0;95.4938076773703;_a3_;{'d0': {'_a3_': -0.48580218107789874, '_a0_': 1.0, '_a1_': 1.0, '_a2_': 1.0, '_a4_': 1.0, '_a5_': 1.0, '_a6_': 1.0, '_a7_': 1.0}};{'d0': 73.92982010994939};190.987615354741;0.0
1;95.4938076773703;_a3_;{'d0': {'_a3_': -0.48580218107789874, '_a0_': 1.0, '_a1_': 1.0, '_a2_': 1.0, '_a4_': 1.0, '_a5_': 1.0, '_a6_': 1.0, '_a7_': 1.0}};{'d0': 73.92982010994939};190.987615354741;0.0
2;95.4938076773703;_a3_;{'d0': {'_a3_': -0.48580218107789874, '_a0_': 1.0, '_a1_': 1.0, '_a2_': 1.0, '_a4_': 1.0, '_a5_': 1.0, '_a6_': 1.0, '_a7_': 1.0}};{'d0': 73.92982010994939};190.987615354741;0.0
3;95.4938076773703;_a3_;{'d0': {'_a3_': -0.48580218107789874, '_a0_': 1.0, '_a1_': 1.0, '_a2_': 1.0, '_a4_': 1.0, '_a5_': 1.0, '_a6_': 1.0, '_a7_': 1.0}};{'d0': 73.92982010994939};190.987615354741;0.0
4;95.4938076773703;_a3_;{'d0': {'_a3_': -0.48580218107789874, '_a0_': 1.0, '_a1_': 1.0, '_a2_': 1.0, '_a4_': 1.0, '_a5_': 1.0, '_a6_': 1.0, '_a7_': 1.0}};{'d0': 73.92982010994939};190.987615354741;0.0
5;95.4938076773703;_a3_;{'d0': {'_a3_': -0.48580218107789874, '_a0_': 1.0, '_a1_': 1.0, '_a2_': 1.0, '_a4_': 1.0, '_a5_': 1.0, '_a6_': 1.0, '_a7_': 1.0}};{'d0': 73.92982010994939};190.987615354741;0.0
6;95.4938076773703;_a3_;{'d0': {'_a3_': -0.48580218107789874, '_a0_': 1.0, '_a1_': 1.0, '_a2_': 1.0, '_a4_': 1.0, '_a5_': 1.0, '_a6_': 1.0, '_a7_': 1.0}};{'d0': 73.92982010994939};190.987615354741;0.0
7;95.4938076773703;_a3_;{'d0': {'_a3_': -0.48580218107789874, '_a0_': 1.0, '_a1_': 1.0, '_a2_': 1.0, '_a4_': 1.0, '_a5_': 1.0, '_a6_': 1.0, '_a7_': 1.0}};{'d0': 73.92982010994939};190.987615354741;0.0
8;95.4938076773703;_a3_;{'d0': {'_a3_': -0.48580218107789874, '_a0_': 1.0, '_a1_': 1.0, '_a2_': 1.0, '_a4_': 1.0, '_a5_': 1.0, '_a6_': 1.0, '_a7_': 1.0}};{'d0': 73.92982010994939};190.987615354741;0.0
9;95.4938076773703;_a3_;{'d0': {'_a3_': -0.48580218107789874, '_a0_': 1.0, '_a1_': 1.0, '_a2_': 1.0, '_a4_': 1.0, '_a5_': 1.0, '_a6_': 1.0, '_a7_': 1.0}};{'d0': 73.92982010994939};190.987615354741;0.0
10;95.4938076773703;_a3_;{'d0': {'_a3_': -0.48580218107789874, '_a0_': 1.0, '_a1_': 1.0, '_a2_': 1.0, '_a4_': 1.0, '_a5_': 1.0, '_a6_': 1.0, '_a7_': 1.0}};{'d0': 73.92982010994939};190.987615354741;0.0
11;95.4938076773703;_a3_;{'d0': {'_a3_': -0.48580218107789874, '_a0_': 1.0, '_a1_': 1.0, '_a2_': 1.0, '_a4_': 1.0, '_a5_': 1.0, '_a6_': 1.0, '_a7_': 1.0}};{'d0': 73.92982010994939};190.987615354741;0.0
12;95.4938076773703;_a3_;{'d0': {'_a3_': -0.48580218107789874, '_a0_': 1.0, '_a1_': 1.0, '_a2_': 1.0, '_a4_': 1.0, '_a5_': 1.0, '_a6_': 1.0, '_a7_': 1.0}};{'d0': 73.92982010994939};190.987615354741;0.0
13;95.4938076773703;_a3_;{'d0': {'_a3_': -0.48580218107789874, '_a0_': 1.0, '_a1_': 1.0, '_a2_': 1.0, '_a4_': 1.0, '_a5_': 1.0, '_a6_': 1.0, '_a7_': 1.0}};{'d0': 73.92982010994939};190.987615354741;0.0
14;68.1437570025673;x;{'d0': {'_a3_': 1.0, '_a0_': 1.0, '_a1_': 1.0, '_a2_': 1.0, '_a4_': 1.0, '_a5_': 1.0, '_a6_': 1.0, '_a7_': 1.0}};{'d0': 31.807018930889317};136.287514005135;0.0
15;68.1437570025673;x;{'d0': {'_a3_': 1.0, '_a0_': 1.0, '_a1_': 1.0, '_a2_': 1.0, '_a4_': 1.0, '_a5_': 1.0, '_a6_': 1.0, '_a7_': 1.0}};{'d0': 31.807018930889317};136.287514005135;0.0
16;68.1437570025673;x;{'d0': {'_a3_': 1.0, '_a0_': 1.0, '_a1_': 1.0, '_a2_': 1.0, '_a4_': 1.0, '_a5_': 1.0, '_a6_': 1.0, '_a7_': 1.0}};{'d0': 31.807018930889317};136.287514005135;0.0
17;68.1437570025673;x;{'d0': {'_a3_': 1.0, '_a0_': 1.0, '_a1_': 1.0, '_a2_': 1.0, '_a4_': 1.0, '_a5_': 1.0, '_a6_': 1.0, '_a7_': 1.0}};{'d0': 31.807018930889317};136.287514005135;0.0
18;68.1437570025673;x;{'d0': {'_a3_': 1.0, '_a0_': 1.0, '_a1_': 1.0, '_a2_': 1.0, '_a4_': 1.0, '_a5_': 1.0, '_a6_': 1.0, '_a7_': 1.0}};{'d0': 31.807018930889317};136.287514005135;0.0
19;68.1437570025673;x;{'d0': {'_a3_': 1.0, '_a0_': 1.0, '_a1_': 1.0, '_a2_': 1.0, '_a4_': 1.0, '_a5_': 1.0, '_a6_': 1.0, '_a7_': 1.0}};{'d0': 31.807018930889317};136.287514005135;0.0
20;68.1437570025673;x;{'d0': {'_a3_': 1.0, '_a0_': 1.0, '_a1_': 1.0, '_a2_': 1.0, '_a4_': 1.0, '_a5_': 1.0, '_a6_': 1.0, '_a7_': 1.0}};{'d0': 31.807018930889317};136.287514005135;0.0
21;68.1437570025673;x;{'d0': {'_a3_': 1.0, '_a0_': 1.0, '_a1_': 1.0, '_a2_': 1.0, '_a4_': 1.0, '_a5_': 1.0, '_a6_': 1.0, '_a7_': 1.0}};{'d0': 31.807018930889317};136.287514005135;0.0
22;68.1437570025673;x;{'d0': {'_a3_': 1.0, '_a0_': 1.0, '_a1_': 1.0, '_a2_': 1.0, '_a4_': 1.0, '_a5_': 1.0, '_a6_': 1.0, '_a7_': 1.0}};{'d0': 31.807018930889317};136.287514005135;0.0
23;68.1437570025673;x;{'d0': {'_a3_': 1.0, '_a0_': 1.0, '_a1_': 1.0, '_a2_': 1.0, '_a4_': 1.0, '_a5_': 1.0, '_a6_': 1.0, '_a7_': 1.0}};{'d0': 31.807018930889317};136.287514005135;0.0
24;68.1437570025673;x;{'d0': {'_a3_': 1.0, '_a0_': 1.0, '_a1_': 1.0, '_a2_': 1.0, '_a4_': 1.0, '_a5_': 1.0, '_a6_': 1.0, '_a7_': 1.0}};{'d0': 31.807018930889317};136.287514005135;0.0
25;68.1437570025673;x;{'d0': {'_a3_': 1.0, '_a0_': 1.0, '_a1_': 1.0, '_a2_': 1.0, '_a4_': 1.0, '_a5_': 1.0, '_a6_': 1.0, '_a7_': 1.0}};{'d0': 31.807018930889317};136.287514005135;0.0
26;68.1437570025673;x;{'d0': {'_a3_': 1.0, '_a0_': 1.0, '_a1_': 1.0, '_a2_': 1.0, '_a4_': 1.0, '_a5_': 1.0, '_a6_': 1.0, '_a7_': 1.0}};{'d0': 31.807018930889317};136.287514005135;0.0
27;68.1437570025673;x;{'d0': {'_a3_': 1.0, '_a0_': 1.0, '_a1_': 1.0, '_a2_': 1.0, '_a4_': 1.0, '_a5_': 1.0, '_a6_': 1.0, '_a7_': 1.0}};{'d0': 31.807018930889317};136.287514005135;0.0
28;68.1437570025673;x;{'d0': {'_a3_': 1.0, '_a0_': 1.0, '_a1_': 1.0, '_a2_': 1.0, '_a4_': 1.0, '_a5_': 1.0, '_a6_': 1.0, '_a7_': 1.0}};{'d0': 31.807018930889317};136.287514005135;0.0
29;68.1437570025673;x;{'d0': {'_a3_': 1.0, '_a0_': 1.0, '_a1_': 1.0, '_a2_': 1.0, '_a4_': 1.0, '_a5_': 1.0, '_a6_': 1.0, '_a7_': 1.0}};{'d0': 31.807018930889317};136.287514005135;0.0
30;68.1437570025673;x;{'d0': {'_a3_': 1.0, '_a0_': 1.0, '_a1_': 1.0, '_a2_': 1.0, '_a4_': 1.0, '_a5_': 1.0, '_a6_': 1.0, '_a7_': 1.0}};{'d0': 31.807018930889317};136.287514005135;0.0
31;68.1437570025673;x;{'d0': {'_a3_': 1.0, '_a0_': 1.0, '_a1_': 1.0, '_a2_': 1.0, '_a4_': 1.0, '_a5_': 1.0, '_a6_': 1.0, '_a7_': 1.0}};{'d0': 31.807018930889317};136.287514005135;0.0
32;68.1437570025673;x;{'d0': {'_a3_': 1.0, '_a0_': 1.0, '_a1_': 1.0, '_a2_': 1.0, '_a4_': 1.0, '_a5_': 1.0, '_a6_': 1.0, '_a7_': 1.0}};{'d0': 31.807018930889317};136.287514005135;0.0
33;68.1437570025673;x;{'d0': {'_a3_': 1.0, '_a0_': 1.0, '_a1_': 1.0, '_a2_': 1.0, '_a4_': 1.0, '_a5_': 1.0, '_a6_': 1.0, '_a7_': 1.0}};{'d0': 31.807018930889317};136.287514005135;0.0
34;68.1437570025673;x;{'d0': {'_a3_': 1.0, '_a0_': 1.0, '_a1_': 1.0, '_a2_': 1.0, '_a4_': 1.0, '_a5_': 1.0, '_a6_': 1.0, '_a7_': 1.0}};{'d0': 31.807018930889317};136.287514005135;0.0
35;68.1437570025673;x;{'d0': {'_a3_': 1.0, '_a0_': 1.0, '_a1_': 1.0, '_a2_': 1.0, '_a4_': 1.0, '_a5_': 1.0, '_a6_': 1.0, '_a7_': 1.0}};{'d0': 31.807018930889317};136.287514005135;0.0
36;68.1437570025673;x;{'d0': {'_a3_': 1.0, '_a0_': 1.0, '_a1_': 1.0, '_a2_': 1.0, '_a4_': 1.0, '_a5_': 1.0, '_a6_': 1.0, '_a7_': 1.0}};{'d0': 31.807018930889317};136.287514005135;0.0
37;68.1437570025673;x;{'d0': {'_a3_': 1.0, '_a0_': 1.0, '_a1_': 1.0, '_a2_': 1.0, '_a4_': 1.0, '_a5_': 1.0, '_a6_': 1.0, '_a7_': 1.0}};{'d0': 31.807018930889317};136.287514005135;0.0
38;68.1437570025673;x;{'d0': {'_a3_': 1.0, '_a0_': 1.0, '_a1_': 1.0, '_a2_': 1.0, '_a4_': 1.0, '_a5_': 1.0, '_a6_': 1.0, '_a7_': 1.0}};{'d0': 31.807018930889317};136.287514005135;0.0
39;68.1437570025673;x;{'d0': {'_a3_': 1.0, '_a0_': 1.0, '_a1_': 1.0, '_a2_': 1.0, '_a4_': 1.0, '_a5_': 1.0, '_a6_': 1.0, '_a7_': 1.0}};{'d0': 31.807018930889317};136.287514005135;0.0
40;68.1437570025673;x;{'d0': {'_a3_': 1.0, '_a0_': 1.0, '_a1_': 1.0, '_a2_': 1.0, '_a4_': 1.0, '_a5_': 1.0, '_a6_': 1.0, '_a7_': 1.0}};{'d0': 31.807018930889317};136.287514005135;0.0
41;68.1437570025673;x;{'d0': {'_a3_': 1.0, '_a0_': 1.0, '_a1_': 1.0, '_a2_': 1.0, '_a4_': 1.0, '_a5_': 1.0, '_a6_': 1.0, '_a7_': 1.0}};{'d0': 31.807018930889317};136.287514005135;0.0
42;68.1437570025673;x;{'d0': {'_a3_': 1.0, '_a0_': 1.0, '_a1_': 1.0, '_a2_': 1.0, '_a4_': 1.0, '_a5_': 1.0, '_a6_': 1.0, '_a7_': 1.0}};{'d0': 31.807018930889317};136.287514005135;0.0
43;68.1437570025673;x;{'d0': {'_a3_': 1.0, '_a0_': 1.0, '_a1_': 1.0, '_a2_': 1.0, '_a4_': 1.0, '_a5_': 1.0, '_a6_': 1.0, '_a7_': 1.0}};{'d0': 31.807018930889317};136.287514005135;0.0
44;68.1437570025673;x;{'d0': {'_a3_': 1.0, '_a0_': 1.0, '_a1_': 1.0, '_a2_': 1.0, '_a4_': 1.0, '_a5_': 1.0, '_a6_': 1.0, '_a7_': 1.0}};{'d0': 31.807018930889317};136.287514005135;0.0
45;68.1437570025673;x;{'d0': {'_a3_': 1.0, '_a0_': 1.0, '_a1_': 1.0, '_a2_': 1.0, '_a4_': 1.0, '_a5_': 1.0, '_a6_': 1.0, '_a7_': 1.0}};{'d0': 31.807018930889317};136.287514005135;0.0
46;68.1437570025673;x;{'d0': {'_a3_': 1.0, '_a0_': 1.0, '_a1_': 1.0, '_a2_': 1.0, '_a4_': 1.0, '_a5_': 1.0, '_a6_': 1.0, '_a7_': 1.0}};{'d0': 31.807018930889317};136.287514005135;0.0
47;68.1437570025673;x;{'d0': {'_a3_': 1.0, '_a0_': 1.0, '_a1_': 1.0, '_a2_': 1.0, '_a4_': 1.0, '_a5_': 1.0, '_a6_': 1.0, '_a7_': 1.0}};{'d0': 31.807018930889317};136.287514005135;0.0
48;68.1437570025673;x;{'d0': {'_a3_': 1.0, '_a0_': 1.0, '_a1_': 1.0, '_a2_': 1.0, '_a4_': 1.0, '_a5_': 1.0, '_a6_': 1.0, '_a7_': 1.0}};{'d0': 31.807018930889317};136.287514005135;0.0
49;68.1437570025673;x;{'d0': {'_a3_': 1.0, '_a0_': 1.0, '_a1_': 1.0, '_a2_': 1.0, '_a4_': 1.0, '_a5_': 1.0, '_a6_': 1.0, '_a7_': 1.0}};{'d0': 31.807018930889317};136.287514005135;0.0
50;68.1437570025673;x;{'d0': {'_a3_': 1.0, '_a0_': 1.0, '_a1_': 1.0, '_a2_': 1.0, '_a4_': 1.0, '_a5_': 1.0, '_a6_': 1.0, '_a7_': 1.0}};{'d0': 31.807018930889317};136.287514005135;0.0
51;68.1437570025673;x;{'d0': {'_a3_': 1.0, '_a0_': 1.0, '_a1_': 1.0, '_a2_': 1.0, '_a4_': 1.0, '_a5_': 1.0, '_a6_': 1.0, '_a7_': 1.0}};{'d0': 31.807018930889317};136.287514005135;0.0
52;68.1437570025673;x;{'d0': {'_a3_': 1.0, '_a0_': 1.0, '_a1_': 1.0, '_a2_': 1.0, '_a4_': 1.0, '_a5_': 1.0, '_a6_': 1.0, '_a7_': 1.0}};{'d0': 31.807018930889317};136.287514005135;0.0
53;68.1437570025673;x;{'d0': {'_a3_': 1.0, '_a0_': 1.0, '_a1_': 1.0, '_a2_': 1.0, '_a4_': 1.0, '_a5_': 1.0, '_a6_': 1.0, '_a7_': 1.0}};{'d0': 31.807018930889317};136.287514005135;0.0
54;68.1437570025673;x;{'d0': {'_a3_': 1.0, '_a0_': 1.0, '_a1_': 1.0, '_a2_': 1.0, '_a4_': 1.0, '_a5_': 1.0, '_a6_': 1.0, '_a7_': 1.0}};{'d0': 31.807018930889317};136.287514005135;0.0
55;68.1437570025673;x;{'d0': {'_a3_': 1.0, '_a0_': 1.0, '_a1_': 1.0, '_a2_': 1.0, '_a4_': 1.0, '_a5_': 1.0, '_a6_': 1.0, '_a7_': 1.0}};{'d0': 31.807018930889317};136.287514005135;0.0
56;68.1437570025673;x;{'d0': {'_a3_': 1.0, '_a0_': 1.0, '_a1_': 1.0, '_a2_': 1.0, '_a4_': 1.0, '_a5_': 1.0, '_a6_': 1.0, '_a7_': 1.0}};{'d0': 31.807018930889317};136.287514005135;0.0
57;68.1437570025673;x;{'d0': {'_a3_': 1.0, '_a0_': 1.0, '_a1_': 1.0, '_a2_': 1.0, '_a4_': 1.0, '_a5_': 1.0, '_a6_': 1.0, '_a7_': 1.0}};{'d0': 31.807018930889317};136.287514005135;0.0
58;68.1437570025673;x;{'d0': {'_a3_': 1.0, '_a0_': 1.0, '_a1_': 1.0, '_a2_': 1.0, '_a4_': 1.0, '_a5_': 1.0, '_a6_': 1.0, '_a7_': 1.0}};{'d0': 31.807018930889317};136.287514005135;0.0
59;68.1437570025673;x;{'d0': {'_a3_': 1.0, '_a0_': 1.0, '_a1_': 1.0, '_a2_': 1.0, '_a4_': 1.0, '_a5_': 1.0, '_a6_': 1.0, '_a7_': 1.0}};{'d0': 31.807018930889317};136.287514005135;0.0
60;68.1437570025673;x;{'d0': {'_a3_': 1.0, '_a0_': 1.0, '_a1_': 1.0, '_a2_': 1.0, '_a4_': 1.0, '_a5_': 1.0, '_a6_': 1.0, '_a7_': 1.0}};{'d0': 31.807018930889317};136.287514005135;0.0
61;68.1437570025673;x;{'d0': {'_a3_': 1.0, '_a0_': 1.0, '_a1_': 1.0, '_a2_': 1.0, '_a4_': 1.0, '_a5_': 1.0, '_a6_': 1.0, '_a7_': 1.0}};{'d0': 31.807018930889317};136.287514005135;0.0
62;68.1437570025673;x;{'d0': {'_a3_': 1.0, '_a0_': 1.0, '_a1_': 1.0, '_a2_': 1.0, '_a4_': 1.0, '_a5_': 1.0, '_a6_': 1.0, '_a7_': 1.0}};{'d0': 31.807018930889317};136.287514005135;0.0
63;68.1437570025673;x;{'d0': {'_a3_': 1.0, '_a0_': 1.0, '_a1_': 1.0, '_a2_': 1.0, '_a4_': 1.0, '_a5_': 1.0, '_a6_': 1.0, '_a7_': 1.0}};{'d0': 31.807018930889317};136.287514005135;0.0
64;68.1437570025673;x;{'d0': {'_a3_': 1.0, '_a0_': 1.0, '_a1_': 1.0, '_a2_': 1.0, '_a4_': 1.0, '_a5_': 1.0, '_a6_': 1.0, '_a7_': 1.0}};{'d0': 31.807018930889317};136.287514005135;0.0
65;68.1437570025673;x;{'d0': {'_a3_': 1.0, '_a0_': 1.0, '_a1_': 1.0, '_a2_': 1.0, '_a4_': 1.0, '_a5_': 1.0, '_a6_': 1.0, '_a7_': 1.0}};{'d0': 31.807018930889317};136.287514005135;0.0
66;68.1437570025673;x;{'d0': {'_a3_': 1.0, '_a0_': 1.0, '_a1_': 1.0, '_a2_': 1.0, '_a4_': 1.0, '_a5_': 1.0, '_a6_': 1.0, '_a7_': 1.0}};{'d0': 31.807018930889317};136.287514005135;0.0
67;68.1437570025673;x;{'d0': {'_a3_': 1.0, '_a0_': 1.0, '_a1_': 1.0, '_a2_': 1.0, '_a4_': 1.0, '_a5_': 1.0, '_a6_': 1.0, '_a7_': 1.0}};{'d0': 31.807018930889317};136.287514005135;0.0
68;68.1437570025673;x;{'d0': {'_a3_': 1.0, '_a0_': 1.0, '_a1_': 1.0, '_a2_': 1.0, '_a4_': 1.0, '_a5_': 1.0, '_a6_': 1.0, '_a7_': 1.0}};{'d0': 31.807018930889317};136.287514005135;0.0
69;68.1437570025673;x;{'d0': {'_a3_': 1.0, '_a0_': 1.0, '_a1_': 1.0, '_a2_': 1.0, '_a4_': 1.0, '_a5_': 1.0, '_a6_': 1.0, '_a7_': 1.0}};{'d0': 31.807018930889317};136.287514005135;0.0
70;68.1437570025673;x;{'d0': {'_a3_': 1.0, '_a0_': 1.0, '_a1_': 1.0, '_a2_': 1.0, '_a4_': 1.0, '_a5_': 1.0, '_a6_': 1.0, '_a7_': 1.0}};{'d0': 31.807018930889317};136.287514005135;0.0
71;68.1437570025673;x;{'d0': {'_a3_': 1.0, '_a0_': 1.0, '_a1_': 1.0, '_a2_': 1.0, '_a4_': 1.0, '_a5_': 1.0, '_a6_': 1.0, '_a7_': 1.0}};{'d0': 31.807018930889317};136.287514005135;0.0
72;68.1437570025673;x;{'d0': {'_a3_': 1.0, '_a0_': 1.0, '_a1_': 1.0, '_a2_': 1.0, '_a4_': 1.0, '_a5_': 1.0, '_a6_': 1.0, '_a7_': 1.0}};{'d0': 31.807018930889317};136.287514005135;0.0
73;68.1437570025673;x;{'d0': {'_a3_': 1.0, '_a0_': 1.0, '_a1_': 1.0, '_a2_': 1.0, '_a4_': 1.0, '_a5_': 1.0, '_a6_': 1.0, '_a7_': 1.0}};{'d0': 31.807018930889317};136.287514005135;0.0
74;68.1437570025673;x;{'d0': {'_a3_': 1.0, '_a0_': 1.0, '_a1_': 1.0, '_a2_': 1.0, '_a4_': 1.0, '_a5_': 1.0, '_a6_': 1.0, '_a7_': 1.0}};{'d0': 31.807018930889317};136.287514005135;0.0
75;68.1437570025673;x;{'d0': {'_a3_': 1.0, '_a0_': 1.0, '_a1_': 1.0, '_a2_': 1.0, '_a4_': 1.0, '_a5_': 1.0, '_a6_': 1.0, '_a7_': 1.0}};{'d0': 31.807018930889317};136.287514005135;0.0
76;68.1437570025673;x;{'d0': {'_a3_': 1.0, '_a0_': 1.0, '_a1_': 1.0, '_a2_': 1.0, '_a4_': 1.0, '_a5_': 1.0, '_a6_': 1.0, '_a7_': 1.0}};{'d0': 31.807018930889317};136.287514005135;0.0
77;68.1437570025673;x;{'d0': {'_a3_': 1.0, '_a0_': 1.0, '_a1_': 1.0, '_a2_': 1.0, '_a4_': 1.0, '_a5_': 1.0, '_a6_': 1.0, '_a7_': 1.0}};{'d0': 31.807018930889317};136.287514005135;0.0
78;68.1437570025673;x;{'d0': {'_a3_': 1.0, '_a0_': 1.0, '_a1_': 1.0, '_a2_': 1.0, '_a4_': 1.0, '_a5_': 1.0, '_a6_': 1.0, '_a7_': 1.0}};{'d0': 31.807018930889317};136.287514005135;0.0
79;68.1437570025673;x;{'d0': {'_a3_': 1.0, '_a0_': 1.0, '_a1_': 1.0, '_a2_': 1.0, '_a4_': 1.0, '_a5_': 1.0, '_a6_': 1.0, '_a7_': 1.0}};{'d0': 31.807018930889317};136.287514005135;0.0
80;68.1437570025673;x;{'d0': {'_a3_': 1.0, '_a0_': 1.0, '_a1_': 1.0, '_a2_': 1.0, '_a4_': 1.0, '_a5_': 1.0, '_a6_': 1.0, '_a7_': 1.0}};{'d0': 31.807018930889317};136.287514005135;0.0
81;68.1437570025673;x;{'d0': {'_a3_': 1.0, '_a0_': 1.0, '_a1_': 1.0, '_a2_': 1.0, '_a4_': 1.0, '_a5_': 1.0, '_a6_': 1.0, '_a7_': 1.0}};{'d0': 31.807018930889317};136.287514005135;0.0
82;68.1437570025673;x;{'d0': {'_a3_': 1.0, '_a0_': 1.0, '_a1_': 1.0, '_a2_': 1.0, '_a4_': 1.0, '_a5_': 1.0, '_a6_': 1.0, '_a7_': 1.0}};{'d0': 31.807018930889317};136.287514005135;0.0
83;68.1437570025673;x;{'d0': {'_a3_': 1.0, '_a0_': 1.0, '_a1_': 1.0, '_a2_': 1.0, '_a4_': 1.0, '_a5_': 1.0, '_a6_': 1.0, '_a7_': 1.0}};{'d0': 31.807018930889317};136.287514005135;0.0
84;68.1437570025673;x;{'d0': {'_a3_': 1.0, '_a0_': 1.0, '_a1_': 1.0, '_a2_': 1.0, '_a4_': 1.0, '_a5_': 1.0, '_a6_': 1.0, '_a7_': 1.0}};{'d0': 31.807018930889317};136.287514005135;0.0
85;68.1437570025673;x;{'d0': {'_a3_': 1.0, '_a0_': 1.0, '_a1_': 1.0, '_a2_': 1.0, '_a4_': 1.0, '_a5_': 1.0, '_a6_': 1.0, '_a7_': 1.0}};{'d0': 31.807018930889317};136.287514005135;0.0
86;68.1437570025673;x;{'d0': {'_a3_': 1.0, '_a0_': 1.0, '_a1_': 1.0, '_a2_': 1.0, '_a4_': 1.0, '_a5_': 1.0, '_a6_': 1.0, '_a7_': 1.0}};{'d0': 31.807018930889317};136.287514005135;0.0
87;68.1437570025673;x;{'d0': {'_a3_': 1.0, '_a0_': 1.0, '_a1_': 1.0, '_a2_': 1.0, '_a4_': 1.0, '_a5_': 1.0, '_a6_': 1.0, '_a7_': 1.0}};{'d0': 31.807018930889317};136.287514005135;0.0
88;68.1437570025673;x;{'d0': {'_a3_': 1.0, '_a0_': 1.0, '_a1_': 1.0, '_a2_': 1.0, '_a4_': 1.0, '_a5_': 1.0, '_a6_': 1.0, '_a7_': 1.0}};{'d0': 31.807018930889317};136.287514005135;0.0
89;68.1437570025673;x;{'d0': {'_a3_': 1.0, '_a0_': 1.0, '_a1_': 1.0, '_a2_': 1.0, '_a4_': 1.0, '_a5_': 1.0, '_a6_': 1.0, '_a7_': 1.0}};{'d0': 31.807018930889317};136.287514005135;0.0
90;68.1437570025673;x;{'d0': {'_a3_': 1.0, '_a0_': 1.0, '_a1_': 1.0, '_a2_': 1.0, '_a4_': 1.0, '_a5_': 1.0, '_a6_': 1.0, '_a7_': 1.0}};{'d0': 31.807018930889317};136.287514005135;0.0
91;68.1437570025673;x;{'d0': {'_a3_': 1.0, '_a0_': 1.0, '_a1_': 1.0, '_a2_': 1.0, '_a4_': 1.0, '_a5_': 1.0, '_a6_': 1.0, '_a7_': 1.0}};{'d0': 31.807018930889317};136.287514005135;0.0
92;68.1437570025673;x;{'d0': {'_a3_': 1.0, '_a0_': 1.0, '_a1_': 1.0, '_a2_': 1.0, '_a4_': 1.0, '_a5_': 1.0, '_a6_': 1.0, '_a7_': 1.0}};{'d0': 31.807018930889317};136.287514005135;0.0
93;68.1437570025673;x;{'d0': {'_a3_': 1.0, '_a0_': 1.0, '_a1_': 1.0, '_a2_': 1.0, '_a4_': 1.0, '_a5_': 1.0, '_a6_': 1.0, '_a7_': 1.0}};{'d0': 31.807018930889317};136.287514005135;0.0
94;68.1437570025673;x;{'d0': {'_a3_': 1.0, '_a0_': 1.0, '_a1_': 1.0, '_a2_': 1.0, '_a4_': 1.0, '_a5_': 1.0, '_a6_': 1.0, '_a7_': 1.0}};{'d0': 31.807018930889317};136.287514005135;0.0
95;68.1437570025673;x;{'d0': {'_a3_': 1.0, '_a0_': 1.0, '_a1_': 1.0, '_a2_': 1.0, '_a4_': 1.0, '_a5_': 1.0, '_a6_': 1.0, '_a7_': 1.0}};{'d0': 31.807018930889317};136.287514005135;0.0
96;68.1437570025673;x;{'d0': {'_a3_': 1.0, '_a0_': 1.0, '_a1_': 1.0, '_a2_': 1.0, '_a4_': 1.0, '_a5_': 1.0, '_a6_': 1.0, '_a7_': 1.0}};{'d0': 31.807018930889317};136.287514005135;0.0
97;68.1437570025673;x;{'d0': {'_a3_': 1.0, '_a0_': 1.0, '_a1_': 1.0, '_a2_': 1.0, '_a4_': 1.0, '_a5_': 1.0, '_a6_': 1.0, '_a7_': 1.0}};{'d0': 31.807018930889317};136.287514005135;0.0
98;68.1437570025673;x;{'d0': {'_a3_': 1.0, '_a0_': 1.0, '_a1_': 1.0, '_a2_': 1.0, '_a4_': 1.0, '_a5_': 1.0, '_a6_': 1.0, '_a7_': 1.0}};{'d0': 31.807018930889317};136.287514005135;0.0
99;68.1437570025673;x;{'d0': {'_a3_': 1.0, '_a0_': 1.0, '_a1_': 1.0, '_a2_': 1.0, '_a4_': 1.0, '_a5_': 1.0, '_a6_': 1.0, '_a7_': 1.0}};{'d0': 31.807018930889317};136.287514005135;0.0
100;68.1437570025673;x;{'d0': {'_a3_': 1.0, '_a0_': 1.0, '_a1_': 1.0, '_a2_': 1.0, '_a4_': 1.0, '_a5_': 1.0, '_a6_': 1.0, '_a7_': 1.0}};{'d0': 31.807018930889317};136.287514005135;0.0
101;68.1437570025673;x;{'d0': {'_a3_': 1.0, '_a0_': 1.0, '_a1_': 1.0, '_a2_': 1.0, '_a4_': 1.0, '_a5_': 1.0, '_a6_': 1.0, '_a7_': 1.0}};{'d0': 31.807018930889317};136.287514005135;0.0
102;68.1437570025673;x;{'d0': {'_a3_': 1.0, '_a0_': 1.0, '_a1_': 1.0, '_a2_': 1.0, '_a4_': 1.0, '_a5_': 1.0, '_a6_': 1.0, '_a7_': 1.0}};{'d0': 31.807018930889317};136.287514005135;0.0
103;68.1437570025673;x;{'d0': {'_a3_': 1.0, '_a0_': 1.0, '_a1_': 1.0, '_a2_': 1.0, '_a4_': 1.0, '_a5_': 1.0, '_a6_': 1.0, '_a7_': 1.0}};{'d0': 31.807018930889317};136.287514005135;0.0
104;68.1437570025673;x;{'d0': {'_a3_': 1.0, '_a0_': 1.0, '_a1_': 1.0, '_a2_': 1.0, '_a4_': 1.0, '_a5_': 1.0, '_a6_': 1.0, '_a7_': 1.0}};{'d0': 31.807018930889317};136.287514005135;0.0
105;68.1437570025673;x;{'d0': {'_a3_': 1.0, '_a0_': 1.0, '_a1_': 1.0, '_a2_': 1.0, '_a4_': 1.0, '_a5_': 1.0, '_a6_': 1.0, '_a7_': 1.0}};{'d0': 31.807018930889317};136.287514005135;0.0
106;68.1437570025673;x;{'d0': {'_a3_': 1.0, '_a0_': 1.0, '_a1_': 1.0, '_a2_': 1.0, '_a4_': 1.0, '_a5_': 1.0, '_a6_': 1.0, '_a7_': 1.0}};{'d0': 31.807018930889317};136.287514005135;0.0
107;68.1437570025673;x;{'d0': {'_a3_': 1.0, '_a0_': 1.0, '_a1_': 1.0, '_a2_': 1.0, '_a4_': 1.0, '_a5_': 1.0, '_a6_': 1.0, '_a7_': 1.0}};{'d0': 31.807018930889317};136.287514005135;0.0
108;68.1437570025673;x;{'d0': {'_a3_': 1.0, '_a0_': 1.0, '_a1_': 1.0, '_a2_': 1.0, '_a4_': 1.0, '_a5_': 1.0, '_a6_': 1.0, '_a7_': 1.0}};{'d0': 31.807018930889317};136.287514005135;0.0
109;68.1437570025673;x;{'d0': {'_a3_': 1.0, '_a0_': 1.0, '_a1_': 1.0, '_a2_': 1.0, '_a4_': 1.0, '_a5_': 1.0, '_a6_': 1.0, '_a7_': 1.0}};{'d0': 31.807018930889317};136.287514005135;0.0
110;68.1437570025673;x;{'d0': {'_a3_': 1.0, '_a0_': 1.0, '_a1_': 1.0, '_a2_': 1.0, '_a4_': 1.0, '_a5_': 1.0, '_a6_': 1.0, '_a7_': 1.0}};{'d0': 31.807018930889317};136.287514005135;0.0
111;68.1437570025673;x;{'d0': {'_a3_': 1.0, '_a0_': 1.0, '_a1_': 1.0, '_a2_': 1.0, '_a4_': 1.0, '_a5_': 1.0, '_a6_': 1.0, '_a7_': 1.0}};{'d0': 31.807018930889317};136.287514005135;0.0
112;68.1437570025673;x;{'d0': {'_a3_': 1.0, '_a0_': 1.0, '_a1_': 1.0, '_a2_': 1.0, '_a4_': 1.0, '_a5_': 1.0, '_a6_': 1.0, '_a7_': 1.0}};{'d0': 31.807018930889317};136.287514005135;0.0
113;68.1437570025673;x;{'d0': {'_a3_': 1.0, '_a0_': 1.0, '_a1_': 1.0, '_a2_': 1.0, '_a4_': 1.0, '_a5_': 1.0, '_a6_': 1.0, '_a7_': 1.0}};{'d0': 31.807018930889317};136.287514005135;0.0
114;68.1437570025673;x;{'d0': {'_a3_': 1.0, '_a0_': 1.0, '_a1_': 1.0, '_a2_': 1.0, '_a4_': 1.0, '_a5_': 1.0, '_a6_': 1.0, '_a7_': 1.0}};{'d0': 31.807018930889317};136.287514005135;0.0
115;68.1437570025673;x;{'d0': {'_a3_': 1.0, '_a0_': 1.0, '_a1_': 1.0, '_a2_': 1.0, '_a4_': 1.0, '_a5_': 1.0, '_a6_': 1.0, '_a7_': 1.0}};{'d0': 31.807018930889317};136.287514005135;0.0
116;68.1437570025673;x;{'d0': {'_a3_': 1.0, '_a0_': 1.0, '_a1_': 1.0, '_a2_': 1.0, '_a4_': 1.0, '_a5_': 1.0, '_a6_': 1.0, '_a7_': 1.0}};{'d0': 31.807018930889317};136.287514005135;0.0
117;68.1437570025673;x;{'d0': {'_a3_': 1.0, '_a0_': 1.0, '_a1_': 1.0, '_a2_': 1.0, '_a4_': 1.0, '_a5_': 1.0, '_a6_': 1.0, '_a7_': 1.0}};{'d0': 31.807018930889317};136.287514005135;0.0
118;68.1437570025673;x;{'d0': {'_a3_': 1.0, '_a0_': 1.0, '_a1_': 1.0, '_a2_': 1.0, '_a4_': 1.0, '_a5_': 1.0, '_a6_': 1.0, '_a7_': 1.0}};{'d0': 31.807018930889317};136.287514005135;0.0
119;68.1437570025673;x;{'d0': {'_a3_': 1.0, '_a0_': 1.0, '_a1_': 1.0, '_a2_': 1.0, '_a4_': 1.0, '_a5_': 1.0, '_a6_': 1.0, '_a7_': 1.0}};{'d0': 31.807018930889317};136.287514005135;0.0
120;68.1437570025673;x;{'d0': {'_a3_': 1.0, '_a0_': 1.0, '_a1_': 1.0, '_a2_': 1.0, '_a4_': 1.0, '_a5_': 1.0, '_a6_': 1.0, '_a7_': 1.0}};{'d0': 31.807018930889317};136.287514005135;0.0
121;68.1437570025673;x;{'d0': {'_a3_': 1.0, '_a0_': 1.0, '_a1_': 1.0, '_a2_': 1.0, '_a4_': 1.0, '_a5_': 1.0, '_a6_': 1.0, '_a7_': 1.0}};{'d0': 31.807018930889317};136.287514005135;0.0
122;68.1437570025673;x;{'d0': {'_a3_': 1.0, '_a0_': 1.0, '_a1_': 1.0, '_a2_': 1.0, '_a4_': 1.0, '_a5_': 1.0, '_a6_': 1.0, '_a7_': 1.0}};{'d0': 31.807018930889317};136.287514005135;0.0
123;68.1437570025673;x;{'d0': {'_a3_': 1.0, '_a0_': 1.0, '_a1_': 1.0, '_a2_': 1.0, '_a4_': 1.0, '_a5_': 1.0, '_a6_': 1.0, '_a7_': 1.0}};{'d0': 31.807018930889317};136.287514005135;0.0
124;68.1437570025673;x;{'d0': {'_a3_': 1.0, '_a0_': 1.0, '_a1_': 1.0, '_a2_': 1.0, '_a4_': 1.0, '_a5_': 1.0, '_a6_': 1.0, '_a7_': 1.0}};{'d0': 31.807018930889317};136.287514005135;0.0
125;68.1437570025673;x;{'d0': {'_a3_': 1.0, '_a0_': 1.0, '_a1_': 1.0, '_a2_': 1.0, '_a4_': 1.0, '_a5_': 1.0, '_a6_': 1.0, '_a7_': 1.0}};{'d0': 31.807018930889317};136.287514005135;0.0
126;68.1437570025673;x;{'d0': {'_a3_': 1.0, '_a0_': 1.0, '_a1_': 1.0, '_a2_': 1.0, '_a4_': 1.0, '_a5_': 1.0, '_a6_': 1.0, '_a7_': 1.0}};{'d0': 31.807018930889317};136.287514005135;0.0
127;68.1437570025673;x;{'d0': {'_a3_': 1.0, '_a0_': 1.0, '_a1_': 1.0, '_a2_': 1.0, '_a4_': 1.0, '_a5_': 1.0, '_a6_': 1.0, '_a7_': 1.0}};{'d0': 31.807018930889317};136.287514005135;0.0
128;68.1437570025673;x;{'d0': {'_a3_': 1.0, '_a0_': 1.0, '_a1_': 1.0, '_a2_': 1.0, '_a4_': 1.0, '_a5_': 1.0, '_a6_': 1.0, '_a7_': 1.0}};{'d0': 31.807018930889317};136.287514005135;0.0
129;68.1437570025673;x;{'d0': {'_a3_': 1.0, '_a0_': 1.0, '_a1_': 1.0, '_a2_': 1.0, '_a4_': 1.0, '_a5_': 1.0, '_a6_': 1.0, '_a7_': 1.0}};{'d0': 31.807018930889317};136.287514005135;0.0
130;68.1437570025673;x;{'d0': {'_a3_': 1.0, '_a0_': 1.0, '_a1_': 1.0, '_a2_': 1.0, '_a4_': 1.0, '_a5_': 1.0, '_a6_': 1.0, '_a7_': 1.0}};{'d0': 31.807018930889317};136.287514005135;0.0
131;68.1437570025673;x;{'d0': {'_a3_': 1.0, '_a0_': 1.0, '_a1_': 1.0, '_a2_': 1.0, '_a4_': 1.0, '_a5_': 1.0, '_a6_': 1.0, '_a7_': 1.0}};{'d0': 31.807018930889317};136.287514005135;0.0
132;68.1437570025673;x;{'d0': {'_a3_': 1.0, '_a0_': 1.0, '_a1_': 1.0, '_a2_': 1.0, '_a4_': 1.0, '_a5_': 1.0, '_a6_': 1.0, '_a7_': 1.0}};{'d0': 31.807018930889317};136.287514005135;0.0
133;68.1437570025673;x;{'d0': {'_a3_': 1.0, '_a0_': 1.0, '_a1_': 1.0, '_a2_': 1.0, '_a4_': 1.0, '_a5_': 1.0, '_a6_': 1.0, '_a7_': 1.0}};{'d0': 31.807018930889317};136.287514005135;0.0
134;68.1437570025673;x;{'d0': {'_a3_': 1.0, '_a0_': 1.0, '_a1_': 1.0, '_a2_': 1.0, '_a4_': 1.0, '_a5_': 1.0, '_a6_': 1.0, '_a7_': 1.0}};{'d0': 31.807018930889317};136.287514005135;0.0
135;68.1437570025673;x;{'d0': {'_a3_': 1.0, '_a0_': 1.0, '_a1_': 1.0, '_a2_': 1.0, '_a4_': 1.0, '_a5_': 1.0, '_a6_': 1.0, '_a7_': 1.0}};{'d0': 31.807018930889317};136.287514005135;0.0
136;68.1437570025673;x;{'d0': {'_a3_': 1.0, '_a0_': 1.0, '_a1_': 1.0, '_a2_': 1.0, '_a4_': 1.0, '_a5_': 1.0, '_a6_': 1.0, '_a7_': 1.0}};{'d0': 31.807018930889317};136.287514005135;0.0
137;68.1437570025673;x;{'d0': {'_a3_': 1.0, '_a0_': 1.0, '_a1_': 1.0, '_a2_': 1.0, '_a4_': 1.0, '_a5_': 1.0, '_a6_': 1.0, '_a7_': 1.0}};{'d0': 31.807018930889317};136.287514005135;0.0
138;68.1437570025673;x;{'d0': {'_a3_': 1.0, '_a0_': 1.0, '_a1_': 1.0, '_a2_': 1.0, '_a4_': 1.0, '_a5_': 1.0, '_a6_': 1.0, '_a7_': 1.0}};{'d0': 31.807018930889317};136.287514005135;0.0
139;68.1437570025673;x;{'d0': {'_a3_': 1.0, '_a0_': 1.0, '_a1_': 1.0, '_a2_': 1.0, '_a4_': 1.0, '_a5_': 1.0, '_a6_': 1.0, '_a7_': 1.0}};{'d0': 31.807018930889317};136.287514005135;0.0
140;68.1437570025673;x;{'d0': {'_a3_': 1.0, '_a0_': 1.0, '_a1_': 1.0, '_a2_': 1.0, '_a4_': 1.0, '_a5_': 1.0, '_a6_': 1.0, '_a7_': 1.0}};{'d0': 31.807018930889317};136.287514005135;0.0
141;68.1437570025673;x;{'d0': {'_a3_': 1.0, '_a0_': 1.0, '_a1_': 1.0, '_a2_': 1.0, '_a4_': 1.0, '_a5_': 1.0, '_a6_': 1.0, '_a7_': 1.0}};{'d0': 31.807018930889317};136.287514005135;0.0
142;68.1437570025673;x;{'d0': {'_a3_': 1.0, '_a0_': 1.0, '_a1_': 1.0, '_a2_': 1.0, '_a4_': 1.0, '_a5_': 1.0, '_a6_': 1.0, '_a7_': 1.0}};{'d0': 31.807018930889317};136.287514005135;0.0
143;68.1437570025673;x;{'d0': {'_a3_': 1.0, '_a0_': 1.0, '_a1_': 1.0, '_a2_': 1.0, '_a4_': 1.0, '_a5_': 1.0, '_a6_': 1.0, '_a7_': 1.0}};{'d0': 31.807018930889317};136.287514005135;0.0
144;68.1437570025673;x;{'d0': {'_a3_': 1.0, '_a0_': 1.0, '_a1_': 1.0, '_a2_': 1.0, '_a4_': 1.0, '_a5_': 1.0, '_a6_': 1.0, '_a7_': 1.0}};{'d0': 31.807018930889317};136.287514005135;0.0
145;68.1437570025673;x;{'d0': {'_a3_': 1.0, '_a0_': 1.0, '_a1_': 1.0, '_a2_': 1.0, '_a4_': 1.0, '_a5_': 1.0, '_a6_': 1.0, '_a7_': 1.0}};{'d0': 31.807018930889317};136.287514005135;0.0
146;68.1437570025673;x;{'d0': {'_a3_': 1.0, '_a0_': 1.0, '_a1_': 1.0, '_a2_': 1.0, '_a4_': 1.0, '_a5_': 1.0, '_a6_': 1.0, '_a7_': 1.0}};{'d0': 31.807018930889317};136.287514005135;0.0
147;68.1437570025673;x;{'d0': {'_a3_': 1.0, '_a0_': 1.0, '_a1_': 1.0, '_a2_': 1.0, '_a4_': 1.0, '_a5_': 1.0, '_a6_': 1.0, '_a7_': 1.0}};{'d0': 31.807018930889317};136.287514005135;0.0
148;68.1437570025673;x;{'d0': {'_a3_': 1.0, '_a0_': 1.0, '_a1_': 1.0, '_a2_': 1.0, '_a4_': 1.0, '_a5_': 1.0, '_a6_': 1.0, '_a7_': 1.0}};{'d0': 31.807018930889317};136.287514005135;0.0
149;68.1437570025673;x;{'d0': {'_a3_': 1.0, '_a0_': 1.0, '_a1_': 1.0, '_a2_': 1.0, '_a4_': 1.0, '_a5_': 1.0, '_a6_': 1.0, '_a7_': 1.0}};{'d0': 31.807018930889317};136.287514005135;0.0
150;68.1437570025673;x;{'d0': {'_a3_': 1.0, '_a0_': 1.0, '_a1_': 1.0, '_a2_': 1.0, '_a4_': 1.0, '_a5_': 1.0, '_a6_': 1.0, '_a7_': 1.0}};{'d0': 31.807018930889317};136.287514005135;0.0
151;68.1437570025673;x;{'d0': {'_a3_': 1.0, '_a0_': 1.0, '_a1_': 1.0, '_a2_': 1.0, '_a4_': 1.0, '_a5_': 1.0, '_a6_': 1.0, '_a7_': 1.0}};{'d0': 31.807018930889317};136.287514005135;0.0
152;68.1437570025673;x;{'d0': {'_a3_': 1.0, '_a0_': 1.0, '_a1_': 1.0, '_a2_': 1.0, '_a4_': 1.0, '_a5_': 1.0, '_a6_': 1.0, '_a7_': 1.0}};{'d0': 31.807018930889317};136.287514005135;0.0
153;68.1437570025673;x;{'d0': {'_a3_': 1.0, '_a0_': 1.0, '_a1_': 1.0, '_a2_': 1.0, '_a4_': 1.0, '_a5_': 1.0, '_a6_': 1.0, '_a7_': 1.0}};{'d0': 31.807018930889317};136.287514005135;0.0
154;68.1437570025673;x;{'d0': {'_a3_': 1.0, '_a0_': 1.0, '_a1_': 1.0, '_a2_': 1.0, '_a4_': 1.0, '_a5_': 1.0, '_a6_': 1.0, '_a7_': 1.0}};{'d0': 31.807018930889317};136.287514005135;0.0
155;68.1437570025673;x;{'d0': {'_a3_': 1.0, '_a0_': 1.0, '_a1_': 1.0, '_a2_': 1.0, '_a4_': 1.0, '_a5_': 1.0, '_a6_': 1.0, '_a7_': 1.0}};{'d0': 31.807018930889317};136.287514005135;0.0
156;68.1437570025673;x;{'d0': {'_a3_': 1.0, '_a0_': 1.0, '_a1_': 1.0, '_a2_': 1.0, '_a4_': 1.0, '_a5_': 1.0, '_a6_': 1.0, '_a7_': 1.0}};{'d0': 31.807018930889317};136.287514005135;0.0
157;68.1437570025673;x;{'d0': {'_a3_': 1.0, '_a0_': 1.0, '_a1_': 1.0, '_a2_': 1.0, '_a4_': 1.0, '_a5_': 1.0, '_a6_': 1.0, '_a7_': 1.0}};{'d0': 31.807018930889317};136.287514005135;0.0
158;68.1437570025673;x;{'d0': {'_a3_': 1.0, '_a0_': 1.0, '_a1_': 1.0, '_a2_': 1.0, '_a4_': 1.0, '_a5_': 1.0, '_a6_': 1.0, '_a7_': 1.0}};{'d0': 31.807018930889317};136.287514005135;0.0
159;68.1437570025673;x;{'d0': {'_a3_': 1.0, '_a0_': 1.0, '_a1_': 1.0, '_a2_': 1.0, '_a4_': 1.0, '_a5_': 1.0, '_a6_': 1.0, '_a7_': 1.0}};{'d0': 31.807018930889317};136.287514005135;0.0
160;68.1437570025673;x;{'d0': {'_a3_': 1.0, '_a0_': 1.0, '_a1_': 1.0, '_a2_': 1.0, '_a4_': 1.0, '_a5_': 1.0, '_a6_': 1.0, '_a7_': 1.0}};{'d0': 31.807018930889317};136.287514005135;0.0
161;68.1437570025673;x;{'d0': {'_a3_': 1.0, '_a0_': 1.0, '_a1_': 1.0, '_a2_': 1.0, '_a4_': 1.0, '_a5_': 1.0, '_a6_': 1.0, '_a7_': 1.0}};{'d0': 31.807018930889317};136.287514005135;0.0
162;68.1437570025673;x;{'d0': {'_a3_': 1.0, '_a0_': 1.0, '_a1_': 1.0, '_a2_': 1.0, '_a4_': 1.0, '_a5_': 1.0, '_a6_': 1.0, '_a7_': 1.0}};{'d0': 31.807018930889317};136.287514005135;0.0
163;68.1437570025673;x;{'d0': {'_a3_': 1.0, '_a0_': 1.0, '_a1_': 1.0, '_a2_': 1.0, '_a4_': 1.0, '_a5_': 1.0, '_a6_': 1.0, '_a7_': 1.0}};{'d0': 31.807018930889317};136.287514005135;0.0
164;68.1437570025673;x;{'d0': {'_a3_': 1.0, '_a0_': 1.0, '_a1_': 1.0, '_a2_': 1.0, '_a4_': 1.0, '_a5_': 1.0, '_a6_': 1.0, '_a7_': 1.0}};{'d0': 31.807018930889317};136.287514005135;0.0
165;68.1437570025673;x;{'d0': {'_a3_': 1.0, '_a0_': 1.0, '_a1_': 1.0, '_a2_': 1.0, '_a4_': 1.0, '_a5_': 1.0, '_a6_': 1.0, '_a7_': 1.0}};{'d0': 31.807018930889317};136.287514005135;0.0
166;68.1437570025673;x;{'d0': {'_a3_': 1.0, '_a0_': 1.0, '_a1_': 1.0, '_a2_': 1.0, '_a4_': 1.0, '_a5_': 1.0, '_a6_': 1.0, '_a7_': 1.0}};{'d0': 31.807018930889317};136.287514005135;0.0
167;68.1437570025673;x;{'d0': {'_a3_': 1.0, '_a0_': 1.0, '_a1_': 1.0, '_a2_': 1.0, '_a4_': 1.0, '_a5_': 1.0, '_a6_': 1.0, '_a7_': 1.0}};{'d0': 31.807018930889317};136.287514005135;0.0
168;68.1437570025673;x;{'d0': {'_a3_': 1.0, '_a0_': 1.0, '_a1_': 1.0, '_a2_': 1.0, '_a4_': 1.0, '_a5_': 1.0, '_a6_': 1.0, '_a7_': 1.0}};{'d0': 31.807018930889317};136.287514005135;0.0
169;68.1437570025673;x;{'d0': {'_a3_': 1.0, '_a0_': 1.0, '_a1_': 1.0, '_a2_': 1.0, '_a4_': 1.0, '_a5_': 1.0, '_a6_': 1.0, '_a7_': 1.0}};{'d0': 31.807018930889317};136.287514005135;0.0
170;68.1437570025673;x;{'d0': {'_a3_': 1.0, '_a0_': 1.0, '_a1_': 1.0, '_a2_': 1.0, '_a4_': 1.0, '_a5_': 1.0, '_a6_': 1.0, '_a7_': 1.0}};{'d0': 31.807018930889317};136.287514005135;0.0
171;68.1437570025673;x;{'d0': {'_a3_': 1.0, '_a0_': 1.0, '_a1_': 1.0, '_a2_': 1.0, '_a4_': 1.0, '_a5_': 1.0, '_a6_': 1.0, '_a7_': 1.0}};{'d0': 31.807018930889317};136.287514005135;0.0
172;68.1437570025673;x;{'d0': {'_a3_': 1.0, '_a0_': 1.0, '_a1_': 1.0, '_a2_': 1.0, '_a4_': 1.0, '_a5_': 1.0, '_a6_': 1.0, '_a7_': 1.0}};{'d0': 31.807018930889317};136.287514005135;0.0
173;68.1437570025673;x;{'d0': {'_a3_': 1.0, '_a0_': 1.0, '_a1_': 1.0, '_a2_': 1.0, '_a4_': 1.0, '_a5_': 1.0, '_a6_': 1.0, '_a7_': 1.0}};{'d0': 31.807018930889317};136.287514005135;0.0
174;68.1437570025673;x;{'d0': {'_a3_': 1.0, '_a0_': 1.0, '_a1_': 1.0, '_a2_': 1.0, '_a4_': 1.0, '_a5_': 1.0, '_a6_': 1.0, '_a7_': 1.0}};{'d0': 31.807018930889317};136.287514005135;0.0
175;68.1437570025673;x;{'d0': {'_a3_': 1.0, '_a0_': 1.0, '_a1_': 1.0, '_a2_': 1.0, '_a4_': 1.0, '_a5_': 1.0, '_a6_': 1.0, '_a7_': 1.0}};{'d0': 31.807018930889317};136.287514005135;0.0
176;68.1437570025673;x;{'d0': {'_a3_': 1.0, '_a0_': 1.0, '_a1_': 1.0, '_a2_': 1.0, '_a4_': 1.0, '_a5_': 1.0, '_a6_': 1.0, '_a7_': 1.0}};{'d0': 31.807018930889317};136.287514005135;0.0
177;68.1437570025673;x;{'d0': {'_a3_': 1.0, '_a0_': 1.0, '_a1_': 1.0, '_a2_': 1.0, '_a4_': 1.0, '_a5_': 1.0, '_a6_': 1.0, '_a7_': 1.0}};{'d0': 31.807018930889317};136.287514005135;0.0
178;68.1437570025673;x;{'d0': {'_a3_': 1.0, '_a0_': 1.0, '_a1_': 1.0, '_a2_': 1.0, '_a4_': 1.0, '_a5_': 1.0, '_a6_': 1.0, '_a7_': 1.0}};{'d0': 31.807018930889317};136.287514005135;0.0
179;68.1437570025673;x;{'d0': {'_a3_': 1.0, '_a0_': 1.0, '_a1_': 1.0, '_a2_': 1.0, '_a4_': 1.0, '_a5_': 1.0, '_a6_': 1.0, '_a7_': 1.0}};{'d0': 31.807018930889317};136.287514005135;0.0
180;68.1437570025673;x;{'d0': {'_a3_': 1.0, '_a0_': 1.0, '_a1_': 1.0, '_a2_': 1.0, '_a4_': 1.0, '_a5_': 1.0, '_a6_': 1.0, '_a7_': 1.0}};{'d0': 31.807018930889317};136.287514005135;0.0
181;68.1437570025673;x;{'d0': {'_a3_': 1.0, '_a0_': 1.0, '_a1_': 1.0, '_a2_': 1.0, '_a4_': 1.0, '_a5_': 1.0, '_a6_': 1.0, '_a7_': 1.0}};{'d0': 31.807018930889317};136.287514005135;0.0
182;68.1437570025673;x;{'d0': {'_a3_': 1.0, '_a0_': 1.0, '_a1_': 1.0, '_a2_': 1.0, '_a4_': 1.0, '_a5_': 1.0, '_a6_': 1.0, '_a7_': 1.0}};{'d0': 31.807018930889317};136.287514005135;0.0
183;68.1437570025673;x;{'d0': {'_a3_': 1.0, '_a0_': 1.0, '_a1_': 1.0, '_a2_': 1.0, '_a4_': 1.0, '_a5_': 1.0, '_a6_': 1.0, '_a7_': 1.0}};{'d0': 31.807018930889317};136.287514005135;0.0
184;68.1437570025673;x;{'d0': {'_a3_': 1.0, '_a0_': 1.0, '_a1_': 1.0, '_a2_': 1.0, '_a4_': 1.0, '_a5_': 1.0, '_a6_': 1.0, '_a7_': 1.0}};{'d0': 31.807018930889317};136.287514005135;0.0
185;68.1437570025673;x;{'d0': {'_a3_': 1.0, '_a0_': 1.0, '_a1_': 1.0, '_a2_': 1.0, '_a4_': 1.0, '_a5_': 1.0, '_a6_': 1.0, '_a7_': 1.0}};{'d0': 31.807018930889317};136.287514005135;0.0
186;64.1276982636599;tan(x);{'d0': {'_a3_': 1.0, '_a0_': 1.0, '_a1_': 1.0, '_a2_': 1.0, '_a4_': 1.0, '_a5_': 1.0, '_a6_': 1.0, '_a7_': 1.0}};{'d0': 20.612788336168506};110.260995385526;8.997200570897
187;64.1276982636599;tan(x);{'d0': {'_a3_': 1.0, '_a0_': 1.0, '_a1_': 1.0, '_a2_': 1.0, '_a4_': 1.0, '_a5_': 1.0, '_a6_': 1.0, '_a7_': 1.0}};{'d0': 20.612788336168506};110.260995385526;8.997200570897
188;64.1276982636599;tan(x);{'d0': {'_a3_': 1.0, '_a0_': 1.0, '_a1_': 1.0, '_a2_': 1.0, '_a4_': 1.0, '_a5_': 1.0, '_a6_': 1.0, '_a7_': 1.0}};{'d0': 20.612788336168506};110.260995385526;8.997200570897
189;64.1276982636599;tan(x);{'d0': {'_a3_': 1.0, '_a0_': 1.0, '_a1_': 1.0, '_a2_': 1.0, '_a4_': 1.0, '_a5_': 1.0, '_a6_': 1.0, '_a7_': 1.0}};{'d0': 20.612788336168506};110.260995385526;8.997200570897
190;64.1276982636599;tan(x);{'d0': {'_a3_': 1.0, '_a0_': 1.0, '_a1_': 1.0, '_a2_': 1.0, '_a4_': 1.0, '_a5_': 1.0, '_a6_': 1.0, '_a7_': 1.0}};{'d0': 20.612788336168506};110.260995385526;8.997200570897
191;64.1276982636599;tan(x);{'d0': {'_a3_': 1.0, '_a0_': 1.0, '_a1_': 1.0, '_a2_': 1.0, '_a4_': 1.0, '_a5_': 1.0, '_a6_': 1.0, '_a7_': 1.0}};{'d0': 20.612788336168506};110.260995385526;8.997200570897
192;64.1276982636599;tan(x);{'d0': {'_a3_': 1.0, '_a0_': 1.0, '_a1_': 1.0, '_a2_': 1.0, '_a4_': 1.0, '_a5_': 1.0, '_a6_': 1.0, '_a7_': 1.0}};{'d0': 20.612788336168506};110.260995385526;8.997200570897
193;64.1276982636599;tan(x);{'d0': {'_a3_': 1.0, '_a0_': 1.0, '_a1_': 1.0, '_a2_': 1.0, '_a4_': 1.0, '_a5_': 1.0, '_a6_': 1.0, '_a7_': 1.0}};{'d0': 20.612788336168506};110.260995385526;8.997200570897
194;64.1276982636599;tan(x);{'d0': {'_a3_': 1.0, '_a0_': 1.0, '_a1_': 1.0, '_a2_': 1.0, '_a4_': 1.0, '_a5_': 1.0, '_a6_': 1.0, '_a7_': 1.0}};{'d0': 20.612788336168506};110.260995385526;8.997200570897
195;64.1276982636599;tan(x);{'d0': {'_a3_': 1.0, '_a0_': 1.0, '_a1_': 1.0, '_a2_': 1.0, '_a4_': 1.0, '_a5_': 1.0, '_a6_': 1.0, '_a7_': 1.0}};{'d0': 20.612788336168506};110.260995385526;8.997200570897
196;64.1276982636599;tan(x);{'d0': {'_a3_': 1.0, '_a0_': 1.0, '_a1_': 1.0, '_a2_': 1.0, '_a4_': 1.0, '_a5_': 1.0, '_a6_': 1.0, '_a7_': 1.0}};{'d0': 20.612788336168506};110.260995385526;8.997200570897
197;64.1276982636599;tan(x);{'d0': {'_a3_': 1.0, '_a0_': 1.0, '_a1_': 1.0, '_a2_': 1.0, '_a4_': 1.0, '_a5_': 1.0, '_a6_': 1.0, '_a7_': 1.0}};{'d0': 20.612788336168506};110.260995385526;8.997200570897
198;64.1276982636599;tan(x);{'d0': {'_a3_': 1.0, '_a0_': 1.0, '_a1_': 1.0, '_a2_': 1.0, '_a4_': 1.0, '_a5_': 1.0, '_a6_': 1.0, '_a7_': 1.0}};{'d0': 20.612788336168506};110.260995385526;8.997200570897
199;64.1276982636599;tan(x);{'d0': {'_a3_': 1.0, '_a0_': 1.0, '_a1_': 1.0, '_a2_': 1.0, '_a4_': 1.0, '_a5_': 1.0, '_a6_': 1.0, '_a7_': 1.0}};{'d0': 20.612788336168506};110.260995385526;8.997200570897
200;64.1276982636599;tan(x);{'d0': {'_a3_': 1.0, '_a0_': 1.0, '_a1_': 1.0, '_a2_': 1.0, '_a4_': 1.0, '_a5_': 1.0, '_a6_': 1.0, '_a7_': 1.0}};{'d0': 20.612788336168506};110.260995385526;8.997200570897
201;64.1276982636599;tan(x);{'d0': {'_a3_': 1.0, '_a0_': 1.0, '_a1_': 1.0, '_a2_': 1.0, '_a4_': 1.0, '_a5_': 1.0, '_a6_': 1.0, '_a7_': 1.0}};{'d0': 20.612788336168506};110.260995385526;8.997200570897
202;64.1276982636599;tan(x);{'d0': {'_a3_': 1.0, '_a0_': 1.0, '_a1_': 1.0, '_a2_': 1.0, '_a4_': 1.0, '_a5_': 1.0, '_a6_': 1.0, '_a7_': 1.0}};{'d0': 20.612788336168506};110.260995385526;8.997200570897
203;64.1276982636599;tan(x);{'d0': {'_a3_': 1.0, '_a0_': 1.0, '_a1_': 1.0, '_a2_': 1.0, '_a4_': 1.0, '_a5_': 1.0, '_a6_': 1.0, '_a7_': 1.0}};{'d0': 20.612788336168506};110.260995385526;8.997200570897
204;64.1276982636599;tan(x);{'d0': {'_a3_': 1.0, '_a0_': 1.0, '_a1_': 1.0, '_a2_': 1.0, '_a4_': 1.0, '_a5_': 1.0, '_a6_': 1.0, '_a7_': 1.0}};{'d0': 20.612788336168506};110.260995385526;8.997200570897
205;64.1276982636599;tan(x);{'d0': {'_a3_': 1.0, '_a0_': 1.0, '_a1_': 1.0, '_a2_': 1.0, '_a4_': 1.0, '_a5_': 1.0, '_a6_': 1.0, '_a7_': 1.0}};{'d0': 20.612788336168506};110.260995385526;8.997200570897
206;64.1276982636599;tan(x);{'d0': {'_a3_': 1.0, '_a0_': 1.0, '_a1_': 1.0, '_a2_': 1.0, '_a4_': 1.0, '_a5_': 1.0, '_a6_': 1.0, '_a7_': 1.0}};{'d0': 20.612788336168506};110.260995385526;8.997200570897
207;64.1276982636599;tan(x);{'d0': {'_a3_': 1.0, '_a0_': 1.0, '_a1_': 1.0, '_a2_': 1.0, '_a4_': 1.0, '_a5_': 1.0, '_a6_': 1.0, '_a7_': 1.0}};{'d0': 20.612788336168506};110.260995385526;8.997200570897
208;64.1276982636599;tan(x);{'d0': {'_a3_': 1.0, '_a0_': 1.0, '_a1_': 1.0, '_a2_': 1.0, '_a4_': 1.0, '_a5_': 1.0, '_a6_': 1.0, '_a7_': 1.0}};{'d0': 20.612788336168506};110.260995385526;8.997200570897
209;64.1276982636599;tan(x);{'d0': {'_a3_': 1.0, '_a0_': 1.0, '_a1_': 1.0, '_a2_': 1.0, '_a4_': 1.0, '_a5_': 1.0, '_a6_': 1.0, '_a7_': 1.0}};{'d0': 20.612788336168506};110.260995385526;8.997200570897
210;64.1276982636599;tan(x);{'d0': {'_a3_': 1.0, '_a0_': 1.0, '_a1_': 1.0, '_a2_': 1.0, '_a4_': 1.0, '_a5_': 1.0, '_a6_': 1.0, '_a7_': 1.0}};{'d0': 20.612788336168506};110.260995385526;8.997200570897
211;1.23558679216642;((tan((_a6_ + x)) * _a7_) + _a6_);{'d0': {'_a6_': 0.057912035573958215, '_a7_': 2.087547930872668, '_a0_': 1.0, '_a1_': 1.0, '_a2_': 1.0, '_a3_': 1.0, '_a4_': 1.0, '_a5_': 1.0}};{'d0': 1.2719877100051256};-48.6701678865631;25.570670735448
212;1.23558679216642;((tan((_a6_ + x)) * _a7_) + _a6_);{'d0': {'_a6_': 0.057912035573958215, '_a7_': 2.087547930872668, '_a0_': 1.0, '_a1_': 1.0, '_a2_': 1.0, '_a3_': 1.0, '_a4_': 1.0, '_a5_': 1.0}};{'d0': 1.2719877100051256};-48.6701678865631;25.570670735448
213;1.23558679216563;((tan((_a6_ + x)) * _a4_) + _a6_);{'d0': {'_a4_': 2.0875480267014854, '_a6_': 0.05791206042179418, '_a0_': 1.0, '_a1_': 1.0, '_a2_': 1.0, '_a3_': 1.0, '_a5_': 1.0, '_a7_': 1.0}};{'d0': 1.2719877100050923};-48.6701678865647;25.570670735448
214;3.20322915956768;((tan((_a5_ + x)) * _a4_) + _a6_);{'d0': {'_a4_': 2.067548372545199, '_a5_': 0.043657468719901525, '_a6_': 0.09369473944424894, '_a0_': 1.0, '_a1_': 1.0, '_a2_': 1.0, '_a3_': 1.0, '_a7_': 1.0}};{'d0': 1.268620139926081};-44.7348831517606;25.570670735448
215;3.20322915956768;((tan((_a5_ + x)) * _a4_) + _a6_);{'d0': {'_a4_': 2.067548372545199, '_a5_': 0.043657468719901525, '_a6_': 0.09369473944424894, '_a0_': 1.0, '_a1_': 1.0, '_a2_': 1.0, '_a3_': 1.0, '_a7_': 1.0}};{'d0': 1.268620139926081};-44.7348831517606;25.570670735448
216;3.20322915956768;((tan((_a5_ + x)) * _a4_) + _a6_);{'d0': {'_a4_': 2.067548372545199, '_a5_': 0.043657468719901525, '_a6_': 0.09369473944424894, '_a0_': 1.0, '_a1_': 1.0, '_a2_': 1.0, '_a3_': 1.0, '_a7_': 1.0}};{'d0': 1.268620139926081};-44.7348831517606;25.570670735448
217;3.20322915956768;((tan((_a5_ + x)) * _a4_) + _a6_);{'d0': {'_a4_': 2.067548372545199, '_a5_': 0.043657468719901525, '_a6_': 0.09369473944424894, '_a0_': 1.0, '_a1_': 1.0, '_a2_': 1.0, '_a3_': 1.0, '_a7_': 1.0}};{'d0': 1.268620139926081};-44.7348831517606;25.570670735448
218;3.20322915956768;((tan((_a5_ + x)) * _a4_) + _a6_);{'d0': {'_a4_': 2.067548372545199, '_a5_': 0.043657468719901525, '_a6_': 0.09369473944424894, '_a0_': 1.0, '_a1_': 1.0, '_a2_': 1.0, '_a3_': 1.0, '_a7_': 1.0}};{'d0': 1.268620139926081};-44.7348831517606;25.570670735448
219;3.20322915956768;((tan((_a5_ + x)) * _a4_) + _a6_);{'d0': {'_a4_': 2.067548372545199, '_a5_': 0.043657468719901525, '_a6_': 0.09369473944424894, '_a0_': 1.0, '_a1_': 1.0, '_a2_': 1.0, '_a3_': 1.0, '_a7_': 1.0}};{'d0': 1.268620139926081};-44.7348831517606;25.570670735448
220;3.20322915956768;((tan((_a5_ + x)) * _a4_) + _a6_);{'d0': {'_a4_': 2.067548372545199, '_a5_': 0.043657468719901525, '_a6_': 0.09369473944424894, '_a0_': 1.0, '_a1_': 1.0, '_a2_': 1.0, '_a3_': 1.0, '_a7_': 1.0}};{'d0': 1.268620139926081};-44.7348831517606;25.570670735448
221;3.20322915956768;((tan((_a5_ + x)) * _a4_) + _a6_);{'d0': {'_a4_': 2.067548372545199, '_a5_': 0.043657468719901525, '_a6_': 0.09369473944424894, '_a0_': 1.0, '_a1_': 1.0, '_a2_': 1.0, '_a3_': 1.0, '_a7_': 1.0}};{'d0': 1.268620139926081};-44.7348831517606;25.570670735448
222;3.20322915956768;((tan((_a5_ + x)) * _a4_) + _a6_);{'d0': {'_a4_': 2.067548372545199, '_a5_': 0.043657468719901525, '_a6_': 0.09369473944424894, '_a0_': 1.0, '_a1_': 1.0, '_a2_': 1.0, '_a3_': 1.0, '_a7_': 1.0}};{'d0': 1.268620139926081};-44.7348831517606;25.570670735448
223;3.20322915956768;((tan((_a5_ + x)) * _a4_) + _a6_);{'d0': {'_a4_': 2.067548372545199, '_a5_': 0.043657468719901525, '_a6_': 0.09369473944424894, '_a0_': 1.0, '_a1_': 1.0, '_a2_': 1.0, '_a3_': 1.0, '_a7_': 1.0}};{'d0': 1.268620139926081};-44.7348831517606;25.570670735448
224;3.20322915956768;((tan((_a5_ + x)) * _a4_) + _a6_);{'d0': {'_a4_': 2.067548372545199, '_a5_': 0.043657468719901525, '_a6_': 0.09369473944424894, '_a0_': 1.0, '_a1_': 1.0, '_a2_': 1.0, '_a3_': 1.0, '_a7_': 1.0}};{'d0': 1.268620139926081};-44.7348831517606;25.570670735448
225;3.20322915956768;((tan((_a5_ + x)) * _a4_) + _a6_);{'d0': {'_a4_': 2.067548372545199, '_a5_': 0.043657468719901525, '_a6_': 0.09369473944424894, '_a0_': 1.0, '_a1_': 1.0, '_a2_': 1.0, '_a3_': 1.0, '_a7_': 1.0}};{'d0': 1.268620139926081};-44.7348831517606;25.570670735448
226;3.20322915956768;((tan((_a5_ + x)) * _a4_) + _a6_);{'d0': {'_a4_': 2.067548372545199, '_a5_': 0.043657468719901525, '_a6_': 0.09369473944424894, '_a0_': 1.0, '_a1_': 1.0, '_a2_': 1.0, '_a3_': 1.0, '_a7_': 1.0}};{'d0': 1.268620139926081};-44.7348831517606;25.570670735448
227;3.20322915956768;((tan((_a5_ + x)) * _a4_) + _a6_);{'d0': {'_a4_': 2.067548372545199, '_a5_': 0.043657468719901525, '_a6_': 0.09369473944424894, '_a0_': 1.0, '_a1_': 1.0, '_a2_': 1.0, '_a3_': 1.0, '_a7_': 1.0}};{'d0': 1.268620139926081};-44.7348831517606;25.570670735448
228;3.20322915956768;((tan((_a5_ + x)) * _a4_) + _a6_);{'d0': {'_a4_': 2.067548372545199, '_a5_': 0.043657468719901525, '_a6_': 0.09369473944424894, '_a0_': 1.0, '_a1_': 1.0, '_a2_': 1.0, '_a3_': 1.0, '_a7_': 1.0}};{'d0': 1.268620139926081};-44.7348831517606;25.570670735448
229;3.20322915956768;((tan((_a5_ + x)) * _a4_) + _a6_);{'d0': {'_a4_': 2.067548372545199, '_a5_': 0.043657468719901525, '_a6_': 0.09369473944424894, '_a0_': 1.0, '_a1_': 1.0, '_a2_': 1.0, '_a3_': 1.0, '_a7_': 1.0}};{'d0': 1.268620139926081};-44.7348831517606;25.570670735448
230;3.20322915956768;((tan((_a5_ + x)) * _a4_) + _a6_);{'d0': {'_a4_': 2.067548372545199, '_a5_': 0.043657468719901525, '_a6_': 0.09369473944424894, '_a0_': 1.0, '_a1_': 1.0, '_a2_': 1.0, '_a3_': 1.0, '_a7_': 1.0}};{'d0': 1.268620139926081};-44.7348831517606;25.570670735448
231;3.20322915956768;((tan((_a5_ + x)) * _a4_) + _a6_);{'d0': {'_a4_': 2.067548372545199, '_a5_': 0.043657468719901525, '_a6_': 0.09369473944424894, '_a0_': 1.0, '_a1_': 1.0, '_a2_': 1.0, '_a3_': 1.0, '_a7_': 1.0}};{'d0': 1.268620139926081};-44.7348831517606;25.570670735448
232;3.20322915956768;((tan((_a5_ + x)) * _a4_) + _a6_);{'d0': {'_a4_': 2.067548372545199, '_a5_': 0.043657468719901525, '_a6_': 0.09369473944424894, '_a0_': 1.0, '_a1_': 1.0, '_a2_': 1.0, '_a3_': 1.0, '_a7_': 1.0}};{'d0': 1.268620139926081};-44.7348831517606;25.570670735448
233;3.20322915956768;((tan((_a5_ + x)) * _a4_) + _a6_);{'d0': {'_a4_': 2.067548372545199, '_a5_': 0.043657468719901525, '_a6_': 0.09369473944424894, '_a0_': 1.0, '_a1_': 1.0, '_a2_': 1.0, '_a3_': 1.0, '_a7_': 1.0}};{'d0': 1.268620139926081};-44.7348831517606;25.570670735448
234;2.60194299607309;((tan((_a5_ + x)) * _a4_) * _a6_);{'d0': {'_a4_': 7.438667590363485, '_a5_': 0.08004272960608479, '_a6_': 0.2843458012517152, '_a0_': 1.0, '_a1_': 1.0, '_a2_': 1.0, '_a3_': 1.0, '_a7_': 1.0}};{'d0': 1.290572764806873};-43.7055040863158;24.454695039231
235;2.60194299607309;((tan((_a5_ + x)) * _a4_) * _a6_);{'d0': {'_a4_': 7.438667590363485, '_a5_': 0.08004272960608479, '_a6_': 0.2843458012517152, '_a0_': 1.0, '_a1_': 1.0, '_a2_': 1.0, '_a3_': 1.0, '_a7_': 1.0}};{'d0': 1.290572764806873};-43.7055040863158;24.454695039231
236;2.60194299607309;((tan((_a5_ + x)) * _a4_) * _a6_);{'d0': {'_a4_': 7.438667590363485, '_a5_': 0.08004272960608479, '_a6_': 0.2843458012517152, '_a0_': 1.0, '_a1_': 1.0, '_a2_': 1.0, '_a3_': 1.0, '_a7_': 1.0}};{'d0': 1.290572764806873};-43.7055040863158;24.454695039231
237;2.60194299607309;((tan((_a5_ + x)) * _a4_) * _a6_);{'d0': {'_a4_': 7.438667590363485, '_a5_': 0.08004272960608479, '_a6_': 0.2843458012517152, '_a0_': 1.0, '_a1_': 1.0, '_a2_': 1.0, '_a3_': 1.0, '_a7_': 1.0}};{'d0': 1.290572764806873};-43.7055040863158;24.454695039231
238;2.60194299607309;((tan((_a5_ + x)) * _a4_) * _a6_);{'d0': {'_a4_': 7.438667590363485, '_a5_': 0.08004272960608479, '_a6_': 0.2843458012517152, '_a0_': 1.0, '_a1_': 1.0, '_a2_': 1.0, '_a3_': 1.0, '_a7_': 1.0}};{'d0': 1.290572764806873};-43.7055040863158;24.454695039231
239;2.60194299607309;((tan((_a5_ + x)) * _a4_) * _a6_);{'d0': {'_a4_': 7.438667590363485, '_a5_': 0.08004272960608479, '_a6_': 0.2843458012517152, '_a0_': 1.0, '_a1_': 1.0, '_a2_': 1.0, '_a3_': 1.0, '_a7_': 1.0}};{'d0': 1.290572764806873};-43.7055040863158;24.454695039231
240;2.60194299607309;((tan((_a5_ + x)) * _a4_) * _a6_);{'d0': {'_a4_': 7.438667590363485, '_a5_': 0.08004272960608479, '_a6_': 0.2843458012517152, '_a0_': 1.0, '_a1_': 1.0, '_a2_': 1.0, '_a3_': 1.0, '_a7_': 1.0}};{'d0': 1.290572764806873};-43.7055040863158;24.454695039231
241;2.60194299607309;((tan((_a5_ + x)) * _a4_) * _a6_);{'d0': {'_a4_': 7.438667590363485, '_a5_': 0.08004272960608479, '_a6_': 0.2843458012517152, '_a0_': 1.0, '_a1_': 1.0, '_a2_': 1.0, '_a3_': 1.0, '_a7_': 1.0}};{'d0': 1.290572764806873};-43.7055040863158;24.454695039231
242;2.60194299607309;((tan((_a5_ + x)) * _a4_) * _a6_);{'d0': {'_a4_': 7.438667590363485, '_a5_': 0.08004272960608479, '_a6_': 0.2843458012517152, '_a0_': 1.0, '_a1_': 1.0, '_a2_': 1.0, '_a3_': 1.0, '_a7_': 1.0}};{'d0': 1.290572764806873};-43.7055040863158;24.454695039231
243;2.60194299607309;((tan((_a5_ + x)) * _a4_) * _a6_);{'d0': {'_a4_': 7.438667590363485, '_a5_': 0.08004272960608479, '_a6_': 0.2843458012517152, '_a0_': 1.0, '_a1_': 1.0, '_a2_': 1.0, '_a3_': 1.0, '_a7_': 1.0}};{'d0': 1.290572764806873};-43.7055040863158;24.454695039231
244;2.60194299607309;((tan((_a5_ + x)) * _a4_) * _a6_);{'d0': {'_a4_': 7.438667590363485, '_a5_': 0.08004272960608479, '_a6_': 0.2843458012517152, '_a0_': 1.0, '_a1_': 1.0, '_a2_': 1.0, '_a3_': 1.0, '_a7_': 1.0}};{'d0': 1.290572764806873};-43.7055040863158;24.454695039231
245;2.60194299607309;((tan((_a5_ + x)) * _a4_) * _a6_);{'d0': {'_a4_': 7.438667590363485, '_a5_': 0.08004272960608479, '_a6_': 0.2843458012517152, '_a0_': 1.0, '_a1_': 1.0, '_a2_': 1.0, '_a3_': 1.0, '_a7_': 1.0}};{'d0': 1.290572764806873};-43.7055040863158;24.454695039231
246;18.0835200253906;(x / _a0_);{'d0': {'_a0_': 0.42925850083992356, '_a1_': 1.0, '_a2_': 1.0, '_a3_': 1.0, '_a4_': 1.0, '_a5_': 1.0, '_a6_': 1.0, '_a7_': 1.0}};{'d0': 4.615546530275708};24.5664565179763;5.8002917664024
247;18.0835200253906;(x / _a0_);{'d0': {'_a0_': 0.42925850083992356, '_a1_': 1.0, '_a2_': 1.0, '_a3_': 1.0, '_a4_': 1.0, '_a5_': 1.0, '_a6_': 1.0, '_a7_': 1.0}};{'d0': 4.615546530275708};24.5664565179763;5.8002917664024
248;18.0835200253906;(x / _a0_);{'d0': {'_a0_': 0.42925850083992356, '_a1_': 1.0, '_a2_': 1.0, '_a3_': 1.0, '_a4_': 1.0, '_a5_': 1.0, '_a6_': 1.0, '_a7_': 1.0}};{'d0': 4.615546530275708};24.5664565179763;5.8002917664024
249;18.0835200253906;(x / _a0_);{'d0': {'_a0_': 0.42925850083992356, '_a1_': 1.0, '_a2_': 1.0, '_a3_': 1.0, '_a4_': 1.0, '_a5_': 1.0, '_a6_': 1.0, '_a7_': 1.0}};{'d0': 4.615546530275708};24.5664565179763;5.8002917664024
250;18.0835200253906;(x / _a0_);{'d0': {'_a0_': 0.42925850083992356, '_a1_': 1.0, '_a2_': 1.0, '_a3_': 1.0, '_a4_': 1.0, '_a5_': 1.0, '_a6_': 1.0, '_a7_': 1.0}};{'d0': 4.615546530275708};24.5664565179763;5.8002917664024
251;18.0835200253906;(x / _a0_);{'d0': {'_a0_': 0.42925850083992356, '_a1_': 1.0, '_a2_': 1.0, '_a3_': 1.0, '_a4_': 1.0, '_a5_': 1.0, '_a6_': 1.0, '_a7_': 1.0}};{'d0': 4.615546530275708};24.5664565179763;5.8002917664024
252;18.0835200253906;(x / _a0_);{'d0': {'_a0_': 0.42925850083992356, '_a1_': 1.0, '_a2_': 1.0, '_a3_': 1.0, '_a4_': 1.0, '_a5_': 1.0, '_a6_': 1.0, '_a7_': 1.0}};{'d0': 4.615546530275708};24.5664565179763;5.8002917664024
253;18.0835200253906;(x / _a0_);{'d0': {'_a0_': 0.42925850083992356, '_a1_': 1.0, '_a2_': 1.0, '_a3_': 1.0, '_a4_': 1.0, '_a5_': 1.0, '_a6_': 1.0, '_a7_': 1.0}};{'d0': 4.615546530275708};24.5664565179763;5.8002917664024
254;18.0835200253906;(x / _a0_);{'d0': {'_a0_': 0.42925850083992356, '_a1_': 1.0, '_a2_': 1.0, '_a3_': 1.0, '_a4_': 1.0, '_a5_': 1.0, '_a6_': 1.0, '_a7_': 1.0}};{'d0': 4.615546530275708};24.5664565179763;5.8002917664024
255;18.0835200253906;(x / _a0_);{'d0': {'_a0_': 0.42925850083992356, '_a1_': 1.0, '_a2_': 1.0, '_a3_': 1.0, '_a4_': 1.0, '_a5_': 1.0, '_a6_': 1.0, '_a7_': 1.0}};{'d0': 4.615546530275708};24.5664565179763;5.8002917664024
256;18.0835200253906;(x / _a0_);{'d0': {'_a0_': 0.42925850083992356, '_a1_': 1.0, '_a2_': 1.0, '_a3_': 1.0, '_a4_': 1.0, '_a5_': 1.0, '_a6_': 1.0, '_a7_': 1.0}};{'d0': 4.615546530275708};24.5664565179763;5.8002917664024
257;18.0835200253906;(x / _a0_);{'d0': {'_a0_': 0.42925850083992356, '_a1_': 1.0, '_a2_': 1.0, '_a3_': 1.0, '_a4_': 1.0, '_a5_': 1.0, '_a6_': 1.0, '_a7_': 1.0}};{'d0': 4.615546530275708};24.5664565179763;5.8002917664024
258;18.0835200253906;(x / _a0_);{'d0': {'_a0_': 0.42925850083992356, '_a1_': 1.0, '_a2_': 1.0, '_a3_': 1.0, '_a4_': 1.0, '_a5_': 1.0, '_a6_': 1.0, '_a7_': 1.0}};{'d0': 4.615546530275708};24.5664565179763;5.8002917664024
259;18.0835200253906;(x / _a0_);{'d0': {'_a0_': 0.42925850083992356, '_a1_': 1.0, '_a2_': 1.0, '_a3_': 1.0, '_a4_': 1.0, '_a5_': 1.0, '_a6_': 1.0, '_a7_': 1.0}};{'d0': 4.615546530275708};24.5664565179763;5.8002917664024
260;18.0835200253906;(x / _a0_);{'d0': {'_a0_': 0.42925850083992356, '_a1_': 1.0, '_a2_': 1.0, '_a3_': 1.0, '_a4_': 1.0, '_a5_': 1.0, '_a6_': 1.0, '_a7_': 1.0}};{'d0': 4.615546530275708};24.5664565179763;5.8002917664024
261;18.0835200253906;(x / _a0_);{'d0': {'_a0_': 0.42925850083992356, '_a1_': 1.0, '_a2_': 1.0, '_a3_': 1.0, '_a4_': 1.0, '_a5_': 1.0, '_a6_': 1.0, '_a7_': 1.0}};{'d0': 4.615546530275708};24.5664565179763;5.8002917664024
262;18.0835200253906;(x / _a0_);{'d0': {'_a0_': 0.42925850083992356, '_a1_': 1.0, '_a2_': 1.0, '_a3_': 1.0, '_a4_': 1.0, '_a5_': 1.0, '_a6_': 1.0, '_a7_': 1.0}};{'d0': 4.615546530275708};24.5664565179763;5.8002917664024
263;18.0835200253906;(x / _a0_);{'d0': {'_a0_': 0.42925850083992356, '_a1_': 1.0, '_a2_': 1.0, '_a3_': 1.0, '_a4_': 1.0, '_a5_': 1.0, '_a6_': 1.0, '_a7_': 1.0}};{'d0': 4.615546530275708};24.5664565179763;5.8002917664024
264;18.0835200253906;(x / _a0_);{'d0': {'_a0_': 0.42925850083992356, '_a1_': 1.0, '_a2_': 1.0, '_a3_': 1.0, '_a4_': 1.0, '_a5_': 1.0, '_a6_': 1.0, '_a7_': 1.0}};{'d0': 4.615546530275708};24.5664565179763;5.8002917664024
265;0.554770714744421;((tan((_a5_ + x)) * _a6_) * _a6_);{'d0': {'_a5_': 0.08004273546628364, '_a6_': 1.4543571120882182, '_a0_': 1.0, '_a1_': 1.0, '_a2_': 1.0, '_a3_': 1.0, '_a4_': 1.0, '_a7_': 1.0}};{'d0': 1.2905727647975118};-47.7998486489732;24.454695039231
266;0.554770714744421;((tan((_a5_ + x)) * _a6_) * _a6_);{'d0': {'_a5_': 0.08004273546628364, '_a6_': 1.4543571120882182, '_a0_': 1.0, '_a1_': 1.0, '_a2_': 1.0, '_a3_': 1.0, '_a4_': 1.0, '_a7_': 1.0}};{'d0': 1.2905727647975118};-47.7998486489732;24.454695039231
267;0.554770714744421;((tan((_a5_ + x)) * _a6_) * _a6_);{'d0': {'_a5_': 0.08004273546628364, '_a6_': 1.4543571120882182, '_a0_': 1.0, '_a1_': 1.0, '_a2_': 1.0, '_a3_': 1.0, '_a4_': 1.0, '_a7_': 1.0}};{'d0': 1.2905727647975118};-47.7998486489732;24.454695039231
268;0.554770714744421;((tan((_a5_ + x)) * _a6_) * _a6_);{'d0': {'_a5_': 0.08004273546628364, '_a6_': 1.4543571120882182, '_a0_': 1.0, '_a1_': 1.0, '_a2_': 1.0, '_a3_': 1.0, '_a4_': 1.0, '_a7_': 1.0}};{'d0': 1.2905727647975118};-47.7998486489732;24.454695039231
269;0.554770714744421;((tan((_a5_ + x)) * _a6_) * _a6_);{'d0': {'_a5_': 0.08004273546628364, '_a6_': 1.4543571120882182, '_a0_': 1.0, '_a1_': 1.0, '_a2_': 1.0, '_a3_': 1.0, '_a4_': 1.0, '_a7_': 1.0}};{'d0': 1.2905727647975118};-47.7998486489732;24.454695039231
270;0.554770714744421;((tan((_a5_ + x)) * _a6_) * _a6_);{'d0': {'_a5_': 0.08004273546628364, '_a6_': 1.4543571120882182, '_a0_': 1.0, '_a1_': 1.0, '_a2_': 1.0, '_a3_': 1.0, '_a4_': 1.0, '_a7_': 1.0}};{'d0': 1.2905727647975118};-47.7998486489732;24.454695039231
271;0.554770714744421;((tan((_a5_ + x)) * _a6_) * _a6_);{'d0': {'_a5_': 0.08004273546628364, '_a6_': 1.4543571120882182, '_a0_': 1.0, '_a1_': 1.0, '_a2_': 1.0, '_a3_': 1.0, '_a4_': 1.0, '_a7_': 1.0}};{'d0': 1.2905727647975118};-47.7998486489732;24.454695039231
272;0.554770714744421;((tan((_a5_ + x)) * _a6_) * _a6_);{'d0': {'_a5_': 0.08004273546628364, '_a6_': 1.4543571120882182, '_a0_': 1.0, '_a1_': 1.0, '_a2_': 1.0, '_a3_': 1.0, '_a4_': 1.0, '_a7_': 1.0}};{'d0': 1.2905727647975118};-47.7998486489732;24.454695039231
273;0.554770714744421;((tan((_a5_ + x)) * _a6_) * _a6_);{'d0': {'_a5_': 0.08004273546628364, '_a6_': 1.4543571120882182, '_a0_': 1.0, '_a1_': 1.0, '_a2_': 1.0, '_a3_': 1.0, '_a4_': 1.0, '_a7_': 1.0}};{'d0': 1.2905727647975118};-47.7998486489732;24.454695039231
274;0.554770714744421;((tan((_a5_ + x)) * _a6_) * _a6_);{'d0': {'_a5_': 0.08004273546628364, '_a6_': 1.4543571120882182, '_a0_': 1.0, '_a1_': 1.0, '_a2_': 1.0, '_a3_': 1.0, '_a4_': 1.0, '_a7_': 1.0}};{'d0': 1.2905727647975118};-47.7998486489732;24.454695039231
275;0.554770714744421;((tan((_a5_ + x)) * _a6_) * _a6_);{'d0': {'_a5_': 0.08004273546628364, '_a6_': 1.4543571120882182, '_a0_': 1.0, '_a1_': 1.0, '_a2_': 1.0, '_a3_': 1.0, '_a4_': 1.0, '_a7_': 1.0}};{'d0': 1.2905727647975118};-47.7998486489732;24.454695039231
276;0.554770714744421;((tan((_a5_ + x)) * _a6_) * _a6_);{'d0': {'_a5_': 0.08004273546628364, '_a6_': 1.4543571120882182, '_a0_': 1.0, '_a1_': 1.0, '_a2_': 1.0, '_a3_': 1.0, '_a4_': 1.0, '_a7_': 1.0}};{'d0': 1.2905727647975118};-47.7998486489732;24.454695039231
277;0.554770714744421;((tan((_a5_ + x)) * _a6_) * _a6_);{'d0': {'_a5_': 0.08004273546628364, '_a6_': 1.4543571120882182, '_a0_': 1.0, '_a1_': 1.0, '_a2_': 1.0, '_a3_': 1.0, '_a4_': 1.0, '_a7_': 1.0}};{'d0': 1.2905727647975118};-47.7998486489732;24.454695039231
278;0.554770714744421;((tan((_a5_ + x)) * _a6_) * _a6_);{'d0': {'_a5_': 0.08004273546628364, '_a6_': 1.4543571120882182, '_a0_': 1.0, '_a1_': 1.0, '_a2_': 1.0, '_a3_': 1.0, '_a4_': 1.0, '_a7_': 1.0}};{'d0': 1.2905727647975118};-47.7998486489732;24.454695039231
279;0.554770714744421;((tan((_a5_ + x)) * _a6_) * _a6_);{'d0': {'_a5_': 0.08004273546628364, '_a6_': 1.4543571120882182, '_a0_': 1.0, '_a1_': 1.0, '_a2_': 1.0, '_a3_': 1.0, '_a4_': 1.0, '_a7_': 1.0}};{'d0': 1.2905727647975118};-47.7998486489732;24.454695039231
280;0.554770714744421;((tan((_a5_ + x)) * _a6_) * _a6_);{'d0': {'_a5_': 0.08004273546628364, '_a6_': 1.4543571120882182, '_a0_': 1.0, '_a1_': 1.0, '_a2_': 1.0, '_a3_': 1.0, '_a4_': 1.0, '_a7_': 1.0}};{'d0': 1.2905727647975118};-47.7998486489732;24.454695039231
281;0.554770714744421;((tan((_a5_ + x)) * _a6_) * _a6_);{'d0': {'_a5_': 0.08004273546628364, '_a6_': 1.4543571120882182, '_a0_': 1.0, '_a1_': 1.0, '_a2_': 1.0, '_a3_': 1.0, '_a4_': 1.0, '_a7_': 1.0}};{'d0': 1.2905727647975118};-47.7998486489732;24.454695039231
282;0.554770714744421;((tan((_a5_ + x)) * _a6_) * _a6_);{'d0': {'_a5_': 0.08004273546628364, '_a6_': 1.4543571120882182, '_a0_': 1.0, '_a1_': 1.0, '_a2_': 1.0, '_a3_': 1.0, '_a4_': 1.0, '_a7_': 1.0}};{'d0': 1.2905727647975118};-47.7998486489732;24.454695039231
283;0.554770714744421;((tan((_a5_ + x)) * _a6_) * _a6_);{'d0': {'_a5_': 0.08004273546628364, '_a6_': 1.4543571120882182, '_a0_': 1.0, '_a1_': 1.0, '_a2_': 1.0, '_a3_': 1.0, '_a4_': 1.0, '_a7_': 1.0}};{'d0': 1.2905727647975118};-47.7998486489732;24.454695039231
284;0.554770714744421;((tan((_a5_ + x)) * _a6_) * _a6_);{'d0': {'_a5_': 0.08004273546628364, '_a6_': 1.4543571120882182, '_a0_': 1.0, '_a1_': 1.0, '_a2_': 1.0, '_a3_': 1.0, '_a4_': 1.0, '_a7_': 1.0}};{'d0': 1.2905727647975118};-47.7998486489732;24.454695039231
285;0.554770714744421;((tan((_a5_ + x)) * _a6_) * _a6_);{'d0': {'_a5_': 0.08004273546628364, '_a6_': 1.4543571120882182, '_a0_': 1.0, '_a1_': 1.0, '_a2_': 1.0, '_a3_': 1.0, '_a4_': 1.0, '_a7_': 1.0}};{'d0': 1.2905727647975118};-47.7998486489732;24.454695039231
286;0.554770714744421;((tan((_a5_ + x)) * _a6_) * _a6_);{'d0': {'_a5_': 0.08004273546628364, '_a6_': 1.4543571120882182, '_a0_': 1.0, '_a1_': 1.0, '_a2_': 1.0, '_a3_': 1.0, '_a4_': 1.0, '_a7_': 1.0}};{'d0': 1.2905727647975118};-47.7998486489732;24.454695039231
287;0.554770714744421;((tan((_a5_ + x)) * _a6_) * _a6_);{'d0': {'_a5_': 0.08004273546628364, '_a6_': 1.4543571120882182, '_a0_': 1.0, '_a1_': 1.0, '_a2_': 1.0, '_a3_': 1.0, '_a4_': 1.0, '_a7_': 1.0}};{'d0': 1.2905727647975118};-47.7998486489732;24.454695039231
288;0.554770714744421;((tan((_a5_ + x)) * _a6_) * _a6_);{'d0': {'_a5_': 0.08004273546628364, '_a6_': 1.4543571120882182, '_a0_': 1.0, '_a1_': 1.0, '_a2_': 1.0, '_a3_': 1.0, '_a4_': 1.0, '_a7_': 1.0}};{'d0': 1.2905727647975118};-47.7998486489732;24.454695039231
289;0.554770714744421;((tan((_a5_ + x)) * _a6_) * _a6_);{'d0': {'_a5_': 0.08004273546628364, '_a6_': 1.4543571120882182, '_a0_': 1.0, '_a1_': 1.0, '_a2_': 1.0, '_a3_': 1.0, '_a4_': 1.0, '_a7_': 1.0}};{'d0': 1.2905727647975118};-47.7998486489732;24.454695039231
290;0.554770714744421;((tan((_a5_ + x)) * _a6_) * _a6_);{'d0': {'_a5_': 0.08004273546628364, '_a6_': 1.4543571120882182, '_a0_': 1.0, '_a1_': 1.0, '_a2_': 1.0, '_a3_': 1.0, '_a4_': 1.0, '_a7_': 1.0}};{'d0': 1.2905727647975118};-47.7998486489732;24.454695039231
291;0.554770714744421;((tan((_a5_ + x)) * _a6_) * _a6_);{'d0': {'_a5_': 0.08004273546628364, '_a6_': 1.4543571120882182, '_a0_': 1.0, '_a1_': 1.0, '_a2_': 1.0, '_a3_': 1.0, '_a4_': 1.0, '_a7_': 1.0}};{'d0': 1.2905727647975118};-47.7998486489732;24.454695039231
292;0.554770714744421;((tan((_a5_ + x)) * _a6_) * _a6_);{'d0': {'_a5_': 0.08004273546628364, '_a6_': 1.4543571120882182, '_a0_': 1.0, '_a1_': 1.0, '_a2_': 1.0, '_a3_': 1.0, '_a4_': 1.0, '_a7_': 1.0}};{'d0': 1.2905727647975118};-47.7998486489732;24.454695039231
293;0.554770714744421;((tan((_a5_ + x)) * _a6_) * _a6_);{'d0': {'_a5_': 0.08004273546628364, '_a6_': 1.4543571120882182, '_a0_': 1.0, '_a1_': 1.0, '_a2_': 1.0, '_a3_': 1.0, '_a4_': 1.0, '_a7_': 1.0}};{'d0': 1.2905727647975118};-47.7998486489732;24.454695039231
294;0.554770714744421;((tan((_a5_ + x)) * _a6_) * _a6_);{'d0': {'_a5_': 0.08004273546628364, '_a6_': 1.4543571120882182, '_a0_': 1.0, '_a1_': 1.0, '_a2_': 1.0, '_a3_': 1.0, '_a4_': 1.0, '_a7_': 1.0}};{'d0': 1.2905727647975118};-47.7998486489732;24.454695039231
295;0.554770714744421;((tan((_a5_ + x)) * _a6_) * _a6_);{'d0': {'_a5_': 0.08004273546628364, '_a6_': 1.4543571120882182, '_a0_': 1.0, '_a1_': 1.0, '_a2_': 1.0, '_a3_': 1.0, '_a4_': 1.0, '_a7_': 1.0}};{'d0': 1.2905727647975118};-47.7998486489732;24.454695039231
296;0.554770714744421;((tan((_a5_ + x)) * _a6_) * _a6_);{'d0': {'_a5_': 0.08004273546628364, '_a6_': 1.4543571120882182, '_a0_': 1.0, '_a1_': 1.0, '_a2_': 1.0, '_a3_': 1.0, '_a4_': 1.0, '_a7_': 1.0}};{'d0': 1.2905727647975118};-47.7998486489732;24.454695039231
297;0.554770714744421;((tan((_a5_ + x)) * _a6_) * _a6_);{'d0': {'_a5_': 0.08004273546628364, '_a6_': 1.4543571120882182, '_a0_': 1.0, '_a1_': 1.0, '_a2_': 1.0, '_a3_': 1.0, '_a4_': 1.0, '_a7_': 1.0}};{'d0': 1.2905727647975118};-47.7998486489732;24.454695039231
298;0.554770714744421;((tan((_a5_ + x)) * _a6_) * _a6_);{'d0': {'_a5_': 0.08004273546628364, '_a6_': 1.4543571120882182, '_a0_': 1.0, '_a1_': 1.0, '_a2_': 1.0, '_a3_': 1.0, '_a4_': 1.0, '_a7_': 1.0}};{'d0': 1.2905727647975118};-47.7998486489732;24.454695039231
299;0.554770714744421;((tan((_a5_ + x)) * _a6_) * _a6_);{'d0': {'_a5_': 0.08004273546628364, '_a6_': 1.4543571120882182, '_a0_': 1.0, '_a1_': 1.0, '_a2_': 1.0, '_a3_': 1.0, '_a4_': 1.0, '_a7_': 1.0}};{'d0': 1.2905727647975118};-47.7998486489732;24.454695039231
300;0.554770714744421;((tan((_a5_ + x)) * _a6_) * _a6_);{'d0': {'_a5_': 0.08004273546628364, '_a6_': 1.4543571120882182, '_a0_': 1.0, '_a1_': 1.0, '_a2_': 1.0, '_a3_': 1.0, '_a4_': 1.0, '_a7_': 1.0}};{'d0': 1.2905727647975118};-47.7998486489732;24.454695039231
301;0.554770714744421;((tan((_a5_ + x)) * _a6_) * _a6_);{'d0': {'_a5_': 0.08004273546628364, '_a6_': 1.4543571120882182, '_a0_': 1.0, '_a1_': 1.0, '_a2_': 1.0, '_a3_': 1.0, '_a4_': 1.0, '_a7_': 1.0}};{'d0': 1.2905727647975118};-47.7998486489732;24.454695039231
302;-50.1130628341804;((tan((_a0_ * x)) * ((_a7_ ** x) + _a5_)) * _a6_);{'d0': {'_a0_': 1.2157335333237334, '_a5_': 3.954359623367234, '_a6_': 0.29479472440751386, '_a7_': 32.030002211292725, '_a1_': 1.0, '_a2_': 1.0, '_a3_': 1.0, '_a4_': 1.0}};{'d0': 0.1415638850039003};-172.216577717293;35.99522602446599
303;-50.1130628341804;((tan((_a0_ * x)) * ((_a7_ ** x) + _a5_)) * _a6_);{'d0': {'_a0_': 1.2157335333237334, '_a5_': 3.954359623367234, '_a6_': 0.29479472440751386, '_a7_': 32.030002211292725, '_a1_': 1.0, '_a2_': 1.0, '_a3_': 1.0, '_a4_': 1.0}};{'d0': 0.1415638850039003};-172.216577717293;35.99522602446599
304;-50.1130628341804;((tan((_a0_ * x)) * ((_a7_ ** x) + _a5_)) * _a6_);{'d0': {'_a0_': 1.2157335333237334, '_a5_': 3.954359623367234, '_a6_': 0.29479472440751386, '_a7_': 32.030002211292725, '_a1_': 1.0, '_a2_': 1.0, '_a3_': 1.0, '_a4_': 1.0}};{'d0': 0.1415638850039003};-172.216577717293;35.99522602446599
305;-50.1130628341804;((tan((_a0_ * x)) * ((_a7_ ** x) + _a5_)) * _a6_);{'d0': {'_a0_': 1.2157335333237334, '_a5_': 3.954359623367234, '_a6_': 0.29479472440751386, '_a7_': 32.030002211292725, '_a1_': 1.0, '_a2_': 1.0, '_a3_': 1.0, '_a4_': 1.0}};{'d0': 0.1415638850039003};-172.216577717293;35.99522602446599
306;-50.1130628341804;((tan((_a0_ * x)) * ((_a7_ ** x) + _a5_)) * _a6_);{'d0': {'_a0_': 1.2157335333237334, '_a5_': 3.954359623367234, '_a6_': 0.29479472440751386, '_a7_': 32.030002211292725, '_a1_': 1.0, '_a2_': 1.0, '_a3_': 1.0, '_a4_': 1.0}};{'d0': 0.1415638850039003};-172.216577717293;35.99522602446599
307;-50.1130628341804;((tan((_a0_ * x)) * ((_a7_ ** x) + _a5_)) * _a6_);{'d0': {'_a0_': 1.2157335333237334, '_a5_': 3.954359623367234, '_a6_': 0.29479472440751386, '_a7_': 32.030002211292725, '_a1_': 1.0, '_a2_': 1.0, '_a3_': 1.0, '_a4_': 1.0}};{'d0': 0.1415638850039003};-172.216577717293;35.99522602446599
308;-50.1130628341804;((tan((_a0_ * x)) * ((_a7_ ** x) + _a5_)) * _a6_);{'d0': {'_a0_': 1.2157335333237334, '_a5_': 3.954359623367234, '_a6_': 0.29479472440751386, '_a7_': 32.030002211292725, '_a1_': 1.0, '_a2_': 1.0, '_a3_': 1.0, '_a4_': 1.0}};{'d0': 0.1415638850039003};-172.216577717293;35.99522602446599
309;-50.1130628341804;((tan((_a0_ * x)) * ((_a7_ ** x) + _a5_)) * _a6_);{'d0': {'_a0_': 1.2157335333237334, '_a5_': 3.954359623367234, '_a6_': 0.29479472440751386, '_a7_': 32.030002211292725, '_a1_': 1.0, '_a2_': 1.0, '_a3_': 1.0, '_a4_': 1.0}};{'d0': 0.1415638850039003};-172.216577717293;35.99522602446599
310;-50.1130628341804;((tan((_a0_ * x)) * ((_a7_ ** x) + _a5_)) * _a6_);{'d0': {'_a0_': 1.2157335333237334, '_a5_': 3.954359623367234, '_a6_': 0.29479472440751386, '_a7_': 32.030002211292725, '_a1_': 1.0, '_a2_': 1.0, '_a3_': 1.0, '_a4_': 1.0}};{'d0': 0.1415638850039003};-172.216577717293;35.99522602446599
311;-50.1130628341804;((tan((_a0_ * x)) * ((_a7_ ** x) + _a5_)) * _a6_);{'d0': {'_a0_': 1.2157335333237334, '_a5_': 3.954359623367234, '_a6_': 0.29479472440751386, '_a7_': 32.030002211292725, '_a1_': 1.0, '_a2_': 1.0, '_a3_': 1.0, '_a4_': 1.0}};{'d0': 0.1415638850039003};-172.216577717293;35.99522602446599
312;-50.1130628341804;((tan((_a0_ * x)) * ((_a7_ ** x) + _a5_)) * _a6_);{'d0': {'_a0_': 1.2157335333237334, '_a5_': 3.954359623367234, '_a6_': 0.29479472440751386, '_a7_': 32.030002211292725, '_a1_': 1.0, '_a2_': 1.0, '_a3_': 1.0, '_a4_': 1.0}};{'d0': 0.1415638850039003};-172.216577717293;35.99522602446599
313;-50.1130628341804;((tan((_a0_ * x)) * ((_a7_ ** x) + _a5_)) * _a6_);{'d0': {'_a0_': 1.2157335333237334, '_a5_': 3.954359623367234, '_a6_': 0.29479472440751386, '_a7_': 32.030002211292725, '_a1_': 1.0, '_a2_': 1.0, '_a3_': 1.0, '_a4_': 1.0}};{'d0': 0.1415638850039003};-172.216577717293;35.99522602446599
314;-50.1130628341804;((tan((_a0_ * x)) * ((_a7_ ** x) + _a5_)) * _a6_);{'d0': {'_a0_': 1.2157335333237334, '_a5_': 3.954359623367234, '_a6_': 0.29479472440751386, '_a7_': 32.030002211292725, '_a1_': 1.0, '_a2_': 1.0, '_a3_': 1.0, '_a4_': 1.0}};{'d0': 0.1415638850039003};-172.216577717293;35.99522602446599
315;-50.1130628341804;((tan((_a0_ * x)) * ((_a7_ ** x) + _a5_)) * _a6_);{'d0': {'_a0_': 1.2157335333237334, '_a5_': 3.954359623367234, '_a6_': 0.29479472440751386, '_a7_': 32.030002211292725, '_a1_': 1.0, '_a2_': 1.0, '_a3_': 1.0, '_a4_': 1.0}};{'d0': 0.1415638850039003};-172.216577717293;35.99522602446599
316;-50.1130628341804;((tan((_a0_ * x)) * ((_a7_ ** x) + _a5_)) * _a6_);{'d0': {'_a0_': 1.2157335333237334, '_a5_': 3.954359623367234, '_a6_': 0.29479472440751386, '_a7_': 32.030002211292725, '_a1_': 1.0, '_a2_': 1.0, '_a3_': 1.0, '_a4_': 1.0}};{'d0': 0.1415638850039003};-172.216577717293;35.99522602446599
317;-50.1130628341804;((tan((_a0_ * x)) * ((_a7_ ** x) + _a5_)) * _a6_);{'d0': {'_a0_': 1.2157335333237334, '_a5_': 3.954359623367234, '_a6_': 0.29479472440751386, '_a7_': 32.030002211292725, '_a1_': 1.0, '_a2_': 1.0, '_a3_': 1.0, '_a4_': 1.0}};{'d0': 0.1415638850039003};-172.216577717293;35.99522602446599
318;-50.1130628341804;((tan((_a0_ * x)) * ((_a7_ ** x) + _a5_)) * _a6_);{'d0': {'_a0_': 1.2157335333237334, '_a5_': 3.954359623367234, '_a6_': 0.29479472440751386, '_a7_': 32.030002211292725, '_a1_': 1.0, '_a2_': 1.0, '_a3_': 1.0, '_a4_': 1.0}};{'d0': 0.1415638850039003};-172.216577717293;35.99522602446599
319;-50.1130628341804;((tan((_a0_ * x)) * ((_a7_ ** x) + _a5_)) * _a6_);{'d0': {'_a0_': 1.2157335333237334, '_a5_': 3.954359623367234, '_a6_': 0.29479472440751386, '_a7_': 32.030002211292725, '_a1_': 1.0, '_a2_': 1.0, '_a3_': 1.0, '_a4_': 1.0}};{'d0': 0.1415638850039003};-172.216577717293;35.99522602446599
320;-50.1130628341804;((tan((_a0_ * x)) * ((_a7_ ** x) + _a5_)) * _a6_);{'d0': {'_a0_': 1.2157335333237334, '_a5_': 3.954359623367234, '_a6_': 0.29479472440751386, '_a7_': 32.030002211292725, '_a1_': 1.0, '_a2_': 1.0, '_a3_': 1.0, '_a4_': 1.0}};{'d0': 0.1415638850039003};-172.216577717293;35.99522602446599
321;-50.1130628341804;((tan((_a0_ * x)) * ((_a7_ ** x) + _a5_)) * _a6_);{'d0': {'_a0_': 1.2157335333237334, '_a5_': 3.954359623367234, '_a6_': 0.29479472440751386, '_a7_': 32.030002211292725, '_a1_': 1.0, '_a2_': 1.0, '_a3_': 1.0, '_a4_': 1.0}};{'d0': 0.1415638850039003};-172.216577717293;35.99522602446599
322;-50.1130628341804;((tan((_a0_ * x)) * ((_a7_ ** x) + _a5_)) * _a6_);{'d0': {'_a0_': 1.2157335333237334, '_a5_': 3.954359623367234, '_a6_': 0.29479472440751386, '_a7_': 32.030002211292725, '_a1_': 1.0, '_a2_': 1.0, '_a3_': 1.0, '_a4_': 1.0}};{'d0': 0.1415638850039003};-172.216577717293;35.99522602446599
323;-50.1130628341804;((tan((_a0_ * x)) * ((_a7_ ** x) + _a5_)) * _a6_);{'d0': {'_a0_': 1.2157335333237334, '_a5_': 3.954359623367234, '_a6_': 0.29479472440751386, '_a7_': 32.030002211292725, '_a1_': 1.0, '_a2_': 1.0, '_a3_': 1.0, '_a4_': 1.0}};{'d0': 0.1415638850039003};-172.216577717293;35.99522602446599
324;-50.1130628341804;((tan((_a0_ * x)) * ((_a7_ ** x) + _a5_)) * _a6_);{'d0': {'_a0_': 1.2157335333237334, '_a5_': 3.954359623367234, '_a6_': 0.29479472440751386, '_a7_': 32.030002211292725, '_a1_': 1.0, '_a2_': 1.0, '_a3_': 1.0, '_a4_': 1.0}};{'d0': 0.1415638850039003};-172.216577717293;35.99522602446599
325;-50.1130628341804;((tan((_a0_ * x)) * ((_a7_ ** x) + _a5_)) * _a6_);{'d0': {'_a0_': 1.2157335333237334, '_a5_': 3.954359623367234, '_a6_': 0.29479472440751386, '_a7_': 32.030002211292725, '_a1_': 1.0, '_a2_': 1.0, '_a3_': 1.0, '_a4_': 1.0}};{'d0': 0.1415638850039003};-172.216577717293;35.99522602446599
326;-50.1130628341804;((tan((_a0_ * x)) * ((_a7_ ** x) + _a5_)) * _a6_);{'d0': {'_a0_': 1.2157335333237334, '_a5_': 3.954359623367234, '_a6_': 0.29479472440751386, '_a7_': 32.030002211292725, '_a1_': 1.0, '_a2_': 1.0, '_a3_': 1.0, '_a4_': 1.0}};{'d0': 0.1415638850039003};-172.216577717293;35.99522602446599
327;-50.1130628341804;((tan((_a0_ * x)) * ((_a7_ ** x) + _a5_)) * _a6_);{'d0': {'_a0_': 1.2157335333237334, '_a5_': 3.954359623367234, '_a6_': 0.29479472440751386, '_a7_': 32.030002211292725, '_a1_': 1.0, '_a2_': 1.0, '_a3_': 1.0, '_a4_': 1.0}};{'d0': 0.1415638850039003};-172.216577717293;35.99522602446599
328;-50.1130628341804;((tan((_a0_ * x)) * ((_a7_ ** x) + _a5_)) * _a6_);{'d0': {'_a0_': 1.2157335333237334, '_a5_': 3.954359623367234, '_a6_': 0.29479472440751386, '_a7_': 32.030002211292725, '_a1_': 1.0, '_a2_': 1.0, '_a3_': 1.0, '_a4_': 1.0}};{'d0': 0.1415638850039003};-172.216577717293;35.99522602446599
329;-50.1130628341804;((tan((_a0_ * x)) * ((_a7_ ** x) + _a5_)) * _a6_);{'d0': {'_a0_': 1.2157335333237334, '_a5_': 3.954359623367234, '_a6_': 0.29479472440751386, '_a7_': 32.030002211292725, '_a1_': 1.0, '_a2_': 1.0, '_a3_': 1.0, '_a4_': 1.0}};{'d0': 0.1415638850039003};-172.216577717293;35.99522602446599
330;-50.1130628341804;((tan((_a0_ * x)) * ((_a7_ ** x) + _a5_)) * _a6_);{'d0': {'_a0_': 1.2157335333237334, '_a5_': 3.954359623367234, '_a6_': 0.29479472440751386, '_a7_': 32.030002211292725, '_a1_': 1.0, '_a2_': 1.0, '_a3_': 1.0, '_a4_': 1.0}};{'d0': 0.1415638850039003};-172.216577717293;35.99522602446599
331;-50.1130628341804;((tan((_a0_ * x)) * ((_a7_ ** x) + _a5_)) * _a6_);{'d0': {'_a0_': 1.2157335333237334, '_a5_': 3.954359623367234, '_a6_': 0.29479472440751386, '_a7_': 32.030002211292725, '_a1_': 1.0, '_a2_': 1.0, '_a3_': 1.0, '_a4_': 1.0}};{'d0': 0.1415638850039003};-172.216577717293;35.99522602446599
332;-50.1130628341804;((tan((_a0_ * x)) * ((_a7_ ** x) + _a5_)) * _a6_);{'d0': {'_a0_': 1.2157335333237334, '_a5_': 3.954359623367234, '_a6_': 0.29479472440751386, '_a7_': 32.030002211292725, '_a1_': 1.0, '_a2_': 1.0, '_a3_': 1.0, '_a4_': 1.0}};{'d0': 0.1415638850039003};-172.216577717293;35.99522602446599
333;-50.1130628341804;((tan((_a0_ * x)) * ((_a7_ ** x) + _a5_)) * _a6_);{'d0': {'_a0_': 1.2157335333237334, '_a5_': 3.954359623367234, '_a6_': 0.29479472440751386, '_a7_': 32.030002211292725, '_a1_': 1.0, '_a2_': 1.0, '_a3_': 1.0, '_a4_': 1.0}};{'d0': 0.1415638850039003};-172.216577717293;35.99522602446599
334;-50.1130628341804;((tan((_a0_ * x)) * ((_a7_ ** x) + _a5_)) * _a6_);{'d0': {'_a0_': 1.2157335333237334, '_a5_': 3.954359623367234, '_a6_': 0.29479472440751386, '_a7_': 32.030002211292725, '_a1_': 1.0, '_a2_': 1.0, '_a3_': 1.0, '_a4_': 1.0}};{'d0': 0.1415638850039003};-172.216577717293;35.99522602446599
335;-50.1130628341804;((tan((_a0_ * x)) * ((_a7_ ** x) + _a5_)) * _a6_);{'d0': {'_a0_': 1.2157335333237334, '_a5_': 3.954359623367234, '_a6_': 0.29479472440751386, '_a7_': 32.030002211292725, '_a1_': 1.0, '_a2_': 1.0, '_a3_': 1.0, '_a4_': 1.0}};{'d0': 0.1415638850039003};-172.216577717293;35.99522602446599
336;-50.1130628341804;((tan((_a0_ * x)) * ((_a7_ ** x) + _a5_)) * _a6_);{'d0': {'_a0_': 1.2157335333237334, '_a5_': 3.954359623367234, '_a6_': 0.29479472440751386, '_a7_': 32.030002211292725, '_a1_': 1.0, '_a2_': 1.0, '_a3_': 1.0, '_a4_': 1.0}};{'d0': 0.1415638850039003};-172.216577717293;35.99522602446599
337;-37.0040674954629;(((tan((_a5_ + (x * _a3_))) * _a6_) + cos(_a7_)) * _a5_);{'d0': {'_a3_': 1.5357876839211366, '_a5_': 0.336748400253648, '_a6_': 3.319931596648947, '_a7_': 3.1415925668498375, '_a0_': 1.0, '_a1_': 1.0, '_a2_': 1.0, '_a4_': 1.0}};{'d0': 0.18343044098505082};-156.671512030858;41.331688519966
338;-33.3061331262180;(((tan((_a5_ + (x * _a3_))) * _a6_) + cos(pow2(_a1_))) * _a5_);{'d0': {'_a1_': 1.7724543698848032, '_a3_': 1.5357826132527927, '_a5_': 0.3367459164604465, '_a6_': 3.3199788749758765, '_a0_': 1.0, '_a2_': 1.0, '_a4_': 1.0, '_a7_': 1.0}};{'d0': 0.18343044035304032};-156.671512237588;45.029622992576
339;-33.3061331262180;(((tan((_a5_ + (x * _a3_))) * _a6_) + cos(pow2(_a1_))) * _a5_);{'d0': {'_a1_': 1.7724543698848032, '_a3_': 1.5357826132527927, '_a5_': 0.3367459164604465, '_a6_': 3.3199788749758765, '_a0_': 1.0, '_a2_': 1.0, '_a4_': 1.0, '_a7_': 1.0}};{'d0': 0.18343044035304032};-156.671512237588;45.029622992576
340;-33.3061331262180;(((tan((_a5_ + (x * _a3_))) * _a6_) + cos(pow2(_a1_))) * _a5_);{'d0': {'_a1_': 1.7724543698848032, '_a3_': 1.5357826132527927, '_a5_': 0.3367459164604465, '_a6_': 3.3199788749758765, '_a0_': 1.0, '_a2_': 1.0, '_a4_': 1.0, '_a7_': 1.0}};{'d0': 0.18343044035304032};-156.671512237588;45.029622992576
341;-33.3061331262180;(((tan((_a5_ + (x * _a3_))) * _a6_) + cos(pow2(_a1_))) * _a5_);{'d0': {'_a1_': 1.7724543698848032, '_a3_': 1.5357826132527927, '_a5_': 0.3367459164604465, '_a6_': 3.3199788749758765, '_a0_': 1.0, '_a2_': 1.0, '_a4_': 1.0, '_a7_': 1.0}};{'d0': 0.18343044035304032};-156.671512237588;45.029622992576
342;-31.6379993297403;(((tan((_a5_ + (x * _a3_))) * _a6_) + cos(exp(_a1_))) * _a5_);{'d0': {'_a1_': 1.1447286530400003, '_a3_': 1.5357886145828683, '_a5_': 0.33674894050268445, '_a6_': 3.319922361487632, '_a0_': 1.0, '_a2_': 1.0, '_a4_': 1.0, '_a7_': 1.0}};{'d0': 0.18343044117497792};-156.671511968733;46.697756654626005
343;-31.6379993297403;(((tan((_a5_ + (x * _a3_))) * _a6_) + cos(exp(_a1_))) * _a5_);{'d0': {'_a1_': 1.1447286530400003, '_a3_': 1.5357886145828683, '_a5_': 0.33674894050268445, '_a6_': 3.319922361487632, '_a0_': 1.0, '_a2_': 1.0, '_a4_': 1.0, '_a7_': 1.0}};{'d0': 0.18343044117497792};-156.671511968733;46.697756654626005
344;-38.7950386148863;(((tan((_a5_ + (x * _a3_))) * _a6_) + cos(_a6_)) * _a5_);{'d0': {'_a3_': 1.5441320846184956, '_a5_': 0.34038592891167735, '_a6_': 3.2464427915715084, '_a0_': 1.0, '_a1_': 1.0, '_a2_': 1.0, '_a4_': 1.0, '_a7_': 1.0}};{'d0': 0.18500365213461828};-160.253454269705;41.33168851996601
345;-38.7950386148863;(((tan((_a5_ + (x * _a3_))) * _a6_) + cos(_a6_)) * _a5_);{'d0': {'_a3_': 1.5441320846184956, '_a5_': 0.34038592891167735, '_a6_': 3.2464427915715084, '_a0_': 1.0, '_a1_': 1.0, '_a2_': 1.0, '_a4_': 1.0, '_a7_': 1.0}};{'d0': 0.18500365213461828};-160.253454269705;41.33168851996601
346;-38.7950386148863;(((tan((_a5_ + (x * _a3_))) * _a6_) + cos(_a6_)) * _a5_);{'d0': {'_a3_': 1.5441320846184956, '_a5_': 0.34038592891167735, '_a6_': 3.2464427915715084, '_a0_': 1.0, '_a1_': 1.0, '_a2_': 1.0, '_a4_': 1.0, '_a7_': 1.0}};{'d0': 0.18500365213461828};-160.253454269705;41.33168851996601
347;-38.7950386148863;(((tan((_a5_ + (x * _a3_))) * _a6_) + cos(_a6_)) * _a5_);{'d0': {'_a3_': 1.5441320846184956, '_a5_': 0.34038592891167735, '_a6_': 3.2464427915715084, '_a0_': 1.0, '_a1_': 1.0, '_a2_': 1.0, '_a4_': 1.0, '_a7_': 1.0}};{'d0': 0.18500365213461828};-160.253454269705;41.33168851996601
348;-38.7950386148863;(((tan((_a5_ + (x * _a3_))) * _a6_) + cos(_a6_)) * _a5_);{'d0': {'_a3_': 1.5441320846184956, '_a5_': 0.34038592891167735, '_a6_': 3.2464427915715084, '_a0_': 1.0, '_a1_': 1.0, '_a2_': 1.0, '_a4_': 1.0, '_a7_': 1.0}};{'d0': 0.18500365213461828};-160.253454269705;41.33168851996601
349;-50.1130628341804;((tan((_a0_ * x)) * ((_a7_ ** x) + _a5_)) * _a6_);{'d0': {'_a0_': 1.2157335333237334, '_a5_': 3.954359623367234, '_a6_': 0.29479472440751386, '_a7_': 32.030002211292725, '_a1_': 1.0, '_a2_': 1.0, '_a3_': 1.0, '_a4_': 1.0}};{'d0': 0.1415638850039003};-172.216577717293;35.99522602446599
350;-50.1130628341804;((tan((_a0_ * x)) * ((_a7_ ** x) + _a5_)) * _a6_);{'d0': {'_a0_': 1.2157335333237334, '_a5_': 3.954359623367234, '_a6_': 0.29479472440751386, '_a7_': 32.030002211292725, '_a1_': 1.0, '_a2_': 1.0, '_a3_': 1.0, '_a4_': 1.0}};{'d0': 0.1415638850039003};-172.216577717293;35.99522602446599
351;-50.1130628341804;((tan((_a0_ * x)) * ((_a7_ ** x) + _a5_)) * _a6_);{'d0': {'_a0_': 1.2157335333237334, '_a5_': 3.954359623367234, '_a6_': 0.29479472440751386, '_a7_': 32.030002211292725, '_a1_': 1.0, '_a2_': 1.0, '_a3_': 1.0, '_a4_': 1.0}};{'d0': 0.1415638850039003};-172.216577717293;35.99522602446599
352;-50.1130628341804;((tan((_a0_ * x)) * ((_a7_ ** x) + _a5_)) * _a6_);{'d0': {'_a0_': 1.2157335333237334, '_a5_': 3.954359623367234, '_a6_': 0.29479472440751386, '_a7_': 32.030002211292725, '_a1_': 1.0, '_a2_': 1.0, '_a3_': 1.0, '_a4_': 1.0}};{'d0': 0.1415638850039003};-172.216577717293;35.99522602446599
353;-50.1130628341804;((tan((_a0_ * x)) * ((_a7_ ** x) + _a5_)) * _a6_);{'d0': {'_a0_': 1.2157335333237334, '_a5_': 3.954359623367234, '_a6_': 0.29479472440751386, '_a7_': 32.030002211292725, '_a1_': 1.0, '_a2_': 1.0, '_a3_': 1.0, '_a4_': 1.0}};{'d0': 0.1415638850039003};-172.216577717293;35.99522602446599
354;-50.1130628341804;((tan((_a0_ * x)) * ((_a7_ ** x) + _a5_)) * _a6_);{'d0': {'_a0_': 1.2157335333237334, '_a5_': 3.954359623367234, '_a6_': 0.29479472440751386, '_a7_': 32.030002211292725, '_a1_': 1.0, '_a2_': 1.0, '_a3_': 1.0, '_a4_': 1.0}};{'d0': 0.1415638850039003};-172.216577717293;35.99522602446599
355;-50.1130628341804;((tan((_a0_ * x)) * ((_a7_ ** x) + _a5_)) * _a6_);{'d0': {'_a0_': 1.2157335333237334, '_a5_': 3.954359623367234, '_a6_': 0.29479472440751386, '_a7_': 32.030002211292725, '_a1_': 1.0, '_a2_': 1.0, '_a3_': 1.0, '_a4_': 1.0}};{'d0': 0.1415638850039003};-172.216577717293;35.99522602446599
356;-50.1130628341804;((tan((_a0_ * x)) * ((_a7_ ** x) + _a5_)) * _a6_);{'d0': {'_a0_': 1.2157335333237334, '_a5_': 3.954359623367234, '_a6_': 0.29479472440751386, '_a7_': 32.030002211292725, '_a1_': 1.0, '_a2_': 1.0, '_a3_': 1.0, '_a4_': 1.0}};{'d0': 0.1415638850039003};-172.216577717293;35.99522602446599
357;-50.1130628341804;((tan((_a0_ * x)) * ((_a7_ ** x) + _a5_)) * _a6_);{'d0': {'_a0_': 1.2157335333237334, '_a5_': 3.954359623367234, '_a6_': 0.29479472440751386, '_a7_': 32.030002211292725, '_a1_': 1.0, '_a2_': 1.0, '_a3_': 1.0, '_a4_': 1.0}};{'d0': 0.1415638850039003};-172.216577717293;35.99522602446599
358;-38.7950386148863;(((tan((_a5_ + (x * _a3_))) * _a6_) + cos(_a6_)) * _a5_);{'d0': {'_a3_': 1.5441320846184956, '_a5_': 0.34038592891167735, '_a6_': 3.2464427915715084, '_a0_': 1.0, '_a1_': 1.0, '_a2_': 1.0, '_a4_': 1.0, '_a7_': 1.0}};{'d0': 0.18500365213461828};-160.253454269705;41.33168851996601
359;-38.7950386148863;(((tan((_a5_ + (x * _a3_))) * _a6_) + cos(_a6_)) * _a5_);{'d0': {'_a3_': 1.5441320846184956, '_a5_': 0.34038592891167735, '_a6_': 3.2464427915715084, '_a0_': 1.0, '_a1_': 1.0, '_a2_': 1.0, '_a4_': 1.0, '_a7_': 1.0}};{'d0': 0.18500365213461828};-160.253454269705;41.33168851996601
360;-38.7950386148863;(((tan((_a5_ + (x * _a3_))) * _a6_) + cos(_a6_)) * _a5_);{'d0': {'_a3_': 1.5441320846184956, '_a5_': 0.34038592891167735, '_a6_': 3.2464427915715084, '_a0_': 1.0, '_a1_': 1.0, '_a2_': 1.0, '_a4_': 1.0, '_a7_': 1.0}};{'d0': 0.18500365213461828};-160.253454269705;41.33168851996601
361;-38.7950386148863;(((tan((_a5_ + (x * _a3_))) * _a6_) + cos(_a6_)) * _a5_);{'d0': {'_a3_': 1.5441320846184956, '_a5_': 0.34038592891167735, '_a6_': 3.2464427915715084, '_a0_': 1.0, '_a1_': 1.0, '_a2_': 1.0, '_a4_': 1.0, '_a7_': 1.0}};{'d0': 0.18500365213461828};-160.253454269705;41.33168851996601
362;-38.7950386148863;(((tan((_a5_ + (x * _a3_))) * _a6_) + cos(_a6_)) * _a5_);{'d0': {'_a3_': 1.5441320846184956, '_a5_': 0.34038592891167735, '_a6_': 3.2464427915715084, '_a0_': 1.0, '_a1_': 1.0, '_a2_': 1.0, '_a4_': 1.0, '_a7_': 1.0}};{'d0': 0.18500365213461828};-160.253454269705;41.33168851996601
363;-38.7950386148863;(((tan((_a5_ + (x * _a3_))) * _a6_) + cos(_a6_)) * _a5_);{'d0': {'_a3_': 1.5441320846184956, '_a5_': 0.34038592891167735, '_a6_': 3.2464427915715084, '_a0_': 1.0, '_a1_': 1.0, '_a2_': 1.0, '_a4_': 1.0, '_a7_': 1.0}};{'d0': 0.18500365213461828};-160.253454269705;41.33168851996601
364;-38.7950386148863;(((tan((_a5_ + (x * _a3_))) * _a6_) + cos(_a6_)) * _a5_);{'d0': {'_a3_': 1.5441320846184956, '_a5_': 0.34038592891167735, '_a6_': 3.2464427915715084, '_a0_': 1.0, '_a1_': 1.0, '_a2_': 1.0, '_a4_': 1.0, '_a7_': 1.0}};{'d0': 0.18500365213461828};-160.253454269705;41.33168851996601
365;-38.7950386148863;(((tan((_a5_ + (x * _a3_))) * _a6_) + cos(_a6_)) * _a5_);{'d0': {'_a3_': 1.5441320846184956, '_a5_': 0.34038592891167735, '_a6_': 3.2464427915715084, '_a0_': 1.0, '_a1_': 1.0, '_a2_': 1.0, '_a4_': 1.0, '_a7_': 1.0}};{'d0': 0.18500365213461828};-160.253454269705;41.33168851996601
366;-38.7950386148863;(((tan((_a5_ + (x * _a3_))) * _a6_) + cos(_a6_)) * _a5_);{'d0': {'_a3_': 1.5441320846184956, '_a5_': 0.34038592891167735, '_a6_': 3.2464427915715084, '_a0_': 1.0, '_a1_': 1.0, '_a2_': 1.0, '_a4_': 1.0, '_a7_': 1.0}};{'d0': 0.18500365213461828};-160.253454269705;41.33168851996601
367;-38.7950386148863;(((tan((_a5_ + (x * _a3_))) * _a6_) + cos(_a6_)) * _a5_);{'d0': {'_a3_': 1.5441320846184956, '_a5_': 0.34038592891167735, '_a6_': 3.2464427915715084, '_a0_': 1.0, '_a1_': 1.0, '_a2_': 1.0, '_a4_': 1.0, '_a7_': 1.0}};{'d0': 0.18500365213461828};-160.253454269705;41.33168851996601
368;-38.7950386148863;(((tan((_a5_ + (x * _a3_))) * _a6_) + cos(_a6_)) * _a5_);{'d0': {'_a3_': 1.5441320846184956, '_a5_': 0.34038592891167735, '_a6_': 3.2464427915715084, '_a0_': 1.0, '_a1_': 1.0, '_a2_': 1.0, '_a4_': 1.0, '_a7_': 1.0}};{'d0': 0.18500365213461828};-160.253454269705;41.33168851996601
369;-50.1130628341804;((tan((_a0_ * x)) * ((_a7_ ** x) + _a5_)) * _a6_);{'d0': {'_a0_': 1.2157335333237334, '_a5_': 3.954359623367234, '_a6_': 0.29479472440751386, '_a7_': 32.030002211292725, '_a1_': 1.0, '_a2_': 1.0, '_a3_': 1.0, '_a4_': 1.0}};{'d0': 0.1415638850039003};-172.216577717293;35.99522602446599
370;-50.1130628341804;((tan((_a0_ * x)) * ((_a7_ ** x) + _a5_)) * _a6_);{'d0': {'_a0_': 1.2157335333237334, '_a5_': 3.954359623367234, '_a6_': 0.29479472440751386, '_a7_': 32.030002211292725, '_a1_': 1.0, '_a2_': 1.0, '_a3_': 1.0, '_a4_': 1.0}};{'d0': 0.1415638850039003};-172.216577717293;35.99522602446599
371;-50.1130628341804;((tan((_a0_ * x)) * ((_a7_ ** x) + _a5_)) * _a6_);{'d0': {'_a0_': 1.2157335333237334, '_a5_': 3.954359623367234, '_a6_': 0.29479472440751386, '_a7_': 32.030002211292725, '_a1_': 1.0, '_a2_': 1.0, '_a3_': 1.0, '_a4_': 1.0}};{'d0': 0.1415638850039003};-172.216577717293;35.99522602446599
372;-50.1130628341804;((tan((_a0_ * x)) * ((_a7_ ** x) + _a5_)) * _a6_);{'d0': {'_a0_': 1.2157335333237334, '_a5_': 3.954359623367234, '_a6_': 0.29479472440751386, '_a7_': 32.030002211292725, '_a1_': 1.0, '_a2_': 1.0, '_a3_': 1.0, '_a4_': 1.0}};{'d0': 0.1415638850039003};-172.216577717293;35.99522602446599
373;-50.1130628341804;((tan((_a0_ * x)) * ((_a7_ ** x) + _a5_)) * _a6_);{'d0': {'_a0_': 1.2157335333237334, '_a5_': 3.954359623367234, '_a6_': 0.29479472440751386, '_a7_': 32.030002211292725, '_a1_': 1.0, '_a2_': 1.0, '_a3_': 1.0, '_a4_': 1.0}};{'d0': 0.1415638850039003};-172.216577717293;35.99522602446599
374;-50.1130628341804;((tan((_a0_ * x)) * ((_a7_ ** x) + _a5_)) * _a6_);{'d0': {'_a0_': 1.2157335333237334, '_a5_': 3.954359623367234, '_a6_': 0.29479472440751386, '_a7_': 32.030002211292725, '_a1_': 1.0, '_a2_': 1.0, '_a3_': 1.0, '_a4_': 1.0}};{'d0': 0.1415638850039003};-172.216577717293;35.99522602446599
375;-50.1130628341804;((tan((_a0_ * x)) * ((_a7_ ** x) + _a5_)) * _a6_);{'d0': {'_a0_': 1.2157335333237334, '_a5_': 3.954359623367234, '_a6_': 0.29479472440751386, '_a7_': 32.030002211292725, '_a1_': 1.0, '_a2_': 1.0, '_a3_': 1.0, '_a4_': 1.0}};{'d0': 0.1415638850039003};-172.216577717293;35.99522602446599
376;-38.7950386148863;(((tan((_a5_ + (x * _a3_))) * _a6_) + cos(_a6_)) * _a5_);{'d0': {'_a3_': 1.5441320846184956, '_a5_': 0.34038592891167735, '_a6_': 3.2464427915715084, '_a0_': 1.0, '_a1_': 1.0, '_a2_': 1.0, '_a4_': 1.0, '_a7_': 1.0}};{'d0': 0.18500365213461828};-160.253454269705;41.33168851996601
377;-38.7950386148863;(((tan((_a5_ + (x * _a3_))) * _a6_) + cos(_a6_)) * _a5_);{'d0': {'_a3_': 1.5441320846184956, '_a5_': 0.34038592891167735, '_a6_': 3.2464427915715084, '_a0_': 1.0, '_a1_': 1.0, '_a2_': 1.0, '_a4_': 1.0, '_a7_': 1.0}};{'d0': 0.18500365213461828};-160.253454269705;41.33168851996601
378;-38.7950386148863;(((tan((_a5_ + (x * _a3_))) * _a6_) + cos(_a6_)) * _a5_);{'d0': {'_a3_': 1.5441320846184956, '_a5_': 0.34038592891167735, '_a6_': 3.2464427915715084, '_a0_': 1.0, '_a1_': 1.0, '_a2_': 1.0, '_a4_': 1.0, '_a7_': 1.0}};{'d0': 0.18500365213461828};-160.253454269705;41.33168851996601
379;-38.7950386148863;(((tan((_a5_ + (x * _a3_))) * _a6_) + cos(_a6_)) * _a5_);{'d0': {'_a3_': 1.5441320846184956, '_a5_': 0.34038592891167735, '_a6_': 3.2464427915715084, '_a0_': 1.0, '_a1_': 1.0, '_a2_': 1.0, '_a4_': 1.0, '_a7_': 1.0}};{'d0': 0.18500365213461828};-160.253454269705;41.33168851996601
380;-50.1130628341804;((tan((_a0_ * x)) * ((_a7_ ** x) + _a5_)) * _a6_);{'d0': {'_a0_': 1.2157335333237334, '_a5_': 3.954359623367234, '_a6_': 0.29479472440751386, '_a7_': 32.030002211292725, '_a1_': 1.0, '_a2_': 1.0, '_a3_': 1.0, '_a4_': 1.0}};{'d0': 0.1415638850039003};-172.216577717293;35.99522602446599
381;-50.1130628341804;((tan((_a0_ * x)) * ((_a7_ ** x) + _a5_)) * _a6_);{'d0': {'_a0_': 1.2157335333237334, '_a5_': 3.954359623367234, '_a6_': 0.29479472440751386, '_a7_': 32.030002211292725, '_a1_': 1.0, '_a2_': 1.0, '_a3_': 1.0, '_a4_': 1.0}};{'d0': 0.1415638850039003};-172.216577717293;35.99522602446599
382;-50.1130628341804;((tan((_a0_ * x)) * ((_a7_ ** x) + _a5_)) * _a6_);{'d0': {'_a0_': 1.2157335333237334, '_a5_': 3.954359623367234, '_a6_': 0.29479472440751386, '_a7_': 32.030002211292725, '_a1_': 1.0, '_a2_': 1.0, '_a3_': 1.0, '_a4_': 1.0}};{'d0': 0.1415638850039003};-172.216577717293;35.99522602446599
383;-50.1130628341804;((tan((_a0_ * x)) * ((_a7_ ** x) + _a5_)) * _a6_);{'d0': {'_a0_': 1.2157335333237334, '_a5_': 3.954359623367234, '_a6_': 0.29479472440751386, '_a7_': 32.030002211292725, '_a1_': 1.0, '_a2_': 1.0, '_a3_': 1.0, '_a4_': 1.0}};{'d0': 0.1415638850039003};-172.216577717293;35.99522602446599
384;-50.1130628341804;((tan((_a0_ * x)) * ((_a7_ ** x) + _a5_)) * _a6_);{'d0': {'_a0_': 1.2157335333237334, '_a5_': 3.954359623367234, '_a6_': 0.29479472440751386, '_a7_': 32.030002211292725, '_a1_': 1.0, '_a2_': 1.0, '_a3_': 1.0, '_a4_': 1.0}};{'d0': 0.1415638850039003};-172.216577717293;35.99522602446599
385;-50.1130628341804;((tan((_a0_ * x)) * ((_a7_ ** x) + _a5_)) * _a6_);{'d0': {'_a0_': 1.2157335333237334, '_a5_': 3.954359623367234, '_a6_': 0.29479472440751386, '_a7_': 32.030002211292725, '_a1_': 1.0, '_a2_': 1.0, '_a3_': 1.0, '_a4_': 1.0}};{'d0': 0.1415638850039003};-172.216577717293;35.99522602446599
386;-50.1130628341804;((tan((_a0_ * x)) * ((_a7_ ** x) + _a5_)) * _a6_);{'d0': {'_a0_': 1.2157335333237334, '_a5_': 3.954359623367234, '_a6_': 0.29479472440751386, '_a7_': 32.030002211292725, '_a1_': 1.0, '_a2_': 1.0, '_a3_': 1.0, '_a4_': 1.0}};{'d0': 0.1415638850039003};-172.216577717293;35.99522602446599
387;-50.1130628341804;((tan((_a0_ * x)) * ((_a7_ ** x) + _a5_)) * _a6_);{'d0': {'_a0_': 1.2157335333237334, '_a5_': 3.954359623367234, '_a6_': 0.29479472440751386, '_a7_': 32.030002211292725, '_a1_': 1.0, '_a2_': 1.0, '_a3_': 1.0, '_a4_': 1.0}};{'d0': 0.1415638850039003};-172.216577717293;35.99522602446599
388;-50.1130628341804;((tan((_a0_ * x)) * ((_a7_ ** x) + _a5_)) * _a6_);{'d0': {'_a0_': 1.2157335333237334, '_a5_': 3.954359623367234, '_a6_': 0.29479472440751386, '_a7_': 32.030002211292725, '_a1_': 1.0, '_a2_': 1.0, '_a3_': 1.0, '_a4_': 1.0}};{'d0': 0.1415638850039003};-172.216577717293;35.99522602446599
389;-50.1130628341804;((tan((_a0_ * x)) * ((_a7_ ** x) + _a5_)) * _a6_);{'d0': {'_a0_': 1.2157335333237334, '_a5_': 3.954359623367234, '_a6_': 0.29479472440751386, '_a7_': 32.030002211292725, '_a1_': 1.0, '_a2_': 1.0, '_a3_': 1.0, '_a4_': 1.0}};{'d0': 0.1415638850039003};-172.216577717293;35.99522602446599
390;-46.4151283773069;((tan((_a0_ * x)) * ((_a7_ ** x) + _a5_)) * pow2(_a6_));{'d0': {'_a0_': 1.2157320390997213, '_a5_': 3.9545205388420475, '_a6_': 0.5429402972729053, '_a7_': 32.032632277775505, '_a1_': 1.0, '_a2_': 1.0, '_a3_': 1.0, '_a4_': 1.0}};{'d0': 0.14156388492964278};-172.216577748766;39.69316049707599
391;-42.7171938243626;((tan((_a0_ * x)) * ((pow2(_a7_) ** x) + _a5_)) * pow2(_a6_));{'d0': {'_a0_': 1.2157301156797027, '_a5_': 3.9547276806863967, '_a6_': 0.5429277770297833, '_a7_': 5.660036915686939, '_a1_': 1.0, '_a2_': 1.0, '_a3_': 1.0, '_a4_': 1.0}};{'d0': 0.14156388530872396};-172.216577588097;43.391094969685994
392;-42.7171938243626;((tan((_a0_ * x)) * ((pow2(_a7_) ** x) + _a5_)) * pow2(_a6_));{'d0': {'_a0_': 1.2157301156797027, '_a5_': 3.9547276806863967, '_a6_': 0.5429277770297833, '_a7_': 5.660036915686939, '_a1_': 1.0, '_a2_': 1.0, '_a3_': 1.0, '_a4_': 1.0}};{'d0': 0.14156388530872396};-172.216577588097;43.391094969685994
393;-42.7171938243626;((tan((_a0_ * x)) * ((pow2(_a7_) ** x) + _a5_)) * pow2(_a6_));{'d0': {'_a0_': 1.2157301156797027, '_a5_': 3.9547276806863967, '_a6_': 0.5429277770297833, '_a7_': 5.660036915686939, '_a1_': 1.0, '_a2_': 1.0, '_a3_': 1.0, '_a4_': 1.0}};{'d0': 0.14156388530872396};-172.216577588097;43.391094969685994
394;-42.7171938243626;((tan((_a0_ * x)) * ((pow2(_a7_) ** x) + _a5_)) * pow2(_a6_));{'d0': {'_a0_': 1.2157301156797027, '_a5_': 3.9547276806863967, '_a6_': 0.5429277770297833, '_a7_': 5.660036915686939, '_a1_': 1.0, '_a2_': 1.0, '_a3_': 1.0, '_a4_': 1.0}};{'d0': 0.14156388530872396};-172.216577588097;43.391094969685994
395;-42.7171938243626;((tan((_a0_ * x)) * ((pow2(_a7_) ** x) + _a5_)) * pow2(_a6_));{'d0': {'_a0_': 1.2157301156797027, '_a5_': 3.9547276806863967, '_a6_': 0.5429277770297833, '_a7_': 5.660036915686939, '_a1_': 1.0, '_a2_': 1.0, '_a3_': 1.0, '_a4_': 1.0}};{'d0': 0.14156388530872396};-172.216577588097;43.391094969685994
396;-42.7171938243626;((tan((_a0_ * x)) * ((pow2(_a7_) ** x) + _a5_)) * pow2(_a6_));{'d0': {'_a0_': 1.2157301156797027, '_a5_': 3.9547276806863967, '_a6_': 0.5429277770297833, '_a7_': 5.660036915686939, '_a1_': 1.0, '_a2_': 1.0, '_a3_': 1.0, '_a4_': 1.0}};{'d0': 0.14156388530872396};-172.216577588097;43.391094969685994
397;-40.4945273112493;((tan((_a0_ * x)) * ((pow2(_a7_) ** x) + _a5_)) * (_a2_ + _a7_));{'d0': {'_a0_': 1.215731312535113, '_a2_': -5.365071715269919, '_a5_': 3.954598752712266, '_a7_': 5.659850748684895, '_a1_': 1.0, '_a3_': 1.0, '_a4_': 1.0, '_a6_': 1.0}};{'d0': 0.14156388500999248};-172.216577714711;45.61376154610599
398;-40.4945273112493;((tan((_a0_ * x)) * ((pow2(_a7_) ** x) + _a5_)) * (_a2_ + _a7_));{'d0': {'_a0_': 1.215731312535113, '_a2_': -5.365071715269919, '_a5_': 3.954598752712266, '_a7_': 5.659850748684895, '_a1_': 1.0, '_a3_': 1.0, '_a4_': 1.0, '_a6_': 1.0}};{'d0': 0.14156388500999248};-172.216577714711;45.61376154610599
399;-40.4945273112493;((tan((_a0_ * x)) * ((pow2(_a7_) ** x) + _a5_)) * (_a2_ + _a7_));{'d0': {'_a0_': 1.215731312535113, '_a2_': -5.365071715269919, '_a5_': 3.954598752712266, '_a7_': 5.659850748684895, '_a1_': 1.0, '_a3_': 1.0, '_a4_': 1.0, '_a6_': 1.0}};{'d0': 0.14156388500999248};-172.216577714711;45.61376154610599
400;-40.4945273112493;((tan((_a0_ * x)) * ((pow2(_a7_) ** x) + _a5_)) * (_a2_ + _a7_));{'d0': {'_a0_': 1.215731312535113, '_a2_': -5.365071715269919, '_a5_': 3.954598752712266, '_a7_': 5.659850748684895, '_a1_': 1.0, '_a3_': 1.0, '_a4_': 1.0, '_a6_': 1.0}};{'d0': 0.14156388500999248};-172.216577714711;45.61376154610599
401;-40.4945273112493;((tan((_a0_ * x)) * ((pow2(_a7_) ** x) + _a5_)) * (_a2_ + _a7_));{'d0': {'_a0_': 1.215731312535113, '_a2_': -5.365071715269919, '_a5_': 3.954598752712266, '_a7_': 5.659850748684895, '_a1_': 1.0, '_a3_': 1.0, '_a4_': 1.0, '_a6_': 1.0}};{'d0': 0.14156388500999248};-172.216577714711;45.61376154610599
402;-40.4945273112493;((tan((_a0_ * x)) * ((pow2(_a7_) ** x) + _a5_)) * (_a2_ + _a7_));{'d0': {'_a0_': 1.215731312535113, '_a2_': -5.365071715269919, '_a5_': 3.954598752712266, '_a7_': 5.659850748684895, '_a1_': 1.0, '_a3_': 1.0, '_a4_': 1.0, '_a6_': 1.0}};{'d0': 0.14156388500999248};-172.216577714711;45.61376154610599
403;-40.4945273112493;((tan((_a0_ * x)) * ((pow2(_a7_) ** x) + _a5_)) * (_a2_ + _a7_));{'d0': {'_a0_': 1.215731312535113, '_a2_': -5.365071715269919, '_a5_': 3.954598752712266, '_a7_': 5.659850748684895, '_a1_': 1.0, '_a3_': 1.0, '_a4_': 1.0, '_a6_': 1.0}};{'d0': 0.14156388500999248};-172.216577714711;45.61376154610599
404;-40.4945273112493;((tan((_a0_ * x)) * ((pow2(_a7_) ** x) + _a5_)) * (_a2_ + _a7_));{'d0': {'_a0_': 1.215731312535113, '_a2_': -5.365071715269919, '_a5_': 3.954598752712266, '_a7_': 5.659850748684895, '_a1_': 1.0, '_a3_': 1.0, '_a4_': 1.0, '_a6_': 1.0}};{'d0': 0.14156388500999248};-172.216577714711;45.61376154610599
405;-40.4945273112493;((tan((_a0_ * x)) * ((pow2(_a7_) ** x) + _a5_)) * (_a2_ + _a7_));{'d0': {'_a0_': 1.215731312535113, '_a2_': -5.365071715269919, '_a5_': 3.954598752712266, '_a7_': 5.659850748684895, '_a1_': 1.0, '_a3_': 1.0, '_a4_': 1.0, '_a6_': 1.0}};{'d0': 0.14156388500999248};-172.216577714711;45.61376154610599
406;-40.4945273112493;((tan((_a0_ * x)) * ((pow2(_a7_) ** x) + _a5_)) * (_a2_ + _a7_));{'d0': {'_a0_': 1.215731312535113, '_a2_': -5.365071715269919, '_a5_': 3.954598752712266, '_a7_': 5.659850748684895, '_a1_': 1.0, '_a3_': 1.0, '_a4_': 1.0, '_a6_': 1.0}};{'d0': 0.14156388500999248};-172.216577714711;45.61376154610599
407;-40.4945273112493;((tan((_a0_ * x)) * ((pow2(_a7_) ** x) + _a5_)) * (_a2_ + _a7_));{'d0': {'_a0_': 1.215731312535113, '_a2_': -5.365071715269919, '_a5_': 3.954598752712266, '_a7_': 5.659850748684895, '_a1_': 1.0, '_a3_': 1.0, '_a4_': 1.0, '_a6_': 1.0}};{'d0': 0.14156388500999248};-172.216577714711;45.61376154610599
408;-40.4945273112493;((tan((_a0_ * x)) * ((pow2(_a7_) ** x) + _a5_)) * (_a2_ + _a7_));{'d0': {'_a0_': 1.215731312535113, '_a2_': -5.365071715269919, '_a5_': 3.954598752712266, '_a7_': 5.659850748684895, '_a1_': 1.0, '_a3_': 1.0, '_a4_': 1.0, '_a6_': 1.0}};{'d0': 0.14156388500999248};-172.216577714711;45.61376154610599
409;-40.4945273112493;((tan((_a0_ * x)) * ((pow2(_a7_) ** x) + _a5_)) * (_a2_ + _a7_));{'d0': {'_a0_': 1.215731312535113, '_a2_': -5.365071715269919, '_a5_': 3.954598752712266, '_a7_': 5.659850748684895, '_a1_': 1.0, '_a3_': 1.0, '_a4_': 1.0, '_a6_': 1.0}};{'d0': 0.14156388500999248};-172.216577714711;45.61376154610599
410;-40.4945273112493;((tan((_a0_ * x)) * ((pow2(_a7_) ** x) + _a5_)) * (_a2_ + _a7_));{'d0': {'_a0_': 1.215731312535113, '_a2_': -5.365071715269919, '_a5_': 3.954598752712266, '_a7_': 5.659850748684895, '_a1_': 1.0, '_a3_': 1.0, '_a4_': 1.0, '_a6_': 1.0}};{'d0': 0.14156388500999248};-172.216577714711;45.61376154610599
411;-40.4945273112493;((tan((_a0_ * x)) * ((pow2(_a7_) ** x) + _a5_)) * (_a2_ + _a7_));{'d0': {'_a0_': 1.215731312535113, '_a2_': -5.365071715269919, '_a5_': 3.954598752712266, '_a7_': 5.659850748684895, '_a1_': 1.0, '_a3_': 1.0, '_a4_': 1.0, '_a6_': 1.0}};{'d0': 0.14156388500999248};-172.216577714711;45.61376154610599
412;-40.4945273112493;((tan((_a0_ * x)) * ((pow2(_a7_) ** x) + _a5_)) * (_a2_ + _a7_));{'d0': {'_a0_': 1.215731312535113, '_a2_': -5.365071715269919, '_a5_': 3.954598752712266, '_a7_': 5.659850748684895, '_a1_': 1.0, '_a3_': 1.0, '_a4_': 1.0, '_a6_': 1.0}};{'d0': 0.14156388500999248};-172.216577714711;45.61376154610599
413;-40.4945273112493;((tan((_a0_ * x)) * ((pow2(_a7_) ** x) + _a5_)) * (_a2_ + _a7_));{'d0': {'_a0_': 1.215731312535113, '_a2_': -5.365071715269919, '_a5_': 3.954598752712266, '_a7_': 5.659850748684895, '_a1_': 1.0, '_a3_': 1.0, '_a4_': 1.0, '_a6_': 1.0}};{'d0': 0.14156388500999248};-172.216577714711;45.61376154610599
414;-40.4945273112493;((tan((_a0_ * x)) * ((pow2(_a7_) ** x) + _a5_)) * (_a2_ + _a7_));{'d0': {'_a0_': 1.215731312535113, '_a2_': -5.365071715269919, '_a5_': 3.954598752712266, '_a7_': 5.659850748684895, '_a1_': 1.0, '_a3_': 1.0, '_a4_': 1.0, '_a6_': 1.0}};{'d0': 0.14156388500999248};-172.216577714711;45.61376154610599
415;-40.4945273112493;((tan((_a0_ * x)) * ((pow2(_a7_) ** x) + _a5_)) * (_a2_ + _a7_));{'d0': {'_a0_': 1.215731312535113, '_a2_': -5.365071715269919, '_a5_': 3.954598752712266, '_a7_': 5.659850748684895, '_a1_': 1.0, '_a3_': 1.0, '_a4_': 1.0, '_a6_': 1.0}};{'d0': 0.14156388500999248};-172.216577714711;45.61376154610599
416;-40.4945273112493;((tan((_a0_ * x)) * ((pow2(_a7_) ** x) + _a5_)) * (_a2_ + _a7_));{'d0': {'_a0_': 1.215731312535113, '_a2_': -5.365071715269919, '_a5_': 3.954598752712266, '_a7_': 5.659850748684895, '_a1_': 1.0, '_a3_': 1.0, '_a4_': 1.0, '_a6_': 1.0}};{'d0': 0.14156388500999248};-172.216577714711;45.61376154610599
417;-40.4945273112493;((tan((_a0_ * x)) * ((pow2(_a7_) ** x) + _a5_)) * (_a2_ + _a7_));{'d0': {'_a0_': 1.215731312535113, '_a2_': -5.365071715269919, '_a5_': 3.954598752712266, '_a7_': 5.659850748684895, '_a1_': 1.0, '_a3_': 1.0, '_a4_': 1.0, '_a6_': 1.0}};{'d0': 0.14156388500999248};-172.216577714711;45.61376154610599
418;-40.4945273112493;((tan((_a0_ * x)) * ((pow2(_a7_) ** x) + _a5_)) * (_a2_ + _a7_));{'d0': {'_a0_': 1.215731312535113, '_a2_': -5.365071715269919, '_a5_': 3.954598752712266, '_a7_': 5.659850748684895, '_a1_': 1.0, '_a3_': 1.0, '_a4_': 1.0, '_a6_': 1.0}};{'d0': 0.14156388500999248};-172.216577714711;45.61376154610599
419;-40.4945273112493;((tan((_a0_ * x)) * ((pow2(_a7_) ** x) + _a5_)) * (_a2_ + _a7_));{'d0': {'_a0_': 1.215731312535113, '_a2_': -5.365071715269919, '_a5_': 3.954598752712266, '_a7_': 5.659850748684895, '_a1_': 1.0, '_a3_': 1.0, '_a4_': 1.0, '_a6_': 1.0}};{'d0': 0.14156388500999248};-172.216577714711;45.61376154610599
420;-40.4945273112493;((tan((_a0_ * x)) * ((pow2(_a7_) ** x) + _a5_)) * (_a2_ + _a7_));{'d0': {'_a0_': 1.215731312535113, '_a2_': -5.365071715269919, '_a5_': 3.954598752712266, '_a7_': 5.659850748684895, '_a1_': 1.0, '_a3_': 1.0, '_a4_': 1.0, '_a6_': 1.0}};{'d0': 0.14156388500999248};-172.216577714711;45.61376154610599
421;-36.8145801304059;-(((tan((_a0_ * x)) * ((pow2(_a7_) ** x) + _a5_)) * (_a2_ + _a7_)));{'d0': {'_a0_': 1.2157308234400737, '_a2_': -5.954702440279705, '_a5_': 3.9546514628368894, '_a7_': 5.6599268669429135, '_a1_': 1.0, '_a3_': 1.0, '_a4_': 1.0, '_a6_': 1.0}};{'d0': 0.14156388510711973};-172.216577673545;49.29370870636638
422;-36.8145801304059;-(((tan((_a0_ * x)) * ((pow2(_a7_) ** x) + _a5_)) * (_a2_ + _a7_)));{'d0': {'_a0_': 1.2157308234400737, '_a2_': -5.954702440279705, '_a5_': 3.9546514628368894, '_a7_': 5.6599268669429135, '_a1_': 1.0, '_a3_': 1.0, '_a4_': 1.0, '_a6_': 1.0}};{'d0': 0.14156388510711973};-172.216577673545;49.29370870636638
423;-36.8145801304059;-(((tan((_a0_ * x)) * ((pow2(_a7_) ** x) + _a5_)) * (_a2_ + _a7_)));{'d0': {'_a0_': 1.2157308234400737, '_a2_': -5.954702440279705, '_a5_': 3.9546514628368894, '_a7_': 5.6599268669429135, '_a1_': 1.0, '_a3_': 1.0, '_a4_': 1.0, '_a6_': 1.0}};{'d0': 0.14156388510711973};-172.216577673545;49.29370870636638
424;-40.5125145703267;-(((tan((_a0_ * x)) * ((_a7_ ** x) + _a5_)) * (_a2_ + _a7_)));{'d0': {'_a0_': 1.215730260636651, '_a2_': -32.33053327479088, '_a5_': 3.954712052118385, '_a7_': 32.03576167873853, '_a1_': 1.0, '_a3_': 1.0, '_a4_': 1.0, '_a6_': 1.0}};{'d0': 0.14156388526137348};-172.216577608166;45.59577423375638
425;-40.5125145703267;-(((tan((_a0_ * x)) * ((_a7_ ** x) + _a5_)) * (_a2_ + _a7_)));{'d0': {'_a0_': 1.215730260636651, '_a2_': -32.33053327479088, '_a5_': 3.954712052118385, '_a7_': 32.03576167873853, '_a1_': 1.0, '_a3_': 1.0, '_a4_': 1.0, '_a6_': 1.0}};{'d0': 0.14156388526137348};-172.216577608166;45.59577423375638
426;-40.5125145703267;-(((tan((_a0_ * x)) * ((_a7_ ** x) + _a5_)) * (_a2_ + _a7_)));{'d0': {'_a0_': 1.215730260636651, '_a2_': -32.33053327479088, '_a5_': 3.954712052118385, '_a7_': 32.03576167873853, '_a1_': 1.0, '_a3_': 1.0, '_a4_': 1.0, '_a6_': 1.0}};{'d0': 0.14156388526137348};-172.216577608166;45.59577423375638
427;-40.5125145703267;-(((tan((_a0_ * x)) * ((_a7_ ** x) + _a5_)) * (_a2_ + _a7_)));{'d0': {'_a0_': 1.215730260636651, '_a2_': -32.33053327479088, '_a5_': 3.954712052118385, '_a7_': 32.03576167873853, '_a1_': 1.0, '_a3_': 1.0, '_a4_': 1.0, '_a6_': 1.0}};{'d0': 0.14156388526137348};-172.216577608166;45.59577423375638
428;-44.1924617221080;((tan((_a0_ * x)) * ((_a7_ ** x) + _a5_)) * (_a2_ + _a7_));{'d0': {'_a0_': 1.2157347447297493, '_a2_': -31.733063660164433, '_a5_': 3.9542290079717928, '_a7_': 32.027866952740524, '_a1_': 1.0, '_a3_': 1.0, '_a4_': 1.0, '_a6_': 1.0}};{'d0': 0.14156388530138436};-172.216577591208;41.91582707349599
429;-44.1924617221080;((tan((_a0_ * x)) * ((_a7_ ** x) + _a5_)) * (_a2_ + _a7_));{'d0': {'_a0_': 1.2157347447297493, '_a2_': -31.733063660164433, '_a5_': 3.9542290079717928, '_a7_': 32.027866952740524, '_a1_': 1.0, '_a3_': 1.0, '_a4_': 1.0, '_a6_': 1.0}};{'d0': 0.14156388530138436};-172.216577591208;41.91582707349599
430;-44.1924617221080;((tan((_a0_ * x)) * ((_a7_ ** x) + _a5_)) * (_a2_ + _a7_));{'d0': {'_a0_': 1.2157347447297493, '_a2_': -31.733063660164433, '_a5_': 3.9542290079717928, '_a7_': 32.027866952740524, '_a1_': 1.0, '_a3_': 1.0, '_a4_': 1.0, '_a6_': 1.0}};{'d0': 0.14156388530138436};-172.216577591208;41.91582707349599
431;-44.1924617221080;((tan((_a0_ * x)) * ((_a7_ ** x) + _a5_)) * (_a2_ + _a7_));{'d0': {'_a0_': 1.2157347447297493, '_a2_': -31.733063660164433, '_a5_': 3.9542290079717928, '_a7_': 32.027866952740524, '_a1_': 1.0, '_a3_': 1.0, '_a4_': 1.0, '_a6_': 1.0}};{'d0': 0.14156388530138436};-172.216577591208;41.91582707349599
432;-44.1924617221080;((tan((_a0_ * x)) * ((_a7_ ** x) + _a5_)) * (_a2_ + _a7_));{'d0': {'_a0_': 1.2157347447297493, '_a2_': -31.733063660164433, '_a5_': 3.9542290079717928, '_a7_': 32.027866952740524, '_a1_': 1.0, '_a3_': 1.0, '_a4_': 1.0, '_a6_': 1.0}};{'d0': 0.14156388530138436};-172.216577591208;41.91582707349599
433;-44.1924617221080;((tan((_a0_ * x)) * ((_a7_ ** x) + _a5_)) * (_a2_ + _a7_));{'d0': {'_a0_': 1.2157347447297493, '_a2_': -31.733063660164433, '_a5_': 3.9542290079717928, '_a7_': 32.027866952740524, '_a1_': 1.0, '_a3_': 1.0, '_a4_': 1.0, '_a6_': 1.0}};{'d0': 0.14156388530138436};-172.216577591208;41.91582707349599
434;-44.3127710331004;((tan((_a0_ * x)) * ((_a7_ ** x) + _a5_)) * (_a2_ / _a7_));{'d0': {'_a0_': 1.2157343001217316, '_a2_': 9.442051181374621, '_a5_': 3.954276924847799, '_a7_': 32.02865042967321, '_a1_': 1.0, '_a3_': 1.0, '_a4_': 1.0, '_a6_': 1.0}};{'d0': 0.14156388516753665};-172.216577647938;41.79551779086839
435;-46.4151283773069;((tan((_a0_ * x)) * ((_a7_ ** x) + _a5_)) * pow2(_a6_));{'d0': {'_a0_': 1.2157320390997213, '_a5_': 3.9545205388420475, '_a6_': 0.5429402972729053, '_a7_': 32.032632277775505, '_a1_': 1.0, '_a2_': 1.0, '_a3_': 1.0, '_a4_': 1.0}};{'d0': 0.14156388492964278};-172.216577748766;39.693160497075986
436;-46.4151283773069;((tan((_a0_ * x)) * ((_a7_ ** x) + _a5_)) * pow2(_a6_));{'d0': {'_a0_': 1.2157320390997213, '_a5_': 3.9545205388420475, '_a6_': 0.5429402972729053, '_a7_': 32.032632277775505, '_a1_': 1.0, '_a2_': 1.0, '_a3_': 1.0, '_a4_': 1.0}};{'d0': 0.14156388492964278};-172.216577748766;39.693160497075986
437;-46.4151283773069;((tan((_a0_ * x)) * ((_a7_ ** x) + _a5_)) * pow2(_a6_));{'d0': {'_a0_': 1.2157320390997213, '_a5_': 3.9545205388420475, '_a6_': 0.5429402972729053, '_a7_': 32.032632277775505, '_a1_': 1.0, '_a2_': 1.0, '_a3_': 1.0, '_a4_': 1.0}};{'d0': 0.14156388492964278};-172.216577748766;39.693160497075986
438;-46.4151282710276;((tan((_a0_ * x)) * ((_a4_ ** x) + _a5_)) * pow2(_a6_));{'d0': {'_a0_': 1.2157297752357947, '_a4_': 32.03661558704688, '_a5_': 3.9547643206444163, '_a6_': 0.5429255621296145, '_a1_': 1.0, '_a2_': 1.0, '_a3_': 1.0, '_a7_': 1.0}};{'d0': 0.14156388543115336};-172.216577536207;39.693160497075986
439;-46.4151282710276;((tan((_a0_ * x)) * ((_a4_ ** x) + _a5_)) * pow2(_a6_));{'d0': {'_a0_': 1.2157297752357947, '_a4_': 32.03661558704688, '_a5_': 3.9547643206444163, '_a6_': 0.5429255621296145, '_a1_': 1.0, '_a2_': 1.0, '_a3_': 1.0, '_a7_': 1.0}};{'d0': 0.14156388543115336};-172.216577536207;39.693160497075986
440;-46.4151282710276;((tan((_a0_ * x)) * ((_a4_ ** x) + _a5_)) * pow2(_a6_));{'d0': {'_a0_': 1.2157297752357947, '_a4_': 32.03661558704688, '_a5_': 3.9547643206444163, '_a6_': 0.5429255621296145, '_a1_': 1.0, '_a2_': 1.0, '_a3_': 1.0, '_a7_': 1.0}};{'d0': 0.14156388543115336};-172.216577536207;39.693160497075986
441;-46.4151282710276;((tan((_a0_ * x)) * ((_a4_ ** x) + _a5_)) * pow2(_a6_));{'d0': {'_a0_': 1.2157297752357947, '_a4_': 32.03661558704688, '_a5_': 3.9547643206444163, '_a6_': 0.5429255621296145, '_a1_': 1.0, '_a2_': 1.0, '_a3_': 1.0, '_a7_': 1.0}};{'d0': 0.14156388543115336};-172.216577536207;39.693160497075986
442;-45.4918192525221;((tan((_a0_ * x)) * ((_a4_ ** x) + _a5_)) / pow2(_a6_));{'d0': {'_a0_': 1.2157324565313974, '_a4_': 32.03189738391048, '_a5_': 3.9544755614515528, '_a6_': 1.8418139137153935, '_a1_': 1.0, '_a2_': 1.0, '_a3_': 1.0, '_a7_': 1.0}};{'d0': 0.14156388491792823};-172.216577753731;40.61646962434339
443;-45.4918192525221;((tan((_a0_ * x)) * ((_a4_ ** x) + _a5_)) / pow2(_a6_));{'d0': {'_a0_': 1.2157324565313974, '_a4_': 32.03189738391048, '_a5_': 3.9544755614515528, '_a6_': 1.8418139137153935, '_a1_': 1.0, '_a2_': 1.0, '_a3_': 1.0, '_a7_': 1.0}};{'d0': 0.14156388491792823};-172.216577753731;40.61646962434339
444;-45.4918192525221;((tan((_a0_ * x)) * ((_a4_ ** x) + _a5_)) / pow2(_a6_));{'d0': {'_a0_': 1.2157324565313974, '_a4_': 32.03189738391048, '_a5_': 3.9544755614515528, '_a6_': 1.8418139137153935, '_a1_': 1.0, '_a2_': 1.0, '_a3_': 1.0, '_a7_': 1.0}};{'d0': 0.14156388491792823};-172.216577753731;40.61646962434339
445;-45.4918192525221;((tan((_a0_ * x)) * ((_a4_ ** x) + _a5_)) / pow2(_a6_));{'d0': {'_a0_': 1.2157324565313974, '_a4_': 32.03189738391048, '_a5_': 3.9544755614515528, '_a6_': 1.8418139137153935, '_a1_': 1.0, '_a2_': 1.0, '_a3_': 1.0, '_a7_': 1.0}};{'d0': 0.14156388491792823};-172.216577753731;40.61646962434339
446;-45.4918192525221;((tan((_a0_ * x)) * ((_a4_ ** x) + _a5_)) / pow2(_a6_));{'d0': {'_a0_': 1.2157324565313974, '_a4_': 32.03189738391048, '_a5_': 3.9544755614515528, '_a6_': 1.8418139137153935, '_a1_': 1.0, '_a2_': 1.0, '_a3_': 1.0, '_a7_': 1.0}};{'d0': 0.14156388491792823};-172.216577753731;40.61646962434339
447;-45.4918192525221;((tan((_a0_ * x)) * ((_a4_ ** x) + _a5_)) / pow2(_a6_));{'d0': {'_a0_': 1.2157324565313974, '_a4_': 32.03189738391048, '_a5_': 3.9544755614515528, '_a6_': 1.8418139137153935, '_a1_': 1.0, '_a2_': 1.0, '_a3_': 1.0, '_a7_': 1.0}};{'d0': 0.14156388491792823};-172.216577753731;40.61646962434339
448;-45.4918192525221;((tan((_a0_ * x)) * ((_a4_ ** x) + _a5_)) / pow2(_a6_));{'d0': {'_a0_': 1.2157324565313974, '_a4_': 32.03189738391048, '_a5_': 3.9544755614515528, '_a6_': 1.8418139137153935, '_a1_': 1.0, '_a2_': 1.0, '_a3_': 1.0, '_a7_': 1.0}};{'d0': 0.14156388491792823};-172.216577753731;40.61646962434339
449;-45.4918192525221;((tan((_a0_ * x)) * ((_a4_ ** x) + _a5_)) / pow2(_a6_));{'d0': {'_a0_': 1.2157324565313974, '_a4_': 32.03189738391048, '_a5_': 3.9544755614515528, '_a6_': 1.8418139137153935, '_a1_': 1.0, '_a2_': 1.0, '_a3_': 1.0, '_a7_': 1.0}};{'d0': 0.14156388491792823};-172.216577753731;40.61646962434339
450;-45.4918192525221;((tan((_a0_ * x)) * ((_a4_ ** x) + _a5_)) / pow2(_a6_));{'d0': {'_a0_': 1.2157324565313974, '_a4_': 32.03189738391048, '_a5_': 3.9544755614515528, '_a6_': 1.8418139137153935, '_a1_': 1.0, '_a2_': 1.0, '_a3_': 1.0, '_a7_': 1.0}};{'d0': 0.14156388491792823};-172.216577753731;40.61646962434339
451;-45.4918192525221;((tan((_a0_ * x)) * ((_a4_ ** x) + _a5_)) / pow2(_a6_));{'d0': {'_a0_': 1.2157324565313974, '_a4_': 32.03189738391048, '_a5_': 3.9544755614515528, '_a6_': 1.8418139137153935, '_a1_': 1.0, '_a2_': 1.0, '_a3_': 1.0, '_a7_': 1.0}};{'d0': 0.14156388491792823};-172.216577753731;40.61646962434339
452;-45.4918192525221;((tan((_a0_ * x)) * ((_a4_ ** x) + _a5_)) / pow2(_a6_));{'d0': {'_a0_': 1.2157324565313974, '_a4_': 32.03189738391048, '_a5_': 3.9544755614515528, '_a6_': 1.8418139137153935, '_a1_': 1.0, '_a2_': 1.0, '_a3_': 1.0, '_a7_': 1.0}};{'d0': 0.14156388491792823};-172.216577753731;40.61646962434339
453;-45.4918192525221;((tan((_a0_ * x)) * ((_a4_ ** x) + _a5_)) / pow2(_a6_));{'d0': {'_a0_': 1.2157324565313974, '_a4_': 32.03189738391048, '_a5_': 3.9544755614515528, '_a6_': 1.8418139137153935, '_a1_': 1.0, '_a2_': 1.0, '_a3_': 1.0, '_a7_': 1.0}};{'d0': 0.14156388491792823};-172.216577753731;40.61646962434339
454;-45.4918192525221;((tan((_a0_ * x)) * ((_a4_ ** x) + _a5_)) / pow2(_a6_));{'d0': {'_a0_': 1.2157324565313974, '_a4_': 32.03189738391048, '_a5_': 3.9544755614515528, '_a6_': 1.8418139137153935, '_a1_': 1.0, '_a2_': 1.0, '_a3_': 1.0, '_a7_': 1.0}};{'d0': 0.14156388491792823};-172.216577753731;40.61646962434339
455;-45.4918192525221;((tan((_a0_ * x)) * ((_a4_ ** x) + _a5_)) / pow2(_a6_));{'d0': {'_a0_': 1.2157324565313974, '_a4_': 32.03189738391048, '_a5_': 3.9544755614515528, '_a6_': 1.8418139137153935, '_a1_': 1.0, '_a2_': 1.0, '_a3_': 1.0, '_a7_': 1.0}};{'d0': 0.14156388491792823};-172.216577753731;40.61646962434339
456;-45.4918192525221;((tan((_a0_ * x)) * ((_a4_ ** x) + _a5_)) / pow2(_a6_));{'d0': {'_a0_': 1.2157324565313974, '_a4_': 32.03189738391048, '_a5_': 3.9544755614515528, '_a6_': 1.8418139137153935, '_a1_': 1.0, '_a2_': 1.0, '_a3_': 1.0, '_a7_': 1.0}};{'d0': 0.14156388491792823};-172.216577753731;40.61646962434339
457;-45.4918192525221;((tan((_a0_ * x)) * ((_a4_ ** x) + _a5_)) / pow2(_a6_));{'d0': {'_a0_': 1.2157324565313974, '_a4_': 32.03189738391048, '_a5_': 3.9544755614515528, '_a6_': 1.8418139137153935, '_a1_': 1.0, '_a2_': 1.0, '_a3_': 1.0, '_a7_': 1.0}};{'d0': 0.14156388491792823};-172.216577753731;40.61646962434339
458;-45.4918192525221;((tan((_a0_ * x)) * ((_a4_ ** x) + _a5_)) / pow2(_a6_));{'d0': {'_a0_': 1.2157324565313974, '_a4_': 32.03189738391048, '_a5_': 3.9544755614515528, '_a6_': 1.8418139137153935, '_a1_': 1.0, '_a2_': 1.0, '_a3_': 1.0, '_a7_': 1.0}};{'d0': 0.14156388491792823};-172.216577753731;40.61646962434339
459;-45.4918192525221;((tan((_a0_ * x)) * ((_a4_ ** x) + _a5_)) / pow2(_a6_));{'d0': {'_a0_': 1.2157324565313974, '_a4_': 32.03189738391048, '_a5_': 3.9544755614515528, '_a6_': 1.8418139137153935, '_a1_': 1.0, '_a2_': 1.0, '_a3_': 1.0, '_a7_': 1.0}};{'d0': 0.14156388491792823};-172.216577753731;40.61646962434339
460;-45.4918192525221;((tan((_a0_ * x)) * ((_a4_ ** x) + _a5_)) / pow2(_a6_));{'d0': {'_a0_': 1.2157324565313974, '_a4_': 32.03189738391048, '_a5_': 3.9544755614515528, '_a6_': 1.8418139137153935, '_a1_': 1.0, '_a2_': 1.0, '_a3_': 1.0, '_a7_': 1.0}};{'d0': 0.14156388491792823};-172.216577753731;40.61646962434339
461;-45.4918192525221;((tan((_a0_ * x)) * ((_a4_ ** x) + _a5_)) / pow2(_a6_));{'d0': {'_a0_': 1.2157324565313974, '_a4_': 32.03189738391048, '_a5_': 3.9544755614515528, '_a6_': 1.8418139137153935, '_a1_': 1.0, '_a2_': 1.0, '_a3_': 1.0, '_a7_': 1.0}};{'d0': 0.14156388491792823};-172.216577753731;40.61646962434339
462;-45.4918192525221;((tan((_a0_ * x)) * ((_a4_ ** x) + _a5_)) / pow2(_a6_));{'d0': {'_a0_': 1.2157324565313974, '_a4_': 32.03189738391048, '_a5_': 3.9544755614515528, '_a6_': 1.8418139137153935, '_a1_': 1.0, '_a2_': 1.0, '_a3_': 1.0, '_a7_': 1.0}};{'d0': 0.14156388491792823};-172.216577753731;40.61646962434339
463;-45.4918192525221;((tan((_a0_ * x)) * ((_a4_ ** x) + _a5_)) / pow2(_a6_));{'d0': {'_a0_': 1.2157324565313974, '_a4_': 32.03189738391048, '_a5_': 3.9544755614515528, '_a6_': 1.8418139137153935, '_a1_': 1.0, '_a2_': 1.0, '_a3_': 1.0, '_a7_': 1.0}};{'d0': 0.14156388491792823};-172.216577753731;40.61646962434339
464;-45.4918192525221;((tan((_a0_ * x)) * ((_a4_ ** x) + _a5_)) / pow2(_a6_));{'d0': {'_a0_': 1.2157324565313974, '_a4_': 32.03189738391048, '_a5_': 3.9544755614515528, '_a6_': 1.8418139137153935, '_a1_': 1.0, '_a2_': 1.0, '_a3_': 1.0, '_a7_': 1.0}};{'d0': 0.14156388491792823};-172.216577753731;40.61646962434339
465;-45.4918192525221;((tan((_a0_ * x)) * ((_a4_ ** x) + _a5_)) / pow2(_a6_));{'d0': {'_a0_': 1.2157324565313974, '_a4_': 32.03189738391048, '_a5_': 3.9544755614515528, '_a6_': 1.8418139137153935, '_a1_': 1.0, '_a2_': 1.0, '_a3_': 1.0, '_a7_': 1.0}};{'d0': 0.14156388491792823};-172.216577753731;40.61646962434339
466;-45.4918192525221;((tan((_a0_ * x)) * ((_a4_ ** x) + _a5_)) / pow2(_a6_));{'d0': {'_a0_': 1.2157324565313974, '_a4_': 32.03189738391048, '_a5_': 3.9544755614515528, '_a6_': 1.8418139137153935, '_a1_': 1.0, '_a2_': 1.0, '_a3_': 1.0, '_a7_': 1.0}};{'d0': 0.14156388491792823};-172.216577753731;40.61646962434339
467;-45.4918192525221;((tan((_a0_ * x)) * ((_a4_ ** x) + _a5_)) / pow2(_a6_));{'d0': {'_a0_': 1.2157324565313974, '_a4_': 32.03189738391048, '_a5_': 3.9544755614515528, '_a6_': 1.8418139137153935, '_a1_': 1.0, '_a2_': 1.0, '_a3_': 1.0, '_a7_': 1.0}};{'d0': 0.14156388491792823};-172.216577753731;40.61646962434339
468;-45.4918192525221;((tan((_a0_ * x)) * ((_a4_ ** x) + _a5_)) / pow2(_a6_));{'d0': {'_a0_': 1.2157324565313974, '_a4_': 32.03189738391048, '_a5_': 3.9544755614515528, '_a6_': 1.8418139137153935, '_a1_': 1.0, '_a2_': 1.0, '_a3_': 1.0, '_a7_': 1.0}};{'d0': 0.14156388491792823};-172.216577753731;40.61646962434339
469;-45.4918192525221;((tan((_a0_ * x)) * ((_a4_ ** x) + _a5_)) / pow2(_a6_));{'d0': {'_a0_': 1.2157324565313974, '_a4_': 32.03189738391048, '_a5_': 3.9544755614515528, '_a6_': 1.8418139137153935, '_a1_': 1.0, '_a2_': 1.0, '_a3_': 1.0, '_a7_': 1.0}};{'d0': 0.14156388491792823};-172.216577753731;40.61646962434339
470;-45.4918192525221;((tan((_a0_ * x)) * ((_a4_ ** x) + _a5_)) / pow2(_a6_));{'d0': {'_a0_': 1.2157324565313974, '_a4_': 32.03189738391048, '_a5_': 3.9544755614515528, '_a6_': 1.8418139137153935, '_a1_': 1.0, '_a2_': 1.0, '_a3_': 1.0, '_a7_': 1.0}};{'d0': 0.14156388491792823};-172.216577753731;40.61646962434339
471;-45.4918192525221;((tan((_a0_ * x)) * ((_a4_ ** x) + _a5_)) / pow2(_a6_));{'d0': {'_a0_': 1.2157324565313974, '_a4_': 32.03189738391048, '_a5_': 3.9544755614515528, '_a6_': 1.8418139137153935, '_a1_': 1.0, '_a2_': 1.0, '_a3_': 1.0, '_a7_': 1.0}};{'d0': 0.14156388491792823};-172.216577753731;40.61646962434339
472;-45.4918192525221;((tan((_a0_ * x)) * ((_a4_ ** x) + _a5_)) / pow2(_a6_));{'d0': {'_a0_': 1.2157324565313974, '_a4_': 32.03189738391048, '_a5_': 3.9544755614515528, '_a6_': 1.8418139137153935, '_a1_': 1.0, '_a2_': 1.0, '_a3_': 1.0, '_a7_': 1.0}};{'d0': 0.14156388491792823};-172.216577753731;40.61646962434339
473;-45.4918192525221;((tan((_a0_ * x)) * ((_a4_ ** x) + _a5_)) / pow2(_a6_));{'d0': {'_a0_': 1.2157324565313974, '_a4_': 32.03189738391048, '_a5_': 3.9544755614515528, '_a6_': 1.8418139137153935, '_a1_': 1.0, '_a2_': 1.0, '_a3_': 1.0, '_a7_': 1.0}};{'d0': 0.14156388491792823};-172.216577753731;40.61646962434339
474;-45.4918192525221;((tan((_a0_ * x)) * ((_a4_ ** x) + _a5_)) / pow2(_a6_));{'d0': {'_a0_': 1.2157324565313974, '_a4_': 32.03189738391048, '_a5_': 3.9544755614515528, '_a6_': 1.8418139137153935, '_a1_': 1.0, '_a2_': 1.0, '_a3_': 1.0, '_a7_': 1.0}};{'d0': 0.14156388491792823};-172.216577753731;40.61646962434339
475;-45.4918192525221;((tan((_a0_ * x)) * ((_a4_ ** x) + _a5_)) / pow2(_a6_));{'d0': {'_a0_': 1.2157324565313974, '_a4_': 32.03189738391048, '_a5_': 3.9544755614515528, '_a6_': 1.8418139137153935, '_a1_': 1.0, '_a2_': 1.0, '_a3_': 1.0, '_a7_': 1.0}};{'d0': 0.14156388491792823};-172.216577753731;40.61646962434339
476;-95.8171373236173;((sinh((_a5_ + (x / _a7_))) * _a3_) + _a4_);{'d0': {'_a3_': 0.4639959058916443, '_a4_': -0.3194052478969132, '_a5_': 0.6703030474969011, '_a7_': 0.3163147611959529, '_a0_': 1.0, '_a1_': 1.0, '_a2_': 1.0, '_a6_': 1.0}};{'d0': 0.03628100807638649};-253.903979024421;31.13485218859341
477;-95.8171373236173;((sinh((_a5_ + (x / _a7_))) * _a3_) + _a4_);{'d0': {'_a3_': 0.4639959058916443, '_a4_': -0.3194052478969132, '_a5_': 0.6703030474969011, '_a7_': 0.3163147611959529, '_a0_': 1.0, '_a1_': 1.0, '_a2_': 1.0, '_a6_': 1.0}};{'d0': 0.03628100807638649};-253.903979024421;31.13485218859341
478;-95.8171373236173;((sinh((_a5_ + (x / _a7_))) * _a3_) + _a4_);{'d0': {'_a3_': 0.4639959058916443, '_a4_': -0.3194052478969132, '_a5_': 0.6703030474969011, '_a7_': 0.3163147611959529, '_a0_': 1.0, '_a1_': 1.0, '_a2_': 1.0, '_a6_': 1.0}};{'d0': 0.03628100807638649};-253.903979024421;31.13485218859341
479;-95.8171373236173;((sinh((_a5_ + (x / _a7_))) * _a3_) + _a4_);{'d0': {'_a3_': 0.4639959058916443, '_a4_': -0.3194052478969132, '_a5_': 0.6703030474969011, '_a7_': 0.3163147611959529, '_a0_': 1.0, '_a1_': 1.0, '_a2_': 1.0, '_a6_': 1.0}};{'d0': 0.03628100807638649};-253.903979024421;31.13485218859341
480;-95.8171373236173;((sinh((_a5_ + (x / _a7_))) * _a3_) + _a4_);{'d0': {'_a3_': 0.4639959058916443, '_a4_': -0.3194052478969132, '_a5_': 0.6703030474969011, '_a7_': 0.3163147611959529, '_a0_': 1.0, '_a1_': 1.0, '_a2_': 1.0, '_a6_': 1.0}};{'d0': 0.03628100807638649};-253.903979024421;31.13485218859341
481;-95.8171373236173;((sinh((_a5_ + (x / _a7_))) * _a3_) + _a4_);{'d0': {'_a3_': 0.4639959058916443, '_a4_': -0.3194052478969132, '_a5_': 0.6703030474969011, '_a7_': 0.3163147611959529, '_a0_': 1.0, '_a1_': 1.0, '_a2_': 1.0, '_a6_': 1.0}};{'d0': 0.03628100807638649};-253.903979024421;31.13485218859341
482;-95.8171373236173;((sinh((_a5_ + (x / _a7_))) * _a3_) + _a4_);{'d0': {'_a3_': 0.4639959058916443, '_a4_': -0.3194052478969132, '_a5_': 0.6703030474969011, '_a7_': 0.3163147611959529, '_a0_': 1.0, '_a1_': 1.0, '_a2_': 1.0, '_a6_': 1.0}};{'d0': 0.03628100807638649};-253.903979024421;31.13485218859341
483;-95.8171373236173;((sinh((_a5_ + (x / _a7_))) * _a3_) + _a4_);{'d0': {'_a3_': 0.4639959058916443, '_a4_': -0.3194052478969132, '_a5_': 0.6703030474969011, '_a7_': 0.3163147611959529, '_a0_': 1.0, '_a1_': 1.0, '_a2_': 1.0, '_a6_': 1.0}};{'d0': 0.03628100807638649};-253.903979024421;31.13485218859341
484;-95.8171373236173;((sinh((_a5_ + (x / _a7_))) * _a3_) + _a4_);{'d0': {'_a3_': 0.4639959058916443, '_a4_': -0.3194052478969132, '_a5_': 0.6703030474969011, '_a7_': 0.3163147611959529, '_a0_': 1.0, '_a1_': 1.0, '_a2_': 1.0, '_a6_': 1.0}};{'d0': 0.03628100807638649};-253.903979024421;31.13485218859341
485;-95.8171373236173;((sinh((_a5_ + (x / _a7_))) * _a3_) + _a4_);{'d0': {'_a3_': 0.4639959058916443, '_a4_': -0.3194052478969132, '_a5_': 0.6703030474969011, '_a7_': 0.3163147611959529, '_a0_': 1.0, '_a1_': 1.0, '_a2_': 1.0, '_a6_': 1.0}};{'d0': 0.03628100807638649};-253.903979024421;31.13485218859341
486;-95.8171373236173;((sinh((_a5_ + (x / _a7_))) * _a3_) + _a4_);{'d0': {'_a3_': 0.4639959058916443, '_a4_': -0.3194052478969132, '_a5_': 0.6703030474969011, '_a7_': 0.3163147611959529, '_a0_': 1.0, '_a1_': 1.0, '_a2_': 1.0, '_a6_': 1.0}};{'d0': 0.03628100807638649};-253.903979024421;31.13485218859341
487;-95.8171373236173;((sinh((_a5_ + (x / _a7_))) * _a3_) + _a4_);{'d0': {'_a3_': 0.4639959058916443, '_a4_': -0.3194052478969132, '_a5_': 0.6703030474969011, '_a7_': 0.3163147611959529, '_a0_': 1.0, '_a1_': 1.0, '_a2_': 1.0, '_a6_': 1.0}};{'d0': 0.03628100807638649};-253.903979024421;31.13485218859341
488;-95.8171373236173;((sinh((_a5_ + (x / _a7_))) * _a3_) + _a4_);{'d0': {'_a3_': 0.4639959058916443, '_a4_': -0.3194052478969132, '_a5_': 0.6703030474969011, '_a7_': 0.3163147611959529, '_a0_': 1.0, '_a1_': 1.0, '_a2_': 1.0, '_a6_': 1.0}};{'d0': 0.03628100807638649};-253.903979024421;31.13485218859341
489;-95.8171373236173;((sinh((_a5_ + (x / _a7_))) * _a3_) + _a4_);{'d0': {'_a3_': 0.4639959058916443, '_a4_': -0.3194052478969132, '_a5_': 0.6703030474969011, '_a7_': 0.3163147611959529, '_a0_': 1.0, '_a1_': 1.0, '_a2_': 1.0, '_a6_': 1.0}};{'d0': 0.03628100807638649};-253.903979024421;31.13485218859341
490;-95.8171373236173;((sinh((_a5_ + (x / _a7_))) * _a3_) + _a4_);{'d0': {'_a3_': 0.4639959058916443, '_a4_': -0.3194052478969132, '_a5_': 0.6703030474969011, '_a7_': 0.3163147611959529, '_a0_': 1.0, '_a1_': 1.0, '_a2_': 1.0, '_a6_': 1.0}};{'d0': 0.03628100807638649};-253.903979024421;31.13485218859341
491;-95.8171373236173;((sinh((_a5_ + (x / _a7_))) * _a3_) + _a4_);{'d0': {'_a3_': 0.4639959058916443, '_a4_': -0.3194052478969132, '_a5_': 0.6703030474969011, '_a7_': 0.3163147611959529, '_a0_': 1.0, '_a1_': 1.0, '_a2_': 1.0, '_a6_': 1.0}};{'d0': 0.03628100807638649};-253.903979024421;31.13485218859341
492;-95.8171373236173;((sinh((_a5_ + (x / _a7_))) * _a3_) + _a4_);{'d0': {'_a3_': 0.4639959058916443, '_a4_': -0.3194052478969132, '_a5_': 0.6703030474969011, '_a7_': 0.3163147611959529, '_a0_': 1.0, '_a1_': 1.0, '_a2_': 1.0, '_a6_': 1.0}};{'d0': 0.03628100807638649};-253.903979024421;31.13485218859341
493;-95.8171373236173;((sinh((_a5_ + (x / _a7_))) * _a3_) + _a4_);{'d0': {'_a3_': 0.4639959058916443, '_a4_': -0.3194052478969132, '_a5_': 0.6703030474969011, '_a7_': 0.3163147611959529, '_a0_': 1.0, '_a1_': 1.0, '_a2_': 1.0, '_a6_': 1.0}};{'d0': 0.03628100807638649};-253.903979024421;31.13485218859341
494;-95.8171373236173;((sinh((_a5_ + (x / _a7_))) * _a3_) + _a4_);{'d0': {'_a3_': 0.4639959058916443, '_a4_': -0.3194052478969132, '_a5_': 0.6703030474969011, '_a7_': 0.3163147611959529, '_a0_': 1.0, '_a1_': 1.0, '_a2_': 1.0, '_a6_': 1.0}};{'d0': 0.03628100807638649};-253.903979024421;31.13485218859341
495;-95.8171373236173;((sinh((_a5_ + (x / _a7_))) * _a3_) + _a4_);{'d0': {'_a3_': 0.4639959058916443, '_a4_': -0.3194052478969132, '_a5_': 0.6703030474969011, '_a7_': 0.3163147611959529, '_a0_': 1.0, '_a1_': 1.0, '_a2_': 1.0, '_a6_': 1.0}};{'d0': 0.03628100807638649};-253.903979024421;31.13485218859341
496;-95.8171373236174;((sinh((_a5_ + (x / _a7_))) * _a3_) + _a1_);{'d0': {'_a1_': -0.3194052488957577, '_a3_': 0.46399590219732867, '_a5_': 0.6703030513167686, '_a7_': 0.3163147599431054, '_a0_': 1.0, '_a2_': 1.0, '_a4_': 1.0, '_a6_': 1.0}};{'d0': 0.036281008076386415};-253.903979024422;31.13485218859341
497;-95.8171373236174;((sinh((_a5_ + (x / _a7_))) * _a3_) + _a1_);{'d0': {'_a1_': -0.3194052488957577, '_a3_': 0.46399590219732867, '_a5_': 0.6703030513167686, '_a7_': 0.3163147599431054, '_a0_': 1.0, '_a2_': 1.0, '_a4_': 1.0, '_a6_': 1.0}};{'d0': 0.036281008076386415};-253.903979024422;31.13485218859341
498;-95.8171373236174;((sinh((_a5_ + (x / _a7_))) * _a3_) + _a1_);{'d0': {'_a1_': -0.3194052488957577, '_a3_': 0.46399590219732867, '_a5_': 0.6703030513167686, '_a7_': 0.3163147599431054, '_a0_': 1.0, '_a2_': 1.0, '_a4_': 1.0, '_a6_': 1.0}};{'d0': 0.036281008076386415};-253.903979024422;31.13485218859341
499;-95.8171373236174;((sinh((_a5_ + (x / _a7_))) * _a3_) + _a1_);{'d0': {'_a1_': -0.3194052488957577, '_a3_': 0.46399590219732867, '_a5_': 0.6703030513167686, '_a7_': 0.3163147599431054, '_a0_': 1.0, '_a2_': 1.0, '_a4_': 1.0, '_a6_': 1.0}};{'d0': 0.036281008076386415};-253.903979024422;31.13485218859341
500;-95.8171373236174;((sinh((_a5_ + (x / _a7_))) * _a3_) + _a1_);{'d0': {'_a1_': -0.3194052488957577, '_a3_': 0.46399590219732867, '_a5_': 0.6703030513167686, '_a7_': 0.3163147599431054, '_a0_': 1.0, '_a2_': 1.0, '_a4_': 1.0, '_a6_': 1.0}};{'d0': 0.036281008076386415};-253.903979024422;31.13485218859341
501;-97.7948500931774;((sinh((_a5_ + (x / _a1_))) * _a3_) + _a1_);{'d0': {'_a1_': -0.3169836720837578, '_a3_': -0.46587058142865617, '_a5_': -0.6668482538803969, '_a0_': 1.0, '_a2_': 1.0, '_a4_': 1.0, '_a6_': 1.0, '_a7_': 1.0}};{'d0': 0.03636510743380747};-257.859404563542;31.13485218859341
502;-97.7948500931774;((sinh((_a5_ + (x / _a1_))) * _a3_) + _a1_);{'d0': {'_a1_': -0.3169836720837578, '_a3_': -0.46587058142865617, '_a5_': -0.6668482538803969, '_a0_': 1.0, '_a2_': 1.0, '_a4_': 1.0, '_a6_': 1.0, '_a7_': 1.0}};{'d0': 0.03636510743380747};-257.859404563542;31.13485218859341
503;-97.7948500931774;((sinh((_a5_ + (x / _a1_))) * _a3_) + _a1_);{'d0': {'_a1_': -0.3169836720837578, '_a3_': -0.46587058142865617, '_a5_': -0.6668482538803969, '_a0_': 1.0, '_a2_': 1.0, '_a4_': 1.0, '_a6_': 1.0, '_a7_': 1.0}};{'d0': 0.03636510743380747};-257.859404563542;31.13485218859341
504;-97.7948500931774;((sinh((_a5_ + (x / _a1_))) * _a3_) + _a1_);{'d0': {'_a1_': -0.3169836720837578, '_a3_': -0.46587058142865617, '_a5_': -0.6668482538803969, '_a0_': 1.0, '_a2_': 1.0, '_a4_': 1.0, '_a6_': 1.0, '_a7_': 1.0}};{'d0': 0.03636510743380747};-257.859404563542;31.13485218859341
505;-97.7948500931774;((sinh((_a5_ + (x / _a1_))) * _a3_) + _a1_);{'d0': {'_a1_': -0.3169836720837578, '_a3_': -0.46587058142865617, '_a5_': -0.6668482538803969, '_a0_': 1.0, '_a2_': 1.0, '_a4_': 1.0, '_a6_': 1.0, '_a7_': 1.0}};{'d0': 0.03636510743380747};-257.859404563542;31.13485218859341
506;-97.7948500931774;((sinh((_a5_ + (x / _a1_))) * _a3_) + _a1_);{'d0': {'_a1_': -0.3169836720837578, '_a3_': -0.46587058142865617, '_a5_': -0.6668482538803969, '_a0_': 1.0, '_a2_': 1.0, '_a4_': 1.0, '_a6_': 1.0, '_a7_': 1.0}};{'d0': 0.03636510743380747};-257.859404563542;31.13485218859341
507;-97.7948500931774;((sinh((_a5_ + (x / _a1_))) * _a3_) + _a1_);{'d0': {'_a1_': -0.3169836720837578, '_a3_': -0.46587058142865617, '_a5_': -0.6668482538803969, '_a0_': 1.0, '_a2_': 1.0, '_a4_': 1.0, '_a6_': 1.0, '_a7_': 1.0}};{'d0': 0.03636510743380747};-257.859404563542;31.13485218859341
508;-97.7948500931774;((sinh((_a5_ + (x / _a1_))) * _a3_) + _a1_);{'d0': {'_a1_': -0.3169836720837578, '_a3_': -0.46587058142865617, '_a5_': -0.6668482538803969, '_a0_': 1.0, '_a2_': 1.0, '_a4_': 1.0, '_a6_': 1.0, '_a7_': 1.0}};{'d0': 0.03636510743380747};-257.859404563542;31.13485218859341
509;-97.7948500931774;((sinh((_a5_ + (x / _a1_))) * _a3_) + _a1_);{'d0': {'_a1_': -0.3169836720837578, '_a3_': -0.46587058142865617, '_a5_': -0.6668482538803969, '_a0_': 1.0, '_a2_': 1.0, '_a4_': 1.0, '_a6_': 1.0, '_a7_': 1.0}};{'d0': 0.03636510743380747};-257.859404563542;31.13485218859341
510;-97.7948500931774;((sinh((_a5_ + (x / _a1_))) * _a3_) + _a1_);{'d0': {'_a1_': -0.3169836720837578, '_a3_': -0.46587058142865617, '_a5_': -0.6668482538803969, '_a0_': 1.0, '_a2_': 1.0, '_a4_': 1.0, '_a6_': 1.0, '_a7_': 1.0}};{'d0': 0.03636510743380747};-257.859404563542;31.13485218859341
511;-97.7948500931774;((sinh((_a5_ + (x / _a1_))) * _a3_) + _a1_);{'d0': {'_a1_': -0.3169836720837578, '_a3_': -0.46587058142865617, '_a5_': -0.6668482538803969, '_a0_': 1.0, '_a2_': 1.0, '_a4_': 1.0, '_a6_': 1.0, '_a7_': 1.0}};{'d0': 0.03636510743380747};-257.859404563542;31.13485218859341
512;-97.7948500931774;((sinh((_a5_ + (x / _a1_))) * _a3_) + _a1_);{'d0': {'_a1_': -0.3169836720837578, '_a3_': -0.46587058142865617, '_a5_': -0.6668482538803969, '_a0_': 1.0, '_a2_': 1.0, '_a4_': 1.0, '_a6_': 1.0, '_a7_': 1.0}};{'d0': 0.03636510743380747};-257.859404563542;31.13485218859341
513;-97.7948500931774;((sinh((_a5_ + (x / _a1_))) * _a3_) + _a1_);{'d0': {'_a1_': -0.3169836720837578, '_a3_': -0.46587058142865617, '_a5_': -0.6668482538803969, '_a0_': 1.0, '_a2_': 1.0, '_a4_': 1.0, '_a6_': 1.0, '_a7_': 1.0}};{'d0': 0.03636510743380747};-257.859404563542;31.13485218859341
514;-97.7948500931774;((sinh((_a5_ + (x / _a1_))) * _a3_) + _a1_);{'d0': {'_a1_': -0.3169836720837578, '_a3_': -0.46587058142865617, '_a5_': -0.6668482538803969, '_a0_': 1.0, '_a2_': 1.0, '_a4_': 1.0, '_a6_': 1.0, '_a7_': 1.0}};{'d0': 0.03636510743380747};-257.859404563542;31.13485218859341
515;-97.7948500931774;((sinh((_a5_ + (x / _a1_))) * _a3_) + _a1_);{'d0': {'_a1_': -0.3169836720837578, '_a3_': -0.46587058142865617, '_a5_': -0.6668482538803969, '_a0_': 1.0, '_a2_': 1.0, '_a4_': 1.0, '_a6_': 1.0, '_a7_': 1.0}};{'d0': 0.03636510743380747};-257.859404563542;31.13485218859341
516;-97.7948500931774;((sinh((_a5_ + (x / _a1_))) * _a3_) + _a1_);{'d0': {'_a1_': -0.3169836720837578, '_a3_': -0.46587058142865617, '_a5_': -0.6668482538803969, '_a0_': 1.0, '_a2_': 1.0, '_a4_': 1.0, '_a6_': 1.0, '_a7_': 1.0}};{'d0': 0.03636510743380747};-257.859404563542;31.13485218859341
517;-97.7948500931774;((sinh((_a5_ + (x / _a1_))) * _a3_) + _a1_);{'d0': {'_a1_': -0.3169836720837578, '_a3_': -0.46587058142865617, '_a5_': -0.6668482538803969, '_a0_': 1.0, '_a2_': 1.0, '_a4_': 1.0, '_a6_': 1.0, '_a7_': 1.0}};{'d0': 0.03636510743380747};-257.859404563542;31.13485218859341
518;-97.7948500931774;((sinh((_a5_ + (x / _a1_))) * _a3_) + _a1_);{'d0': {'_a1_': -0.3169836720837578, '_a3_': -0.46587058142865617, '_a5_': -0.6668482538803969, '_a0_': 1.0, '_a2_': 1.0, '_a4_': 1.0, '_a6_': 1.0, '_a7_': 1.0}};{'d0': 0.03636510743380747};-257.859404563542;31.13485218859341
519;-97.7948500931774;((sinh((_a5_ + (x / _a1_))) * _a3_) + _a1_);{'d0': {'_a1_': -0.3169836720837578, '_a3_': -0.46587058142865617, '_a5_': -0.6668482538803969, '_a0_': 1.0, '_a2_': 1.0, '_a4_': 1.0, '_a6_': 1.0, '_a7_': 1.0}};{'d0': 0.03636510743380747};-257.859404563542;31.13485218859341
520;-97.7948500931774;((sinh((_a5_ + (x / _a1_))) * _a3_) + _a1_);{'d0': {'_a1_': -0.3169836720837578, '_a3_': -0.46587058142865617, '_a5_': -0.6668482538803969, '_a0_': 1.0, '_a2_': 1.0, '_a4_': 1.0, '_a6_': 1.0, '_a7_': 1.0}};{'d0': 0.03636510743380747};-257.859404563542;31.13485218859341
521;-97.7948500931774;((sinh((_a5_ + (x / _a1_))) * _a3_) + _a1_);{'d0': {'_a1_': -0.3169836720837578, '_a3_': -0.46587058142865617, '_a5_': -0.6668482538803969, '_a0_': 1.0, '_a2_': 1.0, '_a4_': 1.0, '_a6_': 1.0, '_a7_': 1.0}};{'d0': 0.03636510743380747};-257.859404563542;31.13485218859341
522;-97.7948500931774;((sinh((_a5_ + (x / _a1_))) * _a3_) + _a1_);{'d0': {'_a1_': -0.3169836720837578, '_a3_': -0.46587058142865617, '_a5_': -0.6668482538803969, '_a0_': 1.0, '_a2_': 1.0, '_a4_': 1.0, '_a6_': 1.0, '_a7_': 1.0}};{'d0': 0.03636510743380747};-257.859404563542;31.13485218859341
523;-97.7948500931774;((sinh((_a5_ + (x / _a1_))) * _a3_) + _a1_);{'d0': {'_a1_': -0.3169836720837578, '_a3_': -0.46587058142865617, '_a5_': -0.6668482538803969, '_a0_': 1.0, '_a2_': 1.0, '_a4_': 1.0, '_a6_': 1.0, '_a7_': 1.0}};{'d0': 0.03636510743380747};-257.859404563542;31.13485218859341
524;-97.7948500931774;((sinh((_a5_ + (x / _a1_))) * _a3_) + _a1_);{'d0': {'_a1_': -0.3169836720837578, '_a3_': -0.46587058142865617, '_a5_': -0.6668482538803969, '_a0_': 1.0, '_a2_': 1.0, '_a4_': 1.0, '_a6_': 1.0, '_a7_': 1.0}};{'d0': 0.03636510743380747};-257.859404563542;31.13485218859341
525;-97.7948500931774;((sinh((_a5_ + (x / _a1_))) * _a3_) + _a1_);{'d0': {'_a1_': -0.3169836720837578, '_a3_': -0.46587058142865617, '_a5_': -0.6668482538803969, '_a0_': 1.0, '_a2_': 1.0, '_a4_': 1.0, '_a6_': 1.0, '_a7_': 1.0}};{'d0': 0.03636510743380747};-257.859404563542;31.13485218859341
526;-97.7948500931774;((sinh((_a5_ + (x / _a1_))) * _a3_) + _a1_);{'d0': {'_a1_': -0.3169836720837578, '_a3_': -0.46587058142865617, '_a5_': -0.6668482538803969, '_a0_': 1.0, '_a2_': 1.0, '_a4_': 1.0, '_a6_': 1.0, '_a7_': 1.0}};{'d0': 0.03636510743380747};-257.859404563542;31.13485218859341
527;-97.7948500931774;((sinh((_a5_ + (x / _a1_))) * _a3_) + _a1_);{'d0': {'_a1_': -0.3169836720837578, '_a3_': -0.46587058142865617, '_a5_': -0.6668482538803969, '_a0_': 1.0, '_a2_': 1.0, '_a4_': 1.0, '_a6_': 1.0, '_a7_': 1.0}};{'d0': 0.03636510743380747};-257.859404563542;31.13485218859341
528;-97.7948500931774;((sinh((_a5_ + (x / _a1_))) * _a3_) + _a1_);{'d0': {'_a1_': -0.3169836720837578, '_a3_': -0.46587058142865617, '_a5_': -0.6668482538803969, '_a0_': 1.0, '_a2_': 1.0, '_a4_': 1.0, '_a6_': 1.0, '_a7_': 1.0}};{'d0': 0.03636510743380747};-257.859404563542;31.13485218859341
529;-97.7948500931774;((sinh((_a5_ + (x / _a1_))) * _a3_) + _a1_);{'d0': {'_a1_': -0.3169836720837578, '_a3_': -0.46587058142865617, '_a5_': -0.6668482538803969, '_a0_': 1.0, '_a2_': 1.0, '_a4_': 1.0, '_a6_': 1.0, '_a7_': 1.0}};{'d0': 0.03636510743380747};-257.859404563542;31.13485218859341
530;-97.7948500931774;((sinh((_a5_ + (x / _a1_))) * _a3_) + _a1_);{'d0': {'_a1_': -0.3169836720837578, '_a3_': -0.46587058142865617, '_a5_': -0.6668482538803969, '_a0_': 1.0, '_a2_': 1.0, '_a4_': 1.0, '_a6_': 1.0, '_a7_': 1.0}};{'d0': 0.03636510743380747};-257.859404563542;31.13485218859341
531;-97.7948500931774;((sinh((_a5_ + (x / _a1_))) * _a3_) + _a1_);{'d0': {'_a1_': -0.3169836720837578, '_a3_': -0.46587058142865617, '_a5_': -0.6668482538803969, '_a0_': 1.0, '_a2_': 1.0, '_a4_': 1.0, '_a6_': 1.0, '_a7_': 1.0}};{'d0': 0.03636510743380747};-257.859404563542;31.13485218859341
532;-97.7948500931774;((sinh((_a5_ + (x / _a1_))) * _a3_) + _a1_);{'d0': {'_a1_': -0.3169836720837578, '_a3_': -0.46587058142865617, '_a5_': -0.6668482538803969, '_a0_': 1.0, '_a2_': 1.0, '_a4_': 1.0, '_a6_': 1.0, '_a7_': 1.0}};{'d0': 0.03636510743380747};-257.859404563542;31.13485218859341
533;-97.7948500931774;((sinh((_a5_ + (x / _a1_))) * _a3_) + _a1_);{'d0': {'_a1_': -0.3169836720837578, '_a3_': -0.46587058142865617, '_a5_': -0.6668482538803969, '_a0_': 1.0, '_a2_': 1.0, '_a4_': 1.0, '_a6_': 1.0, '_a7_': 1.0}};{'d0': 0.03636510743380747};-257.859404563542;31.13485218859341
534;-97.7948500931774;((sinh((_a5_ + (x / _a1_))) * _a3_) + _a1_);{'d0': {'_a1_': -0.3169836720837578, '_a3_': -0.46587058142865617, '_a5_': -0.6668482538803969, '_a0_': 1.0, '_a2_': 1.0, '_a4_': 1.0, '_a6_': 1.0, '_a7_': 1.0}};{'d0': 0.03636510743380747};-257.859404563542;31.13485218859341
535;-97.7948500931774;((sinh((_a5_ + (x / _a1_))) * _a3_) + _a1_);{'d0': {'_a1_': -0.3169836720837578, '_a3_': -0.46587058142865617, '_a5_': -0.6668482538803969, '_a0_': 1.0, '_a2_': 1.0, '_a4_': 1.0, '_a6_': 1.0, '_a7_': 1.0}};{'d0': 0.03636510743380747};-257.859404563542;31.13485218859341
536;-97.7948500931774;((sinh((_a5_ + (x / _a1_))) * _a3_) + _a1_);{'d0': {'_a1_': -0.3169836720837578, '_a3_': -0.46587058142865617, '_a5_': -0.6668482538803969, '_a0_': 1.0, '_a2_': 1.0, '_a4_': 1.0, '_a6_': 1.0, '_a7_': 1.0}};{'d0': 0.03636510743380747};-257.859404563542;31.13485218859341
537;-97.7948500931774;((sinh((_a5_ + (x / _a1_))) * _a3_) + _a1_);{'d0': {'_a1_': -0.3169836720837578, '_a3_': -0.46587058142865617, '_a5_': -0.6668482538803969, '_a0_': 1.0, '_a2_': 1.0, '_a4_': 1.0, '_a6_': 1.0, '_a7_': 1.0}};{'d0': 0.03636510743380747};-257.859404563542;31.13485218859341
538;-97.7948500931774;((sinh((_a5_ + (x / _a1_))) * _a3_) + _a1_);{'d0': {'_a1_': -0.3169836720837578, '_a3_': -0.46587058142865617, '_a5_': -0.6668482538803969, '_a0_': 1.0, '_a2_': 1.0, '_a4_': 1.0, '_a6_': 1.0, '_a7_': 1.0}};{'d0': 0.03636510743380747};-257.859404563542;31.13485218859341
539;-97.7948500931774;((sinh((_a5_ + (x / _a1_))) * _a3_) + _a1_);{'d0': {'_a1_': -0.3169836720837578, '_a3_': -0.46587058142865617, '_a5_': -0.6668482538803969, '_a0_': 1.0, '_a2_': 1.0, '_a4_': 1.0, '_a6_': 1.0, '_a7_': 1.0}};{'d0': 0.03636510743380747};-257.859404563542;31.13485218859341
540;-97.7948500931774;((sinh((_a5_ + (x / _a1_))) * _a3_) + _a1_);{'d0': {'_a1_': -0.3169836720837578, '_a3_': -0.46587058142865617, '_a5_': -0.6668482538803969, '_a0_': 1.0, '_a2_': 1.0, '_a4_': 1.0, '_a6_': 1.0, '_a7_': 1.0}};{'d0': 0.03636510743380747};-257.859404563542;31.13485218859341
541;-97.7948500931774;((sinh((_a5_ + (x / _a1_))) * _a3_) + _a1_);{'d0': {'_a1_': -0.3169836720837578, '_a3_': -0.46587058142865617, '_a5_': -0.6668482538803969, '_a0_': 1.0, '_a2_': 1.0, '_a4_': 1.0, '_a6_': 1.0, '_a7_': 1.0}};{'d0': 0.03636510743380747};-257.859404563542;31.13485218859341
542;-97.7948500931774;((sinh((_a5_ + (x / _a1_))) * _a3_) + _a1_);{'d0': {'_a1_': -0.3169836720837578, '_a3_': -0.46587058142865617, '_a5_': -0.6668482538803969, '_a0_': 1.0, '_a2_': 1.0, '_a4_': 1.0, '_a6_': 1.0, '_a7_': 1.0}};{'d0': 0.03636510743380747};-257.859404563542;31.13485218859341
543;-97.7948500931774;((sinh((_a5_ + (x / _a1_))) * _a3_) + _a1_);{'d0': {'_a1_': -0.3169836720837578, '_a3_': -0.46587058142865617, '_a5_': -0.6668482538803969, '_a0_': 1.0, '_a2_': 1.0, '_a4_': 1.0, '_a6_': 1.0, '_a7_': 1.0}};{'d0': 0.03636510743380747};-257.859404563542;31.13485218859341
544;-97.7948500931774;((sinh((_a5_ + (x / _a1_))) * _a3_) + _a1_);{'d0': {'_a1_': -0.3169836720837578, '_a3_': -0.46587058142865617, '_a5_': -0.6668482538803969, '_a0_': 1.0, '_a2_': 1.0, '_a4_': 1.0, '_a6_': 1.0, '_a7_': 1.0}};{'d0': 0.03636510743380747};-257.859404563542;31.13485218859341
545;-97.7948500931774;((sinh((_a5_ + (x / _a1_))) * _a3_) + _a1_);{'d0': {'_a1_': -0.3169836720837578, '_a3_': -0.46587058142865617, '_a5_': -0.6668482538803969, '_a0_': 1.0, '_a2_': 1.0, '_a4_': 1.0, '_a6_': 1.0, '_a7_': 1.0}};{'d0': 0.03636510743380747};-257.859404563542;31.13485218859341
546;-97.7948500931774;((sinh((_a5_ + (x / _a1_))) * _a3_) + _a1_);{'d0': {'_a1_': -0.3169836720837578, '_a3_': -0.46587058142865617, '_a5_': -0.6668482538803969, '_a0_': 1.0, '_a2_': 1.0, '_a4_': 1.0, '_a6_': 1.0, '_a7_': 1.0}};{'d0': 0.03636510743380747};-257.859404563542;31.13485218859341
547;-97.7948500931774;((sinh((_a5_ + (x / _a1_))) * _a3_) + _a1_);{'d0': {'_a1_': -0.3169836720837578, '_a3_': -0.46587058142865617, '_a5_': -0.6668482538803969, '_a0_': 1.0, '_a2_': 1.0, '_a4_': 1.0, '_a6_': 1.0, '_a7_': 1.0}};{'d0': 0.03636510743380747};-257.859404563542;31.13485218859341
548;-97.7948500931774;((sinh((_a5_ + (x / _a1_))) * _a3_) + _a1_);{'d0': {'_a1_': -0.3169836720837578, '_a3_': -0.46587058142865617, '_a5_': -0.6668482538803969, '_a0_': 1.0, '_a2_': 1.0, '_a4_': 1.0, '_a6_': 1.0, '_a7_': 1.0}};{'d0': 0.03636510743380747};-257.859404563542;31.13485218859341
549;-97.7948500931774;((sinh((_a5_ + (x / _a1_))) * _a3_) + _a1_);{'d0': {'_a1_': -0.3169836720837578, '_a3_': -0.46587058142865617, '_a5_': -0.6668482538803969, '_a0_': 1.0, '_a2_': 1.0, '_a4_': 1.0, '_a6_': 1.0, '_a7_': 1.0}};{'d0': 0.03636510743380747};-257.859404563542;31.13485218859341
550;-97.7948500931774;((sinh((_a5_ + (x / _a1_))) * _a3_) + _a1_);{'d0': {'_a1_': -0.3169836720837578, '_a3_': -0.46587058142865617, '_a5_': -0.6668482538803969, '_a0_': 1.0, '_a2_': 1.0, '_a4_': 1.0, '_a6_': 1.0, '_a7_': 1.0}};{'d0': 0.03636510743380747};-257.859404563542;31.13485218859341
551;-97.7948500931774;((sinh((_a5_ + (x / _a1_))) * _a3_) + _a1_);{'d0': {'_a1_': -0.3169836720837578, '_a3_': -0.46587058142865617, '_a5_': -0.6668482538803969, '_a0_': 1.0, '_a2_': 1.0, '_a4_': 1.0, '_a6_': 1.0, '_a7_': 1.0}};{'d0': 0.03636510743380747};-257.859404563542;31.13485218859341
552;-97.7948500931774;((sinh((_a5_ + (x / _a1_))) * _a3_) + _a1_);{'d0': {'_a1_': -0.3169836720837578, '_a3_': -0.46587058142865617, '_a5_': -0.6668482538803969, '_a0_': 1.0, '_a2_': 1.0, '_a4_': 1.0, '_a6_': 1.0, '_a7_': 1.0}};{'d0': 0.03636510743380747};-257.859404563542;31.13485218859341
553;-97.7948500931774;((sinh((_a5_ + (x / _a1_))) * _a3_) + _a1_);{'d0': {'_a1_': -0.3169836720837578, '_a3_': -0.46587058142865617, '_a5_': -0.6668482538803969, '_a0_': 1.0, '_a2_': 1.0, '_a4_': 1.0, '_a6_': 1.0, '_a7_': 1.0}};{'d0': 0.03636510743380747};-257.859404563542;31.13485218859341
554;-97.7948500931774;((sinh((_a5_ + (x / _a1_))) * _a3_) + _a1_);{'d0': {'_a1_': -0.3169836720837578, '_a3_': -0.46587058142865617, '_a5_': -0.6668482538803969, '_a0_': 1.0, '_a2_': 1.0, '_a4_': 1.0, '_a6_': 1.0, '_a7_': 1.0}};{'d0': 0.03636510743380747};-257.859404563542;31.13485218859341
555;-97.7948500931774;((sinh((_a5_ + (x / _a1_))) * _a3_) + _a1_);{'d0': {'_a1_': -0.3169836720837578, '_a3_': -0.46587058142865617, '_a5_': -0.6668482538803969, '_a0_': 1.0, '_a2_': 1.0, '_a4_': 1.0, '_a6_': 1.0, '_a7_': 1.0}};{'d0': 0.03636510743380747};-257.859404563542;31.13485218859341
556;-97.7948500931774;((sinh((_a5_ + (x / _a1_))) * _a3_) + _a1_);{'d0': {'_a1_': -0.3169836720837578, '_a3_': -0.46587058142865617, '_a5_': -0.6668482538803969, '_a0_': 1.0, '_a2_': 1.0, '_a4_': 1.0, '_a6_': 1.0, '_a7_': 1.0}};{'d0': 0.03636510743380747};-257.859404563542;31.13485218859341
557;-97.7948500931774;((sinh((_a5_ + (x / _a1_))) * _a3_) + _a1_);{'d0': {'_a1_': -0.3169836720837578, '_a3_': -0.46587058142865617, '_a5_': -0.6668482538803969, '_a0_': 1.0, '_a2_': 1.0, '_a4_': 1.0, '_a6_': 1.0, '_a7_': 1.0}};{'d0': 0.03636510743380747};-257.859404563542;31.13485218859341
558;-97.7948500931774;((sinh((_a5_ + (x / _a1_))) * _a3_) + _a1_);{'d0': {'_a1_': -0.3169836720837578, '_a3_': -0.46587058142865617, '_a5_': -0.6668482538803969, '_a0_': 1.0, '_a2_': 1.0, '_a4_': 1.0, '_a6_': 1.0, '_a7_': 1.0}};{'d0': 0.03636510743380747};-257.859404563542;31.13485218859341
559;-97.7948500931774;((sinh((_a5_ + (x / _a1_))) * _a3_) + _a1_);{'d0': {'_a1_': -0.3169836720837578, '_a3_': -0.46587058142865617, '_a5_': -0.6668482538803969, '_a0_': 1.0, '_a2_': 1.0, '_a4_': 1.0, '_a6_': 1.0, '_a7_': 1.0}};{'d0': 0.03636510743380747};-257.859404563542;31.13485218859341
560;-97.7948500931774;((sinh((_a5_ + (x / _a1_))) * _a3_) + _a1_);{'d0': {'_a1_': -0.3169836720837578, '_a3_': -0.46587058142865617, '_a5_': -0.6668482538803969, '_a0_': 1.0, '_a2_': 1.0, '_a4_': 1.0, '_a6_': 1.0, '_a7_': 1.0}};{'d0': 0.03636510743380747};-257.859404563542;31.13485218859341
561;-97.7948500931774;((sinh((_a5_ + (x / _a1_))) * _a3_) + _a1_);{'d0': {'_a1_': -0.3169836720837578, '_a3_': -0.46587058142865617, '_a5_': -0.6668482538803969, '_a0_': 1.0, '_a2_': 1.0, '_a4_': 1.0, '_a6_': 1.0, '_a7_': 1.0}};{'d0': 0.03636510743380747};-257.859404563542;31.13485218859341
562;-97.7948500931774;((sinh((_a5_ + (x / _a1_))) * _a3_) + _a1_);{'d0': {'_a1_': -0.3169836720837578, '_a3_': -0.46587058142865617, '_a5_': -0.6668482538803969, '_a0_': 1.0, '_a2_': 1.0, '_a4_': 1.0, '_a6_': 1.0, '_a7_': 1.0}};{'d0': 0.03636510743380747};-257.859404563542;31.13485218859341
563;-97.7948500931774;((sinh((_a5_ + (x / _a1_))) * _a3_) + _a1_);{'d0': {'_a1_': -0.3169836720837578, '_a3_': -0.46587058142865617, '_a5_': -0.6668482538803969, '_a0_': 1.0, '_a2_': 1.0, '_a4_': 1.0, '_a6_': 1.0, '_a7_': 1.0}};{'d0': 0.03636510743380747};-257.859404563542;31.13485218859341
564;-97.7948500931774;((sinh((_a5_ + (x / _a1_))) * _a3_) + _a1_);{'d0': {'_a1_': -0.3169836720837578, '_a3_': -0.46587058142865617, '_a5_': -0.6668482538803969, '_a0_': 1.0, '_a2_': 1.0, '_a4_': 1.0, '_a6_': 1.0, '_a7_': 1.0}};{'d0': 0.03636510743380747};-257.859404563542;31.13485218859341
565;-97.7948500931774;((sinh((_a5_ + (x / _a1_))) * _a3_) + _a1_);{'d0': {'_a1_': -0.3169836720837578, '_a3_': -0.46587058142865617, '_a5_': -0.6668482538803969, '_a0_': 1.0, '_a2_': 1.0, '_a4_': 1.0, '_a6_': 1.0, '_a7_': 1.0}};{'d0': 0.03636510743380747};-257.859404563542;31.13485218859341
566;-97.7948500931774;((sinh((_a5_ + (x / _a1_))) * _a3_) + _a1_);{'d0': {'_a1_': -0.3169836720837578, '_a3_': -0.46587058142865617, '_a5_': -0.6668482538803969, '_a0_': 1.0, '_a2_': 1.0, '_a4_': 1.0, '_a6_': 1.0, '_a7_': 1.0}};{'d0': 0.03636510743380747};-257.859404563542;31.13485218859341
567;-97.7948500931774;((sinh((_a5_ + (x / _a1_))) * _a3_) + _a1_);{'d0': {'_a1_': -0.3169836720837578, '_a3_': -0.46587058142865617, '_a5_': -0.6668482538803969, '_a0_': 1.0, '_a2_': 1.0, '_a4_': 1.0, '_a6_': 1.0, '_a7_': 1.0}};{'d0': 0.03636510743380747};-257.859404563542;31.13485218859341
568;-97.7948500931774;((sinh((_a5_ + (x / _a1_))) * _a3_) + _a1_);{'d0': {'_a1_': -0.3169836720837578, '_a3_': -0.46587058142865617, '_a5_': -0.6668482538803969, '_a0_': 1.0, '_a2_': 1.0, '_a4_': 1.0, '_a6_': 1.0, '_a7_': 1.0}};{'d0': 0.03636510743380747};-257.859404563542;31.13485218859341
569;-97.7948500931774;((sinh((_a5_ + (x / _a1_))) * _a3_) + _a1_);{'d0': {'_a1_': -0.3169836720837578, '_a3_': -0.46587058142865617, '_a5_': -0.6668482538803969, '_a0_': 1.0, '_a2_': 1.0, '_a4_': 1.0, '_a6_': 1.0, '_a7_': 1.0}};{'d0': 0.03636510743380747};-257.859404563542;31.13485218859341
570;-97.7948500931774;((sinh((_a5_ + (x / _a1_))) * _a3_) + _a1_);{'d0': {'_a1_': -0.3169836720837578, '_a3_': -0.46587058142865617, '_a5_': -0.6668482538803969, '_a0_': 1.0, '_a2_': 1.0, '_a4_': 1.0, '_a6_': 1.0, '_a7_': 1.0}};{'d0': 0.03636510743380747};-257.859404563542;31.13485218859341
571;-97.7948500931774;((sinh((_a5_ + (x / _a1_))) * _a3_) + _a1_);{'d0': {'_a1_': -0.3169836720837578, '_a3_': -0.46587058142865617, '_a5_': -0.6668482538803969, '_a0_': 1.0, '_a2_': 1.0, '_a4_': 1.0, '_a6_': 1.0, '_a7_': 1.0}};{'d0': 0.03636510743380747};-257.859404563542;31.13485218859341
572;-97.7948500931774;((sinh((_a5_ + (x / _a1_))) * _a3_) + _a1_);{'d0': {'_a1_': -0.3169836720837578, '_a3_': -0.46587058142865617, '_a5_': -0.6668482538803969, '_a0_': 1.0, '_a2_': 1.0, '_a4_': 1.0, '_a6_': 1.0, '_a7_': 1.0}};{'d0': 0.03636510743380747};-257.859404563542;31.13485218859341
573;-97.7948500931774;((sinh((_a5_ + (x / _a1_))) * _a3_) + _a1_);{'d0': {'_a1_': -0.3169836720837578, '_a3_': -0.46587058142865617, '_a5_': -0.6668482538803969, '_a0_': 1.0, '_a2_': 1.0, '_a4_': 1.0, '_a6_': 1.0, '_a7_': 1.0}};{'d0': 0.03636510743380747};-257.859404563542;31.13485218859341
574;-97.7948500931774;((sinh((_a5_ + (x / _a1_))) * _a3_) + _a1_);{'d0': {'_a1_': -0.3169836720837578, '_a3_': -0.46587058142865617, '_a5_': -0.6668482538803969, '_a0_': 1.0, '_a2_': 1.0, '_a4_': 1.0, '_a6_': 1.0, '_a7_': 1.0}};{'d0': 0.03636510743380747};-257.859404563542;31.13485218859341
575;-97.7948500931774;((sinh((_a5_ + (x / _a1_))) * _a3_) + _a1_);{'d0': {'_a1_': -0.3169836720837578, '_a3_': -0.46587058142865617, '_a5_': -0.6668482538803969, '_a0_': 1.0, '_a2_': 1.0, '_a4_': 1.0, '_a6_': 1.0, '_a7_': 1.0}};{'d0': 0.03636510743380747};-257.859404563542;31.13485218859341
576;-97.7948500931774;((sinh((_a5_ + (x / _a1_))) * _a3_) + _a1_);{'d0': {'_a1_': -0.3169836720837578, '_a3_': -0.46587058142865617, '_a5_': -0.6668482538803969, '_a0_': 1.0, '_a2_': 1.0, '_a4_': 1.0, '_a6_': 1.0, '_a7_': 1.0}};{'d0': 0.03636510743380747};-257.859404563542;31.13485218859341
577;-97.7948500931774;((sinh((_a5_ + (x / _a1_))) * _a3_) + _a1_);{'d0': {'_a1_': -0.3169836720837578, '_a3_': -0.46587058142865617, '_a5_': -0.6668482538803969, '_a0_': 1.0, '_a2_': 1.0, '_a4_': 1.0, '_a6_': 1.0, '_a7_': 1.0}};{'d0': 0.03636510743380747};-257.859404563542;31.13485218859341
578;-97.7948500931774;((sinh((_a5_ + (x / _a1_))) * _a3_) + _a1_);{'d0': {'_a1_': -0.3169836720837578, '_a3_': -0.46587058142865617, '_a5_': -0.6668482538803969, '_a0_': 1.0, '_a2_': 1.0, '_a4_': 1.0, '_a6_': 1.0, '_a7_': 1.0}};{'d0': 0.03636510743380747};-257.859404563542;31.13485218859341
579;-97.7948500931774;((sinh((_a5_ + (x / _a1_))) * _a3_) + _a1_);{'d0': {'_a1_': -0.3169836720837578, '_a3_': -0.46587058142865617, '_a5_': -0.6668482538803969, '_a0_': 1.0, '_a2_': 1.0, '_a4_': 1.0, '_a6_': 1.0, '_a7_': 1.0}};{'d0': 0.03636510743380747};-257.859404563542;31.13485218859341
580;-97.7948500931774;((sinh((_a5_ + (x / _a1_))) * _a3_) + _a1_);{'d0': {'_a1_': -0.3169836720837578, '_a3_': -0.46587058142865617, '_a5_': -0.6668482538803969, '_a0_': 1.0, '_a2_': 1.0, '_a4_': 1.0, '_a6_': 1.0, '_a7_': 1.0}};{'d0': 0.03636510743380747};-257.859404563542;31.13485218859341
581;-97.7948500931774;((sinh((_a5_ + (x / _a1_))) * _a3_) + _a1_);{'d0': {'_a1_': -0.3169836720837578, '_a3_': -0.46587058142865617, '_a5_': -0.6668482538803969, '_a0_': 1.0, '_a2_': 1.0, '_a4_': 1.0, '_a6_': 1.0, '_a7_': 1.0}};{'d0': 0.03636510743380747};-257.859404563542;31.13485218859341
582;-97.7948500931774;((sinh((_a5_ + (x / _a1_))) * _a3_) + _a1_);{'d0': {'_a1_': -0.3169836720837578, '_a3_': -0.46587058142865617, '_a5_': -0.6668482538803969, '_a0_': 1.0, '_a2_': 1.0, '_a4_': 1.0, '_a6_': 1.0, '_a7_': 1.0}};{'d0': 0.03636510743380747};-257.859404563542;31.13485218859341
583;-97.7948500931774;((sinh((_a5_ + (x / _a1_))) * _a3_) + _a1_);{'d0': {'_a1_': -0.3169836720837578, '_a3_': -0.46587058142865617, '_a5_': -0.6668482538803969, '_a0_': 1.0, '_a2_': 1.0, '_a4_': 1.0, '_a6_': 1.0, '_a7_': 1.0}};{'d0': 0.03636510743380747};-257.859404563542;31.13485218859341
584;-97.7948500931774;((sinh((_a5_ + (x / _a1_))) * _a3_) + _a1_);{'d0': {'_a1_': -0.3169836720837578, '_a3_': -0.46587058142865617, '_a5_': -0.6668482538803969, '_a0_': 1.0, '_a2_': 1.0, '_a4_': 1.0, '_a6_': 1.0, '_a7_': 1.0}};{'d0': 0.03636510743380747};-257.859404563542;31.13485218859341
585;-97.7948500931774;((sinh((_a5_ + (x / _a1_))) * _a3_) + _a1_);{'d0': {'_a1_': -0.3169836720837578, '_a3_': -0.46587058142865617, '_a5_': -0.6668482538803969, '_a0_': 1.0, '_a2_': 1.0, '_a4_': 1.0, '_a6_': 1.0, '_a7_': 1.0}};{'d0': 0.03636510743380747};-257.859404563542;31.13485218859341
586;-97.7948500931774;((sinh((_a5_ + (x / _a1_))) * _a3_) + _a1_);{'d0': {'_a1_': -0.3169836720837578, '_a3_': -0.46587058142865617, '_a5_': -0.6668482538803969, '_a0_': 1.0, '_a2_': 1.0, '_a4_': 1.0, '_a6_': 1.0, '_a7_': 1.0}};{'d0': 0.03636510743380747};-257.859404563542;31.13485218859341
587;-91.8742490441670;((sinh((_a5_ + (x / _a1_))) * (_a5_ + _a2_)) + _a1_);{'d0': {'_a1_': -0.31698365705670706, '_a2_': 0.20097773895747773, '_a5_': -0.6668482731234998, '_a0_': 1.0, '_a3_': 1.0, '_a4_': 1.0, '_a6_': 1.0, '_a7_': 1.0}};{'d0': 0.03636510743378369};-257.859404563581;37.05545323762341
588;-91.8742490441670;((sinh((_a5_ + (x / _a1_))) * (_a5_ + _a2_)) + _a1_);{'d0': {'_a1_': -0.31698365705670706, '_a2_': 0.20097773895747773, '_a5_': -0.6668482731234998, '_a0_': 1.0, '_a3_': 1.0, '_a4_': 1.0, '_a6_': 1.0, '_a7_': 1.0}};{'d0': 0.03636510743378369};-257.859404563581;37.05545323762341
589;-91.8742490441670;((sinh((_a5_ + (x / _a1_))) * (_a5_ + _a2_)) + _a1_);{'d0': {'_a1_': -0.31698365705670706, '_a2_': 0.20097773895747773, '_a5_': -0.6668482731234998, '_a0_': 1.0, '_a3_': 1.0, '_a4_': 1.0, '_a6_': 1.0, '_a7_': 1.0}};{'d0': 0.03636510743378369};-257.859404563581;37.05545323762341
590;-91.8742490441670;((sinh((_a5_ + (x / _a1_))) * (_a5_ + _a2_)) + _a1_);{'d0': {'_a1_': -0.31698365705670706, '_a2_': 0.20097773895747773, '_a5_': -0.6668482731234998, '_a0_': 1.0, '_a3_': 1.0, '_a4_': 1.0, '_a6_': 1.0, '_a7_': 1.0}};{'d0': 0.03636510743378369};-257.859404563581;37.05545323762341
591;-91.8742490441670;((sinh((_a5_ + (x / _a1_))) * (_a5_ + _a2_)) + _a1_);{'d0': {'_a1_': -0.31698365705670706, '_a2_': 0.20097773895747773, '_a5_': -0.6668482731234998, '_a0_': 1.0, '_a3_': 1.0, '_a4_': 1.0, '_a6_': 1.0, '_a7_': 1.0}};{'d0': 0.03636510743378369};-257.859404563581;37.05545323762341
592;-91.8742490441670;((sinh((_a5_ + (x / _a1_))) * (_a5_ + _a2_)) + _a1_);{'d0': {'_a1_': -0.31698365705670706, '_a2_': 0.20097773895747773, '_a5_': -0.6668482731234998, '_a0_': 1.0, '_a3_': 1.0, '_a4_': 1.0, '_a6_': 1.0, '_a7_': 1.0}};{'d0': 0.03636510743378369};-257.859404563581;37.05545323762341
593;-91.8742490441670;((sinh((_a5_ + (x / _a1_))) * (_a5_ + _a2_)) + _a1_);{'d0': {'_a1_': -0.31698365705670706, '_a2_': 0.20097773895747773, '_a5_': -0.6668482731234998, '_a0_': 1.0, '_a3_': 1.0, '_a4_': 1.0, '_a6_': 1.0, '_a7_': 1.0}};{'d0': 0.03636510743378369};-257.859404563581;37.05545323762341
594;-91.8742490441670;((sinh((_a5_ + (x / _a1_))) * (_a5_ + _a2_)) + _a1_);{'d0': {'_a1_': -0.31698365705670706, '_a2_': 0.20097773895747773, '_a5_': -0.6668482731234998, '_a0_': 1.0, '_a3_': 1.0, '_a4_': 1.0, '_a6_': 1.0, '_a7_': 1.0}};{'d0': 0.03636510743378369};-257.859404563581;37.05545323762341
595;-91.8742490441670;((sinh((_a5_ + (x / _a1_))) * (_a5_ + _a2_)) + _a1_);{'d0': {'_a1_': -0.31698365705670706, '_a2_': 0.20097773895747773, '_a5_': -0.6668482731234998, '_a0_': 1.0, '_a3_': 1.0, '_a4_': 1.0, '_a6_': 1.0, '_a7_': 1.0}};{'d0': 0.03636510743378369};-257.859404563581;37.05545323762341
596;-91.8742490441670;((sinh((_a5_ + (x / _a1_))) * (_a5_ + _a2_)) + _a1_);{'d0': {'_a1_': -0.31698365705670706, '_a2_': 0.20097773895747773, '_a5_': -0.6668482731234998, '_a0_': 1.0, '_a3_': 1.0, '_a4_': 1.0, '_a6_': 1.0, '_a7_': 1.0}};{'d0': 0.03636510743378369};-257.859404563581;37.05545323762341
597;-97.7948500931972;((sinh((_a5_ + (x / _a1_))) * _a0_) + _a1_);{'d0': {'_a0_': -0.46587053794522465, '_a1_': -0.3169836582592979, '_a5_': -0.6668482715586476, '_a2_': 1.0, '_a3_': 1.0, '_a4_': 1.0, '_a6_': 1.0, '_a7_': 1.0}};{'d0': 0.03636510743378347};-257.859404563581;31.13485218859341
598;-97.7948500931972;((sinh((_a5_ + (x / _a1_))) * _a0_) + _a1_);{'d0': {'_a0_': -0.46587053794522465, '_a1_': -0.3169836582592979, '_a5_': -0.6668482715586476, '_a2_': 1.0, '_a3_': 1.0, '_a4_': 1.0, '_a6_': 1.0, '_a7_': 1.0}};{'d0': 0.03636510743378347};-257.859404563581;31.13485218859341
599;-97.7948500931972;((sinh((_a5_ + (x / _a1_))) * _a0_) + _a1_);{'d0': {'_a0_': -0.46587053794522465, '_a1_': -0.3169836582592979, '_a5_': -0.6668482715586476, '_a2_': 1.0, '_a3_': 1.0, '_a4_': 1.0, '_a6_': 1.0, '_a7_': 1.0}};{'d0': 0.03636510743378347};-257.859404563581;31.13485218859341
600;-97.7948500931972;((sinh((_a5_ + (x / _a1_))) * _a0_) + _a1_);{'d0': {'_a0_': -0.46587053794522465, '_a1_': -0.3169836582592979, '_a5_': -0.6668482715586476, '_a2_': 1.0, '_a3_': 1.0, '_a4_': 1.0, '_a6_': 1.0, '_a7_': 1.0}};{'d0': 0.03636510743378347};-257.859404563581;31.13485218859341
601;-97.7948500931972;((sinh((_a5_ + (x / _a1_))) * _a0_) + _a1_);{'d0': {'_a0_': -0.46587053794522465, '_a1_': -0.3169836582592979, '_a5_': -0.6668482715586476, '_a2_': 1.0, '_a3_': 1.0, '_a4_': 1.0, '_a6_': 1.0, '_a7_': 1.0}};{'d0': 0.03636510743378347};-257.859404563581;31.13485218859341
602;-97.7948500931972;((sinh((_a5_ + (x / _a1_))) * _a0_) + _a1_);{'d0': {'_a0_': -0.46587053794522465, '_a1_': -0.3169836582592979, '_a5_': -0.6668482715586476, '_a2_': 1.0, '_a3_': 1.0, '_a4_': 1.0, '_a6_': 1.0, '_a7_': 1.0}};{'d0': 0.03636510743378347};-257.859404563581;31.13485218859341
603;-44.5939155807303;tan((cos((_a4_ + ((_a5_ * (_a5_ ** x)) * _a6_))) * _a0_));{'d0': {'_a0_': -186.0168700423674, '_a4_': -1.5726538896395765, '_a5_': 1.8646670601130244, '_a6_': -0.00825636589705004, '_a1_': 1.0, '_a2_': 1.0, '_a3_': 1.0, '_a7_': 1.0}};{'d0': 0.13894465402414902};-173.337102795533;42.074635817036
604;-44.5939155807303;tan((cos((_a4_ + ((_a5_ * (_a5_ ** x)) * _a6_))) * _a0_));{'d0': {'_a0_': -186.0168700423674, '_a4_': -1.5726538896395765, '_a5_': 1.8646670601130244, '_a6_': -0.00825636589705004, '_a1_': 1.0, '_a2_': 1.0, '_a3_': 1.0, '_a7_': 1.0}};{'d0': 0.13894465402414902};-173.337102795533;42.074635817036
605;-44.5939155807303;tan((cos((_a4_ + ((_a5_ * (_a5_ ** x)) * _a6_))) * _a0_));{'d0': {'_a0_': -186.0168700423674, '_a4_': -1.5726538896395765, '_a5_': 1.8646670601130244, '_a6_': -0.00825636589705004, '_a1_': 1.0, '_a2_': 1.0, '_a3_': 1.0, '_a7_': 1.0}};{'d0': 0.13894465402414902};-173.337102795533;42.074635817036
606;-97.7948500931972;((sinh((_a5_ + (x / _a1_))) * _a0_) + _a1_);{'d0': {'_a0_': -0.46587053794522465, '_a1_': -0.3169836582592979, '_a5_': -0.6668482715586476, '_a2_': 1.0, '_a3_': 1.0, '_a4_': 1.0, '_a6_': 1.0, '_a7_': 1.0}};{'d0': 0.03636510743378347};-257.859404563581;31.13485218859341
607;-97.7948500931972;((sinh((_a5_ + (x / _a1_))) * _a0_) + _a1_);{'d0': {'_a0_': -0.46587053794522465, '_a1_': -0.3169836582592979, '_a5_': -0.6668482715586476, '_a2_': 1.0, '_a3_': 1.0, '_a4_': 1.0, '_a6_': 1.0, '_a7_': 1.0}};{'d0': 0.03636510743378347};-257.859404563581;31.13485218859341
608;-97.7948500931972;((sinh((_a5_ + (x / _a1_))) * _a0_) + _a1_);{'d0': {'_a0_': -0.46587053794522465, '_a1_': -0.3169836582592979, '_a5_': -0.6668482715586476, '_a2_': 1.0, '_a3_': 1.0, '_a4_': 1.0, '_a6_': 1.0, '_a7_': 1.0}};{'d0': 0.03636510743378347};-257.859404563581;31.13485218859341
609;-97.7948500931972;((sinh((_a5_ + (x / _a1_))) * _a0_) + _a1_);{'d0': {'_a0_': -0.46587053794522465, '_a1_': -0.3169836582592979, '_a5_': -0.6668482715586476, '_a2_': 1.0, '_a3_': 1.0, '_a4_': 1.0, '_a6_': 1.0, '_a7_': 1.0}};{'d0': 0.03636510743378347};-257.859404563581;31.13485218859341
610;-97.7948500931972;((sinh((_a5_ + (x / _a1_))) * _a0_) + _a1_);{'d0': {'_a0_': -0.46587053794522465, '_a1_': -0.3169836582592979, '_a5_': -0.6668482715586476, '_a2_': 1.0, '_a3_': 1.0, '_a4_': 1.0, '_a6_': 1.0, '_a7_': 1.0}};{'d0': 0.03636510743378347};-257.859404563581;31.13485218859341
611;-97.7948500931972;((sinh((_a5_ + (x / _a1_))) * _a0_) + _a1_);{'d0': {'_a0_': -0.46587053794522465, '_a1_': -0.3169836582592979, '_a5_': -0.6668482715586476, '_a2_': 1.0, '_a3_': 1.0, '_a4_': 1.0, '_a6_': 1.0, '_a7_': 1.0}};{'d0': 0.03636510743378347};-257.859404563581;31.13485218859341
612;-97.7948500931972;((sinh((_a5_ + (x / _a1_))) * _a0_) + _a1_);{'d0': {'_a0_': -0.46587053794522465, '_a1_': -0.3169836582592979, '_a5_': -0.6668482715586476, '_a2_': 1.0, '_a3_': 1.0, '_a4_': 1.0, '_a6_': 1.0, '_a7_': 1.0}};{'d0': 0.03636510743378347};-257.859404563581;31.13485218859341
613;-97.7948500931972;((sinh((_a5_ + (x / _a1_))) * _a0_) + _a1_);{'d0': {'_a0_': -0.46587053794522465, '_a1_': -0.3169836582592979, '_a5_': -0.6668482715586476, '_a2_': 1.0, '_a3_': 1.0, '_a4_': 1.0, '_a6_': 1.0, '_a7_': 1.0}};{'d0': 0.03636510743378347};-257.859404563581;31.13485218859341
614;-97.7948500931972;((sinh((_a5_ + (x / _a1_))) * _a0_) + _a1_);{'d0': {'_a0_': -0.46587053794522465, '_a1_': -0.3169836582592979, '_a5_': -0.6668482715586476, '_a2_': 1.0, '_a3_': 1.0, '_a4_': 1.0, '_a6_': 1.0, '_a7_': 1.0}};{'d0': 0.03636510743378347};-257.859404563581;31.13485218859341
615;-97.7948500931972;((sinh((_a5_ + (x / _a1_))) * _a0_) + _a1_);{'d0': {'_a0_': -0.46587053794522465, '_a1_': -0.3169836582592979, '_a5_': -0.6668482715586476, '_a2_': 1.0, '_a3_': 1.0, '_a4_': 1.0, '_a6_': 1.0, '_a7_': 1.0}};{'d0': 0.03636510743378347};-257.859404563581;31.13485218859341
616;-97.7948500931972;((sinh((_a5_ + (x / _a1_))) * _a0_) + _a1_);{'d0': {'_a0_': -0.46587053794522465, '_a1_': -0.3169836582592979, '_a5_': -0.6668482715586476, '_a2_': 1.0, '_a3_': 1.0, '_a4_': 1.0, '_a6_': 1.0, '_a7_': 1.0}};{'d0': 0.03636510743378347};-257.859404563581;31.13485218859341
617;-97.7948500931972;((sinh((_a5_ + (x / _a1_))) * _a0_) + _a1_);{'d0': {'_a0_': -0.46587053794522465, '_a1_': -0.3169836582592979, '_a5_': -0.6668482715586476, '_a2_': 1.0, '_a3_': 1.0, '_a4_': 1.0, '_a6_': 1.0, '_a7_': 1.0}};{'d0': 0.03636510743378347};-257.859404563581;31.13485218859341
618;-97.7948500931972;((sinh((_a5_ + (x / _a1_))) * _a0_) + _a1_);{'d0': {'_a0_': -0.46587053794522465, '_a1_': -0.3169836582592979, '_a5_': -0.6668482715586476, '_a2_': 1.0, '_a3_': 1.0, '_a4_': 1.0, '_a6_': 1.0, '_a7_': 1.0}};{'d0': 0.03636510743378347};-257.859404563581;31.13485218859341
619;-97.7948500931972;((sinh((_a5_ + (x / _a1_))) * _a0_) + _a1_);{'d0': {'_a0_': -0.46587053794522465, '_a1_': -0.3169836582592979, '_a5_': -0.6668482715586476, '_a2_': 1.0, '_a3_': 1.0, '_a4_': 1.0, '_a6_': 1.0, '_a7_': 1.0}};{'d0': 0.03636510743378347};-257.859404563581;31.13485218859341
620;-97.7948500931972;((sinh((_a5_ + (x / _a1_))) * _a0_) + _a1_);{'d0': {'_a0_': -0.46587053794522465, '_a1_': -0.3169836582592979, '_a5_': -0.6668482715586476, '_a2_': 1.0, '_a3_': 1.0, '_a4_': 1.0, '_a6_': 1.0, '_a7_': 1.0}};{'d0': 0.03636510743378347};-257.859404563581;31.13485218859341
621;-97.7948500931972;((sinh((_a5_ + (x / _a1_))) * _a0_) + _a1_);{'d0': {'_a0_': -0.46587053794522465, '_a1_': -0.3169836582592979, '_a5_': -0.6668482715586476, '_a2_': 1.0, '_a3_': 1.0, '_a4_': 1.0, '_a6_': 1.0, '_a7_': 1.0}};{'d0': 0.03636510743378347};-257.859404563581;31.13485218859341
622;-97.7948500931972;((sinh((_a5_ + (x / _a1_))) * _a0_) + _a1_);{'d0': {'_a0_': -0.46587053794522465, '_a1_': -0.3169836582592979, '_a5_': -0.6668482715586476, '_a2_': 1.0, '_a3_': 1.0, '_a4_': 1.0, '_a6_': 1.0, '_a7_': 1.0}};{'d0': 0.03636510743378347};-257.859404563581;31.13485218859341
623;-97.7948500931972;((sinh((_a5_ + (x / _a1_))) * _a0_) + _a1_);{'d0': {'_a0_': -0.46587053794522465, '_a1_': -0.3169836582592979, '_a5_': -0.6668482715586476, '_a2_': 1.0, '_a3_': 1.0, '_a4_': 1.0, '_a6_': 1.0, '_a7_': 1.0}};{'d0': 0.03636510743378347};-257.859404563581;31.13485218859341
624;-97.7948500931972;((sinh((_a5_ + (x / _a1_))) * _a0_) + _a1_);{'d0': {'_a0_': -0.46587053794522465, '_a1_': -0.3169836582592979, '_a5_': -0.6668482715586476, '_a2_': 1.0, '_a3_': 1.0, '_a4_': 1.0, '_a6_': 1.0, '_a7_': 1.0}};{'d0': 0.03636510743378347};-257.859404563581;31.13485218859341
625;-97.7948500931972;((sinh((_a5_ + (x / _a1_))) * _a0_) + _a1_);{'d0': {'_a0_': -0.46587053794522465, '_a1_': -0.3169836582592979, '_a5_': -0.6668482715586476, '_a2_': 1.0, '_a3_': 1.0, '_a4_': 1.0, '_a6_': 1.0, '_a7_': 1.0}};{'d0': 0.03636510743378347};-257.859404563581;31.13485218859341
626;-97.7948500931972;((sinh((_a5_ + (x / _a1_))) * _a0_) + _a1_);{'d0': {'_a0_': -0.46587053794522465, '_a1_': -0.3169836582592979, '_a5_': -0.6668482715586476, '_a2_': 1.0, '_a3_': 1.0, '_a4_': 1.0, '_a6_': 1.0, '_a7_': 1.0}};{'d0': 0.03636510743378347};-257.859404563581;31.13485218859341
627;-97.7948500931972;((sinh((_a5_ + (x / _a1_))) * _a0_) + _a1_);{'d0': {'_a0_': -0.46587053794522465, '_a1_': -0.3169836582592979, '_a5_': -0.6668482715586476, '_a2_': 1.0, '_a3_': 1.0, '_a4_': 1.0, '_a6_': 1.0, '_a7_': 1.0}};{'d0': 0.03636510743378347};-257.859404563581;31.13485218859341
628;-97.7948500931972;((sinh((_a5_ + (x / _a1_))) * _a0_) + _a1_);{'d0': {'_a0_': -0.46587053794522465, '_a1_': -0.3169836582592979, '_a5_': -0.6668482715586476, '_a2_': 1.0, '_a3_': 1.0, '_a4_': 1.0, '_a6_': 1.0, '_a7_': 1.0}};{'d0': 0.03636510743378347};-257.859404563581;31.13485218859341
629;-97.7948500931972;((sinh((_a5_ + (x / _a1_))) * _a0_) + _a1_);{'d0': {'_a0_': -0.46587053794522465, '_a1_': -0.3169836582592979, '_a5_': -0.6668482715586476, '_a2_': 1.0, '_a3_': 1.0, '_a4_': 1.0, '_a6_': 1.0, '_a7_': 1.0}};{'d0': 0.03636510743378347};-257.859404563581;31.13485218859341
630;-97.7948500931972;((sinh((_a5_ + (x / _a1_))) * _a0_) + _a1_);{'d0': {'_a0_': -0.46587053794522465, '_a1_': -0.3169836582592979, '_a5_': -0.6668482715586476, '_a2_': 1.0, '_a3_': 1.0, '_a4_': 1.0, '_a6_': 1.0, '_a7_': 1.0}};{'d0': 0.03636510743378347};-257.859404563581;31.13485218859341
631;-97.7948500931972;((sinh((_a5_ + (x / _a1_))) * _a0_) + _a1_);{'d0': {'_a0_': -0.46587053794522465, '_a1_': -0.3169836582592979, '_a5_': -0.6668482715586476, '_a2_': 1.0, '_a3_': 1.0, '_a4_': 1.0, '_a6_': 1.0, '_a7_': 1.0}};{'d0': 0.03636510743378347};-257.859404563581;31.13485218859341
632;-97.7948500931972;((sinh((_a5_ + (x / _a1_))) * _a0_) + _a1_);{'d0': {'_a0_': -0.46587053794522465, '_a1_': -0.3169836582592979, '_a5_': -0.6668482715586476, '_a2_': 1.0, '_a3_': 1.0, '_a4_': 1.0, '_a6_': 1.0, '_a7_': 1.0}};{'d0': 0.03636510743378347};-257.859404563581;31.13485218859341
633;-97.7948500931972;((sinh((_a5_ + (x / _a1_))) * _a0_) + _a1_);{'d0': {'_a0_': -0.46587053794522465, '_a1_': -0.3169836582592979, '_a5_': -0.6668482715586476, '_a2_': 1.0, '_a3_': 1.0, '_a4_': 1.0, '_a6_': 1.0, '_a7_': 1.0}};{'d0': 0.03636510743378347};-257.859404563581;31.13485218859341
634;-97.7948500931972;((sinh((_a5_ + (x / _a1_))) * _a0_) + _a1_);{'d0': {'_a0_': -0.46587053794522465, '_a1_': -0.3169836582592979, '_a5_': -0.6668482715586476, '_a2_': 1.0, '_a3_': 1.0, '_a4_': 1.0, '_a6_': 1.0, '_a7_': 1.0}};{'d0': 0.03636510743378347};-257.859404563581;31.13485218859341
635;-97.7948500931972;((sinh((_a5_ + (x / _a1_))) * _a0_) + _a1_);{'d0': {'_a0_': -0.46587053794522465, '_a1_': -0.3169836582592979, '_a5_': -0.6668482715586476, '_a2_': 1.0, '_a3_': 1.0, '_a4_': 1.0, '_a6_': 1.0, '_a7_': 1.0}};{'d0': 0.03636510743378347};-257.859404563581;31.13485218859341
636;-97.7948500931972;((sinh((_a5_ + (x / _a1_))) * _a0_) + _a1_);{'d0': {'_a0_': -0.46587053794522465, '_a1_': -0.3169836582592979, '_a5_': -0.6668482715586476, '_a2_': 1.0, '_a3_': 1.0, '_a4_': 1.0, '_a6_': 1.0, '_a7_': 1.0}};{'d0': 0.03636510743378347};-257.859404563581;31.13485218859341
637;-97.7948500931972;((sinh((_a5_ + (x / _a1_))) * _a0_) + _a1_);{'d0': {'_a0_': -0.46587053794522465, '_a1_': -0.3169836582592979, '_a5_': -0.6668482715586476, '_a2_': 1.0, '_a3_': 1.0, '_a4_': 1.0, '_a6_': 1.0, '_a7_': 1.0}};{'d0': 0.03636510743378347};-257.859404563581;31.13485218859341
638;-97.7948500931972;((sinh((_a5_ + (x / _a1_))) * _a0_) + _a1_);{'d0': {'_a0_': -0.46587053794522465, '_a1_': -0.3169836582592979, '_a5_': -0.6668482715586476, '_a2_': 1.0, '_a3_': 1.0, '_a4_': 1.0, '_a6_': 1.0, '_a7_': 1.0}};{'d0': 0.03636510743378347};-257.859404563581;31.13485218859341
639;-97.7948500931972;((sinh((_a5_ + (x / _a1_))) * _a0_) + _a1_);{'d0': {'_a0_': -0.46587053794522465, '_a1_': -0.3169836582592979, '_a5_': -0.6668482715586476, '_a2_': 1.0, '_a3_': 1.0, '_a4_': 1.0, '_a6_': 1.0, '_a7_': 1.0}};{'d0': 0.03636510743378347};-257.859404563581;31.13485218859341
640;-97.7948500931972;((sinh((_a5_ + (x / _a1_))) * _a0_) + _a1_);{'d0': {'_a0_': -0.46587053794522465, '_a1_': -0.3169836582592979, '_a5_': -0.6668482715586476, '_a2_': 1.0, '_a3_': 1.0, '_a4_': 1.0, '_a6_': 1.0, '_a7_': 1.0}};{'d0': 0.03636510743378347};-257.859404563581;31.13485218859341
641;-97.7948500931972;((sinh((_a5_ + (x / _a1_))) * _a0_) + _a1_);{'d0': {'_a0_': -0.46587053794522465, '_a1_': -0.3169836582592979, '_a5_': -0.6668482715586476, '_a2_': 1.0, '_a3_': 1.0, '_a4_': 1.0, '_a6_': 1.0, '_a7_': 1.0}};{'d0': 0.03636510743378347};-257.859404563581;31.13485218859341
642;-97.7948500931972;((sinh((_a5_ + (x / _a1_))) * _a0_) + _a1_);{'d0': {'_a0_': -0.46587053794522465, '_a1_': -0.3169836582592979, '_a5_': -0.6668482715586476, '_a2_': 1.0, '_a3_': 1.0, '_a4_': 1.0, '_a6_': 1.0, '_a7_': 1.0}};{'d0': 0.03636510743378347};-257.859404563581;31.13485218859341
643;-97.7948500931972;((sinh((_a5_ + (x / _a1_))) * _a0_) + _a1_);{'d0': {'_a0_': -0.46587053794522465, '_a1_': -0.3169836582592979, '_a5_': -0.6668482715586476, '_a2_': 1.0, '_a3_': 1.0, '_a4_': 1.0, '_a6_': 1.0, '_a7_': 1.0}};{'d0': 0.03636510743378347};-257.859404563581;31.13485218859341
644;-97.7948500931972;((sinh((_a5_ + (x / _a1_))) * _a0_) + _a1_);{'d0': {'_a0_': -0.46587053794522465, '_a1_': -0.3169836582592979, '_a5_': -0.6668482715586476, '_a2_': 1.0, '_a3_': 1.0, '_a4_': 1.0, '_a6_': 1.0, '_a7_': 1.0}};{'d0': 0.03636510743378347};-257.859404563581;31.13485218859341
645;-97.7948500931972;((sinh((_a5_ + (x / _a1_))) * _a0_) + _a1_);{'d0': {'_a0_': -0.46587053794522465, '_a1_': -0.3169836582592979, '_a5_': -0.6668482715586476, '_a2_': 1.0, '_a3_': 1.0, '_a4_': 1.0, '_a6_': 1.0, '_a7_': 1.0}};{'d0': 0.03636510743378347};-257.859404563581;31.13485218859341
646;-97.7948500931972;((sinh((_a5_ + (x / _a1_))) * _a0_) + _a1_);{'d0': {'_a0_': -0.46587053794522465, '_a1_': -0.3169836582592979, '_a5_': -0.6668482715586476, '_a2_': 1.0, '_a3_': 1.0, '_a4_': 1.0, '_a6_': 1.0, '_a7_': 1.0}};{'d0': 0.03636510743378347};-257.859404563581;31.13485218859341
647;-97.7948500931972;((sinh((_a5_ + (x / _a1_))) * _a0_) + _a1_);{'d0': {'_a0_': -0.46587053794522465, '_a1_': -0.3169836582592979, '_a5_': -0.6668482715586476, '_a2_': 1.0, '_a3_': 1.0, '_a4_': 1.0, '_a6_': 1.0, '_a7_': 1.0}};{'d0': 0.03636510743378347};-257.859404563581;31.13485218859341
648;-97.7948500931972;((sinh((_a5_ + (x / _a1_))) * _a0_) + _a1_);{'d0': {'_a0_': -0.46587053794522465, '_a1_': -0.3169836582592979, '_a5_': -0.6668482715586476, '_a2_': 1.0, '_a3_': 1.0, '_a4_': 1.0, '_a6_': 1.0, '_a7_': 1.0}};{'d0': 0.03636510743378347};-257.859404563581;31.13485218859341
649;-97.7948500931972;((sinh((_a5_ + (x / _a1_))) * _a0_) + _a1_);{'d0': {'_a0_': -0.46587053794522465, '_a1_': -0.3169836582592979, '_a5_': -0.6668482715586476, '_a2_': 1.0, '_a3_': 1.0, '_a4_': 1.0, '_a6_': 1.0, '_a7_': 1.0}};{'d0': 0.03636510743378347};-257.859404563581;31.13485218859341
650;-97.7948500931972;((sinh((_a5_ + (x / _a1_))) * _a0_) + _a1_);{'d0': {'_a0_': -0.46587053794522465, '_a1_': -0.3169836582592979, '_a5_': -0.6668482715586476, '_a2_': 1.0, '_a3_': 1.0, '_a4_': 1.0, '_a6_': 1.0, '_a7_': 1.0}};{'d0': 0.03636510743378347};-257.859404563581;31.13485218859341
651;-97.7948500931972;((sinh((_a5_ + (x / _a1_))) * _a0_) + _a1_);{'d0': {'_a0_': -0.46587053794522465, '_a1_': -0.3169836582592979, '_a5_': -0.6668482715586476, '_a2_': 1.0, '_a3_': 1.0, '_a4_': 1.0, '_a6_': 1.0, '_a7_': 1.0}};{'d0': 0.03636510743378347};-257.859404563581;31.13485218859341
652;-97.7948500931972;((sinh((_a5_ + (x / _a1_))) * _a0_) + _a1_);{'d0': {'_a0_': -0.46587053794522465, '_a1_': -0.3169836582592979, '_a5_': -0.6668482715586476, '_a2_': 1.0, '_a3_': 1.0, '_a4_': 1.0, '_a6_': 1.0, '_a7_': 1.0}};{'d0': 0.03636510743378347};-257.859404563581;31.13485218859341
653;-97.7948500931972;((sinh((_a5_ + (x / _a1_))) * _a0_) + _a1_);{'d0': {'_a0_': -0.46587053794522465, '_a1_': -0.3169836582592979, '_a5_': -0.6668482715586476, '_a2_': 1.0, '_a3_': 1.0, '_a4_': 1.0, '_a6_': 1.0, '_a7_': 1.0}};{'d0': 0.03636510743378347};-257.859404563581;31.13485218859341
654;-97.7948500931972;((sinh((_a5_ + (x / _a1_))) * _a0_) + _a1_);{'d0': {'_a0_': -0.46587053794522465, '_a1_': -0.3169836582592979, '_a5_': -0.6668482715586476, '_a2_': 1.0, '_a3_': 1.0, '_a4_': 1.0, '_a6_': 1.0, '_a7_': 1.0}};{'d0': 0.03636510743378347};-257.859404563581;31.13485218859341
655;-97.7948500931972;((sinh((_a5_ + (x / _a1_))) * _a0_) + _a1_);{'d0': {'_a0_': -0.46587053794522465, '_a1_': -0.3169836582592979, '_a5_': -0.6668482715586476, '_a2_': 1.0, '_a3_': 1.0, '_a4_': 1.0, '_a6_': 1.0, '_a7_': 1.0}};{'d0': 0.03636510743378347};-257.859404563581;31.13485218859341
656;-97.7948500931972;((sinh((_a5_ + (x / _a1_))) * _a0_) + _a1_);{'d0': {'_a0_': -0.46587053794522465, '_a1_': -0.3169836582592979, '_a5_': -0.6668482715586476, '_a2_': 1.0, '_a3_': 1.0, '_a4_': 1.0, '_a6_': 1.0, '_a7_': 1.0}};{'d0': 0.03636510743378347};-257.859404563581;31.13485218859341
657;-97.7948500931972;((sinh((_a5_ + (x / _a1_))) * _a0_) + _a1_);{'d0': {'_a0_': -0.46587053794522465, '_a1_': -0.3169836582592979, '_a5_': -0.6668482715586476, '_a2_': 1.0, '_a3_': 1.0, '_a4_': 1.0, '_a6_': 1.0, '_a7_': 1.0}};{'d0': 0.03636510743378347};-257.859404563581;31.13485218859341
658;-97.7948500931972;((sinh((_a5_ + (x / _a1_))) * _a0_) + _a1_);{'d0': {'_a0_': -0.46587053794522465, '_a1_': -0.3169836582592979, '_a5_': -0.6668482715586476, '_a2_': 1.0, '_a3_': 1.0, '_a4_': 1.0, '_a6_': 1.0, '_a7_': 1.0}};{'d0': 0.03636510743378347};-257.859404563581;31.13485218859341
659;-97.7948500931972;((sinh((_a5_ + (x / _a1_))) * _a0_) + _a1_);{'d0': {'_a0_': -0.46587053794522465, '_a1_': -0.3169836582592979, '_a5_': -0.6668482715586476, '_a2_': 1.0, '_a3_': 1.0, '_a4_': 1.0, '_a6_': 1.0, '_a7_': 1.0}};{'d0': 0.03636510743378347};-257.859404563581;31.13485218859341
660;-94.1149029329230;((sinh((-(_a3_) + (x / _a1_))) * _a0_) + _a1_);{'d0': {'_a0_': -0.46587050181994133, '_a1_': -0.3169836467617299, '_a3_': 0.666848286439849, '_a2_': 1.0, '_a4_': 1.0, '_a5_': 1.0, '_a6_': 1.0, '_a7_': 1.0}};{'d0': 0.03636510743380023};-257.859404563554;34.814799348853796
661;-94.1149029329230;((sinh((-(_a3_) + (x / _a1_))) * _a0_) + _a1_);{'d0': {'_a0_': -0.46587050181994133, '_a1_': -0.3169836467617299, '_a3_': 0.666848286439849, '_a2_': 1.0, '_a4_': 1.0, '_a5_': 1.0, '_a6_': 1.0, '_a7_': 1.0}};{'d0': 0.03636510743380023};-257.859404563554;34.814799348853796
662;-94.1149029329230;((sinh((-(_a3_) + (x / _a1_))) * _a0_) + _a1_);{'d0': {'_a0_': -0.46587050181994133, '_a1_': -0.3169836467617299, '_a3_': 0.666848286439849, '_a2_': 1.0, '_a4_': 1.0, '_a5_': 1.0, '_a6_': 1.0, '_a7_': 1.0}};{'d0': 0.03636510743380023};-257.859404563554;34.814799348853796
663;-94.1149029329230;((sinh((-(_a3_) + (x / _a1_))) * _a0_) + _a1_);{'d0': {'_a0_': -0.46587050181994133, '_a1_': -0.3169836467617299, '_a3_': 0.666848286439849, '_a2_': 1.0, '_a4_': 1.0, '_a5_': 1.0, '_a6_': 1.0, '_a7_': 1.0}};{'d0': 0.03636510743380023};-257.859404563554;34.814799348853796
664;-94.1149029329230;((sinh((-(_a3_) + (x / _a1_))) * _a0_) + _a1_);{'d0': {'_a0_': -0.46587050181994133, '_a1_': -0.3169836467617299, '_a3_': 0.666848286439849, '_a2_': 1.0, '_a4_': 1.0, '_a5_': 1.0, '_a6_': 1.0, '_a7_': 1.0}};{'d0': 0.03636510743380023};-257.859404563554;34.814799348853796
665;-94.1149029329230;((sinh((-(_a3_) + (x / _a1_))) * _a0_) + _a1_);{'d0': {'_a0_': -0.46587050181994133, '_a1_': -0.3169836467617299, '_a3_': 0.666848286439849, '_a2_': 1.0, '_a4_': 1.0, '_a5_': 1.0, '_a6_': 1.0, '_a7_': 1.0}};{'d0': 0.03636510743380023};-257.859404563554;34.814799348853796
666;-94.1149029329230;((sinh((-(_a3_) + (x / _a1_))) * _a0_) + _a1_);{'d0': {'_a0_': -0.46587050181994133, '_a1_': -0.3169836467617299, '_a3_': 0.666848286439849, '_a2_': 1.0, '_a4_': 1.0, '_a5_': 1.0, '_a6_': 1.0, '_a7_': 1.0}};{'d0': 0.03636510743380023};-257.859404563554;34.814799348853796
667;-94.1149029329230;((sinh((-(_a3_) + (x / _a1_))) * _a0_) + _a1_);{'d0': {'_a0_': -0.46587050181994133, '_a1_': -0.3169836467617299, '_a3_': 0.666848286439849, '_a2_': 1.0, '_a4_': 1.0, '_a5_': 1.0, '_a6_': 1.0, '_a7_': 1.0}};{'d0': 0.03636510743380023};-257.859404563554;34.814799348853796
668;-94.1149029329230;((sinh((-(_a3_) + (x / _a1_))) * _a0_) + _a1_);{'d0': {'_a0_': -0.46587050181994133, '_a1_': -0.3169836467617299, '_a3_': 0.666848286439849, '_a2_': 1.0, '_a4_': 1.0, '_a5_': 1.0, '_a6_': 1.0, '_a7_': 1.0}};{'d0': 0.03636510743380023};-257.859404563554;34.814799348853796
669;-94.1149029329230;((sinh((-(_a3_) + (x / _a1_))) * _a0_) + _a1_);{'d0': {'_a0_': -0.46587050181994133, '_a1_': -0.3169836467617299, '_a3_': 0.666848286439849, '_a2_': 1.0, '_a4_': 1.0, '_a5_': 1.0, '_a6_': 1.0, '_a7_': 1.0}};{'d0': 0.03636510743380023};-257.859404563554;34.814799348853796
670;-94.1149029329230;((sinh((-(_a3_) + (x / _a1_))) * _a0_) + _a1_);{'d0': {'_a0_': -0.46587050181994133, '_a1_': -0.3169836467617299, '_a3_': 0.666848286439849, '_a2_': 1.0, '_a4_': 1.0, '_a5_': 1.0, '_a6_': 1.0, '_a7_': 1.0}};{'d0': 0.03636510743380023};-257.859404563554;34.814799348853796
671;-94.1149029329230;((sinh((-(_a3_) + (x / _a1_))) * _a0_) + _a1_);{'d0': {'_a0_': -0.46587050181994133, '_a1_': -0.3169836467617299, '_a3_': 0.666848286439849, '_a2_': 1.0, '_a4_': 1.0, '_a5_': 1.0, '_a6_': 1.0, '_a7_': 1.0}};{'d0': 0.03636510743380023};-257.859404563554;34.814799348853796
672;-94.1149029329230;((sinh((-(_a3_) + (x / _a1_))) * _a0_) + _a1_);{'d0': {'_a0_': -0.46587050181994133, '_a1_': -0.3169836467617299, '_a3_': 0.666848286439849, '_a2_': 1.0, '_a4_': 1.0, '_a5_': 1.0, '_a6_': 1.0, '_a7_': 1.0}};{'d0': 0.03636510743380023};-257.859404563554;34.814799348853796
673;-94.1149029329230;((sinh((-(_a3_) + (x / _a1_))) * _a0_) + _a1_);{'d0': {'_a0_': -0.46587050181994133, '_a1_': -0.3169836467617299, '_a3_': 0.666848286439849, '_a2_': 1.0, '_a4_': 1.0, '_a5_': 1.0, '_a6_': 1.0, '_a7_': 1.0}};{'d0': 0.03636510743380023};-257.859404563554;34.814799348853796
674;-94.1149029329230;((sinh((-(_a3_) + (x / _a1_))) * _a0_) + _a1_);{'d0': {'_a0_': -0.46587050181994133, '_a1_': -0.3169836467617299, '_a3_': 0.666848286439849, '_a2_': 1.0, '_a4_': 1.0, '_a5_': 1.0, '_a6_': 1.0, '_a7_': 1.0}};{'d0': 0.03636510743380023};-257.859404563554;34.814799348853796
675;-94.1149029329230;((sinh((-(_a3_) + (x / _a1_))) * _a0_) + _a1_);{'d0': {'_a0_': -0.46587050181994133, '_a1_': -0.3169836467617299, '_a3_': 0.666848286439849, '_a2_': 1.0, '_a4_': 1.0, '_a5_': 1.0, '_a6_': 1.0, '_a7_': 1.0}};{'d0': 0.03636510743380023};-257.859404563554;34.814799348853796
676;-94.1149029329230;((sinh((-(_a3_) + (x / _a1_))) * _a0_) + _a1_);{'d0': {'_a0_': -0.46587050181994133, '_a1_': -0.3169836467617299, '_a3_': 0.666848286439849, '_a2_': 1.0, '_a4_': 1.0, '_a5_': 1.0, '_a6_': 1.0, '_a7_': 1.0}};{'d0': 0.03636510743380023};-257.859404563554;34.814799348853796
677;-94.1149029329230;((sinh((-(_a3_) + (x / _a1_))) * _a0_) + _a1_);{'d0': {'_a0_': -0.46587050181994133, '_a1_': -0.3169836467617299, '_a3_': 0.666848286439849, '_a2_': 1.0, '_a4_': 1.0, '_a5_': 1.0, '_a6_': 1.0, '_a7_': 1.0}};{'d0': 0.03636510743380023};-257.859404563554;34.814799348853796
678;-94.1149029329230;((sinh((-(_a3_) + (x / _a1_))) * _a0_) + _a1_);{'d0': {'_a0_': -0.46587050181994133, '_a1_': -0.3169836467617299, '_a3_': 0.666848286439849, '_a2_': 1.0, '_a4_': 1.0, '_a5_': 1.0, '_a6_': 1.0, '_a7_': 1.0}};{'d0': 0.03636510743380023};-257.859404563554;34.814799348853796
679;-94.1149029329230;((sinh((-(_a3_) + (x / _a1_))) * _a0_) + _a1_);{'d0': {'_a0_': -0.46587050181994133, '_a1_': -0.3169836467617299, '_a3_': 0.666848286439849, '_a2_': 1.0, '_a4_': 1.0, '_a5_': 1.0, '_a6_': 1.0, '_a7_': 1.0}};{'d0': 0.03636510743380023};-257.859404563554;34.814799348853796
680;-94.1149029329230;((sinh((-(_a3_) + (x / _a1_))) * _a0_) + _a1_);{'d0': {'_a0_': -0.46587050181994133, '_a1_': -0.3169836467617299, '_a3_': 0.666848286439849, '_a2_': 1.0, '_a4_': 1.0, '_a5_': 1.0, '_a6_': 1.0, '_a7_': 1.0}};{'d0': 0.03636510743380023};-257.859404563554;34.814799348853796
681;-94.1149029329367;((sinh((-(_a3_) + (x / _a1_))) * _a2_) + _a1_);{'d0': {'_a1_': -0.3169836584070307, '_a2_': -0.46587053835658215, '_a3_': 0.6668482711108468, '_a0_': 1.0, '_a4_': 1.0, '_a5_': 1.0, '_a6_': 1.0, '_a7_': 1.0}};{'d0': 0.03636510743378361};-257.859404563581;34.814799348853796
682;-94.1149029329367;((sinh((-(_a3_) + (x / _a1_))) * _a2_) + _a1_);{'d0': {'_a1_': -0.3169836584070307, '_a2_': -0.46587053835658215, '_a3_': 0.6668482711108468, '_a0_': 1.0, '_a4_': 1.0, '_a5_': 1.0, '_a6_': 1.0, '_a7_': 1.0}};{'d0': 0.03636510743378361};-257.859404563581;34.814799348853796
683;-94.1149029329367;((sinh((-(_a3_) + (x / _a1_))) * _a2_) + _a1_);{'d0': {'_a1_': -0.3169836584070307, '_a2_': -0.46587053835658215, '_a3_': 0.6668482711108468, '_a0_': 1.0, '_a4_': 1.0, '_a5_': 1.0, '_a6_': 1.0, '_a7_': 1.0}};{'d0': 0.03636510743378361};-257.859404563581;34.814799348853796
684;-94.1149029329367;((sinh((-(_a3_) + (x / _a1_))) * _a2_) + _a1_);{'d0': {'_a1_': -0.3169836584070307, '_a2_': -0.46587053835658215, '_a3_': 0.6668482711108468, '_a0_': 1.0, '_a4_': 1.0, '_a5_': 1.0, '_a6_': 1.0, '_a7_': 1.0}};{'d0': 0.03636510743378361};-257.859404563581;34.814799348853796
685;-94.1149029329367;((sinh((-(_a3_) + (x / _a1_))) * _a2_) + _a1_);{'d0': {'_a1_': -0.3169836584070307, '_a2_': -0.46587053835658215, '_a3_': 0.6668482711108468, '_a0_': 1.0, '_a4_': 1.0, '_a5_': 1.0, '_a6_': 1.0, '_a7_': 1.0}};{'d0': 0.03636510743378361};-257.859404563581;34.814799348853796
686;-94.1149029329367;((sinh((-(_a3_) + (x / _a1_))) * _a2_) + _a1_);{'d0': {'_a1_': -0.3169836584070307, '_a2_': -0.46587053835658215, '_a3_': 0.6668482711108468, '_a0_': 1.0, '_a4_': 1.0, '_a5_': 1.0, '_a6_': 1.0, '_a7_': 1.0}};{'d0': 0.03636510743378361};-257.859404563581;34.814799348853796
687;-94.1149029329367;((sinh((-(_a3_) + (x / _a1_))) * _a2_) + _a1_);{'d0': {'_a1_': -0.3169836584070307, '_a2_': -0.46587053835658215, '_a3_': 0.6668482711108468, '_a0_': 1.0, '_a4_': 1.0, '_a5_': 1.0, '_a6_': 1.0, '_a7_': 1.0}};{'d0': 0.03636510743378361};-257.859404563581;34.814799348853796
688;-94.1149029329367;((sinh((-(_a3_) + (x / _a1_))) * _a2_) + _a1_);{'d0': {'_a1_': -0.3169836584070307, '_a2_': -0.46587053835658215, '_a3_': 0.6668482711108468, '_a0_': 1.0, '_a4_': 1.0, '_a5_': 1.0, '_a6_': 1.0, '_a7_': 1.0}};{'d0': 0.03636510743378361};-257.859404563581;34.814799348853796
689;-94.1149029329367;((sinh((-(_a3_) + (x / _a1_))) * _a2_) + _a1_);{'d0': {'_a1_': -0.3169836584070307, '_a2_': -0.46587053835658215, '_a3_': 0.6668482711108468, '_a0_': 1.0, '_a4_': 1.0, '_a5_': 1.0, '_a6_': 1.0, '_a7_': 1.0}};{'d0': 0.03636510743378361};-257.859404563581;34.814799348853796
690;-94.1149029329367;((sinh((-(_a3_) + (x / _a1_))) * _a2_) + _a1_);{'d0': {'_a1_': -0.3169836584070307, '_a2_': -0.46587053835658215, '_a3_': 0.6668482711108468, '_a0_': 1.0, '_a4_': 1.0, '_a5_': 1.0, '_a6_': 1.0, '_a7_': 1.0}};{'d0': 0.03636510743378361};-257.859404563581;34.814799348853796
691;-94.1149029329367;((sinh((-(_a3_) + (x / _a1_))) * _a2_) + _a1_);{'d0': {'_a1_': -0.3169836584070307, '_a2_': -0.46587053835658215, '_a3_': 0.6668482711108468, '_a0_': 1.0, '_a4_': 1.0, '_a5_': 1.0, '_a6_': 1.0, '_a7_': 1.0}};{'d0': 0.03636510743378361};-257.859404563581;34.814799348853796
692;-94.1149029329367;((sinh((-(_a3_) + (x / _a1_))) * _a2_) + _a1_);{'d0': {'_a1_': -0.3169836584070307, '_a2_': -0.46587053835658215, '_a3_': 0.6668482711108468, '_a0_': 1.0, '_a4_': 1.0, '_a5_': 1.0, '_a6_': 1.0, '_a7_': 1.0}};{'d0': 0.03636510743378361};-257.859404563581;34.814799348853796
693;-94.1149029329367;((sinh((-(_a3_) + (x / _a1_))) * _a2_) + _a1_);{'d0': {'_a1_': -0.3169836584070307, '_a2_': -0.46587053835658215, '_a3_': 0.6668482711108468, '_a0_': 1.0, '_a4_': 1.0, '_a5_': 1.0, '_a6_': 1.0, '_a7_': 1.0}};{'d0': 0.03636510743378361};-257.859404563581;34.814799348853796
694;-94.1149029329367;((sinh((-(_a3_) + (x / _a1_))) * _a2_) + _a1_);{'d0': {'_a1_': -0.3169836584070307, '_a2_': -0.46587053835658215, '_a3_': 0.6668482711108468, '_a0_': 1.0, '_a4_': 1.0, '_a5_': 1.0, '_a6_': 1.0, '_a7_': 1.0}};{'d0': 0.03636510743378361};-257.859404563581;34.814799348853796
695;-94.1149029329367;((sinh((-(_a3_) + (x / _a1_))) * _a2_) + _a1_);{'d0': {'_a1_': -0.3169836584070307, '_a2_': -0.46587053835658215, '_a3_': 0.6668482711108468, '_a0_': 1.0, '_a4_': 1.0, '_a5_': 1.0, '_a6_': 1.0, '_a7_': 1.0}};{'d0': 0.03636510743378361};-257.859404563581;34.814799348853796
696;-94.1149029329367;((sinh((-(_a3_) + (x / _a1_))) * _a2_) + _a1_);{'d0': {'_a1_': -0.3169836584070307, '_a2_': -0.46587053835658215, '_a3_': 0.6668482711108468, '_a0_': 1.0, '_a4_': 1.0, '_a5_': 1.0, '_a6_': 1.0, '_a7_': 1.0}};{'d0': 0.03636510743378361};-257.859404563581;34.814799348853796
697;-94.1149029329367;((sinh((-(_a3_) + (x / _a1_))) * _a2_) + _a1_);{'d0': {'_a1_': -0.3169836584070307, '_a2_': -0.46587053835658215, '_a3_': 0.6668482711108468, '_a0_': 1.0, '_a4_': 1.0, '_a5_': 1.0, '_a6_': 1.0, '_a7_': 1.0}};{'d0': 0.03636510743378361};-257.859404563581;34.814799348853796
698;-94.1149029329367;((sinh((-(_a3_) + (x / _a1_))) * _a2_) + _a1_);{'d0': {'_a1_': -0.3169836584070307, '_a2_': -0.46587053835658215, '_a3_': 0.6668482711108468, '_a0_': 1.0, '_a4_': 1.0, '_a5_': 1.0, '_a6_': 1.0, '_a7_': 1.0}};{'d0': 0.03636510743378361};-257.859404563581;34.814799348853796
699;-94.1149029329367;((sinh((-(_a3_) + (x / _a1_))) * _a2_) + _a1_);{'d0': {'_a1_': -0.3169836584070307, '_a2_': -0.46587053835658215, '_a3_': 0.6668482711108468, '_a0_': 1.0, '_a4_': 1.0, '_a5_': 1.0, '_a6_': 1.0, '_a7_': 1.0}};{'d0': 0.03636510743378361};-257.859404563581;34.814799348853796
700;-94.1149029329367;((sinh((-(_a3_) + (x / _a1_))) * _a2_) + _a1_);{'d0': {'_a1_': -0.3169836584070307, '_a2_': -0.46587053835658215, '_a3_': 0.6668482711108468, '_a0_': 1.0, '_a4_': 1.0, '_a5_': 1.0, '_a6_': 1.0, '_a7_': 1.0}};{'d0': 0.03636510743378361};-257.859404563581;34.814799348853796
701;-94.1149029329367;((sinh((-(_a3_) + (x / _a1_))) * _a2_) + _a1_);{'d0': {'_a1_': -0.3169836584070307, '_a2_': -0.46587053835658215, '_a3_': 0.6668482711108468, '_a0_': 1.0, '_a4_': 1.0, '_a5_': 1.0, '_a6_': 1.0, '_a7_': 1.0}};{'d0': 0.03636510743378361};-257.859404563581;34.814799348853796
702;-94.1149029329367;((sinh((-(_a3_) + (x / _a1_))) * _a2_) + _a1_);{'d0': {'_a1_': -0.3169836584070307, '_a2_': -0.46587053835658215, '_a3_': 0.6668482711108468, '_a0_': 1.0, '_a4_': 1.0, '_a5_': 1.0, '_a6_': 1.0, '_a7_': 1.0}};{'d0': 0.03636510743378361};-257.859404563581;34.814799348853796
703;-94.1149029329367;((sinh((-(_a3_) + (x / _a1_))) * _a2_) + _a1_);{'d0': {'_a1_': -0.3169836584070307, '_a2_': -0.46587053835658215, '_a3_': 0.6668482711108468, '_a0_': 1.0, '_a4_': 1.0, '_a5_': 1.0, '_a6_': 1.0, '_a7_': 1.0}};{'d0': 0.03636510743378361};-257.859404563581;34.814799348853796
704;-94.1149029329367;((sinh((-(_a3_) + (x / _a1_))) * _a2_) + _a1_);{'d0': {'_a1_': -0.3169836584070307, '_a2_': -0.46587053835658215, '_a3_': 0.6668482711108468, '_a0_': 1.0, '_a4_': 1.0, '_a5_': 1.0, '_a6_': 1.0, '_a7_': 1.0}};{'d0': 0.03636510743378361};-257.859404563581;34.814799348853796
705;-94.1149029329367;((sinh((-(_a3_) + (x / _a1_))) * _a2_) + _a1_);{'d0': {'_a1_': -0.3169836584070307, '_a2_': -0.46587053835658215, '_a3_': 0.6668482711108468, '_a0_': 1.0, '_a4_': 1.0, '_a5_': 1.0, '_a6_': 1.0, '_a7_': 1.0}};{'d0': 0.03636510743378361};-257.859404563581;34.814799348853796
706;-94.1149029329367;((sinh((-(_a3_) + (x / _a1_))) * _a2_) + _a1_);{'d0': {'_a1_': -0.3169836584070307, '_a2_': -0.46587053835658215, '_a3_': 0.6668482711108468, '_a0_': 1.0, '_a4_': 1.0, '_a5_': 1.0, '_a6_': 1.0, '_a7_': 1.0}};{'d0': 0.03636510743378361};-257.859404563581;34.814799348853796
707;-94.1149029329367;((sinh((-(_a3_) + (x / _a1_))) * _a2_) + _a1_);{'d0': {'_a1_': -0.3169836584070307, '_a2_': -0.46587053835658215, '_a3_': 0.6668482711108468, '_a0_': 1.0, '_a4_': 1.0, '_a5_': 1.0, '_a6_': 1.0, '_a7_': 1.0}};{'d0': 0.03636510743378361};-257.859404563581;34.814799348853796
708;-94.1149029329367;((sinh((-(_a3_) + (x / _a1_))) * _a2_) + _a1_);{'d0': {'_a1_': -0.3169836584070307, '_a2_': -0.46587053835658215, '_a3_': 0.6668482711108468, '_a0_': 1.0, '_a4_': 1.0, '_a5_': 1.0, '_a6_': 1.0, '_a7_': 1.0}};{'d0': 0.03636510743378361};-257.859404563581;34.814799348853796
709;-94.1149029329367;((sinh((-(_a3_) + (x / _a1_))) * _a2_) + _a1_);{'d0': {'_a1_': -0.3169836584070307, '_a2_': -0.46587053835658215, '_a3_': 0.6668482711108468, '_a0_': 1.0, '_a4_': 1.0, '_a5_': 1.0, '_a6_': 1.0, '_a7_': 1.0}};{'d0': 0.03636510743378361};-257.859404563581;34.814799348853796
710;-94.1149029329367;((sinh((-(_a3_) + (x / _a1_))) * _a2_) + _a1_);{'d0': {'_a1_': -0.3169836584070307, '_a2_': -0.46587053835658215, '_a3_': 0.6668482711108468, '_a0_': 1.0, '_a4_': 1.0, '_a5_': 1.0, '_a6_': 1.0, '_a7_': 1.0}};{'d0': 0.03636510743378361};-257.859404563581;34.814799348853796
711;-94.1149029329367;((sinh((-(_a3_) + (x / _a1_))) * _a2_) + _a1_);{'d0': {'_a1_': -0.3169836584070307, '_a2_': -0.46587053835658215, '_a3_': 0.6668482711108468, '_a0_': 1.0, '_a4_': 1.0, '_a5_': 1.0, '_a6_': 1.0, '_a7_': 1.0}};{'d0': 0.03636510743378361};-257.859404563581;34.814799348853796
712;-39.1065693700064;((tan(-(((_a3_ + x) * _a2_))) * sqrt(_a5_)) + _a0_);{'d0': {'_a0_': -0.34374518566497614, '_a2_': -1.535293441143581, '_a3_': 0.22040174153642098, '_a5_': 1.253219897510887, '_a1_': 1.0, '_a4_': 1.0, '_a6_': 1.0, '_a7_': 1.0}};{'d0': 0.18241875095436866};-157.003351258096;39.39510625904139
713;-39.1065693700064;((tan(-(((_a3_ + x) * _a2_))) * sqrt(_a5_)) + _a0_);{'d0': {'_a0_': -0.34374518566497614, '_a2_': -1.535293441143581, '_a3_': 0.22040174153642098, '_a5_': 1.253219897510887, '_a1_': 1.0, '_a4_': 1.0, '_a6_': 1.0, '_a7_': 1.0}};{'d0': 0.18241875095436866};-157.003351258096;39.39510625904139
714;-39.1065693700064;((tan(-(((_a3_ + x) * _a2_))) * sqrt(_a5_)) + _a0_);{'d0': {'_a0_': -0.34374518566497614, '_a2_': -1.535293441143581, '_a3_': 0.22040174153642098, '_a5_': 1.253219897510887, '_a1_': 1.0, '_a4_': 1.0, '_a6_': 1.0, '_a7_': 1.0}};{'d0': 0.18241875095436866};-157.003351258096;39.39510625904139
715;-39.1065693700064;((tan(-(((_a3_ + x) * _a2_))) * sqrt(_a5_)) + _a0_);{'d0': {'_a0_': -0.34374518566497614, '_a2_': -1.535293441143581, '_a3_': 0.22040174153642098, '_a5_': 1.253219897510887, '_a1_': 1.0, '_a4_': 1.0, '_a6_': 1.0, '_a7_': 1.0}};{'d0': 0.18241875095436866};-157.003351258096;39.39510625904139
716;-39.1065693700064;((tan(-(((_a3_ + x) * _a2_))) * sqrt(_a5_)) + _a0_);{'d0': {'_a0_': -0.34374518566497614, '_a2_': -1.535293441143581, '_a3_': 0.22040174153642098, '_a5_': 1.253219897510887, '_a1_': 1.0, '_a4_': 1.0, '_a6_': 1.0, '_a7_': 1.0}};{'d0': 0.18241875095436866};-157.003351258096;39.39510625904139
717;-39.1065693700064;((tan(-(((_a3_ + x) * _a2_))) * sqrt(_a5_)) + _a0_);{'d0': {'_a0_': -0.34374518566497614, '_a2_': -1.535293441143581, '_a3_': 0.22040174153642098, '_a5_': 1.253219897510887, '_a1_': 1.0, '_a4_': 1.0, '_a6_': 1.0, '_a7_': 1.0}};{'d0': 0.18241875095436866};-157.003351258096;39.39510625904139
718;-94.1149029329367;((sinh((-(_a3_) + (x / _a1_))) * _a2_) + _a1_);{'d0': {'_a1_': -0.3169836584070307, '_a2_': -0.46587053835658215, '_a3_': 0.6668482711108468, '_a0_': 1.0, '_a4_': 1.0, '_a5_': 1.0, '_a6_': 1.0, '_a7_': 1.0}};{'d0': 0.03636510743378361};-257.859404563581;34.814799348853796
719;-94.1149029329367;((sinh((-(_a3_) + (x / _a1_))) * _a2_) + _a1_);{'d0': {'_a1_': -0.3169836584070307, '_a2_': -0.46587053835658215, '_a3_': 0.6668482711108468, '_a0_': 1.0, '_a4_': 1.0, '_a5_': 1.0, '_a6_': 1.0, '_a7_': 1.0}};{'d0': 0.03636510743378361};-257.859404563581;34.814799348853796
720;-94.1149029329367;((sinh((-(_a3_) + (x / _a1_))) * _a2_) + _a1_);{'d0': {'_a1_': -0.3169836584070307, '_a2_': -0.46587053835658215, '_a3_': 0.6668482711108468, '_a0_': 1.0, '_a4_': 1.0, '_a5_': 1.0, '_a6_': 1.0, '_a7_': 1.0}};{'d0': 0.03636510743378361};-257.859404563581;34.814799348853796
721;-94.1149029329367;((sinh((-(_a3_) + (x / _a1_))) * _a2_) + _a1_);{'d0': {'_a1_': -0.3169836584070307, '_a2_': -0.46587053835658215, '_a3_': 0.6668482711108468, '_a0_': 1.0, '_a4_': 1.0, '_a5_': 1.0, '_a6_': 1.0, '_a7_': 1.0}};{'d0': 0.03636510743378361};-257.859404563581;34.814799348853796
722;-94.1149029329367;((sinh((-(_a3_) + (x / _a1_))) * _a2_) + _a1_);{'d0': {'_a1_': -0.3169836584070307, '_a2_': -0.46587053835658215, '_a3_': 0.6668482711108468, '_a0_': 1.0, '_a4_': 1.0, '_a5_': 1.0, '_a6_': 1.0, '_a7_': 1.0}};{'d0': 0.03636510743378361};-257.859404563581;34.814799348853796
723;-94.1149029329367;((sinh((-(_a3_) + (x / _a1_))) * _a2_) + _a1_);{'d0': {'_a1_': -0.3169836584070307, '_a2_': -0.46587053835658215, '_a3_': 0.6668482711108468, '_a0_': 1.0, '_a4_': 1.0, '_a5_': 1.0, '_a6_': 1.0, '_a7_': 1.0}};{'d0': 0.03636510743378361};-257.859404563581;34.814799348853796
724;-94.1149029329367;((sinh((-(_a3_) + (x / _a1_))) * _a2_) + _a1_);{'d0': {'_a1_': -0.3169836584070307, '_a2_': -0.46587053835658215, '_a3_': 0.6668482711108468, '_a0_': 1.0, '_a4_': 1.0, '_a5_': 1.0, '_a6_': 1.0, '_a7_': 1.0}};{'d0': 0.03636510743378361};-257.859404563581;34.814799348853796
725;-94.1149029329367;((sinh((-(_a3_) + (x / _a1_))) * _a2_) + _a1_);{'d0': {'_a1_': -0.3169836584070307, '_a2_': -0.46587053835658215, '_a3_': 0.6668482711108468, '_a0_': 1.0, '_a4_': 1.0, '_a5_': 1.0, '_a6_': 1.0, '_a7_': 1.0}};{'d0': 0.03636510743378361};-257.859404563581;34.814799348853796
726;-94.1149029329367;((sinh((-(_a3_) + (x / _a1_))) * _a2_) + _a1_);{'d0': {'_a1_': -0.3169836584070307, '_a2_': -0.46587053835658215, '_a3_': 0.6668482711108468, '_a0_': 1.0, '_a4_': 1.0, '_a5_': 1.0, '_a6_': 1.0, '_a7_': 1.0}};{'d0': 0.03636510743378361};-257.859404563581;34.814799348853796
727;-94.1149029329367;((sinh((-(_a3_) + (x / _a1_))) * _a2_) + _a1_);{'d0': {'_a1_': -0.3169836584070307, '_a2_': -0.46587053835658215, '_a3_': 0.6668482711108468, '_a0_': 1.0, '_a4_': 1.0, '_a5_': 1.0, '_a6_': 1.0, '_a7_': 1.0}};{'d0': 0.03636510743378361};-257.859404563581;34.814799348853796
728;-94.1149029329367;((sinh((-(_a3_) + (x / _a1_))) * _a2_) + _a1_);{'d0': {'_a1_': -0.3169836584070307, '_a2_': -0.46587053835658215, '_a3_': 0.6668482711108468, '_a0_': 1.0, '_a4_': 1.0, '_a5_': 1.0, '_a6_': 1.0, '_a7_': 1.0}};{'d0': 0.03636510743378361};-257.859404563581;34.814799348853796
729;-94.1149029329367;((sinh((-(_a3_) + (x / _a1_))) * _a2_) + _a1_);{'d0': {'_a1_': -0.3169836584070307, '_a2_': -0.46587053835658215, '_a3_': 0.6668482711108468, '_a0_': 1.0, '_a4_': 1.0, '_a5_': 1.0, '_a6_': 1.0, '_a7_': 1.0}};{'d0': 0.03636510743378361};-257.859404563581;34.814799348853796
730;-94.1149029329367;((sinh((-(_a3_) + (x / _a1_))) * _a2_) + _a1_);{'d0': {'_a1_': -0.3169836584070307, '_a2_': -0.46587053835658215, '_a3_': 0.6668482711108468, '_a0_': 1.0, '_a4_': 1.0, '_a5_': 1.0, '_a6_': 1.0, '_a7_': 1.0}};{'d0': 0.03636510743378361};-257.859404563581;34.814799348853796
731;-94.1149029329367;((sinh((-(_a3_) + (x / _a1_))) * _a2_) + _a1_);{'d0': {'_a1_': -0.3169836584070307, '_a2_': -0.46587053835658215, '_a3_': 0.6668482711108468, '_a0_': 1.0, '_a4_': 1.0, '_a5_': 1.0, '_a6_': 1.0, '_a7_': 1.0}};{'d0': 0.03636510743378361};-257.859404563581;34.814799348853796
732;-94.1149029329367;((sinh((-(_a3_) + (x / _a1_))) * _a2_) + _a1_);{'d0': {'_a1_': -0.3169836584070307, '_a2_': -0.46587053835658215, '_a3_': 0.6668482711108468, '_a0_': 1.0, '_a4_': 1.0, '_a5_': 1.0, '_a6_': 1.0, '_a7_': 1.0}};{'d0': 0.03636510743378361};-257.859404563581;34.814799348853796
733;-94.1149029329367;((sinh((-(_a3_) + (x / _a1_))) * _a2_) + _a1_);{'d0': {'_a1_': -0.3169836584070307, '_a2_': -0.46587053835658215, '_a3_': 0.6668482711108468, '_a0_': 1.0, '_a4_': 1.0, '_a5_': 1.0, '_a6_': 1.0, '_a7_': 1.0}};{'d0': 0.03636510743378361};-257.859404563581;34.814799348853796
734;-94.1149029329367;((sinh((-(_a3_) + (x / _a1_))) * _a2_) + _a1_);{'d0': {'_a1_': -0.3169836584070307, '_a2_': -0.46587053835658215, '_a3_': 0.6668482711108468, '_a0_': 1.0, '_a4_': 1.0, '_a5_': 1.0, '_a6_': 1.0, '_a7_': 1.0}};{'d0': 0.03636510743378361};-257.859404563581;34.814799348853796
735;-94.1149029329367;((sinh((-(_a3_) + (x / _a1_))) * _a2_) + _a1_);{'d0': {'_a1_': -0.3169836584070307, '_a2_': -0.46587053835658215, '_a3_': 0.6668482711108468, '_a0_': 1.0, '_a4_': 1.0, '_a5_': 1.0, '_a6_': 1.0, '_a7_': 1.0}};{'d0': 0.03636510743378361};-257.859404563581;34.814799348853796
736;-94.1149029329367;((sinh((-(_a3_) + (x / _a1_))) * _a2_) + _a1_);{'d0': {'_a1_': -0.3169836584070307, '_a2_': -0.46587053835658215, '_a3_': 0.6668482711108468, '_a0_': 1.0, '_a4_': 1.0, '_a5_': 1.0, '_a6_': 1.0, '_a7_': 1.0}};{'d0': 0.03636510743378361};-257.859404563581;34.814799348853796
737;-94.1149029329367;((sinh((-(_a3_) + (x / _a1_))) * _a2_) + _a1_);{'d0': {'_a1_': -0.3169836584070307, '_a2_': -0.46587053835658215, '_a3_': 0.6668482711108468, '_a0_': 1.0, '_a4_': 1.0, '_a5_': 1.0, '_a6_': 1.0, '_a7_': 1.0}};{'d0': 0.03636510743378361};-257.859404563581;34.814799348853796
738;-94.1149029329367;((sinh((-(_a3_) + (x / _a1_))) * _a2_) + _a1_);{'d0': {'_a1_': -0.3169836584070307, '_a2_': -0.46587053835658215, '_a3_': 0.6668482711108468, '_a0_': 1.0, '_a4_': 1.0, '_a5_': 1.0, '_a6_': 1.0, '_a7_': 1.0}};{'d0': 0.03636510743378361};-257.859404563581;34.814799348853796
739;-94.1149029329367;((sinh((-(_a3_) + (x / _a1_))) * _a2_) + _a1_);{'d0': {'_a1_': -0.3169836584070307, '_a2_': -0.46587053835658215, '_a3_': 0.6668482711108468, '_a0_': 1.0, '_a4_': 1.0, '_a5_': 1.0, '_a6_': 1.0, '_a7_': 1.0}};{'d0': 0.03636510743378361};-257.859404563581;34.814799348853796
740;-94.1149029329367;((sinh((-(_a3_) + (x / _a1_))) * _a2_) + _a1_);{'d0': {'_a1_': -0.3169836584070307, '_a2_': -0.46587053835658215, '_a3_': 0.6668482711108468, '_a0_': 1.0, '_a4_': 1.0, '_a5_': 1.0, '_a6_': 1.0, '_a7_': 1.0}};{'d0': 0.03636510743378361};-257.859404563581;34.814799348853796
741;-94.1149029329367;((sinh((-(_a3_) + (x / _a1_))) * _a2_) + _a1_);{'d0': {'_a1_': -0.3169836584070307, '_a2_': -0.46587053835658215, '_a3_': 0.6668482711108468, '_a0_': 1.0, '_a4_': 1.0, '_a5_': 1.0, '_a6_': 1.0, '_a7_': 1.0}};{'d0': 0.03636510743378361};-257.859404563581;34.814799348853796
742;-94.1149029329367;((sinh((-(_a3_) + (x / _a1_))) * _a2_) + _a1_);{'d0': {'_a1_': -0.3169836584070307, '_a2_': -0.46587053835658215, '_a3_': 0.6668482711108468, '_a0_': 1.0, '_a4_': 1.0, '_a5_': 1.0, '_a6_': 1.0, '_a7_': 1.0}};{'d0': 0.03636510743378361};-257.859404563581;34.814799348853796
743;-94.1149029329367;((sinh((-(_a3_) + (x / _a1_))) * _a2_) + _a1_);{'d0': {'_a1_': -0.3169836584070307, '_a2_': -0.46587053835658215, '_a3_': 0.6668482711108468, '_a0_': 1.0, '_a4_': 1.0, '_a5_': 1.0, '_a6_': 1.0, '_a7_': 1.0}};{'d0': 0.03636510743378361};-257.859404563581;34.814799348853796
744;-94.1149029329367;((sinh((-(_a3_) + (x / _a1_))) * _a2_) + _a1_);{'d0': {'_a1_': -0.3169836584070307, '_a2_': -0.46587053835658215, '_a3_': 0.6668482711108468, '_a0_': 1.0, '_a4_': 1.0, '_a5_': 1.0, '_a6_': 1.0, '_a7_': 1.0}};{'d0': 0.03636510743378361};-257.859404563581;34.814799348853796
745;-94.1149029329367;((sinh((-(_a3_) + (x / _a1_))) * _a2_) + _a1_);{'d0': {'_a1_': -0.3169836584070307, '_a2_': -0.46587053835658215, '_a3_': 0.6668482711108468, '_a0_': 1.0, '_a4_': 1.0, '_a5_': 1.0, '_a6_': 1.0, '_a7_': 1.0}};{'d0': 0.03636510743378361};-257.859404563581;34.814799348853796
746;-94.1149029329367;((sinh((-(_a3_) + (x / _a1_))) * _a2_) + _a1_);{'d0': {'_a1_': -0.3169836584070307, '_a2_': -0.46587053835658215, '_a3_': 0.6668482711108468, '_a0_': 1.0, '_a4_': 1.0, '_a5_': 1.0, '_a6_': 1.0, '_a7_': 1.0}};{'d0': 0.03636510743378361};-257.859404563581;34.814799348853796
747;-94.1149029329367;((sinh((-(_a3_) + (x / _a1_))) * _a2_) + _a1_);{'d0': {'_a1_': -0.3169836584070307, '_a2_': -0.46587053835658215, '_a3_': 0.6668482711108468, '_a0_': 1.0, '_a4_': 1.0, '_a5_': 1.0, '_a6_': 1.0, '_a7_': 1.0}};{'d0': 0.03636510743378361};-257.859404563581;34.814799348853796
748;-94.1149029329367;((sinh((-(_a3_) + (x / _a1_))) * _a2_) + _a1_);{'d0': {'_a1_': -0.3169836584070307, '_a2_': -0.46587053835658215, '_a3_': 0.6668482711108468, '_a0_': 1.0, '_a4_': 1.0, '_a5_': 1.0, '_a6_': 1.0, '_a7_': 1.0}};{'d0': 0.03636510743378361};-257.859404563581;34.814799348853796
749;-94.1149029329367;((sinh((-(_a3_) + (x / _a1_))) * _a2_) + _a1_);{'d0': {'_a1_': -0.3169836584070307, '_a2_': -0.46587053835658215, '_a3_': 0.6668482711108468, '_a0_': 1.0, '_a4_': 1.0, '_a5_': 1.0, '_a6_': 1.0, '_a7_': 1.0}};{'d0': 0.03636510743378361};-257.859404563581;34.814799348853796
750;-94.1149029329367;((sinh((-(_a3_) + (x / _a1_))) * _a2_) + _a1_);{'d0': {'_a1_': -0.3169836584070307, '_a2_': -0.46587053835658215, '_a3_': 0.6668482711108468, '_a0_': 1.0, '_a4_': 1.0, '_a5_': 1.0, '_a6_': 1.0, '_a7_': 1.0}};{'d0': 0.03636510743378361};-257.859404563581;34.814799348853796
751;-92.4355180630872;((sinh((log(_a3_) + (x / _a1_))) * _a2_) + _a1_);{'d0': {'_a1_': -0.3169836581204515, '_a2_': -0.4658705375086184, '_a3_': 0.5133238883755576, '_a0_': 1.0, '_a4_': 1.0, '_a5_': 1.0, '_a6_': 1.0, '_a7_': 1.0}};{'d0': 0.036365107433783406};-257.859404563581;36.49418421870341
752;-92.4355180630872;((sinh((log(_a3_) + (x / _a1_))) * _a2_) + _a1_);{'d0': {'_a1_': -0.3169836581204515, '_a2_': -0.4658705375086184, '_a3_': 0.5133238883755576, '_a0_': 1.0, '_a4_': 1.0, '_a5_': 1.0, '_a6_': 1.0, '_a7_': 1.0}};{'d0': 0.036365107433783406};-257.859404563581;36.49418421870341
753;-92.4355180630872;((sinh((log(_a3_) + (x / _a1_))) * _a2_) + _a1_);{'d0': {'_a1_': -0.3169836581204515, '_a2_': -0.4658705375086184, '_a3_': 0.5133238883755576, '_a0_': 1.0, '_a4_': 1.0, '_a5_': 1.0, '_a6_': 1.0, '_a7_': 1.0}};{'d0': 0.036365107433783406};-257.859404563581;36.49418421870341
754;-91.8742490441665;((sinh(((_a1_ + _a3_) + (x / _a1_))) * _a2_) + _a1_);{'d0': {'_a1_': -0.3169836560536012, '_a2_': -0.46587053104516796, '_a3_': -0.34986461845178873, '_a0_': 1.0, '_a4_': 1.0, '_a5_': 1.0, '_a6_': 1.0, '_a7_': 1.0}};{'d0': 0.03636510743378428};-257.859404563580;37.05545323762341
755;-91.8742490441665;((sinh(((_a1_ + _a3_) + (x / _a1_))) * _a2_) + _a1_);{'d0': {'_a1_': -0.3169836560536012, '_a2_': -0.46587053104516796, '_a3_': -0.34986461845178873, '_a0_': 1.0, '_a4_': 1.0, '_a5_': 1.0, '_a6_': 1.0, '_a7_': 1.0}};{'d0': 0.03636510743378428};-257.859404563580;37.05545323762341
756;-91.8742490441665;((sinh(((_a1_ + _a3_) + (x / _a1_))) * _a2_) + _a1_);{'d0': {'_a1_': -0.3169836560536012, '_a2_': -0.46587053104516796, '_a3_': -0.34986461845178873, '_a0_': 1.0, '_a4_': 1.0, '_a5_': 1.0, '_a6_': 1.0, '_a7_': 1.0}};{'d0': 0.03636510743378428};-257.859404563580;37.05545323762341
757;-91.8742490441665;((sinh(((_a1_ + _a3_) + (x / _a1_))) * _a2_) + _a1_);{'d0': {'_a1_': -0.3169836560536012, '_a2_': -0.46587053104516796, '_a3_': -0.34986461845178873, '_a0_': 1.0, '_a4_': 1.0, '_a5_': 1.0, '_a6_': 1.0, '_a7_': 1.0}};{'d0': 0.03636510743378428};-257.859404563580;37.05545323762341
758;-91.8742490441665;((sinh(((_a1_ + _a3_) + (x / _a1_))) * _a2_) + _a1_);{'d0': {'_a1_': -0.3169836560536012, '_a2_': -0.46587053104516796, '_a3_': -0.34986461845178873, '_a0_': 1.0, '_a4_': 1.0, '_a5_': 1.0, '_a6_': 1.0, '_a7_': 1.0}};{'d0': 0.03636510743378428};-257.859404563580;37.05545323762341
759;-92.9902247403832;((sinh(((_a1_ * _a3_) + (x / _a1_))) * _a2_) + _a1_);{'d0': {'_a1_': -0.3169836552359186, '_a2_': -0.46587052848597077, '_a3_': 2.1037307905842484, '_a0_': 1.0, '_a4_': 1.0, '_a5_': 1.0, '_a6_': 1.0, '_a7_': 1.0}};{'d0': 0.036365107433784724};-257.859404563579;35.93947754140641
760;-92.9902247403832;((sinh(((_a1_ * _a3_) + (x / _a1_))) * _a2_) + _a1_);{'d0': {'_a1_': -0.3169836552359186, '_a2_': -0.46587052848597077, '_a3_': 2.1037307905842484, '_a0_': 1.0, '_a4_': 1.0, '_a5_': 1.0, '_a6_': 1.0, '_a7_': 1.0}};{'d0': 0.036365107433784724};-257.859404563579;35.93947754140641
761;-92.9902247403832;((sinh(((_a1_ * _a3_) + (x / _a1_))) * _a2_) + _a1_);{'d0': {'_a1_': -0.3169836552359186, '_a2_': -0.46587052848597077, '_a3_': 2.1037307905842484, '_a0_': 1.0, '_a4_': 1.0, '_a5_': 1.0, '_a6_': 1.0, '_a7_': 1.0}};{'d0': 0.036365107433784724};-257.859404563579;35.93947754140641
762;-92.9902247403832;((sinh(((_a1_ * _a3_) + (x / _a1_))) * _a2_) + _a1_);{'d0': {'_a1_': -0.3169836552359186, '_a2_': -0.46587052848597077, '_a3_': 2.1037307905842484, '_a0_': 1.0, '_a4_': 1.0, '_a5_': 1.0, '_a6_': 1.0, '_a7_': 1.0}};{'d0': 0.036365107433784724};-257.859404563579;35.93947754140641
763;-92.9902247403832;((sinh(((_a1_ * _a3_) + (x / _a1_))) * _a2_) + _a1_);{'d0': {'_a1_': -0.3169836552359186, '_a2_': -0.46587052848597077, '_a3_': 2.1037307905842484, '_a0_': 1.0, '_a4_': 1.0, '_a5_': 1.0, '_a6_': 1.0, '_a7_': 1.0}};{'d0': 0.036365107433784724};-257.859404563579;35.93947754140641
764;-92.9902247403832;((sinh(((_a1_ * _a3_) + (x / _a1_))) * _a2_) + _a1_);{'d0': {'_a1_': -0.3169836552359186, '_a2_': -0.46587052848597077, '_a3_': 2.1037307905842484, '_a0_': 1.0, '_a4_': 1.0, '_a5_': 1.0, '_a6_': 1.0, '_a7_': 1.0}};{'d0': 0.036365107433784724};-257.859404563579;35.93947754140641
765;-92.9902247403832;((sinh(((_a1_ * _a3_) + (x / _a1_))) * _a2_) + _a1_);{'d0': {'_a1_': -0.3169836552359186, '_a2_': -0.46587052848597077, '_a3_': 2.1037307905842484, '_a0_': 1.0, '_a4_': 1.0, '_a5_': 1.0, '_a6_': 1.0, '_a7_': 1.0}};{'d0': 0.036365107433784724};-257.859404563579;35.93947754140641
766;-92.9902247403832;((sinh(((_a1_ * _a3_) + (x / _a1_))) * _a2_) + _a1_);{'d0': {'_a1_': -0.3169836552359186, '_a2_': -0.46587052848597077, '_a3_': 2.1037307905842484, '_a0_': 1.0, '_a4_': 1.0, '_a5_': 1.0, '_a6_': 1.0, '_a7_': 1.0}};{'d0': 0.036365107433784724};-257.859404563579;35.93947754140641
767;-92.9902247403832;((sinh(((_a1_ * _a3_) + (x / _a1_))) * _a2_) + _a1_);{'d0': {'_a1_': -0.3169836552359186, '_a2_': -0.46587052848597077, '_a3_': 2.1037307905842484, '_a0_': 1.0, '_a4_': 1.0, '_a5_': 1.0, '_a6_': 1.0, '_a7_': 1.0}};{'d0': 0.036365107433784724};-257.859404563579;35.93947754140641
768;-92.9902247403832;((sinh(((_a1_ * _a3_) + (x / _a1_))) * _a2_) + _a1_);{'d0': {'_a1_': -0.3169836552359186, '_a2_': -0.46587052848597077, '_a3_': 2.1037307905842484, '_a0_': 1.0, '_a4_': 1.0, '_a5_': 1.0, '_a6_': 1.0, '_a7_': 1.0}};{'d0': 0.036365107433784724};-257.859404563579;35.93947754140641
769;-92.9902247403832;((sinh(((_a1_ * _a3_) + (x / _a1_))) * _a2_) + _a1_);{'d0': {'_a1_': -0.3169836552359186, '_a2_': -0.46587052848597077, '_a3_': 2.1037307905842484, '_a0_': 1.0, '_a4_': 1.0, '_a5_': 1.0, '_a6_': 1.0, '_a7_': 1.0}};{'d0': 0.036365107433784724};-257.859404563579;35.93947754140641
770;-92.9902247403832;((sinh(((_a1_ * _a3_) + (x / _a1_))) * _a2_) + _a1_);{'d0': {'_a1_': -0.3169836552359186, '_a2_': -0.46587052848597077, '_a3_': 2.1037307905842484, '_a0_': 1.0, '_a4_': 1.0, '_a5_': 1.0, '_a6_': 1.0, '_a7_': 1.0}};{'d0': 0.036365107433784724};-257.859404563579;35.93947754140641
771;-92.9902247403832;((sinh(((_a1_ * _a3_) + (x / _a1_))) * _a2_) + _a1_);{'d0': {'_a1_': -0.3169836552359186, '_a2_': -0.46587052848597077, '_a3_': 2.1037307905842484, '_a0_': 1.0, '_a4_': 1.0, '_a5_': 1.0, '_a6_': 1.0, '_a7_': 1.0}};{'d0': 0.036365107433784724};-257.859404563579;35.93947754140641
772;-92.9902247403832;((sinh(((_a1_ * _a3_) + (x / _a1_))) * _a2_) + _a1_);{'d0': {'_a1_': -0.3169836552359186, '_a2_': -0.46587052848597077, '_a3_': 2.1037307905842484, '_a0_': 1.0, '_a4_': 1.0, '_a5_': 1.0, '_a6_': 1.0, '_a7_': 1.0}};{'d0': 0.036365107433784724};-257.859404563579;35.93947754140641
773;-92.9902247403832;((sinh(((_a1_ * _a3_) + (x / _a1_))) * _a2_) + _a1_);{'d0': {'_a1_': -0.3169836552359186, '_a2_': -0.46587052848597077, '_a3_': 2.1037307905842484, '_a0_': 1.0, '_a4_': 1.0, '_a5_': 1.0, '_a6_': 1.0, '_a7_': 1.0}};{'d0': 0.036365107433784724};-257.859404563579;35.93947754140641
774;-92.9902247403832;((sinh(((_a1_ * _a3_) + (x / _a1_))) * _a2_) + _a1_);{'d0': {'_a1_': -0.3169836552359186, '_a2_': -0.46587052848597077, '_a3_': 2.1037307905842484, '_a0_': 1.0, '_a4_': 1.0, '_a5_': 1.0, '_a6_': 1.0, '_a7_': 1.0}};{'d0': 0.036365107433784724};-257.859404563579;35.93947754140641
775;-92.9902247403832;((sinh(((_a1_ * _a3_) + (x / _a1_))) * _a2_) + _a1_);{'d0': {'_a1_': -0.3169836552359186, '_a2_': -0.46587052848597077, '_a3_': 2.1037307905842484, '_a0_': 1.0, '_a4_': 1.0, '_a5_': 1.0, '_a6_': 1.0, '_a7_': 1.0}};{'d0': 0.036365107433784724};-257.859404563579;35.93947754140641
776;-92.9902247403832;((sinh(((_a1_ * _a3_) + (x / _a1_))) * _a2_) + _a1_);{'d0': {'_a1_': -0.3169836552359186, '_a2_': -0.46587052848597077, '_a3_': 2.1037307905842484, '_a0_': 1.0, '_a4_': 1.0, '_a5_': 1.0, '_a6_': 1.0, '_a7_': 1.0}};{'d0': 0.036365107433784724};-257.859404563579;35.93947754140641
777;-92.9902247403832;((sinh(((_a1_ * _a3_) + (x / _a1_))) * _a2_) + _a1_);{'d0': {'_a1_': -0.3169836552359186, '_a2_': -0.46587052848597077, '_a3_': 2.1037307905842484, '_a0_': 1.0, '_a4_': 1.0, '_a5_': 1.0, '_a6_': 1.0, '_a7_': 1.0}};{'d0': 0.036365107433784724};-257.859404563579;35.93947754140641
778;-92.9902247403832;((sinh(((_a1_ * _a3_) + (x / _a1_))) * _a2_) + _a1_);{'d0': {'_a1_': -0.3169836552359186, '_a2_': -0.46587052848597077, '_a3_': 2.1037307905842484, '_a0_': 1.0, '_a4_': 1.0, '_a5_': 1.0, '_a6_': 1.0, '_a7_': 1.0}};{'d0': 0.036365107433784724};-257.859404563579;35.93947754140641
779;-92.9902247403832;((sinh(((_a1_ * _a3_) + (x / _a1_))) * _a2_) + _a1_);{'d0': {'_a1_': -0.3169836552359186, '_a2_': -0.46587052848597077, '_a3_': 2.1037307905842484, '_a0_': 1.0, '_a4_': 1.0, '_a5_': 1.0, '_a6_': 1.0, '_a7_': 1.0}};{'d0': 0.036365107433784724};-257.859404563579;35.93947754140641
780;-92.9902247403832;((sinh(((_a1_ * _a3_) + (x / _a1_))) * _a2_) + _a1_);{'d0': {'_a1_': -0.3169836552359186, '_a2_': -0.46587052848597077, '_a3_': 2.1037307905842484, '_a0_': 1.0, '_a4_': 1.0, '_a5_': 1.0, '_a6_': 1.0, '_a7_': 1.0}};{'d0': 0.036365107433784724};-257.859404563579;35.93947754140641
781;-92.9902247403832;((sinh(((_a1_ * _a3_) + (x / _a1_))) * _a2_) + _a1_);{'d0': {'_a1_': -0.3169836552359186, '_a2_': -0.46587052848597077, '_a3_': 2.1037307905842484, '_a0_': 1.0, '_a4_': 1.0, '_a5_': 1.0, '_a6_': 1.0, '_a7_': 1.0}};{'d0': 0.036365107433784724};-257.859404563579;35.93947754140641
782;-92.9902247403832;((sinh(((_a1_ * _a3_) + (x / _a1_))) * _a2_) + _a1_);{'d0': {'_a1_': -0.3169836552359186, '_a2_': -0.46587052848597077, '_a3_': 2.1037307905842484, '_a0_': 1.0, '_a4_': 1.0, '_a5_': 1.0, '_a6_': 1.0, '_a7_': 1.0}};{'d0': 0.036365107433784724};-257.859404563579;35.93947754140641
783;-92.9902247403832;((sinh(((_a1_ * _a3_) + (x / _a1_))) * _a2_) + _a1_);{'d0': {'_a1_': -0.3169836552359186, '_a2_': -0.46587052848597077, '_a3_': 2.1037307905842484, '_a0_': 1.0, '_a4_': 1.0, '_a5_': 1.0, '_a6_': 1.0, '_a7_': 1.0}};{'d0': 0.036365107433784724};-257.859404563579;35.93947754140641
784;-92.9902247403832;((sinh(((_a1_ * _a3_) + (x / _a1_))) * _a2_) + _a1_);{'d0': {'_a1_': -0.3169836552359186, '_a2_': -0.46587052848597077, '_a3_': 2.1037307905842484, '_a0_': 1.0, '_a4_': 1.0, '_a5_': 1.0, '_a6_': 1.0, '_a7_': 1.0}};{'d0': 0.036365107433784724};-257.859404563579;35.93947754140641
785;-87.0696236913542;((sinh(((_a1_ * (_a0_ + _a1_)) + (x / _a1_))) * _a2_) + _a1_);{'d0': {'_a0_': 2.4207144173981816, '_a1_': -0.31698365807623785, '_a2_': -0.46587053734811235, '_a3_': 1.0, '_a4_': 1.0, '_a5_': 1.0, '_a6_': 1.0, '_a7_': 1.0}};{'d0': 0.03636510743378354};-257.859404563581;41.86007859043641
786;-87.0696236913542;((sinh(((_a1_ * (_a0_ + _a1_)) + (x / _a1_))) * _a2_) + _a1_);{'d0': {'_a0_': 2.4207144173981816, '_a1_': -0.31698365807623785, '_a2_': -0.46587053734811235, '_a3_': 1.0, '_a4_': 1.0, '_a5_': 1.0, '_a6_': 1.0, '_a7_': 1.0}};{'d0': 0.03636510743378354};-257.859404563581;41.86007859043641
787;-87.0696236913542;((sinh(((_a1_ * (_a0_ + _a1_)) + (x / _a1_))) * _a2_) + _a1_);{'d0': {'_a0_': 2.4207144173981816, '_a1_': -0.31698365807623785, '_a2_': -0.46587053734811235, '_a3_': 1.0, '_a4_': 1.0, '_a5_': 1.0, '_a6_': 1.0, '_a7_': 1.0}};{'d0': 0.03636510743378354};-257.859404563581;41.86007859043641
788;-87.0696236913536;((sinh(((_a1_ * (_a0_ + _a0_)) + (x / _a1_))) * _a2_) + _a1_);{'d0': {'_a0_': 1.0518653645820526, '_a1_': -0.3169836606869408, '_a2_': -0.4658705454175492, '_a3_': 1.0, '_a4_': 1.0, '_a5_': 1.0, '_a6_': 1.0, '_a7_': 1.0}};{'d0': 0.0363651074337842};-257.859404563580;41.86007859043641
789;-87.0696236913536;((sinh(((_a1_ * (_a0_ + _a0_)) + (x / _a1_))) * _a2_) + _a1_);{'d0': {'_a0_': 1.0518653645820526, '_a1_': -0.3169836606869408, '_a2_': -0.4658705454175492, '_a3_': 1.0, '_a4_': 1.0, '_a5_': 1.0, '_a6_': 1.0, '_a7_': 1.0}};{'d0': 0.0363651074337842};-257.859404563580;41.86007859043641
790;-87.0696236913536;((sinh(((_a1_ * (_a0_ + _a0_)) + (x / _a1_))) * _a2_) + _a1_);{'d0': {'_a0_': 1.0518653645820526, '_a1_': -0.3169836606869408, '_a2_': -0.4658705454175492, '_a3_': 1.0, '_a4_': 1.0, '_a5_': 1.0, '_a6_': 1.0, '_a7_': 1.0}};{'d0': 0.0363651074337842};-257.859404563580;41.86007859043641
791;-87.0696236913536;((sinh(((_a1_ * (_a0_ + _a0_)) + (x / _a1_))) * _a2_) + _a1_);{'d0': {'_a0_': 1.0518653645820526, '_a1_': -0.3169836606869408, '_a2_': -0.4658705454175492, '_a3_': 1.0, '_a4_': 1.0, '_a5_': 1.0, '_a6_': 1.0, '_a7_': 1.0}};{'d0': 0.0363651074337842};-257.859404563580;41.86007859043641
792;-87.0696236913536;((sinh(((_a1_ * (_a0_ + _a0_)) + (x / _a1_))) * _a2_) + _a1_);{'d0': {'_a0_': 1.0518653645820526, '_a1_': -0.3169836606869408, '_a2_': -0.4658705454175492, '_a3_': 1.0, '_a4_': 1.0, '_a5_': 1.0, '_a6_': 1.0, '_a7_': 1.0}};{'d0': 0.0363651074337842};-257.859404563580;41.86007859043641
793;-87.0696236913536;((sinh(((_a1_ * (_a0_ + _a0_)) + (x / _a1_))) * _a2_) + _a1_);{'d0': {'_a0_': 1.0518653645820526, '_a1_': -0.3169836606869408, '_a2_': -0.4658705454175492, '_a3_': 1.0, '_a4_': 1.0, '_a5_': 1.0, '_a6_': 1.0, '_a7_': 1.0}};{'d0': 0.0363651074337842};-257.859404563580;41.86007859043641
794;-87.0696236913536;((sinh(((_a1_ * (_a0_ + _a0_)) + (x / _a1_))) * _a2_) + _a1_);{'d0': {'_a0_': 1.0518653645820526, '_a1_': -0.3169836606869408, '_a2_': -0.4658705454175492, '_a3_': 1.0, '_a4_': 1.0, '_a5_': 1.0, '_a6_': 1.0, '_a7_': 1.0}};{'d0': 0.0363651074337842};-257.859404563580;41.86007859043641
795;-87.0696236913536;((sinh(((_a1_ * (_a0_ + _a0_)) + (x / _a1_))) * _a2_) + _a1_);{'d0': {'_a0_': 1.0518653645820526, '_a1_': -0.3169836606869408, '_a2_': -0.4658705454175492, '_a3_': 1.0, '_a4_': 1.0, '_a5_': 1.0, '_a6_': 1.0, '_a7_': 1.0}};{'d0': 0.0363651074337842};-257.859404563580;41.86007859043641
796;-87.0696236913536;((sinh(((_a1_ * (_a0_ + _a0_)) + (x / _a1_))) * _a2_) + _a1_);{'d0': {'_a0_': 1.0518653645820526, '_a1_': -0.3169836606869408, '_a2_': -0.4658705454175492, '_a3_': 1.0, '_a4_': 1.0, '_a5_': 1.0, '_a6_': 1.0, '_a7_': 1.0}};{'d0': 0.0363651074337842};-257.859404563580;41.86007859043641
797;-87.0696236913536;((sinh(((_a1_ * (_a0_ + _a0_)) + (x / _a1_))) * _a2_) + _a1_);{'d0': {'_a0_': 1.0518653645820526, '_a1_': -0.3169836606869408, '_a2_': -0.4658705454175492, '_a3_': 1.0, '_a4_': 1.0, '_a5_': 1.0, '_a6_': 1.0, '_a7_': 1.0}};{'d0': 0.0363651074337842};-257.859404563580;41.86007859043641
798;-87.0696236913536;((sinh(((_a1_ * (_a0_ + _a0_)) + (x / _a1_))) * _a2_) + _a1_);{'d0': {'_a0_': 1.0518653645820526, '_a1_': -0.3169836606869408, '_a2_': -0.4658705454175492, '_a3_': 1.0, '_a4_': 1.0, '_a5_': 1.0, '_a6_': 1.0, '_a7_': 1.0}};{'d0': 0.0363651074337842};-257.859404563580;41.86007859043641
799;-87.0696236913536;((sinh(((_a1_ * (_a0_ + _a0_)) + (x / _a1_))) * _a2_) + _a1_);{'d0': {'_a0_': 1.0518653645820526, '_a1_': -0.3169836606869408, '_a2_': -0.4658705454175492, '_a3_': 1.0, '_a4_': 1.0, '_a5_': 1.0, '_a6_': 1.0, '_a7_': 1.0}};{'d0': 0.0363651074337842};-257.859404563580;41.86007859043641
800;-87.0696236913536;((sinh(((_a1_ * (_a0_ + _a0_)) + (x / _a1_))) * _a2_) + _a1_);{'d0': {'_a0_': 1.0518653645820526, '_a1_': -0.3169836606869408, '_a2_': -0.4658705454175492, '_a3_': 1.0, '_a4_': 1.0, '_a5_': 1.0, '_a6_': 1.0, '_a7_': 1.0}};{'d0': 0.0363651074337842};-257.859404563580;41.86007859043641
801;-87.0696236913536;((sinh(((_a1_ * (_a0_ + _a0_)) + (x / _a1_))) * _a2_) + _a1_);{'d0': {'_a0_': 1.0518653645820526, '_a1_': -0.3169836606869408, '_a2_': -0.4658705454175492, '_a3_': 1.0, '_a4_': 1.0, '_a5_': 1.0, '_a6_': 1.0, '_a7_': 1.0}};{'d0': 0.0363651074337842};-257.859404563580;41.86007859043641
802;-87.0696236913536;((sinh(((_a1_ * (_a0_ + _a0_)) + (x / _a1_))) * _a2_) + _a1_);{'d0': {'_a0_': 1.0518653645820526, '_a1_': -0.3169836606869408, '_a2_': -0.4658705454175492, '_a3_': 1.0, '_a4_': 1.0, '_a5_': 1.0, '_a6_': 1.0, '_a7_': 1.0}};{'d0': 0.0363651074337842};-257.859404563580;41.86007859043641
803;-87.0696236913536;((sinh(((_a1_ * (_a0_ + _a0_)) + (x / _a1_))) * _a2_) + _a1_);{'d0': {'_a0_': 1.0518653645820526, '_a1_': -0.3169836606869408, '_a2_': -0.4658705454175492, '_a3_': 1.0, '_a4_': 1.0, '_a5_': 1.0, '_a6_': 1.0, '_a7_': 1.0}};{'d0': 0.0363651074337842};-257.859404563580;41.86007859043641
804;-87.0696236913536;((sinh(((_a1_ * (_a0_ + _a0_)) + (x / _a1_))) * _a2_) + _a1_);{'d0': {'_a0_': 1.0518653645820526, '_a1_': -0.3169836606869408, '_a2_': -0.4658705454175492, '_a3_': 1.0, '_a4_': 1.0, '_a5_': 1.0, '_a6_': 1.0, '_a7_': 1.0}};{'d0': 0.0363651074337842};-257.859404563580;41.86007859043641
805;-87.0696236913536;((sinh(((_a1_ * (_a0_ + _a0_)) + (x / _a1_))) * _a2_) + _a1_);{'d0': {'_a0_': 1.0518653645820526, '_a1_': -0.3169836606869408, '_a2_': -0.4658705454175492, '_a3_': 1.0, '_a4_': 1.0, '_a5_': 1.0, '_a6_': 1.0, '_a7_': 1.0}};{'d0': 0.0363651074337842};-257.859404563580;41.86007859043641
806;-87.0696236913536;((sinh(((_a1_ * (_a0_ + _a0_)) + (x / _a1_))) * _a2_) + _a1_);{'d0': {'_a0_': 1.0518653645820526, '_a1_': -0.3169836606869408, '_a2_': -0.4658705454175492, '_a3_': 1.0, '_a4_': 1.0, '_a5_': 1.0, '_a6_': 1.0, '_a7_': 1.0}};{'d0': 0.0363651074337842};-257.859404563580;41.86007859043641
807;-87.0696236913536;((sinh(((_a1_ * (_a0_ + _a0_)) + (x / _a1_))) * _a2_) + _a1_);{'d0': {'_a0_': 1.0518653645820526, '_a1_': -0.3169836606869408, '_a2_': -0.4658705454175492, '_a3_': 1.0, '_a4_': 1.0, '_a5_': 1.0, '_a6_': 1.0, '_a7_': 1.0}};{'d0': 0.0363651074337842};-257.859404563580;41.86007859043641
808;-87.0696236913536;((sinh(((_a1_ * (_a0_ + _a0_)) + (x / _a1_))) * _a2_) + _a1_);{'d0': {'_a0_': 1.0518653645820526, '_a1_': -0.3169836606869408, '_a2_': -0.4658705454175492, '_a3_': 1.0, '_a4_': 1.0, '_a5_': 1.0, '_a6_': 1.0, '_a7_': 1.0}};{'d0': 0.0363651074337842};-257.859404563580;41.86007859043641
809;-87.0696236913536;((sinh(((_a1_ * (_a0_ + _a0_)) + (x / _a1_))) * _a2_) + _a1_);{'d0': {'_a0_': 1.0518653645820526, '_a1_': -0.3169836606869408, '_a2_': -0.4658705454175492, '_a3_': 1.0, '_a4_': 1.0, '_a5_': 1.0, '_a6_': 1.0, '_a7_': 1.0}};{'d0': 0.0363651074337842};-257.859404563580;41.86007859043641
810;-87.0696236913536;((sinh(((_a1_ * (_a0_ + _a0_)) + (x / _a1_))) * _a2_) + _a1_);{'d0': {'_a0_': 1.0518653645820526, '_a1_': -0.3169836606869408, '_a2_': -0.4658705454175492, '_a3_': 1.0, '_a4_': 1.0, '_a5_': 1.0, '_a6_': 1.0, '_a7_': 1.0}};{'d0': 0.0363651074337842};-257.859404563580;41.86007859043641
811;-87.0696236913536;((sinh(((_a1_ * (_a0_ + _a0_)) + (x / _a1_))) * _a2_) + _a1_);{'d0': {'_a0_': 1.0518653645820526, '_a1_': -0.3169836606869408, '_a2_': -0.4658705454175492, '_a3_': 1.0, '_a4_': 1.0, '_a5_': 1.0, '_a6_': 1.0, '_a7_': 1.0}};{'d0': 0.0363651074337842};-257.859404563580;41.86007859043641
812;-87.0696236913536;((sinh(((_a1_ * (_a0_ + _a0_)) + (x / _a1_))) * _a2_) + _a1_);{'d0': {'_a0_': 1.0518653645820526, '_a1_': -0.3169836606869408, '_a2_': -0.4658705454175492, '_a3_': 1.0, '_a4_': 1.0, '_a5_': 1.0, '_a6_': 1.0, '_a7_': 1.0}};{'d0': 0.0363651074337842};-257.859404563580;41.86007859043641
813;-87.0696236913536;((sinh(((_a1_ * (_a0_ + _a0_)) + (x / _a1_))) * _a2_) + _a1_);{'d0': {'_a0_': 1.0518653645820526, '_a1_': -0.3169836606869408, '_a2_': -0.4658705454175492, '_a3_': 1.0, '_a4_': 1.0, '_a5_': 1.0, '_a6_': 1.0, '_a7_': 1.0}};{'d0': 0.0363651074337842};-257.859404563580;41.86007859043641
814;-87.0696236913536;((sinh(((_a1_ * (_a0_ + _a0_)) + (x / _a1_))) * _a2_) + _a1_);{'d0': {'_a0_': 1.0518653645820526, '_a1_': -0.3169836606869408, '_a2_': -0.4658705454175492, '_a3_': 1.0, '_a4_': 1.0, '_a5_': 1.0, '_a6_': 1.0, '_a7_': 1.0}};{'d0': 0.0363651074337842};-257.859404563580;41.86007859043641
815;-87.0696236913536;((sinh(((_a1_ * (_a0_ + _a0_)) + (x / _a1_))) * _a2_) + _a1_);{'d0': {'_a0_': 1.0518653645820526, '_a1_': -0.3169836606869408, '_a2_': -0.4658705454175492, '_a3_': 1.0, '_a4_': 1.0, '_a5_': 1.0, '_a6_': 1.0, '_a7_': 1.0}};{'d0': 0.0363651074337842};-257.859404563580;41.86007859043641
816;-87.0696236913536;((sinh(((_a1_ * (_a0_ + _a0_)) + (x / _a1_))) * _a2_) + _a1_);{'d0': {'_a0_': 1.0518653645820526, '_a1_': -0.3169836606869408, '_a2_': -0.4658705454175492, '_a3_': 1.0, '_a4_': 1.0, '_a5_': 1.0, '_a6_': 1.0, '_a7_': 1.0}};{'d0': 0.0363651074337842};-257.859404563580;41.86007859043641
817;-87.0696236913536;((sinh(((_a1_ * (_a0_ + _a0_)) + (x / _a1_))) * _a2_) + _a1_);{'d0': {'_a0_': 1.0518653645820526, '_a1_': -0.3169836606869408, '_a2_': -0.4658705454175492, '_a3_': 1.0, '_a4_': 1.0, '_a5_': 1.0, '_a6_': 1.0, '_a7_': 1.0}};{'d0': 0.0363651074337842};-257.859404563580;41.86007859043641
818;-87.0696236913536;((sinh(((_a1_ * (_a0_ + _a0_)) + (x / _a1_))) * _a2_) + _a1_);{'d0': {'_a0_': 1.0518653645820526, '_a1_': -0.3169836606869408, '_a2_': -0.4658705454175492, '_a3_': 1.0, '_a4_': 1.0, '_a5_': 1.0, '_a6_': 1.0, '_a7_': 1.0}};{'d0': 0.0363651074337842};-257.859404563580;41.86007859043641
819;-87.0696236913536;((sinh(((_a1_ * (_a0_ + _a0_)) + (x / _a1_))) * _a2_) + _a1_);{'d0': {'_a0_': 1.0518653645820526, '_a1_': -0.3169836606869408, '_a2_': -0.4658705454175492, '_a3_': 1.0, '_a4_': 1.0, '_a5_': 1.0, '_a6_': 1.0, '_a7_': 1.0}};{'d0': 0.0363651074337842};-257.859404563580;41.86007859043641
820;-87.0696236913536;((sinh(((_a1_ * (_a0_ + _a0_)) + (x / _a1_))) * _a2_) + _a1_);{'d0': {'_a0_': 1.0518653645820526, '_a1_': -0.3169836606869408, '_a2_': -0.4658705454175492, '_a3_': 1.0, '_a4_': 1.0, '_a5_': 1.0, '_a6_': 1.0, '_a7_': 1.0}};{'d0': 0.0363651074337842};-257.859404563580;41.86007859043641
821;-87.0696236913536;((sinh(((_a1_ * (_a0_ + _a0_)) + (x / _a1_))) * _a2_) + _a1_);{'d0': {'_a0_': 1.0518653645820526, '_a1_': -0.3169836606869408, '_a2_': -0.4658705454175492, '_a3_': 1.0, '_a4_': 1.0, '_a5_': 1.0, '_a6_': 1.0, '_a7_': 1.0}};{'d0': 0.0363651074337842};-257.859404563580;41.86007859043641
822;-87.0696236913536;((sinh(((_a1_ * (_a0_ + _a0_)) + (x / _a1_))) * _a2_) + _a1_);{'d0': {'_a0_': 1.0518653645820526, '_a1_': -0.3169836606869408, '_a2_': -0.4658705454175492, '_a3_': 1.0, '_a4_': 1.0, '_a5_': 1.0, '_a6_': 1.0, '_a7_': 1.0}};{'d0': 0.0363651074337842};-257.859404563580;41.86007859043641
823;-87.0696236913536;((sinh(((_a1_ * (_a0_ + _a0_)) + (x / _a1_))) * _a2_) + _a1_);{'d0': {'_a0_': 1.0518653645820526, '_a1_': -0.3169836606869408, '_a2_': -0.4658705454175492, '_a3_': 1.0, '_a4_': 1.0, '_a5_': 1.0, '_a6_': 1.0, '_a7_': 1.0}};{'d0': 0.0363651074337842};-257.859404563580;41.86007859043641
824;-87.0696236913536;((sinh(((_a1_ * (_a0_ + _a0_)) + (x / _a1_))) * _a2_) + _a1_);{'d0': {'_a0_': 1.0518653645820526, '_a1_': -0.3169836606869408, '_a2_': -0.4658705454175492, '_a3_': 1.0, '_a4_': 1.0, '_a5_': 1.0, '_a6_': 1.0, '_a7_': 1.0}};{'d0': 0.0363651074337842};-257.859404563580;41.86007859043641
825;-87.0696236913536;((sinh(((_a1_ * (_a0_ + _a0_)) + (x / _a1_))) * _a2_) + _a1_);{'d0': {'_a0_': 1.0518653645820526, '_a1_': -0.3169836606869408, '_a2_': -0.4658705454175492, '_a3_': 1.0, '_a4_': 1.0, '_a5_': 1.0, '_a6_': 1.0, '_a7_': 1.0}};{'d0': 0.0363651074337842};-257.859404563580;41.86007859043641
826;-87.0696236913536;((sinh(((_a1_ * (_a0_ + _a0_)) + (x / _a1_))) * _a2_) + _a1_);{'d0': {'_a0_': 1.0518653645820526, '_a1_': -0.3169836606869408, '_a2_': -0.4658705454175492, '_a3_': 1.0, '_a4_': 1.0, '_a5_': 1.0, '_a6_': 1.0, '_a7_': 1.0}};{'d0': 0.0363651074337842};-257.859404563580;41.86007859043641
827;-87.0696236913536;((sinh(((_a1_ * (_a0_ + _a0_)) + (x / _a1_))) * _a2_) + _a1_);{'d0': {'_a0_': 1.0518653645820526, '_a1_': -0.3169836606869408, '_a2_': -0.4658705454175492, '_a3_': 1.0, '_a4_': 1.0, '_a5_': 1.0, '_a6_': 1.0, '_a7_': 1.0}};{'d0': 0.0363651074337842};-257.859404563580;41.86007859043641
828;-87.0696236913536;((sinh(((_a1_ * (_a0_ + _a0_)) + (x / _a1_))) * _a2_) + _a1_);{'d0': {'_a0_': 1.0518653645820526, '_a1_': -0.3169836606869408, '_a2_': -0.4658705454175492, '_a3_': 1.0, '_a4_': 1.0, '_a5_': 1.0, '_a6_': 1.0, '_a7_': 1.0}};{'d0': 0.0363651074337842};-257.859404563580;41.86007859043641
829;-87.6503617298641;((sinh(((_a1_ * sqrt(_a7_)) + (x / _a1_))) * _a2_) + _a1_);{'d0': {'_a1_': -0.3169836583201177, '_a2_': -0.465870538001453, '_a7_': 4.425683086882023, '_a0_': 1.0, '_a3_': 1.0, '_a4_': 1.0, '_a5_': 1.0, '_a6_': 1.0}};{'d0': 0.036365107433783614};-257.859404563581;41.27934055192641
830;-87.6503617298641;((sinh(((_a1_ * sqrt(_a7_)) + (x / _a1_))) * _a2_) + _a1_);{'d0': {'_a1_': -0.3169836583201177, '_a2_': -0.465870538001453, '_a7_': 4.425683086882023, '_a0_': 1.0, '_a3_': 1.0, '_a4_': 1.0, '_a5_': 1.0, '_a6_': 1.0}};{'d0': 0.036365107433783614};-257.859404563581;41.27934055192641
831;-87.6503617298641;((sinh(((_a1_ * sqrt(_a7_)) + (x / _a1_))) * _a2_) + _a1_);{'d0': {'_a1_': -0.3169836583201177, '_a2_': -0.465870538001453, '_a7_': 4.425683086882023, '_a0_': 1.0, '_a3_': 1.0, '_a4_': 1.0, '_a5_': 1.0, '_a6_': 1.0}};{'d0': 0.036365107433783614};-257.859404563581;41.27934055192641
832;-87.6503617298641;((sinh(((_a1_ * sqrt(_a7_)) + (x / _a1_))) * _a2_) + _a1_);{'d0': {'_a1_': -0.3169836583201177, '_a2_': -0.465870538001453, '_a7_': 4.425683086882023, '_a0_': 1.0, '_a3_': 1.0, '_a4_': 1.0, '_a5_': 1.0, '_a6_': 1.0}};{'d0': 0.036365107433783614};-257.859404563581;41.27934055192641
833;-92.9902247403832;((sinh(((_a1_ * _a3_) + (x / _a1_))) * _a2_) + _a1_);{'d0': {'_a1_': -0.3169836552359186, '_a2_': -0.46587052848597077, '_a3_': 2.1037307905842484, '_a0_': 1.0, '_a4_': 1.0, '_a5_': 1.0, '_a6_': 1.0, '_a7_': 1.0}};{'d0': 0.036365107433784724};-257.859404563579;35.93947754140641
834;-88.1132421012491;((sinh(((_a1_ * _a3_) + (x / _a1_))) * (_a6_ * _a3_)) + _a1_);{'d0': {'_a1_': -0.31698365775459403, '_a3_': 2.1037307641011034, '_a6_': -0.22144969516617458, '_a0_': 1.0, '_a2_': 1.0, '_a4_': 1.0, '_a5_': 1.0, '_a7_': 1.0}};{'d0': 0.036365107433783614};-257.859404563581;40.81646018054141
835;-88.1132421012491;((sinh(((_a1_ * _a3_) + (x / _a1_))) * (_a6_ * _a3_)) + _a1_);{'d0': {'_a1_': -0.31698365775459403, '_a3_': 2.1037307641011034, '_a6_': -0.22144969516617458, '_a0_': 1.0, '_a2_': 1.0, '_a4_': 1.0, '_a5_': 1.0, '_a7_': 1.0}};{'d0': 0.036365107433783614};-257.859404563581;40.81646018054141
836;-88.1132421012491;((sinh(((_a1_ * _a3_) + (x / _a1_))) * (_a6_ * _a3_)) + _a1_);{'d0': {'_a1_': -0.31698365775459403, '_a3_': 2.1037307641011034, '_a6_': -0.22144969516617458, '_a0_': 1.0, '_a2_': 1.0, '_a4_': 1.0, '_a5_': 1.0, '_a7_': 1.0}};{'d0': 0.036365107433783614};-257.859404563581;40.81646018054141
837;-88.1132421012491;((sinh(((_a1_ * _a3_) + (x / _a1_))) * (_a6_ * _a3_)) + _a1_);{'d0': {'_a1_': -0.31698365775459403, '_a3_': 2.1037307641011034, '_a6_': -0.22144969516617458, '_a0_': 1.0, '_a2_': 1.0, '_a4_': 1.0, '_a5_': 1.0, '_a7_': 1.0}};{'d0': 0.036365107433783614};-257.859404563581;40.81646018054141
838;-88.1132421012491;((sinh(((_a1_ * _a3_) + (x / _a1_))) * (_a6_ * _a3_)) + _a1_);{'d0': {'_a1_': -0.31698365775459403, '_a3_': 2.1037307641011034, '_a6_': -0.22144969516617458, '_a0_': 1.0, '_a2_': 1.0, '_a4_': 1.0, '_a5_': 1.0, '_a7_': 1.0}};{'d0': 0.036365107433783614};-257.859404563581;40.81646018054141
839;-100.394651900715;(((sinh((_a0_ * x)) + pow2(x)) + _a7_) * (x * _a5_));{'d0': {'_a0_': 0.5975136805408676, '_a5_': 3.509026526217048, '_a7_': 0.4992706575679997, '_a1_': 1.0, '_a2_': 1.0, '_a3_': 1.0, '_a4_': 1.0, '_a6_': 1.0}};{'d0': 0.025901683788498425};-278.217509574927;38.714102886749004
840;-100.394651900715;(((sinh((_a0_ * x)) + pow2(x)) + _a7_) * (x * _a5_));{'d0': {'_a0_': 0.5975136805408676, '_a5_': 3.509026526217048, '_a7_': 0.4992706575679997, '_a1_': 1.0, '_a2_': 1.0, '_a3_': 1.0, '_a4_': 1.0, '_a6_': 1.0}};{'d0': 0.025901683788498425};-278.217509574927;38.714102886749004
841;-100.394651900715;(((sinh((_a0_ * x)) + pow2(x)) + _a7_) * (x * _a5_));{'d0': {'_a0_': 0.5975136805408676, '_a5_': 3.509026526217048, '_a7_': 0.4992706575679997, '_a1_': 1.0, '_a2_': 1.0, '_a3_': 1.0, '_a4_': 1.0, '_a6_': 1.0}};{'d0': 0.025901683788498425};-278.217509574927;38.714102886749004
842;-100.394651900715;(((sinh((_a0_ * x)) + pow2(x)) + _a7_) * (x * _a5_));{'d0': {'_a0_': 0.5975136805408676, '_a5_': 3.509026526217048, '_a7_': 0.4992706575679997, '_a1_': 1.0, '_a2_': 1.0, '_a3_': 1.0, '_a4_': 1.0, '_a6_': 1.0}};{'d0': 0.025901683788498425};-278.217509574927;38.714102886749004
843;-100.394651900715;(((sinh((_a0_ * x)) + pow2(x)) + _a7_) * (x * _a5_));{'d0': {'_a0_': 0.5975136805408676, '_a5_': 3.509026526217048, '_a7_': 0.4992706575679997, '_a1_': 1.0, '_a2_': 1.0, '_a3_': 1.0, '_a4_': 1.0, '_a6_': 1.0}};{'d0': 0.025901683788498425};-278.217509574927;38.714102886749004
844;-100.394651900715;(((sinh((_a0_ * x)) + pow2(x)) + _a7_) * (x * _a5_));{'d0': {'_a0_': 0.5975136805408676, '_a5_': 3.509026526217048, '_a7_': 0.4992706575679997, '_a1_': 1.0, '_a2_': 1.0, '_a3_': 1.0, '_a4_': 1.0, '_a6_': 1.0}};{'d0': 0.025901683788498425};-278.217509574927;38.714102886749004
845;-100.394651900715;(((sinh((_a0_ * x)) + pow2(x)) + _a7_) * (x * _a5_));{'d0': {'_a0_': 0.5975136805408676, '_a5_': 3.509026526217048, '_a7_': 0.4992706575679997, '_a1_': 1.0, '_a2_': 1.0, '_a3_': 1.0, '_a4_': 1.0, '_a6_': 1.0}};{'d0': 0.025901683788498425};-278.217509574927;38.714102886749004
846;-100.394651900715;(((sinh((_a0_ * x)) + pow2(x)) + _a7_) * (x * _a5_));{'d0': {'_a0_': 0.5975136805408676, '_a5_': 3.509026526217048, '_a7_': 0.4992706575679997, '_a1_': 1.0, '_a2_': 1.0, '_a3_': 1.0, '_a4_': 1.0, '_a6_': 1.0}};{'d0': 0.025901683788498425};-278.217509574927;38.714102886749004
847;-100.394651900715;(((sinh((_a0_ * x)) + pow2(x)) + _a7_) * (x * _a5_));{'d0': {'_a0_': 0.5975136805408676, '_a5_': 3.509026526217048, '_a7_': 0.4992706575679997, '_a1_': 1.0, '_a2_': 1.0, '_a3_': 1.0, '_a4_': 1.0, '_a6_': 1.0}};{'d0': 0.025901683788498425};-278.217509574927;38.714102886749004
848;-100.394651900715;(((sinh((_a0_ * x)) + pow2(x)) + _a7_) * (x * _a5_));{'d0': {'_a0_': 0.5975136805408676, '_a5_': 3.509026526217048, '_a7_': 0.4992706575679997, '_a1_': 1.0, '_a2_': 1.0, '_a3_': 1.0, '_a4_': 1.0, '_a6_': 1.0}};{'d0': 0.025901683788498425};-278.217509574927;38.714102886749004
849;-100.394651900715;(((sinh((_a0_ * x)) + pow2(x)) + _a7_) * (x * _a5_));{'d0': {'_a0_': 0.5975136805408676, '_a5_': 3.509026526217048, '_a7_': 0.4992706575679997, '_a1_': 1.0, '_a2_': 1.0, '_a3_': 1.0, '_a4_': 1.0, '_a6_': 1.0}};{'d0': 0.025901683788498425};-278.217509574927;38.714102886749004
850;-100.394651900715;(((sinh((_a0_ * x)) + pow2(x)) + _a7_) * (x * _a5_));{'d0': {'_a0_': 0.5975136805408676, '_a5_': 3.509026526217048, '_a7_': 0.4992706575679997, '_a1_': 1.0, '_a2_': 1.0, '_a3_': 1.0, '_a4_': 1.0, '_a6_': 1.0}};{'d0': 0.025901683788498425};-278.217509574927;38.714102886749004
851;-100.394651900715;(((sinh((_a0_ * x)) + pow2(x)) + _a7_) * (x * _a5_));{'d0': {'_a0_': 0.5975136805408676, '_a5_': 3.509026526217048, '_a7_': 0.4992706575679997, '_a1_': 1.0, '_a2_': 1.0, '_a3_': 1.0, '_a4_': 1.0, '_a6_': 1.0}};{'d0': 0.025901683788498425};-278.217509574927;38.714102886749004
852;-100.394651900715;(((sinh((_a0_ * x)) + pow2(x)) + _a7_) * (x * _a5_));{'d0': {'_a0_': 0.5975136805408676, '_a5_': 3.509026526217048, '_a7_': 0.4992706575679997, '_a1_': 1.0, '_a2_': 1.0, '_a3_': 1.0, '_a4_': 1.0, '_a6_': 1.0}};{'d0': 0.025901683788498425};-278.217509574927;38.714102886749004
853;-100.394651900715;(((sinh((_a0_ * x)) + pow2(x)) + _a7_) * (x * _a5_));{'d0': {'_a0_': 0.5975136805408676, '_a5_': 3.509026526217048, '_a7_': 0.4992706575679997, '_a1_': 1.0, '_a2_': 1.0, '_a3_': 1.0, '_a4_': 1.0, '_a6_': 1.0}};{'d0': 0.025901683788498425};-278.217509574927;38.714102886749004
854;-100.394651900715;(((sinh((_a0_ * x)) + pow2(x)) + _a7_) * (x * _a5_));{'d0': {'_a0_': 0.5975136805408676, '_a5_': 3.509026526217048, '_a7_': 0.4992706575679997, '_a1_': 1.0, '_a2_': 1.0, '_a3_': 1.0, '_a4_': 1.0, '_a6_': 1.0}};{'d0': 0.025901683788498425};-278.217509574927;38.714102886749004
855;-100.394651900715;(((sinh((_a0_ * x)) + pow2(x)) + _a7_) * (x * _a5_));{'d0': {'_a0_': 0.5975136805408676, '_a5_': 3.509026526217048, '_a7_': 0.4992706575679997, '_a1_': 1.0, '_a2_': 1.0, '_a3_': 1.0, '_a4_': 1.0, '_a6_': 1.0}};{'d0': 0.025901683788498425};-278.217509574927;38.714102886749004
856;-100.394651900715;(((sinh((_a0_ * x)) + pow2(x)) + _a7_) * (x * _a5_));{'d0': {'_a0_': 0.5975136805408676, '_a5_': 3.509026526217048, '_a7_': 0.4992706575679997, '_a1_': 1.0, '_a2_': 1.0, '_a3_': 1.0, '_a4_': 1.0, '_a6_': 1.0}};{'d0': 0.025901683788498425};-278.217509574927;38.714102886749004
857;-100.394651900715;(((sinh((_a0_ * x)) + pow2(x)) + _a7_) * (x * _a5_));{'d0': {'_a0_': 0.5975136805408676, '_a5_': 3.509026526217048, '_a7_': 0.4992706575679997, '_a1_': 1.0, '_a2_': 1.0, '_a3_': 1.0, '_a4_': 1.0, '_a6_': 1.0}};{'d0': 0.025901683788498425};-278.217509574927;38.714102886749004
858;-100.394651900715;(((sinh((_a0_ * x)) + pow2(x)) + _a7_) * (x * _a5_));{'d0': {'_a0_': 0.5975136805408676, '_a5_': 3.509026526217048, '_a7_': 0.4992706575679997, '_a1_': 1.0, '_a2_': 1.0, '_a3_': 1.0, '_a4_': 1.0, '_a6_': 1.0}};{'d0': 0.025901683788498425};-278.217509574927;38.714102886749004
859;-100.394651900715;(((sinh((_a0_ * x)) + pow2(x)) + _a7_) * (x * _a5_));{'d0': {'_a0_': 0.5975136805408676, '_a5_': 3.509026526217048, '_a7_': 0.4992706575679997, '_a1_': 1.0, '_a2_': 1.0, '_a3_': 1.0, '_a4_': 1.0, '_a6_': 1.0}};{'d0': 0.025901683788498425};-278.217509574927;38.714102886749004
860;-100.394651900715;(((sinh((_a0_ * x)) + pow2(x)) + _a7_) * (x * _a5_));{'d0': {'_a0_': 0.5975136805408676, '_a5_': 3.509026526217048, '_a7_': 0.4992706575679997, '_a1_': 1.0, '_a2_': 1.0, '_a3_': 1.0, '_a4_': 1.0, '_a6_': 1.0}};{'d0': 0.025901683788498425};-278.217509574927;38.714102886749004
861;-100.394651900715;(((sinh((_a0_ * x)) + pow2(x)) + _a7_) * (x * _a5_));{'d0': {'_a0_': 0.5975136805408676, '_a5_': 3.509026526217048, '_a7_': 0.4992706575679997, '_a1_': 1.0, '_a2_': 1.0, '_a3_': 1.0, '_a4_': 1.0, '_a6_': 1.0}};{'d0': 0.025901683788498425};-278.217509574927;38.714102886749004
862;-100.394651900715;(((sinh((_a0_ * x)) + pow2(x)) + _a7_) * (x * _a5_));{'d0': {'_a0_': 0.5975136805408676, '_a5_': 3.509026526217048, '_a7_': 0.4992706575679997, '_a1_': 1.0, '_a2_': 1.0, '_a3_': 1.0, '_a4_': 1.0, '_a6_': 1.0}};{'d0': 0.025901683788498425};-278.217509574927;38.714102886749004
863;-100.394651900715;(((sinh((_a0_ * x)) + pow2(x)) + _a7_) * (x * _a5_));{'d0': {'_a0_': 0.5975136805408676, '_a5_': 3.509026526217048, '_a7_': 0.4992706575679997, '_a1_': 1.0, '_a2_': 1.0, '_a3_': 1.0, '_a4_': 1.0, '_a6_': 1.0}};{'d0': 0.025901683788498425};-278.217509574927;38.714102886749004
864;-100.394651900715;(((sinh((_a0_ * x)) + pow2(x)) + _a7_) * (x * _a5_));{'d0': {'_a0_': 0.5975136805408676, '_a5_': 3.509026526217048, '_a7_': 0.4992706575679997, '_a1_': 1.0, '_a2_': 1.0, '_a3_': 1.0, '_a4_': 1.0, '_a6_': 1.0}};{'d0': 0.025901683788498425};-278.217509574927;38.714102886749004
865;-100.394651900715;(((sinh((_a0_ * x)) + pow2(x)) + _a7_) * (x * _a5_));{'d0': {'_a0_': 0.5975136805408676, '_a5_': 3.509026526217048, '_a7_': 0.4992706575679997, '_a1_': 1.0, '_a2_': 1.0, '_a3_': 1.0, '_a4_': 1.0, '_a6_': 1.0}};{'d0': 0.025901683788498425};-278.217509574927;38.714102886749004
866;-100.394651900715;(((sinh((_a0_ * x)) + pow2(x)) + _a7_) * (x * _a5_));{'d0': {'_a0_': 0.5975136805408676, '_a5_': 3.509026526217048, '_a7_': 0.4992706575679997, '_a1_': 1.0, '_a2_': 1.0, '_a3_': 1.0, '_a4_': 1.0, '_a6_': 1.0}};{'d0': 0.025901683788498425};-278.217509574927;38.714102886749004
867;-100.394651900715;(((sinh((_a0_ * x)) + pow2(x)) + _a7_) * (x * _a5_));{'d0': {'_a0_': 0.5975136805408676, '_a5_': 3.509026526217048, '_a7_': 0.4992706575679997, '_a1_': 1.0, '_a2_': 1.0, '_a3_': 1.0, '_a4_': 1.0, '_a6_': 1.0}};{'d0': 0.025901683788498425};-278.217509574927;38.714102886749004
868;-100.394651900715;(((sinh((_a0_ * x)) + pow2(x)) + _a7_) * (x * _a5_));{'d0': {'_a0_': 0.5975136805408676, '_a5_': 3.509026526217048, '_a7_': 0.4992706575679997, '_a1_': 1.0, '_a2_': 1.0, '_a3_': 1.0, '_a4_': 1.0, '_a6_': 1.0}};{'d0': 0.025901683788498425};-278.217509574927;38.714102886749004
869;-89.2922902677540;((sinh((_a3_ + (x / _a1_))) * (_a6_ * pow2(_a1_))) + _a1_);{'d0': {'_a1_': -0.316983644261576, '_a3_': -0.6668482900414865, '_a6_': -4.636513163890583, '_a0_': 1.0, '_a2_': 1.0, '_a4_': 1.0, '_a5_': 1.0, '_a7_': 1.0}};{'d0': 0.03636510743380804};-257.859404563541;39.63741201401641
870;-89.2922902677540;((sinh((_a3_ + (x / _a1_))) * (_a6_ * pow2(_a1_))) + _a1_);{'d0': {'_a1_': -0.316983644261576, '_a3_': -0.6668482900414865, '_a6_': -4.636513163890583, '_a0_': 1.0, '_a2_': 1.0, '_a4_': 1.0, '_a5_': 1.0, '_a7_': 1.0}};{'d0': 0.03636510743380804};-257.859404563541;39.63741201401641
871;-100.394651900715;(((sinh((_a0_ * x)) + pow2(x)) + _a7_) * (x * _a5_));{'d0': {'_a0_': 0.5975136805408676, '_a5_': 3.509026526217048, '_a7_': 0.4992706575679997, '_a1_': 1.0, '_a2_': 1.0, '_a3_': 1.0, '_a4_': 1.0, '_a6_': 1.0}};{'d0': 0.025901683788498425};-278.217509574927;38.714102886749004
872;-100.394651900715;(((sinh((_a0_ * x)) + pow2(x)) + _a7_) * (x * _a5_));{'d0': {'_a0_': 0.5975136805408676, '_a5_': 3.509026526217048, '_a7_': 0.4992706575679997, '_a1_': 1.0, '_a2_': 1.0, '_a3_': 1.0, '_a4_': 1.0, '_a6_': 1.0}};{'d0': 0.025901683788498425};-278.217509574927;38.714102886749004
873;-100.394651900715;(((sinh((_a0_ * x)) + pow2(x)) + _a7_) * (x * _a5_));{'d0': {'_a0_': 0.5975136805408676, '_a5_': 3.509026526217048, '_a7_': 0.4992706575679997, '_a1_': 1.0, '_a2_': 1.0, '_a3_': 1.0, '_a4_': 1.0, '_a6_': 1.0}};{'d0': 0.025901683788498425};-278.217509574927;38.714102886749004
874;-100.394651900715;(((sinh((_a0_ * x)) + pow2(x)) + _a7_) * (x * _a5_));{'d0': {'_a0_': 0.5975136805408676, '_a5_': 3.509026526217048, '_a7_': 0.4992706575679997, '_a1_': 1.0, '_a2_': 1.0, '_a3_': 1.0, '_a4_': 1.0, '_a6_': 1.0}};{'d0': 0.025901683788498425};-278.217509574927;38.714102886749004
875;-100.394651900715;(((sinh((_a0_ * x)) + pow2(x)) + _a7_) * (x * _a5_));{'d0': {'_a0_': 0.5975136805408676, '_a5_': 3.509026526217048, '_a7_': 0.4992706575679997, '_a1_': 1.0, '_a2_': 1.0, '_a3_': 1.0, '_a4_': 1.0, '_a6_': 1.0}};{'d0': 0.025901683788498425};-278.217509574927;38.714102886749004
876;-100.394651900715;(((sinh((_a0_ * x)) + pow2(x)) + _a7_) * (x * _a5_));{'d0': {'_a0_': 0.5975136805408676, '_a5_': 3.509026526217048, '_a7_': 0.4992706575679997, '_a1_': 1.0, '_a2_': 1.0, '_a3_': 1.0, '_a4_': 1.0, '_a6_': 1.0}};{'d0': 0.025901683788498425};-278.217509574927;38.714102886749004
877;-100.394651900715;(((sinh((_a0_ * x)) + pow2(x)) + _a7_) * (x * _a5_));{'d0': {'_a0_': 0.5975136805408676, '_a5_': 3.509026526217048, '_a7_': 0.4992706575679997, '_a1_': 1.0, '_a2_': 1.0, '_a3_': 1.0, '_a4_': 1.0, '_a6_': 1.0}};{'d0': 0.025901683788498425};-278.217509574927;38.714102886749004
878;-100.394651900715;(((sinh((_a0_ * x)) + pow2(x)) + _a7_) * (x * _a5_));{'d0': {'_a0_': 0.5975136805408676, '_a5_': 3.509026526217048, '_a7_': 0.4992706575679997, '_a1_': 1.0, '_a2_': 1.0, '_a3_': 1.0, '_a4_': 1.0, '_a6_': 1.0}};{'d0': 0.025901683788498425};-278.217509574927;38.714102886749004
879;-100.394651900715;(((sinh((_a0_ * x)) + pow2(x)) + _a7_) * (x * _a5_));{'d0': {'_a0_': 0.5975136805408676, '_a5_': 3.509026526217048, '_a7_': 0.4992706575679997, '_a1_': 1.0, '_a2_': 1.0, '_a3_': 1.0, '_a4_': 1.0, '_a6_': 1.0}};{'d0': 0.025901683788498425};-278.217509574927;38.714102886749004
880;-100.394651900715;(((sinh((_a0_ * x)) + pow2(x)) + _a7_) * (x * _a5_));{'d0': {'_a0_': 0.5975136805408676, '_a5_': 3.509026526217048, '_a7_': 0.4992706575679997, '_a1_': 1.0, '_a2_': 1.0, '_a3_': 1.0, '_a4_': 1.0, '_a6_': 1.0}};{'d0': 0.025901683788498425};-278.217509574927;38.714102886749004
881;-100.394651900715;(((sinh((_a0_ * x)) + pow2(x)) + _a7_) * (x * _a5_));{'d0': {'_a0_': 0.5975136805408676, '_a5_': 3.509026526217048, '_a7_': 0.4992706575679997, '_a1_': 1.0, '_a2_': 1.0, '_a3_': 1.0, '_a4_': 1.0, '_a6_': 1.0}};{'d0': 0.025901683788498425};-278.217509574927;38.714102886749004
882;-100.394651900715;(((sinh((_a0_ * x)) + pow2(x)) + _a7_) * (x * _a5_));{'d0': {'_a0_': 0.5975136805408676, '_a5_': 3.509026526217048, '_a7_': 0.4992706575679997, '_a1_': 1.0, '_a2_': 1.0, '_a3_': 1.0, '_a4_': 1.0, '_a6_': 1.0}};{'d0': 0.025901683788498425};-278.217509574927;38.714102886749004
883;-100.394651900715;(((sinh((_a0_ * x)) + pow2(x)) + _a7_) * (x * _a5_));{'d0': {'_a0_': 0.5975136805408676, '_a5_': 3.509026526217048, '_a7_': 0.4992706575679997, '_a1_': 1.0, '_a2_': 1.0, '_a3_': 1.0, '_a4_': 1.0, '_a6_': 1.0}};{'d0': 0.025901683788498425};-278.217509574927;38.714102886749004
884;-96.9315965870235;(((sinh((_a0_ ** x)) + pow2(x)) + _a7_) * (x * _a5_));{'d0': {'_a0_': 1.6309233564991505, '_a5_': 2.732188852314347, '_a7_': -0.5422572277014248, '_a1_': 1.0, '_a2_': 1.0, '_a3_': 1.0, '_a4_': 1.0, '_a6_': 1.0}};{'d0': 0.02739035556140712};-274.864530361475;40.500668593714
885;-96.9315965870235;(((sinh((_a0_ ** x)) + pow2(x)) + _a7_) * (x * _a5_));{'d0': {'_a0_': 1.6309233564991505, '_a5_': 2.732188852314347, '_a7_': -0.5422572277014248, '_a1_': 1.0, '_a2_': 1.0, '_a3_': 1.0, '_a4_': 1.0, '_a6_': 1.0}};{'d0': 0.02739035556140712};-274.864530361475;40.500668593714
886;-96.9315965870235;(((sinh((_a0_ ** x)) + pow2(x)) + _a7_) * (x * _a5_));{'d0': {'_a0_': 1.6309233564991505, '_a5_': 2.732188852314347, '_a7_': -0.5422572277014248, '_a1_': 1.0, '_a2_': 1.0, '_a3_': 1.0, '_a4_': 1.0, '_a6_': 1.0}};{'d0': 0.02739035556140712};-274.864530361475;40.500668593714
887;-96.9315965870235;(((sinh((_a0_ ** x)) + pow2(x)) + _a7_) * (x * _a5_));{'d0': {'_a0_': 1.6309233564991505, '_a5_': 2.732188852314347, '_a7_': -0.5422572277014248, '_a1_': 1.0, '_a2_': 1.0, '_a3_': 1.0, '_a4_': 1.0, '_a6_': 1.0}};{'d0': 0.02739035556140712};-274.864530361475;40.500668593714
888;-96.9315965870235;(((sinh((_a0_ ** x)) + pow2(x)) + _a7_) * (x * _a5_));{'d0': {'_a0_': 1.6309233564991505, '_a5_': 2.732188852314347, '_a7_': -0.5422572277014248, '_a1_': 1.0, '_a2_': 1.0, '_a3_': 1.0, '_a4_': 1.0, '_a6_': 1.0}};{'d0': 0.02739035556140712};-274.864530361475;40.500668593714
889;-96.9315965870235;(((sinh((_a0_ ** x)) + pow2(x)) + _a7_) * (x * _a5_));{'d0': {'_a0_': 1.6309233564991505, '_a5_': 2.732188852314347, '_a7_': -0.5422572277014248, '_a1_': 1.0, '_a2_': 1.0, '_a3_': 1.0, '_a4_': 1.0, '_a6_': 1.0}};{'d0': 0.02739035556140712};-274.864530361475;40.500668593714
890;-96.9315965870235;(((sinh((_a0_ ** x)) + pow2(x)) + _a7_) * (x * _a5_));{'d0': {'_a0_': 1.6309233564991505, '_a5_': 2.732188852314347, '_a7_': -0.5422572277014248, '_a1_': 1.0, '_a2_': 1.0, '_a3_': 1.0, '_a4_': 1.0, '_a6_': 1.0}};{'d0': 0.02739035556140712};-274.864530361475;40.500668593714
891;-96.9315965870235;(((sinh((_a0_ ** x)) + pow2(x)) + _a7_) * (x * _a5_));{'d0': {'_a0_': 1.6309233564991505, '_a5_': 2.732188852314347, '_a7_': -0.5422572277014248, '_a1_': 1.0, '_a2_': 1.0, '_a3_': 1.0, '_a4_': 1.0, '_a6_': 1.0}};{'d0': 0.02739035556140712};-274.864530361475;40.500668593714
892;-96.9315965870235;(((sinh((_a0_ ** x)) + pow2(x)) + _a7_) * (x * _a5_));{'d0': {'_a0_': 1.6309233564991505, '_a5_': 2.732188852314347, '_a7_': -0.5422572277014248, '_a1_': 1.0, '_a2_': 1.0, '_a3_': 1.0, '_a4_': 1.0, '_a6_': 1.0}};{'d0': 0.02739035556140712};-274.864530361475;40.500668593714
893;-96.9315965870235;(((sinh((_a0_ ** x)) + pow2(x)) + _a7_) * (x * _a5_));{'d0': {'_a0_': 1.6309233564991505, '_a5_': 2.732188852314347, '_a7_': -0.5422572277014248, '_a1_': 1.0, '_a2_': 1.0, '_a3_': 1.0, '_a4_': 1.0, '_a6_': 1.0}};{'d0': 0.02739035556140712};-274.864530361475;40.500668593714
894;-96.9315965870235;(((sinh((_a0_ ** x)) + pow2(x)) + _a7_) * (x * _a5_));{'d0': {'_a0_': 1.6309233564991505, '_a5_': 2.732188852314347, '_a7_': -0.5422572277014248, '_a1_': 1.0, '_a2_': 1.0, '_a3_': 1.0, '_a4_': 1.0, '_a6_': 1.0}};{'d0': 0.02739035556140712};-274.864530361475;40.500668593714
895;-96.9315965870235;(((sinh((_a0_ ** x)) + pow2(x)) + _a7_) * (x * _a5_));{'d0': {'_a0_': 1.6309233564991505, '_a5_': 2.732188852314347, '_a7_': -0.5422572277014248, '_a1_': 1.0, '_a2_': 1.0, '_a3_': 1.0, '_a4_': 1.0, '_a6_': 1.0}};{'d0': 0.02739035556140712};-274.864530361475;40.500668593714
896;-96.9315965870235;(((sinh((_a0_ ** x)) + pow2(x)) + _a7_) * (x * _a5_));{'d0': {'_a0_': 1.6309233564991505, '_a5_': 2.732188852314347, '_a7_': -0.5422572277014248, '_a1_': 1.0, '_a2_': 1.0, '_a3_': 1.0, '_a4_': 1.0, '_a6_': 1.0}};{'d0': 0.02739035556140712};-274.864530361475;40.500668593714
897;-96.9315965870235;(((sinh((_a0_ ** x)) + pow2(x)) + _a7_) * (x * _a5_));{'d0': {'_a0_': 1.6309233564991505, '_a5_': 2.732188852314347, '_a7_': -0.5422572277014248, '_a1_': 1.0, '_a2_': 1.0, '_a3_': 1.0, '_a4_': 1.0, '_a6_': 1.0}};{'d0': 0.02739035556140712};-274.864530361475;40.500668593714
898;-96.9315965870235;(((sinh((_a0_ ** x)) + pow2(x)) + _a7_) * (x * _a5_));{'d0': {'_a0_': 1.6309233564991505, '_a5_': 2.732188852314347, '_a7_': -0.5422572277014248, '_a1_': 1.0, '_a2_': 1.0, '_a3_': 1.0, '_a4_': 1.0, '_a6_': 1.0}};{'d0': 0.02739035556140712};-274.864530361475;40.500668593714
899;-96.9315965870235;(((sinh((_a0_ ** x)) + pow2(x)) + _a7_) * (x * _a5_));{'d0': {'_a0_': 1.6309233564991505, '_a5_': 2.732188852314347, '_a7_': -0.5422572277014248, '_a1_': 1.0, '_a2_': 1.0, '_a3_': 1.0, '_a4_': 1.0, '_a6_': 1.0}};{'d0': 0.02739035556140712};-274.864530361475;40.500668593714
900;-96.9315965870235;(((sinh((_a0_ ** x)) + pow2(x)) + _a7_) * (x * _a5_));{'d0': {'_a0_': 1.6309233564991505, '_a5_': 2.732188852314347, '_a7_': -0.5422572277014248, '_a1_': 1.0, '_a2_': 1.0, '_a3_': 1.0, '_a4_': 1.0, '_a6_': 1.0}};{'d0': 0.02739035556140712};-274.864530361475;40.500668593714
901;-96.9315965870235;(((sinh((_a0_ ** x)) + pow2(x)) + _a7_) * (x * _a5_));{'d0': {'_a0_': 1.6309233564991505, '_a5_': 2.732188852314347, '_a7_': -0.5422572277014248, '_a1_': 1.0, '_a2_': 1.0, '_a3_': 1.0, '_a4_': 1.0, '_a6_': 1.0}};{'d0': 0.02739035556140712};-274.864530361475;40.500668593714
902;-96.9315965870235;(((sinh((_a0_ ** x)) + pow2(x)) + _a7_) * (x * _a5_));{'d0': {'_a0_': 1.6309233564991505, '_a5_': 2.732188852314347, '_a7_': -0.5422572277014248, '_a1_': 1.0, '_a2_': 1.0, '_a3_': 1.0, '_a4_': 1.0, '_a6_': 1.0}};{'d0': 0.02739035556140712};-274.864530361475;40.500668593714
903;-96.9315965870235;(((sinh((_a0_ ** x)) + pow2(x)) + _a7_) * (x * _a5_));{'d0': {'_a0_': 1.6309233564991505, '_a5_': 2.732188852314347, '_a7_': -0.5422572277014248, '_a1_': 1.0, '_a2_': 1.0, '_a3_': 1.0, '_a4_': 1.0, '_a6_': 1.0}};{'d0': 0.02739035556140712};-274.864530361475;40.500668593714
904;-96.9315965870235;(((sinh((_a0_ ** x)) + pow2(x)) + _a7_) * (x * _a5_));{'d0': {'_a0_': 1.6309233564991505, '_a5_': 2.732188852314347, '_a7_': -0.5422572277014248, '_a1_': 1.0, '_a2_': 1.0, '_a3_': 1.0, '_a4_': 1.0, '_a6_': 1.0}};{'d0': 0.02739035556140712};-274.864530361475;40.500668593714
905;-96.9315965870235;(((sinh((_a0_ ** x)) + pow2(x)) + _a7_) * (x * _a5_));{'d0': {'_a0_': 1.6309233564991505, '_a5_': 2.732188852314347, '_a7_': -0.5422572277014248, '_a1_': 1.0, '_a2_': 1.0, '_a3_': 1.0, '_a4_': 1.0, '_a6_': 1.0}};{'d0': 0.02739035556140712};-274.864530361475;40.500668593714
906;-96.9315965870235;(((sinh((_a0_ ** x)) + pow2(x)) + _a7_) * (x * _a5_));{'d0': {'_a0_': 1.6309233564991505, '_a5_': 2.732188852314347, '_a7_': -0.5422572277014248, '_a1_': 1.0, '_a2_': 1.0, '_a3_': 1.0, '_a4_': 1.0, '_a6_': 1.0}};{'d0': 0.02739035556140712};-274.864530361475;40.500668593714
907;-96.9315965870235;(((sinh((_a0_ ** x)) + pow2(x)) + _a7_) * (x * _a5_));{'d0': {'_a0_': 1.6309233564991505, '_a5_': 2.732188852314347, '_a7_': -0.5422572277014248, '_a1_': 1.0, '_a2_': 1.0, '_a3_': 1.0, '_a4_': 1.0, '_a6_': 1.0}};{'d0': 0.02739035556140712};-274.864530361475;40.500668593714
908;-96.9315965870235;(((sinh((_a0_ ** x)) + pow2(x)) + _a7_) * (x * _a5_));{'d0': {'_a0_': 1.6309233564991505, '_a5_': 2.732188852314347, '_a7_': -0.5422572277014248, '_a1_': 1.0, '_a2_': 1.0, '_a3_': 1.0, '_a4_': 1.0, '_a6_': 1.0}};{'d0': 0.02739035556140712};-274.864530361475;40.500668593714
909;-96.9315965870235;(((sinh((_a0_ ** x)) + pow2(x)) + _a7_) * (x * _a5_));{'d0': {'_a0_': 1.6309233564991505, '_a5_': 2.732188852314347, '_a7_': -0.5422572277014248, '_a1_': 1.0, '_a2_': 1.0, '_a3_': 1.0, '_a4_': 1.0, '_a6_': 1.0}};{'d0': 0.02739035556140712};-274.864530361475;40.500668593714
910;-96.9315965870235;(((sinh((_a0_ ** x)) + pow2(x)) + _a7_) * (x * _a5_));{'d0': {'_a0_': 1.6309233564991505, '_a5_': 2.732188852314347, '_a7_': -0.5422572277014248, '_a1_': 1.0, '_a2_': 1.0, '_a3_': 1.0, '_a4_': 1.0, '_a6_': 1.0}};{'d0': 0.02739035556140712};-274.864530361475;40.500668593714
911;-96.9315965870235;(((sinh((_a0_ ** x)) + pow2(x)) + _a7_) * (x * _a5_));{'d0': {'_a0_': 1.6309233564991505, '_a5_': 2.732188852314347, '_a7_': -0.5422572277014248, '_a1_': 1.0, '_a2_': 1.0, '_a3_': 1.0, '_a4_': 1.0, '_a6_': 1.0}};{'d0': 0.02739035556140712};-274.864530361475;40.500668593714
912;-96.9315965870235;(((sinh((_a0_ ** x)) + pow2(x)) + _a7_) * (x * _a5_));{'d0': {'_a0_': 1.6309233564991505, '_a5_': 2.732188852314347, '_a7_': -0.5422572277014248, '_a1_': 1.0, '_a2_': 1.0, '_a3_': 1.0, '_a4_': 1.0, '_a6_': 1.0}};{'d0': 0.02739035556140712};-274.864530361475;40.500668593714
913;-96.9315965870235;(((sinh((_a0_ ** x)) + pow2(x)) + _a7_) * (x * _a5_));{'d0': {'_a0_': 1.6309233564991505, '_a5_': 2.732188852314347, '_a7_': -0.5422572277014248, '_a1_': 1.0, '_a2_': 1.0, '_a3_': 1.0, '_a4_': 1.0, '_a6_': 1.0}};{'d0': 0.02739035556140712};-274.864530361475;40.500668593714
914;-96.9315965870235;(((sinh((_a0_ ** x)) + pow2(x)) + _a7_) * (x * _a5_));{'d0': {'_a0_': 1.6309233564991505, '_a5_': 2.732188852314347, '_a7_': -0.5422572277014248, '_a1_': 1.0, '_a2_': 1.0, '_a3_': 1.0, '_a4_': 1.0, '_a6_': 1.0}};{'d0': 0.02739035556140712};-274.864530361475;40.500668593714
915;-96.9315965870235;(((sinh((_a0_ ** x)) + pow2(x)) + _a7_) * (x * _a5_));{'d0': {'_a0_': 1.6309233564991505, '_a5_': 2.732188852314347, '_a7_': -0.5422572277014248, '_a1_': 1.0, '_a2_': 1.0, '_a3_': 1.0, '_a4_': 1.0, '_a6_': 1.0}};{'d0': 0.02739035556140712};-274.864530361475;40.500668593714
916;-96.9315965870235;(((sinh((_a0_ ** x)) + pow2(x)) + _a7_) * (x * _a5_));{'d0': {'_a0_': 1.6309233564991505, '_a5_': 2.732188852314347, '_a7_': -0.5422572277014248, '_a1_': 1.0, '_a2_': 1.0, '_a3_': 1.0, '_a4_': 1.0, '_a6_': 1.0}};{'d0': 0.02739035556140712};-274.864530361475;40.500668593714
917;-96.9315965870235;(((sinh((_a0_ ** x)) + pow2(x)) + _a7_) * (x * _a5_));{'d0': {'_a0_': 1.6309233564991505, '_a5_': 2.732188852314347, '_a7_': -0.5422572277014248, '_a1_': 1.0, '_a2_': 1.0, '_a3_': 1.0, '_a4_': 1.0, '_a6_': 1.0}};{'d0': 0.02739035556140712};-274.864530361475;40.500668593714
918;-101.711591508778;(((sqrt((_a0_ ** x)) + pow2(x)) + _a7_) * (x * _a5_));{'d0': {'_a0_': 4.547834633702134, '_a5_': 2.7533538143708, '_a7_': -0.36612032858628324, '_a1_': 1.0, '_a2_': 1.0, '_a3_': 1.0, '_a4_': 1.0, '_a6_': 1.0}};{'d0': 0.026177459310289863};-277.582065710743;37.079441346594
919;-101.711591508778;(((sqrt((_a0_ ** x)) + pow2(x)) + _a7_) * (x * _a5_));{'d0': {'_a0_': 4.547834633702134, '_a5_': 2.7533538143708, '_a7_': -0.36612032858628324, '_a1_': 1.0, '_a2_': 1.0, '_a3_': 1.0, '_a4_': 1.0, '_a6_': 1.0}};{'d0': 0.026177459310289863};-277.582065710743;37.079441346594
920;-101.711591508778;(((sqrt((_a0_ ** x)) + pow2(x)) + _a7_) * (x * _a5_));{'d0': {'_a0_': 4.547834633702134, '_a5_': 2.7533538143708, '_a7_': -0.36612032858628324, '_a1_': 1.0, '_a2_': 1.0, '_a3_': 1.0, '_a4_': 1.0, '_a6_': 1.0}};{'d0': 0.026177459310289863};-277.582065710743;37.079441346594
921;-101.711591508778;(((sqrt((_a0_ ** x)) + pow2(x)) + _a7_) * (x * _a5_));{'d0': {'_a0_': 4.547834633702134, '_a5_': 2.7533538143708, '_a7_': -0.36612032858628324, '_a1_': 1.0, '_a2_': 1.0, '_a3_': 1.0, '_a4_': 1.0, '_a6_': 1.0}};{'d0': 0.026177459310289863};-277.582065710743;37.079441346594
922;-101.711591508778;(((sqrt((_a0_ ** x)) + pow2(x)) + _a7_) * (x * _a5_));{'d0': {'_a0_': 4.547834633702134, '_a5_': 2.7533538143708, '_a7_': -0.36612032858628324, '_a1_': 1.0, '_a2_': 1.0, '_a3_': 1.0, '_a4_': 1.0, '_a6_': 1.0}};{'d0': 0.026177459310289863};-277.582065710743;37.079441346594
923;-101.711591508778;(((sqrt((_a0_ ** x)) + pow2(x)) + _a7_) * (x * _a5_));{'d0': {'_a0_': 4.547834633702134, '_a5_': 2.7533538143708, '_a7_': -0.36612032858628324, '_a1_': 1.0, '_a2_': 1.0, '_a3_': 1.0, '_a4_': 1.0, '_a6_': 1.0}};{'d0': 0.026177459310289863};-277.582065710743;37.079441346594
924;-101.711591508778;(((sqrt((_a0_ ** x)) + pow2(x)) + _a7_) * (x * _a5_));{'d0': {'_a0_': 4.547834633702134, '_a5_': 2.7533538143708, '_a7_': -0.36612032858628324, '_a1_': 1.0, '_a2_': 1.0, '_a3_': 1.0, '_a4_': 1.0, '_a6_': 1.0}};{'d0': 0.026177459310289863};-277.582065710743;37.079441346594
925;-101.711591508778;(((sqrt((_a0_ ** x)) + pow2(x)) + _a7_) * (x * _a5_));{'d0': {'_a0_': 4.547834633702134, '_a5_': 2.7533538143708, '_a7_': -0.36612032858628324, '_a1_': 1.0, '_a2_': 1.0, '_a3_': 1.0, '_a4_': 1.0, '_a6_': 1.0}};{'d0': 0.026177459310289863};-277.582065710743;37.079441346594
926;-101.711591508778;(((sqrt((_a0_ ** x)) + pow2(x)) + _a7_) * (x * _a5_));{'d0': {'_a0_': 4.547834633702134, '_a5_': 2.7533538143708, '_a7_': -0.36612032858628324, '_a1_': 1.0, '_a2_': 1.0, '_a3_': 1.0, '_a4_': 1.0, '_a6_': 1.0}};{'d0': 0.026177459310289863};-277.582065710743;37.079441346594
927;-101.711591508778;(((sqrt((_a0_ ** x)) + pow2(x)) + _a7_) * (x * _a5_));{'d0': {'_a0_': 4.547834633702134, '_a5_': 2.7533538143708, '_a7_': -0.36612032858628324, '_a1_': 1.0, '_a2_': 1.0, '_a3_': 1.0, '_a4_': 1.0, '_a6_': 1.0}};{'d0': 0.026177459310289863};-277.582065710743;37.079441346594
928;-101.711591508778;(((sqrt((_a0_ ** x)) + pow2(x)) + _a7_) * (x * _a5_));{'d0': {'_a0_': 4.547834633702134, '_a5_': 2.7533538143708, '_a7_': -0.36612032858628324, '_a1_': 1.0, '_a2_': 1.0, '_a3_': 1.0, '_a4_': 1.0, '_a6_': 1.0}};{'d0': 0.026177459310289863};-277.582065710743;37.079441346594
929;-101.711591508778;(((sqrt((_a0_ ** x)) + pow2(x)) + _a7_) * (x * _a5_));{'d0': {'_a0_': 4.547834633702134, '_a5_': 2.7533538143708, '_a7_': -0.36612032858628324, '_a1_': 1.0, '_a2_': 1.0, '_a3_': 1.0, '_a4_': 1.0, '_a6_': 1.0}};{'d0': 0.026177459310289863};-277.582065710743;37.079441346594
930;-101.711591508778;(((sqrt((_a0_ ** x)) + pow2(x)) + _a7_) * (x * _a5_));{'d0': {'_a0_': 4.547834633702134, '_a5_': 2.7533538143708, '_a7_': -0.36612032858628324, '_a1_': 1.0, '_a2_': 1.0, '_a3_': 1.0, '_a4_': 1.0, '_a6_': 1.0}};{'d0': 0.026177459310289863};-277.582065710743;37.079441346594
931;-101.711591508778;(((sqrt((_a0_ ** x)) + pow2(x)) + _a7_) * (x * _a5_));{'d0': {'_a0_': 4.547834633702134, '_a5_': 2.7533538143708, '_a7_': -0.36612032858628324, '_a1_': 1.0, '_a2_': 1.0, '_a3_': 1.0, '_a4_': 1.0, '_a6_': 1.0}};{'d0': 0.026177459310289863};-277.582065710743;37.079441346594
932;-101.711591508778;(((sqrt((_a0_ ** x)) + pow2(x)) + _a7_) * (x * _a5_));{'d0': {'_a0_': 4.547834633702134, '_a5_': 2.7533538143708, '_a7_': -0.36612032858628324, '_a1_': 1.0, '_a2_': 1.0, '_a3_': 1.0, '_a4_': 1.0, '_a6_': 1.0}};{'d0': 0.026177459310289863};-277.582065710743;37.079441346594
933;-101.711591508778;(((sqrt((_a0_ ** x)) + pow2(x)) + _a7_) * (x * _a5_));{'d0': {'_a0_': 4.547834633702134, '_a5_': 2.7533538143708, '_a7_': -0.36612032858628324, '_a1_': 1.0, '_a2_': 1.0, '_a3_': 1.0, '_a4_': 1.0, '_a6_': 1.0}};{'d0': 0.026177459310289863};-277.582065710743;37.079441346594
934;-101.711591508778;(((sqrt((_a0_ ** x)) + pow2(x)) + _a7_) * (x * _a5_));{'d0': {'_a0_': 4.547834633702134, '_a5_': 2.7533538143708, '_a7_': -0.36612032858628324, '_a1_': 1.0, '_a2_': 1.0, '_a3_': 1.0, '_a4_': 1.0, '_a6_': 1.0}};{'d0': 0.026177459310289863};-277.582065710743;37.079441346594
935;-101.711591508778;(((sqrt((_a0_ ** x)) + pow2(x)) + _a7_) * (x * _a5_));{'d0': {'_a0_': 4.547834633702134, '_a5_': 2.7533538143708, '_a7_': -0.36612032858628324, '_a1_': 1.0, '_a2_': 1.0, '_a3_': 1.0, '_a4_': 1.0, '_a6_': 1.0}};{'d0': 0.026177459310289863};-277.582065710743;37.079441346594
936;-101.711591508778;(((sqrt((_a0_ ** x)) + pow2(x)) + _a7_) * (x * _a5_));{'d0': {'_a0_': 4.547834633702134, '_a5_': 2.7533538143708, '_a7_': -0.36612032858628324, '_a1_': 1.0, '_a2_': 1.0, '_a3_': 1.0, '_a4_': 1.0, '_a6_': 1.0}};{'d0': 0.026177459310289863};-277.582065710743;37.079441346594
937;-101.711591508778;(((sqrt((_a0_ ** x)) + pow2(x)) + _a7_) * (x * _a5_));{'d0': {'_a0_': 4.547834633702134, '_a5_': 2.7533538143708, '_a7_': -0.36612032858628324, '_a1_': 1.0, '_a2_': 1.0, '_a3_': 1.0, '_a4_': 1.0, '_a6_': 1.0}};{'d0': 0.026177459310289863};-277.582065710743;37.079441346594
938;-101.711591508778;(((sqrt((_a0_ ** x)) + pow2(x)) + _a7_) * (x * _a5_));{'d0': {'_a0_': 4.547834633702134, '_a5_': 2.7533538143708, '_a7_': -0.36612032858628324, '_a1_': 1.0, '_a2_': 1.0, '_a3_': 1.0, '_a4_': 1.0, '_a6_': 1.0}};{'d0': 0.026177459310289863};-277.582065710743;37.079441346594
939;-101.711591508778;(((sqrt((_a0_ ** x)) + pow2(x)) + _a7_) * (x * _a5_));{'d0': {'_a0_': 4.547834633702134, '_a5_': 2.7533538143708, '_a7_': -0.36612032858628324, '_a1_': 1.0, '_a2_': 1.0, '_a3_': 1.0, '_a4_': 1.0, '_a6_': 1.0}};{'d0': 0.026177459310289863};-277.582065710743;37.079441346594
940;-101.711591508778;(((sqrt((_a0_ ** x)) + pow2(x)) + _a7_) * (x * _a5_));{'d0': {'_a0_': 4.547834633702134, '_a5_': 2.7533538143708, '_a7_': -0.36612032858628324, '_a1_': 1.0, '_a2_': 1.0, '_a3_': 1.0, '_a4_': 1.0, '_a6_': 1.0}};{'d0': 0.026177459310289863};-277.582065710743;37.079441346594
941;-101.711591508778;(((sqrt((_a0_ ** x)) + pow2(x)) + _a7_) * (x * _a5_));{'d0': {'_a0_': 4.547834633702134, '_a5_': 2.7533538143708, '_a7_': -0.36612032858628324, '_a1_': 1.0, '_a2_': 1.0, '_a3_': 1.0, '_a4_': 1.0, '_a6_': 1.0}};{'d0': 0.026177459310289863};-277.582065710743;37.079441346594
942;-101.711591508778;(((sqrt((_a0_ ** x)) + pow2(x)) + _a7_) * (x * _a5_));{'d0': {'_a0_': 4.547834633702134, '_a5_': 2.7533538143708, '_a7_': -0.36612032858628324, '_a1_': 1.0, '_a2_': 1.0, '_a3_': 1.0, '_a4_': 1.0, '_a6_': 1.0}};{'d0': 0.026177459310289863};-277.582065710743;37.079441346594
943;-101.711591508778;(((sqrt((_a0_ ** x)) + pow2(x)) + _a7_) * (x * _a5_));{'d0': {'_a0_': 4.547834633702134, '_a5_': 2.7533538143708, '_a7_': -0.36612032858628324, '_a1_': 1.0, '_a2_': 1.0, '_a3_': 1.0, '_a4_': 1.0, '_a6_': 1.0}};{'d0': 0.026177459310289863};-277.582065710743;37.079441346594
944;-101.711591508778;(((sqrt((_a0_ ** x)) + pow2(x)) + _a7_) * (x * _a5_));{'d0': {'_a0_': 4.547834633702134, '_a5_': 2.7533538143708, '_a7_': -0.36612032858628324, '_a1_': 1.0, '_a2_': 1.0, '_a3_': 1.0, '_a4_': 1.0, '_a6_': 1.0}};{'d0': 0.026177459310289863};-277.582065710743;37.079441346594
945;-101.711591508778;(((sqrt((_a0_ ** x)) + pow2(x)) + _a7_) * (x * _a5_));{'d0': {'_a0_': 4.547834633702134, '_a5_': 2.7533538143708, '_a7_': -0.36612032858628324, '_a1_': 1.0, '_a2_': 1.0, '_a3_': 1.0, '_a4_': 1.0, '_a6_': 1.0}};{'d0': 0.026177459310289863};-277.582065710743;37.079441346594
946;-101.711591508778;(((sqrt((_a0_ ** x)) + pow2(x)) + _a7_) * (x * _a5_));{'d0': {'_a0_': 4.547834633702134, '_a5_': 2.7533538143708, '_a7_': -0.36612032858628324, '_a1_': 1.0, '_a2_': 1.0, '_a3_': 1.0, '_a4_': 1.0, '_a6_': 1.0}};{'d0': 0.026177459310289863};-277.582065710743;37.079441346594
947;-101.711591508778;(((sqrt((_a0_ ** x)) + pow2(x)) + _a7_) * (x * _a5_));{'d0': {'_a0_': 4.547834633702134, '_a5_': 2.7533538143708, '_a7_': -0.36612032858628324, '_a1_': 1.0, '_a2_': 1.0, '_a3_': 1.0, '_a4_': 1.0, '_a6_': 1.0}};{'d0': 0.026177459310289863};-277.582065710743;37.079441346594
948;-101.711591508778;(((sqrt((_a0_ ** x)) + pow2(x)) + _a7_) * (x * _a5_));{'d0': {'_a0_': 4.547834633702134, '_a5_': 2.7533538143708, '_a7_': -0.36612032858628324, '_a1_': 1.0, '_a2_': 1.0, '_a3_': 1.0, '_a4_': 1.0, '_a6_': 1.0}};{'d0': 0.026177459310289863};-277.582065710743;37.079441346594
949;-101.711591508778;(((sqrt((_a0_ ** x)) + pow2(x)) + _a7_) * (x * _a5_));{'d0': {'_a0_': 4.547834633702134, '_a5_': 2.7533538143708, '_a7_': -0.36612032858628324, '_a1_': 1.0, '_a2_': 1.0, '_a3_': 1.0, '_a4_': 1.0, '_a6_': 1.0}};{'d0': 0.026177459310289863};-277.582065710743;37.079441346594
950;-101.711591508778;(((sqrt((_a0_ ** x)) + pow2(x)) + _a7_) * (x * _a5_));{'d0': {'_a0_': 4.547834633702134, '_a5_': 2.7533538143708, '_a7_': -0.36612032858628324, '_a1_': 1.0, '_a2_': 1.0, '_a3_': 1.0, '_a4_': 1.0, '_a6_': 1.0}};{'d0': 0.026177459310289863};-277.582065710743;37.079441346594
951;-101.711591508778;(((sqrt((_a0_ ** x)) + pow2(x)) + _a7_) * (x * _a5_));{'d0': {'_a0_': 4.547834633702134, '_a5_': 2.7533538143708, '_a7_': -0.36612032858628324, '_a1_': 1.0, '_a2_': 1.0, '_a3_': 1.0, '_a4_': 1.0, '_a6_': 1.0}};{'d0': 0.026177459310289863};-277.582065710743;37.079441346594
952;-101.711591508778;(((sqrt((_a0_ ** x)) + pow2(x)) + _a7_) * (x * _a5_));{'d0': {'_a0_': 4.547834633702134, '_a5_': 2.7533538143708, '_a7_': -0.36612032858628324, '_a1_': 1.0, '_a2_': 1.0, '_a3_': 1.0, '_a4_': 1.0, '_a6_': 1.0}};{'d0': 0.026177459310289863};-277.582065710743;37.079441346594
953;-101.711591508778;(((sqrt((_a0_ ** x)) + pow2(x)) + _a7_) * (x * _a5_));{'d0': {'_a0_': 4.547834633702134, '_a5_': 2.7533538143708, '_a7_': -0.36612032858628324, '_a1_': 1.0, '_a2_': 1.0, '_a3_': 1.0, '_a4_': 1.0, '_a6_': 1.0}};{'d0': 0.026177459310289863};-277.582065710743;37.079441346594
954;-101.711591508778;(((sqrt((_a0_ ** x)) + pow2(x)) + _a7_) * (x * _a5_));{'d0': {'_a0_': 4.547834633702134, '_a5_': 2.7533538143708, '_a7_': -0.36612032858628324, '_a1_': 1.0, '_a2_': 1.0, '_a3_': 1.0, '_a4_': 1.0, '_a6_': 1.0}};{'d0': 0.026177459310289863};-277.582065710743;37.079441346594
955;-101.711591508778;(((sqrt((_a0_ ** x)) + pow2(x)) + _a7_) * (x * _a5_));{'d0': {'_a0_': 4.547834633702134, '_a5_': 2.7533538143708, '_a7_': -0.36612032858628324, '_a1_': 1.0, '_a2_': 1.0, '_a3_': 1.0, '_a4_': 1.0, '_a6_': 1.0}};{'d0': 0.026177459310289863};-277.582065710743;37.079441346594
956;-69.2986895637714;(((tan(-(((_a7_ + x) * _a0_))) * exp((_a6_ * pow2(_a0_)))) + (-((_a5_ * x)) + _a3_)) * _a5_);{'d0': {'_a0_': -0.4346689041795471, '_a3_': -1.516852675769191, '_a5_': 7.051245615044525, '_a6_': 14.890087617930938, '_a7_': 0.20886060569955, '_a1_': 1.0, '_a2_': 1.0, '_a4_': 1.0}};{'d0': 0.024350556475364354};-273.734016966450;67.56831891945355
957;-69.2986895637714;(((tan(-(((_a7_ + x) * _a0_))) * exp((_a6_ * pow2(_a0_)))) + (-((_a5_ * x)) + _a3_)) * _a5_);{'d0': {'_a0_': -0.4346689041795471, '_a3_': -1.516852675769191, '_a5_': 7.051245615044525, '_a6_': 14.890087617930938, '_a7_': 0.20886060569955, '_a1_': 1.0, '_a2_': 1.0, '_a4_': 1.0}};{'d0': 0.024350556475364354};-273.734016966450;67.56831891945355
958;-69.2986895637714;(((tan(-(((_a7_ + x) * _a0_))) * exp((_a6_ * pow2(_a0_)))) + (-((_a5_ * x)) + _a3_)) * _a5_);{'d0': {'_a0_': -0.4346689041795471, '_a3_': -1.516852675769191, '_a5_': 7.051245615044525, '_a6_': 14.890087617930938, '_a7_': 0.20886060569955, '_a1_': 1.0, '_a2_': 1.0, '_a4_': 1.0}};{'d0': 0.024350556475364354};-273.734016966450;67.56831891945355
959;-74.3203840992635;((tan(-(((_a7_ + x) * _a0_))) * exp((_a6_ * pow2(_a0_)))) + (-((_a5_ * x)) + _a3_));{'d0': {'_a0_': -0.43545654348926754, '_a3_': -10.655282288390122, '_a5_': 49.5259084707751, '_a6_': 25.10714031960556, '_a7_': 0.2088631625847741, '_a1_': 1.0, '_a2_': 1.0, '_a4_': 1.0}};{'d0': 0.02435055864766698};-273.734011613876;62.54662170767455
960;-74.3203840992635;((tan(-(((_a7_ + x) * _a0_))) * exp((_a6_ * pow2(_a0_)))) + (-((_a5_ * x)) + _a3_));{'d0': {'_a0_': -0.43545654348926754, '_a3_': -10.655282288390122, '_a5_': 49.5259084707751, '_a6_': 25.10714031960556, '_a7_': 0.2088631625847741, '_a1_': 1.0, '_a2_': 1.0, '_a4_': 1.0}};{'d0': 0.02435055864766698};-273.734011613876;62.54662170767455
961;-74.3203840992635;((tan(-(((_a7_ + x) * _a0_))) * exp((_a6_ * pow2(_a0_)))) + (-((_a5_ * x)) + _a3_));{'d0': {'_a0_': -0.43545654348926754, '_a3_': -10.655282288390122, '_a5_': 49.5259084707751, '_a6_': 25.10714031960556, '_a7_': 0.2088631625847741, '_a1_': 1.0, '_a2_': 1.0, '_a4_': 1.0}};{'d0': 0.02435055864766698};-273.734011613876;62.54662170767455
962;-74.3203840992635;((tan(-(((_a7_ + x) * _a0_))) * exp((_a6_ * pow2(_a0_)))) + (-((_a5_ * x)) + _a3_));{'d0': {'_a0_': -0.43545654348926754, '_a3_': -10.655282288390122, '_a5_': 49.5259084707751, '_a6_': 25.10714031960556, '_a7_': 0.2088631625847741, '_a1_': 1.0, '_a2_': 1.0, '_a4_': 1.0}};{'d0': 0.02435055864766698};-273.734011613876;62.54662170767455
963;-74.3203840992635;((tan(-(((_a7_ + x) * _a0_))) * exp((_a6_ * pow2(_a0_)))) + (-((_a5_ * x)) + _a3_));{'d0': {'_a0_': -0.43545654348926754, '_a3_': -10.655282288390122, '_a5_': 49.5259084707751, '_a6_': 25.10714031960556, '_a7_': 0.2088631625847741, '_a1_': 1.0, '_a2_': 1.0, '_a4_': 1.0}};{'d0': 0.02435055864766698};-273.734011613876;62.54662170767455
964;-74.3203840992635;((tan(-(((_a7_ + x) * _a0_))) * exp((_a6_ * pow2(_a0_)))) + (-((_a5_ * x)) + _a3_));{'d0': {'_a0_': -0.43545654348926754, '_a3_': -10.655282288390122, '_a5_': 49.5259084707751, '_a6_': 25.10714031960556, '_a7_': 0.2088631625847741, '_a1_': 1.0, '_a2_': 1.0, '_a4_': 1.0}};{'d0': 0.02435055864766698};-273.734011613876;62.54662170767455
965;-74.3203840992635;((tan(-(((_a7_ + x) * _a0_))) * exp((_a6_ * pow2(_a0_)))) + (-((_a5_ * x)) + _a3_));{'d0': {'_a0_': -0.43545654348926754, '_a3_': -10.655282288390122, '_a5_': 49.5259084707751, '_a6_': 25.10714031960556, '_a7_': 0.2088631625847741, '_a1_': 1.0, '_a2_': 1.0, '_a4_': 1.0}};{'d0': 0.02435055864766698};-273.734011613876;62.54662170767455
966;-74.3203840992635;((tan(-(((_a7_ + x) * _a0_))) * exp((_a6_ * pow2(_a0_)))) + (-((_a5_ * x)) + _a3_));{'d0': {'_a0_': -0.43545654348926754, '_a3_': -10.655282288390122, '_a5_': 49.5259084707751, '_a6_': 25.10714031960556, '_a7_': 0.2088631625847741, '_a1_': 1.0, '_a2_': 1.0, '_a4_': 1.0}};{'d0': 0.02435055864766698};-273.734011613876;62.54662170767455
967;-74.3203840992635;((tan(-(((_a7_ + x) * _a0_))) * exp((_a6_ * pow2(_a0_)))) + (-((_a5_ * x)) + _a3_));{'d0': {'_a0_': -0.43545654348926754, '_a3_': -10.655282288390122, '_a5_': 49.5259084707751, '_a6_': 25.10714031960556, '_a7_': 0.2088631625847741, '_a1_': 1.0, '_a2_': 1.0, '_a4_': 1.0}};{'d0': 0.02435055864766698};-273.734011613876;62.54662170767455
968;-74.3203840992635;((tan(-(((_a7_ + x) * _a0_))) * exp((_a6_ * pow2(_a0_)))) + (-((_a5_ * x)) + _a3_));{'d0': {'_a0_': -0.43545654348926754, '_a3_': -10.655282288390122, '_a5_': 49.5259084707751, '_a6_': 25.10714031960556, '_a7_': 0.2088631625847741, '_a1_': 1.0, '_a2_': 1.0, '_a4_': 1.0}};{'d0': 0.02435055864766698};-273.734011613876;62.54662170767455
969;-74.3203840992635;((tan(-(((_a7_ + x) * _a0_))) * exp((_a6_ * pow2(_a0_)))) + (-((_a5_ * x)) + _a3_));{'d0': {'_a0_': -0.43545654348926754, '_a3_': -10.655282288390122, '_a5_': 49.5259084707751, '_a6_': 25.10714031960556, '_a7_': 0.2088631625847741, '_a1_': 1.0, '_a2_': 1.0, '_a4_': 1.0}};{'d0': 0.02435055864766698};-273.734011613876;62.54662170767455
970;-74.3203840992635;((tan(-(((_a7_ + x) * _a0_))) * exp((_a6_ * pow2(_a0_)))) + (-((_a5_ * x)) + _a3_));{'d0': {'_a0_': -0.43545654348926754, '_a3_': -10.655282288390122, '_a5_': 49.5259084707751, '_a6_': 25.10714031960556, '_a7_': 0.2088631625847741, '_a1_': 1.0, '_a2_': 1.0, '_a4_': 1.0}};{'d0': 0.02435055864766698};-273.734011613876;62.54662170767455
971;-74.3203840992635;((tan(-(((_a7_ + x) * _a0_))) * exp((_a6_ * pow2(_a0_)))) + (-((_a5_ * x)) + _a3_));{'d0': {'_a0_': -0.43545654348926754, '_a3_': -10.655282288390122, '_a5_': 49.5259084707751, '_a6_': 25.10714031960556, '_a7_': 0.2088631625847741, '_a1_': 1.0, '_a2_': 1.0, '_a4_': 1.0}};{'d0': 0.02435055864766698};-273.734011613876;62.54662170767455
972;-74.3203840992635;((tan(-(((_a7_ + x) * _a0_))) * exp((_a6_ * pow2(_a0_)))) + (-((_a5_ * x)) + _a3_));{'d0': {'_a0_': -0.43545654348926754, '_a3_': -10.655282288390122, '_a5_': 49.5259084707751, '_a6_': 25.10714031960556, '_a7_': 0.2088631625847741, '_a1_': 1.0, '_a2_': 1.0, '_a4_': 1.0}};{'d0': 0.02435055864766698};-273.734011613876;62.54662170767455
973;-74.3203840992635;((tan(-(((_a7_ + x) * _a0_))) * exp((_a6_ * pow2(_a0_)))) + (-((_a5_ * x)) + _a3_));{'d0': {'_a0_': -0.43545654348926754, '_a3_': -10.655282288390122, '_a5_': 49.5259084707751, '_a6_': 25.10714031960556, '_a7_': 0.2088631625847741, '_a1_': 1.0, '_a2_': 1.0, '_a4_': 1.0}};{'d0': 0.02435055864766698};-273.734011613876;62.54662170767455
974;-74.3203840992635;((tan(-(((_a7_ + x) * _a0_))) * exp((_a6_ * pow2(_a0_)))) + (-((_a5_ * x)) + _a3_));{'d0': {'_a0_': -0.43545654348926754, '_a3_': -10.655282288390122, '_a5_': 49.5259084707751, '_a6_': 25.10714031960556, '_a7_': 0.2088631625847741, '_a1_': 1.0, '_a2_': 1.0, '_a4_': 1.0}};{'d0': 0.02435055864766698};-273.734011613876;62.54662170767455
975;-74.3203840992635;((tan(-(((_a7_ + x) * _a0_))) * exp((_a6_ * pow2(_a0_)))) + (-((_a5_ * x)) + _a3_));{'d0': {'_a0_': -0.43545654348926754, '_a3_': -10.655282288390122, '_a5_': 49.5259084707751, '_a6_': 25.10714031960556, '_a7_': 0.2088631625847741, '_a1_': 1.0, '_a2_': 1.0, '_a4_': 1.0}};{'d0': 0.02435055864766698};-273.734011613876;62.54662170767455
976;-74.3203840992635;((tan(-(((_a7_ + x) * _a0_))) * exp((_a6_ * pow2(_a0_)))) + (-((_a5_ * x)) + _a3_));{'d0': {'_a0_': -0.43545654348926754, '_a3_': -10.655282288390122, '_a5_': 49.5259084707751, '_a6_': 25.10714031960556, '_a7_': 0.2088631625847741, '_a1_': 1.0, '_a2_': 1.0, '_a4_': 1.0}};{'d0': 0.02435055864766698};-273.734011613876;62.54662170767455
977;-74.3203840992635;((tan(-(((_a7_ + x) * _a0_))) * exp((_a6_ * pow2(_a0_)))) + (-((_a5_ * x)) + _a3_));{'d0': {'_a0_': -0.43545654348926754, '_a3_': -10.655282288390122, '_a5_': 49.5259084707751, '_a6_': 25.10714031960556, '_a7_': 0.2088631625847741, '_a1_': 1.0, '_a2_': 1.0, '_a4_': 1.0}};{'d0': 0.02435055864766698};-273.734011613876;62.54662170767455
978;-74.3203840992635;((tan(-(((_a7_ + x) * _a0_))) * exp((_a6_ * pow2(_a0_)))) + (-((_a5_ * x)) + _a3_));{'d0': {'_a0_': -0.43545654348926754, '_a3_': -10.655282288390122, '_a5_': 49.5259084707751, '_a6_': 25.10714031960556, '_a7_': 0.2088631625847741, '_a1_': 1.0, '_a2_': 1.0, '_a4_': 1.0}};{'d0': 0.02435055864766698};-273.734011613876;62.54662170767455
979;-74.3203840992635;((tan(-(((_a7_ + x) * _a0_))) * exp((_a6_ * pow2(_a0_)))) + (-((_a5_ * x)) + _a3_));{'d0': {'_a0_': -0.43545654348926754, '_a3_': -10.655282288390122, '_a5_': 49.5259084707751, '_a6_': 25.10714031960556, '_a7_': 0.2088631625847741, '_a1_': 1.0, '_a2_': 1.0, '_a4_': 1.0}};{'d0': 0.02435055864766698};-273.734011613876;62.54662170767455
980;-74.3203840992635;((tan(-(((_a7_ + x) * _a0_))) * exp((_a6_ * pow2(_a0_)))) + (-((_a5_ * x)) + _a3_));{'d0': {'_a0_': -0.43545654348926754, '_a3_': -10.655282288390122, '_a5_': 49.5259084707751, '_a6_': 25.10714031960556, '_a7_': 0.2088631625847741, '_a1_': 1.0, '_a2_': 1.0, '_a4_': 1.0}};{'d0': 0.02435055864766698};-273.734011613876;62.54662170767455
981;-74.3203840992635;((tan(-(((_a7_ + x) * _a0_))) * exp((_a6_ * pow2(_a0_)))) + (-((_a5_ * x)) + _a3_));{'d0': {'_a0_': -0.43545654348926754, '_a3_': -10.655282288390122, '_a5_': 49.5259084707751, '_a6_': 25.10714031960556, '_a7_': 0.2088631625847741, '_a1_': 1.0, '_a2_': 1.0, '_a4_': 1.0}};{'d0': 0.02435055864766698};-273.734011613876;62.54662170767455
982;-74.3203840992635;((tan(-(((_a7_ + x) * _a0_))) * exp((_a6_ * pow2(_a0_)))) + (-((_a5_ * x)) + _a3_));{'d0': {'_a0_': -0.43545654348926754, '_a3_': -10.655282288390122, '_a5_': 49.5259084707751, '_a6_': 25.10714031960556, '_a7_': 0.2088631625847741, '_a1_': 1.0, '_a2_': 1.0, '_a4_': 1.0}};{'d0': 0.02435055864766698};-273.734011613876;62.54662170767455
983;-74.3203840992635;((tan(-(((_a7_ + x) * _a0_))) * exp((_a6_ * pow2(_a0_)))) + (-((_a5_ * x)) + _a3_));{'d0': {'_a0_': -0.43545654348926754, '_a3_': -10.655282288390122, '_a5_': 49.5259084707751, '_a6_': 25.10714031960556, '_a7_': 0.2088631625847741, '_a1_': 1.0, '_a2_': 1.0, '_a4_': 1.0}};{'d0': 0.02435055864766698};-273.734011613876;62.54662170767455
984;-74.3203840992635;((tan(-(((_a7_ + x) * _a0_))) * exp((_a6_ * pow2(_a0_)))) + (-((_a5_ * x)) + _a3_));{'d0': {'_a0_': -0.43545654348926754, '_a3_': -10.655282288390122, '_a5_': 49.5259084707751, '_a6_': 25.10714031960556, '_a7_': 0.2088631625847741, '_a1_': 1.0, '_a2_': 1.0, '_a4_': 1.0}};{'d0': 0.02435055864766698};-273.734011613876;62.54662170767455
985;-74.3203840992635;((tan(-(((_a7_ + x) * _a0_))) * exp((_a6_ * pow2(_a0_)))) + (-((_a5_ * x)) + _a3_));{'d0': {'_a0_': -0.43545654348926754, '_a3_': -10.655282288390122, '_a5_': 49.5259084707751, '_a6_': 25.10714031960556, '_a7_': 0.2088631625847741, '_a1_': 1.0, '_a2_': 1.0, '_a4_': 1.0}};{'d0': 0.02435055864766698};-273.734011613876;62.54662170767455
986;-74.3203840992635;((tan(-(((_a7_ + x) * _a0_))) * exp((_a6_ * pow2(_a0_)))) + (-((_a5_ * x)) + _a3_));{'d0': {'_a0_': -0.43545654348926754, '_a3_': -10.655282288390122, '_a5_': 49.5259084707751, '_a6_': 25.10714031960556, '_a7_': 0.2088631625847741, '_a1_': 1.0, '_a2_': 1.0, '_a4_': 1.0}};{'d0': 0.02435055864766698};-273.734011613876;62.54662170767455
987;-74.3465917627905;((tan(-(((_a7_ + x) * _a0_))) * sqrt((_a6_ * pow2(_a0_)))) + (-((_a5_ * x)) + _a3_));{'d0': {'_a0_': -0.4352440951689499, '_a3_': -10.666161012513694, '_a5_': 49.57816788681335, '_a6_': 72292.61544974556, '_a7_': 0.20886246514176113, '_a1_': 1.0, '_a2_': 1.0, '_a4_': 1.0}};{'d0': 0.024350556586483982};-273.734016692650;62.52041658353455
988;-101.711591508778;(((sqrt((_a0_ ** x)) + pow2(x)) + _a7_) * (x * _a5_));{'d0': {'_a0_': 4.547834633702134, '_a5_': 2.7533538143708, '_a7_': -0.36612032858628324, '_a1_': 1.0, '_a2_': 1.0, '_a3_': 1.0, '_a4_': 1.0, '_a6_': 1.0}};{'d0': 0.026177459310289863};-277.582065710743;37.079441346594
989;-101.711591508778;(((sqrt((_a0_ ** x)) + pow2(x)) + _a7_) * (x * _a5_));{'d0': {'_a0_': 4.547834633702134, '_a5_': 2.7533538143708, '_a7_': -0.36612032858628324, '_a1_': 1.0, '_a2_': 1.0, '_a3_': 1.0, '_a4_': 1.0, '_a6_': 1.0}};{'d0': 0.026177459310289863};-277.582065710743;37.079441346594
990;-101.711591508778;(((sqrt((_a0_ ** x)) + pow2(x)) + _a7_) * (x * _a5_));{'d0': {'_a0_': 4.547834633702134, '_a5_': 2.7533538143708, '_a7_': -0.36612032858628324, '_a1_': 1.0, '_a2_': 1.0, '_a3_': 1.0, '_a4_': 1.0, '_a6_': 1.0}};{'d0': 0.026177459310289863};-277.582065710743;37.079441346594
991;-101.711591508778;(((sqrt((_a0_ ** x)) + pow2(x)) + _a7_) * (x * _a5_));{'d0': {'_a0_': 4.547834633702134, '_a5_': 2.7533538143708, '_a7_': -0.36612032858628324, '_a1_': 1.0, '_a2_': 1.0, '_a3_': 1.0, '_a4_': 1.0, '_a6_': 1.0}};{'d0': 0.026177459310289863};-277.582065710743;37.079441346594
992;-101.711591508778;(((sqrt((_a0_ ** x)) + pow2(x)) + _a7_) * (x * _a5_));{'d0': {'_a0_': 4.547834633702134, '_a5_': 2.7533538143708, '_a7_': -0.36612032858628324, '_a1_': 1.0, '_a2_': 1.0, '_a3_': 1.0, '_a4_': 1.0, '_a6_': 1.0}};{'d0': 0.026177459310289863};-277.582065710743;37.079441346594
993;-101.711591508778;(((sqrt((_a0_ ** x)) + pow2(x)) + _a7_) * (x * _a5_));{'d0': {'_a0_': 4.547834633702134, '_a5_': 2.7533538143708, '_a7_': -0.36612032858628324, '_a1_': 1.0, '_a2_': 1.0, '_a3_': 1.0, '_a4_': 1.0, '_a6_': 1.0}};{'d0': 0.026177459310289863};-277.582065710743;37.079441346594
994;-101.711591508778;(((sqrt((_a0_ ** x)) + pow2(x)) + _a7_) * (x * _a5_));{'d0': {'_a0_': 4.547834633702134, '_a5_': 2.7533538143708, '_a7_': -0.36612032858628324, '_a1_': 1.0, '_a2_': 1.0, '_a3_': 1.0, '_a4_': 1.0, '_a6_': 1.0}};{'d0': 0.026177459310289863};-277.582065710743;37.079441346594
995;-74.3465917627905;((tan(-(((_a7_ + x) * _a0_))) * sqrt((_a6_ * pow2(_a0_)))) + (-((_a5_ * x)) + _a3_));{'d0': {'_a0_': -0.4352440951689499, '_a3_': -10.666161012513694, '_a5_': 49.57816788681335, '_a6_': 72292.61544974556, '_a7_': 0.20886246514176113, '_a1_': 1.0, '_a2_': 1.0, '_a4_': 1.0}};{'d0': 0.024350556586483982};-273.734016692650;62.52041658353455
996;-74.3465917627905;((tan(-(((_a7_ + x) * _a0_))) * sqrt((_a6_ * pow2(_a0_)))) + (-((_a5_ * x)) + _a3_));{'d0': {'_a0_': -0.4352440951689499, '_a3_': -10.666161012513694, '_a5_': 49.57816788681335, '_a6_': 72292.61544974556, '_a7_': 0.20886246514176113, '_a1_': 1.0, '_a2_': 1.0, '_a4_': 1.0}};{'d0': 0.024350556586483982};-273.734016692650;62.52041658353455
997;-74.3465917627905;((tan(-(((_a7_ + x) * _a0_))) * sqrt((_a6_ * pow2(_a0_)))) + (-((_a5_ * x)) + _a3_));{'d0': {'_a0_': -0.4352440951689499, '_a3_': -10.666161012513694, '_a5_': 49.57816788681335, '_a6_': 72292.61544974556, '_a7_': 0.20886246514176113, '_a1_': 1.0, '_a2_': 1.0, '_a4_': 1.0}};{'d0': 0.024350556586483982};-273.734016692650;62.52041658353455
998;-74.3465917627905;((tan(-(((_a7_ + x) * _a0_))) * sqrt((_a6_ * pow2(_a0_)))) + (-((_a5_ * x)) + _a3_));{'d0': {'_a0_': -0.4352440951689499, '_a3_': -10.666161012513694, '_a5_': 49.57816788681335, '_a6_': 72292.61544974556, '_a7_': 0.20886246514176113, '_a1_': 1.0, '_a2_': 1.0, '_a4_': 1.0}};{'d0': 0.024350556586483982};-273.734016692650;62.52041658353455
999;-74.3465917627905;((tan(-(((_a7_ + x) * _a0_))) * sqrt((_a6_ * pow2(_a0_)))) + (-((_a5_ * x)) + _a3_));{'d0': {'_a0_': -0.4352440951689499, '_a3_': -10.666161012513694, '_a5_': 49.57816788681335, '_a6_': 72292.61544974556, '_a7_': 0.20886246514176113, '_a1_': 1.0, '_a2_': 1.0, '_a4_': 1.0}};{'d0': 0.024350556586483982};-273.734016692650;62.52041658353455
1000;-74.3465917627905;((tan(-(((_a7_ + x) * _a0_))) * sqrt((_a6_ * pow2(_a0_)))) + (-((_a5_ * x)) + _a3_));{'d0': {'_a0_': -0.4352440951689499, '_a3_': -10.666161012513694, '_a5_': 49.57816788681335, '_a6_': 72292.61544974556, '_a7_': 0.20886246514176113, '_a1_': 1.0, '_a2_': 1.0, '_a4_': 1.0}};{'d0': 0.024350556586483982};-273.734016692650;62.52041658353455
1001;-74.3465917627905;((tan(-(((_a7_ + x) * _a0_))) * sqrt((_a6_ * pow2(_a0_)))) + (-((_a5_ * x)) + _a3_));{'d0': {'_a0_': -0.4352440951689499, '_a3_': -10.666161012513694, '_a5_': 49.57816788681335, '_a6_': 72292.61544974556, '_a7_': 0.20886246514176113, '_a1_': 1.0, '_a2_': 1.0, '_a4_': 1.0}};{'d0': 0.024350556586483982};-273.734016692650;62.52041658353455
1002;-74.3465917627905;((tan(-(((_a7_ + x) * _a0_))) * sqrt((_a6_ * pow2(_a0_)))) + (-((_a5_ * x)) + _a3_));{'d0': {'_a0_': -0.4352440951689499, '_a3_': -10.666161012513694, '_a5_': 49.57816788681335, '_a6_': 72292.61544974556, '_a7_': 0.20886246514176113, '_a1_': 1.0, '_a2_': 1.0, '_a4_': 1.0}};{'d0': 0.024350556586483982};-273.734016692650;62.52041658353455
1003;-74.3465917627905;((tan(-(((_a7_ + x) * _a0_))) * sqrt((_a6_ * pow2(_a0_)))) + (-((_a5_ * x)) + _a3_));{'d0': {'_a0_': -0.4352440951689499, '_a3_': -10.666161012513694, '_a5_': 49.57816788681335, '_a6_': 72292.61544974556, '_a7_': 0.20886246514176113, '_a1_': 1.0, '_a2_': 1.0, '_a4_': 1.0}};{'d0': 0.024350556586483982};-273.734016692650;62.52041658353455
1004;-74.3465917627905;((tan(-(((_a7_ + x) * _a0_))) * sqrt((_a6_ * pow2(_a0_)))) + (-((_a5_ * x)) + _a3_));{'d0': {'_a0_': -0.4352440951689499, '_a3_': -10.666161012513694, '_a5_': 49.57816788681335, '_a6_': 72292.61544974556, '_a7_': 0.20886246514176113, '_a1_': 1.0, '_a2_': 1.0, '_a4_': 1.0}};{'d0': 0.024350556586483982};-273.734016692650;62.52041658353455
1005;-74.3465917627905;((tan(-(((_a7_ + x) * _a0_))) * sqrt((_a6_ * pow2(_a0_)))) + (-((_a5_ * x)) + _a3_));{'d0': {'_a0_': -0.4352440951689499, '_a3_': -10.666161012513694, '_a5_': 49.57816788681335, '_a6_': 72292.61544974556, '_a7_': 0.20886246514176113, '_a1_': 1.0, '_a2_': 1.0, '_a4_': 1.0}};{'d0': 0.024350556586483982};-273.734016692650;62.52041658353455
1006;-74.3465917627905;((tan(-(((_a7_ + x) * _a0_))) * sqrt((_a6_ * pow2(_a0_)))) + (-((_a5_ * x)) + _a3_));{'d0': {'_a0_': -0.4352440951689499, '_a3_': -10.666161012513694, '_a5_': 49.57816788681335, '_a6_': 72292.61544974556, '_a7_': 0.20886246514176113, '_a1_': 1.0, '_a2_': 1.0, '_a4_': 1.0}};{'d0': 0.024350556586483982};-273.734016692650;62.52041658353455
1007;-92.9902247403842;((sinh((_a3_ + (x / _a1_))) * (_a6_ * _a1_)) + _a1_);{'d0': {'_a1_': -0.31698365816128804, '_a3_': -0.6668482715526984, '_a6_': 1.4696989122667643, '_a0_': 1.0, '_a2_': 1.0, '_a4_': 1.0, '_a5_': 1.0, '_a7_': 1.0}};{'d0': 0.036365107433783544};-257.859404563581;35.93947754140641
1008;-92.9902247403842;((sinh((_a3_ + (x / _a1_))) * (_a6_ * _a1_)) + _a1_);{'d0': {'_a1_': -0.31698365816128804, '_a3_': -0.6668482715526984, '_a6_': 1.4696989122667643, '_a0_': 1.0, '_a2_': 1.0, '_a4_': 1.0, '_a5_': 1.0, '_a7_': 1.0}};{'d0': 0.036365107433783544};-257.859404563581;35.93947754140641
1009;-74.3465917627905;((tan(-(((_a7_ + x) * _a0_))) * sqrt((_a6_ * pow2(_a0_)))) + (-((_a5_ * x)) + _a3_));{'d0': {'_a0_': -0.4352440951689499, '_a3_': -10.666161012513694, '_a5_': 49.57816788681335, '_a6_': 72292.61544974556, '_a7_': 0.20886246514176113, '_a1_': 1.0, '_a2_': 1.0, '_a4_': 1.0}};{'d0': 0.024350556586483982};-273.734016692650;62.52041658353455
1010;-78.0445275403026;((tan(-(((_a7_ + x) * _a0_))) * sqrt((_a6_ * _a6_))) + (-((_a5_ * x)) + _a3_));{'d0': {'_a0_': -0.43494089154590515, '_a3_': -10.681718761991585, '_a5_': 49.652900098889205, '_a6_': 117.27865680688728, '_a7_': 0.20886148773218954, '_a1_': 1.0, '_a2_': 1.0, '_a4_': 1.0}};{'d0': 0.02435055552731423};-273.734019302454;58.82248211092455
1011;-78.0445275403026;((tan(-(((_a7_ + x) * _a0_))) * sqrt((_a6_ * _a6_))) + (-((_a5_ * x)) + _a3_));{'d0': {'_a0_': -0.43494089154590515, '_a3_': -10.681718761991585, '_a5_': 49.652900098889205, '_a6_': 117.27865680688728, '_a7_': 0.20886148773218954, '_a1_': 1.0, '_a2_': 1.0, '_a4_': 1.0}};{'d0': 0.02435055552731423};-273.734019302454;58.82248211092455
1012;-78.0445275403026;((tan(-(((_a7_ + x) * _a0_))) * sqrt((_a6_ * _a6_))) + (-((_a5_ * x)) + _a3_));{'d0': {'_a0_': -0.43494089154590515, '_a3_': -10.681718761991585, '_a5_': 49.652900098889205, '_a6_': 117.27865680688728, '_a7_': 0.20886148773218954, '_a1_': 1.0, '_a2_': 1.0, '_a4_': 1.0}};{'d0': 0.02435055552731423};-273.734019302454;58.82248211092455
1013;-78.0445275403026;((tan(-(((_a7_ + x) * _a0_))) * sqrt((_a6_ * _a6_))) + (-((_a5_ * x)) + _a3_));{'d0': {'_a0_': -0.43494089154590515, '_a3_': -10.681718761991585, '_a5_': 49.652900098889205, '_a6_': 117.27865680688728, '_a7_': 0.20886148773218954, '_a1_': 1.0, '_a2_': 1.0, '_a4_': 1.0}};{'d0': 0.02435055552731423};-273.734019302454;58.82248211092455
1014;-74.0153463568341;((tan(-((((x + _a6_) + x) * _a0_))) * sqrt((_a6_ * _a6_))) + (-((_a5_ * x)) + _a3_));{'d0': {'_a0_': -0.15671551704134265, '_a3_': -21.02077497150712, '_a5_': 99.31578475745401, '_a6_': 321.1605566700371, '_a1_': 1.0, '_a2_': 1.0, '_a4_': 1.0, '_a7_': 1.0}};{'d0': 0.02447730619944309};-277.516859033577;64.74308315995455
1015;-74.0153463568341;((tan(-((((x + _a6_) + x) * _a0_))) * sqrt((_a6_ * _a6_))) + (-((_a5_ * x)) + _a3_));{'d0': {'_a0_': -0.15671551704134265, '_a3_': -21.02077497150712, '_a5_': 99.31578475745401, '_a6_': 321.1605566700371, '_a1_': 1.0, '_a2_': 1.0, '_a4_': 1.0, '_a7_': 1.0}};{'d0': 0.02447730619944309};-277.516859033577;64.74308315995455
1016;-74.0153463568341;((tan(-((((x + _a6_) + x) * _a0_))) * sqrt((_a6_ * _a6_))) + (-((_a5_ * x)) + _a3_));{'d0': {'_a0_': -0.15671551704134265, '_a3_': -21.02077497150712, '_a5_': 99.31578475745401, '_a6_': 321.1605566700371, '_a1_': 1.0, '_a2_': 1.0, '_a4_': 1.0, '_a7_': 1.0}};{'d0': 0.02447730619944309};-277.516859033577;64.74308315995455
1017;-74.0153463568341;((tan(-((((x + _a6_) + x) * _a0_))) * sqrt((_a6_ * _a6_))) + (-((_a5_ * x)) + _a3_));{'d0': {'_a0_': -0.15671551704134265, '_a3_': -21.02077497150712, '_a5_': 99.31578475745401, '_a6_': 321.1605566700371, '_a1_': 1.0, '_a2_': 1.0, '_a4_': 1.0, '_a7_': 1.0}};{'d0': 0.02447730619944309};-277.516859033577;64.74308315995455
1018;-74.0153463568341;((tan(-((((x + _a6_) + x) * _a0_))) * sqrt((_a6_ * _a6_))) + (-((_a5_ * x)) + _a3_));{'d0': {'_a0_': -0.15671551704134265, '_a3_': -21.02077497150712, '_a5_': 99.31578475745401, '_a6_': 321.1605566700371, '_a1_': 1.0, '_a2_': 1.0, '_a4_': 1.0, '_a7_': 1.0}};{'d0': 0.02447730619944309};-277.516859033577;64.74308315995455
1019;-74.0153463568341;((tan(-((((x + _a6_) + x) * _a0_))) * sqrt((_a6_ * _a6_))) + (-((_a5_ * x)) + _a3_));{'d0': {'_a0_': -0.15671551704134265, '_a3_': -21.02077497150712, '_a5_': 99.31578475745401, '_a6_': 321.1605566700371, '_a1_': 1.0, '_a2_': 1.0, '_a4_': 1.0, '_a7_': 1.0}};{'d0': 0.02447730619944309};-277.516859033577;64.74308315995455
1020;-74.0153463568341;((tan(-((((x + _a6_) + x) * _a0_))) * sqrt((_a6_ * _a6_))) + (-((_a5_ * x)) + _a3_));{'d0': {'_a0_': -0.15671551704134265, '_a3_': -21.02077497150712, '_a5_': 99.31578475745401, '_a6_': 321.1605566700371, '_a1_': 1.0, '_a2_': 1.0, '_a4_': 1.0, '_a7_': 1.0}};{'d0': 0.02447730619944309};-277.516859033577;64.74308315995455
1021;-74.0153463568341;((tan(-((((x + _a6_) + x) * _a0_))) * sqrt((_a6_ * _a6_))) + (-((_a5_ * x)) + _a3_));{'d0': {'_a0_': -0.15671551704134265, '_a3_': -21.02077497150712, '_a5_': 99.31578475745401, '_a6_': 321.1605566700371, '_a1_': 1.0, '_a2_': 1.0, '_a4_': 1.0, '_a7_': 1.0}};{'d0': 0.02447730619944309};-277.516859033577;64.74308315995455
1022;-74.0153463568341;((tan(-((((x + _a6_) + x) * _a0_))) * sqrt((_a6_ * _a6_))) + (-((_a5_ * x)) + _a3_));{'d0': {'_a0_': -0.15671551704134265, '_a3_': -21.02077497150712, '_a5_': 99.31578475745401, '_a6_': 321.1605566700371, '_a1_': 1.0, '_a2_': 1.0, '_a4_': 1.0, '_a7_': 1.0}};{'d0': 0.02447730619944309};-277.516859033577;64.74308315995455
1023;-74.0153463568341;((tan(-((((x + _a6_) + x) * _a0_))) * sqrt((_a6_ * _a6_))) + (-((_a5_ * x)) + _a3_));{'d0': {'_a0_': -0.15671551704134265, '_a3_': -21.02077497150712, '_a5_': 99.31578475745401, '_a6_': 321.1605566700371, '_a1_': 1.0, '_a2_': 1.0, '_a4_': 1.0, '_a7_': 1.0}};{'d0': 0.02447730619944309};-277.516859033577;64.74308315995455
1024;-74.0153463568341;((tan(-((((x + _a6_) + x) * _a0_))) * sqrt((_a6_ * _a6_))) + (-((_a5_ * x)) + _a3_));{'d0': {'_a0_': -0.15671551704134265, '_a3_': -21.02077497150712, '_a5_': 99.31578475745401, '_a6_': 321.1605566700371, '_a1_': 1.0, '_a2_': 1.0, '_a4_': 1.0, '_a7_': 1.0}};{'d0': 0.02447730619944309};-277.516859033577;64.74308315995455
1025;-74.0153463568341;((tan(-((((x + _a6_) + x) * _a0_))) * sqrt((_a6_ * _a6_))) + (-((_a5_ * x)) + _a3_));{'d0': {'_a0_': -0.15671551704134265, '_a3_': -21.02077497150712, '_a5_': 99.31578475745401, '_a6_': 321.1605566700371, '_a1_': 1.0, '_a2_': 1.0, '_a4_': 1.0, '_a7_': 1.0}};{'d0': 0.02447730619944309};-277.516859033577;64.74308315995455
1026;-74.1568424326040;((tan(-((((x + _a6_) + _a0_) * _a0_))) * sqrt((_a6_ * _a6_))) + (-((_a5_ * x)) + _a3_));{'d0': {'_a0_': -0.46501416071699814, '_a3_': -9.283388174563077, '_a5_': 42.936153269096266, '_a6_': 95.2566804047922, '_a1_': 1.0, '_a2_': 1.0, '_a4_': 1.0, '_a7_': 1.0}};{'d0': 0.02436212993702245};-277.799851185117;64.74308315995455
1027;-74.1568424326040;((tan(-((((x + _a6_) + _a0_) * _a0_))) * sqrt((_a6_ * _a6_))) + (-((_a5_ * x)) + _a3_));{'d0': {'_a0_': -0.46501416071699814, '_a3_': -9.283388174563077, '_a5_': 42.936153269096266, '_a6_': 95.2566804047922, '_a1_': 1.0, '_a2_': 1.0, '_a4_': 1.0, '_a7_': 1.0}};{'d0': 0.02436212993702245};-277.799851185117;64.74308315995455
1028;-74.1568424326040;((tan(-((((x + _a6_) + _a0_) * _a0_))) * sqrt((_a6_ * _a6_))) + (-((_a5_ * x)) + _a3_));{'d0': {'_a0_': -0.46501416071699814, '_a3_': -9.283388174563077, '_a5_': 42.936153269096266, '_a6_': 95.2566804047922, '_a1_': 1.0, '_a2_': 1.0, '_a4_': 1.0, '_a7_': 1.0}};{'d0': 0.02436212993702245};-277.799851185117;64.74308315995455
1029;-74.1568424326040;((tan(-((((x + _a6_) + _a0_) * _a0_))) * sqrt((_a6_ * _a6_))) + (-((_a5_ * x)) + _a3_));{'d0': {'_a0_': -0.46501416071699814, '_a3_': -9.283388174563077, '_a5_': 42.936153269096266, '_a6_': 95.2566804047922, '_a1_': 1.0, '_a2_': 1.0, '_a4_': 1.0, '_a7_': 1.0}};{'d0': 0.02436212993702245};-277.799851185117;64.74308315995455
1030;-74.1568424326040;((tan(-((((x + _a6_) + _a0_) * _a0_))) * sqrt((_a6_ * _a6_))) + (-((_a5_ * x)) + _a3_));{'d0': {'_a0_': -0.46501416071699814, '_a3_': -9.283388174563077, '_a5_': 42.936153269096266, '_a6_': 95.2566804047922, '_a1_': 1.0, '_a2_': 1.0, '_a4_': 1.0, '_a7_': 1.0}};{'d0': 0.02436212993702245};-277.799851185117;64.74308315995455
1031;-74.1568424326040;((tan(-((((x + _a6_) + _a0_) * _a0_))) * sqrt((_a6_ * _a6_))) + (-((_a5_ * x)) + _a3_));{'d0': {'_a0_': -0.46501416071699814, '_a3_': -9.283388174563077, '_a5_': 42.936153269096266, '_a6_': 95.2566804047922, '_a1_': 1.0, '_a2_': 1.0, '_a4_': 1.0, '_a7_': 1.0}};{'d0': 0.02436212993702245};-277.799851185117;64.74308315995455
1032;-74.1568424326040;((tan(-((((x + _a6_) + _a0_) * _a0_))) * sqrt((_a6_ * _a6_))) + (-((_a5_ * x)) + _a3_));{'d0': {'_a0_': -0.46501416071699814, '_a3_': -9.283388174563077, '_a5_': 42.936153269096266, '_a6_': 95.2566804047922, '_a1_': 1.0, '_a2_': 1.0, '_a4_': 1.0, '_a7_': 1.0}};{'d0': 0.02436212993702245};-277.799851185117;64.74308315995455
1033;-74.1568424326040;((tan(-((((x + _a6_) + _a0_) * _a0_))) * sqrt((_a6_ * _a6_))) + (-((_a5_ * x)) + _a3_));{'d0': {'_a0_': -0.46501416071699814, '_a3_': -9.283388174563077, '_a5_': 42.936153269096266, '_a6_': 95.2566804047922, '_a1_': 1.0, '_a2_': 1.0, '_a4_': 1.0, '_a7_': 1.0}};{'d0': 0.02436212993702245};-277.799851185117;64.74308315995455
1034;-74.1568424326040;((tan(-((((x + _a6_) + _a0_) * _a0_))) * sqrt((_a6_ * _a6_))) + (-((_a5_ * x)) + _a3_));{'d0': {'_a0_': -0.46501416071699814, '_a3_': -9.283388174563077, '_a5_': 42.936153269096266, '_a6_': 95.2566804047922, '_a1_': 1.0, '_a2_': 1.0, '_a4_': 1.0, '_a7_': 1.0}};{'d0': 0.02436212993702245};-277.799851185117;64.74308315995455
1035;-74.1568424326040;((tan(-((((x + _a6_) + _a0_) * _a0_))) * sqrt((_a6_ * _a6_))) + (-((_a5_ * x)) + _a3_));{'d0': {'_a0_': -0.46501416071699814, '_a3_': -9.283388174563077, '_a5_': 42.936153269096266, '_a6_': 95.2566804047922, '_a1_': 1.0, '_a2_': 1.0, '_a4_': 1.0, '_a7_': 1.0}};{'d0': 0.02436212993702245};-277.799851185117;64.74308315995455
1036;-74.1568424326040;((tan(-((((x + _a6_) + _a0_) * _a0_))) * sqrt((_a6_ * _a6_))) + (-((_a5_ * x)) + _a3_));{'d0': {'_a0_': -0.46501416071699814, '_a3_': -9.283388174563077, '_a5_': 42.936153269096266, '_a6_': 95.2566804047922, '_a1_': 1.0, '_a2_': 1.0, '_a4_': 1.0, '_a7_': 1.0}};{'d0': 0.02436212993702245};-277.799851185117;64.74308315995455
1037;-74.1568424326040;((tan(-((((x + _a6_) + _a0_) * _a0_))) * sqrt((_a6_ * _a6_))) + (-((_a5_ * x)) + _a3_));{'d0': {'_a0_': -0.46501416071699814, '_a3_': -9.283388174563077, '_a5_': 42.936153269096266, '_a6_': 95.2566804047922, '_a1_': 1.0, '_a2_': 1.0, '_a4_': 1.0, '_a7_': 1.0}};{'d0': 0.02436212993702245};-277.799851185117;64.74308315995455
1038;-74.1568424326040;((tan(-((((x + _a6_) + _a0_) * _a0_))) * sqrt((_a6_ * _a6_))) + (-((_a5_ * x)) + _a3_));{'d0': {'_a0_': -0.46501416071699814, '_a3_': -9.283388174563077, '_a5_': 42.936153269096266, '_a6_': 95.2566804047922, '_a1_': 1.0, '_a2_': 1.0, '_a4_': 1.0, '_a7_': 1.0}};{'d0': 0.02436212993702245};-277.799851185117;64.74308315995455
1039;-74.1568424326040;((tan(-((((x + _a6_) + _a0_) * _a0_))) * sqrt((_a6_ * _a6_))) + (-((_a5_ * x)) + _a3_));{'d0': {'_a0_': -0.46501416071699814, '_a3_': -9.283388174563077, '_a5_': 42.936153269096266, '_a6_': 95.2566804047922, '_a1_': 1.0, '_a2_': 1.0, '_a4_': 1.0, '_a7_': 1.0}};{'d0': 0.02436212993702245};-277.799851185117;64.74308315995455
1040;-74.1568424326040;((tan(-((((x + _a6_) + _a0_) * _a0_))) * sqrt((_a6_ * _a6_))) + (-((_a5_ * x)) + _a3_));{'d0': {'_a0_': -0.46501416071699814, '_a3_': -9.283388174563077, '_a5_': 42.936153269096266, '_a6_': 95.2566804047922, '_a1_': 1.0, '_a2_': 1.0, '_a4_': 1.0, '_a7_': 1.0}};{'d0': 0.02436212993702245};-277.799851185117;64.74308315995455
1041;-74.1568424326040;((tan(-((((x + _a6_) + _a0_) * _a0_))) * sqrt((_a6_ * _a6_))) + (-((_a5_ * x)) + _a3_));{'d0': {'_a0_': -0.46501416071699814, '_a3_': -9.283388174563077, '_a5_': 42.936153269096266, '_a6_': 95.2566804047922, '_a1_': 1.0, '_a2_': 1.0, '_a4_': 1.0, '_a7_': 1.0}};{'d0': 0.02436212993702245};-277.799851185117;64.74308315995455
1042;-74.1568424326040;((tan(-((((x + _a6_) + _a0_) * _a0_))) * sqrt((_a6_ * _a6_))) + (-((_a5_ * x)) + _a3_));{'d0': {'_a0_': -0.46501416071699814, '_a3_': -9.283388174563077, '_a5_': 42.936153269096266, '_a6_': 95.2566804047922, '_a1_': 1.0, '_a2_': 1.0, '_a4_': 1.0, '_a7_': 1.0}};{'d0': 0.02436212993702245};-277.799851185117;64.74308315995455
1043;-96.8346088696427;(((sqrt((_a0_ ** x)) + pow2(x)) + _a7_) * (x * (_a6_ * _a6_)));{'d0': {'_a0_': 4.5478346034184, '_a6_': 1.659323302354506, '_a7_': -0.36612033200322835, '_a1_': 1.0, '_a2_': 1.0, '_a3_': 1.0, '_a4_': 1.0, '_a5_': 1.0}};{'d0': 0.026177459310289745};-277.582065710743;41.956423985729
1044;-74.1568424326040;((tan(-((((x + _a6_) + _a0_) * _a0_))) * sqrt((_a6_ * _a6_))) + (-((_a5_ * x)) + _a3_));{'d0': {'_a0_': -0.46501416071699814, '_a3_': -9.283388174563077, '_a5_': 42.936153269096266, '_a6_': 95.2566804047922, '_a1_': 1.0, '_a2_': 1.0, '_a4_': 1.0, '_a7_': 1.0}};{'d0': 0.02436212993702245};-277.799851185117;64.74308315995455
1045;-74.1568424326040;((tan(-((((x + _a6_) + _a0_) * _a0_))) * sqrt((_a6_ * _a6_))) + (-((_a5_ * x)) + _a3_));{'d0': {'_a0_': -0.46501416071699814, '_a3_': -9.283388174563077, '_a5_': 42.936153269096266, '_a6_': 95.2566804047922, '_a1_': 1.0, '_a2_': 1.0, '_a4_': 1.0, '_a7_': 1.0}};{'d0': 0.02436212993702245};-277.799851185117;64.74308315995455
1046;-74.1568424326040;((tan(-((((x + _a6_) + _a0_) * _a0_))) * sqrt((_a6_ * _a6_))) + (-((_a5_ * x)) + _a3_));{'d0': {'_a0_': -0.46501416071699814, '_a3_': -9.283388174563077, '_a5_': 42.936153269096266, '_a6_': 95.2566804047922, '_a1_': 1.0, '_a2_': 1.0, '_a4_': 1.0, '_a7_': 1.0}};{'d0': 0.02436212993702245};-277.799851185117;64.74308315995455
1047;-74.1568424326040;((tan(-((((x + _a6_) + _a0_) * _a0_))) * sqrt((_a6_ * _a6_))) + (-((_a5_ * x)) + _a3_));{'d0': {'_a0_': -0.46501416071699814, '_a3_': -9.283388174563077, '_a5_': 42.936153269096266, '_a6_': 95.2566804047922, '_a1_': 1.0, '_a2_': 1.0, '_a4_': 1.0, '_a7_': 1.0}};{'d0': 0.02436212993702245};-277.799851185117;64.74308315995455
1048;-74.1568424326040;((tan(-((((x + _a6_) + _a0_) * _a0_))) * sqrt((_a6_ * _a6_))) + (-((_a5_ * x)) + _a3_));{'d0': {'_a0_': -0.46501416071699814, '_a3_': -9.283388174563077, '_a5_': 42.936153269096266, '_a6_': 95.2566804047922, '_a1_': 1.0, '_a2_': 1.0, '_a4_': 1.0, '_a7_': 1.0}};{'d0': 0.02436212993702245};-277.799851185117;64.74308315995455
1049;-74.1568424326040;((tan(-((((x + _a6_) + _a0_) * _a0_))) * sqrt((_a6_ * _a6_))) + (-((_a5_ * x)) + _a3_));{'d0': {'_a0_': -0.46501416071699814, '_a3_': -9.283388174563077, '_a5_': 42.936153269096266, '_a6_': 95.2566804047922, '_a1_': 1.0, '_a2_': 1.0, '_a4_': 1.0, '_a7_': 1.0}};{'d0': 0.02436212993702245};-277.799851185117;64.74308315995455
1050;-74.1568424326040;((tan(-((((x + _a6_) + _a0_) * _a0_))) * sqrt((_a6_ * _a6_))) + (-((_a5_ * x)) + _a3_));{'d0': {'_a0_': -0.46501416071699814, '_a3_': -9.283388174563077, '_a5_': 42.936153269096266, '_a6_': 95.2566804047922, '_a1_': 1.0, '_a2_': 1.0, '_a4_': 1.0, '_a7_': 1.0}};{'d0': 0.02436212993702245};-277.799851185117;64.74308315995455
1051;-74.1568424326040;((tan(-((((x + _a6_) + _a0_) * _a0_))) * sqrt((_a6_ * _a6_))) + (-((_a5_ * x)) + _a3_));{'d0': {'_a0_': -0.46501416071699814, '_a3_': -9.283388174563077, '_a5_': 42.936153269096266, '_a6_': 95.2566804047922, '_a1_': 1.0, '_a2_': 1.0, '_a4_': 1.0, '_a7_': 1.0}};{'d0': 0.02436212993702245};-277.799851185117;64.74308315995455
1052;-74.1568424326040;((tan(-((((x + _a6_) + _a0_) * _a0_))) * sqrt((_a6_ * _a6_))) + (-((_a5_ * x)) + _a3_));{'d0': {'_a0_': -0.46501416071699814, '_a3_': -9.283388174563077, '_a5_': 42.936153269096266, '_a6_': 95.2566804047922, '_a1_': 1.0, '_a2_': 1.0, '_a4_': 1.0, '_a7_': 1.0}};{'d0': 0.02436212993702245};-277.799851185117;64.74308315995455
1053;-74.1568424326040;((tan(-((((x + _a6_) + _a0_) * _a0_))) * sqrt((_a6_ * _a6_))) + (-((_a5_ * x)) + _a3_));{'d0': {'_a0_': -0.46501416071699814, '_a3_': -9.283388174563077, '_a5_': 42.936153269096266, '_a6_': 95.2566804047922, '_a1_': 1.0, '_a2_': 1.0, '_a4_': 1.0, '_a7_': 1.0}};{'d0': 0.02436212993702245};-277.799851185117;64.74308315995455
1054;-74.1568424326040;((tan(-((((x + _a6_) + _a0_) * _a0_))) * sqrt((_a6_ * _a6_))) + (-((_a5_ * x)) + _a3_));{'d0': {'_a0_': -0.46501416071699814, '_a3_': -9.283388174563077, '_a5_': 42.936153269096266, '_a6_': 95.2566804047922, '_a1_': 1.0, '_a2_': 1.0, '_a4_': 1.0, '_a7_': 1.0}};{'d0': 0.02436212993702245};-277.799851185117;64.74308315995455
1055;-74.1568424326040;((tan(-((((x + _a6_) + _a0_) * _a0_))) * sqrt((_a6_ * _a6_))) + (-((_a5_ * x)) + _a3_));{'d0': {'_a0_': -0.46501416071699814, '_a3_': -9.283388174563077, '_a5_': 42.936153269096266, '_a6_': 95.2566804047922, '_a1_': 1.0, '_a2_': 1.0, '_a4_': 1.0, '_a7_': 1.0}};{'d0': 0.02436212993702245};-277.799851185117;64.74308315995455
1056;-74.1568424326040;((tan(-((((x + _a6_) + _a0_) * _a0_))) * sqrt((_a6_ * _a6_))) + (-((_a5_ * x)) + _a3_));{'d0': {'_a0_': -0.46501416071699814, '_a3_': -9.283388174563077, '_a5_': 42.936153269096266, '_a6_': 95.2566804047922, '_a1_': 1.0, '_a2_': 1.0, '_a4_': 1.0, '_a7_': 1.0}};{'d0': 0.02436212993702245};-277.799851185117;64.74308315995455
1057;-74.1568424326040;((tan(-((((x + _a6_) + _a0_) * _a0_))) * sqrt((_a6_ * _a6_))) + (-((_a5_ * x)) + _a3_));{'d0': {'_a0_': -0.46501416071699814, '_a3_': -9.283388174563077, '_a5_': 42.936153269096266, '_a6_': 95.2566804047922, '_a1_': 1.0, '_a2_': 1.0, '_a4_': 1.0, '_a7_': 1.0}};{'d0': 0.02436212993702245};-277.799851185117;64.74308315995455
1058;-74.1568424326040;((tan(-((((x + _a6_) + _a0_) * _a0_))) * sqrt((_a6_ * _a6_))) + (-((_a5_ * x)) + _a3_));{'d0': {'_a0_': -0.46501416071699814, '_a3_': -9.283388174563077, '_a5_': 42.936153269096266, '_a6_': 95.2566804047922, '_a1_': 1.0, '_a2_': 1.0, '_a4_': 1.0, '_a7_': 1.0}};{'d0': 0.02436212993702245};-277.799851185117;64.74308315995455
1059;-74.1568424326040;((tan(-((((x + _a6_) + _a0_) * _a0_))) * sqrt((_a6_ * _a6_))) + (-((_a5_ * x)) + _a3_));{'d0': {'_a0_': -0.46501416071699814, '_a3_': -9.283388174563077, '_a5_': 42.936153269096266, '_a6_': 95.2566804047922, '_a1_': 1.0, '_a2_': 1.0, '_a4_': 1.0, '_a7_': 1.0}};{'d0': 0.02436212993702245};-277.799851185117;64.74308315995455
1060;-74.1568424326040;((tan(-((((x + _a6_) + _a0_) * _a0_))) * sqrt((_a6_ * _a6_))) + (-((_a5_ * x)) + _a3_));{'d0': {'_a0_': -0.46501416071699814, '_a3_': -9.283388174563077, '_a5_': 42.936153269096266, '_a6_': 95.2566804047922, '_a1_': 1.0, '_a2_': 1.0, '_a4_': 1.0, '_a7_': 1.0}};{'d0': 0.02436212993702245};-277.799851185117;64.74308315995455
1061;-74.1568424326040;((tan(-((((x + _a6_) + _a0_) * _a0_))) * sqrt((_a6_ * _a6_))) + (-((_a5_ * x)) + _a3_));{'d0': {'_a0_': -0.46501416071699814, '_a3_': -9.283388174563077, '_a5_': 42.936153269096266, '_a6_': 95.2566804047922, '_a1_': 1.0, '_a2_': 1.0, '_a4_': 1.0, '_a7_': 1.0}};{'d0': 0.02436212993702245};-277.799851185117;64.74308315995455
1062;-74.1568424326040;((tan(-((((x + _a6_) + _a0_) * _a0_))) * sqrt((_a6_ * _a6_))) + (-((_a5_ * x)) + _a3_));{'d0': {'_a0_': -0.46501416071699814, '_a3_': -9.283388174563077, '_a5_': 42.936153269096266, '_a6_': 95.2566804047922, '_a1_': 1.0, '_a2_': 1.0, '_a4_': 1.0, '_a7_': 1.0}};{'d0': 0.02436212993702245};-277.799851185117;64.74308315995455
1063;-74.1568424326040;((tan(-((((x + _a6_) + _a0_) * _a0_))) * sqrt((_a6_ * _a6_))) + (-((_a5_ * x)) + _a3_));{'d0': {'_a0_': -0.46501416071699814, '_a3_': -9.283388174563077, '_a5_': 42.936153269096266, '_a6_': 95.2566804047922, '_a1_': 1.0, '_a2_': 1.0, '_a4_': 1.0, '_a7_': 1.0}};{'d0': 0.02436212993702245};-277.799851185117;64.74308315995455
1064;-74.1568424326040;((tan(-((((x + _a6_) + _a0_) * _a0_))) * sqrt((_a6_ * _a6_))) + (-((_a5_ * x)) + _a3_));{'d0': {'_a0_': -0.46501416071699814, '_a3_': -9.283388174563077, '_a5_': 42.936153269096266, '_a6_': 95.2566804047922, '_a1_': 1.0, '_a2_': 1.0, '_a4_': 1.0, '_a7_': 1.0}};{'d0': 0.02436212993702245};-277.799851185117;64.74308315995455
1065;-74.1568424326040;((tan(-((((x + _a6_) + _a0_) * _a0_))) * sqrt((_a6_ * _a6_))) + (-((_a5_ * x)) + _a3_));{'d0': {'_a0_': -0.46501416071699814, '_a3_': -9.283388174563077, '_a5_': 42.936153269096266, '_a6_': 95.2566804047922, '_a1_': 1.0, '_a2_': 1.0, '_a4_': 1.0, '_a7_': 1.0}};{'d0': 0.02436212993702245};-277.799851185117;64.74308315995455
1066;-74.1568424326040;((tan(-((((x + _a6_) + _a0_) * _a0_))) * sqrt((_a6_ * _a6_))) + (-((_a5_ * x)) + _a3_));{'d0': {'_a0_': -0.46501416071699814, '_a3_': -9.283388174563077, '_a5_': 42.936153269096266, '_a6_': 95.2566804047922, '_a1_': 1.0, '_a2_': 1.0, '_a4_': 1.0, '_a7_': 1.0}};{'d0': 0.02436212993702245};-277.799851185117;64.74308315995455
1067;-74.1568424326040;((tan(-((((x + _a6_) + _a0_) * _a0_))) * sqrt((_a6_ * _a6_))) + (-((_a5_ * x)) + _a3_));{'d0': {'_a0_': -0.46501416071699814, '_a3_': -9.283388174563077, '_a5_': 42.936153269096266, '_a6_': 95.2566804047922, '_a1_': 1.0, '_a2_': 1.0, '_a4_': 1.0, '_a7_': 1.0}};{'d0': 0.02436212993702245};-277.799851185117;64.74308315995455
1068;-74.1568424326040;((tan(-((((x + _a6_) + _a0_) * _a0_))) * sqrt((_a6_ * _a6_))) + (-((_a5_ * x)) + _a3_));{'d0': {'_a0_': -0.46501416071699814, '_a3_': -9.283388174563077, '_a5_': 42.936153269096266, '_a6_': 95.2566804047922, '_a1_': 1.0, '_a2_': 1.0, '_a4_': 1.0, '_a7_': 1.0}};{'d0': 0.02436212993702245};-277.799851185117;64.74308315995455
1069;-74.1568424326040;((tan(-((((x + _a6_) + _a0_) * _a0_))) * sqrt((_a6_ * _a6_))) + (-((_a5_ * x)) + _a3_));{'d0': {'_a0_': -0.46501416071699814, '_a3_': -9.283388174563077, '_a5_': 42.936153269096266, '_a6_': 95.2566804047922, '_a1_': 1.0, '_a2_': 1.0, '_a4_': 1.0, '_a7_': 1.0}};{'d0': 0.02436212993702245};-277.799851185117;64.74308315995455
1070;-74.1568424326040;((tan(-((((x + _a6_) + _a0_) * _a0_))) * sqrt((_a6_ * _a6_))) + (-((_a5_ * x)) + _a3_));{'d0': {'_a0_': -0.46501416071699814, '_a3_': -9.283388174563077, '_a5_': 42.936153269096266, '_a6_': 95.2566804047922, '_a1_': 1.0, '_a2_': 1.0, '_a4_': 1.0, '_a7_': 1.0}};{'d0': 0.02436212993702245};-277.799851185117;64.74308315995455
1071;-74.1568424326040;((tan(-((((x + _a6_) + _a0_) * _a0_))) * sqrt((_a6_ * _a6_))) + (-((_a5_ * x)) + _a3_));{'d0': {'_a0_': -0.46501416071699814, '_a3_': -9.283388174563077, '_a5_': 42.936153269096266, '_a6_': 95.2566804047922, '_a1_': 1.0, '_a2_': 1.0, '_a4_': 1.0, '_a7_': 1.0}};{'d0': 0.02436212993702245};-277.799851185117;64.74308315995455
1072;-74.1568424326040;((tan(-((((x + _a6_) + _a0_) * _a0_))) * sqrt((_a6_ * _a6_))) + (-((_a5_ * x)) + _a3_));{'d0': {'_a0_': -0.46501416071699814, '_a3_': -9.283388174563077, '_a5_': 42.936153269096266, '_a6_': 95.2566804047922, '_a1_': 1.0, '_a2_': 1.0, '_a4_': 1.0, '_a7_': 1.0}};{'d0': 0.02436212993702245};-277.799851185117;64.74308315995455
1073;-74.1568424326040;((tan(-((((x + _a6_) + _a0_) * _a0_))) * sqrt((_a6_ * _a6_))) + (-((_a5_ * x)) + _a3_));{'d0': {'_a0_': -0.46501416071699814, '_a3_': -9.283388174563077, '_a5_': 42.936153269096266, '_a6_': 95.2566804047922, '_a1_': 1.0, '_a2_': 1.0, '_a4_': 1.0, '_a7_': 1.0}};{'d0': 0.02436212993702245};-277.799851185117;64.74308315995455
1074;-74.1568424326040;((tan(-((((x + _a6_) + _a0_) * _a0_))) * sqrt((_a6_ * _a6_))) + (-((_a5_ * x)) + _a3_));{'d0': {'_a0_': -0.46501416071699814, '_a3_': -9.283388174563077, '_a5_': 42.936153269096266, '_a6_': 95.2566804047922, '_a1_': 1.0, '_a2_': 1.0, '_a4_': 1.0, '_a7_': 1.0}};{'d0': 0.02436212993702245};-277.799851185117;64.74308315995455
1075;-74.1568424326040;((tan(-((((x + _a6_) + _a0_) * _a0_))) * sqrt((_a6_ * _a6_))) + (-((_a5_ * x)) + _a3_));{'d0': {'_a0_': -0.46501416071699814, '_a3_': -9.283388174563077, '_a5_': 42.936153269096266, '_a6_': 95.2566804047922, '_a1_': 1.0, '_a2_': 1.0, '_a4_': 1.0, '_a7_': 1.0}};{'d0': 0.02436212993702245};-277.799851185117;64.74308315995455
1076;-74.1568424326040;((tan(-((((x + _a6_) + _a0_) * _a0_))) * sqrt((_a6_ * _a6_))) + (-((_a5_ * x)) + _a3_));{'d0': {'_a0_': -0.46501416071699814, '_a3_': -9.283388174563077, '_a5_': 42.936153269096266, '_a6_': 95.2566804047922, '_a1_': 1.0, '_a2_': 1.0, '_a4_': 1.0, '_a7_': 1.0}};{'d0': 0.02436212993702245};-277.799851185117;64.74308315995455
1077;-74.1568424326040;((tan(-((((x + _a6_) + _a0_) * _a0_))) * sqrt((_a6_ * _a6_))) + (-((_a5_ * x)) + _a3_));{'d0': {'_a0_': -0.46501416071699814, '_a3_': -9.283388174563077, '_a5_': 42.936153269096266, '_a6_': 95.2566804047922, '_a1_': 1.0, '_a2_': 1.0, '_a4_': 1.0, '_a7_': 1.0}};{'d0': 0.02436212993702245};-277.799851185117;64.74308315995455
1078;-74.1568424326040;((tan(-((((x + _a6_) + _a0_) * _a0_))) * sqrt((_a6_ * _a6_))) + (-((_a5_ * x)) + _a3_));{'d0': {'_a0_': -0.46501416071699814, '_a3_': -9.283388174563077, '_a5_': 42.936153269096266, '_a6_': 95.2566804047922, '_a1_': 1.0, '_a2_': 1.0, '_a4_': 1.0, '_a7_': 1.0}};{'d0': 0.02436212993702245};-277.799851185117;64.74308315995455
1079;-74.1568424326040;((tan(-((((x + _a6_) + _a0_) * _a0_))) * sqrt((_a6_ * _a6_))) + (-((_a5_ * x)) + _a3_));{'d0': {'_a0_': -0.46501416071699814, '_a3_': -9.283388174563077, '_a5_': 42.936153269096266, '_a6_': 95.2566804047922, '_a1_': 1.0, '_a2_': 1.0, '_a4_': 1.0, '_a7_': 1.0}};{'d0': 0.02436212993702245};-277.799851185117;64.74308315995455
1080;-74.1568424326040;((tan(-((((x + _a6_) + _a0_) * _a0_))) * sqrt((_a6_ * _a6_))) + (-((_a5_ * x)) + _a3_));{'d0': {'_a0_': -0.46501416071699814, '_a3_': -9.283388174563077, '_a5_': 42.936153269096266, '_a6_': 95.2566804047922, '_a1_': 1.0, '_a2_': 1.0, '_a4_': 1.0, '_a7_': 1.0}};{'d0': 0.02436212993702245};-277.799851185117;64.74308315995455
1081;-74.1568424326040;((tan(-((((x + _a6_) + _a0_) * _a0_))) * sqrt((_a6_ * _a6_))) + (-((_a5_ * x)) + _a3_));{'d0': {'_a0_': -0.46501416071699814, '_a3_': -9.283388174563077, '_a5_': 42.936153269096266, '_a6_': 95.2566804047922, '_a1_': 1.0, '_a2_': 1.0, '_a4_': 1.0, '_a7_': 1.0}};{'d0': 0.02436212993702245};-277.799851185117;64.74308315995455
1082;-74.1568424326040;((tan(-((((x + _a6_) + _a0_) * _a0_))) * sqrt((_a6_ * _a6_))) + (-((_a5_ * x)) + _a3_));{'d0': {'_a0_': -0.46501416071699814, '_a3_': -9.283388174563077, '_a5_': 42.936153269096266, '_a6_': 95.2566804047922, '_a1_': 1.0, '_a2_': 1.0, '_a4_': 1.0, '_a7_': 1.0}};{'d0': 0.02436212993702245};-277.799851185117;64.74308315995455
1083;-74.1568424326040;((tan(-((((x + _a6_) + _a0_) * _a0_))) * sqrt((_a6_ * _a6_))) + (-((_a5_ * x)) + _a3_));{'d0': {'_a0_': -0.46501416071699814, '_a3_': -9.283388174563077, '_a5_': 42.936153269096266, '_a6_': 95.2566804047922, '_a1_': 1.0, '_a2_': 1.0, '_a4_': 1.0, '_a7_': 1.0}};{'d0': 0.02436212993702245};-277.799851185117;64.74308315995455
1084;-74.1568424326040;((tan(-((((x + _a6_) + _a0_) * _a0_))) * sqrt((_a6_ * _a6_))) + (-((_a5_ * x)) + _a3_));{'d0': {'_a0_': -0.46501416071699814, '_a3_': -9.283388174563077, '_a5_': 42.936153269096266, '_a6_': 95.2566804047922, '_a1_': 1.0, '_a2_': 1.0, '_a4_': 1.0, '_a7_': 1.0}};{'d0': 0.02436212993702245};-277.799851185117;64.74308315995455
1085;-74.1568424326040;((tan(-((((x + _a6_) + _a0_) * _a0_))) * sqrt((_a6_ * _a6_))) + (-((_a5_ * x)) + _a3_));{'d0': {'_a0_': -0.46501416071699814, '_a3_': -9.283388174563077, '_a5_': 42.936153269096266, '_a6_': 95.2566804047922, '_a1_': 1.0, '_a2_': 1.0, '_a4_': 1.0, '_a7_': 1.0}};{'d0': 0.02436212993702245};-277.799851185117;64.74308315995455
1086;-74.1568424326040;((tan(-((((x + _a6_) + _a0_) * _a0_))) * sqrt((_a6_ * _a6_))) + (-((_a5_ * x)) + _a3_));{'d0': {'_a0_': -0.46501416071699814, '_a3_': -9.283388174563077, '_a5_': 42.936153269096266, '_a6_': 95.2566804047922, '_a1_': 1.0, '_a2_': 1.0, '_a4_': 1.0, '_a7_': 1.0}};{'d0': 0.02436212993702245};-277.799851185117;64.74308315995455
1087;-74.1568424326040;((tan(-((((x + _a6_) + _a0_) * _a0_))) * sqrt((_a6_ * _a6_))) + (-((_a5_ * x)) + _a3_));{'d0': {'_a0_': -0.46501416071699814, '_a3_': -9.283388174563077, '_a5_': 42.936153269096266, '_a6_': 95.2566804047922, '_a1_': 1.0, '_a2_': 1.0, '_a4_': 1.0, '_a7_': 1.0}};{'d0': 0.02436212993702245};-277.799851185117;64.74308315995455
1088;-74.1568424326040;((tan(-((((x + _a6_) + _a0_) * _a0_))) * sqrt((_a6_ * _a6_))) + (-((_a5_ * x)) + _a3_));{'d0': {'_a0_': -0.46501416071699814, '_a3_': -9.283388174563077, '_a5_': 42.936153269096266, '_a6_': 95.2566804047922, '_a1_': 1.0, '_a2_': 1.0, '_a4_': 1.0, '_a7_': 1.0}};{'d0': 0.02436212993702245};-277.799851185117;64.74308315995455
1089;-74.1568424326040;((tan(-((((x + _a6_) + _a0_) * _a0_))) * sqrt((_a6_ * _a6_))) + (-((_a5_ * x)) + _a3_));{'d0': {'_a0_': -0.46501416071699814, '_a3_': -9.283388174563077, '_a5_': 42.936153269096266, '_a6_': 95.2566804047922, '_a1_': 1.0, '_a2_': 1.0, '_a4_': 1.0, '_a7_': 1.0}};{'d0': 0.02436212993702245};-277.799851185117;64.74308315995455
1090;-74.1568424326040;((tan(-((((x + _a6_) + _a0_) * _a0_))) * sqrt((_a6_ * _a6_))) + (-((_a5_ * x)) + _a3_));{'d0': {'_a0_': -0.46501416071699814, '_a3_': -9.283388174563077, '_a5_': 42.936153269096266, '_a6_': 95.2566804047922, '_a1_': 1.0, '_a2_': 1.0, '_a4_': 1.0, '_a7_': 1.0}};{'d0': 0.02436212993702245};-277.799851185117;64.74308315995455
1091;-74.1568424326040;((tan(-((((x + _a6_) + _a0_) * _a0_))) * sqrt((_a6_ * _a6_))) + (-((_a5_ * x)) + _a3_));{'d0': {'_a0_': -0.46501416071699814, '_a3_': -9.283388174563077, '_a5_': 42.936153269096266, '_a6_': 95.2566804047922, '_a1_': 1.0, '_a2_': 1.0, '_a4_': 1.0, '_a7_': 1.0}};{'d0': 0.02436212993702245};-277.799851185117;64.74308315995455
1092;-74.1568424326040;((tan(-((((x + _a6_) + _a0_) * _a0_))) * sqrt((_a6_ * _a6_))) + (-((_a5_ * x)) + _a3_));{'d0': {'_a0_': -0.46501416071699814, '_a3_': -9.283388174563077, '_a5_': 42.936153269096266, '_a6_': 95.2566804047922, '_a1_': 1.0, '_a2_': 1.0, '_a4_': 1.0, '_a7_': 1.0}};{'d0': 0.02436212993702245};-277.799851185117;64.74308315995455
1093;-74.1568424326040;((tan(-((((x + _a6_) + _a0_) * _a0_))) * sqrt((_a6_ * _a6_))) + (-((_a5_ * x)) + _a3_));{'d0': {'_a0_': -0.46501416071699814, '_a3_': -9.283388174563077, '_a5_': 42.936153269096266, '_a6_': 95.2566804047922, '_a1_': 1.0, '_a2_': 1.0, '_a4_': 1.0, '_a7_': 1.0}};{'d0': 0.02436212993702245};-277.799851185117;64.74308315995455
1094;-74.1568424326040;((tan(-((((x + _a6_) + _a0_) * _a0_))) * sqrt((_a6_ * _a6_))) + (-((_a5_ * x)) + _a3_));{'d0': {'_a0_': -0.46501416071699814, '_a3_': -9.283388174563077, '_a5_': 42.936153269096266, '_a6_': 95.2566804047922, '_a1_': 1.0, '_a2_': 1.0, '_a4_': 1.0, '_a7_': 1.0}};{'d0': 0.02436212993702245};-277.799851185117;64.74308315995455
1095;-74.1568424326040;((tan(-((((x + _a6_) + _a0_) * _a0_))) * sqrt((_a6_ * _a6_))) + (-((_a5_ * x)) + _a3_));{'d0': {'_a0_': -0.46501416071699814, '_a3_': -9.283388174563077, '_a5_': 42.936153269096266, '_a6_': 95.2566804047922, '_a1_': 1.0, '_a2_': 1.0, '_a4_': 1.0, '_a7_': 1.0}};{'d0': 0.02436212993702245};-277.799851185117;64.74308315995455
1096;-74.1568424326040;((tan(-((((x + _a6_) + _a0_) * _a0_))) * sqrt((_a6_ * _a6_))) + (-((_a5_ * x)) + _a3_));{'d0': {'_a0_': -0.46501416071699814, '_a3_': -9.283388174563077, '_a5_': 42.936153269096266, '_a6_': 95.2566804047922, '_a1_': 1.0, '_a2_': 1.0, '_a4_': 1.0, '_a7_': 1.0}};{'d0': 0.02436212993702245};-277.799851185117;64.74308315995455
1097;-74.1568424326040;((tan(-((((x + _a6_) + _a0_) * _a0_))) * sqrt((_a6_ * _a6_))) + (-((_a5_ * x)) + _a3_));{'d0': {'_a0_': -0.46501416071699814, '_a3_': -9.283388174563077, '_a5_': 42.936153269096266, '_a6_': 95.2566804047922, '_a1_': 1.0, '_a2_': 1.0, '_a4_': 1.0, '_a7_': 1.0}};{'d0': 0.02436212993702245};-277.799851185117;64.74308315995455
1098;-74.1568424326040;((tan(-((((x + _a6_) + _a0_) * _a0_))) * sqrt((_a6_ * _a6_))) + (-((_a5_ * x)) + _a3_));{'d0': {'_a0_': -0.46501416071699814, '_a3_': -9.283388174563077, '_a5_': 42.936153269096266, '_a6_': 95.2566804047922, '_a1_': 1.0, '_a2_': 1.0, '_a4_': 1.0, '_a7_': 1.0}};{'d0': 0.02436212993702245};-277.799851185117;64.74308315995455
1099;-74.1568424326040;((tan(-((((x + _a6_) + _a0_) * _a0_))) * sqrt((_a6_ * _a6_))) + (-((_a5_ * x)) + _a3_));{'d0': {'_a0_': -0.46501416071699814, '_a3_': -9.283388174563077, '_a5_': 42.936153269096266, '_a6_': 95.2566804047922, '_a1_': 1.0, '_a2_': 1.0, '_a4_': 1.0, '_a7_': 1.0}};{'d0': 0.02436212993702245};-277.799851185117;64.74308315995455
1100;-74.1568424326040;((tan(-((((x + _a6_) + _a0_) * _a0_))) * sqrt((_a6_ * _a6_))) + (-((_a5_ * x)) + _a3_));{'d0': {'_a0_': -0.46501416071699814, '_a3_': -9.283388174563077, '_a5_': 42.936153269096266, '_a6_': 95.2566804047922, '_a1_': 1.0, '_a2_': 1.0, '_a4_': 1.0, '_a7_': 1.0}};{'d0': 0.02436212993702245};-277.799851185117;64.74308315995455
1101;-74.1568424326040;((tan(-((((x + _a6_) + _a0_) * _a0_))) * sqrt((_a6_ * _a6_))) + (-((_a5_ * x)) + _a3_));{'d0': {'_a0_': -0.46501416071699814, '_a3_': -9.283388174563077, '_a5_': 42.936153269096266, '_a6_': 95.2566804047922, '_a1_': 1.0, '_a2_': 1.0, '_a4_': 1.0, '_a7_': 1.0}};{'d0': 0.02436212993702245};-277.799851185117;64.74308315995455
1102;-74.1568424326040;((tan(-((((x + _a6_) + _a0_) * _a0_))) * sqrt((_a6_ * _a6_))) + (-((_a5_ * x)) + _a3_));{'d0': {'_a0_': -0.46501416071699814, '_a3_': -9.283388174563077, '_a5_': 42.936153269096266, '_a6_': 95.2566804047922, '_a1_': 1.0, '_a2_': 1.0, '_a4_': 1.0, '_a7_': 1.0}};{'d0': 0.02436212993702245};-277.799851185117;64.74308315995455
1103;-74.1568424326040;((tan(-((((x + _a6_) + _a0_) * _a0_))) * sqrt((_a6_ * _a6_))) + (-((_a5_ * x)) + _a3_));{'d0': {'_a0_': -0.46501416071699814, '_a3_': -9.283388174563077, '_a5_': 42.936153269096266, '_a6_': 95.2566804047922, '_a1_': 1.0, '_a2_': 1.0, '_a4_': 1.0, '_a7_': 1.0}};{'d0': 0.02436212993702245};-277.799851185117;64.74308315995455
1104;-74.1568424326040;((tan(-((((x + _a6_) + _a0_) * _a0_))) * sqrt((_a6_ * _a6_))) + (-((_a5_ * x)) + _a3_));{'d0': {'_a0_': -0.46501416071699814, '_a3_': -9.283388174563077, '_a5_': 42.936153269096266, '_a6_': 95.2566804047922, '_a1_': 1.0, '_a2_': 1.0, '_a4_': 1.0, '_a7_': 1.0}};{'d0': 0.02436212993702245};-277.799851185117;64.74308315995455
1105;-74.1568424326040;((tan(-((((x + _a6_) + _a0_) * _a0_))) * sqrt((_a6_ * _a6_))) + (-((_a5_ * x)) + _a3_));{'d0': {'_a0_': -0.46501416071699814, '_a3_': -9.283388174563077, '_a5_': 42.936153269096266, '_a6_': 95.2566804047922, '_a1_': 1.0, '_a2_': 1.0, '_a4_': 1.0, '_a7_': 1.0}};{'d0': 0.02436212993702245};-277.799851185117;64.74308315995455
1106;-74.1568424326040;((tan(-((((x + _a6_) + _a0_) * _a0_))) * sqrt((_a6_ * _a6_))) + (-((_a5_ * x)) + _a3_));{'d0': {'_a0_': -0.46501416071699814, '_a3_': -9.283388174563077, '_a5_': 42.936153269096266, '_a6_': 95.2566804047922, '_a1_': 1.0, '_a2_': 1.0, '_a4_': 1.0, '_a7_': 1.0}};{'d0': 0.02436212993702245};-277.799851185117;64.74308315995455
1107;-74.1568424326040;((tan(-((((x + _a6_) + _a0_) * _a0_))) * sqrt((_a6_ * _a6_))) + (-((_a5_ * x)) + _a3_));{'d0': {'_a0_': -0.46501416071699814, '_a3_': -9.283388174563077, '_a5_': 42.936153269096266, '_a6_': 95.2566804047922, '_a1_': 1.0, '_a2_': 1.0, '_a4_': 1.0, '_a7_': 1.0}};{'d0': 0.02436212993702245};-277.799851185117;64.74308315995455
1108;-74.1568424326040;((tan(-((((x + _a6_) + _a0_) * _a0_))) * sqrt((_a6_ * _a6_))) + (-((_a5_ * x)) + _a3_));{'d0': {'_a0_': -0.46501416071699814, '_a3_': -9.283388174563077, '_a5_': 42.936153269096266, '_a6_': 95.2566804047922, '_a1_': 1.0, '_a2_': 1.0, '_a4_': 1.0, '_a7_': 1.0}};{'d0': 0.02436212993702245};-277.799851185117;64.74308315995455
1109;-74.1568424326040;((tan(-((((x + _a6_) + _a0_) * _a0_))) * sqrt((_a6_ * _a6_))) + (-((_a5_ * x)) + _a3_));{'d0': {'_a0_': -0.46501416071699814, '_a3_': -9.283388174563077, '_a5_': 42.936153269096266, '_a6_': 95.2566804047922, '_a1_': 1.0, '_a2_': 1.0, '_a4_': 1.0, '_a7_': 1.0}};{'d0': 0.02436212993702245};-277.799851185117;64.74308315995455
1110;-74.1568424326040;((tan(-((((x + _a6_) + _a0_) * _a0_))) * sqrt((_a6_ * _a6_))) + (-((_a5_ * x)) + _a3_));{'d0': {'_a0_': -0.46501416071699814, '_a3_': -9.283388174563077, '_a5_': 42.936153269096266, '_a6_': 95.2566804047922, '_a1_': 1.0, '_a2_': 1.0, '_a4_': 1.0, '_a7_': 1.0}};{'d0': 0.02436212993702245};-277.799851185117;64.74308315995455
1111;-74.1568424326040;((tan(-((((x + _a6_) + _a0_) * _a0_))) * sqrt((_a6_ * _a6_))) + (-((_a5_ * x)) + _a3_));{'d0': {'_a0_': -0.46501416071699814, '_a3_': -9.283388174563077, '_a5_': 42.936153269096266, '_a6_': 95.2566804047922, '_a1_': 1.0, '_a2_': 1.0, '_a4_': 1.0, '_a7_': 1.0}};{'d0': 0.02436212993702245};-277.799851185117;64.74308315995455
1112;-74.1568424326040;((tan(-((((x + _a6_) + _a0_) * _a0_))) * sqrt((_a6_ * _a6_))) + (-((_a5_ * x)) + _a3_));{'d0': {'_a0_': -0.46501416071699814, '_a3_': -9.283388174563077, '_a5_': 42.936153269096266, '_a6_': 95.2566804047922, '_a1_': 1.0, '_a2_': 1.0, '_a4_': 1.0, '_a7_': 1.0}};{'d0': 0.02436212993702245};-277.799851185117;64.74308315995455
1113;-74.1568424326040;((tan(-((((x + _a6_) + _a0_) * _a0_))) * sqrt((_a6_ * _a6_))) + (-((_a5_ * x)) + _a3_));{'d0': {'_a0_': -0.46501416071699814, '_a3_': -9.283388174563077, '_a5_': 42.936153269096266, '_a6_': 95.2566804047922, '_a1_': 1.0, '_a2_': 1.0, '_a4_': 1.0, '_a7_': 1.0}};{'d0': 0.02436212993702245};-277.799851185117;64.74308315995455
1114;-74.1568424326040;((tan(-((((x + _a6_) + _a0_) * _a0_))) * sqrt((_a6_ * _a6_))) + (-((_a5_ * x)) + _a3_));{'d0': {'_a0_': -0.46501416071699814, '_a3_': -9.283388174563077, '_a5_': 42.936153269096266, '_a6_': 95.2566804047922, '_a1_': 1.0, '_a2_': 1.0, '_a4_': 1.0, '_a7_': 1.0}};{'d0': 0.02436212993702245};-277.799851185117;64.74308315995455
1115;-74.1568424326040;((tan(-((((x + _a6_) + _a0_) * _a0_))) * sqrt((_a6_ * _a6_))) + (-((_a5_ * x)) + _a3_));{'d0': {'_a0_': -0.46501416071699814, '_a3_': -9.283388174563077, '_a5_': 42.936153269096266, '_a6_': 95.2566804047922, '_a1_': 1.0, '_a2_': 1.0, '_a4_': 1.0, '_a7_': 1.0}};{'d0': 0.02436212993702245};-277.799851185117;64.74308315995455
1116;-74.1568424326040;((tan(-((((x + _a6_) + _a0_) * _a0_))) * sqrt((_a6_ * _a6_))) + (-((_a5_ * x)) + _a3_));{'d0': {'_a0_': -0.46501416071699814, '_a3_': -9.283388174563077, '_a5_': 42.936153269096266, '_a6_': 95.2566804047922, '_a1_': 1.0, '_a2_': 1.0, '_a4_': 1.0, '_a7_': 1.0}};{'d0': 0.02436212993702245};-277.799851185117;64.74308315995455
1117;-74.1568424326040;((tan(-((((x + _a6_) + _a0_) * _a0_))) * sqrt((_a6_ * _a6_))) + (-((_a5_ * x)) + _a3_));{'d0': {'_a0_': -0.46501416071699814, '_a3_': -9.283388174563077, '_a5_': 42.936153269096266, '_a6_': 95.2566804047922, '_a1_': 1.0, '_a2_': 1.0, '_a4_': 1.0, '_a7_': 1.0}};{'d0': 0.02436212993702245};-277.799851185117;64.74308315995455
1118;-74.1568424326040;((tan(-((((x + _a6_) + _a0_) * _a0_))) * sqrt((_a6_ * _a6_))) + (-((_a5_ * x)) + _a3_));{'d0': {'_a0_': -0.46501416071699814, '_a3_': -9.283388174563077, '_a5_': 42.936153269096266, '_a6_': 95.2566804047922, '_a1_': 1.0, '_a2_': 1.0, '_a4_': 1.0, '_a7_': 1.0}};{'d0': 0.02436212993702245};-277.799851185117;64.74308315995455
1119;-74.1568424326040;((tan(-((((x + _a6_) + _a0_) * _a0_))) * sqrt((_a6_ * _a6_))) + (-((_a5_ * x)) + _a3_));{'d0': {'_a0_': -0.46501416071699814, '_a3_': -9.283388174563077, '_a5_': 42.936153269096266, '_a6_': 95.2566804047922, '_a1_': 1.0, '_a2_': 1.0, '_a4_': 1.0, '_a7_': 1.0}};{'d0': 0.02436212993702245};-277.799851185117;64.74308315995455
1120;-74.1568424326040;((tan(-((((x + _a6_) + _a0_) * _a0_))) * sqrt((_a6_ * _a6_))) + (-((_a5_ * x)) + _a3_));{'d0': {'_a0_': -0.46501416071699814, '_a3_': -9.283388174563077, '_a5_': 42.936153269096266, '_a6_': 95.2566804047922, '_a1_': 1.0, '_a2_': 1.0, '_a4_': 1.0, '_a7_': 1.0}};{'d0': 0.02436212993702245};-277.799851185117;64.74308315995455
1121;-74.1568424326040;((tan(-((((x + _a6_) + _a0_) * _a0_))) * sqrt((_a6_ * _a6_))) + (-((_a5_ * x)) + _a3_));{'d0': {'_a0_': -0.46501416071699814, '_a3_': -9.283388174563077, '_a5_': 42.936153269096266, '_a6_': 95.2566804047922, '_a1_': 1.0, '_a2_': 1.0, '_a4_': 1.0, '_a7_': 1.0}};{'d0': 0.02436212993702245};-277.799851185117;64.74308315995455
1122;-74.1568424326040;((tan(-((((x + _a6_) + _a0_) * _a0_))) * sqrt((_a6_ * _a6_))) + (-((_a5_ * x)) + _a3_));{'d0': {'_a0_': -0.46501416071699814, '_a3_': -9.283388174563077, '_a5_': 42.936153269096266, '_a6_': 95.2566804047922, '_a1_': 1.0, '_a2_': 1.0, '_a4_': 1.0, '_a7_': 1.0}};{'d0': 0.02436212993702245};-277.799851185117;64.74308315995455
1123;-74.1568424326040;((tan(-((((x + _a6_) + _a0_) * _a0_))) * sqrt((_a6_ * _a6_))) + (-((_a5_ * x)) + _a3_));{'d0': {'_a0_': -0.46501416071699814, '_a3_': -9.283388174563077, '_a5_': 42.936153269096266, '_a6_': 95.2566804047922, '_a1_': 1.0, '_a2_': 1.0, '_a4_': 1.0, '_a7_': 1.0}};{'d0': 0.02436212993702245};-277.799851185117;64.74308315995455
1124;-74.1568424326040;((tan(-((((x + _a6_) + _a0_) * _a0_))) * sqrt((_a6_ * _a6_))) + (-((_a5_ * x)) + _a3_));{'d0': {'_a0_': -0.46501416071699814, '_a3_': -9.283388174563077, '_a5_': 42.936153269096266, '_a6_': 95.2566804047922, '_a1_': 1.0, '_a2_': 1.0, '_a4_': 1.0, '_a7_': 1.0}};{'d0': 0.02436212993702245};-277.799851185117;64.74308315995455
1125;-74.1568424326040;((tan(-((((x + _a6_) + _a0_) * _a0_))) * sqrt((_a6_ * _a6_))) + (-((_a5_ * x)) + _a3_));{'d0': {'_a0_': -0.46501416071699814, '_a3_': -9.283388174563077, '_a5_': 42.936153269096266, '_a6_': 95.2566804047922, '_a1_': 1.0, '_a2_': 1.0, '_a4_': 1.0, '_a7_': 1.0}};{'d0': 0.02436212993702245};-277.799851185117;64.74308315995455
1126;-74.1568424326040;((tan(-((((x + _a6_) + _a0_) * _a0_))) * sqrt((_a6_ * _a6_))) + (-((_a5_ * x)) + _a3_));{'d0': {'_a0_': -0.46501416071699814, '_a3_': -9.283388174563077, '_a5_': 42.936153269096266, '_a6_': 95.2566804047922, '_a1_': 1.0, '_a2_': 1.0, '_a4_': 1.0, '_a7_': 1.0}};{'d0': 0.02436212993702245};-277.799851185117;64.74308315995455
1127;-95.7909904597476;(((sqrt((_a0_ ** x)) + pow2(x)) + _a7_) * (x * (_a6_ + _a6_)));{'d0': {'_a0_': 4.547834607569911, '_a6_': 1.37667690948691, '_a7_': -0.3661203309750626, '_a1_': 1.0, '_a2_': 1.0, '_a3_': 1.0, '_a4_': 1.0, '_a5_': 1.0}};{'d0': 0.026177459310289787};-277.582065710743;43.000042395624
1128;-95.7909904597476;(((sqrt((_a0_ ** x)) + pow2(x)) + _a7_) * (x * (_a6_ + _a6_)));{'d0': {'_a0_': 4.547834607569911, '_a6_': 1.37667690948691, '_a7_': -0.3661203309750626, '_a1_': 1.0, '_a2_': 1.0, '_a3_': 1.0, '_a4_': 1.0, '_a5_': 1.0}};{'d0': 0.026177459310289787};-277.582065710743;43.000042395624
1129;-95.7909904597476;(((sqrt((_a0_ ** x)) + pow2(x)) + _a7_) * (x * (_a6_ + _a6_)));{'d0': {'_a0_': 4.547834607569911, '_a6_': 1.37667690948691, '_a7_': -0.3661203309750626, '_a1_': 1.0, '_a2_': 1.0, '_a3_': 1.0, '_a4_': 1.0, '_a5_': 1.0}};{'d0': 0.026177459310289787};-277.582065710743;43.000042395624
1130;-95.7909904597476;(((sqrt((_a0_ ** x)) + pow2(x)) + _a7_) * (x * (_a6_ + _a6_)));{'d0': {'_a0_': 4.547834607569911, '_a6_': 1.37667690948691, '_a7_': -0.3661203309750626, '_a1_': 1.0, '_a2_': 1.0, '_a3_': 1.0, '_a4_': 1.0, '_a5_': 1.0}};{'d0': 0.026177459310289787};-277.582065710743;43.000042395624
1131;-95.7909904597476;(((sqrt((_a0_ ** x)) + pow2(x)) + _a7_) * (x * (_a6_ + _a6_)));{'d0': {'_a0_': 4.547834607569911, '_a6_': 1.37667690948691, '_a7_': -0.3661203309750626, '_a1_': 1.0, '_a2_': 1.0, '_a3_': 1.0, '_a4_': 1.0, '_a5_': 1.0}};{'d0': 0.026177459310289787};-277.582065710743;43.000042395624
1132;-95.7909904597476;(((sqrt((_a0_ ** x)) + pow2(x)) + _a7_) * (x * (_a6_ + _a6_)));{'d0': {'_a0_': 4.547834607569911, '_a6_': 1.37667690948691, '_a7_': -0.3661203309750626, '_a1_': 1.0, '_a2_': 1.0, '_a3_': 1.0, '_a4_': 1.0, '_a5_': 1.0}};{'d0': 0.026177459310289787};-277.582065710743;43.000042395624
1133;-95.7909904597476;(((sqrt((_a0_ ** x)) + pow2(x)) + _a7_) * (x * (_a6_ + _a6_)));{'d0': {'_a0_': 4.547834607569911, '_a6_': 1.37667690948691, '_a7_': -0.3661203309750626, '_a1_': 1.0, '_a2_': 1.0, '_a3_': 1.0, '_a4_': 1.0, '_a5_': 1.0}};{'d0': 0.026177459310289787};-277.582065710743;43.000042395624
1134;-95.7909904597476;(((sqrt((_a0_ ** x)) + pow2(x)) + _a7_) * (x * (_a0_ + _a6_)));{'d0': {'_a0_': 4.547834617868067, '_a6_': -1.7944808029672856, '_a7_': -0.36612032931566735, '_a1_': 1.0, '_a2_': 1.0, '_a3_': 1.0, '_a4_': 1.0, '_a5_': 1.0}};{'d0': 0.026177459310289777};-277.582065710743;43.000042395624
1135;-95.7909904597476;(((sqrt((_a0_ ** x)) + pow2(x)) + _a7_) * (x * (_a0_ + _a6_)));{'d0': {'_a0_': 4.547834617868067, '_a6_': -1.7944808029672856, '_a7_': -0.36612032931566735, '_a1_': 1.0, '_a2_': 1.0, '_a3_': 1.0, '_a4_': 1.0, '_a5_': 1.0}};{'d0': 0.026177459310289777};-277.582065710743;43.000042395624
1136;-95.7909904597476;(((sqrt((_a0_ ** x)) + pow2(x)) + _a7_) * (x * (_a0_ + _a6_)));{'d0': {'_a0_': 4.547834617868067, '_a6_': -1.7944808029672856, '_a7_': -0.36612032931566735, '_a1_': 1.0, '_a2_': 1.0, '_a3_': 1.0, '_a4_': 1.0, '_a5_': 1.0}};{'d0': 0.026177459310289777};-277.582065710743;43.000042395624
1137;-95.7909904597476;(((sqrt((_a0_ ** x)) + pow2(x)) + _a7_) * (x * (_a0_ + _a6_)));{'d0': {'_a0_': 4.547834617868067, '_a6_': -1.7944808029672856, '_a7_': -0.36612032931566735, '_a1_': 1.0, '_a2_': 1.0, '_a3_': 1.0, '_a4_': 1.0, '_a5_': 1.0}};{'d0': 0.026177459310289777};-277.582065710743;43.000042395624
1138;-95.7909904597476;(((sqrt((_a0_ ** x)) + pow2(x)) + _a7_) * (x * (_a0_ + _a6_)));{'d0': {'_a0_': 4.547834617868067, '_a6_': -1.7944808029672856, '_a7_': -0.36612032931566735, '_a1_': 1.0, '_a2_': 1.0, '_a3_': 1.0, '_a4_': 1.0, '_a5_': 1.0}};{'d0': 0.026177459310289777};-277.582065710743;43.000042395624
1139;-95.7909904597476;(((sqrt((_a0_ ** x)) + pow2(x)) + _a7_) * (x * (_a0_ + _a6_)));{'d0': {'_a0_': 4.547834617868067, '_a6_': -1.7944808029672856, '_a7_': -0.36612032931566735, '_a1_': 1.0, '_a2_': 1.0, '_a3_': 1.0, '_a4_': 1.0, '_a5_': 1.0}};{'d0': 0.026177459310289777};-277.582065710743;43.000042395624
1140;-95.7909904597476;(((sqrt((_a0_ ** x)) + pow2(x)) + _a7_) * (x * (_a0_ + _a6_)));{'d0': {'_a0_': 4.547834617868067, '_a6_': -1.7944808029672856, '_a7_': -0.36612032931566735, '_a1_': 1.0, '_a2_': 1.0, '_a3_': 1.0, '_a4_': 1.0, '_a5_': 1.0}};{'d0': 0.026177459310289777};-277.582065710743;43.000042395624
1141;-95.7909904597476;(((sqrt((_a0_ ** x)) + pow2(x)) + _a7_) * (x * (_a0_ + _a6_)));{'d0': {'_a0_': 4.547834617868067, '_a6_': -1.7944808029672856, '_a7_': -0.36612032931566735, '_a1_': 1.0, '_a2_': 1.0, '_a3_': 1.0, '_a4_': 1.0, '_a5_': 1.0}};{'d0': 0.026177459310289777};-277.582065710743;43.000042395624
1142;-95.7909904597476;(((sqrt((_a0_ ** x)) + pow2(x)) + _a7_) * (x * (_a0_ + _a6_)));{'d0': {'_a0_': 4.547834617868067, '_a6_': -1.7944808029672856, '_a7_': -0.36612032931566735, '_a1_': 1.0, '_a2_': 1.0, '_a3_': 1.0, '_a4_': 1.0, '_a5_': 1.0}};{'d0': 0.026177459310289777};-277.582065710743;43.000042395624
1143;-95.7909904597476;(((sqrt((_a0_ ** x)) + pow2(x)) + _a7_) * (x * (_a0_ + _a6_)));{'d0': {'_a0_': 4.547834617868067, '_a6_': -1.7944808029672856, '_a7_': -0.36612032931566735, '_a1_': 1.0, '_a2_': 1.0, '_a3_': 1.0, '_a4_': 1.0, '_a5_': 1.0}};{'d0': 0.026177459310289777};-277.582065710743;43.000042395624
1144;-95.7909904597476;(((sqrt((_a0_ ** x)) + pow2(x)) + _a7_) * (x * (_a0_ + _a6_)));{'d0': {'_a0_': 4.547834617868067, '_a6_': -1.7944808029672856, '_a7_': -0.36612032931566735, '_a1_': 1.0, '_a2_': 1.0, '_a3_': 1.0, '_a4_': 1.0, '_a5_': 1.0}};{'d0': 0.026177459310289777};-277.582065710743;43.000042395624
1145;-95.7909904597476;(((sqrt((_a0_ ** x)) + pow2(x)) + _a7_) * (x * (_a0_ + _a6_)));{'d0': {'_a0_': 4.547834617868067, '_a6_': -1.7944808029672856, '_a7_': -0.36612032931566735, '_a1_': 1.0, '_a2_': 1.0, '_a3_': 1.0, '_a4_': 1.0, '_a5_': 1.0}};{'d0': 0.026177459310289777};-277.582065710743;43.000042395624
1146;-95.7909904597476;(((sqrt((_a0_ ** x)) + pow2(x)) + _a7_) * (x * (_a0_ + _a6_)));{'d0': {'_a0_': 4.547834617868067, '_a6_': -1.7944808029672856, '_a7_': -0.36612032931566735, '_a1_': 1.0, '_a2_': 1.0, '_a3_': 1.0, '_a4_': 1.0, '_a5_': 1.0}};{'d0': 0.026177459310289777};-277.582065710743;43.000042395624
1147;-95.7909904597476;(((sqrt((_a0_ ** x)) + pow2(x)) + _a7_) * (x * (_a0_ + _a6_)));{'d0': {'_a0_': 4.547834617868067, '_a6_': -1.7944808029672856, '_a7_': -0.36612032931566735, '_a1_': 1.0, '_a2_': 1.0, '_a3_': 1.0, '_a4_': 1.0, '_a5_': 1.0}};{'d0': 0.026177459310289777};-277.582065710743;43.000042395624
1148;-95.7909904597476;(((sqrt((_a0_ ** x)) + pow2(x)) + _a7_) * (x * (_a0_ + _a6_)));{'d0': {'_a0_': 4.547834617868067, '_a6_': -1.7944808029672856, '_a7_': -0.36612032931566735, '_a1_': 1.0, '_a2_': 1.0, '_a3_': 1.0, '_a4_': 1.0, '_a5_': 1.0}};{'d0': 0.026177459310289777};-277.582065710743;43.000042395624
1149;-93.1328565769457;((sinh((_a3_ + (x * _a4_))) * _a6_) + -(_a7_));{'d0': {'_a3_': 0.6703030438165888, '_a4_': 3.1614079268036783, '_a6_': 0.46399591232786624, '_a7_': 0.3194052490929636, '_a0_': 1.0, '_a1_': 1.0, '_a2_': 1.0, '_a5_': 1.0}};{'d0': 0.03628100807638728};-253.903979024420;33.8191329352644
1150;-93.1328565769457;((sinh((_a3_ + (x * _a4_))) * _a6_) + -(_a7_));{'d0': {'_a3_': 0.6703030438165888, '_a4_': 3.1614079268036783, '_a6_': 0.46399591232786624, '_a7_': 0.3194052490929636, '_a0_': 1.0, '_a1_': 1.0, '_a2_': 1.0, '_a5_': 1.0}};{'d0': 0.03628100807638728};-253.903979024420;33.8191329352644
1151;-93.1328565769457;((sinh((_a3_ + (x * _a4_))) * _a6_) + -(_a7_));{'d0': {'_a3_': 0.6703030438165888, '_a4_': 3.1614079268036783, '_a6_': 0.46399591232786624, '_a7_': 0.3194052490929636, '_a0_': 1.0, '_a1_': 1.0, '_a2_': 1.0, '_a5_': 1.0}};{'d0': 0.03628100807638728};-253.903979024420;33.8191329352644
1152;-87.3325648105434;((sinh((_a3_ + (x * (_a3_ / _a5_)))) * _a6_) + -(_a7_));{'d0': {'_a3_': 0.6703030442381412, '_a5_': 0.2120267486073999, '_a6_': 0.463995911590354, '_a7_': 0.3194052489462047, '_a0_': 1.0, '_a1_': 1.0, '_a2_': 1.0, '_a4_': 1.0}};{'d0': 0.03628100807638717};-253.903979024420;39.6194247016668
1153;-87.3325648105434;((sinh((_a3_ + (x * (_a3_ / _a5_)))) * _a6_) + -(_a7_));{'d0': {'_a3_': 0.6703030442381412, '_a5_': 0.2120267486073999, '_a6_': 0.463995911590354, '_a7_': 0.3194052489462047, '_a0_': 1.0, '_a1_': 1.0, '_a2_': 1.0, '_a4_': 1.0}};{'d0': 0.03628100807638717};-253.903979024420;39.6194247016668
1154;-87.3325648105434;((sinh((_a3_ + (x * (_a3_ / _a5_)))) * _a6_) + -(_a7_));{'d0': {'_a3_': 0.6703030442381412, '_a5_': 0.2120267486073999, '_a6_': 0.463995911590354, '_a7_': 0.3194052489462047, '_a0_': 1.0, '_a1_': 1.0, '_a2_': 1.0, '_a4_': 1.0}};{'d0': 0.03628100807638717};-253.903979024420;39.6194247016668
1155;-87.3325648105434;((sinh((_a3_ + (x * (_a3_ / _a5_)))) * _a6_) + -(_a7_));{'d0': {'_a3_': 0.6703030442381412, '_a5_': 0.2120267486073999, '_a6_': 0.463995911590354, '_a7_': 0.3194052489462047, '_a0_': 1.0, '_a1_': 1.0, '_a2_': 1.0, '_a4_': 1.0}};{'d0': 0.03628100807638717};-253.903979024420;39.6194247016668
1156;-87.3325648105434;((sinh((_a3_ + (x * (_a3_ / _a5_)))) * _a6_) + -(_a7_));{'d0': {'_a3_': 0.6703030442381412, '_a5_': 0.2120267486073999, '_a6_': 0.463995911590354, '_a7_': 0.3194052489462047, '_a0_': 1.0, '_a1_': 1.0, '_a2_': 1.0, '_a4_': 1.0}};{'d0': 0.03628100807638717};-253.903979024420;39.6194247016668
1157;-87.3325648105434;((sinh((_a3_ + (x * (_a3_ / _a5_)))) * _a6_) + -(_a7_));{'d0': {'_a3_': 0.6703030442381412, '_a5_': 0.2120267486073999, '_a6_': 0.463995911590354, '_a7_': 0.3194052489462047, '_a0_': 1.0, '_a1_': 1.0, '_a2_': 1.0, '_a4_': 1.0}};{'d0': 0.03628100807638717};-253.903979024420;39.6194247016668
1158;-87.3325648105434;((sinh((_a3_ + (x * (_a3_ / _a5_)))) * _a6_) + -(_a7_));{'d0': {'_a3_': 0.6703030442381412, '_a5_': 0.2120267486073999, '_a6_': 0.463995911590354, '_a7_': 0.3194052489462047, '_a0_': 1.0, '_a1_': 1.0, '_a2_': 1.0, '_a4_': 1.0}};{'d0': 0.03628100807638717};-253.903979024420;39.6194247016668
1159;-87.3325648105434;((sinh((_a3_ + (x * (_a3_ / _a5_)))) * _a6_) + -(_a7_));{'d0': {'_a3_': 0.6703030442381412, '_a5_': 0.2120267486073999, '_a6_': 0.463995911590354, '_a7_': 0.3194052489462047, '_a0_': 1.0, '_a1_': 1.0, '_a2_': 1.0, '_a4_': 1.0}};{'d0': 0.03628100807638717};-253.903979024420;39.6194247016668
1160;-87.3325648105434;((sinh((_a3_ + (x * (_a3_ / _a5_)))) * _a6_) + -(_a7_));{'d0': {'_a3_': 0.6703030442381412, '_a5_': 0.2120267486073999, '_a6_': 0.463995911590354, '_a7_': 0.3194052489462047, '_a0_': 1.0, '_a1_': 1.0, '_a2_': 1.0, '_a4_': 1.0}};{'d0': 0.03628100807638717};-253.903979024420;39.6194247016668
1161;-87.3325648105434;((sinh((_a3_ + (x * (_a3_ / _a5_)))) * _a6_) + -(_a7_));{'d0': {'_a3_': 0.6703030442381412, '_a5_': 0.2120267486073999, '_a6_': 0.463995911590354, '_a7_': 0.3194052489462047, '_a0_': 1.0, '_a1_': 1.0, '_a2_': 1.0, '_a4_': 1.0}};{'d0': 0.03628100807638717};-253.903979024420;39.6194247016668
1162;-87.3325648105434;((sinh((_a3_ + (x * (_a3_ / _a5_)))) * _a6_) + -(_a7_));{'d0': {'_a3_': 0.6703030442381412, '_a5_': 0.2120267486073999, '_a6_': 0.463995911590354, '_a7_': 0.3194052489462047, '_a0_': 1.0, '_a1_': 1.0, '_a2_': 1.0, '_a4_': 1.0}};{'d0': 0.03628100807638717};-253.903979024420;39.6194247016668
1163;-87.3325648105434;((sinh((_a3_ + (x * (_a3_ / _a5_)))) * _a6_) + -(_a7_));{'d0': {'_a3_': 0.6703030442381412, '_a5_': 0.2120267486073999, '_a6_': 0.463995911590354, '_a7_': 0.3194052489462047, '_a0_': 1.0, '_a1_': 1.0, '_a2_': 1.0, '_a4_': 1.0}};{'d0': 0.03628100807638717};-253.903979024420;39.6194247016668
1164;-87.3325648105434;((sinh((_a3_ + (x * (_a3_ / _a5_)))) * _a6_) + -(_a7_));{'d0': {'_a3_': 0.6703030442381412, '_a5_': 0.2120267486073999, '_a6_': 0.463995911590354, '_a7_': 0.3194052489462047, '_a0_': 1.0, '_a1_': 1.0, '_a2_': 1.0, '_a4_': 1.0}};{'d0': 0.03628100807638717};-253.903979024420;39.6194247016668
1165;-87.3325648105434;((sinh((_a3_ + (x * (_a3_ / _a5_)))) * _a6_) + -(_a7_));{'d0': {'_a3_': 0.6703030442381412, '_a5_': 0.2120267486073999, '_a6_': 0.463995911590354, '_a7_': 0.3194052489462047, '_a0_': 1.0, '_a1_': 1.0, '_a2_': 1.0, '_a4_': 1.0}};{'d0': 0.03628100807638717};-253.903979024420;39.6194247016668
1166;-87.3325648105434;((sinh((_a3_ + (x * (_a3_ / _a5_)))) * _a6_) + -(_a7_));{'d0': {'_a3_': 0.6703030442381412, '_a5_': 0.2120267486073999, '_a6_': 0.463995911590354, '_a7_': 0.3194052489462047, '_a0_': 1.0, '_a1_': 1.0, '_a2_': 1.0, '_a4_': 1.0}};{'d0': 0.03628100807638717};-253.903979024420;39.6194247016668
1167;-87.3325648105434;((sinh((_a3_ + (x * (_a3_ / _a5_)))) * _a6_) + -(_a7_));{'d0': {'_a3_': 0.6703030442381412, '_a5_': 0.2120267486073999, '_a6_': 0.463995911590354, '_a7_': 0.3194052489462047, '_a0_': 1.0, '_a1_': 1.0, '_a2_': 1.0, '_a4_': 1.0}};{'d0': 0.03628100807638717};-253.903979024420;39.6194247016668
1168;-86.1355293316693;((sinh((_a3_ + (x * (_a3_ / _a5_)))) * _a6_) + (_a4_ * _a6_));{'d0': {'_a3_': 0.6703030485895248, '_a4_': -0.688379455086226, '_a5_': 0.2120267483851827, '_a6_': 0.46399590429191834, '_a0_': 1.0, '_a1_': 1.0, '_a2_': 1.0, '_a7_': 1.0}};{'d0': 0.03628100807638648};-253.903979024421;40.81646018054141
1169;-91.9358210980311;((sinh((_a3_ + (x * _a1_))) * _a6_) + (_a4_ * _a6_));{'d0': {'_a1_': 3.1614077141613657, '_a3_': 0.670302996005653, '_a4_': -0.6883793524774079, '_a6_': 0.4639959768252054, '_a0_': 1.0, '_a2_': 1.0, '_a5_': 1.0, '_a7_': 1.0}};{'d0': 0.03628100807643563};-253.903979024340;35.01616841413901
1170;-91.9358210980311;((sinh((_a3_ + (x * _a1_))) * _a6_) + (_a4_ * _a6_));{'d0': {'_a1_': 3.1614077141613657, '_a3_': 0.670302996005653, '_a4_': -0.6883793524774079, '_a6_': 0.4639959768252054, '_a0_': 1.0, '_a2_': 1.0, '_a5_': 1.0, '_a7_': 1.0}};{'d0': 0.03628100807643563};-253.903979024340;35.01616841413901
1171;-91.9358210980311;((sinh((_a3_ + (x * _a1_))) * _a6_) + (_a4_ * _a6_));{'d0': {'_a1_': 3.1614077141613657, '_a3_': 0.670302996005653, '_a4_': -0.6883793524774079, '_a6_': 0.4639959768252054, '_a0_': 1.0, '_a2_': 1.0, '_a5_': 1.0, '_a7_': 1.0}};{'d0': 0.03628100807643563};-253.903979024340;35.01616841413901
1172;-91.9358210980311;((sinh((_a3_ + (x * _a1_))) * _a6_) + (_a4_ * _a6_));{'d0': {'_a1_': 3.1614077141613657, '_a3_': 0.670302996005653, '_a4_': -0.6883793524774079, '_a6_': 0.4639959768252054, '_a0_': 1.0, '_a2_': 1.0, '_a5_': 1.0, '_a7_': 1.0}};{'d0': 0.03628100807643563};-253.903979024340;35.01616841413901
1173;-91.9358210980311;((sinh((_a3_ + (x * _a1_))) * _a6_) + (_a4_ * _a6_));{'d0': {'_a1_': 3.1614077141613657, '_a3_': 0.670302996005653, '_a4_': -0.6883793524774079, '_a6_': 0.4639959768252054, '_a0_': 1.0, '_a2_': 1.0, '_a5_': 1.0, '_a7_': 1.0}};{'d0': 0.03628100807643563};-253.903979024340;35.01616841413901
1174;-91.9358210980311;((sinh((_a3_ + (x * _a1_))) * _a6_) + (_a4_ * _a6_));{'d0': {'_a1_': 3.1614077141613657, '_a3_': 0.670302996005653, '_a4_': -0.6883793524774079, '_a6_': 0.4639959768252054, '_a0_': 1.0, '_a2_': 1.0, '_a5_': 1.0, '_a7_': 1.0}};{'d0': 0.03628100807643563};-253.903979024340;35.01616841413901
1175;-91.9358210980311;((sinh((_a3_ + (x * _a1_))) * _a6_) + (_a4_ * _a6_));{'d0': {'_a1_': 3.1614077141613657, '_a3_': 0.670302996005653, '_a4_': -0.6883793524774079, '_a6_': 0.4639959768252054, '_a0_': 1.0, '_a2_': 1.0, '_a5_': 1.0, '_a7_': 1.0}};{'d0': 0.03628100807643563};-253.903979024340;35.01616841413901
1176;-91.9358210980311;((sinh((_a3_ + (x * _a1_))) * _a6_) + (_a4_ * _a6_));{'d0': {'_a1_': 3.1614077141613657, '_a3_': 0.670302996005653, '_a4_': -0.6883793524774079, '_a6_': 0.4639959768252054, '_a0_': 1.0, '_a2_': 1.0, '_a5_': 1.0, '_a7_': 1.0}};{'d0': 0.03628100807643563};-253.903979024340;35.01616841413901
1177;-95.7909904597476;(((sqrt((_a0_ ** x)) + pow2(x)) + _a7_) * (x * (_a6_ + _a7_)));{'d0': {'_a0_': 4.5478346142495365, '_a6_': 3.119474147078034, '_a7_': -0.36612033010085804, '_a1_': 1.0, '_a2_': 1.0, '_a3_': 1.0, '_a4_': 1.0, '_a5_': 1.0}};{'d0': 0.026177459310289777};-277.582065710743;43.000042395624
1178;-95.7909904597476;(((sqrt((_a0_ ** x)) + pow2(x)) + _a7_) * (x * (_a6_ + _a7_)));{'d0': {'_a0_': 4.5478346142495365, '_a6_': 3.119474147078034, '_a7_': -0.36612033010085804, '_a1_': 1.0, '_a2_': 1.0, '_a3_': 1.0, '_a4_': 1.0, '_a5_': 1.0}};{'d0': 0.026177459310289777};-277.582065710743;43.000042395624
1179;-95.7909904597476;(((sqrt((_a0_ ** x)) + pow2(x)) + _a7_) * (x * (_a6_ + _a7_)));{'d0': {'_a0_': 4.5478346142495365, '_a6_': 3.119474147078034, '_a7_': -0.36612033010085804, '_a1_': 1.0, '_a2_': 1.0, '_a3_': 1.0, '_a4_': 1.0, '_a5_': 1.0}};{'d0': 0.026177459310289777};-277.582065710743;43.000042395624
1180;-95.7909904597476;(((sqrt((_a0_ ** x)) + pow2(x)) + _a7_) * (x * (_a6_ + _a7_)));{'d0': {'_a0_': 4.5478346142495365, '_a6_': 3.119474147078034, '_a7_': -0.36612033010085804, '_a1_': 1.0, '_a2_': 1.0, '_a3_': 1.0, '_a4_': 1.0, '_a5_': 1.0}};{'d0': 0.026177459310289777};-277.582065710743;43.000042395624
1181;-95.7909904597476;(((sqrt((_a0_ ** x)) + pow2(x)) + _a7_) * (x * (_a6_ + _a7_)));{'d0': {'_a0_': 4.5478346142495365, '_a6_': 3.119474147078034, '_a7_': -0.36612033010085804, '_a1_': 1.0, '_a2_': 1.0, '_a3_': 1.0, '_a4_': 1.0, '_a5_': 1.0}};{'d0': 0.026177459310289777};-277.582065710743;43.000042395624
1182;-95.7909904597476;(((sqrt((_a0_ ** x)) + pow2(x)) + _a7_) * (x * (_a6_ + _a7_)));{'d0': {'_a0_': 4.5478346142495365, '_a6_': 3.119474147078034, '_a7_': -0.36612033010085804, '_a1_': 1.0, '_a2_': 1.0, '_a3_': 1.0, '_a4_': 1.0, '_a5_': 1.0}};{'d0': 0.026177459310289777};-277.582065710743;43.000042395624
1183;-95.7909904597476;(((sqrt((_a0_ ** x)) + pow2(x)) + _a7_) * (x * (_a6_ + _a7_)));{'d0': {'_a0_': 4.5478346142495365, '_a6_': 3.119474147078034, '_a7_': -0.36612033010085804, '_a1_': 1.0, '_a2_': 1.0, '_a3_': 1.0, '_a4_': 1.0, '_a5_': 1.0}};{'d0': 0.026177459310289777};-277.582065710743;43.000042395624
1184;-95.7909904597476;(((sqrt((_a0_ ** x)) + pow2(x)) + _a7_) * (x * (_a6_ + _a7_)));{'d0': {'_a0_': 4.5478346142495365, '_a6_': 3.119474147078034, '_a7_': -0.36612033010085804, '_a1_': 1.0, '_a2_': 1.0, '_a3_': 1.0, '_a4_': 1.0, '_a5_': 1.0}};{'d0': 0.026177459310289777};-277.582065710743;43.000042395624
1185;-95.7909904597476;(((sqrt((_a0_ ** x)) + pow2(x)) + _a7_) * (x * (_a6_ + _a7_)));{'d0': {'_a0_': 4.5478346142495365, '_a6_': 3.119474147078034, '_a7_': -0.36612033010085804, '_a1_': 1.0, '_a2_': 1.0, '_a3_': 1.0, '_a4_': 1.0, '_a5_': 1.0}};{'d0': 0.026177459310289777};-277.582065710743;43.000042395624
1186;-95.7909904597476;(((sqrt((_a0_ ** x)) + pow2(x)) + _a7_) * (x * (_a6_ + _a7_)));{'d0': {'_a0_': 4.5478346142495365, '_a6_': 3.119474147078034, '_a7_': -0.36612033010085804, '_a1_': 1.0, '_a2_': 1.0, '_a3_': 1.0, '_a4_': 1.0, '_a5_': 1.0}};{'d0': 0.026177459310289777};-277.582065710743;43.000042395624
1187;-96.8346088696426;(((sqrt((_a0_ ** x)) + pow2(x)) + _a7_) * (x * (_a6_ * _a7_)));{'d0': {'_a0_': 4.547834606912706, '_a6_': -7.520352146026676, '_a7_': -0.3661203314716238, '_a1_': 1.0, '_a2_': 1.0, '_a3_': 1.0, '_a4_': 1.0, '_a5_': 1.0}};{'d0': 0.02617745931028979};-277.582065710743;41.956423985729
1188;-96.8346088696426;(((sqrt((_a0_ ** x)) + pow2(x)) + _a7_) * (x * (_a6_ * _a7_)));{'d0': {'_a0_': 4.547834606912706, '_a6_': -7.520352146026676, '_a7_': -0.3661203314716238, '_a1_': 1.0, '_a2_': 1.0, '_a3_': 1.0, '_a4_': 1.0, '_a5_': 1.0}};{'d0': 0.02617745931028979};-277.582065710743;41.956423985729
1189;-96.8346088696426;(((sqrt((_a0_ ** x)) + pow2(x)) + _a7_) * (x * (_a6_ * _a7_)));{'d0': {'_a0_': 4.547834606912706, '_a6_': -7.520352146026676, '_a7_': -0.3661203314716238, '_a1_': 1.0, '_a2_': 1.0, '_a3_': 1.0, '_a4_': 1.0, '_a5_': 1.0}};{'d0': 0.02617745931028979};-277.582065710743;41.956423985729
1190;-96.8346088696426;(((sqrt((_a0_ ** x)) + pow2(x)) + _a7_) * (x * (_a6_ * _a7_)));{'d0': {'_a0_': 4.547834606912706, '_a6_': -7.520352146026676, '_a7_': -0.3661203314716238, '_a1_': 1.0, '_a2_': 1.0, '_a3_': 1.0, '_a4_': 1.0, '_a5_': 1.0}};{'d0': 0.02617745931028979};-277.582065710743;41.956423985729
1191;-96.8346088696426;(((sqrt((_a0_ ** x)) + pow2(x)) + _a7_) * (x * (_a6_ * _a7_)));{'d0': {'_a0_': 4.547834606912706, '_a6_': -7.520352146026676, '_a7_': -0.3661203314716238, '_a1_': 1.0, '_a2_': 1.0, '_a3_': 1.0, '_a4_': 1.0, '_a5_': 1.0}};{'d0': 0.02617745931028979};-277.582065710743;41.956423985729
1192;-96.8346088696427;(((sqrt((_a0_ ** x)) + pow2(x)) + _a7_) * (x * (_a6_ * _a6_)));{'d0': {'_a0_': 4.5478346034184, '_a6_': 1.659323302354506, '_a7_': -0.36612033200322835, '_a1_': 1.0, '_a2_': 1.0, '_a3_': 1.0, '_a4_': 1.0, '_a5_': 1.0}};{'d0': 0.026177459310289745};-277.582065710743;41.956423985729
1193;-96.8346088696427;(((sqrt((_a0_ ** x)) + pow2(x)) + _a7_) * (x * (_a6_ * _a6_)));{'d0': {'_a0_': 4.5478346034184, '_a6_': 1.659323302354506, '_a7_': -0.36612033200322835, '_a1_': 1.0, '_a2_': 1.0, '_a3_': 1.0, '_a4_': 1.0, '_a5_': 1.0}};{'d0': 0.026177459310289745};-277.582065710743;41.956423985729
1194;-96.3522594786677;(((sqrt((_a0_ ** x)) + pow2(x)) + _a7_) * (x * log(_a5_)));{'d0': {'_a0_': 4.5478346028747065, '_a5_': 15.69518255309699, '_a7_': -0.3661203319733126, '_a1_': 1.0, '_a2_': 1.0, '_a3_': 1.0, '_a4_': 1.0, '_a6_': 1.0}};{'d0': 0.026177459310289752};-277.582065710743;42.438773376704006
1195;-96.8128037372068;((sinh((_a3_ + (x * _a1_))) * _a6_) + _a4_);{'d0': {'_a1_': 3.1614079555912133, '_a3_': 0.6703030497729138, '_a4_': -0.31940524842605394, '_a6_': 0.46399590352944836, '_a0_': 1.0, '_a2_': 1.0, '_a5_': 1.0, '_a7_': 1.0}};{'d0': 0.03628100807638638};-253.903979024422;30.13918577500401
1196;-96.8128037372068;((sinh((_a3_ + (x * _a1_))) * _a6_) + _a4_);{'d0': {'_a1_': 3.1614079555912133, '_a3_': 0.6703030497729138, '_a4_': -0.31940524842605394, '_a6_': 0.46399590352944836, '_a0_': 1.0, '_a2_': 1.0, '_a5_': 1.0, '_a7_': 1.0}};{'d0': 0.03628100807638638};-253.903979024422;30.13918577500401
1197;-96.8128037372068;((sinh((_a3_ + (x * _a1_))) * _a6_) + _a4_);{'d0': {'_a1_': 3.1614079555912133, '_a3_': 0.6703030497729138, '_a4_': -0.31940524842605394, '_a6_': 0.46399590352944836, '_a0_': 1.0, '_a2_': 1.0, '_a5_': 1.0, '_a7_': 1.0}};{'d0': 0.03628100807638638};-253.903979024422;30.13918577500401
1198;-96.8128037372068;((sinh((_a3_ + (x * _a1_))) * _a6_) + _a4_);{'d0': {'_a1_': 3.1614079555912133, '_a3_': 0.6703030497729138, '_a4_': -0.31940524842605394, '_a6_': 0.46399590352944836, '_a0_': 1.0, '_a2_': 1.0, '_a5_': 1.0, '_a7_': 1.0}};{'d0': 0.03628100807638638};-253.903979024422;30.13918577500401
1199;-96.8128037372068;((sinh((_a3_ + (x * _a1_))) * _a6_) + _a4_);{'d0': {'_a1_': 3.1614079555912133, '_a3_': 0.6703030497729138, '_a4_': -0.31940524842605394, '_a6_': 0.46399590352944836, '_a0_': 1.0, '_a2_': 1.0, '_a5_': 1.0, '_a7_': 1.0}};{'d0': 0.03628100807638638};-253.903979024422;30.13918577500401
1200;-96.8128037372068;((sinh((_a3_ + (x * _a1_))) * _a6_) + _a4_);{'d0': {'_a1_': 3.1614079555912133, '_a3_': 0.6703030497729138, '_a4_': -0.31940524842605394, '_a6_': 0.46399590352944836, '_a0_': 1.0, '_a2_': 1.0, '_a5_': 1.0, '_a7_': 1.0}};{'d0': 0.03628100807638638};-253.903979024422;30.13918577500401
1201;-96.8128037372068;((sinh((_a3_ + (x * _a1_))) * _a6_) + _a4_);{'d0': {'_a1_': 3.1614079555912133, '_a3_': 0.6703030497729138, '_a4_': -0.31940524842605394, '_a6_': 0.46399590352944836, '_a0_': 1.0, '_a2_': 1.0, '_a5_': 1.0, '_a7_': 1.0}};{'d0': 0.03628100807638638};-253.903979024422;30.13918577500401
1202;-96.8128037372068;((sinh((_a3_ + (x * _a1_))) * _a2_) + _a4_);{'d0': {'_a1_': 3.1614079577246335, '_a2_': 0.46399590286104786, '_a3_': 0.6703030498573903, '_a4_': -0.31940524783221824, '_a0_': 1.0, '_a5_': 1.0, '_a6_': 1.0, '_a7_': 1.0}};{'d0': 0.03628100807638634};-253.903979024422;30.13918577500401
1203;-96.8128037372068;((sinh((_a3_ + (x * _a1_))) * _a2_) + _a4_);{'d0': {'_a1_': 3.1614079577246335, '_a2_': 0.46399590286104786, '_a3_': 0.6703030498573903, '_a4_': -0.31940524783221824, '_a0_': 1.0, '_a5_': 1.0, '_a6_': 1.0, '_a7_': 1.0}};{'d0': 0.03628100807638634};-253.903979024422;30.13918577500401
1204;-96.8128037372068;((sinh((_a3_ + (x * _a1_))) * _a2_) + _a4_);{'d0': {'_a1_': 3.1614079577246335, '_a2_': 0.46399590286104786, '_a3_': 0.6703030498573903, '_a4_': -0.31940524783221824, '_a0_': 1.0, '_a5_': 1.0, '_a6_': 1.0, '_a7_': 1.0}};{'d0': 0.03628100807638634};-253.903979024422;30.13918577500401
1205;-96.8128037372068;((sinh((_a3_ + (x * _a1_))) * _a2_) + _a4_);{'d0': {'_a1_': 3.1614079577246335, '_a2_': 0.46399590286104786, '_a3_': 0.6703030498573903, '_a4_': -0.31940524783221824, '_a0_': 1.0, '_a5_': 1.0, '_a6_': 1.0, '_a7_': 1.0}};{'d0': 0.03628100807638634};-253.903979024422;30.13918577500401
1206;-96.8128037372068;((sinh((_a3_ + (x * _a1_))) * _a2_) + _a4_);{'d0': {'_a1_': 3.1614079577246335, '_a2_': 0.46399590286104786, '_a3_': 0.6703030498573903, '_a4_': -0.31940524783221824, '_a0_': 1.0, '_a5_': 1.0, '_a6_': 1.0, '_a7_': 1.0}};{'d0': 0.03628100807638634};-253.903979024422;30.13918577500401
1207;-96.8128037372068;((sinh((_a3_ + (x * _a1_))) * _a2_) + _a4_);{'d0': {'_a1_': 3.1614079577246335, '_a2_': 0.46399590286104786, '_a3_': 0.6703030498573903, '_a4_': -0.31940524783221824, '_a0_': 1.0, '_a5_': 1.0, '_a6_': 1.0, '_a7_': 1.0}};{'d0': 0.03628100807638634};-253.903979024422;30.13918577500401
1208;-96.8128037372068;((sinh((_a3_ + (x * _a1_))) * _a2_) + _a4_);{'d0': {'_a1_': 3.1614079577246335, '_a2_': 0.46399590286104786, '_a3_': 0.6703030498573903, '_a4_': -0.31940524783221824, '_a0_': 1.0, '_a5_': 1.0, '_a6_': 1.0, '_a7_': 1.0}};{'d0': 0.03628100807638634};-253.903979024422;30.13918577500401
1209;-96.8128037372068;((sinh((_a3_ + (x * _a1_))) * _a2_) + _a4_);{'d0': {'_a1_': 3.1614079577246335, '_a2_': 0.46399590286104786, '_a3_': 0.6703030498573903, '_a4_': -0.31940524783221824, '_a0_': 1.0, '_a5_': 1.0, '_a6_': 1.0, '_a7_': 1.0}};{'d0': 0.03628100807638634};-253.903979024422;30.13918577500401
1210;-96.8128037372068;((sinh((_a3_ + (x * _a1_))) * _a2_) + _a4_);{'d0': {'_a1_': 3.1614079577246335, '_a2_': 0.46399590286104786, '_a3_': 0.6703030498573903, '_a4_': -0.31940524783221824, '_a0_': 1.0, '_a5_': 1.0, '_a6_': 1.0, '_a7_': 1.0}};{'d0': 0.03628100807638634};-253.903979024422;30.13918577500401
1211;-96.8128037372068;((sinh((_a3_ + (x * _a1_))) * _a2_) + _a4_);{'d0': {'_a1_': 3.1614079577246335, '_a2_': 0.46399590286104786, '_a3_': 0.6703030498573903, '_a4_': -0.31940524783221824, '_a0_': 1.0, '_a5_': 1.0, '_a6_': 1.0, '_a7_': 1.0}};{'d0': 0.03628100807638634};-253.903979024422;30.13918577500401
1212;-96.8128037372068;((sinh((_a3_ + (x * _a1_))) * _a2_) + _a4_);{'d0': {'_a1_': 3.1614079577246335, '_a2_': 0.46399590286104786, '_a3_': 0.6703030498573903, '_a4_': -0.31940524783221824, '_a0_': 1.0, '_a5_': 1.0, '_a6_': 1.0, '_a7_': 1.0}};{'d0': 0.03628100807638634};-253.903979024422;30.13918577500401
1213;-96.8128037372068;((sinh((_a3_ + (x * _a1_))) * _a2_) + _a4_);{'d0': {'_a1_': 3.1614079577246335, '_a2_': 0.46399590286104786, '_a3_': 0.6703030498573903, '_a4_': -0.31940524783221824, '_a0_': 1.0, '_a5_': 1.0, '_a6_': 1.0, '_a7_': 1.0}};{'d0': 0.03628100807638634};-253.903979024422;30.13918577500401
1214;-96.8128037372068;((sinh((_a3_ + (x * _a1_))) * _a2_) + _a4_);{'d0': {'_a1_': 3.1614079577246335, '_a2_': 0.46399590286104786, '_a3_': 0.6703030498573903, '_a4_': -0.31940524783221824, '_a0_': 1.0, '_a5_': 1.0, '_a6_': 1.0, '_a7_': 1.0}};{'d0': 0.03628100807638634};-253.903979024422;30.13918577500401
1215;-96.8128037372068;((sinh((_a3_ + (x * _a1_))) * _a2_) + _a4_);{'d0': {'_a1_': 3.1614079577246335, '_a2_': 0.46399590286104786, '_a3_': 0.6703030498573903, '_a4_': -0.31940524783221824, '_a0_': 1.0, '_a5_': 1.0, '_a6_': 1.0, '_a7_': 1.0}};{'d0': 0.03628100807638634};-253.903979024422;30.13918577500401
1216;-96.8128037372068;((sinh((_a3_ + (x * _a1_))) * _a2_) + _a4_);{'d0': {'_a1_': 3.1614079577246335, '_a2_': 0.46399590286104786, '_a3_': 0.6703030498573903, '_a4_': -0.31940524783221824, '_a0_': 1.0, '_a5_': 1.0, '_a6_': 1.0, '_a7_': 1.0}};{'d0': 0.03628100807638634};-253.903979024422;30.13918577500401
1217;-96.8128037372068;((sinh((_a3_ + (x * _a1_))) * _a2_) + _a4_);{'d0': {'_a1_': 3.1614079577246335, '_a2_': 0.46399590286104786, '_a3_': 0.6703030498573903, '_a4_': -0.31940524783221824, '_a0_': 1.0, '_a5_': 1.0, '_a6_': 1.0, '_a7_': 1.0}};{'d0': 0.03628100807638634};-253.903979024422;30.13918577500401
1218;-96.8128037372068;((sinh((_a3_ + (x * _a1_))) * _a2_) + _a4_);{'d0': {'_a1_': 3.1614079577246335, '_a2_': 0.46399590286104786, '_a3_': 0.6703030498573903, '_a4_': -0.31940524783221824, '_a0_': 1.0, '_a5_': 1.0, '_a6_': 1.0, '_a7_': 1.0}};{'d0': 0.03628100807638634};-253.903979024422;30.13918577500401
1219;-96.8128037372068;((sinh((_a3_ + (x * _a1_))) * _a2_) + _a4_);{'d0': {'_a1_': 3.1614079577246335, '_a2_': 0.46399590286104786, '_a3_': 0.6703030498573903, '_a4_': -0.31940524783221824, '_a0_': 1.0, '_a5_': 1.0, '_a6_': 1.0, '_a7_': 1.0}};{'d0': 0.03628100807638634};-253.903979024422;30.13918577500401
1220;-96.8128037372068;((sinh((_a3_ + (x * _a1_))) * _a2_) + _a4_);{'d0': {'_a1_': 3.1614079577246335, '_a2_': 0.46399590286104786, '_a3_': 0.6703030498573903, '_a4_': -0.31940524783221824, '_a0_': 1.0, '_a5_': 1.0, '_a6_': 1.0, '_a7_': 1.0}};{'d0': 0.03628100807638634};-253.903979024422;30.13918577500401
1221;-96.8128037372068;((sinh((_a3_ + (x * _a1_))) * _a2_) + _a4_);{'d0': {'_a1_': 3.1614079577246335, '_a2_': 0.46399590286104786, '_a3_': 0.6703030498573903, '_a4_': -0.31940524783221824, '_a0_': 1.0, '_a5_': 1.0, '_a6_': 1.0, '_a7_': 1.0}};{'d0': 0.03628100807638634};-253.903979024422;30.13918577500401
1222;-96.8128037372068;((sinh((_a3_ + (x * _a1_))) * _a2_) + _a4_);{'d0': {'_a1_': 3.1614079577246335, '_a2_': 0.46399590286104786, '_a3_': 0.6703030498573903, '_a4_': -0.31940524783221824, '_a0_': 1.0, '_a5_': 1.0, '_a6_': 1.0, '_a7_': 1.0}};{'d0': 0.03628100807638634};-253.903979024422;30.13918577500401
1223;-96.8128037372068;((sinh((_a3_ + (x * _a1_))) * _a2_) + _a4_);{'d0': {'_a1_': 3.1614079577246335, '_a2_': 0.46399590286104786, '_a3_': 0.6703030498573903, '_a4_': -0.31940524783221824, '_a0_': 1.0, '_a5_': 1.0, '_a6_': 1.0, '_a7_': 1.0}};{'d0': 0.03628100807638634};-253.903979024422;30.13918577500401
1224;-96.8128037372068;((sinh((_a3_ + (x * _a1_))) * _a2_) + _a4_);{'d0': {'_a1_': 3.1614079577246335, '_a2_': 0.46399590286104786, '_a3_': 0.6703030498573903, '_a4_': -0.31940524783221824, '_a0_': 1.0, '_a5_': 1.0, '_a6_': 1.0, '_a7_': 1.0}};{'d0': 0.03628100807638634};-253.903979024422;30.13918577500401
1225;-96.8128037372068;((sinh((_a3_ + (x * _a1_))) * _a2_) + _a4_);{'d0': {'_a1_': 3.1614079577246335, '_a2_': 0.46399590286104786, '_a3_': 0.6703030498573903, '_a4_': -0.31940524783221824, '_a0_': 1.0, '_a5_': 1.0, '_a6_': 1.0, '_a7_': 1.0}};{'d0': 0.03628100807638634};-253.903979024422;30.13918577500401
1226;-96.8128037372068;((sinh((_a3_ + (x * _a1_))) * _a2_) + _a4_);{'d0': {'_a1_': 3.1614079577246335, '_a2_': 0.46399590286104786, '_a3_': 0.6703030498573903, '_a4_': -0.31940524783221824, '_a0_': 1.0, '_a5_': 1.0, '_a6_': 1.0, '_a7_': 1.0}};{'d0': 0.03628100807638634};-253.903979024422;30.13918577500401
1227;-96.8128037372068;((sinh((_a3_ + (x * _a1_))) * _a2_) + _a4_);{'d0': {'_a1_': 3.1614079577246335, '_a2_': 0.46399590286104786, '_a3_': 0.6703030498573903, '_a4_': -0.31940524783221824, '_a0_': 1.0, '_a5_': 1.0, '_a6_': 1.0, '_a7_': 1.0}};{'d0': 0.03628100807638634};-253.903979024422;30.13918577500401
1228;-96.8128037372068;((sinh((_a3_ + (x * _a1_))) * _a2_) + _a4_);{'d0': {'_a1_': 3.1614079577246335, '_a2_': 0.46399590286104786, '_a3_': 0.6703030498573903, '_a4_': -0.31940524783221824, '_a0_': 1.0, '_a5_': 1.0, '_a6_': 1.0, '_a7_': 1.0}};{'d0': 0.03628100807638634};-253.903979024422;30.13918577500401
1229;-96.8128037372068;((sinh((_a3_ + (x * _a1_))) * _a2_) + _a4_);{'d0': {'_a1_': 3.1614079577246335, '_a2_': 0.46399590286104786, '_a3_': 0.6703030498573903, '_a4_': -0.31940524783221824, '_a0_': 1.0, '_a5_': 1.0, '_a6_': 1.0, '_a7_': 1.0}};{'d0': 0.03628100807638634};-253.903979024422;30.13918577500401
1230;-96.8128037372068;((sinh((_a3_ + (x * _a1_))) * _a2_) + _a4_);{'d0': {'_a1_': 3.1614079577246335, '_a2_': 0.46399590286104786, '_a3_': 0.6703030498573903, '_a4_': -0.31940524783221824, '_a0_': 1.0, '_a5_': 1.0, '_a6_': 1.0, '_a7_': 1.0}};{'d0': 0.03628100807638634};-253.903979024422;30.13918577500401
1231;-96.8128037372068;((sinh((_a3_ + (x * _a1_))) * _a2_) + _a4_);{'d0': {'_a1_': 3.1614079577246335, '_a2_': 0.46399590286104786, '_a3_': 0.6703030498573903, '_a4_': -0.31940524783221824, '_a0_': 1.0, '_a5_': 1.0, '_a6_': 1.0, '_a7_': 1.0}};{'d0': 0.03628100807638634};-253.903979024422;30.13918577500401
1232;-96.8128037372068;((sinh((_a3_ + (x * _a1_))) * _a2_) + _a4_);{'d0': {'_a1_': 3.1614079577246335, '_a2_': 0.46399590286104786, '_a3_': 0.6703030498573903, '_a4_': -0.31940524783221824, '_a0_': 1.0, '_a5_': 1.0, '_a6_': 1.0, '_a7_': 1.0}};{'d0': 0.03628100807638634};-253.903979024422;30.13918577500401
1233;-96.8128037372068;((sinh((_a3_ + (x * _a1_))) * _a2_) + _a4_);{'d0': {'_a1_': 3.1614079577246335, '_a2_': 0.46399590286104786, '_a3_': 0.6703030498573903, '_a4_': -0.31940524783221824, '_a0_': 1.0, '_a5_': 1.0, '_a6_': 1.0, '_a7_': 1.0}};{'d0': 0.03628100807638634};-253.903979024422;30.13918577500401
1234;-96.8128037372068;((sinh((_a3_ + (x * _a1_))) * _a2_) + _a4_);{'d0': {'_a1_': 3.1614079577246335, '_a2_': 0.46399590286104786, '_a3_': 0.6703030498573903, '_a4_': -0.31940524783221824, '_a0_': 1.0, '_a5_': 1.0, '_a6_': 1.0, '_a7_': 1.0}};{'d0': 0.03628100807638634};-253.903979024422;30.13918577500401
1235;-96.8128037372068;((sinh((_a3_ + (x * _a1_))) * _a2_) + _a4_);{'d0': {'_a1_': 3.1614079577246335, '_a2_': 0.46399590286104786, '_a3_': 0.6703030498573903, '_a4_': -0.31940524783221824, '_a0_': 1.0, '_a5_': 1.0, '_a6_': 1.0, '_a7_': 1.0}};{'d0': 0.03628100807638634};-253.903979024422;30.13918577500401
1236;-91.9358210980702;((sinh(((_a2_ * _a7_) + (x * _a1_))) * _a2_) + _a4_);{'d0': {'_a1_': 3.161408006935031, '_a2_': 0.4639958879326129, '_a4_': -0.3194052481401394, '_a7_': 1.444631469252611, '_a0_': 1.0, '_a3_': 1.0, '_a5_': 1.0, '_a6_': 1.0}};{'d0': 0.03628100807638828};-253.903979024419;35.01616841413901
1237;-91.9358210980702;((sinh(((_a2_ * _a7_) + (x * _a1_))) * _a2_) + _a4_);{'d0': {'_a1_': 3.161408006935031, '_a2_': 0.4639958879326129, '_a4_': -0.3194052481401394, '_a7_': 1.444631469252611, '_a0_': 1.0, '_a3_': 1.0, '_a5_': 1.0, '_a6_': 1.0}};{'d0': 0.03628100807638828};-253.903979024419;35.01616841413901
1238;-91.9358210980702;((sinh(((_a2_ * _a7_) + (x * _a1_))) * _a2_) + _a4_);{'d0': {'_a1_': 3.161408006935031, '_a2_': 0.4639958879326129, '_a4_': -0.3194052481401394, '_a7_': 1.444631469252611, '_a0_': 1.0, '_a3_': 1.0, '_a5_': 1.0, '_a6_': 1.0}};{'d0': 0.03628100807638828};-253.903979024419;35.01616841413901
1239;-91.9358210980702;((sinh(((_a2_ * _a7_) + (x * _a1_))) * _a2_) + _a4_);{'d0': {'_a1_': 3.161408006935031, '_a2_': 0.4639958879326129, '_a4_': -0.3194052481401394, '_a7_': 1.444631469252611, '_a0_': 1.0, '_a3_': 1.0, '_a5_': 1.0, '_a6_': 1.0}};{'d0': 0.03628100807638828};-253.903979024419;35.01616841413901
1240;-91.9358210980702;((sinh(((_a2_ * _a7_) + (x * _a1_))) * _a2_) + _a4_);{'d0': {'_a1_': 3.161408006935031, '_a2_': 0.4639958879326129, '_a4_': -0.3194052481401394, '_a7_': 1.444631469252611, '_a0_': 1.0, '_a3_': 1.0, '_a5_': 1.0, '_a6_': 1.0}};{'d0': 0.03628100807638828};-253.903979024419;35.01616841413901
1241;-91.9358210980702;((sinh(((_a2_ * _a7_) + (x * _a1_))) * _a2_) + _a4_);{'d0': {'_a1_': 3.161408006935031, '_a2_': 0.4639958879326129, '_a4_': -0.3194052481401394, '_a7_': 1.444631469252611, '_a0_': 1.0, '_a3_': 1.0, '_a5_': 1.0, '_a6_': 1.0}};{'d0': 0.03628100807638828};-253.903979024419;35.01616841413901
1242;-91.9358210980702;((sinh(((_a2_ * _a7_) + (x * _a1_))) * _a2_) + _a4_);{'d0': {'_a1_': 3.161408006935031, '_a2_': 0.4639958879326129, '_a4_': -0.3194052481401394, '_a7_': 1.444631469252611, '_a0_': 1.0, '_a3_': 1.0, '_a5_': 1.0, '_a6_': 1.0}};{'d0': 0.03628100807638828};-253.903979024419;35.01616841413901
1243;-91.9358210980702;((sinh(((_a2_ * _a7_) + (x * _a1_))) * _a2_) + _a4_);{'d0': {'_a1_': 3.161408006935031, '_a2_': 0.4639958879326129, '_a4_': -0.3194052481401394, '_a7_': 1.444631469252611, '_a0_': 1.0, '_a3_': 1.0, '_a5_': 1.0, '_a6_': 1.0}};{'d0': 0.03628100807638828};-253.903979024419;35.01616841413901
1244;-91.9358210980714;((sinh(((_a1_ * _a7_) + (x * _a1_))) * _a2_) + _a4_);{'d0': {'_a1_': 3.1614079420774104, '_a2_': 0.46399590778960337, '_a4_': -0.31940524997598846, '_a7_': 0.21202674902519666, '_a0_': 1.0, '_a3_': 1.0, '_a5_': 1.0, '_a6_': 1.0}};{'d0': 0.03628100807638685};-253.903979024421;35.01616841413901
1245;-91.9358210980714;((sinh(((_a1_ * _a7_) + (x * _a1_))) * _a2_) + _a4_);{'d0': {'_a1_': 3.1614079420774104, '_a2_': 0.46399590778960337, '_a4_': -0.31940524997598846, '_a7_': 0.21202674902519666, '_a0_': 1.0, '_a3_': 1.0, '_a5_': 1.0, '_a6_': 1.0}};{'d0': 0.03628100807638685};-253.903979024421;35.01616841413901
1246;-91.9358210980714;((sinh(((_a1_ * _a7_) + (x * _a1_))) * _a2_) + _a4_);{'d0': {'_a1_': 3.1614079420774104, '_a2_': 0.46399590778960337, '_a4_': -0.31940524997598846, '_a7_': 0.21202674902519666, '_a0_': 1.0, '_a3_': 1.0, '_a5_': 1.0, '_a6_': 1.0}};{'d0': 0.03628100807638685};-253.903979024421;35.01616841413901
1247;-91.9358210980714;((sinh(((_a1_ * _a7_) + (x * _a1_))) * _a2_) + _a4_);{'d0': {'_a1_': 3.1614079420774104, '_a2_': 0.46399590778960337, '_a4_': -0.31940524997598846, '_a7_': 0.21202674902519666, '_a0_': 1.0, '_a3_': 1.0, '_a5_': 1.0, '_a6_': 1.0}};{'d0': 0.03628100807638685};-253.903979024421;35.01616841413901
1248;-91.9358210980718;((sinh(((_a1_ * _a7_) + (x * _a1_))) * _a2_) + _a0_);{'d0': {'_a0_': -0.31940524885717675, '_a1_': 3.1614079599320344, '_a2_': 0.46399590226475745, '_a7_': 0.21202674874896466, '_a3_': 1.0, '_a4_': 1.0, '_a5_': 1.0, '_a6_': 1.0}};{'d0': 0.03628100807638635};-253.903979024422;35.01616841413901
1249;-85.1116343726706;((sinh(((-(x) / _a1_) + (_a3_ + _a1_))) / _a4_) + _a5_);{'d0': {'_a1_': 0.3163147600030149, '_a3_': -0.9866178112495777, '_a4_': -2.155191446493888, '_a5_': -0.31940524909872514, '_a0_': 1.0, '_a2_': 1.0, '_a6_': 1.0, '_a7_': 1.0}};{'d0': 0.036281008076386644};-253.903979024421;41.84035513953998
1250;-85.1116343726706;((sinh(((-(x) / _a1_) + (_a3_ + _a1_))) / _a4_) + _a5_);{'d0': {'_a1_': 0.3163147600030149, '_a3_': -0.9866178112495777, '_a4_': -2.155191446493888, '_a5_': -0.31940524909872514, '_a0_': 1.0, '_a2_': 1.0, '_a6_': 1.0, '_a7_': 1.0}};{'d0': 0.036281008076386644};-253.903979024421;41.84035513953998
1251;-85.1116343726706;((sinh(((-(x) / _a1_) + (_a3_ + _a1_))) / _a4_) + _a5_);{'d0': {'_a1_': 0.3163147600030149, '_a3_': -0.9866178112495777, '_a4_': -2.155191446493888, '_a5_': -0.31940524909872514, '_a0_': 1.0, '_a2_': 1.0, '_a6_': 1.0, '_a7_': 1.0}};{'d0': 0.036281008076386644};-253.903979024421;41.84035513953998
1252;-85.1116343726706;((sinh(((-(x) / _a1_) + (_a3_ + _a1_))) / _a4_) + _a5_);{'d0': {'_a1_': 0.3163147600030149, '_a3_': -0.9866178112495777, '_a4_': -2.155191446493888, '_a5_': -0.31940524909872514, '_a0_': 1.0, '_a2_': 1.0, '_a6_': 1.0, '_a7_': 1.0}};{'d0': 0.036281008076386644};-253.903979024421;41.84035513953998
1253;-85.1116343726706;((sinh(((-(x) / _a1_) + (_a3_ + _a1_))) / _a4_) + _a5_);{'d0': {'_a1_': 0.3163147600030149, '_a3_': -0.9866178112495777, '_a4_': -2.155191446493888, '_a5_': -0.31940524909872514, '_a0_': 1.0, '_a2_': 1.0, '_a6_': 1.0, '_a7_': 1.0}};{'d0': 0.036281008076386644};-253.903979024421;41.84035513953998
1254;-85.1116343726706;((sinh(((-(x) / _a1_) + (_a3_ + _a1_))) / _a4_) + _a5_);{'d0': {'_a1_': 0.3163147600030149, '_a3_': -0.9866178112495777, '_a4_': -2.155191446493888, '_a5_': -0.31940524909872514, '_a0_': 1.0, '_a2_': 1.0, '_a6_': 1.0, '_a7_': 1.0}};{'d0': 0.036281008076386644};-253.903979024421;41.84035513953998
1255;-85.1116343726706;((sinh(((-(x) / _a1_) + (_a3_ + _a1_))) / _a4_) + _a5_);{'d0': {'_a1_': 0.3163147600030149, '_a3_': -0.9866178112495777, '_a4_': -2.155191446493888, '_a5_': -0.31940524909872514, '_a0_': 1.0, '_a2_': 1.0, '_a6_': 1.0, '_a7_': 1.0}};{'d0': 0.036281008076386644};-253.903979024421;41.84035513953998
1256;-85.1116343726706;((sinh(((-(x) / _a1_) + (_a3_ + _a1_))) / _a4_) + _a5_);{'d0': {'_a1_': 0.3163147600030149, '_a3_': -0.9866178112495777, '_a4_': -2.155191446493888, '_a5_': -0.31940524909872514, '_a0_': 1.0, '_a2_': 1.0, '_a6_': 1.0, '_a7_': 1.0}};{'d0': 0.036281008076386644};-253.903979024421;41.84035513953998
1257;-85.1116343726706;((sinh(((-(x) / _a1_) + (_a3_ + _a1_))) / _a4_) + _a5_);{'d0': {'_a1_': 0.3163147600030149, '_a3_': -0.9866178112495777, '_a4_': -2.155191446493888, '_a5_': -0.31940524909872514, '_a0_': 1.0, '_a2_': 1.0, '_a6_': 1.0, '_a7_': 1.0}};{'d0': 0.036281008076386644};-253.903979024421;41.84035513953998
1258;-85.1116343726706;((sinh(((-(x) / _a1_) + (_a3_ + _a1_))) / _a4_) + _a5_);{'d0': {'_a1_': 0.3163147600030149, '_a3_': -0.9866178112495777, '_a4_': -2.155191446493888, '_a5_': -0.31940524909872514, '_a0_': 1.0, '_a2_': 1.0, '_a6_': 1.0, '_a7_': 1.0}};{'d0': 0.036281008076386644};-253.903979024421;41.84035513953998
1259;-85.1116343726706;((sinh(((-(x) / _a1_) + (_a3_ + _a1_))) / _a4_) + _a5_);{'d0': {'_a1_': 0.3163147600030149, '_a3_': -0.9866178112495777, '_a4_': -2.155191446493888, '_a5_': -0.31940524909872514, '_a0_': 1.0, '_a2_': 1.0, '_a6_': 1.0, '_a7_': 1.0}};{'d0': 0.036281008076386644};-253.903979024421;41.84035513953998
1260;-85.1116343726706;((sinh(((-(x) / _a1_) + (_a3_ + _a1_))) / _a4_) + _a5_);{'d0': {'_a1_': 0.3163147600030149, '_a3_': -0.9866178112495777, '_a4_': -2.155191446493888, '_a5_': -0.31940524909872514, '_a0_': 1.0, '_a2_': 1.0, '_a6_': 1.0, '_a7_': 1.0}};{'d0': 0.036281008076386644};-253.903979024421;41.84035513953998
1261;-85.1116343726706;((sinh(((-(x) / _a1_) + (_a3_ + _a1_))) / _a4_) + _a5_);{'d0': {'_a1_': 0.3163147600030149, '_a3_': -0.9866178112495777, '_a4_': -2.155191446493888, '_a5_': -0.31940524909872514, '_a0_': 1.0, '_a2_': 1.0, '_a6_': 1.0, '_a7_': 1.0}};{'d0': 0.036281008076386644};-253.903979024421;41.84035513953998
1262;-85.1116343726706;((sinh(((-(x) / _a1_) + (_a3_ + _a1_))) / _a4_) + _a5_);{'d0': {'_a1_': 0.3163147600030149, '_a3_': -0.9866178112495777, '_a4_': -2.155191446493888, '_a5_': -0.31940524909872514, '_a0_': 1.0, '_a2_': 1.0, '_a6_': 1.0, '_a7_': 1.0}};{'d0': 0.036281008076386644};-253.903979024421;41.84035513953998
1263;-85.1116343726706;((sinh(((-(x) / _a1_) + (_a3_ + _a1_))) / _a4_) + _a5_);{'d0': {'_a1_': 0.3163147600030149, '_a3_': -0.9866178112495777, '_a4_': -2.155191446493888, '_a5_': -0.31940524909872514, '_a0_': 1.0, '_a2_': 1.0, '_a6_': 1.0, '_a7_': 1.0}};{'d0': 0.036281008076386644};-253.903979024421;41.84035513953998
1264;-85.1116343726706;((sinh(((-(x) / _a1_) + (_a3_ + _a1_))) / _a4_) + _a5_);{'d0': {'_a1_': 0.3163147600030149, '_a3_': -0.9866178112495777, '_a4_': -2.155191446493888, '_a5_': -0.31940524909872514, '_a0_': 1.0, '_a2_': 1.0, '_a6_': 1.0, '_a7_': 1.0}};{'d0': 0.036281008076386644};-253.903979024421;41.84035513953998
1265;-85.1116343726706;((sinh(((-(x) / _a1_) + (_a3_ + _a1_))) / _a4_) + _a5_);{'d0': {'_a1_': 0.3163147600030149, '_a3_': -0.9866178112495777, '_a4_': -2.155191446493888, '_a5_': -0.31940524909872514, '_a0_': 1.0, '_a2_': 1.0, '_a6_': 1.0, '_a7_': 1.0}};{'d0': 0.036281008076386644};-253.903979024421;41.84035513953998
1266;-85.1116343726706;((sinh(((-(x) / _a1_) + (_a3_ + _a1_))) / _a4_) + _a5_);{'d0': {'_a1_': 0.3163147600030149, '_a3_': -0.9866178112495777, '_a4_': -2.155191446493888, '_a5_': -0.31940524909872514, '_a0_': 1.0, '_a2_': 1.0, '_a6_': 1.0, '_a7_': 1.0}};{'d0': 0.036281008076386644};-253.903979024421;41.84035513953998
1267;-85.1116343726706;((sinh(((-(x) / _a1_) + (_a3_ + _a1_))) / _a4_) + _a5_);{'d0': {'_a1_': 0.3163147600030149, '_a3_': -0.9866178112495777, '_a4_': -2.155191446493888, '_a5_': -0.31940524909872514, '_a0_': 1.0, '_a2_': 1.0, '_a6_': 1.0, '_a7_': 1.0}};{'d0': 0.036281008076386644};-253.903979024421;41.84035513953998
1268;-85.1116343726706;((sinh(((-(x) / _a1_) + (_a3_ + _a1_))) / _a4_) + _a5_);{'d0': {'_a1_': 0.3163147600030149, '_a3_': -0.9866178112495777, '_a4_': -2.155191446493888, '_a5_': -0.31940524909872514, '_a0_': 1.0, '_a2_': 1.0, '_a6_': 1.0, '_a7_': 1.0}};{'d0': 0.036281008076386644};-253.903979024421;41.84035513953998
1269;-85.1116343726706;((sinh(((-(x) / _a1_) + (_a3_ + _a1_))) / _a4_) + _a5_);{'d0': {'_a1_': 0.3163147600030149, '_a3_': -0.9866178112495777, '_a4_': -2.155191446493888, '_a5_': -0.31940524909872514, '_a0_': 1.0, '_a2_': 1.0, '_a6_': 1.0, '_a7_': 1.0}};{'d0': 0.036281008076386644};-253.903979024421;41.84035513953998
1270;-85.1116343726706;((sinh(((-(x) / _a1_) + (_a3_ + _a1_))) / _a4_) + _a5_);{'d0': {'_a1_': 0.3163147600030149, '_a3_': -0.9866178112495777, '_a4_': -2.155191446493888, '_a5_': -0.31940524909872514, '_a0_': 1.0, '_a2_': 1.0, '_a6_': 1.0, '_a7_': 1.0}};{'d0': 0.036281008076386644};-253.903979024421;41.84035513953998
1271;-85.1116343726706;((sinh(((-(x) / _a1_) + (_a3_ + _a1_))) / _a4_) + _a5_);{'d0': {'_a1_': 0.3163147600030149, '_a3_': -0.9866178112495777, '_a4_': -2.155191446493888, '_a5_': -0.31940524909872514, '_a0_': 1.0, '_a2_': 1.0, '_a6_': 1.0, '_a7_': 1.0}};{'d0': 0.036281008076386644};-253.903979024421;41.84035513953998
1272;-85.1116343726706;((sinh(((-(x) / _a1_) + (_a3_ + _a1_))) / _a4_) + _a5_);{'d0': {'_a1_': 0.3163147600030149, '_a3_': -0.9866178112495777, '_a4_': -2.155191446493888, '_a5_': -0.31940524909872514, '_a0_': 1.0, '_a2_': 1.0, '_a6_': 1.0, '_a7_': 1.0}};{'d0': 0.036281008076386644};-253.903979024421;41.84035513953998
1273;-85.1116343726706;((sinh(((-(x) / _a1_) + (_a3_ + _a1_))) / _a4_) + _a5_);{'d0': {'_a1_': 0.3163147600030149, '_a3_': -0.9866178112495777, '_a4_': -2.155191446493888, '_a5_': -0.31940524909872514, '_a0_': 1.0, '_a2_': 1.0, '_a6_': 1.0, '_a7_': 1.0}};{'d0': 0.036281008076386644};-253.903979024421;41.84035513953998
1274;-85.1116343726706;((sinh(((-(x) / _a1_) + (_a3_ + _a1_))) / _a4_) + _a5_);{'d0': {'_a1_': 0.3163147600030149, '_a3_': -0.9866178112495777, '_a4_': -2.155191446493888, '_a5_': -0.31940524909872514, '_a0_': 1.0, '_a2_': 1.0, '_a6_': 1.0, '_a7_': 1.0}};{'d0': 0.036281008076386644};-253.903979024421;41.84035513953998
1275;-85.1116343726706;((sinh(((-(x) / _a1_) + (_a3_ + _a1_))) / _a4_) + _a5_);{'d0': {'_a1_': 0.3163147600030149, '_a3_': -0.9866178112495777, '_a4_': -2.155191446493888, '_a5_': -0.31940524909872514, '_a0_': 1.0, '_a2_': 1.0, '_a6_': 1.0, '_a7_': 1.0}};{'d0': 0.036281008076386644};-253.903979024421;41.84035513953998
1276;-85.1116343726706;((sinh(((-(x) / _a1_) + (_a3_ + _a1_))) / _a4_) + _a5_);{'d0': {'_a1_': 0.3163147600030149, '_a3_': -0.9866178112495777, '_a4_': -2.155191446493888, '_a5_': -0.31940524909872514, '_a0_': 1.0, '_a2_': 1.0, '_a6_': 1.0, '_a7_': 1.0}};{'d0': 0.036281008076386644};-253.903979024421;41.84035513953998
1277;-85.1116343726706;((sinh(((-(x) / _a1_) + (_a3_ + _a1_))) / _a4_) + _a5_);{'d0': {'_a1_': 0.3163147600030149, '_a3_': -0.9866178112495777, '_a4_': -2.155191446493888, '_a5_': -0.31940524909872514, '_a0_': 1.0, '_a2_': 1.0, '_a6_': 1.0, '_a7_': 1.0}};{'d0': 0.036281008076386644};-253.903979024421;41.84035513953998
1278;-85.1116343726706;((sinh(((-(x) / _a1_) + (_a3_ + _a1_))) / _a4_) + _a5_);{'d0': {'_a1_': 0.3163147600030149, '_a3_': -0.9866178112495777, '_a4_': -2.155191446493888, '_a5_': -0.31940524909872514, '_a0_': 1.0, '_a2_': 1.0, '_a6_': 1.0, '_a7_': 1.0}};{'d0': 0.036281008076386644};-253.903979024421;41.84035513953998
1279;-85.1116343726706;((sinh(((-(x) / _a1_) + (_a3_ + _a1_))) / _a4_) + _a5_);{'d0': {'_a1_': 0.3163147600030149, '_a3_': -0.9866178112495777, '_a4_': -2.155191446493888, '_a5_': -0.31940524909872514, '_a0_': 1.0, '_a2_': 1.0, '_a6_': 1.0, '_a7_': 1.0}};{'d0': 0.036281008076386644};-253.903979024421;41.84035513953998
1280;-85.1116343726706;((sinh(((-(x) / _a1_) + (_a3_ + _a1_))) / _a4_) + _a5_);{'d0': {'_a1_': 0.3163147600030149, '_a3_': -0.9866178112495777, '_a4_': -2.155191446493888, '_a5_': -0.31940524909872514, '_a0_': 1.0, '_a2_': 1.0, '_a6_': 1.0, '_a7_': 1.0}};{'d0': 0.036281008076386644};-253.903979024421;41.84035513953998
1281;-85.1116343726706;((sinh(((-(x) / _a1_) + (_a3_ + _a1_))) / _a4_) + _a5_);{'d0': {'_a1_': 0.3163147600030149, '_a3_': -0.9866178112495777, '_a4_': -2.155191446493888, '_a5_': -0.31940524909872514, '_a0_': 1.0, '_a2_': 1.0, '_a6_': 1.0, '_a7_': 1.0}};{'d0': 0.036281008076386644};-253.903979024421;41.84035513953998
1282;-85.1116343726706;((sinh(((-(x) / _a1_) + (_a3_ + _a1_))) / _a4_) + _a5_);{'d0': {'_a1_': 0.3163147600030149, '_a3_': -0.9866178112495777, '_a4_': -2.155191446493888, '_a5_': -0.31940524909872514, '_a0_': 1.0, '_a2_': 1.0, '_a6_': 1.0, '_a7_': 1.0}};{'d0': 0.036281008076386644};-253.903979024421;41.84035513953998
1283;-85.1116343726706;((sinh(((-(x) / _a1_) + (_a3_ + _a1_))) / _a4_) + _a5_);{'d0': {'_a1_': 0.3163147600030149, '_a3_': -0.9866178112495777, '_a4_': -2.155191446493888, '_a5_': -0.31940524909872514, '_a0_': 1.0, '_a2_': 1.0, '_a6_': 1.0, '_a7_': 1.0}};{'d0': 0.036281008076386644};-253.903979024421;41.84035513953998
1284;-85.1116343726706;((sinh(((-(x) / _a1_) + (_a3_ + _a1_))) / _a4_) + _a5_);{'d0': {'_a1_': 0.3163147600030149, '_a3_': -0.9866178112495777, '_a4_': -2.155191446493888, '_a5_': -0.31940524909872514, '_a0_': 1.0, '_a2_': 1.0, '_a6_': 1.0, '_a7_': 1.0}};{'d0': 0.036281008076386644};-253.903979024421;41.84035513953998
1285;-85.1116343726706;((sinh(((-(x) / _a1_) + (_a3_ + _a1_))) / _a4_) + _a5_);{'d0': {'_a1_': 0.3163147600030149, '_a3_': -0.9866178112495777, '_a4_': -2.155191446493888, '_a5_': -0.31940524909872514, '_a0_': 1.0, '_a2_': 1.0, '_a6_': 1.0, '_a7_': 1.0}};{'d0': 0.036281008076386644};-253.903979024421;41.84035513953998
1286;-80.3793663061795;((sinh(((-((_a3_ * x)) / _a1_) + (_a3_ + _a1_))) / _a4_) + _a5_);{'d0': {'_a1_': -0.1610760244138705, '_a3_': -0.509227023236858, '_a4_': -2.1551914253083067, '_a5_': -0.3194052489472684, '_a0_': 1.0, '_a2_': 1.0, '_a6_': 1.0, '_a7_': 1.0}};{'d0': 0.036281008076386734};-253.903979024421;46.57262320603098
1287;-80.3793663061795;((sinh(((-((_a3_ * x)) / _a1_) + (_a3_ + _a1_))) / _a4_) + _a5_);{'d0': {'_a1_': -0.1610760244138705, '_a3_': -0.509227023236858, '_a4_': -2.1551914253083067, '_a5_': -0.3194052489472684, '_a0_': 1.0, '_a2_': 1.0, '_a6_': 1.0, '_a7_': 1.0}};{'d0': 0.036281008076386734};-253.903979024421;46.57262320603098
1288;-80.3793663061795;((sinh(((-((_a3_ * x)) / _a1_) + (_a3_ + _a1_))) / _a4_) + _a5_);{'d0': {'_a1_': -0.1610760244138705, '_a3_': -0.509227023236858, '_a4_': -2.1551914253083067, '_a5_': -0.3194052489472684, '_a0_': 1.0, '_a2_': 1.0, '_a6_': 1.0, '_a7_': 1.0}};{'d0': 0.036281008076386734};-253.903979024421;46.57262320603098
1289;-80.3793663061795;((sinh(((-((_a3_ * x)) / _a1_) + (_a3_ + _a1_))) / _a4_) + _a5_);{'d0': {'_a1_': -0.1610760244138705, '_a3_': -0.509227023236858, '_a4_': -2.1551914253083067, '_a5_': -0.3194052489472684, '_a0_': 1.0, '_a2_': 1.0, '_a6_': 1.0, '_a7_': 1.0}};{'d0': 0.036281008076386734};-253.903979024421;46.57262320603098
1290;-80.3793663061795;((sinh(((-((_a3_ * x)) / _a1_) + (_a3_ + _a1_))) / _a4_) + _a5_);{'d0': {'_a1_': -0.1610760244138705, '_a3_': -0.509227023236858, '_a4_': -2.1551914253083067, '_a5_': -0.3194052489472684, '_a0_': 1.0, '_a2_': 1.0, '_a6_': 1.0, '_a7_': 1.0}};{'d0': 0.036281008076386734};-253.903979024421;46.57262320603098
1291;-80.3793663061795;((sinh(((-((_a3_ * x)) / _a1_) + (_a3_ + _a1_))) / _a4_) + _a5_);{'d0': {'_a1_': -0.1610760244138705, '_a3_': -0.509227023236858, '_a4_': -2.1551914253083067, '_a5_': -0.3194052489472684, '_a0_': 1.0, '_a2_': 1.0, '_a6_': 1.0, '_a7_': 1.0}};{'d0': 0.036281008076386734};-253.903979024421;46.57262320603098
1292;-96.3717284982577;(((sqrt((_a0_ ** x)) + pow2(x)) + _a7_) * (x * sqrt(_a2_)));{'d0': {'_a0_': 4.547834607430359, '_a2_': 7.580957249923092, '_a7_': -0.3661203308238436, '_a1_': 1.0, '_a3_': 1.0, '_a4_': 1.0, '_a5_': 1.0, '_a6_': 1.0}};{'d0': 0.026177459310289752};-277.582065710743;42.41930435711401
1293;-96.3717284982577;(((sqrt((_a0_ ** x)) + pow2(x)) + _a7_) * (x * sqrt(_a2_)));{'d0': {'_a0_': 4.547834607430359, '_a2_': 7.580957249923092, '_a7_': -0.3661203308238436, '_a1_': 1.0, '_a3_': 1.0, '_a4_': 1.0, '_a5_': 1.0, '_a6_': 1.0}};{'d0': 0.026177459310289752};-277.582065710743;42.41930435711401
1294;-96.3717284982577;(((sqrt((_a0_ ** x)) + pow2(x)) + _a7_) * (x * sqrt(_a2_)));{'d0': {'_a0_': 4.547834607430359, '_a2_': 7.580957249923092, '_a7_': -0.3661203308238436, '_a1_': 1.0, '_a3_': 1.0, '_a4_': 1.0, '_a5_': 1.0, '_a6_': 1.0}};{'d0': 0.026177459310289752};-277.582065710743;42.41930435711401
1295;-96.3717284982577;(((sqrt((_a0_ ** x)) + pow2(x)) + _a7_) * (x * sqrt(_a2_)));{'d0': {'_a0_': 4.547834607430359, '_a2_': 7.580957249923092, '_a7_': -0.3661203308238436, '_a1_': 1.0, '_a3_': 1.0, '_a4_': 1.0, '_a5_': 1.0, '_a6_': 1.0}};{'d0': 0.026177459310289752};-277.582065710743;42.41930435711401
1296;-96.3717284982577;(((sqrt((_a0_ ** x)) + pow2(x)) + _a7_) * (x * sqrt(_a2_)));{'d0': {'_a0_': 4.547834607430359, '_a2_': 7.580957249923092, '_a7_': -0.3661203308238436, '_a1_': 1.0, '_a3_': 1.0, '_a4_': 1.0, '_a5_': 1.0, '_a6_': 1.0}};{'d0': 0.026177459310289752};-277.582065710743;42.41930435711401
1297;-96.3717284982577;(((sqrt((_a0_ ** x)) + pow2(x)) + _a7_) * (x * sqrt(_a2_)));{'d0': {'_a0_': 4.547834607430359, '_a2_': 7.580957249923092, '_a7_': -0.3661203308238436, '_a1_': 1.0, '_a3_': 1.0, '_a4_': 1.0, '_a5_': 1.0, '_a6_': 1.0}};{'d0': 0.026177459310289752};-277.582065710743;42.41930435711401
1298;-96.3717284982577;(((sqrt((_a0_ ** x)) + pow2(x)) + _a7_) * (x * sqrt(_a2_)));{'d0': {'_a0_': 4.547834607430359, '_a2_': 7.580957249923092, '_a7_': -0.3661203308238436, '_a1_': 1.0, '_a3_': 1.0, '_a4_': 1.0, '_a5_': 1.0, '_a6_': 1.0}};{'d0': 0.026177459310289752};-277.582065710743;42.41930435711401
1299;-96.3717284982577;(((sqrt((_a0_ ** x)) + pow2(x)) + _a7_) * (x * sqrt(_a2_)));{'d0': {'_a0_': 4.547834607430359, '_a2_': 7.580957249923092, '_a7_': -0.3661203308238436, '_a1_': 1.0, '_a3_': 1.0, '_a4_': 1.0, '_a5_': 1.0, '_a6_': 1.0}};{'d0': 0.026177459310289752};-277.582065710743;42.41930435711401
1300;-96.3717284982577;(((sqrt((_a0_ ** x)) + pow2(x)) + _a7_) * (x * sqrt(_a2_)));{'d0': {'_a0_': 4.547834607430359, '_a2_': 7.580957249923092, '_a7_': -0.3661203308238436, '_a1_': 1.0, '_a3_': 1.0, '_a4_': 1.0, '_a5_': 1.0, '_a6_': 1.0}};{'d0': 0.026177459310289752};-277.582065710743;42.41930435711401
1301;-96.3717284982577;(((sqrt((_a0_ ** x)) + pow2(x)) + _a7_) * (x * sqrt(_a2_)));{'d0': {'_a0_': 4.547834607430359, '_a2_': 7.580957249923092, '_a7_': -0.3661203308238436, '_a1_': 1.0, '_a3_': 1.0, '_a4_': 1.0, '_a5_': 1.0, '_a6_': 1.0}};{'d0': 0.026177459310289752};-277.582065710743;42.41930435711401
1302;-96.3717284982577;(((sqrt((_a0_ ** x)) + pow2(x)) + _a7_) * (x * sqrt(_a2_)));{'d0': {'_a0_': 4.547834607430359, '_a2_': 7.580957249923092, '_a7_': -0.3661203308238436, '_a1_': 1.0, '_a3_': 1.0, '_a4_': 1.0, '_a5_': 1.0, '_a6_': 1.0}};{'d0': 0.026177459310289752};-277.582065710743;42.41930435711401
1303;-96.3717284982577;(((sqrt((_a0_ ** x)) + pow2(x)) + _a7_) * (x * sqrt(_a2_)));{'d0': {'_a0_': 4.547834607430359, '_a2_': 7.580957249923092, '_a7_': -0.3661203308238436, '_a1_': 1.0, '_a3_': 1.0, '_a4_': 1.0, '_a5_': 1.0, '_a6_': 1.0}};{'d0': 0.026177459310289752};-277.582065710743;42.41930435711401
1304;-96.3717284982577;(((sqrt((_a0_ ** x)) + pow2(x)) + _a7_) * (x * sqrt(_a2_)));{'d0': {'_a0_': 4.547834607430359, '_a2_': 7.580957249923092, '_a7_': -0.3661203308238436, '_a1_': 1.0, '_a3_': 1.0, '_a4_': 1.0, '_a5_': 1.0, '_a6_': 1.0}};{'d0': 0.026177459310289752};-277.582065710743;42.41930435711401
1305;-96.3717284982577;(((sqrt((_a0_ ** x)) + pow2(x)) + _a7_) * (x * sqrt(_a2_)));{'d0': {'_a0_': 4.547834607430359, '_a2_': 7.580957249923092, '_a7_': -0.3661203308238436, '_a1_': 1.0, '_a3_': 1.0, '_a4_': 1.0, '_a5_': 1.0, '_a6_': 1.0}};{'d0': 0.026177459310289752};-277.582065710743;42.41930435711401
1306;-96.3717284982577;(((sqrt((_a0_ ** x)) + pow2(x)) + _a7_) * (x * sqrt(_a2_)));{'d0': {'_a0_': 4.547834607430359, '_a2_': 7.580957249923092, '_a7_': -0.3661203308238436, '_a1_': 1.0, '_a3_': 1.0, '_a4_': 1.0, '_a5_': 1.0, '_a6_': 1.0}};{'d0': 0.026177459310289752};-277.582065710743;42.41930435711401
1307;-96.3717284982577;(((sqrt((_a0_ ** x)) + pow2(x)) + _a7_) * (x * sqrt(_a2_)));{'d0': {'_a0_': 4.547834607430359, '_a2_': 7.580957249923092, '_a7_': -0.3661203308238436, '_a1_': 1.0, '_a3_': 1.0, '_a4_': 1.0, '_a5_': 1.0, '_a6_': 1.0}};{'d0': 0.026177459310289752};-277.582065710743;42.41930435711401
1308;-96.3717284982577;(((sqrt((_a0_ ** x)) + pow2(x)) + _a7_) * (x * sqrt(_a2_)));{'d0': {'_a0_': 4.547834607430359, '_a2_': 7.580957249923092, '_a7_': -0.3661203308238436, '_a1_': 1.0, '_a3_': 1.0, '_a4_': 1.0, '_a5_': 1.0, '_a6_': 1.0}};{'d0': 0.026177459310289752};-277.582065710743;42.41930435711401
1309;-96.3717284982577;(((sqrt((_a0_ ** x)) + pow2(x)) + _a7_) * (x * sqrt(_a2_)));{'d0': {'_a0_': 4.547834607430359, '_a2_': 7.580957249923092, '_a7_': -0.3661203308238436, '_a1_': 1.0, '_a3_': 1.0, '_a4_': 1.0, '_a5_': 1.0, '_a6_': 1.0}};{'d0': 0.026177459310289752};-277.582065710743;42.41930435711401
1310;-86.2827207640609;((sinh((((_a6_ ** x) * _a5_) + (x * _a1_))) * _a2_) + _a0_);{'d0': {'_a0_': -0.2799617431211601, '_a1_': 2.828401383658969, '_a2_': 0.45761401016012165, '_a5_': 0.6090769601409166, '_a6_': 1.9311183500259619, '_a3_': 1.0, '_a4_': 1.0, '_a7_': 1.0}};{'d0': 0.03276542142410518};-255.924875048600;41.67971676023901
1311;-82.6027735995864;((sinh((((_a6_ ** x) * _a5_) + (x * -(_a7_)))) * _a2_) + _a0_);{'d0': {'_a0_': -0.27996502928161177, '_a2_': 0.4576143592034209, '_a5_': 0.6090823293488168, '_a6_': 1.9310559324590326, '_a7_': -2.8284129101834603, '_a1_': 1.0, '_a3_': 1.0, '_a4_': 1.0}};{'d0': 0.03276542142870776};-255.924875040172;45.3596639204994
1312;-82.6027735995864;((sinh((((_a6_ ** x) * _a5_) + (x * -(_a7_)))) * _a2_) + _a0_);{'d0': {'_a0_': -0.27996502928161177, '_a2_': 0.4576143592034209, '_a5_': 0.6090823293488168, '_a6_': 1.9310559324590326, '_a7_': -2.8284129101834603, '_a1_': 1.0, '_a3_': 1.0, '_a4_': 1.0}};{'d0': 0.03276542142870776};-255.924875040172;45.3596639204994
1313;-82.6027735995864;((sinh((((_a6_ ** x) * _a5_) + (x * -(_a7_)))) * _a2_) + _a0_);{'d0': {'_a0_': -0.27996502928161177, '_a2_': 0.4576143592034209, '_a5_': 0.6090823293488168, '_a6_': 1.9310559324590326, '_a7_': -2.8284129101834603, '_a1_': 1.0, '_a3_': 1.0, '_a4_': 1.0}};{'d0': 0.03276542142870776};-255.924875040172;45.3596639204994
1314;-82.6027735995864;((sinh((((_a6_ ** x) * _a5_) + (x * -(_a7_)))) * _a2_) + _a0_);{'d0': {'_a0_': -0.27996502928161177, '_a2_': 0.4576143592034209, '_a5_': 0.6090823293488168, '_a6_': 1.9310559324590326, '_a7_': -2.8284129101834603, '_a1_': 1.0, '_a3_': 1.0, '_a4_': 1.0}};{'d0': 0.03276542142870776};-255.924875040172;45.3596639204994
1315;-82.6027735995864;((sinh((((_a6_ ** x) * _a5_) + (x * -(_a7_)))) * _a2_) + _a0_);{'d0': {'_a0_': -0.27996502928161177, '_a2_': 0.4576143592034209, '_a5_': 0.6090823293488168, '_a6_': 1.9310559324590326, '_a7_': -2.8284129101834603, '_a1_': 1.0, '_a3_': 1.0, '_a4_': 1.0}};{'d0': 0.03276542142870776};-255.924875040172;45.3596639204994
1316;-82.6027735995864;((sinh((((_a6_ ** x) * _a5_) + (x * -(_a7_)))) * _a2_) + _a0_);{'d0': {'_a0_': -0.27996502928161177, '_a2_': 0.4576143592034209, '_a5_': 0.6090823293488168, '_a6_': 1.9310559324590326, '_a7_': -2.8284129101834603, '_a1_': 1.0, '_a3_': 1.0, '_a4_': 1.0}};{'d0': 0.03276542142870776};-255.924875040172;45.3596639204994
1317;-82.6027735995864;((sinh((((_a6_ ** x) * _a5_) + (x * -(_a7_)))) * _a2_) + _a0_);{'d0': {'_a0_': -0.27996502928161177, '_a2_': 0.4576143592034209, '_a5_': 0.6090823293488168, '_a6_': 1.9310559324590326, '_a7_': -2.8284129101834603, '_a1_': 1.0, '_a3_': 1.0, '_a4_': 1.0}};{'d0': 0.03276542142870776};-255.924875040172;45.3596639204994
1318;-82.6027735995864;((sinh((((_a6_ ** x) * _a5_) + (x * -(_a7_)))) * _a2_) + _a0_);{'d0': {'_a0_': -0.27996502928161177, '_a2_': 0.4576143592034209, '_a5_': 0.6090823293488168, '_a6_': 1.9310559324590326, '_a7_': -2.8284129101834603, '_a1_': 1.0, '_a3_': 1.0, '_a4_': 1.0}};{'d0': 0.03276542142870776};-255.924875040172;45.3596639204994
1319;-82.6027735995864;((sinh((((_a6_ ** x) * _a5_) + (x * -(_a7_)))) * _a2_) + _a0_);{'d0': {'_a0_': -0.27996502928161177, '_a2_': 0.4576143592034209, '_a5_': 0.6090823293488168, '_a6_': 1.9310559324590326, '_a7_': -2.8284129101834603, '_a1_': 1.0, '_a3_': 1.0, '_a4_': 1.0}};{'d0': 0.03276542142870776};-255.924875040172;45.3596639204994
1320;-82.6027735995864;((sinh((((_a6_ ** x) * _a5_) + (x * -(_a7_)))) * _a2_) + _a0_);{'d0': {'_a0_': -0.27996502928161177, '_a2_': 0.4576143592034209, '_a5_': 0.6090823293488168, '_a6_': 1.9310559324590326, '_a7_': -2.8284129101834603, '_a1_': 1.0, '_a3_': 1.0, '_a4_': 1.0}};{'d0': 0.03276542142870776};-255.924875040172;45.3596639204994
1321;-91.0125119708044;((sinh(((x + _a0_) / (_a2_ * _a0_))) * _a7_) + _a1_);{'d0': {'_a0_': 0.21202674889627596, '_a1_': -0.3194052492836875, '_a2_': 1.4918625190932453, '_a7_': 0.46399590155706005, '_a3_': 1.0, '_a4_': 1.0, '_a5_': 1.0, '_a6_': 1.0}};{'d0': 0.036281008076386345};-253.903979024422;35.9394775414064
1322;-91.0125119708044;((sinh(((x + _a0_) / (_a2_ * _a0_))) * _a7_) + _a1_);{'d0': {'_a0_': 0.21202674889627596, '_a1_': -0.3194052492836875, '_a2_': 1.4918625190932453, '_a7_': 0.46399590155706005, '_a3_': 1.0, '_a4_': 1.0, '_a5_': 1.0, '_a6_': 1.0}};{'d0': 0.036281008076386345};-253.903979024422;35.9394775414064
1323;-91.0125119708044;((sinh(((x + _a0_) / (_a2_ * _a0_))) * _a7_) + _a1_);{'d0': {'_a0_': 0.21202674889627596, '_a1_': -0.3194052492836875, '_a2_': 1.4918625190932453, '_a7_': 0.46399590155706005, '_a3_': 1.0, '_a4_': 1.0, '_a5_': 1.0, '_a6_': 1.0}};{'d0': 0.036281008076386345};-253.903979024422;35.9394775414064
1324;-91.0125119708044;((sinh(((x + _a0_) / (_a2_ * _a0_))) * _a7_) + _a1_);{'d0': {'_a0_': 0.21202674889627596, '_a1_': -0.3194052492836875, '_a2_': 1.4918625190932453, '_a7_': 0.46399590155706005, '_a3_': 1.0, '_a4_': 1.0, '_a5_': 1.0, '_a6_': 1.0}};{'d0': 0.036281008076386345};-253.903979024422;35.9394775414064
1325;-91.0125119708044;((sinh(((x + _a0_) / (_a2_ * _a0_))) * _a7_) + _a1_);{'d0': {'_a0_': 0.21202674889627596, '_a1_': -0.3194052492836875, '_a2_': 1.4918625190932453, '_a7_': 0.46399590155706005, '_a3_': 1.0, '_a4_': 1.0, '_a5_': 1.0, '_a6_': 1.0}};{'d0': 0.036281008076386345};-253.903979024422;35.9394775414064
1326;-91.0125119708044;((sinh(((x + _a0_) / (_a2_ * _a0_))) * _a7_) + _a1_);{'d0': {'_a0_': 0.21202674889627596, '_a1_': -0.3194052492836875, '_a2_': 1.4918625190932453, '_a7_': 0.46399590155706005, '_a3_': 1.0, '_a4_': 1.0, '_a5_': 1.0, '_a6_': 1.0}};{'d0': 0.036281008076386345};-253.903979024422;35.9394775414064
1327;-91.0125119708044;((sinh(((x + _a0_) / (_a2_ * _a0_))) * _a7_) + _a1_);{'d0': {'_a0_': 0.21202674889627596, '_a1_': -0.3194052492836875, '_a2_': 1.4918625190932453, '_a7_': 0.46399590155706005, '_a3_': 1.0, '_a4_': 1.0, '_a5_': 1.0, '_a6_': 1.0}};{'d0': 0.036281008076386345};-253.903979024422;35.9394775414064
1328;-82.6027735995864;((sinh((((_a6_ ** x) * _a5_) + (x * -(_a7_)))) * _a2_) + _a0_);{'d0': {'_a0_': -0.27996502928161177, '_a2_': 0.4576143592034209, '_a5_': 0.6090823293488168, '_a6_': 1.9310559324590326, '_a7_': -2.8284129101834603, '_a1_': 1.0, '_a3_': 1.0, '_a4_': 1.0}};{'d0': 0.03276542142870776};-255.924875040172;45.3596639204994
1329;-82.6027735995864;((sinh((((_a6_ ** x) * _a5_) + (x * -(_a7_)))) * _a2_) + _a0_);{'d0': {'_a0_': -0.27996502928161177, '_a2_': 0.4576143592034209, '_a5_': 0.6090823293488168, '_a6_': 1.9310559324590326, '_a7_': -2.8284129101834603, '_a1_': 1.0, '_a3_': 1.0, '_a4_': 1.0}};{'d0': 0.03276542142870776};-255.924875040172;45.3596639204994
1330;-86.2827207666620;((sinh((((_a6_ ** x) * _a5_) + (x * _a7_))) * _a2_) + _a0_);{'d0': {'_a0_': -0.27996374506657973, '_a2_': -0.45761422207424785, '_a5_': -0.60908023148105, '_a6_': 1.9310803311914095, '_a7_': -2.828408410641334, '_a1_': 1.0, '_a3_': 1.0, '_a4_': 1.0}};{'d0': 0.03276542142126436};-255.924875053802;41.67971676023901
1331;-86.2827207666620;((sinh((((_a6_ ** x) * _a5_) + (x * _a7_))) * _a2_) + _a0_);{'d0': {'_a0_': -0.27996374506657973, '_a2_': -0.45761422207424785, '_a5_': -0.60908023148105, '_a6_': 1.9310803311914095, '_a7_': -2.828408410641334, '_a1_': 1.0, '_a3_': 1.0, '_a4_': 1.0}};{'d0': 0.03276542142126436};-255.924875053802;41.67971676023901
1332;-86.2827207666620;((sinh((((_a6_ ** x) * _a5_) + (x * _a7_))) * _a2_) + _a0_);{'d0': {'_a0_': -0.27996374506657973, '_a2_': -0.45761422207424785, '_a5_': -0.60908023148105, '_a6_': 1.9310803311914095, '_a7_': -2.828408410641334, '_a1_': 1.0, '_a3_': 1.0, '_a4_': 1.0}};{'d0': 0.03276542142126436};-255.924875053802;41.67971676023901
1333;-91.0125119708044;((sinh(((x + _a0_) / (_a2_ * _a0_))) * _a7_) + _a1_);{'d0': {'_a0_': 0.21202674889627596, '_a1_': -0.3194052492836875, '_a2_': 1.4918625190932453, '_a7_': 0.46399590155706005, '_a3_': 1.0, '_a4_': 1.0, '_a5_': 1.0, '_a6_': 1.0}};{'d0': 0.036281008076386345};-253.903979024422;35.9394775414064
1334;-91.0125119708044;((sinh(((x + _a0_) / (_a2_ * _a0_))) * _a7_) + _a1_);{'d0': {'_a0_': 0.21202674889627596, '_a1_': -0.3194052492836875, '_a2_': 1.4918625190932453, '_a7_': 0.46399590155706005, '_a3_': 1.0, '_a4_': 1.0, '_a5_': 1.0, '_a6_': 1.0}};{'d0': 0.036281008076386345};-253.903979024422;35.9394775414064
1335;-91.0125119708044;((sinh(((x + _a0_) / (_a2_ * _a0_))) * _a7_) + _a1_);{'d0': {'_a0_': 0.21202674889627596, '_a1_': -0.3194052492836875, '_a2_': 1.4918625190932453, '_a7_': 0.46399590155706005, '_a3_': 1.0, '_a4_': 1.0, '_a5_': 1.0, '_a6_': 1.0}};{'d0': 0.036281008076386345};-253.903979024422;35.9394775414064
1336;-91.0125119708044;((sinh(((x + _a0_) / (_a2_ * _a0_))) * _a7_) + _a1_);{'d0': {'_a0_': 0.21202674889627596, '_a1_': -0.3194052492836875, '_a2_': 1.4918625190932453, '_a7_': 0.46399590155706005, '_a3_': 1.0, '_a4_': 1.0, '_a5_': 1.0, '_a6_': 1.0}};{'d0': 0.036281008076386345};-253.903979024422;35.9394775414064
1337;-91.0125119708044;((sinh(((x + _a0_) / (_a2_ * _a0_))) * _a7_) + _a1_);{'d0': {'_a0_': 0.21202674889627596, '_a1_': -0.3194052492836875, '_a2_': 1.4918625190932453, '_a7_': 0.46399590155706005, '_a3_': 1.0, '_a4_': 1.0, '_a5_': 1.0, '_a6_': 1.0}};{'d0': 0.036281008076386345};-253.903979024422;35.9394775414064
1338;-91.0125119708044;((sinh(((x + _a0_) / (_a2_ * _a0_))) * _a7_) + _a1_);{'d0': {'_a0_': 0.21202674889627596, '_a1_': -0.3194052492836875, '_a2_': 1.4918625190932453, '_a7_': 0.46399590155706005, '_a3_': 1.0, '_a4_': 1.0, '_a5_': 1.0, '_a6_': 1.0}};{'d0': 0.036281008076386345};-253.903979024422;35.9394775414064
1339;-91.0125119708044;((sinh(((x + _a0_) / (_a2_ * _a0_))) * _a7_) + _a1_);{'d0': {'_a0_': 0.21202674889627596, '_a1_': -0.3194052492836875, '_a2_': 1.4918625190932453, '_a7_': 0.46399590155706005, '_a3_': 1.0, '_a4_': 1.0, '_a5_': 1.0, '_a6_': 1.0}};{'d0': 0.036281008076386345};-253.903979024422;35.9394775414064
1340;-91.0125119708044;((sinh(((x + _a0_) / (_a2_ * _a0_))) * _a7_) + _a1_);{'d0': {'_a0_': 0.21202674889627596, '_a1_': -0.3194052492836875, '_a2_': 1.4918625190932453, '_a7_': 0.46399590155706005, '_a3_': 1.0, '_a4_': 1.0, '_a5_': 1.0, '_a6_': 1.0}};{'d0': 0.036281008076386345};-253.903979024422;35.9394775414064
1341;-86.2827207666620;((sinh((((_a6_ ** x) * _a5_) + (x * _a7_))) * _a2_) + _a0_);{'d0': {'_a0_': -0.27996374506657973, '_a2_': -0.45761422207424785, '_a5_': -0.60908023148105, '_a6_': 1.9310803311914095, '_a7_': -2.828408410641334, '_a1_': 1.0, '_a3_': 1.0, '_a4_': 1.0}};{'d0': 0.03276542142126436};-255.924875053802;41.67971676023901
1342;-86.2827207666620;((sinh((((_a6_ ** x) * _a5_) + (x * _a7_))) * _a2_) + _a0_);{'d0': {'_a0_': -0.27996374506657973, '_a2_': -0.45761422207424785, '_a5_': -0.60908023148105, '_a6_': 1.9310803311914095, '_a7_': -2.828408410641334, '_a1_': 1.0, '_a3_': 1.0, '_a4_': 1.0}};{'d0': 0.03276542142126436};-255.924875053802;41.67971676023901
1343;-86.2827207666620;((sinh((((_a6_ ** x) * _a5_) + (x * _a7_))) * _a2_) + _a0_);{'d0': {'_a0_': -0.27996374506657973, '_a2_': -0.45761422207424785, '_a5_': -0.60908023148105, '_a6_': 1.9310803311914095, '_a7_': -2.828408410641334, '_a1_': 1.0, '_a3_': 1.0, '_a4_': 1.0}};{'d0': 0.03276542142126436};-255.924875053802;41.67971676023901
1344;-86.2827207666620;((sinh((((_a6_ ** x) * _a5_) + (x * _a7_))) * _a2_) + _a0_);{'d0': {'_a0_': -0.27996374506657973, '_a2_': -0.45761422207424785, '_a5_': -0.60908023148105, '_a6_': 1.9310803311914095, '_a7_': -2.828408410641334, '_a1_': 1.0, '_a3_': 1.0, '_a4_': 1.0}};{'d0': 0.03276542142126436};-255.924875053802;41.67971676023901
1345;-86.2827207666620;((sinh((((_a6_ ** x) * _a5_) + (x * _a7_))) * _a2_) + _a0_);{'d0': {'_a0_': -0.27996374506657973, '_a2_': -0.45761422207424785, '_a5_': -0.60908023148105, '_a6_': 1.9310803311914095, '_a7_': -2.828408410641334, '_a1_': 1.0, '_a3_': 1.0, '_a4_': 1.0}};{'d0': 0.03276542142126436};-255.924875053802;41.67971676023901
1346;-86.2827207666620;((sinh((((_a6_ ** x) * _a5_) + (x * _a7_))) * _a2_) + _a0_);{'d0': {'_a0_': -0.27996374506657973, '_a2_': -0.45761422207424785, '_a5_': -0.60908023148105, '_a6_': 1.9310803311914095, '_a7_': -2.828408410641334, '_a1_': 1.0, '_a3_': 1.0, '_a4_': 1.0}};{'d0': 0.03276542142126436};-255.924875053802;41.67971676023901
1347;-86.2827207666620;((sinh((((_a6_ ** x) * _a5_) + (x * _a7_))) * _a2_) + _a0_);{'d0': {'_a0_': -0.27996374506657973, '_a2_': -0.45761422207424785, '_a5_': -0.60908023148105, '_a6_': 1.9310803311914095, '_a7_': -2.828408410641334, '_a1_': 1.0, '_a3_': 1.0, '_a4_': 1.0}};{'d0': 0.03276542142126436};-255.924875053802;41.67971676023901
1348;-86.2827207666620;((sinh((((_a6_ ** x) * _a5_) + (x * _a7_))) * _a2_) + _a0_);{'d0': {'_a0_': -0.27996374506657973, '_a2_': -0.45761422207424785, '_a5_': -0.60908023148105, '_a6_': 1.9310803311914095, '_a7_': -2.828408410641334, '_a1_': 1.0, '_a3_': 1.0, '_a4_': 1.0}};{'d0': 0.03276542142126436};-255.924875053802;41.67971676023901
1349;-86.2827207666620;((sinh((((_a6_ ** x) * _a5_) + (x * _a7_))) * _a2_) + _a0_);{'d0': {'_a0_': -0.27996374506657973, '_a2_': -0.45761422207424785, '_a5_': -0.60908023148105, '_a6_': 1.9310803311914095, '_a7_': -2.828408410641334, '_a1_': 1.0, '_a3_': 1.0, '_a4_': 1.0}};{'d0': 0.03276542142126436};-255.924875053802;41.67971676023901
1350;-86.2827207666620;((sinh((((_a6_ ** x) * _a5_) + (x * _a7_))) * _a2_) + _a0_);{'d0': {'_a0_': -0.27996374506657973, '_a2_': -0.45761422207424785, '_a5_': -0.60908023148105, '_a6_': 1.9310803311914095, '_a7_': -2.828408410641334, '_a1_': 1.0, '_a3_': 1.0, '_a4_': 1.0}};{'d0': 0.03276542142126436};-255.924875053802;41.67971676023901
1351;-86.2827207666620;((sinh((((_a6_ ** x) * _a5_) + (x * _a7_))) * _a2_) + _a0_);{'d0': {'_a0_': -0.27996374506657973, '_a2_': -0.45761422207424785, '_a5_': -0.60908023148105, '_a6_': 1.9310803311914095, '_a7_': -2.828408410641334, '_a1_': 1.0, '_a3_': 1.0, '_a4_': 1.0}};{'d0': 0.03276542142126436};-255.924875053802;41.67971676023901
1352;-86.2827207666620;((sinh((((_a6_ ** x) * _a5_) + (x * _a7_))) * _a2_) + _a0_);{'d0': {'_a0_': -0.27996374506657973, '_a2_': -0.45761422207424785, '_a5_': -0.60908023148105, '_a6_': 1.9310803311914095, '_a7_': -2.828408410641334, '_a1_': 1.0, '_a3_': 1.0, '_a4_': 1.0}};{'d0': 0.03276542142126436};-255.924875053802;41.67971676023901
1353;-86.2827207666620;((sinh((((_a6_ ** x) * _a5_) + (x * _a7_))) * _a2_) + _a0_);{'d0': {'_a0_': -0.27996374506657973, '_a2_': -0.45761422207424785, '_a5_': -0.60908023148105, '_a6_': 1.9310803311914095, '_a7_': -2.828408410641334, '_a1_': 1.0, '_a3_': 1.0, '_a4_': 1.0}};{'d0': 0.03276542142126436};-255.924875053802;41.67971676023901
1354;-86.2827207666620;((sinh((((_a6_ ** x) * _a5_) + (x * _a7_))) * _a2_) + _a0_);{'d0': {'_a0_': -0.27996374506657973, '_a2_': -0.45761422207424785, '_a5_': -0.60908023148105, '_a6_': 1.9310803311914095, '_a7_': -2.828408410641334, '_a1_': 1.0, '_a3_': 1.0, '_a4_': 1.0}};{'d0': 0.03276542142126436};-255.924875053802;41.67971676023901
1355;-86.2827207666620;((sinh((((_a6_ ** x) * _a5_) + (x * _a7_))) * _a2_) + _a0_);{'d0': {'_a0_': -0.27996374506657973, '_a2_': -0.45761422207424785, '_a5_': -0.60908023148105, '_a6_': 1.9310803311914095, '_a7_': -2.828408410641334, '_a1_': 1.0, '_a3_': 1.0, '_a4_': 1.0}};{'d0': 0.03276542142126436};-255.924875053802;41.67971676023901
1356;-86.2827207666620;((sinh((((_a6_ ** x) * _a5_) + (x * _a7_))) * _a2_) + _a0_);{'d0': {'_a0_': -0.27996374506657973, '_a2_': -0.45761422207424785, '_a5_': -0.60908023148105, '_a6_': 1.9310803311914095, '_a7_': -2.828408410641334, '_a1_': 1.0, '_a3_': 1.0, '_a4_': 1.0}};{'d0': 0.03276542142126436};-255.924875053802;41.67971676023901
1357;-86.2827207666620;((sinh((((_a6_ ** x) * _a5_) + (x * _a7_))) * _a2_) + _a0_);{'d0': {'_a0_': -0.27996374506657973, '_a2_': -0.45761422207424785, '_a5_': -0.60908023148105, '_a6_': 1.9310803311914095, '_a7_': -2.828408410641334, '_a1_': 1.0, '_a3_': 1.0, '_a4_': 1.0}};{'d0': 0.03276542142126436};-255.924875053802;41.67971676023901
1358;-86.2827207666620;((sinh((((_a6_ ** x) * _a5_) + (x * _a7_))) * _a2_) + _a0_);{'d0': {'_a0_': -0.27996374506657973, '_a2_': -0.45761422207424785, '_a5_': -0.60908023148105, '_a6_': 1.9310803311914095, '_a7_': -2.828408410641334, '_a1_': 1.0, '_a3_': 1.0, '_a4_': 1.0}};{'d0': 0.03276542142126436};-255.924875053802;41.67971676023901
1359;-86.2827207666620;((sinh((((_a6_ ** x) * _a5_) + (x * _a7_))) * _a2_) + _a0_);{'d0': {'_a0_': -0.27996374506657973, '_a2_': -0.45761422207424785, '_a5_': -0.60908023148105, '_a6_': 1.9310803311914095, '_a7_': -2.828408410641334, '_a1_': 1.0, '_a3_': 1.0, '_a4_': 1.0}};{'d0': 0.03276542142126436};-255.924875053802;41.67971676023901
1360;-86.2827207666620;((sinh((((_a6_ ** x) * _a5_) + (x * _a7_))) * _a2_) + _a0_);{'d0': {'_a0_': -0.27996374506657973, '_a2_': -0.45761422207424785, '_a5_': -0.60908023148105, '_a6_': 1.9310803311914095, '_a7_': -2.828408410641334, '_a1_': 1.0, '_a3_': 1.0, '_a4_': 1.0}};{'d0': 0.03276542142126436};-255.924875053802;41.67971676023901
1361;-86.2827207666620;((sinh((((_a6_ ** x) * _a5_) + (x * _a7_))) * _a2_) + _a0_);{'d0': {'_a0_': -0.27996374506657973, '_a2_': -0.45761422207424785, '_a5_': -0.60908023148105, '_a6_': 1.9310803311914095, '_a7_': -2.828408410641334, '_a1_': 1.0, '_a3_': 1.0, '_a4_': 1.0}};{'d0': 0.03276542142126436};-255.924875053802;41.67971676023901
1362;-86.2827207666620;((sinh((((_a6_ ** x) * _a5_) + (x * _a7_))) * _a2_) + _a0_);{'d0': {'_a0_': -0.27996374506657973, '_a2_': -0.45761422207424785, '_a5_': -0.60908023148105, '_a6_': 1.9310803311914095, '_a7_': -2.828408410641334, '_a1_': 1.0, '_a3_': 1.0, '_a4_': 1.0}};{'d0': 0.03276542142126436};-255.924875053802;41.67971676023901
1363;-86.2827207666620;((sinh((((_a6_ ** x) * _a5_) + (x * _a7_))) * _a2_) + _a0_);{'d0': {'_a0_': -0.27996374506657973, '_a2_': -0.45761422207424785, '_a5_': -0.60908023148105, '_a6_': 1.9310803311914095, '_a7_': -2.828408410641334, '_a1_': 1.0, '_a3_': 1.0, '_a4_': 1.0}};{'d0': 0.03276542142126436};-255.924875053802;41.67971676023901
1364;-86.2827207675806;((sinh((((_a6_ ** x) * _a5_) + (x * _a7_))) * _a2_) + _a3_);{'d0': {'_a2_': -0.457614155048658, '_a3_': -0.27996311118386136, '_a5_': -0.6090791954187648, '_a6_': 1.9310923733345673, '_a7_': -2.8284061859719607, '_a0_': 1.0, '_a1_': 1.0, '_a4_': 1.0}};{'d0': 0.032765421420261016};-255.924875055639;41.67971676023901
1365;-86.2827207675806;((sinh((((_a6_ ** x) * _a5_) + (x * _a7_))) * _a2_) + _a3_);{'d0': {'_a2_': -0.457614155048658, '_a3_': -0.27996311118386136, '_a5_': -0.6090791954187648, '_a6_': 1.9310923733345673, '_a7_': -2.8284061859719607, '_a0_': 1.0, '_a1_': 1.0, '_a4_': 1.0}};{'d0': 0.032765421420261016};-255.924875055639;41.67971676023901
1366;-86.2827207675806;((sinh((((_a6_ ** x) * _a5_) + (x * _a7_))) * _a2_) + _a3_);{'d0': {'_a2_': -0.457614155048658, '_a3_': -0.27996311118386136, '_a5_': -0.6090791954187648, '_a6_': 1.9310923733345673, '_a7_': -2.8284061859719607, '_a0_': 1.0, '_a1_': 1.0, '_a4_': 1.0}};{'d0': 0.032765421420261016};-255.924875055639;41.67971676023901
1367;-86.2827207675806;((sinh((((_a6_ ** x) * _a5_) + (x * _a7_))) * _a2_) + _a3_);{'d0': {'_a2_': -0.457614155048658, '_a3_': -0.27996311118386136, '_a5_': -0.6090791954187648, '_a6_': 1.9310923733345673, '_a7_': -2.8284061859719607, '_a0_': 1.0, '_a1_': 1.0, '_a4_': 1.0}};{'d0': 0.032765421420261016};-255.924875055639;41.67971676023901
1368;-86.2827207675806;((sinh((((_a6_ ** x) * _a5_) + (x * _a7_))) * _a2_) + _a3_);{'d0': {'_a2_': -0.457614155048658, '_a3_': -0.27996311118386136, '_a5_': -0.6090791954187648, '_a6_': 1.9310923733345673, '_a7_': -2.8284061859719607, '_a0_': 1.0, '_a1_': 1.0, '_a4_': 1.0}};{'d0': 0.032765421420261016};-255.924875055639;41.67971676023901
1369;-86.2827207675806;((sinh((((_a6_ ** x) * _a5_) + (x * _a7_))) * _a2_) + _a3_);{'d0': {'_a2_': -0.457614155048658, '_a3_': -0.27996311118386136, '_a5_': -0.6090791954187648, '_a6_': 1.9310923733345673, '_a7_': -2.8284061859719607, '_a0_': 1.0, '_a1_': 1.0, '_a4_': 1.0}};{'d0': 0.032765421420261016};-255.924875055639;41.67971676023901
1370;-86.2827207675806;((sinh((((_a6_ ** x) * _a5_) + (x * _a7_))) * _a2_) + _a3_);{'d0': {'_a2_': -0.457614155048658, '_a3_': -0.27996311118386136, '_a5_': -0.6090791954187648, '_a6_': 1.9310923733345673, '_a7_': -2.8284061859719607, '_a0_': 1.0, '_a1_': 1.0, '_a4_': 1.0}};{'d0': 0.032765421420261016};-255.924875055639;41.67971676023901
1371;-86.2827207675806;((sinh((((_a6_ ** x) * _a5_) + (x * _a7_))) * _a2_) + _a3_);{'d0': {'_a2_': -0.457614155048658, '_a3_': -0.27996311118386136, '_a5_': -0.6090791954187648, '_a6_': 1.9310923733345673, '_a7_': -2.8284061859719607, '_a0_': 1.0, '_a1_': 1.0, '_a4_': 1.0}};{'d0': 0.032765421420261016};-255.924875055639;41.67971676023901
1372;-86.2827207675806;((sinh((((_a6_ ** x) * _a5_) + (x * _a7_))) * _a2_) + _a3_);{'d0': {'_a2_': -0.457614155048658, '_a3_': -0.27996311118386136, '_a5_': -0.6090791954187648, '_a6_': 1.9310923733345673, '_a7_': -2.8284061859719607, '_a0_': 1.0, '_a1_': 1.0, '_a4_': 1.0}};{'d0': 0.032765421420261016};-255.924875055639;41.67971676023901
1373;-86.2827207675806;((sinh((((_a6_ ** x) * _a5_) + (x * _a7_))) * _a2_) + _a3_);{'d0': {'_a2_': -0.457614155048658, '_a3_': -0.27996311118386136, '_a5_': -0.6090791954187648, '_a6_': 1.9310923733345673, '_a7_': -2.8284061859719607, '_a0_': 1.0, '_a1_': 1.0, '_a4_': 1.0}};{'d0': 0.032765421420261016};-255.924875055639;41.67971676023901
1374;-86.2827207675806;((sinh((((_a6_ ** x) * _a5_) + (x * _a7_))) * _a2_) + _a3_);{'d0': {'_a2_': -0.457614155048658, '_a3_': -0.27996311118386136, '_a5_': -0.6090791954187648, '_a6_': 1.9310923733345673, '_a7_': -2.8284061859719607, '_a0_': 1.0, '_a1_': 1.0, '_a4_': 1.0}};{'d0': 0.032765421420261016};-255.924875055639;41.67971676023901
1375;-86.2827207675806;((sinh((((_a6_ ** x) * _a5_) + (x * _a7_))) * _a2_) + _a3_);{'d0': {'_a2_': -0.457614155048658, '_a3_': -0.27996311118386136, '_a5_': -0.6090791954187648, '_a6_': 1.9310923733345673, '_a7_': -2.8284061859719607, '_a0_': 1.0, '_a1_': 1.0, '_a4_': 1.0}};{'d0': 0.032765421420261016};-255.924875055639;41.67971676023901
1376;-86.2827207675806;((sinh((((_a6_ ** x) * _a5_) + (x * _a7_))) * _a2_) + _a3_);{'d0': {'_a2_': -0.457614155048658, '_a3_': -0.27996311118386136, '_a5_': -0.6090791954187648, '_a6_': 1.9310923733345673, '_a7_': -2.8284061859719607, '_a0_': 1.0, '_a1_': 1.0, '_a4_': 1.0}};{'d0': 0.032765421420261016};-255.924875055639;41.67971676023901
1377;-86.2827207675806;((sinh((((_a6_ ** x) * _a5_) + (x * _a7_))) * _a2_) + _a3_);{'d0': {'_a2_': -0.457614155048658, '_a3_': -0.27996311118386136, '_a5_': -0.6090791954187648, '_a6_': 1.9310923733345673, '_a7_': -2.8284061859719607, '_a0_': 1.0, '_a1_': 1.0, '_a4_': 1.0}};{'d0': 0.032765421420261016};-255.924875055639;41.67971676023901
1378;-86.2827207675806;((sinh((((_a6_ ** x) * _a5_) + (x * _a7_))) * _a2_) + _a3_);{'d0': {'_a2_': -0.457614155048658, '_a3_': -0.27996311118386136, '_a5_': -0.6090791954187648, '_a6_': 1.9310923733345673, '_a7_': -2.8284061859719607, '_a0_': 1.0, '_a1_': 1.0, '_a4_': 1.0}};{'d0': 0.032765421420261016};-255.924875055639;41.67971676023901
1379;-82.6027736073238;-(((sinh((((_a6_ ** x) * _a5_) + (x * _a7_))) * _a2_) + _a3_));{'d0': {'_a2_': 0.45761414828720953, '_a3_': 0.27996305761275275, '_a5_': -0.6090791086315755, '_a6_': 1.931093393488502, '_a7_': -2.828406000553955, '_a0_': 1.0, '_a1_': 1.0, '_a4_': 1.0}};{'d0': 0.03276542142025708};-255.924875055646;45.3596639204994
1380;-82.6027736073238;-(((sinh((((_a6_ ** x) * _a5_) + (x * _a7_))) * _a2_) + _a3_));{'d0': {'_a2_': 0.45761414828720953, '_a3_': 0.27996305761275275, '_a5_': -0.6090791086315755, '_a6_': 1.931093393488502, '_a7_': -2.828406000553955, '_a0_': 1.0, '_a1_': 1.0, '_a4_': 1.0}};{'d0': 0.03276542142025708};-255.924875055646;45.3596639204994
1381;-82.6027736073238;-(((sinh((((_a6_ ** x) * _a5_) + (x * _a7_))) * _a2_) + _a3_));{'d0': {'_a2_': 0.45761414828720953, '_a3_': 0.27996305761275275, '_a5_': -0.6090791086315755, '_a6_': 1.931093393488502, '_a7_': -2.828406000553955, '_a0_': 1.0, '_a1_': 1.0, '_a4_': 1.0}};{'d0': 0.03276542142025708};-255.924875055646;45.3596639204994
1382;-82.6027736073238;-(((sinh((((_a6_ ** x) * _a5_) + (x * _a7_))) * _a2_) + _a3_));{'d0': {'_a2_': 0.45761414828720953, '_a3_': 0.27996305761275275, '_a5_': -0.6090791086315755, '_a6_': 1.931093393488502, '_a7_': -2.828406000553955, '_a0_': 1.0, '_a1_': 1.0, '_a4_': 1.0}};{'d0': 0.03276542142025708};-255.924875055646;45.3596639204994
1383;-82.6027736073238;-(((sinh((((_a6_ ** x) * _a5_) + (x * _a7_))) * _a2_) + _a3_));{'d0': {'_a2_': 0.45761414828720953, '_a3_': 0.27996305761275275, '_a5_': -0.6090791086315755, '_a6_': 1.931093393488502, '_a7_': -2.828406000553955, '_a0_': 1.0, '_a1_': 1.0, '_a4_': 1.0}};{'d0': 0.03276542142025708};-255.924875055646;45.3596639204994
1384;-82.6027736073238;-(((sinh((((_a6_ ** x) * _a5_) + (x * _a7_))) * _a2_) + _a3_));{'d0': {'_a2_': 0.45761414828720953, '_a3_': 0.27996305761275275, '_a5_': -0.6090791086315755, '_a6_': 1.931093393488502, '_a7_': -2.828406000553955, '_a0_': 1.0, '_a1_': 1.0, '_a4_': 1.0}};{'d0': 0.03276542142025708};-255.924875055646;45.3596639204994
1385;-82.6027736073238;-(((sinh((((_a6_ ** x) * _a5_) + (x * _a7_))) * _a2_) + _a3_));{'d0': {'_a2_': 0.45761414828720953, '_a3_': 0.27996305761275275, '_a5_': -0.6090791086315755, '_a6_': 1.931093393488502, '_a7_': -2.828406000553955, '_a0_': 1.0, '_a1_': 1.0, '_a4_': 1.0}};{'d0': 0.03276542142025708};-255.924875055646;45.3596639204994
1386;-82.6027736073238;-(((sinh((((_a6_ ** x) * _a5_) + (x * _a7_))) * _a2_) + _a3_));{'d0': {'_a2_': 0.45761414828720953, '_a3_': 0.27996305761275275, '_a5_': -0.6090791086315755, '_a6_': 1.931093393488502, '_a7_': -2.828406000553955, '_a0_': 1.0, '_a1_': 1.0, '_a4_': 1.0}};{'d0': 0.03276542142025708};-255.924875055646;45.3596639204994
1387;-82.6027736073238;-(((sinh((((_a6_ ** x) * _a5_) + (x * _a7_))) * _a2_) + _a3_));{'d0': {'_a2_': 0.45761414828720953, '_a3_': 0.27996305761275275, '_a5_': -0.6090791086315755, '_a6_': 1.931093393488502, '_a7_': -2.828406000553955, '_a0_': 1.0, '_a1_': 1.0, '_a4_': 1.0}};{'d0': 0.03276542142025708};-255.924875055646;45.3596639204994
1388;-82.6027736073238;-(((sinh((((_a6_ ** x) * _a5_) + (x * _a7_))) * _a2_) + _a3_));{'d0': {'_a2_': 0.45761414828720953, '_a3_': 0.27996305761275275, '_a5_': -0.6090791086315755, '_a6_': 1.931093393488502, '_a7_': -2.828406000553955, '_a0_': 1.0, '_a1_': 1.0, '_a4_': 1.0}};{'d0': 0.03276542142025708};-255.924875055646;45.3596639204994
1389;-82.6027736073238;-(((sinh((((_a6_ ** x) * _a5_) + (x * _a7_))) * _a2_) + _a3_));{'d0': {'_a2_': 0.45761414828720953, '_a3_': 0.27996305761275275, '_a5_': -0.6090791086315755, '_a6_': 1.931093393488502, '_a7_': -2.828406000553955, '_a0_': 1.0, '_a1_': 1.0, '_a4_': 1.0}};{'d0': 0.03276542142025708};-255.924875055646;45.3596639204994
1390;-77.6534336818659;-(((sinh((((_a6_ ** x) * _a5_) + (x * _a7_))) * _a2_) + (_a4_ * _a4_)));{'d0': {'_a2_': 0.45761415220798346, '_a4_': 0.5291153878944312, '_a5_': -0.6090791674704313, '_a6_': 1.9310927101868631, '_a7_': -2.8284061264791904, '_a0_': 1.0, '_a1_': 1.0, '_a3_': 1.0}};{'d0': 0.03276542142025816};-255.924875055644;50.3090038459564
1391;-77.6534336818659;-(((sinh((((_a6_ ** x) * _a5_) + (x * _a7_))) * _a2_) + (_a4_ * _a4_)));{'d0': {'_a2_': 0.45761415220798346, '_a4_': 0.5291153878944312, '_a5_': -0.6090791674704313, '_a6_': 1.9310927101868631, '_a7_': -2.8284061264791904, '_a0_': 1.0, '_a1_': 1.0, '_a3_': 1.0}};{'d0': 0.03276542142025816};-255.924875055644;50.3090038459564
1392;-77.6534336818659;-(((sinh((((_a6_ ** x) * _a5_) + (x * _a7_))) * _a2_) + (_a4_ * _a4_)));{'d0': {'_a2_': 0.45761415220798346, '_a4_': 0.5291153878944312, '_a5_': -0.6090791674704313, '_a6_': 1.9310927101868631, '_a7_': -2.8284061264791904, '_a0_': 1.0, '_a1_': 1.0, '_a3_': 1.0}};{'d0': 0.03276542142025816};-255.924875055644;50.3090038459564
1393;-77.6534336818659;-(((sinh((((_a6_ ** x) * _a5_) + (x * _a7_))) * _a2_) + (_a4_ * _a4_)));{'d0': {'_a2_': 0.45761415220798346, '_a4_': 0.5291153878944312, '_a5_': -0.6090791674704313, '_a6_': 1.9310927101868631, '_a7_': -2.8284061264791904, '_a0_': 1.0, '_a1_': 1.0, '_a3_': 1.0}};{'d0': 0.03276542142025816};-255.924875055644;50.3090038459564
1394;-77.6534336818659;-(((sinh((((_a6_ ** x) * _a5_) + (x * _a7_))) * _a2_) + (_a4_ * _a4_)));{'d0': {'_a2_': 0.45761415220798346, '_a4_': 0.5291153878944312, '_a5_': -0.6090791674704313, '_a6_': 1.9310927101868631, '_a7_': -2.8284061264791904, '_a0_': 1.0, '_a1_': 1.0, '_a3_': 1.0}};{'d0': 0.03276542142025816};-255.924875055644;50.3090038459564
1395;-77.6534336818659;-(((sinh((((_a6_ ** x) * _a5_) + (x * _a7_))) * _a2_) + (_a4_ * _a4_)));{'d0': {'_a2_': 0.45761415220798346, '_a4_': 0.5291153878944312, '_a5_': -0.6090791674704313, '_a6_': 1.9310927101868631, '_a7_': -2.8284061264791904, '_a0_': 1.0, '_a1_': 1.0, '_a3_': 1.0}};{'d0': 0.03276542142025816};-255.924875055644;50.3090038459564
1396;-77.6534336818659;-(((sinh((((_a6_ ** x) * _a5_) + (x * _a7_))) * _a2_) + (_a4_ * _a4_)));{'d0': {'_a2_': 0.45761415220798346, '_a4_': 0.5291153878944312, '_a5_': -0.6090791674704313, '_a6_': 1.9310927101868631, '_a7_': -2.8284061264791904, '_a0_': 1.0, '_a1_': 1.0, '_a3_': 1.0}};{'d0': 0.03276542142025816};-255.924875055644;50.3090038459564
1397;-77.6534336818659;-(((sinh((((_a6_ ** x) * _a5_) + (x * _a7_))) * _a2_) + (_a4_ * _a4_)));{'d0': {'_a2_': 0.45761415220798346, '_a4_': 0.5291153878944312, '_a5_': -0.6090791674704313, '_a6_': 1.9310927101868631, '_a7_': -2.8284061264791904, '_a0_': 1.0, '_a1_': 1.0, '_a3_': 1.0}};{'d0': 0.03276542142025816};-255.924875055644;50.3090038459564
1398;-77.6534336818659;-(((sinh((((_a6_ ** x) * _a5_) + (x * _a7_))) * _a2_) + (_a4_ * _a4_)));{'d0': {'_a2_': 0.45761415220798346, '_a4_': 0.5291153878944312, '_a5_': -0.6090791674704313, '_a6_': 1.9310927101868631, '_a7_': -2.8284061264791904, '_a0_': 1.0, '_a1_': 1.0, '_a3_': 1.0}};{'d0': 0.03276542142025816};-255.924875055644;50.3090038459564
1399;-77.6534336818659;-(((sinh((((_a6_ ** x) * _a5_) + (x * _a7_))) * _a2_) + (_a4_ * _a4_)));{'d0': {'_a2_': 0.45761415220798346, '_a4_': 0.5291153878944312, '_a5_': -0.6090791674704313, '_a6_': 1.9310927101868631, '_a7_': -2.8284061264791904, '_a0_': 1.0, '_a1_': 1.0, '_a3_': 1.0}};{'d0': 0.03276542142025816};-255.924875055644;50.3090038459564
1400;-77.6534336818659;-(((sinh((((_a6_ ** x) * _a5_) + (x * _a7_))) * _a2_) + (_a4_ * _a4_)));{'d0': {'_a2_': 0.45761415220798346, '_a4_': 0.5291153878944312, '_a5_': -0.6090791674704313, '_a6_': 1.9310927101868631, '_a7_': -2.8284061264791904, '_a0_': 1.0, '_a1_': 1.0, '_a3_': 1.0}};{'d0': 0.03276542142025816};-255.924875055644;50.3090038459564
1401;-77.6534336818659;-(((sinh((((_a6_ ** x) * _a5_) + (x * _a7_))) * _a2_) + (_a4_ * _a4_)));{'d0': {'_a2_': 0.45761415220798346, '_a4_': 0.5291153878944312, '_a5_': -0.6090791674704313, '_a6_': 1.9310927101868631, '_a7_': -2.8284061264791904, '_a0_': 1.0, '_a1_': 1.0, '_a3_': 1.0}};{'d0': 0.03276542142025816};-255.924875055644;50.3090038459564
1402;-77.6534336818659;-(((sinh((((_a6_ ** x) * _a5_) + (x * _a7_))) * _a2_) + (_a4_ * _a4_)));{'d0': {'_a2_': 0.45761415220798346, '_a4_': 0.5291153878944312, '_a5_': -0.6090791674704313, '_a6_': 1.9310927101868631, '_a7_': -2.8284061264791904, '_a0_': 1.0, '_a1_': 1.0, '_a3_': 1.0}};{'d0': 0.03276542142025816};-255.924875055644;50.3090038459564
1403;-77.6534336818659;-(((sinh((((_a6_ ** x) * _a5_) + (x * _a7_))) * _a2_) + (_a4_ * _a4_)));{'d0': {'_a2_': 0.45761415220798346, '_a4_': 0.5291153878944312, '_a5_': -0.6090791674704313, '_a6_': 1.9310927101868631, '_a7_': -2.8284061264791904, '_a0_': 1.0, '_a1_': 1.0, '_a3_': 1.0}};{'d0': 0.03276542142025816};-255.924875055644;50.3090038459564
1404;-77.6534336818659;-(((sinh((((_a6_ ** x) * _a5_) + (x * _a7_))) * _a2_) + (_a4_ * _a4_)));{'d0': {'_a2_': 0.45761415220798346, '_a4_': 0.5291153878944312, '_a5_': -0.6090791674704313, '_a6_': 1.9310927101868631, '_a7_': -2.8284061264791904, '_a0_': 1.0, '_a1_': 1.0, '_a3_': 1.0}};{'d0': 0.03276542142025816};-255.924875055644;50.3090038459564
1405;-77.6534336818659;-(((sinh((((_a6_ ** x) * _a5_) + (x * _a7_))) * _a2_) + (_a4_ * _a4_)));{'d0': {'_a2_': 0.45761415220798346, '_a4_': 0.5291153878944312, '_a5_': -0.6090791674704313, '_a6_': 1.9310927101868631, '_a7_': -2.8284061264791904, '_a0_': 1.0, '_a1_': 1.0, '_a3_': 1.0}};{'d0': 0.03276542142025816};-255.924875055644;50.3090038459564
1406;-77.6534336818659;-(((sinh((((_a6_ ** x) * _a5_) + (x * _a7_))) * _a2_) + (_a4_ * _a4_)));{'d0': {'_a2_': 0.45761415220798346, '_a4_': 0.5291153878944312, '_a5_': -0.6090791674704313, '_a6_': 1.9310927101868631, '_a7_': -2.8284061264791904, '_a0_': 1.0, '_a1_': 1.0, '_a3_': 1.0}};{'d0': 0.03276542142025816};-255.924875055644;50.3090038459564
1407;-77.6534336818659;-(((sinh((((_a6_ ** x) * _a5_) + (x * _a7_))) * _a2_) + (_a4_ * _a4_)));{'d0': {'_a2_': 0.45761415220798346, '_a4_': 0.5291153878944312, '_a5_': -0.6090791674704313, '_a6_': 1.9310927101868631, '_a7_': -2.8284061264791904, '_a0_': 1.0, '_a1_': 1.0, '_a3_': 1.0}};{'d0': 0.03276542142025816};-255.924875055644;50.3090038459564
1408;-77.6534336818659;-(((sinh((((_a6_ ** x) * _a5_) + (x * _a7_))) * _a2_) + (_a4_ * _a4_)));{'d0': {'_a2_': 0.45761415220798346, '_a4_': 0.5291153878944312, '_a5_': -0.6090791674704313, '_a6_': 1.9310927101868631, '_a7_': -2.8284061264791904, '_a0_': 1.0, '_a1_': 1.0, '_a3_': 1.0}};{'d0': 0.03276542142025816};-255.924875055644;50.3090038459564
1409;-77.6534336818659;-(((sinh((((_a6_ ** x) * _a5_) + (x * _a7_))) * _a2_) + (_a4_ * _a4_)));{'d0': {'_a2_': 0.45761415220798346, '_a4_': 0.5291153878944312, '_a5_': -0.6090791674704313, '_a6_': 1.9310927101868631, '_a7_': -2.8284061264791904, '_a0_': 1.0, '_a1_': 1.0, '_a3_': 1.0}};{'d0': 0.03276542142025816};-255.924875055644;50.3090038459564
1410;-77.6534336818659;-(((sinh((((_a6_ ** x) * _a5_) + (x * _a7_))) * _a2_) + (_a4_ * _a4_)));{'d0': {'_a2_': 0.45761415220798346, '_a4_': 0.5291153878944312, '_a5_': -0.6090791674704313, '_a6_': 1.9310927101868631, '_a7_': -2.8284061264791904, '_a0_': 1.0, '_a1_': 1.0, '_a3_': 1.0}};{'d0': 0.03276542142025816};-255.924875055644;50.3090038459564
1411;-77.6534336818659;-(((sinh((((_a6_ ** x) * _a5_) + (x * _a7_))) * _a2_) + (_a4_ * _a4_)));{'d0': {'_a2_': 0.45761415220798346, '_a4_': 0.5291153878944312, '_a5_': -0.6090791674704313, '_a6_': 1.9310927101868631, '_a7_': -2.8284061264791904, '_a0_': 1.0, '_a1_': 1.0, '_a3_': 1.0}};{'d0': 0.03276542142025816};-255.924875055644;50.3090038459564
1412;-77.6534336818659;-(((sinh((((_a6_ ** x) * _a5_) + (x * _a7_))) * _a2_) + (_a4_ * _a4_)));{'d0': {'_a2_': 0.45761415220798346, '_a4_': 0.5291153878944312, '_a5_': -0.6090791674704313, '_a6_': 1.9310927101868631, '_a7_': -2.8284061264791904, '_a0_': 1.0, '_a1_': 1.0, '_a3_': 1.0}};{'d0': 0.03276542142025816};-255.924875055644;50.3090038459564
1413;-77.6534336818659;-(((sinh((((_a6_ ** x) * _a5_) + (x * _a7_))) * _a2_) + (_a4_ * _a4_)));{'d0': {'_a2_': 0.45761415220798346, '_a4_': 0.5291153878944312, '_a5_': -0.6090791674704313, '_a6_': 1.9310927101868631, '_a7_': -2.8284061264791904, '_a0_': 1.0, '_a1_': 1.0, '_a3_': 1.0}};{'d0': 0.03276542142025816};-255.924875055644;50.3090038459564
1414;-77.6534336818659;-(((sinh((((_a6_ ** x) * _a5_) + (x * _a7_))) * _a2_) + (_a4_ * _a4_)));{'d0': {'_a2_': 0.45761415220798346, '_a4_': 0.5291153878944312, '_a5_': -0.6090791674704313, '_a6_': 1.9310927101868631, '_a7_': -2.8284061264791904, '_a0_': 1.0, '_a1_': 1.0, '_a3_': 1.0}};{'d0': 0.03276542142025816};-255.924875055644;50.3090038459564
1415;-77.6534336818659;-(((sinh((((_a6_ ** x) * _a5_) + (x * _a7_))) * _a2_) + (_a4_ * _a4_)));{'d0': {'_a2_': 0.45761415220798346, '_a4_': 0.5291153878944312, '_a5_': -0.6090791674704313, '_a6_': 1.9310927101868631, '_a7_': -2.8284061264791904, '_a0_': 1.0, '_a1_': 1.0, '_a3_': 1.0}};{'d0': 0.03276542142025816};-255.924875055644;50.3090038459564
1416;-77.6534336818659;-(((sinh((((_a6_ ** x) * _a5_) + (x * _a7_))) * _a2_) + (_a4_ * _a4_)));{'d0': {'_a2_': 0.45761415220798346, '_a4_': 0.5291153878944312, '_a5_': -0.6090791674704313, '_a6_': 1.9310927101868631, '_a7_': -2.8284061264791904, '_a0_': 1.0, '_a1_': 1.0, '_a3_': 1.0}};{'d0': 0.03276542142025816};-255.924875055644;50.3090038459564
1417;-79.6799433186871;((tan(-(((x + (pow2(_a3_) * _a4_)) * _a0_))) * _a3_) + (-((_a2_ * x)) + _a1_));{'d0': {'_a0_': -0.43510639372206183, '_a1_': -10.657382134246953, '_a2_': 49.551806528243084, '_a3_': 117.00381480693635, '_a4_': 10.694983086398434, '_a5_': 1.0, '_a6_': 1.0, '_a7_': 1.0}};{'d0': 0.024355842411579006};-273.720993783403;57.18055357301456
1418;-79.6799433186871;((tan(-(((x + (pow2(_a3_) * _a4_)) * _a0_))) * _a3_) + (-((_a2_ * x)) + _a1_));{'d0': {'_a0_': -0.43510639372206183, '_a1_': -10.657382134246953, '_a2_': 49.551806528243084, '_a3_': 117.00381480693635, '_a4_': 10.694983086398434, '_a5_': 1.0, '_a6_': 1.0, '_a7_': 1.0}};{'d0': 0.024355842411579006};-273.720993783403;57.18055357301456
1419;-79.6799433186871;((tan(-(((x + (pow2(_a3_) * _a4_)) * _a0_))) * _a3_) + (-((_a2_ * x)) + _a1_));{'d0': {'_a0_': -0.43510639372206183, '_a1_': -10.657382134246953, '_a2_': 49.551806528243084, '_a3_': 117.00381480693635, '_a4_': 10.694983086398434, '_a5_': 1.0, '_a6_': 1.0, '_a7_': 1.0}};{'d0': 0.024355842411579006};-273.720993783403;57.18055357301456
1420;-79.6799433186871;((tan(-(((x + (pow2(_a3_) * _a4_)) * _a0_))) * _a3_) + (-((_a2_ * x)) + _a1_));{'d0': {'_a0_': -0.43510639372206183, '_a1_': -10.657382134246953, '_a2_': 49.551806528243084, '_a3_': 117.00381480693635, '_a4_': 10.694983086398434, '_a5_': 1.0, '_a6_': 1.0, '_a7_': 1.0}};{'d0': 0.024355842411579006};-273.720993783403;57.18055357301456
1421;-79.6799433186871;((tan(-(((x + (pow2(_a3_) * _a4_)) * _a0_))) * _a3_) + (-((_a2_ * x)) + _a1_));{'d0': {'_a0_': -0.43510639372206183, '_a1_': -10.657382134246953, '_a2_': 49.551806528243084, '_a3_': 117.00381480693635, '_a4_': 10.694983086398434, '_a5_': 1.0, '_a6_': 1.0, '_a7_': 1.0}};{'d0': 0.024355842411579006};-273.720993783403;57.18055357301456
1422;-79.6799433186871;((tan(-(((x + (pow2(_a3_) * _a4_)) * _a0_))) * _a3_) + (-((_a2_ * x)) + _a1_));{'d0': {'_a0_': -0.43510639372206183, '_a1_': -10.657382134246953, '_a2_': 49.551806528243084, '_a3_': 117.00381480693635, '_a4_': 10.694983086398434, '_a5_': 1.0, '_a6_': 1.0, '_a7_': 1.0}};{'d0': 0.024355842411579006};-273.720993783403;57.18055357301456
1423;-79.6799433186871;((tan(-(((x + (pow2(_a3_) * _a4_)) * _a0_))) * _a3_) + (-((_a2_ * x)) + _a1_));{'d0': {'_a0_': -0.43510639372206183, '_a1_': -10.657382134246953, '_a2_': 49.551806528243084, '_a3_': 117.00381480693635, '_a4_': 10.694983086398434, '_a5_': 1.0, '_a6_': 1.0, '_a7_': 1.0}};{'d0': 0.024355842411579006};-273.720993783403;57.18055357301456
1424;-73.8861635279354;((tan(-(((x + (pow2((_a2_ / _a1_)) * _a4_)) * _a0_))) * _a3_) + (-((_a2_ * x)) + _a1_));{'d0': {'_a0_': -0.4347151182540635, '_a1_': -10.693327031600555, '_a2_': 49.70868136474165, '_a3_': 117.46782948422994, '_a4_': 10.711452768000418, '_a5_': 1.0, '_a6_': 1.0, '_a7_': 1.0}};{'d0': 0.024350556163573858};-273.734017734705;62.980845339416966
1425;-67.3156962537438;((tan(-(((x + (pow2((_a2_ / _a1_)) * tanh(_a0_))) * _a0_))) * _a3_) + (-((_a2_ * x)) + _a1_));{'d0': {'_a0_': -0.38242347340531024, '_a1_': -13.960581313304502, '_a2_': 65.40101666282968, '_a3_': 174.55111779997915, '_a4_': 1.0, '_a5_': 1.0, '_a6_': 1.0, '_a7_': 1.0}};{'d0': 0.024379160152247337};-277.757923162564;71.56326532753796
1426;-67.3156962537438;((tan(-(((x + (pow2((_a2_ / _a1_)) * tanh(_a0_))) * _a0_))) * _a3_) + (-((_a2_ * x)) + _a1_));{'d0': {'_a0_': -0.38242347340531024, '_a1_': -13.960581313304502, '_a2_': 65.40101666282968, '_a3_': 174.55111779997915, '_a4_': 1.0, '_a5_': 1.0, '_a6_': 1.0, '_a7_': 1.0}};{'d0': 0.024379160152247337};-277.757923162564;71.56326532753796
1427;-67.3156962537438;((tan(-(((x + (pow2((_a2_ / _a1_)) * tanh(_a0_))) * _a0_))) * _a3_) + (-((_a2_ * x)) + _a1_));{'d0': {'_a0_': -0.38242347340531024, '_a1_': -13.960581313304502, '_a2_': 65.40101666282968, '_a3_': 174.55111779997915, '_a4_': 1.0, '_a5_': 1.0, '_a6_': 1.0, '_a7_': 1.0}};{'d0': 0.024379160152247337};-277.757923162564;71.56326532753796
1428;-67.3156962537438;((tan(-(((x + (pow2((_a2_ / _a1_)) * tanh(_a0_))) * _a0_))) * _a3_) + (-((_a2_ * x)) + _a1_));{'d0': {'_a0_': -0.38242347340531024, '_a1_': -13.960581313304502, '_a2_': 65.40101666282968, '_a3_': 174.55111779997915, '_a4_': 1.0, '_a5_': 1.0, '_a6_': 1.0, '_a7_': 1.0}};{'d0': 0.024379160152247337};-277.757923162564;71.56326532753796
1429;-67.3156962537438;((tan(-(((x + (pow2((_a2_ / _a1_)) * tanh(_a0_))) * _a0_))) * _a3_) + (-((_a2_ * x)) + _a1_));{'d0': {'_a0_': -0.38242347340531024, '_a1_': -13.960581313304502, '_a2_': 65.40101666282968, '_a3_': 174.55111779997915, '_a4_': 1.0, '_a5_': 1.0, '_a6_': 1.0, '_a7_': 1.0}};{'d0': 0.024379160152247337};-277.757923162564;71.56326532753796
1430;-81.3333808403507;((sinh((((_a6_ ** x) * _a5_) + (x * _a3_))) * _a2_) + (_a2_ * _a4_));{'d0': {'_a2_': -0.4576140499753372, '_a3_': -2.828402734555728, '_a4_': 0.6117865636157453, '_a5_': -0.6090775882523872, '_a6_': 1.9311110595976262, '_a0_': 1.0, '_a1_': 1.0, '_a7_': 1.0}};{'d0': 0.03276542142219734};-255.924875052093;46.62905668569601
1431;-81.3333808403507;((sinh((((_a6_ ** x) * _a5_) + (x * _a3_))) * _a2_) + (_a2_ * _a4_));{'d0': {'_a2_': -0.4576140499753372, '_a3_': -2.828402734555728, '_a4_': 0.6117865636157453, '_a5_': -0.6090775882523872, '_a6_': 1.9311110595976262, '_a0_': 1.0, '_a1_': 1.0, '_a7_': 1.0}};{'d0': 0.03276542142219734};-255.924875052093;46.62905668569601
1432;-81.3333808403507;((sinh((((_a6_ ** x) * _a5_) + (x * _a3_))) * _a2_) + (_a2_ * _a4_));{'d0': {'_a2_': -0.4576140499753372, '_a3_': -2.828402734555728, '_a4_': 0.6117865636157453, '_a5_': -0.6090775882523872, '_a6_': 1.9311110595976262, '_a0_': 1.0, '_a1_': 1.0, '_a7_': 1.0}};{'d0': 0.03276542142219734};-255.924875052093;46.62905668569601
1433;-81.3333808403507;((sinh((((_a6_ ** x) * _a5_) + (x * _a3_))) * _a2_) + (_a2_ * _a4_));{'d0': {'_a2_': -0.4576140499753372, '_a3_': -2.828402734555728, '_a4_': 0.6117865636157453, '_a5_': -0.6090775882523872, '_a6_': 1.9311110595976262, '_a0_': 1.0, '_a1_': 1.0, '_a7_': 1.0}};{'d0': 0.03276542142219734};-255.924875052093;46.62905668569601
1434;-81.3333808403507;((sinh((((_a6_ ** x) * _a5_) + (x * _a3_))) * _a2_) + (_a2_ * _a4_));{'d0': {'_a2_': -0.4576140499753372, '_a3_': -2.828402734555728, '_a4_': 0.6117865636157453, '_a5_': -0.6090775882523872, '_a6_': 1.9311110595976262, '_a0_': 1.0, '_a1_': 1.0, '_a7_': 1.0}};{'d0': 0.03276542142219734};-255.924875052093;46.62905668569601
1435;-81.3333808403507;((sinh((((_a6_ ** x) * _a5_) + (x * _a3_))) * _a2_) + (_a2_ * _a4_));{'d0': {'_a2_': -0.4576140499753372, '_a3_': -2.828402734555728, '_a4_': 0.6117865636157453, '_a5_': -0.6090775882523872, '_a6_': 1.9311110595976262, '_a0_': 1.0, '_a1_': 1.0, '_a7_': 1.0}};{'d0': 0.03276542142219734};-255.924875052093;46.62905668569601
1436;-81.3333808403507;((sinh((((_a6_ ** x) * _a5_) + (x * _a3_))) * _a2_) + (_a2_ * _a4_));{'d0': {'_a2_': -0.4576140499753372, '_a3_': -2.828402734555728, '_a4_': 0.6117865636157453, '_a5_': -0.6090775882523872, '_a6_': 1.9311110595976262, '_a0_': 1.0, '_a1_': 1.0, '_a7_': 1.0}};{'d0': 0.03276542142219734};-255.924875052093;46.62905668569601
1437;-81.3333808403507;((sinh((((_a6_ ** x) * _a5_) + (x * _a3_))) * _a2_) + (_a2_ * _a4_));{'d0': {'_a2_': -0.4576140499753372, '_a3_': -2.828402734555728, '_a4_': 0.6117865636157453, '_a5_': -0.6090775882523872, '_a6_': 1.9311110595976262, '_a0_': 1.0, '_a1_': 1.0, '_a7_': 1.0}};{'d0': 0.03276542142219734};-255.924875052093;46.62905668569601
1438;-81.3333808403507;((sinh((((_a6_ ** x) * _a5_) + (x * _a3_))) * _a2_) + (_a2_ * _a4_));{'d0': {'_a2_': -0.4576140499753372, '_a3_': -2.828402734555728, '_a4_': 0.6117865636157453, '_a5_': -0.6090775882523872, '_a6_': 1.9311110595976262, '_a0_': 1.0, '_a1_': 1.0, '_a7_': 1.0}};{'d0': 0.03276542142219734};-255.924875052093;46.62905668569601
1439;-81.3333808403507;((sinh((((_a6_ ** x) * _a5_) + (x * _a3_))) * _a2_) + (_a2_ * _a4_));{'d0': {'_a2_': -0.4576140499753372, '_a3_': -2.828402734555728, '_a4_': 0.6117865636157453, '_a5_': -0.6090775882523872, '_a6_': 1.9311110595976262, '_a0_': 1.0, '_a1_': 1.0, '_a7_': 1.0}};{'d0': 0.03276542142219734};-255.924875052093;46.62905668569601
1440;-81.3333808403507;((sinh((((_a6_ ** x) * _a5_) + (x * _a3_))) * _a2_) + (_a2_ * _a4_));{'d0': {'_a2_': -0.4576140499753372, '_a3_': -2.828402734555728, '_a4_': 0.6117865636157453, '_a5_': -0.6090775882523872, '_a6_': 1.9311110595976262, '_a0_': 1.0, '_a1_': 1.0, '_a7_': 1.0}};{'d0': 0.03276542142219734};-255.924875052093;46.62905668569601
1441;-81.6204130379546;((sinh(((exp(_a2_) * _a5_) + (x * _a3_))) * _a2_) + (_a2_ * _a4_));{'d0': {'_a2_': -0.46399590228703147, '_a3_': -3.161407959883855, '_a4_': 0.688379459581523, '_a5_': -1.0660610008718017, '_a0_': 1.0, '_a1_': 1.0, '_a6_': 1.0, '_a7_': 1.0}};{'d0': 0.03628100807638667};-253.903979024421;45.33157647425601
1442;-81.6204130379546;((sinh(((exp(_a2_) * _a5_) + (x * _a3_))) * _a2_) + (_a2_ * _a4_));{'d0': {'_a2_': -0.46399590228703147, '_a3_': -3.161407959883855, '_a4_': 0.688379459581523, '_a5_': -1.0660610008718017, '_a0_': 1.0, '_a1_': 1.0, '_a6_': 1.0, '_a7_': 1.0}};{'d0': 0.03628100807638667};-253.903979024421;45.33157647425601
1443;-67.3156962537438;((tan(-(((x + (pow2((_a2_ / _a1_)) * tanh(_a0_))) * _a0_))) * _a3_) + (-((_a2_ * x)) + _a1_));{'d0': {'_a0_': -0.38242347340531024, '_a1_': -13.960581313304502, '_a2_': 65.40101666282968, '_a3_': 174.55111779997915, '_a4_': 1.0, '_a5_': 1.0, '_a6_': 1.0, '_a7_': 1.0}};{'d0': 0.024379160152247337};-277.757923162564;71.56326532753796
1444;-67.3156962537438;((tan(-(((x + (pow2((_a2_ / _a1_)) * tanh(_a0_))) * _a0_))) * _a3_) + (-((_a2_ * x)) + _a1_));{'d0': {'_a0_': -0.38242347340531024, '_a1_': -13.960581313304502, '_a2_': 65.40101666282968, '_a3_': 174.55111779997915, '_a4_': 1.0, '_a5_': 1.0, '_a6_': 1.0, '_a7_': 1.0}};{'d0': 0.024379160152247337};-277.757923162564;71.56326532753796
1445;-67.3156962537438;((tan(-(((x + (pow2((_a2_ / _a1_)) * tanh(_a0_))) * _a0_))) * _a3_) + (-((_a2_ * x)) + _a1_));{'d0': {'_a0_': -0.38242347340531024, '_a1_': -13.960581313304502, '_a2_': 65.40101666282968, '_a3_': 174.55111779997915, '_a4_': 1.0, '_a5_': 1.0, '_a6_': 1.0, '_a7_': 1.0}};{'d0': 0.024379160152247337};-277.757923162564;71.56326532753796
1446;-67.3156962537438;((tan(-(((x + (pow2((_a2_ / _a1_)) * tanh(_a0_))) * _a0_))) * _a3_) + (-((_a2_ * x)) + _a1_));{'d0': {'_a0_': -0.38242347340531024, '_a1_': -13.960581313304502, '_a2_': 65.40101666282968, '_a3_': 174.55111779997915, '_a4_': 1.0, '_a5_': 1.0, '_a6_': 1.0, '_a7_': 1.0}};{'d0': 0.024379160152247337};-277.757923162564;71.56326532753796
1447;-65.3037346727728;((tan(-(((x + (pow2((_a2_ / _a1_)) * tanh(_a0_))) * _a0_))) * _a3_) + (-((_a2_ * x)) + _a6_));{'d0': {'_a0_': -0.43413315921932616, '_a1_': -12.023326438745471, '_a2_': 49.85276501063212, '_a3_': 117.95705024176715, '_a6_': -10.723327581356967, '_a4_': 1.0, '_a5_': 1.0, '_a7_': 1.0}};{'d0': 0.02435056336082136};-273.734000000622;71.56326532753796
1448;-65.3037346727728;((tan(-(((x + (pow2((_a2_ / _a1_)) * tanh(_a0_))) * _a0_))) * _a3_) + (-((_a2_ * x)) + _a6_));{'d0': {'_a0_': -0.43413315921932616, '_a1_': -12.023326438745471, '_a2_': 49.85276501063212, '_a3_': 117.95705024176715, '_a6_': -10.723327581356967, '_a4_': 1.0, '_a5_': 1.0, '_a7_': 1.0}};{'d0': 0.02435056336082136};-273.734000000622;71.56326532753796
1449;-71.8389919100589;((tan(-(((x + (pow2((_a2_ / _a1_)) * _a5_)) * _a0_))) * _a3_) + (-((_a2_ * x)) + _a6_));{'d0': {'_a0_': -0.4349804077304832, '_a1_': 6475.171744749056, '_a2_': 49.64314868884116, '_a3_': 117.24558900901204, '_a5_': 3553.3873422921806, '_a6_': -10.67968877371736, '_a4_': 1.0, '_a7_': 1.0}};{'d0': 0.02435055562523614};-269.639674498952;62.98084533941696
1450;-71.8389867505369;((tan(-(((x + (pow2((_a0_ / _a1_)) * _a5_)) * _a0_))) * _a3_) + (-((_a2_ * x)) + _a6_));{'d0': {'_a0_': -0.4355455149572571, '_a1_': 5053.646304850146, '_a2_': 49.50402534985425, '_a3_': 116.77417942548009, '_a5_': 28119331.374152448, '_a6_': -10.65072575287639, '_a4_': 1.0, '_a7_': 1.0}};{'d0': 0.024350559813144077};-269.639664179908;62.98084533941696
1451;-71.8389867505369;((tan(-(((x + (pow2((_a0_ / _a1_)) * _a5_)) * _a0_))) * _a3_) + (-((_a2_ * x)) + _a6_));{'d0': {'_a0_': -0.4355455149572571, '_a1_': 5053.646304850146, '_a2_': 49.50402534985425, '_a3_': 116.77417942548009, '_a5_': 28119331.374152448, '_a6_': -10.65072575287639, '_a4_': 1.0, '_a7_': 1.0}};{'d0': 0.024350559813144077};-269.639664179908;62.98084533941696
1452;-71.8389867505369;((tan(-(((x + (pow2((_a0_ / _a1_)) * _a5_)) * _a0_))) * _a3_) + (-((_a2_ * x)) + _a6_));{'d0': {'_a0_': -0.4355455149572571, '_a1_': 5053.646304850146, '_a2_': 49.50402534985425, '_a3_': 116.77417942548009, '_a5_': 28119331.374152448, '_a6_': -10.65072575287639, '_a4_': 1.0, '_a7_': 1.0}};{'d0': 0.024350559813144077};-269.639664179908;62.98084533941696
1453;-71.8389867505369;((tan(-(((x + (pow2((_a0_ / _a1_)) * _a5_)) * _a0_))) * _a3_) + (-((_a2_ * x)) + _a6_));{'d0': {'_a0_': -0.4355455149572571, '_a1_': 5053.646304850146, '_a2_': 49.50402534985425, '_a3_': 116.77417942548009, '_a5_': 28119331.374152448, '_a6_': -10.65072575287639, '_a4_': 1.0, '_a7_': 1.0}};{'d0': 0.024350559813144077};-269.639664179908;62.98084533941696
1454;-71.8389867505369;((tan(-(((x + (pow2((_a0_ / _a1_)) * _a5_)) * _a0_))) * _a3_) + (-((_a2_ * x)) + _a6_));{'d0': {'_a0_': -0.4355455149572571, '_a1_': 5053.646304850146, '_a2_': 49.50402534985425, '_a3_': 116.77417942548009, '_a5_': 28119331.374152448, '_a6_': -10.65072575287639, '_a4_': 1.0, '_a7_': 1.0}};{'d0': 0.024350559813144077};-269.639664179908;62.98084533941696
1455;-71.8389867505369;((tan(-(((x + (pow2((_a0_ / _a1_)) * _a5_)) * _a0_))) * _a3_) + (-((_a2_ * x)) + _a6_));{'d0': {'_a0_': -0.4355455149572571, '_a1_': 5053.646304850146, '_a2_': 49.50402534985425, '_a3_': 116.77417942548009, '_a5_': 28119331.374152448, '_a6_': -10.65072575287639, '_a4_': 1.0, '_a7_': 1.0}};{'d0': 0.024350559813144077};-269.639664179908;62.98084533941696
1456;-71.8389867505369;((tan(-(((x + (pow2((_a0_ / _a1_)) * _a5_)) * _a0_))) * _a3_) + (-((_a2_ * x)) + _a6_));{'d0': {'_a0_': -0.4355455149572571, '_a1_': 5053.646304850146, '_a2_': 49.50402534985425, '_a3_': 116.77417942548009, '_a5_': 28119331.374152448, '_a6_': -10.65072575287639, '_a4_': 1.0, '_a7_': 1.0}};{'d0': 0.024350559813144077};-269.639664179908;62.98084533941696
1457;-71.8389867505369;((tan(-(((x + (pow2((_a0_ / _a1_)) * _a5_)) * _a0_))) * _a3_) + (-((_a2_ * x)) + _a6_));{'d0': {'_a0_': -0.4355455149572571, '_a1_': 5053.646304850146, '_a2_': 49.50402534985425, '_a3_': 116.77417942548009, '_a5_': 28119331.374152448, '_a6_': -10.65072575287639, '_a4_': 1.0, '_a7_': 1.0}};{'d0': 0.024350559813144077};-269.639664179908;62.98084533941696
1458;-88.2558739378113;((sinh(((_a2_ * _a5_) + (x * -(_a4_)))) * _a2_) + _a3_);{'d0': {'_a2_': 0.46399589997407603, '_a3_': -0.31940524866463643, '_a4_': -3.161407967431533, '_a5_': 1.4446314133778697, '_a0_': 1.0, '_a1_': 1.0, '_a6_': 1.0, '_a7_': 1.0}};{'d0': 0.036281008076386574};-253.903979024421;38.6961155743994
1459;-88.2558739378113;((sinh(((_a2_ * _a5_) + (x * -(_a4_)))) * _a2_) + _a3_);{'d0': {'_a2_': 0.46399589997407603, '_a3_': -0.31940524866463643, '_a4_': -3.161407967431533, '_a5_': 1.4446314133778697, '_a0_': 1.0, '_a1_': 1.0, '_a6_': 1.0, '_a7_': 1.0}};{'d0': 0.036281008076386574};-253.903979024421;38.6961155743994
1460;-93.1328565769390;((sinh((_a7_ + (x * -(_a4_)))) * _a2_) + _a3_);{'d0': {'_a2_': 0.4639958711365224, '_a3_': -0.31940524711104973, '_a4_': -3.1614080620299734, '_a7_': 0.6703030729002739, '_a0_': 1.0, '_a1_': 1.0, '_a5_': 1.0, '_a6_': 1.0}};{'d0': 0.03628100807639534};-253.903979024407;33.8191329352644
1461;-93.1328565769390;((sinh((_a7_ + (x * -(_a4_)))) * _a2_) + _a3_);{'d0': {'_a2_': 0.4639958711365224, '_a3_': -0.31940524711104973, '_a4_': -3.1614080620299734, '_a7_': 0.6703030729002739, '_a0_': 1.0, '_a1_': 1.0, '_a5_': 1.0, '_a6_': 1.0}};{'d0': 0.03628100807639534};-253.903979024407;33.8191329352644
1462;-93.1328565769390;((sinh((_a7_ + (x * -(_a4_)))) * _a2_) + _a3_);{'d0': {'_a2_': 0.4639958711365224, '_a3_': -0.31940524711104973, '_a4_': -3.1614080620299734, '_a7_': 0.6703030729002739, '_a0_': 1.0, '_a1_': 1.0, '_a5_': 1.0, '_a6_': 1.0}};{'d0': 0.03628100807639534};-253.903979024407;33.8191329352644
1463;-93.1328565769463;((sinh((_a7_ + (x * -(_a4_)))) * _a6_) + _a3_);{'d0': {'_a3_': -0.3194052494147175, '_a4_': -3.1614079632171825, '_a6_': 0.46399590130510093, '_a7_': 0.6703030524916862, '_a0_': 1.0, '_a1_': 1.0, '_a2_': 1.0, '_a5_': 1.0}};{'d0': 0.03628100807638653};-253.903979024421;33.8191329352644
1464;-93.1328565769463;((sinh((_a7_ + (x * -(_a4_)))) * _a6_) + _a3_);{'d0': {'_a3_': -0.3194052494147175, '_a4_': -3.1614079632171825, '_a6_': 0.46399590130510093, '_a7_': 0.6703030524916862, '_a0_': 1.0, '_a1_': 1.0, '_a2_': 1.0, '_a5_': 1.0}};{'d0': 0.03628100807638653};-253.903979024421;33.8191329352644
1465;-93.1328565769463;((sinh((_a7_ + (x * -(_a4_)))) * _a6_) + _a3_);{'d0': {'_a3_': -0.3194052494147175, '_a4_': -3.1614079632171825, '_a6_': 0.46399590130510093, '_a7_': 0.6703030524916862, '_a0_': 1.0, '_a1_': 1.0, '_a2_': 1.0, '_a5_': 1.0}};{'d0': 0.03628100807638653};-253.903979024421;33.8191329352644
1466;-90.8922026881655;((sinh((_a7_ + (x * (_a7_ + _a0_)))) * _a6_) + _a3_);{'d0': {'_a0_': 2.4911050083230424, '_a3_': -0.3194052474646907, '_a6_': 0.4639958634305083, '_a7_': 0.6703030792752296, '_a1_': 1.0, '_a2_': 1.0, '_a4_': 1.0, '_a5_': 1.0}};{'d0': 0.036281008076400056};-253.903979024399;36.059786824034006
1467;-90.8922026881655;((sinh((_a7_ + (x * (_a7_ + _a0_)))) * _a6_) + _a3_);{'d0': {'_a0_': 2.4911050083230424, '_a3_': -0.3194052474646907, '_a6_': 0.4639958634305083, '_a7_': 0.6703030792752296, '_a1_': 1.0, '_a2_': 1.0, '_a4_': 1.0, '_a5_': 1.0}};{'d0': 0.036281008076400056};-253.903979024399;36.059786824034006
1468;-71.8389867505369;((tan(-(((x + (pow2((_a0_ / _a1_)) * _a5_)) * _a0_))) * _a3_) + (-((_a2_ * x)) + _a6_));{'d0': {'_a0_': -0.4355455149572571, '_a1_': 5053.646304850146, '_a2_': 49.50402534985425, '_a3_': 116.77417942548009, '_a5_': 28119331.374152448, '_a6_': -10.65072575287639, '_a4_': 1.0, '_a7_': 1.0}};{'d0': 0.024350559813144077};-269.639664179908;62.98084533941696
1469;-71.8389867505369;((tan(-(((x + (pow2((_a0_ / _a1_)) * _a5_)) * _a0_))) * _a3_) + (-((_a2_ * x)) + _a6_));{'d0': {'_a0_': -0.4355455149572571, '_a1_': 5053.646304850146, '_a2_': 49.50402534985425, '_a3_': 116.77417942548009, '_a5_': 28119331.374152448, '_a6_': -10.65072575287639, '_a4_': 1.0, '_a7_': 1.0}};{'d0': 0.024350559813144077};-269.639664179908;62.98084533941696
1470;-71.8389867505369;((tan(-(((x + (pow2((_a0_ / _a1_)) * _a5_)) * _a0_))) * _a3_) + (-((_a2_ * x)) + _a6_));{'d0': {'_a0_': -0.4355455149572571, '_a1_': 5053.646304850146, '_a2_': 49.50402534985425, '_a3_': 116.77417942548009, '_a5_': 28119331.374152448, '_a6_': -10.65072575287639, '_a4_': 1.0, '_a7_': 1.0}};{'d0': 0.024350559813144077};-269.639664179908;62.98084533941696
1471;-71.8389867505369;((tan(-(((x + (pow2((_a0_ / _a1_)) * _a5_)) * _a0_))) * _a3_) + (-((_a2_ * x)) + _a6_));{'d0': {'_a0_': -0.4355455149572571, '_a1_': 5053.646304850146, '_a2_': 49.50402534985425, '_a3_': 116.77417942548009, '_a5_': 28119331.374152448, '_a6_': -10.65072575287639, '_a4_': 1.0, '_a7_': 1.0}};{'d0': 0.024350559813144077};-269.639664179908;62.98084533941696
1472;-71.8389867505369;((tan(-(((x + (pow2((_a0_ / _a1_)) * _a5_)) * _a0_))) * _a3_) + (-((_a2_ * x)) + _a6_));{'d0': {'_a0_': -0.4355455149572571, '_a1_': 5053.646304850146, '_a2_': 49.50402534985425, '_a3_': 116.77417942548009, '_a5_': 28119331.374152448, '_a6_': -10.65072575287639, '_a4_': 1.0, '_a7_': 1.0}};{'d0': 0.024350559813144077};-269.639664179908;62.98084533941696
1473;-71.8389867505369;((tan(-(((x + (pow2((_a0_ / _a1_)) * _a5_)) * _a0_))) * _a3_) + (-((_a2_ * x)) + _a6_));{'d0': {'_a0_': -0.4355455149572571, '_a1_': 5053.646304850146, '_a2_': 49.50402534985425, '_a3_': 116.77417942548009, '_a5_': 28119331.374152448, '_a6_': -10.65072575287639, '_a4_': 1.0, '_a7_': 1.0}};{'d0': 0.024350559813144077};-269.639664179908;62.98084533941696
1474;-71.8389867505369;((tan(-(((x + (pow2((_a0_ / _a1_)) * _a5_)) * _a0_))) * _a3_) + (-((_a2_ * x)) + _a6_));{'d0': {'_a0_': -0.4355455149572571, '_a1_': 5053.646304850146, '_a2_': 49.50402534985425, '_a3_': 116.77417942548009, '_a5_': 28119331.374152448, '_a6_': -10.65072575287639, '_a4_': 1.0, '_a7_': 1.0}};{'d0': 0.024350559813144077};-269.639664179908;62.98084533941696
1475;-71.8389867505369;((tan(-(((x + (pow2((_a0_ / _a1_)) * _a5_)) * _a0_))) * _a3_) + (-((_a2_ * x)) + _a6_));{'d0': {'_a0_': -0.4355455149572571, '_a1_': 5053.646304850146, '_a2_': 49.50402534985425, '_a3_': 116.77417942548009, '_a5_': 28119331.374152448, '_a6_': -10.65072575287639, '_a4_': 1.0, '_a7_': 1.0}};{'d0': 0.024350559813144077};-269.639664179908;62.98084533941696
1476;-71.8389867505369;((tan(-(((x + (pow2((_a0_ / _a1_)) * _a5_)) * _a0_))) * _a3_) + (-((_a2_ * x)) + _a6_));{'d0': {'_a0_': -0.4355455149572571, '_a1_': 5053.646304850146, '_a2_': 49.50402534985425, '_a3_': 116.77417942548009, '_a5_': 28119331.374152448, '_a6_': -10.65072575287639, '_a4_': 1.0, '_a7_': 1.0}};{'d0': 0.024350559813144077};-269.639664179908;62.98084533941696
1477;-71.8389867505369;((tan(-(((x + (pow2((_a0_ / _a1_)) * _a5_)) * _a0_))) * _a3_) + (-((_a2_ * x)) + _a6_));{'d0': {'_a0_': -0.4355455149572571, '_a1_': 5053.646304850146, '_a2_': 49.50402534985425, '_a3_': 116.77417942548009, '_a5_': 28119331.374152448, '_a6_': -10.65072575287639, '_a4_': 1.0, '_a7_': 1.0}};{'d0': 0.024350559813144077};-269.639664179908;62.98084533941696
1478;-71.8389867505369;((tan(-(((x + (pow2((_a0_ / _a1_)) * _a5_)) * _a0_))) * _a3_) + (-((_a2_ * x)) + _a6_));{'d0': {'_a0_': -0.4355455149572571, '_a1_': 5053.646304850146, '_a2_': 49.50402534985425, '_a3_': 116.77417942548009, '_a5_': 28119331.374152448, '_a6_': -10.65072575287639, '_a4_': 1.0, '_a7_': 1.0}};{'d0': 0.024350559813144077};-269.639664179908;62.98084533941696
1479;-71.8389867505369;((tan(-(((x + (pow2((_a0_ / _a1_)) * _a5_)) * _a0_))) * _a3_) + (-((_a2_ * x)) + _a6_));{'d0': {'_a0_': -0.4355455149572571, '_a1_': 5053.646304850146, '_a2_': 49.50402534985425, '_a3_': 116.77417942548009, '_a5_': 28119331.374152448, '_a6_': -10.65072575287639, '_a4_': 1.0, '_a7_': 1.0}};{'d0': 0.024350559813144077};-269.639664179908;62.98084533941696
1480;-71.8389867505369;((tan(-(((x + (pow2((_a0_ / _a1_)) * _a5_)) * _a0_))) * _a3_) + (-((_a2_ * x)) + _a6_));{'d0': {'_a0_': -0.4355455149572571, '_a1_': 5053.646304850146, '_a2_': 49.50402534985425, '_a3_': 116.77417942548009, '_a5_': 28119331.374152448, '_a6_': -10.65072575287639, '_a4_': 1.0, '_a7_': 1.0}};{'d0': 0.024350559813144077};-269.639664179908;62.98084533941696
1481;-71.8389867505369;((tan(-(((x + (pow2((_a0_ / _a1_)) * _a5_)) * _a0_))) * _a3_) + (-((_a2_ * x)) + _a6_));{'d0': {'_a0_': -0.4355455149572571, '_a1_': 5053.646304850146, '_a2_': 49.50402534985425, '_a3_': 116.77417942548009, '_a5_': 28119331.374152448, '_a6_': -10.65072575287639, '_a4_': 1.0, '_a7_': 1.0}};{'d0': 0.024350559813144077};-269.639664179908;62.98084533941696
1482;-71.8389867505369;((tan(-(((x + (pow2((_a0_ / _a1_)) * _a5_)) * _a0_))) * _a3_) + (-((_a2_ * x)) + _a6_));{'d0': {'_a0_': -0.4355455149572571, '_a1_': 5053.646304850146, '_a2_': 49.50402534985425, '_a3_': 116.77417942548009, '_a5_': 28119331.374152448, '_a6_': -10.65072575287639, '_a4_': 1.0, '_a7_': 1.0}};{'d0': 0.024350559813144077};-269.639664179908;62.98084533941696
1483;-71.8389867505369;((tan(-(((x + (pow2((_a0_ / _a1_)) * _a5_)) * _a0_))) * _a3_) + (-((_a2_ * x)) + _a6_));{'d0': {'_a0_': -0.4355455149572571, '_a1_': 5053.646304850146, '_a2_': 49.50402534985425, '_a3_': 116.77417942548009, '_a5_': 28119331.374152448, '_a6_': -10.65072575287639, '_a4_': 1.0, '_a7_': 1.0}};{'d0': 0.024350559813144077};-269.639664179908;62.98084533941696
1484;-71.8389867505369;((tan(-(((x + (pow2((_a0_ / _a1_)) * _a5_)) * _a0_))) * _a3_) + (-((_a2_ * x)) + _a6_));{'d0': {'_a0_': -0.4355455149572571, '_a1_': 5053.646304850146, '_a2_': 49.50402534985425, '_a3_': 116.77417942548009, '_a5_': 28119331.374152448, '_a6_': -10.65072575287639, '_a4_': 1.0, '_a7_': 1.0}};{'d0': 0.024350559813144077};-269.639664179908;62.98084533941696
1485;-71.8389867505369;((tan(-(((x + (pow2((_a0_ / _a1_)) * _a5_)) * _a0_))) * _a3_) + (-((_a2_ * x)) + _a6_));{'d0': {'_a0_': -0.4355455149572571, '_a1_': 5053.646304850146, '_a2_': 49.50402534985425, '_a3_': 116.77417942548009, '_a5_': 28119331.374152448, '_a6_': -10.65072575287639, '_a4_': 1.0, '_a7_': 1.0}};{'d0': 0.024350559813144077};-269.639664179908;62.98084533941696
1486;-71.8389867505369;((tan(-(((x + (pow2((_a0_ / _a1_)) * _a5_)) * _a0_))) * _a3_) + (-((_a2_ * x)) + _a6_));{'d0': {'_a0_': -0.4355455149572571, '_a1_': 5053.646304850146, '_a2_': 49.50402534985425, '_a3_': 116.77417942548009, '_a5_': 28119331.374152448, '_a6_': -10.65072575287639, '_a4_': 1.0, '_a7_': 1.0}};{'d0': 0.024350559813144077};-269.639664179908;62.98084533941696
1487;-71.8389867505369;((tan(-(((x + (pow2((_a0_ / _a1_)) * _a5_)) * _a0_))) * _a3_) + (-((_a2_ * x)) + _a6_));{'d0': {'_a0_': -0.4355455149572571, '_a1_': 5053.646304850146, '_a2_': 49.50402534985425, '_a3_': 116.77417942548009, '_a5_': 28119331.374152448, '_a6_': -10.65072575287639, '_a4_': 1.0, '_a7_': 1.0}};{'d0': 0.024350559813144077};-269.639664179908;62.98084533941696
1488;-71.8389867505369;((tan(-(((x + (pow2((_a0_ / _a1_)) * _a5_)) * _a0_))) * _a3_) + (-((_a2_ * x)) + _a6_));{'d0': {'_a0_': -0.4355455149572571, '_a1_': 5053.646304850146, '_a2_': 49.50402534985425, '_a3_': 116.77417942548009, '_a5_': 28119331.374152448, '_a6_': -10.65072575287639, '_a4_': 1.0, '_a7_': 1.0}};{'d0': 0.024350559813144077};-269.639664179908;62.98084533941696
1489;-71.8389867505369;((tan(-(((x + (pow2((_a0_ / _a1_)) * _a5_)) * _a0_))) * _a3_) + (-((_a2_ * x)) + _a6_));{'d0': {'_a0_': -0.4355455149572571, '_a1_': 5053.646304850146, '_a2_': 49.50402534985425, '_a3_': 116.77417942548009, '_a5_': 28119331.374152448, '_a6_': -10.65072575287639, '_a4_': 1.0, '_a7_': 1.0}};{'d0': 0.024350559813144077};-269.639664179908;62.98084533941696
1490;-71.8389867505369;((tan(-(((x + (pow2((_a0_ / _a1_)) * _a5_)) * _a0_))) * _a3_) + (-((_a2_ * x)) + _a6_));{'d0': {'_a0_': -0.4355455149572571, '_a1_': 5053.646304850146, '_a2_': 49.50402534985425, '_a3_': 116.77417942548009, '_a5_': 28119331.374152448, '_a6_': -10.65072575287639, '_a4_': 1.0, '_a7_': 1.0}};{'d0': 0.024350559813144077};-269.639664179908;62.98084533941696
1491;-71.8389867505369;((tan(-(((x + (pow2((_a0_ / _a1_)) * _a5_)) * _a0_))) * _a3_) + (-((_a2_ * x)) + _a6_));{'d0': {'_a0_': -0.4355455149572571, '_a1_': 5053.646304850146, '_a2_': 49.50402534985425, '_a3_': 116.77417942548009, '_a5_': 28119331.374152448, '_a6_': -10.65072575287639, '_a4_': 1.0, '_a7_': 1.0}};{'d0': 0.024350559813144077};-269.639664179908;62.98084533941696
1492;-71.8389867505369;((tan(-(((x + (pow2((_a0_ / _a1_)) * _a5_)) * _a0_))) * _a3_) + (-((_a2_ * x)) + _a6_));{'d0': {'_a0_': -0.4355455149572571, '_a1_': 5053.646304850146, '_a2_': 49.50402534985425, '_a3_': 116.77417942548009, '_a5_': 28119331.374152448, '_a6_': -10.65072575287639, '_a4_': 1.0, '_a7_': 1.0}};{'d0': 0.024350559813144077};-269.639664179908;62.98084533941696
1493;-71.8389867505369;((tan(-(((x + (pow2((_a0_ / _a1_)) * _a5_)) * _a0_))) * _a3_) + (-((_a2_ * x)) + _a6_));{'d0': {'_a0_': -0.4355455149572571, '_a1_': 5053.646304850146, '_a2_': 49.50402534985425, '_a3_': 116.77417942548009, '_a5_': 28119331.374152448, '_a6_': -10.65072575287639, '_a4_': 1.0, '_a7_': 1.0}};{'d0': 0.024350559813144077};-269.639664179908;62.98084533941696
1494;-71.8389867505369;((tan(-(((x + (pow2((_a0_ / _a1_)) * _a5_)) * _a0_))) * _a3_) + (-((_a2_ * x)) + _a6_));{'d0': {'_a0_': -0.4355455149572571, '_a1_': 5053.646304850146, '_a2_': 49.50402534985425, '_a3_': 116.77417942548009, '_a5_': 28119331.374152448, '_a6_': -10.65072575287639, '_a4_': 1.0, '_a7_': 1.0}};{'d0': 0.024350559813144077};-269.639664179908;62.98084533941696
1495;-71.8389867505369;((tan(-(((x + (pow2((_a0_ / _a1_)) * _a5_)) * _a0_))) * _a3_) + (-((_a2_ * x)) + _a6_));{'d0': {'_a0_': -0.4355455149572571, '_a1_': 5053.646304850146, '_a2_': 49.50402534985425, '_a3_': 116.77417942548009, '_a5_': 28119331.374152448, '_a6_': -10.65072575287639, '_a4_': 1.0, '_a7_': 1.0}};{'d0': 0.024350559813144077};-269.639664179908;62.98084533941696
1496;-71.8389867505369;((tan(-(((x + (pow2((_a0_ / _a1_)) * _a5_)) * _a0_))) * _a3_) + (-((_a2_ * x)) + _a6_));{'d0': {'_a0_': -0.4355455149572571, '_a1_': 5053.646304850146, '_a2_': 49.50402534985425, '_a3_': 116.77417942548009, '_a5_': 28119331.374152448, '_a6_': -10.65072575287639, '_a4_': 1.0, '_a7_': 1.0}};{'d0': 0.024350559813144077};-269.639664179908;62.98084533941696
1497;-65.9183908648940;((tan(-(((x + (pow2((_a0_ / _a1_)) * _a5_)) * _a0_))) * _a3_) + (-(((_a6_ + _a2_) * x)) + _a6_));{'d0': {'_a0_': -0.4350329344667248, '_a1_': 12007.599614604815, '_a2_': 60.3071874545918, '_a3_': 117.20167320683298, '_a5_': 159120854.39900574, '_a6_': -10.676991994917486, '_a4_': 1.0, '_a7_': 1.0}};{'d0': 0.024350555622098955};-269.639674506682;68.90144638844696
1498;-91.0125119708015;((sinh((_a7_ + (x * (_a7_ / _a0_)))) * _a2_) + _a3_);{'d0': {'_a0_': 0.21202674875991637, '_a2_': 0.46399588307630535, '_a3_': -0.3194052476675899, '_a7_': 0.6703030645981226, '_a1_': 1.0, '_a4_': 1.0, '_a5_': 1.0, '_a6_': 1.0}};{'d0': 0.03628100807638992};-253.903979024416;35.939477541406404
1499;-91.0125119708015;((sinh((_a7_ + (x * (_a7_ / _a0_)))) * _a2_) + _a3_);{'d0': {'_a0_': 0.21202674875991637, '_a2_': 0.46399588307630535, '_a3_': -0.3194052476675899, '_a7_': 0.6703030645981226, '_a1_': 1.0, '_a4_': 1.0, '_a5_': 1.0, '_a6_': 1.0}};{'d0': 0.03628100807638992};-253.903979024416;35.939477541406404
1500;-91.0125119708015;((sinh((_a7_ + (x * (_a7_ / _a0_)))) * _a2_) + _a3_);{'d0': {'_a0_': 0.21202674875991637, '_a2_': 0.46399588307630535, '_a3_': -0.3194052476675899, '_a7_': 0.6703030645981226, '_a1_': 1.0, '_a4_': 1.0, '_a5_': 1.0, '_a6_': 1.0}};{'d0': 0.03628100807638992};-253.903979024416;35.939477541406404
1501;-65.9183908648940;((tan(-(((x + (pow2((_a0_ / _a1_)) * _a5_)) * _a0_))) * _a3_) + (-(((_a6_ + _a2_) * x)) + _a6_));{'d0': {'_a0_': -0.4350329344667248, '_a1_': 12007.599614604815, '_a2_': 60.3071874545918, '_a3_': 117.20167320683298, '_a5_': 159120854.39900574, '_a6_': -10.676991994917486, '_a4_': 1.0, '_a7_': 1.0}};{'d0': 0.024350555622098955};-269.639674506682;68.90144638844696
1502;-65.9183908648940;((tan(-(((x + (pow2((_a0_ / _a1_)) * _a5_)) * _a0_))) * _a3_) + (-(((_a6_ + _a2_) * x)) + _a6_));{'d0': {'_a0_': -0.4350329344667248, '_a1_': 12007.599614604815, '_a2_': 60.3071874545918, '_a3_': 117.20167320683298, '_a5_': 159120854.39900574, '_a6_': -10.676991994917486, '_a4_': 1.0, '_a7_': 1.0}};{'d0': 0.024350555622098955};-269.639674506682;68.90144638844696
1503;-65.9183908648940;((tan(-(((x + (pow2((_a0_ / _a1_)) * _a5_)) * _a0_))) * _a3_) + (-(((_a6_ + _a2_) * x)) + _a6_));{'d0': {'_a0_': -0.4350329344667248, '_a1_': 12007.599614604815, '_a2_': 60.3071874545918, '_a3_': 117.20167320683298, '_a5_': 159120854.39900574, '_a6_': -10.676991994917486, '_a4_': 1.0, '_a7_': 1.0}};{'d0': 0.024350555622098955};-269.639674506682;68.90144638844696
1504;-65.9183908648940;((tan(-(((x + (pow2((_a0_ / _a1_)) * _a5_)) * _a0_))) * _a3_) + (-(((_a6_ + _a2_) * x)) + _a6_));{'d0': {'_a0_': -0.4350329344667248, '_a1_': 12007.599614604815, '_a2_': 60.3071874545918, '_a3_': 117.20167320683298, '_a5_': 159120854.39900574, '_a6_': -10.676991994917486, '_a4_': 1.0, '_a7_': 1.0}};{'d0': 0.024350555622098955};-269.639674506682;68.90144638844696
1505;-65.9183908648940;((tan(-(((x + (pow2((_a0_ / _a1_)) * _a5_)) * _a0_))) * _a3_) + (-(((_a6_ + _a2_) * x)) + _a6_));{'d0': {'_a0_': -0.4350329344667248, '_a1_': 12007.599614604815, '_a2_': 60.3071874545918, '_a3_': 117.20167320683298, '_a5_': 159120854.39900574, '_a6_': -10.676991994917486, '_a4_': 1.0, '_a7_': 1.0}};{'d0': 0.024350555622098955};-269.639674506682;68.90144638844696
1506;-65.9183908648940;((tan(-(((x + (pow2((_a0_ / _a1_)) * _a5_)) * _a0_))) * _a3_) + (-(((_a6_ + _a2_) * x)) + _a6_));{'d0': {'_a0_': -0.4350329344667248, '_a1_': 12007.599614604815, '_a2_': 60.3071874545918, '_a3_': 117.20167320683298, '_a5_': 159120854.39900574, '_a6_': -10.676991994917486, '_a4_': 1.0, '_a7_': 1.0}};{'d0': 0.024350555622098955};-269.639674506682;68.90144638844696
1507;-65.9183908648940;((tan(-(((x + (pow2((_a0_ / _a1_)) * _a5_)) * _a0_))) * _a3_) + (-(((_a6_ + _a2_) * x)) + _a6_));{'d0': {'_a0_': -0.4350329344667248, '_a1_': 12007.599614604815, '_a2_': 60.3071874545918, '_a3_': 117.20167320683298, '_a5_': 159120854.39900574, '_a6_': -10.676991994917486, '_a4_': 1.0, '_a7_': 1.0}};{'d0': 0.024350555622098955};-269.639674506682;68.90144638844696
1508;-65.9183908648940;((tan(-(((x + (pow2((_a0_ / _a1_)) * _a5_)) * _a0_))) * _a3_) + (-(((_a6_ + _a2_) * x)) + _a6_));{'d0': {'_a0_': -0.4350329344667248, '_a1_': 12007.599614604815, '_a2_': 60.3071874545918, '_a3_': 117.20167320683298, '_a5_': 159120854.39900574, '_a6_': -10.676991994917486, '_a4_': 1.0, '_a7_': 1.0}};{'d0': 0.024350555622098955};-269.639674506682;68.90144638844696
1509;-65.9183908648940;((tan(-(((x + (pow2((_a0_ / _a1_)) * _a5_)) * _a0_))) * _a3_) + (-(((_a6_ + _a2_) * x)) + _a6_));{'d0': {'_a0_': -0.4350329344667248, '_a1_': 12007.599614604815, '_a2_': 60.3071874545918, '_a3_': 117.20167320683298, '_a5_': 159120854.39900574, '_a6_': -10.676991994917486, '_a4_': 1.0, '_a7_': 1.0}};{'d0': 0.024350555622098955};-269.639674506682;68.90144638844696
1510;-65.9183908648940;((tan(-(((x + (pow2((_a0_ / _a1_)) * _a5_)) * _a0_))) * _a3_) + (-(((_a6_ + _a2_) * x)) + _a6_));{'d0': {'_a0_': -0.4350329344667248, '_a1_': 12007.599614604815, '_a2_': 60.3071874545918, '_a3_': 117.20167320683298, '_a5_': 159120854.39900574, '_a6_': -10.676991994917486, '_a4_': 1.0, '_a7_': 1.0}};{'d0': 0.024350555622098955};-269.639674506682;68.90144638844696
1511;-65.9183908648940;((tan(-(((x + (pow2((_a0_ / _a1_)) * _a5_)) * _a0_))) * _a3_) + (-(((_a6_ + _a2_) * x)) + _a6_));{'d0': {'_a0_': -0.4350329344667248, '_a1_': 12007.599614604815, '_a2_': 60.3071874545918, '_a3_': 117.20167320683298, '_a5_': 159120854.39900574, '_a6_': -10.676991994917486, '_a4_': 1.0, '_a7_': 1.0}};{'d0': 0.024350555622098955};-269.639674506682;68.90144638844696
1512;-65.9183908648940;((tan(-(((x + (pow2((_a0_ / _a1_)) * _a5_)) * _a0_))) * _a3_) + (-(((_a6_ + _a2_) * x)) + _a6_));{'d0': {'_a0_': -0.4350329344667248, '_a1_': 12007.599614604815, '_a2_': 60.3071874545918, '_a3_': 117.20167320683298, '_a5_': 159120854.39900574, '_a6_': -10.676991994917486, '_a4_': 1.0, '_a7_': 1.0}};{'d0': 0.024350555622098955};-269.639674506682;68.90144638844696
1513;-65.9183908648940;((tan(-(((x + (pow2((_a0_ / _a1_)) * _a5_)) * _a0_))) * _a3_) + (-(((_a6_ + _a2_) * x)) + _a6_));{'d0': {'_a0_': -0.4350329344667248, '_a1_': 12007.599614604815, '_a2_': 60.3071874545918, '_a3_': 117.20167320683298, '_a5_': 159120854.39900574, '_a6_': -10.676991994917486, '_a4_': 1.0, '_a7_': 1.0}};{'d0': 0.024350555622098955};-269.639674506682;68.90144638844696
1514;-65.9183908648940;((tan(-(((x + (pow2((_a0_ / _a1_)) * _a5_)) * _a0_))) * _a3_) + (-(((_a6_ + _a2_) * x)) + _a6_));{'d0': {'_a0_': -0.4350329344667248, '_a1_': 12007.599614604815, '_a2_': 60.3071874545918, '_a3_': 117.20167320683298, '_a5_': 159120854.39900574, '_a6_': -10.676991994917486, '_a4_': 1.0, '_a7_': 1.0}};{'d0': 0.024350555622098955};-269.639674506682;68.90144638844696
1515;-65.9183908648940;((tan(-(((x + (pow2((_a0_ / _a1_)) * _a5_)) * _a0_))) * _a3_) + (-(((_a6_ + _a2_) * x)) + _a6_));{'d0': {'_a0_': -0.4350329344667248, '_a1_': 12007.599614604815, '_a2_': 60.3071874545918, '_a3_': 117.20167320683298, '_a5_': 159120854.39900574, '_a6_': -10.676991994917486, '_a4_': 1.0, '_a7_': 1.0}};{'d0': 0.024350555622098955};-269.639674506682;68.90144638844696
1516;-60.4163996341160;((tan(-(((x + (pow2((_a0_ / _a1_)) * _a5_)) * _a0_))) * _a3_) + (-((((_a5_ * x) + _a2_) * x)) + _a6_));{'d0': {'_a0_': -0.25580537281927906, '_a1_': 6974.86272133655, '_a2_': 147.97700047483434, '_a3_': 585.4839381999343, '_a5_': -2.0927169826898186, '_a6_': -2.8248257982768182e-06, '_a4_': 1.0, '_a7_': 1.0}};{'d0': 0.02474354057437074};-268.679086468684;73.92314360022596
1517;-60.4163996341160;((tan(-(((x + (pow2((_a0_ / _a1_)) * _a5_)) * _a0_))) * _a3_) + (-((((_a5_ * x) + _a2_) * x)) + _a6_));{'d0': {'_a0_': -0.25580537281927906, '_a1_': 6974.86272133655, '_a2_': 147.97700047483434, '_a3_': 585.4839381999343, '_a5_': -2.0927169826898186, '_a6_': -2.8248257982768182e-06, '_a4_': 1.0, '_a7_': 1.0}};{'d0': 0.02474354057437074};-268.679086468684;73.92314360022596
1518;-60.4163996341160;((tan(-(((x + (pow2((_a0_ / _a1_)) * _a5_)) * _a0_))) * _a3_) + (-((((_a5_ * x) + _a2_) * x)) + _a6_));{'d0': {'_a0_': -0.25580537281927906, '_a1_': 6974.86272133655, '_a2_': 147.97700047483434, '_a3_': 585.4839381999343, '_a5_': -2.0927169826898186, '_a6_': -2.8248257982768182e-06, '_a4_': 1.0, '_a7_': 1.0}};{'d0': 0.02474354057437074};-268.679086468684;73.92314360022596
1519;-60.4163996341160;((tan(-(((x + (pow2((_a0_ / _a1_)) * _a5_)) * _a0_))) * _a3_) + (-((((_a5_ * x) + _a2_) * x)) + _a6_));{'d0': {'_a0_': -0.25580537281927906, '_a1_': 6974.86272133655, '_a2_': 147.97700047483434, '_a3_': 585.4839381999343, '_a5_': -2.0927169826898186, '_a6_': -2.8248257982768182e-06, '_a4_': 1.0, '_a7_': 1.0}};{'d0': 0.02474354057437074};-268.679086468684;73.92314360022596
1520;-60.4163996341160;((tan(-(((x + (pow2((_a0_ / _a1_)) * _a5_)) * _a0_))) * _a3_) + (-((((_a5_ * x) + _a2_) * x)) + _a6_));{'d0': {'_a0_': -0.25580537281927906, '_a1_': 6974.86272133655, '_a2_': 147.97700047483434, '_a3_': 585.4839381999343, '_a5_': -2.0927169826898186, '_a6_': -2.8248257982768182e-06, '_a4_': 1.0, '_a7_': 1.0}};{'d0': 0.02474354057437074};-268.679086468684;73.92314360022596
1521;-60.4163996341160;((tan(-(((x + (pow2((_a0_ / _a1_)) * _a5_)) * _a0_))) * _a3_) + (-((((_a5_ * x) + _a2_) * x)) + _a6_));{'d0': {'_a0_': -0.25580537281927906, '_a1_': 6974.86272133655, '_a2_': 147.97700047483434, '_a3_': 585.4839381999343, '_a5_': -2.0927169826898186, '_a6_': -2.8248257982768182e-06, '_a4_': 1.0, '_a7_': 1.0}};{'d0': 0.02474354057437074};-268.679086468684;73.92314360022596
1522;-60.4163996341160;((tan(-(((x + (pow2((_a0_ / _a1_)) * _a5_)) * _a0_))) * _a3_) + (-((((_a5_ * x) + _a2_) * x)) + _a6_));{'d0': {'_a0_': -0.25580537281927906, '_a1_': 6974.86272133655, '_a2_': 147.97700047483434, '_a3_': 585.4839381999343, '_a5_': -2.0927169826898186, '_a6_': -2.8248257982768182e-06, '_a4_': 1.0, '_a7_': 1.0}};{'d0': 0.02474354057437074};-268.679086468684;73.92314360022596
1523;-60.4163996341160;((tan(-(((x + (pow2((_a0_ / _a1_)) * _a5_)) * _a0_))) * _a3_) + (-((((_a5_ * x) + _a2_) * x)) + _a6_));{'d0': {'_a0_': -0.25580537281927906, '_a1_': 6974.86272133655, '_a2_': 147.97700047483434, '_a3_': 585.4839381999343, '_a5_': -2.0927169826898186, '_a6_': -2.8248257982768182e-06, '_a4_': 1.0, '_a7_': 1.0}};{'d0': 0.02474354057437074};-268.679086468684;73.92314360022596
1524;-60.4163996341160;((tan(-(((x + (pow2((_a0_ / _a1_)) * _a5_)) * _a0_))) * _a3_) + (-((((_a5_ * x) + _a2_) * x)) + _a6_));{'d0': {'_a0_': -0.25580537281927906, '_a1_': 6974.86272133655, '_a2_': 147.97700047483434, '_a3_': 585.4839381999343, '_a5_': -2.0927169826898186, '_a6_': -2.8248257982768182e-06, '_a4_': 1.0, '_a7_': 1.0}};{'d0': 0.02474354057437074};-268.679086468684;73.92314360022596
1525;-60.4163996341160;((tan(-(((x + (pow2((_a0_ / _a1_)) * _a5_)) * _a0_))) * _a3_) + (-((((_a5_ * x) + _a2_) * x)) + _a6_));{'d0': {'_a0_': -0.25580537281927906, '_a1_': 6974.86272133655, '_a2_': 147.97700047483434, '_a3_': 585.4839381999343, '_a5_': -2.0927169826898186, '_a6_': -2.8248257982768182e-06, '_a4_': 1.0, '_a7_': 1.0}};{'d0': 0.02474354057437074};-268.679086468684;73.92314360022596
1526;-56.7184652959392;((tan(-(((x + (pow2((_a0_ / pow2(_a1_))) * _a5_)) * _a0_))) * _a3_) + (-((((_a5_ * x) + _a2_) * x)) + _a6_));{'d0': {'_a0_': -0.25580537281927906, '_a1_': 6974.86272133655, '_a2_': 147.97700047483434, '_a3_': 585.4839381999343, '_a5_': -2.0927169826898186, '_a6_': -2.8248257982768182e-06, '_a4_': 1.0, '_a7_': 1.0}};{'d0': 0.02474354046349235};-268.679086737550;77.62107807283596
1527;-56.7184652959392;((tan(-(((x + (pow2((_a0_ / pow2(_a1_))) * _a5_)) * _a0_))) * _a3_) + (-((((_a5_ * x) + _a2_) * x)) + _a6_));{'d0': {'_a0_': -0.25580537281927906, '_a1_': 6974.86272133655, '_a2_': 147.97700047483434, '_a3_': 585.4839381999343, '_a5_': -2.0927169826898186, '_a6_': -2.8248257982768182e-06, '_a4_': 1.0, '_a7_': 1.0}};{'d0': 0.02474354046349235};-268.679086737550;77.62107807283596
1528;-56.7184652959392;((tan(-(((x + (pow2((_a0_ / pow2(_a1_))) * _a5_)) * _a0_))) * _a3_) + (-((((_a5_ * x) + _a2_) * x)) + _a6_));{'d0': {'_a0_': -0.25580537281927906, '_a1_': 6974.86272133655, '_a2_': 147.97700047483434, '_a3_': 585.4839381999343, '_a5_': -2.0927169826898186, '_a6_': -2.8248257982768182e-06, '_a4_': 1.0, '_a7_': 1.0}};{'d0': 0.02474354046349235};-268.679086737550;77.62107807283596
1529;-50.8812424877883;((tan(-(((x + (pow2(((_a3_ / _a3_) / pow2(_a1_))) * _a5_)) * _a0_))) * _a3_) + (-((((_a5_ * x) + _a2_) * x)) + _a6_));{'d0': {'_a0_': -0.25580537281927906, '_a1_': 6974.86272133655, '_a2_': 147.97700047483434, '_a3_': 585.4839381999343, '_a5_': -2.0927169826898186, '_a6_': -2.8248257982768182e-06, '_a4_': 1.0, '_a7_': 1.0}};{'d0': 0.02474354046349535};-268.679086737543;83.45830088098316
1530;-50.8812424877883;((tan(-(((x + (pow2(((_a3_ / _a3_) / pow2(_a1_))) * _a5_)) * _a0_))) * _a3_) + (-((((_a5_ * x) + _a2_) * x)) + _a6_));{'d0': {'_a0_': -0.25580537281927906, '_a1_': 6974.86272133655, '_a2_': 147.97700047483434, '_a3_': 585.4839381999343, '_a5_': -2.0927169826898186, '_a6_': -2.8248257982768182e-06, '_a4_': 1.0, '_a7_': 1.0}};{'d0': 0.02474354046349535};-268.679086737543;83.45830088098316
1531;-56.7184652959392;((tan(-(((x + (pow2((_a0_ / pow2(_a1_))) * _a5_)) * _a0_))) * _a3_) + (-((((_a5_ * x) + _a2_) * x)) + _a6_));{'d0': {'_a0_': -0.25580537281927906, '_a1_': 6974.86272133655, '_a2_': 147.97700047483434, '_a3_': 585.4839381999343, '_a5_': -2.0927169826898186, '_a6_': -2.8248257982768182e-06, '_a4_': 1.0, '_a7_': 1.0}};{'d0': 0.02474354046349235};-268.679086737550;77.62107807283596
1532;-56.7184652959392;((tan(-(((x + (pow2((_a0_ / pow2(_a1_))) * _a5_)) * _a0_))) * _a3_) + (-((((_a5_ * x) + _a2_) * x)) + _a6_));{'d0': {'_a0_': -0.25580537281927906, '_a1_': 6974.86272133655, '_a2_': 147.97700047483434, '_a3_': 585.4839381999343, '_a5_': -2.0927169826898186, '_a6_': -2.8248257982768182e-06, '_a4_': 1.0, '_a7_': 1.0}};{'d0': 0.02474354046349235};-268.679086737550;77.62107807283596
1533;-56.7184652959392;((tan(-(((x + (pow2((_a0_ / pow2(_a1_))) * _a5_)) * _a0_))) * _a3_) + (-((((_a5_ * x) + _a2_) * x)) + _a6_));{'d0': {'_a0_': -0.25580537281927906, '_a1_': 6974.86272133655, '_a2_': 147.97700047483434, '_a3_': 585.4839381999343, '_a5_': -2.0927169826898186, '_a6_': -2.8248257982768182e-06, '_a4_': 1.0, '_a7_': 1.0}};{'d0': 0.02474354046349235};-268.679086737550;77.62107807283596
1534;-56.7184652959392;((tan(-(((x + (pow2((_a0_ / pow2(_a1_))) * _a5_)) * _a0_))) * _a3_) + (-((((_a5_ * x) + _a2_) * x)) + _a6_));{'d0': {'_a0_': -0.25580537281927906, '_a1_': 6974.86272133655, '_a2_': 147.97700047483434, '_a3_': 585.4839381999343, '_a5_': -2.0927169826898186, '_a6_': -2.8248257982768182e-06, '_a4_': 1.0, '_a7_': 1.0}};{'d0': 0.02474354046349235};-268.679086737550;77.62107807283596
1535;-56.7184652959392;((tan(-(((x + (pow2((_a0_ / pow2(_a1_))) * _a5_)) * _a0_))) * _a3_) + (-((((_a5_ * x) + _a2_) * x)) + _a6_));{'d0': {'_a0_': -0.25580537281927906, '_a1_': 6974.86272133655, '_a2_': 147.97700047483434, '_a3_': 585.4839381999343, '_a5_': -2.0927169826898186, '_a6_': -2.8248257982768182e-06, '_a4_': 1.0, '_a7_': 1.0}};{'d0': 0.02474354046349235};-268.679086737550;77.62107807283596
1536;-56.7184652959392;((tan(-(((x + (pow2((_a0_ / pow2(_a1_))) * _a5_)) * _a0_))) * _a3_) + (-((((_a5_ * x) + _a2_) * x)) + _a6_));{'d0': {'_a0_': -0.25580537281927906, '_a1_': 6974.86272133655, '_a2_': 147.97700047483434, '_a3_': 585.4839381999343, '_a5_': -2.0927169826898186, '_a6_': -2.8248257982768182e-06, '_a4_': 1.0, '_a7_': 1.0}};{'d0': 0.02474354046349235};-268.679086737550;77.62107807283596
1537;-56.7184652959392;((tan(-(((x + (pow2((_a0_ / pow2(_a1_))) * _a5_)) * _a0_))) * _a3_) + (-((((_a5_ * x) + _a2_) * x)) + _a6_));{'d0': {'_a0_': -0.25580537281927906, '_a1_': 6974.86272133655, '_a2_': 147.97700047483434, '_a3_': 585.4839381999343, '_a5_': -2.0927169826898186, '_a6_': -2.8248257982768182e-06, '_a4_': 1.0, '_a7_': 1.0}};{'d0': 0.02474354046349235};-268.679086737550;77.62107807283596
1538;-56.7184652959392;((tan(-(((x + (pow2((_a0_ / pow2(_a1_))) * _a5_)) * _a0_))) * _a3_) + (-((((_a5_ * x) + _a2_) * x)) + _a6_));{'d0': {'_a0_': -0.25580537281927906, '_a1_': 6974.86272133655, '_a2_': 147.97700047483434, '_a3_': 585.4839381999343, '_a5_': -2.0927169826898186, '_a6_': -2.8248257982768182e-06, '_a4_': 1.0, '_a7_': 1.0}};{'d0': 0.02474354046349235};-268.679086737550;77.62107807283596
1539;-56.7184652959392;((tan(-(((x + (pow2((_a0_ / pow2(_a1_))) * _a5_)) * _a0_))) * _a3_) + (-((((_a5_ * x) + _a2_) * x)) + _a6_));{'d0': {'_a0_': -0.25580537281927906, '_a1_': 6974.86272133655, '_a2_': 147.97700047483434, '_a3_': 585.4839381999343, '_a5_': -2.0927169826898186, '_a6_': -2.8248257982768182e-06, '_a4_': 1.0, '_a7_': 1.0}};{'d0': 0.02474354046349235};-268.679086737550;77.62107807283596
1540;-56.7184652959392;((tan(-(((x + (pow2((_a0_ / pow2(_a1_))) * _a5_)) * _a0_))) * _a3_) + (-((((_a5_ * x) + _a2_) * x)) + _a6_));{'d0': {'_a0_': -0.25580537281927906, '_a1_': 6974.86272133655, '_a2_': 147.97700047483434, '_a3_': 585.4839381999343, '_a5_': -2.0927169826898186, '_a6_': -2.8248257982768182e-06, '_a4_': 1.0, '_a7_': 1.0}};{'d0': 0.02474354046349235};-268.679086737550;77.62107807283596
1541;-56.7184652959392;((tan(-(((x + (pow2((_a0_ / pow2(_a1_))) * _a5_)) * _a0_))) * _a3_) + (-((((_a5_ * x) + _a2_) * x)) + _a6_));{'d0': {'_a0_': -0.25580537281927906, '_a1_': 6974.86272133655, '_a2_': 147.97700047483434, '_a3_': 585.4839381999343, '_a5_': -2.0927169826898186, '_a6_': -2.8248257982768182e-06, '_a4_': 1.0, '_a7_': 1.0}};{'d0': 0.02474354046349235};-268.679086737550;77.62107807283596
1542;-56.7184652959392;((tan(-(((x + (pow2((_a0_ / pow2(_a1_))) * _a5_)) * _a0_))) * _a3_) + (-((((_a5_ * x) + _a2_) * x)) + _a6_));{'d0': {'_a0_': -0.25580537281927906, '_a1_': 6974.86272133655, '_a2_': 147.97700047483434, '_a3_': 585.4839381999343, '_a5_': -2.0927169826898186, '_a6_': -2.8248257982768182e-06, '_a4_': 1.0, '_a7_': 1.0}};{'d0': 0.02474354046349235};-268.679086737550;77.62107807283596
1543;-56.7184652959392;((tan(-(((x + (pow2((_a0_ / pow2(_a1_))) * _a5_)) * _a0_))) * _a3_) + (-((((_a5_ * x) + _a2_) * x)) + _a6_));{'d0': {'_a0_': -0.25580537281927906, '_a1_': 6974.86272133655, '_a2_': 147.97700047483434, '_a3_': 585.4839381999343, '_a5_': -2.0927169826898186, '_a6_': -2.8248257982768182e-06, '_a4_': 1.0, '_a7_': 1.0}};{'d0': 0.02474354046349235};-268.679086737550;77.62107807283596
1544;-56.7184652959392;((tan(-(((x + (pow2((_a0_ / pow2(_a1_))) * _a5_)) * _a0_))) * _a3_) + (-((((_a5_ * x) + _a2_) * x)) + _a6_));{'d0': {'_a0_': -0.25580537281927906, '_a1_': 6974.86272133655, '_a2_': 147.97700047483434, '_a3_': 585.4839381999343, '_a5_': -2.0927169826898186, '_a6_': -2.8248257982768182e-06, '_a4_': 1.0, '_a7_': 1.0}};{'d0': 0.02474354046349235};-268.679086737550;77.62107807283596
1545;-56.7184652959392;((tan(-(((x + (pow2((_a0_ / pow2(_a1_))) * _a5_)) * _a0_))) * _a3_) + (-((((_a5_ * x) + _a2_) * x)) + _a6_));{'d0': {'_a0_': -0.25580537281927906, '_a1_': 6974.86272133655, '_a2_': 147.97700047483434, '_a3_': 585.4839381999343, '_a5_': -2.0927169826898186, '_a6_': -2.8248257982768182e-06, '_a4_': 1.0, '_a7_': 1.0}};{'d0': 0.02474354046349235};-268.679086737550;77.62107807283596
1546;-56.7184652959392;((tan(-(((x + (pow2((_a0_ / pow2(_a1_))) * _a5_)) * _a0_))) * _a3_) + (-((((_a5_ * x) + _a2_) * x)) + _a6_));{'d0': {'_a0_': -0.25580537281927906, '_a1_': 6974.86272133655, '_a2_': 147.97700047483434, '_a3_': 585.4839381999343, '_a5_': -2.0927169826898186, '_a6_': -2.8248257982768182e-06, '_a4_': 1.0, '_a7_': 1.0}};{'d0': 0.02474354046349235};-268.679086737550;77.62107807283596
1547;-56.7184652959392;((tan(-(((x + (pow2((_a0_ / pow2(_a1_))) * _a5_)) * _a0_))) * _a3_) + (-((((_a5_ * x) + _a2_) * x)) + _a6_));{'d0': {'_a0_': -0.25580537281927906, '_a1_': 6974.86272133655, '_a2_': 147.97700047483434, '_a3_': 585.4839381999343, '_a5_': -2.0927169826898186, '_a6_': -2.8248257982768182e-06, '_a4_': 1.0, '_a7_': 1.0}};{'d0': 0.02474354046349235};-268.679086737550;77.62107807283596
1548;-56.7184652959392;((tan(-(((x + (pow2((_a0_ / pow2(_a1_))) * _a5_)) * _a0_))) * _a3_) + (-((((_a5_ * x) + _a2_) * x)) + _a6_));{'d0': {'_a0_': -0.25580537281927906, '_a1_': 6974.86272133655, '_a2_': 147.97700047483434, '_a3_': 585.4839381999343, '_a5_': -2.0927169826898186, '_a6_': -2.8248257982768182e-06, '_a4_': 1.0, '_a7_': 1.0}};{'d0': 0.02474354046349235};-268.679086737550;77.62107807283596
1549;-56.7184652959392;((tan(-(((x + (pow2((_a0_ / pow2(_a1_))) * _a5_)) * _a0_))) * _a3_) + (-((((_a5_ * x) + _a2_) * x)) + _a6_));{'d0': {'_a0_': -0.25580537281927906, '_a1_': 6974.86272133655, '_a2_': 147.97700047483434, '_a3_': 585.4839381999343, '_a5_': -2.0927169826898186, '_a6_': -2.8248257982768182e-06, '_a4_': 1.0, '_a7_': 1.0}};{'d0': 0.02474354046349235};-268.679086737550;77.62107807283596
1550;-56.7184652959392;((tan(-(((x + (pow2((_a0_ / pow2(_a1_))) * _a5_)) * _a0_))) * _a3_) + (-((((_a5_ * x) + _a2_) * x)) + _a6_));{'d0': {'_a0_': -0.25580537281927906, '_a1_': 6974.86272133655, '_a2_': 147.97700047483434, '_a3_': 585.4839381999343, '_a5_': -2.0927169826898186, '_a6_': -2.8248257982768182e-06, '_a4_': 1.0, '_a7_': 1.0}};{'d0': 0.02474354046349235};-268.679086737550;77.62107807283596
1551;-56.7184652959392;((tan(-(((x + (pow2((_a0_ / pow2(_a1_))) * _a5_)) * _a0_))) * _a3_) + (-((((_a5_ * x) + _a2_) * x)) + _a6_));{'d0': {'_a0_': -0.25580537281927906, '_a1_': 6974.86272133655, '_a2_': 147.97700047483434, '_a3_': 585.4839381999343, '_a5_': -2.0927169826898186, '_a6_': -2.8248257982768182e-06, '_a4_': 1.0, '_a7_': 1.0}};{'d0': 0.02474354046349235};-268.679086737550;77.62107807283596
1552;-51.6244107978365;((tan(-(((x + (pow2((_a0_ / pow2((_a1_ * _a1_)))) * _a5_)) * _a0_))) * _a3_) + (-((((_a5_ * x) + _a2_) * x)) + _a6_));{'d0': {'_a0_': -0.25580537281927906, '_a1_': 6974.86272133655, '_a2_': 147.97700047483434, '_a3_': 585.4839381999343, '_a5_': -2.0927169826898186, '_a6_': -2.8248257982768182e-06, '_a4_': 1.0, '_a7_': 1.0}};{'d0': 0.0247435404634937};-268.679086737547;82.71513257093696
1553;-53.5042253208275;((tan(-(((x + (pow2((_a0_ / pow2(sqrt(_a2_)))) * _a5_)) * _a0_))) * _a3_) + (-((((_a5_ * x) + _a2_) * x)) + _a6_));{'d0': {'_a0_': -0.21486691920252185, '_a2_': 212.69994059223342, '_a3_': 998.2341495537917, '_a5_': -2.098643000032031, '_a6_': 0.00016295883902535342, '_a1_': 1.0, '_a4_': 1.0, '_a7_': 1.0}};{'d0': 0.02467892001192508};-272.930332808367;82.96094108335596
1554;-53.5042253208275;((tan(-(((x + (pow2((_a0_ / pow2(sqrt(_a2_)))) * _a5_)) * _a0_))) * _a3_) + (-((((_a5_ * x) + _a2_) * x)) + _a6_));{'d0': {'_a0_': -0.21486691920252185, '_a2_': 212.69994059223342, '_a3_': 998.2341495537917, '_a5_': -2.098643000032031, '_a6_': 0.00016295883902535342, '_a1_': 1.0, '_a4_': 1.0, '_a7_': 1.0}};{'d0': 0.02467892001192508};-272.930332808367;82.96094108335596
1555;-53.5042253208275;((tan(-(((x + (pow2((_a0_ / pow2(sqrt(_a2_)))) * _a5_)) * _a0_))) * _a3_) + (-((((_a5_ * x) + _a2_) * x)) + _a6_));{'d0': {'_a0_': -0.21486691920252185, '_a2_': 212.69994059223342, '_a3_': 998.2341495537917, '_a5_': -2.098643000032031, '_a6_': 0.00016295883902535342, '_a1_': 1.0, '_a4_': 1.0, '_a7_': 1.0}};{'d0': 0.02467892001192508};-272.930332808367;82.96094108335596
1556;-53.5042253208275;((tan(-(((x + (pow2((_a0_ / pow2(sqrt(_a2_)))) * _a5_)) * _a0_))) * _a3_) + (-((((_a5_ * x) + _a2_) * x)) + _a6_));{'d0': {'_a0_': -0.21486691920252185, '_a2_': 212.69994059223342, '_a3_': 998.2341495537917, '_a5_': -2.098643000032031, '_a6_': 0.00016295883902535342, '_a1_': 1.0, '_a4_': 1.0, '_a7_': 1.0}};{'d0': 0.02467892001192508};-272.930332808367;82.96094108335596
1557;-53.5042253208275;((tan(-(((x + (pow2((_a0_ / pow2(sqrt(_a2_)))) * _a5_)) * _a0_))) * _a3_) + (-((((_a5_ * x) + _a2_) * x)) + _a6_));{'d0': {'_a0_': -0.21486691920252185, '_a2_': 212.69994059223342, '_a3_': 998.2341495537917, '_a5_': -2.098643000032031, '_a6_': 0.00016295883902535342, '_a1_': 1.0, '_a4_': 1.0, '_a7_': 1.0}};{'d0': 0.02467892001192508};-272.930332808367;82.96094108335596
1558;-53.5042253208275;((tan(-(((x + (pow2((_a0_ / pow2(sqrt(_a2_)))) * _a5_)) * _a0_))) * _a3_) + (-((((_a5_ * x) + _a2_) * x)) + _a6_));{'d0': {'_a0_': -0.21486691920252185, '_a2_': 212.69994059223342, '_a3_': 998.2341495537917, '_a5_': -2.098643000032031, '_a6_': 0.00016295883902535342, '_a1_': 1.0, '_a4_': 1.0, '_a7_': 1.0}};{'d0': 0.02467892001192508};-272.930332808367;82.96094108335596
1559;-58.8438822964306;((tan(-(((x + (pow2((_a0_ / pow2(_a5_))) * _a5_)) * _a0_))) * _a3_) + (-((((_a5_ * x) + _a2_) * x)) + _a6_));{'d0': {'_a0_': -0.20222102586226345, '_a2_': 240.9642331206303, '_a3_': 1200.4209135706092, '_a5_': -2.1416676463532704, '_a6_': 1.0101634085366347, '_a1_': 1.0, '_a4_': 1.0, '_a7_': 1.0}};{'d0': 0.0246790895031482};-272.929920738533;77.62107807283596
1560;-58.8438822964306;((tan(-(((x + (pow2((_a0_ / pow2(_a5_))) * _a5_)) * _a0_))) * _a3_) + (-((((_a5_ * x) + _a2_) * x)) + _a6_));{'d0': {'_a0_': -0.20222102586226345, '_a2_': 240.9642331206303, '_a3_': 1200.4209135706092, '_a5_': -2.1416676463532704, '_a6_': 1.0101634085366347, '_a1_': 1.0, '_a4_': 1.0, '_a7_': 1.0}};{'d0': 0.0246790895031482};-272.929920738533;77.62107807283596
1561;-58.8438822964306;((tan(-(((x + (pow2((_a0_ / pow2(_a5_))) * _a5_)) * _a0_))) * _a3_) + (-((((_a5_ * x) + _a2_) * x)) + _a6_));{'d0': {'_a0_': -0.20222102586226345, '_a2_': 240.9642331206303, '_a3_': 1200.4209135706092, '_a5_': -2.1416676463532704, '_a6_': 1.0101634085366347, '_a1_': 1.0, '_a4_': 1.0, '_a7_': 1.0}};{'d0': 0.0246790895031482};-272.929920738533;77.62107807283596
1562;-58.8438822964306;((tan(-(((x + (pow2((_a0_ / pow2(_a5_))) * _a5_)) * _a0_))) * _a3_) + (-((((_a5_ * x) + _a2_) * x)) + _a6_));{'d0': {'_a0_': -0.20222102586226345, '_a2_': 240.9642331206303, '_a3_': 1200.4209135706092, '_a5_': -2.1416676463532704, '_a6_': 1.0101634085366347, '_a1_': 1.0, '_a4_': 1.0, '_a7_': 1.0}};{'d0': 0.0246790895031482};-272.929920738533;77.62107807283596
1563;-58.8438822964306;((tan(-(((x + (pow2((_a0_ / pow2(_a5_))) * _a5_)) * _a0_))) * _a3_) + (-((((_a5_ * x) + _a2_) * x)) + _a6_));{'d0': {'_a0_': -0.20222102586226345, '_a2_': 240.9642331206303, '_a3_': 1200.4209135706092, '_a5_': -2.1416676463532704, '_a6_': 1.0101634085366347, '_a1_': 1.0, '_a4_': 1.0, '_a7_': 1.0}};{'d0': 0.0246790895031482};-272.929920738533;77.62107807283596
1564;-90.1531978048845;(((sqrt((_a0_ ** x)) + pow2(x)) ** sqrt((_a5_ * _a5_))) * (x * _a2_));{'d0': {'_a0_': 4.417596478413341, '_a2_': 1.7344651214590077, '_a5_': 1.4582809503659229, '_a1_': 1.0, '_a3_': 1.0, '_a4_': 1.0, '_a6_': 1.0, '_a7_': 1.0}};{'d0': 0.026705033476916832};-276.384864196407;48.039234293319005
1565;-90.1531978048845;(((sqrt((_a0_ ** x)) + pow2(x)) ** sqrt((_a5_ * _a5_))) * (x * _a2_));{'d0': {'_a0_': 4.417596478413341, '_a2_': 1.7344651214590077, '_a5_': 1.4582809503659229, '_a1_': 1.0, '_a3_': 1.0, '_a4_': 1.0, '_a6_': 1.0, '_a7_': 1.0}};{'d0': 0.026705033476916832};-276.384864196407;48.039234293319005
1566;-90.1531978048845;(((sqrt((_a0_ ** x)) + pow2(x)) ** sqrt((_a5_ * _a5_))) * (x * _a2_));{'d0': {'_a0_': 4.417596478413341, '_a2_': 1.7344651214590077, '_a5_': 1.4582809503659229, '_a1_': 1.0, '_a3_': 1.0, '_a4_': 1.0, '_a6_': 1.0, '_a7_': 1.0}};{'d0': 0.026705033476916832};-276.384864196407;48.039234293319005
1567;-90.1531978048845;(((sqrt((_a0_ ** x)) + pow2(x)) ** sqrt((_a5_ * _a5_))) * (x * _a2_));{'d0': {'_a0_': 4.417596478413341, '_a2_': 1.7344651214590077, '_a5_': 1.4582809503659229, '_a1_': 1.0, '_a3_': 1.0, '_a4_': 1.0, '_a6_': 1.0, '_a7_': 1.0}};{'d0': 0.026705033476916832};-276.384864196407;48.039234293319005
1568;-90.1531978048845;(((sqrt((_a0_ ** x)) + pow2(x)) ** sqrt((_a5_ * _a5_))) * (x * _a2_));{'d0': {'_a0_': 4.417596478413341, '_a2_': 1.7344651214590077, '_a5_': 1.4582809503659229, '_a1_': 1.0, '_a3_': 1.0, '_a4_': 1.0, '_a6_': 1.0, '_a7_': 1.0}};{'d0': 0.026705033476916832};-276.384864196407;48.039234293319005
1569;-90.1531978048845;(((sqrt((_a0_ ** x)) + pow2(x)) ** sqrt((_a5_ * _a5_))) * (x * _a2_));{'d0': {'_a0_': 4.417596478413341, '_a2_': 1.7344651214590077, '_a5_': 1.4582809503659229, '_a1_': 1.0, '_a3_': 1.0, '_a4_': 1.0, '_a6_': 1.0, '_a7_': 1.0}};{'d0': 0.026705033476916832};-276.384864196407;48.039234293319005
1570;-90.1531978048845;(((sqrt((_a0_ ** x)) + pow2(x)) ** sqrt((_a5_ * _a5_))) * (x * _a2_));{'d0': {'_a0_': 4.417596478413341, '_a2_': 1.7344651214590077, '_a5_': 1.4582809503659229, '_a1_': 1.0, '_a3_': 1.0, '_a4_': 1.0, '_a6_': 1.0, '_a7_': 1.0}};{'d0': 0.026705033476916832};-276.384864196407;48.039234293319005
1571;-90.1531978048845;(((sqrt((_a0_ ** x)) + pow2(x)) ** sqrt((_a5_ * _a5_))) * (x * _a2_));{'d0': {'_a0_': 4.417596478413341, '_a2_': 1.7344651214590077, '_a5_': 1.4582809503659229, '_a1_': 1.0, '_a3_': 1.0, '_a4_': 1.0, '_a6_': 1.0, '_a7_': 1.0}};{'d0': 0.026705033476916832};-276.384864196407;48.039234293319005
1572;-90.1531978048845;(((sqrt((_a0_ ** x)) + pow2(x)) ** sqrt((_a5_ * _a5_))) * (x * _a2_));{'d0': {'_a0_': 4.417596478413341, '_a2_': 1.7344651214590077, '_a5_': 1.4582809503659229, '_a1_': 1.0, '_a3_': 1.0, '_a4_': 1.0, '_a6_': 1.0, '_a7_': 1.0}};{'d0': 0.026705033476916832};-276.384864196407;48.039234293319005
1573;-90.1531978048845;(((sqrt((_a0_ ** x)) + pow2(x)) ** sqrt((_a5_ * _a5_))) * (x * _a2_));{'d0': {'_a0_': 4.417596478413341, '_a2_': 1.7344651214590077, '_a5_': 1.4582809503659229, '_a1_': 1.0, '_a3_': 1.0, '_a4_': 1.0, '_a6_': 1.0, '_a7_': 1.0}};{'d0': 0.026705033476916832};-276.384864196407;48.039234293319005
1574;-90.1531978048845;(((sqrt((_a0_ ** x)) + pow2(x)) ** sqrt((_a5_ * _a5_))) * (x * _a2_));{'d0': {'_a0_': 4.417596478413341, '_a2_': 1.7344651214590077, '_a5_': 1.4582809503659229, '_a1_': 1.0, '_a3_': 1.0, '_a4_': 1.0, '_a6_': 1.0, '_a7_': 1.0}};{'d0': 0.026705033476916832};-276.384864196407;48.039234293319005
1575;-90.1531978048845;(((sqrt((_a0_ ** x)) + pow2(x)) ** sqrt((_a5_ * _a5_))) * (x * _a2_));{'d0': {'_a0_': 4.417596478413341, '_a2_': 1.7344651214590077, '_a5_': 1.4582809503659229, '_a1_': 1.0, '_a3_': 1.0, '_a4_': 1.0, '_a6_': 1.0, '_a7_': 1.0}};{'d0': 0.026705033476916832};-276.384864196407;48.039234293319005
1576;-90.1531978048845;(((sqrt((_a0_ ** x)) + pow2(x)) ** sqrt((_a5_ * _a5_))) * (x * _a2_));{'d0': {'_a0_': 4.417596478413341, '_a2_': 1.7344651214590077, '_a5_': 1.4582809503659229, '_a1_': 1.0, '_a3_': 1.0, '_a4_': 1.0, '_a6_': 1.0, '_a7_': 1.0}};{'d0': 0.026705033476916832};-276.384864196407;48.039234293319005
1577;-90.1531978048845;(((sqrt((_a0_ ** x)) + pow2(x)) ** sqrt((_a5_ * _a5_))) * (x * _a2_));{'d0': {'_a0_': 4.417596478413341, '_a2_': 1.7344651214590077, '_a5_': 1.4582809503659229, '_a1_': 1.0, '_a3_': 1.0, '_a4_': 1.0, '_a6_': 1.0, '_a7_': 1.0}};{'d0': 0.026705033476916832};-276.384864196407;48.039234293319005
1578;-90.1531978048845;(((sqrt((_a0_ ** x)) + pow2(x)) ** sqrt((_a5_ * _a5_))) * (x * _a2_));{'d0': {'_a0_': 4.417596478413341, '_a2_': 1.7344651214590077, '_a5_': 1.4582809503659229, '_a1_': 1.0, '_a3_': 1.0, '_a4_': 1.0, '_a6_': 1.0, '_a7_': 1.0}};{'d0': 0.026705033476916832};-276.384864196407;48.039234293319005
1579;-90.1531978048845;(((sqrt((_a0_ ** x)) + pow2(x)) ** sqrt((_a5_ * _a5_))) * (x * _a2_));{'d0': {'_a0_': 4.417596478413341, '_a2_': 1.7344651214590077, '_a5_': 1.4582809503659229, '_a1_': 1.0, '_a3_': 1.0, '_a4_': 1.0, '_a6_': 1.0, '_a7_': 1.0}};{'d0': 0.026705033476916832};-276.384864196407;48.039234293319005
1580;-90.1531978048845;(((sqrt((_a0_ ** x)) + pow2(x)) ** sqrt((_a5_ * _a5_))) * (x * _a2_));{'d0': {'_a0_': 4.417596478413341, '_a2_': 1.7344651214590077, '_a5_': 1.4582809503659229, '_a1_': 1.0, '_a3_': 1.0, '_a4_': 1.0, '_a6_': 1.0, '_a7_': 1.0}};{'d0': 0.026705033476916832};-276.384864196407;48.039234293319005
1581;-90.1531978048845;(((sqrt((_a0_ ** x)) + pow2(x)) ** sqrt((_a5_ * _a5_))) * (x * _a2_));{'d0': {'_a0_': 4.417596478413341, '_a2_': 1.7344651214590077, '_a5_': 1.4582809503659229, '_a1_': 1.0, '_a3_': 1.0, '_a4_': 1.0, '_a6_': 1.0, '_a7_': 1.0}};{'d0': 0.026705033476916832};-276.384864196407;48.039234293319005
1582;-90.1531978048845;(((sqrt((_a0_ ** x)) + pow2(x)) ** sqrt((_a5_ * _a5_))) * (x * _a2_));{'d0': {'_a0_': 4.417596478413341, '_a2_': 1.7344651214590077, '_a5_': 1.4582809503659229, '_a1_': 1.0, '_a3_': 1.0, '_a4_': 1.0, '_a6_': 1.0, '_a7_': 1.0}};{'d0': 0.026705033476916832};-276.384864196407;48.039234293319005
1583;-90.1531978048845;(((sqrt((_a0_ ** x)) + pow2(x)) ** sqrt((_a5_ * _a5_))) * (x * _a2_));{'d0': {'_a0_': 4.417596478413341, '_a2_': 1.7344651214590077, '_a5_': 1.4582809503659229, '_a1_': 1.0, '_a3_': 1.0, '_a4_': 1.0, '_a6_': 1.0, '_a7_': 1.0}};{'d0': 0.026705033476916832};-276.384864196407;48.039234293319005
1584;-90.1531978048845;(((sqrt((_a0_ ** x)) + pow2(x)) ** sqrt((_a5_ * _a5_))) * (x * _a2_));{'d0': {'_a0_': 4.417596478413341, '_a2_': 1.7344651214590077, '_a5_': 1.4582809503659229, '_a1_': 1.0, '_a3_': 1.0, '_a4_': 1.0, '_a6_': 1.0, '_a7_': 1.0}};{'d0': 0.026705033476916832};-276.384864196407;48.039234293319005
1585;-90.1531978048845;(((sqrt((_a0_ ** x)) + pow2(x)) ** sqrt((_a5_ * _a5_))) * (x * _a2_));{'d0': {'_a0_': 4.417596478413341, '_a2_': 1.7344651214590077, '_a5_': 1.4582809503659229, '_a1_': 1.0, '_a3_': 1.0, '_a4_': 1.0, '_a6_': 1.0, '_a7_': 1.0}};{'d0': 0.026705033476916832};-276.384864196407;48.039234293319005
1586;-90.1531978048845;(((sqrt((_a0_ ** x)) + pow2(x)) ** sqrt((_a5_ * _a5_))) * (x * _a2_));{'d0': {'_a0_': 4.417596478413341, '_a2_': 1.7344651214590077, '_a5_': 1.4582809503659229, '_a1_': 1.0, '_a3_': 1.0, '_a4_': 1.0, '_a6_': 1.0, '_a7_': 1.0}};{'d0': 0.026705033476916832};-276.384864196407;48.039234293319005
1587;-90.1531978048845;(((sqrt((_a0_ ** x)) + pow2(x)) ** sqrt((_a5_ * _a5_))) * (x * _a2_));{'d0': {'_a0_': 4.417596478413341, '_a2_': 1.7344651214590077, '_a5_': 1.4582809503659229, '_a1_': 1.0, '_a3_': 1.0, '_a4_': 1.0, '_a6_': 1.0, '_a7_': 1.0}};{'d0': 0.026705033476916832};-276.384864196407;48.039234293319005
1588;-90.1531978048809;(((sqrt((_a0_ ** x)) + pow2(x)) ** sqrt((_a2_ * _a5_))) * (x * _a2_));{'d0': {'_a0_': 4.417596456725034, '_a2_': 1.7344651350708402, '_a5_': 1.2260743603455553, '_a1_': 1.0, '_a3_': 1.0, '_a4_': 1.0, '_a6_': 1.0, '_a7_': 1.0}};{'d0': 0.026705033476919972};-276.384864196400;48.039234293319005
1589;-90.1531978048809;(((sqrt((_a0_ ** x)) + pow2(x)) ** sqrt((_a2_ * _a5_))) * (x * _a2_));{'d0': {'_a0_': 4.417596456725034, '_a2_': 1.7344651350708402, '_a5_': 1.2260743603455553, '_a1_': 1.0, '_a3_': 1.0, '_a4_': 1.0, '_a6_': 1.0, '_a7_': 1.0}};{'d0': 0.026705033476919972};-276.384864196400;48.039234293319005
1590;-90.1531978048809;(((sqrt((_a0_ ** x)) + pow2(x)) ** sqrt((_a2_ * _a5_))) * (x * _a2_));{'d0': {'_a0_': 4.417596456725034, '_a2_': 1.7344651350708402, '_a5_': 1.2260743603455553, '_a1_': 1.0, '_a3_': 1.0, '_a4_': 1.0, '_a6_': 1.0, '_a7_': 1.0}};{'d0': 0.026705033476919972};-276.384864196400;48.039234293319005
1591;-83.9471982903668;(((((exp(x) + (_a4_ / _a2_)) * ((_a5_ ** x) + _a5_)) + _a2_) * _a5_) * (_a7_ * x));{'d0': {'_a2_': -1.5702377522718702, '_a4_': -0.39539956579081165, '_a5_': 0.3843564166267083, '_a7_': 28.36496361038463, '_a0_': 1.0, '_a1_': 1.0, '_a3_': 1.0, '_a6_': 1.0}};{'d0': 0.02436034338465482};-277.804251337030;54.95492737814839
1592;-83.9471982903668;(((((exp(x) + (_a4_ / _a2_)) * ((_a5_ ** x) + _a5_)) + _a2_) * _a5_) * (_a7_ * x));{'d0': {'_a2_': -1.5702377522718702, '_a4_': -0.39539956579081165, '_a5_': 0.3843564166267083, '_a7_': 28.36496361038463, '_a0_': 1.0, '_a1_': 1.0, '_a3_': 1.0, '_a6_': 1.0}};{'d0': 0.02436034338465482};-277.804251337030;54.95492737814839
1593;-83.9471982903668;(((((exp(x) + (_a4_ / _a2_)) * ((_a5_ ** x) + _a5_)) + _a2_) * _a5_) * (_a7_ * x));{'d0': {'_a2_': -1.5702377522718702, '_a4_': -0.39539956579081165, '_a5_': 0.3843564166267083, '_a7_': 28.36496361038463, '_a0_': 1.0, '_a1_': 1.0, '_a3_': 1.0, '_a6_': 1.0}};{'d0': 0.02436034338465482};-277.804251337030;54.95492737814839
1594;-83.9471982903433;(((((exp(x) + (_a0_ / _a2_)) * ((_a5_ ** x) + _a5_)) + _a2_) * _a5_) * (_a7_ * x));{'d0': {'_a0_': -0.3954021841748307, '_a2_': -1.5702397632573881, '_a5_': 0.3843568130982219, '_a7_': 28.364874976197605, '_a1_': 1.0, '_a3_': 1.0, '_a4_': 1.0, '_a6_': 1.0}};{'d0': 0.0243603433846739};-277.804251336983;54.95492737814839
1595;-83.9471982903433;(((((exp(x) + (_a0_ / _a2_)) * ((_a5_ ** x) + _a5_)) + _a2_) * _a5_) * (_a7_ * x));{'d0': {'_a0_': -0.3954021841748307, '_a2_': -1.5702397632573881, '_a5_': 0.3843568130982219, '_a7_': 28.364874976197605, '_a1_': 1.0, '_a3_': 1.0, '_a4_': 1.0, '_a6_': 1.0}};{'d0': 0.0243603433846739};-277.804251336983;54.95492737814839
1596;-90.1531978048809;(((sqrt((_a0_ ** x)) + pow2(x)) ** sqrt((_a2_ * _a5_))) * (x * _a2_));{'d0': {'_a0_': 4.417596456725034, '_a2_': 1.7344651350708402, '_a5_': 1.2260743603455553, '_a1_': 1.0, '_a3_': 1.0, '_a4_': 1.0, '_a6_': 1.0, '_a7_': 1.0}};{'d0': 0.026705033476919972};-276.384864196400;48.039234293319005
1597;-90.1531978048809;(((sqrt((_a0_ ** x)) + pow2(x)) ** sqrt((_a2_ * _a5_))) * (x * _a2_));{'d0': {'_a0_': 4.417596456725034, '_a2_': 1.7344651350708402, '_a5_': 1.2260743603455553, '_a1_': 1.0, '_a3_': 1.0, '_a4_': 1.0, '_a6_': 1.0, '_a7_': 1.0}};{'d0': 0.026705033476919972};-276.384864196400;48.039234293319005
1598;-90.1531978048809;(((sqrt((_a0_ ** x)) + pow2(x)) ** sqrt((_a2_ * _a5_))) * (x * _a2_));{'d0': {'_a0_': 4.417596456725034, '_a2_': 1.7344651350708402, '_a5_': 1.2260743603455553, '_a1_': 1.0, '_a3_': 1.0, '_a4_': 1.0, '_a6_': 1.0, '_a7_': 1.0}};{'d0': 0.026705033476919972};-276.384864196400;48.039234293319005
1599;-90.1531978048809;(((sqrt((_a0_ ** x)) + pow2(x)) ** sqrt((_a2_ * _a5_))) * (x * _a2_));{'d0': {'_a0_': 4.417596456725034, '_a2_': 1.7344651350708402, '_a5_': 1.2260743603455553, '_a1_': 1.0, '_a3_': 1.0, '_a4_': 1.0, '_a6_': 1.0, '_a7_': 1.0}};{'d0': 0.026705033476919972};-276.384864196400;48.039234293319005
1600;-81.9000259635584;(((((exp(x) + (_a0_ / _a2_)) * ((_a5_ ** x) + _a5_)) + _a4_) * _a5_) * (_a7_ * x));{'d0': {'_a0_': -172.66553553999472, '_a2_': -685.6758798900885, '_a4_': -1.5702517256922406, '_a5_': 0.38435917129834457, '_a7_': 28.364347925069133, '_a1_': 1.0, '_a3_': 1.0, '_a6_': 1.0}};{'d0': 0.024360343421761615};-273.709906683414;54.95492737814839
1601;-81.9000259635584;(((((exp(x) + (_a0_ / _a2_)) * ((_a5_ ** x) + _a5_)) + _a4_) * _a5_) * (_a7_ * x));{'d0': {'_a0_': -172.66553553999472, '_a2_': -685.6758798900885, '_a4_': -1.5702517256922406, '_a5_': 0.38435917129834457, '_a7_': 28.364347925069133, '_a1_': 1.0, '_a3_': 1.0, '_a6_': 1.0}};{'d0': 0.024360343421761615};-273.709906683414;54.95492737814839
1602;-91.7639911488493;(((((exp(x) + _a5_) * ((_a5_ ** x) + _a5_)) + _a4_) * _a5_) * (_a7_ * x));{'d0': {'_a4_': -1.8517810067592384, '_a5_': 0.432487971938151, '_a7_': 20.4610242084986, '_a0_': 1.0, '_a1_': 1.0, '_a2_': 1.0, '_a3_': 1.0, '_a6_': 1.0}};{'d0': 0.02438526147683658};-281.837253521191;49.15463561174599
1603;-91.7639911488493;(((((exp(x) + _a5_) * ((_a5_ ** x) + _a5_)) + _a4_) * _a5_) * (_a7_ * x));{'d0': {'_a4_': -1.8517810067592384, '_a5_': 0.432487971938151, '_a7_': 20.4610242084986, '_a0_': 1.0, '_a1_': 1.0, '_a2_': 1.0, '_a3_': 1.0, '_a6_': 1.0}};{'d0': 0.02438526147683658};-281.837253521191;49.15463561174599
1604;-91.7639911488493;(((((exp(x) + _a5_) * ((_a5_ ** x) + _a5_)) + _a4_) * _a5_) * (_a7_ * x));{'d0': {'_a4_': -1.8517810067592384, '_a5_': 0.432487971938151, '_a7_': 20.4610242084986, '_a0_': 1.0, '_a1_': 1.0, '_a2_': 1.0, '_a3_': 1.0, '_a6_': 1.0}};{'d0': 0.02438526147683658};-281.837253521191;49.15463561174599
1605;-91.7639911488493;(((((exp(x) + _a5_) * ((_a5_ ** x) + _a5_)) + _a4_) * _a5_) * (_a7_ * x));{'d0': {'_a4_': -1.8517810067592384, '_a5_': 0.432487971938151, '_a7_': 20.4610242084986, '_a0_': 1.0, '_a1_': 1.0, '_a2_': 1.0, '_a3_': 1.0, '_a6_': 1.0}};{'d0': 0.02438526147683658};-281.837253521191;49.15463561174599
1606;-91.7639911488493;(((((exp(x) + _a5_) * ((_a5_ ** x) + _a5_)) + _a4_) * _a5_) * (_a7_ * x));{'d0': {'_a4_': -1.8517810067592384, '_a5_': 0.432487971938151, '_a7_': 20.4610242084986, '_a0_': 1.0, '_a1_': 1.0, '_a2_': 1.0, '_a3_': 1.0, '_a6_': 1.0}};{'d0': 0.02438526147683658};-281.837253521191;49.15463561174599
1607;-91.7639911488493;(((((exp(x) + _a5_) * ((_a5_ ** x) + _a5_)) + _a4_) * _a5_) * (_a7_ * x));{'d0': {'_a4_': -1.8517810067592384, '_a5_': 0.432487971938151, '_a7_': 20.4610242084986, '_a0_': 1.0, '_a1_': 1.0, '_a2_': 1.0, '_a3_': 1.0, '_a6_': 1.0}};{'d0': 0.02438526147683658};-281.837253521191;49.15463561174599
1608;-91.7639911488493;(((((exp(x) + _a5_) * ((_a5_ ** x) + _a5_)) + _a4_) * _a5_) * (_a7_ * x));{'d0': {'_a4_': -1.8517810067592384, '_a5_': 0.432487971938151, '_a7_': 20.4610242084986, '_a0_': 1.0, '_a1_': 1.0, '_a2_': 1.0, '_a3_': 1.0, '_a6_': 1.0}};{'d0': 0.02438526147683658};-281.837253521191;49.15463561174599
1609;-91.7639911488493;(((((exp(x) + _a5_) * ((_a5_ ** x) + _a5_)) + _a4_) * _a5_) * (_a7_ * x));{'d0': {'_a4_': -1.8517810067592384, '_a5_': 0.432487971938151, '_a7_': 20.4610242084986, '_a0_': 1.0, '_a1_': 1.0, '_a2_': 1.0, '_a3_': 1.0, '_a6_': 1.0}};{'d0': 0.02438526147683658};-281.837253521191;49.15463561174599
1610;-100.378870770526;(((((x * (x + (_a5_ * _a0_))) + _a2_) * x) * -(_a5_)) * _a2_);{'d0': {'_a0_': -0.09712199695165906, '_a2_': 0.5256917695616812, '_a5_': -6.423461574775029, '_a1_': 1.0, '_a3_': 1.0, '_a4_': 1.0, '_a6_': 1.0, '_a7_': 1.0}};{'d0': 0.024905832919416657};-280.569866449044;39.906062453995396
1611;-100.378870770526;(((((x * (x + (_a5_ * _a0_))) + _a2_) * x) * -(_a5_)) * _a2_);{'d0': {'_a0_': -0.09712199695165906, '_a2_': 0.5256917695616812, '_a5_': -6.423461574775029, '_a1_': 1.0, '_a3_': 1.0, '_a4_': 1.0, '_a6_': 1.0, '_a7_': 1.0}};{'d0': 0.024905832919416657};-280.569866449044;39.906062453995396
1612;-100.378870770526;(((((x * (x + (_a5_ * _a0_))) + _a2_) * x) * -(_a5_)) * _a2_);{'d0': {'_a0_': -0.09712199695165906, '_a2_': 0.5256917695616812, '_a5_': -6.423461574775029, '_a1_': 1.0, '_a3_': 1.0, '_a4_': 1.0, '_a6_': 1.0, '_a7_': 1.0}};{'d0': 0.024905832919416657};-280.569866449044;39.906062453995396
1613;-100.378870770526;(((((x * (x + (_a5_ * _a0_))) + _a2_) * x) * -(_a5_)) * _a2_);{'d0': {'_a0_': -0.09712199695165906, '_a2_': 0.5256917695616812, '_a5_': -6.423461574775029, '_a1_': 1.0, '_a3_': 1.0, '_a4_': 1.0, '_a6_': 1.0, '_a7_': 1.0}};{'d0': 0.024905832919416657};-280.569866449044;39.906062453995396
1614;-100.378870770526;(((((x * (x + (_a5_ * _a0_))) + _a2_) * x) * -(_a5_)) * _a2_);{'d0': {'_a0_': -0.09712199695165906, '_a2_': 0.5256917695616812, '_a5_': -6.423461574775029, '_a1_': 1.0, '_a3_': 1.0, '_a4_': 1.0, '_a6_': 1.0, '_a7_': 1.0}};{'d0': 0.024905832919416657};-280.569866449044;39.906062453995396
1615;-98.3316984872384;(((((x * (x + (_a5_ * _a0_))) + _a4_) * x) * -(_a5_)) * _a2_);{'d0': {'_a0_': -0.2797967468364037, '_a2_': 1.5144545153556868, '_a4_': 0.5256917702210061, '_a5_': -2.229687324895174, '_a1_': 1.0, '_a3_': 1.0, '_a6_': 1.0, '_a7_': 1.0}};{'d0': 0.02490583292122393};-276.475521882468;39.906062453995396
1616;-98.3316984888135;(((((x * (x + (_a5_ * _a0_))) + _a4_) * x) * -(_a5_)) * _a6_);{'d0': {'_a0_': -0.2600748580433688, '_a4_': 0.525691769828493, '_a5_': -2.398768333097898, '_a6_': 1.4077059428260923, '_a1_': 1.0, '_a2_': 1.0, '_a3_': 1.0, '_a7_': 1.0}};{'d0': 0.024905832919916288};-276.475521885618;39.906062453995396
1617;-98.3316984888135;(((((x * (x + (_a5_ * _a0_))) + _a4_) * x) * -(_a5_)) * _a6_);{'d0': {'_a0_': -0.2600748580433688, '_a4_': 0.525691769828493, '_a5_': -2.398768333097898, '_a6_': 1.4077059428260923, '_a1_': 1.0, '_a2_': 1.0, '_a3_': 1.0, '_a7_': 1.0}};{'d0': 0.024905832919916288};-276.475521885618;39.906062453995396
1618;-98.3316984888135;(((((x * (x + (_a5_ * _a0_))) + _a4_) * x) * -(_a5_)) * _a6_);{'d0': {'_a0_': -0.2600748580433688, '_a4_': 0.525691769828493, '_a5_': -2.398768333097898, '_a6_': 1.4077059428260923, '_a1_': 1.0, '_a2_': 1.0, '_a3_': 1.0, '_a7_': 1.0}};{'d0': 0.024905832919916288};-276.475521885618;39.906062453995396
1619;-98.3316984888135;(((((x * (x + (_a5_ * _a0_))) + _a4_) * x) * -(_a5_)) * _a6_);{'d0': {'_a0_': -0.2600748580433688, '_a4_': 0.525691769828493, '_a5_': -2.398768333097898, '_a6_': 1.4077059428260923, '_a1_': 1.0, '_a2_': 1.0, '_a3_': 1.0, '_a7_': 1.0}};{'d0': 0.024905832919916288};-276.475521885618;39.906062453995396
1620;-98.3316984888135;(((((x * (x + (_a5_ * _a0_))) + _a4_) * x) * -(_a5_)) * _a6_);{'d0': {'_a0_': -0.2600748580433688, '_a4_': 0.525691769828493, '_a5_': -2.398768333097898, '_a6_': 1.4077059428260923, '_a1_': 1.0, '_a2_': 1.0, '_a3_': 1.0, '_a7_': 1.0}};{'d0': 0.024905832919916288};-276.475521885618;39.906062453995396
1621;-98.3316984888135;(((((x * (x + (_a5_ * _a0_))) + _a4_) * x) * -(_a5_)) * _a6_);{'d0': {'_a0_': -0.2600748580433688, '_a4_': 0.525691769828493, '_a5_': -2.398768333097898, '_a6_': 1.4077059428260923, '_a1_': 1.0, '_a2_': 1.0, '_a3_': 1.0, '_a7_': 1.0}};{'d0': 0.024905832919916288};-276.475521885618;39.906062453995396
1622;-98.3316984888135;(((((x * (x + (_a5_ * _a0_))) + _a4_) * x) * -(_a5_)) * _a6_);{'d0': {'_a0_': -0.2600748580433688, '_a4_': 0.525691769828493, '_a5_': -2.398768333097898, '_a6_': 1.4077059428260923, '_a1_': 1.0, '_a2_': 1.0, '_a3_': 1.0, '_a7_': 1.0}};{'d0': 0.024905832919916288};-276.475521885618;39.906062453995396
1623;-98.3316984888135;(((((x * (x + (_a5_ * _a0_))) + _a4_) * x) * -(_a5_)) * _a6_);{'d0': {'_a0_': -0.2600748580433688, '_a4_': 0.525691769828493, '_a5_': -2.398768333097898, '_a6_': 1.4077059428260923, '_a1_': 1.0, '_a2_': 1.0, '_a3_': 1.0, '_a7_': 1.0}};{'d0': 0.024905832919916288};-276.475521885618;39.906062453995396
1624;-98.3316984888135;(((((x * (x + (_a5_ * _a0_))) + _a4_) * x) * -(_a5_)) * _a6_);{'d0': {'_a0_': -0.2600748580433688, '_a4_': 0.525691769828493, '_a5_': -2.398768333097898, '_a6_': 1.4077059428260923, '_a1_': 1.0, '_a2_': 1.0, '_a3_': 1.0, '_a7_': 1.0}};{'d0': 0.024905832919916288};-276.475521885618;39.906062453995396
1625;-98.3316984888135;(((((x * (x + (_a5_ * _a0_))) + _a4_) * x) * -(_a5_)) * _a6_);{'d0': {'_a0_': -0.2600748580433688, '_a4_': 0.525691769828493, '_a5_': -2.398768333097898, '_a6_': 1.4077059428260923, '_a1_': 1.0, '_a2_': 1.0, '_a3_': 1.0, '_a7_': 1.0}};{'d0': 0.024905832919916288};-276.475521885618;39.906062453995396
1626;-98.3316984888135;(((((x * (x + (_a5_ * _a0_))) + _a4_) * x) * -(_a5_)) * _a6_);{'d0': {'_a0_': -0.2600748580433688, '_a4_': 0.525691769828493, '_a5_': -2.398768333097898, '_a6_': 1.4077059428260923, '_a1_': 1.0, '_a2_': 1.0, '_a3_': 1.0, '_a7_': 1.0}};{'d0': 0.024905832919916288};-276.475521885618;39.906062453995396
1627;-98.3316984888135;(((((x * (x + (_a5_ * _a0_))) + _a4_) * x) * -(_a5_)) * _a6_);{'d0': {'_a0_': -0.2600748580433688, '_a4_': 0.525691769828493, '_a5_': -2.398768333097898, '_a6_': 1.4077059428260923, '_a1_': 1.0, '_a2_': 1.0, '_a3_': 1.0, '_a7_': 1.0}};{'d0': 0.024905832919916288};-276.475521885618;39.906062453995396
1628;-98.3316984888135;(((((x * (x + (_a5_ * _a0_))) + _a4_) * x) * -(_a5_)) * _a6_);{'d0': {'_a0_': -0.2600748580433688, '_a4_': 0.525691769828493, '_a5_': -2.398768333097898, '_a6_': 1.4077059428260923, '_a1_': 1.0, '_a2_': 1.0, '_a3_': 1.0, '_a7_': 1.0}};{'d0': 0.024905832919916288};-276.475521885618;39.906062453995396
1629;-98.3316984888135;(((((x * (x + (_a5_ * _a0_))) + _a4_) * x) * -(_a5_)) * _a6_);{'d0': {'_a0_': -0.2600748580433688, '_a4_': 0.525691769828493, '_a5_': -2.398768333097898, '_a6_': 1.4077059428260923, '_a1_': 1.0, '_a2_': 1.0, '_a3_': 1.0, '_a7_': 1.0}};{'d0': 0.024905832919916288};-276.475521885618;39.906062453995396
1630;-98.3316984888135;(((((x * (x + (_a5_ * _a0_))) + _a4_) * x) * -(_a5_)) * _a6_);{'d0': {'_a0_': -0.2600748580433688, '_a4_': 0.525691769828493, '_a5_': -2.398768333097898, '_a6_': 1.4077059428260923, '_a1_': 1.0, '_a2_': 1.0, '_a3_': 1.0, '_a7_': 1.0}};{'d0': 0.024905832919916288};-276.475521885618;39.906062453995396
1631;-90.1531978048809;(((sqrt((_a0_ ** x)) + pow2(x)) ** sqrt((_a2_ * _a5_))) * (x * _a2_));{'d0': {'_a0_': 4.417596456725034, '_a2_': 1.7344651350708402, '_a5_': 1.2260743603455553, '_a1_': 1.0, '_a3_': 1.0, '_a4_': 1.0, '_a6_': 1.0, '_a7_': 1.0}};{'d0': 0.026705033476919972};-276.384864196400;48.039234293319005
1632;-90.1531978048809;(((sqrt((_a0_ ** x)) + pow2(x)) ** sqrt((_a2_ * _a5_))) * (x * _a2_));{'d0': {'_a0_': 4.417596456725034, '_a2_': 1.7344651350708402, '_a5_': 1.2260743603455553, '_a1_': 1.0, '_a3_': 1.0, '_a4_': 1.0, '_a6_': 1.0, '_a7_': 1.0}};{'d0': 0.026705033476919972};-276.384864196400;48.039234293319005
1633;-90.1531978048809;(((sqrt((_a0_ ** x)) + pow2(x)) ** sqrt((_a2_ * _a5_))) * (x * _a2_));{'d0': {'_a0_': 4.417596456725034, '_a2_': 1.7344651350708402, '_a5_': 1.2260743603455553, '_a1_': 1.0, '_a3_': 1.0, '_a4_': 1.0, '_a6_': 1.0, '_a7_': 1.0}};{'d0': 0.026705033476919972};-276.384864196400;48.039234293319005
1634;-90.1531978048809;(((sqrt((_a0_ ** x)) + pow2(x)) ** sqrt((_a2_ * _a5_))) * (x * _a2_));{'d0': {'_a0_': 4.417596456725034, '_a2_': 1.7344651350708402, '_a5_': 1.2260743603455553, '_a1_': 1.0, '_a3_': 1.0, '_a4_': 1.0, '_a6_': 1.0, '_a7_': 1.0}};{'d0': 0.026705033476919972};-276.384864196400;48.039234293319005
1635;-90.1531978048809;(((sqrt((_a0_ ** x)) + pow2(x)) ** sqrt((_a2_ * _a5_))) * (x * _a2_));{'d0': {'_a0_': 4.417596456725034, '_a2_': 1.7344651350708402, '_a5_': 1.2260743603455553, '_a1_': 1.0, '_a3_': 1.0, '_a4_': 1.0, '_a6_': 1.0, '_a7_': 1.0}};{'d0': 0.026705033476919972};-276.384864196400;48.039234293319005
1636;-90.1531978048809;(((sqrt((_a0_ ** x)) + pow2(x)) ** sqrt((_a2_ * _a5_))) * (x * _a2_));{'d0': {'_a0_': 4.417596456725034, '_a2_': 1.7344651350708402, '_a5_': 1.2260743603455553, '_a1_': 1.0, '_a3_': 1.0, '_a4_': 1.0, '_a6_': 1.0, '_a7_': 1.0}};{'d0': 0.026705033476919972};-276.384864196400;48.039234293319005
1637;-90.1531978048809;(((sqrt((_a0_ ** x)) + pow2(x)) ** sqrt((_a2_ * _a5_))) * (x * _a2_));{'d0': {'_a0_': 4.417596456725034, '_a2_': 1.7344651350708402, '_a5_': 1.2260743603455553, '_a1_': 1.0, '_a3_': 1.0, '_a4_': 1.0, '_a6_': 1.0, '_a7_': 1.0}};{'d0': 0.026705033476919972};-276.384864196400;48.039234293319005
1638;-90.1531978048809;(((sqrt((_a0_ ** x)) + pow2(x)) ** sqrt((_a2_ * _a5_))) * (x * _a2_));{'d0': {'_a0_': 4.417596456725034, '_a2_': 1.7344651350708402, '_a5_': 1.2260743603455553, '_a1_': 1.0, '_a3_': 1.0, '_a4_': 1.0, '_a6_': 1.0, '_a7_': 1.0}};{'d0': 0.026705033476919972};-276.384864196400;48.039234293319005
1639;-90.1531978048809;(((sqrt((_a0_ ** x)) + pow2(x)) ** sqrt((_a2_ * _a5_))) * (x * _a2_));{'d0': {'_a0_': 4.417596456725034, '_a2_': 1.7344651350708402, '_a5_': 1.2260743603455553, '_a1_': 1.0, '_a3_': 1.0, '_a4_': 1.0, '_a6_': 1.0, '_a7_': 1.0}};{'d0': 0.026705033476919972};-276.384864196400;48.039234293319005
1640;-91.7639911488494;(((((exp(x) + _a5_) * ((_a5_ ** x) + _a5_)) + _a4_) * _a5_) * (_a0_ * x));{'d0': {'_a0_': 20.461024217619453, '_a4_': -1.8517810069151182, '_a5_': 0.4324879719701962, '_a1_': 1.0, '_a2_': 1.0, '_a3_': 1.0, '_a6_': 1.0, '_a7_': 1.0}};{'d0': 0.0243852614768365};-281.837253521191;49.15463561174599
1641;-91.7639911488494;(((((exp(x) + _a5_) * ((_a5_ ** x) + _a5_)) + _a4_) * _a5_) * (_a0_ * x));{'d0': {'_a0_': 20.461024217619453, '_a4_': -1.8517810069151182, '_a5_': 0.4324879719701962, '_a1_': 1.0, '_a2_': 1.0, '_a3_': 1.0, '_a6_': 1.0, '_a7_': 1.0}};{'d0': 0.0243852614768365};-281.837253521191;49.15463561174599
1642;-89.7170574303673;(((((exp(x) + _a5_) * ((_a5_ ** x) + _a1_)) + _a4_) * _a5_) * (_a0_ * x));{'d0': {'_a0_': 20.06948384771075, '_a1_': 0.46017501504573954, '_a4_': -1.872695334324195, '_a5_': 0.4248016631821745, '_a2_': 1.0, '_a3_': 1.0, '_a6_': 1.0, '_a7_': 1.0}};{'d0': 0.02438506756387131};-277.743386084227;49.15463561174599
1643;-94.5383768170284;(((((x + _a5_) * ((_a5_ ** x) + _a1_)) + _a4_) * _a5_) * (_a0_ * x));{'d0': {'_a0_': -125.46058172834705, '_a1_': -0.9904017353420437, '_a4_': -0.023950879562462512, '_a5_': 0.9727366434719131, '_a2_': 1.0, '_a3_': 1.0, '_a6_': 1.0, '_a7_': 1.0}};{'d0': 0.024831903340926886};-276.653888588229;43.78856747708599
1644;-94.5383768170284;(((((x + _a5_) * ((_a5_ ** x) + _a1_)) + _a4_) * _a5_) * (_a0_ * x));{'d0': {'_a0_': -125.46058172834705, '_a1_': -0.9904017353420437, '_a4_': -0.023950879562462512, '_a5_': 0.9727366434719131, '_a2_': 1.0, '_a3_': 1.0, '_a6_': 1.0, '_a7_': 1.0}};{'d0': 0.024831903340926886};-276.653888588229;43.78856747708599
1645;-94.5383768170284;(((((x + _a5_) * ((_a5_ ** x) + _a1_)) + _a4_) * _a5_) * (_a0_ * x));{'d0': {'_a0_': -125.46058172834705, '_a1_': -0.9904017353420437, '_a4_': -0.023950879562462512, '_a5_': 0.9727366434719131, '_a2_': 1.0, '_a3_': 1.0, '_a6_': 1.0, '_a7_': 1.0}};{'d0': 0.024831903340926886};-276.653888588229;43.78856747708599
1646;-94.5383768170284;(((((x + _a5_) * ((_a5_ ** x) + _a1_)) + _a4_) * _a5_) * (_a0_ * x));{'d0': {'_a0_': -125.46058172834705, '_a1_': -0.9904017353420437, '_a4_': -0.023950879562462512, '_a5_': 0.9727366434719131, '_a2_': 1.0, '_a3_': 1.0, '_a6_': 1.0, '_a7_': 1.0}};{'d0': 0.024831903340926886};-276.653888588229;43.78856747708599
1647;-94.5383768170284;(((((x + _a5_) * ((_a5_ ** x) + _a1_)) + _a4_) * _a5_) * (_a0_ * x));{'d0': {'_a0_': -125.46058172834705, '_a1_': -0.9904017353420437, '_a4_': -0.023950879562462512, '_a5_': 0.9727366434719131, '_a2_': 1.0, '_a3_': 1.0, '_a6_': 1.0, '_a7_': 1.0}};{'d0': 0.024831903340926886};-276.653888588229;43.78856747708599
1648;-94.5383768170284;(((((x + _a5_) * ((_a5_ ** x) + _a1_)) + _a4_) * _a5_) * (_a0_ * x));{'d0': {'_a0_': -125.46058172834705, '_a1_': -0.9904017353420437, '_a4_': -0.023950879562462512, '_a5_': 0.9727366434719131, '_a2_': 1.0, '_a3_': 1.0, '_a6_': 1.0, '_a7_': 1.0}};{'d0': 0.024831903340926886};-276.653888588229;43.78856747708599
1649;-94.5383768170284;(((((x + _a5_) * ((_a5_ ** x) + _a1_)) + _a4_) * _a5_) * (_a0_ * x));{'d0': {'_a0_': -125.46058172834705, '_a1_': -0.9904017353420437, '_a4_': -0.023950879562462512, '_a5_': 0.9727366434719131, '_a2_': 1.0, '_a3_': 1.0, '_a6_': 1.0, '_a7_': 1.0}};{'d0': 0.024831903340926886};-276.653888588229;43.78856747708599
1650;-94.5383771057315;(((((x + _a5_) * ((_a5_ ** x) + _a7_)) + _a4_) * _a5_) * (_a0_ * x));{'d0': {'_a0_': -125.67703505797043, '_a4_': -0.02391018875863635, '_a5_': 0.9727841913606452, '_a7_': -0.9904173052372491, '_a1_': 1.0, '_a2_': 1.0, '_a3_': 1.0, '_a6_': 1.0}};{'d0': 0.024831903101958683};-276.653889165635;43.78856747708599
1651;-94.5383771057315;(((((x + _a5_) * ((_a5_ ** x) + _a7_)) + _a4_) * _a5_) * (_a0_ * x));{'d0': {'_a0_': -125.67703505797043, '_a4_': -0.02391018875863635, '_a5_': 0.9727841913606452, '_a7_': -0.9904173052372491, '_a1_': 1.0, '_a2_': 1.0, '_a3_': 1.0, '_a6_': 1.0}};{'d0': 0.024831903101958683};-276.653889165635;43.78856747708599
1652;-94.5383771057315;(((((x + _a5_) * ((_a5_ ** x) + _a7_)) + _a4_) * _a5_) * (_a0_ * x));{'d0': {'_a0_': -125.67703505797043, '_a4_': -0.02391018875863635, '_a5_': 0.9727841913606452, '_a7_': -0.9904173052372491, '_a1_': 1.0, '_a2_': 1.0, '_a3_': 1.0, '_a6_': 1.0}};{'d0': 0.024831903101958683};-276.653889165635;43.78856747708599
1653;-94.5383771057315;(((((x + _a5_) * ((_a5_ ** x) + _a7_)) + _a4_) * _a5_) * (_a0_ * x));{'d0': {'_a0_': -125.67703505797043, '_a4_': -0.02391018875863635, '_a5_': 0.9727841913606452, '_a7_': -0.9904173052372491, '_a1_': 1.0, '_a2_': 1.0, '_a3_': 1.0, '_a6_': 1.0}};{'d0': 0.024831903101958683};-276.653889165635;43.78856747708599
1654;-94.5383771057315;(((((x + _a5_) * ((_a5_ ** x) + _a7_)) + _a4_) * _a5_) * (_a0_ * x));{'d0': {'_a0_': -125.67703505797043, '_a4_': -0.02391018875863635, '_a5_': 0.9727841913606452, '_a7_': -0.9904173052372491, '_a1_': 1.0, '_a2_': 1.0, '_a3_': 1.0, '_a6_': 1.0}};{'d0': 0.024831903101958683};-276.653889165635;43.78856747708599
1655;-94.5383771057315;(((((x + _a5_) * ((_a5_ ** x) + _a7_)) + _a4_) * _a5_) * (_a0_ * x));{'d0': {'_a0_': -125.67703505797043, '_a4_': -0.02391018875863635, '_a5_': 0.9727841913606452, '_a7_': -0.9904173052372491, '_a1_': 1.0, '_a2_': 1.0, '_a3_': 1.0, '_a6_': 1.0}};{'d0': 0.024831903101958683};-276.653889165635;43.78856747708599
1656;-94.5383771057315;(((((x + _a5_) * ((_a5_ ** x) + _a7_)) + _a4_) * _a5_) * (_a0_ * x));{'d0': {'_a0_': -125.67703505797043, '_a4_': -0.02391018875863635, '_a5_': 0.9727841913606452, '_a7_': -0.9904173052372491, '_a1_': 1.0, '_a2_': 1.0, '_a3_': 1.0, '_a6_': 1.0}};{'d0': 0.024831903101958683};-276.653889165635;43.78856747708599
1657;-94.5383771057315;(((((x + _a5_) * ((_a5_ ** x) + _a7_)) + _a4_) * _a5_) * (_a0_ * x));{'d0': {'_a0_': -125.67703505797043, '_a4_': -0.02391018875863635, '_a5_': 0.9727841913606452, '_a7_': -0.9904173052372491, '_a1_': 1.0, '_a2_': 1.0, '_a3_': 1.0, '_a6_': 1.0}};{'d0': 0.024831903101958683};-276.653889165635;43.78856747708599
1658;-94.5383771057315;(((((x + _a5_) * ((_a5_ ** x) + _a7_)) + _a4_) * _a5_) * (_a0_ * x));{'d0': {'_a0_': -125.67703505797043, '_a4_': -0.02391018875863635, '_a5_': 0.9727841913606452, '_a7_': -0.9904173052372491, '_a1_': 1.0, '_a2_': 1.0, '_a3_': 1.0, '_a6_': 1.0}};{'d0': 0.024831903101958683};-276.653889165635;43.78856747708599
1659;-94.5383771057315;(((((x + _a5_) * ((_a5_ ** x) + _a7_)) + _a4_) * _a5_) * (_a0_ * x));{'d0': {'_a0_': -125.67703505797043, '_a4_': -0.02391018875863635, '_a5_': 0.9727841913606452, '_a7_': -0.9904173052372491, '_a1_': 1.0, '_a2_': 1.0, '_a3_': 1.0, '_a6_': 1.0}};{'d0': 0.024831903101958683};-276.653889165635;43.78856747708599
1660;-94.5383771057315;(((((x + _a5_) * ((_a5_ ** x) + _a7_)) + _a4_) * _a5_) * (_a0_ * x));{'d0': {'_a0_': -125.67703505797043, '_a4_': -0.02391018875863635, '_a5_': 0.9727841913606452, '_a7_': -0.9904173052372491, '_a1_': 1.0, '_a2_': 1.0, '_a3_': 1.0, '_a6_': 1.0}};{'d0': 0.024831903101958683};-276.653889165635;43.78856747708599
1661;-94.5383771057315;(((((x + _a5_) * ((_a5_ ** x) + _a7_)) + _a4_) * _a5_) * (_a0_ * x));{'d0': {'_a0_': -125.67703505797043, '_a4_': -0.02391018875863635, '_a5_': 0.9727841913606452, '_a7_': -0.9904173052372491, '_a1_': 1.0, '_a2_': 1.0, '_a3_': 1.0, '_a6_': 1.0}};{'d0': 0.024831903101958683};-276.653889165635;43.78856747708599
1662;-94.5383771057315;(((((x + _a5_) * ((_a5_ ** x) + _a7_)) + _a4_) * _a5_) * (_a0_ * x));{'d0': {'_a0_': -125.67703505797043, '_a4_': -0.02391018875863635, '_a5_': 0.9727841913606452, '_a7_': -0.9904173052372491, '_a1_': 1.0, '_a2_': 1.0, '_a3_': 1.0, '_a6_': 1.0}};{'d0': 0.024831903101958683};-276.653889165635;43.78856747708599
1663;-94.5383771057315;(((((x + _a5_) * ((_a5_ ** x) + _a7_)) + _a4_) * _a5_) * (_a0_ * x));{'d0': {'_a0_': -125.67703505797043, '_a4_': -0.02391018875863635, '_a5_': 0.9727841913606452, '_a7_': -0.9904173052372491, '_a1_': 1.0, '_a2_': 1.0, '_a3_': 1.0, '_a6_': 1.0}};{'d0': 0.024831903101958683};-276.653889165635;43.78856747708599
1664;-90.9533117633247;(((((x * (x + (pow2(_a2_) * _a2_))) + -(_a1_)) * x) * -(_a5_)) * _a6_);{'d0': {'_a1_': -0.5256917706983981, '_a2_': 0.8544675574730226, '_a5_': 0.5289569140430147, '_a6_': -6.383808412999705, '_a0_': 1.0, '_a3_': 1.0, '_a4_': 1.0, '_a7_': 1.0}};{'d0': 0.024905832932051716};-276.475521856383;47.284449164866565
1665;-90.9533117633247;(((((x * (x + (pow2(_a2_) * _a2_))) + -(_a1_)) * x) * -(_a5_)) * _a6_);{'d0': {'_a1_': -0.5256917706983981, '_a2_': 0.8544675574730226, '_a5_': 0.5289569140430147, '_a6_': -6.383808412999705, '_a0_': 1.0, '_a3_': 1.0, '_a4_': 1.0, '_a7_': 1.0}};{'d0': 0.024905832932051716};-276.475521856383;47.284449164866565
1666;-94.6337640155041;(((((x * (x + (pow2(_a2_) * _a2_))) + -(_a1_)) * x) * _a0_) * _a6_);{'d0': {'_a0_': 0.6623885875143893, '_a1_': -0.5256917706695498, '_a2_': 0.8544675574724223, '_a6_': 5.097854290991295, '_a3_': 1.0, '_a4_': 1.0, '_a5_': 1.0, '_a7_': 1.0}};{'d0': 0.024905832920496918};-276.475521884219;43.6039969266054
1667;-94.6337640155041;(((((x * (x + (pow2(_a2_) * _a2_))) + -(_a1_)) * x) * _a0_) * _a6_);{'d0': {'_a0_': 0.6623885875143893, '_a1_': -0.5256917706695498, '_a2_': 0.8544675574724223, '_a6_': 5.097854290991295, '_a3_': 1.0, '_a4_': 1.0, '_a5_': 1.0, '_a7_': 1.0}};{'d0': 0.024905832920496918};-276.475521884219;43.6039969266054
1668;-94.6337640155041;(((((x * (x + (pow2(_a2_) * _a2_))) + -(_a1_)) * x) * _a0_) * _a6_);{'d0': {'_a0_': 0.6623885875143893, '_a1_': -0.5256917706695498, '_a2_': 0.8544675574724223, '_a6_': 5.097854290991295, '_a3_': 1.0, '_a4_': 1.0, '_a5_': 1.0, '_a7_': 1.0}};{'d0': 0.024905832920496918};-276.475521884219;43.6039969266054
1669;-94.6337640155041;(((((x * (x + (pow2(_a2_) * _a2_))) + -(_a1_)) * x) * _a0_) * _a6_);{'d0': {'_a0_': 0.6623885875143893, '_a1_': -0.5256917706695498, '_a2_': 0.8544675574724223, '_a6_': 5.097854290991295, '_a3_': 1.0, '_a4_': 1.0, '_a5_': 1.0, '_a7_': 1.0}};{'d0': 0.024905832920496918};-276.475521884219;43.6039969266054
1670;-94.6337640155041;(((((x * (x + (pow2(_a2_) * _a2_))) + -(_a1_)) * x) * _a0_) * _a6_);{'d0': {'_a0_': 0.6623885875143893, '_a1_': -0.5256917706695498, '_a2_': 0.8544675574724223, '_a6_': 5.097854290991295, '_a3_': 1.0, '_a4_': 1.0, '_a5_': 1.0, '_a7_': 1.0}};{'d0': 0.024905832920496918};-276.475521884219;43.6039969266054
1671;-94.6337640155041;(((((x * (x + (pow2(_a2_) * _a2_))) + -(_a1_)) * x) * _a0_) * _a6_);{'d0': {'_a0_': 0.6623885875143893, '_a1_': -0.5256917706695498, '_a2_': 0.8544675574724223, '_a6_': 5.097854290991295, '_a3_': 1.0, '_a4_': 1.0, '_a5_': 1.0, '_a7_': 1.0}};{'d0': 0.024905832920496918};-276.475521884219;43.6039969266054
1672;-94.6337640155041;(((((x * (x + (pow2(_a2_) * _a2_))) + -(_a1_)) * x) * _a0_) * _a6_);{'d0': {'_a0_': 0.6623885875143893, '_a1_': -0.5256917706695498, '_a2_': 0.8544675574724223, '_a6_': 5.097854290991295, '_a3_': 1.0, '_a4_': 1.0, '_a5_': 1.0, '_a7_': 1.0}};{'d0': 0.024905832920496918};-276.475521884219;43.6039969266054
1673;-94.6337640155041;(((((x * (x + (pow2(_a2_) * _a2_))) + -(_a1_)) * x) * _a0_) * _a6_);{'d0': {'_a0_': 0.6623885875143893, '_a1_': -0.5256917706695498, '_a2_': 0.8544675574724223, '_a6_': 5.097854290991295, '_a3_': 1.0, '_a4_': 1.0, '_a5_': 1.0, '_a7_': 1.0}};{'d0': 0.024905832920496918};-276.475521884219;43.6039969266054
1674;-84.3331297478949;(((((x + (_a0_ * x)) * ((_a5_ ** x) + _a7_)) + (_a4_ * _a7_)) * _a5_) * (_a0_ * x));{'d0': {'_a0_': -264.622837446011, '_a4_': 0.0067079924489222365, '_a5_': 1.0000484049818836, '_a7_': -0.9999698036780273, '_a1_': 1.0, '_a2_': 1.0, '_a3_': 1.0, '_a6_': 1.0}};{'d0': 0.024906091948523997};-276.474897869722;53.90431918696599
1675;-84.3331297478949;(((((x + (_a0_ * x)) * ((_a5_ ** x) + _a7_)) + (_a4_ * _a7_)) * _a5_) * (_a0_ * x));{'d0': {'_a0_': -264.622837446011, '_a4_': 0.0067079924489222365, '_a5_': 1.0000484049818836, '_a7_': -0.9999698036780273, '_a1_': 1.0, '_a2_': 1.0, '_a3_': 1.0, '_a6_': 1.0}};{'d0': 0.024906091948523997};-276.474897869722;53.90431918696599
1676;-84.3331297478949;(((((x + (_a0_ * x)) * ((_a5_ ** x) + _a7_)) + (_a4_ * _a7_)) * _a5_) * (_a0_ * x));{'d0': {'_a0_': -264.622837446011, '_a4_': 0.0067079924489222365, '_a5_': 1.0000484049818836, '_a7_': -0.9999698036780273, '_a1_': 1.0, '_a2_': 1.0, '_a3_': 1.0, '_a6_': 1.0}};{'d0': 0.024906091948523997};-276.474897869722;53.90431918696599
1677;-84.3331297478949;(((((x + (_a0_ * x)) * ((_a5_ ** x) + _a7_)) + (_a4_ * _a7_)) * _a5_) * (_a0_ * x));{'d0': {'_a0_': -264.622837446011, '_a4_': 0.0067079924489222365, '_a5_': 1.0000484049818836, '_a7_': -0.9999698036780273, '_a1_': 1.0, '_a2_': 1.0, '_a3_': 1.0, '_a6_': 1.0}};{'d0': 0.024906091948523997};-276.474897869722;53.90431918696599
1678;-84.3331297478949;(((((x + (_a0_ * x)) * ((_a5_ ** x) + _a7_)) + (_a4_ * _a7_)) * _a5_) * (_a0_ * x));{'d0': {'_a0_': -264.622837446011, '_a4_': 0.0067079924489222365, '_a5_': 1.0000484049818836, '_a7_': -0.9999698036780273, '_a1_': 1.0, '_a2_': 1.0, '_a3_': 1.0, '_a6_': 1.0}};{'d0': 0.024906091948523997};-276.474897869722;53.90431918696599
1679;-84.3331297478949;(((((x + (_a0_ * x)) * ((_a5_ ** x) + _a7_)) + (_a4_ * _a7_)) * _a5_) * (_a0_ * x));{'d0': {'_a0_': -264.622837446011, '_a4_': 0.0067079924489222365, '_a5_': 1.0000484049818836, '_a7_': -0.9999698036780273, '_a1_': 1.0, '_a2_': 1.0, '_a3_': 1.0, '_a6_': 1.0}};{'d0': 0.024906091948523997};-276.474897869722;53.90431918696599
1680;-92.9084311916630;(((((x * (x + (pow2(_a2_) * _a2_))) + -(_a1_)) * x) + _a0_) / _a6_);{'d0': {'_a0_': -0.00030281391361789193, '_a1_': -0.5246545281869615, '_a2_': 0.8547832874148451, '_a6_': 0.2956376891323167, '_a3_': 1.0, '_a4_': 1.0, '_a5_': 1.0, '_a7_': 1.0}};{'d0': 0.024885482502025658};-276.524567592930;45.353852604801794
1681;-92.9084311916630;(((((x * (x + (pow2(_a2_) * _a2_))) + -(_a1_)) * x) + _a0_) / _a6_);{'d0': {'_a0_': -0.00030281391361789193, '_a1_': -0.5246545281869615, '_a2_': 0.8547832874148451, '_a6_': 0.2956376891323167, '_a3_': 1.0, '_a4_': 1.0, '_a5_': 1.0, '_a7_': 1.0}};{'d0': 0.024885482502025658};-276.524567592930;45.353852604801794
1682;-92.9084311916630;(((((x * (x + (pow2(_a2_) * _a2_))) + -(_a1_)) * x) + _a0_) / _a6_);{'d0': {'_a0_': -0.00030281391361789193, '_a1_': -0.5246545281869615, '_a2_': 0.8547832874148451, '_a6_': 0.2956376891323167, '_a3_': 1.0, '_a4_': 1.0, '_a5_': 1.0, '_a7_': 1.0}};{'d0': 0.024885482502025658};-276.524567592930;45.353852604801794
1683;-92.9084311916630;(((((x * (x + (pow2(_a2_) * _a2_))) + -(_a1_)) * x) + _a0_) / _a6_);{'d0': {'_a0_': -0.00030281391361789193, '_a1_': -0.5246545281869615, '_a2_': 0.8547832874148451, '_a6_': 0.2956376891323167, '_a3_': 1.0, '_a4_': 1.0, '_a5_': 1.0, '_a7_': 1.0}};{'d0': 0.024885482502025658};-276.524567592930;45.353852604801794
1684;-92.9084311916630;(((((x * (x + (pow2(_a2_) * _a2_))) + -(_a1_)) * x) + _a0_) / _a6_);{'d0': {'_a0_': -0.00030281391361789193, '_a1_': -0.5246545281869615, '_a2_': 0.8547832874148451, '_a6_': 0.2956376891323167, '_a3_': 1.0, '_a4_': 1.0, '_a5_': 1.0, '_a7_': 1.0}};{'d0': 0.024885482502025658};-276.524567592930;45.353852604801794
1685;-92.9084311916630;(((((x * (x + (pow2(_a2_) * _a2_))) + -(_a1_)) * x) + _a0_) / _a6_);{'d0': {'_a0_': -0.00030281391361789193, '_a1_': -0.5246545281869615, '_a2_': 0.8547832874148451, '_a6_': 0.2956376891323167, '_a3_': 1.0, '_a4_': 1.0, '_a5_': 1.0, '_a7_': 1.0}};{'d0': 0.024885482502025658};-276.524567592930;45.353852604801794
1686;-92.9084311916630;(((((x * (x + (pow2(_a2_) * _a2_))) + -(_a1_)) * x) + _a0_) / _a6_);{'d0': {'_a0_': -0.00030281391361789193, '_a1_': -0.5246545281869615, '_a2_': 0.8547832874148451, '_a6_': 0.2956376891323167, '_a3_': 1.0, '_a4_': 1.0, '_a5_': 1.0, '_a7_': 1.0}};{'d0': 0.024885482502025658};-276.524567592930;45.353852604801794
1687;-92.9084311916630;(((((x * (x + (pow2(_a2_) * _a2_))) + -(_a1_)) * x) + _a0_) / _a6_);{'d0': {'_a0_': -0.00030281391361789193, '_a1_': -0.5246545281869615, '_a2_': 0.8547832874148451, '_a6_': 0.2956376891323167, '_a3_': 1.0, '_a4_': 1.0, '_a5_': 1.0, '_a7_': 1.0}};{'d0': 0.024885482502025658};-276.524567592930;45.353852604801794
1688;-92.9084311916630;(((((x * (x + (pow2(_a2_) * _a2_))) + -(_a1_)) * x) + _a0_) / _a6_);{'d0': {'_a0_': -0.00030281391361789193, '_a1_': -0.5246545281869615, '_a2_': 0.8547832874148451, '_a6_': 0.2956376891323167, '_a3_': 1.0, '_a4_': 1.0, '_a5_': 1.0, '_a7_': 1.0}};{'d0': 0.024885482502025658};-276.524567592930;45.353852604801794
1689;-92.9084311916630;(((((x * (x + (pow2(_a2_) * _a2_))) + -(_a1_)) * x) + _a0_) / _a6_);{'d0': {'_a0_': -0.00030281391361789193, '_a1_': -0.5246545281869615, '_a2_': 0.8547832874148451, '_a6_': 0.2956376891323167, '_a3_': 1.0, '_a4_': 1.0, '_a5_': 1.0, '_a7_': 1.0}};{'d0': 0.024885482502025658};-276.524567592930;45.353852604801794
1690;-92.9084311916630;(((((x * (x + (pow2(_a2_) * _a2_))) + -(_a1_)) * x) + _a0_) / _a6_);{'d0': {'_a0_': -0.00030281391361789193, '_a1_': -0.5246545281869615, '_a2_': 0.8547832874148451, '_a6_': 0.2956376891323167, '_a3_': 1.0, '_a4_': 1.0, '_a5_': 1.0, '_a7_': 1.0}};{'d0': 0.024885482502025658};-276.524567592930;45.353852604801794
1691;-92.9084311916630;(((((x * (x + (pow2(_a2_) * _a2_))) + -(_a1_)) * x) + _a0_) / _a6_);{'d0': {'_a0_': -0.00030281391361789193, '_a1_': -0.5246545281869615, '_a2_': 0.8547832874148451, '_a6_': 0.2956376891323167, '_a3_': 1.0, '_a4_': 1.0, '_a5_': 1.0, '_a7_': 1.0}};{'d0': 0.024885482502025658};-276.524567592930;45.353852604801794
1692;-92.9084311916630;(((((x * (x + (pow2(_a2_) * _a2_))) + -(_a1_)) * x) + _a0_) / _a6_);{'d0': {'_a0_': -0.00030281391361789193, '_a1_': -0.5246545281869615, '_a2_': 0.8547832874148451, '_a6_': 0.2956376891323167, '_a3_': 1.0, '_a4_': 1.0, '_a5_': 1.0, '_a7_': 1.0}};{'d0': 0.024885482502025658};-276.524567592930;45.353852604801794
1693;-92.9084311916630;(((((x * (x + (pow2(_a2_) * _a2_))) + -(_a1_)) * x) + _a0_) / _a6_);{'d0': {'_a0_': -0.00030281391361789193, '_a1_': -0.5246545281869615, '_a2_': 0.8547832874148451, '_a6_': 0.2956376891323167, '_a3_': 1.0, '_a4_': 1.0, '_a5_': 1.0, '_a7_': 1.0}};{'d0': 0.024885482502025658};-276.524567592930;45.353852604801794
1694;-92.9084311916630;(((((x * (x + (pow2(_a2_) * _a2_))) + -(_a1_)) * x) + _a0_) / _a6_);{'d0': {'_a0_': -0.00030281391361789193, '_a1_': -0.5246545281869615, '_a2_': 0.8547832874148451, '_a6_': 0.2956376891323167, '_a3_': 1.0, '_a4_': 1.0, '_a5_': 1.0, '_a7_': 1.0}};{'d0': 0.024885482502025658};-276.524567592930;45.353852604801794
1695;-92.9084311916630;(((((x * (x + (pow2(_a2_) * _a2_))) + -(_a1_)) * x) + _a0_) / _a6_);{'d0': {'_a0_': -0.00030281391361789193, '_a1_': -0.5246545281869615, '_a2_': 0.8547832874148451, '_a6_': 0.2956376891323167, '_a3_': 1.0, '_a4_': 1.0, '_a5_': 1.0, '_a7_': 1.0}};{'d0': 0.024885482502025658};-276.524567592930;45.353852604801794
1696;-92.9084311916630;(((((x * (x + (pow2(_a2_) * _a2_))) + -(_a1_)) * x) + _a0_) / _a6_);{'d0': {'_a0_': -0.00030281391361789193, '_a1_': -0.5246545281869615, '_a2_': 0.8547832874148451, '_a6_': 0.2956376891323167, '_a3_': 1.0, '_a4_': 1.0, '_a5_': 1.0, '_a7_': 1.0}};{'d0': 0.024885482502025658};-276.524567592930;45.353852604801794
1697;-92.9084311916630;(((((x * (x + (pow2(_a2_) * _a2_))) + -(_a1_)) * x) + _a0_) / _a6_);{'d0': {'_a0_': -0.00030281391361789193, '_a1_': -0.5246545281869615, '_a2_': 0.8547832874148451, '_a6_': 0.2956376891323167, '_a3_': 1.0, '_a4_': 1.0, '_a5_': 1.0, '_a7_': 1.0}};{'d0': 0.024885482502025658};-276.524567592930;45.353852604801794
1698;-92.9084311916630;(((((x * (x + (pow2(_a2_) * _a2_))) + -(_a1_)) * x) + _a0_) / _a6_);{'d0': {'_a0_': -0.00030281391361789193, '_a1_': -0.5246545281869615, '_a2_': 0.8547832874148451, '_a6_': 0.2956376891323167, '_a3_': 1.0, '_a4_': 1.0, '_a5_': 1.0, '_a7_': 1.0}};{'d0': 0.024885482502025658};-276.524567592930;45.353852604801794
1699;-92.9084311916630;(((((x * (x + (pow2(_a2_) * _a2_))) + -(_a1_)) * x) + _a0_) / _a6_);{'d0': {'_a0_': -0.00030281391361789193, '_a1_': -0.5246545281869615, '_a2_': 0.8547832874148451, '_a6_': 0.2956376891323167, '_a3_': 1.0, '_a4_': 1.0, '_a5_': 1.0, '_a7_': 1.0}};{'d0': 0.024885482502025658};-276.524567592930;45.353852604801794
1700;-92.9084311916630;(((((x * (x + (pow2(_a2_) * _a2_))) + -(_a1_)) * x) + _a0_) / _a6_);{'d0': {'_a0_': -0.00030281391361789193, '_a1_': -0.5246545281869615, '_a2_': 0.8547832874148451, '_a6_': 0.2956376891323167, '_a3_': 1.0, '_a4_': 1.0, '_a5_': 1.0, '_a7_': 1.0}};{'d0': 0.024885482502025658};-276.524567592930;45.353852604801794
1701;-92.9084311916630;(((((x * (x + (pow2(_a2_) * _a2_))) + -(_a1_)) * x) + _a0_) / _a6_);{'d0': {'_a0_': -0.00030281391361789193, '_a1_': -0.5246545281869615, '_a2_': 0.8547832874148451, '_a6_': 0.2956376891323167, '_a3_': 1.0, '_a4_': 1.0, '_a5_': 1.0, '_a7_': 1.0}};{'d0': 0.024885482502025658};-276.524567592930;45.353852604801794
1702;-92.9084311916630;(((((x * (x + (pow2(_a2_) * _a2_))) + -(_a1_)) * x) + _a0_) / _a6_);{'d0': {'_a0_': -0.00030281391361789193, '_a1_': -0.5246545281869615, '_a2_': 0.8547832874148451, '_a6_': 0.2956376891323167, '_a3_': 1.0, '_a4_': 1.0, '_a5_': 1.0, '_a7_': 1.0}};{'d0': 0.024885482502025658};-276.524567592930;45.353852604801794
1703;-92.9084311916630;(((((x * (x + (pow2(_a2_) * _a2_))) + -(_a1_)) * x) + _a0_) / _a6_);{'d0': {'_a0_': -0.00030281391361789193, '_a1_': -0.5246545281869615, '_a2_': 0.8547832874148451, '_a6_': 0.2956376891323167, '_a3_': 1.0, '_a4_': 1.0, '_a5_': 1.0, '_a7_': 1.0}};{'d0': 0.024885482502025658};-276.524567592930;45.353852604801794
1704;-92.9084311916630;(((((x * (x + (pow2(_a2_) * _a2_))) + -(_a1_)) * x) + _a0_) / _a6_);{'d0': {'_a0_': -0.00030281391361789193, '_a1_': -0.5246545281869615, '_a2_': 0.8547832874148451, '_a6_': 0.2956376891323167, '_a3_': 1.0, '_a4_': 1.0, '_a5_': 1.0, '_a7_': 1.0}};{'d0': 0.024885482502025658};-276.524567592930;45.353852604801794
1705;-92.9084311916630;(((((x * (x + (pow2(_a2_) * _a2_))) + -(_a1_)) * x) + _a0_) / _a6_);{'d0': {'_a0_': -0.00030281391361789193, '_a1_': -0.5246545281869615, '_a2_': 0.8547832874148451, '_a6_': 0.2956376891323167, '_a3_': 1.0, '_a4_': 1.0, '_a5_': 1.0, '_a7_': 1.0}};{'d0': 0.024885482502025658};-276.524567592930;45.353852604801794
1706;-92.9084311918544;(((((x * (x + (pow2(_a6_) * _a2_))) + -(_a1_)) * x) + _a0_) / _a6_);{'d0': {'_a0_': -0.00030278677078846353, '_a1_': -0.5246546218417903, '_a2_': 7.145757806726862, '_a6_': 0.29563773458897874, '_a3_': 1.0, '_a4_': 1.0, '_a5_': 1.0, '_a7_': 1.0}};{'d0': 0.024885482501866868};-276.524567593312;45.353852604801794
1707;-90.8612589094989;(((((x * (x + (pow2(_a6_) * _a2_))) + -(_a1_)) * x) + _a0_) / _a3_);{'d0': {'_a0_': -0.0003027812932326333, '_a1_': -0.5246546395398891, '_a2_': 6.166028850273234, '_a3_': 0.2956377432876523, '_a6_': 0.3182593680780086, '_a4_': 1.0, '_a5_': 1.0, '_a7_': 1.0}};{'d0': 0.024885482502899174};-272.430223028601;45.353852604801794
1708;-90.8612589094989;(((((x * (x + (pow2(_a6_) * _a2_))) + -(_a1_)) * x) + _a0_) / _a3_);{'d0': {'_a0_': -0.0003027812932326333, '_a1_': -0.5246546395398891, '_a2_': 6.166028850273234, '_a3_': 0.2956377432876523, '_a6_': 0.3182593680780086, '_a4_': 1.0, '_a5_': 1.0, '_a7_': 1.0}};{'d0': 0.024885482502899174};-272.430223028601;45.353852604801794
1709;-96.6063656643832;(((((x * (x + (_a2_ * _a2_))) + -(_a1_)) * x) + _a0_) / _a3_);{'d0': {'_a0_': -0.0003027698254548967, '_a1_': -0.5246546791891309, '_a2_': 0.7902854723574826, '_a3_': 0.2956377625076998, '_a4_': 1.0, '_a5_': 1.0, '_a6_': 1.0, '_a7_': 1.0}};{'d0': 0.02488548250193419};-276.524567593150;41.65591813219179
1710;-96.6063656643832;(((((x * (x + (_a2_ * _a2_))) + -(_a1_)) * x) + _a0_) / _a3_);{'d0': {'_a0_': -0.0003027698254548967, '_a1_': -0.5246546791891309, '_a2_': 0.7902854723574826, '_a3_': 0.2956377625076998, '_a4_': 1.0, '_a5_': 1.0, '_a6_': 1.0, '_a7_': 1.0}};{'d0': 0.02488548250193419};-276.524567593150;41.65591813219179
1711;-96.6063656643832;(((((x * (x + (_a2_ * _a2_))) + -(_a1_)) * x) + _a0_) / _a3_);{'d0': {'_a0_': -0.0003027698254548967, '_a1_': -0.5246546791891309, '_a2_': 0.7902854723574826, '_a3_': 0.2956377625076998, '_a4_': 1.0, '_a5_': 1.0, '_a6_': 1.0, '_a7_': 1.0}};{'d0': 0.02488548250193419};-276.524567593150;41.65591813219179
1712;-96.6063656643832;(((((x * (x + (_a2_ * _a2_))) + -(_a1_)) * x) + _a0_) / _a3_);{'d0': {'_a0_': -0.0003027698254548967, '_a1_': -0.5246546791891309, '_a2_': 0.7902854723574826, '_a3_': 0.2956377625076998, '_a4_': 1.0, '_a5_': 1.0, '_a6_': 1.0, '_a7_': 1.0}};{'d0': 0.02488548250193419};-276.524567593150;41.65591813219179
1713;-96.6063656643832;(((((x * (x + (_a2_ * _a2_))) + -(_a1_)) * x) + _a0_) / _a3_);{'d0': {'_a0_': -0.0003027698254548967, '_a1_': -0.5246546791891309, '_a2_': 0.7902854723574826, '_a3_': 0.2956377625076998, '_a4_': 1.0, '_a5_': 1.0, '_a6_': 1.0, '_a7_': 1.0}};{'d0': 0.02488548250193419};-276.524567593150;41.65591813219179
1714;-96.6063656643832;(((((x * (x + (_a2_ * _a2_))) + -(_a1_)) * x) + _a0_) / _a3_);{'d0': {'_a0_': -0.0003027698254548967, '_a1_': -0.5246546791891309, '_a2_': 0.7902854723574826, '_a3_': 0.2956377625076998, '_a4_': 1.0, '_a5_': 1.0, '_a6_': 1.0, '_a7_': 1.0}};{'d0': 0.02488548250193419};-276.524567593150;41.65591813219179
1715;-96.6063656643832;(((((x * (x + (_a2_ * _a2_))) + -(_a1_)) * x) + _a0_) / _a3_);{'d0': {'_a0_': -0.0003027698254548967, '_a1_': -0.5246546791891309, '_a2_': 0.7902854723574826, '_a3_': 0.2956377625076998, '_a4_': 1.0, '_a5_': 1.0, '_a6_': 1.0, '_a7_': 1.0}};{'d0': 0.02488548250193419};-276.524567593150;41.65591813219179
1716;-96.6063656643832;(((((x * (x + (_a2_ * _a2_))) + -(_a1_)) * x) + _a0_) / _a3_);{'d0': {'_a0_': -0.0003027698254548967, '_a1_': -0.5246546791891309, '_a2_': 0.7902854723574826, '_a3_': 0.2956377625076998, '_a4_': 1.0, '_a5_': 1.0, '_a6_': 1.0, '_a7_': 1.0}};{'d0': 0.02488548250193419};-276.524567593150;41.65591813219179
1717;-96.6063656643832;(((((x * (x + (_a2_ * _a2_))) + -(_a1_)) * x) + _a0_) / _a3_);{'d0': {'_a0_': -0.0003027698254548967, '_a1_': -0.5246546791891309, '_a2_': 0.7902854723574826, '_a3_': 0.2956377625076998, '_a4_': 1.0, '_a5_': 1.0, '_a6_': 1.0, '_a7_': 1.0}};{'d0': 0.02488548250193419};-276.524567593150;41.65591813219179
1718;-96.6063656643832;(((((x * (x + (_a2_ * _a2_))) + -(_a1_)) * x) + _a0_) / _a3_);{'d0': {'_a0_': -0.0003027698254548967, '_a1_': -0.5246546791891309, '_a2_': 0.7902854723574826, '_a3_': 0.2956377625076998, '_a4_': 1.0, '_a5_': 1.0, '_a6_': 1.0, '_a7_': 1.0}};{'d0': 0.02488548250193419};-276.524567593150;41.65591813219179
1719;-96.6063656643832;(((((x * (x + (_a2_ * _a2_))) + -(_a1_)) * x) + _a0_) / _a3_);{'d0': {'_a0_': -0.0003027698254548967, '_a1_': -0.5246546791891309, '_a2_': 0.7902854723574826, '_a3_': 0.2956377625076998, '_a4_': 1.0, '_a5_': 1.0, '_a6_': 1.0, '_a7_': 1.0}};{'d0': 0.02488548250193419};-276.524567593150;41.65591813219179
1720;-96.6063656643832;(((((x * (x + (_a2_ * _a2_))) + -(_a1_)) * x) + _a0_) / _a3_);{'d0': {'_a0_': -0.0003027698254548967, '_a1_': -0.5246546791891309, '_a2_': 0.7902854723574826, '_a3_': 0.2956377625076998, '_a4_': 1.0, '_a5_': 1.0, '_a6_': 1.0, '_a7_': 1.0}};{'d0': 0.02488548250193419};-276.524567593150;41.65591813219179
1721;-96.6063656643832;(((((x * (x + (_a2_ * _a2_))) + -(_a1_)) * x) + _a0_) / _a3_);{'d0': {'_a0_': -0.0003027698254548967, '_a1_': -0.5246546791891309, '_a2_': 0.7902854723574826, '_a3_': 0.2956377625076998, '_a4_': 1.0, '_a5_': 1.0, '_a6_': 1.0, '_a7_': 1.0}};{'d0': 0.02488548250193419};-276.524567593150;41.65591813219179
1722;-96.6063656643832;(((((x * (x + (_a2_ * _a2_))) + -(_a1_)) * x) + _a0_) / _a3_);{'d0': {'_a0_': -0.0003027698254548967, '_a1_': -0.5246546791891309, '_a2_': 0.7902854723574826, '_a3_': 0.2956377625076998, '_a4_': 1.0, '_a5_': 1.0, '_a6_': 1.0, '_a7_': 1.0}};{'d0': 0.02488548250193419};-276.524567593150;41.65591813219179
1723;-96.6063656643832;(((((x * (x + (_a2_ * _a2_))) + -(_a1_)) * x) + _a0_) / _a3_);{'d0': {'_a0_': -0.0003027698254548967, '_a1_': -0.5246546791891309, '_a2_': 0.7902854723574826, '_a3_': 0.2956377625076998, '_a4_': 1.0, '_a5_': 1.0, '_a6_': 1.0, '_a7_': 1.0}};{'d0': 0.02488548250193419};-276.524567593150;41.65591813219179
1724;-96.6063656643832;(((((x * (x + (_a2_ * _a2_))) + -(_a1_)) * x) + _a0_) / _a3_);{'d0': {'_a0_': -0.0003027698254548967, '_a1_': -0.5246546791891309, '_a2_': 0.7902854723574826, '_a3_': 0.2956377625076998, '_a4_': 1.0, '_a5_': 1.0, '_a6_': 1.0, '_a7_': 1.0}};{'d0': 0.02488548250193419};-276.524567593150;41.65591813219179
1725;-96.6063656643832;(((((x * (x + (_a2_ * _a2_))) + -(_a1_)) * x) + _a0_) / _a3_);{'d0': {'_a0_': -0.0003027698254548967, '_a1_': -0.5246546791891309, '_a2_': 0.7902854723574826, '_a3_': 0.2956377625076998, '_a4_': 1.0, '_a5_': 1.0, '_a6_': 1.0, '_a7_': 1.0}};{'d0': 0.02488548250193419};-276.524567593150;41.65591813219179
1726;-96.6063656643832;(((((x * (x + (_a2_ * _a2_))) + -(_a1_)) * x) + _a0_) / _a3_);{'d0': {'_a0_': -0.0003027698254548967, '_a1_': -0.5246546791891309, '_a2_': 0.7902854723574826, '_a3_': 0.2956377625076998, '_a4_': 1.0, '_a5_': 1.0, '_a6_': 1.0, '_a7_': 1.0}};{'d0': 0.02488548250193419};-276.524567593150;41.65591813219179
1727;-96.6063656643832;(((((x * (x + (_a2_ * _a2_))) + -(_a1_)) * x) + _a0_) / _a3_);{'d0': {'_a0_': -0.0003027698254548967, '_a1_': -0.5246546791891309, '_a2_': 0.7902854723574826, '_a3_': 0.2956377625076998, '_a4_': 1.0, '_a5_': 1.0, '_a6_': 1.0, '_a7_': 1.0}};{'d0': 0.02488548250193419};-276.524567593150;41.65591813219179
1728;-96.6063656643832;(((((x * (x + (_a2_ * _a2_))) + -(_a1_)) * x) + _a0_) / _a3_);{'d0': {'_a0_': -0.0003027698254548967, '_a1_': -0.5246546791891309, '_a2_': 0.7902854723574826, '_a3_': 0.2956377625076998, '_a4_': 1.0, '_a5_': 1.0, '_a6_': 1.0, '_a7_': 1.0}};{'d0': 0.02488548250193419};-276.524567593150;41.65591813219179
1729;-96.6063656643832;(((((x * (x + (_a2_ * _a2_))) + -(_a1_)) * x) + _a0_) / _a3_);{'d0': {'_a0_': -0.0003027698254548967, '_a1_': -0.5246546791891309, '_a2_': 0.7902854723574826, '_a3_': 0.2956377625076998, '_a4_': 1.0, '_a5_': 1.0, '_a6_': 1.0, '_a7_': 1.0}};{'d0': 0.02488548250193419};-276.524567593150;41.65591813219179
1730;-96.6063656643832;(((((x * (x + (_a2_ * _a2_))) + -(_a1_)) * x) + _a0_) / _a3_);{'d0': {'_a0_': -0.0003027698254548967, '_a1_': -0.5246546791891309, '_a2_': 0.7902854723574826, '_a3_': 0.2956377625076998, '_a4_': 1.0, '_a5_': 1.0, '_a6_': 1.0, '_a7_': 1.0}};{'d0': 0.02488548250193419};-276.524567593150;41.65591813219179
1731;-96.6063656643832;(((((x * (x + (_a2_ * _a2_))) + -(_a1_)) * x) + _a0_) / _a3_);{'d0': {'_a0_': -0.0003027698254548967, '_a1_': -0.5246546791891309, '_a2_': 0.7902854723574826, '_a3_': 0.2956377625076998, '_a4_': 1.0, '_a5_': 1.0, '_a6_': 1.0, '_a7_': 1.0}};{'d0': 0.02488548250193419};-276.524567593150;41.65591813219179
1732;-96.6063656643832;(((((x * (x + (_a2_ * _a2_))) + -(_a1_)) * x) + _a0_) / _a3_);{'d0': {'_a0_': -0.0003027698254548967, '_a1_': -0.5246546791891309, '_a2_': 0.7902854723574826, '_a3_': 0.2956377625076998, '_a4_': 1.0, '_a5_': 1.0, '_a6_': 1.0, '_a7_': 1.0}};{'d0': 0.02488548250193419};-276.524567593150;41.65591813219179
1733;-96.6063656644341;(((((x * (x + (_a2_ * _a0_))) + -(_a1_)) * x) + _a0_) / _a3_);{'d0': {'_a0_': -0.0003027978213438918, '_a1_': -0.5246545835389189, '_a2_': -2062.6013356065682, '_a3_': 0.2956377160286876, '_a4_': 1.0, '_a5_': 1.0, '_a6_': 1.0, '_a7_': 1.0}};{'d0': 0.024885482501891997};-276.524567593252;41.65591813219179
1734;-96.6063656644341;(((((x * (x + (_a2_ * _a0_))) + -(_a1_)) * x) + _a0_) / _a3_);{'d0': {'_a0_': -0.0003027978213438918, '_a1_': -0.5246545835389189, '_a2_': -2062.6013356065682, '_a3_': 0.2956377160286876, '_a4_': 1.0, '_a5_': 1.0, '_a6_': 1.0, '_a7_': 1.0}};{'d0': 0.024885482501891997};-276.524567593252;41.65591813219179
1735;-88.0583641869670;((pow3(-(((x * _a4_) * _a2_))) * _a3_) + (-(((x + _a2_) * x)) * _a6_));{'d0': {'_a2_': 0.8426446042750012, '_a3_': 50259.654555774156, '_a4_': -0.048244647523198424, '_a6_': -2.1066240681934647, '_a0_': 1.0, '_a1_': 1.0, '_a5_': 1.0, '_a7_': 1.0}};{'d0': 0.024905832920892053};-276.475521883267;50.179396754666556
1736;-88.0583641869670;((pow3(-(((x * _a4_) * _a2_))) * _a3_) + (-(((x + _a2_) * x)) * _a6_));{'d0': {'_a2_': 0.8426446042750012, '_a3_': 50259.654555774156, '_a4_': -0.048244647523198424, '_a6_': -2.1066240681934647, '_a0_': 1.0, '_a1_': 1.0, '_a5_': 1.0, '_a7_': 1.0}};{'d0': 0.024905832920892053};-276.475521883267;50.179396754666556
1737;-88.0583641869670;((pow3(-(((x * _a4_) * _a2_))) * _a3_) + (-(((x + _a2_) * x)) * _a6_));{'d0': {'_a2_': 0.8426446042750012, '_a3_': 50259.654555774156, '_a4_': -0.048244647523198424, '_a6_': -2.1066240681934647, '_a0_': 1.0, '_a1_': 1.0, '_a5_': 1.0, '_a7_': 1.0}};{'d0': 0.024905832920892053};-276.475521883267;50.179396754666556
1738;-88.0583641869670;((pow3(-(((x * _a4_) * _a2_))) * _a3_) + (-(((x + _a2_) * x)) * _a6_));{'d0': {'_a2_': 0.8426446042750012, '_a3_': 50259.654555774156, '_a4_': -0.048244647523198424, '_a6_': -2.1066240681934647, '_a0_': 1.0, '_a1_': 1.0, '_a5_': 1.0, '_a7_': 1.0}};{'d0': 0.024905832920892053};-276.475521883267;50.179396754666556
1739;-88.0583641869670;((pow3(-(((x * _a4_) * _a2_))) * _a3_) + (-(((x + _a2_) * x)) * _a6_));{'d0': {'_a2_': 0.8426446042750012, '_a3_': 50259.654555774156, '_a4_': -0.048244647523198424, '_a6_': -2.1066240681934647, '_a0_': 1.0, '_a1_': 1.0, '_a5_': 1.0, '_a7_': 1.0}};{'d0': 0.024905832920892053};-276.475521883267;50.179396754666556
1740;-88.0583641869670;((pow3(-(((x * _a4_) * _a2_))) * _a3_) + (-(((x + _a2_) * x)) * _a6_));{'d0': {'_a2_': 0.8426446042750012, '_a3_': 50259.654555774156, '_a4_': -0.048244647523198424, '_a6_': -2.1066240681934647, '_a0_': 1.0, '_a1_': 1.0, '_a5_': 1.0, '_a7_': 1.0}};{'d0': 0.024905832920892053};-276.475521883267;50.179396754666556
1741;-88.0583641869670;((pow3(-(((x * _a4_) * _a2_))) * _a3_) + (-(((x + _a2_) * x)) * _a6_));{'d0': {'_a2_': 0.8426446042750012, '_a3_': 50259.654555774156, '_a4_': -0.048244647523198424, '_a6_': -2.1066240681934647, '_a0_': 1.0, '_a1_': 1.0, '_a5_': 1.0, '_a7_': 1.0}};{'d0': 0.024905832920892053};-276.475521883267;50.179396754666556
1742;-88.0583641869670;((pow3(-(((x * _a4_) * _a2_))) * _a3_) + (-(((x + _a2_) * x)) * _a6_));{'d0': {'_a2_': 0.8426446042750012, '_a3_': 50259.654555774156, '_a4_': -0.048244647523198424, '_a6_': -2.1066240681934647, '_a0_': 1.0, '_a1_': 1.0, '_a5_': 1.0, '_a7_': 1.0}};{'d0': 0.024905832920892053};-276.475521883267;50.179396754666556
1743;-80.0905908583652;((pow3(-(((x * _a4_) * (_a5_ + _a5_)))) * _a3_) + (-(((x + _a2_) * x)) * _a6_));{'d0': {'_a2_': 0.8426446039765807, '_a3_': 212070.99364643943, '_a4_': -0.0315542507521629, '_a5_': 0.39864391240607544, '_a6_': -2.106624068834404, '_a0_': 1.0, '_a1_': 1.0, '_a7_': 1.0}};{'d0': 0.024905832919614145};-272.381177324124;56.09999780369655
1744;-80.0905908583652;((pow3(-(((x * _a4_) * (_a5_ + _a5_)))) * _a3_) + (-(((x + _a2_) * x)) * _a6_));{'d0': {'_a2_': 0.8426446039765807, '_a3_': 212070.99364643943, '_a4_': -0.0315542507521629, '_a5_': 0.39864391240607544, '_a6_': -2.106624068834404, '_a0_': 1.0, '_a1_': 1.0, '_a7_': 1.0}};{'d0': 0.024905832919614145};-272.381177324124;56.09999780369655
1745;-73.4734816736906;((pow3(-(((x * sin(_a4_)) * (_a5_ + _a5_)))) * _a3_) + (-(((x + _a2_) * x)) * _a6_));{'d0': {'_a2_': 0.8426446043057898, '_a3_': 215828.66710409927, '_a4_': -0.031092430233469366, '_a5_': 0.4022681815941318, '_a6_': -2.10662406813775, '_a0_': 1.0, '_a1_': 1.0, '_a7_': 1.0}};{'d0': 0.02490583292132525};-272.381177320001;62.71710698631007
1746;-75.5206539513963;((pow3(-(((x * sin(_a4_)) * (_a5_ + _a5_)))) * _a3_) + (-(((x + _a5_) * x)) * _a6_));{'d0': {'_a3_': 69184.53467498148, '_a4_': -0.021686526301480505, '_a5_': 0.8426446038668098, '_a6_': -2.1066240691508002, '_a0_': 1.0, '_a1_': 1.0, '_a2_': 1.0, '_a7_': 1.0}};{'d0': 0.024905832924152355};-276.475521875413;62.71710698631007
1747;-75.5206539513963;((pow3(-(((x * sin(_a4_)) * (_a5_ + _a5_)))) * _a3_) + (-(((x + _a5_) * x)) * _a6_));{'d0': {'_a3_': 69184.53467498148, '_a4_': -0.021686526301480505, '_a5_': 0.8426446038668098, '_a6_': -2.1066240691508002, '_a0_': 1.0, '_a1_': 1.0, '_a2_': 1.0, '_a7_': 1.0}};{'d0': 0.024905832924152355};-276.475521875413;62.71710698631007
1748;-75.5206539513963;((pow3(-(((x * sin(_a4_)) * (_a5_ + _a5_)))) * _a3_) + (-(((x + _a5_) * x)) * _a6_));{'d0': {'_a3_': 69184.53467498148, '_a4_': -0.021686526301480505, '_a5_': 0.8426446038668098, '_a6_': -2.1066240691508002, '_a0_': 1.0, '_a1_': 1.0, '_a2_': 1.0, '_a7_': 1.0}};{'d0': 0.024905832924152355};-276.475521875413;62.71710698631007
1749;-75.5206539513963;((pow3(-(((x * sin(_a4_)) * (_a5_ + _a5_)))) * _a3_) + (-(((x + _a5_) * x)) * _a6_));{'d0': {'_a3_': 69184.53467498148, '_a4_': -0.021686526301480505, '_a5_': 0.8426446038668098, '_a6_': -2.1066240691508002, '_a0_': 1.0, '_a1_': 1.0, '_a2_': 1.0, '_a7_': 1.0}};{'d0': 0.024905832924152355};-276.475521875413;62.71710698631007
1750;-75.5206539513963;((pow3(-(((x * sin(_a4_)) * (_a5_ + _a5_)))) * _a3_) + (-(((x + _a5_) * x)) * _a6_));{'d0': {'_a3_': 69184.53467498148, '_a4_': -0.021686526301480505, '_a5_': 0.8426446038668098, '_a6_': -2.1066240691508002, '_a0_': 1.0, '_a1_': 1.0, '_a2_': 1.0, '_a7_': 1.0}};{'d0': 0.024905832924152355};-276.475521875413;62.71710698631007
1751;-75.5206539513963;((pow3(-(((x * sin(_a4_)) * (_a5_ + _a5_)))) * _a3_) + (-(((x + _a5_) * x)) * _a6_));{'d0': {'_a3_': 69184.53467498148, '_a4_': -0.021686526301480505, '_a5_': 0.8426446038668098, '_a6_': -2.1066240691508002, '_a0_': 1.0, '_a1_': 1.0, '_a2_': 1.0, '_a7_': 1.0}};{'d0': 0.024905832924152355};-276.475521875413;62.71710698631007
1752;-76.3374713706474;((pow3(-(((x * (_a0_ / _a5_)) * (_a5_ + _a5_)))) * _a3_) + (-(((x + _a5_) * x)) * _a6_));{'d0': {'_a0_': 0.21043696428002706, '_a3_': -45.29436338223208, '_a5_': 0.8426446039184484, '_a6_': -2.1066240688670534, '_a1_': 1.0, '_a2_': 1.0, '_a4_': 1.0, '_a7_': 1.0}};{'d0': 0.024905832921628603};-276.475521881493;61.90028957009895
1753;-76.3374713706474;((pow3(-(((x * (_a0_ / _a5_)) * (_a5_ + _a5_)))) * _a3_) + (-(((x + _a5_) * x)) * _a6_));{'d0': {'_a0_': 0.21043696428002706, '_a3_': -45.29436338223208, '_a5_': 0.8426446039184484, '_a6_': -2.1066240688670534, '_a1_': 1.0, '_a2_': 1.0, '_a4_': 1.0, '_a7_': 1.0}};{'d0': 0.024905832921628603};-276.475521881493;61.90028957009895
1754;-76.3374713706474;((pow3(-(((x * (_a0_ / _a5_)) * (_a5_ + _a5_)))) * _a3_) + (-(((x + _a5_) * x)) * _a6_));{'d0': {'_a0_': 0.21043696428002706, '_a3_': -45.29436338223208, '_a5_': 0.8426446039184484, '_a6_': -2.1066240688670534, '_a1_': 1.0, '_a2_': 1.0, '_a4_': 1.0, '_a7_': 1.0}};{'d0': 0.024905832921628603};-276.475521881493;61.90028957009895
1755;-76.3374713706474;((pow3(-(((x * (_a0_ / _a5_)) * (_a5_ + _a5_)))) * _a3_) + (-(((x + _a5_) * x)) * _a6_));{'d0': {'_a0_': 0.21043696428002706, '_a3_': -45.29436338223208, '_a5_': 0.8426446039184484, '_a6_': -2.1066240688670534, '_a1_': 1.0, '_a2_': 1.0, '_a4_': 1.0, '_a7_': 1.0}};{'d0': 0.024905832921628603};-276.475521881493;61.90028957009895
1756;-76.3374713706474;((pow3(-(((x * (_a0_ / _a5_)) * (_a5_ + _a5_)))) * _a3_) + (-(((x + _a5_) * x)) * _a6_));{'d0': {'_a0_': 0.21043696428002706, '_a3_': -45.29436338223208, '_a5_': 0.8426446039184484, '_a6_': -2.1066240688670534, '_a1_': 1.0, '_a2_': 1.0, '_a4_': 1.0, '_a7_': 1.0}};{'d0': 0.024905832921628603};-276.475521881493;61.90028957009895
1757;-76.3374713706474;((pow3(-(((x * (_a0_ / _a5_)) * (_a5_ + _a5_)))) * _a3_) + (-(((x + _a5_) * x)) * _a6_));{'d0': {'_a0_': 0.21043696428002706, '_a3_': -45.29436338223208, '_a5_': 0.8426446039184484, '_a6_': -2.1066240688670534, '_a1_': 1.0, '_a2_': 1.0, '_a4_': 1.0, '_a7_': 1.0}};{'d0': 0.024905832921628603};-276.475521881493;61.90028957009895
1758;-76.3374713706474;((pow3(-(((x * (_a0_ / _a5_)) * (_a5_ + _a5_)))) * _a3_) + (-(((x + _a5_) * x)) * _a6_));{'d0': {'_a0_': 0.21043696428002706, '_a3_': -45.29436338223208, '_a5_': 0.8426446039184484, '_a6_': -2.1066240688670534, '_a1_': 1.0, '_a2_': 1.0, '_a4_': 1.0, '_a7_': 1.0}};{'d0': 0.024905832921628603};-276.475521881493;61.90028957009895
1759;-76.3374713733118;((pow3(-(((x * (_a0_ / _a5_)) * (_a5_ + _a5_)))) * _a3_) + (-(((x + _a0_) * x)) * _a6_));{'d0': {'_a0_': 0.8426446039555701, '_a3_': -0.7054674634645198, '_a6_': -2.1066240690128724, '_a1_': 1.0, '_a2_': 1.0, '_a4_': 1.0, '_a5_': 1.0, '_a7_': 1.0}};{'d0': 0.02490583291941664};-276.475521886821;61.90028957009895
1760;-76.3374713733118;((pow3(-(((x * (_a0_ / _a5_)) * (_a5_ + _a5_)))) * _a3_) + (-(((x + _a0_) * x)) * _a6_));{'d0': {'_a0_': 0.8426446039555701, '_a3_': -0.7054674634645198, '_a6_': -2.1066240690128724, '_a1_': 1.0, '_a2_': 1.0, '_a4_': 1.0, '_a5_': 1.0, '_a7_': 1.0}};{'d0': 0.02490583291941664};-276.475521886821;61.90028957009895
1761;-76.3374713469271;((pow3(-(((x * (_a5_ / _a5_)) * (_a5_ + _a5_)))) * _a3_) + (-(((x + _a0_) * x)) * _a6_));{'d0': {'_a0_': 0.8426446040388827, '_a3_': -1.2636487236398288, '_a5_': 0.6938430445764012, '_a6_': -2.1066240687073203, '_a1_': 1.0, '_a2_': 1.0, '_a4_': 1.0, '_a7_': 1.0}};{'d0': 0.024905832941321024};-276.475521834052;61.90028957009895
1762;-76.3374713469271;((pow3(-(((x * (_a5_ / _a5_)) * (_a5_ + _a5_)))) * _a3_) + (-(((x + _a0_) * x)) * _a6_));{'d0': {'_a0_': 0.8426446040388827, '_a3_': -1.2636487236398288, '_a5_': 0.6938430445764012, '_a6_': -2.1066240687073203, '_a1_': 1.0, '_a2_': 1.0, '_a4_': 1.0, '_a7_': 1.0}};{'d0': 0.024905832941321024};-276.475521834052;61.90028957009895
1763;-76.3374713469271;((pow3(-(((x * (_a5_ / _a5_)) * (_a5_ + _a5_)))) * _a3_) + (-(((x + _a0_) * x)) * _a6_));{'d0': {'_a0_': 0.8426446040388827, '_a3_': -1.2636487236398288, '_a5_': 0.6938430445764012, '_a6_': -2.1066240687073203, '_a1_': 1.0, '_a2_': 1.0, '_a4_': 1.0, '_a7_': 1.0}};{'d0': 0.024905832941321024};-276.475521834052;61.90028957009895
1764;-76.3374713469271;((pow3(-(((x * (_a5_ / _a5_)) * (_a5_ + _a5_)))) * _a3_) + (-(((x + _a0_) * x)) * _a6_));{'d0': {'_a0_': 0.8426446040388827, '_a3_': -1.2636487236398288, '_a5_': 0.6938430445764012, '_a6_': -2.1066240687073203, '_a1_': 1.0, '_a2_': 1.0, '_a4_': 1.0, '_a7_': 1.0}};{'d0': 0.024905832941321024};-276.475521834052;61.90028957009895
1765;-76.3374713469271;((pow3(-(((x * (_a5_ / _a5_)) * (_a5_ + _a5_)))) * _a3_) + (-(((x + _a0_) * x)) * _a6_));{'d0': {'_a0_': 0.8426446040388827, '_a3_': -1.2636487236398288, '_a5_': 0.6938430445764012, '_a6_': -2.1066240687073203, '_a1_': 1.0, '_a2_': 1.0, '_a4_': 1.0, '_a7_': 1.0}};{'d0': 0.024905832941321024};-276.475521834052;61.90028957009895
1766;-76.3374713469271;((pow3(-(((x * (_a5_ / _a5_)) * (_a5_ + _a5_)))) * _a3_) + (-(((x + _a0_) * x)) * _a6_));{'d0': {'_a0_': 0.8426446040388827, '_a3_': -1.2636487236398288, '_a5_': 0.6938430445764012, '_a6_': -2.1066240687073203, '_a1_': 1.0, '_a2_': 1.0, '_a4_': 1.0, '_a7_': 1.0}};{'d0': 0.024905832941321024};-276.475521834052;61.90028957009895
1767;-76.3374713469271;((pow3(-(((x * (_a5_ / _a5_)) * (_a5_ + _a5_)))) * _a3_) + (-(((x + _a0_) * x)) * _a6_));{'d0': {'_a0_': 0.8426446040388827, '_a3_': -1.2636487236398288, '_a5_': 0.6938430445764012, '_a6_': -2.1066240687073203, '_a1_': 1.0, '_a2_': 1.0, '_a4_': 1.0, '_a7_': 1.0}};{'d0': 0.024905832941321024};-276.475521834052;61.90028957009895
1768;-76.3374713469271;((pow3(-(((x * (_a5_ / _a5_)) * (_a5_ + _a5_)))) * _a3_) + (-(((x + _a0_) * x)) * _a6_));{'d0': {'_a0_': 0.8426446040388827, '_a3_': -1.2636487236398288, '_a5_': 0.6938430445764012, '_a6_': -2.1066240687073203, '_a1_': 1.0, '_a2_': 1.0, '_a4_': 1.0, '_a7_': 1.0}};{'d0': 0.024905832941321024};-276.475521834052;61.90028957009895
1769;-76.3374713469271;((pow3(-(((x * (_a5_ / _a5_)) * (_a5_ + _a5_)))) * _a3_) + (-(((x + _a0_) * x)) * _a6_));{'d0': {'_a0_': 0.8426446040388827, '_a3_': -1.2636487236398288, '_a5_': 0.6938430445764012, '_a6_': -2.1066240687073203, '_a1_': 1.0, '_a2_': 1.0, '_a4_': 1.0, '_a7_': 1.0}};{'d0': 0.024905832941321024};-276.475521834052;61.90028957009895
1770;-82.1377631187930;((pow3(-(((x * _a6_) * (_a5_ + _a5_)))) * _a3_) + (-(((x + _a0_) * x)) * _a6_));{'d0': {'_a0_': 0.8426446046301719, '_a3_': 0.6957868403805877, '_a5_': 0.40184409457446396, '_a6_': -2.1066240674318943, '_a1_': 1.0, '_a2_': 1.0, '_a4_': 1.0, '_a7_': 1.0}};{'d0': 0.02490583293678526};-276.475521844979;56.099997803696546
1771;-80.0905908582327;((pow3(-(((x * _a1_) * (_a5_ + _a5_)))) * _a3_) + (-(((x + _a0_) * x)) * _a6_));{'d0': {'_a0_': 0.8426446044174816, '_a1_': 0.9978541139318847, '_a3_': -6.5836520944609855, '_a5_': 0.40109515950899643, '_a6_': -2.1066240679234296, '_a2_': 1.0, '_a4_': 1.0, '_a7_': 1.0}};{'d0': 0.024905832919724143};-272.381177323859;56.099997803696546
1772;-80.0905908582327;((pow3(-(((x * _a1_) * (_a5_ + _a5_)))) * _a3_) + (-(((x + _a0_) * x)) * _a6_));{'d0': {'_a0_': 0.8426446044174816, '_a1_': 0.9978541139318847, '_a3_': -6.5836520944609855, '_a5_': 0.40109515950899643, '_a6_': -2.1066240679234296, '_a2_': 1.0, '_a4_': 1.0, '_a7_': 1.0}};{'d0': 0.024905832919724143};-272.381177323859;56.099997803696546
1773;-108.109254018993;(((((x * (x + _a6_)) + _a7_) * x) + x) * _a3_);{'d0': {'_a3_': 3.3767608777333322, '_a6_': 0.6238594156935743, '_a7_': -0.474308229397599, '_a0_': 1.0, '_a1_': 1.0, '_a2_': 1.0, '_a4_': 1.0, '_a5_': 1.0}};{'d0': 0.02490583291941664};-280.569866449044;32.175679205529
1774;-108.109254018993;(((((x * (x + _a6_)) + _a7_) * x) + x) * _a3_);{'d0': {'_a3_': 3.3767608777333322, '_a6_': 0.6238594156935743, '_a7_': -0.474308229397599, '_a0_': 1.0, '_a1_': 1.0, '_a2_': 1.0, '_a4_': 1.0, '_a5_': 1.0}};{'d0': 0.02490583291941664};-280.569866449044;32.175679205529
1775;-108.109254018993;(((((x * (x + _a6_)) + _a7_) * x) + x) * _a3_);{'d0': {'_a3_': 3.3767608777333322, '_a6_': 0.6238594156935743, '_a7_': -0.474308229397599, '_a0_': 1.0, '_a1_': 1.0, '_a2_': 1.0, '_a4_': 1.0, '_a5_': 1.0}};{'d0': 0.02490583291941664};-280.569866449044;32.175679205529
1776;-108.109254018993;(((((x * (x + _a6_)) + _a7_) * x) + x) * _a3_);{'d0': {'_a3_': 3.3767608777333322, '_a6_': 0.6238594156935743, '_a7_': -0.474308229397599, '_a0_': 1.0, '_a1_': 1.0, '_a2_': 1.0, '_a4_': 1.0, '_a5_': 1.0}};{'d0': 0.02490583291941664};-280.569866449044;32.175679205529
1777;-108.109254018993;(((((x * (x + _a6_)) + _a7_) * x) + x) * _a3_);{'d0': {'_a3_': 3.3767608777333322, '_a6_': 0.6238594156935743, '_a7_': -0.474308229397599, '_a0_': 1.0, '_a1_': 1.0, '_a2_': 1.0, '_a4_': 1.0, '_a5_': 1.0}};{'d0': 0.02490583291941664};-280.569866449044;32.175679205529
1778;-108.109254018993;(((((x * (x + _a6_)) + _a7_) * x) + x) * _a3_);{'d0': {'_a3_': 3.3767608777333322, '_a6_': 0.6238594156935743, '_a7_': -0.474308229397599, '_a0_': 1.0, '_a1_': 1.0, '_a2_': 1.0, '_a4_': 1.0, '_a5_': 1.0}};{'d0': 0.02490583291941664};-280.569866449044;32.175679205529
1779;-108.109254018993;(((((x * (x + _a6_)) + _a7_) * x) + x) * _a3_);{'d0': {'_a3_': 3.3767608777333322, '_a6_': 0.6238594156935743, '_a7_': -0.474308229397599, '_a0_': 1.0, '_a1_': 1.0, '_a2_': 1.0, '_a4_': 1.0, '_a5_': 1.0}};{'d0': 0.02490583291941664};-280.569866449044;32.175679205529
1780;-108.109254018993;(((((x * (x + _a6_)) + _a7_) * x) + x) * _a3_);{'d0': {'_a3_': 3.3767608777333322, '_a6_': 0.6238594156935743, '_a7_': -0.474308229397599, '_a0_': 1.0, '_a1_': 1.0, '_a2_': 1.0, '_a4_': 1.0, '_a5_': 1.0}};{'d0': 0.02490583291941664};-280.569866449044;32.175679205529
1781;-108.109254018993;(((((x * (x + _a6_)) + _a7_) * x) + x) * _a3_);{'d0': {'_a3_': 3.3767608777333322, '_a6_': 0.6238594156935743, '_a7_': -0.474308229397599, '_a0_': 1.0, '_a1_': 1.0, '_a2_': 1.0, '_a4_': 1.0, '_a5_': 1.0}};{'d0': 0.02490583291941664};-280.569866449044;32.175679205529
1782;-108.109254018993;(((((x * (x + _a6_)) + _a7_) * x) + x) * _a3_);{'d0': {'_a3_': 3.3767608777333322, '_a6_': 0.6238594156935743, '_a7_': -0.474308229397599, '_a0_': 1.0, '_a1_': 1.0, '_a2_': 1.0, '_a4_': 1.0, '_a5_': 1.0}};{'d0': 0.02490583291941664};-280.569866449044;32.175679205529
1783;-108.109254018993;(((((x * (x + _a6_)) + _a7_) * x) + x) * _a3_);{'d0': {'_a3_': 3.3767608777333322, '_a6_': 0.6238594156935743, '_a7_': -0.474308229397599, '_a0_': 1.0, '_a1_': 1.0, '_a2_': 1.0, '_a4_': 1.0, '_a5_': 1.0}};{'d0': 0.02490583291941664};-280.569866449044;32.175679205529
1784;-108.109254018993;(((((x * (x + _a6_)) + _a7_) * x) + x) * _a3_);{'d0': {'_a3_': 3.3767608777333322, '_a6_': 0.6238594156935743, '_a7_': -0.474308229397599, '_a0_': 1.0, '_a1_': 1.0, '_a2_': 1.0, '_a4_': 1.0, '_a5_': 1.0}};{'d0': 0.02490583291941664};-280.569866449044;32.175679205529
1785;-108.109254018993;(((((x * (x + _a6_)) + _a7_) * x) + x) * _a3_);{'d0': {'_a3_': 3.3767608777333322, '_a6_': 0.6238594156935743, '_a7_': -0.474308229397599, '_a0_': 1.0, '_a1_': 1.0, '_a2_': 1.0, '_a4_': 1.0, '_a5_': 1.0}};{'d0': 0.02490583291941664};-280.569866449044;32.175679205529
1786;-108.109254018993;(((((x * (x + _a6_)) + _a7_) * x) + x) * _a3_);{'d0': {'_a3_': 3.3767608777333322, '_a6_': 0.6238594156935743, '_a7_': -0.474308229397599, '_a0_': 1.0, '_a1_': 1.0, '_a2_': 1.0, '_a4_': 1.0, '_a5_': 1.0}};{'d0': 0.02490583291941664};-280.569866449044;32.175679205529
1787;-108.109254018993;(((((x * (x + _a6_)) + _a7_) * x) + x) * _a3_);{'d0': {'_a3_': 3.3767608777333322, '_a6_': 0.6238594156935743, '_a7_': -0.474308229397599, '_a0_': 1.0, '_a1_': 1.0, '_a2_': 1.0, '_a4_': 1.0, '_a5_': 1.0}};{'d0': 0.02490583291941664};-280.569866449044;32.175679205529
1788;-108.109254018993;(((((x * (x + _a6_)) + _a7_) * x) + x) * _a3_);{'d0': {'_a3_': 3.3767608777333322, '_a6_': 0.6238594156935743, '_a7_': -0.474308229397599, '_a0_': 1.0, '_a1_': 1.0, '_a2_': 1.0, '_a4_': 1.0, '_a5_': 1.0}};{'d0': 0.02490583291941664};-280.569866449044;32.175679205529
1789;-108.109254018993;(((((x * (x + _a6_)) + _a7_) * x) + x) * _a3_);{'d0': {'_a3_': 3.3767608777333322, '_a6_': 0.6238594156935743, '_a7_': -0.474308229397599, '_a0_': 1.0, '_a1_': 1.0, '_a2_': 1.0, '_a4_': 1.0, '_a5_': 1.0}};{'d0': 0.02490583291941664};-280.569866449044;32.175679205529
1790;-108.109254018993;(((((x * (x + _a6_)) + _a7_) * x) + x) * _a3_);{'d0': {'_a3_': 3.3767608777333322, '_a6_': 0.6238594156935743, '_a7_': -0.474308229397599, '_a0_': 1.0, '_a1_': 1.0, '_a2_': 1.0, '_a4_': 1.0, '_a5_': 1.0}};{'d0': 0.02490583291941664};-280.569866449044;32.175679205529
1791;-108.109254018993;(((((x * (x + _a6_)) + _a7_) * x) + x) * _a3_);{'d0': {'_a3_': 3.3767608777333322, '_a6_': 0.6238594156935743, '_a7_': -0.474308229397599, '_a0_': 1.0, '_a1_': 1.0, '_a2_': 1.0, '_a4_': 1.0, '_a5_': 1.0}};{'d0': 0.02490583291941664};-280.569866449044;32.175679205529
1792;-108.109254018993;(((((x * (x + _a6_)) + _a7_) * x) + x) * _a3_);{'d0': {'_a3_': 3.3767608777333322, '_a6_': 0.6238594156935743, '_a7_': -0.474308229397599, '_a0_': 1.0, '_a1_': 1.0, '_a2_': 1.0, '_a4_': 1.0, '_a5_': 1.0}};{'d0': 0.02490583291941664};-280.569866449044;32.175679205529
1793;-108.109254018993;(((((x * (x + _a6_)) + _a7_) * x) + x) * _a3_);{'d0': {'_a3_': 3.3767608777333322, '_a6_': 0.6238594156935743, '_a7_': -0.474308229397599, '_a0_': 1.0, '_a1_': 1.0, '_a2_': 1.0, '_a4_': 1.0, '_a5_': 1.0}};{'d0': 0.02490583291941664};-280.569866449044;32.175679205529
1794;-108.109254018993;(((((x * (x + _a6_)) + _a7_) * x) + x) * _a3_);{'d0': {'_a3_': 3.3767608777333322, '_a6_': 0.6238594156935743, '_a7_': -0.474308229397599, '_a0_': 1.0, '_a1_': 1.0, '_a2_': 1.0, '_a4_': 1.0, '_a5_': 1.0}};{'d0': 0.02490583291941664};-280.569866449044;32.175679205529
1795;-108.109254018993;(((((x * (x + _a6_)) + _a7_) * x) + x) * _a3_);{'d0': {'_a3_': 3.3767608777333322, '_a6_': 0.6238594156935743, '_a7_': -0.474308229397599, '_a0_': 1.0, '_a1_': 1.0, '_a2_': 1.0, '_a4_': 1.0, '_a5_': 1.0}};{'d0': 0.02490583291941664};-280.569866449044;32.175679205529
1796;-108.109254018993;(((((x * (x + _a6_)) + _a7_) * x) + x) * _a3_);{'d0': {'_a3_': 3.3767608777333322, '_a6_': 0.6238594156935743, '_a7_': -0.474308229397599, '_a0_': 1.0, '_a1_': 1.0, '_a2_': 1.0, '_a4_': 1.0, '_a5_': 1.0}};{'d0': 0.02490583291941664};-280.569866449044;32.175679205529
1797;-108.109254018993;(((((x * (x + _a6_)) + _a7_) * x) + x) * _a3_);{'d0': {'_a3_': 3.3767608777333322, '_a6_': 0.6238594156935743, '_a7_': -0.474308229397599, '_a0_': 1.0, '_a1_': 1.0, '_a2_': 1.0, '_a4_': 1.0, '_a5_': 1.0}};{'d0': 0.02490583291941664};-280.569866449044;32.175679205529
1798;-108.109254018993;(((((x * (x + _a6_)) + _a7_) * x) + x) * _a3_);{'d0': {'_a3_': 3.3767608777333322, '_a6_': 0.6238594156935743, '_a7_': -0.474308229397599, '_a0_': 1.0, '_a1_': 1.0, '_a2_': 1.0, '_a4_': 1.0, '_a5_': 1.0}};{'d0': 0.02490583291941664};-280.569866449044;32.175679205529
1799;-88.0583641870206;((pow3(-(((x * _a1_) * _a2_))) * _a0_) + (-(((x + _a0_) * x)) * _a6_));{'d0': {'_a0_': 0.8426446043993727, '_a1_': 0.1296340518275642, '_a2_': -12.252729292061478, '_a6_': -2.1066240679044888, '_a3_': 1.0, '_a4_': 1.0, '_a5_': 1.0, '_a7_': 1.0}};{'d0': 0.024905832920847526};-276.475521883374;50.17939675466655
1800;-88.0583641870206;((pow3(-(((x * _a1_) * _a2_))) * _a0_) + (-(((x + _a0_) * x)) * _a6_));{'d0': {'_a0_': 0.8426446043993727, '_a1_': 0.1296340518275642, '_a2_': -12.252729292061478, '_a6_': -2.1066240679044888, '_a3_': 1.0, '_a4_': 1.0, '_a5_': 1.0, '_a7_': 1.0}};{'d0': 0.024905832920847526};-276.475521883374;50.17939675466655
1801;-88.0583641870206;((pow3(-(((x * _a1_) * _a2_))) * _a0_) + (-(((x + _a0_) * x)) * _a6_));{'d0': {'_a0_': 0.8426446043993727, '_a1_': 0.1296340518275642, '_a2_': -12.252729292061478, '_a6_': -2.1066240679044888, '_a3_': 1.0, '_a4_': 1.0, '_a5_': 1.0, '_a7_': 1.0}};{'d0': 0.024905832920847526};-276.475521883374;50.17939675466655
1802;-88.0583641870206;((pow3(-(((x * _a1_) * _a2_))) * _a0_) + (-(((x + _a0_) * x)) * _a6_));{'d0': {'_a0_': 0.8426446043993727, '_a1_': 0.1296340518275642, '_a2_': -12.252729292061478, '_a6_': -2.1066240679044888, '_a3_': 1.0, '_a4_': 1.0, '_a5_': 1.0, '_a7_': 1.0}};{'d0': 0.024905832920847526};-276.475521883374;50.17939675466655
1803;-81.9789543951082;((pow3(-(((x * _a1_) * cos(_a5_)))) * _a0_) + (-(((x + _a0_) * x)) * _a6_));{'d0': {'_a0_': 0.842644604460619, '_a1_': -1.5886248773198812, '_a5_': -31.433806072344723, '_a6_': -2.1066240678913384, '_a2_': 1.0, '_a3_': 1.0, '_a4_': 1.0, '_a7_': 1.0}};{'d0': 0.02490583292030163};-276.475521884689;56.258806547236546
1804;-81.9789543951082;((pow3(-(((x * _a1_) * cos(_a5_)))) * _a0_) + (-(((x + _a0_) * x)) * _a6_));{'d0': {'_a0_': 0.842644604460619, '_a1_': -1.5886248773198812, '_a5_': -31.433806072344723, '_a6_': -2.1066240678913384, '_a2_': 1.0, '_a3_': 1.0, '_a4_': 1.0, '_a7_': 1.0}};{'d0': 0.02490583292030163};-276.475521884689;56.258806547236546
1805;-90.1055364698552;((pow3(-(((x * _a1_) * _a6_))) * _a0_) + (-(((x + _a0_) * x)) * _a6_));{'d0': {'_a0_': 0.8426446047257825, '_a1_': 0.7539888313646572, '_a6_': -2.1066240673478354, '_a2_': 1.0, '_a3_': 1.0, '_a4_': 1.0, '_a5_': 1.0, '_a7_': 1.0}};{'d0': 0.024905832919416636};-280.569866449044;50.17939675466655
1806;-90.1055364698552;((pow3(-(((x * _a1_) * _a6_))) * _a0_) + (-(((x + _a0_) * x)) * _a6_));{'d0': {'_a0_': 0.8426446047257825, '_a1_': 0.7539888313646572, '_a6_': -2.1066240673478354, '_a2_': 1.0, '_a3_': 1.0, '_a4_': 1.0, '_a5_': 1.0, '_a7_': 1.0}};{'d0': 0.024905832919416636};-280.569866449044;50.17939675466655
1807;-90.1055364698552;((pow3(-(((x * _a1_) * _a6_))) * _a0_) + (-(((x + _a0_) * x)) * _a6_));{'d0': {'_a0_': 0.8426446047257825, '_a1_': 0.7539888313646572, '_a6_': -2.1066240673478354, '_a2_': 1.0, '_a3_': 1.0, '_a4_': 1.0, '_a5_': 1.0, '_a7_': 1.0}};{'d0': 0.024905832919416636};-280.569866449044;50.17939675466655
1808;-77.0992806237016;((((((_a2_ + (_a3_ / _a2_)) * (_a0_ * x)) * ((sin(_a0_) ** x) + _a3_)) + _a5_) * _a5_) * x);{'d0': {'_a0_': 100074.09757442428, '_a2_': 1.0083015349786322, '_a3_': -1.0175776481450172, '_a5_': 1.335484092763972, '_a1_': 1.0, '_a4_': 1.0, '_a6_': 1.0, '_a7_': 1.0}};{'d0': 0.024831901712394383};-276.653892523165;61.22766563788091
1809;-77.0992806237016;((((((_a2_ + (_a3_ / _a2_)) * (_a0_ * x)) * ((sin(_a0_) ** x) + _a3_)) + _a5_) * _a5_) * x);{'d0': {'_a0_': 100074.09757442428, '_a2_': 1.0083015349786322, '_a3_': -1.0175776481450172, '_a5_': 1.335484092763972, '_a1_': 1.0, '_a4_': 1.0, '_a6_': 1.0, '_a7_': 1.0}};{'d0': 0.024831901712394383};-276.653892523165;61.22766563788091
1810;-77.0992806237016;((((((_a2_ + (_a3_ / _a2_)) * (_a0_ * x)) * ((sin(_a0_) ** x) + _a3_)) + _a5_) * _a5_) * x);{'d0': {'_a0_': 100074.09757442428, '_a2_': 1.0083015349786322, '_a3_': -1.0175776481450172, '_a5_': 1.335484092763972, '_a1_': 1.0, '_a4_': 1.0, '_a6_': 1.0, '_a7_': 1.0}};{'d0': 0.024831901712394383};-276.653892523165;61.22766563788091
1811;-77.0992806237016;((((((_a2_ + (_a3_ / _a2_)) * (_a0_ * x)) * ((sin(_a0_) ** x) + _a3_)) + _a5_) * _a5_) * x);{'d0': {'_a0_': 100074.09757442428, '_a2_': 1.0083015349786322, '_a3_': -1.0175776481450172, '_a5_': 1.335484092763972, '_a1_': 1.0, '_a4_': 1.0, '_a6_': 1.0, '_a7_': 1.0}};{'d0': 0.024831901712394383};-276.653892523165;61.22766563788091
1812;-77.0992806237016;((((((_a2_ + (_a3_ / _a2_)) * (_a0_ * x)) * ((sin(_a0_) ** x) + _a3_)) + _a5_) * _a5_) * x);{'d0': {'_a0_': 100074.09757442428, '_a2_': 1.0083015349786322, '_a3_': -1.0175776481450172, '_a5_': 1.335484092763972, '_a1_': 1.0, '_a4_': 1.0, '_a6_': 1.0, '_a7_': 1.0}};{'d0': 0.024831901712394383};-276.653892523165;61.22766563788091
1813;-77.0992806237016;((((((_a2_ + (_a3_ / _a2_)) * (_a0_ * x)) * ((sin(_a0_) ** x) + _a3_)) + _a5_) * _a5_) * x);{'d0': {'_a0_': 100074.09757442428, '_a2_': 1.0083015349786322, '_a3_': -1.0175776481450172, '_a5_': 1.335484092763972, '_a1_': 1.0, '_a4_': 1.0, '_a6_': 1.0, '_a7_': 1.0}};{'d0': 0.024831901712394383};-276.653892523165;61.22766563788091
1814;-77.0992806237016;((((((_a2_ + (_a3_ / _a2_)) * (_a0_ * x)) * ((sin(_a0_) ** x) + _a3_)) + _a5_) * _a5_) * x);{'d0': {'_a0_': 100074.09757442428, '_a2_': 1.0083015349786322, '_a3_': -1.0175776481450172, '_a5_': 1.335484092763972, '_a1_': 1.0, '_a4_': 1.0, '_a6_': 1.0, '_a7_': 1.0}};{'d0': 0.024831901712394383};-276.653892523165;61.22766563788091
1815;-77.0992806237016;((((((_a2_ + (_a3_ / _a2_)) * (_a0_ * x)) * ((sin(_a0_) ** x) + _a3_)) + _a5_) * _a5_) * x);{'d0': {'_a0_': 100074.09757442428, '_a2_': 1.0083015349786322, '_a3_': -1.0175776481450172, '_a5_': 1.335484092763972, '_a1_': 1.0, '_a4_': 1.0, '_a6_': 1.0, '_a7_': 1.0}};{'d0': 0.024831901712394383};-276.653892523165;61.22766563788091
1816;-77.0992806237016;((((((_a2_ + (_a3_ / _a2_)) * (_a0_ * x)) * ((sin(_a0_) ** x) + _a3_)) + _a5_) * _a5_) * x);{'d0': {'_a0_': 100074.09757442428, '_a2_': 1.0083015349786322, '_a3_': -1.0175776481450172, '_a5_': 1.335484092763972, '_a1_': 1.0, '_a4_': 1.0, '_a6_': 1.0, '_a7_': 1.0}};{'d0': 0.024831901712394383};-276.653892523165;61.22766563788091
1817;-77.0992806237016;((((((_a2_ + (_a3_ / _a2_)) * (_a0_ * x)) * ((sin(_a0_) ** x) + _a3_)) + _a5_) * _a5_) * x);{'d0': {'_a0_': 100074.09757442428, '_a2_': 1.0083015349786322, '_a3_': -1.0175776481450172, '_a5_': 1.335484092763972, '_a1_': 1.0, '_a4_': 1.0, '_a6_': 1.0, '_a7_': 1.0}};{'d0': 0.024831901712394383};-276.653892523165;61.22766563788091
1818;-77.0992806237016;((((((_a2_ + (_a3_ / _a2_)) * (_a0_ * x)) * ((sin(_a0_) ** x) + _a3_)) + _a5_) * _a5_) * x);{'d0': {'_a0_': 100074.09757442428, '_a2_': 1.0083015349786322, '_a3_': -1.0175776481450172, '_a5_': 1.335484092763972, '_a1_': 1.0, '_a4_': 1.0, '_a6_': 1.0, '_a7_': 1.0}};{'d0': 0.024831901712394383};-276.653892523165;61.22766563788091
1819;-77.0992806237016;((((((_a2_ + (_a3_ / _a2_)) * (_a0_ * x)) * ((sin(_a0_) ** x) + _a3_)) + _a5_) * _a5_) * x);{'d0': {'_a0_': 100074.09757442428, '_a2_': 1.0083015349786322, '_a3_': -1.0175776481450172, '_a5_': 1.335484092763972, '_a1_': 1.0, '_a4_': 1.0, '_a6_': 1.0, '_a7_': 1.0}};{'d0': 0.024831901712394383};-276.653892523165;61.22766563788091
1820;-77.0992806237016;((((((_a2_ + (_a3_ / _a2_)) * (_a0_ * x)) * ((sin(_a0_) ** x) + _a3_)) + _a5_) * _a5_) * x);{'d0': {'_a0_': 100074.09757442428, '_a2_': 1.0083015349786322, '_a3_': -1.0175776481450172, '_a5_': 1.335484092763972, '_a1_': 1.0, '_a4_': 1.0, '_a6_': 1.0, '_a7_': 1.0}};{'d0': 0.024831901712394383};-276.653892523165;61.22766563788091
1821;-77.0992806237016;((((((_a2_ + (_a3_ / _a2_)) * (_a0_ * x)) * ((sin(_a0_) ** x) + _a3_)) + _a5_) * _a5_) * x);{'d0': {'_a0_': 100074.09757442428, '_a2_': 1.0083015349786322, '_a3_': -1.0175776481450172, '_a5_': 1.335484092763972, '_a1_': 1.0, '_a4_': 1.0, '_a6_': 1.0, '_a7_': 1.0}};{'d0': 0.024831901712394383};-276.653892523165;61.22766563788091
1822;-77.0992717960667;((((((_a5_ + (_a3_ / _a2_)) * (_a0_ * x)) * ((sin(_a0_) ** x) + _a3_)) + _a5_) * _a5_) * x);{'d0': {'_a0_': 100074.09756862087, '_a2_': 0.7614414371631993, '_a3_': -1.0175768348171697, '_a5_': 1.3354839935872065, '_a1_': 1.0, '_a4_': 1.0, '_a6_': 1.0, '_a7_': 1.0}};{'d0': 0.024831909019294218};-276.653874867895;61.22766563788091
1823;-77.0992717960667;((((((_a5_ + (_a3_ / _a2_)) * (_a0_ * x)) * ((sin(_a0_) ** x) + _a3_)) + _a5_) * _a5_) * x);{'d0': {'_a0_': 100074.09756862087, '_a2_': 0.7614414371631993, '_a3_': -1.0175768348171697, '_a5_': 1.3354839935872065, '_a1_': 1.0, '_a4_': 1.0, '_a6_': 1.0, '_a7_': 1.0}};{'d0': 0.024831909019294218};-276.653874867895;61.22766563788091
1824;-77.0992717960667;((((((_a5_ + (_a3_ / _a2_)) * (_a0_ * x)) * ((sin(_a0_) ** x) + _a3_)) + _a5_) * _a5_) * x);{'d0': {'_a0_': 100074.09756862087, '_a2_': 0.7614414371631993, '_a3_': -1.0175768348171697, '_a5_': 1.3354839935872065, '_a1_': 1.0, '_a4_': 1.0, '_a6_': 1.0, '_a7_': 1.0}};{'d0': 0.024831909019294218};-276.653874867895;61.22766563788091
1825;-77.0992717960667;((((((_a5_ + (_a3_ / _a2_)) * (_a0_ * x)) * ((sin(_a0_) ** x) + _a3_)) + _a5_) * _a5_) * x);{'d0': {'_a0_': 100074.09756862087, '_a2_': 0.7614414371631993, '_a3_': -1.0175768348171697, '_a5_': 1.3354839935872065, '_a1_': 1.0, '_a4_': 1.0, '_a6_': 1.0, '_a7_': 1.0}};{'d0': 0.024831909019294218};-276.653874867895;61.22766563788091
1826;-77.0992717960667;((((((_a5_ + (_a3_ / _a2_)) * (_a0_ * x)) * ((sin(_a0_) ** x) + _a3_)) + _a5_) * _a5_) * x);{'d0': {'_a0_': 100074.09756862087, '_a2_': 0.7614414371631993, '_a3_': -1.0175768348171697, '_a5_': 1.3354839935872065, '_a1_': 1.0, '_a4_': 1.0, '_a6_': 1.0, '_a7_': 1.0}};{'d0': 0.024831909019294218};-276.653874867895;61.22766563788091
1827;-77.0992717960667;((((((_a5_ + (_a3_ / _a2_)) * (_a0_ * x)) * ((sin(_a0_) ** x) + _a3_)) + _a5_) * _a5_) * x);{'d0': {'_a0_': 100074.09756862087, '_a2_': 0.7614414371631993, '_a3_': -1.0175768348171697, '_a5_': 1.3354839935872065, '_a1_': 1.0, '_a4_': 1.0, '_a6_': 1.0, '_a7_': 1.0}};{'d0': 0.024831909019294218};-276.653874867895;61.22766563788091
1828;-77.0992717960667;((((((_a5_ + (_a3_ / _a2_)) * (_a0_ * x)) * ((sin(_a0_) ** x) + _a3_)) + _a5_) * _a5_) * x);{'d0': {'_a0_': 100074.09756862087, '_a2_': 0.7614414371631993, '_a3_': -1.0175768348171697, '_a5_': 1.3354839935872065, '_a1_': 1.0, '_a4_': 1.0, '_a6_': 1.0, '_a7_': 1.0}};{'d0': 0.024831909019294218};-276.653874867895;61.22766563788091
1829;-77.0992717960667;((((((_a5_ + (_a3_ / _a2_)) * (_a0_ * x)) * ((sin(_a0_) ** x) + _a3_)) + _a5_) * _a5_) * x);{'d0': {'_a0_': 100074.09756862087, '_a2_': 0.7614414371631993, '_a3_': -1.0175768348171697, '_a5_': 1.3354839935872065, '_a1_': 1.0, '_a4_': 1.0, '_a6_': 1.0, '_a7_': 1.0}};{'d0': 0.024831909019294218};-276.653874867895;61.22766563788091
1830;-77.0992717960667;((((((_a5_ + (_a3_ / _a2_)) * (_a0_ * x)) * ((sin(_a0_) ** x) + _a3_)) + _a5_) * _a5_) * x);{'d0': {'_a0_': 100074.09756862087, '_a2_': 0.7614414371631993, '_a3_': -1.0175768348171697, '_a5_': 1.3354839935872065, '_a1_': 1.0, '_a4_': 1.0, '_a6_': 1.0, '_a7_': 1.0}};{'d0': 0.024831909019294218};-276.653874867895;61.22766563788091
1831;-77.0992809160259;((((((_a5_ + (_a3_ / _a7_)) * (_a0_ * x)) * ((sin(_a0_) ** x) + _a3_)) + _a5_) * _a5_) * x);{'d0': {'_a0_': 100074.09756758822, '_a3_': -1.0175766904329397, '_a5_': 1.3354839910565606, '_a7_': 0.7614413345526116, '_a1_': 1.0, '_a2_': 1.0, '_a4_': 1.0, '_a6_': 1.0}};{'d0': 0.024831901470428765};-276.653893107814;61.22766563788091
1832;-77.0992809160259;((((((_a5_ + (_a3_ / _a7_)) * (_a0_ * x)) * ((sin(_a0_) ** x) + _a3_)) + _a5_) * _a5_) * x);{'d0': {'_a0_': 100074.09756758822, '_a3_': -1.0175766904329397, '_a5_': 1.3354839910565606, '_a7_': 0.7614413345526116, '_a1_': 1.0, '_a2_': 1.0, '_a4_': 1.0, '_a6_': 1.0}};{'d0': 0.024831901470428765};-276.653893107814;61.22766563788091
1833;-77.0992809160259;((((((_a5_ + (_a3_ / _a7_)) * (_a0_ * x)) * ((sin(_a0_) ** x) + _a3_)) + _a5_) * _a5_) * x);{'d0': {'_a0_': 100074.09756758822, '_a3_': -1.0175766904329397, '_a5_': 1.3354839910565606, '_a7_': 0.7614413345526116, '_a1_': 1.0, '_a2_': 1.0, '_a4_': 1.0, '_a6_': 1.0}};{'d0': 0.024831901470428765};-276.653893107814;61.22766563788091
1834;-77.0992809160259;((((((_a5_ + (_a3_ / _a7_)) * (_a0_ * x)) * ((sin(_a0_) ** x) + _a3_)) + _a5_) * _a5_) * x);{'d0': {'_a0_': 100074.09756758822, '_a3_': -1.0175766904329397, '_a5_': 1.3354839910565606, '_a7_': 0.7614413345526116, '_a1_': 1.0, '_a2_': 1.0, '_a4_': 1.0, '_a6_': 1.0}};{'d0': 0.024831901470428765};-276.653893107814;61.22766563788091
1835;-77.0992809160259;((((((_a5_ + (_a3_ / _a7_)) * (_a0_ * x)) * ((sin(_a0_) ** x) + _a3_)) + _a5_) * _a5_) * x);{'d0': {'_a0_': 100074.09756758822, '_a3_': -1.0175766904329397, '_a5_': 1.3354839910565606, '_a7_': 0.7614413345526116, '_a1_': 1.0, '_a2_': 1.0, '_a4_': 1.0, '_a6_': 1.0}};{'d0': 0.024831901470428765};-276.653893107814;61.22766563788091
1836;-77.0992809160259;((((((_a5_ + (_a3_ / _a7_)) * (_a0_ * x)) * ((sin(_a0_) ** x) + _a3_)) + _a5_) * _a5_) * x);{'d0': {'_a0_': 100074.09756758822, '_a3_': -1.0175766904329397, '_a5_': 1.3354839910565606, '_a7_': 0.7614413345526116, '_a1_': 1.0, '_a2_': 1.0, '_a4_': 1.0, '_a6_': 1.0}};{'d0': 0.024831901470428765};-276.653893107814;61.22766563788091
1837;-77.0992775363521;((((((_a5_ + (_a3_ / _a7_)) * (_a0_ * x)) * ((sin(_a5_) ** x) + _a3_)) + _a5_) * _a5_) * x);{'d0': {'_a0_': 91229.81826382378, '_a3_': -1.0177160271502337, '_a5_': 1.3355086836837249, '_a7_': 0.7614863349962351, '_a1_': 1.0, '_a2_': 1.0, '_a4_': 1.0, '_a6_': 1.0}};{'d0': 0.024831904267886503};-276.653886348466;61.22766563788091
1838;-83.7163923232535;((((((_a5_ + (_a3_ / _a7_)) * (_a0_ * x)) * ((_a7_ ** x) + _a3_)) + _a5_) * _a5_) * x);{'d0': {'_a0_': -310.7588918431895, '_a3_': -1.0175741204719952, '_a5_': 1.3354835447026032, '_a7_': 0.9726615154768924, '_a1_': 1.0, '_a2_': 1.0, '_a4_': 1.0, '_a6_': 1.0}};{'d0': 0.02483189962904887};-276.653897557042;54.61055645526739
1839;-83.7163923232535;((((((_a5_ + (_a3_ / _a7_)) * (_a0_ * x)) * ((_a7_ ** x) + _a3_)) + _a5_) * _a5_) * x);{'d0': {'_a0_': -310.7588918431895, '_a3_': -1.0175741204719952, '_a5_': 1.3354835447026032, '_a7_': 0.9726615154768924, '_a1_': 1.0, '_a2_': 1.0, '_a4_': 1.0, '_a6_': 1.0}};{'d0': 0.02483189962904887};-276.653897557042;54.61055645526739
1840;-83.7163923232535;((((((_a5_ + (_a3_ / _a7_)) * (_a0_ * x)) * ((_a7_ ** x) + _a3_)) + _a5_) * _a5_) * x);{'d0': {'_a0_': -310.7588918431895, '_a3_': -1.0175741204719952, '_a5_': 1.3354835447026032, '_a7_': 0.9726615154768924, '_a1_': 1.0, '_a2_': 1.0, '_a4_': 1.0, '_a6_': 1.0}};{'d0': 0.02483189962904887};-276.653897557042;54.61055645526739
1841;-83.7163923232535;((((((_a5_ + (_a3_ / _a7_)) * (_a0_ * x)) * ((_a7_ ** x) + _a3_)) + _a5_) * _a5_) * x);{'d0': {'_a0_': -310.7588918431895, '_a3_': -1.0175741204719952, '_a5_': 1.3354835447026032, '_a7_': 0.9726615154768924, '_a1_': 1.0, '_a2_': 1.0, '_a4_': 1.0, '_a6_': 1.0}};{'d0': 0.02483189962904887};-276.653897557042;54.61055645526739
1842;-83.7163923232535;((((((_a5_ + (_a3_ / _a7_)) * (_a0_ * x)) * ((_a7_ ** x) + _a3_)) + _a5_) * _a5_) * x);{'d0': {'_a0_': -310.7588918431895, '_a3_': -1.0175741204719952, '_a5_': 1.3354835447026032, '_a7_': 0.9726615154768924, '_a1_': 1.0, '_a2_': 1.0, '_a4_': 1.0, '_a6_': 1.0}};{'d0': 0.02483189962904887};-276.653897557042;54.61055645526739
1843;-83.7163923232535;((((((_a5_ + (_a3_ / _a7_)) * (_a0_ * x)) * ((_a7_ ** x) + _a3_)) + _a5_) * _a5_) * x);{'d0': {'_a0_': -310.7588918431895, '_a3_': -1.0175741204719952, '_a5_': 1.3354835447026032, '_a7_': 0.9726615154768924, '_a1_': 1.0, '_a2_': 1.0, '_a4_': 1.0, '_a6_': 1.0}};{'d0': 0.02483189962904887};-276.653897557042;54.61055645526739
1844;-83.7163923232535;((((((_a5_ + (_a3_ / _a7_)) * (_a0_ * x)) * ((_a7_ ** x) + _a3_)) + _a5_) * _a5_) * x);{'d0': {'_a0_': -310.7588918431895, '_a3_': -1.0175741204719952, '_a5_': 1.3354835447026032, '_a7_': 0.9726615154768924, '_a1_': 1.0, '_a2_': 1.0, '_a4_': 1.0, '_a6_': 1.0}};{'d0': 0.02483189962904887};-276.653897557042;54.61055645526739
1845;-83.7163923232535;((((((_a5_ + (_a3_ / _a7_)) * (_a0_ * x)) * ((_a7_ ** x) + _a3_)) + _a5_) * _a5_) * x);{'d0': {'_a0_': -310.7588918431895, '_a3_': -1.0175741204719952, '_a5_': 1.3354835447026032, '_a7_': 0.9726615154768924, '_a1_': 1.0, '_a2_': 1.0, '_a4_': 1.0, '_a6_': 1.0}};{'d0': 0.02483189962904887};-276.653897557042;54.61055645526739
1846;-83.7163923232535;((((((_a5_ + (_a3_ / _a7_)) * (_a0_ * x)) * ((_a7_ ** x) + _a3_)) + _a5_) * _a5_) * x);{'d0': {'_a0_': -310.7588918431895, '_a3_': -1.0175741204719952, '_a5_': 1.3354835447026032, '_a7_': 0.9726615154768924, '_a1_': 1.0, '_a2_': 1.0, '_a4_': 1.0, '_a6_': 1.0}};{'d0': 0.02483189962904887};-276.653897557042;54.61055645526739
1847;-83.7163923232535;((((((_a5_ + (_a3_ / _a7_)) * (_a0_ * x)) * ((_a7_ ** x) + _a3_)) + _a5_) * _a5_) * x);{'d0': {'_a0_': -310.7588918431895, '_a3_': -1.0175741204719952, '_a5_': 1.3354835447026032, '_a7_': 0.9726615154768924, '_a1_': 1.0, '_a2_': 1.0, '_a4_': 1.0, '_a6_': 1.0}};{'d0': 0.02483189962904887};-276.653897557042;54.61055645526739
1848;-83.7163923232535;((((((_a5_ + (_a3_ / _a7_)) * (_a0_ * x)) * ((_a7_ ** x) + _a3_)) + _a5_) * _a5_) * x);{'d0': {'_a0_': -310.7588918431895, '_a3_': -1.0175741204719952, '_a5_': 1.3354835447026032, '_a7_': 0.9726615154768924, '_a1_': 1.0, '_a2_': 1.0, '_a4_': 1.0, '_a6_': 1.0}};{'d0': 0.02483189962904887};-276.653897557042;54.61055645526739
1849;-83.7163923232535;((((((_a5_ + (_a3_ / _a7_)) * (_a0_ * x)) * ((_a7_ ** x) + _a3_)) + _a5_) * _a5_) * x);{'d0': {'_a0_': -310.7588918431895, '_a3_': -1.0175741204719952, '_a5_': 1.3354835447026032, '_a7_': 0.9726615154768924, '_a1_': 1.0, '_a2_': 1.0, '_a4_': 1.0, '_a6_': 1.0}};{'d0': 0.02483189962904887};-276.653897557042;54.61055645526739
1850;-83.7163923232535;((((((_a5_ + (_a3_ / _a7_)) * (_a0_ * x)) * ((_a7_ ** x) + _a3_)) + _a5_) * _a5_) * x);{'d0': {'_a0_': -310.7588918431895, '_a3_': -1.0175741204719952, '_a5_': 1.3354835447026032, '_a7_': 0.9726615154768924, '_a1_': 1.0, '_a2_': 1.0, '_a4_': 1.0, '_a6_': 1.0}};{'d0': 0.02483189962904887};-276.653897557042;54.61055645526739
1851;-83.7163923232535;((((((_a5_ + (_a3_ / _a7_)) * (_a0_ * x)) * ((_a7_ ** x) + _a3_)) + _a5_) * _a5_) * x);{'d0': {'_a0_': -310.7588918431895, '_a3_': -1.0175741204719952, '_a5_': 1.3354835447026032, '_a7_': 0.9726615154768924, '_a1_': 1.0, '_a2_': 1.0, '_a4_': 1.0, '_a6_': 1.0}};{'d0': 0.02483189962904887};-276.653897557042;54.61055645526739
1852;-84.4226295915547;((((((_a5_ + (_a3_ * _a7_)) * (_a0_ * x)) * ((_a7_ ** x) + _a3_)) + _a5_) * _a5_) * x);{'d0': {'_a0_': -260.0484850500776, '_a3_': -1.0175739480341757, '_a5_': 1.3354835139464911, '_a7_': 0.9726617758241364, '_a1_': 1.0, '_a2_': 1.0, '_a4_': 1.0, '_a6_': 1.0}};{'d0': 0.02483189962904903};-276.653897557041;53.90431918696599
1853;-84.4226295915547;((((((_a5_ + (_a3_ * _a7_)) * (_a0_ * x)) * ((_a7_ ** x) + _a3_)) + _a5_) * _a5_) * x);{'d0': {'_a0_': -260.0484850500776, '_a3_': -1.0175739480341757, '_a5_': 1.3354835139464911, '_a7_': 0.9726617758241364, '_a1_': 1.0, '_a2_': 1.0, '_a4_': 1.0, '_a6_': 1.0}};{'d0': 0.02483189962904903};-276.653897557041;53.90431918696599
1854;-84.4226295915547;((((((_a5_ + (_a3_ * _a7_)) * (_a0_ * x)) * ((_a7_ ** x) + _a3_)) + _a5_) * _a5_) * x);{'d0': {'_a0_': -260.0484850500776, '_a3_': -1.0175739480341757, '_a5_': 1.3354835139464911, '_a7_': 0.9726617758241364, '_a1_': 1.0, '_a2_': 1.0, '_a4_': 1.0, '_a6_': 1.0}};{'d0': 0.02483189962904903};-276.653897557041;53.90431918696599
1855;-89.3269419152319;((pow3(-(((x / _a1_) * _a6_))) * _a0_) + (-(((x + _a0_) * x)) * _a6_));{'d0': {'_a0_': 0.8426446041997089, '_a1_': 1.3262795924731818, '_a6_': -2.1066240680845274, '_a2_': 1.0, '_a3_': 1.0, '_a4_': 1.0, '_a5_': 1.0, '_a7_': 1.0}};{'d0': 0.024905832919416608};-280.569866449044;50.957991309289945
1856;-89.3269419152319;((pow3(-(((x / _a1_) * _a6_))) * _a0_) + (-(((x + _a0_) * x)) * _a6_));{'d0': {'_a0_': 0.8426446041997089, '_a1_': 1.3262795924731818, '_a6_': -2.1066240680845274, '_a2_': 1.0, '_a3_': 1.0, '_a4_': 1.0, '_a5_': 1.0, '_a7_': 1.0}};{'d0': 0.024905832919416608};-280.569866449044;50.957991309289945
1857;-89.3269419152319;((pow3(-(((x / _a1_) * _a6_))) * _a0_) + (-(((x + _a0_) * x)) * _a6_));{'d0': {'_a0_': 0.8426446041997089, '_a1_': 1.3262795924731818, '_a6_': -2.1066240680845274, '_a2_': 1.0, '_a3_': 1.0, '_a4_': 1.0, '_a5_': 1.0, '_a7_': 1.0}};{'d0': 0.024905832919416608};-280.569866449044;50.957991309289945
1858;-89.3269419152319;((pow3(-(((x / _a1_) * _a6_))) * _a0_) + (-(((x + _a0_) * x)) * _a6_));{'d0': {'_a0_': 0.8426446041997089, '_a1_': 1.3262795924731818, '_a6_': -2.1066240680845274, '_a2_': 1.0, '_a3_': 1.0, '_a4_': 1.0, '_a5_': 1.0, '_a7_': 1.0}};{'d0': 0.024905832919416608};-280.569866449044;50.957991309289945
1859;-89.3269419152319;((pow3(-(((x / _a1_) * _a6_))) * _a0_) + (-(((x + _a0_) * x)) * _a6_));{'d0': {'_a0_': 0.8426446041997089, '_a1_': 1.3262795924731818, '_a6_': -2.1066240680845274, '_a2_': 1.0, '_a3_': 1.0, '_a4_': 1.0, '_a5_': 1.0, '_a7_': 1.0}};{'d0': 0.024905832919416608};-280.569866449044;50.957991309289945
1860;-89.3269419152319;((pow3(-(((x / _a1_) * _a6_))) * _a0_) + (-(((x + _a0_) * x)) * _a6_));{'d0': {'_a0_': 0.8426446041997089, '_a1_': 1.3262795924731818, '_a6_': -2.1066240680845274, '_a2_': 1.0, '_a3_': 1.0, '_a4_': 1.0, '_a5_': 1.0, '_a7_': 1.0}};{'d0': 0.024905832919416608};-280.569866449044;50.957991309289945
1861;-89.3269419152319;((pow3(-(((x / _a1_) * _a6_))) * _a0_) + (-(((x + _a0_) * x)) * _a6_));{'d0': {'_a0_': 0.8426446041997089, '_a1_': 1.3262795924731818, '_a6_': -2.1066240680845274, '_a2_': 1.0, '_a3_': 1.0, '_a4_': 1.0, '_a5_': 1.0, '_a7_': 1.0}};{'d0': 0.024905832919416608};-280.569866449044;50.957991309289945
1862;-89.3269419152319;((pow3(-(((x / _a1_) * _a6_))) * _a0_) + (-(((x + _a0_) * x)) * _a6_));{'d0': {'_a0_': 0.8426446041997089, '_a1_': 1.3262795924731818, '_a6_': -2.1066240680845274, '_a2_': 1.0, '_a3_': 1.0, '_a4_': 1.0, '_a5_': 1.0, '_a7_': 1.0}};{'d0': 0.024905832919416608};-280.569866449044;50.957991309289945
1863;-89.3269419152319;((pow3(-(((x / _a1_) * _a6_))) * _a0_) + (-(((x + _a0_) * x)) * _a6_));{'d0': {'_a0_': 0.8426446041997089, '_a1_': 1.3262795924731818, '_a6_': -2.1066240680845274, '_a2_': 1.0, '_a3_': 1.0, '_a4_': 1.0, '_a5_': 1.0, '_a7_': 1.0}};{'d0': 0.024905832919416608};-280.569866449044;50.957991309289945
1864;-89.3269419152319;((pow3(-(((x / _a1_) * _a6_))) * _a0_) + (-(((x + _a0_) * x)) * _a6_));{'d0': {'_a0_': 0.8426446041997089, '_a1_': 1.3262795924731818, '_a6_': -2.1066240680845274, '_a2_': 1.0, '_a3_': 1.0, '_a4_': 1.0, '_a5_': 1.0, '_a7_': 1.0}};{'d0': 0.024905832919416608};-280.569866449044;50.957991309289945
1865;-89.3269419152319;((pow3(-(((x / _a1_) * _a6_))) * _a0_) + (-(((x + _a0_) * x)) * _a6_));{'d0': {'_a0_': 0.8426446041997089, '_a1_': 1.3262795924731818, '_a6_': -2.1066240680845274, '_a2_': 1.0, '_a3_': 1.0, '_a4_': 1.0, '_a5_': 1.0, '_a7_': 1.0}};{'d0': 0.024905832919416608};-280.569866449044;50.957991309289945
1866;-89.3269419152319;((pow3(-(((x / _a1_) * _a6_))) * _a0_) + (-(((x + _a0_) * x)) * _a6_));{'d0': {'_a0_': 0.8426446041997089, '_a1_': 1.3262795924731818, '_a6_': -2.1066240680845274, '_a2_': 1.0, '_a3_': 1.0, '_a4_': 1.0, '_a5_': 1.0, '_a7_': 1.0}};{'d0': 0.024905832919416608};-280.569866449044;50.957991309289945
1867;-89.3269419152319;((pow3(-(((x / _a1_) * _a6_))) * _a0_) + (-(((x + _a0_) * x)) * _a6_));{'d0': {'_a0_': 0.8426446041997089, '_a1_': 1.3262795924731818, '_a6_': -2.1066240680845274, '_a2_': 1.0, '_a3_': 1.0, '_a4_': 1.0, '_a5_': 1.0, '_a7_': 1.0}};{'d0': 0.024905832919416608};-280.569866449044;50.957991309289945
1868;-89.3269419152319;((pow3(-(((x / _a1_) * _a6_))) * _a0_) + (-(((x + _a0_) * x)) * _a6_));{'d0': {'_a0_': 0.8426446041997089, '_a1_': 1.3262795924731818, '_a6_': -2.1066240680845274, '_a2_': 1.0, '_a3_': 1.0, '_a4_': 1.0, '_a5_': 1.0, '_a7_': 1.0}};{'d0': 0.024905832919416608};-280.569866449044;50.957991309289945
1869;-89.3269419152319;((pow3(-(((x / _a1_) * _a6_))) * _a0_) + (-(((x + _a0_) * x)) * _a6_));{'d0': {'_a0_': 0.8426446041997089, '_a1_': 1.3262795924731818, '_a6_': -2.1066240680845274, '_a2_': 1.0, '_a3_': 1.0, '_a4_': 1.0, '_a5_': 1.0, '_a7_': 1.0}};{'d0': 0.024905832919416608};-280.569866449044;50.957991309289945
1870;-89.3269419152319;((pow3(-(((x / _a1_) * _a6_))) * _a0_) + (-(((x + _a0_) * x)) * _a6_));{'d0': {'_a0_': 0.8426446041997089, '_a1_': 1.3262795924731818, '_a6_': -2.1066240680845274, '_a2_': 1.0, '_a3_': 1.0, '_a4_': 1.0, '_a5_': 1.0, '_a7_': 1.0}};{'d0': 0.024905832919416608};-280.569866449044;50.957991309289945
1871;-89.3269419152319;((pow3(-(((x / _a1_) * _a6_))) * _a0_) + (-(((x + _a0_) * x)) * _a6_));{'d0': {'_a0_': 0.8426446041997089, '_a1_': 1.3262795924731818, '_a6_': -2.1066240680845274, '_a2_': 1.0, '_a3_': 1.0, '_a4_': 1.0, '_a5_': 1.0, '_a7_': 1.0}};{'d0': 0.024905832919416608};-280.569866449044;50.957991309289945
1872;-89.3269419152319;((pow3(-(((x / _a1_) * _a6_))) * _a0_) + (-(((x + _a0_) * x)) * _a6_));{'d0': {'_a0_': 0.8426446041997089, '_a1_': 1.3262795924731818, '_a6_': -2.1066240680845274, '_a2_': 1.0, '_a3_': 1.0, '_a4_': 1.0, '_a5_': 1.0, '_a7_': 1.0}};{'d0': 0.024905832919416608};-280.569866449044;50.957991309289945
1873;-89.3269419152319;((pow3(-(((x / _a1_) * _a6_))) * _a0_) + (-(((x + _a0_) * x)) * _a6_));{'d0': {'_a0_': 0.8426446041997089, '_a1_': 1.3262795924731818, '_a6_': -2.1066240680845274, '_a2_': 1.0, '_a3_': 1.0, '_a4_': 1.0, '_a5_': 1.0, '_a7_': 1.0}};{'d0': 0.024905832919416608};-280.569866449044;50.957991309289945
1874;-89.3269419152319;((pow3(-(((x / _a1_) * _a6_))) * _a0_) + (-(((x + _a0_) * x)) * _a6_));{'d0': {'_a0_': 0.8426446041997089, '_a1_': 1.3262795924731818, '_a6_': -2.1066240680845274, '_a2_': 1.0, '_a3_': 1.0, '_a4_': 1.0, '_a5_': 1.0, '_a7_': 1.0}};{'d0': 0.024905832919416608};-280.569866449044;50.957991309289945
1875;-89.3269419152319;((pow3(-(((x / _a1_) * _a6_))) * _a0_) + (-(((x + _a0_) * x)) * _a6_));{'d0': {'_a0_': 0.8426446041997089, '_a1_': 1.3262795924731818, '_a6_': -2.1066240680845274, '_a2_': 1.0, '_a3_': 1.0, '_a4_': 1.0, '_a5_': 1.0, '_a7_': 1.0}};{'d0': 0.024905832919416608};-280.569866449044;50.957991309289945
1876;-89.3269419152319;((pow3(-(((x / _a1_) * _a6_))) * _a0_) + (-(((x + _a0_) * x)) * _a6_));{'d0': {'_a0_': 0.8426446041997089, '_a1_': 1.3262795924731818, '_a6_': -2.1066240680845274, '_a2_': 1.0, '_a3_': 1.0, '_a4_': 1.0, '_a5_': 1.0, '_a7_': 1.0}};{'d0': 0.024905832919416608};-280.569866449044;50.957991309289945
1877;-89.3269419152319;((pow3(-(((x / _a1_) * _a6_))) * _a0_) + (-(((x + _a0_) * x)) * _a6_));{'d0': {'_a0_': 0.8426446041997089, '_a1_': 1.3262795924731818, '_a6_': -2.1066240680845274, '_a2_': 1.0, '_a3_': 1.0, '_a4_': 1.0, '_a5_': 1.0, '_a7_': 1.0}};{'d0': 0.024905832919416608};-280.569866449044;50.957991309289945
1878;-89.3269419152319;((pow3(-(((x / _a1_) * _a6_))) * _a0_) + (-(((x + _a0_) * x)) * _a6_));{'d0': {'_a0_': 0.8426446041997089, '_a1_': 1.3262795924731818, '_a6_': -2.1066240680845274, '_a2_': 1.0, '_a3_': 1.0, '_a4_': 1.0, '_a5_': 1.0, '_a7_': 1.0}};{'d0': 0.024905832919416608};-280.569866449044;50.957991309289945
1879;-89.3269419152319;((pow3(-(((x / _a1_) * _a6_))) * _a0_) + (-(((x + _a0_) * x)) * _a6_));{'d0': {'_a0_': 0.8426446041997089, '_a1_': 1.3262795924731818, '_a6_': -2.1066240680845274, '_a2_': 1.0, '_a3_': 1.0, '_a4_': 1.0, '_a5_': 1.0, '_a7_': 1.0}};{'d0': 0.024905832919416608};-280.569866449044;50.957991309289945
1880;-89.3269419152319;((pow3(-(((x / _a1_) * _a6_))) * _a0_) + (-(((x + _a0_) * x)) * _a6_));{'d0': {'_a0_': 0.8426446041997089, '_a1_': 1.3262795924731818, '_a6_': -2.1066240680845274, '_a2_': 1.0, '_a3_': 1.0, '_a4_': 1.0, '_a5_': 1.0, '_a7_': 1.0}};{'d0': 0.024905832919416608};-280.569866449044;50.957991309289945
1881;-89.3269419152319;((pow3(-(((x / _a1_) * _a6_))) * _a0_) + (-(((x + _a0_) * x)) * _a6_));{'d0': {'_a0_': 0.8426446041997089, '_a1_': 1.3262795924731818, '_a6_': -2.1066240680845274, '_a2_': 1.0, '_a3_': 1.0, '_a4_': 1.0, '_a5_': 1.0, '_a7_': 1.0}};{'d0': 0.024905832919416608};-280.569866449044;50.957991309289945
1882;-88.2558739378112;((sinh(((_a2_ * _a7_) + (x * -(_a2_)))) * _a1_) + _a3_);{'d0': {'_a1_': -0.4639958976449564, '_a2_': 3.161407974682562, '_a3_': -0.3194052473542771, '_a7_': -0.21202674836397872, '_a0_': 1.0, '_a4_': 1.0, '_a5_': 1.0, '_a6_': 1.0}};{'d0': 0.036281008076386685};-253.903979024421;38.69611557439939
1883;-88.2558739378112;((sinh(((_a2_ * _a7_) + (x * -(_a2_)))) * _a1_) + _a3_);{'d0': {'_a1_': -0.4639958976449564, '_a2_': 3.161407974682562, '_a3_': -0.3194052473542771, '_a7_': -0.21202674836397872, '_a0_': 1.0, '_a4_': 1.0, '_a5_': 1.0, '_a6_': 1.0}};{'d0': 0.036281008076386685};-253.903979024421;38.69611557439939
1884;-88.2558739378112;((sinh(((_a2_ * _a7_) + (x * -(_a2_)))) * _a1_) + _a3_);{'d0': {'_a1_': -0.4639958976449564, '_a2_': 3.161407974682562, '_a3_': -0.3194052473542771, '_a7_': -0.21202674836397872, '_a0_': 1.0, '_a4_': 1.0, '_a5_': 1.0, '_a6_': 1.0}};{'d0': 0.036281008076386685};-253.903979024421;38.69611557439939
1885;-88.2558739378112;((sinh(((_a2_ * _a7_) + (x * -(_a2_)))) * _a1_) + _a3_);{'d0': {'_a1_': -0.4639958976449564, '_a2_': 3.161407974682562, '_a3_': -0.3194052473542771, '_a7_': -0.21202674836397872, '_a0_': 1.0, '_a4_': 1.0, '_a5_': 1.0, '_a6_': 1.0}};{'d0': 0.036281008076386685};-253.903979024421;38.69611557439939
1886;-88.2558739378112;((sinh(((_a2_ * _a7_) + (x * -(_a2_)))) * _a1_) + _a3_);{'d0': {'_a1_': -0.4639958976449564, '_a2_': 3.161407974682562, '_a3_': -0.3194052473542771, '_a7_': -0.21202674836397872, '_a0_': 1.0, '_a4_': 1.0, '_a5_': 1.0, '_a6_': 1.0}};{'d0': 0.036281008076386685};-253.903979024421;38.69611557439939
1887;-88.2558739378112;((sinh(((_a2_ * _a7_) + (x * -(_a2_)))) * _a1_) + _a3_);{'d0': {'_a1_': -0.4639958976449564, '_a2_': 3.161407974682562, '_a3_': -0.3194052473542771, '_a7_': -0.21202674836397872, '_a0_': 1.0, '_a4_': 1.0, '_a5_': 1.0, '_a6_': 1.0}};{'d0': 0.036281008076386685};-253.903979024421;38.69611557439939
1888;-88.2558739378112;((sinh(((_a2_ * _a7_) + (x * -(_a2_)))) * _a1_) + _a3_);{'d0': {'_a1_': -0.4639958976449564, '_a2_': 3.161407974682562, '_a3_': -0.3194052473542771, '_a7_': -0.21202674836397872, '_a0_': 1.0, '_a4_': 1.0, '_a5_': 1.0, '_a6_': 1.0}};{'d0': 0.036281008076386685};-253.903979024421;38.69611557439939
1889;-88.2558739378112;((sinh(((_a2_ * _a7_) + (x * -(_a2_)))) * _a1_) + _a3_);{'d0': {'_a1_': -0.4639958976449564, '_a2_': 3.161407974682562, '_a3_': -0.3194052473542771, '_a7_': -0.21202674836397872, '_a0_': 1.0, '_a4_': 1.0, '_a5_': 1.0, '_a6_': 1.0}};{'d0': 0.036281008076386685};-253.903979024421;38.69611557439939
1890;-88.2558739378112;((sinh(((_a2_ * _a7_) + (x * -(_a2_)))) * _a1_) + _a3_);{'d0': {'_a1_': -0.4639958976449564, '_a2_': 3.161407974682562, '_a3_': -0.3194052473542771, '_a7_': -0.21202674836397872, '_a0_': 1.0, '_a4_': 1.0, '_a5_': 1.0, '_a6_': 1.0}};{'d0': 0.036281008076386685};-253.903979024421;38.69611557439939
1891;-88.2558739378112;((sinh(((_a2_ * _a7_) + (x * -(_a2_)))) * _a1_) + _a3_);{'d0': {'_a1_': -0.4639958976449564, '_a2_': 3.161407974682562, '_a3_': -0.3194052473542771, '_a7_': -0.21202674836397872, '_a0_': 1.0, '_a4_': 1.0, '_a5_': 1.0, '_a6_': 1.0}};{'d0': 0.036281008076386685};-253.903979024421;38.69611557439939
1892;-88.2558739378112;((sinh(((_a2_ * _a7_) + (x * -(_a2_)))) * _a1_) + _a3_);{'d0': {'_a1_': -0.4639958976449564, '_a2_': 3.161407974682562, '_a3_': -0.3194052473542771, '_a7_': -0.21202674836397872, '_a0_': 1.0, '_a4_': 1.0, '_a5_': 1.0, '_a6_': 1.0}};{'d0': 0.036281008076386685};-253.903979024421;38.69611557439939
1893;-88.2558739378112;((sinh(((_a2_ * _a7_) + (x * -(_a2_)))) * _a1_) + _a3_);{'d0': {'_a1_': -0.4639958976449564, '_a2_': 3.161407974682562, '_a3_': -0.3194052473542771, '_a7_': -0.21202674836397872, '_a0_': 1.0, '_a4_': 1.0, '_a5_': 1.0, '_a6_': 1.0}};{'d0': 0.036281008076386685};-253.903979024421;38.69611557439939
1894;-88.2558739378112;((sinh(((_a2_ * _a7_) + (x * -(_a2_)))) * _a1_) + _a3_);{'d0': {'_a1_': -0.4639958976449564, '_a2_': 3.161407974682562, '_a3_': -0.3194052473542771, '_a7_': -0.21202674836397872, '_a0_': 1.0, '_a4_': 1.0, '_a5_': 1.0, '_a6_': 1.0}};{'d0': 0.036281008076386685};-253.903979024421;38.69611557439939
1895;-88.2558739378112;((sinh(((_a2_ * _a7_) + (x * -(_a2_)))) * _a1_) + _a3_);{'d0': {'_a1_': -0.4639958976449564, '_a2_': 3.161407974682562, '_a3_': -0.3194052473542771, '_a7_': -0.21202674836397872, '_a0_': 1.0, '_a4_': 1.0, '_a5_': 1.0, '_a6_': 1.0}};{'d0': 0.036281008076386685};-253.903979024421;38.69611557439939
1896;-88.2558739378112;((sinh(((_a2_ * _a7_) + (x * -(_a2_)))) * _a1_) + _a3_);{'d0': {'_a1_': -0.4639958976449564, '_a2_': 3.161407974682562, '_a3_': -0.3194052473542771, '_a7_': -0.21202674836397872, '_a0_': 1.0, '_a4_': 1.0, '_a5_': 1.0, '_a6_': 1.0}};{'d0': 0.036281008076386685};-253.903979024421;38.69611557439939
1897;-88.2558739378112;((sinh(((_a2_ * _a7_) + (x * -(_a2_)))) * _a1_) + _a3_);{'d0': {'_a1_': -0.4639958976449564, '_a2_': 3.161407974682562, '_a3_': -0.3194052473542771, '_a7_': -0.21202674836397872, '_a0_': 1.0, '_a4_': 1.0, '_a5_': 1.0, '_a6_': 1.0}};{'d0': 0.036281008076386685};-253.903979024421;38.69611557439939
1898;-88.2558739378112;((sinh(((_a2_ * _a7_) + (x * -(_a2_)))) * _a1_) + _a3_);{'d0': {'_a1_': -0.4639958976449564, '_a2_': 3.161407974682562, '_a3_': -0.3194052473542771, '_a7_': -0.21202674836397872, '_a0_': 1.0, '_a4_': 1.0, '_a5_': 1.0, '_a6_': 1.0}};{'d0': 0.036281008076386685};-253.903979024421;38.69611557439939
1899;-88.2558739378112;((sinh(((_a2_ * _a7_) + (x * -(_a2_)))) * _a1_) + _a3_);{'d0': {'_a1_': -0.4639958976449564, '_a2_': 3.161407974682562, '_a3_': -0.3194052473542771, '_a7_': -0.21202674836397872, '_a0_': 1.0, '_a4_': 1.0, '_a5_': 1.0, '_a6_': 1.0}};{'d0': 0.036281008076386685};-253.903979024421;38.69611557439939
1900;-88.2558739378112;((sinh(((_a2_ * _a7_) + (x * -(_a2_)))) * _a1_) + _a3_);{'d0': {'_a1_': -0.4639958976449564, '_a2_': 3.161407974682562, '_a3_': -0.3194052473542771, '_a7_': -0.21202674836397872, '_a0_': 1.0, '_a4_': 1.0, '_a5_': 1.0, '_a6_': 1.0}};{'d0': 0.036281008076386685};-253.903979024421;38.69611557439939
1901;-88.2558739378112;((sinh(((_a2_ * _a7_) + (x * -(_a2_)))) * _a1_) + _a3_);{'d0': {'_a1_': -0.4639958976449564, '_a2_': 3.161407974682562, '_a3_': -0.3194052473542771, '_a7_': -0.21202674836397872, '_a0_': 1.0, '_a4_': 1.0, '_a5_': 1.0, '_a6_': 1.0}};{'d0': 0.036281008076386685};-253.903979024421;38.69611557439939
1902;-88.2558739378112;((sinh(((_a2_ * _a7_) + (x * -(_a2_)))) * _a1_) + _a3_);{'d0': {'_a1_': -0.4639958976449564, '_a2_': 3.161407974682562, '_a3_': -0.3194052473542771, '_a7_': -0.21202674836397872, '_a0_': 1.0, '_a4_': 1.0, '_a5_': 1.0, '_a6_': 1.0}};{'d0': 0.036281008076386685};-253.903979024421;38.69611557439939
1903;-88.2558739378112;((sinh(((_a2_ * _a7_) + (x * -(_a2_)))) * _a1_) + _a3_);{'d0': {'_a1_': -0.4639958976449564, '_a2_': 3.161407974682562, '_a3_': -0.3194052473542771, '_a7_': -0.21202674836397872, '_a0_': 1.0, '_a4_': 1.0, '_a5_': 1.0, '_a6_': 1.0}};{'d0': 0.036281008076386685};-253.903979024421;38.69611557439939
1904;-88.2558739378112;((sinh(((_a2_ * _a7_) + (x * -(_a2_)))) * _a1_) + _a3_);{'d0': {'_a1_': -0.4639958976449564, '_a2_': 3.161407974682562, '_a3_': -0.3194052473542771, '_a7_': -0.21202674836397872, '_a0_': 1.0, '_a4_': 1.0, '_a5_': 1.0, '_a6_': 1.0}};{'d0': 0.036281008076386685};-253.903979024421;38.69611557439939
1905;-88.2558739378112;((sinh(((_a2_ * _a7_) + (x * -(_a2_)))) * _a1_) + _a3_);{'d0': {'_a1_': -0.4639958976449564, '_a2_': 3.161407974682562, '_a3_': -0.3194052473542771, '_a7_': -0.21202674836397872, '_a0_': 1.0, '_a4_': 1.0, '_a5_': 1.0, '_a6_': 1.0}};{'d0': 0.036281008076386685};-253.903979024421;38.69611557439939
1906;-82.6566953886465;((pow3(-(((x / _a1_) * _a6_))) * _a7_) + (-(((x + (_a1_ ** x)) * x)) * _a6_));{'d0': {'_a1_': 1.2054409365494554, '_a6_': -1.7748137171814644, '_a7_': 1.0488595704872148, '_a0_': 1.0, '_a2_': 1.0, '_a3_': 1.0, '_a4_': 1.0, '_a5_': 1.0}};{'d0': 0.02491139433238372};-280.556470088073;57.621539655389945
1907;-82.6566953886465;((pow3(-(((x / _a1_) * _a6_))) * _a7_) + (-(((x + (_a1_ ** x)) * x)) * _a6_));{'d0': {'_a1_': 1.2054409365494554, '_a6_': -1.7748137171814644, '_a7_': 1.0488595704872148, '_a0_': 1.0, '_a2_': 1.0, '_a3_': 1.0, '_a4_': 1.0, '_a5_': 1.0}};{'d0': 0.02491139433238372};-280.556470088073;57.621539655389945
1908;-82.6566953886465;((pow3(-(((x / _a1_) * _a6_))) * _a7_) + (-(((x + (_a1_ ** x)) * x)) * _a6_));{'d0': {'_a1_': 1.2054409365494554, '_a6_': -1.7748137171814644, '_a7_': 1.0488595704872148, '_a0_': 1.0, '_a2_': 1.0, '_a3_': 1.0, '_a4_': 1.0, '_a5_': 1.0}};{'d0': 0.02491139433238372};-280.556470088073;57.621539655389945
1909;-82.6566953886466;((pow3(-(((x / _a1_) * _a1_))) * _a7_) + (-(((x + (_a1_ ** x)) * x)) * _a6_));{'d0': {'_a1_': 1.2054409336206209, '_a6_': -1.7748137182508597, '_a7_': -3.3476332043335457, '_a0_': 1.0, '_a2_': 1.0, '_a3_': 1.0, '_a4_': 1.0, '_a5_': 1.0}};{'d0': 0.02491139433238364};-280.556470088073;57.621539655389945
1910;-82.6566953886466;((pow3(-(((x / _a1_) * _a1_))) * _a7_) + (-(((x + (_a1_ ** x)) * x)) * _a6_));{'d0': {'_a1_': 1.2054409336206209, '_a6_': -1.7748137182508597, '_a7_': -3.3476332043335457, '_a0_': 1.0, '_a2_': 1.0, '_a3_': 1.0, '_a4_': 1.0, '_a5_': 1.0}};{'d0': 0.02491139433238364};-280.556470088073;57.621539655389945
1911;-82.6566953886466;((pow3(-(((x / _a1_) * _a1_))) * _a7_) + (-(((x + (_a1_ ** x)) * x)) * _a6_));{'d0': {'_a1_': 1.2054409336206209, '_a6_': -1.7748137182508597, '_a7_': -3.3476332043335457, '_a0_': 1.0, '_a2_': 1.0, '_a3_': 1.0, '_a4_': 1.0, '_a5_': 1.0}};{'d0': 0.02491139433238364};-280.556470088073;57.621539655389945
1912;-82.6633935691318;((pow3(-(((x / _a1_) * _a1_))) * _a7_) + (-(((x + (_a1_ ** _a7_)) * x)) * _a6_));{'d0': {'_a1_': 1.0520098041775192, '_a6_': -2.1066240695065144, '_a7_': -3.3767608803302216, '_a0_': 1.0, '_a2_': 1.0, '_a3_': 1.0, '_a4_': 1.0, '_a5_': 1.0}};{'d0': 0.02490583291941663};-280.569866449044;57.621539655389945
1913;-82.6633935691318;((pow3(-(((x / _a1_) * _a1_))) * _a7_) + (-(((x + (_a1_ ** _a7_)) * x)) * _a6_));{'d0': {'_a1_': 1.0520098041775192, '_a6_': -2.1066240695065144, '_a7_': -3.3767608803302216, '_a0_': 1.0, '_a2_': 1.0, '_a3_': 1.0, '_a4_': 1.0, '_a5_': 1.0}};{'d0': 0.02490583291941663};-280.569866449044;57.621539655389945
1914;-87.2797696341208;((pow3(-(((x / _a1_) * _a1_))) * _a7_) + (-(((x + _a5_) * x)) * _a6_));{'d0': {'_a5_': 0.8426446045763991, '_a6_': -2.106624067461589, '_a7_': -3.376760877583306, '_a0_': 1.0, '_a1_': 1.0, '_a2_': 1.0, '_a3_': 1.0, '_a4_': 1.0}};{'d0': 0.024905832919416622};-276.475521886822;50.957991309289945
1915;-87.2797696341208;((pow3(-(((x / _a1_) * _a1_))) * _a7_) + (-(((x + _a5_) * x)) * _a6_));{'d0': {'_a5_': 0.8426446045763991, '_a6_': -2.106624067461589, '_a7_': -3.376760877583306, '_a0_': 1.0, '_a1_': 1.0, '_a2_': 1.0, '_a3_': 1.0, '_a4_': 1.0}};{'d0': 0.024905832919416622};-276.475521886822;50.957991309289945
1916;-87.2797696341208;((pow3(-(((x / _a1_) * _a1_))) * _a7_) + (-(((x + _a5_) * x)) * _a6_));{'d0': {'_a5_': 0.8426446045763991, '_a6_': -2.106624067461589, '_a7_': -3.376760877583306, '_a0_': 1.0, '_a1_': 1.0, '_a2_': 1.0, '_a3_': 1.0, '_a4_': 1.0}};{'d0': 0.024905832919416622};-276.475521886822;50.957991309289945
1917;-87.2797696341208;((pow3(-(((x / _a1_) * _a1_))) * _a7_) + (-(((x + _a5_) * x)) * _a6_));{'d0': {'_a5_': 0.8426446045763991, '_a6_': -2.106624067461589, '_a7_': -3.376760877583306, '_a0_': 1.0, '_a1_': 1.0, '_a2_': 1.0, '_a3_': 1.0, '_a4_': 1.0}};{'d0': 0.024905832919416622};-276.475521886822;50.957991309289945
1918;-87.2797696341208;((pow3(-(((x / _a1_) * _a1_))) * _a7_) + (-(((x + _a5_) * x)) * _a6_));{'d0': {'_a5_': 0.8426446045763991, '_a6_': -2.106624067461589, '_a7_': -3.376760877583306, '_a0_': 1.0, '_a1_': 1.0, '_a2_': 1.0, '_a3_': 1.0, '_a4_': 1.0}};{'d0': 0.024905832919416622};-276.475521886822;50.957991309289945
1919;-81.5516400358811;((pow3(-(((x / -(_a3_)) * _a1_))) * _a7_) + (-(((x + _a5_) * x)) * _a6_));{'d0': {'_a1_': -1.2806343952718835, '_a3_': 2.0446706818458154, '_a5_': 0.8426446038714159, '_a6_': -2.106624069110036, '_a7_': -13.743422182113465, '_a0_': 1.0, '_a2_': 1.0, '_a4_': 1.0}};{'d0': 0.02490583292013618};-272.381177322866;54.6389486255519
1920;-81.5516400358811;((pow3(-(((x / -(_a3_)) * _a1_))) * _a7_) + (-(((x + _a5_) * x)) * _a6_));{'d0': {'_a1_': -1.2806343952718835, '_a3_': 2.0446706818458154, '_a5_': 0.8426446038714159, '_a6_': -2.106624069110036, '_a7_': -13.743422182113465, '_a0_': 1.0, '_a2_': 1.0, '_a4_': 1.0}};{'d0': 0.02490583292013618};-272.381177322866;54.6389486255519
1921;-81.5516400358811;((pow3(-(((x / -(_a3_)) * _a1_))) * _a7_) + (-(((x + _a5_) * x)) * _a6_));{'d0': {'_a1_': -1.2806343952718835, '_a3_': 2.0446706818458154, '_a5_': 0.8426446038714159, '_a6_': -2.106624069110036, '_a7_': -13.743422182113465, '_a0_': 1.0, '_a2_': 1.0, '_a4_': 1.0}};{'d0': 0.02490583292013618};-272.381177322866;54.6389486255519
1922;-81.5516400358811;((pow3(-(((x / -(_a3_)) * _a1_))) * _a7_) + (-(((x + _a5_) * x)) * _a6_));{'d0': {'_a1_': -1.2806343952718835, '_a3_': 2.0446706818458154, '_a5_': 0.8426446038714159, '_a6_': -2.106624069110036, '_a7_': -13.743422182113465, '_a0_': 1.0, '_a2_': 1.0, '_a4_': 1.0}};{'d0': 0.02490583292013618};-272.381177322866;54.6389486255519
1923;-81.5516400358811;((pow3(-(((x / -(_a3_)) * _a1_))) * _a7_) + (-(((x + _a5_) * x)) * _a6_));{'d0': {'_a1_': -1.2806343952718835, '_a3_': 2.0446706818458154, '_a5_': 0.8426446038714159, '_a6_': -2.106624069110036, '_a7_': -13.743422182113465, '_a0_': 1.0, '_a2_': 1.0, '_a4_': 1.0}};{'d0': 0.02490583292013618};-272.381177322866;54.6389486255519
1924;-81.5516400358811;((pow3(-(((x / -(_a3_)) * _a1_))) * _a7_) + (-(((x + _a5_) * x)) * _a6_));{'d0': {'_a1_': -1.2806343952718835, '_a3_': 2.0446706818458154, '_a5_': 0.8426446038714159, '_a6_': -2.106624069110036, '_a7_': -13.743422182113465, '_a0_': 1.0, '_a2_': 1.0, '_a4_': 1.0}};{'d0': 0.02490583292013618};-272.381177322866;54.6389486255519
1925;-81.5516400358811;((pow3(-(((x / -(_a3_)) * _a1_))) * _a7_) + (-(((x + _a5_) * x)) * _a6_));{'d0': {'_a1_': -1.2806343952718835, '_a3_': 2.0446706818458154, '_a5_': 0.8426446038714159, '_a6_': -2.106624069110036, '_a7_': -13.743422182113465, '_a0_': 1.0, '_a2_': 1.0, '_a4_': 1.0}};{'d0': 0.02490583292013618};-272.381177322866;54.6389486255519
1926;-81.5516400358811;((pow3(-(((x / -(_a3_)) * _a1_))) * _a7_) + (-(((x + _a5_) * x)) * _a6_));{'d0': {'_a1_': -1.2806343952718835, '_a3_': 2.0446706818458154, '_a5_': 0.8426446038714159, '_a6_': -2.106624069110036, '_a7_': -13.743422182113465, '_a0_': 1.0, '_a2_': 1.0, '_a4_': 1.0}};{'d0': 0.02490583292013618};-272.381177322866;54.6389486255519
1927;-84.5754216995490;((sinh(((-(_a2_) * _a7_) + (x * -(_a2_)))) * _a1_) + _a3_);{'d0': {'_a1_': -0.46399591341352314, '_a2_': 3.1614079235558776, '_a3_': -0.3194052505235396, '_a7_': 0.2120267490466401, '_a0_': 1.0, '_a4_': 1.0, '_a5_': 1.0, '_a6_': 1.0}};{'d0': 0.036281008076387844};-253.903979024419;42.37656781266056
1928;-84.5754216995490;((sinh(((-(_a2_) * _a7_) + (x * -(_a2_)))) * _a1_) + _a3_);{'d0': {'_a1_': -0.46399591341352314, '_a2_': 3.1614079235558776, '_a3_': -0.3194052505235396, '_a7_': 0.2120267490466401, '_a0_': 1.0, '_a4_': 1.0, '_a5_': 1.0, '_a6_': 1.0}};{'d0': 0.036281008076387844};-253.903979024419;42.37656781266056
1929;-84.5754216995490;((sinh(((-(_a2_) * _a7_) + (x * -(_a2_)))) * _a1_) + _a3_);{'d0': {'_a1_': -0.46399591341352314, '_a2_': 3.1614079235558776, '_a3_': -0.3194052505235396, '_a7_': 0.2120267490466401, '_a0_': 1.0, '_a4_': 1.0, '_a5_': 1.0, '_a6_': 1.0}};{'d0': 0.036281008076387844};-253.903979024419;42.37656781266056
1930;-84.5754216995490;((sinh(((-(_a2_) * _a7_) + (x * -(_a2_)))) * _a1_) + _a3_);{'d0': {'_a1_': -0.46399591341352314, '_a2_': 3.1614079235558776, '_a3_': -0.3194052505235396, '_a7_': 0.2120267490466401, '_a0_': 1.0, '_a4_': 1.0, '_a5_': 1.0, '_a6_': 1.0}};{'d0': 0.036281008076387844};-253.903979024419;42.37656781266056
1931;-84.5754216995490;((sinh(((-(_a2_) * _a7_) + (x * -(_a2_)))) * _a1_) + _a3_);{'d0': {'_a1_': -0.46399591341352314, '_a2_': 3.1614079235558776, '_a3_': -0.3194052505235396, '_a7_': 0.2120267490466401, '_a0_': 1.0, '_a4_': 1.0, '_a5_': 1.0, '_a6_': 1.0}};{'d0': 0.036281008076387844};-253.903979024419;42.37656781266056
1932;-84.5754216995501;((sinh(((-(_a2_) * _a7_) + (x * -(_a2_)))) * _a4_) + _a3_);{'d0': {'_a2_': 3.1614079633933807, '_a3_': -0.3194052491582855, '_a4_': -0.4639959012261472, '_a7_': 0.21202674887790382, '_a0_': 1.0, '_a1_': 1.0, '_a5_': 1.0, '_a6_': 1.0}};{'d0': 0.036281008076386526};-253.903979024421;42.37656781266056
1933;-84.5754216995501;((sinh(((-(_a2_) * _a7_) + (x * -(_a2_)))) * _a4_) + _a3_);{'d0': {'_a2_': 3.1614079633933807, '_a3_': -0.3194052491582855, '_a4_': -0.4639959012261472, '_a7_': 0.21202674887790382, '_a0_': 1.0, '_a1_': 1.0, '_a5_': 1.0, '_a6_': 1.0}};{'d0': 0.036281008076386526};-253.903979024421;42.37656781266056
1934;-84.5754216995501;((sinh(((-(_a2_) * _a7_) + (x * -(_a2_)))) * _a4_) + _a3_);{'d0': {'_a2_': 3.1614079633933807, '_a3_': -0.3194052491582855, '_a4_': -0.4639959012261472, '_a7_': 0.21202674887790382, '_a0_': 1.0, '_a1_': 1.0, '_a5_': 1.0, '_a6_': 1.0}};{'d0': 0.036281008076386526};-253.903979024421;42.37656781266056
1935;-84.5754216995501;((sinh(((-(_a2_) * _a7_) + (x * -(_a2_)))) * _a4_) + _a3_);{'d0': {'_a2_': 3.1614079633933807, '_a3_': -0.3194052491582855, '_a4_': -0.4639959012261472, '_a7_': 0.21202674887790382, '_a0_': 1.0, '_a1_': 1.0, '_a5_': 1.0, '_a6_': 1.0}};{'d0': 0.036281008076386526};-253.903979024421;42.37656781266056
1936;-83.5988123176688;((pow3(-(((x / -(_a3_)) * _a7_))) * _a7_) + (-(((x + _a5_) * x)) * _a6_));{'d0': {'_a3_': 5.132872588427925, '_a5_': 0.8426446036676086, '_a6_': -2.1066240695925256, '_a7_': -4.6226971816689115, '_a0_': 1.0, '_a1_': 1.0, '_a2_': 1.0, '_a4_': 1.0}};{'d0': 0.024905832919574378};-276.475521886441;54.6389486255519
1937;-83.5988123176688;((pow3(-(((x / -(_a3_)) * _a7_))) * _a7_) + (-(((x + _a5_) * x)) * _a6_));{'d0': {'_a3_': 5.132872588427925, '_a5_': 0.8426446036676086, '_a6_': -2.1066240695925256, '_a7_': -4.6226971816689115, '_a0_': 1.0, '_a1_': 1.0, '_a2_': 1.0, '_a4_': 1.0}};{'d0': 0.024905832919574378};-276.475521886441;54.6389486255519
1938;-83.5988123176688;((pow3(-(((x / -(_a3_)) * _a7_))) * _a7_) + (-(((x + _a5_) * x)) * _a6_));{'d0': {'_a3_': 5.132872588427925, '_a5_': 0.8426446036676086, '_a6_': -2.1066240695925256, '_a7_': -4.6226971816689115, '_a0_': 1.0, '_a1_': 1.0, '_a2_': 1.0, '_a4_': 1.0}};{'d0': 0.024905832919574378};-276.475521886441;54.6389486255519
1939;-83.5988123176688;((pow3(-(((x / -(_a3_)) * _a7_))) * _a7_) + (-(((x + _a5_) * x)) * _a6_));{'d0': {'_a3_': 5.132872588427925, '_a5_': 0.8426446036676086, '_a6_': -2.1066240695925256, '_a7_': -4.6226971816689115, '_a0_': 1.0, '_a1_': 1.0, '_a2_': 1.0, '_a4_': 1.0}};{'d0': 0.024905832919574378};-276.475521886441;54.6389486255519
1940;-83.5988123176688;((pow3(-(((x / -(_a3_)) * _a7_))) * _a7_) + (-(((x + _a5_) * x)) * _a6_));{'d0': {'_a3_': 5.132872588427925, '_a5_': 0.8426446036676086, '_a6_': -2.1066240695925256, '_a7_': -4.6226971816689115, '_a0_': 1.0, '_a1_': 1.0, '_a2_': 1.0, '_a4_': 1.0}};{'d0': 0.024905832919574378};-276.475521886441;54.6389486255519
1941;-83.5988123176688;((pow3(-(((x / -(_a3_)) * _a7_))) * _a7_) + (-(((x + _a5_) * x)) * _a6_));{'d0': {'_a3_': 5.132872588427925, '_a5_': 0.8426446036676086, '_a6_': -2.1066240695925256, '_a7_': -4.6226971816689115, '_a0_': 1.0, '_a1_': 1.0, '_a2_': 1.0, '_a4_': 1.0}};{'d0': 0.024905832919574378};-276.475521886441;54.6389486255519
1942;-83.5988123176688;((pow3(-(((x / -(_a3_)) * _a7_))) * _a7_) + (-(((x + _a5_) * x)) * _a6_));{'d0': {'_a3_': 5.132872588427925, '_a5_': 0.8426446036676086, '_a6_': -2.1066240695925256, '_a7_': -4.6226971816689115, '_a0_': 1.0, '_a1_': 1.0, '_a2_': 1.0, '_a4_': 1.0}};{'d0': 0.024905832919574378};-276.475521886441;54.6389486255519
1943;-83.5988123176688;((pow3(-(((x / -(_a3_)) * _a7_))) * _a7_) + (-(((x + _a5_) * x)) * _a6_));{'d0': {'_a3_': 5.132872588427925, '_a5_': 0.8426446036676086, '_a6_': -2.1066240695925256, '_a7_': -4.6226971816689115, '_a0_': 1.0, '_a1_': 1.0, '_a2_': 1.0, '_a4_': 1.0}};{'d0': 0.024905832919574378};-276.475521886441;54.6389486255519
1944;-83.5988123176688;((pow3(-(((x / -(_a3_)) * _a7_))) * _a7_) + (-(((x + _a5_) * x)) * _a6_));{'d0': {'_a3_': 5.132872588427925, '_a5_': 0.8426446036676086, '_a6_': -2.1066240695925256, '_a7_': -4.6226971816689115, '_a0_': 1.0, '_a1_': 1.0, '_a2_': 1.0, '_a4_': 1.0}};{'d0': 0.024905832919574378};-276.475521886441;54.6389486255519
1945;-87.2797696312661;((pow3(-(((x / _a1_) * _a7_))) * _a7_) + (-(((x + _a5_) * x)) * _a6_));{'d0': {'_a1_': -0.008608121807113856, '_a5_': 0.842644603980929, '_a6_': -2.10662406883615, '_a7_': 0.038309492567183356, '_a0_': 1.0, '_a2_': 1.0, '_a3_': 1.0, '_a4_': 1.0}};{'d0': 0.024905832921786553};-276.475521881112;50.957991309289945
1946;-87.2797696312661;((pow3(-(((x / _a1_) * _a7_))) * _a7_) + (-(((x + _a5_) * x)) * _a6_));{'d0': {'_a1_': -0.008608121807113856, '_a5_': 0.842644603980929, '_a6_': -2.10662406883615, '_a7_': 0.038309492567183356, '_a0_': 1.0, '_a2_': 1.0, '_a3_': 1.0, '_a4_': 1.0}};{'d0': 0.024905832921786553};-276.475521881112;50.957991309289945
1947;-87.2797696312661;((pow3(-(((x / _a1_) * _a7_))) * _a7_) + (-(((x + _a5_) * x)) * _a6_));{'d0': {'_a1_': -0.008608121807113856, '_a5_': 0.842644603980929, '_a6_': -2.10662406883615, '_a7_': 0.038309492567183356, '_a0_': 1.0, '_a2_': 1.0, '_a3_': 1.0, '_a4_': 1.0}};{'d0': 0.024905832921786553};-276.475521881112;50.957991309289945
1948;-87.2797696312661;((pow3(-(((x / _a1_) * _a7_))) * _a7_) + (-(((x + _a5_) * x)) * _a6_));{'d0': {'_a1_': -0.008608121807113856, '_a5_': 0.842644603980929, '_a6_': -2.10662406883615, '_a7_': 0.038309492567183356, '_a0_': 1.0, '_a2_': 1.0, '_a3_': 1.0, '_a4_': 1.0}};{'d0': 0.024905832921786553};-276.475521881112;50.957991309289945
1949;-87.2797696312661;((pow3(-(((x / _a1_) * _a7_))) * _a7_) + (-(((x + _a5_) * x)) * _a6_));{'d0': {'_a1_': -0.008608121807113856, '_a5_': 0.842644603980929, '_a6_': -2.10662406883615, '_a7_': 0.038309492567183356, '_a0_': 1.0, '_a2_': 1.0, '_a3_': 1.0, '_a4_': 1.0}};{'d0': 0.024905832921786553};-276.475521881112;50.957991309289945
1950;-87.2797696312661;((pow3(-(((x / _a1_) * _a7_))) * _a7_) + (-(((x + _a5_) * x)) * _a6_));{'d0': {'_a1_': -0.008608121807113856, '_a5_': 0.842644603980929, '_a6_': -2.10662406883615, '_a7_': 0.038309492567183356, '_a0_': 1.0, '_a2_': 1.0, '_a3_': 1.0, '_a4_': 1.0}};{'d0': 0.024905832921786553};-276.475521881112;50.957991309289945
1951;-87.2797696312661;((pow3(-(((x / _a1_) * _a7_))) * _a7_) + (-(((x + _a5_) * x)) * _a6_));{'d0': {'_a1_': -0.008608121807113856, '_a5_': 0.842644603980929, '_a6_': -2.10662406883615, '_a7_': 0.038309492567183356, '_a0_': 1.0, '_a2_': 1.0, '_a3_': 1.0, '_a4_': 1.0}};{'d0': 0.024905832921786553};-276.475521881112;50.957991309289945
1952;-87.2797696312661;((pow3(-(((x / _a1_) * _a7_))) * _a7_) + (-(((x + _a5_) * x)) * _a6_));{'d0': {'_a1_': -0.008608121807113856, '_a5_': 0.842644603980929, '_a6_': -2.10662406883615, '_a7_': 0.038309492567183356, '_a0_': 1.0, '_a2_': 1.0, '_a3_': 1.0, '_a4_': 1.0}};{'d0': 0.024905832921786553};-276.475521881112;50.957991309289945
1953;-87.2797696312661;((pow3(-(((x / _a1_) * _a7_))) * _a7_) + (-(((x + _a5_) * x)) * _a6_));{'d0': {'_a1_': -0.008608121807113856, '_a5_': 0.842644603980929, '_a6_': -2.10662406883615, '_a7_': 0.038309492567183356, '_a0_': 1.0, '_a2_': 1.0, '_a3_': 1.0, '_a4_': 1.0}};{'d0': 0.024905832921786553};-276.475521881112;50.957991309289945
1954;-83.5988123169494;((pow3(-(((x / _a1_) * _a7_))) * _a7_) + (-(((x + _a5_) * -(x))) * _a6_));{'d0': {'_a1_': -0.022228677887535533, '_a5_': 0.8426446044435152, '_a6_': 2.1066240678647863, '_a7_': 0.07803875145890946, '_a0_': 1.0, '_a2_': 1.0, '_a3_': 1.0, '_a4_': 1.0}};{'d0': 0.024905832920171678};-276.475521885003;54.6389486255519
1955;-83.5988123153905;((pow3(-(((x / _a1_) * _a5_))) * _a7_) + (-(((x + _a5_) * -(x))) * _a6_));{'d0': {'_a1_': 1.591551728704769, '_a5_': 0.8426446039871562, '_a6_': 2.1066240687818736, '_a7_': -22.752502878397934, '_a0_': 1.0, '_a2_': 1.0, '_a3_': 1.0, '_a4_': 1.0}};{'d0': 0.024905832921465875};-276.475521881885;54.6389486255519
1956;-83.5988123153905;((pow3(-(((x / _a1_) * _a5_))) * _a7_) + (-(((x + _a5_) * -(x))) * _a6_));{'d0': {'_a1_': 1.591551728704769, '_a5_': 0.8426446039871562, '_a6_': 2.1066240687818736, '_a7_': -22.752502878397934, '_a0_': 1.0, '_a2_': 1.0, '_a3_': 1.0, '_a4_': 1.0}};{'d0': 0.024905832921465875};-276.475521881885;54.6389486255519
1957;-83.5988123051617;((pow3(-(((x / _a1_) * _a5_))) * _a0_) + (-(((x + _a5_) * -(x))) * _a6_));{'d0': {'_a0_': -1319.1358651885585, '_a1_': 6.15990820090447, '_a5_': 0.8426446043390441, '_a6_': 2.1066240683674944, '_a2_': 1.0, '_a3_': 1.0, '_a4_': 1.0, '_a7_': 1.0}};{'d0': 0.024905832929957693};-276.475521861427;54.6389486255519
1958;-83.5988123051617;((pow3(-(((x / _a1_) * _a5_))) * _a0_) + (-(((x + _a5_) * -(x))) * _a6_));{'d0': {'_a0_': -1319.1358651885585, '_a1_': 6.15990820090447, '_a5_': 0.8426446043390441, '_a6_': 2.1066240683674944, '_a2_': 1.0, '_a3_': 1.0, '_a4_': 1.0, '_a7_': 1.0}};{'d0': 0.024905832929957693};-276.475521861427;54.6389486255519
1959;-83.5988123051617;((pow3(-(((x / _a1_) * _a5_))) * _a0_) + (-(((x + _a5_) * -(x))) * _a6_));{'d0': {'_a0_': -1319.1358651885585, '_a1_': 6.15990820090447, '_a5_': 0.8426446043390441, '_a6_': 2.1066240683674944, '_a2_': 1.0, '_a3_': 1.0, '_a4_': 1.0, '_a7_': 1.0}};{'d0': 0.024905832929957693};-276.475521861427;54.6389486255519
1960;-83.5988123051617;((pow3(-(((x / _a1_) * _a5_))) * _a0_) + (-(((x + _a5_) * -(x))) * _a6_));{'d0': {'_a0_': -1319.1358651885585, '_a1_': 6.15990820090447, '_a5_': 0.8426446043390441, '_a6_': 2.1066240683674944, '_a2_': 1.0, '_a3_': 1.0, '_a4_': 1.0, '_a7_': 1.0}};{'d0': 0.024905832929957693};-276.475521861427;54.6389486255519
1961;-83.5988123051617;((pow3(-(((x / _a1_) * _a5_))) * _a0_) + (-(((x + _a5_) * -(x))) * _a6_));{'d0': {'_a0_': -1319.1358651885585, '_a1_': 6.15990820090447, '_a5_': 0.8426446043390441, '_a6_': 2.1066240683674944, '_a2_': 1.0, '_a3_': 1.0, '_a4_': 1.0, '_a7_': 1.0}};{'d0': 0.024905832929957693};-276.475521861427;54.6389486255519
1962;-83.5988123051617;((pow3(-(((x / _a1_) * _a5_))) * _a0_) + (-(((x + _a5_) * -(x))) * _a6_));{'d0': {'_a0_': -1319.1358651885585, '_a1_': 6.15990820090447, '_a5_': 0.8426446043390441, '_a6_': 2.1066240683674944, '_a2_': 1.0, '_a3_': 1.0, '_a4_': 1.0, '_a7_': 1.0}};{'d0': 0.024905832929957693};-276.475521861427;54.6389486255519
1963;-83.5988123051617;((pow3(-(((x / _a1_) * _a5_))) * _a0_) + (-(((x + _a5_) * -(x))) * _a6_));{'d0': {'_a0_': -1319.1358651885585, '_a1_': 6.15990820090447, '_a5_': 0.8426446043390441, '_a6_': 2.1066240683674944, '_a2_': 1.0, '_a3_': 1.0, '_a4_': 1.0, '_a7_': 1.0}};{'d0': 0.024905832929957693};-276.475521861427;54.6389486255519
1964;-91.4462763653722;((pow3(-((x * _a5_))) * _a0_) + (-(((x + _a5_) * -(x))) * _a6_));{'d0': {'_a0_': -5.643739685610188, '_a5_': 0.8426446048447487, '_a6_': 2.1066240672404284, '_a1_': 1.0, '_a2_': 1.0, '_a3_': 1.0, '_a4_': 1.0, '_a7_': 1.0}};{'d0': 0.024905832919416657};-280.569866449044;48.838656859149495
1965;-91.4462763653722;((pow3(-((x * _a5_))) * _a0_) + (-(((x + _a5_) * -(x))) * _a6_));{'d0': {'_a0_': -5.643739685610188, '_a5_': 0.8426446048447487, '_a6_': 2.1066240672404284, '_a1_': 1.0, '_a2_': 1.0, '_a3_': 1.0, '_a4_': 1.0, '_a7_': 1.0}};{'d0': 0.024905832919416657};-280.569866449044;48.838656859149495
1966;-91.4462763653722;((pow3(-((x * _a5_))) * _a0_) + (-(((x + _a5_) * -(x))) * _a6_));{'d0': {'_a0_': -5.643739685610188, '_a5_': 0.8426446048447487, '_a6_': 2.1066240672404284, '_a1_': 1.0, '_a2_': 1.0, '_a3_': 1.0, '_a4_': 1.0, '_a7_': 1.0}};{'d0': 0.024905832919416657};-280.569866449044;48.838656859149495
1967;-95.1272336816342;((pow3(-((x * _a5_))) * _a0_) + (-(((x + _a5_) * x)) * _a6_));{'d0': {'_a0_': -5.6437396829292235, '_a5_': 0.8426446049502937, '_a6_': -2.106624067017551, '_a1_': 1.0, '_a2_': 1.0, '_a3_': 1.0, '_a4_': 1.0, '_a7_': 1.0}};{'d0': 0.024905832919416646};-280.569866449044;45.15769954288754
1968;-95.1272336816342;((pow3(-((x * _a5_))) * _a0_) + (-(((x + _a5_) * x)) * _a6_));{'d0': {'_a0_': -5.6437396829292235, '_a5_': 0.8426446049502937, '_a6_': -2.106624067017551, '_a1_': 1.0, '_a2_': 1.0, '_a3_': 1.0, '_a4_': 1.0, '_a7_': 1.0}};{'d0': 0.024905832919416646};-280.569866449044;45.15769954288754
1969;-95.1272336816342;((pow3(-((x * _a5_))) * _a0_) + (-(((x + _a5_) * x)) * _a6_));{'d0': {'_a0_': -5.6437396829292235, '_a5_': 0.8426446049502937, '_a6_': -2.106624067017551, '_a1_': 1.0, '_a2_': 1.0, '_a3_': 1.0, '_a4_': 1.0, '_a7_': 1.0}};{'d0': 0.024905832919416646};-280.569866449044;45.15769954288754
1970;-95.1272336816342;((pow3(-((x * _a5_))) * _a0_) + (-(((x + _a5_) * x)) * _a6_));{'d0': {'_a0_': -5.6437396829292235, '_a5_': 0.8426446049502937, '_a6_': -2.106624067017551, '_a1_': 1.0, '_a2_': 1.0, '_a3_': 1.0, '_a4_': 1.0, '_a7_': 1.0}};{'d0': 0.024905832919416646};-280.569866449044;45.15769954288754
1971;-95.1272336816342;((pow3(-((x * _a5_))) * _a0_) + (-(((x + _a5_) * x)) * _a6_));{'d0': {'_a0_': -5.6437396829292235, '_a5_': 0.8426446049502937, '_a6_': -2.106624067017551, '_a1_': 1.0, '_a2_': 1.0, '_a3_': 1.0, '_a4_': 1.0, '_a7_': 1.0}};{'d0': 0.024905832919416646};-280.569866449044;45.15769954288754
1972;-95.1272336816342;((pow3(-((x * _a5_))) * _a0_) + (-(((x + _a5_) * x)) * _a6_));{'d0': {'_a0_': -5.6437396829292235, '_a5_': 0.8426446049502937, '_a6_': -2.106624067017551, '_a1_': 1.0, '_a2_': 1.0, '_a3_': 1.0, '_a4_': 1.0, '_a7_': 1.0}};{'d0': 0.024905832919416646};-280.569866449044;45.15769954288754
1973;-95.1272336816342;((pow3(-((x * _a5_))) * _a0_) + (-(((x + _a5_) * x)) * _a6_));{'d0': {'_a0_': -5.6437396829292235, '_a5_': 0.8426446049502937, '_a6_': -2.106624067017551, '_a1_': 1.0, '_a2_': 1.0, '_a3_': 1.0, '_a4_': 1.0, '_a7_': 1.0}};{'d0': 0.024905832919416646};-280.569866449044;45.15769954288754
1974;-95.1272336816342;((pow3(-((x * _a5_))) * _a0_) + (-(((x + _a5_) * x)) * _a6_));{'d0': {'_a0_': -5.6437396829292235, '_a5_': 0.8426446049502937, '_a6_': -2.106624067017551, '_a1_': 1.0, '_a2_': 1.0, '_a3_': 1.0, '_a4_': 1.0, '_a7_': 1.0}};{'d0': 0.024905832919416646};-280.569866449044;45.15769954288754
1975;-95.1272336816342;((pow3(-((x * _a5_))) * _a0_) + (-(((x + _a5_) * x)) * _a6_));{'d0': {'_a0_': -5.6437396829292235, '_a5_': 0.8426446049502937, '_a6_': -2.106624067017551, '_a1_': 1.0, '_a2_': 1.0, '_a3_': 1.0, '_a4_': 1.0, '_a7_': 1.0}};{'d0': 0.024905832919416646};-280.569866449044;45.15769954288754
1976;-95.1272336816342;((pow3(-((x * _a5_))) * _a0_) + (-(((x + _a5_) * x)) * _a6_));{'d0': {'_a0_': -5.6437396829292235, '_a5_': 0.8426446049502937, '_a6_': -2.106624067017551, '_a1_': 1.0, '_a2_': 1.0, '_a3_': 1.0, '_a4_': 1.0, '_a7_': 1.0}};{'d0': 0.024905832919416646};-280.569866449044;45.15769954288754
1977;-95.1272336816342;((pow3(-((x * _a5_))) * _a0_) + (-(((x + _a5_) * x)) * _a6_));{'d0': {'_a0_': -5.6437396829292235, '_a5_': 0.8426446049502937, '_a6_': -2.106624067017551, '_a1_': 1.0, '_a2_': 1.0, '_a3_': 1.0, '_a4_': 1.0, '_a7_': 1.0}};{'d0': 0.024905832919416646};-280.569866449044;45.15769954288754
1978;-95.1272336816342;((pow3(-((x * _a5_))) * _a0_) + (-(((x + _a5_) * x)) * _a6_));{'d0': {'_a0_': -5.6437396829292235, '_a5_': 0.8426446049502937, '_a6_': -2.106624067017551, '_a1_': 1.0, '_a2_': 1.0, '_a3_': 1.0, '_a4_': 1.0, '_a7_': 1.0}};{'d0': 0.024905832919416646};-280.569866449044;45.15769954288754
1979;-95.1272336816342;((pow3(-((x * _a5_))) * _a0_) + (-(((x + _a5_) * x)) * _a6_));{'d0': {'_a0_': -5.6437396829292235, '_a5_': 0.8426446049502937, '_a6_': -2.106624067017551, '_a1_': 1.0, '_a2_': 1.0, '_a3_': 1.0, '_a4_': 1.0, '_a7_': 1.0}};{'d0': 0.024905832919416646};-280.569866449044;45.15769954288754
1980;-95.1272336816342;((pow3(-((x * _a5_))) * _a0_) + (-(((x + _a5_) * x)) * _a6_));{'d0': {'_a0_': -5.6437396829292235, '_a5_': 0.8426446049502937, '_a6_': -2.106624067017551, '_a1_': 1.0, '_a2_': 1.0, '_a3_': 1.0, '_a4_': 1.0, '_a7_': 1.0}};{'d0': 0.024905832919416646};-280.569866449044;45.15769954288754
1981;-95.1272336816342;((pow3(-((x * _a5_))) * _a0_) + (-(((x + _a5_) * x)) * _a6_));{'d0': {'_a0_': -5.6437396829292235, '_a5_': 0.8426446049502937, '_a6_': -2.106624067017551, '_a1_': 1.0, '_a2_': 1.0, '_a3_': 1.0, '_a4_': 1.0, '_a7_': 1.0}};{'d0': 0.024905832919416646};-280.569866449044;45.15769954288754
1982;-95.1272336816342;((pow3(-((x * _a5_))) * _a0_) + (-(((x + _a5_) * x)) * _a6_));{'d0': {'_a0_': -5.6437396829292235, '_a5_': 0.8426446049502937, '_a6_': -2.106624067017551, '_a1_': 1.0, '_a2_': 1.0, '_a3_': 1.0, '_a4_': 1.0, '_a7_': 1.0}};{'d0': 0.024905832919416646};-280.569866449044;45.15769954288754
1983;-93.7485211914472;((((sqrt((_a0_ ** x)) + pow2(x)) + _a2_) * (x + _a4_)) * _a6_);{'d0': {'_a0_': 4.5570388158889195, '_a2_': -0.36625495808649516, '_a4_': -0.00026216915348079305, '_a6_': 2.7542701028194476, '_a1_': 1.0, '_a3_': 1.0, '_a5_': 1.0, '_a7_': 1.0}};{'d0': 0.026173355867724388};-273.497127174142;43.00004239562399
1984;-93.7485211914472;((((sqrt((_a0_ ** x)) + pow2(x)) + _a2_) * (x + _a4_)) * _a6_);{'d0': {'_a0_': 4.5570388158889195, '_a2_': -0.36625495808649516, '_a4_': -0.00026216915348079305, '_a6_': 2.7542701028194476, '_a1_': 1.0, '_a3_': 1.0, '_a5_': 1.0, '_a7_': 1.0}};{'d0': 0.026173355867724388};-273.497127174142;43.00004239562399
1985;-95.1272336816342;((pow3(-((x * _a5_))) * _a0_) + (-(((x + _a5_) * x)) * _a6_));{'d0': {'_a0_': -5.6437396829292235, '_a5_': 0.8426446049502937, '_a6_': -2.106624067017551, '_a1_': 1.0, '_a2_': 1.0, '_a3_': 1.0, '_a4_': 1.0, '_a7_': 1.0}};{'d0': 0.024905832919416646};-280.569866449044;45.15769954288754
1986;-95.1272336816342;((pow3(-((x * _a5_))) * _a0_) + (-(((x + _a5_) * x)) * _a6_));{'d0': {'_a0_': -5.6437396829292235, '_a5_': 0.8426446049502937, '_a6_': -2.106624067017551, '_a1_': 1.0, '_a2_': 1.0, '_a3_': 1.0, '_a4_': 1.0, '_a7_': 1.0}};{'d0': 0.024905832919416646};-280.569866449044;45.15769954288754
1987;-95.1272336816342;((pow3(-((x * _a5_))) * _a0_) + (-(((x + _a5_) * x)) * _a6_));{'d0': {'_a0_': -5.6437396829292235, '_a5_': 0.8426446049502937, '_a6_': -2.106624067017551, '_a1_': 1.0, '_a2_': 1.0, '_a3_': 1.0, '_a4_': 1.0, '_a7_': 1.0}};{'d0': 0.024905832919416646};-280.569866449044;45.15769954288754
1988;-95.1272336816342;((pow3(-((x * _a5_))) * _a0_) + (-(((x + _a5_) * x)) * _a6_));{'d0': {'_a0_': -5.6437396829292235, '_a5_': 0.8426446049502937, '_a6_': -2.106624067017551, '_a1_': 1.0, '_a2_': 1.0, '_a3_': 1.0, '_a4_': 1.0, '_a7_': 1.0}};{'d0': 0.024905832919416646};-280.569866449044;45.15769954288754
1989;-95.1272336816342;((pow3(-((x * _a5_))) * _a0_) + (-(((x + _a5_) * x)) * _a6_));{'d0': {'_a0_': -5.6437396829292235, '_a5_': 0.8426446049502937, '_a6_': -2.106624067017551, '_a1_': 1.0, '_a2_': 1.0, '_a3_': 1.0, '_a4_': 1.0, '_a7_': 1.0}};{'d0': 0.024905832919416646};-280.569866449044;45.15769954288754
1990;-95.1272336816342;((pow3(-((x * _a5_))) * _a0_) + (-(((x + _a5_) * x)) * _a6_));{'d0': {'_a0_': -5.6437396829292235, '_a5_': 0.8426446049502937, '_a6_': -2.106624067017551, '_a1_': 1.0, '_a2_': 1.0, '_a3_': 1.0, '_a4_': 1.0, '_a7_': 1.0}};{'d0': 0.024905832919416646};-280.569866449044;45.15769954288754
1991;-95.1272336816342;((pow3(-((x * _a5_))) * _a0_) + (-(((x + _a5_) * x)) * _a6_));{'d0': {'_a0_': -5.6437396829292235, '_a5_': 0.8426446049502937, '_a6_': -2.106624067017551, '_a1_': 1.0, '_a2_': 1.0, '_a3_': 1.0, '_a4_': 1.0, '_a7_': 1.0}};{'d0': 0.024905832919416646};-280.569866449044;45.15769954288754
1992;-95.1272336816342;((pow3(-((x * _a5_))) * _a0_) + (-(((x + _a5_) * x)) * _a6_));{'d0': {'_a0_': -5.6437396829292235, '_a5_': 0.8426446049502937, '_a6_': -2.106624067017551, '_a1_': 1.0, '_a2_': 1.0, '_a3_': 1.0, '_a4_': 1.0, '_a7_': 1.0}};{'d0': 0.024905832919416646};-280.569866449044;45.15769954288754
1993;-95.1272336816342;((pow3(-((x * _a5_))) * _a0_) + (-(((x + _a5_) * x)) * _a6_));{'d0': {'_a0_': -5.6437396829292235, '_a5_': 0.8426446049502937, '_a6_': -2.106624067017551, '_a1_': 1.0, '_a2_': 1.0, '_a3_': 1.0, '_a4_': 1.0, '_a7_': 1.0}};{'d0': 0.024905832919416646};-280.569866449044;45.15769954288754
1994;-95.1272336816342;((pow3(-((x * _a5_))) * _a0_) + (-(((x + _a5_) * x)) * _a6_));{'d0': {'_a0_': -5.6437396829292235, '_a5_': 0.8426446049502937, '_a6_': -2.106624067017551, '_a1_': 1.0, '_a2_': 1.0, '_a3_': 1.0, '_a4_': 1.0, '_a7_': 1.0}};{'d0': 0.024905832919416646};-280.569866449044;45.15769954288754
1995;-95.1272336816342;((pow3(-((x * _a5_))) * _a0_) + (-(((x + _a5_) * x)) * _a6_));{'d0': {'_a0_': -5.6437396829292235, '_a5_': 0.8426446049502937, '_a6_': -2.106624067017551, '_a1_': 1.0, '_a2_': 1.0, '_a3_': 1.0, '_a4_': 1.0, '_a7_': 1.0}};{'d0': 0.024905832919416646};-280.569866449044;45.15769954288754
1996;-95.1272336816342;((pow3(-((x * _a5_))) * _a0_) + (-(((x + _a5_) * x)) * _a6_));{'d0': {'_a0_': -5.6437396829292235, '_a5_': 0.8426446049502937, '_a6_': -2.106624067017551, '_a1_': 1.0, '_a2_': 1.0, '_a3_': 1.0, '_a4_': 1.0, '_a7_': 1.0}};{'d0': 0.024905832919416646};-280.569866449044;45.15769954288754
1997;-95.1272336816342;((pow3(-((x * _a5_))) * _a0_) + (-(((x + _a5_) * x)) * _a6_));{'d0': {'_a0_': -5.6437396829292235, '_a5_': 0.8426446049502937, '_a6_': -2.106624067017551, '_a1_': 1.0, '_a2_': 1.0, '_a3_': 1.0, '_a4_': 1.0, '_a7_': 1.0}};{'d0': 0.024905832919416646};-280.569866449044;45.15769954288754
1998;-95.1272336816342;((pow3(-((x * _a5_))) * _a0_) + (-(((x + _a5_) * x)) * _a6_));{'d0': {'_a0_': -5.6437396829292235, '_a5_': 0.8426446049502937, '_a6_': -2.106624067017551, '_a1_': 1.0, '_a2_': 1.0, '_a3_': 1.0, '_a4_': 1.0, '_a7_': 1.0}};{'d0': 0.024905832919416646};-280.569866449044;45.15769954288754
1999;-95.1272336816342;((pow3(-((x * _a5_))) * _a0_) + (-(((x + _a5_) * x)) * _a6_));{'d0': {'_a0_': -5.6437396829292235, '_a5_': 0.8426446049502937, '_a6_': -2.106624067017551, '_a1_': 1.0, '_a2_': 1.0, '_a3_': 1.0, '_a4_': 1.0, '_a7_': 1.0}};{'d0': 0.024905832919416646};-280.569866449044;45.15769954288754
2000;-95.1272336816342;((pow3(-((x * _a5_))) * _a0_) + (-(((x + _a5_) * x)) * _a6_));{'d0': {'_a0_': -5.6437396829292235, '_a5_': 0.8426446049502937, '_a6_': -2.106624067017551, '_a1_': 1.0, '_a2_': 1.0, '_a3_': 1.0, '_a4_': 1.0, '_a7_': 1.0}};{'d0': 0.024905832919416646};-280.569866449044;45.15769954288754
2001;-95.1272336816342;((pow3(-((x * _a5_))) * _a0_) + (-(((x + _a5_) * x)) * _a6_));{'d0': {'_a0_': -5.6437396829292235, '_a5_': 0.8426446049502937, '_a6_': -2.106624067017551, '_a1_': 1.0, '_a2_': 1.0, '_a3_': 1.0, '_a4_': 1.0, '_a7_': 1.0}};{'d0': 0.024905832919416646};-280.569866449044;45.15769954288754
2002;-95.1272336816342;((pow3(-((x * _a5_))) * _a0_) + (-(((x + _a5_) * x)) * _a6_));{'d0': {'_a0_': -5.6437396829292235, '_a5_': 0.8426446049502937, '_a6_': -2.106624067017551, '_a1_': 1.0, '_a2_': 1.0, '_a3_': 1.0, '_a4_': 1.0, '_a7_': 1.0}};{'d0': 0.024905832919416646};-280.569866449044;45.15769954288754
2003;-95.1272336816342;((pow3(-((x * _a5_))) * _a0_) + (-(((x + _a5_) * x)) * _a6_));{'d0': {'_a0_': -5.6437396829292235, '_a5_': 0.8426446049502937, '_a6_': -2.106624067017551, '_a1_': 1.0, '_a2_': 1.0, '_a3_': 1.0, '_a4_': 1.0, '_a7_': 1.0}};{'d0': 0.024905832919416646};-280.569866449044;45.15769954288754
2004;-95.1272336816342;((pow3(-((x * _a5_))) * _a0_) + (-(((x + _a5_) * x)) * _a6_));{'d0': {'_a0_': -5.6437396829292235, '_a5_': 0.8426446049502937, '_a6_': -2.106624067017551, '_a1_': 1.0, '_a2_': 1.0, '_a3_': 1.0, '_a4_': 1.0, '_a7_': 1.0}};{'d0': 0.024905832919416646};-280.569866449044;45.15769954288754
2005;-95.1272336816342;((pow3(-((x * _a5_))) * _a0_) + (-(((x + _a5_) * x)) * _a6_));{'d0': {'_a0_': -5.6437396829292235, '_a5_': 0.8426446049502937, '_a6_': -2.106624067017551, '_a1_': 1.0, '_a2_': 1.0, '_a3_': 1.0, '_a4_': 1.0, '_a7_': 1.0}};{'d0': 0.024905832919416646};-280.569866449044;45.15769954288754
2006;-93.7485211914472;((((sqrt((_a0_ ** x)) + pow2(x)) + _a2_) * (x + _a4_)) * _a6_);{'d0': {'_a0_': 4.5570388158889195, '_a2_': -0.36625495808649516, '_a4_': -0.00026216915348079305, '_a6_': 2.7542701028194476, '_a1_': 1.0, '_a3_': 1.0, '_a5_': 1.0, '_a7_': 1.0}};{'d0': 0.026173355867724388};-273.497127174142;43.00004239562399
2007;-93.7485211914472;((((sqrt((_a0_ ** x)) + pow2(x)) + _a2_) * (x + _a4_)) * _a6_);{'d0': {'_a0_': 4.5570388158889195, '_a2_': -0.36625495808649516, '_a4_': -0.00026216915348079305, '_a6_': 2.7542701028194476, '_a1_': 1.0, '_a3_': 1.0, '_a5_': 1.0, '_a7_': 1.0}};{'d0': 0.026173355867724388};-273.497127174142;43.00004239562399
2008;-93.7485211914472;((((sqrt((_a0_ ** x)) + pow2(x)) + _a2_) * (x + _a4_)) * _a6_);{'d0': {'_a0_': 4.5570388158889195, '_a2_': -0.36625495808649516, '_a4_': -0.00026216915348079305, '_a6_': 2.7542701028194476, '_a1_': 1.0, '_a3_': 1.0, '_a5_': 1.0, '_a7_': 1.0}};{'d0': 0.026173355867724388};-273.497127174142;43.00004239562399
2009;-93.7485211914472;((((sqrt((_a0_ ** x)) + pow2(x)) + _a2_) * (x + _a4_)) * _a6_);{'d0': {'_a0_': 4.5570388158889195, '_a2_': -0.36625495808649516, '_a4_': -0.00026216915348079305, '_a6_': 2.7542701028194476, '_a1_': 1.0, '_a3_': 1.0, '_a5_': 1.0, '_a7_': 1.0}};{'d0': 0.026173355867724388};-273.497127174142;43.00004239562399
2010;-93.7485211914472;((((sqrt((_a0_ ** x)) + pow2(x)) + _a2_) * (x + _a4_)) * _a6_);{'d0': {'_a0_': 4.5570388158889195, '_a2_': -0.36625495808649516, '_a4_': -0.00026216915348079305, '_a6_': 2.7542701028194476, '_a1_': 1.0, '_a3_': 1.0, '_a5_': 1.0, '_a7_': 1.0}};{'d0': 0.026173355867724388};-273.497127174142;43.00004239562399
2011;-93.7485211914472;((((sqrt((_a0_ ** x)) + pow2(x)) + _a2_) * (x + _a4_)) * _a6_);{'d0': {'_a0_': 4.5570388158889195, '_a2_': -0.36625495808649516, '_a4_': -0.00026216915348079305, '_a6_': 2.7542701028194476, '_a1_': 1.0, '_a3_': 1.0, '_a5_': 1.0, '_a7_': 1.0}};{'d0': 0.026173355867724388};-273.497127174142;43.00004239562399
2012;-93.7485211914472;((((sqrt((_a0_ ** x)) + pow2(x)) + _a2_) * (x + _a4_)) * _a6_);{'d0': {'_a0_': 4.5570388158889195, '_a2_': -0.36625495808649516, '_a4_': -0.00026216915348079305, '_a6_': 2.7542701028194476, '_a1_': 1.0, '_a3_': 1.0, '_a5_': 1.0, '_a7_': 1.0}};{'d0': 0.026173355867724388};-273.497127174142;43.00004239562399
2013;-93.7485211914472;((((sqrt((_a0_ ** x)) + pow2(x)) + _a2_) * (x + _a4_)) * _a6_);{'d0': {'_a0_': 4.5570388158889195, '_a2_': -0.36625495808649516, '_a4_': -0.00026216915348079305, '_a6_': 2.7542701028194476, '_a1_': 1.0, '_a3_': 1.0, '_a5_': 1.0, '_a7_': 1.0}};{'d0': 0.026173355867724388};-273.497127174142;43.00004239562399
2014;-93.7485211914472;((((sqrt((_a0_ ** x)) + pow2(x)) + _a2_) * (x + _a4_)) * _a6_);{'d0': {'_a0_': 4.5570388158889195, '_a2_': -0.36625495808649516, '_a4_': -0.00026216915348079305, '_a6_': 2.7542701028194476, '_a1_': 1.0, '_a3_': 1.0, '_a5_': 1.0, '_a7_': 1.0}};{'d0': 0.026173355867724388};-273.497127174142;43.00004239562399
2015;-93.7485211914472;((((sqrt((_a0_ ** x)) + pow2(x)) + _a2_) * (x + _a4_)) * _a6_);{'d0': {'_a0_': 4.5570388158889195, '_a2_': -0.36625495808649516, '_a4_': -0.00026216915348079305, '_a6_': 2.7542701028194476, '_a1_': 1.0, '_a3_': 1.0, '_a5_': 1.0, '_a7_': 1.0}};{'d0': 0.026173355867724388};-273.497127174142;43.00004239562399
2016;-93.7485211914472;((((sqrt((_a0_ ** x)) + pow2(x)) + _a2_) * (x + _a4_)) * _a6_);{'d0': {'_a0_': 4.5570388158889195, '_a2_': -0.36625495808649516, '_a4_': -0.00026216915348079305, '_a6_': 2.7542701028194476, '_a1_': 1.0, '_a3_': 1.0, '_a5_': 1.0, '_a7_': 1.0}};{'d0': 0.026173355867724388};-273.497127174142;43.00004239562399
2017;-93.7485211914472;((((sqrt((_a0_ ** x)) + pow2(x)) + _a2_) * (x + _a4_)) * _a6_);{'d0': {'_a0_': 4.5570388158889195, '_a2_': -0.36625495808649516, '_a4_': -0.00026216915348079305, '_a6_': 2.7542701028194476, '_a1_': 1.0, '_a3_': 1.0, '_a5_': 1.0, '_a7_': 1.0}};{'d0': 0.026173355867724388};-273.497127174142;43.00004239562399
2018;-93.7485211914472;((((sqrt((_a0_ ** x)) + pow2(x)) + _a2_) * (x + _a4_)) * _a6_);{'d0': {'_a0_': 4.5570388158889195, '_a2_': -0.36625495808649516, '_a4_': -0.00026216915348079305, '_a6_': 2.7542701028194476, '_a1_': 1.0, '_a3_': 1.0, '_a5_': 1.0, '_a7_': 1.0}};{'d0': 0.026173355867724388};-273.497127174142;43.00004239562399
2019;-93.7485211914472;((((sqrt((_a0_ ** x)) + pow2(x)) + _a2_) * (x + _a4_)) * _a6_);{'d0': {'_a0_': 4.5570388158889195, '_a2_': -0.36625495808649516, '_a4_': -0.00026216915348079305, '_a6_': 2.7542701028194476, '_a1_': 1.0, '_a3_': 1.0, '_a5_': 1.0, '_a7_': 1.0}};{'d0': 0.026173355867724388};-273.497127174142;43.00004239562399
2020;-93.1328565769463;((sinh((_a0_ + (x * -(_a5_)))) * _a4_) + _a3_);{'d0': {'_a0_': -0.6703030523160958, '_a3_': -0.319405249544944, '_a4_': -0.46399590174173944, '_a5_': 3.1614079618391995, '_a1_': 1.0, '_a2_': 1.0, '_a6_': 1.0, '_a7_': 1.0}};{'d0': 0.03628100807638651};-253.903979024421;33.81913293526439
2021;-93.1328565769463;((sinh((_a0_ + (x * -(_a5_)))) * _a4_) + _a3_);{'d0': {'_a0_': -0.6703030523160958, '_a3_': -0.319405249544944, '_a4_': -0.46399590174173944, '_a5_': 3.1614079618391995, '_a1_': 1.0, '_a2_': 1.0, '_a6_': 1.0, '_a7_': 1.0}};{'d0': 0.03628100807638651};-253.903979024421;33.81913293526439
2022;-93.1328565769463;((sinh((_a0_ + (x * -(_a5_)))) * _a4_) + _a3_);{'d0': {'_a0_': -0.6703030523160958, '_a3_': -0.319405249544944, '_a4_': -0.46399590174173944, '_a5_': 3.1614079618391995, '_a1_': 1.0, '_a2_': 1.0, '_a6_': 1.0, '_a7_': 1.0}};{'d0': 0.03628100807638651};-253.903979024421;33.81913293526439
2023;-92.1371901633570;((sinh((_a0_ + (x * -(_a5_)))) / _a4_) + _a3_);{'d0': {'_a0_': -0.6703030506802001, '_a3_': -0.3194052489688834, '_a4_': -2.1551914436159403, '_a5_': 3.161407957511893, '_a1_': 1.0, '_a2_': 1.0, '_a6_': 1.0, '_a7_': 1.0}};{'d0': 0.03628100807638634};-253.903979024422;34.81479934885379
2024;-92.1371901633570;((sinh((_a0_ + (x * -(_a5_)))) / _a4_) + _a3_);{'d0': {'_a0_': -0.6703030506802001, '_a3_': -0.3194052489688834, '_a4_': -2.1551914436159403, '_a5_': 3.161407957511893, '_a1_': 1.0, '_a2_': 1.0, '_a6_': 1.0, '_a7_': 1.0}};{'d0': 0.03628100807638634};-253.903979024422;34.81479934885379
2025;-92.1371901633570;((sinh((_a0_ + (x * -(_a5_)))) / _a4_) + _a3_);{'d0': {'_a0_': -0.6703030506802001, '_a3_': -0.3194052489688834, '_a4_': -2.1551914436159403, '_a5_': 3.161407957511893, '_a1_': 1.0, '_a2_': 1.0, '_a6_': 1.0, '_a7_': 1.0}};{'d0': 0.03628100807638634};-253.903979024422;34.81479934885379
2026;-92.1371901633570;((sinh((_a0_ + (x * -(_a5_)))) / _a4_) + _a3_);{'d0': {'_a0_': -0.6703030506802001, '_a3_': -0.3194052489688834, '_a4_': -2.1551914436159403, '_a5_': 3.161407957511893, '_a1_': 1.0, '_a2_': 1.0, '_a6_': 1.0, '_a7_': 1.0}};{'d0': 0.03628100807638634};-253.903979024422;34.81479934885379
2027;-92.1371901633570;((sinh((_a0_ + (x * -(_a5_)))) / _a4_) + _a3_);{'d0': {'_a0_': -0.6703030506802001, '_a3_': -0.3194052489688834, '_a4_': -2.1551914436159403, '_a5_': 3.161407957511893, '_a1_': 1.0, '_a2_': 1.0, '_a6_': 1.0, '_a7_': 1.0}};{'d0': 0.03628100807638634};-253.903979024422;34.81479934885379
2028;-92.1371901633570;((sinh((_a0_ + (x * -(_a5_)))) / _a4_) + _a3_);{'d0': {'_a0_': -0.6703030506802001, '_a3_': -0.3194052489688834, '_a4_': -2.1551914436159403, '_a5_': 3.161407957511893, '_a1_': 1.0, '_a2_': 1.0, '_a6_': 1.0, '_a7_': 1.0}};{'d0': 0.03628100807638634};-253.903979024422;34.81479934885379
2029;-92.1371901633570;((sinh((_a0_ + (x * -(_a5_)))) / _a4_) + _a3_);{'d0': {'_a0_': -0.6703030506802001, '_a3_': -0.3194052489688834, '_a4_': -2.1551914436159403, '_a5_': 3.161407957511893, '_a1_': 1.0, '_a2_': 1.0, '_a6_': 1.0, '_a7_': 1.0}};{'d0': 0.03628100807638634};-253.903979024422;34.81479934885379
2030;-92.1371901633570;((sinh((_a0_ + (x * -(_a5_)))) / _a4_) + _a3_);{'d0': {'_a0_': -0.6703030506802001, '_a3_': -0.3194052489688834, '_a4_': -2.1551914436159403, '_a5_': 3.161407957511893, '_a1_': 1.0, '_a2_': 1.0, '_a6_': 1.0, '_a7_': 1.0}};{'d0': 0.03628100807638634};-253.903979024422;34.81479934885379
2031;-92.1371901633570;((sinh((_a0_ + (x * -(_a5_)))) / _a4_) + _a3_);{'d0': {'_a0_': -0.6703030506802001, '_a3_': -0.3194052489688834, '_a4_': -2.1551914436159403, '_a5_': 3.161407957511893, '_a1_': 1.0, '_a2_': 1.0, '_a6_': 1.0, '_a7_': 1.0}};{'d0': 0.03628100807638634};-253.903979024422;34.81479934885379
2032;-92.1371901633570;((sinh((_a0_ + (x * -(_a5_)))) / _a4_) + _a3_);{'d0': {'_a0_': -0.6703030506802001, '_a3_': -0.3194052489688834, '_a4_': -2.1551914436159403, '_a5_': 3.161407957511893, '_a1_': 1.0, '_a2_': 1.0, '_a6_': 1.0, '_a7_': 1.0}};{'d0': 0.03628100807638634};-253.903979024422;34.81479934885379
2033;-92.1371901633570;((sinh((_a0_ + (x * -(_a5_)))) / _a4_) + _a3_);{'d0': {'_a0_': -0.6703030506802001, '_a3_': -0.3194052489688834, '_a4_': -2.1551914436159403, '_a5_': 3.161407957511893, '_a1_': 1.0, '_a2_': 1.0, '_a6_': 1.0, '_a7_': 1.0}};{'d0': 0.03628100807638634};-253.903979024422;34.81479934885379
2034;-92.1371901633570;((sinh((_a0_ + (x * -(_a5_)))) / _a4_) + _a3_);{'d0': {'_a0_': -0.6703030506802001, '_a3_': -0.3194052489688834, '_a4_': -2.1551914436159403, '_a5_': 3.161407957511893, '_a1_': 1.0, '_a2_': 1.0, '_a6_': 1.0, '_a7_': 1.0}};{'d0': 0.03628100807638634};-253.903979024422;34.81479934885379
2035;-92.1371901633570;((sinh((_a0_ + (x * -(_a5_)))) / _a4_) + _a3_);{'d0': {'_a0_': -0.6703030506802001, '_a3_': -0.3194052489688834, '_a4_': -2.1551914436159403, '_a5_': 3.161407957511893, '_a1_': 1.0, '_a2_': 1.0, '_a6_': 1.0, '_a7_': 1.0}};{'d0': 0.03628100807638634};-253.903979024422;34.81479934885379
2036;-92.1371901633570;((sinh((_a0_ + (x * -(_a5_)))) / _a4_) + _a3_);{'d0': {'_a0_': -0.6703030506802001, '_a3_': -0.3194052489688834, '_a4_': -2.1551914436159403, '_a5_': 3.161407957511893, '_a1_': 1.0, '_a2_': 1.0, '_a6_': 1.0, '_a7_': 1.0}};{'d0': 0.03628100807638634};-253.903979024422;34.81479934885379
2037;-92.1371901633570;((sinh((_a0_ + (x * -(_a5_)))) / _a4_) + _a3_);{'d0': {'_a0_': -0.6703030506802001, '_a3_': -0.3194052489688834, '_a4_': -2.1551914436159403, '_a5_': 3.161407957511893, '_a1_': 1.0, '_a2_': 1.0, '_a6_': 1.0, '_a7_': 1.0}};{'d0': 0.03628100807638634};-253.903979024422;34.81479934885379
2038;-92.1371901633570;((sinh((_a0_ + (x * -(_a5_)))) / _a4_) + _a3_);{'d0': {'_a0_': -0.6703030506802001, '_a3_': -0.3194052489688834, '_a4_': -2.1551914436159403, '_a5_': 3.161407957511893, '_a1_': 1.0, '_a2_': 1.0, '_a6_': 1.0, '_a7_': 1.0}};{'d0': 0.03628100807638634};-253.903979024422;34.81479934885379
2039;-92.1371901633570;((sinh((_a0_ + (x * -(_a5_)))) / _a4_) + _a3_);{'d0': {'_a0_': -0.6703030506802001, '_a3_': -0.3194052489688834, '_a4_': -2.1551914436159403, '_a5_': 3.161407957511893, '_a1_': 1.0, '_a2_': 1.0, '_a6_': 1.0, '_a7_': 1.0}};{'d0': 0.03628100807638634};-253.903979024422;34.81479934885379
2040;-92.1371901633570;((sinh((_a0_ + (x * -(_a5_)))) / _a4_) + _a3_);{'d0': {'_a0_': -0.6703030506802001, '_a3_': -0.3194052489688834, '_a4_': -2.1551914436159403, '_a5_': 3.161407957511893, '_a1_': 1.0, '_a2_': 1.0, '_a6_': 1.0, '_a7_': 1.0}};{'d0': 0.03628100807638634};-253.903979024422;34.81479934885379
2041;-92.1371901633570;((sinh((_a0_ + (x * -(_a5_)))) / _a4_) + _a3_);{'d0': {'_a0_': -0.6703030506802001, '_a3_': -0.3194052489688834, '_a4_': -2.1551914436159403, '_a5_': 3.161407957511893, '_a1_': 1.0, '_a2_': 1.0, '_a6_': 1.0, '_a7_': 1.0}};{'d0': 0.03628100807638634};-253.903979024422;34.81479934885379
2042;-92.1371901633570;((sinh((_a0_ + (x * -(_a5_)))) / _a4_) + _a3_);{'d0': {'_a0_': -0.6703030506802001, '_a3_': -0.3194052489688834, '_a4_': -2.1551914436159403, '_a5_': 3.161407957511893, '_a1_': 1.0, '_a2_': 1.0, '_a6_': 1.0, '_a7_': 1.0}};{'d0': 0.03628100807638634};-253.903979024422;34.81479934885379
2043;-92.1371901633570;((sinh((_a0_ + (x * -(_a5_)))) / _a4_) + _a3_);{'d0': {'_a0_': -0.6703030506802001, '_a3_': -0.3194052489688834, '_a4_': -2.1551914436159403, '_a5_': 3.161407957511893, '_a1_': 1.0, '_a2_': 1.0, '_a6_': 1.0, '_a7_': 1.0}};{'d0': 0.03628100807638634};-253.903979024422;34.81479934885379
2044;-92.1371901633570;((sinh((_a0_ + (x * -(_a5_)))) / _a4_) + _a3_);{'d0': {'_a0_': -0.6703030506802001, '_a3_': -0.3194052489688834, '_a4_': -2.1551914436159403, '_a5_': 3.161407957511893, '_a1_': 1.0, '_a2_': 1.0, '_a6_': 1.0, '_a7_': 1.0}};{'d0': 0.03628100807638634};-253.903979024422;34.81479934885379
2045;-92.1371901633570;((sinh((_a0_ + (x * -(_a5_)))) / _a4_) + _a3_);{'d0': {'_a0_': -0.6703030506802001, '_a3_': -0.3194052489688834, '_a4_': -2.1551914436159403, '_a5_': 3.161407957511893, '_a1_': 1.0, '_a2_': 1.0, '_a6_': 1.0, '_a7_': 1.0}};{'d0': 0.03628100807638634};-253.903979024422;34.81479934885379
2046;-92.1371901633570;((sinh((_a0_ + (x * -(_a5_)))) / _a4_) + _a3_);{'d0': {'_a0_': -0.6703030506802001, '_a3_': -0.3194052489688834, '_a4_': -2.1551914436159403, '_a5_': 3.161407957511893, '_a1_': 1.0, '_a2_': 1.0, '_a6_': 1.0, '_a7_': 1.0}};{'d0': 0.03628100807638634};-253.903979024422;34.81479934885379
2047;-92.1371901633570;((sinh((_a0_ + (x * -(_a5_)))) / _a4_) + _a3_);{'d0': {'_a0_': -0.6703030506802001, '_a3_': -0.3194052489688834, '_a4_': -2.1551914436159403, '_a5_': 3.161407957511893, '_a1_': 1.0, '_a2_': 1.0, '_a6_': 1.0, '_a7_': 1.0}};{'d0': 0.03628100807638634};-253.903979024422;34.81479934885379
2048;-92.1371901633570;((sinh((_a0_ + (x * -(_a5_)))) / _a4_) + _a3_);{'d0': {'_a0_': -0.6703030506802001, '_a3_': -0.3194052489688834, '_a4_': -2.1551914436159403, '_a5_': 3.161407957511893, '_a1_': 1.0, '_a2_': 1.0, '_a6_': 1.0, '_a7_': 1.0}};{'d0': 0.03628100807638634};-253.903979024422;34.81479934885379
2049;-92.1371901633570;((sinh((_a0_ + (x * -(_a5_)))) / _a4_) + _a3_);{'d0': {'_a0_': -0.6703030506802001, '_a3_': -0.3194052489688834, '_a4_': -2.1551914436159403, '_a5_': 3.161407957511893, '_a1_': 1.0, '_a2_': 1.0, '_a6_': 1.0, '_a7_': 1.0}};{'d0': 0.03628100807638634};-253.903979024422;34.81479934885379
2050;-92.1371901633570;((sinh((_a0_ + (x * -(_a5_)))) / _a4_) + _a3_);{'d0': {'_a0_': -0.6703030506802001, '_a3_': -0.3194052489688834, '_a4_': -2.1551914436159403, '_a5_': 3.161407957511893, '_a1_': 1.0, '_a2_': 1.0, '_a6_': 1.0, '_a7_': 1.0}};{'d0': 0.03628100807638634};-253.903979024422;34.81479934885379
2051;-93.1328565769463;((sinh((_a0_ + (x * -(_a5_)))) * _a4_) + _a3_);{'d0': {'_a0_': -0.6703030523160958, '_a3_': -0.319405249544944, '_a4_': -0.46399590174173944, '_a5_': 3.1614079618391995, '_a1_': 1.0, '_a2_': 1.0, '_a6_': 1.0, '_a7_': 1.0}};{'d0': 0.03628100807638651};-253.903979024421;33.81913293526439
2052;-93.1328565769463;((sinh((_a0_ + (x * -(_a5_)))) * _a4_) + _a3_);{'d0': {'_a0_': -0.6703030523160958, '_a3_': -0.319405249544944, '_a4_': -0.46399590174173944, '_a5_': 3.1614079618391995, '_a1_': 1.0, '_a2_': 1.0, '_a6_': 1.0, '_a7_': 1.0}};{'d0': 0.03628100807638651};-253.903979024421;33.81913293526439
2053;-93.1328565769463;((sinh((_a0_ + (x * -(_a5_)))) * _a4_) + _a3_);{'d0': {'_a0_': -0.6703030523160958, '_a3_': -0.319405249544944, '_a4_': -0.46399590174173944, '_a5_': 3.1614079618391995, '_a1_': 1.0, '_a2_': 1.0, '_a6_': 1.0, '_a7_': 1.0}};{'d0': 0.03628100807638651};-253.903979024421;33.81913293526439
2054;-88.0583641867120;((pow3(-(((x * _a6_) * _a5_))) * _a0_) + (-(((x + _a1_) * x)) * _a6_));{'d0': {'_a0_': 0.8500045276662226, '_a1_': 0.842644604578431, '_a5_': 0.7518062971117369, '_a6_': -2.106624067478567, '_a2_': 1.0, '_a3_': 1.0, '_a4_': 1.0, '_a7_': 1.0}};{'d0': 0.024905832921103748};-276.475521882757;50.17939675466654
2055;-88.0583641867120;((pow3(-(((x * _a6_) * _a5_))) * _a0_) + (-(((x + _a1_) * x)) * _a6_));{'d0': {'_a0_': 0.8500045276662226, '_a1_': 0.842644604578431, '_a5_': 0.7518062971117369, '_a6_': -2.106624067478567, '_a2_': 1.0, '_a3_': 1.0, '_a4_': 1.0, '_a7_': 1.0}};{'d0': 0.024905832921103748};-276.475521882757;50.17939675466654
2056;-88.0583641867120;((pow3(-(((x * _a6_) * _a5_))) * _a0_) + (-(((x + _a1_) * x)) * _a6_));{'d0': {'_a0_': 0.8500045276662226, '_a1_': 0.842644604578431, '_a5_': 0.7518062971117369, '_a6_': -2.106624067478567, '_a2_': 1.0, '_a3_': 1.0, '_a4_': 1.0, '_a7_': 1.0}};{'d0': 0.024905832921103748};-276.475521882757;50.17939675466654
2057;-88.0583641867120;((pow3(-(((x * _a6_) * _a5_))) * _a0_) + (-(((x + _a1_) * x)) * _a6_));{'d0': {'_a0_': 0.8500045276662226, '_a1_': 0.842644604578431, '_a5_': 0.7518062971117369, '_a6_': -2.106624067478567, '_a2_': 1.0, '_a3_': 1.0, '_a4_': 1.0, '_a7_': 1.0}};{'d0': 0.024905832921103748};-276.475521882757;50.17939675466654
2058;-88.0583641867120;((pow3(-(((x * _a6_) * _a5_))) * _a0_) + (-(((x + _a1_) * x)) * _a6_));{'d0': {'_a0_': 0.8500045276662226, '_a1_': 0.842644604578431, '_a5_': 0.7518062971117369, '_a6_': -2.106624067478567, '_a2_': 1.0, '_a3_': 1.0, '_a4_': 1.0, '_a7_': 1.0}};{'d0': 0.024905832921103748};-276.475521882757;50.17939675466654
2059;-88.0583641867120;((pow3(-(((x * _a6_) * _a5_))) * _a0_) + (-(((x + _a1_) * x)) * _a6_));{'d0': {'_a0_': 0.8500045276662226, '_a1_': 0.842644604578431, '_a5_': 0.7518062971117369, '_a6_': -2.106624067478567, '_a2_': 1.0, '_a3_': 1.0, '_a4_': 1.0, '_a7_': 1.0}};{'d0': 0.024905832921103748};-276.475521882757;50.17939675466654
2060;-88.0583641867120;((pow3(-(((x * _a6_) * _a5_))) * _a0_) + (-(((x + _a1_) * x)) * _a6_));{'d0': {'_a0_': 0.8500045276662226, '_a1_': 0.842644604578431, '_a5_': 0.7518062971117369, '_a6_': -2.106624067478567, '_a2_': 1.0, '_a3_': 1.0, '_a4_': 1.0, '_a7_': 1.0}};{'d0': 0.024905832921103748};-276.475521882757;50.17939675466654
2061;-88.0583641867120;((pow3(-(((x * _a6_) * _a5_))) * _a0_) + (-(((x + _a1_) * x)) * _a6_));{'d0': {'_a0_': 0.8500045276662226, '_a1_': 0.842644604578431, '_a5_': 0.7518062971117369, '_a6_': -2.106624067478567, '_a2_': 1.0, '_a3_': 1.0, '_a4_': 1.0, '_a7_': 1.0}};{'d0': 0.024905832921103748};-276.475521882757;50.17939675466654
2062;-88.0583641867120;((pow3(-(((x * _a6_) * _a5_))) * _a0_) + (-(((x + _a1_) * x)) * _a6_));{'d0': {'_a0_': 0.8500045276662226, '_a1_': 0.842644604578431, '_a5_': 0.7518062971117369, '_a6_': -2.106624067478567, '_a2_': 1.0, '_a3_': 1.0, '_a4_': 1.0, '_a7_': 1.0}};{'d0': 0.024905832921103748};-276.475521882757;50.17939675466654
2063;-86.5697529633883;((sinh((((_a2_ * x) + _a4_) * exp(_a5_))) * _a2_) + _a3_);{'d0': {'_a2_': 0.4639959583347315, '_a3_': -0.3194052510150821, '_a4_': 0.09837955433021794, '_a5_': 1.9188968643059878, '_a0_': 1.0, '_a1_': 1.0, '_a6_': 1.0, '_a7_': 1.0}};{'d0': 0.03628100807641485};-253.903979024375;40.382236548799
2064;-86.5697529633883;((sinh((((_a2_ * x) + _a4_) * exp(_a5_))) * _a2_) + _a3_);{'d0': {'_a2_': 0.4639959583347315, '_a3_': -0.3194052510150821, '_a4_': 0.09837955433021794, '_a5_': 1.9188968643059878, '_a0_': 1.0, '_a1_': 1.0, '_a6_': 1.0, '_a7_': 1.0}};{'d0': 0.03628100807641485};-253.903979024375;40.382236548799
2065;-86.5697529633883;((sinh((((_a2_ * x) + _a4_) * exp(_a5_))) * _a2_) + _a3_);{'d0': {'_a2_': 0.4639959583347315, '_a3_': -0.3194052510150821, '_a4_': 0.09837955433021794, '_a5_': 1.9188968643059878, '_a0_': 1.0, '_a1_': 1.0, '_a6_': 1.0, '_a7_': 1.0}};{'d0': 0.03628100807641485};-253.903979024375;40.382236548799
2066;-86.5697529633883;((sinh((((_a2_ * x) + _a4_) * exp(_a5_))) * _a2_) + _a3_);{'d0': {'_a2_': 0.4639959583347315, '_a3_': -0.3194052510150821, '_a4_': 0.09837955433021794, '_a5_': 1.9188968643059878, '_a0_': 1.0, '_a1_': 1.0, '_a6_': 1.0, '_a7_': 1.0}};{'d0': 0.03628100807641485};-253.903979024375;40.382236548799
2067;-86.5697529633883;((sinh((((_a2_ * x) + _a4_) * exp(_a5_))) * _a2_) + _a3_);{'d0': {'_a2_': 0.4639959583347315, '_a3_': -0.3194052510150821, '_a4_': 0.09837955433021794, '_a5_': 1.9188968643059878, '_a0_': 1.0, '_a1_': 1.0, '_a6_': 1.0, '_a7_': 1.0}};{'d0': 0.03628100807641485};-253.903979024375;40.382236548799
2068;-86.5697529633883;((sinh((((_a2_ * x) + _a4_) * exp(_a5_))) * _a2_) + _a3_);{'d0': {'_a2_': 0.4639959583347315, '_a3_': -0.3194052510150821, '_a4_': 0.09837955433021794, '_a5_': 1.9188968643059878, '_a0_': 1.0, '_a1_': 1.0, '_a6_': 1.0, '_a7_': 1.0}};{'d0': 0.03628100807641485};-253.903979024375;40.382236548799
2069;-86.5697529633883;((sinh((((_a2_ * x) + _a4_) * exp(_a5_))) * _a2_) + _a3_);{'d0': {'_a2_': 0.4639959583347315, '_a3_': -0.3194052510150821, '_a4_': 0.09837955433021794, '_a5_': 1.9188968643059878, '_a0_': 1.0, '_a1_': 1.0, '_a6_': 1.0, '_a7_': 1.0}};{'d0': 0.03628100807641485};-253.903979024375;40.382236548799
2070;-86.5697529633883;((sinh((((_a2_ * x) + _a4_) * exp(_a5_))) * _a2_) + _a3_);{'d0': {'_a2_': 0.4639959583347315, '_a3_': -0.3194052510150821, '_a4_': 0.09837955433021794, '_a5_': 1.9188968643059878, '_a0_': 1.0, '_a1_': 1.0, '_a6_': 1.0, '_a7_': 1.0}};{'d0': 0.03628100807641485};-253.903979024375;40.382236548799
2071;-93.1328565769463;((sinh((_a0_ + (x * -(_a5_)))) * _a4_) + _a3_);{'d0': {'_a0_': -0.6703030523160958, '_a3_': -0.319405249544944, '_a4_': -0.46399590174173944, '_a5_': 3.1614079618391995, '_a1_': 1.0, '_a2_': 1.0, '_a6_': 1.0, '_a7_': 1.0}};{'d0': 0.03628100807638651};-253.903979024421;33.81913293526439
2072;-93.1328565769463;((sinh((_a0_ + (x * -(_a5_)))) * _a4_) + _a3_);{'d0': {'_a0_': -0.6703030523160958, '_a3_': -0.319405249544944, '_a4_': -0.46399590174173944, '_a5_': 3.1614079618391995, '_a1_': 1.0, '_a2_': 1.0, '_a6_': 1.0, '_a7_': 1.0}};{'d0': 0.03628100807638651};-253.903979024421;33.81913293526439
2073;-93.1328565769463;((sinh((_a0_ + (x * -(_a5_)))) * _a4_) + _a3_);{'d0': {'_a0_': -0.6703030523160958, '_a3_': -0.319405249544944, '_a4_': -0.46399590174173944, '_a5_': 3.1614079618391995, '_a1_': 1.0, '_a2_': 1.0, '_a6_': 1.0, '_a7_': 1.0}};{'d0': 0.03628100807638651};-253.903979024421;33.81913293526439
2074;-93.1328565769463;((sinh((_a0_ + (x * -(_a5_)))) * _a4_) + _a3_);{'d0': {'_a0_': -0.6703030523160958, '_a3_': -0.319405249544944, '_a4_': -0.46399590174173944, '_a5_': 3.1614079618391995, '_a1_': 1.0, '_a2_': 1.0, '_a6_': 1.0, '_a7_': 1.0}};{'d0': 0.03628100807638651};-253.903979024421;33.81913293526439
2075;-86.5697529634062;((sinh((((_a5_ * x) + _a4_) * exp(_a5_))) * _a2_) + _a3_);{'d0': {'_a2_': 0.4639958744569317, '_a3_': -0.31940524863504316, '_a4_': 0.22833501111129076, '_a5_': 1.0769160588955426, '_a0_': 1.0, '_a1_': 1.0, '_a6_': 1.0, '_a7_': 1.0}};{'d0': 0.036281008076393215};-253.903979024410;40.382236548799
2076;-86.5697529634062;((sinh((((_a5_ * x) + _a4_) * exp(_a5_))) * _a2_) + _a3_);{'d0': {'_a2_': 0.4639958744569317, '_a3_': -0.31940524863504316, '_a4_': 0.22833501111129076, '_a5_': 1.0769160588955426, '_a0_': 1.0, '_a1_': 1.0, '_a6_': 1.0, '_a7_': 1.0}};{'d0': 0.036281008076393215};-253.903979024410;40.382236548799
2077;-86.5697529634062;((sinh((((_a5_ * x) + _a4_) * exp(_a5_))) * _a2_) + _a3_);{'d0': {'_a2_': 0.4639958744569317, '_a3_': -0.31940524863504316, '_a4_': 0.22833501111129076, '_a5_': 1.0769160588955426, '_a0_': 1.0, '_a1_': 1.0, '_a6_': 1.0, '_a7_': 1.0}};{'d0': 0.036281008076393215};-253.903979024410;40.382236548799
2078;-86.5697529634062;((sinh((((_a5_ * x) + _a4_) * exp(_a5_))) * _a2_) + _a3_);{'d0': {'_a2_': 0.4639958744569317, '_a3_': -0.31940524863504316, '_a4_': 0.22833501111129076, '_a5_': 1.0769160588955426, '_a0_': 1.0, '_a1_': 1.0, '_a6_': 1.0, '_a7_': 1.0}};{'d0': 0.036281008076393215};-253.903979024410;40.382236548799
2079;-86.5697529634062;((sinh((((_a5_ * x) + _a4_) * exp(_a5_))) * _a2_) + _a3_);{'d0': {'_a2_': 0.4639958744569317, '_a3_': -0.31940524863504316, '_a4_': 0.22833501111129076, '_a5_': 1.0769160588955426, '_a0_': 1.0, '_a1_': 1.0, '_a6_': 1.0, '_a7_': 1.0}};{'d0': 0.036281008076393215};-253.903979024410;40.382236548799
2080;-86.5697529634062;((sinh((((_a5_ * x) + _a4_) * exp(_a5_))) * _a2_) + _a3_);{'d0': {'_a2_': 0.4639958744569317, '_a3_': -0.31940524863504316, '_a4_': 0.22833501111129076, '_a5_': 1.0769160588955426, '_a0_': 1.0, '_a1_': 1.0, '_a6_': 1.0, '_a7_': 1.0}};{'d0': 0.036281008076393215};-253.903979024410;40.382236548799
2081;-86.5697529634062;((sinh((((_a5_ * x) + _a4_) * exp(_a5_))) * _a2_) + _a3_);{'d0': {'_a2_': 0.4639958744569317, '_a3_': -0.31940524863504316, '_a4_': 0.22833501111129076, '_a5_': 1.0769160588955426, '_a0_': 1.0, '_a1_': 1.0, '_a6_': 1.0, '_a7_': 1.0}};{'d0': 0.036281008076393215};-253.903979024410;40.382236548799
2082;-86.5697529634062;((sinh((((_a5_ * x) + _a4_) * exp(_a5_))) * _a2_) + _a3_);{'d0': {'_a2_': 0.4639958744569317, '_a3_': -0.31940524863504316, '_a4_': 0.22833501111129076, '_a5_': 1.0769160588955426, '_a0_': 1.0, '_a1_': 1.0, '_a6_': 1.0, '_a7_': 1.0}};{'d0': 0.036281008076393215};-253.903979024410;40.382236548799
2083;-93.1328565769463;((sinh((_a0_ + (x * -(_a5_)))) * _a4_) + _a3_);{'d0': {'_a0_': -0.6703030523160958, '_a3_': -0.319405249544944, '_a4_': -0.46399590174173944, '_a5_': 3.1614079618391995, '_a1_': 1.0, '_a2_': 1.0, '_a6_': 1.0, '_a7_': 1.0}};{'d0': 0.03628100807638651};-253.903979024421;33.81913293526439
2084;-93.1328565769463;((sinh((_a0_ + (x * -(_a5_)))) * _a4_) + _a3_);{'d0': {'_a0_': -0.6703030523160958, '_a3_': -0.319405249544944, '_a4_': -0.46399590174173944, '_a5_': 3.1614079618391995, '_a1_': 1.0, '_a2_': 1.0, '_a6_': 1.0, '_a7_': 1.0}};{'d0': 0.03628100807638651};-253.903979024421;33.81913293526439
2085;-93.1328565769463;((sinh((_a0_ + (x * -(_a5_)))) * _a4_) + _a3_);{'d0': {'_a0_': -0.6703030523160958, '_a3_': -0.319405249544944, '_a4_': -0.46399590174173944, '_a5_': 3.1614079618391995, '_a1_': 1.0, '_a2_': 1.0, '_a6_': 1.0, '_a7_': 1.0}};{'d0': 0.03628100807638651};-253.903979024421;33.81913293526439
2086;-93.1328565769463;((sinh((_a0_ + (x * -(_a5_)))) * _a4_) + _a3_);{'d0': {'_a0_': -0.6703030523160958, '_a3_': -0.319405249544944, '_a4_': -0.46399590174173944, '_a5_': 3.1614079618391995, '_a1_': 1.0, '_a2_': 1.0, '_a6_': 1.0, '_a7_': 1.0}};{'d0': 0.03628100807638651};-253.903979024421;33.81913293526439
2087;-93.1328565769463;((sinh((_a0_ + (x * -(_a5_)))) * _a4_) + _a3_);{'d0': {'_a0_': -0.6703030523160958, '_a3_': -0.319405249544944, '_a4_': -0.46399590174173944, '_a5_': 3.1614079618391995, '_a1_': 1.0, '_a2_': 1.0, '_a6_': 1.0, '_a7_': 1.0}};{'d0': 0.03628100807638651};-253.903979024421;33.81913293526439
2088;-93.1328565769463;((sinh((_a0_ + (x * -(_a5_)))) * _a4_) + _a3_);{'d0': {'_a0_': -0.6703030523160958, '_a3_': -0.319405249544944, '_a4_': -0.46399590174173944, '_a5_': 3.1614079618391995, '_a1_': 1.0, '_a2_': 1.0, '_a6_': 1.0, '_a7_': 1.0}};{'d0': 0.03628100807638651};-253.903979024421;33.81913293526439
2089;-93.1328565769463;((sinh((_a0_ + (x * -(_a5_)))) * _a4_) + _a3_);{'d0': {'_a0_': -0.6703030523160958, '_a3_': -0.319405249544944, '_a4_': -0.46399590174173944, '_a5_': 3.1614079618391995, '_a1_': 1.0, '_a2_': 1.0, '_a6_': 1.0, '_a7_': 1.0}};{'d0': 0.03628100807638651};-253.903979024421;33.81913293526439
2090;-93.1328565769463;((sinh((_a0_ + (x * -(_a5_)))) * _a4_) + _a3_);{'d0': {'_a0_': -0.6703030523160958, '_a3_': -0.319405249544944, '_a4_': -0.46399590174173944, '_a5_': 3.1614079618391995, '_a1_': 1.0, '_a2_': 1.0, '_a6_': 1.0, '_a7_': 1.0}};{'d0': 0.03628100807638651};-253.903979024421;33.81913293526439
2091;-93.1328565769463;((sinh((_a0_ + (x * -(_a5_)))) * _a4_) + _a3_);{'d0': {'_a0_': -0.6703030523160958, '_a3_': -0.319405249544944, '_a4_': -0.46399590174173944, '_a5_': 3.1614079618391995, '_a1_': 1.0, '_a2_': 1.0, '_a6_': 1.0, '_a7_': 1.0}};{'d0': 0.03628100807638651};-253.903979024421;33.81913293526439
2092;-93.1328565769463;((sinh((_a0_ + (x * -(_a5_)))) * _a4_) + _a3_);{'d0': {'_a0_': -0.6703030523160958, '_a3_': -0.319405249544944, '_a4_': -0.46399590174173944, '_a5_': 3.1614079618391995, '_a1_': 1.0, '_a2_': 1.0, '_a6_': 1.0, '_a7_': 1.0}};{'d0': 0.03628100807638651};-253.903979024421;33.81913293526439
2093;-93.1328565769463;((sinh((_a0_ + (x * -(_a5_)))) * _a4_) + _a3_);{'d0': {'_a0_': -0.6703030523160958, '_a3_': -0.319405249544944, '_a4_': -0.46399590174173944, '_a5_': 3.1614079618391995, '_a1_': 1.0, '_a2_': 1.0, '_a6_': 1.0, '_a7_': 1.0}};{'d0': 0.03628100807638651};-253.903979024421;33.81913293526439
2094;-87.2122555279164;((sinh((_a0_ + ((x + _a4_) * -(_a5_)))) * _a4_) + _a3_);{'d0': {'_a0_': -2.1371833894800902, '_a3_': -0.3194052479668157, '_a4_': -0.4639959027989737, '_a5_': 3.161407957868789, '_a1_': 1.0, '_a2_': 1.0, '_a6_': 1.0, '_a7_': 1.0}};{'d0': 0.03628100807638636};-253.903979024422;39.73973398429439
2095;-87.2122555279164;((sinh((_a0_ + ((x + _a4_) * -(_a5_)))) * _a4_) + _a3_);{'d0': {'_a0_': -2.1371833894800902, '_a3_': -0.3194052479668157, '_a4_': -0.4639959027989737, '_a5_': 3.161407957868789, '_a1_': 1.0, '_a2_': 1.0, '_a6_': 1.0, '_a7_': 1.0}};{'d0': 0.03628100807638636};-253.903979024422;39.73973398429439
2096;-87.2122555279164;((sinh((_a0_ + ((x + _a4_) * -(_a5_)))) * _a4_) + _a3_);{'d0': {'_a0_': -2.1371833894800902, '_a3_': -0.3194052479668157, '_a4_': -0.4639959027989737, '_a5_': 3.161407957868789, '_a1_': 1.0, '_a2_': 1.0, '_a6_': 1.0, '_a7_': 1.0}};{'d0': 0.03628100807638636};-253.903979024422;39.73973398429439
2097;-87.2122555279164;((sinh((_a0_ + ((x + _a4_) * -(_a5_)))) * _a4_) + _a3_);{'d0': {'_a0_': -2.1371833894800902, '_a3_': -0.3194052479668157, '_a4_': -0.4639959027989737, '_a5_': 3.161407957868789, '_a1_': 1.0, '_a2_': 1.0, '_a6_': 1.0, '_a7_': 1.0}};{'d0': 0.03628100807638636};-253.903979024422;39.73973398429439
2098;-87.3325648105438;((sinh((_a0_ + ((x / _a4_) * -(_a5_)))) * _a4_) + _a3_);{'d0': {'_a0_': 0.6703030507776404, '_a3_': -0.31940524934422154, '_a4_': 0.4639959034944826, '_a5_': -1.466880340824163, '_a1_': 1.0, '_a2_': 1.0, '_a6_': 1.0, '_a7_': 1.0}};{'d0': 0.03628100807638668};-253.903979024421;39.61942470166679
2099;-87.3325648105438;((sinh((_a0_ + ((x / _a4_) * -(_a5_)))) * _a4_) + _a3_);{'d0': {'_a0_': 0.6703030507776404, '_a3_': -0.31940524934422154, '_a4_': 0.4639959034944826, '_a5_': -1.466880340824163, '_a1_': 1.0, '_a2_': 1.0, '_a6_': 1.0, '_a7_': 1.0}};{'d0': 0.03628100807638668};-253.903979024421;39.61942470166679
2100;-87.3325648105438;((sinh((_a0_ + ((x / _a4_) * -(_a5_)))) * _a4_) + _a3_);{'d0': {'_a0_': 0.6703030507776404, '_a3_': -0.31940524934422154, '_a4_': 0.4639959034944826, '_a5_': -1.466880340824163, '_a1_': 1.0, '_a2_': 1.0, '_a6_': 1.0, '_a7_': 1.0}};{'d0': 0.03628100807638668};-253.903979024421;39.61942470166679
2101;-87.3325648105438;((sinh((_a0_ + ((x / _a4_) * -(_a5_)))) * _a4_) + _a3_);{'d0': {'_a0_': 0.6703030507776404, '_a3_': -0.31940524934422154, '_a4_': 0.4639959034944826, '_a5_': -1.466880340824163, '_a1_': 1.0, '_a2_': 1.0, '_a6_': 1.0, '_a7_': 1.0}};{'d0': 0.03628100807638668};-253.903979024421;39.61942470166679
2102;-88.0583641878491;((pow3(-(((x * _a0_) * _a5_))) * _a0_) + (-(((x + _a1_) * x)) * _a6_));{'d0': {'_a0_': 1.1025879302842443, '_a1_': 0.8426446046387237, '_a5_': -1.3170909803502844, '_a6_': -2.1066240674529335, '_a2_': 1.0, '_a3_': 1.0, '_a4_': 1.0, '_a7_': 1.0}};{'d0': 0.0249058329201597};-276.475521885031;50.17939675466654
2103;-88.0583641878491;((pow3(-(((x * _a0_) * _a5_))) * _a0_) + (-(((x + _a1_) * x)) * _a6_));{'d0': {'_a0_': 1.1025879302842443, '_a1_': 0.8426446046387237, '_a5_': -1.3170909803502844, '_a6_': -2.1066240674529335, '_a2_': 1.0, '_a3_': 1.0, '_a4_': 1.0, '_a7_': 1.0}};{'d0': 0.0249058329201597};-276.475521885031;50.17939675466654
2104;-88.0583641878491;((pow3(-(((x * _a0_) * _a5_))) * _a0_) + (-(((x + _a1_) * x)) * _a6_));{'d0': {'_a0_': 1.1025879302842443, '_a1_': 0.8426446046387237, '_a5_': -1.3170909803502844, '_a6_': -2.1066240674529335, '_a2_': 1.0, '_a3_': 1.0, '_a4_': 1.0, '_a7_': 1.0}};{'d0': 0.0249058329201597};-276.475521885031;50.17939675466654
2105;-88.0583641878491;((pow3(-(((x * _a0_) * _a5_))) * _a0_) + (-(((x + _a1_) * x)) * _a6_));{'d0': {'_a0_': 1.1025879302842443, '_a1_': 0.8426446046387237, '_a5_': -1.3170909803502844, '_a6_': -2.1066240674529335, '_a2_': 1.0, '_a3_': 1.0, '_a4_': 1.0, '_a7_': 1.0}};{'d0': 0.0249058329201597};-276.475521885031;50.17939675466654
2106;-88.0583641878491;((pow3(-(((x * _a0_) * _a5_))) * _a0_) + (-(((x + _a1_) * x)) * _a6_));{'d0': {'_a0_': 1.1025879302842443, '_a1_': 0.8426446046387237, '_a5_': -1.3170909803502844, '_a6_': -2.1066240674529335, '_a2_': 1.0, '_a3_': 1.0, '_a4_': 1.0, '_a7_': 1.0}};{'d0': 0.0249058329201597};-276.475521885031;50.17939675466654
2107;-88.0583641878491;((pow3(-(((x * _a0_) * _a5_))) * _a0_) + (-(((x + _a1_) * x)) * _a6_));{'d0': {'_a0_': 1.1025879302842443, '_a1_': 0.8426446046387237, '_a5_': -1.3170909803502844, '_a6_': -2.1066240674529335, '_a2_': 1.0, '_a3_': 1.0, '_a4_': 1.0, '_a7_': 1.0}};{'d0': 0.0249058329201597};-276.475521885031;50.17939675466654
2108;-88.0583641878491;((pow3(-(((x * _a0_) * _a5_))) * _a0_) + (-(((x + _a1_) * x)) * _a6_));{'d0': {'_a0_': 1.1025879302842443, '_a1_': 0.8426446046387237, '_a5_': -1.3170909803502844, '_a6_': -2.1066240674529335, '_a2_': 1.0, '_a3_': 1.0, '_a4_': 1.0, '_a7_': 1.0}};{'d0': 0.0249058329201597};-276.475521885031;50.17939675466654
2109;-88.0583641878491;((pow3(-(((x * _a0_) * _a5_))) * _a0_) + (-(((x + _a1_) * x)) * _a6_));{'d0': {'_a0_': 1.1025879302842443, '_a1_': 0.8426446046387237, '_a5_': -1.3170909803502844, '_a6_': -2.1066240674529335, '_a2_': 1.0, '_a3_': 1.0, '_a4_': 1.0, '_a7_': 1.0}};{'d0': 0.0249058329201597};-276.475521885031;50.17939675466654
2110;-88.0583641878491;((pow3(-(((x * _a0_) * _a5_))) * _a0_) + (-(((x + _a1_) * x)) * _a6_));{'d0': {'_a0_': 1.1025879302842443, '_a1_': 0.8426446046387237, '_a5_': -1.3170909803502844, '_a6_': -2.1066240674529335, '_a2_': 1.0, '_a3_': 1.0, '_a4_': 1.0, '_a7_': 1.0}};{'d0': 0.0249058329201597};-276.475521885031;50.17939675466654
2111;-88.0583641878491;((pow3(-(((x * _a0_) * _a5_))) * _a0_) + (-(((x + _a1_) * x)) * _a6_));{'d0': {'_a0_': 1.1025879302842443, '_a1_': 0.8426446046387237, '_a5_': -1.3170909803502844, '_a6_': -2.1066240674529335, '_a2_': 1.0, '_a3_': 1.0, '_a4_': 1.0, '_a7_': 1.0}};{'d0': 0.0249058329201597};-276.475521885031;50.17939675466654
2112;-88.0583641878491;((pow3(-(((x * _a0_) * _a5_))) * _a0_) + (-(((x + _a1_) * x)) * _a6_));{'d0': {'_a0_': 1.1025879302842443, '_a1_': 0.8426446046387237, '_a5_': -1.3170909803502844, '_a6_': -2.1066240674529335, '_a2_': 1.0, '_a3_': 1.0, '_a4_': 1.0, '_a7_': 1.0}};{'d0': 0.0249058329201597};-276.475521885031;50.17939675466654
2113;-88.0583641878491;((pow3(-(((x * _a0_) * _a5_))) * _a0_) + (-(((x + _a1_) * x)) * _a6_));{'d0': {'_a0_': 1.1025879302842443, '_a1_': 0.8426446046387237, '_a5_': -1.3170909803502844, '_a6_': -2.1066240674529335, '_a2_': 1.0, '_a3_': 1.0, '_a4_': 1.0, '_a7_': 1.0}};{'d0': 0.0249058329201597};-276.475521885031;50.17939675466654
2114;-88.0583641878491;((pow3(-(((x * _a0_) * _a5_))) * _a0_) + (-(((x + _a1_) * x)) * _a6_));{'d0': {'_a0_': 1.1025879302842443, '_a1_': 0.8426446046387237, '_a5_': -1.3170909803502844, '_a6_': -2.1066240674529335, '_a2_': 1.0, '_a3_': 1.0, '_a4_': 1.0, '_a7_': 1.0}};{'d0': 0.0249058329201597};-276.475521885031;50.17939675466654
2115;-88.0583641878491;((pow3(-(((x * _a0_) * _a5_))) * _a0_) + (-(((x + _a1_) * x)) * _a6_));{'d0': {'_a0_': 1.1025879302842443, '_a1_': 0.8426446046387237, '_a5_': -1.3170909803502844, '_a6_': -2.1066240674529335, '_a2_': 1.0, '_a3_': 1.0, '_a4_': 1.0, '_a7_': 1.0}};{'d0': 0.0249058329201597};-276.475521885031;50.17939675466654
2116;-88.0583641878491;((pow3(-(((x * _a0_) * _a5_))) * _a0_) + (-(((x + _a1_) * x)) * _a6_));{'d0': {'_a0_': 1.1025879302842443, '_a1_': 0.8426446046387237, '_a5_': -1.3170909803502844, '_a6_': -2.1066240674529335, '_a2_': 1.0, '_a3_': 1.0, '_a4_': 1.0, '_a7_': 1.0}};{'d0': 0.0249058329201597};-276.475521885031;50.17939675466654
2117;-88.0583641878491;((pow3(-(((x * _a0_) * _a5_))) * _a0_) + (-(((x + _a1_) * x)) * _a6_));{'d0': {'_a0_': 1.1025879302842443, '_a1_': 0.8426446046387237, '_a5_': -1.3170909803502844, '_a6_': -2.1066240674529335, '_a2_': 1.0, '_a3_': 1.0, '_a4_': 1.0, '_a7_': 1.0}};{'d0': 0.0249058329201597};-276.475521885031;50.17939675466654
2118;-88.0583641878491;((pow3(-(((x * _a0_) * _a5_))) * _a0_) + (-(((x + _a1_) * x)) * _a6_));{'d0': {'_a0_': 1.1025879302842443, '_a1_': 0.8426446046387237, '_a5_': -1.3170909803502844, '_a6_': -2.1066240674529335, '_a2_': 1.0, '_a3_': 1.0, '_a4_': 1.0, '_a7_': 1.0}};{'d0': 0.0249058329201597};-276.475521885031;50.17939675466654
2119;-88.0583641878491;((pow3(-(((x * _a0_) * _a5_))) * _a0_) + (-(((x + _a1_) * x)) * _a6_));{'d0': {'_a0_': 1.1025879302842443, '_a1_': 0.8426446046387237, '_a5_': -1.3170909803502844, '_a6_': -2.1066240674529335, '_a2_': 1.0, '_a3_': 1.0, '_a4_': 1.0, '_a7_': 1.0}};{'d0': 0.0249058329201597};-276.475521885031;50.17939675466654
2120;-88.0583641878491;((pow3(-(((x * _a0_) * _a5_))) * _a0_) + (-(((x + _a1_) * x)) * _a6_));{'d0': {'_a0_': 1.1025879302842443, '_a1_': 0.8426446046387237, '_a5_': -1.3170909803502844, '_a6_': -2.1066240674529335, '_a2_': 1.0, '_a3_': 1.0, '_a4_': 1.0, '_a7_': 1.0}};{'d0': 0.0249058329201597};-276.475521885031;50.17939675466654
2121;-88.0583641867120;((pow3(-(((x * _a6_) * _a5_))) * _a0_) + (-(((x + _a1_) * x)) * _a6_));{'d0': {'_a0_': 0.8500045276662226, '_a1_': 0.842644604578431, '_a5_': 0.7518062971117369, '_a6_': -2.106624067478567, '_a2_': 1.0, '_a3_': 1.0, '_a4_': 1.0, '_a7_': 1.0}};{'d0': 0.024905832921103748};-276.475521882757;50.17939675466654
2122;-88.0583641867120;((pow3(-(((x * _a6_) * _a5_))) * _a0_) + (-(((x + _a1_) * x)) * _a6_));{'d0': {'_a0_': 0.8500045276662226, '_a1_': 0.842644604578431, '_a5_': 0.7518062971117369, '_a6_': -2.106624067478567, '_a2_': 1.0, '_a3_': 1.0, '_a4_': 1.0, '_a7_': 1.0}};{'d0': 0.024905832921103748};-276.475521882757;50.17939675466654
2123;-88.0583641867120;((pow3(-(((x * _a6_) * _a5_))) * _a0_) + (-(((x + _a1_) * x)) * _a6_));{'d0': {'_a0_': 0.8500045276662226, '_a1_': 0.842644604578431, '_a5_': 0.7518062971117369, '_a6_': -2.106624067478567, '_a2_': 1.0, '_a3_': 1.0, '_a4_': 1.0, '_a7_': 1.0}};{'d0': 0.024905832921103748};-276.475521882757;50.17939675466654
2124;-88.0583641867120;((pow3(-(((x * _a6_) * _a5_))) * _a0_) + (-(((x + _a1_) * x)) * _a6_));{'d0': {'_a0_': 0.8500045276662226, '_a1_': 0.842644604578431, '_a5_': 0.7518062971117369, '_a6_': -2.106624067478567, '_a2_': 1.0, '_a3_': 1.0, '_a4_': 1.0, '_a7_': 1.0}};{'d0': 0.024905832921103748};-276.475521882757;50.17939675466654
2125;-88.0583641867120;((pow3(-(((x * _a6_) * _a5_))) * _a0_) + (-(((x + _a1_) * x)) * _a6_));{'d0': {'_a0_': 0.8500045276662226, '_a1_': 0.842644604578431, '_a5_': 0.7518062971117369, '_a6_': -2.106624067478567, '_a2_': 1.0, '_a3_': 1.0, '_a4_': 1.0, '_a7_': 1.0}};{'d0': 0.024905832921103748};-276.475521882757;50.17939675466654
2126;-88.0583641867120;((pow3(-(((x * _a6_) * _a5_))) * _a0_) + (-(((x + _a1_) * x)) * _a6_));{'d0': {'_a0_': 0.8500045276662226, '_a1_': 0.842644604578431, '_a5_': 0.7518062971117369, '_a6_': -2.106624067478567, '_a2_': 1.0, '_a3_': 1.0, '_a4_': 1.0, '_a7_': 1.0}};{'d0': 0.024905832921103748};-276.475521882757;50.17939675466654
2127;-86.1355293316693;((sinh((((_a5_ * x) + _a4_) * (_a4_ / _a2_))) * _a2_) + _a3_);{'d0': {'_a2_': -0.4639959029859639, '_a3_': -0.3194052488497993, '_a4_': 0.5576897607560107, '_a5_': 2.6302802080214454, '_a0_': 1.0, '_a1_': 1.0, '_a6_': 1.0, '_a7_': 1.0}};{'d0': 0.03628100807638657};-253.903979024421;40.8164601805414
2128;-86.1355293316693;((sinh((((_a5_ * x) + _a4_) * (_a4_ / _a2_))) * _a2_) + _a3_);{'d0': {'_a2_': -0.4639959029859639, '_a3_': -0.3194052488497993, '_a4_': 0.5576897607560107, '_a5_': 2.6302802080214454, '_a0_': 1.0, '_a1_': 1.0, '_a6_': 1.0, '_a7_': 1.0}};{'d0': 0.03628100807638657};-253.903979024421;40.8164601805414
2129;-86.1355293316693;((sinh((((_a5_ * x) + _a4_) * (_a4_ / _a2_))) * _a2_) + _a3_);{'d0': {'_a2_': -0.4639959029859639, '_a3_': -0.3194052488497993, '_a4_': 0.5576897607560107, '_a5_': 2.6302802080214454, '_a0_': 1.0, '_a1_': 1.0, '_a6_': 1.0, '_a7_': 1.0}};{'d0': 0.03628100807638657};-253.903979024421;40.8164601805414
2130;-86.1355293316693;((sinh((((_a5_ * x) + _a4_) * (_a4_ / _a2_))) * _a2_) + _a3_);{'d0': {'_a2_': -0.4639959029859639, '_a3_': -0.3194052488497993, '_a4_': 0.5576897607560107, '_a5_': 2.6302802080214454, '_a0_': 1.0, '_a1_': 1.0, '_a6_': 1.0, '_a7_': 1.0}};{'d0': 0.03628100807638657};-253.903979024421;40.8164601805414
2131;-86.1355293316693;((sinh((((_a5_ * x) + _a4_) * (_a4_ / _a2_))) * _a2_) + _a3_);{'d0': {'_a2_': -0.4639959029859639, '_a3_': -0.3194052488497993, '_a4_': 0.5576897607560107, '_a5_': 2.6302802080214454, '_a0_': 1.0, '_a1_': 1.0, '_a6_': 1.0, '_a7_': 1.0}};{'d0': 0.03628100807638657};-253.903979024421;40.8164601805414
2132;-86.1355293316693;((sinh((((_a5_ * x) + _a4_) * (_a4_ / _a2_))) * _a2_) + _a3_);{'d0': {'_a2_': -0.4639959029859639, '_a3_': -0.3194052488497993, '_a4_': 0.5576897607560107, '_a5_': 2.6302802080214454, '_a0_': 1.0, '_a1_': 1.0, '_a6_': 1.0, '_a7_': 1.0}};{'d0': 0.03628100807638657};-253.903979024421;40.8164601805414
2133;-87.2797696336355;((pow3(-(((x * _a6_) * _a5_))) * _a0_) + (-(((x + _a1_) * x)) / _a6_));{'d0': {'_a0_': 3.675272142002475, '_a1_': 0.8426446048589581, '_a5_': 2.0479717680869194, '_a6_': -0.4746931432673548, '_a2_': 1.0, '_a3_': 1.0, '_a4_': 1.0, '_a7_': 1.0}};{'d0': 0.02490583291981953};-276.475521885851;50.95799130928994
2134;-87.2797696336355;((pow3(-(((x * _a6_) * _a5_))) * _a0_) + (-(((x + _a1_) * x)) / _a6_));{'d0': {'_a0_': 3.675272142002475, '_a1_': 0.8426446048589581, '_a5_': 2.0479717680869194, '_a6_': -0.4746931432673548, '_a2_': 1.0, '_a3_': 1.0, '_a4_': 1.0, '_a7_': 1.0}};{'d0': 0.02490583291981953};-276.475521885851;50.95799130928994
2135;-87.2797696336355;((pow3(-(((x * _a6_) * _a5_))) * _a0_) + (-(((x + _a1_) * x)) / _a6_));{'d0': {'_a0_': 3.675272142002475, '_a1_': 0.8426446048589581, '_a5_': 2.0479717680869194, '_a6_': -0.4746931432673548, '_a2_': 1.0, '_a3_': 1.0, '_a4_': 1.0, '_a7_': 1.0}};{'d0': 0.02490583291981953};-276.475521885851;50.95799130928994
2136;-86.3330313634022;((pow3(-(((x * _a6_) + _a5_))) * _a0_) + (-(((x + _a1_) * x)) / _a6_));{'d0': {'_a0_': 73.77148813822681, '_a1_': 0.6188052624468359, '_a5_': 0.02403319065148191, '_a6_': -0.3579182414574394, '_a2_': 1.0, '_a3_': 1.0, '_a4_': 1.0, '_a7_': 1.0}};{'d0': 0.024885482502191237};-276.524567592530;51.92925243286294
2137;-86.3330313634022;((pow3(-(((x * _a6_) + _a5_))) * _a0_) + (-(((x + _a1_) * x)) / _a6_));{'d0': {'_a0_': 73.77148813822681, '_a1_': 0.6188052624468359, '_a5_': 0.02403319065148191, '_a6_': -0.3579182414574394, '_a2_': 1.0, '_a3_': 1.0, '_a4_': 1.0, '_a7_': 1.0}};{'d0': 0.024885482502191237};-276.524567592530;51.92925243286294
2138;-86.3330313634022;((pow3(-(((x * _a6_) + _a5_))) * _a0_) + (-(((x + _a1_) * x)) / _a6_));{'d0': {'_a0_': 73.77148813822681, '_a1_': 0.6188052624468359, '_a5_': 0.02403319065148191, '_a6_': -0.3579182414574394, '_a2_': 1.0, '_a3_': 1.0, '_a4_': 1.0, '_a7_': 1.0}};{'d0': 0.024885482502191237};-276.524567592530;51.92925243286294
2139;-86.3330313634022;((pow3(-(((x * _a6_) + _a5_))) * _a0_) + (-(((x + _a1_) * x)) / _a6_));{'d0': {'_a0_': 73.77148813822681, '_a1_': 0.6188052624468359, '_a5_': 0.02403319065148191, '_a6_': -0.3579182414574394, '_a2_': 1.0, '_a3_': 1.0, '_a4_': 1.0, '_a7_': 1.0}};{'d0': 0.024885482502191237};-276.524567592530;51.92925243286294
2140;-86.3330313634022;((pow3(-(((x * _a6_) + _a5_))) * _a0_) + (-(((x + _a1_) * x)) / _a6_));{'d0': {'_a0_': 73.77148813822681, '_a1_': 0.6188052624468359, '_a5_': 0.02403319065148191, '_a6_': -0.3579182414574394, '_a2_': 1.0, '_a3_': 1.0, '_a4_': 1.0, '_a7_': 1.0}};{'d0': 0.024885482502191237};-276.524567592530;51.92925243286294
2141;-86.3330313634022;((pow3(-(((x * _a6_) + _a5_))) * _a0_) + (-(((x + _a1_) * x)) / _a6_));{'d0': {'_a0_': 73.77148813822681, '_a1_': 0.6188052624468359, '_a5_': 0.02403319065148191, '_a6_': -0.3579182414574394, '_a2_': 1.0, '_a3_': 1.0, '_a4_': 1.0, '_a7_': 1.0}};{'d0': 0.024885482502191237};-276.524567592530;51.92925243286294
2142;-86.3330313634022;((pow3(-(((x * _a6_) + _a5_))) * _a0_) + (-(((x + _a1_) * x)) / _a6_));{'d0': {'_a0_': 73.77148813822681, '_a1_': 0.6188052624468359, '_a5_': 0.02403319065148191, '_a6_': -0.3579182414574394, '_a2_': 1.0, '_a3_': 1.0, '_a4_': 1.0, '_a7_': 1.0}};{'d0': 0.024885482502191237};-276.524567592530;51.92925243286294
2143;-86.3330313634022;((pow3(-(((x * _a6_) + _a5_))) * _a0_) + (-(((x + _a1_) * x)) / _a6_));{'d0': {'_a0_': 73.77148813822681, '_a1_': 0.6188052624468359, '_a5_': 0.02403319065148191, '_a6_': -0.3579182414574394, '_a2_': 1.0, '_a3_': 1.0, '_a4_': 1.0, '_a7_': 1.0}};{'d0': 0.024885482502191237};-276.524567592530;51.92925243286294
2144;-86.3330313634022;((pow3(-(((x * _a6_) + _a5_))) * _a0_) + (-(((x + _a1_) * x)) / _a6_));{'d0': {'_a0_': 73.77148813822681, '_a1_': 0.6188052624468359, '_a5_': 0.02403319065148191, '_a6_': -0.3579182414574394, '_a2_': 1.0, '_a3_': 1.0, '_a4_': 1.0, '_a7_': 1.0}};{'d0': 0.024885482502191237};-276.524567592530;51.92925243286294
2145;-86.3330313634022;((pow3(-(((x * _a6_) + _a5_))) * _a0_) + (-(((x + _a1_) * x)) / _a6_));{'d0': {'_a0_': 73.77148813822681, '_a1_': 0.6188052624468359, '_a5_': 0.02403319065148191, '_a6_': -0.3579182414574394, '_a2_': 1.0, '_a3_': 1.0, '_a4_': 1.0, '_a7_': 1.0}};{'d0': 0.024885482502191237};-276.524567592530;51.92925243286294
2146;-86.3330313634022;((pow3(-(((x * _a6_) + _a5_))) * _a0_) + (-(((x + _a1_) * x)) / _a6_));{'d0': {'_a0_': 73.77148813822681, '_a1_': 0.6188052624468359, '_a5_': 0.02403319065148191, '_a6_': -0.3579182414574394, '_a2_': 1.0, '_a3_': 1.0, '_a4_': 1.0, '_a7_': 1.0}};{'d0': 0.024885482502191237};-276.524567592530;51.92925243286294
2147;-86.3330313634022;((pow3(-(((x * _a6_) + _a5_))) * _a0_) + (-(((x + _a1_) * x)) / _a6_));{'d0': {'_a0_': 73.77148813822681, '_a1_': 0.6188052624468359, '_a5_': 0.02403319065148191, '_a6_': -0.3579182414574394, '_a2_': 1.0, '_a3_': 1.0, '_a4_': 1.0, '_a7_': 1.0}};{'d0': 0.024885482502191237};-276.524567592530;51.92925243286294
2148;-86.3330313634022;((pow3(-(((x * _a6_) + _a5_))) * _a0_) + (-(((x + _a1_) * x)) / _a6_));{'d0': {'_a0_': 73.77148813822681, '_a1_': 0.6188052624468359, '_a5_': 0.02403319065148191, '_a6_': -0.3579182414574394, '_a2_': 1.0, '_a3_': 1.0, '_a4_': 1.0, '_a7_': 1.0}};{'d0': 0.024885482502191237};-276.524567592530;51.92925243286294
2149;-86.3330313634022;((pow3(-(((x * _a6_) + _a5_))) * _a0_) + (-(((x + _a1_) * x)) / _a6_));{'d0': {'_a0_': 73.77148813822681, '_a1_': 0.6188052624468359, '_a5_': 0.02403319065148191, '_a6_': -0.3579182414574394, '_a2_': 1.0, '_a3_': 1.0, '_a4_': 1.0, '_a7_': 1.0}};{'d0': 0.024885482502191237};-276.524567592530;51.92925243286294
2150;-86.3330313634022;((pow3(-(((x * _a6_) + _a5_))) * _a0_) + (-(((x + _a1_) * x)) / _a6_));{'d0': {'_a0_': 73.77148813822681, '_a1_': 0.6188052624468359, '_a5_': 0.02403319065148191, '_a6_': -0.3579182414574394, '_a2_': 1.0, '_a3_': 1.0, '_a4_': 1.0, '_a7_': 1.0}};{'d0': 0.024885482502191237};-276.524567592530;51.92925243286294
2151;-86.3330313634022;((pow3(-(((x * _a6_) + _a5_))) * _a0_) + (-(((x + _a1_) * x)) / _a6_));{'d0': {'_a0_': 73.77148813822681, '_a1_': 0.6188052624468359, '_a5_': 0.02403319065148191, '_a6_': -0.3579182414574394, '_a2_': 1.0, '_a3_': 1.0, '_a4_': 1.0, '_a7_': 1.0}};{'d0': 0.024885482502191237};-276.524567592530;51.92925243286294
2152;-86.3330313634022;((pow3(-(((x * _a6_) + _a5_))) * _a0_) + (-(((x + _a1_) * x)) / _a6_));{'d0': {'_a0_': 73.77148813822681, '_a1_': 0.6188052624468359, '_a5_': 0.02403319065148191, '_a6_': -0.3579182414574394, '_a2_': 1.0, '_a3_': 1.0, '_a4_': 1.0, '_a7_': 1.0}};{'d0': 0.024885482502191237};-276.524567592530;51.92925243286294
2153;-86.3330313634022;((pow3(-(((x * _a6_) + _a5_))) * _a0_) + (-(((x + _a1_) * x)) / _a6_));{'d0': {'_a0_': 73.77148813822681, '_a1_': 0.6188052624468359, '_a5_': 0.02403319065148191, '_a6_': -0.3579182414574394, '_a2_': 1.0, '_a3_': 1.0, '_a4_': 1.0, '_a7_': 1.0}};{'d0': 0.024885482502191237};-276.524567592530;51.92925243286294
2154;-86.3330313634022;((pow3(-(((x * _a6_) + _a5_))) * _a0_) + (-(((x + _a1_) * x)) / _a6_));{'d0': {'_a0_': 73.77148813822681, '_a1_': 0.6188052624468359, '_a5_': 0.02403319065148191, '_a6_': -0.3579182414574394, '_a2_': 1.0, '_a3_': 1.0, '_a4_': 1.0, '_a7_': 1.0}};{'d0': 0.024885482502191237};-276.524567592530;51.92925243286294
2155;-86.2127220811657;((pow3(-(((x * _a6_) + _a5_))) * _a0_) + (-(((x + _a1_) * x)) + _a6_));{'d0': {'_a0_': 3524.674914039965, '_a1_': -0.8199407125105931, '_a5_': -0.030254925832603426, '_a6_': -0.09863711391401263, '_a2_': 1.0, '_a3_': 1.0, '_a4_': 1.0, '_a7_': 1.0}};{'d0': 0.024885482501866858};-276.524567593312;52.04956171549054
2156;-86.2127220811657;((pow3(-(((x * _a6_) + _a5_))) * _a0_) + (-(((x + _a1_) * x)) + _a6_));{'d0': {'_a0_': 3524.674914039965, '_a1_': -0.8199407125105931, '_a5_': -0.030254925832603426, '_a6_': -0.09863711391401263, '_a2_': 1.0, '_a3_': 1.0, '_a4_': 1.0, '_a7_': 1.0}};{'d0': 0.024885482501866858};-276.524567593312;52.04956171549054
2157;-86.2127220811657;((pow3(-(((x * _a6_) + _a5_))) * _a0_) + (-(((x + _a1_) * x)) + _a6_));{'d0': {'_a0_': 3524.674914039965, '_a1_': -0.8199407125105931, '_a5_': -0.030254925832603426, '_a6_': -0.09863711391401263, '_a2_': 1.0, '_a3_': 1.0, '_a4_': 1.0, '_a7_': 1.0}};{'d0': 0.024885482501866858};-276.524567593312;52.04956171549054
2158;-86.2127220811657;((pow3(-(((x * _a6_) + _a5_))) * _a0_) + (-(((x + _a1_) * x)) + _a6_));{'d0': {'_a0_': 3524.674914039965, '_a1_': -0.8199407125105931, '_a5_': -0.030254925832603426, '_a6_': -0.09863711391401263, '_a2_': 1.0, '_a3_': 1.0, '_a4_': 1.0, '_a7_': 1.0}};{'d0': 0.024885482501866858};-276.524567593312;52.04956171549054
2159;-86.2127220811657;((pow3(-(((x * _a6_) + _a5_))) * _a0_) + (-(((x + _a1_) * x)) + _a6_));{'d0': {'_a0_': 3524.674914039965, '_a1_': -0.8199407125105931, '_a5_': -0.030254925832603426, '_a6_': -0.09863711391401263, '_a2_': 1.0, '_a3_': 1.0, '_a4_': 1.0, '_a7_': 1.0}};{'d0': 0.024885482501866858};-276.524567593312;52.04956171549054
2160;-86.1355293316693;((sinh((((_a5_ * x) + _a4_) * (_a4_ / _a2_))) * _a2_) + _a3_);{'d0': {'_a2_': -0.4639959029859639, '_a3_': -0.3194052488497993, '_a4_': 0.5576897607560107, '_a5_': 2.6302802080214454, '_a0_': 1.0, '_a1_': 1.0, '_a6_': 1.0, '_a7_': 1.0}};{'d0': 0.03628100807638657};-253.903979024421;40.8164601805414
2161;-86.2127220811657;((pow3(-(((x * _a6_) + _a5_))) * _a0_) + (-(((x + _a1_) * x)) + _a6_));{'d0': {'_a0_': 3524.674914039965, '_a1_': -0.8199407125105931, '_a5_': -0.030254925832603426, '_a6_': -0.09863711391401263, '_a2_': 1.0, '_a3_': 1.0, '_a4_': 1.0, '_a7_': 1.0}};{'d0': 0.024885482501866858};-276.524567593312;52.04956171549054
2162;-86.2127220811657;((pow3(-(((x * _a6_) + _a5_))) * _a0_) + (-(((x + _a1_) * x)) + _a6_));{'d0': {'_a0_': 3524.674914039965, '_a1_': -0.8199407125105931, '_a5_': -0.030254925832603426, '_a6_': -0.09863711391401263, '_a2_': 1.0, '_a3_': 1.0, '_a4_': 1.0, '_a7_': 1.0}};{'d0': 0.024885482501866858};-276.524567593312;52.04956171549054
2163;-86.2127220811657;((pow3(-(((x * _a6_) + _a5_))) * _a0_) + (-(((x + _a1_) * x)) + _a6_));{'d0': {'_a0_': 3524.674914039965, '_a1_': -0.8199407125105931, '_a5_': -0.030254925832603426, '_a6_': -0.09863711391401263, '_a2_': 1.0, '_a3_': 1.0, '_a4_': 1.0, '_a7_': 1.0}};{'d0': 0.024885482501866858};-276.524567593312;52.04956171549054
2164;-86.2127220811657;((pow3(-(((x * _a6_) + _a5_))) * _a0_) + (-(((x + _a1_) * x)) + _a6_));{'d0': {'_a0_': 3524.674914039965, '_a1_': -0.8199407125105931, '_a5_': -0.030254925832603426, '_a6_': -0.09863711391401263, '_a2_': 1.0, '_a3_': 1.0, '_a4_': 1.0, '_a7_': 1.0}};{'d0': 0.024885482501866858};-276.524567593312;52.04956171549054
2165;-86.2127220811657;((pow3(-(((x * _a6_) + _a5_))) * _a0_) + (-(((x + _a1_) * x)) + _a6_));{'d0': {'_a0_': 3524.674914039965, '_a1_': -0.8199407125105931, '_a5_': -0.030254925832603426, '_a6_': -0.09863711391401263, '_a2_': 1.0, '_a3_': 1.0, '_a4_': 1.0, '_a7_': 1.0}};{'d0': 0.024885482501866858};-276.524567593312;52.04956171549054
2166;-86.2127220811657;((pow3(-(((x * _a6_) + _a5_))) * _a0_) + (-(((x + _a1_) * x)) + _a6_));{'d0': {'_a0_': 3524.674914039965, '_a1_': -0.8199407125105931, '_a5_': -0.030254925832603426, '_a6_': -0.09863711391401263, '_a2_': 1.0, '_a3_': 1.0, '_a4_': 1.0, '_a7_': 1.0}};{'d0': 0.024885482501866858};-276.524567593312;52.04956171549054
2167;-86.2127220811657;((pow3(-(((x * _a6_) + _a5_))) * _a0_) + (-(((x + _a1_) * x)) + _a6_));{'d0': {'_a0_': 3524.674914039965, '_a1_': -0.8199407125105931, '_a5_': -0.030254925832603426, '_a6_': -0.09863711391401263, '_a2_': 1.0, '_a3_': 1.0, '_a4_': 1.0, '_a7_': 1.0}};{'d0': 0.024885482501866858};-276.524567593312;52.04956171549054
2168;-86.2127220811657;((pow3(-(((x * _a6_) + _a5_))) * _a0_) + (-(((x + _a1_) * x)) + _a6_));{'d0': {'_a0_': 3524.674914039965, '_a1_': -0.8199407125105931, '_a5_': -0.030254925832603426, '_a6_': -0.09863711391401263, '_a2_': 1.0, '_a3_': 1.0, '_a4_': 1.0, '_a7_': 1.0}};{'d0': 0.024885482501866858};-276.524567593312;52.04956171549054
2169;-86.2127220811657;((pow3(-(((x * _a6_) + _a5_))) * _a0_) + (-(((x + _a1_) * x)) + _a6_));{'d0': {'_a0_': 3524.674914039965, '_a1_': -0.8199407125105931, '_a5_': -0.030254925832603426, '_a6_': -0.09863711391401263, '_a2_': 1.0, '_a3_': 1.0, '_a4_': 1.0, '_a7_': 1.0}};{'d0': 0.024885482501866858};-276.524567593312;52.04956171549054
2170;-86.2127220811657;((pow3(-(((x * _a6_) + _a5_))) * _a0_) + (-(((x + _a1_) * x)) + _a6_));{'d0': {'_a0_': 3524.674914039965, '_a1_': -0.8199407125105931, '_a5_': -0.030254925832603426, '_a6_': -0.09863711391401263, '_a2_': 1.0, '_a3_': 1.0, '_a4_': 1.0, '_a7_': 1.0}};{'d0': 0.024885482501866858};-276.524567593312;52.04956171549054
2171;-86.2127220811658;((pow3(-(((x * _a6_) + _a5_))) * _a0_) + (-(((x + _a1_) * _a0_)) + _a6_));{'d0': {'_a0_': -1.3348540712261858, '_a1_': -1.0449662286729733, '_a5_': 0.2838238489665934, '_a6_': 1.363333527965537, '_a2_': 1.0, '_a3_': 1.0, '_a4_': 1.0, '_a7_': 1.0}};{'d0': 0.024885482501866785};-276.524567593313;52.04956171549054
2172;-86.2127220811658;((pow3(-(((x * _a6_) + _a5_))) * _a0_) + (-(((x + _a1_) * _a0_)) + _a6_));{'d0': {'_a0_': -1.3348540712261858, '_a1_': -1.0449662286729733, '_a5_': 0.2838238489665934, '_a6_': 1.363333527965537, '_a2_': 1.0, '_a3_': 1.0, '_a4_': 1.0, '_a7_': 1.0}};{'d0': 0.024885482501866785};-276.524567593313;52.04956171549054
2173;-86.2127220811658;((pow3(-(((x * _a6_) + _a5_))) * _a0_) + (-(((x + _a1_) * _a0_)) + _a6_));{'d0': {'_a0_': -1.3348540712261858, '_a1_': -1.0449662286729733, '_a5_': 0.2838238489665934, '_a6_': 1.363333527965537, '_a2_': 1.0, '_a3_': 1.0, '_a4_': 1.0, '_a7_': 1.0}};{'d0': 0.024885482501866785};-276.524567593313;52.04956171549054
2174;-86.2127220811657;((pow3(-(((x * _a1_) + _a5_))) * _a0_) + (-(((x + _a1_) * _a0_)) + _a6_));{'d0': {'_a0_': -1.3348540716889283, '_a1_': 1.3633335276465106, '_a5_': 0.28382384884323353, '_a6_': -1.8513952069281674, '_a2_': 1.0, '_a3_': 1.0, '_a4_': 1.0, '_a7_': 1.0}};{'d0': 0.024885482501866823};-276.524567593313;52.04956171549054
2175;-86.1355293316693;((sinh((((_a5_ * x) + _a4_) * (_a4_ / _a2_))) * _a2_) + _a3_);{'d0': {'_a2_': -0.4639959029859639, '_a3_': -0.3194052488497993, '_a4_': 0.5576897607560107, '_a5_': 2.6302802080214454, '_a0_': 1.0, '_a1_': 1.0, '_a6_': 1.0, '_a7_': 1.0}};{'d0': 0.03628100807638657};-253.903979024421;40.8164601805414
2176;-86.1355293316693;((sinh((((_a5_ * x) + _a4_) * (_a4_ / _a2_))) * _a2_) + _a3_);{'d0': {'_a2_': -0.4639959029859639, '_a3_': -0.3194052488497993, '_a4_': 0.5576897607560107, '_a5_': 2.6302802080214454, '_a0_': 1.0, '_a1_': 1.0, '_a6_': 1.0, '_a7_': 1.0}};{'d0': 0.03628100807638657};-253.903979024421;40.8164601805414
2177;-82.4555821714090;((sinh((((-(_a0_) * x) + _a4_) * (_a4_ / _a2_))) * _a2_) + _a3_);{'d0': {'_a0_': -2.6302802081969854, '_a2_': 0.4639959030320692, '_a3_': -0.3194052487738279, '_a4_': 0.557689760741147, '_a1_': 1.0, '_a5_': 1.0, '_a6_': 1.0, '_a7_': 1.0}};{'d0': 0.03628100807638647};-253.903979024421;44.49640734080179
2178;-82.4555821714090;((sinh((((-(_a0_) * x) + _a4_) * (_a4_ / _a2_))) * _a2_) + _a3_);{'d0': {'_a0_': -2.6302802081969854, '_a2_': 0.4639959030320692, '_a3_': -0.3194052487738279, '_a4_': 0.557689760741147, '_a1_': 1.0, '_a5_': 1.0, '_a6_': 1.0, '_a7_': 1.0}};{'d0': 0.03628100807638647};-253.903979024421;44.49640734080179
2179;-82.4555821714090;((sinh((((-(_a0_) * x) + _a4_) * (_a4_ / _a2_))) * _a2_) + _a3_);{'d0': {'_a0_': -2.6302802081969854, '_a2_': 0.4639959030320692, '_a3_': -0.3194052487738279, '_a4_': 0.557689760741147, '_a1_': 1.0, '_a5_': 1.0, '_a6_': 1.0, '_a7_': 1.0}};{'d0': 0.03628100807638647};-253.903979024421;44.49640734080179
2180;-82.4555821714090;((sinh((((-(_a0_) * x) + _a4_) * (_a4_ / _a2_))) * _a2_) + _a3_);{'d0': {'_a0_': -2.6302802081969854, '_a2_': 0.4639959030320692, '_a3_': -0.3194052487738279, '_a4_': 0.557689760741147, '_a1_': 1.0, '_a5_': 1.0, '_a6_': 1.0, '_a7_': 1.0}};{'d0': 0.03628100807638647};-253.903979024421;44.49640734080179
2181;-82.4555821714090;((sinh((((-(_a0_) * x) + _a4_) * (_a4_ / _a2_))) * _a2_) + _a3_);{'d0': {'_a0_': -2.6302802081969854, '_a2_': 0.4639959030320692, '_a3_': -0.3194052487738279, '_a4_': 0.557689760741147, '_a1_': 1.0, '_a5_': 1.0, '_a6_': 1.0, '_a7_': 1.0}};{'d0': 0.03628100807638647};-253.903979024421;44.49640734080179
2182;-82.4555821714090;((sinh((((-(_a0_) * x) + _a4_) * (_a4_ / _a2_))) * _a2_) + _a3_);{'d0': {'_a0_': -2.6302802081969854, '_a2_': 0.4639959030320692, '_a3_': -0.3194052487738279, '_a4_': 0.557689760741147, '_a1_': 1.0, '_a5_': 1.0, '_a6_': 1.0, '_a7_': 1.0}};{'d0': 0.03628100807638647};-253.903979024421;44.49640734080179
2183;-82.4555821714090;((sinh((((-(_a0_) * x) + _a4_) * (_a4_ / _a2_))) * _a2_) + _a3_);{'d0': {'_a0_': -2.6302802081969854, '_a2_': 0.4639959030320692, '_a3_': -0.3194052487738279, '_a4_': 0.557689760741147, '_a1_': 1.0, '_a5_': 1.0, '_a6_': 1.0, '_a7_': 1.0}};{'d0': 0.03628100807638647};-253.903979024421;44.49640734080179
2184;-88.2558739378115;((sinh((((-(_a0_) * x) + _a4_) * _a4_)) * _a2_) + _a3_);{'d0': {'_a0_': -3.8614013545151122, '_a2_': 0.4639959012322397, '_a3_': -0.3194052485619701, '_a4_': 0.8187203745422039, '_a1_': 1.0, '_a5_': 1.0, '_a6_': 1.0, '_a7_': 1.0}};{'d0': 0.036281008076386345};-253.903979024422;38.696115574399386
2185;-88.2558739378115;((sinh((((-(_a0_) * x) + _a4_) * _a4_)) * _a2_) + _a3_);{'d0': {'_a0_': -3.8614013545151122, '_a2_': 0.4639959012322397, '_a3_': -0.3194052485619701, '_a4_': 0.8187203745422039, '_a1_': 1.0, '_a5_': 1.0, '_a6_': 1.0, '_a7_': 1.0}};{'d0': 0.036281008076386345};-253.903979024422;38.696115574399386
2186;-88.2558739378115;((sinh((((-(_a0_) * x) + _a4_) * _a4_)) * _a2_) + _a3_);{'d0': {'_a0_': -3.8614013545151122, '_a2_': 0.4639959012322397, '_a3_': -0.3194052485619701, '_a4_': 0.8187203745422039, '_a1_': 1.0, '_a5_': 1.0, '_a6_': 1.0, '_a7_': 1.0}};{'d0': 0.036281008076386345};-253.903979024422;38.696115574399386
2187;-88.2558739378115;((sinh((((-(_a0_) * x) + _a4_) * _a4_)) * _a2_) + _a3_);{'d0': {'_a0_': -3.8614013545151122, '_a2_': 0.4639959012322397, '_a3_': -0.3194052485619701, '_a4_': 0.8187203745422039, '_a1_': 1.0, '_a5_': 1.0, '_a6_': 1.0, '_a7_': 1.0}};{'d0': 0.036281008076386345};-253.903979024422;38.696115574399386
2188;-88.2558739378115;((sinh((((-(_a0_) * x) + _a4_) * _a4_)) * _a2_) + _a3_);{'d0': {'_a0_': -3.8614013545151122, '_a2_': 0.4639959012322397, '_a3_': -0.3194052485619701, '_a4_': 0.8187203745422039, '_a1_': 1.0, '_a5_': 1.0, '_a6_': 1.0, '_a7_': 1.0}};{'d0': 0.036281008076386345};-253.903979024422;38.696115574399386
2189;-88.2558739378115;((sinh((((-(_a0_) * x) + _a4_) * _a4_)) * _a2_) + _a3_);{'d0': {'_a0_': -3.8614013545151122, '_a2_': 0.4639959012322397, '_a3_': -0.3194052485619701, '_a4_': 0.8187203745422039, '_a1_': 1.0, '_a5_': 1.0, '_a6_': 1.0, '_a7_': 1.0}};{'d0': 0.036281008076386345};-253.903979024422;38.696115574399386
2190;-88.2558739378115;((sinh((((-(_a0_) * x) + _a4_) * _a4_)) * _a2_) + _a3_);{'d0': {'_a0_': -3.8614013545151122, '_a2_': 0.4639959012322397, '_a3_': -0.3194052485619701, '_a4_': 0.8187203745422039, '_a1_': 1.0, '_a5_': 1.0, '_a6_': 1.0, '_a7_': 1.0}};{'d0': 0.036281008076386345};-253.903979024422;38.696115574399386
2191;-88.2558739378115;((sinh((((-(_a0_) * x) + _a4_) * _a4_)) * _a2_) + _a3_);{'d0': {'_a0_': -3.8614013545151122, '_a2_': 0.4639959012322397, '_a3_': -0.3194052485619701, '_a4_': 0.8187203745422039, '_a1_': 1.0, '_a5_': 1.0, '_a6_': 1.0, '_a7_': 1.0}};{'d0': 0.036281008076386345};-253.903979024422;38.696115574399386
2192;-88.2558739378115;((sinh((((-(_a0_) * x) + _a4_) * _a4_)) * _a2_) + _a3_);{'d0': {'_a0_': -3.8614013545151122, '_a2_': 0.4639959012322397, '_a3_': -0.3194052485619701, '_a4_': 0.8187203745422039, '_a1_': 1.0, '_a5_': 1.0, '_a6_': 1.0, '_a7_': 1.0}};{'d0': 0.036281008076386345};-253.903979024422;38.696115574399386
2193;-103.740652132046;(((((x * (x + _a0_)) * _a7_) * x) + x) * sqrt(_a4_));{'d0': {'_a0_': 0.6238594155131124, '_a4_': 3.151105702113613, '_a7_': 1.9022553842813241, '_a1_': 1.0, '_a2_': 1.0, '_a3_': 1.0, '_a5_': 1.0, '_a6_': 1.0}};{'d0': 0.02490583291941661};-280.569866449044;36.544281092476
2194;-103.740652132046;(((((x * (x + _a0_)) * _a7_) * x) + x) * sqrt(_a4_));{'d0': {'_a0_': 0.6238594155131124, '_a4_': 3.151105702113613, '_a7_': 1.9022553842813241, '_a1_': 1.0, '_a2_': 1.0, '_a3_': 1.0, '_a5_': 1.0, '_a6_': 1.0}};{'d0': 0.02490583291941661};-280.569866449044;36.544281092476
2195;-103.740652132046;(((((x * (x + _a0_)) * _a7_) * x) + x) * sqrt(_a4_));{'d0': {'_a0_': 0.6238594155131124, '_a4_': 3.151105702113613, '_a7_': 1.9022553842813241, '_a1_': 1.0, '_a2_': 1.0, '_a3_': 1.0, '_a5_': 1.0, '_a6_': 1.0}};{'d0': 0.02490583291941661};-280.569866449044;36.544281092476
2196;-103.740652132046;(((((x * (x + _a0_)) * _a7_) * x) + x) * sqrt(_a4_));{'d0': {'_a0_': 0.6238594155131124, '_a4_': 3.151105702113613, '_a7_': 1.9022553842813241, '_a1_': 1.0, '_a2_': 1.0, '_a3_': 1.0, '_a5_': 1.0, '_a6_': 1.0}};{'d0': 0.02490583291941661};-280.569866449044;36.544281092476
2197;-103.740652132046;(((((x * (x + _a0_)) * _a7_) * x) + x) * sqrt(_a4_));{'d0': {'_a0_': 0.6238594155131124, '_a4_': 3.151105702113613, '_a7_': 1.9022553842813241, '_a1_': 1.0, '_a2_': 1.0, '_a3_': 1.0, '_a5_': 1.0, '_a6_': 1.0}};{'d0': 0.02490583291941661};-280.569866449044;36.544281092476
2198;-103.740652132046;(((((x * (x + _a0_)) * _a7_) * x) + x) * sqrt(_a4_));{'d0': {'_a0_': 0.6238594155131124, '_a4_': 3.151105702113613, '_a7_': 1.9022553842813241, '_a1_': 1.0, '_a2_': 1.0, '_a3_': 1.0, '_a5_': 1.0, '_a6_': 1.0}};{'d0': 0.02490583291941661};-280.569866449044;36.544281092476
2199;-103.740652132046;(((((x * (x + _a0_)) * _a7_) * x) + x) * sqrt(_a4_));{'d0': {'_a0_': 0.6238594155131124, '_a4_': 3.151105702113613, '_a7_': 1.9022553842813241, '_a1_': 1.0, '_a2_': 1.0, '_a3_': 1.0, '_a5_': 1.0, '_a6_': 1.0}};{'d0': 0.02490583291941661};-280.569866449044;36.544281092476
2200;-103.740652132046;(((((x * (x + _a0_)) * _a7_) * x) + x) * sqrt(_a4_));{'d0': {'_a0_': 0.6238594155131124, '_a4_': 3.151105702113613, '_a7_': 1.9022553842813241, '_a1_': 1.0, '_a2_': 1.0, '_a3_': 1.0, '_a5_': 1.0, '_a6_': 1.0}};{'d0': 0.02490583291941661};-280.569866449044;36.544281092476
2201;-103.740652132046;(((((x * (x + _a0_)) * _a7_) * x) + x) * sqrt(_a4_));{'d0': {'_a0_': 0.6238594155131124, '_a4_': 3.151105702113613, '_a7_': 1.9022553842813241, '_a1_': 1.0, '_a2_': 1.0, '_a3_': 1.0, '_a5_': 1.0, '_a6_': 1.0}};{'d0': 0.02490583291941661};-280.569866449044;36.544281092476
2202;-103.740652132046;(((((x * (x + _a0_)) * _a7_) * x) + x) * sqrt(_a4_));{'d0': {'_a0_': 0.6238594155131124, '_a4_': 3.151105702113613, '_a7_': 1.9022553842813241, '_a1_': 1.0, '_a2_': 1.0, '_a3_': 1.0, '_a5_': 1.0, '_a6_': 1.0}};{'d0': 0.02490583291941661};-280.569866449044;36.544281092476
2203;-103.740652132046;(((((x * (x + _a0_)) * _a7_) * x) + x) * sqrt(_a4_));{'d0': {'_a0_': 0.6238594155131124, '_a4_': 3.151105702113613, '_a7_': 1.9022553842813241, '_a1_': 1.0, '_a2_': 1.0, '_a3_': 1.0, '_a5_': 1.0, '_a6_': 1.0}};{'d0': 0.02490583291941661};-280.569866449044;36.544281092476
2204;-103.740652132046;(((((x * (x + _a0_)) * _a7_) * x) + x) * sqrt(_a4_));{'d0': {'_a0_': 0.6238594155131124, '_a4_': 3.151105702113613, '_a7_': 1.9022553842813241, '_a1_': 1.0, '_a2_': 1.0, '_a3_': 1.0, '_a5_': 1.0, '_a6_': 1.0}};{'d0': 0.02490583291941661};-280.569866449044;36.544281092476
2205;-103.740652132046;(((((x * (x + _a0_)) * _a7_) * x) + x) * sqrt(_a4_));{'d0': {'_a0_': 0.6238594155131124, '_a4_': 3.151105702113613, '_a7_': 1.9022553842813241, '_a1_': 1.0, '_a2_': 1.0, '_a3_': 1.0, '_a5_': 1.0, '_a6_': 1.0}};{'d0': 0.02490583291941661};-280.569866449044;36.544281092476
2206;-103.740652132046;(((((x * (x + _a0_)) * _a7_) * x) + x) * sqrt(_a4_));{'d0': {'_a0_': 0.6238594155131124, '_a4_': 3.151105702113613, '_a7_': 1.9022553842813241, '_a1_': 1.0, '_a2_': 1.0, '_a3_': 1.0, '_a5_': 1.0, '_a6_': 1.0}};{'d0': 0.02490583291941661};-280.569866449044;36.544281092476
2207;-103.740652132046;(((((x * (x + _a0_)) * _a7_) * x) + x) * sqrt(_a4_));{'d0': {'_a0_': 0.6238594155131124, '_a4_': 3.151105702113613, '_a7_': 1.9022553842813241, '_a1_': 1.0, '_a2_': 1.0, '_a3_': 1.0, '_a5_': 1.0, '_a6_': 1.0}};{'d0': 0.02490583291941661};-280.569866449044;36.544281092476
2208;-103.740652132046;(((((x * (x + _a0_)) * _a7_) * x) + x) * sqrt(_a4_));{'d0': {'_a0_': 0.6238594155131124, '_a4_': 3.151105702113613, '_a7_': 1.9022553842813241, '_a1_': 1.0, '_a2_': 1.0, '_a3_': 1.0, '_a5_': 1.0, '_a6_': 1.0}};{'d0': 0.02490583291941661};-280.569866449044;36.544281092476
2209;-103.740652132046;(((((x * (x + _a0_)) * _a7_) * x) + x) * sqrt(_a4_));{'d0': {'_a0_': 0.6238594155131124, '_a4_': 3.151105702113613, '_a7_': 1.9022553842813241, '_a1_': 1.0, '_a2_': 1.0, '_a3_': 1.0, '_a5_': 1.0, '_a6_': 1.0}};{'d0': 0.02490583291941661};-280.569866449044;36.544281092476
2210;-103.740652132046;(((((x * (x + _a0_)) * _a7_) * x) + x) * sqrt(_a4_));{'d0': {'_a0_': 0.6238594155131124, '_a4_': 3.151105702113613, '_a7_': 1.9022553842813241, '_a1_': 1.0, '_a2_': 1.0, '_a3_': 1.0, '_a5_': 1.0, '_a6_': 1.0}};{'d0': 0.02490583291941661};-280.569866449044;36.544281092476
2211;-103.740652132046;(((((x * (x + _a0_)) * _a7_) * x) + x) * sqrt(_a4_));{'d0': {'_a0_': 0.6238594155131124, '_a4_': 3.151105702113613, '_a7_': 1.9022553842813241, '_a1_': 1.0, '_a2_': 1.0, '_a3_': 1.0, '_a5_': 1.0, '_a6_': 1.0}};{'d0': 0.02490583291941661};-280.569866449044;36.544281092476
2212;-103.740652132046;(((((x * (x + _a0_)) * _a7_) * x) + x) * sqrt(_a4_));{'d0': {'_a0_': 0.6238594155131124, '_a4_': 3.151105702113613, '_a7_': 1.9022553842813241, '_a1_': 1.0, '_a2_': 1.0, '_a3_': 1.0, '_a5_': 1.0, '_a6_': 1.0}};{'d0': 0.02490583291941661};-280.569866449044;36.544281092476
2213;-102.416966796466;(((((x * (x + _a0_)) * _a7_) * x) + x) * (_a7_ ** _a1_));{'d0': {'_a0_': 0.6238594157490958, '_a1_': 0.8924429339357016, '_a7_': 1.9022553805297917, '_a2_': 1.0, '_a3_': 1.0, '_a4_': 1.0, '_a5_': 1.0, '_a6_': 1.0}};{'d0': 0.02490583291941661};-280.569866449044;37.867966428056
2214;-102.416966796466;(((((x * (x + _a0_)) * _a7_) * x) + x) * (_a7_ ** _a1_));{'d0': {'_a0_': 0.6238594157490958, '_a1_': 0.8924429339357016, '_a7_': 1.9022553805297917, '_a2_': 1.0, '_a3_': 1.0, '_a4_': 1.0, '_a5_': 1.0, '_a6_': 1.0}};{'d0': 0.02490583291941661};-280.569866449044;37.867966428056
2215;-102.416966796466;(((((x * (x + _a0_)) * _a7_) * x) + x) * (_a7_ ** _a1_));{'d0': {'_a0_': 0.6238594157490958, '_a1_': 0.8924429339357016, '_a7_': 1.9022553805297917, '_a2_': 1.0, '_a3_': 1.0, '_a4_': 1.0, '_a5_': 1.0, '_a6_': 1.0}};{'d0': 0.02490583291941661};-280.569866449044;37.867966428056
2216;-102.416966796466;(((((x * (x + _a0_)) * _a7_) * x) + x) * (_a7_ ** _a1_));{'d0': {'_a0_': 0.6238594157490958, '_a1_': 0.8924429339357016, '_a7_': 1.9022553805297917, '_a2_': 1.0, '_a3_': 1.0, '_a4_': 1.0, '_a5_': 1.0, '_a6_': 1.0}};{'d0': 0.02490583291941661};-280.569866449044;37.867966428056
2217;-102.416966796466;(((((x * (x + _a0_)) * _a7_) * x) + x) * (_a7_ ** _a1_));{'d0': {'_a0_': 0.6238594157490958, '_a1_': 0.8924429339357016, '_a7_': 1.9022553805297917, '_a2_': 1.0, '_a3_': 1.0, '_a4_': 1.0, '_a5_': 1.0, '_a6_': 1.0}};{'d0': 0.02490583291941661};-280.569866449044;37.867966428056
2218;-102.416966796466;(((((x * (x + _a0_)) * _a7_) * x) + x) * (_a7_ ** _a1_));{'d0': {'_a0_': 0.6238594157490958, '_a1_': 0.8924429339357016, '_a7_': 1.9022553805297917, '_a2_': 1.0, '_a3_': 1.0, '_a4_': 1.0, '_a5_': 1.0, '_a6_': 1.0}};{'d0': 0.02490583291941661};-280.569866449044;37.867966428056
2219;-102.416966796466;(((((x * (x + _a0_)) * _a7_) * x) + x) * (_a7_ ** _a1_));{'d0': {'_a0_': 0.6238594157490958, '_a1_': 0.8924429339357016, '_a7_': 1.9022553805297917, '_a2_': 1.0, '_a3_': 1.0, '_a4_': 1.0, '_a5_': 1.0, '_a6_': 1.0}};{'d0': 0.02490583291941661};-280.569866449044;37.867966428056
2220;-102.416966796466;(((((x * (x + _a0_)) * _a7_) * x) + x) * (_a7_ ** _a1_));{'d0': {'_a0_': 0.6238594157490958, '_a1_': 0.8924429339357016, '_a7_': 1.9022553805297917, '_a2_': 1.0, '_a3_': 1.0, '_a4_': 1.0, '_a5_': 1.0, '_a6_': 1.0}};{'d0': 0.02490583291941661};-280.569866449044;37.867966428056
2221;-104.058817930787;(((((x * (x + _a0_)) * _a7_) * x) + x) * (_a7_ * _a1_));{'d0': {'_a0_': 0.6238594154306909, '_a1_': 0.9331740721069957, '_a7_': 1.9022553846438757, '_a2_': 1.0, '_a3_': 1.0, '_a4_': 1.0, '_a5_': 1.0, '_a6_': 1.0}};{'d0': 0.024905832919416605};-280.569866449044;36.226115293735
2222;-104.058817930787;(((((x * (x + _a0_)) * _a7_) * x) + x) * (_a7_ * _a1_));{'d0': {'_a0_': 0.6238594154306909, '_a1_': 0.9331740721069957, '_a7_': 1.9022553846438757, '_a2_': 1.0, '_a3_': 1.0, '_a4_': 1.0, '_a5_': 1.0, '_a6_': 1.0}};{'d0': 0.024905832919416605};-280.569866449044;36.226115293735
2223;-104.058817930787;(((((x * (x + _a0_)) * _a7_) * x) + x) * (_a7_ * _a1_));{'d0': {'_a0_': 0.6238594154306909, '_a1_': 0.9331740721069957, '_a7_': 1.9022553846438757, '_a2_': 1.0, '_a3_': 1.0, '_a4_': 1.0, '_a5_': 1.0, '_a6_': 1.0}};{'d0': 0.024905832919416605};-280.569866449044;36.226115293735
2224;-104.058817930787;(((((x * (x + _a0_)) * _a7_) * x) + x) * (_a7_ * _a1_));{'d0': {'_a0_': 0.6238594154306909, '_a1_': 0.9331740721069957, '_a7_': 1.9022553846438757, '_a2_': 1.0, '_a3_': 1.0, '_a4_': 1.0, '_a5_': 1.0, '_a6_': 1.0}};{'d0': 0.024905832919416605};-280.569866449044;36.226115293735
2225;-104.058817930787;(((((x * (x + _a0_)) * _a7_) * x) + x) * (_a7_ * _a1_));{'d0': {'_a0_': 0.6238594154306909, '_a1_': 0.9331740721069957, '_a7_': 1.9022553846438757, '_a2_': 1.0, '_a3_': 1.0, '_a4_': 1.0, '_a5_': 1.0, '_a6_': 1.0}};{'d0': 0.024905832919416605};-280.569866449044;36.226115293735
2226;-104.058817930787;(((((x * (x + _a0_)) * _a7_) * x) + x) * (_a7_ * _a1_));{'d0': {'_a0_': 0.6238594154306909, '_a1_': 0.9331740721069957, '_a7_': 1.9022553846438757, '_a2_': 1.0, '_a3_': 1.0, '_a4_': 1.0, '_a5_': 1.0, '_a6_': 1.0}};{'d0': 0.024905832919416605};-280.569866449044;36.226115293735
2227;-104.058817930787;(((((x * (x + _a0_)) * _a7_) * x) + x) * (_a7_ * _a1_));{'d0': {'_a0_': 0.6238594154306909, '_a1_': 0.9331740721069957, '_a7_': 1.9022553846438757, '_a2_': 1.0, '_a3_': 1.0, '_a4_': 1.0, '_a5_': 1.0, '_a6_': 1.0}};{'d0': 0.024905832919416605};-280.569866449044;36.226115293735
2228;-104.058817930787;(((((x * (x + _a0_)) * _a7_) * x) + x) * (_a7_ * _a1_));{'d0': {'_a0_': 0.6238594154306909, '_a1_': 0.9331740721069957, '_a7_': 1.9022553846438757, '_a2_': 1.0, '_a3_': 1.0, '_a4_': 1.0, '_a5_': 1.0, '_a6_': 1.0}};{'d0': 0.024905832919416605};-280.569866449044;36.226115293735
2229;-104.058817930787;(((((x * (x + _a0_)) * _a7_) * x) + x) * (_a7_ * _a1_));{'d0': {'_a0_': 0.6238594154306909, '_a1_': 0.9331740721069957, '_a7_': 1.9022553846438757, '_a2_': 1.0, '_a3_': 1.0, '_a4_': 1.0, '_a5_': 1.0, '_a6_': 1.0}};{'d0': 0.024905832919416605};-280.569866449044;36.226115293735
2230;-104.058817930787;(((((x * (x + _a0_)) * _a7_) * x) + x) * (_a7_ * _a1_));{'d0': {'_a0_': 0.6238594154306909, '_a1_': 0.9331740721069957, '_a7_': 1.9022553846438757, '_a2_': 1.0, '_a3_': 1.0, '_a4_': 1.0, '_a5_': 1.0, '_a6_': 1.0}};{'d0': 0.024905832919416605};-280.569866449044;36.226115293735
2231;-104.058817930787;(((((x * (x + _a0_)) * _a7_) * x) + x) * (_a7_ * _a1_));{'d0': {'_a0_': 0.6238594154306909, '_a1_': 0.9331740721069957, '_a7_': 1.9022553846438757, '_a2_': 1.0, '_a3_': 1.0, '_a4_': 1.0, '_a5_': 1.0, '_a6_': 1.0}};{'d0': 0.024905832919416605};-280.569866449044;36.226115293735
2232;-104.058817930787;(((((x * (x + _a0_)) * _a7_) * x) + x) * (_a7_ * _a1_));{'d0': {'_a0_': 0.6238594154306909, '_a1_': 0.9331740721069957, '_a7_': 1.9022553846438757, '_a2_': 1.0, '_a3_': 1.0, '_a4_': 1.0, '_a5_': 1.0, '_a6_': 1.0}};{'d0': 0.024905832919416605};-280.569866449044;36.226115293735
2233;-104.058817930787;(((((x * (x + _a0_)) * _a7_) * x) + x) * (_a7_ * _a1_));{'d0': {'_a0_': 0.6238594154306909, '_a1_': 0.9331740721069957, '_a7_': 1.9022553846438757, '_a2_': 1.0, '_a3_': 1.0, '_a4_': 1.0, '_a5_': 1.0, '_a6_': 1.0}};{'d0': 0.024905832919416605};-280.569866449044;36.226115293735
2234;-104.058817930787;(((((x * (x + _a0_)) * _a7_) * x) + x) * (_a7_ * _a1_));{'d0': {'_a0_': 0.6238594154306909, '_a1_': 0.9331740721069957, '_a7_': 1.9022553846438757, '_a2_': 1.0, '_a3_': 1.0, '_a4_': 1.0, '_a5_': 1.0, '_a6_': 1.0}};{'d0': 0.024905832919416605};-280.569866449044;36.226115293735
2235;-104.058817930787;(((((x * (x + _a0_)) * _a7_) * x) + x) * (_a7_ * _a1_));{'d0': {'_a0_': 0.6238594154306909, '_a1_': 0.9331740721069957, '_a7_': 1.9022553846438757, '_a2_': 1.0, '_a3_': 1.0, '_a4_': 1.0, '_a5_': 1.0, '_a6_': 1.0}};{'d0': 0.024905832919416605};-280.569866449044;36.226115293735
2236;-104.058817930787;(((((x * (x + _a0_)) * _a7_) * x) + x) * (_a7_ * _a1_));{'d0': {'_a0_': 0.6238594154306909, '_a1_': 0.9331740721069957, '_a7_': 1.9022553846438757, '_a2_': 1.0, '_a3_': 1.0, '_a4_': 1.0, '_a5_': 1.0, '_a6_': 1.0}};{'d0': 0.024905832919416605};-280.569866449044;36.226115293735
2237;-104.058817930787;(((((x * (x + _a0_)) * _a7_) * x) + x) * (_a7_ * _a1_));{'d0': {'_a0_': 0.6238594154306909, '_a1_': 0.9331740721069957, '_a7_': 1.9022553846438757, '_a2_': 1.0, '_a3_': 1.0, '_a4_': 1.0, '_a5_': 1.0, '_a6_': 1.0}};{'d0': 0.024905832919416605};-280.569866449044;36.226115293735
2238;-104.058817930787;(((((x * (x + _a0_)) * _a7_) * x) + x) * (_a7_ * _a1_));{'d0': {'_a0_': 0.6238594154306909, '_a1_': 0.9331740721069957, '_a7_': 1.9022553846438757, '_a2_': 1.0, '_a3_': 1.0, '_a4_': 1.0, '_a5_': 1.0, '_a6_': 1.0}};{'d0': 0.024905832919416605};-280.569866449044;36.226115293735
2239;-104.058817930787;(((((x * (x + _a0_)) * _a7_) * x) + x) * (_a7_ * _a1_));{'d0': {'_a0_': 0.6238594154306909, '_a1_': 0.9331740721069957, '_a7_': 1.9022553846438757, '_a2_': 1.0, '_a3_': 1.0, '_a4_': 1.0, '_a5_': 1.0, '_a6_': 1.0}};{'d0': 0.024905832919416605};-280.569866449044;36.226115293735
2240;-72.9297013216110;-(((pow3(-(((x * _a1_) + _a5_))) * _a0_) + (-(((x + -(_a5_)) * _a0_)) + (_a3_ + _a1_))));{'d0': {'_a0_': 1.3348540736433012, '_a1_': 1.3633335262999207, '_a3_': -1.7106530506408117, '_a5_': 0.28382384850993675, '_a2_': 1.0, '_a4_': 1.0, '_a6_': 1.0, '_a7_': 1.0}};{'d0': 0.02488548250186687};-276.524567593312;65.33258247504523
2241;-72.9297013216110;-(((pow3(-(((x * _a1_) + _a5_))) * _a0_) + (-(((x + -(_a5_)) * _a0_)) + (_a3_ + _a1_))));{'d0': {'_a0_': 1.3348540736433012, '_a1_': 1.3633335262999207, '_a3_': -1.7106530506408117, '_a5_': 0.28382384850993675, '_a2_': 1.0, '_a4_': 1.0, '_a6_': 1.0, '_a7_': 1.0}};{'d0': 0.02488548250186687};-276.524567593312;65.33258247504523
2242;-72.9297013216110;-(((pow3(-(((x * _a1_) + _a5_))) * _a0_) + (-(((x + -(_a5_)) * _a0_)) + (_a3_ + _a1_))));{'d0': {'_a0_': 1.3348540736433012, '_a1_': 1.3633335262999207, '_a3_': -1.7106530506408117, '_a5_': 0.28382384850993675, '_a2_': 1.0, '_a4_': 1.0, '_a6_': 1.0, '_a7_': 1.0}};{'d0': 0.02488548250186687};-276.524567593312;65.33258247504523
2243;-72.9297013216110;-(((pow3(-(((x * _a1_) + _a5_))) * _a0_) + (-(((x + -(_a5_)) * _a0_)) + (_a3_ + _a1_))));{'d0': {'_a0_': 1.3348540736433012, '_a1_': 1.3633335262999207, '_a3_': -1.7106530506408117, '_a5_': 0.28382384850993675, '_a2_': 1.0, '_a4_': 1.0, '_a6_': 1.0, '_a7_': 1.0}};{'d0': 0.02488548250186687};-276.524567593312;65.33258247504523
2244;-72.9297013216110;-(((pow3(-(((x * _a1_) + _a5_))) * _a0_) + (-(((x + -(_a5_)) * _a0_)) + (_a3_ + _a1_))));{'d0': {'_a0_': 1.3348540736433012, '_a1_': 1.3633335262999207, '_a3_': -1.7106530506408117, '_a5_': 0.28382384850993675, '_a2_': 1.0, '_a4_': 1.0, '_a6_': 1.0, '_a7_': 1.0}};{'d0': 0.02488548250186687};-276.524567593312;65.33258247504523
2245;-72.9297013216110;-(((pow3(-(((x * _a1_) + _a5_))) * _a0_) + (-(((x + -(_a5_)) * _a0_)) + (_a3_ + _a1_))));{'d0': {'_a0_': 1.3348540736433012, '_a1_': 1.3633335262999207, '_a3_': -1.7106530506408117, '_a5_': 0.28382384850993675, '_a2_': 1.0, '_a4_': 1.0, '_a6_': 1.0, '_a7_': 1.0}};{'d0': 0.02488548250186687};-276.524567593312;65.33258247504523
2246;-72.9297013216110;-(((pow3(-(((x * _a1_) + _a5_))) * _a0_) + (-(((x + -(_a5_)) * _a0_)) + (_a3_ + _a1_))));{'d0': {'_a0_': 1.3348540736433012, '_a1_': 1.3633335262999207, '_a3_': -1.7106530506408117, '_a5_': 0.28382384850993675, '_a2_': 1.0, '_a4_': 1.0, '_a6_': 1.0, '_a7_': 1.0}};{'d0': 0.02488548250186687};-276.524567593312;65.33258247504523
2247;-76.6111637158736;((pow3(-(((x * _a1_) + _a5_))) * _a0_) + (-(((x + -(_a5_)) * _a0_)) + (_a3_ + _a1_)));{'d0': {'_a0_': -1.3348540733127734, '_a1_': 1.3633335264446227, '_a3_': -1.0160140022340955, '_a5_': 0.283823848365318, '_a2_': 1.0, '_a4_': 1.0, '_a6_': 1.0, '_a7_': 1.0}};{'d0': 0.024885482501866944};-276.524567593312;61.6511200807825
2248;-76.6111637158736;((pow3(-(((x * _a1_) + _a5_))) * _a0_) + (-(((x + -(_a5_)) * _a0_)) + (_a3_ + _a1_)));{'d0': {'_a0_': -1.3348540733127734, '_a1_': 1.3633335264446227, '_a3_': -1.0160140022340955, '_a5_': 0.283823848365318, '_a2_': 1.0, '_a4_': 1.0, '_a6_': 1.0, '_a7_': 1.0}};{'d0': 0.024885482501866944};-276.524567593312;61.6511200807825
2249;-76.6111637158736;((pow3(-(((x * _a1_) + _a5_))) * _a0_) + (-(((x + -(_a5_)) * _a0_)) + (_a3_ + _a1_)));{'d0': {'_a0_': -1.3348540733127734, '_a1_': 1.3633335264446227, '_a3_': -1.0160140022340955, '_a5_': 0.283823848365318, '_a2_': 1.0, '_a4_': 1.0, '_a6_': 1.0, '_a7_': 1.0}};{'d0': 0.024885482501866944};-276.524567593312;61.6511200807825
2250;-76.6111637158736;((pow3(-(((x * _a1_) + _a5_))) * _a0_) + (-(((x + -(_a5_)) * _a0_)) + (_a3_ + _a1_)));{'d0': {'_a0_': -1.3348540733127734, '_a1_': 1.3633335264446227, '_a3_': -1.0160140022340955, '_a5_': 0.283823848365318, '_a2_': 1.0, '_a4_': 1.0, '_a6_': 1.0, '_a7_': 1.0}};{'d0': 0.024885482501866944};-276.524567593312;61.6511200807825
2251;-76.6111637158736;((pow3(-(((x * _a1_) + _a5_))) * _a0_) + (-(((x + -(_a5_)) * _a0_)) + (_a3_ + _a1_)));{'d0': {'_a0_': -1.3348540733127734, '_a1_': 1.3633335264446227, '_a3_': -1.0160140022340955, '_a5_': 0.283823848365318, '_a2_': 1.0, '_a4_': 1.0, '_a6_': 1.0, '_a7_': 1.0}};{'d0': 0.024885482501866944};-276.524567593312;61.6511200807825
2252;-76.6111637158736;((pow3(-(((x * _a1_) + _a5_))) * _a0_) + (-(((x + -(_a5_)) * _a0_)) + (_a3_ + _a1_)));{'d0': {'_a0_': -1.3348540733127734, '_a1_': 1.3633335264446227, '_a3_': -1.0160140022340955, '_a5_': 0.283823848365318, '_a2_': 1.0, '_a4_': 1.0, '_a6_': 1.0, '_a7_': 1.0}};{'d0': 0.024885482501866944};-276.524567593312;61.6511200807825
2253;-76.6111637158736;((pow3(-(((x * _a1_) + _a5_))) * _a0_) + (-(((x + -(_a5_)) * _a0_)) + (_a3_ + _a1_)));{'d0': {'_a0_': -1.3348540733127734, '_a1_': 1.3633335264446227, '_a3_': -1.0160140022340955, '_a5_': 0.283823848365318, '_a2_': 1.0, '_a4_': 1.0, '_a6_': 1.0, '_a7_': 1.0}};{'d0': 0.024885482501866944};-276.524567593312;61.6511200807825
2254;-76.6111637158736;((pow3(-(((x * _a1_) + _a5_))) * _a0_) + (-(((x + -(_a5_)) * _a0_)) + (_a3_ + _a1_)));{'d0': {'_a0_': -1.3348540733127734, '_a1_': 1.3633335264446227, '_a3_': -1.0160140022340955, '_a5_': 0.283823848365318, '_a2_': 1.0, '_a4_': 1.0, '_a6_': 1.0, '_a7_': 1.0}};{'d0': 0.024885482501866944};-276.524567593312;61.6511200807825
2255;-76.6111637158736;((pow3(-(((x * _a1_) + _a5_))) * _a0_) + (-(((x + -(_a5_)) * _a0_)) + (_a3_ + _a1_)));{'d0': {'_a0_': -1.3348540733127734, '_a1_': 1.3633335264446227, '_a3_': -1.0160140022340955, '_a5_': 0.283823848365318, '_a2_': 1.0, '_a4_': 1.0, '_a6_': 1.0, '_a7_': 1.0}};{'d0': 0.024885482501866944};-276.524567593312;61.6511200807825
2256;-76.6111637158736;((pow3(-(((x * _a1_) + _a5_))) * _a0_) + (-(((x + -(_a5_)) * _a0_)) + (_a3_ + _a1_)));{'d0': {'_a0_': -1.3348540733127734, '_a1_': 1.3633335264446227, '_a3_': -1.0160140022340955, '_a5_': 0.283823848365318, '_a2_': 1.0, '_a4_': 1.0, '_a6_': 1.0, '_a7_': 1.0}};{'d0': 0.024885482501866944};-276.524567593312;61.6511200807825
2257;-99.4799669332755;(((((x * (x + _a4_)) * (_a3_ + _a5_)) * x) + x) * -(_a5_));{'d0': {'_a3_': 3.6773907876985836, '_a4_': 0.623859415690436, '_a5_': -1.7751354043981888, '_a0_': 1.0, '_a1_': 1.0, '_a2_': 1.0, '_a6_': 1.0, '_a7_': 1.0}};{'d0': 0.024905832919416587};-280.569866449044;40.80496629124639
2258;-99.4799669332755;(((((x * (x + _a4_)) * (_a3_ + _a5_)) * x) + x) * -(_a5_));{'d0': {'_a3_': 3.6773907876985836, '_a4_': 0.623859415690436, '_a5_': -1.7751354043981888, '_a0_': 1.0, '_a1_': 1.0, '_a2_': 1.0, '_a6_': 1.0, '_a7_': 1.0}};{'d0': 0.024905832919416587};-280.569866449044;40.80496629124639
2259;-74.4918292657332;((pow3(-(((x * _a1_) + _a5_))) * _a0_) + (-(((x + (_a3_ / _a1_)) * _a0_)) + (_a3_ + _a1_)));{'d0': {'_a0_': -1.3348540736415184, '_a1_': 1.3633335262721709, '_a3_': -0.7048001980302909, '_a5_': 0.2838238484322813, '_a2_': 1.0, '_a4_': 1.0, '_a6_': 1.0, '_a7_': 1.0}};{'d0': 0.024885482501866917};-276.524567593312;63.77045453092295
2260;-74.4918292657332;((pow3(-(((x * _a1_) + _a5_))) * _a0_) + (-(((x + (_a3_ / _a1_)) * _a0_)) + (_a3_ + _a1_)));{'d0': {'_a0_': -1.3348540736415184, '_a1_': 1.3633335262721709, '_a3_': -0.7048001980302909, '_a5_': 0.2838238484322813, '_a2_': 1.0, '_a4_': 1.0, '_a6_': 1.0, '_a7_': 1.0}};{'d0': 0.024885482501866917};-276.524567593312;63.77045453092295
2261;-74.4918292657332;((pow3(-(((x * _a1_) + _a5_))) * _a0_) + (-(((x + (_a3_ / _a1_)) * _a0_)) + (_a3_ + _a1_)));{'d0': {'_a0_': -1.3348540736415184, '_a1_': 1.3633335262721709, '_a3_': -0.7048001980302909, '_a5_': 0.2838238484322813, '_a2_': 1.0, '_a4_': 1.0, '_a6_': 1.0, '_a7_': 1.0}};{'d0': 0.024885482501866917};-276.524567593312;63.77045453092295
2262;-80.4124303147633;((pow3(-(((x * _a1_) + _a5_))) * _a0_) + (-(((x + (_a3_ / _a1_)) * _a0_)) + _a5_));{'d0': {'_a0_': -1.3348540766097727, '_a1_': 1.3633335241316198, '_a3_': -0.32209619226090397, '_a5_': 0.2838238475581638, '_a2_': 1.0, '_a4_': 1.0, '_a6_': 1.0, '_a7_': 1.0}};{'d0': 0.024885482501866844};-276.524567593312;57.84985348189295
2263;-73.4159181081952;((pow3(-(((x * _a1_) + _a5_))) * _a0_) + (-(((x + (_a3_ / (_a2_ * _a1_))) * _a0_)) + _a5_));{'d0': {'_a0_': -1.3348540766097727, '_a1_': 1.3633335241316198, '_a2_': 1.0, '_a3_': -0.32209619226090397, '_a5_': 0.2838238475581638, '_a4_': 1.0, '_a6_': 1.0, '_a7_': 1.0}};{'d0': 0.024885482501866844};-272.430223031090;62.79919340734995
2264;-73.4159181081952;((pow3(-(((x * _a1_) + _a5_))) * _a0_) + (-(((x + (_a3_ / (_a2_ * _a1_))) * _a0_)) + _a5_));{'d0': {'_a0_': -1.3348540766097727, '_a1_': 1.3633335241316198, '_a2_': 1.0, '_a3_': -0.32209619226090397, '_a5_': 0.2838238475581638, '_a4_': 1.0, '_a6_': 1.0, '_a7_': 1.0}};{'d0': 0.024885482501866844};-272.430223031090;62.79919340734995
2265;-73.4159181081952;((pow3(-(((x * _a1_) + _a5_))) * _a0_) + (-(((x + (_a3_ / (_a2_ * _a1_))) * _a0_)) + _a5_));{'d0': {'_a0_': -1.3348540766097727, '_a1_': 1.3633335241316198, '_a2_': 1.0, '_a3_': -0.32209619226090397, '_a5_': 0.2838238475581638, '_a4_': 1.0, '_a6_': 1.0, '_a7_': 1.0}};{'d0': 0.024885482501866844};-272.430223031090;62.79919340734995
2266;-73.4159181081952;((pow3(-(((x * _a1_) + _a5_))) * _a0_) + (-(((x + (_a3_ / (_a2_ * _a1_))) * _a0_)) + _a5_));{'d0': {'_a0_': -1.3348540766097727, '_a1_': 1.3633335241316198, '_a2_': 1.0, '_a3_': -0.32209619226090397, '_a5_': 0.2838238475581638, '_a4_': 1.0, '_a6_': 1.0, '_a7_': 1.0}};{'d0': 0.024885482501866844};-272.430223031090;62.79919340734995
2267;-84.3799510982476;((_a5_ + (x + _a1_)) * (((_a7_ ** x) + (_a4_ / (_a3_ / x))) * (_a1_ * x)));{'d0': {'_a1_': 0.7838134022888843, '_a3_': -3.5368023688007106e+53, '_a4_': -8.6707045717643e+53, '_a5_': 1.5207644973531602, '_a7_': 0.1842160398477598, '_a0_': 1.0, '_a2_': 1.0, '_a6_': 1.0}};{'d0': 0.02603821355456882};-269.713386448853;50.47674212617859
2268;-84.3799510982476;((_a5_ + (x + _a1_)) * (((_a7_ ** x) + (_a4_ / (_a3_ / x))) * (_a1_ * x)));{'d0': {'_a1_': 0.7838134022888843, '_a3_': -3.5368023688007106e+53, '_a4_': -8.6707045717643e+53, '_a5_': 1.5207644973531602, '_a7_': 0.1842160398477598, '_a0_': 1.0, '_a2_': 1.0, '_a6_': 1.0}};{'d0': 0.02603821355456882};-269.713386448853;50.47674212617859
2269;-73.4159181081952;((pow3(-(((x * _a1_) + _a5_))) * _a0_) + (-(((x + (_a3_ / (_a2_ * _a1_))) * _a0_)) + _a5_));{'d0': {'_a0_': -1.3348540766097727, '_a1_': 1.3633335241316198, '_a2_': 1.0, '_a3_': -0.32209619226090397, '_a5_': 0.2838238475581638, '_a4_': 1.0, '_a6_': 1.0, '_a7_': 1.0}};{'d0': 0.024885482501866844};-272.430223031090;62.79919340734995
2270;-73.4159181081952;((pow3(-(((x * _a1_) + _a5_))) * _a0_) + (-(((x + (_a3_ / (_a2_ * _a1_))) * _a0_)) + _a5_));{'d0': {'_a0_': -1.3348540766097727, '_a1_': 1.3633335241316198, '_a2_': 1.0, '_a3_': -0.32209619226090397, '_a5_': 0.2838238475581638, '_a4_': 1.0, '_a6_': 1.0, '_a7_': 1.0}};{'d0': 0.024885482501866844};-272.430223031090;62.79919340734995
2271;-73.4159181081952;((pow3(-(((x * _a1_) + _a5_))) * _a0_) + (-(((x + (_a3_ / (_a2_ * _a1_))) * _a0_)) + _a5_));{'d0': {'_a0_': -1.3348540766097727, '_a1_': 1.3633335241316198, '_a2_': 1.0, '_a3_': -0.32209619226090397, '_a5_': 0.2838238475581638, '_a4_': 1.0, '_a6_': 1.0, '_a7_': 1.0}};{'d0': 0.024885482501866844};-272.430223031090;62.79919340734995
2272;-73.4159181081952;((pow3(-(((x * _a1_) + _a5_))) * _a0_) + (-(((x + (_a3_ / (_a2_ * _a1_))) * _a0_)) + _a5_));{'d0': {'_a0_': -1.3348540766097727, '_a1_': 1.3633335241316198, '_a2_': 1.0, '_a3_': -0.32209619226090397, '_a5_': 0.2838238475581638, '_a4_': 1.0, '_a6_': 1.0, '_a7_': 1.0}};{'d0': 0.024885482501866844};-272.430223031090;62.79919340734995
2273;-73.4159181081952;((pow3(-(((x * _a1_) + _a5_))) * _a0_) + (-(((x + (_a3_ / (_a2_ * _a1_))) * _a0_)) + _a5_));{'d0': {'_a0_': -1.3348540766097727, '_a1_': 1.3633335241316198, '_a2_': 1.0, '_a3_': -0.32209619226090397, '_a5_': 0.2838238475581638, '_a4_': 1.0, '_a6_': 1.0, '_a7_': 1.0}};{'d0': 0.024885482501866844};-272.430223031090;62.79919340734995
2274;-73.4159181081952;((pow3(-(((x * _a1_) + _a5_))) * _a0_) + (-(((x + (_a3_ / (_a2_ * _a1_))) * _a0_)) + _a5_));{'d0': {'_a0_': -1.3348540766097727, '_a1_': 1.3633335241316198, '_a2_': 1.0, '_a3_': -0.32209619226090397, '_a5_': 0.2838238475581638, '_a4_': 1.0, '_a6_': 1.0, '_a7_': 1.0}};{'d0': 0.024885482501866844};-272.430223031090;62.79919340734995
2275;-73.4159181081952;((pow3(-(((x * _a1_) + _a5_))) * _a0_) + (-(((x + (_a3_ / (_a2_ * _a1_))) * _a0_)) + _a5_));{'d0': {'_a0_': -1.3348540766097727, '_a1_': 1.3633335241316198, '_a2_': 1.0, '_a3_': -0.32209619226090397, '_a5_': 0.2838238475581638, '_a4_': 1.0, '_a6_': 1.0, '_a7_': 1.0}};{'d0': 0.024885482501866844};-272.430223031090;62.79919340734995
2276;-68.8459812066927;((pow3(-(((x * _a1_) + _a5_))) * _a0_) + (-(((x + (_a3_ / (sin(_a1_) * _a1_))) * _a0_)) + _a5_));{'d0': {'_a0_': -1.3348540744437298, '_a1_': 1.3633335257242924, '_a3_': -0.3151893801495846, '_a5_': 0.283823848270887, '_a2_': 1.0, '_a4_': 1.0, '_a6_': 1.0, '_a7_': 1.0}};{'d0': 0.02488548250186686};-276.524567593312;69.41630258996346
2277;-75.4630903893062;((pow3(-(((x * _a1_) + _a5_))) * _a0_) + (-(((x + (_a3_ / (_a1_ * _a1_))) * _a0_)) + _a5_));{'d0': {'_a0_': -1.334854071045554, '_a1_': 1.3633335281249808, '_a3_': -0.43912454633270903, '_a5_': 0.28382384902351443, '_a2_': 1.0, '_a4_': 1.0, '_a6_': 1.0, '_a7_': 1.0}};{'d0': 0.02488548250186691};-276.524567593312;62.79919340734995
2278;-75.4630903893062;((pow3(-(((x * _a1_) + _a5_))) * _a0_) + (-(((x + (_a3_ / (_a1_ * _a1_))) * _a0_)) + _a5_));{'d0': {'_a0_': -1.334854071045554, '_a1_': 1.3633335281249808, '_a3_': -0.43912454633270903, '_a5_': 0.28382384902351443, '_a2_': 1.0, '_a4_': 1.0, '_a6_': 1.0, '_a7_': 1.0}};{'d0': 0.02488548250186691};-276.524567593312;62.79919340734995
2279;-75.4630903893062;((pow3(-(((x * _a1_) + _a5_))) * _a0_) + (-(((x + (_a3_ / (_a1_ * _a1_))) * _a0_)) + _a5_));{'d0': {'_a0_': -1.334854071045554, '_a1_': 1.3633335281249808, '_a3_': -0.43912454633270903, '_a5_': 0.28382384902351443, '_a2_': 1.0, '_a4_': 1.0, '_a6_': 1.0, '_a7_': 1.0}};{'d0': 0.02488548250186691};-276.524567593312;62.79919340734995
2280;-75.4630903893062;((pow3(-(((x * _a1_) + _a5_))) * _a0_) + (-(((x + (_a3_ / (_a1_ * _a1_))) * _a0_)) + _a5_));{'d0': {'_a0_': -1.334854071045554, '_a1_': 1.3633335281249808, '_a3_': -0.43912454633270903, '_a5_': 0.28382384902351443, '_a2_': 1.0, '_a4_': 1.0, '_a6_': 1.0, '_a7_': 1.0}};{'d0': 0.02488548250186691};-276.524567593312;62.79919340734995
2281;-75.4630903893062;((pow3(-(((x * _a1_) + _a5_))) * _a0_) + (-(((x + (_a3_ / (_a1_ * _a1_))) * _a0_)) + _a5_));{'d0': {'_a0_': -1.334854071045554, '_a1_': 1.3633335281249808, '_a3_': -0.43912454633270903, '_a5_': 0.28382384902351443, '_a2_': 1.0, '_a4_': 1.0, '_a6_': 1.0, '_a7_': 1.0}};{'d0': 0.02488548250186691};-276.524567593312;62.79919340734995
2282;-75.4630903893062;((pow3(-(((x * _a1_) + _a5_))) * _a0_) + (-(((x + (_a3_ / (_a1_ * _a1_))) * _a0_)) + _a5_));{'d0': {'_a0_': -1.334854071045554, '_a1_': 1.3633335281249808, '_a3_': -0.43912454633270903, '_a5_': 0.28382384902351443, '_a2_': 1.0, '_a4_': 1.0, '_a6_': 1.0, '_a7_': 1.0}};{'d0': 0.02488548250186691};-276.524567593312;62.79919340734995
2283;-71.7821330730443;((pow3(-(((x * _a1_) + _a5_))) * -(_a5_)) + (-(((x + (_a3_ / (_a1_ * _a1_))) * _a0_)) + _a5_));{'d0': {'_a0_': -1.334854074488499, '_a1_': 2.0076977920806893, '_a3_': -1.3573942729770452, '_a5_': 0.4179699997845532, '_a2_': 1.0, '_a4_': 1.0, '_a6_': 1.0, '_a7_': 1.0}};{'d0': 0.024885482501866854};-276.524567593312;66.4801507236119
2284;-71.7821330730443;((pow3(-(((x * _a1_) + _a5_))) * -(_a5_)) + (-(((x + (_a3_ / (_a1_ * _a1_))) * _a0_)) + _a5_));{'d0': {'_a0_': -1.334854074488499, '_a1_': 2.0076977920806893, '_a3_': -1.3573942729770452, '_a5_': 0.4179699997845532, '_a2_': 1.0, '_a4_': 1.0, '_a6_': 1.0, '_a7_': 1.0}};{'d0': 0.024885482501866854};-276.524567593312;66.4801507236119
2285;-71.7821330730443;((pow3(-(((x * _a1_) + _a5_))) * -(_a5_)) + (-(((x + (_a3_ / (_a1_ * _a1_))) * _a0_)) + _a5_));{'d0': {'_a0_': -1.334854074488499, '_a1_': 2.0076977920806893, '_a3_': -1.3573942729770452, '_a5_': 0.4179699997845532, '_a2_': 1.0, '_a4_': 1.0, '_a6_': 1.0, '_a7_': 1.0}};{'d0': 0.024885482501866854};-276.524567593312;66.4801507236119
2286;-71.7821330730443;((pow3(-(((x * _a1_) + _a5_))) * -(_a5_)) + (-(((x + (_a3_ / (_a1_ * _a1_))) * _a0_)) + _a5_));{'d0': {'_a0_': -1.334854074488499, '_a1_': 2.0076977920806893, '_a3_': -1.3573942729770452, '_a5_': 0.4179699997845532, '_a2_': 1.0, '_a4_': 1.0, '_a6_': 1.0, '_a7_': 1.0}};{'d0': 0.024885482501866854};-276.524567593312;66.4801507236119
2287;-101.112741812102;(((((x * (x + _a4_)) * (_a3_ + _a5_)) * x) + x) * _a1_);{'d0': {'_a1_': 1.7751354028837063, '_a3_': -707.328741839767, '_a4_': 0.6238594149004639, '_a5_': 709.2309969016877, '_a0_': 1.0, '_a2_': 1.0, '_a6_': 1.0, '_a7_': 1.0}};{'d0': 0.02490583291968448};-276.475521886176;37.125019130986
2288;-103.159914093536;(((((x * (x + _a4_)) * (_a5_ + _a5_)) * x) + x) * _a1_);{'d0': {'_a1_': 1.7751354044010703, '_a4_': 0.623859415599421, '_a5_': 0.9511276913568972, '_a0_': 1.0, '_a2_': 1.0, '_a3_': 1.0, '_a6_': 1.0, '_a7_': 1.0}};{'d0': 0.024905832919416594};-280.569866449044;37.125019130986
2289;-103.159914093536;(((((x * (x + _a4_)) * (_a5_ + _a5_)) * x) + x) * _a1_);{'d0': {'_a1_': 1.7751354044010703, '_a4_': 0.623859415599421, '_a5_': 0.9511276913568972, '_a0_': 1.0, '_a2_': 1.0, '_a3_': 1.0, '_a6_': 1.0, '_a7_': 1.0}};{'d0': 0.024905832919416594};-280.569866449044;37.125019130986
2290;-103.159914093536;(((((x * (x + _a4_)) * (_a5_ + _a5_)) * x) + x) * _a1_);{'d0': {'_a1_': 1.7751354044010703, '_a4_': 0.623859415599421, '_a5_': 0.9511276913568972, '_a0_': 1.0, '_a2_': 1.0, '_a3_': 1.0, '_a6_': 1.0, '_a7_': 1.0}};{'d0': 0.024905832919416594};-280.569866449044;37.125019130986
2291;-103.159914093536;(((((x * (x + _a4_)) * (_a5_ + _a5_)) * x) + x) * _a1_);{'d0': {'_a1_': 1.7751354044010703, '_a4_': 0.623859415599421, '_a5_': 0.9511276913568972, '_a0_': 1.0, '_a2_': 1.0, '_a3_': 1.0, '_a6_': 1.0, '_a7_': 1.0}};{'d0': 0.024905832919416594};-280.569866449044;37.125019130986
2292;-103.159914093536;(((((x * (x + _a4_)) * (_a5_ + _a5_)) * x) + x) * _a1_);{'d0': {'_a1_': 1.7751354044010703, '_a4_': 0.623859415599421, '_a5_': 0.9511276913568972, '_a0_': 1.0, '_a2_': 1.0, '_a3_': 1.0, '_a6_': 1.0, '_a7_': 1.0}};{'d0': 0.024905832919416594};-280.569866449044;37.125019130986
2293;-103.159914093536;(((((x * (x + _a4_)) * (_a5_ + _a5_)) * x) + x) * _a1_);{'d0': {'_a1_': 1.7751354044010703, '_a4_': 0.623859415599421, '_a5_': 0.9511276913568972, '_a0_': 1.0, '_a2_': 1.0, '_a3_': 1.0, '_a6_': 1.0, '_a7_': 1.0}};{'d0': 0.024905832919416594};-280.569866449044;37.125019130986
2294;-103.159914093536;(((((x * (x + _a4_)) * (_a5_ + _a5_)) * x) + x) * _a1_);{'d0': {'_a1_': 1.7751354044010703, '_a4_': 0.623859415599421, '_a5_': 0.9511276913568972, '_a0_': 1.0, '_a2_': 1.0, '_a3_': 1.0, '_a6_': 1.0, '_a7_': 1.0}};{'d0': 0.024905832919416594};-280.569866449044;37.125019130986
2295;-103.159914093536;(((((x * (x + _a4_)) * (_a5_ + _a5_)) * x) + x) * _a1_);{'d0': {'_a1_': 1.7751354044010703, '_a4_': 0.623859415599421, '_a5_': 0.9511276913568972, '_a0_': 1.0, '_a2_': 1.0, '_a3_': 1.0, '_a6_': 1.0, '_a7_': 1.0}};{'d0': 0.024905832919416594};-280.569866449044;37.125019130986
2296;-103.159914093536;(((((x * (x + _a4_)) * (_a5_ + _a5_)) * x) + x) * _a1_);{'d0': {'_a1_': 1.7751354044010703, '_a4_': 0.623859415599421, '_a5_': 0.9511276913568972, '_a0_': 1.0, '_a2_': 1.0, '_a3_': 1.0, '_a6_': 1.0, '_a7_': 1.0}};{'d0': 0.024905832919416594};-280.569866449044;37.125019130986
2297;-103.159914093536;(((((x * (x + _a4_)) * (_a5_ + _a5_)) * x) + x) * _a1_);{'d0': {'_a1_': 1.7751354044010703, '_a4_': 0.623859415599421, '_a5_': 0.9511276913568972, '_a0_': 1.0, '_a2_': 1.0, '_a3_': 1.0, '_a6_': 1.0, '_a7_': 1.0}};{'d0': 0.024905832919416594};-280.569866449044;37.125019130986
2298;-103.159914093536;(((((x * (x + _a4_)) * (_a5_ + _a5_)) * x) + x) * _a1_);{'d0': {'_a1_': 1.7751354044010703, '_a4_': 0.623859415599421, '_a5_': 0.9511276913568972, '_a0_': 1.0, '_a2_': 1.0, '_a3_': 1.0, '_a6_': 1.0, '_a7_': 1.0}};{'d0': 0.024905832919416594};-280.569866449044;37.125019130986
2299;-103.159914093536;(((((x * (x + _a4_)) * (_a5_ + _a5_)) * x) + x) * _a1_);{'d0': {'_a1_': 1.7751354044010703, '_a4_': 0.623859415599421, '_a5_': 0.9511276913568972, '_a0_': 1.0, '_a2_': 1.0, '_a3_': 1.0, '_a6_': 1.0, '_a7_': 1.0}};{'d0': 0.024905832919416594};-280.569866449044;37.125019130986
2300;-103.159914093536;(((((x * (x + _a4_)) * (_a5_ + _a5_)) * x) + x) * _a1_);{'d0': {'_a1_': 1.7751354044010703, '_a4_': 0.623859415599421, '_a5_': 0.9511276913568972, '_a0_': 1.0, '_a2_': 1.0, '_a3_': 1.0, '_a6_': 1.0, '_a7_': 1.0}};{'d0': 0.024905832919416594};-280.569866449044;37.125019130986
2301;-103.159914093536;(((((x * (x + _a4_)) * (_a5_ + _a5_)) * x) + x) * _a1_);{'d0': {'_a1_': 1.7751354044010703, '_a4_': 0.623859415599421, '_a5_': 0.9511276913568972, '_a0_': 1.0, '_a2_': 1.0, '_a3_': 1.0, '_a6_': 1.0, '_a7_': 1.0}};{'d0': 0.024905832919416594};-280.569866449044;37.125019130986
2302;-84.3799510991694;((_a5_ + (_a7_ + x)) * (((_a7_ ** x) + (_a4_ / (_a3_ / x))) * (_a1_ * x)));{'d0': {'_a1_': 0.7838133783297837, '_a3_': -2.9878340566437337e+59, '_a4_': -7.32487320540768e+59, '_a5_': 2.1203619389625135, '_a7_': 0.18421604337093303, '_a0_': 1.0, '_a2_': 1.0, '_a6_': 1.0}};{'d0': 0.02603821355376877};-269.713386450696;50.47674212617859
2303;-84.3799510991694;((_a5_ + (_a7_ + x)) * (((_a7_ ** x) + (_a4_ / (_a3_ / x))) * (_a1_ * x)));{'d0': {'_a1_': 0.7838133783297837, '_a3_': -2.9878340566437337e+59, '_a4_': -7.32487320540768e+59, '_a5_': 2.1203619389625135, '_a7_': 0.18421604337093303, '_a0_': 1.0, '_a2_': 1.0, '_a6_': 1.0}};{'d0': 0.02603821355376877};-269.713386450696;50.47674212617859
2304;-84.3799510991694;((_a5_ + (_a7_ + x)) * (((_a7_ ** x) + (_a4_ / (_a3_ / x))) * (_a1_ * x)));{'d0': {'_a1_': 0.7838133783297837, '_a3_': -2.9878340566437337e+59, '_a4_': -7.32487320540768e+59, '_a5_': 2.1203619389625135, '_a7_': 0.18421604337093303, '_a0_': 1.0, '_a2_': 1.0, '_a6_': 1.0}};{'d0': 0.02603821355376877};-269.713386450696;50.47674212617859
2305;-84.3799510991694;((_a5_ + (_a7_ + x)) * (((_a7_ ** x) + (_a4_ / (_a3_ / x))) * (_a1_ * x)));{'d0': {'_a1_': 0.7838133783297837, '_a3_': -2.9878340566437337e+59, '_a4_': -7.32487320540768e+59, '_a5_': 2.1203619389625135, '_a7_': 0.18421604337093303, '_a0_': 1.0, '_a2_': 1.0, '_a6_': 1.0}};{'d0': 0.02603821355376877};-269.713386450696;50.47674212617859
2306;-84.3799510991694;((_a5_ + (_a7_ + x)) * (((_a7_ ** x) + (_a4_ / (_a3_ / x))) * (_a1_ * x)));{'d0': {'_a1_': 0.7838133783297837, '_a3_': -2.9878340566437337e+59, '_a4_': -7.32487320540768e+59, '_a5_': 2.1203619389625135, '_a7_': 0.18421604337093303, '_a0_': 1.0, '_a2_': 1.0, '_a6_': 1.0}};{'d0': 0.02603821355376877};-269.713386450696;50.47674212617859
2307;-84.3799510991694;((_a5_ + (_a7_ + x)) * (((_a7_ ** x) + (_a4_ / (_a3_ / x))) * (_a1_ * x)));{'d0': {'_a1_': 0.7838133783297837, '_a3_': -2.9878340566437337e+59, '_a4_': -7.32487320540768e+59, '_a5_': 2.1203619389625135, '_a7_': 0.18421604337093303, '_a0_': 1.0, '_a2_': 1.0, '_a6_': 1.0}};{'d0': 0.02603821355376877};-269.713386450696;50.47674212617859
2308;-84.3799510991694;((_a5_ + (_a7_ + x)) * (((_a7_ ** x) + (_a4_ / (_a3_ / x))) * (_a1_ * x)));{'d0': {'_a1_': 0.7838133783297837, '_a3_': -2.9878340566437337e+59, '_a4_': -7.32487320540768e+59, '_a5_': 2.1203619389625135, '_a7_': 0.18421604337093303, '_a0_': 1.0, '_a2_': 1.0, '_a6_': 1.0}};{'d0': 0.02603821355376877};-269.713386450696;50.47674212617859
2309;-84.3799510991694;((_a5_ + (_a7_ + x)) * (((_a7_ ** x) + (_a4_ / (_a3_ / x))) * (_a1_ * x)));{'d0': {'_a1_': 0.7838133783297837, '_a3_': -2.9878340566437337e+59, '_a4_': -7.32487320540768e+59, '_a5_': 2.1203619389625135, '_a7_': 0.18421604337093303, '_a0_': 1.0, '_a2_': 1.0, '_a6_': 1.0}};{'d0': 0.02603821355376877};-269.713386450696;50.47674212617859
2310;-84.3799510991694;((_a5_ + (_a7_ + x)) * (((_a7_ ** x) + (_a4_ / (_a3_ / x))) * (_a1_ * x)));{'d0': {'_a1_': 0.7838133783297837, '_a3_': -2.9878340566437337e+59, '_a4_': -7.32487320540768e+59, '_a5_': 2.1203619389625135, '_a7_': 0.18421604337093303, '_a0_': 1.0, '_a2_': 1.0, '_a6_': 1.0}};{'d0': 0.02603821355376877};-269.713386450696;50.47674212617859
2311;-84.3799510991694;((_a5_ + (_a7_ + x)) * (((_a7_ ** x) + (_a4_ / (_a3_ / x))) * (_a1_ * x)));{'d0': {'_a1_': 0.7838133783297837, '_a3_': -2.9878340566437337e+59, '_a4_': -7.32487320540768e+59, '_a5_': 2.1203619389625135, '_a7_': 0.18421604337093303, '_a0_': 1.0, '_a2_': 1.0, '_a6_': 1.0}};{'d0': 0.02603821355376877};-269.713386450696;50.47674212617859
2312;-84.3799510991694;((_a5_ + (_a7_ + x)) * (((_a7_ ** x) + (_a4_ / (_a3_ / x))) * (_a1_ * x)));{'d0': {'_a1_': 0.7838133783297837, '_a3_': -2.9878340566437337e+59, '_a4_': -7.32487320540768e+59, '_a5_': 2.1203619389625135, '_a7_': 0.18421604337093303, '_a0_': 1.0, '_a2_': 1.0, '_a6_': 1.0}};{'d0': 0.02603821355376877};-269.713386450696;50.47674212617859
2313;-84.3799510991694;((_a5_ + (_a7_ + x)) * (((_a7_ ** x) + (_a4_ / (_a3_ / x))) * (_a1_ * x)));{'d0': {'_a1_': 0.7838133783297837, '_a3_': -2.9878340566437337e+59, '_a4_': -7.32487320540768e+59, '_a5_': 2.1203619389625135, '_a7_': 0.18421604337093303, '_a0_': 1.0, '_a2_': 1.0, '_a6_': 1.0}};{'d0': 0.02603821355376877};-269.713386450696;50.47674212617859
2314;-84.3799510991694;((_a5_ + (_a7_ + x)) * (((_a7_ ** x) + (_a4_ / (_a3_ / x))) * (_a1_ * x)));{'d0': {'_a1_': 0.7838133783297837, '_a3_': -2.9878340566437337e+59, '_a4_': -7.32487320540768e+59, '_a5_': 2.1203619389625135, '_a7_': 0.18421604337093303, '_a0_': 1.0, '_a2_': 1.0, '_a6_': 1.0}};{'d0': 0.02603821355376877};-269.713386450696;50.47674212617859
2315;-84.3799510991694;((_a5_ + (_a7_ + x)) * (((_a7_ ** x) + (_a4_ / (_a3_ / x))) * (_a1_ * x)));{'d0': {'_a1_': 0.7838133783297837, '_a3_': -2.9878340566437337e+59, '_a4_': -7.32487320540768e+59, '_a5_': 2.1203619389625135, '_a7_': 0.18421604337093303, '_a0_': 1.0, '_a2_': 1.0, '_a6_': 1.0}};{'d0': 0.02603821355376877};-269.713386450696;50.47674212617859
2316;-84.3799510991694;((_a5_ + (_a7_ + x)) * (((_a7_ ** x) + (_a4_ / (_a3_ / x))) * (_a1_ * x)));{'d0': {'_a1_': 0.7838133783297837, '_a3_': -2.9878340566437337e+59, '_a4_': -7.32487320540768e+59, '_a5_': 2.1203619389625135, '_a7_': 0.18421604337093303, '_a0_': 1.0, '_a2_': 1.0, '_a6_': 1.0}};{'d0': 0.02603821355376877};-269.713386450696;50.47674212617859
2317;-84.3799510991694;((_a5_ + (_a7_ + x)) * (((_a7_ ** x) + (_a4_ / (_a3_ / x))) * (_a1_ * x)));{'d0': {'_a1_': 0.7838133783297837, '_a3_': -2.9878340566437337e+59, '_a4_': -7.32487320540768e+59, '_a5_': 2.1203619389625135, '_a7_': 0.18421604337093303, '_a0_': 1.0, '_a2_': 1.0, '_a6_': 1.0}};{'d0': 0.02603821355376877};-269.713386450696;50.47674212617859
2318;-84.3799510991694;((_a5_ + (_a7_ + x)) * (((_a7_ ** x) + (_a4_ / (_a3_ / x))) * (_a1_ * x)));{'d0': {'_a1_': 0.7838133783297837, '_a3_': -2.9878340566437337e+59, '_a4_': -7.32487320540768e+59, '_a5_': 2.1203619389625135, '_a7_': 0.18421604337093303, '_a0_': 1.0, '_a2_': 1.0, '_a6_': 1.0}};{'d0': 0.02603821355376877};-269.713386450696;50.47674212617859
2319;-84.3799510991694;((_a5_ + (_a7_ + x)) * (((_a7_ ** x) + (_a4_ / (_a3_ / x))) * (_a1_ * x)));{'d0': {'_a1_': 0.7838133783297837, '_a3_': -2.9878340566437337e+59, '_a4_': -7.32487320540768e+59, '_a5_': 2.1203619389625135, '_a7_': 0.18421604337093303, '_a0_': 1.0, '_a2_': 1.0, '_a6_': 1.0}};{'d0': 0.02603821355376877};-269.713386450696;50.47674212617859
2320;-84.3799510991694;((_a5_ + (_a7_ + x)) * (((_a7_ ** x) + (_a4_ / (_a3_ / x))) * (_a1_ * x)));{'d0': {'_a1_': 0.7838133783297837, '_a3_': -2.9878340566437337e+59, '_a4_': -7.32487320540768e+59, '_a5_': 2.1203619389625135, '_a7_': 0.18421604337093303, '_a0_': 1.0, '_a2_': 1.0, '_a6_': 1.0}};{'d0': 0.02603821355376877};-269.713386450696;50.47674212617859
2321;-84.3799510991694;((_a5_ + (_a7_ + x)) * (((_a7_ ** x) + (_a4_ / (_a3_ / x))) * (_a1_ * x)));{'d0': {'_a1_': 0.7838133783297837, '_a3_': -2.9878340566437337e+59, '_a4_': -7.32487320540768e+59, '_a5_': 2.1203619389625135, '_a7_': 0.18421604337093303, '_a0_': 1.0, '_a2_': 1.0, '_a6_': 1.0}};{'d0': 0.02603821355376877};-269.713386450696;50.47674212617859
2322;-84.3799510991694;((_a5_ + (_a7_ + x)) * (((_a7_ ** x) + (_a4_ / (_a3_ / x))) * (_a1_ * x)));{'d0': {'_a1_': 0.7838133783297837, '_a3_': -2.9878340566437337e+59, '_a4_': -7.32487320540768e+59, '_a5_': 2.1203619389625135, '_a7_': 0.18421604337093303, '_a0_': 1.0, '_a2_': 1.0, '_a6_': 1.0}};{'d0': 0.02603821355376877};-269.713386450696;50.47674212617859
2323;-102.416966796466;(((((x * (x + _a4_)) * (_a5_ ** _a5_)) * x) + x) * _a1_);{'d0': {'_a1_': 1.775135404272415, '_a4_': 0.6238594155742752, '_a5_': 1.5246474738922633, '_a0_': 1.0, '_a2_': 1.0, '_a3_': 1.0, '_a6_': 1.0, '_a7_': 1.0}};{'d0': 0.02490583291941659};-280.569866449044;37.86796642805599
2324;-102.416966796466;(((((x * (x + _a4_)) * (_a5_ ** _a5_)) * x) + x) * _a1_);{'d0': {'_a1_': 1.775135404272415, '_a4_': 0.6238594155742752, '_a5_': 1.5246474738922633, '_a0_': 1.0, '_a2_': 1.0, '_a3_': 1.0, '_a6_': 1.0, '_a7_': 1.0}};{'d0': 0.02490583291941659};-280.569866449044;37.86796642805599
2325;-102.416966796466;(((((x * (x + _a4_)) * (_a5_ ** _a5_)) * x) + x) * _a1_);{'d0': {'_a1_': 1.775135404272415, '_a4_': 0.6238594155742752, '_a5_': 1.5246474738922633, '_a0_': 1.0, '_a2_': 1.0, '_a3_': 1.0, '_a6_': 1.0, '_a7_': 1.0}};{'d0': 0.02490583291941659};-280.569866449044;37.86796642805599
2326;-102.416966796466;(((((x * (x + _a4_)) * (_a5_ ** _a5_)) * x) + x) * _a1_);{'d0': {'_a1_': 1.775135404272415, '_a4_': 0.6238594155742752, '_a5_': 1.5246474738922633, '_a0_': 1.0, '_a2_': 1.0, '_a3_': 1.0, '_a6_': 1.0, '_a7_': 1.0}};{'d0': 0.02490583291941659};-280.569866449044;37.86796642805599
2327;-102.416966796466;(((((x * (x + _a4_)) * (_a5_ ** _a5_)) * x) + x) * _a1_);{'d0': {'_a1_': 1.775135404272415, '_a4_': 0.6238594155742752, '_a5_': 1.5246474738922633, '_a0_': 1.0, '_a2_': 1.0, '_a3_': 1.0, '_a6_': 1.0, '_a7_': 1.0}};{'d0': 0.02490583291941659};-280.569866449044;37.86796642805599
2328;-102.416966796466;(((((x * (x + _a4_)) * (_a5_ ** _a5_)) * x) + x) * _a1_);{'d0': {'_a1_': 1.775135404272415, '_a4_': 0.6238594155742752, '_a5_': 1.5246474738922633, '_a0_': 1.0, '_a2_': 1.0, '_a3_': 1.0, '_a6_': 1.0, '_a7_': 1.0}};{'d0': 0.02490583291941659};-280.569866449044;37.86796642805599
2329;-102.416966796466;(((((x * (x + _a4_)) * (_a5_ ** _a5_)) * x) + x) * _a1_);{'d0': {'_a1_': 1.775135404272415, '_a4_': 0.6238594155742752, '_a5_': 1.5246474738922633, '_a0_': 1.0, '_a2_': 1.0, '_a3_': 1.0, '_a6_': 1.0, '_a7_': 1.0}};{'d0': 0.02490583291941659};-280.569866449044;37.86796642805599
2330;-102.416966796466;(((((x * (x + _a4_)) * (_a5_ ** _a5_)) * x) + x) * _a1_);{'d0': {'_a1_': 1.775135404272415, '_a4_': 0.6238594155742752, '_a5_': 1.5246474738922633, '_a0_': 1.0, '_a2_': 1.0, '_a3_': 1.0, '_a6_': 1.0, '_a7_': 1.0}};{'d0': 0.02490583291941659};-280.569866449044;37.86796642805599
2331;-102.416966796466;(((((x * (x + _a4_)) * (_a5_ ** _a5_)) * x) + x) * _a1_);{'d0': {'_a1_': 1.775135404272415, '_a4_': 0.6238594155742752, '_a5_': 1.5246474738922633, '_a0_': 1.0, '_a2_': 1.0, '_a3_': 1.0, '_a6_': 1.0, '_a7_': 1.0}};{'d0': 0.02490583291941659};-280.569866449044;37.86796642805599
2332;-102.416966796466;(((((x * (x + _a4_)) * (_a5_ ** _a5_)) * x) + x) * _a1_);{'d0': {'_a1_': 1.775135404272415, '_a4_': 0.6238594155742752, '_a5_': 1.5246474738922633, '_a0_': 1.0, '_a2_': 1.0, '_a3_': 1.0, '_a6_': 1.0, '_a7_': 1.0}};{'d0': 0.02490583291941659};-280.569866449044;37.86796642805599
2333;-102.416966796466;(((((x * (x + _a4_)) * (_a5_ ** _a5_)) * x) + x) * _a1_);{'d0': {'_a1_': 1.775135404272415, '_a4_': 0.6238594155742752, '_a5_': 1.5246474738922633, '_a0_': 1.0, '_a2_': 1.0, '_a3_': 1.0, '_a6_': 1.0, '_a7_': 1.0}};{'d0': 0.02490583291941659};-280.569866449044;37.86796642805599
2334;-102.416966796466;(((((x * (x + _a4_)) * (_a5_ ** _a5_)) * x) + x) * _a1_);{'d0': {'_a1_': 1.775135404272415, '_a4_': 0.6238594155742752, '_a5_': 1.5246474738922633, '_a0_': 1.0, '_a2_': 1.0, '_a3_': 1.0, '_a6_': 1.0, '_a7_': 1.0}};{'d0': 0.02490583291941659};-280.569866449044;37.86796642805599
2335;-102.416966796466;(((((x * (x + _a4_)) * (_a5_ ** _a5_)) * x) + x) * _a1_);{'d0': {'_a1_': 1.775135404272415, '_a4_': 0.6238594155742752, '_a5_': 1.5246474738922633, '_a0_': 1.0, '_a2_': 1.0, '_a3_': 1.0, '_a6_': 1.0, '_a7_': 1.0}};{'d0': 0.02490583291941659};-280.569866449044;37.86796642805599
2336;-102.416966796466;(((((x * (x + _a4_)) * (_a5_ ** _a5_)) * x) + x) * _a1_);{'d0': {'_a1_': 1.775135404272415, '_a4_': 0.6238594155742752, '_a5_': 1.5246474738922633, '_a0_': 1.0, '_a2_': 1.0, '_a3_': 1.0, '_a6_': 1.0, '_a7_': 1.0}};{'d0': 0.02490583291941659};-280.569866449044;37.86796642805599
2337;-102.416966796466;(((((x * (x + _a4_)) * (_a5_ ** _a5_)) * x) + x) * _a1_);{'d0': {'_a1_': 1.775135404272415, '_a4_': 0.6238594155742752, '_a5_': 1.5246474738922633, '_a0_': 1.0, '_a2_': 1.0, '_a3_': 1.0, '_a6_': 1.0, '_a7_': 1.0}};{'d0': 0.02490583291941659};-280.569866449044;37.86796642805599
2338;-103.159914093536;(((((x * (x + _a4_)) * (_a5_ + _a5_)) * x) + x) * _a1_);{'d0': {'_a1_': 1.7751354044010703, '_a4_': 0.623859415599421, '_a5_': 0.9511276913568972, '_a0_': 1.0, '_a2_': 1.0, '_a3_': 1.0, '_a6_': 1.0, '_a7_': 1.0}};{'d0': 0.024905832919416594};-280.569866449044;37.12501913098599
2339;-103.159914093536;(((((x * (x + _a4_)) * (_a5_ + _a5_)) * x) + x) * _a1_);{'d0': {'_a1_': 1.7751354044010703, '_a4_': 0.623859415599421, '_a5_': 0.9511276913568972, '_a0_': 1.0, '_a2_': 1.0, '_a3_': 1.0, '_a6_': 1.0, '_a7_': 1.0}};{'d0': 0.024905832919416594};-280.569866449044;37.12501913098599
2340;-103.159914093536;(((((x * (x + _a4_)) * (_a5_ + _a5_)) * x) + x) * _a1_);{'d0': {'_a1_': 1.7751354044010703, '_a4_': 0.623859415599421, '_a5_': 0.9511276913568972, '_a0_': 1.0, '_a2_': 1.0, '_a3_': 1.0, '_a6_': 1.0, '_a7_': 1.0}};{'d0': 0.024905832919416594};-280.569866449044;37.12501913098599
2341;-98.1382168817568;(((((x * (x + _a4_)) * (_a5_ + _a5_)) * x) + x) * (_a5_ * _a6_));{'d0': {'_a4_': 0.6238594155485461, '_a5_': 0.9511276923977586, '_a6_': 1.8663481443874634, '_a0_': 1.0, '_a1_': 1.0, '_a2_': 1.0, '_a3_': 1.0, '_a7_': 1.0}};{'d0': 0.024905832919416636};-280.569866449044;42.14671634276499
2342;-98.1382168817568;(((((x * (x + _a4_)) * (_a5_ + _a5_)) * x) + x) * (_a5_ * _a6_));{'d0': {'_a4_': 0.6238594155485461, '_a5_': 0.9511276923977586, '_a6_': 1.8663481443874634, '_a0_': 1.0, '_a1_': 1.0, '_a2_': 1.0, '_a3_': 1.0, '_a7_': 1.0}};{'d0': 0.024905832919416636};-280.569866449044;42.14671634276499
2343;-98.1382168817568;(((((x * (x + _a4_)) * (_a5_ + _a5_)) * x) + x) * (_a5_ * _a6_));{'d0': {'_a4_': 0.6238594155485461, '_a5_': 0.9511276923977586, '_a6_': 1.8663481443874634, '_a0_': 1.0, '_a1_': 1.0, '_a2_': 1.0, '_a3_': 1.0, '_a7_': 1.0}};{'d0': 0.024905832919416636};-280.569866449044;42.14671634276499
2344;-98.1382168817568;(((((x * (x + _a4_)) * (_a5_ + _a5_)) * x) + x) * (_a5_ * _a6_));{'d0': {'_a4_': 0.6238594155485461, '_a5_': 0.9511276923977586, '_a6_': 1.8663481443874634, '_a0_': 1.0, '_a1_': 1.0, '_a2_': 1.0, '_a3_': 1.0, '_a7_': 1.0}};{'d0': 0.024905832919416636};-280.569866449044;42.14671634276499
2345;-98.1382168817568;(((((x * (x + _a4_)) * (_a5_ + _a5_)) * x) + x) * (_a5_ * _a6_));{'d0': {'_a4_': 0.6238594155485461, '_a5_': 0.9511276923977586, '_a6_': 1.8663481443874634, '_a0_': 1.0, '_a1_': 1.0, '_a2_': 1.0, '_a3_': 1.0, '_a7_': 1.0}};{'d0': 0.024905832919416636};-280.569866449044;42.14671634276499
2346;-98.1382168817568;(((((x * (x + _a4_)) * (_a5_ + _a5_)) * x) + x) * (_a5_ * _a6_));{'d0': {'_a4_': 0.6238594155485461, '_a5_': 0.9511276923977586, '_a6_': 1.8663481443874634, '_a0_': 1.0, '_a1_': 1.0, '_a2_': 1.0, '_a3_': 1.0, '_a7_': 1.0}};{'d0': 0.024905832919416636};-280.569866449044;42.14671634276499
2347;-98.1382168817568;(((((x * (x + _a4_)) * (_a5_ + _a5_)) * x) + x) * (_a5_ * _a6_));{'d0': {'_a4_': 0.6238594155485461, '_a5_': 0.9511276923977586, '_a6_': 1.8663481443874634, '_a0_': 1.0, '_a1_': 1.0, '_a2_': 1.0, '_a3_': 1.0, '_a7_': 1.0}};{'d0': 0.024905832919416636};-280.569866449044;42.14671634276499
2348;-98.1382168817569;(((((x * (x + _a4_)) * (_a5_ + _a5_)) * x) + x) * (_a5_ * _a1_));{'d0': {'_a1_': 1.8663481480134503, '_a4_': 0.6238594156965461, '_a5_': 0.9511276910563761, '_a0_': 1.0, '_a2_': 1.0, '_a3_': 1.0, '_a6_': 1.0, '_a7_': 1.0}};{'d0': 0.024905832919416598};-280.569866449044;42.14671634276499
2349;-98.1382168817569;(((((x * (x + _a4_)) * (_a5_ + _a5_)) * x) + x) * (_a5_ * _a1_));{'d0': {'_a1_': 1.8663481480134503, '_a4_': 0.6238594156965461, '_a5_': 0.9511276910563761, '_a0_': 1.0, '_a2_': 1.0, '_a3_': 1.0, '_a6_': 1.0, '_a7_': 1.0}};{'d0': 0.024905832919416598};-280.569866449044;42.14671634276499
2350;-98.1382168817569;(((((x * (x + _a4_)) * (_a5_ + _a5_)) * x) + x) * (_a5_ * _a1_));{'d0': {'_a1_': 1.8663481480134503, '_a4_': 0.6238594156965461, '_a5_': 0.9511276910563761, '_a0_': 1.0, '_a2_': 1.0, '_a3_': 1.0, '_a6_': 1.0, '_a7_': 1.0}};{'d0': 0.024905832919416598};-280.569866449044;42.14671634276499
2351;-98.1382168817569;(((((x * (x + _a4_)) * (_a5_ + _a5_)) * x) + x) * (_a5_ * _a1_));{'d0': {'_a1_': 1.8663481480134503, '_a4_': 0.6238594156965461, '_a5_': 0.9511276910563761, '_a0_': 1.0, '_a2_': 1.0, '_a3_': 1.0, '_a6_': 1.0, '_a7_': 1.0}};{'d0': 0.024905832919416598};-280.569866449044;42.14671634276499
2352;-98.1382168817569;(((((x * (x + _a4_)) * (_a5_ + _a5_)) * x) + x) * (_a5_ * _a1_));{'d0': {'_a1_': 1.8663481480134503, '_a4_': 0.6238594156965461, '_a5_': 0.9511276910563761, '_a0_': 1.0, '_a2_': 1.0, '_a3_': 1.0, '_a6_': 1.0, '_a7_': 1.0}};{'d0': 0.024905832919416598};-280.569866449044;42.14671634276499
2353;-98.1382168817569;(((((x * (x + _a4_)) * (_a5_ + _a5_)) * x) + x) * (_a5_ * _a1_));{'d0': {'_a1_': 1.8663481480134503, '_a4_': 0.6238594156965461, '_a5_': 0.9511276910563761, '_a0_': 1.0, '_a2_': 1.0, '_a3_': 1.0, '_a6_': 1.0, '_a7_': 1.0}};{'d0': 0.024905832919416598};-280.569866449044;42.14671634276499
2354;-98.1382168817569;(((((x * (x + _a4_)) * (_a5_ + _a5_)) * x) + x) * (_a5_ * _a1_));{'d0': {'_a1_': 1.8663481480134503, '_a4_': 0.6238594156965461, '_a5_': 0.9511276910563761, '_a0_': 1.0, '_a2_': 1.0, '_a3_': 1.0, '_a6_': 1.0, '_a7_': 1.0}};{'d0': 0.024905832919416598};-280.569866449044;42.14671634276499
2355;-98.1382168817569;(((((x * (x + _a4_)) * (_a5_ + _a5_)) * x) + x) * (_a5_ * _a1_));{'d0': {'_a1_': 1.8663481480134503, '_a4_': 0.6238594156965461, '_a5_': 0.9511276910563761, '_a0_': 1.0, '_a2_': 1.0, '_a3_': 1.0, '_a6_': 1.0, '_a7_': 1.0}};{'d0': 0.024905832919416598};-280.569866449044;42.14671634276499
2356;-98.1382168817569;(((((x * (x + _a4_)) * (_a5_ + _a5_)) * x) + x) * (_a5_ * _a1_));{'d0': {'_a1_': 1.8663481480134503, '_a4_': 0.6238594156965461, '_a5_': 0.9511276910563761, '_a0_': 1.0, '_a2_': 1.0, '_a3_': 1.0, '_a6_': 1.0, '_a7_': 1.0}};{'d0': 0.024905832919416598};-280.569866449044;42.14671634276499
2357;-98.1382168817569;(((((x * (x + _a4_)) * (_a5_ + _a5_)) * x) + x) * (_a5_ * _a1_));{'d0': {'_a1_': 1.8663481480134503, '_a4_': 0.6238594156965461, '_a5_': 0.9511276910563761, '_a0_': 1.0, '_a2_': 1.0, '_a3_': 1.0, '_a6_': 1.0, '_a7_': 1.0}};{'d0': 0.024905832919416598};-280.569866449044;42.14671634276499
2358;-94.4582697214964;(((((x * (x + _a4_)) * (_a5_ + _a5_)) * x) + x) * (_a5_ * -(_a3_)));{'d0': {'_a3_': -1.8663481465792344, '_a4_': 0.6238594155900823, '_a5_': 0.9511276915529374, '_a0_': 1.0, '_a1_': 1.0, '_a2_': 1.0, '_a6_': 1.0, '_a7_': 1.0}};{'d0': 0.024905832919416677};-280.569866449043;45.82666350302538
2359;-94.4402824091468;(((((x * (x + _a4_)) * (_a5_ + _a5_)) * x) + x) * (_a5_ * pow2(_a3_)));{'d0': {'_a3_': -1.366143531593114, '_a4_': 0.6238594156406875, '_a5_': 0.9511276906605198, '_a0_': 1.0, '_a1_': 1.0, '_a2_': 1.0, '_a6_': 1.0, '_a7_': 1.0}};{'d0': 0.024905832919416653};-280.569866449044;45.84465081537499
2360;-94.4402824091468;(((((x * (x + _a4_)) * (_a5_ + _a5_)) * x) + x) * (_a5_ * pow2(_a3_)));{'d0': {'_a3_': -1.366143531593114, '_a4_': 0.6238594156406875, '_a5_': 0.9511276906605198, '_a0_': 1.0, '_a1_': 1.0, '_a2_': 1.0, '_a6_': 1.0, '_a7_': 1.0}};{'d0': 0.024905832919416653};-280.569866449044;45.84465081537499
2361;-94.4402824091468;(((((x * (x + _a4_)) * (_a5_ + _a5_)) * x) + x) * (_a5_ * pow2(_a3_)));{'d0': {'_a3_': -1.366143531593114, '_a4_': 0.6238594156406875, '_a5_': 0.9511276906605198, '_a0_': 1.0, '_a1_': 1.0, '_a2_': 1.0, '_a6_': 1.0, '_a7_': 1.0}};{'d0': 0.024905832919416653};-280.569866449044;45.84465081537499
2362;-94.4402824091468;(((((x * (x + _a4_)) * (_a5_ + _a5_)) * x) + x) * (_a5_ * pow2(_a3_)));{'d0': {'_a3_': -1.366143531593114, '_a4_': 0.6238594156406875, '_a5_': 0.9511276906605198, '_a0_': 1.0, '_a1_': 1.0, '_a2_': 1.0, '_a6_': 1.0, '_a7_': 1.0}};{'d0': 0.024905832919416653};-280.569866449044;45.84465081537499
2363;-94.4402824091468;(((((x * (x + _a4_)) * (_a5_ + _a5_)) * x) + x) * (_a5_ * pow2(_a3_)));{'d0': {'_a3_': -1.366143531593114, '_a4_': 0.6238594156406875, '_a5_': 0.9511276906605198, '_a0_': 1.0, '_a1_': 1.0, '_a2_': 1.0, '_a6_': 1.0, '_a7_': 1.0}};{'d0': 0.024905832919416653};-280.569866449044;45.84465081537499
2364;-94.4402824091468;(((((x * (x + _a4_)) * (_a5_ + _a5_)) * x) + x) * (_a5_ * pow2(_a3_)));{'d0': {'_a3_': -1.366143531593114, '_a4_': 0.6238594156406875, '_a5_': 0.9511276906605198, '_a0_': 1.0, '_a1_': 1.0, '_a2_': 1.0, '_a6_': 1.0, '_a7_': 1.0}};{'d0': 0.024905832919416653};-280.569866449044;45.84465081537499
2365;-94.4402824091468;(((((x * (x + _a4_)) * (_a5_ + _a5_)) * x) + x) * (_a5_ * pow2(_a3_)));{'d0': {'_a3_': -1.366143531593114, '_a4_': 0.6238594156406875, '_a5_': 0.9511276906605198, '_a0_': 1.0, '_a1_': 1.0, '_a2_': 1.0, '_a6_': 1.0, '_a7_': 1.0}};{'d0': 0.024905832919416653};-280.569866449044;45.84465081537499
2366;-94.4402824091468;(((((x * (x + _a4_)) * (_a5_ + _a5_)) * x) + x) * (_a5_ * pow2(_a3_)));{'d0': {'_a3_': -1.366143531593114, '_a4_': 0.6238594156406875, '_a5_': 0.9511276906605198, '_a0_': 1.0, '_a1_': 1.0, '_a2_': 1.0, '_a6_': 1.0, '_a7_': 1.0}};{'d0': 0.024905832919416653};-280.569866449044;45.84465081537499
2367;-94.4402824091468;(((((x * (x + _a4_)) * (_a4_ + _a5_)) * x) + x) * (_a5_ * pow2(_a3_)));{'d0': {'_a3_': -1.1783737151964653, '_a4_': 0.6238594156656705, '_a5_': 1.2783959693836235, '_a0_': 1.0, '_a1_': 1.0, '_a2_': 1.0, '_a6_': 1.0, '_a7_': 1.0}};{'d0': 0.024905832919416622};-280.569866449044;45.84465081537499
2368;-94.4402824091468;(((((x * (x + _a4_)) * (_a4_ + _a5_)) * x) + x) * (_a5_ * pow2(_a3_)));{'d0': {'_a3_': -1.1783737151964653, '_a4_': 0.6238594156656705, '_a5_': 1.2783959693836235, '_a0_': 1.0, '_a1_': 1.0, '_a2_': 1.0, '_a6_': 1.0, '_a7_': 1.0}};{'d0': 0.024905832919416622};-280.569866449044;45.84465081537499
2369;-94.4402824091468;(((((x * (x + _a4_)) * (_a4_ + _a5_)) * x) + x) * (_a5_ * pow2(_a3_)));{'d0': {'_a3_': -1.1783737151964653, '_a4_': 0.6238594156656705, '_a5_': 1.2783959693836235, '_a0_': 1.0, '_a1_': 1.0, '_a2_': 1.0, '_a6_': 1.0, '_a7_': 1.0}};{'d0': 0.024905832919416622};-280.569866449044;45.84465081537499
2370;-94.4402824091468;(((((x * (x + _a4_)) * (_a4_ + _a5_)) * x) + x) * (_a5_ * pow2(_a3_)));{'d0': {'_a3_': -1.1783737151964653, '_a4_': 0.6238594156656705, '_a5_': 1.2783959693836235, '_a0_': 1.0, '_a1_': 1.0, '_a2_': 1.0, '_a6_': 1.0, '_a7_': 1.0}};{'d0': 0.024905832919416622};-280.569866449044;45.84465081537499
2371;-94.4402824091468;(((((x * (x + _a4_)) * (_a4_ + _a5_)) * x) + x) * (_a5_ * pow2(_a3_)));{'d0': {'_a3_': -1.1783737151964653, '_a4_': 0.6238594156656705, '_a5_': 1.2783959693836235, '_a0_': 1.0, '_a1_': 1.0, '_a2_': 1.0, '_a6_': 1.0, '_a7_': 1.0}};{'d0': 0.024905832919416622};-280.569866449044;45.84465081537499
2372;-92.2176158327268;(((((x * (x + _a4_)) * (_a4_ + _a5_)) * x) + x) * (_a5_ * (_a1_ + _a4_)));{'d0': {'_a1_': 0.7647051986048242, '_a4_': 0.6238594155651349, '_a5_': 1.2783959680725236, '_a0_': 1.0, '_a2_': 1.0, '_a3_': 1.0, '_a6_': 1.0, '_a7_': 1.0}};{'d0': 0.024905832919416615};-280.569866449044;48.06731739179499
2373;-92.2176158327268;(((((x * (x + _a4_)) * (_a4_ + _a5_)) * x) + x) * (_a5_ * (_a1_ + _a4_)));{'d0': {'_a1_': 0.7647051986048242, '_a4_': 0.6238594155651349, '_a5_': 1.2783959680725236, '_a0_': 1.0, '_a2_': 1.0, '_a3_': 1.0, '_a6_': 1.0, '_a7_': 1.0}};{'d0': 0.024905832919416615};-280.569866449044;48.06731739179499
2374;-92.2176158327268;(((((x * (x + _a4_)) * (_a4_ + _a5_)) * x) + x) * (_a5_ * (_a1_ + _a4_)));{'d0': {'_a1_': 0.7647051986048242, '_a4_': 0.6238594155651349, '_a5_': 1.2783959680725236, '_a0_': 1.0, '_a2_': 1.0, '_a3_': 1.0, '_a6_': 1.0, '_a7_': 1.0}};{'d0': 0.024905832919416615};-280.569866449044;48.06731739179499
2375;-92.2176158327268;(((((x * (x + _a4_)) * (_a4_ + _a5_)) * x) + x) * (_a5_ * (_a1_ + _a4_)));{'d0': {'_a1_': 0.7647051986048242, '_a4_': 0.6238594155651349, '_a5_': 1.2783959680725236, '_a0_': 1.0, '_a2_': 1.0, '_a3_': 1.0, '_a6_': 1.0, '_a7_': 1.0}};{'d0': 0.024905832919416615};-280.569866449044;48.06731739179499
2376;-92.2176158327268;(((((x * (x + _a4_)) * (_a4_ + _a5_)) * x) + x) * (_a5_ * (_a1_ + _a4_)));{'d0': {'_a1_': 0.7647051986048242, '_a4_': 0.6238594155651349, '_a5_': 1.2783959680725236, '_a0_': 1.0, '_a2_': 1.0, '_a3_': 1.0, '_a6_': 1.0, '_a7_': 1.0}};{'d0': 0.024905832919416615};-280.569866449044;48.06731739179499
2377;-92.2176158327268;(((((x * (x + _a4_)) * (_a4_ + _a5_)) * x) + x) * (_a5_ * (_a1_ + _a4_)));{'d0': {'_a1_': 0.7647051986048242, '_a4_': 0.6238594155651349, '_a5_': 1.2783959680725236, '_a0_': 1.0, '_a2_': 1.0, '_a3_': 1.0, '_a6_': 1.0, '_a7_': 1.0}};{'d0': 0.024905832919416615};-280.569866449044;48.06731739179499
2378;-92.2176158327268;(((((x * (x + _a4_)) * (_a4_ + _a5_)) * x) + x) * (_a5_ * (_a1_ + _a4_)));{'d0': {'_a1_': 0.7647051986048242, '_a4_': 0.6238594155651349, '_a5_': 1.2783959680725236, '_a0_': 1.0, '_a2_': 1.0, '_a3_': 1.0, '_a6_': 1.0, '_a7_': 1.0}};{'d0': 0.024905832919416615};-280.569866449044;48.06731739179499
2379;-89.4424806150027;(((log((_a6_ ** (_a6_ * x))) + pow2((x / _a5_))) + _a2_) * (x + _a7_));{'d0': {'_a2_': 1.7758732829500345, '_a5_': 0.5437257708957476, '_a6_': 2.407129517867483, '_a7_': -0.000576743305990674, '_a0_': 1.0, '_a1_': 1.0, '_a3_': 1.0, '_a4_': 1.0}};{'d0': 0.024885482501897652};-276.524567593238;48.8198031816164
2380;-89.4424806150027;(((log((_a6_ ** (_a6_ * x))) + pow2((x / _a5_))) + _a2_) * (x + _a7_));{'d0': {'_a2_': 1.7758732829500345, '_a5_': 0.5437257708957476, '_a6_': 2.407129517867483, '_a7_': -0.000576743305990674, '_a0_': 1.0, '_a1_': 1.0, '_a3_': 1.0, '_a4_': 1.0}};{'d0': 0.024885482501897652};-276.524567593238;48.8198031816164
2381;-89.4424806150027;(((log((_a6_ ** (_a6_ * x))) + pow2((x / _a5_))) + _a2_) * (x + _a7_));{'d0': {'_a2_': 1.7758732829500345, '_a5_': 0.5437257708957476, '_a6_': 2.407129517867483, '_a7_': -0.000576743305990674, '_a0_': 1.0, '_a1_': 1.0, '_a3_': 1.0, '_a4_': 1.0}};{'d0': 0.024885482501897652};-276.524567593238;48.8198031816164
2382;-89.4424806150027;(((log((_a6_ ** (_a6_ * x))) + pow2((x / _a5_))) + _a2_) * (x + _a7_));{'d0': {'_a2_': 1.7758732829500345, '_a5_': 0.5437257708957476, '_a6_': 2.407129517867483, '_a7_': -0.000576743305990674, '_a0_': 1.0, '_a1_': 1.0, '_a3_': 1.0, '_a4_': 1.0}};{'d0': 0.024885482501897652};-276.524567593238;48.8198031816164
2383;-89.4424806150027;(((log((_a6_ ** (_a6_ * x))) + pow2((x / _a5_))) + _a2_) * (x + _a7_));{'d0': {'_a2_': 1.7758732829500345, '_a5_': 0.5437257708957476, '_a6_': 2.407129517867483, '_a7_': -0.000576743305990674, '_a0_': 1.0, '_a1_': 1.0, '_a3_': 1.0, '_a4_': 1.0}};{'d0': 0.024885482501897652};-276.524567593238;48.8198031816164
2384;-89.4424806150027;(((log((_a6_ ** (_a6_ * x))) + pow2((x / _a5_))) + _a2_) * (x + _a7_));{'d0': {'_a2_': 1.7758732829500345, '_a5_': 0.5437257708957476, '_a6_': 2.407129517867483, '_a7_': -0.000576743305990674, '_a0_': 1.0, '_a1_': 1.0, '_a3_': 1.0, '_a4_': 1.0}};{'d0': 0.024885482501897652};-276.524567593238;48.8198031816164
2385;-89.4424806150027;(((log((_a6_ ** (_a6_ * x))) + pow2((x / _a5_))) + _a2_) * (x + _a7_));{'d0': {'_a2_': 1.7758732829500345, '_a5_': 0.5437257708957476, '_a6_': 2.407129517867483, '_a7_': -0.000576743305990674, '_a0_': 1.0, '_a1_': 1.0, '_a3_': 1.0, '_a4_': 1.0}};{'d0': 0.024885482501897652};-276.524567593238;48.8198031816164
2386;-89.4424806150027;(((log((_a6_ ** (_a6_ * x))) + pow2((x / _a5_))) + _a2_) * (x + _a7_));{'d0': {'_a2_': 1.7758732829500345, '_a5_': 0.5437257708957476, '_a6_': 2.407129517867483, '_a7_': -0.000576743305990674, '_a0_': 1.0, '_a1_': 1.0, '_a3_': 1.0, '_a4_': 1.0}};{'d0': 0.024885482501897652};-276.524567593238;48.8198031816164
2387;-89.4424806150027;(((log((_a6_ ** (_a6_ * x))) + pow2((x / _a5_))) + _a2_) * (x + _a7_));{'d0': {'_a2_': 1.7758732829500345, '_a5_': 0.5437257708957476, '_a6_': 2.407129517867483, '_a7_': -0.000576743305990674, '_a0_': 1.0, '_a1_': 1.0, '_a3_': 1.0, '_a4_': 1.0}};{'d0': 0.024885482501897652};-276.524567593238;48.8198031816164
2388;-89.4424806150027;(((log((_a6_ ** (_a6_ * x))) + pow2((x / _a5_))) + _a2_) * (x + _a7_));{'d0': {'_a2_': 1.7758732829500345, '_a5_': 0.5437257708957476, '_a6_': 2.407129517867483, '_a7_': -0.000576743305990674, '_a0_': 1.0, '_a1_': 1.0, '_a3_': 1.0, '_a4_': 1.0}};{'d0': 0.024885482501897652};-276.524567593238;48.8198031816164
2389;-89.4424806150027;(((log((_a6_ ** (_a6_ * x))) + pow2((x / _a5_))) + _a2_) * (x + _a7_));{'d0': {'_a2_': 1.7758732829500345, '_a5_': 0.5437257708957476, '_a6_': 2.407129517867483, '_a7_': -0.000576743305990674, '_a0_': 1.0, '_a1_': 1.0, '_a3_': 1.0, '_a4_': 1.0}};{'d0': 0.024885482501897652};-276.524567593238;48.8198031816164
2390;-89.4424806150027;(((log((_a6_ ** (_a6_ * x))) + pow2((x / _a5_))) + _a2_) * (x + _a7_));{'d0': {'_a2_': 1.7758732829500345, '_a5_': 0.5437257708957476, '_a6_': 2.407129517867483, '_a7_': -0.000576743305990674, '_a0_': 1.0, '_a1_': 1.0, '_a3_': 1.0, '_a4_': 1.0}};{'d0': 0.024885482501897652};-276.524567593238;48.8198031816164
2391;-89.4424806150027;(((log((_a6_ ** (_a6_ * x))) + pow2((x / _a5_))) + _a2_) * (x + _a7_));{'d0': {'_a2_': 1.7758732829500345, '_a5_': 0.5437257708957476, '_a6_': 2.407129517867483, '_a7_': -0.000576743305990674, '_a0_': 1.0, '_a1_': 1.0, '_a3_': 1.0, '_a4_': 1.0}};{'d0': 0.024885482501897652};-276.524567593238;48.8198031816164
2392;-89.4424806150027;(((log((_a6_ ** (_a6_ * x))) + pow2((x / _a5_))) + _a2_) * (x + _a7_));{'d0': {'_a2_': 1.7758732829500345, '_a5_': 0.5437257708957476, '_a6_': 2.407129517867483, '_a7_': -0.000576743305990674, '_a0_': 1.0, '_a1_': 1.0, '_a3_': 1.0, '_a4_': 1.0}};{'d0': 0.024885482501897652};-276.524567593238;48.8198031816164
2393;-89.4424806150027;(((log((_a6_ ** (_a6_ * x))) + pow2((x / _a5_))) + _a2_) * (x + _a7_));{'d0': {'_a2_': 1.7758732829500345, '_a5_': 0.5437257708957476, '_a6_': 2.407129517867483, '_a7_': -0.000576743305990674, '_a0_': 1.0, '_a1_': 1.0, '_a3_': 1.0, '_a4_': 1.0}};{'d0': 0.024885482501897652};-276.524567593238;48.8198031816164
2394;-89.4424806150027;(((log((_a6_ ** (_a6_ * x))) + pow2((x / _a5_))) + _a2_) * (x + _a7_));{'d0': {'_a2_': 1.7758732829500345, '_a5_': 0.5437257708957476, '_a6_': 2.407129517867483, '_a7_': -0.000576743305990674, '_a0_': 1.0, '_a1_': 1.0, '_a3_': 1.0, '_a4_': 1.0}};{'d0': 0.024885482501897652};-276.524567593238;48.8198031816164
2395;-89.4424806150027;(((log((_a6_ ** (_a6_ * x))) + pow2((x / _a5_))) + _a2_) * (x + _a7_));{'d0': {'_a2_': 1.7758732829500345, '_a5_': 0.5437257708957476, '_a6_': 2.407129517867483, '_a7_': -0.000576743305990674, '_a0_': 1.0, '_a1_': 1.0, '_a3_': 1.0, '_a4_': 1.0}};{'d0': 0.024885482501897652};-276.524567593238;48.8198031816164
2396;-89.4424806150027;(((log((_a6_ ** (_a6_ * x))) + pow2((x / _a5_))) + _a2_) * (x + _a7_));{'d0': {'_a2_': 1.7758732829500345, '_a5_': 0.5437257708957476, '_a6_': 2.407129517867483, '_a7_': -0.000576743305990674, '_a0_': 1.0, '_a1_': 1.0, '_a3_': 1.0, '_a4_': 1.0}};{'d0': 0.024885482501897652};-276.524567593238;48.8198031816164
2397;-89.4424806150027;(((log((_a6_ ** (_a6_ * x))) + pow2((x / _a5_))) + _a2_) * (x + _a7_));{'d0': {'_a2_': 1.7758732829500345, '_a5_': 0.5437257708957476, '_a6_': 2.407129517867483, '_a7_': -0.000576743305990674, '_a0_': 1.0, '_a1_': 1.0, '_a3_': 1.0, '_a4_': 1.0}};{'d0': 0.024885482501897652};-276.524567593238;48.8198031816164
2398;-89.4424806150027;(((log((_a6_ ** (_a6_ * x))) + pow2((x / _a5_))) + _a2_) * (x + _a7_));{'d0': {'_a2_': 1.7758732829500345, '_a5_': 0.5437257708957476, '_a6_': 2.407129517867483, '_a7_': -0.000576743305990674, '_a0_': 1.0, '_a1_': 1.0, '_a3_': 1.0, '_a4_': 1.0}};{'d0': 0.024885482501897652};-276.524567593238;48.8198031816164
2399;-89.4424806150027;(((log((_a6_ ** (_a6_ * x))) + pow2((x / _a5_))) + _a2_) * (x + _a7_));{'d0': {'_a2_': 1.7758732829500345, '_a5_': 0.5437257708957476, '_a6_': 2.407129517867483, '_a7_': -0.000576743305990674, '_a0_': 1.0, '_a1_': 1.0, '_a3_': 1.0, '_a4_': 1.0}};{'d0': 0.024885482501897652};-276.524567593238;48.8198031816164
2400;-89.4424806150027;(((log((_a6_ ** (_a6_ * x))) + pow2((x / _a5_))) + _a2_) * (x + _a7_));{'d0': {'_a2_': 1.7758732829500345, '_a5_': 0.5437257708957476, '_a6_': 2.407129517867483, '_a7_': -0.000576743305990674, '_a0_': 1.0, '_a1_': 1.0, '_a3_': 1.0, '_a4_': 1.0}};{'d0': 0.024885482501897652};-276.524567593238;48.8198031816164
2401;-86.2127220811657;((pow3(-(((x * _a1_) + _a5_))) * _a0_) + (-(((x + _a3_) * _a0_)) + _a0_));{'d0': {'_a0_': -1.3348540726638356, '_a1_': 1.3633335269628473, '_a3_': 0.9763690302705119, '_a5_': 0.28382384862454985, '_a2_': 1.0, '_a4_': 1.0, '_a6_': 1.0, '_a7_': 1.0}};{'d0': 0.024885482501866805};-276.524567593313;52.04956171549055
2402;-86.2127220811657;((pow3(-(((x * _a1_) + _a5_))) * _a0_) + (-(((x + _a3_) * _a0_)) + _a0_));{'d0': {'_a0_': -1.3348540726638356, '_a1_': 1.3633335269628473, '_a3_': 0.9763690302705119, '_a5_': 0.28382384862454985, '_a2_': 1.0, '_a4_': 1.0, '_a6_': 1.0, '_a7_': 1.0}};{'d0': 0.024885482501866805};-276.524567593313;52.04956171549055
2403;-86.2127220811657;((pow3(-(((x * _a1_) + _a5_))) * _a0_) + (-(((x + _a3_) * _a0_)) + _a0_));{'d0': {'_a0_': -1.3348540726638356, '_a1_': 1.3633335269628473, '_a3_': 0.9763690302705119, '_a5_': 0.28382384862454985, '_a2_': 1.0, '_a4_': 1.0, '_a6_': 1.0, '_a7_': 1.0}};{'d0': 0.024885482501866805};-276.524567593313;52.04956171549055
2404;-86.2127220811657;((pow3(-(((x * _a1_) + _a5_))) * _a0_) + (-(((x + _a3_) * _a0_)) + _a0_));{'d0': {'_a0_': -1.3348540726638356, '_a1_': 1.3633335269628473, '_a3_': 0.9763690302705119, '_a5_': 0.28382384862454985, '_a2_': 1.0, '_a4_': 1.0, '_a6_': 1.0, '_a7_': 1.0}};{'d0': 0.024885482501866805};-276.524567593313;52.04956171549055
2405;-86.2127220811657;((pow3(-(((x * _a1_) + _a5_))) * _a0_) + (-(((x + _a3_) * _a0_)) + _a0_));{'d0': {'_a0_': -1.3348540726638356, '_a1_': 1.3633335269628473, '_a3_': 0.9763690302705119, '_a5_': 0.28382384862454985, '_a2_': 1.0, '_a4_': 1.0, '_a6_': 1.0, '_a7_': 1.0}};{'d0': 0.024885482501866805};-276.524567593313;52.04956171549055
2406;-86.2127220811657;((pow3(-(((x * _a1_) + _a5_))) * _a0_) + (-(((x + _a3_) * _a0_)) + _a0_));{'d0': {'_a0_': -1.3348540726638356, '_a1_': 1.3633335269628473, '_a3_': 0.9763690302705119, '_a5_': 0.28382384862454985, '_a2_': 1.0, '_a4_': 1.0, '_a6_': 1.0, '_a7_': 1.0}};{'d0': 0.024885482501866805};-276.524567593313;52.04956171549055
2407;-82.5317647649036;((pow3(-(((x * _a1_) + _a5_))) * -(_a3_)) + (-(((x + _a3_) * _a0_)) + _a0_));{'d0': {'_a0_': -1.3348540740727413, '_a1_': 1.5131269967223668, '_a3_': 0.9763690306318024, '_a5_': 0.31500841061029045, '_a2_': 1.0, '_a4_': 1.0, '_a6_': 1.0, '_a7_': 1.0}};{'d0': 0.02488548250186691};-276.524567593312;55.7305190317525
2408;-82.5317647649036;((pow3(-(((x * _a1_) + _a5_))) * -(_a3_)) + (-(((x + _a3_) * _a0_)) + _a0_));{'d0': {'_a0_': -1.3348540740727413, '_a1_': 1.5131269967223668, '_a3_': 0.9763690306318024, '_a5_': 0.31500841061029045, '_a2_': 1.0, '_a4_': 1.0, '_a6_': 1.0, '_a7_': 1.0}};{'d0': 0.02488548250186691};-276.524567593312;55.7305190317525
2409;-82.5317647649036;((pow3(-(((x * _a1_) + _a5_))) * -(_a3_)) + (-(((x + _a3_) * _a0_)) + _a0_));{'d0': {'_a0_': -1.3348540740727413, '_a1_': 1.5131269967223668, '_a3_': 0.9763690306318024, '_a5_': 0.31500841061029045, '_a2_': 1.0, '_a4_': 1.0, '_a6_': 1.0, '_a7_': 1.0}};{'d0': 0.02488548250186691};-276.524567593312;55.7305190317525
2410;-82.5317647649036;((pow3(-(((x * _a1_) + _a5_))) * -(_a3_)) + (-(((x + _a3_) * _a0_)) + _a0_));{'d0': {'_a0_': -1.3348540740727413, '_a1_': 1.5131269967223668, '_a3_': 0.9763690306318024, '_a5_': 0.31500841061029045, '_a2_': 1.0, '_a4_': 1.0, '_a6_': 1.0, '_a7_': 1.0}};{'d0': 0.02488548250186691};-276.524567593312;55.7305190317525
2411;-82.5317647649036;((pow3(-(((x * _a1_) + _a5_))) * -(_a3_)) + (-(((x + _a3_) * _a0_)) + _a0_));{'d0': {'_a0_': -1.3348540740727413, '_a1_': 1.5131269967223668, '_a3_': 0.9763690306318024, '_a5_': 0.31500841061029045, '_a2_': 1.0, '_a4_': 1.0, '_a6_': 1.0, '_a7_': 1.0}};{'d0': 0.02488548250186691};-276.524567593312;55.7305190317525
2412;-82.5317647649036;((pow3(-(((x * _a1_) + _a5_))) * -(_a3_)) + (-(((x + _a3_) * _a0_)) + _a0_));{'d0': {'_a0_': -1.3348540740727413, '_a1_': 1.5131269967223668, '_a3_': 0.9763690306318024, '_a5_': 0.31500841061029045, '_a2_': 1.0, '_a4_': 1.0, '_a6_': 1.0, '_a7_': 1.0}};{'d0': 0.02488548250186691};-276.524567593312;55.7305190317525
2413;-94.2471059678500;(((log((_a6_ ** x)) + pow2((x / _a5_))) + _a2_) * (x + _a7_));{'d0': {'_a2_': 1.7758732622932485, '_a5_': 0.5437257838524033, '_a6_': 8.285495995898296, '_a7_': -0.0005767271081843212, '_a0_': 1.0, '_a1_': 1.0, '_a3_': 1.0, '_a4_': 1.0}};{'d0': 0.02488548250186921};-276.524567593307;44.0151778288034
2414;-94.2471059678500;(((log((_a6_ ** x)) + pow2((x / _a5_))) + _a2_) * (x + _a7_));{'d0': {'_a2_': 1.7758732622932485, '_a5_': 0.5437257838524033, '_a6_': 8.285495995898296, '_a7_': -0.0005767271081843212, '_a0_': 1.0, '_a1_': 1.0, '_a3_': 1.0, '_a4_': 1.0}};{'d0': 0.02488548250186921};-276.524567593307;44.0151778288034
2415;-94.2471059678500;(((log((_a6_ ** x)) + pow2((x / _a5_))) + _a2_) * (x + _a7_));{'d0': {'_a2_': 1.7758732622932485, '_a5_': 0.5437257838524033, '_a6_': 8.285495995898296, '_a7_': -0.0005767271081843212, '_a0_': 1.0, '_a1_': 1.0, '_a3_': 1.0, '_a4_': 1.0}};{'d0': 0.02488548250186921};-276.524567593307;44.0151778288034
2416;-94.2471059678500;(((log((_a6_ ** x)) + pow2((x / _a5_))) + _a2_) * (x + _a7_));{'d0': {'_a2_': 1.7758732622932485, '_a5_': 0.5437257838524033, '_a6_': 8.285495995898296, '_a7_': -0.0005767271081843212, '_a0_': 1.0, '_a1_': 1.0, '_a3_': 1.0, '_a4_': 1.0}};{'d0': 0.02488548250186921};-276.524567593307;44.0151778288034
2417;-94.2471059678500;(((log((_a6_ ** x)) + pow2((x / _a5_))) + _a2_) * (x + _a7_));{'d0': {'_a2_': 1.7758732622932485, '_a5_': 0.5437257838524033, '_a6_': 8.285495995898296, '_a7_': -0.0005767271081843212, '_a0_': 1.0, '_a1_': 1.0, '_a3_': 1.0, '_a4_': 1.0}};{'d0': 0.02488548250186921};-276.524567593307;44.0151778288034
2418;-94.2471059678500;(((log((_a6_ ** x)) + pow2((x / _a5_))) + _a2_) * (x + _a7_));{'d0': {'_a2_': 1.7758732622932485, '_a5_': 0.5437257838524033, '_a6_': 8.285495995898296, '_a7_': -0.0005767271081843212, '_a0_': 1.0, '_a1_': 1.0, '_a3_': 1.0, '_a4_': 1.0}};{'d0': 0.02488548250186921};-276.524567593307;44.0151778288034
2419;-94.2471059678500;(((log((_a6_ ** x)) + pow2((x / _a5_))) + _a2_) * (x + _a7_));{'d0': {'_a2_': 1.7758732622932485, '_a5_': 0.5437257838524033, '_a6_': 8.285495995898296, '_a7_': -0.0005767271081843212, '_a0_': 1.0, '_a1_': 1.0, '_a3_': 1.0, '_a4_': 1.0}};{'d0': 0.02488548250186921};-276.524567593307;44.0151778288034
2420;-94.2471059678500;(((log((_a6_ ** x)) + pow2((x / _a5_))) + _a2_) * (x + _a7_));{'d0': {'_a2_': 1.7758732622932485, '_a5_': 0.5437257838524033, '_a6_': 8.285495995898296, '_a7_': -0.0005767271081843212, '_a0_': 1.0, '_a1_': 1.0, '_a3_': 1.0, '_a4_': 1.0}};{'d0': 0.02488548250186921};-276.524567593307;44.0151778288034
2421;-94.2471059678500;(((log((_a6_ ** x)) + pow2((x / _a5_))) + _a2_) * (x + _a7_));{'d0': {'_a2_': 1.7758732622932485, '_a5_': 0.5437257838524033, '_a6_': 8.285495995898296, '_a7_': -0.0005767271081843212, '_a0_': 1.0, '_a1_': 1.0, '_a3_': 1.0, '_a4_': 1.0}};{'d0': 0.02488548250186921};-276.524567593307;44.0151778288034
2422;-94.2471059678500;(((log((_a6_ ** x)) + pow2((x / _a5_))) + _a2_) * (x + _a7_));{'d0': {'_a2_': 1.7758732622932485, '_a5_': 0.5437257838524033, '_a6_': 8.285495995898296, '_a7_': -0.0005767271081843212, '_a0_': 1.0, '_a1_': 1.0, '_a3_': 1.0, '_a4_': 1.0}};{'d0': 0.02488548250186921};-276.524567593307;44.0151778288034
2423;-94.2471059678500;(((log((_a6_ ** x)) + pow2((x / _a5_))) + _a2_) * (x + _a7_));{'d0': {'_a2_': 1.7758732622932485, '_a5_': 0.5437257838524033, '_a6_': 8.285495995898296, '_a7_': -0.0005767271081843212, '_a0_': 1.0, '_a1_': 1.0, '_a3_': 1.0, '_a4_': 1.0}};{'d0': 0.02488548250186921};-276.524567593307;44.0151778288034
2424;-94.2471059678500;(((log((_a6_ ** x)) + pow2((x / _a5_))) + _a2_) * (x + _a7_));{'d0': {'_a2_': 1.7758732622932485, '_a5_': 0.5437257838524033, '_a6_': 8.285495995898296, '_a7_': -0.0005767271081843212, '_a0_': 1.0, '_a1_': 1.0, '_a3_': 1.0, '_a4_': 1.0}};{'d0': 0.02488548250186921};-276.524567593307;44.0151778288034
2425;-94.2471059678500;(((log((_a6_ ** x)) + pow2((x / _a5_))) + _a2_) * (x + _a7_));{'d0': {'_a2_': 1.7758732622932485, '_a5_': 0.5437257838524033, '_a6_': 8.285495995898296, '_a7_': -0.0005767271081843212, '_a0_': 1.0, '_a1_': 1.0, '_a3_': 1.0, '_a4_': 1.0}};{'d0': 0.02488548250186921};-276.524567593307;44.0151778288034
2426;-94.2471059678500;(((log((_a6_ ** x)) + pow2((x / _a5_))) + _a2_) * (x + _a7_));{'d0': {'_a2_': 1.7758732622932485, '_a5_': 0.5437257838524033, '_a6_': 8.285495995898296, '_a7_': -0.0005767271081843212, '_a0_': 1.0, '_a1_': 1.0, '_a3_': 1.0, '_a4_': 1.0}};{'d0': 0.02488548250186921};-276.524567593307;44.0151778288034
2427;-94.2471059678500;(((log((_a6_ ** x)) + pow2((x / _a5_))) + _a2_) * (x + _a7_));{'d0': {'_a2_': 1.7758732622932485, '_a5_': 0.5437257838524033, '_a6_': 8.285495995898296, '_a7_': -0.0005767271081843212, '_a0_': 1.0, '_a1_': 1.0, '_a3_': 1.0, '_a4_': 1.0}};{'d0': 0.02488548250186921};-276.524567593307;44.0151778288034
2428;-94.2471059678500;(((log((_a6_ ** x)) + pow2((x / _a5_))) + _a2_) * (x + _a7_));{'d0': {'_a2_': 1.7758732622932485, '_a5_': 0.5437257838524033, '_a6_': 8.285495995898296, '_a7_': -0.0005767271081843212, '_a0_': 1.0, '_a1_': 1.0, '_a3_': 1.0, '_a4_': 1.0}};{'d0': 0.02488548250186921};-276.524567593307;44.0151778288034
2429;-94.2471059678500;(((log((_a6_ ** x)) + pow2((x / _a5_))) + _a2_) * (x + _a7_));{'d0': {'_a2_': 1.7758732622932485, '_a5_': 0.5437257838524033, '_a6_': 8.285495995898296, '_a7_': -0.0005767271081843212, '_a0_': 1.0, '_a1_': 1.0, '_a3_': 1.0, '_a4_': 1.0}};{'d0': 0.02488548250186921};-276.524567593307;44.0151778288034
2430;-94.2471059678500;(((log((_a6_ ** x)) + pow2((x / _a5_))) + _a2_) * (x + _a7_));{'d0': {'_a2_': 1.7758732622932485, '_a5_': 0.5437257838524033, '_a6_': 8.285495995898296, '_a7_': -0.0005767271081843212, '_a0_': 1.0, '_a1_': 1.0, '_a3_': 1.0, '_a4_': 1.0}};{'d0': 0.02488548250186921};-276.524567593307;44.0151778288034
2431;-94.2471059678500;(((log((_a6_ ** x)) + pow2((x / _a5_))) + _a2_) * (x + _a7_));{'d0': {'_a2_': 1.7758732622932485, '_a5_': 0.5437257838524033, '_a6_': 8.285495995898296, '_a7_': -0.0005767271081843212, '_a0_': 1.0, '_a1_': 1.0, '_a3_': 1.0, '_a4_': 1.0}};{'d0': 0.02488548250186921};-276.524567593307;44.0151778288034
2432;-94.2471059678500;(((log((_a6_ ** x)) + pow2((x / _a5_))) + _a2_) * (x + _a7_));{'d0': {'_a2_': 1.7758732622932485, '_a5_': 0.5437257838524033, '_a6_': 8.285495995898296, '_a7_': -0.0005767271081843212, '_a0_': 1.0, '_a1_': 1.0, '_a3_': 1.0, '_a4_': 1.0}};{'d0': 0.02488548250186921};-276.524567593307;44.0151778288034
2433;-94.2471059678500;(((log((_a6_ ** x)) + pow2((x / _a5_))) + _a2_) * (x + _a7_));{'d0': {'_a2_': 1.7758732622932485, '_a5_': 0.5437257838524033, '_a6_': 8.285495995898296, '_a7_': -0.0005767271081843212, '_a0_': 1.0, '_a1_': 1.0, '_a3_': 1.0, '_a4_': 1.0}};{'d0': 0.02488548250186921};-276.524567593307;44.0151778288034
2434;-94.2471059678500;(((log((_a6_ ** x)) + pow2((x / _a5_))) + _a2_) * (x + _a7_));{'d0': {'_a2_': 1.7758732622932485, '_a5_': 0.5437257838524033, '_a6_': 8.285495995898296, '_a7_': -0.0005767271081843212, '_a0_': 1.0, '_a1_': 1.0, '_a3_': 1.0, '_a4_': 1.0}};{'d0': 0.02488548250186921};-276.524567593307;44.0151778288034
2435;-94.2471059678500;(((log((_a6_ ** x)) + pow2((x / _a5_))) + _a2_) * (x + _a7_));{'d0': {'_a2_': 1.7758732622932485, '_a5_': 0.5437257838524033, '_a6_': 8.285495995898296, '_a7_': -0.0005767271081843212, '_a0_': 1.0, '_a1_': 1.0, '_a3_': 1.0, '_a4_': 1.0}};{'d0': 0.02488548250186921};-276.524567593307;44.0151778288034
2436;-94.2471059678500;(((log((_a6_ ** x)) + pow2((x / _a5_))) + _a2_) * (x + _a7_));{'d0': {'_a2_': 1.7758732622932485, '_a5_': 0.5437257838524033, '_a6_': 8.285495995898296, '_a7_': -0.0005767271081843212, '_a0_': 1.0, '_a1_': 1.0, '_a3_': 1.0, '_a4_': 1.0}};{'d0': 0.02488548250186921};-276.524567593307;44.0151778288034
2437;-94.2471059678500;(((log((_a6_ ** x)) + pow2((x / _a5_))) + _a2_) * (x + _a7_));{'d0': {'_a2_': 1.7758732622932485, '_a5_': 0.5437257838524033, '_a6_': 8.285495995898296, '_a7_': -0.0005767271081843212, '_a0_': 1.0, '_a1_': 1.0, '_a3_': 1.0, '_a4_': 1.0}};{'d0': 0.02488548250186921};-276.524567593307;44.0151778288034
2438;-94.2471059678500;(((log((_a6_ ** x)) + pow2((x / _a5_))) + _a2_) * (x + _a7_));{'d0': {'_a2_': 1.7758732622932485, '_a5_': 0.5437257838524033, '_a6_': 8.285495995898296, '_a7_': -0.0005767271081843212, '_a0_': 1.0, '_a1_': 1.0, '_a3_': 1.0, '_a4_': 1.0}};{'d0': 0.02488548250186921};-276.524567593307;44.0151778288034
2439;-81.6084556376363;((pow3(-(((x * _a1_) + _a5_))) / -(_a3_)) + (-(((x + _a3_) * _a0_)) + _a0_));{'d0': {'_a0_': -1.3348540724725608, '_a1_': 1.4891943405801096, '_a3_': 0.9763690302393226, '_a5_': 0.3100260213252818, '_a2_': 1.0, '_a4_': 1.0, '_a6_': 1.0, '_a7_': 1.0}};{'d0': 0.02488548250186689};-276.524567593312;56.6538281590199
2440;-80.5758581823022;((pow3(-(((x * _a1_) + _a5_))) / -(_a3_)) + (-(((x + _a3_) / _a0_)) + _a0_));{'d0': {'_a0_': -0.749145557010551, '_a1_': 1.220571596729567, '_a3_': 0.537588096320876, '_a5_': 0.2541031385093153, '_a2_': 1.0, '_a4_': 1.0, '_a6_': 1.0, '_a7_': 1.0}};{'d0': 0.02488548250186683};-276.524567593313;57.6864256143541
2441;-80.5758581823022;((pow3(-(((x * _a1_) + _a5_))) / -(_a3_)) + (-(((x + _a3_) / _a0_)) + _a0_));{'d0': {'_a0_': -0.749145557010551, '_a1_': 1.220571596729567, '_a3_': 0.537588096320876, '_a5_': 0.2541031385093153, '_a2_': 1.0, '_a4_': 1.0, '_a6_': 1.0, '_a7_': 1.0}};{'d0': 0.02488548250186683};-276.524567593313;57.6864256143541
2442;-94.2471059678500;(((log((_a6_ ** x)) + pow2((x / _a5_))) + _a2_) * (x + _a7_));{'d0': {'_a2_': 1.7758732622932485, '_a5_': 0.5437257838524033, '_a6_': 8.285495995898296, '_a7_': -0.0005767271081843212, '_a0_': 1.0, '_a1_': 1.0, '_a3_': 1.0, '_a4_': 1.0}};{'d0': 0.02488548250186921};-276.524567593307;44.0151778288034
2443;-94.2471059678500;(((log((_a6_ ** x)) + pow2((x / _a5_))) + _a2_) * (x + _a7_));{'d0': {'_a2_': 1.7758732622932485, '_a5_': 0.5437257838524033, '_a6_': 8.285495995898296, '_a7_': -0.0005767271081843212, '_a0_': 1.0, '_a1_': 1.0, '_a3_': 1.0, '_a4_': 1.0}};{'d0': 0.02488548250186921};-276.524567593307;44.0151778288034
2444;-94.2471059678500;(((log((_a6_ ** x)) + pow2((x / _a5_))) + _a2_) * (x + _a7_));{'d0': {'_a2_': 1.7758732622932485, '_a5_': 0.5437257838524033, '_a6_': 8.285495995898296, '_a7_': -0.0005767271081843212, '_a0_': 1.0, '_a1_': 1.0, '_a3_': 1.0, '_a4_': 1.0}};{'d0': 0.02488548250186921};-276.524567593307;44.0151778288034
2445;-94.2471059678500;(((log((_a6_ ** x)) + pow2((x / _a5_))) + _a2_) * (x + _a7_));{'d0': {'_a2_': 1.7758732622932485, '_a5_': 0.5437257838524033, '_a6_': 8.285495995898296, '_a7_': -0.0005767271081843212, '_a0_': 1.0, '_a1_': 1.0, '_a3_': 1.0, '_a4_': 1.0}};{'d0': 0.02488548250186921};-276.524567593307;44.0151778288034
2446;-94.2471059678500;(((log((_a6_ ** x)) + pow2((x / _a5_))) + _a2_) * (x + _a7_));{'d0': {'_a2_': 1.7758732622932485, '_a5_': 0.5437257838524033, '_a6_': 8.285495995898296, '_a7_': -0.0005767271081843212, '_a0_': 1.0, '_a1_': 1.0, '_a3_': 1.0, '_a4_': 1.0}};{'d0': 0.02488548250186921};-276.524567593307;44.0151778288034
2447;-94.2471059678500;(((log((_a6_ ** x)) + pow2((x / _a5_))) + _a2_) * (x + _a7_));{'d0': {'_a2_': 1.7758732622932485, '_a5_': 0.5437257838524033, '_a6_': 8.285495995898296, '_a7_': -0.0005767271081843212, '_a0_': 1.0, '_a1_': 1.0, '_a3_': 1.0, '_a4_': 1.0}};{'d0': 0.02488548250186921};-276.524567593307;44.0151778288034
2448;-94.2471059678500;(((log((_a6_ ** x)) + pow2((x / _a5_))) + _a2_) * (x + _a7_));{'d0': {'_a2_': 1.7758732622932485, '_a5_': 0.5437257838524033, '_a6_': 8.285495995898296, '_a7_': -0.0005767271081843212, '_a0_': 1.0, '_a1_': 1.0, '_a3_': 1.0, '_a4_': 1.0}};{'d0': 0.02488548250186921};-276.524567593307;44.0151778288034
2449;-94.2471059678500;(((log((_a6_ ** x)) + pow2((x / _a5_))) + _a2_) * (x + _a7_));{'d0': {'_a2_': 1.7758732622932485, '_a5_': 0.5437257838524033, '_a6_': 8.285495995898296, '_a7_': -0.0005767271081843212, '_a0_': 1.0, '_a1_': 1.0, '_a3_': 1.0, '_a4_': 1.0}};{'d0': 0.02488548250186921};-276.524567593307;44.0151778288034
2450;-94.2471059678500;(((log((_a6_ ** x)) + pow2((x / _a5_))) + _a2_) * (x + _a7_));{'d0': {'_a2_': 1.7758732622932485, '_a5_': 0.5437257838524033, '_a6_': 8.285495995898296, '_a7_': -0.0005767271081843212, '_a0_': 1.0, '_a1_': 1.0, '_a3_': 1.0, '_a4_': 1.0}};{'d0': 0.02488548250186921};-276.524567593307;44.0151778288034
2451;-80.5758581823022;((pow3(-(((x * _a1_) + _a5_))) / -(_a3_)) + (-(((x + _a3_) / _a0_)) + _a0_));{'d0': {'_a0_': -0.749145557010551, '_a1_': 1.220571596729567, '_a3_': 0.537588096320876, '_a5_': 0.2541031385093153, '_a2_': 1.0, '_a4_': 1.0, '_a6_': 1.0, '_a7_': 1.0}};{'d0': 0.02488548250186683};-276.524567593313;57.6864256143541
2452;-80.5758581823022;((pow3(-(((x * _a1_) + _a5_))) / -(_a3_)) + (-(((x + _a3_) / _a0_)) + _a0_));{'d0': {'_a0_': -0.749145557010551, '_a1_': 1.220571596729567, '_a3_': 0.537588096320876, '_a5_': 0.2541031385093153, '_a2_': 1.0, '_a4_': 1.0, '_a6_': 1.0, '_a7_': 1.0}};{'d0': 0.02488548250186683};-276.524567593313;57.6864256143541
2453;-80.5758581823022;((pow3(-(((x * _a1_) + _a5_))) / -(_a3_)) + (-(((x + _a3_) / _a0_)) + _a0_));{'d0': {'_a0_': -0.749145557010551, '_a1_': 1.220571596729567, '_a3_': 0.537588096320876, '_a5_': 0.2541031385093153, '_a2_': 1.0, '_a4_': 1.0, '_a6_': 1.0, '_a7_': 1.0}};{'d0': 0.02488548250186683};-276.524567593313;57.6864256143541
2454;-80.5758581823022;((pow3(-(((x * _a1_) + _a5_))) / -(_a3_)) + (-(((x + _a3_) / _a0_)) + _a0_));{'d0': {'_a0_': -0.749145557010551, '_a1_': 1.220571596729567, '_a3_': 0.537588096320876, '_a5_': 0.2541031385093153, '_a2_': 1.0, '_a4_': 1.0, '_a6_': 1.0, '_a7_': 1.0}};{'d0': 0.02488548250186683};-276.524567593313;57.6864256143541
2455;-80.5758581823022;((pow3(-(((x * _a1_) + _a5_))) / -(_a3_)) + (-(((x + _a3_) / _a0_)) + _a0_));{'d0': {'_a0_': -0.749145557010551, '_a1_': 1.220571596729567, '_a3_': 0.537588096320876, '_a5_': 0.2541031385093153, '_a2_': 1.0, '_a4_': 1.0, '_a6_': 1.0, '_a7_': 1.0}};{'d0': 0.02488548250186683};-276.524567593313;57.6864256143541
2456;-94.2471059678500;(((log((_a6_ ** x)) + pow2((x / _a5_))) + _a2_) * (x + _a7_));{'d0': {'_a2_': 1.7758732622932485, '_a5_': 0.5437257838524033, '_a6_': 8.285495995898296, '_a7_': -0.0005767271081843212, '_a0_': 1.0, '_a1_': 1.0, '_a3_': 1.0, '_a4_': 1.0}};{'d0': 0.02488548250186921};-276.524567593307;44.0151778288034
2457;-94.2471059678500;(((log((_a6_ ** x)) + pow2((x / _a5_))) + _a2_) * (x + _a7_));{'d0': {'_a2_': 1.7758732622932485, '_a5_': 0.5437257838524033, '_a6_': 8.285495995898296, '_a7_': -0.0005767271081843212, '_a0_': 1.0, '_a1_': 1.0, '_a3_': 1.0, '_a4_': 1.0}};{'d0': 0.02488548250186921};-276.524567593307;44.0151778288034
2458;-94.2471059678500;(((log((_a6_ ** x)) + pow2((x / _a5_))) + _a2_) * (x + _a7_));{'d0': {'_a2_': 1.7758732622932485, '_a5_': 0.5437257838524033, '_a6_': 8.285495995898296, '_a7_': -0.0005767271081843212, '_a0_': 1.0, '_a1_': 1.0, '_a3_': 1.0, '_a4_': 1.0}};{'d0': 0.02488548250186921};-276.524567593307;44.0151778288034
2459;-94.2471059678500;(((log((_a6_ ** x)) + pow2((x / _a5_))) + _a2_) * (x + _a7_));{'d0': {'_a2_': 1.7758732622932485, '_a5_': 0.5437257838524033, '_a6_': 8.285495995898296, '_a7_': -0.0005767271081843212, '_a0_': 1.0, '_a1_': 1.0, '_a3_': 1.0, '_a4_': 1.0}};{'d0': 0.02488548250186921};-276.524567593307;44.0151778288034
2460;-94.2471059678500;(((log((_a6_ ** x)) + pow2((x / _a5_))) + _a2_) * (x + _a7_));{'d0': {'_a2_': 1.7758732622932485, '_a5_': 0.5437257838524033, '_a6_': 8.285495995898296, '_a7_': -0.0005767271081843212, '_a0_': 1.0, '_a1_': 1.0, '_a3_': 1.0, '_a4_': 1.0}};{'d0': 0.02488548250186921};-276.524567593307;44.0151778288034
2461;-94.2471059678500;(((log((_a6_ ** x)) + pow2((x / _a5_))) + _a2_) * (x + _a7_));{'d0': {'_a2_': 1.7758732622932485, '_a5_': 0.5437257838524033, '_a6_': 8.285495995898296, '_a7_': -0.0005767271081843212, '_a0_': 1.0, '_a1_': 1.0, '_a3_': 1.0, '_a4_': 1.0}};{'d0': 0.02488548250186921};-276.524567593307;44.0151778288034
2462;-94.2471059678500;(((log((_a6_ ** x)) + pow2((x / _a5_))) + _a2_) * (x + _a7_));{'d0': {'_a2_': 1.7758732622932485, '_a5_': 0.5437257838524033, '_a6_': 8.285495995898296, '_a7_': -0.0005767271081843212, '_a0_': 1.0, '_a1_': 1.0, '_a3_': 1.0, '_a4_': 1.0}};{'d0': 0.02488548250186921};-276.524567593307;44.0151778288034
2463;-94.2471059678500;(((log((_a6_ ** x)) + pow2((x / _a5_))) + _a2_) * (x + _a7_));{'d0': {'_a2_': 1.7758732622932485, '_a5_': 0.5437257838524033, '_a6_': 8.285495995898296, '_a7_': -0.0005767271081843212, '_a0_': 1.0, '_a1_': 1.0, '_a3_': 1.0, '_a4_': 1.0}};{'d0': 0.02488548250186921};-276.524567593307;44.0151778288034
2464;-94.2471059678500;(((log((_a6_ ** x)) + pow2((x / _a5_))) + _a2_) * (x + _a7_));{'d0': {'_a2_': 1.7758732622932485, '_a5_': 0.5437257838524033, '_a6_': 8.285495995898296, '_a7_': -0.0005767271081843212, '_a0_': 1.0, '_a1_': 1.0, '_a3_': 1.0, '_a4_': 1.0}};{'d0': 0.02488548250186921};-276.524567593307;44.0151778288034
2465;-94.2471059678500;(((log((_a6_ ** x)) + pow2((x / _a5_))) + _a2_) * (x + _a7_));{'d0': {'_a2_': 1.7758732622932485, '_a5_': 0.5437257838524033, '_a6_': 8.285495995898296, '_a7_': -0.0005767271081843212, '_a0_': 1.0, '_a1_': 1.0, '_a3_': 1.0, '_a4_': 1.0}};{'d0': 0.02488548250186921};-276.524567593307;44.0151778288034
2466;-94.2471059678500;(((log((_a6_ ** x)) + pow2((x / _a5_))) + _a2_) * (x + _a7_));{'d0': {'_a2_': 1.7758732622932485, '_a5_': 0.5437257838524033, '_a6_': 8.285495995898296, '_a7_': -0.0005767271081843212, '_a0_': 1.0, '_a1_': 1.0, '_a3_': 1.0, '_a4_': 1.0}};{'d0': 0.02488548250186921};-276.524567593307;44.0151778288034
2467;-94.2471059678500;(((log((_a6_ ** x)) + pow2((x / _a5_))) + _a2_) * (x + _a7_));{'d0': {'_a2_': 1.7758732622932485, '_a5_': 0.5437257838524033, '_a6_': 8.285495995898296, '_a7_': -0.0005767271081843212, '_a0_': 1.0, '_a1_': 1.0, '_a3_': 1.0, '_a4_': 1.0}};{'d0': 0.02488548250186921};-276.524567593307;44.0151778288034
2468;-94.2471059678500;(((log((_a6_ ** x)) + pow2((x / _a5_))) + _a2_) * (x + _a7_));{'d0': {'_a2_': 1.7758732622932485, '_a5_': 0.5437257838524033, '_a6_': 8.285495995898296, '_a7_': -0.0005767271081843212, '_a0_': 1.0, '_a1_': 1.0, '_a3_': 1.0, '_a4_': 1.0}};{'d0': 0.02488548250186921};-276.524567593307;44.0151778288034
2469;-82.5317647649036;((pow3(-(((x * _a1_) + _a5_))) * -(_a3_)) + (-(((x + _a3_) * _a0_)) + _a0_));{'d0': {'_a0_': -1.3348540740727413, '_a1_': 1.5131269967223668, '_a3_': 0.9763690306318024, '_a5_': 0.31500841061029045, '_a2_': 1.0, '_a4_': 1.0, '_a6_': 1.0, '_a7_': 1.0}};{'d0': 0.02488548250186691};-276.524567593312;55.7305190317525
2470;-82.5317647649036;((pow3(-(((x * _a1_) + _a5_))) * -(_a3_)) + (-(((x + _a3_) * _a0_)) + _a0_));{'d0': {'_a0_': -1.3348540740727413, '_a1_': 1.5131269967223668, '_a3_': 0.9763690306318024, '_a5_': 0.31500841061029045, '_a2_': 1.0, '_a4_': 1.0, '_a6_': 1.0, '_a7_': 1.0}};{'d0': 0.02488548250186691};-276.524567593312;55.7305190317525
2471;-82.5317647649036;((pow3(-(((x * _a1_) + _a5_))) * -(_a3_)) + (-(((x + _a3_) * _a0_)) + _a0_));{'d0': {'_a0_': -1.3348540740727413, '_a1_': 1.5131269967223668, '_a3_': 0.9763690306318024, '_a5_': 0.31500841061029045, '_a2_': 1.0, '_a4_': 1.0, '_a6_': 1.0, '_a7_': 1.0}};{'d0': 0.02488548250186691};-276.524567593312;55.7305190317525
2472;-82.5317647649036;((pow3(-(((x * _a1_) + _a5_))) * -(_a3_)) + (-(((x + _a3_) * _a0_)) + _a0_));{'d0': {'_a0_': -1.3348540740727413, '_a1_': 1.5131269967223668, '_a3_': 0.9763690306318024, '_a5_': 0.31500841061029045, '_a2_': 1.0, '_a4_': 1.0, '_a6_': 1.0, '_a7_': 1.0}};{'d0': 0.02488548250186691};-276.524567593312;55.7305190317525
2473;-94.2471059678500;(((log((_a6_ ** x)) + pow2((x / _a5_))) + _a2_) * (x + _a7_));{'d0': {'_a2_': 1.7758732622932485, '_a5_': 0.5437257838524033, '_a6_': 8.285495995898296, '_a7_': -0.0005767271081843212, '_a0_': 1.0, '_a1_': 1.0, '_a3_': 1.0, '_a4_': 1.0}};{'d0': 0.02488548250186921};-276.524567593307;44.0151778288034
2474;-94.2471059678500;(((log((_a6_ ** x)) + pow2((x / _a5_))) + _a2_) * (x + _a7_));{'d0': {'_a2_': 1.7758732622932485, '_a5_': 0.5437257838524033, '_a6_': 8.285495995898296, '_a7_': -0.0005767271081843212, '_a0_': 1.0, '_a1_': 1.0, '_a3_': 1.0, '_a4_': 1.0}};{'d0': 0.02488548250186921};-276.524567593307;44.0151778288034
2475;-94.2471059678500;(((log((_a6_ ** x)) + pow2((x / _a5_))) + _a2_) * (x + _a7_));{'d0': {'_a2_': 1.7758732622932485, '_a5_': 0.5437257838524033, '_a6_': 8.285495995898296, '_a7_': -0.0005767271081843212, '_a0_': 1.0, '_a1_': 1.0, '_a3_': 1.0, '_a4_': 1.0}};{'d0': 0.02488548250186921};-276.524567593307;44.0151778288034
2476;-94.2471059678500;(((log((_a6_ ** x)) + pow2((x / _a5_))) + _a2_) * (x + _a7_));{'d0': {'_a2_': 1.7758732622932485, '_a5_': 0.5437257838524033, '_a6_': 8.285495995898296, '_a7_': -0.0005767271081843212, '_a0_': 1.0, '_a1_': 1.0, '_a3_': 1.0, '_a4_': 1.0}};{'d0': 0.02488548250186921};-276.524567593307;44.0151778288034
2477;-94.2471059678500;(((log((_a6_ ** x)) + pow2((x / _a5_))) + _a2_) * (x + _a7_));{'d0': {'_a2_': 1.7758732622932485, '_a5_': 0.5437257838524033, '_a6_': 8.285495995898296, '_a7_': -0.0005767271081843212, '_a0_': 1.0, '_a1_': 1.0, '_a3_': 1.0, '_a4_': 1.0}};{'d0': 0.02488548250186921};-276.524567593307;44.0151778288034
2478;-94.2471059678500;(((log((_a6_ ** x)) + pow2((x / _a5_))) + _a2_) * (x + _a7_));{'d0': {'_a2_': 1.7758732622932485, '_a5_': 0.5437257838524033, '_a6_': 8.285495995898296, '_a7_': -0.0005767271081843212, '_a0_': 1.0, '_a1_': 1.0, '_a3_': 1.0, '_a4_': 1.0}};{'d0': 0.02488548250186921};-276.524567593307;44.0151778288034
2479;-94.2471059678500;(((log((_a6_ ** x)) + pow2((x / _a5_))) + _a2_) * (x + _a7_));{'d0': {'_a2_': 1.7758732622932485, '_a5_': 0.5437257838524033, '_a6_': 8.285495995898296, '_a7_': -0.0005767271081843212, '_a0_': 1.0, '_a1_': 1.0, '_a3_': 1.0, '_a4_': 1.0}};{'d0': 0.02488548250186921};-276.524567593307;44.0151778288034
2480;-94.2471059678500;(((log((_a6_ ** x)) + pow2((x / _a5_))) + _a2_) * (x + _a7_));{'d0': {'_a2_': 1.7758732622932485, '_a5_': 0.5437257838524033, '_a6_': 8.285495995898296, '_a7_': -0.0005767271081843212, '_a0_': 1.0, '_a1_': 1.0, '_a3_': 1.0, '_a4_': 1.0}};{'d0': 0.02488548250186921};-276.524567593307;44.0151778288034
2481;-94.2471059678500;(((log((_a6_ ** x)) + pow2((x / _a5_))) + _a2_) * (x + _a7_));{'d0': {'_a2_': 1.7758732622932485, '_a5_': 0.5437257838524033, '_a6_': 8.285495995898296, '_a7_': -0.0005767271081843212, '_a0_': 1.0, '_a1_': 1.0, '_a3_': 1.0, '_a4_': 1.0}};{'d0': 0.02488548250186921};-276.524567593307;44.0151778288034
2482;-92.8521650939023;((sinh(((x * _a4_) + _a2_)) * _a1_) + (_a4_ + ((_a6_ * _a1_) * x)));{'d0': {'_a1_': -4.702003605521496, '_a2_': -0.3315476740933154, '_a4_': -1.5845317305223523, '_a6_': 1.293329180435868, '_a0_': 1.0, '_a3_': 1.0, '_a5_': 1.0, '_a7_': 1.0}};{'d0': 0.02449375642290637};-277.476548965057;45.886109388626
2483;-92.8521650939023;((sinh(((x * _a4_) + _a2_)) * _a1_) + (_a4_ + ((_a6_ * _a1_) * x)));{'d0': {'_a1_': -4.702003605521496, '_a2_': -0.3315476740933154, '_a4_': -1.5845317305223523, '_a6_': 1.293329180435868, '_a0_': 1.0, '_a3_': 1.0, '_a5_': 1.0, '_a7_': 1.0}};{'d0': 0.02449375642290637};-277.476548965057;45.886109388626
2484;-92.8521650939023;((sinh(((x * _a4_) + _a2_)) * _a1_) + (_a4_ + ((_a6_ * _a1_) * x)));{'d0': {'_a1_': -4.702003605521496, '_a2_': -0.3315476740933154, '_a4_': -1.5845317305223523, '_a6_': 1.293329180435868, '_a0_': 1.0, '_a3_': 1.0, '_a5_': 1.0, '_a7_': 1.0}};{'d0': 0.02449375642290637};-277.476548965057;45.886109388626
2485;-90.8049928127087;((sinh(((x * _a4_) + _a2_)) * _a1_) + (_a4_ + ((_a6_ * _a3_) * x)));{'d0': {'_a1_': -4.70200360915198, '_a2_': -0.33154767367112803, '_a3_': -2.1352956905111506, '_a4_': -1.584531729287949, '_a6_': 2.8479607899787784, '_a0_': 1.0, '_a5_': 1.0, '_a7_': 1.0}};{'d0': 0.024493756422973766};-273.382204402669;45.886109388626
2486;-90.8049928127087;((sinh(((x * _a4_) + _a2_)) * _a1_) + (_a4_ + ((_a6_ * _a3_) * x)));{'d0': {'_a1_': -4.70200360915198, '_a2_': -0.33154767367112803, '_a3_': -2.1352956905111506, '_a4_': -1.584531729287949, '_a6_': 2.8479607899787784, '_a0_': 1.0, '_a5_': 1.0, '_a7_': 1.0}};{'d0': 0.024493756422973766};-273.382204402669;45.886109388626
2487;-90.8049928127087;((sinh(((x * _a4_) + _a2_)) * _a1_) + (_a4_ + ((_a6_ * _a3_) * x)));{'d0': {'_a1_': -4.70200360915198, '_a2_': -0.33154767367112803, '_a3_': -2.1352956905111506, '_a4_': -1.584531729287949, '_a6_': 2.8479607899787784, '_a0_': 1.0, '_a5_': 1.0, '_a7_': 1.0}};{'d0': 0.024493756422973766};-273.382204402669;45.886109388626
2488;-90.8049928127087;((sinh(((x * _a4_) + _a2_)) * _a1_) + (_a4_ + ((_a6_ * _a3_) * x)));{'d0': {'_a1_': -4.70200360915198, '_a2_': -0.33154767367112803, '_a3_': -2.1352956905111506, '_a4_': -1.584531729287949, '_a6_': 2.8479607899787784, '_a0_': 1.0, '_a5_': 1.0, '_a7_': 1.0}};{'d0': 0.024493756422973766};-273.382204402669;45.886109388626
2489;-89.9300875212468;((sinh(((x + _a4_) + _a2_)) * _a1_) + (_a4_ + ((_a6_ * _a3_) * x)));{'d0': {'_a1_': 19.646020720204845, '_a2_': 4.336179056334141, '_a3_': -3.5914906754841622, '_a4_': -4.127566181578366, '_a6_': 5.0946265850801025, '_a0_': 1.0, '_a5_': 1.0, '_a7_': 1.0}};{'d0': 0.024415212084525423};-273.574916066892;46.857370512199
2490;-89.9300875212468;((sinh(((x + _a4_) + _a2_)) * _a1_) + (_a4_ + ((_a6_ * _a3_) * x)));{'d0': {'_a1_': 19.646020720204845, '_a2_': 4.336179056334141, '_a3_': -3.5914906754841622, '_a4_': -4.127566181578366, '_a6_': 5.0946265850801025, '_a0_': 1.0, '_a5_': 1.0, '_a7_': 1.0}};{'d0': 0.024415212084525423};-273.574916066892;46.857370512199
2491;-89.9300875212468;((sinh(((x + _a4_) + _a2_)) * _a1_) + (_a4_ + ((_a6_ * _a3_) * x)));{'d0': {'_a1_': 19.646020720204845, '_a2_': 4.336179056334141, '_a3_': -3.5914906754841622, '_a4_': -4.127566181578366, '_a6_': 5.0946265850801025, '_a0_': 1.0, '_a5_': 1.0, '_a7_': 1.0}};{'d0': 0.024415212084525423};-273.574916066892;46.857370512199
2492;-89.9300875212468;((sinh(((x + _a4_) + _a2_)) * _a1_) + (_a4_ + ((_a6_ * _a3_) * x)));{'d0': {'_a1_': 19.646020720204845, '_a2_': 4.336179056334141, '_a3_': -3.5914906754841622, '_a4_': -4.127566181578366, '_a6_': 5.0946265850801025, '_a0_': 1.0, '_a5_': 1.0, '_a7_': 1.0}};{'d0': 0.024415212084525423};-273.574916066892;46.857370512199
2493;-89.9300875212468;((sinh(((x + _a4_) + _a2_)) * _a1_) + (_a4_ + ((_a6_ * _a3_) * x)));{'d0': {'_a1_': 19.646020720204845, '_a2_': 4.336179056334141, '_a3_': -3.5914906754841622, '_a4_': -4.127566181578366, '_a6_': 5.0946265850801025, '_a0_': 1.0, '_a5_': 1.0, '_a7_': 1.0}};{'d0': 0.024415212084525423};-273.574916066892;46.857370512199
2494;-90.9507941936305;((cos(((x + _a4_) + _a2_)) * _a1_) + (_a4_ + ((_a6_ * _a3_) * x)));{'d0': {'_a1_': -20.96818536724112, '_a2_': 0.5979318878022116, '_a3_': -4.009526889564717, '_a4_': 4.322210235646362, '_a6_': -5.558976847748921, '_a0_': 1.0, '_a5_': 1.0, '_a7_': 1.0}};{'d0': 0.025805100784549062};-270.252968481519;44.175690047128995
2495;-90.9507941936305;((cos(((x + _a4_) + _a2_)) * _a1_) + (_a4_ + ((_a6_ * _a3_) * x)));{'d0': {'_a1_': -20.96818536724112, '_a2_': 0.5979318878022116, '_a3_': -4.009526889564717, '_a4_': 4.322210235646362, '_a6_': -5.558976847748921, '_a0_': 1.0, '_a5_': 1.0, '_a7_': 1.0}};{'d0': 0.025805100784549062};-270.252968481519;44.175690047128995
2496;-90.9507941936305;((cos(((x + _a4_) + _a2_)) * _a1_) + (_a4_ + ((_a6_ * _a3_) * x)));{'d0': {'_a1_': -20.96818536724112, '_a2_': 0.5979318878022116, '_a3_': -4.009526889564717, '_a4_': 4.322210235646362, '_a6_': -5.558976847748921, '_a0_': 1.0, '_a5_': 1.0, '_a7_': 1.0}};{'d0': 0.025805100784549062};-270.252968481519;44.175690047128995
2497;-90.9507941936305;((cos(((x + _a4_) + _a2_)) * _a1_) + (_a4_ + ((_a6_ * _a3_) * x)));{'d0': {'_a1_': -20.96818536724112, '_a2_': 0.5979318878022116, '_a3_': -4.009526889564717, '_a4_': 4.322210235646362, '_a6_': -5.558976847748921, '_a0_': 1.0, '_a5_': 1.0, '_a7_': 1.0}};{'d0': 0.025805100784549062};-270.252968481519;44.175690047128995
2498;-90.9507941957178;((cos(((x + _a4_) + _a2_)) * _a1_) + (_a4_ + ((_a0_ * _a3_) * x)));{'d0': {'_a0_': 2.6727222469545064, '_a1_': -20.9681857062682, '_a2_': 0.5979317921094832, '_a3_': 8.33938796916705, '_a4_': 4.322210332892056, '_a5_': 1.0, '_a6_': 1.0, '_a7_': 1.0}};{'d0': 0.025805100782753637};-270.252968485694;44.175690047128995
2499;-90.9507941957178;((cos(((x + _a4_) + _a2_)) * _a1_) + (_a4_ + ((_a0_ * _a3_) * x)));{'d0': {'_a0_': 2.6727222469545064, '_a1_': -20.9681857062682, '_a2_': 0.5979317921094832, '_a3_': 8.33938796916705, '_a4_': 4.322210332892056, '_a5_': 1.0, '_a6_': 1.0, '_a7_': 1.0}};{'d0': 0.025805100782753637};-270.252968485694;44.175690047128995
2500;-89.3000320043046;((cos(((x + _a4_) + _a2_)) * _a1_) + (_a4_ + ((pow2(_a1_) * _a3_) * x)));{'d0': {'_a1_': -20.968185986264142, '_a2_': 0.5979317153198243, '_a3_': 0.050695136137077976, '_a4_': 4.322210410843375, '_a0_': 1.0, '_a5_': 1.0, '_a6_': 1.0, '_a7_': 1.0}};{'d0': 0.025805100782679873};-274.347313048087;47.873624519738996
2501;-89.3000320043046;((cos(((x + _a4_) + _a2_)) * _a1_) + (_a4_ + ((pow2(_a1_) * _a3_) * x)));{'d0': {'_a1_': -20.968185986264142, '_a2_': 0.5979317153198243, '_a3_': 0.050695136137077976, '_a4_': 4.322210410843375, '_a0_': 1.0, '_a5_': 1.0, '_a6_': 1.0, '_a7_': 1.0}};{'d0': 0.025805100782679873};-274.347313048087;47.873624519738996
2502;-89.3000320043046;((cos(((x + _a4_) + _a2_)) * _a1_) + (_a4_ + ((pow2(_a1_) * _a3_) * x)));{'d0': {'_a1_': -20.968185986264142, '_a2_': 0.5979317153198243, '_a3_': 0.050695136137077976, '_a4_': 4.322210410843375, '_a0_': 1.0, '_a5_': 1.0, '_a6_': 1.0, '_a7_': 1.0}};{'d0': 0.025805100782679873};-274.347313048087;47.873624519738996
2503;-89.3000320043046;((cos(((x + _a4_) + _a2_)) * _a1_) + (_a4_ + ((pow2(_a1_) * _a3_) * x)));{'d0': {'_a1_': -20.968185986264142, '_a2_': 0.5979317153198243, '_a3_': 0.050695136137077976, '_a4_': 4.322210410843375, '_a0_': 1.0, '_a5_': 1.0, '_a6_': 1.0, '_a7_': 1.0}};{'d0': 0.025805100782679873};-274.347313048087;47.873624519738996
2504;-89.3000320043046;((cos(((x + _a4_) + _a2_)) * _a1_) + (_a4_ + ((pow2(_a1_) * _a3_) * x)));{'d0': {'_a1_': -20.968185986264142, '_a2_': 0.5979317153198243, '_a3_': 0.050695136137077976, '_a4_': 4.322210410843375, '_a0_': 1.0, '_a5_': 1.0, '_a6_': 1.0, '_a7_': 1.0}};{'d0': 0.025805100782679873};-274.347313048087;47.873624519738996
2505;-89.3000320043046;((cos(((x + _a4_) + _a2_)) * _a1_) + (_a4_ + ((pow2(_a1_) * _a3_) * x)));{'d0': {'_a1_': -20.968185986264142, '_a2_': 0.5979317153198243, '_a3_': 0.050695136137077976, '_a4_': 4.322210410843375, '_a0_': 1.0, '_a5_': 1.0, '_a6_': 1.0, '_a7_': 1.0}};{'d0': 0.025805100782679873};-274.347313048087;47.873624519738996
2506;-89.3000320043046;((cos(((x + _a4_) + _a2_)) * _a1_) + (_a4_ + ((pow2(_a1_) * _a3_) * x)));{'d0': {'_a1_': -20.968185986264142, '_a2_': 0.5979317153198243, '_a3_': 0.050695136137077976, '_a4_': 4.322210410843375, '_a0_': 1.0, '_a5_': 1.0, '_a6_': 1.0, '_a7_': 1.0}};{'d0': 0.025805100782679873};-274.347313048087;47.873624519738996
2507;-92.9979664769130;((cos(((x + _a4_) + _a2_)) * _a1_) + (_a4_ + ((_a2_ * _a3_) * x)));{'d0': {'_a1_': -20.968186571875652, '_a2_': 0.5979315388073585, '_a3_': 37.276623149412636, '_a4_': 4.3222105906438255, '_a0_': 1.0, '_a5_': 1.0, '_a6_': 1.0, '_a7_': 1.0}};{'d0': 0.025805100782681254};-274.347313048084;44.175690047128995
2508;-92.9979664769130;((cos(((x + _a4_) + _a2_)) * _a1_) + (_a4_ + ((_a2_ * _a3_) * x)));{'d0': {'_a1_': -20.968186571875652, '_a2_': 0.5979315388073585, '_a3_': 37.276623149412636, '_a4_': 4.3222105906438255, '_a0_': 1.0, '_a5_': 1.0, '_a6_': 1.0, '_a7_': 1.0}};{'d0': 0.025805100782681254};-274.347313048084;44.175690047128995
2509;-92.9979664767231;((cos(((x + _a1_) + _a2_)) * _a1_) + (_a4_ + ((_a2_ * _a3_) * x)));{'d0': {'_a1_': -20.9681912621803, '_a2_': 0.7555921740709229, '_a3_': 29.49854940670039, '_a4_': 4.322211734260047, '_a0_': 1.0, '_a5_': 1.0, '_a6_': 1.0, '_a7_': 1.0}};{'d0': 0.02580510078284462};-274.347313047704;44.175690047128995
2510;-92.9979664767231;((cos(((x + _a1_) + _a2_)) * _a1_) + (_a4_ + ((_a2_ * _a3_) * x)));{'d0': {'_a1_': -20.9681912621803, '_a2_': 0.7555921740709229, '_a3_': 29.49854940670039, '_a4_': 4.322211734260047, '_a0_': 1.0, '_a5_': 1.0, '_a6_': 1.0, '_a7_': 1.0}};{'d0': 0.02580510078284462};-274.347313047704;44.175690047128995
2511;-92.9979664767231;((cos(((x + _a1_) + _a2_)) * _a1_) + (_a4_ + ((_a2_ * _a3_) * x)));{'d0': {'_a1_': -20.9681912621803, '_a2_': 0.7555921740709229, '_a3_': 29.49854940670039, '_a4_': 4.322211734260047, '_a0_': 1.0, '_a5_': 1.0, '_a6_': 1.0, '_a7_': 1.0}};{'d0': 0.02580510078284462};-274.347313047704;44.175690047128995
2512;-92.9979664767231;((cos(((x + _a1_) + _a2_)) * _a1_) + (_a4_ + ((_a2_ * _a3_) * x)));{'d0': {'_a1_': -20.9681912621803, '_a2_': 0.7555921740709229, '_a3_': 29.49854940670039, '_a4_': 4.322211734260047, '_a0_': 1.0, '_a5_': 1.0, '_a6_': 1.0, '_a7_': 1.0}};{'d0': 0.02580510078284462};-274.347313047704;44.175690047128995
2513;-92.9979664767231;((cos(((x + _a1_) + _a2_)) * _a1_) + (_a4_ + ((_a2_ * _a3_) * x)));{'d0': {'_a1_': -20.9681912621803, '_a2_': 0.7555921740709229, '_a3_': 29.49854940670039, '_a4_': 4.322211734260047, '_a0_': 1.0, '_a5_': 1.0, '_a6_': 1.0, '_a7_': 1.0}};{'d0': 0.02580510078284462};-274.347313047704;44.175690047128995
2514;-92.9979664767231;((cos(((x + _a1_) + _a2_)) * _a1_) + (_a4_ + ((_a2_ * _a3_) * x)));{'d0': {'_a1_': -20.9681912621803, '_a2_': 0.7555921740709229, '_a3_': 29.49854940670039, '_a4_': 4.322211734260047, '_a0_': 1.0, '_a5_': 1.0, '_a6_': 1.0, '_a7_': 1.0}};{'d0': 0.02580510078284462};-274.347313047704;44.175690047128995
2515;-92.9979664767231;((cos(((x + _a1_) + _a2_)) * _a1_) + (_a4_ + ((_a2_ * _a3_) * x)));{'d0': {'_a1_': -20.9681912621803, '_a2_': 0.7555921740709229, '_a3_': 29.49854940670039, '_a4_': 4.322211734260047, '_a0_': 1.0, '_a5_': 1.0, '_a6_': 1.0, '_a7_': 1.0}};{'d0': 0.02580510078284462};-274.347313047704;44.175690047128995
2516;-92.9979664767231;((cos(((x + _a1_) + _a2_)) * _a1_) + (_a4_ + ((_a2_ * _a3_) * x)));{'d0': {'_a1_': -20.9681912621803, '_a2_': 0.7555921740709229, '_a3_': 29.49854940670039, '_a4_': 4.322211734260047, '_a0_': 1.0, '_a5_': 1.0, '_a6_': 1.0, '_a7_': 1.0}};{'d0': 0.02580510078284462};-274.347313047704;44.175690047128995
2517;-92.9979664767231;((cos(((x + _a1_) + _a2_)) * _a1_) + (_a4_ + ((_a2_ * _a3_) * x)));{'d0': {'_a1_': -20.9681912621803, '_a2_': 0.7555921740709229, '_a3_': 29.49854940670039, '_a4_': 4.322211734260047, '_a0_': 1.0, '_a5_': 1.0, '_a6_': 1.0, '_a7_': 1.0}};{'d0': 0.02580510078284462};-274.347313047704;44.175690047128995
2518;-92.9979664767231;((cos(((x + _a1_) + _a2_)) * _a1_) + (_a4_ + ((_a2_ * _a3_) * x)));{'d0': {'_a1_': -20.9681912621803, '_a2_': 0.7555921740709229, '_a3_': 29.49854940670039, '_a4_': 4.322211734260047, '_a0_': 1.0, '_a5_': 1.0, '_a6_': 1.0, '_a7_': 1.0}};{'d0': 0.02580510078284462};-274.347313047704;44.175690047128995
2519;-92.9979664767231;((cos(((x + _a1_) + _a2_)) * _a1_) + (_a4_ + ((_a2_ * _a3_) * x)));{'d0': {'_a1_': -20.9681912621803, '_a2_': 0.7555921740709229, '_a3_': 29.49854940670039, '_a4_': 4.322211734260047, '_a0_': 1.0, '_a5_': 1.0, '_a6_': 1.0, '_a7_': 1.0}};{'d0': 0.02580510078284462};-274.347313047704;44.175690047128995
2520;-92.9979664767231;((cos(((x + _a1_) + _a2_)) * _a1_) + (_a4_ + ((_a2_ * _a3_) * x)));{'d0': {'_a1_': -20.9681912621803, '_a2_': 0.7555921740709229, '_a3_': 29.49854940670039, '_a4_': 4.322211734260047, '_a0_': 1.0, '_a5_': 1.0, '_a6_': 1.0, '_a7_': 1.0}};{'d0': 0.02580510078284462};-274.347313047704;44.175690047128995
2521;-92.9979664767231;((cos(((x + _a1_) + _a2_)) * _a1_) + (_a4_ + ((_a2_ * _a3_) * x)));{'d0': {'_a1_': -20.9681912621803, '_a2_': 0.7555921740709229, '_a3_': 29.49854940670039, '_a4_': 4.322211734260047, '_a0_': 1.0, '_a5_': 1.0, '_a6_': 1.0, '_a7_': 1.0}};{'d0': 0.02580510078284462};-274.347313047704;44.175690047128995
2522;-92.9979664767231;((cos(((x + _a1_) + _a2_)) * _a1_) + (_a4_ + ((_a2_ * _a3_) * x)));{'d0': {'_a1_': -20.9681912621803, '_a2_': 0.7555921740709229, '_a3_': 29.49854940670039, '_a4_': 4.322211734260047, '_a0_': 1.0, '_a5_': 1.0, '_a6_': 1.0, '_a7_': 1.0}};{'d0': 0.02580510078284462};-274.347313047704;44.175690047128995
2523;-92.9979664767231;((cos(((x + _a1_) + _a2_)) * _a1_) + (_a4_ + ((_a2_ * _a3_) * x)));{'d0': {'_a1_': -20.9681912621803, '_a2_': 0.7555921740709229, '_a3_': 29.49854940670039, '_a4_': 4.322211734260047, '_a0_': 1.0, '_a5_': 1.0, '_a6_': 1.0, '_a7_': 1.0}};{'d0': 0.02580510078284462};-274.347313047704;44.175690047128995
2524;-89.3000320039409;((cos(((x + _a1_) + _a2_)) * _a1_) + (_a4_ + ((pow2(_a2_) * _a3_) * x)));{'d0': {'_a1_': -20.968193151554086, '_a2_': 0.7555940683641058, '_a3_': 39.04011299066024, '_a4_': 4.322212203259678, '_a0_': 1.0, '_a5_': 1.0, '_a6_': 1.0, '_a7_': 1.0}};{'d0': 0.025805100782992724};-274.347313047360;47.873624519738996
2525;-89.3000320039409;((cos(((x + _a1_) + _a2_)) * _a1_) + (_a4_ + ((pow2(_a2_) * _a3_) * x)));{'d0': {'_a1_': -20.968193151554086, '_a2_': 0.7555940683641058, '_a3_': 39.04011299066024, '_a4_': 4.322212203259678, '_a0_': 1.0, '_a5_': 1.0, '_a6_': 1.0, '_a7_': 1.0}};{'d0': 0.025805100782992724};-274.347313047360;47.873624519738996
2526;-89.3000320039409;((cos(((x + _a1_) + _a2_)) * _a1_) + (_a4_ + ((pow2(_a2_) * _a3_) * x)));{'d0': {'_a1_': -20.968193151554086, '_a2_': 0.7555940683641058, '_a3_': 39.04011299066024, '_a4_': 4.322212203259678, '_a0_': 1.0, '_a5_': 1.0, '_a6_': 1.0, '_a7_': 1.0}};{'d0': 0.025805100782992724};-274.347313047360;47.873624519738996
2527;-89.3000320039409;((cos(((x + _a1_) + _a2_)) * _a1_) + (_a4_ + ((pow2(_a2_) * _a3_) * x)));{'d0': {'_a1_': -20.968193151554086, '_a2_': 0.7555940683641058, '_a3_': 39.04011299066024, '_a4_': 4.322212203259678, '_a0_': 1.0, '_a5_': 1.0, '_a6_': 1.0, '_a7_': 1.0}};{'d0': 0.025805100782992724};-274.347313047360;47.873624519738996
2528;-89.3000320039409;((cos(((x + _a1_) + _a2_)) * _a1_) + (_a4_ + ((pow2(_a2_) * _a3_) * x)));{'d0': {'_a1_': -20.968193151554086, '_a2_': 0.7555940683641058, '_a3_': 39.04011299066024, '_a4_': 4.322212203259678, '_a0_': 1.0, '_a5_': 1.0, '_a6_': 1.0, '_a7_': 1.0}};{'d0': 0.025805100782992724};-274.347313047360;47.873624519738996
2529;-89.3000320039409;((cos(((x + _a1_) + _a2_)) * _a1_) + (_a4_ + ((pow2(_a2_) * _a3_) * x)));{'d0': {'_a1_': -20.968193151554086, '_a2_': 0.7555940683641058, '_a3_': 39.04011299066024, '_a4_': 4.322212203259678, '_a0_': 1.0, '_a5_': 1.0, '_a6_': 1.0, '_a7_': 1.0}};{'d0': 0.025805100782992724};-274.347313047360;47.873624519738996
2530;-89.3000320039409;((cos(((x + _a1_) + _a2_)) * _a1_) + (_a4_ + ((pow2(_a2_) * _a3_) * x)));{'d0': {'_a1_': -20.968193151554086, '_a2_': 0.7555940683641058, '_a3_': 39.04011299066024, '_a4_': 4.322212203259678, '_a0_': 1.0, '_a5_': 1.0, '_a6_': 1.0, '_a7_': 1.0}};{'d0': 0.025805100782992724};-274.347313047360;47.873624519738996
2531;-89.3000320039409;((cos(((x + _a1_) + _a2_)) * _a1_) + (_a4_ + ((pow2(_a2_) * _a3_) * x)));{'d0': {'_a1_': -20.968193151554086, '_a2_': 0.7555940683641058, '_a3_': 39.04011299066024, '_a4_': 4.322212203259678, '_a0_': 1.0, '_a5_': 1.0, '_a6_': 1.0, '_a7_': 1.0}};{'d0': 0.025805100782992724};-274.347313047360;47.873624519738996
2532;-89.3000320039409;((cos(((x + _a1_) + _a2_)) * _a1_) + (_a4_ + ((pow2(_a2_) * _a3_) * x)));{'d0': {'_a1_': -20.968193151554086, '_a2_': 0.7555940683641058, '_a3_': 39.04011299066024, '_a4_': 4.322212203259678, '_a0_': 1.0, '_a5_': 1.0, '_a6_': 1.0, '_a7_': 1.0}};{'d0': 0.025805100782992724};-274.347313047360;47.873624519738996
2533;-89.3000320043025;((cos(((x + _a1_) + _a3_)) * _a1_) + (_a4_ + ((pow2(_a2_) * _a3_) * x)));{'d0': {'_a1_': -20.96818579262506, '_a2_': 0.7613236124488059, '_a3_': 38.45469853333515, '_a4_': 4.322210376287124, '_a0_': 1.0, '_a5_': 1.0, '_a6_': 1.0, '_a7_': 1.0}};{'d0': 0.02580510078268175};-274.347313048083;47.873624519738996
2534;-89.3000320043025;((cos(((x + _a1_) + _a3_)) * _a1_) + (_a4_ + ((pow2(_a2_) * _a3_) * x)));{'d0': {'_a1_': -20.96818579262506, '_a2_': 0.7613236124488059, '_a3_': 38.45469853333515, '_a4_': 4.322210376287124, '_a0_': 1.0, '_a5_': 1.0, '_a6_': 1.0, '_a7_': 1.0}};{'d0': 0.02580510078268175};-274.347313048083;47.873624519738996
2535;-89.3000320043025;((cos(((x + _a1_) + _a3_)) * _a1_) + (_a4_ + ((pow2(_a2_) * _a3_) * x)));{'d0': {'_a1_': -20.96818579262506, '_a2_': 0.7613236124488059, '_a3_': 38.45469853333515, '_a4_': 4.322210376287124, '_a0_': 1.0, '_a5_': 1.0, '_a6_': 1.0, '_a7_': 1.0}};{'d0': 0.02580510078268175};-274.347313048083;47.873624519738996
2536;-89.3000320043025;((cos(((x + _a1_) + _a3_)) * _a1_) + (_a4_ + ((pow2(_a2_) * _a3_) * x)));{'d0': {'_a1_': -20.96818579262506, '_a2_': 0.7613236124488059, '_a3_': 38.45469853333515, '_a4_': 4.322210376287124, '_a0_': 1.0, '_a5_': 1.0, '_a6_': 1.0, '_a7_': 1.0}};{'d0': 0.02580510078268175};-274.347313048083;47.873624519738996
2537;-89.3000320043025;((cos(((x + _a1_) + _a3_)) * _a1_) + (_a4_ + ((pow2(_a2_) * _a3_) * x)));{'d0': {'_a1_': -20.96818579262506, '_a2_': 0.7613236124488059, '_a3_': 38.45469853333515, '_a4_': 4.322210376287124, '_a0_': 1.0, '_a5_': 1.0, '_a6_': 1.0, '_a7_': 1.0}};{'d0': 0.02580510078268175};-274.347313048083;47.873624519738996
2538;-89.3000320043025;((cos(((x + _a1_) + _a3_)) * _a1_) + (_a4_ + ((pow2(_a2_) * _a3_) * x)));{'d0': {'_a1_': -20.96818579262506, '_a2_': 0.7613236124488059, '_a3_': 38.45469853333515, '_a4_': 4.322210376287124, '_a0_': 1.0, '_a5_': 1.0, '_a6_': 1.0, '_a7_': 1.0}};{'d0': 0.02580510078268175};-274.347313048083;47.873624519738996
2539;-89.3000320043025;((cos(((x + _a1_) + _a3_)) * _a1_) + (_a4_ + ((pow2(_a2_) * _a3_) * x)));{'d0': {'_a1_': -20.96818579262506, '_a2_': 0.7613236124488059, '_a3_': 38.45469853333515, '_a4_': 4.322210376287124, '_a0_': 1.0, '_a5_': 1.0, '_a6_': 1.0, '_a7_': 1.0}};{'d0': 0.02580510078268175};-274.347313048083;47.873624519738996
2540;-89.3000320043025;((cos(((x + _a1_) + _a3_)) * _a1_) + (_a4_ + ((pow2(_a2_) * _a3_) * x)));{'d0': {'_a1_': -20.96818579262506, '_a2_': 0.7613236124488059, '_a3_': 38.45469853333515, '_a4_': 4.322210376287124, '_a0_': 1.0, '_a5_': 1.0, '_a6_': 1.0, '_a7_': 1.0}};{'d0': 0.02580510078268175};-274.347313048083;47.873624519738996
2541;-89.3000320043025;((cos(((x + _a1_) + _a3_)) * _a1_) + (_a4_ + ((pow2(_a2_) * _a3_) * x)));{'d0': {'_a1_': -20.96818579262506, '_a2_': 0.7613236124488059, '_a3_': 38.45469853333515, '_a4_': 4.322210376287124, '_a0_': 1.0, '_a5_': 1.0, '_a6_': 1.0, '_a7_': 1.0}};{'d0': 0.02580510078268175};-274.347313048083;47.873624519738996
2542;-89.3000320043025;((cos(((x + _a1_) + _a3_)) * _a1_) + (_a4_ + ((pow2(_a2_) * _a3_) * x)));{'d0': {'_a1_': -20.96818579262506, '_a2_': 0.7613236124488059, '_a3_': 38.45469853333515, '_a4_': 4.322210376287124, '_a0_': 1.0, '_a5_': 1.0, '_a6_': 1.0, '_a7_': 1.0}};{'d0': 0.02580510078268175};-274.347313048083;47.873624519738996
2543;-89.3000320043025;((cos(((x + _a1_) + _a3_)) * _a1_) + (_a4_ + ((pow2(_a2_) * _a3_) * x)));{'d0': {'_a1_': -20.96818579262506, '_a2_': 0.7613236124488059, '_a3_': 38.45469853333515, '_a4_': 4.322210376287124, '_a0_': 1.0, '_a5_': 1.0, '_a6_': 1.0, '_a7_': 1.0}};{'d0': 0.02580510078268175};-274.347313048083;47.873624519738996
2544;-89.3000320043025;((cos(((x + _a1_) + _a3_)) * _a1_) + (_a4_ + ((pow2(_a2_) * _a3_) * x)));{'d0': {'_a1_': -20.96818579262506, '_a2_': 0.7613236124488059, '_a3_': 38.45469853333515, '_a4_': 4.322210376287124, '_a0_': 1.0, '_a5_': 1.0, '_a6_': 1.0, '_a7_': 1.0}};{'d0': 0.02580510078268175};-274.347313048083;47.873624519738996
2545;-89.3000320043025;((cos(((x + _a1_) + _a3_)) * _a1_) + (_a4_ + ((pow2(_a2_) * _a3_) * x)));{'d0': {'_a1_': -20.96818579262506, '_a2_': 0.7613236124488059, '_a3_': 38.45469853333515, '_a4_': 4.322210376287124, '_a0_': 1.0, '_a5_': 1.0, '_a6_': 1.0, '_a7_': 1.0}};{'d0': 0.02580510078268175};-274.347313048083;47.873624519738996
2546;-89.3000320043025;((cos(((x + _a1_) + _a3_)) * _a1_) + (_a4_ + ((pow2(_a2_) * _a3_) * x)));{'d0': {'_a1_': -20.96818579262506, '_a2_': 0.7613236124488059, '_a3_': 38.45469853333515, '_a4_': 4.322210376287124, '_a0_': 1.0, '_a5_': 1.0, '_a6_': 1.0, '_a7_': 1.0}};{'d0': 0.02580510078268175};-274.347313048083;47.873624519738996
2547;-89.3000320043025;((cos(((x + _a1_) + _a3_)) * _a1_) + (_a4_ + ((pow2(_a2_) * _a3_) * x)));{'d0': {'_a1_': -20.96818579262506, '_a2_': 0.7613236124488059, '_a3_': 38.45469853333515, '_a4_': 4.322210376287124, '_a0_': 1.0, '_a5_': 1.0, '_a6_': 1.0, '_a7_': 1.0}};{'d0': 0.02580510078268175};-274.347313048083;47.873624519738996
2548;-92.9979664769151;((cos(((x + _a1_) + _a3_)) * _a1_) + (_a4_ + ((_a0_ * _a3_) * x)));{'d0': {'_a0_': 0.5796136484507534, '_a1_': -20.968186380144374, '_a3_': 38.454699122358235, '_a4_': 4.322210521615563, '_a2_': 1.0, '_a5_': 1.0, '_a6_': 1.0, '_a7_': 1.0}};{'d0': 0.02580510078267951};-274.347313048088;44.175690047128995
2549;-91.9543480670185;((cos(((x + _a1_) + _a3_)) * _a1_) + (_a4_ + ((_a0_ + _a3_) * x)));{'d0': {'_a0_': -16.165830644735845, '_a1_': -20.96818603717848, '_a3_': 38.45469877851239, '_a4_': 4.322210436724311, '_a2_': 1.0, '_a5_': 1.0, '_a6_': 1.0, '_a7_': 1.0}};{'d0': 0.025805100782680824};-274.347313048085;45.21930845702399
2550;-91.9543480670185;((cos(((x + _a1_) + _a3_)) * _a1_) + (_a4_ + ((_a0_ + _a3_) * x)));{'d0': {'_a0_': -16.165830644735845, '_a1_': -20.96818603717848, '_a3_': 38.45469877851239, '_a4_': 4.322210436724311, '_a2_': 1.0, '_a5_': 1.0, '_a6_': 1.0, '_a7_': 1.0}};{'d0': 0.025805100782680824};-274.347313048085;45.21930845702399
2551;-91.9543480670185;((cos(((x + _a1_) + _a3_)) * _a1_) + (_a4_ + ((_a0_ + _a3_) * x)));{'d0': {'_a0_': -16.165830644735845, '_a1_': -20.96818603717848, '_a3_': 38.45469877851239, '_a4_': 4.322210436724311, '_a2_': 1.0, '_a5_': 1.0, '_a6_': 1.0, '_a7_': 1.0}};{'d0': 0.025805100782680824};-274.347313048085;45.21930845702399
2552;-91.9543480670185;((cos(((x + _a1_) + _a3_)) * _a1_) + (_a4_ + ((_a0_ + _a3_) * x)));{'d0': {'_a0_': -16.165830644735845, '_a1_': -20.96818603717848, '_a3_': 38.45469877851239, '_a4_': 4.322210436724311, '_a2_': 1.0, '_a5_': 1.0, '_a6_': 1.0, '_a7_': 1.0}};{'d0': 0.025805100782680824};-274.347313048085;45.21930845702399
2553;-91.9543480670185;((cos(((x + _a1_) + _a3_)) * _a1_) + (_a4_ + ((_a0_ + _a3_) * x)));{'d0': {'_a0_': -16.165830644735845, '_a1_': -20.96818603717848, '_a3_': 38.45469877851239, '_a4_': 4.322210436724311, '_a2_': 1.0, '_a5_': 1.0, '_a6_': 1.0, '_a7_': 1.0}};{'d0': 0.025805100782680824};-274.347313048085;45.21930845702399
2554;-92.0746573496478;((cos(((x + _a1_) + _a3_)) * _a1_) + (_a4_ + ((_a0_ / _a3_) * x)));{'d0': {'_a0_': 857.1117228546967, '_a1_': -20.96818625249309, '_a3_': 38.45469899438608, '_a4_': 4.322210490142884, '_a2_': 1.0, '_a5_': 1.0, '_a6_': 1.0, '_a7_': 1.0}};{'d0': 0.025805100782679394};-274.347313048088;45.09899917439639
2555;-92.0746573496478;((cos(((x + _a1_) + _a3_)) * _a1_) + (_a4_ + ((_a0_ / _a3_) * x)));{'d0': {'_a0_': 857.1117228546967, '_a1_': -20.96818625249309, '_a3_': 38.45469899438608, '_a4_': 4.322210490142884, '_a2_': 1.0, '_a5_': 1.0, '_a6_': 1.0, '_a7_': 1.0}};{'d0': 0.025805100782679394};-274.347313048088;45.09899917439639
2556;-92.5350861055292;((cos(((x + _a1_) + _a3_)) * _a1_) + (_a4_ + (sqrt(_a0_) * x)));{'d0': {'_a0_': 496.79364187858164, '_a1_': -20.96818601813816, '_a3_': 38.45469875941325, '_a4_': 4.322210431799239, '_a2_': 1.0, '_a5_': 1.0, '_a6_': 1.0, '_a7_': 1.0}};{'d0': 0.02580510078268022};-274.347313048086;44.63857041851399
2557;-92.5350861055292;((cos(((x + _a1_) + _a3_)) * _a1_) + (_a4_ + (sqrt(_a0_) * x)));{'d0': {'_a0_': 496.79364187858164, '_a1_': -20.96818601813816, '_a3_': 38.45469875941325, '_a4_': 4.322210431799239, '_a2_': 1.0, '_a5_': 1.0, '_a6_': 1.0, '_a7_': 1.0}};{'d0': 0.02580510078268022};-274.347313048086;44.63857041851399
2558;-92.5350861055292;((cos(((x + _a1_) + _a3_)) * _a1_) + (_a4_ + (sqrt(_a0_) * x)));{'d0': {'_a0_': 496.79364187858164, '_a1_': -20.96818601813816, '_a3_': 38.45469875941325, '_a4_': 4.322210431799239, '_a2_': 1.0, '_a5_': 1.0, '_a6_': 1.0, '_a7_': 1.0}};{'d0': 0.02580510078268022};-274.347313048086;44.63857041851399
2559;-92.5350861055292;((cos(((x + _a1_) + _a3_)) * _a1_) + (_a4_ + (sqrt(_a0_) * x)));{'d0': {'_a0_': 496.79364187858164, '_a1_': -20.96818601813816, '_a3_': 38.45469875941325, '_a4_': 4.322210431799239, '_a2_': 1.0, '_a5_': 1.0, '_a6_': 1.0, '_a7_': 1.0}};{'d0': 0.02580510078268022};-274.347313048086;44.63857041851399
2560;-91.9543480670195;((cos(((x + _a1_) + _a3_)) * _a1_) + (_a4_ + ((_a1_ + _a6_) * x)));{'d0': {'_a1_': -20.968186188381996, '_a3_': 38.454698929996745, '_a4_': 4.322210472083592, '_a6_': 43.25705446523466, '_a0_': 1.0, '_a2_': 1.0, '_a5_': 1.0, '_a7_': 1.0}};{'d0': 0.02580510078268002};-274.347313048087;45.21930845702399
2561;-91.9543480670195;((cos(((x + _a1_) + _a3_)) * _a1_) + (_a4_ + ((_a1_ + _a6_) * x)));{'d0': {'_a1_': -20.968186188381996, '_a3_': 38.454698929996745, '_a4_': 4.322210472083592, '_a6_': 43.25705446523466, '_a0_': 1.0, '_a2_': 1.0, '_a5_': 1.0, '_a7_': 1.0}};{'d0': 0.02580510078268002};-274.347313048087;45.21930845702399
2562;-91.9543480670195;((cos(((x + _a1_) + _a3_)) * _a1_) + (_a4_ + ((_a1_ + _a6_) * x)));{'d0': {'_a1_': -20.968186188381996, '_a3_': 38.454698929996745, '_a4_': 4.322210472083592, '_a6_': 43.25705446523466, '_a0_': 1.0, '_a2_': 1.0, '_a5_': 1.0, '_a7_': 1.0}};{'d0': 0.02580510078268002};-274.347313048087;45.21930845702399
2563;-91.9543480670195;((cos(((x + _a1_) + _a3_)) * _a1_) + (_a4_ + ((_a1_ + _a6_) * x)));{'d0': {'_a1_': -20.968186188381996, '_a3_': 38.454698929996745, '_a4_': 4.322210472083592, '_a6_': 43.25705446523466, '_a0_': 1.0, '_a2_': 1.0, '_a5_': 1.0, '_a7_': 1.0}};{'d0': 0.02580510078268002};-274.347313048087;45.21930845702399
2564;-91.9543480670195;((cos(((x + _a1_) + _a3_)) * _a1_) + (_a4_ + ((_a1_ + _a6_) * x)));{'d0': {'_a1_': -20.968186188381996, '_a3_': 38.454698929996745, '_a4_': 4.322210472083592, '_a6_': 43.25705446523466, '_a0_': 1.0, '_a2_': 1.0, '_a5_': 1.0, '_a7_': 1.0}};{'d0': 0.02580510078268002};-274.347313048087;45.21930845702399
2565;-91.9543480670195;((cos(((x + _a1_) + _a3_)) * _a1_) + (_a4_ + ((_a1_ + _a6_) * x)));{'d0': {'_a1_': -20.968186188381996, '_a3_': 38.454698929996745, '_a4_': 4.322210472083592, '_a6_': 43.25705446523466, '_a0_': 1.0, '_a2_': 1.0, '_a5_': 1.0, '_a7_': 1.0}};{'d0': 0.02580510078268002};-274.347313048087;45.21930845702399
2566;-91.9543480670195;((cos(((x + _a1_) + _a3_)) * _a1_) + (_a4_ + ((_a1_ + _a6_) * x)));{'d0': {'_a1_': -20.968186188381996, '_a3_': 38.454698929996745, '_a4_': 4.322210472083592, '_a6_': 43.25705446523466, '_a0_': 1.0, '_a2_': 1.0, '_a5_': 1.0, '_a7_': 1.0}};{'d0': 0.02580510078268002};-274.347313048087;45.21930845702399
2567;-91.9543480670197;((cos(((x + _a1_) + _a3_)) * _a1_) + (_a4_ + ((_a3_ + _a6_) * x)));{'d0': {'_a1_': -20.968185845962473, '_a3_': 38.45469858694449, '_a4_': 4.322210392152603, '_a6_': -16.16583063373453, '_a0_': 1.0, '_a2_': 1.0, '_a5_': 1.0, '_a7_': 1.0}};{'d0': 0.025805100782679825};-274.347313048087;45.21930845702399
2568;-91.9543480670197;((cos(((x + _a1_) + _a3_)) * _a1_) + (_a4_ + ((_a3_ + _a6_) * x)));{'d0': {'_a1_': -20.968185845962473, '_a3_': 38.45469858694449, '_a4_': 4.322210392152603, '_a6_': -16.16583063373453, '_a0_': 1.0, '_a2_': 1.0, '_a5_': 1.0, '_a7_': 1.0}};{'d0': 0.025805100782679825};-274.347313048087;45.21930845702399
2569;-91.9543480670197;((cos(((x + _a1_) + _a3_)) * _a1_) + (_a4_ + ((_a3_ + _a6_) * x)));{'d0': {'_a1_': -20.968185845962473, '_a3_': 38.45469858694449, '_a4_': 4.322210392152603, '_a6_': -16.16583063373453, '_a0_': 1.0, '_a2_': 1.0, '_a5_': 1.0, '_a7_': 1.0}};{'d0': 0.025805100782679825};-274.347313048087;45.21930845702399
2570;-91.9543480670197;((cos(((x + _a1_) + _a3_)) * _a1_) + (_a4_ + ((_a3_ + _a6_) * x)));{'d0': {'_a1_': -20.968185845962473, '_a3_': 38.45469858694449, '_a4_': 4.322210392152603, '_a6_': -16.16583063373453, '_a0_': 1.0, '_a2_': 1.0, '_a5_': 1.0, '_a7_': 1.0}};{'d0': 0.025805100782679825};-274.347313048087;45.21930845702399
2571;-91.9543480670197;((cos(((x + _a1_) + _a3_)) * _a1_) + (_a4_ + ((_a3_ + _a6_) * x)));{'d0': {'_a1_': -20.968185845962473, '_a3_': 38.45469858694449, '_a4_': 4.322210392152603, '_a6_': -16.16583063373453, '_a0_': 1.0, '_a2_': 1.0, '_a5_': 1.0, '_a7_': 1.0}};{'d0': 0.025805100782679825};-274.347313048087;45.21930845702399
2572;-91.9543480670197;((cos(((x + _a1_) + _a3_)) * _a1_) + (_a4_ + ((_a3_ + _a6_) * x)));{'d0': {'_a1_': -20.968185845962473, '_a3_': 38.45469858694449, '_a4_': 4.322210392152603, '_a6_': -16.16583063373453, '_a0_': 1.0, '_a2_': 1.0, '_a5_': 1.0, '_a7_': 1.0}};{'d0': 0.025805100782679825};-274.347313048087;45.21930845702399
2573;-91.9543480670197;((cos(((x + _a1_) + _a3_)) * _a1_) + (_a4_ + ((_a3_ + _a6_) * x)));{'d0': {'_a1_': -20.968185845962473, '_a3_': 38.45469858694449, '_a4_': 4.322210392152603, '_a6_': -16.16583063373453, '_a0_': 1.0, '_a2_': 1.0, '_a5_': 1.0, '_a7_': 1.0}};{'d0': 0.025805100782679825};-274.347313048087;45.21930845702399
2574;-91.0577120959434;((cos(((x + _a1_) + _a3_)) * _a1_) + (_a4_ + ((x + _a6_) * x)));{'d0': {'_a1_': -21.18435660909048, '_a3_': 38.57258005647308, '_a4_': 2.311423280074536, '_a6_': 22.813868258343422, '_a0_': 1.0, '_a2_': 1.0, '_a5_': 1.0, '_a7_': 1.0}};{'d0': 0.0265880015066038};-272.554041105935;45.21930845702399
2575;-91.0577120959434;((cos(((x + _a1_) + _a3_)) * _a1_) + (_a4_ + ((x + _a6_) * x)));{'d0': {'_a1_': -21.18435660909048, '_a3_': 38.57258005647308, '_a4_': 2.311423280074536, '_a6_': 22.813868258343422, '_a0_': 1.0, '_a2_': 1.0, '_a5_': 1.0, '_a7_': 1.0}};{'d0': 0.0265880015066038};-272.554041105935;45.21930845702399
2576;-91.0577120959434;((cos(((x + _a1_) + _a3_)) * _a1_) + (_a4_ + ((x + _a6_) * x)));{'d0': {'_a1_': -21.18435660909048, '_a3_': 38.57258005647308, '_a4_': 2.311423280074536, '_a6_': 22.813868258343422, '_a0_': 1.0, '_a2_': 1.0, '_a5_': 1.0, '_a7_': 1.0}};{'d0': 0.0265880015066038};-272.554041105935;45.21930845702399
2577;-82.1437928034898;((((((-(x) * (x + _a1_)) * _a0_) * x) + x) / pow2((_a2_ * (_a6_ / _a2_)))) / _a2_);{'d0': {'_a0_': -1.9022553814968362, '_a1_': 0.6238594156932263, '_a2_': 0.933056022463069, '_a6_': 0.7770167479267581, '_a3_': 1.0, '_a4_': 1.0, '_a5_': 1.0, '_a7_': 1.0}};{'d0': 0.024905832919958723};-276.475521885516;56.09396813926796
2578;-82.1437928034898;((((((-(x) * (x + _a1_)) * _a0_) * x) + x) / pow2((_a2_ * (_a6_ / _a2_)))) / _a2_);{'d0': {'_a0_': -1.9022553814968362, '_a1_': 0.6238594156932263, '_a2_': 0.933056022463069, '_a6_': 0.7770167479267581, '_a3_': 1.0, '_a4_': 1.0, '_a5_': 1.0, '_a7_': 1.0}};{'d0': 0.024905832919958723};-276.475521885516;56.09396813926796
2579;-91.0577120959434;((cos(((x + _a1_) + _a3_)) * _a1_) + (_a4_ + ((x + _a6_) * x)));{'d0': {'_a1_': -21.18435660909048, '_a3_': 38.57258005647308, '_a4_': 2.311423280074536, '_a6_': 22.813868258343422, '_a0_': 1.0, '_a2_': 1.0, '_a5_': 1.0, '_a7_': 1.0}};{'d0': 0.0265880015066038};-272.554041105935;45.21930845702399
2580;-97.8749491160496;((cos(((x + _a1_) + _a3_)) * _a1_) + (_a4_ + (_a7_ * x)));{'d0': {'_a1_': -20.96818610952263, '_a3_': 38.454698850914596, '_a4_': 4.3222104521587905, '_a7_': 22.28886820217202, '_a0_': 1.0, '_a2_': 1.0, '_a5_': 1.0, '_a6_': 1.0}};{'d0': 0.02580510078267994};-274.347313048087;39.298707407993994
2581;-97.8749491160496;((cos(((x + _a1_) + _a3_)) * _a1_) + (_a4_ + (_a7_ * x)));{'d0': {'_a1_': -20.96818610952263, '_a3_': 38.454698850914596, '_a4_': 4.3222104521587905, '_a7_': 22.28886820217202, '_a0_': 1.0, '_a2_': 1.0, '_a5_': 1.0, '_a6_': 1.0}};{'d0': 0.02580510078267994};-274.347313048087;39.298707407993994
2582;-97.8749491160496;((cos(((x + _a1_) + _a3_)) * _a1_) + (_a4_ + (_a7_ * x)));{'d0': {'_a1_': -20.96818610952263, '_a3_': 38.454698850914596, '_a4_': 4.3222104521587905, '_a7_': 22.28886820217202, '_a0_': 1.0, '_a2_': 1.0, '_a5_': 1.0, '_a6_': 1.0}};{'d0': 0.02580510078267994};-274.347313048087;39.298707407993994
2583;-97.8749491160496;((cos(((x + _a1_) + _a3_)) * _a1_) + (_a4_ + (_a7_ * x)));{'d0': {'_a1_': -20.96818610952263, '_a3_': 38.454698850914596, '_a4_': 4.3222104521587905, '_a7_': 22.28886820217202, '_a0_': 1.0, '_a2_': 1.0, '_a5_': 1.0, '_a6_': 1.0}};{'d0': 0.02580510078267994};-274.347313048087;39.298707407993994
2584;-97.8749491160496;((cos(((x + _a1_) + _a3_)) * _a1_) + (_a4_ + (_a7_ * x)));{'d0': {'_a1_': -20.96818610952263, '_a3_': 38.454698850914596, '_a4_': 4.3222104521587905, '_a7_': 22.28886820217202, '_a0_': 1.0, '_a2_': 1.0, '_a5_': 1.0, '_a6_': 1.0}};{'d0': 0.02580510078267994};-274.347313048087;39.298707407993994
2585;-97.8749491160496;((cos(((x + _a1_) + _a3_)) * _a1_) + (_a4_ + (_a7_ * x)));{'d0': {'_a1_': -20.96818610952263, '_a3_': 38.454698850914596, '_a4_': 4.3222104521587905, '_a7_': 22.28886820217202, '_a0_': 1.0, '_a2_': 1.0, '_a5_': 1.0, '_a6_': 1.0}};{'d0': 0.02580510078267994};-274.347313048087;39.298707407993994
2586;-97.8749491160496;((cos(((x + _a1_) + _a3_)) * _a1_) + (_a4_ + (_a7_ * x)));{'d0': {'_a1_': -20.96818610952263, '_a3_': 38.454698850914596, '_a4_': 4.3222104521587905, '_a7_': 22.28886820217202, '_a0_': 1.0, '_a2_': 1.0, '_a5_': 1.0, '_a6_': 1.0}};{'d0': 0.02580510078267994};-274.347313048087;39.298707407993994
2587;-97.8749491160496;((cos(((x + _a1_) + _a3_)) * _a1_) + (_a4_ + (_a7_ * x)));{'d0': {'_a1_': -20.96818610952263, '_a3_': 38.454698850914596, '_a4_': 4.3222104521587905, '_a7_': 22.28886820217202, '_a0_': 1.0, '_a2_': 1.0, '_a5_': 1.0, '_a6_': 1.0}};{'d0': 0.02580510078267994};-274.347313048087;39.298707407993994
2588;-97.8749491160496;((cos(((x + _a1_) + _a3_)) * _a1_) + (_a4_ + (_a7_ * x)));{'d0': {'_a1_': -20.96818610952263, '_a3_': 38.454698850914596, '_a4_': 4.3222104521587905, '_a7_': 22.28886820217202, '_a0_': 1.0, '_a2_': 1.0, '_a5_': 1.0, '_a6_': 1.0}};{'d0': 0.02580510078267994};-274.347313048087;39.298707407993994
2589;-97.8749491160496;((cos(((x + _a1_) + _a3_)) * _a1_) + (_a4_ + (_a7_ * x)));{'d0': {'_a1_': -20.96818610952263, '_a3_': 38.454698850914596, '_a4_': 4.3222104521587905, '_a7_': 22.28886820217202, '_a0_': 1.0, '_a2_': 1.0, '_a5_': 1.0, '_a6_': 1.0}};{'d0': 0.02580510078267994};-274.347313048087;39.298707407993994
2590;-82.0973455874657;((((((-(x) * (x + _a1_)) * _a0_) * x) + x) + pow2((_a2_ * (_a7_ / _a2_)))) / _a2_);{'d0': {'_a0_': -1.902255423233993, '_a1_': 0.6238594183434879, '_a2_': 0.5633373110992537, '_a7_': -1.43658470413999e-05, '_a3_': 1.0, '_a4_': 1.0, '_a5_': 1.0, '_a6_': 1.0}};{'d0': 0.024905832933977516};-276.475521851743;56.14041533840596
2591;-78.2239168370859;((((((-(x) * (x + _a1_)) * _a0_) * x) + x) + pow2((_a2_ * ((x + x) / _a2_)))) / _a2_);{'d0': {'_a0_': -1.9022553754075884, '_a1_': -1.478907674112553, '_a2_': 0.563337307273457, '_a3_': 1.0, '_a4_': 1.0, '_a5_': 1.0, '_a6_': 1.0, '_a7_': 1.0}};{'d0': 0.02490583291941658};-280.569866449044;62.061016387435956
2592;-78.2239168370859;((((((-(x) * (x + _a1_)) * _a0_) * x) + x) + pow2((_a2_ * ((x + x) / _a2_)))) / _a2_);{'d0': {'_a0_': -1.9022553754075884, '_a1_': -1.478907674112553, '_a2_': 0.563337307273457, '_a3_': 1.0, '_a4_': 1.0, '_a5_': 1.0, '_a6_': 1.0, '_a7_': 1.0}};{'d0': 0.02490583291941658};-280.569866449044;62.061016387435956
2593;-78.2239168370859;((((((-(x) * (x + _a1_)) * _a0_) * x) + x) + pow2((_a2_ * ((x + x) / _a2_)))) / _a2_);{'d0': {'_a0_': -1.9022553754075884, '_a1_': -1.478907674112553, '_a2_': 0.563337307273457, '_a3_': 1.0, '_a4_': 1.0, '_a5_': 1.0, '_a6_': 1.0, '_a7_': 1.0}};{'d0': 0.02490583291941658};-280.569866449044;62.061016387435956
2594;-78.2239168370859;((((((-(x) * (x + _a1_)) * _a0_) * x) + x) + pow2((_a2_ * ((x + x) / _a2_)))) / _a2_);{'d0': {'_a0_': -1.9022553754075884, '_a1_': -1.478907674112553, '_a2_': 0.563337307273457, '_a3_': 1.0, '_a4_': 1.0, '_a5_': 1.0, '_a6_': 1.0, '_a7_': 1.0}};{'d0': 0.02490583291941658};-280.569866449044;62.061016387435956
2595;-78.2239168370859;((((((-(x) * (x + _a1_)) * _a0_) * x) + x) + pow2((_a2_ * ((x + x) / _a2_)))) / _a2_);{'d0': {'_a0_': -1.9022553754075884, '_a1_': -1.478907674112553, '_a2_': 0.563337307273457, '_a3_': 1.0, '_a4_': 1.0, '_a5_': 1.0, '_a6_': 1.0, '_a7_': 1.0}};{'d0': 0.02490583291941658};-280.569866449044;62.061016387435956
2596;-78.2239168370859;((((((-(x) * (x + _a1_)) * _a0_) * x) + x) + pow2((_a2_ * ((x + x) / _a2_)))) / _a2_);{'d0': {'_a0_': -1.9022553754075884, '_a1_': -1.478907674112553, '_a2_': 0.563337307273457, '_a3_': 1.0, '_a4_': 1.0, '_a5_': 1.0, '_a6_': 1.0, '_a7_': 1.0}};{'d0': 0.02490583291941658};-280.569866449044;62.061016387435956
2597;-78.2239168370859;((((((-(x) * (x + _a1_)) * _a0_) * x) + x) + pow2((_a2_ * ((x + x) / _a2_)))) / _a2_);{'d0': {'_a0_': -1.9022553754075884, '_a1_': -1.478907674112553, '_a2_': 0.563337307273457, '_a3_': 1.0, '_a4_': 1.0, '_a5_': 1.0, '_a6_': 1.0, '_a7_': 1.0}};{'d0': 0.02490583291941658};-280.569866449044;62.061016387435956
2598;-78.2239168370859;((((((-(x) * (x + _a1_)) * _a0_) * x) + x) + pow2((_a2_ * ((x + x) / _a2_)))) / _a2_);{'d0': {'_a0_': -1.9022553754075884, '_a1_': -1.478907674112553, '_a2_': 0.563337307273457, '_a3_': 1.0, '_a4_': 1.0, '_a5_': 1.0, '_a6_': 1.0, '_a7_': 1.0}};{'d0': 0.02490583291941658};-280.569866449044;62.061016387435956
2599;-76.1767445545491;((((((-(x) * (x + _a1_)) * _a0_) * x) + x) + pow2((_a2_ * ((x + x) / _a3_)))) / _a2_);{'d0': {'_a0_': -1.9022553837504506, '_a1_': 0.06522358072181766, '_a2_': 0.5633373074826752, '_a3_': 1.092948403989967, '_a4_': 1.0, '_a5_': 1.0, '_a6_': 1.0, '_a7_': 1.0}};{'d0': 0.02490583292060021};-276.475521883970;62.061016387435956
2600;-76.1767445545491;((((((-(x) * (x + _a1_)) * _a0_) * x) + x) + pow2((_a2_ * ((x + x) / _a3_)))) / _a2_);{'d0': {'_a0_': -1.9022553837504506, '_a1_': 0.06522358072181766, '_a2_': 0.5633373074826752, '_a3_': 1.092948403989967, '_a4_': 1.0, '_a5_': 1.0, '_a6_': 1.0, '_a7_': 1.0}};{'d0': 0.02490583292060021};-276.475521883970;62.061016387435956
2601;-76.1767445545491;((((((-(x) * (x + _a1_)) * _a0_) * x) + x) + pow2((_a2_ * ((x + x) / _a3_)))) / _a2_);{'d0': {'_a0_': -1.9022553837504506, '_a1_': 0.06522358072181766, '_a2_': 0.5633373074826752, '_a3_': 1.092948403989967, '_a4_': 1.0, '_a5_': 1.0, '_a6_': 1.0, '_a7_': 1.0}};{'d0': 0.02490583292060021};-276.475521883970;62.061016387435956
2602;-76.1767445545491;((((((-(x) * (x + _a1_)) * _a0_) * x) + x) + pow2((_a2_ * ((x + x) / _a3_)))) / _a2_);{'d0': {'_a0_': -1.9022553837504506, '_a1_': 0.06522358072181766, '_a2_': 0.5633373074826752, '_a3_': 1.092948403989967, '_a4_': 1.0, '_a5_': 1.0, '_a6_': 1.0, '_a7_': 1.0}};{'d0': 0.02490583292060021};-276.475521883970;62.061016387435956
2603;-76.1767445545491;((((((-(x) * (x + _a1_)) * _a0_) * x) + x) + pow2((_a2_ * ((x + x) / _a3_)))) / _a2_);{'d0': {'_a0_': -1.9022553837504506, '_a1_': 0.06522358072181766, '_a2_': 0.5633373074826752, '_a3_': 1.092948403989967, '_a4_': 1.0, '_a5_': 1.0, '_a6_': 1.0, '_a7_': 1.0}};{'d0': 0.02490583292060021};-276.475521883970;62.061016387435956
2604;-76.1767445545491;((((((-(x) * (x + _a1_)) * _a0_) * x) + x) + pow2((_a2_ * ((x + x) / _a3_)))) / _a2_);{'d0': {'_a0_': -1.9022553837504506, '_a1_': 0.06522358072181766, '_a2_': 0.5633373074826752, '_a3_': 1.092948403989967, '_a4_': 1.0, '_a5_': 1.0, '_a6_': 1.0, '_a7_': 1.0}};{'d0': 0.02490583292060021};-276.475521883970;62.061016387435956
2605;-77.0756480581235;((((((-(x) * (x + _a1_)) * _a0_) * x) + x) + pow2((_a2_ * ((x * x) / _a3_)))) / _a2_);{'d0': {'_a0_': -1.902255447803625, '_a1_': 0.6238593979475031, '_a2_': 0.5633373125929689, '_a3_': 2532.2334632595735, '_a4_': 1.0, '_a5_': 1.0, '_a6_': 1.0, '_a7_': 1.0}};{'d0': 0.024905833197616693};-276.475521216617;61.16211255018496
2606;-82.0973439681962;((((((-(x) * (x + _a1_)) * _a0_) * x) + x) + pow2((_a2_ * (_a1_ / _a3_)))) / _a2_);{'d0': {'_a0_': -1.902255447803625, '_a1_': 0.6238593979475031, '_a2_': 0.5633373125929689, '_a3_': 2532.2334632595735, '_a4_': 1.0, '_a5_': 1.0, '_a6_': 1.0, '_a7_': 1.0}};{'d0': 0.02490583427828607};-276.475518613204;56.14041533840596
2607;-82.0973439681962;((((((-(x) * (x + _a1_)) * _a0_) * x) + x) + pow2((_a2_ * (_a1_ / _a3_)))) / _a2_);{'d0': {'_a0_': -1.902255447803625, '_a1_': 0.6238593979475031, '_a2_': 0.5633373125929689, '_a3_': 2532.2334632595735, '_a4_': 1.0, '_a5_': 1.0, '_a6_': 1.0, '_a7_': 1.0}};{'d0': 0.02490583427828607};-276.475518613204;56.14041533840596
2608;-86.3012884560019;((((((-(x) * (x + _a1_)) * _a0_) * x) + x) + pow2((_a2_ * -(x)))) / _a2_);{'d0': {'_a0_': -1.9022553811085368, '_a1_': 0.45703169865884713, '_a2_': 0.5633373078068216, '_a3_': 1.0, '_a4_': 1.0, '_a5_': 1.0, '_a6_': 1.0, '_a7_': 1.0}};{'d0': 0.02490583291941661};-280.569866449044;53.98364476851993
2609;-86.3012884560019;((((((-(x) * (x + _a1_)) * _a3_) * x) + x) + pow2((_a2_ * -(x)))) / _a2_);{'d0': {'_a1_': 0.45703169866082144, '_a2_': 0.5633373080393068, '_a3_': -1.9022553834890905, '_a0_': 1.0, '_a4_': 1.0, '_a5_': 1.0, '_a6_': 1.0, '_a7_': 1.0}};{'d0': 0.024905832919416622};-280.569866449044;53.98364476851993
2610;-86.3012884560019;((((((-(x) * (x + _a1_)) * _a3_) * x) + x) + pow2((_a2_ * -(x)))) / _a2_);{'d0': {'_a1_': 0.45703169866082144, '_a2_': 0.5633373080393068, '_a3_': -1.9022553834890905, '_a0_': 1.0, '_a4_': 1.0, '_a5_': 1.0, '_a6_': 1.0, '_a7_': 1.0}};{'d0': 0.024905832919416622};-280.569866449044;53.98364476851993
2611;-86.3012884560019;((((((-(x) * (x + _a1_)) * _a3_) * x) + x) + pow2((_a2_ * -(x)))) / _a2_);{'d0': {'_a1_': 0.45703169866082144, '_a2_': 0.5633373080393068, '_a3_': -1.9022553834890905, '_a0_': 1.0, '_a4_': 1.0, '_a5_': 1.0, '_a6_': 1.0, '_a7_': 1.0}};{'d0': 0.024905832919416622};-280.569866449044;53.98364476851993
2612;-86.3012884560019;((((((-(x) * (x + _a1_)) * _a3_) * x) + x) + pow2((_a2_ * -(x)))) / _a2_);{'d0': {'_a1_': 0.45703169866082144, '_a2_': 0.5633373080393068, '_a3_': -1.9022553834890905, '_a0_': 1.0, '_a4_': 1.0, '_a5_': 1.0, '_a6_': 1.0, '_a7_': 1.0}};{'d0': 0.024905832919416622};-280.569866449044;53.98364476851993
2613;-87.6386344468030;((cos(((x + log(_a7_)) + _a3_)) * (_a3_ * _a6_)) + (_a4_ + (_a7_ * x)));{'d0': {'_a3_': -1.3255378999336789, '_a4_': 4.322210471728379, '_a6_': -15.818624418466767, '_a7_': 22.28886827968005, '_a0_': 1.0, '_a1_': 1.0, '_a2_': 1.0, '_a5_': 1.0}};{'d0': 0.02580510078268124};-274.347313048084;49.53502207723899
2614;-87.6386344468030;((cos(((x + log(_a7_)) + _a3_)) * (_a3_ * _a6_)) + (_a4_ + (_a7_ * x)));{'d0': {'_a3_': -1.3255378999336789, '_a4_': 4.322210471728379, '_a6_': -15.818624418466767, '_a7_': 22.28886827968005, '_a0_': 1.0, '_a1_': 1.0, '_a2_': 1.0, '_a5_': 1.0}};{'d0': 0.02580510078268124};-274.347313048084;49.53502207723899
2615;-87.6386344468036;((cos(((x + log(_a7_)) + _a3_)) * (_a3_ * _a6_)) + (_a2_ + (_a7_ * x)));{'d0': {'_a2_': 4.322210419764015, '_a3_': -1.3255378920962209, '_a6_': -15.81862436146631, '_a7_': 22.288868090636804, '_a0_': 1.0, '_a1_': 1.0, '_a4_': 1.0, '_a5_': 1.0}};{'d0': 0.02580510078268079};-274.347313048085;49.53502207723899
2616;-87.6386344468036;((cos(((x + log(_a7_)) + _a3_)) * (_a3_ * _a6_)) + (_a2_ + (_a7_ * x)));{'d0': {'_a2_': 4.322210419764015, '_a3_': -1.3255378920962209, '_a6_': -15.81862436146631, '_a7_': 22.288868090636804, '_a0_': 1.0, '_a1_': 1.0, '_a4_': 1.0, '_a5_': 1.0}};{'d0': 0.02580510078268079};-274.347313048085;49.53502207723899
2617;-81.9115150052621;((cos(((x + log(_a7_)) + _a3_)) * (-(_a0_) * _a6_)) + (_a2_ + (_a7_ * x)));{'d0': {'_a0_': 0.8628386214610887, '_a2_': 4.322210427815852, '_a3_': -1.3255378916067777, '_a6_': -24.301399298540964, '_a7_': 22.28886808938851, '_a1_': 1.0, '_a4_': 1.0, '_a5_': 1.0}};{'d0': 0.025805100782827037};-270.252968485523;53.21496923749938
2618;-81.9115150052621;((cos(((x + log(_a7_)) + _a3_)) * (-(_a0_) * _a6_)) + (_a2_ + (_a7_ * x)));{'d0': {'_a0_': 0.8628386214610887, '_a2_': 4.322210427815852, '_a3_': -1.3255378916067777, '_a6_': -24.301399298540964, '_a7_': 22.28886808938851, '_a1_': 1.0, '_a4_': 1.0, '_a5_': 1.0}};{'d0': 0.025805100782827037};-270.252968485523;53.21496923749938
2619;-76.9621750756643;((cos(((x + log(_a7_)) + _a3_)) * (-(_a0_) * _a6_)) + (_a2_ + (_a7_ * (_a7_ * x))));{'d0': {'_a0_': 0.8687482574239388, '_a2_': 4.3222103197182635, '_a3_': 0.22650580187776884, '_a6_': -24.136088539177752, '_a7_': 4.721108724811594, '_a1_': 1.0, '_a4_': 1.0, '_a5_': 1.0}};{'d0': 0.02580510078638882};-270.252968477241;58.164309162956386
2620;-76.9621750756643;((cos(((x + log(_a7_)) + _a3_)) * (-(_a0_) * _a6_)) + (_a2_ + (_a7_ * (_a7_ * x))));{'d0': {'_a0_': 0.8687482574239388, '_a2_': 4.3222103197182635, '_a3_': 0.22650580187776884, '_a6_': -24.136088539177752, '_a7_': 4.721108724811594, '_a1_': 1.0, '_a4_': 1.0, '_a5_': 1.0}};{'d0': 0.02580510078638882};-270.252968477241;58.164309162956386
2621;-70.5799308173351;((cos(((x + log(_a7_)) + _a3_)) * (-(fac(_a7_)) * _a6_)) + (_a2_ + (_a7_ * (_a7_ * x))));{'d0': {'_a2_': 4.322210518227405, '_a3_': 0.2265057819481775, '_a6_': -0.2791970385132691, '_a7_': 4.721108820913679, '_a0_': 1.0, '_a1_': 1.0, '_a4_': 1.0, '_a5_': 1.0}};{'d0': 0.025805100782681722};-274.347313048083;66.59372570670638
2622;-70.5799308173351;((cos(((x + log(_a7_)) + _a3_)) * (-(fac(_a7_)) * _a6_)) + (_a2_ + (_a7_ * (_a7_ * x))));{'d0': {'_a2_': 4.322210518227405, '_a3_': 0.2265057819481775, '_a6_': -0.2791970385132691, '_a7_': 4.721108820913679, '_a0_': 1.0, '_a1_': 1.0, '_a4_': 1.0, '_a5_': 1.0}};{'d0': 0.025805100782681722};-274.347313048083;66.59372570670638
2623;-69.6086696923894;((cos(((x + log(_a7_)) + _a3_)) * (-(fac(_a7_)) * _a6_)) + (_a2_ + (_a7_ + (_a7_ * x))));{'d0': {'_a2_': -17.966648566396582, '_a3_': -1.3255373723312116, '_a6_': -7.57523784967643e-21, '_a7_': 22.288855753626972, '_a0_': 1.0, '_a1_': 1.0, '_a4_': 1.0, '_a5_': 1.0}};{'d0': 0.02580510078386247};-274.347313045338;67.56498683027938
2624;-69.6086696923894;((cos(((x + log(_a7_)) + _a3_)) * (-(fac(_a7_)) * _a6_)) + (_a2_ + (_a7_ + (_a7_ * x))));{'d0': {'_a2_': -17.966648566396582, '_a3_': -1.3255373723312116, '_a6_': -7.57523784967643e-21, '_a7_': 22.288855753626972, '_a0_': 1.0, '_a1_': 1.0, '_a4_': 1.0, '_a5_': 1.0}};{'d0': 0.02580510078386247};-274.347313045338;67.56498683027938
2625;-67.9439362033790;((cos(((x + abs(_a7_)) + _a3_)) * (-(fac(_a7_)) * _a6_)) + (_a2_ + (_a7_ + (_a7_ * x))));{'d0': {'_a2_': -17.966655058917436, '_a3_': -1.6607591714327745, '_a6_': -7.57503274686418e-21, '_a7_': 22.288864556500837, '_a0_': 1.0, '_a1_': 1.0, '_a4_': 1.0, '_a5_': 1.0}};{'d0': 0.025805100782804843};-274.347313047797;69.22972032051938
2626;-67.9439362033790;((cos(((x + abs(_a7_)) + _a3_)) * (-(fac(_a7_)) * _a6_)) + (_a2_ + (_a7_ + (_a7_ * x))));{'d0': {'_a2_': -17.966655058917436, '_a3_': -1.6607591714327745, '_a6_': -7.57503274686418e-21, '_a7_': 22.288864556500837, '_a0_': 1.0, '_a1_': 1.0, '_a4_': 1.0, '_a5_': 1.0}};{'d0': 0.025805100782804843};-274.347313047797;69.22972032051938
2627;-67.9439362033790;((cos(((x + abs(_a7_)) + _a3_)) * (-(fac(_a7_)) * _a6_)) + (_a2_ + (_a7_ + (_a7_ * x))));{'d0': {'_a2_': -17.966655058917436, '_a3_': -1.6607591714327745, '_a6_': -7.57503274686418e-21, '_a7_': 22.288864556500837, '_a0_': 1.0, '_a1_': 1.0, '_a4_': 1.0, '_a5_': 1.0}};{'d0': 0.025805100782804843};-274.347313047797;69.22972032051938
2628;-67.9439362033790;((cos(((x + abs(_a7_)) + _a3_)) * (-(fac(_a7_)) * _a6_)) + (_a2_ + (_a7_ + (_a7_ * x))));{'d0': {'_a2_': -17.966655058917436, '_a3_': -1.6607591714327745, '_a6_': -7.57503274686418e-21, '_a7_': 22.288864556500837, '_a0_': 1.0, '_a1_': 1.0, '_a4_': 1.0, '_a5_': 1.0}};{'d0': 0.025805100782804843};-274.347313047797;69.22972032051938
2629;-67.9439362033790;((cos(((x + abs(_a7_)) + _a3_)) * (-(fac(_a7_)) * _a6_)) + (_a2_ + (_a7_ + (_a7_ * x))));{'d0': {'_a2_': -17.966655058917436, '_a3_': -1.6607591714327745, '_a6_': -7.57503274686418e-21, '_a7_': 22.288864556500837, '_a0_': 1.0, '_a1_': 1.0, '_a4_': 1.0, '_a5_': 1.0}};{'d0': 0.025805100782804843};-274.347313047797;69.22972032051938
2630;-67.9439362033790;((cos(((x + abs(_a7_)) + _a3_)) * (-(fac(_a7_)) * _a6_)) + (_a2_ + (_a7_ + (_a7_ * x))));{'d0': {'_a2_': -17.966655058917436, '_a3_': -1.6607591714327745, '_a6_': -7.57503274686418e-21, '_a7_': 22.288864556500837, '_a0_': 1.0, '_a1_': 1.0, '_a4_': 1.0, '_a5_': 1.0}};{'d0': 0.025805100782804843};-274.347313047797;69.22972032051938
2631;-67.9439362033790;((cos(((x + abs(_a7_)) + _a3_)) * (-(fac(_a7_)) * _a6_)) + (_a2_ + (_a7_ + (_a7_ * x))));{'d0': {'_a2_': -17.966655058917436, '_a3_': -1.6607591714327745, '_a6_': -7.57503274686418e-21, '_a7_': 22.288864556500837, '_a0_': 1.0, '_a1_': 1.0, '_a4_': 1.0, '_a5_': 1.0}};{'d0': 0.025805100782804843};-274.347313047797;69.22972032051938
2632;-67.9439362033790;((cos(((x + abs(_a7_)) + _a3_)) * (-(fac(_a7_)) * _a6_)) + (_a2_ + (_a7_ + (_a7_ * x))));{'d0': {'_a2_': -17.966655058917436, '_a3_': -1.6607591714327745, '_a6_': -7.57503274686418e-21, '_a7_': 22.288864556500837, '_a0_': 1.0, '_a1_': 1.0, '_a4_': 1.0, '_a5_': 1.0}};{'d0': 0.025805100782804843};-274.347313047797;69.22972032051938
2633;-61.8645264105610;((cos(((x + abs(_a7_)) + _a3_)) * (-(fac(_a7_)) * _a6_)) + (_a2_ + (cos(x) + (_a7_ * x))));{'d0': {'_a2_': 4.322212062293433, '_a3_': -1.614590628244094, '_a6_': -7.657479467213468e-21, '_a7_': 22.288874381245186, '_a0_': 1.0, '_a1_': 1.0, '_a4_': 1.0, '_a5_': 1.0}};{'d0': 0.025805100783018117};-274.347313047301;75.30913011308938
2634;-61.8645264105610;((cos(((x + abs(_a7_)) + _a3_)) * (-(fac(_a7_)) * _a6_)) + (_a2_ + (cos(x) + (_a7_ * x))));{'d0': {'_a2_': 4.322212062293433, '_a3_': -1.614590628244094, '_a6_': -7.657479467213468e-21, '_a7_': 22.288874381245186, '_a0_': 1.0, '_a1_': 1.0, '_a4_': 1.0, '_a5_': 1.0}};{'d0': 0.025805100783018117};-274.347313047301;75.30913011308938
2635;-61.8645264105610;((cos(((x + abs(_a7_)) + _a3_)) * (-(fac(_a7_)) * _a6_)) + (_a2_ + (cos(x) + (_a7_ * x))));{'d0': {'_a2_': 4.322212062293433, '_a3_': -1.614590628244094, '_a6_': -7.657479467213468e-21, '_a7_': 22.288874381245186, '_a0_': 1.0, '_a1_': 1.0, '_a4_': 1.0, '_a5_': 1.0}};{'d0': 0.025805100783018117};-274.347313047301;75.30913011308938
2636;-61.8645264105610;((cos(((x + abs(_a7_)) + _a3_)) * (-(fac(_a7_)) * _a6_)) + (_a2_ + (cos(x) + (_a7_ * x))));{'d0': {'_a2_': 4.322212062293433, '_a3_': -1.614590628244094, '_a6_': -7.657479467213468e-21, '_a7_': 22.288874381245186, '_a0_': 1.0, '_a1_': 1.0, '_a4_': 1.0, '_a5_': 1.0}};{'d0': 0.025805100783018117};-274.347313047301;75.30913011308938
2637;-61.8645264105610;((cos(((x + abs(_a7_)) + _a3_)) * (-(fac(_a7_)) * _a6_)) + (_a2_ + (cos(x) + (_a7_ * x))));{'d0': {'_a2_': 4.322212062293433, '_a3_': -1.614590628244094, '_a6_': -7.657479467213468e-21, '_a7_': 22.288874381245186, '_a0_': 1.0, '_a1_': 1.0, '_a4_': 1.0, '_a5_': 1.0}};{'d0': 0.025805100783018117};-274.347313047301;75.30913011308938
2638;-61.8645264105610;((cos(((x + abs(_a7_)) + _a3_)) * (-(fac(_a7_)) * _a6_)) + (_a2_ + (cos(x) + (_a7_ * x))));{'d0': {'_a2_': 4.322212062293433, '_a3_': -1.614590628244094, '_a6_': -7.657479467213468e-21, '_a7_': 22.288874381245186, '_a0_': 1.0, '_a1_': 1.0, '_a4_': 1.0, '_a5_': 1.0}};{'d0': 0.025805100783018117};-274.347313047301;75.30913011308938
2639;-61.8645264105610;((cos(((x + abs(_a7_)) + _a3_)) * (-(fac(_a7_)) * _a6_)) + (_a2_ + (cos(x) + (_a7_ * x))));{'d0': {'_a2_': 4.322212062293433, '_a3_': -1.614590628244094, '_a6_': -7.657479467213468e-21, '_a7_': 22.288874381245186, '_a0_': 1.0, '_a1_': 1.0, '_a4_': 1.0, '_a5_': 1.0}};{'d0': 0.025805100783018117};-274.347313047301;75.30913011308938
2640;-61.8645264105610;((cos(((x + abs(_a7_)) + _a3_)) * (-(fac(_a7_)) * _a6_)) + (_a2_ + (cos(x) + (_a7_ * x))));{'d0': {'_a2_': 4.322212062293433, '_a3_': -1.614590628244094, '_a6_': -7.657479467213468e-21, '_a7_': 22.288874381245186, '_a0_': 1.0, '_a1_': 1.0, '_a4_': 1.0, '_a5_': 1.0}};{'d0': 0.025805100783018117};-274.347313047301;75.30913011308938
2641;-61.8645264105610;((cos(((x + abs(_a7_)) + _a3_)) * (-(fac(_a7_)) * _a6_)) + (_a2_ + (cos(x) + (_a7_ * x))));{'d0': {'_a2_': 4.322212062293433, '_a3_': -1.614590628244094, '_a6_': -7.657479467213468e-21, '_a7_': 22.288874381245186, '_a0_': 1.0, '_a1_': 1.0, '_a4_': 1.0, '_a5_': 1.0}};{'d0': 0.025805100783018117};-274.347313047301;75.30913011308938
2642;-61.8645264105610;((cos(((x + abs(_a7_)) + _a3_)) * (-(fac(_a7_)) * _a6_)) + (_a2_ + (cos(x) + (_a7_ * x))));{'d0': {'_a2_': 4.322212062293433, '_a3_': -1.614590628244094, '_a6_': -7.657479467213468e-21, '_a7_': 22.288874381245186, '_a0_': 1.0, '_a1_': 1.0, '_a4_': 1.0, '_a5_': 1.0}};{'d0': 0.025805100783018117};-274.347313047301;75.30913011308938
2643;-61.8645264105610;((cos(((x + abs(_a7_)) + _a3_)) * (-(fac(_a7_)) * _a6_)) + (_a2_ + (cos(x) + (_a7_ * x))));{'d0': {'_a2_': 4.322212062293433, '_a3_': -1.614590628244094, '_a6_': -7.657479467213468e-21, '_a7_': 22.288874381245186, '_a0_': 1.0, '_a1_': 1.0, '_a4_': 1.0, '_a5_': 1.0}};{'d0': 0.025805100783018117};-274.347313047301;75.30913011308938
2644;-61.8645264105610;((cos(((x + abs(_a7_)) + _a3_)) * (-(fac(_a7_)) * _a6_)) + (_a2_ + (cos(x) + (_a7_ * x))));{'d0': {'_a2_': 4.322212062293433, '_a3_': -1.614590628244094, '_a6_': -7.657479467213468e-21, '_a7_': 22.288874381245186, '_a0_': 1.0, '_a1_': 1.0, '_a4_': 1.0, '_a5_': 1.0}};{'d0': 0.025805100783018117};-274.347313047301;75.30913011308938
2645;-61.8645264105610;((cos(((x + abs(_a7_)) + _a3_)) * (-(fac(_a7_)) * _a6_)) + (_a2_ + (cos(x) + (_a7_ * x))));{'d0': {'_a2_': 4.322212062293433, '_a3_': -1.614590628244094, '_a6_': -7.657479467213468e-21, '_a7_': 22.288874381245186, '_a0_': 1.0, '_a1_': 1.0, '_a4_': 1.0, '_a5_': 1.0}};{'d0': 0.025805100783018117};-274.347313047301;75.30913011308938
2646;-61.8645264105610;((cos(((x + abs(_a7_)) + _a3_)) * (-(fac(_a7_)) * _a6_)) + (_a2_ + (cos(x) + (_a7_ * x))));{'d0': {'_a2_': 4.322212062293433, '_a3_': -1.614590628244094, '_a6_': -7.657479467213468e-21, '_a7_': 22.288874381245186, '_a0_': 1.0, '_a1_': 1.0, '_a4_': 1.0, '_a5_': 1.0}};{'d0': 0.025805100783018117};-274.347313047301;75.30913011308938
2647;-61.8645264105610;((cos(((x + abs(_a7_)) + _a3_)) * (-(fac(_a7_)) * _a6_)) + (_a2_ + (cos(x) + (_a7_ * x))));{'d0': {'_a2_': 4.322212062293433, '_a3_': -1.614590628244094, '_a6_': -7.657479467213468e-21, '_a7_': 22.288874381245186, '_a0_': 1.0, '_a1_': 1.0, '_a4_': 1.0, '_a5_': 1.0}};{'d0': 0.025805100783018117};-274.347313047301;75.30913011308938
2648;-61.8645264105610;((cos(((x + abs(_a7_)) + _a3_)) * (-(fac(_a7_)) * _a6_)) + (_a2_ + (cos(x) + (_a7_ * x))));{'d0': {'_a2_': 4.322212062293433, '_a3_': -1.614590628244094, '_a6_': -7.657479467213468e-21, '_a7_': 22.288874381245186, '_a0_': 1.0, '_a1_': 1.0, '_a4_': 1.0, '_a5_': 1.0}};{'d0': 0.025805100783018117};-274.347313047301;75.30913011308938
2649;-61.8645264105610;((cos(((x + abs(_a7_)) + _a3_)) * (-(fac(_a7_)) * _a6_)) + (_a2_ + (cos(x) + (_a7_ * x))));{'d0': {'_a2_': 4.322212062293433, '_a3_': -1.614590628244094, '_a6_': -7.657479467213468e-21, '_a7_': 22.288874381245186, '_a0_': 1.0, '_a1_': 1.0, '_a4_': 1.0, '_a5_': 1.0}};{'d0': 0.025805100783018117};-274.347313047301;75.30913011308938
2650;-61.8645264105610;((cos(((x + abs(_a7_)) + _a3_)) * (-(fac(_a7_)) * _a6_)) + (_a2_ + (cos(x) + (_a7_ * x))));{'d0': {'_a2_': 4.322212062293433, '_a3_': -1.614590628244094, '_a6_': -7.657479467213468e-21, '_a7_': 22.288874381245186, '_a0_': 1.0, '_a1_': 1.0, '_a4_': 1.0, '_a5_': 1.0}};{'d0': 0.025805100783018117};-274.347313047301;75.30913011308938
2651;-61.8645264105610;((cos(((x + abs(_a7_)) + _a3_)) * (-(fac(_a7_)) * _a6_)) + (_a2_ + (cos(x) + (_a7_ * x))));{'d0': {'_a2_': 4.322212062293433, '_a3_': -1.614590628244094, '_a6_': -7.657479467213468e-21, '_a7_': 22.288874381245186, '_a0_': 1.0, '_a1_': 1.0, '_a4_': 1.0, '_a5_': 1.0}};{'d0': 0.025805100783018117};-274.347313047301;75.30913011308938
2652;-61.8645264105610;((cos(((x + abs(_a7_)) + _a3_)) * (-(fac(_a7_)) * _a6_)) + (_a2_ + (cos(x) + (_a7_ * x))));{'d0': {'_a2_': 4.322212062293433, '_a3_': -1.614590628244094, '_a6_': -7.657479467213468e-21, '_a7_': 22.288874381245186, '_a0_': 1.0, '_a1_': 1.0, '_a4_': 1.0, '_a5_': 1.0}};{'d0': 0.025805100783018117};-274.347313047301;75.30913011308938
2653;-65.8967637480622;((cos(((x + abs(_a7_)) + _a3_)) * (-(fac(_a7_)) * _a6_)) + (_a2_ + (_a5_ + (_a7_ * x))));{'d0': {'_a2_': 59379.48031492008, '_a3_': -1.6607835017279986, '_a5_': -59375.15810059401, '_a6_': -7.574464295880117e-21, '_a7_': 22.288888953336922, '_a0_': 1.0, '_a1_': 1.0, '_a4_': 1.0}};{'d0': 0.02580510093265139};-270.252968137163;69.22972032051938
2654;-65.8967637480622;((cos(((x + abs(_a7_)) + _a3_)) * (-(fac(_a7_)) * _a6_)) + (_a2_ + (_a5_ + (_a7_ * x))));{'d0': {'_a2_': 59379.48031492008, '_a3_': -1.6607835017279986, '_a5_': -59375.15810059401, '_a6_': -7.574464295880117e-21, '_a7_': 22.288888953336922, '_a0_': 1.0, '_a1_': 1.0, '_a4_': 1.0}};{'d0': 0.02580510093265139};-270.252968137163;69.22972032051938
2655;-67.9439362024283;((cos(((x + abs(_a7_)) + _a3_)) * (-(fac(_a7_)) * _a6_)) + (_a2_ + (_a2_ + (_a7_ * x))));{'d0': {'_a2_': 2.1611067095476333, '_a3_': -1.6607740834454912, '_a6_': -7.574684331246227e-21, '_a7_': 22.288879509541665, '_a0_': 1.0, '_a1_': 1.0, '_a4_': 1.0, '_a5_': 1.0}};{'d0': 0.025805100783622567};-274.347313045895;69.22972032051938
2656;-67.9439362024283;((cos(((x + abs(_a7_)) + _a3_)) * (-(fac(_a7_)) * _a6_)) + (_a2_ + (_a2_ + (_a7_ * x))));{'d0': {'_a2_': 2.1611067095476333, '_a3_': -1.6607740834454912, '_a6_': -7.574684331246227e-21, '_a7_': 22.288879509541665, '_a0_': 1.0, '_a1_': 1.0, '_a4_': 1.0, '_a5_': 1.0}};{'d0': 0.025805100783622567};-274.347313045895;69.22972032051938
2657;-67.9439362024283;((cos(((x + abs(_a7_)) + _a3_)) * (-(fac(_a7_)) * _a6_)) + (_a2_ + (_a2_ + (_a7_ * x))));{'d0': {'_a2_': 2.1611067095476333, '_a3_': -1.6607740834454912, '_a6_': -7.574684331246227e-21, '_a7_': 22.288879509541665, '_a0_': 1.0, '_a1_': 1.0, '_a4_': 1.0, '_a5_': 1.0}};{'d0': 0.025805100783622567};-274.347313045895;69.22972032051938
2658;-67.9439362024283;((cos(((x + abs(_a7_)) + _a3_)) * (-(fac(_a7_)) * _a6_)) + (_a2_ + (_a2_ + (_a7_ * x))));{'d0': {'_a2_': 2.1611067095476333, '_a3_': -1.6607740834454912, '_a6_': -7.574684331246227e-21, '_a7_': 22.288879509541665, '_a0_': 1.0, '_a1_': 1.0, '_a4_': 1.0, '_a5_': 1.0}};{'d0': 0.025805100783622567};-274.347313045895;69.22972032051938
2659;-67.9439362024283;((cos(((x + abs(_a7_)) + _a3_)) * (-(fac(_a7_)) * _a6_)) + (_a2_ + (_a2_ + (_a7_ * x))));{'d0': {'_a2_': 2.1611067095476333, '_a3_': -1.6607740834454912, '_a6_': -7.574684331246227e-21, '_a7_': 22.288879509541665, '_a0_': 1.0, '_a1_': 1.0, '_a4_': 1.0, '_a5_': 1.0}};{'d0': 0.025805100783622567};-274.347313045895;69.22972032051938
2660;-67.9439362024283;((cos(((x + abs(_a7_)) + _a3_)) * (-(fac(_a7_)) * _a6_)) + (_a2_ + (_a2_ + (_a7_ * x))));{'d0': {'_a2_': 2.1611067095476333, '_a3_': -1.6607740834454912, '_a6_': -7.574684331246227e-21, '_a7_': 22.288879509541665, '_a0_': 1.0, '_a1_': 1.0, '_a4_': 1.0, '_a5_': 1.0}};{'d0': 0.025805100783622567};-274.347313045895;69.22972032051938
2661;-67.9439362024283;((cos(((x + abs(_a7_)) + _a3_)) * (-(fac(_a7_)) * _a6_)) + (_a2_ + (_a2_ + (_a7_ * x))));{'d0': {'_a2_': 2.1611067095476333, '_a3_': -1.6607740834454912, '_a6_': -7.574684331246227e-21, '_a7_': 22.288879509541665, '_a0_': 1.0, '_a1_': 1.0, '_a4_': 1.0, '_a5_': 1.0}};{'d0': 0.025805100783622567};-274.347313045895;69.22972032051938
2662;-67.9439362024283;((cos(((x + abs(_a7_)) + _a3_)) * (-(fac(_a7_)) * _a6_)) + (_a2_ + (_a2_ + (_a7_ * x))));{'d0': {'_a2_': 2.1611067095476333, '_a3_': -1.6607740834454912, '_a6_': -7.574684331246227e-21, '_a7_': 22.288879509541665, '_a0_': 1.0, '_a1_': 1.0, '_a4_': 1.0, '_a5_': 1.0}};{'d0': 0.025805100783622567};-274.347313045895;69.22972032051938
2663;-67.9439362024283;((cos(((x + abs(_a7_)) + _a3_)) * (-(fac(_a7_)) * _a6_)) + (_a2_ + (_a2_ + (_a7_ * x))));{'d0': {'_a2_': 2.1611067095476333, '_a3_': -1.6607740834454912, '_a6_': -7.574684331246227e-21, '_a7_': 22.288879509541665, '_a0_': 1.0, '_a1_': 1.0, '_a4_': 1.0, '_a5_': 1.0}};{'d0': 0.025805100783622567};-274.347313045895;69.22972032051938
2664;-67.9439362024283;((cos(((x + abs(_a7_)) + _a3_)) * (-(fac(_a7_)) * _a6_)) + (_a2_ + (_a2_ + (_a7_ * x))));{'d0': {'_a2_': 2.1611067095476333, '_a3_': -1.6607740834454912, '_a6_': -7.574684331246227e-21, '_a7_': 22.288879509541665, '_a0_': 1.0, '_a1_': 1.0, '_a4_': 1.0, '_a5_': 1.0}};{'d0': 0.025805100783622567};-274.347313045895;69.22972032051938
2665;-67.9439362024283;((cos(((x + abs(_a7_)) + _a3_)) * (-(fac(_a7_)) * _a6_)) + (_a2_ + (_a2_ + (_a7_ * x))));{'d0': {'_a2_': 2.1611067095476333, '_a3_': -1.6607740834454912, '_a6_': -7.574684331246227e-21, '_a7_': 22.288879509541665, '_a0_': 1.0, '_a1_': 1.0, '_a4_': 1.0, '_a5_': 1.0}};{'d0': 0.025805100783622567};-274.347313045895;69.22972032051938
2666;-67.9439362024283;((cos(((x + abs(_a7_)) + _a3_)) * (-(fac(_a7_)) * _a6_)) + (_a2_ + (_a2_ + (_a7_ * x))));{'d0': {'_a2_': 2.1611067095476333, '_a3_': -1.6607740834454912, '_a6_': -7.574684331246227e-21, '_a7_': 22.288879509541665, '_a0_': 1.0, '_a1_': 1.0, '_a4_': 1.0, '_a5_': 1.0}};{'d0': 0.025805100783622567};-274.347313045895;69.22972032051938
2667;-67.9439362024283;((cos(((x + abs(_a7_)) + _a3_)) * (-(fac(_a7_)) * _a6_)) + (_a2_ + (_a2_ + (_a7_ * x))));{'d0': {'_a2_': 2.1611067095476333, '_a3_': -1.6607740834454912, '_a6_': -7.574684331246227e-21, '_a7_': 22.288879509541665, '_a0_': 1.0, '_a1_': 1.0, '_a4_': 1.0, '_a5_': 1.0}};{'d0': 0.025805100783622567};-274.347313045895;69.22972032051938
2668;-67.9439362024283;((cos(((x + abs(_a7_)) + _a3_)) * (-(fac(_a7_)) * _a6_)) + (_a2_ + (_a2_ + (_a7_ * x))));{'d0': {'_a2_': 2.1611067095476333, '_a3_': -1.6607740834454912, '_a6_': -7.574684331246227e-21, '_a7_': 22.288879509541665, '_a0_': 1.0, '_a1_': 1.0, '_a4_': 1.0, '_a5_': 1.0}};{'d0': 0.025805100783622567};-274.347313045895;69.22972032051938
2669;-67.9439362024283;((cos(((x + abs(_a7_)) + _a3_)) * (-(fac(_a7_)) * _a6_)) + (_a2_ + (_a2_ + (_a7_ * x))));{'d0': {'_a2_': 2.1611067095476333, '_a3_': -1.6607740834454912, '_a6_': -7.574684331246227e-21, '_a7_': 22.288879509541665, '_a0_': 1.0, '_a1_': 1.0, '_a4_': 1.0, '_a5_': 1.0}};{'d0': 0.025805100783622567};-274.347313045895;69.22972032051938
2670;-67.9439362024283;((cos(((x + abs(_a7_)) + _a3_)) * (-(fac(_a7_)) * _a6_)) + (_a2_ + (_a2_ + (_a7_ * x))));{'d0': {'_a2_': 2.1611067095476333, '_a3_': -1.6607740834454912, '_a6_': -7.574684331246227e-21, '_a7_': 22.288879509541665, '_a0_': 1.0, '_a1_': 1.0, '_a4_': 1.0, '_a5_': 1.0}};{'d0': 0.025805100783622567};-274.347313045895;69.22972032051938
2671;-67.9439362024283;((cos(((x + abs(_a7_)) + _a3_)) * (-(fac(_a7_)) * _a6_)) + (_a2_ + (_a2_ + (_a7_ * x))));{'d0': {'_a2_': 2.1611067095476333, '_a3_': -1.6607740834454912, '_a6_': -7.574684331246227e-21, '_a7_': 22.288879509541665, '_a0_': 1.0, '_a1_': 1.0, '_a4_': 1.0, '_a5_': 1.0}};{'d0': 0.025805100783622567};-274.347313045895;69.22972032051938
2672;-67.9439362024283;((cos(((x + abs(_a7_)) + _a3_)) * (-(fac(_a7_)) * _a6_)) + (_a2_ + (_a2_ + (_a7_ * x))));{'d0': {'_a2_': 2.1611067095476333, '_a3_': -1.6607740834454912, '_a6_': -7.574684331246227e-21, '_a7_': 22.288879509541665, '_a0_': 1.0, '_a1_': 1.0, '_a4_': 1.0, '_a5_': 1.0}};{'d0': 0.025805100783622567};-274.347313045895;69.22972032051938
2673;-67.9439362024283;((cos(((x + abs(_a7_)) + _a3_)) * (-(fac(_a7_)) * _a6_)) + (_a2_ + (_a2_ + (_a7_ * x))));{'d0': {'_a2_': 2.1611067095476333, '_a3_': -1.6607740834454912, '_a6_': -7.574684331246227e-21, '_a7_': 22.288879509541665, '_a0_': 1.0, '_a1_': 1.0, '_a4_': 1.0, '_a5_': 1.0}};{'d0': 0.025805100783622567};-274.347313045895;69.22972032051938
2674;-67.9439362024283;((cos(((x + abs(_a7_)) + _a3_)) * (-(fac(_a7_)) * _a6_)) + (_a2_ + (_a2_ + (_a7_ * x))));{'d0': {'_a2_': 2.1611067095476333, '_a3_': -1.6607740834454912, '_a6_': -7.574684331246227e-21, '_a7_': 22.288879509541665, '_a0_': 1.0, '_a1_': 1.0, '_a4_': 1.0, '_a5_': 1.0}};{'d0': 0.025805100783622567};-274.347313045895;69.22972032051938
2675;-67.9439362024283;((cos(((x + abs(_a7_)) + _a3_)) * (-(fac(_a7_)) * _a6_)) + (_a2_ + (_a2_ + (_a7_ * x))));{'d0': {'_a2_': 2.1611067095476333, '_a3_': -1.6607740834454912, '_a6_': -7.574684331246227e-21, '_a7_': 22.288879509541665, '_a0_': 1.0, '_a1_': 1.0, '_a4_': 1.0, '_a5_': 1.0}};{'d0': 0.025805100783622567};-274.347313045895;69.22972032051938
2676;-67.9439362024283;((cos(((x + abs(_a7_)) + _a3_)) * (-(fac(_a7_)) * _a6_)) + (_a2_ + (_a2_ + (_a7_ * x))));{'d0': {'_a2_': 2.1611067095476333, '_a3_': -1.6607740834454912, '_a6_': -7.574684331246227e-21, '_a7_': 22.288879509541665, '_a0_': 1.0, '_a1_': 1.0, '_a4_': 1.0, '_a5_': 1.0}};{'d0': 0.025805100783622567};-274.347313045895;69.22972032051938
2677;-67.9439362024283;((cos(((x + abs(_a7_)) + _a3_)) * (-(fac(_a7_)) * _a6_)) + (_a2_ + (_a2_ + (_a7_ * x))));{'d0': {'_a2_': 2.1611067095476333, '_a3_': -1.6607740834454912, '_a6_': -7.574684331246227e-21, '_a7_': 22.288879509541665, '_a0_': 1.0, '_a1_': 1.0, '_a4_': 1.0, '_a5_': 1.0}};{'d0': 0.025805100783622567};-274.347313045895;69.22972032051938
2678;-67.9439362024283;((cos(((x + abs(_a7_)) + _a3_)) * (-(fac(_a7_)) * _a6_)) + (_a2_ + (_a2_ + (_a7_ * x))));{'d0': {'_a2_': 2.1611067095476333, '_a3_': -1.6607740834454912, '_a6_': -7.574684331246227e-21, '_a7_': 22.288879509541665, '_a0_': 1.0, '_a1_': 1.0, '_a4_': 1.0, '_a5_': 1.0}};{'d0': 0.025805100783622567};-274.347313045895;69.22972032051938
2679;-67.0002283860596;((cos(((x + (_a3_ + _a5_)) + _a3_)) * (-(fac(_a7_)) * _a6_)) + (_a2_ + (_a2_ + (_a7_ * x))));{'d0': {'_a2_': 2.161105355652145, '_a3_': 6713.291473380437, '_a5_': -13427.94598994267, '_a6_': 7.574924574383719e-21, '_a7_': 22.28886918735407, '_a0_': 1.0, '_a1_': 1.0, '_a4_': 1.0}};{'d0': 0.025805100789280527};-270.252968470518;68.12625584919938
2680;-67.0002283860596;((cos(((x + (_a3_ + _a5_)) + _a3_)) * (-(fac(_a7_)) * _a6_)) + (_a2_ + (_a2_ + (_a7_ * x))));{'d0': {'_a2_': 2.161105355652145, '_a3_': 6713.291473380437, '_a5_': -13427.94598994267, '_a6_': 7.574924574383719e-21, '_a7_': 22.28886918735407, '_a0_': 1.0, '_a1_': 1.0, '_a4_': 1.0}};{'d0': 0.025805100789280527};-270.252968470518;68.12625584919938
2681;-67.0002283860596;((cos(((x + (_a3_ + _a5_)) + _a3_)) * (-(fac(_a7_)) * _a6_)) + (_a2_ + (_a2_ + (_a7_ * x))));{'d0': {'_a2_': 2.161105355652145, '_a3_': 6713.291473380437, '_a5_': -13427.94598994267, '_a6_': 7.574924574383719e-21, '_a7_': 22.28886918735407, '_a0_': 1.0, '_a1_': 1.0, '_a4_': 1.0}};{'d0': 0.025805100789280527};-270.252968470518;68.12625584919938
2682;-67.0002283860596;((cos(((x + (_a3_ + _a5_)) + _a3_)) * (-(fac(_a7_)) * _a6_)) + (_a2_ + (_a2_ + (_a7_ * x))));{'d0': {'_a2_': 2.161105355652145, '_a3_': 6713.291473380437, '_a5_': -13427.94598994267, '_a6_': 7.574924574383719e-21, '_a7_': 22.28886918735407, '_a0_': 1.0, '_a1_': 1.0, '_a4_': 1.0}};{'d0': 0.025805100789280527};-270.252968470518;68.12625584919938
2683;-67.0002283860596;((cos(((x + (_a3_ + _a5_)) + _a3_)) * (-(fac(_a7_)) * _a6_)) + (_a2_ + (_a2_ + (_a7_ * x))));{'d0': {'_a2_': 2.161105355652145, '_a3_': 6713.291473380437, '_a5_': -13427.94598994267, '_a6_': 7.574924574383719e-21, '_a7_': 22.28886918735407, '_a0_': 1.0, '_a1_': 1.0, '_a4_': 1.0}};{'d0': 0.025805100789280527};-270.252968470518;68.12625584919938
2684;-67.0002283860596;((cos(((x + (_a3_ + _a5_)) + _a3_)) * (-(fac(_a7_)) * _a6_)) + (_a2_ + (_a2_ + (_a7_ * x))));{'d0': {'_a2_': 2.161105355652145, '_a3_': 6713.291473380437, '_a5_': -13427.94598994267, '_a6_': 7.574924574383719e-21, '_a7_': 22.28886918735407, '_a0_': 1.0, '_a1_': 1.0, '_a4_': 1.0}};{'d0': 0.025805100789280527};-270.252968470518;68.12625584919938
2685;-67.0002283860596;((cos(((x + (_a3_ + _a5_)) + _a3_)) * (-(fac(_a7_)) * _a6_)) + (_a2_ + (_a2_ + (_a7_ * x))));{'d0': {'_a2_': 2.161105355652145, '_a3_': 6713.291473380437, '_a5_': -13427.94598994267, '_a6_': 7.574924574383719e-21, '_a7_': 22.28886918735407, '_a0_': 1.0, '_a1_': 1.0, '_a4_': 1.0}};{'d0': 0.025805100789280527};-270.252968470518;68.12625584919938
2686;-67.0002283860596;((cos(((x + (_a3_ + _a5_)) + _a3_)) * (-(fac(_a7_)) * _a6_)) + (_a2_ + (_a2_ + (_a7_ * x))));{'d0': {'_a2_': 2.161105355652145, '_a3_': 6713.291473380437, '_a5_': -13427.94598994267, '_a6_': 7.574924574383719e-21, '_a7_': 22.28886918735407, '_a0_': 1.0, '_a1_': 1.0, '_a4_': 1.0}};{'d0': 0.025805100789280527};-270.252968470518;68.12625584919938
2687;-67.0002283860596;((cos(((x + (_a3_ + _a5_)) + _a3_)) * (-(fac(_a7_)) * _a6_)) + (_a2_ + (_a2_ + (_a7_ * x))));{'d0': {'_a2_': 2.161105355652145, '_a3_': 6713.291473380437, '_a5_': -13427.94598994267, '_a6_': 7.574924574383719e-21, '_a7_': 22.28886918735407, '_a0_': 1.0, '_a1_': 1.0, '_a4_': 1.0}};{'d0': 0.025805100789280527};-270.252968470518;68.12625584919938
2688;-67.0002283860596;((cos(((x + (_a3_ + _a5_)) + _a3_)) * (-(fac(_a7_)) * _a6_)) + (_a2_ + (_a2_ + (_a7_ * x))));{'d0': {'_a2_': 2.161105355652145, '_a3_': 6713.291473380437, '_a5_': -13427.94598994267, '_a6_': 7.574924574383719e-21, '_a7_': 22.28886918735407, '_a0_': 1.0, '_a1_': 1.0, '_a4_': 1.0}};{'d0': 0.025805100789280527};-270.252968470518;68.12625584919938
2689;-67.0002283860596;((cos(((x + (_a3_ + _a5_)) + _a3_)) * (-(fac(_a7_)) * _a6_)) + (_a2_ + (_a2_ + (_a7_ * x))));{'d0': {'_a2_': 2.161105355652145, '_a3_': 6713.291473380437, '_a5_': -13427.94598994267, '_a6_': 7.574924574383719e-21, '_a7_': 22.28886918735407, '_a0_': 1.0, '_a1_': 1.0, '_a4_': 1.0}};{'d0': 0.025805100789280527};-270.252968470518;68.12625584919938
2690;-73.3118177526344;((((((-(x) * (x * _a1_)) * _a0_) * x) + x) + pow2(((_a0_ + _a4_) * -((x + _a4_))))) / _a5_);{'d0': {'_a0_': -1.0894675659316095, '_a1_': 1.7462066895249295, '_a4_': 3.999188180271039e-05, '_a5_': 0.5633907232735813, '_a2_': 1.0, '_a3_': 1.0, '_a6_': 1.0, '_a7_': 1.0}};{'d0': 0.024905833053449414};-276.475521563927;64.92594302932893
2691;-79.2324188478087;((((((-(x) * (x * _a1_)) * _a0_) * x) + x) + pow2((_a1_ * -((x + _a4_))))) / _a5_);{'d0': {'_a0_': -1.746255286687468, '_a1_': 1.089418128545053, '_a4_': 3.2873260636094625e-05, '_a5_': 0.5633809265804386, '_a2_': 1.0, '_a3_': 1.0, '_a6_': 1.0, '_a7_': 1.0}};{'d0': 0.024905833015140655};-276.475521656215;59.00534198029894
2692;-79.2324188478087;((((((-(x) * (x * _a1_)) * _a0_) * x) + x) + pow2((_a1_ * -((x + _a4_))))) / _a5_);{'d0': {'_a0_': -1.746255286687468, '_a1_': 1.089418128545053, '_a4_': 3.2873260636094625e-05, '_a5_': 0.5633809265804386, '_a2_': 1.0, '_a3_': 1.0, '_a6_': 1.0, '_a7_': 1.0}};{'d0': 0.024905833015140655};-276.475521656215;59.00534198029894
2693;-79.2324188478087;((((((-(x) * (x * _a1_)) * _a0_) * x) + x) + pow2((_a1_ * -((x + _a4_))))) / _a5_);{'d0': {'_a0_': -1.746255286687468, '_a1_': 1.089418128545053, '_a4_': 3.2873260636094625e-05, '_a5_': 0.5633809265804386, '_a2_': 1.0, '_a3_': 1.0, '_a6_': 1.0, '_a7_': 1.0}};{'d0': 0.024905833015140655};-276.475521656215;59.00534198029894
2694;-79.2324188478087;((((((-(x) * (x * _a1_)) * _a0_) * x) + x) + pow2((_a1_ * -((x + _a4_))))) / _a5_);{'d0': {'_a0_': -1.746255286687468, '_a1_': 1.089418128545053, '_a4_': 3.2873260636094625e-05, '_a5_': 0.5633809265804386, '_a2_': 1.0, '_a3_': 1.0, '_a6_': 1.0, '_a7_': 1.0}};{'d0': 0.024905833015140655};-276.475521656215;59.00534198029894
2695;-79.2324188478087;((((((-(x) * (x * _a1_)) * _a0_) * x) + x) + pow2((_a1_ * -((x + _a4_))))) / _a5_);{'d0': {'_a0_': -1.746255286687468, '_a1_': 1.089418128545053, '_a4_': 3.2873260636094625e-05, '_a5_': 0.5633809265804386, '_a2_': 1.0, '_a3_': 1.0, '_a6_': 1.0, '_a7_': 1.0}};{'d0': 0.024905833015140655};-276.475521656215;59.00534198029894
2696;-79.2324188478087;((((((-(x) * (x * _a1_)) * _a0_) * x) + x) + pow2((_a1_ * -((x + _a4_))))) / _a5_);{'d0': {'_a0_': -1.746255286687468, '_a1_': 1.089418128545053, '_a4_': 3.2873260636094625e-05, '_a5_': 0.5633809265804386, '_a2_': 1.0, '_a3_': 1.0, '_a6_': 1.0, '_a7_': 1.0}};{'d0': 0.024905833015140655};-276.475521656215;59.00534198029894
2697;-67.0002283860596;((cos(((x + (_a3_ + _a5_)) + _a3_)) * (-(fac(_a7_)) * _a6_)) + (_a2_ + (_a2_ + (_a7_ * x))));{'d0': {'_a2_': 2.161105355652145, '_a3_': 6713.291473380437, '_a5_': -13427.94598994267, '_a6_': 7.574924574383719e-21, '_a7_': 22.28886918735407, '_a0_': 1.0, '_a1_': 1.0, '_a4_': 1.0}};{'d0': 0.025805100789280527};-270.252968470518;68.12625584919938
2698;-67.0002283860596;((cos(((x + (_a3_ + _a5_)) + _a3_)) * (-(fac(_a7_)) * _a6_)) + (_a2_ + (_a2_ + (_a7_ * x))));{'d0': {'_a2_': 2.161105355652145, '_a3_': 6713.291473380437, '_a5_': -13427.94598994267, '_a6_': 7.574924574383719e-21, '_a7_': 22.28886918735407, '_a0_': 1.0, '_a1_': 1.0, '_a4_': 1.0}};{'d0': 0.025805100789280527};-270.252968470518;68.12625584919938
2699;-67.0002283860596;((cos(((x + (_a3_ + _a5_)) + _a3_)) * (-(fac(_a7_)) * _a6_)) + (_a2_ + (_a2_ + (_a7_ * x))));{'d0': {'_a2_': 2.161105355652145, '_a3_': 6713.291473380437, '_a5_': -13427.94598994267, '_a6_': 7.574924574383719e-21, '_a7_': 22.28886918735407, '_a0_': 1.0, '_a1_': 1.0, '_a4_': 1.0}};{'d0': 0.025805100789280527};-270.252968470518;68.12625584919938
2700;-67.0002283860596;((cos(((x + (_a3_ + _a5_)) + _a3_)) * (-(fac(_a7_)) * _a6_)) + (_a2_ + (_a2_ + (_a7_ * x))));{'d0': {'_a2_': 2.161105355652145, '_a3_': 6713.291473380437, '_a5_': -13427.94598994267, '_a6_': 7.574924574383719e-21, '_a7_': 22.28886918735407, '_a0_': 1.0, '_a1_': 1.0, '_a4_': 1.0}};{'d0': 0.025805100789280527};-270.252968470518;68.12625584919938
2701;-67.0002283860596;((cos(((x + (_a3_ + _a5_)) + _a3_)) * (-(fac(_a7_)) * _a6_)) + (_a2_ + (_a2_ + (_a7_ * x))));{'d0': {'_a2_': 2.161105355652145, '_a3_': 6713.291473380437, '_a5_': -13427.94598994267, '_a6_': 7.574924574383719e-21, '_a7_': 22.28886918735407, '_a0_': 1.0, '_a1_': 1.0, '_a4_': 1.0}};{'d0': 0.025805100789280527};-270.252968470518;68.12625584919938
2702;-67.0002283860596;((cos(((x + (_a3_ + _a5_)) + _a3_)) * (-(fac(_a7_)) * _a6_)) + (_a2_ + (_a2_ + (_a7_ * x))));{'d0': {'_a2_': 2.161105355652145, '_a3_': 6713.291473380437, '_a5_': -13427.94598994267, '_a6_': 7.574924574383719e-21, '_a7_': 22.28886918735407, '_a0_': 1.0, '_a1_': 1.0, '_a4_': 1.0}};{'d0': 0.025805100789280527};-270.252968470518;68.12625584919938
2703;-67.0002283860596;((cos(((x + (_a3_ + _a5_)) + _a3_)) * (-(fac(_a7_)) * _a6_)) + (_a2_ + (_a2_ + (_a7_ * x))));{'d0': {'_a2_': 2.161105355652145, '_a3_': 6713.291473380437, '_a5_': -13427.94598994267, '_a6_': 7.574924574383719e-21, '_a7_': 22.28886918735407, '_a0_': 1.0, '_a1_': 1.0, '_a4_': 1.0}};{'d0': 0.025805100789280527};-270.252968470518;68.12625584919938
2704;-67.0002283860596;((cos(((x + (_a3_ + _a5_)) + _a3_)) * (-(fac(_a7_)) * _a6_)) + (_a2_ + (_a2_ + (_a7_ * x))));{'d0': {'_a2_': 2.161105355652145, '_a3_': 6713.291473380437, '_a5_': -13427.94598994267, '_a6_': 7.574924574383719e-21, '_a7_': 22.28886918735407, '_a0_': 1.0, '_a1_': 1.0, '_a4_': 1.0}};{'d0': 0.025805100789280527};-270.252968470518;68.12625584919938
2705;-67.0002283860596;((cos(((x + (_a3_ + _a5_)) + _a3_)) * (-(fac(_a7_)) * _a6_)) + (_a2_ + (_a2_ + (_a7_ * x))));{'d0': {'_a2_': 2.161105355652145, '_a3_': 6713.291473380437, '_a5_': -13427.94598994267, '_a6_': 7.574924574383719e-21, '_a7_': 22.28886918735407, '_a0_': 1.0, '_a1_': 1.0, '_a4_': 1.0}};{'d0': 0.025805100789280527};-270.252968470518;68.12625584919938
2706;-67.0002283860596;((cos(((x + (_a3_ + _a5_)) + _a3_)) * (-(fac(_a7_)) * _a6_)) + (_a2_ + (_a2_ + (_a7_ * x))));{'d0': {'_a2_': 2.161105355652145, '_a3_': 6713.291473380437, '_a5_': -13427.94598994267, '_a6_': 7.574924574383719e-21, '_a7_': 22.28886918735407, '_a0_': 1.0, '_a1_': 1.0, '_a4_': 1.0}};{'d0': 0.025805100789280527};-270.252968470518;68.12625584919938
2707;-67.0002283860596;((cos(((x + (_a3_ + _a5_)) + _a3_)) * (-(fac(_a7_)) * _a6_)) + (_a2_ + (_a2_ + (_a7_ * x))));{'d0': {'_a2_': 2.161105355652145, '_a3_': 6713.291473380437, '_a5_': -13427.94598994267, '_a6_': 7.574924574383719e-21, '_a7_': 22.28886918735407, '_a0_': 1.0, '_a1_': 1.0, '_a4_': 1.0}};{'d0': 0.025805100789280527};-270.252968470518;68.12625584919938
2708;-67.0002283860596;((cos(((x + (_a3_ + _a5_)) + _a3_)) * (-(fac(_a7_)) * _a6_)) + (_a2_ + (_a2_ + (_a7_ * x))));{'d0': {'_a2_': 2.161105355652145, '_a3_': 6713.291473380437, '_a5_': -13427.94598994267, '_a6_': 7.574924574383719e-21, '_a7_': 22.28886918735407, '_a0_': 1.0, '_a1_': 1.0, '_a4_': 1.0}};{'d0': 0.025805100789280527};-270.252968470518;68.12625584919938
2709;-67.0002283860596;((cos(((x + (_a3_ + _a5_)) + _a3_)) * (-(fac(_a7_)) * _a6_)) + (_a2_ + (_a2_ + (_a7_ * x))));{'d0': {'_a2_': 2.161105355652145, '_a3_': 6713.291473380437, '_a5_': -13427.94598994267, '_a6_': 7.574924574383719e-21, '_a7_': 22.28886918735407, '_a0_': 1.0, '_a1_': 1.0, '_a4_': 1.0}};{'d0': 0.025805100789280527};-270.252968470518;68.12625584919938
2710;-67.0002283860596;((cos(((x + (_a3_ + _a5_)) + _a3_)) * (-(fac(_a7_)) * _a6_)) + (_a2_ + (_a2_ + (_a7_ * x))));{'d0': {'_a2_': 2.161105355652145, '_a3_': 6713.291473380437, '_a5_': -13427.94598994267, '_a6_': 7.574924574383719e-21, '_a7_': 22.28886918735407, '_a0_': 1.0, '_a1_': 1.0, '_a4_': 1.0}};{'d0': 0.025805100789280527};-270.252968470518;68.12625584919938
2711;-67.0002283860596;((cos(((x + (_a3_ + _a5_)) + _a3_)) * (-(fac(_a7_)) * _a6_)) + (_a2_ + (_a2_ + (_a7_ * x))));{'d0': {'_a2_': 2.161105355652145, '_a3_': 6713.291473380437, '_a5_': -13427.94598994267, '_a6_': 7.574924574383719e-21, '_a7_': 22.28886918735407, '_a0_': 1.0, '_a1_': 1.0, '_a4_': 1.0}};{'d0': 0.025805100789280527};-270.252968470518;68.12625584919938
2712;-67.0002283860596;((cos(((x + (_a3_ + _a5_)) + _a3_)) * (-(fac(_a7_)) * _a6_)) + (_a2_ + (_a2_ + (_a7_ * x))));{'d0': {'_a2_': 2.161105355652145, '_a3_': 6713.291473380437, '_a5_': -13427.94598994267, '_a6_': 7.574924574383719e-21, '_a7_': 22.28886918735407, '_a0_': 1.0, '_a1_': 1.0, '_a4_': 1.0}};{'d0': 0.025805100789280527};-270.252968470518;68.12625584919938
2713;-67.0002283860596;((cos(((x + (_a3_ + _a5_)) + _a3_)) * (-(fac(_a7_)) * _a6_)) + (_a2_ + (_a2_ + (_a7_ * x))));{'d0': {'_a2_': 2.161105355652145, '_a3_': 6713.291473380437, '_a5_': -13427.94598994267, '_a6_': 7.574924574383719e-21, '_a7_': 22.28886918735407, '_a0_': 1.0, '_a1_': 1.0, '_a4_': 1.0}};{'d0': 0.025805100789280527};-270.252968470518;68.12625584919938
2714;-67.0002283860596;((cos(((x + (_a3_ + _a5_)) + _a3_)) * (-(fac(_a7_)) * _a6_)) + (_a2_ + (_a2_ + (_a7_ * x))));{'d0': {'_a2_': 2.161105355652145, '_a3_': 6713.291473380437, '_a5_': -13427.94598994267, '_a6_': 7.574924574383719e-21, '_a7_': 22.28886918735407, '_a0_': 1.0, '_a1_': 1.0, '_a4_': 1.0}};{'d0': 0.025805100789280527};-270.252968470518;68.12625584919938
2715;-67.0002283860596;((cos(((x + (_a3_ + _a5_)) + _a3_)) * (-(fac(_a7_)) * _a6_)) + (_a2_ + (_a2_ + (_a7_ * x))));{'d0': {'_a2_': 2.161105355652145, '_a3_': 6713.291473380437, '_a5_': -13427.94598994267, '_a6_': 7.574924574383719e-21, '_a7_': 22.28886918735407, '_a0_': 1.0, '_a1_': 1.0, '_a4_': 1.0}};{'d0': 0.025805100789280527};-270.252968470518;68.12625584919938
2716;-67.0002283860596;((cos(((x + (_a3_ + _a5_)) + _a3_)) * (-(fac(_a7_)) * _a6_)) + (_a2_ + (_a2_ + (_a7_ * x))));{'d0': {'_a2_': 2.161105355652145, '_a3_': 6713.291473380437, '_a5_': -13427.94598994267, '_a6_': 7.574924574383719e-21, '_a7_': 22.28886918735407, '_a0_': 1.0, '_a1_': 1.0, '_a4_': 1.0}};{'d0': 0.025805100789280527};-270.252968470518;68.12625584919938
2717;-76.4337176166124;(((((_a1_ * ((_a4_ * _a1_) + x)) * (x / _a2_)) * (_a1_ / ((_a4_ * _a5_) * _a1_))) + -(_a4_)) * x);{'d0': {'_a1_': -0.35144328369536876, '_a2_': -0.6012538692945193, '_a4_': -1.7751354043901577, '_a5_': -0.0975135699795749, '_a0_': 1.0, '_a3_': 1.0, '_a6_': 1.0, '_a7_': 1.0}};{'d0': 0.024905832932474968};-276.475521855363;61.80404331106901
2718;-67.0002283860596;((cos(((x + (_a3_ + _a5_)) + _a3_)) * (-(fac(_a7_)) * _a6_)) + (_a2_ + (_a2_ + (_a7_ * x))));{'d0': {'_a2_': 2.161105355652145, '_a3_': 6713.291473380437, '_a5_': -13427.94598994267, '_a6_': 7.574924574383719e-21, '_a7_': 22.28886918735407, '_a0_': 1.0, '_a1_': 1.0, '_a4_': 1.0}};{'d0': 0.025805100789280527};-270.252968470518;68.12625584919938
2719;-67.0002283860596;((cos(((x + (_a3_ + _a5_)) + _a3_)) * (-(fac(_a7_)) * _a6_)) + (_a2_ + (_a2_ + (_a7_ * x))));{'d0': {'_a2_': 2.161105355652145, '_a3_': 6713.291473380437, '_a5_': -13427.94598994267, '_a6_': 7.574924574383719e-21, '_a7_': 22.28886918735407, '_a0_': 1.0, '_a1_': 1.0, '_a4_': 1.0}};{'d0': 0.025805100789280527};-270.252968470518;68.12625584919938
2720;-74.5760638964120;(((((_a1_ * (abs(_a2_) + x)) * (x / _a2_)) * (_a1_ / ((_a4_ * _a5_) * _a1_))) + -(_a4_)) * x);{'d0': {'_a1_': -172.18217268752312, '_a2_': -0.6238594154479504, '_a4_': -1.7751354038983447, '_a5_': -46.04364141507655, '_a0_': 1.0, '_a3_': 1.0, '_a6_': 1.0, '_a7_': 1.0}};{'d0': 0.0249058329194189};-276.475521886816;63.66169704699601
2721;-74.5760638964120;(((((_a1_ * (abs(_a2_) + x)) * (x / _a2_)) * (_a1_ / ((_a4_ * _a5_) * _a1_))) + -(_a4_)) * x);{'d0': {'_a1_': -172.18217268752312, '_a2_': -0.6238594154479504, '_a4_': -1.7751354038983447, '_a5_': -46.04364141507655, '_a0_': 1.0, '_a3_': 1.0, '_a6_': 1.0, '_a7_': 1.0}};{'d0': 0.0249058329194189};-276.475521886816;63.66169704699601
2722;-79.6701183928247;(((((_a1_ * (abs(_a2_) + x)) * (x / _a2_)) * (_a1_ / (_a5_ * _a1_))) + -(_a4_)) * x);{'d0': {'_a1_': 124275.5451003161, '_a2_': -0.6238594142677156, '_a4_': -1.7751354010293174, '_a5_': -58992.77209879623, '_a0_': 1.0, '_a3_': 1.0, '_a6_': 1.0, '_a7_': 1.0}};{'d0': 0.02490583292082051};-276.475521883439;58.56764254889501
2723;-79.6701183928247;(((((_a1_ * (abs(_a2_) + x)) * (x / _a2_)) * (_a1_ / (_a5_ * _a1_))) + -(_a4_)) * x);{'d0': {'_a1_': 124275.5451003161, '_a2_': -0.6238594142677156, '_a4_': -1.7751354010293174, '_a5_': -58992.77209879623, '_a0_': 1.0, '_a3_': 1.0, '_a6_': 1.0, '_a7_': 1.0}};{'d0': 0.02490583292082051};-276.475521883439;58.56764254889501
2724;-79.6701183928247;(((((_a1_ * (abs(_a2_) + x)) * (x / _a2_)) * (_a1_ / (_a5_ * _a1_))) + -(_a4_)) * x);{'d0': {'_a1_': 124275.5451003161, '_a2_': -0.6238594142677156, '_a4_': -1.7751354010293174, '_a5_': -58992.77209879623, '_a0_': 1.0, '_a3_': 1.0, '_a6_': 1.0, '_a7_': 1.0}};{'d0': 0.02490583292082051};-276.475521883439;58.56764254889501
2725;-79.6701183928247;(((((_a1_ * (abs(_a2_) + x)) * (x / _a2_)) * (_a1_ / (_a5_ * _a1_))) + -(_a4_)) * x);{'d0': {'_a1_': 124275.5451003161, '_a2_': -0.6238594142677156, '_a4_': -1.7751354010293174, '_a5_': -58992.77209879623, '_a0_': 1.0, '_a3_': 1.0, '_a6_': 1.0, '_a7_': 1.0}};{'d0': 0.02490583292082051};-276.475521883439;58.56764254889501
2726;-79.6701183928247;(((((_a1_ * (abs(_a2_) + x)) * (x / _a2_)) * (_a1_ / (_a5_ * _a1_))) + -(_a4_)) * x);{'d0': {'_a1_': 124275.5451003161, '_a2_': -0.6238594142677156, '_a4_': -1.7751354010293174, '_a5_': -58992.77209879623, '_a0_': 1.0, '_a3_': 1.0, '_a6_': 1.0, '_a7_': 1.0}};{'d0': 0.02490583292082051};-276.475521883439;58.56764254889501
2727;-86.7389878861983;(((((_a1_ * (abs(_a2_) + x)) * (x / _a2_)) * (_a1_ / _a4_)) + -(_a4_)) * x);{'d0': {'_a1_': 1.9337901112061633, '_a2_': -0.6238594156722922, '_a4_': -1.7751354046564818, '_a0_': 1.0, '_a3_': 1.0, '_a5_': 1.0, '_a6_': 1.0, '_a7_': 1.0}};{'d0': 0.024905832920419046};-280.569866446629;53.54594533711601
2728;-86.7389878861983;(((((_a1_ * (abs(_a2_) + x)) * (x / _a2_)) * (_a1_ / _a4_)) + -(_a4_)) * x);{'d0': {'_a1_': 1.9337901112061633, '_a2_': -0.6238594156722922, '_a4_': -1.7751354046564818, '_a0_': 1.0, '_a3_': 1.0, '_a5_': 1.0, '_a6_': 1.0, '_a7_': 1.0}};{'d0': 0.024905832920419046};-280.569866446629;53.54594533711601
2729;-86.7389878861983;(((((_a1_ * (abs(_a2_) + x)) * (x / _a2_)) * (_a1_ / _a4_)) + -(_a4_)) * x);{'d0': {'_a1_': 1.9337901112061633, '_a2_': -0.6238594156722922, '_a4_': -1.7751354046564818, '_a0_': 1.0, '_a3_': 1.0, '_a5_': 1.0, '_a6_': 1.0, '_a7_': 1.0}};{'d0': 0.024905832920419046};-280.569866446629;53.54594533711601
2730;-86.7389878861983;(((((_a1_ * (abs(_a2_) + x)) * (x / _a2_)) * (_a1_ / _a4_)) + -(_a4_)) * x);{'d0': {'_a1_': 1.9337901112061633, '_a2_': -0.6238594156722922, '_a4_': -1.7751354046564818, '_a0_': 1.0, '_a3_': 1.0, '_a5_': 1.0, '_a6_': 1.0, '_a7_': 1.0}};{'d0': 0.024905832920419046};-280.569866446629;53.54594533711601
2731;-86.7389878861983;(((((_a1_ * (abs(_a2_) + x)) * (x / _a2_)) * (_a1_ / _a4_)) + -(_a4_)) * x);{'d0': {'_a1_': 1.9337901112061633, '_a2_': -0.6238594156722922, '_a4_': -1.7751354046564818, '_a0_': 1.0, '_a3_': 1.0, '_a5_': 1.0, '_a6_': 1.0, '_a7_': 1.0}};{'d0': 0.024905832920419046};-280.569866446629;53.54594533711601
2732;-86.7389878861983;(((((_a1_ * (abs(_a2_) + x)) * (x / _a2_)) * (_a1_ / _a4_)) + -(_a4_)) * x);{'d0': {'_a1_': 1.9337901112061633, '_a2_': -0.6238594156722922, '_a4_': -1.7751354046564818, '_a0_': 1.0, '_a3_': 1.0, '_a5_': 1.0, '_a6_': 1.0, '_a7_': 1.0}};{'d0': 0.024905832920419046};-280.569866446629;53.54594533711601
2733;-86.7389878861983;(((((_a1_ * (abs(_a2_) + x)) * (x / _a2_)) * (_a1_ / _a4_)) + -(_a4_)) * x);{'d0': {'_a1_': 1.9337901112061633, '_a2_': -0.6238594156722922, '_a4_': -1.7751354046564818, '_a0_': 1.0, '_a3_': 1.0, '_a5_': 1.0, '_a6_': 1.0, '_a7_': 1.0}};{'d0': 0.024905832920419046};-280.569866446629;53.54594533711601
2734;-91.7158811250659;(((((_a1_ * (_a0_ + x)) * (x / _a2_)) * (_a1_ / _a4_)) + -(_a4_)) * x);{'d0': {'_a0_': 0.623859415641714, '_a1_': 6.8667567023628795, '_a2_': -7.866315549973109, '_a4_': -1.7751354046486028, '_a3_': 1.0, '_a5_': 1.0, '_a6_': 1.0, '_a7_': 1.0}};{'d0': 0.02490583292072735};-276.475521883664;46.52187981676601
2735;-91.7158811250659;(((((_a1_ * (_a0_ + x)) * (x / _a2_)) * (_a1_ / _a4_)) + -(_a4_)) * x);{'d0': {'_a0_': 0.623859415641714, '_a1_': 6.8667567023628795, '_a2_': -7.866315549973109, '_a4_': -1.7751354046486028, '_a3_': 1.0, '_a5_': 1.0, '_a6_': 1.0, '_a7_': 1.0}};{'d0': 0.02490583292072735};-276.475521883664;46.52187981676601
2736;-91.7158811250659;(((((_a1_ * (_a0_ + x)) * (x / _a2_)) * (_a1_ / _a4_)) + -(_a4_)) * x);{'d0': {'_a0_': 0.623859415641714, '_a1_': 6.8667567023628795, '_a2_': -7.866315549973109, '_a4_': -1.7751354046486028, '_a3_': 1.0, '_a5_': 1.0, '_a6_': 1.0, '_a7_': 1.0}};{'d0': 0.02490583292072735};-276.475521883664;46.52187981676601
2737;-91.6325028778080;(((((_a1_ * (_a0_ + x)) * (x / _a2_)) * (_a1_ + _a4_)) + -(_a4_)) * x);{'d0': {'_a0_': 0.6238594155046218, '_a1_': -3.381242620528859, '_a2_': 5.163217383886487, '_a4_': -1.7751354041494183, '_a3_': 1.0, '_a5_': 1.0, '_a6_': 1.0, '_a7_': 1.0}};{'d0': 0.024905832926019937};-276.475521870914;46.60525805764881
2738;-91.6325028778080;(((((_a1_ * (_a0_ + x)) * (x / _a2_)) * (_a1_ + _a4_)) + -(_a4_)) * x);{'d0': {'_a0_': 0.6238594155046218, '_a1_': -3.381242620528859, '_a2_': 5.163217383886487, '_a4_': -1.7751354041494183, '_a3_': 1.0, '_a5_': 1.0, '_a6_': 1.0, '_a7_': 1.0}};{'d0': 0.024905832926019937};-276.475521870914;46.60525805764881
2739;-91.6325028778080;(((((_a1_ * (_a0_ + x)) * (x / _a2_)) * (_a1_ + _a4_)) + -(_a4_)) * x);{'d0': {'_a0_': 0.6238594155046218, '_a1_': -3.381242620528859, '_a2_': 5.163217383886487, '_a4_': -1.7751354041494183, '_a3_': 1.0, '_a5_': 1.0, '_a6_': 1.0, '_a7_': 1.0}};{'d0': 0.024905832926019937};-276.475521870914;46.60525805764881
2740;-91.6325028778080;(((((_a1_ * (_a0_ + x)) * (x / _a2_)) * (_a1_ + _a4_)) + -(_a4_)) * x);{'d0': {'_a0_': 0.6238594155046218, '_a1_': -3.381242620528859, '_a2_': 5.163217383886487, '_a4_': -1.7751354041494183, '_a3_': 1.0, '_a5_': 1.0, '_a6_': 1.0, '_a7_': 1.0}};{'d0': 0.024905832926019937};-276.475521870914;46.60525805764881
2741;-93.6796751668729;(((((_a1_ * (_a0_ + x)) * (x / _a1_)) * (_a1_ + _a4_)) + -(_a4_)) * x);{'d0': {'_a0_': 0.6238594154780859, '_a1_': 5.151896282433101, '_a4_': -1.7751354041259888, '_a2_': 1.0, '_a3_': 1.0, '_a5_': 1.0, '_a6_': 1.0, '_a7_': 1.0}};{'d0': 0.024905832919416646};-280.569866449044;46.60525805764881
2742;-93.6796751668729;(((((_a1_ * (_a0_ + x)) * (x / _a1_)) * (_a1_ + _a4_)) + -(_a4_)) * x);{'d0': {'_a0_': 0.6238594154780859, '_a1_': 5.151896282433101, '_a4_': -1.7751354041259888, '_a2_': 1.0, '_a3_': 1.0, '_a5_': 1.0, '_a6_': 1.0, '_a7_': 1.0}};{'d0': 0.024905832919416646};-280.569866449044;46.60525805764881
2743;-93.6796751668729;(((((_a1_ * (_a0_ + x)) * (x / _a1_)) * (_a1_ + _a4_)) + -(_a4_)) * x);{'d0': {'_a0_': 0.6238594154780859, '_a1_': 5.151896282433101, '_a4_': -1.7751354041259888, '_a2_': 1.0, '_a3_': 1.0, '_a5_': 1.0, '_a6_': 1.0, '_a7_': 1.0}};{'d0': 0.024905832919416646};-280.569866449044;46.60525805764881
2744;-93.6796751668729;(((((_a1_ * (_a0_ + x)) * (x / _a1_)) * (_a1_ + _a4_)) + -(_a4_)) * x);{'d0': {'_a0_': 0.6238594154780859, '_a1_': 5.151896282433101, '_a4_': -1.7751354041259888, '_a2_': 1.0, '_a3_': 1.0, '_a5_': 1.0, '_a6_': 1.0, '_a7_': 1.0}};{'d0': 0.024905832919416646};-280.569866449044;46.60525805764881
2745;-93.6796751668729;(((((_a1_ * (_a0_ + x)) * (x / _a1_)) * (_a1_ + _a4_)) + -(_a4_)) * x);{'d0': {'_a0_': 0.6238594154780859, '_a1_': 5.151896282433101, '_a4_': -1.7751354041259888, '_a2_': 1.0, '_a3_': 1.0, '_a5_': 1.0, '_a6_': 1.0, '_a7_': 1.0}};{'d0': 0.024905832919416646};-280.569866449044;46.60525805764881
2746;-93.6796751668729;(((((_a1_ * (_a0_ + x)) * (x / _a1_)) * (_a1_ + _a4_)) + -(_a4_)) * x);{'d0': {'_a0_': 0.6238594154780859, '_a1_': 5.151896282433101, '_a4_': -1.7751354041259888, '_a2_': 1.0, '_a3_': 1.0, '_a5_': 1.0, '_a6_': 1.0, '_a7_': 1.0}};{'d0': 0.024905832919416646};-280.569866449044;46.60525805764881
2747;-93.6796751668729;(((((_a1_ * (_a0_ + x)) * (x / _a1_)) * (_a1_ + _a4_)) + -(_a4_)) * x);{'d0': {'_a0_': 0.6238594154780859, '_a1_': 5.151896282433101, '_a4_': -1.7751354041259888, '_a2_': 1.0, '_a3_': 1.0, '_a5_': 1.0, '_a6_': 1.0, '_a7_': 1.0}};{'d0': 0.024905832919416646};-280.569866449044;46.60525805764881
2748;-93.6796751668729;(((((_a1_ * (_a0_ + x)) * (x / _a1_)) * (_a1_ + _a4_)) + -(_a4_)) * x);{'d0': {'_a0_': 0.6238594154780859, '_a1_': 5.151896282433101, '_a4_': -1.7751354041259888, '_a2_': 1.0, '_a3_': 1.0, '_a5_': 1.0, '_a6_': 1.0, '_a7_': 1.0}};{'d0': 0.024905832919416646};-280.569866449044;46.60525805764881
2749;-93.6796751668729;(((((_a1_ * (_a0_ + x)) * (x / _a1_)) * (_a1_ + _a4_)) + -(_a4_)) * x);{'d0': {'_a0_': 0.6238594154780859, '_a1_': 5.151896282433101, '_a4_': -1.7751354041259888, '_a2_': 1.0, '_a3_': 1.0, '_a5_': 1.0, '_a6_': 1.0, '_a7_': 1.0}};{'d0': 0.024905832919416646};-280.569866449044;46.60525805764881
2750;-93.6796751668729;(((((_a1_ * (_a0_ + x)) * (x / _a1_)) * (_a1_ + _a4_)) + -(_a4_)) * x);{'d0': {'_a0_': 0.6238594154780859, '_a1_': 5.151896282433101, '_a4_': -1.7751354041259888, '_a2_': 1.0, '_a3_': 1.0, '_a5_': 1.0, '_a6_': 1.0, '_a7_': 1.0}};{'d0': 0.024905832919416646};-280.569866449044;46.60525805764881
2751;-93.6796751668729;(((((_a1_ * (_a0_ + x)) * (x / _a1_)) * (_a1_ + _a4_)) + -(_a4_)) * x);{'d0': {'_a0_': 0.6238594154780859, '_a1_': 5.151896282433101, '_a4_': -1.7751354041259888, '_a2_': 1.0, '_a3_': 1.0, '_a5_': 1.0, '_a6_': 1.0, '_a7_': 1.0}};{'d0': 0.024905832919416646};-280.569866449044;46.60525805764881
2752;-93.6796751668729;(((((_a1_ * (_a0_ + x)) * (x / _a1_)) * (_a1_ + _a4_)) + -(_a4_)) * x);{'d0': {'_a0_': 0.6238594154780859, '_a1_': 5.151896282433101, '_a4_': -1.7751354041259888, '_a2_': 1.0, '_a3_': 1.0, '_a5_': 1.0, '_a6_': 1.0, '_a7_': 1.0}};{'d0': 0.024905832919416646};-280.569866449044;46.60525805764881
2753;-92.7917922841827;(((((_a1_ * (_a0_ + x)) * (x / _a1_)) / (_a1_ + _a4_)) + -(_a4_)) * x);{'d0': {'_a0_': 0.6238594155540265, '_a1_': 2.07127719075224, '_a4_': -1.7751354040496634, '_a2_': 1.0, '_a3_': 1.0, '_a5_': 1.0, '_a6_': 1.0, '_a7_': 1.0}};{'d0': 0.024905832919416667};-280.569866449044;47.49314094033901
2754;-92.7917922841827;(((((_a1_ * (_a0_ + x)) * (x / _a1_)) / (_a1_ + _a4_)) + -(_a4_)) * x);{'d0': {'_a0_': 0.6238594155540265, '_a1_': 2.07127719075224, '_a4_': -1.7751354040496634, '_a2_': 1.0, '_a3_': 1.0, '_a5_': 1.0, '_a6_': 1.0, '_a7_': 1.0}};{'d0': 0.024905832919416667};-280.569866449044;47.49314094033901
2755;-92.7917922841827;(((((_a1_ * (_a0_ + x)) * (x / _a1_)) / (_a1_ + _a4_)) + -(_a4_)) * x);{'d0': {'_a0_': 0.6238594155540265, '_a1_': 2.07127719075224, '_a4_': -1.7751354040496634, '_a2_': 1.0, '_a3_': 1.0, '_a5_': 1.0, '_a6_': 1.0, '_a7_': 1.0}};{'d0': 0.024905832919416667};-280.569866449044;47.49314094033901
2756;-92.7917922841827;(((((_a1_ * (_a0_ + x)) * (x / _a1_)) / (_a1_ + _a4_)) + -(_a4_)) * x);{'d0': {'_a0_': 0.6238594155540265, '_a1_': 2.07127719075224, '_a4_': -1.7751354040496634, '_a2_': 1.0, '_a3_': 1.0, '_a5_': 1.0, '_a6_': 1.0, '_a7_': 1.0}};{'d0': 0.024905832919416667};-280.569866449044;47.49314094033901
2757;-96.6652210521016;(((((_a1_ * (_a0_ + x)) * (x / _a1_)) / _a6_) + -(_a4_)) * x);{'d0': {'_a0_': 0.6238594157062798, '_a4_': -1.775135404827659, '_a6_': 0.2961417869016495, '_a1_': 1.0, '_a2_': 1.0, '_a3_': 1.0, '_a5_': 1.0, '_a7_': 1.0}};{'d0': 0.02490583291941668};-276.475521886821;41.57253989130901
2758;-96.6652210521016;(((((_a1_ * (_a0_ + x)) * (x / _a1_)) / _a6_) + -(_a4_)) * x);{'d0': {'_a0_': 0.6238594157062798, '_a4_': -1.775135404827659, '_a6_': 0.2961417869016495, '_a1_': 1.0, '_a2_': 1.0, '_a3_': 1.0, '_a5_': 1.0, '_a7_': 1.0}};{'d0': 0.02490583291941668};-276.475521886821;41.57253989130901
2759;-96.6652210521016;(((((_a1_ * (_a0_ + x)) * (x / _a1_)) / _a6_) + -(_a4_)) * x);{'d0': {'_a0_': 0.6238594157062798, '_a4_': -1.775135404827659, '_a6_': 0.2961417869016495, '_a1_': 1.0, '_a2_': 1.0, '_a3_': 1.0, '_a5_': 1.0, '_a7_': 1.0}};{'d0': 0.02490583291941668};-276.475521886821;41.57253989130901
2760;-96.6652210521016;(((((_a1_ * (_a0_ + x)) * (x / _a1_)) / _a6_) + -(_a4_)) * x);{'d0': {'_a0_': 0.6238594157062798, '_a4_': -1.775135404827659, '_a6_': 0.2961417869016495, '_a1_': 1.0, '_a2_': 1.0, '_a3_': 1.0, '_a5_': 1.0, '_a7_': 1.0}};{'d0': 0.02490583291941668};-276.475521886821;41.57253989130901
2761;-96.6652210521016;(((((_a1_ * (_a0_ + x)) * (x / _a1_)) / _a6_) + -(_a4_)) * x);{'d0': {'_a0_': 0.6238594157062798, '_a4_': -1.775135404827659, '_a6_': 0.2961417869016495, '_a1_': 1.0, '_a2_': 1.0, '_a3_': 1.0, '_a5_': 1.0, '_a7_': 1.0}};{'d0': 0.02490583291941668};-276.475521886821;41.57253989130901
2762;-96.6652210521016;(((((_a1_ * (_a0_ + x)) * (x / _a1_)) / _a6_) + -(_a4_)) * x);{'d0': {'_a0_': 0.6238594157062798, '_a4_': -1.775135404827659, '_a6_': 0.2961417869016495, '_a1_': 1.0, '_a2_': 1.0, '_a3_': 1.0, '_a5_': 1.0, '_a7_': 1.0}};{'d0': 0.02490583291941668};-276.475521886821;41.57253989130901
2763;-96.6652210521016;(((((_a1_ * (_a0_ + x)) * (x / _a1_)) / _a6_) + -(_a4_)) * x);{'d0': {'_a0_': 0.6238594157062798, '_a4_': -1.775135404827659, '_a6_': 0.2961417869016495, '_a1_': 1.0, '_a2_': 1.0, '_a3_': 1.0, '_a5_': 1.0, '_a7_': 1.0}};{'d0': 0.02490583291941668};-276.475521886821;41.57253989130901
2764;-96.6652210521016;(((((_a1_ * (_a0_ + x)) * (x / _a1_)) / _a6_) + -(_a4_)) * x);{'d0': {'_a0_': 0.6238594157062798, '_a4_': -1.775135404827659, '_a6_': 0.2961417869016495, '_a1_': 1.0, '_a2_': 1.0, '_a3_': 1.0, '_a5_': 1.0, '_a7_': 1.0}};{'d0': 0.02490583291941668};-276.475521886821;41.57253989130901
2765;-97.5531039347918;(((((_a1_ * (_a0_ + x)) * (x * _a1_)) / _a6_) + -(_a4_)) * x);{'d0': {'_a0_': 0.6238594157062798, '_a1_': 1.0, '_a4_': -1.775135404827659, '_a6_': 0.2961417869016495, '_a2_': 1.0, '_a3_': 1.0, '_a5_': 1.0, '_a7_': 1.0}};{'d0': 0.02490583291941668};-276.475521886821;40.684657008618814
2766;-101.233051092392;(((((_a1_ * (_a0_ + x)) * (x * _a1_)) / _a6_) + _a3_) * x);{'d0': {'_a0_': 0.6238594155297826, '_a1_': 0.6257584501978155, '_a3_': 1.7751354042172698, '_a6_': 0.11596126035036779, '_a2_': 1.0, '_a4_': 1.0, '_a5_': 1.0, '_a7_': 1.0}};{'d0': 0.02490583292162554};-276.475521881500;37.004709848358424
2767;-101.233051092392;(((((_a1_ * (_a0_ + x)) * (x * _a1_)) / _a6_) + _a3_) * x);{'d0': {'_a0_': 0.6238594155297826, '_a1_': 0.6257584501978155, '_a3_': 1.7751354042172698, '_a6_': 0.11596126035036779, '_a2_': 1.0, '_a4_': 1.0, '_a5_': 1.0, '_a7_': 1.0}};{'d0': 0.02490583292162554};-276.475521881500;37.004709848358424
2768;-101.233051092392;(((((_a1_ * (_a0_ + x)) * (x * _a1_)) / _a6_) + _a3_) * x);{'d0': {'_a0_': 0.6238594155297826, '_a1_': 0.6257584501978155, '_a3_': 1.7751354042172698, '_a6_': 0.11596126035036779, '_a2_': 1.0, '_a4_': 1.0, '_a5_': 1.0, '_a7_': 1.0}};{'d0': 0.02490583292162554};-276.475521881500;37.004709848358424
2769;-101.233051092392;(((((_a1_ * (_a0_ + x)) * (x * _a1_)) / _a6_) + _a3_) * x);{'d0': {'_a0_': 0.6238594155297826, '_a1_': 0.6257584501978155, '_a3_': 1.7751354042172698, '_a6_': 0.11596126035036779, '_a2_': 1.0, '_a4_': 1.0, '_a5_': 1.0, '_a7_': 1.0}};{'d0': 0.02490583292162554};-276.475521881500;37.004709848358424
2770;-101.233051092392;(((((_a1_ * (_a0_ + x)) * (x * _a1_)) / _a6_) + _a3_) * x);{'d0': {'_a0_': 0.6238594155297826, '_a1_': 0.6257584501978155, '_a3_': 1.7751354042172698, '_a6_': 0.11596126035036779, '_a2_': 1.0, '_a4_': 1.0, '_a5_': 1.0, '_a7_': 1.0}};{'d0': 0.02490583292162554};-276.475521881500;37.004709848358424
2771;-101.233051092392;(((((_a1_ * (_a0_ + x)) * (x * _a1_)) / _a6_) + _a3_) * x);{'d0': {'_a0_': 0.6238594155297826, '_a1_': 0.6257584501978155, '_a3_': 1.7751354042172698, '_a6_': 0.11596126035036779, '_a2_': 1.0, '_a4_': 1.0, '_a5_': 1.0, '_a7_': 1.0}};{'d0': 0.02490583292162554};-276.475521881500;37.004709848358424
2772;-106.182391020273;(((((_a1_ * (_a0_ + x)) * x) / _a6_) + _a3_) * x);{'d0': {'_a0_': 0.6238594155192015, '_a1_': 24.624976769489088, '_a3_': 1.7751354042998138, '_a6_': 7.29248356211662, '_a2_': 1.0, '_a4_': 1.0, '_a5_': 1.0, '_a7_': 1.0}};{'d0': 0.024905832919612885};-276.475521886349;32.05536992290142
2773;-106.182391020273;(((((_a1_ * (_a0_ + x)) * x) / _a6_) + _a3_) * x);{'d0': {'_a0_': 0.6238594155192015, '_a1_': 24.624976769489088, '_a3_': 1.7751354042998138, '_a6_': 7.29248356211662, '_a2_': 1.0, '_a4_': 1.0, '_a5_': 1.0, '_a7_': 1.0}};{'d0': 0.024905832919612885};-276.475521886349;32.05536992290142
2774;-106.182391020273;(((((_a1_ * (_a0_ + x)) * x) / _a6_) + _a3_) * x);{'d0': {'_a0_': 0.6238594155192015, '_a1_': 24.624976769489088, '_a3_': 1.7751354042998138, '_a6_': 7.29248356211662, '_a2_': 1.0, '_a4_': 1.0, '_a5_': 1.0, '_a7_': 1.0}};{'d0': 0.024905832919612885};-276.475521886349;32.05536992290142
2775;-106.182391020273;(((((_a1_ * (_a0_ + x)) * x) / _a6_) + _a3_) * x);{'d0': {'_a0_': 0.6238594155192015, '_a1_': 24.624976769489088, '_a3_': 1.7751354042998138, '_a6_': 7.29248356211662, '_a2_': 1.0, '_a4_': 1.0, '_a5_': 1.0, '_a7_': 1.0}};{'d0': 0.024905832919612885};-276.475521886349;32.05536992290142
2776;-101.566014955520;(((((_a1_ * (_a0_ + x)) * x) / (_a1_ ** _a0_)) + _a3_) * x);{'d0': {'_a0_': 0.6238594146423198, '_a1_': 25.413271415746316, '_a3_': 1.7751354029847428, '_a2_': 1.0, '_a4_': 1.0, '_a5_': 1.0, '_a6_': 1.0, '_a7_': 1.0}};{'d0': 0.024905832919416667};-280.569866449044;38.71891826900142
2777;-101.566014955520;(((((_a1_ * (_a0_ + x)) * x) / (_a1_ ** _a0_)) + _a3_) * x);{'d0': {'_a0_': 0.6238594146423198, '_a1_': 25.413271415746316, '_a3_': 1.7751354029847428, '_a2_': 1.0, '_a4_': 1.0, '_a5_': 1.0, '_a6_': 1.0, '_a7_': 1.0}};{'d0': 0.024905832919416667};-280.569866449044;38.71891826900142
2778;-102.502443855702;(((((_a1_ * (_a0_ + x)) * x) / -(_a7_)) + _a3_) * x);{'d0': {'_a0_': 0.6238594158210858, '_a1_': -941.6671734398068, '_a3_': 1.7751354042679373, '_a7_': 278.867176623122, '_a2_': 1.0, '_a4_': 1.0, '_a5_': 1.0, '_a6_': 1.0}};{'d0': 0.024905832923191824};-276.475521877727;35.73531708316181
2779;-102.502443855702;(((((_a1_ * (_a0_ + x)) * x) / -(_a7_)) + _a3_) * x);{'d0': {'_a0_': 0.6238594158210858, '_a1_': -941.6671734398068, '_a3_': 1.7751354042679373, '_a7_': 278.867176623122, '_a2_': 1.0, '_a4_': 1.0, '_a5_': 1.0, '_a6_': 1.0}};{'d0': 0.024905832923191824};-276.475521877727;35.73531708316181
2780;-102.502443855702;(((((_a1_ * (_a0_ + x)) * x) / -(_a7_)) + _a3_) * x);{'d0': {'_a0_': 0.6238594158210858, '_a1_': -941.6671734398068, '_a3_': 1.7751354042679373, '_a7_': 278.867176623122, '_a2_': 1.0, '_a4_': 1.0, '_a5_': 1.0, '_a6_': 1.0}};{'d0': 0.024905832923191824};-276.475521877727;35.73531708316181
2781;-102.502443855702;(((((_a1_ * (_a0_ + x)) * x) / -(_a7_)) + _a3_) * x);{'d0': {'_a0_': 0.6238594158210858, '_a1_': -941.6671734398068, '_a3_': 1.7751354042679373, '_a7_': 278.867176623122, '_a2_': 1.0, '_a4_': 1.0, '_a5_': 1.0, '_a6_': 1.0}};{'d0': 0.024905832923191824};-276.475521877727;35.73531708316181
2782;-102.502443855702;(((((_a1_ * (_a0_ + x)) * x) / -(_a7_)) + _a3_) * x);{'d0': {'_a0_': 0.6238594158210858, '_a1_': -941.6671734398068, '_a3_': 1.7751354042679373, '_a7_': 278.867176623122, '_a2_': 1.0, '_a4_': 1.0, '_a5_': 1.0, '_a6_': 1.0}};{'d0': 0.024905832923191824};-276.475521877727;35.73531708316181
2783;-102.502443855702;(((((_a1_ * (_a0_ + x)) * x) / -(_a7_)) + _a3_) * x);{'d0': {'_a0_': 0.6238594158210858, '_a1_': -941.6671734398068, '_a3_': 1.7751354042679373, '_a7_': 278.867176623122, '_a2_': 1.0, '_a4_': 1.0, '_a5_': 1.0, '_a6_': 1.0}};{'d0': 0.024905832923191824};-276.475521877727;35.73531708316181
2784;-102.502443855702;(((((_a1_ * (_a0_ + x)) * x) / -(_a7_)) + _a3_) * x);{'d0': {'_a0_': 0.6238594158210858, '_a1_': -941.6671734398068, '_a3_': 1.7751354042679373, '_a7_': 278.867176623122, '_a2_': 1.0, '_a4_': 1.0, '_a5_': 1.0, '_a6_': 1.0}};{'d0': 0.024905832923191824};-276.475521877727;35.73531708316181
2785;-102.502443855702;(((((_a1_ * (_a0_ + x)) * x) / -(_a7_)) + _a3_) * x);{'d0': {'_a0_': 0.6238594158210858, '_a1_': -941.6671734398068, '_a3_': 1.7751354042679373, '_a7_': 278.867176623122, '_a2_': 1.0, '_a4_': 1.0, '_a5_': 1.0, '_a6_': 1.0}};{'d0': 0.024905832923191824};-276.475521877727;35.73531708316181
2786;-102.502443855702;(((((_a1_ * (_a0_ + x)) * x) / -(_a7_)) + _a3_) * x);{'d0': {'_a0_': 0.6238594158210858, '_a1_': -941.6671734398068, '_a3_': 1.7751354042679373, '_a7_': 278.867176623122, '_a2_': 1.0, '_a4_': 1.0, '_a5_': 1.0, '_a6_': 1.0}};{'d0': 0.024905832923191824};-276.475521877727;35.73531708316181
2787;-102.502443855702;(((((_a1_ * (_a0_ + x)) * x) / -(_a7_)) + _a3_) * x);{'d0': {'_a0_': 0.6238594158210858, '_a1_': -941.6671734398068, '_a3_': 1.7751354042679373, '_a7_': 278.867176623122, '_a2_': 1.0, '_a4_': 1.0, '_a5_': 1.0, '_a6_': 1.0}};{'d0': 0.024905832923191824};-276.475521877727;35.73531708316181
2788;-102.502443855702;(((((_a1_ * (_a0_ + x)) * x) / -(_a7_)) + _a3_) * x);{'d0': {'_a0_': 0.6238594158210858, '_a1_': -941.6671734398068, '_a3_': 1.7751354042679373, '_a7_': 278.867176623122, '_a2_': 1.0, '_a4_': 1.0, '_a5_': 1.0, '_a6_': 1.0}};{'d0': 0.024905832923191824};-276.475521877727;35.73531708316181
2789;-102.502443855702;(((((_a1_ * (_a0_ + x)) * x) / -(_a7_)) + _a3_) * x);{'d0': {'_a0_': 0.6238594158210858, '_a1_': -941.6671734398068, '_a3_': 1.7751354042679373, '_a7_': 278.867176623122, '_a2_': 1.0, '_a4_': 1.0, '_a5_': 1.0, '_a6_': 1.0}};{'d0': 0.024905832923191824};-276.475521877727;35.73531708316181
2790;-102.502443855702;(((((_a1_ * (_a0_ + x)) * x) / -(_a7_)) + _a3_) * x);{'d0': {'_a0_': 0.6238594158210858, '_a1_': -941.6671734398068, '_a3_': 1.7751354042679373, '_a7_': 278.867176623122, '_a2_': 1.0, '_a4_': 1.0, '_a5_': 1.0, '_a6_': 1.0}};{'d0': 0.024905832923191824};-276.475521877727;35.73531708316181
2791;-102.502443855702;(((((_a1_ * (_a0_ + x)) * x) / -(_a7_)) + _a3_) * x);{'d0': {'_a0_': 0.6238594158210858, '_a1_': -941.6671734398068, '_a3_': 1.7751354042679373, '_a7_': 278.867176623122, '_a2_': 1.0, '_a4_': 1.0, '_a5_': 1.0, '_a6_': 1.0}};{'d0': 0.024905832923191824};-276.475521877727;35.73531708316181
2792;-102.502443855702;(((((_a1_ * (_a0_ + x)) * x) / -(_a7_)) + _a3_) * x);{'d0': {'_a0_': 0.6238594158210858, '_a1_': -941.6671734398068, '_a3_': 1.7751354042679373, '_a7_': 278.867176623122, '_a2_': 1.0, '_a4_': 1.0, '_a5_': 1.0, '_a6_': 1.0}};{'d0': 0.024905832923191824};-276.475521877727;35.73531708316181
2793;-102.502443855702;(((((_a1_ * (_a0_ + x)) * x) / -(_a7_)) + _a3_) * x);{'d0': {'_a0_': 0.6238594158210858, '_a1_': -941.6671734398068, '_a3_': 1.7751354042679373, '_a7_': 278.867176623122, '_a2_': 1.0, '_a4_': 1.0, '_a5_': 1.0, '_a6_': 1.0}};{'d0': 0.024905832923191824};-276.475521877727;35.73531708316181
2794;-102.502443855702;(((((_a1_ * (_a0_ + x)) * x) / -(_a7_)) + _a3_) * x);{'d0': {'_a0_': 0.6238594158210858, '_a1_': -941.6671734398068, '_a3_': 1.7751354042679373, '_a7_': 278.867176623122, '_a2_': 1.0, '_a4_': 1.0, '_a5_': 1.0, '_a6_': 1.0}};{'d0': 0.024905832923191824};-276.475521877727;35.73531708316181
2795;-102.502443855702;(((((_a1_ * (_a0_ + x)) * x) / -(_a7_)) + _a3_) * x);{'d0': {'_a0_': 0.6238594158210858, '_a1_': -941.6671734398068, '_a3_': 1.7751354042679373, '_a7_': 278.867176623122, '_a2_': 1.0, '_a4_': 1.0, '_a5_': 1.0, '_a6_': 1.0}};{'d0': 0.024905832923191824};-276.475521877727;35.73531708316181
2796;-102.502443855702;(((((_a1_ * (_a0_ + x)) * x) / -(_a7_)) + _a3_) * x);{'d0': {'_a0_': 0.6238594158210858, '_a1_': -941.6671734398068, '_a3_': 1.7751354042679373, '_a7_': 278.867176623122, '_a2_': 1.0, '_a4_': 1.0, '_a5_': 1.0, '_a6_': 1.0}};{'d0': 0.024905832923191824};-276.475521877727;35.73531708316181
2797;-102.502443855702;(((((_a1_ * (_a0_ + x)) * x) / -(_a7_)) + _a3_) * x);{'d0': {'_a0_': 0.6238594158210858, '_a1_': -941.6671734398068, '_a3_': 1.7751354042679373, '_a7_': 278.867176623122, '_a2_': 1.0, '_a4_': 1.0, '_a5_': 1.0, '_a6_': 1.0}};{'d0': 0.024905832923191824};-276.475521877727;35.73531708316181
2798;-98.8045093876264;(((((_a1_ * (pow2(_a6_) + x)) * x) / -(_a7_)) + _a3_) * x);{'d0': {'_a1_': -1242513.5270804483, '_a3_': 1.7751354040773908, '_a6_': 0.7898477165166791, '_a7_': 367960.18839047273, '_a0_': 1.0, '_a2_': 1.0, '_a4_': 1.0, '_a5_': 1.0}};{'d0': 0.02490583291942699};-276.475521886797;39.43325155577181
2799;-98.8045093876264;(((((_a1_ * (pow2(_a6_) + x)) * x) / -(_a7_)) + _a3_) * x);{'d0': {'_a1_': -1242513.5270804483, '_a3_': 1.7751354040773908, '_a6_': 0.7898477165166791, '_a7_': 367960.18839047273, '_a0_': 1.0, '_a2_': 1.0, '_a4_': 1.0, '_a5_': 1.0}};{'d0': 0.02490583291942699};-276.475521886797;39.43325155577181
2800;-98.8045093876264;(((((_a1_ * (pow2(_a6_) + x)) * x) / -(_a7_)) + _a3_) * x);{'d0': {'_a1_': -1242513.5270804483, '_a3_': 1.7751354040773908, '_a6_': 0.7898477165166791, '_a7_': 367960.18839047273, '_a0_': 1.0, '_a2_': 1.0, '_a4_': 1.0, '_a5_': 1.0}};{'d0': 0.02490583291942699};-276.475521886797;39.43325155577181
2801;-98.8045093876264;(((((_a1_ * (pow2(_a6_) + x)) * x) / -(_a7_)) + _a3_) * x);{'d0': {'_a1_': -1242513.5270804483, '_a3_': 1.7751354040773908, '_a6_': 0.7898477165166791, '_a7_': 367960.18839047273, '_a0_': 1.0, '_a2_': 1.0, '_a4_': 1.0, '_a5_': 1.0}};{'d0': 0.02490583291942699};-276.475521886797;39.43325155577181
2802;-92.9672865794916;(((((_a1_ * (pow2(_a6_) + x)) * x) / -((_a1_ / _a2_))) + _a3_) * x);{'d0': {'_a2_': -3.3767608775311233, '_a3_': 1.7751354043038818, '_a6_': 0.7898477166650546, '_a0_': 1.0, '_a1_': 1.0, '_a4_': 1.0, '_a5_': 1.0, '_a7_': 1.0}};{'d0': 0.024905832919416653};-276.475521886821;45.27047436391901
2803;-90.7446200030717;(((((_a1_ * ((_a4_ + _a2_) + x)) * x) / -((_a1_ / _a2_))) + _a3_) * x);{'d0': {'_a2_': -3.3767608779391027, '_a3_': 1.775135404511307, '_a4_': 4.000620293559493, '_a0_': 1.0, '_a1_': 1.0, '_a5_': 1.0, '_a6_': 1.0, '_a7_': 1.0}};{'d0': 0.024905832919416615};-276.475521886822;47.493140940339
2804;-82.7413533380302;((pow3(-((x + _a6_))) / (_a1_ * _a2_)) + (exp(((_a5_ ** x) * _a5_)) + _a2_));{'d0': {'_a1_': 0.07973586693372887, '_a2_': -3.842317136161818, '_a5_': 1.3421851099496718, '_a6_': 0.1621188287104493, '_a0_': 1.0, '_a3_': 1.0, '_a4_': 1.0, '_a7_': 1.0}};{'d0': 0.02498480438499695};-276.285574748514;55.40143403622678
2805;-82.7413533380302;((pow3(-((x + _a6_))) / (_a1_ * _a2_)) + (exp(((_a5_ ** x) * _a5_)) + _a2_));{'d0': {'_a1_': 0.07973586693372887, '_a2_': -3.842317136161818, '_a5_': 1.3421851099496718, '_a6_': 0.1621188287104493, '_a0_': 1.0, '_a3_': 1.0, '_a4_': 1.0, '_a7_': 1.0}};{'d0': 0.02498480438499695};-276.285574748514;55.40143403622678
2806;-82.7413533380302;((pow3(-((x + _a6_))) / (_a1_ * _a2_)) + (exp(((_a5_ ** x) * _a5_)) + _a2_));{'d0': {'_a1_': 0.07973586693372887, '_a2_': -3.842317136161818, '_a5_': 1.3421851099496718, '_a6_': 0.1621188287104493, '_a0_': 1.0, '_a3_': 1.0, '_a4_': 1.0, '_a7_': 1.0}};{'d0': 0.02498480438499695};-276.285574748514;55.40143403622678
2807;-82.7413533380302;((pow3(-((x + _a6_))) / (_a1_ * _a2_)) + (exp(((_a5_ ** x) * _a5_)) + _a2_));{'d0': {'_a1_': 0.07973586693372887, '_a2_': -3.842317136161818, '_a5_': 1.3421851099496718, '_a6_': 0.1621188287104493, '_a0_': 1.0, '_a3_': 1.0, '_a4_': 1.0, '_a7_': 1.0}};{'d0': 0.02498480438499695};-276.285574748514;55.40143403622678
2808;-82.7413533380302;((pow3(-((x + _a6_))) / (_a1_ * _a2_)) + (exp(((_a5_ ** x) * _a5_)) + _a2_));{'d0': {'_a1_': 0.07973586693372887, '_a2_': -3.842317136161818, '_a5_': 1.3421851099496718, '_a6_': 0.1621188287104493, '_a0_': 1.0, '_a3_': 1.0, '_a4_': 1.0, '_a7_': 1.0}};{'d0': 0.02498480438499695};-276.285574748514;55.40143403622678
2809;-82.7413533380302;((pow3(-((x + _a6_))) / (_a1_ * _a2_)) + (exp(((_a5_ ** x) * _a5_)) + _a2_));{'d0': {'_a1_': 0.07973586693372887, '_a2_': -3.842317136161818, '_a5_': 1.3421851099496718, '_a6_': 0.1621188287104493, '_a0_': 1.0, '_a3_': 1.0, '_a4_': 1.0, '_a7_': 1.0}};{'d0': 0.02498480438499695};-276.285574748514;55.40143403622678
2810;-82.7413533380302;((pow3(-((x + _a6_))) / (_a1_ * _a2_)) + (exp(((_a5_ ** x) * _a5_)) + _a2_));{'d0': {'_a1_': 0.07973586693372887, '_a2_': -3.842317136161818, '_a5_': 1.3421851099496718, '_a6_': 0.1621188287104493, '_a0_': 1.0, '_a3_': 1.0, '_a4_': 1.0, '_a7_': 1.0}};{'d0': 0.02498480438499695};-276.285574748514;55.40143403622678
2811;-82.7413533380302;((pow3(-((x + _a6_))) / (_a1_ * _a2_)) + (exp(((_a5_ ** x) * _a5_)) + _a2_));{'d0': {'_a1_': 0.07973586693372887, '_a2_': -3.842317136161818, '_a5_': 1.3421851099496718, '_a6_': 0.1621188287104493, '_a0_': 1.0, '_a3_': 1.0, '_a4_': 1.0, '_a7_': 1.0}};{'d0': 0.02498480438499695};-276.285574748514;55.40143403622678
2812;-82.7413533380302;((pow3(-((x + _a6_))) / (_a1_ * _a2_)) + (exp(((_a5_ ** x) * _a5_)) + _a2_));{'d0': {'_a1_': 0.07973586693372887, '_a2_': -3.842317136161818, '_a5_': 1.3421851099496718, '_a6_': 0.1621188287104493, '_a0_': 1.0, '_a3_': 1.0, '_a4_': 1.0, '_a7_': 1.0}};{'d0': 0.02498480438499695};-276.285574748514;55.40143403622678
2813;-82.7413533380302;((pow3(-((x + _a6_))) / (_a1_ * _a2_)) + (exp(((_a5_ ** x) * _a5_)) + _a2_));{'d0': {'_a1_': 0.07973586693372887, '_a2_': -3.842317136161818, '_a5_': 1.3421851099496718, '_a6_': 0.1621188287104493, '_a0_': 1.0, '_a3_': 1.0, '_a4_': 1.0, '_a7_': 1.0}};{'d0': 0.02498480438499695};-276.285574748514;55.40143403622678
2814;-82.7413533380302;((pow3(-((x + _a6_))) / (_a1_ * _a2_)) + (exp(((_a5_ ** x) * _a5_)) + _a2_));{'d0': {'_a1_': 0.07973586693372887, '_a2_': -3.842317136161818, '_a5_': 1.3421851099496718, '_a6_': 0.1621188287104493, '_a0_': 1.0, '_a3_': 1.0, '_a4_': 1.0, '_a7_': 1.0}};{'d0': 0.02498480438499695};-276.285574748514;55.40143403622678
2815;-82.7413533380302;((pow3(-((x + _a6_))) / (_a1_ * _a2_)) + (exp(((_a5_ ** x) * _a5_)) + _a2_));{'d0': {'_a1_': 0.07973586693372887, '_a2_': -3.842317136161818, '_a5_': 1.3421851099496718, '_a6_': 0.1621188287104493, '_a0_': 1.0, '_a3_': 1.0, '_a4_': 1.0, '_a7_': 1.0}};{'d0': 0.02498480438499695};-276.285574748514;55.40143403622678
2816;-82.7413533380302;((pow3(-((x + _a6_))) / (_a1_ * _a2_)) + (exp(((_a5_ ** x) * _a5_)) + _a2_));{'d0': {'_a1_': 0.07973586693372887, '_a2_': -3.842317136161818, '_a5_': 1.3421851099496718, '_a6_': 0.1621188287104493, '_a0_': 1.0, '_a3_': 1.0, '_a4_': 1.0, '_a7_': 1.0}};{'d0': 0.02498480438499695};-276.285574748514;55.40143403622678
2817;-82.7413533380302;((pow3(-((x + _a6_))) / (_a1_ * _a2_)) + (exp(((_a5_ ** x) * _a5_)) + _a2_));{'d0': {'_a1_': 0.07973586693372887, '_a2_': -3.842317136161818, '_a5_': 1.3421851099496718, '_a6_': 0.1621188287104493, '_a0_': 1.0, '_a3_': 1.0, '_a4_': 1.0, '_a7_': 1.0}};{'d0': 0.02498480438499695};-276.285574748514;55.40143403622678
2818;-82.7413533380302;((pow3(-((x + _a6_))) / (_a1_ * _a2_)) + (exp(((_a5_ ** x) * _a5_)) + _a2_));{'d0': {'_a1_': 0.07973586693372887, '_a2_': -3.842317136161818, '_a5_': 1.3421851099496718, '_a6_': 0.1621188287104493, '_a0_': 1.0, '_a3_': 1.0, '_a4_': 1.0, '_a7_': 1.0}};{'d0': 0.02498480438499695};-276.285574748514;55.40143403622678
2819;-91.3340066223417;((((((x * x) / _a2_) * x) + x) + pow2((_a1_ * -(-(x))))) / _a5_);{'d0': {'_a1_': 1.0893759367253766, '_a2_': 0.5256917703165274, '_a5_': 0.5633373080590336, '_a0_': 1.0, '_a3_': 1.0, '_a4_': 1.0, '_a6_': 1.0, '_a7_': 1.0}};{'d0': 0.024905832919416643};-280.569866449044;48.950926602180125
2820;-91.3340066223417;((((((x * x) / _a2_) * x) + x) + pow2((_a1_ * -(-(x))))) / _a5_);{'d0': {'_a1_': 1.0893759367253766, '_a2_': 0.5256917703165274, '_a5_': 0.5633373080590336, '_a0_': 1.0, '_a3_': 1.0, '_a4_': 1.0, '_a6_': 1.0, '_a7_': 1.0}};{'d0': 0.024905832919416643};-280.569866449044;48.950926602180125
2821;-91.3340066223417;((((((x * x) / _a2_) * x) + x) + pow2((_a1_ * -(-(x))))) / _a5_);{'d0': {'_a1_': 1.0893759367253766, '_a2_': 0.5256917703165274, '_a5_': 0.5633373080590336, '_a0_': 1.0, '_a3_': 1.0, '_a4_': 1.0, '_a6_': 1.0, '_a7_': 1.0}};{'d0': 0.024905832919416643};-280.569866449044;48.950926602180125
2822;-91.3340066223417;((((((x * x) / _a2_) * x) + x) + pow2((_a1_ * -(-(x))))) / _a5_);{'d0': {'_a1_': 1.0893759367253766, '_a2_': 0.5256917703165274, '_a5_': 0.5633373080590336, '_a0_': 1.0, '_a3_': 1.0, '_a4_': 1.0, '_a6_': 1.0, '_a7_': 1.0}};{'d0': 0.024905832919416643};-280.569866449044;48.950926602180125
2823;-91.3340066223417;((((((x * x) / _a2_) * x) + x) + pow2((_a1_ * -(-(x))))) / _a5_);{'d0': {'_a1_': 1.0893759367253766, '_a2_': 0.5256917703165274, '_a5_': 0.5633373080590336, '_a0_': 1.0, '_a3_': 1.0, '_a4_': 1.0, '_a6_': 1.0, '_a7_': 1.0}};{'d0': 0.024905832919416643};-280.569866449044;48.950926602180125
2824;-83.3662332921397;((((((x * (x + _a3_)) / _a2_) * x) + x) + pow2((_a1_ * -(-(x))))) / _a5_);{'d0': {'_a1_': 0.4237149225043724, '_a2_': 0.5256917706811777, '_a3_': 0.5294797155000183, '_a5_': 0.5633373078305867, '_a0_': 1.0, '_a4_': 1.0, '_a6_': 1.0, '_a7_': 1.0}};{'d0': 0.024905832919467255};-276.475521886700;54.87152765121012
2825;-83.3662332921397;((((((x * (x + _a3_)) / _a2_) * x) + x) + pow2((_a1_ * -(-(x))))) / _a5_);{'d0': {'_a1_': 0.4237149225043724, '_a2_': 0.5256917706811777, '_a3_': 0.5294797155000183, '_a5_': 0.5633373078305867, '_a0_': 1.0, '_a4_': 1.0, '_a6_': 1.0, '_a7_': 1.0}};{'d0': 0.024905832919467255};-276.475521886700;54.87152765121012
2826;-83.3662332921397;((((((x * (x + _a3_)) / _a2_) * x) + x) + pow2((_a1_ * -(-(x))))) / _a5_);{'d0': {'_a1_': 0.4237149225043724, '_a2_': 0.5256917706811777, '_a3_': 0.5294797155000183, '_a5_': 0.5633373078305867, '_a0_': 1.0, '_a4_': 1.0, '_a6_': 1.0, '_a7_': 1.0}};{'d0': 0.024905832919467255};-276.475521886700;54.87152765121012
2827;-83.3662332921397;((((((x * (x + _a3_)) / _a2_) * x) + x) + pow2((_a1_ * -(-(x))))) / _a5_);{'d0': {'_a1_': 0.4237149225043724, '_a2_': 0.5256917706811777, '_a3_': 0.5294797155000183, '_a5_': 0.5633373078305867, '_a0_': 1.0, '_a4_': 1.0, '_a6_': 1.0, '_a7_': 1.0}};{'d0': 0.024905832919467255};-276.475521886700;54.87152765121012
2828;-83.3662332921397;((((((x * (x + _a3_)) / _a2_) * x) + x) + pow2((_a1_ * -(-(x))))) / _a5_);{'d0': {'_a1_': 0.4237149225043724, '_a2_': 0.5256917706811777, '_a3_': 0.5294797155000183, '_a5_': 0.5633373078305867, '_a0_': 1.0, '_a4_': 1.0, '_a6_': 1.0, '_a7_': 1.0}};{'d0': 0.024905832919467255};-276.475521886700;54.87152765121012
2829;-83.3662332921397;((((((x * (x + _a3_)) / _a2_) * x) + x) + pow2((_a1_ * -(-(x))))) / _a5_);{'d0': {'_a1_': 0.4237149225043724, '_a2_': 0.5256917706811777, '_a3_': 0.5294797155000183, '_a5_': 0.5633373078305867, '_a0_': 1.0, '_a4_': 1.0, '_a6_': 1.0, '_a7_': 1.0}};{'d0': 0.024905832919467255};-276.475521886700;54.87152765121012
2830;-81.1260844791135;((((((x * (x + _a3_)) / _a2_) * x) + x) + pow2((_a1_ * -((x + x))))) / _a5_);{'d0': {'_a1_': 0.5584249471408579, '_a2_': 0.525691769904532, '_a3_': -0.0318640124283795, '_a5_': 0.5633373081152048, '_a0_': 1.0, '_a4_': 1.0, '_a6_': 1.0, '_a7_': 1.0}};{'d0': 0.02490583292134124};-276.475521882185;57.11167646197895
2831;-87.0466855111600;((((((x * (x + _a3_)) / _a2_) * x) + x) + pow2((_a1_ * -(_a2_)))) / _a5_);{'d0': {'_a1_': -2.2889342883015062e-05, '_a2_': 0.5256909514983671, '_a3_': 0.6238593345981558, '_a5_': 0.5633376217848662, '_a0_': 1.0, '_a4_': 1.0, '_a6_': 1.0, '_a7_': 1.0}};{'d0': 0.02490583293544086};-276.475521848218;51.191075412948955
2832;-87.0466855111600;((((((x * (x + _a3_)) / _a2_) * x) + x) + pow2((_a1_ * -(_a2_)))) / _a5_);{'d0': {'_a1_': -2.2889342883015062e-05, '_a2_': 0.5256909514983671, '_a3_': 0.6238593345981558, '_a5_': 0.5633376217848662, '_a0_': 1.0, '_a4_': 1.0, '_a6_': 1.0, '_a7_': 1.0}};{'d0': 0.02490583293544086};-276.475521848218;51.191075412948955
2833;-87.0466855111600;((((((x * (x + _a3_)) / _a2_) * x) + x) + pow2((_a1_ * -(_a2_)))) / _a5_);{'d0': {'_a1_': -2.2889342883015062e-05, '_a2_': 0.5256909514983671, '_a3_': 0.6238593345981558, '_a5_': 0.5633376217848662, '_a0_': 1.0, '_a4_': 1.0, '_a6_': 1.0, '_a7_': 1.0}};{'d0': 0.02490583293544086};-276.475521848218;51.191075412948955
2834;-87.0466855283924;((((((x * (x + _a3_)) / _a2_) * x) + x) + pow2((_a7_ * -(_a2_)))) / _a5_);{'d0': {'_a2_': 0.525691541391986, '_a3_': 0.6238595120559736, '_a5_': 0.5633373568565354, '_a7_': 4.922780005157446e-06, '_a0_': 1.0, '_a1_': 1.0, '_a4_': 1.0, '_a6_': 1.0}};{'d0': 0.024905832921134623};-276.475521882683;51.191075412948955
2835;-87.0466855283924;((((((x * (x + _a3_)) / _a2_) * x) + x) + pow2((_a7_ * -(_a2_)))) / _a5_);{'d0': {'_a2_': 0.525691541391986, '_a3_': 0.6238595120559736, '_a5_': 0.5633373568565354, '_a7_': 4.922780005157446e-06, '_a0_': 1.0, '_a1_': 1.0, '_a4_': 1.0, '_a6_': 1.0}};{'d0': 0.024905832921134623};-276.475521882683;51.191075412948955
2836;-87.0466855283924;((((((x * (x + _a3_)) / _a2_) * x) + x) + pow2((_a7_ * -(_a2_)))) / _a5_);{'d0': {'_a2_': 0.525691541391986, '_a3_': 0.6238595120559736, '_a5_': 0.5633373568565354, '_a7_': 4.922780005157446e-06, '_a0_': 1.0, '_a1_': 1.0, '_a4_': 1.0, '_a6_': 1.0}};{'d0': 0.024905832921134623};-276.475521882683;51.191075412948955
2837;-87.0466855283924;((((((x * (x + _a3_)) / _a2_) * x) + x) + pow2((_a7_ * -(_a2_)))) / _a5_);{'d0': {'_a2_': 0.525691541391986, '_a3_': 0.6238595120559736, '_a5_': 0.5633373568565354, '_a7_': 4.922780005157446e-06, '_a0_': 1.0, '_a1_': 1.0, '_a4_': 1.0, '_a6_': 1.0}};{'d0': 0.024905832921134623};-276.475521882683;51.191075412948955
2838;-87.0466855283924;((((((x * (x + _a3_)) / _a2_) * x) + x) + pow2((_a7_ * -(_a2_)))) / _a5_);{'d0': {'_a2_': 0.525691541391986, '_a3_': 0.6238595120559736, '_a5_': 0.5633373568565354, '_a7_': 4.922780005157446e-06, '_a0_': 1.0, '_a1_': 1.0, '_a4_': 1.0, '_a6_': 1.0}};{'d0': 0.024905832921134623};-276.475521882683;51.191075412948955
2839;-87.0466855283924;((((((x * (x + _a3_)) / _a2_) * x) + x) + pow2((_a7_ * -(_a2_)))) / _a5_);{'d0': {'_a2_': 0.525691541391986, '_a3_': 0.6238595120559736, '_a5_': 0.5633373568565354, '_a7_': 4.922780005157446e-06, '_a0_': 1.0, '_a1_': 1.0, '_a4_': 1.0, '_a6_': 1.0}};{'d0': 0.024905832921134623};-276.475521882683;51.191075412948955
2840;-87.0466855283924;((((((x * (x + _a3_)) / _a2_) * x) + x) + pow2((_a7_ * -(_a2_)))) / _a5_);{'d0': {'_a2_': 0.525691541391986, '_a3_': 0.6238595120559736, '_a5_': 0.5633373568565354, '_a7_': 4.922780005157446e-06, '_a0_': 1.0, '_a1_': 1.0, '_a4_': 1.0, '_a6_': 1.0}};{'d0': 0.024905832921134623};-276.475521882683;51.191075412948955
2841;-87.0466855283924;((((((x * (x + _a3_)) / _a2_) * x) + x) + pow2((_a7_ * -(_a2_)))) / _a5_);{'d0': {'_a2_': 0.525691541391986, '_a3_': 0.6238595120559736, '_a5_': 0.5633373568565354, '_a7_': 4.922780005157446e-06, '_a0_': 1.0, '_a1_': 1.0, '_a4_': 1.0, '_a6_': 1.0}};{'d0': 0.024905832921134623};-276.475521882683;51.191075412948955
2842;-87.0466855283924;((((((x * (x + _a3_)) / _a2_) * x) + x) + pow2((_a7_ * -(_a2_)))) / _a5_);{'d0': {'_a2_': 0.525691541391986, '_a3_': 0.6238595120559736, '_a5_': 0.5633373568565354, '_a7_': 4.922780005157446e-06, '_a0_': 1.0, '_a1_': 1.0, '_a4_': 1.0, '_a6_': 1.0}};{'d0': 0.024905832921134623};-276.475521882683;51.191075412948955
2843;-87.0466855283924;((((((x * (x + _a3_)) / _a2_) * x) + x) + pow2((_a7_ * -(_a2_)))) / _a5_);{'d0': {'_a2_': 0.525691541391986, '_a3_': 0.6238595120559736, '_a5_': 0.5633373568565354, '_a7_': 4.922780005157446e-06, '_a0_': 1.0, '_a1_': 1.0, '_a4_': 1.0, '_a6_': 1.0}};{'d0': 0.024905832921134623};-276.475521882683;51.191075412948955
2844;-87.0466855283924;((((((x * (x + _a3_)) / _a2_) * x) + x) + pow2((_a7_ * -(_a2_)))) / _a5_);{'d0': {'_a2_': 0.525691541391986, '_a3_': 0.6238595120559736, '_a5_': 0.5633373568565354, '_a7_': 4.922780005157446e-06, '_a0_': 1.0, '_a1_': 1.0, '_a4_': 1.0, '_a6_': 1.0}};{'d0': 0.024905832921134623};-276.475521882683;51.191075412948955
2845;-87.0466855283924;((((((x * (x + _a3_)) / _a2_) * x) + x) + pow2((_a7_ * -(_a2_)))) / _a5_);{'d0': {'_a2_': 0.525691541391986, '_a3_': 0.6238595120559736, '_a5_': 0.5633373568565354, '_a7_': 4.922780005157446e-06, '_a0_': 1.0, '_a1_': 1.0, '_a4_': 1.0, '_a6_': 1.0}};{'d0': 0.024905832921134623};-276.475521882683;51.191075412948955
2846;-87.0466855283924;((((((x * (x + _a3_)) / _a2_) * x) + x) + pow2((_a7_ * -(_a2_)))) / _a5_);{'d0': {'_a2_': 0.525691541391986, '_a3_': 0.6238595120559736, '_a5_': 0.5633373568565354, '_a7_': 4.922780005157446e-06, '_a0_': 1.0, '_a1_': 1.0, '_a4_': 1.0, '_a6_': 1.0}};{'d0': 0.024905832921134623};-276.475521882683;51.191075412948955
2847;-87.0466855283924;((((((x * (x + _a3_)) / _a2_) * x) + x) + pow2((_a7_ * -(_a2_)))) / _a5_);{'d0': {'_a2_': 0.525691541391986, '_a3_': 0.6238595120559736, '_a5_': 0.5633373568565354, '_a7_': 4.922780005157446e-06, '_a0_': 1.0, '_a1_': 1.0, '_a4_': 1.0, '_a6_': 1.0}};{'d0': 0.024905832921134623};-276.475521882683;51.191075412948955
2848;-87.0466855283924;((((((x * (x + _a3_)) / _a2_) * x) + x) + pow2((_a7_ * -(_a2_)))) / _a5_);{'d0': {'_a2_': 0.525691541391986, '_a3_': 0.6238595120559736, '_a5_': 0.5633373568565354, '_a7_': 4.922780005157446e-06, '_a0_': 1.0, '_a1_': 1.0, '_a4_': 1.0, '_a6_': 1.0}};{'d0': 0.024905832921134623};-276.475521882683;51.191075412948955
2849;-83.3487510561875;((((((x * (x + _a3_)) / _a2_) * x) + x) + pow2((_a7_ * -(pow2(x))))) / _a5_);{'d0': {'_a2_': 0.525691541391986, '_a3_': 0.6238595120559736, '_a5_': 0.5633373568565354, '_a7_': 4.922780005157446e-06, '_a0_': 1.0, '_a1_': 1.0, '_a4_': 1.0, '_a6_': 1.0}};{'d0': 0.024905832920798354};-276.475521883493;54.889009885558956
2850;-83.3487510561875;((((((x * (x + _a3_)) / _a2_) * x) + x) + pow2((_a7_ * -(pow2(x))))) / _a5_);{'d0': {'_a2_': 0.525691541391986, '_a3_': 0.6238595120559736, '_a5_': 0.5633373568565354, '_a7_': 4.922780005157446e-06, '_a0_': 1.0, '_a1_': 1.0, '_a4_': 1.0, '_a6_': 1.0}};{'d0': 0.024905832920798354};-276.475521883493;54.889009885558956
2851;-83.3487510561875;((((((x * (x + _a3_)) / _a2_) * x) + x) + pow2((_a7_ * -(pow2(x))))) / _a5_);{'d0': {'_a2_': 0.525691541391986, '_a3_': 0.6238595120559736, '_a5_': 0.5633373568565354, '_a7_': 4.922780005157446e-06, '_a0_': 1.0, '_a1_': 1.0, '_a4_': 1.0, '_a6_': 1.0}};{'d0': 0.024905832920798354};-276.475521883493;54.889009885558956
2852;-83.3487510561875;((((((x * (x + _a3_)) / _a2_) * x) + x) + pow2((_a7_ * -(pow2(x))))) / _a5_);{'d0': {'_a2_': 0.525691541391986, '_a3_': 0.6238595120559736, '_a5_': 0.5633373568565354, '_a7_': 4.922780005157446e-06, '_a0_': 1.0, '_a1_': 1.0, '_a4_': 1.0, '_a6_': 1.0}};{'d0': 0.024905832920798354};-276.475521883493;54.889009885558956
2853;-83.3487510561875;((((((x * (x + _a3_)) / _a2_) * x) + x) + pow2((_a7_ * -(pow2(x))))) / _a5_);{'d0': {'_a2_': 0.525691541391986, '_a3_': 0.6238595120559736, '_a5_': 0.5633373568565354, '_a7_': 4.922780005157446e-06, '_a0_': 1.0, '_a1_': 1.0, '_a4_': 1.0, '_a6_': 1.0}};{'d0': 0.024905832920798354};-276.475521883493;54.889009885558956
2854;-83.3487510561875;((((((x * (x + _a3_)) / _a2_) * x) + x) + pow2((_a7_ * -(pow2(x))))) / _a5_);{'d0': {'_a2_': 0.525691541391986, '_a3_': 0.6238595120559736, '_a5_': 0.5633373568565354, '_a7_': 4.922780005157446e-06, '_a0_': 1.0, '_a1_': 1.0, '_a4_': 1.0, '_a6_': 1.0}};{'d0': 0.024905832920798354};-276.475521883493;54.889009885558956
2855;-74.8929125789257;((pow3(-((x + _a6_))) / (_a7_ * _a2_)) + (exp((((_a5_ + _a1_) ** x) * _a5_)) + _a2_));{'d0': {'_a1_': -2.091068726625549, '_a2_': -22.46604278180265, '_a5_': 3.1107008409112007, '_a6_': 0.20293976434162606, '_a7_': 0.013165786032953722, '_a0_': 1.0, '_a3_': 1.0, '_a4_': 1.0}};{'d0': 0.024885618419578624};-272.429895328365;61.32203508525678
2856;-74.8929125789257;((pow3(-((x + _a6_))) / (_a7_ * _a2_)) + (exp((((_a5_ + _a1_) ** x) * _a5_)) + _a2_));{'d0': {'_a1_': -2.091068726625549, '_a2_': -22.46604278180265, '_a5_': 3.1107008409112007, '_a6_': 0.20293976434162606, '_a7_': 0.013165786032953722, '_a0_': 1.0, '_a3_': 1.0, '_a4_': 1.0}};{'d0': 0.024885618419578624};-272.429895328365;61.32203508525678
2857;-74.8929125789257;((pow3(-((x + _a6_))) / (_a7_ * _a2_)) + (exp((((_a5_ + _a1_) ** x) * _a5_)) + _a2_));{'d0': {'_a1_': -2.091068726625549, '_a2_': -22.46604278180265, '_a5_': 3.1107008409112007, '_a6_': 0.20293976434162606, '_a7_': 0.013165786032953722, '_a0_': 1.0, '_a3_': 1.0, '_a4_': 1.0}};{'d0': 0.024885618419578624};-272.429895328365;61.32203508525678
2858;-74.8929125789257;((pow3(-((x + _a6_))) / (_a7_ * _a2_)) + (exp((((_a5_ + _a1_) ** x) * _a5_)) + _a2_));{'d0': {'_a1_': -2.091068726625549, '_a2_': -22.46604278180265, '_a5_': 3.1107008409112007, '_a6_': 0.20293976434162606, '_a7_': 0.013165786032953722, '_a0_': 1.0, '_a3_': 1.0, '_a4_': 1.0}};{'d0': 0.024885618419578624};-272.429895328365;61.32203508525678
2859;-74.8929125789257;((pow3(-((x + _a6_))) / (_a7_ * _a2_)) + (exp((((_a5_ + _a1_) ** x) * _a5_)) + _a2_));{'d0': {'_a1_': -2.091068726625549, '_a2_': -22.46604278180265, '_a5_': 3.1107008409112007, '_a6_': 0.20293976434162606, '_a7_': 0.013165786032953722, '_a0_': 1.0, '_a3_': 1.0, '_a4_': 1.0}};{'d0': 0.024885618419578624};-272.429895328365;61.32203508525678
2860;-74.8929125789257;((pow3(-((x + _a6_))) / (_a7_ * _a2_)) + (exp((((_a5_ + _a1_) ** x) * _a5_)) + _a2_));{'d0': {'_a1_': -2.091068726625549, '_a2_': -22.46604278180265, '_a5_': 3.1107008409112007, '_a6_': 0.20293976434162606, '_a7_': 0.013165786032953722, '_a0_': 1.0, '_a3_': 1.0, '_a4_': 1.0}};{'d0': 0.024885618419578624};-272.429895328365;61.32203508525678
2861;-74.8929125789257;((pow3(-((x + _a6_))) / (_a7_ * _a2_)) + (exp((((_a5_ + _a1_) ** x) * _a5_)) + _a2_));{'d0': {'_a1_': -2.091068726625549, '_a2_': -22.46604278180265, '_a5_': 3.1107008409112007, '_a6_': 0.20293976434162606, '_a7_': 0.013165786032953722, '_a0_': 1.0, '_a3_': 1.0, '_a4_': 1.0}};{'d0': 0.024885618419578624};-272.429895328365;61.32203508525678
2862;-74.8929125789257;((pow3(-((x + _a6_))) / (_a7_ * _a2_)) + (exp((((_a5_ + _a1_) ** x) * _a5_)) + _a2_));{'d0': {'_a1_': -2.091068726625549, '_a2_': -22.46604278180265, '_a5_': 3.1107008409112007, '_a6_': 0.20293976434162606, '_a7_': 0.013165786032953722, '_a0_': 1.0, '_a3_': 1.0, '_a4_': 1.0}};{'d0': 0.024885618419578624};-272.429895328365;61.32203508525678
2863;-74.8929125789257;((pow3(-((x + _a6_))) / (_a7_ * _a2_)) + (exp((((_a5_ + _a1_) ** x) * _a5_)) + _a2_));{'d0': {'_a1_': -2.091068726625549, '_a2_': -22.46604278180265, '_a5_': 3.1107008409112007, '_a6_': 0.20293976434162606, '_a7_': 0.013165786032953722, '_a0_': 1.0, '_a3_': 1.0, '_a4_': 1.0}};{'d0': 0.024885618419578624};-272.429895328365;61.32203508525678
2864;-83.3487510561875;((((((x * (x + _a3_)) / _a2_) * x) + x) + pow2((_a7_ * -(pow2(x))))) / _a5_);{'d0': {'_a2_': 0.525691541391986, '_a3_': 0.6238595120559736, '_a5_': 0.5633373568565354, '_a7_': 4.922780005157446e-06, '_a0_': 1.0, '_a1_': 1.0, '_a4_': 1.0, '_a6_': 1.0}};{'d0': 0.024905832920798354};-276.475521883493;54.889009885558956
2865;-83.3487510561875;((((((x * (x + _a3_)) / _a2_) * x) + x) + pow2((_a7_ * -(pow2(x))))) / _a5_);{'d0': {'_a2_': 0.525691541391986, '_a3_': 0.6238595120559736, '_a5_': 0.5633373568565354, '_a7_': 4.922780005157446e-06, '_a0_': 1.0, '_a1_': 1.0, '_a4_': 1.0, '_a6_': 1.0}};{'d0': 0.024905832920798354};-276.475521883493;54.889009885558956
2866;-83.3487510561875;((((((x * (x + _a3_)) / _a2_) * x) + x) + pow2((_a7_ * -(pow2(x))))) / _a5_);{'d0': {'_a2_': 0.525691541391986, '_a3_': 0.6238595120559736, '_a5_': 0.5633373568565354, '_a7_': 4.922780005157446e-06, '_a0_': 1.0, '_a1_': 1.0, '_a4_': 1.0, '_a6_': 1.0}};{'d0': 0.024905832920798354};-276.475521883493;54.889009885558956
2867;-83.3487510561875;((((((x * (x + _a3_)) / _a2_) * x) + x) + pow2((_a7_ * -(pow2(x))))) / _a5_);{'d0': {'_a2_': 0.525691541391986, '_a3_': 0.6238595120559736, '_a5_': 0.5633373568565354, '_a7_': 4.922780005157446e-06, '_a0_': 1.0, '_a1_': 1.0, '_a4_': 1.0, '_a6_': 1.0}};{'d0': 0.024905832920798354};-276.475521883493;54.889009885558956
2868;-83.3487510561875;((((((x * (x + _a3_)) / _a2_) * x) + x) + pow2((_a7_ * -(pow2(x))))) / _a5_);{'d0': {'_a2_': 0.525691541391986, '_a3_': 0.6238595120559736, '_a5_': 0.5633373568565354, '_a7_': 4.922780005157446e-06, '_a0_': 1.0, '_a1_': 1.0, '_a4_': 1.0, '_a6_': 1.0}};{'d0': 0.024905832920798354};-276.475521883493;54.889009885558956
2869;-83.3487510561875;((((((x * (x + _a3_)) / _a2_) * x) + x) + pow2((_a7_ * -(pow2(x))))) / _a5_);{'d0': {'_a2_': 0.525691541391986, '_a3_': 0.6238595120559736, '_a5_': 0.5633373568565354, '_a7_': 4.922780005157446e-06, '_a0_': 1.0, '_a1_': 1.0, '_a4_': 1.0, '_a6_': 1.0}};{'d0': 0.024905832920798354};-276.475521883493;54.889009885558956
2870;-83.3487510561875;((((((x * (x + _a3_)) / _a2_) * x) + x) + pow2((_a7_ * -(pow2(x))))) / _a5_);{'d0': {'_a2_': 0.525691541391986, '_a3_': 0.6238595120559736, '_a5_': 0.5633373568565354, '_a7_': 4.922780005157446e-06, '_a0_': 1.0, '_a1_': 1.0, '_a4_': 1.0, '_a6_': 1.0}};{'d0': 0.024905832920798354};-276.475521883493;54.889009885558956
2871;-83.3487510561875;((((((x * (x + _a3_)) / _a2_) * x) + x) + pow2((_a7_ * -(pow2(x))))) / _a5_);{'d0': {'_a2_': 0.525691541391986, '_a3_': 0.6238595120559736, '_a5_': 0.5633373568565354, '_a7_': 4.922780005157446e-06, '_a0_': 1.0, '_a1_': 1.0, '_a4_': 1.0, '_a6_': 1.0}};{'d0': 0.024905832920798354};-276.475521883493;54.889009885558956
2872;-83.3487510561875;((((((x * (x + _a3_)) / _a2_) * x) + x) + pow2((_a7_ * -(pow2(x))))) / _a5_);{'d0': {'_a2_': 0.525691541391986, '_a3_': 0.6238595120559736, '_a5_': 0.5633373568565354, '_a7_': 4.922780005157446e-06, '_a0_': 1.0, '_a1_': 1.0, '_a4_': 1.0, '_a6_': 1.0}};{'d0': 0.024905832920798354};-276.475521883493;54.889009885558956
2873;-83.3487510561875;((((((x * (x + _a3_)) / _a2_) * x) + x) + pow2((_a7_ * -(pow2(x))))) / _a5_);{'d0': {'_a2_': 0.525691541391986, '_a3_': 0.6238595120559736, '_a5_': 0.5633373568565354, '_a7_': 4.922780005157446e-06, '_a0_': 1.0, '_a1_': 1.0, '_a4_': 1.0, '_a6_': 1.0}};{'d0': 0.024905832920798354};-276.475521883493;54.889009885558956
2874;-83.3487510561875;((((((x * (x + _a3_)) / _a2_) * x) + x) + pow2((_a7_ * -(pow2(x))))) / _a5_);{'d0': {'_a2_': 0.525691541391986, '_a3_': 0.6238595120559736, '_a5_': 0.5633373568565354, '_a7_': 4.922780005157446e-06, '_a0_': 1.0, '_a1_': 1.0, '_a4_': 1.0, '_a6_': 1.0}};{'d0': 0.024905832920798354};-276.475521883493;54.889009885558956
2875;-83.3487510561875;((((((x * (x + _a3_)) / _a2_) * x) + x) + pow2((_a7_ * -(pow2(x))))) / _a5_);{'d0': {'_a2_': 0.525691541391986, '_a3_': 0.6238595120559736, '_a5_': 0.5633373568565354, '_a7_': 4.922780005157446e-06, '_a0_': 1.0, '_a1_': 1.0, '_a4_': 1.0, '_a6_': 1.0}};{'d0': 0.024905832920798354};-276.475521883493;54.889009885558956
2876;-83.3487510561875;((((((x * (x + _a3_)) / _a2_) * x) + x) + pow2((_a7_ * -(pow2(x))))) / _a5_);{'d0': {'_a2_': 0.525691541391986, '_a3_': 0.6238595120559736, '_a5_': 0.5633373568565354, '_a7_': 4.922780005157446e-06, '_a0_': 1.0, '_a1_': 1.0, '_a4_': 1.0, '_a6_': 1.0}};{'d0': 0.024905832920798354};-276.475521883493;54.889009885558956
2877;-83.3487510561875;((((((x * (x + _a3_)) / _a2_) * x) + x) + pow2((_a7_ * -(pow2(x))))) / _a5_);{'d0': {'_a2_': 0.525691541391986, '_a3_': 0.6238595120559736, '_a5_': 0.5633373568565354, '_a7_': 4.922780005157446e-06, '_a0_': 1.0, '_a1_': 1.0, '_a4_': 1.0, '_a6_': 1.0}};{'d0': 0.024905832920798354};-276.475521883493;54.889009885558956
2878;-83.3307637432197;((((((x * (x + _a3_)) / _a2_) * x) + x) + pow2((_a7_ * pow2(pow2(x))))) / _a5_);{'d0': {'_a2_': 0.525691541391986, '_a3_': 0.6238595120559736, '_a5_': 0.5633373568565354, '_a7_': 4.922780005157446e-06, '_a0_': 1.0, '_a1_': 1.0, '_a4_': 1.0, '_a6_': 1.0}};{'d0': 0.024905832921311533};-276.475521882257;54.90699719790857
2879;-83.3307637432197;((((((x * (x + _a3_)) / _a2_) * x) + x) + pow2((_a7_ * pow2(pow2(x))))) / _a5_);{'d0': {'_a2_': 0.525691541391986, '_a3_': 0.6238595120559736, '_a5_': 0.5633373568565354, '_a7_': 4.922780005157446e-06, '_a0_': 1.0, '_a1_': 1.0, '_a4_': 1.0, '_a6_': 1.0}};{'d0': 0.024905832921311533};-276.475521882257;54.90699719790857
2880;-83.3307637432197;((((((x * (x + _a3_)) / _a2_) * x) + x) + pow2((_a7_ * pow2(pow2(x))))) / _a5_);{'d0': {'_a2_': 0.525691541391986, '_a3_': 0.6238595120559736, '_a5_': 0.5633373568565354, '_a7_': 4.922780005157446e-06, '_a0_': 1.0, '_a1_': 1.0, '_a4_': 1.0, '_a6_': 1.0}};{'d0': 0.024905832921311533};-276.475521882257;54.90699719790857
2881;-83.3307637432197;((((((x * (x + _a3_)) / _a2_) * x) + x) + pow2((_a7_ * pow2(pow2(x))))) / _a5_);{'d0': {'_a2_': 0.525691541391986, '_a3_': 0.6238595120559736, '_a5_': 0.5633373568565354, '_a7_': 4.922780005157446e-06, '_a0_': 1.0, '_a1_': 1.0, '_a4_': 1.0, '_a6_': 1.0}};{'d0': 0.024905832921311533};-276.475521882257;54.90699719790857
2882;-83.3307637432197;((((((x * (x + _a3_)) / _a2_) * x) + x) + pow2((_a7_ * pow2(pow2(x))))) / _a5_);{'d0': {'_a2_': 0.525691541391986, '_a3_': 0.6238595120559736, '_a5_': 0.5633373568565354, '_a7_': 4.922780005157446e-06, '_a0_': 1.0, '_a1_': 1.0, '_a4_': 1.0, '_a6_': 1.0}};{'d0': 0.024905832921311533};-276.475521882257;54.90699719790857
2883;-83.3307637432197;((((((x * (x + _a3_)) / _a2_) * x) + x) + pow2((_a7_ * pow2(pow2(x))))) / _a5_);{'d0': {'_a2_': 0.525691541391986, '_a3_': 0.6238595120559736, '_a5_': 0.5633373568565354, '_a7_': 4.922780005157446e-06, '_a0_': 1.0, '_a1_': 1.0, '_a4_': 1.0, '_a6_': 1.0}};{'d0': 0.024905832921311533};-276.475521882257;54.90699719790857
2884;-83.3307637432197;((((((x * (x + _a3_)) / _a2_) * x) + x) + pow2((_a7_ * pow2(pow2(x))))) / _a5_);{'d0': {'_a2_': 0.525691541391986, '_a3_': 0.6238595120559736, '_a5_': 0.5633373568565354, '_a7_': 4.922780005157446e-06, '_a0_': 1.0, '_a1_': 1.0, '_a4_': 1.0, '_a6_': 1.0}};{'d0': 0.024905832921311533};-276.475521882257;54.90699719790857
2885;-83.3307637432197;((((((x * (x + _a3_)) / _a2_) * x) + x) + pow2((_a7_ * pow2(pow2(x))))) / _a5_);{'d0': {'_a2_': 0.525691541391986, '_a3_': 0.6238595120559736, '_a5_': 0.5633373568565354, '_a7_': 4.922780005157446e-06, '_a0_': 1.0, '_a1_': 1.0, '_a4_': 1.0, '_a6_': 1.0}};{'d0': 0.024905832921311533};-276.475521882257;54.90699719790857
2886;-103.159914093536;(((((_a4_ * (_a4_ + x)) * x) * (_a5_ + _a4_)) + _a0_) * x);{'d0': {'_a0_': 1.7751354037418, '_a4_': 0.6238594154285715, '_a5_': 4.788835810289057, '_a1_': 1.0, '_a2_': 1.0, '_a3_': 1.0, '_a6_': 1.0, '_a7_': 1.0}};{'d0': 0.024905832919416664};-280.569866449044;37.12501913098602
2887;-103.159914093536;(((((_a4_ * (_a4_ + x)) * x) * (_a5_ + _a4_)) + _a0_) * x);{'d0': {'_a0_': 1.7751354037418, '_a4_': 0.6238594154285715, '_a5_': 4.788835810289057, '_a1_': 1.0, '_a2_': 1.0, '_a3_': 1.0, '_a6_': 1.0, '_a7_': 1.0}};{'d0': 0.024905832919416664};-280.569866449044;37.12501913098602
2888;-109.080515142566;(((((_a4_ * (_a4_ + x)) * x) * _a7_) + _a0_) * x);{'d0': {'_a0_': 1.7751354043732843, '_a4_': 0.6238594155412933, '_a7_': 5.412695221684242, '_a1_': 1.0, '_a2_': 1.0, '_a3_': 1.0, '_a5_': 1.0, '_a6_': 1.0}};{'d0': 0.024905832919416643};-280.569866449044;31.204418081956018
2889;-109.080515142566;(((((_a4_ * (_a4_ + x)) * x) * _a7_) + _a0_) * x);{'d0': {'_a0_': 1.7751354043732843, '_a4_': 0.6238594155412933, '_a7_': 5.412695221684242, '_a1_': 1.0, '_a2_': 1.0, '_a3_': 1.0, '_a5_': 1.0, '_a6_': 1.0}};{'d0': 0.024905832919416643};-280.569866449044;31.204418081956018
2890;-109.080515142566;(((((_a4_ * (_a4_ + x)) * x) * _a7_) + _a0_) * x);{'d0': {'_a0_': 1.7751354043732843, '_a4_': 0.6238594155412933, '_a7_': 5.412695221684242, '_a1_': 1.0, '_a2_': 1.0, '_a3_': 1.0, '_a5_': 1.0, '_a6_': 1.0}};{'d0': 0.024905832919416643};-280.569866449044;31.204418081956018
2891;-109.080515142566;(((((_a4_ * (_a4_ + x)) * x) * _a7_) + _a0_) * x);{'d0': {'_a0_': 1.7751354043732843, '_a4_': 0.6238594155412933, '_a7_': 5.412695221684242, '_a1_': 1.0, '_a2_': 1.0, '_a3_': 1.0, '_a5_': 1.0, '_a6_': 1.0}};{'d0': 0.024905832919416643};-280.569866449044;31.204418081956018
2892;-109.080515142566;(((((_a4_ * (_a4_ + x)) * x) * _a7_) + _a0_) * x);{'d0': {'_a0_': 1.7751354043732843, '_a4_': 0.6238594155412933, '_a7_': 5.412695221684242, '_a1_': 1.0, '_a2_': 1.0, '_a3_': 1.0, '_a5_': 1.0, '_a6_': 1.0}};{'d0': 0.024905832919416643};-280.569866449044;31.204418081956018
2893;-109.080515142566;(((((_a4_ * (_a4_ + x)) * x) * _a7_) + _a0_) * x);{'d0': {'_a0_': 1.7751354043732843, '_a4_': 0.6238594155412933, '_a7_': 5.412695221684242, '_a1_': 1.0, '_a2_': 1.0, '_a3_': 1.0, '_a5_': 1.0, '_a6_': 1.0}};{'d0': 0.024905832919416643};-280.569866449044;31.204418081956018
2894;-109.080515142566;(((((_a4_ * (_a4_ + x)) * x) * _a7_) + _a0_) * x);{'d0': {'_a0_': 1.7751354043732843, '_a4_': 0.6238594155412933, '_a7_': 5.412695221684242, '_a1_': 1.0, '_a2_': 1.0, '_a3_': 1.0, '_a5_': 1.0, '_a6_': 1.0}};{'d0': 0.024905832919416643};-280.569866449044;31.204418081956018
2895;-109.080515142566;(((((_a4_ * (_a4_ + x)) * x) * _a7_) + _a0_) * x);{'d0': {'_a0_': 1.7751354043732843, '_a4_': 0.6238594155412933, '_a7_': 5.412695221684242, '_a1_': 1.0, '_a2_': 1.0, '_a3_': 1.0, '_a5_': 1.0, '_a6_': 1.0}};{'d0': 0.024905832919416643};-280.569866449044;31.204418081956018
2896;-109.080515142566;(((((_a4_ * (_a4_ + x)) * x) * _a7_) + _a0_) * x);{'d0': {'_a0_': 1.7751354043732843, '_a4_': 0.6238594155412933, '_a7_': 5.412695221684242, '_a1_': 1.0, '_a2_': 1.0, '_a3_': 1.0, '_a5_': 1.0, '_a6_': 1.0}};{'d0': 0.024905832919416643};-280.569866449044;31.204418081956018
2897;-109.080515142566;(((((_a4_ * (_a4_ + x)) * x) * _a7_) + _a0_) * x);{'d0': {'_a0_': 1.7751354043732843, '_a4_': 0.6238594155412933, '_a7_': 5.412695221684242, '_a1_': 1.0, '_a2_': 1.0, '_a3_': 1.0, '_a5_': 1.0, '_a6_': 1.0}};{'d0': 0.024905832919416643};-280.569866449044;31.204418081956018
2898;-109.080515142566;(((((_a4_ * (_a4_ + x)) * x) * _a7_) + _a0_) * x);{'d0': {'_a0_': 1.7751354043732843, '_a4_': 0.6238594155412933, '_a7_': 5.412695221684242, '_a1_': 1.0, '_a2_': 1.0, '_a3_': 1.0, '_a5_': 1.0, '_a6_': 1.0}};{'d0': 0.024905832919416643};-280.569866449044;31.204418081956018
2899;-109.080515142566;(((((_a4_ * (_a4_ + x)) * x) * _a7_) + _a0_) * x);{'d0': {'_a0_': 1.7751354043732843, '_a4_': 0.6238594155412933, '_a7_': 5.412695221684242, '_a1_': 1.0, '_a2_': 1.0, '_a3_': 1.0, '_a5_': 1.0, '_a6_': 1.0}};{'d0': 0.024905832919416643};-280.569866449044;31.204418081956018
2900;-109.080515142566;(((((_a4_ * (_a4_ + x)) * x) * _a7_) + _a0_) * x);{'d0': {'_a0_': 1.7751354043732843, '_a4_': 0.6238594155412933, '_a7_': 5.412695221684242, '_a1_': 1.0, '_a2_': 1.0, '_a3_': 1.0, '_a5_': 1.0, '_a6_': 1.0}};{'d0': 0.024905832919416643};-280.569866449044;31.204418081956018
2901;-105.400567982305;(((((_a4_ * (_a4_ + x)) * x) * _a7_) + -(_a5_)) * x);{'d0': {'_a4_': 0.6238594157425277, '_a5_': -1.7751354048553067, '_a7_': 5.412695219520644, '_a0_': 1.0, '_a1_': 1.0, '_a2_': 1.0, '_a3_': 1.0, '_a6_': 1.0}};{'d0': 0.02490583291941663};-280.569866449044;34.884365242216404
2902;-105.400567982305;(((((_a4_ * (_a4_ + x)) * x) * _a7_) + -(_a5_)) * x);{'d0': {'_a4_': 0.6238594157425277, '_a5_': -1.7751354048553067, '_a7_': 5.412695219520644, '_a0_': 1.0, '_a1_': 1.0, '_a2_': 1.0, '_a3_': 1.0, '_a6_': 1.0}};{'d0': 0.02490583291941663};-280.569866449044;34.884365242216404
2903;-104.058817930787;(((((_a4_ * (_a4_ + x)) * x) * _a7_) + (_a0_ * _a4_)) * x);{'d0': {'_a0_': 2.845409334081228, '_a4_': 0.6238594155797853, '_a7_': 5.412695223538436, '_a1_': 1.0, '_a2_': 1.0, '_a3_': 1.0, '_a5_': 1.0, '_a6_': 1.0}};{'d0': 0.02490583291941664};-280.569866449044;36.22611529373501
2904;-105.400567982305;(((((_a4_ * (_a4_ + x)) * x) * _a7_) + -(_a2_)) * x);{'d0': {'_a2_': -1.7751354047536343, '_a4_': 0.6238594156750769, '_a7_': 5.412695219810882, '_a0_': 1.0, '_a1_': 1.0, '_a3_': 1.0, '_a5_': 1.0, '_a6_': 1.0}};{'d0': 0.02490583291941664};-280.569866449044;34.884365242216404
2905;-109.080515142566;(((((_a4_ * (_a4_ + x)) * x) * _a7_) + _a5_) * x);{'d0': {'_a4_': 0.6238594154796181, '_a5_': 1.7751354040652798, '_a7_': 5.4126952238811255, '_a0_': 1.0, '_a1_': 1.0, '_a2_': 1.0, '_a3_': 1.0, '_a6_': 1.0}};{'d0': 0.024905832919416636};-280.569866449044;31.204418081956014
2906;-109.080515142566;(((((_a4_ * (_a4_ + x)) * x) * _a7_) + _a5_) * x);{'d0': {'_a4_': 0.6238594154796181, '_a5_': 1.7751354040652798, '_a7_': 5.4126952238811255, '_a0_': 1.0, '_a1_': 1.0, '_a2_': 1.0, '_a3_': 1.0, '_a6_': 1.0}};{'d0': 0.024905832919416636};-280.569866449044;31.204418081956014
2907;-109.080515142566;(((((_a4_ * (_a4_ + x)) * x) * _a7_) + _a5_) * x);{'d0': {'_a4_': 0.6238594154796181, '_a5_': 1.7751354040652798, '_a7_': 5.4126952238811255, '_a0_': 1.0, '_a1_': 1.0, '_a2_': 1.0, '_a3_': 1.0, '_a6_': 1.0}};{'d0': 0.024905832919416636};-280.569866449044;31.204418081956014
2908;-109.080515142566;(((((_a4_ * (_a4_ + x)) * x) * _a7_) + _a5_) * x);{'d0': {'_a4_': 0.6238594154796181, '_a5_': 1.7751354040652798, '_a7_': 5.4126952238811255, '_a0_': 1.0, '_a1_': 1.0, '_a2_': 1.0, '_a3_': 1.0, '_a6_': 1.0}};{'d0': 0.024905832919416636};-280.569866449044;31.204418081956014
2909;-109.080515142566;(((((_a7_ * (_a4_ + x)) * x) * _a7_) + _a5_) * x);{'d0': {'_a4_': 0.6238594156439978, '_a5_': 1.7751354044082903, '_a7_': 1.837596495597401, '_a0_': 1.0, '_a1_': 1.0, '_a2_': 1.0, '_a3_': 1.0, '_a6_': 1.0}};{'d0': 0.02490583291941662};-280.569866449044;31.204418081956014
2910;-109.080515142566;(((((_a7_ * (_a4_ + x)) * x) * _a7_) + _a5_) * x);{'d0': {'_a4_': 0.6238594156439978, '_a5_': 1.7751354044082903, '_a7_': 1.837596495597401, '_a0_': 1.0, '_a1_': 1.0, '_a2_': 1.0, '_a3_': 1.0, '_a6_': 1.0}};{'d0': 0.02490583291941662};-280.569866449044;31.204418081956014
2911;-109.080515142566;(((((_a7_ * (_a4_ + x)) * x) * _a7_) + _a5_) * x);{'d0': {'_a4_': 0.6238594156439978, '_a5_': 1.7751354044082903, '_a7_': 1.837596495597401, '_a0_': 1.0, '_a1_': 1.0, '_a2_': 1.0, '_a3_': 1.0, '_a6_': 1.0}};{'d0': 0.02490583291941662};-280.569866449044;31.204418081956014
2912;-109.080515142566;(((((_a7_ * (_a4_ + x)) * x) * _a7_) + _a5_) * x);{'d0': {'_a4_': 0.6238594156439978, '_a5_': 1.7751354044082903, '_a7_': 1.837596495597401, '_a0_': 1.0, '_a1_': 1.0, '_a2_': 1.0, '_a3_': 1.0, '_a6_': 1.0}};{'d0': 0.02490583291941662};-280.569866449044;31.204418081956014
2913;-109.080515142566;(((((_a7_ * (_a4_ + x)) * x) * _a7_) + _a5_) * x);{'d0': {'_a4_': 0.6238594156439978, '_a5_': 1.7751354044082903, '_a7_': 1.837596495597401, '_a0_': 1.0, '_a1_': 1.0, '_a2_': 1.0, '_a3_': 1.0, '_a6_': 1.0}};{'d0': 0.02490583291941662};-280.569866449044;31.204418081956014
2914;-109.080515142566;(((((_a7_ * (_a4_ + x)) * x) * _a7_) + _a5_) * x);{'d0': {'_a4_': 0.6238594156439978, '_a5_': 1.7751354044082903, '_a7_': 1.837596495597401, '_a0_': 1.0, '_a1_': 1.0, '_a2_': 1.0, '_a3_': 1.0, '_a6_': 1.0}};{'d0': 0.02490583291941662};-280.569866449044;31.204418081956014
2915;-109.080515142566;(((((_a7_ * (_a4_ + x)) * x) * _a7_) + _a5_) * x);{'d0': {'_a4_': 0.6238594156439978, '_a5_': 1.7751354044082903, '_a7_': 1.837596495597401, '_a0_': 1.0, '_a1_': 1.0, '_a2_': 1.0, '_a3_': 1.0, '_a6_': 1.0}};{'d0': 0.02490583291941662};-280.569866449044;31.204418081956014
2916;-109.080515142566;(((((_a7_ * (_a4_ + x)) * x) * _a7_) + _a5_) * x);{'d0': {'_a4_': 0.6238594156439978, '_a5_': 1.7751354044082903, '_a7_': 1.837596495597401, '_a0_': 1.0, '_a1_': 1.0, '_a2_': 1.0, '_a3_': 1.0, '_a6_': 1.0}};{'d0': 0.02490583291941662};-280.569866449044;31.204418081956014
2917;-109.080515142566;(((((_a7_ * (_a4_ + x)) * x) * _a7_) + _a5_) * x);{'d0': {'_a4_': 0.6238594156439978, '_a5_': 1.7751354044082903, '_a7_': 1.837596495597401, '_a0_': 1.0, '_a1_': 1.0, '_a2_': 1.0, '_a3_': 1.0, '_a6_': 1.0}};{'d0': 0.02490583291941662};-280.569866449044;31.204418081956014
2918;-97.2654218093067;(((log((_a6_ ** x)) + pow2((x * _a3_))) + (_a3_ + _a1_)) * x);{'d0': {'_a1_': -0.06246106419636746, '_a3_': 1.8375964840602204, '_a6_': 8.220442611160562, '_a0_': 1.0, '_a2_': 1.0, '_a4_': 1.0, '_a5_': 1.0, '_a7_': 1.0}};{'d0': 0.024905832919417545};-280.569866449041;43.019511415214
2919;-97.2654218093067;(((log((_a6_ ** x)) + pow2((x * _a3_))) + (_a3_ + _a1_)) * x);{'d0': {'_a1_': -0.06246106419636746, '_a3_': 1.8375964840602204, '_a6_': 8.220442611160562, '_a0_': 1.0, '_a2_': 1.0, '_a4_': 1.0, '_a5_': 1.0, '_a7_': 1.0}};{'d0': 0.024905832919417545};-280.569866449041;43.019511415214
2920;-97.8199547236779;(((log((_a6_ ** x)) + pow2((x * _a3_))) + exp(_a2_)) * x);{'d0': {'_a2_': 0.5738767039497852, '_a3_': 1.837596495379707, '_a6_': 8.220442741153875, '_a0_': 1.0, '_a1_': 1.0, '_a4_': 1.0, '_a5_': 1.0, '_a7_': 1.0}};{'d0': 0.024905832919416577};-280.569866449044;42.464978500844
2921;-97.8199547236779;(((log((_a6_ ** x)) + pow2((x * _a3_))) + exp(_a2_)) * x);{'d0': {'_a2_': 0.5738767039497852, '_a3_': 1.837596495379707, '_a6_': 8.220442741153875, '_a0_': 1.0, '_a1_': 1.0, '_a4_': 1.0, '_a5_': 1.0, '_a7_': 1.0}};{'d0': 0.024905832919416577};-280.569866449044;42.464978500844
2922;-97.8199547236779;(((log((_a6_ ** x)) + pow2((x * _a3_))) + exp(_a2_)) * x);{'d0': {'_a2_': 0.5738767039497852, '_a3_': 1.837596495379707, '_a6_': 8.220442741153875, '_a0_': 1.0, '_a1_': 1.0, '_a4_': 1.0, '_a5_': 1.0, '_a7_': 1.0}};{'d0': 0.024905832919416577};-280.569866449044;42.464978500844
2923;-97.8199547236779;(((log((_a6_ ** x)) + pow2((x * _a3_))) + exp(_a2_)) * x);{'d0': {'_a2_': 0.5738767039497852, '_a3_': 1.837596495379707, '_a6_': 8.220442741153875, '_a0_': 1.0, '_a1_': 1.0, '_a4_': 1.0, '_a5_': 1.0, '_a7_': 1.0}};{'d0': 0.024905832919416577};-280.569866449044;42.464978500844
2924;-109.080515142566;(((((_a7_ * (_a4_ + x)) * x) * _a7_) + _a5_) * x);{'d0': {'_a4_': 0.6238594156439978, '_a5_': 1.7751354044082903, '_a7_': 1.837596495597401, '_a0_': 1.0, '_a1_': 1.0, '_a2_': 1.0, '_a3_': 1.0, '_a6_': 1.0}};{'d0': 0.02490583291941662};-280.569866449044;31.204418081956014
2925;-109.080515142566;(((((_a7_ * (_a4_ + x)) * x) * _a7_) + _a5_) * x);{'d0': {'_a4_': 0.6238594156439978, '_a5_': 1.7751354044082903, '_a7_': 1.837596495597401, '_a0_': 1.0, '_a1_': 1.0, '_a2_': 1.0, '_a3_': 1.0, '_a6_': 1.0}};{'d0': 0.02490583291941662};-280.569866449044;31.204418081956014
2926;-109.080515142566;(((((_a7_ * (_a4_ + x)) * x) * _a7_) + _a5_) * x);{'d0': {'_a4_': 0.6238594156439978, '_a5_': 1.7751354044082903, '_a7_': 1.837596495597401, '_a0_': 1.0, '_a1_': 1.0, '_a2_': 1.0, '_a3_': 1.0, '_a6_': 1.0}};{'d0': 0.02490583291941662};-280.569866449044;31.204418081956014
2927;-109.080515142566;(((((_a7_ * (_a4_ + x)) * x) * _a7_) + _a5_) * x);{'d0': {'_a4_': 0.6238594156439978, '_a5_': 1.7751354044082903, '_a7_': 1.837596495597401, '_a0_': 1.0, '_a1_': 1.0, '_a2_': 1.0, '_a3_': 1.0, '_a6_': 1.0}};{'d0': 0.02490583291941662};-280.569866449044;31.204418081956014
2928;-109.080515142566;(((((_a7_ * (_a4_ + x)) * x) * _a7_) + _a5_) * x);{'d0': {'_a4_': 0.6238594156439978, '_a5_': 1.7751354044082903, '_a7_': 1.837596495597401, '_a0_': 1.0, '_a1_': 1.0, '_a2_': 1.0, '_a3_': 1.0, '_a6_': 1.0}};{'d0': 0.02490583291941662};-280.569866449044;31.204418081956014
2929;-79.9521172110030;((((((x * (x + _a3_)) / _a2_) * x) + x) + pow2((_a7_ / cos(pow2(_a5_))))) / _a5_);{'d0': {'_a2_': 0.525691541391986, '_a3_': 0.6238595120559736, '_a5_': 0.5633373568565354, '_a7_': 4.922780005157446e-06, '_a0_': 1.0, '_a1_': 1.0, '_a4_': 1.0, '_a6_': 1.0}};{'d0': 0.02490583292255663};-276.475521879257;58.28564372862557
2930;-79.9616333156171;((((((x * (x + _a3_)) / _a2_) * x) + x) / pow2((_a7_ / cos(pow2(_a5_))))) / _a5_);{'d0': {'_a2_': 0.5256917705643009, '_a3_': 0.6238594155753897, '_a5_': 1.2533685225830018, '_a7_': 9.139560902442715e-05, '_a0_': 1.0, '_a1_': 1.0, '_a4_': 1.0, '_a6_': 1.0}};{'d0': 0.024905832966373487};-276.475521773699;58.27612757123237
2931;-79.9616333156171;((((((x * (x + _a3_)) / _a2_) * x) + x) / pow2((_a7_ / cos(pow2(_a5_))))) / _a5_);{'d0': {'_a2_': 0.5256917705643009, '_a3_': 0.6238594155753897, '_a5_': 1.2533685225830018, '_a7_': 9.139560902442715e-05, '_a0_': 1.0, '_a1_': 1.0, '_a4_': 1.0, '_a6_': 1.0}};{'d0': 0.024905832966373487};-276.475521773699;58.27612757123237
2932;-79.9616333156171;((((((x * (x + _a3_)) / _a2_) * x) + x) / pow2((_a7_ / cos(pow2(_a5_))))) / _a5_);{'d0': {'_a2_': 0.5256917705643009, '_a3_': 0.6238594155753897, '_a5_': 1.2533685225830018, '_a7_': 9.139560902442715e-05, '_a0_': 1.0, '_a1_': 1.0, '_a4_': 1.0, '_a6_': 1.0}};{'d0': 0.024905832966373487};-276.475521773699;58.27612757123237
2933;-79.9616333156171;((((((x * (x + _a3_)) / _a2_) * x) + x) / pow2((_a7_ / cos(pow2(_a5_))))) / _a5_);{'d0': {'_a2_': 0.5256917705643009, '_a3_': 0.6238594155753897, '_a5_': 1.2533685225830018, '_a7_': 9.139560902442715e-05, '_a0_': 1.0, '_a1_': 1.0, '_a4_': 1.0, '_a6_': 1.0}};{'d0': 0.024905832966373487};-276.475521773699;58.27612757123237
2934;-79.9616333156171;((((((x * (x + _a3_)) / _a2_) * x) + x) / pow2((_a7_ / cos(pow2(_a5_))))) / _a5_);{'d0': {'_a2_': 0.5256917705643009, '_a3_': 0.6238594155753897, '_a5_': 1.2533685225830018, '_a7_': 9.139560902442715e-05, '_a0_': 1.0, '_a1_': 1.0, '_a4_': 1.0, '_a6_': 1.0}};{'d0': 0.024905832966373487};-276.475521773699;58.27612757123237
2935;-78.2934996810679;((((((x * (x + _a3_)) / _a2_) * x) + x) / pow2((_a7_ / cos(exp(_a5_))))) / _a5_);{'d0': {'_a2_': 0.5256917705108075, '_a3_': 0.6238594156086587, '_a5_': 1.5501944346763785, '_a7_': 1.588774559696394e-06, '_a0_': 1.0, '_a1_': 1.0, '_a4_': 1.0, '_a6_': 1.0}};{'d0': 0.024905832943542535};-276.475521828700;59.944261233282376
2936;-78.2934996810679;((((((x * (x + _a3_)) / _a2_) * x) + x) / pow2((_a7_ / cos(exp(_a5_))))) / _a5_);{'d0': {'_a2_': 0.5256917705108075, '_a3_': 0.6238594156086587, '_a5_': 1.5501944346763785, '_a7_': 1.588774559696394e-06, '_a0_': 1.0, '_a1_': 1.0, '_a4_': 1.0, '_a6_': 1.0}};{'d0': 0.024905832943542535};-276.475521828700;59.944261233282376
2937;-79.3276019625195;((((((x * (x + _a3_)) / _a2_) * x) + x) / pow2((_a7_ * cos(exp(_a5_))))) / _a5_);{'d0': {'_a2_': 0.5256917699344484, '_a3_': 0.6238594154435805, '_a5_': 0.5854491974580778, '_a7_': 4.396686646870502, '_a0_': 1.0, '_a1_': 1.0, '_a4_': 1.0, '_a6_': 1.0}};{'d0': 0.024905832919508507};-276.475521886600;58.91015898078058
2938;-79.3276019625195;((((((x * (x + _a3_)) / _a2_) * x) + x) / pow2((_a7_ * cos(exp(_a5_))))) / _a5_);{'d0': {'_a2_': 0.5256917699344484, '_a3_': 0.6238594154435805, '_a5_': 0.5854491974580778, '_a7_': 4.396686646870502, '_a0_': 1.0, '_a1_': 1.0, '_a4_': 1.0, '_a6_': 1.0}};{'d0': 0.024905832919508507};-276.475521886600;58.91015898078058
2939;-79.3276019625195;((((((x * (x + _a3_)) / _a2_) * x) + x) / pow2((_a7_ * cos(exp(_a5_))))) / _a5_);{'d0': {'_a2_': 0.5256917699344484, '_a3_': 0.6238594154435805, '_a5_': 0.5854491974580778, '_a7_': 4.396686646870502, '_a0_': 1.0, '_a1_': 1.0, '_a4_': 1.0, '_a6_': 1.0}};{'d0': 0.024905832919508507};-276.475521886600;58.91015898078058
2940;-79.3276019625195;((((((x * (x + _a3_)) / _a2_) * x) + x) / pow2((_a7_ * cos(exp(_a5_))))) / _a5_);{'d0': {'_a2_': 0.5256917699344484, '_a3_': 0.6238594154435805, '_a5_': 0.5854491974580778, '_a7_': 4.396686646870502, '_a0_': 1.0, '_a1_': 1.0, '_a4_': 1.0, '_a6_': 1.0}};{'d0': 0.024905832919508507};-276.475521886600;58.91015898078058
2941;-79.3276019625195;((((((x * (x + _a3_)) / _a2_) * x) + x) / pow2((_a7_ * cos(exp(_a5_))))) / _a5_);{'d0': {'_a2_': 0.5256917699344484, '_a3_': 0.6238594154435805, '_a5_': 0.5854491974580778, '_a7_': 4.396686646870502, '_a0_': 1.0, '_a1_': 1.0, '_a4_': 1.0, '_a6_': 1.0}};{'d0': 0.024905832919508507};-276.475521886600;58.91015898078058
2942;-79.3276019625195;((((((x * (x + _a3_)) / _a2_) * x) + x) / pow2((_a7_ * cos(exp(_a5_))))) / _a5_);{'d0': {'_a2_': 0.5256917699344484, '_a3_': 0.6238594154435805, '_a5_': 0.5854491974580778, '_a7_': 4.396686646870502, '_a0_': 1.0, '_a1_': 1.0, '_a4_': 1.0, '_a6_': 1.0}};{'d0': 0.024905832919508507};-276.475521886600;58.91015898078058
2943;-79.3276019625195;((((((x * (x + _a3_)) / _a2_) * x) + x) / pow2((_a7_ * cos(exp(_a5_))))) / _a5_);{'d0': {'_a2_': 0.5256917699344484, '_a3_': 0.6238594154435805, '_a5_': 0.5854491974580778, '_a7_': 4.396686646870502, '_a0_': 1.0, '_a1_': 1.0, '_a4_': 1.0, '_a6_': 1.0}};{'d0': 0.024905832919508507};-276.475521886600;58.91015898078058
2944;-79.3276019625195;((((((x * (x + _a3_)) / _a2_) * x) + x) / pow2((_a7_ * cos(exp(_a5_))))) / _a5_);{'d0': {'_a2_': 0.5256917699344484, '_a3_': 0.6238594154435805, '_a5_': 0.5854491974580778, '_a7_': 4.396686646870502, '_a0_': 1.0, '_a1_': 1.0, '_a4_': 1.0, '_a6_': 1.0}};{'d0': 0.024905832919508507};-276.475521886600;58.91015898078058
2945;-79.3276019625195;((((((x * (x + _a3_)) / _a2_) * x) + x) / pow2((_a7_ * cos(exp(_a5_))))) / _a5_);{'d0': {'_a2_': 0.5256917699344484, '_a3_': 0.6238594154435805, '_a5_': 0.5854491974580778, '_a7_': 4.396686646870502, '_a0_': 1.0, '_a1_': 1.0, '_a4_': 1.0, '_a6_': 1.0}};{'d0': 0.024905832919508507};-276.475521886600;58.91015898078058
2946;-79.3276019625195;((((((x * (x + _a3_)) / _a2_) * x) + x) / pow2((_a7_ * cos(exp(_a5_))))) / _a5_);{'d0': {'_a2_': 0.5256917699344484, '_a3_': 0.6238594154435805, '_a5_': 0.5854491974580778, '_a7_': 4.396686646870502, '_a0_': 1.0, '_a1_': 1.0, '_a4_': 1.0, '_a6_': 1.0}};{'d0': 0.024905832919508507};-276.475521886600;58.91015898078058
2947;-80.2524158783685;((((((x * (x + _a3_)) / _a2_) * x) + x) * pow2((_a7_ * cos(exp(_a5_))))) / _a5_);{'d0': {'_a2_': 0.5256917699183197, '_a3_': 0.623859415365482, '_a5_': 0.5802919410217684, '_a7_': 4.740626120654746, '_a0_': 1.0, '_a1_': 1.0, '_a4_': 1.0, '_a6_': 1.0}};{'d0': 0.024905832926636586};-276.475521869428;57.98534505634558
2948;-80.2591519757363;((((((x * (x + _a3_)) / _a2_) * x) + x) * pow2((_a7_ * cos(log(_a5_))))) / _a5_);{'d0': {'_a2_': 0.5256917707231866, '_a3_': 0.623859415675244, '_a5_': 91.78966811602508, '_a7_': -66.58876964896567, '_a0_': 1.0, '_a1_': 1.0, '_a4_': 1.0, '_a6_': 1.0}};{'d0': 0.024905832932599216};-276.475521855064;57.97860895179558
2949;-80.2591519757363;((((((x * (x + _a3_)) / _a2_) * x) + x) * pow2((_a7_ * cos(log(_a5_))))) / _a5_);{'d0': {'_a2_': 0.5256917707231866, '_a3_': 0.623859415675244, '_a5_': 91.78966811602508, '_a7_': -66.58876964896567, '_a0_': 1.0, '_a1_': 1.0, '_a4_': 1.0, '_a6_': 1.0}};{'d0': 0.024905832932599216};-276.475521855064;57.97860895179558
2950;-80.2591519757363;((((((x * (x + _a3_)) / _a2_) * x) + x) * pow2((_a7_ * cos(log(_a5_))))) / _a5_);{'d0': {'_a2_': 0.5256917707231866, '_a3_': 0.623859415675244, '_a5_': 91.78966811602508, '_a7_': -66.58876964896567, '_a0_': 1.0, '_a1_': 1.0, '_a4_': 1.0, '_a6_': 1.0}};{'d0': 0.024905832932599216};-276.475521855064;57.97860895179558
2951;-80.2591519757363;((((((x * (x + _a3_)) / _a2_) * x) + x) * pow2((_a7_ * cos(log(_a5_))))) / _a5_);{'d0': {'_a2_': 0.5256917707231866, '_a3_': 0.623859415675244, '_a5_': 91.78966811602508, '_a7_': -66.58876964896567, '_a0_': 1.0, '_a1_': 1.0, '_a4_': 1.0, '_a6_': 1.0}};{'d0': 0.024905832932599216};-276.475521855064;57.97860895179558
2952;-80.2591519757363;((((((x * (x + _a3_)) / _a2_) * x) + x) * pow2((_a7_ * cos(log(_a5_))))) / _a5_);{'d0': {'_a2_': 0.5256917707231866, '_a3_': 0.623859415675244, '_a5_': 91.78966811602508, '_a7_': -66.58876964896567, '_a0_': 1.0, '_a1_': 1.0, '_a4_': 1.0, '_a6_': 1.0}};{'d0': 0.024905832932599216};-276.475521855064;57.97860895179558
2953;-80.2591519757363;((((((x * (x + _a3_)) / _a2_) * x) + x) * pow2((_a7_ * cos(log(_a5_))))) / _a5_);{'d0': {'_a2_': 0.5256917707231866, '_a3_': 0.623859415675244, '_a5_': 91.78966811602508, '_a7_': -66.58876964896567, '_a0_': 1.0, '_a1_': 1.0, '_a4_': 1.0, '_a6_': 1.0}};{'d0': 0.024905832932599216};-276.475521855064;57.97860895179558
2954;-80.2591519757363;((((((x * (x + _a3_)) / _a2_) * x) + x) * pow2((_a7_ * cos(log(_a5_))))) / _a5_);{'d0': {'_a2_': 0.5256917707231866, '_a3_': 0.623859415675244, '_a5_': 91.78966811602508, '_a7_': -66.58876964896567, '_a0_': 1.0, '_a1_': 1.0, '_a4_': 1.0, '_a6_': 1.0}};{'d0': 0.024905832932599216};-276.475521855064;57.97860895179558
2955;-80.2591519757363;((((((x * (x + _a3_)) / _a2_) * x) + x) * pow2((_a7_ * cos(log(_a5_))))) / _a5_);{'d0': {'_a2_': 0.5256917707231866, '_a3_': 0.623859415675244, '_a5_': 91.78966811602508, '_a7_': -66.58876964896567, '_a0_': 1.0, '_a1_': 1.0, '_a4_': 1.0, '_a6_': 1.0}};{'d0': 0.024905832932599216};-276.475521855064;57.97860895179558
2956;-80.2591519757363;((((((x * (x + _a3_)) / _a2_) * x) + x) * pow2((_a7_ * cos(log(_a5_))))) / _a5_);{'d0': {'_a2_': 0.5256917707231866, '_a3_': 0.623859415675244, '_a5_': 91.78966811602508, '_a7_': -66.58876964896567, '_a0_': 1.0, '_a1_': 1.0, '_a4_': 1.0, '_a6_': 1.0}};{'d0': 0.024905832932599216};-276.475521855064;57.97860895179558
2957;-80.2591519757363;((((((x * (x + _a3_)) / _a2_) * x) + x) * pow2((_a7_ * cos(log(_a5_))))) / _a5_);{'d0': {'_a2_': 0.5256917707231866, '_a3_': 0.623859415675244, '_a5_': 91.78966811602508, '_a7_': -66.58876964896567, '_a0_': 1.0, '_a1_': 1.0, '_a4_': 1.0, '_a6_': 1.0}};{'d0': 0.024905832932599216};-276.475521855064;57.97860895179558
2958;-80.2591519757363;((((((x * (x + _a3_)) / _a2_) * x) + x) * pow2((_a7_ * cos(log(_a5_))))) / _a5_);{'d0': {'_a2_': 0.5256917707231866, '_a3_': 0.623859415675244, '_a5_': 91.78966811602508, '_a7_': -66.58876964896567, '_a0_': 1.0, '_a1_': 1.0, '_a4_': 1.0, '_a6_': 1.0}};{'d0': 0.024905832932599216};-276.475521855064;57.97860895179558
2959;-80.2591519757363;((((((x * (x + _a3_)) / _a2_) * x) + x) * pow2((_a7_ * cos(log(_a5_))))) / _a5_);{'d0': {'_a2_': 0.5256917707231866, '_a3_': 0.623859415675244, '_a5_': 91.78966811602508, '_a7_': -66.58876964896567, '_a0_': 1.0, '_a1_': 1.0, '_a4_': 1.0, '_a6_': 1.0}};{'d0': 0.024905832932599216};-276.475521855064;57.97860895179558
2960;-80.2591519757363;((((((x * (x + _a3_)) / _a2_) * x) + x) * pow2((_a7_ * cos(log(_a5_))))) / _a5_);{'d0': {'_a2_': 0.5256917707231866, '_a3_': 0.623859415675244, '_a5_': 91.78966811602508, '_a7_': -66.58876964896567, '_a0_': 1.0, '_a1_': 1.0, '_a4_': 1.0, '_a6_': 1.0}};{'d0': 0.024905832932599216};-276.475521855064;57.97860895179558
2961;-85.6184840049000;((((((x * (x + _a3_)) / _a2_) * x) + x) * pow2((_a7_ * cos(_a2_)))) / _a5_);{'d0': {'_a2_': 0.5256917707324885, '_a3_': 0.6238594156145632, '_a5_': 124.22179943424628, '_a7_': -17.167623203800726, '_a0_': 1.0, '_a1_': 1.0, '_a4_': 1.0, '_a6_': 1.0}};{'d0': 0.02490583293338479};-276.475521853171;52.61927692168558
2962;-85.6184840049000;((((((x * (x + _a3_)) / _a2_) * x) + x) * pow2((_a7_ * cos(_a2_)))) / _a5_);{'d0': {'_a2_': 0.5256917707324885, '_a3_': 0.6238594156145632, '_a5_': 124.22179943424628, '_a7_': -17.167623203800726, '_a0_': 1.0, '_a1_': 1.0, '_a4_': 1.0, '_a6_': 1.0}};{'d0': 0.02490583293338479};-276.475521853171;52.61927692168558
2963;-85.6184840049000;((((((x * (x + _a3_)) / _a2_) * x) + x) * pow2((_a7_ * cos(_a2_)))) / _a5_);{'d0': {'_a2_': 0.5256917707324885, '_a3_': 0.6238594156145632, '_a5_': 124.22179943424628, '_a7_': -17.167623203800726, '_a0_': 1.0, '_a1_': 1.0, '_a4_': 1.0, '_a6_': 1.0}};{'d0': 0.02490583293338479};-276.475521853171;52.61927692168558
2964;-85.6184840049000;((((((x * (x + _a3_)) / _a2_) * x) + x) * pow2((_a7_ * cos(_a2_)))) / _a5_);{'d0': {'_a2_': 0.5256917707324885, '_a3_': 0.6238594156145632, '_a5_': 124.22179943424628, '_a7_': -17.167623203800726, '_a0_': 1.0, '_a1_': 1.0, '_a4_': 1.0, '_a6_': 1.0}};{'d0': 0.02490583293338479};-276.475521853171;52.61927692168558
2965;-85.6184840049000;((((((x * (x + _a3_)) / _a2_) * x) + x) * pow2((_a7_ * cos(_a2_)))) / _a5_);{'d0': {'_a2_': 0.5256917707324885, '_a3_': 0.6238594156145632, '_a5_': 124.22179943424628, '_a7_': -17.167623203800726, '_a0_': 1.0, '_a1_': 1.0, '_a4_': 1.0, '_a6_': 1.0}};{'d0': 0.02490583293338479};-276.475521853171;52.61927692168558
2966;-85.6184840209623;((((((x * (x + _a3_)) / _a5_) * x) + x) * pow2((_a7_ * cos(_a2_)))) / _a5_);{'d0': {'_a2_': 1.332266318625331, '_a3_': 0.6238594154915277, '_a5_': 0.5256917702190367, '_a7_': -4.088504123760545, '_a0_': 1.0, '_a1_': 1.0, '_a4_': 1.0, '_a6_': 1.0}};{'d0': 0.024905832920049997};-276.475521885296;52.61927692168558
2967;-85.1050117517933;((((((x * (x + _a3_)) / _a5_) * x) + x) * pow2((_a7_ * pow3(_a2_)))) / _a5_);{'d0': {'_a2_': 0.4398603822580869, '_a3_': 0.6238594154553188, '_a5_': 0.525691770076691, '_a7_': -11.351069520932906, '_a0_': 1.0, '_a1_': 1.0, '_a4_': 1.0, '_a6_': 1.0}};{'d0': 0.02490583291949295};-276.475521886638;53.13274919152558
2968;-90.9422345581747;(((((x * (x + _a3_)) / _a5_) * x) + x) * pow2((_a7_ * pow3(_a2_))));{'d0': {'_a2_': 0.4130524377512994, '_a3_': 0.6238594156447074, '_a5_': 0.5256917705169379, '_a7_': -18.906021409974777, '_a0_': 1.0, '_a1_': 1.0, '_a4_': 1.0, '_a6_': 1.0}};{'d0': 0.024905832920958867};-276.475521883106;47.29552638337839
2969;-90.9422345581747;(((((x * (x + _a3_)) / _a5_) * x) + x) * pow2((_a7_ * pow3(_a2_))));{'d0': {'_a2_': 0.4130524377512994, '_a3_': 0.6238594156447074, '_a5_': 0.5256917705169379, '_a7_': -18.906021409974777, '_a0_': 1.0, '_a1_': 1.0, '_a4_': 1.0, '_a6_': 1.0}};{'d0': 0.024905832920958867};-276.475521883106;47.29552638337839
2970;-90.9422345581747;(((((x * (x + _a3_)) / _a5_) * x) + x) * pow2((_a7_ * pow3(_a2_))));{'d0': {'_a2_': 0.4130524377512994, '_a3_': 0.6238594156447074, '_a5_': 0.5256917705169379, '_a7_': -18.906021409974777, '_a0_': 1.0, '_a1_': 1.0, '_a4_': 1.0, '_a6_': 1.0}};{'d0': 0.024905832920958867};-276.475521883106;47.29552638337839
2971;-90.9422345581747;(((((x * (x + _a3_)) / _a5_) * x) + x) * pow2((_a7_ * pow3(_a2_))));{'d0': {'_a2_': 0.4130524377512994, '_a3_': 0.6238594156447074, '_a5_': 0.5256917705169379, '_a7_': -18.906021409974777, '_a0_': 1.0, '_a1_': 1.0, '_a4_': 1.0, '_a6_': 1.0}};{'d0': 0.024905832920958867};-276.475521883106;47.29552638337839
2972;-90.9422345581747;(((((x * (x + _a3_)) / _a5_) * x) + x) * pow2((_a7_ * pow3(_a2_))));{'d0': {'_a2_': 0.4130524377512994, '_a3_': 0.6238594156447074, '_a5_': 0.5256917705169379, '_a7_': -18.906021409974777, '_a0_': 1.0, '_a1_': 1.0, '_a4_': 1.0, '_a6_': 1.0}};{'d0': 0.024905832920958867};-276.475521883106;47.29552638337839
2973;-90.9422345581747;(((((x * (x + _a3_)) / _a5_) * x) + x) * pow2((_a7_ * pow3(_a2_))));{'d0': {'_a2_': 0.4130524377512994, '_a3_': 0.6238594156447074, '_a5_': 0.5256917705169379, '_a7_': -18.906021409974777, '_a0_': 1.0, '_a1_': 1.0, '_a4_': 1.0, '_a6_': 1.0}};{'d0': 0.024905832920958867};-276.475521883106;47.29552638337839
2974;-90.9422345581747;(((((x * (x + _a3_)) / _a5_) * x) + x) * pow2((_a7_ * pow3(_a2_))));{'d0': {'_a2_': 0.4130524377512994, '_a3_': 0.6238594156447074, '_a5_': 0.5256917705169379, '_a7_': -18.906021409974777, '_a0_': 1.0, '_a1_': 1.0, '_a4_': 1.0, '_a6_': 1.0}};{'d0': 0.024905832920958867};-276.475521883106;47.29552638337839
2975;-90.9422345581747;(((((x * (x + _a3_)) / _a5_) * x) + x) * pow2((_a7_ * pow3(_a2_))));{'d0': {'_a2_': 0.4130524377512994, '_a3_': 0.6238594156447074, '_a5_': 0.5256917705169379, '_a7_': -18.906021409974777, '_a0_': 1.0, '_a1_': 1.0, '_a4_': 1.0, '_a6_': 1.0}};{'d0': 0.024905832920958867};-276.475521883106;47.29552638337839
2976;-99.5822889035534;(((((x * (x + _a3_)) / _a5_) * x) + x) * pow2((_a7_ * _a7_)));{'d0': {'_a3_': 0.6238594155467462, '_a5_': 0.525691770321585, '_a7_': -1.1542712310248973, '_a0_': 1.0, '_a1_': 1.0, '_a2_': 1.0, '_a4_': 1.0, '_a6_': 1.0}};{'d0': 0.024905832919416657};-280.569866449044;40.70264432096839
2977;-99.5822889035534;(((((x * (x + _a3_)) / _a5_) * x) + x) * pow2((_a7_ * _a7_)));{'d0': {'_a3_': 0.6238594155467462, '_a5_': 0.525691770321585, '_a7_': -1.1542712310248973, '_a0_': 1.0, '_a1_': 1.0, '_a2_': 1.0, '_a4_': 1.0, '_a6_': 1.0}};{'d0': 0.024905832919416657};-280.569866449044;40.70264432096839
2978;-99.5822889035534;(((((x * (x + _a3_)) / _a5_) * x) + x) * pow2((_a7_ * _a7_)));{'d0': {'_a3_': 0.6238594155467462, '_a5_': 0.525691770321585, '_a7_': -1.1542712310248973, '_a0_': 1.0, '_a1_': 1.0, '_a2_': 1.0, '_a4_': 1.0, '_a6_': 1.0}};{'d0': 0.024905832919416657};-280.569866449044;40.70264432096839
2979;-99.5822889035534;(((((x * (x + _a3_)) / _a5_) * x) + x) * pow2((_a7_ * _a7_)));{'d0': {'_a3_': 0.6238594155467462, '_a5_': 0.525691770321585, '_a7_': -1.1542712310248973, '_a0_': 1.0, '_a1_': 1.0, '_a2_': 1.0, '_a4_': 1.0, '_a6_': 1.0}};{'d0': 0.024905832919416657};-280.569866449044;40.70264432096839
2980;-99.5822889035534;(((((x * (x + _a3_)) / _a5_) * x) + x) * pow2((_a7_ * _a7_)));{'d0': {'_a3_': 0.6238594155467462, '_a5_': 0.525691770321585, '_a7_': -1.1542712310248973, '_a0_': 1.0, '_a1_': 1.0, '_a2_': 1.0, '_a4_': 1.0, '_a6_': 1.0}};{'d0': 0.024905832919416657};-280.569866449044;40.70264432096839
2981;-99.5822889035534;(((((x * (x + _a3_)) / _a5_) * x) + x) * pow2((_a7_ * _a7_)));{'d0': {'_a3_': 0.6238594155467462, '_a5_': 0.525691770321585, '_a7_': -1.1542712310248973, '_a0_': 1.0, '_a1_': 1.0, '_a2_': 1.0, '_a4_': 1.0, '_a6_': 1.0}};{'d0': 0.024905832919416657};-280.569866449044;40.70264432096839
2982;-99.5822889035534;(((((x * (x + _a3_)) / _a5_) * x) + x) * pow2((_a7_ * _a7_)));{'d0': {'_a3_': 0.6238594155467462, '_a5_': 0.525691770321585, '_a7_': -1.1542712310248973, '_a0_': 1.0, '_a1_': 1.0, '_a2_': 1.0, '_a4_': 1.0, '_a6_': 1.0}};{'d0': 0.024905832919416657};-280.569866449044;40.70264432096839
2983;-99.5822889035534;(((((x * (x + _a3_)) / _a5_) * x) + x) * pow2((_a7_ * _a7_)));{'d0': {'_a3_': 0.6238594155467462, '_a5_': 0.525691770321585, '_a7_': -1.1542712310248973, '_a0_': 1.0, '_a1_': 1.0, '_a2_': 1.0, '_a4_': 1.0, '_a6_': 1.0}};{'d0': 0.024905832919416657};-280.569866449044;40.70264432096839
2984;-99.5822889035534;(((((x * (x + _a3_)) / _a5_) * x) + x) * pow2((_a7_ * _a7_)));{'d0': {'_a3_': 0.6238594155467462, '_a5_': 0.525691770321585, '_a7_': -1.1542712310248973, '_a0_': 1.0, '_a1_': 1.0, '_a2_': 1.0, '_a4_': 1.0, '_a6_': 1.0}};{'d0': 0.024905832919416657};-280.569866449044;40.70264432096839
2985;-99.5822889035534;(((((x * (x + _a3_)) / _a5_) * x) + x) * pow2((_a7_ * _a7_)));{'d0': {'_a3_': 0.6238594155467462, '_a5_': 0.525691770321585, '_a7_': -1.1542712310248973, '_a0_': 1.0, '_a1_': 1.0, '_a2_': 1.0, '_a4_': 1.0, '_a6_': 1.0}};{'d0': 0.024905832919416657};-280.569866449044;40.70264432096839
2986;-99.5822889035534;(((((x * (x + _a3_)) / _a5_) * x) + x) * pow2((_a7_ * _a7_)));{'d0': {'_a3_': 0.6238594155467462, '_a5_': 0.525691770321585, '_a7_': -1.1542712310248973, '_a0_': 1.0, '_a1_': 1.0, '_a2_': 1.0, '_a4_': 1.0, '_a6_': 1.0}};{'d0': 0.024905832919416657};-280.569866449044;40.70264432096839
2987;-99.5822889035534;(((((x * (x + _a3_)) / _a5_) * x) + x) * pow2((_a7_ * _a7_)));{'d0': {'_a3_': 0.6238594155467462, '_a5_': 0.525691770321585, '_a7_': -1.1542712310248973, '_a0_': 1.0, '_a1_': 1.0, '_a2_': 1.0, '_a4_': 1.0, '_a6_': 1.0}};{'d0': 0.024905832919416657};-280.569866449044;40.70264432096839
2988;-99.5822889035534;(((((x * (x + _a3_)) / _a5_) * x) + x) * pow2((_a7_ * _a7_)));{'d0': {'_a3_': 0.6238594155467462, '_a5_': 0.525691770321585, '_a7_': -1.1542712310248973, '_a0_': 1.0, '_a1_': 1.0, '_a2_': 1.0, '_a4_': 1.0, '_a6_': 1.0}};{'d0': 0.024905832919416657};-280.569866449044;40.70264432096839
2989;-99.5822889035534;(((((x * (x + _a3_)) / _a5_) * x) + x) * pow2((_a7_ * _a7_)));{'d0': {'_a3_': 0.6238594155467462, '_a5_': 0.525691770321585, '_a7_': -1.1542712310248973, '_a0_': 1.0, '_a1_': 1.0, '_a2_': 1.0, '_a4_': 1.0, '_a6_': 1.0}};{'d0': 0.024905832919416657};-280.569866449044;40.70264432096839
2990;-99.5822889035534;(((((x * (x + _a3_)) / _a5_) * x) + x) * pow2((_a7_ * _a7_)));{'d0': {'_a3_': 0.6238594155467462, '_a5_': 0.525691770321585, '_a7_': -1.1542712310248973, '_a0_': 1.0, '_a1_': 1.0, '_a2_': 1.0, '_a4_': 1.0, '_a6_': 1.0}};{'d0': 0.024905832919416657};-280.569866449044;40.70264432096839
2991;-99.5822889035534;(((((x * (x + _a3_)) / _a5_) * x) + x) * pow2((_a7_ * _a7_)));{'d0': {'_a3_': 0.6238594155467462, '_a5_': 0.525691770321585, '_a7_': -1.1542712310248973, '_a0_': 1.0, '_a1_': 1.0, '_a2_': 1.0, '_a4_': 1.0, '_a6_': 1.0}};{'d0': 0.024905832919416657};-280.569866449044;40.70264432096839
2992;-99.5822889035534;(((((x * (x + _a3_)) / _a5_) * x) + x) * pow2((_a7_ * _a7_)));{'d0': {'_a3_': 0.6238594155467462, '_a5_': 0.525691770321585, '_a7_': -1.1542712310248973, '_a0_': 1.0, '_a1_': 1.0, '_a2_': 1.0, '_a4_': 1.0, '_a6_': 1.0}};{'d0': 0.024905832919416657};-280.569866449044;40.70264432096839
2993;-99.5822889035534;(((((x * (x + _a3_)) / _a5_) * x) + x) * pow2((_a7_ * _a7_)));{'d0': {'_a3_': 0.6238594155467462, '_a5_': 0.525691770321585, '_a7_': -1.1542712310248973, '_a0_': 1.0, '_a1_': 1.0, '_a2_': 1.0, '_a4_': 1.0, '_a6_': 1.0}};{'d0': 0.024905832919416657};-280.569866449044;40.70264432096839
2994;-99.5822889035534;(((((x * (x + _a3_)) / _a5_) * x) + x) * pow2((_a7_ * _a7_)));{'d0': {'_a3_': 0.6238594155467462, '_a5_': 0.525691770321585, '_a7_': -1.1542712310248973, '_a0_': 1.0, '_a1_': 1.0, '_a2_': 1.0, '_a4_': 1.0, '_a6_': 1.0}};{'d0': 0.024905832919416657};-280.569866449044;40.70264432096839
2995;-99.5822889035534;(((((x * (x + _a3_)) / _a5_) * x) + x) * pow2((_a7_ * _a7_)));{'d0': {'_a3_': 0.6238594155467462, '_a5_': 0.525691770321585, '_a7_': -1.1542712310248973, '_a0_': 1.0, '_a1_': 1.0, '_a2_': 1.0, '_a4_': 1.0, '_a6_': 1.0}};{'d0': 0.024905832919416657};-280.569866449044;40.70264432096839
2996;-99.5822889035534;(((((x * (x + _a3_)) / _a5_) * x) + x) * pow2((_a7_ * _a7_)));{'d0': {'_a3_': 0.6238594155467462, '_a5_': 0.525691770321585, '_a7_': -1.1542712310248973, '_a0_': 1.0, '_a1_': 1.0, '_a2_': 1.0, '_a4_': 1.0, '_a6_': 1.0}};{'d0': 0.024905832919416657};-280.569866449044;40.70264432096839
2997;-99.5822889035534;(((((x * (x + _a3_)) / _a5_) * x) + x) * pow2((_a7_ * _a7_)));{'d0': {'_a3_': 0.6238594155467462, '_a5_': 0.525691770321585, '_a7_': -1.1542712310248973, '_a0_': 1.0, '_a1_': 1.0, '_a2_': 1.0, '_a4_': 1.0, '_a6_': 1.0}};{'d0': 0.024905832919416657};-280.569866449044;40.70264432096839
2998;-99.5822889035534;(((((x * (x + _a3_)) / _a5_) * x) + x) * pow2((_a7_ * _a7_)));{'d0': {'_a3_': 0.6238594155467462, '_a5_': 0.525691770321585, '_a7_': -1.1542712310248973, '_a0_': 1.0, '_a1_': 1.0, '_a2_': 1.0, '_a4_': 1.0, '_a6_': 1.0}};{'d0': 0.024905832919416657};-280.569866449044;40.70264432096839
2999;-99.5822889035534;(((((x * (x + _a3_)) / _a5_) * x) + x) * pow2((_a7_ * _a7_)));{'d0': {'_a3_': 0.6238594155467462, '_a5_': 0.525691770321585, '_a7_': -1.1542712310248973, '_a0_': 1.0, '_a1_': 1.0, '_a2_': 1.0, '_a4_': 1.0, '_a6_': 1.0}};{'d0': 0.024905832919416657};-280.569866449044;40.70264432096839
3000;-99.5822889035534;(((((x * (x + _a3_)) / _a5_) * x) + x) * pow2((_a7_ * _a7_)));{'d0': {'_a3_': 0.6238594155467462, '_a5_': 0.525691770321585, '_a7_': -1.1542712310248973, '_a0_': 1.0, '_a1_': 1.0, '_a2_': 1.0, '_a4_': 1.0, '_a6_': 1.0}};{'d0': 0.024905832919416657};-280.569866449044;40.70264432096839
3001;-74.0446925983123;((cos(((x + _a5_) + _a5_)) * (-(fac(_a7_)) / _a6_)) + (_a2_ + (_a7_ + (_a7_ * x))));{'d0': {'_a2_': -17.96665722833062, '_a5_': 7465.313419665196, '_a6_': -1.320138255030201e+20, '_a7_': 22.28886749979799, '_a0_': 1.0, '_a1_': 1.0, '_a3_': 1.0, '_a4_': 1.0}};{'d0': 0.025805100781212884};-274.347313051498;63.12896392743678
3002;-74.0446925983123;((cos(((x + _a5_) + _a5_)) * (-(fac(_a7_)) / _a6_)) + (_a2_ + (_a7_ + (_a7_ * x))));{'d0': {'_a2_': -17.96665722833062, '_a5_': 7465.313419665196, '_a6_': -1.320138255030201e+20, '_a7_': 22.28886749979799, '_a0_': 1.0, '_a1_': 1.0, '_a3_': 1.0, '_a4_': 1.0}};{'d0': 0.025805100781212884};-274.347313051498;63.12896392743678
3003;-74.0446925983123;((cos(((x + _a5_) + _a5_)) * (-(fac(_a7_)) / _a6_)) + (_a2_ + (_a7_ + (_a7_ * x))));{'d0': {'_a2_': -17.96665722833062, '_a5_': 7465.313419665196, '_a6_': -1.320138255030201e+20, '_a7_': 22.28886749979799, '_a0_': 1.0, '_a1_': 1.0, '_a3_': 1.0, '_a4_': 1.0}};{'d0': 0.025805100781212884};-274.347313051498;63.12896392743678
3004;-74.0446925983123;((cos(((x + _a5_) + _a5_)) * (-(fac(_a7_)) / _a6_)) + (_a2_ + (_a7_ + (_a7_ * x))));{'d0': {'_a2_': -17.96665722833062, '_a5_': 7465.313419665196, '_a6_': -1.320138255030201e+20, '_a7_': 22.28886749979799, '_a0_': 1.0, '_a1_': 1.0, '_a3_': 1.0, '_a4_': 1.0}};{'d0': 0.025805100781212884};-274.347313051498;63.12896392743678
3005;-74.0446925983123;((cos(((x + _a5_) + _a5_)) * (-(fac(_a7_)) / _a6_)) + (_a2_ + (_a7_ + (_a7_ * x))));{'d0': {'_a2_': -17.96665722833062, '_a5_': 7465.313419665196, '_a6_': -1.320138255030201e+20, '_a7_': 22.28886749979799, '_a0_': 1.0, '_a1_': 1.0, '_a3_': 1.0, '_a4_': 1.0}};{'d0': 0.025805100781212884};-274.347313051498;63.12896392743678
3006;-74.0446925983123;((cos(((x + _a5_) + _a5_)) * (-(fac(_a7_)) / _a6_)) + (_a2_ + (_a7_ + (_a7_ * x))));{'d0': {'_a2_': -17.96665722833062, '_a5_': 7465.313419665196, '_a6_': -1.320138255030201e+20, '_a7_': 22.28886749979799, '_a0_': 1.0, '_a1_': 1.0, '_a3_': 1.0, '_a4_': 1.0}};{'d0': 0.025805100781212884};-274.347313051498;63.12896392743678
3007;-74.0446925983123;((cos(((x + _a5_) + _a5_)) * (-(fac(_a7_)) / _a6_)) + (_a2_ + (_a7_ + (_a7_ * x))));{'d0': {'_a2_': -17.96665722833062, '_a5_': 7465.313419665196, '_a6_': -1.320138255030201e+20, '_a7_': 22.28886749979799, '_a0_': 1.0, '_a1_': 1.0, '_a3_': 1.0, '_a4_': 1.0}};{'d0': 0.025805100781212884};-274.347313051498;63.12896392743678
3008;-74.0446925983123;((cos(((x + _a5_) + _a5_)) * (-(fac(_a7_)) / _a6_)) + (_a2_ + (_a7_ + (_a7_ * x))));{'d0': {'_a2_': -17.96665722833062, '_a5_': 7465.313419665196, '_a6_': -1.320138255030201e+20, '_a7_': 22.28886749979799, '_a0_': 1.0, '_a1_': 1.0, '_a3_': 1.0, '_a4_': 1.0}};{'d0': 0.025805100781212884};-274.347313051498;63.12896392743678
3009;-74.0446925983123;((cos(((x + _a5_) + _a5_)) * (-(fac(_a7_)) / _a6_)) + (_a2_ + (_a7_ + (_a7_ * x))));{'d0': {'_a2_': -17.96665722833062, '_a5_': 7465.313419665196, '_a6_': -1.320138255030201e+20, '_a7_': 22.28886749979799, '_a0_': 1.0, '_a1_': 1.0, '_a3_': 1.0, '_a4_': 1.0}};{'d0': 0.025805100781212884};-274.347313051498;63.12896392743678
3010;-74.0446925983123;((cos(((x + _a5_) + _a5_)) * (-(fac(_a7_)) / _a6_)) + (_a2_ + (_a7_ + (_a7_ * x))));{'d0': {'_a2_': -17.96665722833062, '_a5_': 7465.313419665196, '_a6_': -1.320138255030201e+20, '_a7_': 22.28886749979799, '_a0_': 1.0, '_a1_': 1.0, '_a3_': 1.0, '_a4_': 1.0}};{'d0': 0.025805100781212884};-274.347313051498;63.12896392743678
3011;-74.0446925983123;((cos(((x + _a5_) + _a5_)) * (-(fac(_a7_)) / _a6_)) + (_a2_ + (_a7_ + (_a7_ * x))));{'d0': {'_a2_': -17.96665722833062, '_a5_': 7465.313419665196, '_a6_': -1.320138255030201e+20, '_a7_': 22.28886749979799, '_a0_': 1.0, '_a1_': 1.0, '_a3_': 1.0, '_a4_': 1.0}};{'d0': 0.025805100781212884};-274.347313051498;63.12896392743678
3012;-74.0446925983123;((cos(((x + _a5_) + _a5_)) * (-(fac(_a7_)) / _a6_)) + (_a2_ + (_a7_ + (_a7_ * x))));{'d0': {'_a2_': -17.96665722833062, '_a5_': 7465.313419665196, '_a6_': -1.320138255030201e+20, '_a7_': 22.28886749979799, '_a0_': 1.0, '_a1_': 1.0, '_a3_': 1.0, '_a4_': 1.0}};{'d0': 0.025805100781212884};-274.347313051498;63.12896392743678
3013;-74.0446925983123;((cos(((x + _a5_) + _a5_)) * (-(fac(_a7_)) / _a6_)) + (_a2_ + (_a7_ + (_a7_ * x))));{'d0': {'_a2_': -17.96665722833062, '_a5_': 7465.313419665196, '_a6_': -1.320138255030201e+20, '_a7_': 22.28886749979799, '_a0_': 1.0, '_a1_': 1.0, '_a3_': 1.0, '_a4_': 1.0}};{'d0': 0.025805100781212884};-274.347313051498;63.12896392743678
3014;-74.0446925983123;((cos(((x + _a5_) + _a5_)) * (-(fac(_a7_)) / _a6_)) + (_a2_ + (_a7_ + (_a7_ * x))));{'d0': {'_a2_': -17.96665722833062, '_a5_': 7465.313419665196, '_a6_': -1.320138255030201e+20, '_a7_': 22.28886749979799, '_a0_': 1.0, '_a1_': 1.0, '_a3_': 1.0, '_a4_': 1.0}};{'d0': 0.025805100781212884};-274.347313051498;63.12896392743678
3015;-74.0446925983123;((cos(((x + _a5_) + _a5_)) * (-(fac(_a7_)) / _a6_)) + (_a2_ + (_a7_ + (_a7_ * x))));{'d0': {'_a2_': -17.96665722833062, '_a5_': 7465.313419665196, '_a6_': -1.320138255030201e+20, '_a7_': 22.28886749979799, '_a0_': 1.0, '_a1_': 1.0, '_a3_': 1.0, '_a4_': 1.0}};{'d0': 0.025805100781212884};-274.347313051498;63.12896392743678
3016;-74.0446925983123;((cos(((x + _a5_) + _a5_)) * (-(fac(_a7_)) / _a6_)) + (_a2_ + (_a7_ + (_a7_ * x))));{'d0': {'_a2_': -17.96665722833062, '_a5_': 7465.313419665196, '_a6_': -1.320138255030201e+20, '_a7_': 22.28886749979799, '_a0_': 1.0, '_a1_': 1.0, '_a3_': 1.0, '_a4_': 1.0}};{'d0': 0.025805100781212884};-274.347313051498;63.12896392743678
3017;-74.0446925983123;((cos(((x + _a5_) + _a5_)) * (-(fac(_a7_)) / _a6_)) + (_a2_ + (_a7_ + (_a7_ * x))));{'d0': {'_a2_': -17.96665722833062, '_a5_': 7465.313419665196, '_a6_': -1.320138255030201e+20, '_a7_': 22.28886749979799, '_a0_': 1.0, '_a1_': 1.0, '_a3_': 1.0, '_a4_': 1.0}};{'d0': 0.025805100781212884};-274.347313051498;63.12896392743678
3018;-74.0446925983123;((cos(((x + _a5_) + _a5_)) * (-(fac(_a7_)) / _a6_)) + (_a2_ + (_a7_ + (_a7_ * x))));{'d0': {'_a2_': -17.96665722833062, '_a5_': 7465.313419665196, '_a6_': -1.320138255030201e+20, '_a7_': 22.28886749979799, '_a0_': 1.0, '_a1_': 1.0, '_a3_': 1.0, '_a4_': 1.0}};{'d0': 0.025805100781212884};-274.347313051498;63.12896392743678
3019;-74.0446925983123;((cos(((x + _a5_) + _a5_)) * (-(fac(_a7_)) / _a6_)) + (_a2_ + (_a7_ + (_a7_ * x))));{'d0': {'_a2_': -17.96665722833062, '_a5_': 7465.313419665196, '_a6_': -1.320138255030201e+20, '_a7_': 22.28886749979799, '_a0_': 1.0, '_a1_': 1.0, '_a3_': 1.0, '_a4_': 1.0}};{'d0': 0.025805100781212884};-274.347313051498;63.12896392743678
3020;-74.0446925983123;((cos(((x + _a5_) + _a5_)) * (-(fac(_a7_)) / _a6_)) + (_a2_ + (_a7_ + (_a7_ * x))));{'d0': {'_a2_': -17.96665722833062, '_a5_': 7465.313419665196, '_a6_': -1.320138255030201e+20, '_a7_': 22.28886749979799, '_a0_': 1.0, '_a1_': 1.0, '_a3_': 1.0, '_a4_': 1.0}};{'d0': 0.025805100781212884};-274.347313051498;63.12896392743678
3021;-74.0446925983123;((cos(((x + _a5_) + _a5_)) * (-(fac(_a7_)) / _a6_)) + (_a2_ + (_a7_ + (_a7_ * x))));{'d0': {'_a2_': -17.96665722833062, '_a5_': 7465.313419665196, '_a6_': -1.320138255030201e+20, '_a7_': 22.28886749979799, '_a0_': 1.0, '_a1_': 1.0, '_a3_': 1.0, '_a4_': 1.0}};{'d0': 0.025805100781212884};-274.347313051498;63.12896392743678
3022;-74.0446925983123;((cos(((x + _a5_) + _a5_)) * (-(fac(_a7_)) / _a6_)) + (_a2_ + (_a7_ + (_a7_ * x))));{'d0': {'_a2_': -17.96665722833062, '_a5_': 7465.313419665196, '_a6_': -1.320138255030201e+20, '_a7_': 22.28886749979799, '_a0_': 1.0, '_a1_': 1.0, '_a3_': 1.0, '_a4_': 1.0}};{'d0': 0.025805100781212884};-274.347313051498;63.12896392743678
3023;-74.0446925983123;((cos(((x + _a5_) + _a5_)) * (-(fac(_a7_)) / _a6_)) + (_a2_ + (_a7_ + (_a7_ * x))));{'d0': {'_a2_': -17.96665722833062, '_a5_': 7465.313419665196, '_a6_': -1.320138255030201e+20, '_a7_': 22.28886749979799, '_a0_': 1.0, '_a1_': 1.0, '_a3_': 1.0, '_a4_': 1.0}};{'d0': 0.025805100781212884};-274.347313051498;63.12896392743678
3024;-74.0446925983123;((cos(((x + _a5_) + _a5_)) * (-(fac(_a7_)) / _a6_)) + (_a2_ + (_a7_ + (_a7_ * x))));{'d0': {'_a2_': -17.96665722833062, '_a5_': 7465.313419665196, '_a6_': -1.320138255030201e+20, '_a7_': 22.28886749979799, '_a0_': 1.0, '_a1_': 1.0, '_a3_': 1.0, '_a4_': 1.0}};{'d0': 0.025805100781212884};-274.347313051498;63.12896392743678
3025;-74.0446925983123;((cos(((x + _a5_) + _a5_)) * (-(fac(_a7_)) / _a6_)) + (_a2_ + (_a7_ + (_a7_ * x))));{'d0': {'_a2_': -17.96665722833062, '_a5_': 7465.313419665196, '_a6_': -1.320138255030201e+20, '_a7_': 22.28886749979799, '_a0_': 1.0, '_a1_': 1.0, '_a3_': 1.0, '_a4_': 1.0}};{'d0': 0.025805100781212884};-274.347313051498;63.12896392743678
3026;-74.0446925983123;((cos(((x + _a5_) + _a5_)) * (-(fac(_a7_)) / _a6_)) + (_a2_ + (_a7_ + (_a7_ * x))));{'d0': {'_a2_': -17.96665722833062, '_a5_': 7465.313419665196, '_a6_': -1.320138255030201e+20, '_a7_': 22.28886749979799, '_a0_': 1.0, '_a1_': 1.0, '_a3_': 1.0, '_a4_': 1.0}};{'d0': 0.025805100781212884};-274.347313051498;63.12896392743678
3027;-74.0446925983123;((cos(((x + _a5_) + _a5_)) * (-(fac(_a7_)) / _a6_)) + (_a2_ + (_a7_ + (_a7_ * x))));{'d0': {'_a2_': -17.96665722833062, '_a5_': 7465.313419665196, '_a6_': -1.320138255030201e+20, '_a7_': 22.28886749979799, '_a0_': 1.0, '_a1_': 1.0, '_a3_': 1.0, '_a4_': 1.0}};{'d0': 0.025805100781212884};-274.347313051498;63.12896392743678
3028;-74.0446925983123;((cos(((x + _a5_) + _a5_)) * (-(fac(_a7_)) / _a6_)) + (_a2_ + (_a7_ + (_a7_ * x))));{'d0': {'_a2_': -17.96665722833062, '_a5_': 7465.313419665196, '_a6_': -1.320138255030201e+20, '_a7_': 22.28886749979799, '_a0_': 1.0, '_a1_': 1.0, '_a3_': 1.0, '_a4_': 1.0}};{'d0': 0.025805100781212884};-274.347313051498;63.12896392743678
3029;-74.0446925983123;((cos(((x + _a5_) + _a5_)) * (-(fac(_a7_)) / _a6_)) + (_a2_ + (_a7_ + (_a7_ * x))));{'d0': {'_a2_': -17.96665722833062, '_a5_': 7465.313419665196, '_a6_': -1.320138255030201e+20, '_a7_': 22.28886749979799, '_a0_': 1.0, '_a1_': 1.0, '_a3_': 1.0, '_a4_': 1.0}};{'d0': 0.025805100781212884};-274.347313051498;63.12896392743678
3030;-74.0446925983123;((cos(((x + _a5_) + _a5_)) * (-(fac(_a7_)) / _a6_)) + (_a2_ + (_a7_ + (_a7_ * x))));{'d0': {'_a2_': -17.96665722833062, '_a5_': 7465.313419665196, '_a6_': -1.320138255030201e+20, '_a7_': 22.28886749979799, '_a0_': 1.0, '_a1_': 1.0, '_a3_': 1.0, '_a4_': 1.0}};{'d0': 0.025805100781212884};-274.347313051498;63.12896392743678
3031;-74.0446925983123;((cos(((x + _a5_) + _a5_)) * (-(fac(_a7_)) / _a6_)) + (_a2_ + (_a7_ + (_a7_ * x))));{'d0': {'_a2_': -17.96665722833062, '_a5_': 7465.313419665196, '_a6_': -1.320138255030201e+20, '_a7_': 22.28886749979799, '_a0_': 1.0, '_a1_': 1.0, '_a3_': 1.0, '_a4_': 1.0}};{'d0': 0.025805100781212884};-274.347313051498;63.12896392743678
3032;-83.3002922570168;((pow3(-((x + (_a3_ + _a6_)))) * _a3_) + (pow3(((_a5_ * x) * _a5_)) + _a7_));{'d0': {'_a3_': -0.8382651836191324, '_a5_': 1.16840493223375, '_a6_': 1.6783158425490756, '_a7_': -0.49795720715073655, '_a0_': 1.0, '_a1_': 1.0, '_a2_': 1.0, '_a4_': 1.0}};{'d0': 0.024885482501866844};-276.524567593312;54.961991539639385
3033;-83.3002922570168;((pow3(-((x + (_a3_ + _a6_)))) * _a3_) + (pow3(((_a5_ * x) * _a5_)) + _a7_));{'d0': {'_a3_': -0.8382651836191324, '_a5_': 1.16840493223375, '_a6_': 1.6783158425490756, '_a7_': -0.49795720715073655, '_a0_': 1.0, '_a1_': 1.0, '_a2_': 1.0, '_a4_': 1.0}};{'d0': 0.024885482501866844};-276.524567593312;54.961991539639385
3034;-83.3002922570168;((pow3(-((x + (_a3_ + _a6_)))) * _a3_) + (pow3(((_a5_ * x) * _a5_)) + _a7_));{'d0': {'_a3_': -0.8382651836191324, '_a5_': 1.16840493223375, '_a6_': 1.6783158425490756, '_a7_': -0.49795720715073655, '_a0_': 1.0, '_a1_': 1.0, '_a2_': 1.0, '_a4_': 1.0}};{'d0': 0.024885482501866844};-276.524567593312;54.961991539639385
3035;-83.3002922570168;((pow3(-((x + (_a3_ + _a6_)))) * _a3_) + (pow3(((_a5_ * x) * _a5_)) + _a7_));{'d0': {'_a3_': -0.8382651836191324, '_a5_': 1.16840493223375, '_a6_': 1.6783158425490756, '_a7_': -0.49795720715073655, '_a0_': 1.0, '_a1_': 1.0, '_a2_': 1.0, '_a4_': 1.0}};{'d0': 0.024885482501866844};-276.524567593312;54.961991539639385
3036;-83.3002922570168;((pow3(-((x + (_a3_ + _a6_)))) * _a3_) + (pow3(((_a5_ * x) * _a5_)) + _a7_));{'d0': {'_a3_': -0.8382651836191324, '_a5_': 1.16840493223375, '_a6_': 1.6783158425490756, '_a7_': -0.49795720715073655, '_a0_': 1.0, '_a1_': 1.0, '_a2_': 1.0, '_a4_': 1.0}};{'d0': 0.024885482501866844};-276.524567593312;54.961991539639385
3037;-83.3002922570168;((pow3(-((x + (_a3_ + _a6_)))) * _a3_) + (pow3(((_a5_ * x) * _a5_)) + _a7_));{'d0': {'_a3_': -0.8382651836191324, '_a5_': 1.16840493223375, '_a6_': 1.6783158425490756, '_a7_': -0.49795720715073655, '_a0_': 1.0, '_a1_': 1.0, '_a2_': 1.0, '_a4_': 1.0}};{'d0': 0.024885482501866844};-276.524567593312;54.961991539639385
3038;-83.3002922570168;((pow3(-((x + (_a3_ + _a6_)))) * _a6_) + (pow3(((_a5_ * x) * _a5_)) + _a7_));{'d0': {'_a3_': 1.6783158407657006, '_a5_': 1.1684049321316985, '_a6_': -0.838265179781228, '_a7_': -0.4979572080833387, '_a0_': 1.0, '_a1_': 1.0, '_a2_': 1.0, '_a4_': 1.0}};{'d0': 0.024885482501866847};-276.524567593312;54.961991539639385
3039;-89.2208933060469;((pow3(-((x + _a3_))) * _a6_) + (pow3(((_a5_ * x) * _a5_)) + _a7_));{'d0': {'_a3_': 0.8400506602400978, '_a5_': 1.168404932162919, '_a6_': -0.8382651812193254, '_a7_': -0.4979572077890488, '_a0_': 1.0, '_a1_': 1.0, '_a2_': 1.0, '_a4_': 1.0}};{'d0': 0.024885482501866812};-276.524567593313;49.04139049060939
3040;-89.2208933060469;((pow3(-((x + _a3_))) * _a6_) + (pow3(((_a5_ * x) * _a5_)) + _a7_));{'d0': {'_a3_': 0.8400506602400978, '_a5_': 1.168404932162919, '_a6_': -0.8382651812193254, '_a7_': -0.4979572077890488, '_a0_': 1.0, '_a1_': 1.0, '_a2_': 1.0, '_a4_': 1.0}};{'d0': 0.024885482501866812};-276.524567593313;49.04139049060939
3041;-89.2208933060469;((pow3(-((x + _a3_))) * _a6_) + (pow3(((_a5_ * x) * _a5_)) + _a7_));{'d0': {'_a3_': 0.8400506602400978, '_a5_': 1.168404932162919, '_a6_': -0.8382651812193254, '_a7_': -0.4979572077890488, '_a0_': 1.0, '_a1_': 1.0, '_a2_': 1.0, '_a4_': 1.0}};{'d0': 0.024885482501866812};-276.524567593313;49.04139049060939
3042;-89.2208933060469;((pow3(-((x + _a3_))) * _a6_) + (pow3(((_a5_ * x) * _a5_)) + _a7_));{'d0': {'_a3_': 0.8400506602400978, '_a5_': 1.168404932162919, '_a6_': -0.8382651812193254, '_a7_': -0.4979572077890488, '_a0_': 1.0, '_a1_': 1.0, '_a2_': 1.0, '_a4_': 1.0}};{'d0': 0.024885482501866812};-276.524567593313;49.04139049060939
3043;-89.2208933060469;((pow3(-((x + _a3_))) * _a6_) + (pow3(((_a5_ * x) * _a5_)) + _a7_));{'d0': {'_a3_': 0.8400506602400978, '_a5_': 1.168404932162919, '_a6_': -0.8382651812193254, '_a7_': -0.4979572077890488, '_a0_': 1.0, '_a1_': 1.0, '_a2_': 1.0, '_a4_': 1.0}};{'d0': 0.024885482501866812};-276.524567593313;49.04139049060939
3044;-89.2208933060469;((pow3(-((x + _a3_))) * _a6_) + (pow3(((_a5_ * x) * _a5_)) + _a7_));{'d0': {'_a3_': 0.8400506602400978, '_a5_': 1.168404932162919, '_a6_': -0.8382651812193254, '_a7_': -0.4979572077890488, '_a0_': 1.0, '_a1_': 1.0, '_a2_': 1.0, '_a4_': 1.0}};{'d0': 0.024885482501866812};-276.524567593313;49.04139049060939
3045;-89.2208933060469;((pow3(-((x + _a3_))) * _a6_) + (pow3(((_a5_ * x) * _a5_)) + _a7_));{'d0': {'_a3_': 0.8400506602400978, '_a5_': 1.168404932162919, '_a6_': -0.8382651812193254, '_a7_': -0.4979572077890488, '_a0_': 1.0, '_a1_': 1.0, '_a2_': 1.0, '_a4_': 1.0}};{'d0': 0.024885482501866812};-276.524567593313;49.04139049060939
3046;-89.2208933060469;((pow3(-((x + _a3_))) * _a6_) + (pow3(((_a5_ * x) * _a5_)) + _a7_));{'d0': {'_a3_': 0.8400506602400978, '_a5_': 1.168404932162919, '_a6_': -0.8382651812193254, '_a7_': -0.4979572077890488, '_a0_': 1.0, '_a1_': 1.0, '_a2_': 1.0, '_a4_': 1.0}};{'d0': 0.024885482501866812};-276.524567593313;49.04139049060939
3047;-89.2208933060469;((pow3(-((x + _a3_))) * _a6_) + (pow3(((_a5_ * x) * _a5_)) + _a7_));{'d0': {'_a3_': 0.8400506602400978, '_a5_': 1.168404932162919, '_a6_': -0.8382651812193254, '_a7_': -0.4979572077890488, '_a0_': 1.0, '_a1_': 1.0, '_a2_': 1.0, '_a4_': 1.0}};{'d0': 0.024885482501866812};-276.524567593313;49.04139049060939
3048;-89.2208933060469;((pow3(-((x + _a3_))) * _a6_) + (pow3(((_a5_ * x) * _a5_)) + _a7_));{'d0': {'_a3_': 0.8400506602400978, '_a5_': 1.168404932162919, '_a6_': -0.8382651812193254, '_a7_': -0.4979572077890488, '_a0_': 1.0, '_a1_': 1.0, '_a2_': 1.0, '_a4_': 1.0}};{'d0': 0.024885482501866812};-276.524567593313;49.04139049060939
3049;-89.2208933060469;((pow3(-((x + _a3_))) * _a6_) + (pow3(((_a5_ * x) * _a5_)) + _a7_));{'d0': {'_a3_': 0.8400506602400978, '_a5_': 1.168404932162919, '_a6_': -0.8382651812193254, '_a7_': -0.4979572077890488, '_a0_': 1.0, '_a1_': 1.0, '_a2_': 1.0, '_a4_': 1.0}};{'d0': 0.024885482501866812};-276.524567593313;49.04139049060939
3050;-89.2208933060469;((pow3(-((x + _a3_))) * _a6_) + (pow3(((_a5_ * x) * _a5_)) + _a7_));{'d0': {'_a3_': 0.8400506602400978, '_a5_': 1.168404932162919, '_a6_': -0.8382651812193254, '_a7_': -0.4979572077890488, '_a0_': 1.0, '_a1_': 1.0, '_a2_': 1.0, '_a4_': 1.0}};{'d0': 0.024885482501866812};-276.524567593313;49.04139049060939
3051;-89.2208933060469;((pow3(-((x + _a3_))) * _a6_) + (pow3(((_a5_ * x) * _a5_)) + _a7_));{'d0': {'_a3_': 0.8400506602400978, '_a5_': 1.168404932162919, '_a6_': -0.8382651812193254, '_a7_': -0.4979572077890488, '_a0_': 1.0, '_a1_': 1.0, '_a2_': 1.0, '_a4_': 1.0}};{'d0': 0.024885482501866812};-276.524567593313;49.04139049060939
3052;-89.2208933060469;((pow3(-((x + _a3_))) * _a6_) + (pow3(((_a5_ * x) * _a5_)) + _a7_));{'d0': {'_a3_': 0.8400506602400978, '_a5_': 1.168404932162919, '_a6_': -0.8382651812193254, '_a7_': -0.4979572077890488, '_a0_': 1.0, '_a1_': 1.0, '_a2_': 1.0, '_a4_': 1.0}};{'d0': 0.024885482501866812};-276.524567593313;49.04139049060939
3053;-89.2208933060469;((pow3(-((x + _a3_))) * _a6_) + (pow3(((_a5_ * x) * _a5_)) + _a7_));{'d0': {'_a3_': 0.8400506602400978, '_a5_': 1.168404932162919, '_a6_': -0.8382651812193254, '_a7_': -0.4979572077890488, '_a0_': 1.0, '_a1_': 1.0, '_a2_': 1.0, '_a4_': 1.0}};{'d0': 0.024885482501866812};-276.524567593313;49.04139049060939
3054;-89.2208933060469;((pow3(-((x + _a3_))) * _a6_) + (pow3(((_a5_ * x) * _a5_)) + _a7_));{'d0': {'_a3_': 0.8400506602400978, '_a5_': 1.168404932162919, '_a6_': -0.8382651812193254, '_a7_': -0.4979572077890488, '_a0_': 1.0, '_a1_': 1.0, '_a2_': 1.0, '_a4_': 1.0}};{'d0': 0.024885482501866812};-276.524567593313;49.04139049060939
3055;-89.2208933060469;((pow3(-((x + _a3_))) * _a6_) + (pow3(((_a5_ * x) * _a5_)) + _a7_));{'d0': {'_a3_': 0.8400506602400978, '_a5_': 1.168404932162919, '_a6_': -0.8382651812193254, '_a7_': -0.4979572077890488, '_a0_': 1.0, '_a1_': 1.0, '_a2_': 1.0, '_a4_': 1.0}};{'d0': 0.024885482501866812};-276.524567593313;49.04139049060939
3056;-89.2208933060469;((pow3(-((x + _a3_))) * _a6_) + (pow3(((_a5_ * x) * _a5_)) + _a7_));{'d0': {'_a3_': 0.8400506602400978, '_a5_': 1.168404932162919, '_a6_': -0.8382651812193254, '_a7_': -0.4979572077890488, '_a0_': 1.0, '_a1_': 1.0, '_a2_': 1.0, '_a4_': 1.0}};{'d0': 0.024885482501866812};-276.524567593313;49.04139049060939
3057;-99.4619796209259;(((((x * (x + _a2_)) + _a5_) * x) + x) * pow2((_a7_ * _a7_)));{'d0': {'_a2_': 0.6238594154511727, '_a5_': -0.4743082301298243, '_a7_': -1.3555797636169322, '_a0_': 1.0, '_a1_': 1.0, '_a3_': 1.0, '_a4_': 1.0, '_a6_': 1.0}};{'d0': 0.024905832919416615};-280.569866449044;40.82295360359599
3058;-99.4619796209259;(((((x * (x + _a2_)) + _a5_) * x) + x) * pow2((_a7_ * _a7_)));{'d0': {'_a2_': 0.6238594154511727, '_a5_': -0.4743082301298243, '_a7_': -1.3555797636169322, '_a0_': 1.0, '_a1_': 1.0, '_a3_': 1.0, '_a4_': 1.0, '_a6_': 1.0}};{'d0': 0.024905832919416615};-280.569866449044;40.82295360359599
3059;-99.4619796209259;(((((x * (x + _a2_)) + _a5_) * x) + x) * pow2((_a7_ * _a7_)));{'d0': {'_a2_': 0.6238594154511727, '_a5_': -0.4743082301298243, '_a7_': -1.3555797636169322, '_a0_': 1.0, '_a1_': 1.0, '_a3_': 1.0, '_a4_': 1.0, '_a6_': 1.0}};{'d0': 0.024905832919416615};-280.569866449044;40.82295360359599
3060;-99.4619796209259;(((((x * (x + _a2_)) + _a5_) * x) + x) * pow2((_a7_ * _a7_)));{'d0': {'_a2_': 0.6238594154511727, '_a5_': -0.4743082301298243, '_a7_': -1.3555797636169322, '_a0_': 1.0, '_a1_': 1.0, '_a3_': 1.0, '_a4_': 1.0, '_a6_': 1.0}};{'d0': 0.024905832919416615};-280.569866449044;40.82295360359599
3061;-99.4619796209259;(((((x * (x + _a2_)) + _a5_) * x) + x) * pow2((_a7_ * _a7_)));{'d0': {'_a2_': 0.6238594154511727, '_a5_': -0.4743082301298243, '_a7_': -1.3555797636169322, '_a0_': 1.0, '_a1_': 1.0, '_a3_': 1.0, '_a4_': 1.0, '_a6_': 1.0}};{'d0': 0.024905832919416615};-280.569866449044;40.82295360359599
3062;-99.4619796209259;(((((x * (x + _a2_)) + _a5_) * x) + x) * pow2((_a7_ * _a7_)));{'d0': {'_a2_': 0.6238594154511727, '_a5_': -0.4743082301298243, '_a7_': -1.3555797636169322, '_a0_': 1.0, '_a1_': 1.0, '_a3_': 1.0, '_a4_': 1.0, '_a6_': 1.0}};{'d0': 0.024905832919416615};-280.569866449044;40.82295360359599
3063;-99.4619796209259;(((((x * (x + _a2_)) + _a5_) * x) + x) * pow2((_a7_ * _a7_)));{'d0': {'_a2_': 0.6238594154511727, '_a5_': -0.4743082301298243, '_a7_': -1.3555797636169322, '_a0_': 1.0, '_a1_': 1.0, '_a3_': 1.0, '_a4_': 1.0, '_a6_': 1.0}};{'d0': 0.024905832919416615};-280.569866449044;40.82295360359599
3064;-99.4619796209259;(((((x * (x + _a2_)) + _a5_) * x) + x) * pow2((_a7_ * _a7_)));{'d0': {'_a2_': 0.6238594154511727, '_a5_': -0.4743082301298243, '_a7_': -1.3555797636169322, '_a0_': 1.0, '_a1_': 1.0, '_a3_': 1.0, '_a4_': 1.0, '_a6_': 1.0}};{'d0': 0.024905832919416615};-280.569866449044;40.82295360359599
3065;-99.4619796209259;(((((x * (x + _a2_)) + _a5_) * x) + x) * pow2((_a7_ * _a7_)));{'d0': {'_a2_': 0.6238594154511727, '_a5_': -0.4743082301298243, '_a7_': -1.3555797636169322, '_a0_': 1.0, '_a1_': 1.0, '_a3_': 1.0, '_a4_': 1.0, '_a6_': 1.0}};{'d0': 0.024905832919416615};-280.569866449044;40.82295360359599
3066;-99.4619796209259;(((((x * (x + _a2_)) + _a5_) * x) + x) * pow2((_a7_ * _a7_)));{'d0': {'_a2_': 0.6238594154511727, '_a5_': -0.4743082301298243, '_a7_': -1.3555797636169322, '_a0_': 1.0, '_a1_': 1.0, '_a3_': 1.0, '_a4_': 1.0, '_a6_': 1.0}};{'d0': 0.024905832919416615};-280.569866449044;40.82295360359599
3067;-99.4619796209259;(((((x * (x + _a2_)) + _a5_) * x) + x) * pow2((_a7_ * _a7_)));{'d0': {'_a2_': 0.6238594154511727, '_a5_': -0.4743082301298243, '_a7_': -1.3555797636169322, '_a0_': 1.0, '_a1_': 1.0, '_a3_': 1.0, '_a4_': 1.0, '_a6_': 1.0}};{'d0': 0.024905832919416615};-280.569866449044;40.82295360359599
3068;-99.4619796209259;(((((x * (x + _a2_)) + _a5_) * x) + x) * pow2((_a7_ * _a7_)));{'d0': {'_a2_': 0.6238594154511727, '_a5_': -0.4743082301298243, '_a7_': -1.3555797636169322, '_a0_': 1.0, '_a1_': 1.0, '_a3_': 1.0, '_a4_': 1.0, '_a6_': 1.0}};{'d0': 0.024905832919416615};-280.569866449044;40.82295360359599
3069;-99.4619796209259;(((((x * (x + _a2_)) + _a5_) * x) + x) * pow2((_a7_ * _a7_)));{'d0': {'_a2_': 0.6238594154511727, '_a5_': -0.4743082301298243, '_a7_': -1.3555797636169322, '_a0_': 1.0, '_a1_': 1.0, '_a3_': 1.0, '_a4_': 1.0, '_a6_': 1.0}};{'d0': 0.024905832919416615};-280.569866449044;40.82295360359599
3070;-99.4619796209259;(((((x * (x + _a2_)) + _a5_) * x) + x) * pow2((_a7_ * _a7_)));{'d0': {'_a2_': 0.6238594154511727, '_a5_': -0.4743082301298243, '_a7_': -1.3555797636169322, '_a0_': 1.0, '_a1_': 1.0, '_a3_': 1.0, '_a4_': 1.0, '_a6_': 1.0}};{'d0': 0.024905832919416615};-280.569866449044;40.82295360359599
3071;-99.4619796209259;(((((x * (x + _a2_)) + _a5_) * x) + x) * pow2((_a7_ * _a7_)));{'d0': {'_a2_': 0.6238594154511727, '_a5_': -0.4743082301298243, '_a7_': -1.3555797636169322, '_a0_': 1.0, '_a1_': 1.0, '_a3_': 1.0, '_a4_': 1.0, '_a6_': 1.0}};{'d0': 0.024905832919416615};-280.569866449044;40.82295360359599
3072;-99.4619796209259;(((((x * (x + _a2_)) + _a5_) * x) + x) * pow2((_a7_ * _a7_)));{'d0': {'_a2_': 0.6238594154511727, '_a5_': -0.4743082301298243, '_a7_': -1.3555797636169322, '_a0_': 1.0, '_a1_': 1.0, '_a3_': 1.0, '_a4_': 1.0, '_a6_': 1.0}};{'d0': 0.024905832919416615};-280.569866449044;40.82295360359599
3073;-99.4619796209259;(((((x * (x + _a2_)) + _a5_) * x) + x) * pow2((_a7_ * _a7_)));{'d0': {'_a2_': 0.6238594154511727, '_a5_': -0.4743082301298243, '_a7_': -1.3555797636169322, '_a0_': 1.0, '_a1_': 1.0, '_a3_': 1.0, '_a4_': 1.0, '_a6_': 1.0}};{'d0': 0.024905832919416615};-280.569866449044;40.82295360359599
3074;-99.4619796209259;(((((x * (x + _a2_)) + _a5_) * x) + x) * pow2((_a7_ * _a7_)));{'d0': {'_a2_': 0.6238594154511727, '_a5_': -0.4743082301298243, '_a7_': -1.3555797636169322, '_a0_': 1.0, '_a1_': 1.0, '_a3_': 1.0, '_a4_': 1.0, '_a6_': 1.0}};{'d0': 0.024905832919416615};-280.569866449044;40.82295360359599
3075;-99.4619796209259;(((((x * (x + _a2_)) + _a5_) * x) + x) * pow2((_a7_ * _a7_)));{'d0': {'_a2_': 0.6238594154511727, '_a5_': -0.4743082301298243, '_a7_': -1.3555797636169322, '_a0_': 1.0, '_a1_': 1.0, '_a3_': 1.0, '_a4_': 1.0, '_a6_': 1.0}};{'d0': 0.024905832919416615};-280.569866449044;40.82295360359599
3076;-99.4619796209259;(((((x * (x + _a2_)) + _a5_) * x) + x) * pow2((_a7_ * _a7_)));{'d0': {'_a2_': 0.6238594154511727, '_a5_': -0.4743082301298243, '_a7_': -1.3555797636169322, '_a0_': 1.0, '_a1_': 1.0, '_a3_': 1.0, '_a4_': 1.0, '_a6_': 1.0}};{'d0': 0.024905832919416615};-280.569866449044;40.82295360359599
3077;-99.4619796209259;(((((x * (x + _a2_)) + _a5_) * x) + x) * pow2((_a7_ * _a7_)));{'d0': {'_a2_': 0.6238594154511727, '_a5_': -0.4743082301298243, '_a7_': -1.3555797636169322, '_a0_': 1.0, '_a1_': 1.0, '_a3_': 1.0, '_a4_': 1.0, '_a6_': 1.0}};{'d0': 0.024905832919416615};-280.569866449044;40.82295360359599
3078;-99.4619796209259;(((((x * (x + _a2_)) + _a5_) * x) + x) * pow2((_a7_ * _a7_)));{'d0': {'_a2_': 0.6238594154511727, '_a5_': -0.4743082301298243, '_a7_': -1.3555797636169322, '_a0_': 1.0, '_a1_': 1.0, '_a3_': 1.0, '_a4_': 1.0, '_a6_': 1.0}};{'d0': 0.024905832919416615};-280.569866449044;40.82295360359599
3079;-99.4619796209259;(((((x * (x + _a2_)) + _a5_) * x) + x) * pow2((_a7_ * _a7_)));{'d0': {'_a2_': 0.6238594154511727, '_a5_': -0.4743082301298243, '_a7_': -1.3555797636169322, '_a0_': 1.0, '_a1_': 1.0, '_a3_': 1.0, '_a4_': 1.0, '_a6_': 1.0}};{'d0': 0.024905832919416615};-280.569866449044;40.82295360359599
3080;-99.4619796209259;(((((x * (x + _a2_)) + _a5_) * x) + x) * pow2((_a7_ * _a7_)));{'d0': {'_a2_': 0.6238594154511727, '_a5_': -0.4743082301298243, '_a7_': -1.3555797636169322, '_a0_': 1.0, '_a1_': 1.0, '_a3_': 1.0, '_a4_': 1.0, '_a6_': 1.0}};{'d0': 0.024905832919416615};-280.569866449044;40.82295360359599
3081;-99.4619796209259;(((((x * (x + _a2_)) + _a5_) * x) + x) * pow2((_a7_ * _a7_)));{'d0': {'_a2_': 0.6238594154511727, '_a5_': -0.4743082301298243, '_a7_': -1.3555797636169322, '_a0_': 1.0, '_a1_': 1.0, '_a3_': 1.0, '_a4_': 1.0, '_a6_': 1.0}};{'d0': 0.024905832919416615};-280.569866449044;40.82295360359599
3082;-99.4619796209259;(((((x * (x + _a2_)) + _a5_) * x) + x) * pow2((_a7_ * _a7_)));{'d0': {'_a2_': 0.6238594154511727, '_a5_': -0.4743082301298243, '_a7_': -1.3555797636169322, '_a0_': 1.0, '_a1_': 1.0, '_a3_': 1.0, '_a4_': 1.0, '_a6_': 1.0}};{'d0': 0.024905832919416615};-280.569866449044;40.82295360359599
3083;-99.4619796209259;(((((x * (x + _a2_)) + _a5_) * x) + x) * pow2((_a7_ * _a7_)));{'d0': {'_a2_': 0.6238594154511727, '_a5_': -0.4743082301298243, '_a7_': -1.3555797636169322, '_a0_': 1.0, '_a1_': 1.0, '_a3_': 1.0, '_a4_': 1.0, '_a6_': 1.0}};{'d0': 0.024905832919416615};-280.569866449044;40.82295360359599
3084;-104.411319546383;(((((x * (x + _a2_)) + _a5_) * x) + x) * pow2(_a3_));{'d0': {'_a2_': 0.6238594155640489, '_a3_': 1.83759649490852, '_a5_': -0.4743082295720653, '_a0_': 1.0, '_a1_': 1.0, '_a4_': 1.0, '_a6_': 1.0, '_a7_': 1.0}};{'d0': 0.024905832919416643};-280.569866449044;35.873613678138994
3085;-104.411319546383;(((((x * (x + _a2_)) + _a5_) * x) + x) * pow2(_a3_));{'d0': {'_a2_': 0.6238594155640489, '_a3_': 1.83759649490852, '_a5_': -0.4743082295720653, '_a0_': 1.0, '_a1_': 1.0, '_a4_': 1.0, '_a6_': 1.0, '_a7_': 1.0}};{'d0': 0.024905832919416643};-280.569866449044;35.873613678138994
3086;-104.411319546383;(((((x * (x + _a2_)) + _a5_) * x) + x) * pow2(_a3_));{'d0': {'_a2_': 0.6238594155640489, '_a3_': 1.83759649490852, '_a5_': -0.4743082295720653, '_a0_': 1.0, '_a1_': 1.0, '_a4_': 1.0, '_a6_': 1.0, '_a7_': 1.0}};{'d0': 0.024905832919416643};-280.569866449044;35.873613678138994
3087;-92.1158408958468;((pow2(-((x + _a3_))) * _a2_) + (pow3(((_a5_ * x) * _a5_)) + _a7_));{'d0': {'_a2_': -2.112555660145147, '_a3_': 0.4200253294132189, '_a5_': 1.2251991569139322, '_a7_': -0.3737239512821464, '_a0_': 1.0, '_a1_': 1.0, '_a4_': 1.0, '_a6_': 1.0}};{'d0': 0.024885482501866868};-276.524567593312;46.14644290080939
3088;-92.1158408958468;((pow2(-((x + _a3_))) * _a2_) + (pow3(((_a5_ * x) * _a5_)) + _a7_));{'d0': {'_a2_': -2.112555660145147, '_a3_': 0.4200253294132189, '_a5_': 1.2251991569139322, '_a7_': -0.3737239512821464, '_a0_': 1.0, '_a1_': 1.0, '_a4_': 1.0, '_a6_': 1.0}};{'d0': 0.024885482501866868};-276.524567593312;46.14644290080939
3089;-92.1158408958468;((pow2(-((x + _a3_))) * _a2_) + (pow3(((_a5_ * x) * _a2_)) + _a7_));{'d0': {'_a2_': -2.1125556604786038, '_a3_': 0.42002532933127457, '_a5_': -0.7105673011411278, '_a7_': -0.3737239511658974, '_a0_': 1.0, '_a1_': 1.0, '_a4_': 1.0, '_a6_': 1.0}};{'d0': 0.024885482501866847};-276.524567593312;46.14644290080939
3090;-92.1158408958468;((pow2(-((x + _a3_))) * _a2_) + (pow3(((_a5_ * x) * _a2_)) + _a7_));{'d0': {'_a2_': -2.1125556604786038, '_a3_': 0.42002532933127457, '_a5_': -0.7105673011411278, '_a7_': -0.3737239511658974, '_a0_': 1.0, '_a1_': 1.0, '_a4_': 1.0, '_a6_': 1.0}};{'d0': 0.024885482501866847};-276.524567593312;46.14644290080939
3091;-92.1158408958468;((pow2(-((x + _a3_))) * _a2_) + (pow3(((_a5_ * x) * _a2_)) + _a7_));{'d0': {'_a2_': -2.1125556604786038, '_a3_': 0.42002532933127457, '_a5_': -0.7105673011411278, '_a7_': -0.3737239511658974, '_a0_': 1.0, '_a1_': 1.0, '_a4_': 1.0, '_a6_': 1.0}};{'d0': 0.024885482501866847};-276.524567593312;46.14644290080939
3092;-92.1158408958468;((pow2(-((x + _a3_))) * _a2_) + (pow3(((_a5_ * x) * _a2_)) + _a7_));{'d0': {'_a2_': -2.1125556604786038, '_a3_': 0.42002532933127457, '_a5_': -0.7105673011411278, '_a7_': -0.3737239511658974, '_a0_': 1.0, '_a1_': 1.0, '_a4_': 1.0, '_a6_': 1.0}};{'d0': 0.024885482501866847};-276.524567593312;46.14644290080939
3093;-103.159914093536;(((((x * (x + _a2_)) + _a5_) * x) + x) * (_a2_ * _a6_));{'d0': {'_a2_': 0.623859415590772, '_a5_': -0.4743082294614939, '_a6_': 5.412695221597989, '_a0_': 1.0, '_a1_': 1.0, '_a3_': 1.0, '_a4_': 1.0, '_a7_': 1.0}};{'d0': 0.024905832919416657};-280.569866449044;37.125019130986
3094;-103.159914093536;(((((x * (x + _a2_)) + _a5_) * x) + x) * (_a2_ * _a6_));{'d0': {'_a2_': 0.623859415590772, '_a5_': -0.4743082294614939, '_a6_': 5.412695221597989, '_a0_': 1.0, '_a1_': 1.0, '_a3_': 1.0, '_a4_': 1.0, '_a7_': 1.0}};{'d0': 0.024905832919416657};-280.569866449044;37.125019130986
3095;-103.159914093536;(((((x * (x + _a2_)) + _a5_) * x) + x) * (_a2_ * _a6_));{'d0': {'_a2_': 0.623859415590772, '_a5_': -0.4743082294614939, '_a6_': 5.412695221597989, '_a0_': 1.0, '_a1_': 1.0, '_a3_': 1.0, '_a4_': 1.0, '_a7_': 1.0}};{'d0': 0.024905832919416657};-280.569866449044;37.125019130986
3096;-102.308962252590;(((((x * (x + _a2_)) + _a5_) * x) + x) * (_a2_ / _a6_));{'d0': {'_a2_': 0.6238594155676198, '_a5_': -0.4743082299289745, '_a6_': 0.1847508420026621, '_a0_': 1.0, '_a1_': 1.0, '_a3_': 1.0, '_a4_': 1.0, '_a7_': 1.0}};{'d0': 0.024905832919416625};-280.569866449044;37.975970971931396
3097;-102.308962252590;(((((x * (x + _a2_)) + _a5_) * x) + x) * (_a2_ / _a6_));{'d0': {'_a2_': 0.6238594155676198, '_a5_': -0.4743082299289745, '_a6_': 0.1847508420026621, '_a0_': 1.0, '_a1_': 1.0, '_a3_': 1.0, '_a4_': 1.0, '_a7_': 1.0}};{'d0': 0.024905832919416625};-280.569866449044;37.975970971931396
3098;-102.308962252590;(((((x * (x + _a2_)) + _a5_) * x) + x) * (_a2_ / _a6_));{'d0': {'_a2_': 0.6238594155676198, '_a5_': -0.4743082299289745, '_a6_': 0.1847508420026621, '_a0_': 1.0, '_a1_': 1.0, '_a3_': 1.0, '_a4_': 1.0, '_a7_': 1.0}};{'d0': 0.024905832919416625};-280.569866449044;37.975970971931396
3099;-102.308962252590;(((((x * (x + _a2_)) + _a5_) * x) + x) * (_a2_ / _a6_));{'d0': {'_a2_': 0.6238594155676198, '_a5_': -0.4743082299289745, '_a6_': 0.1847508420026621, '_a0_': 1.0, '_a1_': 1.0, '_a3_': 1.0, '_a4_': 1.0, '_a7_': 1.0}};{'d0': 0.024905832919416625};-280.569866449044;37.975970971931396
3100;-102.308962252590;(((((x * (x + _a2_)) + _a5_) * x) + x) * (_a2_ / _a6_));{'d0': {'_a2_': 0.6238594155676198, '_a5_': -0.4743082299289745, '_a6_': 0.1847508420026621, '_a0_': 1.0, '_a1_': 1.0, '_a3_': 1.0, '_a4_': 1.0, '_a7_': 1.0}};{'d0': 0.024905832919416625};-280.569866449044;37.975970971931396
3101;-102.308962252590;(((((x * (x + _a2_)) + _a5_) * x) + x) * (_a2_ / _a6_));{'d0': {'_a2_': 0.6238594155676198, '_a5_': -0.4743082299289745, '_a6_': 0.1847508420026621, '_a0_': 1.0, '_a1_': 1.0, '_a3_': 1.0, '_a4_': 1.0, '_a7_': 1.0}};{'d0': 0.024905832919416625};-280.569866449044;37.975970971931396
3102;-102.308962252590;(((((x * (x + _a2_)) + _a5_) * x) + x) * (_a2_ / _a6_));{'d0': {'_a2_': 0.6238594155676198, '_a5_': -0.4743082299289745, '_a6_': 0.1847508420026621, '_a0_': 1.0, '_a1_': 1.0, '_a3_': 1.0, '_a4_': 1.0, '_a7_': 1.0}};{'d0': 0.024905832919416625};-280.569866449044;37.975970971931396
3103;-92.1158408958468;((pow2(-((x + _a3_))) * _a2_) + (pow3(((_a5_ * x) * _a2_)) + _a7_));{'d0': {'_a2_': -2.1125556604786038, '_a3_': 0.42002532933127457, '_a5_': -0.7105673011411278, '_a7_': -0.3737239511658974, '_a0_': 1.0, '_a1_': 1.0, '_a4_': 1.0, '_a6_': 1.0}};{'d0': 0.024885482501866847};-276.524567593312;46.14644290080939
3104;-92.1158408958468;((pow2(-((x + _a3_))) * _a2_) + (pow3(((_a5_ * x) * _a2_)) + _a7_));{'d0': {'_a2_': -2.1125556604786038, '_a3_': 0.42002532933127457, '_a5_': -0.7105673011411278, '_a7_': -0.3737239511658974, '_a0_': 1.0, '_a1_': 1.0, '_a4_': 1.0, '_a6_': 1.0}};{'d0': 0.024885482501866847};-276.524567593312;46.14644290080939
3105;-88.4353886575857;((pow2(-((x + _a3_))) * _a2_) + (pow3(((-(_a0_) * x) * _a2_)) + _a7_));{'d0': {'_a0_': 0.7105673005469529, '_a2_': -2.1125556626368267, '_a3_': 0.4200253289238422, '_a7_': -0.37372395110234297, '_a1_': 1.0, '_a4_': 1.0, '_a5_': 1.0, '_a6_': 1.0}};{'d0': 0.024885482501866826};-276.524567593313;49.82689513907056
3106;-88.4353886575857;((pow2(-((x + _a3_))) * _a2_) + (pow3(((-(_a0_) * x) * _a2_)) + _a7_));{'d0': {'_a0_': 0.7105673005469529, '_a2_': -2.1125556626368267, '_a3_': 0.4200253289238422, '_a7_': -0.37372395110234297, '_a1_': 1.0, '_a4_': 1.0, '_a5_': 1.0, '_a6_': 1.0}};{'d0': 0.024885482501866826};-276.524567593313;49.82689513907056
3107;-88.4353886575857;((pow2(-((x + _a3_))) * _a2_) + (pow3(((-(_a0_) * x) * _a2_)) + _a7_));{'d0': {'_a0_': 0.7105673005469529, '_a2_': -2.1125556626368267, '_a3_': 0.4200253289238422, '_a7_': -0.37372395110234297, '_a1_': 1.0, '_a4_': 1.0, '_a5_': 1.0, '_a6_': 1.0}};{'d0': 0.024885482501866826};-276.524567593313;49.82689513907056
3108;-88.4353886575857;((pow2(-((x + _a3_))) * _a2_) + (pow3(((-(_a0_) * x) * _a2_)) + _a7_));{'d0': {'_a0_': 0.7105673005469529, '_a2_': -2.1125556626368267, '_a3_': 0.4200253289238422, '_a7_': -0.37372395110234297, '_a1_': 1.0, '_a4_': 1.0, '_a5_': 1.0, '_a6_': 1.0}};{'d0': 0.024885482501866826};-276.524567593313;49.82689513907056
3109;-88.4353886575857;((pow2(-((x + _a3_))) * _a2_) + (pow3(((-(_a0_) * x) * _a2_)) + _a7_));{'d0': {'_a0_': 0.7105673005469529, '_a2_': -2.1125556626368267, '_a3_': 0.4200253289238422, '_a7_': -0.37372395110234297, '_a1_': 1.0, '_a4_': 1.0, '_a5_': 1.0, '_a6_': 1.0}};{'d0': 0.024885482501866826};-276.524567593313;49.82689513907056
3110;-88.4353886575857;((pow2(-((x + _a3_))) * _a2_) + (pow3(((-(_a0_) * x) * _a2_)) + _a7_));{'d0': {'_a0_': 0.7105673005469529, '_a2_': -2.1125556626368267, '_a3_': 0.4200253289238422, '_a7_': -0.37372395110234297, '_a1_': 1.0, '_a4_': 1.0, '_a5_': 1.0, '_a6_': 1.0}};{'d0': 0.024885482501866826};-276.524567593313;49.82689513907056
3111;-88.4353886575857;((pow2(-((x + _a3_))) * _a2_) + (pow3(((-(_a0_) * x) * _a2_)) + _a7_));{'d0': {'_a0_': 0.7105673005469529, '_a2_': -2.1125556626368267, '_a3_': 0.4200253289238422, '_a7_': -0.37372395110234297, '_a1_': 1.0, '_a4_': 1.0, '_a5_': 1.0, '_a6_': 1.0}};{'d0': 0.024885482501866826};-276.524567593313;49.82689513907056
3112;-88.4353886575857;((pow2(-((x + _a3_))) * _a2_) + (pow3(((-(_a0_) * x) * _a2_)) + _a7_));{'d0': {'_a0_': 0.7105673005469529, '_a2_': -2.1125556626368267, '_a3_': 0.4200253289238422, '_a7_': -0.37372395110234297, '_a1_': 1.0, '_a4_': 1.0, '_a5_': 1.0, '_a6_': 1.0}};{'d0': 0.024885482501866826};-276.524567593313;49.82689513907056
3113;-88.4353886575857;((pow2(-((x + _a3_))) * _a2_) + (pow3(((-(_a0_) * x) * _a2_)) + _a7_));{'d0': {'_a0_': 0.7105673005469529, '_a2_': -2.1125556626368267, '_a3_': 0.4200253289238422, '_a7_': -0.37372395110234297, '_a1_': 1.0, '_a4_': 1.0, '_a5_': 1.0, '_a6_': 1.0}};{'d0': 0.024885482501866826};-276.524567593313;49.82689513907056
3114;-88.4353886575857;((pow2(-((x + _a3_))) * _a2_) + (pow3(((-(_a0_) * x) * _a2_)) + _a7_));{'d0': {'_a0_': 0.7105673005469529, '_a2_': -2.1125556626368267, '_a3_': 0.4200253289238422, '_a7_': -0.37372395110234297, '_a1_': 1.0, '_a4_': 1.0, '_a5_': 1.0, '_a6_': 1.0}};{'d0': 0.024885482501866826};-276.524567593313;49.82689513907056
3115;-88.4353886575857;((pow2(-((x + _a3_))) * _a2_) + (pow3(((-(_a0_) * x) * _a2_)) + _a7_));{'d0': {'_a0_': 0.7105673005469529, '_a2_': -2.1125556626368267, '_a3_': 0.4200253289238422, '_a7_': -0.37372395110234297, '_a1_': 1.0, '_a4_': 1.0, '_a5_': 1.0, '_a6_': 1.0}};{'d0': 0.024885482501866826};-276.524567593313;49.82689513907056
3116;-88.4353886575857;((pow2(-((x + _a3_))) * _a2_) + (pow3(((-(_a0_) * x) * _a2_)) + _a7_));{'d0': {'_a0_': 0.7105673005469529, '_a2_': -2.1125556626368267, '_a3_': 0.4200253289238422, '_a7_': -0.37372395110234297, '_a1_': 1.0, '_a4_': 1.0, '_a5_': 1.0, '_a6_': 1.0}};{'d0': 0.024885482501866826};-276.524567593313;49.82689513907056
3117;-88.4353886575857;((pow2(-((x + _a3_))) * _a2_) + (pow3(((-(_a0_) * x) * _a2_)) + _a7_));{'d0': {'_a0_': 0.7105673005469529, '_a2_': -2.1125556626368267, '_a3_': 0.4200253289238422, '_a7_': -0.37372395110234297, '_a1_': 1.0, '_a4_': 1.0, '_a5_': 1.0, '_a6_': 1.0}};{'d0': 0.024885482501866826};-276.524567593313;49.82689513907056
3118;-88.4353886575857;((pow2(-((x + _a3_))) * _a2_) + (pow3(((-(_a0_) * x) * _a2_)) + _a7_));{'d0': {'_a0_': 0.7105673005469529, '_a2_': -2.1125556626368267, '_a3_': 0.4200253289238422, '_a7_': -0.37372395110234297, '_a1_': 1.0, '_a4_': 1.0, '_a5_': 1.0, '_a6_': 1.0}};{'d0': 0.024885482501866826};-276.524567593313;49.82689513907056
3119;-88.4353886575857;((pow2(-((x + _a3_))) * _a2_) + (pow3(((-(_a0_) * x) * _a2_)) + _a7_));{'d0': {'_a0_': 0.7105673005469529, '_a2_': -2.1125556626368267, '_a3_': 0.4200253289238422, '_a7_': -0.37372395110234297, '_a1_': 1.0, '_a4_': 1.0, '_a5_': 1.0, '_a6_': 1.0}};{'d0': 0.024885482501866826};-276.524567593313;49.82689513907056
3120;-88.4353886575857;((pow2(-((x + _a3_))) * _a2_) + (pow3(((-(_a0_) * x) * _a2_)) + _a7_));{'d0': {'_a0_': 0.7105673005469529, '_a2_': -2.1125556626368267, '_a3_': 0.4200253289238422, '_a7_': -0.37372395110234297, '_a1_': 1.0, '_a4_': 1.0, '_a5_': 1.0, '_a6_': 1.0}};{'d0': 0.024885482501866826};-276.524567593313;49.82689513907056
3121;-88.4353886575857;((pow2(-((x + _a3_))) * _a2_) + (pow3(((-(_a0_) * x) * _a2_)) + _a7_));{'d0': {'_a0_': 0.7105673005469529, '_a2_': -2.1125556626368267, '_a3_': 0.4200253289238422, '_a7_': -0.37372395110234297, '_a1_': 1.0, '_a4_': 1.0, '_a5_': 1.0, '_a6_': 1.0}};{'d0': 0.024885482501866826};-276.524567593313;49.82689513907056
3122;-88.4353886575857;((pow2(-((x + _a3_))) * _a2_) + (pow3(((-(_a0_) * x) * _a2_)) + _a7_));{'d0': {'_a0_': 0.7105673005469529, '_a2_': -2.1125556626368267, '_a3_': 0.4200253289238422, '_a7_': -0.37372395110234297, '_a1_': 1.0, '_a4_': 1.0, '_a5_': 1.0, '_a6_': 1.0}};{'d0': 0.024885482501866826};-276.524567593313;49.82689513907056
3123;-88.4353886575857;((pow2(-((x + _a3_))) * _a2_) + (pow3(((-(_a0_) * x) * _a2_)) + _a7_));{'d0': {'_a0_': 0.7105673005469529, '_a2_': -2.1125556626368267, '_a3_': 0.4200253289238422, '_a7_': -0.37372395110234297, '_a1_': 1.0, '_a4_': 1.0, '_a5_': 1.0, '_a6_': 1.0}};{'d0': 0.024885482501866826};-276.524567593313;49.82689513907056
3124;-88.4353886575857;((pow2(-((x + _a3_))) * _a2_) + (pow3(((-(_a0_) * x) * _a2_)) + _a7_));{'d0': {'_a0_': 0.7105673005469529, '_a2_': -2.1125556626368267, '_a3_': 0.4200253289238422, '_a7_': -0.37372395110234297, '_a1_': 1.0, '_a4_': 1.0, '_a5_': 1.0, '_a6_': 1.0}};{'d0': 0.024885482501866826};-276.524567593313;49.82689513907056
3125;-88.4353886575857;((pow2(-((x + _a3_))) * _a2_) + (pow3(((-(_a0_) * x) * _a2_)) + _a7_));{'d0': {'_a0_': 0.7105673005469529, '_a2_': -2.1125556626368267, '_a3_': 0.4200253289238422, '_a7_': -0.37372395110234297, '_a1_': 1.0, '_a4_': 1.0, '_a5_': 1.0, '_a6_': 1.0}};{'d0': 0.024885482501866826};-276.524567593313;49.82689513907056
3126;-102.308962252590;(((((x * (x + _a2_)) + _a5_) * x) + x) * (_a2_ / _a6_));{'d0': {'_a2_': 0.6238594155676198, '_a5_': -0.4743082299289745, '_a6_': 0.1847508420026621, '_a0_': 1.0, '_a1_': 1.0, '_a3_': 1.0, '_a4_': 1.0, '_a7_': 1.0}};{'d0': 0.024905832919416625};-280.569866449044;37.975970971931396
3127;-102.308962252590;(((((x * (x + _a2_)) + _a5_) * x) + x) * (_a2_ / _a6_));{'d0': {'_a2_': 0.6238594155676198, '_a5_': -0.4743082299289745, '_a6_': 0.1847508420026621, '_a0_': 1.0, '_a1_': 1.0, '_a3_': 1.0, '_a4_': 1.0, '_a7_': 1.0}};{'d0': 0.024905832919416625};-280.569866449044;37.975970971931396
3128;-102.308962252590;(((((x * (x + _a2_)) + _a5_) * x) + x) * (_a2_ / _a6_));{'d0': {'_a2_': 0.6238594155676198, '_a5_': -0.4743082299289745, '_a6_': 0.1847508420026621, '_a0_': 1.0, '_a1_': 1.0, '_a3_': 1.0, '_a4_': 1.0, '_a7_': 1.0}};{'d0': 0.024905832919416625};-280.569866449044;37.975970971931396
3129;-102.308962252590;(((((x * (x + _a6_)) + _a5_) * x) + x) * (_a2_ / _a6_));{'d0': {'_a2_': 2.106624068754247, '_a5_': -0.4743082302001486, '_a6_': 0.6238594153757626, '_a0_': 1.0, '_a1_': 1.0, '_a3_': 1.0, '_a4_': 1.0, '_a7_': 1.0}};{'d0': 0.02490583291941667};-280.569866449043;37.975970971931396
3130;-102.308962252590;(((((x * (x + _a6_)) + _a5_) * x) + x) * (_a2_ / _a6_));{'d0': {'_a2_': 2.106624068754247, '_a5_': -0.4743082302001486, '_a6_': 0.6238594153757626, '_a0_': 1.0, '_a1_': 1.0, '_a3_': 1.0, '_a4_': 1.0, '_a7_': 1.0}};{'d0': 0.02490583291941667};-280.569866449043;37.975970971931396
3131;-88.4353886575857;((pow2(-((x + _a3_))) * _a2_) + (pow3(((-(_a0_) * x) * _a2_)) + _a7_));{'d0': {'_a0_': 0.7105673005469529, '_a2_': -2.1125556626368267, '_a3_': 0.4200253289238422, '_a7_': -0.37372395110234297, '_a1_': 1.0, '_a4_': 1.0, '_a5_': 1.0, '_a6_': 1.0}};{'d0': 0.024885482501866826};-276.524567593313;49.82689513907056
3132;-88.4353886575857;((pow2(-((x + _a3_))) * _a2_) + (pow3(((-(_a0_) * x) * _a2_)) + _a7_));{'d0': {'_a0_': 0.7105673005469529, '_a2_': -2.1125556626368267, '_a3_': 0.4200253289238422, '_a7_': -0.37372395110234297, '_a1_': 1.0, '_a4_': 1.0, '_a5_': 1.0, '_a6_': 1.0}};{'d0': 0.024885482501866826};-276.524567593313;49.82689513907056
3133;-88.4353886575857;((pow2(-((x + _a3_))) * _a2_) + (pow3(((-(_a0_) * x) * _a2_)) + _a7_));{'d0': {'_a0_': 0.7105673005469529, '_a2_': -2.1125556626368267, '_a3_': 0.4200253289238422, '_a7_': -0.37372395110234297, '_a1_': 1.0, '_a4_': 1.0, '_a5_': 1.0, '_a6_': 1.0}};{'d0': 0.024885482501866826};-276.524567593313;49.82689513907056
3134;-88.4353886575857;((pow2(-((x + _a3_))) * _a2_) + (pow3(((-(_a0_) * x) * _a2_)) + _a7_));{'d0': {'_a0_': 0.7105673005469529, '_a2_': -2.1125556626368267, '_a3_': 0.4200253289238422, '_a7_': -0.37372395110234297, '_a1_': 1.0, '_a4_': 1.0, '_a5_': 1.0, '_a6_': 1.0}};{'d0': 0.024885482501866826};-276.524567593313;49.82689513907056
3135;-88.4353886575857;((pow2(-((x + _a3_))) * _a2_) + (pow3(((-(_a0_) * x) * _a2_)) + _a7_));{'d0': {'_a0_': 0.7105673005469529, '_a2_': -2.1125556626368267, '_a3_': 0.4200253289238422, '_a7_': -0.37372395110234297, '_a1_': 1.0, '_a4_': 1.0, '_a5_': 1.0, '_a6_': 1.0}};{'d0': 0.024885482501866826};-276.524567593313;49.82689513907056
3136;-88.4353886575857;((pow2(-((x + _a3_))) * _a2_) + (pow3(((-(_a0_) * x) * _a2_)) + _a7_));{'d0': {'_a0_': 0.7105673005469529, '_a2_': -2.1125556626368267, '_a3_': 0.4200253289238422, '_a7_': -0.37372395110234297, '_a1_': 1.0, '_a4_': 1.0, '_a5_': 1.0, '_a6_': 1.0}};{'d0': 0.024885482501866826};-276.524567593313;49.82689513907056
3137;-88.4353886575857;((pow2(-((x + _a3_))) * _a2_) + (pow3(((-(_a0_) * x) * _a2_)) + _a7_));{'d0': {'_a0_': 0.7105673005469529, '_a2_': -2.1125556626368267, '_a3_': 0.4200253289238422, '_a7_': -0.37372395110234297, '_a1_': 1.0, '_a4_': 1.0, '_a5_': 1.0, '_a6_': 1.0}};{'d0': 0.024885482501866826};-276.524567593313;49.82689513907056
3138;-88.4353886575857;((pow2(-((x + _a3_))) * _a2_) + (pow3(((-(_a0_) * x) * _a2_)) + _a7_));{'d0': {'_a0_': 0.7105673005469529, '_a2_': -2.1125556626368267, '_a3_': 0.4200253289238422, '_a7_': -0.37372395110234297, '_a1_': 1.0, '_a4_': 1.0, '_a5_': 1.0, '_a6_': 1.0}};{'d0': 0.024885482501866826};-276.524567593313;49.82689513907056
3139;-88.4353886575857;((pow2(-((x + _a3_))) * _a2_) + (pow3(((-(_a0_) * x) * _a2_)) + _a7_));{'d0': {'_a0_': 0.7105673005469529, '_a2_': -2.1125556626368267, '_a3_': 0.4200253289238422, '_a7_': -0.37372395110234297, '_a1_': 1.0, '_a4_': 1.0, '_a5_': 1.0, '_a6_': 1.0}};{'d0': 0.024885482501866826};-276.524567593313;49.82689513907056
3140;-88.4353886575857;((pow2(-((x + _a3_))) * _a2_) + (pow3(((-(_a0_) * x) * _a2_)) + _a7_));{'d0': {'_a0_': 0.7105673005469529, '_a2_': -2.1125556626368267, '_a3_': 0.4200253289238422, '_a7_': -0.37372395110234297, '_a1_': 1.0, '_a4_': 1.0, '_a5_': 1.0, '_a6_': 1.0}};{'d0': 0.024885482501866826};-276.524567593313;49.82689513907056
3141;-88.4353886575857;((pow2(-((x + _a3_))) * _a2_) + (pow3(((-(_a0_) * x) * _a2_)) + _a7_));{'d0': {'_a0_': 0.7105673005469529, '_a2_': -2.1125556626368267, '_a3_': 0.4200253289238422, '_a7_': -0.37372395110234297, '_a1_': 1.0, '_a4_': 1.0, '_a5_': 1.0, '_a6_': 1.0}};{'d0': 0.024885482501866826};-276.524567593313;49.82689513907056
3142;-88.4353886575857;((pow2(-((x + _a3_))) * _a2_) + (pow3(((-(_a0_) * x) * _a2_)) + _a7_));{'d0': {'_a0_': 0.7105673005469529, '_a2_': -2.1125556626368267, '_a3_': 0.4200253289238422, '_a7_': -0.37372395110234297, '_a1_': 1.0, '_a4_': 1.0, '_a5_': 1.0, '_a6_': 1.0}};{'d0': 0.024885482501866826};-276.524567593313;49.82689513907056
3143;-88.4353886575857;((pow2(-((x + _a3_))) * _a2_) + (pow3(((-(_a0_) * x) * _a2_)) + _a7_));{'d0': {'_a0_': 0.7105673005469529, '_a2_': -2.1125556626368267, '_a3_': 0.4200253289238422, '_a7_': -0.37372395110234297, '_a1_': 1.0, '_a4_': 1.0, '_a5_': 1.0, '_a6_': 1.0}};{'d0': 0.024885482501866826};-276.524567593313;49.82689513907056
3144;-88.4353886575857;((pow2(-((x + _a3_))) * _a2_) + (pow3(((-(_a0_) * x) * _a2_)) + _a7_));{'d0': {'_a0_': 0.7105673005469529, '_a2_': -2.1125556626368267, '_a3_': 0.4200253289238422, '_a7_': -0.37372395110234297, '_a1_': 1.0, '_a4_': 1.0, '_a5_': 1.0, '_a6_': 1.0}};{'d0': 0.024885482501866826};-276.524567593313;49.82689513907056
3145;-88.4353886575857;((pow2(-((x + _a3_))) * _a2_) + (pow3(((-(_a0_) * x) * _a2_)) + _a7_));{'d0': {'_a0_': 0.7105673005469529, '_a2_': -2.1125556626368267, '_a3_': 0.4200253289238422, '_a7_': -0.37372395110234297, '_a1_': 1.0, '_a4_': 1.0, '_a5_': 1.0, '_a6_': 1.0}};{'d0': 0.024885482501866826};-276.524567593313;49.82689513907056
3146;-88.4353886575857;((pow2(-((x + _a3_))) * _a2_) + (pow3(((-(_a0_) * x) * _a2_)) + _a7_));{'d0': {'_a0_': 0.7105673005469529, '_a2_': -2.1125556626368267, '_a3_': 0.4200253289238422, '_a7_': -0.37372395110234297, '_a1_': 1.0, '_a4_': 1.0, '_a5_': 1.0, '_a6_': 1.0}};{'d0': 0.024885482501866826};-276.524567593313;49.82689513907056
3147;-88.4353886575857;((pow2(-((x + _a3_))) * _a2_) + (pow3(((-(_a0_) * x) * _a2_)) + _a7_));{'d0': {'_a0_': 0.7105673005469529, '_a2_': -2.1125556626368267, '_a3_': 0.4200253289238422, '_a7_': -0.37372395110234297, '_a1_': 1.0, '_a4_': 1.0, '_a5_': 1.0, '_a6_': 1.0}};{'d0': 0.024885482501866826};-276.524567593313;49.82689513907056
3148;-88.4353886575857;((pow2(-((x + _a3_))) * _a2_) + (pow3(((-(_a0_) * x) * _a2_)) + _a7_));{'d0': {'_a0_': 0.7105673005469529, '_a2_': -2.1125556626368267, '_a3_': 0.4200253289238422, '_a7_': -0.37372395110234297, '_a1_': 1.0, '_a4_': 1.0, '_a5_': 1.0, '_a6_': 1.0}};{'d0': 0.024885482501866826};-276.524567593313;49.82689513907056
3149;-88.4353886575857;((pow2(-((x + _a3_))) * _a2_) + (pow3(((-(_a0_) * x) * _a2_)) + _a7_));{'d0': {'_a0_': 0.7105673005469529, '_a2_': -2.1125556626368267, '_a3_': 0.4200253289238422, '_a7_': -0.37372395110234297, '_a1_': 1.0, '_a4_': 1.0, '_a5_': 1.0, '_a6_': 1.0}};{'d0': 0.024885482501866826};-276.524567593313;49.82689513907056
3150;-88.4353886575857;((pow2(-((x + _a3_))) * _a2_) + (pow3(((-(_a0_) * x) * _a2_)) + _a7_));{'d0': {'_a0_': 0.7105673005469529, '_a2_': -2.1125556626368267, '_a3_': 0.4200253289238422, '_a7_': -0.37372395110234297, '_a1_': 1.0, '_a4_': 1.0, '_a5_': 1.0, '_a6_': 1.0}};{'d0': 0.024885482501866826};-276.524567593313;49.82689513907056
3151;-88.4353886575857;((pow2(-((x + _a3_))) * _a2_) + (pow3(((-(_a0_) * x) * _a2_)) + _a7_));{'d0': {'_a0_': 0.7105673005469529, '_a2_': -2.1125556626368267, '_a3_': 0.4200253289238422, '_a7_': -0.37372395110234297, '_a1_': 1.0, '_a4_': 1.0, '_a5_': 1.0, '_a6_': 1.0}};{'d0': 0.024885482501866826};-276.524567593313;49.82689513907056
3152;-88.4353886575857;((pow2(-((x + _a3_))) * _a2_) + (pow3(((-(_a0_) * x) * _a2_)) + _a7_));{'d0': {'_a0_': 0.7105673005469529, '_a2_': -2.1125556626368267, '_a3_': 0.4200253289238422, '_a7_': -0.37372395110234297, '_a1_': 1.0, '_a4_': 1.0, '_a5_': 1.0, '_a6_': 1.0}};{'d0': 0.024885482501866826};-276.524567593313;49.82689513907056
3153;-88.4353886575857;((pow2(-((x + _a3_))) * _a2_) + (pow3(((-(_a0_) * x) * _a2_)) + _a7_));{'d0': {'_a0_': 0.7105673005469529, '_a2_': -2.1125556626368267, '_a3_': 0.4200253289238422, '_a7_': -0.37372395110234297, '_a1_': 1.0, '_a4_': 1.0, '_a5_': 1.0, '_a6_': 1.0}};{'d0': 0.024885482501866826};-276.524567593313;49.82689513907056
3154;-88.4353886575857;((pow2(-((x + _a3_))) * _a2_) + (pow3(((-(_a0_) * x) * _a2_)) + _a7_));{'d0': {'_a0_': 0.7105673005469529, '_a2_': -2.1125556626368267, '_a3_': 0.4200253289238422, '_a7_': -0.37372395110234297, '_a1_': 1.0, '_a4_': 1.0, '_a5_': 1.0, '_a6_': 1.0}};{'d0': 0.024885482501866826};-276.524567593313;49.82689513907056
3155;-88.4353886575857;((pow2(-((x + _a3_))) * _a2_) + (pow3(((-(_a0_) * x) * _a2_)) + _a7_));{'d0': {'_a0_': 0.7105673005469529, '_a2_': -2.1125556626368267, '_a3_': 0.4200253289238422, '_a7_': -0.37372395110234297, '_a1_': 1.0, '_a4_': 1.0, '_a5_': 1.0, '_a6_': 1.0}};{'d0': 0.024885482501866826};-276.524567593313;49.82689513907056
3156;-88.4353886575857;((pow2(-((x + _a3_))) * _a2_) + (pow3(((-(_a0_) * x) * _a2_)) + _a7_));{'d0': {'_a0_': 0.7105673005469529, '_a2_': -2.1125556626368267, '_a3_': 0.4200253289238422, '_a7_': -0.37372395110234297, '_a1_': 1.0, '_a4_': 1.0, '_a5_': 1.0, '_a6_': 1.0}};{'d0': 0.024885482501866826};-276.524567593313;49.82689513907056
3157;-88.4353886575857;((pow2(-((x + _a3_))) * _a2_) + (pow3(((-(_a0_) * x) * _a2_)) + _a7_));{'d0': {'_a0_': 0.7105673005469529, '_a2_': -2.1125556626368267, '_a3_': 0.4200253289238422, '_a7_': -0.37372395110234297, '_a1_': 1.0, '_a4_': 1.0, '_a5_': 1.0, '_a6_': 1.0}};{'d0': 0.024885482501866826};-276.524567593313;49.82689513907056
3158;-88.4353886575857;((pow2(-((x + _a3_))) * _a2_) + (pow3(((-(_a0_) * x) * _a2_)) + _a7_));{'d0': {'_a0_': 0.7105673005469529, '_a2_': -2.1125556626368267, '_a3_': 0.4200253289238422, '_a7_': -0.37372395110234297, '_a1_': 1.0, '_a4_': 1.0, '_a5_': 1.0, '_a6_': 1.0}};{'d0': 0.024885482501866826};-276.524567593313;49.82689513907056
3159;-88.4353886575857;((pow2(-((x + _a3_))) * _a2_) + (pow3(((-(_a0_) * x) * _a2_)) + _a7_));{'d0': {'_a0_': 0.7105673005469529, '_a2_': -2.1125556626368267, '_a3_': 0.4200253289238422, '_a7_': -0.37372395110234297, '_a1_': 1.0, '_a4_': 1.0, '_a5_': 1.0, '_a6_': 1.0}};{'d0': 0.024885482501866826};-276.524567593313;49.82689513907056
3160;-88.4353886575857;((pow2(-((x + _a3_))) * _a2_) + (pow3(((-(_a0_) * x) * _a2_)) + _a7_));{'d0': {'_a0_': 0.7105673005469529, '_a2_': -2.1125556626368267, '_a3_': 0.4200253289238422, '_a7_': -0.37372395110234297, '_a1_': 1.0, '_a4_': 1.0, '_a5_': 1.0, '_a6_': 1.0}};{'d0': 0.024885482501866826};-276.524567593313;49.82689513907056
3161;-88.4353886575857;((pow2(-((x + _a3_))) * _a2_) + (pow3(((-(_a0_) * x) * _a2_)) + _a7_));{'d0': {'_a0_': 0.7105673005469529, '_a2_': -2.1125556626368267, '_a3_': 0.4200253289238422, '_a7_': -0.37372395110234297, '_a1_': 1.0, '_a4_': 1.0, '_a5_': 1.0, '_a6_': 1.0}};{'d0': 0.024885482501866826};-276.524567593313;49.82689513907056
3162;-88.4353886575857;((pow2(-((x + _a3_))) * _a2_) + (pow3(((-(_a0_) * x) * _a2_)) + _a7_));{'d0': {'_a0_': 0.7105673005469529, '_a2_': -2.1125556626368267, '_a3_': 0.4200253289238422, '_a7_': -0.37372395110234297, '_a1_': 1.0, '_a4_': 1.0, '_a5_': 1.0, '_a6_': 1.0}};{'d0': 0.024885482501866826};-276.524567593313;49.82689513907056
3163;-88.4353886575857;((pow2(-((x + _a3_))) * _a2_) + (pow3(((-(_a0_) * x) * _a2_)) + _a7_));{'d0': {'_a0_': 0.7105673005469529, '_a2_': -2.1125556626368267, '_a3_': 0.4200253289238422, '_a7_': -0.37372395110234297, '_a1_': 1.0, '_a4_': 1.0, '_a5_': 1.0, '_a6_': 1.0}};{'d0': 0.024885482501866826};-276.524567593313;49.82689513907056
3164;-88.4353886575857;((pow2(-((x + _a3_))) * _a2_) + (pow3(((-(_a0_) * x) * _a2_)) + _a7_));{'d0': {'_a0_': 0.7105673005469529, '_a2_': -2.1125556626368267, '_a3_': 0.4200253289238422, '_a7_': -0.37372395110234297, '_a1_': 1.0, '_a4_': 1.0, '_a5_': 1.0, '_a6_': 1.0}};{'d0': 0.024885482501866826};-276.524567593313;49.82689513907056
3165;-88.4353886575857;((pow2(-((x + _a3_))) * _a2_) + (pow3(((-(_a0_) * x) * _a2_)) + _a7_));{'d0': {'_a0_': 0.7105673005469529, '_a2_': -2.1125556626368267, '_a3_': 0.4200253289238422, '_a7_': -0.37372395110234297, '_a1_': 1.0, '_a4_': 1.0, '_a5_': 1.0, '_a6_': 1.0}};{'d0': 0.024885482501866826};-276.524567593313;49.82689513907056
3166;-88.4353886575857;((pow2(-((x + _a3_))) * _a2_) + (pow3(((-(_a0_) * x) * _a2_)) + _a7_));{'d0': {'_a0_': 0.7105673005469529, '_a2_': -2.1125556626368267, '_a3_': 0.4200253289238422, '_a7_': -0.37372395110234297, '_a1_': 1.0, '_a4_': 1.0, '_a5_': 1.0, '_a6_': 1.0}};{'d0': 0.024885482501866826};-276.524567593313;49.82689513907056
3167;-88.4353886575857;((pow2(-((x + _a3_))) * _a2_) + (pow3(((-(_a0_) * x) * _a2_)) + _a7_));{'d0': {'_a0_': 0.7105673005469529, '_a2_': -2.1125556626368267, '_a3_': 0.4200253289238422, '_a7_': -0.37372395110234297, '_a1_': 1.0, '_a4_': 1.0, '_a5_': 1.0, '_a6_': 1.0}};{'d0': 0.024885482501866826};-276.524567593313;49.82689513907056
3168;-88.4353886575857;((pow2(-((x + _a3_))) * _a2_) + (pow3(((-(_a0_) * x) * _a2_)) + _a7_));{'d0': {'_a0_': 0.7105673005469529, '_a2_': -2.1125556626368267, '_a3_': 0.4200253289238422, '_a7_': -0.37372395110234297, '_a1_': 1.0, '_a4_': 1.0, '_a5_': 1.0, '_a6_': 1.0}};{'d0': 0.024885482501866826};-276.524567593313;49.82689513907056
3169;-88.4353886575857;((pow2(-((x + _a3_))) * _a2_) + (pow3(((-(_a0_) * x) * _a2_)) + _a7_));{'d0': {'_a0_': 0.7105673005469529, '_a2_': -2.1125556626368267, '_a3_': 0.4200253289238422, '_a7_': -0.37372395110234297, '_a1_': 1.0, '_a4_': 1.0, '_a5_': 1.0, '_a6_': 1.0}};{'d0': 0.024885482501866826};-276.524567593313;49.82689513907056
3170;-91.0484981930402;(((((x * (x + (_a2_ + x))) + _a5_) * x) + x) * (sqrt(_a1_) / _a1_));{'d0': {'_a1_': 0.35079982679857163, '_a2_': 1.2477188288341403, '_a5_': 0.051383529595209594, '_a0_': 1.0, '_a3_': 1.0, '_a4_': 1.0, '_a6_': 1.0, '_a7_': 1.0}};{'d0': 0.024905832919416847};-280.569866449043;49.23643503148139
3171;-91.0484981930402;(((((x * (x + (_a2_ + x))) + _a5_) * x) + x) * (sqrt(_a1_) / _a1_));{'d0': {'_a1_': 0.35079982679857163, '_a2_': 1.2477188288341403, '_a5_': 0.051383529595209594, '_a0_': 1.0, '_a3_': 1.0, '_a4_': 1.0, '_a6_': 1.0, '_a7_': 1.0}};{'d0': 0.024905832919416847};-280.569866449043;49.23643503148139
3172;-91.0484981930402;(((((x * (x + (_a2_ + x))) + _a5_) * x) + x) * (sqrt(_a1_) / _a1_));{'d0': {'_a1_': 0.35079982679857163, '_a2_': 1.2477188288341403, '_a5_': 0.051383529595209594, '_a0_': 1.0, '_a3_': 1.0, '_a4_': 1.0, '_a6_': 1.0, '_a7_': 1.0}};{'d0': 0.024905832919416847};-280.569866449043;49.23643503148139
3173;-86.0991582675830;((((((x * (x + (_a2_ + x))) + _a5_) * x) + x) * (sqrt(_a1_) / _a1_)) * _a2_);{'d0': {'_a1_': 0.5461259864013579, '_a2_': 1.2477188333051357, '_a5_': 0.051383552075467784, '_a0_': 1.0, '_a3_': 1.0, '_a4_': 1.0, '_a6_': 1.0, '_a7_': 1.0}};{'d0': 0.024905832919417};-280.569866449043;54.18577495693839
3174;-86.0991582675830;((((((x * (x + (_a2_ + x))) + _a5_) * x) + x) * (sqrt(_a1_) / _a1_)) * _a2_);{'d0': {'_a1_': 0.5461259864013579, '_a2_': 1.2477188333051357, '_a5_': 0.051383552075467784, '_a0_': 1.0, '_a3_': 1.0, '_a4_': 1.0, '_a6_': 1.0, '_a7_': 1.0}};{'d0': 0.024905832919417};-280.569866449043;54.18577495693839
3175;-86.0991582675830;((((((x * (x + (_a2_ + x))) + _a5_) * x) + x) * (sqrt(_a1_) / _a1_)) * _a2_);{'d0': {'_a1_': 0.5461259864013579, '_a2_': 1.2477188333051357, '_a5_': 0.051383552075467784, '_a0_': 1.0, '_a3_': 1.0, '_a4_': 1.0, '_a6_': 1.0, '_a7_': 1.0}};{'d0': 0.024905832919417};-280.569866449043;54.18577495693839
3176;-86.0991582675830;((((((x * (x + (_a2_ + x))) + _a5_) * x) + x) * (sqrt(_a1_) / _a1_)) * _a2_);{'d0': {'_a1_': 0.5461259864013579, '_a2_': 1.2477188333051357, '_a5_': 0.051383552075467784, '_a0_': 1.0, '_a3_': 1.0, '_a4_': 1.0, '_a6_': 1.0, '_a7_': 1.0}};{'d0': 0.024905832919417};-280.569866449043;54.18577495693839
3177;-86.0991582675830;((((((x * (x + (_a2_ + x))) + _a5_) * x) + x) * (sqrt(_a1_) / _a1_)) * _a2_);{'d0': {'_a1_': 0.5461259864013579, '_a2_': 1.2477188333051357, '_a5_': 0.051383552075467784, '_a0_': 1.0, '_a3_': 1.0, '_a4_': 1.0, '_a6_': 1.0, '_a7_': 1.0}};{'d0': 0.024905832919417};-280.569866449043;54.18577495693839
3178;-86.0991582675830;((((((x * (x + (_a2_ + x))) + _a5_) * x) + x) * (sqrt(_a1_) / _a1_)) * _a2_);{'d0': {'_a1_': 0.5461259864013579, '_a2_': 1.2477188333051357, '_a5_': 0.051383552075467784, '_a0_': 1.0, '_a3_': 1.0, '_a4_': 1.0, '_a6_': 1.0, '_a7_': 1.0}};{'d0': 0.024905832919417};-280.569866449043;54.18577495693839
3179;-81.0774610558044;((((((x * (x + (_a2_ + x))) + (_a5_ * _a5_)) * x) + x) * (sqrt(_a1_) / _a1_)) * _a2_);{'d0': {'_a1_': 0.5461259825368726, '_a2_': 1.2477188322710986, '_a5_': 0.22667939078757007, '_a0_': 1.0, '_a3_': 1.0, '_a4_': 1.0, '_a6_': 1.0, '_a7_': 1.0}};{'d0': 0.024905832919416674};-280.569866449043;59.20747216871739
3180;-81.0774610558044;((((((x * (x + (_a2_ + x))) + (_a5_ * _a5_)) * x) + x) * (sqrt(_a1_) / _a1_)) * _a2_);{'d0': {'_a1_': 0.5461259825368726, '_a2_': 1.2477188322710986, '_a5_': 0.22667939078757007, '_a0_': 1.0, '_a3_': 1.0, '_a4_': 1.0, '_a6_': 1.0, '_a7_': 1.0}};{'d0': 0.024905832919416674};-280.569866449043;59.20747216871739
3181;-81.0774610558044;((((((x * (x + (_a2_ + x))) + (_a5_ * _a5_)) * x) + x) * (sqrt(_a1_) / _a1_)) * _a2_);{'d0': {'_a1_': 0.5461259825368726, '_a2_': 1.2477188322710986, '_a5_': 0.22667939078757007, '_a0_': 1.0, '_a3_': 1.0, '_a4_': 1.0, '_a6_': 1.0, '_a7_': 1.0}};{'d0': 0.024905832919416674};-280.569866449043;59.20747216871739
3182;-81.0774610558044;((((((x * (x + (_a2_ + x))) + (_a5_ * _a5_)) * x) + x) * (sqrt(_a1_) / _a1_)) * _a2_);{'d0': {'_a1_': 0.5461259825368726, '_a2_': 1.2477188322710986, '_a5_': 0.22667939078757007, '_a0_': 1.0, '_a3_': 1.0, '_a4_': 1.0, '_a6_': 1.0, '_a7_': 1.0}};{'d0': 0.024905832919416674};-280.569866449043;59.20747216871739
3183;-81.0774610558044;((((((x * (x + (_a2_ + x))) + (_a5_ * _a5_)) * x) + x) * (sqrt(_a1_) / _a1_)) * _a2_);{'d0': {'_a1_': 0.5461259825368726, '_a2_': 1.2477188322710986, '_a5_': 0.22667939078757007, '_a0_': 1.0, '_a3_': 1.0, '_a4_': 1.0, '_a6_': 1.0, '_a7_': 1.0}};{'d0': 0.024905832919416674};-280.569866449043;59.20747216871739
3184;-81.0774610558044;((((((x * (x + (_a2_ + x))) + (_a5_ * _a5_)) * x) + x) * (sqrt(_a1_) / _a1_)) * _a2_);{'d0': {'_a1_': 0.5461259825368726, '_a2_': 1.2477188322710986, '_a5_': 0.22667939078757007, '_a0_': 1.0, '_a3_': 1.0, '_a4_': 1.0, '_a6_': 1.0, '_a7_': 1.0}};{'d0': 0.024905832919416674};-280.569866449043;59.20747216871739
3185;-81.1608392966873;((((((x * (x + (_a2_ + x))) / (_a5_ * _a5_)) * x) + x) * (sqrt(_a1_) / _a1_)) * _a2_);{'d0': {'_a1_': 0.49404952682206926, '_a2_': 1.2477188311892249, '_a5_': 1.025369953013768, '_a0_': 1.0, '_a3_': 1.0, '_a4_': 1.0, '_a6_': 1.0, '_a7_': 1.0}};{'d0': 0.024905832919416605};-280.569866449044;59.124093927834586
3186;-88.4353886575857;((pow2(-((x + _a3_))) * _a2_) + (pow3(((-(_a0_) * x) * _a2_)) + _a7_));{'d0': {'_a0_': 0.7105673005469529, '_a2_': -2.1125556626368267, '_a3_': 0.4200253289238422, '_a7_': -0.37372395110234297, '_a1_': 1.0, '_a4_': 1.0, '_a5_': 1.0, '_a6_': 1.0}};{'d0': 0.024885482501866826};-276.524567593313;49.82689513907056
3187;-88.4353886575857;((pow2(-((x + _a3_))) * _a2_) + (pow3(((-(_a0_) * x) * _a2_)) + _a7_));{'d0': {'_a0_': 0.7105673005469529, '_a2_': -2.1125556626368267, '_a3_': 0.4200253289238422, '_a7_': -0.37372395110234297, '_a1_': 1.0, '_a4_': 1.0, '_a5_': 1.0, '_a6_': 1.0}};{'d0': 0.024885482501866826};-276.524567593313;49.82689513907056
3188;-88.4353886575857;((pow2(-((x + _a3_))) * _a2_) + (pow3(((-(_a0_) * x) * _a2_)) + _a7_));{'d0': {'_a0_': 0.7105673005469529, '_a2_': -2.1125556626368267, '_a3_': 0.4200253289238422, '_a7_': -0.37372395110234297, '_a1_': 1.0, '_a4_': 1.0, '_a5_': 1.0, '_a6_': 1.0}};{'d0': 0.024885482501866826};-276.524567593313;49.82689513907056
3189;-88.4353886575857;((pow2(-((x + _a3_))) * _a2_) + (pow3(((-(_a0_) * x) * _a2_)) + _a7_));{'d0': {'_a0_': 0.7105673005469529, '_a2_': -2.1125556626368267, '_a3_': 0.4200253289238422, '_a7_': -0.37372395110234297, '_a1_': 1.0, '_a4_': 1.0, '_a5_': 1.0, '_a6_': 1.0}};{'d0': 0.024885482501866826};-276.524567593313;49.82689513907056
3190;-81.1608392966873;((((((x * (x + (_a2_ + x))) / (_a5_ * _a5_)) * x) + x) * (sqrt(_a1_) / _a1_)) * _a2_);{'d0': {'_a1_': 0.49404952682206926, '_a2_': 1.2477188311892249, '_a5_': 1.025369953013768, '_a0_': 1.0, '_a3_': 1.0, '_a4_': 1.0, '_a6_': 1.0, '_a7_': 1.0}};{'d0': 0.024905832919416605};-280.569866449044;59.124093927834586
3191;-81.1608392966873;((((((x * (x + (_a2_ + x))) / (_a5_ * _a5_)) * x) + x) * (sqrt(_a1_) / _a1_)) * _a2_);{'d0': {'_a1_': 0.49404952682206926, '_a2_': 1.2477188311892249, '_a5_': 1.025369953013768, '_a0_': 1.0, '_a3_': 1.0, '_a4_': 1.0, '_a6_': 1.0, '_a7_': 1.0}};{'d0': 0.024905832919416605};-280.569866449044;59.124093927834586
3192;-81.1608392966873;((((((x * (x + (_a2_ + x))) / (_a5_ * _a5_)) * x) + x) * (sqrt(_a1_) / _a1_)) * _a2_);{'d0': {'_a1_': 0.49404952682206926, '_a2_': 1.2477188311892249, '_a5_': 1.025369953013768, '_a0_': 1.0, '_a3_': 1.0, '_a4_': 1.0, '_a6_': 1.0, '_a7_': 1.0}};{'d0': 0.024905832919416605};-280.569866449044;59.124093927834586
3193;-81.1608392966873;((((((x * (x + (_a2_ + x))) / (_a5_ * _a5_)) * x) + x) * (sqrt(_a1_) / _a1_)) * _a2_);{'d0': {'_a1_': 0.49404952682206926, '_a2_': 1.2477188311892249, '_a5_': 1.025369953013768, '_a0_': 1.0, '_a3_': 1.0, '_a4_': 1.0, '_a6_': 1.0, '_a7_': 1.0}};{'d0': 0.024905832919416605};-280.569866449044;59.124093927834586
3194;-81.1608392966873;((((((x * (x + (_a2_ + x))) / (_a5_ * _a5_)) * x) + x) * (sqrt(_a1_) / _a1_)) * _a2_);{'d0': {'_a1_': 0.49404952682206926, '_a2_': 1.2477188311892249, '_a5_': 1.025369953013768, '_a0_': 1.0, '_a3_': 1.0, '_a4_': 1.0, '_a6_': 1.0, '_a7_': 1.0}};{'d0': 0.024905832919416605};-280.569866449044;59.124093927834586
3195;-81.9040076067335;((((((x * (x + (_a2_ + x))) * (_a5_ * _a5_)) * x) + x) * (sqrt(_a1_) / _a1_)) * _a2_);{'d0': {'_a1_': 0.49404952686809317, '_a2_': 1.2477188310726164, '_a5_': 0.9752577566766153, '_a0_': 1.0, '_a3_': 1.0, '_a4_': 1.0, '_a6_': 1.0, '_a7_': 1.0}};{'d0': 0.024905832919416605};-280.569866449044;58.380925617788385
3196;-81.9040076067335;((((((x * (x + (_a2_ + x))) * (_a5_ * _a5_)) * x) + x) * (sqrt(_a1_) / _a1_)) * _a2_);{'d0': {'_a1_': 0.49404952686809317, '_a2_': 1.2477188310726164, '_a5_': 0.9752577566766153, '_a0_': 1.0, '_a3_': 1.0, '_a4_': 1.0, '_a6_': 1.0, '_a7_': 1.0}};{'d0': 0.024905832919416605};-280.569866449044;58.380925617788385
3197;-81.9040076067335;((((((x * (x + (_a2_ + x))) * (_a5_ * _a5_)) * x) + x) * (sqrt(_a1_) / _a1_)) * _a2_);{'d0': {'_a1_': 0.49404952686809317, '_a2_': 1.2477188310726164, '_a5_': 0.9752577566766153, '_a0_': 1.0, '_a3_': 1.0, '_a4_': 1.0, '_a6_': 1.0, '_a7_': 1.0}};{'d0': 0.024905832919416605};-280.569866449044;58.380925617788385
3198;-86.9980621048345;(((((x * (x + (_a2_ + x))) * (_a5_ * _a5_)) * x) + x) * (sqrt(_a1_) / _a1_));{'d0': {'_a1_': 0.31734892261367925, '_a2_': 1.2477188311257157, '_a5_': 0.9752577564713081, '_a0_': 1.0, '_a3_': 1.0, '_a4_': 1.0, '_a6_': 1.0, '_a7_': 1.0}};{'d0': 0.024905832919416605};-280.569866449044;53.28687111968738
3199;-86.9980621048345;(((((x * (x + (_a2_ + x))) * (_a5_ * _a5_)) * x) + x) * (sqrt(_a1_) / _a1_));{'d0': {'_a1_': 0.31734892261367925, '_a2_': 1.2477188311257157, '_a5_': 0.9752577564713081, '_a0_': 1.0, '_a3_': 1.0, '_a4_': 1.0, '_a6_': 1.0, '_a7_': 1.0}};{'d0': 0.024905832919416605};-280.569866449044;53.28687111968738
3200;-86.9980621048345;(((((x * (x + (_a2_ + x))) * (_a5_ * _a5_)) * x) + x) * (sqrt(_a1_) / _a1_));{'d0': {'_a1_': 0.31734892261367925, '_a2_': 1.2477188311257157, '_a5_': 0.9752577564713081, '_a0_': 1.0, '_a3_': 1.0, '_a4_': 1.0, '_a6_': 1.0, '_a7_': 1.0}};{'d0': 0.024905832919416605};-280.569866449044;53.28687111968738
3201;-86.9980621048345;(((((x * (x + (_a2_ + x))) * (_a5_ * _a5_)) * x) + x) * (sqrt(_a1_) / _a1_));{'d0': {'_a1_': 0.31734892261367925, '_a2_': 1.2477188311257157, '_a5_': 0.9752577564713081, '_a0_': 1.0, '_a3_': 1.0, '_a4_': 1.0, '_a6_': 1.0, '_a7_': 1.0}};{'d0': 0.024905832919416605};-280.569866449044;53.28687111968738
3202;-86.9980621048345;(((((x * (x + (_a2_ + x))) * (_a5_ * _a5_)) * x) + x) * (sqrt(_a1_) / _a1_));{'d0': {'_a1_': 0.31734892261367925, '_a2_': 1.2477188311257157, '_a5_': 0.9752577564713081, '_a0_': 1.0, '_a3_': 1.0, '_a4_': 1.0, '_a6_': 1.0, '_a7_': 1.0}};{'d0': 0.024905832919416605};-280.569866449044;53.28687111968738
3203;-86.9980621048345;(((((x * (x + (_a2_ + x))) * (_a5_ * _a5_)) * x) + x) * (sqrt(_a1_) / _a1_));{'d0': {'_a1_': 0.31734892261367925, '_a2_': 1.2477188311257157, '_a5_': 0.9752577564713081, '_a0_': 1.0, '_a3_': 1.0, '_a4_': 1.0, '_a6_': 1.0, '_a7_': 1.0}};{'d0': 0.024905832919416605};-280.569866449044;53.28687111968738
3204;-86.9980621048345;(((((x * (x + (_a2_ + x))) * (_a5_ * _a5_)) * x) + x) * (sqrt(_a1_) / _a1_));{'d0': {'_a1_': 0.31734892261367925, '_a2_': 1.2477188311257157, '_a5_': 0.9752577564713081, '_a0_': 1.0, '_a3_': 1.0, '_a4_': 1.0, '_a6_': 1.0, '_a7_': 1.0}};{'d0': 0.024905832919416605};-280.569866449044;53.28687111968738
3205;-86.9980621048345;(((((x * (x + (_a2_ + x))) * (_a5_ * _a5_)) * x) + x) * (sqrt(_a1_) / _a1_));{'d0': {'_a1_': 0.31734892261367925, '_a2_': 1.2477188311257157, '_a5_': 0.9752577564713081, '_a0_': 1.0, '_a3_': 1.0, '_a4_': 1.0, '_a6_': 1.0, '_a7_': 1.0}};{'d0': 0.024905832919416605};-280.569866449044;53.28687111968738
3206;-86.9980621048345;(((((x * (x + (_a2_ + x))) * (_a5_ * _a5_)) * x) + x) * (sqrt(_a1_) / _a1_));{'d0': {'_a1_': 0.31734892261367925, '_a2_': 1.2477188311257157, '_a5_': 0.9752577564713081, '_a0_': 1.0, '_a3_': 1.0, '_a4_': 1.0, '_a6_': 1.0, '_a7_': 1.0}};{'d0': 0.024905832919416605};-280.569866449044;53.28687111968738
3207;-86.9980621048345;(((((x * (x + (_a2_ + x))) * (_a5_ * _a5_)) * x) + x) * (sqrt(_a1_) / _a1_));{'d0': {'_a1_': 0.31734892261367925, '_a2_': 1.2477188311257157, '_a5_': 0.9752577564713081, '_a0_': 1.0, '_a3_': 1.0, '_a4_': 1.0, '_a6_': 1.0, '_a7_': 1.0}};{'d0': 0.024905832919416605};-280.569866449044;53.28687111968738
3208;-86.9980621048345;(((((x * (x + (_a2_ + x))) * (_a5_ * _a5_)) * x) + x) * (sqrt(_a1_) / _a1_));{'d0': {'_a1_': 0.31734892261367925, '_a2_': 1.2477188311257157, '_a5_': 0.9752577564713081, '_a0_': 1.0, '_a3_': 1.0, '_a4_': 1.0, '_a6_': 1.0, '_a7_': 1.0}};{'d0': 0.024905832919416605};-280.569866449044;53.28687111968738
3209;-86.9980621048345;(((((x * (x + (_a2_ + x))) * (_a5_ * _a5_)) * x) + x) * (sqrt(_a1_) / _a1_));{'d0': {'_a1_': 0.31734892261367925, '_a2_': 1.2477188311257157, '_a5_': 0.9752577564713081, '_a0_': 1.0, '_a3_': 1.0, '_a4_': 1.0, '_a6_': 1.0, '_a7_': 1.0}};{'d0': 0.024905832919416605};-280.569866449044;53.28687111968738
3210;-86.9980621048345;(((((x * (x + (_a2_ + x))) * (_a5_ * _a5_)) * x) + x) * (sqrt(_a1_) / _a1_));{'d0': {'_a1_': 0.31734892261367925, '_a2_': 1.2477188311257157, '_a5_': 0.9752577564713081, '_a0_': 1.0, '_a3_': 1.0, '_a4_': 1.0, '_a6_': 1.0, '_a7_': 1.0}};{'d0': 0.024905832919416605};-280.569866449044;53.28687111968738
3211;-86.3155491294444;((pow2(-((x + _a3_))) * _a2_) + (pow3(((_a3_ * x) * (_a4_ / _a3_))) + _a7_));{'d0': {'_a2_': -2.1125556588048258, '_a3_': 0.4200253297023512, '_a4_': 1.5011129738917834, '_a7_': -0.3737239514033277, '_a0_': 1.0, '_a1_': 1.0, '_a5_': 1.0, '_a6_': 1.0}};{'d0': 0.024885482501866847};-276.524567593312;51.94673466721179
3212;-86.3155491294444;((pow2(-((x + _a3_))) * _a2_) + (pow3(((_a3_ * x) * (_a4_ / _a3_))) + _a7_));{'d0': {'_a2_': -2.1125556588048258, '_a3_': 0.4200253297023512, '_a4_': 1.5011129738917834, '_a7_': -0.3737239514033277, '_a0_': 1.0, '_a1_': 1.0, '_a5_': 1.0, '_a6_': 1.0}};{'d0': 0.024885482501866847};-276.524567593312;51.94673466721179
3213;-86.3155491294444;((pow2(-((x + _a3_))) * _a2_) + (pow3(((_a3_ * x) * (_a4_ / _a3_))) + _a7_));{'d0': {'_a2_': -2.1125556588048258, '_a3_': 0.4200253297023512, '_a4_': 1.5011129738917834, '_a7_': -0.3737239514033277, '_a0_': 1.0, '_a1_': 1.0, '_a5_': 1.0, '_a6_': 1.0}};{'d0': 0.024885482501866847};-276.524567593312;51.94673466721179
3214;-86.3155491294444;((pow2(-((x + _a3_))) * _a2_) + (pow3(((_a3_ * x) * (_a4_ / _a3_))) + _a7_));{'d0': {'_a2_': -2.1125556588048258, '_a3_': 0.4200253297023512, '_a4_': 1.5011129738917834, '_a7_': -0.3737239514033277, '_a0_': 1.0, '_a1_': 1.0, '_a5_': 1.0, '_a6_': 1.0}};{'d0': 0.024885482501866847};-276.524567593312;51.94673466721179
3215;-92.1158408958468;((pow2(-((x + _a3_))) * _a2_) + (pow3(((_a3_ * x) * _a1_)) + _a7_));{'d0': {'_a1_': 3.5738629744851464, '_a2_': -2.1125556585906717, '_a3_': 0.4200253296459776, '_a7_': -0.37372395118843976, '_a0_': 1.0, '_a4_': 1.0, '_a5_': 1.0, '_a6_': 1.0}};{'d0': 0.02488548250186685};-276.524567593312;46.14644290080939
3216;-92.1158408958468;((pow2(-((x + _a3_))) * _a2_) + (pow3(((_a3_ * x) * _a1_)) + _a7_));{'d0': {'_a1_': 3.5738629744851464, '_a2_': -2.1125556585906717, '_a3_': 0.4200253296459776, '_a7_': -0.37372395118843976, '_a0_': 1.0, '_a4_': 1.0, '_a5_': 1.0, '_a6_': 1.0}};{'d0': 0.02488548250186685};-276.524567593312;46.14644290080939
3217;-92.1158408958468;((pow2(-((x + _a3_))) * _a2_) + (pow3(((_a3_ * x) * _a1_)) + _a7_));{'d0': {'_a1_': 3.5738629744851464, '_a2_': -2.1125556585906717, '_a3_': 0.4200253296459776, '_a7_': -0.37372395118843976, '_a0_': 1.0, '_a4_': 1.0, '_a5_': 1.0, '_a6_': 1.0}};{'d0': 0.02488548250186685};-276.524567593312;46.14644290080939
3218;-92.1158408958468;((pow2(-((x + _a3_))) * _a2_) + (pow3(((_a3_ * x) * _a1_)) + _a7_));{'d0': {'_a1_': 3.5738629744851464, '_a2_': -2.1125556585906717, '_a3_': 0.4200253296459776, '_a7_': -0.37372395118843976, '_a0_': 1.0, '_a4_': 1.0, '_a5_': 1.0, '_a6_': 1.0}};{'d0': 0.02488548250186685};-276.524567593312;46.14644290080939
3219;-92.1158408958468;((pow2(-((x + _a3_))) * _a2_) + (pow3(((_a3_ * x) * _a1_)) + _a7_));{'d0': {'_a1_': 3.5738629744851464, '_a2_': -2.1125556585906717, '_a3_': 0.4200253296459776, '_a7_': -0.37372395118843976, '_a0_': 1.0, '_a4_': 1.0, '_a5_': 1.0, '_a6_': 1.0}};{'d0': 0.02488548250186685};-276.524567593312;46.14644290080939
3220;-92.1158408958468;((pow2(-((x + _a3_))) * _a2_) + (pow3(((_a3_ * x) * _a1_)) + _a7_));{'d0': {'_a1_': 3.5738629744851464, '_a2_': -2.1125556585906717, '_a3_': 0.4200253296459776, '_a7_': -0.37372395118843976, '_a0_': 1.0, '_a4_': 1.0, '_a5_': 1.0, '_a6_': 1.0}};{'d0': 0.02488548250186685};-276.524567593312;46.14644290080939
3221;-92.1158408958468;((pow2(-((x + _a3_))) * _a2_) + (pow3(((_a3_ * x) * _a1_)) + _a7_));{'d0': {'_a1_': 3.5738629744851464, '_a2_': -2.1125556585906717, '_a3_': 0.4200253296459776, '_a7_': -0.37372395118843976, '_a0_': 1.0, '_a4_': 1.0, '_a5_': 1.0, '_a6_': 1.0}};{'d0': 0.02488548250186685};-276.524567593312;46.14644290080939
3222;-92.1158408958468;((pow2(-((x + _a3_))) * _a2_) + (pow3(((_a3_ * x) * _a1_)) + _a7_));{'d0': {'_a1_': 3.5738629744851464, '_a2_': -2.1125556585906717, '_a3_': 0.4200253296459776, '_a7_': -0.37372395118843976, '_a0_': 1.0, '_a4_': 1.0, '_a5_': 1.0, '_a6_': 1.0}};{'d0': 0.02488548250186685};-276.524567593312;46.14644290080939
3223;-92.1158408958468;((pow2(-((x + _a3_))) * _a2_) + (pow3(((_a3_ * x) * _a1_)) + _a7_));{'d0': {'_a1_': 3.5738629744851464, '_a2_': -2.1125556585906717, '_a3_': 0.4200253296459776, '_a7_': -0.37372395118843976, '_a0_': 1.0, '_a4_': 1.0, '_a5_': 1.0, '_a6_': 1.0}};{'d0': 0.02488548250186685};-276.524567593312;46.14644290080939
3224;-92.1158408958468;((pow2(-((x + _a3_))) * _a2_) + (pow3(((_a3_ * x) * _a1_)) + _a7_));{'d0': {'_a1_': 3.5738629744851464, '_a2_': -2.1125556585906717, '_a3_': 0.4200253296459776, '_a7_': -0.37372395118843976, '_a0_': 1.0, '_a4_': 1.0, '_a5_': 1.0, '_a6_': 1.0}};{'d0': 0.02488548250186685};-276.524567593312;46.14644290080939
3225;-92.1158408958468;((pow2(-((x + _a3_))) * _a2_) + (pow3(((_a3_ * x) * _a1_)) + _a7_));{'d0': {'_a1_': 3.5738629744851464, '_a2_': -2.1125556585906717, '_a3_': 0.4200253296459776, '_a7_': -0.37372395118843976, '_a0_': 1.0, '_a4_': 1.0, '_a5_': 1.0, '_a6_': 1.0}};{'d0': 0.02488548250186685};-276.524567593312;46.14644290080939
3226;-92.1158408958468;((pow2(-((x + _a3_))) * _a2_) + (pow3(((_a3_ * x) * _a1_)) + _a0_));{'d0': {'_a0_': -0.37372395044187257, '_a1_': 3.573862989848803, '_a2_': -2.1125556654109094, '_a3_': 0.4200253281481883, '_a4_': 1.0, '_a5_': 1.0, '_a6_': 1.0, '_a7_': 1.0}};{'d0': 0.02488548250186686};-276.524567593312;46.14644290080939
3227;-92.1158408958468;((pow2(-((x + _a3_))) * _a2_) + (pow3(((_a3_ * x) * _a1_)) + _a0_));{'d0': {'_a0_': -0.37372395044187257, '_a1_': 3.573862989848803, '_a2_': -2.1125556654109094, '_a3_': 0.4200253281481883, '_a4_': 1.0, '_a5_': 1.0, '_a6_': 1.0, '_a7_': 1.0}};{'d0': 0.02488548250186686};-276.524567593312;46.14644290080939
3228;-92.1158408958468;((pow2(-((x + _a3_))) * _a2_) + (pow3(((_a3_ * x) * _a1_)) + _a0_));{'d0': {'_a0_': -0.37372395044187257, '_a1_': 3.573862989848803, '_a2_': -2.1125556654109094, '_a3_': 0.4200253281481883, '_a4_': 1.0, '_a5_': 1.0, '_a6_': 1.0, '_a7_': 1.0}};{'d0': 0.02488548250186686};-276.524567593312;46.14644290080939
3229;-92.1158408958468;((pow2(-((x + _a3_))) * _a2_) + (pow3(((_a3_ * x) * _a1_)) + _a0_));{'d0': {'_a0_': -0.37372395044187257, '_a1_': 3.573862989848803, '_a2_': -2.1125556654109094, '_a3_': 0.4200253281481883, '_a4_': 1.0, '_a5_': 1.0, '_a6_': 1.0, '_a7_': 1.0}};{'d0': 0.02488548250186686};-276.524567593312;46.14644290080939
3230;-92.1158408958468;((pow2(-((x + _a3_))) * _a2_) + (pow3(((_a3_ * x) * _a1_)) + _a0_));{'d0': {'_a0_': -0.37372395044187257, '_a1_': 3.573862989848803, '_a2_': -2.1125556654109094, '_a3_': 0.4200253281481883, '_a4_': 1.0, '_a5_': 1.0, '_a6_': 1.0, '_a7_': 1.0}};{'d0': 0.02488548250186686};-276.524567593312;46.14644290080939
3231;-92.1158408958468;((pow2(-((x + _a3_))) * _a2_) + (pow3(((_a3_ * x) * _a1_)) + _a0_));{'d0': {'_a0_': -0.37372395044187257, '_a1_': 3.573862989848803, '_a2_': -2.1125556654109094, '_a3_': 0.4200253281481883, '_a4_': 1.0, '_a5_': 1.0, '_a6_': 1.0, '_a7_': 1.0}};{'d0': 0.02488548250186686};-276.524567593312;46.14644290080939
3232;-92.1158408958468;((pow2(-((x + _a3_))) * _a2_) + (pow3(((_a3_ * x) * _a1_)) + _a0_));{'d0': {'_a0_': -0.37372395044187257, '_a1_': 3.573862989848803, '_a2_': -2.1125556654109094, '_a3_': 0.4200253281481883, '_a4_': 1.0, '_a5_': 1.0, '_a6_': 1.0, '_a7_': 1.0}};{'d0': 0.02488548250186686};-276.524567593312;46.14644290080939
3233;-92.1158408958468;((pow2(-((x + _a3_))) * _a2_) + (pow3(((_a3_ * x) * _a1_)) + _a0_));{'d0': {'_a0_': -0.37372395044187257, '_a1_': 3.573862989848803, '_a2_': -2.1125556654109094, '_a3_': 0.4200253281481883, '_a4_': 1.0, '_a5_': 1.0, '_a6_': 1.0, '_a7_': 1.0}};{'d0': 0.02488548250186686};-276.524567593312;46.14644290080939
3234;-92.1158408958468;((pow2(-((x + _a3_))) * _a2_) + (pow3(((_a3_ * x) * _a1_)) + _a0_));{'d0': {'_a0_': -0.37372395044187257, '_a1_': 3.573862989848803, '_a2_': -2.1125556654109094, '_a3_': 0.4200253281481883, '_a4_': 1.0, '_a5_': 1.0, '_a6_': 1.0, '_a7_': 1.0}};{'d0': 0.02488548250186686};-276.524567593312;46.14644290080939
3235;-92.1158408958468;((pow2(-((x + _a3_))) * _a2_) + (pow3(((_a3_ * x) * _a1_)) + _a0_));{'d0': {'_a0_': -0.37372395044187257, '_a1_': 3.573862989848803, '_a2_': -2.1125556654109094, '_a3_': 0.4200253281481883, '_a4_': 1.0, '_a5_': 1.0, '_a6_': 1.0, '_a7_': 1.0}};{'d0': 0.02488548250186686};-276.524567593312;46.14644290080939
3236;-92.1158408958468;((pow2(-((x + _a3_))) * _a2_) + (pow3(((_a3_ * x) * _a1_)) + _a0_));{'d0': {'_a0_': -0.37372395044187257, '_a1_': 3.573862989848803, '_a2_': -2.1125556654109094, '_a3_': 0.4200253281481883, '_a4_': 1.0, '_a5_': 1.0, '_a6_': 1.0, '_a7_': 1.0}};{'d0': 0.02488548250186686};-276.524567593312;46.14644290080939
3237;-92.1158408958468;((pow2(-((x + _a3_))) * _a2_) + (pow3(((_a3_ * x) * _a1_)) + _a0_));{'d0': {'_a0_': -0.37372395044187257, '_a1_': 3.573862989848803, '_a2_': -2.1125556654109094, '_a3_': 0.4200253281481883, '_a4_': 1.0, '_a5_': 1.0, '_a6_': 1.0, '_a7_': 1.0}};{'d0': 0.02488548250186686};-276.524567593312;46.14644290080939
3238;-92.1158408958468;((pow2(-((x + _a3_))) * _a2_) + (pow3(((_a3_ * x) * _a1_)) + _a0_));{'d0': {'_a0_': -0.37372395044187257, '_a1_': 3.573862989848803, '_a2_': -2.1125556654109094, '_a3_': 0.4200253281481883, '_a4_': 1.0, '_a5_': 1.0, '_a6_': 1.0, '_a7_': 1.0}};{'d0': 0.02488548250186686};-276.524567593312;46.14644290080939
3239;-92.1158408958468;((pow2(-((x + _a3_))) * _a2_) + (pow3(((_a3_ * x) * _a1_)) + _a0_));{'d0': {'_a0_': -0.37372395044187257, '_a1_': 3.573862989848803, '_a2_': -2.1125556654109094, '_a3_': 0.4200253281481883, '_a4_': 1.0, '_a5_': 1.0, '_a6_': 1.0, '_a7_': 1.0}};{'d0': 0.02488548250186686};-276.524567593312;46.14644290080939
3240;-92.1158408958468;((pow2(-((x + _a3_))) * _a2_) + (pow3(((_a3_ * x) * _a1_)) + _a0_));{'d0': {'_a0_': -0.37372395044187257, '_a1_': 3.573862989848803, '_a2_': -2.1125556654109094, '_a3_': 0.4200253281481883, '_a4_': 1.0, '_a5_': 1.0, '_a6_': 1.0, '_a7_': 1.0}};{'d0': 0.02488548250186686};-276.524567593312;46.14644290080939
3241;-92.1158408958468;((pow2(-((x + _a3_))) * _a2_) + (pow3(((_a3_ * x) * _a1_)) + _a0_));{'d0': {'_a0_': -0.37372395044187257, '_a1_': 3.573862989848803, '_a2_': -2.1125556654109094, '_a3_': 0.4200253281481883, '_a4_': 1.0, '_a5_': 1.0, '_a6_': 1.0, '_a7_': 1.0}};{'d0': 0.02488548250186686};-276.524567593312;46.14644290080939
3242;-92.1158408958468;((pow2(-((x + _a3_))) * _a2_) + (pow3(((_a3_ * x) * _a1_)) + _a0_));{'d0': {'_a0_': -0.37372395044187257, '_a1_': 3.573862989848803, '_a2_': -2.1125556654109094, '_a3_': 0.4200253281481883, '_a4_': 1.0, '_a5_': 1.0, '_a6_': 1.0, '_a7_': 1.0}};{'d0': 0.02488548250186686};-276.524567593312;46.14644290080939
3243;-92.1158408958468;((pow2(-((x + _a3_))) * _a2_) + (pow3(((_a3_ * x) * _a1_)) + _a0_));{'d0': {'_a0_': -0.37372395044187257, '_a1_': 3.573862989848803, '_a2_': -2.1125556654109094, '_a3_': 0.4200253281481883, '_a4_': 1.0, '_a5_': 1.0, '_a6_': 1.0, '_a7_': 1.0}};{'d0': 0.02488548250186686};-276.524567593312;46.14644290080939
3244;-88.4179064232368;((pow2(-((x + _a3_))) * _a2_) + (pow3(((_a3_ * x) * pow2(_a6_))) + _a0_));{'d0': {'_a0_': -0.37372395134599135, '_a2_': -2.112555659524115, '_a3_': 0.42002532955938376, '_a6_': 1.8904663380485769, '_a1_': 1.0, '_a4_': 1.0, '_a5_': 1.0, '_a7_': 1.0}};{'d0': 0.024885482501866875};-276.524567593312;49.84437737341939
3245;-88.4179064232368;((pow2(-((x + _a3_))) * _a2_) + (pow3(((_a3_ * x) * pow2(_a6_))) + _a0_));{'d0': {'_a0_': -0.37372395134599135, '_a2_': -2.112555659524115, '_a3_': 0.42002532955938376, '_a6_': 1.8904663380485769, '_a1_': 1.0, '_a4_': 1.0, '_a5_': 1.0, '_a7_': 1.0}};{'d0': 0.024885482501866875};-276.524567593312;49.84437737341939
3246;-87.3742880133379;((pow2(-((x + _a3_))) * _a2_) + (pow3(((_a3_ * x) + pow2(_a6_))) + _a0_));{'d0': {'_a0_': -17.536591082537242, '_a2_': 26.74657977663226, '_a3_': 1.5011129890861372, '_a6_': 2.066177597939156, '_a1_': 1.0, '_a4_': 1.0, '_a5_': 1.0, '_a7_': 1.0}};{'d0': 0.024885482501870115};-276.524567593305;50.88799578331439
3247;-87.3742880133379;((pow2(-((x + _a3_))) * _a2_) + (pow3(((_a3_ * x) + pow2(_a6_))) + _a0_));{'d0': {'_a0_': -17.536591082537242, '_a2_': 26.74657977663226, '_a3_': 1.5011129890861372, '_a6_': 2.066177597939156, '_a1_': 1.0, '_a4_': 1.0, '_a5_': 1.0, '_a7_': 1.0}};{'d0': 0.024885482501870115};-276.524567593305;50.88799578331439
3248;-87.3742880133379;((pow2(-((x + _a3_))) * _a2_) + (pow3(((_a3_ * x) + pow2(_a6_))) + _a0_));{'d0': {'_a0_': -17.536591082537242, '_a2_': 26.74657977663226, '_a3_': 1.5011129890861372, '_a6_': 2.066177597939156, '_a1_': 1.0, '_a4_': 1.0, '_a5_': 1.0, '_a7_': 1.0}};{'d0': 0.024885482501870115};-276.524567593305;50.88799578331439
3249;-87.3742880133379;((pow2(-((x + _a3_))) * _a2_) + (pow3(((_a3_ * x) + pow2(_a6_))) + _a0_));{'d0': {'_a0_': -17.536591082537242, '_a2_': 26.74657977663226, '_a3_': 1.5011129890861372, '_a6_': 2.066177597939156, '_a1_': 1.0, '_a4_': 1.0, '_a5_': 1.0, '_a7_': 1.0}};{'d0': 0.024885482501870115};-276.524567593305;50.88799578331439
3250;-87.3742880133379;((pow2(-((x + _a3_))) * _a2_) + (pow3(((_a3_ * x) + pow2(_a6_))) + _a0_));{'d0': {'_a0_': -17.536591082537242, '_a2_': 26.74657977663226, '_a3_': 1.5011129890861372, '_a6_': 2.066177597939156, '_a1_': 1.0, '_a4_': 1.0, '_a5_': 1.0, '_a7_': 1.0}};{'d0': 0.024885482501870115};-276.524567593305;50.88799578331439
3251;-88.4179064232368;((pow2(-((x + _a3_))) * _a2_) + (pow3(((_a3_ * x) * pow2(_a6_))) + _a0_));{'d0': {'_a0_': -0.37372395134599135, '_a2_': -2.112555659524115, '_a3_': 0.42002532955938376, '_a6_': 1.8904663380485769, '_a1_': 1.0, '_a4_': 1.0, '_a5_': 1.0, '_a7_': 1.0}};{'d0': 0.024885482501866875};-276.524567593312;49.84437737341939
3252;-104.058817930787;(((((x * (x + _a3_)) * (_a3_ * _a5_)) * x) + x) * _a1_);{'d0': {'_a1_': 1.7751354034748617, '_a3_': 0.6238594153870598, '_a5_': 3.049173159305592, '_a0_': 1.0, '_a2_': 1.0, '_a4_': 1.0, '_a6_': 1.0, '_a7_': 1.0}};{'d0': 0.024905832919416587};-280.569866449044;36.22611529373499
3253;-104.058817930787;(((((x * (x + _a3_)) * (_a3_ * _a5_)) * x) + x) * _a1_);{'d0': {'_a1_': 1.7751354034748617, '_a3_': 0.6238594153870598, '_a5_': 3.049173159305592, '_a0_': 1.0, '_a2_': 1.0, '_a4_': 1.0, '_a6_': 1.0, '_a7_': 1.0}};{'d0': 0.024905832919416587};-280.569866449044;36.22611529373499
3254;-104.058817930787;(((((x * (x + _a3_)) * (_a3_ * _a5_)) * x) + x) * _a1_);{'d0': {'_a1_': 1.7751354034748617, '_a3_': 0.6238594153870598, '_a5_': 3.049173159305592, '_a0_': 1.0, '_a2_': 1.0, '_a4_': 1.0, '_a6_': 1.0, '_a7_': 1.0}};{'d0': 0.024905832919416587};-280.569866449044;36.22611529373499
3255;-104.058817930787;(((((x * (x + _a3_)) * (_a3_ * _a5_)) * x) + x) * _a1_);{'d0': {'_a1_': 1.7751354034748617, '_a3_': 0.6238594153870598, '_a5_': 3.049173159305592, '_a0_': 1.0, '_a2_': 1.0, '_a4_': 1.0, '_a6_': 1.0, '_a7_': 1.0}};{'d0': 0.024905832919416587};-280.569866449044;36.22611529373499
3256;-104.058817930787;(((((x * (x + _a3_)) * (_a3_ * _a5_)) * x) + x) * _a1_);{'d0': {'_a1_': 1.7751354034748617, '_a3_': 0.6238594153870598, '_a5_': 3.049173159305592, '_a0_': 1.0, '_a2_': 1.0, '_a4_': 1.0, '_a6_': 1.0, '_a7_': 1.0}};{'d0': 0.024905832919416587};-280.569866449044;36.22611529373499
3257;-104.058817930787;(((((x * (x + _a3_)) * (_a3_ * _a5_)) * x) + x) * _a1_);{'d0': {'_a1_': 1.7751354034748617, '_a3_': 0.6238594153870598, '_a5_': 3.049173159305592, '_a0_': 1.0, '_a2_': 1.0, '_a4_': 1.0, '_a6_': 1.0, '_a7_': 1.0}};{'d0': 0.024905832919416587};-280.569866449044;36.22611529373499
3258;-104.058817930787;(((((x * (x + _a3_)) * (_a3_ * _a5_)) * x) + x) * _a1_);{'d0': {'_a1_': 1.7751354034748617, '_a3_': 0.6238594153870598, '_a5_': 3.049173159305592, '_a0_': 1.0, '_a2_': 1.0, '_a4_': 1.0, '_a6_': 1.0, '_a7_': 1.0}};{'d0': 0.024905832919416587};-280.569866449044;36.22611529373499
3259;-104.058817930787;(((((x * (x + _a3_)) * (_a3_ * _a5_)) * x) + x) * _a1_);{'d0': {'_a1_': 1.7751354034748617, '_a3_': 0.6238594153870598, '_a5_': 3.049173159305592, '_a0_': 1.0, '_a2_': 1.0, '_a4_': 1.0, '_a6_': 1.0, '_a7_': 1.0}};{'d0': 0.024905832919416587};-280.569866449044;36.22611529373499
3260;-103.721183112456;(((((x * (x + _a3_)) * log(_a7_)) * x) + x) * _a1_);{'d0': {'_a1_': 1.7751354038744787, '_a3_': 0.62385941550055, '_a7_': 6.700990720464463, '_a0_': 1.0, '_a2_': 1.0, '_a4_': 1.0, '_a5_': 1.0, '_a6_': 1.0}};{'d0': 0.024905832919416584};-280.569866449044;36.56375011206599
3261;-103.721183112456;(((((x * (x + _a3_)) * log(_a7_)) * x) + x) * _a1_);{'d0': {'_a1_': 1.7751354038744787, '_a3_': 0.62385941550055, '_a7_': 6.700990720464463, '_a0_': 1.0, '_a2_': 1.0, '_a4_': 1.0, '_a5_': 1.0, '_a6_': 1.0}};{'d0': 0.024905832919416584};-280.569866449044;36.56375011206599
3262;-103.721183112456;(((((x * (x + _a3_)) * log(_a7_)) * x) + x) * _a1_);{'d0': {'_a1_': 1.7751354038744787, '_a3_': 0.62385941550055, '_a7_': 6.700990720464463, '_a0_': 1.0, '_a2_': 1.0, '_a4_': 1.0, '_a5_': 1.0, '_a6_': 1.0}};{'d0': 0.024905832919416584};-280.569866449044;36.56375011206599
3263;-103.721183112456;(((((x * (x + _a3_)) * log(_a7_)) * x) + x) * _a1_);{'d0': {'_a1_': 1.7751354038744787, '_a3_': 0.62385941550055, '_a7_': 6.700990720464463, '_a0_': 1.0, '_a2_': 1.0, '_a4_': 1.0, '_a5_': 1.0, '_a6_': 1.0}};{'d0': 0.024905832919416584};-280.569866449044;36.56375011206599
3264;-103.721183112456;(((((x * (x + _a3_)) * log(_a7_)) * x) + x) * _a1_);{'d0': {'_a1_': 1.7751354038744787, '_a3_': 0.62385941550055, '_a7_': 6.700990720464463, '_a0_': 1.0, '_a2_': 1.0, '_a4_': 1.0, '_a5_': 1.0, '_a6_': 1.0}};{'d0': 0.024905832919416584};-280.569866449044;36.56375011206599
3265;-103.721183112456;(((((x * (x + _a3_)) * log(_a7_)) * x) + x) * _a1_);{'d0': {'_a1_': 1.7751354038744787, '_a3_': 0.62385941550055, '_a7_': 6.700990720464463, '_a0_': 1.0, '_a2_': 1.0, '_a4_': 1.0, '_a5_': 1.0, '_a6_': 1.0}};{'d0': 0.024905832919416584};-280.569866449044;36.56375011206599
3266;-103.721183112456;(((((x * (x + _a3_)) * log(_a7_)) * x) + x) * _a1_);{'d0': {'_a1_': 1.7751354038744787, '_a3_': 0.62385941550055, '_a7_': 6.700990720464463, '_a0_': 1.0, '_a2_': 1.0, '_a4_': 1.0, '_a5_': 1.0, '_a6_': 1.0}};{'d0': 0.024905832919416584};-280.569866449044;36.56375011206599
3267;-103.721183112456;(((((x * (x + _a3_)) * log(_a7_)) * x) + x) * _a1_);{'d0': {'_a1_': 1.7751354038744787, '_a3_': 0.62385941550055, '_a7_': 6.700990720464463, '_a0_': 1.0, '_a2_': 1.0, '_a4_': 1.0, '_a5_': 1.0, '_a6_': 1.0}};{'d0': 0.024905832919416584};-280.569866449044;36.56375011206599
3268;-103.721183112456;(((((x * (x + _a3_)) * log(_a7_)) * x) + x) * _a1_);{'d0': {'_a1_': 1.7751354038744787, '_a3_': 0.62385941550055, '_a7_': 6.700990720464463, '_a0_': 1.0, '_a2_': 1.0, '_a4_': 1.0, '_a5_': 1.0, '_a6_': 1.0}};{'d0': 0.024905832919416584};-280.569866449044;36.56375011206599
3269;-103.721183112456;(((((x * (x + _a3_)) * log(_a7_)) * x) + x) * _a1_);{'d0': {'_a1_': 1.7751354038744787, '_a3_': 0.62385941550055, '_a7_': 6.700990720464463, '_a0_': 1.0, '_a2_': 1.0, '_a4_': 1.0, '_a5_': 1.0, '_a6_': 1.0}};{'d0': 0.024905832919416584};-280.569866449044;36.56375011206599
3270;-103.721183112456;(((((x * (x + _a3_)) * log(_a7_)) * x) + x) * _a1_);{'d0': {'_a1_': 1.7751354038744787, '_a3_': 0.62385941550055, '_a7_': 6.700990720464463, '_a0_': 1.0, '_a2_': 1.0, '_a4_': 1.0, '_a5_': 1.0, '_a6_': 1.0}};{'d0': 0.024905832919416584};-280.569866449044;36.56375011206599
3271;-103.721183112456;(((((x * (x + _a3_)) * log(_a7_)) * x) + x) * _a1_);{'d0': {'_a1_': 1.7751354038744787, '_a3_': 0.62385941550055, '_a7_': 6.700990720464463, '_a0_': 1.0, '_a2_': 1.0, '_a4_': 1.0, '_a5_': 1.0, '_a6_': 1.0}};{'d0': 0.024905832919416584};-280.569866449044;36.56375011206599
3272;-103.721183112456;(((((x * (x + _a3_)) * log(_a7_)) * x) + x) * _a1_);{'d0': {'_a1_': 1.7751354038744787, '_a3_': 0.62385941550055, '_a7_': 6.700990720464463, '_a0_': 1.0, '_a2_': 1.0, '_a4_': 1.0, '_a5_': 1.0, '_a6_': 1.0}};{'d0': 0.024905832919416584};-280.569866449044;36.56375011206599
3273;-103.721183112456;(((((x * (x + _a3_)) * log(_a7_)) * x) + x) * _a1_);{'d0': {'_a1_': 1.7751354038744787, '_a3_': 0.62385941550055, '_a7_': 6.700990720464463, '_a0_': 1.0, '_a2_': 1.0, '_a4_': 1.0, '_a5_': 1.0, '_a6_': 1.0}};{'d0': 0.024905832919416584};-280.569866449044;36.56375011206599
3274;-101.112741812425;(((((x * (x + _a3_)) * (_a5_ + _a6_)) * x) + x) * _a1_);{'d0': {'_a1_': 1.77513540393424, '_a3_': 0.6238594152930609, '_a5_': 519.6303462528496, '_a6_': -517.7280908696117, '_a0_': 1.0, '_a2_': 1.0, '_a4_': 1.0, '_a7_': 1.0}};{'d0': 0.024905832919416605};-276.475521886822;37.12501913098599
3275;-101.112741812425;(((((x * (x + _a3_)) * (_a5_ + _a6_)) * x) + x) * _a1_);{'d0': {'_a1_': 1.77513540393424, '_a3_': 0.6238594152930609, '_a5_': 519.6303462528496, '_a6_': -517.7280908696117, '_a0_': 1.0, '_a2_': 1.0, '_a4_': 1.0, '_a7_': 1.0}};{'d0': 0.024905832919416605};-276.475521886822;37.12501913098599
3276;-101.112741812425;(((((x * (x + _a3_)) * (_a5_ + _a6_)) * x) + x) * _a1_);{'d0': {'_a1_': 1.77513540393424, '_a3_': 0.6238594152930609, '_a5_': 519.6303462528496, '_a6_': -517.7280908696117, '_a0_': 1.0, '_a2_': 1.0, '_a4_': 1.0, '_a7_': 1.0}};{'d0': 0.024905832919416605};-276.475521886822;37.12501913098599
3277;-101.112741812425;(((((x * (x + _a3_)) * (_a5_ + _a6_)) * x) + x) * _a1_);{'d0': {'_a1_': 1.77513540393424, '_a3_': 0.6238594152930609, '_a5_': 519.6303462528496, '_a6_': -517.7280908696117, '_a0_': 1.0, '_a2_': 1.0, '_a4_': 1.0, '_a7_': 1.0}};{'d0': 0.024905832919416605};-276.475521886822;37.12501913098599
3278;-101.112741812425;(((((x * (x + _a3_)) * (_a5_ + _a6_)) * x) + x) * _a1_);{'d0': {'_a1_': 1.77513540393424, '_a3_': 0.6238594152930609, '_a5_': 519.6303462528496, '_a6_': -517.7280908696117, '_a0_': 1.0, '_a2_': 1.0, '_a4_': 1.0, '_a7_': 1.0}};{'d0': 0.024905832919416605};-276.475521886822;37.12501913098599
3279;-101.112741812425;(((((x * (x + _a3_)) * (_a5_ + _a6_)) * x) + x) * _a1_);{'d0': {'_a1_': 1.77513540393424, '_a3_': 0.6238594152930609, '_a5_': 519.6303462528496, '_a6_': -517.7280908696117, '_a0_': 1.0, '_a2_': 1.0, '_a4_': 1.0, '_a7_': 1.0}};{'d0': 0.024905832919416605};-276.475521886822;37.12501913098599
3280;-101.112741812425;(((((x * (x + _a3_)) * (_a5_ + _a6_)) * x) + x) * _a1_);{'d0': {'_a1_': 1.77513540393424, '_a3_': 0.6238594152930609, '_a5_': 519.6303462528496, '_a6_': -517.7280908696117, '_a0_': 1.0, '_a2_': 1.0, '_a4_': 1.0, '_a7_': 1.0}};{'d0': 0.024905832919416605};-276.475521886822;37.12501913098599
3281;-101.112741812425;(((((x * (x + _a3_)) * (_a5_ + _a6_)) * x) + x) * _a1_);{'d0': {'_a1_': 1.77513540393424, '_a3_': 0.6238594152930609, '_a5_': 519.6303462528496, '_a6_': -517.7280908696117, '_a0_': 1.0, '_a2_': 1.0, '_a4_': 1.0, '_a7_': 1.0}};{'d0': 0.024905832919416605};-276.475521886822;37.12501913098599
3282;-101.112741812425;(((((x * (x + _a3_)) * (_a5_ + _a6_)) * x) + x) * _a1_);{'d0': {'_a1_': 1.77513540393424, '_a3_': 0.6238594152930609, '_a5_': 519.6303462528496, '_a6_': -517.7280908696117, '_a0_': 1.0, '_a2_': 1.0, '_a4_': 1.0, '_a7_': 1.0}};{'d0': 0.024905832919416605};-276.475521886822;37.12501913098599
3283;-101.112741812425;(((((x * (x + _a3_)) * (_a5_ + _a6_)) * x) + x) * _a1_);{'d0': {'_a1_': 1.77513540393424, '_a3_': 0.6238594152930609, '_a5_': 519.6303462528496, '_a6_': -517.7280908696117, '_a0_': 1.0, '_a2_': 1.0, '_a4_': 1.0, '_a7_': 1.0}};{'d0': 0.024905832919416605};-276.475521886822;37.12501913098599
3284;-101.112741812425;(((((x * (x + _a3_)) * (_a5_ + _a6_)) * x) + x) * _a1_);{'d0': {'_a1_': 1.77513540393424, '_a3_': 0.6238594152930609, '_a5_': 519.6303462528496, '_a6_': -517.7280908696117, '_a0_': 1.0, '_a2_': 1.0, '_a4_': 1.0, '_a7_': 1.0}};{'d0': 0.024905832919416605};-276.475521886822;37.12501913098599
3285;-101.112741812425;(((((x * (x + _a3_)) * (_a5_ + _a6_)) * x) + x) * _a1_);{'d0': {'_a1_': 1.77513540393424, '_a3_': 0.6238594152930609, '_a5_': 519.6303462528496, '_a6_': -517.7280908696117, '_a0_': 1.0, '_a2_': 1.0, '_a4_': 1.0, '_a7_': 1.0}};{'d0': 0.024905832919416605};-276.475521886822;37.12501913098599
3286;-102.745063122045;(((((x + pow2((_a1_ ** _a6_))) * x) / _a1_) + _a7_) * x);{'d0': {'_a1_': 0.296141786792352, '_a6_': 0.1938629581496518, '_a7_': 1.7751354041500682, '_a0_': 1.0, '_a2_': 1.0, '_a3_': 1.0, '_a4_': 1.0, '_a5_': 1.0}};{'d0': 0.02490583291941659};-280.569866449044;37.53987010247642
3287;-102.745063122045;(((((x + pow2((_a1_ ** _a6_))) * x) / _a1_) + _a7_) * x);{'d0': {'_a1_': 0.296141786792352, '_a6_': 0.1938629581496518, '_a7_': 1.7751354041500682, '_a0_': 1.0, '_a2_': 1.0, '_a3_': 1.0, '_a4_': 1.0, '_a5_': 1.0}};{'d0': 0.02490583291941659};-280.569866449044;37.53987010247642
3288;-102.745063122045;(((((x + pow2((_a1_ ** _a6_))) * x) / _a1_) + _a7_) * x);{'d0': {'_a1_': 0.296141786792352, '_a6_': 0.1938629581496518, '_a7_': 1.7751354041500682, '_a0_': 1.0, '_a2_': 1.0, '_a3_': 1.0, '_a4_': 1.0, '_a5_': 1.0}};{'d0': 0.02490583291941659};-280.569866449044;37.53987010247642
3289;-102.745063122045;(((((x + pow2((_a1_ ** _a6_))) * x) / _a1_) + _a7_) * x);{'d0': {'_a1_': 0.296141786792352, '_a6_': 0.1938629581496518, '_a7_': 1.7751354041500682, '_a0_': 1.0, '_a2_': 1.0, '_a3_': 1.0, '_a4_': 1.0, '_a5_': 1.0}};{'d0': 0.02490583291941659};-280.569866449044;37.53987010247642
3290;-102.745063122045;(((((x + pow2((_a1_ ** _a6_))) * x) / _a1_) + _a7_) * x);{'d0': {'_a1_': 0.296141786792352, '_a6_': 0.1938629581496518, '_a7_': 1.7751354041500682, '_a0_': 1.0, '_a2_': 1.0, '_a3_': 1.0, '_a4_': 1.0, '_a5_': 1.0}};{'d0': 0.02490583291941659};-280.569866449044;37.53987010247642
3291;-102.745063122045;(((((x + pow2((_a1_ ** _a6_))) * x) / _a1_) + _a7_) * x);{'d0': {'_a1_': 0.296141786792352, '_a6_': 0.1938629581496518, '_a7_': 1.7751354041500682, '_a0_': 1.0, '_a2_': 1.0, '_a3_': 1.0, '_a4_': 1.0, '_a5_': 1.0}};{'d0': 0.02490583291941659};-280.569866449044;37.53987010247642
3292;-102.745063122045;(((((x + pow2((_a1_ ** _a6_))) * x) / _a1_) + _a7_) * x);{'d0': {'_a1_': 0.296141786792352, '_a6_': 0.1938629581496518, '_a7_': 1.7751354041500682, '_a0_': 1.0, '_a2_': 1.0, '_a3_': 1.0, '_a4_': 1.0, '_a5_': 1.0}};{'d0': 0.02490583291941659};-280.569866449044;37.53987010247642
3293;-90.9969901005617;(((((x * (x + _a3_)) * ((_a5_ * _a1_) + (_a0_ * _a1_))) * x) + x) * _a1_);{'d0': {'_a0_': 68546.5652325926, '_a1_': 1.7751354044849479, '_a3_': 0.6238594156526043, '_a5_': -68545.49362161667, '_a2_': 1.0, '_a4_': 1.0, '_a6_': 1.0, '_a7_': 1.0}};{'d0': 0.024905832921063038};-276.475521882855;47.24077084086599
3294;-90.9969901005617;(((((x * (x + _a3_)) * ((_a5_ * _a1_) + (_a0_ * _a1_))) * x) + x) * _a1_);{'d0': {'_a0_': 68546.5652325926, '_a1_': 1.7751354044849479, '_a3_': 0.6238594156526043, '_a5_': -68545.49362161667, '_a2_': 1.0, '_a4_': 1.0, '_a6_': 1.0, '_a7_': 1.0}};{'d0': 0.024905832921063038};-276.475521882855;47.24077084086599
3295;-90.9969901005617;(((((x * (x + _a3_)) * ((_a5_ * _a1_) + (_a0_ * _a1_))) * x) + x) * _a1_);{'d0': {'_a0_': 68546.5652325926, '_a1_': 1.7751354044849479, '_a3_': 0.6238594156526043, '_a5_': -68545.49362161667, '_a2_': 1.0, '_a4_': 1.0, '_a6_': 1.0, '_a7_': 1.0}};{'d0': 0.024905832921063038};-276.475521882855;47.24077084086599
3296;-90.9969901005617;(((((x * (x + _a3_)) * ((_a5_ * _a1_) + (_a0_ * _a1_))) * x) + x) * _a1_);{'d0': {'_a0_': 68546.5652325926, '_a1_': 1.7751354044849479, '_a3_': 0.6238594156526043, '_a5_': -68545.49362161667, '_a2_': 1.0, '_a4_': 1.0, '_a6_': 1.0, '_a7_': 1.0}};{'d0': 0.024905832921063038};-276.475521882855;47.24077084086599
3297;-104.531628829010;(((((x + pow2((_a1_ * _a6_))) * x) / _a1_) + _a7_) * x);{'d0': {'_a1_': 0.2961417867209447, '_a6_': 2.667126869965487, '_a7_': 1.7751354041588805, '_a0_': 1.0, '_a2_': 1.0, '_a3_': 1.0, '_a4_': 1.0, '_a5_': 1.0}};{'d0': 0.024905832919416632};-280.569866449044;35.75330439551142
3298;-104.531628829010;(((((x + pow2((_a1_ * _a6_))) * x) / _a1_) + _a7_) * x);{'d0': {'_a1_': 0.2961417867209447, '_a6_': 2.667126869965487, '_a7_': 1.7751354041588805, '_a0_': 1.0, '_a2_': 1.0, '_a3_': 1.0, '_a4_': 1.0, '_a5_': 1.0}};{'d0': 0.024905832919416632};-280.569866449044;35.75330439551142
3299;-104.531628829010;(((((x + pow2((_a1_ * _a6_))) * x) / _a1_) + _a7_) * x);{'d0': {'_a1_': 0.2961417867209447, '_a6_': 2.667126869965487, '_a7_': 1.7751354041588805, '_a0_': 1.0, '_a2_': 1.0, '_a3_': 1.0, '_a4_': 1.0, '_a5_': 1.0}};{'d0': 0.024905832919416632};-280.569866449044;35.75330439551142
3300;-104.531628829010;(((((x + pow2((_a1_ * _a6_))) * x) / _a1_) + _a7_) * x);{'d0': {'_a1_': 0.2961417867209447, '_a6_': 2.667126869965487, '_a7_': 1.7751354041588805, '_a0_': 1.0, '_a2_': 1.0, '_a3_': 1.0, '_a4_': 1.0, '_a5_': 1.0}};{'d0': 0.024905832919416632};-280.569866449044;35.75330439551142
3301;-90.9969901005617;(((((x * (x + _a3_)) * ((_a5_ * _a1_) + (_a0_ * _a1_))) * x) + x) * _a1_);{'d0': {'_a0_': 68546.5652325926, '_a1_': 1.7751354044849479, '_a3_': 0.6238594156526043, '_a5_': -68545.49362161667, '_a2_': 1.0, '_a4_': 1.0, '_a6_': 1.0, '_a7_': 1.0}};{'d0': 0.024905832921063038};-276.475521882855;47.24077084086599
3302;-90.9969901005617;(((((x * (x + _a3_)) * ((_a5_ * _a1_) + (_a0_ * _a1_))) * x) + x) * _a1_);{'d0': {'_a0_': 68546.5652325926, '_a1_': 1.7751354044849479, '_a3_': 0.6238594156526043, '_a5_': -68545.49362161667, '_a2_': 1.0, '_a4_': 1.0, '_a6_': 1.0, '_a7_': 1.0}};{'d0': 0.024905832921063038};-276.475521882855;47.24077084086599
3303;-89.3462279110459;(((((x * (x + _a3_)) * ((pow2(_a1_) * _a1_) + (_a0_ * _a1_))) * x) + x) * _a1_);{'d0': {'_a0_': -2.079494276088141, '_a1_': 1.7751354041312506, '_a3_': 0.62385941553879, '_a2_': 1.0, '_a4_': 1.0, '_a5_': 1.0, '_a6_': 1.0, '_a7_': 1.0}};{'d0': 0.02490583291941663};-280.569866449044;50.93870531347599
3304;-89.3462279110459;(((((x * (x + _a3_)) * ((pow2(_a1_) * _a1_) + (_a0_ * _a1_))) * x) + x) * _a1_);{'d0': {'_a0_': -2.079494276088141, '_a1_': 1.7751354041312506, '_a3_': 0.62385941553879, '_a2_': 1.0, '_a4_': 1.0, '_a5_': 1.0, '_a6_': 1.0, '_a7_': 1.0}};{'d0': 0.02490583291941663};-280.569866449044;50.93870531347599
3305;-89.3462279110459;(((((x * (x + _a3_)) * ((pow2(_a1_) * _a1_) + (_a0_ * _a1_))) * x) + x) * _a1_);{'d0': {'_a0_': -2.079494276088141, '_a1_': 1.7751354041312506, '_a3_': 0.62385941553879, '_a2_': 1.0, '_a4_': 1.0, '_a5_': 1.0, '_a6_': 1.0, '_a7_': 1.0}};{'d0': 0.02490583291941663};-280.569866449044;50.93870531347599
3306;-89.3462279110459;(((((x * (x + _a3_)) * ((pow2(_a1_) * _a1_) + (_a0_ * _a1_))) * x) + x) * _a1_);{'d0': {'_a0_': -2.079494276088141, '_a1_': 1.7751354041312506, '_a3_': 0.62385941553879, '_a2_': 1.0, '_a4_': 1.0, '_a5_': 1.0, '_a6_': 1.0, '_a7_': 1.0}};{'d0': 0.02490583291941663};-280.569866449044;50.93870531347599
3307;-89.3462279110459;(((((x * (x + _a3_)) * ((pow2(_a1_) * _a1_) + (_a0_ * _a1_))) * x) + x) * _a1_);{'d0': {'_a0_': -2.079494276088141, '_a1_': 1.7751354041312506, '_a3_': 0.62385941553879, '_a2_': 1.0, '_a4_': 1.0, '_a5_': 1.0, '_a6_': 1.0, '_a7_': 1.0}};{'d0': 0.02490583291941663};-280.569866449044;50.93870531347599
3308;-89.3462279110458;(((((x * (x + _a3_)) * ((pow2(_a1_) * _a1_) + (_a4_ * _a1_))) * x) + x) * _a1_);{'d0': {'_a1_': 1.7751354039254277, '_a3_': 0.6238594154747098, '_a4_': -2.0794942750418137, '_a0_': 1.0, '_a2_': 1.0, '_a5_': 1.0, '_a6_': 1.0, '_a7_': 1.0}};{'d0': 0.02490583291941666};-280.569866449044;50.93870531347599
3309;-100.690758007592;((_a5_ + pow3(((_a3_ + x) * _a7_))) + -((_a6_ * x)));{'d0': {'_a3_': 0.20818372198135324, '_a5_': -0.03154389359913216, '_a6_': -1.3348540777343383, '_a7_': 1.5011129721798964, '_a0_': 1.0, '_a1_': 1.0, '_a2_': 1.0, '_a4_': 1.0}};{'d0': 0.024885482501866972};-276.524567593312;37.57152578906441
3310;-100.690758007592;((_a5_ + pow3(((_a3_ + x) * _a7_))) + -((_a2_ * x)));{'d0': {'_a2_': -1.334854066397953, '_a3_': 0.20818372328481144, '_a5_': -0.03154389981619406, '_a7_': 1.501112976717057, '_a0_': 1.0, '_a1_': 1.0, '_a4_': 1.0, '_a6_': 1.0}};{'d0': 0.024885482501866982};-276.524567593312;37.57152578906441
3311;-100.690758007592;((_a5_ + pow3(((_a3_ + x) * _a7_))) + -((_a2_ * x)));{'d0': {'_a2_': -1.334854066397953, '_a3_': 0.20818372328481144, '_a5_': -0.03154389981619406, '_a7_': 1.501112976717057, '_a0_': 1.0, '_a1_': 1.0, '_a4_': 1.0, '_a6_': 1.0}};{'d0': 0.024885482501866982};-276.524567593312;37.57152578906441
3312;-100.690758007592;((_a5_ + pow3(((_a3_ + x) * _a7_))) + -((_a2_ * x)));{'d0': {'_a2_': -1.334854066397953, '_a3_': 0.20818372328481144, '_a5_': -0.03154389981619406, '_a7_': 1.501112976717057, '_a0_': 1.0, '_a1_': 1.0, '_a4_': 1.0, '_a6_': 1.0}};{'d0': 0.024885482501866982};-276.524567593312;37.57152578906441
3313;-100.690758007592;((_a5_ + pow3(((_a3_ + x) * _a7_))) + -((_a2_ * x)));{'d0': {'_a2_': -1.334854066397953, '_a3_': 0.20818372328481144, '_a5_': -0.03154389981619406, '_a7_': 1.501112976717057, '_a0_': 1.0, '_a1_': 1.0, '_a4_': 1.0, '_a6_': 1.0}};{'d0': 0.024885482501866982};-276.524567593312;37.57152578906441
3314;-100.690758007592;((_a5_ + pow3(((_a3_ + x) * _a7_))) + -((_a2_ * x)));{'d0': {'_a2_': -1.334854066397953, '_a3_': 0.20818372328481144, '_a5_': -0.03154389981619406, '_a7_': 1.501112976717057, '_a0_': 1.0, '_a1_': 1.0, '_a4_': 1.0, '_a6_': 1.0}};{'d0': 0.024885482501866982};-276.524567593312;37.57152578906441
3315;-100.690758007592;((_a5_ + pow3(((_a3_ + x) * _a7_))) + -((_a2_ * x)));{'d0': {'_a2_': -1.334854066397953, '_a3_': 0.20818372328481144, '_a5_': -0.03154389981619406, '_a7_': 1.501112976717057, '_a0_': 1.0, '_a1_': 1.0, '_a4_': 1.0, '_a6_': 1.0}};{'d0': 0.024885482501866982};-276.524567593312;37.57152578906441
3316;-100.690758007592;((_a5_ + pow3(((_a3_ + x) * _a7_))) + -((_a2_ * x)));{'d0': {'_a2_': -1.334854066397953, '_a3_': 0.20818372328481144, '_a5_': -0.03154389981619406, '_a7_': 1.501112976717057, '_a0_': 1.0, '_a1_': 1.0, '_a4_': 1.0, '_a6_': 1.0}};{'d0': 0.024885482501866982};-276.524567593312;37.57152578906441
3317;-100.690758007592;((_a5_ + pow3(((_a3_ + x) * _a7_))) + -((_a2_ * x)));{'d0': {'_a2_': -1.334854066397953, '_a3_': 0.20818372328481144, '_a5_': -0.03154389981619406, '_a7_': 1.501112976717057, '_a0_': 1.0, '_a1_': 1.0, '_a4_': 1.0, '_a6_': 1.0}};{'d0': 0.024885482501866982};-276.524567593312;37.57152578906441
3318;-100.690758007592;((_a5_ + pow3(((_a3_ + x) * _a7_))) + -((_a2_ * x)));{'d0': {'_a2_': -1.334854066397953, '_a3_': 0.20818372328481144, '_a5_': -0.03154389981619406, '_a7_': 1.501112976717057, '_a0_': 1.0, '_a1_': 1.0, '_a4_': 1.0, '_a6_': 1.0}};{'d0': 0.024885482501866982};-276.524567593312;37.57152578906441
3319;-89.3462279110458;(((((x * (x + _a3_)) * ((pow2(_a1_) * _a1_) + (_a4_ * _a1_))) * x) + x) * _a1_);{'d0': {'_a1_': 1.7751354039254277, '_a3_': 0.6238594154747098, '_a4_': -2.0794942750418137, '_a0_': 1.0, '_a2_': 1.0, '_a5_': 1.0, '_a6_': 1.0, '_a7_': 1.0}};{'d0': 0.02490583291941666};-280.569866449044;50.93870531347599
3320;-89.3462279110458;(((((x * (x + _a3_)) * ((pow2(_a1_) * _a1_) + (_a4_ * _a1_))) * x) + x) * _a1_);{'d0': {'_a1_': 1.7751354039254277, '_a3_': 0.6238594154747098, '_a4_': -2.0794942750418137, '_a0_': 1.0, '_a2_': 1.0, '_a5_': 1.0, '_a6_': 1.0, '_a7_': 1.0}};{'d0': 0.02490583291941666};-280.569866449044;50.93870531347599
3321;-94.4402824091469;(((((x * (x + _a3_)) * ((pow2(_a1_) * _a1_) + _a7_)) * x) + x) * _a1_);{'d0': {'_a1_': 1.7751354053690331, '_a3_': 0.6238594158169505, '_a7_': -3.6913839264344923, '_a0_': 1.0, '_a2_': 1.0, '_a4_': 1.0, '_a5_': 1.0, '_a6_': 1.0}};{'d0': 0.024905832919416643};-280.569866449044;45.84465081537499
3322;-94.4402824091469;(((((x * (x + _a3_)) * ((pow2(_a1_) * _a1_) + _a7_)) * x) + x) * _a1_);{'d0': {'_a1_': 1.7751354053690331, '_a3_': 0.6238594158169505, '_a7_': -3.6913839264344923, '_a0_': 1.0, '_a2_': 1.0, '_a4_': 1.0, '_a5_': 1.0, '_a6_': 1.0}};{'d0': 0.024905832919416643};-280.569866449044;45.84465081537499
3323;-94.4402824091469;(((((x * (x + _a3_)) * ((pow2(_a1_) * _a1_) + _a7_)) * x) + x) * _a1_);{'d0': {'_a1_': 1.7751354053690331, '_a3_': 0.6238594158169505, '_a7_': -3.6913839264344923, '_a0_': 1.0, '_a2_': 1.0, '_a4_': 1.0, '_a5_': 1.0, '_a6_': 1.0}};{'d0': 0.024905832919416643};-280.569866449044;45.84465081537499
3324;-100.690758007592;((_a5_ + pow3(((_a3_ + x) * _a7_))) + -((_a2_ * x)));{'d0': {'_a2_': -1.334854066397953, '_a3_': 0.20818372328481144, '_a5_': -0.03154389981619406, '_a7_': 1.501112976717057, '_a0_': 1.0, '_a1_': 1.0, '_a4_': 1.0, '_a6_': 1.0}};{'d0': 0.024885482501866982};-276.524567593312;37.57152578906441
3325;-100.690758007592;((_a5_ + pow3(((_a3_ + x) * _a7_))) + -((_a2_ * x)));{'d0': {'_a2_': -1.334854066397953, '_a3_': 0.20818372328481144, '_a5_': -0.03154389981619406, '_a7_': 1.501112976717057, '_a0_': 1.0, '_a1_': 1.0, '_a4_': 1.0, '_a6_': 1.0}};{'d0': 0.024885482501866982};-276.524567593312;37.57152578906441
3326;-100.690758007592;((_a5_ + pow3(((_a3_ + x) * _a7_))) + -((_a2_ * x)));{'d0': {'_a2_': -1.334854066397953, '_a3_': 0.20818372328481144, '_a5_': -0.03154389981619406, '_a7_': 1.501112976717057, '_a0_': 1.0, '_a1_': 1.0, '_a4_': 1.0, '_a6_': 1.0}};{'d0': 0.024885482501866982};-276.524567593312;37.57152578906441
3327;-100.690758007592;((_a5_ + pow3(((_a3_ + x) * _a7_))) + -((_a2_ * x)));{'d0': {'_a2_': -1.334854066397953, '_a3_': 0.20818372328481144, '_a5_': -0.03154389981619406, '_a7_': 1.501112976717057, '_a0_': 1.0, '_a1_': 1.0, '_a4_': 1.0, '_a6_': 1.0}};{'d0': 0.024885482501866982};-276.524567593312;37.57152578906441
3328;-100.690758007592;((_a5_ + pow3(((_a3_ + x) * _a7_))) + -((_a2_ * x)));{'d0': {'_a2_': -1.334854066397953, '_a3_': 0.20818372328481144, '_a5_': -0.03154389981619406, '_a7_': 1.501112976717057, '_a0_': 1.0, '_a1_': 1.0, '_a4_': 1.0, '_a6_': 1.0}};{'d0': 0.024885482501866982};-276.524567593312;37.57152578906441
3329;-100.690758007592;((_a5_ + pow3(((_a3_ + x) * _a7_))) + -((_a2_ * x)));{'d0': {'_a2_': -1.334854066397953, '_a3_': 0.20818372328481144, '_a5_': -0.03154389981619406, '_a7_': 1.501112976717057, '_a0_': 1.0, '_a1_': 1.0, '_a4_': 1.0, '_a6_': 1.0}};{'d0': 0.024885482501866982};-276.524567593312;37.57152578906441
3330;-100.690758007592;((_a5_ + pow3(((_a3_ + x) * _a7_))) + -((_a2_ * x)));{'d0': {'_a2_': -1.334854066397953, '_a3_': 0.20818372328481144, '_a5_': -0.03154389981619406, '_a7_': 1.501112976717057, '_a0_': 1.0, '_a1_': 1.0, '_a4_': 1.0, '_a6_': 1.0}};{'d0': 0.024885482501866982};-276.524567593312;37.57152578906441
3331;-100.690758007592;((_a5_ + pow3(((_a3_ + x) * _a7_))) + -((_a2_ * x)));{'d0': {'_a2_': -1.334854066397953, '_a3_': 0.20818372328481144, '_a5_': -0.03154389981619406, '_a7_': 1.501112976717057, '_a0_': 1.0, '_a1_': 1.0, '_a4_': 1.0, '_a6_': 1.0}};{'d0': 0.024885482501866982};-276.524567593312;37.57152578906441
3332;-96.9928235349817;((_a5_ + pow3(((_a3_ + x) * pow2(_a4_)))) + -((_a2_ * x)));{'d0': {'_a2_': -1.3348540720932573, '_a3_': 0.2081837225410827, '_a4_': 1.2251991570348972, '_a5_': -0.031543896436631136, '_a0_': 1.0, '_a1_': 1.0, '_a6_': 1.0, '_a7_': 1.0}};{'d0': 0.024885482501866937};-276.524567593312;41.26946026167441
3333;-96.9928235349817;((_a5_ + pow3(((_a3_ + x) * pow2(_a4_)))) + -((_a2_ * x)));{'d0': {'_a2_': -1.3348540720932573, '_a3_': 0.2081837225410827, '_a4_': 1.2251991570348972, '_a5_': -0.031543896436631136, '_a0_': 1.0, '_a1_': 1.0, '_a6_': 1.0, '_a7_': 1.0}};{'d0': 0.024885482501866937};-276.524567593312;41.26946026167441
3334;-96.9928235349817;((_a5_ + pow3(((_a3_ + x) * pow2(_a4_)))) + -((_a2_ * x)));{'d0': {'_a2_': -1.3348540720932573, '_a3_': 0.2081837225410827, '_a4_': 1.2251991570348972, '_a5_': -0.031543896436631136, '_a0_': 1.0, '_a1_': 1.0, '_a6_': 1.0, '_a7_': 1.0}};{'d0': 0.024885482501866937};-276.524567593312;41.26946026167441
3335;-96.9928235349817;((_a5_ + pow3(((_a3_ + x) * pow2(_a4_)))) + -((_a2_ * x)));{'d0': {'_a2_': -1.3348540720932573, '_a3_': 0.2081837225410827, '_a4_': 1.2251991570348972, '_a5_': -0.031543896436631136, '_a0_': 1.0, '_a1_': 1.0, '_a6_': 1.0, '_a7_': 1.0}};{'d0': 0.024885482501866937};-276.524567593312;41.26946026167441
3336;-96.9928235349817;((_a5_ + pow3(((_a3_ + x) * pow2(_a4_)))) + -((_a2_ * x)));{'d0': {'_a2_': -1.3348540720932573, '_a3_': 0.2081837225410827, '_a4_': 1.2251991570348972, '_a5_': -0.031543896436631136, '_a0_': 1.0, '_a1_': 1.0, '_a6_': 1.0, '_a7_': 1.0}};{'d0': 0.024885482501866937};-276.524567593312;41.26946026167441
3337;-95.8137753684568;((_a5_ + pow3(((_a3_ + x) * (_a0_ * _a3_)))) + -((_a2_ * x)));{'d0': {'_a0_': 7.210520379495604, '_a2_': -1.3348540728841813, '_a3_': 0.20818372256200832, '_a5_': -0.03154389633937092, '_a1_': 1.0, '_a4_': 1.0, '_a6_': 1.0, '_a7_': 1.0}};{'d0': 0.024885482501866826};-276.524567593313;42.44850842819941
3338;-95.8137753684568;((_a5_ + pow3(((_a3_ + x) * (_a0_ * _a3_)))) + -((_a2_ * x)));{'d0': {'_a0_': 7.210520379495604, '_a2_': -1.3348540728841813, '_a3_': 0.20818372256200832, '_a5_': -0.03154389633937092, '_a1_': 1.0, '_a4_': 1.0, '_a6_': 1.0, '_a7_': 1.0}};{'d0': 0.024885482501866826};-276.524567593313;42.44850842819941
3339;-95.8137753684568;((_a5_ + pow3(((_a3_ + x) * (_a0_ * _a3_)))) + -((_a2_ * x)));{'d0': {'_a0_': 7.210520379495604, '_a2_': -1.3348540728841813, '_a3_': 0.20818372256200832, '_a5_': -0.03154389633937092, '_a1_': 1.0, '_a4_': 1.0, '_a6_': 1.0, '_a7_': 1.0}};{'d0': 0.024885482501866826};-276.524567593313;42.44850842819941
3340;-95.8137753684568;((_a5_ + pow3(((_a3_ + x) * (_a0_ * _a3_)))) + -((_a2_ * x)));{'d0': {'_a0_': 7.210520379495604, '_a2_': -1.3348540728841813, '_a3_': 0.20818372256200832, '_a5_': -0.03154389633937092, '_a1_': 1.0, '_a4_': 1.0, '_a6_': 1.0, '_a7_': 1.0}};{'d0': 0.024885482501866826};-276.524567593313;42.44850842819941
3341;-88.4179064232368;((pow2(-((x + _a3_))) * _a0_) + (pow3(((pow2(_a5_) * x) * _a1_)) + _a5_));{'d0': {'_a0_': -2.112555658478647, '_a1_': 10.747600444595191, '_a3_': 0.42002533006618337, '_a5_': -0.373723952156236, '_a2_': 1.0, '_a4_': 1.0, '_a6_': 1.0, '_a7_': 1.0}};{'d0': 0.02488548250186687};-276.524567593312;49.84437737341939
3342;-88.4179064232368;((pow2(-((x + _a3_))) * _a0_) + (pow3(((pow2(_a5_) * x) * _a1_)) + _a5_));{'d0': {'_a0_': -2.112555658478647, '_a1_': 10.747600444595191, '_a3_': 0.42002533006618337, '_a5_': -0.373723952156236, '_a2_': 1.0, '_a4_': 1.0, '_a6_': 1.0, '_a7_': 1.0}};{'d0': 0.02488548250186687};-276.524567593312;49.84437737341939
3343;-88.4179064232368;((pow2(-((x + _a3_))) * _a0_) + (pow3(((pow2(_a5_) * x) * _a1_)) + _a5_));{'d0': {'_a0_': -2.112555658478647, '_a1_': 10.747600444595191, '_a3_': 0.42002533006618337, '_a5_': -0.373723952156236, '_a2_': 1.0, '_a4_': 1.0, '_a6_': 1.0, '_a7_': 1.0}};{'d0': 0.02488548250186687};-276.524567593312;49.84437737341939
3344;-88.4179064232368;((pow2(-((x + _a3_))) * _a0_) + (pow3(((pow2(_a5_) * x) * _a1_)) + _a5_));{'d0': {'_a0_': -2.112555658478647, '_a1_': 10.747600444595191, '_a3_': 0.42002533006618337, '_a5_': -0.373723952156236, '_a2_': 1.0, '_a4_': 1.0, '_a6_': 1.0, '_a7_': 1.0}};{'d0': 0.02488548250186687};-276.524567593312;49.84437737341939
3345;-88.4179064232368;((pow2(-((x + _a3_))) * _a0_) + (pow3(((pow2(_a5_) * x) * _a1_)) + _a5_));{'d0': {'_a0_': -2.112555658478647, '_a1_': 10.747600444595191, '_a3_': 0.42002533006618337, '_a5_': -0.373723952156236, '_a2_': 1.0, '_a4_': 1.0, '_a6_': 1.0, '_a7_': 1.0}};{'d0': 0.02488548250186687};-276.524567593312;49.84437737341939
3346;-88.4179064232368;((pow2(-((x + _a3_))) * _a0_) + (pow3(((pow2(_a5_) * x) * _a1_)) + _a5_));{'d0': {'_a0_': -2.112555658478647, '_a1_': 10.747600444595191, '_a3_': 0.42002533006618337, '_a5_': -0.373723952156236, '_a2_': 1.0, '_a4_': 1.0, '_a6_': 1.0, '_a7_': 1.0}};{'d0': 0.02488548250186687};-276.524567593312;49.84437737341939
3347;-105.382580669956;(((((x + pow2((_a0_ * _a5_))) * x) * _a1_) + _a5_) * x);{'d0': {'_a0_': 0.4449506864362909, '_a1_': 3.376760878028907, '_a5_': 1.7751354043879939, '_a2_': 1.0, '_a3_': 1.0, '_a4_': 1.0, '_a6_': 1.0, '_a7_': 1.0}};{'d0': 0.024905832919416632};-280.569866449044;34.90235255456602
3348;-110.331920595413;(((((x + pow2(_a6_)) * x) * _a1_) + _a5_) * x);{'d0': {'_a1_': 3.3767608795720836, '_a5_': 1.7751354041403535, '_a6_': 0.7898477167107545, '_a0_': 1.0, '_a2_': 1.0, '_a3_': 1.0, '_a4_': 1.0, '_a7_': 1.0}};{'d0': 0.024905832919416622};-280.569866449044;29.953012629109022
3349;-110.331920595413;(((((x + pow2(_a6_)) * x) * _a1_) + _a5_) * x);{'d0': {'_a1_': 3.3767608795720836, '_a5_': 1.7751354041403535, '_a6_': 0.7898477167107545, '_a0_': 1.0, '_a2_': 1.0, '_a3_': 1.0, '_a4_': 1.0, '_a7_': 1.0}};{'d0': 0.024905832919416622};-280.569866449044;29.953012629109022
3350;-110.331920595413;(((((x + pow2(_a6_)) * x) * _a1_) + _a5_) * x);{'d0': {'_a1_': 3.3767608795720836, '_a5_': 1.7751354041403535, '_a6_': 0.7898477167107545, '_a0_': 1.0, '_a2_': 1.0, '_a3_': 1.0, '_a4_': 1.0, '_a7_': 1.0}};{'d0': 0.024905832919416622};-280.569866449044;29.953012629109022
3351;-110.331920595413;(((((x + pow2(_a6_)) * x) * _a1_) + _a5_) * x);{'d0': {'_a1_': 3.3767608795720836, '_a5_': 1.7751354041403535, '_a6_': 0.7898477167107545, '_a0_': 1.0, '_a2_': 1.0, '_a3_': 1.0, '_a4_': 1.0, '_a7_': 1.0}};{'d0': 0.024905832919416622};-280.569866449044;29.953012629109022
3352;-110.331920595413;(((((x + pow2(_a6_)) * x) * _a1_) + _a5_) * x);{'d0': {'_a1_': 3.3767608795720836, '_a5_': 1.7751354041403535, '_a6_': 0.7898477167107545, '_a0_': 1.0, '_a2_': 1.0, '_a3_': 1.0, '_a4_': 1.0, '_a7_': 1.0}};{'d0': 0.024905832919416622};-280.569866449044;29.953012629109022
3353;-110.331920595413;(((((x + pow2(_a6_)) * x) * _a1_) + _a5_) * x);{'d0': {'_a1_': 3.3767608795720836, '_a5_': 1.7751354041403535, '_a6_': 0.7898477167107545, '_a0_': 1.0, '_a2_': 1.0, '_a3_': 1.0, '_a4_': 1.0, '_a7_': 1.0}};{'d0': 0.024905832919416622};-280.569866449044;29.953012629109022
3354;-110.331920595413;(((((x + pow2(_a6_)) * x) * _a1_) + _a5_) * x);{'d0': {'_a1_': 3.3767608795720836, '_a5_': 1.7751354041403535, '_a6_': 0.7898477167107545, '_a0_': 1.0, '_a2_': 1.0, '_a3_': 1.0, '_a4_': 1.0, '_a7_': 1.0}};{'d0': 0.024905832919416622};-280.569866449044;29.953012629109022
3355;-90.0686686141578;((pow2(-((x + _a7_))) * _a0_) + (pow3(((_a3_ * x) * _a1_)) + _a5_));{'d0': {'_a0_': -2.112555658667272, '_a1_': 4.151384495872616, '_a3_': 0.3615933273430874, '_a5_': -0.3737239513940403, '_a7_': 0.42002532974727824, '_a2_': 1.0, '_a4_': 1.0, '_a6_': 1.0}};{'d0': 0.02488548250234632};-272.430223029934;46.14644290080939
3356;-90.0686686141578;((pow2(-((x + _a7_))) * _a0_) + (pow3(((_a3_ * x) * _a1_)) + _a5_));{'d0': {'_a0_': -2.112555658667272, '_a1_': 4.151384495872616, '_a3_': 0.3615933273430874, '_a5_': -0.3737239513940403, '_a7_': 0.42002532974727824, '_a2_': 1.0, '_a4_': 1.0, '_a6_': 1.0}};{'d0': 0.02488548250234632};-272.430223029934;46.14644290080939
3357;-92.1158408958468;((pow2(-((x + _a7_))) * _a0_) + (pow3(((_a3_ * x) * _a1_)) + _a1_));{'d0': {'_a0_': -2.112555670436631, '_a1_': -0.37372394991885516, '_a3_': -4.016635744577373, '_a7_': 0.42002532709015916, '_a2_': 1.0, '_a4_': 1.0, '_a5_': 1.0, '_a6_': 1.0}};{'d0': 0.024885482501866892};-276.524567593312;46.14644290080939
3358;-92.1158408958468;((pow2(-((x + _a7_))) * _a0_) + (pow3(((_a3_ * x) * _a1_)) + _a1_));{'d0': {'_a0_': -2.112555670436631, '_a1_': -0.37372394991885516, '_a3_': -4.016635744577373, '_a7_': 0.42002532709015916, '_a2_': 1.0, '_a4_': 1.0, '_a5_': 1.0, '_a6_': 1.0}};{'d0': 0.024885482501866892};-276.524567593312;46.14644290080939
3359;-92.1158408958468;((pow2(-((x + _a7_))) * _a0_) + (pow3(((_a3_ * x) * _a1_)) + _a1_));{'d0': {'_a0_': -2.112555670436631, '_a1_': -0.37372394991885516, '_a3_': -4.016635744577373, '_a7_': 0.42002532709015916, '_a2_': 1.0, '_a4_': 1.0, '_a5_': 1.0, '_a6_': 1.0}};{'d0': 0.024885482501866892};-276.524567593312;46.14644290080939
3360;-92.1158408958468;((pow2(-((x + _a7_))) * _a0_) + (pow3(((_a3_ * x) * _a1_)) + _a1_));{'d0': {'_a0_': -2.112555670436631, '_a1_': -0.37372394991885516, '_a3_': -4.016635744577373, '_a7_': 0.42002532709015916, '_a2_': 1.0, '_a4_': 1.0, '_a5_': 1.0, '_a6_': 1.0}};{'d0': 0.024885482501866892};-276.524567593312;46.14644290080939
3361;-108.229563301620;(((((x + (_a5_ / _a3_)) * x) * _a1_) + _a5_) * x);{'d0': {'_a1_': 3.376760878190334, '_a3_': 2.845409334062342, '_a5_': 1.7751354042610412, '_a0_': 1.0, '_a2_': 1.0, '_a4_': 1.0, '_a6_': 1.0, '_a7_': 1.0}};{'d0': 0.024905832919416605};-280.569866449044;32.05536992290142
3362;-108.229563301620;(((((x + (_a5_ / _a3_)) * x) * _a1_) + _a5_) * x);{'d0': {'_a1_': 3.376760878190334, '_a3_': 2.845409334062342, '_a5_': 1.7751354042610412, '_a0_': 1.0, '_a2_': 1.0, '_a4_': 1.0, '_a6_': 1.0, '_a7_': 1.0}};{'d0': 0.024905832919416605};-280.569866449044;32.05536992290142
3363;-108.229563301620;(((((x + (_a5_ / _a3_)) * x) * _a1_) + _a5_) * x);{'d0': {'_a1_': 3.376760878190334, '_a3_': 2.845409334062342, '_a5_': 1.7751354042610412, '_a0_': 1.0, '_a2_': 1.0, '_a4_': 1.0, '_a6_': 1.0, '_a7_': 1.0}};{'d0': 0.024905832919416605};-280.569866449044;32.05536992290142
3364;-108.229563301620;(((((x + (_a5_ / _a3_)) * x) * _a1_) + _a5_) * x);{'d0': {'_a1_': 3.376760878190334, '_a3_': 2.845409334062342, '_a5_': 1.7751354042610412, '_a0_': 1.0, '_a2_': 1.0, '_a4_': 1.0, '_a6_': 1.0, '_a7_': 1.0}};{'d0': 0.024905832919416605};-280.569866449044;32.05536992290142
3365;-108.229563301620;(((((x + (_a5_ / _a3_)) * x) * _a1_) + _a5_) * x);{'d0': {'_a1_': 3.376760878190334, '_a3_': 2.845409334062342, '_a5_': 1.7751354042610412, '_a0_': 1.0, '_a2_': 1.0, '_a4_': 1.0, '_a6_': 1.0, '_a7_': 1.0}};{'d0': 0.024905832919416605};-280.569866449044;32.05536992290142
3366;-108.229563301620;(((((x + (_a5_ / _a3_)) * x) * _a1_) + _a5_) * x);{'d0': {'_a1_': 3.376760878190334, '_a3_': 2.845409334062342, '_a5_': 1.7751354042610412, '_a0_': 1.0, '_a2_': 1.0, '_a4_': 1.0, '_a6_': 1.0, '_a7_': 1.0}};{'d0': 0.024905832919416605};-280.569866449044;32.05536992290142
3367;-108.229563301620;(((((x + (_a5_ / _a3_)) * x) * _a1_) + _a5_) * x);{'d0': {'_a1_': 3.376760878190334, '_a3_': 2.845409334062342, '_a5_': 1.7751354042610412, '_a0_': 1.0, '_a2_': 1.0, '_a4_': 1.0, '_a6_': 1.0, '_a7_': 1.0}};{'d0': 0.024905832919416605};-280.569866449044;32.05536992290142
3368;-108.229563301620;(((((x + (_a5_ / _a3_)) * x) * _a1_) + _a5_) * x);{'d0': {'_a1_': 3.376760878190334, '_a3_': 2.845409334062342, '_a5_': 1.7751354042610412, '_a0_': 1.0, '_a2_': 1.0, '_a4_': 1.0, '_a6_': 1.0, '_a7_': 1.0}};{'d0': 0.024905832919416605};-280.569866449044;32.05536992290142
3369;-108.229563301620;(((((x + (_a5_ / _a3_)) * x) * _a1_) + _a5_) * x);{'d0': {'_a1_': 3.376760878190334, '_a3_': 2.845409334062342, '_a5_': 1.7751354042610412, '_a0_': 1.0, '_a2_': 1.0, '_a4_': 1.0, '_a6_': 1.0, '_a7_': 1.0}};{'d0': 0.024905832919416605};-280.569866449044;32.05536992290142
3370;-108.229563301620;(((((x + (_a5_ / _a3_)) * x) * _a1_) + _a5_) * x);{'d0': {'_a1_': 3.376760878190334, '_a3_': 2.845409334062342, '_a5_': 1.7751354042610412, '_a0_': 1.0, '_a2_': 1.0, '_a4_': 1.0, '_a6_': 1.0, '_a7_': 1.0}};{'d0': 0.024905832919416605};-280.569866449044;32.05536992290142
3371;-102.392340493473;(((((x + (_a5_ / (_a4_ / _a1_))) * x) * _a1_) + _a5_) * x);{'d0': {'_a1_': 3.37676087977855, '_a4_': 9.608266925609493, '_a5_': 1.7751354043086993, '_a0_': 1.0, '_a2_': 1.0, '_a3_': 1.0, '_a6_': 1.0, '_a7_': 1.0}};{'d0': 0.024905832919416646};-280.569866449044;37.89259273104862
3372;-102.392340493473;(((((x + (_a5_ / (_a4_ / _a1_))) * x) * _a1_) + _a5_) * x);{'d0': {'_a1_': 3.37676087977855, '_a4_': 9.608266925609493, '_a5_': 1.7751354043086993, '_a0_': 1.0, '_a2_': 1.0, '_a3_': 1.0, '_a6_': 1.0, '_a7_': 1.0}};{'d0': 0.024905832919416646};-280.569866449044;37.89259273104862
3373;-102.392340493473;(((((x + (_a5_ / (_a4_ / _a1_))) * x) * _a1_) + _a5_) * x);{'d0': {'_a1_': 3.37676087977855, '_a4_': 9.608266925609493, '_a5_': 1.7751354043086993, '_a0_': 1.0, '_a2_': 1.0, '_a3_': 1.0, '_a6_': 1.0, '_a7_': 1.0}};{'d0': 0.024905832919416646};-280.569866449044;37.89259273104862
3374;-108.229563301620;(((((x + (_a5_ / _a7_)) * x) * _a1_) + _a5_) * x);{'d0': {'_a1_': 3.3767608787229197, '_a5_': 1.7751354042536398, '_a7_': 2.8454093341794873, '_a0_': 1.0, '_a2_': 1.0, '_a3_': 1.0, '_a4_': 1.0, '_a6_': 1.0}};{'d0': 0.024905832919416636};-280.569866449044;32.05536992290142
3375;-108.229563301620;(((((x + (_a5_ / _a7_)) * x) * _a1_) + _a5_) * x);{'d0': {'_a1_': 3.3767608787229197, '_a5_': 1.7751354042536398, '_a7_': 2.8454093341794873, '_a0_': 1.0, '_a2_': 1.0, '_a3_': 1.0, '_a4_': 1.0, '_a6_': 1.0}};{'d0': 0.024905832919416636};-280.569866449044;32.05536992290142
3376;-102.392340493473;(((((x + (_a5_ / _a7_)) * x) * (_a5_ / _a1_)) + _a5_) * x);{'d0': {'_a1_': 0.5256917698095043, '_a5_': 1.7751354035963336, '_a7_': 2.8454093334619084, '_a0_': 1.0, '_a2_': 1.0, '_a3_': 1.0, '_a4_': 1.0, '_a6_': 1.0}};{'d0': 0.024905832919416632};-280.569866449044;37.89259273104862
3377;-102.392340493473;(((((x + (_a5_ / _a7_)) * x) * (_a5_ / _a1_)) + _a5_) * x);{'d0': {'_a1_': 0.5256917698095043, '_a5_': 1.7751354035963336, '_a7_': 2.8454093334619084, '_a0_': 1.0, '_a2_': 1.0, '_a3_': 1.0, '_a4_': 1.0, '_a6_': 1.0}};{'d0': 0.024905832919416632};-280.569866449044;37.89259273104862
3378;-102.392340493473;(((((x + (_a5_ / _a7_)) * x) * (_a5_ / _a1_)) + _a5_) * x);{'d0': {'_a1_': 0.5256917698095043, '_a5_': 1.7751354035963336, '_a7_': 2.8454093334619084, '_a0_': 1.0, '_a2_': 1.0, '_a3_': 1.0, '_a4_': 1.0, '_a6_': 1.0}};{'d0': 0.024905832919416632};-280.569866449044;37.89259273104862
3379;-102.392340493473;(((((x + (_a5_ / _a7_)) * x) * (_a5_ / _a1_)) + _a5_) * x);{'d0': {'_a1_': 0.5256917698095043, '_a5_': 1.7751354035963336, '_a7_': 2.8454093334619084, '_a0_': 1.0, '_a2_': 1.0, '_a3_': 1.0, '_a4_': 1.0, '_a6_': 1.0}};{'d0': 0.024905832919416632};-280.569866449044;37.89259273104862
3380;-102.392340493473;(((((x + (_a5_ / _a7_)) * x) * (_a5_ / _a1_)) + _a5_) * x);{'d0': {'_a1_': 0.5256917698095043, '_a5_': 1.7751354035963336, '_a7_': 2.8454093334619084, '_a0_': 1.0, '_a2_': 1.0, '_a3_': 1.0, '_a4_': 1.0, '_a6_': 1.0}};{'d0': 0.024905832919416632};-280.569866449044;37.89259273104862
3381;-102.392340493473;(((((x + (_a5_ / _a7_)) * x) * (_a5_ / _a1_)) + _a5_) * x);{'d0': {'_a1_': 0.5256917698095043, '_a5_': 1.7751354035963336, '_a7_': 2.8454093334619084, '_a0_': 1.0, '_a2_': 1.0, '_a3_': 1.0, '_a4_': 1.0, '_a6_': 1.0}};{'d0': 0.024905832919416632};-280.569866449044;37.89259273104862
3382;-102.392340493473;(((((x + (_a5_ / _a7_)) * x) * (_a5_ / _a1_)) + _a5_) * x);{'d0': {'_a1_': 0.5256917698095043, '_a5_': 1.7751354035963336, '_a7_': 2.8454093334619084, '_a0_': 1.0, '_a2_': 1.0, '_a3_': 1.0, '_a4_': 1.0, '_a6_': 1.0}};{'d0': 0.024905832919416632};-280.569866449044;37.89259273104862
3383;-102.392340493473;(((((x + (_a5_ / _a7_)) * x) * (_a5_ / _a1_)) + _a5_) * x);{'d0': {'_a1_': 0.5256917698095043, '_a5_': 1.7751354035963336, '_a7_': 2.8454093334619084, '_a0_': 1.0, '_a2_': 1.0, '_a3_': 1.0, '_a4_': 1.0, '_a6_': 1.0}};{'d0': 0.024905832919416632};-280.569866449044;37.89259273104862
3384;-102.392340493473;(((((x + (_a5_ / _a7_)) * x) * (_a5_ / _a1_)) + _a5_) * x);{'d0': {'_a1_': 0.5256917698095043, '_a5_': 1.7751354035963336, '_a7_': 2.8454093334619084, '_a0_': 1.0, '_a2_': 1.0, '_a3_': 1.0, '_a4_': 1.0, '_a6_': 1.0}};{'d0': 0.024905832919416632};-280.569866449044;37.89259273104862
3385;-102.392340493473;(((((x + (_a5_ / _a7_)) * x) * (_a5_ / _a1_)) + _a5_) * x);{'d0': {'_a1_': 0.5256917698095043, '_a5_': 1.7751354035963336, '_a7_': 2.8454093334619084, '_a0_': 1.0, '_a2_': 1.0, '_a3_': 1.0, '_a4_': 1.0, '_a6_': 1.0}};{'d0': 0.024905832919416632};-280.569866449044;37.89259273104862
3386;-102.392340493473;(((((x + (_a5_ / _a7_)) * x) * (_a5_ / _a1_)) + _a5_) * x);{'d0': {'_a1_': 0.5256917698095043, '_a5_': 1.7751354035963336, '_a7_': 2.8454093334619084, '_a0_': 1.0, '_a2_': 1.0, '_a3_': 1.0, '_a4_': 1.0, '_a6_': 1.0}};{'d0': 0.024905832919416632};-280.569866449044;37.89259273104862
3387;-102.392340493473;(((((x + (_a5_ / _a7_)) * x) * (_a5_ / _a1_)) + _a5_) * x);{'d0': {'_a1_': 0.5256917698095043, '_a5_': 1.7751354035963336, '_a7_': 2.8454093334619084, '_a0_': 1.0, '_a2_': 1.0, '_a3_': 1.0, '_a4_': 1.0, '_a6_': 1.0}};{'d0': 0.024905832919416632};-280.569866449044;37.89259273104862
3388;-101.205497781270;(((((x + abs(_a7_)) * x) * (_a5_ / _a1_)) + _a5_) * x);{'d0': {'_a1_': 0.5256917703852164, '_a5_': 1.7751354041820437, '_a7_': 0.6238594155203956, '_a0_': 1.0, '_a2_': 1.0, '_a3_': 1.0, '_a4_': 1.0, '_a6_': 1.0}};{'d0': 0.024905832919416615};-280.569866449044;39.07943544325143
3389;-101.205497781270;(((((x + abs(_a7_)) * x) * (_a5_ / _a1_)) + _a5_) * x);{'d0': {'_a1_': 0.5256917703852164, '_a5_': 1.7751354041820437, '_a7_': 0.6238594155203956, '_a0_': 1.0, '_a2_': 1.0, '_a3_': 1.0, '_a4_': 1.0, '_a6_': 1.0}};{'d0': 0.024905832919416615};-280.569866449044;39.07943544325143
3390;-108.229563301620;(((((x + _a2_) * x) * (_a5_ / _a1_)) + _a5_) * x);{'d0': {'_a1_': 0.525691770681489, '_a2_': 0.623859415666779, '_a5_': 1.7751354047455117, '_a0_': 1.0, '_a3_': 1.0, '_a4_': 1.0, '_a6_': 1.0, '_a7_': 1.0}};{'d0': 0.02490583291941661};-280.569866449044;32.05536992290143
3391;-108.229563301620;(((((x + _a2_) * x) * (_a5_ / _a1_)) + _a5_) * x);{'d0': {'_a1_': 0.525691770681489, '_a2_': 0.623859415666779, '_a5_': 1.7751354047455117, '_a0_': 1.0, '_a3_': 1.0, '_a4_': 1.0, '_a6_': 1.0, '_a7_': 1.0}};{'d0': 0.02490583291941661};-280.569866449044;32.05536992290143
3392;-108.229563301620;(((((x + _a2_) * x) * (_a5_ / _a1_)) + _a5_) * x);{'d0': {'_a1_': 0.525691770681489, '_a2_': 0.623859415666779, '_a5_': 1.7751354047455117, '_a0_': 1.0, '_a3_': 1.0, '_a4_': 1.0, '_a6_': 1.0, '_a7_': 1.0}};{'d0': 0.02490583291941661};-280.569866449044;32.05536992290143
3393;-108.229563301620;(((((x + _a2_) * x) * (_a5_ / _a1_)) + _a5_) * x);{'d0': {'_a1_': 0.525691770681489, '_a2_': 0.623859415666779, '_a5_': 1.7751354047455117, '_a0_': 1.0, '_a3_': 1.0, '_a4_': 1.0, '_a6_': 1.0, '_a7_': 1.0}};{'d0': 0.02490583291941661};-280.569866449044;32.05536992290143
3394;-108.229563301620;(((((x + _a2_) * x) * (_a5_ / _a1_)) + _a5_) * x);{'d0': {'_a1_': 0.525691770681489, '_a2_': 0.623859415666779, '_a5_': 1.7751354047455117, '_a0_': 1.0, '_a3_': 1.0, '_a4_': 1.0, '_a6_': 1.0, '_a7_': 1.0}};{'d0': 0.02490583291941661};-280.569866449044;32.05536992290143
3395;-108.229563301620;(((((x + _a2_) * x) * (_a5_ / _a1_)) + _a5_) * x);{'d0': {'_a1_': 0.525691770681489, '_a2_': 0.623859415666779, '_a5_': 1.7751354047455117, '_a0_': 1.0, '_a3_': 1.0, '_a4_': 1.0, '_a6_': 1.0, '_a7_': 1.0}};{'d0': 0.02490583291941661};-280.569866449044;32.05536992290143
3396;-108.229563301620;(((((x + _a2_) * x) * (_a5_ / _a1_)) + _a5_) * x);{'d0': {'_a1_': 0.525691770681489, '_a2_': 0.623859415666779, '_a5_': 1.7751354047455117, '_a0_': 1.0, '_a3_': 1.0, '_a4_': 1.0, '_a6_': 1.0, '_a7_': 1.0}};{'d0': 0.02490583291941661};-280.569866449044;32.05536992290143
3397;-108.229563301620;(((((x + _a2_) * x) * (_a5_ / _a1_)) + _a5_) * x);{'d0': {'_a1_': 0.525691770681489, '_a2_': 0.623859415666779, '_a5_': 1.7751354047455117, '_a0_': 1.0, '_a3_': 1.0, '_a4_': 1.0, '_a6_': 1.0, '_a7_': 1.0}};{'d0': 0.02490583291941661};-280.569866449044;32.05536992290143
3398;-108.229563301620;(((((x + _a2_) * x) * (_a5_ / _a1_)) + _a5_) * x);{'d0': {'_a1_': 0.525691770681489, '_a2_': 0.623859415666779, '_a5_': 1.7751354047455117, '_a0_': 1.0, '_a3_': 1.0, '_a4_': 1.0, '_a6_': 1.0, '_a7_': 1.0}};{'d0': 0.02490583291941661};-280.569866449044;32.05536992290143
3399;-108.229563301620;(((((x + _a2_) * x) * (_a5_ / _a1_)) + _a5_) * x);{'d0': {'_a1_': 0.525691770681489, '_a2_': 0.623859415666779, '_a5_': 1.7751354047455117, '_a0_': 1.0, '_a3_': 1.0, '_a4_': 1.0, '_a6_': 1.0, '_a7_': 1.0}};{'d0': 0.02490583291941661};-280.569866449044;32.05536992290143
3400;-108.229563301620;(((((x + _a2_) * x) * (_a5_ / _a1_)) + _a5_) * x);{'d0': {'_a1_': 0.525691770681489, '_a2_': 0.623859415666779, '_a5_': 1.7751354047455117, '_a0_': 1.0, '_a3_': 1.0, '_a4_': 1.0, '_a6_': 1.0, '_a7_': 1.0}};{'d0': 0.02490583291941661};-280.569866449044;32.05536992290143
3401;-108.229563301620;(((((x + _a2_) * x) * (_a5_ / _a1_)) + _a5_) * x);{'d0': {'_a1_': 0.525691770681489, '_a2_': 0.623859415666779, '_a5_': 1.7751354047455117, '_a0_': 1.0, '_a3_': 1.0, '_a4_': 1.0, '_a6_': 1.0, '_a7_': 1.0}};{'d0': 0.02490583291941661};-280.569866449044;32.05536992290143
3402;-108.229563301620;(((((x + _a2_) * x) * (_a5_ / _a1_)) + _a5_) * x);{'d0': {'_a1_': 0.525691770681489, '_a2_': 0.623859415666779, '_a5_': 1.7751354047455117, '_a0_': 1.0, '_a3_': 1.0, '_a4_': 1.0, '_a6_': 1.0, '_a7_': 1.0}};{'d0': 0.02490583291941661};-280.569866449044;32.05536992290143
3403;-108.229563301620;(((((x + _a2_) * x) * (_a5_ / _a1_)) + _a5_) * x);{'d0': {'_a1_': 0.525691770681489, '_a2_': 0.623859415666779, '_a5_': 1.7751354047455117, '_a0_': 1.0, '_a3_': 1.0, '_a4_': 1.0, '_a6_': 1.0, '_a7_': 1.0}};{'d0': 0.02490583291941661};-280.569866449044;32.05536992290143
3404;-108.229563301620;(((((x + _a2_) * x) * (_a5_ / _a1_)) + _a5_) * x);{'d0': {'_a1_': 0.525691770681489, '_a2_': 0.623859415666779, '_a5_': 1.7751354047455117, '_a0_': 1.0, '_a3_': 1.0, '_a4_': 1.0, '_a6_': 1.0, '_a7_': 1.0}};{'d0': 0.02490583291941661};-280.569866449044;32.05536992290143
3405;-93.7450660954063;(((((x * (x + pow2(_a7_))) * ((_a3_ / _a1_) / _a1_)) * x) + x) * _a3_);{'d0': {'_a1_': 0.9660093544938307, '_a3_': 1.7751354040489196, '_a7_': 0.7898477166518268, '_a0_': 1.0, '_a2_': 1.0, '_a4_': 1.0, '_a5_': 1.0, '_a6_': 1.0}};{'d0': 0.02490583291941664};-280.569866449044;46.539867129115585
3406;-93.7450660954063;(((((x * (x + pow2(_a7_))) * ((_a3_ / _a1_) / _a1_)) * x) + x) * _a3_);{'d0': {'_a1_': 0.9660093544938307, '_a3_': 1.7751354040489196, '_a7_': 0.7898477166518268, '_a0_': 1.0, '_a2_': 1.0, '_a4_': 1.0, '_a5_': 1.0, '_a6_': 1.0}};{'d0': 0.02490583291941664};-280.569866449044;46.539867129115585
3407;-93.7450660954063;(((((x * (x + pow2(_a7_))) * ((_a3_ / _a1_) / _a1_)) * x) + x) * _a3_);{'d0': {'_a1_': 0.9660093544938307, '_a3_': 1.7751354040489196, '_a7_': 0.7898477166518268, '_a0_': 1.0, '_a2_': 1.0, '_a4_': 1.0, '_a5_': 1.0, '_a6_': 1.0}};{'d0': 0.02490583291941664};-280.569866449044;46.539867129115585
3408;-93.7450660954063;(((((x * (x + pow2(_a7_))) * ((_a3_ / _a1_) / _a1_)) * x) + x) * _a3_);{'d0': {'_a1_': 0.9660093544938307, '_a3_': 1.7751354040489196, '_a7_': 0.7898477166518268, '_a0_': 1.0, '_a2_': 1.0, '_a4_': 1.0, '_a5_': 1.0, '_a6_': 1.0}};{'d0': 0.02490583291941664};-280.569866449044;46.539867129115585
3409;-93.7450660954063;(((((x * (x + pow2(_a7_))) * ((_a3_ / _a1_) / _a1_)) * x) + x) * _a3_);{'d0': {'_a1_': 0.9660093544938307, '_a3_': 1.7751354040489196, '_a7_': 0.7898477166518268, '_a0_': 1.0, '_a2_': 1.0, '_a4_': 1.0, '_a5_': 1.0, '_a6_': 1.0}};{'d0': 0.02490583291941664};-280.569866449044;46.539867129115585
3410;-93.7450660954063;(((((x * (x + pow2(_a7_))) * ((_a3_ / _a1_) / _a1_)) * x) + x) * _a3_);{'d0': {'_a1_': 0.9660093544938307, '_a3_': 1.7751354040489196, '_a7_': 0.7898477166518268, '_a0_': 1.0, '_a2_': 1.0, '_a4_': 1.0, '_a5_': 1.0, '_a6_': 1.0}};{'d0': 0.02490583291941664};-280.569866449044;46.539867129115585
3411;-93.7450660954063;(((((x * (x + pow2(_a7_))) * ((_a3_ / _a1_) / _a1_)) * x) + x) * _a3_);{'d0': {'_a1_': 0.9660093544938307, '_a3_': 1.7751354040489196, '_a7_': 0.7898477166518268, '_a0_': 1.0, '_a2_': 1.0, '_a4_': 1.0, '_a5_': 1.0, '_a6_': 1.0}};{'d0': 0.02490583291941664};-280.569866449044;46.539867129115585
3412;-93.7450660954063;(((((x * (x + pow2(_a7_))) * ((_a3_ / _a1_) / _a1_)) * x) + x) * _a3_);{'d0': {'_a1_': 0.9660093544938307, '_a3_': 1.7751354040489196, '_a7_': 0.7898477166518268, '_a0_': 1.0, '_a2_': 1.0, '_a4_': 1.0, '_a5_': 1.0, '_a6_': 1.0}};{'d0': 0.02490583291941664};-280.569866449044;46.539867129115585
3413;-93.7450660954063;(((((x * (x + pow2(_a7_))) * ((_a3_ / _a1_) / _a1_)) * x) + x) * _a3_);{'d0': {'_a1_': 0.9660093544938307, '_a3_': 1.7751354040489196, '_a7_': 0.7898477166518268, '_a0_': 1.0, '_a2_': 1.0, '_a4_': 1.0, '_a5_': 1.0, '_a6_': 1.0}};{'d0': 0.02490583291941664};-280.569866449044;46.539867129115585
3414;-93.7450660954063;(((((x * (x + pow2(_a7_))) * ((_a3_ / _a1_) / _a1_)) * x) + x) * _a3_);{'d0': {'_a1_': 0.9660093544938307, '_a3_': 1.7751354040489196, '_a7_': 0.7898477166518268, '_a0_': 1.0, '_a2_': 1.0, '_a4_': 1.0, '_a5_': 1.0, '_a6_': 1.0}};{'d0': 0.02490583291941664};-280.569866449044;46.539867129115585
3415;-97.4430005680163;(((((x * (x + _a5_)) * ((_a3_ / _a1_) / _a1_)) * x) + x) * _a3_);{'d0': {'_a1_': 0.966009356197476, '_a3_': 1.7751354060552762, '_a5_': 0.6238594166714458, '_a0_': 1.0, '_a2_': 1.0, '_a4_': 1.0, '_a6_': 1.0, '_a7_': 1.0}};{'d0': 0.024905832919416636};-280.569866449044;42.841932656505584
3416;-97.4430005680163;(((((x * (x + _a5_)) * ((_a3_ / _a1_) / _a1_)) * x) + x) * _a3_);{'d0': {'_a1_': 0.966009356197476, '_a3_': 1.7751354060552762, '_a5_': 0.6238594166714458, '_a0_': 1.0, '_a2_': 1.0, '_a4_': 1.0, '_a6_': 1.0, '_a7_': 1.0}};{'d0': 0.024905832919416636};-280.569866449044;42.841932656505584
3417;-97.4430005680163;(((((x * (x + _a5_)) * ((_a3_ / _a1_) / _a1_)) * x) + x) * _a3_);{'d0': {'_a1_': 0.966009356197476, '_a3_': 1.7751354060552762, '_a5_': 0.6238594166714458, '_a0_': 1.0, '_a2_': 1.0, '_a4_': 1.0, '_a6_': 1.0, '_a7_': 1.0}};{'d0': 0.024905832919416636};-280.569866449044;42.841932656505584
3418;-97.4430005680163;(((((x * (x + _a5_)) * ((_a3_ / _a1_) / _a1_)) * x) + x) * _a3_);{'d0': {'_a1_': 0.966009356197476, '_a3_': 1.7751354060552762, '_a5_': 0.6238594166714458, '_a0_': 1.0, '_a2_': 1.0, '_a4_': 1.0, '_a6_': 1.0, '_a7_': 1.0}};{'d0': 0.024905832919416636};-280.569866449044;42.841932656505584
3419;-97.4430005680163;(((((x * (x + _a5_)) * ((_a3_ / _a1_) / _a5_)) * x) + x) * _a3_);{'d0': {'_a1_': 1.4958082726288486, '_a3_': 1.7751354052795842, '_a5_': 0.6238594157569884, '_a0_': 1.0, '_a2_': 1.0, '_a4_': 1.0, '_a6_': 1.0, '_a7_': 1.0}};{'d0': 0.024905832919416632};-280.569866449044;42.841932656505584
3420;-97.4430005680163;(((((x * (x + _a5_)) * ((_a3_ / _a1_) / _a5_)) * x) + x) * _a3_);{'d0': {'_a1_': 1.4958082726288486, '_a3_': 1.7751354052795842, '_a5_': 0.6238594157569884, '_a0_': 1.0, '_a2_': 1.0, '_a4_': 1.0, '_a6_': 1.0, '_a7_': 1.0}};{'d0': 0.024905832919416632};-280.569866449044;42.841932656505584
3421;-97.4430005680163;(((((x * (x + _a5_)) * ((_a3_ / _a1_) / _a5_)) * x) + x) * _a3_);{'d0': {'_a1_': 1.4958082726288486, '_a3_': 1.7751354052795842, '_a5_': 0.6238594157569884, '_a0_': 1.0, '_a2_': 1.0, '_a4_': 1.0, '_a6_': 1.0, '_a7_': 1.0}};{'d0': 0.024905832919416632};-280.569866449044;42.841932656505584
3422;-97.4430005680163;(((((x * (x + _a5_)) * ((_a3_ / _a1_) / _a5_)) * x) + x) * _a3_);{'d0': {'_a1_': 1.4958082726288486, '_a3_': 1.7751354052795842, '_a5_': 0.6238594157569884, '_a0_': 1.0, '_a2_': 1.0, '_a4_': 1.0, '_a6_': 1.0, '_a7_': 1.0}};{'d0': 0.024905832919416632};-280.569866449044;42.841932656505584
3423;-97.4430005680163;(((((x * (x + _a5_)) * ((_a3_ / _a1_) / _a5_)) * x) + x) * _a3_);{'d0': {'_a1_': 1.4958082726288486, '_a3_': 1.7751354052795842, '_a5_': 0.6238594157569884, '_a0_': 1.0, '_a2_': 1.0, '_a4_': 1.0, '_a6_': 1.0, '_a7_': 1.0}};{'d0': 0.024905832919416632};-280.569866449044;42.841932656505584
3424;-97.4430005680163;(((((x * (x + _a5_)) * ((_a3_ / _a1_) / _a5_)) * x) + x) * _a3_);{'d0': {'_a1_': 1.4958082726288486, '_a3_': 1.7751354052795842, '_a5_': 0.6238594157569884, '_a0_': 1.0, '_a2_': 1.0, '_a4_': 1.0, '_a6_': 1.0, '_a7_': 1.0}};{'d0': 0.024905832919416632};-280.569866449044;42.841932656505584
3425;-97.4430005680163;(((((x * (x + _a5_)) * ((_a3_ / _a1_) / _a5_)) * x) + x) * _a3_);{'d0': {'_a1_': 1.4958082726288486, '_a3_': 1.7751354052795842, '_a5_': 0.6238594157569884, '_a0_': 1.0, '_a2_': 1.0, '_a4_': 1.0, '_a6_': 1.0, '_a7_': 1.0}};{'d0': 0.024905832919416632};-280.569866449044;42.841932656505584
3426;-103.280223376163;(((((x * (x + _a5_)) * (_a6_ / _a5_)) * x) + x) * _a3_);{'d0': {'_a3_': 1.7751354041571359, '_a5_': 0.6238594157246379, '_a6_': 1.1867399327329375, '_a0_': 1.0, '_a1_': 1.0, '_a2_': 1.0, '_a4_': 1.0, '_a7_': 1.0}};{'d0': 0.024905832919416646};-280.569866449044;37.00470984835839
3427;-103.280223376163;(((((x * (x + _a5_)) * (_a6_ / _a5_)) * x) + x) * _a3_);{'d0': {'_a3_': 1.7751354041571359, '_a5_': 0.6238594157246379, '_a6_': 1.1867399327329375, '_a0_': 1.0, '_a1_': 1.0, '_a2_': 1.0, '_a4_': 1.0, '_a7_': 1.0}};{'d0': 0.024905832919416646};-280.569866449044;37.00470984835839
3428;-103.280223376163;(((((x * (x + _a5_)) * (_a6_ / _a5_)) * x) + x) * _a3_);{'d0': {'_a3_': 1.7751354041571359, '_a5_': 0.6238594157246379, '_a6_': 1.1867399327329375, '_a0_': 1.0, '_a1_': 1.0, '_a2_': 1.0, '_a4_': 1.0, '_a7_': 1.0}};{'d0': 0.024905832919416646};-280.569866449044;37.00470984835839
3429;-103.280223376163;(((((x * (x + _a5_)) * (_a6_ / _a5_)) * x) + x) * _a3_);{'d0': {'_a3_': 1.7751354041571359, '_a5_': 0.6238594157246379, '_a6_': 1.1867399327329375, '_a0_': 1.0, '_a1_': 1.0, '_a2_': 1.0, '_a4_': 1.0, '_a7_': 1.0}};{'d0': 0.024905832919416646};-280.569866449044;37.00470984835839
3430;-103.280223376163;(((((x * (x + _a5_)) * (_a6_ / _a5_)) * x) + x) * _a3_);{'d0': {'_a3_': 1.7751354041571359, '_a5_': 0.6238594157246379, '_a6_': 1.1867399327329375, '_a0_': 1.0, '_a1_': 1.0, '_a2_': 1.0, '_a4_': 1.0, '_a7_': 1.0}};{'d0': 0.024905832919416646};-280.569866449044;37.00470984835839
3431;-103.280223376163;(((((x * (x + _a5_)) * (_a6_ / _a5_)) * x) + x) * _a3_);{'d0': {'_a3_': 1.7751354041571359, '_a5_': 0.6238594157246379, '_a6_': 1.1867399327329375, '_a0_': 1.0, '_a1_': 1.0, '_a2_': 1.0, '_a4_': 1.0, '_a7_': 1.0}};{'d0': 0.024905832919416646};-280.569866449044;37.00470984835839
3432;-103.280223376163;(((((x * (x + _a5_)) * (_a6_ / _a5_)) * x) + x) * _a3_);{'d0': {'_a3_': 1.7751354041571359, '_a5_': 0.6238594157246379, '_a6_': 1.1867399327329375, '_a0_': 1.0, '_a1_': 1.0, '_a2_': 1.0, '_a4_': 1.0, '_a7_': 1.0}};{'d0': 0.024905832919416646};-280.569866449044;37.00470984835839
3433;-103.280223376163;(((((x * (x + _a5_)) * (_a6_ / _a5_)) * x) + x) * _a3_);{'d0': {'_a3_': 1.7751354041571359, '_a5_': 0.6238594157246379, '_a6_': 1.1867399327329375, '_a0_': 1.0, '_a1_': 1.0, '_a2_': 1.0, '_a4_': 1.0, '_a7_': 1.0}};{'d0': 0.024905832919416646};-280.569866449044;37.00470984835839
3434;-103.280223376163;(((((x * (x + _a5_)) * (_a6_ / _a5_)) * x) + x) * _a3_);{'d0': {'_a3_': 1.7751354041571359, '_a5_': 0.6238594157246379, '_a6_': 1.1867399327329375, '_a0_': 1.0, '_a1_': 1.0, '_a2_': 1.0, '_a4_': 1.0, '_a7_': 1.0}};{'d0': 0.024905832919416646};-280.569866449044;37.00470984835839
3435;-103.280223376163;(((((x * (x + _a5_)) * (_a6_ / _a5_)) * x) + x) * _a3_);{'d0': {'_a3_': 1.7751354041571359, '_a5_': 0.6238594157246379, '_a6_': 1.1867399327329375, '_a0_': 1.0, '_a1_': 1.0, '_a2_': 1.0, '_a4_': 1.0, '_a7_': 1.0}};{'d0': 0.024905832919416646};-280.569866449044;37.00470984835839
3436;-103.280223376163;(((((x * (x + _a5_)) * (_a6_ / _a5_)) * x) + x) * _a3_);{'d0': {'_a3_': 1.7751354041571359, '_a5_': 0.6238594157246379, '_a6_': 1.1867399327329375, '_a0_': 1.0, '_a1_': 1.0, '_a2_': 1.0, '_a4_': 1.0, '_a7_': 1.0}};{'d0': 0.024905832919416646};-280.569866449044;37.00470984835839
3437;-103.280223376163;(((((x * (x + _a5_)) * (_a6_ / _a5_)) * x) + x) * _a3_);{'d0': {'_a3_': 1.7751354041571359, '_a5_': 0.6238594157246379, '_a6_': 1.1867399327329375, '_a0_': 1.0, '_a1_': 1.0, '_a2_': 1.0, '_a4_': 1.0, '_a7_': 1.0}};{'d0': 0.024905832919416646};-280.569866449044;37.00470984835839
3438;-103.280223376163;(((((x * (x + _a5_)) * (_a6_ / _a5_)) * x) + x) * _a3_);{'d0': {'_a3_': 1.7751354041571359, '_a5_': 0.6238594157246379, '_a6_': 1.1867399327329375, '_a0_': 1.0, '_a1_': 1.0, '_a2_': 1.0, '_a4_': 1.0, '_a7_': 1.0}};{'d0': 0.024905832919416646};-280.569866449044;37.00470984835839
3439;-103.280223376163;(((((x * (x + _a5_)) * (_a6_ / _a5_)) * x) + x) * _a3_);{'d0': {'_a3_': 1.7751354041571359, '_a5_': 0.6238594157246379, '_a6_': 1.1867399327329375, '_a0_': 1.0, '_a1_': 1.0, '_a2_': 1.0, '_a4_': 1.0, '_a7_': 1.0}};{'d0': 0.024905832919416646};-280.569866449044;37.00470984835839
3440;-103.280223376163;(((((x * (x + _a5_)) * (_a6_ / _a5_)) * x) + x) * _a3_);{'d0': {'_a3_': 1.7751354041571359, '_a5_': 0.6238594157246379, '_a6_': 1.1867399327329375, '_a0_': 1.0, '_a1_': 1.0, '_a2_': 1.0, '_a4_': 1.0, '_a7_': 1.0}};{'d0': 0.024905832919416646};-280.569866449044;37.00470984835839
3441;-103.280223376163;(((((x * (x + _a5_)) * (_a6_ / _a5_)) * x) + x) * _a3_);{'d0': {'_a3_': 1.7751354041571359, '_a5_': 0.6238594157246379, '_a6_': 1.1867399327329375, '_a0_': 1.0, '_a1_': 1.0, '_a2_': 1.0, '_a4_': 1.0, '_a7_': 1.0}};{'d0': 0.024905832919416646};-280.569866449044;37.00470984835839
3442;-103.159914093536;(((((x * (x + _a5_)) * (_a6_ + _a5_)) * x) + x) * _a3_);{'d0': {'_a3_': 1.775135404247496, '_a5_': 0.6238594155443555, '_a6_': 1.2783959674516647, '_a0_': 1.0, '_a1_': 1.0, '_a2_': 1.0, '_a4_': 1.0, '_a7_': 1.0}};{'d0': 0.024905832919416615};-280.569866449044;37.12501913098599
3443;-103.159914093536;(((((x * (x + _a5_)) * (_a6_ + _a5_)) * x) + x) * _a3_);{'d0': {'_a3_': 1.775135404247496, '_a5_': 0.6238594155443555, '_a6_': 1.2783959674516647, '_a0_': 1.0, '_a1_': 1.0, '_a2_': 1.0, '_a4_': 1.0, '_a7_': 1.0}};{'d0': 0.024905832919416615};-280.569866449044;37.12501913098599
3444;-103.159914093536;(((((x * (x + _a5_)) * (_a6_ + _a5_)) * x) + x) * _a3_);{'d0': {'_a3_': 1.775135404247496, '_a5_': 0.6238594155443555, '_a6_': 1.2783959674516647, '_a0_': 1.0, '_a1_': 1.0, '_a2_': 1.0, '_a4_': 1.0, '_a7_': 1.0}};{'d0': 0.024905832919416615};-280.569866449044;37.12501913098599
3445;-103.159914093536;(((((x * (x + _a5_)) * (_a6_ + _a5_)) * x) + x) * _a3_);{'d0': {'_a3_': 1.775135404247496, '_a5_': 0.6238594155443555, '_a6_': 1.2783959674516647, '_a0_': 1.0, '_a1_': 1.0, '_a2_': 1.0, '_a4_': 1.0, '_a7_': 1.0}};{'d0': 0.024905832919416615};-280.569866449044;37.12501913098599
3446;-103.159914093536;(((((x * (x + _a5_)) * (_a6_ + _a5_)) * x) + x) * _a3_);{'d0': {'_a3_': 1.775135404247496, '_a5_': 0.6238594155443555, '_a6_': 1.2783959674516647, '_a0_': 1.0, '_a1_': 1.0, '_a2_': 1.0, '_a4_': 1.0, '_a7_': 1.0}};{'d0': 0.024905832919416615};-280.569866449044;37.12501913098599
3447;-103.159914093536;(((((x * (x + _a5_)) * (_a6_ + _a5_)) * x) + x) * _a3_);{'d0': {'_a3_': 1.775135404247496, '_a5_': 0.6238594155443555, '_a6_': 1.2783959674516647, '_a0_': 1.0, '_a1_': 1.0, '_a2_': 1.0, '_a4_': 1.0, '_a7_': 1.0}};{'d0': 0.024905832919416615};-280.569866449044;37.12501913098599
3448;-103.159914093536;(((((x * (x + _a5_)) * (_a6_ + _a5_)) * x) + x) * _a3_);{'d0': {'_a3_': 1.775135404247496, '_a5_': 0.6238594155443555, '_a6_': 1.2783959674516647, '_a0_': 1.0, '_a1_': 1.0, '_a2_': 1.0, '_a4_': 1.0, '_a7_': 1.0}};{'d0': 0.024905832919416615};-280.569866449044;37.12501913098599
3449;-103.159914093536;(((((x * (x + _a5_)) * (_a6_ + _a5_)) * x) + x) * _a3_);{'d0': {'_a3_': 1.775135404247496, '_a5_': 0.6238594155443555, '_a6_': 1.2783959674516647, '_a0_': 1.0, '_a1_': 1.0, '_a2_': 1.0, '_a4_': 1.0, '_a7_': 1.0}};{'d0': 0.024905832919416615};-280.569866449044;37.12501913098599
3450;-103.159914093536;(((((x * (x + _a5_)) * (_a6_ + _a5_)) * x) + x) * _a3_);{'d0': {'_a3_': 1.775135404247496, '_a5_': 0.6238594155443555, '_a6_': 1.2783959674516647, '_a0_': 1.0, '_a1_': 1.0, '_a2_': 1.0, '_a4_': 1.0, '_a7_': 1.0}};{'d0': 0.024905832919416615};-280.569866449044;37.12501913098599
3451;-103.159914093536;(((((x * (x + _a5_)) * (_a6_ + _a5_)) * x) + x) * _a3_);{'d0': {'_a3_': 1.775135404247496, '_a5_': 0.6238594155443555, '_a6_': 1.2783959674516647, '_a0_': 1.0, '_a1_': 1.0, '_a2_': 1.0, '_a4_': 1.0, '_a7_': 1.0}};{'d0': 0.024905832919416615};-280.569866449044;37.12501913098599
3452;-103.159914093536;(((((x * (x + _a5_)) * (_a6_ + _a5_)) * x) + x) * _a3_);{'d0': {'_a3_': 1.775135404247496, '_a5_': 0.6238594155443555, '_a6_': 1.2783959674516647, '_a0_': 1.0, '_a1_': 1.0, '_a2_': 1.0, '_a4_': 1.0, '_a7_': 1.0}};{'d0': 0.024905832919416615};-280.569866449044;37.12501913098599
3453;-103.159914093536;(((((x * (x + _a5_)) * (_a6_ + _a5_)) * x) + x) * _a3_);{'d0': {'_a3_': 1.775135404247496, '_a5_': 0.6238594155443555, '_a6_': 1.2783959674516647, '_a0_': 1.0, '_a1_': 1.0, '_a2_': 1.0, '_a4_': 1.0, '_a7_': 1.0}};{'d0': 0.024905832919416615};-280.569866449044;37.12501913098599
3454;-103.159914093536;(((((x * (x + _a5_)) * (_a6_ + _a5_)) * x) + x) * _a3_);{'d0': {'_a3_': 1.775135404247496, '_a5_': 0.6238594155443555, '_a6_': 1.2783959674516647, '_a0_': 1.0, '_a1_': 1.0, '_a2_': 1.0, '_a4_': 1.0, '_a7_': 1.0}};{'d0': 0.024905832919416615};-280.569866449044;37.12501913098599
3455;-103.159914093536;(((((x * (x + _a5_)) * (_a6_ + _a5_)) * x) + x) * _a3_);{'d0': {'_a3_': 1.775135404247496, '_a5_': 0.6238594155443555, '_a6_': 1.2783959674516647, '_a0_': 1.0, '_a1_': 1.0, '_a2_': 1.0, '_a4_': 1.0, '_a7_': 1.0}};{'d0': 0.024905832919416615};-280.569866449044;37.12501913098599
3456;-103.159914093536;(((((x * (x + _a5_)) * (_a6_ + _a5_)) * x) + x) * _a3_);{'d0': {'_a3_': 1.775135404247496, '_a5_': 0.6238594155443555, '_a6_': 1.2783959674516647, '_a0_': 1.0, '_a1_': 1.0, '_a2_': 1.0, '_a4_': 1.0, '_a7_': 1.0}};{'d0': 0.024905832919416615};-280.569866449044;37.12501913098599
3457;-103.159914093536;(((((x * (x + _a5_)) * (_a6_ + _a5_)) * x) + x) * _a3_);{'d0': {'_a3_': 1.775135404247496, '_a5_': 0.6238594155443555, '_a6_': 1.2783959674516647, '_a0_': 1.0, '_a1_': 1.0, '_a2_': 1.0, '_a4_': 1.0, '_a7_': 1.0}};{'d0': 0.024905832919416615};-280.569866449044;37.12501913098599
3458;-103.159914093536;(((((x * (x + _a5_)) * (_a6_ + _a5_)) * x) + x) * _a3_);{'d0': {'_a3_': 1.775135404247496, '_a5_': 0.6238594155443555, '_a6_': 1.2783959674516647, '_a0_': 1.0, '_a1_': 1.0, '_a2_': 1.0, '_a4_': 1.0, '_a7_': 1.0}};{'d0': 0.024905832919416615};-280.569866449044;37.12501913098599
3459;-103.159914093536;(((((x * (x + _a5_)) * (_a6_ + _a5_)) * x) + x) * _a3_);{'d0': {'_a3_': 1.775135404247496, '_a5_': 0.6238594155443555, '_a6_': 1.2783959674516647, '_a0_': 1.0, '_a1_': 1.0, '_a2_': 1.0, '_a4_': 1.0, '_a7_': 1.0}};{'d0': 0.024905832919416615};-280.569866449044;37.12501913098599
3460;-103.159914093536;(((((x * (x + _a5_)) * (_a6_ + _a5_)) * x) + x) * _a3_);{'d0': {'_a3_': 1.775135404247496, '_a5_': 0.6238594155443555, '_a6_': 1.2783959674516647, '_a0_': 1.0, '_a1_': 1.0, '_a2_': 1.0, '_a4_': 1.0, '_a7_': 1.0}};{'d0': 0.024905832919416615};-280.569866449044;37.12501913098599
3461;-103.159914093536;(((((x * (x + _a5_)) * (_a6_ + _a5_)) * x) + x) * _a3_);{'d0': {'_a3_': 1.775135404247496, '_a5_': 0.6238594155443555, '_a6_': 1.2783959674516647, '_a0_': 1.0, '_a1_': 1.0, '_a2_': 1.0, '_a4_': 1.0, '_a7_': 1.0}};{'d0': 0.024905832919416615};-280.569866449044;37.12501913098599
3462;-103.159914093536;(((((x * (x + _a5_)) * (_a6_ + _a5_)) * x) + x) * _a3_);{'d0': {'_a3_': 1.775135404247496, '_a5_': 0.6238594155443555, '_a6_': 1.2783959674516647, '_a0_': 1.0, '_a1_': 1.0, '_a2_': 1.0, '_a4_': 1.0, '_a7_': 1.0}};{'d0': 0.024905832919416615};-280.569866449044;37.12501913098599
3463;-103.159914093536;(((((x * (x + _a5_)) * (_a6_ + _a5_)) * x) + x) * _a3_);{'d0': {'_a3_': 1.775135404247496, '_a5_': 0.6238594155443555, '_a6_': 1.2783959674516647, '_a0_': 1.0, '_a1_': 1.0, '_a2_': 1.0, '_a4_': 1.0, '_a7_': 1.0}};{'d0': 0.024905832919416615};-280.569866449044;37.12501913098599
3464;-103.159914093536;(((((x * (x + _a5_)) * (_a6_ + _a5_)) * x) + x) * _a3_);{'d0': {'_a3_': 1.775135404247496, '_a5_': 0.6238594155443555, '_a6_': 1.2783959674516647, '_a0_': 1.0, '_a1_': 1.0, '_a2_': 1.0, '_a4_': 1.0, '_a7_': 1.0}};{'d0': 0.024905832919416615};-280.569866449044;37.12501913098599
3465;-103.159914093536;(((((x * (x + _a5_)) * (_a6_ + _a5_)) * x) + x) * _a3_);{'d0': {'_a3_': 1.775135404247496, '_a5_': 0.6238594155443555, '_a6_': 1.2783959674516647, '_a0_': 1.0, '_a1_': 1.0, '_a2_': 1.0, '_a4_': 1.0, '_a7_': 1.0}};{'d0': 0.024905832919416615};-280.569866449044;37.12501913098599
3466;-103.159914093536;(((((x * (x + _a5_)) * (_a6_ + _a5_)) * x) + x) * _a3_);{'d0': {'_a3_': 1.775135404247496, '_a5_': 0.6238594155443555, '_a6_': 1.2783959674516647, '_a0_': 1.0, '_a1_': 1.0, '_a2_': 1.0, '_a4_': 1.0, '_a7_': 1.0}};{'d0': 0.024905832919416615};-280.569866449044;37.12501913098599
3467;-103.159914093536;(((((x * (x + _a5_)) * (_a6_ + _a5_)) * x) + x) * _a3_);{'d0': {'_a3_': 1.775135404247496, '_a5_': 0.6238594155443555, '_a6_': 1.2783959674516647, '_a0_': 1.0, '_a1_': 1.0, '_a2_': 1.0, '_a4_': 1.0, '_a7_': 1.0}};{'d0': 0.024905832919416615};-280.569866449044;37.12501913098599
3468;-103.159914093536;(((((x * (x + _a5_)) * (_a6_ + _a5_)) * x) + x) * _a3_);{'d0': {'_a3_': 1.775135404247496, '_a5_': 0.6238594155443555, '_a6_': 1.2783959674516647, '_a0_': 1.0, '_a1_': 1.0, '_a2_': 1.0, '_a4_': 1.0, '_a7_': 1.0}};{'d0': 0.024905832919416615};-280.569866449044;37.12501913098599
3469;-103.159914093536;(((((x * (x + _a5_)) * (_a6_ + _a5_)) * x) + x) * _a3_);{'d0': {'_a3_': 1.775135404247496, '_a5_': 0.6238594155443555, '_a6_': 1.2783959674516647, '_a0_': 1.0, '_a1_': 1.0, '_a2_': 1.0, '_a4_': 1.0, '_a7_': 1.0}};{'d0': 0.024905832919416615};-280.569866449044;37.12501913098599
3470;-103.159914093536;(((((x * (x + _a5_)) * (_a6_ + _a5_)) * x) + x) * _a3_);{'d0': {'_a3_': 1.775135404247496, '_a5_': 0.6238594155443555, '_a6_': 1.2783959674516647, '_a0_': 1.0, '_a1_': 1.0, '_a2_': 1.0, '_a4_': 1.0, '_a7_': 1.0}};{'d0': 0.024905832919416615};-280.569866449044;37.12501913098599
3471;-102.308962252590;(((((x * (x + _a5_)) * (_a6_ + _a5_)) * x) + x) / _a3_);{'d0': {'_a3_': 0.5633373079829633, '_a5_': 0.6238594155903371, '_a6_': 1.278395967263516, '_a0_': 1.0, '_a1_': 1.0, '_a2_': 1.0, '_a4_': 1.0, '_a7_': 1.0}};{'d0': 0.02490583291941665};-280.569866449044;37.97597097193139
3472;-102.308962252590;(((((x * (x + _a5_)) * (_a6_ + _a5_)) * x) + x) / _a3_);{'d0': {'_a3_': 0.5633373079829633, '_a5_': 0.6238594155903371, '_a6_': 1.278395967263516, '_a0_': 1.0, '_a1_': 1.0, '_a2_': 1.0, '_a4_': 1.0, '_a7_': 1.0}};{'d0': 0.02490583291941665};-280.569866449044;37.97597097193139
3473;-102.308962252590;(((((x * (x + _a5_)) * (_a6_ + _a5_)) * x) + x) / _a3_);{'d0': {'_a3_': 0.5633373079829633, '_a5_': 0.6238594155903371, '_a6_': 1.278395967263516, '_a0_': 1.0, '_a1_': 1.0, '_a2_': 1.0, '_a4_': 1.0, '_a7_': 1.0}};{'d0': 0.02490583291941665};-280.569866449044;37.97597097193139
3474;-102.308962252590;(((((x * (x + _a5_)) * (_a6_ + _a5_)) * x) + x) / _a3_);{'d0': {'_a3_': 0.5633373079829633, '_a5_': 0.6238594155903371, '_a6_': 1.278395967263516, '_a0_': 1.0, '_a1_': 1.0, '_a2_': 1.0, '_a4_': 1.0, '_a7_': 1.0}};{'d0': 0.02490583291941665};-280.569866449044;37.97597097193139
3475;-101.348722083578;(((((x * (x + _a5_)) / (_a6_ + _a5_)) * x) + x) / _a3_);{'d0': {'_a3_': 0.5633373079168255, '_a5_': 0.6238594155091048, '_a6_': -0.0981676447550776, '_a0_': 1.0, '_a1_': 1.0, '_a2_': 1.0, '_a4_': 1.0, '_a7_': 1.0}};{'d0': 0.024905832919416608};-280.569866449044;38.93621114094359
3476;-91.1925317685795;((pow2(-((x + _a7_))) * _a0_) + (pow3(((_a3_ * x) + _a1_)) / _a1_));{'d0': {'_a0_': 1.1525869759985123, '_a1_': -0.3356844461862269, '_a3_': -1.043254943813271, '_a7_': -0.31409360631703803, '_a2_': 1.0, '_a4_': 1.0, '_a5_': 1.0, '_a6_': 1.0}};{'d0': 0.024885482501866812};-276.524567593313;47.069752028076785
3477;-91.1925317685795;((pow2(-((x + _a7_))) * _a0_) + (pow3(((_a3_ * x) + _a1_)) / _a1_));{'d0': {'_a0_': 1.1525869759985123, '_a1_': -0.3356844461862269, '_a3_': -1.043254943813271, '_a7_': -0.31409360631703803, '_a2_': 1.0, '_a4_': 1.0, '_a5_': 1.0, '_a6_': 1.0}};{'d0': 0.024885482501866812};-276.524567593313;47.069752028076785
3478;-91.1925317685795;((pow2(-((x + _a7_))) * _a0_) + (pow3(((_a3_ * x) + _a1_)) / _a1_));{'d0': {'_a0_': 1.1525869759985123, '_a1_': -0.3356844461862269, '_a3_': -1.043254943813271, '_a7_': -0.31409360631703803, '_a2_': 1.0, '_a4_': 1.0, '_a5_': 1.0, '_a6_': 1.0}};{'d0': 0.024885482501866812};-276.524567593313;47.069752028076785
3479;-91.1925317685795;((pow2(-((x + _a7_))) * _a0_) + (pow3(((_a3_ * x) + _a1_)) / _a1_));{'d0': {'_a0_': 1.1525869759985123, '_a1_': -0.3356844461862269, '_a3_': -1.043254943813271, '_a7_': -0.31409360631703803, '_a2_': 1.0, '_a4_': 1.0, '_a5_': 1.0, '_a6_': 1.0}};{'d0': 0.024885482501866812};-276.524567593313;47.069752028076785
3480;-91.1925317685795;((pow2(-((x + _a7_))) * _a0_) + (pow3(((_a3_ * x) + _a1_)) / _a1_));{'d0': {'_a0_': 1.1525869759985123, '_a1_': -0.3356844461862269, '_a3_': -1.043254943813271, '_a7_': -0.31409360631703803, '_a2_': 1.0, '_a4_': 1.0, '_a5_': 1.0, '_a6_': 1.0}};{'d0': 0.024885482501866812};-276.524567593313;47.069752028076785
3481;-91.1925317685795;((pow2(-((x + _a7_))) * _a0_) + (pow3(((_a3_ * x) + _a1_)) / _a1_));{'d0': {'_a0_': 1.1525869759985123, '_a1_': -0.3356844461862269, '_a3_': -1.043254943813271, '_a7_': -0.31409360631703803, '_a2_': 1.0, '_a4_': 1.0, '_a5_': 1.0, '_a6_': 1.0}};{'d0': 0.024885482501866812};-276.524567593313;47.069752028076785
3482;-101.348722083578;(((((x * (x + _a5_)) / (_a6_ + _a5_)) * x) + x) / _a3_);{'d0': {'_a3_': 0.5633373079168255, '_a5_': 0.6238594155091048, '_a6_': -0.0981676447550776, '_a0_': 1.0, '_a1_': 1.0, '_a2_': 1.0, '_a4_': 1.0, '_a7_': 1.0}};{'d0': 0.024905832919416608};-280.569866449044;38.93621114094359
3483;-101.348722083578;(((((x * (x + _a5_)) / (_a6_ + _a5_)) * x) + x) / _a3_);{'d0': {'_a3_': 0.5633373079168255, '_a5_': 0.6238594155091048, '_a6_': -0.0981676447550776, '_a0_': 1.0, '_a1_': 1.0, '_a2_': 1.0, '_a4_': 1.0, '_a7_': 1.0}};{'d0': 0.024905832919416608};-280.569866449044;38.93621114094359
3484;-107.269323132608;(((((x * (x + _a5_)) / _a2_) * x) + x) / _a3_);{'d0': {'_a2_': 0.5256917705728227, '_a3_': 0.5633373079097351, '_a5_': 0.6238594156397339, '_a0_': 1.0, '_a1_': 1.0, '_a4_': 1.0, '_a6_': 1.0, '_a7_': 1.0}};{'d0': 0.024905832919416622};-280.569866449044;33.015610091913594
3485;-107.269323132608;(((((x * (x + _a5_)) / _a2_) * x) + x) / _a3_);{'d0': {'_a2_': 0.5256917705728227, '_a3_': 0.5633373079097351, '_a5_': 0.6238594156397339, '_a0_': 1.0, '_a1_': 1.0, '_a4_': 1.0, '_a6_': 1.0, '_a7_': 1.0}};{'d0': 0.024905832919416622};-280.569866449044;33.015610091913594
3486;-107.269323132608;(((((x * (x + _a5_)) / _a2_) * x) + x) / _a3_);{'d0': {'_a2_': 0.5256917705728227, '_a3_': 0.5633373079097351, '_a5_': 0.6238594156397339, '_a0_': 1.0, '_a1_': 1.0, '_a4_': 1.0, '_a6_': 1.0, '_a7_': 1.0}};{'d0': 0.024905832919416622};-280.569866449044;33.015610091913594
3487;-107.269323132608;(((((x * (x + _a5_)) / _a2_) * x) + x) / _a3_);{'d0': {'_a2_': 0.5256917705728227, '_a3_': 0.5633373079097351, '_a5_': 0.6238594156397339, '_a0_': 1.0, '_a1_': 1.0, '_a4_': 1.0, '_a6_': 1.0, '_a7_': 1.0}};{'d0': 0.024905832919416622};-280.569866449044;33.015610091913594
3488;-107.269323132608;(((((x * (x + _a5_)) / _a2_) * x) + x) / _a3_);{'d0': {'_a2_': 0.5256917705728227, '_a3_': 0.5633373079097351, '_a5_': 0.6238594156397339, '_a0_': 1.0, '_a1_': 1.0, '_a4_': 1.0, '_a6_': 1.0, '_a7_': 1.0}};{'d0': 0.024905832919416622};-280.569866449044;33.015610091913594
3489;-107.269323132608;(((((x * (x + _a5_)) / _a2_) * x) + x) / _a3_);{'d0': {'_a2_': 0.5256917705728227, '_a3_': 0.5633373079097351, '_a5_': 0.6238594156397339, '_a0_': 1.0, '_a1_': 1.0, '_a4_': 1.0, '_a6_': 1.0, '_a7_': 1.0}};{'d0': 0.024905832919416622};-280.569866449044;33.015610091913594
3490;-107.269323132608;(((((x * (x + _a5_)) / _a2_) * x) + x) / _a3_);{'d0': {'_a2_': 0.5256917705728227, '_a3_': 0.5633373079097351, '_a5_': 0.6238594156397339, '_a0_': 1.0, '_a1_': 1.0, '_a4_': 1.0, '_a6_': 1.0, '_a7_': 1.0}};{'d0': 0.024905832919416622};-280.569866449044;33.015610091913594
3491;-107.269323132608;(((((x * (x + _a5_)) / _a2_) * x) + x) / _a3_);{'d0': {'_a2_': 0.5256917705728227, '_a3_': 0.5633373079097351, '_a5_': 0.6238594156397339, '_a0_': 1.0, '_a1_': 1.0, '_a4_': 1.0, '_a6_': 1.0, '_a7_': 1.0}};{'d0': 0.024905832919416622};-280.569866449044;33.015610091913594
3492;-107.269323132608;(((((x * (x + _a5_)) / _a2_) * x) + x) / _a3_);{'d0': {'_a2_': 0.5256917705728227, '_a3_': 0.5633373079097351, '_a5_': 0.6238594156397339, '_a0_': 1.0, '_a1_': 1.0, '_a4_': 1.0, '_a6_': 1.0, '_a7_': 1.0}};{'d0': 0.024905832919416622};-280.569866449044;33.015610091913594
3493;-107.269323132608;(((((x * (x + _a5_)) / _a2_) * x) + x) / _a3_);{'d0': {'_a2_': 0.5256917705728227, '_a3_': 0.5633373079097351, '_a5_': 0.6238594156397339, '_a0_': 1.0, '_a1_': 1.0, '_a4_': 1.0, '_a6_': 1.0, '_a7_': 1.0}};{'d0': 0.024905832919416622};-280.569866449044;33.015610091913594
3494;-102.392340493473;(((((x * (x + _a5_)) / _a2_) * x) + x) / (_a0_ * _a0_));{'d0': {'_a0_': 0.7505579978206984, '_a2_': 0.5256917701343516, '_a5_': 0.6238594155426164, '_a1_': 1.0, '_a3_': 1.0, '_a4_': 1.0, '_a6_': 1.0, '_a7_': 1.0}};{'d0': 0.024905832919416636};-280.569866449044;37.892592731048595
3495;-102.392340493473;(((((x * (x + _a5_)) / _a2_) * x) + x) / (_a0_ * _a0_));{'d0': {'_a0_': 0.7505579978206984, '_a2_': 0.5256917701343516, '_a5_': 0.6238594155426164, '_a1_': 1.0, '_a3_': 1.0, '_a4_': 1.0, '_a6_': 1.0, '_a7_': 1.0}};{'d0': 0.024905832919416636};-280.569866449044;37.892592731048595
3496;-107.269323132608;(((((x * (x + _a5_)) / _a2_) * x) + x) / _a3_);{'d0': {'_a2_': 0.5256917705728227, '_a3_': 0.5633373079097351, '_a5_': 0.6238594156397339, '_a0_': 1.0, '_a1_': 1.0, '_a4_': 1.0, '_a6_': 1.0, '_a7_': 1.0}};{'d0': 0.024905832919416622};-280.569866449044;33.015610091913594
3497;-107.269323132608;(((((x * (x + _a5_)) / _a2_) * x) + x) / _a3_);{'d0': {'_a2_': 0.5256917705728227, '_a3_': 0.5633373079097351, '_a5_': 0.6238594156397339, '_a0_': 1.0, '_a1_': 1.0, '_a4_': 1.0, '_a6_': 1.0, '_a7_': 1.0}};{'d0': 0.024905832919416622};-280.569866449044;33.015610091913594
3498;-107.269323132608;(((((x * (x + _a5_)) / _a2_) * x) + x) / _a3_);{'d0': {'_a2_': 0.5256917705728227, '_a3_': 0.5633373079097351, '_a5_': 0.6238594156397339, '_a0_': 1.0, '_a1_': 1.0, '_a4_': 1.0, '_a6_': 1.0, '_a7_': 1.0}};{'d0': 0.024905832919416622};-280.569866449044;33.015610091913594
3499;-107.269323132608;(((((x * (x + _a5_)) / _a2_) * x) + x) / _a3_);{'d0': {'_a2_': 0.5256917705728227, '_a3_': 0.5633373079097351, '_a5_': 0.6238594156397339, '_a0_': 1.0, '_a1_': 1.0, '_a4_': 1.0, '_a6_': 1.0, '_a7_': 1.0}};{'d0': 0.024905832919416622};-280.569866449044;33.015610091913594
3500;-107.269323132608;(((((x * (x + _a5_)) / _a2_) * x) + x) / _a3_);{'d0': {'_a2_': 0.5256917705728227, '_a3_': 0.5633373079097351, '_a5_': 0.6238594156397339, '_a0_': 1.0, '_a1_': 1.0, '_a4_': 1.0, '_a6_': 1.0, '_a7_': 1.0}};{'d0': 0.024905832919416622};-280.569866449044;33.015610091913594
3501;-107.269323132608;(((((x * (x + _a5_)) / _a2_) * x) + x) / _a3_);{'d0': {'_a2_': 0.5256917705728227, '_a3_': 0.5633373079097351, '_a5_': 0.6238594156397339, '_a0_': 1.0, '_a1_': 1.0, '_a4_': 1.0, '_a6_': 1.0, '_a7_': 1.0}};{'d0': 0.024905832919416622};-280.569866449044;33.015610091913594
3502;-107.269323132608;(((((x * (x + _a5_)) / _a2_) * x) + x) / _a3_);{'d0': {'_a2_': 0.5256917705728227, '_a3_': 0.5633373079097351, '_a5_': 0.6238594156397339, '_a0_': 1.0, '_a1_': 1.0, '_a4_': 1.0, '_a6_': 1.0, '_a7_': 1.0}};{'d0': 0.024905832919416622};-280.569866449044;33.015610091913594
3503;-107.269323132608;(((((x * (x + _a5_)) / _a2_) * x) + x) / _a3_);{'d0': {'_a2_': 0.5256917705728227, '_a3_': 0.5633373079097351, '_a5_': 0.6238594156397339, '_a0_': 1.0, '_a1_': 1.0, '_a4_': 1.0, '_a6_': 1.0, '_a7_': 1.0}};{'d0': 0.024905832919416622};-280.569866449044;33.015610091913594
3504;-91.1925317685795;((pow2(-((x + _a7_))) * _a0_) + (pow3(((_a3_ * x) + _a1_)) / _a3_));{'d0': {'_a0_': 1.1525869681550396, '_a1_': -0.5917807513271419, '_a3_': -1.839162352060653, '_a7_': -0.314093609054568, '_a2_': 1.0, '_a4_': 1.0, '_a5_': 1.0, '_a6_': 1.0}};{'d0': 0.024885482501866764};-276.524567593313;47.069752028076785
3505;-91.1925317685795;((pow2(-((x + _a7_))) * _a0_) + (pow3(((_a3_ * x) + _a1_)) / _a3_));{'d0': {'_a0_': 1.1525869681550396, '_a1_': -0.5917807513271419, '_a3_': -1.839162352060653, '_a7_': -0.314093609054568, '_a2_': 1.0, '_a4_': 1.0, '_a5_': 1.0, '_a6_': 1.0}};{'d0': 0.024885482501866764};-276.524567593313;47.069752028076785
3506;-91.1925317685795;((pow2(-((x + _a7_))) * _a0_) + (pow3(((_a3_ * x) + _a1_)) / _a3_));{'d0': {'_a0_': 1.1525869681550396, '_a1_': -0.5917807513271419, '_a3_': -1.839162352060653, '_a7_': -0.314093609054568, '_a2_': 1.0, '_a4_': 1.0, '_a5_': 1.0, '_a6_': 1.0}};{'d0': 0.024885482501866764};-276.524567593313;47.069752028076785
3507;-91.1925317685795;((pow2(-((x + _a7_))) * _a0_) + (pow3(((_a3_ * x) + _a1_)) / _a3_));{'d0': {'_a0_': 1.1525869681550396, '_a1_': -0.5917807513271419, '_a3_': -1.839162352060653, '_a7_': -0.314093609054568, '_a2_': 1.0, '_a4_': 1.0, '_a5_': 1.0, '_a6_': 1.0}};{'d0': 0.024885482501866764};-276.524567593313;47.069752028076785
3508;-86.3155491294443;((pow2(-((x + (_a2_ * _a0_)))) * _a0_) + (pow3(((_a3_ * x) + _a1_)) / _a3_));{'d0': {'_a0_': 1.152586980395007, '_a1_': -0.5917807519118677, '_a2_': -0.2725118454114466, '_a3_': -1.8391623479702524, '_a4_': 1.0, '_a5_': 1.0, '_a6_': 1.0, '_a7_': 1.0}};{'d0': 0.024885482501866948};-276.524567593312;51.946734667211786
3509;-86.3155491294443;((pow2(-((x + (_a2_ * _a0_)))) * _a0_) + (pow3(((_a3_ * x) + _a1_)) / _a3_));{'d0': {'_a0_': 1.152586980395007, '_a1_': -0.5917807519118677, '_a2_': -0.2725118454114466, '_a3_': -1.8391623479702524, '_a4_': 1.0, '_a5_': 1.0, '_a6_': 1.0, '_a7_': 1.0}};{'d0': 0.024885482501866948};-276.524567593312;51.946734667211786
3510;-86.3155491294443;((pow2(-((x + (_a2_ * _a0_)))) * _a0_) + (pow3(((_a3_ * x) + _a1_)) / _a3_));{'d0': {'_a0_': 1.152586980395007, '_a1_': -0.5917807519118677, '_a2_': -0.2725118454114466, '_a3_': -1.8391623479702524, '_a4_': 1.0, '_a5_': 1.0, '_a6_': 1.0, '_a7_': 1.0}};{'d0': 0.024885482501866948};-276.524567593312;51.946734667211786
3511;-86.3155491294443;((pow2(-((x + (_a2_ * _a0_)))) * _a0_) + (pow3(((_a3_ * x) + _a1_)) / _a3_));{'d0': {'_a0_': 1.152586980395007, '_a1_': -0.5917807519118677, '_a2_': -0.2725118454114466, '_a3_': -1.8391623479702524, '_a4_': 1.0, '_a5_': 1.0, '_a6_': 1.0, '_a7_': 1.0}};{'d0': 0.024885482501866948};-276.524567593312;51.946734667211786
3512;-86.3155491294443;((pow2(-((x + (_a2_ * _a0_)))) * _a0_) + (pow3(((_a3_ * x) + _a1_)) / _a3_));{'d0': {'_a0_': 1.152586980395007, '_a1_': -0.5917807519118677, '_a2_': -0.2725118454114466, '_a3_': -1.8391623479702524, '_a4_': 1.0, '_a5_': 1.0, '_a6_': 1.0, '_a7_': 1.0}};{'d0': 0.024885482501866948};-276.524567593312;51.946734667211786
3513;-86.3155491294443;((pow2(-((x + (_a2_ * _a0_)))) * _a0_) + (pow3(((_a3_ * x) + _a1_)) / _a3_));{'d0': {'_a0_': 1.152586980395007, '_a1_': -0.5917807519118677, '_a2_': -0.2725118454114466, '_a3_': -1.8391623479702524, '_a4_': 1.0, '_a5_': 1.0, '_a6_': 1.0, '_a7_': 1.0}};{'d0': 0.024885482501866948};-276.524567593312;51.946734667211786
3514;-107.269323132608;(((((x * (x + _a5_)) / _a2_) * x) + x) / _a3_);{'d0': {'_a2_': 0.5256917705728227, '_a3_': 0.5633373079097351, '_a5_': 0.6238594156397339, '_a0_': 1.0, '_a1_': 1.0, '_a4_': 1.0, '_a6_': 1.0, '_a7_': 1.0}};{'d0': 0.024905832919416622};-280.569866449044;33.015610091913594
3515;-107.269323132608;(((((x * (x + _a5_)) / _a2_) * x) + x) / _a3_);{'d0': {'_a2_': 0.5256917705728227, '_a3_': 0.5633373079097351, '_a5_': 0.6238594156397339, '_a0_': 1.0, '_a1_': 1.0, '_a4_': 1.0, '_a6_': 1.0, '_a7_': 1.0}};{'d0': 0.024905832919416622};-280.569866449044;33.015610091913594
3516;-107.269323132608;(((((x * (x + _a5_)) / _a2_) * x) + x) / _a3_);{'d0': {'_a2_': 0.5256917705728227, '_a3_': 0.5633373079097351, '_a5_': 0.6238594156397339, '_a0_': 1.0, '_a1_': 1.0, '_a4_': 1.0, '_a6_': 1.0, '_a7_': 1.0}};{'d0': 0.024905832919416622};-280.569866449044;33.015610091913594
3517;-107.269323132608;(((((x * (x + _a5_)) / _a2_) * x) + x) / _a3_);{'d0': {'_a2_': 0.5256917705728227, '_a3_': 0.5633373079097351, '_a5_': 0.6238594156397339, '_a0_': 1.0, '_a1_': 1.0, '_a4_': 1.0, '_a6_': 1.0, '_a7_': 1.0}};{'d0': 0.024905832919416622};-280.569866449044;33.015610091913594
3518;-107.269323132608;(((((x * (x + _a5_)) / _a2_) * x) + x) / _a3_);{'d0': {'_a2_': 0.5256917705728227, '_a3_': 0.5633373079097351, '_a5_': 0.6238594156397339, '_a0_': 1.0, '_a1_': 1.0, '_a4_': 1.0, '_a6_': 1.0, '_a7_': 1.0}};{'d0': 0.024905832919416622};-280.569866449044;33.015610091913594
3519;-107.269323132608;(((((x * (x + _a5_)) / _a2_) * x) + x) / _a3_);{'d0': {'_a2_': 0.5256917705728227, '_a3_': 0.5633373079097351, '_a5_': 0.6238594156397339, '_a0_': 1.0, '_a1_': 1.0, '_a4_': 1.0, '_a6_': 1.0, '_a7_': 1.0}};{'d0': 0.024905832919416622};-280.569866449044;33.015610091913594
3520;-107.269323132608;(((((x * (x + _a5_)) / _a2_) * x) + x) / _a3_);{'d0': {'_a2_': 0.5256917705728227, '_a3_': 0.5633373079097351, '_a5_': 0.6238594156397339, '_a0_': 1.0, '_a1_': 1.0, '_a4_': 1.0, '_a6_': 1.0, '_a7_': 1.0}};{'d0': 0.024905832919416622};-280.569866449044;33.015610091913594
3521;-107.269323132608;(((((x * (x + _a5_)) / _a2_) * x) + x) / _a3_);{'d0': {'_a2_': 0.5256917705728227, '_a3_': 0.5633373079097351, '_a5_': 0.6238594156397339, '_a0_': 1.0, '_a1_': 1.0, '_a4_': 1.0, '_a6_': 1.0, '_a7_': 1.0}};{'d0': 0.024905832919416622};-280.569866449044;33.015610091913594
3522;-107.269323132608;(((((x * (x + _a5_)) / _a2_) * x) + x) / _a3_);{'d0': {'_a2_': 0.5256917705728227, '_a3_': 0.5633373079097351, '_a5_': 0.6238594156397339, '_a0_': 1.0, '_a1_': 1.0, '_a4_': 1.0, '_a6_': 1.0, '_a7_': 1.0}};{'d0': 0.024905832919416622};-280.569866449044;33.015610091913594
3523;-107.269323132608;(((((x * (x + _a5_)) / _a2_) * x) + x) / _a3_);{'d0': {'_a2_': 0.5256917705728227, '_a3_': 0.5633373079097351, '_a5_': 0.6238594156397339, '_a0_': 1.0, '_a1_': 1.0, '_a4_': 1.0, '_a6_': 1.0, '_a7_': 1.0}};{'d0': 0.024905832919416622};-280.569866449044;33.015610091913594
3524;-107.269323132608;(((((x * (x + _a5_)) / _a2_) * x) + x) / _a3_);{'d0': {'_a2_': 0.5256917705728227, '_a3_': 0.5633373079097351, '_a5_': 0.6238594156397339, '_a0_': 1.0, '_a1_': 1.0, '_a4_': 1.0, '_a6_': 1.0, '_a7_': 1.0}};{'d0': 0.024905832919416622};-280.569866449044;33.015610091913594
3525;-107.269323132608;(((((x * (x + _a5_)) / _a2_) * x) + x) / _a3_);{'d0': {'_a2_': 0.5256917705728227, '_a3_': 0.5633373079097351, '_a5_': 0.6238594156397339, '_a0_': 1.0, '_a1_': 1.0, '_a4_': 1.0, '_a6_': 1.0, '_a7_': 1.0}};{'d0': 0.024905832919416622};-280.569866449044;33.015610091913594
3526;-107.269323132608;(((((x * (x + _a5_)) / _a2_) * x) + x) / _a3_);{'d0': {'_a2_': 0.5256917705728227, '_a3_': 0.5633373079097351, '_a5_': 0.6238594156397339, '_a0_': 1.0, '_a1_': 1.0, '_a4_': 1.0, '_a6_': 1.0, '_a7_': 1.0}};{'d0': 0.024905832919416622};-280.569866449044;33.015610091913594
3527;-107.269323132608;(((((x * (x + _a5_)) / _a2_) * x) + x) / _a3_);{'d0': {'_a2_': 0.5256917705728227, '_a3_': 0.5633373079097351, '_a5_': 0.6238594156397339, '_a0_': 1.0, '_a1_': 1.0, '_a4_': 1.0, '_a6_': 1.0, '_a7_': 1.0}};{'d0': 0.024905832919416622};-280.569866449044;33.015610091913594
3528;-107.269323132608;(((((x * (x + _a5_)) / _a2_) * x) + x) / _a3_);{'d0': {'_a2_': 0.5256917705728227, '_a3_': 0.5633373079097351, '_a5_': 0.6238594156397339, '_a0_': 1.0, '_a1_': 1.0, '_a4_': 1.0, '_a6_': 1.0, '_a7_': 1.0}};{'d0': 0.024905832919416622};-280.569866449044;33.015610091913594
3529;-107.269323132608;(((((x * (x + _a5_)) / _a2_) * x) + x) / _a3_);{'d0': {'_a2_': 0.5256917705728227, '_a3_': 0.5633373079097351, '_a5_': 0.6238594156397339, '_a0_': 1.0, '_a1_': 1.0, '_a4_': 1.0, '_a6_': 1.0, '_a7_': 1.0}};{'d0': 0.024905832919416622};-280.569866449044;33.015610091913594
3530;-107.269323132608;(((((x * (x + _a5_)) / _a2_) * x) + x) / _a3_);{'d0': {'_a2_': 0.5256917705728227, '_a3_': 0.5633373079097351, '_a5_': 0.6238594156397339, '_a0_': 1.0, '_a1_': 1.0, '_a4_': 1.0, '_a6_': 1.0, '_a7_': 1.0}};{'d0': 0.024905832919416622};-280.569866449044;33.015610091913594
3531;-107.269323132608;(((((x * (x + _a5_)) / _a2_) * x) + x) / _a3_);{'d0': {'_a2_': 0.5256917705728227, '_a3_': 0.5633373079097351, '_a5_': 0.6238594156397339, '_a0_': 1.0, '_a1_': 1.0, '_a4_': 1.0, '_a6_': 1.0, '_a7_': 1.0}};{'d0': 0.024905832919416622};-280.569866449044;33.015610091913594
3532;-107.269323132608;(((((x * (x + _a5_)) / _a2_) * x) + x) / _a3_);{'d0': {'_a2_': 0.5256917705728227, '_a3_': 0.5633373079097351, '_a5_': 0.6238594156397339, '_a0_': 1.0, '_a1_': 1.0, '_a4_': 1.0, '_a6_': 1.0, '_a7_': 1.0}};{'d0': 0.024905832919416622};-280.569866449044;33.015610091913594
3533;-107.269323132608;(((((x * (x + _a5_)) / _a2_) * x) + x) / _a3_);{'d0': {'_a2_': 0.5256917705728227, '_a3_': 0.5633373079097351, '_a5_': 0.6238594156397339, '_a0_': 1.0, '_a1_': 1.0, '_a4_': 1.0, '_a6_': 1.0, '_a7_': 1.0}};{'d0': 0.024905832919416622};-280.569866449044;33.015610091913594
3534;-107.269323132608;(((((x * (x + _a5_)) / _a2_) * x) + x) / _a3_);{'d0': {'_a2_': 0.5256917705728227, '_a3_': 0.5633373079097351, '_a5_': 0.6238594156397339, '_a0_': 1.0, '_a1_': 1.0, '_a4_': 1.0, '_a6_': 1.0, '_a7_': 1.0}};{'d0': 0.024905832919416622};-280.569866449044;33.015610091913594
3535;-107.269323132608;(((((x * (x + _a5_)) / _a2_) * x) + x) / _a3_);{'d0': {'_a2_': 0.5256917705728227, '_a3_': 0.5633373079097351, '_a5_': 0.6238594156397339, '_a0_': 1.0, '_a1_': 1.0, '_a4_': 1.0, '_a6_': 1.0, '_a7_': 1.0}};{'d0': 0.024905832919416622};-280.569866449044;33.015610091913594
3536;-107.269323132608;(((((x * (x + _a5_)) / _a2_) * x) + x) / _a3_);{'d0': {'_a2_': 0.5256917705728227, '_a3_': 0.5633373079097351, '_a5_': 0.6238594156397339, '_a0_': 1.0, '_a1_': 1.0, '_a4_': 1.0, '_a6_': 1.0, '_a7_': 1.0}};{'d0': 0.024905832919416622};-280.569866449044;33.015610091913594
3537;-86.3155491294444;((pow2(-((x + (_a2_ * _a6_)))) * _a0_) + (pow3(((_a3_ * x) + _a2_)) / _a3_));{'d0': {'_a0_': 1.1525869664679842, '_a2_': -0.5917807510954447, '_a3_': -1.8391623526086611, '_a6_': 0.5307600981726545, '_a1_': 1.0, '_a4_': 1.0, '_a5_': 1.0, '_a7_': 1.0}};{'d0': 0.02488548250186688};-276.524567593312;51.946734667211786
3538;-86.3155491294444;((pow2(-((x + (_a2_ * _a6_)))) * _a0_) + (pow3(((_a3_ * x) + _a2_)) / _a3_));{'d0': {'_a0_': 1.1525869664679842, '_a2_': -0.5917807510954447, '_a3_': -1.8391623526086611, '_a6_': 0.5307600981726545, '_a1_': 1.0, '_a4_': 1.0, '_a5_': 1.0, '_a7_': 1.0}};{'d0': 0.02488548250186688};-276.524567593312;51.946734667211786
3539;-86.3155491294444;((pow2(-((x + (_a2_ * _a6_)))) * _a0_) + (pow3(((_a3_ * x) + _a2_)) / _a3_));{'d0': {'_a0_': 1.1525869664679842, '_a2_': -0.5917807510954447, '_a3_': -1.8391623526086611, '_a6_': 0.5307600981726545, '_a1_': 1.0, '_a4_': 1.0, '_a5_': 1.0, '_a7_': 1.0}};{'d0': 0.02488548250186688};-276.524567593312;51.946734667211786
3540;-86.3155491294444;((pow2(-((x + (_a2_ * _a6_)))) * _a0_) + (pow3(((_a3_ * x) + _a2_)) / _a3_));{'d0': {'_a0_': 1.1525869664679842, '_a2_': -0.5917807510954447, '_a3_': -1.8391623526086611, '_a6_': 0.5307600981726545, '_a1_': 1.0, '_a4_': 1.0, '_a5_': 1.0, '_a7_': 1.0}};{'d0': 0.02488548250186688};-276.524567593312;51.946734667211786
3541;-86.3155491294444;((pow2(-((x + (_a2_ * _a6_)))) * _a0_) + (pow3(((_a3_ * x) + _a2_)) / _a3_));{'d0': {'_a0_': 1.1525869664679842, '_a2_': -0.5917807510954447, '_a3_': -1.8391623526086611, '_a6_': 0.5307600981726545, '_a1_': 1.0, '_a4_': 1.0, '_a5_': 1.0, '_a7_': 1.0}};{'d0': 0.02488548250186688};-276.524567593312;51.946734667211786
3542;-86.3155491294446;((pow2(-((x + (_a3_ * _a6_)))) * _a0_) + (pow3(((_a3_ * x) + _a2_)) / _a3_));{'d0': {'_a0_': 1.1525869748416686, '_a2_': -0.5917807516397857, '_a3_': -1.8391623500574776, '_a6_': 0.17078079418061035, '_a1_': 1.0, '_a4_': 1.0, '_a5_': 1.0, '_a7_': 1.0}};{'d0': 0.024885482501866736};-276.524567593313;51.946734667211786
3543;-86.3155491294446;((pow2(-((x + (_a3_ * _a6_)))) * _a0_) + (pow3(((_a3_ * x) + _a2_)) / _a3_));{'d0': {'_a0_': 1.1525869748416686, '_a2_': -0.5917807516397857, '_a3_': -1.8391623500574776, '_a6_': 0.17078079418061035, '_a1_': 1.0, '_a4_': 1.0, '_a5_': 1.0, '_a7_': 1.0}};{'d0': 0.024885482501866736};-276.524567593313;51.946734667211786
3544;-86.3155491294444;((pow2(-((x + (_a3_ * _a6_)))) * _a0_) + (pow3(((_a3_ * x) + _a4_)) / _a3_));{'d0': {'_a0_': -4.778967192118748, '_a3_': -1.839162352271568, '_a4_': 0.4832655697955851, '_a6_': -0.06109800324145678, '_a1_': 1.0, '_a2_': 1.0, '_a5_': 1.0, '_a7_': 1.0}};{'d0': 0.024885482501866892};-276.524567593312;51.946734667211786
3545;-86.3155491294444;((pow2(-((x + (_a3_ * _a6_)))) * _a0_) + (pow3(((_a3_ * x) + _a4_)) / _a3_));{'d0': {'_a0_': -4.778967192118748, '_a3_': -1.839162352271568, '_a4_': 0.4832655697955851, '_a6_': -0.06109800324145678, '_a1_': 1.0, '_a2_': 1.0, '_a5_': 1.0, '_a7_': 1.0}};{'d0': 0.024885482501866892};-276.524567593312;51.946734667211786
3546;-86.3155491294444;((pow2(-((x + (_a3_ * _a6_)))) * _a0_) + (pow3(((_a3_ * x) + _a4_)) / _a3_));{'d0': {'_a0_': -4.778967192118748, '_a3_': -1.839162352271568, '_a4_': 0.4832655697955851, '_a6_': -0.06109800324145678, '_a1_': 1.0, '_a2_': 1.0, '_a5_': 1.0, '_a7_': 1.0}};{'d0': 0.024885482501866892};-276.524567593312;51.946734667211786
3547;-86.3155491294444;((pow2(-((x + (_a3_ * _a6_)))) * _a0_) + (pow3(((_a3_ * x) + _a4_)) / _a3_));{'d0': {'_a0_': -4.778967192118748, '_a3_': -1.839162352271568, '_a4_': 0.4832655697955851, '_a6_': -0.06109800324145678, '_a1_': 1.0, '_a2_': 1.0, '_a5_': 1.0, '_a7_': 1.0}};{'d0': 0.024885482501866892};-276.524567593312;51.946734667211786
3548;-86.3155491294444;((pow2(-((x + (_a3_ * _a6_)))) * _a0_) + (pow3(((_a3_ * x) + _a4_)) / _a3_));{'d0': {'_a0_': -4.778967192118748, '_a3_': -1.839162352271568, '_a4_': 0.4832655697955851, '_a6_': -0.06109800324145678, '_a1_': 1.0, '_a2_': 1.0, '_a5_': 1.0, '_a7_': 1.0}};{'d0': 0.024885482501866892};-276.524567593312;51.946734667211786
3549;-86.3155491294444;((pow2(-((x + (_a3_ * _a6_)))) * _a0_) + (pow3(((_a3_ * x) + _a4_)) / _a3_));{'d0': {'_a0_': -4.778967192118748, '_a3_': -1.839162352271568, '_a4_': 0.4832655697955851, '_a6_': -0.06109800324145678, '_a1_': 1.0, '_a2_': 1.0, '_a5_': 1.0, '_a7_': 1.0}};{'d0': 0.024885482501866892};-276.524567593312;51.946734667211786
3550;-86.3155491294443;((pow2(-((x + (_a3_ * _a6_)))) * _a0_) + (pow3(((_a3_ * x) + _a4_)) / _a6_));{'d0': {'_a0_': -4.778967207733041, '_a3_': -0.7851846581488261, '_a4_': 0.20631822492236881, '_a6_': -0.14311174537815832, '_a1_': 1.0, '_a2_': 1.0, '_a5_': 1.0, '_a7_': 1.0}};{'d0': 0.024885482501866937};-276.524567593312;51.946734667211786
3551;-86.3155491294443;((pow2(-((x + (_a3_ * _a6_)))) * _a0_) + (pow3(((_a3_ * x) + _a4_)) / _a6_));{'d0': {'_a0_': -4.778967207733041, '_a3_': -0.7851846581488261, '_a4_': 0.20631822492236881, '_a6_': -0.14311174537815832, '_a1_': 1.0, '_a2_': 1.0, '_a5_': 1.0, '_a7_': 1.0}};{'d0': 0.024885482501866937};-276.524567593312;51.946734667211786
3552;-86.3155491294443;((pow2(-((x + (_a3_ * _a6_)))) * _a0_) + (pow3(((_a3_ * x) + _a4_)) / _a6_));{'d0': {'_a0_': -4.778967207733041, '_a3_': -0.7851846581488261, '_a4_': 0.20631822492236881, '_a6_': -0.14311174537815832, '_a1_': 1.0, '_a2_': 1.0, '_a5_': 1.0, '_a7_': 1.0}};{'d0': 0.024885482501866937};-276.524567593312;51.946734667211786
3553;-100.690758007592;((_a5_ + pow3(((_a3_ + x) * _a7_))) + -((_a2_ * x)));{'d0': {'_a2_': -1.334854066397953, '_a3_': 0.20818372328481144, '_a5_': -0.03154389981619406, '_a7_': 1.501112976717057, '_a0_': 1.0, '_a1_': 1.0, '_a4_': 1.0, '_a6_': 1.0}};{'d0': 0.024885482501866982};-276.524567593312;37.57152578906441
3554;-100.690758007592;((_a5_ + pow3(((_a3_ + x) * _a7_))) + -((_a2_ * x)));{'d0': {'_a2_': -1.334854066397953, '_a3_': 0.20818372328481144, '_a5_': -0.03154389981619406, '_a7_': 1.501112976717057, '_a0_': 1.0, '_a1_': 1.0, '_a4_': 1.0, '_a6_': 1.0}};{'d0': 0.024885482501866982};-276.524567593312;37.57152578906441
3555;-100.690758007592;((_a5_ + pow3(((_a3_ + x) * _a7_))) + -((_a2_ * x)));{'d0': {'_a2_': -1.334854066397953, '_a3_': 0.20818372328481144, '_a5_': -0.03154389981619406, '_a7_': 1.501112976717057, '_a0_': 1.0, '_a1_': 1.0, '_a4_': 1.0, '_a6_': 1.0}};{'d0': 0.024885482501866982};-276.524567593312;37.57152578906441
3556;-100.690758007592;((_a5_ + pow3(((_a3_ + x) * _a7_))) + -((_a2_ * x)));{'d0': {'_a2_': -1.334854066397953, '_a3_': 0.20818372328481144, '_a5_': -0.03154389981619406, '_a7_': 1.501112976717057, '_a0_': 1.0, '_a1_': 1.0, '_a4_': 1.0, '_a6_': 1.0}};{'d0': 0.024885482501866982};-276.524567593312;37.57152578906441
3557;-100.690758007592;((_a5_ + pow3(((_a3_ + x) * _a7_))) + -((_a2_ * x)));{'d0': {'_a2_': -1.334854066397953, '_a3_': 0.20818372328481144, '_a5_': -0.03154389981619406, '_a7_': 1.501112976717057, '_a0_': 1.0, '_a1_': 1.0, '_a4_': 1.0, '_a6_': 1.0}};{'d0': 0.024885482501866982};-276.524567593312;37.57152578906441
3558;-100.690758007592;((_a5_ + pow3(((_a3_ + x) * _a7_))) + -((_a2_ * x)));{'d0': {'_a2_': -1.334854066397953, '_a3_': 0.20818372328481144, '_a5_': -0.03154389981619406, '_a7_': 1.501112976717057, '_a0_': 1.0, '_a1_': 1.0, '_a4_': 1.0, '_a6_': 1.0}};{'d0': 0.024885482501866982};-276.524567593312;37.57152578906441
3559;-97.0103057693306;-(((_a5_ + pow3(((_a3_ + x) * _a7_))) + -((_a2_ * x))));{'d0': {'_a2_': 1.3348540745016082, '_a3_': 0.20818372239082325, '_a5_': 0.031543895485547806, '_a7_': -1.5011129734898556, '_a0_': 1.0, '_a1_': 1.0, '_a4_': 1.0, '_a6_': 1.0}};{'d0': 0.02488548250186686};-276.524567593312;41.25197802732558
3560;-97.0103057693306;-(((_a5_ + pow3(((_a3_ + x) * _a7_))) + -((_a2_ * x))));{'d0': {'_a2_': 1.3348540745016082, '_a3_': 0.20818372239082325, '_a5_': 0.031543895485547806, '_a7_': -1.5011129734898556, '_a0_': 1.0, '_a1_': 1.0, '_a4_': 1.0, '_a6_': 1.0}};{'d0': 0.02488548250186686};-276.524567593312;41.25197802732558
3561;-97.0103057693306;-(((_a5_ + pow3(((_a3_ + x) * _a7_))) + -((_a2_ * x))));{'d0': {'_a2_': 1.3348540745016082, '_a3_': 0.20818372239082325, '_a5_': 0.031543895485547806, '_a7_': -1.5011129734898556, '_a0_': 1.0, '_a1_': 1.0, '_a4_': 1.0, '_a6_': 1.0}};{'d0': 0.02488548250186686};-276.524567593312;41.25197802732558
3562;-97.0103057693306;-(((_a5_ + pow3(((_a3_ + x) * _a7_))) + -((_a2_ * x))));{'d0': {'_a2_': 1.3348540745016082, '_a3_': 0.20818372239082325, '_a5_': 0.031543895485547806, '_a7_': -1.5011129734898556, '_a0_': 1.0, '_a1_': 1.0, '_a4_': 1.0, '_a6_': 1.0}};{'d0': 0.02488548250186686};-276.524567593312;41.25197802732558
3563;-97.0103057693306;-(((_a5_ + pow3(((_a3_ + x) * _a7_))) + -((_a2_ * x))));{'d0': {'_a2_': 1.3348540745016082, '_a3_': 0.20818372239082325, '_a5_': 0.031543895485547806, '_a7_': -1.5011129734898556, '_a0_': 1.0, '_a1_': 1.0, '_a4_': 1.0, '_a6_': 1.0}};{'d0': 0.02488548250186686};-276.524567593312;41.25197802732558
3564;-97.0103057693306;-(((_a5_ + pow3(((_a3_ + x) * _a7_))) + -((_a2_ * x))));{'d0': {'_a2_': 1.3348540745016082, '_a3_': 0.20818372239082325, '_a5_': 0.031543895485547806, '_a7_': -1.5011129734898556, '_a0_': 1.0, '_a1_': 1.0, '_a4_': 1.0, '_a6_': 1.0}};{'d0': 0.02488548250186686};-276.524567593312;41.25197802732558
3565;-97.0103057693306;-(((_a5_ + pow3(((_a3_ + x) * _a7_))) + -((_a2_ * x))));{'d0': {'_a2_': 1.3348540745016082, '_a3_': 0.20818372239082325, '_a5_': 0.031543895485547806, '_a7_': -1.5011129734898556, '_a0_': 1.0, '_a1_': 1.0, '_a4_': 1.0, '_a6_': 1.0}};{'d0': 0.02488548250186686};-276.524567593312;41.25197802732558
3566;-97.0103057693306;-(((_a5_ + pow3(((_a3_ + x) * _a7_))) + -((_a2_ * x))));{'d0': {'_a2_': 1.3348540745016082, '_a3_': 0.20818372239082325, '_a5_': 0.031543895485547806, '_a7_': -1.5011129734898556, '_a0_': 1.0, '_a1_': 1.0, '_a4_': 1.0, '_a6_': 1.0}};{'d0': 0.02488548250186686};-276.524567593312;41.25197802732558
3567;-97.0103057693306;-(((_a5_ + pow3(((_a3_ + x) * _a7_))) + -((_a2_ * x))));{'d0': {'_a2_': 1.3348540745016082, '_a3_': 0.20818372239082325, '_a5_': 0.031543895485547806, '_a7_': -1.5011129734898556, '_a0_': 1.0, '_a1_': 1.0, '_a4_': 1.0, '_a6_': 1.0}};{'d0': 0.02488548250186686};-276.524567593312;41.25197802732558
3568;-97.0103057693306;-(((_a5_ + pow3(((_a3_ + x) * _a7_))) + -((_a2_ * x))));{'d0': {'_a2_': 1.3348540745016082, '_a3_': 0.20818372239082325, '_a5_': 0.031543895485547806, '_a7_': -1.5011129734898556, '_a0_': 1.0, '_a1_': 1.0, '_a4_': 1.0, '_a6_': 1.0}};{'d0': 0.02488548250186686};-276.524567593312;41.25197802732558
3569;-97.0103057693306;-(((_a5_ + pow3(((_a3_ + x) * _a7_))) + -((_a2_ * x))));{'d0': {'_a2_': 1.3348540745016082, '_a3_': 0.20818372239082325, '_a5_': 0.031543895485547806, '_a7_': -1.5011129734898556, '_a0_': 1.0, '_a1_': 1.0, '_a4_': 1.0, '_a6_': 1.0}};{'d0': 0.02488548250186686};-276.524567593312;41.25197802732558
3570;-97.0103057693306;-(((_a5_ + pow3(((_a3_ + x) * _a7_))) + -((_a2_ * x))));{'d0': {'_a2_': 1.3348540745016082, '_a3_': 0.20818372239082325, '_a5_': 0.031543895485547806, '_a7_': -1.5011129734898556, '_a0_': 1.0, '_a1_': 1.0, '_a4_': 1.0, '_a6_': 1.0}};{'d0': 0.02488548250186686};-276.524567593312;41.25197802732558
3571;-97.0103057693306;-(((_a5_ + pow3(((_a3_ + x) * _a7_))) + -((_a2_ * x))));{'d0': {'_a2_': 1.3348540745016082, '_a3_': 0.20818372239082325, '_a5_': 0.031543895485547806, '_a7_': -1.5011129734898556, '_a0_': 1.0, '_a1_': 1.0, '_a4_': 1.0, '_a6_': 1.0}};{'d0': 0.02488548250186686};-276.524567593312;41.25197802732558
3572;-97.0103057693306;-(((_a5_ + pow3(((_a3_ + x) * _a7_))) + -((_a2_ * x))));{'d0': {'_a2_': 1.3348540745016082, '_a3_': 0.20818372239082325, '_a5_': 0.031543895485547806, '_a7_': -1.5011129734898556, '_a0_': 1.0, '_a1_': 1.0, '_a4_': 1.0, '_a6_': 1.0}};{'d0': 0.02488548250186686};-276.524567593312;41.25197802732558
3573;-97.0103057693306;-(((_a5_ + pow3(((_a3_ + x) * _a7_))) + -((_a2_ * x))));{'d0': {'_a2_': 1.3348540745016082, '_a3_': 0.20818372239082325, '_a5_': 0.031543895485547806, '_a7_': -1.5011129734898556, '_a0_': 1.0, '_a1_': 1.0, '_a4_': 1.0, '_a6_': 1.0}};{'d0': 0.02488548250186686};-276.524567593312;41.25197802732558
3574;-97.0103057693306;-(((_a5_ + pow3(((_a3_ + x) * _a7_))) + -((_a2_ * x))));{'d0': {'_a2_': 1.3348540745016082, '_a3_': 0.20818372239082325, '_a5_': 0.031543895485547806, '_a7_': -1.5011129734898556, '_a0_': 1.0, '_a1_': 1.0, '_a4_': 1.0, '_a6_': 1.0}};{'d0': 0.02488548250186686};-276.524567593312;41.25197802732558
3575;-97.0103057693306;-(((_a5_ + pow3(((_a3_ + x) * _a7_))) + -((_a2_ * x))));{'d0': {'_a2_': 1.3348540745016082, '_a3_': 0.20818372239082325, '_a5_': 0.031543895485547806, '_a7_': -1.5011129734898556, '_a0_': 1.0, '_a1_': 1.0, '_a4_': 1.0, '_a6_': 1.0}};{'d0': 0.02488548250186686};-276.524567593312;41.25197802732558
3576;-97.0103057693306;-(((_a5_ + pow3(((_a3_ + x) * _a7_))) + -((_a2_ * x))));{'d0': {'_a2_': 1.3348540745016082, '_a3_': 0.20818372239082325, '_a5_': 0.031543895485547806, '_a7_': -1.5011129734898556, '_a0_': 1.0, '_a1_': 1.0, '_a4_': 1.0, '_a6_': 1.0}};{'d0': 0.02488548250186686};-276.524567593312;41.25197802732558
3577;-97.0103057693306;-(((_a5_ + pow3(((_a3_ + x) * _a7_))) + -((_a2_ * x))));{'d0': {'_a2_': 1.3348540745016082, '_a3_': 0.20818372239082325, '_a5_': 0.031543895485547806, '_a7_': -1.5011129734898556, '_a0_': 1.0, '_a1_': 1.0, '_a4_': 1.0, '_a6_': 1.0}};{'d0': 0.02488548250186686};-276.524567593312;41.25197802732558
3578;-97.0103057693306;-(((_a5_ + pow3(((_a3_ + x) * _a7_))) + -((_a2_ * x))));{'d0': {'_a2_': 1.3348540745016082, '_a3_': 0.20818372239082325, '_a5_': 0.031543895485547806, '_a7_': -1.5011129734898556, '_a0_': 1.0, '_a1_': 1.0, '_a4_': 1.0, '_a6_': 1.0}};{'d0': 0.02488548250186686};-276.524567593312;41.25197802732558
3579;-97.0103057693306;-(((_a5_ + pow3(((_a3_ + x) * _a7_))) + -((_a2_ * x))));{'d0': {'_a2_': 1.3348540745016082, '_a3_': 0.20818372239082325, '_a5_': 0.031543895485547806, '_a7_': -1.5011129734898556, '_a0_': 1.0, '_a1_': 1.0, '_a4_': 1.0, '_a6_': 1.0}};{'d0': 0.02488548250186686};-276.524567593312;41.25197802732558
3580;-97.0103057693306;-(((_a0_ + pow3(((_a3_ + x) * _a7_))) + -((_a2_ * x))));{'d0': {'_a0_': 0.03154389626198817, '_a2_': 1.3348540721761881, '_a3_': 0.208183722470444, '_a7_': -1.5011129743255425, '_a1_': 1.0, '_a4_': 1.0, '_a5_': 1.0, '_a6_': 1.0}};{'d0': 0.024885482501866885};-276.524567593312;41.25197802732558
3581;-97.0103057693306;-(((_a0_ + pow3(((_a3_ + x) * _a7_))) + -((_a2_ * x))));{'d0': {'_a0_': 0.03154389626198817, '_a2_': 1.3348540721761881, '_a3_': 0.208183722470444, '_a7_': -1.5011129743255425, '_a1_': 1.0, '_a4_': 1.0, '_a5_': 1.0, '_a6_': 1.0}};{'d0': 0.024885482501866885};-276.524567593312;41.25197802732558
3582;-97.0103057693306;-(((_a0_ + pow3(((_a3_ + x) * _a7_))) + -((_a2_ * x))));{'d0': {'_a0_': 0.03154389626198817, '_a2_': 1.3348540721761881, '_a3_': 0.208183722470444, '_a7_': -1.5011129743255425, '_a1_': 1.0, '_a4_': 1.0, '_a5_': 1.0, '_a6_': 1.0}};{'d0': 0.024885482501866885};-276.524567593312;41.25197802732558
3583;-97.0103057693306;-(((_a0_ + pow3(((_a3_ + x) * _a7_))) + -((_a2_ * x))));{'d0': {'_a0_': 0.03154389626198817, '_a2_': 1.3348540721761881, '_a3_': 0.208183722470444, '_a7_': -1.5011129743255425, '_a1_': 1.0, '_a4_': 1.0, '_a5_': 1.0, '_a6_': 1.0}};{'d0': 0.024885482501866885};-276.524567593312;41.25197802732558
3584;-97.0103057693306;-(((_a0_ + pow3(((_a3_ + x) * _a7_))) + -((_a2_ * x))));{'d0': {'_a0_': 0.03154389626198817, '_a2_': 1.3348540721761881, '_a3_': 0.208183722470444, '_a7_': -1.5011129743255425, '_a1_': 1.0, '_a4_': 1.0, '_a5_': 1.0, '_a6_': 1.0}};{'d0': 0.024885482501866885};-276.524567593312;41.25197802732558
3585;-97.0103057693306;-(((_a0_ + pow3(((_a3_ + x) * _a7_))) + -((_a2_ * x))));{'d0': {'_a0_': 0.03154389626198817, '_a2_': 1.3348540721761881, '_a3_': 0.208183722470444, '_a7_': -1.5011129743255425, '_a1_': 1.0, '_a4_': 1.0, '_a5_': 1.0, '_a6_': 1.0}};{'d0': 0.024885482501866885};-276.524567593312;41.25197802732558
3586;-97.0103057693306;-(((_a0_ + pow3(((_a3_ + x) * _a7_))) + -((_a2_ * x))));{'d0': {'_a0_': 0.03154389626198817, '_a2_': 1.3348540721761881, '_a3_': 0.208183722470444, '_a7_': -1.5011129743255425, '_a1_': 1.0, '_a4_': 1.0, '_a5_': 1.0, '_a6_': 1.0}};{'d0': 0.024885482501866885};-276.524567593312;41.25197802732558
3587;-97.0103057693306;-(((_a0_ + pow3(((_a3_ + x) * _a7_))) + -((_a2_ * x))));{'d0': {'_a0_': 0.03154389626198817, '_a2_': 1.3348540721761881, '_a3_': 0.208183722470444, '_a7_': -1.5011129743255425, '_a1_': 1.0, '_a4_': 1.0, '_a5_': 1.0, '_a6_': 1.0}};{'d0': 0.024885482501866885};-276.524567593312;41.25197802732558
3588;-97.0103057693306;-(((_a0_ + pow3(((_a3_ + x) * _a7_))) + -((_a2_ * x))));{'d0': {'_a0_': 0.03154389626198817, '_a2_': 1.3348540721761881, '_a3_': 0.208183722470444, '_a7_': -1.5011129743255425, '_a1_': 1.0, '_a4_': 1.0, '_a5_': 1.0, '_a6_': 1.0}};{'d0': 0.024885482501866885};-276.524567593312;41.25197802732558
3589;-97.0103057693306;-(((_a0_ + pow3(((_a3_ + x) * _a7_))) + -((_a2_ * x))));{'d0': {'_a0_': 0.03154389626198817, '_a2_': 1.3348540721761881, '_a3_': 0.208183722470444, '_a7_': -1.5011129743255425, '_a1_': 1.0, '_a4_': 1.0, '_a5_': 1.0, '_a6_': 1.0}};{'d0': 0.024885482501866885};-276.524567593312;41.25197802732558
3590;-97.0103057693306;-(((_a0_ + pow3(((_a3_ + x) * _a7_))) + -((_a2_ * x))));{'d0': {'_a0_': 0.03154389626198817, '_a2_': 1.3348540721761881, '_a3_': 0.208183722470444, '_a7_': -1.5011129743255425, '_a1_': 1.0, '_a4_': 1.0, '_a5_': 1.0, '_a6_': 1.0}};{'d0': 0.024885482501866885};-276.524567593312;41.25197802732558
3591;-97.0103057693306;-(((_a0_ + pow3(((_a3_ + x) * _a7_))) + -((_a2_ * x))));{'d0': {'_a0_': 0.03154389626198817, '_a2_': 1.3348540721761881, '_a3_': 0.208183722470444, '_a7_': -1.5011129743255425, '_a1_': 1.0, '_a4_': 1.0, '_a5_': 1.0, '_a6_': 1.0}};{'d0': 0.024885482501866885};-276.524567593312;41.25197802732558
3592;-97.0103057693306;-(((_a0_ + pow3(((_a3_ + x) * _a7_))) + -((_a2_ * x))));{'d0': {'_a0_': 0.03154389626198817, '_a2_': 1.3348540721761881, '_a3_': 0.208183722470444, '_a7_': -1.5011129743255425, '_a1_': 1.0, '_a4_': 1.0, '_a5_': 1.0, '_a6_': 1.0}};{'d0': 0.024885482501866885};-276.524567593312;41.25197802732558
3593;-97.0103057693306;-(((_a0_ + pow3(((_a3_ + x) * _a7_))) + -((_a2_ * x))));{'d0': {'_a0_': 0.03154389626198817, '_a2_': 1.3348540721761881, '_a3_': 0.208183722470444, '_a7_': -1.5011129743255425, '_a1_': 1.0, '_a4_': 1.0, '_a5_': 1.0, '_a6_': 1.0}};{'d0': 0.024885482501866885};-276.524567593312;41.25197802732558
3594;-97.0103057693306;-(((_a0_ + pow3(((_a3_ + x) * _a7_))) + -((_a2_ * x))));{'d0': {'_a0_': 0.03154389626198817, '_a2_': 1.3348540721761881, '_a3_': 0.208183722470444, '_a7_': -1.5011129743255425, '_a1_': 1.0, '_a4_': 1.0, '_a5_': 1.0, '_a6_': 1.0}};{'d0': 0.024885482501866885};-276.524567593312;41.25197802732558
3595;-102.392340493473;(((((x * (x + _a5_)) / _a2_) * x) + (_a5_ * x)) / _a3_);{'d0': {'_a2_': 0.8426446038848242, '_a3_': 0.35144328379405726, '_a5_': 0.6238594155999087, '_a0_': 1.0, '_a1_': 1.0, '_a4_': 1.0, '_a6_': 1.0, '_a7_': 1.0}};{'d0': 0.024905832919416667};-280.569866449044;37.892592731048595
3596;-97.0103057693306;-(((_a0_ + pow3(((_a3_ + x) * _a7_))) + -((_a2_ * x))));{'d0': {'_a0_': 0.03154389626198817, '_a2_': 1.3348540721761881, '_a3_': 0.208183722470444, '_a7_': -1.5011129743255425, '_a1_': 1.0, '_a4_': 1.0, '_a5_': 1.0, '_a6_': 1.0}};{'d0': 0.024885482501866885};-276.524567593312;41.25197802732558
3597;-97.0103057693306;-(((_a0_ + pow3(((_a3_ + x) * _a7_))) + -((_a2_ * x))));{'d0': {'_a0_': 0.03154389626198817, '_a2_': 1.3348540721761881, '_a3_': 0.208183722470444, '_a7_': -1.5011129743255425, '_a1_': 1.0, '_a4_': 1.0, '_a5_': 1.0, '_a6_': 1.0}};{'d0': 0.024885482501866885};-276.524567593312;41.25197802732558
3598;-97.0103057693306;-(((_a0_ + pow3(((_a3_ + x) * _a7_))) + -((_a2_ * x))));{'d0': {'_a0_': 0.03154389626198817, '_a2_': 1.3348540721761881, '_a3_': 0.208183722470444, '_a7_': -1.5011129743255425, '_a1_': 1.0, '_a4_': 1.0, '_a5_': 1.0, '_a6_': 1.0}};{'d0': 0.024885482501866885};-276.524567593312;41.25197802732558
3599;-97.0103057693306;-(((_a0_ + pow3(((_a3_ + x) * _a7_))) + -((_a2_ * x))));{'d0': {'_a0_': 0.03154389626198817, '_a2_': 1.3348540721761881, '_a3_': 0.208183722470444, '_a7_': -1.5011129743255425, '_a1_': 1.0, '_a4_': 1.0, '_a5_': 1.0, '_a6_': 1.0}};{'d0': 0.024885482501866885};-276.524567593312;41.25197802732558
3600;-97.0103057693306;-(((_a0_ + pow3(((_a3_ + x) * _a7_))) + -((_a2_ * x))));{'d0': {'_a0_': 0.03154389626198817, '_a2_': 1.3348540721761881, '_a3_': 0.208183722470444, '_a7_': -1.5011129743255425, '_a1_': 1.0, '_a4_': 1.0, '_a5_': 1.0, '_a6_': 1.0}};{'d0': 0.024885482501866885};-276.524567593312;41.25197802732558
3601;-97.0103057693306;-(((_a0_ + pow3(((_a3_ + x) * _a7_))) + -((_a2_ * x))));{'d0': {'_a0_': 0.03154389626198817, '_a2_': 1.3348540721761881, '_a3_': 0.208183722470444, '_a7_': -1.5011129743255425, '_a1_': 1.0, '_a4_': 1.0, '_a5_': 1.0, '_a6_': 1.0}};{'d0': 0.024885482501866885};-276.524567593312;41.25197802732558
3602;-97.0103057693306;-(((_a0_ + pow3(((_a3_ + x) * _a7_))) + -((_a2_ * x))));{'d0': {'_a0_': 0.03154389626198817, '_a2_': 1.3348540721761881, '_a3_': 0.208183722470444, '_a7_': -1.5011129743255425, '_a1_': 1.0, '_a4_': 1.0, '_a5_': 1.0, '_a6_': 1.0}};{'d0': 0.024885482501866885};-276.524567593312;41.25197802732558
3603;-97.0103057693306;-(((_a0_ + pow3(((_a3_ + x) * _a7_))) + -((_a2_ * x))));{'d0': {'_a0_': 0.03154389626198817, '_a2_': 1.3348540721761881, '_a3_': 0.208183722470444, '_a7_': -1.5011129743255425, '_a1_': 1.0, '_a4_': 1.0, '_a5_': 1.0, '_a6_': 1.0}};{'d0': 0.024885482501866885};-276.524567593312;41.25197802732558
3604;-97.0103057693306;-(((_a0_ + pow3(((_a3_ + x) * _a7_))) + -((_a2_ * x))));{'d0': {'_a0_': 0.03154389626198817, '_a2_': 1.3348540721761881, '_a3_': 0.208183722470444, '_a7_': -1.5011129743255425, '_a1_': 1.0, '_a4_': 1.0, '_a5_': 1.0, '_a6_': 1.0}};{'d0': 0.024885482501866885};-276.524567593312;41.25197802732558
3605;-97.0103057693306;-(((_a0_ + pow3(((_a3_ + x) * _a7_))) + -((_a2_ * x))));{'d0': {'_a0_': 0.03154389626198817, '_a2_': 1.3348540721761881, '_a3_': 0.208183722470444, '_a7_': -1.5011129743255425, '_a1_': 1.0, '_a4_': 1.0, '_a5_': 1.0, '_a6_': 1.0}};{'d0': 0.024885482501866885};-276.524567593312;41.25197802732558
3606;-97.0103057693306;-(((_a0_ + pow3(((_a3_ + x) * _a7_))) + -((_a2_ * x))));{'d0': {'_a0_': 0.03154389626198817, '_a2_': 1.3348540721761881, '_a3_': 0.208183722470444, '_a7_': -1.5011129743255425, '_a1_': 1.0, '_a4_': 1.0, '_a5_': 1.0, '_a6_': 1.0}};{'d0': 0.024885482501866885};-276.524567593312;41.25197802732558
3607;-97.0103057693306;-(((_a0_ + pow3(((_a3_ + x) * _a7_))) + -((_a2_ * x))));{'d0': {'_a0_': 0.03154389626198817, '_a2_': 1.3348540721761881, '_a3_': 0.208183722470444, '_a7_': -1.5011129743255425, '_a1_': 1.0, '_a4_': 1.0, '_a5_': 1.0, '_a6_': 1.0}};{'d0': 0.024885482501866885};-276.524567593312;41.25197802732558
3608;-97.0103057693306;-(((_a0_ + pow3(((_a3_ + x) * _a7_))) + -((_a2_ * x))));{'d0': {'_a0_': 0.03154389626198817, '_a2_': 1.3348540721761881, '_a3_': 0.208183722470444, '_a7_': -1.5011129743255425, '_a1_': 1.0, '_a4_': 1.0, '_a5_': 1.0, '_a6_': 1.0}};{'d0': 0.024885482501866885};-276.524567593312;41.25197802732558
3609;-97.0103057693306;-(((_a0_ + pow3(((_a3_ + x) * _a7_))) + -((_a2_ * x))));{'d0': {'_a0_': 0.03154389626198817, '_a2_': 1.3348540721761881, '_a3_': 0.208183722470444, '_a7_': -1.5011129743255425, '_a1_': 1.0, '_a4_': 1.0, '_a5_': 1.0, '_a6_': 1.0}};{'d0': 0.024885482501866885};-276.524567593312;41.25197802732558
3610;-97.0103057693306;-(((_a0_ + pow3(((_a3_ + x) * _a7_))) + -((_a2_ * x))));{'d0': {'_a0_': 0.03154389626198817, '_a2_': 1.3348540721761881, '_a3_': 0.208183722470444, '_a7_': -1.5011129743255425, '_a1_': 1.0, '_a4_': 1.0, '_a5_': 1.0, '_a6_': 1.0}};{'d0': 0.024885482501866885};-276.524567593312;41.25197802732558
3611;-97.0103057693306;-(((_a0_ + pow3(((_a3_ + x) * _a7_))) + -((_a2_ * x))));{'d0': {'_a0_': 0.03154389626198817, '_a2_': 1.3348540721761881, '_a3_': 0.208183722470444, '_a7_': -1.5011129743255425, '_a1_': 1.0, '_a4_': 1.0, '_a5_': 1.0, '_a6_': 1.0}};{'d0': 0.024885482501866885};-276.524567593312;41.25197802732558
3612;-97.0103057693306;-(((_a0_ + pow3(((_a3_ + x) * _a7_))) + -((_a2_ * x))));{'d0': {'_a0_': 0.03154389626198817, '_a2_': 1.3348540721761881, '_a3_': 0.208183722470444, '_a7_': -1.5011129743255425, '_a1_': 1.0, '_a4_': 1.0, '_a5_': 1.0, '_a6_': 1.0}};{'d0': 0.024885482501866885};-276.524567593312;41.25197802732558
3613;-97.0103057693306;-(((_a0_ + pow3(((_a3_ + x) * _a7_))) + -((_a2_ * x))));{'d0': {'_a0_': 0.03154389626198817, '_a2_': 1.3348540721761881, '_a3_': 0.208183722470444, '_a7_': -1.5011129743255425, '_a1_': 1.0, '_a4_': 1.0, '_a5_': 1.0, '_a6_': 1.0}};{'d0': 0.024885482501866885};-276.524567593312;41.25197802732558
3614;-97.0103057693306;-(((_a0_ + pow3(((_a3_ + x) * _a7_))) + -((_a2_ * x))));{'d0': {'_a0_': 0.03154389626198817, '_a2_': 1.3348540721761881, '_a3_': 0.208183722470444, '_a7_': -1.5011129743255425, '_a1_': 1.0, '_a4_': 1.0, '_a5_': 1.0, '_a6_': 1.0}};{'d0': 0.024885482501866885};-276.524567593312;41.25197802732558
3615;-97.0103057693306;-(((_a0_ + pow3(((_a3_ + x) * _a7_))) + -((_a2_ * x))));{'d0': {'_a0_': 0.03154389626198817, '_a2_': 1.3348540721761881, '_a3_': 0.208183722470444, '_a7_': -1.5011129743255425, '_a1_': 1.0, '_a4_': 1.0, '_a5_': 1.0, '_a6_': 1.0}};{'d0': 0.024885482501866885};-276.524567593312;41.25197802732558
3616;-97.0103057693306;-(((_a0_ + pow3(((_a3_ + x) * _a7_))) + -((_a2_ * x))));{'d0': {'_a0_': 0.03154389626198817, '_a2_': 1.3348540721761881, '_a3_': 0.208183722470444, '_a7_': -1.5011129743255425, '_a1_': 1.0, '_a4_': 1.0, '_a5_': 1.0, '_a6_': 1.0}};{'d0': 0.024885482501866885};-276.524567593312;41.25197802732558
3617;-97.0103057693306;-(((_a0_ + pow3(((_a3_ + x) * _a7_))) + -((_a2_ * x))));{'d0': {'_a0_': 0.03154389626198817, '_a2_': 1.3348540721761881, '_a3_': 0.208183722470444, '_a7_': -1.5011129743255425, '_a1_': 1.0, '_a4_': 1.0, '_a5_': 1.0, '_a6_': 1.0}};{'d0': 0.024885482501866885};-276.524567593312;41.25197802732558
3618;-97.0103057693306;-(((_a0_ + pow3(((_a3_ + x) * _a7_))) + -((_a2_ * x))));{'d0': {'_a0_': 0.03154389626198817, '_a2_': 1.3348540721761881, '_a3_': 0.208183722470444, '_a7_': -1.5011129743255425, '_a1_': 1.0, '_a4_': 1.0, '_a5_': 1.0, '_a6_': 1.0}};{'d0': 0.024885482501866885};-276.524567593312;41.25197802732558
3619;-97.0103057693306;-(((_a0_ + pow3(((_a3_ + x) * _a7_))) + -((_a2_ * x))));{'d0': {'_a0_': 0.03154389626198817, '_a2_': 1.3348540721761881, '_a3_': 0.208183722470444, '_a7_': -1.5011129743255425, '_a1_': 1.0, '_a4_': 1.0, '_a5_': 1.0, '_a6_': 1.0}};{'d0': 0.024885482501866885};-276.524567593312;41.25197802732558
3620;-97.0103057693306;-(((_a0_ + pow3(((_a3_ + x) * _a7_))) + -((_a2_ * x))));{'d0': {'_a0_': 0.03154389626198817, '_a2_': 1.3348540721761881, '_a3_': 0.208183722470444, '_a7_': -1.5011129743255425, '_a1_': 1.0, '_a4_': 1.0, '_a5_': 1.0, '_a6_': 1.0}};{'d0': 0.024885482501866885};-276.524567593312;41.25197802732558
3621;-97.0103057693306;-(((_a0_ + pow3(((_a3_ + x) * _a7_))) + -((_a2_ * x))));{'d0': {'_a0_': 0.03154389626198817, '_a2_': 1.3348540721761881, '_a3_': 0.208183722470444, '_a7_': -1.5011129743255425, '_a1_': 1.0, '_a4_': 1.0, '_a5_': 1.0, '_a6_': 1.0}};{'d0': 0.024885482501866885};-276.524567593312;41.25197802732558
3622;-97.0103057693306;-(((_a0_ + pow3(((_a3_ + x) * _a7_))) + -((_a2_ * x))));{'d0': {'_a0_': 0.03154389626198817, '_a2_': 1.3348540721761881, '_a3_': 0.208183722470444, '_a7_': -1.5011129743255425, '_a1_': 1.0, '_a4_': 1.0, '_a5_': 1.0, '_a6_': 1.0}};{'d0': 0.024885482501866885};-276.524567593312;41.25197802732558
3623;-97.0103057693306;-(((_a0_ + pow3(((_a3_ + x) * _a7_))) + -((_a2_ * x))));{'d0': {'_a0_': 0.03154389626198817, '_a2_': 1.3348540721761881, '_a3_': 0.208183722470444, '_a7_': -1.5011129743255425, '_a1_': 1.0, '_a4_': 1.0, '_a5_': 1.0, '_a6_': 1.0}};{'d0': 0.024885482501866885};-276.524567593312;41.25197802732558
3624;-97.0103057693306;-(((_a0_ + pow3(((_a3_ + x) * _a7_))) + -((_a2_ * x))));{'d0': {'_a0_': 0.03154389626198817, '_a2_': 1.3348540721761881, '_a3_': 0.208183722470444, '_a7_': -1.5011129743255425, '_a1_': 1.0, '_a4_': 1.0, '_a5_': 1.0, '_a6_': 1.0}};{'d0': 0.024885482501866885};-276.524567593312;41.25197802732558
3625;-97.0103057693306;-(((_a0_ + pow3(((_a3_ + x) * _a7_))) + -((_a2_ * x))));{'d0': {'_a0_': 0.03154389626198817, '_a2_': 1.3348540721761881, '_a3_': 0.208183722470444, '_a7_': -1.5011129743255425, '_a1_': 1.0, '_a4_': 1.0, '_a5_': 1.0, '_a6_': 1.0}};{'d0': 0.024885482501866885};-276.524567593312;41.25197802732558
3626;-97.0103057693306;-(((_a0_ + pow3(((_a3_ + x) * _a7_))) + -((_a2_ * x))));{'d0': {'_a0_': 0.03154389626198817, '_a2_': 1.3348540721761881, '_a3_': 0.208183722470444, '_a7_': -1.5011129743255425, '_a1_': 1.0, '_a4_': 1.0, '_a5_': 1.0, '_a6_': 1.0}};{'d0': 0.024885482501866885};-276.524567593312;41.25197802732558
3627;-97.0103057693306;-(((_a0_ + pow3(((_a3_ + x) * _a7_))) + -((_a2_ * x))));{'d0': {'_a0_': 0.03154389626198817, '_a2_': 1.3348540721761881, '_a3_': 0.208183722470444, '_a7_': -1.5011129743255425, '_a1_': 1.0, '_a4_': 1.0, '_a5_': 1.0, '_a6_': 1.0}};{'d0': 0.024885482501866885};-276.524567593312;41.25197802732558
3628;-97.0103057693306;-(((_a0_ + pow3(((_a3_ + x) * _a7_))) + -((_a2_ * x))));{'d0': {'_a0_': 0.03154389626198817, '_a2_': 1.3348540721761881, '_a3_': 0.208183722470444, '_a7_': -1.5011129743255425, '_a1_': 1.0, '_a4_': 1.0, '_a5_': 1.0, '_a6_': 1.0}};{'d0': 0.024885482501866885};-276.524567593312;41.25197802732558
3629;-97.0103057693306;-(((_a0_ + pow3(((_a3_ + x) * _a7_))) + -((_a2_ * x))));{'d0': {'_a0_': 0.03154389626198817, '_a2_': 1.3348540721761881, '_a3_': 0.208183722470444, '_a7_': -1.5011129743255425, '_a1_': 1.0, '_a4_': 1.0, '_a5_': 1.0, '_a6_': 1.0}};{'d0': 0.024885482501866885};-276.524567593312;41.25197802732558
3630;-97.0103057693306;-(((_a0_ + pow3(((_a3_ + x) * _a7_))) + -((_a2_ * x))));{'d0': {'_a0_': 0.03154389626198817, '_a2_': 1.3348540721761881, '_a3_': 0.208183722470444, '_a7_': -1.5011129743255425, '_a1_': 1.0, '_a4_': 1.0, '_a5_': 1.0, '_a6_': 1.0}};{'d0': 0.024885482501866885};-276.524567593312;41.25197802732558
3631;-97.0103057693306;-(((_a0_ + pow3(((_a3_ + x) * _a7_))) + -((_a2_ * x))));{'d0': {'_a0_': 0.03154389626198817, '_a2_': 1.3348540721761881, '_a3_': 0.208183722470444, '_a7_': -1.5011129743255425, '_a1_': 1.0, '_a4_': 1.0, '_a5_': 1.0, '_a6_': 1.0}};{'d0': 0.024885482501866885};-276.524567593312;41.25197802732558
3632;-97.0103057693306;-(((_a0_ + pow3(((_a3_ + x) * _a7_))) + -((_a2_ * x))));{'d0': {'_a0_': 0.03154389626198817, '_a2_': 1.3348540721761881, '_a3_': 0.208183722470444, '_a7_': -1.5011129743255425, '_a1_': 1.0, '_a4_': 1.0, '_a5_': 1.0, '_a6_': 1.0}};{'d0': 0.024885482501866885};-276.524567593312;41.25197802732558
3633;-97.0103057693306;-(((_a0_ + pow3(((_a3_ + x) * _a7_))) + -((_a2_ * x))));{'d0': {'_a0_': 0.03154389626198817, '_a2_': 1.3348540721761881, '_a3_': 0.208183722470444, '_a7_': -1.5011129743255425, '_a1_': 1.0, '_a4_': 1.0, '_a5_': 1.0, '_a6_': 1.0}};{'d0': 0.024885482501866885};-276.524567593312;41.25197802732558
3634;-97.0103057693306;-(((_a0_ + pow3(((_a3_ + x) * _a7_))) + -((_a2_ * x))));{'d0': {'_a0_': 0.03154389626198817, '_a2_': 1.3348540721761881, '_a3_': 0.208183722470444, '_a7_': -1.5011129743255425, '_a1_': 1.0, '_a4_': 1.0, '_a5_': 1.0, '_a6_': 1.0}};{'d0': 0.024885482501866885};-276.524567593312;41.25197802732558
3635;-97.0103057693306;-(((_a0_ + pow3(((_a3_ + x) * _a7_))) + -((_a2_ * x))));{'d0': {'_a0_': 0.03154389626198817, '_a2_': 1.3348540721761881, '_a3_': 0.208183722470444, '_a7_': -1.5011129743255425, '_a1_': 1.0, '_a4_': 1.0, '_a5_': 1.0, '_a6_': 1.0}};{'d0': 0.024885482501866885};-276.524567593312;41.25197802732558
3636;-97.0103057693306;-(((_a0_ + pow3(((_a3_ + x) * _a7_))) + -((_a2_ * x))));{'d0': {'_a0_': 0.03154389626198817, '_a2_': 1.3348540721761881, '_a3_': 0.208183722470444, '_a7_': -1.5011129743255425, '_a1_': 1.0, '_a4_': 1.0, '_a5_': 1.0, '_a6_': 1.0}};{'d0': 0.024885482501866885};-276.524567593312;41.25197802732558
3637;-97.0103057693306;-(((_a0_ + pow3(((_a3_ + x) * _a7_))) + -((_a2_ * x))));{'d0': {'_a0_': 0.03154389626198817, '_a2_': 1.3348540721761881, '_a3_': 0.208183722470444, '_a7_': -1.5011129743255425, '_a1_': 1.0, '_a4_': 1.0, '_a5_': 1.0, '_a6_': 1.0}};{'d0': 0.024885482501866885};-276.524567593312;41.25197802732558
3638;-97.0103057693306;-(((_a0_ + pow3(((_a3_ + x) * _a7_))) + -((_a2_ * x))));{'d0': {'_a0_': 0.03154389626198817, '_a2_': 1.3348540721761881, '_a3_': 0.208183722470444, '_a7_': -1.5011129743255425, '_a1_': 1.0, '_a4_': 1.0, '_a5_': 1.0, '_a6_': 1.0}};{'d0': 0.024885482501866885};-276.524567593312;41.25197802732558
3639;-97.0103057693306;-(((_a0_ + pow3(((_a3_ + x) * _a7_))) + -((_a2_ * x))));{'d0': {'_a0_': 0.03154389626198817, '_a2_': 1.3348540721761881, '_a3_': 0.208183722470444, '_a7_': -1.5011129743255425, '_a1_': 1.0, '_a4_': 1.0, '_a5_': 1.0, '_a6_': 1.0}};{'d0': 0.024885482501866885};-276.524567593312;41.25197802732558
3640;-97.0103057693306;-(((_a0_ + pow3(((_a3_ + x) * _a7_))) + -((_a2_ * x))));{'d0': {'_a0_': 0.03154389626198817, '_a2_': 1.3348540721761881, '_a3_': 0.208183722470444, '_a7_': -1.5011129743255425, '_a1_': 1.0, '_a4_': 1.0, '_a5_': 1.0, '_a6_': 1.0}};{'d0': 0.024885482501866885};-276.524567593312;41.25197802732558
3641;-97.0103057693306;-(((_a0_ + pow3(((_a3_ + x) * _a7_))) + -((_a2_ * x))));{'d0': {'_a0_': 0.03154389626198817, '_a2_': 1.3348540721761881, '_a3_': 0.208183722470444, '_a7_': -1.5011129743255425, '_a1_': 1.0, '_a4_': 1.0, '_a5_': 1.0, '_a6_': 1.0}};{'d0': 0.024885482501866885};-276.524567593312;41.25197802732558
3642;-88.8172631612075;((pow3(((-(x) * _a5_) + _a4_)) * _a7_) + (_a3_ + ((x * _a3_) * _a6_)));{'d0': {'_a3_': -0.03154389813923892, '_a4_': -0.1743473212102852, '_a5_': 0.8374685531668443, '_a6_': -42.317346545035974, '_a7_': -5.758833706615954, '_a0_': 1.0, '_a1_': 1.0, '_a2_': 1.0}};{'d0': 0.024885482502432065};-272.430223029728;47.397848353656386
3643;-85.1193286820472;((pow3(((-(x) * _a5_) + _a4_)) * _a7_) + (_a3_ + ((pow2(x) * _a3_) * _a6_)));{'d0': {'_a3_': -0.24840641632197272, '_a4_': -0.33613517815859295, '_a5_': 0.8037811970804299, '_a6_': 8.578982776596341, '_a7_': -6.513680114753836, '_a0_': 1.0, '_a1_': 1.0, '_a2_': 1.0}};{'d0': 0.024885482507865604};-272.430223016627;51.09578282626639
3644;-85.1193286820472;((pow3(((-(x) * _a5_) + _a4_)) * _a7_) + (_a3_ + ((pow2(x) * _a3_) * _a6_)));{'d0': {'_a3_': -0.24840641632197272, '_a4_': -0.33613517815859295, '_a5_': 0.8037811970804299, '_a6_': 8.578982776596341, '_a7_': -6.513680114753836, '_a0_': 1.0, '_a1_': 1.0, '_a2_': 1.0}};{'d0': 0.024885482507865604};-272.430223016627;51.09578282626639
3645;-85.1193286833331;((pow3(((-(x) * _a5_) + _a4_)) * _a0_) + (_a3_ + ((pow2(x) * _a3_) * _a6_)));{'d0': {'_a0_': -1.3605614313426755, '_a3_': -0.2484064171094997, '_a4_': -0.5665219333153787, '_a5_': 1.3546921219987074, '_a6_': 8.578982742676772, '_a1_': 1.0, '_a2_': 1.0, '_a7_': 1.0}};{'d0': 0.024885482506798916};-272.430223019199;51.09578282626639
3646;-85.1193286833331;((pow3(((-(x) * _a5_) + _a4_)) * _a0_) + (_a3_ + ((pow2(x) * _a3_) * _a6_)));{'d0': {'_a0_': -1.3605614313426755, '_a3_': -0.2484064171094997, '_a4_': -0.5665219333153787, '_a5_': 1.3546921219987074, '_a6_': 8.578982742676772, '_a1_': 1.0, '_a2_': 1.0, '_a7_': 1.0}};{'d0': 0.024885482506798916};-272.430223019199;51.09578282626639
3647;-85.1193286833331;((pow3(((-(x) * _a5_) + _a4_)) * _a0_) + (_a3_ + ((pow2(x) * _a3_) * _a6_)));{'d0': {'_a0_': -1.3605614313426755, '_a3_': -0.2484064171094997, '_a4_': -0.5665219333153787, '_a5_': 1.3546921219987074, '_a6_': 8.578982742676772, '_a1_': 1.0, '_a2_': 1.0, '_a7_': 1.0}};{'d0': 0.024885482506798916};-272.430223019199;51.09578282626639
3648;-85.1193286857713;((pow3(((-(x) * _a5_) + _a4_)) * _a0_) + (_a3_ + ((pow2(x) * _a4_) * _a6_)));{'d0': {'_a0_': -2.583939141679863, '_a3_': -0.24840641682102674, '_a4_': -0.457469383423245, '_a5_': 1.0939208765919304, '_a6_': 4.658397573921642, '_a1_': 1.0, '_a2_': 1.0, '_a7_': 1.0}};{'d0': 0.02488548250477643};-272.430223024075;51.09578282626639
3649;-97.0103057693306;-(((_a0_ + pow3(((_a3_ + x) * _a7_))) + -((_a2_ * x))));{'d0': {'_a0_': 0.03154389626198817, '_a2_': 1.3348540721761881, '_a3_': 0.208183722470444, '_a7_': -1.5011129743255425, '_a1_': 1.0, '_a4_': 1.0, '_a5_': 1.0, '_a6_': 1.0}};{'d0': 0.024885482501866885};-276.524567593312;41.25197802732558
3650;-97.0103057693306;-(((_a0_ + pow3(((_a3_ + x) * _a7_))) + -((_a2_ * x))));{'d0': {'_a0_': 0.03154389626198817, '_a2_': 1.3348540721761881, '_a3_': 0.208183722470444, '_a7_': -1.5011129743255425, '_a1_': 1.0, '_a4_': 1.0, '_a5_': 1.0, '_a6_': 1.0}};{'d0': 0.024885482501866885};-276.524567593312;41.25197802732558
3651;-97.0103057693306;-(((_a0_ + pow3(((_a3_ + x) * _a7_))) + -((_a2_ * x))));{'d0': {'_a0_': 0.03154389626198817, '_a2_': 1.3348540721761881, '_a3_': 0.208183722470444, '_a7_': -1.5011129743255425, '_a1_': 1.0, '_a4_': 1.0, '_a5_': 1.0, '_a6_': 1.0}};{'d0': 0.024885482501866885};-276.524567593312;41.25197802732558
3652;-97.0103057693306;-(((_a0_ + pow3(((_a3_ + x) * _a7_))) + -((_a2_ * x))));{'d0': {'_a0_': 0.03154389626198817, '_a2_': 1.3348540721761881, '_a3_': 0.208183722470444, '_a7_': -1.5011129743255425, '_a1_': 1.0, '_a4_': 1.0, '_a5_': 1.0, '_a6_': 1.0}};{'d0': 0.024885482501866885};-276.524567593312;41.25197802732558
3653;-97.0103057693306;-(((_a0_ + pow3(((_a3_ + x) * _a7_))) + -((_a2_ * x))));{'d0': {'_a0_': 0.03154389626198817, '_a2_': 1.3348540721761881, '_a3_': 0.208183722470444, '_a7_': -1.5011129743255425, '_a1_': 1.0, '_a4_': 1.0, '_a5_': 1.0, '_a6_': 1.0}};{'d0': 0.024885482501866885};-276.524567593312;41.25197802732558
3654;-88.7992758468637;((pow3(((x * _a5_) + _a4_)) * _a0_) + (_a3_ + ((pow2(x) * _a4_) * _a6_)));{'d0': {'_a0_': 9.983576638353963, '_a3_': -0.24840641656047724, '_a4_': 0.29153726859273255, '_a5_': 0.6971367175732665, '_a6_': -7.30978337587986, '_a1_': 1.0, '_a2_': 1.0, '_a7_': 1.0}};{'d0': 0.024885482504086266};-272.430223025739;47.415835666006
3655;-88.7992758468637;((pow3(((x * _a5_) + _a4_)) * _a0_) + (_a3_ + ((pow2(x) * _a4_) * _a6_)));{'d0': {'_a0_': 9.983576638353963, '_a3_': -0.24840641656047724, '_a4_': 0.29153726859273255, '_a5_': 0.6971367175732665, '_a6_': -7.30978337587986, '_a1_': 1.0, '_a2_': 1.0, '_a7_': 1.0}};{'d0': 0.024885482504086266};-272.430223025739;47.415835666006
3656;-88.7992758468637;((pow3(((x * _a5_) + _a4_)) * _a0_) + (_a3_ + ((pow2(x) * _a4_) * _a6_)));{'d0': {'_a0_': 9.983576638353963, '_a3_': -0.24840641656047724, '_a4_': 0.29153726859273255, '_a5_': 0.6971367175732665, '_a6_': -7.30978337587986, '_a1_': 1.0, '_a2_': 1.0, '_a7_': 1.0}};{'d0': 0.024885482504086266};-272.430223025739;47.415835666006
3657;-88.7992758468637;((pow3(((x * _a5_) + _a4_)) * _a0_) + (_a3_ + ((pow2(x) * _a4_) * _a6_)));{'d0': {'_a0_': 9.983576638353963, '_a3_': -0.24840641656047724, '_a4_': 0.29153726859273255, '_a5_': 0.6971367175732665, '_a6_': -7.30978337587986, '_a1_': 1.0, '_a2_': 1.0, '_a7_': 1.0}};{'d0': 0.024885482504086266};-272.430223025739;47.415835666006
3658;-88.7992758468637;((pow3(((x * _a5_) + _a4_)) * _a0_) + (_a3_ + ((pow2(x) * _a4_) * _a6_)));{'d0': {'_a0_': 9.983576638353963, '_a3_': -0.24840641656047724, '_a4_': 0.29153726859273255, '_a5_': 0.6971367175732665, '_a6_': -7.30978337587986, '_a1_': 1.0, '_a2_': 1.0, '_a7_': 1.0}};{'d0': 0.024885482504086266};-272.430223025739;47.415835666006
3659;-88.7992758468637;((pow3(((x * _a5_) + _a4_)) * _a0_) + (_a3_ + ((pow2(x) * _a4_) * _a6_)));{'d0': {'_a0_': 9.983576638353963, '_a3_': -0.24840641656047724, '_a4_': 0.29153726859273255, '_a5_': 0.6971367175732665, '_a6_': -7.30978337587986, '_a1_': 1.0, '_a2_': 1.0, '_a7_': 1.0}};{'d0': 0.024885482504086266};-272.430223025739;47.415835666006
3660;-88.7992758468637;((pow3(((x * _a5_) + _a4_)) * _a0_) + (_a3_ + ((pow2(x) * _a4_) * _a6_)));{'d0': {'_a0_': 9.983576638353963, '_a3_': -0.24840641656047724, '_a4_': 0.29153726859273255, '_a5_': 0.6971367175732665, '_a6_': -7.30978337587986, '_a1_': 1.0, '_a2_': 1.0, '_a7_': 1.0}};{'d0': 0.024885482504086266};-272.430223025739;47.415835666006
3661;-88.7992758468637;((pow3(((x * _a5_) + _a4_)) * _a0_) + (_a3_ + ((pow2(x) * _a4_) * _a6_)));{'d0': {'_a0_': 9.983576638353963, '_a3_': -0.24840641656047724, '_a4_': 0.29153726859273255, '_a5_': 0.6971367175732665, '_a6_': -7.30978337587986, '_a1_': 1.0, '_a2_': 1.0, '_a7_': 1.0}};{'d0': 0.024885482504086266};-272.430223025739;47.415835666006
3662;-88.7992758468637;((pow3(((x * _a5_) + _a4_)) * _a0_) + (_a3_ + ((pow2(x) * _a4_) * _a6_)));{'d0': {'_a0_': 9.983576638353963, '_a3_': -0.24840641656047724, '_a4_': 0.29153726859273255, '_a5_': 0.6971367175732665, '_a6_': -7.30978337587986, '_a1_': 1.0, '_a2_': 1.0, '_a7_': 1.0}};{'d0': 0.024885482504086266};-272.430223025739;47.415835666006
3663;-88.7992758468637;((pow3(((x * _a5_) + _a4_)) * _a0_) + (_a3_ + ((pow2(x) * _a4_) * _a6_)));{'d0': {'_a0_': 9.983576638353963, '_a3_': -0.24840641656047724, '_a4_': 0.29153726859273255, '_a5_': 0.6971367175732665, '_a6_': -7.30978337587986, '_a1_': 1.0, '_a2_': 1.0, '_a7_': 1.0}};{'d0': 0.024885482504086266};-272.430223025739;47.415835666006
3664;-88.7992758468637;((pow3(((x * _a5_) + _a4_)) * _a0_) + (_a3_ + ((pow2(x) * _a4_) * _a6_)));{'d0': {'_a0_': 9.983576638353963, '_a3_': -0.24840641656047724, '_a4_': 0.29153726859273255, '_a5_': 0.6971367175732665, '_a6_': -7.30978337587986, '_a1_': 1.0, '_a2_': 1.0, '_a7_': 1.0}};{'d0': 0.024885482504086266};-272.430223025739;47.415835666006
3665;-88.7992758468637;((pow3(((x * _a5_) + _a4_)) * _a0_) + (_a3_ + ((pow2(x) * _a4_) * _a6_)));{'d0': {'_a0_': 9.983576638353963, '_a3_': -0.24840641656047724, '_a4_': 0.29153726859273255, '_a5_': 0.6971367175732665, '_a6_': -7.30978337587986, '_a1_': 1.0, '_a2_': 1.0, '_a7_': 1.0}};{'d0': 0.024885482504086266};-272.430223025739;47.415835666006
3666;-88.7992758468637;((pow3(((x * _a5_) + _a4_)) * _a0_) + (_a3_ + ((pow2(x) * _a4_) * _a6_)));{'d0': {'_a0_': 9.983576638353963, '_a3_': -0.24840641656047724, '_a4_': 0.29153726859273255, '_a5_': 0.6971367175732665, '_a6_': -7.30978337587986, '_a1_': 1.0, '_a2_': 1.0, '_a7_': 1.0}};{'d0': 0.024885482504086266};-272.430223025739;47.415835666006
3667;-88.7992758468637;((pow3(((x * _a5_) + _a4_)) * _a0_) + (_a3_ + ((pow2(x) * _a4_) * _a6_)));{'d0': {'_a0_': 9.983576638353963, '_a3_': -0.24840641656047724, '_a4_': 0.29153726859273255, '_a5_': 0.6971367175732665, '_a6_': -7.30978337587986, '_a1_': 1.0, '_a2_': 1.0, '_a7_': 1.0}};{'d0': 0.024885482504086266};-272.430223025739;47.415835666006
3668;-96.9928235349818;-(((_a0_ + pow3(((_a3_ + x) * _a7_))) + pow2((_a2_ * x))));{'d0': {'_a0_': 0.2484064162887276, '_a2_': 1.4598199778615792, '_a3_': 0.4181923880073279, '_a7_': -1.5011129737969393, '_a1_': 1.0, '_a4_': 1.0, '_a5_': 1.0, '_a6_': 1.0}};{'d0': 0.024885482501866875};-276.524567593312;41.26946026167441
3669;-96.9928235349818;-(((_a0_ + pow3(((_a3_ + x) * _a7_))) + pow2((_a2_ * x))));{'d0': {'_a0_': 0.2484064162887276, '_a2_': 1.4598199778615792, '_a3_': 0.4181923880073279, '_a7_': -1.5011129737969393, '_a1_': 1.0, '_a4_': 1.0, '_a5_': 1.0, '_a6_': 1.0}};{'d0': 0.024885482501866875};-276.524567593312;41.26946026167441
3670;-96.9928235349818;-(((_a0_ + pow3(((_a3_ + x) * _a7_))) + pow2((_a2_ * x))));{'d0': {'_a0_': 0.2484064162887276, '_a2_': 1.4598199778615792, '_a3_': 0.4181923880073279, '_a7_': -1.5011129737969393, '_a1_': 1.0, '_a4_': 1.0, '_a5_': 1.0, '_a6_': 1.0}};{'d0': 0.024885482501866875};-276.524567593312;41.26946026167441
3671;-96.9928235349818;-(((_a0_ + pow3(((_a3_ + x) * _a7_))) + pow2((_a2_ * x))));{'d0': {'_a0_': 0.2484064162887276, '_a2_': 1.4598199778615792, '_a3_': 0.4181923880073279, '_a7_': -1.5011129737969393, '_a1_': 1.0, '_a4_': 1.0, '_a5_': 1.0, '_a6_': 1.0}};{'d0': 0.024885482501866875};-276.524567593312;41.26946026167441
3672;-96.9928235349818;-(((_a0_ + pow3(((_a3_ + x) * _a7_))) + pow2((_a2_ * x))));{'d0': {'_a0_': 0.2484064162887276, '_a2_': 1.4598199778615792, '_a3_': 0.4181923880073279, '_a7_': -1.5011129737969393, '_a1_': 1.0, '_a4_': 1.0, '_a5_': 1.0, '_a6_': 1.0}};{'d0': 0.024885482501866875};-276.524567593312;41.26946026167441
3673;-96.9928235349818;-(((_a0_ + pow3(((_a3_ + x) * _a7_))) + pow2((_a2_ * x))));{'d0': {'_a0_': 0.2484064162887276, '_a2_': 1.4598199778615792, '_a3_': 0.4181923880073279, '_a7_': -1.5011129737969393, '_a1_': 1.0, '_a4_': 1.0, '_a5_': 1.0, '_a6_': 1.0}};{'d0': 0.024885482501866875};-276.524567593312;41.26946026167441
3674;-96.9928235349818;-(((_a0_ + pow3(((_a3_ + x) * _a7_))) + pow2((_a2_ * x))));{'d0': {'_a0_': 0.2484064162887276, '_a2_': 1.4598199778615792, '_a3_': 0.4181923880073279, '_a7_': -1.5011129737969393, '_a1_': 1.0, '_a4_': 1.0, '_a5_': 1.0, '_a6_': 1.0}};{'d0': 0.024885482501866875};-276.524567593312;41.26946026167441
3675;-96.9928235349818;-(((_a0_ + pow3(((_a3_ + x) * _a7_))) + pow2((_a2_ * x))));{'d0': {'_a0_': 0.2484064162887276, '_a2_': 1.4598199778615792, '_a3_': 0.4181923880073279, '_a7_': -1.5011129737969393, '_a1_': 1.0, '_a4_': 1.0, '_a5_': 1.0, '_a6_': 1.0}};{'d0': 0.024885482501866875};-276.524567593312;41.26946026167441
3676;-96.9928235349818;-(((_a0_ + pow3(((_a3_ + x) * _a7_))) + pow2((_a2_ * x))));{'d0': {'_a0_': 0.2484064162887276, '_a2_': 1.4598199778615792, '_a3_': 0.4181923880073279, '_a7_': -1.5011129737969393, '_a1_': 1.0, '_a4_': 1.0, '_a5_': 1.0, '_a6_': 1.0}};{'d0': 0.024885482501866875};-276.524567593312;41.26946026167441
3677;-96.9928235349818;-(((_a0_ + pow3(((_a3_ + x) * _a7_))) + pow2((_a2_ * x))));{'d0': {'_a0_': 0.2484064162887276, '_a2_': 1.4598199778615792, '_a3_': 0.4181923880073279, '_a7_': -1.5011129737969393, '_a1_': 1.0, '_a4_': 1.0, '_a5_': 1.0, '_a6_': 1.0}};{'d0': 0.024885482501866875};-276.524567593312;41.26946026167441
3678;-96.9928235349818;-(((_a0_ + pow3(((_a3_ + x) * _a7_))) + pow2((_a2_ * x))));{'d0': {'_a0_': 0.2484064162887276, '_a2_': 1.4598199778615792, '_a3_': 0.4181923880073279, '_a7_': -1.5011129737969393, '_a1_': 1.0, '_a4_': 1.0, '_a5_': 1.0, '_a6_': 1.0}};{'d0': 0.024885482501866875};-276.524567593312;41.26946026167441
3679;-96.9928235349818;-(((_a0_ + pow3(((_a3_ + x) * _a7_))) + pow2((_a2_ * x))));{'d0': {'_a0_': 0.2484064162887276, '_a2_': 1.4598199778615792, '_a3_': 0.4181923880073279, '_a7_': -1.5011129737969393, '_a1_': 1.0, '_a4_': 1.0, '_a5_': 1.0, '_a6_': 1.0}};{'d0': 0.024885482501866875};-276.524567593312;41.26946026167441
3680;-96.9928235349818;-(((_a0_ + pow3(((_a3_ + x) * _a7_))) + pow2((_a2_ * x))));{'d0': {'_a0_': 0.2484064162887276, '_a2_': 1.4598199778615792, '_a3_': 0.4181923880073279, '_a7_': -1.5011129737969393, '_a1_': 1.0, '_a4_': 1.0, '_a5_': 1.0, '_a6_': 1.0}};{'d0': 0.024885482501866875};-276.524567593312;41.26946026167441
3681;-96.9928235349818;-(((_a0_ + pow3(((_a3_ + x) * _a7_))) + pow2((_a2_ * x))));{'d0': {'_a0_': 0.2484064162887276, '_a2_': 1.4598199778615792, '_a3_': 0.4181923880073279, '_a7_': -1.5011129737969393, '_a1_': 1.0, '_a4_': 1.0, '_a5_': 1.0, '_a6_': 1.0}};{'d0': 0.024885482501866875};-276.524567593312;41.26946026167441
3682;-96.9928235349818;-(((_a0_ + pow3(((_a3_ + x) * _a7_))) + pow2((_a2_ * x))));{'d0': {'_a0_': 0.2484064162887276, '_a2_': 1.4598199778615792, '_a3_': 0.4181923880073279, '_a7_': -1.5011129737969393, '_a1_': 1.0, '_a4_': 1.0, '_a5_': 1.0, '_a6_': 1.0}};{'d0': 0.024885482501866875};-276.524567593312;41.26946026167441
3683;-96.9928235349818;-(((_a0_ + pow3(((_a3_ + x) * _a7_))) + pow2((_a2_ * x))));{'d0': {'_a0_': 0.2484064162887276, '_a2_': 1.4598199778615792, '_a3_': 0.4181923880073279, '_a7_': -1.5011129737969393, '_a1_': 1.0, '_a4_': 1.0, '_a5_': 1.0, '_a6_': 1.0}};{'d0': 0.024885482501866875};-276.524567593312;41.26946026167441
3684;-96.9928235349818;-(((_a0_ + pow3(((_a3_ + x) * _a7_))) + pow2((_a2_ * x))));{'d0': {'_a0_': 0.2484064162887276, '_a2_': 1.4598199778615792, '_a3_': 0.4181923880073279, '_a7_': -1.5011129737969393, '_a1_': 1.0, '_a4_': 1.0, '_a5_': 1.0, '_a6_': 1.0}};{'d0': 0.024885482501866875};-276.524567593312;41.26946026167441
3685;-96.9928235349818;-(((_a0_ + pow3(((_a3_ + x) * _a7_))) + pow2((_a2_ * x))));{'d0': {'_a0_': 0.2484064162887276, '_a2_': 1.4598199778615792, '_a3_': 0.4181923880073279, '_a7_': -1.5011129737969393, '_a1_': 1.0, '_a4_': 1.0, '_a5_': 1.0, '_a6_': 1.0}};{'d0': 0.024885482501866875};-276.524567593312;41.26946026167441
3686;-96.9928235349818;-(((_a0_ + pow3(((_a3_ + x) * _a7_))) + pow2((_a2_ * x))));{'d0': {'_a0_': 0.2484064162887276, '_a2_': 1.4598199778615792, '_a3_': 0.4181923880073279, '_a7_': -1.5011129737969393, '_a1_': 1.0, '_a4_': 1.0, '_a5_': 1.0, '_a6_': 1.0}};{'d0': 0.024885482501866875};-276.524567593312;41.26946026167441
3687;-96.9928235349818;-(((_a0_ + pow3(((_a3_ + x) * _a7_))) + pow2((_a2_ * x))));{'d0': {'_a0_': 0.2484064162887276, '_a2_': 1.4598199778615792, '_a3_': 0.4181923880073279, '_a7_': -1.5011129737969393, '_a1_': 1.0, '_a4_': 1.0, '_a5_': 1.0, '_a6_': 1.0}};{'d0': 0.024885482501866875};-276.524567593312;41.26946026167441
3688;-96.9928235349818;-(((_a0_ + pow3(((_a3_ + x) * _a7_))) + pow2((_a2_ * x))));{'d0': {'_a0_': 0.2484064162887276, '_a2_': 1.4598199778615792, '_a3_': 0.4181923880073279, '_a7_': -1.5011129737969393, '_a1_': 1.0, '_a4_': 1.0, '_a5_': 1.0, '_a6_': 1.0}};{'d0': 0.024885482501866875};-276.524567593312;41.26946026167441
3689;-96.9928235349818;-(((_a0_ + pow3(((_a3_ + x) * _a7_))) + pow2((_a2_ * x))));{'d0': {'_a0_': 0.2484064162887276, '_a2_': 1.4598199778615792, '_a3_': 0.4181923880073279, '_a7_': -1.5011129737969393, '_a1_': 1.0, '_a4_': 1.0, '_a5_': 1.0, '_a6_': 1.0}};{'d0': 0.024885482501866875};-276.524567593312;41.26946026167441
3690;-96.9928235349818;-(((_a0_ + pow3(((_a3_ + x) * _a7_))) + pow2((_a2_ * x))));{'d0': {'_a0_': 0.2484064162887276, '_a2_': 1.4598199778615792, '_a3_': 0.4181923880073279, '_a7_': -1.5011129737969393, '_a1_': 1.0, '_a4_': 1.0, '_a5_': 1.0, '_a6_': 1.0}};{'d0': 0.024885482501866875};-276.524567593312;41.26946026167441
3691;-92.1158408958469;-(((_a0_ + pow3(((_a3_ + x) * _a7_))) + pow2((_a2_ * (x * _a3_)))));{'d0': {'_a0_': 0.24840641620191334, '_a2_': 3.4907856296031907, '_a3_': 0.41819238774258244, '_a7_': -1.5011129742314393, '_a1_': 1.0, '_a4_': 1.0, '_a5_': 1.0, '_a6_': 1.0}};{'d0': 0.024885482501866802};-276.524567593313;46.14644290080941
3692;-92.1158408958469;-(((_a0_ + pow3(((_a3_ + x) * _a7_))) + pow2((_a2_ * (x * _a3_)))));{'d0': {'_a0_': 0.24840641620191334, '_a2_': 3.4907856296031907, '_a3_': 0.41819238774258244, '_a7_': -1.5011129742314393, '_a1_': 1.0, '_a4_': 1.0, '_a5_': 1.0, '_a6_': 1.0}};{'d0': 0.024885482501866802};-276.524567593313;46.14644290080941
3693;-92.1158408958469;-(((_a0_ + pow3(((_a3_ + x) * _a7_))) + pow2((_a2_ * (x * _a3_)))));{'d0': {'_a0_': 0.24840641620191334, '_a2_': 3.4907856296031907, '_a3_': 0.41819238774258244, '_a7_': -1.5011129742314393, '_a1_': 1.0, '_a4_': 1.0, '_a5_': 1.0, '_a6_': 1.0}};{'d0': 0.024885482501866802};-276.524567593313;46.14644290080941
3694;-92.1158408958469;-(((_a0_ + pow3(((_a3_ + x) * _a7_))) + pow2((_a2_ * (x * _a3_)))));{'d0': {'_a0_': 0.24840641620191334, '_a2_': 3.4907856296031907, '_a3_': 0.41819238774258244, '_a7_': -1.5011129742314393, '_a1_': 1.0, '_a4_': 1.0, '_a5_': 1.0, '_a6_': 1.0}};{'d0': 0.024885482501866802};-276.524567593313;46.14644290080941
3695;-92.1158408958469;-(((_a0_ + pow3(((_a3_ + x) * _a7_))) + pow2((_a2_ * (x * _a3_)))));{'d0': {'_a0_': 0.24840641620191334, '_a2_': 3.4907856296031907, '_a3_': 0.41819238774258244, '_a7_': -1.5011129742314393, '_a1_': 1.0, '_a4_': 1.0, '_a5_': 1.0, '_a6_': 1.0}};{'d0': 0.024885482501866802};-276.524567593313;46.14644290080941
3696;-85.4522925497469;-(((_a0_ + pow3(((_a3_ + x) * _a7_))) + pow2((_a2_ * (x * (_a0_ ** _a3_))))));{'d0': {'_a0_': 0.24840641636371047, '_a2_': 2.6135909133884727, '_a3_': 0.4181923878089409, '_a7_': -1.5011129741640636, '_a1_': 1.0, '_a4_': 1.0, '_a5_': 1.0, '_a6_': 1.0}};{'d0': 0.024885482501866788};-276.524567593313;52.80999124690941
3697;-85.4522925497469;-(((_a0_ + pow3(((_a3_ + x) * _a7_))) + pow2((_a2_ * (x * (_a0_ ** _a3_))))));{'d0': {'_a0_': 0.24840641636371047, '_a2_': 2.6135909133884727, '_a3_': 0.4181923878089409, '_a7_': -1.5011129741640636, '_a1_': 1.0, '_a4_': 1.0, '_a5_': 1.0, '_a6_': 1.0}};{'d0': 0.024885482501866788};-276.524567593313;52.80999124690941
3698;-85.4522925497469;-(((_a0_ + pow3(((_a3_ + x) * _a7_))) + pow2((_a2_ * (x * (_a0_ ** _a3_))))));{'d0': {'_a0_': 0.24840641636371047, '_a2_': 2.6135909133884727, '_a3_': 0.4181923878089409, '_a7_': -1.5011129741640636, '_a1_': 1.0, '_a4_': 1.0, '_a5_': 1.0, '_a6_': 1.0}};{'d0': 0.024885482501866788};-276.524567593313;52.80999124690941
3699;-85.4522925497469;-(((_a0_ + pow3(((_a3_ + x) * _a7_))) + pow2((_a2_ * (x * (_a0_ ** _a3_))))));{'d0': {'_a0_': 0.24840641636371047, '_a2_': 2.6135909133884727, '_a3_': 0.4181923878089409, '_a7_': -1.5011129741640636, '_a1_': 1.0, '_a4_': 1.0, '_a5_': 1.0, '_a6_': 1.0}};{'d0': 0.024885482501866788};-276.524567593313;52.80999124690941
3700;-85.4522925497469;-(((_a0_ + pow3(((_a3_ + x) * _a7_))) + pow2((_a2_ * (x * (_a0_ ** _a3_))))));{'d0': {'_a0_': 0.24840641636371047, '_a2_': 2.6135909133884727, '_a3_': 0.4181923878089409, '_a7_': -1.5011129741640636, '_a1_': 1.0, '_a4_': 1.0, '_a5_': 1.0, '_a6_': 1.0}};{'d0': 0.024885482501866788};-276.524567593313;52.80999124690941
3701;-85.4522925497469;-(((_a0_ + pow3(((_a3_ + x) * _a7_))) + pow2((_a2_ * (x * (_a0_ ** _a3_))))));{'d0': {'_a0_': 0.24840641636371047, '_a2_': 2.6135909133884727, '_a3_': 0.4181923878089409, '_a7_': -1.5011129741640636, '_a1_': 1.0, '_a4_': 1.0, '_a5_': 1.0, '_a6_': 1.0}};{'d0': 0.024885482501866788};-276.524567593313;52.80999124690941
3702;-85.4522925497469;-(((_a0_ + pow3(((_a3_ + x) * _a7_))) + pow2((_a2_ * (x * (_a0_ ** _a3_))))));{'d0': {'_a0_': 0.24840641636371047, '_a2_': 2.6135909133884727, '_a3_': 0.4181923878089409, '_a7_': -1.5011129741640636, '_a1_': 1.0, '_a4_': 1.0, '_a5_': 1.0, '_a6_': 1.0}};{'d0': 0.024885482501866788};-276.524567593313;52.80999124690941
3703;-85.4522925497469;-(((_a0_ + pow3(((_a3_ + x) * _a7_))) + pow2((_a2_ * (x * (_a0_ ** _a3_))))));{'d0': {'_a0_': 0.24840641636371047, '_a2_': 2.6135909133884727, '_a3_': 0.4181923878089409, '_a7_': -1.5011129741640636, '_a1_': 1.0, '_a4_': 1.0, '_a5_': 1.0, '_a6_': 1.0}};{'d0': 0.024885482501866788};-276.524567593313;52.80999124690941
3704;-85.4522925497469;-(((_a0_ + pow3(((_a3_ + x) * _a7_))) + pow2((_a2_ * (x * (_a0_ ** _a3_))))));{'d0': {'_a0_': 0.24840641636371047, '_a2_': 2.6135909133884727, '_a3_': 0.4181923878089409, '_a7_': -1.5011129741640636, '_a1_': 1.0, '_a4_': 1.0, '_a5_': 1.0, '_a6_': 1.0}};{'d0': 0.024885482501866788};-276.524567593313;52.80999124690941
3705;-85.4522925497469;-(((_a0_ + pow3(((_a3_ + x) * _a7_))) + pow2((_a2_ * (x * (_a0_ ** _a3_))))));{'d0': {'_a0_': 0.24840641636371047, '_a2_': 2.6135909133884727, '_a3_': 0.4181923878089409, '_a7_': -1.5011129741640636, '_a1_': 1.0, '_a4_': 1.0, '_a5_': 1.0, '_a6_': 1.0}};{'d0': 0.024885482501866788};-276.524567593313;52.80999124690941
3706;-85.4522925497469;-(((_a0_ + pow3(((_a3_ + x) * _a7_))) + pow2((_a2_ * (x * (_a0_ ** _a3_))))));{'d0': {'_a0_': 0.24840641636371047, '_a2_': 2.6135909133884727, '_a3_': 0.4181923878089409, '_a7_': -1.5011129741640636, '_a1_': 1.0, '_a4_': 1.0, '_a5_': 1.0, '_a6_': 1.0}};{'d0': 0.024885482501866788};-276.524567593313;52.80999124690941
3707;-85.4522925497469;-(((_a0_ + pow3(((_a3_ + x) * _a7_))) + pow2((_a2_ * (x * (_a0_ ** _a3_))))));{'d0': {'_a0_': 0.24840641636371047, '_a2_': 2.6135909133884727, '_a3_': 0.4181923878089409, '_a7_': -1.5011129741640636, '_a1_': 1.0, '_a4_': 1.0, '_a5_': 1.0, '_a6_': 1.0}};{'d0': 0.024885482501866788};-276.524567593313;52.80999124690941
3708;-85.4522925497469;-(((_a0_ + pow3(((_a3_ + x) * _a7_))) + pow2((_a2_ * (x * (_a0_ ** _a3_))))));{'d0': {'_a0_': 0.24840641636371047, '_a2_': 2.6135909133884727, '_a3_': 0.4181923878089409, '_a7_': -1.5011129741640636, '_a1_': 1.0, '_a4_': 1.0, '_a5_': 1.0, '_a6_': 1.0}};{'d0': 0.024885482501866788};-276.524567593313;52.80999124690941
3709;-85.4522925497469;-(((_a0_ + pow3(((_a3_ + x) * _a7_))) + pow2((_a2_ * (x * (_a0_ ** _a3_))))));{'d0': {'_a0_': 0.24840641636371047, '_a2_': 2.6135909133884727, '_a3_': 0.4181923878089409, '_a7_': -1.5011129741640636, '_a1_': 1.0, '_a4_': 1.0, '_a5_': 1.0, '_a6_': 1.0}};{'d0': 0.024885482501866788};-276.524567593313;52.80999124690941
3710;-85.4522925497469;-(((_a0_ + pow3(((_a3_ + x) * _a7_))) + pow2((_a2_ * (x * (_a0_ ** _a3_))))));{'d0': {'_a0_': 0.24840641636371047, '_a2_': 2.6135909133884727, '_a3_': 0.4181923878089409, '_a7_': -1.5011129741640636, '_a1_': 1.0, '_a4_': 1.0, '_a5_': 1.0, '_a6_': 1.0}};{'d0': 0.024885482501866788};-276.524567593313;52.80999124690941
3711;-85.4522925497469;-(((_a0_ + pow3(((_a3_ + x) * _a7_))) + pow2((_a2_ * (x * (_a0_ ** _a3_))))));{'d0': {'_a0_': 0.24840641636371047, '_a2_': 2.6135909133884727, '_a3_': 0.4181923878089409, '_a7_': -1.5011129741640636, '_a1_': 1.0, '_a4_': 1.0, '_a5_': 1.0, '_a6_': 1.0}};{'d0': 0.024885482501866788};-276.524567593313;52.80999124690941
3712;-87.1665009703899;-(((_a0_ + pow3(((_a3_ + x) * _a7_))) + pow2((_a2_ * (x * (_a0_ * _a3_))))));{'d0': {'_a0_': 0.24840641610032174, '_a2_': 14.052719267031597, '_a3_': 0.4181923877795833, '_a7_': -1.5011129741375344, '_a1_': 1.0, '_a4_': 1.0, '_a5_': 1.0, '_a6_': 1.0}};{'d0': 0.024885482501866785};-276.524567593313;51.095782826266415
3713;-87.1665009703899;-(((_a0_ + pow3(((_a3_ + x) * _a7_))) + pow2((_a2_ * (x * (_a0_ * _a3_))))));{'d0': {'_a0_': 0.24840641610032174, '_a2_': 14.052719267031597, '_a3_': 0.4181923877795833, '_a7_': -1.5011129741375344, '_a1_': 1.0, '_a4_': 1.0, '_a5_': 1.0, '_a6_': 1.0}};{'d0': 0.024885482501866785};-276.524567593313;51.095782826266415
3714;-88.4353886575856;-(((_a0_ + pow3(((_a3_ + x) * _a7_))) + pow2((_a2_ * (x * -(_a7_))))));{'d0': {'_a0_': 0.24840641636097083, '_a2_': 0.9724917461128789, '_a3_': 0.41819238775259815, '_a7_': -1.5011129742642968, '_a1_': 1.0, '_a4_': 1.0, '_a5_': 1.0, '_a6_': 1.0}};{'d0': 0.024885482501866896};-276.524567593312;49.82689513907059
3715;-88.4353886575856;-(((_a0_ + pow3(((_a3_ + x) * _a7_))) + pow2((_a2_ * (x * -(_a7_))))));{'d0': {'_a0_': 0.24840641636097083, '_a2_': 0.9724917461128789, '_a3_': 0.41819238775259815, '_a7_': -1.5011129742642968, '_a1_': 1.0, '_a4_': 1.0, '_a5_': 1.0, '_a6_': 1.0}};{'d0': 0.024885482501866896};-276.524567593312;49.82689513907059
3716;-88.4353886575856;-(((_a0_ + pow3(((_a3_ + x) * _a7_))) + pow2((_a2_ * (x * -(_a7_))))));{'d0': {'_a0_': 0.24840641636097083, '_a2_': 0.9724917461128789, '_a3_': 0.41819238775259815, '_a7_': -1.5011129742642968, '_a1_': 1.0, '_a4_': 1.0, '_a5_': 1.0, '_a6_': 1.0}};{'d0': 0.024885482501866896};-276.524567593312;49.82689513907059
3717;-88.4353886575856;-(((_a0_ + pow3(((_a3_ + x) * _a7_))) + pow2((_a2_ * (x * -(_a7_))))));{'d0': {'_a0_': 0.24840641636097083, '_a2_': 0.9724917461128789, '_a3_': 0.41819238775259815, '_a7_': -1.5011129742642968, '_a1_': 1.0, '_a4_': 1.0, '_a5_': 1.0, '_a6_': 1.0}};{'d0': 0.024885482501866896};-276.524567593312;49.82689513907059
3718;-88.4353886575856;-(((_a0_ + pow3(((_a3_ + x) * _a7_))) + pow2((_a2_ * (x * -(_a7_))))));{'d0': {'_a0_': 0.24840641636097083, '_a2_': 0.9724917461128789, '_a3_': 0.41819238775259815, '_a7_': -1.5011129742642968, '_a1_': 1.0, '_a4_': 1.0, '_a5_': 1.0, '_a6_': 1.0}};{'d0': 0.024885482501866896};-276.524567593312;49.82689513907059
3719;-88.4353886575856;-(((_a0_ + pow3(((_a3_ + x) * _a7_))) + pow2((_a2_ * (x * -(_a7_))))));{'d0': {'_a0_': 0.24840641636097083, '_a2_': 0.9724917461128789, '_a3_': 0.41819238775259815, '_a7_': -1.5011129742642968, '_a1_': 1.0, '_a4_': 1.0, '_a5_': 1.0, '_a6_': 1.0}};{'d0': 0.024885482501866896};-276.524567593312;49.82689513907059
3720;-88.4353886575856;-(((_a0_ + pow3(((_a3_ + x) * _a7_))) + pow2((_a2_ * (x * -(_a7_))))));{'d0': {'_a0_': 0.24840641636097083, '_a2_': 0.9724917461128789, '_a3_': 0.41819238775259815, '_a7_': -1.5011129742642968, '_a1_': 1.0, '_a4_': 1.0, '_a5_': 1.0, '_a6_': 1.0}};{'d0': 0.024885482501866896};-276.524567593312;49.82689513907059
3721;-88.4353886575856;-(((_a0_ + pow3(((_a3_ + x) * _a7_))) + pow2((_a2_ * (x * -(_a7_))))));{'d0': {'_a0_': 0.24840641636097083, '_a2_': 0.9724917461128789, '_a3_': 0.41819238775259815, '_a7_': -1.5011129742642968, '_a1_': 1.0, '_a4_': 1.0, '_a5_': 1.0, '_a6_': 1.0}};{'d0': 0.024885482501866896};-276.524567593312;49.82689513907059
3722;-93.0441623836559;((((((x * _a6_) * (x + _a4_)) + _a2_) * x) + x) * ((_a6_ * _a2_) * _a6_));{'d0': {'_a2_': 0.25072886111359405, '_a4_': 0.6238594154814721, '_a6_': 2.3792057085110594, '_a0_': 1.0, '_a1_': 1.0, '_a3_': 1.0, '_a5_': 1.0, '_a7_': 1.0}};{'d0': 0.024905832919416625};-280.569866449044;47.24077084086599
3723;-93.0441623836559;((((((x * _a6_) * (x + _a4_)) + _a2_) * x) + x) * ((_a6_ * _a2_) * _a6_));{'d0': {'_a2_': 0.25072886111359405, '_a4_': 0.6238594154814721, '_a6_': 2.3792057085110594, '_a0_': 1.0, '_a1_': 1.0, '_a3_': 1.0, '_a5_': 1.0, '_a7_': 1.0}};{'d0': 0.024905832919416625};-280.569866449044;47.24077084086599
3724;-88.4353886575856;-(((_a0_ + pow3(((_a3_ + x) * _a7_))) + pow2((_a2_ * (x * -(_a7_))))));{'d0': {'_a0_': 0.24840641636097083, '_a2_': 0.9724917461128789, '_a3_': 0.41819238775259815, '_a7_': -1.5011129742642968, '_a1_': 1.0, '_a4_': 1.0, '_a5_': 1.0, '_a6_': 1.0}};{'d0': 0.024885482501866896};-276.524567593312;49.82689513907059
3725;-93.0441623836559;((((((x * _a6_) * (x + _a4_)) + _a2_) * x) + x) * ((_a6_ * _a2_) * _a6_));{'d0': {'_a2_': 0.25072886111359405, '_a4_': 0.6238594154814721, '_a6_': 2.3792057085110594, '_a0_': 1.0, '_a1_': 1.0, '_a3_': 1.0, '_a5_': 1.0, '_a7_': 1.0}};{'d0': 0.024905832919416625};-280.569866449044;47.24077084086599
3726;-93.0441623836559;((((((x * _a6_) * (x + _a4_)) + _a2_) * x) + x) * ((_a6_ * _a2_) * _a6_));{'d0': {'_a2_': 0.25072886111359405, '_a4_': 0.6238594154814721, '_a6_': 2.3792057085110594, '_a0_': 1.0, '_a1_': 1.0, '_a3_': 1.0, '_a5_': 1.0, '_a7_': 1.0}};{'d0': 0.024905832919416625};-280.569866449044;47.24077084086599
3727;-93.0441623836559;((((((x * _a6_) * (x + _a4_)) + _a2_) * x) + x) * ((_a6_ * _a2_) * _a6_));{'d0': {'_a2_': 0.25072886111359405, '_a4_': 0.6238594154814721, '_a6_': 2.3792057085110594, '_a0_': 1.0, '_a1_': 1.0, '_a3_': 1.0, '_a5_': 1.0, '_a7_': 1.0}};{'d0': 0.024905832919416625};-280.569866449044;47.24077084086599
3728;-93.0441623836559;((((((x * _a6_) * (x + _a4_)) + _a2_) * x) + x) * ((_a6_ * _a2_) * _a6_));{'d0': {'_a2_': 0.25072886111359405, '_a4_': 0.6238594154814721, '_a6_': 2.3792057085110594, '_a0_': 1.0, '_a1_': 1.0, '_a3_': 1.0, '_a5_': 1.0, '_a7_': 1.0}};{'d0': 0.024905832919416625};-280.569866449044;47.24077084086599
3729;-93.0441623836559;((((((x * _a6_) * (x + _a4_)) + _a2_) * x) + x) * ((_a6_ * _a2_) * _a6_));{'d0': {'_a2_': 0.25072886111359405, '_a4_': 0.6238594154814721, '_a6_': 2.3792057085110594, '_a0_': 1.0, '_a1_': 1.0, '_a3_': 1.0, '_a5_': 1.0, '_a7_': 1.0}};{'d0': 0.024905832919416625};-280.569866449044;47.24077084086599
3730;-93.0441623836559;((((((x * _a6_) * (x + _a4_)) + _a2_) * x) + x) * ((_a6_ * _a2_) * _a6_));{'d0': {'_a2_': 0.25072886111359405, '_a4_': 0.6238594154814721, '_a6_': 2.3792057085110594, '_a0_': 1.0, '_a1_': 1.0, '_a3_': 1.0, '_a5_': 1.0, '_a7_': 1.0}};{'d0': 0.024905832919416625};-280.569866449044;47.24077084086599
3731;-93.0441623836559;((((((x * _a6_) * (x + _a4_)) + _a4_) * x) + x) * ((_a6_ * _a2_) * _a6_));{'d0': {'_a2_': 0.11456410277987154, '_a4_': 0.6238594154614594, '_a6_': 3.0889953167716144, '_a0_': 1.0, '_a1_': 1.0, '_a3_': 1.0, '_a5_': 1.0, '_a7_': 1.0}};{'d0': 0.024905832919416625};-280.569866449044;47.24077084086599
3732;-93.0441623836559;((((((x * _a6_) * (x + _a4_)) + _a4_) * x) + x) * ((_a6_ * _a2_) * _a6_));{'d0': {'_a2_': 0.11456410277987154, '_a4_': 0.6238594154614594, '_a6_': 3.0889953167716144, '_a0_': 1.0, '_a1_': 1.0, '_a3_': 1.0, '_a5_': 1.0, '_a7_': 1.0}};{'d0': 0.024905832919416625};-280.569866449044;47.24077084086599
3733;-93.0441623836559;((((((x * _a6_) * (x + _a4_)) + _a4_) * x) + x) * ((_a6_ * _a2_) * _a6_));{'d0': {'_a2_': 0.11456410277987154, '_a4_': 0.6238594154614594, '_a6_': 3.0889953167716144, '_a0_': 1.0, '_a1_': 1.0, '_a3_': 1.0, '_a5_': 1.0, '_a7_': 1.0}};{'d0': 0.024905832919416625};-280.569866449044;47.24077084086599
3734;-93.0441623836559;((((((x * _a6_) * (x + _a4_)) + _a4_) * x) + x) * ((_a6_ * _a2_) * _a6_));{'d0': {'_a2_': 0.11456410277987154, '_a4_': 0.6238594154614594, '_a6_': 3.0889953167716144, '_a0_': 1.0, '_a1_': 1.0, '_a3_': 1.0, '_a5_': 1.0, '_a7_': 1.0}};{'d0': 0.024905832919416625};-280.569866449044;47.24077084086599
3735;-93.0441623836559;((((((x * _a6_) * (x + _a4_)) + _a4_) * x) + x) * ((_a6_ * _a2_) * _a6_));{'d0': {'_a2_': 0.11456410277987154, '_a4_': 0.6238594154614594, '_a6_': 3.0889953167716144, '_a0_': 1.0, '_a1_': 1.0, '_a3_': 1.0, '_a5_': 1.0, '_a7_': 1.0}};{'d0': 0.024905832919416625};-280.569866449044;47.24077084086599
3736;-88.4353886575856;-(((_a0_ + pow3(((_a3_ + x) * _a7_))) + pow2((_a2_ * (x * -(_a7_))))));{'d0': {'_a0_': 0.24840641636097083, '_a2_': 0.9724917461128789, '_a3_': 0.41819238775259815, '_a7_': -1.5011129742642968, '_a1_': 1.0, '_a4_': 1.0, '_a5_': 1.0, '_a6_': 1.0}};{'d0': 0.024885482501866896};-276.524567593312;49.82689513907059
3737;-88.4353886575856;-(((_a0_ + pow3(((_a3_ + x) * _a7_))) + pow2((_a2_ * (x * -(_a7_))))));{'d0': {'_a0_': 0.24840641636097083, '_a2_': 0.9724917461128789, '_a3_': 0.41819238775259815, '_a7_': -1.5011129742642968, '_a1_': 1.0, '_a4_': 1.0, '_a5_': 1.0, '_a6_': 1.0}};{'d0': 0.024885482501866896};-276.524567593312;49.82689513907059
3738;-88.4353886575856;-(((_a0_ + pow3(((_a3_ + x) * _a7_))) + pow2((_a2_ * (x * -(_a7_))))));{'d0': {'_a0_': 0.24840641636097083, '_a2_': 0.9724917461128789, '_a3_': 0.41819238775259815, '_a7_': -1.5011129742642968, '_a1_': 1.0, '_a4_': 1.0, '_a5_': 1.0, '_a6_': 1.0}};{'d0': 0.024885482501866896};-276.524567593312;49.82689513907059
3739;-88.4353886575856;-(((_a0_ + pow3(((_a3_ + x) * _a7_))) + pow2((_a2_ * (x * -(_a7_))))));{'d0': {'_a0_': 0.24840641636097083, '_a2_': 0.9724917461128789, '_a3_': 0.41819238775259815, '_a7_': -1.5011129742642968, '_a1_': 1.0, '_a4_': 1.0, '_a5_': 1.0, '_a6_': 1.0}};{'d0': 0.024885482501866896};-276.524567593312;49.82689513907059
3740;-88.4353886575856;-(((_a0_ + pow3(((_a3_ + x) * _a7_))) + pow2((_a2_ * (x * -(_a7_))))));{'d0': {'_a0_': 0.24840641636097083, '_a2_': 0.9724917461128789, '_a3_': 0.41819238775259815, '_a7_': -1.5011129742642968, '_a1_': 1.0, '_a4_': 1.0, '_a5_': 1.0, '_a6_': 1.0}};{'d0': 0.024885482501866896};-276.524567593312;49.82689513907059
3741;-88.4353886575856;-(((_a0_ + pow3(((_a3_ + x) * _a7_))) + pow2((_a2_ * (x * -(_a7_))))));{'d0': {'_a0_': 0.24840641636097083, '_a2_': 0.9724917461128789, '_a3_': 0.41819238775259815, '_a7_': -1.5011129742642968, '_a1_': 1.0, '_a4_': 1.0, '_a5_': 1.0, '_a6_': 1.0}};{'d0': 0.024885482501866896};-276.524567593312;49.82689513907059
3742;-88.4353886575856;-(((_a0_ + pow3(((_a3_ + x) * _a7_))) + pow2((_a2_ * (x * -(_a7_))))));{'d0': {'_a0_': 0.24840641636097083, '_a2_': 0.9724917461128789, '_a3_': 0.41819238775259815, '_a7_': -1.5011129742642968, '_a1_': 1.0, '_a4_': 1.0, '_a5_': 1.0, '_a6_': 1.0}};{'d0': 0.024885482501866896};-276.524567593312;49.82689513907059
3743;-88.4353886575856;-(((_a0_ + pow3(((_a3_ + x) * _a7_))) + pow2((_a2_ * (x * -(_a7_))))));{'d0': {'_a0_': 0.24840641636097083, '_a2_': 0.9724917461128789, '_a3_': 0.41819238775259815, '_a7_': -1.5011129742642968, '_a1_': 1.0, '_a4_': 1.0, '_a5_': 1.0, '_a6_': 1.0}};{'d0': 0.024885482501866896};-276.524567593312;49.82689513907059
3744;-90.9969901024906;((((((x * _a2_) * (x + _a4_)) + _a1_) * x) + x) * ((_a6_ * _a2_) * _a6_));{'d0': {'_a1_': -0.801949847282106, '_a2_': 0.37674196904809265, '_a4_': 0.6238594155628958, '_a6_': 4.8775995909483925, '_a0_': 1.0, '_a3_': 1.0, '_a5_': 1.0, '_a7_': 1.0}};{'d0': 0.024905832919461645};-276.475521886713;47.24077084086599
3745;-90.9969901024906;((((((x * _a2_) * (x + _a4_)) + _a1_) * x) + x) * ((_a6_ * _a2_) * _a6_));{'d0': {'_a1_': -0.801949847282106, '_a2_': 0.37674196904809265, '_a4_': 0.6238594155628958, '_a6_': 4.8775995909483925, '_a0_': 1.0, '_a3_': 1.0, '_a5_': 1.0, '_a7_': 1.0}};{'d0': 0.024905832919461645};-276.475521886713;47.24077084086599
3746;-90.2907528301795;((((((x / _a2_) * (x + _a4_)) + _a1_) * x) + x) * ((_a6_ * _a2_) * _a6_));{'d0': {'_a1_': -0.5104105191781061, '_a2_': 1.0737396365560974, '_a4_': 0.6238594153121805, '_a6_': 1.8375964954008621, '_a0_': 1.0, '_a3_': 1.0, '_a5_': 1.0, '_a7_': 1.0}};{'d0': 0.02490583292279049};-276.475521878694;47.94700810916739
3747;-90.2907528301795;((((((x / _a2_) * (x + _a4_)) + _a1_) * x) + x) * ((_a6_ * _a2_) * _a6_));{'d0': {'_a1_': -0.5104105191781061, '_a2_': 1.0737396365560974, '_a4_': 0.6238594153121805, '_a6_': 1.8375964954008621, '_a0_': 1.0, '_a3_': 1.0, '_a5_': 1.0, '_a7_': 1.0}};{'d0': 0.02490583292279049};-276.475521878694;47.94700810916739
3748;-90.2907528301795;((((((x / _a2_) * (x + _a4_)) + _a1_) * x) + x) * ((_a6_ * _a2_) * _a6_));{'d0': {'_a1_': -0.5104105191781061, '_a2_': 1.0737396365560974, '_a4_': 0.6238594153121805, '_a6_': 1.8375964954008621, '_a0_': 1.0, '_a3_': 1.0, '_a5_': 1.0, '_a7_': 1.0}};{'d0': 0.02490583292279049};-276.475521878694;47.94700810916739
3749;-90.2907528301795;((((((x / _a2_) * (x + _a4_)) + _a1_) * x) + x) * ((_a6_ * _a2_) * _a6_));{'d0': {'_a1_': -0.5104105191781061, '_a2_': 1.0737396365560974, '_a4_': 0.6238594153121805, '_a6_': 1.8375964954008621, '_a0_': 1.0, '_a3_': 1.0, '_a5_': 1.0, '_a7_': 1.0}};{'d0': 0.02490583292279049};-276.475521878694;47.94700810916739
3750;-90.2907528301795;((((((x / _a2_) * (x + _a4_)) + _a1_) * x) + x) * ((_a6_ * _a2_) * _a6_));{'d0': {'_a1_': -0.5104105191781061, '_a2_': 1.0737396365560974, '_a4_': 0.6238594153121805, '_a6_': 1.8375964954008621, '_a0_': 1.0, '_a3_': 1.0, '_a5_': 1.0, '_a7_': 1.0}};{'d0': 0.02490583292279049};-276.475521878694;47.94700810916739
3751;-90.2907528301795;((((((x / _a2_) * (x + _a4_)) + _a1_) * x) + x) * ((_a6_ * _a2_) * _a6_));{'d0': {'_a1_': -0.5104105191781061, '_a2_': 1.0737396365560974, '_a4_': 0.6238594153121805, '_a6_': 1.8375964954008621, '_a0_': 1.0, '_a3_': 1.0, '_a5_': 1.0, '_a7_': 1.0}};{'d0': 0.02490583292279049};-276.475521878694;47.94700810916739
3752;-90.2907528301795;((((((x / _a2_) * (x + _a4_)) + _a1_) * x) + x) * ((_a6_ * _a2_) * _a6_));{'d0': {'_a1_': -0.5104105191781061, '_a2_': 1.0737396365560974, '_a4_': 0.6238594153121805, '_a6_': 1.8375964954008621, '_a0_': 1.0, '_a3_': 1.0, '_a5_': 1.0, '_a7_': 1.0}};{'d0': 0.02490583292279049};-276.475521878694;47.94700810916739
3753;-90.2907528301795;((((((x / _a2_) * (x + _a4_)) + _a1_) * x) + x) * ((_a6_ * _a2_) * _a6_));{'d0': {'_a1_': -0.5104105191781061, '_a2_': 1.0737396365560974, '_a4_': 0.6238594153121805, '_a6_': 1.8375964954008621, '_a0_': 1.0, '_a3_': 1.0, '_a5_': 1.0, '_a7_': 1.0}};{'d0': 0.02490583292279049};-276.475521878694;47.94700810916739
3754;-90.2907528301795;((((((x / _a2_) * (x + _a4_)) + _a1_) * x) + x) * ((_a6_ * _a2_) * _a6_));{'d0': {'_a1_': -0.5104105191781061, '_a2_': 1.0737396365560974, '_a4_': 0.6238594153121805, '_a6_': 1.8375964954008621, '_a0_': 1.0, '_a3_': 1.0, '_a5_': 1.0, '_a7_': 1.0}};{'d0': 0.02490583292279049};-276.475521878694;47.94700810916739
3755;-90.2907528301795;((((((x / _a2_) * (x + _a4_)) + _a1_) * x) + x) * ((_a6_ * _a2_) * _a6_));{'d0': {'_a1_': -0.5104105191781061, '_a2_': 1.0737396365560974, '_a4_': 0.6238594153121805, '_a6_': 1.8375964954008621, '_a0_': 1.0, '_a3_': 1.0, '_a5_': 1.0, '_a7_': 1.0}};{'d0': 0.02490583292279049};-276.475521878694;47.94700810916739
3756;-90.2907528301795;((((((x / _a2_) * (x + _a4_)) + _a1_) * x) + x) * ((_a6_ * _a2_) * _a6_));{'d0': {'_a1_': -0.5104105191781061, '_a2_': 1.0737396365560974, '_a4_': 0.6238594153121805, '_a6_': 1.8375964954008621, '_a0_': 1.0, '_a3_': 1.0, '_a5_': 1.0, '_a7_': 1.0}};{'d0': 0.02490583292279049};-276.475521878694;47.94700810916739
3757;-90.2907528301795;((((((x / _a2_) * (x + _a4_)) + _a1_) * x) + x) * ((_a6_ * _a2_) * _a6_));{'d0': {'_a1_': -0.5104105191781061, '_a2_': 1.0737396365560974, '_a4_': 0.6238594153121805, '_a6_': 1.8375964954008621, '_a0_': 1.0, '_a3_': 1.0, '_a5_': 1.0, '_a7_': 1.0}};{'d0': 0.02490583292279049};-276.475521878694;47.94700810916739
3758;-90.2907528301795;((((((x / _a2_) * (x + _a4_)) + _a1_) * x) + x) * ((_a6_ * _a2_) * _a6_));{'d0': {'_a1_': -0.5104105191781061, '_a2_': 1.0737396365560974, '_a4_': 0.6238594153121805, '_a6_': 1.8375964954008621, '_a0_': 1.0, '_a3_': 1.0, '_a5_': 1.0, '_a7_': 1.0}};{'d0': 0.02490583292279049};-276.475521878694;47.94700810916739
3759;-90.2907528301795;((((((x / _a2_) * (x + _a4_)) + _a1_) * x) + x) * ((_a6_ * _a2_) * _a6_));{'d0': {'_a1_': -0.5104105191781061, '_a2_': 1.0737396365560974, '_a4_': 0.6238594153121805, '_a6_': 1.8375964954008621, '_a0_': 1.0, '_a3_': 1.0, '_a5_': 1.0, '_a7_': 1.0}};{'d0': 0.02490583292279049};-276.475521878694;47.94700810916739
3760;-90.2907528301795;((((((x / _a2_) * (x + _a4_)) + _a1_) * x) + x) * ((_a6_ * _a2_) * _a6_));{'d0': {'_a1_': -0.5104105191781061, '_a2_': 1.0737396365560974, '_a4_': 0.6238594153121805, '_a6_': 1.8375964954008621, '_a0_': 1.0, '_a3_': 1.0, '_a5_': 1.0, '_a7_': 1.0}};{'d0': 0.02490583292279049};-276.475521878694;47.94700810916739
3761;-90.2907528301795;((((((x / _a2_) * (x + _a4_)) + _a1_) * x) + x) * ((_a6_ * _a2_) * _a6_));{'d0': {'_a1_': -0.5104105191781061, '_a2_': 1.0737396365560974, '_a4_': 0.6238594153121805, '_a6_': 1.8375964954008621, '_a0_': 1.0, '_a3_': 1.0, '_a5_': 1.0, '_a7_': 1.0}};{'d0': 0.02490583292279049};-276.475521878694;47.94700810916739
3762;-90.2907528301795;((((((x / _a2_) * (x + _a4_)) + _a1_) * x) + x) * ((_a6_ * _a2_) * _a6_));{'d0': {'_a1_': -0.5104105191781061, '_a2_': 1.0737396365560974, '_a4_': 0.6238594153121805, '_a6_': 1.8375964954008621, '_a0_': 1.0, '_a3_': 1.0, '_a5_': 1.0, '_a7_': 1.0}};{'d0': 0.02490583292279049};-276.475521878694;47.94700810916739
3763;-90.2907528341346;((((((x / _a2_) * (x + _a4_)) + _a1_) * x) + x) * ((_a6_ * _a4_) * _a6_));{'d0': {'_a1_': -0.47315573519763254, '_a2_': 0.9978123936931036, '_a4_': 0.6238594156011836, '_a6_': 2.3239738512858397, '_a0_': 1.0, '_a3_': 1.0, '_a5_': 1.0, '_a7_': 1.0}};{'d0': 0.024905832919506994};-276.475521886604;47.94700810916739
3764;-90.2907528341346;((((((x / _a2_) * (x + _a4_)) + _a1_) * x) + x) * ((_a6_ * _a4_) * _a6_));{'d0': {'_a1_': -0.47315573519763254, '_a2_': 0.9978123936931036, '_a4_': 0.6238594156011836, '_a6_': 2.3239738512858397, '_a0_': 1.0, '_a3_': 1.0, '_a5_': 1.0, '_a7_': 1.0}};{'d0': 0.024905832919506994};-276.475521886604;47.94700810916739
3765;-90.2907528341346;((((((x / _a2_) * (x + _a4_)) + _a1_) * x) + x) * ((_a6_ * _a4_) * _a6_));{'d0': {'_a1_': -0.47315573519763254, '_a2_': 0.9978123936931036, '_a4_': 0.6238594156011836, '_a6_': 2.3239738512858397, '_a0_': 1.0, '_a3_': 1.0, '_a5_': 1.0, '_a7_': 1.0}};{'d0': 0.024905832919506994};-276.475521886604;47.94700810916739
3766;-72.4445783652933;((pow3((((x / _a0_) + _a5_) + (_a0_ + _a6_))) + -(_a5_)) + (_a6_ * ((pow2(x) / _a2_) / x)));{'d0': {'_a0_': 0.666172378116303, '_a2_': -0.28857760236972774, '_a5_': 0.03154389649698003, '_a6_': -0.3852089876194949, '_a1_': 1.0, '_a3_': 1.0, '_a4_': 1.0, '_a7_': 1.0}};{'d0': 0.02488548250186682};-276.524567593313;65.817705431363
3767;-72.4445783652933;((pow3((((x / _a0_) + _a5_) + (_a0_ + _a6_))) + -(_a5_)) + (_a6_ * ((pow2(x) / _a2_) / x)));{'d0': {'_a0_': 0.666172378116303, '_a2_': -0.28857760236972774, '_a5_': 0.03154389649698003, '_a6_': -0.3852089876194949, '_a1_': 1.0, '_a3_': 1.0, '_a4_': 1.0, '_a7_': 1.0}};{'d0': 0.02488548250186682};-276.524567593313;65.817705431363
3768;-72.4445783652933;((pow3((((x / _a0_) + _a5_) + (_a0_ + _a6_))) + -(_a5_)) + (_a6_ * ((pow2(x) / _a2_) / x)));{'d0': {'_a0_': 0.666172378116303, '_a2_': -0.28857760236972774, '_a5_': 0.03154389649698003, '_a6_': -0.3852089876194949, '_a1_': 1.0, '_a3_': 1.0, '_a4_': 1.0, '_a7_': 1.0}};{'d0': 0.02488548250186682};-276.524567593313;65.817705431363
3769;-72.4445783652933;((pow3((((x / _a0_) + _a5_) + (_a0_ + _a6_))) + -(_a5_)) + (_a6_ * ((pow2(x) / _a2_) / x)));{'d0': {'_a0_': 0.666172378116303, '_a2_': -0.28857760236972774, '_a5_': 0.03154389649698003, '_a6_': -0.3852089876194949, '_a1_': 1.0, '_a3_': 1.0, '_a4_': 1.0, '_a7_': 1.0}};{'d0': 0.02488548250186682};-276.524567593313;65.817705431363
3770;-72.4445783652933;((pow3((((x / _a0_) + _a5_) + (_a0_ + _a6_))) + -(_a5_)) + (_a6_ * ((pow2(x) / _a2_) / x)));{'d0': {'_a0_': 0.666172378116303, '_a2_': -0.28857760236972774, '_a5_': 0.03154389649698003, '_a6_': -0.3852089876194949, '_a1_': 1.0, '_a3_': 1.0, '_a4_': 1.0, '_a7_': 1.0}};{'d0': 0.02488548250186682};-276.524567593313;65.817705431363
3771;-92.3379251153545;((((((x / _a2_) * (x + _a4_)) + _a6_) * x) + x) * ((_a6_ * _a4_) * _a6_));{'d0': {'_a2_': 0.24447090077999417, '_a4_': 0.6238594154001651, '_a6_': 1.15032450978972, '_a0_': 1.0, '_a1_': 1.0, '_a3_': 1.0, '_a5_': 1.0, '_a7_': 1.0}};{'d0': 0.02490583291941663};-280.569866449044;47.94700810916739
3772;-92.3379251153545;((((((x / _a2_) * (x + _a4_)) + _a6_) * x) + x) * ((_a6_ * _a4_) * _a6_));{'d0': {'_a2_': 0.24447090077999417, '_a4_': 0.6238594154001651, '_a6_': 1.15032450978972, '_a0_': 1.0, '_a1_': 1.0, '_a3_': 1.0, '_a5_': 1.0, '_a7_': 1.0}};{'d0': 0.02490583291941663};-280.569866449044;47.94700810916739
3773;-92.3379251153545;((((((x / _a2_) * (x + _a4_)) + _a6_) * x) + x) * ((_a6_ * _a4_) * _a6_));{'d0': {'_a2_': 0.24447090077999417, '_a4_': 0.6238594154001651, '_a6_': 1.15032450978972, '_a0_': 1.0, '_a1_': 1.0, '_a3_': 1.0, '_a5_': 1.0, '_a7_': 1.0}};{'d0': 0.02490583291941663};-280.569866449044;47.94700810916739
3774;-92.3379251153545;((((((x / _a2_) * (x + _a4_)) + _a6_) * x) + x) * ((_a6_ * _a4_) * _a6_));{'d0': {'_a2_': 0.24447090077999417, '_a4_': 0.6238594154001651, '_a6_': 1.15032450978972, '_a0_': 1.0, '_a1_': 1.0, '_a3_': 1.0, '_a5_': 1.0, '_a7_': 1.0}};{'d0': 0.02490583291941663};-280.569866449044;47.94700810916739
3775;-92.3379251153545;((((((x / _a2_) * (x + _a4_)) + _a6_) * x) + x) * ((_a6_ * _a4_) * _a6_));{'d0': {'_a2_': 0.24447090077999417, '_a4_': 0.6238594154001651, '_a6_': 1.15032450978972, '_a0_': 1.0, '_a1_': 1.0, '_a3_': 1.0, '_a5_': 1.0, '_a7_': 1.0}};{'d0': 0.02490583291941663};-280.569866449044;47.94700810916739
3776;-92.3379251153545;((((((x / _a2_) * (x + _a4_)) + _a6_) * x) + x) * ((_a6_ * _a4_) * _a6_));{'d0': {'_a2_': 0.24447090077999417, '_a4_': 0.6238594154001651, '_a6_': 1.15032450978972, '_a0_': 1.0, '_a1_': 1.0, '_a3_': 1.0, '_a5_': 1.0, '_a7_': 1.0}};{'d0': 0.02490583291941663};-280.569866449044;47.94700810916739
3777;-92.3379251153545;((((((x / _a2_) * (x + _a4_)) + _a6_) * x) + x) * ((_a6_ * _a4_) * _a6_));{'d0': {'_a2_': 0.24447090077999417, '_a4_': 0.6238594154001651, '_a6_': 1.15032450978972, '_a0_': 1.0, '_a1_': 1.0, '_a3_': 1.0, '_a5_': 1.0, '_a7_': 1.0}};{'d0': 0.02490583291941663};-280.569866449044;47.94700810916739
3778;-92.3379251153545;((((((x / _a2_) * (x + _a4_)) + _a6_) * x) + x) * ((_a6_ * _a4_) * _a6_));{'d0': {'_a2_': 0.24447090077999417, '_a4_': 0.6238594154001651, '_a6_': 1.15032450978972, '_a0_': 1.0, '_a1_': 1.0, '_a3_': 1.0, '_a5_': 1.0, '_a7_': 1.0}};{'d0': 0.02490583291941663};-280.569866449044;47.94700810916739
3779;-92.3379251153545;((((((x / _a2_) * (x + _a4_)) + _a6_) * x) + x) * ((_a6_ * _a4_) * _a6_));{'d0': {'_a2_': 0.24447090077999417, '_a4_': 0.6238594154001651, '_a6_': 1.15032450978972, '_a0_': 1.0, '_a1_': 1.0, '_a3_': 1.0, '_a5_': 1.0, '_a7_': 1.0}};{'d0': 0.02490583291941663};-280.569866449044;47.94700810916739
3780;-92.3379251153545;((((((x / _a2_) * (x + _a4_)) + _a6_) * x) + x) * ((_a6_ * _a4_) * _a6_));{'d0': {'_a2_': 0.24447090077999417, '_a4_': 0.6238594154001651, '_a6_': 1.15032450978972, '_a0_': 1.0, '_a1_': 1.0, '_a3_': 1.0, '_a5_': 1.0, '_a7_': 1.0}};{'d0': 0.02490583291941663};-280.569866449044;47.94700810916739
3781;-92.3379251153545;((((((x / _a2_) * (x + _a4_)) + _a6_) * x) + x) * ((_a6_ * _a4_) * _a6_));{'d0': {'_a2_': 0.24447090077999417, '_a4_': 0.6238594154001651, '_a6_': 1.15032450978972, '_a0_': 1.0, '_a1_': 1.0, '_a3_': 1.0, '_a5_': 1.0, '_a7_': 1.0}};{'d0': 0.02490583291941663};-280.569866449044;47.94700810916739
3782;-92.3379251153545;((((((x / _a2_) * (x + _a4_)) + _a6_) * x) + x) * ((_a6_ * _a4_) * _a6_));{'d0': {'_a2_': 0.24447090077999417, '_a4_': 0.6238594154001651, '_a6_': 1.15032450978972, '_a0_': 1.0, '_a1_': 1.0, '_a3_': 1.0, '_a5_': 1.0, '_a7_': 1.0}};{'d0': 0.02490583291941663};-280.569866449044;47.94700810916739
3783;-92.3379251153545;((((((x / _a2_) * (x + _a4_)) + _a6_) * x) + x) * ((_a6_ * _a4_) * _a6_));{'d0': {'_a2_': 0.24447090077999417, '_a4_': 0.6238594154001651, '_a6_': 1.15032450978972, '_a0_': 1.0, '_a1_': 1.0, '_a3_': 1.0, '_a5_': 1.0, '_a7_': 1.0}};{'d0': 0.02490583291941663};-280.569866449044;47.94700810916739
3784;-91.5223995189863;((((((x / _a2_) * (x + _a4_)) + _a6_) * x) + x) * ((_a6_ * _a4_) / _a6_));{'d0': {'_a2_': 0.18475084200366304, '_a4_': 0.6238594155599655, '_a6_': 1.8454093340776407, '_a0_': 1.0, '_a1_': 1.0, '_a3_': 1.0, '_a5_': 1.0, '_a7_': 1.0}};{'d0': 0.02490583291941663};-280.569866449044;48.76253370553559
3785;-91.5223995189863;((((((x / _a2_) * (x + _a4_)) + _a6_) * x) + x) * ((_a6_ * _a4_) / _a6_));{'d0': {'_a2_': 0.18475084200366304, '_a4_': 0.6238594155599655, '_a6_': 1.8454093340776407, '_a0_': 1.0, '_a1_': 1.0, '_a3_': 1.0, '_a5_': 1.0, '_a7_': 1.0}};{'d0': 0.02490583291941663};-280.569866449044;48.76253370553559
3786;-91.5223995189863;((((((x / _a2_) * (x + _a4_)) + _a6_) * x) + x) * ((_a6_ * _a4_) / _a6_));{'d0': {'_a2_': 0.18475084200366304, '_a4_': 0.6238594155599655, '_a6_': 1.8454093340776407, '_a0_': 1.0, '_a1_': 1.0, '_a3_': 1.0, '_a5_': 1.0, '_a7_': 1.0}};{'d0': 0.02490583291941663};-280.569866449044;48.76253370553559
3787;-91.5223995189863;((((((x / _a2_) * (x + _a4_)) + _a6_) * x) + x) * ((_a6_ * _a4_) / _a6_));{'d0': {'_a2_': 0.18475084200366304, '_a4_': 0.6238594155599655, '_a6_': 1.8454093340776407, '_a0_': 1.0, '_a1_': 1.0, '_a3_': 1.0, '_a5_': 1.0, '_a7_': 1.0}};{'d0': 0.02490583291941663};-280.569866449044;48.76253370553559
3788;-89.4752272320007;((((((x / _a2_) * (x + _a4_)) + _a6_) * x) + x) * ((_a6_ * _a0_) / _a6_));{'d0': {'_a0_': 0.9864044733437353, '_a2_': 0.29211558318461195, '_a4_': 0.623859415468817, '_a6_': 0.7996013693191398, '_a1_': 1.0, '_a3_': 1.0, '_a5_': 1.0, '_a7_': 1.0}};{'d0': 0.024905832924293658};-276.475521875072;48.76253370553559
3789;-89.4752272320007;((((((x / _a2_) * (x + _a4_)) + _a6_) * x) + x) * ((_a6_ * _a0_) / _a6_));{'d0': {'_a0_': 0.9864044733437353, '_a2_': 0.29211558318461195, '_a4_': 0.623859415468817, '_a6_': 0.7996013693191398, '_a1_': 1.0, '_a3_': 1.0, '_a5_': 1.0, '_a7_': 1.0}};{'d0': 0.024905832924293658};-276.475521875072;48.76253370553559
3790;-89.4752272320007;((((((x / _a2_) * (x + _a4_)) + _a6_) * x) + x) * ((_a6_ * _a0_) / _a6_));{'d0': {'_a0_': 0.9864044733437353, '_a2_': 0.29211558318461195, '_a4_': 0.623859415468817, '_a6_': 0.7996013693191398, '_a1_': 1.0, '_a3_': 1.0, '_a5_': 1.0, '_a7_': 1.0}};{'d0': 0.024905832924293658};-276.475521875072;48.76253370553559
3791;-89.4752272320007;((((((x / _a2_) * (x + _a4_)) + _a6_) * x) + x) * ((_a6_ * _a0_) / _a6_));{'d0': {'_a0_': 0.9864044733437353, '_a2_': 0.29211558318461195, '_a4_': 0.623859415468817, '_a6_': 0.7996013693191398, '_a1_': 1.0, '_a3_': 1.0, '_a5_': 1.0, '_a7_': 1.0}};{'d0': 0.024905832924293658};-276.475521875072;48.76253370553559
3792;-89.4752272320007;((((((x / _a2_) * (x + _a4_)) + _a6_) * x) + x) * ((_a6_ * _a0_) / _a6_));{'d0': {'_a0_': 0.9864044733437353, '_a2_': 0.29211558318461195, '_a4_': 0.623859415468817, '_a6_': 0.7996013693191398, '_a1_': 1.0, '_a3_': 1.0, '_a5_': 1.0, '_a7_': 1.0}};{'d0': 0.024905832924293658};-276.475521875072;48.76253370553559
3793;-89.4752272320007;((((((x / _a2_) * (x + _a4_)) + _a6_) * x) + x) * ((_a6_ * _a0_) / _a6_));{'d0': {'_a0_': 0.9864044733437353, '_a2_': 0.29211558318461195, '_a4_': 0.623859415468817, '_a6_': 0.7996013693191398, '_a1_': 1.0, '_a3_': 1.0, '_a5_': 1.0, '_a7_': 1.0}};{'d0': 0.024905832924293658};-276.475521875072;48.76253370553559
3794;-89.4752272320007;((((((x / _a2_) * (x + _a4_)) + _a6_) * x) + x) * ((_a6_ * _a0_) / _a6_));{'d0': {'_a0_': 0.9864044733437353, '_a2_': 0.29211558318461195, '_a4_': 0.623859415468817, '_a6_': 0.7996013693191398, '_a1_': 1.0, '_a3_': 1.0, '_a5_': 1.0, '_a7_': 1.0}};{'d0': 0.024905832924293658};-276.475521875072;48.76253370553559
3795;-89.4752272320007;((((((x / _a2_) * (x + _a4_)) + _a6_) * x) + x) * ((_a6_ * _a0_) / _a6_));{'d0': {'_a0_': 0.9864044733437353, '_a2_': 0.29211558318461195, '_a4_': 0.623859415468817, '_a6_': 0.7996013693191398, '_a1_': 1.0, '_a3_': 1.0, '_a5_': 1.0, '_a7_': 1.0}};{'d0': 0.024905832924293658};-276.475521875072;48.76253370553559
3796;-78.2376724325277;((pow3((((x / _a0_) + _a4_) + (_a6_ * _a6_))) + _a6_) + (_a6_ * ((pow2(x) / _a2_) * _a0_)));{'d0': {'_a0_': 0.6661723782467569, '_a2_': 0.07765167442045305, '_a4_': 0.5660482714470001, '_a6_': -0.24840641602361604, '_a1_': 1.0, '_a3_': 1.0, '_a5_': 1.0, '_a7_': 1.0}};{'d0': 0.024885482501866847};-276.524567593312;60.0246113641286
3797;-78.2376724325277;((pow3((((x / _a0_) + _a4_) + (_a6_ * _a6_))) + _a6_) + (_a6_ * ((pow2(x) / _a2_) * _a0_)));{'d0': {'_a0_': 0.6661723782467569, '_a2_': 0.07765167442045305, '_a4_': 0.5660482714470001, '_a6_': -0.24840641602361604, '_a1_': 1.0, '_a3_': 1.0, '_a5_': 1.0, '_a7_': 1.0}};{'d0': 0.024885482501866847};-276.524567593312;60.0246113641286
3798;-78.2376724325277;((pow3((((x / _a0_) + _a4_) + (_a6_ * _a6_))) + _a6_) + (_a6_ * ((pow2(x) / _a2_) * _a0_)));{'d0': {'_a0_': 0.6661723782467569, '_a2_': 0.07765167442045305, '_a4_': 0.5660482714470001, '_a6_': -0.24840641602361604, '_a1_': 1.0, '_a3_': 1.0, '_a5_': 1.0, '_a7_': 1.0}};{'d0': 0.024885482501866847};-276.524567593312;60.0246113641286
3799;-78.2376724325277;((pow3((((x / _a0_) + _a4_) + (_a6_ * _a6_))) + _a6_) + (_a6_ * ((pow2(x) / _a2_) * _a0_)));{'d0': {'_a0_': 0.6661723782467569, '_a2_': 0.07765167442045305, '_a4_': 0.5660482714470001, '_a6_': -0.24840641602361604, '_a1_': 1.0, '_a3_': 1.0, '_a5_': 1.0, '_a7_': 1.0}};{'d0': 0.024885482501866847};-276.524567593312;60.0246113641286
3800;-78.2376724325277;((pow3((((x / _a0_) + _a4_) + (_a6_ * _a6_))) + _a6_) + (_a6_ * ((pow2(x) / _a2_) * _a0_)));{'d0': {'_a0_': 0.6661723782467569, '_a2_': 0.07765167442045305, '_a4_': 0.5660482714470001, '_a6_': -0.24840641602361604, '_a1_': 1.0, '_a3_': 1.0, '_a5_': 1.0, '_a7_': 1.0}};{'d0': 0.024885482501866847};-276.524567593312;60.0246113641286
3801;-78.2376724325277;((pow3((((x / _a0_) + _a4_) + (_a6_ * _a6_))) + _a6_) + (_a6_ * ((pow2(x) / _a2_) * _a0_)));{'d0': {'_a0_': 0.6661723782467569, '_a2_': 0.07765167442045305, '_a4_': 0.5660482714470001, '_a6_': -0.24840641602361604, '_a1_': 1.0, '_a3_': 1.0, '_a5_': 1.0, '_a7_': 1.0}};{'d0': 0.024885482501866847};-276.524567593312;60.0246113641286
3802;-78.2376724325277;((pow3((((x / _a0_) + _a4_) + (_a6_ * _a6_))) + _a6_) + (_a6_ * ((pow2(x) / _a2_) * _a0_)));{'d0': {'_a0_': 0.6661723782467569, '_a2_': 0.07765167442045305, '_a4_': 0.5660482714470001, '_a6_': -0.24840641602361604, '_a1_': 1.0, '_a3_': 1.0, '_a5_': 1.0, '_a7_': 1.0}};{'d0': 0.024885482501866847};-276.524567593312;60.0246113641286
3803;-78.2376724325277;((pow3((((x / _a0_) + _a4_) + (_a6_ * _a6_))) + _a6_) + (_a6_ * ((pow2(x) / _a2_) * _a0_)));{'d0': {'_a0_': 0.6661723782467569, '_a2_': 0.07765167442045305, '_a4_': 0.5660482714470001, '_a6_': -0.24840641602361604, '_a1_': 1.0, '_a3_': 1.0, '_a5_': 1.0, '_a7_': 1.0}};{'d0': 0.024885482501866847};-276.524567593312;60.0246113641286
3804;-78.2376724325277;((pow3((((x / _a0_) + _a4_) + (_a6_ * _a6_))) + _a6_) + (_a6_ * ((pow2(x) / _a2_) * _a0_)));{'d0': {'_a0_': 0.6661723782467569, '_a2_': 0.07765167442045305, '_a4_': 0.5660482714470001, '_a6_': -0.24840641602361604, '_a1_': 1.0, '_a3_': 1.0, '_a5_': 1.0, '_a7_': 1.0}};{'d0': 0.024885482501866847};-276.524567593312;60.0246113641286
3805;-91.5223995189863;((((((x / _a2_) * (x + _a2_)) + _a6_) * x) + x) * ((_a6_ * _a0_) / _a6_));{'d0': {'_a0_': 2.1066240694418763, '_a2_': 0.6238594151996507, '_a6_': -0.1573553963045118, '_a1_': 1.0, '_a3_': 1.0, '_a4_': 1.0, '_a5_': 1.0, '_a7_': 1.0}};{'d0': 0.024905832919416636};-280.569866449044;48.76253370553559
3806;-91.5223995189863;((((((x / _a2_) * (x + _a2_)) + _a6_) * x) + x) * ((_a6_ * _a0_) / _a6_));{'d0': {'_a0_': 2.1066240694418763, '_a2_': 0.6238594151996507, '_a6_': -0.1573553963045118, '_a1_': 1.0, '_a3_': 1.0, '_a4_': 1.0, '_a5_': 1.0, '_a7_': 1.0}};{'d0': 0.024905832919416636};-280.569866449044;48.76253370553559
3807;-91.5223995189863;((((((x / _a2_) * (x + _a2_)) + _a6_) * x) + x) * ((_a6_ * _a0_) / _a6_));{'d0': {'_a0_': 2.1066240694418763, '_a2_': 0.6238594151996507, '_a6_': -0.1573553963045118, '_a1_': 1.0, '_a3_': 1.0, '_a4_': 1.0, '_a5_': 1.0, '_a7_': 1.0}};{'d0': 0.024905832919416636};-280.569866449044;48.76253370553559
3808;-90.5511383954132;((((((x / _a2_) * (x + _a2_)) + _a6_) * x) + x) * ((_a6_ + _a0_) / _a6_));{'d0': {'_a0_': -0.17413326196794368, '_a2_': 0.6238594154427125, '_a6_': -0.1573553913091022, '_a1_': 1.0, '_a3_': 1.0, '_a4_': 1.0, '_a5_': 1.0, '_a7_': 1.0}};{'d0': 0.02490583291941673};-280.569866449043;49.73379482910859
3809;-90.5511383954132;((((((x / _a2_) * (x + _a2_)) + _a6_) * x) + x) * ((_a6_ + _a0_) / _a6_));{'d0': {'_a0_': -0.17413326196794368, '_a2_': 0.6238594154427125, '_a6_': -0.1573553913091022, '_a1_': 1.0, '_a3_': 1.0, '_a4_': 1.0, '_a5_': 1.0, '_a7_': 1.0}};{'d0': 0.02490583291941673};-280.569866449043;49.73379482910859
3810;-90.5511383954132;((((((x / _a2_) * (x + _a2_)) + _a6_) * x) + x) * ((_a6_ + _a0_) / _a6_));{'d0': {'_a0_': -0.17413326196794368, '_a2_': 0.6238594154427125, '_a6_': -0.1573553913091022, '_a1_': 1.0, '_a3_': 1.0, '_a4_': 1.0, '_a5_': 1.0, '_a7_': 1.0}};{'d0': 0.02490583291941673};-280.569866449043;49.73379482910859
3811;-90.5511383954132;((((((x / _a2_) * (x + _a2_)) + _a6_) * x) + x) * ((_a6_ + _a0_) / _a6_));{'d0': {'_a0_': -0.17413326196794368, '_a2_': 0.6238594154427125, '_a6_': -0.1573553913091022, '_a1_': 1.0, '_a3_': 1.0, '_a4_': 1.0, '_a5_': 1.0, '_a7_': 1.0}};{'d0': 0.02490583291941673};-280.569866449043;49.73379482910859
3812;-90.5511383954132;((((((x / _a2_) * (x + _a2_)) + _a6_) * x) + x) * ((_a6_ + _a0_) / _a6_));{'d0': {'_a0_': -0.17413326196794368, '_a2_': 0.6238594154427125, '_a6_': -0.1573553913091022, '_a1_': 1.0, '_a3_': 1.0, '_a4_': 1.0, '_a5_': 1.0, '_a7_': 1.0}};{'d0': 0.02490583291941673};-280.569866449043;49.73379482910859
3813;-90.5511383954132;((((((x / _a2_) * (x + _a2_)) + _a6_) * x) + x) * ((_a6_ + _a0_) / _a6_));{'d0': {'_a0_': -0.17413326196794368, '_a2_': 0.6238594154427125, '_a6_': -0.1573553913091022, '_a1_': 1.0, '_a3_': 1.0, '_a4_': 1.0, '_a5_': 1.0, '_a7_': 1.0}};{'d0': 0.02490583291941673};-280.569866449043;49.73379482910859
3814;-90.5511383954132;((((((x / _a2_) * (x + _a2_)) + _a6_) * x) + x) * ((_a6_ + _a0_) / _a6_));{'d0': {'_a0_': -0.17413326196794368, '_a2_': 0.6238594154427125, '_a6_': -0.1573553913091022, '_a1_': 1.0, '_a3_': 1.0, '_a4_': 1.0, '_a5_': 1.0, '_a7_': 1.0}};{'d0': 0.02490583291941673};-280.569866449043;49.73379482910859
3815;-90.5511383954132;((((((x / _a2_) * (x + _a2_)) + _a6_) * x) + x) * ((_a6_ + _a0_) / _a6_));{'d0': {'_a0_': -0.17413326196794368, '_a2_': 0.6238594154427125, '_a6_': -0.1573553913091022, '_a1_': 1.0, '_a3_': 1.0, '_a4_': 1.0, '_a5_': 1.0, '_a7_': 1.0}};{'d0': 0.02490583291941673};-280.569866449043;49.73379482910859
3816;-90.5511383954132;((((((x / _a2_) * (x + _a2_)) + _a6_) * x) + x) * ((_a6_ + _a0_) / _a6_));{'d0': {'_a0_': -0.17413326196794368, '_a2_': 0.6238594154427125, '_a6_': -0.1573553913091022, '_a1_': 1.0, '_a3_': 1.0, '_a4_': 1.0, '_a5_': 1.0, '_a7_': 1.0}};{'d0': 0.02490583291941673};-280.569866449043;49.73379482910859
3817;-90.5511383954132;((((((x / _a2_) * (x + _a2_)) + _a6_) * x) + x) * ((_a6_ + _a0_) / _a6_));{'d0': {'_a0_': -0.17413326196794368, '_a2_': 0.6238594154427125, '_a6_': -0.1573553913091022, '_a1_': 1.0, '_a3_': 1.0, '_a4_': 1.0, '_a5_': 1.0, '_a7_': 1.0}};{'d0': 0.02490583291941673};-280.569866449043;49.73379482910859
3818;-90.5511383954132;((((((x / _a2_) * (x + _a2_)) + _a6_) * x) + x) * ((_a6_ + _a0_) / _a6_));{'d0': {'_a0_': -0.17413326196794368, '_a2_': 0.6238594154427125, '_a6_': -0.1573553913091022, '_a1_': 1.0, '_a3_': 1.0, '_a4_': 1.0, '_a5_': 1.0, '_a7_': 1.0}};{'d0': 0.02490583291941673};-280.569866449043;49.73379482910859
3819;-90.5511383954132;((((((x / _a2_) * (x + _a2_)) + _a6_) * x) + x) * ((_a6_ + _a0_) / _a6_));{'d0': {'_a0_': -0.17413326196794368, '_a2_': 0.6238594154427125, '_a6_': -0.1573553913091022, '_a1_': 1.0, '_a3_': 1.0, '_a4_': 1.0, '_a5_': 1.0, '_a7_': 1.0}};{'d0': 0.02490583291941673};-280.569866449043;49.73379482910859
3820;-90.5511383954132;((((((x / _a2_) * (x + _a2_)) + _a6_) * x) + x) * ((_a6_ + _a0_) / _a6_));{'d0': {'_a0_': -0.17413326196794368, '_a2_': 0.6238594154427125, '_a6_': -0.1573553913091022, '_a1_': 1.0, '_a3_': 1.0, '_a4_': 1.0, '_a5_': 1.0, '_a7_': 1.0}};{'d0': 0.02490583291941673};-280.569866449043;49.73379482910859
3821;-90.5511383954132;((((((x / _a2_) * (x + _a2_)) + _a6_) * x) + x) * ((_a6_ + _a0_) / _a6_));{'d0': {'_a0_': -0.17413326196794368, '_a2_': 0.6238594154427125, '_a6_': -0.1573553913091022, '_a1_': 1.0, '_a3_': 1.0, '_a4_': 1.0, '_a5_': 1.0, '_a7_': 1.0}};{'d0': 0.02490583291941673};-280.569866449043;49.73379482910859
3822;-90.5511383954132;((((((x / _a2_) * (x + _a2_)) + _a6_) * x) + x) * ((_a6_ + _a0_) / _a6_));{'d0': {'_a0_': -0.17413326196794368, '_a2_': 0.6238594154427125, '_a6_': -0.1573553913091022, '_a1_': 1.0, '_a3_': 1.0, '_a4_': 1.0, '_a5_': 1.0, '_a7_': 1.0}};{'d0': 0.02490583291941673};-280.569866449043;49.73379482910859
3823;-90.5511383954132;((((((x / _a2_) * (x + _a2_)) + _a6_) * x) + x) * ((_a6_ + _a0_) / _a6_));{'d0': {'_a0_': -0.17413326196794368, '_a2_': 0.6238594154427125, '_a6_': -0.1573553913091022, '_a1_': 1.0, '_a3_': 1.0, '_a4_': 1.0, '_a5_': 1.0, '_a7_': 1.0}};{'d0': 0.02490583291941673};-280.569866449043;49.73379482910859
3824;-90.5511383954132;((((((x / _a2_) * (x + _a2_)) + _a6_) * x) + x) * ((_a6_ + _a0_) / _a6_));{'d0': {'_a0_': -0.17413326196794368, '_a2_': 0.6238594154427125, '_a6_': -0.1573553913091022, '_a1_': 1.0, '_a3_': 1.0, '_a4_': 1.0, '_a5_': 1.0, '_a7_': 1.0}};{'d0': 0.02490583291941673};-280.569866449043;49.73379482910859
3825;-90.5511383954132;((((((x / _a2_) * (x + _a2_)) + _a6_) * x) + x) * ((_a6_ + _a0_) / _a6_));{'d0': {'_a0_': -0.17413326196794368, '_a2_': 0.6238594154427125, '_a6_': -0.1573553913091022, '_a1_': 1.0, '_a3_': 1.0, '_a4_': 1.0, '_a5_': 1.0, '_a7_': 1.0}};{'d0': 0.02490583291941673};-280.569866449043;49.73379482910859
3826;-90.5511383954132;((((((x / _a2_) * (x + _a2_)) + _a6_) * x) + x) * ((_a6_ + _a0_) / _a6_));{'d0': {'_a0_': -0.17413326196794368, '_a2_': 0.6238594154427125, '_a6_': -0.1573553913091022, '_a1_': 1.0, '_a3_': 1.0, '_a4_': 1.0, '_a5_': 1.0, '_a7_': 1.0}};{'d0': 0.02490583291941673};-280.569866449043;49.73379482910859
3827;-90.5511383954132;((((((x / _a2_) * (x + _a2_)) + _a6_) * x) + x) * ((_a6_ + _a0_) / _a6_));{'d0': {'_a0_': -0.17413326196794368, '_a2_': 0.6238594154427125, '_a6_': -0.1573553913091022, '_a1_': 1.0, '_a3_': 1.0, '_a4_': 1.0, '_a5_': 1.0, '_a7_': 1.0}};{'d0': 0.02490583291941673};-280.569866449043;49.73379482910859
3828;-90.5511383954132;((((((x / _a2_) * (x + _a2_)) + _a6_) * x) + x) * ((_a6_ + _a0_) / _a6_));{'d0': {'_a0_': -0.17413326196794368, '_a2_': 0.6238594154427125, '_a6_': -0.1573553913091022, '_a1_': 1.0, '_a3_': 1.0, '_a4_': 1.0, '_a5_': 1.0, '_a7_': 1.0}};{'d0': 0.02490583291941673};-280.569866449043;49.73379482910859
3829;-90.5511383954132;((((((x / _a2_) * (x + _a2_)) + _a6_) * x) + x) * ((_a6_ + _a0_) / _a6_));{'d0': {'_a0_': -0.17413326196794368, '_a2_': 0.6238594154427125, '_a6_': -0.1573553913091022, '_a1_': 1.0, '_a3_': 1.0, '_a4_': 1.0, '_a5_': 1.0, '_a7_': 1.0}};{'d0': 0.02490583291941673};-280.569866449043;49.73379482910859
3830;-90.5511383954132;((((((x / _a2_) * (x + _a2_)) + _a6_) * x) + x) * ((_a6_ + _a0_) / _a6_));{'d0': {'_a0_': -0.17413326196794368, '_a2_': 0.6238594154427125, '_a6_': -0.1573553913091022, '_a1_': 1.0, '_a3_': 1.0, '_a4_': 1.0, '_a5_': 1.0, '_a7_': 1.0}};{'d0': 0.02490583291941673};-280.569866449043;49.73379482910859
3831;-90.4677601545305;((((((x / _a2_) * (x + _a2_)) + _a6_) * x) + x) * ((_a6_ + _a0_) + _a6_));{'d0': {'_a0_': 2.4213348695638834, '_a2_': 0.6238594155107426, '_a6_': -0.15735539838890997, '_a1_': 1.0, '_a3_': 1.0, '_a4_': 1.0, '_a5_': 1.0, '_a7_': 1.0}};{'d0': 0.02490583291941666};-280.569866449044;49.81717306999139
3832;-90.4677601545305;((((((x / _a2_) * (x + _a2_)) + _a6_) * x) + x) * ((_a6_ + _a0_) + _a6_));{'d0': {'_a0_': 2.4213348695638834, '_a2_': 0.6238594155107426, '_a6_': -0.15735539838890997, '_a1_': 1.0, '_a3_': 1.0, '_a4_': 1.0, '_a5_': 1.0, '_a7_': 1.0}};{'d0': 0.02490583291941666};-280.569866449044;49.81717306999139
3833;-90.4677601545305;((((((x / _a2_) * (x + _a2_)) + _a6_) * x) + x) * ((_a6_ + _a0_) + _a6_));{'d0': {'_a0_': 2.4213348695638834, '_a2_': 0.6238594155107426, '_a6_': -0.15735539838890997, '_a1_': 1.0, '_a3_': 1.0, '_a4_': 1.0, '_a5_': 1.0, '_a7_': 1.0}};{'d0': 0.02490583291941666};-280.569866449044;49.81717306999139
3834;-90.4677601545305;((((((x / _a2_) * (x + _a2_)) + _a6_) * x) + x) * ((_a6_ + _a0_) + _a6_));{'d0': {'_a0_': 2.4213348695638834, '_a2_': 0.6238594155107426, '_a6_': -0.15735539838890997, '_a1_': 1.0, '_a3_': 1.0, '_a4_': 1.0, '_a5_': 1.0, '_a7_': 1.0}};{'d0': 0.02490583291941666};-280.569866449044;49.81717306999139
3835;-90.4677601545305;((((((x / _a2_) * (x + _a2_)) + _a6_) * x) + x) * ((_a6_ + _a0_) + _a6_));{'d0': {'_a0_': 2.4213348695638834, '_a2_': 0.6238594155107426, '_a6_': -0.15735539838890997, '_a1_': 1.0, '_a3_': 1.0, '_a4_': 1.0, '_a5_': 1.0, '_a7_': 1.0}};{'d0': 0.02490583291941666};-280.569866449044;49.81717306999139
3836;-90.3474508719029;((((((x + _a2_) * (x + _a2_)) + _a6_) * x) + x) * ((_a6_ + _a0_) + _a6_));{'d0': {'_a0_': 4.519977624125818, '_a2_': 0.31192970775401874, '_a6_': -0.5716083724361117, '_a1_': 1.0, '_a3_': 1.0, '_a4_': 1.0, '_a5_': 1.0, '_a7_': 1.0}};{'d0': 0.024905832919416615};-280.569866449044;49.93748235261899
3837;-90.3474508719029;((((((x + _a2_) * (x + _a2_)) + _a6_) * x) + x) * ((_a6_ + _a0_) + _a6_));{'d0': {'_a0_': 4.519977624125818, '_a2_': 0.31192970775401874, '_a6_': -0.5716083724361117, '_a1_': 1.0, '_a3_': 1.0, '_a4_': 1.0, '_a5_': 1.0, '_a7_': 1.0}};{'d0': 0.024905832919416615};-280.569866449044;49.93748235261899
3838;-90.4677601545305;((((((x + _a2_) * (x + _a2_)) + _a6_) * x) + x) * ((_a6_ + _a0_) / _a6_));{'d0': {'_a0_': -1.358576421237562, '_a2_': 0.31192970766400513, '_a6_': -0.5716083731287104, '_a1_': 1.0, '_a3_': 1.0, '_a4_': 1.0, '_a5_': 1.0, '_a7_': 1.0}};{'d0': 0.024905832919416636};-280.569866449044;49.81717306999139
3839;-90.4677601545305;((((((x + _a2_) * (x + _a2_)) + _a6_) * x) + x) * ((_a6_ + _a0_) / _a6_));{'d0': {'_a0_': -1.358576421237562, '_a2_': 0.31192970766400513, '_a6_': -0.5716083731287104, '_a1_': 1.0, '_a3_': 1.0, '_a4_': 1.0, '_a5_': 1.0, '_a7_': 1.0}};{'d0': 0.024905832919416636};-280.569866449044;49.81717306999139
3840;-90.4677601545305;((((((x + _a2_) * (x + _a2_)) + _a6_) * x) + x) * ((_a6_ + _a0_) / _a6_));{'d0': {'_a0_': -1.358576421237562, '_a2_': 0.31192970766400513, '_a6_': -0.5716083731287104, '_a1_': 1.0, '_a3_': 1.0, '_a4_': 1.0, '_a5_': 1.0, '_a7_': 1.0}};{'d0': 0.024905832919416636};-280.569866449044;49.81717306999139
3841;-90.4677601545305;((((((x + _a2_) * (x + _a2_)) + _a6_) * x) + x) * ((_a6_ + _a0_) / _a6_));{'d0': {'_a0_': -1.358576421237562, '_a2_': 0.31192970766400513, '_a6_': -0.5716083731287104, '_a1_': 1.0, '_a3_': 1.0, '_a4_': 1.0, '_a5_': 1.0, '_a7_': 1.0}};{'d0': 0.024905832919416636};-280.569866449044;49.81717306999139
3842;-90.4677601545305;((((((x + _a2_) * (x + _a2_)) + _a6_) * x) + x) * ((_a6_ + _a0_) / _a6_));{'d0': {'_a0_': -1.358576421237562, '_a2_': 0.31192970766400513, '_a6_': -0.5716083731287104, '_a1_': 1.0, '_a3_': 1.0, '_a4_': 1.0, '_a5_': 1.0, '_a7_': 1.0}};{'d0': 0.024905832919416636};-280.569866449044;49.81717306999139
3843;-90.4677601545305;((((((x + _a2_) * (x + _a2_)) + _a6_) * x) + x) * ((_a6_ + _a0_) / _a6_));{'d0': {'_a0_': -1.358576421237562, '_a2_': 0.31192970766400513, '_a6_': -0.5716083731287104, '_a1_': 1.0, '_a3_': 1.0, '_a4_': 1.0, '_a5_': 1.0, '_a7_': 1.0}};{'d0': 0.024905832919416636};-280.569866449044;49.81717306999139
3844;-90.4677601545305;((((((x + _a2_) * (x + _a2_)) + _a6_) * x) + x) * ((_a6_ + _a0_) / _a6_));{'d0': {'_a0_': -1.358576421237562, '_a2_': 0.31192970766400513, '_a6_': -0.5716083731287104, '_a1_': 1.0, '_a3_': 1.0, '_a4_': 1.0, '_a5_': 1.0, '_a7_': 1.0}};{'d0': 0.024905832919416636};-280.569866449044;49.81717306999139
3845;-90.4677601545305;((((((x + _a2_) * (x + _a2_)) + _a6_) * x) + x) * ((_a6_ + _a0_) / _a6_));{'d0': {'_a0_': -1.358576421237562, '_a2_': 0.31192970766400513, '_a6_': -0.5716083731287104, '_a1_': 1.0, '_a3_': 1.0, '_a4_': 1.0, '_a5_': 1.0, '_a7_': 1.0}};{'d0': 0.024905832919416636};-280.569866449044;49.81717306999139
3846;-90.4677601545305;((((((x + _a2_) * (x + _a2_)) + _a6_) * x) + x) * ((_a6_ + _a0_) / _a6_));{'d0': {'_a0_': -1.358576421237562, '_a2_': 0.31192970766400513, '_a6_': -0.5716083731287104, '_a1_': 1.0, '_a3_': 1.0, '_a4_': 1.0, '_a5_': 1.0, '_a7_': 1.0}};{'d0': 0.024905832919416636};-280.569866449044;49.81717306999139
3847;-90.4677601545305;((((((x + _a2_) * (x + _a2_)) + _a6_) * x) + x) * ((_a6_ + _a0_) / _a6_));{'d0': {'_a0_': -1.358576421237562, '_a2_': 0.31192970766400513, '_a6_': -0.5716083731287104, '_a1_': 1.0, '_a3_': 1.0, '_a4_': 1.0, '_a5_': 1.0, '_a7_': 1.0}};{'d0': 0.024905832919416636};-280.569866449044;49.81717306999139
3848;-90.4677601545305;((((((x + _a2_) * (x + _a2_)) + _a6_) * x) + x) * ((_a6_ + _a0_) / _a6_));{'d0': {'_a0_': -1.358576421237562, '_a2_': 0.31192970766400513, '_a6_': -0.5716083731287104, '_a1_': 1.0, '_a3_': 1.0, '_a4_': 1.0, '_a5_': 1.0, '_a7_': 1.0}};{'d0': 0.024905832919416636};-280.569866449044;49.81717306999139
3849;-90.4677601545305;((((((x + _a2_) * (x + _a2_)) + _a6_) * x) + x) * ((_a6_ + _a0_) / _a6_));{'d0': {'_a0_': -1.358576421237562, '_a2_': 0.31192970766400513, '_a6_': -0.5716083731287104, '_a1_': 1.0, '_a3_': 1.0, '_a4_': 1.0, '_a5_': 1.0, '_a7_': 1.0}};{'d0': 0.024905832919416636};-280.569866449044;49.81717306999139
3850;-82.1111012004464;((pow3((((x / _a2_) * _a7_) + _a4_)) + _a6_) + (_a6_ * ((pow2(x) / _a4_) * _a0_)));{'d0': {'_a0_': 5.385490944878037, '_a2_': 0.4831117559321194, '_a4_': 0.6277540184840026, '_a6_': -0.24840641539389105, '_a7_': 0.7252053249522215, '_a1_': 1.0, '_a3_': 1.0, '_a5_': 1.0}};{'d0': 0.024885482501867034};-272.430223031090;54.104010315098606
3851;-82.1111012004464;((pow3((((x / _a2_) * _a7_) + _a4_)) + _a6_) + (_a6_ * ((pow2(x) / _a4_) * _a0_)));{'d0': {'_a0_': 5.385490944878037, '_a2_': 0.4831117559321194, '_a4_': 0.6277540184840026, '_a6_': -0.24840641539389105, '_a7_': 0.7252053249522215, '_a1_': 1.0, '_a3_': 1.0, '_a5_': 1.0}};{'d0': 0.024885482501867034};-272.430223031090;54.104010315098606
3852;-80.4603390089477;((pow3((((x / _a2_) * pow2(_a2_)) + _a4_)) + _a6_) + (_a6_ * ((pow2(x) / _a4_) * _a0_)));{'d0': {'_a0_': 5.385490918369859, '_a2_': 1.5011129740434954, '_a4_': 0.6277540190818548, '_a6_': -0.24840641628865825, '_a1_': 1.0, '_a3_': 1.0, '_a5_': 1.0, '_a7_': 1.0}};{'d0': 0.024885482501866805};-276.524567593313;57.80194478770861
3853;-80.4603390089477;((pow3((((x / _a2_) * pow2(_a2_)) + _a4_)) + _a6_) + (_a6_ * ((pow2(x) / _a4_) * _a0_)));{'d0': {'_a0_': 5.385490918369859, '_a2_': 1.5011129740434954, '_a4_': 0.6277540190818548, '_a6_': -0.24840641628865825, '_a1_': 1.0, '_a3_': 1.0, '_a5_': 1.0, '_a7_': 1.0}};{'d0': 0.024885482501866805};-276.524567593313;57.80194478770861
3854;-90.4677601545305;((((((x + _a2_) * (x + _a2_)) + _a6_) * x) + x) * ((_a6_ + _a0_) / _a6_));{'d0': {'_a0_': -1.358576421237562, '_a2_': 0.31192970766400513, '_a6_': -0.5716083731287104, '_a1_': 1.0, '_a3_': 1.0, '_a4_': 1.0, '_a5_': 1.0, '_a7_': 1.0}};{'d0': 0.024905832919416636};-280.569866449044;49.81717306999139
3855;-90.4677601545305;((((((x + _a2_) * (x + _a2_)) + _a6_) * x) + x) * ((_a6_ + _a0_) / _a6_));{'d0': {'_a0_': -1.358576421237562, '_a2_': 0.31192970766400513, '_a6_': -0.5716083731287104, '_a1_': 1.0, '_a3_': 1.0, '_a4_': 1.0, '_a5_': 1.0, '_a7_': 1.0}};{'d0': 0.024905832919416636};-280.569866449044;49.81717306999139
3856;-90.4677601545305;((((((x + _a2_) * (x + _a2_)) + _a6_) * x) + x) * ((_a6_ + _a0_) / _a6_));{'d0': {'_a0_': -1.358576421237562, '_a2_': 0.31192970766400513, '_a6_': -0.5716083731287104, '_a1_': 1.0, '_a3_': 1.0, '_a4_': 1.0, '_a5_': 1.0, '_a7_': 1.0}};{'d0': 0.024905832919416636};-280.569866449044;49.81717306999139
3857;-90.4677601545305;((((((x + _a2_) * (x + _a2_)) + _a6_) * x) + x) * ((_a6_ + _a0_) / _a6_));{'d0': {'_a0_': -1.358576421237562, '_a2_': 0.31192970766400513, '_a6_': -0.5716083731287104, '_a1_': 1.0, '_a3_': 1.0, '_a4_': 1.0, '_a5_': 1.0, '_a7_': 1.0}};{'d0': 0.024905832919416636};-280.569866449044;49.81717306999139
3858;-90.4677601545305;((((((x + _a2_) * (x + _a2_)) + _a6_) * x) + x) * ((_a6_ + _a0_) / _a6_));{'d0': {'_a0_': -1.358576421237562, '_a2_': 0.31192970766400513, '_a6_': -0.5716083731287104, '_a1_': 1.0, '_a3_': 1.0, '_a4_': 1.0, '_a5_': 1.0, '_a7_': 1.0}};{'d0': 0.024905832919416636};-280.569866449044;49.81717306999139
3859;-90.4677601545305;((((((x + _a2_) * (x + _a2_)) + _a6_) * x) + x) * ((_a6_ + _a0_) / _a6_));{'d0': {'_a0_': -1.358576421237562, '_a2_': 0.31192970766400513, '_a6_': -0.5716083731287104, '_a1_': 1.0, '_a3_': 1.0, '_a4_': 1.0, '_a5_': 1.0, '_a7_': 1.0}};{'d0': 0.024905832919416636};-280.569866449044;49.81717306999139
3860;-85.1016920196988;((((((x + _a2_) * (x + exp(_a6_))) + _a6_) * x) + x) * ((_a6_ + _a0_) / _a6_));{'d0': {'_a0_': -1.131033764061461, '_a2_': 0.0025163314052224633, '_a6_': -0.47587181963186204, '_a1_': 1.0, '_a3_': 1.0, '_a4_': 1.0, '_a5_': 1.0, '_a7_': 1.0}};{'d0': 0.02490583291955919};-280.569866448700;55.18324120465139
3861;-81.4217448595975;-(((((((x + _a2_) * (x + exp(_a6_))) + _a6_) * x) + x) * ((_a6_ + _a0_) / _a6_)));{'d0': {'_a0_': 2.0827761257376243, '_a2_': 0.0025161462626858205, '_a6_': -0.4758715973549836, '_a1_': 1.0, '_a3_': 1.0, '_a4_': 1.0, '_a5_': 1.0, '_a7_': 1.0}};{'d0': 0.024905832919427058};-280.569866449018;58.86318836491178
3862;-81.4217448595975;-(((((((x + _a2_) * (x + exp(_a6_))) + _a6_) * x) + x) * ((_a6_ + _a0_) / _a6_)));{'d0': {'_a0_': 2.0827761257376243, '_a2_': 0.0025161462626858205, '_a6_': -0.4758715973549836, '_a1_': 1.0, '_a3_': 1.0, '_a4_': 1.0, '_a5_': 1.0, '_a7_': 1.0}};{'d0': 0.024905832919427058};-280.569866449018;58.86318836491178
3863;-81.4217448595975;-(((((((x + _a2_) * (x + exp(_a6_))) + _a6_) * x) + x) * ((_a6_ + _a0_) / _a6_)));{'d0': {'_a0_': 2.0827761257376243, '_a2_': 0.0025161462626858205, '_a6_': -0.4758715973549836, '_a1_': 1.0, '_a3_': 1.0, '_a4_': 1.0, '_a5_': 1.0, '_a7_': 1.0}};{'d0': 0.024905832919427058};-280.569866449018;58.86318836491178
3864;-81.4217448595975;-(((((((x + _a2_) * (x + exp(_a6_))) + _a6_) * x) + x) * ((_a6_ + _a0_) / _a6_)));{'d0': {'_a0_': 2.0827761257376243, '_a2_': 0.0025161462626858205, '_a6_': -0.4758715973549836, '_a1_': 1.0, '_a3_': 1.0, '_a4_': 1.0, '_a5_': 1.0, '_a7_': 1.0}};{'d0': 0.024905832919427058};-280.569866449018;58.86318836491178
3865;-81.4217448595975;-(((((((x + _a2_) * (x + exp(_a6_))) + _a6_) * x) + x) * ((_a6_ + _a0_) / _a6_)));{'d0': {'_a0_': 2.0827761257376243, '_a2_': 0.0025161462626858205, '_a6_': -0.4758715973549836, '_a1_': 1.0, '_a3_': 1.0, '_a4_': 1.0, '_a5_': 1.0, '_a7_': 1.0}};{'d0': 0.024905832919427058};-280.569866449018;58.86318836491178
3866;-81.4217448595975;-(((((((x + _a2_) * (x + exp(_a6_))) + _a6_) * x) + x) * ((_a6_ + _a0_) / _a6_)));{'d0': {'_a0_': 2.0827761257376243, '_a2_': 0.0025161462626858205, '_a6_': -0.4758715973549836, '_a1_': 1.0, '_a3_': 1.0, '_a4_': 1.0, '_a5_': 1.0, '_a7_': 1.0}};{'d0': 0.024905832919427058};-280.569866449018;58.86318836491178
3867;-81.4217448595975;-(((((((x + _a2_) * (x + exp(_a6_))) + _a6_) * x) + x) * ((_a6_ + _a0_) / _a6_)));{'d0': {'_a0_': 2.0827761257376243, '_a2_': 0.0025161462626858205, '_a6_': -0.4758715973549836, '_a1_': 1.0, '_a3_': 1.0, '_a4_': 1.0, '_a5_': 1.0, '_a7_': 1.0}};{'d0': 0.024905832919427058};-280.569866449018;58.86318836491178
3868;-81.4217448595975;-(((((((x + _a2_) * (x + exp(_a6_))) + _a6_) * x) + x) * ((_a6_ + _a0_) / _a6_)));{'d0': {'_a0_': 2.0827761257376243, '_a2_': 0.0025161462626858205, '_a6_': -0.4758715973549836, '_a1_': 1.0, '_a3_': 1.0, '_a4_': 1.0, '_a5_': 1.0, '_a7_': 1.0}};{'d0': 0.024905832919427058};-280.569866449018;58.86318836491178
3869;-86.7878129942701;-(((((((x + _a2_) * (x + _a6_)) + _a6_) * x) + x) * ((_a6_ + _a0_) / _a6_)));{'d0': {'_a0_': 1.1062164435191721, '_a2_': 0.8766071610488279, '_a6_': -0.2527477454152991, '_a1_': 1.0, '_a3_': 1.0, '_a4_': 1.0, '_a5_': 1.0, '_a7_': 1.0}};{'d0': 0.024905832919416664};-280.569866449044;53.49712023025178
3870;-86.7878129942701;-(((((((x + _a2_) * (x + _a6_)) + _a6_) * x) + x) * ((_a6_ + _a0_) / _a6_)));{'d0': {'_a0_': 1.1062164435191721, '_a2_': 0.8766071610488279, '_a6_': -0.2527477454152991, '_a1_': 1.0, '_a3_': 1.0, '_a4_': 1.0, '_a5_': 1.0, '_a7_': 1.0}};{'d0': 0.024905832919416664};-280.569866449044;53.49712023025178
3871;-86.7878129942701;-(((((((x + _a2_) * (x + _a6_)) + _a6_) * x) + x) * ((_a6_ + _a0_) / _a6_)));{'d0': {'_a0_': 1.1062164435191721, '_a2_': 0.8766071610488279, '_a6_': -0.2527477454152991, '_a1_': 1.0, '_a3_': 1.0, '_a4_': 1.0, '_a5_': 1.0, '_a7_': 1.0}};{'d0': 0.024905832919416664};-280.569866449044;53.49712023025178
3872;-86.7878129942701;-(((((((x + _a2_) * (x + _a6_)) + _a6_) * x) + x) * ((_a6_ + _a0_) / _a6_)));{'d0': {'_a0_': 1.1062164435191721, '_a2_': 0.8766071610488279, '_a6_': -0.2527477454152991, '_a1_': 1.0, '_a3_': 1.0, '_a4_': 1.0, '_a5_': 1.0, '_a7_': 1.0}};{'d0': 0.024905832919416664};-280.569866449044;53.49712023025178
3873;-85.1336341245724;((_a5_ + pow3(((pow2(_a3_) + x) * _a7_))) + pow2((_a4_ + (x * (_a7_ + _a4_)))));{'d0': {'_a3_': 0.4411338280783363, '_a4_': -1.872396098053065, '_a5_': -3.531817888676845, '_a7_': 1.5011129736710243, '_a0_': 1.0, '_a1_': 1.0, '_a2_': 1.0, '_a6_': 1.0}};{'d0': 0.024885482501866688};-276.524567593313;53.12864967208404
3874;-85.1336341245724;((_a5_ + pow3(((pow2(_a3_) + x) * _a7_))) + pow2((_a4_ + (x * (_a7_ + _a4_)))));{'d0': {'_a3_': 0.4411338280783363, '_a4_': -1.872396098053065, '_a5_': -3.531817888676845, '_a7_': 1.5011129736710243, '_a0_': 1.0, '_a1_': 1.0, '_a2_': 1.0, '_a6_': 1.0}};{'d0': 0.024885482501866688};-276.524567593313;53.12864967208404
3875;-85.1336341245724;((_a5_ + pow3(((pow2(_a3_) + x) * _a7_))) + pow2((_a4_ + (x * (_a7_ + _a4_)))));{'d0': {'_a3_': 0.4411338280783363, '_a4_': -1.872396098053065, '_a5_': -3.531817888676845, '_a7_': 1.5011129736710243, '_a0_': 1.0, '_a1_': 1.0, '_a2_': 1.0, '_a6_': 1.0}};{'d0': 0.024885482501866688};-276.524567593313;53.12864967208404
3876;-85.1336341245724;((_a5_ + pow3(((pow2(_a3_) + x) * _a7_))) + pow2((_a4_ + (x * (_a7_ + _a4_)))));{'d0': {'_a3_': 0.4411338280783363, '_a4_': -1.872396098053065, '_a5_': -3.531817888676845, '_a7_': 1.5011129736710243, '_a0_': 1.0, '_a1_': 1.0, '_a2_': 1.0, '_a6_': 1.0}};{'d0': 0.024885482501866688};-276.524567593313;53.12864967208404
3877;-85.1336341245724;((_a5_ + pow3(((pow2(_a3_) + x) * _a7_))) + pow2((_a4_ + (x * (_a7_ + _a4_)))));{'d0': {'_a3_': 0.4411338280783363, '_a4_': -1.872396098053065, '_a5_': -3.531817888676845, '_a7_': 1.5011129736710243, '_a0_': 1.0, '_a1_': 1.0, '_a2_': 1.0, '_a6_': 1.0}};{'d0': 0.024885482501866688};-276.524567593313;53.12864967208404
3878;-85.1336341245724;((_a5_ + pow3(((pow2(_a3_) + x) * _a7_))) + pow2((_a4_ + (x * (_a7_ + _a4_)))));{'d0': {'_a3_': 0.4411338280783363, '_a4_': -1.872396098053065, '_a5_': -3.531817888676845, '_a7_': 1.5011129736710243, '_a0_': 1.0, '_a1_': 1.0, '_a2_': 1.0, '_a6_': 1.0}};{'d0': 0.024885482501866688};-276.524567593313;53.12864967208404
3879;-85.1336341245724;((_a5_ + pow3(((pow2(_a3_) + x) * _a7_))) + pow2((_a4_ + (x * (_a7_ + _a4_)))));{'d0': {'_a3_': 0.4411338280783363, '_a4_': -1.872396098053065, '_a5_': -3.531817888676845, '_a7_': 1.5011129736710243, '_a0_': 1.0, '_a1_': 1.0, '_a2_': 1.0, '_a6_': 1.0}};{'d0': 0.024885482501866688};-276.524567593313;53.12864967208404
3880;-84.1379677109827;((_a5_ + pow3(((pow2(_a3_) + x) / _a7_))) + pow2((_a4_ + (x * (_a7_ + _a4_)))));{'d0': {'_a3_': -0.4176009850128965, '_a4_': -1.2517641529337036, '_a5_': -1.5858771318769709, '_a7_': 0.6661723782312824, '_a0_': 1.0, '_a1_': 1.0, '_a2_': 1.0, '_a6_': 1.0}};{'d0': 0.024885482501866948};-276.524567593312;54.124316085673435
3881;-84.1379677109827;((_a5_ + pow3(((pow2(_a3_) + x) / _a7_))) + pow2((_a4_ + (x * (_a7_ + _a4_)))));{'d0': {'_a3_': -0.4176009850128965, '_a4_': -1.2517641529337036, '_a5_': -1.5858771318769709, '_a7_': 0.6661723782312824, '_a0_': 1.0, '_a1_': 1.0, '_a2_': 1.0, '_a6_': 1.0}};{'d0': 0.024885482501866948};-276.524567593312;54.124316085673435
3882;-84.1379677109827;((_a5_ + pow3(((pow2(_a3_) + x) / _a7_))) + pow2((_a4_ + (x * (_a7_ + _a4_)))));{'d0': {'_a3_': -0.4176009850128965, '_a4_': -1.2517641529337036, '_a5_': -1.5858771318769709, '_a7_': 0.6661723782312824, '_a0_': 1.0, '_a1_': 1.0, '_a2_': 1.0, '_a6_': 1.0}};{'d0': 0.024885482501866948};-276.524567593312;54.124316085673435
3883;-84.1379677109827;((_a5_ + pow3(((pow2(_a3_) + x) / _a7_))) + pow2((_a4_ + (x * (_a7_ + _a4_)))));{'d0': {'_a3_': -0.4176009850128965, '_a4_': -1.2517641529337036, '_a5_': -1.5858771318769709, '_a7_': 0.6661723782312824, '_a0_': 1.0, '_a1_': 1.0, '_a2_': 1.0, '_a6_': 1.0}};{'d0': 0.024885482501866948};-276.524567593312;54.124316085673435
3884;-86.7878129942702;-(((((((x + _a2_) * (x + _a6_)) + _a6_) * x) + x) * ((_a6_ + _a0_) / _a2_)));{'d0': {'_a0_': -2.7073450232146725, '_a2_': 0.8766071614034491, '_a6_': -0.25274774576190434, '_a1_': 1.0, '_a3_': 1.0, '_a4_': 1.0, '_a5_': 1.0, '_a7_': 1.0}};{'d0': 0.024905832919416563};-280.569866449044;53.49712023025178
3885;-86.7878129942702;-(((((((x + _a2_) * (x + _a6_)) + _a6_) * x) + x) * ((_a6_ + _a0_) / _a2_)));{'d0': {'_a0_': -2.7073450232146725, '_a2_': 0.8766071614034491, '_a6_': -0.25274774576190434, '_a1_': 1.0, '_a3_': 1.0, '_a4_': 1.0, '_a5_': 1.0, '_a7_': 1.0}};{'d0': 0.024905832919416563};-280.569866449044;53.49712023025178
3886;-86.7878129942702;-(((((((x + _a2_) * (x + _a6_)) + _a6_) * x) + x) * ((_a6_ + _a0_) / _a2_)));{'d0': {'_a0_': -2.7073450232146725, '_a2_': 0.8766071614034491, '_a6_': -0.25274774576190434, '_a1_': 1.0, '_a3_': 1.0, '_a4_': 1.0, '_a5_': 1.0, '_a7_': 1.0}};{'d0': 0.024905832919416563};-280.569866449044;53.49712023025178
3887;-86.7878129942702;-(((((((x + _a2_) * (x + _a6_)) + _a6_) * x) + x) * ((_a6_ + _a0_) / _a2_)));{'d0': {'_a0_': -2.7073450232146725, '_a2_': 0.8766071614034491, '_a6_': -0.25274774576190434, '_a1_': 1.0, '_a3_': 1.0, '_a4_': 1.0, '_a5_': 1.0, '_a7_': 1.0}};{'d0': 0.024905832919416563};-280.569866449044;53.49712023025178
3888;-86.7878129942702;-(((((((x + _a2_) * (x + _a6_)) + _a6_) * x) + x) * ((_a6_ + _a0_) / _a2_)));{'d0': {'_a0_': -2.7073450232146725, '_a2_': 0.8766071614034491, '_a6_': -0.25274774576190434, '_a1_': 1.0, '_a3_': 1.0, '_a4_': 1.0, '_a5_': 1.0, '_a7_': 1.0}};{'d0': 0.024905832919416563};-280.569866449044;53.49712023025178
3889;-86.7878129942702;-(((((((x + _a2_) * (x + _a6_)) + _a6_) * x) + x) * ((_a6_ + _a0_) / _a2_)));{'d0': {'_a0_': -2.7073450232146725, '_a2_': 0.8766071614034491, '_a6_': -0.25274774576190434, '_a1_': 1.0, '_a3_': 1.0, '_a4_': 1.0, '_a5_': 1.0, '_a7_': 1.0}};{'d0': 0.024905832919416563};-280.569866449044;53.49712023025178
3890;-86.7878129942702;-(((((((x + _a2_) * (x + _a6_)) + _a6_) * x) + x) * ((_a6_ + _a0_) / _a2_)));{'d0': {'_a0_': -2.7073450232146725, '_a2_': 0.8766071614034491, '_a6_': -0.25274774576190434, '_a1_': 1.0, '_a3_': 1.0, '_a4_': 1.0, '_a5_': 1.0, '_a7_': 1.0}};{'d0': 0.024905832919416563};-280.569866449044;53.49712023025178
3891;-86.7878129942702;-(((((((x + _a2_) * (x + _a6_)) + _a6_) * x) + x) * ((_a6_ + _a0_) / _a2_)));{'d0': {'_a0_': -2.7073450232146725, '_a2_': 0.8766071614034491, '_a6_': -0.25274774576190434, '_a1_': 1.0, '_a3_': 1.0, '_a4_': 1.0, '_a5_': 1.0, '_a7_': 1.0}};{'d0': 0.024905832919416563};-280.569866449044;53.49712023025178
3892;-86.7878129942702;-(((((((x + _a2_) * (x + _a6_)) + _a6_) * x) + x) * ((_a6_ + _a0_) / _a2_)));{'d0': {'_a0_': -2.7073450232146725, '_a2_': 0.8766071614034491, '_a6_': -0.25274774576190434, '_a1_': 1.0, '_a3_': 1.0, '_a4_': 1.0, '_a5_': 1.0, '_a7_': 1.0}};{'d0': 0.024905832919416563};-280.569866449044;53.49712023025178
3893;-86.7878129942702;-(((((((x + _a2_) * (x + _a6_)) + _a6_) * x) + x) * ((_a6_ + _a0_) / _a2_)));{'d0': {'_a0_': -2.7073450232146725, '_a2_': 0.8766071614034491, '_a6_': -0.25274774576190434, '_a1_': 1.0, '_a3_': 1.0, '_a4_': 1.0, '_a5_': 1.0, '_a7_': 1.0}};{'d0': 0.024905832919416563};-280.569866449044;53.49712023025178
3894;-86.7878129942702;-(((((((x + _a2_) * (x + _a6_)) + _a6_) * x) + x) * ((_a6_ + _a0_) / _a2_)));{'d0': {'_a0_': -2.7073450232146725, '_a2_': 0.8766071614034491, '_a6_': -0.25274774576190434, '_a1_': 1.0, '_a3_': 1.0, '_a4_': 1.0, '_a5_': 1.0, '_a7_': 1.0}};{'d0': 0.024905832919416563};-280.569866449044;53.49712023025178
3895;-86.7878129942702;-(((((((x + _a2_) * (x + _a6_)) + _a6_) * x) + x) * ((_a6_ + _a0_) / _a2_)));{'d0': {'_a0_': -2.7073450232146725, '_a2_': 0.8766071614034491, '_a6_': -0.25274774576190434, '_a1_': 1.0, '_a3_': 1.0, '_a4_': 1.0, '_a5_': 1.0, '_a7_': 1.0}};{'d0': 0.024905832919416563};-280.569866449044;53.49712023025178
3896;-86.7878129942702;-(((((((x + _a2_) * (x + _a6_)) + _a6_) * x) + x) * ((_a6_ + _a0_) / _a2_)));{'d0': {'_a0_': -2.7073450232146725, '_a2_': 0.8766071614034491, '_a6_': -0.25274774576190434, '_a1_': 1.0, '_a3_': 1.0, '_a4_': 1.0, '_a5_': 1.0, '_a7_': 1.0}};{'d0': 0.024905832919416563};-280.569866449044;53.49712023025178
3897;-86.7878129942702;-(((((((x + _a2_) * (x + _a6_)) + _a6_) * x) + x) * ((_a6_ + _a0_) / _a2_)));{'d0': {'_a0_': -2.7073450232146725, '_a2_': 0.8766071614034491, '_a6_': -0.25274774576190434, '_a1_': 1.0, '_a3_': 1.0, '_a4_': 1.0, '_a5_': 1.0, '_a7_': 1.0}};{'d0': 0.024905832919416563};-280.569866449044;53.49712023025178
3898;-86.7878129942702;-(((((((x + _a2_) * (x + _a6_)) + _a6_) * x) + x) * ((_a6_ + _a0_) / _a2_)));{'d0': {'_a0_': -2.7073450232146725, '_a2_': 0.8766071614034491, '_a6_': -0.25274774576190434, '_a1_': 1.0, '_a3_': 1.0, '_a4_': 1.0, '_a5_': 1.0, '_a7_': 1.0}};{'d0': 0.024905832919416563};-280.569866449044;53.49712023025178
3899;-86.7878129942702;-(((((((x + _a2_) * (x + _a6_)) + _a6_) * x) + x) * ((_a6_ + _a0_) / _a2_)));{'d0': {'_a0_': -2.7073450232146725, '_a2_': 0.8766071614034491, '_a6_': -0.25274774576190434, '_a1_': 1.0, '_a3_': 1.0, '_a4_': 1.0, '_a5_': 1.0, '_a7_': 1.0}};{'d0': 0.024905832919416563};-280.569866449044;53.49712023025178
3900;-86.7878129942702;-(((((((x + _a2_) * (x + _a6_)) + _a6_) * x) + x) * ((_a6_ + _a0_) / _a2_)));{'d0': {'_a0_': -2.7073450232146725, '_a2_': 0.8766071614034491, '_a6_': -0.25274774576190434, '_a1_': 1.0, '_a3_': 1.0, '_a4_': 1.0, '_a5_': 1.0, '_a7_': 1.0}};{'d0': 0.024905832919416563};-280.569866449044;53.49712023025178
3901;-86.7878129942702;-(((((((x + _a2_) * (x + _a6_)) + _a6_) * x) + x) * ((_a6_ + _a0_) / _a2_)));{'d0': {'_a0_': -2.7073450232146725, '_a2_': 0.8766071614034491, '_a6_': -0.25274774576190434, '_a1_': 1.0, '_a3_': 1.0, '_a4_': 1.0, '_a5_': 1.0, '_a7_': 1.0}};{'d0': 0.024905832919416563};-280.569866449044;53.49712023025178
3902;-86.7878129942702;-(((((((x + _a2_) * (x + _a6_)) + _a6_) * x) + x) * ((_a6_ + _a0_) / _a2_)));{'d0': {'_a0_': -2.7073450232146725, '_a2_': 0.8766071614034491, '_a6_': -0.25274774576190434, '_a1_': 1.0, '_a3_': 1.0, '_a4_': 1.0, '_a5_': 1.0, '_a7_': 1.0}};{'d0': 0.024905832919416563};-280.569866449044;53.49712023025178
3903;-86.7878129942702;-(((((((x + _a2_) * (x + _a6_)) + _a6_) * x) + x) * ((_a6_ + _a0_) / _a2_)));{'d0': {'_a0_': -2.7073450232146725, '_a2_': 0.8766071614034491, '_a6_': -0.25274774576190434, '_a1_': 1.0, '_a3_': 1.0, '_a4_': 1.0, '_a5_': 1.0, '_a7_': 1.0}};{'d0': 0.024905832919416563};-280.569866449044;53.49712023025178
3904;-86.7878129942702;-(((((((x + _a2_) * (x + _a6_)) + _a6_) * x) + x) * ((_a6_ + _a0_) / _a2_)));{'d0': {'_a0_': -2.7073450232146725, '_a2_': 0.8766071614034491, '_a6_': -0.25274774576190434, '_a1_': 1.0, '_a3_': 1.0, '_a4_': 1.0, '_a5_': 1.0, '_a7_': 1.0}};{'d0': 0.024905832919416563};-280.569866449044;53.49712023025178
3905;-85.8275728252576;-(((((((x + _a2_) * (x + _a6_)) + _a6_) * x) + x) / ((_a6_ + _a0_) / _a2_)));{'d0': {'_a0_': -0.006852262137183472, '_a2_': 0.8766071622705229, '_a6_': -0.25274774776207143, '_a1_': 1.0, '_a3_': 1.0, '_a4_': 1.0, '_a5_': 1.0, '_a7_': 1.0}};{'d0': 0.024905832919416847};-280.569866449043;54.45736039926398
3906;-83.7804005305343;-(((((((x + _a2_) * (x + _a5_)) + _a6_) * x) + x) / ((_a6_ + _a0_) / _a2_)));{'d0': {'_a0_': -0.021279576367754408, '_a2_': -0.5589397541904081, '_a5_': 1.1827991697677842, '_a6_': 0.1868049939061315, '_a1_': 1.0, '_a3_': 1.0, '_a4_': 1.0, '_a7_': 1.0}};{'d0': 0.024905832930717752};-276.475521859596;54.45736039926398
3907;-83.7804005305343;-(((((((x + _a2_) * (x + _a5_)) + _a6_) * x) + x) / ((_a6_ + _a0_) / _a2_)));{'d0': {'_a0_': -0.021279576367754408, '_a2_': -0.5589397541904081, '_a5_': 1.1827991697677842, '_a6_': 0.1868049939061315, '_a1_': 1.0, '_a3_': 1.0, '_a4_': 1.0, '_a7_': 1.0}};{'d0': 0.024905832930717752};-276.475521859596;54.45736039926398
3908;-83.7804005305343;-(((((((x + _a2_) * (x + _a5_)) + _a6_) * x) + x) / ((_a6_ + _a0_) / _a2_)));{'d0': {'_a0_': -0.021279576367754408, '_a2_': -0.5589397541904081, '_a5_': 1.1827991697677842, '_a6_': 0.1868049939061315, '_a1_': 1.0, '_a3_': 1.0, '_a4_': 1.0, '_a7_': 1.0}};{'d0': 0.024905832930717752};-276.475521859596;54.45736039926398
3909;-83.7804005305343;-(((((((x + _a2_) * (x + _a5_)) + _a6_) * x) + x) / ((_a6_ + _a0_) / _a2_)));{'d0': {'_a0_': -0.021279576367754408, '_a2_': -0.5589397541904081, '_a5_': 1.1827991697677842, '_a6_': 0.1868049939061315, '_a1_': 1.0, '_a3_': 1.0, '_a4_': 1.0, '_a7_': 1.0}};{'d0': 0.024905832930717752};-276.475521859596;54.45736039926398
3910;-83.7804005305343;-(((((((x + _a2_) * (x + _a5_)) + _a6_) * x) + x) / ((_a6_ + _a0_) / _a2_)));{'d0': {'_a0_': -0.021279576367754408, '_a2_': -0.5589397541904081, '_a5_': 1.1827991697677842, '_a6_': 0.1868049939061315, '_a1_': 1.0, '_a3_': 1.0, '_a4_': 1.0, '_a7_': 1.0}};{'d0': 0.024905832930717752};-276.475521859596;54.45736039926398
3911;-83.7804005305343;-(((((((x + _a2_) * (x + _a5_)) + _a6_) * x) + x) / ((_a6_ + _a0_) / _a2_)));{'d0': {'_a0_': -0.021279576367754408, '_a2_': -0.5589397541904081, '_a5_': 1.1827991697677842, '_a6_': 0.1868049939061315, '_a1_': 1.0, '_a3_': 1.0, '_a4_': 1.0, '_a7_': 1.0}};{'d0': 0.024905832930717752};-276.475521859596;54.45736039926398
3912;-77.8843223481577;(-(((((((x + _a2_) * (x + _a5_)) + _a6_) * x) + x) / ((_a6_ + _a0_) / _a2_))) + _a0_);{'d0': {'_a0_': -0.0010240896825183606, '_a2_': -0.5450610395734552, '_a5_': 1.1696121438866731, '_a6_': 0.1621647251243815, '_a1_': 1.0, '_a3_': 1.0, '_a4_': 1.0, '_a7_': 1.0}};{'d0': 0.02488548250203665};-276.524567592903;60.37796144829398
3913;-77.8843223481577;(-(((((((x + _a2_) * (x + _a5_)) + _a6_) * x) + x) / ((_a6_ + _a0_) / _a2_))) + _a0_);{'d0': {'_a0_': -0.0010240896825183606, '_a2_': -0.5450610395734552, '_a5_': 1.1696121438866731, '_a6_': 0.1621647251243815, '_a1_': 1.0, '_a3_': 1.0, '_a4_': 1.0, '_a7_': 1.0}};{'d0': 0.02488548250203665};-276.524567592903;60.37796144829398
3914;-83.7804005305343;-(((((((x + _a2_) * (x + _a5_)) + _a6_) * x) + x) / ((_a6_ + _a0_) / _a2_)));{'d0': {'_a0_': -0.021279576367754408, '_a2_': -0.5589397541904081, '_a5_': 1.1827991697677842, '_a6_': 0.1868049939061315, '_a1_': 1.0, '_a3_': 1.0, '_a4_': 1.0, '_a7_': 1.0}};{'d0': 0.024905832930717752};-276.475521859596;54.45736039926398
3915;-83.7804005305343;-(((((((x + _a2_) * (x + _a5_)) + _a6_) * x) + x) / ((_a6_ + _a0_) / _a2_)));{'d0': {'_a0_': -0.021279576367754408, '_a2_': -0.5589397541904081, '_a5_': 1.1827991697677842, '_a6_': 0.1868049939061315, '_a1_': 1.0, '_a3_': 1.0, '_a4_': 1.0, '_a7_': 1.0}};{'d0': 0.024905832930717752};-276.475521859596;54.45736039926398
3916;-83.7804005440831;-(((((((x + _a2_) * (x + _a5_)) + _a6_) * x) + x) / ((_a6_ + _a0_) / _a0_)));{'d0': {'_a0_': -0.04931589557224703, '_a2_': -0.4852708830965229, '_a5_': 1.1091302986971594, '_a6_': 0.0639203930125462, '_a1_': 1.0, '_a3_': 1.0, '_a4_': 1.0, '_a7_': 1.0}};{'d0': 0.024905832919469528};-276.475521886694;54.45736039926398
3917;-83.7804005440831;-(((((((x + _a2_) * (x + _a5_)) + _a6_) * x) + x) / ((_a6_ + _a0_) / _a0_)));{'d0': {'_a0_': -0.04931589557224703, '_a2_': -0.4852708830965229, '_a5_': 1.1091302986971594, '_a6_': 0.0639203930125462, '_a1_': 1.0, '_a3_': 1.0, '_a4_': 1.0, '_a7_': 1.0}};{'d0': 0.024905832919469528};-276.475521886694;54.45736039926398
3918;-83.7804005440831;-(((((((x + _a2_) * (x + _a5_)) + _a6_) * x) + x) / ((_a6_ + _a0_) / _a0_)));{'d0': {'_a0_': -0.04931589557224703, '_a2_': -0.4852708830965229, '_a5_': 1.1091302986971594, '_a6_': 0.0639203930125462, '_a1_': 1.0, '_a3_': 1.0, '_a4_': 1.0, '_a7_': 1.0}};{'d0': 0.024905832919469528};-276.475521886694;54.45736039926398
3919;-83.7804005440831;-(((((((x + _a2_) * (x + _a5_)) + _a6_) * x) + x) / ((_a6_ + _a0_) / _a0_)));{'d0': {'_a0_': -0.04931589557224703, '_a2_': -0.4852708830965229, '_a5_': 1.1091302986971594, '_a6_': 0.0639203930125462, '_a1_': 1.0, '_a3_': 1.0, '_a4_': 1.0, '_a7_': 1.0}};{'d0': 0.024905832919469528};-276.475521886694;54.45736039926398
3920;-83.7804005440831;-(((((((x + _a2_) * (x + _a5_)) + _a6_) * x) + x) / ((_a6_ + _a0_) / _a0_)));{'d0': {'_a0_': -0.04931589557224703, '_a2_': -0.4852708830965229, '_a5_': 1.1091302986971594, '_a6_': 0.0639203930125462, '_a1_': 1.0, '_a3_': 1.0, '_a4_': 1.0, '_a7_': 1.0}};{'d0': 0.024905832919469528};-276.475521886694;54.45736039926398
3921;-91.7481738742879;-((((((x * (x + _a5_)) + _a6_) * x) + x) / ((_a6_ + _a0_) / _a0_)));{'d0': {'_a0_': 0.365938537330818, '_a5_': 0.6238594157478541, '_a6_': -0.4743082296068634, '_a1_': 1.0, '_a2_': 1.0, '_a3_': 1.0, '_a4_': 1.0, '_a7_': 1.0}};{'d0': 0.024905832919416653};-280.569866449044;48.536759350233986
3922;-91.7481738742879;-((((((x * (x + _a5_)) + _a6_) * x) + x) / ((_a6_ + _a0_) / _a0_)));{'d0': {'_a0_': 0.365938537330818, '_a5_': 0.6238594157478541, '_a6_': -0.4743082296068634, '_a1_': 1.0, '_a2_': 1.0, '_a3_': 1.0, '_a4_': 1.0, '_a7_': 1.0}};{'d0': 0.024905832919416653};-280.569866449044;48.536759350233986
3923;-91.7481738742879;-((((((x * (x + _a5_)) + _a6_) * x) + x) / ((_a6_ + _a0_) / _a0_)));{'d0': {'_a0_': 0.365938537330818, '_a5_': 0.6238594157478541, '_a6_': -0.4743082296068634, '_a1_': 1.0, '_a2_': 1.0, '_a3_': 1.0, '_a4_': 1.0, '_a7_': 1.0}};{'d0': 0.024905832919416653};-280.569866449044;48.536759350233986
3924;-91.7481738742879;-((((((x * (x + _a5_)) + _a6_) * x) + x) / ((_a6_ + _a0_) / _a0_)));{'d0': {'_a0_': 0.365938537330818, '_a5_': 0.6238594157478541, '_a6_': -0.4743082296068634, '_a1_': 1.0, '_a2_': 1.0, '_a3_': 1.0, '_a4_': 1.0, '_a7_': 1.0}};{'d0': 0.024905832919416653};-280.569866449044;48.536759350233986
3925;-91.7481738742879;-((((((x * (x + _a5_)) + _a6_) * x) + x) / ((_a6_ + _a0_) / _a0_)));{'d0': {'_a0_': 0.365938537330818, '_a5_': 0.6238594157478541, '_a6_': -0.4743082296068634, '_a1_': 1.0, '_a2_': 1.0, '_a3_': 1.0, '_a4_': 1.0, '_a7_': 1.0}};{'d0': 0.024905832919416653};-280.569866449044;48.536759350233986
3926;-91.7481738742879;-((((((x * (x + _a5_)) + _a6_) * x) + x) / ((_a6_ + _a0_) / _a0_)));{'d0': {'_a0_': 0.365938537330818, '_a5_': 0.6238594157478541, '_a6_': -0.4743082296068634, '_a1_': 1.0, '_a2_': 1.0, '_a3_': 1.0, '_a4_': 1.0, '_a7_': 1.0}};{'d0': 0.024905832919416653};-280.569866449044;48.536759350233986
3927;-91.7481738742879;-((((((x * (x + _a5_)) + _a6_) * x) + x) / ((_a6_ + _a0_) / _a0_)));{'d0': {'_a0_': 0.365938537330818, '_a5_': 0.6238594157478541, '_a6_': -0.4743082296068634, '_a1_': 1.0, '_a2_': 1.0, '_a3_': 1.0, '_a4_': 1.0, '_a7_': 1.0}};{'d0': 0.024905832919416653};-280.569866449044;48.536759350233986
3928;-85.6687640817179;-((((((x * (x + _a5_)) + _a6_) * x) + x) / ((_a6_ + cos(_a6_)) / _a0_)));{'d0': {'_a0_': -1.4023709962236999, '_a5_': 0.6238594156308812, '_a6_': -0.4743082294886439, '_a1_': 1.0, '_a2_': 1.0, '_a3_': 1.0, '_a4_': 1.0, '_a7_': 1.0}};{'d0': 0.02490583291941666};-280.569866449044;54.61616914280398
3929;-88.7992758348665;((pow3(((x * _a6_) + _a4_)) + _a0_) + (_a1_ * ((pow2(x) * _a4_) * _a2_)));{'d0': {'_a0_': -0.24840641630631893, '_a1_': 1.305895594295075, '_a2_': -2.599563354123531, '_a4_': 0.6277540190306717, '_a6_': 1.501112974126312, '_a3_': 1.0, '_a5_': 1.0, '_a7_': 1.0}};{'d0': 0.024885482514038066};-272.430223001745;47.415835666006004
3930;-88.7992758348665;((pow3(((x * _a6_) + _a4_)) + _a0_) + (_a1_ * ((pow2(x) * _a4_) * _a2_)));{'d0': {'_a0_': -0.24840641630631893, '_a1_': 1.305895594295075, '_a2_': -2.599563354123531, '_a4_': 0.6277540190306717, '_a6_': 1.501112974126312, '_a3_': 1.0, '_a5_': 1.0, '_a7_': 1.0}};{'d0': 0.024885482514038066};-272.430223001745;47.415835666006004
3931;-88.7992758348665;((pow3(((x * _a6_) + _a4_)) + _a0_) + (_a1_ * ((pow2(x) * _a4_) * _a2_)));{'d0': {'_a0_': -0.24840641630631893, '_a1_': 1.305895594295075, '_a2_': -2.599563354123531, '_a4_': 0.6277540190306717, '_a6_': 1.501112974126312, '_a3_': 1.0, '_a5_': 1.0, '_a7_': 1.0}};{'d0': 0.024885482514038066};-272.430223001745;47.415835666006004
3932;-88.7992758348665;((pow3(((x * _a6_) + _a4_)) + _a0_) + (_a1_ * ((pow2(x) * _a4_) * _a2_)));{'d0': {'_a0_': -0.24840641630631893, '_a1_': 1.305895594295075, '_a2_': -2.599563354123531, '_a4_': 0.6277540190306717, '_a6_': 1.501112974126312, '_a3_': 1.0, '_a5_': 1.0, '_a7_': 1.0}};{'d0': 0.024885482514038066};-272.430223001745;47.415835666006004
3933;-88.7992758348665;((pow3(((x * _a6_) + _a4_)) + _a0_) + (_a1_ * ((pow2(x) * _a4_) * _a2_)));{'d0': {'_a0_': -0.24840641630631893, '_a1_': 1.305895594295075, '_a2_': -2.599563354123531, '_a4_': 0.6277540190306717, '_a6_': 1.501112974126312, '_a3_': 1.0, '_a5_': 1.0, '_a7_': 1.0}};{'d0': 0.024885482514038066};-272.430223001745;47.415835666006004
3934;-85.6687640817179;-((((((x * (x + _a5_)) + _a6_) * x) + x) / ((_a6_ + cos(_a6_)) / _a0_)));{'d0': {'_a0_': -1.4023709962236999, '_a5_': 0.6238594156308812, '_a6_': -0.4743082294886439, '_a1_': 1.0, '_a2_': 1.0, '_a3_': 1.0, '_a4_': 1.0, '_a7_': 1.0}};{'d0': 0.02490583291941666};-280.569866449044;54.61616914280398
3935;-85.6687640817179;-((((((x * (x + _a5_)) + _a6_) * x) + x) / ((_a6_ + cos(_a6_)) / _a0_)));{'d0': {'_a0_': -1.4023709962236999, '_a5_': 0.6238594156308812, '_a6_': -0.4743082294886439, '_a1_': 1.0, '_a2_': 1.0, '_a3_': 1.0, '_a4_': 1.0, '_a7_': 1.0}};{'d0': 0.02490583291941666};-280.569866449044;54.61616914280398
3936;-85.6687640817179;-((((((x * (x + _a5_)) + _a6_) * x) + x) / ((_a6_ + cos(_a6_)) / _a0_)));{'d0': {'_a0_': -1.4023709962236999, '_a5_': 0.6238594156308812, '_a6_': -0.4743082294886439, '_a1_': 1.0, '_a2_': 1.0, '_a3_': 1.0, '_a4_': 1.0, '_a7_': 1.0}};{'d0': 0.02490583291941666};-280.569866449044;54.61616914280398
3937;-83.7804005441393;-((((((x * (x + _a5_)) + _a6_) * x) + x) / ((_a6_ + (_a3_ + _a3_)) / _a0_)));{'d0': {'_a0_': -343.8076948993231, '_a3_': 51.14506620038451, '_a5_': 0.6238594154341746, '_a6_': -0.4743082299755098, '_a1_': 1.0, '_a2_': 1.0, '_a4_': 1.0, '_a7_': 1.0}};{'d0': 0.024905832919422947};-276.475521886806;54.45736039926398
3938;-83.7804005441393;-((((((x * (x + _a5_)) + _a6_) * x) + x) / ((_a6_ + (_a3_ + _a3_)) / _a0_)));{'d0': {'_a0_': -343.8076948993231, '_a3_': 51.14506620038451, '_a5_': 0.6238594154341746, '_a6_': -0.4743082299755098, '_a1_': 1.0, '_a2_': 1.0, '_a4_': 1.0, '_a7_': 1.0}};{'d0': 0.024905832919422947};-276.475521886806;54.45736039926398
3939;-83.7804005441393;-((((((x * (x + _a5_)) + _a6_) * x) + x) / ((_a6_ + (_a3_ + _a3_)) / _a0_)));{'d0': {'_a0_': -343.8076948993231, '_a3_': 51.14506620038451, '_a5_': 0.6238594154341746, '_a6_': -0.4743082299755098, '_a1_': 1.0, '_a2_': 1.0, '_a4_': 1.0, '_a7_': 1.0}};{'d0': 0.024905832919422947};-276.475521886806;54.45736039926398
3940;-83.7804005441393;-((((((x * (x + _a5_)) + _a6_) * x) + x) / ((_a6_ + (_a3_ + _a3_)) / _a0_)));{'d0': {'_a0_': -343.8076948993231, '_a3_': 51.14506620038451, '_a5_': 0.6238594154341746, '_a6_': -0.4743082299755098, '_a1_': 1.0, '_a2_': 1.0, '_a4_': 1.0, '_a7_': 1.0}};{'d0': 0.024905832919422947};-276.475521886806;54.45736039926398
3941;-83.7804005441393;-((((((x * (x + _a5_)) + _a6_) * x) + x) / ((_a6_ + (_a3_ + _a3_)) / _a0_)));{'d0': {'_a0_': -343.8076948993231, '_a3_': 51.14506620038451, '_a5_': 0.6238594154341746, '_a6_': -0.4743082299755098, '_a1_': 1.0, '_a2_': 1.0, '_a4_': 1.0, '_a7_': 1.0}};{'d0': 0.024905832919422947};-276.475521886806;54.45736039926398
3942;-83.7804005441393;-((((((x * (x + _a5_)) + _a6_) * x) + x) / ((_a6_ + (_a3_ + _a3_)) / _a0_)));{'d0': {'_a0_': -343.8076948993231, '_a3_': 51.14506620038451, '_a5_': 0.6238594154341746, '_a6_': -0.4743082299755098, '_a1_': 1.0, '_a2_': 1.0, '_a4_': 1.0, '_a7_': 1.0}};{'d0': 0.024905832919422947};-276.475521886806;54.45736039926398
3943;-83.7804005441393;-((((((x * (x + _a5_)) + _a6_) * x) + x) / ((_a6_ + (_a3_ + _a3_)) / _a0_)));{'d0': {'_a0_': -343.8076948993231, '_a3_': 51.14506620038451, '_a5_': 0.6238594154341746, '_a6_': -0.4743082299755098, '_a1_': 1.0, '_a2_': 1.0, '_a4_': 1.0, '_a7_': 1.0}};{'d0': 0.024905832919422947};-276.475521886806;54.45736039926398
3944;-83.7804005441393;-((((((x * (x + _a5_)) + _a6_) * x) + x) / ((_a6_ + (_a3_ + _a3_)) / _a0_)));{'d0': {'_a0_': -343.8076948993231, '_a3_': 51.14506620038451, '_a5_': 0.6238594154341746, '_a6_': -0.4743082299755098, '_a1_': 1.0, '_a2_': 1.0, '_a4_': 1.0, '_a7_': 1.0}};{'d0': 0.024905832919422947};-276.475521886806;54.45736039926398
3945;-83.7804005441393;-((((((x * (x + _a5_)) + _a6_) * x) + x) / ((_a6_ + (_a3_ + _a3_)) / _a0_)));{'d0': {'_a0_': -343.8076948993231, '_a3_': 51.14506620038451, '_a5_': 0.6238594154341746, '_a6_': -0.4743082299755098, '_a1_': 1.0, '_a2_': 1.0, '_a4_': 1.0, '_a7_': 1.0}};{'d0': 0.024905832919422947};-276.475521886806;54.45736039926398
3946;-83.7804005441393;-((((((x * (x + _a5_)) + _a6_) * x) + x) / ((_a6_ + (_a3_ + _a3_)) / _a0_)));{'d0': {'_a0_': -343.8076948993231, '_a3_': 51.14506620038451, '_a5_': 0.6238594154341746, '_a6_': -0.4743082299755098, '_a1_': 1.0, '_a2_': 1.0, '_a4_': 1.0, '_a7_': 1.0}};{'d0': 0.024905832919422947};-276.475521886806;54.45736039926398
3947;-83.7804005441393;-((((((x * (x + _a5_)) + _a6_) * x) + x) / ((_a6_ + (_a3_ + _a3_)) / _a0_)));{'d0': {'_a0_': -343.8076948993231, '_a3_': 51.14506620038451, '_a5_': 0.6238594154341746, '_a6_': -0.4743082299755098, '_a1_': 1.0, '_a2_': 1.0, '_a4_': 1.0, '_a7_': 1.0}};{'d0': 0.024905832919422947};-276.475521886806;54.45736039926398
3948;-83.7804005441393;-((((((x * (x + _a5_)) + _a6_) * x) + x) / ((_a6_ + (_a3_ + _a3_)) / _a0_)));{'d0': {'_a0_': -343.8076948993231, '_a3_': 51.14506620038451, '_a5_': 0.6238594154341746, '_a6_': -0.4743082299755098, '_a1_': 1.0, '_a2_': 1.0, '_a4_': 1.0, '_a7_': 1.0}};{'d0': 0.024905832919422947};-276.475521886806;54.45736039926398
3949;-83.7804005441393;-((((((x * (x + _a5_)) + _a6_) * x) + x) / ((_a6_ + (_a3_ + _a3_)) / _a0_)));{'d0': {'_a0_': -343.8076948993231, '_a3_': 51.14506620038451, '_a5_': 0.6238594154341746, '_a6_': -0.4743082299755098, '_a1_': 1.0, '_a2_': 1.0, '_a4_': 1.0, '_a7_': 1.0}};{'d0': 0.024905832919422947};-276.475521886806;54.45736039926398
3950;-77.9938994059090;((-(-(((pow2(_a0_) / _a6_) + x))) * (_a7_ / _a6_)) + (pow3((-(x) + _a4_)) * _a6_));{'d0': {'_a0_': 0.2827228123444008, '_a4_': -0.2081837228164581, '_a6_': -3.3825181596594955, '_a7_': -4.515168130207099, '_a1_': 1.0, '_a2_': 1.0, '_a3_': 1.0, '_a5_': 1.0}};{'d0': 0.0248854825018669};-276.524567593312;60.2683843907471
3951;-77.9938994059090;((-(-(((pow2(_a0_) / _a6_) + x))) * (_a7_ / _a6_)) + (pow3((-(x) + _a4_)) * _a6_));{'d0': {'_a0_': 0.2827228123444008, '_a4_': -0.2081837228164581, '_a6_': -3.3825181596594955, '_a7_': -4.515168130207099, '_a1_': 1.0, '_a2_': 1.0, '_a3_': 1.0, '_a5_': 1.0}};{'d0': 0.0248854825018669};-276.524567593312;60.2683843907471
3952;-77.9938994059090;((-(-(((pow2(_a0_) / _a6_) + x))) * (_a7_ / _a6_)) + (pow3((-(x) + _a4_)) * _a6_));{'d0': {'_a0_': 0.2827228123444008, '_a4_': -0.2081837228164581, '_a6_': -3.3825181596594955, '_a7_': -4.515168130207099, '_a1_': 1.0, '_a2_': 1.0, '_a3_': 1.0, '_a5_': 1.0}};{'d0': 0.0248854825018669};-276.524567593312;60.2683843907471
3953;-87.1665009703899;((pow3(((x * _a6_) + -(_a1_))) + _a3_) + (_a1_ * ((pow2(x) * x) * _a0_)));{'d0': {'_a0_': -3.212139044706135, '_a1_': -0.7920743564082976, '_a3_': -0.49795720747228434, '_a6_': 0.9428887978124392, '_a2_': 1.0, '_a4_': 1.0, '_a5_': 1.0, '_a7_': 1.0}};{'d0': 0.024885482501866868};-276.524567593312;51.095782826266394
3954;-87.1665009703899;((pow3(((x * _a6_) + -(_a1_))) + _a3_) + (_a1_ * ((pow2(x) * x) * _a0_)));{'d0': {'_a0_': -3.212139044706135, '_a1_': -0.7920743564082976, '_a3_': -0.49795720747228434, '_a6_': 0.9428887978124392, '_a2_': 1.0, '_a4_': 1.0, '_a5_': 1.0, '_a7_': 1.0}};{'d0': 0.024885482501866868};-276.524567593312;51.095782826266394
3955;-87.1665009703899;((pow3(((x * _a6_) + -(_a1_))) + _a3_) + (_a1_ * ((pow2(x) * x) * _a0_)));{'d0': {'_a0_': -3.212139044706135, '_a1_': -0.7920743564082976, '_a3_': -0.49795720747228434, '_a6_': 0.9428887978124392, '_a2_': 1.0, '_a4_': 1.0, '_a5_': 1.0, '_a7_': 1.0}};{'d0': 0.024885482501866868};-276.524567593312;51.095782826266394
3956;-87.1665009703899;((pow3(((x * _a6_) + -(_a1_))) + _a3_) + (_a1_ * ((pow2(x) * x) * _a0_)));{'d0': {'_a0_': -3.212139044706135, '_a1_': -0.7920743564082976, '_a3_': -0.49795720747228434, '_a6_': 0.9428887978124392, '_a2_': 1.0, '_a4_': 1.0, '_a5_': 1.0, '_a7_': 1.0}};{'d0': 0.024885482501866868};-276.524567593312;51.095782826266394
3957;-87.1665009703899;((pow3(((x * _a6_) + -(_a1_))) + _a3_) + (_a1_ * ((pow2(x) * x) * _a0_)));{'d0': {'_a0_': -3.212139044706135, '_a1_': -0.7920743564082976, '_a3_': -0.49795720747228434, '_a6_': 0.9428887978124392, '_a2_': 1.0, '_a4_': 1.0, '_a5_': 1.0, '_a7_': 1.0}};{'d0': 0.024885482501866868};-276.524567593312;51.095782826266394
3958;-87.1665009703899;((pow3(((x * _a6_) + -(_a1_))) + _a3_) + (_a1_ * ((pow2(x) * x) * _a0_)));{'d0': {'_a0_': -3.212139044706135, '_a1_': -0.7920743564082976, '_a3_': -0.49795720747228434, '_a6_': 0.9428887978124392, '_a2_': 1.0, '_a4_': 1.0, '_a5_': 1.0, '_a7_': 1.0}};{'d0': 0.024885482501866868};-276.524567593312;51.095782826266394
3959;-87.1665009703899;((pow3(((x * _a6_) + -(_a1_))) + _a3_) + (_a1_ * ((pow2(x) * x) * _a0_)));{'d0': {'_a0_': -3.212139044706135, '_a1_': -0.7920743564082976, '_a3_': -0.49795720747228434, '_a6_': 0.9428887978124392, '_a2_': 1.0, '_a4_': 1.0, '_a5_': 1.0, '_a7_': 1.0}};{'d0': 0.024885482501866868};-276.524567593312;51.095782826266394
3960;-87.1665009703899;((pow3(((x * _a6_) + -(_a1_))) + _a3_) + (_a1_ * ((pow2(x) * x) * _a0_)));{'d0': {'_a0_': -3.212139044706135, '_a1_': -0.7920743564082976, '_a3_': -0.49795720747228434, '_a6_': 0.9428887978124392, '_a2_': 1.0, '_a4_': 1.0, '_a5_': 1.0, '_a7_': 1.0}};{'d0': 0.024885482501866868};-276.524567593312;51.095782826266394
3961;-90.8644354429999;((pow3(((x * _a6_) + -(_a1_))) + _a3_) + (_a1_ * ((x * x) * _a0_)));{'d0': {'_a0_': 3.394760211799399, '_a1_': -0.6277540190307506, '_a3_': -0.24840641644211114, '_a6_': 1.5011129742236624, '_a2_': 1.0, '_a4_': 1.0, '_a5_': 1.0, '_a7_': 1.0}};{'d0': 0.024885482501866833};-276.524567593313;47.39784835365639
3962;-90.8644354429999;((pow3(((x * _a6_) + -(_a1_))) + _a3_) + (_a1_ * ((x * x) * _a0_)));{'d0': {'_a0_': 3.394760211799399, '_a1_': -0.6277540190307506, '_a3_': -0.24840641644211114, '_a6_': 1.5011129742236624, '_a2_': 1.0, '_a4_': 1.0, '_a5_': 1.0, '_a7_': 1.0}};{'d0': 0.024885482501866833};-276.524567593313;47.39784835365639
3963;-90.8644354429999;((pow3(((x * _a6_) + -(_a1_))) + _a3_) + (_a1_ * ((x * x) * _a0_)));{'d0': {'_a0_': 3.394760211799399, '_a1_': -0.6277540190307506, '_a3_': -0.24840641644211114, '_a6_': 1.5011129742236624, '_a2_': 1.0, '_a4_': 1.0, '_a5_': 1.0, '_a7_': 1.0}};{'d0': 0.024885482501866833};-276.524567593313;47.39784835365639
3964;-90.8644354429999;((pow3(((x * _a6_) + -(_a1_))) + _a3_) + (_a1_ * ((x * x) * _a0_)));{'d0': {'_a0_': 3.394760211799399, '_a1_': -0.6277540190307506, '_a3_': -0.24840641644211114, '_a6_': 1.5011129742236624, '_a2_': 1.0, '_a4_': 1.0, '_a5_': 1.0, '_a7_': 1.0}};{'d0': 0.024885482501866833};-276.524567593313;47.39784835365639
3965;-90.8644354429999;((pow3(((x * _a6_) + -(_a1_))) + _a3_) + (_a1_ * ((x * x) * _a0_)));{'d0': {'_a0_': 3.394760211799399, '_a1_': -0.6277540190307506, '_a3_': -0.24840641644211114, '_a6_': 1.5011129742236624, '_a2_': 1.0, '_a4_': 1.0, '_a5_': 1.0, '_a7_': 1.0}};{'d0': 0.024885482501866833};-276.524567593313;47.39784835365639
3966;-90.8644354429999;((pow3(((x * _a6_) + -(_a1_))) + _a3_) + (_a1_ * ((x * x) * _a0_)));{'d0': {'_a0_': 3.394760211799399, '_a1_': -0.6277540190307506, '_a3_': -0.24840641644211114, '_a6_': 1.5011129742236624, '_a2_': 1.0, '_a4_': 1.0, '_a5_': 1.0, '_a7_': 1.0}};{'d0': 0.024885482501866833};-276.524567593313;47.39784835365639
3967;-90.8644354429999;((pow3(((x * _a6_) + -(_a1_))) + _a3_) + (_a1_ * ((x * x) * _a0_)));{'d0': {'_a0_': 3.394760211799399, '_a1_': -0.6277540190307506, '_a3_': -0.24840641644211114, '_a6_': 1.5011129742236624, '_a2_': 1.0, '_a4_': 1.0, '_a5_': 1.0, '_a7_': 1.0}};{'d0': 0.024885482501866833};-276.524567593313;47.39784835365639
3968;-90.0134836020546;((pow3(((x / _a6_) + -(_a1_))) + _a3_) + (_a1_ * ((x * x) * _a0_)));{'d0': {'_a0_': 3.3947602122616902, '_a1_': -0.6277540190545123, '_a3_': -0.24840641633936553, '_a6_': 0.666172378251852, '_a2_': 1.0, '_a4_': 1.0, '_a5_': 1.0, '_a7_': 1.0}};{'d0': 0.02488548250186677};-276.524567593313;48.24880019460179
3969;-90.0134836020546;((pow3(((x / _a6_) + -(_a1_))) + _a3_) + (_a1_ * ((x * x) * _a0_)));{'d0': {'_a0_': 3.3947602122616902, '_a1_': -0.6277540190545123, '_a3_': -0.24840641633936553, '_a6_': 0.666172378251852, '_a2_': 1.0, '_a4_': 1.0, '_a5_': 1.0, '_a7_': 1.0}};{'d0': 0.02488548250186677};-276.524567593313;48.24880019460179
3970;-90.0134836020546;((pow3(((x / _a6_) + -(_a1_))) + _a3_) + (_a1_ * ((x * x) * _a0_)));{'d0': {'_a0_': 3.3947602122616902, '_a1_': -0.6277540190545123, '_a3_': -0.24840641633936553, '_a6_': 0.666172378251852, '_a2_': 1.0, '_a4_': 1.0, '_a5_': 1.0, '_a7_': 1.0}};{'d0': 0.02488548250186677};-276.524567593313;48.24880019460179
3971;-90.0134836020546;((pow3(((x / _a6_) + -(_a1_))) + _a3_) + (_a1_ * ((x * x) * _a0_)));{'d0': {'_a0_': 3.3947602122616902, '_a1_': -0.6277540190545123, '_a3_': -0.24840641633936553, '_a6_': 0.666172378251852, '_a2_': 1.0, '_a4_': 1.0, '_a5_': 1.0, '_a7_': 1.0}};{'d0': 0.02488548250186677};-276.524567593313;48.24880019460179
3972;-80.1463953158576;-((((((x * (x + _a5_)) + _a6_) * x) + x) / ((_a6_ / (_a3_ + -(_a5_))) / _a0_)));{'d0': {'_a0_': 13.27738245827306, '_a3_': 0.7444873423039597, '_a5_': 0.6238594308109839, '_a6_': -0.47430815049880487, '_a1_': 1.0, '_a2_': 1.0, '_a4_': 1.0, '_a7_': 1.0}};{'d0': 0.024905833076461305};-276.475521508489;58.09136543838715
3973;-80.1463953158576;-((((((x * (x + _a5_)) + _a6_) * x) + x) / ((_a6_ / (_a3_ + -(_a5_))) / _a0_)));{'d0': {'_a0_': 13.27738245827306, '_a3_': 0.7444873423039597, '_a5_': 0.6238594308109839, '_a6_': -0.47430815049880487, '_a1_': 1.0, '_a2_': 1.0, '_a4_': 1.0, '_a7_': 1.0}};{'d0': 0.024905833076461305};-276.475521508489;58.09136543838715
3974;-80.1463953158576;-((((((x * (x + _a5_)) + _a6_) * x) + x) / ((_a6_ / (_a3_ + -(_a5_))) / _a0_)));{'d0': {'_a0_': 13.27738245827306, '_a3_': 0.7444873423039597, '_a5_': 0.6238594308109839, '_a6_': -0.47430815049880487, '_a1_': 1.0, '_a2_': 1.0, '_a4_': 1.0, '_a7_': 1.0}};{'d0': 0.024905833076461305};-276.475521508489;58.09136543838715
3975;-80.1463953158576;-((((((x * (x + _a5_)) + _a6_) * x) + x) / ((_a6_ / (_a3_ + -(_a5_))) / _a0_)));{'d0': {'_a0_': 13.27738245827306, '_a3_': 0.7444873423039597, '_a5_': 0.6238594308109839, '_a6_': -0.47430815049880487, '_a1_': 1.0, '_a2_': 1.0, '_a4_': 1.0, '_a7_': 1.0}};{'d0': 0.024905833076461305};-276.475521508489;58.09136543838715
3976;-80.1463953158576;-((((((x * (x + _a5_)) + _a6_) * x) + x) / ((_a6_ / (_a3_ + -(_a5_))) / _a0_)));{'d0': {'_a0_': 13.27738245827306, '_a3_': 0.7444873423039597, '_a5_': 0.6238594308109839, '_a6_': -0.47430815049880487, '_a1_': 1.0, '_a2_': 1.0, '_a4_': 1.0, '_a7_': 1.0}};{'d0': 0.024905833076461305};-276.475521508489;58.09136543838715
3977;-80.1463953158576;-((((((x * (x + _a5_)) + _a6_) * x) + x) / ((_a6_ / (_a3_ + -(_a5_))) / _a0_)));{'d0': {'_a0_': 13.27738245827306, '_a3_': 0.7444873423039597, '_a5_': 0.6238594308109839, '_a6_': -0.47430815049880487, '_a1_': 1.0, '_a2_': 1.0, '_a4_': 1.0, '_a7_': 1.0}};{'d0': 0.024905833076461305};-276.475521508489;58.09136543838715
3978;-80.1463953158576;-((((((x * (x + _a5_)) + _a6_) * x) + x) / ((_a6_ / (_a3_ + -(_a5_))) / _a0_)));{'d0': {'_a0_': 13.27738245827306, '_a3_': 0.7444873423039597, '_a5_': 0.6238594308109839, '_a6_': -0.47430815049880487, '_a1_': 1.0, '_a2_': 1.0, '_a4_': 1.0, '_a7_': 1.0}};{'d0': 0.024905833076461305};-276.475521508489;58.09136543838715
3979;-80.1463953158576;-((((((x * (x + _a5_)) + _a6_) * x) + x) / ((_a6_ / (_a3_ + -(_a5_))) / _a0_)));{'d0': {'_a0_': 13.27738245827306, '_a3_': 0.7444873423039597, '_a5_': 0.6238594308109839, '_a6_': -0.47430815049880487, '_a1_': 1.0, '_a2_': 1.0, '_a4_': 1.0, '_a7_': 1.0}};{'d0': 0.024905833076461305};-276.475521508489;58.09136543838715
3980;-80.1463953158576;-((((((x * (x + _a5_)) + _a6_) * x) + x) / ((_a6_ / (_a3_ + -(_a5_))) / _a0_)));{'d0': {'_a0_': 13.27738245827306, '_a3_': 0.7444873423039597, '_a5_': 0.6238594308109839, '_a6_': -0.47430815049880487, '_a1_': 1.0, '_a2_': 1.0, '_a4_': 1.0, '_a7_': 1.0}};{'d0': 0.024905833076461305};-276.475521508489;58.09136543838715
3981;-80.1463953158576;-((((((x * (x + _a5_)) + _a6_) * x) + x) / ((_a6_ / (_a3_ + -(_a5_))) / _a0_)));{'d0': {'_a0_': 13.27738245827306, '_a3_': 0.7444873423039597, '_a5_': 0.6238594308109839, '_a6_': -0.47430815049880487, '_a1_': 1.0, '_a2_': 1.0, '_a4_': 1.0, '_a7_': 1.0}};{'d0': 0.024905833076461305};-276.475521508489;58.09136543838715
3982;-80.1463953158576;-((((((x * (x + _a5_)) + _a6_) * x) + x) / ((_a6_ / (_a3_ + -(_a5_))) / _a0_)));{'d0': {'_a0_': 13.27738245827306, '_a3_': 0.7444873423039597, '_a5_': 0.6238594308109839, '_a6_': -0.47430815049880487, '_a1_': 1.0, '_a2_': 1.0, '_a4_': 1.0, '_a7_': 1.0}};{'d0': 0.024905833076461305};-276.475521508489;58.09136543838715
3983;-80.1463953158576;-((((((x * (x + _a5_)) + _a6_) * x) + x) / ((_a6_ / (_a3_ + -(_a5_))) / _a0_)));{'d0': {'_a0_': 13.27738245827306, '_a3_': 0.7444873423039597, '_a5_': 0.6238594308109839, '_a6_': -0.47430815049880487, '_a1_': 1.0, '_a2_': 1.0, '_a4_': 1.0, '_a7_': 1.0}};{'d0': 0.024905833076461305};-276.475521508489;58.09136543838715
3984;-80.1463953158576;-((((((x * (x + _a5_)) + _a6_) * x) + x) / ((_a6_ / (_a3_ + -(_a5_))) / _a0_)));{'d0': {'_a0_': 13.27738245827306, '_a3_': 0.7444873423039597, '_a5_': 0.6238594308109839, '_a6_': -0.47430815049880487, '_a1_': 1.0, '_a2_': 1.0, '_a4_': 1.0, '_a7_': 1.0}};{'d0': 0.024905833076461305};-276.475521508489;58.09136543838715
3985;-80.1463953158576;-((((((x * (x + _a5_)) + _a6_) * x) + x) / ((_a6_ / (_a3_ + -(_a5_))) / _a0_)));{'d0': {'_a0_': 13.27738245827306, '_a3_': 0.7444873423039597, '_a5_': 0.6238594308109839, '_a6_': -0.47430815049880487, '_a1_': 1.0, '_a2_': 1.0, '_a4_': 1.0, '_a7_': 1.0}};{'d0': 0.024905833076461305};-276.475521508489;58.09136543838715
3986;-80.1463953158576;-((((((x * (x + _a5_)) + _a6_) * x) + x) / ((_a6_ / (_a3_ + -(_a5_))) / _a0_)));{'d0': {'_a0_': 13.27738245827306, '_a3_': 0.7444873423039597, '_a5_': 0.6238594308109839, '_a6_': -0.47430815049880487, '_a1_': 1.0, '_a2_': 1.0, '_a4_': 1.0, '_a7_': 1.0}};{'d0': 0.024905833076461305};-276.475521508489;58.09136543838715
3987;-80.1463953158576;-((((((x * (x + _a5_)) + _a6_) * x) + x) / ((_a6_ / (_a3_ + -(_a5_))) / _a0_)));{'d0': {'_a0_': 13.27738245827306, '_a3_': 0.7444873423039597, '_a5_': 0.6238594308109839, '_a6_': -0.47430815049880487, '_a1_': 1.0, '_a2_': 1.0, '_a4_': 1.0, '_a7_': 1.0}};{'d0': 0.024905833076461305};-276.475521508489;58.09136543838715
3988;-80.1463953158576;-((((((x * (x + _a5_)) + _a6_) * x) + x) / ((_a6_ / (_a3_ + -(_a5_))) / _a0_)));{'d0': {'_a0_': 13.27738245827306, '_a3_': 0.7444873423039597, '_a5_': 0.6238594308109839, '_a6_': -0.47430815049880487, '_a1_': 1.0, '_a2_': 1.0, '_a4_': 1.0, '_a7_': 1.0}};{'d0': 0.024905833076461305};-276.475521508489;58.09136543838715
3989;-80.1463953158576;-((((((x * (x + _a5_)) + _a6_) * x) + x) / ((_a6_ / (_a3_ + -(_a5_))) / _a0_)));{'d0': {'_a0_': 13.27738245827306, '_a3_': 0.7444873423039597, '_a5_': 0.6238594308109839, '_a6_': -0.47430815049880487, '_a1_': 1.0, '_a2_': 1.0, '_a4_': 1.0, '_a7_': 1.0}};{'d0': 0.024905833076461305};-276.475521508489;58.09136543838715
3990;-80.1463953158576;-((((((x * (x + _a5_)) + _a6_) * x) + x) / ((_a6_ / (_a3_ + -(_a5_))) / _a0_)));{'d0': {'_a0_': 13.27738245827306, '_a3_': 0.7444873423039597, '_a5_': 0.6238594308109839, '_a6_': -0.47430815049880487, '_a1_': 1.0, '_a2_': 1.0, '_a4_': 1.0, '_a7_': 1.0}};{'d0': 0.024905833076461305};-276.475521508489;58.09136543838715
3991;-80.1463953158576;-((((((x * (x + _a5_)) + _a6_) * x) + x) / ((_a6_ / (_a3_ + -(_a5_))) / _a0_)));{'d0': {'_a0_': 13.27738245827306, '_a3_': 0.7444873423039597, '_a5_': 0.6238594308109839, '_a6_': -0.47430815049880487, '_a1_': 1.0, '_a2_': 1.0, '_a4_': 1.0, '_a7_': 1.0}};{'d0': 0.024905833076461305};-276.475521508489;58.09136543838715
3992;-80.1463953158576;-((((((x * (x + _a5_)) + _a6_) * x) + x) / ((_a6_ / (_a3_ + -(_a5_))) / _a0_)));{'d0': {'_a0_': 13.27738245827306, '_a3_': 0.7444873423039597, '_a5_': 0.6238594308109839, '_a6_': -0.47430815049880487, '_a1_': 1.0, '_a2_': 1.0, '_a4_': 1.0, '_a7_': 1.0}};{'d0': 0.024905833076461305};-276.475521508489;58.09136543838715
3993;-92.7331905933026;((pow3(((x / _a6_) + _a0_)) + _a3_) + (_a1_ * ((x * x) / _a0_)));{'d0': {'_a0_': 0.62775401881525, '_a1_': -1.3377904981271698, '_a3_': -0.2484064159142115, '_a6_': 0.6661723781368868, '_a2_': 1.0, '_a4_': 1.0, '_a5_': 1.0, '_a7_': 1.0}};{'d0': 0.02488548250186687};-276.524567593312;45.5290932033536
3994;-92.7331905933026;((pow3(((x / _a6_) + _a0_)) + _a3_) + (_a1_ * ((x * x) / _a0_)));{'d0': {'_a0_': 0.62775401881525, '_a1_': -1.3377904981271698, '_a3_': -0.2484064159142115, '_a6_': 0.6661723781368868, '_a2_': 1.0, '_a4_': 1.0, '_a5_': 1.0, '_a7_': 1.0}};{'d0': 0.02488548250186687};-276.524567593312;45.5290932033536
3995;-92.7331905933026;((pow3(((x / _a6_) + _a0_)) + _a3_) + (_a1_ * ((x * x) / _a0_)));{'d0': {'_a0_': 0.62775401881525, '_a1_': -1.3377904981271698, '_a3_': -0.2484064159142115, '_a6_': 0.6661723781368868, '_a2_': 1.0, '_a4_': 1.0, '_a5_': 1.0, '_a7_': 1.0}};{'d0': 0.02488548250186687};-276.524567593312;45.5290932033536
3996;-92.7331905933026;((pow3(((x / _a6_) + _a0_)) + _a3_) + (_a1_ * ((x * x) / _a0_)));{'d0': {'_a0_': 0.62775401881525, '_a1_': -1.3377904981271698, '_a3_': -0.2484064159142115, '_a6_': 0.6661723781368868, '_a2_': 1.0, '_a4_': 1.0, '_a5_': 1.0, '_a7_': 1.0}};{'d0': 0.02488548250186687};-276.524567593312;45.5290932033536
3997;-92.7331905933026;((pow3(((x / _a6_) + _a0_)) + _a3_) + (_a1_ * ((x * x) / _a0_)));{'d0': {'_a0_': 0.62775401881525, '_a1_': -1.3377904981271698, '_a3_': -0.2484064159142115, '_a6_': 0.6661723781368868, '_a2_': 1.0, '_a4_': 1.0, '_a5_': 1.0, '_a7_': 1.0}};{'d0': 0.02488548250186687};-276.524567593312;45.5290932033536
3998;-92.7331905933026;((pow3(((x / _a6_) + _a0_)) + _a3_) + (_a1_ * ((x * x) / _a0_)));{'d0': {'_a0_': 0.62775401881525, '_a1_': -1.3377904981271698, '_a3_': -0.2484064159142115, '_a6_': 0.6661723781368868, '_a2_': 1.0, '_a4_': 1.0, '_a5_': 1.0, '_a7_': 1.0}};{'d0': 0.02488548250186687};-276.524567593312;45.5290932033536
3999;-92.7331905933026;((pow3(((x / _a6_) + _a0_)) + _a3_) + (_a1_ * ((x * x) / _a0_)));{'d0': {'_a0_': 0.62775401881525, '_a1_': -1.3377904981271698, '_a3_': -0.2484064159142115, '_a6_': 0.6661723781368868, '_a2_': 1.0, '_a4_': 1.0, '_a5_': 1.0, '_a7_': 1.0}};{'d0': 0.02488548250186687};-276.524567593312;45.5290932033536
4000;-92.7331905933026;((pow3(((x / _a6_) + _a0_)) + _a3_) + (_a1_ * ((x * x) / _a0_)));{'d0': {'_a0_': 0.62775401881525, '_a1_': -1.3377904981271698, '_a3_': -0.2484064159142115, '_a6_': 0.6661723781368868, '_a2_': 1.0, '_a4_': 1.0, '_a5_': 1.0, '_a7_': 1.0}};{'d0': 0.02488548250186687};-276.524567593312;45.5290932033536
4001;-93.6934307623148;((pow3(((x * _a6_) + _a0_)) + _a3_) + (_a1_ * ((x * x) / _a0_)));{'d0': {'_a0_': 0.6277540188405926, '_a1_': -1.3377904974443737, '_a3_': -0.2484064163892218, '_a6_': 1.5011129746494465, '_a2_': 1.0, '_a4_': 1.0, '_a5_': 1.0, '_a7_': 1.0}};{'d0': 0.024885482501866903};-276.524567593312;44.568853034341394
4002;-80.1463953158576;-((((((x * (x + _a5_)) + _a6_) * x) + x) / ((_a6_ / (_a3_ + -(_a5_))) / _a0_)));{'d0': {'_a0_': 13.27738245827306, '_a3_': 0.7444873423039597, '_a5_': 0.6238594308109839, '_a6_': -0.47430815049880487, '_a1_': 1.0, '_a2_': 1.0, '_a4_': 1.0, '_a7_': 1.0}};{'d0': 0.024905833076461305};-276.475521508489;58.09136543838715
4003;-83.8268477328861;(((((x * (x + _a5_)) + _a6_) * x) + x) / ((_a6_ / (_a3_ + -(_a5_))) / _a0_));{'d0': {'_a0_': 19.106794894073037, '_a3_': 0.5400345258660895, '_a5_': 0.6238594156119125, '_a6_': -0.4743082301096566, '_a1_': 1.0, '_a2_': 1.0, '_a4_': 1.0, '_a7_': 1.0}};{'d0': 0.02490583292804964};-276.475521866024;54.41091320012598
4004;-83.8268477328861;(((((x * (x + _a5_)) + _a6_) * x) + x) / ((_a6_ / (_a3_ + -(_a5_))) / _a0_));{'d0': {'_a0_': 19.106794894073037, '_a3_': 0.5400345258660895, '_a5_': 0.6238594156119125, '_a6_': -0.4743082301096566, '_a1_': 1.0, '_a2_': 1.0, '_a4_': 1.0, '_a7_': 1.0}};{'d0': 0.02490583292804964};-276.475521866024;54.41091320012598
4005;-83.8268477328861;(((((x * (x + _a5_)) + _a6_) * x) + x) / ((_a6_ / (_a3_ + -(_a5_))) / _a0_));{'d0': {'_a0_': 19.106794894073037, '_a3_': 0.5400345258660895, '_a5_': 0.6238594156119125, '_a6_': -0.4743082301096566, '_a1_': 1.0, '_a2_': 1.0, '_a4_': 1.0, '_a7_': 1.0}};{'d0': 0.02490583292804964};-276.475521866024;54.41091320012598
4006;-83.8268477328861;(((((x * (x + _a5_)) + _a6_) * x) + x) / ((_a6_ / (_a3_ + -(_a5_))) / _a0_));{'d0': {'_a0_': 19.106794894073037, '_a3_': 0.5400345258660895, '_a5_': 0.6238594156119125, '_a6_': -0.4743082301096566, '_a1_': 1.0, '_a2_': 1.0, '_a4_': 1.0, '_a7_': 1.0}};{'d0': 0.02490583292804964};-276.475521866024;54.41091320012598
4007;-83.8268477328861;(((((x * (x + _a5_)) + _a6_) * x) + x) / ((_a6_ / (_a3_ + -(_a5_))) / _a0_));{'d0': {'_a0_': 19.106794894073037, '_a3_': 0.5400345258660895, '_a5_': 0.6238594156119125, '_a6_': -0.4743082301096566, '_a1_': 1.0, '_a2_': 1.0, '_a4_': 1.0, '_a7_': 1.0}};{'d0': 0.02490583292804964};-276.475521866024;54.41091320012598
4008;-83.8268477328861;(((((x * (x + _a5_)) + _a6_) * x) + x) / ((_a6_ / (_a3_ + -(_a5_))) / _a0_));{'d0': {'_a0_': 19.106794894073037, '_a3_': 0.5400345258660895, '_a5_': 0.6238594156119125, '_a6_': -0.4743082301096566, '_a1_': 1.0, '_a2_': 1.0, '_a4_': 1.0, '_a7_': 1.0}};{'d0': 0.02490583292804964};-276.475521866024;54.41091320012598
4009;-83.8268477328861;(((((x * (x + _a5_)) + _a6_) * x) + x) / ((_a6_ / (_a3_ + -(_a5_))) / _a0_));{'d0': {'_a0_': 19.106794894073037, '_a3_': 0.5400345258660895, '_a5_': 0.6238594156119125, '_a6_': -0.4743082301096566, '_a1_': 1.0, '_a2_': 1.0, '_a4_': 1.0, '_a7_': 1.0}};{'d0': 0.02490583292804964};-276.475521866024;54.41091320012598
4010;-83.8268477328861;(((((x * (x + _a5_)) + _a6_) * x) + x) / ((_a6_ / (_a3_ + -(_a5_))) / _a0_));{'d0': {'_a0_': 19.106794894073037, '_a3_': 0.5400345258660895, '_a5_': 0.6238594156119125, '_a6_': -0.4743082301096566, '_a1_': 1.0, '_a2_': 1.0, '_a4_': 1.0, '_a7_': 1.0}};{'d0': 0.02490583292804964};-276.475521866024;54.41091320012598
4011;-83.8268477328861;(((((x * (x + _a5_)) + _a6_) * x) + x) / ((_a6_ / (_a3_ + -(_a5_))) / _a0_));{'d0': {'_a0_': 19.106794894073037, '_a3_': 0.5400345258660895, '_a5_': 0.6238594156119125, '_a6_': -0.4743082301096566, '_a1_': 1.0, '_a2_': 1.0, '_a4_': 1.0, '_a7_': 1.0}};{'d0': 0.02490583292804964};-276.475521866024;54.41091320012598
4012;-83.8268477328861;(((((x * (x + _a5_)) + _a6_) * x) + x) / ((_a6_ / (_a3_ + -(_a5_))) / _a0_));{'d0': {'_a0_': 19.106794894073037, '_a3_': 0.5400345258660895, '_a5_': 0.6238594156119125, '_a6_': -0.4743082301096566, '_a1_': 1.0, '_a2_': 1.0, '_a4_': 1.0, '_a7_': 1.0}};{'d0': 0.02490583292804964};-276.475521866024;54.41091320012598
4013;-83.8268477328861;(((((x * (x + _a5_)) + _a6_) * x) + x) / ((_a6_ / (_a3_ + -(_a5_))) / _a0_));{'d0': {'_a0_': 19.106794894073037, '_a3_': 0.5400345258660895, '_a5_': 0.6238594156119125, '_a6_': -0.4743082301096566, '_a1_': 1.0, '_a2_': 1.0, '_a4_': 1.0, '_a7_': 1.0}};{'d0': 0.02490583292804964};-276.475521866024;54.41091320012598
4014;-83.8268477328861;(((((x * (x + _a5_)) + _a6_) * x) + x) / ((_a6_ / (_a3_ + -(_a5_))) / _a0_));{'d0': {'_a0_': 19.106794894073037, '_a3_': 0.5400345258660895, '_a5_': 0.6238594156119125, '_a6_': -0.4743082301096566, '_a1_': 1.0, '_a2_': 1.0, '_a4_': 1.0, '_a7_': 1.0}};{'d0': 0.02490583292804964};-276.475521866024;54.41091320012598
4015;-83.8268477328861;(((((x * (x + _a5_)) + _a6_) * x) + x) / ((_a6_ / (_a3_ + -(_a5_))) / _a0_));{'d0': {'_a0_': 19.106794894073037, '_a3_': 0.5400345258660895, '_a5_': 0.6238594156119125, '_a6_': -0.4743082301096566, '_a1_': 1.0, '_a2_': 1.0, '_a4_': 1.0, '_a7_': 1.0}};{'d0': 0.02490583292804964};-276.475521866024;54.41091320012598
4016;-93.6934307623144;((pow3(((x * _a6_) + _a0_)) + _a3_) + (_a1_ * ((_a3_ * x) / _a0_)));{'d0': {'_a0_': 0.3125072891999215, '_a1_': -13.224477968934945, '_a3_': -0.031543901073729806, '_a6_': 1.5011129779458001, '_a2_': 1.0, '_a4_': 1.0, '_a5_': 1.0, '_a7_': 1.0}};{'d0': 0.02488548250186718};-276.524567593312;44.568853034341394
4017;-93.6934307623144;((pow3(((x * _a6_) + _a0_)) + _a3_) + (_a1_ * ((_a3_ * x) / _a0_)));{'d0': {'_a0_': 0.3125072891999215, '_a1_': -13.224477968934945, '_a3_': -0.031543901073729806, '_a6_': 1.5011129779458001, '_a2_': 1.0, '_a4_': 1.0, '_a5_': 1.0, '_a7_': 1.0}};{'d0': 0.02488548250186718};-276.524567593312;44.568853034341394
4018;-93.6934307623144;((pow3(((x * _a6_) + _a0_)) + _a3_) + (_a1_ * ((_a3_ * x) / _a0_)));{'d0': {'_a0_': 0.3125072891999215, '_a1_': -13.224477968934945, '_a3_': -0.031543901073729806, '_a6_': 1.5011129779458001, '_a2_': 1.0, '_a4_': 1.0, '_a5_': 1.0, '_a7_': 1.0}};{'d0': 0.02488548250186718};-276.524567593312;44.568853034341394
4019;-93.6934307623144;((pow3(((x * _a6_) + _a0_)) + _a3_) + (_a1_ * ((_a3_ * x) / _a0_)));{'d0': {'_a0_': 0.3125072891999215, '_a1_': -13.224477968934945, '_a3_': -0.031543901073729806, '_a6_': 1.5011129779458001, '_a2_': 1.0, '_a4_': 1.0, '_a5_': 1.0, '_a7_': 1.0}};{'d0': 0.02488548250186718};-276.524567593312;44.568853034341394
4020;-93.6934307623144;((pow3(((x * _a6_) + _a0_)) + _a3_) + (_a1_ * ((_a3_ * x) / _a0_)));{'d0': {'_a0_': 0.3125072891999215, '_a1_': -13.224477968934945, '_a3_': -0.031543901073729806, '_a6_': 1.5011129779458001, '_a2_': 1.0, '_a4_': 1.0, '_a5_': 1.0, '_a7_': 1.0}};{'d0': 0.02488548250186718};-276.524567593312;44.568853034341394
4021;-83.8268477328861;(((((x * (x + _a5_)) + _a6_) * x) + x) / ((_a6_ / (_a3_ + -(_a5_))) / _a0_));{'d0': {'_a0_': 19.106794894073037, '_a3_': 0.5400345258660895, '_a5_': 0.6238594156119125, '_a6_': -0.4743082301096566, '_a1_': 1.0, '_a2_': 1.0, '_a4_': 1.0, '_a7_': 1.0}};{'d0': 0.02490583292804964};-276.475521866024;54.41091320012598
4022;-83.8268477328861;(((((x * (x + _a5_)) + _a6_) * x) + x) / ((_a6_ / (_a3_ + -(_a5_))) / _a0_));{'d0': {'_a0_': 19.106794894073037, '_a3_': 0.5400345258660895, '_a5_': 0.6238594156119125, '_a6_': -0.4743082301096566, '_a1_': 1.0, '_a2_': 1.0, '_a4_': 1.0, '_a7_': 1.0}};{'d0': 0.02490583292804964};-276.475521866024;54.41091320012598
4023;-83.8268477328861;(((((x * (x + _a5_)) + _a6_) * x) + x) / ((_a6_ / (_a3_ + -(_a5_))) / _a0_));{'d0': {'_a0_': 19.106794894073037, '_a3_': 0.5400345258660895, '_a5_': 0.6238594156119125, '_a6_': -0.4743082301096566, '_a1_': 1.0, '_a2_': 1.0, '_a4_': 1.0, '_a7_': 1.0}};{'d0': 0.02490583292804964};-276.475521866024;54.41091320012598
4024;-83.8268477328861;(((((x * (x + _a5_)) + _a6_) * x) + x) / ((_a6_ / (_a3_ + -(_a5_))) / _a0_));{'d0': {'_a0_': 19.106794894073037, '_a3_': 0.5400345258660895, '_a5_': 0.6238594156119125, '_a6_': -0.4743082301096566, '_a1_': 1.0, '_a2_': 1.0, '_a4_': 1.0, '_a7_': 1.0}};{'d0': 0.02490583292804964};-276.475521866024;54.41091320012598
4025;-83.8268477328861;(((((x * (x + _a5_)) + _a6_) * x) + x) / ((_a6_ / (_a3_ + -(_a5_))) / _a0_));{'d0': {'_a0_': 19.106794894073037, '_a3_': 0.5400345258660895, '_a5_': 0.6238594156119125, '_a6_': -0.4743082301096566, '_a1_': 1.0, '_a2_': 1.0, '_a4_': 1.0, '_a7_': 1.0}};{'d0': 0.02490583292804964};-276.475521866024;54.41091320012598
4026;-83.7804005440461;(((((x * (x + _a5_)) + _a6_) * x) + x) / ((_a6_ + (_a3_ + -(_a5_))) / _a0_));{'d0': {'_a0_': -1942.369798960177, '_a3_': -574.1186772620914, '_a5_': 0.6238594154719753, '_a6_': -0.4743082299313279, '_a1_': 1.0, '_a2_': 1.0, '_a4_': 1.0, '_a7_': 1.0}};{'d0': 0.02490583291950027};-276.475521886620;54.45736039926398
4027;-83.7804005440461;(((((x * (x + _a5_)) + _a6_) * x) + x) / ((_a6_ + (_a3_ + -(_a5_))) / _a0_));{'d0': {'_a0_': -1942.369798960177, '_a3_': -574.1186772620914, '_a5_': 0.6238594154719753, '_a6_': -0.4743082299313279, '_a1_': 1.0, '_a2_': 1.0, '_a4_': 1.0, '_a7_': 1.0}};{'d0': 0.02490583291950027};-276.475521886620;54.45736039926398
4028;-83.7804005440461;(((((x * (x + _a5_)) + _a6_) * x) + x) / ((_a6_ + (_a3_ + -(_a5_))) / _a0_));{'d0': {'_a0_': -1942.369798960177, '_a3_': -574.1186772620914, '_a5_': 0.6238594154719753, '_a6_': -0.4743082299313279, '_a1_': 1.0, '_a2_': 1.0, '_a4_': 1.0, '_a7_': 1.0}};{'d0': 0.02490583291950027};-276.475521886620;54.45736039926398
4029;-83.7804005440461;(((((x * (x + _a5_)) + _a6_) * x) + x) / ((_a6_ + (_a3_ + -(_a5_))) / _a0_));{'d0': {'_a0_': -1942.369798960177, '_a3_': -574.1186772620914, '_a5_': 0.6238594154719753, '_a6_': -0.4743082299313279, '_a1_': 1.0, '_a2_': 1.0, '_a4_': 1.0, '_a7_': 1.0}};{'d0': 0.02490583291950027};-276.475521886620;54.45736039926398
4030;-83.7804005440461;(((((x * (x + _a5_)) + _a6_) * x) + x) / ((_a6_ + (_a3_ + -(_a5_))) / _a0_));{'d0': {'_a0_': -1942.369798960177, '_a3_': -574.1186772620914, '_a5_': 0.6238594154719753, '_a6_': -0.4743082299313279, '_a1_': 1.0, '_a2_': 1.0, '_a4_': 1.0, '_a7_': 1.0}};{'d0': 0.02490583291950027};-276.475521886620;54.45736039926398
4031;-83.7804005440461;(((((x * (x + _a5_)) + _a6_) * x) + x) / ((_a6_ + (_a3_ + -(_a5_))) / _a0_));{'d0': {'_a0_': -1942.369798960177, '_a3_': -574.1186772620914, '_a5_': 0.6238594154719753, '_a6_': -0.4743082299313279, '_a1_': 1.0, '_a2_': 1.0, '_a4_': 1.0, '_a7_': 1.0}};{'d0': 0.02490583291950027};-276.475521886620;54.45736039926398
4032;-83.7804005440461;(((((x * (x + _a5_)) + _a6_) * x) + x) / ((_a6_ + (_a3_ + -(_a5_))) / _a0_));{'d0': {'_a0_': -1942.369798960177, '_a3_': -574.1186772620914, '_a5_': 0.6238594154719753, '_a6_': -0.4743082299313279, '_a1_': 1.0, '_a2_': 1.0, '_a4_': 1.0, '_a7_': 1.0}};{'d0': 0.02490583291950027};-276.475521886620;54.45736039926398
4033;-83.7804005440461;(((((x * (x + _a5_)) + _a6_) * x) + x) / ((_a6_ + (_a3_ + -(_a5_))) / _a0_));{'d0': {'_a0_': -1942.369798960177, '_a3_': -574.1186772620914, '_a5_': 0.6238594154719753, '_a6_': -0.4743082299313279, '_a1_': 1.0, '_a2_': 1.0, '_a4_': 1.0, '_a7_': 1.0}};{'d0': 0.02490583291950027};-276.475521886620;54.45736039926398
4034;-83.7804005440461;(((((x * (x + _a5_)) + _a6_) * x) + x) / ((_a6_ + (_a3_ + -(_a5_))) / _a0_));{'d0': {'_a0_': -1942.369798960177, '_a3_': -574.1186772620914, '_a5_': 0.6238594154719753, '_a6_': -0.4743082299313279, '_a1_': 1.0, '_a2_': 1.0, '_a4_': 1.0, '_a7_': 1.0}};{'d0': 0.02490583291950027};-276.475521886620;54.45736039926398
4035;-83.7804005440461;(((((x * (x + _a5_)) + _a6_) * x) + x) / ((_a6_ + (_a3_ + -(_a5_))) / _a0_));{'d0': {'_a0_': -1942.369798960177, '_a3_': -574.1186772620914, '_a5_': 0.6238594154719753, '_a6_': -0.4743082299313279, '_a1_': 1.0, '_a2_': 1.0, '_a4_': 1.0, '_a7_': 1.0}};{'d0': 0.02490583291950027};-276.475521886620;54.45736039926398
4036;-83.7804005440461;(((((x * (x + _a5_)) + _a6_) * x) + x) / ((_a6_ + (_a3_ + -(_a5_))) / _a0_));{'d0': {'_a0_': -1942.369798960177, '_a3_': -574.1186772620914, '_a5_': 0.6238594154719753, '_a6_': -0.4743082299313279, '_a1_': 1.0, '_a2_': 1.0, '_a4_': 1.0, '_a7_': 1.0}};{'d0': 0.02490583291950027};-276.475521886620;54.45736039926398
4037;-83.7804005440461;(((((x * (x + _a5_)) + _a6_) * x) + x) / ((_a6_ + (_a3_ + -(_a5_))) / _a0_));{'d0': {'_a0_': -1942.369798960177, '_a3_': -574.1186772620914, '_a5_': 0.6238594154719753, '_a6_': -0.4743082299313279, '_a1_': 1.0, '_a2_': 1.0, '_a4_': 1.0, '_a7_': 1.0}};{'d0': 0.02490583291950027};-276.475521886620;54.45736039926398
4038;-83.7804005440461;(((((x * (x + _a5_)) + _a6_) * x) + x) / ((_a6_ + (_a3_ + -(_a5_))) / _a0_));{'d0': {'_a0_': -1942.369798960177, '_a3_': -574.1186772620914, '_a5_': 0.6238594154719753, '_a6_': -0.4743082299313279, '_a1_': 1.0, '_a2_': 1.0, '_a4_': 1.0, '_a7_': 1.0}};{'d0': 0.02490583291950027};-276.475521886620;54.45736039926398
4039;-83.7804005440461;(((((x * (x + _a5_)) + _a6_) * x) + x) / ((_a6_ + (_a3_ + -(_a5_))) / _a0_));{'d0': {'_a0_': -1942.369798960177, '_a3_': -574.1186772620914, '_a5_': 0.6238594154719753, '_a6_': -0.4743082299313279, '_a1_': 1.0, '_a2_': 1.0, '_a4_': 1.0, '_a7_': 1.0}};{'d0': 0.02490583291950027};-276.475521886620;54.45736039926398
4040;-83.7804005440461;(((((x * (x + _a5_)) + _a6_) * x) + x) / ((_a6_ + (_a3_ + -(_a5_))) / _a0_));{'d0': {'_a0_': -1942.369798960177, '_a3_': -574.1186772620914, '_a5_': 0.6238594154719753, '_a6_': -0.4743082299313279, '_a1_': 1.0, '_a2_': 1.0, '_a4_': 1.0, '_a7_': 1.0}};{'d0': 0.02490583291950027};-276.475521886620;54.45736039926398
4041;-83.7804005440461;(((((x * (x + _a5_)) + _a6_) * x) + x) / ((_a6_ + (_a3_ + -(_a5_))) / _a0_));{'d0': {'_a0_': -1942.369798960177, '_a3_': -574.1186772620914, '_a5_': 0.6238594154719753, '_a6_': -0.4743082299313279, '_a1_': 1.0, '_a2_': 1.0, '_a4_': 1.0, '_a7_': 1.0}};{'d0': 0.02490583291950027};-276.475521886620;54.45736039926398
4042;-108.663786933363;(x * (_a1_ + (((x + exp(_a4_)) * x) * _a3_)));{'d0': {'_a1_': 1.775135404266356, '_a3_': 3.376760878675112, '_a4_': -0.4718302315509421, '_a0_': 1.0, '_a2_': 1.0, '_a5_': 1.0, '_a6_': 1.0, '_a7_': 1.0}};{'d0': 0.02490583291941668};-280.569866449043;31.62114629115896
4043;-108.663786933363;(x * (_a1_ + (((x + exp(_a4_)) * x) * _a3_)));{'d0': {'_a1_': 1.775135404266356, '_a3_': 3.376760878675112, '_a4_': -0.4718302315509421, '_a0_': 1.0, '_a2_': 1.0, '_a5_': 1.0, '_a6_': 1.0, '_a7_': 1.0}};{'d0': 0.02490583291941668};-280.569866449043;31.62114629115896
4044;-108.663786933363;(x * (_a1_ + (((x + exp(_a4_)) * x) * _a3_)));{'d0': {'_a1_': 1.775135404266356, '_a3_': 3.376760878675112, '_a4_': -0.4718302315509421, '_a0_': 1.0, '_a2_': 1.0, '_a5_': 1.0, '_a6_': 1.0, '_a7_': 1.0}};{'d0': 0.02490583291941668};-280.569866449043;31.62114629115896
4045;-108.663786933363;(x * (_a1_ + (((x + exp(_a4_)) * x) * _a3_)));{'d0': {'_a1_': 1.775135404266356, '_a3_': 3.376760878675112, '_a4_': -0.4718302315509421, '_a0_': 1.0, '_a2_': 1.0, '_a5_': 1.0, '_a6_': 1.0, '_a7_': 1.0}};{'d0': 0.02490583291941668};-280.569866449043;31.62114629115896
4046;-108.663786933363;(x * (_a1_ + (((x + exp(_a4_)) * x) * _a3_)));{'d0': {'_a1_': 1.775135404266356, '_a3_': 3.376760878675112, '_a4_': -0.4718302315509421, '_a0_': 1.0, '_a2_': 1.0, '_a5_': 1.0, '_a6_': 1.0, '_a7_': 1.0}};{'d0': 0.02490583291941668};-280.569866449043;31.62114629115896
4047;-108.663786933363;(x * (_a1_ + (((x + exp(_a4_)) * x) * _a3_)));{'d0': {'_a1_': 1.775135404266356, '_a3_': 3.376760878675112, '_a4_': -0.4718302315509421, '_a0_': 1.0, '_a2_': 1.0, '_a5_': 1.0, '_a6_': 1.0, '_a7_': 1.0}};{'d0': 0.02490583291941668};-280.569866449043;31.62114629115896
4048;-108.663786933363;(x * (_a1_ + (((x + exp(_a4_)) * x) * _a3_)));{'d0': {'_a1_': 1.775135404266356, '_a3_': 3.376760878675112, '_a4_': -0.4718302315509421, '_a0_': 1.0, '_a2_': 1.0, '_a5_': 1.0, '_a6_': 1.0, '_a7_': 1.0}};{'d0': 0.02490583291941668};-280.569866449043;31.62114629115896
4049;-108.663786933363;(x * (_a1_ + (((x + exp(_a4_)) * x) * _a3_)));{'d0': {'_a1_': 1.775135404266356, '_a3_': 3.376760878675112, '_a4_': -0.4718302315509421, '_a0_': 1.0, '_a2_': 1.0, '_a5_': 1.0, '_a6_': 1.0, '_a7_': 1.0}};{'d0': 0.02490583291941668};-280.569866449043;31.62114629115896
4050;-108.663786933363;(x * (_a1_ + (((x + exp(_a4_)) * x) * _a3_)));{'d0': {'_a1_': 1.775135404266356, '_a3_': 3.376760878675112, '_a4_': -0.4718302315509421, '_a0_': 1.0, '_a2_': 1.0, '_a5_': 1.0, '_a6_': 1.0, '_a7_': 1.0}};{'d0': 0.02490583291941668};-280.569866449043;31.62114629115896
4051;-108.663786933363;(x * (_a1_ + (((x + exp(_a4_)) * x) * _a3_)));{'d0': {'_a1_': 1.775135404266356, '_a3_': 3.376760878675112, '_a4_': -0.4718302315509421, '_a0_': 1.0, '_a2_': 1.0, '_a5_': 1.0, '_a6_': 1.0, '_a7_': 1.0}};{'d0': 0.02490583291941668};-280.569866449043;31.62114629115896
4052;-108.663786933363;(x * (_a1_ + (((x + exp(_a4_)) * x) * _a3_)));{'d0': {'_a1_': 1.775135404266356, '_a3_': 3.376760878675112, '_a4_': -0.4718302315509421, '_a0_': 1.0, '_a2_': 1.0, '_a5_': 1.0, '_a6_': 1.0, '_a7_': 1.0}};{'d0': 0.02490583291941668};-280.569866449043;31.62114629115896
4053;-108.663786933363;(x * (_a1_ + (((x + exp(_a4_)) * x) * _a3_)));{'d0': {'_a1_': 1.775135404266356, '_a3_': 3.376760878675112, '_a4_': -0.4718302315509421, '_a0_': 1.0, '_a2_': 1.0, '_a5_': 1.0, '_a6_': 1.0, '_a7_': 1.0}};{'d0': 0.02490583291941668};-280.569866449043;31.62114629115896
4054;-108.663786933363;(x * (_a1_ + (((x + exp(_a4_)) * x) * _a3_)));{'d0': {'_a1_': 1.775135404266356, '_a3_': 3.376760878675112, '_a4_': -0.4718302315509421, '_a0_': 1.0, '_a2_': 1.0, '_a5_': 1.0, '_a6_': 1.0, '_a7_': 1.0}};{'d0': 0.02490583291941668};-280.569866449043;31.62114629115896
4055;-108.663786933363;(x * (_a1_ + (((x + exp(_a4_)) * x) * _a3_)));{'d0': {'_a1_': 1.775135404266356, '_a3_': 3.376760878675112, '_a4_': -0.4718302315509421, '_a0_': 1.0, '_a2_': 1.0, '_a5_': 1.0, '_a6_': 1.0, '_a7_': 1.0}};{'d0': 0.02490583291941668};-280.569866449043;31.62114629115896
4056;-108.663786933363;(x * (_a1_ + (((x + exp(_a4_)) * x) * _a3_)));{'d0': {'_a1_': 1.775135404266356, '_a3_': 3.376760878675112, '_a4_': -0.4718302315509421, '_a0_': 1.0, '_a2_': 1.0, '_a5_': 1.0, '_a6_': 1.0, '_a7_': 1.0}};{'d0': 0.02490583291941668};-280.569866449043;31.62114629115896
4057;-108.663786933363;(x * (_a1_ + (((x + exp(_a4_)) * x) * _a3_)));{'d0': {'_a1_': 1.775135404266356, '_a3_': 3.376760878675112, '_a4_': -0.4718302315509421, '_a0_': 1.0, '_a2_': 1.0, '_a5_': 1.0, '_a6_': 1.0, '_a7_': 1.0}};{'d0': 0.02490583291941668};-280.569866449043;31.62114629115896
4058;-108.663786933363;(x * (_a1_ + (((x + exp(_a4_)) * x) * _a3_)));{'d0': {'_a1_': 1.775135404266356, '_a3_': 3.376760878675112, '_a4_': -0.4718302315509421, '_a0_': 1.0, '_a2_': 1.0, '_a5_': 1.0, '_a6_': 1.0, '_a7_': 1.0}};{'d0': 0.02490583291941668};-280.569866449043;31.62114629115896
4059;-103.304454903253;(x * (log(_a2_) + (((x + exp(_a4_)) * x) * _a3_)));{'d0': {'_a2_': 5.901080109410376, '_a3_': 3.376760877582875, '_a4_': -0.4718302320986219, '_a0_': 1.0, '_a1_': 1.0, '_a5_': 1.0, '_a6_': 1.0, '_a7_': 1.0}};{'d0': 0.02490583291941666};-280.569866449044;36.98047832126896
4060;-103.304454903253;(x * (log(_a2_) + (((x + exp(_a4_)) * x) * _a3_)));{'d0': {'_a2_': 5.901080109410376, '_a3_': 3.376760877582875, '_a4_': -0.4718302320986219, '_a0_': 1.0, '_a1_': 1.0, '_a5_': 1.0, '_a6_': 1.0, '_a7_': 1.0}};{'d0': 0.02490583291941666};-280.569866449044;36.98047832126896
4061;-103.304454903253;(x * (log(_a2_) + (((x + exp(_a4_)) * x) * _a3_)));{'d0': {'_a2_': 5.901080109410376, '_a3_': 3.376760877582875, '_a4_': -0.4718302320986219, '_a0_': 1.0, '_a1_': 1.0, '_a5_': 1.0, '_a6_': 1.0, '_a7_': 1.0}};{'d0': 0.02490583291941666};-280.569866449044;36.98047832126896
4062;-103.304454903253;(x * (log(_a2_) + (((x + exp(_a4_)) * x) * _a3_)));{'d0': {'_a2_': 5.901080109410376, '_a3_': 3.376760877582875, '_a4_': -0.4718302320986219, '_a0_': 1.0, '_a1_': 1.0, '_a5_': 1.0, '_a6_': 1.0, '_a7_': 1.0}};{'d0': 0.02490583291941666};-280.569866449044;36.98047832126896
4063;-103.304454903253;(x * (log(_a2_) + (((x + exp(_a4_)) * x) * _a3_)));{'d0': {'_a2_': 5.901080109410376, '_a3_': 3.376760877582875, '_a4_': -0.4718302320986219, '_a0_': 1.0, '_a1_': 1.0, '_a5_': 1.0, '_a6_': 1.0, '_a7_': 1.0}};{'d0': 0.02490583291941666};-280.569866449044;36.98047832126896
4064;-103.304454903253;(x * (log(_a2_) + (((x + exp(_a4_)) * x) * _a3_)));{'d0': {'_a2_': 5.901080109410376, '_a3_': 3.376760877582875, '_a4_': -0.4718302320986219, '_a0_': 1.0, '_a1_': 1.0, '_a5_': 1.0, '_a6_': 1.0, '_a7_': 1.0}};{'d0': 0.02490583291941666};-280.569866449044;36.98047832126896
4065;-103.304454903253;(x * (log(_a2_) + (((x + exp(_a4_)) * x) * _a3_)));{'d0': {'_a2_': 5.901080109410376, '_a3_': 3.376760877582875, '_a4_': -0.4718302320986219, '_a0_': 1.0, '_a1_': 1.0, '_a5_': 1.0, '_a6_': 1.0, '_a7_': 1.0}};{'d0': 0.02490583291941666};-280.569866449044;36.98047832126896
4066;-103.304454903253;(x * (log(_a2_) + (((x + exp(_a4_)) * x) * _a3_)));{'d0': {'_a2_': 5.901080109410376, '_a3_': 3.376760877582875, '_a4_': -0.4718302320986219, '_a0_': 1.0, '_a1_': 1.0, '_a5_': 1.0, '_a6_': 1.0, '_a7_': 1.0}};{'d0': 0.02490583291941666};-280.569866449044;36.98047832126896
4067;-103.304454903253;(x * (log(_a2_) + (((x + exp(_a4_)) * x) * _a3_)));{'d0': {'_a2_': 5.901080109410376, '_a3_': 3.376760877582875, '_a4_': -0.4718302320986219, '_a0_': 1.0, '_a1_': 1.0, '_a5_': 1.0, '_a6_': 1.0, '_a7_': 1.0}};{'d0': 0.02490583291941666};-280.569866449044;36.98047832126896
4068;-103.304454903253;(x * (log(_a2_) + (((x + exp(_a4_)) * x) * _a3_)));{'d0': {'_a2_': 5.901080109410376, '_a3_': 3.376760877582875, '_a4_': -0.4718302320986219, '_a0_': 1.0, '_a1_': 1.0, '_a5_': 1.0, '_a6_': 1.0, '_a7_': 1.0}};{'d0': 0.02490583291941666};-280.569866449044;36.98047832126896
4069;-103.304454903253;(x * (log(_a2_) + (((x + exp(_a4_)) * x) * _a3_)));{'d0': {'_a2_': 5.901080109410376, '_a3_': 3.376760877582875, '_a4_': -0.4718302320986219, '_a0_': 1.0, '_a1_': 1.0, '_a5_': 1.0, '_a6_': 1.0, '_a7_': 1.0}};{'d0': 0.02490583291941666};-280.569866449044;36.98047832126896
4070;-103.304454903253;(x * (log(_a2_) + (((x + exp(_a4_)) * x) * _a3_)));{'d0': {'_a2_': 5.901080109410376, '_a3_': 3.376760877582875, '_a4_': -0.4718302320986219, '_a0_': 1.0, '_a1_': 1.0, '_a5_': 1.0, '_a6_': 1.0, '_a7_': 1.0}};{'d0': 0.02490583291941666};-280.569866449044;36.98047832126896
4071;-103.304454903253;(x * (log(_a2_) + (((x + exp(_a4_)) * x) * _a3_)));{'d0': {'_a2_': 5.901080109410376, '_a3_': 3.376760877582875, '_a4_': -0.4718302320986219, '_a0_': 1.0, '_a1_': 1.0, '_a5_': 1.0, '_a6_': 1.0, '_a7_': 1.0}};{'d0': 0.02490583291941666};-280.569866449044;36.98047832126896
4072;-103.304454903253;(x * (log(_a2_) + (((x + exp(_a4_)) * x) * _a3_)));{'d0': {'_a2_': 5.901080109410376, '_a3_': 3.376760877582875, '_a4_': -0.4718302320986219, '_a0_': 1.0, '_a1_': 1.0, '_a5_': 1.0, '_a6_': 1.0, '_a7_': 1.0}};{'d0': 0.02490583291941666};-280.569866449044;36.98047832126896
4073;-108.670523037913;(x * (log(_a2_) + (((x + _a1_) * x) * _a3_)));{'d0': {'_a1_': 0.6238594148165435, '_a2_': 5.901080107770511, '_a3_': 3.376760880062504, '_a0_': 1.0, '_a4_': 1.0, '_a5_': 1.0, '_a6_': 1.0, '_a7_': 1.0}};{'d0': 0.024905832919416643};-280.569866449044;31.61441018660896
4074;-107.747213910645;(x * (log(_a2_) + (((x + _a1_) * x) / _a3_)));{'d0': {'_a1_': 0.6238594158364191, '_a2_': 5.901080119036216, '_a3_': 0.29614178688709547, '_a0_': 1.0, '_a4_': 1.0, '_a5_': 1.0, '_a6_': 1.0, '_a7_': 1.0}};{'d0': 0.024905832919416636};-280.569866449044;32.53771931387636
4075;-107.747213910645;(x * (log(_a2_) + (((x + _a1_) * x) / _a3_)));{'d0': {'_a1_': 0.6238594158364191, '_a2_': 5.901080119036216, '_a3_': 0.29614178688709547, '_a0_': 1.0, '_a4_': 1.0, '_a5_': 1.0, '_a6_': 1.0, '_a7_': 1.0}};{'d0': 0.024905832919416636};-280.569866449044;32.53771931387636
4076;-107.747213910645;(x * (log(_a2_) + (((x + _a1_) * x) / _a3_)));{'d0': {'_a1_': 0.6238594158364191, '_a2_': 5.901080119036216, '_a3_': 0.29614178688709547, '_a0_': 1.0, '_a4_': 1.0, '_a5_': 1.0, '_a6_': 1.0, '_a7_': 1.0}};{'d0': 0.024905832919416636};-280.569866449044;32.53771931387636
4077;-107.747213910645;(x * (log(_a2_) + (((x + _a1_) * x) / _a3_)));{'d0': {'_a1_': 0.6238594158364191, '_a2_': 5.901080119036216, '_a3_': 0.29614178688709547, '_a0_': 1.0, '_a4_': 1.0, '_a5_': 1.0, '_a6_': 1.0, '_a7_': 1.0}};{'d0': 0.024905832919416636};-280.569866449044;32.53771931387636
4078;-107.747213910645;(x * (log(_a2_) + (((x + _a1_) * x) / _a3_)));{'d0': {'_a1_': 0.6238594158364191, '_a2_': 5.901080119036216, '_a3_': 0.29614178688709547, '_a0_': 1.0, '_a4_': 1.0, '_a5_': 1.0, '_a6_': 1.0, '_a7_': 1.0}};{'d0': 0.024905832919416636};-280.569866449044;32.53771931387636
4079;-107.747213910645;(x * (log(_a2_) + (((x + _a1_) * x) / _a3_)));{'d0': {'_a1_': 0.6238594158364191, '_a2_': 5.901080119036216, '_a3_': 0.29614178688709547, '_a0_': 1.0, '_a4_': 1.0, '_a5_': 1.0, '_a6_': 1.0, '_a7_': 1.0}};{'d0': 0.024905832919416636};-280.569866449044;32.53771931387636
4080;-107.747213910645;(x * (log(_a2_) + (((x + _a1_) * x) / _a3_)));{'d0': {'_a1_': 0.6238594158364191, '_a2_': 5.901080119036216, '_a3_': 0.29614178688709547, '_a0_': 1.0, '_a4_': 1.0, '_a5_': 1.0, '_a6_': 1.0, '_a7_': 1.0}};{'d0': 0.024905832919416636};-280.569866449044;32.53771931387636
4081;-107.747213910645;(x * (log(_a2_) + (((x + _a1_) * x) / _a3_)));{'d0': {'_a1_': 0.6238594158364191, '_a2_': 5.901080119036216, '_a3_': 0.29614178688709547, '_a0_': 1.0, '_a4_': 1.0, '_a5_': 1.0, '_a6_': 1.0, '_a7_': 1.0}};{'d0': 0.024905832919416636};-280.569866449044;32.53771931387636
4082;-107.747213910645;(x * (log(_a2_) + (((x + _a1_) * x) / _a3_)));{'d0': {'_a1_': 0.6238594158364191, '_a2_': 5.901080119036216, '_a3_': 0.29614178688709547, '_a0_': 1.0, '_a4_': 1.0, '_a5_': 1.0, '_a6_': 1.0, '_a7_': 1.0}};{'d0': 0.024905832919416636};-280.569866449044;32.53771931387636
4083;-110.349907907762;-((((((x + _a7_) * x) * _a1_) + _a0_) * x));{'d0': {'_a0_': -1.7751354041718956, '_a1_': -3.3767608789739887, '_a7_': 0.6238594155541689, '_a2_': 1.0, '_a3_': 1.0, '_a4_': 1.0, '_a5_': 1.0, '_a6_': 1.0}};{'d0': 0.02490583291941663};-280.569866449044;29.93502531675941
4084;-110.349907907762;-((((((x + _a7_) * x) * _a1_) + _a0_) * x));{'d0': {'_a0_': -1.7751354041718956, '_a1_': -3.3767608789739887, '_a7_': 0.6238594155541689, '_a2_': 1.0, '_a3_': 1.0, '_a4_': 1.0, '_a5_': 1.0, '_a6_': 1.0}};{'d0': 0.02490583291941663};-280.569866449044;29.93502531675941
4085;-110.349907907762;-((((((x + _a7_) * x) * _a1_) + _a0_) * x));{'d0': {'_a0_': -1.7751354041718956, '_a1_': -3.3767608789739887, '_a7_': 0.6238594155541689, '_a2_': 1.0, '_a3_': 1.0, '_a4_': 1.0, '_a5_': 1.0, '_a6_': 1.0}};{'d0': 0.02490583291941663};-280.569866449044;29.93502531675941
4086;-110.349907907762;-((((((x + _a7_) * x) * _a1_) + _a0_) * x));{'d0': {'_a0_': -1.7751354041718956, '_a1_': -3.3767608789739887, '_a7_': 0.6238594155541689, '_a2_': 1.0, '_a3_': 1.0, '_a4_': 1.0, '_a5_': 1.0, '_a6_': 1.0}};{'d0': 0.02490583291941663};-280.569866449044;29.93502531675941
4087;-110.349907907762;-((((((x + _a7_) * x) * _a1_) + _a0_) * x));{'d0': {'_a0_': -1.7751354041718956, '_a1_': -3.3767608789739887, '_a7_': 0.6238594155541689, '_a2_': 1.0, '_a3_': 1.0, '_a4_': 1.0, '_a5_': 1.0, '_a6_': 1.0}};{'d0': 0.02490583291941663};-280.569866449044;29.93502531675941
4088;-107.747213910645;(x * (log(_a2_) + (((x + _a1_) * x) / _a3_)));{'d0': {'_a1_': 0.6238594158364191, '_a2_': 5.901080119036216, '_a3_': 0.29614178688709547, '_a0_': 1.0, '_a4_': 1.0, '_a5_': 1.0, '_a6_': 1.0, '_a7_': 1.0}};{'d0': 0.024905832919416636};-280.569866449044;32.53771931387636
4089;-107.747213910645;(x * (log(_a2_) + (((x + _a1_) * x) / _a3_)));{'d0': {'_a1_': 0.6238594158364191, '_a2_': 5.901080119036216, '_a3_': 0.29614178688709547, '_a0_': 1.0, '_a4_': 1.0, '_a5_': 1.0, '_a6_': 1.0, '_a7_': 1.0}};{'d0': 0.024905832919416636};-280.569866449044;32.53771931387636
4090;-107.747213910645;(x * (log(_a2_) + (((x + _a1_) * x) / _a3_)));{'d0': {'_a1_': 0.6238594158364191, '_a2_': 5.901080119036216, '_a3_': 0.29614178688709547, '_a0_': 1.0, '_a4_': 1.0, '_a5_': 1.0, '_a6_': 1.0, '_a7_': 1.0}};{'d0': 0.024905832919416636};-280.569866449044;32.53771931387636
4091;-107.747213910645;(x * (log(_a2_) + (((x + _a1_) * x) / _a3_)));{'d0': {'_a1_': 0.6238594158364191, '_a2_': 5.901080119036216, '_a3_': 0.29614178688709547, '_a0_': 1.0, '_a4_': 1.0, '_a5_': 1.0, '_a6_': 1.0, '_a7_': 1.0}};{'d0': 0.024905832919416636};-280.569866449044;32.53771931387636
4092;-107.747213910645;(x * (log(_a2_) + (((x + _a1_) * x) / _a3_)));{'d0': {'_a1_': 0.6238594158364191, '_a2_': 5.901080119036216, '_a3_': 0.29614178688709547, '_a0_': 1.0, '_a4_': 1.0, '_a5_': 1.0, '_a6_': 1.0, '_a7_': 1.0}};{'d0': 0.024905832919416636};-280.569866449044;32.53771931387636
4093;-107.747213910645;(x * (log(_a2_) + (((x + _a1_) * x) / _a3_)));{'d0': {'_a1_': 0.6238594158364191, '_a2_': 5.901080119036216, '_a3_': 0.29614178688709547, '_a0_': 1.0, '_a4_': 1.0, '_a5_': 1.0, '_a6_': 1.0, '_a7_': 1.0}};{'d0': 0.024905832919416636};-280.569866449044;32.53771931387636
4094;-107.747213910645;(x * (log(_a2_) + (((x + _a1_) * x) / _a3_)));{'d0': {'_a1_': 0.6238594158364191, '_a2_': 5.901080119036216, '_a3_': 0.29614178688709547, '_a0_': 1.0, '_a4_': 1.0, '_a5_': 1.0, '_a6_': 1.0, '_a7_': 1.0}};{'d0': 0.024905832919416636};-280.569866449044;32.53771931387636
4095;-107.747213910645;(x * (log(_a2_) + (((x + _a1_) * x) / _a3_)));{'d0': {'_a1_': 0.6238594158364191, '_a2_': 5.901080119036216, '_a3_': 0.29614178688709547, '_a0_': 1.0, '_a4_': 1.0, '_a5_': 1.0, '_a6_': 1.0, '_a7_': 1.0}};{'d0': 0.024905832919416636};-280.569866449044;32.53771931387636
4096;-102.870231271510;(x * (log(_a2_) + (((x + (_a6_ * _a3_)) * x) / _a3_)));{'d0': {'_a2_': 5.901080116217955, '_a3_': 0.29614178664344953, '_a6_': 2.10662406983699, '_a0_': 1.0, '_a1_': 1.0, '_a4_': 1.0, '_a5_': 1.0, '_a7_': 1.0}};{'d0': 0.024905832919416646};-280.569866449044;37.41470195301136
4097;-102.870231271510;(x * (log(_a2_) + (((x + (_a6_ * _a3_)) * x) / _a3_)));{'d0': {'_a2_': 5.901080116217955, '_a3_': 0.29614178664344953, '_a6_': 2.10662406983699, '_a0_': 1.0, '_a1_': 1.0, '_a4_': 1.0, '_a5_': 1.0, '_a7_': 1.0}};{'d0': 0.024905832919416646};-280.569866449044;37.41470195301136
4098;-102.870231271510;(x * (log(_a2_) + (((x + (_a6_ * _a3_)) * x) / _a3_)));{'d0': {'_a2_': 5.901080116217955, '_a3_': 0.29614178664344953, '_a6_': 2.10662406983699, '_a0_': 1.0, '_a1_': 1.0, '_a4_': 1.0, '_a5_': 1.0, '_a7_': 1.0}};{'d0': 0.024905832919416646};-280.569866449044;37.41470195301136
4099;-102.870231271510;(x * (log(_a2_) + (((x + (_a6_ * _a3_)) * x) / _a3_)));{'d0': {'_a2_': 5.901080116217955, '_a3_': 0.29614178664344953, '_a6_': 2.10662406983699, '_a0_': 1.0, '_a1_': 1.0, '_a4_': 1.0, '_a5_': 1.0, '_a7_': 1.0}};{'d0': 0.024905832919416646};-280.569866449044;37.41470195301136
4100;-102.870231271510;(x * (log(_a2_) + (((x + (_a6_ * _a3_)) * x) / _a3_)));{'d0': {'_a2_': 5.901080116217955, '_a3_': 0.29614178664344953, '_a6_': 2.10662406983699, '_a0_': 1.0, '_a1_': 1.0, '_a4_': 1.0, '_a5_': 1.0, '_a7_': 1.0}};{'d0': 0.024905832919416646};-280.569866449044;37.41470195301136
4101;-102.870231271510;(x * (log(_a2_) + (((x + (_a6_ * _a3_)) * x) / _a3_)));{'d0': {'_a2_': 5.901080116217955, '_a3_': 0.29614178664344953, '_a6_': 2.10662406983699, '_a0_': 1.0, '_a1_': 1.0, '_a4_': 1.0, '_a5_': 1.0, '_a7_': 1.0}};{'d0': 0.024905832919416646};-280.569866449044;37.41470195301136
4102;-102.870231271510;(x * (log(_a2_) + (((x + (_a6_ * _a3_)) * x) / _a3_)));{'d0': {'_a2_': 5.901080116217955, '_a3_': 0.29614178664344953, '_a6_': 2.10662406983699, '_a0_': 1.0, '_a1_': 1.0, '_a4_': 1.0, '_a5_': 1.0, '_a7_': 1.0}};{'d0': 0.024905832919416646};-280.569866449044;37.41470195301136
4103;-102.870231271510;(x * (log(_a2_) + (((x + (_a6_ * _a3_)) * x) / _a3_)));{'d0': {'_a2_': 5.901080116217955, '_a3_': 0.29614178664344953, '_a6_': 2.10662406983699, '_a0_': 1.0, '_a1_': 1.0, '_a4_': 1.0, '_a5_': 1.0, '_a7_': 1.0}};{'d0': 0.024905832919416646};-280.569866449044;37.41470195301136
4104;-102.870231271510;(x * (log(_a2_) + (((x + (_a6_ * _a3_)) * x) / _a3_)));{'d0': {'_a2_': 5.901080116217955, '_a3_': 0.29614178664344953, '_a6_': 2.10662406983699, '_a0_': 1.0, '_a1_': 1.0, '_a4_': 1.0, '_a5_': 1.0, '_a7_': 1.0}};{'d0': 0.024905832919416646};-280.569866449044;37.41470195301136
4105;-102.870231271510;(x * (log(_a2_) + (((x + (_a6_ * _a3_)) * x) / _a3_)));{'d0': {'_a2_': 5.901080116217955, '_a3_': 0.29614178664344953, '_a6_': 2.10662406983699, '_a0_': 1.0, '_a1_': 1.0, '_a4_': 1.0, '_a5_': 1.0, '_a7_': 1.0}};{'d0': 0.024905832919416646};-280.569866449044;37.41470195301136
4106;-107.747213910645;(x * (log(_a2_) + (((x + _a1_) * x) / _a3_)));{'d0': {'_a1_': 0.6238594158364191, '_a2_': 5.901080119036216, '_a3_': 0.29614178688709547, '_a0_': 1.0, '_a4_': 1.0, '_a5_': 1.0, '_a6_': 1.0, '_a7_': 1.0}};{'d0': 0.024905832919416636};-280.569866449044;32.53771931387636
4107;-107.747213910645;(x * (log(_a2_) + (((x + _a1_) * x) / _a3_)));{'d0': {'_a1_': 0.6238594158364191, '_a2_': 5.901080119036216, '_a3_': 0.29614178688709547, '_a0_': 1.0, '_a4_': 1.0, '_a5_': 1.0, '_a6_': 1.0, '_a7_': 1.0}};{'d0': 0.024905832919416636};-280.569866449044;32.53771931387636
4108;-107.747213910645;(x * (log(_a2_) + (((x + _a1_) * x) / _a3_)));{'d0': {'_a1_': 0.6238594158364191, '_a2_': 5.901080119036216, '_a3_': 0.29614178688709547, '_a0_': 1.0, '_a4_': 1.0, '_a5_': 1.0, '_a6_': 1.0, '_a7_': 1.0}};{'d0': 0.024905832919416636};-280.569866449044;32.53771931387636
4109;-107.747213910645;(x * (log(_a2_) + (((x + _a1_) * x) / _a3_)));{'d0': {'_a1_': 0.6238594158364191, '_a2_': 5.901080119036216, '_a3_': 0.29614178688709547, '_a0_': 1.0, '_a4_': 1.0, '_a5_': 1.0, '_a6_': 1.0, '_a7_': 1.0}};{'d0': 0.024905832919416636};-280.569866449044;32.53771931387636
4110;-107.747213910645;(x * (log(_a2_) + (((x + _a1_) * x) / _a3_)));{'d0': {'_a1_': 0.6238594158364191, '_a2_': 5.901080119036216, '_a3_': 0.29614178688709547, '_a0_': 1.0, '_a4_': 1.0, '_a5_': 1.0, '_a6_': 1.0, '_a7_': 1.0}};{'d0': 0.024905832919416636};-280.569866449044;32.53771931387636
4111;-95.2647635334684;((cos((x + _a1_)) * (x / _a5_)) + ((_a6_ * _a1_) * (_a1_ * x)));{'d0': {'_a1_': -34.2438622038841, '_a5_': 0.14165985436968553, '_a6_': 0.0072461200186712685, '_a0_': 1.0, '_a2_': 1.0, '_a3_': 1.0, '_a4_': 1.0, '_a7_': 1.0}};{'d0': 0.026566128281941728};-276.697766348793;43.08411964092839
4112;-95.2647635334684;((cos((x + _a1_)) * (x / _a5_)) + ((_a6_ * _a1_) * (_a1_ * x)));{'d0': {'_a1_': -34.2438622038841, '_a5_': 0.14165985436968553, '_a6_': 0.0072461200186712685, '_a0_': 1.0, '_a2_': 1.0, '_a3_': 1.0, '_a4_': 1.0, '_a7_': 1.0}};{'d0': 0.026566128281941728};-276.697766348793;43.08411964092839
4113;-95.2647635334684;((cos((x + _a1_)) * (x / _a5_)) + ((_a6_ * _a1_) * (_a1_ * x)));{'d0': {'_a1_': -34.2438622038841, '_a5_': 0.14165985436968553, '_a6_': 0.0072461200186712685, '_a0_': 1.0, '_a2_': 1.0, '_a3_': 1.0, '_a4_': 1.0, '_a7_': 1.0}};{'d0': 0.026566128281941728};-276.697766348793;43.08411964092839
4114;-96.0433580880915;((cos((x + _a1_)) * (x * _a5_)) + ((_a6_ * _a1_) * (_a1_ * x)));{'d0': {'_a1_': -34.24386220389141, '_a5_': 7.05916297169326, '_a6_': 0.007246120011023912, '_a0_': 1.0, '_a2_': 1.0, '_a3_': 1.0, '_a4_': 1.0, '_a7_': 1.0}};{'d0': 0.026566128281941926};-276.697766348793;42.305525086304996
4115;-96.0433580880915;((cos((x + _a1_)) * (x * _a5_)) + ((_a6_ * _a1_) * (_a1_ * x)));{'d0': {'_a1_': -34.24386220389141, '_a5_': 7.05916297169326, '_a6_': 0.007246120011023912, '_a0_': 1.0, '_a2_': 1.0, '_a3_': 1.0, '_a4_': 1.0, '_a7_': 1.0}};{'d0': 0.026566128281941926};-276.697766348793;42.305525086304996
4116;-96.0433580880915;((cos((x + _a1_)) * (x * _a5_)) + ((_a6_ * _a1_) * (_a1_ * x)));{'d0': {'_a1_': -34.24386220389141, '_a5_': 7.05916297169326, '_a6_': 0.007246120011023912, '_a0_': 1.0, '_a2_': 1.0, '_a3_': 1.0, '_a4_': 1.0, '_a7_': 1.0}};{'d0': 0.026566128281941926};-276.697766348793;42.305525086304996
4117;-96.0433580880915;((cos((x + _a1_)) * (x * _a5_)) + ((_a6_ * _a1_) * (_a1_ * x)));{'d0': {'_a1_': -34.24386220389141, '_a5_': 7.05916297169326, '_a6_': 0.007246120011023912, '_a0_': 1.0, '_a2_': 1.0, '_a3_': 1.0, '_a4_': 1.0, '_a7_': 1.0}};{'d0': 0.026566128281941926};-276.697766348793;42.305525086304996
4118;-96.0433580880915;((cos((x + _a1_)) * (x * _a5_)) + ((_a6_ * _a1_) * (_a1_ * x)));{'d0': {'_a1_': -34.24386220389141, '_a5_': 7.05916297169326, '_a6_': 0.007246120011023912, '_a0_': 1.0, '_a2_': 1.0, '_a3_': 1.0, '_a4_': 1.0, '_a7_': 1.0}};{'d0': 0.026566128281941926};-276.697766348793;42.305525086304996
4119;-96.0433580880915;((cos((x + _a1_)) * (x * _a5_)) + ((_a6_ * _a1_) * (_a1_ * x)));{'d0': {'_a1_': -34.24386220389141, '_a5_': 7.05916297169326, '_a6_': 0.007246120011023912, '_a0_': 1.0, '_a2_': 1.0, '_a3_': 1.0, '_a4_': 1.0, '_a7_': 1.0}};{'d0': 0.026566128281941926};-276.697766348793;42.305525086304996
4120;-96.0433580880915;((cos((x + _a1_)) * (x * _a5_)) + ((_a6_ * _a1_) * (_a1_ * x)));{'d0': {'_a1_': -34.24386220389141, '_a5_': 7.05916297169326, '_a6_': 0.007246120011023912, '_a0_': 1.0, '_a2_': 1.0, '_a3_': 1.0, '_a4_': 1.0, '_a7_': 1.0}};{'d0': 0.026566128281941926};-276.697766348793;42.305525086304996
4121;-96.0433580880915;((cos((x + _a1_)) * (x * _a5_)) + ((_a6_ * _a1_) * (_a1_ * x)));{'d0': {'_a1_': -34.24386220389141, '_a5_': 7.05916297169326, '_a6_': 0.007246120011023912, '_a0_': 1.0, '_a2_': 1.0, '_a3_': 1.0, '_a4_': 1.0, '_a7_': 1.0}};{'d0': 0.026566128281941926};-276.697766348793;42.305525086304996
4122;-96.0433580880915;((cos((x + _a1_)) * (x * _a5_)) + ((_a6_ * _a1_) * (_a1_ * x)));{'d0': {'_a1_': -34.24386220389141, '_a5_': 7.05916297169326, '_a6_': 0.007246120011023912, '_a0_': 1.0, '_a2_': 1.0, '_a3_': 1.0, '_a4_': 1.0, '_a7_': 1.0}};{'d0': 0.026566128281941926};-276.697766348793;42.305525086304996
4123;-96.0433580880915;((cos((x + _a1_)) * (x * _a5_)) + ((_a6_ * _a1_) * (_a1_ * x)));{'d0': {'_a1_': -34.24386220389141, '_a5_': 7.05916297169326, '_a6_': 0.007246120011023912, '_a0_': 1.0, '_a2_': 1.0, '_a3_': 1.0, '_a4_': 1.0, '_a7_': 1.0}};{'d0': 0.026566128281941926};-276.697766348793;42.305525086304996
4124;-96.0433580880915;((cos((x + _a1_)) * (x * _a5_)) + ((_a6_ * _a1_) * (_a1_ * x)));{'d0': {'_a1_': -34.24386220389141, '_a5_': 7.05916297169326, '_a6_': 0.007246120011023912, '_a0_': 1.0, '_a2_': 1.0, '_a3_': 1.0, '_a4_': 1.0, '_a7_': 1.0}};{'d0': 0.026566128281941926};-276.697766348793;42.305525086304996
4125;-96.0433580880915;((cos((x + _a1_)) * (x * _a5_)) + ((_a6_ * _a1_) * (_a1_ * x)));{'d0': {'_a1_': -34.24386220389141, '_a5_': 7.05916297169326, '_a6_': 0.007246120011023912, '_a0_': 1.0, '_a2_': 1.0, '_a3_': 1.0, '_a4_': 1.0, '_a7_': 1.0}};{'d0': 0.026566128281941926};-276.697766348793;42.305525086304996
4126;-104.429306858732;-((((((x + (_a6_ + _a1_)) * x) * _a1_) + _a7_) * x));{'d0': {'_a1_': -3.37676087740407, '_a6_': 4.000620292912118, '_a7_': -1.7751354042640368, '_a0_': 1.0, '_a2_': 1.0, '_a3_': 1.0, '_a4_': 1.0, '_a5_': 1.0}};{'d0': 0.024905832919416622};-280.569866449044;35.85562636578942
4127;-104.429306858732;-((((((x + (_a6_ + _a1_)) * x) * _a1_) + _a7_) * x));{'d0': {'_a1_': -3.37676087740407, '_a6_': 4.000620292912118, '_a7_': -1.7751354042640368, '_a0_': 1.0, '_a2_': 1.0, '_a3_': 1.0, '_a4_': 1.0, '_a5_': 1.0}};{'d0': 0.024905832919416622};-280.569866449044;35.85562636578942
4128;-104.429306858732;-((((((x + (_a6_ + _a1_)) * x) * _a1_) + _a7_) * x));{'d0': {'_a1_': -3.37676087740407, '_a6_': 4.000620292912118, '_a7_': -1.7751354042640368, '_a0_': 1.0, '_a2_': 1.0, '_a3_': 1.0, '_a4_': 1.0, '_a5_': 1.0}};{'d0': 0.024905832919416622};-280.569866449044;35.85562636578942
4129;-104.429306858732;-((((((x + (_a6_ + _a1_)) * x) * _a1_) + _a7_) * x));{'d0': {'_a1_': -3.37676087740407, '_a6_': 4.000620292912118, '_a7_': -1.7751354042640368, '_a0_': 1.0, '_a2_': 1.0, '_a3_': 1.0, '_a4_': 1.0, '_a5_': 1.0}};{'d0': 0.024905832919416622};-280.569866449044;35.85562636578942
4130;-104.429306858732;-((((((x + (_a6_ + _a1_)) * x) * _a1_) + _a7_) * x));{'d0': {'_a1_': -3.37676087740407, '_a6_': 4.000620292912118, '_a7_': -1.7751354042640368, '_a0_': 1.0, '_a2_': 1.0, '_a3_': 1.0, '_a4_': 1.0, '_a5_': 1.0}};{'d0': 0.024905832919416622};-280.569866449044;35.85562636578942
4131;-104.429306858732;-((((((x + (_a6_ + _a1_)) * x) * _a1_) + _a7_) * x));{'d0': {'_a1_': -3.37676087740407, '_a6_': 4.000620292912118, '_a7_': -1.7751354042640368, '_a0_': 1.0, '_a2_': 1.0, '_a3_': 1.0, '_a4_': 1.0, '_a5_': 1.0}};{'d0': 0.024905832919416622};-280.569866449044;35.85562636578942
4132;-104.429306858732;-((((((x + (_a6_ + _a1_)) * x) * _a1_) + _a7_) * x));{'d0': {'_a1_': -3.37676087740407, '_a6_': 4.000620292912118, '_a7_': -1.7751354042640368, '_a0_': 1.0, '_a2_': 1.0, '_a3_': 1.0, '_a4_': 1.0, '_a5_': 1.0}};{'d0': 0.024905832919416622};-280.569866449044;35.85562636578942
4133;-104.429306858732;-((((((x + (_a6_ + _a1_)) * x) * _a1_) + _a7_) * x));{'d0': {'_a1_': -3.37676087740407, '_a6_': 4.000620292912118, '_a7_': -1.7751354042640368, '_a0_': 1.0, '_a2_': 1.0, '_a3_': 1.0, '_a4_': 1.0, '_a5_': 1.0}};{'d0': 0.024905832919416622};-280.569866449044;35.85562636578942
4134;-104.429306858732;-((((((x + (_a6_ + _a1_)) * x) * _a1_) + _a7_) * x));{'d0': {'_a1_': -3.37676087740407, '_a6_': 4.000620292912118, '_a7_': -1.7751354042640368, '_a0_': 1.0, '_a2_': 1.0, '_a3_': 1.0, '_a4_': 1.0, '_a5_': 1.0}};{'d0': 0.024905832919416622};-280.569866449044;35.85562636578942
4135;-107.269323132608;(x * ((_a1_ / _a0_) + (((x + _a1_) * x) / _a3_)));{'d0': {'_a0_': 0.351443283751995, '_a1_': 0.6238594155060562, '_a3_': 0.2961417866877655, '_a2_': 1.0, '_a4_': 1.0, '_a5_': 1.0, '_a6_': 1.0, '_a7_': 1.0}};{'d0': 0.02490583291941667};-280.569866449043;33.01561009191356
4136;-107.269323132608;(x * ((_a1_ / _a0_) + (((x + _a1_) * x) / _a3_)));{'d0': {'_a0_': 0.351443283751995, '_a1_': 0.6238594155060562, '_a3_': 0.2961417866877655, '_a2_': 1.0, '_a4_': 1.0, '_a5_': 1.0, '_a6_': 1.0, '_a7_': 1.0}};{'d0': 0.02490583291941667};-280.569866449043;33.01561009191356
4137;-107.269323132608;(x * ((_a1_ / _a0_) + (((x + _a1_) * x) / _a3_)));{'d0': {'_a0_': 0.351443283751995, '_a1_': 0.6238594155060562, '_a3_': 0.2961417866877655, '_a2_': 1.0, '_a4_': 1.0, '_a5_': 1.0, '_a6_': 1.0, '_a7_': 1.0}};{'d0': 0.02490583291941667};-280.569866449043;33.01561009191356
4138;-107.269323132608;(x * ((_a1_ / _a0_) + (((x + _a1_) * x) / _a3_)));{'d0': {'_a0_': 0.351443283751995, '_a1_': 0.6238594155060562, '_a3_': 0.2961417866877655, '_a2_': 1.0, '_a4_': 1.0, '_a5_': 1.0, '_a6_': 1.0, '_a7_': 1.0}};{'d0': 0.02490583291941667};-280.569866449043;33.01561009191356
4139;-107.269323132608;(x * ((_a1_ / _a7_) + (((x + _a1_) * x) / _a3_)));{'d0': {'_a1_': 0.623859415598551, '_a3_': 0.2961417867213598, '_a7_': 0.3514432837255484, '_a0_': 1.0, '_a2_': 1.0, '_a4_': 1.0, '_a5_': 1.0, '_a6_': 1.0}};{'d0': 0.02490583291941662};-280.569866449044;33.01561009191356
4140;-107.269323132608;(x * ((_a1_ / _a7_) + (((x + _a1_) * x) / _a3_)));{'d0': {'_a1_': 0.623859415598551, '_a3_': 0.2961417867213598, '_a7_': 0.3514432837255484, '_a0_': 1.0, '_a2_': 1.0, '_a4_': 1.0, '_a5_': 1.0, '_a6_': 1.0}};{'d0': 0.02490583291941662};-280.569866449044;33.01561009191356
4141;-107.269323132608;(x * ((_a1_ / _a7_) + (((x + _a1_) * x) / _a3_)));{'d0': {'_a1_': 0.623859415598551, '_a3_': 0.2961417867213598, '_a7_': 0.3514432837255484, '_a0_': 1.0, '_a2_': 1.0, '_a4_': 1.0, '_a5_': 1.0, '_a6_': 1.0}};{'d0': 0.02490583291941662};-280.569866449044;33.01561009191356
4142;-107.269323132608;(x * ((_a1_ / _a7_) + (((x + _a1_) * x) / _a3_)));{'d0': {'_a1_': 0.623859415598551, '_a3_': 0.2961417867213598, '_a7_': 0.3514432837255484, '_a0_': 1.0, '_a2_': 1.0, '_a4_': 1.0, '_a5_': 1.0, '_a6_': 1.0}};{'d0': 0.02490583291941662};-280.569866449044;33.01561009191356
4143;-107.269323132608;(x * ((_a1_ / _a7_) + (((x + _a1_) * x) / _a3_)));{'d0': {'_a1_': 0.623859415598551, '_a3_': 0.2961417867213598, '_a7_': 0.3514432837255484, '_a0_': 1.0, '_a2_': 1.0, '_a4_': 1.0, '_a5_': 1.0, '_a6_': 1.0}};{'d0': 0.02490583291941662};-280.569866449044;33.01561009191356
4144;-107.269323132608;(x * ((_a1_ / _a7_) + (((x + _a1_) * x) / _a3_)));{'d0': {'_a1_': 0.623859415598551, '_a3_': 0.2961417867213598, '_a7_': 0.3514432837255484, '_a0_': 1.0, '_a2_': 1.0, '_a4_': 1.0, '_a5_': 1.0, '_a6_': 1.0}};{'d0': 0.02490583291941662};-280.569866449044;33.01561009191356
4145;-107.269323132608;(x * ((_a1_ / _a7_) + (((x + _a1_) * x) / _a3_)));{'d0': {'_a1_': 0.623859415598551, '_a3_': 0.2961417867213598, '_a7_': 0.3514432837255484, '_a0_': 1.0, '_a2_': 1.0, '_a4_': 1.0, '_a5_': 1.0, '_a6_': 1.0}};{'d0': 0.02490583291941662};-280.569866449044;33.01561009191356
4146;-107.269323132608;(x * ((_a1_ / _a7_) + (((x + _a1_) * x) / _a3_)));{'d0': {'_a1_': 0.623859415598551, '_a3_': 0.2961417867213598, '_a7_': 0.3514432837255484, '_a0_': 1.0, '_a2_': 1.0, '_a4_': 1.0, '_a5_': 1.0, '_a6_': 1.0}};{'d0': 0.02490583291941662};-280.569866449044;33.01561009191356
4147;-107.269323132608;(x * ((_a1_ / _a7_) + (((x + _a1_) * x) / _a3_)));{'d0': {'_a1_': 0.623859415598551, '_a3_': 0.2961417867213598, '_a7_': 0.3514432837255484, '_a0_': 1.0, '_a2_': 1.0, '_a4_': 1.0, '_a5_': 1.0, '_a6_': 1.0}};{'d0': 0.02490583291941662};-280.569866449044;33.01561009191356
4148;-107.269323132608;(x * ((_a1_ / _a7_) + (((x + _a1_) * x) / _a3_)));{'d0': {'_a1_': 0.623859415598551, '_a3_': 0.2961417867213598, '_a7_': 0.3514432837255484, '_a0_': 1.0, '_a2_': 1.0, '_a4_': 1.0, '_a5_': 1.0, '_a6_': 1.0}};{'d0': 0.02490583291941662};-280.569866449044;33.01561009191356
4149;-107.269323132608;(x * ((_a1_ / _a7_) + (((x + _a1_) * x) / _a3_)));{'d0': {'_a1_': 0.623859415598551, '_a3_': 0.2961417867213598, '_a7_': 0.3514432837255484, '_a0_': 1.0, '_a2_': 1.0, '_a4_': 1.0, '_a5_': 1.0, '_a6_': 1.0}};{'d0': 0.02490583291941662};-280.569866449044;33.01561009191356
4150;-103.571388659998;(x * ((_a1_ / _a7_) + (((x + _a1_) * x) / pow2(_a3_))));{'d0': {'_a1_': 0.6238594155329644, '_a3_': 0.5441891093512502, '_a7_': 0.3514432837501631, '_a0_': 1.0, '_a2_': 1.0, '_a4_': 1.0, '_a5_': 1.0, '_a6_': 1.0}};{'d0': 0.02490583291941662};-280.569866449044;36.71354456452356
4151;-103.571388659998;(x * ((_a1_ / _a7_) + (((x + _a1_) * x) / pow2(_a3_))));{'d0': {'_a1_': 0.6238594155329644, '_a3_': 0.5441891093512502, '_a7_': 0.3514432837501631, '_a0_': 1.0, '_a2_': 1.0, '_a4_': 1.0, '_a5_': 1.0, '_a6_': 1.0}};{'d0': 0.02490583291941662};-280.569866449044;36.71354456452356
4152;-103.571388659998;(x * ((_a1_ / _a7_) + (((x + _a1_) * x) / pow2(_a3_))));{'d0': {'_a1_': 0.6238594155329644, '_a3_': 0.5441891093512502, '_a7_': 0.3514432837501631, '_a0_': 1.0, '_a2_': 1.0, '_a4_': 1.0, '_a5_': 1.0, '_a6_': 1.0}};{'d0': 0.02490583291941662};-280.569866449044;36.71354456452356
4153;-103.571388659998;(x * ((_a1_ / _a7_) + (((x + _a1_) * x) / pow2(_a3_))));{'d0': {'_a1_': 0.6238594155329644, '_a3_': 0.5441891093512502, '_a7_': 0.3514432837501631, '_a0_': 1.0, '_a2_': 1.0, '_a4_': 1.0, '_a5_': 1.0, '_a6_': 1.0}};{'d0': 0.02490583291941662};-280.569866449044;36.71354456452356
4154;-103.571388659998;(x * ((_a1_ / _a7_) + (((x + _a1_) * x) / pow2(_a3_))));{'d0': {'_a1_': 0.6238594155329644, '_a3_': 0.5441891093512502, '_a7_': 0.3514432837501631, '_a0_': 1.0, '_a2_': 1.0, '_a4_': 1.0, '_a5_': 1.0, '_a6_': 1.0}};{'d0': 0.02490583291941662};-280.569866449044;36.71354456452356
4155;-103.571388659998;(x * ((_a1_ / _a7_) + (((x + _a1_) * x) / pow2(_a3_))));{'d0': {'_a1_': 0.6238594155329644, '_a3_': 0.5441891093512502, '_a7_': 0.3514432837501631, '_a0_': 1.0, '_a2_': 1.0, '_a4_': 1.0, '_a5_': 1.0, '_a6_': 1.0}};{'d0': 0.02490583291941662};-280.569866449044;36.71354456452356
4156;-103.571388659998;(x * ((_a1_ / _a7_) + (((x + _a1_) * x) / pow2(_a3_))));{'d0': {'_a1_': 0.6238594155329644, '_a3_': 0.5441891093512502, '_a7_': 0.3514432837501631, '_a0_': 1.0, '_a2_': 1.0, '_a4_': 1.0, '_a5_': 1.0, '_a6_': 1.0}};{'d0': 0.02490583291941662};-280.569866449044;36.71354456452356
4157;-103.571388659998;(x * ((_a1_ / _a7_) + (((x + _a1_) * x) / pow2(_a3_))));{'d0': {'_a1_': 0.6238594155329644, '_a3_': 0.5441891093512502, '_a7_': 0.3514432837501631, '_a0_': 1.0, '_a2_': 1.0, '_a4_': 1.0, '_a5_': 1.0, '_a6_': 1.0}};{'d0': 0.02490583291941662};-280.569866449044;36.71354456452356
4158;-103.571388659998;(x * ((_a1_ / _a7_) + (((x + _a1_) * x) / pow2(_a3_))));{'d0': {'_a1_': 0.6238594155329644, '_a3_': 0.5441891093512502, '_a7_': 0.3514432837501631, '_a0_': 1.0, '_a2_': 1.0, '_a4_': 1.0, '_a5_': 1.0, '_a6_': 1.0}};{'d0': 0.02490583291941662};-280.569866449044;36.71354456452356
4159;-103.571388659998;(x * ((_a1_ / _a7_) + (((x + _a1_) * x) / pow2(_a3_))));{'d0': {'_a1_': 0.6238594155329644, '_a3_': 0.5441891093512502, '_a7_': 0.3514432837501631, '_a0_': 1.0, '_a2_': 1.0, '_a4_': 1.0, '_a5_': 1.0, '_a6_': 1.0}};{'d0': 0.02490583291941662};-280.569866449044;36.71354456452356
4160;-103.571388659998;(x * ((_a1_ / _a7_) + (((x + _a7_) * x) / pow2(_a3_))));{'d0': {'_a1_': 1.1074349366105565, '_a3_': 0.5441891094730281, '_a7_': 0.6238594157635734, '_a0_': 1.0, '_a2_': 1.0, '_a4_': 1.0, '_a5_': 1.0, '_a6_': 1.0}};{'d0': 0.024905832919416674};-280.569866449043;36.71354456452356
4161;-104.531628829010;(x * ((_a1_ * _a7_) + (((x + _a7_) * x) / pow2(_a3_))));{'d0': {'_a1_': 2.845409333795362, '_a3_': 0.5441891092807999, '_a7_': 0.6238594155658931, '_a0_': 1.0, '_a2_': 1.0, '_a4_': 1.0, '_a5_': 1.0, '_a6_': 1.0}};{'d0': 0.02490583291941665};-280.569866449044;35.75330439551136
4162;-104.531628829010;(x * ((_a1_ * _a7_) + (((x + _a7_) * x) / pow2(_a3_))));{'d0': {'_a1_': 2.845409333795362, '_a3_': 0.5441891092807999, '_a7_': 0.6238594155658931, '_a0_': 1.0, '_a2_': 1.0, '_a4_': 1.0, '_a5_': 1.0, '_a6_': 1.0}};{'d0': 0.02490583291941665};-280.569866449044;35.75330439551136
4163;-104.531628829010;(x * ((_a1_ * _a7_) + (((x + _a7_) * x) / pow2(_a3_))));{'d0': {'_a1_': 2.845409333795362, '_a3_': 0.5441891092807999, '_a7_': 0.6238594155658931, '_a0_': 1.0, '_a2_': 1.0, '_a4_': 1.0, '_a5_': 1.0, '_a6_': 1.0}};{'d0': 0.02490583291941665};-280.569866449044;35.75330439551136
4164;-104.531628829010;(x * ((_a1_ * _a7_) + (((x + _a7_) * x) / pow2(_a3_))));{'d0': {'_a1_': 2.845409333795362, '_a3_': 0.5441891092807999, '_a7_': 0.6238594155658931, '_a0_': 1.0, '_a2_': 1.0, '_a4_': 1.0, '_a5_': 1.0, '_a6_': 1.0}};{'d0': 0.02490583291941665};-280.569866449044;35.75330439551136
4165;-104.531628829010;(x * ((_a1_ * _a7_) + (((x + _a7_) * x) / pow2(_a3_))));{'d0': {'_a1_': 2.845409333795362, '_a3_': 0.5441891092807999, '_a7_': 0.6238594155658931, '_a0_': 1.0, '_a2_': 1.0, '_a4_': 1.0, '_a5_': 1.0, '_a6_': 1.0}};{'d0': 0.02490583291941665};-280.569866449044;35.75330439551136
4166;-104.531628829010;(x * ((_a1_ * _a7_) + (((x + _a7_) * x) / pow2(_a3_))));{'d0': {'_a1_': 2.845409333795362, '_a3_': 0.5441891092807999, '_a7_': 0.6238594155658931, '_a0_': 1.0, '_a2_': 1.0, '_a4_': 1.0, '_a5_': 1.0, '_a6_': 1.0}};{'d0': 0.02490583291941665};-280.569866449044;35.75330439551136
4167;-104.531628829010;(x * ((_a1_ * _a7_) + (((x + _a7_) * x) / pow2(_a3_))));{'d0': {'_a1_': 2.845409333795362, '_a3_': 0.5441891092807999, '_a7_': 0.6238594155658931, '_a0_': 1.0, '_a2_': 1.0, '_a4_': 1.0, '_a5_': 1.0, '_a6_': 1.0}};{'d0': 0.02490583291941665};-280.569866449044;35.75330439551136
4168;-102.484456545785;(x * ((_a1_ * _a0_) + (((x + _a7_) * x) / pow2(_a3_))));{'d0': {'_a0_': 1.0827183468246737, '_a1_': 1.6395169359208523, '_a3_': 0.5441891093417489, '_a7_': 0.6238594155987088, '_a2_': 1.0, '_a4_': 1.0, '_a5_': 1.0, '_a6_': 1.0}};{'d0': 0.02490583292117212};-276.475521882592;35.75330439551136
4169;-102.484456545785;(x * ((_a1_ * _a0_) + (((x + _a7_) * x) / pow2(_a3_))));{'d0': {'_a0_': 1.0827183468246737, '_a1_': 1.6395169359208523, '_a3_': 0.5441891093417489, '_a7_': 0.6238594155987088, '_a2_': 1.0, '_a4_': 1.0, '_a5_': 1.0, '_a6_': 1.0}};{'d0': 0.02490583292117212};-276.475521882592;35.75330439551136
4170;-102.484456545785;(x * ((_a1_ * _a0_) + (((x + _a7_) * x) / pow2(_a3_))));{'d0': {'_a0_': 1.0827183468246737, '_a1_': 1.6395169359208523, '_a3_': 0.5441891093417489, '_a7_': 0.6238594155987088, '_a2_': 1.0, '_a4_': 1.0, '_a5_': 1.0, '_a6_': 1.0}};{'d0': 0.02490583292117212};-276.475521882592;35.75330439551136
4171;-102.484456545785;(x * ((_a1_ * _a0_) + (((x + _a7_) * x) / pow2(_a3_))));{'d0': {'_a0_': 1.0827183468246737, '_a1_': 1.6395169359208523, '_a3_': 0.5441891093417489, '_a7_': 0.6238594155987088, '_a2_': 1.0, '_a4_': 1.0, '_a5_': 1.0, '_a6_': 1.0}};{'d0': 0.02490583292117212};-276.475521882592;35.75330439551136
4172;-102.484456545785;(x * ((_a1_ * _a0_) + (((x + _a7_) * x) / pow2(_a3_))));{'d0': {'_a0_': 1.0827183468246737, '_a1_': 1.6395169359208523, '_a3_': 0.5441891093417489, '_a7_': 0.6238594155987088, '_a2_': 1.0, '_a4_': 1.0, '_a5_': 1.0, '_a6_': 1.0}};{'d0': 0.02490583292117212};-276.475521882592;35.75330439551136
4173;-102.484456545785;(x * ((_a1_ * _a0_) + (((x + _a7_) * x) / pow2(_a3_))));{'d0': {'_a0_': 1.0827183468246737, '_a1_': 1.6395169359208523, '_a3_': 0.5441891093417489, '_a7_': 0.6238594155987088, '_a2_': 1.0, '_a4_': 1.0, '_a5_': 1.0, '_a6_': 1.0}};{'d0': 0.02490583292117212};-276.475521882592;35.75330439551136
4174;-102.484456545785;(x * ((_a1_ * _a0_) + (((x + _a7_) * x) / pow2(_a3_))));{'d0': {'_a0_': 1.0827183468246737, '_a1_': 1.6395169359208523, '_a3_': 0.5441891093417489, '_a7_': 0.6238594155987088, '_a2_': 1.0, '_a4_': 1.0, '_a5_': 1.0, '_a6_': 1.0}};{'d0': 0.02490583292117212};-276.475521882592;35.75330439551136
4175;-104.531628829010;(x * ((_a3_ * _a0_) + (((x + _a7_) * x) / pow2(_a3_))));{'d0': {'_a0_': 3.2619825968809284, '_a3_': 0.5441891094020113, '_a7_': 0.6238594155790002, '_a1_': 1.0, '_a2_': 1.0, '_a4_': 1.0, '_a5_': 1.0, '_a6_': 1.0}};{'d0': 0.024905832919416615};-280.569866449044;35.75330439551136
4176;-104.531628829010;(x * ((_a3_ * _a0_) + (((x + _a7_) * x) / pow2(_a3_))));{'d0': {'_a0_': 3.2619825968809284, '_a3_': 0.5441891094020113, '_a7_': 0.6238594155790002, '_a1_': 1.0, '_a2_': 1.0, '_a4_': 1.0, '_a5_': 1.0, '_a6_': 1.0}};{'d0': 0.024905832919416615};-280.569866449044;35.75330439551136
4177;-104.531628829010;(x * ((_a3_ * _a0_) + (((x + _a7_) * x) / pow2(_a3_))));{'d0': {'_a0_': 3.2619825968809284, '_a3_': 0.5441891094020113, '_a7_': 0.6238594155790002, '_a1_': 1.0, '_a2_': 1.0, '_a4_': 1.0, '_a5_': 1.0, '_a6_': 1.0}};{'d0': 0.024905832919416615};-280.569866449044;35.75330439551136
4178;-104.531628829010;(x * ((_a3_ * _a0_) + (((x + _a7_) * x) / pow2(_a3_))));{'d0': {'_a0_': 3.2619825968809284, '_a3_': 0.5441891094020113, '_a7_': 0.6238594155790002, '_a1_': 1.0, '_a2_': 1.0, '_a4_': 1.0, '_a5_': 1.0, '_a6_': 1.0}};{'d0': 0.024905832919416615};-280.569866449044;35.75330439551136
4179;-104.531628829010;(x * ((_a3_ * _a0_) + (((x + _a7_) * x) / pow2(_a3_))));{'d0': {'_a0_': 3.2619825968809284, '_a3_': 0.5441891094020113, '_a7_': 0.6238594155790002, '_a1_': 1.0, '_a2_': 1.0, '_a4_': 1.0, '_a5_': 1.0, '_a6_': 1.0}};{'d0': 0.024905832919416615};-280.569866449044;35.75330439551136
4180;-104.531628829010;(x * ((_a3_ * _a0_) + (((x + _a7_) * x) / pow2(_a3_))));{'d0': {'_a0_': 3.2619825968809284, '_a3_': 0.5441891094020113, '_a7_': 0.6238594155790002, '_a1_': 1.0, '_a2_': 1.0, '_a4_': 1.0, '_a5_': 1.0, '_a6_': 1.0}};{'d0': 0.024905832919416615};-280.569866449044;35.75330439551136
4181;-104.531628829010;(x * ((_a3_ * _a0_) + (((x + _a7_) * x) / pow2(_a3_))));{'d0': {'_a0_': 3.2619825968809284, '_a3_': 0.5441891094020113, '_a7_': 0.6238594155790002, '_a1_': 1.0, '_a2_': 1.0, '_a4_': 1.0, '_a5_': 1.0, '_a6_': 1.0}};{'d0': 0.024905832919416615};-280.569866449044;35.75330439551136
4182;-104.531628829010;(x * ((_a3_ * _a0_) + (((x + _a7_) * x) / pow2(_a3_))));{'d0': {'_a0_': 3.2619825968809284, '_a3_': 0.5441891094020113, '_a7_': 0.6238594155790002, '_a1_': 1.0, '_a2_': 1.0, '_a4_': 1.0, '_a5_': 1.0, '_a6_': 1.0}};{'d0': 0.024905832919416615};-280.569866449044;35.75330439551136
4183;-104.531628829010;(x * ((_a3_ * _a0_) + (((x + _a7_) * x) / pow2(_a3_))));{'d0': {'_a0_': 3.2619825968809284, '_a3_': 0.5441891094020113, '_a7_': 0.6238594155790002, '_a1_': 1.0, '_a2_': 1.0, '_a4_': 1.0, '_a5_': 1.0, '_a6_': 1.0}};{'d0': 0.024905832919416615};-280.569866449044;35.75330439551136
4184;-104.531628829010;(x * ((_a3_ * _a0_) + (((x + _a7_) * x) / pow2(_a3_))));{'d0': {'_a0_': 3.2619825968809284, '_a3_': 0.5441891094020113, '_a7_': 0.6238594155790002, '_a1_': 1.0, '_a2_': 1.0, '_a4_': 1.0, '_a5_': 1.0, '_a6_': 1.0}};{'d0': 0.024905832919416615};-280.569866449044;35.75330439551136
4185;-104.531628829010;(x * ((_a3_ * _a0_) + (((x + _a7_) * x) / pow2(_a3_))));{'d0': {'_a0_': 3.2619825968809284, '_a3_': 0.5441891094020113, '_a7_': 0.6238594155790002, '_a1_': 1.0, '_a2_': 1.0, '_a4_': 1.0, '_a5_': 1.0, '_a6_': 1.0}};{'d0': 0.024905832919416615};-280.569866449044;35.75330439551136
4186;-104.531628829010;(x * ((_a3_ * _a0_) + (((x + _a7_) * x) / pow2(_a3_))));{'d0': {'_a0_': 3.2619825968809284, '_a3_': 0.5441891094020113, '_a7_': 0.6238594155790002, '_a1_': 1.0, '_a2_': 1.0, '_a4_': 1.0, '_a5_': 1.0, '_a6_': 1.0}};{'d0': 0.024905832919416615};-280.569866449044;35.75330439551136
4187;-104.531628829010;(x * ((_a3_ * _a0_) + (((x + _a7_) * x) / pow2(_a3_))));{'d0': {'_a0_': 3.2619825968809284, '_a3_': 0.5441891094020113, '_a7_': 0.6238594155790002, '_a1_': 1.0, '_a2_': 1.0, '_a4_': 1.0, '_a5_': 1.0, '_a6_': 1.0}};{'d0': 0.024905832919416615};-280.569866449044;35.75330439551136
4188;-109.408611468145;(x * (_a0_ + (((x + _a7_) * x) / pow2(_a3_))));{'d0': {'_a0_': 1.7751354045291974, '_a3_': 0.5441891093481567, '_a7_': 0.623859415707063, '_a1_': 1.0, '_a2_': 1.0, '_a4_': 1.0, '_a5_': 1.0, '_a6_': 1.0}};{'d0': 0.024905832919416615};-280.569866449044;30.876321756376356
4189;-109.408611468145;(x * (_a0_ + (((x + _a7_) * x) / pow2(_a3_))));{'d0': {'_a0_': 1.7751354045291974, '_a3_': 0.5441891093481567, '_a7_': 0.623859415707063, '_a1_': 1.0, '_a2_': 1.0, '_a4_': 1.0, '_a5_': 1.0, '_a6_': 1.0}};{'d0': 0.024905832919416615};-280.569866449044;30.876321756376356
4190;-109.408611468145;(x * (_a0_ + (((x + _a7_) * x) / pow2(_a3_))));{'d0': {'_a0_': 1.7751354045291974, '_a3_': 0.5441891093481567, '_a7_': 0.623859415707063, '_a1_': 1.0, '_a2_': 1.0, '_a4_': 1.0, '_a5_': 1.0, '_a6_': 1.0}};{'d0': 0.024905832919416615};-280.569866449044;30.876321756376356
4191;-109.408611468145;(x * (_a0_ + (((x + _a7_) * x) / pow2(_a3_))));{'d0': {'_a0_': 1.7751354045291974, '_a3_': 0.5441891093481567, '_a7_': 0.623859415707063, '_a1_': 1.0, '_a2_': 1.0, '_a4_': 1.0, '_a5_': 1.0, '_a6_': 1.0}};{'d0': 0.024905832919416615};-280.569866449044;30.876321756376356
4192;-109.408611468145;(x * (_a0_ + (((x + _a7_) * x) / pow2(_a3_))));{'d0': {'_a0_': 1.7751354045291974, '_a3_': 0.5441891093481567, '_a7_': 0.623859415707063, '_a1_': 1.0, '_a2_': 1.0, '_a4_': 1.0, '_a5_': 1.0, '_a6_': 1.0}};{'d0': 0.024905832919416615};-280.569866449044;30.876321756376356
4193;-109.408611468145;(x * (_a0_ + (((x + _a7_) * x) / pow2(_a3_))));{'d0': {'_a0_': 1.7751354045291974, '_a3_': 0.5441891093481567, '_a7_': 0.623859415707063, '_a1_': 1.0, '_a2_': 1.0, '_a4_': 1.0, '_a5_': 1.0, '_a6_': 1.0}};{'d0': 0.024905832919416615};-280.569866449044;30.876321756376356
4194;-109.408611468145;(x * (_a0_ + (((x + _a7_) * x) / pow2(_a3_))));{'d0': {'_a0_': 1.7751354045291974, '_a3_': 0.5441891093481567, '_a7_': 0.623859415707063, '_a1_': 1.0, '_a2_': 1.0, '_a4_': 1.0, '_a5_': 1.0, '_a6_': 1.0}};{'d0': 0.024905832919416615};-280.569866449044;30.876321756376356
4195;-109.408611468145;(x * (_a0_ + (((x + _a7_) * x) / pow2(_a3_))));{'d0': {'_a0_': 1.7751354045291974, '_a3_': 0.5441891093481567, '_a7_': 0.623859415707063, '_a1_': 1.0, '_a2_': 1.0, '_a4_': 1.0, '_a5_': 1.0, '_a6_': 1.0}};{'d0': 0.024905832919416615};-280.569866449044;30.876321756376356
4196;-109.408611468145;(x * (_a0_ + (((x + _a7_) * x) / pow2(_a3_))));{'d0': {'_a0_': 1.7751354045291974, '_a3_': 0.5441891093481567, '_a7_': 0.623859415707063, '_a1_': 1.0, '_a2_': 1.0, '_a4_': 1.0, '_a5_': 1.0, '_a6_': 1.0}};{'d0': 0.024905832919416615};-280.569866449044;30.876321756376356
4197;-109.408611468145;(x * (_a0_ + (((x + _a7_) * x) / pow2(_a3_))));{'d0': {'_a0_': 1.7751354045291974, '_a3_': 0.5441891093481567, '_a7_': 0.623859415707063, '_a1_': 1.0, '_a2_': 1.0, '_a4_': 1.0, '_a5_': 1.0, '_a6_': 1.0}};{'d0': 0.024905832919416615};-280.569866449044;30.876321756376356
4198;-109.408611468145;(x * (_a0_ + (((x + _a7_) * x) / pow2(_a3_))));{'d0': {'_a0_': 1.7751354045291974, '_a3_': 0.5441891093481567, '_a7_': 0.623859415707063, '_a1_': 1.0, '_a2_': 1.0, '_a4_': 1.0, '_a5_': 1.0, '_a6_': 1.0}};{'d0': 0.024905832919416615};-280.569866449044;30.876321756376356
4199;-104.531628829010;(x * (_a0_ + (((x + _a7_) * x) / pow2((_a6_ * _a6_)))));{'d0': {'_a0_': 1.77513540469591, '_a6_': 0.7376917441659059, '_a7_': 0.6238594157167294, '_a1_': 1.0, '_a2_': 1.0, '_a3_': 1.0, '_a4_': 1.0, '_a5_': 1.0}};{'d0': 0.02490583291941667};-280.569866449043;35.75330439551136
4200;-104.531628829010;(x * (_a0_ + (((x + _a7_) * x) / pow2((_a6_ * _a6_)))));{'d0': {'_a0_': 1.77513540469591, '_a6_': 0.7376917441659059, '_a7_': 0.6238594157167294, '_a1_': 1.0, '_a2_': 1.0, '_a3_': 1.0, '_a4_': 1.0, '_a5_': 1.0}};{'d0': 0.02490583291941667};-280.569866449043;35.75330439551136
4201;-104.531628829010;(x * (_a0_ + (((x + _a7_) * x) / pow2((_a6_ * _a6_)))));{'d0': {'_a0_': 1.77513540469591, '_a6_': 0.7376917441659059, '_a7_': 0.6238594157167294, '_a1_': 1.0, '_a2_': 1.0, '_a3_': 1.0, '_a4_': 1.0, '_a5_': 1.0}};{'d0': 0.02490583291941667};-280.569866449043;35.75330439551136
4202;-104.531628829010;(x * (_a0_ + (((x + _a7_) * x) / pow2((_a6_ * _a6_)))));{'d0': {'_a0_': 1.77513540469591, '_a6_': 0.7376917441659059, '_a7_': 0.6238594157167294, '_a1_': 1.0, '_a2_': 1.0, '_a3_': 1.0, '_a4_': 1.0, '_a5_': 1.0}};{'d0': 0.02490583291941667};-280.569866449043;35.75330439551136
4203;-104.531628829010;(x * (_a0_ + (((x + _a7_) * x) / pow2((_a6_ * _a6_)))));{'d0': {'_a0_': 1.77513540469591, '_a6_': 0.7376917441659059, '_a7_': 0.6238594157167294, '_a1_': 1.0, '_a2_': 1.0, '_a3_': 1.0, '_a4_': 1.0, '_a5_': 1.0}};{'d0': 0.02490583291941667};-280.569866449043;35.75330439551136
4204;-104.531628829010;(x * (_a0_ + (((x + _a7_) * x) / pow2((_a6_ * _a6_)))));{'d0': {'_a0_': 1.77513540469591, '_a6_': 0.7376917441659059, '_a7_': 0.6238594157167294, '_a1_': 1.0, '_a2_': 1.0, '_a3_': 1.0, '_a4_': 1.0, '_a5_': 1.0}};{'d0': 0.02490583291941667};-280.569866449043;35.75330439551136
4205;-104.531628829010;(x * (_a0_ + (((x + _a7_) * x) / pow2((_a6_ * _a6_)))));{'d0': {'_a0_': 1.77513540469591, '_a6_': 0.7376917441659059, '_a7_': 0.6238594157167294, '_a1_': 1.0, '_a2_': 1.0, '_a3_': 1.0, '_a4_': 1.0, '_a5_': 1.0}};{'d0': 0.02490583291941667};-280.569866449043;35.75330439551136
4206;-89.4117674529728;(((pow2((_a4_ + pow2(sin((_a3_ + x))))) * abs(_a1_)) * x) / pow2(_a3_));{'d0': {'_a1_': 8669.418225254714, '_a3_': 69.42729955624226, '_a4_': 0.8985498456895706, '_a0_': 1.0, '_a2_': 1.0, '_a5_': 1.0, '_a6_': 1.0, '_a7_': 1.0}};{'d0': 0.02405706481532261};-282.650265715065;51.91336540455992
4207;-89.4117674529728;(((pow2((_a4_ + pow2(sin((_a3_ + x))))) * abs(_a1_)) * x) / pow2(_a3_));{'d0': {'_a1_': 8669.418225254714, '_a3_': 69.42729955624226, '_a4_': 0.8985498456895706, '_a0_': 1.0, '_a2_': 1.0, '_a5_': 1.0, '_a6_': 1.0, '_a7_': 1.0}};{'d0': 0.02405706481532261};-282.650265715065;51.91336540455992
4208;-88.5514378836662;(((pow2((_a4_ + pow2(sin((_a3_ + x))))) * (_a7_ / _a1_)) * x) / pow2(_a3_));{'d0': {'_a1_': 0.10993042256618332, '_a3_': 66.28570690226447, '_a4_': 0.8985498396744473, '_a7_': 868.7346022191174, '_a0_': 1.0, '_a2_': 1.0, '_a5_': 1.0, '_a6_': 1.0}};{'d0': 0.024057064815642022};-278.555921152047;50.72652269235712
4209;-88.5514378836662;(((pow2((_a4_ + pow2(sin((_a3_ + x))))) * (_a7_ / _a1_)) * x) / pow2(_a3_));{'d0': {'_a1_': 0.10993042256618332, '_a3_': 66.28570690226447, '_a4_': 0.8985498396744473, '_a7_': 868.7346022191174, '_a0_': 1.0, '_a2_': 1.0, '_a5_': 1.0, '_a6_': 1.0}};{'d0': 0.024057064815642022};-278.555921152047;50.72652269235712
4210;-88.5514378836662;(((pow2((_a4_ + pow2(sin((_a3_ + x))))) * (_a7_ / _a1_)) * x) / pow2(_a3_));{'d0': {'_a1_': 0.10993042256618332, '_a3_': 66.28570690226447, '_a4_': 0.8985498396744473, '_a7_': 868.7346022191174, '_a0_': 1.0, '_a2_': 1.0, '_a5_': 1.0, '_a6_': 1.0}};{'d0': 0.024057064815642022};-278.555921152047;50.72652269235712
4211;-88.5514378836662;(((pow2((_a4_ + pow2(sin((_a3_ + x))))) * (_a7_ / _a1_)) * x) / pow2(_a3_));{'d0': {'_a1_': 0.10993042256618332, '_a3_': 66.28570690226447, '_a4_': 0.8985498396744473, '_a7_': 868.7346022191174, '_a0_': 1.0, '_a2_': 1.0, '_a5_': 1.0, '_a6_': 1.0}};{'d0': 0.024057064815642022};-278.555921152047;50.72652269235712
4212;-88.5514378836662;(((pow2((_a4_ + pow2(sin((_a3_ + x))))) * (_a7_ / _a1_)) * x) / pow2(_a3_));{'d0': {'_a1_': 0.10993042256618332, '_a3_': 66.28570690226447, '_a4_': 0.8985498396744473, '_a7_': 868.7346022191174, '_a0_': 1.0, '_a2_': 1.0, '_a5_': 1.0, '_a6_': 1.0}};{'d0': 0.024057064815642022};-278.555921152047;50.72652269235712
4213;-88.5514378840603;(((pow2((_a4_ + pow2(sin((_a3_ + x))))) * (_a7_ / _a5_)) * x) / pow2(_a3_));{'d0': {'_a3_': 66.28570690253314, '_a4_': 0.8985498409859364, '_a5_': 1.1219410198924087, '_a7_': 8866.234735450465, '_a0_': 1.0, '_a1_': 1.0, '_a2_': 1.0, '_a6_': 1.0}};{'d0': 0.02405706481532599};-278.555921152835;50.72652269235712
4214;-88.5514378840603;(((pow2((_a4_ + pow2(sin((_a3_ + x))))) * (_a7_ / _a5_)) * x) / pow2(_a3_));{'d0': {'_a3_': 66.28570690253314, '_a4_': 0.8985498409859364, '_a5_': 1.1219410198924087, '_a7_': 8866.234735450465, '_a0_': 1.0, '_a1_': 1.0, '_a2_': 1.0, '_a6_': 1.0}};{'d0': 0.02405706481532599};-278.555921152835;50.72652269235712
4215;-92.7558858130628;(((pow2((_a4_ + pow2(sin((_a3_ + x))))) * -(_a6_)) * x) / pow2(_a3_));{'d0': {'_a3_': 66.2857069026183, '_a4_': 0.8985498430442512, '_a6_': -7902.585334689402, '_a0_': 1.0, '_a1_': 1.0, '_a2_': 1.0, '_a5_': 1.0, '_a7_': 1.0}};{'d0': 0.024057064815322257};-282.650265715066;48.56924704447031
4216;-92.7558858130628;(((pow2((_a4_ + pow2(sin((_a3_ + x))))) * -(_a6_)) * x) / pow2(_a3_));{'d0': {'_a3_': 66.2857069026183, '_a4_': 0.8985498430442512, '_a6_': -7902.585334689402, '_a0_': 1.0, '_a1_': 1.0, '_a2_': 1.0, '_a5_': 1.0, '_a7_': 1.0}};{'d0': 0.024057064815322257};-282.650265715066;48.56924704447031
4217;-92.7558858130628;(((pow2((_a4_ + pow2(sin((_a3_ + x))))) * -(_a6_)) * x) / pow2(_a3_));{'d0': {'_a3_': 66.2857069026183, '_a4_': 0.8985498430442512, '_a6_': -7902.585334689402, '_a0_': 1.0, '_a1_': 1.0, '_a2_': 1.0, '_a5_': 1.0, '_a7_': 1.0}};{'d0': 0.024057064815322257};-282.650265715066;48.56924704447031
4218;-92.7558858130628;(((pow2((_a4_ + pow2(sin((_a3_ + x))))) * -(_a6_)) * x) / pow2(_a3_));{'d0': {'_a3_': 66.2857069026183, '_a4_': 0.8985498430442512, '_a6_': -7902.585334689402, '_a0_': 1.0, '_a1_': 1.0, '_a2_': 1.0, '_a5_': 1.0, '_a7_': 1.0}};{'d0': 0.024057064815322257};-282.650265715066;48.56924704447031
4219;-92.7558858130628;(((pow2((_a4_ + pow2(sin((_a3_ + x))))) * -(_a6_)) * x) / pow2(_a3_));{'d0': {'_a3_': 66.2857069026183, '_a4_': 0.8985498430442512, '_a6_': -7902.585334689402, '_a0_': 1.0, '_a1_': 1.0, '_a2_': 1.0, '_a5_': 1.0, '_a7_': 1.0}};{'d0': 0.024057064815322257};-282.650265715066;48.56924704447031
4220;-96.4358329733228;(((pow2((_a4_ + pow2(sin((_a3_ + x))))) * _a2_) * x) / pow2(_a3_));{'d0': {'_a2_': 7902.585355868195, '_a3_': 66.28570690255422, '_a4_': 0.8985498414284514, '_a0_': 1.0, '_a1_': 1.0, '_a5_': 1.0, '_a6_': 1.0, '_a7_': 1.0}};{'d0': 0.024057064815322583};-282.650265715066;44.88929988420992
4221;-96.4358329733228;(((pow2((_a4_ + pow2(sin((_a3_ + x))))) * _a2_) * x) / pow2(_a3_));{'d0': {'_a2_': 7902.585355868195, '_a3_': 66.28570690255422, '_a4_': 0.8985498414284514, '_a0_': 1.0, '_a1_': 1.0, '_a5_': 1.0, '_a6_': 1.0, '_a7_': 1.0}};{'d0': 0.024057064815322583};-282.650265715066;44.88929988420992
4222;-95.3124500459358;(((((x * (x + _a1_)) * _a6_) * x) + x) * ((_a1_ + _a3_) / _a0_));{'d0': {'_a0_': 8.924264936209169e+23, '_a1_': 0.6238594151970308, '_a3_': 1.5841779084543607e+24, '_a6_': 1.9022553867067673, '_a2_': 1.0, '_a4_': 1.0, '_a5_': 1.0, '_a7_': 1.0}};{'d0': 0.024905832919488582};-276.475521886648;42.92531089738839
4223;-95.3124500459358;(((((x * (x + _a1_)) * _a6_) * x) + x) * ((_a1_ + _a3_) / _a0_));{'d0': {'_a0_': 8.924264936209169e+23, '_a1_': 0.6238594151970308, '_a3_': 1.5841779084543607e+24, '_a6_': 1.9022553867067673, '_a2_': 1.0, '_a4_': 1.0, '_a5_': 1.0, '_a7_': 1.0}};{'d0': 0.024905832919488582};-276.475521886648;42.92531089738839
4224;-94.4245671331100;(((((x * (x + _a1_)) * _a6_) * x) + x) / ((_a1_ + _a3_) / _a0_));{'d0': {'_a0_': 6.189281123507117e+23, '_a1_': 0.623859415425478, '_a3_': 3.486654829402456e+23, '_a6_': 1.9022553855329867, '_a2_': 1.0, '_a4_': 1.0, '_a5_': 1.0, '_a7_': 1.0}};{'d0': 0.024905832944506972};-276.475521826377;43.81319378007859
4225;-94.4245671331100;(((((x * (x + _a1_)) * _a6_) * x) + x) / ((_a1_ + _a3_) / _a0_));{'d0': {'_a0_': 6.189281123507117e+23, '_a1_': 0.623859415425478, '_a3_': 3.486654829402456e+23, '_a6_': 1.9022553855329867, '_a2_': 1.0, '_a4_': 1.0, '_a5_': 1.0, '_a7_': 1.0}};{'d0': 0.024905832944506972};-276.475521826377;43.81319378007859
4226;-94.4245671331100;(((((x * (x + _a1_)) * _a6_) * x) + x) / ((_a1_ + _a3_) / _a0_));{'d0': {'_a0_': 6.189281123507117e+23, '_a1_': 0.623859415425478, '_a3_': 3.486654829402456e+23, '_a6_': 1.9022553855329867, '_a2_': 1.0, '_a4_': 1.0, '_a5_': 1.0, '_a7_': 1.0}};{'d0': 0.024905832944506972};-276.475521826377;43.81319378007859
4227;-94.4245671331100;(((((x * (x + _a1_)) * _a6_) * x) + x) / ((_a1_ + _a3_) / _a0_));{'d0': {'_a0_': 6.189281123507117e+23, '_a1_': 0.623859415425478, '_a3_': 3.486654829402456e+23, '_a6_': 1.9022553855329867, '_a2_': 1.0, '_a4_': 1.0, '_a5_': 1.0, '_a7_': 1.0}};{'d0': 0.024905832944506972};-276.475521826377;43.81319378007859
4228;-94.4245671331100;(((((x * (x + _a1_)) * _a6_) * x) + x) / ((_a1_ + _a3_) / _a0_));{'d0': {'_a0_': 6.189281123507117e+23, '_a1_': 0.623859415425478, '_a3_': 3.486654829402456e+23, '_a6_': 1.9022553855329867, '_a2_': 1.0, '_a4_': 1.0, '_a5_': 1.0, '_a7_': 1.0}};{'d0': 0.024905832944506972};-276.475521826377;43.81319378007859
4229;-94.4245671331100;(((((x * (x + _a1_)) * _a6_) * x) + x) / ((_a1_ + _a3_) / _a0_));{'d0': {'_a0_': 6.189281123507117e+23, '_a1_': 0.623859415425478, '_a3_': 3.486654829402456e+23, '_a6_': 1.9022553855329867, '_a2_': 1.0, '_a4_': 1.0, '_a5_': 1.0, '_a7_': 1.0}};{'d0': 0.024905832944506972};-276.475521826377;43.81319378007859
4230;-94.4245671331100;(((((x * (x + _a1_)) * _a6_) * x) + x) / ((_a1_ + _a3_) / _a0_));{'d0': {'_a0_': 6.189281123507117e+23, '_a1_': 0.623859415425478, '_a3_': 3.486654829402456e+23, '_a6_': 1.9022553855329867, '_a2_': 1.0, '_a4_': 1.0, '_a5_': 1.0, '_a7_': 1.0}};{'d0': 0.024905832944506972};-276.475521826377;43.81319378007859
4231;-94.4245671331100;(((((x * (x + _a1_)) * _a6_) * x) + x) / ((_a1_ + _a3_) / _a0_));{'d0': {'_a0_': 6.189281123507117e+23, '_a1_': 0.623859415425478, '_a3_': 3.486654829402456e+23, '_a6_': 1.9022553855329867, '_a2_': 1.0, '_a4_': 1.0, '_a5_': 1.0, '_a7_': 1.0}};{'d0': 0.024905832944506972};-276.475521826377;43.81319378007859
4232;-94.4245671331100;(((((x * (x + _a1_)) * _a6_) * x) + x) / ((_a1_ + _a3_) / _a0_));{'d0': {'_a0_': 6.189281123507117e+23, '_a1_': 0.623859415425478, '_a3_': 3.486654829402456e+23, '_a6_': 1.9022553855329867, '_a2_': 1.0, '_a4_': 1.0, '_a5_': 1.0, '_a7_': 1.0}};{'d0': 0.024905832944506972};-276.475521826377;43.81319378007859
4233;-95.3958282698636;(((((x * (x + _a1_)) * _a6_) * x) + x) / ((_a1_ * _a3_) / _a0_));{'d0': {'_a0_': 2.4673546814528683e+25, '_a1_': 0.6238594143320633, '_a3_': 2.227991549236655e+25, '_a6_': 1.9022553842597918, '_a2_': 1.0, '_a4_': 1.0, '_a5_': 1.0, '_a7_': 1.0}};{'d0': 0.024905832933564503};-276.475521852738;42.84193265650559
4234;-95.3958282698636;(((((x * (x + _a1_)) * _a6_) * x) + x) / ((_a1_ * _a3_) / _a0_));{'d0': {'_a0_': 2.4673546814528683e+25, '_a1_': 0.6238594143320633, '_a3_': 2.227991549236655e+25, '_a6_': 1.9022553842597918, '_a2_': 1.0, '_a4_': 1.0, '_a5_': 1.0, '_a7_': 1.0}};{'d0': 0.024905832933564503};-276.475521852738;42.84193265650559
4235;-95.3958282698636;(((((x * (x + _a1_)) * _a6_) * x) + x) / ((_a1_ * _a3_) / _a0_));{'d0': {'_a0_': 2.4673546814528683e+25, '_a1_': 0.6238594143320633, '_a3_': 2.227991549236655e+25, '_a6_': 1.9022553842597918, '_a2_': 1.0, '_a4_': 1.0, '_a5_': 1.0, '_a7_': 1.0}};{'d0': 0.024905832933564503};-276.475521852738;42.84193265650559
4236;-96.4358329733228;(((pow2((_a4_ + pow2(sin((_a3_ + x))))) * _a2_) * x) / pow2(_a3_));{'d0': {'_a2_': 7902.585355868195, '_a3_': 66.28570690255422, '_a4_': 0.8985498414284514, '_a0_': 1.0, '_a1_': 1.0, '_a5_': 1.0, '_a6_': 1.0, '_a7_': 1.0}};{'d0': 0.024057064815322583};-282.650265715066;44.88929988420992
4237;-96.4358329733228;(((pow2((_a4_ + pow2(sin((_a3_ + x))))) * _a2_) * x) / pow2(_a3_));{'d0': {'_a2_': 7902.585355868195, '_a3_': 66.28570690255422, '_a4_': 0.8985498414284514, '_a0_': 1.0, '_a1_': 1.0, '_a5_': 1.0, '_a6_': 1.0, '_a7_': 1.0}};{'d0': 0.024057064815322583};-282.650265715066;44.88929988420992
4238;-96.4358329733228;(((pow2((_a4_ + pow2(sin((_a3_ + x))))) * _a2_) * x) / pow2(_a3_));{'d0': {'_a2_': 7902.585355868195, '_a3_': 66.28570690255422, '_a4_': 0.8985498414284514, '_a0_': 1.0, '_a1_': 1.0, '_a5_': 1.0, '_a6_': 1.0, '_a7_': 1.0}};{'d0': 0.024057064815322583};-282.650265715066;44.88929988420992
4239;-97.3591421005646;(((pow2((_a4_ + pow2(sin((_a3_ + x))))) * _a2_) * x) * pow2(_a3_));{'d0': {'_a2_': 0.0004093451324025265, '_a3_': 66.28570690285517, '_a4_': 0.8985498275269133, '_a0_': 1.0, '_a1_': 1.0, '_a5_': 1.0, '_a6_': 1.0, '_a7_': 1.0}};{'d0': 0.024057064815343157};-282.650265715014;43.96599075694252
4240;-97.3591421005646;(((pow2((_a4_ + pow2(sin((_a3_ + x))))) * _a2_) * x) * pow2(_a3_));{'d0': {'_a2_': 0.0004093451324025265, '_a3_': 66.28570690285517, '_a4_': 0.8985498275269133, '_a0_': 1.0, '_a1_': 1.0, '_a5_': 1.0, '_a6_': 1.0, '_a7_': 1.0}};{'d0': 0.024057064815343157};-282.650265715014;43.96599075694252
4241;-97.3591421005646;(((pow2((_a4_ + pow2(sin((_a3_ + x))))) * _a2_) * x) * pow2(_a3_));{'d0': {'_a2_': 0.0004093451324025265, '_a3_': 66.28570690285517, '_a4_': 0.8985498275269133, '_a0_': 1.0, '_a1_': 1.0, '_a5_': 1.0, '_a6_': 1.0, '_a7_': 1.0}};{'d0': 0.024057064815343157};-282.650265715014;43.96599075694252
4242;-97.3591421005646;(((pow2((_a4_ + pow2(sin((_a3_ + x))))) * _a2_) * x) * pow2(_a3_));{'d0': {'_a2_': 0.0004093451324025265, '_a3_': 66.28570690285517, '_a4_': 0.8985498275269133, '_a0_': 1.0, '_a1_': 1.0, '_a5_': 1.0, '_a6_': 1.0, '_a7_': 1.0}};{'d0': 0.024057064815343157};-282.650265715014;43.96599075694252
4243;-97.3591421005646;(((pow2((_a4_ + pow2(sin((_a3_ + x))))) * _a2_) * x) * pow2(_a3_));{'d0': {'_a2_': 0.0004093451324025265, '_a3_': 66.28570690285517, '_a4_': 0.8985498275269133, '_a0_': 1.0, '_a1_': 1.0, '_a5_': 1.0, '_a6_': 1.0, '_a7_': 1.0}};{'d0': 0.024057064815343157};-282.650265715014;43.96599075694252
4244;-105.382580669956;(x * (_a0_ + (((x + _a7_) * x) * pow2((_a6_ * _a0_)))));{'d0': {'_a0_': 1.7751354043826053, '_a6_': 1.0351866626080541, '_a7_': 0.6238594155977156, '_a1_': 1.0, '_a2_': 1.0, '_a3_': 1.0, '_a4_': 1.0, '_a5_': 1.0}};{'d0': 0.024905832919416674};-280.569866449043;34.90235255456596
4245;-105.382580669956;(x * (_a6_ + (((x + _a7_) * x) * pow2((_a6_ * _a0_)))));{'d0': {'_a0_': 1.035186662637437, '_a6_': 1.7751354044057497, '_a7_': 0.6238594156308849, '_a1_': 1.0, '_a2_': 1.0, '_a3_': 1.0, '_a4_': 1.0, '_a5_': 1.0}};{'d0': 0.024905832919416636};-280.569866449044;34.90235255456596
4246;-105.382580669956;(x * (_a6_ + (((x + _a7_) * x) * pow2((_a6_ * _a0_)))));{'d0': {'_a0_': 1.035186662637437, '_a6_': 1.7751354044057497, '_a7_': 0.6238594156308849, '_a1_': 1.0, '_a2_': 1.0, '_a3_': 1.0, '_a4_': 1.0, '_a5_': 1.0}};{'d0': 0.024905832919416636};-280.569866449044;34.90235255456596
4247;-105.382580669956;(x * (_a6_ + (((x + _a7_) * x) * pow2((_a6_ * _a0_)))));{'d0': {'_a0_': 1.035186662637437, '_a6_': 1.7751354044057497, '_a7_': 0.6238594156308849, '_a1_': 1.0, '_a2_': 1.0, '_a3_': 1.0, '_a4_': 1.0, '_a5_': 1.0}};{'d0': 0.024905832919416636};-280.569866449044;34.90235255456596
4248;-105.382580669956;(x * (_a6_ + (((x + _a7_) * x) * pow2((_a6_ * _a0_)))));{'d0': {'_a0_': 1.035186662637437, '_a6_': 1.7751354044057497, '_a7_': 0.6238594156308849, '_a1_': 1.0, '_a2_': 1.0, '_a3_': 1.0, '_a4_': 1.0, '_a5_': 1.0}};{'d0': 0.024905832919416636};-280.569866449044;34.90235255456596
4249;-105.382580669956;(x * (_a6_ + (((x + _a7_) * x) * pow2((_a6_ * _a0_)))));{'d0': {'_a0_': 1.035186662637437, '_a6_': 1.7751354044057497, '_a7_': 0.6238594156308849, '_a1_': 1.0, '_a2_': 1.0, '_a3_': 1.0, '_a4_': 1.0, '_a5_': 1.0}};{'d0': 0.024905832919416636};-280.569866449044;34.90235255456596
4250;-105.382580669956;(x * (_a6_ + (((x + _a7_) * x) * pow2((_a6_ * _a0_)))));{'d0': {'_a0_': 1.035186662637437, '_a6_': 1.7751354044057497, '_a7_': 0.6238594156308849, '_a1_': 1.0, '_a2_': 1.0, '_a3_': 1.0, '_a4_': 1.0, '_a5_': 1.0}};{'d0': 0.024905832919416636};-280.569866449044;34.90235255456596
4251;-106.633986122803;(x * (_a6_ + (((x + _a7_) * x) * pow2(pow2(_a3_)))));{'d0': {'_a3_': 1.355579763419661, '_a6_': 1.7751354043251295, '_a7_': 0.623859415693138, '_a0_': 1.0, '_a1_': 1.0, '_a2_': 1.0, '_a4_': 1.0, '_a5_': 1.0}};{'d0': 0.024905832919416653};-280.569866449044;33.650947101718955
4252;-106.633986122803;(x * (_a6_ + (((x + _a7_) * x) * pow2(pow2(_a3_)))));{'d0': {'_a3_': 1.355579763419661, '_a6_': 1.7751354043251295, '_a7_': 0.623859415693138, '_a0_': 1.0, '_a1_': 1.0, '_a2_': 1.0, '_a4_': 1.0, '_a5_': 1.0}};{'d0': 0.024905832919416653};-280.569866449044;33.650947101718955
4253;-106.633986122803;(x * (_a6_ + (((x + _a7_) * x) * pow2(pow2(_a3_)))));{'d0': {'_a3_': 1.355579763419661, '_a6_': 1.7751354043251295, '_a7_': 0.623859415693138, '_a0_': 1.0, '_a1_': 1.0, '_a2_': 1.0, '_a4_': 1.0, '_a5_': 1.0}};{'d0': 0.024905832919416653};-280.569866449044;33.650947101718955
4254;-106.633986122803;(x * (_a6_ + (((x + _a7_) * x) * pow2(pow2(_a3_)))));{'d0': {'_a3_': 1.355579763419661, '_a6_': 1.7751354043251295, '_a7_': 0.623859415693138, '_a0_': 1.0, '_a1_': 1.0, '_a2_': 1.0, '_a4_': 1.0, '_a5_': 1.0}};{'d0': 0.024905832919416653};-280.569866449044;33.650947101718955
4255;-106.633986122803;(x * (_a6_ + (((x + _a7_) * x) * pow2(pow2(_a3_)))));{'d0': {'_a3_': 1.355579763419661, '_a6_': 1.7751354043251295, '_a7_': 0.623859415693138, '_a0_': 1.0, '_a1_': 1.0, '_a2_': 1.0, '_a4_': 1.0, '_a5_': 1.0}};{'d0': 0.024905832919416653};-280.569866449044;33.650947101718955
4256;-106.633986122803;(x * (_a6_ + (((x + _a7_) * x) * pow2(pow2(_a3_)))));{'d0': {'_a3_': 1.355579763419661, '_a6_': 1.7751354043251295, '_a7_': 0.623859415693138, '_a0_': 1.0, '_a1_': 1.0, '_a2_': 1.0, '_a4_': 1.0, '_a5_': 1.0}};{'d0': 0.024905832919416653};-280.569866449044;33.650947101718955
4257;-106.633986122803;(x * (_a6_ + (((x + _a7_) * x) * pow2(pow2(_a3_)))));{'d0': {'_a3_': 1.355579763419661, '_a6_': 1.7751354043251295, '_a7_': 0.623859415693138, '_a0_': 1.0, '_a1_': 1.0, '_a2_': 1.0, '_a4_': 1.0, '_a5_': 1.0}};{'d0': 0.024905832919416653};-280.569866449044;33.650947101718955
4258;-106.633986122803;(x * (_a6_ + (((x + _a7_) * x) * pow2(pow2(_a3_)))));{'d0': {'_a3_': 1.355579763419661, '_a6_': 1.7751354043251295, '_a7_': 0.623859415693138, '_a0_': 1.0, '_a1_': 1.0, '_a2_': 1.0, '_a4_': 1.0, '_a5_': 1.0}};{'d0': 0.024905832919416653};-280.569866449044;33.650947101718955
4259;-106.633986122803;(x * (_a6_ + (((x + _a7_) * x) * pow2(pow2(_a3_)))));{'d0': {'_a3_': 1.355579763419661, '_a6_': 1.7751354043251295, '_a7_': 0.623859415693138, '_a0_': 1.0, '_a1_': 1.0, '_a2_': 1.0, '_a4_': 1.0, '_a5_': 1.0}};{'d0': 0.024905832919416653};-280.569866449044;33.650947101718955
4260;-106.633986122803;(x * (_a6_ + (((x + _a7_) * x) * pow2(pow2(_a3_)))));{'d0': {'_a3_': 1.355579763419661, '_a6_': 1.7751354043251295, '_a7_': 0.623859415693138, '_a0_': 1.0, '_a1_': 1.0, '_a2_': 1.0, '_a4_': 1.0, '_a5_': 1.0}};{'d0': 0.024905832919416653};-280.569866449044;33.650947101718955
4261;-106.633986122803;(x * (_a6_ + (((x + _a7_) * x) * pow2(pow2(_a3_)))));{'d0': {'_a3_': 1.355579763419661, '_a6_': 1.7751354043251295, '_a7_': 0.623859415693138, '_a0_': 1.0, '_a1_': 1.0, '_a2_': 1.0, '_a4_': 1.0, '_a5_': 1.0}};{'d0': 0.024905832919416653};-280.569866449044;33.650947101718955
4262;-106.633986122803;(x * (_a6_ + (((x + _a7_) * x) * pow2(pow2(_a3_)))));{'d0': {'_a3_': 1.355579763419661, '_a6_': 1.7751354043251295, '_a7_': 0.623859415693138, '_a0_': 1.0, '_a1_': 1.0, '_a2_': 1.0, '_a4_': 1.0, '_a5_': 1.0}};{'d0': 0.024905832919416653};-280.569866449044;33.650947101718955
4263;-106.633986122803;(x * (_a6_ + (((x + _a7_) * x) * pow2(pow2(_a3_)))));{'d0': {'_a3_': 1.355579763419661, '_a6_': 1.7751354043251295, '_a7_': 0.623859415693138, '_a0_': 1.0, '_a1_': 1.0, '_a2_': 1.0, '_a4_': 1.0, '_a5_': 1.0}};{'d0': 0.024905832919416653};-280.569866449044;33.650947101718955
4264;-106.633986122803;(x * (_a6_ + (((x + _a7_) * x) * pow2(pow2(_a3_)))));{'d0': {'_a3_': 1.355579763419661, '_a6_': 1.7751354043251295, '_a7_': 0.623859415693138, '_a0_': 1.0, '_a1_': 1.0, '_a2_': 1.0, '_a4_': 1.0, '_a5_': 1.0}};{'d0': 0.024905832919416653};-280.569866449044;33.650947101718955
4265;-106.633986122803;(x * (_a6_ + (((x + _a7_) * x) * pow2(pow2(_a3_)))));{'d0': {'_a3_': 1.355579763419661, '_a6_': 1.7751354043251295, '_a7_': 0.623859415693138, '_a0_': 1.0, '_a1_': 1.0, '_a2_': 1.0, '_a4_': 1.0, '_a5_': 1.0}};{'d0': 0.024905832919416653};-280.569866449044;33.650947101718955
4266;-106.633986122803;(x * (_a6_ + (((x + _a7_) * x) * pow2(pow2(_a3_)))));{'d0': {'_a3_': 1.355579763419661, '_a6_': 1.7751354043251295, '_a7_': 0.623859415693138, '_a0_': 1.0, '_a1_': 1.0, '_a2_': 1.0, '_a4_': 1.0, '_a5_': 1.0}};{'d0': 0.024905832919416653};-280.569866449044;33.650947101718955
4267;-106.633986122803;(x * (_a6_ + (((x + _a7_) * x) * pow2(pow2(_a3_)))));{'d0': {'_a3_': 1.355579763419661, '_a6_': 1.7751354043251295, '_a7_': 0.623859415693138, '_a0_': 1.0, '_a1_': 1.0, '_a2_': 1.0, '_a4_': 1.0, '_a5_': 1.0}};{'d0': 0.024905832919416653};-280.569866449044;33.650947101718955
4268;-106.633986122803;(x * (_a6_ + (((x + _a7_) * x) * pow2(pow2(_a3_)))));{'d0': {'_a3_': 1.355579763419661, '_a6_': 1.7751354043251295, '_a7_': 0.623859415693138, '_a0_': 1.0, '_a1_': 1.0, '_a2_': 1.0, '_a4_': 1.0, '_a5_': 1.0}};{'d0': 0.024905832919416653};-280.569866449044;33.650947101718955
4269;-106.633986122803;(x * (_a6_ + (((x + _a7_) * x) * pow2(pow2(_a3_)))));{'d0': {'_a3_': 1.355579763419661, '_a6_': 1.7751354043251295, '_a7_': 0.623859415693138, '_a0_': 1.0, '_a1_': 1.0, '_a2_': 1.0, '_a4_': 1.0, '_a5_': 1.0}};{'d0': 0.024905832919416653};-280.569866449044;33.650947101718955
4270;-106.633986122803;(x * (_a6_ + (((x + _a7_) * x) * pow2(pow2(_a3_)))));{'d0': {'_a3_': 1.355579763419661, '_a6_': 1.7751354043251295, '_a7_': 0.623859415693138, '_a0_': 1.0, '_a1_': 1.0, '_a2_': 1.0, '_a4_': 1.0, '_a5_': 1.0}};{'d0': 0.024905832919416653};-280.569866449044;33.650947101718955
4271;-106.633986122803;(x * (_a6_ + (((x + _a7_) * x) * pow2(pow2(_a3_)))));{'d0': {'_a3_': 1.355579763419661, '_a6_': 1.7751354043251295, '_a7_': 0.623859415693138, '_a0_': 1.0, '_a1_': 1.0, '_a2_': 1.0, '_a4_': 1.0, '_a5_': 1.0}};{'d0': 0.024905832919416653};-280.569866449044;33.650947101718955
4272;-94.4710143593590;(((((x * (x + _a1_)) / _a6_) * x) + x) / ((_a1_ * _a3_) / _a0_));{'d0': {'_a0_': 2.0808212344944973e+25, '_a1_': 0.6238594159927507, '_a3_': 1.8789560642075182e+25, '_a6_': 0.5256917705353851, '_a2_': 1.0, '_a4_': 1.0, '_a5_': 1.0, '_a7_': 1.0}};{'d0': 0.02490583292199951};-276.475521880599;43.76674658094059
4273;-94.4710143593590;(((((x * (x + _a1_)) / _a6_) * x) + x) / ((_a1_ * _a3_) / _a0_));{'d0': {'_a0_': 2.0808212344944973e+25, '_a1_': 0.6238594159927507, '_a3_': 1.8789560642075182e+25, '_a6_': 0.5256917705353851, '_a2_': 1.0, '_a4_': 1.0, '_a5_': 1.0, '_a7_': 1.0}};{'d0': 0.02490583292199951};-276.475521880599;43.76674658094059
4274;-94.4710143593590;(((((x * (x + _a1_)) / _a6_) * x) + x) / ((_a1_ * _a3_) / _a0_));{'d0': {'_a0_': 2.0808212344944973e+25, '_a1_': 0.6238594159927507, '_a3_': 1.8789560642075182e+25, '_a6_': 0.5256917705353851, '_a2_': 1.0, '_a4_': 1.0, '_a5_': 1.0, '_a7_': 1.0}};{'d0': 0.02490583292199951};-276.475521880599;43.76674658094059
4275;-94.4710143593590;(((((x * (x + _a1_)) / _a6_) * x) + x) / ((_a1_ * _a3_) / _a0_));{'d0': {'_a0_': 2.0808212344944973e+25, '_a1_': 0.6238594159927507, '_a3_': 1.8789560642075182e+25, '_a6_': 0.5256917705353851, '_a2_': 1.0, '_a4_': 1.0, '_a5_': 1.0, '_a7_': 1.0}};{'d0': 0.02490583292199951};-276.475521880599;43.76674658094059
4276;-94.4710143593590;(((((x * (x + _a1_)) / _a6_) * x) + x) / ((_a1_ * _a3_) / _a0_));{'d0': {'_a0_': 2.0808212344944973e+25, '_a1_': 0.6238594159927507, '_a3_': 1.8789560642075182e+25, '_a6_': 0.5256917705353851, '_a2_': 1.0, '_a4_': 1.0, '_a5_': 1.0, '_a7_': 1.0}};{'d0': 0.02490583292199951};-276.475521880599;43.76674658094059
4277;-94.4710143593590;(((((x * (x + _a1_)) / _a6_) * x) + x) / ((_a1_ * _a3_) / _a0_));{'d0': {'_a0_': 2.0808212344944973e+25, '_a1_': 0.6238594159927507, '_a3_': 1.8789560642075182e+25, '_a6_': 0.5256917705353851, '_a2_': 1.0, '_a4_': 1.0, '_a5_': 1.0, '_a7_': 1.0}};{'d0': 0.02490583292199951};-276.475521880599;43.76674658094059
4278;-94.4710143593590;(((((x * (x + _a1_)) / _a6_) * x) + x) / ((_a1_ * _a3_) / _a0_));{'d0': {'_a0_': 2.0808212344944973e+25, '_a1_': 0.6238594159927507, '_a3_': 1.8789560642075182e+25, '_a6_': 0.5256917705353851, '_a2_': 1.0, '_a4_': 1.0, '_a5_': 1.0, '_a7_': 1.0}};{'d0': 0.02490583292199951};-276.475521880599;43.76674658094059
4279;-100.833694356400;((x * (_a6_ + (((x + _a6_) * x) * pow2(pow2(_a3_))))) / _a7_);{'d0': {'_a3_': 1.04373173592987, '_a6_': 0.62385941545153, '_a7_': 0.3514432836989868, '_a0_': 1.0, '_a1_': 1.0, '_a2_': 1.0, '_a4_': 1.0, '_a5_': 1.0}};{'d0': 0.02490583291941663};-280.569866449044;39.45123886812136
4280;-100.833694356400;((x * (_a6_ + (((x + _a6_) * x) * pow2(pow2(_a3_))))) / _a7_);{'d0': {'_a3_': 1.04373173592987, '_a6_': 0.62385941545153, '_a7_': 0.3514432836989868, '_a0_': 1.0, '_a1_': 1.0, '_a2_': 1.0, '_a4_': 1.0, '_a5_': 1.0}};{'d0': 0.02490583291941663};-280.569866449044;39.45123886812136
4281;-100.833694356400;((x * (_a6_ + (((x + _a6_) * x) * pow2(pow2(_a3_))))) / _a7_);{'d0': {'_a3_': 1.04373173592987, '_a6_': 0.62385941545153, '_a7_': 0.3514432836989868, '_a0_': 1.0, '_a1_': 1.0, '_a2_': 1.0, '_a4_': 1.0, '_a5_': 1.0}};{'d0': 0.02490583291941663};-280.569866449044;39.45123886812136
4282;-94.4710143593590;(((((x * (x + _a1_)) / _a6_) * x) + x) / ((_a1_ * _a3_) / _a0_));{'d0': {'_a0_': 2.0808212344944973e+25, '_a1_': 0.6238594159927507, '_a3_': 1.8789560642075182e+25, '_a6_': 0.5256917705353851, '_a2_': 1.0, '_a4_': 1.0, '_a5_': 1.0, '_a7_': 1.0}};{'d0': 0.02490583292199951};-276.475521880599;43.76674658094059
4283;-94.4710143593590;(((((x * (x + _a1_)) / _a6_) * x) + x) / ((_a1_ * _a3_) / _a0_));{'d0': {'_a0_': 2.0808212344944973e+25, '_a1_': 0.6238594159927507, '_a3_': 1.8789560642075182e+25, '_a6_': 0.5256917705353851, '_a2_': 1.0, '_a4_': 1.0, '_a5_': 1.0, '_a7_': 1.0}};{'d0': 0.02490583292199951};-276.475521880599;43.76674658094059
4284;-94.4710143593590;(((((x * (x + _a1_)) / _a6_) * x) + x) / ((_a1_ * _a3_) / _a0_));{'d0': {'_a0_': 2.0808212344944973e+25, '_a1_': 0.6238594159927507, '_a3_': 1.8789560642075182e+25, '_a6_': 0.5256917705353851, '_a2_': 1.0, '_a4_': 1.0, '_a5_': 1.0, '_a7_': 1.0}};{'d0': 0.02490583292199951};-276.475521880599;43.76674658094059
4285;-94.4710143593590;(((((x * (x + _a1_)) / _a6_) * x) + x) / ((_a1_ * _a3_) / _a0_));{'d0': {'_a0_': 2.0808212344944973e+25, '_a1_': 0.6238594159927507, '_a3_': 1.8789560642075182e+25, '_a6_': 0.5256917705353851, '_a2_': 1.0, '_a4_': 1.0, '_a5_': 1.0, '_a7_': 1.0}};{'d0': 0.02490583292199951};-276.475521880599;43.76674658094059
4286;-94.4710143593590;(((((x * (x + _a1_)) / _a6_) * x) + x) / ((_a1_ * _a3_) / _a0_));{'d0': {'_a0_': 2.0808212344944973e+25, '_a1_': 0.6238594159927507, '_a3_': 1.8789560642075182e+25, '_a6_': 0.5256917705353851, '_a2_': 1.0, '_a4_': 1.0, '_a5_': 1.0, '_a7_': 1.0}};{'d0': 0.02490583292199951};-276.475521880599;43.76674658094059
4287;-94.4710143593590;(((((x * (x + _a1_)) / _a6_) * x) + x) / ((_a1_ * _a3_) / _a0_));{'d0': {'_a0_': 2.0808212344944973e+25, '_a1_': 0.6238594159927507, '_a3_': 1.8789560642075182e+25, '_a6_': 0.5256917705353851, '_a2_': 1.0, '_a4_': 1.0, '_a5_': 1.0, '_a7_': 1.0}};{'d0': 0.02490583292199951};-276.475521880599;43.76674658094059
4288;-94.4710143593590;(((((x * (x + _a1_)) / _a6_) * x) + x) / ((_a1_ * _a3_) / _a0_));{'d0': {'_a0_': 2.0808212344944973e+25, '_a1_': 0.6238594159927507, '_a3_': 1.8789560642075182e+25, '_a6_': 0.5256917705353851, '_a2_': 1.0, '_a4_': 1.0, '_a5_': 1.0, '_a7_': 1.0}};{'d0': 0.02490583292199951};-276.475521880599;43.76674658094059
4289;-94.4710143593590;(((((x * (x + _a1_)) / _a6_) * x) + x) / ((_a1_ * _a3_) / _a0_));{'d0': {'_a0_': 2.0808212344944973e+25, '_a1_': 0.6238594159927507, '_a3_': 1.8789560642075182e+25, '_a6_': 0.5256917705353851, '_a2_': 1.0, '_a4_': 1.0, '_a5_': 1.0, '_a7_': 1.0}};{'d0': 0.02490583292199951};-276.475521880599;43.76674658094059
4290;-94.4710143593590;(((((x * (x + _a1_)) / _a6_) * x) + x) / ((_a1_ * _a3_) / _a0_));{'d0': {'_a0_': 2.0808212344944973e+25, '_a1_': 0.6238594159927507, '_a3_': 1.8789560642075182e+25, '_a6_': 0.5256917705353851, '_a2_': 1.0, '_a4_': 1.0, '_a5_': 1.0, '_a7_': 1.0}};{'d0': 0.02490583292199951};-276.475521880599;43.76674658094059
4291;-94.4710143593590;(((((x * (x + _a1_)) / _a6_) * x) + x) / ((_a1_ * _a3_) / _a0_));{'d0': {'_a0_': 2.0808212344944973e+25, '_a1_': 0.6238594159927507, '_a3_': 1.8789560642075182e+25, '_a6_': 0.5256917705353851, '_a2_': 1.0, '_a4_': 1.0, '_a5_': 1.0, '_a7_': 1.0}};{'d0': 0.02490583292199951};-276.475521880599;43.76674658094059
4292;-94.4710143593590;(((((x * (x + _a1_)) / _a6_) * x) + x) / ((_a1_ * _a3_) / _a0_));{'d0': {'_a0_': 2.0808212344944973e+25, '_a1_': 0.6238594159927507, '_a3_': 1.8789560642075182e+25, '_a6_': 0.5256917705353851, '_a2_': 1.0, '_a4_': 1.0, '_a5_': 1.0, '_a7_': 1.0}};{'d0': 0.02490583292199951};-276.475521880599;43.76674658094059
4293;-94.4710143593590;(((((x * (x + _a1_)) / _a6_) * x) + x) / ((_a1_ * _a3_) / _a0_));{'d0': {'_a0_': 2.0808212344944973e+25, '_a1_': 0.6238594159927507, '_a3_': 1.8789560642075182e+25, '_a6_': 0.5256917705353851, '_a2_': 1.0, '_a4_': 1.0, '_a5_': 1.0, '_a7_': 1.0}};{'d0': 0.02490583292199951};-276.475521880599;43.76674658094059
4294;-94.4710143593590;(((((x * (x + _a1_)) / _a6_) * x) + x) / ((_a1_ * _a3_) / _a0_));{'d0': {'_a0_': 2.0808212344944973e+25, '_a1_': 0.6238594159927507, '_a3_': 1.8789560642075182e+25, '_a6_': 0.5256917705353851, '_a2_': 1.0, '_a4_': 1.0, '_a5_': 1.0, '_a7_': 1.0}};{'d0': 0.02490583292199951};-276.475521880599;43.76674658094059
4295;-94.4710143593590;(((((x * (x + _a1_)) / _a6_) * x) + x) / ((_a1_ * _a3_) / _a0_));{'d0': {'_a0_': 2.0808212344944973e+25, '_a1_': 0.6238594159927507, '_a3_': 1.8789560642075182e+25, '_a6_': 0.5256917705353851, '_a2_': 1.0, '_a4_': 1.0, '_a5_': 1.0, '_a7_': 1.0}};{'d0': 0.02490583292199951};-276.475521880599;43.76674658094059
4296;-94.4710143593590;(((((x * (x + _a1_)) / _a6_) * x) + x) / ((_a1_ * _a3_) / _a0_));{'d0': {'_a0_': 2.0808212344944973e+25, '_a1_': 0.6238594159927507, '_a3_': 1.8789560642075182e+25, '_a6_': 0.5256917705353851, '_a2_': 1.0, '_a4_': 1.0, '_a5_': 1.0, '_a7_': 1.0}};{'d0': 0.02490583292199951};-276.475521880599;43.76674658094059
4297;-100.833694356400;((x * (_a6_ + (((x + _a6_) * x) * pow2(pow2(_a3_))))) / _a7_);{'d0': {'_a3_': 1.04373173592987, '_a6_': 0.62385941545153, '_a7_': 0.3514432836989868, '_a0_': 1.0, '_a1_': 1.0, '_a2_': 1.0, '_a4_': 1.0, '_a5_': 1.0}};{'d0': 0.02490583291941663};-280.569866449044;39.45123886812136
4298;-100.833694356400;((x * (_a6_ + (((x + _a6_) * x) * pow2(pow2(_a3_))))) / _a7_);{'d0': {'_a3_': 1.04373173592987, '_a6_': 0.62385941545153, '_a7_': 0.3514432836989868, '_a0_': 1.0, '_a1_': 1.0, '_a2_': 1.0, '_a4_': 1.0, '_a5_': 1.0}};{'d0': 0.02490583291941663};-280.569866449044;39.45123886812136
4299;-100.833694356400;((x * (_a6_ + (((x + _a6_) * x) * pow2(pow2(_a3_))))) / _a7_);{'d0': {'_a3_': 1.04373173592987, '_a6_': 0.62385941545153, '_a7_': 0.3514432836989868, '_a0_': 1.0, '_a1_': 1.0, '_a2_': 1.0, '_a4_': 1.0, '_a5_': 1.0}};{'d0': 0.02490583291941663};-280.569866449044;39.45123886812136
4300;-100.833694356400;((x * (_a6_ + (((x + _a6_) * x) * pow2(pow2(_a3_))))) / _a7_);{'d0': {'_a3_': 1.04373173592987, '_a6_': 0.62385941545153, '_a7_': 0.3514432836989868, '_a0_': 1.0, '_a1_': 1.0, '_a2_': 1.0, '_a4_': 1.0, '_a5_': 1.0}};{'d0': 0.02490583291941663};-280.569866449044;39.45123886812136
4301;-100.833694356400;((x * (_a6_ + (((x + _a6_) * x) * pow2(pow2(_a3_))))) / _a7_);{'d0': {'_a3_': 1.04373173592987, '_a6_': 0.62385941545153, '_a7_': 0.3514432836989868, '_a0_': 1.0, '_a1_': 1.0, '_a2_': 1.0, '_a4_': 1.0, '_a5_': 1.0}};{'d0': 0.02490583291941663};-280.569866449044;39.45123886812136
4302;-100.833694356400;((x * (_a6_ + (((x + _a6_) * x) * pow2(pow2(_a3_))))) / _a7_);{'d0': {'_a3_': 1.04373173592987, '_a6_': 0.62385941545153, '_a7_': 0.3514432836989868, '_a0_': 1.0, '_a1_': 1.0, '_a2_': 1.0, '_a4_': 1.0, '_a5_': 1.0}};{'d0': 0.02490583291941663};-280.569866449044;39.45123886812136
4303;-100.833694356400;((x * (_a6_ + (((x + _a6_) * x) * pow2(pow2(_a3_))))) / _a7_);{'d0': {'_a3_': 1.04373173592987, '_a6_': 0.62385941545153, '_a7_': 0.3514432836989868, '_a0_': 1.0, '_a1_': 1.0, '_a2_': 1.0, '_a4_': 1.0, '_a5_': 1.0}};{'d0': 0.02490583291941663};-280.569866449044;39.45123886812136
4304;-100.833694356400;((x * (_a6_ + (((x + _a6_) * x) * pow2(pow2(_a3_))))) / _a7_);{'d0': {'_a3_': 1.04373173592987, '_a6_': 0.62385941545153, '_a7_': 0.3514432836989868, '_a0_': 1.0, '_a1_': 1.0, '_a2_': 1.0, '_a4_': 1.0, '_a5_': 1.0}};{'d0': 0.02490583291941663};-280.569866449044;39.45123886812136
4305;-100.833694356400;((x * (_a6_ + (((x + _a6_) * x) * pow2(pow2(_a3_))))) / _a7_);{'d0': {'_a3_': 1.04373173592987, '_a6_': 0.62385941545153, '_a7_': 0.3514432836989868, '_a0_': 1.0, '_a1_': 1.0, '_a2_': 1.0, '_a4_': 1.0, '_a5_': 1.0}};{'d0': 0.02490583291941663};-280.569866449044;39.45123886812136
4306;-100.833694356400;((x * (_a6_ + (((x + _a6_) * x) * pow2(pow2(_a3_))))) / _a7_);{'d0': {'_a3_': 1.04373173592987, '_a6_': 0.62385941545153, '_a7_': 0.3514432836989868, '_a0_': 1.0, '_a1_': 1.0, '_a2_': 1.0, '_a4_': 1.0, '_a5_': 1.0}};{'d0': 0.02490583291941663};-280.569866449044;39.45123886812136
4307;-100.833694356400;((x * (_a6_ + (((x + _a6_) * x) * pow2(pow2(_a3_))))) / _a7_);{'d0': {'_a3_': 1.04373173592987, '_a6_': 0.62385941545153, '_a7_': 0.3514432836989868, '_a0_': 1.0, '_a1_': 1.0, '_a2_': 1.0, '_a4_': 1.0, '_a5_': 1.0}};{'d0': 0.02490583291941663};-280.569866449044;39.45123886812136
4308;-100.833694356400;((x * (_a6_ + (((x + _a6_) * x) * pow2(pow2(_a3_))))) / _a7_);{'d0': {'_a3_': 1.04373173592987, '_a6_': 0.62385941545153, '_a7_': 0.3514432836989868, '_a0_': 1.0, '_a1_': 1.0, '_a2_': 1.0, '_a4_': 1.0, '_a5_': 1.0}};{'d0': 0.02490583291941663};-280.569866449044;39.45123886812136
4309;-100.833694356400;((x * (_a6_ + (((x + _a6_) * x) * pow2(pow2(_a3_))))) / _a7_);{'d0': {'_a3_': 1.04373173592987, '_a6_': 0.62385941545153, '_a7_': 0.3514432836989868, '_a0_': 1.0, '_a1_': 1.0, '_a2_': 1.0, '_a4_': 1.0, '_a5_': 1.0}};{'d0': 0.02490583291941663};-280.569866449044;39.45123886812136
4310;-100.833694356400;((x * (_a6_ + (((x + _a6_) * x) * pow2(pow2(_a3_))))) / _a7_);{'d0': {'_a3_': 1.04373173592987, '_a6_': 0.62385941545153, '_a7_': 0.3514432836989868, '_a0_': 1.0, '_a1_': 1.0, '_a2_': 1.0, '_a4_': 1.0, '_a5_': 1.0}};{'d0': 0.02490583291941663};-280.569866449044;39.45123886812136
4311;-100.833694356400;((x * (_a6_ + (((x + _a6_) * x) * pow2(pow2(_a3_))))) / _a7_);{'d0': {'_a3_': 1.04373173592987, '_a6_': 0.62385941545153, '_a7_': 0.3514432836989868, '_a0_': 1.0, '_a1_': 1.0, '_a2_': 1.0, '_a4_': 1.0, '_a5_': 1.0}};{'d0': 0.02490583291941663};-280.569866449044;39.45123886812136
4312;-100.833694356400;((x * (_a6_ + (((x + _a6_) * x) * pow2(pow2(_a3_))))) / _a7_);{'d0': {'_a3_': 1.04373173592987, '_a6_': 0.62385941545153, '_a7_': 0.3514432836989868, '_a0_': 1.0, '_a1_': 1.0, '_a2_': 1.0, '_a4_': 1.0, '_a5_': 1.0}};{'d0': 0.02490583291941663};-280.569866449044;39.45123886812136
4313;-95.6680498404948;(((((x * (x + _a1_)) / _a6_) * x) + x) / (-(_a5_) / _a0_));{'d0': {'_a0_': -2764681086.5110445, '_a1_': 0.623859415767639, '_a5_': 1557448139.4958003, '_a6_': 0.5256917708867231, '_a2_': 1.0, '_a3_': 1.0, '_a4_': 1.0, '_a7_': 1.0}};{'d0': 0.024905832920122314};-276.475521885121;42.56971110206598
4314;-95.6680498404948;(((((x * (x + _a1_)) / _a6_) * x) + x) / (-(_a5_) / _a0_));{'d0': {'_a0_': -2764681086.5110445, '_a1_': 0.623859415767639, '_a5_': 1557448139.4958003, '_a6_': 0.5256917708867231, '_a2_': 1.0, '_a3_': 1.0, '_a4_': 1.0, '_a7_': 1.0}};{'d0': 0.024905832920122314};-276.475521885121;42.56971110206598
4315;-101.395169282695;(((((x * (x + _a1_)) / _a6_) * x) + x) / (_a1_ / _a0_));{'d0': {'_a0_': 1.1074349143941316, '_a1_': 0.623859414054089, '_a6_': 0.5256917678742791, '_a2_': 1.0, '_a3_': 1.0, '_a4_': 1.0, '_a5_': 1.0, '_a7_': 1.0}};{'d0': 0.024905832919434653};-280.569866449000;38.88976394180559
4316;-101.395169282695;(((((x * (x + _a1_)) / _a6_) * x) + x) / (_a1_ / _a0_));{'d0': {'_a0_': 1.1074349143941316, '_a1_': 0.623859414054089, '_a6_': 0.5256917678742791, '_a2_': 1.0, '_a3_': 1.0, '_a4_': 1.0, '_a5_': 1.0, '_a7_': 1.0}};{'d0': 0.024905832919434653};-280.569866449000;38.88976394180559
4317;-101.395169282695;(((((x * (x + _a1_)) / _a6_) * x) + x) / (_a1_ / _a0_));{'d0': {'_a0_': 1.1074349143941316, '_a1_': 0.623859414054089, '_a6_': 0.5256917678742791, '_a2_': 1.0, '_a3_': 1.0, '_a4_': 1.0, '_a5_': 1.0, '_a7_': 1.0}};{'d0': 0.024905832919434653};-280.569866449000;38.88976394180559
4318;-101.395169282695;(((((x * (x + _a1_)) / _a6_) * x) + x) / (_a1_ / _a0_));{'d0': {'_a0_': 1.1074349143941316, '_a1_': 0.623859414054089, '_a6_': 0.5256917678742791, '_a2_': 1.0, '_a3_': 1.0, '_a4_': 1.0, '_a5_': 1.0, '_a7_': 1.0}};{'d0': 0.024905832919434653};-280.569866449000;38.88976394180559
4319;-101.395169282695;(((((x * (x + _a1_)) / _a6_) * x) + x) / (_a1_ / _a0_));{'d0': {'_a0_': 1.1074349143941316, '_a1_': 0.623859414054089, '_a6_': 0.5256917678742791, '_a2_': 1.0, '_a3_': 1.0, '_a4_': 1.0, '_a5_': 1.0, '_a7_': 1.0}};{'d0': 0.024905832919434653};-280.569866449000;38.88976394180559
4320;-101.395169282695;(((((x * (x + _a1_)) / _a6_) * x) + x) / (_a1_ / _a0_));{'d0': {'_a0_': 1.1074349143941316, '_a1_': 0.623859414054089, '_a6_': 0.5256917678742791, '_a2_': 1.0, '_a3_': 1.0, '_a4_': 1.0, '_a5_': 1.0, '_a7_': 1.0}};{'d0': 0.024905832919434653};-280.569866449000;38.88976394180559
4321;-101.395169282695;(((((x * (x + _a1_)) / _a6_) * x) + x) / (_a1_ / _a0_));{'d0': {'_a0_': 1.1074349143941316, '_a1_': 0.623859414054089, '_a6_': 0.5256917678742791, '_a2_': 1.0, '_a3_': 1.0, '_a4_': 1.0, '_a5_': 1.0, '_a7_': 1.0}};{'d0': 0.024905832919434653};-280.569866449000;38.88976394180559
4322;-101.395169282695;(((((x * (x + _a1_)) / _a6_) * x) + x) / (_a1_ / _a0_));{'d0': {'_a0_': 1.1074349143941316, '_a1_': 0.623859414054089, '_a6_': 0.5256917678742791, '_a2_': 1.0, '_a3_': 1.0, '_a4_': 1.0, '_a5_': 1.0, '_a7_': 1.0}};{'d0': 0.024905832919434653};-280.569866449000;38.88976394180559
4323;-101.395169282695;(((((x * (x + _a1_)) / _a6_) * x) + x) / (_a1_ / _a0_));{'d0': {'_a0_': 1.1074349143941316, '_a1_': 0.623859414054089, '_a6_': 0.5256917678742791, '_a2_': 1.0, '_a3_': 1.0, '_a4_': 1.0, '_a5_': 1.0, '_a7_': 1.0}};{'d0': 0.024905832919434653};-280.569866449000;38.88976394180559
4324;-101.395169282695;(((((x * (x + _a1_)) / _a6_) * x) + x) / (_a1_ / _a0_));{'d0': {'_a0_': 1.1074349143941316, '_a1_': 0.623859414054089, '_a6_': 0.5256917678742791, '_a2_': 1.0, '_a3_': 1.0, '_a4_': 1.0, '_a5_': 1.0, '_a7_': 1.0}};{'d0': 0.024905832919434653};-280.569866449000;38.88976394180559
4325;-101.395169282695;(((((x * (x + _a1_)) / _a6_) * x) + x) / (_a1_ / _a0_));{'d0': {'_a0_': 1.1074349143941316, '_a1_': 0.623859414054089, '_a6_': 0.5256917678742791, '_a2_': 1.0, '_a3_': 1.0, '_a4_': 1.0, '_a5_': 1.0, '_a7_': 1.0}};{'d0': 0.024905832919434653};-280.569866449000;38.88976394180559
4326;-101.395169282695;(((((x * (x + _a1_)) / _a6_) * x) + x) / (_a1_ / _a0_));{'d0': {'_a0_': 1.1074349143941316, '_a1_': 0.623859414054089, '_a6_': 0.5256917678742791, '_a2_': 1.0, '_a3_': 1.0, '_a4_': 1.0, '_a5_': 1.0, '_a7_': 1.0}};{'d0': 0.024905832919434653};-280.569866449000;38.88976394180559
4327;-101.395169282695;(((((x * (x + _a1_)) / _a6_) * x) + x) / (_a1_ / _a0_));{'d0': {'_a0_': 1.1074349143941316, '_a1_': 0.623859414054089, '_a6_': 0.5256917678742791, '_a2_': 1.0, '_a3_': 1.0, '_a4_': 1.0, '_a5_': 1.0, '_a7_': 1.0}};{'d0': 0.024905832919434653};-280.569866449000;38.88976394180559
4328;-101.395169282695;(((((x * (x + _a1_)) / _a6_) * x) + x) / (_a1_ / _a0_));{'d0': {'_a0_': 1.1074349143941316, '_a1_': 0.623859414054089, '_a6_': 0.5256917678742791, '_a2_': 1.0, '_a3_': 1.0, '_a4_': 1.0, '_a5_': 1.0, '_a7_': 1.0}};{'d0': 0.024905832919434653};-280.569866449000;38.88976394180559
4329;-101.395169282695;(((((x * (x + _a1_)) / _a6_) * x) + x) / (_a1_ / _a0_));{'d0': {'_a0_': 1.1074349143941316, '_a1_': 0.623859414054089, '_a6_': 0.5256917678742791, '_a2_': 1.0, '_a3_': 1.0, '_a4_': 1.0, '_a5_': 1.0, '_a7_': 1.0}};{'d0': 0.024905832919434653};-280.569866449000;38.88976394180559
4330;-102.392340493473;(((((x * (x + _a1_)) / _a6_) * x) + x) * (_a1_ / _a0_));{'d0': {'_a0_': 0.3514432837366592, '_a1_': 0.6238594156568844, '_a6_': 0.5256917705340732, '_a2_': 1.0, '_a3_': 1.0, '_a4_': 1.0, '_a5_': 1.0, '_a7_': 1.0}};{'d0': 0.024905832919416632};-280.569866449044;37.89259273104859
4331;-102.392340493473;(((((x * (x + _a1_)) / _a6_) * x) + x) * (_a1_ / _a0_));{'d0': {'_a0_': 0.3514432837366592, '_a1_': 0.6238594156568844, '_a6_': 0.5256917705340732, '_a2_': 1.0, '_a3_': 1.0, '_a4_': 1.0, '_a5_': 1.0, '_a7_': 1.0}};{'d0': 0.024905832919416632};-280.569866449044;37.89259273104859
4332;-102.392340493473;(((((x * (x + _a1_)) / _a6_) * x) + x) * (_a1_ / _a0_));{'d0': {'_a0_': 0.3514432837366592, '_a1_': 0.6238594156568844, '_a6_': 0.5256917705340732, '_a2_': 1.0, '_a3_': 1.0, '_a4_': 1.0, '_a5_': 1.0, '_a7_': 1.0}};{'d0': 0.024905832919416632};-280.569866449044;37.89259273104859
4333;-104.531628829010;((x * (_a6_ + (((x + _a6_) * x) * pow2(_a4_)))) / _a7_);{'d0': {'_a4_': 1.0893759367508065, '_a6_': 0.6238594155326261, '_a7_': 0.35144328373619105, '_a0_': 1.0, '_a1_': 1.0, '_a2_': 1.0, '_a3_': 1.0, '_a5_': 1.0}};{'d0': 0.024905832919416622};-280.569866449044;35.75330439551135
4334;-104.531628829010;((x * (_a6_ + (((x + _a6_) * x) * pow2(_a4_)))) / _a7_);{'d0': {'_a4_': 1.0893759367508065, '_a6_': 0.6238594155326261, '_a7_': 0.35144328373619105, '_a0_': 1.0, '_a1_': 1.0, '_a2_': 1.0, '_a3_': 1.0, '_a5_': 1.0}};{'d0': 0.024905832919416622};-280.569866449044;35.75330439551135
4335;-104.531628829010;((x * (_a6_ + (((x + _a6_) * x) * pow2(_a4_)))) / _a7_);{'d0': {'_a4_': 1.0893759367508065, '_a6_': 0.6238594155326261, '_a7_': 0.35144328373619105, '_a0_': 1.0, '_a1_': 1.0, '_a2_': 1.0, '_a3_': 1.0, '_a5_': 1.0}};{'d0': 0.024905832919416622};-280.569866449044;35.75330439551135
4336;-104.531628829010;((x * (_a6_ + (((x + _a6_) * x) * pow2(_a4_)))) / _a7_);{'d0': {'_a4_': 1.0893759367508065, '_a6_': 0.6238594155326261, '_a7_': 0.35144328373619105, '_a0_': 1.0, '_a1_': 1.0, '_a2_': 1.0, '_a3_': 1.0, '_a5_': 1.0}};{'d0': 0.024905832919416622};-280.569866449044;35.75330439551135
4337;-101.566014955520;((x * (_a6_ + (((x + _a6_) * x) * (_a7_ ** _a1_)))) / _a7_);{'d0': {'_a1_': -0.163726553507255, '_a6_': 0.623859415568618, '_a7_': 0.351443283495524, '_a0_': 1.0, '_a2_': 1.0, '_a3_': 1.0, '_a4_': 1.0, '_a5_': 1.0}};{'d0': 0.024905832919416646};-280.569866449044;38.71891826900135
4338;-101.566014955520;((x * (_a6_ + (((x + _a6_) * x) * (_a7_ ** _a1_)))) / _a7_);{'d0': {'_a1_': -0.163726553507255, '_a6_': 0.623859415568618, '_a7_': 0.351443283495524, '_a0_': 1.0, '_a2_': 1.0, '_a3_': 1.0, '_a4_': 1.0, '_a5_': 1.0}};{'d0': 0.024905832919416646};-280.569866449044;38.71891826900135
4339;-101.566014955520;((x * (_a6_ + (((x + _a6_) * x) * (_a7_ ** _a1_)))) / _a7_);{'d0': {'_a1_': -0.163726553507255, '_a6_': 0.623859415568618, '_a7_': 0.351443283495524, '_a0_': 1.0, '_a2_': 1.0, '_a3_': 1.0, '_a4_': 1.0, '_a5_': 1.0}};{'d0': 0.024905832919416646};-280.569866449044;38.71891826900135
4340;-101.566014955520;((x * (_a6_ + (((x + _a6_) * x) * (_a7_ ** _a1_)))) / _a7_);{'d0': {'_a1_': -0.163726553507255, '_a6_': 0.623859415568618, '_a7_': 0.351443283495524, '_a0_': 1.0, '_a2_': 1.0, '_a3_': 1.0, '_a4_': 1.0, '_a5_': 1.0}};{'d0': 0.024905832919416646};-280.569866449044;38.71891826900135
4341;-101.566014955520;((x * (_a6_ + (((x + _a6_) * x) * (_a7_ ** _a1_)))) / _a7_);{'d0': {'_a1_': -0.163726553507255, '_a6_': 0.623859415568618, '_a7_': 0.351443283495524, '_a0_': 1.0, '_a2_': 1.0, '_a3_': 1.0, '_a4_': 1.0, '_a5_': 1.0}};{'d0': 0.024905832919416646};-280.569866449044;38.71891826900135
4342;-101.566014955520;((x * (_a6_ + (((x + _a6_) * x) * (_a7_ ** _a1_)))) / _a7_);{'d0': {'_a1_': -0.163726553507255, '_a6_': 0.623859415568618, '_a7_': 0.351443283495524, '_a0_': 1.0, '_a2_': 1.0, '_a3_': 1.0, '_a4_': 1.0, '_a5_': 1.0}};{'d0': 0.024905832919416646};-280.569866449044;38.71891826900135
4343;-104.549616141360;((x * (_a6_ + (((x + _a6_) * x) * -(_a1_)))) / _a7_);{'d0': {'_a1_': -1.186739931866721, '_a6_': 0.6238594154639462, '_a7_': 0.3514432837591537, '_a0_': 1.0, '_a2_': 1.0, '_a3_': 1.0, '_a4_': 1.0, '_a5_': 1.0}};{'d0': 0.02490583291941668};-280.569866449043;35.73531708316174
4344;-104.549616141360;((x * (_a6_ + (((x + _a6_) * x) * -(_a1_)))) / _a7_);{'d0': {'_a1_': -1.186739931866721, '_a6_': 0.6238594154639462, '_a7_': 0.3514432837591537, '_a0_': 1.0, '_a2_': 1.0, '_a3_': 1.0, '_a4_': 1.0, '_a5_': 1.0}};{'d0': 0.02490583291941668};-280.569866449043;35.73531708316174
4345;-104.549616141360;((x * (_a6_ + (((x + _a6_) * x) * -(_a1_)))) / _a7_);{'d0': {'_a1_': -1.186739931866721, '_a6_': 0.6238594154639462, '_a7_': 0.3514432837591537, '_a0_': 1.0, '_a2_': 1.0, '_a3_': 1.0, '_a4_': 1.0, '_a5_': 1.0}};{'d0': 0.02490583291941668};-280.569866449043;35.73531708316174
4346;-104.549616141360;((x * (_a6_ + (((x + _a6_) * x) * -(_a1_)))) / _a7_);{'d0': {'_a1_': -1.186739931866721, '_a6_': 0.6238594154639462, '_a7_': 0.3514432837591537, '_a0_': 1.0, '_a2_': 1.0, '_a3_': 1.0, '_a4_': 1.0, '_a5_': 1.0}};{'d0': 0.02490583291941668};-280.569866449043;35.73531708316174
4347;-104.549616141360;((x * (_a6_ + (((x + _a6_) * x) * -(_a1_)))) / _a7_);{'d0': {'_a1_': -1.186739931866721, '_a6_': 0.6238594154639462, '_a7_': 0.3514432837591537, '_a0_': 1.0, '_a2_': 1.0, '_a3_': 1.0, '_a4_': 1.0, '_a5_': 1.0}};{'d0': 0.02490583291941668};-280.569866449043;35.73531708316174
4348;-104.549616141360;((x * (_a6_ + (((x + _a6_) * x) * -(_a1_)))) / _a7_);{'d0': {'_a1_': -1.186739931866721, '_a6_': 0.6238594154639462, '_a7_': 0.3514432837591537, '_a0_': 1.0, '_a2_': 1.0, '_a3_': 1.0, '_a4_': 1.0, '_a5_': 1.0}};{'d0': 0.02490583291941668};-280.569866449043;35.73531708316174
4349;-104.549616141360;((x * (_a6_ + (((x + _a6_) * x) * -(_a1_)))) / _a7_);{'d0': {'_a1_': -1.186739931866721, '_a6_': 0.6238594154639462, '_a7_': 0.3514432837591537, '_a0_': 1.0, '_a2_': 1.0, '_a3_': 1.0, '_a4_': 1.0, '_a5_': 1.0}};{'d0': 0.02490583291941668};-280.569866449043;35.73531708316174
4350;-104.549616141360;((x * (_a6_ + (((x + _a6_) * x) * -(_a1_)))) / _a7_);{'d0': {'_a1_': -1.186739931866721, '_a6_': 0.6238594154639462, '_a7_': 0.3514432837591537, '_a0_': 1.0, '_a2_': 1.0, '_a3_': 1.0, '_a4_': 1.0, '_a5_': 1.0}};{'d0': 0.02490583291941668};-280.569866449043;35.73531708316174
4351;-104.549616141360;((x * (_a6_ + (((x + _a6_) * x) * -(_a1_)))) / _a7_);{'d0': {'_a1_': -1.186739931866721, '_a6_': 0.6238594154639462, '_a7_': 0.3514432837591537, '_a0_': 1.0, '_a2_': 1.0, '_a3_': 1.0, '_a4_': 1.0, '_a5_': 1.0}};{'d0': 0.02490583291941668};-280.569866449043;35.73531708316174
4352;-104.549616141360;((x * (_a6_ + (((x + _a6_) * x) * -(_a1_)))) / _a7_);{'d0': {'_a1_': -1.186739931866721, '_a6_': 0.6238594154639462, '_a7_': 0.3514432837591537, '_a0_': 1.0, '_a2_': 1.0, '_a3_': 1.0, '_a4_': 1.0, '_a5_': 1.0}};{'d0': 0.02490583291941668};-280.569866449043;35.73531708316174
4353;-104.549616141360;((x * (_a6_ + (((x + _a6_) * x) * -(_a1_)))) / _a7_);{'d0': {'_a1_': -1.186739931866721, '_a6_': 0.6238594154639462, '_a7_': 0.3514432837591537, '_a0_': 1.0, '_a2_': 1.0, '_a3_': 1.0, '_a4_': 1.0, '_a5_': 1.0}};{'d0': 0.02490583291941668};-280.569866449043;35.73531708316174
4354;-104.549616141360;((x * (_a6_ + (((x + _a6_) * x) * -(_a1_)))) / _a7_);{'d0': {'_a1_': -1.186739931866721, '_a6_': 0.6238594154639462, '_a7_': 0.3514432837591537, '_a0_': 1.0, '_a2_': 1.0, '_a3_': 1.0, '_a4_': 1.0, '_a5_': 1.0}};{'d0': 0.02490583291941668};-280.569866449043;35.73531708316174
4355;-104.549616141360;((x * (_a6_ + (((x + _a6_) * x) * -(_a1_)))) / _a7_);{'d0': {'_a1_': -1.186739931866721, '_a6_': 0.6238594154639462, '_a7_': 0.3514432837591537, '_a0_': 1.0, '_a2_': 1.0, '_a3_': 1.0, '_a4_': 1.0, '_a5_': 1.0}};{'d0': 0.02490583291941668};-280.569866449043;35.73531708316174
4356;-104.549616141360;((x * (_a6_ + (((x + _a6_) * x) * -(_a1_)))) / _a7_);{'d0': {'_a1_': -1.186739931866721, '_a6_': 0.6238594154639462, '_a7_': 0.3514432837591537, '_a0_': 1.0, '_a2_': 1.0, '_a3_': 1.0, '_a4_': 1.0, '_a5_': 1.0}};{'d0': 0.02490583291941668};-280.569866449043;35.73531708316174
4357;-104.549616141360;((x * (_a6_ + (((x + _a6_) * x) * -(_a1_)))) / _a7_);{'d0': {'_a1_': -1.186739931866721, '_a6_': 0.6238594154639462, '_a7_': 0.3514432837591537, '_a0_': 1.0, '_a2_': 1.0, '_a3_': 1.0, '_a4_': 1.0, '_a5_': 1.0}};{'d0': 0.02490583291941668};-280.569866449043;35.73531708316174
4358;-104.549616141360;((x * (_a6_ + (((x + _a6_) * x) * -(_a1_)))) / _a7_);{'d0': {'_a1_': -1.186739931866721, '_a6_': 0.6238594154639462, '_a7_': 0.3514432837591537, '_a0_': 1.0, '_a2_': 1.0, '_a3_': 1.0, '_a4_': 1.0, '_a5_': 1.0}};{'d0': 0.02490583291941668};-280.569866449043;35.73531708316174
4359;-104.549616141360;((x * (_a6_ + (((x + _a6_) * x) * -(_a1_)))) / _a7_);{'d0': {'_a1_': -1.186739931866721, '_a6_': 0.6238594154639462, '_a7_': 0.3514432837591537, '_a0_': 1.0, '_a2_': 1.0, '_a3_': 1.0, '_a4_': 1.0, '_a5_': 1.0}};{'d0': 0.02490583291941668};-280.569866449043;35.73531708316174
4360;-104.549616141360;((x * (_a6_ + (((x + _a6_) * x) * -(_a1_)))) / _a7_);{'d0': {'_a1_': -1.186739931866721, '_a6_': 0.6238594154639462, '_a7_': 0.3514432837591537, '_a0_': 1.0, '_a2_': 1.0, '_a3_': 1.0, '_a4_': 1.0, '_a5_': 1.0}};{'d0': 0.02490583291941668};-280.569866449043;35.73531708316174
4361;-104.549616141360;((x * (_a6_ + (((x + _a6_) * x) * -(_a1_)))) / _a7_);{'d0': {'_a1_': -1.186739931866721, '_a6_': 0.6238594154639462, '_a7_': 0.3514432837591537, '_a0_': 1.0, '_a2_': 1.0, '_a3_': 1.0, '_a4_': 1.0, '_a5_': 1.0}};{'d0': 0.02490583291941668};-280.569866449043;35.73531708316174
4362;-104.549616141360;((x * (_a6_ + (((x + _a6_) * x) * -(_a1_)))) / _a7_);{'d0': {'_a1_': -1.186739931866721, '_a6_': 0.6238594154639462, '_a7_': 0.3514432837591537, '_a0_': 1.0, '_a2_': 1.0, '_a3_': 1.0, '_a4_': 1.0, '_a5_': 1.0}};{'d0': 0.02490583291941668};-280.569866449043;35.73531708316174
4363;-104.549616141360;((x * (_a6_ + (((x + _a6_) * x) * -(_a1_)))) / _a7_);{'d0': {'_a1_': -1.186739931866721, '_a6_': 0.6238594154639462, '_a7_': 0.3514432837591537, '_a0_': 1.0, '_a2_': 1.0, '_a3_': 1.0, '_a4_': 1.0, '_a5_': 1.0}};{'d0': 0.02490583291941668};-280.569866449043;35.73531708316174
4364;-104.549616141360;((x * (_a6_ + (((x + _a6_) * x) * -(_a1_)))) / _a7_);{'d0': {'_a1_': -1.186739931866721, '_a6_': 0.6238594154639462, '_a7_': 0.3514432837591537, '_a0_': 1.0, '_a2_': 1.0, '_a3_': 1.0, '_a4_': 1.0, '_a5_': 1.0}};{'d0': 0.02490583291941668};-280.569866449043;35.73531708316174
4365;-104.549616141360;((x * (_a6_ + (((x + _a6_) * x) * -(_a1_)))) / _a7_);{'d0': {'_a1_': -1.186739931866721, '_a6_': 0.6238594154639462, '_a7_': 0.3514432837591537, '_a0_': 1.0, '_a2_': 1.0, '_a3_': 1.0, '_a4_': 1.0, '_a5_': 1.0}};{'d0': 0.02490583291941668};-280.569866449043;35.73531708316174
4366;-104.549616141360;((x * (_a6_ + (((x + _a6_) * x) * -(_a1_)))) / _a7_);{'d0': {'_a1_': -1.186739931866721, '_a6_': 0.6238594154639462, '_a7_': 0.3514432837591537, '_a0_': 1.0, '_a2_': 1.0, '_a3_': 1.0, '_a4_': 1.0, '_a5_': 1.0}};{'d0': 0.02490583291941668};-280.569866449043;35.73531708316174
4367;-104.549616141360;((x * (_a6_ + (((x + _a6_) * x) * -(_a1_)))) / _a7_);{'d0': {'_a1_': -1.186739931866721, '_a6_': 0.6238594154639462, '_a7_': 0.3514432837591537, '_a0_': 1.0, '_a2_': 1.0, '_a3_': 1.0, '_a4_': 1.0, '_a5_': 1.0}};{'d0': 0.02490583291941668};-280.569866449043;35.73531708316174
4368;-104.549616141360;((x * (_a6_ + (((x + _a6_) * x) * -(_a1_)))) / _a7_);{'d0': {'_a1_': -1.186739931866721, '_a6_': 0.6238594154639462, '_a7_': 0.3514432837591537, '_a0_': 1.0, '_a2_': 1.0, '_a3_': 1.0, '_a4_': 1.0, '_a5_': 1.0}};{'d0': 0.02490583291941668};-280.569866449043;35.73531708316174
4369;-104.549616141360;((x * (_a6_ + (((x + _a6_) * x) * -(_a1_)))) / _a7_);{'d0': {'_a1_': -1.186739931866721, '_a6_': 0.6238594154639462, '_a7_': 0.3514432837591537, '_a0_': 1.0, '_a2_': 1.0, '_a3_': 1.0, '_a4_': 1.0, '_a5_': 1.0}};{'d0': 0.02490583291941668};-280.569866449043;35.73531708316174
4370;-104.549616141360;((x * (_a6_ + (((x + _a6_) * x) * -(_a1_)))) / _a7_);{'d0': {'_a1_': -1.186739931866721, '_a6_': 0.6238594154639462, '_a7_': 0.3514432837591537, '_a0_': 1.0, '_a2_': 1.0, '_a3_': 1.0, '_a4_': 1.0, '_a5_': 1.0}};{'d0': 0.02490583291941668};-280.569866449043;35.73531708316174
4371;-104.549616141360;((x * (_a6_ + (((x + _a6_) * x) * -(_a1_)))) / _a7_);{'d0': {'_a1_': -1.186739931866721, '_a6_': 0.6238594154639462, '_a7_': 0.3514432837591537, '_a0_': 1.0, '_a2_': 1.0, '_a3_': 1.0, '_a4_': 1.0, '_a5_': 1.0}};{'d0': 0.02490583291941668};-280.569866449043;35.73531708316174
4372;-104.549616141360;((x * (_a6_ + (((x + _a6_) * x) * -(_a1_)))) / _a7_);{'d0': {'_a1_': -1.186739931866721, '_a6_': 0.6238594154639462, '_a7_': 0.3514432837591537, '_a0_': 1.0, '_a2_': 1.0, '_a3_': 1.0, '_a4_': 1.0, '_a5_': 1.0}};{'d0': 0.02490583291941668};-280.569866449043;35.73531708316174
4373;-104.549616141360;((x * (_a6_ + (((x + _a6_) * x) * -(_a1_)))) / _a7_);{'d0': {'_a1_': -1.186739931866721, '_a6_': 0.6238594154639462, '_a7_': 0.3514432837591537, '_a0_': 1.0, '_a2_': 1.0, '_a3_': 1.0, '_a4_': 1.0, '_a5_': 1.0}};{'d0': 0.02490583291941668};-280.569866449043;35.73531708316174
4374;-104.549616141360;((x * (_a6_ + (((x + _a6_) * x) * -(_a1_)))) / _a7_);{'d0': {'_a1_': -1.186739931866721, '_a6_': 0.6238594154639462, '_a7_': 0.3514432837591537, '_a0_': 1.0, '_a2_': 1.0, '_a3_': 1.0, '_a4_': 1.0, '_a5_': 1.0}};{'d0': 0.02490583291941668};-280.569866449043;35.73531708316174
4375;-98.6944060208634;(((((x * (x + _a1_)) / _a6_) * x) + x) * (_a1_ / pow2(_a2_)));{'d0': {'_a1_': 0.6238594156841909, '_a2_': 0.5928265207555166, '_a6_': 0.5256917707022662, '_a0_': 1.0, '_a3_': 1.0, '_a4_': 1.0, '_a5_': 1.0, '_a7_': 1.0}};{'d0': 0.02490583291941656};-280.569866449044;41.59052720365859
4376;-98.6944060208634;(((((x * (x + _a1_)) / _a6_) * x) + x) * (_a1_ / pow2(_a2_)));{'d0': {'_a1_': 0.6238594156841909, '_a2_': 0.5928265207555166, '_a6_': 0.5256917707022662, '_a0_': 1.0, '_a3_': 1.0, '_a4_': 1.0, '_a5_': 1.0, '_a7_': 1.0}};{'d0': 0.02490583291941656};-280.569866449044;41.59052720365859
4377;-98.6944060208634;(((((x * (x + _a1_)) / _a6_) * x) + x) * (_a1_ / pow2(_a2_)));{'d0': {'_a1_': 0.6238594156841909, '_a2_': 0.5928265207555166, '_a6_': 0.5256917707022662, '_a0_': 1.0, '_a3_': 1.0, '_a4_': 1.0, '_a5_': 1.0, '_a7_': 1.0}};{'d0': 0.02490583291941656};-280.569866449044;41.59052720365859
4378;-98.6944060208634;(((((x * (x + _a1_)) / _a6_) * x) + x) * (_a1_ / pow2(_a2_)));{'d0': {'_a1_': 0.6238594156841909, '_a2_': 0.5928265207555166, '_a6_': 0.5256917707022662, '_a0_': 1.0, '_a3_': 1.0, '_a4_': 1.0, '_a5_': 1.0, '_a7_': 1.0}};{'d0': 0.02490583291941656};-280.569866449044;41.59052720365859
4379;-98.6944060208634;(((((x * (x + _a1_)) / _a6_) * x) + x) * (_a1_ / pow2(_a2_)));{'d0': {'_a1_': 0.6238594156841909, '_a2_': 0.5928265207555166, '_a6_': 0.5256917707022662, '_a0_': 1.0, '_a3_': 1.0, '_a4_': 1.0, '_a5_': 1.0, '_a7_': 1.0}};{'d0': 0.02490583291941656};-280.569866449044;41.59052720365859
4380;-98.6944060208634;(((((x * (x + _a1_)) / _a6_) * x) + x) * (_a1_ / pow2(_a2_)));{'d0': {'_a1_': 0.6238594156841909, '_a2_': 0.5928265207555166, '_a6_': 0.5256917707022662, '_a0_': 1.0, '_a3_': 1.0, '_a4_': 1.0, '_a5_': 1.0, '_a7_': 1.0}};{'d0': 0.02490583291941656};-280.569866449044;41.59052720365859
4381;-98.6944060208634;(((((x * (x + _a1_)) / _a6_) * x) + x) * (_a1_ / pow2(_a2_)));{'d0': {'_a1_': 0.6238594156841909, '_a2_': 0.5928265207555166, '_a6_': 0.5256917707022662, '_a0_': 1.0, '_a3_': 1.0, '_a4_': 1.0, '_a5_': 1.0, '_a7_': 1.0}};{'d0': 0.02490583291941656};-280.569866449044;41.59052720365859
4382;-98.6944060208634;(((((x * (x + _a1_)) / _a6_) * x) + x) * (_a1_ / pow2(_a2_)));{'d0': {'_a1_': 0.6238594156841909, '_a2_': 0.5928265207555166, '_a6_': 0.5256917707022662, '_a0_': 1.0, '_a3_': 1.0, '_a4_': 1.0, '_a5_': 1.0, '_a7_': 1.0}};{'d0': 0.02490583291941656};-280.569866449044;41.59052720365859
4383;-98.6944060208634;(((((x * (x + _a1_)) / _a6_) * x) + x) * (_a1_ / pow2(_a2_)));{'d0': {'_a1_': 0.6238594156841909, '_a2_': 0.5928265207555166, '_a6_': 0.5256917707022662, '_a0_': 1.0, '_a3_': 1.0, '_a4_': 1.0, '_a5_': 1.0, '_a7_': 1.0}};{'d0': 0.02490583291941656};-280.569866449044;41.59052720365859
4384;-98.6944060208634;(((((x * (x + _a1_)) / _a6_) * x) + x) * (_a1_ / pow2(_a2_)));{'d0': {'_a1_': 0.6238594156841909, '_a2_': 0.5928265207555166, '_a6_': 0.5256917707022662, '_a0_': 1.0, '_a3_': 1.0, '_a4_': 1.0, '_a5_': 1.0, '_a7_': 1.0}};{'d0': 0.02490583291941656};-280.569866449044;41.59052720365859
4385;-98.6944060208634;(((((x * (x + _a1_)) / _a6_) * x) + x) * (_a1_ / pow2(_a2_)));{'d0': {'_a1_': 0.6238594156841909, '_a2_': 0.5928265207555166, '_a6_': 0.5256917707022662, '_a0_': 1.0, '_a3_': 1.0, '_a4_': 1.0, '_a5_': 1.0, '_a7_': 1.0}};{'d0': 0.02490583291941656};-280.569866449044;41.59052720365859
4386;-98.6944060208634;(((((x * (x + _a1_)) / _a6_) * x) + x) * (_a1_ / pow2(_a2_)));{'d0': {'_a1_': 0.6238594156841909, '_a2_': 0.5928265207555166, '_a6_': 0.5256917707022662, '_a0_': 1.0, '_a3_': 1.0, '_a4_': 1.0, '_a5_': 1.0, '_a7_': 1.0}};{'d0': 0.02490583291941656};-280.569866449044;41.59052720365859
4387;-98.6944060208634;(((((x * (x + _a1_)) / _a6_) * x) + x) * (_a1_ / pow2(_a2_)));{'d0': {'_a1_': 0.6238594156841909, '_a2_': 0.5928265207555166, '_a6_': 0.5256917707022662, '_a0_': 1.0, '_a3_': 1.0, '_a4_': 1.0, '_a5_': 1.0, '_a7_': 1.0}};{'d0': 0.02490583291941656};-280.569866449044;41.59052720365859
4388;-98.6944060208634;(((((x * (x + _a1_)) / _a6_) * x) + x) * (_a1_ / pow2(_a2_)));{'d0': {'_a1_': 0.6238594156841909, '_a2_': 0.5928265207555166, '_a6_': 0.5256917707022662, '_a0_': 1.0, '_a3_': 1.0, '_a4_': 1.0, '_a5_': 1.0, '_a7_': 1.0}};{'d0': 0.02490583291941656};-280.569866449044;41.59052720365859
4389;-98.6944060208634;(((((x * (x + _a1_)) / _a6_) * x) + x) * (_a1_ / pow2(_a2_)));{'d0': {'_a1_': 0.6238594156841909, '_a2_': 0.5928265207555166, '_a6_': 0.5256917707022662, '_a0_': 1.0, '_a3_': 1.0, '_a4_': 1.0, '_a5_': 1.0, '_a7_': 1.0}};{'d0': 0.02490583291941656};-280.569866449044;41.59052720365859
4390;-98.6944060208634;(((((x * (x + _a1_)) / _a6_) * x) + x) * (_a1_ / pow2(_a2_)));{'d0': {'_a1_': 0.6238594156841909, '_a2_': 0.5928265207555166, '_a6_': 0.5256917707022662, '_a0_': 1.0, '_a3_': 1.0, '_a4_': 1.0, '_a5_': 1.0, '_a7_': 1.0}};{'d0': 0.02490583291941656};-280.569866449044;41.59052720365859
4391;-98.6944060208634;(((((x * (x + _a1_)) / _a6_) * x) + x) * (_a1_ / pow2(_a2_)));{'d0': {'_a1_': 0.6238594156841909, '_a2_': 0.5928265207555166, '_a6_': 0.5256917707022662, '_a0_': 1.0, '_a3_': 1.0, '_a4_': 1.0, '_a5_': 1.0, '_a7_': 1.0}};{'d0': 0.02490583291941656};-280.569866449044;41.59052720365859
4392;-98.6944060208634;(((((x * (x + _a1_)) / _a6_) * x) + x) * (_a1_ / pow2(_a2_)));{'d0': {'_a1_': 0.6238594156841909, '_a2_': 0.5928265207555166, '_a6_': 0.5256917707022662, '_a0_': 1.0, '_a3_': 1.0, '_a4_': 1.0, '_a5_': 1.0, '_a7_': 1.0}};{'d0': 0.02490583291941656};-280.569866449044;41.59052720365859
4393;-98.6944060208634;(((((x * (x + _a1_)) / _a6_) * x) + x) * (_a1_ / pow2(_a2_)));{'d0': {'_a1_': 0.6238594156841909, '_a2_': 0.5928265207555166, '_a6_': 0.5256917707022662, '_a0_': 1.0, '_a3_': 1.0, '_a4_': 1.0, '_a5_': 1.0, '_a7_': 1.0}};{'d0': 0.02490583291941656};-280.569866449044;41.59052720365859
4394;-98.6944060208634;(((((x * (x + _a1_)) / _a6_) * x) + x) * (_a1_ / pow2(_a2_)));{'d0': {'_a1_': 0.6238594156841909, '_a2_': 0.5928265207555166, '_a6_': 0.5256917707022662, '_a0_': 1.0, '_a3_': 1.0, '_a4_': 1.0, '_a5_': 1.0, '_a7_': 1.0}};{'d0': 0.02490583291941656};-280.569866449044;41.59052720365859
4395;-98.6944060208634;(((((x * (x + _a1_)) / _a6_) * x) + x) * (_a1_ / pow2(_a2_)));{'d0': {'_a1_': 0.6238594156841909, '_a2_': 0.5928265207555166, '_a6_': 0.5256917707022662, '_a0_': 1.0, '_a3_': 1.0, '_a4_': 1.0, '_a5_': 1.0, '_a7_': 1.0}};{'d0': 0.02490583291941656};-280.569866449044;41.59052720365859
4396;-98.6944060208634;(((((x * (x + _a1_)) / _a6_) * x) + x) * (_a1_ / pow2(_a2_)));{'d0': {'_a1_': 0.6238594156841909, '_a2_': 0.5928265207555166, '_a6_': 0.5256917707022662, '_a0_': 1.0, '_a3_': 1.0, '_a4_': 1.0, '_a5_': 1.0, '_a7_': 1.0}};{'d0': 0.02490583291941656};-280.569866449044;41.59052720365859
4397;-98.6944060208634;(((((x * (x + _a1_)) / _a6_) * x) + x) * (_a1_ / pow2(_a2_)));{'d0': {'_a1_': 0.6238594156841909, '_a2_': 0.5928265207555166, '_a6_': 0.5256917707022662, '_a0_': 1.0, '_a3_': 1.0, '_a4_': 1.0, '_a5_': 1.0, '_a7_': 1.0}};{'d0': 0.02490583291941656};-280.569866449044;41.59052720365859
4398;-98.6944060208634;(((((x * (x + _a1_)) / _a6_) * x) + x) * (_a1_ / pow2(_a2_)));{'d0': {'_a1_': 0.6238594156841909, '_a2_': 0.5928265207555166, '_a6_': 0.5256917707022662, '_a0_': 1.0, '_a3_': 1.0, '_a4_': 1.0, '_a5_': 1.0, '_a7_': 1.0}};{'d0': 0.02490583291941656};-280.569866449044;41.59052720365859
4399;-98.6944060208634;(((((x * (x + _a1_)) / _a6_) * x) + x) * (_a1_ / pow2(_a2_)));{'d0': {'_a1_': 0.6238594156841909, '_a2_': 0.5928265207555166, '_a6_': 0.5256917707022662, '_a0_': 1.0, '_a3_': 1.0, '_a4_': 1.0, '_a5_': 1.0, '_a7_': 1.0}};{'d0': 0.02490583291941656};-280.569866449044;41.59052720365859
4400;-98.6944060208634;(((((x * (x + _a1_)) / _a6_) * x) + x) * (_a1_ / pow2(_a2_)));{'d0': {'_a1_': 0.6238594156841909, '_a2_': 0.5928265207555166, '_a6_': 0.5256917707022662, '_a0_': 1.0, '_a3_': 1.0, '_a4_': 1.0, '_a5_': 1.0, '_a7_': 1.0}};{'d0': 0.02490583291941656};-280.569866449044;41.59052720365859
4401;-98.6944060208634;(((((x * (x + _a1_)) / _a6_) * x) + x) * (_a1_ / pow2(_a2_)));{'d0': {'_a1_': 0.6238594156841909, '_a2_': 0.5928265207555166, '_a6_': 0.5256917707022662, '_a0_': 1.0, '_a3_': 1.0, '_a4_': 1.0, '_a5_': 1.0, '_a7_': 1.0}};{'d0': 0.02490583291941656};-280.569866449044;41.59052720365859
4402;-98.6944060208634;(((((x * (x + _a1_)) / _a6_) * x) + x) * (_a1_ / pow2(_a2_)));{'d0': {'_a1_': 0.6238594156841909, '_a2_': 0.5928265207555166, '_a6_': 0.5256917707022662, '_a0_': 1.0, '_a3_': 1.0, '_a4_': 1.0, '_a5_': 1.0, '_a7_': 1.0}};{'d0': 0.02490583291941656};-280.569866449044;41.59052720365859
4403;-98.6944060208634;(((((x * (x + _a1_)) / _a6_) * x) + x) * (_a1_ / pow2(_a2_)));{'d0': {'_a1_': 0.6238594156841909, '_a2_': 0.5928265207555166, '_a6_': 0.5256917707022662, '_a0_': 1.0, '_a3_': 1.0, '_a4_': 1.0, '_a5_': 1.0, '_a7_': 1.0}};{'d0': 0.02490583291941656};-280.569866449044;41.59052720365859
4404;-98.6944060208634;(((((x * (x + _a1_)) / _a6_) * x) + x) * (_a1_ / pow2(_a2_)));{'d0': {'_a1_': 0.6238594156841909, '_a2_': 0.5928265207555166, '_a6_': 0.5256917707022662, '_a0_': 1.0, '_a3_': 1.0, '_a4_': 1.0, '_a5_': 1.0, '_a7_': 1.0}};{'d0': 0.02490583291941656};-280.569866449044;41.59052720365859
4405;-98.6944060208634;(((((x * (x + _a1_)) / _a6_) * x) + x) * (_a1_ / pow2(_a2_)));{'d0': {'_a1_': 0.6238594156841909, '_a2_': 0.5928265207555166, '_a6_': 0.5256917707022662, '_a0_': 1.0, '_a3_': 1.0, '_a4_': 1.0, '_a5_': 1.0, '_a7_': 1.0}};{'d0': 0.02490583291941656};-280.569866449044;41.59052720365859
4406;-98.6944060208634;(((((x * (x + _a1_)) / _a6_) * x) + x) * (_a1_ / pow2(_a2_)));{'d0': {'_a1_': 0.6238594156841909, '_a2_': 0.5928265207555166, '_a6_': 0.5256917707022662, '_a0_': 1.0, '_a3_': 1.0, '_a4_': 1.0, '_a5_': 1.0, '_a7_': 1.0}};{'d0': 0.02490583291941656};-280.569866449044;41.59052720365859
4407;-98.6110277799805;(((((x * (x + _a1_)) / _a6_) * x) + x) * (_a1_ + pow2(_a2_)));{'d0': {'_a1_': 0.6238594155515835, '_a2_': 1.072975297330414, '_a6_': 0.5256917703384153, '_a0_': 1.0, '_a3_': 1.0, '_a4_': 1.0, '_a5_': 1.0, '_a7_': 1.0}};{'d0': 0.024905832919416598};-280.569866449044;41.67390544454139
4408;-98.6110277799805;(((((x * (x + _a1_)) / _a6_) * x) + x) * (_a1_ + pow2(_a2_)));{'d0': {'_a1_': 0.6238594155515835, '_a2_': 1.072975297330414, '_a6_': 0.5256917703384153, '_a0_': 1.0, '_a3_': 1.0, '_a4_': 1.0, '_a5_': 1.0, '_a7_': 1.0}};{'d0': 0.024905832919416598};-280.569866449044;41.67390544454139
4409;-99.5822889035535;(((((x * (x + _a1_)) / _a6_) * x) + x) * (_a1_ * pow2(_a2_)));{'d0': {'_a1_': 0.6238594156214903, '_a2_': 1.6868341158790905, '_a6_': 0.5256917703667398, '_a0_': 1.0, '_a3_': 1.0, '_a4_': 1.0, '_a5_': 1.0, '_a7_': 1.0}};{'d0': 0.02490583291941662};-280.569866449044;40.70264432096839
4410;-99.5822889035535;(((((x * (x + _a1_)) / _a6_) * x) + x) * (_a1_ * pow2(_a2_)));{'d0': {'_a1_': 0.6238594156214903, '_a2_': 1.6868341158790905, '_a6_': 0.5256917703667398, '_a0_': 1.0, '_a3_': 1.0, '_a4_': 1.0, '_a5_': 1.0, '_a7_': 1.0}};{'d0': 0.02490583291941662};-280.569866449044;40.70264432096839
4411;-99.5822889035535;(((((x * (x + _a1_)) / _a6_) * x) + x) * (_a1_ * pow2(_a2_)));{'d0': {'_a1_': 0.6238594156214903, '_a2_': 1.6868341158790905, '_a6_': 0.5256917703667398, '_a0_': 1.0, '_a3_': 1.0, '_a4_': 1.0, '_a5_': 1.0, '_a7_': 1.0}};{'d0': 0.02490583291941662};-280.569866449044;40.70264432096839
4412;-99.5822889035535;(((((x * (x + _a1_)) / _a6_) * x) + x) * (_a1_ * pow2(_a2_)));{'d0': {'_a1_': 0.6238594156214903, '_a2_': 1.6868341158790905, '_a6_': 0.5256917703667398, '_a0_': 1.0, '_a3_': 1.0, '_a4_': 1.0, '_a5_': 1.0, '_a7_': 1.0}};{'d0': 0.02490583291941662};-280.569866449044;40.70264432096839
4413;-99.5822889035535;(((((x * (x + _a1_)) / _a6_) * x) + x) * (_a1_ * pow2(_a2_)));{'d0': {'_a1_': 0.6238594156214903, '_a2_': 1.6868341158790905, '_a6_': 0.5256917703667398, '_a0_': 1.0, '_a3_': 1.0, '_a4_': 1.0, '_a5_': 1.0, '_a7_': 1.0}};{'d0': 0.02490583291941662};-280.569866449044;40.70264432096839
4414;-99.5822889035535;(((((x * (x + _a1_)) / _a6_) * x) + x) * (_a1_ * pow2(_a2_)));{'d0': {'_a1_': 0.6238594156214903, '_a2_': 1.6868341158790905, '_a6_': 0.5256917703667398, '_a0_': 1.0, '_a3_': 1.0, '_a4_': 1.0, '_a5_': 1.0, '_a7_': 1.0}};{'d0': 0.02490583291941662};-280.569866449044;40.70264432096839
4415;-99.5822889035535;(((((x * (x + _a1_)) / _a6_) * x) + x) * (_a1_ * pow2(_a2_)));{'d0': {'_a1_': 0.6238594156214903, '_a2_': 1.6868341158790905, '_a6_': 0.5256917703667398, '_a0_': 1.0, '_a3_': 1.0, '_a4_': 1.0, '_a5_': 1.0, '_a7_': 1.0}};{'d0': 0.02490583291941662};-280.569866449044;40.70264432096839
4416;-99.5822889035535;(((((x * (x + _a1_)) / _a6_) * x) + x) * (_a1_ * pow2(_a2_)));{'d0': {'_a1_': 0.6238594156214903, '_a2_': 1.6868341158790905, '_a6_': 0.5256917703667398, '_a0_': 1.0, '_a3_': 1.0, '_a4_': 1.0, '_a5_': 1.0, '_a7_': 1.0}};{'d0': 0.02490583291941662};-280.569866449044;40.70264432096839
4417;-99.5822889035535;(((((x * (x + _a1_)) / _a6_) * x) + x) * (_a1_ * pow2(_a2_)));{'d0': {'_a1_': 0.6238594156214903, '_a2_': 1.6868341158790905, '_a6_': 0.5256917703667398, '_a0_': 1.0, '_a3_': 1.0, '_a4_': 1.0, '_a5_': 1.0, '_a7_': 1.0}};{'d0': 0.02490583291941662};-280.569866449044;40.70264432096839
4418;-99.5822889035535;(((((x * (x + _a1_)) / _a6_) * x) + x) * (_a1_ * pow2(_a2_)));{'d0': {'_a1_': 0.6238594156214903, '_a2_': 1.6868341158790905, '_a6_': 0.5256917703667398, '_a0_': 1.0, '_a3_': 1.0, '_a4_': 1.0, '_a5_': 1.0, '_a7_': 1.0}};{'d0': 0.02490583291941662};-280.569866449044;40.70264432096839
4419;-99.5822889035535;(((((x * (x + _a1_)) / _a6_) * x) + x) * (_a1_ * pow2(_a2_)));{'d0': {'_a1_': 0.6238594156214903, '_a2_': 1.6868341158790905, '_a6_': 0.5256917703667398, '_a0_': 1.0, '_a3_': 1.0, '_a4_': 1.0, '_a5_': 1.0, '_a7_': 1.0}};{'d0': 0.02490583291941662};-280.569866449044;40.70264432096839
4420;-99.5822889035535;(((((x * (x + _a1_)) / _a6_) * x) + x) * (_a1_ * pow2(_a2_)));{'d0': {'_a1_': 0.6238594156214903, '_a2_': 1.6868341158790905, '_a6_': 0.5256917703667398, '_a0_': 1.0, '_a3_': 1.0, '_a4_': 1.0, '_a5_': 1.0, '_a7_': 1.0}};{'d0': 0.02490583291941662};-280.569866449044;40.70264432096839
4421;-99.5822889035535;(((((x * (x + _a1_)) / _a6_) * x) + x) * (_a1_ * pow2(_a2_)));{'d0': {'_a1_': 0.6238594156214903, '_a2_': 1.6868341158790905, '_a6_': 0.5256917703667398, '_a0_': 1.0, '_a3_': 1.0, '_a4_': 1.0, '_a5_': 1.0, '_a7_': 1.0}};{'d0': 0.02490583291941662};-280.569866449044;40.70264432096839
4422;-99.5822889035535;(((((x * (x + _a1_)) / _a6_) * x) + x) * (_a1_ * pow2(_a2_)));{'d0': {'_a1_': 0.6238594156214903, '_a2_': 1.6868341158790905, '_a6_': 0.5256917703667398, '_a0_': 1.0, '_a3_': 1.0, '_a4_': 1.0, '_a5_': 1.0, '_a7_': 1.0}};{'d0': 0.02490583291941662};-280.569866449044;40.70264432096839
4423;-99.5822889035535;(((((x * (x + _a1_)) / _a6_) * x) + x) * (_a1_ * pow2(_a2_)));{'d0': {'_a1_': 0.6238594156214903, '_a2_': 1.6868341158790905, '_a6_': 0.5256917703667398, '_a0_': 1.0, '_a3_': 1.0, '_a4_': 1.0, '_a5_': 1.0, '_a7_': 1.0}};{'d0': 0.02490583291941662};-280.569866449044;40.70264432096839
4424;-99.5822889035535;(((((x * (x + _a1_)) / _a6_) * x) + x) * (_a1_ * pow2(_a2_)));{'d0': {'_a1_': 0.6238594156214903, '_a2_': 1.6868341158790905, '_a6_': 0.5256917703667398, '_a0_': 1.0, '_a3_': 1.0, '_a4_': 1.0, '_a5_': 1.0, '_a7_': 1.0}};{'d0': 0.02490583291941662};-280.569866449044;40.70264432096839
4425;-99.5822889035535;(((((x * (x + _a1_)) / _a6_) * x) + x) * (_a1_ * pow2(_a2_)));{'d0': {'_a1_': 0.6238594156214903, '_a2_': 1.6868341158790905, '_a6_': 0.5256917703667398, '_a0_': 1.0, '_a3_': 1.0, '_a4_': 1.0, '_a5_': 1.0, '_a7_': 1.0}};{'d0': 0.02490583291941662};-280.569866449044;40.70264432096839
4426;-88.8470982622432;(((pow2(((_a6_ + _a3_) + pow2(sin((_a3_ + x))))) / _a0_) * x) * exp(_a3_));{'d0': {'_a0_': 3.408688559968934e+28, '_a3_': 66.28570690246374, '_a6_': -65.38715706472763, '_a1_': 1.0, '_a2_': 1.0, '_a4_': 1.0, '_a5_': 1.0, '_a7_': 1.0}};{'d0': 0.024057064815322295};-282.650265715066;52.47803459528991
4427;-88.8470982622432;(((pow2(((_a6_ + _a3_) + pow2(sin((_a3_ + x))))) / _a0_) * x) * exp(_a3_));{'d0': {'_a0_': 3.408688559968934e+28, '_a3_': 66.28570690246374, '_a6_': -65.38715706472763, '_a1_': 1.0, '_a2_': 1.0, '_a4_': 1.0, '_a5_': 1.0, '_a7_': 1.0}};{'d0': 0.024057064815322295};-282.650265715066;52.47803459528991
4428;-88.8470982622432;(((pow2(((_a6_ + _a3_) + pow2(sin((_a3_ + x))))) / _a0_) * x) * exp(_a3_));{'d0': {'_a0_': 3.408688559968934e+28, '_a3_': 66.28570690246374, '_a6_': -65.38715706472763, '_a1_': 1.0, '_a2_': 1.0, '_a4_': 1.0, '_a5_': 1.0, '_a7_': 1.0}};{'d0': 0.024057064815322295};-282.650265715066;52.47803459528991
4429;-88.8470982622432;(((pow2(((_a6_ + _a3_) + pow2(sin((_a3_ + x))))) / _a0_) * x) * exp(_a3_));{'d0': {'_a0_': 3.408688559968934e+28, '_a3_': 66.28570690246374, '_a6_': -65.38715706472763, '_a1_': 1.0, '_a2_': 1.0, '_a4_': 1.0, '_a5_': 1.0, '_a7_': 1.0}};{'d0': 0.024057064815322295};-282.650265715066;52.47803459528991
4430;-88.8470982622432;(((pow2(((_a6_ + _a3_) + pow2(sin((_a3_ + x))))) / _a0_) * x) * exp(_a3_));{'d0': {'_a0_': 3.408688559968934e+28, '_a3_': 66.28570690246374, '_a6_': -65.38715706472763, '_a1_': 1.0, '_a2_': 1.0, '_a4_': 1.0, '_a5_': 1.0, '_a7_': 1.0}};{'d0': 0.024057064815322295};-282.650265715066;52.47803459528991
4431;-88.8470982622432;(((pow2(((_a6_ + _a3_) + pow2(sin((_a3_ + x))))) / _a0_) * x) * exp(_a3_));{'d0': {'_a0_': 3.408688559968934e+28, '_a3_': 66.28570690246374, '_a6_': -65.38715706472763, '_a1_': 1.0, '_a2_': 1.0, '_a4_': 1.0, '_a5_': 1.0, '_a7_': 1.0}};{'d0': 0.024057064815322295};-282.650265715066;52.47803459528991
4432;-88.8470982622432;(((pow2(((_a6_ + _a3_) + pow2(sin((_a3_ + x))))) / _a0_) * x) * exp(_a3_));{'d0': {'_a0_': 3.408688559968934e+28, '_a3_': 66.28570690246374, '_a6_': -65.38715706472763, '_a1_': 1.0, '_a2_': 1.0, '_a4_': 1.0, '_a5_': 1.0, '_a7_': 1.0}};{'d0': 0.024057064815322295};-282.650265715066;52.47803459528991
4433;-88.8470982622432;(((pow2(((_a6_ + _a3_) + pow2(sin((_a3_ + x))))) / _a0_) * x) * exp(_a3_));{'d0': {'_a0_': 3.408688559968934e+28, '_a3_': 66.28570690246374, '_a6_': -65.38715706472763, '_a1_': 1.0, '_a2_': 1.0, '_a4_': 1.0, '_a5_': 1.0, '_a7_': 1.0}};{'d0': 0.024057064815322295};-282.650265715066;52.47803459528991
4434;-88.8470982622432;(((pow2(((_a6_ + _a3_) + pow2(sin((_a3_ + x))))) / _a0_) * x) * exp(_a3_));{'d0': {'_a0_': 3.408688559968934e+28, '_a3_': 66.28570690246374, '_a6_': -65.38715706472763, '_a1_': 1.0, '_a2_': 1.0, '_a4_': 1.0, '_a5_': 1.0, '_a7_': 1.0}};{'d0': 0.024057064815322295};-282.650265715066;52.47803459528991
4435;-88.8470982622432;(((pow2(((_a6_ + _a3_) + pow2(sin((_a3_ + x))))) / _a0_) * x) * exp(_a3_));{'d0': {'_a0_': 3.408688559968934e+28, '_a3_': 66.28570690246374, '_a6_': -65.38715706472763, '_a1_': 1.0, '_a2_': 1.0, '_a4_': 1.0, '_a5_': 1.0, '_a7_': 1.0}};{'d0': 0.024057064815322295};-282.650265715066;52.47803459528991
4436;-88.8470982622432;(((pow2(((_a6_ + _a3_) + pow2(sin((_a3_ + x))))) / _a0_) * x) * exp(_a3_));{'d0': {'_a0_': 3.408688559968934e+28, '_a3_': 66.28570690246374, '_a6_': -65.38715706472763, '_a1_': 1.0, '_a2_': 1.0, '_a4_': 1.0, '_a5_': 1.0, '_a7_': 1.0}};{'d0': 0.024057064815322295};-282.650265715066;52.47803459528991
4437;-88.8470982622432;(((pow2(((_a6_ + _a3_) + pow2(sin((_a3_ + x))))) / _a0_) * x) * exp(_a3_));{'d0': {'_a0_': 3.408688559968934e+28, '_a3_': 66.28570690246374, '_a6_': -65.38715706472763, '_a1_': 1.0, '_a2_': 1.0, '_a4_': 1.0, '_a5_': 1.0, '_a7_': 1.0}};{'d0': 0.024057064815322295};-282.650265715066;52.47803459528991
4438;-88.8470982622432;(((pow2(((_a6_ + _a3_) + pow2(sin((_a3_ + x))))) / _a0_) * x) * exp(_a3_));{'d0': {'_a0_': 3.408688559968934e+28, '_a3_': 66.28570690246374, '_a6_': -65.38715706472763, '_a1_': 1.0, '_a2_': 1.0, '_a4_': 1.0, '_a5_': 1.0, '_a7_': 1.0}};{'d0': 0.024057064815322295};-282.650265715066;52.47803459528991
4439;-85.1671511019829;(((pow2(((-(_a4_) + _a3_) + pow2(sin((_a3_ + x))))) / _a0_) * x) * exp(_a3_));{'d0': {'_a0_': 3.408688573205139e+28, '_a3_': 66.28570690253454, '_a4_': 65.38715706254186, '_a1_': 1.0, '_a2_': 1.0, '_a5_': 1.0, '_a6_': 1.0, '_a7_': 1.0}};{'d0': 0.024057064815322257};-282.650265715066;56.1579817555503
4440;-85.1671511019829;(((pow2(((-(_a4_) + _a3_) + pow2(sin((_a3_ + x))))) / _a0_) * x) * exp(_a3_));{'d0': {'_a0_': 3.408688573205139e+28, '_a3_': 66.28570690253454, '_a4_': 65.38715706254186, '_a1_': 1.0, '_a2_': 1.0, '_a5_': 1.0, '_a6_': 1.0, '_a7_': 1.0}};{'d0': 0.024057064815322257};-282.650265715066;56.1579817555503
4441;-85.1671511019829;(((pow2(((-(_a4_) + _a3_) + pow2(sin((_a3_ + x))))) / _a0_) * x) * exp(_a3_));{'d0': {'_a0_': 3.408688573205139e+28, '_a3_': 66.28570690253454, '_a4_': 65.38715706254186, '_a1_': 1.0, '_a2_': 1.0, '_a5_': 1.0, '_a6_': 1.0, '_a7_': 1.0}};{'d0': 0.024057064815322257};-282.650265715066;56.1579817555503
4442;-85.1671511019829;(((pow2(((-(_a4_) + _a3_) + pow2(sin((_a3_ + x))))) / _a0_) * x) * exp(_a3_));{'d0': {'_a0_': 3.408688573205139e+28, '_a3_': 66.28570690253454, '_a4_': 65.38715706254186, '_a1_': 1.0, '_a2_': 1.0, '_a5_': 1.0, '_a6_': 1.0, '_a7_': 1.0}};{'d0': 0.024057064815322257};-282.650265715066;56.1579817555503
4443;-85.1671511019829;(((pow2(((-(_a4_) + _a3_) + pow2(sin((_a3_ + x))))) / _a0_) * x) * exp(_a3_));{'d0': {'_a0_': 3.408688573205139e+28, '_a3_': 66.28570690253454, '_a4_': 65.38715706254186, '_a1_': 1.0, '_a2_': 1.0, '_a5_': 1.0, '_a6_': 1.0, '_a7_': 1.0}};{'d0': 0.024057064815322257};-282.650265715066;56.1579817555503
4444;-104.549616141360;(((((x * (x + _a1_)) / _a6_) * x) + x) * -(_a7_));{'d0': {'_a1_': 0.6238594156214147, '_a6_': 0.5256917705564131, '_a7_': -1.7751354045296373, '_a0_': 1.0, '_a2_': 1.0, '_a3_': 1.0, '_a4_': 1.0, '_a5_': 1.0}};{'d0': 0.024905832919416632};-280.569866449044;35.735317083161775
4445;-104.549616141360;(((((x * (x + _a1_)) / _a6_) * x) + x) * -(_a7_));{'d0': {'_a1_': 0.6238594156214147, '_a6_': 0.5256917705564131, '_a7_': -1.7751354045296373, '_a0_': 1.0, '_a2_': 1.0, '_a3_': 1.0, '_a4_': 1.0, '_a5_': 1.0}};{'d0': 0.024905832919416632};-280.569866449044;35.735317083161775
4446;-104.549616141360;(((((x * (x + _a1_)) / _a6_) * x) + x) * -(_a7_));{'d0': {'_a1_': 0.6238594156214147, '_a6_': 0.5256917705564131, '_a7_': -1.7751354045296373, '_a0_': 1.0, '_a2_': 1.0, '_a3_': 1.0, '_a4_': 1.0, '_a5_': 1.0}};{'d0': 0.024905832919416632};-280.569866449044;35.735317083161775
4447;-104.549616141360;(((((x * (x + _a1_)) / _a6_) * x) + x) * -(_a7_));{'d0': {'_a1_': 0.6238594156214147, '_a6_': 0.5256917705564131, '_a7_': -1.7751354045296373, '_a0_': 1.0, '_a2_': 1.0, '_a3_': 1.0, '_a4_': 1.0, '_a5_': 1.0}};{'d0': 0.024905832919416632};-280.569866449044;35.735317083161775
4448;-104.549616141360;(((((x * (x + _a1_)) / _a6_) * x) + x) * -(_a7_));{'d0': {'_a1_': 0.6238594156214147, '_a6_': 0.5256917705564131, '_a7_': -1.7751354045296373, '_a0_': 1.0, '_a2_': 1.0, '_a3_': 1.0, '_a4_': 1.0, '_a5_': 1.0}};{'d0': 0.024905832919416632};-280.569866449044;35.735317083161775
4449;-104.549616141360;(((((x * (x + _a1_)) / _a6_) * x) + x) * -(_a7_));{'d0': {'_a1_': 0.6238594156214147, '_a6_': 0.5256917705564131, '_a7_': -1.7751354045296373, '_a0_': 1.0, '_a2_': 1.0, '_a3_': 1.0, '_a4_': 1.0, '_a5_': 1.0}};{'d0': 0.024905832919416632};-280.569866449044;35.735317083161775
4450;-104.549616141360;(((((x * (x + _a1_)) / _a6_) * x) + x) * -(_a7_));{'d0': {'_a1_': 0.6238594156214147, '_a6_': 0.5256917705564131, '_a7_': -1.7751354045296373, '_a0_': 1.0, '_a2_': 1.0, '_a3_': 1.0, '_a4_': 1.0, '_a5_': 1.0}};{'d0': 0.024905832919416632};-280.569866449044;35.735317083161775
4451;-104.549616141360;(((((x * (x + _a1_)) / _a6_) * x) + x) * -(_a7_));{'d0': {'_a1_': 0.6238594156214147, '_a6_': 0.5256917705564131, '_a7_': -1.7751354045296373, '_a0_': 1.0, '_a2_': 1.0, '_a3_': 1.0, '_a4_': 1.0, '_a5_': 1.0}};{'d0': 0.024905832919416632};-280.569866449044;35.735317083161775
4452;-104.549616141360;(((((x * (x + _a1_)) / _a6_) * x) + x) * -(_a7_));{'d0': {'_a1_': 0.6238594156214147, '_a6_': 0.5256917705564131, '_a7_': -1.7751354045296373, '_a0_': 1.0, '_a2_': 1.0, '_a3_': 1.0, '_a4_': 1.0, '_a5_': 1.0}};{'d0': 0.024905832919416632};-280.569866449044;35.735317083161775
4453;-104.549616141360;(((((x * (x + _a1_)) / _a6_) * x) + x) * -(_a7_));{'d0': {'_a1_': 0.6238594156214147, '_a6_': 0.5256917705564131, '_a7_': -1.7751354045296373, '_a0_': 1.0, '_a2_': 1.0, '_a3_': 1.0, '_a4_': 1.0, '_a5_': 1.0}};{'d0': 0.024905832919416632};-280.569866449044;35.735317083161775
4454;-104.549616141360;(((((x * (x + _a1_)) / _a6_) * x) + x) * -(_a7_));{'d0': {'_a1_': 0.6238594156214147, '_a6_': 0.5256917705564131, '_a7_': -1.7751354045296373, '_a0_': 1.0, '_a2_': 1.0, '_a3_': 1.0, '_a4_': 1.0, '_a5_': 1.0}};{'d0': 0.024905832919416632};-280.569866449044;35.735317083161775
4455;-104.549616141360;(((((x * (x + _a1_)) / _a6_) * x) + x) * -(_a7_));{'d0': {'_a1_': 0.6238594156214147, '_a6_': 0.5256917705564131, '_a7_': -1.7751354045296373, '_a0_': 1.0, '_a2_': 1.0, '_a3_': 1.0, '_a4_': 1.0, '_a5_': 1.0}};{'d0': 0.024905832919416632};-280.569866449044;35.735317083161775
4456;-104.549616141360;(((((x * (x + _a1_)) / _a6_) * x) + x) * -(_a7_));{'d0': {'_a1_': 0.6238594156214147, '_a6_': 0.5256917705564131, '_a7_': -1.7751354045296373, '_a0_': 1.0, '_a2_': 1.0, '_a3_': 1.0, '_a4_': 1.0, '_a5_': 1.0}};{'d0': 0.024905832919416632};-280.569866449044;35.735317083161775
4457;-104.549616141360;(((((x * (x + _a1_)) / _a6_) * x) + x) * -(_a7_));{'d0': {'_a1_': 0.6238594156214147, '_a6_': 0.5256917705564131, '_a7_': -1.7751354045296373, '_a0_': 1.0, '_a2_': 1.0, '_a3_': 1.0, '_a4_': 1.0, '_a5_': 1.0}};{'d0': 0.024905832919416632};-280.569866449044;35.735317083161775
4458;-104.549616141360;(((((x * (x + _a1_)) / _a6_) * x) + x) * -(_a7_));{'d0': {'_a1_': 0.6238594156214147, '_a6_': 0.5256917705564131, '_a7_': -1.7751354045296373, '_a0_': 1.0, '_a2_': 1.0, '_a3_': 1.0, '_a4_': 1.0, '_a5_': 1.0}};{'d0': 0.024905832919416632};-280.569866449044;35.735317083161775
4459;-104.549616141360;(((((x * (x + _a1_)) / _a6_) * x) + x) * -(_a7_));{'d0': {'_a1_': 0.6238594156214147, '_a6_': 0.5256917705564131, '_a7_': -1.7751354045296373, '_a0_': 1.0, '_a2_': 1.0, '_a3_': 1.0, '_a4_': 1.0, '_a5_': 1.0}};{'d0': 0.024905832919416632};-280.569866449044;35.735317083161775
4460;-104.549616141360;(((((x * (x + _a1_)) / _a6_) * x) + x) * -(_a7_));{'d0': {'_a1_': 0.6238594156214147, '_a6_': 0.5256917705564131, '_a7_': -1.7751354045296373, '_a0_': 1.0, '_a2_': 1.0, '_a3_': 1.0, '_a4_': 1.0, '_a5_': 1.0}};{'d0': 0.024905832919416632};-280.569866449044;35.735317083161775
4461;-104.549616141360;(((((x * (x + _a1_)) / _a6_) * x) + x) * -(_a7_));{'d0': {'_a1_': 0.6238594156214147, '_a6_': 0.5256917705564131, '_a7_': -1.7751354045296373, '_a0_': 1.0, '_a2_': 1.0, '_a3_': 1.0, '_a4_': 1.0, '_a5_': 1.0}};{'d0': 0.024905832919416632};-280.569866449044;35.735317083161775
4462;-104.549616141360;(((((x * (x + _a1_)) / _a6_) * x) + x) * -(_a7_));{'d0': {'_a1_': 0.6238594156214147, '_a6_': 0.5256917705564131, '_a7_': -1.7751354045296373, '_a0_': 1.0, '_a2_': 1.0, '_a3_': 1.0, '_a4_': 1.0, '_a5_': 1.0}};{'d0': 0.024905832919416632};-280.569866449044;35.735317083161775
4463;-104.549616141360;(((((x * (x + _a1_)) / _a6_) * x) + x) * -(_a7_));{'d0': {'_a1_': 0.6238594156214147, '_a6_': 0.5256917705564131, '_a7_': -1.7751354045296373, '_a0_': 1.0, '_a2_': 1.0, '_a3_': 1.0, '_a4_': 1.0, '_a5_': 1.0}};{'d0': 0.024905832919416632};-280.569866449044;35.735317083161775
4464;-104.549616141360;(((((x * (x + _a1_)) / _a6_) * x) + x) * -(_a7_));{'d0': {'_a1_': 0.6238594156214147, '_a6_': 0.5256917705564131, '_a7_': -1.7751354045296373, '_a0_': 1.0, '_a2_': 1.0, '_a3_': 1.0, '_a4_': 1.0, '_a5_': 1.0}};{'d0': 0.024905832919416632};-280.569866449044;35.735317083161775
4465;-104.549616141360;(((((x * (x + _a1_)) / _a6_) * x) + x) * -(_a7_));{'d0': {'_a1_': 0.6238594156214147, '_a6_': 0.5256917705564131, '_a7_': -1.7751354045296373, '_a0_': 1.0, '_a2_': 1.0, '_a3_': 1.0, '_a4_': 1.0, '_a5_': 1.0}};{'d0': 0.024905832919416632};-280.569866449044;35.735317083161775
4466;-104.549616141360;(((((x * (x + _a1_)) / _a6_) * x) + x) * -(_a7_));{'d0': {'_a1_': 0.6238594156214147, '_a6_': 0.5256917705564131, '_a7_': -1.7751354045296373, '_a0_': 1.0, '_a2_': 1.0, '_a3_': 1.0, '_a4_': 1.0, '_a5_': 1.0}};{'d0': 0.024905832919416632};-280.569866449044;35.735317083161775
4467;-104.549616141360;(((((x * (x + _a1_)) / _a6_) * x) + x) * -(_a7_));{'d0': {'_a1_': 0.6238594156214147, '_a6_': 0.5256917705564131, '_a7_': -1.7751354045296373, '_a0_': 1.0, '_a2_': 1.0, '_a3_': 1.0, '_a4_': 1.0, '_a5_': 1.0}};{'d0': 0.024905832919416632};-280.569866449044;35.735317083161775
4468;-101.566014955520;(((((x * (x + _a1_)) / _a6_) * x) + x) * (_a1_ ** _a2_));{'d0': {'_a1_': 0.6238594155326793, '_a2_': -1.216277944235669, '_a6_': 0.5256917704840611, '_a0_': 1.0, '_a3_': 1.0, '_a4_': 1.0, '_a5_': 1.0, '_a7_': 1.0}};{'d0': 0.02490583291941666};-280.569866449044;38.718918269001385
4469;-93.6816198662622;(((((x * (x + (_a1_ / _a3_))) / _a6_) * x) + x) * (_a1_ ** _a2_));{'d0': {'_a1_': 0.6238594155326793, '_a2_': -1.216277944235669, '_a3_': 1.0, '_a6_': 0.5256917704840611, '_a0_': 1.0, '_a4_': 1.0, '_a5_': 1.0, '_a7_': 1.0}};{'d0': 0.02490583291941666};-276.475521886821;44.55614107714858
4470;-93.6816198662622;(((((x * (x + (_a1_ / _a3_))) / _a6_) * x) + x) * (_a1_ ** _a2_));{'d0': {'_a1_': 0.6238594155326793, '_a2_': -1.216277944235669, '_a3_': 1.0, '_a6_': 0.5256917704840611, '_a0_': 1.0, '_a4_': 1.0, '_a5_': 1.0, '_a7_': 1.0}};{'d0': 0.02490583291941666};-276.475521886821;44.55614107714858
4471;-94.5695027485883;(((((x * (x + (_a1_ / _a3_))) * _a6_) * x) + x) * (_a1_ ** _a2_));{'d0': {'_a1_': 0.585209108840297, '_a2_': -1.0710929325252205, '_a3_': 0.9380464478341192, '_a6_': 1.902255382391692, '_a0_': 1.0, '_a4_': 1.0, '_a5_': 1.0, '_a7_': 1.0}};{'d0': 0.02490583291971897};-276.475521886093;43.66825819445838
4472;-94.5695027485883;(((((x * (x + (_a1_ / _a3_))) * _a6_) * x) + x) * (_a1_ ** _a2_));{'d0': {'_a1_': 0.585209108840297, '_a2_': -1.0710929325252205, '_a3_': 0.9380464478341192, '_a6_': 1.902255382391692, '_a0_': 1.0, '_a4_': 1.0, '_a5_': 1.0, '_a7_': 1.0}};{'d0': 0.02490583291971897};-276.475521886093;43.66825819445838
4473;-94.5695027485883;(((((x * (x + (_a1_ / _a3_))) * _a6_) * x) + x) * (_a1_ ** _a2_));{'d0': {'_a1_': 0.585209108840297, '_a2_': -1.0710929325252205, '_a3_': 0.9380464478341192, '_a6_': 1.902255382391692, '_a0_': 1.0, '_a4_': 1.0, '_a5_': 1.0, '_a7_': 1.0}};{'d0': 0.02490583291971897};-276.475521886093;43.66825819445838
4474;-94.5695027485883;(((((x * (x + (_a1_ / _a3_))) * _a6_) * x) + x) * (_a1_ ** _a2_));{'d0': {'_a1_': 0.585209108840297, '_a2_': -1.0710929325252205, '_a3_': 0.9380464478341192, '_a6_': 1.902255382391692, '_a0_': 1.0, '_a4_': 1.0, '_a5_': 1.0, '_a7_': 1.0}};{'d0': 0.02490583291971897};-276.475521886093;43.66825819445838
4475;-94.5695027485883;(((((x * (x + (_a1_ / _a3_))) * _a6_) * x) + x) * (_a1_ ** _a2_));{'d0': {'_a1_': 0.585209108840297, '_a2_': -1.0710929325252205, '_a3_': 0.9380464478341192, '_a6_': 1.902255382391692, '_a0_': 1.0, '_a4_': 1.0, '_a5_': 1.0, '_a7_': 1.0}};{'d0': 0.02490583291971897};-276.475521886093;43.66825819445838
4476;-102.416966796466;(((((x * (x + _a2_)) * _a6_) * x) + x) * (_a1_ ** _a2_));{'d0': {'_a1_': 2.508992932296535, '_a2_': 0.6238594156499911, '_a6_': 1.902255383565073, '_a0_': 1.0, '_a3_': 1.0, '_a4_': 1.0, '_a5_': 1.0, '_a7_': 1.0}};{'d0': 0.024905832919416594};-280.569866449044;37.86796642805598
4477;-103.280223376163;(((((x * (x + _a2_)) * _a6_) * x) + x) * (_a1_ / _a2_));{'d0': {'_a1_': 1.1074349354042465, '_a2_': 0.6238594155415439, '_a6_': 1.9022553854501287, '_a0_': 1.0, '_a3_': 1.0, '_a4_': 1.0, '_a5_': 1.0, '_a7_': 1.0}};{'d0': 0.02490583291941663};-280.569866449044;37.00470984835838
4478;-103.280223376163;(((((x * (x + _a2_)) * _a6_) * x) + x) * (_a1_ / _a2_));{'d0': {'_a1_': 1.1074349354042465, '_a2_': 0.6238594155415439, '_a6_': 1.9022553854501287, '_a0_': 1.0, '_a3_': 1.0, '_a4_': 1.0, '_a5_': 1.0, '_a7_': 1.0}};{'d0': 0.02490583291941663};-280.569866449044;37.00470984835838
4479;-103.280223376163;(((((x * (x + _a2_)) * _a6_) * x) + x) * (_a1_ / _a2_));{'d0': {'_a1_': 1.1074349354042465, '_a2_': 0.6238594155415439, '_a6_': 1.9022553854501287, '_a0_': 1.0, '_a3_': 1.0, '_a4_': 1.0, '_a5_': 1.0, '_a7_': 1.0}};{'d0': 0.02490583291941663};-280.569866449044;37.00470984835838
4480;-103.280223376163;(((((x * (x + _a2_)) * _a6_) * x) + x) * (_a1_ / _a2_));{'d0': {'_a1_': 1.1074349354042465, '_a2_': 0.6238594155415439, '_a6_': 1.9022553854501287, '_a0_': 1.0, '_a3_': 1.0, '_a4_': 1.0, '_a5_': 1.0, '_a7_': 1.0}};{'d0': 0.02490583291941663};-280.569866449044;37.00470984835838
4481;-83.6090643163968;(((pow2(((-(_a4_) + _a3_) + pow2(sin((_a3_ + x))))) / _a0_) * x) * (_a0_ * _a7_));{'d0': {'_a3_': 66.28570690253306, '_a4_': 65.38715706262326, '_a7_': 1.7985785602032878, '_a0_': 1.0, '_a1_': 1.0, '_a2_': 1.0, '_a5_': 1.0, '_a6_': 1.0}};{'d0': 0.024057064815322254};-278.555921152844;55.668896260025306
4482;-83.6090643163968;(((pow2(((-(_a4_) + _a3_) + pow2(sin((_a3_ + x))))) / _a0_) * x) * (_a0_ * _a7_));{'d0': {'_a3_': 66.28570690253306, '_a4_': 65.38715706262326, '_a7_': 1.7985785602032878, '_a0_': 1.0, '_a1_': 1.0, '_a2_': 1.0, '_a5_': 1.0, '_a6_': 1.0}};{'d0': 0.024057064815322254};-278.555921152844;55.668896260025306
4483;-83.6090643163968;(((pow2(((-(_a4_) + _a3_) + pow2(sin((_a3_ + x))))) / _a0_) * x) * (_a0_ * _a7_));{'d0': {'_a3_': 66.28570690253306, '_a4_': 65.38715706262326, '_a7_': 1.7985785602032878, '_a0_': 1.0, '_a1_': 1.0, '_a2_': 1.0, '_a5_': 1.0, '_a6_': 1.0}};{'d0': 0.024057064815322254};-278.555921152844;55.668896260025306
4484;-83.6090643163968;(((pow2(((-(_a4_) + _a3_) + pow2(sin((_a3_ + x))))) / _a0_) * x) * (_a0_ * _a7_));{'d0': {'_a3_': 66.28570690253306, '_a4_': 65.38715706262326, '_a7_': 1.7985785602032878, '_a0_': 1.0, '_a1_': 1.0, '_a2_': 1.0, '_a5_': 1.0, '_a6_': 1.0}};{'d0': 0.024057064815322254};-278.555921152844;55.668896260025306
4485;-83.6090643163968;(((pow2(((-(_a4_) + _a3_) + pow2(sin((_a3_ + x))))) / _a0_) * x) * (_a0_ * _a7_));{'d0': {'_a3_': 66.28570690253306, '_a4_': 65.38715706262326, '_a7_': 1.7985785602032878, '_a0_': 1.0, '_a1_': 1.0, '_a2_': 1.0, '_a5_': 1.0, '_a6_': 1.0}};{'d0': 0.024057064815322254};-278.555921152844;55.668896260025306
4486;-83.6090643163968;(((pow2(((-(_a4_) + _a3_) + pow2(sin((_a3_ + x))))) / _a0_) * x) * (_a0_ * _a7_));{'d0': {'_a3_': 66.28570690253306, '_a4_': 65.38715706262326, '_a7_': 1.7985785602032878, '_a0_': 1.0, '_a1_': 1.0, '_a2_': 1.0, '_a5_': 1.0, '_a6_': 1.0}};{'d0': 0.024057064815322254};-278.555921152844;55.668896260025306
4487;-83.6090643163968;(((pow2(((-(_a4_) + _a3_) + pow2(sin((_a3_ + x))))) / _a0_) * x) * (_a0_ * _a7_));{'d0': {'_a3_': 66.28570690253306, '_a4_': 65.38715706262326, '_a7_': 1.7985785602032878, '_a0_': 1.0, '_a1_': 1.0, '_a2_': 1.0, '_a5_': 1.0, '_a6_': 1.0}};{'d0': 0.024057064815322254};-278.555921152844;55.668896260025306
4488;-83.6090643163968;(((pow2(((-(_a4_) + _a3_) + pow2(sin((_a3_ + x))))) / _a0_) * x) * (_a0_ * _a7_));{'d0': {'_a3_': 66.28570690253306, '_a4_': 65.38715706262326, '_a7_': 1.7985785602032878, '_a0_': 1.0, '_a1_': 1.0, '_a2_': 1.0, '_a5_': 1.0, '_a6_': 1.0}};{'d0': 0.024057064815322254};-278.555921152844;55.668896260025306
4489;-83.6090643163968;(((pow2(((-(_a4_) + _a3_) + pow2(sin((_a3_ + x))))) / _a0_) * x) * (_a0_ * _a7_));{'d0': {'_a3_': 66.28570690253306, '_a4_': 65.38715706262326, '_a7_': 1.7985785602032878, '_a0_': 1.0, '_a1_': 1.0, '_a2_': 1.0, '_a5_': 1.0, '_a6_': 1.0}};{'d0': 0.024057064815322254};-278.555921152844;55.668896260025306
4490;-83.6090643163968;(((pow2(((-(_a4_) + _a3_) + pow2(sin((_a3_ + x))))) / _a0_) * x) * (_a0_ * _a7_));{'d0': {'_a3_': 66.28570690253306, '_a4_': 65.38715706262326, '_a7_': 1.7985785602032878, '_a0_': 1.0, '_a1_': 1.0, '_a2_': 1.0, '_a5_': 1.0, '_a6_': 1.0}};{'d0': 0.024057064815322254};-278.555921152844;55.668896260025306
4491;-83.6090643163968;(((pow2(((-(_a4_) + _a3_) + pow2(sin((_a3_ + x))))) / _a0_) * x) * (_a0_ * _a7_));{'d0': {'_a3_': 66.28570690253306, '_a4_': 65.38715706262326, '_a7_': 1.7985785602032878, '_a0_': 1.0, '_a1_': 1.0, '_a2_': 1.0, '_a5_': 1.0, '_a6_': 1.0}};{'d0': 0.024057064815322254};-278.555921152844;55.668896260025306
4492;-83.6090643163968;(((pow2(((-(_a4_) + _a3_) + pow2(sin((_a3_ + x))))) / _a0_) * x) * (_a0_ * _a7_));{'d0': {'_a3_': 66.28570690253306, '_a4_': 65.38715706262326, '_a7_': 1.7985785602032878, '_a0_': 1.0, '_a1_': 1.0, '_a2_': 1.0, '_a5_': 1.0, '_a6_': 1.0}};{'d0': 0.024057064815322254};-278.555921152844;55.668896260025306
4493;-83.6090643163968;(((pow2(((-(_a4_) + _a3_) + pow2(sin((_a3_ + x))))) / _a0_) * x) * (_a0_ * _a7_));{'d0': {'_a3_': 66.28570690253306, '_a4_': 65.38715706262326, '_a7_': 1.7985785602032878, '_a0_': 1.0, '_a1_': 1.0, '_a2_': 1.0, '_a5_': 1.0, '_a6_': 1.0}};{'d0': 0.024057064815322254};-278.555921152844;55.668896260025306
4494;-83.6090643163968;(((pow2(((-(_a4_) + _a3_) + pow2(sin((_a3_ + x))))) / _a0_) * x) * (_a0_ * _a7_));{'d0': {'_a3_': 66.28570690253306, '_a4_': 65.38715706262326, '_a7_': 1.7985785602032878, '_a0_': 1.0, '_a1_': 1.0, '_a2_': 1.0, '_a5_': 1.0, '_a6_': 1.0}};{'d0': 0.024057064815322254};-278.555921152844;55.668896260025306
4495;-83.6090643163968;(((pow2(((-(_a4_) + _a3_) + pow2(sin((_a3_ + x))))) / _a0_) * x) * (_a0_ * _a7_));{'d0': {'_a3_': 66.28570690253306, '_a4_': 65.38715706262326, '_a7_': 1.7985785602032878, '_a0_': 1.0, '_a1_': 1.0, '_a2_': 1.0, '_a5_': 1.0, '_a6_': 1.0}};{'d0': 0.024057064815322254};-278.555921152844;55.668896260025306
4496;-102.308962252591;(((((x * (x + _a2_)) / _a6_) * x) + x) * (_a1_ + _a2_));{'d0': {'_a1_': 1.151275988575615, '_a2_': 0.6238594154480148, '_a6_': 0.5256917702964726, '_a0_': 1.0, '_a3_': 1.0, '_a4_': 1.0, '_a5_': 1.0, '_a7_': 1.0}};{'d0': 0.02490583291941662};-280.569866449044;37.97597097193138
4497;-102.308962252591;(((((x * (x + _a2_)) / _a6_) * x) + x) * (_a1_ + _a2_));{'d0': {'_a1_': 1.151275988575615, '_a2_': 0.6238594154480148, '_a6_': 0.5256917702964726, '_a0_': 1.0, '_a3_': 1.0, '_a4_': 1.0, '_a5_': 1.0, '_a7_': 1.0}};{'d0': 0.02490583291941662};-280.569866449044;37.97597097193138
4498;-102.308962252591;(((((x * (x + _a2_)) / _a6_) * x) + x) * (_a1_ + _a2_));{'d0': {'_a1_': 1.151275988575615, '_a2_': 0.6238594154480148, '_a6_': 0.5256917702964726, '_a0_': 1.0, '_a3_': 1.0, '_a4_': 1.0, '_a5_': 1.0, '_a7_': 1.0}};{'d0': 0.02490583291941662};-280.569866449044;37.97597097193138
4499;-102.308962252591;(((((x * (x + _a2_)) / _a6_) * x) + x) * (_a1_ + _a2_));{'d0': {'_a1_': 1.151275988575615, '_a2_': 0.6238594154480148, '_a6_': 0.5256917702964726, '_a0_': 1.0, '_a3_': 1.0, '_a4_': 1.0, '_a5_': 1.0, '_a7_': 1.0}};{'d0': 0.02490583291941662};-280.569866449044;37.97597097193138
4500;-102.308962252591;(((((x * (x + _a2_)) / _a6_) * x) + x) * (_a1_ + _a2_));{'d0': {'_a1_': 1.151275988575615, '_a2_': 0.6238594154480148, '_a6_': 0.5256917702964726, '_a0_': 1.0, '_a3_': 1.0, '_a4_': 1.0, '_a5_': 1.0, '_a7_': 1.0}};{'d0': 0.02490583291941662};-280.569866449044;37.97597097193138
4501;-102.308962252591;(((((x * (x + _a2_)) / _a6_) * x) + x) * (_a1_ + _a2_));{'d0': {'_a1_': 1.151275988575615, '_a2_': 0.6238594154480148, '_a6_': 0.5256917702964726, '_a0_': 1.0, '_a3_': 1.0, '_a4_': 1.0, '_a5_': 1.0, '_a7_': 1.0}};{'d0': 0.02490583291941662};-280.569866449044;37.97597097193138
4502;-102.308962252591;(((((x * (x + _a2_)) / _a6_) * x) + x) * (_a1_ + _a2_));{'d0': {'_a1_': 1.151275988575615, '_a2_': 0.6238594154480148, '_a6_': 0.5256917702964726, '_a0_': 1.0, '_a3_': 1.0, '_a4_': 1.0, '_a5_': 1.0, '_a7_': 1.0}};{'d0': 0.02490583291941662};-280.569866449044;37.97597097193138
4503;-102.308962252591;(((((x * (x + _a2_)) / _a6_) * x) + x) * (_a1_ + _a2_));{'d0': {'_a1_': 1.151275988575615, '_a2_': 0.6238594154480148, '_a6_': 0.5256917702964726, '_a0_': 1.0, '_a3_': 1.0, '_a4_': 1.0, '_a5_': 1.0, '_a7_': 1.0}};{'d0': 0.02490583291941662};-280.569866449044;37.97597097193138
4504;-102.308962252591;(((((x * (x + _a2_)) / _a6_) * x) + x) * (_a1_ + _a2_));{'d0': {'_a1_': 1.151275988575615, '_a2_': 0.6238594154480148, '_a6_': 0.5256917702964726, '_a0_': 1.0, '_a3_': 1.0, '_a4_': 1.0, '_a5_': 1.0, '_a7_': 1.0}};{'d0': 0.02490583291941662};-280.569866449044;37.97597097193138
4505;-102.308962252591;(((((x * (x + _a2_)) / _a6_) * x) + x) * (_a1_ + _a2_));{'d0': {'_a1_': 1.151275988575615, '_a2_': 0.6238594154480148, '_a6_': 0.5256917702964726, '_a0_': 1.0, '_a3_': 1.0, '_a4_': 1.0, '_a5_': 1.0, '_a7_': 1.0}};{'d0': 0.02490583291941662};-280.569866449044;37.97597097193138
4506;-102.308962252591;(((((x * (x + _a2_)) / _a6_) * x) + x) * (_a1_ + _a2_));{'d0': {'_a1_': 1.151275988575615, '_a2_': 0.6238594154480148, '_a6_': 0.5256917702964726, '_a0_': 1.0, '_a3_': 1.0, '_a4_': 1.0, '_a5_': 1.0, '_a7_': 1.0}};{'d0': 0.02490583291941662};-280.569866449044;37.97597097193138
4507;-102.308962252591;(((((x * (x + _a2_)) / _a6_) * x) + x) * (_a1_ + _a2_));{'d0': {'_a1_': 1.151275988575615, '_a2_': 0.6238594154480148, '_a6_': 0.5256917702964726, '_a0_': 1.0, '_a3_': 1.0, '_a4_': 1.0, '_a5_': 1.0, '_a7_': 1.0}};{'d0': 0.02490583291941662};-280.569866449044;37.97597097193138
4508;-102.308962252591;(((((x * (x + _a2_)) / _a6_) * x) + x) * (_a1_ + _a2_));{'d0': {'_a1_': 1.151275988575615, '_a2_': 0.6238594154480148, '_a6_': 0.5256917702964726, '_a0_': 1.0, '_a3_': 1.0, '_a4_': 1.0, '_a5_': 1.0, '_a7_': 1.0}};{'d0': 0.02490583291941662};-280.569866449044;37.97597097193138
4509;-102.308962252591;(((((x * (x + _a2_)) / _a6_) * x) + x) * (_a1_ + _a2_));{'d0': {'_a1_': 1.151275988575615, '_a2_': 0.6238594154480148, '_a6_': 0.5256917702964726, '_a0_': 1.0, '_a3_': 1.0, '_a4_': 1.0, '_a5_': 1.0, '_a7_': 1.0}};{'d0': 0.02490583291941662};-280.569866449044;37.97597097193138
4510;-102.308962252591;(((((x * (x + _a2_)) / _a6_) * x) + x) * (_a1_ + _a2_));{'d0': {'_a1_': 1.151275988575615, '_a2_': 0.6238594154480148, '_a6_': 0.5256917702964726, '_a0_': 1.0, '_a3_': 1.0, '_a4_': 1.0, '_a5_': 1.0, '_a7_': 1.0}};{'d0': 0.02490583291941662};-280.569866449044;37.97597097193138
4511;-102.308962252591;(((((x * (x + _a2_)) / _a6_) * x) + x) * (_a1_ + _a2_));{'d0': {'_a1_': 1.151275988575615, '_a2_': 0.6238594154480148, '_a6_': 0.5256917702964726, '_a0_': 1.0, '_a3_': 1.0, '_a4_': 1.0, '_a5_': 1.0, '_a7_': 1.0}};{'d0': 0.02490583291941662};-280.569866449044;37.97597097193138
4512;-102.308962252591;(((((x * (x + _a2_)) / _a6_) * x) + x) * (_a1_ + _a2_));{'d0': {'_a1_': 1.151275988575615, '_a2_': 0.6238594154480148, '_a6_': 0.5256917702964726, '_a0_': 1.0, '_a3_': 1.0, '_a4_': 1.0, '_a5_': 1.0, '_a7_': 1.0}};{'d0': 0.02490583291941662};-280.569866449044;37.97597097193138
4513;-102.308962252591;(((((x * (x + _a2_)) / _a6_) * x) + x) * (_a1_ + _a2_));{'d0': {'_a1_': 1.151275988575615, '_a2_': 0.6238594154480148, '_a6_': 0.5256917702964726, '_a0_': 1.0, '_a3_': 1.0, '_a4_': 1.0, '_a5_': 1.0, '_a7_': 1.0}};{'d0': 0.02490583291941662};-280.569866449044;37.97597097193138
4514;-102.308962252591;(((((x * (x + _a2_)) / _a6_) * x) + x) * (_a1_ + _a2_));{'d0': {'_a1_': 1.151275988575615, '_a2_': 0.6238594154480148, '_a6_': 0.5256917702964726, '_a0_': 1.0, '_a3_': 1.0, '_a4_': 1.0, '_a5_': 1.0, '_a7_': 1.0}};{'d0': 0.02490583291941662};-280.569866449044;37.97597097193138
4515;-102.308962252591;(((((x * (x + _a2_)) / _a6_) * x) + x) * (_a1_ + _a2_));{'d0': {'_a1_': 1.151275988575615, '_a2_': 0.6238594154480148, '_a6_': 0.5256917702964726, '_a0_': 1.0, '_a3_': 1.0, '_a4_': 1.0, '_a5_': 1.0, '_a7_': 1.0}};{'d0': 0.02490583291941662};-280.569866449044;37.97597097193138
4516;-102.308962252591;(((((x * (x + _a2_)) / _a6_) * x) + x) * (_a1_ + _a2_));{'d0': {'_a1_': 1.151275988575615, '_a2_': 0.6238594154480148, '_a6_': 0.5256917702964726, '_a0_': 1.0, '_a3_': 1.0, '_a4_': 1.0, '_a5_': 1.0, '_a7_': 1.0}};{'d0': 0.02490583291941662};-280.569866449044;37.97597097193138
4517;-102.308962252591;(((((x * (x + _a2_)) / _a6_) * x) + x) * (_a1_ + _a2_));{'d0': {'_a1_': 1.151275988575615, '_a2_': 0.6238594154480148, '_a6_': 0.5256917702964726, '_a0_': 1.0, '_a3_': 1.0, '_a4_': 1.0, '_a5_': 1.0, '_a7_': 1.0}};{'d0': 0.02490583291941662};-280.569866449044;37.97597097193138
4518;-102.308962252591;(((((x * (x + _a2_)) / _a6_) * x) + x) * (_a1_ + _a2_));{'d0': {'_a1_': 1.151275988575615, '_a2_': 0.6238594154480148, '_a6_': 0.5256917702964726, '_a0_': 1.0, '_a3_': 1.0, '_a4_': 1.0, '_a5_': 1.0, '_a7_': 1.0}};{'d0': 0.02490583291941662};-280.569866449044;37.97597097193138
4519;-102.308962252591;(((((x * (x + _a2_)) / _a6_) * x) + x) * (_a1_ + _a2_));{'d0': {'_a1_': 1.151275988575615, '_a2_': 0.6238594154480148, '_a6_': 0.5256917702964726, '_a0_': 1.0, '_a3_': 1.0, '_a4_': 1.0, '_a5_': 1.0, '_a7_': 1.0}};{'d0': 0.02490583291941662};-280.569866449044;37.97597097193138
4520;-102.308962252591;(((((x * (x + _a2_)) / _a6_) * x) + x) * (_a1_ + _a2_));{'d0': {'_a1_': 1.151275988575615, '_a2_': 0.6238594154480148, '_a6_': 0.5256917702964726, '_a0_': 1.0, '_a3_': 1.0, '_a4_': 1.0, '_a5_': 1.0, '_a7_': 1.0}};{'d0': 0.02490583291941662};-280.569866449044;37.97597097193138
4521;-102.308962252591;(((((x * (x + _a2_)) / _a6_) * x) + x) * (_a1_ + _a2_));{'d0': {'_a1_': 1.151275988575615, '_a2_': 0.6238594154480148, '_a6_': 0.5256917702964726, '_a0_': 1.0, '_a3_': 1.0, '_a4_': 1.0, '_a5_': 1.0, '_a7_': 1.0}};{'d0': 0.02490583291941662};-280.569866449044;37.97597097193138
4522;-102.308962252591;(((((x * (x + _a2_)) / _a6_) * x) + x) * (_a1_ + _a2_));{'d0': {'_a1_': 1.151275988575615, '_a2_': 0.6238594154480148, '_a6_': 0.5256917702964726, '_a0_': 1.0, '_a3_': 1.0, '_a4_': 1.0, '_a5_': 1.0, '_a7_': 1.0}};{'d0': 0.02490583291941662};-280.569866449044;37.97597097193138
4523;-102.308962252590;(((((x * (x + _a2_)) / _a6_) * x) + x) * (_a1_ + _a1_));{'d0': {'_a1_': 0.8875677018081426, '_a2_': 0.6238594153725999, '_a6_': 0.5256917699991644, '_a0_': 1.0, '_a3_': 1.0, '_a4_': 1.0, '_a5_': 1.0, '_a7_': 1.0}};{'d0': 0.024905832919416643};-280.569866449044;37.97597097193138
4524;-102.308962252590;(((((x * (x + _a2_)) / _a6_) * x) + x) * (_a1_ + _a1_));{'d0': {'_a1_': 0.8875677018081426, '_a2_': 0.6238594153725999, '_a6_': 0.5256917699991644, '_a0_': 1.0, '_a3_': 1.0, '_a4_': 1.0, '_a5_': 1.0, '_a7_': 1.0}};{'d0': 0.024905832919416643};-280.569866449044;37.97597097193138
4525;-102.308962252590;(((((x * (x + _a2_)) / _a6_) * x) + x) * (_a1_ + _a1_));{'d0': {'_a1_': 0.8875677018081426, '_a2_': 0.6238594153725999, '_a6_': 0.5256917699991644, '_a0_': 1.0, '_a3_': 1.0, '_a4_': 1.0, '_a5_': 1.0, '_a7_': 1.0}};{'d0': 0.024905832919416643};-280.569866449044;37.97597097193138
4526;-102.308962252590;(((((x * (x + _a2_)) / _a6_) * x) + x) * (_a1_ + _a1_));{'d0': {'_a1_': 0.8875677018081426, '_a2_': 0.6238594153725999, '_a6_': 0.5256917699991644, '_a0_': 1.0, '_a3_': 1.0, '_a4_': 1.0, '_a5_': 1.0, '_a7_': 1.0}};{'d0': 0.024905832919416643};-280.569866449044;37.97597097193138
4527;-102.308962252590;(((((x * (x + _a2_)) / _a6_) * x) + x) * (_a1_ + _a1_));{'d0': {'_a1_': 0.8875677018081426, '_a2_': 0.6238594153725999, '_a6_': 0.5256917699991644, '_a0_': 1.0, '_a3_': 1.0, '_a4_': 1.0, '_a5_': 1.0, '_a7_': 1.0}};{'d0': 0.024905832919416643};-280.569866449044;37.97597097193138
4528;-102.308962252590;(((((x * (x + _a2_)) / _a6_) * x) + x) * (_a1_ + _a1_));{'d0': {'_a1_': 0.8875677018081426, '_a2_': 0.6238594153725999, '_a6_': 0.5256917699991644, '_a0_': 1.0, '_a3_': 1.0, '_a4_': 1.0, '_a5_': 1.0, '_a7_': 1.0}};{'d0': 0.024905832919416643};-280.569866449044;37.97597097193138
4529;-102.308962252590;(((((x * (x + _a2_)) / _a6_) * x) + x) * (_a1_ + _a1_));{'d0': {'_a1_': 0.8875677018081426, '_a2_': 0.6238594153725999, '_a6_': 0.5256917699991644, '_a0_': 1.0, '_a3_': 1.0, '_a4_': 1.0, '_a5_': 1.0, '_a7_': 1.0}};{'d0': 0.024905832919416643};-280.569866449044;37.97597097193138
4530;-102.308962252590;(((((x * (x + _a2_)) / _a6_) * x) + x) * (_a1_ + _a1_));{'d0': {'_a1_': 0.8875677018081426, '_a2_': 0.6238594153725999, '_a6_': 0.5256917699991644, '_a0_': 1.0, '_a3_': 1.0, '_a4_': 1.0, '_a5_': 1.0, '_a7_': 1.0}};{'d0': 0.024905832919416643};-280.569866449044;37.97597097193138
4531;-102.308962252590;(((((x * (x + _a2_)) / _a6_) * x) + x) * (_a1_ + _a1_));{'d0': {'_a1_': 0.8875677018081426, '_a2_': 0.6238594153725999, '_a6_': 0.5256917699991644, '_a0_': 1.0, '_a3_': 1.0, '_a4_': 1.0, '_a5_': 1.0, '_a7_': 1.0}};{'d0': 0.024905832919416643};-280.569866449044;37.97597097193138
4532;-102.308962252590;(((((x * (x + _a2_)) / _a6_) * x) + x) * (_a1_ + _a1_));{'d0': {'_a1_': 0.8875677018081426, '_a2_': 0.6238594153725999, '_a6_': 0.5256917699991644, '_a0_': 1.0, '_a3_': 1.0, '_a4_': 1.0, '_a5_': 1.0, '_a7_': 1.0}};{'d0': 0.024905832919416643};-280.569866449044;37.97597097193138
4533;-102.308962252590;(((((x * (x + _a2_)) / _a6_) * x) + x) * (_a1_ + _a1_));{'d0': {'_a1_': 0.8875677018081426, '_a2_': 0.6238594153725999, '_a6_': 0.5256917699991644, '_a0_': 1.0, '_a3_': 1.0, '_a4_': 1.0, '_a5_': 1.0, '_a7_': 1.0}};{'d0': 0.024905832919416643};-280.569866449044;37.97597097193138
4534;-102.308962252590;(((((x * (x + _a2_)) / _a6_) * x) + x) * (_a1_ + _a1_));{'d0': {'_a1_': 0.8875677018081426, '_a2_': 0.6238594153725999, '_a6_': 0.5256917699991644, '_a0_': 1.0, '_a3_': 1.0, '_a4_': 1.0, '_a5_': 1.0, '_a7_': 1.0}};{'d0': 0.024905832919416643};-280.569866449044;37.97597097193138
4535;-102.308962252590;(((((x * (x + _a2_)) / _a6_) * x) + x) * (_a1_ + _a1_));{'d0': {'_a1_': 0.8875677018081426, '_a2_': 0.6238594153725999, '_a6_': 0.5256917699991644, '_a0_': 1.0, '_a3_': 1.0, '_a4_': 1.0, '_a5_': 1.0, '_a7_': 1.0}};{'d0': 0.024905832919416643};-280.569866449044;37.97597097193138
4536;-102.308962252590;(((((x * (x + _a2_)) / _a6_) * x) + x) * (_a1_ + _a1_));{'d0': {'_a1_': 0.8875677018081426, '_a2_': 0.6238594153725999, '_a6_': 0.5256917699991644, '_a0_': 1.0, '_a3_': 1.0, '_a4_': 1.0, '_a5_': 1.0, '_a7_': 1.0}};{'d0': 0.024905832919416643};-280.569866449044;37.97597097193138
4537;-102.308962252590;(((((x * (x + _a2_)) / _a6_) * x) + x) * (_a1_ + _a1_));{'d0': {'_a1_': 0.8875677018081426, '_a2_': 0.6238594153725999, '_a6_': 0.5256917699991644, '_a0_': 1.0, '_a3_': 1.0, '_a4_': 1.0, '_a5_': 1.0, '_a7_': 1.0}};{'d0': 0.024905832919416643};-280.569866449044;37.97597097193138
4538;-102.308962252590;(((((x * (x + _a2_)) / _a6_) * x) + x) * (_a1_ + _a1_));{'d0': {'_a1_': 0.8875677018081426, '_a2_': 0.6238594153725999, '_a6_': 0.5256917699991644, '_a0_': 1.0, '_a3_': 1.0, '_a4_': 1.0, '_a5_': 1.0, '_a7_': 1.0}};{'d0': 0.024905832919416643};-280.569866449044;37.97597097193138
4539;-102.308962252590;(((((x * (x + _a2_)) / _a6_) * x) + x) * (_a1_ + _a1_));{'d0': {'_a1_': 0.8875677018081426, '_a2_': 0.6238594153725999, '_a6_': 0.5256917699991644, '_a0_': 1.0, '_a3_': 1.0, '_a4_': 1.0, '_a5_': 1.0, '_a7_': 1.0}};{'d0': 0.024905832919416643};-280.569866449044;37.97597097193138
4540;-102.308962252590;(((((x * (x + _a2_)) / _a6_) * x) + x) * (_a1_ + _a1_));{'d0': {'_a1_': 0.8875677018081426, '_a2_': 0.6238594153725999, '_a6_': 0.5256917699991644, '_a0_': 1.0, '_a3_': 1.0, '_a4_': 1.0, '_a5_': 1.0, '_a7_': 1.0}};{'d0': 0.024905832919416643};-280.569866449044;37.97597097193138
4541;-102.308962252590;(((((x * (x + _a2_)) / _a6_) * x) + x) * (_a1_ + _a1_));{'d0': {'_a1_': 0.8875677018081426, '_a2_': 0.6238594153725999, '_a6_': 0.5256917699991644, '_a0_': 1.0, '_a3_': 1.0, '_a4_': 1.0, '_a5_': 1.0, '_a7_': 1.0}};{'d0': 0.024905832919416643};-280.569866449044;37.97597097193138
4542;-102.308962252590;(((((x * (x + _a2_)) / _a6_) * x) + x) * (_a1_ + _a1_));{'d0': {'_a1_': 0.8875677018081426, '_a2_': 0.6238594153725999, '_a6_': 0.5256917699991644, '_a0_': 1.0, '_a3_': 1.0, '_a4_': 1.0, '_a5_': 1.0, '_a7_': 1.0}};{'d0': 0.024905832919416643};-280.569866449044;37.97597097193138
4543;-102.308962252590;(((((x * (x + _a2_)) / _a6_) * x) + x) * (_a1_ + _a1_));{'d0': {'_a1_': 0.8875677018081426, '_a2_': 0.6238594153725999, '_a6_': 0.5256917699991644, '_a0_': 1.0, '_a3_': 1.0, '_a4_': 1.0, '_a5_': 1.0, '_a7_': 1.0}};{'d0': 0.024905832919416643};-280.569866449044;37.97597097193138
4544;-102.308962252590;(((((x * (x + _a2_)) / _a6_) * x) + x) * (_a1_ + _a1_));{'d0': {'_a1_': 0.8875677018081426, '_a2_': 0.6238594153725999, '_a6_': 0.5256917699991644, '_a0_': 1.0, '_a3_': 1.0, '_a4_': 1.0, '_a5_': 1.0, '_a7_': 1.0}};{'d0': 0.024905832919416643};-280.569866449044;37.97597097193138
4545;-102.308962252590;(((((x * (x + _a2_)) / _a6_) * x) + x) * (_a1_ + _a1_));{'d0': {'_a1_': 0.8875677018081426, '_a2_': 0.6238594153725999, '_a6_': 0.5256917699991644, '_a0_': 1.0, '_a3_': 1.0, '_a4_': 1.0, '_a5_': 1.0, '_a7_': 1.0}};{'d0': 0.024905832919416643};-280.569866449044;37.97597097193138
4546;-102.308962252590;(((((x * (x + _a2_)) / _a6_) * x) + x) * (_a1_ + _a1_));{'d0': {'_a1_': 0.8875677018081426, '_a2_': 0.6238594153725999, '_a6_': 0.5256917699991644, '_a0_': 1.0, '_a3_': 1.0, '_a4_': 1.0, '_a5_': 1.0, '_a7_': 1.0}};{'d0': 0.024905832919416643};-280.569866449044;37.97597097193138
4547;-102.308962252590;(((((x * (x + _a2_)) / _a6_) * x) + x) * (_a1_ + _a1_));{'d0': {'_a1_': 0.8875677018081426, '_a2_': 0.6238594153725999, '_a6_': 0.5256917699991644, '_a0_': 1.0, '_a3_': 1.0, '_a4_': 1.0, '_a5_': 1.0, '_a7_': 1.0}};{'d0': 0.024905832919416643};-280.569866449044;37.97597097193138
4548;-102.308962252590;(((((x * (x + _a2_)) / _a6_) * x) + x) * (_a1_ + _a1_));{'d0': {'_a1_': 0.8875677018081426, '_a2_': 0.6238594153725999, '_a6_': 0.5256917699991644, '_a0_': 1.0, '_a3_': 1.0, '_a4_': 1.0, '_a5_': 1.0, '_a7_': 1.0}};{'d0': 0.024905832919416643};-280.569866449044;37.97597097193138
4549;-102.308962252590;(((((x * (x + _a2_)) / _a6_) * x) + x) * (_a1_ + _a1_));{'d0': {'_a1_': 0.8875677018081426, '_a2_': 0.6238594153725999, '_a6_': 0.5256917699991644, '_a0_': 1.0, '_a3_': 1.0, '_a4_': 1.0, '_a5_': 1.0, '_a7_': 1.0}};{'d0': 0.024905832919416643};-280.569866449044;37.97597097193138
4550;-102.308962252590;(((((x * (x + _a2_)) / _a6_) * x) + x) * (_a1_ + _a1_));{'d0': {'_a1_': 0.8875677018081426, '_a2_': 0.6238594153725999, '_a6_': 0.5256917699991644, '_a0_': 1.0, '_a3_': 1.0, '_a4_': 1.0, '_a5_': 1.0, '_a7_': 1.0}};{'d0': 0.024905832919416643};-280.569866449044;37.97597097193138
4551;-102.308962252590;(((((x * (x + _a2_)) / _a6_) * x) + x) * (_a1_ + _a1_));{'d0': {'_a1_': 0.8875677018081426, '_a2_': 0.6238594153725999, '_a6_': 0.5256917699991644, '_a0_': 1.0, '_a3_': 1.0, '_a4_': 1.0, '_a5_': 1.0, '_a7_': 1.0}};{'d0': 0.024905832919416643};-280.569866449044;37.97597097193138
4552;-102.308962252590;(((((x * (x + _a2_)) / _a6_) * x) + x) * (_a1_ + _a1_));{'d0': {'_a1_': 0.8875677018081426, '_a2_': 0.6238594153725999, '_a6_': 0.5256917699991644, '_a0_': 1.0, '_a3_': 1.0, '_a4_': 1.0, '_a5_': 1.0, '_a7_': 1.0}};{'d0': 0.024905832919416643};-280.569866449044;37.97597097193138
4553;-102.416966796466;((x * (_a6_ + (((x + _a1_) * x) * (_a5_ ** _a1_)))) * _a5_);{'d0': {'_a1_': 0.6238594153697932, '_a5_': 2.115725877475985, '_a6_': 0.8390195642143807, '_a0_': 1.0, '_a2_': 1.0, '_a3_': 1.0, '_a4_': 1.0, '_a7_': 1.0}};{'d0': 0.024905832919416622};-280.569866449044;37.86796642805593
4554;-102.416966796466;((x * (_a6_ + (((x + _a1_) * x) * (_a5_ ** _a1_)))) * _a5_);{'d0': {'_a1_': 0.6238594153697932, '_a5_': 2.115725877475985, '_a6_': 0.8390195642143807, '_a0_': 1.0, '_a2_': 1.0, '_a3_': 1.0, '_a4_': 1.0, '_a7_': 1.0}};{'d0': 0.024905832919416622};-280.569866449044;37.86796642805593
4555;-102.416966796466;((x * (_a6_ + (((x + _a1_) * x) * (_a5_ ** _a1_)))) * _a5_);{'d0': {'_a1_': 0.6238594153697932, '_a5_': 2.115725877475985, '_a6_': 0.8390195642143807, '_a0_': 1.0, '_a2_': 1.0, '_a3_': 1.0, '_a4_': 1.0, '_a7_': 1.0}};{'d0': 0.024905832919416622};-280.569866449044;37.86796642805593
4556;-102.416966796466;((x * (_a6_ + (((x + _a1_) * x) * (_a5_ ** _a1_)))) * _a5_);{'d0': {'_a1_': 0.6238594153697932, '_a5_': 2.115725877475985, '_a6_': 0.8390195642143807, '_a0_': 1.0, '_a2_': 1.0, '_a3_': 1.0, '_a4_': 1.0, '_a7_': 1.0}};{'d0': 0.024905832919416622};-280.569866449044;37.86796642805593
4557;-102.416966796466;((x * (_a6_ + (((x + _a1_) * x) * (_a5_ ** _a1_)))) * _a5_);{'d0': {'_a1_': 0.6238594153697932, '_a5_': 2.115725877475985, '_a6_': 0.8390195642143807, '_a0_': 1.0, '_a2_': 1.0, '_a3_': 1.0, '_a4_': 1.0, '_a7_': 1.0}};{'d0': 0.024905832919416622};-280.569866449044;37.86796642805593
4558;-102.416966796466;((x * (_a6_ + (((x + _a1_) * x) * (_a5_ ** _a1_)))) * _a5_);{'d0': {'_a1_': 0.6238594153697932, '_a5_': 2.115725877475985, '_a6_': 0.8390195642143807, '_a0_': 1.0, '_a2_': 1.0, '_a3_': 1.0, '_a4_': 1.0, '_a7_': 1.0}};{'d0': 0.024905832919416622};-280.569866449044;37.86796642805593
4559;-102.416966796466;((x * (_a6_ + (((x + _a1_) * x) * (_a5_ ** _a1_)))) * _a5_);{'d0': {'_a1_': 0.6238594153697932, '_a5_': 2.115725877475985, '_a6_': 0.8390195642143807, '_a0_': 1.0, '_a2_': 1.0, '_a3_': 1.0, '_a4_': 1.0, '_a7_': 1.0}};{'d0': 0.024905832919416622};-280.569866449044;37.86796642805593
4560;-102.416966796466;((x * (_a6_ + (((x + _a1_) * x) * (_a5_ ** _a1_)))) * _a5_);{'d0': {'_a1_': 0.6238594153697932, '_a5_': 2.115725877475985, '_a6_': 0.8390195642143807, '_a0_': 1.0, '_a2_': 1.0, '_a3_': 1.0, '_a4_': 1.0, '_a7_': 1.0}};{'d0': 0.024905832919416622};-280.569866449044;37.86796642805593
4561;-102.416966796466;((x * (_a6_ + (((x + _a1_) * x) * (_a5_ ** _a1_)))) * _a5_);{'d0': {'_a1_': 0.6238594153697932, '_a5_': 2.115725877475985, '_a6_': 0.8390195642143807, '_a0_': 1.0, '_a2_': 1.0, '_a3_': 1.0, '_a4_': 1.0, '_a7_': 1.0}};{'d0': 0.024905832919416622};-280.569866449044;37.86796642805593
4562;-102.416966796466;((x * (_a4_ + (((x + _a1_) * x) * (_a5_ ** _a1_)))) * _a5_);{'d0': {'_a1_': 0.6238594157770156, '_a4_': 0.8390195651229161, '_a5_': 2.115725876613385, '_a0_': 1.0, '_a2_': 1.0, '_a3_': 1.0, '_a6_': 1.0, '_a7_': 1.0}};{'d0': 0.02490583291941665};-280.569866449044;37.86796642805593
4563;-102.416966796466;((x * (_a4_ + (((x + _a1_) * x) * (_a5_ ** _a1_)))) * _a5_);{'d0': {'_a1_': 0.6238594157770156, '_a4_': 0.8390195651229161, '_a5_': 2.115725876613385, '_a0_': 1.0, '_a2_': 1.0, '_a3_': 1.0, '_a6_': 1.0, '_a7_': 1.0}};{'d0': 0.02490583291941665};-280.569866449044;37.86796642805593
4564;-102.416966796466;((x * (_a4_ + (((x + _a1_) * x) * (_a5_ ** _a1_)))) * _a5_);{'d0': {'_a1_': 0.6238594157770156, '_a4_': 0.8390195651229161, '_a5_': 2.115725876613385, '_a0_': 1.0, '_a2_': 1.0, '_a3_': 1.0, '_a6_': 1.0, '_a7_': 1.0}};{'d0': 0.02490583291941665};-280.569866449044;37.86796642805593
4565;-102.416966796466;((x * (_a4_ + (((x + _a1_) * x) * (_a5_ ** _a1_)))) * _a5_);{'d0': {'_a1_': 0.6238594157770156, '_a4_': 0.8390195651229161, '_a5_': 2.115725876613385, '_a0_': 1.0, '_a2_': 1.0, '_a3_': 1.0, '_a6_': 1.0, '_a7_': 1.0}};{'d0': 0.02490583291941665};-280.569866449044;37.86796642805593
4566;-102.416966796466;((x * (_a4_ + (((x + _a1_) * x) * (_a5_ ** _a1_)))) * _a5_);{'d0': {'_a1_': 0.6238594157770156, '_a4_': 0.8390195651229161, '_a5_': 2.115725876613385, '_a0_': 1.0, '_a2_': 1.0, '_a3_': 1.0, '_a6_': 1.0, '_a7_': 1.0}};{'d0': 0.02490583291941665};-280.569866449044;37.86796642805593
4567;-97.8262819060925;(x * (_a1_ + pow2(((_a7_ * x) + ((_a0_ / pow2(_a4_)) / _a7_)))));{'d0': {'_a0_': 93132461.89824168, '_a1_': 1.4465760887704733, '_a4_': 9403.121304753877, '_a7_': -1.8375964953671529, '_a2_': 1.0, '_a3_': 1.0, '_a5_': 1.0, '_a6_': 1.0}};{'d0': 0.024905832919569923};-276.475521886452;40.411479037133525
4568;-97.8262819060925;(x * (_a1_ + pow2(((_a7_ * x) + ((_a0_ / pow2(_a4_)) / _a7_)))));{'d0': {'_a0_': 93132461.89824168, '_a1_': 1.4465760887704733, '_a4_': 9403.121304753877, '_a7_': -1.8375964953671529, '_a2_': 1.0, '_a3_': 1.0, '_a5_': 1.0, '_a6_': 1.0}};{'d0': 0.024905832919569923};-276.475521886452;40.411479037133525
4569;-97.8262819060925;(x * (_a1_ + pow2(((_a7_ * x) + ((_a0_ / pow2(_a4_)) / _a7_)))));{'d0': {'_a0_': 93132461.89824168, '_a1_': 1.4465760887704733, '_a4_': 9403.121304753877, '_a7_': -1.8375964953671529, '_a2_': 1.0, '_a3_': 1.0, '_a5_': 1.0, '_a6_': 1.0}};{'d0': 0.024905832919569923};-276.475521886452;40.411479037133525
4570;-97.8262819060925;(x * (_a1_ + pow2(((_a7_ * x) + ((_a0_ / pow2(_a4_)) / _a7_)))));{'d0': {'_a0_': 93132461.89824168, '_a1_': 1.4465760887704733, '_a4_': 9403.121304753877, '_a7_': -1.8375964953671529, '_a2_': 1.0, '_a3_': 1.0, '_a5_': 1.0, '_a6_': 1.0}};{'d0': 0.024905832919569923};-276.475521886452;40.411479037133525
4571;-97.8262819060925;(x * (_a1_ + pow2(((_a7_ * x) + ((_a0_ / pow2(_a4_)) / _a7_)))));{'d0': {'_a0_': 93132461.89824168, '_a1_': 1.4465760887704733, '_a4_': 9403.121304753877, '_a7_': -1.8375964953671529, '_a2_': 1.0, '_a3_': 1.0, '_a5_': 1.0, '_a6_': 1.0}};{'d0': 0.024905832919569923};-276.475521886452;40.411479037133525
4572;-97.8262819060925;(x * (_a1_ + pow2(((_a7_ * x) + ((_a0_ / pow2(_a4_)) / _a7_)))));{'d0': {'_a0_': 93132461.89824168, '_a1_': 1.4465760887704733, '_a4_': 9403.121304753877, '_a7_': -1.8375964953671529, '_a2_': 1.0, '_a3_': 1.0, '_a5_': 1.0, '_a6_': 1.0}};{'d0': 0.024905832919569923};-276.475521886452;40.411479037133525
4573;-97.8262819060925;(x * (_a1_ + pow2(((_a7_ * x) + ((_a0_ / pow2(_a4_)) / _a7_)))));{'d0': {'_a0_': 93132461.89824168, '_a1_': 1.4465760887704733, '_a4_': 9403.121304753877, '_a7_': -1.8375964953671529, '_a2_': 1.0, '_a3_': 1.0, '_a5_': 1.0, '_a6_': 1.0}};{'d0': 0.024905832919569923};-276.475521886452;40.411479037133525
4574;-104.058817930787;((x * (_a4_ + (((x + _a1_) * x) * (_a5_ * _a1_)))) * _a5_);{'d0': {'_a1_': 0.6238594156080559, '_a4_': 0.7630002832957538, '_a5_': 2.3265199808838295, '_a0_': 1.0, '_a2_': 1.0, '_a3_': 1.0, '_a6_': 1.0, '_a7_': 1.0}};{'d0': 0.024905832919416636};-280.569866449044;36.22611529373493
4575;-104.058817930787;((x * (_a4_ + (((x + _a1_) * x) * (_a5_ * _a1_)))) * _a5_);{'d0': {'_a1_': 0.6238594156080559, '_a4_': 0.7630002832957538, '_a5_': 2.3265199808838295, '_a0_': 1.0, '_a2_': 1.0, '_a3_': 1.0, '_a6_': 1.0, '_a7_': 1.0}};{'d0': 0.024905832919416636};-280.569866449044;36.22611529373493
4576;-98.1382168817568;((x * (_a4_ + (((x + (_a4_ + _a1_)) * x) * (_a5_ * _a1_)))) * _a5_);{'d0': {'_a1_': 0.19609031804008878, '_a4_': 0.4277690974659931, '_a5_': 4.149751383623909, '_a0_': 1.0, '_a2_': 1.0, '_a3_': 1.0, '_a6_': 1.0, '_a7_': 1.0}};{'d0': 0.024905832919416625};-280.569866449044;42.146716342764925
4577;-97.2393130445058;((x * (_a4_ + (((x + (_a4_ + _a1_)) * x) * (_a5_ + _a1_)))) * _a5_);{'d0': {'_a1_': -0.27304380256423283, '_a4_': 0.8969032181430737, '_a5_': 1.9791827790123964, '_a0_': 1.0, '_a2_': 1.0, '_a3_': 1.0, '_a6_': 1.0, '_a7_': 1.0}};{'d0': 0.024905832919416646};-280.569866449044;43.04562018001592
4578;-96.5670320311258;((x * (_a4_ + (((x + pow3(_a1_)) * x) * (_a5_ + _a1_)))) * _a5_);{'d0': {'_a1_': 0.854467557501291, '_a4_': 1.2163675586046347, '_a5_': 1.459374177019798, '_a0_': 1.0, '_a2_': 1.0, '_a3_': 1.0, '_a6_': 1.0, '_a7_': 1.0}};{'d0': 0.0249058329194166};-280.569866449044;43.717901193395925
4579;-96.5670320311258;((x * (_a4_ + (((x + pow3(_a1_)) * x) * (_a5_ + _a1_)))) * _a5_);{'d0': {'_a1_': 0.854467557501291, '_a4_': 1.2163675586046347, '_a5_': 1.459374177019798, '_a0_': 1.0, '_a2_': 1.0, '_a3_': 1.0, '_a6_': 1.0, '_a7_': 1.0}};{'d0': 0.0249058329194166};-280.569866449044;43.717901193395925
4580;-96.5670320311258;((x * (_a4_ + (((x + pow3(_a1_)) * x) * (_a5_ + _a1_)))) * _a5_);{'d0': {'_a1_': 0.854467557501291, '_a4_': 1.2163675586046347, '_a5_': 1.459374177019798, '_a0_': 1.0, '_a2_': 1.0, '_a3_': 1.0, '_a6_': 1.0, '_a7_': 1.0}};{'d0': 0.0249058329194166};-280.569866449044;43.717901193395925
4581;-96.5670320311258;((x * (_a4_ + (((x + pow3(_a1_)) * x) * (_a5_ + _a1_)))) * _a5_);{'d0': {'_a1_': 0.854467557501291, '_a4_': 1.2163675586046347, '_a5_': 1.459374177019798, '_a0_': 1.0, '_a2_': 1.0, '_a3_': 1.0, '_a6_': 1.0, '_a7_': 1.0}};{'d0': 0.0249058329194166};-280.569866449044;43.717901193395925
4582;-96.5670320311258;((x * (_a4_ + (((x + pow3(_a1_)) * x) * (_a5_ + _a1_)))) * _a5_);{'d0': {'_a1_': 0.854467557501291, '_a4_': 1.2163675586046347, '_a5_': 1.459374177019798, '_a0_': 1.0, '_a2_': 1.0, '_a3_': 1.0, '_a6_': 1.0, '_a7_': 1.0}};{'d0': 0.0249058329194166};-280.569866449044;43.717901193395925
4583;-96.5670320311258;((x * (_a4_ + (((x + pow3(_a1_)) * x) * (_a5_ + _a1_)))) * _a5_);{'d0': {'_a1_': 0.854467557501291, '_a4_': 1.2163675586046347, '_a5_': 1.459374177019798, '_a0_': 1.0, '_a2_': 1.0, '_a3_': 1.0, '_a6_': 1.0, '_a7_': 1.0}};{'d0': 0.0249058329194166};-280.569866449044;43.717901193395925
4584;-96.5670320311258;((x * (_a4_ + (((x + pow3(_a1_)) * x) * (_a5_ + _a1_)))) * _a5_);{'d0': {'_a1_': 0.854467557501291, '_a4_': 1.2163675586046347, '_a5_': 1.459374177019798, '_a0_': 1.0, '_a2_': 1.0, '_a3_': 1.0, '_a6_': 1.0, '_a7_': 1.0}};{'d0': 0.0249058329194166};-280.569866449044;43.717901193395925
4585;-96.5670320311258;((x * (_a4_ + (((x + pow3(_a1_)) * x) * (_a5_ + _a1_)))) * _a5_);{'d0': {'_a1_': 0.854467557501291, '_a4_': 1.2163675586046347, '_a5_': 1.459374177019798, '_a0_': 1.0, '_a2_': 1.0, '_a3_': 1.0, '_a6_': 1.0, '_a7_': 1.0}};{'d0': 0.0249058329194166};-280.569866449044;43.717901193395925
4586;-95.5957709075528;((x * (_a4_ + (((x + pow3(_a1_)) * x) + (_a5_ + _a1_)))) * _a5_);{'d0': {'_a1_': 0.8544675575484811, '_a4_': -3.7055366652804853, '_a5_': 3.3767608781536285, '_a0_': 1.0, '_a2_': 1.0, '_a3_': 1.0, '_a6_': 1.0, '_a7_': 1.0}};{'d0': 0.024905832919416594};-280.569866449044;44.689162316968925
4587;-95.5957709075528;((x * (_a4_ + (((x + pow3(_a1_)) * x) + (_a5_ + _a1_)))) * _a5_);{'d0': {'_a1_': 0.8544675575484811, '_a4_': -3.7055366652804853, '_a5_': 3.3767608781536285, '_a0_': 1.0, '_a2_': 1.0, '_a3_': 1.0, '_a6_': 1.0, '_a7_': 1.0}};{'d0': 0.024905832919416594};-280.569866449044;44.689162316968925
4588;-93.5485986262924;((x * (_a4_ + (((x + pow3(_a1_)) * x) + (_a2_ + _a1_)))) * _a5_);{'d0': {'_a1_': 0.854467557385361, '_a2_': -896.6672959178368, '_a4_': 896.3385201566922, '_a5_': 3.3767608814416135, '_a0_': 1.0, '_a3_': 1.0, '_a6_': 1.0, '_a7_': 1.0}};{'d0': 0.024905832919540585};-276.475521886523;44.689162316968925
4589;-93.6689078113934;((x * (_a4_ + (((x + pow3(_a1_)) * x) + (_a2_ / _a1_)))) * _a5_);{'d0': {'_a1_': 0.854468203866123, '_a2_': -333679.70203271863, '_a4_': 390512.07489093504, '_a5_': 3.3767610164113324, '_a0_': 1.0, '_a3_': 1.0, '_a6_': 1.0, '_a7_': 1.0}};{'d0': 0.024905833000506684};-276.475521691470;44.56885303434132
4590;-93.6689078113934;((x * (_a4_ + (((x + pow3(_a1_)) * x) + (_a2_ / _a1_)))) * _a5_);{'d0': {'_a1_': 0.854468203866123, '_a2_': -333679.70203271863, '_a4_': 390512.07489093504, '_a5_': 3.3767610164113324, '_a0_': 1.0, '_a3_': 1.0, '_a6_': 1.0, '_a7_': 1.0}};{'d0': 0.024905833000506684};-276.475521691470;44.56885303434132
4591;-93.6689078113934;((x * (_a4_ + (((x + pow3(_a1_)) * x) + (_a2_ / _a1_)))) * _a5_);{'d0': {'_a1_': 0.854468203866123, '_a2_': -333679.70203271863, '_a4_': 390512.07489093504, '_a5_': 3.3767610164113324, '_a0_': 1.0, '_a3_': 1.0, '_a6_': 1.0, '_a7_': 1.0}};{'d0': 0.024905833000506684};-276.475521691470;44.56885303434132
4592;-98.2146173894202;((x * (_a4_ + (((x + _a7_) * x) + (_a2_ / _a1_)))) * _a5_);{'d0': {'_a1_': 0.8545976001724073, '_a2_': -333676.5958373155, '_a4_': 390449.312078076, '_a5_': 3.3767607054779143, '_a7_': 0.6238563961469362, '_a0_': 1.0, '_a3_': 1.0, '_a6_': 1.0}};{'d0': 0.024905833169262103};-272.381176722703;37.975970971931325
4593;-98.2146173894202;((x * (_a4_ + (((x + _a7_) * x) + (_a2_ / _a1_)))) * _a5_);{'d0': {'_a1_': 0.8545976001724073, '_a2_': -333676.5958373155, '_a4_': 390449.312078076, '_a5_': 3.3767607054779143, '_a7_': 0.6238563961469362, '_a0_': 1.0, '_a3_': 1.0, '_a6_': 1.0}};{'d0': 0.024905833169262103};-272.381176722703;37.975970971931325
4594;-98.2146173894202;((x * (_a4_ + (((x + _a7_) * x) + (_a2_ / _a1_)))) * _a5_);{'d0': {'_a1_': 0.8545976001724073, '_a2_': -333676.5958373155, '_a4_': 390449.312078076, '_a5_': 3.3767607054779143, '_a7_': 0.6238563961469362, '_a0_': 1.0, '_a3_': 1.0, '_a6_': 1.0}};{'d0': 0.024905833169262103};-272.381176722703;37.975970971931325
4595;-98.2146173894202;((x * (_a4_ + (((x + _a7_) * x) + (_a2_ / _a1_)))) * _a5_);{'d0': {'_a1_': 0.8545976001724073, '_a2_': -333676.5958373155, '_a4_': 390449.312078076, '_a5_': 3.3767607054779143, '_a7_': 0.6238563961469362, '_a0_': 1.0, '_a3_': 1.0, '_a6_': 1.0}};{'d0': 0.024905833169262103};-272.381176722703;37.975970971931325
4596;-98.2146173894202;((x * (_a4_ + (((x + _a7_) * x) + (_a2_ / _a1_)))) * _a5_);{'d0': {'_a1_': 0.8545976001724073, '_a2_': -333676.5958373155, '_a4_': 390449.312078076, '_a5_': 3.3767607054779143, '_a7_': 0.6238563961469362, '_a0_': 1.0, '_a3_': 1.0, '_a6_': 1.0}};{'d0': 0.024905833169262103};-272.381176722703;37.975970971931325
4597;-98.2146173894202;((x * (_a4_ + (((x + _a7_) * x) + (_a2_ / _a1_)))) * _a5_);{'d0': {'_a1_': 0.8545976001724073, '_a2_': -333676.5958373155, '_a4_': 390449.312078076, '_a5_': 3.3767607054779143, '_a7_': 0.6238563961469362, '_a0_': 1.0, '_a3_': 1.0, '_a6_': 1.0}};{'d0': 0.024905833169262103};-272.381176722703;37.975970971931325
4598;-98.2146173894202;((x * (_a4_ + (((x + _a7_) * x) + (_a2_ / _a1_)))) * _a5_);{'d0': {'_a1_': 0.8545976001724073, '_a2_': -333676.5958373155, '_a4_': 390449.312078076, '_a5_': 3.3767607054779143, '_a7_': 0.6238563961469362, '_a0_': 1.0, '_a3_': 1.0, '_a6_': 1.0}};{'d0': 0.024905833169262103};-272.381176722703;37.975970971931325
4599;-98.2146173894202;((x * (_a4_ + (((x + _a7_) * x) + (_a2_ / _a1_)))) * _a5_);{'d0': {'_a1_': 0.8545976001724073, '_a2_': -333676.5958373155, '_a4_': 390449.312078076, '_a5_': 3.3767607054779143, '_a7_': 0.6238563961469362, '_a0_': 1.0, '_a3_': 1.0, '_a6_': 1.0}};{'d0': 0.024905833169262103};-272.381176722703;37.975970971931325
4600;-98.2146173894202;((x * (_a4_ + (((x + _a7_) * x) + (_a2_ / _a1_)))) * _a5_);{'d0': {'_a1_': 0.8545976001724073, '_a2_': -333676.5958373155, '_a4_': 390449.312078076, '_a5_': 3.3767607054779143, '_a7_': 0.6238563961469362, '_a0_': 1.0, '_a3_': 1.0, '_a6_': 1.0}};{'d0': 0.024905833169262103};-272.381176722703;37.975970971931325
4601;-98.2146173894202;((x * (_a4_ + (((x + _a7_) * x) + (_a2_ / _a1_)))) * _a5_);{'d0': {'_a1_': 0.8545976001724073, '_a2_': -333676.5958373155, '_a4_': 390449.312078076, '_a5_': 3.3767607054779143, '_a7_': 0.6238563961469362, '_a0_': 1.0, '_a3_': 1.0, '_a6_': 1.0}};{'d0': 0.024905833169262103};-272.381176722703;37.975970971931325
4602;-98.2146173894202;((x * (_a4_ + (((x + _a7_) * x) + (_a2_ / _a1_)))) * _a5_);{'d0': {'_a1_': 0.8545976001724073, '_a2_': -333676.5958373155, '_a4_': 390449.312078076, '_a5_': 3.3767607054779143, '_a7_': 0.6238563961469362, '_a0_': 1.0, '_a3_': 1.0, '_a6_': 1.0}};{'d0': 0.024905833169262103};-272.381176722703;37.975970971931325
4603;-98.2146173894202;((x * (_a4_ + (((x + _a7_) * x) + (_a2_ / _a1_)))) * _a5_);{'d0': {'_a1_': 0.8545976001724073, '_a2_': -333676.5958373155, '_a4_': 390449.312078076, '_a5_': 3.3767607054779143, '_a7_': 0.6238563961469362, '_a0_': 1.0, '_a3_': 1.0, '_a6_': 1.0}};{'d0': 0.024905833169262103};-272.381176722703;37.975970971931325
4604;-98.2146173894202;((x * (_a4_ + (((x + _a7_) * x) + (_a2_ / _a1_)))) * _a5_);{'d0': {'_a1_': 0.8545976001724073, '_a2_': -333676.5958373155, '_a4_': 390449.312078076, '_a5_': 3.3767607054779143, '_a7_': 0.6238563961469362, '_a0_': 1.0, '_a3_': 1.0, '_a6_': 1.0}};{'d0': 0.024905833169262103};-272.381176722703;37.975970971931325
4605;-98.2146173894202;((x * (_a4_ + (((x + _a7_) * x) + (_a2_ / _a1_)))) * _a5_);{'d0': {'_a1_': 0.8545976001724073, '_a2_': -333676.5958373155, '_a4_': 390449.312078076, '_a5_': 3.3767607054779143, '_a7_': 0.6238563961469362, '_a0_': 1.0, '_a3_': 1.0, '_a6_': 1.0}};{'d0': 0.024905833169262103};-272.381176722703;37.975970971931325
4606;-98.2146173894202;((x * (_a4_ + (((x + _a7_) * x) + (_a2_ / _a1_)))) * _a5_);{'d0': {'_a1_': 0.8545976001724073, '_a2_': -333676.5958373155, '_a4_': 390449.312078076, '_a5_': 3.3767607054779143, '_a7_': 0.6238563961469362, '_a0_': 1.0, '_a3_': 1.0, '_a6_': 1.0}};{'d0': 0.024905833169262103};-272.381176722703;37.975970971931325
4607;-98.2146173894202;((x * (_a4_ + (((x + _a7_) * x) + (_a2_ / _a1_)))) * _a5_);{'d0': {'_a1_': 0.8545976001724073, '_a2_': -333676.5958373155, '_a4_': 390449.312078076, '_a5_': 3.3767607054779143, '_a7_': 0.6238563961469362, '_a0_': 1.0, '_a3_': 1.0, '_a6_': 1.0}};{'d0': 0.024905833169262103};-272.381176722703;37.975970971931325
4608;-98.2146173894202;((x * (_a4_ + (((x + _a7_) * x) + (_a2_ / _a1_)))) * _a5_);{'d0': {'_a1_': 0.8545976001724073, '_a2_': -333676.5958373155, '_a4_': 390449.312078076, '_a5_': 3.3767607054779143, '_a7_': 0.6238563961469362, '_a0_': 1.0, '_a3_': 1.0, '_a6_': 1.0}};{'d0': 0.024905833169262103};-272.381176722703;37.975970971931325
4609;-98.2146173894202;((x * (_a4_ + (((x + _a7_) * x) + (_a2_ / _a1_)))) * _a5_);{'d0': {'_a1_': 0.8545976001724073, '_a2_': -333676.5958373155, '_a4_': 390449.312078076, '_a5_': 3.3767607054779143, '_a7_': 0.6238563961469362, '_a0_': 1.0, '_a3_': 1.0, '_a6_': 1.0}};{'d0': 0.024905833169262103};-272.381176722703;37.975970971931325
4610;-97.8262819060925;(x * (_a1_ + pow2(((_a7_ * x) + ((_a0_ / pow2(_a4_)) / _a7_)))));{'d0': {'_a0_': 93132461.89824168, '_a1_': 1.4465760887704733, '_a4_': 9403.121304753877, '_a7_': -1.8375964953671529, '_a2_': 1.0, '_a3_': 1.0, '_a5_': 1.0, '_a6_': 1.0}};{'d0': 0.024905832919569923};-276.475521886452;40.411479037133525
4611;-97.8262819060925;(x * (_a1_ + pow2(((_a7_ * x) + ((_a0_ / pow2(_a4_)) / _a7_)))));{'d0': {'_a0_': 93132461.89824168, '_a1_': 1.4465760887704733, '_a4_': 9403.121304753877, '_a7_': -1.8375964953671529, '_a2_': 1.0, '_a3_': 1.0, '_a5_': 1.0, '_a6_': 1.0}};{'d0': 0.024905832919569923};-276.475521886452;40.411479037133525
4612;-97.8262819060925;(x * (_a1_ + pow2(((_a7_ * x) + ((_a0_ / pow2(_a4_)) / _a7_)))));{'d0': {'_a0_': 93132461.89824168, '_a1_': 1.4465760887704733, '_a4_': 9403.121304753877, '_a7_': -1.8375964953671529, '_a2_': 1.0, '_a3_': 1.0, '_a5_': 1.0, '_a6_': 1.0}};{'d0': 0.024905832919569923};-276.475521886452;40.411479037133525
4613;-97.8262819060925;(x * (_a1_ + pow2(((_a7_ * x) + ((_a0_ / pow2(_a4_)) / _a7_)))));{'d0': {'_a0_': 93132461.89824168, '_a1_': 1.4465760887704733, '_a4_': 9403.121304753877, '_a7_': -1.8375964953671529, '_a2_': 1.0, '_a3_': 1.0, '_a5_': 1.0, '_a6_': 1.0}};{'d0': 0.024905832919569923};-276.475521886452;40.411479037133525
4614;-97.8262819060925;(x * (_a1_ + pow2(((_a7_ * x) + ((_a0_ / pow2(_a4_)) / _a7_)))));{'d0': {'_a0_': 93132461.89824168, '_a1_': 1.4465760887704733, '_a4_': 9403.121304753877, '_a7_': -1.8375964953671529, '_a2_': 1.0, '_a3_': 1.0, '_a5_': 1.0, '_a6_': 1.0}};{'d0': 0.024905832919569923};-276.475521886452;40.411479037133525
4615;-98.2146173894202;((x * (_a4_ + (((x + _a7_) * x) + (_a2_ / _a1_)))) * _a5_);{'d0': {'_a1_': 0.8545976001724073, '_a2_': -333676.5958373155, '_a4_': 390449.312078076, '_a5_': 3.3767607054779143, '_a7_': 0.6238563961469362, '_a0_': 1.0, '_a3_': 1.0, '_a6_': 1.0}};{'d0': 0.024905833169262103};-272.381176722703;37.975970971931325
4616;-98.2146173894202;((x * (_a4_ + (((x + _a7_) * x) + (_a2_ / _a1_)))) * _a5_);{'d0': {'_a1_': 0.8545976001724073, '_a2_': -333676.5958373155, '_a4_': 390449.312078076, '_a5_': 3.3767607054779143, '_a7_': 0.6238563961469362, '_a0_': 1.0, '_a3_': 1.0, '_a6_': 1.0}};{'d0': 0.024905833169262103};-272.381176722703;37.975970971931325
4617;-98.2146173894202;((x * (_a4_ + (((x + _a7_) * x) + (_a2_ / _a1_)))) * _a5_);{'d0': {'_a1_': 0.8545976001724073, '_a2_': -333676.5958373155, '_a4_': 390449.312078076, '_a5_': 3.3767607054779143, '_a7_': 0.6238563961469362, '_a0_': 1.0, '_a3_': 1.0, '_a6_': 1.0}};{'d0': 0.024905833169262103};-272.381176722703;37.975970971931325
4618;-98.2146173894202;((x * (_a4_ + (((x + _a7_) * x) + (_a2_ / _a1_)))) * _a5_);{'d0': {'_a1_': 0.8545976001724073, '_a2_': -333676.5958373155, '_a4_': 390449.312078076, '_a5_': 3.3767607054779143, '_a7_': 0.6238563961469362, '_a0_': 1.0, '_a3_': 1.0, '_a6_': 1.0}};{'d0': 0.024905833169262103};-272.381176722703;37.975970971931325
4619;-98.2146173894202;((x * (_a4_ + (((x + _a7_) * x) + (_a2_ / _a1_)))) * _a5_);{'d0': {'_a1_': 0.8545976001724073, '_a2_': -333676.5958373155, '_a4_': 390449.312078076, '_a5_': 3.3767607054779143, '_a7_': 0.6238563961469362, '_a0_': 1.0, '_a3_': 1.0, '_a6_': 1.0}};{'d0': 0.024905833169262103};-272.381176722703;37.975970971931325
4620;-98.2146173894202;((x * (_a4_ + (((x + _a7_) * x) + (_a2_ / _a1_)))) * _a5_);{'d0': {'_a1_': 0.8545976001724073, '_a2_': -333676.5958373155, '_a4_': 390449.312078076, '_a5_': 3.3767607054779143, '_a7_': 0.6238563961469362, '_a0_': 1.0, '_a3_': 1.0, '_a6_': 1.0}};{'d0': 0.024905833169262103};-272.381176722703;37.975970971931325
4621;-98.2146173894202;((x * (_a4_ + (((x + _a7_) * x) + (_a2_ / _a1_)))) * _a5_);{'d0': {'_a1_': 0.8545976001724073, '_a2_': -333676.5958373155, '_a4_': 390449.312078076, '_a5_': 3.3767607054779143, '_a7_': 0.6238563961469362, '_a0_': 1.0, '_a3_': 1.0, '_a6_': 1.0}};{'d0': 0.024905833169262103};-272.381176722703;37.975970971931325
4622;-97.8262819060925;(x * (_a1_ + pow2(((_a7_ * x) + ((_a0_ / pow2(_a4_)) / _a7_)))));{'d0': {'_a0_': 93132461.89824168, '_a1_': 1.4465760887704733, '_a4_': 9403.121304753877, '_a7_': -1.8375964953671529, '_a2_': 1.0, '_a3_': 1.0, '_a5_': 1.0, '_a6_': 1.0}};{'d0': 0.024905832919569923};-276.475521886452;40.411479037133525
4623;-97.8262819060925;(x * (_a1_ + pow2(((_a7_ * x) + ((_a0_ / pow2(_a4_)) / _a7_)))));{'d0': {'_a0_': 93132461.89824168, '_a1_': 1.4465760887704733, '_a4_': 9403.121304753877, '_a7_': -1.8375964953671529, '_a2_': 1.0, '_a3_': 1.0, '_a5_': 1.0, '_a6_': 1.0}};{'d0': 0.024905832919569923};-276.475521886452;40.411479037133525
4624;-97.8262819060925;(x * (_a1_ + pow2(((_a7_ * x) + ((_a0_ / pow2(_a4_)) / _a7_)))));{'d0': {'_a0_': 93132461.89824168, '_a1_': 1.4465760887704733, '_a4_': 9403.121304753877, '_a7_': -1.8375964953671529, '_a2_': 1.0, '_a3_': 1.0, '_a5_': 1.0, '_a6_': 1.0}};{'d0': 0.024905832919569923};-276.475521886452;40.411479037133525
4625;-97.8262819060925;(x * (_a1_ + pow2(((_a7_ * x) + ((_a0_ / pow2(_a4_)) / _a7_)))));{'d0': {'_a0_': 93132461.89824168, '_a1_': 1.4465760887704733, '_a4_': 9403.121304753877, '_a7_': -1.8375964953671529, '_a2_': 1.0, '_a3_': 1.0, '_a5_': 1.0, '_a6_': 1.0}};{'d0': 0.024905832919569923};-276.475521886452;40.411479037133525
4626;-97.8262819060925;(x * (_a1_ + pow2(((_a7_ * x) + ((_a0_ / pow2(_a4_)) / _a7_)))));{'d0': {'_a0_': 93132461.89824168, '_a1_': 1.4465760887704733, '_a4_': 9403.121304753877, '_a7_': -1.8375964953671529, '_a2_': 1.0, '_a3_': 1.0, '_a5_': 1.0, '_a6_': 1.0}};{'d0': 0.024905832919569923};-276.475521886452;40.411479037133525
4627;-97.8262819060925;(x * (_a1_ + pow2(((_a7_ * x) + ((_a0_ / pow2(_a4_)) / _a7_)))));{'d0': {'_a0_': 93132461.89824168, '_a1_': 1.4465760887704733, '_a4_': 9403.121304753877, '_a7_': -1.8375964953671529, '_a2_': 1.0, '_a3_': 1.0, '_a5_': 1.0, '_a6_': 1.0}};{'d0': 0.024905832919569923};-276.475521886452;40.411479037133525
4628;-97.8262819060925;(x * (_a1_ + pow2(((_a7_ * x) + ((_a0_ / pow2(_a4_)) / _a7_)))));{'d0': {'_a0_': 93132461.89824168, '_a1_': 1.4465760887704733, '_a4_': 9403.121304753877, '_a7_': -1.8375964953671529, '_a2_': 1.0, '_a3_': 1.0, '_a5_': 1.0, '_a6_': 1.0}};{'d0': 0.024905832919569923};-276.475521886452;40.411479037133525
4629;-97.8262819060925;(x * (_a1_ + pow2(((_a7_ * x) + ((_a0_ / pow2(_a4_)) / _a7_)))));{'d0': {'_a0_': 93132461.89824168, '_a1_': 1.4465760887704733, '_a4_': 9403.121304753877, '_a7_': -1.8375964953671529, '_a2_': 1.0, '_a3_': 1.0, '_a5_': 1.0, '_a6_': 1.0}};{'d0': 0.024905832919569923};-276.475521886452;40.411479037133525
4630;-97.8262819060925;(x * (_a1_ + pow2(((_a7_ * x) + ((_a0_ / pow2(_a4_)) / _a7_)))));{'d0': {'_a0_': 93132461.89824168, '_a1_': 1.4465760887704733, '_a4_': 9403.121304753877, '_a7_': -1.8375964953671529, '_a2_': 1.0, '_a3_': 1.0, '_a5_': 1.0, '_a6_': 1.0}};{'d0': 0.024905832919569923};-276.475521886452;40.411479037133525
4631;-97.8262819060925;(x * (_a1_ + pow2(((_a7_ * x) + ((_a0_ / pow2(_a4_)) / _a7_)))));{'d0': {'_a0_': 93132461.89824168, '_a1_': 1.4465760887704733, '_a4_': 9403.121304753877, '_a7_': -1.8375964953671529, '_a2_': 1.0, '_a3_': 1.0, '_a5_': 1.0, '_a6_': 1.0}};{'d0': 0.024905832919569923};-276.475521886452;40.411479037133525
4632;-97.8262819060925;(x * (_a1_ + pow2(((_a7_ * x) + ((_a0_ / pow2(_a4_)) / _a7_)))));{'d0': {'_a0_': 93132461.89824168, '_a1_': 1.4465760887704733, '_a4_': 9403.121304753877, '_a7_': -1.8375964953671529, '_a2_': 1.0, '_a3_': 1.0, '_a5_': 1.0, '_a6_': 1.0}};{'d0': 0.024905832919569923};-276.475521886452;40.411479037133525
4633;-97.8262819060925;(x * (_a1_ + pow2(((_a7_ * x) + ((_a0_ / pow2(_a4_)) / _a7_)))));{'d0': {'_a0_': 93132461.89824168, '_a1_': 1.4465760887704733, '_a4_': 9403.121304753877, '_a7_': -1.8375964953671529, '_a2_': 1.0, '_a3_': 1.0, '_a5_': 1.0, '_a6_': 1.0}};{'d0': 0.024905832919569923};-276.475521886452;40.411479037133525
4634;-97.8262819060925;(x * (_a1_ + pow2(((_a7_ * x) + ((_a0_ / pow2(_a4_)) / _a7_)))));{'d0': {'_a0_': 93132461.89824168, '_a1_': 1.4465760887704733, '_a4_': 9403.121304753877, '_a7_': -1.8375964953671529, '_a2_': 1.0, '_a3_': 1.0, '_a5_': 1.0, '_a6_': 1.0}};{'d0': 0.024905832919569923};-276.475521886452;40.411479037133525
4635;-97.8262819060925;(x * (_a1_ + pow2(((_a7_ * x) + ((_a0_ / pow2(_a4_)) / _a7_)))));{'d0': {'_a0_': 93132461.89824168, '_a1_': 1.4465760887704733, '_a4_': 9403.121304753877, '_a7_': -1.8375964953671529, '_a2_': 1.0, '_a3_': 1.0, '_a5_': 1.0, '_a6_': 1.0}};{'d0': 0.024905832919569923};-276.475521886452;40.411479037133525
4636;-90.9021269776638;(x * (_a1_ + pow2((((_a2_ * _a2_) * x) + ((_a0_ / pow2(_a4_)) / _a7_)))));{'d0': {'_a0_': -137496351.79943165, '_a1_': 1.4465760890075754, '_a2_': 1.3555797635471922, '_a4_': 11487.235706292744, '_a7_': -1.8178286633867935, '_a3_': 1.0, '_a5_': 1.0, '_a6_': 1.0}};{'d0': 0.02490583292636313};-272.381177307865;45.288461676268525
4637;-90.9021269776638;(x * (_a1_ + pow2((((_a2_ * _a2_) * x) + ((_a0_ / pow2(_a4_)) / _a7_)))));{'d0': {'_a0_': -137496351.79943165, '_a1_': 1.4465760890075754, '_a2_': 1.3555797635471922, '_a4_': 11487.235706292744, '_a7_': -1.8178286633867935, '_a3_': 1.0, '_a5_': 1.0, '_a6_': 1.0}};{'d0': 0.02490583292636313};-272.381177307865;45.288461676268525
4638;-90.9021269776638;(x * (_a1_ + pow2((((_a2_ * _a2_) * x) + ((_a0_ / pow2(_a4_)) / _a7_)))));{'d0': {'_a0_': -137496351.79943165, '_a1_': 1.4465760890075754, '_a2_': 1.3555797635471922, '_a4_': 11487.235706292744, '_a7_': -1.8178286633867935, '_a3_': 1.0, '_a5_': 1.0, '_a6_': 1.0}};{'d0': 0.02490583292636313};-272.381177307865;45.288461676268525
4639;-90.9021269776638;(x * (_a1_ + pow2((((_a2_ * _a2_) * x) + ((_a0_ / pow2(_a4_)) / _a7_)))));{'d0': {'_a0_': -137496351.79943165, '_a1_': 1.4465760890075754, '_a2_': 1.3555797635471922, '_a4_': 11487.235706292744, '_a7_': -1.8178286633867935, '_a3_': 1.0, '_a5_': 1.0, '_a6_': 1.0}};{'d0': 0.02490583292636313};-272.381177307865;45.288461676268525
4640;-90.9021269776638;(x * (_a1_ + pow2((((_a2_ * _a2_) * x) + ((_a0_ / pow2(_a4_)) / _a7_)))));{'d0': {'_a0_': -137496351.79943165, '_a1_': 1.4465760890075754, '_a2_': 1.3555797635471922, '_a4_': 11487.235706292744, '_a7_': -1.8178286633867935, '_a3_': 1.0, '_a5_': 1.0, '_a6_': 1.0}};{'d0': 0.02490583292636313};-272.381177307865;45.288461676268525
4641;-90.9021269776638;(x * (_a1_ + pow2((((_a2_ * _a2_) * x) + ((_a0_ / pow2(_a4_)) / _a7_)))));{'d0': {'_a0_': -137496351.79943165, '_a1_': 1.4465760890075754, '_a2_': 1.3555797635471922, '_a4_': 11487.235706292744, '_a7_': -1.8178286633867935, '_a3_': 1.0, '_a5_': 1.0, '_a6_': 1.0}};{'d0': 0.02490583292636313};-272.381177307865;45.288461676268525
4642;-100.261789971411;((x * (_a4_ + (((x + _a7_) * x) + (_a5_ / _a6_)))) * _a5_);{'d0': {'_a4_': -0.9453785117475634, '_a5_': 3.3767608836054936, '_a6_': 2.295444946637869, '_a7_': 0.6238594153143318, '_a0_': 1.0, '_a1_': 1.0, '_a2_': 1.0, '_a3_': 1.0}};{'d0': 0.024905832919473167};-276.475521886685;37.975970971931325
4643;-100.261789971411;((x * (_a4_ + (((x + _a7_) * x) + (_a5_ / _a6_)))) * _a5_);{'d0': {'_a4_': -0.9453785117475634, '_a5_': 3.3767608836054936, '_a6_': 2.295444946637869, '_a7_': 0.6238594153143318, '_a0_': 1.0, '_a1_': 1.0, '_a2_': 1.0, '_a3_': 1.0}};{'d0': 0.024905832919473167};-276.475521886685;37.975970971931325
4644;-100.261789971411;((x * (_a4_ + (((x + _a7_) * x) + (_a5_ / _a6_)))) * _a5_);{'d0': {'_a4_': -0.9453785117475634, '_a5_': 3.3767608836054936, '_a6_': 2.295444946637869, '_a7_': 0.6238594153143318, '_a0_': 1.0, '_a1_': 1.0, '_a2_': 1.0, '_a3_': 1.0}};{'d0': 0.024905832919473167};-276.475521886685;37.975970971931325
4645;-100.261789971411;((x * (_a4_ + (((x + _a7_) * x) + (_a5_ / _a6_)))) * _a5_);{'d0': {'_a4_': -0.9453785117475634, '_a5_': 3.3767608836054936, '_a6_': 2.295444946637869, '_a7_': 0.6238594153143318, '_a0_': 1.0, '_a1_': 1.0, '_a2_': 1.0, '_a3_': 1.0}};{'d0': 0.024905832919473167};-276.475521886685;37.975970971931325
4646;-100.261789971411;((x * (_a4_ + (((x + _a7_) * x) + (_a5_ / _a6_)))) * _a5_);{'d0': {'_a4_': -0.9453785117475634, '_a5_': 3.3767608836054936, '_a6_': 2.295444946637869, '_a7_': 0.6238594153143318, '_a0_': 1.0, '_a1_': 1.0, '_a2_': 1.0, '_a3_': 1.0}};{'d0': 0.024905832919473167};-276.475521886685;37.975970971931325
4647;-100.261789971411;((x * (_a4_ + (((x + _a7_) * x) + (_a5_ / _a6_)))) * _a5_);{'d0': {'_a4_': -0.9453785117475634, '_a5_': 3.3767608836054936, '_a6_': 2.295444946637869, '_a7_': 0.6238594153143318, '_a0_': 1.0, '_a1_': 1.0, '_a2_': 1.0, '_a3_': 1.0}};{'d0': 0.024905832919473167};-276.475521886685;37.975970971931325
4648;-100.261789971411;((x * (_a4_ + (((x + _a7_) * x) + (_a5_ / _a6_)))) * _a5_);{'d0': {'_a4_': -0.9453785117475634, '_a5_': 3.3767608836054936, '_a6_': 2.295444946637869, '_a7_': 0.6238594153143318, '_a0_': 1.0, '_a1_': 1.0, '_a2_': 1.0, '_a3_': 1.0}};{'d0': 0.024905832919473167};-276.475521886685;37.975970971931325
4649;-100.261789971411;((x * (_a4_ + (((x + _a7_) * x) + (_a5_ / _a6_)))) * _a5_);{'d0': {'_a4_': -0.9453785117475634, '_a5_': 3.3767608836054936, '_a6_': 2.295444946637869, '_a7_': 0.6238594153143318, '_a0_': 1.0, '_a1_': 1.0, '_a2_': 1.0, '_a3_': 1.0}};{'d0': 0.024905832919473167};-276.475521886685;37.975970971931325
4650;-100.261789971411;((x * (_a4_ + (((x + _a7_) * x) + (_a5_ / _a6_)))) * _a5_);{'d0': {'_a4_': -0.9453785117475634, '_a5_': 3.3767608836054936, '_a6_': 2.295444946637869, '_a7_': 0.6238594153143318, '_a0_': 1.0, '_a1_': 1.0, '_a2_': 1.0, '_a3_': 1.0}};{'d0': 0.024905832919473167};-276.475521886685;37.975970971931325
4651;-100.261789971411;((x * (_a4_ + (((x + _a7_) * x) + (_a5_ / _a6_)))) * _a5_);{'d0': {'_a4_': -0.9453785117475634, '_a5_': 3.3767608836054936, '_a6_': 2.295444946637869, '_a7_': 0.6238594153143318, '_a0_': 1.0, '_a1_': 1.0, '_a2_': 1.0, '_a3_': 1.0}};{'d0': 0.024905832919473167};-276.475521886685;37.975970971931325
4652;-100.261789971411;((x * (_a4_ + (((x + _a7_) * x) + (_a5_ / _a6_)))) * _a5_);{'d0': {'_a4_': -0.9453785117475634, '_a5_': 3.3767608836054936, '_a6_': 2.295444946637869, '_a7_': 0.6238594153143318, '_a0_': 1.0, '_a1_': 1.0, '_a2_': 1.0, '_a3_': 1.0}};{'d0': 0.024905832919473167};-276.475521886685;37.975970971931325
4653;-96.9496302224804;((x * (_a4_ + (((x + _a7_) * x) + (_a5_ / log(_a7_))))) * _a5_);{'d0': {'_a4_': 7.682420290753879, '_a5_': 3.376760876721805, '_a7_': 0.6238594154067296, '_a0_': 1.0, '_a1_': 1.0, '_a2_': 1.0, '_a3_': 1.0, '_a6_': 1.0}};{'d0': 0.024905832919416632};-280.569866449044;43.33530300204133
4654;-96.9496302224804;((x * (_a4_ + (((x + _a7_) * x) + (_a5_ / log(_a7_))))) * _a5_);{'d0': {'_a4_': 7.682420290753879, '_a5_': 3.376760876721805, '_a7_': 0.6238594154067296, '_a0_': 1.0, '_a1_': 1.0, '_a2_': 1.0, '_a3_': 1.0, '_a6_': 1.0}};{'d0': 0.024905832919416632};-280.569866449044;43.33530300204133
4655;-96.9496302224804;((x * (_a4_ + (((x + _a7_) * x) + (_a5_ / log(_a7_))))) * _a5_);{'d0': {'_a4_': 7.682420290753879, '_a5_': 3.376760876721805, '_a7_': 0.6238594154067296, '_a0_': 1.0, '_a1_': 1.0, '_a2_': 1.0, '_a3_': 1.0, '_a6_': 1.0}};{'d0': 0.024905832919416632};-280.569866449044;43.33530300204133
4656;-96.9496302224804;((x * (_a4_ + (((x + _a7_) * x) + (_a5_ / log(_a7_))))) * _a5_);{'d0': {'_a4_': 7.682420290753879, '_a5_': 3.376760876721805, '_a7_': 0.6238594154067296, '_a0_': 1.0, '_a1_': 1.0, '_a2_': 1.0, '_a3_': 1.0, '_a6_': 1.0}};{'d0': 0.024905832919416632};-280.569866449044;43.33530300204133
4657;-96.9496302224804;((x * (_a4_ + (((x + _a7_) * x) + (_a5_ / log(_a7_))))) * _a5_);{'d0': {'_a4_': 7.682420290753879, '_a5_': 3.376760876721805, '_a7_': 0.6238594154067296, '_a0_': 1.0, '_a1_': 1.0, '_a2_': 1.0, '_a3_': 1.0, '_a6_': 1.0}};{'d0': 0.024905832919416632};-280.569866449044;43.33530300204133
4658;-96.9496302224804;((x * (_a4_ + (((x + _a7_) * x) + (_a5_ / log(_a7_))))) * _a5_);{'d0': {'_a4_': 7.682420290753879, '_a5_': 3.376760876721805, '_a7_': 0.6238594154067296, '_a0_': 1.0, '_a1_': 1.0, '_a2_': 1.0, '_a3_': 1.0, '_a6_': 1.0}};{'d0': 0.024905832919416632};-280.569866449044;43.33530300204133
4659;-96.9496302224804;((x * (_a4_ + (((x + _a7_) * x) + (_a5_ / log(_a7_))))) * _a5_);{'d0': {'_a4_': 7.682420290753879, '_a5_': 3.376760876721805, '_a7_': 0.6238594154067296, '_a0_': 1.0, '_a1_': 1.0, '_a2_': 1.0, '_a3_': 1.0, '_a6_': 1.0}};{'d0': 0.024905832919416632};-280.569866449044;43.33530300204133
4660;-96.9496302224804;((x * (_a4_ + (((x + _a7_) * x) + (_a5_ / log(_a7_))))) * _a5_);{'d0': {'_a4_': 7.682420290753879, '_a5_': 3.376760876721805, '_a7_': 0.6238594154067296, '_a0_': 1.0, '_a1_': 1.0, '_a2_': 1.0, '_a3_': 1.0, '_a6_': 1.0}};{'d0': 0.024905832919416632};-280.569866449044;43.33530300204133
4661;-96.9496302224804;((x * (_a4_ + (((x + _a7_) * x) + (_a5_ / log(_a7_))))) * _a5_);{'d0': {'_a4_': 7.682420290753879, '_a5_': 3.376760876721805, '_a7_': 0.6238594154067296, '_a0_': 1.0, '_a1_': 1.0, '_a2_': 1.0, '_a3_': 1.0, '_a6_': 1.0}};{'d0': 0.024905832919416632};-280.569866449044;43.33530300204133
4662;-96.9496302224804;((x * (_a4_ + (((x + _a7_) * x) + (_a5_ / log(_a7_))))) * _a5_);{'d0': {'_a4_': 7.682420290753879, '_a5_': 3.376760876721805, '_a7_': 0.6238594154067296, '_a0_': 1.0, '_a1_': 1.0, '_a2_': 1.0, '_a3_': 1.0, '_a6_': 1.0}};{'d0': 0.024905832919416632};-280.569866449044;43.33530300204133
4663;-96.9496302224804;((x * (_a4_ + (((x + _a7_) * x) + (_a5_ / log(_a7_))))) * _a5_);{'d0': {'_a4_': 7.682420290753879, '_a5_': 3.376760876721805, '_a7_': 0.6238594154067296, '_a0_': 1.0, '_a1_': 1.0, '_a2_': 1.0, '_a3_': 1.0, '_a6_': 1.0}};{'d0': 0.024905832919416632};-280.569866449044;43.33530300204133
4664;-96.9496302224804;((x * (_a4_ + (((x + _a7_) * x) + (_a5_ / log(_a7_))))) * _a5_);{'d0': {'_a4_': 7.682420290753879, '_a5_': 3.376760876721805, '_a7_': 0.6238594154067296, '_a0_': 1.0, '_a1_': 1.0, '_a2_': 1.0, '_a3_': 1.0, '_a6_': 1.0}};{'d0': 0.024905832919416632};-280.569866449044;43.33530300204133
4665;-96.9496302224804;((x * (_a4_ + (((x + _a7_) * x) + (_a5_ / log(_a7_))))) * _a5_);{'d0': {'_a4_': 7.682420290753879, '_a5_': 3.376760876721805, '_a7_': 0.6238594154067296, '_a0_': 1.0, '_a1_': 1.0, '_a2_': 1.0, '_a3_': 1.0, '_a6_': 1.0}};{'d0': 0.024905832919416632};-280.569866449044;43.33530300204133
4666;-96.9496302224804;((x * (_a4_ + (((x + _a7_) * x) + (_a5_ / log(_a7_))))) * _a5_);{'d0': {'_a4_': 7.682420290753879, '_a5_': 3.376760876721805, '_a7_': 0.6238594154067296, '_a0_': 1.0, '_a1_': 1.0, '_a2_': 1.0, '_a3_': 1.0, '_a6_': 1.0}};{'d0': 0.024905832919416632};-280.569866449044;43.33530300204133
4667;-96.9496302224804;((x * (_a4_ + (((x + _a7_) * x) + (_a5_ / log(_a7_))))) * _a5_);{'d0': {'_a4_': 7.682420290753879, '_a5_': 3.376760876721805, '_a7_': 0.6238594154067296, '_a0_': 1.0, '_a1_': 1.0, '_a2_': 1.0, '_a3_': 1.0, '_a6_': 1.0}};{'d0': 0.024905832919416632};-280.569866449044;43.33530300204133
4668;-93.7695492610901;(x * (_a1_ + pow2(((-(_a2_) * x) + ((_a0_ / (x * _a7_)) + _a7_)))));{'d0': {'_a0_': -2.8219003442575894e-09, '_a1_': 1.4465760990539471, '_a2_': 1.8375965023382754, '_a7_': -0.573200944265719, '_a3_': 1.0, '_a4_': 1.0, '_a5_': 1.0, '_a6_': 1.0}};{'d0': 0.02418132559747567};-278.246803731784;45.353852604801716
4669;-97.7608909777440;(x * (_a1_ + pow2(((-(_a2_) * x) + ((_a0_ / _a0_) + _a7_)))));{'d0': {'_a1_': 1.4465760891694066, '_a2_': 1.8375964950937544, '_a7_': -1.5732009377236698, '_a0_': 1.0, '_a3_': 1.0, '_a4_': 1.0, '_a5_': 1.0, '_a6_': 1.0}};{'d0': 0.024905832919416643};-276.475521886821;40.476869965666715
4670;-97.7608909777440;(x * (_a1_ + pow2(((-(_a2_) * x) + ((_a0_ / _a0_) + _a7_)))));{'d0': {'_a1_': 1.4465760891694066, '_a2_': 1.8375964950937544, '_a7_': -1.5732009377236698, '_a0_': 1.0, '_a3_': 1.0, '_a4_': 1.0, '_a5_': 1.0, '_a6_': 1.0}};{'d0': 0.024905832919416643};-276.475521886821;40.476869965666715
4671;-97.7608909777440;(x * (_a1_ + pow2(((-(_a2_) * x) + ((_a0_ / _a0_) + _a7_)))));{'d0': {'_a1_': 1.4465760891694066, '_a2_': 1.8375964950937544, '_a7_': -1.5732009377236698, '_a0_': 1.0, '_a3_': 1.0, '_a4_': 1.0, '_a5_': 1.0, '_a6_': 1.0}};{'d0': 0.024905832919416643};-276.475521886821;40.476869965666715
4672;-97.7608909777440;(x * (_a1_ + pow2(((-(_a2_) * x) + ((_a0_ / _a0_) + _a7_)))));{'d0': {'_a1_': 1.4465760891694066, '_a2_': 1.8375964950937544, '_a7_': -1.5732009377236698, '_a0_': 1.0, '_a3_': 1.0, '_a4_': 1.0, '_a5_': 1.0, '_a6_': 1.0}};{'d0': 0.024905832919416643};-276.475521886821;40.476869965666715
4673;-97.7608909777440;(x * (_a1_ + pow2(((-(_a2_) * x) + ((_a0_ / _a0_) + _a7_)))));{'d0': {'_a1_': 1.4465760891694066, '_a2_': 1.8375964950937544, '_a7_': -1.5732009377236698, '_a0_': 1.0, '_a3_': 1.0, '_a4_': 1.0, '_a5_': 1.0, '_a6_': 1.0}};{'d0': 0.024905832919416643};-276.475521886821;40.476869965666715
4674;-92.4210279672239;(x * (_a1_ + pow2(((-(sqrt(_a5_)) * x) + ((_a0_ / _a0_) + _a7_)))));{'d0': {'_a1_': 1.4465760894786184, '_a5_': 3.376760877855013, '_a7_': -1.5732009376787501, '_a0_': 1.0, '_a2_': 1.0, '_a3_': 1.0, '_a4_': 1.0, '_a6_': 1.0}};{'d0': 0.024905832919416674};-276.475521886821;45.816732976186714
4675;-92.4210279671228;(x * (_a1_ + pow2(((-(sqrt(_a5_)) * x) + ((_a0_ / _a7_) + _a7_)))));{'d0': {'_a0_': -0.22270229271868847, '_a1_': 1.4465760890996158, '_a5_': 3.376760879535356, '_a7_': -0.8387255946601615, '_a2_': 1.0, '_a3_': 1.0, '_a4_': 1.0, '_a6_': 1.0}};{'d0': 0.024905832919500586};-276.475521886619;45.816732976186714
4676;-92.4210279671228;(x * (_a1_ + pow2(((-(sqrt(_a5_)) * x) + ((_a0_ / _a7_) + _a7_)))));{'d0': {'_a0_': -0.22270229271868847, '_a1_': 1.4465760890996158, '_a5_': 3.376760879535356, '_a7_': -0.8387255946601615, '_a2_': 1.0, '_a3_': 1.0, '_a4_': 1.0, '_a6_': 1.0}};{'d0': 0.024905832919500586};-276.475521886619;45.816732976186714
4677;-94.9091599846275;(x * (_a1_ + pow2(((-(sqrt(_a5_)) * x) + (log(_a1_) + _a7_)))));{'d0': {'_a1_': 1.4465760895861521, '_a5_': 3.376760879202147, '_a7_': -0.9424003842399549, '_a0_': 1.0, '_a2_': 1.0, '_a3_': 1.0, '_a4_': 1.0, '_a6_': 1.0}};{'d0': 0.024905832919416584};-280.569866449044;45.375773239894315
4678;-94.9091599846275;(x * (_a1_ + pow2(((-(sqrt(_a5_)) * x) + (log(_a1_) + _a7_)))));{'d0': {'_a1_': 1.4465760895861521, '_a5_': 3.376760879202147, '_a7_': -0.9424003842399549, '_a0_': 1.0, '_a2_': 1.0, '_a3_': 1.0, '_a4_': 1.0, '_a6_': 1.0}};{'d0': 0.024905832919416584};-280.569866449044;45.375773239894315
4679;-94.9091599846274;(x * (_a1_ + pow2(((-(sqrt(_a5_)) * x) + (log(_a5_) + _a7_)))));{'d0': {'_a1_': 1.4465760895862227, '_a5_': 3.3767608779470732, '_a7_': -1.7901178676077678, '_a0_': 1.0, '_a2_': 1.0, '_a3_': 1.0, '_a4_': 1.0, '_a6_': 1.0}};{'d0': 0.024905832919416622};-280.569866449044;45.375773239894315
4680;-94.9024238800779;(x * (_a1_ + pow2(((-(sqrt(_a5_)) * x) + (exp(_a5_) + _a7_)))));{'d0': {'_a1_': 1.4465760898837452, '_a5_': 3.3767608759936247, '_a7_': -29.84899039270942, '_a0_': 1.0, '_a2_': 1.0, '_a3_': 1.0, '_a4_': 1.0, '_a6_': 1.0}};{'d0': 0.02490583291941625};-280.569866449044;45.382509344444316
4681;-94.9024238800779;(x * (_a1_ + pow2(((-(sqrt(_a5_)) * x) + (exp(_a5_) + _a7_)))));{'d0': {'_a1_': 1.4465760898837452, '_a5_': 3.3767608759936247, '_a7_': -29.84899039270942, '_a0_': 1.0, '_a2_': 1.0, '_a3_': 1.0, '_a4_': 1.0, '_a6_': 1.0}};{'d0': 0.02490583291941625};-280.569866449044;45.382509344444316
4682;-100.268492014737;(x * (_a1_ + pow2(((-(sqrt(_a5_)) * x) + (_a1_ + _a7_)))));{'d0': {'_a1_': 1.4465760901962903, '_a5_': 3.3767608756003904, '_a7_': -2.019777027740413, '_a0_': 1.0, '_a2_': 1.0, '_a3_': 1.0, '_a4_': 1.0, '_a6_': 1.0}};{'d0': 0.024905832919416657};-280.569866449044;40.01644120978432
4683;-100.268492014737;(x * (_a1_ + pow2(((-(sqrt(_a5_)) * x) + (_a1_ + _a7_)))));{'d0': {'_a1_': 1.4465760901962903, '_a5_': 3.3767608756003904, '_a7_': -2.019777027740413, '_a0_': 1.0, '_a2_': 1.0, '_a3_': 1.0, '_a4_': 1.0, '_a6_': 1.0}};{'d0': 0.024905832919416657};-280.569866449044;40.01644120978432
4684;-100.268492014737;(x * (_a1_ + pow2(((-(sqrt(_a5_)) * x) + (_a1_ + _a7_)))));{'d0': {'_a1_': 1.4465760901962903, '_a5_': 3.3767608756003904, '_a7_': -2.019777027740413, '_a0_': 1.0, '_a2_': 1.0, '_a3_': 1.0, '_a4_': 1.0, '_a6_': 1.0}};{'d0': 0.024905832919416657};-280.569866449044;40.01644120978432
4685;-100.268492014737;(x * (_a1_ + pow2(((-(sqrt(_a5_)) * x) + (_a1_ + _a7_)))));{'d0': {'_a1_': 1.4465760901962903, '_a5_': 3.3767608756003904, '_a7_': -2.019777027740413, '_a0_': 1.0, '_a2_': 1.0, '_a3_': 1.0, '_a4_': 1.0, '_a6_': 1.0}};{'d0': 0.024905832919416657};-280.569866449044;40.01644120978432
4686;-100.268492014737;(x * (_a1_ + pow2(((-(sqrt(_a5_)) * x) + (_a1_ + _a7_)))));{'d0': {'_a1_': 1.4465760901962903, '_a5_': 3.3767608756003904, '_a7_': -2.019777027740413, '_a0_': 1.0, '_a2_': 1.0, '_a3_': 1.0, '_a4_': 1.0, '_a6_': 1.0}};{'d0': 0.024905832919416657};-280.569866449044;40.01644120978432
4687;-100.268492014737;(x * (_a1_ + pow2(((-(sqrt(_a5_)) * x) + (_a1_ + _a7_)))));{'d0': {'_a1_': 1.4465760901962903, '_a5_': 3.3767608756003904, '_a7_': -2.019777027740413, '_a0_': 1.0, '_a2_': 1.0, '_a3_': 1.0, '_a4_': 1.0, '_a6_': 1.0}};{'d0': 0.024905832919416657};-280.569866449044;40.01644120978432
4688;-101.927902786996;(x * (_a1_ + pow2(((-(-(_a5_)) * x) + (_a1_ + _a7_)))));{'d0': {'_a1_': 1.4465760896201192, '_a5_': 1.8375964946477406, '_a7_': -0.8733751520589113, '_a0_': 1.0, '_a2_': 1.0, '_a3_': 1.0, '_a4_': 1.0, '_a6_': 1.0}};{'d0': 0.024905832919416608};-280.569866449044;38.35703043752549
4689;-101.927902786996;(x * (_a1_ + pow2(((-(-(_a5_)) * x) + (_a1_ + _a7_)))));{'d0': {'_a1_': 1.4465760896201192, '_a5_': 1.8375964946477406, '_a7_': -0.8733751520589113, '_a0_': 1.0, '_a2_': 1.0, '_a3_': 1.0, '_a4_': 1.0, '_a6_': 1.0}};{'d0': 0.024905832919416608};-280.569866449044;38.35703043752549
4690;-101.927902786996;(x * (_a1_ + pow2(((-(-(_a5_)) * x) + (_a1_ + _a7_)))));{'d0': {'_a1_': 1.4465760896201192, '_a5_': 1.8375964946477406, '_a7_': -0.8733751520589113, '_a0_': 1.0, '_a2_': 1.0, '_a3_': 1.0, '_a4_': 1.0, '_a6_': 1.0}};{'d0': 0.024905832919416608};-280.569866449044;38.35703043752549
4691;-101.927902786996;(x * (_a1_ + pow2(((-(-(_a5_)) * x) + (_a1_ + _a7_)))));{'d0': {'_a1_': 1.4465760896201192, '_a5_': 1.8375964946477406, '_a7_': -0.8733751520589113, '_a0_': 1.0, '_a2_': 1.0, '_a3_': 1.0, '_a4_': 1.0, '_a6_': 1.0}};{'d0': 0.024905832919416608};-280.569866449044;38.35703043752549
4692;-101.927902786996;(x * (_a1_ + pow2(((-(-(_a5_)) * x) + (_a1_ + _a7_)))));{'d0': {'_a1_': 1.4465760896201192, '_a5_': 1.8375964946477406, '_a7_': -0.8733751520589113, '_a0_': 1.0, '_a2_': 1.0, '_a3_': 1.0, '_a4_': 1.0, '_a6_': 1.0}};{'d0': 0.024905832919416608};-280.569866449044;38.35703043752549
4693;-101.927902786996;(x * (_a1_ + pow2(((-(-(_a5_)) * x) + (_a1_ + _a7_)))));{'d0': {'_a1_': 1.4465760896201192, '_a5_': 1.8375964946477406, '_a7_': -0.8733751520589113, '_a0_': 1.0, '_a2_': 1.0, '_a3_': 1.0, '_a4_': 1.0, '_a6_': 1.0}};{'d0': 0.024905832919416608};-280.569866449044;38.35703043752549
4694;-101.927902786996;(x * (_a1_ + pow2(((-(-(_a5_)) * x) + (_a1_ + _a7_)))));{'d0': {'_a1_': 1.4465760896201192, '_a5_': 1.8375964946477406, '_a7_': -0.8733751520589113, '_a0_': 1.0, '_a2_': 1.0, '_a3_': 1.0, '_a4_': 1.0, '_a6_': 1.0}};{'d0': 0.024905832919416608};-280.569866449044;38.35703043752549
4695;-101.927902786996;(x * (_a1_ + pow2(((-(-(_a5_)) * x) + (_a1_ + _a7_)))));{'d0': {'_a1_': 1.4465760896201192, '_a5_': 1.8375964946477406, '_a7_': -0.8733751520589113, '_a0_': 1.0, '_a2_': 1.0, '_a3_': 1.0, '_a4_': 1.0, '_a6_': 1.0}};{'d0': 0.024905832919416608};-280.569866449044;38.35703043752549
4696;-101.927902786996;(x * (_a1_ + pow2(((-(-(_a5_)) * x) + (_a1_ + _a7_)))));{'d0': {'_a1_': 1.4465760896201192, '_a5_': 1.8375964946477406, '_a7_': -0.8733751520589113, '_a0_': 1.0, '_a2_': 1.0, '_a3_': 1.0, '_a4_': 1.0, '_a6_': 1.0}};{'d0': 0.024905832919416608};-280.569866449044;38.35703043752549
4697;-101.927902786996;(x * (_a1_ + pow2(((-(-(_a5_)) * x) + (_a1_ + _a7_)))));{'d0': {'_a1_': 1.4465760896201192, '_a5_': 1.8375964946477406, '_a7_': -0.8733751520589113, '_a0_': 1.0, '_a2_': 1.0, '_a3_': 1.0, '_a4_': 1.0, '_a6_': 1.0}};{'d0': 0.024905832919416608};-280.569866449044;38.35703043752549
4698;-101.927902786996;(x * (_a1_ + pow2(((-(-(_a5_)) * x) + (_a1_ + _a7_)))));{'d0': {'_a1_': 1.4465760896201192, '_a5_': 1.8375964946477406, '_a7_': -0.8733751520589113, '_a0_': 1.0, '_a2_': 1.0, '_a3_': 1.0, '_a4_': 1.0, '_a6_': 1.0}};{'d0': 0.024905832919416608};-280.569866449044;38.35703043752549
4699;-101.927902786996;(x * (_a1_ + pow2(((-(-(_a5_)) * x) + (_a1_ + _a7_)))));{'d0': {'_a1_': 1.4465760896201192, '_a5_': 1.8375964946477406, '_a7_': -0.8733751520589113, '_a0_': 1.0, '_a2_': 1.0, '_a3_': 1.0, '_a4_': 1.0, '_a6_': 1.0}};{'d0': 0.024905832919416608};-280.569866449044;38.35703043752549
4700;-101.927902786996;(x * (_a1_ + pow2(((-(-(_a5_)) * x) + (_a1_ + _a7_)))));{'d0': {'_a1_': 1.4465760896201192, '_a5_': 1.8375964946477406, '_a7_': -0.8733751520589113, '_a0_': 1.0, '_a2_': 1.0, '_a3_': 1.0, '_a4_': 1.0, '_a6_': 1.0}};{'d0': 0.024905832919416608};-280.569866449044;38.35703043752549
4701;-101.927902786996;(x * (_a1_ + pow2(((-(-(_a5_)) * x) + (_a1_ + _a7_)))));{'d0': {'_a1_': 1.4465760896201192, '_a5_': 1.8375964946477406, '_a7_': -0.8733751520589113, '_a0_': 1.0, '_a2_': 1.0, '_a3_': 1.0, '_a4_': 1.0, '_a6_': 1.0}};{'d0': 0.024905832919416608};-280.569866449044;38.35703043752549
4702;-101.927902786996;(x * (_a1_ + pow2(((-(-(_a5_)) * x) + (_a1_ + _a7_)))));{'d0': {'_a1_': 1.4465760896201192, '_a5_': 1.8375964946477406, '_a7_': -0.8733751520589113, '_a0_': 1.0, '_a2_': 1.0, '_a3_': 1.0, '_a4_': 1.0, '_a6_': 1.0}};{'d0': 0.024905832919416608};-280.569866449044;38.35703043752549
4703;-101.184955489926;(x * (_a1_ + pow2(((-(-(_a5_)) * x) + (_a1_ ** _a7_)))));{'d0': {'_a1_': 1.446576088383469, '_a5_': 1.8375964955542683, '_a7_': -1.5073666916894386, '_a0_': 1.0, '_a2_': 1.0, '_a3_': 1.0, '_a4_': 1.0, '_a6_': 1.0}};{'d0': 0.024905832919416702};-280.569866449043;39.099977734595484
4704;-101.184955489926;(x * (_a1_ + pow2(((-(-(_a5_)) * x) + (_a1_ ** _a7_)))));{'d0': {'_a1_': 1.446576088383469, '_a5_': 1.8375964955542683, '_a7_': -1.5073666916894386, '_a0_': 1.0, '_a2_': 1.0, '_a3_': 1.0, '_a4_': 1.0, '_a6_': 1.0}};{'d0': 0.024905832919416702};-280.569866449043;39.099977734595484
4705;-101.184955489926;(x * (_a1_ + pow2(((-(-(_a5_)) * x) + (_a1_ ** _a7_)))));{'d0': {'_a1_': 1.446576088383469, '_a5_': 1.8375964955542683, '_a7_': -1.5073666916894386, '_a0_': 1.0, '_a2_': 1.0, '_a3_': 1.0, '_a4_': 1.0, '_a6_': 1.0}};{'d0': 0.024905832919416702};-280.569866449043;39.099977734595484
4706;-107.848503836026;(x * (_a1_ + pow2(((-(-(_a5_)) * x) + _a0_))));{'d0': {'_a0_': 0.573200937078962, '_a1_': 1.446576088423038, '_a5_': 1.837596494996706, '_a2_': 1.0, '_a3_': 1.0, '_a4_': 1.0, '_a6_': 1.0, '_a7_': 1.0}};{'d0': 0.024905832919416664};-280.569866449044;32.43642938849548
4707;-107.848503836026;(x * (_a1_ + pow2(((-(-(_a5_)) * x) + _a0_))));{'d0': {'_a0_': 0.573200937078962, '_a1_': 1.446576088423038, '_a5_': 1.837596494996706, '_a2_': 1.0, '_a3_': 1.0, '_a4_': 1.0, '_a6_': 1.0, '_a7_': 1.0}};{'d0': 0.024905832919416664};-280.569866449044;32.43642938849548
4708;-107.848503836026;(x * (_a1_ + pow2(((-(-(_a5_)) * x) + _a0_))));{'d0': {'_a0_': 0.573200937078962, '_a1_': 1.446576088423038, '_a5_': 1.837596494996706, '_a2_': 1.0, '_a3_': 1.0, '_a4_': 1.0, '_a6_': 1.0, '_a7_': 1.0}};{'d0': 0.024905832919416664};-280.569866449044;32.43642938849548
4709;-107.848503836026;(x * (_a1_ + pow2(((-(-(_a5_)) * x) + _a0_))));{'d0': {'_a0_': 0.573200937078962, '_a1_': 1.446576088423038, '_a5_': 1.837596494996706, '_a2_': 1.0, '_a3_': 1.0, '_a4_': 1.0, '_a6_': 1.0, '_a7_': 1.0}};{'d0': 0.024905832919416664};-280.569866449044;32.43642938849548
4710;-102.971521196891;(x * (_a1_ + pow2(((-(-(_a5_)) * x) + (_a5_ * _a3_)))));{'d0': {'_a1_': 1.4465760894616768, '_a3_': 0.31192970776051815, '_a5_': 1.8375964947698606, '_a0_': 1.0, '_a2_': 1.0, '_a4_': 1.0, '_a6_': 1.0, '_a7_': 1.0}};{'d0': 0.024905832919416657};-280.569866449044;37.313412027630484
4711;-102.971521196891;(x * (_a1_ + pow2(((-(-(_a5_)) * x) + (_a5_ * _a3_)))));{'d0': {'_a1_': 1.4465760894616768, '_a3_': 0.31192970776051815, '_a5_': 1.8375964947698606, '_a0_': 1.0, '_a2_': 1.0, '_a4_': 1.0, '_a6_': 1.0, '_a7_': 1.0}};{'d0': 0.024905832919416657};-280.569866449044;37.313412027630484
4712;-102.971521196891;(x * (_a1_ + pow2(((-(-(_a5_)) * x) + (_a5_ * _a3_)))));{'d0': {'_a1_': 1.4465760894616768, '_a3_': 0.31192970776051815, '_a5_': 1.8375964947698606, '_a0_': 1.0, '_a2_': 1.0, '_a4_': 1.0, '_a6_': 1.0, '_a7_': 1.0}};{'d0': 0.024905832919416657};-280.569866449044;37.313412027630484
4713;-102.971521196891;(x * (_a1_ + pow2(((-(-(_a5_)) * x) + (_a5_ * _a3_)))));{'d0': {'_a1_': 1.4465760894616768, '_a3_': 0.31192970776051815, '_a5_': 1.8375964947698606, '_a0_': 1.0, '_a2_': 1.0, '_a4_': 1.0, '_a6_': 1.0, '_a7_': 1.0}};{'d0': 0.024905832919416657};-280.569866449044;37.313412027630484
4714;-102.971521196891;(x * (_a1_ + pow2(((-(-(_a5_)) * x) + (_a5_ * _a3_)))));{'d0': {'_a1_': 1.4465760894616768, '_a3_': 0.31192970776051815, '_a5_': 1.8375964947698606, '_a0_': 1.0, '_a2_': 1.0, '_a4_': 1.0, '_a6_': 1.0, '_a7_': 1.0}};{'d0': 0.024905832919416657};-280.569866449044;37.313412027630484
4715;-102.971521196891;(x * (_a1_ + pow2(((-(-(_a5_)) * x) + (_a5_ * _a3_)))));{'d0': {'_a1_': 1.4465760894616768, '_a3_': 0.31192970776051815, '_a5_': 1.8375964947698606, '_a0_': 1.0, '_a2_': 1.0, '_a4_': 1.0, '_a6_': 1.0, '_a7_': 1.0}};{'d0': 0.024905832919416657};-280.569866449044;37.313412027630484
4716;-102.971521196891;(x * (_a1_ + pow2(((-(-(_a5_)) * x) + (_a5_ * _a3_)))));{'d0': {'_a1_': 1.4465760894616768, '_a3_': 0.31192970776051815, '_a5_': 1.8375964947698606, '_a0_': 1.0, '_a2_': 1.0, '_a4_': 1.0, '_a6_': 1.0, '_a7_': 1.0}};{'d0': 0.024905832919416657};-280.569866449044;37.313412027630484
4717;-102.971521196891;(x * (_a1_ + pow2(((-(-(_a5_)) * x) + (_a5_ * _a3_)))));{'d0': {'_a1_': 1.4465760894616768, '_a3_': 0.31192970776051815, '_a5_': 1.8375964947698606, '_a0_': 1.0, '_a2_': 1.0, '_a4_': 1.0, '_a6_': 1.0, '_a7_': 1.0}};{'d0': 0.024905832919416657};-280.569866449044;37.313412027630484
4718;-102.971521196891;(x * (_a1_ + pow2(((-(-(_a5_)) * x) + (_a5_ * _a3_)))));{'d0': {'_a1_': 1.4465760894616768, '_a3_': 0.31192970776051815, '_a5_': 1.8375964947698606, '_a0_': 1.0, '_a2_': 1.0, '_a4_': 1.0, '_a6_': 1.0, '_a7_': 1.0}};{'d0': 0.024905832919416657};-280.569866449044;37.313412027630484
4719;-102.971521196891;(x * (_a1_ + pow2(((-(-(_a5_)) * x) + (_a5_ * _a3_)))));{'d0': {'_a1_': 1.4465760894616768, '_a3_': 0.31192970776051815, '_a5_': 1.8375964947698606, '_a0_': 1.0, '_a2_': 1.0, '_a4_': 1.0, '_a6_': 1.0, '_a7_': 1.0}};{'d0': 0.024905832919416657};-280.569866449044;37.313412027630484
4720;-102.971521196891;(x * (_a1_ + pow2(((-(-(_a5_)) * x) + (_a5_ * _a3_)))));{'d0': {'_a1_': 1.4465760894616768, '_a3_': 0.31192970776051815, '_a5_': 1.8375964947698606, '_a0_': 1.0, '_a2_': 1.0, '_a4_': 1.0, '_a6_': 1.0, '_a7_': 1.0}};{'d0': 0.024905832919416657};-280.569866449044;37.313412027630484
4721;-102.971521196891;(x * (_a1_ + pow2(((-(-(_a5_)) * x) + (_a5_ * _a3_)))));{'d0': {'_a1_': 1.4465760894616768, '_a3_': 0.31192970776051815, '_a5_': 1.8375964947698606, '_a0_': 1.0, '_a2_': 1.0, '_a4_': 1.0, '_a6_': 1.0, '_a7_': 1.0}};{'d0': 0.024905832919416657};-280.569866449044;37.313412027630484
4722;-102.971521196891;(x * (_a1_ + pow2(((-(-(_a5_)) * x) + (_a5_ * _a3_)))));{'d0': {'_a1_': 1.4465760894616768, '_a3_': 0.31192970776051815, '_a5_': 1.8375964947698606, '_a0_': 1.0, '_a2_': 1.0, '_a4_': 1.0, '_a6_': 1.0, '_a7_': 1.0}};{'d0': 0.024905832919416657};-280.569866449044;37.313412027630484
4723;-102.971521196891;(x * (_a1_ + pow2(((-(-(_a5_)) * x) + (_a5_ * _a3_)))));{'d0': {'_a1_': 1.4465760894616768, '_a3_': 0.31192970776051815, '_a5_': 1.8375964947698606, '_a0_': 1.0, '_a2_': 1.0, '_a4_': 1.0, '_a6_': 1.0, '_a7_': 1.0}};{'d0': 0.024905832919416657};-280.569866449044;37.313412027630484
4724;-102.971521196891;(x * (_a1_ + pow2(((-(-(_a5_)) * x) + (_a5_ * _a3_)))));{'d0': {'_a1_': 1.4465760894616768, '_a3_': 0.31192970776051815, '_a5_': 1.8375964947698606, '_a0_': 1.0, '_a2_': 1.0, '_a4_': 1.0, '_a6_': 1.0, '_a7_': 1.0}};{'d0': 0.024905832919416657};-280.569866449044;37.313412027630484
4725;-102.971521196891;(x * (_a1_ + pow2(((-(-(_a5_)) * x) + (_a5_ * _a3_)))));{'d0': {'_a1_': 1.4465760894616768, '_a3_': 0.31192970776051815, '_a5_': 1.8375964947698606, '_a0_': 1.0, '_a2_': 1.0, '_a4_': 1.0, '_a6_': 1.0, '_a7_': 1.0}};{'d0': 0.024905832919416657};-280.569866449044;37.313412027630484
4726;-102.971521196891;(x * (_a1_ + pow2(((-(-(_a5_)) * x) + (_a5_ * _a3_)))));{'d0': {'_a1_': 1.4465760894616768, '_a3_': 0.31192970776051815, '_a5_': 1.8375964947698606, '_a0_': 1.0, '_a2_': 1.0, '_a4_': 1.0, '_a6_': 1.0, '_a7_': 1.0}};{'d0': 0.024905832919416657};-280.569866449044;37.313412027630484
4727;-102.971521196891;(x * (_a1_ + pow2(((-(-(_a5_)) * x) + (_a5_ * _a3_)))));{'d0': {'_a1_': 1.4465760894616768, '_a3_': 0.31192970776051815, '_a5_': 1.8375964947698606, '_a0_': 1.0, '_a2_': 1.0, '_a4_': 1.0, '_a6_': 1.0, '_a7_': 1.0}};{'d0': 0.024905832919416657};-280.569866449044;37.313412027630484
4728;-102.971521196891;(x * (_a1_ + pow2(((-(-(_a5_)) * x) + (_a5_ * _a3_)))));{'d0': {'_a1_': 1.4465760894616768, '_a3_': 0.31192970776051815, '_a5_': 1.8375964947698606, '_a0_': 1.0, '_a2_': 1.0, '_a4_': 1.0, '_a6_': 1.0, '_a7_': 1.0}};{'d0': 0.024905832919416657};-280.569866449044;37.313412027630484
4729;-102.971521196891;(x * (_a1_ + pow2(((-(-(_a5_)) * x) + (_a5_ * _a3_)))));{'d0': {'_a1_': 1.4465760894616768, '_a3_': 0.31192970776051815, '_a5_': 1.8375964947698606, '_a0_': 1.0, '_a2_': 1.0, '_a4_': 1.0, '_a6_': 1.0, '_a7_': 1.0}};{'d0': 0.024905832919416657};-280.569866449044;37.313412027630484
4730;-102.971521196891;(x * (_a1_ + pow2(((-(-(_a5_)) * x) + (_a5_ * _a3_)))));{'d0': {'_a1_': 1.4465760894616768, '_a3_': 0.31192970776051815, '_a5_': 1.8375964947698606, '_a0_': 1.0, '_a2_': 1.0, '_a4_': 1.0, '_a6_': 1.0, '_a7_': 1.0}};{'d0': 0.024905832919416657};-280.569866449044;37.313412027630484
4731;-102.971521196891;(x * (_a1_ + pow2(((-(-(_a5_)) * x) + (_a5_ * _a7_)))));{'d0': {'_a1_': 1.4465760896520634, '_a5_': 1.8375964947641257, '_a7_': 0.3119297078205029, '_a0_': 1.0, '_a2_': 1.0, '_a3_': 1.0, '_a4_': 1.0, '_a6_': 1.0}};{'d0': 0.02490583291941659};-280.569866449044;37.313412027630484
4732;-102.971521196891;(x * (_a1_ + pow2(((-(-(_a5_)) * x) + (_a5_ * _a7_)))));{'d0': {'_a1_': 1.4465760896520634, '_a5_': 1.8375964947641257, '_a7_': 0.3119297078205029, '_a0_': 1.0, '_a2_': 1.0, '_a3_': 1.0, '_a4_': 1.0, '_a6_': 1.0}};{'d0': 0.02490583291941659};-280.569866449044;37.313412027630484
4733;-102.971521196891;(x * (_a1_ + pow2(((-(-(_a5_)) * x) + (_a5_ * _a7_)))));{'d0': {'_a1_': 1.4465760896520634, '_a5_': 1.8375964947641257, '_a7_': 0.3119297078205029, '_a0_': 1.0, '_a2_': 1.0, '_a3_': 1.0, '_a4_': 1.0, '_a6_': 1.0}};{'d0': 0.02490583291941659};-280.569866449044;37.313412027630484
4734;-102.971521196891;(x * (_a1_ + pow2(((-(-(_a5_)) * x) + (_a5_ * _a7_)))));{'d0': {'_a1_': 1.4465760896520634, '_a5_': 1.8375964947641257, '_a7_': 0.3119297078205029, '_a0_': 1.0, '_a2_': 1.0, '_a3_': 1.0, '_a4_': 1.0, '_a6_': 1.0}};{'d0': 0.02490583291941659};-280.569866449044;37.313412027630484
4735;-102.971521196891;(x * (_a1_ + pow2(((-(-(_a5_)) * x) + (_a5_ * _a7_)))));{'d0': {'_a1_': 1.4465760896520634, '_a5_': 1.8375964947641257, '_a7_': 0.3119297078205029, '_a0_': 1.0, '_a2_': 1.0, '_a3_': 1.0, '_a4_': 1.0, '_a6_': 1.0}};{'d0': 0.02490583291941659};-280.569866449044;37.313412027630484
4736;-102.489171805916;(x * (_a1_ + pow2(((-(-(_a5_)) * x) + log(_a6_)))));{'d0': {'_a1_': 1.446576089666366, '_a5_': 1.8375964949631967, '_a6_': 1.7739362320843748, '_a0_': 1.0, '_a2_': 1.0, '_a3_': 1.0, '_a4_': 1.0, '_a7_': 1.0}};{'d0': 0.02490583291941658};-280.569866449044;37.79576141860549
4737;-102.489171805916;(x * (_a1_ + pow2(((-(-(_a5_)) * x) + log(_a6_)))));{'d0': {'_a1_': 1.446576089666366, '_a5_': 1.8375964949631967, '_a6_': 1.7739362320843748, '_a0_': 1.0, '_a2_': 1.0, '_a3_': 1.0, '_a4_': 1.0, '_a7_': 1.0}};{'d0': 0.02490583291941658};-280.569866449044;37.79576141860549
4738;-102.489171805916;(x * (_a1_ + pow2(((-(-(_a5_)) * x) + log(_a6_)))));{'d0': {'_a1_': 1.446576089666366, '_a5_': 1.8375964949631967, '_a6_': 1.7739362320843748, '_a0_': 1.0, '_a2_': 1.0, '_a3_': 1.0, '_a4_': 1.0, '_a7_': 1.0}};{'d0': 0.02490583291941658};-280.569866449044;37.79576141860549
4739;-102.489171805916;(x * (_a1_ + pow2(((-(-(_a5_)) * x) + log(_a6_)))));{'d0': {'_a1_': 1.446576089666366, '_a5_': 1.8375964949631967, '_a6_': 1.7739362320843748, '_a0_': 1.0, '_a2_': 1.0, '_a3_': 1.0, '_a4_': 1.0, '_a7_': 1.0}};{'d0': 0.02490583291941658};-280.569866449044;37.79576141860549
4740;-102.489171805916;(x * (_a1_ + pow2(((-(-(_a5_)) * x) + log(_a6_)))));{'d0': {'_a1_': 1.446576089666366, '_a5_': 1.8375964949631967, '_a6_': 1.7739362320843748, '_a0_': 1.0, '_a2_': 1.0, '_a3_': 1.0, '_a4_': 1.0, '_a7_': 1.0}};{'d0': 0.02490583291941658};-280.569866449044;37.79576141860549
4741;-102.489171805916;(x * (_a1_ + pow2(((-(-(_a5_)) * x) + log(_a6_)))));{'d0': {'_a1_': 1.446576089666366, '_a5_': 1.8375964949631967, '_a6_': 1.7739362320843748, '_a0_': 1.0, '_a2_': 1.0, '_a3_': 1.0, '_a4_': 1.0, '_a7_': 1.0}};{'d0': 0.02490583291941658};-280.569866449044;37.79576141860549
4742;-102.489171805916;(x * (_a1_ + pow2(((-(-(_a5_)) * x) + log(_a6_)))));{'d0': {'_a1_': 1.446576089666366, '_a5_': 1.8375964949631967, '_a6_': 1.7739362320843748, '_a0_': 1.0, '_a2_': 1.0, '_a3_': 1.0, '_a4_': 1.0, '_a7_': 1.0}};{'d0': 0.02490583291941658};-280.569866449044;37.79576141860549
4743;-102.489171805916;(x * (_a1_ + pow2(((-(-(_a5_)) * x) + log(_a6_)))));{'d0': {'_a1_': 1.446576089666366, '_a5_': 1.8375964949631967, '_a6_': 1.7739362320843748, '_a0_': 1.0, '_a2_': 1.0, '_a3_': 1.0, '_a4_': 1.0, '_a7_': 1.0}};{'d0': 0.02490583291941658};-280.569866449044;37.79576141860549
4744;-102.489171805916;(x * (_a1_ + pow2(((-(-(_a5_)) * x) + log(_a6_)))));{'d0': {'_a1_': 1.446576089666366, '_a5_': 1.8375964949631967, '_a6_': 1.7739362320843748, '_a0_': 1.0, '_a2_': 1.0, '_a3_': 1.0, '_a4_': 1.0, '_a7_': 1.0}};{'d0': 0.02490583291941658};-280.569866449044;37.79576141860549
4745;-102.489171805916;(x * (_a1_ + pow2(((-(-(_a5_)) * x) + log(_a6_)))));{'d0': {'_a1_': 1.446576089666366, '_a5_': 1.8375964949631967, '_a6_': 1.7739362320843748, '_a0_': 1.0, '_a2_': 1.0, '_a3_': 1.0, '_a4_': 1.0, '_a7_': 1.0}};{'d0': 0.02490583291941658};-280.569866449044;37.79576141860549
4746;-102.489171805916;(x * (_a1_ + pow2(((-(-(_a5_)) * x) + log(_a6_)))));{'d0': {'_a1_': 1.446576089666366, '_a5_': 1.8375964949631967, '_a6_': 1.7739362320843748, '_a0_': 1.0, '_a2_': 1.0, '_a3_': 1.0, '_a4_': 1.0, '_a7_': 1.0}};{'d0': 0.02490583291941658};-280.569866449044;37.79576141860549
4747;-102.489171805916;(x * (_a1_ + pow2(((-(-(_a5_)) * x) + log(_a6_)))));{'d0': {'_a1_': 1.446576089666366, '_a5_': 1.8375964949631967, '_a6_': 1.7739362320843748, '_a0_': 1.0, '_a2_': 1.0, '_a3_': 1.0, '_a4_': 1.0, '_a7_': 1.0}};{'d0': 0.02490583291941658};-280.569866449044;37.79576141860549
4748;-102.489171805916;(x * (_a1_ + pow2(((-(-(_a5_)) * x) + log(_a6_)))));{'d0': {'_a1_': 1.446576089666366, '_a5_': 1.8375964949631967, '_a6_': 1.7739362320843748, '_a0_': 1.0, '_a2_': 1.0, '_a3_': 1.0, '_a4_': 1.0, '_a7_': 1.0}};{'d0': 0.02490583291941658};-280.569866449044;37.79576141860549
4749;-102.489171805916;(x * (_a1_ + pow2(((-(-(_a5_)) * x) + log(_a6_)))));{'d0': {'_a1_': 1.446576089666366, '_a5_': 1.8375964949631967, '_a6_': 1.7739362320843748, '_a0_': 1.0, '_a2_': 1.0, '_a3_': 1.0, '_a4_': 1.0, '_a7_': 1.0}};{'d0': 0.02490583291941658};-280.569866449044;37.79576141860549
4750;-79.6147837224245;(((sinh((_a0_ * (_a6_ + ((x / pow2(_a6_)) / _a0_)))) + (x / _a3_)) + _a4_) * _a5_);{'d0': {'_a0_': 0.2999083217142404, '_a3_': -0.886986973044669, '_a4_': -0.2688075421869567, '_a5_': 9.340271298610872, '_a6_': 0.8864099552485244, '_a1_': 1.0, '_a2_': 1.0, '_a7_': 1.0}};{'d0': 0.024336627915969772};-273.768346887020;57.2693897210856
4751;-79.6147837224245;(((sinh((_a0_ * (_a6_ + ((x / pow2(_a6_)) / _a0_)))) + (x / _a3_)) + _a4_) * _a5_);{'d0': {'_a0_': 0.2999083217142404, '_a3_': -0.886986973044669, '_a4_': -0.2688075421869567, '_a5_': 9.340271298610872, '_a6_': 0.8864099552485244, '_a1_': 1.0, '_a2_': 1.0, '_a7_': 1.0}};{'d0': 0.024336627915969772};-273.768346887020;57.2693897210856
4752;-79.6147837224245;(((sinh((_a0_ * (_a6_ + ((x / pow2(_a6_)) / _a0_)))) + (x / _a3_)) + _a4_) * _a5_);{'d0': {'_a0_': 0.2999083217142404, '_a3_': -0.886986973044669, '_a4_': -0.2688075421869567, '_a5_': 9.340271298610872, '_a6_': 0.8864099552485244, '_a1_': 1.0, '_a2_': 1.0, '_a7_': 1.0}};{'d0': 0.024336627915969772};-273.768346887020;57.2693897210856
4753;-79.6147837224245;(((sinh((_a0_ * (_a6_ + ((x / pow2(_a6_)) / _a0_)))) + (x / _a3_)) + _a4_) * _a5_);{'d0': {'_a0_': 0.2999083217142404, '_a3_': -0.886986973044669, '_a4_': -0.2688075421869567, '_a5_': 9.340271298610872, '_a6_': 0.8864099552485244, '_a1_': 1.0, '_a2_': 1.0, '_a7_': 1.0}};{'d0': 0.024336627915969772};-273.768346887020;57.2693897210856
4754;-79.6147837224245;(((sinh((_a0_ * (_a6_ + ((x / pow2(_a6_)) / _a0_)))) + (x / _a3_)) + _a4_) * _a5_);{'d0': {'_a0_': 0.2999083217142404, '_a3_': -0.886986973044669, '_a4_': -0.2688075421869567, '_a5_': 9.340271298610872, '_a6_': 0.8864099552485244, '_a1_': 1.0, '_a2_': 1.0, '_a7_': 1.0}};{'d0': 0.024336627915969772};-273.768346887020;57.2693897210856
4755;-79.6147837224245;(((sinh((_a0_ * (_a6_ + ((x / pow2(_a6_)) / _a0_)))) + (x / _a3_)) + _a4_) * _a5_);{'d0': {'_a0_': 0.2999083217142404, '_a3_': -0.886986973044669, '_a4_': -0.2688075421869567, '_a5_': 9.340271298610872, '_a6_': 0.8864099552485244, '_a1_': 1.0, '_a2_': 1.0, '_a7_': 1.0}};{'d0': 0.024336627915969772};-273.768346887020;57.2693897210856
4756;-79.6147837224245;(((sinh((_a0_ * (_a6_ + ((x / pow2(_a6_)) / _a0_)))) + (x / _a3_)) + _a4_) * _a5_);{'d0': {'_a0_': 0.2999083217142404, '_a3_': -0.886986973044669, '_a4_': -0.2688075421869567, '_a5_': 9.340271298610872, '_a6_': 0.8864099552485244, '_a1_': 1.0, '_a2_': 1.0, '_a7_': 1.0}};{'d0': 0.024336627915969772};-273.768346887020;57.2693897210856
4757;-79.6147837224245;(((sinh((_a0_ * (_a6_ + ((x / pow2(_a6_)) / _a0_)))) + (x / _a3_)) + _a4_) * _a5_);{'d0': {'_a0_': 0.2999083217142404, '_a3_': -0.886986973044669, '_a4_': -0.2688075421869567, '_a5_': 9.340271298610872, '_a6_': 0.8864099552485244, '_a1_': 1.0, '_a2_': 1.0, '_a7_': 1.0}};{'d0': 0.024336627915969772};-273.768346887020;57.2693897210856
4758;-79.6147837224245;(((sinh((_a0_ * (_a6_ + ((x / pow2(_a6_)) / _a0_)))) + (x / _a3_)) + _a4_) * _a5_);{'d0': {'_a0_': 0.2999083217142404, '_a3_': -0.886986973044669, '_a4_': -0.2688075421869567, '_a5_': 9.340271298610872, '_a6_': 0.8864099552485244, '_a1_': 1.0, '_a2_': 1.0, '_a7_': 1.0}};{'d0': 0.024336627915969772};-273.768346887020;57.2693897210856
4759;-102.471689571567;(x * (_a1_ + pow2(((pow2(-(_a5_)) * x) + log(_a6_)))));{'d0': {'_a1_': 1.4465760892789348, '_a5_': 1.3555797634242301, '_a6_': 0.5637181210955845, '_a0_': 1.0, '_a2_': 1.0, '_a3_': 1.0, '_a4_': 1.0, '_a7_': 1.0}};{'d0': 0.024905832919416566};-280.569866449044;37.81324365295432
4760;-102.471689571567;(x * (_a1_ + pow2(((pow2(-(_a5_)) * x) + log(_a6_)))));{'d0': {'_a1_': 1.4465760892789348, '_a5_': 1.3555797634242301, '_a6_': 0.5637181210955845, '_a0_': 1.0, '_a2_': 1.0, '_a3_': 1.0, '_a4_': 1.0, '_a7_': 1.0}};{'d0': 0.024905832919416566};-280.569866449044;37.81324365295432
4761;-102.471689571567;(x * (_a1_ + pow2(((pow2(-(_a5_)) * x) + log(_a6_)))));{'d0': {'_a1_': 1.4465760892789348, '_a5_': 1.3555797634242301, '_a6_': 0.5637181210955845, '_a0_': 1.0, '_a2_': 1.0, '_a3_': 1.0, '_a4_': 1.0, '_a7_': 1.0}};{'d0': 0.024905832919416566};-280.569866449044;37.81324365295432
4762;-101.751611809107;(x * (_a1_ + pow2(((pow2(-(_a5_)) * x) + cos(_a6_)))));{'d0': {'_a1_': 1.4465760892248967, '_a5_': 1.3555797634442834, '_a6_': 8.464388546528534, '_a0_': 1.0, '_a2_': 1.0, '_a3_': 1.0, '_a4_': 1.0, '_a7_': 1.0}};{'d0': 0.02490583291941666};-280.569866449044;38.53332141541432
4763;-101.751611809107;(x * (_a1_ + pow2(((pow2(-(_a5_)) * x) + cos(_a6_)))));{'d0': {'_a1_': 1.4465760892248967, '_a5_': 1.3555797634442834, '_a6_': 8.464388546528534, '_a0_': 1.0, '_a2_': 1.0, '_a3_': 1.0, '_a4_': 1.0, '_a7_': 1.0}};{'d0': 0.02490583291941666};-280.569866449044;38.53332141541432
4764;-101.751611809107;(x * (_a1_ + pow2(((pow2(-(_a5_)) * x) + cos(_a6_)))));{'d0': {'_a1_': 1.4465760892248967, '_a5_': 1.3555797634442834, '_a6_': 8.464388546528534, '_a0_': 1.0, '_a2_': 1.0, '_a3_': 1.0, '_a4_': 1.0, '_a7_': 1.0}};{'d0': 0.02490583291941666};-280.569866449044;38.53332141541432
4765;-101.751611809107;(x * (_a1_ + pow2(((pow2(-(_a5_)) * x) + cos(_a6_)))));{'d0': {'_a1_': 1.4465760892248967, '_a5_': 1.3555797634442834, '_a6_': 8.464388546528534, '_a0_': 1.0, '_a2_': 1.0, '_a3_': 1.0, '_a4_': 1.0, '_a7_': 1.0}};{'d0': 0.02490583291941666};-280.569866449044;38.53332141541432
4766;-101.751611809107;(x * (_a1_ + pow2(((pow2(-(_a5_)) * x) + cos(_a6_)))));{'d0': {'_a1_': 1.4465760892248967, '_a5_': 1.3555797634442834, '_a6_': 8.464388546528534, '_a0_': 1.0, '_a2_': 1.0, '_a3_': 1.0, '_a4_': 1.0, '_a7_': 1.0}};{'d0': 0.02490583291941666};-280.569866449044;38.53332141541432
4767;-107.831021601677;(x * (_a1_ + pow2(((pow2(-(_a5_)) * x) + _a2_))));{'d0': {'_a1_': 1.4465760891469595, '_a2_': -0.5732009378981078, '_a5_': 1.3555797635152234, '_a0_': 1.0, '_a3_': 1.0, '_a4_': 1.0, '_a6_': 1.0, '_a7_': 1.0}};{'d0': 0.02490583291941668};-280.569866449043;32.45391162284432
4768;-107.831021601677;(x * (_a1_ + pow2(((pow2(-(_a5_)) * x) + _a2_))));{'d0': {'_a1_': 1.4465760891469595, '_a2_': -0.5732009378981078, '_a5_': 1.3555797635152234, '_a0_': 1.0, '_a3_': 1.0, '_a4_': 1.0, '_a6_': 1.0, '_a7_': 1.0}};{'d0': 0.02490583291941668};-280.569866449043;32.45391162284432
4769;-107.831021601677;(x * (_a1_ + pow2(((pow2(-(_a5_)) * x) + _a2_))));{'d0': {'_a1_': 1.4465760891469595, '_a2_': -0.5732009378981078, '_a5_': 1.3555797635152234, '_a0_': 1.0, '_a3_': 1.0, '_a4_': 1.0, '_a6_': 1.0, '_a7_': 1.0}};{'d0': 0.02490583291941668};-280.569866449043;32.45391162284432
4770;-107.831021601677;(x * (_a1_ + pow2(((pow2(-(_a5_)) * x) + _a2_))));{'d0': {'_a1_': 1.4465760891469595, '_a2_': -0.5732009378981078, '_a5_': 1.3555797635152234, '_a0_': 1.0, '_a3_': 1.0, '_a4_': 1.0, '_a6_': 1.0, '_a7_': 1.0}};{'d0': 0.02490583291941668};-280.569866449043;32.45391162284432
4771;-107.831021601677;(x * (_a1_ + pow2(((pow2(-(_a5_)) * x) + _a2_))));{'d0': {'_a1_': 1.4465760891469595, '_a2_': -0.5732009378981078, '_a5_': 1.3555797635152234, '_a0_': 1.0, '_a3_': 1.0, '_a4_': 1.0, '_a6_': 1.0, '_a7_': 1.0}};{'d0': 0.02490583291941668};-280.569866449043;32.45391162284432
4772;-102.954038962542;(x * (_a1_ + pow2(((pow2(-((_a7_ * _a7_))) * x) + _a2_))));{'d0': {'_a1_': 1.446576089501324, '_a2_': -0.5732009377882155, '_a7_': 1.164293675755569, '_a0_': 1.0, '_a3_': 1.0, '_a4_': 1.0, '_a5_': 1.0, '_a6_': 1.0}};{'d0': 0.02490583291941668};-280.569866449043;37.330894261979324
4773;-102.954038962542;(x * (_a1_ + pow2(((pow2(-((_a7_ * _a7_))) * x) + _a2_))));{'d0': {'_a1_': 1.446576089501324, '_a2_': -0.5732009377882155, '_a7_': 1.164293675755569, '_a0_': 1.0, '_a3_': 1.0, '_a4_': 1.0, '_a5_': 1.0, '_a6_': 1.0}};{'d0': 0.02490583291941668};-280.569866449043;37.330894261979324
4774;-102.954038962542;(x * (_a1_ + pow2(((pow2(-((_a7_ * _a7_))) * x) + _a2_))));{'d0': {'_a1_': 1.446576089501324, '_a2_': -0.5732009377882155, '_a7_': 1.164293675755569, '_a0_': 1.0, '_a3_': 1.0, '_a4_': 1.0, '_a5_': 1.0, '_a6_': 1.0}};{'d0': 0.02490583291941668};-280.569866449043;37.330894261979324
4775;-102.954038962542;(x * (_a1_ + pow2(((pow2(-((_a7_ * _a7_))) * x) + _a2_))));{'d0': {'_a1_': 1.446576089501324, '_a2_': -0.5732009377882155, '_a7_': 1.164293675755569, '_a0_': 1.0, '_a3_': 1.0, '_a4_': 1.0, '_a5_': 1.0, '_a6_': 1.0}};{'d0': 0.02490583291941668};-280.569866449043;37.330894261979324
4776;-102.954038962542;(x * (_a1_ + pow2(((pow2(-((_a7_ * _a7_))) * x) + _a2_))));{'d0': {'_a1_': 1.446576089501324, '_a2_': -0.5732009377882155, '_a7_': 1.164293675755569, '_a0_': 1.0, '_a3_': 1.0, '_a4_': 1.0, '_a5_': 1.0, '_a6_': 1.0}};{'d0': 0.02490583291941668};-280.569866449043;37.330894261979324
4777;-102.954038962542;(x * (_a1_ + pow2(((pow2(-((_a7_ * _a7_))) * x) + _a2_))));{'d0': {'_a1_': 1.446576089501324, '_a2_': -0.5732009377882155, '_a7_': 1.164293675755569, '_a0_': 1.0, '_a3_': 1.0, '_a4_': 1.0, '_a5_': 1.0, '_a6_': 1.0}};{'d0': 0.02490583291941668};-280.569866449043;37.330894261979324
4778;-102.954038962542;(x * (_a1_ + pow2(((pow2(-((_a7_ * _a7_))) * x) + _a2_))));{'d0': {'_a1_': 1.446576089501324, '_a2_': -0.5732009377882155, '_a7_': 1.164293675755569, '_a0_': 1.0, '_a3_': 1.0, '_a4_': 1.0, '_a5_': 1.0, '_a6_': 1.0}};{'d0': 0.02490583291941668};-280.569866449043;37.330894261979324
4779;-102.954038962542;(x * (_a1_ + pow2(((pow2(-((_a7_ * _a7_))) * x) + _a2_))));{'d0': {'_a1_': 1.446576089501324, '_a2_': -0.5732009377882155, '_a7_': 1.164293675755569, '_a0_': 1.0, '_a3_': 1.0, '_a4_': 1.0, '_a5_': 1.0, '_a6_': 1.0}};{'d0': 0.02490583291941668};-280.569866449043;37.330894261979324
4780;-102.954038962542;(x * (_a1_ + pow2(((pow2(-((_a7_ * _a7_))) * x) + _a2_))));{'d0': {'_a1_': 1.446576089501324, '_a2_': -0.5732009377882155, '_a7_': 1.164293675755569, '_a0_': 1.0, '_a3_': 1.0, '_a4_': 1.0, '_a5_': 1.0, '_a6_': 1.0}};{'d0': 0.02490583291941668};-280.569866449043;37.330894261979324
4781;-102.954038962542;(x * (_a1_ + pow2(((pow2(-((_a7_ * _a7_))) * x) + _a2_))));{'d0': {'_a1_': 1.446576089501324, '_a2_': -0.5732009377882155, '_a7_': 1.164293675755569, '_a0_': 1.0, '_a3_': 1.0, '_a4_': 1.0, '_a5_': 1.0, '_a6_': 1.0}};{'d0': 0.02490583291941668};-280.569866449043;37.330894261979324
4782;-102.954038962542;(x * (_a1_ + pow2(((pow2(-((_a7_ * _a7_))) * x) + _a2_))));{'d0': {'_a1_': 1.446576089501324, '_a2_': -0.5732009377882155, '_a7_': 1.164293675755569, '_a0_': 1.0, '_a3_': 1.0, '_a4_': 1.0, '_a5_': 1.0, '_a6_': 1.0}};{'d0': 0.02490583291941668};-280.569866449043;37.330894261979324
4783;-102.954038962542;(x * (_a1_ + pow2(((pow2(-((_a7_ * _a7_))) * x) + _a2_))));{'d0': {'_a1_': 1.446576089501324, '_a2_': -0.5732009377882155, '_a7_': 1.164293675755569, '_a0_': 1.0, '_a3_': 1.0, '_a4_': 1.0, '_a5_': 1.0, '_a6_': 1.0}};{'d0': 0.02490583291941668};-280.569866449043;37.330894261979324
4784;-102.954038962542;(x * (_a1_ + pow2(((pow2(-((_a7_ * _a7_))) * x) + _a2_))));{'d0': {'_a1_': 1.446576089501324, '_a2_': -0.5732009377882155, '_a7_': 1.164293675755569, '_a0_': 1.0, '_a3_': 1.0, '_a4_': 1.0, '_a5_': 1.0, '_a6_': 1.0}};{'d0': 0.02490583291941668};-280.569866449043;37.330894261979324
4785;-102.954038962542;(x * (_a1_ + pow2(((pow2(-((_a7_ * _a7_))) * x) + _a2_))));{'d0': {'_a1_': 1.446576089501324, '_a2_': -0.5732009377882155, '_a7_': 1.164293675755569, '_a0_': 1.0, '_a3_': 1.0, '_a4_': 1.0, '_a5_': 1.0, '_a6_': 1.0}};{'d0': 0.02490583291941668};-280.569866449043;37.330894261979324
4786;-102.954038962542;(x * (_a1_ + pow2(((pow2(-((_a7_ * _a7_))) * x) + _a2_))));{'d0': {'_a1_': 1.446576089501324, '_a2_': -0.5732009377882155, '_a7_': 1.164293675755569, '_a0_': 1.0, '_a3_': 1.0, '_a4_': 1.0, '_a5_': 1.0, '_a6_': 1.0}};{'d0': 0.02490583291941668};-280.569866449043;37.330894261979324
4787;-102.954038962542;(x * (_a1_ + pow2(((pow2(-((_a7_ * _a7_))) * x) + _a2_))));{'d0': {'_a1_': 1.446576089501324, '_a2_': -0.5732009377882155, '_a7_': 1.164293675755569, '_a0_': 1.0, '_a3_': 1.0, '_a4_': 1.0, '_a5_': 1.0, '_a6_': 1.0}};{'d0': 0.02490583291941668};-280.569866449043;37.330894261979324
4788;-102.954038962542;(x * (_a1_ + pow2(((pow2(-((_a7_ * _a7_))) * x) + _a2_))));{'d0': {'_a1_': 1.446576089501324, '_a2_': -0.5732009377882155, '_a7_': 1.164293675755569, '_a0_': 1.0, '_a3_': 1.0, '_a4_': 1.0, '_a5_': 1.0, '_a6_': 1.0}};{'d0': 0.02490583291941668};-280.569866449043;37.330894261979324
4789;-102.954038962542;(x * (_a1_ + pow2(((pow2(-((_a7_ * _a7_))) * x) + _a2_))));{'d0': {'_a1_': 1.446576089501324, '_a2_': -0.5732009377882155, '_a7_': 1.164293675755569, '_a0_': 1.0, '_a3_': 1.0, '_a4_': 1.0, '_a5_': 1.0, '_a6_': 1.0}};{'d0': 0.02490583291941668};-280.569866449043;37.330894261979324
4790;-107.831021601677;(x * (_a1_ + pow2(((pow2(-(_a0_)) * x) + _a2_))));{'d0': {'_a0_': 1.3555797634991098, '_a1_': 1.4465760889025483, '_a2_': -0.5732009377149604, '_a3_': 1.0, '_a4_': 1.0, '_a5_': 1.0, '_a6_': 1.0, '_a7_': 1.0}};{'d0': 0.02490583291941658};-280.569866449044;32.45391162284432
4791;-107.831021601677;(x * (_a1_ + pow2(((pow2(-(_a0_)) * x) + _a2_))));{'d0': {'_a0_': 1.3555797634991098, '_a1_': 1.4465760889025483, '_a2_': -0.5732009377149604, '_a3_': 1.0, '_a4_': 1.0, '_a5_': 1.0, '_a6_': 1.0, '_a7_': 1.0}};{'d0': 0.02490583291941658};-280.569866449044;32.45391162284432
4792;-107.831021601677;(x * (_a1_ + pow2(((pow2(-(_a0_)) * x) + _a2_))));{'d0': {'_a0_': 1.3555797634991098, '_a1_': 1.4465760889025483, '_a2_': -0.5732009377149604, '_a3_': 1.0, '_a4_': 1.0, '_a5_': 1.0, '_a6_': 1.0, '_a7_': 1.0}};{'d0': 0.02490583291941658};-280.569866449044;32.45391162284432
4793;-107.831021601677;(x * (_a1_ + pow2(((pow2(-(_a0_)) * x) + _a2_))));{'d0': {'_a0_': 1.3555797634991098, '_a1_': 1.4465760889025483, '_a2_': -0.5732009377149604, '_a3_': 1.0, '_a4_': 1.0, '_a5_': 1.0, '_a6_': 1.0, '_a7_': 1.0}};{'d0': 0.02490583291941658};-280.569866449044;32.45391162284432
4794;-107.831021601677;(x * (_a1_ + pow2(((pow2(-(_a0_)) * x) + _a2_))));{'d0': {'_a0_': 1.3555797634991098, '_a1_': 1.4465760889025483, '_a2_': -0.5732009377149604, '_a3_': 1.0, '_a4_': 1.0, '_a5_': 1.0, '_a6_': 1.0, '_a7_': 1.0}};{'d0': 0.02490583291941658};-280.569866449044;32.45391162284432
4795;-107.831021601677;(x * (_a1_ + pow2(((pow2(-(_a0_)) * x) + _a2_))));{'d0': {'_a0_': 1.3555797634991098, '_a1_': 1.4465760889025483, '_a2_': -0.5732009377149604, '_a3_': 1.0, '_a4_': 1.0, '_a5_': 1.0, '_a6_': 1.0, '_a7_': 1.0}};{'d0': 0.02490583291941658};-280.569866449044;32.45391162284432
4796;-107.831021601677;(x * (_a1_ + pow2(((pow2(-(_a0_)) * x) + _a2_))));{'d0': {'_a0_': 1.3555797634991098, '_a1_': 1.4465760889025483, '_a2_': -0.5732009377149604, '_a3_': 1.0, '_a4_': 1.0, '_a5_': 1.0, '_a6_': 1.0, '_a7_': 1.0}};{'d0': 0.02490583291941658};-280.569866449044;32.45391162284432
4797;-107.831021601677;(x * (_a1_ + pow2(((pow2(-(_a0_)) * x) + _a2_))));{'d0': {'_a0_': 1.3555797634991098, '_a1_': 1.4465760889025483, '_a2_': -0.5732009377149604, '_a3_': 1.0, '_a4_': 1.0, '_a5_': 1.0, '_a6_': 1.0, '_a7_': 1.0}};{'d0': 0.02490583291941658};-280.569866449044;32.45391162284432
4798;-107.831021601677;(x * (_a1_ + pow2(((pow2(-(_a0_)) * x) + _a2_))));{'d0': {'_a0_': 1.3555797634991098, '_a1_': 1.4465760889025483, '_a2_': -0.5732009377149604, '_a3_': 1.0, '_a4_': 1.0, '_a5_': 1.0, '_a6_': 1.0, '_a7_': 1.0}};{'d0': 0.02490583291941658};-280.569866449044;32.45391162284432
4799;-107.831021601677;(x * (_a1_ + pow2(((pow2(-(_a0_)) * x) + _a2_))));{'d0': {'_a0_': 1.3555797634991098, '_a1_': 1.4465760889025483, '_a2_': -0.5732009377149604, '_a3_': 1.0, '_a4_': 1.0, '_a5_': 1.0, '_a6_': 1.0, '_a7_': 1.0}};{'d0': 0.02490583291941658};-280.569866449044;32.45391162284432
4800;-107.831021601677;(x * (_a1_ + pow2(((pow2(-(_a0_)) * x) + _a2_))));{'d0': {'_a0_': 1.3555797634991098, '_a1_': 1.4465760889025483, '_a2_': -0.5732009377149604, '_a3_': 1.0, '_a4_': 1.0, '_a5_': 1.0, '_a6_': 1.0, '_a7_': 1.0}};{'d0': 0.02490583291941658};-280.569866449044;32.45391162284432
4801;-107.831021601677;(x * (_a1_ + pow2(((pow2(-(_a0_)) * x) + _a2_))));{'d0': {'_a0_': 1.3555797634991098, '_a1_': 1.4465760889025483, '_a2_': -0.5732009377149604, '_a3_': 1.0, '_a4_': 1.0, '_a5_': 1.0, '_a6_': 1.0, '_a7_': 1.0}};{'d0': 0.02490583291941658};-280.569866449044;32.45391162284432
4802;-107.831021601677;(x * (_a1_ + pow2(((pow2(-(_a0_)) * x) + _a2_))));{'d0': {'_a0_': 1.3555797634991098, '_a1_': 1.4465760889025483, '_a2_': -0.5732009377149604, '_a3_': 1.0, '_a4_': 1.0, '_a5_': 1.0, '_a6_': 1.0, '_a7_': 1.0}};{'d0': 0.02490583291941658};-280.569866449044;32.45391162284432
4803;-67.7735816236870;(((sinh((_a6_ * (_a6_ + ((x / pow2(_a6_)) + _a0_)))) + (x / (_a3_ / _a2_))) + _a4_) * (_a3_ + _a2_));{'d0': {'_a0_': -0.4473589852710807, '_a2_': 82.63623291850038, '_a3_': -73.29642090621115, '_a4_': -0.26881191212198824, '_a6_': 0.7857101643052593, '_a1_': 1.0, '_a5_': 1.0, '_a7_': 1.0}};{'d0': 0.02433662791651938};-273.768346885665;69.1105918191456
4804;-67.7735816236870;(((sinh((_a6_ * (_a6_ + ((x / pow2(_a6_)) + _a0_)))) + (x / (_a3_ / _a2_))) + _a4_) * (_a3_ + _a2_));{'d0': {'_a0_': -0.4473589852710807, '_a2_': 82.63623291850038, '_a3_': -73.29642090621115, '_a4_': -0.26881191212198824, '_a6_': 0.7857101643052593, '_a1_': 1.0, '_a5_': 1.0, '_a7_': 1.0}};{'d0': 0.02433662791651938};-273.768346885665;69.1105918191456
4805;-67.7271342676074;(((sinh((_a6_ * (_a6_ + ((x + pow2(_a6_)) + _a0_)))) + (x / (_a3_ / _a2_))) + _a4_) * (_a3_ + _a2_));{'d0': {'_a0_': -0.13863575456323596, '_a2_': -4.946861896451987, '_a3_': -4.3871114519827445, '_a4_': 0.2688674957767297, '_a6_': -1.2729902548803915, '_a1_': 1.0, '_a5_': 1.0, '_a7_': 1.0}};{'d0': 0.0243366280438337};-273.768346571782;69.1570390182836
4806;-67.7271342676074;(((sinh((_a6_ * (_a6_ + ((x + pow2(_a6_)) + _a0_)))) + (x / (_a3_ / _a2_))) + _a4_) * (_a3_ + _a2_));{'d0': {'_a0_': -0.13863575456323596, '_a2_': -4.946861896451987, '_a3_': -4.3871114519827445, '_a4_': 0.2688674957767297, '_a6_': -1.2729902548803915, '_a1_': 1.0, '_a5_': 1.0, '_a7_': 1.0}};{'d0': 0.0243366280438337};-273.768346571782;69.1570390182836
4807;-67.7271342676074;(((sinh((_a6_ * (_a6_ + ((x + pow2(_a6_)) + _a0_)))) + (x / (_a3_ / _a2_))) + _a4_) * (_a3_ + _a2_));{'d0': {'_a0_': -0.13863575456323596, '_a2_': -4.946861896451987, '_a3_': -4.3871114519827445, '_a4_': 0.2688674957767297, '_a6_': -1.2729902548803915, '_a1_': 1.0, '_a5_': 1.0, '_a7_': 1.0}};{'d0': 0.0243366280438337};-273.768346571782;69.1570390182836
4808;-67.7735816236870;(((sinh((_a6_ * (_a6_ + ((x / pow2(_a6_)) + _a0_)))) + (x / (_a3_ / _a2_))) + _a4_) * (_a3_ + _a2_));{'d0': {'_a0_': -0.4473589852710807, '_a2_': 82.63623291850038, '_a3_': -73.29642090621115, '_a4_': -0.26881191212198824, '_a6_': 0.7857101643052593, '_a1_': 1.0, '_a5_': 1.0, '_a7_': 1.0}};{'d0': 0.02433662791651938};-273.768346885665;69.1105918191456
4809;-67.7735816236870;(((sinh((_a6_ * (_a6_ + ((x / pow2(_a6_)) + _a0_)))) + (x / (_a3_ / _a2_))) + _a4_) * (_a3_ + _a2_));{'d0': {'_a0_': -0.4473589852710807, '_a2_': 82.63623291850038, '_a3_': -73.29642090621115, '_a4_': -0.26881191212198824, '_a6_': 0.7857101643052593, '_a1_': 1.0, '_a5_': 1.0, '_a7_': 1.0}};{'d0': 0.02433662791651938};-273.768346885665;69.1105918191456
4810;-67.7735816236870;(((sinh((_a6_ * (_a6_ + ((x / pow2(_a6_)) + _a0_)))) + (x / (_a3_ / _a2_))) + _a4_) * (_a3_ + _a2_));{'d0': {'_a0_': -0.4473589852710807, '_a2_': 82.63623291850038, '_a3_': -73.29642090621115, '_a4_': -0.26881191212198824, '_a6_': 0.7857101643052593, '_a1_': 1.0, '_a5_': 1.0, '_a7_': 1.0}};{'d0': 0.02433662791651938};-273.768346885665;69.1105918191456
4811;-67.7735816236870;(((sinh((_a6_ * (_a6_ + ((x / pow2(_a6_)) + _a0_)))) + (x / (_a3_ / _a2_))) + _a4_) * (_a3_ + _a2_));{'d0': {'_a0_': -0.4473589852710807, '_a2_': 82.63623291850038, '_a3_': -73.29642090621115, '_a4_': -0.26881191212198824, '_a6_': 0.7857101643052593, '_a1_': 1.0, '_a5_': 1.0, '_a7_': 1.0}};{'d0': 0.02433662791651938};-273.768346885665;69.1105918191456
4812;-67.7735816236870;(((sinh((_a6_ * (_a6_ + ((x / pow2(_a6_)) + _a0_)))) + (x / (_a3_ / _a2_))) + _a4_) * (_a3_ + _a2_));{'d0': {'_a0_': -0.4473589852710807, '_a2_': 82.63623291850038, '_a3_': -73.29642090621115, '_a4_': -0.26881191212198824, '_a6_': 0.7857101643052593, '_a1_': 1.0, '_a5_': 1.0, '_a7_': 1.0}};{'d0': 0.02433662791651938};-273.768346885665;69.1105918191456
4813;-67.7735816236870;(((sinh((_a6_ * (_a6_ + ((x / pow2(_a6_)) + _a0_)))) + (x / (_a3_ / _a2_))) + _a4_) * (_a3_ + _a2_));{'d0': {'_a0_': -0.4473589852710807, '_a2_': 82.63623291850038, '_a3_': -73.29642090621115, '_a4_': -0.26881191212198824, '_a6_': 0.7857101643052593, '_a1_': 1.0, '_a5_': 1.0, '_a7_': 1.0}};{'d0': 0.02433662791651938};-273.768346885665;69.1105918191456
4814;-67.7735816236870;(((sinh((_a6_ * (_a6_ + ((x / pow2(_a6_)) + _a0_)))) + (x / (_a3_ / _a2_))) + _a4_) * (_a3_ + _a2_));{'d0': {'_a0_': -0.4473589852710807, '_a2_': 82.63623291850038, '_a3_': -73.29642090621115, '_a4_': -0.26881191212198824, '_a6_': 0.7857101643052593, '_a1_': 1.0, '_a5_': 1.0, '_a7_': 1.0}};{'d0': 0.02433662791651938};-273.768346885665;69.1105918191456
4815;-67.7735816236870;(((sinh((_a6_ * (_a6_ + ((x / pow2(_a6_)) + _a0_)))) + (x / (_a3_ / _a2_))) + _a4_) * (_a3_ + _a2_));{'d0': {'_a0_': -0.4473589852710807, '_a2_': 82.63623291850038, '_a3_': -73.29642090621115, '_a4_': -0.26881191212198824, '_a6_': 0.7857101643052593, '_a1_': 1.0, '_a5_': 1.0, '_a7_': 1.0}};{'d0': 0.02433662791651938};-273.768346885665;69.1105918191456
4816;-67.7735816236870;(((sinh((_a6_ * (_a6_ + ((x / pow2(_a6_)) + _a0_)))) + (x / (_a3_ / _a2_))) + _a4_) * (_a3_ + _a2_));{'d0': {'_a0_': -0.4473589852710807, '_a2_': 82.63623291850038, '_a3_': -73.29642090621115, '_a4_': -0.26881191212198824, '_a6_': 0.7857101643052593, '_a1_': 1.0, '_a5_': 1.0, '_a7_': 1.0}};{'d0': 0.02433662791651938};-273.768346885665;69.1105918191456
4817;-67.7735816236870;(((sinh((_a6_ * (_a6_ + ((x / pow2(_a6_)) + _a0_)))) + (x / (_a3_ / _a2_))) + _a4_) * (_a3_ + _a2_));{'d0': {'_a0_': -0.4473589852710807, '_a2_': 82.63623291850038, '_a3_': -73.29642090621115, '_a4_': -0.26881191212198824, '_a6_': 0.7857101643052593, '_a1_': 1.0, '_a5_': 1.0, '_a7_': 1.0}};{'d0': 0.02433662791651938};-273.768346885665;69.1105918191456
4818;-67.7735816236870;(((sinh((_a6_ * (_a6_ + ((x / pow2(_a6_)) + _a0_)))) + (x / (_a3_ / _a2_))) + _a4_) * (_a3_ + _a2_));{'d0': {'_a0_': -0.4473589852710807, '_a2_': 82.63623291850038, '_a3_': -73.29642090621115, '_a4_': -0.26881191212198824, '_a6_': 0.7857101643052593, '_a1_': 1.0, '_a5_': 1.0, '_a7_': 1.0}};{'d0': 0.02433662791651938};-273.768346885665;69.1105918191456
4819;-67.7735816236870;(((sinh((_a6_ * (_a6_ + ((x / pow2(_a6_)) + _a0_)))) + (x / (_a3_ / _a2_))) + _a4_) * (_a3_ + _a2_));{'d0': {'_a0_': -0.4473589852710807, '_a2_': 82.63623291850038, '_a3_': -73.29642090621115, '_a4_': -0.26881191212198824, '_a6_': 0.7857101643052593, '_a1_': 1.0, '_a5_': 1.0, '_a7_': 1.0}};{'d0': 0.02433662791651938};-273.768346885665;69.1105918191456
4820;-67.7735816236870;(((sinh((_a6_ * (_a6_ + ((x / pow2(_a6_)) + _a0_)))) + (x / (_a3_ / _a2_))) + _a4_) * (_a3_ + _a2_));{'d0': {'_a0_': -0.4473589852710807, '_a2_': 82.63623291850038, '_a3_': -73.29642090621115, '_a4_': -0.26881191212198824, '_a6_': 0.7857101643052593, '_a1_': 1.0, '_a5_': 1.0, '_a7_': 1.0}};{'d0': 0.02433662791651938};-273.768346885665;69.1105918191456
4821;-67.7735816236870;(((sinh((_a6_ * (_a6_ + ((x / pow2(_a6_)) + _a0_)))) + (x / (_a3_ / _a2_))) + _a4_) * (_a3_ + _a2_));{'d0': {'_a0_': -0.4473589852710807, '_a2_': 82.63623291850038, '_a3_': -73.29642090621115, '_a4_': -0.26881191212198824, '_a6_': 0.7857101643052593, '_a1_': 1.0, '_a5_': 1.0, '_a7_': 1.0}};{'d0': 0.02433662791651938};-273.768346885665;69.1105918191456
4822;-67.7735816236870;(((sinh((_a6_ * (_a6_ + ((x / pow2(_a6_)) + _a0_)))) + (x / (_a3_ / _a2_))) + _a4_) * (_a3_ + _a2_));{'d0': {'_a0_': -0.4473589852710807, '_a2_': 82.63623291850038, '_a3_': -73.29642090621115, '_a4_': -0.26881191212198824, '_a6_': 0.7857101643052593, '_a1_': 1.0, '_a5_': 1.0, '_a7_': 1.0}};{'d0': 0.02433662791651938};-273.768346885665;69.1105918191456
4823;-67.7735816236870;(((sinh((_a6_ * (_a6_ + ((x / pow2(_a6_)) + _a0_)))) + (x / (_a3_ / _a2_))) + _a4_) * (_a3_ + _a2_));{'d0': {'_a0_': -0.4473589852710807, '_a2_': 82.63623291850038, '_a3_': -73.29642090621115, '_a4_': -0.26881191212198824, '_a6_': 0.7857101643052593, '_a1_': 1.0, '_a5_': 1.0, '_a7_': 1.0}};{'d0': 0.02433662791651938};-273.768346885665;69.1105918191456
4824;-67.7735816236870;(((sinh((_a6_ * (_a6_ + ((x / pow2(_a6_)) + _a0_)))) + (x / (_a3_ / _a2_))) + _a4_) * (_a3_ + _a2_));{'d0': {'_a0_': -0.4473589852710807, '_a2_': 82.63623291850038, '_a3_': -73.29642090621115, '_a4_': -0.26881191212198824, '_a6_': 0.7857101643052593, '_a1_': 1.0, '_a5_': 1.0, '_a7_': 1.0}};{'d0': 0.02433662791651938};-273.768346885665;69.1105918191456
4825;-67.7735816236870;(((sinh((_a6_ * (_a6_ + ((x / pow2(_a6_)) + _a0_)))) + (x / (_a3_ / _a2_))) + _a4_) * (_a3_ + _a2_));{'d0': {'_a0_': -0.4473589852710807, '_a2_': 82.63623291850038, '_a3_': -73.29642090621115, '_a4_': -0.26881191212198824, '_a6_': 0.7857101643052593, '_a1_': 1.0, '_a5_': 1.0, '_a7_': 1.0}};{'d0': 0.02433662791651938};-273.768346885665;69.1105918191456
4826;-67.7735816236870;(((sinh((_a6_ * (_a6_ + ((x / pow2(_a6_)) + _a0_)))) + (x / (_a3_ / _a2_))) + _a4_) * (_a3_ + _a2_));{'d0': {'_a0_': -0.4473589852710807, '_a2_': 82.63623291850038, '_a3_': -73.29642090621115, '_a4_': -0.26881191212198824, '_a6_': 0.7857101643052593, '_a1_': 1.0, '_a5_': 1.0, '_a7_': 1.0}};{'d0': 0.02433662791651938};-273.768346885665;69.1105918191456
4827;-67.7735816236870;(((sinh((_a6_ * (_a6_ + ((x / pow2(_a6_)) + _a0_)))) + (x / (_a3_ / _a2_))) + _a4_) * (_a3_ + _a2_));{'d0': {'_a0_': -0.4473589852710807, '_a2_': 82.63623291850038, '_a3_': -73.29642090621115, '_a4_': -0.26881191212198824, '_a6_': 0.7857101643052593, '_a1_': 1.0, '_a5_': 1.0, '_a7_': 1.0}};{'d0': 0.02433662791651938};-273.768346885665;69.1105918191456
4828;-67.7735816236870;(((sinh((_a6_ * (_a6_ + ((x / pow2(_a6_)) + _a0_)))) + (x / (_a3_ / _a2_))) + _a4_) * (_a3_ + _a2_));{'d0': {'_a0_': -0.4473589852710807, '_a2_': 82.63623291850038, '_a3_': -73.29642090621115, '_a4_': -0.26881191212198824, '_a6_': 0.7857101643052593, '_a1_': 1.0, '_a5_': 1.0, '_a7_': 1.0}};{'d0': 0.02433662791651938};-273.768346885665;69.1105918191456
4829;-67.7735816236870;(((sinh((_a6_ * (_a6_ + ((x / pow2(_a6_)) + _a0_)))) + (x / (_a3_ / _a2_))) + _a4_) * (_a3_ + _a2_));{'d0': {'_a0_': -0.4473589852710807, '_a2_': 82.63623291850038, '_a3_': -73.29642090621115, '_a4_': -0.26881191212198824, '_a6_': 0.7857101643052593, '_a1_': 1.0, '_a5_': 1.0, '_a7_': 1.0}};{'d0': 0.02433662791651938};-273.768346885665;69.1105918191456
4830;-67.7265444403632;(((sinh((_a6_ * (_a4_ + ((x / pow2(_a6_)) + _a0_)))) + (x / (_a3_ / _a2_))) + _a4_) * (_a3_ + _a2_));{'d0': {'_a0_': 0.4769406821604615, '_a2_': -296643.1584981222, '_a3_': 296658.2608390596, '_a4_': -0.22925527538776933, '_a6_': 0.9179157473036464, '_a1_': 1.0, '_a5_': 1.0, '_a7_': 1.0}};{'d0': 0.02437481539351197};-273.674272519018;69.1105918191456
4831;-67.7265444403632;(((sinh((_a6_ * (_a4_ + ((x / pow2(_a6_)) + _a0_)))) + (x / (_a3_ / _a2_))) + _a4_) * (_a3_ + _a2_));{'d0': {'_a0_': 0.4769406821604615, '_a2_': -296643.1584981222, '_a3_': 296658.2608390596, '_a4_': -0.22925527538776933, '_a6_': 0.9179157473036464, '_a1_': 1.0, '_a5_': 1.0, '_a7_': 1.0}};{'d0': 0.02437481539351197};-273.674272519018;69.1105918191456
4832;-67.7265444403632;(((sinh((_a6_ * (_a4_ + ((x / pow2(_a6_)) + _a0_)))) + (x / (_a3_ / _a2_))) + _a4_) * (_a3_ + _a2_));{'d0': {'_a0_': 0.4769406821604615, '_a2_': -296643.1584981222, '_a3_': 296658.2608390596, '_a4_': -0.22925527538776933, '_a6_': 0.9179157473036464, '_a1_': 1.0, '_a5_': 1.0, '_a7_': 1.0}};{'d0': 0.02437481539351197};-273.674272519018;69.1105918191456
4833;-67.7265444403632;(((sinh((_a6_ * (_a4_ + ((x / pow2(_a6_)) + _a0_)))) + (x / (_a3_ / _a2_))) + _a4_) * (_a3_ + _a2_));{'d0': {'_a0_': 0.4769406821604615, '_a2_': -296643.1584981222, '_a3_': 296658.2608390596, '_a4_': -0.22925527538776933, '_a6_': 0.9179157473036464, '_a1_': 1.0, '_a5_': 1.0, '_a7_': 1.0}};{'d0': 0.02437481539351197};-273.674272519018;69.1105918191456
4834;-67.7735815618792;(((sinh((_a6_ * (_a4_ + ((x / pow2(_a6_)) + _a0_)))) + (x / (_a3_ / _a2_))) + _a4_) * (_a6_ + _a2_));{'d0': {'_a0_': 0.6071434756522582, '_a2_': 8.55467779749878, '_a3_': -7.587912033349043, '_a4_': -0.2688062504384723, '_a6_': 0.785726249948557, '_a1_': 1.0, '_a5_': 1.0, '_a7_': 1.0}};{'d0': 0.024336627966659228};-273.768346762050;69.1105918191456
4835;-67.7735815618792;(((sinh((_a6_ * (_a4_ + ((x / pow2(_a6_)) + _a0_)))) + (x / (_a3_ / _a2_))) + _a4_) * (_a6_ + _a2_));{'d0': {'_a0_': 0.6071434756522582, '_a2_': 8.55467779749878, '_a3_': -7.587912033349043, '_a4_': -0.2688062504384723, '_a6_': 0.785726249948557, '_a1_': 1.0, '_a5_': 1.0, '_a7_': 1.0}};{'d0': 0.024336627966659228};-273.768346762050;69.1105918191456
4836;-67.7735815618792;(((sinh((_a6_ * (_a4_ + ((x / pow2(_a6_)) + _a0_)))) + (x / (_a3_ / _a2_))) + _a4_) * (_a6_ + _a2_));{'d0': {'_a0_': 0.6071434756522582, '_a2_': 8.55467779749878, '_a3_': -7.587912033349043, '_a4_': -0.2688062504384723, '_a6_': 0.785726249948557, '_a1_': 1.0, '_a5_': 1.0, '_a7_': 1.0}};{'d0': 0.024336627966659228};-273.768346762050;69.1105918191456
4837;-61.8529805753508;((((sinh((_a6_ * (_a4_ + ((x / pow2(_a6_)) + _a0_)))) + (x / (_a3_ / _a2_))) + _a4_) * (_a6_ + _a2_)) + _a6_);{'d0': {'_a0_': 0.6912685588716809, '_a2_': 8.554584551690422, '_a3_': -7.587812050428808, '_a4_': -0.3529289968682284, '_a6_': 0.7857236078687394, '_a1_': 1.0, '_a5_': 1.0, '_a7_': 1.0}};{'d0': 0.02433662791595661};-273.768346887053;75.0311928681756
4838;-61.8529805753508;((((sinh((_a6_ * (_a4_ + ((x / pow2(_a6_)) + _a0_)))) + (x / (_a3_ / _a2_))) + _a4_) * (_a6_ + _a2_)) + _a6_);{'d0': {'_a0_': 0.6912685588716809, '_a2_': 8.554584551690422, '_a3_': -7.587812050428808, '_a4_': -0.3529289968682284, '_a6_': 0.7857236078687394, '_a1_': 1.0, '_a5_': 1.0, '_a7_': 1.0}};{'d0': 0.02433662791595661};-273.768346887053;75.0311928681756
4839;-62.8965989852460;((((sinh((_a6_ * (_a4_ + ((x / pow2(_a6_)) + _a0_)))) + (x / (_a3_ / _a2_))) + _a4_) * (_a6_ * _a2_)) + _a6_);{'d0': {'_a0_': 0.691268909234023, '_a2_': 11.887516096690817, '_a3_': -10.544079264534547, '_a4_': -0.352929137117805, '_a6_': 0.785723363845168, '_a1_': 1.0, '_a5_': 1.0, '_a7_': 1.0}};{'d0': 0.024336627915956466};-273.768346887053;73.98757445828059
4840;-62.8965989852460;((((sinh((_a6_ * (_a4_ + ((x / pow2(_a6_)) + _a0_)))) + (x / (_a3_ / _a2_))) + _a4_) * (_a6_ * _a2_)) + _a6_);{'d0': {'_a0_': 0.691268909234023, '_a2_': 11.887516096690817, '_a3_': -10.544079264534547, '_a4_': -0.352929137117805, '_a6_': 0.785723363845168, '_a1_': 1.0, '_a5_': 1.0, '_a7_': 1.0}};{'d0': 0.024336627915956466};-273.768346887053;73.98757445828059
4841;-62.8965989852460;((((sinh((_a6_ * (_a4_ + ((x / pow2(_a6_)) + _a0_)))) + (x / (_a3_ / _a2_))) + _a4_) * (_a6_ * _a2_)) + _a6_);{'d0': {'_a0_': 0.691268909234023, '_a2_': 11.887516096690817, '_a3_': -10.544079264534547, '_a4_': -0.352929137117805, '_a6_': 0.785723363845168, '_a1_': 1.0, '_a5_': 1.0, '_a7_': 1.0}};{'d0': 0.024336627915956466};-273.768346887053;73.98757445828059
4842;-62.8965989852460;((((sinh((_a6_ * (_a4_ + ((x / pow2(_a6_)) + _a0_)))) + (x / (_a3_ / _a2_))) + _a4_) * (_a6_ * _a2_)) + _a6_);{'d0': {'_a0_': 0.691268909234023, '_a2_': 11.887516096690817, '_a3_': -10.544079264534547, '_a4_': -0.352929137117805, '_a6_': 0.785723363845168, '_a1_': 1.0, '_a5_': 1.0, '_a7_': 1.0}};{'d0': 0.024336627915956466};-273.768346887053;73.98757445828059
4843;-63.8214129096765;((((sinh((_a6_ * (_a4_ + ((x * pow2(_a6_)) + _a0_)))) + (x / (_a3_ / _a2_))) + _a4_) * (_a6_ * _a2_)) + _a6_);{'d0': {'_a0_': 0.6301396719795839, '_a2_': 8.618894732464872, '_a3_': -7.644856021473551, '_a4_': -0.38483126479318497, '_a6_': 1.0837023706760631, '_a1_': 1.0, '_a5_': 1.0, '_a7_': 1.0}};{'d0': 0.02433662791596007};-273.768346887044;73.06276053384559
4844;-63.8214129096765;((((sinh((_a6_ * (_a4_ + ((x * pow2(_a6_)) + _a0_)))) + (x / (_a3_ / _a2_))) + _a4_) * (_a6_ * _a2_)) + _a6_);{'d0': {'_a0_': 0.6301396719795839, '_a2_': 8.618894732464872, '_a3_': -7.644856021473551, '_a4_': -0.38483126479318497, '_a6_': 1.0837023706760631, '_a1_': 1.0, '_a5_': 1.0, '_a7_': 1.0}};{'d0': 0.02433662791596007};-273.768346887044;73.06276053384559
4845;-63.8214129096765;((((sinh((_a6_ * (_a4_ + ((x * pow2(_a6_)) + _a0_)))) + (x / (_a3_ / _a2_))) + _a4_) * (_a6_ * _a2_)) + _a6_);{'d0': {'_a0_': 0.6301396719795839, '_a2_': 8.618894732464872, '_a3_': -7.644856021473551, '_a4_': -0.38483126479318497, '_a6_': 1.0837023706760631, '_a1_': 1.0, '_a5_': 1.0, '_a7_': 1.0}};{'d0': 0.02433662791596007};-273.768346887044;73.06276053384559
4846;-63.8214129096765;((((sinh((_a6_ * (_a4_ + ((x * pow2(_a6_)) + _a0_)))) + (x / (_a3_ / _a2_))) + _a4_) * (_a6_ * _a2_)) + _a6_);{'d0': {'_a0_': 0.6301396719795839, '_a2_': 8.618894732464872, '_a3_': -7.644856021473551, '_a4_': -0.38483126479318497, '_a6_': 1.0837023706760631, '_a1_': 1.0, '_a5_': 1.0, '_a7_': 1.0}};{'d0': 0.02433662791596007};-273.768346887044;73.06276053384559
4847;-63.8214129096296;((((sinh((_a0_ * (_a4_ + ((x * pow2(_a6_)) + _a0_)))) + (x / (_a3_ / _a2_))) + _a4_) * (_a6_ * _a2_)) + _a6_);{'d0': {'_a0_': 0.7581653288816146, '_a2_': 7.208915394639833, '_a3_': -6.394195846267939, '_a4_': -0.4075257474795468, '_a6_': 1.295639762146564, '_a1_': 1.0, '_a5_': 1.0, '_a7_': 1.0}};{'d0': 0.02433662791599811};-273.768346886950;73.06276053384559
4848;-97.3596223271334;(((((x * (_a0_ + ((x + _a3_) * _a2_))) / _a0_) * x) + x) * _a0_);{'d0': {'_a0_': 1.7751354034857174, '_a2_': 3.376760885224479, '_a3_': 0.09816764672878675, '_a1_': 1.0, '_a4_': 1.0, '_a5_': 1.0, '_a6_': 1.0, '_a7_': 1.0}};{'d0': 0.024905832919416664};-280.569866449044;42.925310897388385
4849;-97.3596223271334;(((((x * (_a0_ + ((x + _a3_) * _a2_))) / _a0_) * x) + x) * _a0_);{'d0': {'_a0_': 1.7751354034857174, '_a2_': 3.376760885224479, '_a3_': 0.09816764672878675, '_a1_': 1.0, '_a4_': 1.0, '_a5_': 1.0, '_a6_': 1.0, '_a7_': 1.0}};{'d0': 0.024905832919416664};-280.569866449044;42.925310897388385
4850;-97.3596223271334;(((((x * (_a0_ + ((x + _a3_) * _a2_))) / _a0_) * x) + x) * _a0_);{'d0': {'_a0_': 1.7751354034857174, '_a2_': 3.376760885224479, '_a3_': 0.09816764672878675, '_a1_': 1.0, '_a4_': 1.0, '_a5_': 1.0, '_a6_': 1.0, '_a7_': 1.0}};{'d0': 0.024905832919416664};-280.569866449044;42.925310897388385
4851;-97.3596223271334;(((((x * (_a0_ + ((x + _a3_) * _a2_))) / _a0_) * x) + x) * _a0_);{'d0': {'_a0_': 1.7751354034857174, '_a2_': 3.376760885224479, '_a3_': 0.09816764672878675, '_a1_': 1.0, '_a4_': 1.0, '_a5_': 1.0, '_a6_': 1.0, '_a7_': 1.0}};{'d0': 0.024905832919416664};-280.569866449044;42.925310897388385
4852;-97.3596223271334;(((((x * (_a0_ + ((x + _a3_) * _a2_))) / _a0_) * x) + x) * _a0_);{'d0': {'_a0_': 1.7751354034857174, '_a2_': 3.376760885224479, '_a3_': 0.09816764672878675, '_a1_': 1.0, '_a4_': 1.0, '_a5_': 1.0, '_a6_': 1.0, '_a7_': 1.0}};{'d0': 0.024905832919416664};-280.569866449044;42.925310897388385
4853;-93.6616878545235;(((((x * (_a0_ + ((x + _a3_) * _a2_))) / _a0_) * x) + x) * pow2(_a0_));{'d0': {'_a0_': 1.3323420745057588, '_a2_': 2.5344548873828447, '_a3_': 0.09816764603043195, '_a1_': 1.0, '_a4_': 1.0, '_a5_': 1.0, '_a6_': 1.0, '_a7_': 1.0}};{'d0': 0.0249058329194166};-280.569866449044;46.623245369998386
4854;-93.6616878545235;(((((x * (_a0_ + ((x + _a3_) * _a2_))) / _a0_) * x) + x) * pow2(_a0_));{'d0': {'_a0_': 1.3323420745057588, '_a2_': 2.5344548873828447, '_a3_': 0.09816764603043195, '_a1_': 1.0, '_a4_': 1.0, '_a5_': 1.0, '_a6_': 1.0, '_a7_': 1.0}};{'d0': 0.0249058329194166};-280.569866449044;46.623245369998386
4855;-93.6616878545235;(((((x * (_a0_ + ((x + _a3_) * _a2_))) / _a0_) * x) + x) * pow2(_a0_));{'d0': {'_a0_': 1.3323420745057588, '_a2_': 2.5344548873828447, '_a3_': 0.09816764603043195, '_a1_': 1.0, '_a4_': 1.0, '_a5_': 1.0, '_a6_': 1.0, '_a7_': 1.0}};{'d0': 0.0249058329194166};-280.569866449044;46.623245369998386
4856;-93.6616878545235;(((((x * (_a0_ + ((x + _a3_) * _a2_))) / _a0_) * x) + x) * pow2(_a0_));{'d0': {'_a0_': 1.3323420745057588, '_a2_': 2.5344548873828447, '_a3_': 0.09816764603043195, '_a1_': 1.0, '_a4_': 1.0, '_a5_': 1.0, '_a6_': 1.0, '_a7_': 1.0}};{'d0': 0.0249058329194166};-280.569866449044;46.623245369998386
4857;-97.3596223271334;(((((x * (_a0_ + ((x + _a3_) * _a2_))) / _a0_) * x) + x) * _a2_);{'d0': {'_a0_': 0.9331740700191855, '_a2_': 1.7751354035223899, '_a3_': 0.09816764729121157, '_a1_': 1.0, '_a4_': 1.0, '_a5_': 1.0, '_a6_': 1.0, '_a7_': 1.0}};{'d0': 0.0249058329194167};-280.569866449043;42.925310897388385
4858;-97.3596223271334;(((((x * (_a0_ + ((x + _a3_) * _a2_))) / _a0_) * x) + x) * _a2_);{'d0': {'_a0_': 0.9331740700191855, '_a2_': 1.7751354035223899, '_a3_': 0.09816764729121157, '_a1_': 1.0, '_a4_': 1.0, '_a5_': 1.0, '_a6_': 1.0, '_a7_': 1.0}};{'d0': 0.0249058329194167};-280.569866449043;42.925310897388385
4859;-97.3596223271334;(((((x * (_a0_ + ((x + _a3_) * _a2_))) / _a0_) * x) + x) * _a2_);{'d0': {'_a0_': 0.9331740700191855, '_a2_': 1.7751354035223899, '_a3_': 0.09816764729121157, '_a1_': 1.0, '_a4_': 1.0, '_a5_': 1.0, '_a6_': 1.0, '_a7_': 1.0}};{'d0': 0.0249058329194167};-280.569866449043;42.925310897388385
4860;-97.3596223271334;(((((x * (_a0_ + ((x + _a3_) * _a2_))) / _a0_) * x) + x) * _a2_);{'d0': {'_a0_': 0.9331740700191855, '_a2_': 1.7751354035223899, '_a3_': 0.09816764729121157, '_a1_': 1.0, '_a4_': 1.0, '_a5_': 1.0, '_a6_': 1.0, '_a7_': 1.0}};{'d0': 0.0249058329194167};-280.569866449043;42.925310897388385
4861;-97.3596223271334;(((((x * (_a0_ + ((x + _a3_) * _a2_))) / _a0_) * x) + x) * _a2_);{'d0': {'_a0_': 0.9331740700191855, '_a2_': 1.7751354035223899, '_a3_': 0.09816764729121157, '_a1_': 1.0, '_a4_': 1.0, '_a5_': 1.0, '_a6_': 1.0, '_a7_': 1.0}};{'d0': 0.0249058329194167};-280.569866449043;42.925310897388385
4862;-97.3596223271334;(((((x * (_a0_ + ((x + _a3_) * _a2_))) / _a0_) * x) + x) * _a2_);{'d0': {'_a0_': 0.9331740700191855, '_a2_': 1.7751354035223899, '_a3_': 0.09816764729121157, '_a1_': 1.0, '_a4_': 1.0, '_a5_': 1.0, '_a6_': 1.0, '_a7_': 1.0}};{'d0': 0.0249058329194167};-280.569866449043;42.925310897388385
4863;-97.3596223271334;(((((x * (_a0_ + ((x + _a3_) * _a2_))) / _a0_) * x) + x) * _a2_);{'d0': {'_a0_': 0.9331740700191855, '_a2_': 1.7751354035223899, '_a3_': 0.09816764729121157, '_a1_': 1.0, '_a4_': 1.0, '_a5_': 1.0, '_a6_': 1.0, '_a7_': 1.0}};{'d0': 0.0249058329194167};-280.569866449043;42.925310897388385
4864;-97.3596223271334;(((((x * (_a0_ + ((x + _a3_) * _a2_))) / _a0_) * x) + x) * _a2_);{'d0': {'_a0_': 0.9331740700191855, '_a2_': 1.7751354035223899, '_a3_': 0.09816764729121157, '_a1_': 1.0, '_a4_': 1.0, '_a5_': 1.0, '_a6_': 1.0, '_a7_': 1.0}};{'d0': 0.0249058329194167};-280.569866449043;42.925310897388385
4865;-97.3596223271334;(((((x * (_a0_ + ((x + _a3_) * _a2_))) / _a0_) * x) + x) * _a2_);{'d0': {'_a0_': 0.9331740700191855, '_a2_': 1.7751354035223899, '_a3_': 0.09816764729121157, '_a1_': 1.0, '_a4_': 1.0, '_a5_': 1.0, '_a6_': 1.0, '_a7_': 1.0}};{'d0': 0.0249058329194167};-280.569866449043;42.925310897388385
4866;-97.3596223271334;(((((x * (_a0_ + ((x + _a3_) * _a2_))) / _a0_) * x) + x) * _a2_);{'d0': {'_a0_': 0.9331740700191855, '_a2_': 1.7751354035223899, '_a3_': 0.09816764729121157, '_a1_': 1.0, '_a4_': 1.0, '_a5_': 1.0, '_a6_': 1.0, '_a7_': 1.0}};{'d0': 0.0249058329194167};-280.569866449043;42.925310897388385
4867;-97.3596223271334;(((((x * (_a0_ + ((x + _a3_) * _a2_))) / _a0_) * x) + x) * _a2_);{'d0': {'_a0_': 0.9331740700191855, '_a2_': 1.7751354035223899, '_a3_': 0.09816764729121157, '_a1_': 1.0, '_a4_': 1.0, '_a5_': 1.0, '_a6_': 1.0, '_a7_': 1.0}};{'d0': 0.0249058329194167};-280.569866449043;42.925310897388385
4868;-97.3596223271334;(((((x * (_a0_ + ((x + _a3_) * _a2_))) / _a0_) * x) + x) * _a2_);{'d0': {'_a0_': 0.9331740700191855, '_a2_': 1.7751354035223899, '_a3_': 0.09816764729121157, '_a1_': 1.0, '_a4_': 1.0, '_a5_': 1.0, '_a6_': 1.0, '_a7_': 1.0}};{'d0': 0.0249058329194167};-280.569866449043;42.925310897388385
4869;-97.3596223271334;(((((x * (_a0_ + ((x + _a3_) * _a2_))) / _a0_) * x) + x) * _a2_);{'d0': {'_a0_': 0.9331740700191855, '_a2_': 1.7751354035223899, '_a3_': 0.09816764729121157, '_a1_': 1.0, '_a4_': 1.0, '_a5_': 1.0, '_a6_': 1.0, '_a7_': 1.0}};{'d0': 0.0249058329194167};-280.569866449043;42.925310897388385
4870;-97.3596223271334;(((((x * (_a0_ + ((x + _a3_) * _a2_))) / _a0_) * x) + x) * _a2_);{'d0': {'_a0_': 0.9331740700191855, '_a2_': 1.7751354035223899, '_a3_': 0.09816764729121157, '_a1_': 1.0, '_a4_': 1.0, '_a5_': 1.0, '_a6_': 1.0, '_a7_': 1.0}};{'d0': 0.0249058329194167};-280.569866449043;42.925310897388385
4871;-97.3596223271334;(((((x * (_a0_ + ((x + _a3_) * _a2_))) / _a0_) * x) + x) * _a2_);{'d0': {'_a0_': 0.9331740700191855, '_a2_': 1.7751354035223899, '_a3_': 0.09816764729121157, '_a1_': 1.0, '_a4_': 1.0, '_a5_': 1.0, '_a6_': 1.0, '_a7_': 1.0}};{'d0': 0.0249058329194167};-280.569866449043;42.925310897388385
4872;-97.3596223271334;(((((x * (_a0_ + ((x + _a3_) * _a2_))) / _a0_) * x) + x) * _a2_);{'d0': {'_a0_': 0.9331740700191855, '_a2_': 1.7751354035223899, '_a3_': 0.09816764729121157, '_a1_': 1.0, '_a4_': 1.0, '_a5_': 1.0, '_a6_': 1.0, '_a7_': 1.0}};{'d0': 0.0249058329194167};-280.569866449043;42.925310897388385
4873;-97.3596223271334;(((((x * (_a0_ + ((x + _a3_) * _a2_))) / _a0_) * x) + x) * _a2_);{'d0': {'_a0_': 0.9331740700191855, '_a2_': 1.7751354035223899, '_a3_': 0.09816764729121157, '_a1_': 1.0, '_a4_': 1.0, '_a5_': 1.0, '_a6_': 1.0, '_a7_': 1.0}};{'d0': 0.0249058329194167};-280.569866449043;42.925310897388385
4874;-97.3596223271334;(((((x * (_a0_ + ((x + _a3_) * _a2_))) / _a0_) * x) + x) * _a2_);{'d0': {'_a0_': 0.9331740700191855, '_a2_': 1.7751354035223899, '_a3_': 0.09816764729121157, '_a1_': 1.0, '_a4_': 1.0, '_a5_': 1.0, '_a6_': 1.0, '_a7_': 1.0}};{'d0': 0.0249058329194167};-280.569866449043;42.925310897388385
4875;-97.3596223271334;(((((x * (_a0_ + ((x + _a3_) * _a2_))) / _a0_) * x) + x) * _a2_);{'d0': {'_a0_': 0.9331740700191855, '_a2_': 1.7751354035223899, '_a3_': 0.09816764729121157, '_a1_': 1.0, '_a4_': 1.0, '_a5_': 1.0, '_a6_': 1.0, '_a7_': 1.0}};{'d0': 0.0249058329194167};-280.569866449043;42.925310897388385
4876;-97.3596223271334;(((((x * (_a0_ + ((x + _a3_) * _a2_))) / _a0_) * x) + x) * _a2_);{'d0': {'_a0_': 0.9331740700191855, '_a2_': 1.7751354035223899, '_a3_': 0.09816764729121157, '_a1_': 1.0, '_a4_': 1.0, '_a5_': 1.0, '_a6_': 1.0, '_a7_': 1.0}};{'d0': 0.0249058329194167};-280.569866449043;42.925310897388385
4877;-97.3596223271334;(((((x * (_a0_ + ((x + _a3_) * _a2_))) / _a0_) * x) + x) * _a2_);{'d0': {'_a0_': 0.9331740700191855, '_a2_': 1.7751354035223899, '_a3_': 0.09816764729121157, '_a1_': 1.0, '_a4_': 1.0, '_a5_': 1.0, '_a6_': 1.0, '_a7_': 1.0}};{'d0': 0.0249058329194167};-280.569866449043;42.925310897388385
4878;-97.3596223271334;(((((x * (_a0_ + ((x + _a3_) * _a2_))) / _a0_) * x) + x) * _a2_);{'d0': {'_a0_': 0.9331740700191855, '_a2_': 1.7751354035223899, '_a3_': 0.09816764729121157, '_a1_': 1.0, '_a4_': 1.0, '_a5_': 1.0, '_a6_': 1.0, '_a7_': 1.0}};{'d0': 0.0249058329194167};-280.569866449043;42.925310897388385
4879;-97.3596223271334;(((((x * (_a0_ + ((x + _a3_) * _a2_))) / _a0_) * x) + x) * _a2_);{'d0': {'_a0_': 0.9331740700191855, '_a2_': 1.7751354035223899, '_a3_': 0.09816764729121157, '_a1_': 1.0, '_a4_': 1.0, '_a5_': 1.0, '_a6_': 1.0, '_a7_': 1.0}};{'d0': 0.0249058329194167};-280.569866449043;42.925310897388385
4880;-97.3596223271334;(((((x * (_a0_ + ((x + _a3_) * _a2_))) / _a0_) * x) + x) * _a2_);{'d0': {'_a0_': 0.9331740700191855, '_a2_': 1.7751354035223899, '_a3_': 0.09816764729121157, '_a1_': 1.0, '_a4_': 1.0, '_a5_': 1.0, '_a6_': 1.0, '_a7_': 1.0}};{'d0': 0.0249058329194167};-280.569866449043;42.925310897388385
4881;-97.3596223271334;(((((x * (_a0_ + ((x + _a3_) * _a2_))) / _a0_) * x) + x) * _a2_);{'d0': {'_a0_': 0.9331740700191855, '_a2_': 1.7751354035223899, '_a3_': 0.09816764729121157, '_a1_': 1.0, '_a4_': 1.0, '_a5_': 1.0, '_a6_': 1.0, '_a7_': 1.0}};{'d0': 0.0249058329194167};-280.569866449043;42.925310897388385
4882;-97.3596223271334;(((((x * (_a0_ + ((x + _a3_) * _a2_))) / _a0_) * x) + x) * _a2_);{'d0': {'_a0_': 0.9331740700191855, '_a2_': 1.7751354035223899, '_a3_': 0.09816764729121157, '_a1_': 1.0, '_a4_': 1.0, '_a5_': 1.0, '_a6_': 1.0, '_a7_': 1.0}};{'d0': 0.0249058329194167};-280.569866449043;42.925310897388385
4883;-97.3596223271334;(((((x * (_a0_ + ((x + _a3_) * _a2_))) / _a0_) * x) + x) * _a2_);{'d0': {'_a0_': 0.9331740700191855, '_a2_': 1.7751354035223899, '_a3_': 0.09816764729121157, '_a1_': 1.0, '_a4_': 1.0, '_a5_': 1.0, '_a6_': 1.0, '_a7_': 1.0}};{'d0': 0.0249058329194167};-280.569866449043;42.925310897388385
4884;-97.3596223271334;(((((x * (_a0_ + ((x + _a3_) * _a2_))) / _a0_) * x) + x) * _a2_);{'d0': {'_a0_': 0.9331740700191855, '_a2_': 1.7751354035223899, '_a3_': 0.09816764729121157, '_a1_': 1.0, '_a4_': 1.0, '_a5_': 1.0, '_a6_': 1.0, '_a7_': 1.0}};{'d0': 0.0249058329194167};-280.569866449043;42.925310897388385
4885;-97.3596223271334;(((((x * (_a0_ + ((x + _a3_) * _a2_))) / _a0_) * x) + x) * _a2_);{'d0': {'_a0_': 0.9331740700191855, '_a2_': 1.7751354035223899, '_a3_': 0.09816764729121157, '_a1_': 1.0, '_a4_': 1.0, '_a5_': 1.0, '_a6_': 1.0, '_a7_': 1.0}};{'d0': 0.0249058329194167};-280.569866449043;42.925310897388385
4886;-97.3596223271334;(((((x * (_a0_ + ((x + _a3_) * _a2_))) / _a0_) * x) + x) * _a2_);{'d0': {'_a0_': 0.9331740700191855, '_a2_': 1.7751354035223899, '_a3_': 0.09816764729121157, '_a1_': 1.0, '_a4_': 1.0, '_a5_': 1.0, '_a6_': 1.0, '_a7_': 1.0}};{'d0': 0.0249058329194167};-280.569866449043;42.925310897388385
4887;-93.6616878545234;(((((x * (pow2(_a2_) + ((x + _a3_) * _a2_))) / _a0_) * x) + x) * _a2_);{'d0': {'_a0_': 0.933174072501967, '_a2_': 1.7751354037938563, '_a3_': -1.151275988342824, '_a1_': 1.0, '_a4_': 1.0, '_a5_': 1.0, '_a6_': 1.0, '_a7_': 1.0}};{'d0': 0.02490583291941667};-280.569866449043;46.623245369998386
4888;-93.6616878545234;(((((x * (pow2(_a2_) + ((x + _a3_) * _a2_))) / _a0_) * x) + x) * _a2_);{'d0': {'_a0_': 0.933174072501967, '_a2_': 1.7751354037938563, '_a3_': -1.151275988342824, '_a1_': 1.0, '_a4_': 1.0, '_a5_': 1.0, '_a6_': 1.0, '_a7_': 1.0}};{'d0': 0.02490583291941667};-280.569866449043;46.623245369998386
4889;-93.6616878545234;(((((x * (pow2(_a2_) + ((x + _a3_) * _a2_))) / _a0_) * x) + x) * _a2_);{'d0': {'_a0_': 0.933174072501967, '_a2_': 1.7751354037938563, '_a3_': -1.151275988342824, '_a1_': 1.0, '_a4_': 1.0, '_a5_': 1.0, '_a6_': 1.0, '_a7_': 1.0}};{'d0': 0.02490583291941667};-280.569866449043;46.623245369998386
4890;-93.6616878545234;(((((x * (pow2(_a2_) + ((x + _a3_) * _a2_))) / _a0_) * x) + x) * _a2_);{'d0': {'_a0_': 0.933174072501967, '_a2_': 1.7751354037938563, '_a3_': -1.151275988342824, '_a1_': 1.0, '_a4_': 1.0, '_a5_': 1.0, '_a6_': 1.0, '_a7_': 1.0}};{'d0': 0.02490583291941667};-280.569866449043;46.623245369998386
4891;-93.6616878545234;(((((x * (pow2(_a2_) + ((x + _a3_) * _a2_))) / _a0_) * x) + x) * _a2_);{'d0': {'_a0_': 0.933174072501967, '_a2_': 1.7751354037938563, '_a3_': -1.151275988342824, '_a1_': 1.0, '_a4_': 1.0, '_a5_': 1.0, '_a6_': 1.0, '_a7_': 1.0}};{'d0': 0.02490583291941667};-280.569866449043;46.623245369998386
4892;-93.6616878545234;(((((x * (pow2(_a2_) + ((x + _a3_) * _a2_))) / _a0_) * x) + x) * _a2_);{'d0': {'_a0_': 0.933174072501967, '_a2_': 1.7751354037938563, '_a3_': -1.151275988342824, '_a1_': 1.0, '_a4_': 1.0, '_a5_': 1.0, '_a6_': 1.0, '_a7_': 1.0}};{'d0': 0.02490583291941667};-280.569866449043;46.623245369998386
4893;-94.5605916917744;(((((x * (pow2(_a2_) * ((x + _a3_) * _a2_))) / _a0_) * x) + x) * _a2_);{'d0': {'_a0_': 2.940530153311774, '_a2_': 1.7751354053215946, '_a3_': 0.6238594157614082, '_a1_': 1.0, '_a4_': 1.0, '_a5_': 1.0, '_a6_': 1.0, '_a7_': 1.0}};{'d0': 0.02490583291941665};-280.569866449044;45.72434153274739
4894;-94.5605916917744;(((((x * (pow2(_a2_) * ((x + _a3_) * _a2_))) / _a0_) * x) + x) * _a2_);{'d0': {'_a0_': 2.940530153311774, '_a2_': 1.7751354053215946, '_a3_': 0.6238594157614082, '_a1_': 1.0, '_a4_': 1.0, '_a5_': 1.0, '_a6_': 1.0, '_a7_': 1.0}};{'d0': 0.02490583291941665};-280.569866449044;45.72434153274739
4895;-94.5605916917744;(((((x * (pow2(_a2_) * ((x + _a3_) * _a2_))) / _a0_) * x) + x) * _a2_);{'d0': {'_a0_': 2.940530153311774, '_a2_': 1.7751354053215946, '_a3_': 0.6238594157614082, '_a1_': 1.0, '_a4_': 1.0, '_a5_': 1.0, '_a6_': 1.0, '_a7_': 1.0}};{'d0': 0.02490583291941665};-280.569866449044;45.72434153274739
4896;-94.5605916917744;(((((x * (pow2(_a2_) * ((x + _a3_) * _a2_))) / _a0_) * x) + x) * _a2_);{'d0': {'_a0_': 2.940530153311774, '_a2_': 1.7751354053215946, '_a3_': 0.6238594157614082, '_a1_': 1.0, '_a4_': 1.0, '_a5_': 1.0, '_a6_': 1.0, '_a7_': 1.0}};{'d0': 0.02490583291941665};-280.569866449044;45.72434153274739
4897;-94.5605916917744;(((((x * (pow2(_a2_) * ((x + _a3_) * _a2_))) / _a0_) * x) + x) * _a2_);{'d0': {'_a0_': 2.940530153311774, '_a2_': 1.7751354053215946, '_a3_': 0.6238594157614082, '_a1_': 1.0, '_a4_': 1.0, '_a5_': 1.0, '_a6_': 1.0, '_a7_': 1.0}};{'d0': 0.02490583291941665};-280.569866449044;45.72434153274739
4898;-94.5605916917744;(((((x * (pow2(_a2_) * ((x + _a3_) * _a2_))) / _a5_) * x) + x) * _a2_);{'d0': {'_a2_': 1.7751354044160819, '_a3_': 0.6238594156031353, '_a5_': 2.940530145848668, '_a0_': 1.0, '_a1_': 1.0, '_a4_': 1.0, '_a6_': 1.0, '_a7_': 1.0}};{'d0': 0.02490583291941665};-280.569866449044;45.72434153274739
4899;-94.5605916917744;(((((x * (pow2(_a2_) * ((x + _a3_) * _a2_))) / _a5_) * x) + x) * _a2_);{'d0': {'_a2_': 1.7751354044160819, '_a3_': 0.6238594156031353, '_a5_': 2.940530145848668, '_a0_': 1.0, '_a1_': 1.0, '_a4_': 1.0, '_a6_': 1.0, '_a7_': 1.0}};{'d0': 0.02490583291941665};-280.569866449044;45.72434153274739
4900;-94.5605916917744;(((((x * (pow2(_a2_) * ((x + _a3_) * _a2_))) / _a5_) * x) + x) * _a2_);{'d0': {'_a2_': 1.7751354044160819, '_a3_': 0.6238594156031353, '_a5_': 2.940530145848668, '_a0_': 1.0, '_a1_': 1.0, '_a4_': 1.0, '_a6_': 1.0, '_a7_': 1.0}};{'d0': 0.02490583291941665};-280.569866449044;45.72434153274739
4901;-94.5605916917744;(((((x * (pow2(_a2_) * ((x + _a3_) * _a2_))) / _a5_) * x) + x) * _a2_);{'d0': {'_a2_': 1.7751354044160819, '_a3_': 0.6238594156031353, '_a5_': 2.940530145848668, '_a0_': 1.0, '_a1_': 1.0, '_a4_': 1.0, '_a6_': 1.0, '_a7_': 1.0}};{'d0': 0.02490583291941665};-280.569866449044;45.72434153274739
4902;-92.5134193925800;(((((x * (pow2(_a0_) * ((x + _a3_) * _a2_))) / _a5_) * x) + x) * _a2_);{'d0': {'_a0_': 4.203710747042785, '_a2_': 1.775135404561117, '_a3_': 0.6238594157008958, '_a5_': 16.490269870638656, '_a1_': 1.0, '_a4_': 1.0, '_a6_': 1.0, '_a7_': 1.0}};{'d0': 0.024905832934429366};-276.475521850655;45.72434153274739
4903;-92.5134193925800;(((((x * (pow2(_a0_) * ((x + _a3_) * _a2_))) / _a5_) * x) + x) * _a2_);{'d0': {'_a0_': 4.203710747042785, '_a2_': 1.775135404561117, '_a3_': 0.6238594157008958, '_a5_': 16.490269870638656, '_a1_': 1.0, '_a4_': 1.0, '_a6_': 1.0, '_a7_': 1.0}};{'d0': 0.024905832934429366};-276.475521850655;45.72434153274739
4904;-92.5134193925800;(((((x * (pow2(_a0_) * ((x + _a3_) * _a2_))) / _a5_) * x) + x) * _a2_);{'d0': {'_a0_': 4.203710747042785, '_a2_': 1.775135404561117, '_a3_': 0.6238594157008958, '_a5_': 16.490269870638656, '_a1_': 1.0, '_a4_': 1.0, '_a6_': 1.0, '_a7_': 1.0}};{'d0': 0.024905832934429366};-276.475521850655;45.72434153274739
4905;-92.5134193925800;(((((x * (pow2(_a0_) * ((x + _a3_) * _a2_))) / _a5_) * x) + x) * _a2_);{'d0': {'_a0_': 4.203710747042785, '_a2_': 1.775135404561117, '_a3_': 0.6238594157008958, '_a5_': 16.490269870638656, '_a1_': 1.0, '_a4_': 1.0, '_a6_': 1.0, '_a7_': 1.0}};{'d0': 0.024905832934429366};-276.475521850655;45.72434153274739
4906;-92.5134193925800;(((((x * (pow2(_a0_) * ((x + _a3_) * _a2_))) / _a5_) * x) + x) * _a2_);{'d0': {'_a0_': 4.203710747042785, '_a2_': 1.775135404561117, '_a3_': 0.6238594157008958, '_a5_': 16.490269870638656, '_a1_': 1.0, '_a4_': 1.0, '_a6_': 1.0, '_a7_': 1.0}};{'d0': 0.024905832934429366};-276.475521850655;45.72434153274739
4907;-92.5134193925800;(((((x * (pow2(_a0_) * ((x + _a3_) * _a2_))) / _a5_) * x) + x) * _a2_);{'d0': {'_a0_': 4.203710747042785, '_a2_': 1.775135404561117, '_a3_': 0.6238594157008958, '_a5_': 16.490269870638656, '_a1_': 1.0, '_a4_': 1.0, '_a6_': 1.0, '_a7_': 1.0}};{'d0': 0.024905832934429366};-276.475521850655;45.72434153274739
4908;-98.2585261643845;(((((x * (_a3_ * ((x + _a3_) * _a2_))) / _a5_) * x) + x) * _a2_);{'d0': {'_a2_': 1.775135404256746, '_a3_': 0.6238594155794639, '_a5_': 0.5821694318526327, '_a0_': 1.0, '_a1_': 1.0, '_a4_': 1.0, '_a6_': 1.0, '_a7_': 1.0}};{'d0': 0.024905832919416577};-280.569866449044;42.02640706013739
4909;-98.2585261643845;(((((x * (_a3_ * ((x + _a3_) * _a2_))) / _a5_) * x) + x) * _a2_);{'d0': {'_a2_': 1.775135404256746, '_a3_': 0.6238594155794639, '_a5_': 0.5821694318526327, '_a0_': 1.0, '_a1_': 1.0, '_a4_': 1.0, '_a6_': 1.0, '_a7_': 1.0}};{'d0': 0.024905832919416577};-280.569866449044;42.02640706013739
4910;-98.2585261643845;(((((x * (_a3_ * ((x + _a3_) * _a2_))) / _a5_) * x) + x) * _a2_);{'d0': {'_a2_': 1.775135404256746, '_a3_': 0.6238594155794639, '_a5_': 0.5821694318526327, '_a0_': 1.0, '_a1_': 1.0, '_a4_': 1.0, '_a6_': 1.0, '_a7_': 1.0}};{'d0': 0.024905832919416577};-280.569866449044;42.02640706013739
4911;-98.2585261643845;(((((x * (_a3_ * ((x + _a3_) * _a2_))) / _a5_) * x) + x) * _a2_);{'d0': {'_a2_': 1.775135404256746, '_a3_': 0.6238594155794639, '_a5_': 0.5821694318526327, '_a0_': 1.0, '_a1_': 1.0, '_a4_': 1.0, '_a6_': 1.0, '_a7_': 1.0}};{'d0': 0.024905832919416577};-280.569866449044;42.02640706013739
4912;-98.2585261643845;(((((x * (_a3_ * ((x + _a3_) * _a2_))) / _a5_) * x) + x) * _a2_);{'d0': {'_a2_': 1.775135404256746, '_a3_': 0.6238594155794639, '_a5_': 0.5821694318526327, '_a0_': 1.0, '_a1_': 1.0, '_a4_': 1.0, '_a6_': 1.0, '_a7_': 1.0}};{'d0': 0.024905832919416577};-280.569866449044;42.02640706013739
4913;-98.2585261643845;(((((x * (_a3_ * ((x + _a3_) * _a2_))) / _a5_) * x) + x) * _a2_);{'d0': {'_a2_': 1.775135404256746, '_a3_': 0.6238594155794639, '_a5_': 0.5821694318526327, '_a0_': 1.0, '_a1_': 1.0, '_a4_': 1.0, '_a6_': 1.0, '_a7_': 1.0}};{'d0': 0.024905832919416577};-280.569866449044;42.02640706013739
4914;-98.2585261643845;(((((x * (_a3_ * ((x + _a3_) * _a2_))) / _a5_) * x) + x) * _a2_);{'d0': {'_a2_': 1.775135404256746, '_a3_': 0.6238594155794639, '_a5_': 0.5821694318526327, '_a0_': 1.0, '_a1_': 1.0, '_a4_': 1.0, '_a6_': 1.0, '_a7_': 1.0}};{'d0': 0.024905832919416577};-280.569866449044;42.02640706013739
4915;-98.2585261643845;(((((x * (_a3_ * ((x + _a3_) * _a2_))) / _a5_) * x) + x) * _a2_);{'d0': {'_a2_': 1.775135404256746, '_a3_': 0.6238594155794639, '_a5_': 0.5821694318526327, '_a0_': 1.0, '_a1_': 1.0, '_a4_': 1.0, '_a6_': 1.0, '_a7_': 1.0}};{'d0': 0.024905832919416577};-280.569866449044;42.02640706013739
4916;-98.2585261643845;(((((x * (_a3_ * ((x + _a3_) * _a2_))) / _a5_) * x) + x) * _a2_);{'d0': {'_a2_': 1.775135404256746, '_a3_': 0.6238594155794639, '_a5_': 0.5821694318526327, '_a0_': 1.0, '_a1_': 1.0, '_a4_': 1.0, '_a6_': 1.0, '_a7_': 1.0}};{'d0': 0.024905832919416577};-280.569866449044;42.02640706013739
4917;-71.7257400106707;(((sinh((_a0_ * (_a0_ + ((x * _a6_) + _a0_)))) + (x / (_a1_ / _a6_))) + _a4_) * (_a5_ ** _a5_));{'d0': {'_a0_': 0.3645827106474702, '_a1_': -3.0963614138861613, '_a4_': -0.26880690489767056, '_a5_': 2.47048501029763, '_a6_': 3.4908700390314027, '_a2_': 1.0, '_a3_': 1.0, '_a7_': 1.0}};{'d0': 0.02433662791596236};-273.768346887039;65.1584334328486
4918;-72.6136228933693;(((sinh((_a0_ * (_a0_ + ((x * _a6_) + _a0_)))) + (x * (_a1_ / _a6_))) + _a4_) * (_a5_ ** _a5_));{'d0': {'_a0_': 0.3645831216261306, '_a1_': -3.935653932317409, '_a4_': -0.26880752304651356, '_a5_': 2.4704813576355305, '_a6_': 3.4908739246740352, '_a2_': 1.0, '_a3_': 1.0, '_a7_': 1.0}};{'d0': 0.024336627915955544};-273.768346887055;64.27055055015839
4919;-72.6136228933693;(((sinh((_a0_ * (_a0_ + ((x * _a6_) + _a0_)))) + (x * (_a1_ / _a6_))) + _a4_) * (_a5_ ** _a5_));{'d0': {'_a0_': 0.3645831216261306, '_a1_': -3.935653932317409, '_a4_': -0.26880752304651356, '_a5_': 2.4704813576355305, '_a6_': 3.4908739246740352, '_a2_': 1.0, '_a3_': 1.0, '_a7_': 1.0}};{'d0': 0.024336627915955544};-273.768346887055;64.27055055015839
4920;-72.6136228933693;(((sinh((_a0_ * (_a0_ + ((x * _a6_) + _a0_)))) + (x * (_a1_ / _a6_))) + _a4_) * (_a5_ ** _a5_));{'d0': {'_a0_': 0.3645831216261306, '_a1_': -3.935653932317409, '_a4_': -0.26880752304651356, '_a5_': 2.4704813576355305, '_a6_': 3.4908739246740352, '_a2_': 1.0, '_a3_': 1.0, '_a7_': 1.0}};{'d0': 0.024336627915955544};-273.768346887055;64.27055055015839
4921;-72.6136228933693;(((sinh((_a0_ * (_a0_ + ((x * _a6_) + _a0_)))) + (x * (_a1_ / _a6_))) + _a4_) * (_a5_ ** _a5_));{'d0': {'_a0_': 0.3645831216261306, '_a1_': -3.935653932317409, '_a4_': -0.26880752304651356, '_a5_': 2.4704813576355305, '_a6_': 3.4908739246740352, '_a2_': 1.0, '_a3_': 1.0, '_a7_': 1.0}};{'d0': 0.024336627915955544};-273.768346887055;64.27055055015839
4922;-72.6136228933693;(((sinh((_a0_ * (_a0_ + ((x * _a6_) + _a0_)))) + (x * (_a1_ / _a6_))) + _a4_) * (_a5_ ** _a5_));{'d0': {'_a0_': 0.3645831216261306, '_a1_': -3.935653932317409, '_a4_': -0.26880752304651356, '_a5_': 2.4704813576355305, '_a6_': 3.4908739246740352, '_a2_': 1.0, '_a3_': 1.0, '_a7_': 1.0}};{'d0': 0.024336627915955544};-273.768346887055;64.27055055015839
4923;-72.6136228933693;(((sinh((_a0_ * (_a0_ + ((x * _a6_) + _a0_)))) + (x * (_a1_ / _a6_))) + _a4_) * (_a5_ ** _a5_));{'d0': {'_a0_': 0.3645831216261306, '_a1_': -3.935653932317409, '_a4_': -0.26880752304651356, '_a5_': 2.4704813576355305, '_a6_': 3.4908739246740352, '_a2_': 1.0, '_a3_': 1.0, '_a7_': 1.0}};{'d0': 0.024336627915955544};-273.768346887055;64.27055055015839
4924;-72.6136228933693;(((sinh((_a0_ * (_a0_ + ((x * _a6_) + _a0_)))) + (x * (_a1_ / _a6_))) + _a4_) * (_a5_ ** _a5_));{'d0': {'_a0_': 0.3645831216261306, '_a1_': -3.935653932317409, '_a4_': -0.26880752304651356, '_a5_': 2.4704813576355305, '_a6_': 3.4908739246740352, '_a2_': 1.0, '_a3_': 1.0, '_a7_': 1.0}};{'d0': 0.024336627915955544};-273.768346887055;64.27055055015839
4925;-72.6136228933693;(((sinh((_a0_ * (_a0_ + ((x * _a6_) + _a0_)))) + (x * (_a1_ / _a6_))) + _a4_) * (_a5_ ** _a5_));{'d0': {'_a0_': 0.3645831216261306, '_a1_': -3.935653932317409, '_a4_': -0.26880752304651356, '_a5_': 2.4704813576355305, '_a6_': 3.4908739246740352, '_a2_': 1.0, '_a3_': 1.0, '_a7_': 1.0}};{'d0': 0.024336627915955544};-273.768346887055;64.27055055015839
4926;-72.6136228933693;(((sinh((_a0_ * (_a0_ + ((x * _a6_) + _a0_)))) + (x * (_a1_ / _a6_))) + _a4_) * (_a5_ ** _a5_));{'d0': {'_a0_': 0.3645831216261306, '_a1_': -3.935653932317409, '_a4_': -0.26880752304651356, '_a5_': 2.4704813576355305, '_a6_': 3.4908739246740352, '_a2_': 1.0, '_a3_': 1.0, '_a7_': 1.0}};{'d0': 0.024336627915955544};-273.768346887055;64.27055055015839
4927;-72.6136228933693;(((sinh((_a0_ * (_a0_ + ((x * _a6_) + _a0_)))) + (x * (_a1_ / _a6_))) + _a4_) * (_a5_ ** _a5_));{'d0': {'_a0_': 0.3645831216261306, '_a1_': -3.935653932317409, '_a4_': -0.26880752304651356, '_a5_': 2.4704813576355305, '_a6_': 3.4908739246740352, '_a2_': 1.0, '_a3_': 1.0, '_a7_': 1.0}};{'d0': 0.024336627915955544};-273.768346887055;64.27055055015839
4928;-72.6136228933693;(((sinh((_a0_ * (_a0_ + ((x * _a6_) + _a0_)))) + (x * (_a1_ / _a6_))) + _a4_) * (_a5_ ** _a5_));{'d0': {'_a0_': 0.3645831216261306, '_a1_': -3.935653932317409, '_a4_': -0.26880752304651356, '_a5_': 2.4704813576355305, '_a6_': 3.4908739246740352, '_a2_': 1.0, '_a3_': 1.0, '_a7_': 1.0}};{'d0': 0.024336627915955544};-273.768346887055;64.27055055015839
4929;-72.6136228933693;(((sinh((_a0_ * (_a0_ + ((x * _a6_) + _a0_)))) + (x * (_a1_ / _a6_))) + _a4_) * (_a5_ ** _a5_));{'d0': {'_a0_': 0.3645831216261306, '_a1_': -3.935653932317409, '_a4_': -0.26880752304651356, '_a5_': 2.4704813576355305, '_a6_': 3.4908739246740352, '_a2_': 1.0, '_a3_': 1.0, '_a7_': 1.0}};{'d0': 0.024336627915955544};-273.768346887055;64.27055055015839
4930;-71.6423617692482;(((sinh((_a0_ + (_a0_ + ((x * _a6_) + _a0_)))) + (x * (_a1_ / _a6_))) + _a4_) * (_a5_ ** _a5_));{'d0': {'_a0_': 0.08861257273719078, '_a1_': -1.4348361246342312, '_a4_': -0.26880341096940913, '_a5_': 2.47050565055459, '_a6_': 1.2726947486843199, '_a2_': 1.0, '_a3_': 1.0, '_a7_': 1.0}};{'d0': 0.024336627916400157};-273.768346885959;65.24181167373139
4931;-71.6423617692482;(((sinh((_a0_ + (_a0_ + ((x * _a6_) + _a0_)))) + (x * (_a1_ / _a6_))) + _a4_) * (_a5_ ** _a5_));{'d0': {'_a0_': 0.08861257273719078, '_a1_': -1.4348361246342312, '_a4_': -0.26880341096940913, '_a5_': 2.47050565055459, '_a6_': 1.2726947486843199, '_a2_': 1.0, '_a3_': 1.0, '_a7_': 1.0}};{'d0': 0.024336627916400157};-273.768346885959;65.24181167373139
4932;-71.6423617692482;(((sinh((_a0_ + (_a0_ + ((x * _a6_) + _a0_)))) + (x * (_a1_ / _a6_))) + _a4_) * (_a5_ ** _a5_));{'d0': {'_a0_': 0.08861257273719078, '_a1_': -1.4348361246342312, '_a4_': -0.26880341096940913, '_a5_': 2.47050565055459, '_a6_': 1.2726947486843199, '_a2_': 1.0, '_a3_': 1.0, '_a7_': 1.0}};{'d0': 0.024336627916400157};-273.768346885959;65.24181167373139
4933;-71.6423617692482;(((sinh((_a0_ + (_a0_ + ((x * _a6_) + _a0_)))) + (x * (_a1_ / _a6_))) + _a4_) * (_a5_ ** _a5_));{'d0': {'_a0_': 0.08861257273719078, '_a1_': -1.4348361246342312, '_a4_': -0.26880341096940913, '_a5_': 2.47050565055459, '_a6_': 1.2726947486843199, '_a2_': 1.0, '_a3_': 1.0, '_a7_': 1.0}};{'d0': 0.024336627916400157};-273.768346885959;65.24181167373139
4934;-71.6423617697902;(((sinh((_a0_ + (_a0_ + ((x * _a6_) + x)))) + (x * (_a1_ / _a6_))) + _a4_) * (_a5_ ** _a5_));{'d0': {'_a0_': 0.1329209927949803, '_a1_': -0.3074625040671758, '_a4_': -0.26880781244245244, '_a5_': 2.4704796560648346, '_a6_': 0.2727150417768375, '_a2_': 1.0, '_a3_': 1.0, '_a7_': 1.0}};{'d0': 0.024336627915960505};-273.768346887043;65.24181167373139
4935;-71.6423617697902;(((sinh((_a0_ + (_a0_ + ((x * _a6_) + x)))) + (x * (_a1_ / _a6_))) + _a4_) * (_a5_ ** _a5_));{'d0': {'_a0_': 0.1329209927949803, '_a1_': -0.3074625040671758, '_a4_': -0.26880781244245244, '_a5_': 2.4704796560648346, '_a6_': 0.2727150417768375, '_a2_': 1.0, '_a3_': 1.0, '_a7_': 1.0}};{'d0': 0.024336627915960505};-273.768346887043;65.24181167373139
4936;-71.6423617697902;(((sinh((_a0_ + (_a0_ + ((x * _a6_) + x)))) + (x * (_a1_ / _a6_))) + _a4_) * (_a5_ ** _a5_));{'d0': {'_a0_': 0.1329209927949803, '_a1_': -0.3074625040671758, '_a4_': -0.26880781244245244, '_a5_': 2.4704796560648346, '_a6_': 0.2727150417768375, '_a2_': 1.0, '_a3_': 1.0, '_a7_': 1.0}};{'d0': 0.024336627915960505};-273.768346887043;65.24181167373139
4937;-71.6423617697902;(((sinh((_a0_ + (_a0_ + ((x * _a6_) + x)))) + (x * (_a1_ / _a6_))) + _a4_) * (_a5_ ** _a5_));{'d0': {'_a0_': 0.1329209927949803, '_a1_': -0.3074625040671758, '_a4_': -0.26880781244245244, '_a5_': 2.4704796560648346, '_a6_': 0.2727150417768375, '_a2_': 1.0, '_a3_': 1.0, '_a7_': 1.0}};{'d0': 0.024336627915960505};-273.768346887043;65.24181167373139
4938;-71.6423617697902;(((sinh((_a0_ + (_a0_ + ((x * _a6_) + x)))) + (x * (_a1_ / _a6_))) + _a4_) * (_a5_ ** _a5_));{'d0': {'_a0_': 0.1329209927949803, '_a1_': -0.3074625040671758, '_a4_': -0.26880781244245244, '_a5_': 2.4704796560648346, '_a6_': 0.2727150417768375, '_a2_': 1.0, '_a3_': 1.0, '_a7_': 1.0}};{'d0': 0.024336627915960505};-273.768346887043;65.24181167373139
4939;-71.6423617697902;(((sinh((_a0_ + (_a0_ + ((x * _a6_) + x)))) + (x * (_a1_ / _a6_))) + _a4_) * (_a5_ ** _a5_));{'d0': {'_a0_': 0.1329209927949803, '_a1_': -0.3074625040671758, '_a4_': -0.26880781244245244, '_a5_': 2.4704796560648346, '_a6_': 0.2727150417768375, '_a2_': 1.0, '_a3_': 1.0, '_a7_': 1.0}};{'d0': 0.024336627915960505};-273.768346887043;65.24181167373139
4940;-71.6423617697902;(((sinh((_a0_ + (_a0_ + ((x * _a6_) + x)))) + (x * (_a1_ / _a6_))) + _a4_) * (_a5_ ** _a5_));{'d0': {'_a0_': 0.1329209927949803, '_a1_': -0.3074625040671758, '_a4_': -0.26880781244245244, '_a5_': 2.4704796560648346, '_a6_': 0.2727150417768375, '_a2_': 1.0, '_a3_': 1.0, '_a7_': 1.0}};{'d0': 0.024336627915960505};-273.768346887043;65.24181167373139
4941;-71.6423617697902;(((sinh((_a0_ + (_a0_ + ((x * _a6_) + x)))) + (x * (_a1_ / _a6_))) + _a4_) * (_a5_ ** _a5_));{'d0': {'_a0_': 0.1329209927949803, '_a1_': -0.3074625040671758, '_a4_': -0.26880781244245244, '_a5_': 2.4704796560648346, '_a6_': 0.2727150417768375, '_a2_': 1.0, '_a3_': 1.0, '_a7_': 1.0}};{'d0': 0.024336627915960505};-273.768346887043;65.24181167373139
4942;-71.6423617697902;(((sinh((_a0_ + (_a0_ + ((x * _a6_) + x)))) + (x * (_a1_ / _a6_))) + _a4_) * (_a5_ ** _a5_));{'d0': {'_a0_': 0.1329209927949803, '_a1_': -0.3074625040671758, '_a4_': -0.26880781244245244, '_a5_': 2.4704796560648346, '_a6_': 0.2727150417768375, '_a2_': 1.0, '_a3_': 1.0, '_a7_': 1.0}};{'d0': 0.024336627915960505};-273.768346887043;65.24181167373139
4943;-71.6423617697902;(((sinh((_a0_ + (_a0_ + ((x * _a6_) + x)))) + (x * (_a1_ / _a6_))) + _a4_) * (_a5_ ** _a5_));{'d0': {'_a0_': 0.1329209927949803, '_a1_': -0.3074625040671758, '_a4_': -0.26880781244245244, '_a5_': 2.4704796560648346, '_a6_': 0.2727150417768375, '_a2_': 1.0, '_a3_': 1.0, '_a7_': 1.0}};{'d0': 0.024336627915960505};-273.768346887043;65.24181167373139
4944;-71.6423617697902;(((sinh((_a0_ + (_a0_ + ((x * _a6_) + x)))) + (x * (_a1_ / _a6_))) + _a4_) * (_a5_ ** _a5_));{'d0': {'_a0_': 0.1329209927949803, '_a1_': -0.3074625040671758, '_a4_': -0.26880781244245244, '_a5_': 2.4704796560648346, '_a6_': 0.2727150417768375, '_a2_': 1.0, '_a3_': 1.0, '_a7_': 1.0}};{'d0': 0.024336627915960505};-273.768346887043;65.24181167373139
4945;-71.6423617697902;(((sinh((_a0_ + (_a0_ + ((x * _a6_) + x)))) + (x * (_a1_ / _a6_))) + _a4_) * (_a5_ ** _a5_));{'d0': {'_a0_': 0.1329209927949803, '_a1_': -0.3074625040671758, '_a4_': -0.26880781244245244, '_a5_': 2.4704796560648346, '_a6_': 0.2727150417768375, '_a2_': 1.0, '_a3_': 1.0, '_a7_': 1.0}};{'d0': 0.024336627915960505};-273.768346887043;65.24181167373139
4946;-71.6423617697902;(((sinh((_a0_ + (_a0_ + ((x * _a6_) + x)))) + (x * (_a1_ / _a6_))) + _a4_) * (_a5_ ** _a5_));{'d0': {'_a0_': 0.1329209927949803, '_a1_': -0.3074625040671758, '_a4_': -0.26880781244245244, '_a5_': 2.4704796560648346, '_a6_': 0.2727150417768375, '_a2_': 1.0, '_a3_': 1.0, '_a7_': 1.0}};{'d0': 0.024336627915960505};-273.768346887043;65.24181167373139
4947;-71.6423617692482;(((sinh((_a0_ + (_a0_ + ((x * _a6_) + _a0_)))) + (x * (_a1_ / _a6_))) + _a4_) * (_a5_ ** _a5_));{'d0': {'_a0_': 0.08861257273719078, '_a1_': -1.4348361246342312, '_a4_': -0.26880341096940913, '_a5_': 2.47050565055459, '_a6_': 1.2726947486843199, '_a2_': 1.0, '_a3_': 1.0, '_a7_': 1.0}};{'d0': 0.024336627916400157};-273.768346885959;65.24181167373139
4948;-71.6423617692482;(((sinh((_a0_ + (_a0_ + ((x * _a6_) + _a0_)))) + (x * (_a1_ / _a6_))) + _a4_) * (_a5_ ** _a5_));{'d0': {'_a0_': 0.08861257273719078, '_a1_': -1.4348361246342312, '_a4_': -0.26880341096940913, '_a5_': 2.47050565055459, '_a6_': 1.2726947486843199, '_a2_': 1.0, '_a3_': 1.0, '_a7_': 1.0}};{'d0': 0.024336627916400157};-273.768346885959;65.24181167373139
4949;-71.6423617692482;(((sinh((_a0_ + (_a0_ + ((x * _a6_) + _a0_)))) + (x * (_a1_ / _a6_))) + _a4_) * (_a5_ ** _a5_));{'d0': {'_a0_': 0.08861257273719078, '_a1_': -1.4348361246342312, '_a4_': -0.26880341096940913, '_a5_': 2.47050565055459, '_a6_': 1.2726947486843199, '_a2_': 1.0, '_a3_': 1.0, '_a7_': 1.0}};{'d0': 0.024336627916400157};-273.768346885959;65.24181167373139
4950;-90.8626572191645;(((((x * (_a3_ * ((x + pow2(_a1_)) / _a2_))) * pow2(_a3_)) * x) + x) * _a2_);{'d0': {'_a1_': 0.7898477166889007, '_a2_': 1.7751354041775051, '_a3_': 1.5002608255552998, '_a0_': 1.0, '_a4_': 1.0, '_a5_': 1.0, '_a6_': 1.0, '_a7_': 1.0}};{'d0': 0.02490583291941662};-280.569866449044;49.42227600535739
4951;-90.8626572191645;(((((x * (_a3_ * ((x + pow2(_a1_)) / _a2_))) * pow2(_a3_)) * x) + x) * _a2_);{'d0': {'_a1_': 0.7898477166889007, '_a2_': 1.7751354041775051, '_a3_': 1.5002608255552998, '_a0_': 1.0, '_a4_': 1.0, '_a5_': 1.0, '_a6_': 1.0, '_a7_': 1.0}};{'d0': 0.02490583291941662};-280.569866449044;49.42227600535739
4952;-90.8626572191645;(((((x * (_a3_ * ((x + pow2(_a1_)) / _a2_))) * pow2(_a3_)) * x) + x) * _a2_);{'d0': {'_a1_': 0.7898477166889007, '_a2_': 1.7751354041775051, '_a3_': 1.5002608255552998, '_a0_': 1.0, '_a4_': 1.0, '_a5_': 1.0, '_a6_': 1.0, '_a7_': 1.0}};{'d0': 0.02490583291941662};-280.569866449044;49.42227600535739
4953;-84.9420561701345;(((((x * (_a3_ * (((x + x) + pow2(_a1_)) / _a2_))) * pow2(_a3_)) * x) + x) * _a2_);{'d0': {'_a1_': 1.1170133531823434, '_a2_': 1.7751354042466645, '_a3_': 1.1907578063799147, '_a0_': 1.0, '_a4_': 1.0, '_a5_': 1.0, '_a6_': 1.0, '_a7_': 1.0}};{'d0': 0.024905832919416605};-280.569866449044;55.34287705438739
4954;-84.9420561701345;(((((x * (_a3_ * (((x + x) + pow2(_a1_)) / _a2_))) * pow2(_a3_)) * x) + x) * _a2_);{'d0': {'_a1_': 1.1170133531823434, '_a2_': 1.7751354042466645, '_a3_': 1.1907578063799147, '_a0_': 1.0, '_a4_': 1.0, '_a5_': 1.0, '_a6_': 1.0, '_a7_': 1.0}};{'d0': 0.024905832919416605};-280.569866449044;55.34287705438739
4955;-85.6482934384359;(((((x * (_a3_ * (((x + x) + pow2(_a1_)) * _a2_))) * pow2(_a3_)) * x) + x) * _a2_);{'d0': {'_a1_': 1.1170133531830517, '_a2_': 1.775135404406956, '_a3_': 0.812211460815981, '_a0_': 1.0, '_a4_': 1.0, '_a5_': 1.0, '_a6_': 1.0, '_a7_': 1.0}};{'d0': 0.024905832919416615};-280.569866449044;54.636639786085986
4956;-85.6482934384359;(((((x * (_a3_ * (((x + x) + pow2(_a1_)) * _a2_))) * pow2(_a3_)) * x) + x) * _a2_);{'d0': {'_a1_': 1.1170133531830517, '_a2_': 1.775135404406956, '_a3_': 0.812211460815981, '_a0_': 1.0, '_a4_': 1.0, '_a5_': 1.0, '_a6_': 1.0, '_a7_': 1.0}};{'d0': 0.024905832919416615};-280.569866449044;54.636639786085986
4957;-85.6482934384359;(((((x * (_a3_ * (((x + x) + pow2(_a1_)) * _a2_))) * pow2(_a3_)) * x) + x) * _a2_);{'d0': {'_a1_': 1.1170133531830517, '_a2_': 1.775135404406956, '_a3_': 0.812211460815981, '_a0_': 1.0, '_a4_': 1.0, '_a5_': 1.0, '_a6_': 1.0, '_a7_': 1.0}};{'d0': 0.024905832919416615};-280.569866449044;54.636639786085986
4958;-85.6482934384359;(((((x * (_a3_ * (((x + x) + pow2(_a1_)) * _a2_))) * pow2(_a3_)) * x) + x) * _a2_);{'d0': {'_a1_': 1.1170133531830517, '_a2_': 1.775135404406956, '_a3_': 0.812211460815981, '_a0_': 1.0, '_a4_': 1.0, '_a5_': 1.0, '_a6_': 1.0, '_a7_': 1.0}};{'d0': 0.024905832919416615};-280.569866449044;54.636639786085986
4959;-85.6482934384359;(((((x * (_a3_ * (((x + x) + pow2(_a1_)) * _a2_))) * pow2(_a3_)) * x) + x) * _a2_);{'d0': {'_a1_': 1.1170133531830517, '_a2_': 1.775135404406956, '_a3_': 0.812211460815981, '_a0_': 1.0, '_a4_': 1.0, '_a5_': 1.0, '_a6_': 1.0, '_a7_': 1.0}};{'d0': 0.024905832919416615};-280.569866449044;54.636639786085986
4960;-85.6482934384359;(((((x * (_a3_ * (((x + x) + pow2(_a1_)) * _a2_))) * pow2(_a3_)) * x) + x) * _a2_);{'d0': {'_a1_': 1.1170133531830517, '_a2_': 1.775135404406956, '_a3_': 0.812211460815981, '_a0_': 1.0, '_a4_': 1.0, '_a5_': 1.0, '_a6_': 1.0, '_a7_': 1.0}};{'d0': 0.024905832919416615};-280.569866449044;54.636639786085986
4961;-85.6482934384359;(((((x * (_a3_ * (((x + x) + pow2(_a1_)) * _a2_))) * pow2(_a3_)) * x) + x) * _a2_);{'d0': {'_a1_': 1.1170133531830517, '_a2_': 1.775135404406956, '_a3_': 0.812211460815981, '_a0_': 1.0, '_a4_': 1.0, '_a5_': 1.0, '_a6_': 1.0, '_a7_': 1.0}};{'d0': 0.024905832919416615};-280.569866449044;54.636639786085986
4962;-89.3462279110459;(((((x * (_a3_ * (((x + x) + _a7_) * _a2_))) * pow2(_a3_)) * x) + x) * _a2_);{'d0': {'_a2_': 1.775135403732524, '_a3_': 0.8122114610978192, '_a7_': 1.24771883079588, '_a0_': 1.0, '_a1_': 1.0, '_a4_': 1.0, '_a5_': 1.0, '_a6_': 1.0}};{'d0': 0.024905832919416598};-280.569866449044;50.938705313475985
4963;-89.3462279110459;(((((x * (_a3_ * (((x + x) + _a7_) * _a2_))) * pow2(_a3_)) * x) + x) * _a2_);{'d0': {'_a2_': 1.775135403732524, '_a3_': 0.8122114610978192, '_a7_': 1.24771883079588, '_a0_': 1.0, '_a1_': 1.0, '_a4_': 1.0, '_a5_': 1.0, '_a6_': 1.0}};{'d0': 0.024905832919416598};-280.569866449044;50.938705313475985
4964;-89.3462279110459;(((((x * (_a3_ * (((x + x) + _a7_) * _a2_))) * pow2(_a3_)) * x) + x) * _a2_);{'d0': {'_a2_': 1.775135403732524, '_a3_': 0.8122114610978192, '_a7_': 1.24771883079588, '_a0_': 1.0, '_a1_': 1.0, '_a4_': 1.0, '_a5_': 1.0, '_a6_': 1.0}};{'d0': 0.024905832919416598};-280.569866449044;50.938705313475985
4965;-89.3462279110459;(((((x * (_a3_ * (((x + x) + _a7_) * _a2_))) * pow2(_a3_)) * x) + x) * _a2_);{'d0': {'_a2_': 1.775135403732524, '_a3_': 0.8122114610978192, '_a7_': 1.24771883079588, '_a0_': 1.0, '_a1_': 1.0, '_a4_': 1.0, '_a5_': 1.0, '_a6_': 1.0}};{'d0': 0.024905832919416598};-280.569866449044;50.938705313475985
4966;-91.0897047203006;((-(-((_a2_ + (_a0_ * x)))) + _a2_) + (pow3((x + _a5_)) * _a7_));{'d0': {'_a0_': 1.3348540689841861, '_a2_': -0.015771949072899392, '_a5_': 0.2081837229216555, '_a7_': 3.3825181614325874, '_a1_': 1.0, '_a3_': 1.0, '_a4_': 1.0, '_a6_': 1.0}};{'d0': 0.02488548250186684};-276.524567593312;47.17257907635555
4967;-91.0897047203006;((-(-((_a2_ + (_a0_ * x)))) + _a2_) + (pow3((x + _a5_)) * _a7_));{'d0': {'_a0_': 1.3348540689841861, '_a2_': -0.015771949072899392, '_a5_': 0.2081837229216555, '_a7_': 3.3825181614325874, '_a1_': 1.0, '_a3_': 1.0, '_a4_': 1.0, '_a6_': 1.0}};{'d0': 0.02488548250186684};-276.524567593312;47.17257907635555
4968;-91.0897047203006;((-(-((_a2_ + (_a0_ * x)))) + _a2_) + (pow3((x + _a5_)) * _a7_));{'d0': {'_a0_': 1.3348540689841861, '_a2_': -0.015771949072899392, '_a5_': 0.2081837229216555, '_a7_': 3.3825181614325874, '_a1_': 1.0, '_a3_': 1.0, '_a4_': 1.0, '_a6_': 1.0}};{'d0': 0.02488548250186684};-276.524567593312;47.17257907635555
4969;-91.0897047203006;((-(-((_a2_ + (_a0_ * x)))) + _a2_) + (pow3((x + _a5_)) * _a7_));{'d0': {'_a0_': 1.3348540689841861, '_a2_': -0.015771949072899392, '_a5_': 0.2081837229216555, '_a7_': 3.3825181614325874, '_a1_': 1.0, '_a3_': 1.0, '_a4_': 1.0, '_a6_': 1.0}};{'d0': 0.02488548250186684};-276.524567593312;47.17257907635555
4970;-91.0897047203006;((-(-((_a2_ + (_a0_ * x)))) + _a2_) + (pow3((x + _a5_)) * _a7_));{'d0': {'_a0_': 1.3348540689841861, '_a2_': -0.015771949072899392, '_a5_': 0.2081837229216555, '_a7_': 3.3825181614325874, '_a1_': 1.0, '_a3_': 1.0, '_a4_': 1.0, '_a6_': 1.0}};{'d0': 0.02488548250186684};-276.524567593312;47.17257907635555
4971;-91.0897047203006;((-(-((_a2_ + (_a0_ * x)))) + _a2_) + (pow3((x + _a5_)) * _a7_));{'d0': {'_a0_': 1.3348540689841861, '_a2_': -0.015771949072899392, '_a5_': 0.2081837229216555, '_a7_': 3.3825181614325874, '_a1_': 1.0, '_a3_': 1.0, '_a4_': 1.0, '_a6_': 1.0}};{'d0': 0.02488548250186684};-276.524567593312;47.17257907635555
4972;-91.0897047203006;((-(-((_a2_ + (_a0_ * x)))) + _a2_) + (pow3((x + _a5_)) * _a7_));{'d0': {'_a0_': 1.3348540689841861, '_a2_': -0.015771949072899392, '_a5_': 0.2081837229216555, '_a7_': 3.3825181614325874, '_a1_': 1.0, '_a3_': 1.0, '_a4_': 1.0, '_a6_': 1.0}};{'d0': 0.02488548250186684};-276.524567593312;47.17257907635555
4973;-91.0897047203006;((-(-((_a2_ + (_a0_ * x)))) + _a2_) + (pow3((x + _a5_)) * _a7_));{'d0': {'_a0_': 1.3348540689841861, '_a2_': -0.015771949072899392, '_a5_': 0.2081837229216555, '_a7_': 3.3825181614325874, '_a1_': 1.0, '_a3_': 1.0, '_a4_': 1.0, '_a6_': 1.0}};{'d0': 0.02488548250186684};-276.524567593312;47.17257907635555
4974;-91.0897047203006;((-(-((_a2_ + (_a0_ * x)))) + _a2_) + (pow3((x + _a5_)) * _a7_));{'d0': {'_a0_': 1.3348540689841861, '_a2_': -0.015771949072899392, '_a5_': 0.2081837229216555, '_a7_': 3.3825181614325874, '_a1_': 1.0, '_a3_': 1.0, '_a4_': 1.0, '_a6_': 1.0}};{'d0': 0.02488548250186684};-276.524567593312;47.17257907635555
4975;-91.0897047203006;((-(-((_a2_ + (_a0_ * x)))) + _a2_) + (pow3((x + _a5_)) * _a7_));{'d0': {'_a0_': 1.3348540689841861, '_a2_': -0.015771949072899392, '_a5_': 0.2081837229216555, '_a7_': 3.3825181614325874, '_a1_': 1.0, '_a3_': 1.0, '_a4_': 1.0, '_a6_': 1.0}};{'d0': 0.02488548250186684};-276.524567593312;47.17257907635555
4976;-91.0897047203006;((-(-((_a2_ + (_a0_ * x)))) + _a2_) + (pow3((x + _a5_)) * _a7_));{'d0': {'_a0_': 1.3348540689841861, '_a2_': -0.015771949072899392, '_a5_': 0.2081837229216555, '_a7_': 3.3825181614325874, '_a1_': 1.0, '_a3_': 1.0, '_a4_': 1.0, '_a6_': 1.0}};{'d0': 0.02488548250186684};-276.524567593312;47.17257907635555
4977;-91.0897047203006;((-(-((_a2_ + (_a0_ * x)))) + _a2_) + (pow3((x + _a5_)) * _a7_));{'d0': {'_a0_': 1.3348540689841861, '_a2_': -0.015771949072899392, '_a5_': 0.2081837229216555, '_a7_': 3.3825181614325874, '_a1_': 1.0, '_a3_': 1.0, '_a4_': 1.0, '_a6_': 1.0}};{'d0': 0.02488548250186684};-276.524567593312;47.17257907635555
4978;-91.0897047203006;((-(-((_a2_ + (_a0_ * x)))) + _a2_) + (pow3((x + _a5_)) * _a7_));{'d0': {'_a0_': 1.3348540689841861, '_a2_': -0.015771949072899392, '_a5_': 0.2081837229216555, '_a7_': 3.3825181614325874, '_a1_': 1.0, '_a3_': 1.0, '_a4_': 1.0, '_a6_': 1.0}};{'d0': 0.02488548250186684};-276.524567593312;47.17257907635555
4979;-91.0897047203006;((-(-((_a2_ + (_a0_ * x)))) + _a2_) + (pow3((x + _a5_)) * _a7_));{'d0': {'_a0_': 1.3348540689841861, '_a2_': -0.015771949072899392, '_a5_': 0.2081837229216555, '_a7_': 3.3825181614325874, '_a1_': 1.0, '_a3_': 1.0, '_a4_': 1.0, '_a6_': 1.0}};{'d0': 0.02488548250186684};-276.524567593312;47.17257907635555
4980;-91.0897047203006;((-(-((_a2_ + (_a0_ * x)))) + _a2_) + (pow3((x + _a5_)) * _a7_));{'d0': {'_a0_': 1.3348540689841861, '_a2_': -0.015771949072899392, '_a5_': 0.2081837229216555, '_a7_': 3.3825181614325874, '_a1_': 1.0, '_a3_': 1.0, '_a4_': 1.0, '_a6_': 1.0}};{'d0': 0.02488548250186684};-276.524567593312;47.17257907635555
4981;-91.0897047203006;((-(-((_a2_ + (_a0_ * x)))) + _a2_) + (pow3((x + _a5_)) * _a7_));{'d0': {'_a0_': 1.3348540689841861, '_a2_': -0.015771949072899392, '_a5_': 0.2081837229216555, '_a7_': 3.3825181614325874, '_a1_': 1.0, '_a3_': 1.0, '_a4_': 1.0, '_a6_': 1.0}};{'d0': 0.02488548250186684};-276.524567593312;47.17257907635555
4982;-91.0897047203006;((-(-((_a2_ + (_a0_ * x)))) + _a2_) + (pow3((x + _a5_)) * _a7_));{'d0': {'_a0_': 1.3348540689841861, '_a2_': -0.015771949072899392, '_a5_': 0.2081837229216555, '_a7_': 3.3825181614325874, '_a1_': 1.0, '_a3_': 1.0, '_a4_': 1.0, '_a6_': 1.0}};{'d0': 0.02488548250186684};-276.524567593312;47.17257907635555
4983;-95.2668289600759;(((((x * (_a3_ * ((x + _a7_) * _a2_))) * pow2(_a3_)) * x) + x) * _a2_);{'d0': {'_a2_': 1.7751354045267846, '_a3_': 1.0233223163967795, '_a7_': 0.6238594154198184, '_a0_': 1.0, '_a1_': 1.0, '_a4_': 1.0, '_a5_': 1.0, '_a6_': 1.0}};{'d0': 0.024905832919416563};-280.569866449044;45.01810426444599
4984;-95.2668289600759;(((((x * (_a3_ * ((x + _a7_) * _a2_))) * pow2(_a3_)) * x) + x) * _a2_);{'d0': {'_a2_': 1.7751354045267846, '_a3_': 1.0233223163967795, '_a7_': 0.6238594154198184, '_a0_': 1.0, '_a1_': 1.0, '_a4_': 1.0, '_a5_': 1.0, '_a6_': 1.0}};{'d0': 0.024905832919416563};-280.569866449044;45.01810426444599
4985;-91.0897047203006;((-(-((_a2_ + (_a0_ * x)))) + _a2_) + (pow3((x + _a5_)) * _a7_));{'d0': {'_a0_': 1.3348540689841861, '_a2_': -0.015771949072899392, '_a5_': 0.2081837229216555, '_a7_': 3.3825181614325874, '_a1_': 1.0, '_a3_': 1.0, '_a4_': 1.0, '_a6_': 1.0}};{'d0': 0.02488548250186684};-276.524567593312;47.17257907635555
4986;-91.0897047203006;((-(-((_a2_ + (_a0_ * x)))) + _a2_) + (pow3((x + _a5_)) * _a7_));{'d0': {'_a0_': 1.3348540689841861, '_a2_': -0.015771949072899392, '_a5_': 0.2081837229216555, '_a7_': 3.3825181614325874, '_a1_': 1.0, '_a3_': 1.0, '_a4_': 1.0, '_a6_': 1.0}};{'d0': 0.02488548250186684};-276.524567593312;47.17257907635555
4987;-91.0897047203006;((-(-((_a2_ + (_a0_ * x)))) + _a2_) + (pow3((x + _a5_)) * _a7_));{'d0': {'_a0_': 1.3348540689841861, '_a2_': -0.015771949072899392, '_a5_': 0.2081837229216555, '_a7_': 3.3825181614325874, '_a1_': 1.0, '_a3_': 1.0, '_a4_': 1.0, '_a6_': 1.0}};{'d0': 0.02488548250186684};-276.524567593312;47.17257907635555
4988;-91.0897047203006;((-(-((_a2_ + (_a0_ * x)))) + _a2_) + (pow3((x + _a5_)) * _a7_));{'d0': {'_a0_': 1.3348540689841861, '_a2_': -0.015771949072899392, '_a5_': 0.2081837229216555, '_a7_': 3.3825181614325874, '_a1_': 1.0, '_a3_': 1.0, '_a4_': 1.0, '_a6_': 1.0}};{'d0': 0.02488548250186684};-276.524567593312;47.17257907635555
4989;-91.0897047203006;((-(-((_a2_ + (_a0_ * x)))) + _a2_) + (pow3((x + _a5_)) * _a7_));{'d0': {'_a0_': 1.3348540689841861, '_a2_': -0.015771949072899392, '_a5_': 0.2081837229216555, '_a7_': 3.3825181614325874, '_a1_': 1.0, '_a3_': 1.0, '_a4_': 1.0, '_a6_': 1.0}};{'d0': 0.02488548250186684};-276.524567593312;47.17257907635555
4990;-85.2894129538981;((-(-((_a2_ + ((_a3_ / _a5_) * x)))) + _a2_) + (pow3((x + _a5_)) * _a7_));{'d0': {'_a2_': -0.01577194705281571, '_a3_': 0.27789489020458913, '_a5_': 0.20818372209059327, '_a7_': 3.382518139745855, '_a0_': 1.0, '_a1_': 1.0, '_a4_': 1.0, '_a6_': 1.0}};{'d0': 0.024885482501866972};-276.524567593312;52.97287084275795
4991;-85.2894129538981;((-(-((_a2_ + ((_a3_ / _a5_) * x)))) + _a2_) + (pow3((x + _a5_)) * _a7_));{'d0': {'_a2_': -0.01577194705281571, '_a3_': 0.27789489020458913, '_a5_': 0.20818372209059327, '_a7_': 3.382518139745855, '_a0_': 1.0, '_a1_': 1.0, '_a4_': 1.0, '_a6_': 1.0}};{'d0': 0.024885482501866972};-276.524567593312;52.97287084275795
4992;-85.2894129538981;((-(-((_a2_ + ((_a3_ / _a5_) * x)))) + _a2_) + (pow3((x + _a5_)) * _a7_));{'d0': {'_a2_': -0.01577194705281571, '_a3_': 0.27789489020458913, '_a5_': 0.20818372209059327, '_a7_': 3.382518139745855, '_a0_': 1.0, '_a1_': 1.0, '_a4_': 1.0, '_a6_': 1.0}};{'d0': 0.024885482501866972};-276.524567593312;52.97287084275795
4993;-85.2894129538981;((-(-((_a2_ + ((_a3_ / _a5_) * x)))) + _a2_) + (pow3((x + _a5_)) * _a7_));{'d0': {'_a2_': -0.01577194705281571, '_a3_': 0.27789489020458913, '_a5_': 0.20818372209059327, '_a7_': 3.382518139745855, '_a0_': 1.0, '_a1_': 1.0, '_a4_': 1.0, '_a6_': 1.0}};{'d0': 0.024885482501866972};-276.524567593312;52.97287084275795
4994;-85.2894129538981;((-(-((_a2_ + ((_a3_ / _a5_) * x)))) + _a2_) + (pow3((x + _a5_)) * _a7_));{'d0': {'_a2_': -0.01577194705281571, '_a3_': 0.27789489020458913, '_a5_': 0.20818372209059327, '_a7_': 3.382518139745855, '_a0_': 1.0, '_a1_': 1.0, '_a4_': 1.0, '_a6_': 1.0}};{'d0': 0.024885482501866972};-276.524567593312;52.97287084275795
4995;-85.2894129538981;((-(-((_a2_ + ((_a3_ / _a5_) * x)))) + _a2_) + (pow3((x + _a5_)) * _a7_));{'d0': {'_a2_': -0.01577194705281571, '_a3_': 0.27789489020458913, '_a5_': 0.20818372209059327, '_a7_': 3.382518139745855, '_a0_': 1.0, '_a1_': 1.0, '_a4_': 1.0, '_a6_': 1.0}};{'d0': 0.024885482501866972};-276.524567593312;52.97287084275795
4996;-85.2894129538981;((-(-((_a2_ + ((_a3_ / _a5_) * x)))) + _a2_) + (pow3((x + _a5_)) * _a7_));{'d0': {'_a2_': -0.01577194705281571, '_a3_': 0.27789489020458913, '_a5_': 0.20818372209059327, '_a7_': 3.382518139745855, '_a0_': 1.0, '_a1_': 1.0, '_a4_': 1.0, '_a6_': 1.0}};{'d0': 0.024885482501866972};-276.524567593312;52.97287084275795
4997;-85.2894129538981;((-(-((_a2_ + ((_a3_ / _a5_) * x)))) + _a2_) + (pow3((x + _a5_)) * _a7_));{'d0': {'_a2_': -0.01577194705281571, '_a3_': 0.27789489020458913, '_a5_': 0.20818372209059327, '_a7_': 3.382518139745855, '_a0_': 1.0, '_a1_': 1.0, '_a4_': 1.0, '_a6_': 1.0}};{'d0': 0.024885482501866972};-276.524567593312;52.97287084275795
4998;-85.2894129538981;((-(-((_a2_ + ((_a3_ / _a5_) * x)))) + _a2_) + (pow3((x + _a5_)) * _a7_));{'d0': {'_a2_': -0.01577194705281571, '_a3_': 0.27789489020458913, '_a5_': 0.20818372209059327, '_a7_': 3.382518139745855, '_a0_': 1.0, '_a1_': 1.0, '_a4_': 1.0, '_a6_': 1.0}};{'d0': 0.024885482501866972};-276.524567593312;52.97287084275795
4999;-85.2894129538981;((-(-((_a2_ + ((_a3_ / _a5_) * x)))) + _a2_) + (pow3((x + _a5_)) * _a7_));{'d0': {'_a2_': -0.01577194705281571, '_a3_': 0.27789489020458913, '_a5_': 0.20818372209059327, '_a7_': 3.382518139745855, '_a0_': 1.0, '_a1_': 1.0, '_a4_': 1.0, '_a6_': 1.0}};{'d0': 0.024885482501866972};-276.524567593312;52.97287084275795
5000;-85.2894129538981;((-(-((_a2_ + ((_a3_ / _a5_) * x)))) + _a2_) + (pow3((x + _a5_)) * _a7_));{'d0': {'_a2_': -0.01577194705281571, '_a3_': 0.27789489020458913, '_a5_': 0.20818372209059327, '_a7_': 3.382518139745855, '_a0_': 1.0, '_a1_': 1.0, '_a4_': 1.0, '_a6_': 1.0}};{'d0': 0.024885482501866972};-276.524567593312;52.97287084275795
5001;-95.2668289600759;(((((x * (_a3_ * ((x + _a7_) * _a2_))) * pow2(_a3_)) * x) + x) * _a2_);{'d0': {'_a2_': 1.7751354045267846, '_a3_': 1.0233223163967795, '_a7_': 0.6238594154198184, '_a0_': 1.0, '_a1_': 1.0, '_a4_': 1.0, '_a5_': 1.0, '_a6_': 1.0}};{'d0': 0.024905832919416563};-280.569866449044;45.01810426444599
5002;-95.2668289600759;(((((x * (_a3_ * ((x + _a7_) * _a2_))) * pow2(_a3_)) * x) + x) * _a2_);{'d0': {'_a2_': 1.7751354045267846, '_a3_': 1.0233223163967795, '_a7_': 0.6238594154198184, '_a0_': 1.0, '_a1_': 1.0, '_a4_': 1.0, '_a5_': 1.0, '_a6_': 1.0}};{'d0': 0.024905832919416563};-280.569866449044;45.01810426444599
5003;-85.2894129538981;((-(-((_a2_ + ((_a3_ / _a5_) * x)))) + _a2_) + (pow3((x + _a5_)) * _a7_));{'d0': {'_a2_': -0.01577194705281571, '_a3_': 0.27789489020458913, '_a5_': 0.20818372209059327, '_a7_': 3.382518139745855, '_a0_': 1.0, '_a1_': 1.0, '_a4_': 1.0, '_a6_': 1.0}};{'d0': 0.024885482501866972};-276.524567593312;52.97287084275795
5004;-85.2894129538981;((-(-((_a2_ + ((_a3_ / _a5_) * x)))) + _a2_) + (pow3((x + _a5_)) * _a7_));{'d0': {'_a2_': -0.01577194705281571, '_a3_': 0.27789489020458913, '_a5_': 0.20818372209059327, '_a7_': 3.382518139745855, '_a0_': 1.0, '_a1_': 1.0, '_a4_': 1.0, '_a6_': 1.0}};{'d0': 0.024885482501866972};-276.524567593312;52.97287084275795
5005;-85.2894129538981;((-(-((_a2_ + ((_a3_ / _a5_) * x)))) + _a2_) + (pow3((x + _a5_)) * _a7_));{'d0': {'_a2_': -0.01577194705281571, '_a3_': 0.27789489020458913, '_a5_': 0.20818372209059327, '_a7_': 3.382518139745855, '_a0_': 1.0, '_a1_': 1.0, '_a4_': 1.0, '_a6_': 1.0}};{'d0': 0.024885482501866972};-276.524567593312;52.97287084275795
5006;-86.3330313637933;((-(-((_a2_ * ((_a3_ / _a5_) * x)))) + _a2_) + (pow3((x + _a5_)) * _a7_));{'d0': {'_a2_': -0.03154389868376799, '_a3_': -8.809782596217028, '_a5_': 0.20818372309786143, '_a7_': 3.3825181651397482, '_a0_': 1.0, '_a1_': 1.0, '_a4_': 1.0, '_a6_': 1.0}};{'d0': 0.024885482501866833};-276.524567593313;51.92925243286295
5007;-79.6694830176932;((-(-((_a2_ * ((_a3_ / _a5_) * x)))) + _a2_) + (pow3((x + _a5_)) * (_a5_ ** _a1_)));{'d0': {'_a1_': -0.7765206183464141, '_a2_': -0.03154389630898523, '_a3_': -8.809783260008162, '_a5_': 0.20818372243346975, '_a0_': 1.0, '_a4_': 1.0, '_a6_': 1.0, '_a7_': 1.0}};{'d0': 0.024885482501866858};-276.524567593312;58.59280077896295
5008;-79.6694830176932;((-(-((_a2_ * ((_a3_ / _a5_) * x)))) + _a2_) + (pow3((x + _a5_)) * (_a5_ ** _a1_)));{'d0': {'_a1_': -0.7765206183464141, '_a2_': -0.03154389630898523, '_a3_': -8.809783260008162, '_a5_': 0.20818372243346975, '_a0_': 1.0, '_a4_': 1.0, '_a6_': 1.0, '_a7_': 1.0}};{'d0': 0.024885482501866858};-276.524567593312;58.59280077896295
5009;-79.6694830176932;((-(-((_a2_ * ((_a3_ / _a5_) * x)))) + _a2_) + (pow3((x + _a5_)) * (_a5_ ** _a1_)));{'d0': {'_a1_': -0.7765206183464141, '_a2_': -0.03154389630898523, '_a3_': -8.809783260008162, '_a5_': 0.20818372243346975, '_a0_': 1.0, '_a4_': 1.0, '_a6_': 1.0, '_a7_': 1.0}};{'d0': 0.024885482501866858};-276.524567593312;58.59280077896295
5010;-79.6694830176932;((-(-((_a2_ * ((_a3_ / _a5_) * x)))) + _a2_) + (pow3((x + _a5_)) * (_a5_ ** _a1_)));{'d0': {'_a1_': -0.7765206183464141, '_a2_': -0.03154389630898523, '_a3_': -8.809783260008162, '_a5_': 0.20818372243346975, '_a0_': 1.0, '_a4_': 1.0, '_a6_': 1.0, '_a7_': 1.0}};{'d0': 0.024885482501866858};-276.524567593312;58.59280077896295
5011;-79.6694830176932;((-(-((_a2_ * ((_a3_ / _a5_) * x)))) + _a2_) + (pow3((x + _a5_)) * (_a5_ ** _a1_)));{'d0': {'_a1_': -0.7765206183464141, '_a2_': -0.03154389630898523, '_a3_': -8.809783260008162, '_a5_': 0.20818372243346975, '_a0_': 1.0, '_a4_': 1.0, '_a6_': 1.0, '_a7_': 1.0}};{'d0': 0.024885482501866858};-276.524567593312;58.59280077896295
5012;-79.6694830176932;((-(-((_a2_ * ((_a3_ / _a5_) * x)))) + _a2_) + (pow3((x + _a5_)) * (_a5_ ** _a1_)));{'d0': {'_a1_': -0.7765206183464141, '_a2_': -0.03154389630898523, '_a3_': -8.809783260008162, '_a5_': 0.20818372243346975, '_a0_': 1.0, '_a4_': 1.0, '_a6_': 1.0, '_a7_': 1.0}};{'d0': 0.024885482501866858};-276.524567593312;58.59280077896295
5013;-79.6694830176932;((-(-((_a2_ * ((_a3_ / _a5_) * x)))) + _a2_) + (pow3((x + _a5_)) * (_a5_ ** _a1_)));{'d0': {'_a1_': -0.7765206183464141, '_a2_': -0.03154389630898523, '_a3_': -8.809783260008162, '_a5_': 0.20818372243346975, '_a0_': 1.0, '_a4_': 1.0, '_a6_': 1.0, '_a7_': 1.0}};{'d0': 0.024885482501866858};-276.524567593312;58.59280077896295
5014;-79.6694830176932;((-(-((_a2_ * ((_a3_ / _a5_) * x)))) + _a2_) + (pow3((x + _a5_)) * (_a5_ ** _a1_)));{'d0': {'_a1_': -0.7765206183464141, '_a2_': -0.03154389630898523, '_a3_': -8.809783260008162, '_a5_': 0.20818372243346975, '_a0_': 1.0, '_a4_': 1.0, '_a6_': 1.0, '_a7_': 1.0}};{'d0': 0.024885482501866858};-276.524567593312;58.59280077896295
5015;-79.6694830176932;((-(-((_a2_ * ((_a3_ / _a5_) * x)))) + _a2_) + (pow3((x + _a5_)) * (_a5_ ** _a1_)));{'d0': {'_a1_': -0.7765206183464141, '_a2_': -0.03154389630898523, '_a3_': -8.809783260008162, '_a5_': 0.20818372243346975, '_a0_': 1.0, '_a4_': 1.0, '_a6_': 1.0, '_a7_': 1.0}};{'d0': 0.024885482501866858};-276.524567593312;58.59280077896295
5016;-79.6694830176932;((-(-((_a2_ * ((_a3_ / _a5_) * x)))) + _a2_) + (pow3((x + _a5_)) * (_a5_ ** _a1_)));{'d0': {'_a1_': -0.7765206183464141, '_a2_': -0.03154389630898523, '_a3_': -8.809783260008162, '_a5_': 0.20818372243346975, '_a0_': 1.0, '_a4_': 1.0, '_a6_': 1.0, '_a7_': 1.0}};{'d0': 0.024885482501866858};-276.524567593312;58.59280077896295
5017;-79.6694830176932;((-(-((_a2_ * ((_a3_ / _a5_) * x)))) + _a2_) + (pow3((x + _a5_)) * (_a5_ ** _a1_)));{'d0': {'_a1_': -0.7765206183464141, '_a2_': -0.03154389630898523, '_a3_': -8.809783260008162, '_a5_': 0.20818372243346975, '_a0_': 1.0, '_a4_': 1.0, '_a6_': 1.0, '_a7_': 1.0}};{'d0': 0.024885482501866858};-276.524567593312;58.59280077896295
5018;-79.6694830176932;((-(-((_a2_ * ((_a3_ / _a5_) * x)))) + _a2_) + (pow3((x + _a5_)) * (_a5_ ** _a1_)));{'d0': {'_a1_': -0.7765206183464141, '_a2_': -0.03154389630898523, '_a3_': -8.809783260008162, '_a5_': 0.20818372243346975, '_a0_': 1.0, '_a4_': 1.0, '_a6_': 1.0, '_a7_': 1.0}};{'d0': 0.024885482501866858};-276.524567593312;58.59280077896295
5019;-77.6223107354045;((-(-((_a2_ * ((_a3_ / _a5_) * x)))) + _a4_) + (pow3((x + _a5_)) * (_a5_ ** _a1_)));{'d0': {'_a1_': -0.7765206220488154, '_a2_': -0.03357944877822128, '_a3_': -8.275741480403294, '_a4_': -0.03154389859086708, '_a5_': 0.20818372303051105, '_a0_': 1.0, '_a6_': 1.0, '_a7_': 1.0}};{'d0': 0.024885482502843743};-272.430223028735;58.59280077896295
5020;-77.6223107354045;((-(-((_a2_ * ((_a3_ / _a5_) * x)))) + _a4_) + (pow3((x + _a5_)) * (_a5_ ** _a1_)));{'d0': {'_a1_': -0.7765206220488154, '_a2_': -0.03357944877822128, '_a3_': -8.275741480403294, '_a4_': -0.03154389859086708, '_a5_': 0.20818372303051105, '_a0_': 1.0, '_a6_': 1.0, '_a7_': 1.0}};{'d0': 0.024885482502843743};-272.430223028735;58.59280077896295
5021;-77.6223107354045;((-(-((_a2_ * ((_a3_ / _a5_) * x)))) + _a4_) + (pow3((x + _a5_)) * (_a5_ ** _a1_)));{'d0': {'_a1_': -0.7765206220488154, '_a2_': -0.03357944877822128, '_a3_': -8.275741480403294, '_a4_': -0.03154389859086708, '_a5_': 0.20818372303051105, '_a0_': 1.0, '_a6_': 1.0, '_a7_': 1.0}};{'d0': 0.024885482502843743};-272.430223028735;58.59280077896295
5022;-77.6223107354045;((-(-((_a2_ * ((_a3_ / _a5_) * x)))) + _a4_) + (pow3((x + _a5_)) * (_a5_ ** _a1_)));{'d0': {'_a1_': -0.7765206220488154, '_a2_': -0.03357944877822128, '_a3_': -8.275741480403294, '_a4_': -0.03154389859086708, '_a5_': 0.20818372303051105, '_a0_': 1.0, '_a6_': 1.0, '_a7_': 1.0}};{'d0': 0.024885482502843743};-272.430223028735;58.59280077896295
5023;-98.9647634326859;(((((x * (_a3_ * ((x + _a7_) * _a2_))) * _a2_) * x) + x) * _a2_);{'d0': {'_a2_': 1.7751354039719613, '_a3_': 0.6036786967532756, '_a7_': 0.6238594154947867, '_a0_': 1.0, '_a1_': 1.0, '_a4_': 1.0, '_a5_': 1.0, '_a6_': 1.0}};{'d0': 0.02490583291941662};-280.569866449044;41.32016979183599
5024;-98.9647634326859;(((((x * (_a3_ * ((x + _a7_) * _a2_))) * _a2_) * x) + x) * _a2_);{'d0': {'_a2_': 1.7751354039719613, '_a3_': 0.6036786967532756, '_a7_': 0.6238594154947867, '_a0_': 1.0, '_a1_': 1.0, '_a4_': 1.0, '_a5_': 1.0, '_a6_': 1.0}};{'d0': 0.02490583291941662};-280.569866449044;41.32016979183599
5025;-98.9647634326859;(((((x * (_a3_ * ((x + _a7_) * _a2_))) * _a2_) * x) + x) * _a2_);{'d0': {'_a2_': 1.7751354039719613, '_a3_': 0.6036786967532756, '_a7_': 0.6238594154947867, '_a0_': 1.0, '_a1_': 1.0, '_a4_': 1.0, '_a5_': 1.0, '_a6_': 1.0}};{'d0': 0.02490583291941662};-280.569866449044;41.32016979183599
5026;-79.6694830176933;((-(-((_a2_ * ((x / _a5_) * x)))) + _a4_) + (pow3((x + _a5_)) * (_a5_ ** _a1_)));{'d0': {'_a1_': -1.3977991572044512, '_a2_': -0.8911990777914697, '_a4_': -0.24840641646683836, '_a5_': 0.41819238774804557, '_a0_': 1.0, '_a3_': 1.0, '_a6_': 1.0, '_a7_': 1.0}};{'d0': 0.02488548250186679};-276.524567593313;58.59280077896295
5027;-79.6694830176933;((-(-((_a2_ * ((x / _a5_) * x)))) + _a4_) + (pow3((x + _a5_)) * (_a5_ ** _a1_)));{'d0': {'_a1_': -1.3977991572044512, '_a2_': -0.8911990777914697, '_a4_': -0.24840641646683836, '_a5_': 0.41819238774804557, '_a0_': 1.0, '_a3_': 1.0, '_a6_': 1.0, '_a7_': 1.0}};{'d0': 0.02488548250186679};-276.524567593313;58.59280077896295
5028;-98.9647634326859;(((((x * (_a3_ * ((x + _a7_) * _a2_))) * _a2_) * x) + x) * _a2_);{'d0': {'_a2_': 1.7751354039719613, '_a3_': 0.6036786967532756, '_a7_': 0.6238594154947867, '_a0_': 1.0, '_a1_': 1.0, '_a4_': 1.0, '_a5_': 1.0, '_a6_': 1.0}};{'d0': 0.02490583291941662};-280.569866449044;41.32016979183599
5029;-98.9647634326859;(((((x * (_a3_ * ((x + _a7_) * _a2_))) * _a2_) * x) + x) * _a2_);{'d0': {'_a2_': 1.7751354039719613, '_a3_': 0.6036786967532756, '_a7_': 0.6238594154947867, '_a0_': 1.0, '_a1_': 1.0, '_a4_': 1.0, '_a5_': 1.0, '_a6_': 1.0}};{'d0': 0.02490583291941662};-280.569866449044;41.32016979183599
5030;-98.9647634326859;(((((x * (_a3_ * ((x + _a7_) * _a2_))) * _a2_) * x) + x) * _a2_);{'d0': {'_a2_': 1.7751354039719613, '_a3_': 0.6036786967532756, '_a7_': 0.6238594154947867, '_a0_': 1.0, '_a1_': 1.0, '_a4_': 1.0, '_a5_': 1.0, '_a6_': 1.0}};{'d0': 0.02490583291941662};-280.569866449044;41.32016979183599
5031;-98.9647634326859;(((((x * (_a3_ * ((x + _a7_) * _a2_))) * _a2_) * x) + x) * _a2_);{'d0': {'_a2_': 1.7751354039719613, '_a3_': 0.6036786967532756, '_a7_': 0.6238594154947867, '_a0_': 1.0, '_a1_': 1.0, '_a4_': 1.0, '_a5_': 1.0, '_a6_': 1.0}};{'d0': 0.02490583291941662};-280.569866449044;41.32016979183599
5032;-98.9647634326859;(((((x * (_a3_ * ((x + _a7_) * _a2_))) * _a2_) * x) + x) * _a2_);{'d0': {'_a2_': 1.7751354039719613, '_a3_': 0.6036786967532756, '_a7_': 0.6238594154947867, '_a0_': 1.0, '_a1_': 1.0, '_a4_': 1.0, '_a5_': 1.0, '_a6_': 1.0}};{'d0': 0.02490583291941662};-280.569866449044;41.32016979183599
5033;-98.9647634326859;(((((x * (_a3_ * ((x + _a7_) * _a2_))) * _a2_) * x) + x) * _a2_);{'d0': {'_a2_': 1.7751354039719613, '_a3_': 0.6036786967532756, '_a7_': 0.6238594154947867, '_a0_': 1.0, '_a1_': 1.0, '_a4_': 1.0, '_a5_': 1.0, '_a6_': 1.0}};{'d0': 0.02490583291941662};-280.569866449044;41.32016979183599
5034;-98.9647634326859;(((((x * (_a3_ * ((x + _a7_) * _a2_))) * _a2_) * x) + x) * _a2_);{'d0': {'_a2_': 1.7751354039719613, '_a3_': 0.6036786967532756, '_a7_': 0.6238594154947867, '_a0_': 1.0, '_a1_': 1.0, '_a4_': 1.0, '_a5_': 1.0, '_a6_': 1.0}};{'d0': 0.02490583291941662};-280.569866449044;41.32016979183599
5035;-98.9647634326859;(((((x * (_a3_ * ((x + _a7_) * _a2_))) * _a2_) * x) + x) * _a2_);{'d0': {'_a2_': 1.7751354039719613, '_a3_': 0.6036786967532756, '_a7_': 0.6238594154947867, '_a0_': 1.0, '_a1_': 1.0, '_a4_': 1.0, '_a5_': 1.0, '_a6_': 1.0}};{'d0': 0.02490583291941662};-280.569866449044;41.32016979183599
5036;-98.9647634326859;(((((x * (_a3_ * ((x + _a7_) * _a2_))) * _a2_) * x) + x) * _a2_);{'d0': {'_a2_': 1.7751354039719613, '_a3_': 0.6036786967532756, '_a7_': 0.6238594154947867, '_a0_': 1.0, '_a1_': 1.0, '_a4_': 1.0, '_a5_': 1.0, '_a6_': 1.0}};{'d0': 0.02490583291941662};-280.569866449044;41.32016979183599
5037;-98.9647634326859;(((((x * (_a3_ * ((x + _a7_) * _a2_))) * _a2_) * x) + x) * _a2_);{'d0': {'_a2_': 1.7751354039719613, '_a3_': 0.6036786967532756, '_a7_': 0.6238594154947867, '_a0_': 1.0, '_a1_': 1.0, '_a4_': 1.0, '_a5_': 1.0, '_a6_': 1.0}};{'d0': 0.02490583291941662};-280.569866449044;41.32016979183599
5038;-98.9647634326859;(((((x * (_a0_ * ((x + _a7_) * _a2_))) * _a2_) * x) + x) * _a2_);{'d0': {'_a0_': 0.6036786962866423, '_a2_': 1.7751354043445544, '_a7_': 0.6238594156076234, '_a1_': 1.0, '_a3_': 1.0, '_a4_': 1.0, '_a5_': 1.0, '_a6_': 1.0}};{'d0': 0.024905832919416632};-280.569866449044;41.32016979183599
5039;-91.7511793671518;(((((x * (_a0_ * ((x + _a7_) * _a2_))) * _a2_) * (x * _a3_)) + x) * _a2_);{'d0': {'_a0_': 0.6036786962866423, '_a2_': 1.7751354043445544, '_a3_': 1.0, '_a7_': 0.6238594156076234, '_a1_': 1.0, '_a4_': 1.0, '_a5_': 1.0, '_a6_': 1.0}};{'d0': 0.024905832919416632};-276.475521886821;46.486581576258985
5040;-91.7511793671518;(((((x * (_a0_ * ((x + _a7_) * _a2_))) * _a2_) * (x * _a3_)) + x) * _a2_);{'d0': {'_a0_': 0.6036786962866423, '_a2_': 1.7751354043445544, '_a3_': 1.0, '_a7_': 0.6238594156076234, '_a1_': 1.0, '_a4_': 1.0, '_a5_': 1.0, '_a6_': 1.0}};{'d0': 0.024905832919416632};-276.475521886821;46.486581576258985
5041;-91.7511793671518;(((((x * (_a0_ * ((x + _a7_) * _a2_))) * _a2_) * (x * _a3_)) + x) * _a2_);{'d0': {'_a0_': 0.6036786962866423, '_a2_': 1.7751354043445544, '_a3_': 1.0, '_a7_': 0.6238594156076234, '_a1_': 1.0, '_a4_': 1.0, '_a5_': 1.0, '_a6_': 1.0}};{'d0': 0.024905832919416632};-276.475521886821;46.486581576258985
5042;-90.9969900761678;(((((x * (_a0_ * ((x + _a7_) * _a2_))) * _a2_) * (x + _a3_)) + x) * _a2_);{'d0': {'_a0_': 0.706364137887516, '_a2_': 1.684575254110858, '_a3_': 0.04644593662040832, '_a7_': 0.5774134791579358, '_a1_': 1.0, '_a4_': 1.0, '_a5_': 1.0, '_a6_': 1.0}};{'d0': 0.02490583294131465};-276.475521834068;47.240770840865984
5043;-90.9969900761678;(((((x * (_a0_ * ((x + _a7_) * _a2_))) * _a2_) * (x + _a3_)) + x) * _a2_);{'d0': {'_a0_': 0.706364137887516, '_a2_': 1.684575254110858, '_a3_': 0.04644593662040832, '_a7_': 0.5774134791579358, '_a1_': 1.0, '_a4_': 1.0, '_a5_': 1.0, '_a6_': 1.0}};{'d0': 0.02490583294131465};-276.475521834068;47.240770840865984
5044;-90.9969900761678;(((((x * (_a0_ * ((x + _a7_) * _a2_))) * _a2_) * (x + _a3_)) + x) * _a2_);{'d0': {'_a0_': 0.706364137887516, '_a2_': 1.684575254110858, '_a3_': 0.04644593662040832, '_a7_': 0.5774134791579358, '_a1_': 1.0, '_a4_': 1.0, '_a5_': 1.0, '_a6_': 1.0}};{'d0': 0.02490583294131465};-276.475521834068;47.240770840865984
5045;-90.9969900761678;(((((x * (_a0_ * ((x + _a7_) * _a2_))) * _a2_) * (x + _a3_)) + x) * _a2_);{'d0': {'_a0_': 0.706364137887516, '_a2_': 1.684575254110858, '_a3_': 0.04644593662040832, '_a7_': 0.5774134791579358, '_a1_': 1.0, '_a4_': 1.0, '_a5_': 1.0, '_a6_': 1.0}};{'d0': 0.02490583294131465};-276.475521834068;47.240770840865984
5046;-90.9969900761678;(((((x * (_a0_ * ((x + _a7_) * _a2_))) * _a2_) * (x + _a3_)) + x) * _a2_);{'d0': {'_a0_': 0.706364137887516, '_a2_': 1.684575254110858, '_a3_': 0.04644593662040832, '_a7_': 0.5774134791579358, '_a1_': 1.0, '_a4_': 1.0, '_a5_': 1.0, '_a6_': 1.0}};{'d0': 0.02490583294131465};-276.475521834068;47.240770840865984
5047;-90.9969900761678;(((((x * (_a0_ * ((x + _a7_) * _a2_))) * _a2_) * (x + _a3_)) + x) * _a2_);{'d0': {'_a0_': 0.706364137887516, '_a2_': 1.684575254110858, '_a3_': 0.04644593662040832, '_a7_': 0.5774134791579358, '_a1_': 1.0, '_a4_': 1.0, '_a5_': 1.0, '_a6_': 1.0}};{'d0': 0.02490583294131465};-276.475521834068;47.240770840865984
5048;-90.9969900761678;(((((x * (_a0_ * ((x + _a7_) * _a2_))) * _a2_) * (x + _a3_)) + x) * _a2_);{'d0': {'_a0_': 0.706364137887516, '_a2_': 1.684575254110858, '_a3_': 0.04644593662040832, '_a7_': 0.5774134791579358, '_a1_': 1.0, '_a4_': 1.0, '_a5_': 1.0, '_a6_': 1.0}};{'d0': 0.02490583294131465};-276.475521834068;47.240770840865984
5049;-90.9969900761678;(((((x * (_a0_ * ((x + _a7_) * _a2_))) * _a2_) * (x + _a3_)) + x) * _a2_);{'d0': {'_a0_': 0.706364137887516, '_a2_': 1.684575254110858, '_a3_': 0.04644593662040832, '_a7_': 0.5774134791579358, '_a1_': 1.0, '_a4_': 1.0, '_a5_': 1.0, '_a6_': 1.0}};{'d0': 0.02490583294131465};-276.475521834068;47.240770840865984
5050;-90.9969900761678;(((((x * (_a0_ * ((x + _a7_) * _a2_))) * _a2_) * (x + _a3_)) + x) * _a2_);{'d0': {'_a0_': 0.706364137887516, '_a2_': 1.684575254110858, '_a3_': 0.04644593662040832, '_a7_': 0.5774134791579358, '_a1_': 1.0, '_a4_': 1.0, '_a5_': 1.0, '_a6_': 1.0}};{'d0': 0.02490583294131465};-276.475521834068;47.240770840865984
5051;-93.0441623836558;(((((x * (_a3_ * ((x + _a7_) * _a2_))) * _a2_) * (x + _a3_)) + x) * _a2_);{'d0': {'_a2_': 1.7618176929773968, '_a3_': 0.6174721947943205, '_a7_': 0.006387221513069228, '_a0_': 1.0, '_a1_': 1.0, '_a4_': 1.0, '_a5_': 1.0, '_a6_': 1.0}};{'d0': 0.024905832919416688};-280.569866449043;47.240770840865984
5052;-88.4523658139333;((-(-((_a2_ * (_a4_ * x)))) + _a4_) + (pow3((x + _a5_)) * -(_a1_)));{'d0': {'_a1_': -3.382518172903111, '_a2_': -42.317343649096394, '_a4_': -0.031543900201687125, '_a5_': 0.20818372341841881, '_a0_': 1.0, '_a3_': 1.0, '_a6_': 1.0, '_a7_': 1.0}};{'d0': 0.02488548250186713};-276.524567593312;49.8099179827225
5053;-88.4523658139333;((-(-((_a2_ * (_a4_ * x)))) + _a4_) + (pow3((x + _a5_)) * -(_a1_)));{'d0': {'_a1_': -3.382518172903111, '_a2_': -42.317343649096394, '_a4_': -0.031543900201687125, '_a5_': 0.20818372341841881, '_a0_': 1.0, '_a3_': 1.0, '_a6_': 1.0, '_a7_': 1.0}};{'d0': 0.02488548250186713};-276.524567593312;49.8099179827225
5054;-88.4523658139333;((-(-((_a2_ * (_a4_ * x)))) + _a4_) + (pow3((x + _a5_)) * -(_a1_)));{'d0': {'_a1_': -3.382518172903111, '_a2_': -42.317343649096394, '_a4_': -0.031543900201687125, '_a5_': 0.20818372341841881, '_a0_': 1.0, '_a3_': 1.0, '_a6_': 1.0, '_a7_': 1.0}};{'d0': 0.02488548250186713};-276.524567593312;49.8099179827225
5055;-88.4523658139333;((-(-((_a2_ * (_a4_ * x)))) + _a4_) + (pow3((x + _a5_)) * -(_a1_)));{'d0': {'_a1_': -3.382518172903111, '_a2_': -42.317343649096394, '_a4_': -0.031543900201687125, '_a5_': 0.20818372341841881, '_a0_': 1.0, '_a3_': 1.0, '_a6_': 1.0, '_a7_': 1.0}};{'d0': 0.02488548250186713};-276.524567593312;49.8099179827225
5056;-88.4523658139333;((-(-((_a2_ * (_a4_ * x)))) + _a4_) + (pow3((x + _a5_)) * -(_a1_)));{'d0': {'_a1_': -3.382518172903111, '_a2_': -42.317343649096394, '_a4_': -0.031543900201687125, '_a5_': 0.20818372341841881, '_a0_': 1.0, '_a3_': 1.0, '_a6_': 1.0, '_a7_': 1.0}};{'d0': 0.02488548250186713};-276.524567593312;49.8099179827225
5057;-88.4523658139333;((-(-((_a2_ * (_a4_ * x)))) + _a4_) + (pow3((x + _a5_)) * -(_a1_)));{'d0': {'_a1_': -3.382518172903111, '_a2_': -42.317343649096394, '_a4_': -0.031543900201687125, '_a5_': 0.20818372341841881, '_a0_': 1.0, '_a3_': 1.0, '_a6_': 1.0, '_a7_': 1.0}};{'d0': 0.02488548250186713};-276.524567593312;49.8099179827225
5058;-88.4523658139333;((-(-((_a2_ * (_a4_ * x)))) + _a4_) + (pow3((x + _a5_)) * -(_a1_)));{'d0': {'_a1_': -3.382518172903111, '_a2_': -42.317343649096394, '_a4_': -0.031543900201687125, '_a5_': 0.20818372341841881, '_a0_': 1.0, '_a3_': 1.0, '_a6_': 1.0, '_a7_': 1.0}};{'d0': 0.02488548250186713};-276.524567593312;49.8099179827225
5059;-88.4523658139333;((-(-((_a2_ * (_a4_ * x)))) + _a4_) + (pow3((x + _a5_)) * -(_a1_)));{'d0': {'_a1_': -3.382518172903111, '_a2_': -42.317343649096394, '_a4_': -0.031543900201687125, '_a5_': 0.20818372341841881, '_a0_': 1.0, '_a3_': 1.0, '_a6_': 1.0, '_a7_': 1.0}};{'d0': 0.02488548250186713};-276.524567593312;49.8099179827225
5060;-88.4523658139336;((-(-((_a0_ * (_a4_ * x)))) + _a4_) + (pow3((x + _a5_)) * -(_a1_)));{'d0': {'_a0_': -42.31735142660205, '_a1_': -3.382518142338718, '_a4_': -0.03154389466744767, '_a5_': 0.20818372218952566, '_a2_': 1.0, '_a3_': 1.0, '_a6_': 1.0, '_a7_': 1.0}};{'d0': 0.024885482501866882};-276.524567593312;49.8099179827225
5061;-88.4523658139336;((-(-((_a0_ * (_a4_ * x)))) + _a4_) + (pow3((x + _a5_)) * -(_a1_)));{'d0': {'_a0_': -42.31735142660205, '_a1_': -3.382518142338718, '_a4_': -0.03154389466744767, '_a5_': 0.20818372218952566, '_a2_': 1.0, '_a3_': 1.0, '_a6_': 1.0, '_a7_': 1.0}};{'d0': 0.024885482501866882};-276.524567593312;49.8099179827225
5062;-88.4523658139336;((-(-((_a0_ * (_a4_ * x)))) + _a4_) + (pow3((x + _a5_)) * -(_a1_)));{'d0': {'_a0_': -42.31735142660205, '_a1_': -3.382518142338718, '_a4_': -0.03154389466744767, '_a5_': 0.20818372218952566, '_a2_': 1.0, '_a3_': 1.0, '_a6_': 1.0, '_a7_': 1.0}};{'d0': 0.024885482501866882};-276.524567593312;49.8099179827225
5063;-88.4523658139337;((-(-((_a0_ * (_a0_ * x)))) + _a4_) + (pow3((x + _a5_)) * -(_a1_)));{'d0': {'_a0_': -1.1553588489522715, '_a1_': -3.3825181589847726, '_a4_': -0.03154389786539015, '_a5_': 0.2081837228867776, '_a2_': 1.0, '_a3_': 1.0, '_a6_': 1.0, '_a7_': 1.0}};{'d0': 0.02488548250186681};-276.524567593313;49.8099179827225
5064;-88.4523658139337;((-(-((_a0_ * (_a0_ * x)))) + _a4_) + (pow3((x + _a5_)) * -(_a1_)));{'d0': {'_a0_': -1.1553588489522715, '_a1_': -3.3825181589847726, '_a4_': -0.03154389786539015, '_a5_': 0.2081837228867776, '_a2_': 1.0, '_a3_': 1.0, '_a6_': 1.0, '_a7_': 1.0}};{'d0': 0.02488548250186681};-276.524567593313;49.8099179827225
5065;-88.4523658139337;((-(-((_a0_ * (_a0_ * x)))) + _a4_) + (pow3((x + _a5_)) * -(_a1_)));{'d0': {'_a0_': -1.1553588489522715, '_a1_': -3.3825181589847726, '_a4_': -0.03154389786539015, '_a5_': 0.2081837228867776, '_a2_': 1.0, '_a3_': 1.0, '_a6_': 1.0, '_a7_': 1.0}};{'d0': 0.02488548250186681};-276.524567593313;49.8099179827225
5066;-88.4523658139337;((-(-((_a0_ * (_a0_ * x)))) + _a4_) + (pow3((x + _a5_)) * -(_a1_)));{'d0': {'_a0_': -1.1553588489522715, '_a1_': -3.3825181589847726, '_a4_': -0.03154389786539015, '_a5_': 0.2081837228867776, '_a2_': 1.0, '_a3_': 1.0, '_a6_': 1.0, '_a7_': 1.0}};{'d0': 0.02488548250186681};-276.524567593313;49.8099179827225
5067;-88.4523658139337;((-(-((_a0_ * (_a0_ * x)))) + _a4_) + (pow3((x + _a5_)) * -(_a1_)));{'d0': {'_a0_': -1.1553588489522715, '_a1_': -3.3825181589847726, '_a4_': -0.03154389786539015, '_a5_': 0.2081837228867776, '_a2_': 1.0, '_a3_': 1.0, '_a6_': 1.0, '_a7_': 1.0}};{'d0': 0.02488548250186681};-276.524567593313;49.8099179827225
5068;-88.4523658139337;((-(-((_a0_ * (_a0_ * x)))) + _a4_) + (pow3((x + _a5_)) * -(_a1_)));{'d0': {'_a0_': -1.1553588489522715, '_a1_': -3.3825181589847726, '_a4_': -0.03154389786539015, '_a5_': 0.2081837228867776, '_a2_': 1.0, '_a3_': 1.0, '_a6_': 1.0, '_a7_': 1.0}};{'d0': 0.02488548250186681};-276.524567593313;49.8099179827225
5069;-88.4523658139337;((-(-((_a0_ * (_a0_ * x)))) + _a4_) + (pow3((x + _a5_)) * -(_a1_)));{'d0': {'_a0_': -1.1553588489522715, '_a1_': -3.3825181589847726, '_a4_': -0.03154389786539015, '_a5_': 0.2081837228867776, '_a2_': 1.0, '_a3_': 1.0, '_a6_': 1.0, '_a7_': 1.0}};{'d0': 0.02488548250186681};-276.524567593313;49.8099179827225
5070;-88.4523658139337;((-(-((_a0_ * (_a0_ * x)))) + _a4_) + (pow3((x + _a5_)) * -(_a1_)));{'d0': {'_a0_': -1.1553588489522715, '_a1_': -3.3825181589847726, '_a4_': -0.03154389786539015, '_a5_': 0.2081837228867776, '_a2_': 1.0, '_a3_': 1.0, '_a6_': 1.0, '_a7_': 1.0}};{'d0': 0.02488548250186681};-276.524567593313;49.8099179827225
5071;-88.4523658139337;((-(-((_a0_ * (_a0_ * x)))) + _a4_) + (pow3((x + _a5_)) * -(_a1_)));{'d0': {'_a0_': -1.1553588489522715, '_a1_': -3.3825181589847726, '_a4_': -0.03154389786539015, '_a5_': 0.2081837228867776, '_a2_': 1.0, '_a3_': 1.0, '_a6_': 1.0, '_a7_': 1.0}};{'d0': 0.02488548250186681};-276.524567593313;49.8099179827225
5072;-88.4523658139337;((-(-((_a0_ * (_a0_ * x)))) + _a4_) + (pow3((x + _a5_)) * -(_a1_)));{'d0': {'_a0_': -1.1553588489522715, '_a1_': -3.3825181589847726, '_a4_': -0.03154389786539015, '_a5_': 0.2081837228867776, '_a2_': 1.0, '_a3_': 1.0, '_a6_': 1.0, '_a7_': 1.0}};{'d0': 0.02488548250186681};-276.524567593313;49.8099179827225
5073;-88.4353886575854;((-(-((_a0_ * (_a0_ * x)))) + _a4_) + (pow3((x + _a5_)) * pow2(_a1_)));{'d0': {'_a0_': -1.155358848890831, '_a1_': -1.8391623527175696, '_a4_': -0.03154389798403223, '_a5_': 0.20818372294641846, '_a2_': 1.0, '_a3_': 1.0, '_a6_': 1.0, '_a7_': 1.0}};{'d0': 0.024885482501867};-276.524567593312;49.82689513907055
5074;-88.4353886575854;((-(-((_a0_ * (_a0_ * x)))) + _a4_) + (pow3((x + _a5_)) * pow2(_a1_)));{'d0': {'_a0_': -1.155358848890831, '_a1_': -1.8391623527175696, '_a4_': -0.03154389798403223, '_a5_': 0.20818372294641846, '_a2_': 1.0, '_a3_': 1.0, '_a6_': 1.0, '_a7_': 1.0}};{'d0': 0.024885482501867};-276.524567593312;49.82689513907055
5075;-88.4353886575854;((-(-((_a0_ * (_a0_ * x)))) + _a4_) + (pow3((x + _a5_)) * pow2(_a1_)));{'d0': {'_a0_': -1.155358848890831, '_a1_': -1.8391623527175696, '_a4_': -0.03154389798403223, '_a5_': 0.20818372294641846, '_a2_': 1.0, '_a3_': 1.0, '_a6_': 1.0, '_a7_': 1.0}};{'d0': 0.024885482501867};-276.524567593312;49.82689513907055
5076;-88.4179064232368;((-(pow2((_a0_ * (_a0_ * x)))) + _a4_) + (pow3((x + _a5_)) * pow2(_a1_)));{'d0': {'_a0_': -1.208230101260325, '_a1_': -1.8391623505503363, '_a4_': -0.24840641616366627, '_a5_': 0.4181923877336731, '_a2_': 1.0, '_a3_': 1.0, '_a6_': 1.0, '_a7_': 1.0}};{'d0': 0.024885482501866833};-276.524567593313;49.844377373419384
5077;-88.4179064232368;((-(pow2((_a0_ * (_a0_ * x)))) + _a4_) + (pow3((x + _a5_)) * pow2(_a1_)));{'d0': {'_a0_': -1.208230101260325, '_a1_': -1.8391623505503363, '_a4_': -0.24840641616366627, '_a5_': 0.4181923877336731, '_a2_': 1.0, '_a3_': 1.0, '_a6_': 1.0, '_a7_': 1.0}};{'d0': 0.024885482501866833};-276.524567593313;49.844377373419384
5078;-88.4179064232368;((-(pow2((_a0_ * (_a0_ * x)))) + _a4_) + (pow3((x + _a5_)) * pow2(_a1_)));{'d0': {'_a0_': -1.208230101260325, '_a1_': -1.8391623505503363, '_a4_': -0.24840641616366627, '_a5_': 0.4181923877336731, '_a2_': 1.0, '_a3_': 1.0, '_a6_': 1.0, '_a7_': 1.0}};{'d0': 0.024885482501866833};-276.524567593313;49.844377373419384
5079;-88.4179064232368;((-(pow2((_a0_ * (_a0_ * x)))) + _a4_) + (pow3((x + _a5_)) * pow2(_a1_)));{'d0': {'_a0_': -1.208230101260325, '_a1_': -1.8391623505503363, '_a4_': -0.24840641616366627, '_a5_': 0.4181923877336731, '_a2_': 1.0, '_a3_': 1.0, '_a6_': 1.0, '_a7_': 1.0}};{'d0': 0.024885482501866833};-276.524567593313;49.844377373419384
5080;-88.4179064232368;((-(pow2((_a0_ * (_a0_ * x)))) + _a4_) + (pow3((x + _a5_)) * pow2(_a1_)));{'d0': {'_a0_': -1.208230101260325, '_a1_': -1.8391623505503363, '_a4_': -0.24840641616366627, '_a5_': 0.4181923877336731, '_a2_': 1.0, '_a3_': 1.0, '_a6_': 1.0, '_a7_': 1.0}};{'d0': 0.024885482501866833};-276.524567593313;49.844377373419384
5081;-88.4179064232368;((-(pow2((_a0_ * (_a0_ * x)))) + _a4_) + (pow3((x + _a5_)) * pow2(_a1_)));{'d0': {'_a0_': -1.208230101260325, '_a1_': -1.8391623505503363, '_a4_': -0.24840641616366627, '_a5_': 0.4181923877336731, '_a2_': 1.0, '_a3_': 1.0, '_a6_': 1.0, '_a7_': 1.0}};{'d0': 0.024885482501866833};-276.524567593313;49.844377373419384
5082;-88.4179064232368;((-(pow2((_a0_ * (_a0_ * x)))) + _a4_) + (pow3((x + _a5_)) * pow2(_a1_)));{'d0': {'_a0_': -1.208230101260325, '_a1_': -1.8391623505503363, '_a4_': -0.24840641616366627, '_a5_': 0.4181923877336731, '_a2_': 1.0, '_a3_': 1.0, '_a6_': 1.0, '_a7_': 1.0}};{'d0': 0.024885482501866833};-276.524567593313;49.844377373419384
5083;-88.4179064232368;((-(pow2((_a0_ * (_a0_ * x)))) + _a4_) + (pow3((x + _a5_)) * pow2(_a1_)));{'d0': {'_a0_': -1.208230101260325, '_a1_': -1.8391623505503363, '_a4_': -0.24840641616366627, '_a5_': 0.4181923877336731, '_a2_': 1.0, '_a3_': 1.0, '_a6_': 1.0, '_a7_': 1.0}};{'d0': 0.024885482501866833};-276.524567593313;49.844377373419384
5084;-88.4179064232368;((-(pow2((_a0_ * (_a0_ * x)))) + _a4_) + (pow3((x + _a5_)) * pow2(_a1_)));{'d0': {'_a0_': -1.208230101260325, '_a1_': -1.8391623505503363, '_a4_': -0.24840641616366627, '_a5_': 0.4181923877336731, '_a2_': 1.0, '_a3_': 1.0, '_a6_': 1.0, '_a7_': 1.0}};{'d0': 0.024885482501866833};-276.524567593313;49.844377373419384
5085;-88.4179064232368;((-(pow2((_a0_ * (_a0_ * x)))) + _a4_) + (pow3((x + _a5_)) * pow2(_a1_)));{'d0': {'_a0_': -1.208230101260325, '_a1_': -1.8391623505503363, '_a4_': -0.24840641616366627, '_a5_': 0.4181923877336731, '_a2_': 1.0, '_a3_': 1.0, '_a6_': 1.0, '_a7_': 1.0}};{'d0': 0.024885482501866833};-276.524567593313;49.844377373419384
5086;-88.4179064232368;((-(pow2((_a0_ * (_a0_ * x)))) + _a4_) + (pow3((x + _a5_)) * pow2(_a1_)));{'d0': {'_a0_': -1.208230101260325, '_a1_': -1.8391623505503363, '_a4_': -0.24840641616366627, '_a5_': 0.4181923877336731, '_a2_': 1.0, '_a3_': 1.0, '_a6_': 1.0, '_a7_': 1.0}};{'d0': 0.024885482501866833};-276.524567593313;49.844377373419384
5087;-88.4179064232368;((-(pow2((_a0_ * (_a0_ * x)))) + _a4_) + (pow3((x + _a5_)) * pow2(_a1_)));{'d0': {'_a0_': -1.208230101260325, '_a1_': -1.8391623505503363, '_a4_': -0.24840641616366627, '_a5_': 0.4181923877336731, '_a2_': 1.0, '_a3_': 1.0, '_a6_': 1.0, '_a7_': 1.0}};{'d0': 0.024885482501866833};-276.524567593313;49.844377373419384
5088;-88.4179064232368;((-(pow2((_a0_ * (_a0_ * x)))) + _a4_) + (pow3((x + _a5_)) * pow2(_a1_)));{'d0': {'_a0_': -1.208230101260325, '_a1_': -1.8391623505503363, '_a4_': -0.24840641616366627, '_a5_': 0.4181923877336731, '_a2_': 1.0, '_a3_': 1.0, '_a6_': 1.0, '_a7_': 1.0}};{'d0': 0.024885482501866833};-276.524567593313;49.844377373419384
5089;-88.4179064232368;((-(pow2((_a0_ * (_a0_ * x)))) + _a4_) + (pow3((x + _a5_)) * pow2(_a1_)));{'d0': {'_a0_': -1.208230101260325, '_a1_': -1.8391623505503363, '_a4_': -0.24840641616366627, '_a5_': 0.4181923877336731, '_a2_': 1.0, '_a3_': 1.0, '_a6_': 1.0, '_a7_': 1.0}};{'d0': 0.024885482501866833};-276.524567593313;49.844377373419384
5090;-88.4179064232368;((-(pow2((_a0_ * (_a0_ * x)))) + _a4_) + (pow3((x + _a5_)) * pow2(_a1_)));{'d0': {'_a0_': -1.208230101260325, '_a1_': -1.8391623505503363, '_a4_': -0.24840641616366627, '_a5_': 0.4181923877336731, '_a2_': 1.0, '_a3_': 1.0, '_a6_': 1.0, '_a7_': 1.0}};{'d0': 0.024885482501866833};-276.524567593313;49.844377373419384
5091;-115.208903234548;(x * (_a1_ + pow2(((_a5_ * x) + _a6_))));{'d0': {'_a1_': 1.4465760892100117, '_a5_': 1.8375964950381516, '_a6_': 0.5732009377284418, '_a0_': 1.0, '_a2_': 1.0, '_a3_': 1.0, '_a4_': 1.0, '_a7_': 1.0}};{'d0': 0.024905832919416594};-280.569866449044;25.076029989973936
5092;-115.208903234548;(x * (_a1_ + pow2(((_a5_ * x) + _a6_))));{'d0': {'_a1_': 1.4465760892100117, '_a5_': 1.8375964950381516, '_a6_': 0.5732009377284418, '_a0_': 1.0, '_a2_': 1.0, '_a3_': 1.0, '_a4_': 1.0, '_a7_': 1.0}};{'d0': 0.024905832919416594};-280.569866449044;25.076029989973936
5093;-115.208903234548;(x * (_a1_ + pow2(((_a5_ * x) + _a6_))));{'d0': {'_a1_': 1.4465760892100117, '_a5_': 1.8375964950381516, '_a6_': 0.5732009377284418, '_a0_': 1.0, '_a2_': 1.0, '_a3_': 1.0, '_a4_': 1.0, '_a7_': 1.0}};{'d0': 0.024905832919416594};-280.569866449044;25.076029989973936
5094;-115.208903234548;(x * (_a1_ + pow2(((_a5_ * x) + _a6_))));{'d0': {'_a1_': 1.4465760892100117, '_a5_': 1.8375964950381516, '_a6_': 0.5732009377284418, '_a0_': 1.0, '_a2_': 1.0, '_a3_': 1.0, '_a4_': 1.0, '_a7_': 1.0}};{'d0': 0.024905832919416594};-280.569866449044;25.076029989973936
5095;-115.208903234548;(x * (_a1_ + pow2(((_a5_ * x) + _a6_))));{'d0': {'_a1_': 1.4465760892100117, '_a5_': 1.8375964950381516, '_a6_': 0.5732009377284418, '_a0_': 1.0, '_a2_': 1.0, '_a3_': 1.0, '_a4_': 1.0, '_a7_': 1.0}};{'d0': 0.024905832919416594};-280.569866449044;25.076029989973936
5096;-111.510968761938;(x * (_a1_ + pow2(((_a5_ * x) + pow2(_a6_)))));{'d0': {'_a1_': 1.4465760895485897, '_a5_': 1.8375964947538377, '_a6_': 0.7571003484696169, '_a0_': 1.0, '_a2_': 1.0, '_a3_': 1.0, '_a4_': 1.0, '_a7_': 1.0}};{'d0': 0.024905832919416636};-280.569866449044;28.773964462583937
5097;-111.510968761938;(x * (_a1_ + pow2(((_a5_ * x) + pow2(_a6_)))));{'d0': {'_a1_': 1.4465760895485897, '_a5_': 1.8375964947538377, '_a6_': 0.7571003484696169, '_a0_': 1.0, '_a2_': 1.0, '_a3_': 1.0, '_a4_': 1.0, '_a7_': 1.0}};{'d0': 0.024905832919416636};-280.569866449044;28.773964462583937
5098;-111.510968761938;(x * (_a1_ + pow2(((_a5_ * x) + pow2(_a6_)))));{'d0': {'_a1_': 1.4465760895485897, '_a5_': 1.8375964947538377, '_a6_': 0.7571003484696169, '_a0_': 1.0, '_a2_': 1.0, '_a3_': 1.0, '_a4_': 1.0, '_a7_': 1.0}};{'d0': 0.024905832919416636};-280.569866449044;28.773964462583937
5099;-111.510968761938;(x * (_a1_ + pow2(((_a5_ * x) + pow2(_a6_)))));{'d0': {'_a1_': 1.4465760895485897, '_a5_': 1.8375964947538377, '_a6_': 0.7571003484696169, '_a0_': 1.0, '_a2_': 1.0, '_a3_': 1.0, '_a4_': 1.0, '_a7_': 1.0}};{'d0': 0.024905832919416636};-280.569866449044;28.773964462583937
5100;-111.510968761938;(x * (_a1_ + pow2(((_a5_ * x) + pow2(_a0_)))));{'d0': {'_a0_': 0.757100348484406, '_a1_': 1.4465760896838546, '_a5_': 1.8375964947079722, '_a2_': 1.0, '_a3_': 1.0, '_a4_': 1.0, '_a6_': 1.0, '_a7_': 1.0}};{'d0': 0.024905832919416625};-280.569866449044;28.773964462583937
5101;-111.510968761938;(x * (_a1_ + pow2(((_a5_ * x) + pow2(_a0_)))));{'d0': {'_a0_': 0.757100348484406, '_a1_': 1.4465760896838546, '_a5_': 1.8375964947079722, '_a2_': 1.0, '_a3_': 1.0, '_a4_': 1.0, '_a6_': 1.0, '_a7_': 1.0}};{'d0': 0.024905832919416625};-280.569866449044;28.773964462583937
5102;-111.510968761938;(x * (_a1_ + pow2(((_a5_ * x) + pow2(_a0_)))));{'d0': {'_a0_': 0.757100348484406, '_a1_': 1.4465760896838546, '_a5_': 1.8375964947079722, '_a2_': 1.0, '_a3_': 1.0, '_a4_': 1.0, '_a6_': 1.0, '_a7_': 1.0}};{'d0': 0.024905832919416625};-280.569866449044;28.773964462583937
5103;-111.510968761938;(x * (_a1_ + pow2(((_a5_ * x) + pow2(_a0_)))));{'d0': {'_a0_': 0.757100348484406, '_a1_': 1.4465760896838546, '_a5_': 1.8375964947079722, '_a2_': 1.0, '_a3_': 1.0, '_a4_': 1.0, '_a6_': 1.0, '_a7_': 1.0}};{'d0': 0.024905832919416625};-280.569866449044;28.773964462583937
5104;-111.510968761938;(x * (_a1_ + pow2(((_a5_ * x) + pow2(_a0_)))));{'d0': {'_a0_': 0.757100348484406, '_a1_': 1.4465760896838546, '_a5_': 1.8375964947079722, '_a2_': 1.0, '_a3_': 1.0, '_a4_': 1.0, '_a6_': 1.0, '_a7_': 1.0}};{'d0': 0.024905832919416625};-280.569866449044;28.773964462583937
5105;-111.510968761938;(x * (_a1_ + pow2(((_a5_ * x) + pow2(_a0_)))));{'d0': {'_a0_': 0.757100348484406, '_a1_': 1.4465760896838546, '_a5_': 1.8375964947079722, '_a2_': 1.0, '_a3_': 1.0, '_a4_': 1.0, '_a6_': 1.0, '_a7_': 1.0}};{'d0': 0.024905832919416625};-280.569866449044;28.773964462583937
5106;-111.510968761938;(x * (_a1_ + pow2(((_a5_ * x) + pow2(_a0_)))));{'d0': {'_a0_': 0.757100348484406, '_a1_': 1.4465760896838546, '_a5_': 1.8375964947079722, '_a2_': 1.0, '_a3_': 1.0, '_a4_': 1.0, '_a6_': 1.0, '_a7_': 1.0}};{'d0': 0.024905832919416625};-280.569866449044;28.773964462583937
5107;-111.510968761938;(x * (_a1_ + pow2(((_a5_ * x) + pow2(_a0_)))));{'d0': {'_a0_': 0.757100348484406, '_a1_': 1.4465760896838546, '_a5_': 1.8375964947079722, '_a2_': 1.0, '_a3_': 1.0, '_a4_': 1.0, '_a6_': 1.0, '_a7_': 1.0}};{'d0': 0.024905832919416625};-280.569866449044;28.773964462583937
5108;-111.510968761938;(x * (_a1_ + pow2(((_a5_ * x) + pow2(_a0_)))));{'d0': {'_a0_': 0.757100348484406, '_a1_': 1.4465760896838546, '_a5_': 1.8375964947079722, '_a2_': 1.0, '_a3_': 1.0, '_a4_': 1.0, '_a6_': 1.0, '_a7_': 1.0}};{'d0': 0.024905832919416625};-280.569866449044;28.773964462583937
5109;-111.510968761938;(x * (_a1_ + pow2(((_a5_ * x) + pow2(_a0_)))));{'d0': {'_a0_': 0.757100348484406, '_a1_': 1.4465760896838546, '_a5_': 1.8375964947079722, '_a2_': 1.0, '_a3_': 1.0, '_a4_': 1.0, '_a6_': 1.0, '_a7_': 1.0}};{'d0': 0.024905832919416625};-280.569866449044;28.773964462583937
5110;-111.510968761938;(x * (_a1_ + pow2(((_a5_ * x) + pow2(_a0_)))));{'d0': {'_a0_': 0.757100348484406, '_a1_': 1.4465760896838546, '_a5_': 1.8375964947079722, '_a2_': 1.0, '_a3_': 1.0, '_a4_': 1.0, '_a6_': 1.0, '_a7_': 1.0}};{'d0': 0.024905832919416625};-280.569866449044;28.773964462583937
5111;-111.510968761938;(x * (_a1_ + pow2(((_a5_ * x) + pow2(_a0_)))));{'d0': {'_a0_': 0.757100348484406, '_a1_': 1.4465760896838546, '_a5_': 1.8375964947079722, '_a2_': 1.0, '_a3_': 1.0, '_a4_': 1.0, '_a6_': 1.0, '_a7_': 1.0}};{'d0': 0.024905832919416625};-280.569866449044;28.773964462583937
5112;-111.510968761938;(x * (_a1_ + pow2(((_a5_ * x) + pow2(_a0_)))));{'d0': {'_a0_': 0.757100348484406, '_a1_': 1.4465760896838546, '_a5_': 1.8375964947079722, '_a2_': 1.0, '_a3_': 1.0, '_a4_': 1.0, '_a6_': 1.0, '_a7_': 1.0}};{'d0': 0.024905832919416625};-280.569866449044;28.773964462583937
5113;-111.510968761938;(x * (_a1_ + pow2(((_a5_ * x) + pow2(_a0_)))));{'d0': {'_a0_': 0.757100348484406, '_a1_': 1.4465760896838546, '_a5_': 1.8375964947079722, '_a2_': 1.0, '_a3_': 1.0, '_a4_': 1.0, '_a6_': 1.0, '_a7_': 1.0}};{'d0': 0.024905832919416625};-280.569866449044;28.773964462583937
5114;-111.510968761938;(x * (_a1_ + pow2(((_a5_ * x) + pow2(_a0_)))));{'d0': {'_a0_': 0.757100348484406, '_a1_': 1.4465760896838546, '_a5_': 1.8375964947079722, '_a2_': 1.0, '_a3_': 1.0, '_a4_': 1.0, '_a6_': 1.0, '_a7_': 1.0}};{'d0': 0.024905832919416625};-280.569866449044;28.773964462583937
5115;-111.510968761938;(x * (_a1_ + pow2(((_a5_ * x) + pow2(_a0_)))));{'d0': {'_a0_': 0.757100348484406, '_a1_': 1.4465760896838546, '_a5_': 1.8375964947079722, '_a2_': 1.0, '_a3_': 1.0, '_a4_': 1.0, '_a6_': 1.0, '_a7_': 1.0}};{'d0': 0.024905832919416625};-280.569866449044;28.773964462583937
5116;-111.510968761938;(x * (_a1_ + pow2(((_a5_ * x) + pow2(_a0_)))));{'d0': {'_a0_': 0.757100348484406, '_a1_': 1.4465760896838546, '_a5_': 1.8375964947079722, '_a2_': 1.0, '_a3_': 1.0, '_a4_': 1.0, '_a6_': 1.0, '_a7_': 1.0}};{'d0': 0.024905832919416625};-280.569866449044;28.773964462583937
5117;-111.510968761938;(x * (_a1_ + pow2(((_a5_ * x) + pow2(_a0_)))));{'d0': {'_a0_': 0.757100348484406, '_a1_': 1.4465760896838546, '_a5_': 1.8375964947079722, '_a2_': 1.0, '_a3_': 1.0, '_a4_': 1.0, '_a6_': 1.0, '_a7_': 1.0}};{'d0': 0.024905832919416625};-280.569866449044;28.773964462583937
5118;-111.510968761938;(x * (_a1_ + pow2(((_a5_ * x) + pow2(_a0_)))));{'d0': {'_a0_': 0.757100348484406, '_a1_': 1.4465760896838546, '_a5_': 1.8375964947079722, '_a2_': 1.0, '_a3_': 1.0, '_a4_': 1.0, '_a6_': 1.0, '_a7_': 1.0}};{'d0': 0.024905832919416625};-280.569866449044;28.773964462583937
5119;-111.510968761938;(x * (_a1_ + pow2(((_a5_ * x) + pow2(_a0_)))));{'d0': {'_a0_': 0.757100348484406, '_a1_': 1.4465760896838546, '_a5_': 1.8375964947079722, '_a2_': 1.0, '_a3_': 1.0, '_a4_': 1.0, '_a6_': 1.0, '_a7_': 1.0}};{'d0': 0.024905832919416625};-280.569866449044;28.773964462583937
5120;-111.510968761938;(x * (_a1_ + pow2(((_a5_ * x) + pow2(_a0_)))));{'d0': {'_a0_': 0.757100348484406, '_a1_': 1.4465760896838546, '_a5_': 1.8375964947079722, '_a2_': 1.0, '_a3_': 1.0, '_a4_': 1.0, '_a6_': 1.0, '_a7_': 1.0}};{'d0': 0.024905832919416625};-280.569866449044;28.773964462583937
5121;-111.510968761938;(x * (_a1_ + pow2(((_a5_ * x) + pow2(_a0_)))));{'d0': {'_a0_': 0.757100348484406, '_a1_': 1.4465760896838546, '_a5_': 1.8375964947079722, '_a2_': 1.0, '_a3_': 1.0, '_a4_': 1.0, '_a6_': 1.0, '_a7_': 1.0}};{'d0': 0.024905832919416625};-280.569866449044;28.773964462583937
5122;-111.510968761938;(x * (_a1_ + pow2(((_a5_ * x) + pow2(_a0_)))));{'d0': {'_a0_': 0.757100348484406, '_a1_': 1.4465760896838546, '_a5_': 1.8375964947079722, '_a2_': 1.0, '_a3_': 1.0, '_a4_': 1.0, '_a6_': 1.0, '_a7_': 1.0}};{'d0': 0.024905832919416625};-280.569866449044;28.773964462583937
5123;-111.510968761938;(x * (_a1_ + pow2(((_a5_ * x) + pow2(_a0_)))));{'d0': {'_a0_': 0.757100348484406, '_a1_': 1.4465760896838546, '_a5_': 1.8375964947079722, '_a2_': 1.0, '_a3_': 1.0, '_a4_': 1.0, '_a6_': 1.0, '_a7_': 1.0}};{'d0': 0.024905832919416625};-280.569866449044;28.773964462583937
5124;-111.510968761938;(x * (_a1_ + pow2(((_a5_ * x) + pow2(_a0_)))));{'d0': {'_a0_': 0.757100348484406, '_a1_': 1.4465760896838546, '_a5_': 1.8375964947079722, '_a2_': 1.0, '_a3_': 1.0, '_a4_': 1.0, '_a6_': 1.0, '_a7_': 1.0}};{'d0': 0.024905832919416625};-280.569866449044;28.773964462583937
5125;-111.510968761938;(x * (_a1_ + pow2(((_a5_ * x) + pow2(_a0_)))));{'d0': {'_a0_': 0.757100348484406, '_a1_': 1.4465760896838546, '_a5_': 1.8375964947079722, '_a2_': 1.0, '_a3_': 1.0, '_a4_': 1.0, '_a6_': 1.0, '_a7_': 1.0}};{'d0': 0.024905832919416625};-280.569866449044;28.773964462583937
5126;-111.510968761938;(x * (_a1_ + pow2(((_a5_ * x) + pow2(_a0_)))));{'d0': {'_a0_': 0.757100348484406, '_a1_': 1.4465760896838546, '_a5_': 1.8375964947079722, '_a2_': 1.0, '_a3_': 1.0, '_a4_': 1.0, '_a6_': 1.0, '_a7_': 1.0}};{'d0': 0.024905832919416625};-280.569866449044;28.773964462583937
5127;-111.510968761938;(x * (_a1_ + pow2(((_a5_ * x) + pow2(_a0_)))));{'d0': {'_a0_': 0.757100348484406, '_a1_': 1.4465760896838546, '_a5_': 1.8375964947079722, '_a2_': 1.0, '_a3_': 1.0, '_a4_': 1.0, '_a6_': 1.0, '_a7_': 1.0}};{'d0': 0.024905832919416625};-280.569866449044;28.773964462583937
5128;-111.510968761938;(x * (_a1_ + pow2(((_a5_ * x) + pow2(_a0_)))));{'d0': {'_a0_': 0.757100348484406, '_a1_': 1.4465760896838546, '_a5_': 1.8375964947079722, '_a2_': 1.0, '_a3_': 1.0, '_a4_': 1.0, '_a6_': 1.0, '_a7_': 1.0}};{'d0': 0.024905832919416625};-280.569866449044;28.773964462583937
5129;-111.510968761938;(x * (_a1_ + pow2(((_a5_ * x) + pow2(_a0_)))));{'d0': {'_a0_': 0.757100348484406, '_a1_': 1.4465760896838546, '_a5_': 1.8375964947079722, '_a2_': 1.0, '_a3_': 1.0, '_a4_': 1.0, '_a6_': 1.0, '_a7_': 1.0}};{'d0': 0.024905832919416625};-280.569866449044;28.773964462583937
5130;-111.510968761938;(x * (_a1_ + pow2(((_a5_ * x) + pow2(_a0_)))));{'d0': {'_a0_': 0.757100348484406, '_a1_': 1.4465760896838546, '_a5_': 1.8375964947079722, '_a2_': 1.0, '_a3_': 1.0, '_a4_': 1.0, '_a6_': 1.0, '_a7_': 1.0}};{'d0': 0.024905832919416625};-280.569866449044;28.773964462583937
5131;-111.510968761938;(x * (_a1_ + pow2(((_a5_ * x) + pow2(_a0_)))));{'d0': {'_a0_': 0.757100348484406, '_a1_': 1.4465760896838546, '_a5_': 1.8375964947079722, '_a2_': 1.0, '_a3_': 1.0, '_a4_': 1.0, '_a6_': 1.0, '_a7_': 1.0}};{'d0': 0.024905832919416625};-280.569866449044;28.773964462583937
5132;-111.510968761938;(x * (_a1_ + pow2(((_a5_ * x) + pow2(_a0_)))));{'d0': {'_a0_': 0.757100348484406, '_a1_': 1.4465760896838546, '_a5_': 1.8375964947079722, '_a2_': 1.0, '_a3_': 1.0, '_a4_': 1.0, '_a6_': 1.0, '_a7_': 1.0}};{'d0': 0.024905832919416625};-280.569866449044;28.773964462583937
5133;-111.510968761938;(x * (_a1_ + pow2(((_a5_ * x) + pow2(_a0_)))));{'d0': {'_a0_': 0.757100348484406, '_a1_': 1.4465760896838546, '_a5_': 1.8375964947079722, '_a2_': 1.0, '_a3_': 1.0, '_a4_': 1.0, '_a6_': 1.0, '_a7_': 1.0}};{'d0': 0.024905832919416625};-280.569866449044;28.773964462583937
5134;-111.510968761938;(x * (_a1_ + pow2(((_a5_ * x) + pow2(_a0_)))));{'d0': {'_a0_': 0.757100348484406, '_a1_': 1.4465760896838546, '_a5_': 1.8375964947079722, '_a2_': 1.0, '_a3_': 1.0, '_a4_': 1.0, '_a6_': 1.0, '_a7_': 1.0}};{'d0': 0.024905832919416625};-280.569866449044;28.773964462583937
5135;-111.510968761938;(x * (_a1_ + pow2(((_a5_ * x) + pow2(_a0_)))));{'d0': {'_a0_': 0.757100348484406, '_a1_': 1.4465760896838546, '_a5_': 1.8375964947079722, '_a2_': 1.0, '_a3_': 1.0, '_a4_': 1.0, '_a6_': 1.0, '_a7_': 1.0}};{'d0': 0.024905832919416625};-280.569866449044;28.773964462583937
5136;-111.510968761938;(x * (_a1_ + pow2(((_a5_ * x) + pow2(_a0_)))));{'d0': {'_a0_': 0.757100348484406, '_a1_': 1.4465760896838546, '_a5_': 1.8375964947079722, '_a2_': 1.0, '_a3_': 1.0, '_a4_': 1.0, '_a6_': 1.0, '_a7_': 1.0}};{'d0': 0.024905832919416625};-280.569866449044;28.773964462583937
5137;-111.510968761938;(x * (_a1_ + pow2(((_a5_ * x) + pow2(_a0_)))));{'d0': {'_a0_': 0.757100348484406, '_a1_': 1.4465760896838546, '_a5_': 1.8375964947079722, '_a2_': 1.0, '_a3_': 1.0, '_a4_': 1.0, '_a6_': 1.0, '_a7_': 1.0}};{'d0': 0.024905832919416625};-280.569866449044;28.773964462583937
5138;-111.510968761938;(x * (_a1_ + pow2(((_a5_ * x) + pow2(_a0_)))));{'d0': {'_a0_': 0.757100348484406, '_a1_': 1.4465760896838546, '_a5_': 1.8375964947079722, '_a2_': 1.0, '_a3_': 1.0, '_a4_': 1.0, '_a6_': 1.0, '_a7_': 1.0}};{'d0': 0.024905832919416625};-280.569866449044;28.773964462583937
5139;-111.510968761938;(x * (_a1_ + pow2(((_a5_ * x) + pow2(_a0_)))));{'d0': {'_a0_': 0.757100348484406, '_a1_': 1.4465760896838546, '_a5_': 1.8375964947079722, '_a2_': 1.0, '_a3_': 1.0, '_a4_': 1.0, '_a6_': 1.0, '_a7_': 1.0}};{'d0': 0.024905832919416625};-280.569866449044;28.773964462583937
5140;-111.510968761938;(x * (_a1_ + pow2(((_a5_ * x) + pow2(_a0_)))));{'d0': {'_a0_': 0.757100348484406, '_a1_': 1.4465760896838546, '_a5_': 1.8375964947079722, '_a2_': 1.0, '_a3_': 1.0, '_a4_': 1.0, '_a6_': 1.0, '_a7_': 1.0}};{'d0': 0.024905832919416625};-280.569866449044;28.773964462583937
5141;-111.510968761938;(x * (_a1_ + pow2(((_a5_ * x) + pow2(_a0_)))));{'d0': {'_a0_': 0.757100348484406, '_a1_': 1.4465760896838546, '_a5_': 1.8375964947079722, '_a2_': 1.0, '_a3_': 1.0, '_a4_': 1.0, '_a6_': 1.0, '_a7_': 1.0}};{'d0': 0.024905832919416625};-280.569866449044;28.773964462583937
5142;-111.510968761938;(x * (_a1_ + pow2(((_a5_ * x) + pow2(_a0_)))));{'d0': {'_a0_': 0.757100348484406, '_a1_': 1.4465760896838546, '_a5_': 1.8375964947079722, '_a2_': 1.0, '_a3_': 1.0, '_a4_': 1.0, '_a6_': 1.0, '_a7_': 1.0}};{'d0': 0.024905832919416625};-280.569866449044;28.773964462583937
5143;-111.510968761938;(x * (_a1_ + pow2(((_a5_ * x) + pow2(_a0_)))));{'d0': {'_a0_': 0.757100348484406, '_a1_': 1.4465760896838546, '_a5_': 1.8375964947079722, '_a2_': 1.0, '_a3_': 1.0, '_a4_': 1.0, '_a6_': 1.0, '_a7_': 1.0}};{'d0': 0.024905832919416625};-280.569866449044;28.773964462583937
5144;-111.510968761938;(x * (_a1_ + pow2(((_a5_ * x) + pow2(_a0_)))));{'d0': {'_a0_': 0.757100348484406, '_a1_': 1.4465760896838546, '_a5_': 1.8375964947079722, '_a2_': 1.0, '_a3_': 1.0, '_a4_': 1.0, '_a6_': 1.0, '_a7_': 1.0}};{'d0': 0.024905832919416625};-280.569866449044;28.773964462583937
5145;-111.510968761938;(x * (_a1_ + pow2(((_a5_ * x) + pow2(_a0_)))));{'d0': {'_a0_': 0.757100348484406, '_a1_': 1.4465760896838546, '_a5_': 1.8375964947079722, '_a2_': 1.0, '_a3_': 1.0, '_a4_': 1.0, '_a6_': 1.0, '_a7_': 1.0}};{'d0': 0.024905832919416625};-280.569866449044;28.773964462583937
5146;-111.510968761938;(x * (_a1_ + pow2(((_a5_ * x) + pow2(_a0_)))));{'d0': {'_a0_': 0.757100348484406, '_a1_': 1.4465760896838546, '_a5_': 1.8375964947079722, '_a2_': 1.0, '_a3_': 1.0, '_a4_': 1.0, '_a6_': 1.0, '_a7_': 1.0}};{'d0': 0.024905832919416625};-280.569866449044;28.773964462583937
5147;-111.510968761938;(x * (_a1_ + pow2(((_a5_ * x) + pow2(_a0_)))));{'d0': {'_a0_': 0.757100348484406, '_a1_': 1.4465760896838546, '_a5_': 1.8375964947079722, '_a2_': 1.0, '_a3_': 1.0, '_a4_': 1.0, '_a6_': 1.0, '_a7_': 1.0}};{'d0': 0.024905832919416625};-280.569866449044;28.773964462583937
5148;-111.510968761938;(x * (_a1_ + pow2(((_a5_ * x) + pow2(_a0_)))));{'d0': {'_a0_': 0.757100348484406, '_a1_': 1.4465760896838546, '_a5_': 1.8375964947079722, '_a2_': 1.0, '_a3_': 1.0, '_a4_': 1.0, '_a6_': 1.0, '_a7_': 1.0}};{'d0': 0.024905832919416625};-280.569866449044;28.773964462583937
5149;-111.510968761938;(x * (_a1_ + pow2(((_a5_ * x) + pow2(_a0_)))));{'d0': {'_a0_': 0.757100348484406, '_a1_': 1.4465760896838546, '_a5_': 1.8375964947079722, '_a2_': 1.0, '_a3_': 1.0, '_a4_': 1.0, '_a6_': 1.0, '_a7_': 1.0}};{'d0': 0.024905832919416625};-280.569866449044;28.773964462583937
5150;-111.510968761938;(x * (_a1_ + pow2(((_a5_ * x) + pow2(_a0_)))));{'d0': {'_a0_': 0.757100348484406, '_a1_': 1.4465760896838546, '_a5_': 1.8375964947079722, '_a2_': 1.0, '_a3_': 1.0, '_a4_': 1.0, '_a6_': 1.0, '_a7_': 1.0}};{'d0': 0.024905832919416625};-280.569866449044;28.773964462583937
5151;-111.510968761938;(x * (_a1_ + pow2(((_a5_ * x) + pow2(_a0_)))));{'d0': {'_a0_': 0.757100348484406, '_a1_': 1.4465760896838546, '_a5_': 1.8375964947079722, '_a2_': 1.0, '_a3_': 1.0, '_a4_': 1.0, '_a6_': 1.0, '_a7_': 1.0}};{'d0': 0.024905832919416625};-280.569866449044;28.773964462583937
5152;-111.510968761938;(x * (_a1_ + pow2(((_a5_ * x) + pow2(_a0_)))));{'d0': {'_a0_': 0.757100348484406, '_a1_': 1.4465760896838546, '_a5_': 1.8375964947079722, '_a2_': 1.0, '_a3_': 1.0, '_a4_': 1.0, '_a6_': 1.0, '_a7_': 1.0}};{'d0': 0.024905832919416625};-280.569866449044;28.773964462583937
5153;-111.510968761938;(x * (_a1_ + pow2(((_a5_ * x) + pow2(_a0_)))));{'d0': {'_a0_': 0.757100348484406, '_a1_': 1.4465760896838546, '_a5_': 1.8375964947079722, '_a2_': 1.0, '_a3_': 1.0, '_a4_': 1.0, '_a6_': 1.0, '_a7_': 1.0}};{'d0': 0.024905832919416625};-280.569866449044;28.773964462583937
5154;-111.510968761938;(x * (_a1_ + pow2(((_a5_ * x) + pow2(_a0_)))));{'d0': {'_a0_': 0.757100348484406, '_a1_': 1.4465760896838546, '_a5_': 1.8375964947079722, '_a2_': 1.0, '_a3_': 1.0, '_a4_': 1.0, '_a6_': 1.0, '_a7_': 1.0}};{'d0': 0.024905832919416625};-280.569866449044;28.773964462583937
5155;-111.510968761938;(x * (_a1_ + pow2(((_a5_ * x) + pow2(_a0_)))));{'d0': {'_a0_': 0.757100348484406, '_a1_': 1.4465760896838546, '_a5_': 1.8375964947079722, '_a2_': 1.0, '_a3_': 1.0, '_a4_': 1.0, '_a6_': 1.0, '_a7_': 1.0}};{'d0': 0.024905832919416625};-280.569866449044;28.773964462583937
5156;-111.510968761938;(x * (_a1_ + pow2(((_a5_ * x) + pow2(_a0_)))));{'d0': {'_a0_': 0.757100348484406, '_a1_': 1.4465760896838546, '_a5_': 1.8375964947079722, '_a2_': 1.0, '_a3_': 1.0, '_a4_': 1.0, '_a6_': 1.0, '_a7_': 1.0}};{'d0': 0.024905832919416625};-280.569866449044;28.773964462583937
5157;-111.510968761938;(x * (_a1_ + pow2(((_a5_ * x) + pow2(_a0_)))));{'d0': {'_a0_': 0.757100348484406, '_a1_': 1.4465760896838546, '_a5_': 1.8375964947079722, '_a2_': 1.0, '_a3_': 1.0, '_a4_': 1.0, '_a6_': 1.0, '_a7_': 1.0}};{'d0': 0.024905832919416625};-280.569866449044;28.773964462583937
5158;-91.1925317685794;((-(pow2((_a0_ * (_a0_ * x)))) + _a4_) + (pow3((x + _a5_)) / _a3_));{'d0': {'_a0_': -1.2082301013233991, '_a3_': 0.2956377335341894, '_a4_': -0.2484064160553284, '_a5_': 0.4181923877799524, '_a1_': 1.0, '_a2_': 1.0, '_a6_': 1.0, '_a7_': 1.0}};{'d0': 0.02488548250186682};-276.524567593313;47.069752028076785
5159;-91.1925317685794;((-(pow2((_a0_ * (_a0_ * x)))) + _a4_) + (pow3((x + _a5_)) / _a3_));{'d0': {'_a0_': -1.2082301013233991, '_a3_': 0.2956377335341894, '_a4_': -0.2484064160553284, '_a5_': 0.4181923877799524, '_a1_': 1.0, '_a2_': 1.0, '_a6_': 1.0, '_a7_': 1.0}};{'d0': 0.02488548250186682};-276.524567593313;47.069752028076785
5160;-91.1925317685794;((-(pow2((_a0_ * (_a0_ * x)))) + _a4_) + (pow3((x + _a5_)) / _a3_));{'d0': {'_a0_': -1.2082301013233991, '_a3_': 0.2956377335341894, '_a4_': -0.2484064160553284, '_a5_': 0.4181923877799524, '_a1_': 1.0, '_a2_': 1.0, '_a6_': 1.0, '_a7_': 1.0}};{'d0': 0.02488548250186682};-276.524567593313;47.069752028076785
5161;-91.1925317685795;((-(pow2((_a3_ * (_a0_ * x)))) + _a4_) + (pow3((x + _a5_)) / _a3_));{'d0': {'_a0_': -4.937867575919021, '_a3_': 0.29563773323411086, '_a4_': -0.2484064162885665, '_a5_': 0.41819238747941917, '_a1_': 1.0, '_a2_': 1.0, '_a6_': 1.0, '_a7_': 1.0}};{'d0': 0.02488548250186677};-276.524567593313;47.069752028076785
5162;-91.1925317685795;((-(pow2((_a3_ * (_a0_ * x)))) + _a4_) + (pow3((x + _a5_)) / _a3_));{'d0': {'_a0_': -4.937867575919021, '_a3_': 0.29563773323411086, '_a4_': -0.2484064162885665, '_a5_': 0.41819238747941917, '_a1_': 1.0, '_a2_': 1.0, '_a6_': 1.0, '_a7_': 1.0}};{'d0': 0.02488548250186677};-276.524567593313;47.069752028076785
5163;-91.1925317685795;((-(pow2((_a3_ * (_a0_ * x)))) + _a4_) + (pow3((x + _a5_)) / _a3_));{'d0': {'_a0_': -4.937867575919021, '_a3_': 0.29563773323411086, '_a4_': -0.2484064162885665, '_a5_': 0.41819238747941917, '_a1_': 1.0, '_a2_': 1.0, '_a6_': 1.0, '_a7_': 1.0}};{'d0': 0.02488548250186677};-276.524567593313;47.069752028076785
5164;-91.1925317685794;((-(pow2((_a3_ * (_a6_ * x)))) + _a4_) + (pow3((x + _a5_)) / _a3_));{'d0': {'_a3_': 0.29563773331237153, '_a4_': -0.2484064162944431, '_a5_': 0.4181923875481074, '_a6_': 4.937867574886496, '_a0_': 1.0, '_a1_': 1.0, '_a2_': 1.0, '_a7_': 1.0}};{'d0': 0.024885482501866833};-276.524567593313;47.069752028076785
5165;-91.1925317685794;((-(pow2((_a3_ * (_a6_ * x)))) + _a4_) + (pow3((x + _a5_)) / _a3_));{'d0': {'_a3_': 0.29563773331237153, '_a4_': -0.2484064162944431, '_a5_': 0.4181923875481074, '_a6_': 4.937867574886496, '_a0_': 1.0, '_a1_': 1.0, '_a2_': 1.0, '_a7_': 1.0}};{'d0': 0.024885482501866833};-276.524567593313;47.069752028076785
5166;-91.1925317685794;((-(pow2((_a3_ * (_a6_ * x)))) + _a4_) + (pow3((x + _a5_)) / _a3_));{'d0': {'_a3_': 0.29563773331237153, '_a4_': -0.2484064162944431, '_a5_': 0.4181923875481074, '_a6_': 4.937867574886496, '_a0_': 1.0, '_a1_': 1.0, '_a2_': 1.0, '_a7_': 1.0}};{'d0': 0.024885482501866833};-276.524567593313;47.069752028076785
5167;-91.1925317685794;((-(pow2((_a3_ * (_a6_ * x)))) + _a4_) + (pow3((x + _a5_)) / _a3_));{'d0': {'_a3_': 0.29563773331237153, '_a4_': -0.2484064162944431, '_a5_': 0.4181923875481074, '_a6_': 4.937867574886496, '_a0_': 1.0, '_a1_': 1.0, '_a2_': 1.0, '_a7_': 1.0}};{'d0': 0.024885482501866833};-276.524567593313;47.069752028076785
5168;-91.1925317685794;((-(pow2((_a6_ * (_a6_ * x)))) + _a4_) + (pow3((x + _a5_)) / _a3_));{'d0': {'_a3_': 0.2956377334563575, '_a4_': -0.24840641625228493, '_a5_': 0.41819238767588984, '_a6_': 1.208230101195483, '_a0_': 1.0, '_a1_': 1.0, '_a2_': 1.0, '_a7_': 1.0}};{'d0': 0.02488548250186686};-276.524567593312;47.069752028076785
5169;-91.1925317685794;((-(pow2((_a6_ * (_a6_ * x)))) + _a4_) + (pow3((x + _a5_)) / _a3_));{'d0': {'_a3_': 0.2956377334563575, '_a4_': -0.24840641625228493, '_a5_': 0.41819238767588984, '_a6_': 1.208230101195483, '_a0_': 1.0, '_a1_': 1.0, '_a2_': 1.0, '_a7_': 1.0}};{'d0': 0.02488548250186686};-276.524567593312;47.069752028076785
5170;-91.1925317685794;((-(pow2((_a6_ * (_a6_ * x)))) + _a4_) + (pow3((x + _a5_)) / _a3_));{'d0': {'_a3_': 0.2956377334563575, '_a4_': -0.24840641625228493, '_a5_': 0.41819238767588984, '_a6_': 1.208230101195483, '_a0_': 1.0, '_a1_': 1.0, '_a2_': 1.0, '_a7_': 1.0}};{'d0': 0.02488548250186686};-276.524567593312;47.069752028076785
5171;-91.1925317685794;((-(pow2((_a6_ * (_a6_ * x)))) + _a4_) + (pow3((x + _a5_)) / _a3_));{'d0': {'_a3_': 0.2956377334563575, '_a4_': -0.24840641625228493, '_a5_': 0.41819238767588984, '_a6_': 1.208230101195483, '_a0_': 1.0, '_a1_': 1.0, '_a2_': 1.0, '_a7_': 1.0}};{'d0': 0.02488548250186686};-276.524567593312;47.069752028076785
5172;-91.1925317685794;((-(pow2((_a6_ * (_a6_ * x)))) + _a4_) + (pow3((x + _a5_)) / _a3_));{'d0': {'_a3_': 0.2956377334563575, '_a4_': -0.24840641625228493, '_a5_': 0.41819238767588984, '_a6_': 1.208230101195483, '_a0_': 1.0, '_a1_': 1.0, '_a2_': 1.0, '_a7_': 1.0}};{'d0': 0.02488548250186686};-276.524567593312;47.069752028076785
5173;-91.1925317685794;((-(pow2((_a6_ * (_a6_ * x)))) + _a4_) + (pow3((x + _a5_)) / _a3_));{'d0': {'_a3_': 0.2956377334563575, '_a4_': -0.24840641625228493, '_a5_': 0.41819238767588984, '_a6_': 1.208230101195483, '_a0_': 1.0, '_a1_': 1.0, '_a2_': 1.0, '_a7_': 1.0}};{'d0': 0.02488548250186686};-276.524567593312;47.069752028076785
5174;-91.1925317685794;((-(pow2((_a6_ * (_a6_ * x)))) + _a4_) + (pow3((x + _a5_)) / _a3_));{'d0': {'_a3_': 0.2956377334563575, '_a4_': -0.24840641625228493, '_a5_': 0.41819238767588984, '_a6_': 1.208230101195483, '_a0_': 1.0, '_a1_': 1.0, '_a2_': 1.0, '_a7_': 1.0}};{'d0': 0.02488548250186686};-276.524567593312;47.069752028076785
5175;-91.1925317685794;((-(pow2((_a6_ * (_a6_ * x)))) + _a4_) + (pow3((x + _a5_)) / _a3_));{'d0': {'_a3_': 0.2956377334563575, '_a4_': -0.24840641625228493, '_a5_': 0.41819238767588984, '_a6_': 1.208230101195483, '_a0_': 1.0, '_a1_': 1.0, '_a2_': 1.0, '_a7_': 1.0}};{'d0': 0.02488548250186686};-276.524567593312;47.069752028076785
5176;-91.1925317685794;((-(pow2((_a6_ * (_a6_ * x)))) + _a4_) + (pow3((x + _a5_)) / _a3_));{'d0': {'_a3_': 0.2956377334563575, '_a4_': -0.24840641625228493, '_a5_': 0.41819238767588984, '_a6_': 1.208230101195483, '_a0_': 1.0, '_a1_': 1.0, '_a2_': 1.0, '_a7_': 1.0}};{'d0': 0.02488548250186686};-276.524567593312;47.069752028076785
5177;-91.1925317685794;((-(pow2((_a6_ * (_a6_ * x)))) + _a4_) + (pow3((x + _a5_)) / _a3_));{'d0': {'_a3_': 0.2956377334563575, '_a4_': -0.24840641625228493, '_a5_': 0.41819238767588984, '_a6_': 1.208230101195483, '_a0_': 1.0, '_a1_': 1.0, '_a2_': 1.0, '_a7_': 1.0}};{'d0': 0.02488548250186686};-276.524567593312;47.069752028076785
5178;-86.1952398468168;(((_a5_ + pow3((((_a4_ + _a5_) * -(x)) * _a6_))) + pow2((_a0_ + x))) * _a4_);{'d0': {'_a0_': 0.42002532879829857, '_a4_': 2.1125556632624396, '_a5_': -0.17690608464600519, '_a6_': -0.6043899781934762, '_a1_': 1.0, '_a2_': 1.0, '_a3_': 1.0, '_a7_': 1.0}};{'d0': 0.02488548250186684};-276.524567593312;52.067043949839416
5179;-86.1952398468168;(((_a5_ + pow3((((_a4_ + _a5_) * -(x)) * _a6_))) + pow2((_a0_ + x))) * _a4_);{'d0': {'_a0_': 0.42002532879829857, '_a4_': 2.1125556632624396, '_a5_': -0.17690608464600519, '_a6_': -0.6043899781934762, '_a1_': 1.0, '_a2_': 1.0, '_a3_': 1.0, '_a7_': 1.0}};{'d0': 0.02488548250186684};-276.524567593312;52.067043949839416
5180;-86.1952398468168;(((_a5_ + pow3((((_a4_ + _a5_) * -(x)) * _a6_))) + pow2((_a0_ + x))) * _a4_);{'d0': {'_a0_': 0.42002532879829857, '_a4_': 2.1125556632624396, '_a5_': -0.17690608464600519, '_a6_': -0.6043899781934762, '_a1_': 1.0, '_a2_': 1.0, '_a3_': 1.0, '_a7_': 1.0}};{'d0': 0.02488548250186684};-276.524567593312;52.067043949839416
5181;-86.1952398468168;(((_a5_ + pow3((((_a4_ + _a5_) * -(x)) * _a6_))) + pow2((_a0_ + x))) * _a4_);{'d0': {'_a0_': 0.42002532879829857, '_a4_': 2.1125556632624396, '_a5_': -0.17690608464600519, '_a6_': -0.6043899781934762, '_a1_': 1.0, '_a2_': 1.0, '_a3_': 1.0, '_a7_': 1.0}};{'d0': 0.02488548250186684};-276.524567593312;52.067043949839416
5182;-86.1952398468168;(((_a5_ + pow3((((_a4_ + _a5_) * -(x)) * _a6_))) + pow2((_a0_ + x))) * _a4_);{'d0': {'_a0_': 0.42002532879829857, '_a4_': 2.1125556632624396, '_a5_': -0.17690608464600519, '_a6_': -0.6043899781934762, '_a1_': 1.0, '_a2_': 1.0, '_a3_': 1.0, '_a7_': 1.0}};{'d0': 0.02488548250186684};-276.524567593312;52.067043949839416
5183;-86.1952398468168;(((_a5_ + pow3((((_a4_ + _a5_) * -(x)) * _a6_))) + pow2((_a0_ + x))) * _a4_);{'d0': {'_a0_': 0.42002532879829857, '_a4_': 2.1125556632624396, '_a5_': -0.17690608464600519, '_a6_': -0.6043899781934762, '_a1_': 1.0, '_a2_': 1.0, '_a3_': 1.0, '_a7_': 1.0}};{'d0': 0.02488548250186684};-276.524567593312;52.067043949839416
5184;-86.1952398468168;(((_a5_ + pow3((((_a4_ + _a5_) * -(x)) * _a6_))) + pow2((_a0_ + x))) * _a4_);{'d0': {'_a0_': 0.42002532879829857, '_a4_': 2.1125556632624396, '_a5_': -0.17690608464600519, '_a6_': -0.6043899781934762, '_a1_': 1.0, '_a2_': 1.0, '_a3_': 1.0, '_a7_': 1.0}};{'d0': 0.02488548250186684};-276.524567593312;52.067043949839416
5185;-86.1952398468168;(((_a5_ + pow3((((_a4_ + _a5_) * -(x)) * _a6_))) + pow2((_a0_ + x))) * _a4_);{'d0': {'_a0_': 0.42002532879829857, '_a4_': 2.1125556632624396, '_a5_': -0.17690608464600519, '_a6_': -0.6043899781934762, '_a1_': 1.0, '_a2_': 1.0, '_a3_': 1.0, '_a7_': 1.0}};{'d0': 0.02488548250186684};-276.524567593312;52.067043949839416
5186;-86.1952398468168;(((_a5_ + pow3((((_a4_ + _a5_) * -(x)) * _a6_))) + pow2((_a0_ + x))) * _a4_);{'d0': {'_a0_': 0.42002532879829857, '_a4_': 2.1125556632624396, '_a5_': -0.17690608464600519, '_a6_': -0.6043899781934762, '_a1_': 1.0, '_a2_': 1.0, '_a3_': 1.0, '_a7_': 1.0}};{'d0': 0.02488548250186684};-276.524567593312;52.067043949839416
5187;-86.1952398468168;(((_a5_ + pow3((((_a4_ + _a5_) * -(x)) * _a6_))) + pow2((_a0_ + x))) * _a4_);{'d0': {'_a0_': 0.42002532879829857, '_a4_': 2.1125556632624396, '_a5_': -0.17690608464600519, '_a6_': -0.6043899781934762, '_a1_': 1.0, '_a2_': 1.0, '_a3_': 1.0, '_a7_': 1.0}};{'d0': 0.02488548250186684};-276.524567593312;52.067043949839416
5188;-92.1158408958468;(((_a5_ + pow3(((_a4_ * -(x)) * _a6_))) + pow2((_a0_ + x))) * _a4_);{'d0': {'_a0_': 0.4200253280759667, '_a4_': 2.112555666676781, '_a5_': -0.17690608417976397, '_a6_': -0.5537781677672517, '_a1_': 1.0, '_a2_': 1.0, '_a3_': 1.0, '_a7_': 1.0}};{'d0': 0.02488548250186683};-276.524567593313;46.14644290080942
5189;-92.1158408958468;(((_a5_ + pow3(((_a4_ * -(x)) * _a6_))) + pow2((_a0_ + x))) * _a4_);{'d0': {'_a0_': 0.4200253280759667, '_a4_': 2.112555666676781, '_a5_': -0.17690608417976397, '_a6_': -0.5537781677672517, '_a1_': 1.0, '_a2_': 1.0, '_a3_': 1.0, '_a7_': 1.0}};{'d0': 0.02488548250186683};-276.524567593313;46.14644290080942
5190;-85.8264636339195;((-(pow2((_a3_ * (exp(_a2_) * x)))) + _a0_) + (pow3((x + _a5_)) / _a3_));{'d0': {'_a0_': -0.24840641638008742, '_a2_': 1.5969335723638478, '_a3_': 0.2956377335557854, '_a5_': 0.41819238779438345, '_a1_': 1.0, '_a4_': 1.0, '_a6_': 1.0, '_a7_': 1.0}};{'d0': 0.024885482501866795};-276.524567593313;52.43582016273678
5191;-79.9058625848894;((-(pow2((_a3_ * (exp(_a2_) * x)))) + _a0_) + (pow3((x + (_a5_ + _a3_))) / _a3_));{'d0': {'_a0_': -0.24840641615693804, '_a2_': 1.596933572248489, '_a3_': 0.29563773360125434, '_a5_': 0.12255465412844911, '_a1_': 1.0, '_a4_': 1.0, '_a6_': 1.0, '_a7_': 1.0}};{'d0': 0.024885482501866823};-276.524567593313;58.35642121176678
5192;-79.9058625848894;((-(pow2((_a3_ * (exp(_a2_) * x)))) + _a0_) + (pow3((x + (_a5_ + _a3_))) / _a3_));{'d0': {'_a0_': -0.24840641615693804, '_a2_': 1.596933572248489, '_a3_': 0.29563773360125434, '_a5_': 0.12255465412844911, '_a1_': 1.0, '_a4_': 1.0, '_a6_': 1.0, '_a7_': 1.0}};{'d0': 0.024885482501866823};-276.524567593313;58.35642121176678
5193;-85.8264636339195;((-(pow2((_a3_ * (exp(_a2_) * x)))) + _a0_) + (pow3((x + _a5_)) / _a3_));{'d0': {'_a0_': -0.24840641638008742, '_a2_': 1.5969335723638478, '_a3_': 0.2956377335557854, '_a5_': 0.41819238779438345, '_a1_': 1.0, '_a4_': 1.0, '_a6_': 1.0, '_a7_': 1.0}};{'d0': 0.024885482501866795};-276.524567593313;52.43582016273678
5194;-85.8264636339195;((-(pow2((_a3_ * (exp(_a2_) * x)))) + _a0_) + (pow3((x + _a5_)) / _a3_));{'d0': {'_a0_': -0.24840641638008742, '_a2_': 1.5969335723638478, '_a3_': 0.2956377335557854, '_a5_': 0.41819238779438345, '_a1_': 1.0, '_a4_': 1.0, '_a6_': 1.0, '_a7_': 1.0}};{'d0': 0.024885482501866795};-276.524567593313;52.43582016273678
5195;-87.4945972959693;((-(pow2((_a3_ * (pow2(_a2_) * x)))) + _a0_) + (pow3((x + _a5_)) / _a3_));{'d0': {'_a0_': -0.24840641635813768, '_a2_': 2.2221313122345863, '_a3_': 0.295637733791405, '_a5_': 0.418192388001354, '_a1_': 1.0, '_a4_': 1.0, '_a6_': 1.0, '_a7_': 1.0}};{'d0': 0.02488548250186692};-276.524567593312;50.76768650068678
5196;-87.4945972959693;((-(pow2((_a3_ * (pow2(_a2_) * x)))) + _a0_) + (pow3((x + _a5_)) / _a3_));{'d0': {'_a0_': -0.24840641635813768, '_a2_': 2.2221313122345863, '_a3_': 0.295637733791405, '_a5_': 0.418192388001354, '_a1_': 1.0, '_a4_': 1.0, '_a6_': 1.0, '_a7_': 1.0}};{'d0': 0.02488548250186692};-276.524567593312;50.76768650068678
5197;-87.4945972959693;((-(pow2((_a3_ * (pow2(_a2_) * x)))) + _a0_) + (pow3((x + _a5_)) / _a3_));{'d0': {'_a0_': -0.24840641635813768, '_a2_': 2.2221313122345863, '_a3_': 0.295637733791405, '_a5_': 0.418192388001354, '_a1_': 1.0, '_a4_': 1.0, '_a6_': 1.0, '_a7_': 1.0}};{'d0': 0.02488548250186692};-276.524567593312;50.76768650068678
5198;-92.1158408958468;(((_a5_ + pow3(((_a4_ * -(x)) * _a6_))) + pow2((_a0_ + x))) * _a4_);{'d0': {'_a0_': 0.4200253280759667, '_a4_': 2.112555666676781, '_a5_': -0.17690608417976397, '_a6_': -0.5537781677672517, '_a1_': 1.0, '_a2_': 1.0, '_a3_': 1.0, '_a7_': 1.0}};{'d0': 0.02488548250186683};-276.524567593313;46.14644290080942
5199;-92.1158408958468;(((_a5_ + pow3(((_a4_ * -(x)) * _a6_))) + pow2((_a0_ + x))) * _a4_);{'d0': {'_a0_': 0.4200253280759667, '_a4_': 2.112555666676781, '_a5_': -0.17690608417976397, '_a6_': -0.5537781677672517, '_a1_': 1.0, '_a2_': 1.0, '_a3_': 1.0, '_a7_': 1.0}};{'d0': 0.02488548250186683};-276.524567593313;46.14644290080942
5200;-92.1158408958468;(((_a5_ + pow3(((_a4_ * -(x)) * _a6_))) + pow2((_a0_ + x))) * _a4_);{'d0': {'_a0_': 0.4200253280759667, '_a4_': 2.112555666676781, '_a5_': -0.17690608417976397, '_a6_': -0.5537781677672517, '_a1_': 1.0, '_a2_': 1.0, '_a3_': 1.0, '_a7_': 1.0}};{'d0': 0.02488548250186683};-276.524567593313;46.14644290080942
5201;-92.1158408958468;(((_a5_ + pow3(((_a4_ * -(x)) * _a6_))) + pow2((_a0_ + x))) * _a4_);{'d0': {'_a0_': 0.4200253280759667, '_a4_': 2.112555666676781, '_a5_': -0.17690608417976397, '_a6_': -0.5537781677672517, '_a1_': 1.0, '_a2_': 1.0, '_a3_': 1.0, '_a7_': 1.0}};{'d0': 0.02488548250186683};-276.524567593313;46.14644290080942
5202;-92.1158408958468;(((_a5_ + pow3(((_a4_ * -(x)) * _a6_))) + pow2((_a0_ + x))) * _a4_);{'d0': {'_a0_': 0.4200253280759667, '_a4_': 2.112555666676781, '_a5_': -0.17690608417976397, '_a6_': -0.5537781677672517, '_a1_': 1.0, '_a2_': 1.0, '_a3_': 1.0, '_a7_': 1.0}};{'d0': 0.02488548250186683};-276.524567593313;46.14644290080942
5203;-87.1665009703897;((((_a5_ + pow3(((_a4_ * -(x)) * _a6_))) + pow2((_a0_ + x))) * _a4_) * _a0_);{'d0': {'_a0_': 0.4200253308593567, '_a4_': 5.029591070712964, '_a5_': -0.17690608593995516, '_a6_': -0.23260085974622494, '_a1_': 1.0, '_a2_': 1.0, '_a3_': 1.0, '_a7_': 1.0}};{'d0': 0.024885482501866892};-276.524567593312;51.095782826266415
5204;-87.1665009703897;((((_a5_ + pow3(((_a4_ * -(x)) * _a6_))) + pow2((_a0_ + x))) * _a4_) * _a0_);{'d0': {'_a0_': 0.4200253308593567, '_a4_': 5.029591070712964, '_a5_': -0.17690608593995516, '_a6_': -0.23260085974622494, '_a1_': 1.0, '_a2_': 1.0, '_a3_': 1.0, '_a7_': 1.0}};{'d0': 0.024885482501866892};-276.524567593312;51.095782826266415
5205;-87.1665009703897;((((_a5_ + pow3(((_a4_ * -(x)) * _a6_))) + pow2((_a0_ + x))) * _a4_) * _a0_);{'d0': {'_a0_': 0.4200253308593567, '_a4_': 5.029591070712964, '_a5_': -0.17690608593995516, '_a6_': -0.23260085974622494, '_a1_': 1.0, '_a2_': 1.0, '_a3_': 1.0, '_a7_': 1.0}};{'d0': 0.024885482501866892};-276.524567593312;51.095782826266415
5206;-87.1665009703897;((((_a5_ + pow3(((_a4_ * -(x)) * _a6_))) + pow2((_a0_ + x))) * _a4_) * _a0_);{'d0': {'_a0_': 0.4200253308593567, '_a4_': 5.029591070712964, '_a5_': -0.17690608593995516, '_a6_': -0.23260085974622494, '_a1_': 1.0, '_a2_': 1.0, '_a3_': 1.0, '_a7_': 1.0}};{'d0': 0.024885482501866892};-276.524567593312;51.095782826266415
5207;-87.1665009703897;((((_a5_ + pow3(((_a4_ * -(x)) * _a6_))) + pow2((_a0_ + x))) * _a4_) * _a0_);{'d0': {'_a0_': 0.4200253308593567, '_a4_': 5.029591070712964, '_a5_': -0.17690608593995516, '_a6_': -0.23260085974622494, '_a1_': 1.0, '_a2_': 1.0, '_a3_': 1.0, '_a7_': 1.0}};{'d0': 0.024885482501866892};-276.524567593312;51.095782826266415
5208;-87.1665009703897;((((_a5_ + pow3(((_a4_ * -(x)) * _a6_))) + pow2((_a0_ + x))) * _a4_) * _a0_);{'d0': {'_a0_': 0.4200253308593567, '_a4_': 5.029591070712964, '_a5_': -0.17690608593995516, '_a6_': -0.23260085974622494, '_a1_': 1.0, '_a2_': 1.0, '_a3_': 1.0, '_a7_': 1.0}};{'d0': 0.024885482501866892};-276.524567593312;51.095782826266415
5209;-87.1665009703897;((((_a5_ + pow3(((_a4_ * -(x)) * _a6_))) + pow2((_a0_ + x))) * _a4_) * _a0_);{'d0': {'_a0_': 0.4200253308593567, '_a4_': 5.029591070712964, '_a5_': -0.17690608593995516, '_a6_': -0.23260085974622494, '_a1_': 1.0, '_a2_': 1.0, '_a3_': 1.0, '_a7_': 1.0}};{'d0': 0.024885482501866892};-276.524567593312;51.095782826266415
5210;-87.1665009703897;((((_a5_ + pow3(((_a4_ * -(x)) * _a6_))) + pow2((_a0_ + x))) * _a4_) * _a0_);{'d0': {'_a0_': 0.4200253308593567, '_a4_': 5.029591070712964, '_a5_': -0.17690608593995516, '_a6_': -0.23260085974622494, '_a1_': 1.0, '_a2_': 1.0, '_a3_': 1.0, '_a7_': 1.0}};{'d0': 0.024885482501866892};-276.524567593312;51.095782826266415
5211;-87.1665009703897;((((_a5_ + pow3(((_a4_ * -(x)) * _a6_))) + pow2((_a0_ + x))) * _a4_) * _a0_);{'d0': {'_a0_': 0.4200253308593567, '_a4_': 5.029591070712964, '_a5_': -0.17690608593995516, '_a6_': -0.23260085974622494, '_a1_': 1.0, '_a2_': 1.0, '_a3_': 1.0, '_a7_': 1.0}};{'d0': 0.024885482501866892};-276.524567593312;51.095782826266415
5212;-87.1665009703897;((((_a5_ + pow3(((_a4_ * -(x)) * _a6_))) + pow2((_a0_ + x))) * _a4_) * _a0_);{'d0': {'_a0_': 0.4200253308593567, '_a4_': 5.029591070712964, '_a5_': -0.17690608593995516, '_a6_': -0.23260085974622494, '_a1_': 1.0, '_a2_': 1.0, '_a3_': 1.0, '_a7_': 1.0}};{'d0': 0.024885482501866892};-276.524567593312;51.095782826266415
5213;-87.1665009703897;((((_a5_ + pow3(((_a4_ * -(x)) * _a6_))) + pow2((_a0_ + x))) * _a4_) * _a0_);{'d0': {'_a0_': 0.4200253308593567, '_a4_': 5.029591070712964, '_a5_': -0.17690608593995516, '_a6_': -0.23260085974622494, '_a1_': 1.0, '_a2_': 1.0, '_a3_': 1.0, '_a7_': 1.0}};{'d0': 0.024885482501866892};-276.524567593312;51.095782826266415
5214;-87.1665009703897;((((_a5_ + pow3(((_a4_ * -(x)) * _a6_))) + pow2((_a0_ + x))) * _a4_) * _a0_);{'d0': {'_a0_': 0.4200253308593567, '_a4_': 5.029591070712964, '_a5_': -0.17690608593995516, '_a6_': -0.23260085974622494, '_a1_': 1.0, '_a2_': 1.0, '_a3_': 1.0, '_a7_': 1.0}};{'d0': 0.024885482501866892};-276.524567593312;51.095782826266415
5215;-87.1665009703897;((((_a5_ + pow3(((_a4_ * -(x)) * _a6_))) + pow2((_a0_ + x))) * _a4_) * _a0_);{'d0': {'_a0_': 0.4200253308593567, '_a4_': 5.029591070712964, '_a5_': -0.17690608593995516, '_a6_': -0.23260085974622494, '_a1_': 1.0, '_a2_': 1.0, '_a3_': 1.0, '_a7_': 1.0}};{'d0': 0.024885482501866892};-276.524567593312;51.095782826266415
5216;-87.1665009703897;((((_a5_ + pow3(((_a4_ * -(x)) * _a6_))) + pow2((_a0_ + x))) * _a4_) * _a0_);{'d0': {'_a0_': 0.4200253308593567, '_a4_': 5.029591070712964, '_a5_': -0.17690608593995516, '_a6_': -0.23260085974622494, '_a1_': 1.0, '_a2_': 1.0, '_a3_': 1.0, '_a7_': 1.0}};{'d0': 0.024885482501866892};-276.524567593312;51.095782826266415
5217;-87.1665009703897;((((_a5_ + pow3(((_a4_ * -(x)) * _a6_))) + pow2((_a0_ + x))) * _a4_) * _a0_);{'d0': {'_a0_': 0.4200253308593567, '_a4_': 5.029591070712964, '_a5_': -0.17690608593995516, '_a6_': -0.23260085974622494, '_a1_': 1.0, '_a2_': 1.0, '_a3_': 1.0, '_a7_': 1.0}};{'d0': 0.024885482501866892};-276.524567593312;51.095782826266415
5218;-87.1665009703897;((((_a5_ + pow3(((_a4_ * -(x)) * _a6_))) + pow2((_a0_ + x))) * _a4_) * _a0_);{'d0': {'_a0_': 0.4200253308593567, '_a4_': 5.029591070712964, '_a5_': -0.17690608593995516, '_a6_': -0.23260085974622494, '_a1_': 1.0, '_a2_': 1.0, '_a3_': 1.0, '_a7_': 1.0}};{'d0': 0.024885482501866892};-276.524567593312;51.095782826266415
5219;-87.1665009703897;((((_a5_ + pow3(((_a4_ * -(x)) * _a6_))) + pow2((_a0_ + x))) * _a4_) * _a0_);{'d0': {'_a0_': 0.4200253308593567, '_a4_': 5.029591070712964, '_a5_': -0.17690608593995516, '_a6_': -0.23260085974622494, '_a1_': 1.0, '_a2_': 1.0, '_a3_': 1.0, '_a7_': 1.0}};{'d0': 0.024885482501866892};-276.524567593312;51.095782826266415
5220;-87.1665009703897;((((_a5_ + pow3(((_a4_ * -(x)) * _a6_))) + pow2((_a0_ + x))) * _a4_) * _a0_);{'d0': {'_a0_': 0.4200253308593567, '_a4_': 5.029591070712964, '_a5_': -0.17690608593995516, '_a6_': -0.23260085974622494, '_a1_': 1.0, '_a2_': 1.0, '_a3_': 1.0, '_a7_': 1.0}};{'d0': 0.024885482501866892};-276.524567593312;51.095782826266415
5221;-87.1665009703897;((((_a5_ + pow3(((_a4_ * -(x)) * _a6_))) + pow2((_a0_ + x))) * _a4_) * _a0_);{'d0': {'_a0_': 0.4200253308593567, '_a4_': 5.029591070712964, '_a5_': -0.17690608593995516, '_a6_': -0.23260085974622494, '_a1_': 1.0, '_a2_': 1.0, '_a3_': 1.0, '_a7_': 1.0}};{'d0': 0.024885482501866892};-276.524567593312;51.095782826266415
5222;-87.1665009703897;((((_a5_ + pow3(((_a4_ * -(x)) * _a6_))) + pow2((_a0_ + x))) * _a4_) * _a0_);{'d0': {'_a0_': 0.4200253308593567, '_a4_': 5.029591070712964, '_a5_': -0.17690608593995516, '_a6_': -0.23260085974622494, '_a1_': 1.0, '_a2_': 1.0, '_a3_': 1.0, '_a7_': 1.0}};{'d0': 0.024885482501866892};-276.524567593312;51.095782826266415
5223;-84.5996497061694;((-(pow2((_a3_ * (pow3(_a2_) * x)))) + _a6_) + (pow3((x + _a5_)) / _a3_));{'d0': {'_a2_': 1.7028634063828494, '_a3_': 0.2956377335265936, '_a5_': 0.4181923877532011, '_a6_': -0.2484064163000178, '_a0_': 1.0, '_a1_': 1.0, '_a4_': 1.0, '_a7_': 1.0}};{'d0': 0.024885482501866844};-276.524567593312;53.662634090486776
5224;-84.5996497061694;((-(pow2((_a3_ * (pow3(_a2_) * x)))) + _a6_) + (pow3((x + _a5_)) / _a3_));{'d0': {'_a2_': 1.7028634063828494, '_a3_': 0.2956377335265936, '_a5_': 0.4181923877532011, '_a6_': -0.2484064163000178, '_a0_': 1.0, '_a1_': 1.0, '_a4_': 1.0, '_a7_': 1.0}};{'d0': 0.024885482501866844};-276.524567593312;53.662634090486776
5225;-84.5996497061694;((-(pow2((_a3_ * (pow3(_a2_) * x)))) + _a6_) + (pow3((x + _a5_)) / _a3_));{'d0': {'_a2_': 1.7028634063828494, '_a3_': 0.2956377335265936, '_a5_': 0.4181923877532011, '_a6_': -0.2484064163000178, '_a0_': 1.0, '_a1_': 1.0, '_a4_': 1.0, '_a7_': 1.0}};{'d0': 0.024885482501866844};-276.524567593312;53.662634090486776
5226;-84.5996497061694;((-(pow2((_a3_ * (pow3(_a2_) * x)))) + _a6_) + (pow3((x + _a5_)) / _a3_));{'d0': {'_a2_': 1.7028634063828494, '_a3_': 0.2956377335265936, '_a5_': 0.4181923877532011, '_a6_': -0.2484064163000178, '_a0_': 1.0, '_a1_': 1.0, '_a4_': 1.0, '_a7_': 1.0}};{'d0': 0.024885482501866844};-276.524567593312;53.662634090486776
5227;-84.5996497061694;((-(pow2((_a3_ * (pow3(_a2_) * x)))) + _a6_) + (pow3((x + _a5_)) / _a3_));{'d0': {'_a2_': 1.7028634063828494, '_a3_': 0.2956377335265936, '_a5_': 0.4181923877532011, '_a6_': -0.2484064163000178, '_a0_': 1.0, '_a1_': 1.0, '_a4_': 1.0, '_a7_': 1.0}};{'d0': 0.024885482501866844};-276.524567593312;53.662634090486776
5228;-84.5996497061694;((-(pow2((_a3_ * (pow3(_a2_) * x)))) + _a6_) + (pow3((x + _a5_)) / _a3_));{'d0': {'_a2_': 1.7028634063828494, '_a3_': 0.2956377335265936, '_a5_': 0.4181923877532011, '_a6_': -0.2484064163000178, '_a0_': 1.0, '_a1_': 1.0, '_a4_': 1.0, '_a7_': 1.0}};{'d0': 0.024885482501866844};-276.524567593312;53.662634090486776
5229;-84.5996497061694;((-(pow2((_a3_ * (pow3(_a2_) * x)))) + _a6_) + (pow3((x + _a5_)) / _a3_));{'d0': {'_a2_': 1.7028634063828494, '_a3_': 0.2956377335265936, '_a5_': 0.4181923877532011, '_a6_': -0.2484064163000178, '_a0_': 1.0, '_a1_': 1.0, '_a4_': 1.0, '_a7_': 1.0}};{'d0': 0.024885482501866844};-276.524567593312;53.662634090486776
5230;-84.5996497061694;((-(pow2((_a3_ * (pow3(_a2_) * x)))) + _a6_) + (pow3((x + _a5_)) / _a3_));{'d0': {'_a2_': 1.7028634063828494, '_a3_': 0.2956377335265936, '_a5_': 0.4181923877532011, '_a6_': -0.2484064163000178, '_a0_': 1.0, '_a1_': 1.0, '_a4_': 1.0, '_a7_': 1.0}};{'d0': 0.024885482501866844};-276.524567593312;53.662634090486776
5231;-84.5996497061694;((-(pow2((_a3_ * (pow3(_a2_) * x)))) + _a6_) + (pow3((x + _a5_)) / _a3_));{'d0': {'_a2_': 1.7028634063828494, '_a3_': 0.2956377335265936, '_a5_': 0.4181923877532011, '_a6_': -0.2484064163000178, '_a0_': 1.0, '_a1_': 1.0, '_a4_': 1.0, '_a7_': 1.0}};{'d0': 0.024885482501866844};-276.524567593312;53.662634090486776
5232;-84.5996497061694;((-(pow2((_a3_ * (pow3(_a2_) * x)))) + _a6_) + (pow3((x + _a5_)) / _a3_));{'d0': {'_a2_': 1.7028634063828494, '_a3_': 0.2956377335265936, '_a5_': 0.4181923877532011, '_a6_': -0.2484064163000178, '_a0_': 1.0, '_a1_': 1.0, '_a4_': 1.0, '_a7_': 1.0}};{'d0': 0.024885482501866844};-276.524567593312;53.662634090486776
5233;-84.5996497061694;((-(pow2((_a3_ * (pow3(_a2_) * x)))) + _a6_) + (pow3((x + _a5_)) / _a3_));{'d0': {'_a2_': 1.7028634063828494, '_a3_': 0.2956377335265936, '_a5_': 0.4181923877532011, '_a6_': -0.2484064163000178, '_a0_': 1.0, '_a1_': 1.0, '_a4_': 1.0, '_a7_': 1.0}};{'d0': 0.024885482501866844};-276.524567593312;53.662634090486776
5234;-84.5996497061694;((-(pow2((_a3_ * (pow3(_a2_) * x)))) + _a6_) + (pow3((x + _a5_)) / _a3_));{'d0': {'_a2_': 1.7028634063828494, '_a3_': 0.2956377335265936, '_a5_': 0.4181923877532011, '_a6_': -0.2484064163000178, '_a0_': 1.0, '_a1_': 1.0, '_a4_': 1.0, '_a7_': 1.0}};{'d0': 0.024885482501866844};-276.524567593312;53.662634090486776
5235;-84.5996497061694;((-(pow2((_a3_ * (pow3(_a2_) * x)))) + _a6_) + (pow3((x + _a5_)) / _a3_));{'d0': {'_a2_': 1.7028634063828494, '_a3_': 0.2956377335265936, '_a5_': 0.4181923877532011, '_a6_': -0.2484064163000178, '_a0_': 1.0, '_a1_': 1.0, '_a4_': 1.0, '_a7_': 1.0}};{'d0': 0.024885482501866844};-276.524567593312;53.662634090486776
5236;-84.5996497061694;((-(pow2((_a3_ * (pow3(_a2_) * x)))) + _a6_) + (pow3((x + _a5_)) / _a3_));{'d0': {'_a2_': 1.7028634063828494, '_a3_': 0.2956377335265936, '_a5_': 0.4181923877532011, '_a6_': -0.2484064163000178, '_a0_': 1.0, '_a1_': 1.0, '_a4_': 1.0, '_a7_': 1.0}};{'d0': 0.024885482501866844};-276.524567593312;53.662634090486776
5237;-84.5996497061694;((-(pow2((_a3_ * (pow3(_a2_) * x)))) + _a6_) + (pow3((x + _a5_)) / _a3_));{'d0': {'_a2_': 1.7028634063828494, '_a3_': 0.2956377335265936, '_a5_': 0.4181923877532011, '_a6_': -0.2484064163000178, '_a0_': 1.0, '_a1_': 1.0, '_a4_': 1.0, '_a7_': 1.0}};{'d0': 0.024885482501866844};-276.524567593312;53.662634090486776
5238;-84.5996497061694;((-(pow2((_a3_ * (pow3(_a2_) * x)))) + _a6_) + (pow3((x + _a5_)) / _a3_));{'d0': {'_a2_': 1.7028634063828494, '_a3_': 0.2956377335265936, '_a5_': 0.4181923877532011, '_a6_': -0.2484064163000178, '_a0_': 1.0, '_a1_': 1.0, '_a4_': 1.0, '_a7_': 1.0}};{'d0': 0.024885482501866844};-276.524567593312;53.662634090486776
5239;-85.3553089604322;((-(pow2((_a3_ * ((_a1_ / _a5_) * x)))) + _a6_) + (pow3((x + _a5_)) / _a3_));{'d0': {'_a1_': 2.064978630294516, '_a3_': 0.2956377335689511, '_a5_': 0.4181923877734727, '_a6_': -0.24840641626805332, '_a0_': 1.0, '_a2_': 1.0, '_a4_': 1.0, '_a7_': 1.0}};{'d0': 0.02488548250186684};-276.524567593312;52.906974836223974
5240;-85.3553089604322;((-(pow2((_a3_ * ((_a1_ / _a5_) * x)))) + _a6_) + (pow3((x + _a5_)) / _a3_));{'d0': {'_a1_': 2.064978630294516, '_a3_': 0.2956377335689511, '_a5_': 0.4181923877734727, '_a6_': -0.24840641626805332, '_a0_': 1.0, '_a2_': 1.0, '_a4_': 1.0, '_a7_': 1.0}};{'d0': 0.02488548250186684};-276.524567593312;52.906974836223974
5241;-87.1665009703897;((((_a5_ + pow3(((_a4_ * -(x)) * _a6_))) + pow2((_a0_ + x))) * _a4_) * _a0_);{'d0': {'_a0_': 0.4200253308593567, '_a4_': 5.029591070712964, '_a5_': -0.17690608593995516, '_a6_': -0.23260085974622494, '_a1_': 1.0, '_a2_': 1.0, '_a3_': 1.0, '_a7_': 1.0}};{'d0': 0.024885482501866892};-276.524567593312;51.095782826266415
5242;-87.1665009703897;((((_a5_ + pow3(((_a4_ * -(x)) * _a6_))) + pow2((_a0_ + x))) * _a4_) * _a0_);{'d0': {'_a0_': 0.4200253308593567, '_a4_': 5.029591070712964, '_a5_': -0.17690608593995516, '_a6_': -0.23260085974622494, '_a1_': 1.0, '_a2_': 1.0, '_a3_': 1.0, '_a7_': 1.0}};{'d0': 0.024885482501866892};-276.524567593312;51.095782826266415
5243;-92.1158408958468;(((_a5_ + pow3(((_a4_ * -(x)) * _a6_))) + pow2((_a0_ + x))) * _a4_);{'d0': {'_a0_': 0.4200253280759667, '_a4_': 2.112555666676781, '_a5_': -0.17690608417976397, '_a6_': -0.5537781677672517, '_a1_': 1.0, '_a2_': 1.0, '_a3_': 1.0, '_a7_': 1.0}};{'d0': 0.02488548250186683};-276.524567593313;46.14644290080942
5244;-92.1158408958468;(((_a5_ + pow3(((_a4_ * -(x)) * _a6_))) + pow2((_a0_ + x))) * _a4_);{'d0': {'_a0_': 0.4200253280759667, '_a4_': 2.112555666676781, '_a5_': -0.17690608417976397, '_a6_': -0.5537781677672517, '_a1_': 1.0, '_a2_': 1.0, '_a3_': 1.0, '_a7_': 1.0}};{'d0': 0.02488548250186683};-276.524567593313;46.14644290080942
5245;-92.1158408958468;(((_a5_ + pow3(((_a4_ * -(x)) * _a6_))) + pow2((_a0_ + x))) * _a4_);{'d0': {'_a0_': 0.4200253280759667, '_a4_': 2.112555666676781, '_a5_': -0.17690608417976397, '_a6_': -0.5537781677672517, '_a1_': 1.0, '_a2_': 1.0, '_a3_': 1.0, '_a7_': 1.0}};{'d0': 0.02488548250186683};-276.524567593313;46.14644290080942
5246;-92.1158408958468;(((_a5_ + pow3(((_a4_ * -(x)) * _a6_))) + pow2((_a0_ + x))) * _a4_);{'d0': {'_a0_': 0.4200253280759667, '_a4_': 2.112555666676781, '_a5_': -0.17690608417976397, '_a6_': -0.5537781677672517, '_a1_': 1.0, '_a2_': 1.0, '_a3_': 1.0, '_a7_': 1.0}};{'d0': 0.02488548250186683};-276.524567593313;46.14644290080942
5247;-92.1158408958468;(((_a5_ + pow3(((_a4_ * -(x)) * _a6_))) + pow2((_a0_ + x))) * _a4_);{'d0': {'_a0_': 0.4200253280759667, '_a4_': 2.112555666676781, '_a5_': -0.17690608417976397, '_a6_': -0.5537781677672517, '_a1_': 1.0, '_a2_': 1.0, '_a3_': 1.0, '_a7_': 1.0}};{'d0': 0.02488548250186683};-276.524567593313;46.14644290080942
5248;-92.1158408958468;(((_a5_ + pow3(((_a4_ * -(x)) * _a6_))) + pow2((_a0_ + x))) * _a4_);{'d0': {'_a0_': 0.4200253280759667, '_a4_': 2.112555666676781, '_a5_': -0.17690608417976397, '_a6_': -0.5537781677672517, '_a1_': 1.0, '_a2_': 1.0, '_a3_': 1.0, '_a7_': 1.0}};{'d0': 0.02488548250186683};-276.524567593313;46.14644290080942
5249;-92.1158408958468;(((_a5_ + pow3(((_a4_ * -(x)) * _a6_))) + pow2((_a0_ + x))) * _a4_);{'d0': {'_a0_': 0.4200253280759667, '_a4_': 2.112555666676781, '_a5_': -0.17690608417976397, '_a6_': -0.5537781677672517, '_a1_': 1.0, '_a2_': 1.0, '_a3_': 1.0, '_a7_': 1.0}};{'d0': 0.02488548250186683};-276.524567593313;46.14644290080942
5250;-92.1158408958468;(((_a5_ + pow3(((_a4_ * -(x)) * _a6_))) + pow2((_a0_ + x))) * _a4_);{'d0': {'_a0_': 0.4200253280759667, '_a4_': 2.112555666676781, '_a5_': -0.17690608417976397, '_a6_': -0.5537781677672517, '_a1_': 1.0, '_a2_': 1.0, '_a3_': 1.0, '_a7_': 1.0}};{'d0': 0.02488548250186683};-276.524567593313;46.14644290080942
5251;-92.1158408958468;(((_a5_ + pow3(((_a4_ * -(x)) * _a6_))) + pow2((_a0_ + x))) * _a4_);{'d0': {'_a0_': 0.4200253280759667, '_a4_': 2.112555666676781, '_a5_': -0.17690608417976397, '_a6_': -0.5537781677672517, '_a1_': 1.0, '_a2_': 1.0, '_a3_': 1.0, '_a7_': 1.0}};{'d0': 0.02488548250186683};-276.524567593313;46.14644290080942
5252;-92.1158408958468;(((_a5_ + pow3(((_a4_ * -(x)) * _a6_))) + pow2((_a0_ + x))) * _a4_);{'d0': {'_a0_': 0.4200253280759667, '_a4_': 2.112555666676781, '_a5_': -0.17690608417976397, '_a6_': -0.5537781677672517, '_a1_': 1.0, '_a2_': 1.0, '_a3_': 1.0, '_a7_': 1.0}};{'d0': 0.02488548250186683};-276.524567593313;46.14644290080942
5253;-92.1158408958468;(((_a5_ + pow3(((_a4_ * -(x)) * _a6_))) + pow2((_a0_ + x))) * _a4_);{'d0': {'_a0_': 0.4200253280759667, '_a4_': 2.112555666676781, '_a5_': -0.17690608417976397, '_a6_': -0.5537781677672517, '_a1_': 1.0, '_a2_': 1.0, '_a3_': 1.0, '_a7_': 1.0}};{'d0': 0.02488548250186683};-276.524567593313;46.14644290080942
5254;-92.1158408958468;(((_a5_ + pow3(((_a4_ * -(x)) * _a6_))) + pow2((_a0_ + x))) * _a4_);{'d0': {'_a0_': 0.4200253280759667, '_a4_': 2.112555666676781, '_a5_': -0.17690608417976397, '_a6_': -0.5537781677672517, '_a1_': 1.0, '_a2_': 1.0, '_a3_': 1.0, '_a7_': 1.0}};{'d0': 0.02488548250186683};-276.524567593313;46.14644290080942
5255;-92.1158408958468;(((_a5_ + pow3(((_a4_ * -(x)) * _a6_))) + pow2((_a0_ + x))) * _a4_);{'d0': {'_a0_': 0.4200253280759667, '_a4_': 2.112555666676781, '_a5_': -0.17690608417976397, '_a6_': -0.5537781677672517, '_a1_': 1.0, '_a2_': 1.0, '_a3_': 1.0, '_a7_': 1.0}};{'d0': 0.02488548250186683};-276.524567593313;46.14644290080942
5256;-92.1158408958468;(((_a5_ + pow3(((_a4_ * -(x)) * _a6_))) + pow2((_a0_ + x))) * _a4_);{'d0': {'_a0_': 0.4200253280759667, '_a4_': 2.112555666676781, '_a5_': -0.17690608417976397, '_a6_': -0.5537781677672517, '_a1_': 1.0, '_a2_': 1.0, '_a3_': 1.0, '_a7_': 1.0}};{'d0': 0.02488548250186683};-276.524567593313;46.14644290080942
5257;-92.1158408958468;(((_a5_ + pow3(((_a4_ * -(x)) * _a6_))) + pow2((_a0_ + x))) * _a4_);{'d0': {'_a0_': 0.4200253280759667, '_a4_': 2.112555666676781, '_a5_': -0.17690608417976397, '_a6_': -0.5537781677672517, '_a1_': 1.0, '_a2_': 1.0, '_a3_': 1.0, '_a7_': 1.0}};{'d0': 0.02488548250186683};-276.524567593313;46.14644290080942
5258;-92.1158408958468;(((_a5_ + pow3(((_a4_ * -(x)) * _a6_))) + pow2((_a0_ + x))) * _a4_);{'d0': {'_a0_': 0.4200253280759667, '_a4_': 2.112555666676781, '_a5_': -0.17690608417976397, '_a6_': -0.5537781677672517, '_a1_': 1.0, '_a2_': 1.0, '_a3_': 1.0, '_a7_': 1.0}};{'d0': 0.02488548250186683};-276.524567593313;46.14644290080942
5259;-92.1158408958468;(((_a5_ + pow3(((_a4_ * -(x)) * _a6_))) + pow2((_a0_ + x))) * _a4_);{'d0': {'_a0_': 0.4200253280759667, '_a4_': 2.112555666676781, '_a5_': -0.17690608417976397, '_a6_': -0.5537781677672517, '_a1_': 1.0, '_a2_': 1.0, '_a3_': 1.0, '_a7_': 1.0}};{'d0': 0.02488548250186683};-276.524567593313;46.14644290080942
5260;-92.1158408958468;(((_a5_ + pow3(((_a4_ * -(x)) * _a6_))) + pow2((_a0_ + x))) * _a4_);{'d0': {'_a0_': 0.4200253280759667, '_a4_': 2.112555666676781, '_a5_': -0.17690608417976397, '_a6_': -0.5537781677672517, '_a1_': 1.0, '_a2_': 1.0, '_a3_': 1.0, '_a7_': 1.0}};{'d0': 0.02488548250186683};-276.524567593313;46.14644290080942
5261;-85.2719307195493;((-(pow2((_a3_ * (_a1_ * x)))) + (_a1_ + _a7_)) + (pow3((x + _a5_)) / _a3_));{'d0': {'_a1_': 4.937867574596515, '_a3_': 0.2956377333279587, '_a5_': 0.4181923875813613, '_a7_': -5.186273990952941, '_a0_': 1.0, '_a2_': 1.0, '_a4_': 1.0, '_a6_': 1.0}};{'d0': 0.024885482501866885};-276.524567593312;52.990353077106775
5262;-85.2719307195493;((-(pow2((_a3_ * (_a1_ * x)))) + (_a1_ + _a7_)) + (pow3((x + _a5_)) / _a3_));{'d0': {'_a1_': 4.937867574596515, '_a3_': 0.2956377333279587, '_a5_': 0.4181923875813613, '_a7_': -5.186273990952941, '_a0_': 1.0, '_a2_': 1.0, '_a4_': 1.0, '_a6_': 1.0}};{'d0': 0.024885482501866885};-276.524567593312;52.990353077106775
5263;-85.2719307195493;((-(pow2((_a3_ * (_a1_ * x)))) + (_a1_ + _a7_)) + (pow3((x + _a5_)) / _a3_));{'d0': {'_a1_': 4.937867574596515, '_a3_': 0.2956377333279587, '_a5_': 0.4181923875813613, '_a7_': -5.186273990952941, '_a0_': 1.0, '_a2_': 1.0, '_a4_': 1.0, '_a6_': 1.0}};{'d0': 0.024885482501866885};-276.524567593312;52.990353077106775
5264;-85.2719307195493;((-(pow2((_a3_ * (_a1_ * x)))) + (_a1_ + _a7_)) + (pow3((x + _a5_)) / _a3_));{'d0': {'_a1_': 4.937867574596515, '_a3_': 0.2956377333279587, '_a5_': 0.4181923875813613, '_a7_': -5.186273990952941, '_a0_': 1.0, '_a2_': 1.0, '_a4_': 1.0, '_a6_': 1.0}};{'d0': 0.024885482501866885};-276.524567593312;52.990353077106775
5265;-85.2719307195493;((-(pow2((_a3_ * (_a1_ * x)))) + (_a1_ + _a7_)) + (pow3((x + _a5_)) / _a3_));{'d0': {'_a1_': 4.937867574596515, '_a3_': 0.2956377333279587, '_a5_': 0.4181923875813613, '_a7_': -5.186273990952941, '_a0_': 1.0, '_a2_': 1.0, '_a4_': 1.0, '_a6_': 1.0}};{'d0': 0.024885482501866885};-276.524567593312;52.990353077106775
5266;-85.2719307195493;((-(pow2((_a3_ * (_a1_ * x)))) + (_a1_ + _a7_)) + (pow3((x + _a5_)) / _a3_));{'d0': {'_a1_': 4.937867574596515, '_a3_': 0.2956377333279587, '_a5_': 0.4181923875813613, '_a7_': -5.186273990952941, '_a0_': 1.0, '_a2_': 1.0, '_a4_': 1.0, '_a6_': 1.0}};{'d0': 0.024885482501866885};-276.524567593312;52.990353077106775
5267;-85.2719307195493;((-(pow2((_a3_ * (_a1_ * x)))) + (_a1_ + _a7_)) + (pow3((x + _a5_)) / _a3_));{'d0': {'_a1_': 4.937867574596515, '_a3_': 0.2956377333279587, '_a5_': 0.4181923875813613, '_a7_': -5.186273990952941, '_a0_': 1.0, '_a2_': 1.0, '_a4_': 1.0, '_a6_': 1.0}};{'d0': 0.024885482501866885};-276.524567593312;52.990353077106775
5268;-85.2719307195493;((-(pow2((_a3_ * (_a1_ * x)))) + (_a1_ + _a7_)) + (pow3((x + _a5_)) / _a3_));{'d0': {'_a1_': 4.937867574596515, '_a3_': 0.2956377333279587, '_a5_': 0.4181923875813613, '_a7_': -5.186273990952941, '_a0_': 1.0, '_a2_': 1.0, '_a4_': 1.0, '_a6_': 1.0}};{'d0': 0.024885482501866885};-276.524567593312;52.990353077106775
5269;-85.2719307195493;((-(pow2((_a3_ * (_a1_ * x)))) + (_a1_ + _a7_)) + (pow3((x + _a5_)) / _a3_));{'d0': {'_a1_': 4.937867574596515, '_a3_': 0.2956377333279587, '_a5_': 0.4181923875813613, '_a7_': -5.186273990952941, '_a0_': 1.0, '_a2_': 1.0, '_a4_': 1.0, '_a6_': 1.0}};{'d0': 0.024885482501866885};-276.524567593312;52.990353077106775
5270;-85.2719307195493;((-(pow2((_a3_ * (_a1_ * x)))) + (_a1_ + _a7_)) + (pow3((x + _a5_)) / _a3_));{'d0': {'_a1_': 4.937867574596515, '_a3_': 0.2956377333279587, '_a5_': 0.4181923875813613, '_a7_': -5.186273990952941, '_a0_': 1.0, '_a2_': 1.0, '_a4_': 1.0, '_a6_': 1.0}};{'d0': 0.024885482501866885};-276.524567593312;52.990353077106775
5271;-85.2719307195493;((-(pow2((_a3_ * (_a1_ * x)))) + (_a1_ + _a7_)) + (pow3((x + _a5_)) / _a3_));{'d0': {'_a1_': 4.937867574596515, '_a3_': 0.2956377333279587, '_a5_': 0.4181923875813613, '_a7_': -5.186273990952941, '_a0_': 1.0, '_a2_': 1.0, '_a4_': 1.0, '_a6_': 1.0}};{'d0': 0.024885482501866885};-276.524567593312;52.990353077106775
5272;-98.7865220698200;((((_a4_ * _a6_) * pow2(x)) + (_a7_ + (x / pow2(_a3_)))) * x);{'d0': {'_a3_': -0.6889797843324418, '_a4_': 2.154091817915274, '_a6_': 1.5676026422092895, '_a7_': 1.7751354046792616, '_a0_': 1.0, '_a1_': 1.0, '_a2_': 1.0, '_a5_': 1.0}};{'d0': 0.024905832923957236};-276.475521875883;39.45123886812142
5273;-98.7865220698200;((((_a4_ * _a6_) * pow2(x)) + (_a7_ + (x / pow2(_a3_)))) * x);{'d0': {'_a3_': -0.6889797843324418, '_a4_': 2.154091817915274, '_a6_': 1.5676026422092895, '_a7_': 1.7751354046792616, '_a0_': 1.0, '_a1_': 1.0, '_a2_': 1.0, '_a5_': 1.0}};{'d0': 0.024905832923957236};-276.475521875883;39.45123886812142
5274;-98.7865220698200;((((_a4_ * _a6_) * pow2(x)) + (_a7_ + (x / pow2(_a3_)))) * x);{'d0': {'_a3_': -0.6889797843324418, '_a4_': 2.154091817915274, '_a6_': 1.5676026422092895, '_a7_': 1.7751354046792616, '_a0_': 1.0, '_a1_': 1.0, '_a2_': 1.0, '_a5_': 1.0}};{'d0': 0.024905832923957236};-276.475521875883;39.45123886812142
5275;-98.7865220698200;((((_a4_ * _a6_) * pow2(x)) + (_a7_ + (x / pow2(_a3_)))) * x);{'d0': {'_a3_': -0.6889797843324418, '_a4_': 2.154091817915274, '_a6_': 1.5676026422092895, '_a7_': 1.7751354046792616, '_a0_': 1.0, '_a1_': 1.0, '_a2_': 1.0, '_a5_': 1.0}};{'d0': 0.024905832923957236};-276.475521875883;39.45123886812142
5276;-98.7865220698200;((((_a4_ * _a6_) * pow2(x)) + (_a7_ + (x / pow2(_a3_)))) * x);{'d0': {'_a3_': -0.6889797843324418, '_a4_': 2.154091817915274, '_a6_': 1.5676026422092895, '_a7_': 1.7751354046792616, '_a0_': 1.0, '_a1_': 1.0, '_a2_': 1.0, '_a5_': 1.0}};{'d0': 0.024905832923957236};-276.475521875883;39.45123886812142
5277;-100.344608860875;(((exp(_a6_) * pow2(x)) + (_a7_ + (x / pow2(_a3_)))) * x);{'d0': {'_a3_': -0.6889797840658596, '_a6_': 1.2169169302873672, '_a7_': 1.7751354041548313, '_a0_': 1.0, '_a1_': 1.0, '_a2_': 1.0, '_a4_': 1.0, '_a5_': 1.0}};{'d0': 0.024905832919416646};-280.569866449044;39.94032436364642
5278;-100.344608860875;(((exp(_a6_) * pow2(x)) + (_a7_ + (x / pow2(_a3_)))) * x);{'d0': {'_a3_': -0.6889797840658596, '_a6_': 1.2169169302873672, '_a7_': 1.7751354041548313, '_a0_': 1.0, '_a1_': 1.0, '_a2_': 1.0, '_a4_': 1.0, '_a5_': 1.0}};{'d0': 0.024905832919416646};-280.569866449044;39.94032436364642
5279;-85.2719307195493;((-(pow2((_a3_ * (_a1_ * x)))) + (_a1_ + _a7_)) + (pow3((x + _a5_)) / _a3_));{'d0': {'_a1_': 4.937867574596515, '_a3_': 0.2956377333279587, '_a5_': 0.4181923875813613, '_a7_': -5.186273990952941, '_a0_': 1.0, '_a2_': 1.0, '_a4_': 1.0, '_a6_': 1.0}};{'d0': 0.024885482501866885};-276.524567593312;52.990353077106775
5280;-85.2719307195493;((-(pow2((_a3_ * (_a1_ * x)))) + (_a1_ + _a7_)) + (pow3((x + _a5_)) / _a3_));{'d0': {'_a1_': 4.937867574596515, '_a3_': 0.2956377333279587, '_a5_': 0.4181923875813613, '_a7_': -5.186273990952941, '_a0_': 1.0, '_a2_': 1.0, '_a4_': 1.0, '_a6_': 1.0}};{'d0': 0.024885482501866885};-276.524567593312;52.990353077106775
5281;-85.2719307195493;((-(pow2((_a3_ * (_a1_ * x)))) + (_a1_ + _a7_)) + (pow3((x + _a5_)) / _a3_));{'d0': {'_a1_': 4.937867574596515, '_a3_': 0.2956377333279587, '_a5_': 0.4181923875813613, '_a7_': -5.186273990952941, '_a0_': 1.0, '_a2_': 1.0, '_a4_': 1.0, '_a6_': 1.0}};{'d0': 0.024885482501866885};-276.524567593312;52.990353077106775
5282;-85.2719307195493;((-(pow2((_a3_ * (_a1_ * x)))) + (_a1_ + _a7_)) + (pow3((x + _a5_)) / _a3_));{'d0': {'_a1_': 4.937867574596515, '_a3_': 0.2956377333279587, '_a5_': 0.4181923875813613, '_a7_': -5.186273990952941, '_a0_': 1.0, '_a2_': 1.0, '_a4_': 1.0, '_a6_': 1.0}};{'d0': 0.024885482501866885};-276.524567593312;52.990353077106775
5283;-85.2719307195493;((-(pow2((_a3_ * (_a1_ * x)))) + (_a1_ + _a7_)) + (pow3((x + _a5_)) / _a3_));{'d0': {'_a1_': 4.937867574596515, '_a3_': 0.2956377333279587, '_a5_': 0.4181923875813613, '_a7_': -5.186273990952941, '_a0_': 1.0, '_a2_': 1.0, '_a4_': 1.0, '_a6_': 1.0}};{'d0': 0.024885482501866885};-276.524567593312;52.990353077106775
5284;-85.2719307195493;((-(pow2((_a3_ * (_a1_ * x)))) + (_a1_ + _a7_)) + (pow3((x + _a5_)) / _a3_));{'d0': {'_a1_': 4.937867574596515, '_a3_': 0.2956377333279587, '_a5_': 0.4181923875813613, '_a7_': -5.186273990952941, '_a0_': 1.0, '_a2_': 1.0, '_a4_': 1.0, '_a6_': 1.0}};{'d0': 0.024885482501866885};-276.524567593312;52.990353077106775
5285;-85.2719307195493;((-(pow2((_a3_ * (_a1_ * x)))) + (_a1_ + _a7_)) + (pow3((x + _a5_)) / _a3_));{'d0': {'_a1_': 4.937867574596515, '_a3_': 0.2956377333279587, '_a5_': 0.4181923875813613, '_a7_': -5.186273990952941, '_a0_': 1.0, '_a2_': 1.0, '_a4_': 1.0, '_a6_': 1.0}};{'d0': 0.024885482501866885};-276.524567593312;52.990353077106775
5286;-85.2719307195493;((-(pow2((_a3_ * (_a1_ * x)))) + (_a1_ + _a7_)) + (pow3((x + _a5_)) / _a3_));{'d0': {'_a1_': 4.937867574596515, '_a3_': 0.2956377333279587, '_a5_': 0.4181923875813613, '_a7_': -5.186273990952941, '_a0_': 1.0, '_a2_': 1.0, '_a4_': 1.0, '_a6_': 1.0}};{'d0': 0.024885482501866885};-276.524567593312;52.990353077106775
5287;-85.2719307195493;((-(pow2((_a3_ * (_a1_ * x)))) + (_a1_ + _a7_)) + (pow3((x + _a5_)) / _a3_));{'d0': {'_a1_': 4.937867574596515, '_a3_': 0.2956377333279587, '_a5_': 0.4181923875813613, '_a7_': -5.186273990952941, '_a0_': 1.0, '_a2_': 1.0, '_a4_': 1.0, '_a6_': 1.0}};{'d0': 0.024885482501866885};-276.524567593312;52.990353077106775
5288;-85.2719307195493;((-(pow2((_a3_ * (_a1_ * x)))) + (_a1_ + _a7_)) + (pow3((x + _a5_)) / _a3_));{'d0': {'_a1_': 4.937867574596515, '_a3_': 0.2956377333279587, '_a5_': 0.4181923875813613, '_a7_': -5.186273990952941, '_a0_': 1.0, '_a2_': 1.0, '_a4_': 1.0, '_a6_': 1.0}};{'d0': 0.024885482501866885};-276.524567593312;52.990353077106775
5289;-85.2719307195493;((-(pow2((_a3_ * (_a1_ * x)))) + (_a1_ + _a7_)) + (pow3((x + _a5_)) / _a3_));{'d0': {'_a1_': 4.937867574596515, '_a3_': 0.2956377333279587, '_a5_': 0.4181923875813613, '_a7_': -5.186273990952941, '_a0_': 1.0, '_a2_': 1.0, '_a4_': 1.0, '_a6_': 1.0}};{'d0': 0.024885482501866885};-276.524567593312;52.990353077106775
5290;-85.2719307195493;((-(pow2((_a3_ * (_a1_ * x)))) + (_a1_ + _a7_)) + (pow3((x + _a5_)) / _a3_));{'d0': {'_a1_': 4.937867574596515, '_a3_': 0.2956377333279587, '_a5_': 0.4181923875813613, '_a7_': -5.186273990952941, '_a0_': 1.0, '_a2_': 1.0, '_a4_': 1.0, '_a6_': 1.0}};{'d0': 0.024885482501866885};-276.524567593312;52.990353077106775
5291;-85.2719307195493;((-(pow2((_a3_ * (_a1_ * x)))) + (_a1_ + _a7_)) + (pow3((x + _a5_)) / _a3_));{'d0': {'_a1_': 4.937867574596515, '_a3_': 0.2956377333279587, '_a5_': 0.4181923875813613, '_a7_': -5.186273990952941, '_a0_': 1.0, '_a2_': 1.0, '_a4_': 1.0, '_a6_': 1.0}};{'d0': 0.024885482501866885};-276.524567593312;52.990353077106775
5292;-85.2719307195493;((-(pow2((_a3_ * (_a1_ * x)))) + (_a1_ + _a7_)) + (pow3((x + _a5_)) / _a3_));{'d0': {'_a1_': 4.937867574596515, '_a3_': 0.2956377333279587, '_a5_': 0.4181923875813613, '_a7_': -5.186273990952941, '_a0_': 1.0, '_a2_': 1.0, '_a4_': 1.0, '_a6_': 1.0}};{'d0': 0.024885482501866885};-276.524567593312;52.990353077106775
5293;-85.2719307195493;((-(pow2((_a3_ * (_a1_ * x)))) + (_a1_ + _a7_)) + (pow3((x + _a5_)) / _a3_));{'d0': {'_a1_': 4.937867574596515, '_a3_': 0.2956377333279587, '_a5_': 0.4181923875813613, '_a7_': -5.186273990952941, '_a0_': 1.0, '_a2_': 1.0, '_a4_': 1.0, '_a6_': 1.0}};{'d0': 0.024885482501866885};-276.524567593312;52.990353077106775
5294;-85.2719307195493;((-(pow2((_a3_ * (_a1_ * x)))) + (_a1_ + _a7_)) + (pow3((x + _a5_)) / _a3_));{'d0': {'_a1_': 4.937867574596515, '_a3_': 0.2956377333279587, '_a5_': 0.4181923875813613, '_a7_': -5.186273990952941, '_a0_': 1.0, '_a2_': 1.0, '_a4_': 1.0, '_a6_': 1.0}};{'d0': 0.024885482501866885};-276.524567593312;52.990353077106775
5295;-85.2719307195493;((-(pow2((_a3_ * (_a1_ * x)))) + (_a1_ + _a7_)) + (pow3((x + _a5_)) / _a3_));{'d0': {'_a1_': 4.937867574596515, '_a3_': 0.2956377333279587, '_a5_': 0.4181923875813613, '_a7_': -5.186273990952941, '_a0_': 1.0, '_a2_': 1.0, '_a4_': 1.0, '_a6_': 1.0}};{'d0': 0.024885482501866885};-276.524567593312;52.990353077106775
5296;-85.2719307195493;((-(pow2((_a3_ * (_a1_ * x)))) + (_a1_ + _a7_)) + (pow3((x + _a5_)) / _a3_));{'d0': {'_a1_': 4.937867574596515, '_a3_': 0.2956377333279587, '_a5_': 0.4181923875813613, '_a7_': -5.186273990952941, '_a0_': 1.0, '_a2_': 1.0, '_a4_': 1.0, '_a6_': 1.0}};{'d0': 0.024885482501866885};-276.524567593312;52.990353077106775
5297;-85.2719307195493;((-(pow2((_a3_ * (_a1_ * x)))) + (_a1_ + _a7_)) + (pow3((x + _a5_)) / _a3_));{'d0': {'_a1_': 4.937867574596515, '_a3_': 0.2956377333279587, '_a5_': 0.4181923875813613, '_a7_': -5.186273990952941, '_a0_': 1.0, '_a2_': 1.0, '_a4_': 1.0, '_a6_': 1.0}};{'d0': 0.024885482501866885};-276.524567593312;52.990353077106775
5298;-85.2719307195493;((-(pow2((_a3_ * (_a1_ * x)))) + (_a1_ + _a7_)) + (pow3((x + _a5_)) / _a3_));{'d0': {'_a1_': 4.937867574596515, '_a3_': 0.2956377333279587, '_a5_': 0.4181923875813613, '_a7_': -5.186273990952941, '_a0_': 1.0, '_a2_': 1.0, '_a4_': 1.0, '_a6_': 1.0}};{'d0': 0.024885482501866885};-276.524567593312;52.990353077106775
5299;-85.2719307195493;((-(pow2((_a3_ * (_a1_ * x)))) + (_a1_ + _a7_)) + (pow3((x + _a5_)) / _a3_));{'d0': {'_a1_': 4.937867574596515, '_a3_': 0.2956377333279587, '_a5_': 0.4181923875813613, '_a7_': -5.186273990952941, '_a0_': 1.0, '_a2_': 1.0, '_a4_': 1.0, '_a6_': 1.0}};{'d0': 0.024885482501866885};-276.524567593312;52.990353077106775
5300;-79.3513296705194;((-(pow2((_a3_ * (_a1_ * x)))) + (_a1_ + (_a1_ + _a7_))) + (pow3((x + _a5_)) / _a3_));{'d0': {'_a1_': 4.937867570040161, '_a3_': 0.29563773367032925, '_a5_': 0.418192387884832, '_a7_': -10.124141556473758, '_a0_': 1.0, '_a2_': 1.0, '_a4_': 1.0, '_a6_': 1.0}};{'d0': 0.024885482501866826};-276.524567593313;58.91095412613677
5301;-79.3513296705194;((-(pow2((_a3_ * (_a1_ * x)))) + (_a1_ + (_a1_ + _a7_))) + (pow3((x + _a5_)) / _a3_));{'d0': {'_a1_': 4.937867570040161, '_a3_': 0.29563773367032925, '_a5_': 0.418192387884832, '_a7_': -10.124141556473758, '_a0_': 1.0, '_a2_': 1.0, '_a4_': 1.0, '_a6_': 1.0}};{'d0': 0.024885482501866826};-276.524567593313;58.91095412613677
5302;-109.408611468145;(((_a4_ * pow2(x)) + (_a7_ + (x / _a5_))) * x);{'d0': {'_a4_': 3.3767608794882773, '_a5_': 0.47469314279652436, '_a7_': 1.7751354041253757, '_a0_': 1.0, '_a1_': 1.0, '_a2_': 1.0, '_a3_': 1.0, '_a6_': 1.0}};{'d0': 0.024905832919416584};-280.569866449044;30.876321756376417
5303;-109.408611468145;(((_a4_ * pow2(x)) + (_a7_ + (x / _a5_))) * x);{'d0': {'_a4_': 3.3767608794882773, '_a5_': 0.47469314279652436, '_a7_': 1.7751354041253757, '_a0_': 1.0, '_a1_': 1.0, '_a2_': 1.0, '_a3_': 1.0, '_a6_': 1.0}};{'d0': 0.024905832919416584};-280.569866449044;30.876321756376417
5304;-85.2719307195494;((-(pow2((_a3_ * (_a1_ * x)))) + (_a1_ + _a0_)) + (pow3((x + _a5_)) / _a3_));{'d0': {'_a0_': -5.186274001755893, '_a1_': 4.937867585322433, '_a3_': 0.2956377324363719, '_a5_': 0.4181923867481421, '_a2_': 1.0, '_a4_': 1.0, '_a6_': 1.0, '_a7_': 1.0}};{'d0': 0.024885482501866826};-276.524567593313;52.990353077106775
5305;-85.2719307195494;((-(pow2((_a3_ * (_a1_ * x)))) + (_a1_ + _a0_)) + (pow3((x + _a5_)) / _a3_));{'d0': {'_a0_': -5.186274001755893, '_a1_': 4.937867585322433, '_a3_': 0.2956377324363719, '_a5_': 0.4181923867481421, '_a2_': 1.0, '_a4_': 1.0, '_a6_': 1.0, '_a7_': 1.0}};{'d0': 0.024885482501866826};-276.524567593313;52.990353077106775
5306;-85.2719307195494;((-(pow2((_a3_ * (_a1_ * x)))) + (_a1_ + _a0_)) + (pow3((x + _a5_)) / _a3_));{'d0': {'_a0_': -5.186274001755893, '_a1_': 4.937867585322433, '_a3_': 0.2956377324363719, '_a5_': 0.4181923867481421, '_a2_': 1.0, '_a4_': 1.0, '_a6_': 1.0, '_a7_': 1.0}};{'d0': 0.024885482501866826};-276.524567593313;52.990353077106775
5307;-85.2719307195494;((-(pow2((_a3_ * (_a1_ * x)))) + (_a1_ + _a0_)) + (pow3((x + _a5_)) / _a3_));{'d0': {'_a0_': -5.186274001755893, '_a1_': 4.937867585322433, '_a3_': 0.2956377324363719, '_a5_': 0.4181923867481421, '_a2_': 1.0, '_a4_': 1.0, '_a6_': 1.0, '_a7_': 1.0}};{'d0': 0.024885482501866826};-276.524567593313;52.990353077106775
5308;-85.2719307195494;((-(pow2((_a3_ * (_a1_ * x)))) + (_a1_ + _a0_)) + (pow3((x + _a5_)) / _a3_));{'d0': {'_a0_': -5.186274001755893, '_a1_': 4.937867585322433, '_a3_': 0.2956377324363719, '_a5_': 0.4181923867481421, '_a2_': 1.0, '_a4_': 1.0, '_a6_': 1.0, '_a7_': 1.0}};{'d0': 0.024885482501866826};-276.524567593313;52.990353077106775
5309;-85.2719307195494;((-(pow2((_a3_ * (_a1_ * x)))) + (_a1_ + _a0_)) + (pow3((x + _a5_)) / _a3_));{'d0': {'_a0_': -5.186274001755893, '_a1_': 4.937867585322433, '_a3_': 0.2956377324363719, '_a5_': 0.4181923867481421, '_a2_': 1.0, '_a4_': 1.0, '_a6_': 1.0, '_a7_': 1.0}};{'d0': 0.024885482501866826};-276.524567593313;52.990353077106775
5310;-109.408611468145;(((_a4_ * pow2(x)) + (_a7_ + (x / _a5_))) * x);{'d0': {'_a4_': 3.3767608794882773, '_a5_': 0.47469314279652436, '_a7_': 1.7751354041253757, '_a0_': 1.0, '_a1_': 1.0, '_a2_': 1.0, '_a3_': 1.0, '_a6_': 1.0}};{'d0': 0.024905832919416584};-280.569866449044;30.876321756376417
5311;-109.408611468145;(((_a4_ * pow2(x)) + (_a7_ + (x / _a5_))) * x);{'d0': {'_a4_': 3.3767608794882773, '_a5_': 0.47469314279652436, '_a7_': 1.7751354041253757, '_a0_': 1.0, '_a1_': 1.0, '_a2_': 1.0, '_a3_': 1.0, '_a6_': 1.0}};{'d0': 0.024905832919416584};-280.569866449044;30.876321756376417
5312;-109.408611468145;(((_a4_ * pow2(x)) + (_a7_ + (x / _a5_))) * x);{'d0': {'_a4_': 3.3767608794882773, '_a5_': 0.47469314279652436, '_a7_': 1.7751354041253757, '_a0_': 1.0, '_a1_': 1.0, '_a2_': 1.0, '_a3_': 1.0, '_a6_': 1.0}};{'d0': 0.024905832919416584};-280.569866449044;30.876321756376417
5313;-109.408611468145;(((_a4_ * pow2(x)) + (_a7_ + (x / _a5_))) * x);{'d0': {'_a4_': 3.3767608794882773, '_a5_': 0.47469314279652436, '_a7_': 1.7751354041253757, '_a0_': 1.0, '_a1_': 1.0, '_a2_': 1.0, '_a3_': 1.0, '_a6_': 1.0}};{'d0': 0.024905832919416584};-280.569866449044;30.876321756376417
5314;-109.408611468145;(((_a4_ * pow2(x)) + (_a7_ + (x / _a5_))) * x);{'d0': {'_a4_': 3.3767608794882773, '_a5_': 0.47469314279652436, '_a7_': 1.7751354041253757, '_a0_': 1.0, '_a1_': 1.0, '_a2_': 1.0, '_a3_': 1.0, '_a6_': 1.0}};{'d0': 0.024905832919416584};-280.569866449044;30.876321756376417
5315;-109.408611468145;(((_a4_ * pow2(x)) + (_a7_ + (x / _a5_))) * x);{'d0': {'_a4_': 3.3767608794882773, '_a5_': 0.47469314279652436, '_a7_': 1.7751354041253757, '_a0_': 1.0, '_a1_': 1.0, '_a2_': 1.0, '_a3_': 1.0, '_a6_': 1.0}};{'d0': 0.024905832919416584};-280.569866449044;30.876321756376417
5316;-109.408611468145;(((_a4_ * pow2(x)) + (_a7_ + (x / _a5_))) * x);{'d0': {'_a4_': 3.3767608794882773, '_a5_': 0.47469314279652436, '_a7_': 1.7751354041253757, '_a0_': 1.0, '_a1_': 1.0, '_a2_': 1.0, '_a3_': 1.0, '_a6_': 1.0}};{'d0': 0.024905832919416584};-280.569866449044;30.876321756376417
5317;-103.571388659998;(((_a4_ * pow2(x)) + (_a7_ + (x / (_a7_ / _a6_)))) * x);{'d0': {'_a4_': 3.376760877264993, '_a6_': 3.739542964310405, '_a7_': 1.77513540409144, '_a0_': 1.0, '_a1_': 1.0, '_a2_': 1.0, '_a3_': 1.0, '_a5_': 1.0}};{'d0': 0.02490583291941659};-280.569866449044;36.713544564523616
5318;-103.571388659998;(((_a4_ * pow2(x)) + (_a7_ + (x / (_a7_ / _a6_)))) * x);{'d0': {'_a4_': 3.376760877264993, '_a6_': 3.739542964310405, '_a7_': 1.77513540409144, '_a0_': 1.0, '_a1_': 1.0, '_a2_': 1.0, '_a3_': 1.0, '_a5_': 1.0}};{'d0': 0.02490583291941659};-280.569866449044;36.713544564523616
5319;-103.571388659998;(((_a4_ * pow2(x)) + (_a7_ + (x / (_a7_ / _a6_)))) * x);{'d0': {'_a4_': 3.376760877264993, '_a6_': 3.739542964310405, '_a7_': 1.77513540409144, '_a0_': 1.0, '_a1_': 1.0, '_a2_': 1.0, '_a3_': 1.0, '_a5_': 1.0}};{'d0': 0.02490583291941659};-280.569866449044;36.713544564523616
5320;-103.571388659998;(((_a4_ * pow2(x)) + (_a7_ + (x / (_a7_ / _a6_)))) * x);{'d0': {'_a4_': 3.376760877264993, '_a6_': 3.739542964310405, '_a7_': 1.77513540409144, '_a0_': 1.0, '_a1_': 1.0, '_a2_': 1.0, '_a3_': 1.0, '_a5_': 1.0}};{'d0': 0.02490583291941659};-280.569866449044;36.713544564523616
5321;-99.8914414997378;(((_a4_ * pow2(x)) + (_a7_ + (-(x) / (_a7_ / _a6_)))) * x);{'d0': {'_a4_': 3.3767608787748356, '_a6_': -3.739542967833484, '_a7_': 1.7751354043938392, '_a0_': 1.0, '_a1_': 1.0, '_a2_': 1.0, '_a3_': 1.0, '_a5_': 1.0}};{'d0': 0.02490583291941661};-280.569866449044;40.393491724784006
5322;-99.8914414997378;(((_a4_ * pow2(x)) + (_a7_ + (-(x) / (_a7_ / _a6_)))) * x);{'d0': {'_a4_': 3.3767608787748356, '_a6_': -3.739542967833484, '_a7_': 1.7751354043938392, '_a0_': 1.0, '_a1_': 1.0, '_a2_': 1.0, '_a3_': 1.0, '_a5_': 1.0}};{'d0': 0.02490583291941661};-280.569866449044;40.393491724784006
5323;-99.8914414997378;(((_a4_ * pow2(x)) + (_a7_ + (-(x) / (_a7_ / _a6_)))) * x);{'d0': {'_a4_': 3.3767608787748356, '_a6_': -3.739542967833484, '_a7_': 1.7751354043938392, '_a0_': 1.0, '_a1_': 1.0, '_a2_': 1.0, '_a3_': 1.0, '_a5_': 1.0}};{'d0': 0.02490583291941661};-280.569866449044;40.393491724784006
5324;-99.8914414997378;(((_a4_ * pow2(x)) + (_a7_ + (-(x) / (_a7_ / _a6_)))) * x);{'d0': {'_a4_': 3.3767608787748356, '_a6_': -3.739542967833484, '_a7_': 1.7751354043938392, '_a0_': 1.0, '_a1_': 1.0, '_a2_': 1.0, '_a3_': 1.0, '_a5_': 1.0}};{'d0': 0.02490583291941661};-280.569866449044;40.393491724784006
5325;-99.8914414997378;(((_a4_ * pow2(x)) + (_a7_ + (-(x) / (_a7_ / _a6_)))) * x);{'d0': {'_a4_': 3.3767608787748356, '_a6_': -3.739542967833484, '_a7_': 1.7751354043938392, '_a0_': 1.0, '_a1_': 1.0, '_a2_': 1.0, '_a3_': 1.0, '_a5_': 1.0}};{'d0': 0.02490583291941661};-280.569866449044;40.393491724784006
5326;-85.2719307195494;((-(pow2((_a3_ * (_a1_ * x)))) + (_a1_ + _a0_)) + (pow3((x + _a5_)) / _a3_));{'d0': {'_a0_': -5.186274001755893, '_a1_': 4.937867585322433, '_a3_': 0.2956377324363719, '_a5_': 0.4181923867481421, '_a2_': 1.0, '_a4_': 1.0, '_a6_': 1.0, '_a7_': 1.0}};{'d0': 0.024885482501866826};-276.524567593313;52.990353077106775
5327;-85.2719307195494;((-(pow2((_a3_ * (_a1_ * x)))) + (_a1_ + _a0_)) + (pow3((x + _a5_)) / _a3_));{'d0': {'_a0_': -5.186274001755893, '_a1_': 4.937867585322433, '_a3_': 0.2956377324363719, '_a5_': 0.4181923867481421, '_a2_': 1.0, '_a4_': 1.0, '_a6_': 1.0, '_a7_': 1.0}};{'d0': 0.024885482501866826};-276.524567593313;52.990353077106775
5328;-85.2719307195494;((-(pow2((_a3_ * (_a1_ * x)))) + (_a1_ + _a0_)) + (pow3((x + _a5_)) / _a3_));{'d0': {'_a0_': -5.186274001755893, '_a1_': 4.937867585322433, '_a3_': 0.2956377324363719, '_a5_': 0.4181923867481421, '_a2_': 1.0, '_a4_': 1.0, '_a6_': 1.0, '_a7_': 1.0}};{'d0': 0.024885482501866826};-276.524567593313;52.990353077106775
5329;-86.1952398468167;((-(pow2((_a3_ * (_a1_ * x)))) + (_a1_ + _a0_)) + (pow3((x + _a5_)) * _a3_));{'d0': {'_a0_': -0.6799842856089876, '_a1_': 0.4315778693664259, '_a3_': 3.3825181526422186, '_a5_': 0.4181923876627289, '_a2_': 1.0, '_a4_': 1.0, '_a6_': 1.0, '_a7_': 1.0}};{'d0': 0.02488548250186691};-276.524567593312;52.06704394983937
5330;-86.1952398468167;((-(pow2((_a3_ * (_a1_ * x)))) + (_a1_ + _a0_)) + (pow3((x + _a5_)) * _a3_));{'d0': {'_a0_': -0.6799842856089876, '_a1_': 0.4315778693664259, '_a3_': 3.3825181526422186, '_a5_': 0.4181923876627289, '_a2_': 1.0, '_a4_': 1.0, '_a6_': 1.0, '_a7_': 1.0}};{'d0': 0.02488548250186691};-276.524567593312;52.06704394983937
5331;-86.1952398468167;((-(pow2((_a3_ * (_a1_ * x)))) + (_a1_ + _a0_)) + (pow3((x + _a5_)) * _a3_));{'d0': {'_a0_': -0.6799842856089876, '_a1_': 0.4315778693664259, '_a3_': 3.3825181526422186, '_a5_': 0.4181923876627289, '_a2_': 1.0, '_a4_': 1.0, '_a6_': 1.0, '_a7_': 1.0}};{'d0': 0.02488548250186691};-276.524567593312;52.06704394983937
5332;-86.1952398468167;((-(pow2((_a3_ * (_a1_ * x)))) + (_a1_ + _a0_)) + (pow3((x + _a5_)) * _a3_));{'d0': {'_a0_': -0.6799842856089876, '_a1_': 0.4315778693664259, '_a3_': 3.3825181526422186, '_a5_': 0.4181923876627289, '_a2_': 1.0, '_a4_': 1.0, '_a6_': 1.0, '_a7_': 1.0}};{'d0': 0.02488548250186691};-276.524567593312;52.06704394983937
5333;-104.058817930787;(((((x + _a7_) * x) * _a3_) + (_a7_ * (_a2_ * _a2_))) * x);{'d0': {'_a2_': 1.6868341158901827, '_a3_': 3.3767608769376003, '_a7_': 0.6238594155932514, '_a0_': 1.0, '_a1_': 1.0, '_a4_': 1.0, '_a5_': 1.0, '_a6_': 1.0}};{'d0': 0.02490583291941662};-280.569866449044;36.22611529373503
5334;-104.058817930787;(((((x + _a7_) * x) * _a3_) + (_a7_ * (_a2_ * _a2_))) * x);{'d0': {'_a2_': 1.6868341158901827, '_a3_': 3.3767608769376003, '_a7_': 0.6238594155932514, '_a0_': 1.0, '_a1_': 1.0, '_a4_': 1.0, '_a5_': 1.0, '_a6_': 1.0}};{'d0': 0.02490583291941662};-280.569866449044;36.22611529373503
5335;-104.058817930787;(((((x + _a7_) * x) * _a3_) + (_a7_ * (_a2_ * _a2_))) * x);{'d0': {'_a2_': 1.6868341158901827, '_a3_': 3.3767608769376003, '_a7_': 0.6238594155932514, '_a0_': 1.0, '_a1_': 1.0, '_a4_': 1.0, '_a5_': 1.0, '_a6_': 1.0}};{'d0': 0.02490583291941662};-280.569866449044;36.22611529373503
5336;-96.9175911515747;(((((x + _a7_) * x) * _a3_) + (_a7_ * (_a2_ * _a2_))) * (x * _a6_));{'d0': {'_a2_': 1.6868341158901827, '_a3_': 3.3767608769376003, '_a6_': 1.0, '_a7_': 0.6238594155932514, '_a0_': 1.0, '_a1_': 1.0, '_a4_': 1.0, '_a5_': 1.0}};{'d0': 0.02490583291941662};-276.475521886822;41.32016979183603
5337;-96.9175911515747;(((((x + _a7_) * x) * _a3_) + (_a7_ * (_a2_ * _a2_))) * (x * _a6_));{'d0': {'_a2_': 1.6868341158901827, '_a3_': 3.3767608769376003, '_a6_': 1.0, '_a7_': 0.6238594155932514, '_a0_': 1.0, '_a1_': 1.0, '_a4_': 1.0, '_a5_': 1.0}};{'d0': 0.02490583291941662};-276.475521886822;41.32016979183603
5338;-96.9175911515747;(((((x + _a7_) * x) * _a3_) + (_a7_ * (_a2_ * _a2_))) * (x * _a6_));{'d0': {'_a2_': 1.6868341158901827, '_a3_': 3.3767608769376003, '_a6_': 1.0, '_a7_': 0.6238594155932514, '_a0_': 1.0, '_a1_': 1.0, '_a4_': 1.0, '_a5_': 1.0}};{'d0': 0.02490583291941662};-276.475521886822;41.32016979183603
5339;-96.9175911515747;(((((x + _a7_) * x) * _a3_) + (_a7_ * (_a2_ * _a2_))) * (x * _a6_));{'d0': {'_a2_': 1.6868341158901827, '_a3_': 3.3767608769376003, '_a6_': 1.0, '_a7_': 0.6238594155932514, '_a0_': 1.0, '_a1_': 1.0, '_a4_': 1.0, '_a5_': 1.0}};{'d0': 0.02490583291941662};-276.475521886822;41.32016979183603
5340;-96.9175911515747;(((((x + _a7_) * x) * _a3_) + (_a7_ * (_a2_ * _a2_))) * (x * _a6_));{'d0': {'_a2_': 1.6868341158901827, '_a3_': 3.3767608769376003, '_a6_': 1.0, '_a7_': 0.6238594155932514, '_a0_': 1.0, '_a1_': 1.0, '_a4_': 1.0, '_a5_': 1.0}};{'d0': 0.02490583291941662};-276.475521886822;41.32016979183603
5341;-96.9175911515747;(((((x + _a7_) * x) * _a3_) + (_a7_ * (_a2_ * _a2_))) * (x * _a6_));{'d0': {'_a2_': 1.6868341158901827, '_a3_': 3.3767608769376003, '_a6_': 1.0, '_a7_': 0.6238594155932514, '_a0_': 1.0, '_a1_': 1.0, '_a4_': 1.0, '_a5_': 1.0}};{'d0': 0.02490583291941662};-276.475521886822;41.32016979183603
5342;-96.9175911515747;(((((x + _a7_) * x) * _a3_) + (_a7_ * (_a2_ * _a2_))) * (x * _a6_));{'d0': {'_a2_': 1.6868341158901827, '_a3_': 3.3767608769376003, '_a6_': 1.0, '_a7_': 0.6238594155932514, '_a0_': 1.0, '_a1_': 1.0, '_a4_': 1.0, '_a5_': 1.0}};{'d0': 0.02490583291941662};-276.475521886822;41.32016979183603
5343;-96.9175911515747;(((((x + _a7_) * x) * _a3_) + (_a7_ * (_a2_ * _a2_))) * (x * _a6_));{'d0': {'_a2_': 1.6868341158901827, '_a3_': 3.3767608769376003, '_a6_': 1.0, '_a7_': 0.6238594155932514, '_a0_': 1.0, '_a1_': 1.0, '_a4_': 1.0, '_a5_': 1.0}};{'d0': 0.02490583291941662};-276.475521886822;41.32016979183603
5344;-96.9175911515747;(((((x + _a7_) * x) * _a3_) + (_a7_ * (_a2_ * _a2_))) * (x * _a6_));{'d0': {'_a2_': 1.6868341158901827, '_a3_': 3.3767608769376003, '_a6_': 1.0, '_a7_': 0.6238594155932514, '_a0_': 1.0, '_a1_': 1.0, '_a4_': 1.0, '_a5_': 1.0}};{'d0': 0.02490583291941662};-276.475521886822;41.32016979183603
5345;-96.9175911515747;(((((x + _a7_) * x) * _a3_) + (_a7_ * (_a2_ * _a2_))) * (x * _a6_));{'d0': {'_a2_': 1.6868341158901827, '_a3_': 3.3767608769376003, '_a6_': 1.0, '_a7_': 0.6238594155932514, '_a0_': 1.0, '_a1_': 1.0, '_a4_': 1.0, '_a5_': 1.0}};{'d0': 0.02490583291941662};-276.475521886822;41.32016979183603
5346;-96.9175911515747;(((((x + _a7_) * x) * _a3_) + (_a7_ * (_a2_ * _a2_))) * (x * _a6_));{'d0': {'_a2_': 1.6868341158901827, '_a3_': 3.3767608769376003, '_a6_': 1.0, '_a7_': 0.6238594155932514, '_a0_': 1.0, '_a1_': 1.0, '_a4_': 1.0, '_a5_': 1.0}};{'d0': 0.02490583291941662};-276.475521886822;41.32016979183603
5347;-98.9647634326857;(((((x + _a7_) * x) * _a3_) + (_a7_ * (_a2_ * _a2_))) * (x * _a7_));{'d0': {'_a2_': 2.1356447328216985, '_a3_': 5.412695224534573, '_a7_': 0.6238594154801528, '_a0_': 1.0, '_a1_': 1.0, '_a4_': 1.0, '_a5_': 1.0, '_a6_': 1.0}};{'d0': 0.02490583291941666};-280.569866449044;41.32016979183603
5348;-98.9647634326857;(((((x + _a7_) * x) * _a3_) + (_a7_ * (_a2_ * _a2_))) * (x * _a7_));{'d0': {'_a2_': 2.1356447328216985, '_a3_': 5.412695224534573, '_a7_': 0.6238594154801528, '_a0_': 1.0, '_a1_': 1.0, '_a4_': 1.0, '_a5_': 1.0, '_a6_': 1.0}};{'d0': 0.02490583291941666};-280.569866449044;41.32016979183603
5349;-98.9647634326857;(((((x + _a7_) * x) * _a3_) + (_a7_ * (_a2_ * _a2_))) * (x * _a7_));{'d0': {'_a2_': 2.1356447328216985, '_a3_': 5.412695224534573, '_a7_': 0.6238594154801528, '_a0_': 1.0, '_a1_': 1.0, '_a4_': 1.0, '_a5_': 1.0, '_a6_': 1.0}};{'d0': 0.02490583291941666};-280.569866449044;41.32016979183603
5350;-98.9647634326857;(((((x + _a7_) * x) * _a3_) + (_a7_ * (_a2_ * _a2_))) * (x * _a7_));{'d0': {'_a2_': 2.1356447328216985, '_a3_': 5.412695224534573, '_a7_': 0.6238594154801528, '_a0_': 1.0, '_a1_': 1.0, '_a4_': 1.0, '_a5_': 1.0, '_a6_': 1.0}};{'d0': 0.02490583291941666};-280.569866449044;41.32016979183603
5351;-98.9647634326857;(((((x + _a7_) * x) * _a3_) + (_a7_ * (_a2_ * _a2_))) * (x * _a7_));{'d0': {'_a2_': 2.1356447328216985, '_a3_': 5.412695224534573, '_a7_': 0.6238594154801528, '_a0_': 1.0, '_a1_': 1.0, '_a4_': 1.0, '_a5_': 1.0, '_a6_': 1.0}};{'d0': 0.02490583291941666};-280.569866449044;41.32016979183603
5352;-98.9647634326857;(((((x + _a7_) * x) * _a3_) + (_a7_ * (_a2_ * _a2_))) * (x * _a7_));{'d0': {'_a2_': 2.1356447328216985, '_a3_': 5.412695224534573, '_a7_': 0.6238594154801528, '_a0_': 1.0, '_a1_': 1.0, '_a4_': 1.0, '_a5_': 1.0, '_a6_': 1.0}};{'d0': 0.02490583291941666};-280.569866449044;41.32016979183603
5353;-98.9647634326857;(((((x + _a7_) * x) * _a3_) + (_a7_ * (_a2_ * _a2_))) * (x * _a7_));{'d0': {'_a2_': 2.1356447328216985, '_a3_': 5.412695224534573, '_a7_': 0.6238594154801528, '_a0_': 1.0, '_a1_': 1.0, '_a4_': 1.0, '_a5_': 1.0, '_a6_': 1.0}};{'d0': 0.02490583291941666};-280.569866449044;41.32016979183603
5354;-98.9647634326857;(((((x + _a7_) * x) * _a3_) + (_a3_ * (_a2_ * _a2_))) * (x * _a7_));{'d0': {'_a2_': 0.7250460473649443, '_a3_': 5.412695221511904, '_a7_': 0.6238594157055055, '_a0_': 1.0, '_a1_': 1.0, '_a4_': 1.0, '_a5_': 1.0, '_a6_': 1.0}};{'d0': 0.024905832919416622};-280.569866449044;41.32016979183603
5355;-98.9647634326857;(((((x + _a7_) * x) * _a3_) + (_a3_ * (_a2_ * _a2_))) * (x * _a7_));{'d0': {'_a2_': 0.7250460473649443, '_a3_': 5.412695221511904, '_a7_': 0.6238594157055055, '_a0_': 1.0, '_a1_': 1.0, '_a4_': 1.0, '_a5_': 1.0, '_a6_': 1.0}};{'d0': 0.024905832919416622};-280.569866449044;41.32016979183603
5356;-98.9647634326857;(((((x + _a7_) * x) * _a3_) + (_a3_ * (_a2_ * _a2_))) * (x * _a7_));{'d0': {'_a2_': 0.7250460473649443, '_a3_': 5.412695221511904, '_a7_': 0.6238594157055055, '_a0_': 1.0, '_a1_': 1.0, '_a4_': 1.0, '_a5_': 1.0, '_a6_': 1.0}};{'d0': 0.024905832919416622};-280.569866449044;41.32016979183603
5357;-98.9647634326857;(((((x + _a7_) * x) * _a3_) + (_a3_ * (_a2_ * _a2_))) * (x * _a7_));{'d0': {'_a2_': 0.7250460473649443, '_a3_': 5.412695221511904, '_a7_': 0.6238594157055055, '_a0_': 1.0, '_a1_': 1.0, '_a4_': 1.0, '_a5_': 1.0, '_a6_': 1.0}};{'d0': 0.024905832919416622};-280.569866449044;41.32016979183603
5358;-98.9647634326857;(((((x + _a7_) * x) * _a3_) + (_a3_ * (_a2_ * _a2_))) * (x * _a7_));{'d0': {'_a2_': 0.7250460473649443, '_a3_': 5.412695221511904, '_a7_': 0.6238594157055055, '_a0_': 1.0, '_a1_': 1.0, '_a4_': 1.0, '_a5_': 1.0, '_a6_': 1.0}};{'d0': 0.024905832919416622};-280.569866449044;41.32016979183603
5359;-98.9647634326857;(((((x + _a7_) * x) * _a3_) + (_a3_ * (_a2_ * _a2_))) * (x * _a7_));{'d0': {'_a2_': 0.7250460473649443, '_a3_': 5.412695221511904, '_a7_': 0.6238594157055055, '_a0_': 1.0, '_a1_': 1.0, '_a4_': 1.0, '_a5_': 1.0, '_a6_': 1.0}};{'d0': 0.024905832919416622};-280.569866449044;41.32016979183603
5360;-98.9647634326857;(((((x + _a7_) * x) * _a3_) + (_a3_ * (_a2_ * _a2_))) * (x * _a7_));{'d0': {'_a2_': 0.7250460473649443, '_a3_': 5.412695221511904, '_a7_': 0.6238594157055055, '_a0_': 1.0, '_a1_': 1.0, '_a4_': 1.0, '_a5_': 1.0, '_a6_': 1.0}};{'d0': 0.024905832919416622};-280.569866449044;41.32016979183603
5361;-98.9647634326857;(((((x + _a7_) * x) * _a3_) + (_a3_ * (_a2_ * _a2_))) * (x * _a7_));{'d0': {'_a2_': 0.7250460473649443, '_a3_': 5.412695221511904, '_a7_': 0.6238594157055055, '_a0_': 1.0, '_a1_': 1.0, '_a4_': 1.0, '_a5_': 1.0, '_a6_': 1.0}};{'d0': 0.024905832919416622};-280.569866449044;41.32016979183603
5362;-98.9647634326857;(((((x + _a7_) * x) * _a3_) + (_a3_ * (_a2_ * _a2_))) * (x * _a7_));{'d0': {'_a2_': 0.7250460473649443, '_a3_': 5.412695221511904, '_a7_': 0.6238594157055055, '_a0_': 1.0, '_a1_': 1.0, '_a4_': 1.0, '_a5_': 1.0, '_a6_': 1.0}};{'d0': 0.024905832919416622};-280.569866449044;41.32016979183603
5363;-98.9647634326857;(((((x + _a7_) * x) * _a3_) + (_a3_ * (_a2_ * _a2_))) * (x * _a7_));{'d0': {'_a2_': 0.7250460473649443, '_a3_': 5.412695221511904, '_a7_': 0.6238594157055055, '_a0_': 1.0, '_a1_': 1.0, '_a4_': 1.0, '_a5_': 1.0, '_a6_': 1.0}};{'d0': 0.024905832919416622};-280.569866449044;41.32016979183603
5364;-98.9647634326857;(((((x + _a7_) * x) * _a3_) + (_a3_ * (_a2_ * _a2_))) * (x * _a7_));{'d0': {'_a2_': 0.7250460473649443, '_a3_': 5.412695221511904, '_a7_': 0.6238594157055055, '_a0_': 1.0, '_a1_': 1.0, '_a4_': 1.0, '_a5_': 1.0, '_a6_': 1.0}};{'d0': 0.024905832919416622};-280.569866449044;41.32016979183603
5365;-98.9647634326857;(((((x + _a7_) * x) * _a3_) + (_a3_ * (_a2_ * _a2_))) * (x * _a7_));{'d0': {'_a2_': 0.7250460473649443, '_a3_': 5.412695221511904, '_a7_': 0.6238594157055055, '_a0_': 1.0, '_a1_': 1.0, '_a4_': 1.0, '_a5_': 1.0, '_a6_': 1.0}};{'d0': 0.024905832919416622};-280.569866449044;41.32016979183603
5366;-98.9647634326857;(((((x + _a7_) * x) * _a3_) + (_a3_ * (_a2_ * _a2_))) * (x * _a7_));{'d0': {'_a2_': 0.7250460473649443, '_a3_': 5.412695221511904, '_a7_': 0.6238594157055055, '_a0_': 1.0, '_a1_': 1.0, '_a4_': 1.0, '_a5_': 1.0, '_a6_': 1.0}};{'d0': 0.024905832919416622};-280.569866449044;41.32016979183603
5367;-98.9647634326857;(((((x + _a7_) * x) * _a3_) + (_a3_ * (_a2_ * _a2_))) * (x * _a7_));{'d0': {'_a2_': 0.7250460473649443, '_a3_': 5.412695221511904, '_a7_': 0.6238594157055055, '_a0_': 1.0, '_a1_': 1.0, '_a4_': 1.0, '_a5_': 1.0, '_a6_': 1.0}};{'d0': 0.024905832919416622};-280.569866449044;41.32016979183603
5368;-98.9647634326857;(((((x + _a7_) * x) * _a3_) + (_a3_ * (_a2_ * _a2_))) * (x * _a7_));{'d0': {'_a2_': 0.7250460473649443, '_a3_': 5.412695221511904, '_a7_': 0.6238594157055055, '_a0_': 1.0, '_a1_': 1.0, '_a4_': 1.0, '_a5_': 1.0, '_a6_': 1.0}};{'d0': 0.024905832919416622};-280.569866449044;41.32016979183603
5369;-98.9647634326857;(((((x + _a7_) * x) * _a3_) + (_a3_ * (_a2_ * _a2_))) * (x * _a7_));{'d0': {'_a2_': 0.7250460473649443, '_a3_': 5.412695221511904, '_a7_': 0.6238594157055055, '_a0_': 1.0, '_a1_': 1.0, '_a4_': 1.0, '_a5_': 1.0, '_a6_': 1.0}};{'d0': 0.024905832919416622};-280.569866449044;41.32016979183603
5370;-98.9647634326857;(((((x + _a7_) * x) * _a3_) + (_a3_ * (_a2_ * _a2_))) * (x * _a7_));{'d0': {'_a2_': 0.7250460473649443, '_a3_': 5.412695221511904, '_a7_': 0.6238594157055055, '_a0_': 1.0, '_a1_': 1.0, '_a4_': 1.0, '_a5_': 1.0, '_a6_': 1.0}};{'d0': 0.024905832919416622};-280.569866449044;41.32016979183603
5371;-98.9647634326857;(((((x + _a7_) * x) * _a3_) + (_a3_ * (_a2_ * _a2_))) * (x * _a7_));{'d0': {'_a2_': 0.7250460473649443, '_a3_': 5.412695221511904, '_a7_': 0.6238594157055055, '_a0_': 1.0, '_a1_': 1.0, '_a4_': 1.0, '_a5_': 1.0, '_a6_': 1.0}};{'d0': 0.024905832919416622};-280.569866449044;41.32016979183603
5372;-98.9647634326857;(((((x + _a7_) * x) * _a3_) + (_a3_ * (_a2_ * _a2_))) * (x * _a7_));{'d0': {'_a2_': 0.7250460473649443, '_a3_': 5.412695221511904, '_a7_': 0.6238594157055055, '_a0_': 1.0, '_a1_': 1.0, '_a4_': 1.0, '_a5_': 1.0, '_a6_': 1.0}};{'d0': 0.024905832919416622};-280.569866449044;41.32016979183603
5373;-98.9647634326857;(((((x + _a7_) * x) * _a3_) + (_a3_ * (_a2_ * _a2_))) * (x * _a7_));{'d0': {'_a2_': 0.7250460473649443, '_a3_': 5.412695221511904, '_a7_': 0.6238594157055055, '_a0_': 1.0, '_a1_': 1.0, '_a4_': 1.0, '_a5_': 1.0, '_a6_': 1.0}};{'d0': 0.024905832919416622};-280.569866449044;41.32016979183603
5374;-98.9647634326857;(((((x + _a7_) * x) * _a3_) + (_a3_ * (_a2_ * _a2_))) * (x * _a7_));{'d0': {'_a2_': 0.7250460473649443, '_a3_': 5.412695221511904, '_a7_': 0.6238594157055055, '_a0_': 1.0, '_a1_': 1.0, '_a4_': 1.0, '_a5_': 1.0, '_a6_': 1.0}};{'d0': 0.024905832919416622};-280.569866449044;41.32016979183603
5375;-98.9647634326857;(((((x + _a7_) * x) * _a3_) + (_a3_ * (_a2_ * _a2_))) * (x * _a7_));{'d0': {'_a2_': 0.7250460473649443, '_a3_': 5.412695221511904, '_a7_': 0.6238594157055055, '_a0_': 1.0, '_a1_': 1.0, '_a4_': 1.0, '_a5_': 1.0, '_a6_': 1.0}};{'d0': 0.024905832919416622};-280.569866449044;41.32016979183603
5376;-98.9647634326857;(((((x + _a7_) * x) * _a3_) + (_a3_ * (_a2_ * _a2_))) * (x * _a7_));{'d0': {'_a2_': 0.7250460473649443, '_a3_': 5.412695221511904, '_a7_': 0.6238594157055055, '_a0_': 1.0, '_a1_': 1.0, '_a4_': 1.0, '_a5_': 1.0, '_a6_': 1.0}};{'d0': 0.024905832919416622};-280.569866449044;41.32016979183603
5377;-98.9647634326857;(((((x + _a7_) * x) * _a3_) + (_a3_ * (_a2_ * _a2_))) * (x * _a7_));{'d0': {'_a2_': 0.7250460473649443, '_a3_': 5.412695221511904, '_a7_': 0.6238594157055055, '_a0_': 1.0, '_a1_': 1.0, '_a4_': 1.0, '_a5_': 1.0, '_a6_': 1.0}};{'d0': 0.024905832919416622};-280.569866449044;41.32016979183603
5378;-95.2848162724253;(((((x + _a7_) * x) * _a3_) + (-(_a2_) * (_a2_ * _a2_))) * (x * _a7_));{'d0': {'_a2_': -1.4170382848901084, '_a3_': 5.412695221991038, '_a7_': 0.6238594154428948, '_a0_': 1.0, '_a1_': 1.0, '_a4_': 1.0, '_a5_': 1.0, '_a6_': 1.0}};{'d0': 0.02490583291941664};-280.569866449044;45.00011695209642
5379;-95.2848162724253;(((((x + _a7_) * x) * _a3_) + (-(_a2_) * (_a2_ * _a2_))) * (x * _a7_));{'d0': {'_a2_': -1.4170382848901084, '_a3_': 5.412695221991038, '_a7_': 0.6238594154428948, '_a0_': 1.0, '_a1_': 1.0, '_a4_': 1.0, '_a5_': 1.0, '_a6_': 1.0}};{'d0': 0.02490583291941664};-280.569866449044;45.00011695209642
5380;-95.2848162724253;(((((x + _a7_) * x) * _a3_) + (-(_a2_) * (_a2_ * _a2_))) * (x * _a7_));{'d0': {'_a2_': -1.4170382848901084, '_a3_': 5.412695221991038, '_a7_': 0.6238594154428948, '_a0_': 1.0, '_a1_': 1.0, '_a4_': 1.0, '_a5_': 1.0, '_a6_': 1.0}};{'d0': 0.02490583291941664};-280.569866449044;45.00011695209642
5381;-95.2848162724253;(((((x + _a7_) * x) * _a3_) + (-(_a2_) * (_a2_ * _a2_))) * (x * _a7_));{'d0': {'_a2_': -1.4170382848901084, '_a3_': 5.412695221991038, '_a7_': 0.6238594154428948, '_a0_': 1.0, '_a1_': 1.0, '_a4_': 1.0, '_a5_': 1.0, '_a6_': 1.0}};{'d0': 0.02490583291941664};-280.569866449044;45.00011695209642
5382;-95.2848162724253;(((((x + _a7_) * x) * _a3_) + (-(_a2_) * (_a2_ * _a2_))) * (x * _a7_));{'d0': {'_a2_': -1.4170382848901084, '_a3_': 5.412695221991038, '_a7_': 0.6238594154428948, '_a0_': 1.0, '_a1_': 1.0, '_a4_': 1.0, '_a5_': 1.0, '_a6_': 1.0}};{'d0': 0.02490583291941664};-280.569866449044;45.00011695209642
5383;-95.2848162724253;(((((x + _a7_) * x) * _a3_) + (-(_a2_) * (_a2_ * _a2_))) * (x * _a7_));{'d0': {'_a2_': -1.4170382848901084, '_a3_': 5.412695221991038, '_a7_': 0.6238594154428948, '_a0_': 1.0, '_a1_': 1.0, '_a4_': 1.0, '_a5_': 1.0, '_a6_': 1.0}};{'d0': 0.02490583291941664};-280.569866449044;45.00011695209642
5384;-95.2848162724253;(((((x + _a7_) * x) * _a3_) + (-(_a2_) * (_a2_ * _a2_))) * (x * _a7_));{'d0': {'_a2_': -1.4170382848901084, '_a3_': 5.412695221991038, '_a7_': 0.6238594154428948, '_a0_': 1.0, '_a1_': 1.0, '_a4_': 1.0, '_a5_': 1.0, '_a6_': 1.0}};{'d0': 0.02490583291941664};-280.569866449044;45.00011695209642
5385;-95.2848162724253;(((((x + _a7_) * x) * _a3_) + (-(_a2_) * (_a2_ * _a2_))) * (x * _a7_));{'d0': {'_a2_': -1.4170382848901084, '_a3_': 5.412695221991038, '_a7_': 0.6238594154428948, '_a0_': 1.0, '_a1_': 1.0, '_a4_': 1.0, '_a5_': 1.0, '_a6_': 1.0}};{'d0': 0.02490583291941664};-280.569866449044;45.00011695209642
5386;-95.2848162724253;(((((x + _a7_) * x) * _a3_) + (-(_a2_) * (_a2_ * _a2_))) * (x * _a7_));{'d0': {'_a2_': -1.4170382848901084, '_a3_': 5.412695221991038, '_a7_': 0.6238594154428948, '_a0_': 1.0, '_a1_': 1.0, '_a4_': 1.0, '_a5_': 1.0, '_a6_': 1.0}};{'d0': 0.02490583291941664};-280.569866449044;45.00011695209642
5387;-95.2848162724253;(((((x + _a7_) * x) * _a3_) + (-(_a2_) * (_a2_ * _a2_))) * (x * _a7_));{'d0': {'_a2_': -1.4170382848901084, '_a3_': 5.412695221991038, '_a7_': 0.6238594154428948, '_a0_': 1.0, '_a1_': 1.0, '_a4_': 1.0, '_a5_': 1.0, '_a6_': 1.0}};{'d0': 0.02490583291941664};-280.569866449044;45.00011695209642
5388;-95.2848162724253;(((((x + _a7_) * x) * _a3_) + (-(_a2_) * (_a2_ * _a2_))) * (x * _a7_));{'d0': {'_a2_': -1.4170382848901084, '_a3_': 5.412695221991038, '_a7_': 0.6238594154428948, '_a0_': 1.0, '_a1_': 1.0, '_a4_': 1.0, '_a5_': 1.0, '_a6_': 1.0}};{'d0': 0.02490583291941664};-280.569866449044;45.00011695209642
5389;-95.2848162724253;(((((x + _a7_) * x) * _a3_) + (-(_a2_) * (_a2_ * _a2_))) * (x * _a7_));{'d0': {'_a2_': -1.4170382848901084, '_a3_': 5.412695221991038, '_a7_': 0.6238594154428948, '_a0_': 1.0, '_a1_': 1.0, '_a4_': 1.0, '_a5_': 1.0, '_a6_': 1.0}};{'d0': 0.02490583291941664};-280.569866449044;45.00011695209642
5390;-96.9928235349818;((-(pow2((_a5_ * x))) + _a4_) + (pow3((x + _a7_)) * _a3_));{'d0': {'_a3_': 3.3825181503718778, '_a4_': -0.24840641636588498, '_a5_': 1.459819977880929, '_a7_': 0.41819238786943386, '_a0_': 1.0, '_a1_': 1.0, '_a2_': 1.0, '_a6_': 1.0}};{'d0': 0.024885482501866816};-276.524567593313;41.269460261674375
5391;-96.9928235349818;((-(pow2((_a5_ * x))) + _a4_) + (pow3((x + _a7_)) * _a3_));{'d0': {'_a3_': 3.3825181503718778, '_a4_': -0.24840641636588498, '_a5_': 1.459819977880929, '_a7_': 0.41819238786943386, '_a0_': 1.0, '_a1_': 1.0, '_a2_': 1.0, '_a6_': 1.0}};{'d0': 0.024885482501866816};-276.524567593313;41.269460261674375
5392;-96.9928235349818;((-(pow2((_a5_ * x))) + _a4_) + (pow3((x + _a7_)) * _a3_));{'d0': {'_a3_': 3.3825181503718778, '_a4_': -0.24840641636588498, '_a5_': 1.459819977880929, '_a7_': 0.41819238786943386, '_a0_': 1.0, '_a1_': 1.0, '_a2_': 1.0, '_a6_': 1.0}};{'d0': 0.024885482501866816};-276.524567593313;41.269460261674375
5393;-96.9928235349818;((-(pow2((_a5_ * x))) + _a4_) + (pow3((x + _a7_)) * _a3_));{'d0': {'_a3_': 3.3825181503718778, '_a4_': -0.24840641636588498, '_a5_': 1.459819977880929, '_a7_': 0.41819238786943386, '_a0_': 1.0, '_a1_': 1.0, '_a2_': 1.0, '_a6_': 1.0}};{'d0': 0.024885482501866816};-276.524567593313;41.269460261674375
5394;-96.9928235349818;((-(pow2((_a5_ * x))) + _a4_) + (pow3((x + _a7_)) * _a3_));{'d0': {'_a3_': 3.3825181503718778, '_a4_': -0.24840641636588498, '_a5_': 1.459819977880929, '_a7_': 0.41819238786943386, '_a0_': 1.0, '_a1_': 1.0, '_a2_': 1.0, '_a6_': 1.0}};{'d0': 0.024885482501866816};-276.524567593313;41.269460261674375
5395;-96.9928235349818;((-(pow2((_a5_ * x))) + _a4_) + (pow3((x + _a7_)) * _a3_));{'d0': {'_a3_': 3.3825181503718778, '_a4_': -0.24840641636588498, '_a5_': 1.459819977880929, '_a7_': 0.41819238786943386, '_a0_': 1.0, '_a1_': 1.0, '_a2_': 1.0, '_a6_': 1.0}};{'d0': 0.024885482501866816};-276.524567593313;41.269460261674375
5396;-96.9928235349818;((-(pow2((_a5_ * x))) + _a4_) + (pow3((x + _a7_)) * _a3_));{'d0': {'_a3_': 3.3825181503718778, '_a4_': -0.24840641636588498, '_a5_': 1.459819977880929, '_a7_': 0.41819238786943386, '_a0_': 1.0, '_a1_': 1.0, '_a2_': 1.0, '_a6_': 1.0}};{'d0': 0.024885482501866816};-276.524567593313;41.269460261674375
5397;-96.9928235349818;((-(pow2((_a5_ * x))) + _a4_) + (pow3((x + _a7_)) * _a3_));{'d0': {'_a3_': 3.3825181503718778, '_a4_': -0.24840641636588498, '_a5_': 1.459819977880929, '_a7_': 0.41819238786943386, '_a0_': 1.0, '_a1_': 1.0, '_a2_': 1.0, '_a6_': 1.0}};{'d0': 0.024885482501866816};-276.524567593313;41.269460261674375
5398;-96.9928235349818;((-(pow2((_a5_ * x))) + _a4_) + (pow3((x + _a7_)) * _a3_));{'d0': {'_a3_': 3.3825181503718778, '_a4_': -0.24840641636588498, '_a5_': 1.459819977880929, '_a7_': 0.41819238786943386, '_a0_': 1.0, '_a1_': 1.0, '_a2_': 1.0, '_a6_': 1.0}};{'d0': 0.024885482501866816};-276.524567593313;41.269460261674375
5399;-96.9928235349818;((-(pow2((_a5_ * x))) + _a4_) + (pow3((x + _a7_)) * _a3_));{'d0': {'_a3_': 3.3825181503718778, '_a4_': -0.24840641636588498, '_a5_': 1.459819977880929, '_a7_': 0.41819238786943386, '_a0_': 1.0, '_a1_': 1.0, '_a2_': 1.0, '_a6_': 1.0}};{'d0': 0.024885482501866816};-276.524567593313;41.269460261674375
5400;-96.9928235349818;((-(pow2((_a5_ * x))) + _a4_) + (pow3((x + _a7_)) * _a3_));{'d0': {'_a3_': 3.3825181503718778, '_a4_': -0.24840641636588498, '_a5_': 1.459819977880929, '_a7_': 0.41819238786943386, '_a0_': 1.0, '_a1_': 1.0, '_a2_': 1.0, '_a6_': 1.0}};{'d0': 0.024885482501866816};-276.524567593313;41.269460261674375
5401;-96.9928235349818;((-(pow2((_a5_ * x))) + _a4_) + (pow3((x + _a7_)) * _a3_));{'d0': {'_a3_': 3.3825181503718778, '_a4_': -0.24840641636588498, '_a5_': 1.459819977880929, '_a7_': 0.41819238786943386, '_a0_': 1.0, '_a1_': 1.0, '_a2_': 1.0, '_a6_': 1.0}};{'d0': 0.024885482501866816};-276.524567593313;41.269460261674375
5402;-96.9928235349818;((-(pow2((_a5_ * x))) + _a4_) + (pow3((x + _a7_)) * _a3_));{'d0': {'_a3_': 3.3825181503718778, '_a4_': -0.24840641636588498, '_a5_': 1.459819977880929, '_a7_': 0.41819238786943386, '_a0_': 1.0, '_a1_': 1.0, '_a2_': 1.0, '_a6_': 1.0}};{'d0': 0.024885482501866816};-276.524567593313;41.269460261674375
5403;-96.9928235349818;((-(pow2((_a5_ * x))) + _a4_) + (pow3((x + _a7_)) * _a3_));{'d0': {'_a3_': 3.3825181503718778, '_a4_': -0.24840641636588498, '_a5_': 1.459819977880929, '_a7_': 0.41819238786943386, '_a0_': 1.0, '_a1_': 1.0, '_a2_': 1.0, '_a6_': 1.0}};{'d0': 0.024885482501866816};-276.524567593313;41.269460261674375
5404;-96.9928235349818;((-(pow2((_a5_ * x))) + _a4_) + (pow3((x + _a7_)) * _a3_));{'d0': {'_a3_': 3.3825181503718778, '_a4_': -0.24840641636588498, '_a5_': 1.459819977880929, '_a7_': 0.41819238786943386, '_a0_': 1.0, '_a1_': 1.0, '_a2_': 1.0, '_a6_': 1.0}};{'d0': 0.024885482501866816};-276.524567593313;41.269460261674375
5405;-96.9928235349818;((-(pow2((_a5_ * x))) + _a4_) + (pow3((x + _a7_)) * _a3_));{'d0': {'_a3_': 3.3825181503718778, '_a4_': -0.24840641636588498, '_a5_': 1.459819977880929, '_a7_': 0.41819238786943386, '_a0_': 1.0, '_a1_': 1.0, '_a2_': 1.0, '_a6_': 1.0}};{'d0': 0.024885482501866816};-276.524567593313;41.269460261674375
5406;-96.9928235349818;((-(pow2((_a5_ * x))) + _a4_) + (pow3((x + _a7_)) * _a3_));{'d0': {'_a3_': 3.3825181503718778, '_a4_': -0.24840641636588498, '_a5_': 1.459819977880929, '_a7_': 0.41819238786943386, '_a0_': 1.0, '_a1_': 1.0, '_a2_': 1.0, '_a6_': 1.0}};{'d0': 0.024885482501866816};-276.524567593313;41.269460261674375
5407;-96.9928235349818;((-(pow2((_a5_ * x))) + _a4_) + (pow3((x + _a7_)) * _a3_));{'d0': {'_a3_': 3.3825181503718778, '_a4_': -0.24840641636588498, '_a5_': 1.459819977880929, '_a7_': 0.41819238786943386, '_a0_': 1.0, '_a1_': 1.0, '_a2_': 1.0, '_a6_': 1.0}};{'d0': 0.024885482501866816};-276.524567593313;41.269460261674375
5408;-96.9928235349818;((-(pow2((_a5_ * x))) + _a4_) + (pow3((x + _a7_)) * _a3_));{'d0': {'_a3_': 3.3825181503718778, '_a4_': -0.24840641636588498, '_a5_': 1.459819977880929, '_a7_': 0.41819238786943386, '_a0_': 1.0, '_a1_': 1.0, '_a2_': 1.0, '_a6_': 1.0}};{'d0': 0.024885482501866816};-276.524567593313;41.269460261674375
5409;-96.9928235349818;((-(pow2((_a5_ * x))) + _a4_) + (pow3((x + _a7_)) * _a3_));{'d0': {'_a3_': 3.3825181503718778, '_a4_': -0.24840641636588498, '_a5_': 1.459819977880929, '_a7_': 0.41819238786943386, '_a0_': 1.0, '_a1_': 1.0, '_a2_': 1.0, '_a6_': 1.0}};{'d0': 0.024885482501866816};-276.524567593313;41.269460261674375
5410;-96.9928235349818;((-(pow2((_a5_ * x))) + _a4_) + (pow3((x + _a7_)) * _a3_));{'d0': {'_a3_': 3.3825181503718778, '_a4_': -0.24840641636588498, '_a5_': 1.459819977880929, '_a7_': 0.41819238786943386, '_a0_': 1.0, '_a1_': 1.0, '_a2_': 1.0, '_a6_': 1.0}};{'d0': 0.024885482501866816};-276.524567593313;41.269460261674375
5411;-100.979194924395;(x * (_a6_ + pow2(((_a7_ * x) + (_a0_ / fac(_a7_))))));{'d0': {'_a0_': 0.9921178275762181, '_a6_': 1.4465760892673327, '_a7_': 1.837596495255384, '_a1_': 1.0, '_a2_': 1.0, '_a3_': 1.0, '_a4_': 1.0, '_a5_': 1.0}};{'d0': 0.024905832919416688};-280.569866449043;39.30573830012635
5412;-100.979194924395;(x * (_a6_ + pow2(((_a7_ * x) + (_a0_ / fac(_a7_))))));{'d0': {'_a0_': 0.9921178275762181, '_a6_': 1.4465760892673327, '_a7_': 1.837596495255384, '_a1_': 1.0, '_a2_': 1.0, '_a3_': 1.0, '_a4_': 1.0, '_a5_': 1.0}};{'d0': 0.024905832919416688};-280.569866449043;39.30573830012635
5413;-100.979194924395;(x * (_a6_ + pow2(((_a7_ * x) + (_a0_ / fac(_a7_))))));{'d0': {'_a0_': 0.9921178275762181, '_a6_': 1.4465760892673327, '_a7_': 1.837596495255384, '_a1_': 1.0, '_a2_': 1.0, '_a3_': 1.0, '_a4_': 1.0, '_a5_': 1.0}};{'d0': 0.024905832919416688};-280.569866449043;39.30573830012635
5414;-100.979194924395;(x * (_a6_ + pow2(((_a7_ * x) + (_a0_ / fac(_a7_))))));{'d0': {'_a0_': 0.9921178275762181, '_a6_': 1.4465760892673327, '_a7_': 1.837596495255384, '_a1_': 1.0, '_a2_': 1.0, '_a3_': 1.0, '_a4_': 1.0, '_a5_': 1.0}};{'d0': 0.024905832919416688};-280.569866449043;39.30573830012635
5415;-100.979194924395;(x * (_a6_ + pow2(((_a7_ * x) + (_a0_ / fac(_a7_))))));{'d0': {'_a0_': 0.9921178275762181, '_a6_': 1.4465760892673327, '_a7_': 1.837596495255384, '_a1_': 1.0, '_a2_': 1.0, '_a3_': 1.0, '_a4_': 1.0, '_a5_': 1.0}};{'d0': 0.024905832919416688};-280.569866449043;39.30573830012635
5416;-100.979194924395;(x * (_a6_ + pow2(((_a7_ * x) + (_a0_ / fac(_a7_))))));{'d0': {'_a0_': 0.9921178275762181, '_a6_': 1.4465760892673327, '_a7_': 1.837596495255384, '_a1_': 1.0, '_a2_': 1.0, '_a3_': 1.0, '_a4_': 1.0, '_a5_': 1.0}};{'d0': 0.024905832919416688};-280.569866449043;39.30573830012635
5417;-100.979194924395;(x * (_a6_ + pow2(((_a7_ * x) + (_a0_ / fac(_a7_))))));{'d0': {'_a0_': 0.9921178275762181, '_a6_': 1.4465760892673327, '_a7_': 1.837596495255384, '_a1_': 1.0, '_a2_': 1.0, '_a3_': 1.0, '_a4_': 1.0, '_a5_': 1.0}};{'d0': 0.024905832919416688};-280.569866449043;39.30573830012635
5418;-100.979194924395;(x * (_a6_ + pow2(((_a7_ * x) + (_a0_ / fac(_a7_))))));{'d0': {'_a0_': 0.9921178275762181, '_a6_': 1.4465760892673327, '_a7_': 1.837596495255384, '_a1_': 1.0, '_a2_': 1.0, '_a3_': 1.0, '_a4_': 1.0, '_a5_': 1.0}};{'d0': 0.024905832919416688};-280.569866449043;39.30573830012635
5419;-109.408611468145;(x * (_a6_ + pow2(((_a7_ * x) + (_a0_ / _a6_)))));{'d0': {'_a0_': 0.8291787707678846, '_a6_': 1.4465760892424844, '_a7_': 1.8375964950205699, '_a1_': 1.0, '_a2_': 1.0, '_a3_': 1.0, '_a4_': 1.0, '_a5_': 1.0}};{'d0': 0.024905832919416643};-280.569866449044;30.87632175637635
5420;-109.408611468145;(x * (_a0_ + pow2(((_a7_ * x) + (_a0_ / _a6_)))));{'d0': {'_a0_': 1.4465760895235686, '_a6_': 2.523680605686695, '_a7_': 1.8375964947653864, '_a1_': 1.0, '_a2_': 1.0, '_a3_': 1.0, '_a4_': 1.0, '_a5_': 1.0}};{'d0': 0.024905832919416716};-280.569866449043;30.87632175637635
5421;-109.408611468145;(x * (_a0_ + pow2(((_a7_ * x) + (_a0_ / _a6_)))));{'d0': {'_a0_': 1.4465760895235686, '_a6_': 2.523680605686695, '_a7_': 1.8375964947653864, '_a1_': 1.0, '_a2_': 1.0, '_a3_': 1.0, '_a4_': 1.0, '_a5_': 1.0}};{'d0': 0.024905832919416716};-280.569866449043;30.87632175637635
5422;-109.408611468145;(x * (_a0_ + pow2(((_a7_ * x) + (_a0_ / _a6_)))));{'d0': {'_a0_': 1.4465760895235686, '_a6_': 2.523680605686695, '_a7_': 1.8375964947653864, '_a1_': 1.0, '_a2_': 1.0, '_a3_': 1.0, '_a4_': 1.0, '_a5_': 1.0}};{'d0': 0.024905832919416716};-280.569866449043;30.87632175637635
5423;-109.408611468145;(x * (_a0_ + pow2(((_a7_ * x) + (_a0_ / _a6_)))));{'d0': {'_a0_': 1.4465760895235686, '_a6_': 2.523680605686695, '_a7_': 1.8375964947653864, '_a1_': 1.0, '_a2_': 1.0, '_a3_': 1.0, '_a4_': 1.0, '_a5_': 1.0}};{'d0': 0.024905832919416716};-280.569866449043;30.87632175637635
5424;-109.408611468145;(x * (_a0_ + pow2(((_a7_ * x) + (_a0_ / _a6_)))));{'d0': {'_a0_': 1.4465760895235686, '_a6_': 2.523680605686695, '_a7_': 1.8375964947653864, '_a1_': 1.0, '_a2_': 1.0, '_a3_': 1.0, '_a4_': 1.0, '_a5_': 1.0}};{'d0': 0.024905832919416716};-280.569866449043;30.87632175637635
5425;-109.408611468145;(x * (_a0_ + pow2(((_a7_ * x) + (_a0_ / _a6_)))));{'d0': {'_a0_': 1.4465760895235686, '_a6_': 2.523680605686695, '_a7_': 1.8375964947653864, '_a1_': 1.0, '_a2_': 1.0, '_a3_': 1.0, '_a4_': 1.0, '_a5_': 1.0}};{'d0': 0.024905832919416716};-280.569866449043;30.87632175637635
5426;-109.408611468145;(x * (_a0_ + pow2(((_a7_ * x) + (_a0_ / _a6_)))));{'d0': {'_a0_': 1.4465760895235686, '_a6_': 2.523680605686695, '_a7_': 1.8375964947653864, '_a1_': 1.0, '_a2_': 1.0, '_a3_': 1.0, '_a4_': 1.0, '_a5_': 1.0}};{'d0': 0.024905832919416716};-280.569866449043;30.87632175637635
5427;-109.408611468145;(x * (_a0_ + pow2(((_a7_ * x) + (_a0_ / _a6_)))));{'d0': {'_a0_': 1.4465760895235686, '_a6_': 2.523680605686695, '_a7_': 1.8375964947653864, '_a1_': 1.0, '_a2_': 1.0, '_a3_': 1.0, '_a4_': 1.0, '_a5_': 1.0}};{'d0': 0.024905832919416716};-280.569866449043;30.87632175637635
5428;-109.408611468145;(x * (_a0_ + pow2(((_a7_ * x) + (_a0_ / _a6_)))));{'d0': {'_a0_': 1.4465760895235686, '_a6_': 2.523680605686695, '_a7_': 1.8375964947653864, '_a1_': 1.0, '_a2_': 1.0, '_a3_': 1.0, '_a4_': 1.0, '_a5_': 1.0}};{'d0': 0.024905832919416716};-280.569866449043;30.87632175637635
5429;-109.408611468145;(x * (_a0_ + pow2(((_a7_ * x) + (_a0_ / _a6_)))));{'d0': {'_a0_': 1.4465760895235686, '_a6_': 2.523680605686695, '_a7_': 1.8375964947653864, '_a1_': 1.0, '_a2_': 1.0, '_a3_': 1.0, '_a4_': 1.0, '_a5_': 1.0}};{'d0': 0.024905832919416716};-280.569866449043;30.87632175637635
5430;-109.408611468145;(x * (_a0_ + pow2(((_a7_ * x) + (_a0_ / _a6_)))));{'d0': {'_a0_': 1.4465760895235686, '_a6_': 2.523680605686695, '_a7_': 1.8375964947653864, '_a1_': 1.0, '_a2_': 1.0, '_a3_': 1.0, '_a4_': 1.0, '_a5_': 1.0}};{'d0': 0.024905832919416716};-280.569866449043;30.87632175637635
5431;-109.408611468145;(x * (_a0_ + pow2(((_a7_ * x) + (_a0_ / _a6_)))));{'d0': {'_a0_': 1.4465760895235686, '_a6_': 2.523680605686695, '_a7_': 1.8375964947653864, '_a1_': 1.0, '_a2_': 1.0, '_a3_': 1.0, '_a4_': 1.0, '_a5_': 1.0}};{'d0': 0.024905832919416716};-280.569866449043;30.87632175637635
5432;-109.408611468145;(x * (_a0_ + pow2(((_a7_ * x) + (_a0_ / _a6_)))));{'d0': {'_a0_': 1.4465760895235686, '_a6_': 2.523680605686695, '_a7_': 1.8375964947653864, '_a1_': 1.0, '_a2_': 1.0, '_a3_': 1.0, '_a4_': 1.0, '_a5_': 1.0}};{'d0': 0.024905832919416716};-280.569866449043;30.87632175637635
5433;-109.408611468145;(x * (_a0_ + pow2(((_a7_ * x) + (_a0_ / _a6_)))));{'d0': {'_a0_': 1.4465760895235686, '_a6_': 2.523680605686695, '_a7_': 1.8375964947653864, '_a1_': 1.0, '_a2_': 1.0, '_a3_': 1.0, '_a4_': 1.0, '_a5_': 1.0}};{'d0': 0.024905832919416716};-280.569866449043;30.87632175637635
5434;-109.408611468145;(x * (_a0_ + pow2(((_a7_ * x) + (_a0_ / _a6_)))));{'d0': {'_a0_': 1.4465760895235686, '_a6_': 2.523680605686695, '_a7_': 1.8375964947653864, '_a1_': 1.0, '_a2_': 1.0, '_a3_': 1.0, '_a4_': 1.0, '_a5_': 1.0}};{'d0': 0.024905832919416716};-280.569866449043;30.87632175637635
5435;-109.408611468145;(x * (_a0_ + pow2(((_a7_ * x) + (_a0_ / _a6_)))));{'d0': {'_a0_': 1.4465760895235686, '_a6_': 2.523680605686695, '_a7_': 1.8375964947653864, '_a1_': 1.0, '_a2_': 1.0, '_a3_': 1.0, '_a4_': 1.0, '_a5_': 1.0}};{'d0': 0.024905832919416716};-280.569866449043;30.87632175637635
5436;-109.408611468145;(x * (_a0_ + pow2(((_a7_ * x) + (_a0_ / _a6_)))));{'d0': {'_a0_': 1.4465760895235686, '_a6_': 2.523680605686695, '_a7_': 1.8375964947653864, '_a1_': 1.0, '_a2_': 1.0, '_a3_': 1.0, '_a4_': 1.0, '_a5_': 1.0}};{'d0': 0.024905832919416716};-280.569866449043;30.87632175637635
5437;-109.408611468145;(x * (_a0_ + pow2(((_a7_ * x) + (_a0_ / _a6_)))));{'d0': {'_a0_': 1.4465760895235686, '_a6_': 2.523680605686695, '_a7_': 1.8375964947653864, '_a1_': 1.0, '_a2_': 1.0, '_a3_': 1.0, '_a4_': 1.0, '_a5_': 1.0}};{'d0': 0.024905832919416716};-280.569866449043;30.87632175637635
5438;-87.1665009703898;((-(pow2(((_a4_ * _a0_) * x))) + (_a4_ * _a3_)) + (pow3((x + _a7_)) * _a3_));{'d0': {'_a0_': 19.878180529419605, '_a3_': 3.3825181555466273, '_a4_': -0.07343830966652531, '_a7_': 0.41819238735944575, '_a1_': 1.0, '_a2_': 1.0, '_a5_': 1.0, '_a6_': 1.0}};{'d0': 0.024885482501866826};-276.524567593313;51.09578282626637
5439;-87.1665009703898;((-(pow2(((_a4_ * _a0_) * x))) + (_a4_ * _a3_)) + (pow3((x + _a7_)) * _a3_));{'d0': {'_a0_': 19.878180529419605, '_a3_': 3.3825181555466273, '_a4_': -0.07343830966652531, '_a7_': 0.41819238735944575, '_a1_': 1.0, '_a2_': 1.0, '_a5_': 1.0, '_a6_': 1.0}};{'d0': 0.024885482501866826};-276.524567593313;51.09578282626637
5440;-87.1665009703898;((-(pow2(((_a4_ * _a0_) * x))) + (_a4_ * _a3_)) + (pow3((x + _a7_)) * _a3_));{'d0': {'_a0_': 19.878180529419605, '_a3_': 3.3825181555466273, '_a4_': -0.07343830966652531, '_a7_': 0.41819238735944575, '_a1_': 1.0, '_a2_': 1.0, '_a5_': 1.0, '_a6_': 1.0}};{'d0': 0.024885482501866826};-276.524567593313;51.09578282626637
5441;-87.1665009703898;((-(pow2(((_a4_ * _a0_) * x))) + (_a4_ * _a3_)) + (pow3((x + _a7_)) * _a3_));{'d0': {'_a0_': 19.878180529419605, '_a3_': 3.3825181555466273, '_a4_': -0.07343830966652531, '_a7_': 0.41819238735944575, '_a1_': 1.0, '_a2_': 1.0, '_a5_': 1.0, '_a6_': 1.0}};{'d0': 0.024885482501866826};-276.524567593313;51.09578282626637
5442;-87.1665009703898;((-(pow2(((_a4_ * _a0_) * x))) + (_a4_ * _a3_)) + (pow3((x + _a7_)) * _a3_));{'d0': {'_a0_': 19.878180529419605, '_a3_': 3.3825181555466273, '_a4_': -0.07343830966652531, '_a7_': 0.41819238735944575, '_a1_': 1.0, '_a2_': 1.0, '_a5_': 1.0, '_a6_': 1.0}};{'d0': 0.024885482501866826};-276.524567593313;51.09578282626637
5443;-87.1665009703898;((-(pow2(((_a4_ * _a0_) * x))) + (_a4_ * _a3_)) + (pow3((x + _a7_)) * _a3_));{'d0': {'_a0_': 19.878180529419605, '_a3_': 3.3825181555466273, '_a4_': -0.07343830966652531, '_a7_': 0.41819238735944575, '_a1_': 1.0, '_a2_': 1.0, '_a5_': 1.0, '_a6_': 1.0}};{'d0': 0.024885482501866826};-276.524567593313;51.09578282626637
5444;-87.1665009703898;((-(pow2(((_a4_ * _a0_) * x))) + (_a4_ * _a3_)) + (pow3((x + _a7_)) * _a3_));{'d0': {'_a0_': 19.878180529419605, '_a3_': 3.3825181555466273, '_a4_': -0.07343830966652531, '_a7_': 0.41819238735944575, '_a1_': 1.0, '_a2_': 1.0, '_a5_': 1.0, '_a6_': 1.0}};{'d0': 0.024885482501866826};-276.524567593313;51.09578282626637
5445;-87.1665009703898;((-(pow2(((_a4_ * _a0_) * x))) + (_a4_ * _a3_)) + (pow3((x + _a7_)) * _a3_));{'d0': {'_a0_': 19.878180529419605, '_a3_': 3.3825181555466273, '_a4_': -0.07343830966652531, '_a7_': 0.41819238735944575, '_a1_': 1.0, '_a2_': 1.0, '_a5_': 1.0, '_a6_': 1.0}};{'d0': 0.024885482501866826};-276.524567593313;51.09578282626637
5446;-87.1665009703898;((-(pow2(((_a4_ * _a0_) * x))) + (_a4_ * _a3_)) + (pow3((x + _a7_)) * _a3_));{'d0': {'_a0_': 19.878180529419605, '_a3_': 3.3825181555466273, '_a4_': -0.07343830966652531, '_a7_': 0.41819238735944575, '_a1_': 1.0, '_a2_': 1.0, '_a5_': 1.0, '_a6_': 1.0}};{'d0': 0.024885482501866826};-276.524567593313;51.09578282626637
5447;-87.1665009703898;((-(pow2(((_a4_ * _a0_) * x))) + (_a4_ * _a3_)) + (pow3((x + _a7_)) * _a3_));{'d0': {'_a0_': 19.878180529419605, '_a3_': 3.3825181555466273, '_a4_': -0.07343830966652531, '_a7_': 0.41819238735944575, '_a1_': 1.0, '_a2_': 1.0, '_a5_': 1.0, '_a6_': 1.0}};{'d0': 0.024885482501866826};-276.524567593313;51.09578282626637
5448;-87.1665009703898;((-(pow2(((_a4_ * _a0_) * x))) + (_a4_ * _a3_)) + (pow3((x + _a7_)) * _a3_));{'d0': {'_a0_': 19.878180529419605, '_a3_': 3.3825181555466273, '_a4_': -0.07343830966652531, '_a7_': 0.41819238735944575, '_a1_': 1.0, '_a2_': 1.0, '_a5_': 1.0, '_a6_': 1.0}};{'d0': 0.024885482501866826};-276.524567593313;51.09578282626637
5449;-87.1665009703898;((-(pow2(((_a4_ * _a0_) * x))) + (_a4_ * _a3_)) + (pow3((x + _a7_)) * _a3_));{'d0': {'_a0_': 19.878180529419605, '_a3_': 3.3825181555466273, '_a4_': -0.07343830966652531, '_a7_': 0.41819238735944575, '_a1_': 1.0, '_a2_': 1.0, '_a5_': 1.0, '_a6_': 1.0}};{'d0': 0.024885482501866826};-276.524567593313;51.09578282626637
5450;-87.1665009703898;((-(pow2(((_a4_ * _a0_) * x))) + (_a4_ * _a3_)) + (pow3((x + _a7_)) * _a3_));{'d0': {'_a0_': 19.878180529419605, '_a3_': 3.3825181555466273, '_a4_': -0.07343830966652531, '_a7_': 0.41819238735944575, '_a1_': 1.0, '_a2_': 1.0, '_a5_': 1.0, '_a6_': 1.0}};{'d0': 0.024885482501866826};-276.524567593313;51.09578282626637
5451;-87.1665009703898;((-(pow2(((_a4_ * _a0_) * x))) + (_a4_ * _a3_)) + (pow3((x + _a7_)) * _a3_));{'d0': {'_a0_': 19.878180529419605, '_a3_': 3.3825181555466273, '_a4_': -0.07343830966652531, '_a7_': 0.41819238735944575, '_a1_': 1.0, '_a2_': 1.0, '_a5_': 1.0, '_a6_': 1.0}};{'d0': 0.024885482501866826};-276.524567593313;51.09578282626637
5452;-87.1665009703898;((-(pow2(((_a4_ * _a0_) * x))) + (_a4_ * _a3_)) + (pow3((x + _a7_)) * _a3_));{'d0': {'_a0_': 19.878180529419605, '_a3_': 3.3825181555466273, '_a4_': -0.07343830966652531, '_a7_': 0.41819238735944575, '_a1_': 1.0, '_a2_': 1.0, '_a5_': 1.0, '_a6_': 1.0}};{'d0': 0.024885482501866826};-276.524567593313;51.09578282626637
5453;-87.1665009703898;((-(pow2(((_a4_ * _a0_) * x))) + (_a4_ * _a3_)) + (pow3((x + _a7_)) * _a3_));{'d0': {'_a0_': 19.878180529419605, '_a3_': 3.3825181555466273, '_a4_': -0.07343830966652531, '_a7_': 0.41819238735944575, '_a1_': 1.0, '_a2_': 1.0, '_a5_': 1.0, '_a6_': 1.0}};{'d0': 0.024885482501866826};-276.524567593313;51.09578282626637
5454;-87.1665009703898;((-(pow2(((_a4_ * _a0_) * x))) + (_a4_ * _a3_)) + (pow3((x + _a7_)) * _a3_));{'d0': {'_a0_': 19.878180529419605, '_a3_': 3.3825181555466273, '_a4_': -0.07343830966652531, '_a7_': 0.41819238735944575, '_a1_': 1.0, '_a2_': 1.0, '_a5_': 1.0, '_a6_': 1.0}};{'d0': 0.024885482501866826};-276.524567593313;51.09578282626637
5455;-92.1158408958467;((-(pow2((_a5_ * x))) + (_a4_ * _a3_)) + (pow3((x + _a7_)) * _a3_));{'d0': {'_a3_': 3.3825181517700105, '_a4_': -0.07343830981114845, '_a5_': 1.4598199776858314, '_a7_': 0.41819238771700856, '_a0_': 1.0, '_a1_': 1.0, '_a2_': 1.0, '_a6_': 1.0}};{'d0': 0.02488548250186689};-276.524567593312;46.146442900809376
5456;-92.1158408958467;((-(pow2((_a5_ * x))) + (_a4_ * _a3_)) + (pow3((x + _a7_)) * _a3_));{'d0': {'_a3_': 3.3825181517700105, '_a4_': -0.07343830981114845, '_a5_': 1.4598199776858314, '_a7_': 0.41819238771700856, '_a0_': 1.0, '_a1_': 1.0, '_a2_': 1.0, '_a6_': 1.0}};{'d0': 0.02488548250186689};-276.524567593312;46.146442900809376
5457;-92.1158408958467;((-(pow2((_a5_ * x))) + (_a4_ * _a3_)) + (pow3((x + _a7_)) * _a3_));{'d0': {'_a3_': 3.3825181517700105, '_a4_': -0.07343830981114845, '_a5_': 1.4598199776858314, '_a7_': 0.41819238771700856, '_a0_': 1.0, '_a1_': 1.0, '_a2_': 1.0, '_a6_': 1.0}};{'d0': 0.02488548250186689};-276.524567593312;46.146442900809376
5458;-92.1158408958467;((-(pow2((_a5_ * x))) + (_a4_ * _a3_)) + (pow3((x + _a7_)) * _a3_));{'d0': {'_a3_': 3.3825181517700105, '_a4_': -0.07343830981114845, '_a5_': 1.4598199776858314, '_a7_': 0.41819238771700856, '_a0_': 1.0, '_a1_': 1.0, '_a2_': 1.0, '_a6_': 1.0}};{'d0': 0.02488548250186689};-276.524567593312;46.146442900809376
5459;-92.1158408958467;((-(pow2((_a5_ * x))) + (_a4_ * _a3_)) + (pow3((x + _a7_)) * _a3_));{'d0': {'_a3_': 3.3825181517700105, '_a4_': -0.07343830981114845, '_a5_': 1.4598199776858314, '_a7_': 0.41819238771700856, '_a0_': 1.0, '_a1_': 1.0, '_a2_': 1.0, '_a6_': 1.0}};{'d0': 0.02488548250186689};-276.524567593312;46.146442900809376
5460;-92.1158408958467;((-(pow2((_a5_ * x))) + (_a4_ * _a3_)) + (pow3((x + _a7_)) * _a3_));{'d0': {'_a3_': 3.3825181517700105, '_a4_': -0.07343830981114845, '_a5_': 1.4598199776858314, '_a7_': 0.41819238771700856, '_a0_': 1.0, '_a1_': 1.0, '_a2_': 1.0, '_a6_': 1.0}};{'d0': 0.02488548250186689};-276.524567593312;46.146442900809376
5461;-92.1158408958467;((-(pow2((_a5_ * x))) + (_a4_ * _a3_)) + (pow3((x + _a7_)) * _a3_));{'d0': {'_a3_': 3.3825181517700105, '_a4_': -0.07343830981114845, '_a5_': 1.4598199776858314, '_a7_': 0.41819238771700856, '_a0_': 1.0, '_a1_': 1.0, '_a2_': 1.0, '_a6_': 1.0}};{'d0': 0.02488548250186689};-276.524567593312;46.146442900809376
5462;-109.408611468145;(x * (_a0_ + pow2(((_a7_ * x) + (_a0_ / _a6_)))));{'d0': {'_a0_': 1.4465760895235686, '_a6_': 2.523680605686695, '_a7_': 1.8375964947653864, '_a1_': 1.0, '_a2_': 1.0, '_a3_': 1.0, '_a4_': 1.0, '_a5_': 1.0}};{'d0': 0.024905832919416716};-280.569866449043;30.87632175637635
5463;-109.408611468145;(x * (_a0_ + pow2(((_a7_ * x) + (_a0_ / _a6_)))));{'d0': {'_a0_': 1.4465760895235686, '_a6_': 2.523680605686695, '_a7_': 1.8375964947653864, '_a1_': 1.0, '_a2_': 1.0, '_a3_': 1.0, '_a4_': 1.0, '_a5_': 1.0}};{'d0': 0.024905832919416716};-280.569866449043;30.87632175637635
5464;-109.408611468145;(x * (_a0_ + pow2(((_a7_ * x) + (_a0_ / _a6_)))));{'d0': {'_a0_': 1.4465760895235686, '_a6_': 2.523680605686695, '_a7_': 1.8375964947653864, '_a1_': 1.0, '_a2_': 1.0, '_a3_': 1.0, '_a4_': 1.0, '_a5_': 1.0}};{'d0': 0.024905832919416716};-280.569866449043;30.87632175637635
5465;-109.408611468145;(x * (_a0_ + pow2(((_a7_ * x) + (_a0_ / _a6_)))));{'d0': {'_a0_': 1.4465760895235686, '_a6_': 2.523680605686695, '_a7_': 1.8375964947653864, '_a1_': 1.0, '_a2_': 1.0, '_a3_': 1.0, '_a4_': 1.0, '_a5_': 1.0}};{'d0': 0.024905832919416716};-280.569866449043;30.87632175637635
5466;-109.408611468145;(x * (_a0_ + pow2(((_a7_ * x) + (_a0_ / _a6_)))));{'d0': {'_a0_': 1.4465760895235686, '_a6_': 2.523680605686695, '_a7_': 1.8375964947653864, '_a1_': 1.0, '_a2_': 1.0, '_a3_': 1.0, '_a4_': 1.0, '_a5_': 1.0}};{'d0': 0.024905832919416716};-280.569866449043;30.87632175637635
5467;-109.408611468145;(x * (_a0_ + pow2(((_a7_ * x) + (_a0_ / _a6_)))));{'d0': {'_a0_': 1.4465760895235686, '_a6_': 2.523680605686695, '_a7_': 1.8375964947653864, '_a1_': 1.0, '_a2_': 1.0, '_a3_': 1.0, '_a4_': 1.0, '_a5_': 1.0}};{'d0': 0.024905832919416716};-280.569866449043;30.87632175637635
5468;-109.408611468145;(x * (_a0_ + pow2(((_a7_ * x) + (_a0_ / _a6_)))));{'d0': {'_a0_': 1.4465760895235686, '_a6_': 2.523680605686695, '_a7_': 1.8375964947653864, '_a1_': 1.0, '_a2_': 1.0, '_a3_': 1.0, '_a4_': 1.0, '_a5_': 1.0}};{'d0': 0.024905832919416716};-280.569866449043;30.87632175637635
5469;-109.408611468145;(x * (_a0_ + pow2(((_a7_ * x) + (_a0_ / _a6_)))));{'d0': {'_a0_': 1.4465760895235686, '_a6_': 2.523680605686695, '_a7_': 1.8375964947653864, '_a1_': 1.0, '_a2_': 1.0, '_a3_': 1.0, '_a4_': 1.0, '_a5_': 1.0}};{'d0': 0.024905832919416716};-280.569866449043;30.87632175637635
5470;-109.408611468145;(x * (_a0_ + pow2(((_a7_ * x) + (_a0_ / _a6_)))));{'d0': {'_a0_': 1.4465760895235686, '_a6_': 2.523680605686695, '_a7_': 1.8375964947653864, '_a1_': 1.0, '_a2_': 1.0, '_a3_': 1.0, '_a4_': 1.0, '_a5_': 1.0}};{'d0': 0.024905832919416716};-280.569866449043;30.87632175637635
5471;-109.408611468145;(x * (_a0_ + pow2(((_a7_ * x) + (_a0_ / _a6_)))));{'d0': {'_a0_': 1.4465760895235686, '_a6_': 2.523680605686695, '_a7_': 1.8375964947653864, '_a1_': 1.0, '_a2_': 1.0, '_a3_': 1.0, '_a4_': 1.0, '_a5_': 1.0}};{'d0': 0.024905832919416716};-280.569866449043;30.87632175637635
5472;-109.408611468145;(x * (_a0_ + pow2(((_a7_ * x) + (_a0_ / _a6_)))));{'d0': {'_a0_': 1.4465760895235686, '_a6_': 2.523680605686695, '_a7_': 1.8375964947653864, '_a1_': 1.0, '_a2_': 1.0, '_a3_': 1.0, '_a4_': 1.0, '_a5_': 1.0}};{'d0': 0.024905832919416716};-280.569866449043;30.87632175637635
5473;-109.408611468145;(x * (_a0_ + pow2(((_a7_ * x) + (_a0_ / _a6_)))));{'d0': {'_a0_': 1.4465760895235686, '_a6_': 2.523680605686695, '_a7_': 1.8375964947653864, '_a1_': 1.0, '_a2_': 1.0, '_a3_': 1.0, '_a4_': 1.0, '_a5_': 1.0}};{'d0': 0.024905832919416716};-280.569866449043;30.87632175637635
5474;-109.408611468145;(x * (_a0_ + pow2(((_a7_ * x) + (_a0_ / _a6_)))));{'d0': {'_a0_': 1.4465760895235686, '_a6_': 2.523680605686695, '_a7_': 1.8375964947653864, '_a1_': 1.0, '_a2_': 1.0, '_a3_': 1.0, '_a4_': 1.0, '_a5_': 1.0}};{'d0': 0.024905832919416716};-280.569866449043;30.87632175637635
5475;-109.408611468145;(x * (_a0_ + pow2(((_a7_ * x) + (_a0_ / _a6_)))));{'d0': {'_a0_': 1.4465760895235686, '_a6_': 2.523680605686695, '_a7_': 1.8375964947653864, '_a1_': 1.0, '_a2_': 1.0, '_a3_': 1.0, '_a4_': 1.0, '_a5_': 1.0}};{'d0': 0.024905832919416716};-280.569866449043;30.87632175637635
5476;-109.408611468145;(x * (_a0_ + pow2(((_a7_ * x) + (_a0_ / _a6_)))));{'d0': {'_a0_': 1.4465760895235686, '_a6_': 2.523680605686695, '_a7_': 1.8375964947653864, '_a1_': 1.0, '_a2_': 1.0, '_a3_': 1.0, '_a4_': 1.0, '_a5_': 1.0}};{'d0': 0.024905832919416716};-280.569866449043;30.87632175637635
5477;-109.408611468145;(x * (_a0_ + pow2(((_a7_ * x) + (_a0_ / _a6_)))));{'d0': {'_a0_': 1.4465760895235686, '_a6_': 2.523680605686695, '_a7_': 1.8375964947653864, '_a1_': 1.0, '_a2_': 1.0, '_a3_': 1.0, '_a4_': 1.0, '_a5_': 1.0}};{'d0': 0.024905832919416716};-280.569866449043;30.87632175637635
5478;-109.408611468145;(x * (_a0_ + pow2(((_a7_ * x) + (_a0_ / _a6_)))));{'d0': {'_a0_': 1.4465760895235686, '_a6_': 2.523680605686695, '_a7_': 1.8375964947653864, '_a1_': 1.0, '_a2_': 1.0, '_a3_': 1.0, '_a4_': 1.0, '_a5_': 1.0}};{'d0': 0.024905832919416716};-280.569866449043;30.87632175637635
5479;-109.408611468145;(x * (_a0_ + pow2(((_a7_ * x) + (_a0_ / _a6_)))));{'d0': {'_a0_': 1.4465760895235686, '_a6_': 2.523680605686695, '_a7_': 1.8375964947653864, '_a1_': 1.0, '_a2_': 1.0, '_a3_': 1.0, '_a4_': 1.0, '_a5_': 1.0}};{'d0': 0.024905832919416716};-280.569866449043;30.87632175637635
5480;-96.2113538828109;(((((x + _a3_) * x) * (_a5_ * _a1_)) + (_a5_ / _a1_)) * (x * _a7_));{'d0': {'_a1_': -1.3792227455892698, '_a3_': 0.623859415696359, '_a5_': 15.259502914564075, '_a7_': -0.16044473917806204, '_a0_': 1.0, '_a2_': 1.0, '_a4_': 1.0, '_a6_': 1.0}};{'d0': 0.024905832919800485};-276.475521885897;42.02640706013743
5481;-96.2113538828109;(((((x + _a3_) * x) * (_a5_ * _a1_)) + (_a5_ / _a1_)) * (x * _a7_));{'d0': {'_a1_': -1.3792227455892698, '_a3_': 0.623859415696359, '_a5_': 15.259502914564075, '_a7_': -0.16044473917806204, '_a0_': 1.0, '_a2_': 1.0, '_a4_': 1.0, '_a6_': 1.0}};{'d0': 0.024905832919800485};-276.475521885897;42.02640706013743
5482;-96.2113538828109;(((((x + _a3_) * x) * (_a5_ * _a1_)) + (_a5_ / _a1_)) * (x * _a7_));{'d0': {'_a1_': -1.3792227455892698, '_a3_': 0.623859415696359, '_a5_': 15.259502914564075, '_a7_': -0.16044473917806204, '_a0_': 1.0, '_a2_': 1.0, '_a4_': 1.0, '_a6_': 1.0}};{'d0': 0.024905832919800485};-276.475521885897;42.02640706013743
5483;-96.2113538788181;(((((x + _a3_) * x) * (_a5_ * _a1_)) + (_a5_ / _a7_)) * (x * _a7_));{'d0': {'_a1_': -4.754948144945292, '_a3_': 0.6238594155187359, '_a5_': 1.7751354041493237, '_a7_': -0.4000578191055337, '_a0_': 1.0, '_a2_': 1.0, '_a4_': 1.0, '_a6_': 1.0}};{'d0': 0.024905832923115323};-276.475521877911;42.02640706013743
5484;-96.2113538788181;(((((x + _a3_) * x) * (_a5_ * _a1_)) + (_a5_ / _a7_)) * (x * _a7_));{'d0': {'_a1_': -4.754948144945292, '_a3_': 0.6238594155187359, '_a5_': 1.7751354041493237, '_a7_': -0.4000578191055337, '_a0_': 1.0, '_a2_': 1.0, '_a4_': 1.0, '_a6_': 1.0}};{'d0': 0.024905832923115323};-276.475521877911;42.02640706013743
5485;-101.233051094927;(((((x + _a3_) * x) * _a1_) + (_a5_ / _a7_)) * (x * _a7_));{'d0': {'_a1_': -6.1829076601315665, '_a3_': 0.6238594155602555, '_a5_': 1.775135404199901, '_a7_': -0.5461444205303835, '_a0_': 1.0, '_a2_': 1.0, '_a4_': 1.0, '_a6_': 1.0}};{'d0': 0.024905832919521004};-276.475521886570;37.00470984835843
5486;-103.280223376163;(((((x + _a3_) * x) * _a1_) + (_a1_ / _a7_)) * (x * _a7_));{'d0': {'_a1_': 1.7751354044229752, '_a3_': 0.6238594155839466, '_a7_': 1.902255382605596, '_a0_': 1.0, '_a2_': 1.0, '_a4_': 1.0, '_a5_': 1.0, '_a6_': 1.0}};{'d0': 0.02490583291941662};-280.569866449044;37.00470984835843
5487;-103.280223376163;(((((x + _a3_) * x) * _a1_) + (_a1_ / _a7_)) * (x * _a7_));{'d0': {'_a1_': 1.7751354044229752, '_a3_': 0.6238594155839466, '_a7_': 1.902255382605596, '_a0_': 1.0, '_a2_': 1.0, '_a4_': 1.0, '_a5_': 1.0, '_a6_': 1.0}};{'d0': 0.02490583291941662};-280.569866449044;37.00470984835843
5488;-103.280223376163;(((((x + _a3_) * x) * _a1_) + (_a1_ / _a7_)) * (x * _a7_));{'d0': {'_a1_': 1.7751354044229752, '_a3_': 0.6238594155839466, '_a7_': 1.902255382605596, '_a0_': 1.0, '_a2_': 1.0, '_a4_': 1.0, '_a5_': 1.0, '_a6_': 1.0}};{'d0': 0.02490583291941662};-280.569866449044;37.00470984835843
5489;-103.280223376163;(((((x + _a3_) * x) * _a1_) + (_a1_ / _a7_)) * (x * _a7_));{'d0': {'_a1_': 1.7751354044229752, '_a3_': 0.6238594155839466, '_a7_': 1.902255382605596, '_a0_': 1.0, '_a2_': 1.0, '_a4_': 1.0, '_a5_': 1.0, '_a6_': 1.0}};{'d0': 0.02490583291941662};-280.569866449044;37.00470984835843
5490;-103.280223376163;(((((x + _a3_) * x) * _a1_) + (_a1_ / _a7_)) * (x * _a7_));{'d0': {'_a1_': 1.7751354044229752, '_a3_': 0.6238594155839466, '_a7_': 1.902255382605596, '_a0_': 1.0, '_a2_': 1.0, '_a4_': 1.0, '_a5_': 1.0, '_a6_': 1.0}};{'d0': 0.02490583291941662};-280.569866449044;37.00470984835843
5491;-103.280223376163;(((((x + _a3_) * x) * _a1_) + (_a1_ / _a7_)) * (x * _a7_));{'d0': {'_a1_': 1.7751354044229752, '_a3_': 0.6238594155839466, '_a7_': 1.902255382605596, '_a0_': 1.0, '_a2_': 1.0, '_a4_': 1.0, '_a5_': 1.0, '_a6_': 1.0}};{'d0': 0.02490583291941662};-280.569866449044;37.00470984835843
5492;-103.280223376163;(((((x + _a3_) * x) * _a1_) + (_a1_ / _a7_)) * (x * _a7_));{'d0': {'_a1_': 1.7751354044229752, '_a3_': 0.6238594155839466, '_a7_': 1.902255382605596, '_a0_': 1.0, '_a2_': 1.0, '_a4_': 1.0, '_a5_': 1.0, '_a6_': 1.0}};{'d0': 0.02490583291941662};-280.569866449044;37.00470984835843
5493;-103.280223376163;(((((x + _a3_) * x) * _a1_) + (_a1_ / _a7_)) * (x * _a7_));{'d0': {'_a1_': 1.7751354044229752, '_a3_': 0.6238594155839466, '_a7_': 1.902255382605596, '_a0_': 1.0, '_a2_': 1.0, '_a4_': 1.0, '_a5_': 1.0, '_a6_': 1.0}};{'d0': 0.02490583291941662};-280.569866449044;37.00470984835843
5494;-103.280223376163;(((((x + _a3_) * x) * _a1_) + (_a1_ / _a7_)) * (x * _a7_));{'d0': {'_a1_': 1.7751354044229752, '_a3_': 0.6238594155839466, '_a7_': 1.902255382605596, '_a0_': 1.0, '_a2_': 1.0, '_a4_': 1.0, '_a5_': 1.0, '_a6_': 1.0}};{'d0': 0.02490583291941662};-280.569866449044;37.00470984835843
5495;-103.280223376163;(((((x + _a3_) * x) * _a1_) + (_a1_ / _a7_)) * (x * _a7_));{'d0': {'_a1_': 1.7751354044229752, '_a3_': 0.6238594155839466, '_a7_': 1.902255382605596, '_a0_': 1.0, '_a2_': 1.0, '_a4_': 1.0, '_a5_': 1.0, '_a6_': 1.0}};{'d0': 0.02490583291941662};-280.569866449044;37.00470984835843
5496;-103.280223376163;(((((x + _a3_) * x) * _a1_) + (_a1_ / _a7_)) * (x * _a7_));{'d0': {'_a1_': 1.7751354044229752, '_a3_': 0.6238594155839466, '_a7_': 1.902255382605596, '_a0_': 1.0, '_a2_': 1.0, '_a4_': 1.0, '_a5_': 1.0, '_a6_': 1.0}};{'d0': 0.02490583291941662};-280.569866449044;37.00470984835843
5497;-103.280223376163;(((((x + _a3_) * x) * _a1_) + (_a1_ / _a7_)) * (x * _a7_));{'d0': {'_a1_': 1.7751354044229752, '_a3_': 0.6238594155839466, '_a7_': 1.902255382605596, '_a0_': 1.0, '_a2_': 1.0, '_a4_': 1.0, '_a5_': 1.0, '_a6_': 1.0}};{'d0': 0.02490583291941662};-280.569866449044;37.00470984835843
5498;-103.280223376163;(((((x + _a3_) * x) * _a1_) + (_a1_ / _a7_)) * (x * _a7_));{'d0': {'_a1_': 1.7751354044229752, '_a3_': 0.6238594155839466, '_a7_': 1.902255382605596, '_a0_': 1.0, '_a2_': 1.0, '_a4_': 1.0, '_a5_': 1.0, '_a6_': 1.0}};{'d0': 0.02490583291941662};-280.569866449044;37.00470984835843
5499;-103.280223376163;(((((x + _a3_) * x) * _a1_) + (_a1_ / _a7_)) * (x * _a7_));{'d0': {'_a1_': 1.7751354044229752, '_a3_': 0.6238594155839466, '_a7_': 1.902255382605596, '_a0_': 1.0, '_a2_': 1.0, '_a4_': 1.0, '_a5_': 1.0, '_a6_': 1.0}};{'d0': 0.02490583291941662};-280.569866449044;37.00470984835843
5500;-103.280223376163;(((((x + _a3_) * x) * _a1_) + (_a1_ / _a7_)) * (x * _a7_));{'d0': {'_a1_': 1.7751354044229752, '_a3_': 0.6238594155839466, '_a7_': 1.902255382605596, '_a0_': 1.0, '_a2_': 1.0, '_a4_': 1.0, '_a5_': 1.0, '_a6_': 1.0}};{'d0': 0.02490583291941662};-280.569866449044;37.00470984835843
5501;-103.280223376163;(((((x + _a3_) * x) * _a1_) + (_a1_ / _a7_)) * (x * _a7_));{'d0': {'_a1_': 1.7751354044229752, '_a3_': 0.6238594155839466, '_a7_': 1.902255382605596, '_a0_': 1.0, '_a2_': 1.0, '_a4_': 1.0, '_a5_': 1.0, '_a6_': 1.0}};{'d0': 0.02490583291941662};-280.569866449044;37.00470984835843
5502;-103.280223376163;(((((x + _a3_) * x) * _a1_) + (_a1_ / _a7_)) * (x * _a7_));{'d0': {'_a1_': 1.7751354044229752, '_a3_': 0.6238594155839466, '_a7_': 1.902255382605596, '_a0_': 1.0, '_a2_': 1.0, '_a4_': 1.0, '_a5_': 1.0, '_a6_': 1.0}};{'d0': 0.02490583291941662};-280.569866449044;37.00470984835843
5503;-103.280223376163;(((((x + _a3_) * x) * _a1_) + (_a1_ / _a7_)) * (x * _a7_));{'d0': {'_a1_': 1.7751354044229752, '_a3_': 0.6238594155839466, '_a7_': 1.902255382605596, '_a0_': 1.0, '_a2_': 1.0, '_a4_': 1.0, '_a5_': 1.0, '_a6_': 1.0}};{'d0': 0.02490583291941662};-280.569866449044;37.00470984835843
5504;-103.280223376163;(((((x + _a3_) * x) * _a1_) + (_a1_ / _a7_)) * (x * _a7_));{'d0': {'_a1_': 1.7751354044229752, '_a3_': 0.6238594155839466, '_a7_': 1.902255382605596, '_a0_': 1.0, '_a2_': 1.0, '_a4_': 1.0, '_a5_': 1.0, '_a6_': 1.0}};{'d0': 0.02490583291941662};-280.569866449044;37.00470984835843
5505;-109.408611468145;(x * (_a0_ + pow2(((_a7_ * x) + (_a0_ / _a6_)))));{'d0': {'_a0_': 1.4465760895235686, '_a6_': 2.523680605686695, '_a7_': 1.8375964947653864, '_a1_': 1.0, '_a2_': 1.0, '_a3_': 1.0, '_a4_': 1.0, '_a5_': 1.0}};{'d0': 0.024905832919416716};-280.569866449043;30.87632175637635
5506;-109.408611468145;(x * (_a0_ + pow2(((_a7_ * x) + (_a0_ / _a6_)))));{'d0': {'_a0_': 1.4465760895235686, '_a6_': 2.523680605686695, '_a7_': 1.8375964947653864, '_a1_': 1.0, '_a2_': 1.0, '_a3_': 1.0, '_a4_': 1.0, '_a5_': 1.0}};{'d0': 0.024905832919416716};-280.569866449043;30.87632175637635
5507;-109.408611468145;(x * (_a0_ + pow2(((_a7_ * x) + (_a0_ / _a6_)))));{'d0': {'_a0_': 1.4465760895235686, '_a6_': 2.523680605686695, '_a7_': 1.8375964947653864, '_a1_': 1.0, '_a2_': 1.0, '_a3_': 1.0, '_a4_': 1.0, '_a5_': 1.0}};{'d0': 0.024905832919416716};-280.569866449043;30.87632175637635
5508;-109.408611468145;(x * (_a0_ + pow2(((_a7_ * x) + (_a0_ / _a6_)))));{'d0': {'_a0_': 1.4465760895235686, '_a6_': 2.523680605686695, '_a7_': 1.8375964947653864, '_a1_': 1.0, '_a2_': 1.0, '_a3_': 1.0, '_a4_': 1.0, '_a5_': 1.0}};{'d0': 0.024905832919416716};-280.569866449043;30.87632175637635
5509;-109.408611468145;(x * (_a0_ + pow2(((_a7_ * x) + (_a0_ / _a6_)))));{'d0': {'_a0_': 1.4465760895235686, '_a6_': 2.523680605686695, '_a7_': 1.8375964947653864, '_a1_': 1.0, '_a2_': 1.0, '_a3_': 1.0, '_a4_': 1.0, '_a5_': 1.0}};{'d0': 0.024905832919416716};-280.569866449043;30.87632175637635
5510;-109.408611468145;(x * (_a0_ + pow2(((_a7_ * x) + (_a0_ / _a6_)))));{'d0': {'_a0_': 1.4465760895235686, '_a6_': 2.523680605686695, '_a7_': 1.8375964947653864, '_a1_': 1.0, '_a2_': 1.0, '_a3_': 1.0, '_a4_': 1.0, '_a5_': 1.0}};{'d0': 0.024905832919416716};-280.569866449043;30.87632175637635
5511;-109.408611468145;(x * (_a0_ + pow2(((_a7_ * x) + (_a0_ / _a6_)))));{'d0': {'_a0_': 1.4465760895235686, '_a6_': 2.523680605686695, '_a7_': 1.8375964947653864, '_a1_': 1.0, '_a2_': 1.0, '_a3_': 1.0, '_a4_': 1.0, '_a5_': 1.0}};{'d0': 0.024905832919416716};-280.569866449043;30.87632175637635
5512;-109.408611468145;(x * (_a0_ + pow2(((_a7_ * x) + (_a0_ / _a6_)))));{'d0': {'_a0_': 1.4465760895235686, '_a6_': 2.523680605686695, '_a7_': 1.8375964947653864, '_a1_': 1.0, '_a2_': 1.0, '_a3_': 1.0, '_a4_': 1.0, '_a5_': 1.0}};{'d0': 0.024905832919416716};-280.569866449043;30.87632175637635
5513;-109.408611468145;(x * (_a0_ + pow2(((_a7_ * x) + (_a0_ / _a6_)))));{'d0': {'_a0_': 1.4465760895235686, '_a6_': 2.523680605686695, '_a7_': 1.8375964947653864, '_a1_': 1.0, '_a2_': 1.0, '_a3_': 1.0, '_a4_': 1.0, '_a5_': 1.0}};{'d0': 0.024905832919416716};-280.569866449043;30.87632175637635
5514;-109.408611468145;(x * (_a0_ + pow2(((_a7_ * x) + (_a0_ / _a6_)))));{'d0': {'_a0_': 1.4465760895235686, '_a6_': 2.523680605686695, '_a7_': 1.8375964947653864, '_a1_': 1.0, '_a2_': 1.0, '_a3_': 1.0, '_a4_': 1.0, '_a5_': 1.0}};{'d0': 0.024905832919416716};-280.569866449043;30.87632175637635
5515;-109.408611468145;(x * (_a0_ + pow2(((_a7_ * x) + (_a0_ / _a6_)))));{'d0': {'_a0_': 1.4465760895235686, '_a6_': 2.523680605686695, '_a7_': 1.8375964947653864, '_a1_': 1.0, '_a2_': 1.0, '_a3_': 1.0, '_a4_': 1.0, '_a5_': 1.0}};{'d0': 0.024905832919416716};-280.569866449043;30.87632175637635
5516;-109.408611468145;(x * (_a6_ + pow2(((_a7_ * x) + (_a0_ / _a6_)))));{'d0': {'_a0_': 0.8291787707678846, '_a6_': 1.4465760892424844, '_a7_': 1.8375964950205699, '_a1_': 1.0, '_a2_': 1.0, '_a3_': 1.0, '_a4_': 1.0, '_a5_': 1.0}};{'d0': 0.024905832919416643};-280.569866449044;30.87632175637635
5517;-109.408611468145;(x * (_a6_ + pow2(((_a7_ * x) + (_a0_ / _a6_)))));{'d0': {'_a0_': 0.8291787707678846, '_a6_': 1.4465760892424844, '_a7_': 1.8375964950205699, '_a1_': 1.0, '_a2_': 1.0, '_a3_': 1.0, '_a4_': 1.0, '_a5_': 1.0}};{'d0': 0.024905832919416643};-280.569866449044;30.87632175637635
5518;-109.408611468145;(x * (_a6_ + pow2(((_a7_ * x) + (_a0_ / _a6_)))));{'d0': {'_a0_': 0.8291787707678846, '_a6_': 1.4465760892424844, '_a7_': 1.8375964950205699, '_a1_': 1.0, '_a2_': 1.0, '_a3_': 1.0, '_a4_': 1.0, '_a5_': 1.0}};{'d0': 0.024905832919416643};-280.569866449044;30.87632175637635
5519;-109.408611468145;(x * (_a6_ + pow2(((_a7_ * x) + (_a0_ / _a6_)))));{'d0': {'_a0_': 0.8291787707678846, '_a6_': 1.4465760892424844, '_a7_': 1.8375964950205699, '_a1_': 1.0, '_a2_': 1.0, '_a3_': 1.0, '_a4_': 1.0, '_a5_': 1.0}};{'d0': 0.024905832919416643};-280.569866449044;30.87632175637635
5520;-109.408611468145;(x * (_a6_ + pow2(((_a7_ * x) + (_a0_ / _a6_)))));{'d0': {'_a0_': 0.8291787707678846, '_a6_': 1.4465760892424844, '_a7_': 1.8375964950205699, '_a1_': 1.0, '_a2_': 1.0, '_a3_': 1.0, '_a4_': 1.0, '_a5_': 1.0}};{'d0': 0.024905832919416643};-280.569866449044;30.87632175637635
5521;-109.408611468145;(x * (_a6_ + pow2(((_a7_ * x) + (_a0_ / _a6_)))));{'d0': {'_a0_': 0.8291787707678846, '_a6_': 1.4465760892424844, '_a7_': 1.8375964950205699, '_a1_': 1.0, '_a2_': 1.0, '_a3_': 1.0, '_a4_': 1.0, '_a5_': 1.0}};{'d0': 0.024905832919416643};-280.569866449044;30.87632175637635
5522;-109.408611468145;(x * (_a6_ + pow2(((_a7_ * x) + (_a0_ / _a6_)))));{'d0': {'_a0_': 0.8291787707678846, '_a6_': 1.4465760892424844, '_a7_': 1.8375964950205699, '_a1_': 1.0, '_a2_': 1.0, '_a3_': 1.0, '_a4_': 1.0, '_a5_': 1.0}};{'d0': 0.024905832919416643};-280.569866449044;30.87632175637635
5523;-109.408611468145;(x * (_a6_ + pow2(((_a7_ * x) + (_a0_ / _a6_)))));{'d0': {'_a0_': 0.8291787707678846, '_a6_': 1.4465760892424844, '_a7_': 1.8375964950205699, '_a1_': 1.0, '_a2_': 1.0, '_a3_': 1.0, '_a4_': 1.0, '_a5_': 1.0}};{'d0': 0.024905832919416643};-280.569866449044;30.87632175637635
5524;-109.408611468145;(x * (_a6_ + pow2(((_a7_ * x) + (_a0_ / _a6_)))));{'d0': {'_a0_': 0.8291787707678846, '_a6_': 1.4465760892424844, '_a7_': 1.8375964950205699, '_a1_': 1.0, '_a2_': 1.0, '_a3_': 1.0, '_a4_': 1.0, '_a5_': 1.0}};{'d0': 0.024905832919416643};-280.569866449044;30.87632175637635
5525;-109.408611468145;(x * (_a6_ + pow2(((_a7_ * x) + (_a0_ / _a6_)))));{'d0': {'_a0_': 0.8291787707678846, '_a6_': 1.4465760892424844, '_a7_': 1.8375964950205699, '_a1_': 1.0, '_a2_': 1.0, '_a3_': 1.0, '_a4_': 1.0, '_a5_': 1.0}};{'d0': 0.024905832919416643};-280.569866449044;30.87632175637635
5526;-104.058817930787;(((((x + _a7_) * x) * _a1_) + (_a2_ * _a7_)) * (x * _a7_));{'d0': {'_a1_': 5.4126952234049055, '_a2_': 4.560978425002731, '_a7_': 0.623859415498462, '_a0_': 1.0, '_a3_': 1.0, '_a4_': 1.0, '_a5_': 1.0, '_a6_': 1.0}};{'d0': 0.024905832919416594};-280.569866449044;36.22611529373503
5527;-104.058817930787;(((((x + _a7_) * x) * _a1_) + (_a2_ * _a7_)) * (x * _a7_));{'d0': {'_a1_': 5.4126952234049055, '_a2_': 4.560978425002731, '_a7_': 0.623859415498462, '_a0_': 1.0, '_a3_': 1.0, '_a4_': 1.0, '_a5_': 1.0, '_a6_': 1.0}};{'d0': 0.024905832919416594};-280.569866449044;36.22611529373503
5528;-104.058817930787;(((((x + _a7_) * x) * _a1_) + (_a2_ * _a7_)) * (x * _a7_));{'d0': {'_a1_': 5.4126952234049055, '_a2_': 4.560978425002731, '_a7_': 0.623859415498462, '_a0_': 1.0, '_a3_': 1.0, '_a4_': 1.0, '_a5_': 1.0, '_a6_': 1.0}};{'d0': 0.024905832919416594};-280.569866449044;36.22611529373503
5529;-109.080515142566;(((((x + _a7_) * x) * _a1_) + _a2_) * (x * _a7_));{'d0': {'_a1_': 5.412695223938351, '_a2_': 2.8454093340452595, '_a7_': 0.6238594155768207, '_a0_': 1.0, '_a3_': 1.0, '_a4_': 1.0, '_a5_': 1.0, '_a6_': 1.0}};{'d0': 0.024905832919416622};-280.569866449044;31.204418081956028
5530;-103.721183112456;(((((x + log(_a2_)) * x) * _a1_) + _a2_) * (x * _a7_));{'d0': {'_a1_': 3.5498297391753253, '_a2_': 1.866116279921536, '_a7_': 0.9512458699986018, '_a0_': 1.0, '_a3_': 1.0, '_a4_': 1.0, '_a5_': 1.0, '_a6_': 1.0}};{'d0': 0.024905832919416598};-280.569866449044;36.56375011206603
5531;-109.408611468145;(x * (_a6_ + pow2(((_a7_ * x) + (_a0_ / _a6_)))));{'d0': {'_a0_': 0.8291787707678846, '_a6_': 1.4465760892424844, '_a7_': 1.8375964950205699, '_a1_': 1.0, '_a2_': 1.0, '_a3_': 1.0, '_a4_': 1.0, '_a5_': 1.0}};{'d0': 0.024905832919416643};-280.569866449044;30.87632175637635
5532;-109.408611468145;(x * (_a6_ + pow2(((_a7_ * x) + (_a0_ / _a6_)))));{'d0': {'_a0_': 0.8291787707678846, '_a6_': 1.4465760892424844, '_a7_': 1.8375964950205699, '_a1_': 1.0, '_a2_': 1.0, '_a3_': 1.0, '_a4_': 1.0, '_a5_': 1.0}};{'d0': 0.024905832919416643};-280.569866449044;30.87632175637635
5533;-109.408611468145;(x * (_a6_ + pow2(((_a7_ * x) + (_a0_ / _a6_)))));{'d0': {'_a0_': 0.8291787707678846, '_a6_': 1.4465760892424844, '_a7_': 1.8375964950205699, '_a1_': 1.0, '_a2_': 1.0, '_a3_': 1.0, '_a4_': 1.0, '_a5_': 1.0}};{'d0': 0.024905832919416643};-280.569866449044;30.87632175637635
5534;-109.408611468145;(x * (_a6_ + pow2(((_a7_ * x) + (_a0_ / _a6_)))));{'d0': {'_a0_': 0.8291787707678846, '_a6_': 1.4465760892424844, '_a7_': 1.8375964950205699, '_a1_': 1.0, '_a2_': 1.0, '_a3_': 1.0, '_a4_': 1.0, '_a5_': 1.0}};{'d0': 0.024905832919416643};-280.569866449044;30.87632175637635
5535;-109.408611468145;(x * (_a6_ + pow2(((_a7_ * x) + (_a0_ / _a6_)))));{'d0': {'_a0_': 0.8291787707678846, '_a6_': 1.4465760892424844, '_a7_': 1.8375964950205699, '_a1_': 1.0, '_a2_': 1.0, '_a3_': 1.0, '_a4_': 1.0, '_a5_': 1.0}};{'d0': 0.024905832919416643};-280.569866449044;30.87632175637635
5536;-109.408611468145;(x * (_a6_ + pow2(((_a7_ * x) + (_a0_ / _a6_)))));{'d0': {'_a0_': 0.8291787707678846, '_a6_': 1.4465760892424844, '_a7_': 1.8375964950205699, '_a1_': 1.0, '_a2_': 1.0, '_a3_': 1.0, '_a4_': 1.0, '_a5_': 1.0}};{'d0': 0.024905832919416643};-280.569866449044;30.87632175637635
5537;-109.408611468145;(x * (_a6_ + pow2(((_a7_ * x) + (_a0_ / _a6_)))));{'d0': {'_a0_': 0.8291787707678846, '_a6_': 1.4465760892424844, '_a7_': 1.8375964950205699, '_a1_': 1.0, '_a2_': 1.0, '_a3_': 1.0, '_a4_': 1.0, '_a5_': 1.0}};{'d0': 0.024905832919416643};-280.569866449044;30.87632175637635
5538;-109.408611468145;(x * (_a6_ + pow2(((_a7_ * x) + (_a0_ / _a6_)))));{'d0': {'_a0_': 0.8291787707678846, '_a6_': 1.4465760892424844, '_a7_': 1.8375964950205699, '_a1_': 1.0, '_a2_': 1.0, '_a3_': 1.0, '_a4_': 1.0, '_a5_': 1.0}};{'d0': 0.024905832919416643};-280.569866449044;30.87632175637635
5539;-109.408611468145;(x * (_a6_ + pow2(((_a7_ * x) + (_a0_ / _a6_)))));{'d0': {'_a0_': 0.8291787707678846, '_a6_': 1.4465760892424844, '_a7_': 1.8375964950205699, '_a1_': 1.0, '_a2_': 1.0, '_a3_': 1.0, '_a4_': 1.0, '_a5_': 1.0}};{'d0': 0.024905832919416643};-280.569866449044;30.87632175637635
5540;-109.408611468145;(x * (_a6_ + pow2(((_a7_ * x) + (_a0_ / _a6_)))));{'d0': {'_a0_': 0.8291787707678846, '_a6_': 1.4465760892424844, '_a7_': 1.8375964950205699, '_a1_': 1.0, '_a2_': 1.0, '_a3_': 1.0, '_a4_': 1.0, '_a5_': 1.0}};{'d0': 0.024905832919416643};-280.569866449044;30.87632175637635
5541;-109.408611468145;(x * (_a6_ + pow2(((_a7_ * x) + (_a0_ / _a6_)))));{'d0': {'_a0_': 0.8291787707678846, '_a6_': 1.4465760892424844, '_a7_': 1.8375964950205699, '_a1_': 1.0, '_a2_': 1.0, '_a3_': 1.0, '_a4_': 1.0, '_a5_': 1.0}};{'d0': 0.024905832919416643};-280.569866449044;30.87632175637635
5542;-109.408611468145;(x * (_a6_ + pow2(((_a7_ * x) + (_a0_ / _a6_)))));{'d0': {'_a0_': 0.8291787707678846, '_a6_': 1.4465760892424844, '_a7_': 1.8375964950205699, '_a1_': 1.0, '_a2_': 1.0, '_a3_': 1.0, '_a4_': 1.0, '_a5_': 1.0}};{'d0': 0.024905832919416643};-280.569866449044;30.87632175637635
5543;-109.408611468145;(x * (_a6_ + pow2(((_a7_ * x) + (_a0_ / _a6_)))));{'d0': {'_a0_': 0.8291787707678846, '_a6_': 1.4465760892424844, '_a7_': 1.8375964950205699, '_a1_': 1.0, '_a2_': 1.0, '_a3_': 1.0, '_a4_': 1.0, '_a5_': 1.0}};{'d0': 0.024905832919416643};-280.569866449044;30.87632175637635
5544;-109.408611468145;(x * (_a6_ + pow2(((_a7_ * x) + (_a0_ / _a6_)))));{'d0': {'_a0_': 0.8291787707678846, '_a6_': 1.4465760892424844, '_a7_': 1.8375964950205699, '_a1_': 1.0, '_a2_': 1.0, '_a3_': 1.0, '_a4_': 1.0, '_a5_': 1.0}};{'d0': 0.024905832919416643};-280.569866449044;30.87632175637635
5545;-109.408611468145;(x * (_a6_ + pow2(((_a7_ * x) + (_a0_ / _a6_)))));{'d0': {'_a0_': 0.8291787707678846, '_a6_': 1.4465760892424844, '_a7_': 1.8375964950205699, '_a1_': 1.0, '_a2_': 1.0, '_a3_': 1.0, '_a4_': 1.0, '_a5_': 1.0}};{'d0': 0.024905832919416643};-280.569866449044;30.87632175637635
5546;-109.408611468145;(x * (_a6_ + pow2(((_a7_ * x) + (_a0_ / _a6_)))));{'d0': {'_a0_': 0.8291787707678846, '_a6_': 1.4465760892424844, '_a7_': 1.8375964950205699, '_a1_': 1.0, '_a2_': 1.0, '_a3_': 1.0, '_a4_': 1.0, '_a5_': 1.0}};{'d0': 0.024905832919416643};-280.569866449044;30.87632175637635
5547;-109.408611468145;(x * (_a6_ + pow2(((_a7_ * x) + (_a0_ / _a6_)))));{'d0': {'_a0_': 0.8291787707678846, '_a6_': 1.4465760892424844, '_a7_': 1.8375964950205699, '_a1_': 1.0, '_a2_': 1.0, '_a3_': 1.0, '_a4_': 1.0, '_a5_': 1.0}};{'d0': 0.024905832919416643};-280.569866449044;30.87632175637635
5548;-109.408611468145;(x * (_a6_ + pow2(((_a7_ * x) + (_a0_ / _a6_)))));{'d0': {'_a0_': 0.8291787707678846, '_a6_': 1.4465760892424844, '_a7_': 1.8375964950205699, '_a1_': 1.0, '_a2_': 1.0, '_a3_': 1.0, '_a4_': 1.0, '_a5_': 1.0}};{'d0': 0.024905832919416643};-280.569866449044;30.87632175637635
5549;-103.721183112456;(((((x + log(_a2_)) * x) * _a1_) + _a2_) * (x * _a7_));{'d0': {'_a1_': 3.5498297391753253, '_a2_': 1.866116279921536, '_a7_': 0.9512458699986018, '_a0_': 1.0, '_a3_': 1.0, '_a4_': 1.0, '_a5_': 1.0, '_a6_': 1.0}};{'d0': 0.024905832919416598};-280.569866449044;36.56375011206603
5550;-103.721183112456;(((((x + log(_a2_)) * x) * _a1_) + _a2_) * (x * _a7_));{'d0': {'_a1_': 3.5498297391753253, '_a2_': 1.866116279921536, '_a7_': 0.9512458699986018, '_a0_': 1.0, '_a3_': 1.0, '_a4_': 1.0, '_a5_': 1.0, '_a6_': 1.0}};{'d0': 0.024905832919416598};-280.569866449044;36.56375011206603
5551;-103.721183112456;(((((x + log(_a2_)) * x) * _a1_) + _a2_) * (x * _a7_));{'d0': {'_a1_': 3.5498297391753253, '_a2_': 1.866116279921536, '_a7_': 0.9512458699986018, '_a0_': 1.0, '_a3_': 1.0, '_a4_': 1.0, '_a5_': 1.0, '_a6_': 1.0}};{'d0': 0.024905832919416598};-280.569866449044;36.56375011206603
5552;-103.721183112456;(((((x + log(_a2_)) * x) * _a1_) + _a2_) * (x * _a7_));{'d0': {'_a1_': 3.5498297391753253, '_a2_': 1.866116279921536, '_a7_': 0.9512458699986018, '_a0_': 1.0, '_a3_': 1.0, '_a4_': 1.0, '_a5_': 1.0, '_a6_': 1.0}};{'d0': 0.024905832919416598};-280.569866449044;36.56375011206603
5553;-103.721183112456;(((((x + log(_a2_)) * x) * _a1_) + _a2_) * (x * _a7_));{'d0': {'_a1_': 3.5498297391753253, '_a2_': 1.866116279921536, '_a7_': 0.9512458699986018, '_a0_': 1.0, '_a3_': 1.0, '_a4_': 1.0, '_a5_': 1.0, '_a6_': 1.0}};{'d0': 0.024905832919416598};-280.569866449044;36.56375011206603
5554;-103.721183112456;(((((x + log(_a2_)) * x) * _a1_) + _a2_) * (x * _a7_));{'d0': {'_a1_': 3.5498297391753253, '_a2_': 1.866116279921536, '_a7_': 0.9512458699986018, '_a0_': 1.0, '_a3_': 1.0, '_a4_': 1.0, '_a5_': 1.0, '_a6_': 1.0}};{'d0': 0.024905832919416598};-280.569866449044;36.56375011206603
5555;-103.721183112456;(((((x + log(_a2_)) * x) * _a1_) + _a2_) * (x * _a7_));{'d0': {'_a1_': 3.5498297391753253, '_a2_': 1.866116279921536, '_a7_': 0.9512458699986018, '_a0_': 1.0, '_a3_': 1.0, '_a4_': 1.0, '_a5_': 1.0, '_a6_': 1.0}};{'d0': 0.024905832919416598};-280.569866449044;36.56375011206603
5556;-103.721183112456;(((((x + log(_a2_)) * x) * _a1_) + _a2_) * (x * _a7_));{'d0': {'_a1_': 3.5498297391753253, '_a2_': 1.866116279921536, '_a7_': 0.9512458699986018, '_a0_': 1.0, '_a3_': 1.0, '_a4_': 1.0, '_a5_': 1.0, '_a6_': 1.0}};{'d0': 0.024905832919416598};-280.569866449044;36.56375011206603
5557;-103.721183112456;(((((x + log(_a2_)) * x) * _a1_) + _a2_) * (x * _a7_));{'d0': {'_a1_': 3.5498297391753253, '_a2_': 1.866116279921536, '_a7_': 0.9512458699986018, '_a0_': 1.0, '_a3_': 1.0, '_a4_': 1.0, '_a5_': 1.0, '_a6_': 1.0}};{'d0': 0.024905832919416598};-280.569866449044;36.56375011206603
5558;-103.721183112456;(((((x + log(_a2_)) * x) * _a1_) + _a2_) * (x * _a7_));{'d0': {'_a1_': 3.5498297391753253, '_a2_': 1.866116279921536, '_a7_': 0.9512458699986018, '_a0_': 1.0, '_a3_': 1.0, '_a4_': 1.0, '_a5_': 1.0, '_a6_': 1.0}};{'d0': 0.024905832919416598};-280.569866449044;36.56375011206603
5559;-103.721183112456;(((((x + log(_a2_)) * x) * _a1_) + _a2_) * (x * _a7_));{'d0': {'_a1_': 3.5498297391753253, '_a2_': 1.866116279921536, '_a7_': 0.9512458699986018, '_a0_': 1.0, '_a3_': 1.0, '_a4_': 1.0, '_a5_': 1.0, '_a6_': 1.0}};{'d0': 0.024905832919416598};-280.569866449044;36.56375011206603
5560;-103.721183112456;(((((x + log(_a2_)) * x) * _a1_) + _a2_) * (x * _a7_));{'d0': {'_a1_': 3.5498297391753253, '_a2_': 1.866116279921536, '_a7_': 0.9512458699986018, '_a0_': 1.0, '_a3_': 1.0, '_a4_': 1.0, '_a5_': 1.0, '_a6_': 1.0}};{'d0': 0.024905832919416598};-280.569866449044;36.56375011206603
5561;-103.721183112456;(((((x + log(_a2_)) * x) * _a1_) + _a2_) * (x * _a7_));{'d0': {'_a1_': 3.5498297391753253, '_a2_': 1.866116279921536, '_a7_': 0.9512458699986018, '_a0_': 1.0, '_a3_': 1.0, '_a4_': 1.0, '_a5_': 1.0, '_a6_': 1.0}};{'d0': 0.024905832919416598};-280.569866449044;36.56375011206603
5562;-101.233051094972;(((((x + (_a4_ / _a1_)) * x) * _a1_) + _a2_) * (x * _a7_));{'d0': {'_a1_': 3.4333759543058258, '_a2_': 1.804897483698222, '_a4_': 2.141943916745975, '_a7_': 0.9835103499194331, '_a0_': 1.0, '_a3_': 1.0, '_a5_': 1.0, '_a6_': 1.0}};{'d0': 0.02490583291948298};-276.475521886662;37.00470984835843
5563;-101.233051094972;(((((x + (_a4_ / _a1_)) * x) * _a1_) + _a2_) * (x * _a7_));{'d0': {'_a1_': 3.4333759543058258, '_a2_': 1.804897483698222, '_a4_': 2.141943916745975, '_a7_': 0.9835103499194331, '_a0_': 1.0, '_a3_': 1.0, '_a5_': 1.0, '_a6_': 1.0}};{'d0': 0.02490583291948298};-276.475521886662;37.00470984835843
5564;-101.233051094972;(((((x + (_a4_ / _a1_)) * x) * _a1_) + _a2_) * (x * _a7_));{'d0': {'_a1_': 3.4333759543058258, '_a2_': 1.804897483698222, '_a4_': 2.141943916745975, '_a7_': 0.9835103499194331, '_a0_': 1.0, '_a3_': 1.0, '_a5_': 1.0, '_a6_': 1.0}};{'d0': 0.02490583291948298};-276.475521886662;37.00470984835843
5565;-101.233051094972;(((((x + (_a4_ / _a1_)) * x) * _a1_) + _a2_) * (x * _a7_));{'d0': {'_a1_': 3.4333759543058258, '_a2_': 1.804897483698222, '_a4_': 2.141943916745975, '_a7_': 0.9835103499194331, '_a0_': 1.0, '_a3_': 1.0, '_a5_': 1.0, '_a6_': 1.0}};{'d0': 0.02490583291948298};-276.475521886662;37.00470984835843
5566;-101.233051094972;(((((x + (_a4_ / _a1_)) * x) * _a1_) + _a2_) * (x * _a7_));{'d0': {'_a1_': 3.4333759543058258, '_a2_': 1.804897483698222, '_a4_': 2.141943916745975, '_a7_': 0.9835103499194331, '_a0_': 1.0, '_a3_': 1.0, '_a5_': 1.0, '_a6_': 1.0}};{'d0': 0.02490583291948298};-276.475521886662;37.00470984835843
5567;-101.233051094972;(((((x + (_a4_ / _a1_)) * x) * _a1_) + _a2_) * (x * _a7_));{'d0': {'_a1_': 3.4333759543058258, '_a2_': 1.804897483698222, '_a4_': 2.141943916745975, '_a7_': 0.9835103499194331, '_a0_': 1.0, '_a3_': 1.0, '_a5_': 1.0, '_a6_': 1.0}};{'d0': 0.02490583291948298};-276.475521886662;37.00470984835843
5568;-101.233051094972;(((((x + (_a4_ / _a1_)) * x) * _a1_) + _a2_) * (x * _a7_));{'d0': {'_a1_': 3.4333759543058258, '_a2_': 1.804897483698222, '_a4_': 2.141943916745975, '_a7_': 0.9835103499194331, '_a0_': 1.0, '_a3_': 1.0, '_a5_': 1.0, '_a6_': 1.0}};{'d0': 0.02490583291948298};-276.475521886662;37.00470984835843
5569;-101.112741790900;(((((x + (_a4_ + _a1_)) * x) * _a1_) + _a2_) * (x * _a7_));{'d0': {'_a1_': 18.72037107608501, '_a2_': 9.841145013054328, '_a4_': -18.09651166069762, '_a7_': 0.18037886872012363, '_a0_': 1.0, '_a3_': 1.0, '_a5_': 1.0, '_a6_': 1.0}};{'d0': 0.024905832937286654};-276.475521843771;37.12501913098603
5570;-101.112741790900;(((((x + (_a4_ + _a1_)) * x) * _a1_) + _a2_) * (x * _a7_));{'d0': {'_a1_': 18.72037107608501, '_a2_': 9.841145013054328, '_a4_': -18.09651166069762, '_a7_': 0.18037886872012363, '_a0_': 1.0, '_a3_': 1.0, '_a5_': 1.0, '_a6_': 1.0}};{'d0': 0.024905832937286654};-276.475521843771;37.12501913098603
5571;-101.112741790900;(((((x + (_a4_ + _a1_)) * x) * _a1_) + _a2_) * (x * _a7_));{'d0': {'_a1_': 18.72037107608501, '_a2_': 9.841145013054328, '_a4_': -18.09651166069762, '_a7_': 0.18037886872012363, '_a0_': 1.0, '_a3_': 1.0, '_a5_': 1.0, '_a6_': 1.0}};{'d0': 0.024905832937286654};-276.475521843771;37.12501913098603
5572;-101.112741790900;(((((x + (_a4_ + _a1_)) * x) * _a1_) + _a2_) * (x * _a7_));{'d0': {'_a1_': 18.72037107608501, '_a2_': 9.841145013054328, '_a4_': -18.09651166069762, '_a7_': 0.18037886872012363, '_a0_': 1.0, '_a3_': 1.0, '_a5_': 1.0, '_a6_': 1.0}};{'d0': 0.024905832937286654};-276.475521843771;37.12501913098603
5573;-96.0910445957407;(((((x + (_a4_ + _a1_)) * x) * _a1_) + (_a1_ * _a2_)) * (x * _a7_));{'d0': {'_a1_': 14.225152760513975, '_a2_': 0.5256917706618714, '_a4_': -13.601293344822817, '_a7_': 0.23737953526058841, '_a0_': 1.0, '_a3_': 1.0, '_a5_': 1.0, '_a6_': 1.0}};{'d0': 0.024905832923488688};-276.475521877012;42.14671634276503
5574;-96.0910446005277;(((((x + (_a4_ + _a1_)) * x) * _a1_) + (_a1_ * _a0_)) * (x * _a7_));{'d0': {'_a0_': 0.5256917706143381, '_a1_': 22.0138866516998, '_a4_': -21.390027236154946, '_a7_': 0.15339230268802972, '_a2_': 1.0, '_a3_': 1.0, '_a5_': 1.0, '_a6_': 1.0}};{'d0': 0.024905832919514526};-276.475521886586;42.14671634276503
5575;-96.0910446005277;(((((x + (_a4_ + _a1_)) * x) * _a1_) + (_a1_ * _a0_)) * (x * _a7_));{'d0': {'_a0_': 0.5256917706143381, '_a1_': 22.0138866516998, '_a4_': -21.390027236154946, '_a7_': 0.15339230268802972, '_a2_': 1.0, '_a3_': 1.0, '_a5_': 1.0, '_a6_': 1.0}};{'d0': 0.024905832919514526};-276.475521886586;42.14671634276503
5576;-96.0910446005277;(((((x + (_a4_ + _a1_)) * x) * _a1_) + (_a1_ * _a0_)) * (x * _a7_));{'d0': {'_a0_': 0.5256917706143381, '_a1_': 22.0138866516998, '_a4_': -21.390027236154946, '_a7_': 0.15339230268802972, '_a2_': 1.0, '_a3_': 1.0, '_a5_': 1.0, '_a6_': 1.0}};{'d0': 0.024905832919514526};-276.475521886586;42.14671634276503
5577;-96.0910446005277;(((((x + (_a4_ + _a1_)) * x) * _a1_) + (_a1_ * _a0_)) * (x * _a7_));{'d0': {'_a0_': 0.5256917706143381, '_a1_': 22.0138866516998, '_a4_': -21.390027236154946, '_a7_': 0.15339230268802972, '_a2_': 1.0, '_a3_': 1.0, '_a5_': 1.0, '_a6_': 1.0}};{'d0': 0.024905832919514526};-276.475521886586;42.14671634276503
5578;-95.3124500456496;(((((x + (_a4_ + _a1_)) * x) / _a1_) + (_a1_ * _a0_)) * (x * _a7_));{'d0': {'_a0_': 2.736868247464244, '_a1_': 0.438266853917219, '_a4_': 0.18559256160000787, '_a7_': 1.4799223666561427, '_a2_': 1.0, '_a3_': 1.0, '_a5_': 1.0, '_a6_': 1.0}};{'d0': 0.024905832919726};-276.475521886076;42.92531089738843
5579;-95.3124500456496;(((((x + (_a4_ + _a1_)) * x) / _a1_) + (_a1_ * _a0_)) * (x * _a7_));{'d0': {'_a0_': 2.736868247464244, '_a1_': 0.438266853917219, '_a4_': 0.18559256160000787, '_a7_': 1.4799223666561427, '_a2_': 1.0, '_a3_': 1.0, '_a5_': 1.0, '_a6_': 1.0}};{'d0': 0.024905832919726};-276.475521886076;42.92531089738843
5580;-95.3124500415171;(((((x + (_a4_ + _a1_)) * x) / _a1_) + (_a0_ * _a0_)) * (x * _a7_));{'d0': {'_a0_': 0.6784257994065037, '_a1_': 1.1421584242205651, '_a4_': -0.5182990085920459, '_a7_': 3.8567958851083493, '_a2_': 1.0, '_a3_': 1.0, '_a5_': 1.0, '_a6_': 1.0}};{'d0': 0.024905832923156773};-276.475521877811;42.92531089738843
5581;-95.3124500415171;(((((x + (_a4_ + _a1_)) * x) / _a1_) + (_a0_ * _a0_)) * (x * _a7_));{'d0': {'_a0_': 0.6784257994065037, '_a1_': 1.1421584242205651, '_a4_': -0.5182990085920459, '_a7_': 3.8567958851083493, '_a2_': 1.0, '_a3_': 1.0, '_a5_': 1.0, '_a6_': 1.0}};{'d0': 0.024905832923156773};-276.475521877811;42.92531089738843
5582;-95.3124500415171;(((((x + (_a4_ + _a1_)) * x) / _a1_) + (_a0_ * _a0_)) * (x * _a7_));{'d0': {'_a0_': 0.6784257994065037, '_a1_': 1.1421584242205651, '_a4_': -0.5182990085920459, '_a7_': 3.8567958851083493, '_a2_': 1.0, '_a3_': 1.0, '_a5_': 1.0, '_a6_': 1.0}};{'d0': 0.024905832923156773};-276.475521877811;42.92531089738843
5583;-95.3124500415171;(((((x + (_a4_ + _a1_)) * x) / _a1_) + (_a0_ * _a0_)) * (x * _a7_));{'d0': {'_a0_': 0.6784257994065037, '_a1_': 1.1421584242205651, '_a4_': -0.5182990085920459, '_a7_': 3.8567958851083493, '_a2_': 1.0, '_a3_': 1.0, '_a5_': 1.0, '_a6_': 1.0}};{'d0': 0.024905832923156773};-276.475521877811;42.92531089738843
5584;-95.3124500415171;(((((x + (_a4_ + _a1_)) * x) / _a1_) + (_a0_ * _a0_)) * (x * _a7_));{'d0': {'_a0_': 0.6784257994065037, '_a1_': 1.1421584242205651, '_a4_': -0.5182990085920459, '_a7_': 3.8567958851083493, '_a2_': 1.0, '_a3_': 1.0, '_a5_': 1.0, '_a6_': 1.0}};{'d0': 0.024905832923156773};-276.475521877811;42.92531089738843
5585;-96.5818428090841;(((((x + (_a4_ + _a1_)) * x) / _a1_) + -(_a6_)) * (x * _a7_));{'d0': {'_a1_': 1.0739491077544785, '_a4_': -0.4500896921696712, '_a6_': -0.48949402367450023, '_a7_': 3.626469331832351, '_a0_': 1.0, '_a2_': 1.0, '_a3_': 1.0, '_a5_': 1.0}};{'d0': 0.024905832921188913};-276.475521882552;41.655918132191815
5586;-96.5818428090841;(((((x + (_a4_ + _a1_)) * x) / _a1_) + -(_a6_)) * (x * _a7_));{'d0': {'_a1_': 1.0739491077544785, '_a4_': -0.4500896921696712, '_a6_': -0.48949402367450023, '_a7_': 3.626469331832351, '_a0_': 1.0, '_a2_': 1.0, '_a3_': 1.0, '_a5_': 1.0}};{'d0': 0.024905832921188913};-276.475521882552;41.655918132191815
5587;-82.9185807507292;((_a4_ ** x) * (((_a7_ ** ((_a1_ / _a0_) * x)) + (_a3_ * _a0_)) * (_a1_ * x)));{'d0': {'_a0_': 0.11416936687040191, '_a1_': 0.4102481627797698, '_a3_': 28.692196367290958, '_a4_': 7.192062132352409, '_a7_': 0.3354938550668697, '_a2_': 1.0, '_a5_': 1.0, '_a6_': 1.0}};{'d0': 0.02830595491215816};-264.702966908073;49.4329027033074
5588;-82.9185807507292;((_a4_ ** x) * (((_a7_ ** ((_a1_ / _a0_) * x)) + (_a3_ * _a0_)) * (_a1_ * x)));{'d0': {'_a0_': 0.11416936687040191, '_a1_': 0.4102481627797698, '_a3_': 28.692196367290958, '_a4_': 7.192062132352409, '_a7_': 0.3354938550668697, '_a2_': 1.0, '_a5_': 1.0, '_a6_': 1.0}};{'d0': 0.02830595491215816};-264.702966908073;49.4329027033074
5589;-82.9185807507292;((_a4_ ** x) * (((_a7_ ** ((_a1_ / _a0_) * x)) + (_a3_ * _a0_)) * (_a1_ * x)));{'d0': {'_a0_': 0.11416936687040191, '_a1_': 0.4102481627797698, '_a3_': 28.692196367290958, '_a4_': 7.192062132352409, '_a7_': 0.3354938550668697, '_a2_': 1.0, '_a5_': 1.0, '_a6_': 1.0}};{'d0': 0.02830595491215816};-264.702966908073;49.4329027033074
5590;-82.9185807507292;((_a4_ ** x) * (((_a7_ ** ((_a1_ / _a0_) * x)) + (_a3_ * _a0_)) * (_a1_ * x)));{'d0': {'_a0_': 0.11416936687040191, '_a1_': 0.4102481627797698, '_a3_': 28.692196367290958, '_a4_': 7.192062132352409, '_a7_': 0.3354938550668697, '_a2_': 1.0, '_a5_': 1.0, '_a6_': 1.0}};{'d0': 0.02830595491215816};-264.702966908073;49.4329027033074
5591;-82.9185807507292;((_a4_ ** x) * (((_a7_ ** ((_a1_ / _a0_) * x)) + (_a3_ * _a0_)) * (_a1_ * x)));{'d0': {'_a0_': 0.11416936687040191, '_a1_': 0.4102481627797698, '_a3_': 28.692196367290958, '_a4_': 7.192062132352409, '_a7_': 0.3354938550668697, '_a2_': 1.0, '_a5_': 1.0, '_a6_': 1.0}};{'d0': 0.02830595491215816};-264.702966908073;49.4329027033074
5592;-82.9185807507292;((_a4_ ** x) * (((_a7_ ** ((_a1_ / _a0_) * x)) + (_a3_ * _a0_)) * (_a1_ * x)));{'d0': {'_a0_': 0.11416936687040191, '_a1_': 0.4102481627797698, '_a3_': 28.692196367290958, '_a4_': 7.192062132352409, '_a7_': 0.3354938550668697, '_a2_': 1.0, '_a5_': 1.0, '_a6_': 1.0}};{'d0': 0.02830595491215816};-264.702966908073;49.4329027033074
5593;-82.9185807507292;((_a4_ ** x) * (((_a7_ ** ((_a1_ / _a0_) * x)) + (_a3_ * _a0_)) * (_a1_ * x)));{'d0': {'_a0_': 0.11416936687040191, '_a1_': 0.4102481627797698, '_a3_': 28.692196367290958, '_a4_': 7.192062132352409, '_a7_': 0.3354938550668697, '_a2_': 1.0, '_a5_': 1.0, '_a6_': 1.0}};{'d0': 0.02830595491215816};-264.702966908073;49.4329027033074
5594;-82.9185807507292;((_a4_ ** x) * (((_a7_ ** ((_a1_ / _a0_) * x)) + (_a3_ * _a0_)) * (_a1_ * x)));{'d0': {'_a0_': 0.11416936687040191, '_a1_': 0.4102481627797698, '_a3_': 28.692196367290958, '_a4_': 7.192062132352409, '_a7_': 0.3354938550668697, '_a2_': 1.0, '_a5_': 1.0, '_a6_': 1.0}};{'d0': 0.02830595491215816};-264.702966908073;49.4329027033074
5595;-82.9185807507292;((_a4_ ** x) * (((_a7_ ** ((_a1_ / _a0_) * x)) + (_a3_ * _a0_)) * (_a1_ * x)));{'d0': {'_a0_': 0.11416936687040191, '_a1_': 0.4102481627797698, '_a3_': 28.692196367290958, '_a4_': 7.192062132352409, '_a7_': 0.3354938550668697, '_a2_': 1.0, '_a5_': 1.0, '_a6_': 1.0}};{'d0': 0.02830595491215816};-264.702966908073;49.4329027033074
5596;-82.9185807507292;((_a4_ ** x) * (((_a7_ ** ((_a1_ / _a0_) * x)) + (_a3_ * _a0_)) * (_a1_ * x)));{'d0': {'_a0_': 0.11416936687040191, '_a1_': 0.4102481627797698, '_a3_': 28.692196367290958, '_a4_': 7.192062132352409, '_a7_': 0.3354938550668697, '_a2_': 1.0, '_a5_': 1.0, '_a6_': 1.0}};{'d0': 0.02830595491215816};-264.702966908073;49.4329027033074
5597;-82.9185807507292;((_a4_ ** x) * (((_a7_ ** ((_a1_ / _a0_) * x)) + (_a3_ * _a0_)) * (_a1_ * x)));{'d0': {'_a0_': 0.11416936687040191, '_a1_': 0.4102481627797698, '_a3_': 28.692196367290958, '_a4_': 7.192062132352409, '_a7_': 0.3354938550668697, '_a2_': 1.0, '_a5_': 1.0, '_a6_': 1.0}};{'d0': 0.02830595491215816};-264.702966908073;49.4329027033074
5598;-82.9185807507292;((_a4_ ** x) * (((_a7_ ** ((_a1_ / _a0_) * x)) + (_a3_ * _a0_)) * (_a1_ * x)));{'d0': {'_a0_': 0.11416936687040191, '_a1_': 0.4102481627797698, '_a3_': 28.692196367290958, '_a4_': 7.192062132352409, '_a7_': 0.3354938550668697, '_a2_': 1.0, '_a5_': 1.0, '_a6_': 1.0}};{'d0': 0.02830595491215816};-264.702966908073;49.4329027033074
5599;-82.9185807507292;((_a4_ ** x) * (((_a7_ ** ((_a1_ / _a0_) * x)) + (_a3_ * _a0_)) * (_a1_ * x)));{'d0': {'_a0_': 0.11416936687040191, '_a1_': 0.4102481627797698, '_a3_': 28.692196367290958, '_a4_': 7.192062132352409, '_a7_': 0.3354938550668697, '_a2_': 1.0, '_a5_': 1.0, '_a6_': 1.0}};{'d0': 0.02830595491215816};-264.702966908073;49.4329027033074
5600;-82.9185807507292;((_a4_ ** x) * (((_a7_ ** ((_a1_ / _a0_) * x)) + (_a3_ * _a0_)) * (_a1_ * x)));{'d0': {'_a0_': 0.11416936687040191, '_a1_': 0.4102481627797698, '_a3_': 28.692196367290958, '_a4_': 7.192062132352409, '_a7_': 0.3354938550668697, '_a2_': 1.0, '_a5_': 1.0, '_a6_': 1.0}};{'d0': 0.02830595491215816};-264.702966908073;49.4329027033074
5601;-82.9185807507292;((_a4_ ** x) * (((_a7_ ** ((_a1_ / _a0_) * x)) + (_a3_ * _a0_)) * (_a1_ * x)));{'d0': {'_a0_': 0.11416936687040191, '_a1_': 0.4102481627797698, '_a3_': 28.692196367290958, '_a4_': 7.192062132352409, '_a7_': 0.3354938550668697, '_a2_': 1.0, '_a5_': 1.0, '_a6_': 1.0}};{'d0': 0.02830595491215816};-264.702966908073;49.4329027033074
5602;-108.229563301620;(((((x + (_a4_ * _a1_)) * x) / _a1_) + _a7_) * x);{'d0': {'_a1_': 0.2961417866973721, '_a4_': 2.1066240683397215, '_a7_': 1.7751354039466487, '_a0_': 1.0, '_a2_': 1.0, '_a3_': 1.0, '_a5_': 1.0, '_a6_': 1.0}};{'d0': 0.024905832919416653};-280.569866449044;32.05536992290143
5603;-108.229563301620;(((((x + (_a0_ * _a1_)) * x) / _a1_) + _a7_) * x);{'d0': {'_a0_': 2.106624068476927, '_a1_': 0.29614178668278074, '_a7_': 1.775135403947733, '_a2_': 1.0, '_a3_': 1.0, '_a4_': 1.0, '_a5_': 1.0, '_a6_': 1.0}};{'d0': 0.0249058329194166};-280.569866449044;32.05536992290143
5604;-108.229563301620;(((((x + (_a0_ * _a1_)) * x) / _a1_) + _a7_) * x);{'d0': {'_a0_': 2.106624068476927, '_a1_': 0.29614178668278074, '_a7_': 1.775135403947733, '_a2_': 1.0, '_a3_': 1.0, '_a4_': 1.0, '_a5_': 1.0, '_a6_': 1.0}};{'d0': 0.0249058329194166};-280.569866449044;32.05536992290143
5605;-108.229563301620;(((((x + (_a0_ * _a1_)) * x) / _a1_) + _a7_) * x);{'d0': {'_a0_': 2.106624068476927, '_a1_': 0.29614178668278074, '_a7_': 1.775135403947733, '_a2_': 1.0, '_a3_': 1.0, '_a4_': 1.0, '_a5_': 1.0, '_a6_': 1.0}};{'d0': 0.0249058329194166};-280.569866449044;32.05536992290143
5606;-82.9185807507292;((_a4_ ** x) * (((_a7_ ** ((_a1_ / _a0_) * x)) + (_a3_ * _a0_)) * (_a1_ * x)));{'d0': {'_a0_': 0.11416936687040191, '_a1_': 0.4102481627797698, '_a3_': 28.692196367290958, '_a4_': 7.192062132352409, '_a7_': 0.3354938550668697, '_a2_': 1.0, '_a5_': 1.0, '_a6_': 1.0}};{'d0': 0.02830595491215816};-264.702966908073;49.4329027033074
5607;-84.9657530324025;((_a7_ ** x) * (((_a7_ ** ((_a1_ / _a0_) * x)) + (_a3_ * _a0_)) * (_a1_ * x)));{'d0': {'_a0_': -0.20624751753030532, '_a1_': 0.4102480633736107, '_a3_': -15.882718764684427, '_a7_': 7.1920600162202275, '_a2_': 1.0, '_a4_': 1.0, '_a5_': 1.0, '_a6_': 1.0}};{'d0': 0.028305954911627646};-268.797311471420;49.4329027033074
5608;-84.9657530324025;((_a7_ ** x) * (((_a7_ ** ((_a1_ / _a0_) * x)) + (_a3_ * _a0_)) * (_a1_ * x)));{'d0': {'_a0_': -0.20624751753030532, '_a1_': 0.4102480633736107, '_a3_': -15.882718764684427, '_a7_': 7.1920600162202275, '_a2_': 1.0, '_a4_': 1.0, '_a5_': 1.0, '_a6_': 1.0}};{'d0': 0.028305954911627646};-268.797311471420;49.4329027033074
5609;-84.9657530324025;((_a7_ ** x) * (((_a7_ ** ((_a1_ / _a0_) * x)) + (_a3_ * _a0_)) * (_a1_ * x)));{'d0': {'_a0_': -0.20624751753030532, '_a1_': 0.4102480633736107, '_a3_': -15.882718764684427, '_a7_': 7.1920600162202275, '_a2_': 1.0, '_a4_': 1.0, '_a5_': 1.0, '_a6_': 1.0}};{'d0': 0.028305954911627646};-268.797311471420;49.4329027033074
5610;-84.9657530324025;((_a7_ ** x) * (((_a7_ ** ((_a1_ / _a0_) * x)) + (_a3_ * _a0_)) * (_a1_ * x)));{'d0': {'_a0_': -0.20624751753030532, '_a1_': 0.4102480633736107, '_a3_': -15.882718764684427, '_a7_': 7.1920600162202275, '_a2_': 1.0, '_a4_': 1.0, '_a5_': 1.0, '_a6_': 1.0}};{'d0': 0.028305954911627646};-268.797311471420;49.4329027033074
5611;-84.9657530324025;((_a7_ ** x) * (((_a7_ ** ((_a1_ / _a0_) * x)) + (_a3_ * _a0_)) * (_a1_ * x)));{'d0': {'_a0_': -0.20624751753030532, '_a1_': 0.4102480633736107, '_a3_': -15.882718764684427, '_a7_': 7.1920600162202275, '_a2_': 1.0, '_a4_': 1.0, '_a5_': 1.0, '_a6_': 1.0}};{'d0': 0.028305954911627646};-268.797311471420;49.4329027033074
5612;-84.9657530324025;((_a7_ ** x) * (((_a7_ ** ((_a1_ / _a0_) * x)) + (_a3_ * _a0_)) * (_a1_ * x)));{'d0': {'_a0_': -0.20624751753030532, '_a1_': 0.4102480633736107, '_a3_': -15.882718764684427, '_a7_': 7.1920600162202275, '_a2_': 1.0, '_a4_': 1.0, '_a5_': 1.0, '_a6_': 1.0}};{'d0': 0.028305954911627646};-268.797311471420;49.4329027033074
5613;-84.9657530324025;((_a7_ ** x) * (((_a7_ ** ((_a1_ / _a0_) * x)) + (_a3_ * _a0_)) * (_a1_ * x)));{'d0': {'_a0_': -0.20624751753030532, '_a1_': 0.4102480633736107, '_a3_': -15.882718764684427, '_a7_': 7.1920600162202275, '_a2_': 1.0, '_a4_': 1.0, '_a5_': 1.0, '_a6_': 1.0}};{'d0': 0.028305954911627646};-268.797311471420;49.4329027033074
5614;-84.9657530324025;((_a7_ ** x) * (((_a7_ ** ((_a1_ / _a0_) * x)) + (_a3_ * _a0_)) * (_a1_ * x)));{'d0': {'_a0_': -0.20624751753030532, '_a1_': 0.4102480633736107, '_a3_': -15.882718764684427, '_a7_': 7.1920600162202275, '_a2_': 1.0, '_a4_': 1.0, '_a5_': 1.0, '_a6_': 1.0}};{'d0': 0.028305954911627646};-268.797311471420;49.4329027033074
5615;-84.9657530324025;((_a7_ ** x) * (((_a7_ ** ((_a1_ / _a0_) * x)) + (_a3_ * _a0_)) * (_a1_ * x)));{'d0': {'_a0_': -0.20624751753030532, '_a1_': 0.4102480633736107, '_a3_': -15.882718764684427, '_a7_': 7.1920600162202275, '_a2_': 1.0, '_a4_': 1.0, '_a5_': 1.0, '_a6_': 1.0}};{'d0': 0.028305954911627646};-268.797311471420;49.4329027033074
5616;-84.9657530324025;((_a7_ ** x) * (((_a7_ ** ((_a1_ / _a0_) * x)) + (_a3_ * _a0_)) * (_a1_ * x)));{'d0': {'_a0_': -0.20624751753030532, '_a1_': 0.4102480633736107, '_a3_': -15.882718764684427, '_a7_': 7.1920600162202275, '_a2_': 1.0, '_a4_': 1.0, '_a5_': 1.0, '_a6_': 1.0}};{'d0': 0.028305954911627646};-268.797311471420;49.4329027033074
5617;-84.9657530324025;((_a7_ ** x) * (((_a7_ ** ((_a1_ / _a0_) * x)) + (_a3_ * _a0_)) * (_a1_ * x)));{'d0': {'_a0_': -0.20624751753030532, '_a1_': 0.4102480633736107, '_a3_': -15.882718764684427, '_a7_': 7.1920600162202275, '_a2_': 1.0, '_a4_': 1.0, '_a5_': 1.0, '_a6_': 1.0}};{'d0': 0.028305954911627646};-268.797311471420;49.4329027033074
5618;-84.9657530324025;((_a7_ ** x) * (((_a7_ ** ((_a1_ / _a0_) * x)) + (_a3_ * _a0_)) * (_a1_ * x)));{'d0': {'_a0_': -0.20624751753030532, '_a1_': 0.4102480633736107, '_a3_': -15.882718764684427, '_a7_': 7.1920600162202275, '_a2_': 1.0, '_a4_': 1.0, '_a5_': 1.0, '_a6_': 1.0}};{'d0': 0.028305954911627646};-268.797311471420;49.4329027033074
5619;-84.9657530324025;((_a7_ ** x) * (((_a7_ ** ((_a1_ / _a0_) * x)) + (_a3_ * _a0_)) * (_a1_ * x)));{'d0': {'_a0_': -0.20624751753030532, '_a1_': 0.4102480633736107, '_a3_': -15.882718764684427, '_a7_': 7.1920600162202275, '_a2_': 1.0, '_a4_': 1.0, '_a5_': 1.0, '_a6_': 1.0}};{'d0': 0.028305954911627646};-268.797311471420;49.4329027033074
5620;-84.9657530324025;((_a7_ ** x) * (((_a7_ ** ((_a1_ / _a0_) * x)) + (_a3_ * _a0_)) * (_a1_ * x)));{'d0': {'_a0_': -0.20624751753030532, '_a1_': 0.4102480633736107, '_a3_': -15.882718764684427, '_a7_': 7.1920600162202275, '_a2_': 1.0, '_a4_': 1.0, '_a5_': 1.0, '_a6_': 1.0}};{'d0': 0.028305954911627646};-268.797311471420;49.4329027033074
5621;-84.9657530324025;((_a7_ ** x) * (((_a7_ ** ((_a1_ / _a0_) * x)) + (_a3_ * _a0_)) * (_a1_ * x)));{'d0': {'_a0_': -0.20624751753030532, '_a1_': 0.4102480633736107, '_a3_': -15.882718764684427, '_a7_': 7.1920600162202275, '_a2_': 1.0, '_a4_': 1.0, '_a5_': 1.0, '_a6_': 1.0}};{'d0': 0.028305954911627646};-268.797311471420;49.4329027033074
5622;-84.9657530324025;((_a7_ ** x) * (((_a7_ ** ((_a1_ / _a0_) * x)) + (_a3_ * _a0_)) * (_a1_ * x)));{'d0': {'_a0_': -0.20624751753030532, '_a1_': 0.4102480633736107, '_a3_': -15.882718764684427, '_a7_': 7.1920600162202275, '_a2_': 1.0, '_a4_': 1.0, '_a5_': 1.0, '_a6_': 1.0}};{'d0': 0.028305954911627646};-268.797311471420;49.4329027033074
5623;-84.9657530324025;((_a7_ ** x) * (((_a7_ ** ((_a1_ / _a0_) * x)) + (_a3_ * _a0_)) * (_a1_ * x)));{'d0': {'_a0_': -0.20624751753030532, '_a1_': 0.4102480633736107, '_a3_': -15.882718764684427, '_a7_': 7.1920600162202275, '_a2_': 1.0, '_a4_': 1.0, '_a5_': 1.0, '_a6_': 1.0}};{'d0': 0.028305954911627646};-268.797311471420;49.4329027033074
5624;-84.9657530324025;((_a7_ ** x) * (((_a7_ ** ((_a1_ / _a0_) * x)) + (_a3_ * _a0_)) * (_a1_ * x)));{'d0': {'_a0_': -0.20624751753030532, '_a1_': 0.4102480633736107, '_a3_': -15.882718764684427, '_a7_': 7.1920600162202275, '_a2_': 1.0, '_a4_': 1.0, '_a5_': 1.0, '_a6_': 1.0}};{'d0': 0.028305954911627646};-268.797311471420;49.4329027033074
5625;-84.9657530324213;((_a7_ ** x) * (((_a7_ ** ((_a1_ / _a0_) * x)) + (_a3_ * _a3_)) * (_a1_ * x)));{'d0': {'_a0_': -0.2062476386011585, '_a1_': 0.41024821887541113, '_a3_': -1.809908659712274, '_a7_': 7.19206340747032, '_a2_': 1.0, '_a4_': 1.0, '_a5_': 1.0, '_a6_': 1.0}};{'d0': 0.02830595491160991};-268.797311471457;49.4329027033074
5626;-84.9657530324213;((_a7_ ** x) * (((_a7_ ** ((_a1_ / _a0_) * x)) + (_a3_ * _a3_)) * (_a1_ * x)));{'d0': {'_a0_': -0.2062476386011585, '_a1_': 0.41024821887541113, '_a3_': -1.809908659712274, '_a7_': 7.19206340747032, '_a2_': 1.0, '_a4_': 1.0, '_a5_': 1.0, '_a6_': 1.0}};{'d0': 0.02830595491160991};-268.797311471457;49.4329027033074
5627;-89.9874502442007;((_a7_ ** x) * (((_a7_ ** ((_a1_ / _a0_) * x)) + _a4_) * (_a1_ * x)));{'d0': {'_a0_': -0.2062476220489528, '_a1_': 0.4102481975281285, '_a4_': 3.275769623614002, '_a7_': 7.192062952809387, '_a2_': 1.0, '_a3_': 1.0, '_a5_': 1.0, '_a6_': 1.0}};{'d0': 0.028305954911609487};-268.797311471458;44.4112054915284
5628;-89.9874502442007;((_a7_ ** x) * (((_a7_ ** ((_a1_ / _a0_) * x)) + _a4_) * (_a1_ * x)));{'d0': {'_a0_': -0.2062476220489528, '_a1_': 0.4102481975281285, '_a4_': 3.275769623614002, '_a7_': 7.192062952809387, '_a2_': 1.0, '_a3_': 1.0, '_a5_': 1.0, '_a6_': 1.0}};{'d0': 0.028305954911609487};-268.797311471458;44.4112054915284
5629;-89.9874502442007;((_a7_ ** x) * (((_a7_ ** ((_a1_ / _a0_) * x)) + _a4_) * (_a1_ * x)));{'d0': {'_a0_': -0.2062476220489528, '_a1_': 0.4102481975281285, '_a4_': 3.275769623614002, '_a7_': 7.192062952809387, '_a2_': 1.0, '_a3_': 1.0, '_a5_': 1.0, '_a6_': 1.0}};{'d0': 0.028305954911609487};-268.797311471458;44.4112054915284
5630;-89.9874502442007;((_a7_ ** x) * (((_a7_ ** ((_a1_ / _a0_) * x)) + _a4_) * (_a1_ * x)));{'d0': {'_a0_': -0.2062476220489528, '_a1_': 0.4102481975281285, '_a4_': 3.275769623614002, '_a7_': 7.192062952809387, '_a2_': 1.0, '_a3_': 1.0, '_a5_': 1.0, '_a6_': 1.0}};{'d0': 0.028305954911609487};-268.797311471458;44.4112054915284
5631;-89.9874502442007;((_a7_ ** x) * (((_a7_ ** ((_a1_ / _a0_) * x)) + _a4_) * (_a1_ * x)));{'d0': {'_a0_': -0.2062476220489528, '_a1_': 0.4102481975281285, '_a4_': 3.275769623614002, '_a7_': 7.192062952809387, '_a2_': 1.0, '_a3_': 1.0, '_a5_': 1.0, '_a6_': 1.0}};{'d0': 0.028305954911609487};-268.797311471458;44.4112054915284
5632;-89.9874502442007;((_a7_ ** x) * (((_a7_ ** ((_a1_ / _a0_) * x)) + _a4_) * (_a1_ * x)));{'d0': {'_a0_': -0.2062476220489528, '_a1_': 0.4102481975281285, '_a4_': 3.275769623614002, '_a7_': 7.192062952809387, '_a2_': 1.0, '_a3_': 1.0, '_a5_': 1.0, '_a6_': 1.0}};{'d0': 0.028305954911609487};-268.797311471458;44.4112054915284
5633;-89.9874502442007;((_a7_ ** x) * (((_a7_ ** ((_a1_ / _a0_) * x)) + _a4_) * (_a1_ * x)));{'d0': {'_a0_': -0.2062476220489528, '_a1_': 0.4102481975281285, '_a4_': 3.275769623614002, '_a7_': 7.192062952809387, '_a2_': 1.0, '_a3_': 1.0, '_a5_': 1.0, '_a6_': 1.0}};{'d0': 0.028305954911609487};-268.797311471458;44.4112054915284
5634;-89.9874502442007;((_a7_ ** x) * (((_a7_ ** ((_a1_ / _a0_) * x)) + _a4_) * (_a1_ * x)));{'d0': {'_a0_': -0.2062476220489528, '_a1_': 0.4102481975281285, '_a4_': 3.275769623614002, '_a7_': 7.192062952809387, '_a2_': 1.0, '_a3_': 1.0, '_a5_': 1.0, '_a6_': 1.0}};{'d0': 0.028305954911609487};-268.797311471458;44.4112054915284
5635;-89.9874502442007;((_a7_ ** x) * (((_a7_ ** ((_a1_ / _a0_) * x)) + _a4_) * (_a1_ * x)));{'d0': {'_a0_': -0.2062476220489528, '_a1_': 0.4102481975281285, '_a4_': 3.275769623614002, '_a7_': 7.192062952809387, '_a2_': 1.0, '_a3_': 1.0, '_a5_': 1.0, '_a6_': 1.0}};{'d0': 0.028305954911609487};-268.797311471458;44.4112054915284
5636;-89.9874502442007;((_a7_ ** x) * (((_a7_ ** ((_a1_ / _a0_) * x)) + _a4_) * (_a1_ * x)));{'d0': {'_a0_': -0.2062476220489528, '_a1_': 0.4102481975281285, '_a4_': 3.275769623614002, '_a7_': 7.192062952809387, '_a2_': 1.0, '_a3_': 1.0, '_a5_': 1.0, '_a6_': 1.0}};{'d0': 0.028305954911609487};-268.797311471458;44.4112054915284
5637;-89.9874502442007;((_a7_ ** x) * (((_a7_ ** ((_a1_ / _a0_) * x)) + _a4_) * (_a1_ * x)));{'d0': {'_a0_': -0.2062476220489528, '_a1_': 0.4102481975281285, '_a4_': 3.275769623614002, '_a7_': 7.192062952809387, '_a2_': 1.0, '_a3_': 1.0, '_a5_': 1.0, '_a6_': 1.0}};{'d0': 0.028305954911609487};-268.797311471458;44.4112054915284
5638;-89.9874502442007;((_a7_ ** x) * (((_a7_ ** ((_a1_ / _a0_) * x)) + _a4_) * (_a1_ * x)));{'d0': {'_a0_': -0.2062476220489528, '_a1_': 0.4102481975281285, '_a4_': 3.275769623614002, '_a7_': 7.192062952809387, '_a2_': 1.0, '_a3_': 1.0, '_a5_': 1.0, '_a6_': 1.0}};{'d0': 0.028305954911609487};-268.797311471458;44.4112054915284
5639;-89.9874502442007;((_a7_ ** x) * (((_a7_ ** ((_a1_ / _a0_) * x)) + _a4_) * (_a1_ * x)));{'d0': {'_a0_': -0.2062476220489528, '_a1_': 0.4102481975281285, '_a4_': 3.275769623614002, '_a7_': 7.192062952809387, '_a2_': 1.0, '_a3_': 1.0, '_a5_': 1.0, '_a6_': 1.0}};{'d0': 0.028305954911609487};-268.797311471458;44.4112054915284
5640;-89.9874502442007;((_a7_ ** x) * (((_a7_ ** ((_a1_ / _a0_) * x)) + _a4_) * (_a1_ * x)));{'d0': {'_a0_': -0.2062476220489528, '_a1_': 0.4102481975281285, '_a4_': 3.275769623614002, '_a7_': 7.192062952809387, '_a2_': 1.0, '_a3_': 1.0, '_a5_': 1.0, '_a6_': 1.0}};{'d0': 0.028305954911609487};-268.797311471458;44.4112054915284
5641;-89.9874502442007;((_a7_ ** x) * (((_a7_ ** ((_a1_ / _a0_) * x)) + _a4_) * (_a1_ * x)));{'d0': {'_a0_': -0.2062476220489528, '_a1_': 0.4102481975281285, '_a4_': 3.275769623614002, '_a7_': 7.192062952809387, '_a2_': 1.0, '_a3_': 1.0, '_a5_': 1.0, '_a6_': 1.0}};{'d0': 0.028305954911609487};-268.797311471458;44.4112054915284
5642;-89.9874502442007;((_a7_ ** x) * (((_a7_ ** ((_a1_ / _a0_) * x)) + _a4_) * (_a1_ * x)));{'d0': {'_a0_': -0.2062476220489528, '_a1_': 0.4102481975281285, '_a4_': 3.275769623614002, '_a7_': 7.192062952809387, '_a2_': 1.0, '_a3_': 1.0, '_a5_': 1.0, '_a6_': 1.0}};{'d0': 0.028305954911609487};-268.797311471458;44.4112054915284
5643;-89.9874502442007;((_a7_ ** x) * (((_a7_ ** ((_a1_ / _a0_) * x)) + _a4_) * (_a1_ * x)));{'d0': {'_a0_': -0.2062476220489528, '_a1_': 0.4102481975281285, '_a4_': 3.275769623614002, '_a7_': 7.192062952809387, '_a2_': 1.0, '_a3_': 1.0, '_a5_': 1.0, '_a6_': 1.0}};{'d0': 0.028305954911609487};-268.797311471458;44.4112054915284
5644;-89.9874502442007;((_a7_ ** x) * (((_a7_ ** ((_a1_ / _a0_) * x)) + _a4_) * (_a1_ * x)));{'d0': {'_a0_': -0.2062476220489528, '_a1_': 0.4102481975281285, '_a4_': 3.275769623614002, '_a7_': 7.192062952809387, '_a2_': 1.0, '_a3_': 1.0, '_a5_': 1.0, '_a6_': 1.0}};{'d0': 0.028305954911609487};-268.797311471458;44.4112054915284
5645;-89.9874502442007;((_a7_ ** x) * (((_a7_ ** ((_a1_ / _a0_) * x)) + _a4_) * (_a1_ * x)));{'d0': {'_a0_': -0.2062476220489528, '_a1_': 0.4102481975281285, '_a4_': 3.275769623614002, '_a7_': 7.192062952809387, '_a2_': 1.0, '_a3_': 1.0, '_a5_': 1.0, '_a6_': 1.0}};{'d0': 0.028305954911609487};-268.797311471458;44.4112054915284
5646;-89.9874502442007;((_a7_ ** x) * (((_a7_ ** ((_a1_ / _a0_) * x)) + _a4_) * (_a1_ * x)));{'d0': {'_a0_': -0.2062476220489528, '_a1_': 0.4102481975281285, '_a4_': 3.275769623614002, '_a7_': 7.192062952809387, '_a2_': 1.0, '_a3_': 1.0, '_a5_': 1.0, '_a6_': 1.0}};{'d0': 0.028305954911609487};-268.797311471458;44.4112054915284
5647;-89.9874502442007;((_a7_ ** x) * (((_a7_ ** ((_a1_ / _a0_) * x)) + _a4_) * (_a1_ * x)));{'d0': {'_a0_': -0.2062476220489528, '_a1_': 0.4102481975281285, '_a4_': 3.275769623614002, '_a7_': 7.192062952809387, '_a2_': 1.0, '_a3_': 1.0, '_a5_': 1.0, '_a6_': 1.0}};{'d0': 0.028305954911609487};-268.797311471458;44.4112054915284
5648;-89.9874502442007;((_a7_ ** x) * (((_a7_ ** ((_a1_ / _a0_) * x)) + _a4_) * (_a1_ * x)));{'d0': {'_a0_': -0.2062476220489528, '_a1_': 0.4102481975281285, '_a4_': 3.275769623614002, '_a7_': 7.192062952809387, '_a2_': 1.0, '_a3_': 1.0, '_a5_': 1.0, '_a6_': 1.0}};{'d0': 0.028305954911609487};-268.797311471458;44.4112054915284
5649;-108.229563301620;(((((x + (_a0_ * _a1_)) * x) / _a1_) + _a7_) * x);{'d0': {'_a0_': 2.106624068476927, '_a1_': 0.29614178668278074, '_a7_': 1.775135403947733, '_a2_': 1.0, '_a3_': 1.0, '_a4_': 1.0, '_a5_': 1.0, '_a6_': 1.0}};{'d0': 0.0249058329194166};-280.569866449044;32.05536992290143
5650;-108.229563301620;(((((x + (_a0_ * _a1_)) * x) / _a1_) + _a7_) * x);{'d0': {'_a0_': 2.106624068476927, '_a1_': 0.29614178668278074, '_a7_': 1.775135403947733, '_a2_': 1.0, '_a3_': 1.0, '_a4_': 1.0, '_a5_': 1.0, '_a6_': 1.0}};{'d0': 0.0249058329194166};-280.569866449044;32.05536992290143
5651;-89.9874502442007;((_a7_ ** x) * (((_a7_ ** ((_a1_ / _a0_) * x)) + _a4_) * (_a1_ * x)));{'d0': {'_a0_': -0.2062476220489528, '_a1_': 0.4102481975281285, '_a4_': 3.275769623614002, '_a7_': 7.192062952809387, '_a2_': 1.0, '_a3_': 1.0, '_a5_': 1.0, '_a6_': 1.0}};{'d0': 0.028305954911609487};-268.797311471458;44.4112054915284
5652;-89.9874502442007;((_a7_ ** x) * (((_a7_ ** ((_a1_ / _a0_) * x)) + _a4_) * (_a1_ * x)));{'d0': {'_a0_': -0.2062476220489528, '_a1_': 0.4102481975281285, '_a4_': 3.275769623614002, '_a7_': 7.192062952809387, '_a2_': 1.0, '_a3_': 1.0, '_a5_': 1.0, '_a6_': 1.0}};{'d0': 0.028305954911609487};-268.797311471458;44.4112054915284
5653;-89.9874502442007;((_a7_ ** x) * (((_a7_ ** ((_a1_ / _a0_) * x)) + _a4_) * (_a1_ * x)));{'d0': {'_a0_': -0.2062476220489528, '_a1_': 0.4102481975281285, '_a4_': 3.275769623614002, '_a7_': 7.192062952809387, '_a2_': 1.0, '_a3_': 1.0, '_a5_': 1.0, '_a6_': 1.0}};{'d0': 0.028305954911609487};-268.797311471458;44.4112054915284
5654;-89.9874502442007;((_a7_ ** x) * (((_a7_ ** ((_a1_ / _a0_) * x)) + _a4_) * (_a1_ * x)));{'d0': {'_a0_': -0.2062476220489528, '_a1_': 0.4102481975281285, '_a4_': 3.275769623614002, '_a7_': 7.192062952809387, '_a2_': 1.0, '_a3_': 1.0, '_a5_': 1.0, '_a6_': 1.0}};{'d0': 0.028305954911609487};-268.797311471458;44.4112054915284
5655;-89.9874502442007;((_a7_ ** x) * (((_a7_ ** ((_a1_ / _a0_) * x)) + _a4_) * (_a1_ * x)));{'d0': {'_a0_': -0.2062476220489528, '_a1_': 0.4102481975281285, '_a4_': 3.275769623614002, '_a7_': 7.192062952809387, '_a2_': 1.0, '_a3_': 1.0, '_a5_': 1.0, '_a6_': 1.0}};{'d0': 0.028305954911609487};-268.797311471458;44.4112054915284
5656;-89.9874502442007;((_a7_ ** x) * (((_a7_ ** ((_a1_ / _a0_) * x)) + _a4_) * (_a1_ * x)));{'d0': {'_a0_': -0.2062476220489528, '_a1_': 0.4102481975281285, '_a4_': 3.275769623614002, '_a7_': 7.192062952809387, '_a2_': 1.0, '_a3_': 1.0, '_a5_': 1.0, '_a6_': 1.0}};{'d0': 0.028305954911609487};-268.797311471458;44.4112054915284
5657;-89.9874502442007;((_a7_ ** x) * (((_a7_ ** ((_a1_ / _a0_) * x)) + _a4_) * (_a1_ * x)));{'d0': {'_a0_': -0.2062476220489528, '_a1_': 0.4102481975281285, '_a4_': 3.275769623614002, '_a7_': 7.192062952809387, '_a2_': 1.0, '_a3_': 1.0, '_a5_': 1.0, '_a6_': 1.0}};{'d0': 0.028305954911609487};-268.797311471458;44.4112054915284
5658;-89.9874502442007;((_a7_ ** x) * (((_a7_ ** ((_a1_ / _a0_) * x)) + _a4_) * (_a1_ * x)));{'d0': {'_a0_': -0.2062476220489528, '_a1_': 0.4102481975281285, '_a4_': 3.275769623614002, '_a7_': 7.192062952809387, '_a2_': 1.0, '_a3_': 1.0, '_a5_': 1.0, '_a6_': 1.0}};{'d0': 0.028305954911609487};-268.797311471458;44.4112054915284
5659;-89.9874502442007;((_a7_ ** x) * (((_a7_ ** ((_a1_ / _a0_) * x)) + _a4_) * (_a1_ * x)));{'d0': {'_a0_': -0.2062476220489528, '_a1_': 0.4102481975281285, '_a4_': 3.275769623614002, '_a7_': 7.192062952809387, '_a2_': 1.0, '_a3_': 1.0, '_a5_': 1.0, '_a6_': 1.0}};{'d0': 0.028305954911609487};-268.797311471458;44.4112054915284
5660;-89.9874502442007;((_a7_ ** x) * (((_a7_ ** ((_a1_ / _a0_) * x)) + _a4_) * (_a1_ * x)));{'d0': {'_a0_': -0.2062476220489528, '_a1_': 0.4102481975281285, '_a4_': 3.275769623614002, '_a7_': 7.192062952809387, '_a2_': 1.0, '_a3_': 1.0, '_a5_': 1.0, '_a6_': 1.0}};{'d0': 0.028305954911609487};-268.797311471458;44.4112054915284
5661;-89.9874502442007;((_a7_ ** x) * (((_a7_ ** ((_a1_ / _a0_) * x)) + _a4_) * (_a1_ * x)));{'d0': {'_a0_': -0.2062476220489528, '_a1_': 0.4102481975281285, '_a4_': 3.275769623614002, '_a7_': 7.192062952809387, '_a2_': 1.0, '_a3_': 1.0, '_a5_': 1.0, '_a6_': 1.0}};{'d0': 0.028305954911609487};-268.797311471458;44.4112054915284
5662;-108.229563301620;(((((x + (_a0_ * _a1_)) * x) / _a1_) + _a7_) * x);{'d0': {'_a0_': 2.106624068476927, '_a1_': 0.29614178668278074, '_a7_': 1.775135403947733, '_a2_': 1.0, '_a3_': 1.0, '_a4_': 1.0, '_a5_': 1.0, '_a6_': 1.0}};{'d0': 0.0249058329194166};-280.569866449044;32.05536992290143
5663;-108.229563301620;(((((x + (_a0_ * _a1_)) * x) / _a1_) + _a7_) * x);{'d0': {'_a0_': 2.106624068476927, '_a1_': 0.29614178668278074, '_a7_': 1.775135403947733, '_a2_': 1.0, '_a3_': 1.0, '_a4_': 1.0, '_a5_': 1.0, '_a6_': 1.0}};{'d0': 0.0249058329194166};-280.569866449044;32.05536992290143
5664;-108.229563301620;(((((x + (_a0_ * _a1_)) * x) / _a1_) + _a7_) * x);{'d0': {'_a0_': 2.106624068476927, '_a1_': 0.29614178668278074, '_a7_': 1.775135403947733, '_a2_': 1.0, '_a3_': 1.0, '_a4_': 1.0, '_a5_': 1.0, '_a6_': 1.0}};{'d0': 0.0249058329194166};-280.569866449044;32.05536992290143
5665;-108.229563301620;(((((x + (_a0_ * _a1_)) * x) / _a1_) + _a7_) * x);{'d0': {'_a0_': 2.106624068476927, '_a1_': 0.29614178668278074, '_a7_': 1.775135403947733, '_a2_': 1.0, '_a3_': 1.0, '_a4_': 1.0, '_a5_': 1.0, '_a6_': 1.0}};{'d0': 0.0249058329194166};-280.569866449044;32.05536992290143
5666;-108.229563301620;(((((x + (_a0_ * _a1_)) * x) / _a1_) + _a7_) * x);{'d0': {'_a0_': 2.106624068476927, '_a1_': 0.29614178668278074, '_a7_': 1.775135403947733, '_a2_': 1.0, '_a3_': 1.0, '_a4_': 1.0, '_a5_': 1.0, '_a6_': 1.0}};{'d0': 0.0249058329194166};-280.569866449044;32.05536992290143
5667;-108.229563301620;(((((x + (_a0_ * _a1_)) * x) / _a1_) + _a7_) * x);{'d0': {'_a0_': 2.106624068476927, '_a1_': 0.29614178668278074, '_a7_': 1.775135403947733, '_a2_': 1.0, '_a3_': 1.0, '_a4_': 1.0, '_a5_': 1.0, '_a6_': 1.0}};{'d0': 0.0249058329194166};-280.569866449044;32.05536992290143
5668;-108.229563301620;(((((x + (_a0_ * _a1_)) * x) / _a1_) + _a7_) * x);{'d0': {'_a0_': 2.106624068476927, '_a1_': 0.29614178668278074, '_a7_': 1.775135403947733, '_a2_': 1.0, '_a3_': 1.0, '_a4_': 1.0, '_a5_': 1.0, '_a6_': 1.0}};{'d0': 0.0249058329194166};-280.569866449044;32.05536992290143
5669;-102.308962252590;(((((x + (_a0_ * _a1_)) * x) / _a1_) + (_a3_ + x)) * x);{'d0': {'_a0_': 1.1066240675706627, '_a1_': 0.2961417868041825, '_a3_': 1.775135404184163, '_a2_': 1.0, '_a4_': 1.0, '_a5_': 1.0, '_a6_': 1.0, '_a7_': 1.0}};{'d0': 0.0249058329194167};-280.569866449043;37.975970971931424
5670;-102.308962252590;(((((x + (_a0_ * _a1_)) * x) / _a1_) + (_a3_ + x)) * x);{'d0': {'_a0_': 1.1066240675706627, '_a1_': 0.2961417868041825, '_a3_': 1.775135404184163, '_a2_': 1.0, '_a4_': 1.0, '_a5_': 1.0, '_a6_': 1.0, '_a7_': 1.0}};{'d0': 0.0249058329194167};-280.569866449043;37.975970971931424
5671;-102.308962252590;(((((x + (_a0_ * _a1_)) * x) / _a1_) + (_a3_ + x)) * x);{'d0': {'_a0_': 1.1066240675706627, '_a1_': 0.2961417868041825, '_a3_': 1.775135404184163, '_a2_': 1.0, '_a4_': 1.0, '_a5_': 1.0, '_a6_': 1.0, '_a7_': 1.0}};{'d0': 0.0249058329194167};-280.569866449043;37.975970971931424
5672;-89.9874502442007;((_a7_ ** x) * (((_a7_ ** ((_a1_ / _a0_) * x)) + _a4_) * (_a1_ * x)));{'d0': {'_a0_': -0.2062476220489528, '_a1_': 0.4102481975281285, '_a4_': 3.275769623614002, '_a7_': 7.192062952809387, '_a2_': 1.0, '_a3_': 1.0, '_a5_': 1.0, '_a6_': 1.0}};{'d0': 0.028305954911609487};-268.797311471458;44.4112054915284
5673;-89.9874502442007;((_a7_ ** x) * (((_a7_ ** ((_a1_ / _a0_) * x)) + _a4_) * (_a1_ * x)));{'d0': {'_a0_': -0.2062476220489528, '_a1_': 0.4102481975281285, '_a4_': 3.275769623614002, '_a7_': 7.192062952809387, '_a2_': 1.0, '_a3_': 1.0, '_a5_': 1.0, '_a6_': 1.0}};{'d0': 0.028305954911609487};-268.797311471458;44.4112054915284
5674;-89.9874502442007;((_a7_ ** x) * (((_a7_ ** ((_a1_ / _a0_) * x)) + _a4_) * (_a1_ * x)));{'d0': {'_a0_': -0.2062476220489528, '_a1_': 0.4102481975281285, '_a4_': 3.275769623614002, '_a7_': 7.192062952809387, '_a2_': 1.0, '_a3_': 1.0, '_a5_': 1.0, '_a6_': 1.0}};{'d0': 0.028305954911609487};-268.797311471458;44.4112054915284
5675;-89.9874502442007;((_a7_ ** x) * (((_a7_ ** ((_a1_ / _a0_) * x)) + _a4_) * (_a1_ * x)));{'d0': {'_a0_': -0.2062476220489528, '_a1_': 0.4102481975281285, '_a4_': 3.275769623614002, '_a7_': 7.192062952809387, '_a2_': 1.0, '_a3_': 1.0, '_a5_': 1.0, '_a6_': 1.0}};{'d0': 0.028305954911609487};-268.797311471458;44.4112054915284
5676;-89.9874502442007;((_a7_ ** x) * (((_a7_ ** ((_a1_ / _a0_) * x)) + _a4_) * (_a1_ * x)));{'d0': {'_a0_': -0.2062476220489528, '_a1_': 0.4102481975281285, '_a4_': 3.275769623614002, '_a7_': 7.192062952809387, '_a2_': 1.0, '_a3_': 1.0, '_a5_': 1.0, '_a6_': 1.0}};{'d0': 0.028305954911609487};-268.797311471458;44.4112054915284
5677;-89.9874502442007;((_a7_ ** x) * (((_a7_ ** ((_a1_ / _a0_) * x)) + _a4_) * (_a1_ * x)));{'d0': {'_a0_': -0.2062476220489528, '_a1_': 0.4102481975281285, '_a4_': 3.275769623614002, '_a7_': 7.192062952809387, '_a2_': 1.0, '_a3_': 1.0, '_a5_': 1.0, '_a6_': 1.0}};{'d0': 0.028305954911609487};-268.797311471458;44.4112054915284
5678;-89.9874502442007;((_a7_ ** x) * (((_a7_ ** ((_a1_ / _a0_) * x)) + _a4_) * (_a1_ * x)));{'d0': {'_a0_': -0.2062476220489528, '_a1_': 0.4102481975281285, '_a4_': 3.275769623614002, '_a7_': 7.192062952809387, '_a2_': 1.0, '_a3_': 1.0, '_a5_': 1.0, '_a6_': 1.0}};{'d0': 0.028305954911609487};-268.797311471458;44.4112054915284
5679;-89.9874502442007;((_a7_ ** x) * (((_a7_ ** ((_a1_ / _a0_) * x)) + _a4_) * (_a1_ * x)));{'d0': {'_a0_': -0.2062476220489528, '_a1_': 0.4102481975281285, '_a4_': 3.275769623614002, '_a7_': 7.192062952809387, '_a2_': 1.0, '_a3_': 1.0, '_a5_': 1.0, '_a6_': 1.0}};{'d0': 0.028305954911609487};-268.797311471458;44.4112054915284
5680;-89.9874502442007;((_a7_ ** x) * (((_a7_ ** ((_a1_ / _a0_) * x)) + _a4_) * (_a1_ * x)));{'d0': {'_a0_': -0.2062476220489528, '_a1_': 0.4102481975281285, '_a4_': 3.275769623614002, '_a7_': 7.192062952809387, '_a2_': 1.0, '_a3_': 1.0, '_a5_': 1.0, '_a6_': 1.0}};{'d0': 0.028305954911609487};-268.797311471458;44.4112054915284
5681;-89.9874502442007;((_a7_ ** x) * (((_a7_ ** ((_a1_ / _a0_) * x)) + _a4_) * (_a1_ * x)));{'d0': {'_a0_': -0.2062476220489528, '_a1_': 0.4102481975281285, '_a4_': 3.275769623614002, '_a7_': 7.192062952809387, '_a2_': 1.0, '_a3_': 1.0, '_a5_': 1.0, '_a6_': 1.0}};{'d0': 0.028305954911609487};-268.797311471458;44.4112054915284
5682;-89.9874502442007;((_a7_ ** x) * (((_a7_ ** ((_a1_ / _a0_) * x)) + _a4_) * (_a1_ * x)));{'d0': {'_a0_': -0.2062476220489528, '_a1_': 0.4102481975281285, '_a4_': 3.275769623614002, '_a7_': 7.192062952809387, '_a2_': 1.0, '_a3_': 1.0, '_a5_': 1.0, '_a6_': 1.0}};{'d0': 0.028305954911609487};-268.797311471458;44.4112054915284
5683;-102.308962252590;(((((x + (_a0_ * _a1_)) * x) / _a1_) + (_a3_ + x)) * x);{'d0': {'_a0_': 1.1066240675706627, '_a1_': 0.2961417868041825, '_a3_': 1.775135404184163, '_a2_': 1.0, '_a4_': 1.0, '_a5_': 1.0, '_a6_': 1.0, '_a7_': 1.0}};{'d0': 0.0249058329194167};-280.569866449043;37.975970971931424
5684;-102.308962252590;(((((x + (_a0_ * _a1_)) * x) / _a1_) + (_a3_ + x)) * x);{'d0': {'_a0_': 1.1066240675706627, '_a1_': 0.2961417868041825, '_a3_': 1.775135404184163, '_a2_': 1.0, '_a4_': 1.0, '_a5_': 1.0, '_a6_': 1.0, '_a7_': 1.0}};{'d0': 0.0249058329194167};-280.569866449043;37.975970971931424
5685;-102.308962252590;(((((x + (_a0_ * _a1_)) * x) / _a1_) + (_a3_ + x)) * x);{'d0': {'_a0_': 1.1066240675706627, '_a1_': 0.2961417868041825, '_a3_': 1.775135404184163, '_a2_': 1.0, '_a4_': 1.0, '_a5_': 1.0, '_a6_': 1.0, '_a7_': 1.0}};{'d0': 0.0249058329194167};-280.569866449043;37.975970971931424
5686;-103.159914093536;(((((x + (_a0_ * _a1_)) * x) * _a1_) + (_a3_ + x)) * x);{'d0': {'_a0_': 0.09705088418422944, '_a1_': 3.376760878923574, '_a3_': 1.7751354043482659, '_a2_': 1.0, '_a4_': 1.0, '_a5_': 1.0, '_a6_': 1.0, '_a7_': 1.0}};{'d0': 0.02490583291941669};-280.569866449043;37.125019130986026
5687;-103.159914093536;(((((x + (_a0_ * _a1_)) * x) * _a1_) + (_a3_ + x)) * x);{'d0': {'_a0_': 0.09705088418422944, '_a1_': 3.376760878923574, '_a3_': 1.7751354043482659, '_a2_': 1.0, '_a4_': 1.0, '_a5_': 1.0, '_a6_': 1.0, '_a7_': 1.0}};{'d0': 0.02490583291941669};-280.569866449043;37.125019130986026
5688;-103.159914093536;(((((x + (_a0_ * _a1_)) * x) * _a1_) + (_a3_ + x)) * x);{'d0': {'_a0_': 0.09705088418422944, '_a1_': 3.376760878923574, '_a3_': 1.7751354043482659, '_a2_': 1.0, '_a4_': 1.0, '_a5_': 1.0, '_a6_': 1.0, '_a7_': 1.0}};{'d0': 0.02490583291941669};-280.569866449043;37.125019130986026
5689;-103.159914093536;(((((x + (_a0_ * _a1_)) * x) * _a1_) + (_a3_ + x)) * x);{'d0': {'_a0_': 0.09705088418422944, '_a1_': 3.376760878923574, '_a3_': 1.7751354043482659, '_a2_': 1.0, '_a4_': 1.0, '_a5_': 1.0, '_a6_': 1.0, '_a7_': 1.0}};{'d0': 0.02490583291941669};-280.569866449043;37.125019130986026
5690;-103.159914093536;(((((x + (_a0_ * _a1_)) * x) * _a1_) + (_a3_ + x)) * x);{'d0': {'_a0_': 0.09705088418422944, '_a1_': 3.376760878923574, '_a3_': 1.7751354043482659, '_a2_': 1.0, '_a4_': 1.0, '_a5_': 1.0, '_a6_': 1.0, '_a7_': 1.0}};{'d0': 0.02490583291941669};-280.569866449043;37.125019130986026
5691;-103.159914093536;(((((x + (_a0_ * _a1_)) * x) * _a1_) + (_a3_ + x)) * x);{'d0': {'_a0_': 0.09705088418422944, '_a1_': 3.376760878923574, '_a3_': 1.7751354043482659, '_a2_': 1.0, '_a4_': 1.0, '_a5_': 1.0, '_a6_': 1.0, '_a7_': 1.0}};{'d0': 0.02490583291941669};-280.569866449043;37.125019130986026
5692;-103.159914093536;(((((x + (_a0_ * _a1_)) * x) * _a1_) + (_a3_ + x)) * x);{'d0': {'_a0_': 0.09705088418422944, '_a1_': 3.376760878923574, '_a3_': 1.7751354043482659, '_a2_': 1.0, '_a4_': 1.0, '_a5_': 1.0, '_a6_': 1.0, '_a7_': 1.0}};{'d0': 0.02490583291941669};-280.569866449043;37.125019130986026
5693;-93.3930560441965;(((pow3((-(_a1_) + pow2(cos((_a4_ + x))))) * _a3_) * x) * _a0_);{'d0': {'_a0_': 2.3454990062485166, '_a1_': -1.459070378942097, '_a3_': 0.2012846851144755, '_a4_': 1.8808325951674354, '_a2_': 1.0, '_a5_': 1.0, '_a6_': 1.0, '_a7_': 1.0}};{'d0': 0.02372233805793571};-279.396615377092;46.30525164434938
5694;-93.3930560441965;(((pow3((-(_a1_) + pow2(cos((_a4_ + x))))) * _a3_) * x) * _a0_);{'d0': {'_a0_': 2.3454990062485166, '_a1_': -1.459070378942097, '_a3_': 0.2012846851144755, '_a4_': 1.8808325951674354, '_a2_': 1.0, '_a5_': 1.0, '_a6_': 1.0, '_a7_': 1.0}};{'d0': 0.02372233805793571};-279.396615377092;46.30525164434938
5695;-93.3930560441965;(((pow3((-(_a1_) + pow2(cos((_a4_ + x))))) * _a3_) * x) * _a0_);{'d0': {'_a0_': 2.3454990062485166, '_a1_': -1.459070378942097, '_a3_': 0.2012846851144755, '_a4_': 1.8808325951674354, '_a2_': 1.0, '_a5_': 1.0, '_a6_': 1.0, '_a7_': 1.0}};{'d0': 0.02372233805793571};-279.396615377092;46.30525164434938
5696;-93.3930560441965;(((pow3((-(_a1_) + pow2(cos((_a4_ + x))))) * _a3_) * x) * _a0_);{'d0': {'_a0_': 2.3454990062485166, '_a1_': -1.459070378942097, '_a3_': 0.2012846851144755, '_a4_': 1.8808325951674354, '_a2_': 1.0, '_a5_': 1.0, '_a6_': 1.0, '_a7_': 1.0}};{'d0': 0.02372233805793571};-279.396615377092;46.30525164434938
5697;-95.4402283253875;(((pow3((-(_a1_) + pow2(cos((_a4_ + x))))) * _a0_) * x) * _a0_);{'d0': {'_a0_': 0.6871048275466471, '_a1_': -1.4590703758734616, '_a4_': 1.8808325951397054, '_a2_': 1.0, '_a3_': 1.0, '_a5_': 1.0, '_a6_': 1.0, '_a7_': 1.0}};{'d0': 0.0237223380578725};-283.490959939474;46.30525164434938
5698;-95.4402283253875;(((pow3((-(_a1_) + pow2(cos((_a4_ + x))))) * _a0_) * x) * _a0_);{'d0': {'_a0_': 0.6871048275466471, '_a1_': -1.4590703758734616, '_a4_': 1.8808325951397054, '_a2_': 1.0, '_a3_': 1.0, '_a5_': 1.0, '_a6_': 1.0, '_a7_': 1.0}};{'d0': 0.0237223380578725};-283.490959939474;46.30525164434938
5699;-95.4402283253876;(((pow3((-(_a1_) + pow2(cos((_a4_ + x))))) * _a1_) * x) * _a0_);{'d0': {'_a0_': -0.3235711263063322, '_a1_': -1.4590703751297067, '_a4_': 1.8808325951279103, '_a2_': 1.0, '_a3_': 1.0, '_a5_': 1.0, '_a6_': 1.0, '_a7_': 1.0}};{'d0': 0.02372233805787239};-283.490959939474;46.30525164434938
5700;-95.4402283253876;(((pow3((-(_a1_) + pow2(cos((_a4_ + x))))) * _a1_) * x) * _a0_);{'d0': {'_a0_': -0.3235711263063322, '_a1_': -1.4590703751297067, '_a4_': 1.8808325951279103, '_a2_': 1.0, '_a3_': 1.0, '_a5_': 1.0, '_a6_': 1.0, '_a7_': 1.0}};{'d0': 0.02372233805787239};-283.490959939474;46.30525164434938
5701;-95.4402283253876;(((pow3((-(_a1_) + pow2(cos((_a4_ + x))))) * _a1_) * x) * _a0_);{'d0': {'_a0_': -0.3235711263063322, '_a1_': -1.4590703751297067, '_a4_': 1.8808325951279103, '_a2_': 1.0, '_a3_': 1.0, '_a5_': 1.0, '_a6_': 1.0, '_a7_': 1.0}};{'d0': 0.02372233805787239};-283.490959939474;46.30525164434938
5702;-95.4402283253876;(((pow3((-(_a1_) + pow2(cos((_a4_ + x))))) * _a1_) * x) * _a0_);{'d0': {'_a0_': -0.3235711263063322, '_a1_': -1.4590703751297067, '_a4_': 1.8808325951279103, '_a2_': 1.0, '_a3_': 1.0, '_a5_': 1.0, '_a6_': 1.0, '_a7_': 1.0}};{'d0': 0.02372233805787239};-283.490959939474;46.30525164434938
5703;-95.4402283253876;(((pow3((-(_a1_) + pow2(cos((_a4_ + x))))) * _a1_) * x) * _a0_);{'d0': {'_a0_': -0.3235711263063322, '_a1_': -1.4590703751297067, '_a4_': 1.8808325951279103, '_a2_': 1.0, '_a3_': 1.0, '_a5_': 1.0, '_a6_': 1.0, '_a7_': 1.0}};{'d0': 0.02372233805787239};-283.490959939474;46.30525164434938
5704;-95.4402283253876;(((pow3((-(_a1_) + pow2(cos((_a4_ + x))))) * _a1_) * x) * _a0_);{'d0': {'_a0_': -0.3235711263063322, '_a1_': -1.4590703751297067, '_a4_': 1.8808325951279103, '_a2_': 1.0, '_a3_': 1.0, '_a5_': 1.0, '_a6_': 1.0, '_a7_': 1.0}};{'d0': 0.02372233805787239};-283.490959939474;46.30525164434938
5705;-95.4402283253876;(((pow3((-(_a1_) + pow2(cos((_a4_ + x))))) * _a1_) * x) * _a0_);{'d0': {'_a0_': -0.3235711263063322, '_a1_': -1.4590703751297067, '_a4_': 1.8808325951279103, '_a2_': 1.0, '_a3_': 1.0, '_a5_': 1.0, '_a6_': 1.0, '_a7_': 1.0}};{'d0': 0.02372233805787239};-283.490959939474;46.30525164434938
5706;-95.4402283253876;(((pow3((-(_a1_) + pow2(cos((_a4_ + x))))) * _a1_) * x) * _a0_);{'d0': {'_a0_': -0.3235711263063322, '_a1_': -1.4590703751297067, '_a4_': 1.8808325951279103, '_a2_': 1.0, '_a3_': 1.0, '_a5_': 1.0, '_a6_': 1.0, '_a7_': 1.0}};{'d0': 0.02372233805787239};-283.490959939474;46.30525164434938
5707;-104.058817930787;(((((x + (_a3_ * _a1_)) * x) * _a1_) + (_a3_ * _a4_)) * x);{'d0': {'_a1_': 3.3767608784753045, '_a3_': 0.18475084204100525, '_a4_': 9.608266922818238, '_a0_': 1.0, '_a2_': 1.0, '_a5_': 1.0, '_a6_': 1.0, '_a7_': 1.0}};{'d0': 0.02490583291941666};-280.569866449044;36.22611529373503
5708;-104.058817930787;(((((x + (_a3_ * _a1_)) * x) * _a1_) + (_a3_ * _a4_)) * x);{'d0': {'_a1_': 3.3767608784753045, '_a3_': 0.18475084204100525, '_a4_': 9.608266922818238, '_a0_': 1.0, '_a2_': 1.0, '_a5_': 1.0, '_a6_': 1.0, '_a7_': 1.0}};{'d0': 0.02490583291941666};-280.569866449044;36.22611529373503
5709;-104.058817930787;(((((x + (_a3_ * _a1_)) * x) * _a1_) + (_a3_ * _a4_)) * x);{'d0': {'_a1_': 3.3767608784753045, '_a3_': 0.18475084204100525, '_a4_': 9.608266922818238, '_a0_': 1.0, '_a2_': 1.0, '_a5_': 1.0, '_a6_': 1.0, '_a7_': 1.0}};{'d0': 0.02490583291941666};-280.569866449044;36.22611529373503
5710;-104.058817930787;(((((x + (_a3_ * _a1_)) * x) * _a1_) + (_a3_ * _a4_)) * x);{'d0': {'_a1_': 3.3767608784753045, '_a3_': 0.18475084204100525, '_a4_': 9.608266922818238, '_a0_': 1.0, '_a2_': 1.0, '_a5_': 1.0, '_a6_': 1.0, '_a7_': 1.0}};{'d0': 0.02490583291941666};-280.569866449044;36.22611529373503
5711;-104.058817930787;(((((x + (_a3_ * _a1_)) * x) * _a1_) + (_a3_ * _a4_)) * x);{'d0': {'_a1_': 3.3767608784753045, '_a3_': 0.18475084204100525, '_a4_': 9.608266922818238, '_a0_': 1.0, '_a2_': 1.0, '_a5_': 1.0, '_a6_': 1.0, '_a7_': 1.0}};{'d0': 0.02490583291941666};-280.569866449044;36.22611529373503
5712;-104.058817930787;(((((x + (_a3_ * _a1_)) * x) * _a1_) + (_a3_ * _a4_)) * x);{'d0': {'_a1_': 3.3767608784753045, '_a3_': 0.18475084204100525, '_a4_': 9.608266922818238, '_a0_': 1.0, '_a2_': 1.0, '_a5_': 1.0, '_a6_': 1.0, '_a7_': 1.0}};{'d0': 0.02490583291941666};-280.569866449044;36.22611529373503
5713;-104.058817930787;(((((x + (_a3_ * _a1_)) * x) * _a1_) + (_a3_ * _a4_)) * x);{'d0': {'_a1_': 3.3767608784753045, '_a3_': 0.18475084204100525, '_a4_': 9.608266922818238, '_a0_': 1.0, '_a2_': 1.0, '_a5_': 1.0, '_a6_': 1.0, '_a7_': 1.0}};{'d0': 0.02490583291941666};-280.569866449044;36.22611529373503
5714;-104.058817930787;(((((x + (_a3_ * _a1_)) * x) * _a1_) + (_a3_ * _a4_)) * x);{'d0': {'_a1_': 3.3767608784753045, '_a3_': 0.18475084204100525, '_a4_': 9.608266922818238, '_a0_': 1.0, '_a2_': 1.0, '_a5_': 1.0, '_a6_': 1.0, '_a7_': 1.0}};{'d0': 0.02490583291941666};-280.569866449044;36.22611529373503
5715;-104.058817930787;(((((x + (_a3_ * _a1_)) * x) * _a1_) + (_a3_ * _a4_)) * x);{'d0': {'_a1_': 3.3767608784753045, '_a3_': 0.18475084204100525, '_a4_': 9.608266922818238, '_a0_': 1.0, '_a2_': 1.0, '_a5_': 1.0, '_a6_': 1.0, '_a7_': 1.0}};{'d0': 0.02490583291941666};-280.569866449044;36.22611529373503
5716;-104.058817930787;(((((x + (_a3_ * _a1_)) * x) * _a1_) + (_a3_ * _a4_)) * x);{'d0': {'_a1_': 3.3767608784753045, '_a3_': 0.18475084204100525, '_a4_': 9.608266922818238, '_a0_': 1.0, '_a2_': 1.0, '_a5_': 1.0, '_a6_': 1.0, '_a7_': 1.0}};{'d0': 0.02490583291941666};-280.569866449044;36.22611529373503
5717;-104.058817930787;(((((x + (_a3_ * _a1_)) * x) * _a1_) + (_a3_ * _a4_)) * x);{'d0': {'_a1_': 3.3767608784753045, '_a3_': 0.18475084204100525, '_a4_': 9.608266922818238, '_a0_': 1.0, '_a2_': 1.0, '_a5_': 1.0, '_a6_': 1.0, '_a7_': 1.0}};{'d0': 0.02490583291941666};-280.569866449044;36.22611529373503
5718;-104.058817930787;(((((x + (_a3_ * _a1_)) * x) * _a1_) + (_a3_ * _a4_)) * x);{'d0': {'_a1_': 3.3767608784753045, '_a3_': 0.18475084204100525, '_a4_': 9.608266922818238, '_a0_': 1.0, '_a2_': 1.0, '_a5_': 1.0, '_a6_': 1.0, '_a7_': 1.0}};{'d0': 0.02490583291941666};-280.569866449044;36.22611529373503
5719;-104.058817930787;(((((x + (_a3_ * _a1_)) * x) * _a1_) + (_a3_ * _a4_)) * x);{'d0': {'_a1_': 3.3767608784753045, '_a3_': 0.18475084204100525, '_a4_': 9.608266922818238, '_a0_': 1.0, '_a2_': 1.0, '_a5_': 1.0, '_a6_': 1.0, '_a7_': 1.0}};{'d0': 0.02490583291941666};-280.569866449044;36.22611529373503
5720;-104.058817930787;(((((x + (_a3_ * _a1_)) * x) * _a1_) + (_a3_ * _a4_)) * x);{'d0': {'_a1_': 3.3767608784753045, '_a3_': 0.18475084204100525, '_a4_': 9.608266922818238, '_a0_': 1.0, '_a2_': 1.0, '_a5_': 1.0, '_a6_': 1.0, '_a7_': 1.0}};{'d0': 0.02490583291941666};-280.569866449044;36.22611529373503
5721;-104.058817930787;(((((x + (_a3_ * _a1_)) * x) * _a1_) + (_a3_ * _a4_)) * x);{'d0': {'_a1_': 3.3767608784753045, '_a3_': 0.18475084204100525, '_a4_': 9.608266922818238, '_a0_': 1.0, '_a2_': 1.0, '_a5_': 1.0, '_a6_': 1.0, '_a7_': 1.0}};{'d0': 0.02490583291941666};-280.569866449044;36.22611529373503
5722;-104.058817930787;(((((x + (_a3_ * _a1_)) * x) * _a1_) + (_a3_ * _a4_)) * x);{'d0': {'_a1_': 3.3767608784753045, '_a3_': 0.18475084204100525, '_a4_': 9.608266922818238, '_a0_': 1.0, '_a2_': 1.0, '_a5_': 1.0, '_a6_': 1.0, '_a7_': 1.0}};{'d0': 0.02490583291941666};-280.569866449044;36.22611529373503
5723;-104.058817930787;(((((x + (_a3_ * _a1_)) * x) * _a1_) + (_a3_ * _a4_)) * x);{'d0': {'_a1_': 3.3767608784753045, '_a3_': 0.18475084204100525, '_a4_': 9.608266922818238, '_a0_': 1.0, '_a2_': 1.0, '_a5_': 1.0, '_a6_': 1.0, '_a7_': 1.0}};{'d0': 0.02490583291941666};-280.569866449044;36.22611529373503
5724;-104.058817930787;(((((x + (_a3_ * _a1_)) * x) * _a1_) + (_a3_ * _a4_)) * x);{'d0': {'_a1_': 3.3767608784753045, '_a3_': 0.18475084204100525, '_a4_': 9.608266922818238, '_a0_': 1.0, '_a2_': 1.0, '_a5_': 1.0, '_a6_': 1.0, '_a7_': 1.0}};{'d0': 0.02490583291941666};-280.569866449044;36.22611529373503
5725;-104.058817930787;(((((x + (_a3_ * _a1_)) * x) * _a1_) + (_a3_ * _a4_)) * x);{'d0': {'_a1_': 3.3767608784753045, '_a3_': 0.18475084204100525, '_a4_': 9.608266922818238, '_a0_': 1.0, '_a2_': 1.0, '_a5_': 1.0, '_a6_': 1.0, '_a7_': 1.0}};{'d0': 0.02490583291941666};-280.569866449044;36.22611529373503
5726;-104.058817930787;(((((x + (_a3_ * _a1_)) * x) * _a1_) + (_a3_ * _a4_)) * x);{'d0': {'_a1_': 3.3767608784753045, '_a3_': 0.18475084204100525, '_a4_': 9.608266922818238, '_a0_': 1.0, '_a2_': 1.0, '_a5_': 1.0, '_a6_': 1.0, '_a7_': 1.0}};{'d0': 0.02490583291941666};-280.569866449044;36.22611529373503
5727;-104.058817930787;(((((x + (_a3_ * _a1_)) * x) * _a1_) + (_a3_ * _a4_)) * x);{'d0': {'_a1_': 3.3767608784753045, '_a3_': 0.18475084204100525, '_a4_': 9.608266922818238, '_a0_': 1.0, '_a2_': 1.0, '_a5_': 1.0, '_a6_': 1.0, '_a7_': 1.0}};{'d0': 0.02490583291941666};-280.569866449044;36.22611529373503
5728;-104.058817930787;(((((x + (_a3_ * _a1_)) * x) * _a1_) + (_a3_ * _a4_)) * x);{'d0': {'_a1_': 3.3767608784753045, '_a3_': 0.18475084204100525, '_a4_': 9.608266922818238, '_a0_': 1.0, '_a2_': 1.0, '_a5_': 1.0, '_a6_': 1.0, '_a7_': 1.0}};{'d0': 0.02490583291941666};-280.569866449044;36.22611529373503
5729;-104.058817930787;(((((x + (_a3_ * _a1_)) * x) * _a1_) + (_a3_ * _a4_)) * x);{'d0': {'_a1_': 3.3767608784753045, '_a3_': 0.18475084204100525, '_a4_': 9.608266922818238, '_a0_': 1.0, '_a2_': 1.0, '_a5_': 1.0, '_a6_': 1.0, '_a7_': 1.0}};{'d0': 0.02490583291941666};-280.569866449044;36.22611529373503
5730;-104.058817930787;(((((x + (_a3_ * _a1_)) * x) * _a1_) + (_a3_ * _a4_)) * x);{'d0': {'_a1_': 3.3767608784753045, '_a3_': 0.18475084204100525, '_a4_': 9.608266922818238, '_a0_': 1.0, '_a2_': 1.0, '_a5_': 1.0, '_a6_': 1.0, '_a7_': 1.0}};{'d0': 0.02490583291941666};-280.569866449044;36.22611529373503
5731;-104.058817930787;(((((x + (_a3_ * _a1_)) * x) * _a1_) + (_a3_ * _a4_)) * x);{'d0': {'_a1_': 3.3767608784753045, '_a3_': 0.18475084204100525, '_a4_': 9.608266922818238, '_a0_': 1.0, '_a2_': 1.0, '_a5_': 1.0, '_a6_': 1.0, '_a7_': 1.0}};{'d0': 0.02490583291941666};-280.569866449044;36.22611529373503
5732;-104.058817930787;(((((x + (_a3_ * _a1_)) * x) * _a1_) + (_a3_ * _a4_)) * x);{'d0': {'_a1_': 3.3767608784753045, '_a3_': 0.18475084204100525, '_a4_': 9.608266922818238, '_a0_': 1.0, '_a2_': 1.0, '_a5_': 1.0, '_a6_': 1.0, '_a7_': 1.0}};{'d0': 0.02490583291941666};-280.569866449044;36.22611529373503
5733;-104.058817930787;(((((x + (_a3_ * _a1_)) * x) * _a1_) + (_a3_ * _a4_)) * x);{'d0': {'_a1_': 3.3767608784753045, '_a3_': 0.18475084204100525, '_a4_': 9.608266922818238, '_a0_': 1.0, '_a2_': 1.0, '_a5_': 1.0, '_a6_': 1.0, '_a7_': 1.0}};{'d0': 0.02490583291941666};-280.569866449044;36.22611529373503
5734;-104.058817930787;(((((x + (_a3_ * _a1_)) * x) * _a1_) + (_a3_ * _a4_)) * x);{'d0': {'_a1_': 3.3767608784753045, '_a3_': 0.18475084204100525, '_a4_': 9.608266922818238, '_a0_': 1.0, '_a2_': 1.0, '_a5_': 1.0, '_a6_': 1.0, '_a7_': 1.0}};{'d0': 0.02490583291941666};-280.569866449044;36.22611529373503
5735;-104.058817930787;(((((x + (_a3_ * _a1_)) * x) * _a1_) + (_a3_ * _a4_)) * x);{'d0': {'_a1_': 3.3767608784753045, '_a3_': 0.18475084204100525, '_a4_': 9.608266922818238, '_a0_': 1.0, '_a2_': 1.0, '_a5_': 1.0, '_a6_': 1.0, '_a7_': 1.0}};{'d0': 0.02490583291941666};-280.569866449044;36.22611529373503
5736;-104.058817930787;(((((x + (_a3_ * _a1_)) * x) * _a1_) + (_a3_ * _a4_)) * x);{'d0': {'_a1_': 3.3767608784753045, '_a3_': 0.18475084204100525, '_a4_': 9.608266922818238, '_a0_': 1.0, '_a2_': 1.0, '_a5_': 1.0, '_a6_': 1.0, '_a7_': 1.0}};{'d0': 0.02490583291941666};-280.569866449044;36.22611529373503
5737;-104.058817930787;(((((x + (_a3_ * _a1_)) * x) * _a1_) + (_a3_ * _a4_)) * x);{'d0': {'_a1_': 3.3767608784753045, '_a3_': 0.18475084204100525, '_a4_': 9.608266922818238, '_a0_': 1.0, '_a2_': 1.0, '_a5_': 1.0, '_a6_': 1.0, '_a7_': 1.0}};{'d0': 0.02490583291941666};-280.569866449044;36.22611529373503
5738;-104.058817930787;(((((x + (_a3_ * _a1_)) * x) * _a1_) + (_a3_ * _a4_)) * x);{'d0': {'_a1_': 3.3767608784753045, '_a3_': 0.18475084204100525, '_a4_': 9.608266922818238, '_a0_': 1.0, '_a2_': 1.0, '_a5_': 1.0, '_a6_': 1.0, '_a7_': 1.0}};{'d0': 0.02490583291941666};-280.569866449044;36.22611529373503
5739;-104.058817930787;(((((x + (_a3_ * _a1_)) * x) * _a1_) + (_a3_ * _a4_)) * x);{'d0': {'_a1_': 3.3767608784753045, '_a3_': 0.18475084204100525, '_a4_': 9.608266922818238, '_a0_': 1.0, '_a2_': 1.0, '_a5_': 1.0, '_a6_': 1.0, '_a7_': 1.0}};{'d0': 0.02490583291941666};-280.569866449044;36.22611529373503
5740;-104.058817930787;(((((x + (_a3_ * _a1_)) * x) * _a1_) + (_a3_ * _a4_)) * x);{'d0': {'_a1_': 3.3767608784753045, '_a3_': 0.18475084204100525, '_a4_': 9.608266922818238, '_a0_': 1.0, '_a2_': 1.0, '_a5_': 1.0, '_a6_': 1.0, '_a7_': 1.0}};{'d0': 0.02490583291941666};-280.569866449044;36.22611529373503
5741;-104.058817930787;(((((x + (_a3_ * _a1_)) * x) * _a1_) + (_a3_ * _a4_)) * x);{'d0': {'_a1_': 3.3767608784753045, '_a3_': 0.18475084204100525, '_a4_': 9.608266922818238, '_a0_': 1.0, '_a2_': 1.0, '_a5_': 1.0, '_a6_': 1.0, '_a7_': 1.0}};{'d0': 0.02490583291941666};-280.569866449044;36.22611529373503
5742;-104.058817930787;(((((x + (_a3_ * _a1_)) * x) * _a1_) + (_a3_ * _a4_)) * x);{'d0': {'_a1_': 3.3767608784753045, '_a3_': 0.18475084204100525, '_a4_': 9.608266922818238, '_a0_': 1.0, '_a2_': 1.0, '_a5_': 1.0, '_a6_': 1.0, '_a7_': 1.0}};{'d0': 0.02490583291941666};-280.569866449044;36.22611529373503
5743;-104.058817930787;(((((x + (_a3_ * _a1_)) * x) * _a1_) + (_a3_ * _a4_)) * x);{'d0': {'_a1_': 3.3767608784753045, '_a3_': 0.18475084204100525, '_a4_': 9.608266922818238, '_a0_': 1.0, '_a2_': 1.0, '_a5_': 1.0, '_a6_': 1.0, '_a7_': 1.0}};{'d0': 0.02490583291941666};-280.569866449044;36.22611529373503
5744;-104.058817930787;(((((x + (_a3_ * _a1_)) * x) * _a1_) + (_a3_ * _a4_)) * x);{'d0': {'_a1_': 3.3767608784753045, '_a3_': 0.18475084204100525, '_a4_': 9.608266922818238, '_a0_': 1.0, '_a2_': 1.0, '_a5_': 1.0, '_a6_': 1.0, '_a7_': 1.0}};{'d0': 0.02490583291941666};-280.569866449044;36.22611529373503
5745;-104.058817930787;(((((x + (_a3_ * _a1_)) * x) * _a1_) + (_a3_ * _a4_)) * x);{'d0': {'_a1_': 3.3767608784753045, '_a3_': 0.18475084204100525, '_a4_': 9.608266922818238, '_a0_': 1.0, '_a2_': 1.0, '_a5_': 1.0, '_a6_': 1.0, '_a7_': 1.0}};{'d0': 0.02490583291941666};-280.569866449044;36.22611529373503
5746;-104.058817930787;(((((x + (_a3_ * _a1_)) * x) * _a1_) + (_a3_ * _a4_)) * x);{'d0': {'_a1_': 3.3767608784753045, '_a3_': 0.18475084204100525, '_a4_': 9.608266922818238, '_a0_': 1.0, '_a2_': 1.0, '_a5_': 1.0, '_a6_': 1.0, '_a7_': 1.0}};{'d0': 0.02490583291941666};-280.569866449044;36.22611529373503
5747;-94.5169191981201;(((pow3((_a1_ + pow2(cos((-(_a5_) + x))))) * _a1_) * x) / _a0_);{'d0': {'_a0_': 3.0905106223409025, '_a1_': 1.4590703763431738, '_a5_': 1.260760058464276, '_a2_': 1.0, '_a3_': 1.0, '_a4_': 1.0, '_a6_': 1.0, '_a7_': 1.0}};{'d0': 0.023722338057872463};-283.490959939474;47.228560771616785
5748;-94.5169191981201;(((pow3((_a1_ + pow2(cos((-(_a5_) + x))))) * _a1_) * x) / _a0_);{'d0': {'_a0_': 3.0905106223409025, '_a1_': 1.4590703763431738, '_a5_': 1.260760058464276, '_a2_': 1.0, '_a3_': 1.0, '_a4_': 1.0, '_a6_': 1.0, '_a7_': 1.0}};{'d0': 0.023722338057872463};-283.490959939474;47.228560771616785
5749;-94.5169191981201;(((pow3((_a1_ + pow2(cos((-(_a5_) + x))))) * _a1_) * x) / _a0_);{'d0': {'_a0_': 3.0905106223409025, '_a1_': 1.4590703763431738, '_a5_': 1.260760058464276, '_a2_': 1.0, '_a3_': 1.0, '_a4_': 1.0, '_a6_': 1.0, '_a7_': 1.0}};{'d0': 0.023722338057872463};-283.490959939474;47.228560771616785
5750;-94.5169191981201;(((pow3((_a1_ + pow2(cos((-(_a5_) + x))))) * _a1_) * x) / _a0_);{'d0': {'_a0_': 3.0905106223409025, '_a1_': 1.4590703763431738, '_a5_': 1.260760058464276, '_a2_': 1.0, '_a3_': 1.0, '_a4_': 1.0, '_a6_': 1.0, '_a7_': 1.0}};{'d0': 0.023722338057872463};-283.490959939474;47.228560771616785
5751;-94.5169191981201;(((pow3((_a1_ + pow2(cos((-(_a5_) + x))))) * _a1_) * x) / _a0_);{'d0': {'_a0_': 3.0905106223409025, '_a1_': 1.4590703763431738, '_a5_': 1.260760058464276, '_a2_': 1.0, '_a3_': 1.0, '_a4_': 1.0, '_a6_': 1.0, '_a7_': 1.0}};{'d0': 0.023722338057872463};-283.490959939474;47.228560771616785
5752;-94.5169191981201;(((pow3((_a1_ + pow2(cos((-(_a5_) + x))))) * _a1_) * x) / _a0_);{'d0': {'_a0_': 3.0905106223409025, '_a1_': 1.4590703763431738, '_a5_': 1.260760058464276, '_a2_': 1.0, '_a3_': 1.0, '_a4_': 1.0, '_a6_': 1.0, '_a7_': 1.0}};{'d0': 0.023722338057872463};-283.490959939474;47.228560771616785
5753;-94.5169191981201;(((pow3((_a1_ + pow2(cos((-(_a5_) + x))))) * _a1_) * x) / _a0_);{'d0': {'_a0_': 3.0905106223409025, '_a1_': 1.4590703763431738, '_a5_': 1.260760058464276, '_a2_': 1.0, '_a3_': 1.0, '_a4_': 1.0, '_a6_': 1.0, '_a7_': 1.0}};{'d0': 0.023722338057872463};-283.490959939474;47.228560771616785
5754;-94.5169191981201;(((pow3((_a1_ + pow2(cos((-(_a5_) + x))))) * _a1_) * x) / _a0_);{'d0': {'_a0_': 3.0905106223409025, '_a1_': 1.4590703763431738, '_a5_': 1.260760058464276, '_a2_': 1.0, '_a3_': 1.0, '_a4_': 1.0, '_a6_': 1.0, '_a7_': 1.0}};{'d0': 0.023722338057872463};-283.490959939474;47.228560771616785
5755;-94.5169191981201;(((pow3((_a1_ + pow2(cos((-(_a5_) + x))))) * _a1_) * x) / _a0_);{'d0': {'_a0_': 3.0905106223409025, '_a1_': 1.4590703763431738, '_a5_': 1.260760058464276, '_a2_': 1.0, '_a3_': 1.0, '_a4_': 1.0, '_a6_': 1.0, '_a7_': 1.0}};{'d0': 0.023722338057872463};-283.490959939474;47.228560771616785
5756;-94.5169191981201;(((pow3((_a1_ + pow2(cos((-(_a5_) + x))))) * _a1_) * x) / _a0_);{'d0': {'_a0_': 3.0905106223409025, '_a1_': 1.4590703763431738, '_a5_': 1.260760058464276, '_a2_': 1.0, '_a3_': 1.0, '_a4_': 1.0, '_a6_': 1.0, '_a7_': 1.0}};{'d0': 0.023722338057872463};-283.490959939474;47.228560771616785
5757;-94.5169191981201;(((pow3((_a1_ + pow2(cos((-(_a5_) + x))))) * _a1_) * x) / _a0_);{'d0': {'_a0_': 3.0905106223409025, '_a1_': 1.4590703763431738, '_a5_': 1.260760058464276, '_a2_': 1.0, '_a3_': 1.0, '_a4_': 1.0, '_a6_': 1.0, '_a7_': 1.0}};{'d0': 0.023722338057872463};-283.490959939474;47.228560771616785
5758;-94.5169191981201;(((pow3((_a1_ + pow2(cos((-(_a5_) + x))))) * _a1_) * x) / _a0_);{'d0': {'_a0_': 3.0905106223409025, '_a1_': 1.4590703763431738, '_a5_': 1.260760058464276, '_a2_': 1.0, '_a3_': 1.0, '_a4_': 1.0, '_a6_': 1.0, '_a7_': 1.0}};{'d0': 0.023722338057872463};-283.490959939474;47.228560771616785
5759;-94.5169191981201;(((pow3((_a1_ + pow2(cos((-(_a5_) + x))))) * _a1_) * x) / _a0_);{'d0': {'_a0_': 3.0905106223409025, '_a1_': 1.4590703763431738, '_a5_': 1.260760058464276, '_a2_': 1.0, '_a3_': 1.0, '_a4_': 1.0, '_a6_': 1.0, '_a7_': 1.0}};{'d0': 0.023722338057872463};-283.490959939474;47.228560771616785
5760;-94.5169191981201;(((pow3((_a1_ + pow2(cos((-(_a5_) + x))))) * _a1_) * x) / _a0_);{'d0': {'_a0_': 3.0905106223409025, '_a1_': 1.4590703763431738, '_a5_': 1.260760058464276, '_a2_': 1.0, '_a3_': 1.0, '_a4_': 1.0, '_a6_': 1.0, '_a7_': 1.0}};{'d0': 0.023722338057872463};-283.490959939474;47.228560771616785
5761;-94.5169191981201;(((pow3((_a1_ + pow2(cos((-(_a5_) + x))))) * _a1_) * x) / _a0_);{'d0': {'_a0_': 3.0905106223409025, '_a1_': 1.4590703763431738, '_a5_': 1.260760058464276, '_a2_': 1.0, '_a3_': 1.0, '_a4_': 1.0, '_a6_': 1.0, '_a7_': 1.0}};{'d0': 0.023722338057872463};-283.490959939474;47.228560771616785
5762;-94.5169191981201;(((pow3((_a1_ + pow2(cos((-(_a5_) + x))))) * _a1_) * x) / _a0_);{'d0': {'_a0_': 3.0905106223409025, '_a1_': 1.4590703763431738, '_a5_': 1.260760058464276, '_a2_': 1.0, '_a3_': 1.0, '_a4_': 1.0, '_a6_': 1.0, '_a7_': 1.0}};{'d0': 0.023722338057872463};-283.490959939474;47.228560771616785
5763;-94.5169191981201;(((pow3((_a1_ + pow2(cos((-(_a5_) + x))))) * _a1_) * x) / _a0_);{'d0': {'_a0_': 3.0905106223409025, '_a1_': 1.4590703763431738, '_a5_': 1.260760058464276, '_a2_': 1.0, '_a3_': 1.0, '_a4_': 1.0, '_a6_': 1.0, '_a7_': 1.0}};{'d0': 0.023722338057872463};-283.490959939474;47.228560771616785
5764;-94.5169191981201;(((pow3((_a1_ + pow2(cos((-(_a5_) + x))))) * _a1_) * x) / _a0_);{'d0': {'_a0_': 3.0905106223409025, '_a1_': 1.4590703763431738, '_a5_': 1.260760058464276, '_a2_': 1.0, '_a3_': 1.0, '_a4_': 1.0, '_a6_': 1.0, '_a7_': 1.0}};{'d0': 0.023722338057872463};-283.490959939474;47.228560771616785
5765;-94.5169191981201;(((pow3((_a1_ + pow2(cos((-(_a5_) + x))))) * _a1_) * x) / _a0_);{'d0': {'_a0_': 3.0905106223409025, '_a1_': 1.4590703763431738, '_a5_': 1.260760058464276, '_a2_': 1.0, '_a3_': 1.0, '_a4_': 1.0, '_a6_': 1.0, '_a7_': 1.0}};{'d0': 0.023722338057872463};-283.490959939474;47.228560771616785
5766;-94.5169191981201;(((pow3((_a1_ + pow2(cos((-(_a5_) + x))))) * _a1_) * x) / _a0_);{'d0': {'_a0_': 3.0905106223409025, '_a1_': 1.4590703763431738, '_a5_': 1.260760058464276, '_a2_': 1.0, '_a3_': 1.0, '_a4_': 1.0, '_a6_': 1.0, '_a7_': 1.0}};{'d0': 0.023722338057872463};-283.490959939474;47.228560771616785
5767;-92.2762653093505;(((pow3((_a1_ + pow2(cos(((_a1_ + _a7_) + x))))) * _a1_) * x) / _a0_);{'d0': {'_a0_': 3.090510628693717, '_a1_': 1.4590703772166895, '_a7_': 0.42176221795619007, '_a2_': 1.0, '_a3_': 1.0, '_a4_': 1.0, '_a5_': 1.0, '_a6_': 1.0}};{'d0': 0.023722338057872442};-283.490959939474;49.46921466038639
5768;-91.6039842959704;(((pow3((_a1_ + pow2(cos((pow3(_a4_) + x))))) * _a1_) * x) / _a0_);{'d0': {'_a0_': 3.090510617567408, '_a1_': 1.459070375713016, '_a4_': 1.2343833284553367, '_a2_': 1.0, '_a3_': 1.0, '_a5_': 1.0, '_a6_': 1.0, '_a7_': 1.0}};{'d0': 0.02372233805787258};-283.490959939474;50.14149567376639
5769;-91.6039842959704;(((pow3((_a1_ + pow2(cos((pow3(_a4_) + x))))) * _a1_) * x) / _a0_);{'d0': {'_a0_': 3.090510617567408, '_a1_': 1.459070375713016, '_a4_': 1.2343833284553367, '_a2_': 1.0, '_a3_': 1.0, '_a5_': 1.0, '_a6_': 1.0, '_a7_': 1.0}};{'d0': 0.02372233805787258};-283.490959939474;50.14149567376639
5770;-91.6039842959704;(((pow3((_a1_ + pow2(cos((pow3(_a4_) + x))))) * _a1_) * x) / _a0_);{'d0': {'_a0_': 3.090510617567408, '_a1_': 1.459070375713016, '_a4_': 1.2343833284553367, '_a2_': 1.0, '_a3_': 1.0, '_a5_': 1.0, '_a6_': 1.0, '_a7_': 1.0}};{'d0': 0.02372233805787258};-283.490959939474;50.14149567376639
5771;-91.6039842959704;(((pow3((_a1_ + pow2(cos((pow3(_a4_) + x))))) * _a1_) * x) / _a0_);{'d0': {'_a0_': 3.090510617567408, '_a1_': 1.459070375713016, '_a4_': 1.2343833284553367, '_a2_': 1.0, '_a3_': 1.0, '_a5_': 1.0, '_a6_': 1.0, '_a7_': 1.0}};{'d0': 0.02372233805787258};-283.490959939474;50.14149567376639
5772;-91.6039842959704;(((pow3((_a1_ + pow2(cos((pow3(_a4_) + x))))) * _a1_) * x) / _a0_);{'d0': {'_a0_': 3.090510617567408, '_a1_': 1.459070375713016, '_a4_': 1.2343833284553367, '_a2_': 1.0, '_a3_': 1.0, '_a5_': 1.0, '_a6_': 1.0, '_a7_': 1.0}};{'d0': 0.02372233805787258};-283.490959939474;50.14149567376639
5773;-91.6039842959704;(((pow3((_a1_ + pow2(cos((pow3(_a4_) + x))))) * _a1_) * x) / _a0_);{'d0': {'_a0_': 3.090510617567408, '_a1_': 1.459070375713016, '_a4_': 1.2343833284553367, '_a2_': 1.0, '_a3_': 1.0, '_a5_': 1.0, '_a6_': 1.0, '_a7_': 1.0}};{'d0': 0.02372233805787258};-283.490959939474;50.14149567376639
5774;-91.6039842959704;(((pow3((_a1_ + pow2(cos((pow3(_a4_) + x))))) * _a1_) * x) / _a0_);{'d0': {'_a0_': 3.090510617567408, '_a1_': 1.459070375713016, '_a4_': 1.2343833284553367, '_a2_': 1.0, '_a3_': 1.0, '_a5_': 1.0, '_a6_': 1.0, '_a7_': 1.0}};{'d0': 0.02372233805787258};-283.490959939474;50.14149567376639
5775;-51.8579295686297;(((((_a6_ * ((_a1_ / _a4_) * ((x / (_a6_ / (_a2_ * ((_a2_ / (_a4_ * _a1_)) + (_a1_ + x))))) * _a4_))) * _a4_) * (x * _a4_)) + x) * _a6_);{'d0': {'_a1_': -1.9300169377075456, '_a2_': -2.882326838736748, '_a4_': 0.5847661254315334, '_a6_': 1.7751354042759007, '_a0_': 1.0, '_a3_': 1.0, '_a5_': 1.0, '_a7_': 1.0}};{'d0': 0.024905832924067204};-276.475521875618;86.3798313691794
5776;-51.8579295686297;(((((_a6_ * ((_a1_ / _a4_) * ((x / (_a6_ / (_a2_ * ((_a2_ / (_a4_ * _a1_)) + (_a1_ + x))))) * _a4_))) * _a4_) * (x * _a4_)) + x) * _a6_);{'d0': {'_a1_': -1.9300169377075456, '_a2_': -2.882326838736748, '_a4_': 0.5847661254315334, '_a6_': 1.7751354042759007, '_a0_': 1.0, '_a3_': 1.0, '_a5_': 1.0, '_a7_': 1.0}};{'d0': 0.024905832924067204};-276.475521875618;86.3798313691794
5777;-51.8579295686297;(((((_a6_ * ((_a1_ / _a4_) * ((x / (_a6_ / (_a2_ * ((_a2_ / (_a4_ * _a1_)) + (_a1_ + x))))) * _a4_))) * _a4_) * (x * _a4_)) + x) * _a6_);{'d0': {'_a1_': -1.9300169377075456, '_a2_': -2.882326838736748, '_a4_': 0.5847661254315334, '_a6_': 1.7751354042759007, '_a0_': 1.0, '_a3_': 1.0, '_a5_': 1.0, '_a7_': 1.0}};{'d0': 0.024905832924067204};-276.475521875618;86.3798313691794
5778;-51.8579295686297;(((((_a6_ * ((_a1_ / _a4_) * ((x / (_a6_ / (_a2_ * ((_a2_ / (_a4_ * _a1_)) + (_a1_ + x))))) * _a4_))) * _a4_) * (x * _a4_)) + x) * _a6_);{'d0': {'_a1_': -1.9300169377075456, '_a2_': -2.882326838736748, '_a4_': 0.5847661254315334, '_a6_': 1.7751354042759007, '_a0_': 1.0, '_a3_': 1.0, '_a5_': 1.0, '_a7_': 1.0}};{'d0': 0.024905832924067204};-276.475521875618;86.3798313691794
5779;-51.8579295686297;(((((_a6_ * ((_a1_ / _a4_) * ((x / (_a6_ / (_a2_ * ((_a2_ / (_a4_ * _a1_)) + (_a1_ + x))))) * _a4_))) * _a4_) * (x * _a4_)) + x) * _a6_);{'d0': {'_a1_': -1.9300169377075456, '_a2_': -2.882326838736748, '_a4_': 0.5847661254315334, '_a6_': 1.7751354042759007, '_a0_': 1.0, '_a3_': 1.0, '_a5_': 1.0, '_a7_': 1.0}};{'d0': 0.024905832924067204};-276.475521875618;86.3798313691794
5780;-57.1690559301113;(((((_a6_ * ((_a1_ / _a4_) * ((x / (_a6_ / (_a2_ * ((_a2_ / _a2_) + (_a1_ + x))))) * _a4_))) * _a4_) * (x * _a4_)) + x) * _a6_);{'d0': {'_a1_': -0.37614058417706825, '_a2_': -8.237414164762232, '_a4_': 0.7835447259993527, '_a6_': 1.7751354047994474, '_a0_': 1.0, '_a3_': 1.0, '_a5_': 1.0, '_a7_': 1.0}};{'d0': 0.02490583292040218};-276.475521884447;81.0687050121124
5781;-57.1690559301113;(((((_a6_ * ((_a1_ / _a4_) * ((x / (_a6_ / (_a2_ * ((_a2_ / _a2_) + (_a1_ + x))))) * _a4_))) * _a4_) * (x * _a4_)) + x) * _a6_);{'d0': {'_a1_': -0.37614058417706825, '_a2_': -8.237414164762232, '_a4_': 0.7835447259993527, '_a6_': 1.7751354047994474, '_a0_': 1.0, '_a3_': 1.0, '_a5_': 1.0, '_a7_': 1.0}};{'d0': 0.02490583292040218};-276.475521884447;81.0687050121124
5782;-57.1690559301113;(((((_a6_ * ((_a1_ / _a4_) * ((x / (_a6_ / (_a2_ * ((_a2_ / _a2_) + (_a1_ + x))))) * _a4_))) * _a4_) * (x * _a4_)) + x) * _a6_);{'d0': {'_a1_': -0.37614058417706825, '_a2_': -8.237414164762232, '_a4_': 0.7835447259993527, '_a6_': 1.7751354047994474, '_a0_': 1.0, '_a3_': 1.0, '_a5_': 1.0, '_a7_': 1.0}};{'d0': 0.02490583292040218};-276.475521884447;81.0687050121124
5783;-57.1690559301113;(((((_a6_ * ((_a1_ / _a4_) * ((x / (_a6_ / (_a2_ * ((_a2_ / _a2_) + (_a1_ + x))))) * _a4_))) * _a4_) * (x * _a4_)) + x) * _a6_);{'d0': {'_a1_': -0.37614058417706825, '_a2_': -8.237414164762232, '_a4_': 0.7835447259993527, '_a6_': 1.7751354047994474, '_a0_': 1.0, '_a3_': 1.0, '_a5_': 1.0, '_a7_': 1.0}};{'d0': 0.02490583292040218};-276.475521884447;81.0687050121124
5784;-93.3198837192456;(((pow3((_a1_ + pow2(cos(((_a5_ * _a5_) + x))))) * _a1_) * x) / _a0_);{'d0': {'_a0_': 3.0905106043900097, '_a1_': 1.4590703739252953, '_a5_': 1.371434502664473, '_a2_': 1.0, '_a3_': 1.0, '_a4_': 1.0, '_a6_': 1.0, '_a7_': 1.0}};{'d0': 0.0237223380578724};-283.490959939474;48.425596250491395
5785;-93.3198837192456;(((pow3((_a1_ + pow2(cos(((_a5_ * _a5_) + x))))) * _a1_) * x) / _a0_);{'d0': {'_a0_': 3.0905106043900097, '_a1_': 1.4590703739252953, '_a5_': 1.371434502664473, '_a2_': 1.0, '_a3_': 1.0, '_a4_': 1.0, '_a6_': 1.0, '_a7_': 1.0}};{'d0': 0.0237223380578724};-283.490959939474;48.425596250491395
5786;-93.3198837192456;(((pow3((_a1_ + pow2(cos(((_a5_ * _a5_) + x))))) * _a1_) * x) / _a0_);{'d0': {'_a0_': 3.0905106043900097, '_a1_': 1.4590703739252953, '_a5_': 1.371434502664473, '_a2_': 1.0, '_a3_': 1.0, '_a4_': 1.0, '_a6_': 1.0, '_a7_': 1.0}};{'d0': 0.0237223380578724};-283.490959939474;48.425596250491395
5787;-93.3198837192456;(((pow3((_a1_ + pow2(cos(((_a5_ * _a5_) + x))))) * _a1_) * x) / _a0_);{'d0': {'_a0_': 3.0905106043900097, '_a1_': 1.4590703739252953, '_a5_': 1.371434502664473, '_a2_': 1.0, '_a3_': 1.0, '_a4_': 1.0, '_a6_': 1.0, '_a7_': 1.0}};{'d0': 0.0237223380578724};-283.490959939474;48.425596250491395
5788;-98.1968663583806;(((pow3((_a1_ + pow2(cos((_a4_ + x))))) * _a1_) * x) / _a0_);{'d0': {'_a0_': 3.0905106396642084, '_a1_': 1.459070378698873, '_a4_': 1.8808325952002658, '_a2_': 1.0, '_a3_': 1.0, '_a5_': 1.0, '_a6_': 1.0, '_a7_': 1.0}};{'d0': 0.02372233805787239};-283.490959939474;43.548613611356394
5789;-98.1968663583806;(((pow3((_a1_ + pow2(cos((_a4_ + x))))) * _a1_) * x) / _a0_);{'d0': {'_a0_': 3.0905106396642084, '_a1_': 1.459070378698873, '_a4_': 1.8808325952002658, '_a2_': 1.0, '_a3_': 1.0, '_a5_': 1.0, '_a6_': 1.0, '_a7_': 1.0}};{'d0': 0.02372233805787239};-283.490959939474;43.548613611356394
5790;-98.1968663583806;(((pow3((_a1_ + pow2(cos((_a4_ + x))))) * _a1_) * x) / _a0_);{'d0': {'_a0_': 3.0905106396642084, '_a1_': 1.459070378698873, '_a4_': 1.8808325952002658, '_a2_': 1.0, '_a3_': 1.0, '_a5_': 1.0, '_a6_': 1.0, '_a7_': 1.0}};{'d0': 0.02372233805787239};-283.490959939474;43.548613611356394
5791;-98.1968663583806;(((pow3((_a1_ + pow2(cos((_a4_ + x))))) * _a1_) * x) / _a0_);{'d0': {'_a0_': 3.0905106396642084, '_a1_': 1.459070378698873, '_a4_': 1.8808325952002658, '_a2_': 1.0, '_a3_': 1.0, '_a5_': 1.0, '_a6_': 1.0, '_a7_': 1.0}};{'d0': 0.02372233805787239};-283.490959939474;43.548613611356394
5792;-98.1968663583806;(((pow3((_a1_ + pow2(cos((_a4_ + x))))) * _a1_) * x) / _a0_);{'d0': {'_a0_': 3.0905106396642084, '_a1_': 1.459070378698873, '_a4_': 1.8808325952002658, '_a2_': 1.0, '_a3_': 1.0, '_a5_': 1.0, '_a6_': 1.0, '_a7_': 1.0}};{'d0': 0.02372233805787239};-283.490959939474;43.548613611356394
5793;-98.1968663583806;(((pow3((_a1_ + pow2(cos((_a4_ + x))))) * _a1_) * x) / _a0_);{'d0': {'_a0_': 3.0905106396642084, '_a1_': 1.459070378698873, '_a4_': 1.8808325952002658, '_a2_': 1.0, '_a3_': 1.0, '_a5_': 1.0, '_a6_': 1.0, '_a7_': 1.0}};{'d0': 0.02372233805787239};-283.490959939474;43.548613611356394
5794;-98.1968663583806;(((pow3((_a1_ + pow2(cos((_a4_ + x))))) * _a1_) * x) / _a0_);{'d0': {'_a0_': 3.0905106396642084, '_a1_': 1.459070378698873, '_a4_': 1.8808325952002658, '_a2_': 1.0, '_a3_': 1.0, '_a5_': 1.0, '_a6_': 1.0, '_a7_': 1.0}};{'d0': 0.02372233805787239};-283.490959939474;43.548613611356394
5795;-98.1968663583806;(((pow3((_a1_ + pow2(cos((_a4_ + x))))) * _a1_) * x) / _a0_);{'d0': {'_a0_': 3.0905106396642084, '_a1_': 1.459070378698873, '_a4_': 1.8808325952002658, '_a2_': 1.0, '_a3_': 1.0, '_a5_': 1.0, '_a6_': 1.0, '_a7_': 1.0}};{'d0': 0.02372233805787239};-283.490959939474;43.548613611356394
5796;-98.1968663583806;(((pow3((_a1_ + pow2(cos((_a4_ + x))))) * _a1_) * x) / _a0_);{'d0': {'_a0_': 3.0905106396642084, '_a1_': 1.459070378698873, '_a4_': 1.8808325952002658, '_a2_': 1.0, '_a3_': 1.0, '_a5_': 1.0, '_a6_': 1.0, '_a7_': 1.0}};{'d0': 0.02372233805787239};-283.490959939474;43.548613611356394
5797;-98.1968663583806;(((pow3((_a1_ + pow2(cos((_a4_ + x))))) * _a1_) * x) / _a0_);{'d0': {'_a0_': 3.0905106396642084, '_a1_': 1.459070378698873, '_a4_': 1.8808325952002658, '_a2_': 1.0, '_a3_': 1.0, '_a5_': 1.0, '_a6_': 1.0, '_a7_': 1.0}};{'d0': 0.02372233805787239};-283.490959939474;43.548613611356394
5798;-98.1968663583806;(((pow3((_a1_ + pow2(cos((_a4_ + x))))) * _a1_) * x) / _a0_);{'d0': {'_a0_': 3.0905106396642084, '_a1_': 1.459070378698873, '_a4_': 1.8808325952002658, '_a2_': 1.0, '_a3_': 1.0, '_a5_': 1.0, '_a6_': 1.0, '_a7_': 1.0}};{'d0': 0.02372233805787239};-283.490959939474;43.548613611356394
5799;-98.1968663583806;(((pow3((_a1_ + pow2(cos((_a4_ + x))))) * _a1_) * x) / _a0_);{'d0': {'_a0_': 3.0905106396642084, '_a1_': 1.459070378698873, '_a4_': 1.8808325952002658, '_a2_': 1.0, '_a3_': 1.0, '_a5_': 1.0, '_a6_': 1.0, '_a7_': 1.0}};{'d0': 0.02372233805787239};-283.490959939474;43.548613611356394
5800;-98.1968663583806;(((pow3((_a1_ + pow2(cos((_a4_ + x))))) * _a1_) * x) / _a0_);{'d0': {'_a0_': 3.0905106396642084, '_a1_': 1.459070378698873, '_a4_': 1.8808325952002658, '_a2_': 1.0, '_a3_': 1.0, '_a5_': 1.0, '_a6_': 1.0, '_a7_': 1.0}};{'d0': 0.02372233805787239};-283.490959939474;43.548613611356394
5801;-99.1201754856480;(((pow3((_a1_ + pow2(cos((_a4_ + x))))) * _a1_) * x) * _a0_);{'d0': {'_a0_': 0.323571122973338, '_a1_': 1.4590703794396764, '_a4_': 1.8808325952316767, '_a2_': 1.0, '_a3_': 1.0, '_a5_': 1.0, '_a6_': 1.0, '_a7_': 1.0}};{'d0': 0.02372233805787244};-283.490959939474;42.62530448408899
5802;-57.1690559277604;(((((_a6_ * ((_a1_ / _a4_) * ((x / (_a6_ / (_a2_ * ((_a2_ / _a2_) + (_a1_ + x))))) * _a6_))) * _a4_) * (x * _a4_)) + x) * _a6_);{'d0': {'_a1_': -0.3761405840283101, '_a2_': -5.050315655541468, '_a4_': 0.5641159424308448, '_a6_': 1.7751354055058077, '_a0_': 1.0, '_a3_': 1.0, '_a5_': 1.0, '_a7_': 1.0}};{'d0': 0.02490583292235386};-276.475521879745;81.0687050121124
5803;-57.3530213796140;(((((_a6_ * (-(_a7_) * ((x / (_a6_ / (_a2_ * ((_a2_ / _a2_) + (_a1_ + x))))) * _a6_))) * _a4_) * (x * _a4_)) + x) * _a6_);{'d0': {'_a1_': -0.3761405844547864, '_a2_': -6.333895706619454, '_a4_': 0.518292239442113, '_a6_': 1.7751354044398615, '_a7_': 0.6298205611662042, '_a0_': 1.0, '_a3_': 1.0, '_a5_': 1.0}};{'d0': 0.02490583292103536};-272.381177320700;78.837567280736
5804;-57.3530213796140;(((((_a6_ * (-(_a7_) * ((x / (_a6_ / (_a2_ * ((_a2_ / _a2_) + (_a1_ + x))))) * _a6_))) * _a4_) * (x * _a4_)) + x) * _a6_);{'d0': {'_a1_': -0.3761405844547864, '_a2_': -6.333895706619454, '_a4_': 0.518292239442113, '_a6_': 1.7751354044398615, '_a7_': 0.6298205611662042, '_a0_': 1.0, '_a3_': 1.0, '_a5_': 1.0}};{'d0': 0.02490583292103536};-272.381177320700;78.837567280736
5805;-57.3530213804827;(((((_a6_ * (-(_a7_) * ((x / (_a6_ / (_a2_ * ((_a1_ / _a2_) + (_a1_ + x))))) * _a6_))) * _a4_) * (x * _a4_)) + x) * _a6_);{'d0': {'_a1_': 0.6712324300302347, '_a2_': -14.169082526382667, '_a4_': 0.18483495737160588, '_a6_': 1.7751354045150871, '_a7_': 2.213743160223078, '_a0_': 1.0, '_a3_': 1.0, '_a5_': 1.0}};{'d0': 0.024905832920314123};-272.381177322437;78.837567280736
5806;-99.1201754856480;(((pow3((_a1_ + pow2(cos((_a4_ + x))))) * _a1_) * x) * _a0_);{'d0': {'_a0_': 0.323571122973338, '_a1_': 1.4590703794396764, '_a4_': 1.8808325952316767, '_a2_': 1.0, '_a3_': 1.0, '_a5_': 1.0, '_a6_': 1.0, '_a7_': 1.0}};{'d0': 0.02372233805787244};-283.490959939474;42.62530448408899
5807;-99.1201754856480;(((pow3((_a1_ + pow2(cos((_a4_ + x))))) * _a1_) * x) * _a0_);{'d0': {'_a0_': 0.323571122973338, '_a1_': 1.4590703794396764, '_a4_': 1.8808325952316767, '_a2_': 1.0, '_a3_': 1.0, '_a5_': 1.0, '_a6_': 1.0, '_a7_': 1.0}};{'d0': 0.02372233805787244};-283.490959939474;42.62530448408899
5808;-99.1201754856480;(((pow3((_a1_ + pow2(cos((_a4_ + x))))) * _a1_) * x) * _a0_);{'d0': {'_a0_': 0.323571122973338, '_a1_': 1.4590703794396764, '_a4_': 1.8808325952316767, '_a2_': 1.0, '_a3_': 1.0, '_a5_': 1.0, '_a6_': 1.0, '_a7_': 1.0}};{'d0': 0.02372233805787244};-283.490959939474;42.62530448408899
5809;-99.1201754856480;(((pow3((_a1_ + pow2(cos((_a4_ + x))))) * _a1_) * x) * _a0_);{'d0': {'_a0_': 0.323571122973338, '_a1_': 1.4590703794396764, '_a4_': 1.8808325952316767, '_a2_': 1.0, '_a3_': 1.0, '_a5_': 1.0, '_a6_': 1.0, '_a7_': 1.0}};{'d0': 0.02372233805787244};-283.490959939474;42.62530448408899
5810;-99.1201754856480;(((pow3((_a1_ + pow2(cos((_a4_ + x))))) * _a1_) * x) * _a0_);{'d0': {'_a0_': 0.323571122973338, '_a1_': 1.4590703794396764, '_a4_': 1.8808325952316767, '_a2_': 1.0, '_a3_': 1.0, '_a5_': 1.0, '_a6_': 1.0, '_a7_': 1.0}};{'d0': 0.02372233805787244};-283.490959939474;42.62530448408899
5811;-99.1201754856480;(((pow3((_a1_ + pow2(cos((_a4_ + x))))) * _a1_) * x) * _a0_);{'d0': {'_a0_': 0.323571122973338, '_a1_': 1.4590703794396764, '_a4_': 1.8808325952316767, '_a2_': 1.0, '_a3_': 1.0, '_a5_': 1.0, '_a6_': 1.0, '_a7_': 1.0}};{'d0': 0.02372233805787244};-283.490959939474;42.62530448408899
5812;-99.1201754856480;(((pow3((_a1_ + pow2(cos((_a4_ + x))))) * _a1_) * x) * _a0_);{'d0': {'_a0_': 0.323571122973338, '_a1_': 1.4590703794396764, '_a4_': 1.8808325952316767, '_a2_': 1.0, '_a3_': 1.0, '_a5_': 1.0, '_a6_': 1.0, '_a7_': 1.0}};{'d0': 0.02372233805787244};-283.490959939474;42.62530448408899
5813;-99.1201754856480;(((pow3((_a1_ + pow2(cos((_a4_ + x))))) * _a1_) * x) * _a0_);{'d0': {'_a0_': 0.323571122973338, '_a1_': 1.4590703794396764, '_a4_': 1.8808325952316767, '_a2_': 1.0, '_a3_': 1.0, '_a5_': 1.0, '_a6_': 1.0, '_a7_': 1.0}};{'d0': 0.02372233805787244};-283.490959939474;42.62530448408899
5814;-99.1201754856480;(((pow3((_a1_ + pow2(cos((_a4_ + x))))) * _a1_) * x) * _a0_);{'d0': {'_a0_': 0.323571122973338, '_a1_': 1.4590703794396764, '_a4_': 1.8808325952316767, '_a2_': 1.0, '_a3_': 1.0, '_a5_': 1.0, '_a6_': 1.0, '_a7_': 1.0}};{'d0': 0.02372233805787244};-283.490959939474;42.62530448408899
5815;-99.1201754856480;(((pow3((_a1_ + pow2(cos((_a4_ + x))))) * _a1_) * x) * _a0_);{'d0': {'_a0_': 0.323571122973338, '_a1_': 1.4590703794396764, '_a4_': 1.8808325952316767, '_a2_': 1.0, '_a3_': 1.0, '_a5_': 1.0, '_a6_': 1.0, '_a7_': 1.0}};{'d0': 0.02372233805787244};-283.490959939474;42.62530448408899
5816;-99.1201754856480;(((pow3((_a1_ + pow2(cos((_a4_ + x))))) * _a1_) * x) * _a0_);{'d0': {'_a0_': 0.323571122973338, '_a1_': 1.4590703794396764, '_a4_': 1.8808325952316767, '_a2_': 1.0, '_a3_': 1.0, '_a5_': 1.0, '_a6_': 1.0, '_a7_': 1.0}};{'d0': 0.02372233805787244};-283.490959939474;42.62530448408899
5817;-99.1201754856480;(((pow3((_a1_ + pow2(cos((_a4_ + x))))) * _a1_) * x) * _a0_);{'d0': {'_a0_': 0.323571122973338, '_a1_': 1.4590703794396764, '_a4_': 1.8808325952316767, '_a2_': 1.0, '_a3_': 1.0, '_a5_': 1.0, '_a6_': 1.0, '_a7_': 1.0}};{'d0': 0.02372233805787244};-283.490959939474;42.62530448408899
5818;-99.1201754856480;(((pow3((_a1_ + pow2(cos((_a4_ + x))))) * _a1_) * x) * _a0_);{'d0': {'_a0_': 0.323571122973338, '_a1_': 1.4590703794396764, '_a4_': 1.8808325952316767, '_a2_': 1.0, '_a3_': 1.0, '_a5_': 1.0, '_a6_': 1.0, '_a7_': 1.0}};{'d0': 0.02372233805787244};-283.490959939474;42.62530448408899
5819;-99.1201754856480;(((pow3((_a1_ + pow2(cos((_a4_ + x))))) * _a1_) * x) * _a0_);{'d0': {'_a0_': 0.323571122973338, '_a1_': 1.4590703794396764, '_a4_': 1.8808325952316767, '_a2_': 1.0, '_a3_': 1.0, '_a5_': 1.0, '_a6_': 1.0, '_a7_': 1.0}};{'d0': 0.02372233805787244};-283.490959939474;42.62530448408899
5820;-99.1201754856480;(((pow3((_a1_ + pow2(cos((_a4_ + x))))) * _a1_) * x) * _a0_);{'d0': {'_a0_': 0.323571122973338, '_a1_': 1.4590703794396764, '_a4_': 1.8808325952316767, '_a2_': 1.0, '_a3_': 1.0, '_a5_': 1.0, '_a6_': 1.0, '_a7_': 1.0}};{'d0': 0.02372233805787244};-283.490959939474;42.62530448408899
5821;-99.1201754856480;(((pow3((_a1_ + pow2(cos((_a4_ + x))))) * _a1_) * x) * _a0_);{'d0': {'_a0_': 0.323571122973338, '_a1_': 1.4590703794396764, '_a4_': 1.8808325952316767, '_a2_': 1.0, '_a3_': 1.0, '_a5_': 1.0, '_a6_': 1.0, '_a7_': 1.0}};{'d0': 0.02372233805787244};-283.490959939474;42.62530448408899
5822;-99.1201754856480;(((pow3((_a1_ + pow2(cos((_a4_ + x))))) * _a1_) * x) * _a0_);{'d0': {'_a0_': 0.323571122973338, '_a1_': 1.4590703794396764, '_a4_': 1.8808325952316767, '_a2_': 1.0, '_a3_': 1.0, '_a5_': 1.0, '_a6_': 1.0, '_a7_': 1.0}};{'d0': 0.02372233805787244};-283.490959939474;42.62530448408899
5823;-99.1201754856480;(((pow3((_a1_ + pow2(cos((_a4_ + x))))) * _a1_) * x) * _a0_);{'d0': {'_a0_': 0.323571122973338, '_a1_': 1.4590703794396764, '_a4_': 1.8808325952316767, '_a2_': 1.0, '_a3_': 1.0, '_a5_': 1.0, '_a6_': 1.0, '_a7_': 1.0}};{'d0': 0.02372233805787244};-283.490959939474;42.62530448408899
5824;-99.1201754856480;(((pow3((_a1_ + pow2(cos((_a4_ + x))))) * _a1_) * x) * _a0_);{'d0': {'_a0_': 0.323571122973338, '_a1_': 1.4590703794396764, '_a4_': 1.8808325952316767, '_a2_': 1.0, '_a3_': 1.0, '_a5_': 1.0, '_a6_': 1.0, '_a7_': 1.0}};{'d0': 0.02372233805787244};-283.490959939474;42.62530448408899
5825;-99.1201754856480;(((pow3((_a1_ + pow2(cos((_a4_ + x))))) * _a1_) * x) * _a0_);{'d0': {'_a0_': 0.323571122973338, '_a1_': 1.4590703794396764, '_a4_': 1.8808325952316767, '_a2_': 1.0, '_a3_': 1.0, '_a5_': 1.0, '_a6_': 1.0, '_a7_': 1.0}};{'d0': 0.02372233805787244};-283.490959939474;42.62530448408899
5826;-99.1201754856480;(((pow3((_a1_ + pow2(cos((_a4_ + x))))) * _a1_) * x) * _a0_);{'d0': {'_a0_': 0.323571122973338, '_a1_': 1.4590703794396764, '_a4_': 1.8808325952316767, '_a2_': 1.0, '_a3_': 1.0, '_a5_': 1.0, '_a6_': 1.0, '_a7_': 1.0}};{'d0': 0.02372233805787244};-283.490959939474;42.62530448408899
5827;-99.1201754856480;(((pow3((_a1_ + pow2(cos((_a4_ + x))))) * _a1_) * x) * _a0_);{'d0': {'_a0_': 0.323571122973338, '_a1_': 1.4590703794396764, '_a4_': 1.8808325952316767, '_a2_': 1.0, '_a3_': 1.0, '_a5_': 1.0, '_a6_': 1.0, '_a7_': 1.0}};{'d0': 0.02372233805787244};-283.490959939474;42.62530448408899
5828;-99.1201754856480;(((pow3((_a1_ + pow2(cos((_a4_ + x))))) * _a1_) * x) * _a0_);{'d0': {'_a0_': 0.323571122973338, '_a1_': 1.4590703794396764, '_a4_': 1.8808325952316767, '_a2_': 1.0, '_a3_': 1.0, '_a5_': 1.0, '_a6_': 1.0, '_a7_': 1.0}};{'d0': 0.02372233805787244};-283.490959939474;42.62530448408899
5829;-99.1201754856480;(((pow3((_a1_ + pow2(cos((_a4_ + x))))) * _a1_) * x) * _a0_);{'d0': {'_a0_': 0.323571122973338, '_a1_': 1.4590703794396764, '_a4_': 1.8808325952316767, '_a2_': 1.0, '_a3_': 1.0, '_a5_': 1.0, '_a6_': 1.0, '_a7_': 1.0}};{'d0': 0.02372233805787244};-283.490959939474;42.62530448408899
5830;-99.1201754856480;(((pow3((_a1_ + pow2(cos((_a4_ + x))))) * _a1_) * x) * _a0_);{'d0': {'_a0_': 0.323571122973338, '_a1_': 1.4590703794396764, '_a4_': 1.8808325952316767, '_a2_': 1.0, '_a3_': 1.0, '_a5_': 1.0, '_a6_': 1.0, '_a7_': 1.0}};{'d0': 0.02372233805787244};-283.490959939474;42.62530448408899
5831;-99.1201754856480;(((pow3((_a1_ + pow2(cos((_a4_ + x))))) * _a1_) * x) * _a0_);{'d0': {'_a0_': 0.323571122973338, '_a1_': 1.4590703794396764, '_a4_': 1.8808325952316767, '_a2_': 1.0, '_a3_': 1.0, '_a5_': 1.0, '_a6_': 1.0, '_a7_': 1.0}};{'d0': 0.02372233805787244};-283.490959939474;42.62530448408899
5832;-99.1201754856480;(((pow3((_a1_ + pow2(cos((_a4_ + x))))) * _a1_) * x) * _a0_);{'d0': {'_a0_': 0.323571122973338, '_a1_': 1.4590703794396764, '_a4_': 1.8808325952316767, '_a2_': 1.0, '_a3_': 1.0, '_a5_': 1.0, '_a6_': 1.0, '_a7_': 1.0}};{'d0': 0.02372233805787244};-283.490959939474;42.62530448408899
5833;-103.488010419115;(((((x + (_a7_ + x)) * x) / _a1_) + pow2(_a4_)) * x);{'d0': {'_a1_': 0.5922835735422466, '_a4_': 1.3323420748778445, '_a7_': 1.247718831301009, '_a0_': 1.0, '_a2_': 1.0, '_a3_': 1.0, '_a5_': 1.0, '_a6_': 1.0}};{'d0': 0.024905832919416587};-280.569866449044;36.79692280540641
5834;-103.488010419115;(((((x + (_a7_ + x)) * x) / _a1_) + pow2(_a4_)) * x);{'d0': {'_a1_': 0.5922835735422466, '_a4_': 1.3323420748778445, '_a7_': 1.247718831301009, '_a0_': 1.0, '_a2_': 1.0, '_a3_': 1.0, '_a5_': 1.0, '_a6_': 1.0}};{'d0': 0.024905832919416587};-280.569866449044;36.79692280540641
5835;-103.488010419115;(((((x + (_a7_ + x)) * x) / _a1_) + pow2(_a4_)) * x);{'d0': {'_a1_': 0.5922835735422466, '_a4_': 1.3323420748778445, '_a7_': 1.247718831301009, '_a0_': 1.0, '_a2_': 1.0, '_a3_': 1.0, '_a5_': 1.0, '_a6_': 1.0}};{'d0': 0.024905832919416587};-280.569866449044;36.79692280540641
5836;-103.488010419115;(((((x + (_a7_ + x)) * x) / _a1_) + pow2(_a4_)) * x);{'d0': {'_a1_': 0.5922835735422466, '_a4_': 1.3323420748778445, '_a7_': 1.247718831301009, '_a0_': 1.0, '_a2_': 1.0, '_a3_': 1.0, '_a5_': 1.0, '_a6_': 1.0}};{'d0': 0.024905832919416587};-280.569866449044;36.79692280540641
5837;-103.488010419115;(((((x + (_a7_ + x)) * x) / _a1_) + pow2(_a4_)) * x);{'d0': {'_a1_': 0.5922835735422466, '_a4_': 1.3323420748778445, '_a7_': 1.247718831301009, '_a0_': 1.0, '_a2_': 1.0, '_a3_': 1.0, '_a5_': 1.0, '_a6_': 1.0}};{'d0': 0.024905832919416587};-280.569866449044;36.79692280540641
5838;-103.488010419115;(((((x + (_a7_ + x)) * x) / _a1_) + pow2(_a4_)) * x);{'d0': {'_a1_': 0.5922835735422466, '_a4_': 1.3323420748778445, '_a7_': 1.247718831301009, '_a0_': 1.0, '_a2_': 1.0, '_a3_': 1.0, '_a5_': 1.0, '_a6_': 1.0}};{'d0': 0.024905832919416587};-280.569866449044;36.79692280540641
5839;-103.488010419115;(((((x + (_a7_ + x)) * x) / _a1_) + pow2(_a4_)) * x);{'d0': {'_a1_': 0.5922835735422466, '_a4_': 1.3323420748778445, '_a7_': 1.247718831301009, '_a0_': 1.0, '_a2_': 1.0, '_a3_': 1.0, '_a5_': 1.0, '_a6_': 1.0}};{'d0': 0.024905832919416587};-280.569866449044;36.79692280540641
5840;-103.488010419115;(((((x + (_a7_ + x)) * x) / _a1_) + pow2(_a4_)) * x);{'d0': {'_a1_': 0.5922835735422466, '_a4_': 1.3323420748778445, '_a7_': 1.247718831301009, '_a0_': 1.0, '_a2_': 1.0, '_a3_': 1.0, '_a5_': 1.0, '_a6_': 1.0}};{'d0': 0.024905832919416587};-280.569866449044;36.79692280540641
5841;-103.488010419115;(((((x + (_a7_ + x)) * x) / _a1_) + pow2(_a4_)) * x);{'d0': {'_a1_': 0.5922835735422466, '_a4_': 1.3323420748778445, '_a7_': 1.247718831301009, '_a0_': 1.0, '_a2_': 1.0, '_a3_': 1.0, '_a5_': 1.0, '_a6_': 1.0}};{'d0': 0.024905832919416587};-280.569866449044;36.79692280540641
5842;-103.488010419115;(((((x + (_a7_ + x)) * x) / _a1_) + pow2(_a4_)) * x);{'d0': {'_a1_': 0.5922835735422466, '_a4_': 1.3323420748778445, '_a7_': 1.247718831301009, '_a0_': 1.0, '_a2_': 1.0, '_a3_': 1.0, '_a5_': 1.0, '_a6_': 1.0}};{'d0': 0.024905832919416587};-280.569866449044;36.79692280540641
5843;-103.488010419115;(((((x + (_a7_ + x)) * x) / _a1_) + pow2(_a4_)) * x);{'d0': {'_a1_': 0.5922835735422466, '_a4_': 1.3323420748778445, '_a7_': 1.247718831301009, '_a0_': 1.0, '_a2_': 1.0, '_a3_': 1.0, '_a5_': 1.0, '_a6_': 1.0}};{'d0': 0.024905832919416587};-280.569866449044;36.79692280540641
5844;-103.488010419115;(((((x + (_a7_ + x)) * x) / _a1_) + pow2(_a4_)) * x);{'d0': {'_a1_': 0.5922835735422466, '_a4_': 1.3323420748778445, '_a7_': 1.247718831301009, '_a0_': 1.0, '_a2_': 1.0, '_a3_': 1.0, '_a5_': 1.0, '_a6_': 1.0}};{'d0': 0.024905832919416587};-280.569866449044;36.79692280540641
5845;-103.488010419115;(((((x + (_a7_ + x)) * x) / _a1_) + pow2(_a4_)) * x);{'d0': {'_a1_': 0.5922835735422466, '_a4_': 1.3323420748778445, '_a7_': 1.247718831301009, '_a0_': 1.0, '_a2_': 1.0, '_a3_': 1.0, '_a5_': 1.0, '_a6_': 1.0}};{'d0': 0.024905832919416587};-280.569866449044;36.79692280540641
5846;-109.408611468145;(((((x + _a5_) * x) / _a1_) + pow2(_a4_)) * x);{'d0': {'_a1_': 0.2961417868344713, '_a4_': 1.3323420749011456, '_a5_': 0.6238594156142044, '_a0_': 1.0, '_a2_': 1.0, '_a3_': 1.0, '_a6_': 1.0, '_a7_': 1.0}};{'d0': 0.02490583291941667};-280.569866449043;30.87632175637641
5847;-109.408611468145;(((((x + _a5_) * x) / _a1_) + pow2(_a4_)) * x);{'d0': {'_a1_': 0.2961417868344713, '_a4_': 1.3323420749011456, '_a5_': 0.6238594156142044, '_a0_': 1.0, '_a2_': 1.0, '_a3_': 1.0, '_a6_': 1.0, '_a7_': 1.0}};{'d0': 0.02490583291941667};-280.569866449043;30.87632175637641
5848;-66.9071223509153;(((((_a6_ * (_a7_ * ((x / (_a6_ / (_a2_ * (_a6_ + (_a1_ + x))))) * _a6_))) * _a4_) * (x * _a4_)) + x) * _a2_);{'d0': {'_a1_': -1.7469139015470745, '_a2_': 1.7751354041065175, '_a4_': 0.7814824614731422, '_a6_': 2.3707733170783323, '_a7_': 0.7401299963522652, '_a0_': 1.0, '_a3_': 1.0, '_a5_': 1.0}};{'d0': 0.024905832953289273};-272.381177242998;69.28346627058362
5849;-66.9071223509153;(((((_a6_ * (_a7_ * ((x / (_a6_ / (_a2_ * (_a6_ + (_a1_ + x))))) * _a6_))) * _a4_) * (x * _a4_)) + x) * _a2_);{'d0': {'_a1_': -1.7469139015470745, '_a2_': 1.7751354041065175, '_a4_': 0.7814824614731422, '_a6_': 2.3707733170783323, '_a7_': 0.7401299963522652, '_a0_': 1.0, '_a3_': 1.0, '_a5_': 1.0}};{'d0': 0.024905832953289273};-272.381177242998;69.28346627058362
5850;-58.9857962606130;(((((_a6_ * (_a7_ * ((x / (_a6_ / (_a2_ * ((_a6_ / _a5_) + (_a1_ + x))))) * _a6_))) * _a4_) * (x * _a4_)) + x) * _a2_);{'d0': {'_a1_': -1.747231312705171, '_a2_': 1.7751354041655594, '_a4_': 0.7814282177266055, '_a5_': 0.9999153049037245, '_a6_': 2.3708899353809074, '_a7_': 0.7401977472395629, '_a0_': 1.0, '_a3_': 1.0}};{'d0': 0.024905832919499753};-268.286832762177;75.15762012047561
5851;-58.3039642817772;(((((_a6_ * (_a7_ * ((x / (_a6_ / (_a2_ * ((_a6_ / _a5_) + (_a1_ + x))))) + _a6_))) * _a4_) * (x * _a4_)) + x) * _a2_);{'d0': {'_a1_': 0.017223127114796205, '_a2_': 1.7322906141153043, '_a4_': 0.9999352743957529, '_a5_': 0.24438850820321353, '_a6_': 0.1482549555481356, '_a7_': 1.125421030825972, '_a0_': 1.0, '_a3_': 1.0}};{'d0': 0.02490583291995706};-268.286832761075;75.83945209876062
5852;-58.3039642817772;(((((_a6_ * (_a7_ * ((x / (_a6_ / (_a2_ * ((_a6_ / _a5_) + (_a1_ + x))))) + _a6_))) * _a4_) * (x * _a4_)) + x) * _a2_);{'d0': {'_a1_': 0.017223127114796205, '_a2_': 1.7322906141153043, '_a4_': 0.9999352743957529, '_a5_': 0.24438850820321353, '_a6_': 0.1482549555481356, '_a7_': 1.125421030825972, '_a0_': 1.0, '_a3_': 1.0}};{'d0': 0.02490583291995706};-268.286832761075;75.83945209876062
5853;-58.3039642817772;(((((_a6_ * (_a7_ * ((x / (_a6_ / (_a2_ * ((_a6_ / _a5_) + (_a1_ + x))))) + _a6_))) * _a4_) * (x * _a4_)) + x) * _a2_);{'d0': {'_a1_': 0.017223127114796205, '_a2_': 1.7322906141153043, '_a4_': 0.9999352743957529, '_a5_': 0.24438850820321353, '_a6_': 0.1482549555481356, '_a7_': 1.125421030825972, '_a0_': 1.0, '_a3_': 1.0}};{'d0': 0.02490583291995706};-268.286832761075;75.83945209876062
5854;-58.3039642817772;(((((_a6_ * (_a7_ * ((x / (_a6_ / (_a2_ * ((_a6_ / _a5_) + (_a1_ + x))))) + _a6_))) * _a4_) * (x * _a4_)) + x) * _a2_);{'d0': {'_a1_': 0.017223127114796205, '_a2_': 1.7322906141153043, '_a4_': 0.9999352743957529, '_a5_': 0.24438850820321353, '_a6_': 0.1482549555481356, '_a7_': 1.125421030825972, '_a0_': 1.0, '_a3_': 1.0}};{'d0': 0.02490583291995706};-268.286832761075;75.83945209876062
5855;-58.3039642817772;(((((_a6_ * (_a7_ * ((x / (_a6_ / (_a2_ * ((_a6_ / _a5_) + (_a1_ + x))))) + _a6_))) * _a4_) * (x * _a4_)) + x) * _a2_);{'d0': {'_a1_': 0.017223127114796205, '_a2_': 1.7322906141153043, '_a4_': 0.9999352743957529, '_a5_': 0.24438850820321353, '_a6_': 0.1482549555481356, '_a7_': 1.125421030825972, '_a0_': 1.0, '_a3_': 1.0}};{'d0': 0.02490583291995706};-268.286832761075;75.83945209876062
5856;-60.3511365631116;(((((_a6_ * (_a7_ * ((x / (_a6_ / (_a2_ * ((_a6_ / _a5_) + (_a7_ + x))))) + _a6_))) * _a4_) * (x * _a4_)) + x) * _a2_);{'d0': {'_a2_': 1.770080537501401, '_a4_': 1.292052106231315, '_a5_': 2.3692694807817665, '_a6_': -0.05147642367717131, '_a7_': 0.6455861233629479, '_a0_': 1.0, '_a1_': 1.0, '_a3_': 1.0}};{'d0': 0.02490583291977163};-272.381177323744;75.83945209876062
5857;-60.3511365633979;(((((_a6_ * (_a7_ * ((x / (_a6_ / (_a2_ * ((x / _a5_) + (_a7_ + x))))) + _a6_))) * _a4_) * (x * _a4_)) + x) * _a2_);{'d0': {'_a2_': 1.7686028322387013, '_a4_': 1.0415669779691057, '_a5_': 3.8028733889743718, '_a6_': -0.06573612693971623, '_a7_': 0.7879088926206977, '_a0_': 1.0, '_a1_': 1.0, '_a3_': 1.0}};{'d0': 0.024905832919533907};-272.381177324317;75.83945209876062
5858;-60.3511365633979;(((((_a6_ * (_a7_ * ((x / (_a6_ / (_a2_ * ((x / _a5_) + (_a7_ + x))))) + _a6_))) * _a4_) * (x * _a4_)) + x) * _a2_);{'d0': {'_a2_': 1.7686028322387013, '_a4_': 1.0415669779691057, '_a5_': 3.8028733889743718, '_a6_': -0.06573612693971623, '_a7_': 0.7879088926206977, '_a0_': 1.0, '_a1_': 1.0, '_a3_': 1.0}};{'d0': 0.024905832919533907};-272.381177324317;75.83945209876062
5859;-60.3511365633979;(((((_a6_ * (_a7_ * ((x / (_a6_ / (_a2_ * ((x / _a5_) + (_a7_ + x))))) + _a6_))) * _a4_) * (x * _a4_)) + x) * _a2_);{'d0': {'_a2_': 1.7686028322387013, '_a4_': 1.0415669779691057, '_a5_': 3.8028733889743718, '_a6_': -0.06573612693971623, '_a7_': 0.7879088926206977, '_a0_': 1.0, '_a1_': 1.0, '_a3_': 1.0}};{'d0': 0.024905832919533907};-272.381177324317;75.83945209876062
5860;-60.3511365633979;(((((_a6_ * (_a7_ * ((x / (_a6_ / (_a2_ * ((x / _a5_) + (_a7_ + x))))) + _a6_))) * _a4_) * (x * _a4_)) + x) * _a2_);{'d0': {'_a2_': 1.7686028322387013, '_a4_': 1.0415669779691057, '_a5_': 3.8028733889743718, '_a6_': -0.06573612693971623, '_a7_': 0.7879088926206977, '_a0_': 1.0, '_a1_': 1.0, '_a3_': 1.0}};{'d0': 0.024905832919533907};-272.381177324317;75.83945209876062
5861;-56.6711894018845;(((((_a6_ * (_a7_ * ((x / (_a6_ / (_a2_ * ((-(_a4_) / _a5_) + (_a7_ + x))))) + _a6_))) * _a4_) * (x * _a4_)) + x) * _a2_);{'d0': {'_a2_': 1.7751356807908028, '_a4_': 1.099124436263657, '_a5_': 4.176304308187602, '_a6_': 7.099835634949946e-05, '_a7_': 0.8870405342734138, '_a0_': 1.0, '_a1_': 1.0, '_a3_': 1.0}};{'d0': 0.024905832920574147};-272.381177321811;79.519399259021
5862;-56.6711894018845;(((((_a6_ * (_a7_ * ((x / (_a6_ / (_a2_ * ((-(_a4_) / _a5_) + (_a7_ + x))))) + _a6_))) * _a4_) * (x * _a4_)) + x) * _a2_);{'d0': {'_a2_': 1.7751356807908028, '_a4_': 1.099124436263657, '_a5_': 4.176304308187602, '_a6_': 7.099835634949946e-05, '_a7_': 0.8870405342734138, '_a0_': 1.0, '_a1_': 1.0, '_a3_': 1.0}};{'d0': 0.024905832920574147};-272.381177321811;79.519399259021
5863;-56.6711894018845;(((((_a6_ * (_a7_ * ((x / (_a6_ / (_a2_ * ((-(_a4_) / _a5_) + (_a7_ + x))))) + _a6_))) * _a4_) * (x * _a4_)) + x) * _a2_);{'d0': {'_a2_': 1.7751356807908028, '_a4_': 1.099124436263657, '_a5_': 4.176304308187602, '_a6_': 7.099835634949946e-05, '_a7_': 0.8870405342734138, '_a0_': 1.0, '_a1_': 1.0, '_a3_': 1.0}};{'d0': 0.024905832920574147};-272.381177321811;79.519399259021
5864;-56.6711894018845;(((((_a6_ * (_a7_ * ((x / (_a6_ / (_a2_ * ((-(_a4_) / _a5_) + (_a7_ + x))))) + _a6_))) * _a4_) * (x * _a4_)) + x) * _a2_);{'d0': {'_a2_': 1.7751356807908028, '_a4_': 1.099124436263657, '_a5_': 4.176304308187602, '_a6_': 7.099835634949946e-05, '_a7_': 0.8870405342734138, '_a0_': 1.0, '_a1_': 1.0, '_a3_': 1.0}};{'d0': 0.024905832920574147};-272.381177321811;79.519399259021
5865;-56.6711894018845;(((((_a6_ * (_a7_ * ((x / (_a6_ / (_a2_ * ((-(_a4_) / _a5_) + (_a7_ + x))))) + _a6_))) * _a4_) * (x * _a4_)) + x) * _a2_);{'d0': {'_a2_': 1.7751356807908028, '_a4_': 1.099124436263657, '_a5_': 4.176304308187602, '_a6_': 7.099835634949946e-05, '_a7_': 0.8870405342734138, '_a0_': 1.0, '_a1_': 1.0, '_a3_': 1.0}};{'d0': 0.024905832920574147};-272.381177321811;79.519399259021
5866;-56.6711894018845;(((((_a6_ * (_a7_ * ((x / (_a6_ / (_a2_ * ((-(_a4_) / _a5_) + (_a7_ + x))))) + _a6_))) * _a4_) * (x * _a4_)) + x) * _a2_);{'d0': {'_a2_': 1.7751356807908028, '_a4_': 1.099124436263657, '_a5_': 4.176304308187602, '_a6_': 7.099835634949946e-05, '_a7_': 0.8870405342734138, '_a0_': 1.0, '_a1_': 1.0, '_a3_': 1.0}};{'d0': 0.024905832920574147};-272.381177321811;79.519399259021
5867;-58.7183616715984;(((((_a6_ * (_a7_ * ((x / (_a6_ / (_a2_ * ((-(_a4_) / _a4_) + (_a7_ + x))))) + _a6_))) * _a4_) * (x * _a4_)) + x) * _a2_);{'d0': {'_a2_': 1.598863679703009, '_a4_': 0.9019124511571842, '_a6_': -0.2889005331944202, '_a7_': 1.6238594154995685, '_a0_': 1.0, '_a1_': 1.0, '_a3_': 1.0, '_a5_': 1.0}};{'d0': 0.024905832930036037};-276.475521861239;79.519399259021
5868;-58.7183616715984;(((((_a6_ * (_a7_ * ((x / (_a6_ / (_a2_ * ((-(_a4_) / _a4_) + (_a7_ + x))))) + _a6_))) * _a4_) * (x * _a4_)) + x) * _a2_);{'d0': {'_a2_': 1.598863679703009, '_a4_': 0.9019124511571842, '_a6_': -0.2889005331944202, '_a7_': 1.6238594154995685, '_a0_': 1.0, '_a1_': 1.0, '_a3_': 1.0, '_a5_': 1.0}};{'d0': 0.024905832930036037};-276.475521861239;79.519399259021
5869;-58.7183616715984;(((((_a6_ * (_a7_ * ((x / (_a6_ / (_a2_ * ((-(_a4_) / _a4_) + (_a7_ + x))))) + _a6_))) * _a4_) * (x * _a4_)) + x) * _a2_);{'d0': {'_a2_': 1.598863679703009, '_a4_': 0.9019124511571842, '_a6_': -0.2889005331944202, '_a7_': 1.6238594154995685, '_a0_': 1.0, '_a1_': 1.0, '_a3_': 1.0, '_a5_': 1.0}};{'d0': 0.024905832930036037};-276.475521861239;79.519399259021
5870;-58.7183616715984;(((((_a6_ * (_a7_ * ((x / (_a6_ / (_a2_ * ((-(_a4_) / _a4_) + (_a7_ + x))))) + _a6_))) * _a4_) * (x * _a4_)) + x) * _a2_);{'d0': {'_a2_': 1.598863679703009, '_a4_': 0.9019124511571842, '_a6_': -0.2889005331944202, '_a7_': 1.6238594154995685, '_a0_': 1.0, '_a1_': 1.0, '_a3_': 1.0, '_a5_': 1.0}};{'d0': 0.024905832930036037};-276.475521861239;79.519399259021
5871;-58.7183616715984;(((((_a6_ * (_a7_ * ((x / (_a6_ / (_a2_ * ((-(_a4_) / _a4_) + (_a7_ + x))))) + _a6_))) * _a4_) * (x * _a4_)) + x) * _a2_);{'d0': {'_a2_': 1.598863679703009, '_a4_': 0.9019124511571842, '_a6_': -0.2889005331944202, '_a7_': 1.6238594154995685, '_a0_': 1.0, '_a1_': 1.0, '_a3_': 1.0, '_a5_': 1.0}};{'d0': 0.024905832930036037};-276.475521861239;79.519399259021
5872;-58.7183616715984;(((((_a6_ * (_a7_ * ((x / (_a6_ / (_a2_ * ((-(_a4_) / _a4_) + (_a7_ + x))))) + _a6_))) * _a4_) * (x * _a4_)) + x) * _a2_);{'d0': {'_a2_': 1.598863679703009, '_a4_': 0.9019124511571842, '_a6_': -0.2889005331944202, '_a7_': 1.6238594154995685, '_a0_': 1.0, '_a1_': 1.0, '_a3_': 1.0, '_a5_': 1.0}};{'d0': 0.024905832930036037};-276.475521861239;79.519399259021
5873;-58.7183616715984;(((((_a6_ * (_a7_ * ((x / (_a6_ / (_a2_ * ((-(_a4_) / _a4_) + (_a7_ + x))))) + _a6_))) * _a4_) * (x * _a4_)) + x) * _a2_);{'d0': {'_a2_': 1.598863679703009, '_a4_': 0.9019124511571842, '_a6_': -0.2889005331944202, '_a7_': 1.6238594154995685, '_a0_': 1.0, '_a1_': 1.0, '_a3_': 1.0, '_a5_': 1.0}};{'d0': 0.024905832930036037};-276.475521861239;79.519399259021
5874;-58.7183616715984;(((((_a6_ * (_a7_ * ((x / (_a6_ / (_a2_ * ((-(_a4_) / _a4_) + (_a7_ + x))))) + _a6_))) * _a4_) * (x * _a4_)) + x) * _a2_);{'d0': {'_a2_': 1.598863679703009, '_a4_': 0.9019124511571842, '_a6_': -0.2889005331944202, '_a7_': 1.6238594154995685, '_a0_': 1.0, '_a1_': 1.0, '_a3_': 1.0, '_a5_': 1.0}};{'d0': 0.024905832930036037};-276.475521861239;79.519399259021
5875;-58.7183616715984;(((((_a6_ * (_a7_ * ((x / (_a6_ / (_a2_ * ((-(_a4_) / _a4_) + (_a7_ + x))))) + _a6_))) * _a4_) * (x * _a4_)) + x) * _a2_);{'d0': {'_a2_': 1.598863679703009, '_a4_': 0.9019124511571842, '_a6_': -0.2889005331944202, '_a7_': 1.6238594154995685, '_a0_': 1.0, '_a1_': 1.0, '_a3_': 1.0, '_a5_': 1.0}};{'d0': 0.024905832930036037};-276.475521861239;79.519399259021
5876;-53.3784986672524;(((((_a6_ * (_a7_ * ((x / (_a6_ / (_a2_ * ((-(_a4_) / _a4_) + (sqrt(_a4_) + x))))) + _a6_))) * _a4_) * (x * _a4_)) + x) * _a2_);{'d0': {'_a2_': 1.2966072813833152, '_a4_': 2.636919401744735, '_a6_': -0.4286551114475301, '_a7_': 0.2888612798318799, '_a0_': 1.0, '_a1_': 1.0, '_a3_': 1.0, '_a5_': 1.0}};{'d0': 0.024905832924910408};-276.475521873587;84.859262269541
5877;-53.3784986672524;(((((_a6_ * (_a7_ * ((x / (_a6_ / (_a2_ * ((-(_a4_) / _a4_) + (sqrt(_a4_) + x))))) + _a6_))) * _a4_) * (x * _a4_)) + x) * _a2_);{'d0': {'_a2_': 1.2966072813833152, '_a4_': 2.636919401744735, '_a6_': -0.4286551114475301, '_a7_': 0.2888612798318799, '_a0_': 1.0, '_a1_': 1.0, '_a3_': 1.0, '_a5_': 1.0}};{'d0': 0.024905832924910408};-276.475521873587;84.859262269541
5878;-53.3784986672524;(((((_a6_ * (_a7_ * ((x / (_a6_ / (_a2_ * ((-(_a4_) / _a4_) + (sqrt(_a4_) + x))))) + _a6_))) * _a4_) * (x * _a4_)) + x) * _a2_);{'d0': {'_a2_': 1.2966072813833152, '_a4_': 2.636919401744735, '_a6_': -0.4286551114475301, '_a7_': 0.2888612798318799, '_a0_': 1.0, '_a1_': 1.0, '_a3_': 1.0, '_a5_': 1.0}};{'d0': 0.024905832924910408};-276.475521873587;84.859262269541
5879;-53.3784986672524;(((((_a6_ * (_a7_ * ((x / (_a6_ / (_a2_ * ((-(_a4_) / _a4_) + (sqrt(_a4_) + x))))) + _a6_))) * _a4_) * (x * _a4_)) + x) * _a2_);{'d0': {'_a2_': 1.2966072813833152, '_a4_': 2.636919401744735, '_a6_': -0.4286551114475301, '_a7_': 0.2888612798318799, '_a0_': 1.0, '_a1_': 1.0, '_a3_': 1.0, '_a5_': 1.0}};{'d0': 0.024905832924910408};-276.475521873587;84.859262269541
5880;-53.3784986672524;(((((_a6_ * (_a7_ * ((x / (_a6_ / (_a2_ * ((-(_a4_) / _a4_) + (sqrt(_a4_) + x))))) + _a6_))) * _a4_) * (x * _a4_)) + x) * _a2_);{'d0': {'_a2_': 1.2966072813833152, '_a4_': 2.636919401744735, '_a6_': -0.4286551114475301, '_a7_': 0.2888612798318799, '_a0_': 1.0, '_a1_': 1.0, '_a3_': 1.0, '_a5_': 1.0}};{'d0': 0.024905832924910408};-276.475521873587;84.859262269541
5881;-53.3784986672524;(((((_a6_ * (_a7_ * ((x / (_a6_ / (_a2_ * ((-(_a4_) / _a4_) + (sqrt(_a4_) + x))))) + _a6_))) * _a4_) * (x * _a4_)) + x) * _a2_);{'d0': {'_a2_': 1.2966072813833152, '_a4_': 2.636919401744735, '_a6_': -0.4286551114475301, '_a7_': 0.2888612798318799, '_a0_': 1.0, '_a1_': 1.0, '_a3_': 1.0, '_a5_': 1.0}};{'d0': 0.024905832924910408};-276.475521873587;84.859262269541
5882;-47.6508741525303;(((((_a6_ * (_a7_ * ((x / (_a6_ / (_a2_ * ((-(_a4_) / _a4_) + (sqrt(_a4_) + x))))) + _a6_))) * _a4_) * (x * -(_a1_))) + x) * _a2_);{'d0': {'_a1_': 1.186307055552551, '_a2_': 1.7749801092880166, '_a4_': 2.636919396631295, '_a6_': 0.00904426922588559, '_a7_': -0.34262524533046385, '_a0_': 1.0, '_a3_': 1.0, '_a5_': 1.0}};{'d0': 0.024905832921049878};-272.381177320665;88.53971450780217
5883;-47.6508741525303;(((((_a6_ * (_a7_ * ((x / (_a6_ / (_a2_ * ((-(_a4_) / _a4_) + (sqrt(_a4_) + x))))) + _a6_))) * _a4_) * (x * -(_a1_))) + x) * _a2_);{'d0': {'_a1_': 1.186307055552551, '_a2_': 1.7749801092880166, '_a4_': 2.636919396631295, '_a6_': 0.00904426922588559, '_a7_': -0.34262524533046385, '_a0_': 1.0, '_a3_': 1.0, '_a5_': 1.0}};{'d0': 0.024905832921049878};-272.381177320665;88.53971450780217
5884;-47.6508741525303;(((((_a6_ * (_a7_ * ((x / (_a6_ / (_a2_ * ((-(_a4_) / _a4_) + (sqrt(_a4_) + x))))) + _a6_))) * _a4_) * (x * -(_a1_))) + x) * _a2_);{'d0': {'_a1_': 1.186307055552551, '_a2_': 1.7749801092880166, '_a4_': 2.636919396631295, '_a6_': 0.00904426922588559, '_a7_': -0.34262524533046385, '_a0_': 1.0, '_a3_': 1.0, '_a5_': 1.0}};{'d0': 0.024905832921049878};-272.381177320665;88.53971450780217
5885;-47.6508741295690;(((((_a6_ * (_a3_ * ((x / (_a6_ / (_a2_ * ((-(_a4_) / _a4_) + (sqrt(_a4_) + x))))) + _a6_))) * _a4_) * (x * -(_a1_))) + x) * _a2_);{'d0': {'_a1_': 0.6961099850207507, '_a2_': 1.771141535244392, '_a3_': -0.5864338698023949, '_a4_': 2.6369194009879653, '_a6_': 0.04577590823545503, '_a0_': 1.0, '_a5_': 1.0, '_a7_': 1.0}};{'d0': 0.02490583294011226};-272.381177274742;88.53971450780217
5886;-45.7047957799297;(((((_a6_ * (_a3_ * ((x / (_a6_ / (_a2_ * ((-(_a4_) / _a4_) + ((_a2_ * _a7_) + x))))) + _a6_))) * _a4_) * (x * -(_a1_))) + x) * _a2_);{'d0': {'_a1_': 0.7306765327089512, '_a2_': 1.674107697187087, '_a3_': -0.5957492810362078, '_a4_': 2.7678602048579917, '_a6_': 0.2238008845343193, '_a7_': 0.9699850360643549, '_a0_': 1.0, '_a5_': 1.0}};{'d0': 0.024905832947005536};-268.286832695914;88.43862056802718
5887;-45.7047957799297;(((((_a6_ * (_a3_ * ((x / (_a6_ / (_a2_ * ((-(_a4_) / _a4_) + ((_a2_ * _a7_) + x))))) + _a6_))) * _a4_) * (x * -(_a1_))) + x) * _a2_);{'d0': {'_a1_': 0.7306765327089512, '_a2_': 1.674107697187087, '_a3_': -0.5957492810362078, '_a4_': 2.7678602048579917, '_a6_': 0.2238008845343193, '_a7_': 0.9699850360643549, '_a0_': 1.0, '_a5_': 1.0}};{'d0': 0.024905832947005536};-268.286832695914;88.43862056802718
5888;-45.7047957799297;(((((_a6_ * (_a3_ * ((x / (_a6_ / (_a2_ * ((-(_a4_) / _a4_) + ((_a2_ * _a7_) + x))))) + _a6_))) * _a4_) * (x * -(_a1_))) + x) * _a2_);{'d0': {'_a1_': 0.7306765327089512, '_a2_': 1.674107697187087, '_a3_': -0.5957492810362078, '_a4_': 2.7678602048579917, '_a6_': 0.2238008845343193, '_a7_': 0.9699850360643549, '_a0_': 1.0, '_a5_': 1.0}};{'d0': 0.024905832947005536};-268.286832695914;88.43862056802718
5889;-39.7841947602935;((((((_a4_ + _a7_) * (_a3_ * ((x / (_a6_ / (_a2_ * ((-(_a4_) / _a4_) + ((_a2_ * _a7_) + x))))) + _a6_))) * _a4_) * (x * -(_a1_))) + x) * _a2_);{'d0': {'_a1_': 7.611039624960723, '_a2_': 1.241561451962327, '_a3_': -0.39874721277770697, '_a4_': 0.21054689372382485, '_a6_': 0.44292609371627956, '_a7_': 1.30791706918759, '_a0_': 1.0, '_a5_': 1.0}};{'d0': 0.024905832922603004};-268.286832754701;94.35922161705717
5890;-39.7841947602935;((((((_a4_ + _a7_) * (_a3_ * ((x / (_a6_ / (_a2_ * ((-(_a4_) / _a4_) + ((_a2_ * _a7_) + x))))) + _a6_))) * _a4_) * (x * -(_a1_))) + x) * _a2_);{'d0': {'_a1_': 7.611039624960723, '_a2_': 1.241561451962327, '_a3_': -0.39874721277770697, '_a4_': 0.21054689372382485, '_a6_': 0.44292609371627956, '_a7_': 1.30791706918759, '_a0_': 1.0, '_a5_': 1.0}};{'d0': 0.024905832922603004};-268.286832754701;94.35922161705717
5891;-39.7841947602935;((((((_a4_ + _a7_) * (_a3_ * ((x / (_a6_ / (_a2_ * ((-(_a4_) / _a4_) + ((_a2_ * _a7_) + x))))) + _a6_))) * _a4_) * (x * -(_a1_))) + x) * _a2_);{'d0': {'_a1_': 7.611039624960723, '_a2_': 1.241561451962327, '_a3_': -0.39874721277770697, '_a4_': 0.21054689372382485, '_a6_': 0.44292609371627956, '_a7_': 1.30791706918759, '_a0_': 1.0, '_a5_': 1.0}};{'d0': 0.024905832922603004};-268.286832754701;94.35922161705717
5892;-39.7841947602935;((((((_a4_ + _a7_) * (_a3_ * ((x / (_a6_ / (_a2_ * ((-(_a4_) / _a4_) + ((_a2_ * _a7_) + x))))) + _a6_))) * _a4_) * (x * -(_a1_))) + x) * _a2_);{'d0': {'_a1_': 7.611039624960723, '_a2_': 1.241561451962327, '_a3_': -0.39874721277770697, '_a4_': 0.21054689372382485, '_a6_': 0.44292609371627956, '_a7_': 1.30791706918759, '_a0_': 1.0, '_a5_': 1.0}};{'d0': 0.024905832922603004};-268.286832754701;94.35922161705717
5893;-39.7841947602935;((((((_a4_ + _a7_) * (_a3_ * ((x / (_a6_ / (_a2_ * ((-(_a4_) / _a4_) + ((_a2_ * _a7_) + x))))) + _a6_))) * _a4_) * (x * -(_a1_))) + x) * _a2_);{'d0': {'_a1_': 7.611039624960723, '_a2_': 1.241561451962327, '_a3_': -0.39874721277770697, '_a4_': 0.21054689372382485, '_a6_': 0.44292609371627956, '_a7_': 1.30791706918759, '_a0_': 1.0, '_a5_': 1.0}};{'d0': 0.024905832922603004};-268.286832754701;94.35922161705717
5894;-39.7841947602935;((((((_a4_ + _a7_) * (_a3_ * ((x / (_a6_ / (_a2_ * ((-(_a4_) / _a4_) + ((_a2_ * _a7_) + x))))) + _a6_))) * _a4_) * (x * -(_a1_))) + x) * _a2_);{'d0': {'_a1_': 7.611039624960723, '_a2_': 1.241561451962327, '_a3_': -0.39874721277770697, '_a4_': 0.21054689372382485, '_a6_': 0.44292609371627956, '_a7_': 1.30791706918759, '_a0_': 1.0, '_a5_': 1.0}};{'d0': 0.024905832922603004};-268.286832754701;94.35922161705717
5895;-39.7841947602935;((((((_a4_ + _a7_) * (_a3_ * ((x / (_a6_ / (_a2_ * ((-(_a4_) / _a4_) + ((_a2_ * _a7_) + x))))) + _a6_))) * _a4_) * (x * -(_a1_))) + x) * _a2_);{'d0': {'_a1_': 7.611039624960723, '_a2_': 1.241561451962327, '_a3_': -0.39874721277770697, '_a4_': 0.21054689372382485, '_a6_': 0.44292609371627956, '_a7_': 1.30791706918759, '_a0_': 1.0, '_a5_': 1.0}};{'d0': 0.024905832922603004};-268.286832754701;94.35922161705717
5896;-39.7841947602935;((((((_a4_ + _a7_) * (_a3_ * ((x / (_a6_ / (_a2_ * ((-(_a4_) / _a4_) + ((_a2_ * _a7_) + x))))) + _a6_))) * _a4_) * (x * -(_a1_))) + x) * _a2_);{'d0': {'_a1_': 7.611039624960723, '_a2_': 1.241561451962327, '_a3_': -0.39874721277770697, '_a4_': 0.21054689372382485, '_a6_': 0.44292609371627956, '_a7_': 1.30791706918759, '_a0_': 1.0, '_a5_': 1.0}};{'d0': 0.024905832922603004};-268.286832754701;94.35922161705717
5897;-40.3936694540701;((((((_a4_ + _a7_) * (_a3_ * ((x / (_a6_ / (_a2_ * ((-(_a4_) / _a4_) * ((_a2_ * _a7_) + x))))) + _a6_))) * _a4_) * (x * -(_a1_))) + x) * _a2_);{'d0': {'_a1_': -8.591666101223034, '_a2_': 3.613444317073699, '_a3_': -0.46017216056188576, '_a4_': 0.22862976770846283, '_a6_': 1.4025545967368478, '_a7_': 0.1726495168346889, '_a0_': 1.0, '_a5_': 1.0}};{'d0': 0.024905832921097337};-268.286832758328;93.74974692509417
5898;-46.3142704948260;(((((_a3_ * (_a3_ * ((x / (_a6_ / (_a2_ * ((-(_a4_) / _a4_) * ((_a2_ * _a7_) + x))))) + _a6_))) * _a4_) * (x * -(_a1_))) + x) * _a2_);{'d0': {'_a1_': 2.7681265422894907, '_a2_': 2.1839443271769086, '_a3_': 0.34243025325862025, '_a4_': 1.1215502524171699, '_a6_': 0.514198981513563, '_a7_': 0.2856570936617154, '_a0_': 1.0, '_a5_': 1.0}};{'d0': 0.024905832927966425};-268.286832741780;87.82914587606417
5899;-46.3142704948260;(((((_a3_ * (_a3_ * ((x / (_a6_ / (_a2_ * ((-(_a4_) / _a4_) * ((_a2_ * _a7_) + x))))) + _a6_))) * _a4_) * (x * -(_a1_))) + x) * _a2_);{'d0': {'_a1_': 2.7681265422894907, '_a2_': 2.1839443271769086, '_a3_': 0.34243025325862025, '_a4_': 1.1215502524171699, '_a6_': 0.514198981513563, '_a7_': 0.2856570936617154, '_a0_': 1.0, '_a5_': 1.0}};{'d0': 0.024905832927966425};-268.286832741780;87.82914587606417
5900;-46.3142704948260;(((((_a3_ * (_a3_ * ((x / (_a6_ / (_a2_ * ((-(_a4_) / _a4_) * ((_a2_ * _a7_) + x))))) + _a6_))) * _a4_) * (x * -(_a1_))) + x) * _a2_);{'d0': {'_a1_': 2.7681265422894907, '_a2_': 2.1839443271769086, '_a3_': 0.34243025325862025, '_a4_': 1.1215502524171699, '_a6_': 0.514198981513563, '_a7_': 0.2856570936617154, '_a0_': 1.0, '_a5_': 1.0}};{'d0': 0.024905832927966425};-268.286832741780;87.82914587606417
5901;-44.6112390098754;(((((_a3_ * (_a3_ * ((x / (_a6_ / (_a2_ * ((-(_a4_) / _a4_) * ((_a2_ * _a7_) + x))))) + _a6_))) * _a4_) * (x * (_a0_ * _a2_))) + x) * _a2_);{'d0': {'_a0_': 3.436205724833393, '_a2_': 2.4795311176314057, '_a3_': -0.30620290999288574, '_a4_': -0.4944645070495767, '_a6_': 0.7191889032534217, '_a7_': 0.25160378513307546, '_a1_': 1.0, '_a5_': 1.0}};{'d0': 0.024905832994234902};-268.286832582134;89.532177281192
5902;-48.2911862564826;(((((_a3_ * (_a3_ * ((x / (_a6_ / (_a2_ * ((_a3_ / _a4_) * ((_a2_ * _a7_) + x))))) + _a6_))) * _a4_) * (x * (_a0_ * _a2_))) + x) * _a2_);{'d0': {'_a0_': -4.6904765453275505, '_a2_': 1.8666962986451947, '_a3_': -0.31177700534510466, '_a4_': 0.21046763095920565, '_a6_': 0.27382311506076895, '_a7_': 0.33420505502741843, '_a1_': 1.0, '_a5_': 1.0}};{'d0': 0.024905832922550247};-268.286832754828;85.85223012093162
5903;-48.2911862564826;(((((_a3_ * (_a3_ * ((x / (_a6_ / (_a2_ * ((_a3_ / _a4_) * ((_a2_ * _a7_) + x))))) + _a6_))) * _a4_) * (x * (_a0_ * _a2_))) + x) * _a2_);{'d0': {'_a0_': -4.6904765453275505, '_a2_': 1.8666962986451947, '_a3_': -0.31177700534510466, '_a4_': 0.21046763095920565, '_a6_': 0.27382311506076895, '_a7_': 0.33420505502741843, '_a1_': 1.0, '_a5_': 1.0}};{'d0': 0.024905832922550247};-268.286832754828;85.85223012093162
5904;-48.2911862564826;(((((_a3_ * (_a3_ * ((x / (_a6_ / (_a2_ * ((_a3_ / _a4_) * ((_a2_ * _a7_) + x))))) + _a6_))) * _a4_) * (x * (_a0_ * _a2_))) + x) * _a2_);{'d0': {'_a0_': -4.6904765453275505, '_a2_': 1.8666962986451947, '_a3_': -0.31177700534510466, '_a4_': 0.21046763095920565, '_a6_': 0.27382311506076895, '_a7_': 0.33420505502741843, '_a1_': 1.0, '_a5_': 1.0}};{'d0': 0.024905832922550247};-268.286832754828;85.85223012093162
5905;-48.2911862564826;(((((_a3_ * (_a3_ * ((x / (_a6_ / (_a2_ * ((_a3_ / _a4_) * ((_a2_ * _a7_) + x))))) + _a6_))) * _a4_) * (x * (_a0_ * _a2_))) + x) * _a2_);{'d0': {'_a0_': -4.6904765453275505, '_a2_': 1.8666962986451947, '_a3_': -0.31177700534510466, '_a4_': 0.21046763095920565, '_a6_': 0.27382311506076895, '_a7_': 0.33420505502741843, '_a1_': 1.0, '_a5_': 1.0}};{'d0': 0.024905832922550247};-268.286832754828;85.85223012093162
5906;-95.4402283253876;(((pow3((_a1_ + pow2(cos((_a6_ + x))))) * _a1_) * x) * -(_a7_));{'d0': {'_a1_': 1.4590703755425238, '_a6_': 1.8808325951449225, '_a7_': -0.32357112599020715, '_a0_': 1.0, '_a2_': 1.0, '_a3_': 1.0, '_a4_': 1.0, '_a5_': 1.0}};{'d0': 0.02372233805787239};-283.490959939474;46.30525164434938
5907;-95.4402283253876;(((pow3((_a1_ + pow2(cos((_a6_ + x))))) * _a1_) * x) * -(_a7_));{'d0': {'_a1_': 1.4590703755425238, '_a6_': 1.8808325951449225, '_a7_': -0.32357112599020715, '_a0_': 1.0, '_a2_': 1.0, '_a3_': 1.0, '_a4_': 1.0, '_a5_': 1.0}};{'d0': 0.02372233805787239};-283.490959939474;46.30525164434938
5908;-95.4402283253876;(((pow3((_a1_ + pow2(cos((_a6_ + x))))) * _a1_) * x) * -(_a7_));{'d0': {'_a1_': 1.4590703755425238, '_a6_': 1.8808325951449225, '_a7_': -0.32357112599020715, '_a0_': 1.0, '_a2_': 1.0, '_a3_': 1.0, '_a4_': 1.0, '_a5_': 1.0}};{'d0': 0.02372233805787239};-283.490959939474;46.30525164434938
5909;-89.5196272763575;(((pow3((_a1_ + pow2(cos((_a6_ + x))))) * _a1_) * x) * -((_a0_ + _a6_)));{'d0': {'_a0_': -2.204403723734346, '_a1_': 1.4590703720621276, '_a6_': 1.8808325950597349, '_a2_': 1.0, '_a3_': 1.0, '_a4_': 1.0, '_a5_': 1.0, '_a7_': 1.0}};{'d0': 0.023722338057872473};-283.490959939474;52.22585269337938
5910;-89.5196272763576;(((pow3((_a1_ + pow2(cos((_a6_ + x))))) * _a1_) * x) * -((_a4_ + _a6_)));{'d0': {'_a1_': 1.4590703745708895, '_a4_': -2.2044037218646535, '_a6_': 1.8808325951248421, '_a0_': 1.0, '_a2_': 1.0, '_a3_': 1.0, '_a5_': 1.0, '_a7_': 1.0}};{'d0': 0.023722338057872452};-283.490959939474;52.22585269337938
5911;-89.5196272763576;(((pow3((_a1_ + pow2(cos((_a6_ + x))))) * _a1_) * x) * -((_a4_ + _a6_)));{'d0': {'_a1_': 1.4590703745708895, '_a4_': -2.2044037218646535, '_a6_': 1.8808325951248421, '_a0_': 1.0, '_a2_': 1.0, '_a3_': 1.0, '_a5_': 1.0, '_a7_': 1.0}};{'d0': 0.023722338057872452};-283.490959939474;52.22585269337938
5912;-89.5196272763576;(((pow3((_a1_ + pow2(cos((_a6_ + x))))) * _a1_) * x) * -((_a4_ + _a6_)));{'d0': {'_a1_': 1.4590703745708895, '_a4_': -2.2044037218646535, '_a6_': 1.8808325951248421, '_a0_': 1.0, '_a2_': 1.0, '_a3_': 1.0, '_a5_': 1.0, '_a7_': 1.0}};{'d0': 0.023722338057872452};-283.490959939474;52.22585269337938
5913;-89.5196272763576;(((pow3((_a1_ + pow2(cos((_a6_ + x))))) * _a1_) * x) * -((_a4_ + _a6_)));{'d0': {'_a1_': 1.4590703745708895, '_a4_': -2.2044037218646535, '_a6_': 1.8808325951248421, '_a0_': 1.0, '_a2_': 1.0, '_a3_': 1.0, '_a5_': 1.0, '_a7_': 1.0}};{'d0': 0.023722338057872452};-283.490959939474;52.22585269337938
5914;-89.5196272763576;(((pow3((_a1_ + pow2(cos((_a6_ + x))))) * _a1_) * x) * -((_a4_ + _a6_)));{'d0': {'_a1_': 1.4590703745708895, '_a4_': -2.2044037218646535, '_a6_': 1.8808325951248421, '_a0_': 1.0, '_a2_': 1.0, '_a3_': 1.0, '_a5_': 1.0, '_a7_': 1.0}};{'d0': 0.023722338057872452};-283.490959939474;52.22585269337938
5915;-89.5196272763576;(((pow3((_a1_ + pow2(cos((_a6_ + x))))) * _a1_) * x) * -((_a4_ + _a6_)));{'d0': {'_a1_': 1.4590703745708895, '_a4_': -2.2044037218646535, '_a6_': 1.8808325951248421, '_a0_': 1.0, '_a2_': 1.0, '_a3_': 1.0, '_a5_': 1.0, '_a7_': 1.0}};{'d0': 0.023722338057872452};-283.490959939474;52.22585269337938
5916;-89.5196272763576;(((pow3((_a1_ + pow2(cos((_a6_ + x))))) * _a1_) * x) * -((_a4_ + _a6_)));{'d0': {'_a1_': 1.4590703745708895, '_a4_': -2.2044037218646535, '_a6_': 1.8808325951248421, '_a0_': 1.0, '_a2_': 1.0, '_a3_': 1.0, '_a5_': 1.0, '_a7_': 1.0}};{'d0': 0.023722338057872452};-283.490959939474;52.22585269337938
5917;-89.5196272763576;(((pow3((_a1_ + pow2(cos((_a6_ + x))))) * _a1_) * x) * -((_a4_ + _a6_)));{'d0': {'_a1_': 1.4590703745708895, '_a4_': -2.2044037218646535, '_a6_': 1.8808325951248421, '_a0_': 1.0, '_a2_': 1.0, '_a3_': 1.0, '_a5_': 1.0, '_a7_': 1.0}};{'d0': 0.023722338057872452};-283.490959939474;52.22585269337938
5918;-89.5196272763576;(((pow3((_a1_ + pow2(cos((_a6_ + x))))) * _a1_) * x) * -((_a4_ + _a6_)));{'d0': {'_a1_': 1.4590703745708895, '_a4_': -2.2044037218646535, '_a6_': 1.8808325951248421, '_a0_': 1.0, '_a2_': 1.0, '_a3_': 1.0, '_a5_': 1.0, '_a7_': 1.0}};{'d0': 0.023722338057872452};-283.490959939474;52.22585269337938
5919;-89.5196272763576;(((pow3((_a1_ + pow2(cos((_a6_ + x))))) * _a1_) * x) * -((_a4_ + _a6_)));{'d0': {'_a1_': 1.4590703745708895, '_a4_': -2.2044037218646535, '_a6_': 1.8808325951248421, '_a0_': 1.0, '_a2_': 1.0, '_a3_': 1.0, '_a5_': 1.0, '_a7_': 1.0}};{'d0': 0.023722338057872452};-283.490959939474;52.22585269337938
5920;-89.5196272763576;(((pow3((_a1_ + pow2(cos((_a6_ + x))))) * _a1_) * x) * -((_a4_ + _a6_)));{'d0': {'_a1_': 1.4590703745708895, '_a4_': -2.2044037218646535, '_a6_': 1.8808325951248421, '_a0_': 1.0, '_a2_': 1.0, '_a3_': 1.0, '_a5_': 1.0, '_a7_': 1.0}};{'d0': 0.023722338057872452};-283.490959939474;52.22585269337938
5921;-89.5196272763576;(((pow3((_a1_ + pow2(cos((_a6_ + x))))) * _a1_) * x) * -((_a4_ + _a6_)));{'d0': {'_a1_': 1.4590703745708895, '_a4_': -2.2044037218646535, '_a6_': 1.8808325951248421, '_a0_': 1.0, '_a2_': 1.0, '_a3_': 1.0, '_a5_': 1.0, '_a7_': 1.0}};{'d0': 0.023722338057872452};-283.490959939474;52.22585269337938
5922;-89.5196272763576;(((pow3((_a1_ + pow2(cos((_a6_ + x))))) * _a1_) * x) * -((_a4_ + _a6_)));{'d0': {'_a1_': 1.4590703745708895, '_a4_': -2.2044037218646535, '_a6_': 1.8808325951248421, '_a0_': 1.0, '_a2_': 1.0, '_a3_': 1.0, '_a5_': 1.0, '_a7_': 1.0}};{'d0': 0.023722338057872452};-283.490959939474;52.22585269337938
5923;-89.5196272763576;(((pow3((_a1_ + pow2(cos((_a6_ + x))))) * _a1_) * x) * -((_a4_ + _a6_)));{'d0': {'_a1_': 1.4590703745708895, '_a4_': -2.2044037218646535, '_a6_': 1.8808325951248421, '_a0_': 1.0, '_a2_': 1.0, '_a3_': 1.0, '_a5_': 1.0, '_a7_': 1.0}};{'d0': 0.023722338057872452};-283.490959939474;52.22585269337938
5924;-89.5196272763576;(((pow3((_a1_ + pow2(cos((_a6_ + x))))) * _a1_) * x) * -((_a4_ + _a6_)));{'d0': {'_a1_': 1.4590703745708895, '_a4_': -2.2044037218646535, '_a6_': 1.8808325951248421, '_a0_': 1.0, '_a2_': 1.0, '_a3_': 1.0, '_a5_': 1.0, '_a7_': 1.0}};{'d0': 0.023722338057872452};-283.490959939474;52.22585269337938
5925;-89.6399365589850;(((pow3((_a1_ + pow2(cos((_a6_ + x))))) * _a1_) * x) * -((_a4_ / _a6_)));{'d0': {'_a1_': 1.4590703787764359, '_a4_': -0.6085831159360879, '_a6_': 1.8808325952262244, '_a0_': 1.0, '_a2_': 1.0, '_a3_': 1.0, '_a5_': 1.0, '_a7_': 1.0}};{'d0': 0.023722338057872553};-283.490959939474;52.10554341075178
5926;-89.6399365589850;(((pow3((_a1_ + pow2(cos((_a6_ + x))))) * _a1_) * x) * -((_a4_ / _a6_)));{'d0': {'_a1_': 1.4590703787764359, '_a4_': -0.6085831159360879, '_a6_': 1.8808325952262244, '_a0_': 1.0, '_a2_': 1.0, '_a3_': 1.0, '_a5_': 1.0, '_a7_': 1.0}};{'d0': 0.023722338057872553};-283.490959939474;52.10554341075178
5927;-44.4177574889543;(((((_a3_ * (_a3_ * ((x / (_a6_ / (_a2_ * ((_a3_ / (_a6_ + _a4_)) * ((_a2_ * _a7_) + x))))) + _a4_))) * _a4_) * (x * (_a4_ * _a2_))) + x) * _a2_);{'d0': {'_a2_': 2.0894856043345276, '_a3_': 0.29752645885272294, '_a4_': -0.9334576632149431, '_a6_': 0.9957228297019612, '_a7_': 0.29857080846395734, '_a0_': 1.0, '_a1_': 1.0, '_a5_': 1.0}};{'d0': 0.024905832922225916};-272.381177317832;91.77283116996162
5928;-44.4177574916352;(((((_a3_ * (_a3_ * ((x / (_a6_ / (_a2_ * ((_a3_ / (_a6_ + _a4_)) * ((_a2_ * _a7_) + x))))) + _a4_))) * _a4_) * (x * (_a2_ * _a2_))) + x) * _a2_);{'d0': {'_a2_': 1.349569557960057, '_a3_': -1.1137343254683725, '_a4_': -0.37360169748681593, '_a6_': 0.9229568131207786, '_a7_': 0.46226545420921206, '_a0_': 1.0, '_a1_': 1.0, '_a5_': 1.0}};{'d0': 0.024905832920000287};-272.381177323193;91.77283116996162
5929;-44.4177573846646;(((((_a2_ * (_a3_ * ((x / (_a6_ / (_a2_ * ((_a3_ / (_a6_ + _a4_)) * ((_a2_ * _a7_) + x))))) + _a4_))) * _a4_) * (x * (_a2_ * _a2_))) + x) * _a2_);{'d0': {'_a2_': 1.7844035965798146, '_a3_': -3.5009814172899603, '_a4_': 0.016159142682701532, '_a6_': 1.0220587647413755, '_a7_': 0.3496178869017525, '_a0_': 1.0, '_a1_': 1.0, '_a5_': 1.0}};{'d0': 0.024905833008806652};-272.381177109252;91.77283116996162
5930;-44.4177573846646;(((((_a2_ * (_a3_ * ((x / (_a6_ / (_a2_ * ((_a3_ / (_a6_ + _a4_)) * ((_a2_ * _a7_) + x))))) + _a4_))) * _a4_) * (x * (_a2_ * _a2_))) + x) * _a2_);{'d0': {'_a2_': 1.7844035965798146, '_a3_': -3.5009814172899603, '_a4_': 0.016159142682701532, '_a6_': 1.0220587647413755, '_a7_': 0.3496178869017525, '_a0_': 1.0, '_a1_': 1.0, '_a5_': 1.0}};{'d0': 0.024905833008806652};-272.381177109252;91.77283116996162
5931;-44.4177574919284;(((((_a2_ * (_a3_ * ((x / (_a6_ / (_a2_ * ((_a3_ / (_a6_ + _a4_)) * ((_a2_ * _a7_) + x))))) + _a4_))) * _a4_) * (x * (_a2_ * _a7_))) + x) * _a2_);{'d0': {'_a2_': 1.783862719913915, '_a3_': -4.23361436703695, '_a4_': 0.03222404505468765, '_a6_': 0.7623362619476555, '_a7_': 0.34972389330795495, '_a0_': 1.0, '_a1_': 1.0, '_a5_': 1.0}};{'d0': 0.024905832919756853};-272.381177323780;91.77283116996162
5932;-44.4177574919284;(((((_a2_ * (_a3_ * ((x / (_a6_ / (_a2_ * ((_a3_ / (_a6_ + _a4_)) * ((_a2_ * _a7_) + x))))) + _a4_))) * _a4_) * (x * (_a2_ * _a7_))) + x) * _a2_);{'d0': {'_a2_': 1.783862719913915, '_a3_': -4.23361436703695, '_a4_': 0.03222404505468765, '_a6_': 0.7623362619476555, '_a7_': 0.34972389330795495, '_a0_': 1.0, '_a1_': 1.0, '_a5_': 1.0}};{'d0': 0.024905832919756853};-272.381177323780;91.77283116996162
5933;-44.4177574919284;(((((_a2_ * (_a3_ * ((x / (_a6_ / (_a2_ * ((_a3_ / (_a6_ + _a4_)) * ((_a2_ * _a7_) + x))))) + _a4_))) * _a4_) * (x * (_a2_ * _a7_))) + x) * _a2_);{'d0': {'_a2_': 1.783862719913915, '_a3_': -4.23361436703695, '_a4_': 0.03222404505468765, '_a6_': 0.7623362619476555, '_a7_': 0.34972389330795495, '_a0_': 1.0, '_a1_': 1.0, '_a5_': 1.0}};{'d0': 0.024905832919756853};-272.381177323780;91.77283116996162
5934;-44.4177574919284;(((((_a2_ * (_a3_ * ((x / (_a6_ / (_a2_ * ((_a3_ / (_a6_ + _a4_)) * ((_a2_ * _a7_) + x))))) + _a4_))) * _a4_) * (x * (_a2_ * _a7_))) + x) * _a2_);{'d0': {'_a2_': 1.783862719913915, '_a3_': -4.23361436703695, '_a4_': 0.03222404505468765, '_a6_': 0.7623362619476555, '_a7_': 0.34972389330795495, '_a0_': 1.0, '_a1_': 1.0, '_a5_': 1.0}};{'d0': 0.024905832919756853};-272.381177323780;91.77283116996162
5935;-44.4177574919284;(((((_a2_ * (_a3_ * ((x / (_a6_ / (_a2_ * ((_a3_ / (_a6_ + _a4_)) * ((_a2_ * _a7_) + x))))) + _a4_))) * _a4_) * (x * (_a2_ * _a7_))) + x) * _a2_);{'d0': {'_a2_': 1.783862719913915, '_a3_': -4.23361436703695, '_a4_': 0.03222404505468765, '_a6_': 0.7623362619476555, '_a7_': 0.34972389330795495, '_a0_': 1.0, '_a1_': 1.0, '_a5_': 1.0}};{'d0': 0.024905832919756853};-272.381177323780;91.77283116996162
5936;-44.4177574919284;(((((_a2_ * (_a3_ * ((x / (_a6_ / (_a2_ * ((_a3_ / (_a6_ + _a4_)) * ((_a2_ * _a7_) + x))))) + _a4_))) * _a4_) * (x * (_a2_ * _a7_))) + x) * _a2_);{'d0': {'_a2_': 1.783862719913915, '_a3_': -4.23361436703695, '_a4_': 0.03222404505468765, '_a6_': 0.7623362619476555, '_a7_': 0.34972389330795495, '_a0_': 1.0, '_a1_': 1.0, '_a5_': 1.0}};{'d0': 0.024905832919756853};-272.381177323780;91.77283116996162
5937;-44.2589487470060;(((((_a2_ * (_a3_ * ((x / (_a6_ / (_a2_ * ((_a3_ / cos(_a6_)) * ((_a2_ * _a7_) + x))))) + _a4_))) * _a4_) * (x * (_a2_ * _a7_))) + x) * _a2_);{'d0': {'_a2_': 1.782968911950362, '_a3_': -4.171050361276917, '_a4_': 0.0307728901802866, '_a6_': 0.8391073194565667, '_a7_': 0.349899210990624, '_a0_': 1.0, '_a1_': 1.0, '_a5_': 1.0}};{'d0': 0.02490583292090453};-272.381177321015;91.93163991350161
5938;-44.2589487470060;(((((_a2_ * (_a3_ * ((x / (_a6_ / (_a2_ * ((_a3_ / cos(_a6_)) * ((_a2_ * _a7_) + x))))) + _a4_))) * _a4_) * (x * (_a2_ * _a7_))) + x) * _a2_);{'d0': {'_a2_': 1.782968911950362, '_a3_': -4.171050361276917, '_a4_': 0.0307728901802866, '_a6_': 0.8391073194565667, '_a7_': 0.349899210990624, '_a0_': 1.0, '_a1_': 1.0, '_a5_': 1.0}};{'d0': 0.02490583292090453};-272.381177321015;91.93163991350161
5939;-44.2589487470060;(((((_a2_ * (_a3_ * ((x / (_a6_ / (_a2_ * ((_a3_ / cos(_a6_)) * ((_a2_ * _a7_) + x))))) + _a4_))) * _a4_) * (x * (_a2_ * _a7_))) + x) * _a2_);{'d0': {'_a2_': 1.782968911950362, '_a3_': -4.171050361276917, '_a4_': 0.0307728901802866, '_a6_': 0.8391073194565667, '_a7_': 0.349899210990624, '_a0_': 1.0, '_a1_': 1.0, '_a5_': 1.0}};{'d0': 0.02490583292090453};-272.381177321015;91.93163991350161
5940;-44.2589487470060;(((((_a2_ * (_a3_ * ((x / (_a6_ / (_a2_ * ((_a3_ / cos(_a6_)) * ((_a2_ * _a7_) + x))))) + _a4_))) * _a4_) * (x * (_a2_ * _a7_))) + x) * _a2_);{'d0': {'_a2_': 1.782968911950362, '_a3_': -4.171050361276917, '_a4_': 0.0307728901802866, '_a6_': 0.8391073194565667, '_a7_': 0.349899210990624, '_a0_': 1.0, '_a1_': 1.0, '_a5_': 1.0}};{'d0': 0.02490583292090453};-272.381177321015;91.93163991350161
5941;-50.3383585357209;(((((_a2_ * (_a3_ * ((x / (_a6_ / (_a2_ * ((_a3_ / _a7_) * ((_a2_ * _a7_) + x))))) + _a4_))) * _a4_) * (x * (_a2_ * _a7_))) + x) * _a2_);{'d0': {'_a2_': 1.7786694205771585, '_a3_': -8.710949152121609, '_a4_': -0.01433715167640016, '_a6_': -3.224592148823233, '_a7_': 0.35074500543451165, '_a0_': 1.0, '_a1_': 1.0, '_a5_': 1.0}};{'d0': 0.024905832924105028};-272.381177313305;85.85223012093161
5942;-50.3383585357209;(((((_a2_ * (_a3_ * ((x / (_a6_ / (_a2_ * ((_a3_ / _a7_) * ((_a2_ * _a7_) + x))))) + _a4_))) * _a4_) * (x * (_a2_ * _a7_))) + x) * _a2_);{'d0': {'_a2_': 1.7786694205771585, '_a3_': -8.710949152121609, '_a4_': -0.01433715167640016, '_a6_': -3.224592148823233, '_a7_': 0.35074500543451165, '_a0_': 1.0, '_a1_': 1.0, '_a5_': 1.0}};{'d0': 0.024905832924105028};-272.381177313305;85.85223012093161
5943;-50.3383585357209;(((((_a2_ * (_a3_ * ((x / (_a6_ / (_a2_ * ((_a3_ / _a7_) * ((_a2_ * _a7_) + x))))) + _a4_))) * _a4_) * (x * (_a2_ * _a7_))) + x) * _a2_);{'d0': {'_a2_': 1.7786694205771585, '_a3_': -8.710949152121609, '_a4_': -0.01433715167640016, '_a6_': -3.224592148823233, '_a7_': 0.35074500543451165, '_a0_': 1.0, '_a1_': 1.0, '_a5_': 1.0}};{'d0': 0.024905832924105028};-272.381177313305;85.85223012093161
5944;-50.3383585357209;(((((_a2_ * (_a3_ * ((x / (_a6_ / (_a2_ * ((_a3_ / _a7_) * ((_a2_ * _a7_) + x))))) + _a4_))) * _a4_) * (x * (_a2_ * _a7_))) + x) * _a2_);{'d0': {'_a2_': 1.7786694205771585, '_a3_': -8.710949152121609, '_a4_': -0.01433715167640016, '_a6_': -3.224592148823233, '_a7_': 0.35074500543451165, '_a0_': 1.0, '_a1_': 1.0, '_a5_': 1.0}};{'d0': 0.024905832924105028};-272.381177313305;85.85223012093161
5945;-50.3383585357209;(((((_a2_ * (_a3_ * ((x / (_a6_ / (_a2_ * ((_a3_ / _a7_) * ((_a2_ * _a7_) + x))))) + _a4_))) * _a4_) * (x * (_a2_ * _a7_))) + x) * _a2_);{'d0': {'_a2_': 1.7786694205771585, '_a3_': -8.710949152121609, '_a4_': -0.01433715167640016, '_a6_': -3.224592148823233, '_a7_': 0.35074500543451165, '_a0_': 1.0, '_a1_': 1.0, '_a5_': 1.0}};{'d0': 0.024905832924105028};-272.381177313305;85.85223012093161
5946;-46.6404240677969;(((((_a2_ * (_a3_ * ((x / (_a6_ / (_a2_ * ((_a3_ / _a7_) * ((_a2_ * _a7_) + x))))) + pow2(_a2_)))) * _a4_) * (x * (_a2_ * _a7_))) + x) * _a2_);{'d0': {'_a2_': 1.7094125638310789, '_a3_': -7.721297958990701, '_a4_': -0.0015979074647914484, '_a6_': -0.24089047632732286, '_a7_': 0.36495544037931776, '_a0_': 1.0, '_a1_': 1.0, '_a5_': 1.0}};{'d0': 0.024905832920214713};-272.381177322677;89.55016459354161
5947;-46.6404240677969;(((((_a2_ * (_a3_ * ((x / (_a6_ / (_a2_ * ((_a3_ / _a7_) * ((_a2_ * _a7_) + x))))) + pow2(_a2_)))) * _a4_) * (x * (_a2_ * _a7_))) + x) * _a2_);{'d0': {'_a2_': 1.7094125638310789, '_a3_': -7.721297958990701, '_a4_': -0.0015979074647914484, '_a6_': -0.24089047632732286, '_a7_': 0.36495544037931776, '_a0_': 1.0, '_a1_': 1.0, '_a5_': 1.0}};{'d0': 0.024905832920214713};-272.381177322677;89.55016459354161
5948;-46.6404240677969;(((((_a2_ * (_a3_ * ((x / (_a6_ / (_a2_ * ((_a3_ / _a7_) * ((_a2_ * _a7_) + x))))) + pow2(_a2_)))) * _a4_) * (x * (_a2_ * _a7_))) + x) * _a2_);{'d0': {'_a2_': 1.7094125638310789, '_a3_': -7.721297958990701, '_a4_': -0.0015979074647914484, '_a6_': -0.24089047632732286, '_a7_': 0.36495544037931776, '_a0_': 1.0, '_a1_': 1.0, '_a5_': 1.0}};{'d0': 0.024905832920214713};-272.381177322677;89.55016459354161
5949;-46.6404240677969;(((((_a2_ * (_a3_ * ((x / (_a6_ / (_a2_ * ((_a3_ / _a7_) * ((_a2_ * _a7_) + x))))) + pow2(_a2_)))) * _a4_) * (x * (_a2_ * _a7_))) + x) * _a2_);{'d0': {'_a2_': 1.7094125638310789, '_a3_': -7.721297958990701, '_a4_': -0.0015979074647914484, '_a6_': -0.24089047632732286, '_a7_': 0.36495544037931776, '_a0_': 1.0, '_a1_': 1.0, '_a5_': 1.0}};{'d0': 0.024905832920214713};-272.381177322677;89.55016459354161
5950;-46.6404240677969;(((((_a2_ * (_a3_ * ((x / (_a6_ / (_a2_ * ((_a3_ / _a7_) * ((_a2_ * _a7_) + x))))) + pow2(_a2_)))) * _a4_) * (x * (_a2_ * _a7_))) + x) * _a2_);{'d0': {'_a2_': 1.7094125638310789, '_a3_': -7.721297958990701, '_a4_': -0.0015979074647914484, '_a6_': -0.24089047632732286, '_a7_': 0.36495544037931776, '_a0_': 1.0, '_a1_': 1.0, '_a5_': 1.0}};{'d0': 0.024905832920214713};-272.381177322677;89.55016459354161
5951;-46.6404240677969;(((((_a2_ * (_a3_ * ((x / (_a6_ / (_a2_ * ((_a3_ / _a7_) * ((_a2_ * _a7_) + x))))) + pow2(_a2_)))) * _a4_) * (x * (_a2_ * _a7_))) + x) * _a2_);{'d0': {'_a2_': 1.7094125638310789, '_a3_': -7.721297958990701, '_a4_': -0.0015979074647914484, '_a6_': -0.24089047632732286, '_a7_': 0.36495544037931776, '_a0_': 1.0, '_a1_': 1.0, '_a5_': 1.0}};{'d0': 0.024905832920214713};-272.381177322677;89.55016459354161
5952;-90.7229623146554;(((pow2((_a6_ + (x + _a4_))) * (x * _a5_)) + (_a3_ * pow2(x))) + _a0_);{'d0': {'_a0_': -0.001024104937100819, '_a3_': -2.7875661527978086, '_a4_': 34328.33273589277, '_a5_': 3.3825177117160625, '_a6_': -34327.60840545277, '_a1_': 1.0, '_a2_': 1.0, '_a7_': 1.0}};{'d0': 0.02488548250278831};-272.430223028869;45.492149199779
5953;-92.7701345968645;(((pow2((_a6_ + (x + _a6_))) * (x * _a5_)) + (_a3_ * pow2(x))) + _a0_);{'d0': {'_a0_': -0.0010242067929655417, '_a3_': 7.0126777620096235, '_a5_': 3.3825182911904164, '_a6_': -0.3621652227058361, '_a1_': 1.0, '_a2_': 1.0, '_a4_': 1.0, '_a7_': 1.0}};{'d0': 0.024885482501877422};-276.524567593287;45.492149199779
5954;-92.7701345968645;(((pow2((_a6_ + (x + _a6_))) * (x * _a5_)) + (_a3_ * pow2(x))) + _a0_);{'d0': {'_a0_': -0.0010242067929655417, '_a3_': 7.0126777620096235, '_a5_': 3.3825182911904164, '_a6_': -0.3621652227058361, '_a1_': 1.0, '_a2_': 1.0, '_a4_': 1.0, '_a7_': 1.0}};{'d0': 0.024885482501877422};-276.524567593287;45.492149199779
5955;-92.7701345968645;(((pow2((_a6_ + (x + _a6_))) * (x * _a5_)) + (_a3_ * pow2(x))) + _a0_);{'d0': {'_a0_': -0.0010242067929655417, '_a3_': 7.0126777620096235, '_a5_': 3.3825182911904164, '_a6_': -0.3621652227058361, '_a1_': 1.0, '_a2_': 1.0, '_a4_': 1.0, '_a7_': 1.0}};{'d0': 0.024885482501877422};-276.524567593287;45.492149199779
5956;-92.7701345968645;(((pow2((_a6_ + (x + _a6_))) * (x * _a5_)) + (_a3_ * pow2(x))) + _a0_);{'d0': {'_a0_': -0.0010242067929655417, '_a3_': 7.0126777620096235, '_a5_': 3.3825182911904164, '_a6_': -0.3621652227058361, '_a1_': 1.0, '_a2_': 1.0, '_a4_': 1.0, '_a7_': 1.0}};{'d0': 0.024885482501877422};-276.524567593287;45.492149199779
5957;-92.7701345968645;(((pow2((_a6_ + (x + _a6_))) * (x * _a5_)) + (_a3_ * pow2(x))) + _a0_);{'d0': {'_a0_': -0.0010242067929655417, '_a3_': 7.0126777620096235, '_a5_': 3.3825182911904164, '_a6_': -0.3621652227058361, '_a1_': 1.0, '_a2_': 1.0, '_a4_': 1.0, '_a7_': 1.0}};{'d0': 0.024885482501877422};-276.524567593287;45.492149199779
5958;-92.7701345968645;(((pow2((_a6_ + (x + _a6_))) * (x * _a5_)) + (_a3_ * pow2(x))) + _a0_);{'d0': {'_a0_': -0.0010242067929655417, '_a3_': 7.0126777620096235, '_a5_': 3.3825182911904164, '_a6_': -0.3621652227058361, '_a1_': 1.0, '_a2_': 1.0, '_a4_': 1.0, '_a7_': 1.0}};{'d0': 0.024885482501877422};-276.524567593287;45.492149199779
5959;-92.7701345968645;(((pow2((_a6_ + (x + _a6_))) * (x * _a5_)) + (_a3_ * pow2(x))) + _a0_);{'d0': {'_a0_': -0.0010242067929655417, '_a3_': 7.0126777620096235, '_a5_': 3.3825182911904164, '_a6_': -0.3621652227058361, '_a1_': 1.0, '_a2_': 1.0, '_a4_': 1.0, '_a7_': 1.0}};{'d0': 0.024885482501877422};-276.524567593287;45.492149199779
5960;-92.7701345968772;(((pow2((_a6_ + (x + _a3_))) * (x * _a5_)) + (_a3_ * pow2(x))) + _a0_);{'d0': {'_a0_': -0.0010241818116079556, '_a3_': -2.787566219876035, '_a5_': 3.3825181442930714, '_a6_': 3.5118966837122465, '_a1_': 1.0, '_a2_': 1.0, '_a4_': 1.0, '_a7_': 1.0}};{'d0': 0.02488548250186686};-276.524567593312;45.492149199779
5961;-92.7701345968772;(((pow2((_a6_ + (x + _a3_))) * (x * _a5_)) + (_a3_ * pow2(x))) + _a0_);{'d0': {'_a0_': -0.0010241818116079556, '_a3_': -2.787566219876035, '_a5_': 3.3825181442930714, '_a6_': 3.5118966837122465, '_a1_': 1.0, '_a2_': 1.0, '_a4_': 1.0, '_a7_': 1.0}};{'d0': 0.02488548250186686};-276.524567593312;45.492149199779
5962;-92.7701345968772;(((pow2((_a6_ + (x + _a3_))) * (x * _a5_)) + (_a3_ * pow2(x))) + _a0_);{'d0': {'_a0_': -0.0010241818116079556, '_a3_': -2.787566219876035, '_a5_': 3.3825181442930714, '_a6_': 3.5118966837122465, '_a1_': 1.0, '_a2_': 1.0, '_a4_': 1.0, '_a7_': 1.0}};{'d0': 0.02488548250186686};-276.524567593312;45.492149199779
5963;-92.7701345968772;(((pow2((_a6_ + (x + _a3_))) * (x * _a5_)) + (_a3_ * pow2(x))) + _a0_);{'d0': {'_a0_': -0.0010241818116079556, '_a3_': -2.787566219876035, '_a5_': 3.3825181442930714, '_a6_': 3.5118966837122465, '_a1_': 1.0, '_a2_': 1.0, '_a4_': 1.0, '_a7_': 1.0}};{'d0': 0.02488548250186686};-276.524567593312;45.492149199779
5964;-92.7701345968772;(((pow2((_a6_ + (x + _a3_))) * (x * _a5_)) + (_a3_ * pow2(x))) + _a0_);{'d0': {'_a0_': -0.0010241818116079556, '_a3_': -2.787566219876035, '_a5_': 3.3825181442930714, '_a6_': 3.5118966837122465, '_a1_': 1.0, '_a2_': 1.0, '_a4_': 1.0, '_a7_': 1.0}};{'d0': 0.02488548250186686};-276.524567593312;45.492149199779
5965;-92.7701345968772;(((pow2((_a6_ + (x + _a3_))) * (x * _a5_)) + (_a3_ * pow2(x))) + _a0_);{'d0': {'_a0_': -0.0010241818116079556, '_a3_': -2.787566219876035, '_a5_': 3.3825181442930714, '_a6_': 3.5118966837122465, '_a1_': 1.0, '_a2_': 1.0, '_a4_': 1.0, '_a7_': 1.0}};{'d0': 0.02488548250186686};-276.524567593312;45.492149199779
5966;-92.7701345968772;(((pow2((_a6_ + (x + _a3_))) * (x * _a5_)) + (_a3_ * pow2(x))) + _a0_);{'d0': {'_a0_': -0.0010241818116079556, '_a3_': -2.787566219876035, '_a5_': 3.3825181442930714, '_a6_': 3.5118966837122465, '_a1_': 1.0, '_a2_': 1.0, '_a4_': 1.0, '_a7_': 1.0}};{'d0': 0.02488548250186686};-276.524567593312;45.492149199779
5967;-92.7701345968705;(((pow2((_a2_ + (x + _a3_))) * (x * _a5_)) + (_a3_ * pow2(x))) + _a0_);{'d0': {'_a0_': -0.0010242002866392645, '_a2_': -7.737008141663424, '_a3_': 7.012677689968785, '_a5_': 3.382518242859174, '_a1_': 1.0, '_a4_': 1.0, '_a6_': 1.0, '_a7_': 1.0}};{'d0': 0.02488548250187249};-276.524567593299;45.492149199779
5968;-92.7701345968705;(((pow2((_a2_ + (x + _a3_))) * (x * _a5_)) + (_a3_ * pow2(x))) + _a0_);{'d0': {'_a0_': -0.0010242002866392645, '_a2_': -7.737008141663424, '_a3_': 7.012677689968785, '_a5_': 3.382518242859174, '_a1_': 1.0, '_a4_': 1.0, '_a6_': 1.0, '_a7_': 1.0}};{'d0': 0.02488548250187249};-276.524567593299;45.492149199779
5969;-92.7701345968705;(((pow2((_a2_ + (x + _a3_))) * (x * _a5_)) + (_a3_ * pow2(x))) + _a0_);{'d0': {'_a0_': -0.0010242002866392645, '_a2_': -7.737008141663424, '_a3_': 7.012677689968785, '_a5_': 3.382518242859174, '_a1_': 1.0, '_a4_': 1.0, '_a6_': 1.0, '_a7_': 1.0}};{'d0': 0.02488548250187249};-276.524567593299;45.492149199779
5970;-92.7701345968705;(((pow2((_a2_ + (x + _a3_))) * (x * _a5_)) + (_a3_ * pow2(x))) + _a0_);{'d0': {'_a0_': -0.0010242002866392645, '_a2_': -7.737008141663424, '_a3_': 7.012677689968785, '_a5_': 3.382518242859174, '_a1_': 1.0, '_a4_': 1.0, '_a6_': 1.0, '_a7_': 1.0}};{'d0': 0.02488548250187249};-276.524567593299;45.492149199779
5971;-92.7701345968705;(((pow2((_a2_ + (x + _a3_))) * (x * _a5_)) + (_a3_ * pow2(x))) + _a0_);{'d0': {'_a0_': -0.0010242002866392645, '_a2_': -7.737008141663424, '_a3_': 7.012677689968785, '_a5_': 3.382518242859174, '_a1_': 1.0, '_a4_': 1.0, '_a6_': 1.0, '_a7_': 1.0}};{'d0': 0.02488548250187249};-276.524567593299;45.492149199779
5972;-92.7701345968705;(((pow2((_a2_ + (x + _a3_))) * (x * _a5_)) + (_a3_ * pow2(x))) + _a0_);{'d0': {'_a0_': -0.0010242002866392645, '_a2_': -7.737008141663424, '_a3_': 7.012677689968785, '_a5_': 3.382518242859174, '_a1_': 1.0, '_a4_': 1.0, '_a6_': 1.0, '_a7_': 1.0}};{'d0': 0.02488548250187249};-276.524567593299;45.492149199779
5973;-92.7701345968705;(((pow2((_a2_ + (x + _a3_))) * (x * _a5_)) + (_a3_ * pow2(x))) + _a0_);{'d0': {'_a0_': -0.0010242002866392645, '_a2_': -7.737008141663424, '_a3_': 7.012677689968785, '_a5_': 3.382518242859174, '_a1_': 1.0, '_a4_': 1.0, '_a6_': 1.0, '_a7_': 1.0}};{'d0': 0.02488548250187249};-276.524567593299;45.492149199779
5974;-92.7701345968705;(((pow2((_a2_ + (x + _a3_))) * (x * _a5_)) + (_a3_ * pow2(x))) + _a0_);{'d0': {'_a0_': -0.0010242002866392645, '_a2_': -7.737008141663424, '_a3_': 7.012677689968785, '_a5_': 3.382518242859174, '_a1_': 1.0, '_a4_': 1.0, '_a6_': 1.0, '_a7_': 1.0}};{'d0': 0.02488548250187249};-276.524567593299;45.492149199779
5975;-92.7701345968705;(((pow2((_a2_ + (x + _a3_))) * (x * _a5_)) + (_a3_ * pow2(x))) + _a0_);{'d0': {'_a0_': -0.0010242002866392645, '_a2_': -7.737008141663424, '_a3_': 7.012677689968785, '_a5_': 3.382518242859174, '_a1_': 1.0, '_a4_': 1.0, '_a6_': 1.0, '_a7_': 1.0}};{'d0': 0.02488548250187249};-276.524567593299;45.492149199779
5976;-100.713385073773;((pow2((_a2_ + (x + _a3_))) * (x * _a5_)) + (_a3_ * pow2(x)));{'d0': {'_a2_': -7.728284372659565, '_a3_': 7.0032383260310995, '_a5_': 3.3767608818097536, '_a0_': 1.0, '_a1_': 1.0, '_a4_': 1.0, '_a6_': 1.0, '_a7_': 1.0}};{'d0': 0.024905832919416573};-280.569866449044;39.571548150749
5977;-100.713385073773;((pow2((_a2_ + (x + _a3_))) * (x * _a5_)) + (_a3_ * pow2(x)));{'d0': {'_a2_': -7.728284372659565, '_a3_': 7.0032383260310995, '_a5_': 3.3767608818097536, '_a0_': 1.0, '_a1_': 1.0, '_a4_': 1.0, '_a6_': 1.0, '_a7_': 1.0}};{'d0': 0.024905832919416573};-280.569866449044;39.571548150749
5978;-100.713385073773;((pow2((_a2_ + (x + _a3_))) * (x * _a5_)) + (_a3_ * pow2(x)));{'d0': {'_a2_': -7.728284372659565, '_a3_': 7.0032383260310995, '_a5_': 3.3767608818097536, '_a0_': 1.0, '_a1_': 1.0, '_a4_': 1.0, '_a6_': 1.0, '_a7_': 1.0}};{'d0': 0.024905832919416573};-280.569866449044;39.571548150749
5979;-101.684646197346;((pow2((_a2_ + (x * _a3_))) * (x * _a5_)) + (_a3_ * pow2(x)));{'d0': {'_a2_': -5.077670266884211, '_a3_': 7.003238324548291, '_a5_': 0.06884977030345502, '_a0_': 1.0, '_a1_': 1.0, '_a4_': 1.0, '_a6_': 1.0, '_a7_': 1.0}};{'d0': 0.024905832919416844};-280.569866449043;38.600287027176
5980;-101.684646197346;((pow2((_a2_ + (x * _a3_))) * (x * _a5_)) + (_a3_ * pow2(x)));{'d0': {'_a2_': -5.077670266884211, '_a3_': 7.003238324548291, '_a5_': 0.06884977030345502, '_a0_': 1.0, '_a1_': 1.0, '_a4_': 1.0, '_a6_': 1.0, '_a7_': 1.0}};{'d0': 0.024905832919416844};-280.569866449043;38.600287027176
5981;-101.684646197346;((pow2((_a2_ + (x * _a3_))) * (x * _a5_)) + (_a3_ * pow2(x)));{'d0': {'_a2_': -5.077670266884211, '_a3_': 7.003238324548291, '_a5_': 0.06884977030345502, '_a0_': 1.0, '_a1_': 1.0, '_a4_': 1.0, '_a6_': 1.0, '_a7_': 1.0}};{'d0': 0.024905832919416844};-280.569866449043;38.600287027176
5982;-101.684646197346;((pow2((_a2_ + (x * _a3_))) * (x * _a5_)) + (_a3_ * pow2(x)));{'d0': {'_a2_': -5.077670266884211, '_a3_': 7.003238324548291, '_a5_': 0.06884977030345502, '_a0_': 1.0, '_a1_': 1.0, '_a4_': 1.0, '_a6_': 1.0, '_a7_': 1.0}};{'d0': 0.024905832919416844};-280.569866449043;38.600287027176
5983;-101.684646197346;((pow2((_a2_ + (x * _a3_))) * (x * _a5_)) + (_a3_ * pow2(x)));{'d0': {'_a2_': -5.077670266884211, '_a3_': 7.003238324548291, '_a5_': 0.06884977030345502, '_a0_': 1.0, '_a1_': 1.0, '_a4_': 1.0, '_a6_': 1.0, '_a7_': 1.0}};{'d0': 0.024905832919416844};-280.569866449043;38.600287027176
5984;-106.651973435152;(((_a4_ * pow2(x)) + (-(_a3_) + (x * _a7_))) * x);{'d0': {'_a3_': -1.775135403478596, '_a4_': 3.376760880672612, '_a7_': 2.1066240690275317, '_a0_': 1.0, '_a1_': 1.0, '_a2_': 1.0, '_a5_': 1.0, '_a6_': 1.0}};{'d0': 0.02490583291941662};-280.569866449044;33.632959789369416
5985;-106.651973435152;(((_a4_ * pow2(x)) + (-(_a3_) + (x * _a7_))) * x);{'d0': {'_a3_': -1.775135403478596, '_a4_': 3.376760880672612, '_a7_': 2.1066240690275317, '_a0_': 1.0, '_a1_': 1.0, '_a2_': 1.0, '_a5_': 1.0, '_a6_': 1.0}};{'d0': 0.02490583291941662};-280.569866449044;33.632959789369416
5986;-102.971521196891;(((-(_a4_) * pow2(x)) + (-(_a3_) + (x * _a7_))) * x);{'d0': {'_a3_': -1.7751354046110805, '_a4_': -3.3767608777851326, '_a7_': 2.1066240679630313, '_a0_': 1.0, '_a1_': 1.0, '_a2_': 1.0, '_a5_': 1.0, '_a6_': 1.0}};{'d0': 0.02490583291941655};-280.569866449044;37.313412027630584
5987;-102.971521196891;(((-(_a4_) * pow2(x)) + (-(_a3_) + (x * _a7_))) * x);{'d0': {'_a3_': -1.7751354046110805, '_a4_': -3.3767608777851326, '_a7_': 2.1066240679630313, '_a0_': 1.0, '_a1_': 1.0, '_a2_': 1.0, '_a5_': 1.0, '_a6_': 1.0}};{'d0': 0.02490583291941655};-280.569866449044;37.313412027630584
5988;-102.971521196891;(((-(_a4_) * pow2(x)) + (-(_a3_) + (x * _a7_))) * x);{'d0': {'_a3_': -1.7751354046110805, '_a4_': -3.3767608777851326, '_a7_': 2.1066240679630313, '_a0_': 1.0, '_a1_': 1.0, '_a2_': 1.0, '_a5_': 1.0, '_a6_': 1.0}};{'d0': 0.02490583291941655};-280.569866449044;37.313412027630584
5989;-102.971521196891;(((-(_a4_) * pow2(x)) + (-(_a3_) + (x * _a7_))) * x);{'d0': {'_a3_': -1.7751354046110805, '_a4_': -3.3767608777851326, '_a7_': 2.1066240679630313, '_a0_': 1.0, '_a1_': 1.0, '_a2_': 1.0, '_a5_': 1.0, '_a6_': 1.0}};{'d0': 0.02490583291941655};-280.569866449044;37.313412027630584
5990;-102.971521196891;(((-(_a4_) * pow2(x)) + (-(_a3_) + (x * _a7_))) * x);{'d0': {'_a3_': -1.7751354046110805, '_a4_': -3.3767608777851326, '_a7_': 2.1066240679630313, '_a0_': 1.0, '_a1_': 1.0, '_a2_': 1.0, '_a5_': 1.0, '_a6_': 1.0}};{'d0': 0.02490583291941655};-280.569866449044;37.313412027630584
5991;-102.971521196891;(((-(_a4_) * pow2(x)) + (-(_a3_) + (x * _a7_))) * x);{'d0': {'_a3_': -1.7751354046110805, '_a4_': -3.3767608777851326, '_a7_': 2.1066240679630313, '_a0_': 1.0, '_a1_': 1.0, '_a2_': 1.0, '_a5_': 1.0, '_a6_': 1.0}};{'d0': 0.02490583291941655};-280.569866449044;37.313412027630584
5992;-102.971521196891;(((-(_a4_) * pow2(x)) + (-(_a3_) + (x * _a7_))) * x);{'d0': {'_a3_': -1.7751354046110805, '_a4_': -3.3767608777851326, '_a7_': 2.1066240679630313, '_a0_': 1.0, '_a1_': 1.0, '_a2_': 1.0, '_a5_': 1.0, '_a6_': 1.0}};{'d0': 0.02490583291941655};-280.569866449044;37.313412027630584
5993;-102.971521196891;(((-(_a4_) * pow2(x)) + (-(_a3_) + (x * _a7_))) * x);{'d0': {'_a3_': -1.7751354046110805, '_a4_': -3.3767608777851326, '_a7_': 2.1066240679630313, '_a0_': 1.0, '_a1_': 1.0, '_a2_': 1.0, '_a5_': 1.0, '_a6_': 1.0}};{'d0': 0.02490583291941655};-280.569866449044;37.313412027630584
5994;-102.971521196891;(((-(_a4_) * pow2(x)) + (-(_a3_) + (x * _a7_))) * x);{'d0': {'_a3_': -1.7751354046110805, '_a4_': -3.3767608777851326, '_a7_': 2.1066240679630313, '_a0_': 1.0, '_a1_': 1.0, '_a2_': 1.0, '_a5_': 1.0, '_a6_': 1.0}};{'d0': 0.02490583291941655};-280.569866449044;37.313412027630584
5995;-106.651973435152;(((-(_a4_) * pow2(x)) + (_a0_ + (x * _a7_))) * x);{'d0': {'_a0_': 1.7751354052088908, '_a4_': -3.376760876634315, '_a7_': 2.106624067893391, '_a1_': 1.0, '_a2_': 1.0, '_a3_': 1.0, '_a5_': 1.0, '_a6_': 1.0}};{'d0': 0.0249058329194166};-280.569866449044;33.632959789369416
5996;-106.651973435152;(((-(_a4_) * pow2(x)) + (_a0_ + (x * _a7_))) * x);{'d0': {'_a0_': 1.7751354052088908, '_a4_': -3.376760876634315, '_a7_': 2.106624067893391, '_a1_': 1.0, '_a2_': 1.0, '_a3_': 1.0, '_a5_': 1.0, '_a6_': 1.0}};{'d0': 0.0249058329194166};-280.569866449044;33.632959789369416
5997;-106.651973435152;(((-(_a4_) * pow2(x)) + (_a0_ + (x * _a7_))) * x);{'d0': {'_a0_': 1.7751354052088908, '_a4_': -3.376760876634315, '_a7_': 2.106624067893391, '_a1_': 1.0, '_a2_': 1.0, '_a3_': 1.0, '_a5_': 1.0, '_a6_': 1.0}};{'d0': 0.0249058329194166};-280.569866449044;33.632959789369416
5998;-102.954038962543;(((-(_a4_) * pow2(x)) + (_a0_ + (x * pow2(_a5_)))) * x);{'d0': {'_a0_': 1.7751354045414198, '_a4_': -3.3767608767209354, '_a5_': 1.4514213954121298, '_a1_': 1.0, '_a2_': 1.0, '_a3_': 1.0, '_a6_': 1.0, '_a7_': 1.0}};{'d0': 0.02490583291941658};-280.569866449044;37.33089426197942
5999;-102.954038962543;(((-(_a4_) * pow2(x)) + (_a0_ + (x * pow2(_a5_)))) * x);{'d0': {'_a0_': 1.7751354045414198, '_a4_': -3.3767608767209354, '_a5_': 1.4514213954121298, '_a1_': 1.0, '_a2_': 1.0, '_a3_': 1.0, '_a6_': 1.0, '_a7_': 1.0}};{'d0': 0.02490583291941658};-280.569866449044;37.33089426197942
6000;-102.954038962543;(((-(_a4_) * pow2(x)) + (_a0_ + (x * pow2(_a5_)))) * x);{'d0': {'_a0_': 1.7751354045414198, '_a4_': -3.3767608767209354, '_a5_': 1.4514213954121298, '_a1_': 1.0, '_a2_': 1.0, '_a3_': 1.0, '_a6_': 1.0, '_a7_': 1.0}};{'d0': 0.02490583291941658};-280.569866449044;37.33089426197942
6001;-102.954038962543;(((-(_a4_) * pow2(x)) + (_a0_ + (x * pow2(_a5_)))) * x);{'d0': {'_a0_': 1.7751354045414198, '_a4_': -3.3767608767209354, '_a5_': 1.4514213954121298, '_a1_': 1.0, '_a2_': 1.0, '_a3_': 1.0, '_a6_': 1.0, '_a7_': 1.0}};{'d0': 0.02490583291941658};-280.569866449044;37.33089426197942
6002;-102.954038962543;(((-(_a4_) * pow2(x)) + (_a0_ + (x * pow2(_a5_)))) * x);{'d0': {'_a0_': 1.7751354045414198, '_a4_': -3.3767608767209354, '_a5_': 1.4514213954121298, '_a1_': 1.0, '_a2_': 1.0, '_a3_': 1.0, '_a6_': 1.0, '_a7_': 1.0}};{'d0': 0.02490583291941658};-280.569866449044;37.33089426197942
6003;-102.954038962543;(((-(_a4_) * pow2(x)) + (_a0_ + (x * pow2(_a5_)))) * x);{'d0': {'_a0_': 1.7751354045414198, '_a4_': -3.3767608767209354, '_a5_': 1.4514213954121298, '_a1_': 1.0, '_a2_': 1.0, '_a3_': 1.0, '_a6_': 1.0, '_a7_': 1.0}};{'d0': 0.02490583291941658};-280.569866449044;37.33089426197942
6004;-102.954038962543;(((-(_a4_) * pow2(x)) + (_a0_ + (x * pow2(_a5_)))) * x);{'d0': {'_a0_': 1.7751354045414198, '_a4_': -3.3767608767209354, '_a5_': 1.4514213954121298, '_a1_': 1.0, '_a2_': 1.0, '_a3_': 1.0, '_a6_': 1.0, '_a7_': 1.0}};{'d0': 0.02490583291941658};-280.569866449044;37.33089426197942
6005;-102.954038962543;(((-(_a4_) * pow2(x)) + (_a0_ + (x * pow2(_a5_)))) * x);{'d0': {'_a0_': 1.7751354045414198, '_a4_': -3.3767608767209354, '_a5_': 1.4514213954121298, '_a1_': 1.0, '_a2_': 1.0, '_a3_': 1.0, '_a6_': 1.0, '_a7_': 1.0}};{'d0': 0.02490583291941658};-280.569866449044;37.33089426197942
6006;-102.954038962543;(((-(_a4_) * pow2(x)) + (_a0_ + (x * pow2(_a5_)))) * x);{'d0': {'_a0_': 1.7751354045414198, '_a4_': -3.3767608767209354, '_a5_': 1.4514213954121298, '_a1_': 1.0, '_a2_': 1.0, '_a3_': 1.0, '_a6_': 1.0, '_a7_': 1.0}};{'d0': 0.02490583291941658};-280.569866449044;37.33089426197942
6007;-102.954038962543;(((-(_a4_) * pow2(x)) + (_a0_ + (x * pow2(_a5_)))) * x);{'d0': {'_a0_': 1.7751354045414198, '_a4_': -3.3767608767209354, '_a5_': 1.4514213954121298, '_a1_': 1.0, '_a2_': 1.0, '_a3_': 1.0, '_a6_': 1.0, '_a7_': 1.0}};{'d0': 0.02490583291941658};-280.569866449044;37.33089426197942
6008;-102.954038962543;(((-(_a4_) * pow2(x)) + (_a0_ + (x * pow2(_a5_)))) * x);{'d0': {'_a0_': 1.7751354045414198, '_a4_': -3.3767608767209354, '_a5_': 1.4514213954121298, '_a1_': 1.0, '_a2_': 1.0, '_a3_': 1.0, '_a6_': 1.0, '_a7_': 1.0}};{'d0': 0.02490583291941658};-280.569866449044;37.33089426197942
6009;-102.954038962543;(((-(_a4_) * pow2(x)) + (_a0_ + (x * pow2(_a5_)))) * x);{'d0': {'_a0_': 1.7751354045414198, '_a4_': -3.3767608767209354, '_a5_': 1.4514213954121298, '_a1_': 1.0, '_a2_': 1.0, '_a3_': 1.0, '_a6_': 1.0, '_a7_': 1.0}};{'d0': 0.02490583291941658};-280.569866449044;37.33089426197942
6010;-102.954038962543;(((-(_a4_) * pow2(x)) + (_a0_ + (x * pow2(_a5_)))) * x);{'d0': {'_a0_': 1.7751354045414198, '_a4_': -3.3767608767209354, '_a5_': 1.4514213954121298, '_a1_': 1.0, '_a2_': 1.0, '_a3_': 1.0, '_a6_': 1.0, '_a7_': 1.0}};{'d0': 0.02490583291941658};-280.569866449044;37.33089426197942
6011;-107.366306721923;(((((x + _a7_) * x) * _a1_) + (_a5_ ** _a1_)) * x);{'d0': {'_a1_': 3.3767608779351623, '_a5_': 1.1852442512681376, '_a7_': 0.6238594155291174, '_a0_': 1.0, '_a2_': 1.0, '_a3_': 1.0, '_a4_': 1.0, '_a6_': 1.0}};{'d0': 0.024905832919416615};-280.569866449044;32.91862650259901
6012;-107.366306721923;(((((x + _a7_) * x) * _a1_) + (_a5_ ** _a1_)) * x);{'d0': {'_a1_': 3.3767608779351623, '_a5_': 1.1852442512681376, '_a7_': 0.6238594155291174, '_a0_': 1.0, '_a2_': 1.0, '_a3_': 1.0, '_a4_': 1.0, '_a6_': 1.0}};{'d0': 0.024905832919416615};-280.569866449044;32.91862650259901
6013;-107.366306721923;(((((x + _a7_) * x) * _a1_) + (_a5_ ** _a1_)) * x);{'d0': {'_a1_': 3.3767608779351623, '_a5_': 1.1852442512681376, '_a7_': 0.6238594155291174, '_a0_': 1.0, '_a2_': 1.0, '_a3_': 1.0, '_a4_': 1.0, '_a6_': 1.0}};{'d0': 0.024905832919416615};-280.569866449044;32.91862650259901
6014;-102.006974691813;(((((x + _a7_) * x) * log(_a1_)) + (_a5_ ** _a1_)) * x);{'d0': {'_a1_': 29.27578954931744, '_a5_': 1.0197958222914656, '_a7_': 0.6238594156717628, '_a0_': 1.0, '_a2_': 1.0, '_a3_': 1.0, '_a4_': 1.0, '_a6_': 1.0}};{'d0': 0.024905832919416615};-280.569866449044;38.27795853270901
6015;-102.006974691813;(((((x + _a7_) * x) * log(_a1_)) + (_a5_ ** _a1_)) * x);{'d0': {'_a1_': 29.27578954931744, '_a5_': 1.0197958222914656, '_a7_': 0.6238594156717628, '_a0_': 1.0, '_a2_': 1.0, '_a3_': 1.0, '_a4_': 1.0, '_a6_': 1.0}};{'d0': 0.024905832919416615};-280.569866449044;38.27795853270901
6016;-102.006974691813;(((((x + _a7_) * x) * log(_a1_)) + (_a5_ ** _a1_)) * x);{'d0': {'_a1_': 29.27578954931744, '_a5_': 1.0197958222914656, '_a7_': 0.6238594156717628, '_a0_': 1.0, '_a2_': 1.0, '_a3_': 1.0, '_a4_': 1.0, '_a6_': 1.0}};{'d0': 0.024905832919416615};-280.569866449044;38.27795853270901
6017;-102.006974691813;(((((x + _a7_) * x) * log(_a1_)) + (_a5_ ** _a1_)) * x);{'d0': {'_a1_': 29.27578954931744, '_a5_': 1.0197958222914656, '_a7_': 0.6238594156717628, '_a0_': 1.0, '_a2_': 1.0, '_a3_': 1.0, '_a4_': 1.0, '_a6_': 1.0}};{'d0': 0.024905832919416615};-280.569866449044;38.27795853270901
6018;-102.006974691813;(((((x + _a7_) * x) * log(_a1_)) + (_a5_ ** _a1_)) * x);{'d0': {'_a1_': 29.27578954931744, '_a5_': 1.0197958222914656, '_a7_': 0.6238594156717628, '_a0_': 1.0, '_a2_': 1.0, '_a3_': 1.0, '_a4_': 1.0, '_a6_': 1.0}};{'d0': 0.024905832919416615};-280.569866449044;38.27795853270901
6019;-102.006974691813;(((((x + _a7_) * x) * log(_a1_)) + (_a5_ ** _a1_)) * x);{'d0': {'_a1_': 29.27578954931744, '_a5_': 1.0197958222914656, '_a7_': 0.6238594156717628, '_a0_': 1.0, '_a2_': 1.0, '_a3_': 1.0, '_a4_': 1.0, '_a6_': 1.0}};{'d0': 0.024905832919416615};-280.569866449044;38.27795853270901
6020;-102.006974691813;(((((x + _a7_) * x) * log(_a1_)) + (_a5_ ** _a1_)) * x);{'d0': {'_a1_': 29.27578954931744, '_a5_': 1.0197958222914656, '_a7_': 0.6238594156717628, '_a0_': 1.0, '_a2_': 1.0, '_a3_': 1.0, '_a4_': 1.0, '_a6_': 1.0}};{'d0': 0.024905832919416615};-280.569866449044;38.27795853270901
6021;-102.006974691813;(((((x + _a7_) * x) * log(_a1_)) + (_a5_ ** _a1_)) * x);{'d0': {'_a1_': 29.27578954931744, '_a5_': 1.0197958222914656, '_a7_': 0.6238594156717628, '_a0_': 1.0, '_a2_': 1.0, '_a3_': 1.0, '_a4_': 1.0, '_a6_': 1.0}};{'d0': 0.024905832919416615};-280.569866449044;38.27795853270901
6022;-102.870231271510;(((((x + _a7_) * x) * log(_a1_)) + (_a5_ / _a1_)) * x);{'d0': {'_a1_': 29.27578955347381, '_a5_': 51.96849052310101, '_a7_': 0.6238594156111875, '_a0_': 1.0, '_a2_': 1.0, '_a3_': 1.0, '_a4_': 1.0, '_a6_': 1.0}};{'d0': 0.02490583291941663};-280.569866449044;37.41470195301141
6023;-102.870231271510;(((((x + _a7_) * x) * log(_a1_)) + (_a5_ / _a1_)) * x);{'d0': {'_a1_': 29.27578955347381, '_a5_': 51.96849052310101, '_a7_': 0.6238594156111875, '_a0_': 1.0, '_a2_': 1.0, '_a3_': 1.0, '_a4_': 1.0, '_a6_': 1.0}};{'d0': 0.02490583291941663};-280.569866449044;37.41470195301141
6024;-103.721183112456;(((((x + _a7_) * x) * log(_a1_)) + (_a5_ * _a1_)) * x);{'d0': {'_a1_': 29.275789570218866, '_a5_': 0.06063492837687021, '_a7_': 0.6238594154592272, '_a0_': 1.0, '_a2_': 1.0, '_a3_': 1.0, '_a4_': 1.0, '_a6_': 1.0}};{'d0': 0.024905832919416625};-280.569866449044;36.56375011206601
6025;-103.721183112456;(((((x + _a7_) * x) * log(_a1_)) + (_a5_ * _a1_)) * x);{'d0': {'_a1_': 29.275789570218866, '_a5_': 0.06063492837687021, '_a7_': 0.6238594154592272, '_a0_': 1.0, '_a2_': 1.0, '_a3_': 1.0, '_a4_': 1.0, '_a6_': 1.0}};{'d0': 0.024905832919416625};-280.569866449044;36.56375011206601
6026;-103.721183112456;(((((x + _a7_) * x) * log(_a1_)) + (_a5_ * _a1_)) * x);{'d0': {'_a1_': 29.275789570218866, '_a5_': 0.06063492837687021, '_a7_': 0.6238594154592272, '_a0_': 1.0, '_a2_': 1.0, '_a3_': 1.0, '_a4_': 1.0, '_a6_': 1.0}};{'d0': 0.024905832919416625};-280.569866449044;36.56375011206601
6027;-106.651973435152;(((-(_a4_) * pow2(x)) + (_a0_ + (x * _a3_))) * x);{'d0': {'_a0_': 1.7751354035968692, '_a3_': 2.1066240686680673, '_a4_': -3.376760880063061, '_a1_': 1.0, '_a2_': 1.0, '_a5_': 1.0, '_a6_': 1.0, '_a7_': 1.0}};{'d0': 0.024905832919416636};-280.569866449044;33.632959789369416
6028;-106.651973435152;(((-(_a4_) * pow2(x)) + (_a0_ + (x * _a3_))) * x);{'d0': {'_a0_': 1.7751354035968692, '_a3_': 2.1066240686680673, '_a4_': -3.376760880063061, '_a1_': 1.0, '_a2_': 1.0, '_a5_': 1.0, '_a6_': 1.0, '_a7_': 1.0}};{'d0': 0.024905832919416636};-280.569866449044;33.632959789369416
6029;-106.651973435152;(((-(_a4_) * pow2(x)) + (_a0_ + (x * _a3_))) * x);{'d0': {'_a0_': 1.7751354035968692, '_a3_': 2.1066240686680673, '_a4_': -3.376760880063061, '_a1_': 1.0, '_a2_': 1.0, '_a5_': 1.0, '_a6_': 1.0, '_a7_': 1.0}};{'d0': 0.024905832919416636};-280.569866449044;33.632959789369416
6030;-106.651973435152;(((-(_a4_) * pow2(x)) + (_a0_ + (x * _a3_))) * x);{'d0': {'_a0_': 1.7751354035968692, '_a3_': 2.1066240686680673, '_a4_': -3.376760880063061, '_a1_': 1.0, '_a2_': 1.0, '_a5_': 1.0, '_a6_': 1.0, '_a7_': 1.0}};{'d0': 0.024905832919416636};-280.569866449044;33.632959789369416
6031;-106.651973435152;(((-(_a4_) * pow2(x)) + (_a0_ + (x * _a3_))) * x);{'d0': {'_a0_': 1.7751354035968692, '_a3_': 2.1066240686680673, '_a4_': -3.376760880063061, '_a1_': 1.0, '_a2_': 1.0, '_a5_': 1.0, '_a6_': 1.0, '_a7_': 1.0}};{'d0': 0.024905832919416636};-280.569866449044;33.632959789369416
6032;-106.651973435152;(((-(_a4_) * pow2(x)) + (_a0_ + (x * _a3_))) * x);{'d0': {'_a0_': 1.7751354035968692, '_a3_': 2.1066240686680673, '_a4_': -3.376760880063061, '_a1_': 1.0, '_a2_': 1.0, '_a5_': 1.0, '_a6_': 1.0, '_a7_': 1.0}};{'d0': 0.024905832919416636};-280.569866449044;33.632959789369416
6033;-106.651973435152;(((-(_a4_) * pow2(x)) + (_a0_ + (x * _a3_))) * x);{'d0': {'_a0_': 1.7751354035968692, '_a3_': 2.1066240686680673, '_a4_': -3.376760880063061, '_a1_': 1.0, '_a2_': 1.0, '_a5_': 1.0, '_a6_': 1.0, '_a7_': 1.0}};{'d0': 0.024905832919416636};-280.569866449044;33.632959789369416
6034;-103.721183112456;(((((x + _a7_) * x) * log(_a1_)) + (_a5_ * _a1_)) * x);{'d0': {'_a1_': 29.275789570218866, '_a5_': 0.06063492837687021, '_a7_': 0.6238594154592272, '_a0_': 1.0, '_a2_': 1.0, '_a3_': 1.0, '_a4_': 1.0, '_a6_': 1.0}};{'d0': 0.024905832919416625};-280.569866449044;36.56375011206601
6035;-106.651973435152;(((-(_a4_) * pow2(x)) + (_a0_ + (x * _a3_))) * x);{'d0': {'_a0_': 1.7751354035968692, '_a3_': 2.1066240686680673, '_a4_': -3.376760880063061, '_a1_': 1.0, '_a2_': 1.0, '_a5_': 1.0, '_a6_': 1.0, '_a7_': 1.0}};{'d0': 0.024905832919416636};-280.569866449044;33.632959789369416
6036;-106.651973435152;(((-(_a4_) * pow2(x)) + (_a0_ + (x * _a3_))) * x);{'d0': {'_a0_': 1.7751354035968692, '_a3_': 2.1066240686680673, '_a4_': -3.376760880063061, '_a1_': 1.0, '_a2_': 1.0, '_a5_': 1.0, '_a6_': 1.0, '_a7_': 1.0}};{'d0': 0.024905832919416636};-280.569866449044;33.632959789369416
6037;-106.651973435152;(((-(_a4_) * pow2(x)) + (_a0_ + (x * _a3_))) * x);{'d0': {'_a0_': 1.7751354035968692, '_a3_': 2.1066240686680673, '_a4_': -3.376760880063061, '_a1_': 1.0, '_a2_': 1.0, '_a5_': 1.0, '_a6_': 1.0, '_a7_': 1.0}};{'d0': 0.024905832919416636};-280.569866449044;33.632959789369416
6038;-110.331920595413;(((_a1_ * pow2(x)) + (_a0_ + (x * _a3_))) * x);{'d0': {'_a0_': 1.7751354025889805, '_a1_': 3.376760881327357, '_a3_': 2.106624068096683, '_a2_': 1.0, '_a4_': 1.0, '_a5_': 1.0, '_a6_': 1.0, '_a7_': 1.0}};{'d0': 0.024905832919416553};-280.569866449044;29.953012629109026
6039;-110.331920595413;(((_a1_ * pow2(x)) + (_a0_ + (x * _a3_))) * x);{'d0': {'_a0_': 1.7751354025889805, '_a1_': 3.376760881327357, '_a3_': 2.106624068096683, '_a2_': 1.0, '_a4_': 1.0, '_a5_': 1.0, '_a6_': 1.0, '_a7_': 1.0}};{'d0': 0.024905832919416553};-280.569866449044;29.953012629109026
6040;-110.331920595413;(((_a1_ * pow2(x)) + (_a0_ + (x * _a3_))) * x);{'d0': {'_a0_': 1.7751354025889805, '_a1_': 3.376760881327357, '_a3_': 2.106624068096683, '_a2_': 1.0, '_a4_': 1.0, '_a5_': 1.0, '_a6_': 1.0, '_a7_': 1.0}};{'d0': 0.024905832919416553};-280.569866449044;29.953012629109026
6041;-110.331920595413;(((_a1_ * pow2(x)) + (_a0_ + (x * _a3_))) * x);{'d0': {'_a0_': 1.7751354025889805, '_a1_': 3.376760881327357, '_a3_': 2.106624068096683, '_a2_': 1.0, '_a4_': 1.0, '_a5_': 1.0, '_a6_': 1.0, '_a7_': 1.0}};{'d0': 0.024905832919416553};-280.569866449044;29.953012629109026
6042;-110.331920595413;(((_a1_ * pow2(x)) + (_a0_ + (x * _a3_))) * x);{'d0': {'_a0_': 1.7751354025889805, '_a1_': 3.376760881327357, '_a3_': 2.106624068096683, '_a2_': 1.0, '_a4_': 1.0, '_a5_': 1.0, '_a6_': 1.0, '_a7_': 1.0}};{'d0': 0.024905832919416553};-280.569866449044;29.953012629109026
6043;-110.331920595413;(((_a1_ * pow2(x)) + (_a0_ + (x * _a3_))) * x);{'d0': {'_a0_': 1.7751354025889805, '_a1_': 3.376760881327357, '_a3_': 2.106624068096683, '_a2_': 1.0, '_a4_': 1.0, '_a5_': 1.0, '_a6_': 1.0, '_a7_': 1.0}};{'d0': 0.024905832919416553};-280.569866449044;29.953012629109026
6044;-110.331920595413;(((_a1_ * pow2(x)) + (_a0_ + (x * _a3_))) * x);{'d0': {'_a0_': 1.7751354025889805, '_a1_': 3.376760881327357, '_a3_': 2.106624068096683, '_a2_': 1.0, '_a4_': 1.0, '_a5_': 1.0, '_a6_': 1.0, '_a7_': 1.0}};{'d0': 0.024905832919416553};-280.569866449044;29.953012629109026
6045;-110.331920595413;(((_a1_ * pow2(x)) + (_a0_ + (x * _a3_))) * x);{'d0': {'_a0_': 1.7751354025889805, '_a1_': 3.376760881327357, '_a3_': 2.106624068096683, '_a2_': 1.0, '_a4_': 1.0, '_a5_': 1.0, '_a6_': 1.0, '_a7_': 1.0}};{'d0': 0.024905832919416553};-280.569866449044;29.953012629109026
6046;-110.331920595413;(((_a1_ * pow2(x)) + (_a0_ + (x * _a3_))) * x);{'d0': {'_a0_': 1.7751354025889805, '_a1_': 3.376760881327357, '_a3_': 2.106624068096683, '_a2_': 1.0, '_a4_': 1.0, '_a5_': 1.0, '_a6_': 1.0, '_a7_': 1.0}};{'d0': 0.024905832919416553};-280.569866449044;29.953012629109026
6047;-110.331920595413;(((_a1_ * pow2(x)) + (_a0_ + (x * _a3_))) * x);{'d0': {'_a0_': 1.7751354025889805, '_a1_': 3.376760881327357, '_a3_': 2.106624068096683, '_a2_': 1.0, '_a4_': 1.0, '_a5_': 1.0, '_a6_': 1.0, '_a7_': 1.0}};{'d0': 0.024905832919416553};-280.569866449044;29.953012629109026
6048;-110.331920595413;(((_a1_ * pow2(x)) + (_a0_ + (x * _a3_))) * x);{'d0': {'_a0_': 1.7751354025889805, '_a1_': 3.376760881327357, '_a3_': 2.106624068096683, '_a2_': 1.0, '_a4_': 1.0, '_a5_': 1.0, '_a6_': 1.0, '_a7_': 1.0}};{'d0': 0.024905832919416553};-280.569866449044;29.953012629109026
6049;-110.331920595413;(((_a1_ * pow2(x)) + (_a0_ + (x * _a3_))) * x);{'d0': {'_a0_': 1.7751354025889805, '_a1_': 3.376760881327357, '_a3_': 2.106624068096683, '_a2_': 1.0, '_a4_': 1.0, '_a5_': 1.0, '_a6_': 1.0, '_a7_': 1.0}};{'d0': 0.024905832919416553};-280.569866449044;29.953012629109026
6050;-110.331920595413;(((_a1_ * pow2(x)) + (_a0_ + (x * _a3_))) * x);{'d0': {'_a0_': 1.7751354025889805, '_a1_': 3.376760881327357, '_a3_': 2.106624068096683, '_a2_': 1.0, '_a4_': 1.0, '_a5_': 1.0, '_a6_': 1.0, '_a7_': 1.0}};{'d0': 0.024905832919416553};-280.569866449044;29.953012629109026
6051;-110.331920595413;(((_a1_ * pow2(x)) + (_a0_ + (x * _a3_))) * x);{'d0': {'_a0_': 1.7751354025889805, '_a1_': 3.376760881327357, '_a3_': 2.106624068096683, '_a2_': 1.0, '_a4_': 1.0, '_a5_': 1.0, '_a6_': 1.0, '_a7_': 1.0}};{'d0': 0.024905832919416553};-280.569866449044;29.953012629109026
6052;-110.331920595413;(((_a1_ * pow2(x)) + (_a0_ + (x * _a3_))) * x);{'d0': {'_a0_': 1.7751354025889805, '_a1_': 3.376760881327357, '_a3_': 2.106624068096683, '_a2_': 1.0, '_a4_': 1.0, '_a5_': 1.0, '_a6_': 1.0, '_a7_': 1.0}};{'d0': 0.024905832919416553};-280.569866449044;29.953012629109026
6053;-110.331920595413;(((_a1_ * pow2(x)) + (_a0_ + (x * _a3_))) * x);{'d0': {'_a0_': 1.7751354025889805, '_a1_': 3.376760881327357, '_a3_': 2.106624068096683, '_a2_': 1.0, '_a4_': 1.0, '_a5_': 1.0, '_a6_': 1.0, '_a7_': 1.0}};{'d0': 0.024905832919416553};-280.569866449044;29.953012629109026
6054;-110.331920595413;(((_a1_ * pow2(x)) + (_a0_ + (x * _a3_))) * x);{'d0': {'_a0_': 1.7751354025889805, '_a1_': 3.376760881327357, '_a3_': 2.106624068096683, '_a2_': 1.0, '_a4_': 1.0, '_a5_': 1.0, '_a6_': 1.0, '_a7_': 1.0}};{'d0': 0.024905832919416553};-280.569866449044;29.953012629109026
6055;-110.331920595413;(((_a1_ * pow2(x)) + (_a0_ + (x * _a3_))) * x);{'d0': {'_a0_': 1.7751354025889805, '_a1_': 3.376760881327357, '_a3_': 2.106624068096683, '_a2_': 1.0, '_a4_': 1.0, '_a5_': 1.0, '_a6_': 1.0, '_a7_': 1.0}};{'d0': 0.024905832919416553};-280.569866449044;29.953012629109026
6056;-110.331920595413;(((_a1_ * pow2(x)) + (_a0_ + (x * _a3_))) * x);{'d0': {'_a0_': 1.7751354025889805, '_a1_': 3.376760881327357, '_a3_': 2.106624068096683, '_a2_': 1.0, '_a4_': 1.0, '_a5_': 1.0, '_a6_': 1.0, '_a7_': 1.0}};{'d0': 0.024905832919416553};-280.569866449044;29.953012629109026
6057;-110.331920595413;(((_a1_ * pow2(x)) + (_a0_ + (x * _a3_))) * x);{'d0': {'_a0_': 1.7751354025889805, '_a1_': 3.376760881327357, '_a3_': 2.106624068096683, '_a2_': 1.0, '_a4_': 1.0, '_a5_': 1.0, '_a6_': 1.0, '_a7_': 1.0}};{'d0': 0.024905832919416553};-280.569866449044;29.953012629109026
6058;-110.331920595413;(((_a1_ * pow2(x)) + (_a0_ + (x * _a3_))) * x);{'d0': {'_a0_': 1.7751354025889805, '_a1_': 3.376760881327357, '_a3_': 2.106624068096683, '_a2_': 1.0, '_a4_': 1.0, '_a5_': 1.0, '_a6_': 1.0, '_a7_': 1.0}};{'d0': 0.024905832919416553};-280.569866449044;29.953012629109026
6059;-99.8734541873882;((pow2((_a3_ + (x / _a3_))) * (x / _a5_)) + (_a2_ * pow2(x)));{'d0': {'_a2_': -2.7899901855847316, '_a3_': -0.8514963576626868, '_a5_': 0.4084454883206114, '_a0_': 1.0, '_a1_': 1.0, '_a4_': 1.0, '_a6_': 1.0, '_a7_': 1.0}};{'d0': 0.024905832919416615};-280.569866449044;40.4114790371336
6060;-99.8734541873882;((pow2((_a3_ + (x / _a3_))) * (x / _a5_)) + (_a2_ * pow2(x)));{'d0': {'_a2_': -2.7899901855847316, '_a3_': -0.8514963576626868, '_a5_': 0.4084454883206114, '_a0_': 1.0, '_a1_': 1.0, '_a4_': 1.0, '_a6_': 1.0, '_a7_': 1.0}};{'d0': 0.024905832919416615};-280.569866449044;40.4114790371336
6061;-99.8734541873882;((pow2((_a3_ + (x / _a3_))) * (x / _a5_)) + (_a2_ * pow2(x)));{'d0': {'_a2_': -2.7899901855847316, '_a3_': -0.8514963576626868, '_a5_': 0.4084454883206114, '_a0_': 1.0, '_a1_': 1.0, '_a4_': 1.0, '_a6_': 1.0, '_a7_': 1.0}};{'d0': 0.024905832919416615};-280.569866449044;40.4114790371336
6062;-99.8734541873882;((pow2((_a3_ + (x / _a3_))) * (x / _a5_)) + (_a2_ * pow2(x)));{'d0': {'_a2_': -2.7899901855847316, '_a3_': -0.8514963576626868, '_a5_': 0.4084454883206114, '_a0_': 1.0, '_a1_': 1.0, '_a4_': 1.0, '_a6_': 1.0, '_a7_': 1.0}};{'d0': 0.024905832919416615};-280.569866449044;40.4114790371336
6063;-99.8734541873882;((pow2((_a3_ + (x / _a3_))) * (x / _a5_)) + (_a2_ * pow2(x)));{'d0': {'_a2_': -2.7899901855847316, '_a3_': -0.8514963576626868, '_a5_': 0.4084454883206114, '_a0_': 1.0, '_a1_': 1.0, '_a4_': 1.0, '_a6_': 1.0, '_a7_': 1.0}};{'d0': 0.024905832919416615};-280.569866449044;40.4114790371336
6064;-99.8734541873882;((pow2((_a3_ + (x / _a3_))) * (x / _a5_)) + (_a2_ * pow2(x)));{'d0': {'_a2_': -2.7899901855847316, '_a3_': -0.8514963576626868, '_a5_': 0.4084454883206114, '_a0_': 1.0, '_a1_': 1.0, '_a4_': 1.0, '_a6_': 1.0, '_a7_': 1.0}};{'d0': 0.024905832919416615};-280.569866449044;40.4114790371336
6065;-99.8734541873882;((pow2((_a3_ + (x / _a3_))) * (x / _a5_)) + (_a2_ * pow2(x)));{'d0': {'_a2_': -2.7899901855847316, '_a3_': -0.8514963576626868, '_a5_': 0.4084454883206114, '_a0_': 1.0, '_a1_': 1.0, '_a4_': 1.0, '_a6_': 1.0, '_a7_': 1.0}};{'d0': 0.024905832919416615};-280.569866449044;40.4114790371336
6066;-99.8734541873882;((pow2((_a3_ + (x / _a3_))) * (x / _a5_)) + (_a2_ * pow2(x)));{'d0': {'_a2_': -2.7899901855847316, '_a3_': -0.8514963576626868, '_a5_': 0.4084454883206114, '_a0_': 1.0, '_a1_': 1.0, '_a4_': 1.0, '_a6_': 1.0, '_a7_': 1.0}};{'d0': 0.024905832919416615};-280.569866449044;40.4114790371336
6067;-99.8734541873882;((pow2((_a3_ + (x / _a3_))) * (x / _a5_)) + (_a2_ * pow2(x)));{'d0': {'_a2_': -2.7899901855847316, '_a3_': -0.8514963576626868, '_a5_': 0.4084454883206114, '_a0_': 1.0, '_a1_': 1.0, '_a4_': 1.0, '_a6_': 1.0, '_a7_': 1.0}};{'d0': 0.024905832919416615};-280.569866449044;40.4114790371336
6068;-93.9993003374962;((pow2((_a3_ + (x / (_a5_ / _a5_)))) * (x / _a5_)) + (_a2_ * pow2(x)));{'d0': {'_a2_': 7.003238319601465, '_a3_': -0.7250460477355949, '_a5_': 0.2961417870789259, '_a0_': 1.0, '_a1_': 1.0, '_a4_': 1.0, '_a6_': 1.0, '_a7_': 1.0}};{'d0': 0.02490583291941663};-280.569866449044;46.2856328870256
6069;-93.9993003374962;((pow2((_a3_ + (x / (_a5_ / _a5_)))) * (x / _a5_)) + (_a2_ * pow2(x)));{'d0': {'_a2_': 7.003238319601465, '_a3_': -0.7250460477355949, '_a5_': 0.2961417870789259, '_a0_': 1.0, '_a1_': 1.0, '_a4_': 1.0, '_a6_': 1.0, '_a7_': 1.0}};{'d0': 0.02490583291941663};-280.569866449044;46.2856328870256
6070;-93.9993003374962;((pow2((_a3_ + (x / (_a5_ / _a5_)))) * (x / _a5_)) + (_a2_ * pow2(x)));{'d0': {'_a2_': 7.003238319601465, '_a3_': -0.7250460477355949, '_a5_': 0.2961417870789259, '_a0_': 1.0, '_a1_': 1.0, '_a4_': 1.0, '_a6_': 1.0, '_a7_': 1.0}};{'d0': 0.02490583291941663};-280.569866449044;46.2856328870256
6071;-93.9993003374962;((pow2((_a3_ + (x / (_a5_ / _a5_)))) * (x / _a5_)) + (_a2_ * pow2(x)));{'d0': {'_a2_': 7.003238319601465, '_a3_': -0.7250460477355949, '_a5_': 0.2961417870789259, '_a0_': 1.0, '_a1_': 1.0, '_a4_': 1.0, '_a6_': 1.0, '_a7_': 1.0}};{'d0': 0.02490583291941663};-280.569866449044;46.2856328870256
6072;-93.9993003374962;((pow2((_a3_ + (x / (_a5_ / _a5_)))) * (x / _a5_)) + (_a2_ * pow2(x)));{'d0': {'_a2_': 7.003238319601465, '_a3_': -0.7250460477355949, '_a5_': 0.2961417870789259, '_a0_': 1.0, '_a1_': 1.0, '_a4_': 1.0, '_a6_': 1.0, '_a7_': 1.0}};{'d0': 0.02490583291941663};-280.569866449044;46.2856328870256
6073;-93.9993003374962;((pow2((_a3_ + (x / (_a5_ / _a5_)))) * (x / _a5_)) + (_a2_ * pow2(x)));{'d0': {'_a2_': 7.003238319601465, '_a3_': -0.7250460477355949, '_a5_': 0.2961417870789259, '_a0_': 1.0, '_a1_': 1.0, '_a4_': 1.0, '_a6_': 1.0, '_a7_': 1.0}};{'d0': 0.02490583291941663};-280.569866449044;46.2856328870256
6074;-93.9993003374962;((pow2((_a3_ + (x / (_a5_ / _a5_)))) * (x / _a5_)) + (_a2_ * pow2(x)));{'d0': {'_a2_': 7.003238319601465, '_a3_': -0.7250460477355949, '_a5_': 0.2961417870789259, '_a0_': 1.0, '_a1_': 1.0, '_a4_': 1.0, '_a6_': 1.0, '_a7_': 1.0}};{'d0': 0.02490583291941663};-280.569866449044;46.2856328870256
6075;-93.9993003374962;((pow2((_a3_ + (x / (_a5_ / _a5_)))) * (x / _a5_)) + (_a2_ * pow2(x)));{'d0': {'_a2_': 7.003238319601465, '_a3_': -0.7250460477355949, '_a5_': 0.2961417870789259, '_a0_': 1.0, '_a1_': 1.0, '_a4_': 1.0, '_a6_': 1.0, '_a7_': 1.0}};{'d0': 0.02490583291941663};-280.569866449044;46.2856328870256
6076;-93.9993003374962;((pow2((_a3_ + (x / (_a5_ / _a5_)))) * (x / _a5_)) + (_a2_ * pow2(x)));{'d0': {'_a2_': 7.003238319601465, '_a3_': -0.7250460477355949, '_a5_': 0.2961417870789259, '_a0_': 1.0, '_a1_': 1.0, '_a4_': 1.0, '_a6_': 1.0, '_a7_': 1.0}};{'d0': 0.02490583291941663};-280.569866449044;46.2856328870256
6077;-93.9993003374962;((pow2((_a3_ + (x / (_a5_ / _a5_)))) * (x / _a5_)) + (_a2_ * pow2(x)));{'d0': {'_a2_': 7.003238319601465, '_a3_': -0.7250460477355949, '_a5_': 0.2961417870789259, '_a0_': 1.0, '_a1_': 1.0, '_a4_': 1.0, '_a6_': 1.0, '_a7_': 1.0}};{'d0': 0.02490583291941663};-280.569866449044;46.2856328870256
6078;-93.9993003374962;((pow2((_a3_ + (x / (_a5_ / _a5_)))) * (x / _a5_)) + (_a2_ * pow2(x)));{'d0': {'_a2_': 7.003238319601465, '_a3_': -0.7250460477355949, '_a5_': 0.2961417870789259, '_a0_': 1.0, '_a1_': 1.0, '_a4_': 1.0, '_a6_': 1.0, '_a7_': 1.0}};{'d0': 0.02490583291941663};-280.569866449044;46.2856328870256
6079;-93.9993003374962;((pow2((_a3_ + (x / (_a5_ / _a5_)))) * (x / _a5_)) + (_a2_ * pow2(x)));{'d0': {'_a2_': 7.003238319601465, '_a3_': -0.7250460477355949, '_a5_': 0.2961417870789259, '_a0_': 1.0, '_a1_': 1.0, '_a4_': 1.0, '_a6_': 1.0, '_a7_': 1.0}};{'d0': 0.02490583291941663};-280.569866449044;46.2856328870256
6080;-93.9993003374962;((pow2((_a3_ + (x / (_a5_ / _a5_)))) * (x / _a5_)) + (_a2_ * pow2(x)));{'d0': {'_a2_': 7.003238319601465, '_a3_': -0.7250460477355949, '_a5_': 0.2961417870789259, '_a0_': 1.0, '_a1_': 1.0, '_a4_': 1.0, '_a6_': 1.0, '_a7_': 1.0}};{'d0': 0.02490583291941663};-280.569866449044;46.2856328870256
6081;-91.9521280562349;((pow2((_a3_ + (x / (_a6_ / _a5_)))) * (x / _a5_)) + (_a2_ * pow2(x)));{'d0': {'_a2_': 7.003238323597308, '_a3_': -0.6167731324801933, '_a5_': 0.21429861725970303, '_a6_': 0.25191820324871106, '_a0_': 1.0, '_a1_': 1.0, '_a4_': 1.0, '_a7_': 1.0}};{'d0': 0.024905832919541383};-276.475521886521;46.2856328870256
6082;-91.9521280562349;((pow2((_a3_ + (x / (_a6_ / _a5_)))) * (x / _a5_)) + (_a2_ * pow2(x)));{'d0': {'_a2_': 7.003238323597308, '_a3_': -0.6167731324801933, '_a5_': 0.21429861725970303, '_a6_': 0.25191820324871106, '_a0_': 1.0, '_a1_': 1.0, '_a4_': 1.0, '_a7_': 1.0}};{'d0': 0.024905832919541383};-276.475521886521;46.2856328870256
6083;-91.9521280562349;((pow2((_a3_ + (x / (_a6_ / _a5_)))) * (x / _a5_)) + (_a2_ * pow2(x)));{'d0': {'_a2_': 7.003238323597308, '_a3_': -0.6167731324801933, '_a5_': 0.21429861725970303, '_a6_': 0.25191820324871106, '_a0_': 1.0, '_a1_': 1.0, '_a4_': 1.0, '_a7_': 1.0}};{'d0': 0.024905832919541383};-276.475521886521;46.2856328870256
6084;-92.9492992669442;((pow2((_a3_ + (x * (_a6_ / _a5_)))) * (x / _a5_)) + (_a2_ * pow2(x)));{'d0': {'_a2_': 7.003238323260964, '_a3_': -2.3572646777161586, '_a5_': 3.130294556259473, '_a6_': 10.177191696031695, '_a0_': 1.0, '_a1_': 1.0, '_a4_': 1.0, '_a7_': 1.0}};{'d0': 0.024905832919580984};-276.475521886426;45.2884616762686
6085;-92.9492992669442;((pow2((_a3_ + (x * (_a6_ / _a5_)))) * (x / _a5_)) + (_a2_ * pow2(x)));{'d0': {'_a2_': 7.003238323260964, '_a3_': -2.3572646777161586, '_a5_': 3.130294556259473, '_a6_': 10.177191696031695, '_a0_': 1.0, '_a1_': 1.0, '_a4_': 1.0, '_a7_': 1.0}};{'d0': 0.024905832919580984};-276.475521886426;45.2884616762686
6086;-92.9492992669442;((pow2((_a3_ + (x * (_a6_ / _a5_)))) * (x / _a5_)) + (_a2_ * pow2(x)));{'d0': {'_a2_': 7.003238323260964, '_a3_': -2.3572646777161586, '_a5_': 3.130294556259473, '_a6_': 10.177191696031695, '_a0_': 1.0, '_a1_': 1.0, '_a4_': 1.0, '_a7_': 1.0}};{'d0': 0.024905832919580984};-276.475521886426;45.2884616762686
6087;-92.9492992669442;((pow2((_a3_ + (x * (_a6_ / _a5_)))) * (x / _a5_)) + (_a2_ * pow2(x)));{'d0': {'_a2_': 7.003238323260964, '_a3_': -2.3572646777161586, '_a5_': 3.130294556259473, '_a6_': 10.177191696031695, '_a0_': 1.0, '_a1_': 1.0, '_a4_': 1.0, '_a7_': 1.0}};{'d0': 0.024905832919580984};-276.475521886426;45.2884616762686
6088;-94.9964715482532;((pow2((_a5_ + (x * (_a6_ / _a5_)))) * (x / _a5_)) + (_a2_ * pow2(x)));{'d0': {'_a2_': -2.7899901853539757, '_a5_': 1.7751354038601388, '_a6_': 4.346076659964903, '_a0_': 1.0, '_a1_': 1.0, '_a3_': 1.0, '_a4_': 1.0, '_a7_': 1.0}};{'d0': 0.024905832919416622};-280.569866449044;45.2884616762686
6089;-94.9964715482532;((pow2((_a5_ + (x * (_a6_ / _a5_)))) * (x / _a5_)) + (_a2_ * pow2(x)));{'d0': {'_a2_': -2.7899901853539757, '_a5_': 1.7751354038601388, '_a6_': 4.346076659964903, '_a0_': 1.0, '_a1_': 1.0, '_a3_': 1.0, '_a4_': 1.0, '_a7_': 1.0}};{'d0': 0.024905832919416622};-280.569866449044;45.2884616762686
6090;-94.9964715482532;((pow2((_a5_ + (x * (_a6_ / _a5_)))) * (x / _a5_)) + (_a2_ * pow2(x)));{'d0': {'_a2_': -2.7899901853539757, '_a5_': 1.7751354038601388, '_a6_': 4.346076659964903, '_a0_': 1.0, '_a1_': 1.0, '_a3_': 1.0, '_a4_': 1.0, '_a7_': 1.0}};{'d0': 0.024905832919416622};-280.569866449044;45.2884616762686
6091;-94.9964715482532;((pow2((_a5_ + (x * (_a6_ / _a5_)))) * (x / _a5_)) + (_a2_ * pow2(x)));{'d0': {'_a2_': -2.7899901853539757, '_a5_': 1.7751354038601388, '_a6_': 4.346076659964903, '_a0_': 1.0, '_a1_': 1.0, '_a3_': 1.0, '_a4_': 1.0, '_a7_': 1.0}};{'d0': 0.024905832919416622};-280.569866449044;45.2884616762686
6092;-94.9964715482532;((pow2((_a5_ + (x * (_a6_ / _a5_)))) * (x / _a5_)) + (_a2_ * pow2(x)));{'d0': {'_a2_': -2.7899901853539757, '_a5_': 1.7751354038601388, '_a6_': 4.346076659964903, '_a0_': 1.0, '_a1_': 1.0, '_a3_': 1.0, '_a4_': 1.0, '_a7_': 1.0}};{'d0': 0.024905832919416622};-280.569866449044;45.2884616762686
6093;-94.9964715482532;((pow2((_a5_ + (x * (_a6_ / _a5_)))) * (x / _a5_)) + (_a2_ * pow2(x)));{'d0': {'_a2_': -2.7899901853539757, '_a5_': 1.7751354038601388, '_a6_': 4.346076659964903, '_a0_': 1.0, '_a1_': 1.0, '_a3_': 1.0, '_a4_': 1.0, '_a7_': 1.0}};{'d0': 0.024905832919416622};-280.569866449044;45.2884616762686
6094;-94.9964715482532;((pow2((_a5_ + (x * (_a6_ / _a5_)))) * (x / _a5_)) + (_a2_ * pow2(x)));{'d0': {'_a2_': -2.7899901853539757, '_a5_': 1.7751354038601388, '_a6_': 4.346076659964903, '_a0_': 1.0, '_a1_': 1.0, '_a3_': 1.0, '_a4_': 1.0, '_a7_': 1.0}};{'d0': 0.024905832919416622};-280.569866449044;45.2884616762686
6095;-94.9964715482532;((pow2((_a5_ + (x * (_a6_ / _a5_)))) * (x / _a5_)) + (_a2_ * pow2(x)));{'d0': {'_a2_': -2.7899901853539757, '_a5_': 1.7751354038601388, '_a6_': 4.346076659964903, '_a0_': 1.0, '_a1_': 1.0, '_a3_': 1.0, '_a4_': 1.0, '_a7_': 1.0}};{'d0': 0.024905832919416622};-280.569866449044;45.2884616762686
6096;-106.651973435152;-((((_a1_ * pow2(x)) + (_a0_ + (x * _a3_))) * x));{'d0': {'_a0_': -1.775135403862547, '_a1_': -3.3767608787093275, '_a3_': -2.106624067872178, '_a2_': 1.0, '_a4_': 1.0, '_a5_': 1.0, '_a6_': 1.0, '_a7_': 1.0}};{'d0': 0.024905832919416667};-280.569866449044;33.632959789369416
6097;-106.651973435152;-((((_a1_ * pow2(x)) + (_a0_ + (x * _a3_))) * x));{'d0': {'_a0_': -1.775135403862547, '_a1_': -3.3767608787093275, '_a3_': -2.106624067872178, '_a2_': 1.0, '_a4_': 1.0, '_a5_': 1.0, '_a6_': 1.0, '_a7_': 1.0}};{'d0': 0.024905832919416667};-280.569866449044;33.632959789369416
6098;-94.9964715482532;((pow2((_a5_ + (x * (_a6_ / _a5_)))) * (x / _a5_)) + (_a2_ * pow2(x)));{'d0': {'_a2_': -2.7899901853539757, '_a5_': 1.7751354038601388, '_a6_': 4.346076659964903, '_a0_': 1.0, '_a1_': 1.0, '_a3_': 1.0, '_a4_': 1.0, '_a7_': 1.0}};{'d0': 0.024905832919416622};-280.569866449044;45.2884616762686
6099;-94.9964715482532;((pow2((_a5_ + (x * (_a6_ / _a5_)))) * (x / _a5_)) + (_a2_ * pow2(x)));{'d0': {'_a2_': -2.7899901853539757, '_a5_': 1.7751354038601388, '_a6_': 4.346076659964903, '_a0_': 1.0, '_a1_': 1.0, '_a3_': 1.0, '_a4_': 1.0, '_a7_': 1.0}};{'d0': 0.024905832919416622};-280.569866449044;45.2884616762686
6100;-94.9964715482532;((pow2((_a5_ + (x * (_a6_ / _a5_)))) * (x / _a5_)) + (_a2_ * pow2(x)));{'d0': {'_a2_': -2.7899901853539757, '_a5_': 1.7751354038601388, '_a6_': 4.346076659964903, '_a0_': 1.0, '_a1_': 1.0, '_a3_': 1.0, '_a4_': 1.0, '_a7_': 1.0}};{'d0': 0.024905832919416622};-280.569866449044;45.2884616762686
6101;-110.331920595413;(((_a1_ * pow2(x)) + (_a0_ + (x * _a3_))) * x);{'d0': {'_a0_': 1.7751354025889805, '_a1_': 3.376760881327357, '_a3_': 2.106624068096683, '_a2_': 1.0, '_a4_': 1.0, '_a5_': 1.0, '_a6_': 1.0, '_a7_': 1.0}};{'d0': 0.024905832919416553};-280.569866449044;29.953012629109026
6102;-110.331920595413;(((_a1_ * pow2(x)) + (_a0_ + (x * _a3_))) * x);{'d0': {'_a0_': 1.7751354025889805, '_a1_': 3.376760881327357, '_a3_': 2.106624068096683, '_a2_': 1.0, '_a4_': 1.0, '_a5_': 1.0, '_a6_': 1.0, '_a7_': 1.0}};{'d0': 0.024905832919416553};-280.569866449044;29.953012629109026
6103;-110.331920595413;(((_a1_ * pow2(x)) + (_a0_ + (x * _a3_))) * x);{'d0': {'_a0_': 1.7751354025889805, '_a1_': 3.376760881327357, '_a3_': 2.106624068096683, '_a2_': 1.0, '_a4_': 1.0, '_a5_': 1.0, '_a6_': 1.0, '_a7_': 1.0}};{'d0': 0.024905832919416553};-280.569866449044;29.953012629109026
6104;-110.331920595413;(((_a1_ * pow2(x)) + (_a0_ + (x * _a3_))) * x);{'d0': {'_a0_': 1.7751354025889805, '_a1_': 3.376760881327357, '_a3_': 2.106624068096683, '_a2_': 1.0, '_a4_': 1.0, '_a5_': 1.0, '_a6_': 1.0, '_a7_': 1.0}};{'d0': 0.024905832919416553};-280.569866449044;29.953012629109026
6105;-110.331920595413;(((_a1_ * pow2(x)) + (_a0_ + (x * _a3_))) * x);{'d0': {'_a0_': 1.7751354025889805, '_a1_': 3.376760881327357, '_a3_': 2.106624068096683, '_a2_': 1.0, '_a4_': 1.0, '_a5_': 1.0, '_a6_': 1.0, '_a7_': 1.0}};{'d0': 0.024905832919416553};-280.569866449044;29.953012629109026
6106;-110.331920595413;(((_a1_ * pow2(x)) + (_a0_ + (x * _a3_))) * x);{'d0': {'_a0_': 1.7751354025889805, '_a1_': 3.376760881327357, '_a3_': 2.106624068096683, '_a2_': 1.0, '_a4_': 1.0, '_a5_': 1.0, '_a6_': 1.0, '_a7_': 1.0}};{'d0': 0.024905832919416553};-280.569866449044;29.953012629109026
6107;-100.833694356400;((pow2((_a5_ + (x * _a0_))) * (x / _a5_)) + (_a2_ * pow2(x)));{'d0': {'_a0_': 2.4483071268644605, '_a2_': -2.7899901854300704, '_a5_': 1.77513540434295, '_a1_': 1.0, '_a3_': 1.0, '_a4_': 1.0, '_a6_': 1.0, '_a7_': 1.0}};{'d0': 0.02490583291941663};-280.569866449044;39.45123886812139
6108;-100.833694356400;((pow2((_a5_ + (x * _a0_))) * (x / _a5_)) + (_a2_ * pow2(x)));{'d0': {'_a0_': 2.4483071268644605, '_a2_': -2.7899901854300704, '_a5_': 1.77513540434295, '_a1_': 1.0, '_a3_': 1.0, '_a4_': 1.0, '_a6_': 1.0, '_a7_': 1.0}};{'d0': 0.02490583291941663};-280.569866449044;39.45123886812139
6109;-100.833694356400;((pow2((_a5_ + (x * _a0_))) * (x / _a5_)) + (_a2_ * pow2(x)));{'d0': {'_a0_': 2.4483071268644605, '_a2_': -2.7899901854300704, '_a5_': 1.77513540434295, '_a1_': 1.0, '_a3_': 1.0, '_a4_': 1.0, '_a6_': 1.0, '_a7_': 1.0}};{'d0': 0.02490583291941663};-280.569866449044;39.45123886812139
6110;-100.833694356400;((pow2((_a5_ + (x * _a0_))) * (x / _a5_)) + (_a2_ * pow2(x)));{'d0': {'_a0_': 2.4483071268644605, '_a2_': -2.7899901854300704, '_a5_': 1.77513540434295, '_a1_': 1.0, '_a3_': 1.0, '_a4_': 1.0, '_a6_': 1.0, '_a7_': 1.0}};{'d0': 0.02490583291941663};-280.569866449044;39.45123886812139
6111;-100.833694356400;((pow2((_a5_ + (x * _a0_))) * (x / _a5_)) + (_a2_ * pow2(x)));{'d0': {'_a0_': 2.4483071268644605, '_a2_': -2.7899901854300704, '_a5_': 1.77513540434295, '_a1_': 1.0, '_a3_': 1.0, '_a4_': 1.0, '_a6_': 1.0, '_a7_': 1.0}};{'d0': 0.02490583291941663};-280.569866449044;39.45123886812139
6112;-100.833694356400;((pow2((_a5_ + (x * _a0_))) * (x / _a5_)) + (_a2_ * pow2(x)));{'d0': {'_a0_': 2.4483071268644605, '_a2_': -2.7899901854300704, '_a5_': 1.77513540434295, '_a1_': 1.0, '_a3_': 1.0, '_a4_': 1.0, '_a6_': 1.0, '_a7_': 1.0}};{'d0': 0.02490583291941663};-280.569866449044;39.45123886812139
6113;-100.833694356400;((pow2((_a5_ + (x * _a0_))) * (x / _a5_)) + (_a2_ * pow2(x)));{'d0': {'_a0_': 2.4483071268644605, '_a2_': -2.7899901854300704, '_a5_': 1.77513540434295, '_a1_': 1.0, '_a3_': 1.0, '_a4_': 1.0, '_a6_': 1.0, '_a7_': 1.0}};{'d0': 0.02490583291941663};-280.569866449044;39.45123886812139
6114;-100.833694356400;((pow2((_a5_ + (x * _a0_))) * (x / _a5_)) + (_a2_ * pow2(x)));{'d0': {'_a0_': 2.4483071268644605, '_a2_': -2.7899901854300704, '_a5_': 1.77513540434295, '_a1_': 1.0, '_a3_': 1.0, '_a4_': 1.0, '_a6_': 1.0, '_a7_': 1.0}};{'d0': 0.02490583291941663};-280.569866449044;39.45123886812139
6115;-100.833694356400;((pow2((_a5_ + (x * _a0_))) * (x / _a5_)) + (_a2_ * pow2(x)));{'d0': {'_a0_': 2.4483071268644605, '_a2_': -2.7899901854300704, '_a5_': 1.77513540434295, '_a1_': 1.0, '_a3_': 1.0, '_a4_': 1.0, '_a6_': 1.0, '_a7_': 1.0}};{'d0': 0.02490583291941663};-280.569866449044;39.45123886812139
6116;-100.833694356400;((pow2((_a5_ + (x * _a0_))) * (x / _a5_)) + (_a2_ * pow2(x)));{'d0': {'_a0_': 2.4483071268644605, '_a2_': -2.7899901854300704, '_a5_': 1.77513540434295, '_a1_': 1.0, '_a3_': 1.0, '_a4_': 1.0, '_a6_': 1.0, '_a7_': 1.0}};{'d0': 0.02490583291941663};-280.569866449044;39.45123886812139
6117;-100.833694356400;((pow2((_a5_ + (x * _a0_))) * (x / _a5_)) + (_a2_ * pow2(x)));{'d0': {'_a0_': 2.4483071268644605, '_a2_': -2.7899901854300704, '_a5_': 1.77513540434295, '_a1_': 1.0, '_a3_': 1.0, '_a4_': 1.0, '_a6_': 1.0, '_a7_': 1.0}};{'d0': 0.02490583291941663};-280.569866449044;39.45123886812139
6118;-100.833694356400;((pow2((_a5_ + (x * _a0_))) * (x / _a5_)) + (_a2_ * pow2(x)));{'d0': {'_a0_': 2.4483071268644605, '_a2_': -2.7899901854300704, '_a5_': 1.77513540434295, '_a1_': 1.0, '_a3_': 1.0, '_a4_': 1.0, '_a6_': 1.0, '_a7_': 1.0}};{'d0': 0.02490583291941663};-280.569866449044;39.45123886812139
6119;-100.833694356400;((pow2((_a5_ + (x * _a0_))) * (x / _a5_)) + (_a2_ * pow2(x)));{'d0': {'_a0_': 2.4483071268644605, '_a2_': -2.7899901854300704, '_a5_': 1.77513540434295, '_a1_': 1.0, '_a3_': 1.0, '_a4_': 1.0, '_a6_': 1.0, '_a7_': 1.0}};{'d0': 0.02490583291941663};-280.569866449044;39.45123886812139
6120;-100.833694356400;((pow2((_a5_ + (x * _a0_))) * (x / _a5_)) + (_a2_ * pow2(x)));{'d0': {'_a0_': 2.4483071268644605, '_a2_': -2.7899901854300704, '_a5_': 1.77513540434295, '_a1_': 1.0, '_a3_': 1.0, '_a4_': 1.0, '_a6_': 1.0, '_a7_': 1.0}};{'d0': 0.02490583291941663};-280.569866449044;39.45123886812139
6121;-100.833694356400;((pow2((_a5_ + (x * _a0_))) * (x / _a5_)) + (_a2_ * pow2(x)));{'d0': {'_a0_': 2.4483071268644605, '_a2_': -2.7899901854300704, '_a5_': 1.77513540434295, '_a1_': 1.0, '_a3_': 1.0, '_a4_': 1.0, '_a6_': 1.0, '_a7_': 1.0}};{'d0': 0.02490583291941663};-280.569866449044;39.45123886812139
6122;-100.833694356400;((pow2((_a5_ + (x * _a0_))) * (x / _a5_)) + (_a2_ * pow2(x)));{'d0': {'_a0_': 2.4483071268644605, '_a2_': -2.7899901854300704, '_a5_': 1.77513540434295, '_a1_': 1.0, '_a3_': 1.0, '_a4_': 1.0, '_a6_': 1.0, '_a7_': 1.0}};{'d0': 0.02490583291941663};-280.569866449044;39.45123886812139
6123;-100.833694356400;((pow2((_a5_ + (x * _a0_))) * (x / _a5_)) + (_a2_ * pow2(x)));{'d0': {'_a0_': 2.4483071268644605, '_a2_': -2.7899901854300704, '_a5_': 1.77513540434295, '_a1_': 1.0, '_a3_': 1.0, '_a4_': 1.0, '_a6_': 1.0, '_a7_': 1.0}};{'d0': 0.02490583291941663};-280.569866449044;39.45123886812139
6124;-100.833694356400;((pow2((_a5_ + (x * _a0_))) * (x / _a5_)) + (_a2_ * pow2(x)));{'d0': {'_a0_': 2.4483071268644605, '_a2_': -2.7899901854300704, '_a5_': 1.77513540434295, '_a1_': 1.0, '_a3_': 1.0, '_a4_': 1.0, '_a6_': 1.0, '_a7_': 1.0}};{'d0': 0.02490583291941663};-280.569866449044;39.45123886812139
6125;-100.833694356400;((pow2((_a5_ + (x * _a0_))) * (x / _a5_)) + (_a2_ * pow2(x)));{'d0': {'_a0_': 2.4483071268644605, '_a2_': -2.7899901854300704, '_a5_': 1.77513540434295, '_a1_': 1.0, '_a3_': 1.0, '_a4_': 1.0, '_a6_': 1.0, '_a7_': 1.0}};{'d0': 0.02490583291941663};-280.569866449044;39.45123886812139
6126;-100.833694356400;((pow2((_a5_ + (x * _a0_))) * (x / _a5_)) + (_a2_ * pow2(x)));{'d0': {'_a0_': 2.4483071268644605, '_a2_': -2.7899901854300704, '_a5_': 1.77513540434295, '_a1_': 1.0, '_a3_': 1.0, '_a4_': 1.0, '_a6_': 1.0, '_a7_': 1.0}};{'d0': 0.02490583291941663};-280.569866449044;39.45123886812139
6127;-100.833694356400;((pow2((_a5_ + (x * _a0_))) * (x / _a5_)) + (_a2_ * pow2(x)));{'d0': {'_a0_': 2.4483071268644605, '_a2_': -2.7899901854300704, '_a5_': 1.77513540434295, '_a1_': 1.0, '_a3_': 1.0, '_a4_': 1.0, '_a6_': 1.0, '_a7_': 1.0}};{'d0': 0.02490583291941663};-280.569866449044;39.45123886812139
6128;-100.833694356400;((pow2((_a5_ + (x * _a0_))) * (x / _a5_)) + (_a2_ * pow2(x)));{'d0': {'_a0_': 2.4483071268644605, '_a2_': -2.7899901854300704, '_a5_': 1.77513540434295, '_a1_': 1.0, '_a3_': 1.0, '_a4_': 1.0, '_a6_': 1.0, '_a7_': 1.0}};{'d0': 0.02490583291941663};-280.569866449044;39.45123886812139
6129;-100.833694356400;((pow2((_a5_ + (x * _a0_))) * (x / _a5_)) + (_a2_ * pow2(x)));{'d0': {'_a0_': 2.4483071268644605, '_a2_': -2.7899901854300704, '_a5_': 1.77513540434295, '_a1_': 1.0, '_a3_': 1.0, '_a4_': 1.0, '_a6_': 1.0, '_a7_': 1.0}};{'d0': 0.02490583291941663};-280.569866449044;39.45123886812139
6130;-100.833694356400;((pow2((_a5_ + (x * _a0_))) * (x / _a5_)) + (_a2_ * pow2(x)));{'d0': {'_a0_': 2.4483071268644605, '_a2_': -2.7899901854300704, '_a5_': 1.77513540434295, '_a1_': 1.0, '_a3_': 1.0, '_a4_': 1.0, '_a6_': 1.0, '_a7_': 1.0}};{'d0': 0.02490583291941663};-280.569866449044;39.45123886812139
6131;-100.833694356400;((pow2((_a5_ + (x * _a0_))) * (x / _a5_)) + (_a2_ * pow2(x)));{'d0': {'_a0_': 2.4483071268644605, '_a2_': -2.7899901854300704, '_a5_': 1.77513540434295, '_a1_': 1.0, '_a3_': 1.0, '_a4_': 1.0, '_a6_': 1.0, '_a7_': 1.0}};{'d0': 0.02490583291941663};-280.569866449044;39.45123886812139
6132;-100.833694356400;((pow2((_a5_ + (x * _a0_))) * (x / _a5_)) + (_a2_ * pow2(x)));{'d0': {'_a0_': 2.4483071268644605, '_a2_': -2.7899901854300704, '_a5_': 1.77513540434295, '_a1_': 1.0, '_a3_': 1.0, '_a4_': 1.0, '_a6_': 1.0, '_a7_': 1.0}};{'d0': 0.02490583291941663};-280.569866449044;39.45123886812139
6133;-100.833694356400;((pow2((_a5_ + (x * _a0_))) * (x / _a5_)) + (_a2_ * pow2(x)));{'d0': {'_a0_': 2.4483071268644605, '_a2_': -2.7899901854300704, '_a5_': 1.77513540434295, '_a1_': 1.0, '_a3_': 1.0, '_a4_': 1.0, '_a6_': 1.0, '_a7_': 1.0}};{'d0': 0.02490583291941663};-280.569866449044;39.45123886812139
6134;-98.7865220710973;((pow2((_a6_ + (x * _a0_))) * (x / _a5_)) + (_a2_ * pow2(x)));{'d0': {'_a0_': 3.1229529300216354, '_a2_': -2.789990185410533, '_a5_': 2.888220938558111, '_a6_': 2.2642846770848344, '_a1_': 1.0, '_a3_': 1.0, '_a4_': 1.0, '_a7_': 1.0}};{'d0': 0.02490583292289683};-276.475521878437;39.45123886812139
6135;-98.7865220710973;((pow2((_a6_ + (x * _a0_))) * (x / _a5_)) + (_a2_ * pow2(x)));{'d0': {'_a0_': 3.1229529300216354, '_a2_': -2.789990185410533, '_a5_': 2.888220938558111, '_a6_': 2.2642846770848344, '_a1_': 1.0, '_a3_': 1.0, '_a4_': 1.0, '_a7_': 1.0}};{'d0': 0.02490583292289683};-276.475521878437;39.45123886812139
6136;-98.7865220710973;((pow2((_a6_ + (x * _a0_))) * (x / _a5_)) + (_a2_ * pow2(x)));{'d0': {'_a0_': 3.1229529300216354, '_a2_': -2.789990185410533, '_a5_': 2.888220938558111, '_a6_': 2.2642846770848344, '_a1_': 1.0, '_a3_': 1.0, '_a4_': 1.0, '_a7_': 1.0}};{'d0': 0.02490583292289683};-276.475521878437;39.45123886812139
6137;-98.7865220710973;((pow2((_a6_ + (x * _a0_))) * (x / _a5_)) + (_a2_ * pow2(x)));{'d0': {'_a0_': 3.1229529300216354, '_a2_': -2.789990185410533, '_a5_': 2.888220938558111, '_a6_': 2.2642846770848344, '_a1_': 1.0, '_a3_': 1.0, '_a4_': 1.0, '_a7_': 1.0}};{'d0': 0.02490583292289683};-276.475521878437;39.45123886812139
6138;-98.7865220710973;((pow2((_a6_ + (x * _a0_))) * (x / _a5_)) + (_a2_ * pow2(x)));{'d0': {'_a0_': 3.1229529300216354, '_a2_': -2.789990185410533, '_a5_': 2.888220938558111, '_a6_': 2.2642846770848344, '_a1_': 1.0, '_a3_': 1.0, '_a4_': 1.0, '_a7_': 1.0}};{'d0': 0.02490583292289683};-276.475521878437;39.45123886812139
6139;-98.7865220710973;((pow2((_a6_ + (x * _a0_))) * (x / _a5_)) + (_a2_ * pow2(x)));{'d0': {'_a0_': 3.1229529300216354, '_a2_': -2.789990185410533, '_a5_': 2.888220938558111, '_a6_': 2.2642846770848344, '_a1_': 1.0, '_a3_': 1.0, '_a4_': 1.0, '_a7_': 1.0}};{'d0': 0.02490583292289683};-276.475521878437;39.45123886812139
6140;-98.7865220710973;((pow2((_a6_ + (x * _a0_))) * (x / _a5_)) + (_a2_ * pow2(x)));{'d0': {'_a0_': 3.1229529300216354, '_a2_': -2.789990185410533, '_a5_': 2.888220938558111, '_a6_': 2.2642846770848344, '_a1_': 1.0, '_a3_': 1.0, '_a4_': 1.0, '_a7_': 1.0}};{'d0': 0.02490583292289683};-276.475521878437;39.45123886812139
6141;-100.851681668750;(((_a1_ * pow2(x)) + (_a0_ + (-(x) * (_a1_ / _a3_)))) * x);{'d0': {'_a0_': 1.775135404175605, '_a1_': 3.376760878296691, '_a3_': -1.6029252346569576, '_a2_': 1.0, '_a4_': 1.0, '_a5_': 1.0, '_a6_': 1.0, '_a7_': 1.0}};{'d0': 0.024905832919416594};-280.569866449044;39.43325155577182
6142;-100.851681668750;(((_a1_ * pow2(x)) + (_a0_ + (-(x) * (_a1_ / _a3_)))) * x);{'d0': {'_a0_': 1.775135404175605, '_a1_': 3.376760878296691, '_a3_': -1.6029252346569576, '_a2_': 1.0, '_a4_': 1.0, '_a5_': 1.0, '_a6_': 1.0, '_a7_': 1.0}};{'d0': 0.024905832919416594};-280.569866449044;39.43325155577182
6143;-100.851681668750;(((_a1_ * pow2(x)) + (_a0_ + (-(x) * (_a1_ / _a3_)))) * x);{'d0': {'_a0_': 1.775135404175605, '_a1_': 3.376760878296691, '_a3_': -1.6029252346569576, '_a2_': 1.0, '_a4_': 1.0, '_a5_': 1.0, '_a6_': 1.0, '_a7_': 1.0}};{'d0': 0.024905832919416594};-280.569866449044;39.43325155577182
6144;-100.851681668750;(((_a1_ * pow2(x)) + (_a0_ + (-(x) * (_a1_ / _a3_)))) * x);{'d0': {'_a0_': 1.775135404175605, '_a1_': 3.376760878296691, '_a3_': -1.6029252346569576, '_a2_': 1.0, '_a4_': 1.0, '_a5_': 1.0, '_a6_': 1.0, '_a7_': 1.0}};{'d0': 0.024905832919416594};-280.569866449044;39.43325155577182
6145;-100.851681668750;(((_a1_ * pow2(x)) + (_a0_ + (-(x) * (_a1_ / _a3_)))) * x);{'d0': {'_a0_': 1.775135404175605, '_a1_': 3.376760878296691, '_a3_': -1.6029252346569576, '_a2_': 1.0, '_a4_': 1.0, '_a5_': 1.0, '_a6_': 1.0, '_a7_': 1.0}};{'d0': 0.024905832919416594};-280.569866449044;39.43325155577182
6146;-100.851681668750;(((_a1_ * pow2(x)) + (_a0_ + (-(x) * (_a1_ / _a3_)))) * x);{'d0': {'_a0_': 1.775135404175605, '_a1_': 3.376760878296691, '_a3_': -1.6029252346569576, '_a2_': 1.0, '_a4_': 1.0, '_a5_': 1.0, '_a6_': 1.0, '_a7_': 1.0}};{'d0': 0.024905832919416594};-280.569866449044;39.43325155577182
6147;-100.851681668750;(((_a1_ * pow2(x)) + (_a0_ + (-(x) * (_a1_ / _a3_)))) * x);{'d0': {'_a0_': 1.775135404175605, '_a1_': 3.376760878296691, '_a3_': -1.6029252346569576, '_a2_': 1.0, '_a4_': 1.0, '_a5_': 1.0, '_a6_': 1.0, '_a7_': 1.0}};{'d0': 0.024905832919416594};-280.569866449044;39.43325155577182
6148;-100.851681668750;(((_a1_ * pow2(x)) + (_a0_ + (-(x) * (_a1_ / _a3_)))) * x);{'d0': {'_a0_': 1.775135404175605, '_a1_': 3.376760878296691, '_a3_': -1.6029252346569576, '_a2_': 1.0, '_a4_': 1.0, '_a5_': 1.0, '_a6_': 1.0, '_a7_': 1.0}};{'d0': 0.024905832919416594};-280.569866449044;39.43325155577182
6149;-100.851681668750;(((_a1_ * pow2(x)) + (_a0_ + (-(x) * (_a1_ / _a3_)))) * x);{'d0': {'_a0_': 1.775135404175605, '_a1_': 3.376760878296691, '_a3_': -1.6029252346569576, '_a2_': 1.0, '_a4_': 1.0, '_a5_': 1.0, '_a6_': 1.0, '_a7_': 1.0}};{'d0': 0.024905832919416594};-280.569866449044;39.43325155577182
6150;-100.851681668750;(((_a1_ * pow2(x)) + (_a0_ + (-(x) * (_a1_ / _a3_)))) * x);{'d0': {'_a0_': 1.775135404175605, '_a1_': 3.376760878296691, '_a3_': -1.6029252346569576, '_a2_': 1.0, '_a4_': 1.0, '_a5_': 1.0, '_a6_': 1.0, '_a7_': 1.0}};{'d0': 0.024905832919416594};-280.569866449044;39.43325155577182
6151;-100.851681668750;(((_a1_ * pow2(x)) + (_a0_ + (-(x) * (_a1_ / _a3_)))) * x);{'d0': {'_a0_': 1.775135404175605, '_a1_': 3.376760878296691, '_a3_': -1.6029252346569576, '_a2_': 1.0, '_a4_': 1.0, '_a5_': 1.0, '_a6_': 1.0, '_a7_': 1.0}};{'d0': 0.024905832919416594};-280.569866449044;39.43325155577182
6152;-100.851681668750;(((_a1_ * pow2(x)) + (_a0_ + (-(x) * (_a1_ / _a3_)))) * x);{'d0': {'_a0_': 1.775135404175605, '_a1_': 3.376760878296691, '_a3_': -1.6029252346569576, '_a2_': 1.0, '_a4_': 1.0, '_a5_': 1.0, '_a6_': 1.0, '_a7_': 1.0}};{'d0': 0.024905832919416594};-280.569866449044;39.43325155577182
6153;-98.7865220710973;((pow2((_a6_ + (x * _a0_))) * (x / _a5_)) + (_a2_ * pow2(x)));{'d0': {'_a0_': 3.1229529300216354, '_a2_': -2.789990185410533, '_a5_': 2.888220938558111, '_a6_': 2.2642846770848344, '_a1_': 1.0, '_a3_': 1.0, '_a4_': 1.0, '_a7_': 1.0}};{'d0': 0.02490583292289683};-276.475521878437;39.45123886812139
6154;-98.7865220710973;((pow2((_a6_ + (x * _a0_))) * (x / _a5_)) + (_a2_ * pow2(x)));{'d0': {'_a0_': 3.1229529300216354, '_a2_': -2.789990185410533, '_a5_': 2.888220938558111, '_a6_': 2.2642846770848344, '_a1_': 1.0, '_a3_': 1.0, '_a4_': 1.0, '_a7_': 1.0}};{'d0': 0.02490583292289683};-276.475521878437;39.45123886812139
6155;-98.7865220710973;((pow2((_a6_ + (x * _a0_))) * (x / _a5_)) + (_a2_ * pow2(x)));{'d0': {'_a0_': 3.1229529300216354, '_a2_': -2.789990185410533, '_a5_': 2.888220938558111, '_a6_': 2.2642846770848344, '_a1_': 1.0, '_a3_': 1.0, '_a4_': 1.0, '_a7_': 1.0}};{'d0': 0.02490583292289683};-276.475521878437;39.45123886812139
6156;-98.7865220710973;((pow2((_a6_ + (x * _a0_))) * (x / _a5_)) + (_a2_ * pow2(x)));{'d0': {'_a0_': 3.1229529300216354, '_a2_': -2.789990185410533, '_a5_': 2.888220938558111, '_a6_': 2.2642846770848344, '_a1_': 1.0, '_a3_': 1.0, '_a4_': 1.0, '_a7_': 1.0}};{'d0': 0.02490583292289683};-276.475521878437;39.45123886812139
6157;-98.7865220710973;((pow2((_a6_ + (x * _a0_))) * (x / _a5_)) + (_a2_ * pow2(x)));{'d0': {'_a0_': 3.1229529300216354, '_a2_': -2.789990185410533, '_a5_': 2.888220938558111, '_a6_': 2.2642846770848344, '_a1_': 1.0, '_a3_': 1.0, '_a4_': 1.0, '_a7_': 1.0}};{'d0': 0.02490583292289683};-276.475521878437;39.45123886812139
6158;-98.7865220710973;((pow2((_a6_ + (x * _a0_))) * (x / _a5_)) + (_a2_ * pow2(x)));{'d0': {'_a0_': 3.1229529300216354, '_a2_': -2.789990185410533, '_a5_': 2.888220938558111, '_a6_': 2.2642846770848344, '_a1_': 1.0, '_a3_': 1.0, '_a4_': 1.0, '_a7_': 1.0}};{'d0': 0.02490583292289683};-276.475521878437;39.45123886812139
6159;-98.7865220710973;((pow2((_a6_ + (x * _a0_))) * (x / _a5_)) + (_a2_ * pow2(x)));{'d0': {'_a0_': 3.1229529300216354, '_a2_': -2.789990185410533, '_a5_': 2.888220938558111, '_a6_': 2.2642846770848344, '_a1_': 1.0, '_a3_': 1.0, '_a4_': 1.0, '_a7_': 1.0}};{'d0': 0.02490583292289683};-276.475521878437;39.45123886812139
6160;-98.7865220710973;((pow2((_a6_ + (x * _a0_))) * (x / _a5_)) + (_a2_ * pow2(x)));{'d0': {'_a0_': 3.1229529300216354, '_a2_': -2.789990185410533, '_a5_': 2.888220938558111, '_a6_': 2.2642846770848344, '_a1_': 1.0, '_a3_': 1.0, '_a4_': 1.0, '_a7_': 1.0}};{'d0': 0.02490583292289683};-276.475521878437;39.45123886812139
6161;-98.7865220710973;((pow2((_a6_ + (x * _a0_))) * (x / _a5_)) + (_a2_ * pow2(x)));{'d0': {'_a0_': 3.1229529300216354, '_a2_': -2.789990185410533, '_a5_': 2.888220938558111, '_a6_': 2.2642846770848344, '_a1_': 1.0, '_a3_': 1.0, '_a4_': 1.0, '_a7_': 1.0}};{'d0': 0.02490583292289683};-276.475521878437;39.45123886812139
6162;-98.7865220710973;((pow2((_a6_ + (x * _a0_))) * (x / _a5_)) + (_a2_ * pow2(x)));{'d0': {'_a0_': 3.1229529300216354, '_a2_': -2.789990185410533, '_a5_': 2.888220938558111, '_a6_': 2.2642846770848344, '_a1_': 1.0, '_a3_': 1.0, '_a4_': 1.0, '_a7_': 1.0}};{'d0': 0.02490583292289683};-276.475521878437;39.45123886812139
6163;-98.7865220710973;((pow2((_a6_ + (x * _a0_))) * (x / _a5_)) + (_a2_ * pow2(x)));{'d0': {'_a0_': 3.1229529300216354, '_a2_': -2.789990185410533, '_a5_': 2.888220938558111, '_a6_': 2.2642846770848344, '_a1_': 1.0, '_a3_': 1.0, '_a4_': 1.0, '_a7_': 1.0}};{'d0': 0.02490583292289683};-276.475521878437;39.45123886812139
6164;-98.7865220710973;((pow2((_a6_ + (x * _a0_))) * (x / _a5_)) + (_a2_ * pow2(x)));{'d0': {'_a0_': 3.1229529300216354, '_a2_': -2.789990185410533, '_a5_': 2.888220938558111, '_a6_': 2.2642846770848344, '_a1_': 1.0, '_a3_': 1.0, '_a4_': 1.0, '_a7_': 1.0}};{'d0': 0.02490583292289683};-276.475521878437;39.45123886812139
6165;-98.7865220710973;((pow2((_a6_ + (x * _a0_))) * (x / _a5_)) + (_a2_ * pow2(x)));{'d0': {'_a0_': 3.1229529300216354, '_a2_': -2.789990185410533, '_a5_': 2.888220938558111, '_a6_': 2.2642846770848344, '_a1_': 1.0, '_a3_': 1.0, '_a4_': 1.0, '_a7_': 1.0}};{'d0': 0.02490583292289683};-276.475521878437;39.45123886812139
6166;-98.7865220710973;((pow2((_a6_ + (x * _a0_))) * (x / _a5_)) + (_a2_ * pow2(x)));{'d0': {'_a0_': 3.1229529300216354, '_a2_': -2.789990185410533, '_a5_': 2.888220938558111, '_a6_': 2.2642846770848344, '_a1_': 1.0, '_a3_': 1.0, '_a4_': 1.0, '_a7_': 1.0}};{'d0': 0.02490583292289683};-276.475521878437;39.45123886812139
6167;-98.7865220710973;((pow2((_a6_ + (x * _a0_))) * (x / _a5_)) + (_a2_ * pow2(x)));{'d0': {'_a0_': 3.1229529300216354, '_a2_': -2.789990185410533, '_a5_': 2.888220938558111, '_a6_': 2.2642846770848344, '_a1_': 1.0, '_a3_': 1.0, '_a4_': 1.0, '_a7_': 1.0}};{'d0': 0.02490583292289683};-276.475521878437;39.45123886812139
6168;-98.7865220710973;((pow2((_a6_ + (x * _a0_))) * (x / _a5_)) + (_a2_ * pow2(x)));{'d0': {'_a0_': 3.1229529300216354, '_a2_': -2.789990185410533, '_a5_': 2.888220938558111, '_a6_': 2.2642846770848344, '_a1_': 1.0, '_a3_': 1.0, '_a4_': 1.0, '_a7_': 1.0}};{'d0': 0.02490583292289683};-276.475521878437;39.45123886812139
6169;-98.7865220710973;((pow2((_a6_ + (x * _a0_))) * (x / _a5_)) + (_a2_ * pow2(x)));{'d0': {'_a0_': 3.1229529300216354, '_a2_': -2.789990185410533, '_a5_': 2.888220938558111, '_a6_': 2.2642846770848344, '_a1_': 1.0, '_a3_': 1.0, '_a4_': 1.0, '_a7_': 1.0}};{'d0': 0.02490583292289683};-276.475521878437;39.45123886812139
6170;-98.7865220710973;((pow2((_a6_ + (x * _a0_))) * (x / _a5_)) + (_a2_ * pow2(x)));{'d0': {'_a0_': 3.1229529300216354, '_a2_': -2.789990185410533, '_a5_': 2.888220938558111, '_a6_': 2.2642846770848344, '_a1_': 1.0, '_a3_': 1.0, '_a4_': 1.0, '_a7_': 1.0}};{'d0': 0.02490583292289683};-276.475521878437;39.45123886812139
6171;-98.7865220710973;((pow2((_a6_ + (x * _a0_))) * (x / _a5_)) + (_a2_ * pow2(x)));{'d0': {'_a0_': 3.1229529300216354, '_a2_': -2.789990185410533, '_a5_': 2.888220938558111, '_a6_': 2.2642846770848344, '_a1_': 1.0, '_a3_': 1.0, '_a4_': 1.0, '_a7_': 1.0}};{'d0': 0.02490583292289683};-276.475521878437;39.45123886812139
6172;-98.7865220710973;((pow2((_a6_ + (x * _a0_))) * (x / _a5_)) + (_a2_ * pow2(x)));{'d0': {'_a0_': 3.1229529300216354, '_a2_': -2.789990185410533, '_a5_': 2.888220938558111, '_a6_': 2.2642846770848344, '_a1_': 1.0, '_a3_': 1.0, '_a4_': 1.0, '_a7_': 1.0}};{'d0': 0.02490583292289683};-276.475521878437;39.45123886812139
6173;-98.7865220710973;((pow2((_a6_ + (x * _a0_))) * (x / _a5_)) + (_a2_ * pow2(x)));{'d0': {'_a0_': 3.1229529300216354, '_a2_': -2.789990185410533, '_a5_': 2.888220938558111, '_a6_': 2.2642846770848344, '_a1_': 1.0, '_a3_': 1.0, '_a4_': 1.0, '_a7_': 1.0}};{'d0': 0.02490583292289683};-276.475521878437;39.45123886812139
6174;-98.7865220710973;((pow2((_a6_ + (x * _a0_))) * (x / _a5_)) + (_a2_ * pow2(x)));{'d0': {'_a0_': 3.1229529300216354, '_a2_': -2.789990185410533, '_a5_': 2.888220938558111, '_a6_': 2.2642846770848344, '_a1_': 1.0, '_a3_': 1.0, '_a4_': 1.0, '_a7_': 1.0}};{'d0': 0.02490583292289683};-276.475521878437;39.45123886812139
6175;-98.7865220710973;((pow2((_a6_ + (x * _a0_))) * (x / _a5_)) + (_a2_ * pow2(x)));{'d0': {'_a0_': 3.1229529300216354, '_a2_': -2.789990185410533, '_a5_': 2.888220938558111, '_a6_': 2.2642846770848344, '_a1_': 1.0, '_a3_': 1.0, '_a4_': 1.0, '_a7_': 1.0}};{'d0': 0.02490583292289683};-276.475521878437;39.45123886812139
6176;-98.7865220710973;((pow2((_a6_ + (x * _a0_))) * (x / _a5_)) + (_a2_ * pow2(x)));{'d0': {'_a0_': 3.1229529300216354, '_a2_': -2.789990185410533, '_a5_': 2.888220938558111, '_a6_': 2.2642846770848344, '_a1_': 1.0, '_a3_': 1.0, '_a4_': 1.0, '_a7_': 1.0}};{'d0': 0.02490583292289683};-276.475521878437;39.45123886812139
6177;-98.7865220710973;((pow2((_a6_ + (x * _a0_))) * (x / _a5_)) + (_a2_ * pow2(x)));{'d0': {'_a0_': 3.1229529300216354, '_a2_': -2.789990185410533, '_a5_': 2.888220938558111, '_a6_': 2.2642846770848344, '_a1_': 1.0, '_a3_': 1.0, '_a4_': 1.0, '_a7_': 1.0}};{'d0': 0.02490583292289683};-276.475521878437;39.45123886812139
6178;-98.7865220710973;((pow2((_a6_ + (x * _a0_))) * (x / _a5_)) + (_a2_ * pow2(x)));{'d0': {'_a0_': 3.1229529300216354, '_a2_': -2.789990185410533, '_a5_': 2.888220938558111, '_a6_': 2.2642846770848344, '_a1_': 1.0, '_a3_': 1.0, '_a4_': 1.0, '_a7_': 1.0}};{'d0': 0.02490583292289683};-276.475521878437;39.45123886812139
6179;-98.7865220710973;((pow2((_a6_ + (x * _a0_))) * (x / _a5_)) + (_a2_ * pow2(x)));{'d0': {'_a0_': 3.1229529300216354, '_a2_': -2.789990185410533, '_a5_': 2.888220938558111, '_a6_': 2.2642846770848344, '_a1_': 1.0, '_a3_': 1.0, '_a4_': 1.0, '_a7_': 1.0}};{'d0': 0.02490583292289683};-276.475521878437;39.45123886812139
6180;-98.7865220710973;((pow2((_a6_ + (x * _a0_))) * (x / _a5_)) + (_a2_ * pow2(x)));{'d0': {'_a0_': 3.1229529300216354, '_a2_': -2.789990185410533, '_a5_': 2.888220938558111, '_a6_': 2.2642846770848344, '_a1_': 1.0, '_a3_': 1.0, '_a4_': 1.0, '_a7_': 1.0}};{'d0': 0.02490583292289683};-276.475521878437;39.45123886812139
6181;-98.7865220710973;((pow2((_a6_ + (x * _a0_))) * (x / _a5_)) + (_a2_ * pow2(x)));{'d0': {'_a0_': 3.1229529300216354, '_a2_': -2.789990185410533, '_a5_': 2.888220938558111, '_a6_': 2.2642846770848344, '_a1_': 1.0, '_a3_': 1.0, '_a4_': 1.0, '_a7_': 1.0}};{'d0': 0.02490583292289683};-276.475521878437;39.45123886812139
6182;-98.7865220710973;((pow2((_a6_ + (x * _a0_))) * (x / _a5_)) + (_a2_ * pow2(x)));{'d0': {'_a0_': 3.1229529300216354, '_a2_': -2.789990185410533, '_a5_': 2.888220938558111, '_a6_': 2.2642846770848344, '_a1_': 1.0, '_a3_': 1.0, '_a4_': 1.0, '_a7_': 1.0}};{'d0': 0.02490583292289683};-276.475521878437;39.45123886812139
6183;-98.7865220710973;((pow2((_a6_ + (x * _a0_))) * (x / _a5_)) + (_a2_ * pow2(x)));{'d0': {'_a0_': 3.1229529300216354, '_a2_': -2.789990185410533, '_a5_': 2.888220938558111, '_a6_': 2.2642846770848344, '_a1_': 1.0, '_a3_': 1.0, '_a4_': 1.0, '_a7_': 1.0}};{'d0': 0.02490583292289683};-276.475521878437;39.45123886812139
6184;-98.7865220710973;((pow2((_a6_ + (x * _a0_))) * (x / _a5_)) + (_a2_ * pow2(x)));{'d0': {'_a0_': 3.1229529300216354, '_a2_': -2.789990185410533, '_a5_': 2.888220938558111, '_a6_': 2.2642846770848344, '_a1_': 1.0, '_a3_': 1.0, '_a4_': 1.0, '_a7_': 1.0}};{'d0': 0.02490583292289683};-276.475521878437;39.45123886812139
6185;-92.8659210253084;((pow2((_a6_ + (x * (_a6_ + _a1_)))) * (x / _a5_)) + (_a2_ * pow2(x)));{'d0': {'_a1_': 0.9835657255669839, '_a2_': -2.7899901858364884, '_a5_': 3.789539655789878, '_a6_': 2.59363589789172, '_a0_': 1.0, '_a3_': 1.0, '_a4_': 1.0, '_a7_': 1.0}};{'d0': 0.024905832920206095};-276.475521884920;45.37183991715139
6186;-92.8659210253084;((pow2((_a6_ + (x * (_a6_ + _a1_)))) * (x / _a5_)) + (_a2_ * pow2(x)));{'d0': {'_a1_': 0.9835657255669839, '_a2_': -2.7899901858364884, '_a5_': 3.789539655789878, '_a6_': 2.59363589789172, '_a0_': 1.0, '_a3_': 1.0, '_a4_': 1.0, '_a7_': 1.0}};{'d0': 0.024905832920206095};-276.475521884920;45.37183991715139
6187;-92.8659210253084;((pow2((_a6_ + (x * (_a6_ + _a1_)))) * (x / _a5_)) + (_a2_ * pow2(x)));{'d0': {'_a1_': 0.9835657255669839, '_a2_': -2.7899901858364884, '_a5_': 3.789539655789878, '_a6_': 2.59363589789172, '_a0_': 1.0, '_a3_': 1.0, '_a4_': 1.0, '_a7_': 1.0}};{'d0': 0.024905832920206095};-276.475521884920;45.37183991715139
6188;-92.8659210253084;((pow2((_a6_ + (x * (_a6_ + _a1_)))) * (x / _a5_)) + (_a2_ * pow2(x)));{'d0': {'_a1_': 0.9835657255669839, '_a2_': -2.7899901858364884, '_a5_': 3.789539655789878, '_a6_': 2.59363589789172, '_a0_': 1.0, '_a3_': 1.0, '_a4_': 1.0, '_a7_': 1.0}};{'d0': 0.024905832920206095};-276.475521884920;45.37183991715139
6189;-92.8659210253084;((pow2((_a6_ + (x * (_a6_ + _a1_)))) * (x / _a5_)) + (_a2_ * pow2(x)));{'d0': {'_a1_': 0.9835657255669839, '_a2_': -2.7899901858364884, '_a5_': 3.789539655789878, '_a6_': 2.59363589789172, '_a0_': 1.0, '_a3_': 1.0, '_a4_': 1.0, '_a7_': 1.0}};{'d0': 0.024905832920206095};-276.475521884920;45.37183991715139
6190;-95.1065749026697;((pow2((_a6_ + (x * -(_a1_)))) * (x / _a5_)) + (_a2_ * pow2(x)));{'d0': {'_a1_': 3.4488207495695122, '_a2_': 7.003238324324309, '_a5_': 3.5224179808189584, '_a6_': 2.500553849110391, '_a0_': 1.0, '_a3_': 1.0, '_a4_': 1.0, '_a7_': 1.0}};{'d0': 0.024905832929677203};-276.475521862103;43.131186028381784
6191;-95.1065749026697;((pow2((_a6_ + (x * -(_a1_)))) * (x / _a5_)) + (_a2_ * pow2(x)));{'d0': {'_a1_': 3.4488207495695122, '_a2_': 7.003238324324309, '_a5_': 3.5224179808189584, '_a6_': 2.500553849110391, '_a0_': 1.0, '_a3_': 1.0, '_a4_': 1.0, '_a7_': 1.0}};{'d0': 0.024905832929677203};-276.475521862103;43.131186028381784
6192;-95.1065749026697;((pow2((_a6_ + (x * -(_a1_)))) * (x / _a5_)) + (_a2_ * pow2(x)));{'d0': {'_a1_': 3.4488207495695122, '_a2_': 7.003238324324309, '_a5_': 3.5224179808189584, '_a6_': 2.500553849110391, '_a0_': 1.0, '_a3_': 1.0, '_a4_': 1.0, '_a7_': 1.0}};{'d0': 0.024905832929677203};-276.475521862103;43.131186028381784
6193;-95.1065749026697;((pow2((_a6_ + (x * -(_a1_)))) * (x / _a5_)) + (_a2_ * pow2(x)));{'d0': {'_a1_': 3.4488207495695122, '_a2_': 7.003238324324309, '_a5_': 3.5224179808189584, '_a6_': 2.500553849110391, '_a0_': 1.0, '_a3_': 1.0, '_a4_': 1.0, '_a7_': 1.0}};{'d0': 0.024905832929677203};-276.475521862103;43.131186028381784
6194;-95.1065749026697;((pow2((_a6_ + (x * -(_a1_)))) * (x / _a5_)) + (_a2_ * pow2(x)));{'d0': {'_a1_': 3.4488207495695122, '_a2_': 7.003238324324309, '_a5_': 3.5224179808189584, '_a6_': 2.500553849110391, '_a0_': 1.0, '_a3_': 1.0, '_a4_': 1.0, '_a7_': 1.0}};{'d0': 0.024905832929677203};-276.475521862103;43.131186028381784
6195;-95.1065749026697;((pow2((_a6_ + (x * -(_a1_)))) * (x / _a5_)) + (_a2_ * pow2(x)));{'d0': {'_a1_': 3.4488207495695122, '_a2_': 7.003238324324309, '_a5_': 3.5224179808189584, '_a6_': 2.500553849110391, '_a0_': 1.0, '_a3_': 1.0, '_a4_': 1.0, '_a7_': 1.0}};{'d0': 0.024905832929677203};-276.475521862103;43.131186028381784
6196;-90.1572349889214;((pow2((_a6_ + (x * -(_a1_)))) * (x / _a5_)) + ((_a3_ * _a3_) * pow2(x)));{'d0': {'_a1_': 3.9783872043256827, '_a3_': 2.6463632255925824, '_a5_': 4.687203185568901, '_a6_': 2.8845139161812514, '_a0_': 1.0, '_a2_': 1.0, '_a4_': 1.0, '_a7_': 1.0}};{'d0': 0.02490583291995673};-276.475521885520;48.08052595383879
6197;-90.1572349889214;((pow2((_a6_ + (x * -(_a1_)))) * (x / _a5_)) + ((_a3_ * _a3_) * pow2(x)));{'d0': {'_a1_': 3.9783872043256827, '_a3_': 2.6463632255925824, '_a5_': 4.687203185568901, '_a6_': 2.8845139161812514, '_a0_': 1.0, '_a2_': 1.0, '_a4_': 1.0, '_a7_': 1.0}};{'d0': 0.02490583291995673};-276.475521885520;48.08052595383879
6198;-90.1572349889214;((pow2((_a6_ + (x * -(_a1_)))) * (x / _a5_)) + ((_a3_ * _a3_) * pow2(x)));{'d0': {'_a1_': 3.9783872043256827, '_a3_': 2.6463632255925824, '_a5_': 4.687203185568901, '_a6_': 2.8845139161812514, '_a0_': 1.0, '_a2_': 1.0, '_a4_': 1.0, '_a7_': 1.0}};{'d0': 0.02490583291995673};-276.475521885520;48.08052595383879
6199;-90.1572349889214;((pow2((_a6_ + (x * -(_a1_)))) * (x / _a5_)) + ((_a3_ * _a3_) * pow2(x)));{'d0': {'_a1_': 3.9783872043256827, '_a3_': 2.6463632255925824, '_a5_': 4.687203185568901, '_a6_': 2.8845139161812514, '_a0_': 1.0, '_a2_': 1.0, '_a4_': 1.0, '_a7_': 1.0}};{'d0': 0.02490583291995673};-276.475521885520;48.08052595383879
6200;-90.1572349889214;((pow2((_a6_ + (x * -(_a1_)))) * (x / _a5_)) + ((_a3_ * _a3_) * pow2(x)));{'d0': {'_a1_': 3.9783872043256827, '_a3_': 2.6463632255925824, '_a5_': 4.687203185568901, '_a6_': 2.8845139161812514, '_a0_': 1.0, '_a2_': 1.0, '_a4_': 1.0, '_a7_': 1.0}};{'d0': 0.02490583291995673};-276.475521885520;48.08052595383879
6201;-90.1572349889214;((pow2((_a6_ + (x * -(_a1_)))) * (x / _a5_)) + ((_a3_ * _a3_) * pow2(x)));{'d0': {'_a1_': 3.9783872043256827, '_a3_': 2.6463632255925824, '_a5_': 4.687203185568901, '_a6_': 2.8845139161812514, '_a0_': 1.0, '_a2_': 1.0, '_a4_': 1.0, '_a7_': 1.0}};{'d0': 0.02490583291995673};-276.475521885520;48.08052595383879
6202;-90.1572349889214;((pow2((_a6_ + (x * -(_a1_)))) * (x / _a5_)) + ((_a3_ * _a3_) * pow2(x)));{'d0': {'_a1_': 3.9783872043256827, '_a3_': 2.6463632255925824, '_a5_': 4.687203185568901, '_a6_': 2.8845139161812514, '_a0_': 1.0, '_a2_': 1.0, '_a4_': 1.0, '_a7_': 1.0}};{'d0': 0.02490583291995673};-276.475521885520;48.08052595383879
6203;-94.4422360353602;((((cos(((_a5_ * _a5_) + x)) + _a6_) ** _a4_) * x) * (_a4_ / _a2_));{'d0': {'_a2_': 0.18618530806715083, '_a4_': 1.3079650901906976, '_a5_': 1.8579558060851706, '_a6_': 1.300511142747915, '_a0_': 1.0, '_a1_': 1.0, '_a3_': 1.0, '_a7_': 1.0}};{'d0': 0.024087071831748512};-278.481128193863;44.79832806157138
6204;-94.4422360353602;((((cos(((_a5_ * _a5_) + x)) + _a6_) ** _a4_) * x) * (_a4_ / _a2_));{'d0': {'_a2_': 0.18618530806715083, '_a4_': 1.3079650901906976, '_a5_': 1.8579558060851706, '_a6_': 1.300511142747915, '_a0_': 1.0, '_a1_': 1.0, '_a3_': 1.0, '_a7_': 1.0}};{'d0': 0.024087071831748512};-278.481128193863;44.79832806157138
6205;-94.4422360353602;((((cos(((_a5_ * _a5_) + x)) + _a6_) ** _a4_) * x) * (_a4_ / _a2_));{'d0': {'_a2_': 0.18618530806715083, '_a4_': 1.3079650901906976, '_a5_': 1.8579558060851706, '_a6_': 1.300511142747915, '_a0_': 1.0, '_a1_': 1.0, '_a3_': 1.0, '_a7_': 1.0}};{'d0': 0.024087071831748512};-278.481128193863;44.79832806157138
6206;-94.4422360353602;((((cos(((_a5_ * _a5_) + x)) + _a6_) ** _a4_) * x) * (_a4_ / _a2_));{'d0': {'_a2_': 0.18618530806715083, '_a4_': 1.3079650901906976, '_a5_': 1.8579558060851706, '_a6_': 1.300511142747915, '_a0_': 1.0, '_a1_': 1.0, '_a3_': 1.0, '_a7_': 1.0}};{'d0': 0.024087071831748512};-278.481128193863;44.79832806157138
6207;-94.4422360353602;((((cos(((_a5_ * _a5_) + x)) + _a6_) ** _a4_) * x) * (_a4_ / _a2_));{'d0': {'_a2_': 0.18618530806715083, '_a4_': 1.3079650901906976, '_a5_': 1.8579558060851706, '_a6_': 1.300511142747915, '_a0_': 1.0, '_a1_': 1.0, '_a3_': 1.0, '_a7_': 1.0}};{'d0': 0.024087071831748512};-278.481128193863;44.79832806157138
6208;-94.4422360353602;((((cos(((_a5_ * _a5_) + x)) + _a6_) ** _a4_) * x) * (_a4_ / _a2_));{'d0': {'_a2_': 0.18618530806715083, '_a4_': 1.3079650901906976, '_a5_': 1.8579558060851706, '_a6_': 1.300511142747915, '_a0_': 1.0, '_a1_': 1.0, '_a3_': 1.0, '_a7_': 1.0}};{'d0': 0.024087071831748512};-278.481128193863;44.79832806157138
6209;-94.4422360353602;((((cos(((_a5_ * _a5_) + x)) + _a6_) ** _a4_) * x) * (_a4_ / _a2_));{'d0': {'_a2_': 0.18618530806715083, '_a4_': 1.3079650901906976, '_a5_': 1.8579558060851706, '_a6_': 1.300511142747915, '_a0_': 1.0, '_a1_': 1.0, '_a3_': 1.0, '_a7_': 1.0}};{'d0': 0.024087071831748512};-278.481128193863;44.79832806157138
6210;-94.4422360353602;((((cos(((_a5_ * _a5_) + x)) + _a6_) ** _a4_) * x) * (_a4_ / _a2_));{'d0': {'_a2_': 0.18618530806715083, '_a4_': 1.3079650901906976, '_a5_': 1.8579558060851706, '_a6_': 1.300511142747915, '_a0_': 1.0, '_a1_': 1.0, '_a3_': 1.0, '_a7_': 1.0}};{'d0': 0.024087071831748512};-278.481128193863;44.79832806157138
6211;-94.4422360353602;((((cos(((_a5_ * _a5_) + x)) + _a6_) ** _a4_) * x) * (_a4_ / _a2_));{'d0': {'_a2_': 0.18618530806715083, '_a4_': 1.3079650901906976, '_a5_': 1.8579558060851706, '_a6_': 1.300511142747915, '_a0_': 1.0, '_a1_': 1.0, '_a3_': 1.0, '_a7_': 1.0}};{'d0': 0.024087071831748512};-278.481128193863;44.79832806157138
6212;-94.4422360353602;((((cos(((_a5_ * _a5_) + x)) + _a6_) ** _a4_) * x) * (_a4_ / _a2_));{'d0': {'_a2_': 0.18618530806715083, '_a4_': 1.3079650901906976, '_a5_': 1.8579558060851706, '_a6_': 1.300511142747915, '_a0_': 1.0, '_a1_': 1.0, '_a3_': 1.0, '_a7_': 1.0}};{'d0': 0.024087071831748512};-278.481128193863;44.79832806157138
6213;-94.4422360353602;((((cos(((_a5_ * _a5_) + x)) + _a6_) ** _a4_) * x) * (_a4_ / _a2_));{'d0': {'_a2_': 0.18618530806715083, '_a4_': 1.3079650901906976, '_a5_': 1.8579558060851706, '_a6_': 1.300511142747915, '_a0_': 1.0, '_a1_': 1.0, '_a3_': 1.0, '_a7_': 1.0}};{'d0': 0.024087071831748512};-278.481128193863;44.79832806157138
6214;-94.4422360353602;((((cos(((_a5_ * _a5_) + x)) + _a6_) ** _a4_) * x) * (_a4_ / _a2_));{'d0': {'_a2_': 0.18618530806715083, '_a4_': 1.3079650901906976, '_a5_': 1.8579558060851706, '_a6_': 1.300511142747915, '_a0_': 1.0, '_a1_': 1.0, '_a3_': 1.0, '_a7_': 1.0}};{'d0': 0.024087071831748512};-278.481128193863;44.79832806157138
6215;-94.4422360353602;((((cos(((_a5_ * _a5_) + x)) + _a6_) ** _a4_) * x) * (_a4_ / _a2_));{'d0': {'_a2_': 0.18618530806715083, '_a4_': 1.3079650901906976, '_a5_': 1.8579558060851706, '_a6_': 1.300511142747915, '_a0_': 1.0, '_a1_': 1.0, '_a3_': 1.0, '_a7_': 1.0}};{'d0': 0.024087071831748512};-278.481128193863;44.79832806157138
6216;-94.4422360353602;((((cos(((_a5_ * _a5_) + x)) + _a6_) ** _a4_) * x) * (_a4_ / _a2_));{'d0': {'_a2_': 0.18618530806715083, '_a4_': 1.3079650901906976, '_a5_': 1.8579558060851706, '_a6_': 1.300511142747915, '_a0_': 1.0, '_a1_': 1.0, '_a3_': 1.0, '_a7_': 1.0}};{'d0': 0.024087071831748512};-278.481128193863;44.79832806157138
6217;-94.4422360353602;((((cos(((_a5_ * _a5_) + x)) + _a6_) ** _a4_) * x) * (_a4_ / _a2_));{'d0': {'_a2_': 0.18618530806715083, '_a4_': 1.3079650901906976, '_a5_': 1.8579558060851706, '_a6_': 1.300511142747915, '_a0_': 1.0, '_a1_': 1.0, '_a3_': 1.0, '_a7_': 1.0}};{'d0': 0.024087071831748512};-278.481128193863;44.79832806157138
6218;-94.4422360353602;((((cos(((_a5_ * _a5_) + x)) + _a6_) ** _a4_) * x) * (_a4_ / _a2_));{'d0': {'_a2_': 0.18618530806715083, '_a4_': 1.3079650901906976, '_a5_': 1.8579558060851706, '_a6_': 1.300511142747915, '_a0_': 1.0, '_a1_': 1.0, '_a3_': 1.0, '_a7_': 1.0}};{'d0': 0.024087071831748512};-278.481128193863;44.79832806157138
6219;-94.4422360353602;((((cos(((_a5_ * _a5_) + x)) + _a6_) ** _a4_) * x) * (_a4_ / _a2_));{'d0': {'_a2_': 0.18618530806715083, '_a4_': 1.3079650901906976, '_a5_': 1.8579558060851706, '_a6_': 1.300511142747915, '_a0_': 1.0, '_a1_': 1.0, '_a3_': 1.0, '_a7_': 1.0}};{'d0': 0.024087071831748512};-278.481128193863;44.79832806157138
6220;-94.4422360353602;((((cos(((_a5_ * _a5_) + x)) + _a6_) ** _a4_) * x) * (_a4_ / _a2_));{'d0': {'_a2_': 0.18618530806715083, '_a4_': 1.3079650901906976, '_a5_': 1.8579558060851706, '_a6_': 1.300511142747915, '_a0_': 1.0, '_a1_': 1.0, '_a3_': 1.0, '_a7_': 1.0}};{'d0': 0.024087071831748512};-278.481128193863;44.79832806157138
6221;-94.4422360353602;((((cos(((_a5_ * _a5_) + x)) + _a6_) ** _a4_) * x) * (_a4_ / _a2_));{'d0': {'_a2_': 0.18618530806715083, '_a4_': 1.3079650901906976, '_a5_': 1.8579558060851706, '_a6_': 1.300511142747915, '_a0_': 1.0, '_a1_': 1.0, '_a3_': 1.0, '_a7_': 1.0}};{'d0': 0.024087071831748512};-278.481128193863;44.79832806157138
6222;-94.4422360353602;((((cos(((_a5_ * _a5_) + x)) + _a6_) ** _a4_) * x) * (_a4_ / _a2_));{'d0': {'_a2_': 0.18618530806715083, '_a4_': 1.3079650901906976, '_a5_': 1.8579558060851706, '_a6_': 1.300511142747915, '_a0_': 1.0, '_a1_': 1.0, '_a3_': 1.0, '_a7_': 1.0}};{'d0': 0.024087071831748512};-278.481128193863;44.79832806157138
6223;-89.2693521051355;((pow2((_a6_ + (x / -(_a1_)))) * (x / _a5_)) + ((_a5_ * _a3_) * pow2(x)));{'d0': {'_a1_': 0.3772608001519601, '_a3_': 3.365755565408408, '_a5_': 2.0807328239301195, '_a6_': 1.92186954086942, '_a0_': 1.0, '_a2_': 1.0, '_a4_': 1.0, '_a7_': 1.0}};{'d0': 0.024905832920866417};-276.475521883329;48.96840883652899
6224;-89.2693521051355;((pow2((_a6_ + (x / -(_a1_)))) * (x / _a5_)) + ((_a5_ * _a3_) * pow2(x)));{'d0': {'_a1_': 0.3772608001519601, '_a3_': 3.365755565408408, '_a5_': 2.0807328239301195, '_a6_': 1.92186954086942, '_a0_': 1.0, '_a2_': 1.0, '_a4_': 1.0, '_a7_': 1.0}};{'d0': 0.024905832920866417};-276.475521883329;48.96840883652899
6225;-89.2693521051355;((pow2((_a6_ + (x / -(_a1_)))) * (x / _a5_)) + ((_a5_ * _a3_) * pow2(x)));{'d0': {'_a1_': 0.3772608001519601, '_a3_': 3.365755565408408, '_a5_': 2.0807328239301195, '_a6_': 1.92186954086942, '_a0_': 1.0, '_a2_': 1.0, '_a4_': 1.0, '_a7_': 1.0}};{'d0': 0.024905832920866417};-276.475521883329;48.96840883652899
6226;-89.2693521051355;((pow2((_a6_ + (x / -(_a1_)))) * (x / _a5_)) + ((_a5_ * _a3_) * pow2(x)));{'d0': {'_a1_': 0.3772608001519601, '_a3_': 3.365755565408408, '_a5_': 2.0807328239301195, '_a6_': 1.92186954086942, '_a0_': 1.0, '_a2_': 1.0, '_a4_': 1.0, '_a7_': 1.0}};{'d0': 0.024905832920866417};-276.475521883329;48.96840883652899
6227;-89.2693521051355;((pow2((_a6_ + (x / -(_a1_)))) * (x / _a5_)) + ((_a5_ * _a3_) * pow2(x)));{'d0': {'_a1_': 0.3772608001519601, '_a3_': 3.365755565408408, '_a5_': 2.0807328239301195, '_a6_': 1.92186954086942, '_a0_': 1.0, '_a2_': 1.0, '_a4_': 1.0, '_a7_': 1.0}};{'d0': 0.024905832920866417};-276.475521883329;48.96840883652899
6228;-89.2693521051355;((pow2((_a6_ + (x / -(_a1_)))) * (x / _a5_)) + ((_a5_ * _a3_) * pow2(x)));{'d0': {'_a1_': 0.3772608001519601, '_a3_': 3.365755565408408, '_a5_': 2.0807328239301195, '_a6_': 1.92186954086942, '_a0_': 1.0, '_a2_': 1.0, '_a4_': 1.0, '_a7_': 1.0}};{'d0': 0.024905832920866417};-276.475521883329;48.96840883652899
6229;-89.2693521051355;((pow2((_a6_ + (x / -(_a1_)))) * (x / _a5_)) + ((_a5_ * _a3_) * pow2(x)));{'d0': {'_a1_': 0.3772608001519601, '_a3_': 3.365755565408408, '_a5_': 2.0807328239301195, '_a6_': 1.92186954086942, '_a0_': 1.0, '_a2_': 1.0, '_a4_': 1.0, '_a7_': 1.0}};{'d0': 0.024905832920866417};-276.475521883329;48.96840883652899
6230;-89.2693521051355;((pow2((_a6_ + (x / -(_a1_)))) * (x / _a5_)) + ((_a5_ * _a3_) * pow2(x)));{'d0': {'_a1_': 0.3772608001519601, '_a3_': 3.365755565408408, '_a5_': 2.0807328239301195, '_a6_': 1.92186954086942, '_a0_': 1.0, '_a2_': 1.0, '_a4_': 1.0, '_a7_': 1.0}};{'d0': 0.024905832920866417};-276.475521883329;48.96840883652899
6231;-89.2693521051355;((pow2((_a6_ + (x / -(_a1_)))) * (x / _a5_)) + ((_a5_ * _a3_) * pow2(x)));{'d0': {'_a1_': 0.3772608001519601, '_a3_': 3.365755565408408, '_a5_': 2.0807328239301195, '_a6_': 1.92186954086942, '_a0_': 1.0, '_a2_': 1.0, '_a4_': 1.0, '_a7_': 1.0}};{'d0': 0.024905832920866417};-276.475521883329;48.96840883652899
6232;-89.2693521051355;((pow2((_a6_ + (x / -(_a1_)))) * (x / _a5_)) + ((_a5_ * _a3_) * pow2(x)));{'d0': {'_a1_': 0.3772608001519601, '_a3_': 3.365755565408408, '_a5_': 2.0807328239301195, '_a6_': 1.92186954086942, '_a0_': 1.0, '_a2_': 1.0, '_a4_': 1.0, '_a7_': 1.0}};{'d0': 0.024905832920866417};-276.475521883329;48.96840883652899
6233;-89.2693521051355;((pow2((_a6_ + (x / -(_a1_)))) * (x / _a5_)) + ((_a5_ * _a3_) * pow2(x)));{'d0': {'_a1_': 0.3772608001519601, '_a3_': 3.365755565408408, '_a5_': 2.0807328239301195, '_a6_': 1.92186954086942, '_a0_': 1.0, '_a2_': 1.0, '_a4_': 1.0, '_a7_': 1.0}};{'d0': 0.024905832920866417};-276.475521883329;48.96840883652899
6234;-89.2693521051355;((pow2((_a6_ + (x / -(_a1_)))) * (x / _a5_)) + ((_a5_ * _a3_) * pow2(x)));{'d0': {'_a1_': 0.3772608001519601, '_a3_': 3.365755565408408, '_a5_': 2.0807328239301195, '_a6_': 1.92186954086942, '_a0_': 1.0, '_a2_': 1.0, '_a4_': 1.0, '_a7_': 1.0}};{'d0': 0.024905832920866417};-276.475521883329;48.96840883652899
6235;-91.3165243879929;((pow2((_a3_ + (x / -(_a1_)))) * (x / _a5_)) + ((_a5_ * _a3_) * pow2(x)));{'d0': {'_a1_': 0.31298399183045383, '_a3_': 2.3165595241734076, '_a5_': 3.023120385613573, '_a0_': 1.0, '_a2_': 1.0, '_a4_': 1.0, '_a6_': 1.0, '_a7_': 1.0}};{'d0': 0.02490583291941659};-280.569866449044;48.96840883652899
6236;-91.3165243879929;((pow2((_a3_ + (x / -(_a1_)))) * (x / _a5_)) + ((_a5_ * _a3_) * pow2(x)));{'d0': {'_a1_': 0.31298399183045383, '_a3_': 2.3165595241734076, '_a5_': 3.023120385613573, '_a0_': 1.0, '_a2_': 1.0, '_a4_': 1.0, '_a6_': 1.0, '_a7_': 1.0}};{'d0': 0.02490583291941659};-280.569866449044;48.96840883652899
6237;-91.3165243879929;((pow2((_a3_ + (x / -(_a1_)))) * (x / _a5_)) + ((_a5_ * _a3_) * pow2(x)));{'d0': {'_a1_': 0.31298399183045383, '_a3_': 2.3165595241734076, '_a5_': 3.023120385613573, '_a0_': 1.0, '_a2_': 1.0, '_a4_': 1.0, '_a6_': 1.0, '_a7_': 1.0}};{'d0': 0.02490583291941659};-280.569866449044;48.96840883652899
6238;-91.3165243879929;((pow2((_a3_ + (x / -(_a1_)))) * (x / _a5_)) + ((_a5_ * _a3_) * pow2(x)));{'d0': {'_a1_': 0.31298399183045383, '_a3_': 2.3165595241734076, '_a5_': 3.023120385613573, '_a0_': 1.0, '_a2_': 1.0, '_a4_': 1.0, '_a6_': 1.0, '_a7_': 1.0}};{'d0': 0.02490583291941659};-280.569866449044;48.96840883652899
6239;-91.3165243879927;((pow2((_a5_ + (x / -(_a1_)))) * (x / _a5_)) + ((_a5_ * _a3_) * pow2(x)));{'d0': {'_a1_': 0.4084454885576534, '_a3_': 3.945185420185479, '_a5_': 1.7751354043462786, '_a0_': 1.0, '_a2_': 1.0, '_a4_': 1.0, '_a6_': 1.0, '_a7_': 1.0}};{'d0': 0.02490583291941676};-280.569866449043;48.96840883652899
6240;-91.3165243879927;((pow2((_a5_ + (x / -(_a1_)))) * (x / _a5_)) + ((_a5_ * _a3_) * pow2(x)));{'d0': {'_a1_': 0.4084454885576534, '_a3_': 3.945185420185479, '_a5_': 1.7751354043462786, '_a0_': 1.0, '_a2_': 1.0, '_a4_': 1.0, '_a6_': 1.0, '_a7_': 1.0}};{'d0': 0.02490583291941676};-280.569866449043;48.96840883652899
6241;-91.3165243879927;((pow2((_a5_ + (x / -(_a1_)))) * (x / _a5_)) + ((_a5_ * _a3_) * pow2(x)));{'d0': {'_a1_': 0.4084454885576534, '_a3_': 3.945185420185479, '_a5_': 1.7751354043462786, '_a0_': 1.0, '_a2_': 1.0, '_a4_': 1.0, '_a6_': 1.0, '_a7_': 1.0}};{'d0': 0.02490583291941676};-280.569866449043;48.96840883652899
6242;-91.3165243879927;((pow2((_a5_ + (x / -(_a1_)))) * (x / _a5_)) + ((_a5_ * _a3_) * pow2(x)));{'d0': {'_a1_': 0.4084454885576534, '_a3_': 3.945185420185479, '_a5_': 1.7751354043462786, '_a0_': 1.0, '_a2_': 1.0, '_a4_': 1.0, '_a6_': 1.0, '_a7_': 1.0}};{'d0': 0.02490583291941676};-280.569866449043;48.96840883652899
6243;-91.3165243879927;((pow2((_a5_ + (x / -(_a1_)))) * (x / _a5_)) + ((_a5_ * _a3_) * pow2(x)));{'d0': {'_a1_': 0.4084454885576534, '_a3_': 3.945185420185479, '_a5_': 1.7751354043462786, '_a0_': 1.0, '_a2_': 1.0, '_a4_': 1.0, '_a6_': 1.0, '_a7_': 1.0}};{'d0': 0.02490583291941676};-280.569866449043;48.96840883652899
6244;-96.1935070271273;((pow2((_a5_ + (x / -(_a1_)))) * (x / _a5_)) + (_a0_ * pow2(x)));{'d0': {'_a0_': 7.003238323372748, '_a1_': 0.40844548826001786, '_a5_': 1.7751354049816046, '_a2_': 1.0, '_a3_': 1.0, '_a4_': 1.0, '_a6_': 1.0, '_a7_': 1.0}};{'d0': 0.024905832919417094};-280.569866449042;44.091426197393986
6245;-96.1935070271273;((pow2((_a5_ + (x / -(_a1_)))) * (x / _a5_)) + (_a0_ * pow2(x)));{'d0': {'_a0_': 7.003238323372748, '_a1_': 0.40844548826001786, '_a5_': 1.7751354049816046, '_a2_': 1.0, '_a3_': 1.0, '_a4_': 1.0, '_a6_': 1.0, '_a7_': 1.0}};{'d0': 0.024905832919417094};-280.569866449042;44.091426197393986
6246;-96.1935070271273;((pow2((_a5_ + (x / -(_a1_)))) * (x / _a5_)) + (_a0_ * pow2(x)));{'d0': {'_a0_': 7.003238323372748, '_a1_': 0.40844548826001786, '_a5_': 1.7751354049816046, '_a2_': 1.0, '_a3_': 1.0, '_a4_': 1.0, '_a6_': 1.0, '_a7_': 1.0}};{'d0': 0.024905832919417094};-280.569866449042;44.091426197393986
6247;-96.1935070271273;((pow2((_a5_ + (x / -(_a1_)))) * (x / _a5_)) + (_a0_ * pow2(x)));{'d0': {'_a0_': 7.003238323372748, '_a1_': 0.40844548826001786, '_a5_': 1.7751354049816046, '_a2_': 1.0, '_a3_': 1.0, '_a4_': 1.0, '_a6_': 1.0, '_a7_': 1.0}};{'d0': 0.024905832919417094};-280.569866449042;44.091426197393986
6248;-96.1935070271273;((pow2((_a5_ + (x / -(_a1_)))) * (x / _a5_)) + (_a0_ * pow2(x)));{'d0': {'_a0_': 7.003238323372748, '_a1_': 0.40844548826001786, '_a5_': 1.7751354049816046, '_a2_': 1.0, '_a3_': 1.0, '_a4_': 1.0, '_a6_': 1.0, '_a7_': 1.0}};{'d0': 0.024905832919417094};-280.569866449042;44.091426197393986
6249;-94.9026647912526;((((cos(((_a5_ * _a5_) + x)) + _a6_) ** _a4_) * x) * sqrt(_a7_));{'d0': {'_a4_': 1.307964468987439, '_a5_': 1.8579558073413514, '_a6_': 1.300510945138386, '_a7_': 49.35163775105178, '_a0_': 1.0, '_a1_': 1.0, '_a2_': 1.0, '_a3_': 1.0}};{'d0': 0.024087071831740463};-278.481128193883;44.337899305688985
6250;-94.9026647912526;((((cos(((_a5_ * _a5_) + x)) + _a6_) ** _a4_) * x) * sqrt(_a7_));{'d0': {'_a4_': 1.307964468987439, '_a5_': 1.8579558073413514, '_a6_': 1.300510945138386, '_a7_': 49.35163775105178, '_a0_': 1.0, '_a1_': 1.0, '_a2_': 1.0, '_a3_': 1.0}};{'d0': 0.024087071831740463};-278.481128193883;44.337899305688985
6251;-94.9026647912526;((((cos(((_a5_ * _a5_) + x)) + _a6_) ** _a4_) * x) * sqrt(_a7_));{'d0': {'_a4_': 1.307964468987439, '_a5_': 1.8579558073413514, '_a6_': 1.300510945138386, '_a7_': 49.35163775105178, '_a0_': 1.0, '_a1_': 1.0, '_a2_': 1.0, '_a3_': 1.0}};{'d0': 0.024087071831740463};-278.481128193883;44.337899305688985
6252;-94.9026647912526;((((cos(((_a5_ * _a5_) + x)) + _a6_) ** _a4_) * x) * sqrt(_a7_));{'d0': {'_a4_': 1.307964468987439, '_a5_': 1.8579558073413514, '_a6_': 1.300510945138386, '_a7_': 49.35163775105178, '_a0_': 1.0, '_a1_': 1.0, '_a2_': 1.0, '_a3_': 1.0}};{'d0': 0.024087071831740463};-278.481128193883;44.337899305688985
6253;-94.8764596671128;((((cos(((_a5_ * _a5_) + x)) + _a6_) ** _a4_) * x) * exp(_a7_));{'d0': {'_a4_': 1.3079643601007245, '_a5_': 1.857955807564237, '_a6_': 1.3005109105556505, '_a7_': 1.949485491755827, '_a0_': 1.0, '_a1_': 1.0, '_a2_': 1.0, '_a3_': 1.0}};{'d0': 0.024087071831740307};-278.481128193884;44.364104429828984
6254;-94.8764596671128;((((cos(((_a5_ * _a5_) + x)) + _a6_) ** _a4_) * x) * exp(_a7_));{'d0': {'_a4_': 1.3079643601007245, '_a5_': 1.857955807564237, '_a6_': 1.3005109105556505, '_a7_': 1.949485491755827, '_a0_': 1.0, '_a1_': 1.0, '_a2_': 1.0, '_a3_': 1.0}};{'d0': 0.024087071831740307};-278.481128193884;44.364104429828984
6255;-94.8764596671128;((((cos(((_a5_ * _a5_) + x)) + _a6_) ** _a4_) * x) * exp(_a7_));{'d0': {'_a4_': 1.3079643601007245, '_a5_': 1.857955807564237, '_a6_': 1.3005109105556505, '_a7_': 1.949485491755827, '_a0_': 1.0, '_a1_': 1.0, '_a2_': 1.0, '_a3_': 1.0}};{'d0': 0.024087071831740307};-278.481128193884;44.364104429828984
6256;-94.8764596671128;((((cos(((_a5_ * _a5_) + x)) + _a6_) ** _a4_) * x) * exp(_a7_));{'d0': {'_a4_': 1.3079643601007245, '_a5_': 1.857955807564237, '_a6_': 1.3005109105556505, '_a7_': 1.949485491755827, '_a0_': 1.0, '_a1_': 1.0, '_a2_': 1.0, '_a3_': 1.0}};{'d0': 0.024087071831740307};-278.481128193884;44.364104429828984
6257;-94.8764596671121;((((cos(((_a5_ * _a4_) + x)) + _a6_) ** _a4_) * x) * exp(_a7_));{'d0': {'_a4_': 1.3079645746575574, '_a5_': 2.639215043055942, '_a6_': 1.3005109788177174, '_a7_': 1.949485460125634, '_a0_': 1.0, '_a1_': 1.0, '_a2_': 1.0, '_a3_': 1.0}};{'d0': 0.024087071831740872};-278.481128193882;44.364104429828984
6258;-94.8764596671121;((((cos(((_a5_ * _a4_) + x)) + _a6_) ** _a4_) * x) * exp(_a7_));{'d0': {'_a4_': 1.3079645746575574, '_a5_': 2.639215043055942, '_a6_': 1.3005109788177174, '_a7_': 1.949485460125634, '_a0_': 1.0, '_a1_': 1.0, '_a2_': 1.0, '_a3_': 1.0}};{'d0': 0.024087071831740872};-278.481128193882;44.364104429828984
6259;-94.8764596671121;((((cos(((_a5_ * _a4_) + x)) + _a6_) ** _a4_) * x) * exp(_a7_));{'d0': {'_a4_': 1.3079645746575574, '_a5_': 2.639215043055942, '_a6_': 1.3005109788177174, '_a7_': 1.949485460125634, '_a0_': 1.0, '_a1_': 1.0, '_a2_': 1.0, '_a3_': 1.0}};{'d0': 0.024087071831740872};-278.481128193882;44.364104429828984
6260;-94.8764596671121;((((cos(((_a5_ * _a4_) + x)) + _a6_) ** _a4_) * x) * exp(_a7_));{'d0': {'_a4_': 1.3079645746575574, '_a5_': 2.639215043055942, '_a6_': 1.3005109788177174, '_a7_': 1.949485460125634, '_a0_': 1.0, '_a1_': 1.0, '_a2_': 1.0, '_a3_': 1.0}};{'d0': 0.024087071831740872};-278.481128193882;44.364104429828984
6261;-94.8764596671121;((((cos(((_a5_ * _a4_) + x)) + _a6_) ** _a4_) * x) * exp(_a7_));{'d0': {'_a4_': 1.3079645746575574, '_a5_': 2.639215043055942, '_a6_': 1.3005109788177174, '_a7_': 1.949485460125634, '_a0_': 1.0, '_a1_': 1.0, '_a2_': 1.0, '_a3_': 1.0}};{'d0': 0.024087071831740872};-278.481128193882;44.364104429828984
6262;-94.8764596671121;((((cos(((_a5_ * _a4_) + x)) + _a6_) ** _a4_) * x) * exp(_a7_));{'d0': {'_a4_': 1.3079645746575574, '_a5_': 2.639215043055942, '_a6_': 1.3005109788177174, '_a7_': 1.949485460125634, '_a0_': 1.0, '_a1_': 1.0, '_a2_': 1.0, '_a3_': 1.0}};{'d0': 0.024087071831740872};-278.481128193882;44.364104429828984
6263;-100.242527801773;((((cos(((_a5_ * _a4_) + x)) + _a6_) ** _a4_) * x) * _a0_);{'d0': {'_a0_': 7.025072080435709, '_a4_': 1.3079644707143483, '_a5_': 2.6392152534065247, '_a6_': 1.3005109456599764, '_a1_': 1.0, '_a2_': 1.0, '_a3_': 1.0, '_a7_': 1.0}};{'d0': 0.024087071831740522};-278.481128193883;38.99803629516899
6264;-100.242527801773;((((cos(((_a5_ * _a4_) + x)) + _a6_) ** _a4_) * x) * _a0_);{'d0': {'_a0_': 7.025072080435709, '_a4_': 1.3079644707143483, '_a5_': 2.6392152534065247, '_a6_': 1.3005109456599764, '_a1_': 1.0, '_a2_': 1.0, '_a3_': 1.0, '_a7_': 1.0}};{'d0': 0.024087071831740522};-278.481128193883;38.99803629516899
6265;-100.242527801773;((((cos(((_a5_ * _a4_) + x)) + _a6_) ** _a4_) * x) * _a0_);{'d0': {'_a0_': 7.025072080435709, '_a4_': 1.3079644707143483, '_a5_': 2.6392152534065247, '_a6_': 1.3005109456599764, '_a1_': 1.0, '_a2_': 1.0, '_a3_': 1.0, '_a7_': 1.0}};{'d0': 0.024087071831740522};-278.481128193883;38.99803629516899
6266;-100.242527801773;((((cos(((_a5_ * _a4_) + x)) + _a6_) ** _a4_) * x) * _a0_);{'d0': {'_a0_': 7.025072080435709, '_a4_': 1.3079644707143483, '_a5_': 2.6392152534065247, '_a6_': 1.3005109456599764, '_a1_': 1.0, '_a2_': 1.0, '_a3_': 1.0, '_a7_': 1.0}};{'d0': 0.024087071831740522};-278.481128193883;38.99803629516899
6267;-100.242527801773;((((cos(((_a5_ * _a4_) + x)) + _a6_) ** _a4_) * x) * _a0_);{'d0': {'_a0_': 7.025072080435709, '_a4_': 1.3079644707143483, '_a5_': 2.6392152534065247, '_a6_': 1.3005109456599764, '_a1_': 1.0, '_a2_': 1.0, '_a3_': 1.0, '_a7_': 1.0}};{'d0': 0.024087071831740522};-278.481128193883;38.99803629516899
6268;-100.242527801773;((((cos(((_a5_ * _a4_) + x)) + _a6_) ** _a4_) * x) * _a0_);{'d0': {'_a0_': 7.025072080435709, '_a4_': 1.3079644707143483, '_a5_': 2.6392152534065247, '_a6_': 1.3005109456599764, '_a1_': 1.0, '_a2_': 1.0, '_a3_': 1.0, '_a7_': 1.0}};{'d0': 0.024087071831740522};-278.481128193883;38.99803629516899
6269;-100.242527801773;((((cos(((_a5_ * _a4_) + x)) + _a6_) ** _a4_) * x) * _a0_);{'d0': {'_a0_': 7.025072080435709, '_a4_': 1.3079644707143483, '_a5_': 2.6392152534065247, '_a6_': 1.3005109456599764, '_a1_': 1.0, '_a2_': 1.0, '_a3_': 1.0, '_a7_': 1.0}};{'d0': 0.024087071831740522};-278.481128193883;38.99803629516899
6270;-99.0178830186306;((((cos(((_a5_ * _a4_) + x)) + _a6_) * _a4_) * x) * _a0_);{'d0': {'_a0_': 6.460843544104662, '_a4_': 1.0926070054109103, '_a5_': 3.162390130435062, '_a6_': 1.2036987117746276, '_a1_': 1.0, '_a2_': 1.0, '_a3_': 1.0, '_a7_': 1.0}};{'d0': 0.026566128282056064};-272.603421786313;37.28382787452599
6271;-107.366306721923;(((((x + _a0_) * x) * _a2_) + (_a0_ ** _a4_)) * x);{'d0': {'_a0_': 0.6238594156431057, '_a2_': 3.3767608784463414, '_a4_': -1.2162779448631593, '_a1_': 1.0, '_a3_': 1.0, '_a5_': 1.0, '_a6_': 1.0, '_a7_': 1.0}};{'d0': 0.02490583291941667};-280.569866449043;32.918626502599
6272;-107.366306721923;(((((x + _a0_) * x) * _a2_) + (_a0_ ** _a4_)) * x);{'d0': {'_a0_': 0.6238594156431057, '_a2_': 3.3767608784463414, '_a4_': -1.2162779448631593, '_a1_': 1.0, '_a3_': 1.0, '_a5_': 1.0, '_a6_': 1.0, '_a7_': 1.0}};{'d0': 0.02490583291941667};-280.569866449043;32.918626502599
6273;-107.366306721923;(((((x + _a0_) * x) * _a2_) + (_a0_ ** _a4_)) * x);{'d0': {'_a0_': 0.6238594156431057, '_a2_': 3.3767608784463414, '_a4_': -1.2162779448631593, '_a1_': 1.0, '_a3_': 1.0, '_a5_': 1.0, '_a6_': 1.0, '_a7_': 1.0}};{'d0': 0.02490583291941667};-280.569866449043;32.918626502599
6274;-107.366306721923;(((((x + _a0_) * x) * _a2_) + (_a0_ ** _a4_)) * x);{'d0': {'_a0_': 0.6238594156431057, '_a2_': 3.3767608784463414, '_a4_': -1.2162779448631593, '_a1_': 1.0, '_a3_': 1.0, '_a5_': 1.0, '_a6_': 1.0, '_a7_': 1.0}};{'d0': 0.02490583291941667};-280.569866449043;32.918626502599
6275;-100.648327090670;((((cos((exp(_a0_) + x)) + _a6_) * _a4_) * x) * _a0_);{'d0': {'_a0_': 6.458427567233983, '_a4_': 1.0930157384501562, '_a6_': 1.2036987115320998, '_a1_': 1.0, '_a2_': 1.0, '_a3_': 1.0, '_a5_': 1.0, '_a7_': 1.0}};{'d0': 0.02656612828193987};-276.697766348798;37.70055608372899
6276;-100.648327090670;((((cos((exp(_a0_) + x)) + _a6_) * _a4_) * x) * _a0_);{'d0': {'_a0_': 6.458427567233983, '_a4_': 1.0930157384501562, '_a6_': 1.2036987115320998, '_a1_': 1.0, '_a2_': 1.0, '_a3_': 1.0, '_a5_': 1.0, '_a7_': 1.0}};{'d0': 0.02656612828193987};-276.697766348798;37.70055608372899
6277;-100.648327090670;((((cos((exp(_a0_) + x)) + _a6_) * _a4_) * x) * _a0_);{'d0': {'_a0_': 6.458427567233983, '_a4_': 1.0930157384501562, '_a6_': 1.2036987115320998, '_a1_': 1.0, '_a2_': 1.0, '_a3_': 1.0, '_a5_': 1.0, '_a7_': 1.0}};{'d0': 0.02656612828193987};-276.697766348798;37.70055608372899
6278;-100.648327090670;((((cos((exp(_a0_) + x)) + _a6_) * _a4_) * x) * _a0_);{'d0': {'_a0_': 6.458427567233983, '_a4_': 1.0930157384501562, '_a6_': 1.2036987115320998, '_a1_': 1.0, '_a2_': 1.0, '_a3_': 1.0, '_a5_': 1.0, '_a7_': 1.0}};{'d0': 0.02656612828193987};-276.697766348798;37.70055608372899
6279;-100.648327090670;((((cos((exp(_a0_) + x)) + _a6_) * _a4_) * x) * _a0_);{'d0': {'_a0_': 6.458427567233983, '_a4_': 1.0930157384501562, '_a6_': 1.2036987115320998, '_a1_': 1.0, '_a2_': 1.0, '_a3_': 1.0, '_a5_': 1.0, '_a7_': 1.0}};{'d0': 0.02656612828193987};-276.697766348798;37.70055608372899
6280;-92.9949456637507;(((((cos((exp(_a0_) + x)) + _a6_) * _a4_) * x) * _a0_) + _a3_);{'d0': {'_a0_': 6.4584296215800805, '_a3_': -0.0037929720070313255, '_a4_': 1.099917317503326, '_a6_': 1.2014978726054113, '_a1_': 1.0, '_a2_': 1.0, '_a5_': 1.0, '_a7_': 1.0}};{'d0': 0.026289176154001826};-273.232205593019;43.62115713275899
6281;-103.668372249313;(((((x + _a0_) * x) * _a2_) + (pow2(_a4_) ** _a4_)) * x);{'d0': {'_a0_': 0.6238594158070119, '_a2_': 3.376760878373195, '_a4_': -0.6376178169615745, '_a1_': 1.0, '_a3_': 1.0, '_a5_': 1.0, '_a6_': 1.0, '_a7_': 1.0}};{'d0': 0.024905832919416608};-280.569866449044;36.616560975209
6282;-103.668372249313;(((((x + _a0_) * x) * _a2_) + (pow2(_a4_) ** _a4_)) * x);{'d0': {'_a0_': 0.6238594158070119, '_a2_': 3.376760878373195, '_a4_': -0.6376178169615745, '_a1_': 1.0, '_a3_': 1.0, '_a5_': 1.0, '_a6_': 1.0, '_a7_': 1.0}};{'d0': 0.024905832919416608};-280.569866449044;36.616560975209
6283;-103.668372249313;(((((x + _a0_) * x) * _a2_) + (pow2(_a4_) ** _a4_)) * x);{'d0': {'_a0_': 0.6238594158070119, '_a2_': 3.376760878373195, '_a4_': -0.6376178169615745, '_a1_': 1.0, '_a3_': 1.0, '_a5_': 1.0, '_a6_': 1.0, '_a7_': 1.0}};{'d0': 0.024905832919416608};-280.569866449044;36.616560975209
6284;-103.668372249313;(((((x + _a0_) * x) * _a2_) + (pow2(_a4_) ** _a4_)) * x);{'d0': {'_a0_': 0.6238594158070119, '_a2_': 3.376760878373195, '_a4_': -0.6376178169615745, '_a1_': 1.0, '_a3_': 1.0, '_a5_': 1.0, '_a6_': 1.0, '_a7_': 1.0}};{'d0': 0.024905832919416608};-280.569866449044;36.616560975209
6285;-103.668372249313;(((((x + _a0_) * x) * _a2_) + (pow2(_a4_) ** _a4_)) * x);{'d0': {'_a0_': 0.6238594158070119, '_a2_': 3.376760878373195, '_a4_': -0.6376178169615745, '_a1_': 1.0, '_a3_': 1.0, '_a5_': 1.0, '_a6_': 1.0, '_a7_': 1.0}};{'d0': 0.024905832919416608};-280.569866449044;36.616560975209
6286;-103.668372249313;(((((x + _a0_) * x) * _a2_) + (pow2(_a4_) ** _a4_)) * x);{'d0': {'_a0_': 0.6238594158070119, '_a2_': 3.376760878373195, '_a4_': -0.6376178169615745, '_a1_': 1.0, '_a3_': 1.0, '_a5_': 1.0, '_a6_': 1.0, '_a7_': 1.0}};{'d0': 0.024905832919416608};-280.569866449044;36.616560975209
6287;-96.1935070271278;((pow2((_a1_ + (x / -(_a1_)))) * (x / _a5_)) + (_a0_ * pow2(x)));{'d0': {'_a0_': 7.003238320872146, '_a1_': 0.851496357635587, '_a5_': 0.40844548837106753, '_a2_': 1.0, '_a3_': 1.0, '_a4_': 1.0, '_a6_': 1.0, '_a7_': 1.0}};{'d0': 0.024905832919416667};-280.569866449044;44.091426197393986
6288;-96.1935070271278;((pow2((_a1_ + (x / -(_a1_)))) * (x / _a5_)) + (_a0_ * pow2(x)));{'d0': {'_a0_': 7.003238320872146, '_a1_': 0.851496357635587, '_a5_': 0.40844548837106753, '_a2_': 1.0, '_a3_': 1.0, '_a4_': 1.0, '_a6_': 1.0, '_a7_': 1.0}};{'d0': 0.024905832919416667};-280.569866449044;44.091426197393986
6289;-96.1935070271278;((pow2((_a1_ + (x / -(_a1_)))) * (x / _a5_)) + (_a0_ * pow2(x)));{'d0': {'_a0_': 7.003238320872146, '_a1_': 0.851496357635587, '_a5_': 0.40844548837106753, '_a2_': 1.0, '_a3_': 1.0, '_a4_': 1.0, '_a6_': 1.0, '_a7_': 1.0}};{'d0': 0.024905832919416667};-280.569866449044;44.091426197393986
6290;-96.1935070271278;((pow2((_a1_ + (x / -(_a1_)))) * (x / _a5_)) + (_a0_ * pow2(x)));{'d0': {'_a0_': 7.003238320872146, '_a1_': 0.851496357635587, '_a5_': 0.40844548837106753, '_a2_': 1.0, '_a3_': 1.0, '_a4_': 1.0, '_a6_': 1.0, '_a7_': 1.0}};{'d0': 0.024905832919416667};-280.569866449044;44.091426197393986
6291;-96.1935070271278;((pow2((_a1_ + (x / -(_a1_)))) * (x / _a5_)) + (_a0_ * pow2(x)));{'d0': {'_a0_': 7.003238320872146, '_a1_': 0.851496357635587, '_a5_': 0.40844548837106753, '_a2_': 1.0, '_a3_': 1.0, '_a4_': 1.0, '_a6_': 1.0, '_a7_': 1.0}};{'d0': 0.024905832919416667};-280.569866449044;44.091426197393986
6292;-96.1935070271278;((pow2((_a1_ + (x / -(_a1_)))) * (x / _a5_)) + (_a0_ * pow2(x)));{'d0': {'_a0_': 7.003238320872146, '_a1_': 0.851496357635587, '_a5_': 0.40844548837106753, '_a2_': 1.0, '_a3_': 1.0, '_a4_': 1.0, '_a6_': 1.0, '_a7_': 1.0}};{'d0': 0.024905832919416667};-280.569866449044;44.091426197393986
6293;-96.1935070271278;((pow2((_a1_ + (x / -(_a1_)))) * (x / _a5_)) + (_a0_ * pow2(x)));{'d0': {'_a0_': 7.003238320872146, '_a1_': 0.851496357635587, '_a5_': 0.40844548837106753, '_a2_': 1.0, '_a3_': 1.0, '_a4_': 1.0, '_a6_': 1.0, '_a7_': 1.0}};{'d0': 0.024905832919416667};-280.569866449044;44.091426197393986
6294;-90.3193531772358;((pow2((_a1_ + (x / -(_a1_)))) * (x / (_a7_ / _a0_))) + (_a0_ * pow2(x)));{'d0': {'_a0_': 7.003238323476114, '_a1_': 0.8514963574759007, '_a7_': 2.8604410965313596, '_a2_': 1.0, '_a3_': 1.0, '_a4_': 1.0, '_a5_': 1.0, '_a6_': 1.0}};{'d0': 0.024905832919416674};-280.569866449043;49.96558004728598
6295;-90.3193531772358;((pow2((_a1_ + (x / -(_a1_)))) * (x / (_a7_ / _a0_))) + (_a0_ * pow2(x)));{'d0': {'_a0_': 7.003238323476114, '_a1_': 0.8514963574759007, '_a7_': 2.8604410965313596, '_a2_': 1.0, '_a3_': 1.0, '_a4_': 1.0, '_a5_': 1.0, '_a6_': 1.0}};{'d0': 0.024905832919416674};-280.569866449043;49.96558004728598
6296;-90.3193531772358;((pow2((_a1_ + (x / -(_a1_)))) * (x / (_a7_ / _a0_))) + (_a0_ * pow2(x)));{'d0': {'_a0_': 7.003238323476114, '_a1_': 0.8514963574759007, '_a7_': 2.8604410965313596, '_a2_': 1.0, '_a3_': 1.0, '_a4_': 1.0, '_a5_': 1.0, '_a6_': 1.0}};{'d0': 0.024905832919416674};-280.569866449043;49.96558004728598
6297;-90.3193531772358;((pow2((_a1_ + (x / -(_a1_)))) * (x / (_a7_ / _a0_))) + (_a0_ * pow2(x)));{'d0': {'_a0_': 7.003238323476114, '_a1_': 0.8514963574759007, '_a7_': 2.8604410965313596, '_a2_': 1.0, '_a3_': 1.0, '_a4_': 1.0, '_a5_': 1.0, '_a6_': 1.0}};{'d0': 0.024905832919416674};-280.569866449043;49.96558004728598
6298;-90.3193531772358;((pow2((_a1_ + (x / -(_a1_)))) * (x / (_a7_ / _a0_))) + (_a0_ * pow2(x)));{'d0': {'_a0_': 7.003238323476114, '_a1_': 0.8514963574759007, '_a7_': 2.8604410965313596, '_a2_': 1.0, '_a3_': 1.0, '_a4_': 1.0, '_a5_': 1.0, '_a6_': 1.0}};{'d0': 0.024905832919416674};-280.569866449043;49.96558004728598
6299;-90.3193531772358;((pow2((_a1_ + (x / -(_a1_)))) * (x / (_a7_ / _a0_))) + (_a0_ * pow2(x)));{'d0': {'_a0_': 7.003238323476114, '_a1_': 0.8514963574759007, '_a7_': 2.8604410965313596, '_a2_': 1.0, '_a3_': 1.0, '_a4_': 1.0, '_a5_': 1.0, '_a6_': 1.0}};{'d0': 0.024905832919416674};-280.569866449043;49.96558004728598
6300;-90.3193531772358;((pow2((_a1_ + (x / -(_a1_)))) * (x / (_a7_ / _a0_))) + (_a0_ * pow2(x)));{'d0': {'_a0_': 7.003238323476114, '_a1_': 0.8514963574759007, '_a7_': 2.8604410965313596, '_a2_': 1.0, '_a3_': 1.0, '_a4_': 1.0, '_a5_': 1.0, '_a6_': 1.0}};{'d0': 0.024905832919416674};-280.569866449043;49.96558004728598
6301;-90.3193531772358;((pow2((_a1_ + (x / -(_a0_)))) * (x / (_a7_ / _a0_))) + (_a0_ * pow2(x)));{'d0': {'_a0_': -2.7899901853603724, '_a1_': 0.25987404928482327, '_a7_': -0.10614438296013783, '_a2_': 1.0, '_a3_': 1.0, '_a4_': 1.0, '_a5_': 1.0, '_a6_': 1.0}};{'d0': 0.024905832919416643};-280.569866449044;49.96558004728598
6302;-103.668372249313;(((((x + _a0_) * x) * _a2_) + (pow2(_a4_) ** _a4_)) * x);{'d0': {'_a0_': 0.6238594158070119, '_a2_': 3.376760878373195, '_a4_': -0.6376178169615745, '_a1_': 1.0, '_a3_': 1.0, '_a5_': 1.0, '_a6_': 1.0, '_a7_': 1.0}};{'d0': 0.024905832919416608};-280.569866449044;36.616560975209
6303;-103.668372249313;(((((x + _a0_) * x) * _a2_) + (pow2(_a4_) ** _a4_)) * x);{'d0': {'_a0_': 0.6238594158070119, '_a2_': 3.376760878373195, '_a4_': -0.6376178169615745, '_a1_': 1.0, '_a3_': 1.0, '_a5_': 1.0, '_a6_': 1.0, '_a7_': 1.0}};{'d0': 0.024905832919416608};-280.569866449044;36.616560975209
6304;-103.668372249313;(((((x + _a0_) * x) * _a2_) + (pow2(_a4_) ** _a4_)) * x);{'d0': {'_a0_': 0.6238594158070119, '_a2_': 3.376760878373195, '_a4_': -0.6376178169615745, '_a1_': 1.0, '_a3_': 1.0, '_a5_': 1.0, '_a6_': 1.0, '_a7_': 1.0}};{'d0': 0.024905832919416608};-280.569866449044;36.616560975209
6305;-103.668372249313;(((((x + _a0_) * x) * _a2_) + (pow2(_a4_) ** _a4_)) * x);{'d0': {'_a0_': 0.6238594158070119, '_a2_': 3.376760878373195, '_a4_': -0.6376178169615745, '_a1_': 1.0, '_a3_': 1.0, '_a5_': 1.0, '_a6_': 1.0, '_a7_': 1.0}};{'d0': 0.024905832919416608};-280.569866449044;36.616560975209
6306;-103.668372249313;(((((x + _a0_) * x) * _a2_) + (pow2(_a4_) ** _a4_)) * x);{'d0': {'_a0_': 0.6238594158070119, '_a2_': 3.376760878373195, '_a4_': -0.6376178169615745, '_a1_': 1.0, '_a3_': 1.0, '_a5_': 1.0, '_a6_': 1.0, '_a7_': 1.0}};{'d0': 0.024905832919416608};-280.569866449044;36.616560975209
6307;-103.668372249313;(((((x + _a0_) * x) * _a2_) + (pow2(_a4_) ** _a4_)) * x);{'d0': {'_a0_': 0.6238594158070119, '_a2_': 3.376760878373195, '_a4_': -0.6376178169615745, '_a1_': 1.0, '_a3_': 1.0, '_a5_': 1.0, '_a6_': 1.0, '_a7_': 1.0}};{'d0': 0.024905832919416608};-280.569866449044;36.616560975209
6308;-103.668372249313;(((((x + _a0_) * x) * _a2_) + (pow2(_a4_) ** _a4_)) * x);{'d0': {'_a0_': 0.6238594158070119, '_a2_': 3.376760878373195, '_a4_': -0.6376178169615745, '_a1_': 1.0, '_a3_': 1.0, '_a5_': 1.0, '_a6_': 1.0, '_a7_': 1.0}};{'d0': 0.024905832919416608};-280.569866449044;36.616560975209
6309;-90.3193531772358;((pow2((_a1_ + (x / -(_a0_)))) * (x / (_a7_ / _a0_))) + (_a0_ * pow2(x)));{'d0': {'_a0_': -2.7899901853603724, '_a1_': 0.25987404928482327, '_a7_': -0.10614438296013783, '_a2_': 1.0, '_a3_': 1.0, '_a4_': 1.0, '_a5_': 1.0, '_a6_': 1.0}};{'d0': 0.024905832919416643};-280.569866449044;49.96558004728598
6310;-88.2721808961197;((pow2((_a1_ + (x / -(_a0_)))) * (x / (_a7_ / _a5_))) + (_a0_ * pow2(x)));{'d0': {'_a0_': 7.0032383288906415, '_a1_': 0.1035301116590712, '_a5_': -674.5959575058328, '_a7_': -4.07329265932542, '_a2_': 1.0, '_a3_': 1.0, '_a4_': 1.0, '_a6_': 1.0}};{'d0': 0.024905832919420886};-276.475521886811;49.96558004728598
6311;-88.2721808961197;((pow2((_a1_ + (x / -(_a0_)))) * (x / (_a7_ / _a5_))) + (_a0_ * pow2(x)));{'d0': {'_a0_': 7.0032383288906415, '_a1_': 0.1035301116590712, '_a5_': -674.5959575058328, '_a7_': -4.07329265932542, '_a2_': 1.0, '_a3_': 1.0, '_a4_': 1.0, '_a6_': 1.0}};{'d0': 0.024905832919420886};-276.475521886811;49.96558004728598
6312;-88.2721808961197;((pow2((_a1_ + (x / -(_a0_)))) * (x / (_a7_ / _a5_))) + (_a0_ * pow2(x)));{'d0': {'_a0_': 7.0032383288906415, '_a1_': 0.1035301116590712, '_a5_': -674.5959575058328, '_a7_': -4.07329265932542, '_a2_': 1.0, '_a3_': 1.0, '_a4_': 1.0, '_a6_': 1.0}};{'d0': 0.024905832919420886};-276.475521886811;49.96558004728598
6313;-88.2721808961197;((pow2((_a1_ + (x / -(_a0_)))) * (x / (_a7_ / _a5_))) + (_a0_ * pow2(x)));{'d0': {'_a0_': 7.0032383288906415, '_a1_': 0.1035301116590712, '_a5_': -674.5959575058328, '_a7_': -4.07329265932542, '_a2_': 1.0, '_a3_': 1.0, '_a4_': 1.0, '_a6_': 1.0}};{'d0': 0.024905832919420886};-276.475521886811;49.96558004728598
6314;-88.2721808961197;((pow2((_a1_ + (x / -(_a0_)))) * (x / (_a7_ / _a5_))) + (_a0_ * pow2(x)));{'d0': {'_a0_': 7.0032383288906415, '_a1_': 0.1035301116590712, '_a5_': -674.5959575058328, '_a7_': -4.07329265932542, '_a2_': 1.0, '_a3_': 1.0, '_a4_': 1.0, '_a6_': 1.0}};{'d0': 0.024905832919420886};-276.475521886811;49.96558004728598
6315;-88.2721808961197;((pow2((_a1_ + (x / -(_a0_)))) * (x / (_a7_ / _a5_))) + (_a0_ * pow2(x)));{'d0': {'_a0_': 7.0032383288906415, '_a1_': 0.1035301116590712, '_a5_': -674.5959575058328, '_a7_': -4.07329265932542, '_a2_': 1.0, '_a3_': 1.0, '_a4_': 1.0, '_a6_': 1.0}};{'d0': 0.024905832919420886};-276.475521886811;49.96558004728598
6316;-88.2721808961197;((pow2((_a1_ + (x / -(_a0_)))) * (x / (_a7_ / _a5_))) + (_a0_ * pow2(x)));{'d0': {'_a0_': 7.0032383288906415, '_a1_': 0.1035301116590712, '_a5_': -674.5959575058328, '_a7_': -4.07329265932542, '_a2_': 1.0, '_a3_': 1.0, '_a4_': 1.0, '_a6_': 1.0}};{'d0': 0.024905832919420886};-276.475521886811;49.96558004728598
6317;-88.2721808961197;((pow2((_a1_ + (x / -(_a0_)))) * (x / (_a7_ / _a5_))) + (_a0_ * pow2(x)));{'d0': {'_a0_': 7.0032383288906415, '_a1_': 0.1035301116590712, '_a5_': -674.5959575058328, '_a7_': -4.07329265932542, '_a2_': 1.0, '_a3_': 1.0, '_a4_': 1.0, '_a6_': 1.0}};{'d0': 0.024905832919420886};-276.475521886811;49.96558004728598
6318;-88.2721808961197;((pow2((_a1_ + (x / -(_a0_)))) * (x / (_a7_ / _a5_))) + (_a0_ * pow2(x)));{'d0': {'_a0_': 7.0032383288906415, '_a1_': 0.1035301116590712, '_a5_': -674.5959575058328, '_a7_': -4.07329265932542, '_a2_': 1.0, '_a3_': 1.0, '_a4_': 1.0, '_a6_': 1.0}};{'d0': 0.024905832919420886};-276.475521886811;49.96558004728598
6319;-88.2721808961197;((pow2((_a1_ + (x / -(_a0_)))) * (x / (_a7_ / _a5_))) + (_a0_ * pow2(x)));{'d0': {'_a0_': 7.0032383288906415, '_a1_': 0.1035301116590712, '_a5_': -674.5959575058328, '_a7_': -4.07329265932542, '_a2_': 1.0, '_a3_': 1.0, '_a4_': 1.0, '_a6_': 1.0}};{'d0': 0.024905832919420886};-276.475521886811;49.96558004728598
6320;-88.2721808961197;((pow2((_a1_ + (x / -(_a0_)))) * (x / (_a7_ / _a5_))) + (_a0_ * pow2(x)));{'d0': {'_a0_': 7.0032383288906415, '_a1_': 0.1035301116590712, '_a5_': -674.5959575058328, '_a7_': -4.07329265932542, '_a2_': 1.0, '_a3_': 1.0, '_a4_': 1.0, '_a6_': 1.0}};{'d0': 0.024905832919420886};-276.475521886811;49.96558004728598
6321;-97.0754901869027;(((((x + _a0_) * x) * _a2_) + (pow2(_a3_) ** pow3(_a3_))) * x);{'d0': {'_a0_': 0.6238594154807964, '_a2_': 3.3767608790854426, '_a3_': 1.1871088947217692, '_a1_': 1.0, '_a4_': 1.0, '_a5_': 1.0, '_a6_': 1.0, '_a7_': 1.0}};{'d0': 0.024905832919416664};-280.569866449044;43.209443037618996
6322;-97.0754901869027;(((((x + _a0_) * x) * _a2_) + (pow2(_a3_) ** pow3(_a3_))) * x);{'d0': {'_a0_': 0.6238594154807964, '_a2_': 3.3767608790854426, '_a3_': 1.1871088947217692, '_a1_': 1.0, '_a4_': 1.0, '_a5_': 1.0, '_a6_': 1.0, '_a7_': 1.0}};{'d0': 0.024905832919416664};-280.569866449044;43.209443037618996
6323;-98.3090402192027;(((((x + _a0_) * x) * _a2_) + (pow2(_a3_) ** log(_a3_))) * x);{'d0': {'_a0_': 0.6238594155812014, '_a2_': 3.376760879476418, '_a3_': 1.7085862415963586, '_a1_': 1.0, '_a4_': 1.0, '_a5_': 1.0, '_a6_': 1.0, '_a7_': 1.0}};{'d0': 0.0249058329194166};-280.569866449044;41.975893005318994
6324;-98.3090402192027;(((((x + _a0_) * x) * _a2_) + (pow2(_a3_) ** log(_a3_))) * x);{'d0': {'_a0_': 0.6238594155812014, '_a2_': 3.376760879476418, '_a3_': 1.7085862415963586, '_a1_': 1.0, '_a4_': 1.0, '_a5_': 1.0, '_a6_': 1.0, '_a7_': 1.0}};{'d0': 0.0249058329194166};-280.569866449044;41.975893005318994
6325;-98.3090402192027;(((((x + _a0_) * x) * _a2_) + (pow2(_a3_) ** log(_a3_))) * x);{'d0': {'_a0_': 0.6238594155812014, '_a2_': 3.376760879476418, '_a3_': 1.7085862415963586, '_a1_': 1.0, '_a4_': 1.0, '_a5_': 1.0, '_a6_': 1.0, '_a7_': 1.0}};{'d0': 0.0249058329194166};-280.569866449044;41.975893005318994
6326;-98.3090402192027;(((((x + _a0_) * x) * _a2_) + (pow2(_a3_) ** log(_a3_))) * x);{'d0': {'_a0_': 0.6238594155812014, '_a2_': 3.376760879476418, '_a3_': 1.7085862415963586, '_a1_': 1.0, '_a4_': 1.0, '_a5_': 1.0, '_a6_': 1.0, '_a7_': 1.0}};{'d0': 0.0249058329194166};-280.569866449044;41.975893005318994
6327;-98.3090402192027;(((((x + _a0_) * x) * _a2_) + (pow2(_a3_) ** log(_a3_))) * x);{'d0': {'_a0_': 0.6238594155812014, '_a2_': 3.376760879476418, '_a3_': 1.7085862415963586, '_a1_': 1.0, '_a4_': 1.0, '_a5_': 1.0, '_a6_': 1.0, '_a7_': 1.0}};{'d0': 0.0249058329194166};-280.569866449044;41.975893005318994
6328;-98.3090402192027;(((((x + _a0_) * x) * _a2_) + (pow2(_a3_) ** log(_a3_))) * x);{'d0': {'_a0_': 0.6238594155812014, '_a2_': 3.376760879476418, '_a3_': 1.7085862415963586, '_a1_': 1.0, '_a4_': 1.0, '_a5_': 1.0, '_a6_': 1.0, '_a7_': 1.0}};{'d0': 0.0249058329194166};-280.569866449044;41.975893005318994
6329;-98.3090402192027;(((((x + _a0_) * x) * _a2_) + (pow2(_a3_) ** log(_a3_))) * x);{'d0': {'_a0_': 0.6238594155812014, '_a2_': 3.376760879476418, '_a3_': 1.7085862415963586, '_a1_': 1.0, '_a4_': 1.0, '_a5_': 1.0, '_a6_': 1.0, '_a7_': 1.0}};{'d0': 0.0249058329194166};-280.569866449044;41.975893005318994
6330;-98.3090402192027;(((((x + _a0_) * x) * _a2_) + (pow2(_a3_) ** log(_a3_))) * x);{'d0': {'_a0_': 0.6238594155812014, '_a2_': 3.376760879476418, '_a3_': 1.7085862415963586, '_a1_': 1.0, '_a4_': 1.0, '_a5_': 1.0, '_a6_': 1.0, '_a7_': 1.0}};{'d0': 0.0249058329194166};-280.569866449044;41.975893005318994
6331;-98.3090402192027;(((((x + _a0_) * x) * _a2_) + (pow2(_a3_) ** log(_a3_))) * x);{'d0': {'_a0_': 0.6238594155812014, '_a2_': 3.376760879476418, '_a3_': 1.7085862415963586, '_a1_': 1.0, '_a4_': 1.0, '_a5_': 1.0, '_a6_': 1.0, '_a7_': 1.0}};{'d0': 0.0249058329194166};-280.569866449044;41.975893005318994
6332;-98.3090402192027;(((((x + _a0_) * x) * _a2_) + (pow2(_a3_) ** log(_a3_))) * x);{'d0': {'_a0_': 0.6238594155812014, '_a2_': 3.376760879476418, '_a3_': 1.7085862415963586, '_a1_': 1.0, '_a4_': 1.0, '_a5_': 1.0, '_a6_': 1.0, '_a7_': 1.0}};{'d0': 0.0249058329194166};-280.569866449044;41.975893005318994
6333;-98.3090402192027;(((((x + _a0_) * x) * _a2_) + (pow2(_a3_) ** log(_a3_))) * x);{'d0': {'_a0_': 0.6238594155812014, '_a2_': 3.376760879476418, '_a3_': 1.7085862415963586, '_a1_': 1.0, '_a4_': 1.0, '_a5_': 1.0, '_a6_': 1.0, '_a7_': 1.0}};{'d0': 0.0249058329194166};-280.569866449044;41.975893005318994
6334;-98.3090402192027;(((((x + _a0_) * x) * _a2_) + (pow2(_a3_) ** log(_a3_))) * x);{'d0': {'_a0_': 0.6238594155812014, '_a2_': 3.376760879476418, '_a3_': 1.7085862415963586, '_a1_': 1.0, '_a4_': 1.0, '_a5_': 1.0, '_a6_': 1.0, '_a7_': 1.0}};{'d0': 0.0249058329194166};-280.569866449044;41.975893005318994
6335;-98.3090402192027;(((((x + _a0_) * x) * _a2_) + (pow2(_a3_) ** log(_a3_))) * x);{'d0': {'_a0_': 0.6238594155812014, '_a2_': 3.376760879476418, '_a3_': 1.7085862415963586, '_a1_': 1.0, '_a4_': 1.0, '_a5_': 1.0, '_a6_': 1.0, '_a7_': 1.0}};{'d0': 0.0249058329194166};-280.569866449044;41.975893005318994
6336;-98.3090402192027;(((((x + _a0_) * x) * _a2_) + (pow2(_a3_) ** log(_a3_))) * x);{'d0': {'_a0_': 0.6238594155812014, '_a2_': 3.376760879476418, '_a3_': 1.7085862415963586, '_a1_': 1.0, '_a4_': 1.0, '_a5_': 1.0, '_a6_': 1.0, '_a7_': 1.0}};{'d0': 0.0249058329194166};-280.569866449044;41.975893005318994
6337;-98.3090402192027;(((((x + _a0_) * x) * _a2_) + (pow2(_a3_) ** log(_a3_))) * x);{'d0': {'_a0_': 0.6238594155812014, '_a2_': 3.376760879476418, '_a3_': 1.7085862415963586, '_a1_': 1.0, '_a4_': 1.0, '_a5_': 1.0, '_a6_': 1.0, '_a7_': 1.0}};{'d0': 0.0249058329194166};-280.569866449044;41.975893005318994
6338;-98.3090402192027;(((((x + _a0_) * x) * _a2_) + (pow2(_a3_) ** log(_a3_))) * x);{'d0': {'_a0_': 0.6238594155812014, '_a2_': 3.376760879476418, '_a3_': 1.7085862415963586, '_a1_': 1.0, '_a4_': 1.0, '_a5_': 1.0, '_a6_': 1.0, '_a7_': 1.0}};{'d0': 0.0249058329194166};-280.569866449044;41.975893005318994
6339;-97.7477712002827;(((((x + _a0_) * x) * _a2_) + (pow2(_a3_) ** (_a3_ + _a3_))) * x);{'d0': {'_a0_': 0.6238594154818013, '_a2_': 3.3767608774259235, '_a3_': 1.134770194793311, '_a1_': 1.0, '_a4_': 1.0, '_a5_': 1.0, '_a6_': 1.0, '_a7_': 1.0}};{'d0': 0.024905832919416622};-280.569866449044;42.537162024238995
6340;-97.7477712002827;(((((x + _a0_) * x) * _a2_) + (pow2(_a3_) ** (_a3_ + _a3_))) * x);{'d0': {'_a0_': 0.6238594154818013, '_a2_': 3.3767608774259235, '_a3_': 1.134770194793311, '_a1_': 1.0, '_a4_': 1.0, '_a5_': 1.0, '_a6_': 1.0, '_a7_': 1.0}};{'d0': 0.024905832919416622};-280.569866449044;42.537162024238995
6341;-97.7477712002827;(((((x + _a0_) * x) * _a2_) + (pow2(_a3_) ** (_a3_ + _a3_))) * x);{'d0': {'_a0_': 0.6238594154818013, '_a2_': 3.3767608774259235, '_a3_': 1.134770194793311, '_a1_': 1.0, '_a4_': 1.0, '_a5_': 1.0, '_a6_': 1.0, '_a7_': 1.0}};{'d0': 0.024905832919416622};-280.569866449044;42.537162024238995
6342;-88.2721808961197;((pow2((_a1_ + (x / -(_a0_)))) * (x / (_a7_ / _a5_))) + (_a0_ * pow2(x)));{'d0': {'_a0_': 7.0032383288906415, '_a1_': 0.1035301116590712, '_a5_': -674.5959575058328, '_a7_': -4.07329265932542, '_a2_': 1.0, '_a3_': 1.0, '_a4_': 1.0, '_a6_': 1.0}};{'d0': 0.024905832919420886};-276.475521886811;49.96558004728598
6343;-88.2721808961197;((pow2((_a1_ + (x / -(_a0_)))) * (x / (_a7_ / _a5_))) + (_a0_ * pow2(x)));{'d0': {'_a0_': 7.0032383288906415, '_a1_': 0.1035301116590712, '_a5_': -674.5959575058328, '_a7_': -4.07329265932542, '_a2_': 1.0, '_a3_': 1.0, '_a4_': 1.0, '_a6_': 1.0}};{'d0': 0.024905832919420886};-276.475521886811;49.96558004728598
6344;-88.2721808961197;((pow2((_a1_ + (x / -(_a0_)))) * (x / (_a7_ / _a5_))) + (_a0_ * pow2(x)));{'d0': {'_a0_': 7.0032383288906415, '_a1_': 0.1035301116590712, '_a5_': -674.5959575058328, '_a7_': -4.07329265932542, '_a2_': 1.0, '_a3_': 1.0, '_a4_': 1.0, '_a6_': 1.0}};{'d0': 0.024905832919420886};-276.475521886811;49.96558004728598
6345;-88.2721808961197;((pow2((_a1_ + (x / -(_a0_)))) * (x / (_a7_ / _a5_))) + (_a0_ * pow2(x)));{'d0': {'_a0_': 7.0032383288906415, '_a1_': 0.1035301116590712, '_a5_': -674.5959575058328, '_a7_': -4.07329265932542, '_a2_': 1.0, '_a3_': 1.0, '_a4_': 1.0, '_a6_': 1.0}};{'d0': 0.024905832919420886};-276.475521886811;49.96558004728598
6346;-88.2721808961197;((pow2((_a1_ + (x / -(_a0_)))) * (x / (_a7_ / _a5_))) + (_a0_ * pow2(x)));{'d0': {'_a0_': 7.0032383288906415, '_a1_': 0.1035301116590712, '_a5_': -674.5959575058328, '_a7_': -4.07329265932542, '_a2_': 1.0, '_a3_': 1.0, '_a4_': 1.0, '_a6_': 1.0}};{'d0': 0.024905832919420886};-276.475521886811;49.96558004728598
6347;-88.2721808961197;((pow2((_a1_ + (x / -(_a0_)))) * (x / (_a7_ / _a5_))) + (_a0_ * pow2(x)));{'d0': {'_a0_': 7.0032383288906415, '_a1_': 0.1035301116590712, '_a5_': -674.5959575058328, '_a7_': -4.07329265932542, '_a2_': 1.0, '_a3_': 1.0, '_a4_': 1.0, '_a6_': 1.0}};{'d0': 0.024905832919420886};-276.475521886811;49.96558004728598
6348;-88.2721808961197;((pow2((_a1_ + (x / -(_a0_)))) * (x / (_a7_ / _a5_))) + (_a0_ * pow2(x)));{'d0': {'_a0_': 7.0032383288906415, '_a1_': 0.1035301116590712, '_a5_': -674.5959575058328, '_a7_': -4.07329265932542, '_a2_': 1.0, '_a3_': 1.0, '_a4_': 1.0, '_a6_': 1.0}};{'d0': 0.024905832919420886};-276.475521886811;49.96558004728598
6349;-88.2721808961197;((pow2((_a1_ + (x / -(_a0_)))) * (x / (_a7_ / _a5_))) + (_a0_ * pow2(x)));{'d0': {'_a0_': 7.0032383288906415, '_a1_': 0.1035301116590712, '_a5_': -674.5959575058328, '_a7_': -4.07329265932542, '_a2_': 1.0, '_a3_': 1.0, '_a4_': 1.0, '_a6_': 1.0}};{'d0': 0.024905832919420886};-276.475521886811;49.96558004728598
6350;-88.2721808961197;((pow2((_a1_ + (x / -(_a0_)))) * (x / (_a7_ / _a5_))) + (_a0_ * pow2(x)));{'d0': {'_a0_': 7.0032383288906415, '_a1_': 0.1035301116590712, '_a5_': -674.5959575058328, '_a7_': -4.07329265932542, '_a2_': 1.0, '_a3_': 1.0, '_a4_': 1.0, '_a6_': 1.0}};{'d0': 0.024905832919420886};-276.475521886811;49.96558004728598
6351;-88.2721808961197;((pow2((_a1_ + (x / -(_a0_)))) * (x / (_a7_ / _a5_))) + (_a0_ * pow2(x)));{'d0': {'_a0_': 7.0032383288906415, '_a1_': 0.1035301116590712, '_a5_': -674.5959575058328, '_a7_': -4.07329265932542, '_a2_': 1.0, '_a3_': 1.0, '_a4_': 1.0, '_a6_': 1.0}};{'d0': 0.024905832919420886};-276.475521886811;49.96558004728598
6352;-88.2721808961197;((pow2((_a1_ + (x / -(_a0_)))) * (x / (_a7_ / _a5_))) + (_a0_ * pow2(x)));{'d0': {'_a0_': 7.0032383288906415, '_a1_': 0.1035301116590712, '_a5_': -674.5959575058328, '_a7_': -4.07329265932542, '_a2_': 1.0, '_a3_': 1.0, '_a4_': 1.0, '_a6_': 1.0}};{'d0': 0.024905832919420886};-276.475521886811;49.96558004728598
6353;-88.2721808961197;((pow2((_a1_ + (x / -(_a0_)))) * (x / (_a7_ / _a5_))) + (_a0_ * pow2(x)));{'d0': {'_a0_': 7.0032383288906415, '_a1_': 0.1035301116590712, '_a5_': -674.5959575058328, '_a7_': -4.07329265932542, '_a2_': 1.0, '_a3_': 1.0, '_a4_': 1.0, '_a6_': 1.0}};{'d0': 0.024905832919420886};-276.475521886811;49.96558004728598
6354;-88.2721808961197;((pow2((_a1_ + (x / -(_a0_)))) * (x / (_a7_ / _a5_))) + (_a0_ * pow2(x)));{'d0': {'_a0_': 7.0032383288906415, '_a1_': 0.1035301116590712, '_a5_': -674.5959575058328, '_a7_': -4.07329265932542, '_a2_': 1.0, '_a3_': 1.0, '_a4_': 1.0, '_a6_': 1.0}};{'d0': 0.024905832919420886};-276.475521886811;49.96558004728598
6355;-88.2721808961197;((pow2((_a1_ + (x / -(_a0_)))) * (x / (_a7_ / _a5_))) + (_a0_ * pow2(x)));{'d0': {'_a0_': 7.0032383288906415, '_a1_': 0.1035301116590712, '_a5_': -674.5959575058328, '_a7_': -4.07329265932542, '_a2_': 1.0, '_a3_': 1.0, '_a4_': 1.0, '_a6_': 1.0}};{'d0': 0.024905832919420886};-276.475521886811;49.96558004728598
6356;-88.2721808961197;((pow2((_a1_ + (x / -(_a0_)))) * (x / (_a7_ / _a5_))) + (_a0_ * pow2(x)));{'d0': {'_a0_': 7.0032383288906415, '_a1_': 0.1035301116590712, '_a5_': -674.5959575058328, '_a7_': -4.07329265932542, '_a2_': 1.0, '_a3_': 1.0, '_a4_': 1.0, '_a6_': 1.0}};{'d0': 0.024905832919420886};-276.475521886811;49.96558004728598
6357;-88.2721808961197;((pow2((_a1_ + (x / -(_a0_)))) * (x / (_a7_ / _a5_))) + (_a0_ * pow2(x)));{'d0': {'_a0_': 7.0032383288906415, '_a1_': 0.1035301116590712, '_a5_': -674.5959575058328, '_a7_': -4.07329265932542, '_a2_': 1.0, '_a3_': 1.0, '_a4_': 1.0, '_a6_': 1.0}};{'d0': 0.024905832919420886};-276.475521886811;49.96558004728598
6358;-88.2721808961197;((pow2((_a1_ + (x / -(_a0_)))) * (x / (_a7_ / _a5_))) + (_a0_ * pow2(x)));{'d0': {'_a0_': 7.0032383288906415, '_a1_': 0.1035301116590712, '_a5_': -674.5959575058328, '_a7_': -4.07329265932542, '_a2_': 1.0, '_a3_': 1.0, '_a4_': 1.0, '_a6_': 1.0}};{'d0': 0.024905832919420886};-276.475521886811;49.96558004728598
6359;-88.2721808961197;((pow2((_a1_ + (x / -(_a0_)))) * (x / (_a7_ / _a5_))) + (_a0_ * pow2(x)));{'d0': {'_a0_': 7.0032383288906415, '_a1_': 0.1035301116590712, '_a5_': -674.5959575058328, '_a7_': -4.07329265932542, '_a2_': 1.0, '_a3_': 1.0, '_a4_': 1.0, '_a6_': 1.0}};{'d0': 0.024905832919420886};-276.475521886811;49.96558004728598
6360;-88.2721808961197;((pow2((_a1_ + (x / -(_a0_)))) * (x / (_a7_ / _a5_))) + (_a0_ * pow2(x)));{'d0': {'_a0_': 7.0032383288906415, '_a1_': 0.1035301116590712, '_a5_': -674.5959575058328, '_a7_': -4.07329265932542, '_a2_': 1.0, '_a3_': 1.0, '_a4_': 1.0, '_a6_': 1.0}};{'d0': 0.024905832919420886};-276.475521886811;49.96558004728598
6361;-88.2721808961197;((pow2((_a1_ + (x / -(_a0_)))) * (x / (_a7_ / _a5_))) + (_a0_ * pow2(x)));{'d0': {'_a0_': 7.0032383288906415, '_a1_': 0.1035301116590712, '_a5_': -674.5959575058328, '_a7_': -4.07329265932542, '_a2_': 1.0, '_a3_': 1.0, '_a4_': 1.0, '_a6_': 1.0}};{'d0': 0.024905832919420886};-276.475521886811;49.96558004728598
6362;-88.2721808961197;((pow2((_a1_ + (x / -(_a0_)))) * (x / (_a7_ / _a5_))) + (_a0_ * pow2(x)));{'d0': {'_a0_': 7.0032383288906415, '_a1_': 0.1035301116590712, '_a5_': -674.5959575058328, '_a7_': -4.07329265932542, '_a2_': 1.0, '_a3_': 1.0, '_a4_': 1.0, '_a6_': 1.0}};{'d0': 0.024905832919420886};-276.475521886811;49.96558004728598
6363;-88.2721808961197;((pow2((_a1_ + (x / -(_a0_)))) * (x / (_a7_ / _a5_))) + (_a0_ * pow2(x)));{'d0': {'_a0_': 7.0032383288906415, '_a1_': 0.1035301116590712, '_a5_': -674.5959575058328, '_a7_': -4.07329265932542, '_a2_': 1.0, '_a3_': 1.0, '_a4_': 1.0, '_a6_': 1.0}};{'d0': 0.024905832919420886};-276.475521886811;49.96558004728598
6364;-88.2721808961197;((pow2((_a1_ + (x / -(_a0_)))) * (x / (_a7_ / _a5_))) + (_a0_ * pow2(x)));{'d0': {'_a0_': 7.0032383288906415, '_a1_': 0.1035301116590712, '_a5_': -674.5959575058328, '_a7_': -4.07329265932542, '_a2_': 1.0, '_a3_': 1.0, '_a4_': 1.0, '_a6_': 1.0}};{'d0': 0.024905832919420886};-276.475521886811;49.96558004728598
6365;-88.2721808961197;((pow2((_a1_ + (x / -(_a0_)))) * (x / (_a7_ / _a5_))) + (_a0_ * pow2(x)));{'d0': {'_a0_': 7.0032383288906415, '_a1_': 0.1035301116590712, '_a5_': -674.5959575058328, '_a7_': -4.07329265932542, '_a2_': 1.0, '_a3_': 1.0, '_a4_': 1.0, '_a6_': 1.0}};{'d0': 0.024905832919420886};-276.475521886811;49.96558004728598
6366;-88.2721808961197;((pow2((_a1_ + (x / -(_a0_)))) * (x / (_a7_ / _a5_))) + (_a0_ * pow2(x)));{'d0': {'_a0_': 7.0032383288906415, '_a1_': 0.1035301116590712, '_a5_': -674.5959575058328, '_a7_': -4.07329265932542, '_a2_': 1.0, '_a3_': 1.0, '_a4_': 1.0, '_a6_': 1.0}};{'d0': 0.024905832919420886};-276.475521886811;49.96558004728598
6367;-88.2721808961197;((pow2((_a1_ + (x / -(_a0_)))) * (x / (_a7_ / _a5_))) + (_a0_ * pow2(x)));{'d0': {'_a0_': 7.0032383288906415, '_a1_': 0.1035301116590712, '_a5_': -674.5959575058328, '_a7_': -4.07329265932542, '_a2_': 1.0, '_a3_': 1.0, '_a4_': 1.0, '_a6_': 1.0}};{'d0': 0.024905832919420886};-276.475521886811;49.96558004728598
6368;-88.2721808961197;((pow2((_a1_ + (x / -(_a0_)))) * (x / (_a7_ / _a5_))) + (_a0_ * pow2(x)));{'d0': {'_a0_': 7.0032383288906415, '_a1_': 0.1035301116590712, '_a5_': -674.5959575058328, '_a7_': -4.07329265932542, '_a2_': 1.0, '_a3_': 1.0, '_a4_': 1.0, '_a6_': 1.0}};{'d0': 0.024905832919420886};-276.475521886811;49.96558004728598
6369;-88.2721808961197;((pow2((_a1_ + (x / -(_a0_)))) * (x / (_a7_ / _a5_))) + (_a0_ * pow2(x)));{'d0': {'_a0_': 7.0032383288906415, '_a1_': 0.1035301116590712, '_a5_': -674.5959575058328, '_a7_': -4.07329265932542, '_a2_': 1.0, '_a3_': 1.0, '_a4_': 1.0, '_a6_': 1.0}};{'d0': 0.024905832919420886};-276.475521886811;49.96558004728598
6370;-88.2721808961197;((pow2((_a1_ + (x / -(_a0_)))) * (x / (_a7_ / _a5_))) + (_a0_ * pow2(x)));{'d0': {'_a0_': 7.0032383288906415, '_a1_': 0.1035301116590712, '_a5_': -674.5959575058328, '_a7_': -4.07329265932542, '_a2_': 1.0, '_a3_': 1.0, '_a4_': 1.0, '_a6_': 1.0}};{'d0': 0.024905832919420886};-276.475521886811;49.96558004728598
6371;-102.416966796466;((((((x * _a2_) + _a0_) * x) * _a2_) + (_a0_ ** _a6_)) * x);{'d0': {'_a0_': 1.1464018758566765, '_a2_': 1.8375964953718824, '_a6_': 4.2002790212378995, '_a1_': 1.0, '_a3_': 1.0, '_a4_': 1.0, '_a5_': 1.0, '_a7_': 1.0}};{'d0': 0.02490583291941664};-280.569866449044;37.86796642805599
6372;-102.416966796466;((((((x * _a2_) + _a0_) * x) * _a2_) + (_a0_ ** _a6_)) * x);{'d0': {'_a0_': 1.1464018758566765, '_a2_': 1.8375964953718824, '_a6_': 4.2002790212378995, '_a1_': 1.0, '_a3_': 1.0, '_a4_': 1.0, '_a5_': 1.0, '_a7_': 1.0}};{'d0': 0.02490583291941664};-280.569866449044;37.86796642805599
6373;-102.416966796466;((((((x * _a2_) + _a0_) * x) * _a2_) + (_a0_ ** _a6_)) * x);{'d0': {'_a0_': 1.1464018758566765, '_a2_': 1.8375964953718824, '_a6_': 4.2002790212378995, '_a1_': 1.0, '_a3_': 1.0, '_a4_': 1.0, '_a5_': 1.0, '_a7_': 1.0}};{'d0': 0.02490583291941664};-280.569866449044;37.86796642805599
6374;-102.416966796466;((((((x * _a2_) + _a0_) * x) * _a2_) + (_a0_ ** _a6_)) * x);{'d0': {'_a0_': 1.1464018758566765, '_a2_': 1.8375964953718824, '_a6_': 4.2002790212378995, '_a1_': 1.0, '_a3_': 1.0, '_a4_': 1.0, '_a5_': 1.0, '_a7_': 1.0}};{'d0': 0.02490583291941664};-280.569866449044;37.86796642805599
6375;-102.416966796466;((((((x * _a2_) + _a0_) * x) * _a2_) + (_a0_ ** _a6_)) * x);{'d0': {'_a0_': 1.1464018758566765, '_a2_': 1.8375964953718824, '_a6_': 4.2002790212378995, '_a1_': 1.0, '_a3_': 1.0, '_a4_': 1.0, '_a5_': 1.0, '_a7_': 1.0}};{'d0': 0.02490583291941664};-280.569866449044;37.86796642805599
6376;-102.416966796466;((((((x * _a2_) + _a0_) * x) * _a2_) + (_a0_ ** _a6_)) * x);{'d0': {'_a0_': 1.1464018758566765, '_a2_': 1.8375964953718824, '_a6_': 4.2002790212378995, '_a1_': 1.0, '_a3_': 1.0, '_a4_': 1.0, '_a5_': 1.0, '_a7_': 1.0}};{'d0': 0.02490583291941664};-280.569866449044;37.86796642805599
6377;-104.058817930787;((((((x * _a2_) + _a0_) * x) * _a2_) + (_a0_ * _a6_)) * x);{'d0': {'_a0_': 1.1464018754222136, '_a2_': 1.8375964950462902, '_a6_': 1.5484407712564439, '_a1_': 1.0, '_a3_': 1.0, '_a4_': 1.0, '_a5_': 1.0, '_a7_': 1.0}};{'d0': 0.024905832919416598};-280.569866449044;36.22611529373499
6378;-104.058817930787;((((((x * _a2_) + _a0_) * x) * _a2_) + (_a0_ * _a6_)) * x);{'d0': {'_a0_': 1.1464018754222136, '_a2_': 1.8375964950462902, '_a6_': 1.5484407712564439, '_a1_': 1.0, '_a3_': 1.0, '_a4_': 1.0, '_a5_': 1.0, '_a7_': 1.0}};{'d0': 0.024905832919416598};-280.569866449044;36.22611529373499
6379;-104.058817930787;((((((x * _a2_) + _a0_) * x) * _a2_) + (_a0_ * _a6_)) * x);{'d0': {'_a0_': 1.1464018754222136, '_a2_': 1.8375964950462902, '_a6_': 1.5484407712564439, '_a1_': 1.0, '_a3_': 1.0, '_a4_': 1.0, '_a5_': 1.0, '_a7_': 1.0}};{'d0': 0.024905832919416598};-280.569866449044;36.22611529373499
6380;-104.058817930787;((((((x * _a2_) + _a0_) * x) * _a2_) + (_a0_ * _a6_)) * x);{'d0': {'_a0_': 1.1464018754222136, '_a2_': 1.8375964950462902, '_a6_': 1.5484407712564439, '_a1_': 1.0, '_a3_': 1.0, '_a4_': 1.0, '_a5_': 1.0, '_a7_': 1.0}};{'d0': 0.024905832919416598};-280.569866449044;36.22611529373499
6381;-104.058817930787;((((((x * _a2_) + _a0_) * x) * _a2_) + (_a0_ * _a6_)) * x);{'d0': {'_a0_': 1.1464018754222136, '_a2_': 1.8375964950462902, '_a6_': 1.5484407712564439, '_a1_': 1.0, '_a3_': 1.0, '_a4_': 1.0, '_a5_': 1.0, '_a7_': 1.0}};{'d0': 0.024905832919416598};-280.569866449044;36.22611529373499
6382;-104.058817930787;((((((x * _a2_) + _a0_) * x) * _a0_) + (_a0_ * _a6_)) * x);{'d0': {'_a0_': 1.4514213959357865, '_a2_': 2.3265199813114275, '_a6_': 1.223032407544342, '_a1_': 1.0, '_a3_': 1.0, '_a4_': 1.0, '_a5_': 1.0, '_a7_': 1.0}};{'d0': 0.02490583291941666};-280.569866449044;36.22611529373499
6383;-104.058817930787;((((((x * _a2_) + _a0_) * x) * _a0_) + (_a0_ * _a6_)) * x);{'d0': {'_a0_': 1.4514213959357865, '_a2_': 2.3265199813114275, '_a6_': 1.223032407544342, '_a1_': 1.0, '_a3_': 1.0, '_a4_': 1.0, '_a5_': 1.0, '_a7_': 1.0}};{'d0': 0.02490583291941666};-280.569866449044;36.22611529373499
6384;-104.058817930787;((((((x * _a2_) + _a0_) * x) * _a0_) + (_a0_ * _a6_)) * x);{'d0': {'_a0_': 1.4514213959357865, '_a2_': 2.3265199813114275, '_a6_': 1.223032407544342, '_a1_': 1.0, '_a3_': 1.0, '_a4_': 1.0, '_a5_': 1.0, '_a7_': 1.0}};{'d0': 0.02490583291941666};-280.569866449044;36.22611529373499
6385;-104.058817930787;((((((x * _a2_) + _a0_) * x) * _a0_) + (_a0_ * _a6_)) * x);{'d0': {'_a0_': 1.4514213959357865, '_a2_': 2.3265199813114275, '_a6_': 1.223032407544342, '_a1_': 1.0, '_a3_': 1.0, '_a4_': 1.0, '_a5_': 1.0, '_a7_': 1.0}};{'d0': 0.02490583291941666};-280.569866449044;36.22611529373499
6386;-104.058817930787;((((((x * _a2_) + _a0_) * x) * _a0_) + (_a0_ * _a6_)) * x);{'d0': {'_a0_': 1.4514213959357865, '_a2_': 2.3265199813114275, '_a6_': 1.223032407544342, '_a1_': 1.0, '_a3_': 1.0, '_a4_': 1.0, '_a5_': 1.0, '_a7_': 1.0}};{'d0': 0.02490583291941666};-280.569866449044;36.22611529373499
6387;-104.058817930787;((((((x * _a2_) + _a0_) * x) * _a0_) + (_a0_ * _a6_)) * x);{'d0': {'_a0_': 1.4514213959357865, '_a2_': 2.3265199813114275, '_a6_': 1.223032407544342, '_a1_': 1.0, '_a3_': 1.0, '_a4_': 1.0, '_a5_': 1.0, '_a7_': 1.0}};{'d0': 0.02490583291941666};-280.569866449044;36.22611529373499
6388;-104.058817930787;((((((x * _a2_) + _a0_) * x) * _a0_) + (_a0_ * _a6_)) * x);{'d0': {'_a0_': 1.4514213959357865, '_a2_': 2.3265199813114275, '_a6_': 1.223032407544342, '_a1_': 1.0, '_a3_': 1.0, '_a4_': 1.0, '_a5_': 1.0, '_a7_': 1.0}};{'d0': 0.02490583291941666};-280.569866449044;36.22611529373499
6389;-104.058817930787;((((((x * _a2_) + _a0_) * x) * _a0_) + (_a0_ * _a6_)) * x);{'d0': {'_a0_': 1.4514213959357865, '_a2_': 2.3265199813114275, '_a6_': 1.223032407544342, '_a1_': 1.0, '_a3_': 1.0, '_a4_': 1.0, '_a5_': 1.0, '_a7_': 1.0}};{'d0': 0.02490583291941666};-280.569866449044;36.22611529373499
6390;-104.058817930787;((((((x * _a2_) + _a0_) * x) * _a0_) + (_a0_ * _a6_)) * x);{'d0': {'_a0_': 1.4514213959357865, '_a2_': 2.3265199813114275, '_a6_': 1.223032407544342, '_a1_': 1.0, '_a3_': 1.0, '_a4_': 1.0, '_a5_': 1.0, '_a7_': 1.0}};{'d0': 0.02490583291941666};-280.569866449044;36.22611529373499
6391;-104.058817930787;((((((x * _a2_) + _a0_) * x) * _a0_) + (_a0_ * _a6_)) * x);{'d0': {'_a0_': 1.4514213959357865, '_a2_': 2.3265199813114275, '_a6_': 1.223032407544342, '_a1_': 1.0, '_a3_': 1.0, '_a4_': 1.0, '_a5_': 1.0, '_a7_': 1.0}};{'d0': 0.02490583291941666};-280.569866449044;36.22611529373499
6392;-104.058817930787;((((((x * _a2_) + _a0_) * x) * _a0_) + (_a0_ * _a6_)) * x);{'d0': {'_a0_': 1.4514213959357865, '_a2_': 2.3265199813114275, '_a6_': 1.223032407544342, '_a1_': 1.0, '_a3_': 1.0, '_a4_': 1.0, '_a5_': 1.0, '_a7_': 1.0}};{'d0': 0.02490583291941666};-280.569866449044;36.22611529373499
6393;-104.058817930787;((((((x * _a2_) + _a0_) * x) * _a0_) + (_a0_ * _a6_)) * x);{'d0': {'_a0_': 1.4514213959357865, '_a2_': 2.3265199813114275, '_a6_': 1.223032407544342, '_a1_': 1.0, '_a3_': 1.0, '_a4_': 1.0, '_a5_': 1.0, '_a7_': 1.0}};{'d0': 0.02490583291941666};-280.569866449044;36.22611529373499
6394;-104.058817930787;((((((x * _a2_) + _a0_) * x) * _a0_) + (_a0_ * _a6_)) * x);{'d0': {'_a0_': 1.4514213959357865, '_a2_': 2.3265199813114275, '_a6_': 1.223032407544342, '_a1_': 1.0, '_a3_': 1.0, '_a4_': 1.0, '_a5_': 1.0, '_a7_': 1.0}};{'d0': 0.02490583291941666};-280.569866449044;36.22611529373499
6395;-104.058817930787;((((((x * _a2_) + _a0_) * x) * _a0_) + (_a0_ * _a6_)) * x);{'d0': {'_a0_': 1.4514213959357865, '_a2_': 2.3265199813114275, '_a6_': 1.223032407544342, '_a1_': 1.0, '_a3_': 1.0, '_a4_': 1.0, '_a5_': 1.0, '_a7_': 1.0}};{'d0': 0.02490583291941666};-280.569866449044;36.22611529373499
6396;-104.058817930787;((((((x * _a2_) + _a0_) * x) * _a0_) + (_a0_ * _a6_)) * x);{'d0': {'_a0_': 1.4514213959357865, '_a2_': 2.3265199813114275, '_a6_': 1.223032407544342, '_a1_': 1.0, '_a3_': 1.0, '_a4_': 1.0, '_a5_': 1.0, '_a7_': 1.0}};{'d0': 0.02490583291941666};-280.569866449044;36.22611529373499
6397;-104.058817930787;((((((x * _a2_) + _a0_) * x) * _a0_) + (_a0_ * _a6_)) * x);{'d0': {'_a0_': 1.4514213959357865, '_a2_': 2.3265199813114275, '_a6_': 1.223032407544342, '_a1_': 1.0, '_a3_': 1.0, '_a4_': 1.0, '_a5_': 1.0, '_a7_': 1.0}};{'d0': 0.02490583291941666};-280.569866449044;36.22611529373499
6398;-104.058817930787;((((((x * _a2_) + _a0_) * x) * _a0_) + (_a0_ * _a6_)) * x);{'d0': {'_a0_': 1.4514213959357865, '_a2_': 2.3265199813114275, '_a6_': 1.223032407544342, '_a1_': 1.0, '_a3_': 1.0, '_a4_': 1.0, '_a5_': 1.0, '_a7_': 1.0}};{'d0': 0.02490583291941666};-280.569866449044;36.22611529373499
6399;-104.058817930787;((((((x * _a2_) + _a0_) * x) * _a0_) + (_a0_ * _a6_)) * x);{'d0': {'_a0_': 1.4514213959357865, '_a2_': 2.3265199813114275, '_a6_': 1.223032407544342, '_a1_': 1.0, '_a3_': 1.0, '_a4_': 1.0, '_a5_': 1.0, '_a7_': 1.0}};{'d0': 0.02490583291941666};-280.569866449044;36.22611529373499
6400;-104.058817930787;((((((x * _a2_) + _a0_) * x) * _a0_) + (_a0_ * _a6_)) * x);{'d0': {'_a0_': 1.4514213959357865, '_a2_': 2.3265199813114275, '_a6_': 1.223032407544342, '_a1_': 1.0, '_a3_': 1.0, '_a4_': 1.0, '_a5_': 1.0, '_a7_': 1.0}};{'d0': 0.02490583291941666};-280.569866449044;36.22611529373499
6401;-104.058817930787;((((((x * _a2_) + _a0_) * x) * _a0_) + (_a0_ * _a6_)) * x);{'d0': {'_a0_': 1.4514213959357865, '_a2_': 2.3265199813114275, '_a6_': 1.223032407544342, '_a1_': 1.0, '_a3_': 1.0, '_a4_': 1.0, '_a5_': 1.0, '_a7_': 1.0}};{'d0': 0.02490583291941666};-280.569866449044;36.22611529373499
6402;-104.058817930787;((((((x * _a2_) + _a0_) * x) * _a0_) + (_a0_ * _a6_)) * x);{'d0': {'_a0_': 1.4514213959357865, '_a2_': 2.3265199813114275, '_a6_': 1.223032407544342, '_a1_': 1.0, '_a3_': 1.0, '_a4_': 1.0, '_a5_': 1.0, '_a7_': 1.0}};{'d0': 0.02490583291941666};-280.569866449044;36.22611529373499
6403;-103.280223376163;((((((x * _a2_) + _a0_) * x) * _a0_) + (_a0_ / _a6_)) * x);{'d0': {'_a0_': 1.4514213952862112, '_a2_': 2.326519980348309, '_a6_': 0.8176398213853132, '_a1_': 1.0, '_a3_': 1.0, '_a4_': 1.0, '_a5_': 1.0, '_a7_': 1.0}};{'d0': 0.02490583291941663};-280.569866449044;37.00470984835839
6404;-103.280223376163;((((((x * _a2_) + _a0_) * x) * _a0_) + (_a0_ / _a6_)) * x);{'d0': {'_a0_': 1.4514213952862112, '_a2_': 2.326519980348309, '_a6_': 0.8176398213853132, '_a1_': 1.0, '_a3_': 1.0, '_a4_': 1.0, '_a5_': 1.0, '_a7_': 1.0}};{'d0': 0.02490583291941663};-280.569866449044;37.00470984835839
6405;-85.9175282510185;(((pow2((_a3_ + pow2(cos((exp(exp(_a4_)) + x))))) ** _a4_) * x) * pow2(_a2_));{'d0': {'_a2_': -1.11511657446563, '_a3_': 1.0712989342969286, '_a4_': 1.1546020091647236, '_a0_': 1.0, '_a1_': 1.0, '_a5_': 1.0, '_a6_': 1.0, '_a7_': 1.0}};{'d0': 0.023628393048630462};-283.729043188405;55.946993343183976
6406;-85.9175282510185;(((pow2((_a3_ + pow2(cos((exp(exp(_a4_)) + x))))) ** _a4_) * x) * pow2(_a2_));{'d0': {'_a2_': -1.11511657446563, '_a3_': 1.0712989342969286, '_a4_': 1.1546020091647236, '_a0_': 1.0, '_a1_': 1.0, '_a5_': 1.0, '_a6_': 1.0, '_a7_': 1.0}};{'d0': 0.023628393048630462};-283.729043188405;55.946993343183976
6407;-85.9175282510185;(((pow2((_a3_ + pow2(cos((exp(exp(_a4_)) + x))))) ** _a4_) * x) * pow2(_a2_));{'d0': {'_a2_': -1.11511657446563, '_a3_': 1.0712989342969286, '_a4_': 1.1546020091647236, '_a0_': 1.0, '_a1_': 1.0, '_a5_': 1.0, '_a6_': 1.0, '_a7_': 1.0}};{'d0': 0.023628393048630462};-283.729043188405;55.946993343183976
6408;-85.9175282510185;(((pow2((_a3_ + pow2(cos((exp(exp(_a4_)) + x))))) ** _a4_) * x) * pow2(_a2_));{'d0': {'_a2_': -1.11511657446563, '_a3_': 1.0712989342969286, '_a4_': 1.1546020091647236, '_a0_': 1.0, '_a1_': 1.0, '_a5_': 1.0, '_a6_': 1.0, '_a7_': 1.0}};{'d0': 0.023628393048630462};-283.729043188405;55.946993343183976
6409;-85.9175282510185;(((pow2((_a3_ + pow2(cos((exp(exp(_a4_)) + x))))) ** _a4_) * x) * pow2(_a2_));{'d0': {'_a2_': -1.11511657446563, '_a3_': 1.0712989342969286, '_a4_': 1.1546020091647236, '_a0_': 1.0, '_a1_': 1.0, '_a5_': 1.0, '_a6_': 1.0, '_a7_': 1.0}};{'d0': 0.023628393048630462};-283.729043188405;55.946993343183976
6410;-85.9175282510185;(((pow2((_a3_ + pow2(cos((exp(exp(_a4_)) + x))))) ** _a4_) * x) * pow2(_a2_));{'d0': {'_a2_': -1.11511657446563, '_a3_': 1.0712989342969286, '_a4_': 1.1546020091647236, '_a0_': 1.0, '_a1_': 1.0, '_a5_': 1.0, '_a6_': 1.0, '_a7_': 1.0}};{'d0': 0.023628393048630462};-283.729043188405;55.946993343183976
6411;-85.9175282510185;(((pow2((_a3_ + pow2(cos((exp(exp(_a4_)) + x))))) ** _a4_) * x) * pow2(_a2_));{'d0': {'_a2_': -1.11511657446563, '_a3_': 1.0712989342969286, '_a4_': 1.1546020091647236, '_a0_': 1.0, '_a1_': 1.0, '_a5_': 1.0, '_a6_': 1.0, '_a7_': 1.0}};{'d0': 0.023628393048630462};-283.729043188405;55.946993343183976
6412;-85.9175282510185;(((pow2((_a3_ + pow2(cos((exp(exp(_a4_)) + x))))) ** _a4_) * x) * pow2(_a2_));{'d0': {'_a2_': -1.11511657446563, '_a3_': 1.0712989342969286, '_a4_': 1.1546020091647236, '_a0_': 1.0, '_a1_': 1.0, '_a5_': 1.0, '_a6_': 1.0, '_a7_': 1.0}};{'d0': 0.023628393048630462};-283.729043188405;55.946993343183976
6413;-85.9175282510185;(((pow2((_a3_ + pow2(cos((exp(exp(_a4_)) + x))))) ** _a4_) * x) * pow2(_a2_));{'d0': {'_a2_': -1.11511657446563, '_a3_': 1.0712989342969286, '_a4_': 1.1546020091647236, '_a0_': 1.0, '_a1_': 1.0, '_a5_': 1.0, '_a6_': 1.0, '_a7_': 1.0}};{'d0': 0.023628393048630462};-283.729043188405;55.946993343183976
6414;-89.3227326723500;(((pow2((_a3_ + pow2(cos((exp(_a5_) + x))))) ** _a4_) * x) * pow2(_a2_));{'d0': {'_a2_': -0.9588554719421243, '_a3_': 1.2001666258743189, '_a4_': 1.2695841973466377, '_a5_': 0.6321346183250247, '_a0_': 1.0, '_a1_': 1.0, '_a6_': 1.0, '_a7_': 1.0}};{'d0': 0.023560512980539877};-279.807315761748;50.58092520852398
6415;-95.0132009747092;(((pow2((_a3_ + pow2(cos((exp(_a5_) + x))))) ** _a4_) * x) * _a4_);{'d0': {'_a3_': 1.0956337036613175, '_a4_': 1.1764325099433568, '_a5_': 0.6323539942467238, '_a0_': 1.0, '_a1_': 1.0, '_a2_': 1.0, '_a6_': 1.0, '_a7_': 1.0}};{'d0': 0.023603462411592547};-283.792383421247;46.88299073591398
6416;-95.0132009747092;(((pow2((_a3_ + pow2(cos((exp(_a5_) + x))))) ** _a4_) * x) * _a4_);{'d0': {'_a3_': 1.0956337036613175, '_a4_': 1.1764325099433568, '_a5_': 0.6323539942467238, '_a0_': 1.0, '_a1_': 1.0, '_a2_': 1.0, '_a6_': 1.0, '_a7_': 1.0}};{'d0': 0.023603462411592547};-283.792383421247;46.88299073591398
6417;-95.0132009747092;(((pow2((_a3_ + pow2(cos((exp(_a5_) + x))))) ** _a4_) * x) * _a4_);{'d0': {'_a3_': 1.0956337036613175, '_a4_': 1.1764325099433568, '_a5_': 0.6323539942467238, '_a0_': 1.0, '_a1_': 1.0, '_a2_': 1.0, '_a6_': 1.0, '_a7_': 1.0}};{'d0': 0.023603462411592547};-283.792383421247;46.88299073591398
6418;-95.0132009747092;(((pow2((_a3_ + pow2(cos((exp(_a5_) + x))))) ** _a4_) * x) * _a4_);{'d0': {'_a3_': 1.0956337036613175, '_a4_': 1.1764325099433568, '_a5_': 0.6323539942467238, '_a0_': 1.0, '_a1_': 1.0, '_a2_': 1.0, '_a6_': 1.0, '_a7_': 1.0}};{'d0': 0.023603462411592547};-283.792383421247;46.88299073591398
6419;-95.0132009747092;(((pow2((_a3_ + pow2(cos((exp(_a5_) + x))))) ** _a4_) * x) * _a4_);{'d0': {'_a3_': 1.0956337036613175, '_a4_': 1.1764325099433568, '_a5_': 0.6323539942467238, '_a0_': 1.0, '_a1_': 1.0, '_a2_': 1.0, '_a6_': 1.0, '_a7_': 1.0}};{'d0': 0.023603462411592547};-283.792383421247;46.88299073591398
6420;-95.0132009747092;(((pow2((_a3_ + pow2(cos((exp(_a5_) + x))))) ** _a4_) * x) * _a4_);{'d0': {'_a3_': 1.0956337036613175, '_a4_': 1.1764325099433568, '_a5_': 0.6323539942467238, '_a0_': 1.0, '_a1_': 1.0, '_a2_': 1.0, '_a6_': 1.0, '_a7_': 1.0}};{'d0': 0.023603462411592547};-283.792383421247;46.88299073591398
6421;-95.0132009747092;(((pow2((_a3_ + pow2(cos((exp(_a5_) + x))))) ** _a4_) * x) * _a4_);{'d0': {'_a3_': 1.0956337036613175, '_a4_': 1.1764325099433568, '_a5_': 0.6323539942467238, '_a0_': 1.0, '_a1_': 1.0, '_a2_': 1.0, '_a6_': 1.0, '_a7_': 1.0}};{'d0': 0.023603462411592547};-283.792383421247;46.88299073591398
6422;-95.0132009747092;(((pow2((_a3_ + pow2(cos((exp(_a5_) + x))))) ** _a4_) * x) * _a4_);{'d0': {'_a3_': 1.0956337036613175, '_a4_': 1.1764325099433568, '_a5_': 0.6323539942467238, '_a0_': 1.0, '_a1_': 1.0, '_a2_': 1.0, '_a6_': 1.0, '_a7_': 1.0}};{'d0': 0.023603462411592547};-283.792383421247;46.88299073591398
6423;-95.0132009747092;(((pow2((_a3_ + pow2(cos((exp(_a5_) + x))))) ** _a4_) * x) * _a4_);{'d0': {'_a3_': 1.0956337036613175, '_a4_': 1.1764325099433568, '_a5_': 0.6323539942467238, '_a0_': 1.0, '_a1_': 1.0, '_a2_': 1.0, '_a6_': 1.0, '_a7_': 1.0}};{'d0': 0.023603462411592547};-283.792383421247;46.88299073591398
6424;-95.0132009747092;(((pow2((_a3_ + pow2(cos((exp(_a5_) + x))))) ** _a4_) * x) * _a4_);{'d0': {'_a3_': 1.0956337036613175, '_a4_': 1.1764325099433568, '_a5_': 0.6323539942467238, '_a0_': 1.0, '_a1_': 1.0, '_a2_': 1.0, '_a6_': 1.0, '_a7_': 1.0}};{'d0': 0.023603462411592547};-283.792383421247;46.88299073591398
6425;-95.0132009747092;(((pow2((_a3_ + pow2(cos((exp(_a5_) + x))))) ** _a4_) * x) * _a4_);{'d0': {'_a3_': 1.0956337036613175, '_a4_': 1.1764325099433568, '_a5_': 0.6323539942467238, '_a0_': 1.0, '_a1_': 1.0, '_a2_': 1.0, '_a6_': 1.0, '_a7_': 1.0}};{'d0': 0.023603462411592547};-283.792383421247;46.88299073591398
6426;-95.0132009747092;(((pow2((_a3_ + pow2(cos((exp(_a5_) + x))))) ** _a4_) * x) * _a4_);{'d0': {'_a3_': 1.0956337036613175, '_a4_': 1.1764325099433568, '_a5_': 0.6323539942467238, '_a0_': 1.0, '_a1_': 1.0, '_a2_': 1.0, '_a6_': 1.0, '_a7_': 1.0}};{'d0': 0.023603462411592547};-283.792383421247;46.88299073591398
6427;-95.0132009747092;(((pow2((_a3_ + pow2(cos((exp(_a5_) + x))))) ** _a4_) * x) * _a4_);{'d0': {'_a3_': 1.0956337036613175, '_a4_': 1.1764325099433568, '_a5_': 0.6323539942467238, '_a0_': 1.0, '_a1_': 1.0, '_a2_': 1.0, '_a6_': 1.0, '_a7_': 1.0}};{'d0': 0.023603462411592547};-283.792383421247;46.88299073591398
6428;-95.0132009747092;(((pow2((_a3_ + pow2(cos((exp(_a5_) + x))))) ** _a4_) * x) * _a4_);{'d0': {'_a3_': 1.0956337036613175, '_a4_': 1.1764325099433568, '_a5_': 0.6323539942467238, '_a0_': 1.0, '_a1_': 1.0, '_a2_': 1.0, '_a6_': 1.0, '_a7_': 1.0}};{'d0': 0.023603462411592547};-283.792383421247;46.88299073591398
6429;-95.5022864702343;(((pow2((_a3_ + pow2(cos(((_a7_ * _a3_) + x))))) ** _a4_) * x) * _a4_);{'d0': {'_a3_': 1.0956337048176934, '_a4_': 1.1764325087593186, '_a7_': 1.7177599246603192, '_a0_': 1.0, '_a1_': 1.0, '_a2_': 1.0, '_a5_': 1.0, '_a6_': 1.0}};{'d0': 0.02360346241159257};-283.792383421247;46.39390524038898
6430;-95.5022864702343;(((pow2((_a3_ + pow2(cos(((_a7_ * _a3_) + x))))) ** _a4_) * x) * _a4_);{'d0': {'_a3_': 1.0956337048176934, '_a4_': 1.1764325087593186, '_a7_': 1.7177599246603192, '_a0_': 1.0, '_a1_': 1.0, '_a2_': 1.0, '_a5_': 1.0, '_a6_': 1.0}};{'d0': 0.02360346241159257};-283.792383421247;46.39390524038898
6431;-95.5022864702343;(((pow2((_a3_ + pow2(cos(((_a7_ * _a3_) + x))))) ** _a4_) * x) * _a4_);{'d0': {'_a3_': 1.0956337048176934, '_a4_': 1.1764325087593186, '_a7_': 1.7177599246603192, '_a0_': 1.0, '_a1_': 1.0, '_a2_': 1.0, '_a5_': 1.0, '_a6_': 1.0}};{'d0': 0.02360346241159257};-283.792383421247;46.39390524038898
6432;-95.5022864702343;(((pow2((_a3_ + pow2(cos(((_a7_ * _a3_) + x))))) ** _a4_) * x) * _a4_);{'d0': {'_a3_': 1.0956337048176934, '_a4_': 1.1764325087593186, '_a7_': 1.7177599246603192, '_a0_': 1.0, '_a1_': 1.0, '_a2_': 1.0, '_a5_': 1.0, '_a6_': 1.0}};{'d0': 0.02360346241159257};-283.792383421247;46.39390524038898
6433;-95.5022864702343;(((pow2((_a3_ + pow2(cos(((_a7_ * _a3_) + x))))) ** _a4_) * x) * _a4_);{'d0': {'_a3_': 1.0956337048176934, '_a4_': 1.1764325087593186, '_a7_': 1.7177599246603192, '_a0_': 1.0, '_a1_': 1.0, '_a2_': 1.0, '_a5_': 1.0, '_a6_': 1.0}};{'d0': 0.02360346241159257};-283.792383421247;46.39390524038898
6434;-95.5022864702343;(((pow2((_a3_ + pow2(cos(((_a7_ * _a3_) + x))))) ** _a4_) * x) * _a4_);{'d0': {'_a3_': 1.0956337048176934, '_a4_': 1.1764325087593186, '_a7_': 1.7177599246603192, '_a0_': 1.0, '_a1_': 1.0, '_a2_': 1.0, '_a5_': 1.0, '_a6_': 1.0}};{'d0': 0.02360346241159257};-283.792383421247;46.39390524038898
6435;-95.5022864702343;(((pow2((_a3_ + pow2(cos(((_a7_ * _a3_) + x))))) ** _a4_) * x) * _a4_);{'d0': {'_a3_': 1.0956337048176934, '_a4_': 1.1764325087593186, '_a7_': 1.7177599246603192, '_a0_': 1.0, '_a1_': 1.0, '_a2_': 1.0, '_a5_': 1.0, '_a6_': 1.0}};{'d0': 0.02360346241159257};-283.792383421247;46.39390524038898
6436;-95.5022864702343;(((pow2((_a3_ + pow2(cos(((_a7_ * _a3_) + x))))) ** _a4_) * x) * _a4_);{'d0': {'_a3_': 1.0956337048176934, '_a4_': 1.1764325087593186, '_a7_': 1.7177599246603192, '_a0_': 1.0, '_a1_': 1.0, '_a2_': 1.0, '_a5_': 1.0, '_a6_': 1.0}};{'d0': 0.02360346241159257};-283.792383421247;46.39390524038898
6437;-95.5022864702343;(((pow2((_a3_ + pow2(cos(((_a7_ * _a3_) + x))))) ** _a4_) * x) * _a4_);{'d0': {'_a3_': 1.0956337048176934, '_a4_': 1.1764325087593186, '_a7_': 1.7177599246603192, '_a0_': 1.0, '_a1_': 1.0, '_a2_': 1.0, '_a5_': 1.0, '_a6_': 1.0}};{'d0': 0.02360346241159257};-283.792383421247;46.39390524038898
6438;-96.3253141672358;(((_a0_ * pow2(x)) + (pow2(_a0_) + (x * log(_a7_)))) * (x * _a5_));{'d0': {'_a0_': 0.5256917713915936, '_a5_': 6.423461537592503, '_a7_': 1.3881303383200225, '_a1_': 1.0, '_a2_': 1.0, '_a3_': 1.0, '_a4_': 1.0, '_a6_': 1.0}};{'d0': 0.02490583291941661};-280.569866449044;43.959619057286034
6439;-96.3253141672358;(((_a0_ * pow2(x)) + (pow2(_a0_) + (x * log(_a7_)))) * (x * _a5_));{'d0': {'_a0_': 0.5256917713915936, '_a5_': 6.423461537592503, '_a7_': 1.3881303383200225, '_a1_': 1.0, '_a2_': 1.0, '_a3_': 1.0, '_a4_': 1.0, '_a6_': 1.0}};{'d0': 0.02490583291941661};-280.569866449044;43.959619057286034
6440;-96.3253141672358;(((_a0_ * pow2(x)) + (pow2(_a0_) + (x * log(_a7_)))) * (x * _a5_));{'d0': {'_a0_': 0.5256917713915936, '_a5_': 6.423461537592503, '_a7_': 1.3881303383200225, '_a1_': 1.0, '_a2_': 1.0, '_a3_': 1.0, '_a4_': 1.0, '_a6_': 1.0}};{'d0': 0.02490583291941661};-280.569866449044;43.959619057286034
6441;-95.5022864702343;(((pow2((_a3_ + pow2(cos(((_a7_ * _a3_) + x))))) ** _a4_) * x) * _a4_);{'d0': {'_a3_': 1.0956337048176934, '_a4_': 1.1764325087593186, '_a7_': 1.7177599246603192, '_a0_': 1.0, '_a1_': 1.0, '_a2_': 1.0, '_a5_': 1.0, '_a6_': 1.0}};{'d0': 0.02360346241159257};-283.792383421247;46.39390524038898
6442;-95.5022864702343;(((pow2((_a3_ + pow2(cos(((_a7_ * _a3_) + x))))) ** _a4_) * x) * _a4_);{'d0': {'_a3_': 1.0956337048176934, '_a4_': 1.1764325087593186, '_a7_': 1.7177599246603192, '_a0_': 1.0, '_a1_': 1.0, '_a2_': 1.0, '_a5_': 1.0, '_a6_': 1.0}};{'d0': 0.02360346241159257};-283.792383421247;46.39390524038898
6443;-95.5022864702342;(((pow2((_a7_ + pow2(cos(((_a7_ * _a3_) + x))))) ** _a4_) * x) * _a4_);{'d0': {'_a3_': 1.7177599255095062, '_a4_': 1.1764325093819794, '_a7_': 1.0956337042093987, '_a0_': 1.0, '_a1_': 1.0, '_a2_': 1.0, '_a5_': 1.0, '_a6_': 1.0}};{'d0': 0.02360346241159258};-283.792383421246;46.39390524038898
6444;-95.5022864702342;(((pow2((_a7_ + pow2(cos(((_a7_ * _a3_) + x))))) ** _a4_) * x) * _a4_);{'d0': {'_a3_': 1.7177599255095062, '_a4_': 1.1764325093819794, '_a7_': 1.0956337042093987, '_a0_': 1.0, '_a1_': 1.0, '_a2_': 1.0, '_a5_': 1.0, '_a6_': 1.0}};{'d0': 0.02360346241159258};-283.792383421246;46.39390524038898
6445;-95.5022864702342;(((pow2((_a7_ + pow2(cos(((_a7_ * _a3_) + x))))) ** _a4_) * x) * _a4_);{'d0': {'_a3_': 1.7177599255095062, '_a4_': 1.1764325093819794, '_a7_': 1.0956337042093987, '_a0_': 1.0, '_a1_': 1.0, '_a2_': 1.0, '_a5_': 1.0, '_a6_': 1.0}};{'d0': 0.02360346241159258};-283.792383421246;46.39390524038898
6446;-95.5022864702342;(((pow2((_a7_ + pow2(cos(((_a7_ * _a3_) + x))))) ** _a4_) * x) * _a4_);{'d0': {'_a3_': 1.7177599255095062, '_a4_': 1.1764325093819794, '_a7_': 1.0956337042093987, '_a0_': 1.0, '_a1_': 1.0, '_a2_': 1.0, '_a5_': 1.0, '_a6_': 1.0}};{'d0': 0.02360346241159258};-283.792383421246;46.39390524038898
6447;-95.5022864702342;(((pow2((_a7_ + pow2(cos(((_a7_ * _a3_) + x))))) ** _a4_) * x) * _a4_);{'d0': {'_a3_': 1.7177599255095062, '_a4_': 1.1764325093819794, '_a7_': 1.0956337042093987, '_a0_': 1.0, '_a1_': 1.0, '_a2_': 1.0, '_a5_': 1.0, '_a6_': 1.0}};{'d0': 0.02360346241159258};-283.792383421246;46.39390524038898
6448;-95.5022864702342;(((pow2((_a7_ + pow2(cos(((_a7_ * _a3_) + x))))) ** _a4_) * x) * _a4_);{'d0': {'_a3_': 1.7177599255095062, '_a4_': 1.1764325093819794, '_a7_': 1.0956337042093987, '_a0_': 1.0, '_a1_': 1.0, '_a2_': 1.0, '_a5_': 1.0, '_a6_': 1.0}};{'d0': 0.02360346241159258};-283.792383421246;46.39390524038898
6449;-96.6454360377842;(((pow2((_a7_ + pow2(cos(((_a7_ * _a3_) + x))))) * _a4_) * x) * _a4_);{'d0': {'_a3_': 2.0956628298218893, '_a4_': 1.3411109405383905, '_a7_': 0.8985498417520491, '_a0_': 1.0, '_a1_': 1.0, '_a2_': 1.0, '_a5_': 1.0, '_a6_': 1.0}};{'d0': 0.024057064815324634};-282.650265715060;44.679696819745985
6450;-96.6454360377842;(((pow2((_a7_ + pow2(cos(((_a7_ * _a3_) + x))))) * _a4_) * x) * _a4_);{'d0': {'_a3_': 2.0956628298218893, '_a4_': 1.3411109405383905, '_a7_': 0.8985498417520491, '_a0_': 1.0, '_a1_': 1.0, '_a2_': 1.0, '_a5_': 1.0, '_a6_': 1.0}};{'d0': 0.024057064815324634};-282.650265715060;44.679696819745985
6451;-96.6454360377842;(((pow2((_a7_ + pow2(cos(((_a7_ * _a3_) + x))))) * _a4_) * x) * _a4_);{'d0': {'_a3_': 2.0956628298218893, '_a4_': 1.3411109405383905, '_a7_': 0.8985498417520491, '_a0_': 1.0, '_a1_': 1.0, '_a2_': 1.0, '_a5_': 1.0, '_a6_': 1.0}};{'d0': 0.024057064815324634};-282.650265715060;44.679696819745985
6452;-96.6454360377842;(((pow2((_a7_ + pow2(cos(((_a7_ * _a3_) + x))))) * _a4_) * x) * _a4_);{'d0': {'_a3_': 2.0956628298218893, '_a4_': 1.3411109405383905, '_a7_': 0.8985498417520491, '_a0_': 1.0, '_a1_': 1.0, '_a2_': 1.0, '_a5_': 1.0, '_a6_': 1.0}};{'d0': 0.024057064815324634};-282.650265715060;44.679696819745985
6453;-96.6454360377842;(((pow2((_a7_ + pow2(cos(((_a7_ * _a3_) + x))))) * _a4_) * x) * _a4_);{'d0': {'_a3_': 2.0956628298218893, '_a4_': 1.3411109405383905, '_a7_': 0.8985498417520491, '_a0_': 1.0, '_a1_': 1.0, '_a2_': 1.0, '_a5_': 1.0, '_a6_': 1.0}};{'d0': 0.024057064815324634};-282.650265715060;44.679696819745985
6454;-96.6454360377842;(((pow2((_a7_ + pow2(cos(((_a7_ * _a3_) + x))))) * _a4_) * x) * _a4_);{'d0': {'_a3_': 2.0956628298218893, '_a4_': 1.3411109405383905, '_a7_': 0.8985498417520491, '_a0_': 1.0, '_a1_': 1.0, '_a2_': 1.0, '_a5_': 1.0, '_a6_': 1.0}};{'d0': 0.024057064815324634};-282.650265715060;44.679696819745985
6455;-95.7640451483159;(((_a0_ * pow2(x)) + (pow2(_a0_) + (x * (_a7_ + _a5_)))) * (x * _a5_));{'d0': {'_a0_': 0.5256917705200473, '_a5_': 6.423461555170221, '_a7_': -6.095503794426857, '_a1_': 1.0, '_a2_': 1.0, '_a3_': 1.0, '_a4_': 1.0, '_a6_': 1.0}};{'d0': 0.024905832919416584};-280.569866449044;44.520888076206035
6456;-95.7640451483159;(((_a0_ * pow2(x)) + (pow2(_a0_) + (x * (_a7_ + _a5_)))) * (x * _a5_));{'d0': {'_a0_': 0.5256917705200473, '_a5_': 6.423461555170221, '_a7_': -6.095503794426857, '_a1_': 1.0, '_a2_': 1.0, '_a3_': 1.0, '_a4_': 1.0, '_a6_': 1.0}};{'d0': 0.024905832919416584};-280.569866449044;44.520888076206035
6457;-95.7640451483159;(((_a0_ * pow2(x)) + (pow2(_a0_) + (x * (_a7_ + _a5_)))) * (x * _a5_));{'d0': {'_a0_': 0.5256917705200473, '_a5_': 6.423461555170221, '_a7_': -6.095503794426857, '_a1_': 1.0, '_a2_': 1.0, '_a3_': 1.0, '_a4_': 1.0, '_a6_': 1.0}};{'d0': 0.024905832919416584};-280.569866449044;44.520888076206035
6458;-95.7640451483159;(((_a0_ * pow2(x)) + (pow2(_a0_) + (x * (_a7_ + _a5_)))) * (x * _a5_));{'d0': {'_a0_': 0.5256917705200473, '_a5_': 6.423461555170221, '_a7_': -6.095503794426857, '_a1_': 1.0, '_a2_': 1.0, '_a3_': 1.0, '_a4_': 1.0, '_a6_': 1.0}};{'d0': 0.024905832919416584};-280.569866449044;44.520888076206035
6459;-95.7640451483159;(((_a0_ * pow2(x)) + (pow2(_a0_) + (x * (_a7_ + _a5_)))) * (x * _a5_));{'d0': {'_a0_': 0.5256917705200473, '_a5_': 6.423461555170221, '_a7_': -6.095503794426857, '_a1_': 1.0, '_a2_': 1.0, '_a3_': 1.0, '_a4_': 1.0, '_a6_': 1.0}};{'d0': 0.024905832919416584};-280.569866449044;44.520888076206035
6460;-95.7640451483159;(((_a0_ * pow2(x)) + (pow2(_a0_) + (x * (_a7_ + _a5_)))) * (x * _a5_));{'d0': {'_a0_': 0.5256917705200473, '_a5_': 6.423461555170221, '_a7_': -6.095503794426857, '_a1_': 1.0, '_a2_': 1.0, '_a3_': 1.0, '_a4_': 1.0, '_a6_': 1.0}};{'d0': 0.024905832919416584};-280.569866449044;44.520888076206035
6461;-95.7640451483159;(((_a0_ * pow2(x)) + (pow2(_a0_) + (x * (_a7_ + _a5_)))) * (x * _a5_));{'d0': {'_a0_': 0.5256917705200473, '_a5_': 6.423461555170221, '_a7_': -6.095503794426857, '_a1_': 1.0, '_a2_': 1.0, '_a3_': 1.0, '_a4_': 1.0, '_a6_': 1.0}};{'d0': 0.024905832919416584};-280.569866449044;44.520888076206035
6462;-95.7640451483159;(((_a0_ * pow2(x)) + (pow2(_a0_) + (x * (_a7_ + _a5_)))) * (x * _a5_));{'d0': {'_a0_': 0.5256917705200473, '_a5_': 6.423461555170221, '_a7_': -6.095503794426857, '_a1_': 1.0, '_a2_': 1.0, '_a3_': 1.0, '_a4_': 1.0, '_a6_': 1.0}};{'d0': 0.024905832919416584};-280.569866449044;44.520888076206035
6463;-95.7640451483159;(((_a0_ * pow2(x)) + (pow2(_a0_) + (x * (_a7_ + _a5_)))) * (x * _a5_));{'d0': {'_a0_': 0.5256917705200473, '_a5_': 6.423461555170221, '_a7_': -6.095503794426857, '_a1_': 1.0, '_a2_': 1.0, '_a3_': 1.0, '_a4_': 1.0, '_a6_': 1.0}};{'d0': 0.024905832919416584};-280.569866449044;44.520888076206035
6464;-95.7640451483159;(((_a0_ * pow2(x)) + (pow2(_a0_) + (x * (_a7_ + _a5_)))) * (x * _a5_));{'d0': {'_a0_': 0.5256917705200473, '_a5_': 6.423461555170221, '_a7_': -6.095503794426857, '_a1_': 1.0, '_a2_': 1.0, '_a3_': 1.0, '_a4_': 1.0, '_a6_': 1.0}};{'d0': 0.024905832919416584};-280.569866449044;44.520888076206035
6465;-95.7640451483159;(((_a0_ * pow2(x)) + (pow2(_a0_) + (x * (_a7_ + _a5_)))) * (x * _a5_));{'d0': {'_a0_': 0.5256917705200473, '_a5_': 6.423461555170221, '_a7_': -6.095503794426857, '_a1_': 1.0, '_a2_': 1.0, '_a3_': 1.0, '_a4_': 1.0, '_a6_': 1.0}};{'d0': 0.024905832919416584};-280.569866449044;44.520888076206035
6466;-95.7640451483159;(((_a0_ * pow2(x)) + (pow2(_a0_) + (x * (_a7_ + _a5_)))) * (x * _a5_));{'d0': {'_a0_': 0.5256917705200473, '_a5_': 6.423461555170221, '_a7_': -6.095503794426857, '_a1_': 1.0, '_a2_': 1.0, '_a3_': 1.0, '_a4_': 1.0, '_a6_': 1.0}};{'d0': 0.024905832919416584};-280.569866449044;44.520888076206035
6467;-95.7640451483159;(((_a0_ * pow2(x)) + (pow2(_a0_) + (x * (_a7_ + _a5_)))) * (x * _a5_));{'d0': {'_a0_': 0.5256917705200473, '_a5_': 6.423461555170221, '_a7_': -6.095503794426857, '_a1_': 1.0, '_a2_': 1.0, '_a3_': 1.0, '_a4_': 1.0, '_a6_': 1.0}};{'d0': 0.024905832919416584};-280.569866449044;44.520888076206035
6468;-95.7640451483159;(((_a0_ * pow2(x)) + (pow2(_a0_) + (x * (_a7_ + _a5_)))) * (x * _a5_));{'d0': {'_a0_': 0.5256917705200473, '_a5_': 6.423461555170221, '_a7_': -6.095503794426857, '_a1_': 1.0, '_a2_': 1.0, '_a3_': 1.0, '_a4_': 1.0, '_a6_': 1.0}};{'d0': 0.024905832919416584};-280.569866449044;44.520888076206035
6469;-95.7640451483159;(((_a0_ * pow2(x)) + (pow2(_a0_) + (x * (_a7_ + _a5_)))) * (x * _a5_));{'d0': {'_a0_': 0.5256917705200473, '_a5_': 6.423461555170221, '_a7_': -6.095503794426857, '_a1_': 1.0, '_a2_': 1.0, '_a3_': 1.0, '_a4_': 1.0, '_a6_': 1.0}};{'d0': 0.024905832919416584};-280.569866449044;44.520888076206035
6470;-94.7927840247426;(((_a0_ * pow2(x)) + (pow2(_a0_) + (x + (_a7_ + _a5_)))) * (x * _a5_));{'d0': {'_a0_': 1.602925234985906, '_a5_': 2.106624068814688, '_a7_': -3.8333487741036114, '_a1_': 1.0, '_a2_': 1.0, '_a3_': 1.0, '_a4_': 1.0, '_a6_': 1.0}};{'d0': 0.024905832919416813};-280.569866449043;45.492149199779035
6471;-94.7927840247426;(((_a0_ * pow2(x)) + (pow2(_a0_) + (x + (_a7_ + _a5_)))) * (x * _a5_));{'d0': {'_a0_': 1.602925234985906, '_a5_': 2.106624068814688, '_a7_': -3.8333487741036114, '_a1_': 1.0, '_a2_': 1.0, '_a3_': 1.0, '_a4_': 1.0, '_a6_': 1.0}};{'d0': 0.024905832919416813};-280.569866449043;45.492149199779035
6472;-94.7927840247426;(((_a0_ * pow2(x)) + (pow2(_a0_) + (x + (_a7_ + _a5_)))) * (x * _a5_));{'d0': {'_a0_': 1.602925234985906, '_a5_': 2.106624068814688, '_a7_': -3.8333487741036114, '_a1_': 1.0, '_a2_': 1.0, '_a3_': 1.0, '_a4_': 1.0, '_a6_': 1.0}};{'d0': 0.024905832919416813};-280.569866449043;45.492149199779035
6473;-94.7927840247426;(((_a0_ * pow2(x)) + (pow2(_a0_) + (x + (_a7_ + _a5_)))) * (x * _a5_));{'d0': {'_a0_': 1.602925234985906, '_a5_': 2.106624068814688, '_a7_': -3.8333487741036114, '_a1_': 1.0, '_a2_': 1.0, '_a3_': 1.0, '_a4_': 1.0, '_a6_': 1.0}};{'d0': 0.024905832919416813};-280.569866449043;45.492149199779035
6474;-92.7456116925124;(((_a0_ * pow2(x)) + (pow2(_a0_) + (x + (_a7_ + _a6_)))) * (x * _a5_));{'d0': {'_a0_': 1.6029252414032056, '_a5_': 2.1066240592843335, '_a6_': 839.5685389503409, '_a7_': -841.2952628864302, '_a1_': 1.0, '_a2_': 1.0, '_a3_': 1.0, '_a4_': 1.0}};{'d0': 0.024905832961855664};-276.475521784583;45.492149199779035
6475;-92.7456116925124;(((_a0_ * pow2(x)) + (pow2(_a0_) + (x + (_a7_ + _a6_)))) * (x * _a5_));{'d0': {'_a0_': 1.6029252414032056, '_a5_': 2.1066240592843335, '_a6_': 839.5685389503409, '_a7_': -841.2952628864302, '_a1_': 1.0, '_a2_': 1.0, '_a3_': 1.0, '_a4_': 1.0}};{'d0': 0.024905832961855664};-276.475521784583;45.492149199779035
6476;-92.7456116925124;(((_a0_ * pow2(x)) + (pow2(_a0_) + (x + (_a7_ + _a6_)))) * (x * _a5_));{'d0': {'_a0_': 1.6029252414032056, '_a5_': 2.1066240592843335, '_a6_': 839.5685389503409, '_a7_': -841.2952628864302, '_a1_': 1.0, '_a2_': 1.0, '_a3_': 1.0, '_a4_': 1.0}};{'d0': 0.024905832961855664};-276.475521784583;45.492149199779035
6477;-92.7456116925124;(((_a0_ * pow2(x)) + (pow2(_a0_) + (x + (_a7_ + _a6_)))) * (x * _a5_));{'d0': {'_a0_': 1.6029252414032056, '_a5_': 2.1066240592843335, '_a6_': 839.5685389503409, '_a7_': -841.2952628864302, '_a1_': 1.0, '_a2_': 1.0, '_a3_': 1.0, '_a4_': 1.0}};{'d0': 0.024905832961855664};-276.475521784583;45.492149199779035
6478;-92.7456116925124;(((_a0_ * pow2(x)) + (pow2(_a0_) + (x + (_a7_ + _a6_)))) * (x * _a5_));{'d0': {'_a0_': 1.6029252414032056, '_a5_': 2.1066240592843335, '_a6_': 839.5685389503409, '_a7_': -841.2952628864302, '_a1_': 1.0, '_a2_': 1.0, '_a3_': 1.0, '_a4_': 1.0}};{'d0': 0.024905832961855664};-276.475521784583;45.492149199779035
6479;-92.7456113361449;(((_a0_ * pow2(x)) + (pow2(_a6_) + (x + (_a7_ + _a6_)))) * (x * _a5_));{'d0': {'_a0_': 1.6029306704275703, '_a5_': 2.106631629930832, '_a6_': 393.0219583955705, '_a7_': -154858.43910193266, '_a1_': 1.0, '_a2_': 1.0, '_a3_': 1.0, '_a4_': 1.0}};{'d0': 0.024905833257709984};-276.475521071848;45.492149199779035
6480;-92.7456113361449;(((_a0_ * pow2(x)) + (pow2(_a6_) + (x + (_a7_ + _a6_)))) * (x * _a5_));{'d0': {'_a0_': 1.6029306704275703, '_a5_': 2.106631629930832, '_a6_': 393.0219583955705, '_a7_': -154858.43910193266, '_a1_': 1.0, '_a2_': 1.0, '_a3_': 1.0, '_a4_': 1.0}};{'d0': 0.024905833257709984};-276.475521071848;45.492149199779035
6481;-92.7456113361449;(((_a0_ * pow2(x)) + (pow2(_a6_) + (x + (_a7_ + _a6_)))) * (x * _a5_));{'d0': {'_a0_': 1.6029306704275703, '_a5_': 2.106631629930832, '_a6_': 393.0219583955705, '_a7_': -154858.43910193266, '_a1_': 1.0, '_a2_': 1.0, '_a3_': 1.0, '_a4_': 1.0}};{'d0': 0.024905833257709984};-276.475521071848;45.492149199779035
6482;-92.7456113361449;(((_a0_ * pow2(x)) + (pow2(_a6_) + (x + (_a7_ + _a6_)))) * (x * _a5_));{'d0': {'_a0_': 1.6029306704275703, '_a5_': 2.106631629930832, '_a6_': 393.0219583955705, '_a7_': -154858.43910193266, '_a1_': 1.0, '_a2_': 1.0, '_a3_': 1.0, '_a4_': 1.0}};{'d0': 0.024905833257709984};-276.475521071848;45.492149199779035
6483;-92.7456113361449;(((_a0_ * pow2(x)) + (pow2(_a6_) + (x + (_a7_ + _a6_)))) * (x * _a5_));{'d0': {'_a0_': 1.6029306704275703, '_a5_': 2.106631629930832, '_a6_': 393.0219583955705, '_a7_': -154858.43910193266, '_a1_': 1.0, '_a2_': 1.0, '_a3_': 1.0, '_a4_': 1.0}};{'d0': 0.024905833257709984};-276.475521071848;45.492149199779035
6484;-92.7456113361449;(((_a0_ * pow2(x)) + (pow2(_a6_) + (x + (_a7_ + _a6_)))) * (x * _a5_));{'d0': {'_a0_': 1.6029306704275703, '_a5_': 2.106631629930832, '_a6_': 393.0219583955705, '_a7_': -154858.43910193266, '_a1_': 1.0, '_a2_': 1.0, '_a3_': 1.0, '_a4_': 1.0}};{'d0': 0.024905833257709984};-276.475521071848;45.492149199779035
6485;-92.7456113361449;(((_a0_ * pow2(x)) + (pow2(_a6_) + (x + (_a7_ + _a6_)))) * (x * _a5_));{'d0': {'_a0_': 1.6029306704275703, '_a5_': 2.106631629930832, '_a6_': 393.0219583955705, '_a7_': -154858.43910193266, '_a1_': 1.0, '_a2_': 1.0, '_a3_': 1.0, '_a4_': 1.0}};{'d0': 0.024905833257709984};-276.475521071848;45.492149199779035
6486;-92.7456113361449;(((_a0_ * pow2(x)) + (pow2(_a6_) + (x + (_a7_ + _a6_)))) * (x * _a5_));{'d0': {'_a0_': 1.6029306704275703, '_a5_': 2.106631629930832, '_a6_': 393.0219583955705, '_a7_': -154858.43910193266, '_a1_': 1.0, '_a2_': 1.0, '_a3_': 1.0, '_a4_': 1.0}};{'d0': 0.024905833257709984};-276.475521071848;45.492149199779035
6487;-92.7456113361449;(((_a0_ * pow2(x)) + (pow2(_a6_) + (x + (_a7_ + _a6_)))) * (x * _a5_));{'d0': {'_a0_': 1.6029306704275703, '_a5_': 2.106631629930832, '_a6_': 393.0219583955705, '_a7_': -154858.43910193266, '_a1_': 1.0, '_a2_': 1.0, '_a3_': 1.0, '_a4_': 1.0}};{'d0': 0.024905833257709984};-276.475521071848;45.492149199779035
6488;-86.8250074200993;((((_a0_ * pow2(x)) + (pow2(_a6_) + (x + (_a7_ + _a6_)))) * (x * _a5_)) + x);{'d0': {'_a0_': 1.602919671961138, '_a5_': 2.1066315235768474, '_a6_': 392.76303690462214, '_a7_': -154655.19823689287, '_a1_': 1.0, '_a2_': 1.0, '_a3_': 1.0, '_a4_': 1.0}};{'d0': 0.02490583563789054};-276.475515337816;51.41275024880903
6489;-103.159914093536;(((((((x * _a2_) + _a7_) * x) * _a1_) + _a2_) * x) + x);{'d0': {'_a1_': 4.356349697439229, '_a2_': 0.7751354032614635, '_a7_': 0.4835755194283392, '_a0_': 1.0, '_a3_': 1.0, '_a4_': 1.0, '_a5_': 1.0, '_a6_': 1.0}};{'d0': 0.02490583291941667};-280.569866449043;37.12501913098598
6490;-103.159914093536;(((((((x * _a2_) + _a7_) * x) * _a1_) + _a2_) * x) + x);{'d0': {'_a1_': 4.356349697439229, '_a2_': 0.7751354032614635, '_a7_': 0.4835755194283392, '_a0_': 1.0, '_a3_': 1.0, '_a4_': 1.0, '_a5_': 1.0, '_a6_': 1.0}};{'d0': 0.02490583291941667};-280.569866449043;37.12501913098598
6491;-103.159914093536;(((((((x * _a2_) + _a7_) * x) * _a1_) + _a2_) * x) + x);{'d0': {'_a1_': 4.356349697439229, '_a2_': 0.7751354032614635, '_a7_': 0.4835755194283392, '_a0_': 1.0, '_a3_': 1.0, '_a4_': 1.0, '_a5_': 1.0, '_a6_': 1.0}};{'d0': 0.02490583291941667};-280.569866449043;37.12501913098598
6492;-103.159914093536;(((((((x * _a2_) + _a7_) * x) * _a1_) + _a2_) * x) + x);{'d0': {'_a1_': 4.356349697439229, '_a2_': 0.7751354032614635, '_a7_': 0.4835755194283392, '_a0_': 1.0, '_a3_': 1.0, '_a4_': 1.0, '_a5_': 1.0, '_a6_': 1.0}};{'d0': 0.02490583291941667};-280.569866449043;37.12501913098598
6493;-103.159914093536;(((((((x * _a2_) + _a7_) * x) * _a1_) + _a7_) * x) + x);{'d0': {'_a1_': 2.7177497669597313, '_a2_': 1.242484100986915, '_a7_': 0.7751354053554859, '_a0_': 1.0, '_a3_': 1.0, '_a4_': 1.0, '_a5_': 1.0, '_a6_': 1.0}};{'d0': 0.024905832919416657};-280.569866449044;37.12501913098598
6494;-103.159914093536;(((((((x * _a2_) + _a7_) * x) * _a1_) + _a7_) * x) + x);{'d0': {'_a1_': 2.7177497669597313, '_a2_': 1.242484100986915, '_a7_': 0.7751354053554859, '_a0_': 1.0, '_a3_': 1.0, '_a4_': 1.0, '_a5_': 1.0, '_a6_': 1.0}};{'d0': 0.024905832919416657};-280.569866449044;37.12501913098598
6495;-103.159914093536;(((((((x * _a2_) + _a7_) * x) * _a1_) + _a7_) * x) + x);{'d0': {'_a1_': 2.7177497669597313, '_a2_': 1.242484100986915, '_a7_': 0.7751354053554859, '_a0_': 1.0, '_a3_': 1.0, '_a4_': 1.0, '_a5_': 1.0, '_a6_': 1.0}};{'d0': 0.024905832919416657};-280.569866449044;37.12501913098598
6496;-103.159914093536;(((((((x * _a2_) + _a7_) * x) * _a1_) + _a7_) * x) + x);{'d0': {'_a1_': 2.7177497669597313, '_a2_': 1.242484100986915, '_a7_': 0.7751354053554859, '_a0_': 1.0, '_a3_': 1.0, '_a4_': 1.0, '_a5_': 1.0, '_a6_': 1.0}};{'d0': 0.024905832919416657};-280.569866449044;37.12501913098598
6497;-103.159914093536;(((((((x * _a2_) + _a7_) * x) * _a1_) + _a7_) * x) + x);{'d0': {'_a1_': 2.7177497669597313, '_a2_': 1.242484100986915, '_a7_': 0.7751354053554859, '_a0_': 1.0, '_a3_': 1.0, '_a4_': 1.0, '_a5_': 1.0, '_a6_': 1.0}};{'d0': 0.024905832919416657};-280.569866449044;37.12501913098598
6498;-103.159914093536;(((((((x * _a2_) + _a7_) * x) * _a1_) + _a7_) * x) + x);{'d0': {'_a1_': 2.7177497669597313, '_a2_': 1.242484100986915, '_a7_': 0.7751354053554859, '_a0_': 1.0, '_a3_': 1.0, '_a4_': 1.0, '_a5_': 1.0, '_a6_': 1.0}};{'d0': 0.024905832919416657};-280.569866449044;37.12501913098598
6499;-103.159914093536;(((((((x * _a2_) + _a7_) * x) * _a1_) + _a7_) * x) + x);{'d0': {'_a1_': 2.7177497669597313, '_a2_': 1.242484100986915, '_a7_': 0.7751354053554859, '_a0_': 1.0, '_a3_': 1.0, '_a4_': 1.0, '_a5_': 1.0, '_a6_': 1.0}};{'d0': 0.024905832919416657};-280.569866449044;37.12501913098598
6500;-103.159914093536;(((((((x * _a2_) + _a7_) * x) * _a1_) + _a7_) * x) + x);{'d0': {'_a1_': 2.7177497669597313, '_a2_': 1.242484100986915, '_a7_': 0.7751354053554859, '_a0_': 1.0, '_a3_': 1.0, '_a4_': 1.0, '_a5_': 1.0, '_a6_': 1.0}};{'d0': 0.024905832919416657};-280.569866449044;37.12501913098598
6501;-109.080515142566;((((((x * _a2_) + _a7_) * x) * _a1_) + _a7_) * x);{'d0': {'_a1_': 1.1867399325376384, '_a2_': 2.845409333438582, '_a7_': 1.7751354037426854, '_a0_': 1.0, '_a3_': 1.0, '_a4_': 1.0, '_a5_': 1.0, '_a6_': 1.0}};{'d0': 0.02490583291941664};-280.569866449044;31.204418081955982
6502;-103.159914093536;((((((x * _a2_) + _a7_) * x) * _a1_) + (x + _a2_)) * x);{'d0': {'_a1_': 1.9022553850456412, '_a2_': 1.7751354039342153, '_a7_': 0.5817431659739367, '_a0_': 1.0, '_a3_': 1.0, '_a4_': 1.0, '_a5_': 1.0, '_a6_': 1.0}};{'d0': 0.024905832919416688};-280.569866449043;37.12501913098598
6503;-103.159914093536;((((((x * _a2_) + _a7_) * x) * _a1_) + (x + _a2_)) * x);{'d0': {'_a1_': 1.9022553850456412, '_a2_': 1.7751354039342153, '_a7_': 0.5817431659739367, '_a0_': 1.0, '_a3_': 1.0, '_a4_': 1.0, '_a5_': 1.0, '_a6_': 1.0}};{'d0': 0.024905832919416688};-280.569866449043;37.12501913098598
6504;-103.159914093536;((((((x * _a2_) + _a7_) * x) * _a1_) + (x + _a2_)) * x);{'d0': {'_a1_': 1.9022553850456412, '_a2_': 1.7751354039342153, '_a7_': 0.5817431659739367, '_a0_': 1.0, '_a3_': 1.0, '_a4_': 1.0, '_a5_': 1.0, '_a6_': 1.0}};{'d0': 0.024905832919416688};-280.569866449043;37.12501913098598
6505;-103.159914093536;((((((x * _a2_) + _a7_) * x) * _a1_) + (x + _a2_)) * x);{'d0': {'_a1_': 1.9022553850456412, '_a2_': 1.7751354039342153, '_a7_': 0.5817431659739367, '_a0_': 1.0, '_a3_': 1.0, '_a4_': 1.0, '_a5_': 1.0, '_a6_': 1.0}};{'d0': 0.024905832919416688};-280.569866449043;37.12501913098598
6506;-103.159914093536;((((((x * _a2_) + _a7_) * x) * _a1_) + (x + _a2_)) * x);{'d0': {'_a1_': 1.9022553850456412, '_a2_': 1.7751354039342153, '_a7_': 0.5817431659739367, '_a0_': 1.0, '_a3_': 1.0, '_a4_': 1.0, '_a5_': 1.0, '_a6_': 1.0}};{'d0': 0.024905832919416688};-280.569866449043;37.12501913098598
6507;-103.159914093536;((((((x * _a2_) + _a7_) * x) * _a1_) + (x + _a2_)) * x);{'d0': {'_a1_': 1.9022553850456412, '_a2_': 1.7751354039342153, '_a7_': 0.5817431659739367, '_a0_': 1.0, '_a3_': 1.0, '_a4_': 1.0, '_a5_': 1.0, '_a6_': 1.0}};{'d0': 0.024905832919416688};-280.569866449043;37.12501913098598
6508;-103.159914093536;((((((x * _a2_) + _a7_) * x) * _a1_) + (x + _a2_)) * x);{'d0': {'_a1_': 1.9022553850456412, '_a2_': 1.7751354039342153, '_a7_': 0.5817431659739367, '_a0_': 1.0, '_a3_': 1.0, '_a4_': 1.0, '_a5_': 1.0, '_a6_': 1.0}};{'d0': 0.024905832919416688};-280.569866449043;37.12501913098598
6509;-103.159914093536;((((((x * _a2_) + _a7_) * x) * _a1_) + (x + _a2_)) * x);{'d0': {'_a1_': 1.9022553850456412, '_a2_': 1.7751354039342153, '_a7_': 0.5817431659739367, '_a0_': 1.0, '_a3_': 1.0, '_a4_': 1.0, '_a5_': 1.0, '_a6_': 1.0}};{'d0': 0.024905832919416688};-280.569866449043;37.12501913098598
6510;-103.159914093536;((((((x * _a2_) + _a7_) * x) * _a1_) + (x + _a2_)) * x);{'d0': {'_a1_': 1.9022553850456412, '_a2_': 1.7751354039342153, '_a7_': 0.5817431659739367, '_a0_': 1.0, '_a3_': 1.0, '_a4_': 1.0, '_a5_': 1.0, '_a6_': 1.0}};{'d0': 0.024905832919416688};-280.569866449043;37.12501913098598
6511;-103.159914093536;((((((x * _a2_) + _a7_) * x) * _a1_) + (x + _a2_)) * x);{'d0': {'_a1_': 1.9022553850456412, '_a2_': 1.7751354039342153, '_a7_': 0.5817431659739367, '_a0_': 1.0, '_a3_': 1.0, '_a4_': 1.0, '_a5_': 1.0, '_a6_': 1.0}};{'d0': 0.024905832919416688};-280.569866449043;37.12501913098598
6512;-103.159914093536;((((((x * _a2_) + _a7_) * x) * _a1_) + (x + _a2_)) * x);{'d0': {'_a1_': 1.9022553850456412, '_a2_': 1.7751354039342153, '_a7_': 0.5817431659739367, '_a0_': 1.0, '_a3_': 1.0, '_a4_': 1.0, '_a5_': 1.0, '_a6_': 1.0}};{'d0': 0.024905832919416688};-280.569866449043;37.12501913098598
6513;-103.159914093536;((((((x * _a2_) + _a7_) * x) * _a1_) + (x + _a2_)) * x);{'d0': {'_a1_': 1.9022553850456412, '_a2_': 1.7751354039342153, '_a7_': 0.5817431659739367, '_a0_': 1.0, '_a3_': 1.0, '_a4_': 1.0, '_a5_': 1.0, '_a6_': 1.0}};{'d0': 0.024905832919416688};-280.569866449043;37.12501913098598
6514;-109.080515142566;((((((x * _a2_) + _a7_) * x) * _a1_) + _a7_) * x);{'d0': {'_a1_': 1.1867399325376384, '_a2_': 2.845409333438582, '_a7_': 1.7751354037426854, '_a0_': 1.0, '_a3_': 1.0, '_a4_': 1.0, '_a5_': 1.0, '_a6_': 1.0}};{'d0': 0.02490583291941664};-280.569866449044;31.204418081955982
6515;-109.080515142566;((((((x * _a2_) + _a7_) * x) * _a1_) + _a7_) * x);{'d0': {'_a1_': 1.1867399325376384, '_a2_': 2.845409333438582, '_a7_': 1.7751354037426854, '_a0_': 1.0, '_a3_': 1.0, '_a4_': 1.0, '_a5_': 1.0, '_a6_': 1.0}};{'d0': 0.02490583291941664};-280.569866449044;31.204418081955982
6516;-109.080515142566;((((((x * _a2_) + _a7_) * x) * _a1_) + _a7_) * x);{'d0': {'_a1_': 1.1867399325376384, '_a2_': 2.845409333438582, '_a7_': 1.7751354037426854, '_a0_': 1.0, '_a3_': 1.0, '_a4_': 1.0, '_a5_': 1.0, '_a6_': 1.0}};{'d0': 0.02490583291941664};-280.569866449044;31.204418081955982
6517;-102.416966796466;((((((x * (_a0_ ** _a1_)) + _a7_) * x) * _a1_) + _a7_) * x);{'d0': {'_a0_': 2.4136962995753937, '_a1_': 1.186739931739058, '_a7_': 1.775135404273247, '_a2_': 1.0, '_a3_': 1.0, '_a4_': 1.0, '_a5_': 1.0, '_a6_': 1.0}};{'d0': 0.024905832919416615};-280.569866449044;37.86796642805598
6518;-87.7962718181073;((((_a0_ * pow2(x)) + (pow2(_a6_) + (x + (_a7_ * _a5_)))) * (x * _a7_)) + x);{'d0': {'_a0_': 1.602925235396099, '_a5_': 0.06041008358041338, '_a6_': -0.4906018273484276, '_a7_': 2.1066240693156515, '_a1_': 1.0, '_a2_': 1.0, '_a3_': 1.0, '_a4_': 1.0}};{'d0': 0.024905832919472685};-276.475521886686;50.44148912523603
6519;-87.7962718181073;((((_a0_ * pow2(x)) + (pow2(_a6_) + (x + (_a7_ * _a5_)))) * (x * _a7_)) + x);{'d0': {'_a0_': 1.602925235396099, '_a5_': 0.06041008358041338, '_a6_': -0.4906018273484276, '_a7_': 2.1066240693156515, '_a1_': 1.0, '_a2_': 1.0, '_a3_': 1.0, '_a4_': 1.0}};{'d0': 0.024905832919472685};-276.475521886686;50.44148912523603
6520;-87.7962718181073;((((_a0_ * pow2(x)) + (pow2(_a6_) + (x + (_a7_ * _a5_)))) * (x * _a7_)) + x);{'d0': {'_a0_': 1.602925235396099, '_a5_': 0.06041008358041338, '_a6_': -0.4906018273484276, '_a7_': 2.1066240693156515, '_a1_': 1.0, '_a2_': 1.0, '_a3_': 1.0, '_a4_': 1.0}};{'d0': 0.024905832919472685};-276.475521886686;50.44148912523603
6521;-87.7962718181073;((((_a0_ * pow2(x)) + (pow2(_a6_) + (x + (_a7_ * _a5_)))) * (x * _a7_)) + x);{'d0': {'_a0_': 1.602925235396099, '_a5_': 0.06041008358041338, '_a6_': -0.4906018273484276, '_a7_': 2.1066240693156515, '_a1_': 1.0, '_a2_': 1.0, '_a3_': 1.0, '_a4_': 1.0}};{'d0': 0.024905832919472685};-276.475521886686;50.44148912523603
6522;-87.7962718181073;((((_a0_ * pow2(x)) + (pow2(_a6_) + (x + (_a7_ * _a5_)))) * (x * _a7_)) + x);{'d0': {'_a0_': 1.602925235396099, '_a5_': 0.06041008358041338, '_a6_': -0.4906018273484276, '_a7_': 2.1066240693156515, '_a1_': 1.0, '_a2_': 1.0, '_a3_': 1.0, '_a4_': 1.0}};{'d0': 0.024905832919472685};-276.475521886686;50.44148912523603
6523;-87.7962718181073;((((_a0_ * pow2(x)) + (pow2(_a6_) + (x + (_a7_ * _a5_)))) * (x * _a7_)) + x);{'d0': {'_a0_': 1.602925235396099, '_a5_': 0.06041008358041338, '_a6_': -0.4906018273484276, '_a7_': 2.1066240693156515, '_a1_': 1.0, '_a2_': 1.0, '_a3_': 1.0, '_a4_': 1.0}};{'d0': 0.024905832919472685};-276.475521886686;50.44148912523603
6524;-87.7962718181073;((((_a0_ * pow2(x)) + (pow2(_a6_) + (x + (_a7_ * _a5_)))) * (x * _a7_)) + x);{'d0': {'_a0_': 1.602925235396099, '_a5_': 0.06041008358041338, '_a6_': -0.4906018273484276, '_a7_': 2.1066240693156515, '_a1_': 1.0, '_a2_': 1.0, '_a3_': 1.0, '_a4_': 1.0}};{'d0': 0.024905832919472685};-276.475521886686;50.44148912523603
6525;-93.7168728665311;(((_a0_ * pow2(x)) + (pow2(_a6_) + (x + (_a7_ * _a5_)))) * (x * _a7_));{'d0': {'_a0_': 1.6029252341314848, '_a5_': 0.26407437372330933, '_a6_': -0.5351067776819882, '_a7_': 2.1066240681792534, '_a1_': 1.0, '_a2_': 1.0, '_a3_': 1.0, '_a4_': 1.0}};{'d0': 0.0249058329199759};-276.475521885474;44.520888076206035
6526;-93.7168728660795;(((_a0_ * pow2(x)) + (pow2(_a4_) + (x + (_a7_ * _a5_)))) * (x * _a7_));{'d0': {'_a0_': 1.602925235371901, '_a4_': 0.906669153744179, '_a5_': 0.009776673434221098, '_a7_': 2.1066240510336667, '_a1_': 1.0, '_a2_': 1.0, '_a3_': 1.0, '_a6_': 1.0}};{'d0': 0.0249058329203508};-276.475521884571;44.520888076206035
6527;-93.7168728660795;(((_a0_ * pow2(x)) + (pow2(_a4_) + (x + (_a7_ * _a5_)))) * (x * _a7_));{'d0': {'_a0_': 1.602925235371901, '_a4_': 0.906669153744179, '_a5_': 0.009776673434221098, '_a7_': 2.1066240510336667, '_a1_': 1.0, '_a2_': 1.0, '_a3_': 1.0, '_a6_': 1.0}};{'d0': 0.0249058329203508};-276.475521884571;44.520888076206035
6528;-93.7168728660795;(((_a0_ * pow2(x)) + (pow2(_a4_) + (x + (_a7_ * _a5_)))) * (x * _a7_));{'d0': {'_a0_': 1.602925235371901, '_a4_': 0.906669153744179, '_a5_': 0.009776673434221098, '_a7_': 2.1066240510336667, '_a1_': 1.0, '_a2_': 1.0, '_a3_': 1.0, '_a6_': 1.0}};{'d0': 0.0249058329203508};-276.475521884571;44.520888076206035
6529;-87.7962718162627;(((_a0_ * pow2(x)) + (pow2((_a7_ + _a3_)) + (x + (_a7_ * _a5_)))) * (x * _a7_));{'d0': {'_a0_': 1.6029252349295564, '_a3_': -2.0761592226510936, '_a5_': 0.39955712326838827, '_a7_': 2.1066240653590467, '_a1_': 1.0, '_a2_': 1.0, '_a4_': 1.0, '_a6_': 1.0}};{'d0': 0.024905832921004054};-276.475521882997;50.44148912523603
6530;-94.7927840247428;(((_a0_ * pow2(x)) + (pow2((_a7_ + _a3_)) + (x + x))) * (x * _a7_));{'d0': {'_a0_': 3.2058504703708617, '_a3_': 0.2448748612944316, '_a7_': 1.0533120325018317, '_a1_': 1.0, '_a2_': 1.0, '_a4_': 1.0, '_a5_': 1.0, '_a6_': 1.0}};{'d0': 0.024905832919416643};-280.569866449044;45.492149199779035
6531;-94.7927840247428;(((_a0_ * pow2(x)) + (pow2((_a7_ + _a3_)) + (x + x))) * (x * _a7_));{'d0': {'_a0_': 3.2058504703708617, '_a3_': 0.2448748612944316, '_a7_': 1.0533120325018317, '_a1_': 1.0, '_a2_': 1.0, '_a4_': 1.0, '_a5_': 1.0, '_a6_': 1.0}};{'d0': 0.024905832919416643};-280.569866449044;45.492149199779035
6532;-94.7927840247428;(((_a0_ * pow2(x)) + (pow2((_a7_ + _a3_)) + (x + x))) * (x * _a7_));{'d0': {'_a0_': 3.2058504703708617, '_a3_': 0.2448748612944316, '_a7_': 1.0533120325018317, '_a1_': 1.0, '_a2_': 1.0, '_a4_': 1.0, '_a5_': 1.0, '_a6_': 1.0}};{'d0': 0.024905832919416643};-280.569866449044;45.492149199779035
6533;-94.7927840247428;(((_a0_ * pow2(x)) + (pow2((_a7_ + _a3_)) + (x + x))) * (x * _a7_));{'d0': {'_a0_': 3.2058504703708617, '_a3_': 0.2448748612944316, '_a7_': 1.0533120325018317, '_a1_': 1.0, '_a2_': 1.0, '_a4_': 1.0, '_a5_': 1.0, '_a6_': 1.0}};{'d0': 0.024905832919416643};-280.569866449044;45.492149199779035
6534;-94.7927840247428;(((_a0_ * pow2(x)) + (pow2((_a7_ + _a3_)) + (x + x))) * (x * _a7_));{'d0': {'_a0_': 3.2058504703708617, '_a3_': 0.2448748612944316, '_a7_': 1.0533120325018317, '_a1_': 1.0, '_a2_': 1.0, '_a4_': 1.0, '_a5_': 1.0, '_a6_': 1.0}};{'d0': 0.024905832919416643};-280.569866449044;45.492149199779035
6535;-94.7927840247428;(((_a0_ * pow2(x)) + (pow2((_a7_ + _a3_)) + (x + x))) * (x * _a7_));{'d0': {'_a0_': 3.2058504703708617, '_a3_': 0.2448748612944316, '_a7_': 1.0533120325018317, '_a1_': 1.0, '_a2_': 1.0, '_a4_': 1.0, '_a5_': 1.0, '_a6_': 1.0}};{'d0': 0.024905832919416643};-280.569866449044;45.492149199779035
6536;-94.7927840247428;(((_a0_ * pow2(x)) + (pow2((_a7_ + _a3_)) + (x + x))) * (x * _a7_));{'d0': {'_a0_': 3.2058504703708617, '_a3_': 0.2448748612944316, '_a7_': 1.0533120325018317, '_a1_': 1.0, '_a2_': 1.0, '_a4_': 1.0, '_a5_': 1.0, '_a6_': 1.0}};{'d0': 0.024905832919416643};-280.569866449044;45.492149199779035
6537;-94.7927840247428;(((_a0_ * pow2(x)) + (pow2((_a7_ + _a3_)) + (x + x))) * (x * _a7_));{'d0': {'_a0_': 3.2058504703708617, '_a3_': 0.2448748612944316, '_a7_': 1.0533120325018317, '_a1_': 1.0, '_a2_': 1.0, '_a4_': 1.0, '_a5_': 1.0, '_a6_': 1.0}};{'d0': 0.024905832919416643};-280.569866449044;45.492149199779035
6538;-94.7927840247428;(((_a0_ * pow2(x)) + (pow2((_a7_ + _a3_)) + (x + x))) * (x * _a7_));{'d0': {'_a0_': 3.2058504703708617, '_a3_': 0.2448748612944316, '_a7_': 1.0533120325018317, '_a1_': 1.0, '_a2_': 1.0, '_a4_': 1.0, '_a5_': 1.0, '_a6_': 1.0}};{'d0': 0.024905832919416643};-280.569866449044;45.492149199779035
6539;-94.7927840247428;(((_a0_ * pow2(x)) + (pow2((_a7_ + _a3_)) + (x + x))) * (x * _a7_));{'d0': {'_a0_': 3.2058504703708617, '_a3_': 0.2448748612944316, '_a7_': 1.0533120325018317, '_a1_': 1.0, '_a2_': 1.0, '_a4_': 1.0, '_a5_': 1.0, '_a6_': 1.0}};{'d0': 0.024905832919416643};-280.569866449044;45.492149199779035
6540;-94.7927840247428;(((_a0_ * pow2(x)) + (pow2((_a7_ + _a3_)) + (x + x))) * (x * _a7_));{'d0': {'_a0_': 3.2058504703708617, '_a3_': 0.2448748612944316, '_a7_': 1.0533120325018317, '_a1_': 1.0, '_a2_': 1.0, '_a4_': 1.0, '_a5_': 1.0, '_a6_': 1.0}};{'d0': 0.024905832919416643};-280.569866449044;45.492149199779035
6541;-94.7927840247428;(((_a0_ * pow2(x)) + (pow2((_a7_ + _a3_)) + (x + x))) * (x * _a7_));{'d0': {'_a0_': 3.2058504703708617, '_a3_': 0.2448748612944316, '_a7_': 1.0533120325018317, '_a1_': 1.0, '_a2_': 1.0, '_a4_': 1.0, '_a5_': 1.0, '_a6_': 1.0}};{'d0': 0.024905832919416643};-280.569866449044;45.492149199779035
6542;-94.7927840247428;(((_a0_ * pow2(x)) + (pow2((_a7_ + _a3_)) + (x + x))) * (x * _a7_));{'d0': {'_a0_': 3.2058504703708617, '_a3_': 0.2448748612944316, '_a7_': 1.0533120325018317, '_a1_': 1.0, '_a2_': 1.0, '_a4_': 1.0, '_a5_': 1.0, '_a6_': 1.0}};{'d0': 0.024905832919416643};-280.569866449044;45.492149199779035
6543;-94.7927840247428;(((_a0_ * pow2(x)) + (pow2((_a7_ + _a3_)) + (x + x))) * (x * _a7_));{'d0': {'_a0_': 3.2058504703708617, '_a3_': 0.2448748612944316, '_a7_': 1.0533120325018317, '_a1_': 1.0, '_a2_': 1.0, '_a4_': 1.0, '_a5_': 1.0, '_a6_': 1.0}};{'d0': 0.024905832919416643};-280.569866449044;45.492149199779035
6544;-94.7927840247428;(((_a0_ * pow2(x)) + (pow2((_a7_ + _a3_)) + (x + x))) * (x * _a7_));{'d0': {'_a0_': 3.2058504703708617, '_a3_': 0.2448748612944316, '_a7_': 1.0533120325018317, '_a1_': 1.0, '_a2_': 1.0, '_a4_': 1.0, '_a5_': 1.0, '_a6_': 1.0}};{'d0': 0.024905832919416643};-280.569866449044;45.492149199779035
6545;-95.7640451483159;(((_a0_ * pow2(x)) + (pow2((_a7_ * _a3_)) + (x + x))) * (x * _a7_));{'d0': {'_a0_': 3.205850469462353, '_a3_': 1.232480833924073, '_a7_': 1.0533120333555388, '_a1_': 1.0, '_a2_': 1.0, '_a4_': 1.0, '_a5_': 1.0, '_a6_': 1.0}};{'d0': 0.024905832919416566};-280.569866449044;44.520888076206035
6546;-95.3473169391128;(((_a0_ * pow2(x)) + (pow2(exp(_a6_)) + (x + x))) * (x * _a7_));{'d0': {'_a0_': 3.2058504703397763, '_a6_': 0.26096859459900285, '_a7_': 1.0533120314244575, '_a1_': 1.0, '_a2_': 1.0, '_a3_': 1.0, '_a4_': 1.0, '_a5_': 1.0}};{'d0': 0.02490583291941667};-280.569866449043;44.937616285409035
6547;-95.3473169391128;(((_a0_ * pow2(x)) + (pow2(exp(_a6_)) + (x + x))) * (x * _a7_));{'d0': {'_a0_': 3.2058504703397763, '_a6_': 0.26096859459900285, '_a7_': 1.0533120314244575, '_a1_': 1.0, '_a2_': 1.0, '_a3_': 1.0, '_a4_': 1.0, '_a5_': 1.0}};{'d0': 0.02490583291941667};-280.569866449043;44.937616285409035
6548;-95.3473169391128;(((_a0_ * pow2(x)) + (pow2(exp(_a6_)) + (x + x))) * (x * _a7_));{'d0': {'_a0_': 3.2058504703397763, '_a6_': 0.26096859459900285, '_a7_': 1.0533120314244575, '_a1_': 1.0, '_a2_': 1.0, '_a3_': 1.0, '_a4_': 1.0, '_a5_': 1.0}};{'d0': 0.02490583291941667};-280.569866449043;44.937616285409035
6549;-95.3473169391128;(((_a0_ * pow2(x)) + (pow2(exp(_a6_)) + (x + x))) * (x * _a7_));{'d0': {'_a0_': 3.2058504703397763, '_a6_': 0.26096859459900285, '_a7_': 1.0533120314244575, '_a1_': 1.0, '_a2_': 1.0, '_a3_': 1.0, '_a4_': 1.0, '_a5_': 1.0}};{'d0': 0.02490583291941667};-280.569866449043;44.937616285409035
6550;-95.3473169391128;(((_a0_ * pow2(x)) + (pow2(exp(_a6_)) + (x + x))) * (x * _a7_));{'d0': {'_a0_': 3.2058504703397763, '_a6_': 0.26096859459900285, '_a7_': 1.0533120314244575, '_a1_': 1.0, '_a2_': 1.0, '_a3_': 1.0, '_a4_': 1.0, '_a5_': 1.0}};{'d0': 0.02490583291941667};-280.569866449043;44.937616285409035
6551;-95.3473169391128;(((_a0_ * pow2(x)) + (pow2(exp(_a6_)) + (x + x))) * (x * _a7_));{'d0': {'_a0_': 3.2058504703397763, '_a6_': 0.26096859459900285, '_a7_': 1.0533120314244575, '_a1_': 1.0, '_a2_': 1.0, '_a3_': 1.0, '_a4_': 1.0, '_a5_': 1.0}};{'d0': 0.02490583291941667};-280.569866449043;44.937616285409035
6552;-95.3473169391128;(((_a0_ * pow2(x)) + (pow2(exp(_a6_)) + (x + x))) * (x * _a7_));{'d0': {'_a0_': 3.2058504703397763, '_a6_': 0.26096859459900285, '_a7_': 1.0533120314244575, '_a1_': 1.0, '_a2_': 1.0, '_a3_': 1.0, '_a4_': 1.0, '_a5_': 1.0}};{'d0': 0.02490583291941667};-280.569866449043;44.937616285409035
6553;-95.3473169391128;(((_a0_ * pow2(x)) + (pow2(exp(_a6_)) + (x + x))) * (x * _a7_));{'d0': {'_a0_': 3.2058504703397763, '_a6_': 0.26096859459900285, '_a7_': 1.0533120314244575, '_a1_': 1.0, '_a2_': 1.0, '_a3_': 1.0, '_a4_': 1.0, '_a5_': 1.0}};{'d0': 0.02490583291941667};-280.569866449043;44.937616285409035
6554;-94.4240078118454;(((_a0_ * pow2(x)) + (pow2(exp(_a6_)) + (x + x))) * (x / _a7_));{'d0': {'_a0_': 3.2058504691831304, '_a6_': 0.2609685931946934, '_a7_': 0.9493862861354153, '_a1_': 1.0, '_a2_': 1.0, '_a3_': 1.0, '_a4_': 1.0, '_a5_': 1.0}};{'d0': 0.02490583291941667};-280.569866449043;45.86092541267644
6555;-94.4240078118454;(((_a0_ * pow2(x)) + (pow2(exp(_a6_)) + (x + x))) * (x / _a7_));{'d0': {'_a0_': 3.2058504691831304, '_a6_': 0.2609685931946934, '_a7_': 0.9493862861354153, '_a1_': 1.0, '_a2_': 1.0, '_a3_': 1.0, '_a4_': 1.0, '_a5_': 1.0}};{'d0': 0.02490583291941667};-280.569866449043;45.86092541267644
6556;-94.4240078118454;(((_a0_ * pow2(x)) + (pow2(exp(_a6_)) + (x + x))) * (x / _a7_));{'d0': {'_a0_': 3.2058504691831304, '_a6_': 0.2609685931946934, '_a7_': 0.9493862861354153, '_a1_': 1.0, '_a2_': 1.0, '_a3_': 1.0, '_a4_': 1.0, '_a5_': 1.0}};{'d0': 0.02490583291941667};-280.569866449043;45.86092541267644
6557;-94.4240078118454;(((_a0_ * pow2(x)) + (pow2(exp(_a6_)) + (x + x))) * (x / _a7_));{'d0': {'_a0_': 3.2058504691831304, '_a6_': 0.2609685931946934, '_a7_': 0.9493862861354153, '_a1_': 1.0, '_a2_': 1.0, '_a3_': 1.0, '_a4_': 1.0, '_a5_': 1.0}};{'d0': 0.02490583291941667};-280.569866449043;45.86092541267644
6558;-94.4240078118454;(((_a0_ * pow2(x)) + (pow2(exp(_a6_)) + (x + x))) * (x / _a7_));{'d0': {'_a0_': 3.2058504691831304, '_a6_': 0.2609685931946934, '_a7_': 0.9493862861354153, '_a1_': 1.0, '_a2_': 1.0, '_a3_': 1.0, '_a4_': 1.0, '_a5_': 1.0}};{'d0': 0.02490583291941667};-280.569866449043;45.86092541267644
6559;-94.4240078118454;(((_a0_ * pow2(x)) + (pow2(exp(_a6_)) + (x + x))) * (x / _a7_));{'d0': {'_a0_': 3.2058504691831304, '_a6_': 0.2609685931946934, '_a7_': 0.9493862861354153, '_a1_': 1.0, '_a2_': 1.0, '_a3_': 1.0, '_a4_': 1.0, '_a5_': 1.0}};{'d0': 0.02490583291941667};-280.569866449043;45.86092541267644
6560;-94.4240078118454;(((_a0_ * pow2(x)) + (pow2(exp(_a6_)) + (x + x))) * (x / _a7_));{'d0': {'_a0_': 3.2058504691831304, '_a6_': 0.2609685931946934, '_a7_': 0.9493862861354153, '_a1_': 1.0, '_a2_': 1.0, '_a3_': 1.0, '_a4_': 1.0, '_a5_': 1.0}};{'d0': 0.02490583291941667};-280.569866449043;45.86092541267644
6561;-94.4240078118454;(((_a0_ * pow2(x)) + (pow2(exp(_a6_)) + (x + x))) * (x / _a7_));{'d0': {'_a0_': 3.2058504691831304, '_a6_': 0.2609685931946934, '_a7_': 0.9493862861354153, '_a1_': 1.0, '_a2_': 1.0, '_a3_': 1.0, '_a4_': 1.0, '_a5_': 1.0}};{'d0': 0.02490583291941667};-280.569866449043;45.86092541267644
6562;-94.4240078118454;(((_a0_ * pow2(x)) + (pow2(exp(_a6_)) + (x + x))) * (x / _a7_));{'d0': {'_a0_': 3.2058504691831304, '_a6_': 0.2609685931946934, '_a7_': 0.9493862861354153, '_a1_': 1.0, '_a2_': 1.0, '_a3_': 1.0, '_a4_': 1.0, '_a5_': 1.0}};{'d0': 0.02490583291941667};-280.569866449043;45.86092541267644
6563;-94.4240078118454;(((_a0_ * pow2(x)) + (pow2(exp(_a6_)) + (x + x))) * (x / _a7_));{'d0': {'_a0_': 3.2058504691831304, '_a6_': 0.2609685931946934, '_a7_': 0.9493862861354153, '_a1_': 1.0, '_a2_': 1.0, '_a3_': 1.0, '_a4_': 1.0, '_a5_': 1.0}};{'d0': 0.02490583291941667};-280.569866449043;45.86092541267644
6564;-94.4240078118454;(((_a0_ * pow2(x)) + (pow2(exp(_a6_)) + (x + x))) * (x / _a7_));{'d0': {'_a0_': 3.2058504691831304, '_a6_': 0.2609685931946934, '_a7_': 0.9493862861354153, '_a1_': 1.0, '_a2_': 1.0, '_a3_': 1.0, '_a4_': 1.0, '_a5_': 1.0}};{'d0': 0.02490583291941667};-280.569866449043;45.86092541267644
6565;-94.4240078118454;(((_a0_ * pow2(x)) + (pow2(exp(_a6_)) + (x + x))) * (x / _a7_));{'d0': {'_a0_': 3.2058504691831304, '_a6_': 0.2609685931946934, '_a7_': 0.9493862861354153, '_a1_': 1.0, '_a2_': 1.0, '_a3_': 1.0, '_a4_': 1.0, '_a5_': 1.0}};{'d0': 0.02490583291941667};-280.569866449043;45.86092541267644
6566;-94.4240078118454;(((_a0_ * pow2(x)) + (pow2(exp(_a6_)) + (x + x))) * (x / _a7_));{'d0': {'_a0_': 3.2058504691831304, '_a6_': 0.2609685931946934, '_a7_': 0.9493862861354153, '_a1_': 1.0, '_a2_': 1.0, '_a3_': 1.0, '_a4_': 1.0, '_a5_': 1.0}};{'d0': 0.02490583291941667};-280.569866449043;45.86092541267644
6567;-94.4240078118454;(((_a0_ * pow2(x)) + (pow2(exp(_a6_)) + (x + x))) * (x / _a7_));{'d0': {'_a0_': 3.2058504691831304, '_a6_': 0.2609685931946934, '_a7_': 0.9493862861354153, '_a1_': 1.0, '_a2_': 1.0, '_a3_': 1.0, '_a4_': 1.0, '_a5_': 1.0}};{'d0': 0.02490583291941667};-280.569866449043;45.86092541267644
6568;-94.4240078118454;(((_a0_ * pow2(x)) + (pow2(exp(_a6_)) + (x + x))) * (x / _a7_));{'d0': {'_a0_': 3.2058504691831304, '_a6_': 0.2609685931946934, '_a7_': 0.9493862861354153, '_a1_': 1.0, '_a2_': 1.0, '_a3_': 1.0, '_a4_': 1.0, '_a5_': 1.0}};{'d0': 0.02490583291941667};-280.569866449043;45.86092541267644
6569;-94.4240078118454;(((_a0_ * pow2(x)) + (pow2(exp(_a6_)) + (x + x))) * (x / _a7_));{'d0': {'_a0_': 3.2058504691831304, '_a6_': 0.2609685931946934, '_a7_': 0.9493862861354153, '_a1_': 1.0, '_a2_': 1.0, '_a3_': 1.0, '_a4_': 1.0, '_a5_': 1.0}};{'d0': 0.02490583291941667};-280.569866449043;45.86092541267644
6570;-94.4240078118454;(((_a0_ * pow2(x)) + (pow2(exp(_a6_)) + (x + x))) * (x / _a7_));{'d0': {'_a0_': 3.2058504691831304, '_a6_': 0.2609685931946934, '_a7_': 0.9493862861354153, '_a1_': 1.0, '_a2_': 1.0, '_a3_': 1.0, '_a4_': 1.0, '_a5_': 1.0}};{'d0': 0.02490583291941667};-280.569866449043;45.86092541267644
6571;-94.4240078118454;(((_a0_ * pow2(x)) + (pow2(exp(_a6_)) + (x + x))) * (x / _a7_));{'d0': {'_a0_': 3.2058504691831304, '_a6_': 0.2609685931946934, '_a7_': 0.9493862861354153, '_a1_': 1.0, '_a2_': 1.0, '_a3_': 1.0, '_a4_': 1.0, '_a5_': 1.0}};{'d0': 0.02490583291941667};-280.569866449043;45.86092541267644
6572;-94.4240078118454;(((_a0_ * pow2(x)) + (pow2(exp(_a6_)) + (x + x))) * (x / _a7_));{'d0': {'_a0_': 3.2058504691831304, '_a6_': 0.2609685931946934, '_a7_': 0.9493862861354153, '_a1_': 1.0, '_a2_': 1.0, '_a3_': 1.0, '_a4_': 1.0, '_a5_': 1.0}};{'d0': 0.02490583291941667};-280.569866449043;45.86092541267644
6573;-94.4240078118454;(((_a0_ * pow2(x)) + (pow2(exp(_a6_)) + (x + x))) * (x / _a7_));{'d0': {'_a0_': 3.2058504691831304, '_a6_': 0.2609685931946934, '_a7_': 0.9493862861354153, '_a1_': 1.0, '_a2_': 1.0, '_a3_': 1.0, '_a4_': 1.0, '_a5_': 1.0}};{'d0': 0.02490583291941667};-280.569866449043;45.86092541267644
6574;-94.4240078118454;(((_a0_ * pow2(x)) + (pow2(exp(_a6_)) + (x + x))) * (x / _a7_));{'d0': {'_a0_': 3.2058504691831304, '_a6_': 0.2609685931946934, '_a7_': 0.9493862861354153, '_a1_': 1.0, '_a2_': 1.0, '_a3_': 1.0, '_a4_': 1.0, '_a5_': 1.0}};{'d0': 0.02490583291941667};-280.569866449043;45.86092541267644
6575;-94.4240078118454;(((_a0_ * pow2(x)) + (pow2(exp(_a6_)) + (x + x))) * (x / _a7_));{'d0': {'_a0_': 3.2058504691831304, '_a6_': 0.2609685931946934, '_a7_': 0.9493862861354153, '_a1_': 1.0, '_a2_': 1.0, '_a3_': 1.0, '_a4_': 1.0, '_a5_': 1.0}};{'d0': 0.02490583291941667};-280.569866449043;45.86092541267644
6576;-99.7900759465055;(((_a0_ * pow2(x)) + (pow2(_a5_) + (x + x))) * (x / _a7_));{'d0': {'_a0_': 3.2058504687726828, '_a5_': 1.2981868928703297, '_a7_': 0.9493862860124869, '_a1_': 1.0, '_a2_': 1.0, '_a3_': 1.0, '_a4_': 1.0, '_a6_': 1.0}};{'d0': 0.024905832919416546};-280.569866449044;40.49485727801644
6577;-98.1481474085955;(((_a0_ * pow2(x)) + (sqrt(_a5_) + (x + x))) * (x / _a7_));{'d0': {'_a0_': 3.2058504684076796, '_a5_': 2.8401997111731525, '_a7_': 0.9493862851784866, '_a1_': 1.0, '_a2_': 1.0, '_a3_': 1.0, '_a4_': 1.0, '_a6_': 1.0}};{'d0': 0.0249058329194166};-280.569866449044;42.13678581592644
6578;-98.1481474085955;(((_a0_ * pow2(x)) + (sqrt(_a5_) + (x + x))) * (x / _a7_));{'d0': {'_a0_': 3.2058504684076796, '_a5_': 2.8401997111731525, '_a7_': 0.9493862851784866, '_a1_': 1.0, '_a2_': 1.0, '_a3_': 1.0, '_a4_': 1.0, '_a6_': 1.0}};{'d0': 0.0249058329194166};-280.569866449044;42.13678581592644
6579;-98.1481474085955;(((_a0_ * pow2(x)) + (sqrt(_a5_) + (x + x))) * (x / _a7_));{'d0': {'_a0_': 3.2058504684076796, '_a5_': 2.8401997111731525, '_a7_': 0.9493862851784866, '_a1_': 1.0, '_a2_': 1.0, '_a3_': 1.0, '_a4_': 1.0, '_a6_': 1.0}};{'d0': 0.0249058329194166};-280.569866449044;42.13678581592644
6580;-98.1481474085955;(((_a0_ * pow2(x)) + (sqrt(_a5_) + (x + x))) * (x / _a7_));{'d0': {'_a0_': 3.2058504684076796, '_a5_': 2.8401997111731525, '_a7_': 0.9493862851784866, '_a1_': 1.0, '_a2_': 1.0, '_a3_': 1.0, '_a4_': 1.0, '_a6_': 1.0}};{'d0': 0.0249058329194166};-280.569866449044;42.13678581592644
6581;-103.488010419115;(((_a0_ * pow2(x)) + (_a1_ + (x + x))) * (x / _a7_));{'d0': {'_a0_': 3.2058504692853234, '_a1_': 1.685289209963893, '_a7_': 0.9493862866009002, '_a2_': 1.0, '_a3_': 1.0, '_a4_': 1.0, '_a5_': 1.0, '_a6_': 1.0}};{'d0': 0.024905832919416553};-280.569866449044;36.79692280540644
6582;-103.488010419115;(((_a0_ * pow2(x)) + (_a1_ + (x + x))) * (x / _a7_));{'d0': {'_a0_': 3.2058504692853234, '_a1_': 1.685289209963893, '_a7_': 0.9493862866009002, '_a2_': 1.0, '_a3_': 1.0, '_a4_': 1.0, '_a5_': 1.0, '_a6_': 1.0}};{'d0': 0.024905832919416553};-280.569866449044;36.79692280540644
6583;-103.488010419115;(((_a0_ * pow2(x)) + (_a1_ + (x + x))) * (x / _a7_));{'d0': {'_a0_': 3.2058504692853234, '_a1_': 1.685289209963893, '_a7_': 0.9493862866009002, '_a2_': 1.0, '_a3_': 1.0, '_a4_': 1.0, '_a5_': 1.0, '_a6_': 1.0}};{'d0': 0.024905832919416553};-280.569866449044;36.79692280540644
6584;-103.488010419115;(((_a0_ * pow2(x)) + (_a1_ + (x + x))) * (x / _a7_));{'d0': {'_a0_': 3.2058504692853234, '_a1_': 1.685289209963893, '_a7_': 0.9493862866009002, '_a2_': 1.0, '_a3_': 1.0, '_a4_': 1.0, '_a5_': 1.0, '_a6_': 1.0}};{'d0': 0.024905832919416553};-280.569866449044;36.79692280540644
6585;-103.488010419115;(((_a0_ * pow2(x)) + (_a1_ + (x + x))) * (x / _a7_));{'d0': {'_a0_': 3.2058504692853234, '_a1_': 1.685289209963893, '_a7_': 0.9493862866009002, '_a2_': 1.0, '_a3_': 1.0, '_a4_': 1.0, '_a5_': 1.0, '_a6_': 1.0}};{'d0': 0.024905832919416553};-280.569866449044;36.79692280540644
6586;-103.488010419115;(((_a0_ * pow2(x)) + (_a1_ + (x + x))) * (x / _a7_));{'d0': {'_a0_': 3.2058504692853234, '_a1_': 1.685289209963893, '_a7_': 0.9493862866009002, '_a2_': 1.0, '_a3_': 1.0, '_a4_': 1.0, '_a5_': 1.0, '_a6_': 1.0}};{'d0': 0.024905832919416553};-280.569866449044;36.79692280540644
6587;-103.488010419115;(((_a0_ * pow2(x)) + (_a1_ + (x + x))) * (x / _a7_));{'d0': {'_a0_': 3.2058504692853234, '_a1_': 1.685289209963893, '_a7_': 0.9493862866009002, '_a2_': 1.0, '_a3_': 1.0, '_a4_': 1.0, '_a5_': 1.0, '_a6_': 1.0}};{'d0': 0.024905832919416553};-280.569866449044;36.79692280540644
6588;-103.488010419115;(((_a0_ * pow2(x)) + (_a1_ + (x + x))) * (x / _a7_));{'d0': {'_a0_': 3.2058504692853234, '_a1_': 1.685289209963893, '_a7_': 0.9493862866009002, '_a2_': 1.0, '_a3_': 1.0, '_a4_': 1.0, '_a5_': 1.0, '_a6_': 1.0}};{'d0': 0.024905832919416553};-280.569866449044;36.79692280540644
6589;-103.488010419115;(((_a0_ * pow2(x)) + (_a1_ + (x + x))) * (x / _a7_));{'d0': {'_a0_': 3.2058504692853234, '_a1_': 1.685289209963893, '_a7_': 0.9493862866009002, '_a2_': 1.0, '_a3_': 1.0, '_a4_': 1.0, '_a5_': 1.0, '_a6_': 1.0}};{'d0': 0.024905832919416553};-280.569866449044;36.79692280540644
6590;-103.488010419115;(((_a0_ * pow2(x)) + (_a1_ + (x + x))) * (x / _a7_));{'d0': {'_a0_': 3.2058504692853234, '_a1_': 1.685289209963893, '_a7_': 0.9493862866009002, '_a2_': 1.0, '_a3_': 1.0, '_a4_': 1.0, '_a5_': 1.0, '_a6_': 1.0}};{'d0': 0.024905832919416553};-280.569866449044;36.79692280540644
6591;-103.488010419115;(((_a0_ * pow2(x)) + (_a1_ + (x + x))) * (x / _a7_));{'d0': {'_a0_': 3.2058504692853234, '_a1_': 1.685289209963893, '_a7_': 0.9493862866009002, '_a2_': 1.0, '_a3_': 1.0, '_a4_': 1.0, '_a5_': 1.0, '_a6_': 1.0}};{'d0': 0.024905832919416553};-280.569866449044;36.79692280540644
6592;-103.488010419115;(((_a0_ * pow2(x)) + (_a1_ + (x + x))) * (x / _a7_));{'d0': {'_a0_': 3.2058504692853234, '_a1_': 1.685289209963893, '_a7_': 0.9493862866009002, '_a2_': 1.0, '_a3_': 1.0, '_a4_': 1.0, '_a5_': 1.0, '_a6_': 1.0}};{'d0': 0.024905832919416553};-280.569866449044;36.79692280540644
6593;-103.488010419115;(((_a0_ * pow2(x)) + (_a1_ + (x + x))) * (x / _a7_));{'d0': {'_a0_': 3.2058504692853234, '_a1_': 1.685289209963893, '_a7_': 0.9493862866009002, '_a2_': 1.0, '_a3_': 1.0, '_a4_': 1.0, '_a5_': 1.0, '_a6_': 1.0}};{'d0': 0.024905832919416553};-280.569866449044;36.79692280540644
6594;-103.488010419115;(((_a0_ * pow2(x)) + (_a1_ + (x + x))) * (x / _a7_));{'d0': {'_a0_': 3.2058504692853234, '_a1_': 1.685289209963893, '_a7_': 0.9493862866009002, '_a2_': 1.0, '_a3_': 1.0, '_a4_': 1.0, '_a5_': 1.0, '_a6_': 1.0}};{'d0': 0.024905832919416553};-280.569866449044;36.79692280540644
6595;-103.488010419115;(((_a0_ * pow2(x)) + (_a1_ + (x + x))) * (x / _a7_));{'d0': {'_a0_': 3.2058504692853234, '_a1_': 1.685289209963893, '_a7_': 0.9493862866009002, '_a2_': 1.0, '_a3_': 1.0, '_a4_': 1.0, '_a5_': 1.0, '_a6_': 1.0}};{'d0': 0.024905832919416553};-280.569866449044;36.79692280540644
6596;-103.488010419115;(((_a0_ * pow2(x)) + (_a1_ + (x + x))) * (x / _a7_));{'d0': {'_a0_': 3.2058504692853234, '_a1_': 1.685289209963893, '_a7_': 0.9493862866009002, '_a2_': 1.0, '_a3_': 1.0, '_a4_': 1.0, '_a5_': 1.0, '_a6_': 1.0}};{'d0': 0.024905832919416553};-280.569866449044;36.79692280540644
6597;-103.488010419115;(((_a0_ * pow2(x)) + (_a1_ + (x + x))) * (x / _a7_));{'d0': {'_a0_': 3.2058504692853234, '_a1_': 1.685289209963893, '_a7_': 0.9493862866009002, '_a2_': 1.0, '_a3_': 1.0, '_a4_': 1.0, '_a5_': 1.0, '_a6_': 1.0}};{'d0': 0.024905832919416553};-280.569866449044;36.79692280540644
6598;-103.488010419115;(((_a0_ * pow2(x)) + (_a1_ + (x + x))) * (x / _a7_));{'d0': {'_a0_': 3.2058504692853234, '_a1_': 1.685289209963893, '_a7_': 0.9493862866009002, '_a2_': 1.0, '_a3_': 1.0, '_a4_': 1.0, '_a5_': 1.0, '_a6_': 1.0}};{'d0': 0.024905832919416553};-280.569866449044;36.79692280540644
6599;-103.488010419115;(((_a0_ * pow2(x)) + (_a1_ + (x + x))) * (x / _a7_));{'d0': {'_a0_': 3.2058504692853234, '_a1_': 1.685289209963893, '_a7_': 0.9493862866009002, '_a2_': 1.0, '_a3_': 1.0, '_a4_': 1.0, '_a5_': 1.0, '_a6_': 1.0}};{'d0': 0.024905832919416553};-280.569866449044;36.79692280540644
6600;-103.488010419115;(((_a0_ * pow2(x)) + (_a1_ + (x + x))) * (x / _a7_));{'d0': {'_a0_': 3.2058504692853234, '_a1_': 1.685289209963893, '_a7_': 0.9493862866009002, '_a2_': 1.0, '_a3_': 1.0, '_a4_': 1.0, '_a5_': 1.0, '_a6_': 1.0}};{'d0': 0.024905832919416553};-280.569866449044;36.79692280540644
6601;-103.488010419115;(((_a0_ * pow2(x)) + (_a1_ + (x + x))) * (x / _a7_));{'d0': {'_a0_': 3.2058504692853234, '_a1_': 1.685289209963893, '_a7_': 0.9493862866009002, '_a2_': 1.0, '_a3_': 1.0, '_a4_': 1.0, '_a5_': 1.0, '_a6_': 1.0}};{'d0': 0.024905832919416553};-280.569866449044;36.79692280540644
6602;-103.488010419115;(((_a0_ * pow2(x)) + (_a1_ + (x + x))) * (x / _a7_));{'d0': {'_a0_': 3.2058504692853234, '_a1_': 1.685289209963893, '_a7_': 0.9493862866009002, '_a2_': 1.0, '_a3_': 1.0, '_a4_': 1.0, '_a5_': 1.0, '_a6_': 1.0}};{'d0': 0.024905832919416553};-280.569866449044;36.79692280540644
6603;-103.488010419115;(((_a0_ * pow2(x)) + (_a1_ + (x + x))) * (x / _a7_));{'d0': {'_a0_': 3.2058504692853234, '_a1_': 1.685289209963893, '_a7_': 0.9493862866009002, '_a2_': 1.0, '_a3_': 1.0, '_a4_': 1.0, '_a5_': 1.0, '_a6_': 1.0}};{'d0': 0.024905832919416553};-280.569866449044;36.79692280540644
6604;-103.488010419115;(((_a0_ * pow2(x)) + (_a1_ + (x + x))) * (x / _a7_));{'d0': {'_a0_': 3.2058504692853234, '_a1_': 1.685289209963893, '_a7_': 0.9493862866009002, '_a2_': 1.0, '_a3_': 1.0, '_a4_': 1.0, '_a5_': 1.0, '_a6_': 1.0}};{'d0': 0.024905832919416553};-280.569866449044;36.79692280540644
6605;-103.488010419115;(((_a0_ * pow2(x)) + (_a1_ + (x + x))) * (x / _a7_));{'d0': {'_a0_': 3.2058504692853234, '_a1_': 1.685289209963893, '_a7_': 0.9493862866009002, '_a2_': 1.0, '_a3_': 1.0, '_a4_': 1.0, '_a5_': 1.0, '_a6_': 1.0}};{'d0': 0.024905832919416553};-280.569866449044;36.79692280540644
6606;-103.488010419115;(((_a0_ * pow2(x)) + (_a1_ + (x + x))) * (x / _a7_));{'d0': {'_a0_': 3.2058504692853234, '_a1_': 1.685289209963893, '_a7_': 0.9493862866009002, '_a2_': 1.0, '_a3_': 1.0, '_a4_': 1.0, '_a5_': 1.0, '_a6_': 1.0}};{'d0': 0.024905832919416553};-280.569866449044;36.79692280540644
6607;-103.488010419115;(((_a0_ * pow2(x)) + (_a1_ + (x + x))) * (x / _a7_));{'d0': {'_a0_': 3.2058504692853234, '_a1_': 1.685289209963893, '_a7_': 0.9493862866009002, '_a2_': 1.0, '_a3_': 1.0, '_a4_': 1.0, '_a5_': 1.0, '_a6_': 1.0}};{'d0': 0.024905832919416553};-280.569866449044;36.79692280540644
6608;-103.488010419115;(((_a0_ * pow2(x)) + (_a1_ + (x + x))) * (x / _a7_));{'d0': {'_a0_': 3.2058504692853234, '_a1_': 1.685289209963893, '_a7_': 0.9493862866009002, '_a2_': 1.0, '_a3_': 1.0, '_a4_': 1.0, '_a5_': 1.0, '_a6_': 1.0}};{'d0': 0.024905832919416553};-280.569866449044;36.79692280540644
6609;-103.488010419115;(((_a0_ * pow2(x)) + (_a1_ + (x + x))) * (x / _a7_));{'d0': {'_a0_': 3.2058504692853234, '_a1_': 1.685289209963893, '_a7_': 0.9493862866009002, '_a2_': 1.0, '_a3_': 1.0, '_a4_': 1.0, '_a5_': 1.0, '_a6_': 1.0}};{'d0': 0.024905832919416553};-280.569866449044;36.79692280540644
6610;-103.488010419115;(((_a0_ * pow2(x)) + (_a1_ + (x + x))) * (x / _a7_));{'d0': {'_a0_': 3.2058504692853234, '_a1_': 1.685289209963893, '_a7_': 0.9493862866009002, '_a2_': 1.0, '_a3_': 1.0, '_a4_': 1.0, '_a5_': 1.0, '_a6_': 1.0}};{'d0': 0.024905832919416553};-280.569866449044;36.79692280540644
6611;-103.488010419115;(((_a0_ * pow2(x)) + (_a1_ + (x + x))) * (x / _a7_));{'d0': {'_a0_': 3.2058504692853234, '_a1_': 1.685289209963893, '_a7_': 0.9493862866009002, '_a2_': 1.0, '_a3_': 1.0, '_a4_': 1.0, '_a5_': 1.0, '_a6_': 1.0}};{'d0': 0.024905832919416553};-280.569866449044;36.79692280540644
6612;-103.488010419115;(((_a0_ * pow2(x)) + (_a1_ + (x + x))) * (x / _a7_));{'d0': {'_a0_': 3.2058504692853234, '_a1_': 1.685289209963893, '_a7_': 0.9493862866009002, '_a2_': 1.0, '_a3_': 1.0, '_a4_': 1.0, '_a5_': 1.0, '_a6_': 1.0}};{'d0': 0.024905832919416553};-280.569866449044;36.79692280540644
6613;-103.488010419115;(((_a0_ * pow2(x)) + (_a1_ + (x + x))) * (x / _a7_));{'d0': {'_a0_': 3.2058504692853234, '_a1_': 1.685289209963893, '_a7_': 0.9493862866009002, '_a2_': 1.0, '_a3_': 1.0, '_a4_': 1.0, '_a5_': 1.0, '_a6_': 1.0}};{'d0': 0.024905832919416553};-280.569866449044;36.79692280540644
6614;-103.488010419115;(((_a0_ * pow2(x)) + (_a1_ + (x + x))) * (x / _a7_));{'d0': {'_a0_': 3.2058504692853234, '_a1_': 1.685289209963893, '_a7_': 0.9493862866009002, '_a2_': 1.0, '_a3_': 1.0, '_a4_': 1.0, '_a5_': 1.0, '_a6_': 1.0}};{'d0': 0.024905832919416553};-280.569866449044;36.79692280540644
6615;-109.080515142566;((((((x * _a3_) + _a1_) * x) * _a1_) + _a0_) * x);{'d0': {'_a0_': 1.7751354042407876, '_a1_': 1.451421395653571, '_a3_': 2.3265199811642856, '_a2_': 1.0, '_a4_': 1.0, '_a5_': 1.0, '_a6_': 1.0, '_a7_': 1.0}};{'d0': 0.024905832919416643};-280.569866449044;31.204418081955982
6616;-109.080515142566;((((((x * _a3_) + _a1_) * x) * _a1_) + _a0_) * x);{'d0': {'_a0_': 1.7751354042407876, '_a1_': 1.451421395653571, '_a3_': 2.3265199811642856, '_a2_': 1.0, '_a4_': 1.0, '_a5_': 1.0, '_a6_': 1.0, '_a7_': 1.0}};{'d0': 0.024905832919416643};-280.569866449044;31.204418081955982
6617;-109.080515142566;((((((x * _a3_) + _a1_) * x) * _a1_) + _a0_) * x);{'d0': {'_a0_': 1.7751354042407876, '_a1_': 1.451421395653571, '_a3_': 2.3265199811642856, '_a2_': 1.0, '_a4_': 1.0, '_a5_': 1.0, '_a6_': 1.0, '_a7_': 1.0}};{'d0': 0.024905832919416643};-280.569866449044;31.204418081955982
6618;-103.488010419115;(((_a0_ * pow2(x)) + (_a1_ + (x + x))) * (x / _a7_));{'d0': {'_a0_': 3.2058504692853234, '_a1_': 1.685289209963893, '_a7_': 0.9493862866009002, '_a2_': 1.0, '_a3_': 1.0, '_a4_': 1.0, '_a5_': 1.0, '_a6_': 1.0}};{'d0': 0.024905832919416553};-280.569866449044;36.79692280540644
6619;-103.488010419115;(((_a0_ * pow2(x)) + (_a1_ + (x + x))) * (x / _a7_));{'d0': {'_a0_': 3.2058504692853234, '_a1_': 1.685289209963893, '_a7_': 0.9493862866009002, '_a2_': 1.0, '_a3_': 1.0, '_a4_': 1.0, '_a5_': 1.0, '_a6_': 1.0}};{'d0': 0.024905832919416553};-280.569866449044;36.79692280540644
6620;-103.488010419115;(((_a0_ * pow2(x)) + (_a1_ + (x + x))) * (x / _a7_));{'d0': {'_a0_': 3.2058504692853234, '_a1_': 1.685289209963893, '_a7_': 0.9493862866009002, '_a2_': 1.0, '_a3_': 1.0, '_a4_': 1.0, '_a5_': 1.0, '_a6_': 1.0}};{'d0': 0.024905832919416553};-280.569866449044;36.79692280540644
6621;-103.488010419115;(((_a0_ * pow2(x)) + (_a1_ + (x + x))) * (x / _a7_));{'d0': {'_a0_': 3.2058504692853234, '_a1_': 1.685289209963893, '_a7_': 0.9493862866009002, '_a2_': 1.0, '_a3_': 1.0, '_a4_': 1.0, '_a5_': 1.0, '_a6_': 1.0}};{'d0': 0.024905832919416553};-280.569866449044;36.79692280540644
6622;-103.488010419115;(((_a0_ * pow2(x)) + (_a1_ + (x + x))) * (x / _a7_));{'d0': {'_a0_': 3.2058504692853234, '_a1_': 1.685289209963893, '_a7_': 0.9493862866009002, '_a2_': 1.0, '_a3_': 1.0, '_a4_': 1.0, '_a5_': 1.0, '_a6_': 1.0}};{'d0': 0.024905832919416553};-280.569866449044;36.79692280540644
6623;-103.488010419115;(((_a0_ * pow2(x)) + (_a1_ + (x + x))) * (x / _a7_));{'d0': {'_a0_': 3.2058504692853234, '_a1_': 1.685289209963893, '_a7_': 0.9493862866009002, '_a2_': 1.0, '_a3_': 1.0, '_a4_': 1.0, '_a5_': 1.0, '_a6_': 1.0}};{'d0': 0.024905832919416553};-280.569866449044;36.79692280540644
6624;-103.488010419115;(((_a0_ * pow2(x)) + (_a1_ + (x + x))) * (x / _a7_));{'d0': {'_a0_': 3.2058504692853234, '_a1_': 1.685289209963893, '_a7_': 0.9493862866009002, '_a2_': 1.0, '_a3_': 1.0, '_a4_': 1.0, '_a5_': 1.0, '_a6_': 1.0}};{'d0': 0.024905832919416553};-280.569866449044;36.79692280540644
6625;-103.488010419115;(((_a0_ * pow2(x)) + (_a1_ + (x + x))) * (x / _a7_));{'d0': {'_a0_': 3.2058504692853234, '_a1_': 1.685289209963893, '_a7_': 0.9493862866009002, '_a2_': 1.0, '_a3_': 1.0, '_a4_': 1.0, '_a5_': 1.0, '_a6_': 1.0}};{'d0': 0.024905832919416553};-280.569866449044;36.79692280540644
6626;-103.488010419115;(((_a0_ * pow2(x)) + (_a1_ + (x + x))) * (x / _a7_));{'d0': {'_a0_': 3.2058504692853234, '_a1_': 1.685289209963893, '_a7_': 0.9493862866009002, '_a2_': 1.0, '_a3_': 1.0, '_a4_': 1.0, '_a5_': 1.0, '_a6_': 1.0}};{'d0': 0.024905832919416553};-280.569866449044;36.79692280540644
6627;-103.488010419115;(((_a0_ * pow2(x)) + (_a1_ + (x + x))) * (x / _a7_));{'d0': {'_a0_': 3.2058504692853234, '_a1_': 1.685289209963893, '_a7_': 0.9493862866009002, '_a2_': 1.0, '_a3_': 1.0, '_a4_': 1.0, '_a5_': 1.0, '_a6_': 1.0}};{'d0': 0.024905832919416553};-280.569866449044;36.79692280540644
6628;-95.4743623262905;(x * (_a3_ + pow2(((_a1_ * x) + ((pow2(_a4_) * log(_a1_)) / _a1_)))));{'d0': {'_a1_': 1.8375964951022628, '_a3_': 1.4465760891452208, '_a4_': 1.3157187212164867, '_a0_': 1.0, '_a2_': 1.0, '_a5_': 1.0, '_a6_': 1.0, '_a7_': 1.0}};{'d0': 0.0249058329194166};-280.569866449044;44.81057089823135
6629;-94.9130933073705;(x * (_a3_ + pow2(((_a1_ * x) + ((pow2(_a4_) * (x + _a1_)) / _a1_)))));{'d0': {'_a1_': 1.4393645559373676, '_a3_': 1.4465760897016728, '_a4_': 0.7571003491018824, '_a0_': 1.0, '_a2_': 1.0, '_a5_': 1.0, '_a6_': 1.0, '_a7_': 1.0}};{'d0': 0.024905832919416622};-280.569866449044;45.37183991715135
6630;-94.9130933073705;(x * (_a3_ + pow2(((_a1_ * x) + ((pow2(_a4_) * (x + _a1_)) / _a1_)))));{'d0': {'_a1_': 1.4393645559373676, '_a3_': 1.4465760897016728, '_a4_': 0.7571003491018824, '_a0_': 1.0, '_a2_': 1.0, '_a5_': 1.0, '_a6_': 1.0, '_a7_': 1.0}};{'d0': 0.024905832919416622};-280.569866449044;45.37183991715135
6631;-94.9130933073705;(x * (_a3_ + pow2(((_a1_ * x) + ((pow2(_a4_) * (x + _a1_)) / _a1_)))));{'d0': {'_a1_': 1.4393645559373676, '_a3_': 1.4465760897016728, '_a4_': 0.7571003491018824, '_a0_': 1.0, '_a2_': 1.0, '_a5_': 1.0, '_a6_': 1.0, '_a7_': 1.0}};{'d0': 0.024905832919416622};-280.569866449044;45.37183991715135
6632;-94.9130933073705;(x * (_a3_ + pow2(((_a1_ * x) + ((pow2(_a4_) * (x + _a1_)) / _a1_)))));{'d0': {'_a1_': 1.4393645559373676, '_a3_': 1.4465760897016728, '_a4_': 0.7571003491018824, '_a0_': 1.0, '_a2_': 1.0, '_a5_': 1.0, '_a6_': 1.0, '_a7_': 1.0}};{'d0': 0.024905832919416622};-280.569866449044;45.37183991715135
6633;-94.9130933073705;(x * (_a3_ + pow2(((_a1_ * x) + ((pow2(_a4_) * (x + _a1_)) / _a1_)))));{'d0': {'_a1_': 1.4393645559373676, '_a3_': 1.4465760897016728, '_a4_': 0.7571003491018824, '_a0_': 1.0, '_a2_': 1.0, '_a5_': 1.0, '_a6_': 1.0, '_a7_': 1.0}};{'d0': 0.024905832919416622};-280.569866449044;45.37183991715135
6634;-103.488010419115;(((_a0_ * pow2(x)) + (_a1_ + (x + _a7_))) * (x / _a7_));{'d0': {'_a0_': 1.602925234669541, '_a1_': 0.3679514623366038, '_a7_': 0.4746931437453033, '_a2_': 1.0, '_a3_': 1.0, '_a4_': 1.0, '_a5_': 1.0, '_a6_': 1.0}};{'d0': 0.024905832919416563};-280.569866449044;36.79692280540644
6635;-103.488010419115;(((_a0_ * pow2(x)) + (_a1_ + (x + _a1_))) * (x / _a7_));{'d0': {'_a0_': 1.602925234294216, '_a1_': 0.42132230122560277, '_a7_': 0.4746931423742717, '_a2_': 1.0, '_a3_': 1.0, '_a4_': 1.0, '_a5_': 1.0, '_a6_': 1.0}};{'d0': 0.024905832919416563};-280.569866449044;36.79692280540644
6636;-103.488010419115;(((_a0_ * pow2(x)) + (_a1_ + (x + _a1_))) * (x / _a7_));{'d0': {'_a0_': 1.602925234294216, '_a1_': 0.42132230122560277, '_a7_': 0.4746931423742717, '_a2_': 1.0, '_a3_': 1.0, '_a4_': 1.0, '_a5_': 1.0, '_a6_': 1.0}};{'d0': 0.024905832919416563};-280.569866449044;36.79692280540644
6637;-103.488010419115;(((_a0_ * pow2(x)) + (_a1_ + (x + _a1_))) * (x / _a7_));{'d0': {'_a0_': 1.602925234294216, '_a1_': 0.42132230122560277, '_a7_': 0.4746931423742717, '_a2_': 1.0, '_a3_': 1.0, '_a4_': 1.0, '_a5_': 1.0, '_a6_': 1.0}};{'d0': 0.024905832919416563};-280.569866449044;36.79692280540644
6638;-103.488010419115;(((_a0_ * pow2(x)) + (_a1_ + (x + _a1_))) * (x / _a7_));{'d0': {'_a0_': 1.602925234294216, '_a1_': 0.42132230122560277, '_a7_': 0.4746931423742717, '_a2_': 1.0, '_a3_': 1.0, '_a4_': 1.0, '_a5_': 1.0, '_a6_': 1.0}};{'d0': 0.024905832919416563};-280.569866449044;36.79692280540644
6639;-103.488010419115;(((_a0_ * pow2(x)) + (_a1_ + (x + _a1_))) * (x / _a7_));{'d0': {'_a0_': 1.602925234294216, '_a1_': 0.42132230122560277, '_a7_': 0.4746931423742717, '_a2_': 1.0, '_a3_': 1.0, '_a4_': 1.0, '_a5_': 1.0, '_a6_': 1.0}};{'d0': 0.024905832919416563};-280.569866449044;36.79692280540644
6640;-103.488010419115;(((_a0_ * pow2(x)) + (_a1_ + (x + _a1_))) * (x / _a7_));{'d0': {'_a0_': 1.602925234294216, '_a1_': 0.42132230122560277, '_a7_': 0.4746931423742717, '_a2_': 1.0, '_a3_': 1.0, '_a4_': 1.0, '_a5_': 1.0, '_a6_': 1.0}};{'d0': 0.024905832919416563};-280.569866449044;36.79692280540644
6641;-103.488010419115;(((_a0_ * pow2(x)) + (_a1_ + (x + _a1_))) * (x / _a7_));{'d0': {'_a0_': 1.602925234294216, '_a1_': 0.42132230122560277, '_a7_': 0.4746931423742717, '_a2_': 1.0, '_a3_': 1.0, '_a4_': 1.0, '_a5_': 1.0, '_a6_': 1.0}};{'d0': 0.024905832919416563};-280.569866449044;36.79692280540644
6642;-103.488010419115;(((_a0_ * pow2(x)) + (_a1_ + (x + _a1_))) * (x / _a7_));{'d0': {'_a0_': 1.602925234294216, '_a1_': 0.42132230122560277, '_a7_': 0.4746931423742717, '_a2_': 1.0, '_a3_': 1.0, '_a4_': 1.0, '_a5_': 1.0, '_a6_': 1.0}};{'d0': 0.024905832919416563};-280.569866449044;36.79692280540644
6643;-103.488010419115;(((_a0_ * pow2(x)) + (_a1_ + (x + _a1_))) * (x / _a7_));{'d0': {'_a0_': 1.602925234294216, '_a1_': 0.42132230122560277, '_a7_': 0.4746931423742717, '_a2_': 1.0, '_a3_': 1.0, '_a4_': 1.0, '_a5_': 1.0, '_a6_': 1.0}};{'d0': 0.024905832919416563};-280.569866449044;36.79692280540644
6644;-103.488010419115;(((_a0_ * pow2(x)) + (_a1_ + (x + _a1_))) * (x / _a7_));{'d0': {'_a0_': 1.602925234294216, '_a1_': 0.42132230122560277, '_a7_': 0.4746931423742717, '_a2_': 1.0, '_a3_': 1.0, '_a4_': 1.0, '_a5_': 1.0, '_a6_': 1.0}};{'d0': 0.024905832919416563};-280.569866449044;36.79692280540644
6645;-103.488010419115;(((_a0_ * pow2(x)) + (_a1_ + (x + _a1_))) * (x / _a7_));{'d0': {'_a0_': 1.602925234294216, '_a1_': 0.42132230122560277, '_a7_': 0.4746931423742717, '_a2_': 1.0, '_a3_': 1.0, '_a4_': 1.0, '_a5_': 1.0, '_a6_': 1.0}};{'d0': 0.024905832919416563};-280.569866449044;36.79692280540644
6646;-103.488010419115;(((_a0_ * pow2(x)) + (_a1_ + (x + _a1_))) * (x / _a7_));{'d0': {'_a0_': 1.602925234294216, '_a1_': 0.42132230122560277, '_a7_': 0.4746931423742717, '_a2_': 1.0, '_a3_': 1.0, '_a4_': 1.0, '_a5_': 1.0, '_a6_': 1.0}};{'d0': 0.024905832919416563};-280.569866449044;36.79692280540644
6647;-103.488010419115;(((_a0_ * pow2(x)) + (_a1_ + (x + _a1_))) * (x / _a7_));{'d0': {'_a0_': 1.602925234294216, '_a1_': 0.42132230122560277, '_a7_': 0.4746931423742717, '_a2_': 1.0, '_a3_': 1.0, '_a4_': 1.0, '_a5_': 1.0, '_a6_': 1.0}};{'d0': 0.024905832919416563};-280.569866449044;36.79692280540644
6648;-103.488010419115;(((_a0_ * pow2(x)) + (_a1_ + (x + _a1_))) * (x / _a7_));{'d0': {'_a0_': 1.602925234294216, '_a1_': 0.42132230122560277, '_a7_': 0.4746931423742717, '_a2_': 1.0, '_a3_': 1.0, '_a4_': 1.0, '_a5_': 1.0, '_a6_': 1.0}};{'d0': 0.024905832919416563};-280.569866449044;36.79692280540644
6649;-103.488010419115;(((_a0_ * pow2(x)) + (_a1_ + (x + _a1_))) * (x / _a7_));{'d0': {'_a0_': 1.602925234294216, '_a1_': 0.42132230122560277, '_a7_': 0.4746931423742717, '_a2_': 1.0, '_a3_': 1.0, '_a4_': 1.0, '_a5_': 1.0, '_a6_': 1.0}};{'d0': 0.024905832919416563};-280.569866449044;36.79692280540644
6650;-103.488010419115;(((_a0_ * pow2(x)) + (_a1_ + (x + _a1_))) * (x / _a7_));{'d0': {'_a0_': 1.602925234294216, '_a1_': 0.42132230122560277, '_a7_': 0.4746931423742717, '_a2_': 1.0, '_a3_': 1.0, '_a4_': 1.0, '_a5_': 1.0, '_a6_': 1.0}};{'d0': 0.024905832919416563};-280.569866449044;36.79692280540644
6651;-103.488010419115;(((_a0_ * pow2(x)) + (_a1_ + (x + _a1_))) * (x / _a7_));{'d0': {'_a0_': 1.602925234294216, '_a1_': 0.42132230122560277, '_a7_': 0.4746931423742717, '_a2_': 1.0, '_a3_': 1.0, '_a4_': 1.0, '_a5_': 1.0, '_a6_': 1.0}};{'d0': 0.024905832919416563};-280.569866449044;36.79692280540644
6652;-103.488010419115;(((_a0_ * pow2(x)) + (_a1_ + (x + _a1_))) * (x / _a7_));{'d0': {'_a0_': 1.602925234294216, '_a1_': 0.42132230122560277, '_a7_': 0.4746931423742717, '_a2_': 1.0, '_a3_': 1.0, '_a4_': 1.0, '_a5_': 1.0, '_a6_': 1.0}};{'d0': 0.024905832919416563};-280.569866449044;36.79692280540644
6653;-103.488010419115;(((_a0_ * pow2(x)) + (_a1_ + (x + _a1_))) * (x / _a7_));{'d0': {'_a0_': 1.602925234294216, '_a1_': 0.42132230122560277, '_a7_': 0.4746931423742717, '_a2_': 1.0, '_a3_': 1.0, '_a4_': 1.0, '_a5_': 1.0, '_a6_': 1.0}};{'d0': 0.024905832919416563};-280.569866449044;36.79692280540644
6654;-103.488010419115;(((_a0_ * pow2(x)) + (_a1_ + (x + _a1_))) * (x / _a7_));{'d0': {'_a0_': 1.602925234294216, '_a1_': 0.42132230122560277, '_a7_': 0.4746931423742717, '_a2_': 1.0, '_a3_': 1.0, '_a4_': 1.0, '_a5_': 1.0, '_a6_': 1.0}};{'d0': 0.024905832919416563};-280.569866449044;36.79692280540644
6655;-103.488010419115;(((_a0_ * pow2(x)) + (_a1_ + (x + _a1_))) * (x / _a7_));{'d0': {'_a0_': 1.602925234294216, '_a1_': 0.42132230122560277, '_a7_': 0.4746931423742717, '_a2_': 1.0, '_a3_': 1.0, '_a4_': 1.0, '_a5_': 1.0, '_a6_': 1.0}};{'d0': 0.024905832919416563};-280.569866449044;36.79692280540644
6656;-103.488010419115;(((_a0_ * pow2(x)) + (_a1_ + (x + _a1_))) * (x / _a7_));{'d0': {'_a0_': 1.602925234294216, '_a1_': 0.42132230122560277, '_a7_': 0.4746931423742717, '_a2_': 1.0, '_a3_': 1.0, '_a4_': 1.0, '_a5_': 1.0, '_a6_': 1.0}};{'d0': 0.024905832919416563};-280.569866449044;36.79692280540644
6657;-103.488010419115;(((_a0_ * pow2(x)) + (_a1_ + (x + _a1_))) * (x / _a7_));{'d0': {'_a0_': 1.602925234294216, '_a1_': 0.42132230122560277, '_a7_': 0.4746931423742717, '_a2_': 1.0, '_a3_': 1.0, '_a4_': 1.0, '_a5_': 1.0, '_a6_': 1.0}};{'d0': 0.024905832919416563};-280.569866449044;36.79692280540644
6658;-103.488010419115;(((_a0_ * pow2(x)) + (_a1_ + (x + _a1_))) * (x / _a7_));{'d0': {'_a0_': 1.602925234294216, '_a1_': 0.42132230122560277, '_a7_': 0.4746931423742717, '_a2_': 1.0, '_a3_': 1.0, '_a4_': 1.0, '_a5_': 1.0, '_a6_': 1.0}};{'d0': 0.024905832919416563};-280.569866449044;36.79692280540644
6659;-103.488010419115;(((_a0_ * pow2(x)) + (_a1_ + (x + _a1_))) * (x / _a7_));{'d0': {'_a0_': 1.602925234294216, '_a1_': 0.42132230122560277, '_a7_': 0.4746931423742717, '_a2_': 1.0, '_a3_': 1.0, '_a4_': 1.0, '_a5_': 1.0, '_a6_': 1.0}};{'d0': 0.024905832919416563};-280.569866449044;36.79692280540644
6660;-103.488010419115;(((_a0_ * pow2(x)) + (_a1_ + (x + _a1_))) * (x / _a7_));{'d0': {'_a0_': 1.602925234294216, '_a1_': 0.42132230122560277, '_a7_': 0.4746931423742717, '_a2_': 1.0, '_a3_': 1.0, '_a4_': 1.0, '_a5_': 1.0, '_a6_': 1.0}};{'d0': 0.024905832919416563};-280.569866449044;36.79692280540644
6661;-103.488010419115;(((_a0_ * pow2(x)) + (_a1_ + (x + _a1_))) * (x / _a7_));{'d0': {'_a0_': 1.602925234294216, '_a1_': 0.42132230122560277, '_a7_': 0.4746931423742717, '_a2_': 1.0, '_a3_': 1.0, '_a4_': 1.0, '_a5_': 1.0, '_a6_': 1.0}};{'d0': 0.024905832919416563};-280.569866449044;36.79692280540644
6662;-103.488010419115;(((_a0_ * pow2(x)) + (_a1_ + (x + _a1_))) * (x / _a7_));{'d0': {'_a0_': 1.602925234294216, '_a1_': 0.42132230122560277, '_a7_': 0.4746931423742717, '_a2_': 1.0, '_a3_': 1.0, '_a4_': 1.0, '_a5_': 1.0, '_a6_': 1.0}};{'d0': 0.024905832919416563};-280.569866449044;36.79692280540644
6663;-103.488010419115;(((_a0_ * pow2(x)) + (_a1_ + (x + _a1_))) * (x / _a7_));{'d0': {'_a0_': 1.602925234294216, '_a1_': 0.42132230122560277, '_a7_': 0.4746931423742717, '_a2_': 1.0, '_a3_': 1.0, '_a4_': 1.0, '_a5_': 1.0, '_a6_': 1.0}};{'d0': 0.024905832919416563};-280.569866449044;36.79692280540644
6664;-89.5470251727104;(x * (_a3_ + pow2(((_a1_ * x) + ((pow2(exp(_a7_)) * (_a3_ + _a1_)) / _a1_)))));{'d0': {'_a1_': 1.837596494831903, '_a3_': 1.4465760897201123, '_a7_': -0.5685876127142407, '_a0_': 1.0, '_a2_': 1.0, '_a4_': 1.0, '_a5_': 1.0, '_a6_': 1.0}};{'d0': 0.02490583291941666};-280.569866449044;50.737908051811345
6665;-89.5470251727104;(x * (_a3_ + pow2(((_a1_ * x) + ((pow2(exp(_a7_)) * (_a3_ + _a1_)) / _a1_)))));{'d0': {'_a1_': 1.837596494831903, '_a3_': 1.4465760897201123, '_a7_': -0.5685876127142407, '_a0_': 1.0, '_a2_': 1.0, '_a4_': 1.0, '_a5_': 1.0, '_a6_': 1.0}};{'d0': 0.02490583291941666};-280.569866449044;50.737908051811345
6666;-89.5470251727104;(x * (_a3_ + pow2(((_a1_ * x) + ((pow2(exp(_a7_)) * (_a3_ + _a1_)) / _a1_)))));{'d0': {'_a1_': 1.837596494831903, '_a3_': 1.4465760897201123, '_a7_': -0.5685876127142407, '_a0_': 1.0, '_a2_': 1.0, '_a4_': 1.0, '_a5_': 1.0, '_a6_': 1.0}};{'d0': 0.02490583291941666};-280.569866449044;50.737908051811345
6667;-89.5470251727104;(x * (_a3_ + pow2(((_a1_ * x) + ((pow2(exp(_a7_)) * (_a3_ + _a7_)) / _a1_)))));{'d0': {'_a1_': 1.8375964936027884, '_a3_': 1.4465760906687992, '_a7_': -0.11660779425168155, '_a0_': 1.0, '_a2_': 1.0, '_a4_': 1.0, '_a5_': 1.0, '_a6_': 1.0}};{'d0': 0.024905832919416667};-280.569866449044;50.737908051811345
6668;-89.5470251727104;(x * (_a3_ + pow2(((_a1_ * x) + ((pow2(exp(_a7_)) * (_a3_ + _a7_)) / _a1_)))));{'d0': {'_a1_': 1.8375964936027884, '_a3_': 1.4465760906687992, '_a7_': -0.11660779425168155, '_a0_': 1.0, '_a2_': 1.0, '_a4_': 1.0, '_a5_': 1.0, '_a6_': 1.0}};{'d0': 0.024905832919416667};-280.569866449044;50.737908051811345
6669;-89.5470251727104;(x * (_a3_ + pow2(((_a1_ * x) + ((pow2(exp(_a7_)) * (_a3_ + _a7_)) / _a1_)))));{'d0': {'_a1_': 1.8375964936027884, '_a3_': 1.4465760906687992, '_a7_': -0.11660779425168155, '_a0_': 1.0, '_a2_': 1.0, '_a4_': 1.0, '_a5_': 1.0, '_a6_': 1.0}};{'d0': 0.024905832919416667};-280.569866449044;50.737908051811345
6670;-89.5470251727104;(x * (_a3_ + pow2(((_a1_ * x) + ((pow2(exp(_a7_)) * (_a3_ + _a7_)) / _a1_)))));{'d0': {'_a1_': 1.8375964936027884, '_a3_': 1.4465760906687992, '_a7_': -0.11660779425168155, '_a0_': 1.0, '_a2_': 1.0, '_a4_': 1.0, '_a5_': 1.0, '_a6_': 1.0}};{'d0': 0.024905832919416667};-280.569866449044;50.737908051811345
6671;-89.5470251727104;(x * (_a3_ + pow2(((_a1_ * x) + ((pow2(exp(_a7_)) * (_a3_ + _a7_)) / _a1_)))));{'d0': {'_a1_': 1.8375964936027884, '_a3_': 1.4465760906687992, '_a7_': -0.11660779425168155, '_a0_': 1.0, '_a2_': 1.0, '_a4_': 1.0, '_a5_': 1.0, '_a6_': 1.0}};{'d0': 0.024905832919416667};-280.569866449044;50.737908051811345
6672;-89.5470251727104;(x * (_a3_ + pow2(((_a1_ * x) + ((pow2(exp(_a7_)) * (_a3_ + _a7_)) / _a1_)))));{'d0': {'_a1_': 1.8375964936027884, '_a3_': 1.4465760906687992, '_a7_': -0.11660779425168155, '_a0_': 1.0, '_a2_': 1.0, '_a4_': 1.0, '_a5_': 1.0, '_a6_': 1.0}};{'d0': 0.024905832919416667};-280.569866449044;50.737908051811345
6673;-89.5470251727104;(x * (_a3_ + pow2(((_a1_ * x) + ((pow2(exp(_a7_)) * (_a3_ + _a7_)) / _a1_)))));{'d0': {'_a1_': 1.8375964936027884, '_a3_': 1.4465760906687992, '_a7_': -0.11660779425168155, '_a0_': 1.0, '_a2_': 1.0, '_a4_': 1.0, '_a5_': 1.0, '_a6_': 1.0}};{'d0': 0.024905832919416667};-280.569866449044;50.737908051811345
6674;-89.5470251727104;(x * (_a3_ + pow2(((_a1_ * x) + ((pow2(exp(_a7_)) * (_a3_ + _a7_)) / _a1_)))));{'d0': {'_a1_': 1.8375964936027884, '_a3_': 1.4465760906687992, '_a7_': -0.11660779425168155, '_a0_': 1.0, '_a2_': 1.0, '_a4_': 1.0, '_a5_': 1.0, '_a6_': 1.0}};{'d0': 0.024905832919416667};-280.569866449044;50.737908051811345
6675;-89.5470251727104;(x * (_a3_ + pow2(((_a1_ * x) + ((pow2(exp(_a7_)) * (_a3_ + _a7_)) / _a1_)))));{'d0': {'_a1_': 1.8375964936027884, '_a3_': 1.4465760906687992, '_a7_': -0.11660779425168155, '_a0_': 1.0, '_a2_': 1.0, '_a4_': 1.0, '_a5_': 1.0, '_a6_': 1.0}};{'d0': 0.024905832919416667};-280.569866449044;50.737908051811345
6676;-89.5470251727104;(x * (_a3_ + pow2(((_a1_ * x) + ((pow2(exp(_a7_)) * (_a3_ + _a7_)) / _a1_)))));{'d0': {'_a1_': 1.8375964936027884, '_a3_': 1.4465760906687992, '_a7_': -0.11660779425168155, '_a0_': 1.0, '_a2_': 1.0, '_a4_': 1.0, '_a5_': 1.0, '_a6_': 1.0}};{'d0': 0.024905832919416667};-280.569866449044;50.737908051811345
6677;-89.5470251727104;(x * (_a3_ + pow2(((_a1_ * x) + ((pow2(exp(_a7_)) * (_a3_ + _a7_)) / _a1_)))));{'d0': {'_a1_': 1.8375964936027884, '_a3_': 1.4465760906687992, '_a7_': -0.11660779425168155, '_a0_': 1.0, '_a2_': 1.0, '_a4_': 1.0, '_a5_': 1.0, '_a6_': 1.0}};{'d0': 0.024905832919416667};-280.569866449044;50.737908051811345
6678;-89.5470251727104;(x * (_a3_ + pow2(((_a1_ * x) + ((pow2(exp(_a7_)) * (_a3_ + _a7_)) / _a1_)))));{'d0': {'_a1_': 1.8375964936027884, '_a3_': 1.4465760906687992, '_a7_': -0.11660779425168155, '_a0_': 1.0, '_a2_': 1.0, '_a4_': 1.0, '_a5_': 1.0, '_a6_': 1.0}};{'d0': 0.024905832919416667};-280.569866449044;50.737908051811345
6679;-89.5470251727104;(x * (_a3_ + pow2(((_a1_ * x) + ((pow2(exp(_a7_)) * (_a3_ + _a7_)) / _a1_)))));{'d0': {'_a1_': 1.8375964936027884, '_a3_': 1.4465760906687992, '_a7_': -0.11660779425168155, '_a0_': 1.0, '_a2_': 1.0, '_a4_': 1.0, '_a5_': 1.0, '_a6_': 1.0}};{'d0': 0.024905832919416667};-280.569866449044;50.737908051811345
6680;-103.488010419115;(((_a0_ * pow2(x)) + (_a1_ + (x + _a1_))) * (x / _a7_));{'d0': {'_a0_': 1.602925234294216, '_a1_': 0.42132230122560277, '_a7_': 0.4746931423742717, '_a2_': 1.0, '_a3_': 1.0, '_a4_': 1.0, '_a5_': 1.0, '_a6_': 1.0}};{'d0': 0.024905832919416563};-280.569866449044;36.79692280540644
6681;-103.488010419115;(((_a3_ * pow2(x)) + (_a1_ + (x + _a1_))) * (x / _a7_));{'d0': {'_a1_': 0.42132230227257833, '_a3_': 1.6029252345837095, '_a7_': 0.47469314311408656, '_a0_': 1.0, '_a2_': 1.0, '_a4_': 1.0, '_a5_': 1.0, '_a6_': 1.0}};{'d0': 0.024905832919416608};-280.569866449044;36.79692280540644
6682;-103.488010419115;(((_a3_ * pow2(x)) + (_a1_ + (x + _a1_))) * (x / _a7_));{'d0': {'_a1_': 0.42132230227257833, '_a3_': 1.6029252345837095, '_a7_': 0.47469314311408656, '_a0_': 1.0, '_a2_': 1.0, '_a4_': 1.0, '_a5_': 1.0, '_a6_': 1.0}};{'d0': 0.024905832919416608};-280.569866449044;36.79692280540644
6683;-103.488010419115;(((_a3_ * pow2(x)) + (_a1_ + (x + _a1_))) * (x / _a7_));{'d0': {'_a1_': 0.42132230227257833, '_a3_': 1.6029252345837095, '_a7_': 0.47469314311408656, '_a0_': 1.0, '_a2_': 1.0, '_a4_': 1.0, '_a5_': 1.0, '_a6_': 1.0}};{'d0': 0.024905832919416608};-280.569866449044;36.79692280540644
6684;-103.488010419115;(((_a3_ * pow2(x)) + (_a1_ + (x + _a1_))) * (x / _a7_));{'d0': {'_a1_': 0.42132230227257833, '_a3_': 1.6029252345837095, '_a7_': 0.47469314311408656, '_a0_': 1.0, '_a2_': 1.0, '_a4_': 1.0, '_a5_': 1.0, '_a6_': 1.0}};{'d0': 0.024905832919416608};-280.569866449044;36.79692280540644
6685;-103.488010419115;(((_a3_ * pow2(x)) + (_a1_ + (x + _a1_))) * (x / _a7_));{'d0': {'_a1_': 0.42132230227257833, '_a3_': 1.6029252345837095, '_a7_': 0.47469314311408656, '_a0_': 1.0, '_a2_': 1.0, '_a4_': 1.0, '_a5_': 1.0, '_a6_': 1.0}};{'d0': 0.024905832919416608};-280.569866449044;36.79692280540644
6686;-103.488010419115;(((_a3_ * pow2(x)) + (_a1_ + (x + _a1_))) * (x / _a7_));{'d0': {'_a1_': 0.42132230227257833, '_a3_': 1.6029252345837095, '_a7_': 0.47469314311408656, '_a0_': 1.0, '_a2_': 1.0, '_a4_': 1.0, '_a5_': 1.0, '_a6_': 1.0}};{'d0': 0.024905832919416608};-280.569866449044;36.79692280540644
6687;-103.488010419115;(((_a3_ * pow2(x)) + (_a1_ + (x + _a1_))) * (x / _a7_));{'d0': {'_a1_': 0.42132230227257833, '_a3_': 1.6029252345837095, '_a7_': 0.47469314311408656, '_a0_': 1.0, '_a2_': 1.0, '_a4_': 1.0, '_a5_': 1.0, '_a6_': 1.0}};{'d0': 0.024905832919416608};-280.569866449044;36.79692280540644
6688;-103.488010419115;(((_a3_ * pow2(x)) + (_a1_ + (x + _a1_))) * (x / _a7_));{'d0': {'_a1_': 0.42132230227257833, '_a3_': 1.6029252345837095, '_a7_': 0.47469314311408656, '_a0_': 1.0, '_a2_': 1.0, '_a4_': 1.0, '_a5_': 1.0, '_a6_': 1.0}};{'d0': 0.024905832919416608};-280.569866449044;36.79692280540644
6689;-103.488010419115;(((_a3_ * pow2(x)) + (_a1_ + (x + _a1_))) * (x / _a7_));{'d0': {'_a1_': 0.42132230227257833, '_a3_': 1.6029252345837095, '_a7_': 0.47469314311408656, '_a0_': 1.0, '_a2_': 1.0, '_a4_': 1.0, '_a5_': 1.0, '_a6_': 1.0}};{'d0': 0.024905832919416608};-280.569866449044;36.79692280540644
6690;-103.488010419115;(((_a3_ * pow2(x)) + (_a1_ + (x + _a1_))) * (x / _a7_));{'d0': {'_a1_': 0.42132230227257833, '_a3_': 1.6029252345837095, '_a7_': 0.47469314311408656, '_a0_': 1.0, '_a2_': 1.0, '_a4_': 1.0, '_a5_': 1.0, '_a6_': 1.0}};{'d0': 0.024905832919416608};-280.569866449044;36.79692280540644
6691;-103.488010419115;(((_a3_ * pow2(x)) + (_a1_ + (x + _a1_))) * (x / _a7_));{'d0': {'_a1_': 0.42132230227257833, '_a3_': 1.6029252345837095, '_a7_': 0.47469314311408656, '_a0_': 1.0, '_a2_': 1.0, '_a4_': 1.0, '_a5_': 1.0, '_a6_': 1.0}};{'d0': 0.024905832919416608};-280.569866449044;36.79692280540644
6692;-103.488010419115;(((_a3_ * pow2(x)) + (_a1_ + (x + _a1_))) * (x / _a7_));{'d0': {'_a1_': 0.42132230227257833, '_a3_': 1.6029252345837095, '_a7_': 0.47469314311408656, '_a0_': 1.0, '_a2_': 1.0, '_a4_': 1.0, '_a5_': 1.0, '_a6_': 1.0}};{'d0': 0.024905832919416608};-280.569866449044;36.79692280540644
6693;-103.488010419115;(((_a3_ * pow2(x)) + (_a1_ + (x + _a1_))) * (x / _a7_));{'d0': {'_a1_': 0.42132230227257833, '_a3_': 1.6029252345837095, '_a7_': 0.47469314311408656, '_a0_': 1.0, '_a2_': 1.0, '_a4_': 1.0, '_a5_': 1.0, '_a6_': 1.0}};{'d0': 0.024905832919416608};-280.569866449044;36.79692280540644
6694;-103.488010419115;(((_a3_ * pow2(x)) + (_a1_ + (x + _a1_))) * (x / _a7_));{'d0': {'_a1_': 0.42132230227257833, '_a3_': 1.6029252345837095, '_a7_': 0.47469314311408656, '_a0_': 1.0, '_a2_': 1.0, '_a4_': 1.0, '_a5_': 1.0, '_a6_': 1.0}};{'d0': 0.024905832919416608};-280.569866449044;36.79692280540644
6695;-103.488010419115;(((_a3_ * pow2(x)) + (_a1_ + (x + _a1_))) * (x / _a7_));{'d0': {'_a1_': 0.42132230227257833, '_a3_': 1.6029252345837095, '_a7_': 0.47469314311408656, '_a0_': 1.0, '_a2_': 1.0, '_a4_': 1.0, '_a5_': 1.0, '_a6_': 1.0}};{'d0': 0.024905832919416608};-280.569866449044;36.79692280540644
6696;-88.8040778756405;(x * (_a3_ + pow2(((_a1_ * x) + ((pow2(exp(_a7_)) * (_a3_ ** _a3_)) / _a1_)))));{'d0': {'_a1_': 1.8375964947410777, '_a3_': 1.4465760894877722, '_a7_': -0.24106778702146914, '_a0_': 1.0, '_a2_': 1.0, '_a4_': 1.0, '_a5_': 1.0, '_a6_': 1.0}};{'d0': 0.02490583291941658};-280.569866449044;51.48085534888134
6697;-87.9408212959429;(x * (_a3_ + pow2(((_a1_ * x) + ((pow2(exp(_a7_)) * (_a3_ ** _a3_)) ** _a1_)))));{'d0': {'_a1_': 1.8375964951365935, '_a3_': 1.4465760890791717, '_a7_': -0.41846332058150715, '_a0_': 1.0, '_a2_': 1.0, '_a4_': 1.0, '_a5_': 1.0, '_a6_': 1.0}};{'d0': 0.024905832919416615};-280.569866449044;52.34411192857894
6698;-87.9408212959429;(x * (_a3_ + pow2(((_a1_ * x) + ((pow2(exp(_a7_)) * (_a3_ ** _a3_)) ** _a1_)))));{'d0': {'_a1_': 1.8375964951365935, '_a3_': 1.4465760890791717, '_a7_': -0.41846332058150715, '_a0_': 1.0, '_a2_': 1.0, '_a4_': 1.0, '_a5_': 1.0, '_a6_': 1.0}};{'d0': 0.024905832919416615};-280.569866449044;52.34411192857894
6699;-93.3068894306029;(x * (_a3_ + pow2(((_a1_ * x) + ((pow2(_a2_) * (_a3_ ** _a3_)) ** _a1_)))));{'d0': {'_a1_': 1.8375964954635338, '_a2_': 0.6580572665140704, '_a3_': 1.4465760887196164, '_a0_': 1.0, '_a4_': 1.0, '_a5_': 1.0, '_a6_': 1.0, '_a7_': 1.0}};{'d0': 0.02490583291941662};-280.569866449044;46.97804379391894
6700;-93.3068894306029;(x * (_a3_ + pow2(((_a1_ * x) + ((pow2(_a2_) * (_a3_ ** _a3_)) ** _a1_)))));{'d0': {'_a1_': 1.8375964954635338, '_a2_': 0.6580572665140704, '_a3_': 1.4465760887196164, '_a0_': 1.0, '_a4_': 1.0, '_a5_': 1.0, '_a6_': 1.0, '_a7_': 1.0}};{'d0': 0.02490583291941662};-280.569866449044;46.97804379391894
6701;-103.488010419115;(((_a3_ * pow2(x)) + (_a1_ + (x + _a1_))) * (x / _a7_));{'d0': {'_a1_': 0.42132230227257833, '_a3_': 1.6029252345837095, '_a7_': 0.47469314311408656, '_a0_': 1.0, '_a2_': 1.0, '_a4_': 1.0, '_a5_': 1.0, '_a6_': 1.0}};{'d0': 0.024905832919416608};-280.569866449044;36.79692280540644
6702;-103.488010419115;(((_a3_ * pow2(x)) + (_a1_ + (x + _a1_))) * (x / _a7_));{'d0': {'_a1_': 0.42132230227257833, '_a3_': 1.6029252345837095, '_a7_': 0.47469314311408656, '_a0_': 1.0, '_a2_': 1.0, '_a4_': 1.0, '_a5_': 1.0, '_a6_': 1.0}};{'d0': 0.024905832919416608};-280.569866449044;36.79692280540644
6703;-103.488010419115;(((_a3_ * pow2(x)) + (_a1_ + (x + _a1_))) * (x / _a7_));{'d0': {'_a1_': 0.42132230227257833, '_a3_': 1.6029252345837095, '_a7_': 0.47469314311408656, '_a0_': 1.0, '_a2_': 1.0, '_a4_': 1.0, '_a5_': 1.0, '_a6_': 1.0}};{'d0': 0.024905832919416608};-280.569866449044;36.79692280540644
6704;-103.488010419115;(((_a3_ * pow2(x)) + (_a1_ + (x + _a1_))) * (x / _a7_));{'d0': {'_a1_': 0.42132230227257833, '_a3_': 1.6029252345837095, '_a7_': 0.47469314311408656, '_a0_': 1.0, '_a2_': 1.0, '_a4_': 1.0, '_a5_': 1.0, '_a6_': 1.0}};{'d0': 0.024905832919416608};-280.569866449044;36.79692280540644
6705;-103.488010419115;(((_a3_ * pow2(x)) + (_a1_ + (x + _a1_))) * (x / _a7_));{'d0': {'_a1_': 0.42132230227257833, '_a3_': 1.6029252345837095, '_a7_': 0.47469314311408656, '_a0_': 1.0, '_a2_': 1.0, '_a4_': 1.0, '_a5_': 1.0, '_a6_': 1.0}};{'d0': 0.024905832919416608};-280.569866449044;36.79692280540644
6706;-103.488010419115;(((_a3_ * pow2(x)) + (_a1_ + (x + _a1_))) * (x / _a7_));{'d0': {'_a1_': 0.42132230227257833, '_a3_': 1.6029252345837095, '_a7_': 0.47469314311408656, '_a0_': 1.0, '_a2_': 1.0, '_a4_': 1.0, '_a5_': 1.0, '_a6_': 1.0}};{'d0': 0.024905832919416608};-280.569866449044;36.79692280540644
6707;-103.488010419115;(((_a3_ * pow2(x)) + (_a1_ + (x + _a1_))) * (x / _a7_));{'d0': {'_a1_': 0.42132230227257833, '_a3_': 1.6029252345837095, '_a7_': 0.47469314311408656, '_a0_': 1.0, '_a2_': 1.0, '_a4_': 1.0, '_a5_': 1.0, '_a6_': 1.0}};{'d0': 0.024905832919416608};-280.569866449044;36.79692280540644
6708;-103.488010419115;(((_a3_ * pow2(x)) + (_a1_ + (x + _a1_))) * (x / _a7_));{'d0': {'_a1_': 0.42132230227257833, '_a3_': 1.6029252345837095, '_a7_': 0.47469314311408656, '_a0_': 1.0, '_a2_': 1.0, '_a4_': 1.0, '_a5_': 1.0, '_a6_': 1.0}};{'d0': 0.024905832919416608};-280.569866449044;36.79692280540644
6709;-103.488010419115;(((_a3_ * pow2(x)) + (_a1_ + (x + _a1_))) * (x / _a7_));{'d0': {'_a1_': 0.42132230227257833, '_a3_': 1.6029252345837095, '_a7_': 0.47469314311408656, '_a0_': 1.0, '_a2_': 1.0, '_a4_': 1.0, '_a5_': 1.0, '_a6_': 1.0}};{'d0': 0.024905832919416608};-280.569866449044;36.79692280540644
6710;-93.3068894306029;(x * (_a3_ + pow2(((_a1_ * x) + ((pow2(_a2_) * (_a2_ ** _a3_)) ** _a3_)))));{'d0': {'_a1_': 1.8375964953685433, '_a2_': 0.8943820399420375, '_a3_': 1.4465760891301913, '_a0_': 1.0, '_a4_': 1.0, '_a5_': 1.0, '_a6_': 1.0, '_a7_': 1.0}};{'d0': 0.02490583291941661};-280.569866449044;46.97804379391894
6711;-93.3068894306029;(x * (_a3_ + pow2(((_a1_ * x) + ((pow2(_a2_) * (_a2_ ** _a3_)) ** _a3_)))));{'d0': {'_a1_': 1.8375964953685433, '_a2_': 0.8943820399420375, '_a3_': 1.4465760891301913, '_a0_': 1.0, '_a4_': 1.0, '_a5_': 1.0, '_a6_': 1.0, '_a7_': 1.0}};{'d0': 0.02490583291941661};-280.569866449044;46.97804379391894
6712;-93.3068894306029;(x * (_a3_ + pow2(((_a1_ * x) + ((pow2(_a2_) * (_a2_ ** _a3_)) ** _a3_)))));{'d0': {'_a1_': 1.8375964953685433, '_a2_': 0.8943820399420375, '_a3_': 1.4465760891301913, '_a0_': 1.0, '_a4_': 1.0, '_a5_': 1.0, '_a6_': 1.0, '_a7_': 1.0}};{'d0': 0.02490583291941661};-280.569866449044;46.97804379391894
6713;-93.3068894306029;(x * (_a3_ + pow2(((_a1_ * x) + ((pow2(_a2_) * (_a2_ ** _a3_)) ** _a3_)))));{'d0': {'_a1_': 1.8375964953685433, '_a2_': 0.8943820399420375, '_a3_': 1.4465760891301913, '_a0_': 1.0, '_a4_': 1.0, '_a5_': 1.0, '_a6_': 1.0, '_a7_': 1.0}};{'d0': 0.02490583291941661};-280.569866449044;46.97804379391894
6714;-93.3068894306029;(x * (_a3_ + pow2(((_a1_ * x) + ((pow2(_a2_) * (_a2_ ** _a3_)) ** _a3_)))));{'d0': {'_a1_': 1.8375964953685433, '_a2_': 0.8943820399420375, '_a3_': 1.4465760891301913, '_a0_': 1.0, '_a4_': 1.0, '_a5_': 1.0, '_a6_': 1.0, '_a7_': 1.0}};{'d0': 0.02490583291941661};-280.569866449044;46.97804379391894
6715;-93.3068894306029;(x * (_a3_ + pow2(((_a1_ * x) + ((pow2(_a2_) * (_a2_ ** _a3_)) ** _a3_)))));{'d0': {'_a1_': 1.8375964953685433, '_a2_': 0.8943820399420375, '_a3_': 1.4465760891301913, '_a0_': 1.0, '_a4_': 1.0, '_a5_': 1.0, '_a6_': 1.0, '_a7_': 1.0}};{'d0': 0.02490583291941661};-280.569866449044;46.97804379391894
6716;-93.3068894306029;(x * (_a3_ + pow2(((_a1_ * x) + ((pow2(_a2_) * (_a2_ ** _a3_)) ** _a3_)))));{'d0': {'_a1_': 1.8375964953685433, '_a2_': 0.8943820399420375, '_a3_': 1.4465760891301913, '_a0_': 1.0, '_a4_': 1.0, '_a5_': 1.0, '_a6_': 1.0, '_a7_': 1.0}};{'d0': 0.02490583291941661};-280.569866449044;46.97804379391894
6717;-93.3068894306029;(x * (_a3_ + pow2(((_a1_ * x) + ((pow2(_a2_) * (_a2_ ** _a3_)) ** _a3_)))));{'d0': {'_a1_': 1.8375964953685433, '_a2_': 0.8943820399420375, '_a3_': 1.4465760891301913, '_a0_': 1.0, '_a4_': 1.0, '_a5_': 1.0, '_a6_': 1.0, '_a7_': 1.0}};{'d0': 0.02490583291941661};-280.569866449044;46.97804379391894
6718;-93.3068894306029;(x * (_a3_ + pow2(((_a1_ * x) + ((pow2(_a2_) * (_a2_ ** _a3_)) ** _a3_)))));{'d0': {'_a1_': 1.8375964953685433, '_a2_': 0.8943820399420375, '_a3_': 1.4465760891301913, '_a0_': 1.0, '_a4_': 1.0, '_a5_': 1.0, '_a6_': 1.0, '_a7_': 1.0}};{'d0': 0.02490583291941661};-280.569866449044;46.97804379391894
6719;-93.3068894306029;(x * (_a3_ + pow2(((_a1_ * x) + ((pow2(_a2_) * (_a2_ ** _a3_)) ** _a3_)))));{'d0': {'_a1_': 1.8375964953685433, '_a2_': 0.8943820399420375, '_a3_': 1.4465760891301913, '_a0_': 1.0, '_a4_': 1.0, '_a5_': 1.0, '_a6_': 1.0, '_a7_': 1.0}};{'d0': 0.02490583291941661};-280.569866449044;46.97804379391894
6720;-93.3068894306029;(x * (_a3_ + pow2(((_a1_ * x) + ((pow2(_a2_) * (_a2_ ** _a3_)) ** _a3_)))));{'d0': {'_a1_': 1.8375964953685433, '_a2_': 0.8943820399420375, '_a3_': 1.4465760891301913, '_a0_': 1.0, '_a4_': 1.0, '_a5_': 1.0, '_a6_': 1.0, '_a7_': 1.0}};{'d0': 0.02490583291941661};-280.569866449044;46.97804379391894
6721;-93.3068894306029;(x * (_a3_ + pow2(((_a1_ * x) + ((pow2(_a2_) * (_a2_ ** _a3_)) ** _a3_)))));{'d0': {'_a1_': 1.8375964953685433, '_a2_': 0.8943820399420375, '_a3_': 1.4465760891301913, '_a0_': 1.0, '_a4_': 1.0, '_a5_': 1.0, '_a6_': 1.0, '_a7_': 1.0}};{'d0': 0.02490583291941661};-280.569866449044;46.97804379391894
6722;-93.3068894306029;(x * (_a3_ + pow2(((_a1_ * x) + ((pow2(_a2_) * (_a2_ ** _a3_)) ** _a3_)))));{'d0': {'_a1_': 1.8375964953685433, '_a2_': 0.8943820399420375, '_a3_': 1.4465760891301913, '_a0_': 1.0, '_a4_': 1.0, '_a5_': 1.0, '_a6_': 1.0, '_a7_': 1.0}};{'d0': 0.02490583291941661};-280.569866449044;46.97804379391894
6723;-93.3068894306029;(x * (_a3_ + pow2(((_a1_ * x) + ((pow2(_a2_) * (_a2_ ** _a3_)) ** _a3_)))));{'d0': {'_a1_': 1.8375964953685433, '_a2_': 0.8943820399420375, '_a3_': 1.4465760891301913, '_a0_': 1.0, '_a4_': 1.0, '_a5_': 1.0, '_a6_': 1.0, '_a7_': 1.0}};{'d0': 0.02490583291941661};-280.569866449044;46.97804379391894
6724;-93.3068894306029;(x * (_a3_ + pow2(((_a1_ * x) + ((pow2(_a2_) * (_a2_ ** _a3_)) ** _a3_)))));{'d0': {'_a1_': 1.8375964953685433, '_a2_': 0.8943820399420375, '_a3_': 1.4465760891301913, '_a0_': 1.0, '_a4_': 1.0, '_a5_': 1.0, '_a6_': 1.0, '_a7_': 1.0}};{'d0': 0.02490583291941661};-280.569866449044;46.97804379391894
6725;-93.3068894306029;(x * (_a3_ + pow2(((_a1_ * x) + ((pow2(_a2_) * (_a2_ ** _a3_)) ** _a3_)))));{'d0': {'_a1_': 1.8375964953685433, '_a2_': 0.8943820399420375, '_a3_': 1.4465760891301913, '_a0_': 1.0, '_a4_': 1.0, '_a5_': 1.0, '_a6_': 1.0, '_a7_': 1.0}};{'d0': 0.02490583291941661};-280.569866449044;46.97804379391894
6726;-93.3068894306029;(x * (_a3_ + pow2(((_a1_ * x) + ((pow2(_a2_) * (_a2_ ** _a3_)) ** _a3_)))));{'d0': {'_a1_': 1.8375964953685433, '_a2_': 0.8943820399420375, '_a3_': 1.4465760891301913, '_a0_': 1.0, '_a4_': 1.0, '_a5_': 1.0, '_a6_': 1.0, '_a7_': 1.0}};{'d0': 0.02490583291941661};-280.569866449044;46.97804379391894
6727;-93.3068894306029;(x * (_a3_ + pow2(((_a1_ * x) + ((pow2(_a2_) * (_a2_ ** _a3_)) ** _a3_)))));{'d0': {'_a1_': 1.8375964953685433, '_a2_': 0.8943820399420375, '_a3_': 1.4465760891301913, '_a0_': 1.0, '_a4_': 1.0, '_a5_': 1.0, '_a6_': 1.0, '_a7_': 1.0}};{'d0': 0.02490583291941661};-280.569866449044;46.97804379391894
6728;-93.3068894306029;(x * (_a3_ + pow2(((_a1_ * x) + ((pow2(_a2_) * (_a2_ ** _a3_)) ** _a3_)))));{'d0': {'_a1_': 1.8375964953685433, '_a2_': 0.8943820399420375, '_a3_': 1.4465760891301913, '_a0_': 1.0, '_a4_': 1.0, '_a5_': 1.0, '_a6_': 1.0, '_a7_': 1.0}};{'d0': 0.02490583291941661};-280.569866449044;46.97804379391894
6729;-93.3068894306029;(x * (_a3_ + pow2(((_a1_ * x) + ((pow2(_a2_) * (_a2_ ** _a3_)) ** _a3_)))));{'d0': {'_a1_': 1.8375964953685433, '_a2_': 0.8943820399420375, '_a3_': 1.4465760891301913, '_a0_': 1.0, '_a4_': 1.0, '_a5_': 1.0, '_a6_': 1.0, '_a7_': 1.0}};{'d0': 0.02490583291941661};-280.569866449044;46.97804379391894
6730;-97.0048239032129;(x * (_a3_ + pow2(((_a1_ * x) + ((_a3_ * (_a2_ ** _a3_)) ** _a3_)))));{'d0': {'_a1_': 1.837596494859338, '_a2_': 0.5938245489061222, '_a3_': 1.4465760895872883, '_a0_': 1.0, '_a4_': 1.0, '_a5_': 1.0, '_a6_': 1.0, '_a7_': 1.0}};{'d0': 0.024905832919416622};-280.569866449044;43.28010932130894
6731;-97.0048239032129;(x * (_a3_ + pow2(((_a1_ * x) + ((_a3_ * (_a2_ ** _a3_)) ** _a3_)))));{'d0': {'_a1_': 1.837596494859338, '_a2_': 0.5938245489061222, '_a3_': 1.4465760895872883, '_a0_': 1.0, '_a4_': 1.0, '_a5_': 1.0, '_a6_': 1.0, '_a7_': 1.0}};{'d0': 0.024905832919416622};-280.569866449044;43.28010932130894
6732;-97.0048239032129;(x * (_a3_ + pow2(((_a1_ * x) + ((_a3_ * (_a2_ ** _a3_)) ** _a3_)))));{'d0': {'_a1_': 1.837596494859338, '_a2_': 0.5938245489061222, '_a3_': 1.4465760895872883, '_a0_': 1.0, '_a4_': 1.0, '_a5_': 1.0, '_a6_': 1.0, '_a7_': 1.0}};{'d0': 0.024905832919416622};-280.569866449044;43.28010932130894
6733;-97.0048239032129;(x * (_a3_ + pow2(((_a1_ * x) + ((_a3_ * (_a2_ ** _a3_)) ** _a3_)))));{'d0': {'_a1_': 1.837596494859338, '_a2_': 0.5938245489061222, '_a3_': 1.4465760895872883, '_a0_': 1.0, '_a4_': 1.0, '_a5_': 1.0, '_a6_': 1.0, '_a7_': 1.0}};{'d0': 0.024905832919416622};-280.569866449044;43.28010932130894
6734;-97.0048239032129;(x * (_a3_ + pow2(((_a1_ * x) + ((_a3_ * (_a2_ ** _a3_)) ** _a3_)))));{'d0': {'_a1_': 1.837596494859338, '_a2_': 0.5938245489061222, '_a3_': 1.4465760895872883, '_a0_': 1.0, '_a4_': 1.0, '_a5_': 1.0, '_a6_': 1.0, '_a7_': 1.0}};{'d0': 0.024905832919416622};-280.569866449044;43.28010932130894
6735;-97.0048239032129;(x * (_a3_ + pow2(((_a1_ * x) + ((_a3_ * (_a2_ ** _a3_)) ** _a3_)))));{'d0': {'_a1_': 1.837596494859338, '_a2_': 0.5938245489061222, '_a3_': 1.4465760895872883, '_a0_': 1.0, '_a4_': 1.0, '_a5_': 1.0, '_a6_': 1.0, '_a7_': 1.0}};{'d0': 0.024905832919416622};-280.569866449044;43.28010932130894
6736;-97.0048239032129;(x * (_a3_ + pow2(((_a1_ * x) + ((_a3_ * (_a2_ ** _a3_)) ** _a3_)))));{'d0': {'_a1_': 1.837596494859338, '_a2_': 0.5938245489061222, '_a3_': 1.4465760895872883, '_a0_': 1.0, '_a4_': 1.0, '_a5_': 1.0, '_a6_': 1.0, '_a7_': 1.0}};{'d0': 0.024905832919416622};-280.569866449044;43.28010932130894
6737;-97.0048239032129;(x * (_a3_ + pow2(((_a1_ * x) + ((_a3_ * (_a2_ ** _a3_)) ** _a3_)))));{'d0': {'_a1_': 1.837596494859338, '_a2_': 0.5938245489061222, '_a3_': 1.4465760895872883, '_a0_': 1.0, '_a4_': 1.0, '_a5_': 1.0, '_a6_': 1.0, '_a7_': 1.0}};{'d0': 0.024905832919416622};-280.569866449044;43.28010932130894
6738;-97.0048239032129;(x * (_a3_ + pow2(((_a1_ * x) + ((_a3_ * (_a2_ ** _a3_)) ** _a3_)))));{'d0': {'_a1_': 1.837596494859338, '_a2_': 0.5938245489061222, '_a3_': 1.4465760895872883, '_a0_': 1.0, '_a4_': 1.0, '_a5_': 1.0, '_a6_': 1.0, '_a7_': 1.0}};{'d0': 0.024905832919416622};-280.569866449044;43.28010932130894
6739;-97.0048239032129;(x * (_a3_ + pow2(((_a1_ * x) + ((_a3_ * (_a2_ ** _a3_)) ** _a3_)))));{'d0': {'_a1_': 1.837596494859338, '_a2_': 0.5938245489061222, '_a3_': 1.4465760895872883, '_a0_': 1.0, '_a4_': 1.0, '_a5_': 1.0, '_a6_': 1.0, '_a7_': 1.0}};{'d0': 0.024905832919416622};-280.569866449044;43.28010932130894
6740;-97.0048239032129;(x * (_a3_ + pow2(((_a1_ * x) + ((_a3_ * (_a2_ ** _a3_)) ** _a3_)))));{'d0': {'_a1_': 1.837596494859338, '_a2_': 0.5938245489061222, '_a3_': 1.4465760895872883, '_a0_': 1.0, '_a4_': 1.0, '_a5_': 1.0, '_a6_': 1.0, '_a7_': 1.0}};{'d0': 0.024905832919416622};-280.569866449044;43.28010932130894
6741;-97.0048239032129;(x * (_a3_ + pow2(((_a1_ * x) + ((_a3_ * (_a2_ ** _a3_)) ** _a3_)))));{'d0': {'_a1_': 1.837596494859338, '_a2_': 0.5938245489061222, '_a3_': 1.4465760895872883, '_a0_': 1.0, '_a4_': 1.0, '_a5_': 1.0, '_a6_': 1.0, '_a7_': 1.0}};{'d0': 0.024905832919416622};-280.569866449044;43.28010932130894
6742;-97.0048239032129;(x * (_a3_ + pow2(((_a1_ * x) + ((_a3_ * (_a2_ ** _a3_)) ** _a3_)))));{'d0': {'_a1_': 1.837596494859338, '_a2_': 0.5938245489061222, '_a3_': 1.4465760895872883, '_a0_': 1.0, '_a4_': 1.0, '_a5_': 1.0, '_a6_': 1.0, '_a7_': 1.0}};{'d0': 0.024905832919416622};-280.569866449044;43.28010932130894
6743;-97.0048239032129;(x * (_a3_ + pow2(((_a1_ * x) + ((_a3_ * (_a2_ ** _a3_)) ** _a3_)))));{'d0': {'_a1_': 1.837596494859338, '_a2_': 0.5938245489061222, '_a3_': 1.4465760895872883, '_a0_': 1.0, '_a4_': 1.0, '_a5_': 1.0, '_a6_': 1.0, '_a7_': 1.0}};{'d0': 0.024905832919416622};-280.569866449044;43.28010932130894
6744;-97.0048239032129;(x * (_a3_ + pow2(((_a1_ * x) + ((_a3_ * (_a2_ ** _a3_)) ** _a3_)))));{'d0': {'_a1_': 1.837596494859338, '_a2_': 0.5938245489061222, '_a3_': 1.4465760895872883, '_a0_': 1.0, '_a4_': 1.0, '_a5_': 1.0, '_a6_': 1.0, '_a7_': 1.0}};{'d0': 0.024905832919416622};-280.569866449044;43.28010932130894
6745;-97.0048239032129;(x * (_a3_ + pow2(((_a1_ * x) + ((_a3_ * (_a2_ ** _a3_)) ** _a3_)))));{'d0': {'_a1_': 1.837596494859338, '_a2_': 0.5938245489061222, '_a3_': 1.4465760895872883, '_a0_': 1.0, '_a4_': 1.0, '_a5_': 1.0, '_a6_': 1.0, '_a7_': 1.0}};{'d0': 0.024905832919416622};-280.569866449044;43.28010932130894
6746;-97.0048239032129;(x * (_a3_ + pow2(((_a1_ * x) + ((_a3_ * (_a2_ ** _a3_)) ** _a3_)))));{'d0': {'_a1_': 1.837596494859338, '_a2_': 0.5938245489061222, '_a3_': 1.4465760895872883, '_a0_': 1.0, '_a4_': 1.0, '_a5_': 1.0, '_a6_': 1.0, '_a7_': 1.0}};{'d0': 0.024905832919416622};-280.569866449044;43.28010932130894
6747;-97.0048239032129;(x * (_a3_ + pow2(((_a1_ * x) + ((_a3_ * (_a2_ ** _a3_)) ** _a3_)))));{'d0': {'_a1_': 1.837596494859338, '_a2_': 0.5938245489061222, '_a3_': 1.4465760895872883, '_a0_': 1.0, '_a4_': 1.0, '_a5_': 1.0, '_a6_': 1.0, '_a7_': 1.0}};{'d0': 0.024905832919416622};-280.569866449044;43.28010932130894
6748;-97.0048239032129;(x * (_a3_ + pow2(((_a1_ * x) + ((_a3_ * (_a2_ ** _a3_)) ** _a3_)))));{'d0': {'_a1_': 1.837596494859338, '_a2_': 0.5938245489061222, '_a3_': 1.4465760895872883, '_a0_': 1.0, '_a4_': 1.0, '_a5_': 1.0, '_a6_': 1.0, '_a7_': 1.0}};{'d0': 0.024905832919416622};-280.569866449044;43.28010932130894
6749;-97.0048239032129;(x * (_a3_ + pow2(((_a1_ * x) + ((_a3_ * (_a2_ ** _a3_)) ** _a3_)))));{'d0': {'_a1_': 1.837596494859338, '_a2_': 0.5938245489061222, '_a3_': 1.4465760895872883, '_a0_': 1.0, '_a4_': 1.0, '_a5_': 1.0, '_a6_': 1.0, '_a7_': 1.0}};{'d0': 0.024905832919416622};-280.569866449044;43.28010932130894
6750;-97.0048239032129;(x * (_a3_ + pow2(((_a1_ * x) + ((_a3_ * (_a2_ ** _a3_)) ** _a3_)))));{'d0': {'_a1_': 1.837596494859338, '_a2_': 0.5938245489061222, '_a3_': 1.4465760895872883, '_a0_': 1.0, '_a4_': 1.0, '_a5_': 1.0, '_a6_': 1.0, '_a7_': 1.0}};{'d0': 0.024905832919416622};-280.569866449044;43.28010932130894
6751;-97.0048239032129;(x * (_a3_ + pow2(((_a1_ * x) + ((_a3_ * (_a2_ ** _a3_)) ** _a3_)))));{'d0': {'_a1_': 1.837596494859338, '_a2_': 0.5938245489061222, '_a3_': 1.4465760895872883, '_a0_': 1.0, '_a4_': 1.0, '_a5_': 1.0, '_a6_': 1.0, '_a7_': 1.0}};{'d0': 0.024905832919416622};-280.569866449044;43.28010932130894
6752;-97.0048239032129;(x * (_a3_ + pow2(((_a1_ * x) + ((_a3_ * (_a2_ ** _a3_)) ** _a3_)))));{'d0': {'_a1_': 1.837596494859338, '_a2_': 0.5938245489061222, '_a3_': 1.4465760895872883, '_a0_': 1.0, '_a4_': 1.0, '_a5_': 1.0, '_a6_': 1.0, '_a7_': 1.0}};{'d0': 0.024905832919416622};-280.569866449044;43.28010932130894
6753;-97.0048239032129;(x * (_a3_ + pow2(((_a1_ * x) + ((_a3_ * (_a2_ ** _a3_)) ** _a3_)))));{'d0': {'_a1_': 1.837596494859338, '_a2_': 0.5938245489061222, '_a3_': 1.4465760895872883, '_a0_': 1.0, '_a4_': 1.0, '_a5_': 1.0, '_a6_': 1.0, '_a7_': 1.0}};{'d0': 0.024905832919416622};-280.569866449044;43.28010932130894
6754;-97.0048239032129;(x * (_a3_ + pow2(((_a1_ * x) + ((_a3_ * (_a2_ ** _a3_)) ** _a3_)))));{'d0': {'_a1_': 1.837596494859338, '_a2_': 0.5938245489061222, '_a3_': 1.4465760895872883, '_a0_': 1.0, '_a4_': 1.0, '_a5_': 1.0, '_a6_': 1.0, '_a7_': 1.0}};{'d0': 0.024905832919416622};-280.569866449044;43.28010932130894
6755;-97.0048239032129;(x * (_a3_ + pow2(((_a1_ * x) + ((_a3_ * (_a2_ ** _a3_)) ** _a3_)))));{'d0': {'_a1_': 1.837596494859338, '_a2_': 0.5938245489061222, '_a3_': 1.4465760895872883, '_a0_': 1.0, '_a4_': 1.0, '_a5_': 1.0, '_a6_': 1.0, '_a7_': 1.0}};{'d0': 0.024905832919416622};-280.569866449044;43.28010932130894
6756;-97.0048239032129;(x * (_a3_ + pow2(((_a1_ * x) + ((_a3_ * (_a2_ ** _a3_)) ** _a3_)))));{'d0': {'_a1_': 1.837596494859338, '_a2_': 0.5938245489061222, '_a3_': 1.4465760895872883, '_a0_': 1.0, '_a4_': 1.0, '_a5_': 1.0, '_a6_': 1.0, '_a7_': 1.0}};{'d0': 0.024905832919416622};-280.569866449044;43.28010932130894
6757;-97.0048239032129;(x * (_a3_ + pow2(((_a1_ * x) + ((_a3_ * (_a2_ ** _a3_)) ** _a3_)))));{'d0': {'_a1_': 1.837596494859338, '_a2_': 0.5938245489061222, '_a3_': 1.4465760895872883, '_a0_': 1.0, '_a4_': 1.0, '_a5_': 1.0, '_a6_': 1.0, '_a7_': 1.0}};{'d0': 0.024905832919416622};-280.569866449044;43.28010932130894
6758;-97.0048239032129;(x * (_a3_ + pow2(((_a1_ * x) + ((_a3_ * (_a2_ ** _a3_)) ** _a3_)))));{'d0': {'_a1_': 1.837596494859338, '_a2_': 0.5938245489061222, '_a3_': 1.4465760895872883, '_a0_': 1.0, '_a4_': 1.0, '_a5_': 1.0, '_a6_': 1.0, '_a7_': 1.0}};{'d0': 0.024905832919416622};-280.569866449044;43.28010932130894
6759;-97.8680804829104;(((_a3_ * pow2(x)) + (_a1_ * (x + _a1_))) * (x / (_a1_ ** _a4_)));{'d0': {'_a1_': 0.8426446024564543, '_a3_': 1.350696296836332, '_a4_': 5.351887829417732, '_a0_': 1.0, '_a2_': 1.0, '_a5_': 1.0, '_a6_': 1.0, '_a7_': 1.0}};{'d0': 0.02490583291941665};-280.569866449044;42.41685274161144
6760;-97.8680804829104;(((_a3_ * pow2(x)) + (_a1_ * (x + _a1_))) * (x / (_a1_ ** _a4_)));{'d0': {'_a1_': 0.8426446024564543, '_a3_': 1.350696296836332, '_a4_': 5.351887829417732, '_a0_': 1.0, '_a2_': 1.0, '_a5_': 1.0, '_a6_': 1.0, '_a7_': 1.0}};{'d0': 0.02490583291941665};-280.569866449044;42.41685274161144
6761;-97.8680804829104;(((_a3_ * pow2(x)) + (_a1_ * (x + _a1_))) * (x / (_a1_ ** _a4_)));{'d0': {'_a1_': 0.8426446024564543, '_a3_': 1.350696296836332, '_a4_': 5.351887829417732, '_a0_': 1.0, '_a2_': 1.0, '_a5_': 1.0, '_a6_': 1.0, '_a7_': 1.0}};{'d0': 0.02490583291941665};-280.569866449044;42.41685274161144
6762;-97.8680804829104;(((_a3_ * pow2(x)) + (_a1_ * (x + _a1_))) * (x / (_a1_ ** _a4_)));{'d0': {'_a1_': 0.8426446024564543, '_a3_': 1.350696296836332, '_a4_': 5.351887829417732, '_a0_': 1.0, '_a2_': 1.0, '_a5_': 1.0, '_a6_': 1.0, '_a7_': 1.0}};{'d0': 0.02490583291941665};-280.569866449044;42.41685274161144
6763;-96.8244620730155;(((_a3_ + pow2(x)) + (_a1_ * (x + _a1_))) * (x / (_a1_ ** _a4_)));{'d0': {'_a1_': 0.6238594155950526, '_a3_': 0.13649120039279292, '_a4_': 2.579141496527657, '_a0_': 1.0, '_a2_': 1.0, '_a5_': 1.0, '_a6_': 1.0, '_a7_': 1.0}};{'d0': 0.024905832919416573};-280.569866449044;43.46047115150644
6764;-96.8244620730155;(((_a3_ + pow2(x)) + (_a1_ * (x + _a1_))) * (x / (_a1_ ** _a4_)));{'d0': {'_a1_': 0.6238594155950526, '_a3_': 0.13649120039279292, '_a4_': 2.579141496527657, '_a0_': 1.0, '_a2_': 1.0, '_a5_': 1.0, '_a6_': 1.0, '_a7_': 1.0}};{'d0': 0.024905832919416573};-280.569866449044;43.46047115150644
6765;-96.8244620730155;(((_a3_ + pow2(x)) + (_a1_ * (x + _a1_))) * (x / (_a1_ ** _a4_)));{'d0': {'_a1_': 0.6238594155950526, '_a3_': 0.13649120039279292, '_a4_': 2.579141496527657, '_a0_': 1.0, '_a2_': 1.0, '_a5_': 1.0, '_a6_': 1.0, '_a7_': 1.0}};{'d0': 0.024905832919416573};-280.569866449044;43.46047115150644
6766;-96.8244620730155;(((_a3_ + pow2(x)) + (_a1_ * (x + _a1_))) * (x / (_a1_ ** _a4_)));{'d0': {'_a1_': 0.6238594155950526, '_a3_': 0.13649120039279292, '_a4_': 2.579141496527657, '_a0_': 1.0, '_a2_': 1.0, '_a5_': 1.0, '_a6_': 1.0, '_a7_': 1.0}};{'d0': 0.024905832919416573};-280.569866449044;43.46047115150644
6767;-96.8244620730155;(((_a3_ + pow2(x)) + (_a1_ * (x + _a1_))) * (x / (_a1_ ** _a4_)));{'d0': {'_a1_': 0.6238594155950526, '_a3_': 0.13649120039279292, '_a4_': 2.579141496527657, '_a0_': 1.0, '_a2_': 1.0, '_a5_': 1.0, '_a6_': 1.0, '_a7_': 1.0}};{'d0': 0.024905832919416573};-280.569866449044;43.46047115150644
6768;-96.8244620730155;(((_a3_ + pow2(x)) + (_a1_ * (x + _a1_))) * (x / (_a1_ ** _a4_)));{'d0': {'_a1_': 0.6238594155950526, '_a3_': 0.13649120039279292, '_a4_': 2.579141496527657, '_a0_': 1.0, '_a2_': 1.0, '_a5_': 1.0, '_a6_': 1.0, '_a7_': 1.0}};{'d0': 0.024905832919416573};-280.569866449044;43.46047115150644
6769;-97.8680804829104;(((_a3_ + pow2(x)) + (_a1_ * (x * _a1_))) * (x / (_a1_ ** _a4_)));{'d0': {'_a1_': 0.7898477165463007, '_a3_': 0.5256917695752531, '_a4_': 5.158282994731675, '_a0_': 1.0, '_a2_': 1.0, '_a5_': 1.0, '_a6_': 1.0, '_a7_': 1.0}};{'d0': 0.024905832919416632};-280.569866449044;42.41685274161144
6770;-97.8680804829104;(((_a3_ + pow2(x)) + (_a1_ * (x * _a1_))) * (x / (_a1_ ** _a4_)));{'d0': {'_a1_': 0.7898477165463007, '_a3_': 0.5256917695752531, '_a4_': 5.158282994731675, '_a0_': 1.0, '_a2_': 1.0, '_a5_': 1.0, '_a6_': 1.0, '_a7_': 1.0}};{'d0': 0.024905832919416632};-280.569866449044;42.41685274161144
6771;-97.8680804829104;(((_a3_ + pow2(x)) + (_a1_ * (x * _a1_))) * (x / (_a1_ ** _a4_)));{'d0': {'_a1_': 0.7898477165463007, '_a3_': 0.5256917695752531, '_a4_': 5.158282994731675, '_a0_': 1.0, '_a2_': 1.0, '_a5_': 1.0, '_a6_': 1.0, '_a7_': 1.0}};{'d0': 0.024905832919416632};-280.569866449044;42.41685274161144
6772;-97.8680804829104;(((_a3_ + pow2(x)) + (_a1_ * (x * _a1_))) * (x / (_a1_ ** _a4_)));{'d0': {'_a1_': 0.7898477165463007, '_a3_': 0.5256917695752531, '_a4_': 5.158282994731675, '_a0_': 1.0, '_a2_': 1.0, '_a5_': 1.0, '_a6_': 1.0, '_a7_': 1.0}};{'d0': 0.024905832919416632};-280.569866449044;42.41685274161144
6773;-97.8680804829104;(((_a3_ + pow2(x)) + (_a1_ * (x * _a1_))) * (x / (_a1_ ** _a4_)));{'d0': {'_a1_': 0.7898477165463007, '_a3_': 0.5256917695752531, '_a4_': 5.158282994731675, '_a0_': 1.0, '_a2_': 1.0, '_a5_': 1.0, '_a6_': 1.0, '_a7_': 1.0}};{'d0': 0.024905832919416632};-280.569866449044;42.41685274161144
6774;-97.8680804829104;(((_a3_ + pow2(x)) + (_a1_ * (x * _a1_))) * (x / (_a1_ ** _a4_)));{'d0': {'_a1_': 0.7898477165463007, '_a3_': 0.5256917695752531, '_a4_': 5.158282994731675, '_a0_': 1.0, '_a2_': 1.0, '_a5_': 1.0, '_a6_': 1.0, '_a7_': 1.0}};{'d0': 0.024905832919416632};-280.569866449044;42.41685274161144
6775;-97.8680804829104;(((_a3_ + pow2(x)) + (_a1_ * (x * _a1_))) * (x / (_a1_ ** _a4_)));{'d0': {'_a1_': 0.7898477165463007, '_a3_': 0.5256917695752531, '_a4_': 5.158282994731675, '_a0_': 1.0, '_a2_': 1.0, '_a5_': 1.0, '_a6_': 1.0, '_a7_': 1.0}};{'d0': 0.024905832919416632};-280.569866449044;42.41685274161144
6776;-97.8680804829104;(((_a3_ + pow2(x)) + (_a1_ * (x * _a1_))) * (x / (_a1_ ** _a4_)));{'d0': {'_a1_': 0.7898477165463007, '_a3_': 0.5256917695752531, '_a4_': 5.158282994731675, '_a0_': 1.0, '_a2_': 1.0, '_a5_': 1.0, '_a6_': 1.0, '_a7_': 1.0}};{'d0': 0.024905832919416632};-280.569866449044;42.41685274161144
6777;-97.8680804829104;(((_a3_ + pow2(x)) + (_a1_ * (x * _a1_))) * (x / (_a1_ ** _a4_)));{'d0': {'_a1_': 0.7898477165463007, '_a3_': 0.5256917695752531, '_a4_': 5.158282994731675, '_a0_': 1.0, '_a2_': 1.0, '_a5_': 1.0, '_a6_': 1.0, '_a7_': 1.0}};{'d0': 0.024905832919416632};-280.569866449044;42.41685274161144
6778;-97.8680804829104;(((_a3_ + pow2(x)) + (_a1_ * (x * _a1_))) * (x / (_a1_ ** _a4_)));{'d0': {'_a1_': 0.7898477165463007, '_a3_': 0.5256917695752531, '_a4_': 5.158282994731675, '_a0_': 1.0, '_a2_': 1.0, '_a5_': 1.0, '_a6_': 1.0, '_a7_': 1.0}};{'d0': 0.024905832919416632};-280.569866449044;42.41685274161144
6779;-97.8680804829104;(((_a3_ + pow2(x)) + (_a1_ * (x * _a1_))) * (x / (_a1_ ** _a4_)));{'d0': {'_a1_': 0.7898477165463007, '_a3_': 0.5256917695752531, '_a4_': 5.158282994731675, '_a0_': 1.0, '_a2_': 1.0, '_a5_': 1.0, '_a6_': 1.0, '_a7_': 1.0}};{'d0': 0.024905832919416632};-280.569866449044;42.41685274161144
6780;-97.8680804829104;(((_a3_ + pow2(x)) + (_a1_ * (x * _a1_))) * (x / (_a1_ ** _a4_)));{'d0': {'_a1_': 0.7898477165463007, '_a3_': 0.5256917695752531, '_a4_': 5.158282994731675, '_a0_': 1.0, '_a2_': 1.0, '_a5_': 1.0, '_a6_': 1.0, '_a7_': 1.0}};{'d0': 0.024905832919416632};-280.569866449044;42.41685274161144
6781;-97.8680804829104;(((_a3_ + pow2(x)) + (_a1_ * (x * _a1_))) * (x / (_a1_ ** _a4_)));{'d0': {'_a1_': 0.7898477165463007, '_a3_': 0.5256917695752531, '_a4_': 5.158282994731675, '_a0_': 1.0, '_a2_': 1.0, '_a5_': 1.0, '_a6_': 1.0, '_a7_': 1.0}};{'d0': 0.024905832919416632};-280.569866449044;42.41685274161144
6782;-97.8680804829104;(((_a3_ + pow2(x)) + (_a1_ * (x * _a1_))) * (x / (_a1_ ** _a4_)));{'d0': {'_a1_': 0.7898477165463007, '_a3_': 0.5256917695752531, '_a4_': 5.158282994731675, '_a0_': 1.0, '_a2_': 1.0, '_a5_': 1.0, '_a6_': 1.0, '_a7_': 1.0}};{'d0': 0.024905832919416632};-280.569866449044;42.41685274161144
6783;-97.0048239032129;(x * (_a3_ + pow2(((_a1_ * x) + ((_a3_ * (_a2_ ** _a3_)) ** _a3_)))));{'d0': {'_a1_': 1.837596494859338, '_a2_': 0.5938245489061222, '_a3_': 1.4465760895872883, '_a0_': 1.0, '_a4_': 1.0, '_a5_': 1.0, '_a6_': 1.0, '_a7_': 1.0}};{'d0': 0.024905832919416622};-280.569866449044;43.28010932130894
6784;-97.0048239032129;(x * (_a3_ + pow2(((_a1_ * x) + ((_a3_ * (_a2_ ** _a3_)) ** _a3_)))));{'d0': {'_a1_': 1.837596494859338, '_a2_': 0.5938245489061222, '_a3_': 1.4465760895872883, '_a0_': 1.0, '_a4_': 1.0, '_a5_': 1.0, '_a6_': 1.0, '_a7_': 1.0}};{'d0': 0.024905832919416622};-280.569866449044;43.28010932130894
6785;-97.0048239032129;(x * (_a3_ + pow2(((_a1_ * x) + ((_a3_ * (_a2_ ** _a3_)) ** _a3_)))));{'d0': {'_a1_': 1.837596494859338, '_a2_': 0.5938245489061222, '_a3_': 1.4465760895872883, '_a0_': 1.0, '_a4_': 1.0, '_a5_': 1.0, '_a6_': 1.0, '_a7_': 1.0}};{'d0': 0.024905832919416622};-280.569866449044;43.28010932130894
6786;-97.0048239032129;(x * (_a3_ + pow2(((_a1_ * x) + ((_a3_ * (_a2_ ** _a3_)) ** _a3_)))));{'d0': {'_a1_': 1.837596494859338, '_a2_': 0.5938245489061222, '_a3_': 1.4465760895872883, '_a0_': 1.0, '_a4_': 1.0, '_a5_': 1.0, '_a6_': 1.0, '_a7_': 1.0}};{'d0': 0.024905832919416622};-280.569866449044;43.28010932130894
6787;-97.0048239032129;(x * (_a3_ + pow2(((_a1_ * x) + ((_a3_ * (_a2_ ** _a3_)) ** _a3_)))));{'d0': {'_a1_': 1.837596494859338, '_a2_': 0.5938245489061222, '_a3_': 1.4465760895872883, '_a0_': 1.0, '_a4_': 1.0, '_a5_': 1.0, '_a6_': 1.0, '_a7_': 1.0}};{'d0': 0.024905832919416622};-280.569866449044;43.28010932130894
6788;-97.0048239032129;(x * (_a3_ + pow2(((_a1_ * x) + ((_a3_ * (_a2_ ** _a3_)) ** _a3_)))));{'d0': {'_a1_': 1.837596494859338, '_a2_': 0.5938245489061222, '_a3_': 1.4465760895872883, '_a0_': 1.0, '_a4_': 1.0, '_a5_': 1.0, '_a6_': 1.0, '_a7_': 1.0}};{'d0': 0.024905832919416622};-280.569866449044;43.28010932130894
6789;-97.0048239032129;(x * (_a3_ + pow2(((_a1_ * x) + ((_a3_ * (_a2_ ** _a3_)) ** _a3_)))));{'d0': {'_a1_': 1.837596494859338, '_a2_': 0.5938245489061222, '_a3_': 1.4465760895872883, '_a0_': 1.0, '_a4_': 1.0, '_a5_': 1.0, '_a6_': 1.0, '_a7_': 1.0}};{'d0': 0.024905832919416622};-280.569866449044;43.28010932130894
6790;-97.0048239032129;(x * (_a3_ + pow2(((_a1_ * x) + ((_a3_ * (_a2_ ** _a3_)) ** _a3_)))));{'d0': {'_a1_': 1.837596494859338, '_a2_': 0.5938245489061222, '_a3_': 1.4465760895872883, '_a0_': 1.0, '_a4_': 1.0, '_a5_': 1.0, '_a6_': 1.0, '_a7_': 1.0}};{'d0': 0.024905832919416622};-280.569866449044;43.28010932130894
6791;-97.0048239032129;(x * (_a3_ + pow2(((_a1_ * x) + ((_a3_ * (_a2_ ** _a3_)) ** _a3_)))));{'d0': {'_a1_': 1.837596494859338, '_a2_': 0.5938245489061222, '_a3_': 1.4465760895872883, '_a0_': 1.0, '_a4_': 1.0, '_a5_': 1.0, '_a6_': 1.0, '_a7_': 1.0}};{'d0': 0.024905832919416622};-280.569866449044;43.28010932130894
6792;-108.229563301620;((((((x / _a3_) + _a4_) * x) * _a1_) + _a4_) * x);{'d0': {'_a1_': 1.186739931589552, '_a3_': 0.3514432837435907, '_a4_': 1.7751354042360579, '_a0_': 1.0, '_a2_': 1.0, '_a5_': 1.0, '_a6_': 1.0, '_a7_': 1.0}};{'d0': 0.024905832919416605};-280.569866449044;32.05536992290139
6793;-108.229563301620;((((((x / _a3_) + _a4_) * x) * _a1_) + _a4_) * x);{'d0': {'_a1_': 1.186739931589552, '_a3_': 0.3514432837435907, '_a4_': 1.7751354042360579, '_a0_': 1.0, '_a2_': 1.0, '_a5_': 1.0, '_a6_': 1.0, '_a7_': 1.0}};{'d0': 0.024905832919416605};-280.569866449044;32.05536992290139
6794;-108.229563301620;((((((x / _a3_) + _a4_) * x) * _a1_) + _a3_) * x);{'d0': {'_a1_': 5.994207785084137, '_a3_': 1.7751354044169534, '_a4_': 0.35144328368598593, '_a0_': 1.0, '_a2_': 1.0, '_a5_': 1.0, '_a6_': 1.0, '_a7_': 1.0}};{'d0': 0.024905832919416605};-280.569866449044;32.05536992290139
6795;-108.229563301620;((((((x / _a3_) + _a4_) * x) * _a1_) + _a3_) * x);{'d0': {'_a1_': 5.994207785084137, '_a3_': 1.7751354044169534, '_a4_': 0.35144328368598593, '_a0_': 1.0, '_a2_': 1.0, '_a5_': 1.0, '_a6_': 1.0, '_a7_': 1.0}};{'d0': 0.024905832919416605};-280.569866449044;32.05536992290139
6796;-108.229563301620;((((((x / _a3_) + _a4_) * x) * _a1_) + _a3_) * x);{'d0': {'_a1_': 5.994207785084137, '_a3_': 1.7751354044169534, '_a4_': 0.35144328368598593, '_a0_': 1.0, '_a2_': 1.0, '_a5_': 1.0, '_a6_': 1.0, '_a7_': 1.0}};{'d0': 0.024905832919416605};-280.569866449044;32.05536992290139
6797;-108.229563301620;((((((x / _a3_) + _a4_) * x) * _a1_) + _a3_) * x);{'d0': {'_a1_': 5.994207785084137, '_a3_': 1.7751354044169534, '_a4_': 0.35144328368598593, '_a0_': 1.0, '_a2_': 1.0, '_a5_': 1.0, '_a6_': 1.0, '_a7_': 1.0}};{'d0': 0.024905832919416605};-280.569866449044;32.05536992290139
6798;-108.229563301620;((((((x / _a3_) + _a4_) * x) * _a1_) + _a3_) * x);{'d0': {'_a1_': 5.994207785084137, '_a3_': 1.7751354044169534, '_a4_': 0.35144328368598593, '_a0_': 1.0, '_a2_': 1.0, '_a5_': 1.0, '_a6_': 1.0, '_a7_': 1.0}};{'d0': 0.024905832919416605};-280.569866449044;32.05536992290139
6799;-108.229563301620;((((((x / _a3_) + _a4_) * x) * _a1_) + _a3_) * x);{'d0': {'_a1_': 5.994207785084137, '_a3_': 1.7751354044169534, '_a4_': 0.35144328368598593, '_a0_': 1.0, '_a2_': 1.0, '_a5_': 1.0, '_a6_': 1.0, '_a7_': 1.0}};{'d0': 0.024905832919416605};-280.569866449044;32.05536992290139
6800;-108.229563301620;((((((x / _a3_) + _a4_) * x) * _a1_) + _a3_) * x);{'d0': {'_a1_': 5.994207785084137, '_a3_': 1.7751354044169534, '_a4_': 0.35144328368598593, '_a0_': 1.0, '_a2_': 1.0, '_a5_': 1.0, '_a6_': 1.0, '_a7_': 1.0}};{'d0': 0.024905832919416605};-280.569866449044;32.05536992290139
6801;-108.229563301620;((((((x / _a3_) + _a4_) * x) * _a1_) + _a3_) * x);{'d0': {'_a1_': 5.994207785084137, '_a3_': 1.7751354044169534, '_a4_': 0.35144328368598593, '_a0_': 1.0, '_a2_': 1.0, '_a5_': 1.0, '_a6_': 1.0, '_a7_': 1.0}};{'d0': 0.024905832919416605};-280.569866449044;32.05536992290139
6802;-108.229563301620;((((((x / _a3_) + _a4_) * x) * _a1_) + _a3_) * x);{'d0': {'_a1_': 5.994207785084137, '_a3_': 1.7751354044169534, '_a4_': 0.35144328368598593, '_a0_': 1.0, '_a2_': 1.0, '_a5_': 1.0, '_a6_': 1.0, '_a7_': 1.0}};{'d0': 0.024905832919416605};-280.569866449044;32.05536992290139
6803;-108.229563301620;((((((x / _a3_) + _a4_) * x) * _a1_) + _a3_) * x);{'d0': {'_a1_': 5.994207785084137, '_a3_': 1.7751354044169534, '_a4_': 0.35144328368598593, '_a0_': 1.0, '_a2_': 1.0, '_a5_': 1.0, '_a6_': 1.0, '_a7_': 1.0}};{'d0': 0.024905832919416605};-280.569866449044;32.05536992290139
6804;-108.229563301620;((((((x / _a3_) + _a4_) * x) * _a1_) + _a3_) * x);{'d0': {'_a1_': 5.994207785084137, '_a3_': 1.7751354044169534, '_a4_': 0.35144328368598593, '_a0_': 1.0, '_a2_': 1.0, '_a5_': 1.0, '_a6_': 1.0, '_a7_': 1.0}};{'d0': 0.024905832919416605};-280.569866449044;32.05536992290139
6805;-108.229563301620;((((((x / _a3_) + _a4_) * x) * _a1_) + _a3_) * x);{'d0': {'_a1_': 5.994207785084137, '_a3_': 1.7751354044169534, '_a4_': 0.35144328368598593, '_a0_': 1.0, '_a2_': 1.0, '_a5_': 1.0, '_a6_': 1.0, '_a7_': 1.0}};{'d0': 0.024905832919416605};-280.569866449044;32.05536992290139
6806;-108.229563301620;((((((x / _a3_) + _a4_) * x) * _a1_) + _a3_) * x);{'d0': {'_a1_': 5.994207785084137, '_a3_': 1.7751354044169534, '_a4_': 0.35144328368598593, '_a0_': 1.0, '_a2_': 1.0, '_a5_': 1.0, '_a6_': 1.0, '_a7_': 1.0}};{'d0': 0.024905832919416605};-280.569866449044;32.05536992290139
6807;-108.229563301620;((((((x / _a3_) + _a4_) * x) * _a1_) + _a3_) * x);{'d0': {'_a1_': 5.994207785084137, '_a3_': 1.7751354044169534, '_a4_': 0.35144328368598593, '_a0_': 1.0, '_a2_': 1.0, '_a5_': 1.0, '_a6_': 1.0, '_a7_': 1.0}};{'d0': 0.024905832919416605};-280.569866449044;32.05536992290139
6808;-108.229563301620;((((((x / _a3_) + _a4_) * x) * _a1_) + _a3_) * x);{'d0': {'_a1_': 5.994207785084137, '_a3_': 1.7751354044169534, '_a4_': 0.35144328368598593, '_a0_': 1.0, '_a2_': 1.0, '_a5_': 1.0, '_a6_': 1.0, '_a7_': 1.0}};{'d0': 0.024905832919416605};-280.569866449044;32.05536992290139
6809;-108.229563301620;((((((x / _a3_) + _a4_) * x) * _a1_) + _a3_) * x);{'d0': {'_a1_': 5.994207785084137, '_a3_': 1.7751354044169534, '_a4_': 0.35144328368598593, '_a0_': 1.0, '_a2_': 1.0, '_a5_': 1.0, '_a6_': 1.0, '_a7_': 1.0}};{'d0': 0.024905832919416605};-280.569866449044;32.05536992290139
6810;-108.229563301620;((((((x / _a3_) + _a4_) * x) * _a1_) + _a3_) * x);{'d0': {'_a1_': 5.994207785084137, '_a3_': 1.7751354044169534, '_a4_': 0.35144328368598593, '_a0_': 1.0, '_a2_': 1.0, '_a5_': 1.0, '_a6_': 1.0, '_a7_': 1.0}};{'d0': 0.024905832919416605};-280.569866449044;32.05536992290139
6811;-108.229563301620;((((((x / _a3_) + _a4_) * x) * _a1_) + _a3_) * x);{'d0': {'_a1_': 5.994207785084137, '_a3_': 1.7751354044169534, '_a4_': 0.35144328368598593, '_a0_': 1.0, '_a2_': 1.0, '_a5_': 1.0, '_a6_': 1.0, '_a7_': 1.0}};{'d0': 0.024905832919416605};-280.569866449044;32.05536992290139
6812;-108.229563301620;((((((x / _a3_) + _a4_) * x) * _a1_) + _a3_) * x);{'d0': {'_a1_': 5.994207785084137, '_a3_': 1.7751354044169534, '_a4_': 0.35144328368598593, '_a0_': 1.0, '_a2_': 1.0, '_a5_': 1.0, '_a6_': 1.0, '_a7_': 1.0}};{'d0': 0.024905832919416605};-280.569866449044;32.05536992290139
6813;-108.229563301620;((((((x / _a3_) + _a4_) * x) * _a1_) + _a3_) * x);{'d0': {'_a1_': 5.994207785084137, '_a3_': 1.7751354044169534, '_a4_': 0.35144328368598593, '_a0_': 1.0, '_a2_': 1.0, '_a5_': 1.0, '_a6_': 1.0, '_a7_': 1.0}};{'d0': 0.024905832919416605};-280.569866449044;32.05536992290139
6814;-108.229563301620;((((((x / _a3_) + _a4_) * x) * _a1_) + _a3_) * x);{'d0': {'_a1_': 5.994207785084137, '_a3_': 1.7751354044169534, '_a4_': 0.35144328368598593, '_a0_': 1.0, '_a2_': 1.0, '_a5_': 1.0, '_a6_': 1.0, '_a7_': 1.0}};{'d0': 0.024905832919416605};-280.569866449044;32.05536992290139
6815;-108.229563301620;((((((x / _a3_) + _a4_) * x) * _a1_) + _a3_) * x);{'d0': {'_a1_': 5.994207785084137, '_a3_': 1.7751354044169534, '_a4_': 0.35144328368598593, '_a0_': 1.0, '_a2_': 1.0, '_a5_': 1.0, '_a6_': 1.0, '_a7_': 1.0}};{'d0': 0.024905832919416605};-280.569866449044;32.05536992290139
6816;-99.6471433134992;((((((x / _a3_) + tanh(_a4_)) * x) * _a1_) + _a3_) * x);{'d0': {'_a1_': 5.994207784697026, '_a3_': 1.7751354039358507, '_a4_': 0.36708947091380695, '_a0_': 1.0, '_a2_': 1.0, '_a5_': 1.0, '_a6_': 1.0, '_a7_': 1.0}};{'d0': 0.02490583291941667};-280.569866449043;40.637789911022395
6817;-99.6471433134992;((((((x / _a3_) + tanh(_a4_)) * x) * _a1_) + _a3_) * x);{'d0': {'_a1_': 5.994207784697026, '_a3_': 1.7751354039358507, '_a4_': 0.36708947091380695, '_a0_': 1.0, '_a2_': 1.0, '_a5_': 1.0, '_a6_': 1.0, '_a7_': 1.0}};{'d0': 0.02490583291941667};-280.569866449043;40.637789911022395
6818;-99.6471433134992;((((((x / _a3_) + tanh(_a4_)) * x) * _a1_) + _a3_) * x);{'d0': {'_a1_': 5.994207784697026, '_a3_': 1.7751354039358507, '_a4_': 0.36708947091380695, '_a0_': 1.0, '_a2_': 1.0, '_a5_': 1.0, '_a6_': 1.0, '_a7_': 1.0}};{'d0': 0.02490583291941667};-280.569866449043;40.637789911022395
6819;-99.6471433134992;((((((x / _a3_) + tanh(_a4_)) * x) * _a1_) + _a3_) * x);{'d0': {'_a1_': 5.994207784697026, '_a3_': 1.7751354039358507, '_a4_': 0.36708947091380695, '_a0_': 1.0, '_a2_': 1.0, '_a5_': 1.0, '_a6_': 1.0, '_a7_': 1.0}};{'d0': 0.02490583291941667};-280.569866449043;40.637789911022395
6820;-99.6471433134992;((((((x / _a3_) + tanh(_a4_)) * x) * _a1_) + _a3_) * x);{'d0': {'_a1_': 5.994207784697026, '_a3_': 1.7751354039358507, '_a4_': 0.36708947091380695, '_a0_': 1.0, '_a2_': 1.0, '_a5_': 1.0, '_a6_': 1.0, '_a7_': 1.0}};{'d0': 0.02490583291941667};-280.569866449043;40.637789911022395
6821;-99.6471433134992;((((((x / _a3_) + tanh(_a4_)) * x) * _a1_) + _a3_) * x);{'d0': {'_a1_': 5.994207784697026, '_a3_': 1.7751354039358507, '_a4_': 0.36708947091380695, '_a0_': 1.0, '_a2_': 1.0, '_a5_': 1.0, '_a6_': 1.0, '_a7_': 1.0}};{'d0': 0.02490583291941667};-280.569866449043;40.637789911022395
6822;-99.6471433134992;((((((x / _a3_) + tanh(_a4_)) * x) * _a1_) + _a3_) * x);{'d0': {'_a1_': 5.994207784697026, '_a3_': 1.7751354039358507, '_a4_': 0.36708947091380695, '_a0_': 1.0, '_a2_': 1.0, '_a5_': 1.0, '_a6_': 1.0, '_a7_': 1.0}};{'d0': 0.02490583291941667};-280.569866449043;40.637789911022395
6823;-99.6471433134992;((((((x / _a3_) + tanh(_a4_)) * x) * _a1_) + _a3_) * x);{'d0': {'_a1_': 5.994207784697026, '_a3_': 1.7751354039358507, '_a4_': 0.36708947091380695, '_a0_': 1.0, '_a2_': 1.0, '_a5_': 1.0, '_a6_': 1.0, '_a7_': 1.0}};{'d0': 0.02490583291941667};-280.569866449043;40.637789911022395
6824;-99.6471433134992;((((((x / _a3_) + tanh(_a4_)) * x) * _a1_) + _a3_) * x);{'d0': {'_a1_': 5.994207784697026, '_a3_': 1.7751354039358507, '_a4_': 0.36708947091380695, '_a0_': 1.0, '_a2_': 1.0, '_a5_': 1.0, '_a6_': 1.0, '_a7_': 1.0}};{'d0': 0.02490583291941667};-280.569866449043;40.637789911022395
6825;-101.233051094995;((((((x / _a3_) + (_a2_ * _a4_)) * x) * _a1_) + _a3_) * x);{'d0': {'_a1_': 5.994207787519947, '_a2_': 1.0693332639100073, '_a3_': 1.775135404381553, '_a4_': 0.3286564472282312, '_a0_': 1.0, '_a5_': 1.0, '_a6_': 1.0, '_a7_': 1.0}};{'d0': 0.02490583291946429};-276.475521886707;37.004709848358395
6826;-101.233051094995;((((((x / _a3_) + (_a2_ * _a4_)) * x) * _a1_) + _a3_) * x);{'d0': {'_a1_': 5.994207787519947, '_a2_': 1.0693332639100073, '_a3_': 1.775135404381553, '_a4_': 0.3286564472282312, '_a0_': 1.0, '_a5_': 1.0, '_a6_': 1.0, '_a7_': 1.0}};{'d0': 0.02490583291946429};-276.475521886707;37.004709848358395
6827;-101.233051094995;((((((x / _a3_) + (_a2_ * _a4_)) * x) * _a1_) + _a3_) * x);{'d0': {'_a1_': 5.994207787519947, '_a2_': 1.0693332639100073, '_a3_': 1.775135404381553, '_a4_': 0.3286564472282312, '_a0_': 1.0, '_a5_': 1.0, '_a6_': 1.0, '_a7_': 1.0}};{'d0': 0.02490583291946429};-276.475521886707;37.004709848358395
6828;-101.233051094995;((((((x / _a3_) + (_a2_ * _a4_)) * x) * _a1_) + _a3_) * x);{'d0': {'_a1_': 5.994207787519947, '_a2_': 1.0693332639100073, '_a3_': 1.775135404381553, '_a4_': 0.3286564472282312, '_a0_': 1.0, '_a5_': 1.0, '_a6_': 1.0, '_a7_': 1.0}};{'d0': 0.02490583291946429};-276.475521886707;37.004709848358395
6829;-101.233051094995;((((((x / _a3_) + (_a2_ * _a4_)) * x) * _a1_) + _a3_) * x);{'d0': {'_a1_': 5.994207787519947, '_a2_': 1.0693332639100073, '_a3_': 1.775135404381553, '_a4_': 0.3286564472282312, '_a0_': 1.0, '_a5_': 1.0, '_a6_': 1.0, '_a7_': 1.0}};{'d0': 0.02490583291946429};-276.475521886707;37.004709848358395
6830;-101.233051094995;((((((x / _a3_) + (_a2_ * _a4_)) * x) * _a1_) + _a3_) * x);{'d0': {'_a1_': 5.994207787519947, '_a2_': 1.0693332639100073, '_a3_': 1.775135404381553, '_a4_': 0.3286564472282312, '_a0_': 1.0, '_a5_': 1.0, '_a6_': 1.0, '_a7_': 1.0}};{'d0': 0.02490583291946429};-276.475521886707;37.004709848358395
6831;-101.233051094995;((((((x / _a3_) + (_a2_ * _a4_)) * x) * _a1_) + _a3_) * x);{'d0': {'_a1_': 5.994207787519947, '_a2_': 1.0693332639100073, '_a3_': 1.775135404381553, '_a4_': 0.3286564472282312, '_a0_': 1.0, '_a5_': 1.0, '_a6_': 1.0, '_a7_': 1.0}};{'d0': 0.02490583291946429};-276.475521886707;37.004709848358395
6832;-101.233051094995;((((((x / _a3_) + (_a2_ * _a4_)) * x) * _a1_) + _a3_) * x);{'d0': {'_a1_': 5.994207787519947, '_a2_': 1.0693332639100073, '_a3_': 1.775135404381553, '_a4_': 0.3286564472282312, '_a0_': 1.0, '_a5_': 1.0, '_a6_': 1.0, '_a7_': 1.0}};{'d0': 0.02490583291946429};-276.475521886707;37.004709848358395
6833;-101.233051094995;((((((x / _a3_) + (_a2_ * _a4_)) * x) * _a1_) + _a3_) * x);{'d0': {'_a1_': 5.994207787519947, '_a2_': 1.0693332639100073, '_a3_': 1.775135404381553, '_a4_': 0.3286564472282312, '_a0_': 1.0, '_a5_': 1.0, '_a6_': 1.0, '_a7_': 1.0}};{'d0': 0.02490583291946429};-276.475521886707;37.004709848358395
6834;-101.233051094995;((((((x / _a3_) + (_a2_ * _a4_)) * x) * _a1_) + _a3_) * x);{'d0': {'_a1_': 5.994207787519947, '_a2_': 1.0693332639100073, '_a3_': 1.775135404381553, '_a4_': 0.3286564472282312, '_a0_': 1.0, '_a5_': 1.0, '_a6_': 1.0, '_a7_': 1.0}};{'d0': 0.02490583291946429};-276.475521886707;37.004709848358395
6835;-101.233051094995;((((((x / _a3_) + (_a2_ * _a4_)) * x) * _a1_) + _a3_) * x);{'d0': {'_a1_': 5.994207787519947, '_a2_': 1.0693332639100073, '_a3_': 1.775135404381553, '_a4_': 0.3286564472282312, '_a0_': 1.0, '_a5_': 1.0, '_a6_': 1.0, '_a7_': 1.0}};{'d0': 0.02490583291946429};-276.475521886707;37.004709848358395
6836;-101.233051094995;((((((x / _a3_) + (_a2_ * _a4_)) * x) * _a1_) + _a3_) * x);{'d0': {'_a1_': 5.994207787519947, '_a2_': 1.0693332639100073, '_a3_': 1.775135404381553, '_a4_': 0.3286564472282312, '_a0_': 1.0, '_a5_': 1.0, '_a6_': 1.0, '_a7_': 1.0}};{'d0': 0.02490583291946429};-276.475521886707;37.004709848358395
6837;-101.233051094995;((((((x / _a3_) + (_a2_ * _a4_)) * x) * _a1_) + _a3_) * x);{'d0': {'_a1_': 5.994207787519947, '_a2_': 1.0693332639100073, '_a3_': 1.775135404381553, '_a4_': 0.3286564472282312, '_a0_': 1.0, '_a5_': 1.0, '_a6_': 1.0, '_a7_': 1.0}};{'d0': 0.02490583291946429};-276.475521886707;37.004709848358395
6838;-101.233051094995;((((((x / _a3_) + (_a2_ * _a4_)) * x) * _a1_) + _a3_) * x);{'d0': {'_a1_': 5.994207787519947, '_a2_': 1.0693332639100073, '_a3_': 1.775135404381553, '_a4_': 0.3286564472282312, '_a0_': 1.0, '_a5_': 1.0, '_a6_': 1.0, '_a7_': 1.0}};{'d0': 0.02490583291946429};-276.475521886707;37.004709848358395
6839;-97.4430005680160;((((((x / _a3_) + (_a2_ * _a4_)) * x) * (_a3_ / _a4_)) + _a3_) * x);{'d0': {'_a2_': 1.1867399305705815, '_a3_': 1.775135404628425, '_a4_': 0.2961417869331018, '_a0_': 1.0, '_a1_': 1.0, '_a5_': 1.0, '_a6_': 1.0, '_a7_': 1.0}};{'d0': 0.024905832919416667};-280.569866449044;42.84193265650559
6840;-97.4430005680160;((((((x / _a3_) + (_a2_ * _a4_)) * x) * (_a3_ / _a4_)) + _a3_) * x);{'d0': {'_a2_': 1.1867399305705815, '_a3_': 1.775135404628425, '_a4_': 0.2961417869331018, '_a0_': 1.0, '_a1_': 1.0, '_a5_': 1.0, '_a6_': 1.0, '_a7_': 1.0}};{'d0': 0.024905832919416667};-280.569866449044;42.84193265650559
6841;-97.4430005680160;((((((x / _a3_) + (_a2_ * _a4_)) * x) * (_a3_ / _a4_)) + _a3_) * x);{'d0': {'_a2_': 1.1867399305705815, '_a3_': 1.775135404628425, '_a4_': 0.2961417869331018, '_a0_': 1.0, '_a1_': 1.0, '_a5_': 1.0, '_a6_': 1.0, '_a7_': 1.0}};{'d0': 0.024905832919416667};-280.569866449044;42.84193265650559
6842;-98.5087058097032;(x * (_a3_ + (((_a7_ + x) * (-(_a0_) * (x + _a0_))) + _a3_)));{'d0': {'_a0_': -3.3767608462724055, '_a3_': 23.69613160164008, '_a7_': 4.000620261681989, '_a1_': 1.0, '_a2_': 1.0, '_a4_': 1.0, '_a5_': 1.0, '_a6_': 1.0}};{'d0': 0.024905832919415925};-280.569866449045;41.776227414819296
6843;-97.4430005680160;((((((x / _a3_) + (_a2_ * _a4_)) * x) * (_a3_ / _a4_)) + _a3_) * x);{'d0': {'_a2_': 1.1867399305705815, '_a3_': 1.775135404628425, '_a4_': 0.2961417869331018, '_a0_': 1.0, '_a1_': 1.0, '_a5_': 1.0, '_a6_': 1.0, '_a7_': 1.0}};{'d0': 0.024905832919416667};-280.569866449044;42.84193265650559
6844;-97.4430005680160;((((((x / _a4_) + (_a2_ * _a4_)) * x) * (_a3_ / _a4_)) + _a3_) * x);{'d0': {'_a2_': 1.186739931381275, '_a3_': 1.7751354044486314, '_a4_': 0.7250460471343015, '_a0_': 1.0, '_a1_': 1.0, '_a5_': 1.0, '_a6_': 1.0, '_a7_': 1.0}};{'d0': 0.02490583291941671};-280.569866449043;42.84193265650559
6845;-97.4430005680160;((((((x / _a4_) + (_a2_ * _a4_)) * x) * (_a3_ / _a4_)) + _a3_) * x);{'d0': {'_a2_': 1.186739931381275, '_a3_': 1.7751354044486314, '_a4_': 0.7250460471343015, '_a0_': 1.0, '_a1_': 1.0, '_a5_': 1.0, '_a6_': 1.0, '_a7_': 1.0}};{'d0': 0.02490583291941671};-280.569866449043;42.84193265650559
6846;-101.233051094551;((((((x / _a4_) + (_a2_ * _a4_)) * x) * _a1_) + _a3_) * x);{'d0': {'_a1_': 2.6082783775701786, '_a2_': 1.045633339614051, '_a3_': 1.775135404246121, '_a4_': 0.7724202190575361, '_a0_': 1.0, '_a5_': 1.0, '_a6_': 1.0, '_a7_': 1.0}};{'d0': 0.024905832919833042};-276.475521885818;37.00470984835839
6847;-101.233051094551;((((((x / _a4_) + (_a2_ * _a4_)) * x) * _a1_) + _a3_) * x);{'d0': {'_a1_': 2.6082783775701786, '_a2_': 1.045633339614051, '_a3_': 1.775135404246121, '_a4_': 0.7724202190575361, '_a0_': 1.0, '_a5_': 1.0, '_a6_': 1.0, '_a7_': 1.0}};{'d0': 0.024905832919833042};-276.475521885818;37.00470984835839
6848;-101.233051094551;((((((x / _a4_) + (_a2_ * _a4_)) * x) * _a1_) + _a3_) * x);{'d0': {'_a1_': 2.6082783775701786, '_a2_': 1.045633339614051, '_a3_': 1.775135404246121, '_a4_': 0.7724202190575361, '_a0_': 1.0, '_a5_': 1.0, '_a6_': 1.0, '_a7_': 1.0}};{'d0': 0.024905832919833042};-276.475521885818;37.00470984835839
6849;-101.233051094551;((((((x / _a4_) + (_a2_ * _a4_)) * x) * _a1_) + _a3_) * x);{'d0': {'_a1_': 2.6082783775701786, '_a2_': 1.045633339614051, '_a3_': 1.775135404246121, '_a4_': 0.7724202190575361, '_a0_': 1.0, '_a5_': 1.0, '_a6_': 1.0, '_a7_': 1.0}};{'d0': 0.024905832919833042};-276.475521885818;37.00470984835839
6850;-101.233051094551;((((((x / _a4_) + (_a2_ * _a4_)) * x) * _a1_) + _a3_) * x);{'d0': {'_a1_': 2.6082783775701786, '_a2_': 1.045633339614051, '_a3_': 1.775135404246121, '_a4_': 0.7724202190575361, '_a0_': 1.0, '_a5_': 1.0, '_a6_': 1.0, '_a7_': 1.0}};{'d0': 0.024905832919833042};-276.475521885818;37.00470984835839
6851;-101.233051094551;((((((x / _a4_) + (_a2_ * _a4_)) * x) * _a1_) + _a3_) * x);{'d0': {'_a1_': 2.6082783775701786, '_a2_': 1.045633339614051, '_a3_': 1.775135404246121, '_a4_': 0.7724202190575361, '_a0_': 1.0, '_a5_': 1.0, '_a6_': 1.0, '_a7_': 1.0}};{'d0': 0.024905832919833042};-276.475521885818;37.00470984835839
6852;-101.233051094551;((((((x / _a4_) + (_a2_ * _a4_)) * x) * _a1_) + _a3_) * x);{'d0': {'_a1_': 2.6082783775701786, '_a2_': 1.045633339614051, '_a3_': 1.775135404246121, '_a4_': 0.7724202190575361, '_a0_': 1.0, '_a5_': 1.0, '_a6_': 1.0, '_a7_': 1.0}};{'d0': 0.024905832919833042};-276.475521885818;37.00470984835839
6853;-98.5087058097036;(x * (_a0_ + (((_a7_ + x) * (-(_a0_) * (x + _a0_))) + _a3_)));{'d0': {'_a0_': -3.3767608706940444, '_a3_': 50.76902501232549, '_a7_': 4.000620286402536, '_a1_': 1.0, '_a2_': 1.0, '_a4_': 1.0, '_a5_': 1.0, '_a6_': 1.0}};{'d0': 0.024905832919415657};-280.569866449046;41.776227414819296
6854;-98.5087058097036;(x * (_a0_ + (((_a7_ + x) * (-(_a0_) * (x + _a0_))) + _a3_)));{'d0': {'_a0_': -3.3767608706940444, '_a3_': 50.76902501232549, '_a7_': 4.000620286402536, '_a1_': 1.0, '_a2_': 1.0, '_a4_': 1.0, '_a5_': 1.0, '_a6_': 1.0}};{'d0': 0.024905832919415657};-280.569866449046;41.776227414819296
6855;-97.5531039114074;((((((x / _a4_) + (_a2_ * _a4_)) * x) * _a1_) + _a3_) * -(x));{'d0': {'_a1_': -1.0616652350852696, '_a2_': 6.3111986271632645, '_a3_': -1.7751354047610624, '_a4_': 0.31440343988635105, '_a0_': 1.0, '_a5_': 1.0, '_a6_': 1.0, '_a7_': 1.0}};{'d0': 0.02490583293883025};-276.475521840053;40.68465700861878
6856;-97.5531039114074;((((((x / _a4_) + (_a2_ * _a4_)) * x) * _a1_) + _a3_) * -(x));{'d0': {'_a1_': -1.0616652350852696, '_a2_': 6.3111986271632645, '_a3_': -1.7751354047610624, '_a4_': 0.31440343988635105, '_a0_': 1.0, '_a5_': 1.0, '_a6_': 1.0, '_a7_': 1.0}};{'d0': 0.02490583293883025};-276.475521840053;40.68465700861878
6857;-97.5531039114074;((((((x / _a4_) + (_a2_ * _a4_)) * x) * _a1_) + _a3_) * -(x));{'d0': {'_a1_': -1.0616652350852696, '_a2_': 6.3111986271632645, '_a3_': -1.7751354047610624, '_a4_': 0.31440343988635105, '_a0_': 1.0, '_a5_': 1.0, '_a6_': 1.0, '_a7_': 1.0}};{'d0': 0.02490583293883025};-276.475521840053;40.68465700861878
6858;-97.5531039114074;((((((x / _a4_) + (_a2_ * _a4_)) * x) * _a1_) + _a3_) * -(x));{'d0': {'_a1_': -1.0616652350852696, '_a2_': 6.3111986271632645, '_a3_': -1.7751354047610624, '_a4_': 0.31440343988635105, '_a0_': 1.0, '_a5_': 1.0, '_a6_': 1.0, '_a7_': 1.0}};{'d0': 0.02490583293883025};-276.475521840053;40.68465700861878
6859;-97.5531039114074;((((((x / _a4_) + (_a2_ * _a4_)) * x) * _a1_) + _a3_) * -(x));{'d0': {'_a1_': -1.0616652350852696, '_a2_': 6.3111986271632645, '_a3_': -1.7751354047610624, '_a4_': 0.31440343988635105, '_a0_': 1.0, '_a5_': 1.0, '_a6_': 1.0, '_a7_': 1.0}};{'d0': 0.02490583293883025};-276.475521840053;40.68465700861878
6860;-97.5531039114074;((((((x / _a4_) + (_a2_ * _a4_)) * x) * _a1_) + _a3_) * -(x));{'d0': {'_a1_': -1.0616652350852696, '_a2_': 6.3111986271632645, '_a3_': -1.7751354047610624, '_a4_': 0.31440343988635105, '_a0_': 1.0, '_a5_': 1.0, '_a6_': 1.0, '_a7_': 1.0}};{'d0': 0.02490583293883025};-276.475521840053;40.68465700861878
6861;-97.5531039114074;((((((x / _a4_) + (_a2_ * _a4_)) * x) * _a1_) + _a3_) * -(x));{'d0': {'_a1_': -1.0616652350852696, '_a2_': 6.3111986271632645, '_a3_': -1.7751354047610624, '_a4_': 0.31440343988635105, '_a0_': 1.0, '_a5_': 1.0, '_a6_': 1.0, '_a7_': 1.0}};{'d0': 0.02490583293883025};-276.475521840053;40.68465700861878
6862;-97.5531039114074;((((((x / _a4_) + (_a2_ * _a4_)) * x) * _a1_) + _a3_) * -(x));{'d0': {'_a1_': -1.0616652350852696, '_a2_': 6.3111986271632645, '_a3_': -1.7751354047610624, '_a4_': 0.31440343988635105, '_a0_': 1.0, '_a5_': 1.0, '_a6_': 1.0, '_a7_': 1.0}};{'d0': 0.02490583293883025};-276.475521840053;40.68465700861878
6863;-97.5531039346423;((((((x / _a3_) + (_a2_ * _a4_)) * x) * _a1_) + _a3_) * -(x));{'d0': {'_a1_': 5.994207786222049, '_a2_': -2.7227119039201937, '_a3_': -1.7751354044844108, '_a4_': 0.1290783880997739, '_a0_': 1.0, '_a5_': 1.0, '_a6_': 1.0, '_a7_': 1.0}};{'d0': 0.024905832919540773};-276.475521886522;40.68465700861878
6864;-97.5531039346423;((((((x / _a3_) + (_a2_ * _a4_)) * x) * _a1_) + _a3_) * -(x));{'d0': {'_a1_': 5.994207786222049, '_a2_': -2.7227119039201937, '_a3_': -1.7751354044844108, '_a4_': 0.1290783880997739, '_a0_': 1.0, '_a5_': 1.0, '_a6_': 1.0, '_a7_': 1.0}};{'d0': 0.024905832919540773};-276.475521886522;40.68465700861878
6865;-97.5531039346423;((((((x / _a3_) + (_a2_ * _a4_)) * x) * _a1_) + _a3_) * -(x));{'d0': {'_a1_': 5.994207786222049, '_a2_': -2.7227119039201937, '_a3_': -1.7751354044844108, '_a4_': 0.1290783880997739, '_a0_': 1.0, '_a5_': 1.0, '_a6_': 1.0, '_a7_': 1.0}};{'d0': 0.024905832919540773};-276.475521886522;40.68465700861878
6866;-97.5531039346423;((((((x / _a3_) + (_a2_ * _a4_)) * x) * _a1_) + _a3_) * -(x));{'d0': {'_a1_': 5.994207786222049, '_a2_': -2.7227119039201937, '_a3_': -1.7751354044844108, '_a4_': 0.1290783880997739, '_a0_': 1.0, '_a5_': 1.0, '_a6_': 1.0, '_a7_': 1.0}};{'d0': 0.024905832919540773};-276.475521886522;40.68465700861878
6867;-97.5531039346423;((((((x / _a3_) + (_a2_ * _a4_)) * x) * _a1_) + _a3_) * -(x));{'d0': {'_a1_': 5.994207786222049, '_a2_': -2.7227119039201937, '_a3_': -1.7751354044844108, '_a4_': 0.1290783880997739, '_a0_': 1.0, '_a5_': 1.0, '_a6_': 1.0, '_a7_': 1.0}};{'d0': 0.024905832919540773};-276.475521886522;40.68465700861878
6868;-97.5531039346423;((((((x / _a3_) + (_a2_ * _a4_)) * x) * _a1_) + _a3_) * -(x));{'d0': {'_a1_': 5.994207786222049, '_a2_': -2.7227119039201937, '_a3_': -1.7751354044844108, '_a4_': 0.1290783880997739, '_a0_': 1.0, '_a5_': 1.0, '_a6_': 1.0, '_a7_': 1.0}};{'d0': 0.024905832919540773};-276.475521886522;40.68465700861878
6869;-94.8107713370925;(x * (pow2(_a0_) + (((_a7_ + x) * (-(_a0_) * (x + _a3_))) + _a3_)));{'d0': {'_a0_': -3.3767608807326392, '_a3_': -1.2900478737528889, '_a7_': 1.9139072891262179, '_a1_': 1.0, '_a2_': 1.0, '_a4_': 1.0, '_a5_': 1.0, '_a6_': 1.0}};{'d0': 0.024905832919416535};-280.569866449044;45.4741618874293
6870;-94.8107713370925;(x * (pow2(_a0_) + (((_a7_ + x) * (-(_a0_) * (x + _a3_))) + _a3_)));{'d0': {'_a0_': -3.3767608807326392, '_a3_': -1.2900478737528889, '_a7_': 1.9139072891262179, '_a1_': 1.0, '_a2_': 1.0, '_a4_': 1.0, '_a5_': 1.0, '_a6_': 1.0}};{'d0': 0.024905832919416535};-280.569866449044;45.4741618874293
6871;-94.8107713370925;(x * (pow2(_a0_) + (((_a7_ + x) * (-(_a0_) * (x + _a3_))) + _a3_)));{'d0': {'_a0_': -3.3767608807326392, '_a3_': -1.2900478737528889, '_a7_': 1.9139072891262179, '_a1_': 1.0, '_a2_': 1.0, '_a4_': 1.0, '_a5_': 1.0, '_a6_': 1.0}};{'d0': 0.024905832919416535};-280.569866449044;45.4741618874293
6872;-94.8107713370925;(x * (pow2(_a0_) + (((_a7_ + x) * (-(_a0_) * (x + _a3_))) + _a3_)));{'d0': {'_a0_': -3.3767608807326392, '_a3_': -1.2900478737528889, '_a7_': 1.9139072891262179, '_a1_': 1.0, '_a2_': 1.0, '_a4_': 1.0, '_a5_': 1.0, '_a6_': 1.0}};{'d0': 0.024905832919416535};-280.569866449044;45.4741618874293
6873;-94.8107713370925;(x * (pow2(_a0_) + (((_a7_ + x) * (-(_a0_) * (x + _a3_))) + _a3_)));{'d0': {'_a0_': -3.3767608807326392, '_a3_': -1.2900478737528889, '_a7_': 1.9139072891262179, '_a1_': 1.0, '_a2_': 1.0, '_a4_': 1.0, '_a5_': 1.0, '_a6_': 1.0}};{'d0': 0.024905832919416535};-280.569866449044;45.4741618874293
6874;-94.8107713370925;(x * (pow2(_a0_) + (((_a7_ + x) * (-(_a0_) * (x + _a3_))) + _a3_)));{'d0': {'_a0_': -3.3767608807326392, '_a3_': -1.2900478737528889, '_a7_': 1.9139072891262179, '_a1_': 1.0, '_a2_': 1.0, '_a4_': 1.0, '_a5_': 1.0, '_a6_': 1.0}};{'d0': 0.024905832919416535};-280.569866449044;45.4741618874293
6875;-94.8107713370925;(x * (pow2(_a0_) + (((_a7_ + x) * (-(_a0_) * (x + _a3_))) + _a3_)));{'d0': {'_a0_': -3.3767608807326392, '_a3_': -1.2900478737528889, '_a7_': 1.9139072891262179, '_a1_': 1.0, '_a2_': 1.0, '_a4_': 1.0, '_a5_': 1.0, '_a6_': 1.0}};{'d0': 0.024905832919416535};-280.569866449044;45.4741618874293
6876;-94.8107713370925;(x * (pow2(_a0_) + (((_a7_ + x) * (-(_a0_) * (x + _a3_))) + _a3_)));{'d0': {'_a0_': -3.3767608807326392, '_a3_': -1.2900478737528889, '_a7_': 1.9139072891262179, '_a1_': 1.0, '_a2_': 1.0, '_a4_': 1.0, '_a5_': 1.0, '_a6_': 1.0}};{'d0': 0.024905832919416535};-280.569866449044;45.4741618874293
6877;-94.8107713370925;(x * (pow2(_a0_) + (((_a7_ + x) * (-(_a0_) * (x + _a3_))) + _a3_)));{'d0': {'_a0_': -3.3767608807326392, '_a3_': -1.2900478737528889, '_a7_': 1.9139072891262179, '_a1_': 1.0, '_a2_': 1.0, '_a4_': 1.0, '_a5_': 1.0, '_a6_': 1.0}};{'d0': 0.024905832919416535};-280.569866449044;45.4741618874293
6878;-94.8107713370925;(x * (pow2(_a0_) + (((_a7_ + x) * (-(_a0_) * (x + _a3_))) + _a3_)));{'d0': {'_a0_': -3.3767608807326392, '_a3_': -1.2900478737528889, '_a7_': 1.9139072891262179, '_a1_': 1.0, '_a2_': 1.0, '_a4_': 1.0, '_a5_': 1.0, '_a6_': 1.0}};{'d0': 0.024905832919416535};-280.569866449044;45.4741618874293
6879;-94.8107713370930;(x * (pow2(_a0_) + (((_a7_ + x) * (-(_a0_) * (x + _a0_))) + _a3_)));{'d0': {'_a0_': -3.3767608993231533, '_a3_': 35.98975106599, '_a7_': 4.000620315053957, '_a1_': 1.0, '_a2_': 1.0, '_a4_': 1.0, '_a5_': 1.0, '_a6_': 1.0}};{'d0': 0.024905832919416105};-280.569866449045;45.4741618874293
6880;-94.8107713370930;(x * (pow2(_a0_) + (((_a7_ + x) * (-(_a0_) * (x + _a0_))) + _a3_)));{'d0': {'_a0_': -3.3767608993231533, '_a3_': 35.98975106599, '_a7_': 4.000620315053957, '_a1_': 1.0, '_a2_': 1.0, '_a4_': 1.0, '_a5_': 1.0, '_a6_': 1.0}};{'d0': 0.024905832919416105};-280.569866449045;45.4741618874293
6881;-94.8107713370930;(x * (pow2(_a0_) + (((_a7_ + x) * (-(_a0_) * (x + _a0_))) + _a3_)));{'d0': {'_a0_': -3.3767608993231533, '_a3_': 35.98975106599, '_a7_': 4.000620315053957, '_a1_': 1.0, '_a2_': 1.0, '_a4_': 1.0, '_a5_': 1.0, '_a6_': 1.0}};{'d0': 0.024905832919416105};-280.569866449045;45.4741618874293
6882;-94.8107713370930;(x * (pow2(_a0_) + (((_a7_ + x) * (-(_a0_) * (x + _a0_))) + _a3_)));{'d0': {'_a0_': -3.3767608993231533, '_a3_': 35.98975106599, '_a7_': 4.000620315053957, '_a1_': 1.0, '_a2_': 1.0, '_a4_': 1.0, '_a5_': 1.0, '_a6_': 1.0}};{'d0': 0.024905832919416105};-280.569866449045;45.4741618874293
6883;-94.8107713370930;(x * (pow2(_a0_) + (((_a7_ + x) * (-(_a0_) * (x + _a0_))) + _a3_)));{'d0': {'_a0_': -3.3767608993231533, '_a3_': 35.98975106599, '_a7_': 4.000620315053957, '_a1_': 1.0, '_a2_': 1.0, '_a4_': 1.0, '_a5_': 1.0, '_a6_': 1.0}};{'d0': 0.024905832919416105};-280.569866449045;45.4741618874293
6884;-94.8107713370924;(x * (pow2(_a0_) + (((_a7_ + x) * (-(_a0_) * (x + x))) + _a3_)));{'d0': {'_a0_': -1.6883804400511297, '_a3_': -1.0754931065616824, '_a7_': 0.6238594154645305, '_a1_': 1.0, '_a2_': 1.0, '_a4_': 1.0, '_a5_': 1.0, '_a6_': 1.0}};{'d0': 0.02490583291941659};-280.569866449044;45.4741618874293
6885;-94.8107713370924;(x * (pow2(_a0_) + (((_a7_ + x) * (-(_a0_) * (x + x))) + _a3_)));{'d0': {'_a0_': -1.6883804400511297, '_a3_': -1.0754931065616824, '_a7_': 0.6238594154645305, '_a1_': 1.0, '_a2_': 1.0, '_a4_': 1.0, '_a5_': 1.0, '_a6_': 1.0}};{'d0': 0.02490583291941659};-280.569866449044;45.4741618874293
6886;-94.8107713370924;(x * (pow2(_a0_) + (((_a7_ + x) * (-(_a0_) * (x + x))) + _a3_)));{'d0': {'_a0_': -1.6883804400511297, '_a3_': -1.0754931065616824, '_a7_': 0.6238594154645305, '_a1_': 1.0, '_a2_': 1.0, '_a4_': 1.0, '_a5_': 1.0, '_a6_': 1.0}};{'d0': 0.02490583291941659};-280.569866449044;45.4741618874293
6887;-94.8107713370924;(x * (pow2(_a0_) + (((_a7_ + x) * (-(_a0_) * (x + x))) + _a3_)));{'d0': {'_a0_': -1.6883804400511297, '_a3_': -1.0754931065616824, '_a7_': 0.6238594154645305, '_a1_': 1.0, '_a2_': 1.0, '_a4_': 1.0, '_a5_': 1.0, '_a6_': 1.0}};{'d0': 0.02490583291941659};-280.569866449044;45.4741618874293
6888;-94.8107713370924;(x * (pow2(_a0_) + (((_a7_ + x) * (-(_a0_) * (x + x))) + _a3_)));{'d0': {'_a0_': -1.6883804400511297, '_a3_': -1.0754931065616824, '_a7_': 0.6238594154645305, '_a1_': 1.0, '_a2_': 1.0, '_a4_': 1.0, '_a5_': 1.0, '_a6_': 1.0}};{'d0': 0.02490583291941659};-280.569866449044;45.4741618874293
6889;-94.8107713370924;(x * (pow2(_a0_) + (((_a7_ + x) * (-(_a0_) * (x + x))) + _a3_)));{'d0': {'_a0_': -1.6883804400511297, '_a3_': -1.0754931065616824, '_a7_': 0.6238594154645305, '_a1_': 1.0, '_a2_': 1.0, '_a4_': 1.0, '_a5_': 1.0, '_a6_': 1.0}};{'d0': 0.02490583291941659};-280.569866449044;45.4741618874293
6890;-95.7820324606654;(x * (pow2(_a0_) * (((_a7_ + x) * (-(_a0_) * (x + x))) + _a3_)));{'d0': {'_a0_': -1.1907578065278819, '_a3_': 1.2519431575982576, '_a7_': 0.6238594153627051, '_a1_': 1.0, '_a2_': 1.0, '_a4_': 1.0, '_a5_': 1.0, '_a6_': 1.0}};{'d0': 0.024905832919416625};-280.569866449044;44.502900763856296
6891;-95.7820324606654;(x * (pow2(_a0_) * (((_a7_ + x) * (-(_a0_) * (x + x))) + _a3_)));{'d0': {'_a0_': -1.1907578065278819, '_a3_': 1.2519431575982576, '_a7_': 0.6238594153627051, '_a1_': 1.0, '_a2_': 1.0, '_a4_': 1.0, '_a5_': 1.0, '_a6_': 1.0}};{'d0': 0.024905832919416625};-280.569866449044;44.502900763856296
6892;-95.7820324606654;(x * (pow2(_a0_) * (((_a7_ + x) * (-(_a0_) * (x + x))) + _a3_)));{'d0': {'_a0_': -1.1907578065278819, '_a3_': 1.2519431575982576, '_a7_': 0.6238594153627051, '_a1_': 1.0, '_a2_': 1.0, '_a4_': 1.0, '_a5_': 1.0, '_a6_': 1.0}};{'d0': 0.024905832919416625};-280.569866449044;44.502900763856296
6893;-95.7820324606654;(x * (pow2(_a0_) * (((_a7_ + x) * (-(_a0_) * (x + x))) + _a3_)));{'d0': {'_a0_': -1.1907578065278819, '_a3_': 1.2519431575982576, '_a7_': 0.6238594153627051, '_a1_': 1.0, '_a2_': 1.0, '_a4_': 1.0, '_a5_': 1.0, '_a6_': 1.0}};{'d0': 0.024905832919416625};-280.569866449044;44.502900763856296
6894;-95.7820324606654;(x * (pow2(_a0_) * (((_a7_ + x) * (-(_a0_) * (x + x))) + _a3_)));{'d0': {'_a0_': -1.1907578065278819, '_a3_': 1.2519431575982576, '_a7_': 0.6238594153627051, '_a1_': 1.0, '_a2_': 1.0, '_a4_': 1.0, '_a5_': 1.0, '_a6_': 1.0}};{'d0': 0.024905832919416625};-280.569866449044;44.502900763856296
6895;-95.7820324606654;(x * (pow2(_a0_) * (((_a7_ + x) * (-(_a0_) * (x + x))) + _a3_)));{'d0': {'_a0_': -1.1907578065278819, '_a3_': 1.2519431575982576, '_a7_': 0.6238594153627051, '_a1_': 1.0, '_a2_': 1.0, '_a4_': 1.0, '_a5_': 1.0, '_a6_': 1.0}};{'d0': 0.024905832919416625};-280.569866449044;44.502900763856296
6896;-95.7820324606654;(x * (pow2(_a0_) * (((_a7_ + x) * (-(_a0_) * (x + x))) + _a3_)));{'d0': {'_a0_': -1.1907578065278819, '_a3_': 1.2519431575982576, '_a7_': 0.6238594153627051, '_a1_': 1.0, '_a2_': 1.0, '_a4_': 1.0, '_a5_': 1.0, '_a6_': 1.0}};{'d0': 0.024905832919416625};-280.569866449044;44.502900763856296
6897;-95.7820324606654;(x * (pow2(_a0_) * (((_a7_ + x) * (-(_a0_) * (x + x))) + _a3_)));{'d0': {'_a0_': -1.1907578065278819, '_a3_': 1.2519431575982576, '_a7_': 0.6238594153627051, '_a1_': 1.0, '_a2_': 1.0, '_a4_': 1.0, '_a5_': 1.0, '_a6_': 1.0}};{'d0': 0.024905832919416625};-280.569866449044;44.502900763856296
6898;-95.7820324606654;(x * (pow2(_a0_) * (((_a7_ + x) * (-(_a0_) * (x + x))) + _a3_)));{'d0': {'_a0_': -1.1907578065278819, '_a3_': 1.2519431575982576, '_a7_': 0.6238594153627051, '_a1_': 1.0, '_a2_': 1.0, '_a4_': 1.0, '_a5_': 1.0, '_a6_': 1.0}};{'d0': 0.024905832919416625};-280.569866449044;44.502900763856296
6899;-95.7820324606654;(x * (pow2(_a0_) * (((_a7_ + x) * (-(_a0_) * (x + x))) + _a3_)));{'d0': {'_a0_': -1.1907578065278819, '_a3_': 1.2519431575982576, '_a7_': 0.6238594153627051, '_a1_': 1.0, '_a2_': 1.0, '_a4_': 1.0, '_a5_': 1.0, '_a6_': 1.0}};{'d0': 0.024905832919416625};-280.569866449044;44.502900763856296
6900;-95.7820324606654;(x * (pow2(_a0_) * (((_a7_ + x) * (-(_a0_) * (x + x))) + _a3_)));{'d0': {'_a0_': -1.1907578065278819, '_a3_': 1.2519431575982576, '_a7_': 0.6238594153627051, '_a1_': 1.0, '_a2_': 1.0, '_a4_': 1.0, '_a5_': 1.0, '_a6_': 1.0}};{'d0': 0.024905832919416625};-280.569866449044;44.502900763856296
6901;-95.7820324606654;(x * (pow2(_a0_) * (((_a7_ + x) * (-(_a0_) * (x + x))) + _a3_)));{'d0': {'_a0_': -1.1907578065278819, '_a3_': 1.2519431575982576, '_a7_': 0.6238594153627051, '_a1_': 1.0, '_a2_': 1.0, '_a4_': 1.0, '_a5_': 1.0, '_a6_': 1.0}};{'d0': 0.024905832919416625};-280.569866449044;44.502900763856296
6902;-95.7820324606656;(x * (pow2(_a0_) * (((_a7_ + x) * (-(_a0_) * (_a0_ + x))) + _a3_)));{'d0': {'_a0_': -1.5002608252112186, '_a3_': 5.569607528995978, '_a7_': 2.1241202409549413, '_a1_': 1.0, '_a2_': 1.0, '_a4_': 1.0, '_a5_': 1.0, '_a6_': 1.0}};{'d0': 0.024905832919416483};-280.569866449044;44.502900763856296
6903;-95.7820324606656;(x * (pow2(_a0_) * (((_a7_ + x) * (-(_a0_) * (_a0_ + x))) + _a3_)));{'d0': {'_a0_': -1.5002608252112186, '_a3_': 5.569607528995978, '_a7_': 2.1241202409549413, '_a1_': 1.0, '_a2_': 1.0, '_a4_': 1.0, '_a5_': 1.0, '_a6_': 1.0}};{'d0': 0.024905832919416483};-280.569866449044;44.502900763856296
6904;-95.7820324606656;(x * (pow2(_a0_) * (((_a7_ + x) * (-(_a0_) * (_a0_ + x))) + _a3_)));{'d0': {'_a0_': -1.5002608252112186, '_a3_': 5.569607528995978, '_a7_': 2.1241202409549413, '_a1_': 1.0, '_a2_': 1.0, '_a4_': 1.0, '_a5_': 1.0, '_a6_': 1.0}};{'d0': 0.024905832919416483};-280.569866449044;44.502900763856296
6905;-95.7820324606656;(x * (pow2(_a0_) * (((_a7_ + x) * (-(_a0_) * (_a0_ + x))) + _a3_)));{'d0': {'_a0_': -1.5002608252112186, '_a3_': 5.569607528995978, '_a7_': 2.1241202409549413, '_a1_': 1.0, '_a2_': 1.0, '_a4_': 1.0, '_a5_': 1.0, '_a6_': 1.0}};{'d0': 0.024905832919416483};-280.569866449044;44.502900763856296
6906;-95.7820324606656;(x * (pow2(_a0_) * (((_a7_ + x) * (-(_a0_) * (_a0_ + x))) + _a3_)));{'d0': {'_a0_': -1.5002608252112186, '_a3_': 5.569607528995978, '_a7_': 2.1241202409549413, '_a1_': 1.0, '_a2_': 1.0, '_a4_': 1.0, '_a5_': 1.0, '_a6_': 1.0}};{'d0': 0.024905832919416483};-280.569866449044;44.502900763856296
6907;-95.7820324606656;(x * (pow2(_a0_) * (((_a7_ + x) * (-(_a0_) * (_a0_ + x))) + _a3_)));{'d0': {'_a0_': -1.5002608252112186, '_a3_': 5.569607528995978, '_a7_': 2.1241202409549413, '_a1_': 1.0, '_a2_': 1.0, '_a4_': 1.0, '_a5_': 1.0, '_a6_': 1.0}};{'d0': 0.024905832919416483};-280.569866449044;44.502900763856296
6908;-95.7820324606656;(x * (pow2(_a0_) * (((_a7_ + x) * (-(_a0_) * (_a0_ + x))) + _a3_)));{'d0': {'_a0_': -1.5002608252112186, '_a3_': 5.569607528995978, '_a7_': 2.1241202409549413, '_a1_': 1.0, '_a2_': 1.0, '_a4_': 1.0, '_a5_': 1.0, '_a6_': 1.0}};{'d0': 0.024905832919416483};-280.569866449044;44.502900763856296
6909;-95.7820324606656;(x * (pow2(_a0_) * (((_a7_ + x) * (-(_a0_) * (_a0_ + x))) + _a3_)));{'d0': {'_a0_': -1.5002608252112186, '_a3_': 5.569607528995978, '_a7_': 2.1241202409549413, '_a1_': 1.0, '_a2_': 1.0, '_a4_': 1.0, '_a5_': 1.0, '_a6_': 1.0}};{'d0': 0.024905832919416483};-280.569866449044;44.502900763856296
6910;-95.7820324606656;(x * (pow2(_a0_) * (((_a7_ + x) * (-(_a0_) * (_a0_ + x))) + _a3_)));{'d0': {'_a0_': -1.5002608252112186, '_a3_': 5.569607528995978, '_a7_': 2.1241202409549413, '_a1_': 1.0, '_a2_': 1.0, '_a4_': 1.0, '_a5_': 1.0, '_a6_': 1.0}};{'d0': 0.024905832919416483};-280.569866449044;44.502900763856296
6911;-95.7820324606656;(x * (pow2(_a0_) * (((_a7_ + x) * (-(_a0_) * (_a0_ + x))) + _a3_)));{'d0': {'_a0_': -1.5002608252112186, '_a3_': 5.569607528995978, '_a7_': 2.1241202409549413, '_a1_': 1.0, '_a2_': 1.0, '_a4_': 1.0, '_a5_': 1.0, '_a6_': 1.0}};{'d0': 0.024905832919416483};-280.569866449044;44.502900763856296
6912;-95.7820324606656;(x * (pow2(_a0_) * (((_a7_ + x) * (-(_a0_) * (_a0_ + x))) + _a3_)));{'d0': {'_a0_': -1.5002608252112186, '_a3_': 5.569607528995978, '_a7_': 2.1241202409549413, '_a1_': 1.0, '_a2_': 1.0, '_a4_': 1.0, '_a5_': 1.0, '_a6_': 1.0}};{'d0': 0.024905832919416483};-280.569866449044;44.502900763856296
6913;-95.7820324606656;(x * (pow2(_a0_) * (((_a7_ + x) * (-(_a0_) * (_a0_ + x))) + _a3_)));{'d0': {'_a0_': -1.5002608252112186, '_a3_': 5.569607528995978, '_a7_': 2.1241202409549413, '_a1_': 1.0, '_a2_': 1.0, '_a4_': 1.0, '_a5_': 1.0, '_a6_': 1.0}};{'d0': 0.024905832919416483};-280.569866449044;44.502900763856296
6914;-95.7820324606656;(x * (pow2(_a0_) * (((_a7_ + x) * (-(_a0_) * (_a0_ + x))) + _a3_)));{'d0': {'_a0_': -1.5002608252112186, '_a3_': 5.569607528995978, '_a7_': 2.1241202409549413, '_a1_': 1.0, '_a2_': 1.0, '_a4_': 1.0, '_a5_': 1.0, '_a6_': 1.0}};{'d0': 0.024905832919416483};-280.569866449044;44.502900763856296
6915;-95.7820324606656;(x * (pow2(_a0_) * (((_a7_ + x) * (-(_a0_) * (_a0_ + x))) + _a3_)));{'d0': {'_a0_': -1.5002608252112186, '_a3_': 5.569607528995978, '_a7_': 2.1241202409549413, '_a1_': 1.0, '_a2_': 1.0, '_a4_': 1.0, '_a5_': 1.0, '_a6_': 1.0}};{'d0': 0.024905832919416483};-280.569866449044;44.502900763856296
6916;-95.7820324606656;(x * (pow2(_a0_) * (((_a7_ + x) * (-(_a0_) * (_a0_ + x))) + _a3_)));{'d0': {'_a0_': -1.5002608252112186, '_a3_': 5.569607528995978, '_a7_': 2.1241202409549413, '_a1_': 1.0, '_a2_': 1.0, '_a4_': 1.0, '_a5_': 1.0, '_a6_': 1.0}};{'d0': 0.024905832919416483};-280.569866449044;44.502900763856296
6917;-95.7820324606656;(x * (pow2(_a0_) * (((_a7_ + x) * (-(_a0_) * (_a0_ + x))) + _a3_)));{'d0': {'_a0_': -1.5002608252112186, '_a3_': 5.569607528995978, '_a7_': 2.1241202409549413, '_a1_': 1.0, '_a2_': 1.0, '_a4_': 1.0, '_a5_': 1.0, '_a6_': 1.0}};{'d0': 0.024905832919416483};-280.569866449044;44.502900763856296
6918;-95.7820324606656;(x * (pow2(_a0_) * (((_a7_ + x) * (-(_a0_) * (_a0_ + x))) + _a3_)));{'d0': {'_a0_': -1.5002608252112186, '_a3_': 5.569607528995978, '_a7_': 2.1241202409549413, '_a1_': 1.0, '_a2_': 1.0, '_a4_': 1.0, '_a5_': 1.0, '_a6_': 1.0}};{'d0': 0.024905832919416483};-280.569866449044;44.502900763856296
6919;-95.7820324606656;(x * (pow2(_a0_) * (((_a7_ + x) * (-(_a0_) * (_a0_ + x))) + _a3_)));{'d0': {'_a0_': -1.5002608252112186, '_a3_': 5.569607528995978, '_a7_': 2.1241202409549413, '_a1_': 1.0, '_a2_': 1.0, '_a4_': 1.0, '_a5_': 1.0, '_a6_': 1.0}};{'d0': 0.024905832919416483};-280.569866449044;44.502900763856296
6920;-95.7820324606656;(x * (pow2(_a0_) * (((_a7_ + x) * (-(_a0_) * (_a0_ + x))) + _a3_)));{'d0': {'_a0_': -1.5002608252112186, '_a3_': 5.569607528995978, '_a7_': 2.1241202409549413, '_a1_': 1.0, '_a2_': 1.0, '_a4_': 1.0, '_a5_': 1.0, '_a6_': 1.0}};{'d0': 0.024905832919416483};-280.569866449044;44.502900763856296
6921;-95.7820324606656;(x * (pow2(_a0_) * (((_a7_ + x) * (-(_a0_) * (_a0_ + x))) + _a3_)));{'d0': {'_a0_': -1.5002608252112186, '_a3_': 5.569607528995978, '_a7_': 2.1241202409549413, '_a1_': 1.0, '_a2_': 1.0, '_a4_': 1.0, '_a5_': 1.0, '_a6_': 1.0}};{'d0': 0.024905832919416483};-280.569866449044;44.502900763856296
6922;-95.7820324606656;(x * (pow2(_a0_) * (((_a7_ + x) * (-(_a0_) * (_a0_ + x))) + _a3_)));{'d0': {'_a0_': -1.5002608252112186, '_a3_': 5.569607528995978, '_a7_': 2.1241202409549413, '_a1_': 1.0, '_a2_': 1.0, '_a4_': 1.0, '_a5_': 1.0, '_a6_': 1.0}};{'d0': 0.024905832919416483};-280.569866449044;44.502900763856296
6923;-95.7820324606656;(x * (pow2(_a0_) * (((_a7_ + x) * (-(_a0_) * (_a0_ + x))) + _a3_)));{'d0': {'_a0_': -1.5002608252112186, '_a3_': 5.569607528995978, '_a7_': 2.1241202409549413, '_a1_': 1.0, '_a2_': 1.0, '_a4_': 1.0, '_a5_': 1.0, '_a6_': 1.0}};{'d0': 0.024905832919416483};-280.569866449044;44.502900763856296
6924;-95.7820324606656;(x * (pow2(_a0_) * (((_a7_ + x) * (-(_a0_) * (_a0_ + x))) + _a3_)));{'d0': {'_a0_': -1.5002608252112186, '_a3_': 5.569607528995978, '_a7_': 2.1241202409549413, '_a1_': 1.0, '_a2_': 1.0, '_a4_': 1.0, '_a5_': 1.0, '_a6_': 1.0}};{'d0': 0.024905832919416483};-280.569866449044;44.502900763856296
6925;-95.7820324606656;(x * (pow2(_a0_) * (((_a7_ + x) * (-(_a0_) * (_a0_ + x))) + _a3_)));{'d0': {'_a0_': -1.5002608252112186, '_a3_': 5.569607528995978, '_a7_': 2.1241202409549413, '_a1_': 1.0, '_a2_': 1.0, '_a4_': 1.0, '_a5_': 1.0, '_a6_': 1.0}};{'d0': 0.024905832919416483};-280.569866449044;44.502900763856296
6926;-95.7820324606656;(x * (pow2(_a0_) * (((_a7_ + x) * (-(_a0_) * (_a0_ + x))) + _a3_)));{'d0': {'_a0_': -1.5002608252112186, '_a3_': 5.569607528995978, '_a7_': 2.1241202409549413, '_a1_': 1.0, '_a2_': 1.0, '_a4_': 1.0, '_a5_': 1.0, '_a6_': 1.0}};{'d0': 0.024905832919416483};-280.569866449044;44.502900763856296
6927;-95.7820324606656;(x * (pow2(_a0_) * (((_a7_ + x) * (-(_a0_) * (_a0_ + x))) + _a3_)));{'d0': {'_a0_': -1.5002608252112186, '_a3_': 5.569607528995978, '_a7_': 2.1241202409549413, '_a1_': 1.0, '_a2_': 1.0, '_a4_': 1.0, '_a5_': 1.0, '_a6_': 1.0}};{'d0': 0.024905832919416483};-280.569866449044;44.502900763856296
6928;-95.7820324606656;(x * (pow2(_a0_) * (((_a7_ + x) * (-(_a0_) * (_a0_ + x))) + _a3_)));{'d0': {'_a0_': -1.5002608252112186, '_a3_': 5.569607528995978, '_a7_': 2.1241202409549413, '_a1_': 1.0, '_a2_': 1.0, '_a4_': 1.0, '_a5_': 1.0, '_a6_': 1.0}};{'d0': 0.024905832919416483};-280.569866449044;44.502900763856296
6929;-95.7820324606656;(x * (pow2(_a0_) * (((_a7_ + x) * (-(_a0_) * (_a0_ + x))) + _a3_)));{'d0': {'_a0_': -1.5002608252112186, '_a3_': 5.569607528995978, '_a7_': 2.1241202409549413, '_a1_': 1.0, '_a2_': 1.0, '_a4_': 1.0, '_a5_': 1.0, '_a6_': 1.0}};{'d0': 0.024905832919416483};-280.569866449044;44.502900763856296
6930;-95.7820324606656;(x * (pow2(_a0_) * (((_a7_ + x) * (-(_a0_) * (_a0_ + x))) + _a3_)));{'d0': {'_a0_': -1.5002608252112186, '_a3_': 5.569607528995978, '_a7_': 2.1241202409549413, '_a1_': 1.0, '_a2_': 1.0, '_a4_': 1.0, '_a5_': 1.0, '_a6_': 1.0}};{'d0': 0.024905832919416483};-280.569866449044;44.502900763856296
6931;-95.7820324606656;(x * (pow2(_a0_) * (((_a7_ + x) * (-(_a0_) * (_a0_ + x))) + _a3_)));{'d0': {'_a0_': -1.5002608252112186, '_a3_': 5.569607528995978, '_a7_': 2.1241202409549413, '_a1_': 1.0, '_a2_': 1.0, '_a4_': 1.0, '_a5_': 1.0, '_a6_': 1.0}};{'d0': 0.024905832919416483};-280.569866449044;44.502900763856296
6932;-95.7820324606656;(x * (pow2(_a0_) * (((_a7_ + x) * (-(_a0_) * (_a0_ + x))) + _a3_)));{'d0': {'_a0_': -1.5002608252112186, '_a3_': 5.569607528995978, '_a7_': 2.1241202409549413, '_a1_': 1.0, '_a2_': 1.0, '_a4_': 1.0, '_a5_': 1.0, '_a6_': 1.0}};{'d0': 0.024905832919416483};-280.569866449044;44.502900763856296
6933;-95.7820324606656;(x * (pow2(_a0_) * (((_a7_ + x) * (-(_a0_) * (_a0_ + x))) + _a3_)));{'d0': {'_a0_': -1.5002608252112186, '_a3_': 5.569607528995978, '_a7_': 2.1241202409549413, '_a1_': 1.0, '_a2_': 1.0, '_a4_': 1.0, '_a5_': 1.0, '_a6_': 1.0}};{'d0': 0.024905832919416483};-280.569866449044;44.502900763856296
6934;-95.7820324606656;(x * (pow2(_a0_) * (((_a7_ + x) * (-(_a0_) * (_a0_ + x))) + _a3_)));{'d0': {'_a0_': -1.5002608252112186, '_a3_': 5.569607528995978, '_a7_': 2.1241202409549413, '_a1_': 1.0, '_a2_': 1.0, '_a4_': 1.0, '_a5_': 1.0, '_a6_': 1.0}};{'d0': 0.024905832919416483};-280.569866449044;44.502900763856296
6935;-95.7820324606656;(x * (pow2(_a0_) * (((_a7_ + x) * (-(_a0_) * (_a0_ + x))) + _a3_)));{'d0': {'_a0_': -1.5002608252112186, '_a3_': 5.569607528995978, '_a7_': 2.1241202409549413, '_a1_': 1.0, '_a2_': 1.0, '_a4_': 1.0, '_a5_': 1.0, '_a6_': 1.0}};{'d0': 0.024905832919416483};-280.569866449044;44.502900763856296
6936;-95.7820324606656;(x * (pow2(_a0_) * (((_a7_ + x) * (-(_a0_) * (_a0_ + x))) + _a3_)));{'d0': {'_a0_': -1.5002608252112186, '_a3_': 5.569607528995978, '_a7_': 2.1241202409549413, '_a1_': 1.0, '_a2_': 1.0, '_a4_': 1.0, '_a5_': 1.0, '_a6_': 1.0}};{'d0': 0.024905832919416483};-280.569866449044;44.502900763856296
6937;-95.7820324606656;(x * (pow2(_a0_) * (((_a7_ + x) * (-(_a0_) * (_a0_ + x))) + _a3_)));{'d0': {'_a0_': -1.5002608252112186, '_a3_': 5.569607528995978, '_a7_': 2.1241202409549413, '_a1_': 1.0, '_a2_': 1.0, '_a4_': 1.0, '_a5_': 1.0, '_a6_': 1.0}};{'d0': 0.024905832919416483};-280.569866449044;44.502900763856296
6938;-95.7820324606656;(x * (pow2(_a0_) * (((_a7_ + x) * (-(_a0_) * (_a0_ + x))) + _a3_)));{'d0': {'_a0_': -1.5002608252112186, '_a3_': 5.569607528995978, '_a7_': 2.1241202409549413, '_a1_': 1.0, '_a2_': 1.0, '_a4_': 1.0, '_a5_': 1.0, '_a6_': 1.0}};{'d0': 0.024905832919416483};-280.569866449044;44.502900763856296
6939;-95.7820324606656;(x * (pow2(_a0_) * (((_a7_ + x) * (-(_a0_) * (_a0_ + x))) + _a3_)));{'d0': {'_a0_': -1.5002608252112186, '_a3_': 5.569607528995978, '_a7_': 2.1241202409549413, '_a1_': 1.0, '_a2_': 1.0, '_a4_': 1.0, '_a5_': 1.0, '_a6_': 1.0}};{'d0': 0.024905832919416483};-280.569866449044;44.502900763856296
6940;-95.7820324606656;(x * (pow2(_a0_) * (((_a7_ + x) * (-(_a0_) * (_a0_ + x))) + _a3_)));{'d0': {'_a0_': -1.5002608252112186, '_a3_': 5.569607528995978, '_a7_': 2.1241202409549413, '_a1_': 1.0, '_a2_': 1.0, '_a4_': 1.0, '_a5_': 1.0, '_a6_': 1.0}};{'d0': 0.024905832919416483};-280.569866449044;44.502900763856296
6941;-95.7820324606656;(x * (pow2(_a0_) * (((_a7_ + x) * (-(_a0_) * (_a0_ + x))) + _a3_)));{'d0': {'_a0_': -1.5002608252112186, '_a3_': 5.569607528995978, '_a7_': 2.1241202409549413, '_a1_': 1.0, '_a2_': 1.0, '_a4_': 1.0, '_a5_': 1.0, '_a6_': 1.0}};{'d0': 0.024905832919416483};-280.569866449044;44.502900763856296
6942;-95.7820324606656;(x * (pow2(_a0_) * (((_a7_ + x) * (-(_a0_) * (_a0_ + x))) + _a3_)));{'d0': {'_a0_': -1.5002608252112186, '_a3_': 5.569607528995978, '_a7_': 2.1241202409549413, '_a1_': 1.0, '_a2_': 1.0, '_a4_': 1.0, '_a5_': 1.0, '_a6_': 1.0}};{'d0': 0.024905832919416483};-280.569866449044;44.502900763856296
6943;-95.7820324606656;(x * (pow2(_a0_) * (((_a7_ + x) * (-(_a0_) * (_a0_ + x))) + _a3_)));{'d0': {'_a0_': -1.5002608252112186, '_a3_': 5.569607528995978, '_a7_': 2.1241202409549413, '_a1_': 1.0, '_a2_': 1.0, '_a4_': 1.0, '_a5_': 1.0, '_a6_': 1.0}};{'d0': 0.024905832919416483};-280.569866449044;44.502900763856296
6944;-95.7820324606656;(x * (pow2(_a0_) * (((_a7_ + x) * (-(_a0_) * (_a0_ + x))) + _a3_)));{'d0': {'_a0_': -1.5002608252112186, '_a3_': 5.569607528995978, '_a7_': 2.1241202409549413, '_a1_': 1.0, '_a2_': 1.0, '_a4_': 1.0, '_a5_': 1.0, '_a6_': 1.0}};{'d0': 0.024905832919416483};-280.569866449044;44.502900763856296
6945;-95.7820324606656;(x * (pow2(_a0_) * (((_a7_ + x) * (-(_a0_) * (_a0_ + x))) + _a3_)));{'d0': {'_a0_': -1.5002608252112186, '_a3_': 5.569607528995978, '_a7_': 2.1241202409549413, '_a1_': 1.0, '_a2_': 1.0, '_a4_': 1.0, '_a5_': 1.0, '_a6_': 1.0}};{'d0': 0.024905832919416483};-280.569866449044;44.502900763856296
6946;-95.7820324606656;(x * (pow2(_a0_) * (((_a7_ + x) * (-(_a0_) * (_a0_ + x))) + _a3_)));{'d0': {'_a0_': -1.5002608252112186, '_a3_': 5.569607528995978, '_a7_': 2.1241202409549413, '_a1_': 1.0, '_a2_': 1.0, '_a4_': 1.0, '_a5_': 1.0, '_a6_': 1.0}};{'d0': 0.024905832919416483};-280.569866449044;44.502900763856296
6947;-95.7820324606656;(x * (pow2(_a0_) * (((_a7_ + x) * (-(_a0_) * (_a0_ + x))) + _a3_)));{'d0': {'_a0_': -1.5002608252112186, '_a3_': 5.569607528995978, '_a7_': 2.1241202409549413, '_a1_': 1.0, '_a2_': 1.0, '_a4_': 1.0, '_a5_': 1.0, '_a6_': 1.0}};{'d0': 0.024905832919416483};-280.569866449044;44.502900763856296
6948;-95.7820324606656;(x * (pow2(_a0_) * (((_a7_ + x) * (-(_a0_) * (_a0_ + x))) + _a3_)));{'d0': {'_a0_': -1.5002608252112186, '_a3_': 5.569607528995978, '_a7_': 2.1241202409549413, '_a1_': 1.0, '_a2_': 1.0, '_a4_': 1.0, '_a5_': 1.0, '_a6_': 1.0}};{'d0': 0.024905832919416483};-280.569866449044;44.502900763856296
6949;-95.7820324606656;(x * (pow2(_a0_) * (((_a7_ + x) * (-(_a0_) * (_a0_ + x))) + _a3_)));{'d0': {'_a0_': -1.5002608252112186, '_a3_': 5.569607528995978, '_a7_': 2.1241202409549413, '_a1_': 1.0, '_a2_': 1.0, '_a4_': 1.0, '_a5_': 1.0, '_a6_': 1.0}};{'d0': 0.024905832919416483};-280.569866449044;44.502900763856296
6950;-95.7820324606656;(x * (pow2(_a0_) * (((_a7_ + x) * (-(_a0_) * (_a0_ + x))) + _a3_)));{'d0': {'_a0_': -1.5002608252112186, '_a3_': 5.569607528995978, '_a7_': 2.1241202409549413, '_a1_': 1.0, '_a2_': 1.0, '_a4_': 1.0, '_a5_': 1.0, '_a6_': 1.0}};{'d0': 0.024905832919416483};-280.569866449044;44.502900763856296
6951;-95.7820324606654;(x * (pow2(_a7_) * (((_a7_ + x) * (-(_a0_) * (_a0_ + x))) + _a3_)));{'d0': {'_a0_': -1.1157836652877564, '_a3_': 2.7523672828944385, '_a7_': 1.7396430809963028, '_a1_': 1.0, '_a2_': 1.0, '_a4_': 1.0, '_a5_': 1.0, '_a6_': 1.0}};{'d0': 0.024905832919416598};-280.569866449044;44.502900763856296
6952;-95.7820324606654;(x * (pow2(_a7_) * (((_a7_ + x) * (-(_a0_) * (_a0_ + x))) + _a3_)));{'d0': {'_a0_': -1.1157836652877564, '_a3_': 2.7523672828944385, '_a7_': 1.7396430809963028, '_a1_': 1.0, '_a2_': 1.0, '_a4_': 1.0, '_a5_': 1.0, '_a6_': 1.0}};{'d0': 0.024905832919416598};-280.569866449044;44.502900763856296
6953;-95.7820324606654;(x * (pow2(_a3_) * (((_a7_ + x) * (-(_a0_) * (_a0_ + x))) + _a3_)));{'d0': {'_a0_': -0.9436071267167085, '_a3_': 1.8917099476598183, '_a7_': 1.5674665422996579, '_a1_': 1.0, '_a2_': 1.0, '_a4_': 1.0, '_a5_': 1.0, '_a6_': 1.0}};{'d0': 0.024905832919416632};-280.569866449044;44.502900763856296
6954;-95.7820324606654;(x * (pow2(_a3_) * (((_a7_ + x) * (-(_a0_) * (_a0_ + x))) + _a3_)));{'d0': {'_a0_': -0.9436071267167085, '_a3_': 1.8917099476598183, '_a7_': 1.5674665422996579, '_a1_': 1.0, '_a2_': 1.0, '_a4_': 1.0, '_a5_': 1.0, '_a6_': 1.0}};{'d0': 0.024905832919416632};-280.569866449044;44.502900763856296
6955;-95.7820324606654;(x * (pow2(_a3_) * (((_a7_ + x) * (-(_a0_) * (_a0_ + x))) + _a3_)));{'d0': {'_a0_': -0.9436071267167085, '_a3_': 1.8917099476598183, '_a7_': 1.5674665422996579, '_a1_': 1.0, '_a2_': 1.0, '_a4_': 1.0, '_a5_': 1.0, '_a6_': 1.0}};{'d0': 0.024905832919416632};-280.569866449044;44.502900763856296
6956;-95.7820324606654;(x * (pow2(_a3_) * (((_a7_ + x) * (-(_a0_) * (_a0_ + x))) + _a3_)));{'d0': {'_a0_': -0.9436071267167085, '_a3_': 1.8917099476598183, '_a7_': 1.5674665422996579, '_a1_': 1.0, '_a2_': 1.0, '_a4_': 1.0, '_a5_': 1.0, '_a6_': 1.0}};{'d0': 0.024905832919416632};-280.569866449044;44.502900763856296
6957;-101.702633509695;((((_a7_ * _a5_) + pow2(x)) + (-(_a6_) * x)) * (x * _a7_));{'d0': {'_a5_': 0.15567929998463828, '_a6_': -0.6238594155024926, '_a7_': 3.376760879941657, '_a0_': 1.0, '_a1_': 1.0, '_a2_': 1.0, '_a3_': 1.0, '_a4_': 1.0}};{'d0': 0.024905832919416594};-280.569866449044;38.582299714826426
6958;-101.702633509695;((((_a7_ * _a5_) + pow2(x)) + (-(_a6_) * x)) * (x * _a7_));{'d0': {'_a5_': 0.15567929998463828, '_a6_': -0.6238594155024926, '_a7_': 3.376760879941657, '_a0_': 1.0, '_a1_': 1.0, '_a2_': 1.0, '_a3_': 1.0, '_a4_': 1.0}};{'d0': 0.024905832919416594};-280.569866449044;38.582299714826426
6959;-101.702633509695;((((_a7_ * _a5_) + pow2(x)) + (-(_a6_) * x)) * (x * _a7_));{'d0': {'_a5_': 0.15567929998463828, '_a6_': -0.6238594155024926, '_a7_': 3.376760879941657, '_a0_': 1.0, '_a1_': 1.0, '_a2_': 1.0, '_a3_': 1.0, '_a4_': 1.0}};{'d0': 0.024905832919416594};-280.569866449044;38.582299714826426
6960;-101.702633509695;((((_a7_ * _a5_) + pow2(x)) + (-(_a6_) * x)) * (x * _a7_));{'d0': {'_a5_': 0.15567929998463828, '_a6_': -0.6238594155024926, '_a7_': 3.376760879941657, '_a0_': 1.0, '_a1_': 1.0, '_a2_': 1.0, '_a3_': 1.0, '_a4_': 1.0}};{'d0': 0.024905832919416594};-280.569866449044;38.582299714826426
6961;-101.702633509695;((((_a7_ * _a5_) + pow2(x)) + (-(_a6_) * x)) * (x * _a7_));{'d0': {'_a5_': 0.15567929998463828, '_a6_': -0.6238594155024926, '_a7_': 3.376760879941657, '_a0_': 1.0, '_a1_': 1.0, '_a2_': 1.0, '_a3_': 1.0, '_a4_': 1.0}};{'d0': 0.024905832919416594};-280.569866449044;38.582299714826426
6962;-101.702633509695;((((_a7_ * _a5_) + pow2(x)) + (-(_a6_) * x)) * (x * _a7_));{'d0': {'_a5_': 0.15567929998463828, '_a6_': -0.6238594155024926, '_a7_': 3.376760879941657, '_a0_': 1.0, '_a1_': 1.0, '_a2_': 1.0, '_a3_': 1.0, '_a4_': 1.0}};{'d0': 0.024905832919416594};-280.569866449044;38.582299714826426
6963;-98.7896986075459;((((_a7_ * _a5_) + pow2(x)) + (pow3(_a6_) * x)) * (x * _a7_));{'d0': {'_a5_': 0.15567930037448133, '_a6_': 0.854467557436162, '_a7_': 3.3767608763680084, '_a0_': 1.0, '_a1_': 1.0, '_a2_': 1.0, '_a3_': 1.0, '_a4_': 1.0}};{'d0': 0.024905832919416598};-280.569866449044;41.495234616976035
6964;-100.041104060393;(((pow2(_a4_) + pow2(x)) + (pow3(_a6_) * x)) * (x * _a7_));{'d0': {'_a4_': 0.725046047103677, '_a6_': 0.8544675574336481, '_a7_': 3.3767608780144975, '_a0_': 1.0, '_a1_': 1.0, '_a2_': 1.0, '_a3_': 1.0, '_a5_': 1.0}};{'d0': 0.024905832919416636};-280.569866449044;40.24382916412903
6965;-100.041104060393;(((pow2(_a4_) + pow2(x)) + (pow3(_a6_) * x)) * (x * _a7_));{'d0': {'_a4_': 0.725046047103677, '_a6_': 0.8544675574336481, '_a7_': 3.3767608780144975, '_a0_': 1.0, '_a1_': 1.0, '_a2_': 1.0, '_a3_': 1.0, '_a5_': 1.0}};{'d0': 0.024905832919416636};-280.569866449044;40.24382916412903
6966;-100.041104060393;(((pow2(_a4_) + pow2(x)) + (pow3(_a6_) * x)) * (x * _a7_));{'d0': {'_a4_': 0.725046047103677, '_a6_': 0.8544675574336481, '_a7_': 3.3767608780144975, '_a0_': 1.0, '_a1_': 1.0, '_a2_': 1.0, '_a3_': 1.0, '_a5_': 1.0}};{'d0': 0.024905832919416636};-280.569866449044;40.24382916412903
6967;-100.041104060393;(((pow2(_a4_) + pow2(x)) + (pow3(_a6_) * x)) * (x * _a7_));{'d0': {'_a4_': 0.725046047103677, '_a6_': 0.8544675574336481, '_a7_': 3.3767608780144975, '_a0_': 1.0, '_a1_': 1.0, '_a2_': 1.0, '_a3_': 1.0, '_a5_': 1.0}};{'d0': 0.024905832919416636};-280.569866449044;40.24382916412903
6968;-100.041104060393;(((pow2(_a4_) + pow2(x)) + (pow3(_a6_) * x)) * (x * _a7_));{'d0': {'_a4_': 0.725046047103677, '_a6_': 0.8544675574336481, '_a7_': 3.3767608780144975, '_a0_': 1.0, '_a1_': 1.0, '_a2_': 1.0, '_a3_': 1.0, '_a5_': 1.0}};{'d0': 0.024905832919416636};-280.569866449044;40.24382916412903
6969;-100.041104060393;(((pow2(_a4_) + pow2(x)) + (pow3(_a6_) * x)) * (x * _a7_));{'d0': {'_a4_': 0.725046047103677, '_a6_': 0.8544675574336481, '_a7_': 3.3767608780144975, '_a0_': 1.0, '_a1_': 1.0, '_a2_': 1.0, '_a3_': 1.0, '_a5_': 1.0}};{'d0': 0.024905832919416636};-280.569866449044;40.24382916412903
6970;-100.041104060393;(((pow2(_a4_) + pow2(x)) + (pow3(_a6_) * x)) * (x * _a7_));{'d0': {'_a4_': 0.725046047103677, '_a6_': 0.8544675574336481, '_a7_': 3.3767608780144975, '_a0_': 1.0, '_a1_': 1.0, '_a2_': 1.0, '_a3_': 1.0, '_a5_': 1.0}};{'d0': 0.024905832919416636};-280.569866449044;40.24382916412903
6971;-100.041104060393;(((pow2(_a4_) + pow2(x)) + (pow3(_a6_) * x)) * (x * _a7_));{'d0': {'_a4_': 0.725046047103677, '_a6_': 0.8544675574336481, '_a7_': 3.3767608780144975, '_a0_': 1.0, '_a1_': 1.0, '_a2_': 1.0, '_a3_': 1.0, '_a5_': 1.0}};{'d0': 0.024905832919416636};-280.569866449044;40.24382916412903
6972;-100.041104060393;(((pow2(_a4_) + pow2(x)) + (pow3(_a6_) * x)) * (x * _a7_));{'d0': {'_a4_': 0.725046047103677, '_a6_': 0.8544675574336481, '_a7_': 3.3767608780144975, '_a0_': 1.0, '_a1_': 1.0, '_a2_': 1.0, '_a3_': 1.0, '_a5_': 1.0}};{'d0': 0.024905832919416636};-280.569866449044;40.24382916412903
6973;-100.041104060393;(((pow2(_a4_) + pow2(x)) + (pow3(_a6_) * x)) * (x * _a7_));{'d0': {'_a4_': 0.725046047103677, '_a6_': 0.8544675574336481, '_a7_': 3.3767608780144975, '_a0_': 1.0, '_a1_': 1.0, '_a2_': 1.0, '_a3_': 1.0, '_a5_': 1.0}};{'d0': 0.024905832919416636};-280.569866449044;40.24382916412903
6974;-100.041104060393;(((pow2(_a4_) + pow2(x)) + (pow3(_a6_) * x)) * (x * _a7_));{'d0': {'_a4_': 0.725046047103677, '_a6_': 0.8544675574336481, '_a7_': 3.3767608780144975, '_a0_': 1.0, '_a1_': 1.0, '_a2_': 1.0, '_a3_': 1.0, '_a5_': 1.0}};{'d0': 0.024905832919416636};-280.569866449044;40.24382916412903
6975;-100.041104060393;(((pow2(_a4_) + pow2(x)) + (pow3(_a6_) * x)) * (x * _a7_));{'d0': {'_a4_': 0.725046047103677, '_a6_': 0.8544675574336481, '_a7_': 3.3767608780144975, '_a0_': 1.0, '_a1_': 1.0, '_a2_': 1.0, '_a3_': 1.0, '_a5_': 1.0}};{'d0': 0.024905832919416636};-280.569866449044;40.24382916412903
6976;-100.041104060393;(((pow2(_a4_) + pow2(x)) + (pow3(_a6_) * x)) * (x * _a7_));{'d0': {'_a4_': 0.725046047103677, '_a6_': 0.8544675574336481, '_a7_': 3.3767608780144975, '_a0_': 1.0, '_a1_': 1.0, '_a2_': 1.0, '_a3_': 1.0, '_a5_': 1.0}};{'d0': 0.024905832919416636};-280.569866449044;40.24382916412903
6977;-100.041104060393;(((pow2(_a4_) + pow2(x)) + (pow3(_a6_) * x)) * (x * _a7_));{'d0': {'_a4_': 0.725046047103677, '_a6_': 0.8544675574336481, '_a7_': 3.3767608780144975, '_a0_': 1.0, '_a1_': 1.0, '_a2_': 1.0, '_a3_': 1.0, '_a5_': 1.0}};{'d0': 0.024905832919416636};-280.569866449044;40.24382916412903
6978;-100.041104060393;(((pow2(_a4_) + pow2(x)) + (pow3(_a6_) * x)) * (x * _a7_));{'d0': {'_a4_': 0.725046047103677, '_a6_': 0.8544675574336481, '_a7_': 3.3767608780144975, '_a0_': 1.0, '_a1_': 1.0, '_a2_': 1.0, '_a3_': 1.0, '_a5_': 1.0}};{'d0': 0.024905832919416636};-280.569866449044;40.24382916412903
6979;-100.041104060393;(((pow2(_a4_) + pow2(x)) + (pow3(_a6_) * x)) * (x * _a7_));{'d0': {'_a4_': 0.725046047103677, '_a6_': 0.8544675574336481, '_a7_': 3.3767608780144975, '_a0_': 1.0, '_a1_': 1.0, '_a2_': 1.0, '_a3_': 1.0, '_a5_': 1.0}};{'d0': 0.024905832919416636};-280.569866449044;40.24382916412903
6980;-100.041104060393;(((pow2(_a4_) + pow2(x)) + (pow3(_a6_) * x)) * (x * _a7_));{'d0': {'_a4_': 0.725046047103677, '_a6_': 0.8544675574336481, '_a7_': 3.3767608780144975, '_a0_': 1.0, '_a1_': 1.0, '_a2_': 1.0, '_a3_': 1.0, '_a5_': 1.0}};{'d0': 0.024905832919416636};-280.569866449044;40.24382916412903
6981;-98.7896986075458;((((_a3_ * _a6_) + pow2(x)) + (pow3(_a6_) * x)) * (x * _a7_));{'d0': {'_a3_': 0.6152273024320459, '_a6_': 0.8544675574703182, '_a7_': 3.376760878427357, '_a0_': 1.0, '_a1_': 1.0, '_a2_': 1.0, '_a4_': 1.0, '_a5_': 1.0}};{'d0': 0.024905832919416605};-280.569866449044;41.495234616976035
6982;-98.7896986075458;((((_a3_ * _a6_) + pow2(x)) + (pow3(_a6_) * x)) * (x * _a7_));{'d0': {'_a3_': 0.6152273024320459, '_a6_': 0.8544675574703182, '_a7_': 3.376760878427357, '_a0_': 1.0, '_a1_': 1.0, '_a2_': 1.0, '_a4_': 1.0, '_a5_': 1.0}};{'d0': 0.024905832919416605};-280.569866449044;41.495234616976035
6983;-98.7896986075458;((((_a3_ * _a6_) + pow2(x)) + (pow3(_a6_) * x)) * (x * _a7_));{'d0': {'_a3_': 0.6152273024320459, '_a6_': 0.8544675574703182, '_a7_': 3.376760878427357, '_a0_': 1.0, '_a1_': 1.0, '_a2_': 1.0, '_a4_': 1.0, '_a5_': 1.0}};{'d0': 0.024905832919416605};-280.569866449044;41.495234616976035
6984;-98.7896986075458;((((_a3_ * _a6_) + pow2(x)) + (pow3(_a6_) * x)) * (x * _a7_));{'d0': {'_a3_': 0.6152273024320459, '_a6_': 0.8544675574703182, '_a7_': 3.376760878427357, '_a0_': 1.0, '_a1_': 1.0, '_a2_': 1.0, '_a4_': 1.0, '_a5_': 1.0}};{'d0': 0.024905832919416605};-280.569866449044;41.495234616976035
6985;-98.7896986075458;((((_a3_ * _a6_) + pow2(x)) + (pow3(_a6_) * x)) * (x * _a7_));{'d0': {'_a3_': 0.6152273024320459, '_a6_': 0.8544675574703182, '_a7_': 3.376760878427357, '_a0_': 1.0, '_a1_': 1.0, '_a2_': 1.0, '_a4_': 1.0, '_a5_': 1.0}};{'d0': 0.024905832919416605};-280.569866449044;41.495234616976035
6986;-98.7896986075458;((((_a3_ * _a6_) + pow2(x)) + (pow3(_a6_) * x)) * (x * _a7_));{'d0': {'_a3_': 0.6152273024320459, '_a6_': 0.8544675574703182, '_a7_': 3.376760878427357, '_a0_': 1.0, '_a1_': 1.0, '_a2_': 1.0, '_a4_': 1.0, '_a5_': 1.0}};{'d0': 0.024905832919416605};-280.569866449044;41.495234616976035
6987;-98.7896986075458;((((_a3_ * _a6_) + pow2(x)) + (pow3(_a6_) * x)) * (x * _a7_));{'d0': {'_a3_': 0.6152273024320459, '_a6_': 0.8544675574703182, '_a7_': 3.376760878427357, '_a0_': 1.0, '_a1_': 1.0, '_a2_': 1.0, '_a4_': 1.0, '_a5_': 1.0}};{'d0': 0.024905832919416605};-280.569866449044;41.495234616976035
6988;-98.7896986075458;((((_a3_ * _a6_) + pow2(x)) + (pow3(_a6_) * x)) * (x * _a7_));{'d0': {'_a3_': 0.6152273024320459, '_a6_': 0.8544675574703182, '_a7_': 3.376760878427357, '_a0_': 1.0, '_a1_': 1.0, '_a2_': 1.0, '_a4_': 1.0, '_a5_': 1.0}};{'d0': 0.024905832919416605};-280.569866449044;41.495234616976035
6989;-98.7896986075458;((((_a3_ * _a6_) + pow2(x)) + (pow3(_a6_) * x)) * (x * _a7_));{'d0': {'_a3_': 0.6152273024320459, '_a6_': 0.8544675574703182, '_a7_': 3.376760878427357, '_a0_': 1.0, '_a1_': 1.0, '_a2_': 1.0, '_a4_': 1.0, '_a5_': 1.0}};{'d0': 0.024905832919416605};-280.569866449044;41.495234616976035
6990;-98.7896986075458;((((_a3_ * _a6_) + pow2(x)) + (pow3(_a6_) * x)) * (x * _a7_));{'d0': {'_a3_': 0.6152273024320459, '_a6_': 0.8544675574703182, '_a7_': 3.376760878427357, '_a0_': 1.0, '_a1_': 1.0, '_a2_': 1.0, '_a4_': 1.0, '_a5_': 1.0}};{'d0': 0.024905832919416605};-280.569866449044;41.495234616976035
6991;-98.7896986075458;((((_a3_ * _a6_) + pow2(x)) + (pow3(_a6_) * x)) * (x * _a7_));{'d0': {'_a3_': 0.6152273024320459, '_a6_': 0.8544675574703182, '_a7_': 3.376760878427357, '_a0_': 1.0, '_a1_': 1.0, '_a2_': 1.0, '_a4_': 1.0, '_a5_': 1.0}};{'d0': 0.024905832919416605};-280.569866449044;41.495234616976035
6992;-98.7896986075458;((((_a3_ * _a6_) + pow2(x)) + (pow3(_a6_) * x)) * (x * _a7_));{'d0': {'_a3_': 0.6152273024320459, '_a6_': 0.8544675574703182, '_a7_': 3.376760878427357, '_a0_': 1.0, '_a1_': 1.0, '_a2_': 1.0, '_a4_': 1.0, '_a5_': 1.0}};{'d0': 0.024905832919416605};-280.569866449044;41.495234616976035
6993;-98.7896986075458;((((_a3_ * _a6_) + pow2(x)) + (pow3(_a6_) * x)) * (x * _a7_));{'d0': {'_a3_': 0.6152273024320459, '_a6_': 0.8544675574703182, '_a7_': 3.376760878427357, '_a0_': 1.0, '_a1_': 1.0, '_a2_': 1.0, '_a4_': 1.0, '_a5_': 1.0}};{'d0': 0.024905832919416605};-280.569866449044;41.495234616976035
6994;-98.7896986075458;((((_a3_ * _a6_) + pow2(x)) + (pow3(_a6_) * x)) * (x * _a7_));{'d0': {'_a3_': 0.6152273024320459, '_a6_': 0.8544675574703182, '_a7_': 3.376760878427357, '_a0_': 1.0, '_a1_': 1.0, '_a2_': 1.0, '_a4_': 1.0, '_a5_': 1.0}};{'d0': 0.024905832919416605};-280.569866449044;41.495234616976035
6995;-98.7896986075458;((((_a3_ * _a6_) + pow2(x)) + (pow3(_a6_) * x)) * (x * _a7_));{'d0': {'_a3_': 0.6152273024320459, '_a6_': 0.8544675574703182, '_a7_': 3.376760878427357, '_a0_': 1.0, '_a1_': 1.0, '_a2_': 1.0, '_a4_': 1.0, '_a5_': 1.0}};{'d0': 0.024905832919416605};-280.569866449044;41.495234616976035
6996;-98.7896986075458;((((_a3_ * _a6_) + pow2(x)) + (pow3(_a6_) * x)) * (x * _a7_));{'d0': {'_a3_': 0.6152273024320459, '_a6_': 0.8544675574703182, '_a7_': 3.376760878427357, '_a0_': 1.0, '_a1_': 1.0, '_a2_': 1.0, '_a4_': 1.0, '_a5_': 1.0}};{'d0': 0.024905832919416605};-280.569866449044;41.495234616976035
6997;-98.7896986075458;((((_a3_ * _a6_) + pow2(x)) + (pow3(_a6_) * x)) * (x * _a7_));{'d0': {'_a3_': 0.6152273024320459, '_a6_': 0.8544675574703182, '_a7_': 3.376760878427357, '_a0_': 1.0, '_a1_': 1.0, '_a2_': 1.0, '_a4_': 1.0, '_a5_': 1.0}};{'d0': 0.024905832919416605};-280.569866449044;41.495234616976035
6998;-98.7896986075458;((((_a3_ * _a6_) + pow2(x)) + (pow3(_a6_) * x)) * (x * _a7_));{'d0': {'_a3_': 0.6152273024320459, '_a6_': 0.8544675574703182, '_a7_': 3.376760878427357, '_a0_': 1.0, '_a1_': 1.0, '_a2_': 1.0, '_a4_': 1.0, '_a5_': 1.0}};{'d0': 0.024905832919416605};-280.569866449044;41.495234616976035
6999;-98.7896986075458;((((_a3_ * _a6_) + pow2(x)) + (pow3(_a6_) * x)) * (x * _a7_));{'d0': {'_a3_': 0.6152273024320459, '_a6_': 0.8544675574703182, '_a7_': 3.376760878427357, '_a0_': 1.0, '_a1_': 1.0, '_a2_': 1.0, '_a4_': 1.0, '_a5_': 1.0}};{'d0': 0.024905832919416605};-280.569866449044;41.495234616976035
7000;-98.7896986075458;((((_a3_ * _a6_) + pow2(x)) + (pow3(_a6_) * x)) * (x * _a7_));{'d0': {'_a3_': 0.6152273024320459, '_a6_': 0.8544675574703182, '_a7_': 3.376760878427357, '_a0_': 1.0, '_a1_': 1.0, '_a2_': 1.0, '_a4_': 1.0, '_a5_': 1.0}};{'d0': 0.024905832919416605};-280.569866449044;41.495234616976035
7001;-98.7896986075458;((((_a3_ * _a6_) + pow2(x)) + (pow3(_a6_) * x)) * (x * _a7_));{'d0': {'_a3_': 0.6152273024320459, '_a6_': 0.8544675574703182, '_a7_': 3.376760878427357, '_a0_': 1.0, '_a1_': 1.0, '_a2_': 1.0, '_a4_': 1.0, '_a5_': 1.0}};{'d0': 0.024905832919416605};-280.569866449044;41.495234616976035
7002;-98.7896986075458;((((_a3_ * _a6_) + pow2(x)) + (pow3(_a6_) * x)) * (x * _a7_));{'d0': {'_a3_': 0.6152273024320459, '_a6_': 0.8544675574703182, '_a7_': 3.376760878427357, '_a0_': 1.0, '_a1_': 1.0, '_a2_': 1.0, '_a4_': 1.0, '_a5_': 1.0}};{'d0': 0.024905832919416605};-280.569866449044;41.495234616976035
7003;-98.7896986075458;((((_a3_ * _a6_) + pow2(x)) + (pow3(_a6_) * x)) * (x * _a7_));{'d0': {'_a3_': 0.6152273024320459, '_a6_': 0.8544675574703182, '_a7_': 3.376760878427357, '_a0_': 1.0, '_a1_': 1.0, '_a2_': 1.0, '_a4_': 1.0, '_a5_': 1.0}};{'d0': 0.024905832919416605};-280.569866449044;41.495234616976035
7004;-98.7896986075458;((((_a3_ * _a6_) + pow2(x)) + (pow3(_a6_) * x)) * (x * _a7_));{'d0': {'_a3_': 0.6152273024320459, '_a6_': 0.8544675574703182, '_a7_': 3.376760878427357, '_a0_': 1.0, '_a1_': 1.0, '_a2_': 1.0, '_a4_': 1.0, '_a5_': 1.0}};{'d0': 0.024905832919416605};-280.569866449044;41.495234616976035
7005;-98.7896986075458;((((_a3_ * _a6_) + pow2(x)) + (pow3(_a6_) * x)) * (x * _a7_));{'d0': {'_a3_': 0.6152273024320459, '_a6_': 0.8544675574703182, '_a7_': 3.376760878427357, '_a0_': 1.0, '_a1_': 1.0, '_a2_': 1.0, '_a4_': 1.0, '_a5_': 1.0}};{'d0': 0.024905832919416605};-280.569866449044;41.495234616976035
7006;-98.7896986075458;((((_a3_ * _a6_) + pow2(x)) + (pow3(_a6_) * x)) * (x * _a7_));{'d0': {'_a3_': 0.6152273024320459, '_a6_': 0.8544675574703182, '_a7_': 3.376760878427357, '_a0_': 1.0, '_a1_': 1.0, '_a2_': 1.0, '_a4_': 1.0, '_a5_': 1.0}};{'d0': 0.024905832919416605};-280.569866449044;41.495234616976035
7007;-98.7896986075458;((((_a3_ * _a6_) + pow2(x)) + (pow3(_a6_) * x)) * (x * _a7_));{'d0': {'_a3_': 0.6152273024320459, '_a6_': 0.8544675574703182, '_a7_': 3.376760878427357, '_a0_': 1.0, '_a1_': 1.0, '_a2_': 1.0, '_a4_': 1.0, '_a5_': 1.0}};{'d0': 0.024905832919416605};-280.569866449044;41.495234616976035
7008;-98.7896986075458;((((_a3_ * _a6_) + pow2(x)) + (pow3(_a6_) * x)) * (x * _a7_));{'d0': {'_a3_': 0.6152273024320459, '_a6_': 0.8544675574703182, '_a7_': 3.376760878427357, '_a0_': 1.0, '_a1_': 1.0, '_a2_': 1.0, '_a4_': 1.0, '_a5_': 1.0}};{'d0': 0.024905832919416605};-280.569866449044;41.495234616976035
7009;-105.476695835284;((((sin((_a5_ + x)) + _a3_) * _a7_) * x) * _a3_);{'d0': {'_a3_': 1.2036987118902438, '_a5_': -1.2571393412164544, '_a7_': 5.864559713901873, '_a0_': 1.0, '_a1_': 1.0, '_a2_': 1.0, '_a4_': 1.0, '_a6_': 1.0}};{'d0': 0.026566128281941877};-276.697766348793;32.872187339112514
7010;-105.476695835284;((((sin((_a5_ + x)) + _a3_) * _a7_) * x) * _a3_);{'d0': {'_a3_': 1.2036987118902438, '_a5_': -1.2571393412164544, '_a7_': 5.864559713901873, '_a0_': 1.0, '_a1_': 1.0, '_a2_': 1.0, '_a4_': 1.0, '_a6_': 1.0}};{'d0': 0.026566128281941877};-276.697766348793;32.872187339112514
7011;-105.476695835284;((((sin((_a5_ + x)) + _a3_) * _a7_) * x) * _a3_);{'d0': {'_a3_': 1.2036987118902438, '_a5_': -1.2571393412164544, '_a7_': 5.864559713901873, '_a0_': 1.0, '_a1_': 1.0, '_a2_': 1.0, '_a4_': 1.0, '_a6_': 1.0}};{'d0': 0.026566128281941877};-276.697766348793;32.872187339112514
7012;-105.476695835284;((((sin((_a5_ + x)) + _a3_) * _a7_) * x) * _a3_);{'d0': {'_a3_': 1.2036987118902438, '_a5_': -1.2571393412164544, '_a7_': 5.864559713901873, '_a0_': 1.0, '_a1_': 1.0, '_a2_': 1.0, '_a4_': 1.0, '_a6_': 1.0}};{'d0': 0.026566128281941877};-276.697766348793;32.872187339112514
7013;-105.476695835284;((((sin((_a5_ + x)) + _a3_) * _a7_) * x) * _a3_);{'d0': {'_a3_': 1.2036987118902438, '_a5_': -1.2571393412164544, '_a7_': 5.864559713901873, '_a0_': 1.0, '_a1_': 1.0, '_a2_': 1.0, '_a4_': 1.0, '_a6_': 1.0}};{'d0': 0.026566128281941877};-276.697766348793;32.872187339112514
7014;-105.476695835284;((((sin((_a5_ + x)) + _a3_) * _a7_) * x) * _a3_);{'d0': {'_a3_': 1.2036987118902438, '_a5_': -1.2571393412164544, '_a7_': 5.864559713901873, '_a0_': 1.0, '_a1_': 1.0, '_a2_': 1.0, '_a4_': 1.0, '_a6_': 1.0}};{'d0': 0.026566128281941877};-276.697766348793;32.872187339112514
7015;-105.476695835284;((((sin((_a5_ + x)) + _a3_) * _a7_) * x) * _a3_);{'d0': {'_a3_': 1.2036987118902438, '_a5_': -1.2571393412164544, '_a7_': 5.864559713901873, '_a0_': 1.0, '_a1_': 1.0, '_a2_': 1.0, '_a4_': 1.0, '_a6_': 1.0}};{'d0': 0.026566128281941877};-276.697766348793;32.872187339112514
7016;-105.476695835284;((((sin((_a5_ + x)) + _a3_) * _a7_) * x) * _a3_);{'d0': {'_a3_': 1.2036987118902438, '_a5_': -1.2571393412164544, '_a7_': 5.864559713901873, '_a0_': 1.0, '_a1_': 1.0, '_a2_': 1.0, '_a4_': 1.0, '_a6_': 1.0}};{'d0': 0.026566128281941877};-276.697766348793;32.872187339112514
7017;-105.476695835284;((((sin((_a5_ + x)) + _a3_) * _a7_) * x) * _a3_);{'d0': {'_a3_': 1.2036987118902438, '_a5_': -1.2571393412164544, '_a7_': 5.864559713901873, '_a0_': 1.0, '_a1_': 1.0, '_a2_': 1.0, '_a4_': 1.0, '_a6_': 1.0}};{'d0': 0.026566128281941877};-276.697766348793;32.872187339112514
7018;-105.476695835284;((((sin((_a5_ + x)) + _a3_) * _a7_) * x) * _a3_);{'d0': {'_a3_': 1.2036987118902438, '_a5_': -1.2571393412164544, '_a7_': 5.864559713901873, '_a0_': 1.0, '_a1_': 1.0, '_a2_': 1.0, '_a4_': 1.0, '_a6_': 1.0}};{'d0': 0.026566128281941877};-276.697766348793;32.872187339112514
7019;-105.476695835284;((((sin((_a5_ + x)) + _a3_) * _a7_) * x) * _a3_);{'d0': {'_a3_': 1.2036987118902438, '_a5_': -1.2571393412164544, '_a7_': 5.864559713901873, '_a0_': 1.0, '_a1_': 1.0, '_a2_': 1.0, '_a4_': 1.0, '_a6_': 1.0}};{'d0': 0.026566128281941877};-276.697766348793;32.872187339112514
7020;-105.476695835284;((((sin((_a5_ + x)) + _a3_) * _a7_) * x) * _a3_);{'d0': {'_a3_': 1.2036987118902438, '_a5_': -1.2571393412164544, '_a7_': 5.864559713901873, '_a0_': 1.0, '_a1_': 1.0, '_a2_': 1.0, '_a4_': 1.0, '_a6_': 1.0}};{'d0': 0.026566128281941877};-276.697766348793;32.872187339112514
7021;-105.476695835284;((((sin((_a5_ + x)) + _a3_) * _a7_) * x) * _a3_);{'d0': {'_a3_': 1.2036987118902438, '_a5_': -1.2571393412164544, '_a7_': 5.864559713901873, '_a0_': 1.0, '_a1_': 1.0, '_a2_': 1.0, '_a4_': 1.0, '_a6_': 1.0}};{'d0': 0.026566128281941877};-276.697766348793;32.872187339112514
7022;-105.476695835284;((((sin((_a5_ + x)) + _a3_) * _a7_) * x) * _a3_);{'d0': {'_a3_': 1.2036987118902438, '_a5_': -1.2571393412164544, '_a7_': 5.864559713901873, '_a0_': 1.0, '_a1_': 1.0, '_a2_': 1.0, '_a4_': 1.0, '_a6_': 1.0}};{'d0': 0.026566128281941877};-276.697766348793;32.872187339112514
7023;-100.041104060393;(((pow2(_a4_) + pow2(x)) + (pow3(_a6_) * x)) * (x * _a7_));{'d0': {'_a4_': 0.725046047103677, '_a6_': 0.8544675574336481, '_a7_': 3.3767608780144975, '_a0_': 1.0, '_a1_': 1.0, '_a2_': 1.0, '_a3_': 1.0, '_a5_': 1.0}};{'d0': 0.024905832919416636};-280.569866449044;40.24382916412903
7024;-100.041104060393;(((pow2(_a4_) + pow2(x)) + (pow3(_a6_) * x)) * (x * _a7_));{'d0': {'_a4_': 0.725046047103677, '_a6_': 0.8544675574336481, '_a7_': 3.3767608780144975, '_a0_': 1.0, '_a1_': 1.0, '_a2_': 1.0, '_a3_': 1.0, '_a5_': 1.0}};{'d0': 0.024905832919416636};-280.569866449044;40.24382916412903
7025;-100.041104060393;(((pow2(_a4_) + pow2(x)) + (pow3(_a6_) * x)) * (x * _a7_));{'d0': {'_a4_': 0.725046047103677, '_a6_': 0.8544675574336481, '_a7_': 3.3767608780144975, '_a0_': 1.0, '_a1_': 1.0, '_a2_': 1.0, '_a3_': 1.0, '_a5_': 1.0}};{'d0': 0.024905832919416636};-280.569866449044;40.24382916412903
7026;-100.041104060393;(((pow2(_a4_) + pow2(x)) + (pow3(_a6_) * x)) * (x * _a7_));{'d0': {'_a4_': 0.725046047103677, '_a6_': 0.8544675574336481, '_a7_': 3.3767608780144975, '_a0_': 1.0, '_a1_': 1.0, '_a2_': 1.0, '_a3_': 1.0, '_a5_': 1.0}};{'d0': 0.024905832919416636};-280.569866449044;40.24382916412903
7027;-100.041104060393;(((pow2(_a4_) + pow2(x)) + (pow3(_a6_) * x)) * (x * _a7_));{'d0': {'_a4_': 0.725046047103677, '_a6_': 0.8544675574336481, '_a7_': 3.3767608780144975, '_a0_': 1.0, '_a1_': 1.0, '_a2_': 1.0, '_a3_': 1.0, '_a5_': 1.0}};{'d0': 0.024905832919416636};-280.569866449044;40.24382916412903
7028;-100.041104060393;(((pow2(_a4_) + pow2(x)) + (pow3(_a6_) * x)) * (x * _a7_));{'d0': {'_a4_': 0.725046047103677, '_a6_': 0.8544675574336481, '_a7_': 3.3767608780144975, '_a0_': 1.0, '_a1_': 1.0, '_a2_': 1.0, '_a3_': 1.0, '_a5_': 1.0}};{'d0': 0.024905832919416636};-280.569866449044;40.24382916412903
7029;-100.041104060393;(((pow2(_a4_) + pow2(x)) + (pow3(_a6_) * x)) * (x * _a7_));{'d0': {'_a4_': 0.725046047103677, '_a6_': 0.8544675574336481, '_a7_': 3.3767608780144975, '_a0_': 1.0, '_a1_': 1.0, '_a2_': 1.0, '_a3_': 1.0, '_a5_': 1.0}};{'d0': 0.024905832919416636};-280.569866449044;40.24382916412903
7030;-100.041104060393;(((pow2(_a4_) + pow2(x)) + (pow3(_a6_) * x)) * (x * _a7_));{'d0': {'_a4_': 0.725046047103677, '_a6_': 0.8544675574336481, '_a7_': 3.3767608780144975, '_a0_': 1.0, '_a1_': 1.0, '_a2_': 1.0, '_a3_': 1.0, '_a5_': 1.0}};{'d0': 0.024905832919416636};-280.569866449044;40.24382916412903
7031;-100.041104060393;(((pow2(_a4_) + pow2(x)) + (pow3(_a6_) * x)) * (x * _a7_));{'d0': {'_a4_': 0.725046047103677, '_a6_': 0.8544675574336481, '_a7_': 3.3767608780144975, '_a0_': 1.0, '_a1_': 1.0, '_a2_': 1.0, '_a3_': 1.0, '_a5_': 1.0}};{'d0': 0.024905832919416636};-280.569866449044;40.24382916412903
7032;-100.041104060393;(((pow2(_a4_) + pow2(x)) + (pow3(_a2_) * x)) * (x * _a7_));{'d0': {'_a2_': 0.8544675574855521, '_a4_': 0.7250460471369752, '_a7_': 3.376760878173905, '_a0_': 1.0, '_a1_': 1.0, '_a3_': 1.0, '_a5_': 1.0, '_a6_': 1.0}};{'d0': 0.024905832919416615};-280.569866449044;40.24382916412903
7033;-100.041104060393;(((pow2(_a4_) + pow2(x)) + (pow3(_a2_) * x)) * (x * _a7_));{'d0': {'_a2_': 0.8544675574855521, '_a4_': 0.7250460471369752, '_a7_': 3.376760878173905, '_a0_': 1.0, '_a1_': 1.0, '_a3_': 1.0, '_a5_': 1.0, '_a6_': 1.0}};{'d0': 0.024905832919416615};-280.569866449044;40.24382916412903
7034;-100.041104060393;(((pow2(_a4_) + pow2(x)) + (pow3(_a2_) * x)) * (x * _a7_));{'d0': {'_a2_': 0.8544675574855521, '_a4_': 0.7250460471369752, '_a7_': 3.376760878173905, '_a0_': 1.0, '_a1_': 1.0, '_a3_': 1.0, '_a5_': 1.0, '_a6_': 1.0}};{'d0': 0.024905832919416615};-280.569866449044;40.24382916412903
7035;-100.041104060393;(((pow2(_a4_) + pow2(x)) + (pow3(_a2_) * x)) * (x * _a7_));{'d0': {'_a2_': 0.8544675574855521, '_a4_': 0.7250460471369752, '_a7_': 3.376760878173905, '_a0_': 1.0, '_a1_': 1.0, '_a3_': 1.0, '_a5_': 1.0, '_a6_': 1.0}};{'d0': 0.024905832919416615};-280.569866449044;40.24382916412903
7036;-100.041104060393;(((pow2(_a4_) + pow2(x)) + (pow3(_a2_) * x)) * (x * _a7_));{'d0': {'_a2_': 0.8544675574855521, '_a4_': 0.7250460471369752, '_a7_': 3.376760878173905, '_a0_': 1.0, '_a1_': 1.0, '_a3_': 1.0, '_a5_': 1.0, '_a6_': 1.0}};{'d0': 0.024905832919416615};-280.569866449044;40.24382916412903
7037;-100.041104060393;(((pow2(_a4_) + pow2(x)) + (pow3(_a2_) * x)) * (x * _a7_));{'d0': {'_a2_': 0.8544675574855521, '_a4_': 0.7250460471369752, '_a7_': 3.376760878173905, '_a0_': 1.0, '_a1_': 1.0, '_a3_': 1.0, '_a5_': 1.0, '_a6_': 1.0}};{'d0': 0.024905832919416615};-280.569866449044;40.24382916412903
7038;-100.041104060393;(((pow2(_a4_) + pow2(x)) + (pow3(_a2_) * x)) * (x * _a7_));{'d0': {'_a2_': 0.8544675574855521, '_a4_': 0.7250460471369752, '_a7_': 3.376760878173905, '_a0_': 1.0, '_a1_': 1.0, '_a3_': 1.0, '_a5_': 1.0, '_a6_': 1.0}};{'d0': 0.024905832919416615};-280.569866449044;40.24382916412903
7039;-100.041104060393;(((pow2(_a4_) + pow2(x)) + (pow3(_a2_) * x)) * (x * _a7_));{'d0': {'_a2_': 0.8544675574855521, '_a4_': 0.7250460471369752, '_a7_': 3.376760878173905, '_a0_': 1.0, '_a1_': 1.0, '_a3_': 1.0, '_a5_': 1.0, '_a6_': 1.0}};{'d0': 0.024905832919416615};-280.569866449044;40.24382916412903
7040;-100.713385073773;(((pow2(_a4_) + pow2(x)) + ((_a5_ + x) * x)) * (x * _a7_));{'d0': {'_a4_': 1.025369953365283, '_a5_': 1.2477188313923318, '_a7_': 1.6883804387810861, '_a0_': 1.0, '_a1_': 1.0, '_a2_': 1.0, '_a3_': 1.0, '_a6_': 1.0}};{'d0': 0.024905832919416598};-280.569866449044;39.57154815074903
7041;-100.713385073773;(((pow2(_a4_) + pow2(x)) + ((_a5_ + x) * x)) * (x * _a7_));{'d0': {'_a4_': 1.025369953365283, '_a5_': 1.2477188313923318, '_a7_': 1.6883804387810861, '_a0_': 1.0, '_a1_': 1.0, '_a2_': 1.0, '_a3_': 1.0, '_a6_': 1.0}};{'d0': 0.024905832919416598};-280.569866449044;39.57154815074903
7042;-100.713385073773;(((pow2(_a4_) + pow2(x)) + ((_a5_ + x) * x)) * (x * _a7_));{'d0': {'_a4_': 1.025369953365283, '_a5_': 1.2477188313923318, '_a7_': 1.6883804387810861, '_a0_': 1.0, '_a1_': 1.0, '_a2_': 1.0, '_a3_': 1.0, '_a6_': 1.0}};{'d0': 0.024905832919416598};-280.569866449044;39.57154815074903
7043;-100.713385073773;(((pow2(_a4_) + pow2(x)) + ((_a5_ + x) * x)) * (x * _a7_));{'d0': {'_a4_': 1.025369953365283, '_a5_': 1.2477188313923318, '_a7_': 1.6883804387810861, '_a0_': 1.0, '_a1_': 1.0, '_a2_': 1.0, '_a3_': 1.0, '_a6_': 1.0}};{'d0': 0.024905832919416598};-280.569866449044;39.57154815074903
7044;-100.713385073773;(((pow2(_a4_) + pow2(x)) + ((_a5_ + x) * x)) * (x * _a7_));{'d0': {'_a4_': 1.025369953365283, '_a5_': 1.2477188313923318, '_a7_': 1.6883804387810861, '_a0_': 1.0, '_a1_': 1.0, '_a2_': 1.0, '_a3_': 1.0, '_a6_': 1.0}};{'d0': 0.024905832919416598};-280.569866449044;39.57154815074903
7045;-100.713385073773;(((pow2(_a4_) + pow2(x)) + ((_a5_ + x) * x)) * (x * _a7_));{'d0': {'_a4_': 1.025369953365283, '_a5_': 1.2477188313923318, '_a7_': 1.6883804387810861, '_a0_': 1.0, '_a1_': 1.0, '_a2_': 1.0, '_a3_': 1.0, '_a6_': 1.0}};{'d0': 0.024905832919416598};-280.569866449044;39.57154815074903
7046;-100.713385073773;(((pow2(_a4_) + pow2(x)) + ((_a5_ + x) * x)) * (x * _a7_));{'d0': {'_a4_': 1.025369953365283, '_a5_': 1.2477188313923318, '_a7_': 1.6883804387810861, '_a0_': 1.0, '_a1_': 1.0, '_a2_': 1.0, '_a3_': 1.0, '_a6_': 1.0}};{'d0': 0.024905832919416598};-280.569866449044;39.57154815074903
7047;-100.713385073773;(((pow2(_a4_) + pow2(x)) + ((_a5_ + x) * x)) * (x * _a7_));{'d0': {'_a4_': 1.025369953365283, '_a5_': 1.2477188313923318, '_a7_': 1.6883804387810861, '_a0_': 1.0, '_a1_': 1.0, '_a2_': 1.0, '_a3_': 1.0, '_a6_': 1.0}};{'d0': 0.024905832919416598};-280.569866449044;39.57154815074903
7048;-100.713385073773;(((pow2(_a4_) + pow2(x)) + ((_a5_ + x) * x)) * (x * _a7_));{'d0': {'_a4_': 1.025369953365283, '_a5_': 1.2477188313923318, '_a7_': 1.6883804387810861, '_a0_': 1.0, '_a1_': 1.0, '_a2_': 1.0, '_a3_': 1.0, '_a6_': 1.0}};{'d0': 0.024905832919416598};-280.569866449044;39.57154815074903
7049;-100.713385073773;(((pow2(_a4_) + pow2(x)) + ((_a5_ + x) * x)) * (x * _a7_));{'d0': {'_a4_': 1.025369953365283, '_a5_': 1.2477188313923318, '_a7_': 1.6883804387810861, '_a0_': 1.0, '_a1_': 1.0, '_a2_': 1.0, '_a3_': 1.0, '_a6_': 1.0}};{'d0': 0.024905832919416598};-280.569866449044;39.57154815074903
7050;-100.713385073773;(((pow2(_a4_) + pow2(x)) + ((_a5_ + x) * x)) * (x * _a7_));{'d0': {'_a4_': 1.025369953365283, '_a5_': 1.2477188313923318, '_a7_': 1.6883804387810861, '_a0_': 1.0, '_a1_': 1.0, '_a2_': 1.0, '_a3_': 1.0, '_a6_': 1.0}};{'d0': 0.024905832919416598};-280.569866449044;39.57154815074903
7051;-100.713385073773;(((pow2(_a4_) + pow2(x)) + ((_a5_ + x) * x)) * (x * _a7_));{'d0': {'_a4_': 1.025369953365283, '_a5_': 1.2477188313923318, '_a7_': 1.6883804387810861, '_a0_': 1.0, '_a1_': 1.0, '_a2_': 1.0, '_a3_': 1.0, '_a6_': 1.0}};{'d0': 0.024905832919416598};-280.569866449044;39.57154815074903
7052;-98.6662127926614;(((pow2(_a4_) + pow2(x)) + ((_a5_ + _a3_) * x)) * (x * _a7_));{'d0': {'_a3_': -0.5846059697980734, '_a4_': 0.7250460463184947, '_a5_': 1.2084653832481984, '_a7_': 3.3767608820507595, '_a0_': 1.0, '_a1_': 1.0, '_a2_': 1.0, '_a6_': 1.0}};{'d0': 0.02490583291941691};-276.475521886821;39.57154815074903
7053;-98.6662127926614;(((pow2(_a4_) + pow2(x)) + ((_a5_ + _a3_) * x)) * (x * _a7_));{'d0': {'_a3_': -0.5846059697980734, '_a4_': 0.7250460463184947, '_a5_': 1.2084653832481984, '_a7_': 3.3767608820507595, '_a0_': 1.0, '_a1_': 1.0, '_a2_': 1.0, '_a6_': 1.0}};{'d0': 0.02490583291941691};-276.475521886821;39.57154815074903
7054;-98.6662127926614;(((pow2(_a4_) + pow2(x)) + ((_a5_ + _a3_) * x)) * (x * _a7_));{'d0': {'_a3_': -0.5846059697980734, '_a4_': 0.7250460463184947, '_a5_': 1.2084653832481984, '_a7_': 3.3767608820507595, '_a0_': 1.0, '_a1_': 1.0, '_a2_': 1.0, '_a6_': 1.0}};{'d0': 0.02490583291941691};-276.475521886821;39.57154815074903
7055;-98.6662127926614;(((pow2(_a4_) + pow2(x)) + ((_a5_ + _a3_) * x)) * (x * _a7_));{'d0': {'_a3_': -0.5846059697980734, '_a4_': 0.7250460463184947, '_a5_': 1.2084653832481984, '_a7_': 3.3767608820507595, '_a0_': 1.0, '_a1_': 1.0, '_a2_': 1.0, '_a6_': 1.0}};{'d0': 0.02490583291941691};-276.475521886821;39.57154815074903
7056;-98.6662127926614;(((pow2(_a4_) + pow2(x)) + ((_a5_ + _a3_) * x)) * (x * _a7_));{'d0': {'_a3_': -0.5846059697980734, '_a4_': 0.7250460463184947, '_a5_': 1.2084653832481984, '_a7_': 3.3767608820507595, '_a0_': 1.0, '_a1_': 1.0, '_a2_': 1.0, '_a6_': 1.0}};{'d0': 0.02490583291941691};-276.475521886821;39.57154815074903
7057;-98.6662127926614;(((pow2(_a4_) + pow2(x)) + ((_a5_ + _a3_) * x)) * (x * _a7_));{'d0': {'_a3_': -0.5846059697980734, '_a4_': 0.7250460463184947, '_a5_': 1.2084653832481984, '_a7_': 3.3767608820507595, '_a0_': 1.0, '_a1_': 1.0, '_a2_': 1.0, '_a6_': 1.0}};{'d0': 0.02490583291941691};-276.475521886821;39.57154815074903
7058;-98.6662127926614;(((pow2(_a4_) + pow2(x)) + ((_a5_ + _a3_) * x)) * (x * _a7_));{'d0': {'_a3_': -0.5846059697980734, '_a4_': 0.7250460463184947, '_a5_': 1.2084653832481984, '_a7_': 3.3767608820507595, '_a0_': 1.0, '_a1_': 1.0, '_a2_': 1.0, '_a6_': 1.0}};{'d0': 0.02490583291941691};-276.475521886821;39.57154815074903
7059;-100.833694356400;(((pow2((_a3_ + x)) * x) + (_a2_ * pow2((x * _a4_)))) / _a4_);{'d0': {'_a2_': -9.421129706898508, '_a3_': 0.7250460472441895, '_a4_': 0.2961417868580784, '_a0_': 1.0, '_a1_': 1.0, '_a5_': 1.0, '_a6_': 1.0, '_a7_': 1.0}};{'d0': 0.024905832919416605};-280.569866449044;39.45123886812139
7060;-100.833694356400;(((pow2((_a3_ + x)) * x) + (_a2_ * pow2((x * _a4_)))) / _a4_);{'d0': {'_a2_': -9.421129706898508, '_a3_': 0.7250460472441895, '_a4_': 0.2961417868580784, '_a0_': 1.0, '_a1_': 1.0, '_a5_': 1.0, '_a6_': 1.0, '_a7_': 1.0}};{'d0': 0.024905832919416605};-280.569866449044;39.45123886812139
7061;-100.833694356400;(((pow2((_a3_ + x)) * x) + (_a2_ * pow2((x * _a4_)))) / _a4_);{'d0': {'_a2_': -9.421129706898508, '_a3_': 0.7250460472441895, '_a4_': 0.2961417868580784, '_a0_': 1.0, '_a1_': 1.0, '_a5_': 1.0, '_a6_': 1.0, '_a7_': 1.0}};{'d0': 0.024905832919416605};-280.569866449044;39.45123886812139
7062;-100.833694356400;(((pow2((_a3_ + x)) * x) + (_a2_ * pow2((x * _a4_)))) / _a4_);{'d0': {'_a2_': -9.421129706898508, '_a3_': 0.7250460472441895, '_a4_': 0.2961417868580784, '_a0_': 1.0, '_a1_': 1.0, '_a5_': 1.0, '_a6_': 1.0, '_a7_': 1.0}};{'d0': 0.024905832919416605};-280.569866449044;39.45123886812139
7063;-100.833694356400;(((pow2((_a3_ + x)) * x) + (_a2_ * pow2((x * _a4_)))) / _a4_);{'d0': {'_a2_': -9.421129706898508, '_a3_': 0.7250460472441895, '_a4_': 0.2961417868580784, '_a0_': 1.0, '_a1_': 1.0, '_a5_': 1.0, '_a6_': 1.0, '_a7_': 1.0}};{'d0': 0.024905832919416605};-280.569866449044;39.45123886812139
7064;-106.633986122803;(((pow2(_a4_) + pow2(x)) + (_a6_ * x)) * (x * _a7_));{'d0': {'_a4_': 0.7250460468464354, '_a6_': 0.6238594154973289, '_a7_': 3.376760879698225, '_a0_': 1.0, '_a1_': 1.0, '_a2_': 1.0, '_a3_': 1.0, '_a5_': 1.0}};{'d0': 0.024905832919416587};-280.569866449044;33.650947101719034
7065;-106.633986122803;(((pow2(_a4_) + pow2(x)) + (_a6_ * x)) * (x * _a7_));{'d0': {'_a4_': 0.7250460468464354, '_a6_': 0.6238594154973289, '_a7_': 3.376760879698225, '_a0_': 1.0, '_a1_': 1.0, '_a2_': 1.0, '_a3_': 1.0, '_a5_': 1.0}};{'d0': 0.024905832919416587};-280.569866449044;33.650947101719034
7066;-100.833694356400;(((pow2((_a3_ + x)) * x) + (_a2_ * pow2((x * _a4_)))) / _a4_);{'d0': {'_a2_': -9.421129706898508, '_a3_': 0.7250460472441895, '_a4_': 0.2961417868580784, '_a0_': 1.0, '_a1_': 1.0, '_a5_': 1.0, '_a6_': 1.0, '_a7_': 1.0}};{'d0': 0.024905832919416605};-280.569866449044;39.45123886812139
7067;-100.833694356400;(((pow2((_a3_ + x)) * x) + (_a2_ * pow2((x * _a4_)))) / _a4_);{'d0': {'_a2_': -9.421129706898508, '_a3_': 0.7250460472441895, '_a4_': 0.2961417868580784, '_a0_': 1.0, '_a1_': 1.0, '_a5_': 1.0, '_a6_': 1.0, '_a7_': 1.0}};{'d0': 0.024905832919416605};-280.569866449044;39.45123886812139
7068;-106.633986122803;(((pow2(_a4_) + pow2(x)) + (_a6_ * x)) * (x * _a7_));{'d0': {'_a4_': 0.7250460468464354, '_a6_': 0.6238594154973289, '_a7_': 3.376760879698225, '_a0_': 1.0, '_a1_': 1.0, '_a2_': 1.0, '_a3_': 1.0, '_a5_': 1.0}};{'d0': 0.024905832919416587};-280.569866449044;33.650947101719034
7069;-106.633986122803;(((pow2(_a4_) + pow2(x)) + (_a6_ * x)) * (x * _a7_));{'d0': {'_a4_': 0.7250460468464354, '_a6_': 0.6238594154973289, '_a7_': 3.376760879698225, '_a0_': 1.0, '_a1_': 1.0, '_a2_': 1.0, '_a3_': 1.0, '_a5_': 1.0}};{'d0': 0.024905832919416587};-280.569866449044;33.650947101719034
7070;-106.633986122803;(((pow2(_a4_) + pow2(x)) + (_a6_ * x)) * (x * _a7_));{'d0': {'_a4_': 0.7250460468464354, '_a6_': 0.6238594154973289, '_a7_': 3.376760879698225, '_a0_': 1.0, '_a1_': 1.0, '_a2_': 1.0, '_a3_': 1.0, '_a5_': 1.0}};{'d0': 0.024905832919416587};-280.569866449044;33.650947101719034
7071;-106.633986122803;(((pow2(_a4_) + pow2(x)) + (_a6_ * x)) * (x * _a7_));{'d0': {'_a4_': 0.7250460468464354, '_a6_': 0.6238594154973289, '_a7_': 3.376760879698225, '_a0_': 1.0, '_a1_': 1.0, '_a2_': 1.0, '_a3_': 1.0, '_a5_': 1.0}};{'d0': 0.024905832919416587};-280.569866449044;33.650947101719034
7072;-106.633986122803;(((pow2(_a4_) + pow2(x)) + (_a6_ * x)) * (x * _a7_));{'d0': {'_a4_': 0.7250460468464354, '_a6_': 0.6238594154973289, '_a7_': 3.376760879698225, '_a0_': 1.0, '_a1_': 1.0, '_a2_': 1.0, '_a3_': 1.0, '_a5_': 1.0}};{'d0': 0.024905832919416587};-280.569866449044;33.650947101719034
7073;-106.633986122803;(((pow2(_a4_) + pow2(x)) + (_a6_ * x)) * (x * _a7_));{'d0': {'_a4_': 0.7250460468464354, '_a6_': 0.6238594154973289, '_a7_': 3.376760879698225, '_a0_': 1.0, '_a1_': 1.0, '_a2_': 1.0, '_a3_': 1.0, '_a5_': 1.0}};{'d0': 0.024905832919416587};-280.569866449044;33.650947101719034
7074;-106.633986122803;(((pow2(_a4_) + pow2(x)) + (_a6_ * x)) * (x * _a7_));{'d0': {'_a4_': 0.7250460468464354, '_a6_': 0.6238594154973289, '_a7_': 3.376760879698225, '_a0_': 1.0, '_a1_': 1.0, '_a2_': 1.0, '_a3_': 1.0, '_a5_': 1.0}};{'d0': 0.024905832919416587};-280.569866449044;33.650947101719034
7075;-106.633986122803;(((pow2(_a4_) + pow2(x)) + (_a6_ * x)) * (x * _a7_));{'d0': {'_a4_': 0.7250460468464354, '_a6_': 0.6238594154973289, '_a7_': 3.376760879698225, '_a0_': 1.0, '_a1_': 1.0, '_a2_': 1.0, '_a3_': 1.0, '_a5_': 1.0}};{'d0': 0.024905832919416587};-280.569866449044;33.650947101719034
7076;-106.633986122803;(((pow2(_a4_) + pow2(x)) + (_a6_ * x)) * (x * _a7_));{'d0': {'_a4_': 0.7250460468464354, '_a6_': 0.6238594154973289, '_a7_': 3.376760879698225, '_a0_': 1.0, '_a1_': 1.0, '_a2_': 1.0, '_a3_': 1.0, '_a5_': 1.0}};{'d0': 0.024905832919416587};-280.569866449044;33.650947101719034
7077;-106.633986122803;(((pow2(_a4_) + pow2(x)) + (_a6_ * x)) * (x * _a7_));{'d0': {'_a4_': 0.7250460468464354, '_a6_': 0.6238594154973289, '_a7_': 3.376760879698225, '_a0_': 1.0, '_a1_': 1.0, '_a2_': 1.0, '_a3_': 1.0, '_a5_': 1.0}};{'d0': 0.024905832919416587};-280.569866449044;33.650947101719034
7078;-100.833694356400;(((pow2((_a3_ + x)) * x) + (_a2_ * pow2((x * _a4_)))) / _a4_);{'d0': {'_a2_': -9.421129706898508, '_a3_': 0.7250460472441895, '_a4_': 0.2961417868580784, '_a0_': 1.0, '_a1_': 1.0, '_a5_': 1.0, '_a6_': 1.0, '_a7_': 1.0}};{'d0': 0.024905832919416605};-280.569866449044;39.45123886812139
7079;-100.833694356400;(((pow2((_a3_ + x)) * x) + (_a2_ * pow2((x * _a4_)))) / _a4_);{'d0': {'_a2_': -9.421129706898508, '_a3_': 0.7250460472441895, '_a4_': 0.2961417868580784, '_a0_': 1.0, '_a1_': 1.0, '_a5_': 1.0, '_a6_': 1.0, '_a7_': 1.0}};{'d0': 0.024905832919416605};-280.569866449044;39.45123886812139
7080;-100.833694356400;(((pow2((_a3_ + x)) * x) + (_a2_ * pow2((x * _a2_)))) / _a4_);{'d0': {'_a2_': -0.9383556126403162, '_a3_': 0.7250460472254632, '_a4_': 0.29614178684763537, '_a0_': 1.0, '_a1_': 1.0, '_a5_': 1.0, '_a6_': 1.0, '_a7_': 1.0}};{'d0': 0.024905832919416622};-280.569866449044;39.45123886812139
7081;-100.833694356400;(((pow2((_a3_ + x)) * x) + (_a2_ * pow2((x * _a2_)))) / _a4_);{'d0': {'_a2_': -0.9383556126403162, '_a3_': 0.7250460472254632, '_a4_': 0.29614178684763537, '_a0_': 1.0, '_a1_': 1.0, '_a5_': 1.0, '_a6_': 1.0, '_a7_': 1.0}};{'d0': 0.024905832919416622};-280.569866449044;39.45123886812139
7082;-100.833694356400;(((pow2((_a3_ + x)) * x) + (_a2_ * pow2((x * _a2_)))) / _a4_);{'d0': {'_a2_': -0.9383556126403162, '_a3_': 0.7250460472254632, '_a4_': 0.29614178684763537, '_a0_': 1.0, '_a1_': 1.0, '_a5_': 1.0, '_a6_': 1.0, '_a7_': 1.0}};{'d0': 0.024905832919416622};-280.569866449044;39.45123886812139
7083;-100.833694356400;(((pow2((_a3_ + x)) * x) + (_a2_ * pow2((x * _a2_)))) / _a4_);{'d0': {'_a2_': -0.9383556126403162, '_a3_': 0.7250460472254632, '_a4_': 0.29614178684763537, '_a0_': 1.0, '_a1_': 1.0, '_a5_': 1.0, '_a6_': 1.0, '_a7_': 1.0}};{'d0': 0.024905832919416622};-280.569866449044;39.45123886812139
7084;-100.833694356400;(((pow2((_a3_ + x)) * x) + (_a2_ * pow2((x * _a2_)))) / _a4_);{'d0': {'_a2_': -0.9383556126403162, '_a3_': 0.7250460472254632, '_a4_': 0.29614178684763537, '_a0_': 1.0, '_a1_': 1.0, '_a5_': 1.0, '_a6_': 1.0, '_a7_': 1.0}};{'d0': 0.024905832919416622};-280.569866449044;39.45123886812139
7085;-110.331920595413;(((_a0_ + pow2(x)) + (_a6_ * x)) * (x * _a7_));{'d0': {'_a0_': 0.525691770123265, '_a6_': 0.623859415592864, '_a7_': 3.37676087967222, '_a1_': 1.0, '_a2_': 1.0, '_a3_': 1.0, '_a4_': 1.0, '_a5_': 1.0}};{'d0': 0.0249058329194166};-280.569866449044;29.953012629109033
7086;-110.331920595413;(((_a0_ + pow2(x)) + (_a6_ * x)) * (x * _a7_));{'d0': {'_a0_': 0.525691770123265, '_a6_': 0.623859415592864, '_a7_': 3.37676087967222, '_a1_': 1.0, '_a2_': 1.0, '_a3_': 1.0, '_a4_': 1.0, '_a5_': 1.0}};{'d0': 0.0249058329194166};-280.569866449044;29.953012629109033
7087;-103.335408388845;(((_a0_ + pow2(x)) + (_a6_ * (x * _a1_))) * (x * _a7_));{'d0': {'_a0_': 0.525691770123265, '_a1_': 1.0, '_a6_': 0.623859415592864, '_a7_': 3.37676087967222, '_a2_': 1.0, '_a3_': 1.0, '_a4_': 1.0, '_a5_': 1.0}};{'d0': 0.0249058329194166};-276.475521886822;34.902352554566036
7088;-103.335408388845;(((_a0_ + pow2(x)) + (_a6_ * (x * _a1_))) * (x * _a7_));{'d0': {'_a0_': 0.525691770123265, '_a1_': 1.0, '_a6_': 0.623859415592864, '_a7_': 3.37676087967222, '_a2_': 1.0, '_a3_': 1.0, '_a4_': 1.0, '_a5_': 1.0}};{'d0': 0.0249058329194166};-276.475521886822;34.902352554566036
7089;-103.335408388845;(((_a0_ + pow2(x)) + (_a6_ * (x * _a1_))) * (x * _a7_));{'d0': {'_a0_': 0.525691770123265, '_a1_': 1.0, '_a6_': 0.623859415592864, '_a7_': 3.37676087967222, '_a2_': 1.0, '_a3_': 1.0, '_a4_': 1.0, '_a5_': 1.0}};{'d0': 0.0249058329194166};-276.475521886822;34.902352554566036
7090;-103.335408388845;(((_a0_ + pow2(x)) + (_a6_ * (x * _a1_))) * (x * _a7_));{'d0': {'_a0_': 0.525691770123265, '_a1_': 1.0, '_a6_': 0.623859415592864, '_a7_': 3.37676087967222, '_a2_': 1.0, '_a3_': 1.0, '_a4_': 1.0, '_a5_': 1.0}};{'d0': 0.0249058329194166};-276.475521886822;34.902352554566036
7091;-103.335408388845;(((_a0_ + pow2(x)) + (_a6_ * (x * _a1_))) * (x * _a7_));{'d0': {'_a0_': 0.525691770123265, '_a1_': 1.0, '_a6_': 0.623859415592864, '_a7_': 3.37676087967222, '_a2_': 1.0, '_a3_': 1.0, '_a4_': 1.0, '_a5_': 1.0}};{'d0': 0.0249058329194166};-276.475521886822;34.902352554566036
7092;-103.335408388845;(((_a0_ + pow2(x)) + (_a6_ * (x * _a1_))) * (x * _a7_));{'d0': {'_a0_': 0.525691770123265, '_a1_': 1.0, '_a6_': 0.623859415592864, '_a7_': 3.37676087967222, '_a2_': 1.0, '_a3_': 1.0, '_a4_': 1.0, '_a5_': 1.0}};{'d0': 0.0249058329194166};-276.475521886822;34.902352554566036
7093;-103.335408388845;(((_a0_ + pow2(x)) + (_a6_ * (x * _a1_))) * (x * _a7_));{'d0': {'_a0_': 0.525691770123265, '_a1_': 1.0, '_a6_': 0.623859415592864, '_a7_': 3.37676087967222, '_a2_': 1.0, '_a3_': 1.0, '_a4_': 1.0, '_a5_': 1.0}};{'d0': 0.0249058329194166};-276.475521886822;34.902352554566036
7094;-100.833694356400;(((pow2((_a3_ + x)) * x) + (x * pow2((x * _a2_)))) / _a4_);{'d0': {'_a2_': -2.098281484863571, '_a3_': 1.6852892057653337, '_a4_': 1.5999904574908985, '_a0_': 1.0, '_a1_': 1.0, '_a5_': 1.0, '_a6_': 1.0, '_a7_': 1.0}};{'d0': 0.024905832919416636};-280.569866449044;39.45123886812139
7095;-100.833694356400;(((pow2((_a3_ + x)) * x) + (x * pow2((x * _a2_)))) / _a4_);{'d0': {'_a2_': -2.098281484863571, '_a3_': 1.6852892057653337, '_a4_': 1.5999904574908985, '_a0_': 1.0, '_a1_': 1.0, '_a5_': 1.0, '_a6_': 1.0, '_a7_': 1.0}};{'d0': 0.024905832919416636};-280.569866449044;39.45123886812139
7096;-100.833694356400;(((pow2((_a3_ + x)) * x) + (x * pow2((x * _a2_)))) / _a4_);{'d0': {'_a2_': -2.098281484863571, '_a3_': 1.6852892057653337, '_a4_': 1.5999904574908985, '_a0_': 1.0, '_a1_': 1.0, '_a5_': 1.0, '_a6_': 1.0, '_a7_': 1.0}};{'d0': 0.024905832919416636};-280.569866449044;39.45123886812139
7097;-100.833694356400;(((pow2((_a3_ + x)) * x) + (x * pow2((x * _a2_)))) / _a4_);{'d0': {'_a2_': -2.098281484863571, '_a3_': 1.6852892057653337, '_a4_': 1.5999904574908985, '_a0_': 1.0, '_a1_': 1.0, '_a5_': 1.0, '_a6_': 1.0, '_a7_': 1.0}};{'d0': 0.024905832919416636};-280.569866449044;39.45123886812139
7098;-100.833694356400;(((pow2((_a3_ + x)) * x) + (x * pow2((x * _a2_)))) / _a4_);{'d0': {'_a2_': -2.098281484863571, '_a3_': 1.6852892057653337, '_a4_': 1.5999904574908985, '_a0_': 1.0, '_a1_': 1.0, '_a5_': 1.0, '_a6_': 1.0, '_a7_': 1.0}};{'d0': 0.024905832919416636};-280.569866449044;39.45123886812139
7099;-100.833694356400;(((pow2((_a3_ + x)) * x) + (x * pow2((x * _a2_)))) / _a4_);{'d0': {'_a2_': -2.098281484863571, '_a3_': 1.6852892057653337, '_a4_': 1.5999904574908985, '_a0_': 1.0, '_a1_': 1.0, '_a5_': 1.0, '_a6_': 1.0, '_a7_': 1.0}};{'d0': 0.024905832919416636};-280.569866449044;39.45123886812139
7100;-100.833694356400;(((pow2((_a3_ + x)) * x) + (x * pow2((x * _a2_)))) / _a4_);{'d0': {'_a2_': -2.098281484863571, '_a3_': 1.6852892057653337, '_a4_': 1.5999904574908985, '_a0_': 1.0, '_a1_': 1.0, '_a5_': 1.0, '_a6_': 1.0, '_a7_': 1.0}};{'d0': 0.024905832919416636};-280.569866449044;39.45123886812139
7101;-100.833694356400;(((pow2((_a3_ + x)) * x) + (x * pow2((x * _a2_)))) / _a4_);{'d0': {'_a2_': -2.098281484863571, '_a3_': 1.6852892057653337, '_a4_': 1.5999904574908985, '_a0_': 1.0, '_a1_': 1.0, '_a5_': 1.0, '_a6_': 1.0, '_a7_': 1.0}};{'d0': 0.024905832919416636};-280.569866449044;39.45123886812139
7102;-100.833694356400;(((pow2((_a3_ + x)) * x) + (x * pow2((x * _a2_)))) / _a4_);{'d0': {'_a2_': -2.098281484863571, '_a3_': 1.6852892057653337, '_a4_': 1.5999904574908985, '_a0_': 1.0, '_a1_': 1.0, '_a5_': 1.0, '_a6_': 1.0, '_a7_': 1.0}};{'d0': 0.024905832919416636};-280.569866449044;39.45123886812139
7103;-100.833694356400;(((pow2((_a3_ + x)) * x) + (x * pow2((x * _a2_)))) / _a4_);{'d0': {'_a2_': -2.098281484863571, '_a3_': 1.6852892057653337, '_a4_': 1.5999904574908985, '_a0_': 1.0, '_a1_': 1.0, '_a5_': 1.0, '_a6_': 1.0, '_a7_': 1.0}};{'d0': 0.024905832919416636};-280.569866449044;39.45123886812139
7104;-100.833694356400;(((pow2((_a3_ + x)) * x) + (x * pow2((x * _a2_)))) / _a4_);{'d0': {'_a2_': -2.098281484863571, '_a3_': 1.6852892057653337, '_a4_': 1.5999904574908985, '_a0_': 1.0, '_a1_': 1.0, '_a5_': 1.0, '_a6_': 1.0, '_a7_': 1.0}};{'d0': 0.024905832919416636};-280.569866449044;39.45123886812139
7105;-100.833694356400;(((pow2((_a3_ + x)) * x) + (x * pow2((x * _a2_)))) / _a4_);{'d0': {'_a2_': -2.098281484863571, '_a3_': 1.6852892057653337, '_a4_': 1.5999904574908985, '_a0_': 1.0, '_a1_': 1.0, '_a5_': 1.0, '_a6_': 1.0, '_a7_': 1.0}};{'d0': 0.024905832919416636};-280.569866449044;39.45123886812139
7106;-100.833694356400;(((pow2((_a3_ + x)) * x) + (x * pow2((x * _a2_)))) / _a4_);{'d0': {'_a2_': -2.098281484863571, '_a3_': 1.6852892057653337, '_a4_': 1.5999904574908985, '_a0_': 1.0, '_a1_': 1.0, '_a5_': 1.0, '_a6_': 1.0, '_a7_': 1.0}};{'d0': 0.024905832919416636};-280.569866449044;39.45123886812139
7107;-100.833694356400;(((pow2((_a3_ + x)) * x) + (x * pow2((x * _a2_)))) / _a4_);{'d0': {'_a2_': -2.098281484863571, '_a3_': 1.6852892057653337, '_a4_': 1.5999904574908985, '_a0_': 1.0, '_a1_': 1.0, '_a5_': 1.0, '_a6_': 1.0, '_a7_': 1.0}};{'d0': 0.024905832919416636};-280.569866449044;39.45123886812139
7108;-100.833694356400;(((pow2((_a3_ + x)) * x) + (x * pow2((x * _a2_)))) / _a4_);{'d0': {'_a2_': -2.098281484863571, '_a3_': 1.6852892057653337, '_a4_': 1.5999904574908985, '_a0_': 1.0, '_a1_': 1.0, '_a5_': 1.0, '_a6_': 1.0, '_a7_': 1.0}};{'d0': 0.024905832919416636};-280.569866449044;39.45123886812139
7109;-98.9647634326859;(_a0_ * (((_a0_ * (x * x)) + ((_a5_ * x) + _a6_)) * (_a6_ * x)));{'d0': {'_a0_': 1.8589014938847555, '_a5_': 1.159693199593071, '_a6_': 0.9772092173758339, '_a1_': 1.0, '_a2_': 1.0, '_a3_': 1.0, '_a4_': 1.0, '_a7_': 1.0}};{'d0': 0.024905832919416587};-280.569866449044;41.32016979183603
7110;-104.058817930787;(_a0_ * (((_a0_ * (x * x)) + ((_a5_ * x) + _a6_)) * x));{'d0': {'_a0_': 1.8375964950868546, '_a5_': 1.1464018757078822, '_a6_': 0.9660093547522853, '_a1_': 1.0, '_a2_': 1.0, '_a3_': 1.0, '_a4_': 1.0, '_a7_': 1.0}};{'d0': 0.024905832919416625};-280.569866449044;36.22611529373503
7111;-95.4763979426658;(_a0_ * (((_a0_ * (x * x)) + ((_a5_ * x) + tanh(_a2_))) * x));{'d0': {'_a0_': 1.83759649424311, '_a2_': 2.02883786890493, '_a5_': 1.1464018752962488, '_a1_': 1.0, '_a3_': 1.0, '_a4_': 1.0, '_a6_': 1.0, '_a7_': 1.0}};{'d0': 0.02490583291941663};-280.569866449044;44.808535281856024
7112;-104.058817930787;(_a0_ * (((_a0_ * (x * x)) + ((_a5_ * x) + _a4_)) * x));{'d0': {'_a0_': 1.837596495215612, '_a4_': 0.9660093543357973, '_a5_': 1.1464018753868048, '_a1_': 1.0, '_a2_': 1.0, '_a3_': 1.0, '_a6_': 1.0, '_a7_': 1.0}};{'d0': 0.024905832919416594};-280.569866449044;36.22611529373502
7113;-104.058817930787;(_a0_ * (((_a0_ * (x * x)) + ((_a5_ * x) + _a4_)) * x));{'d0': {'_a0_': 1.837596495215612, '_a4_': 0.9660093543357973, '_a5_': 1.1464018753868048, '_a1_': 1.0, '_a2_': 1.0, '_a3_': 1.0, '_a6_': 1.0, '_a7_': 1.0}};{'d0': 0.024905832919416594};-280.569866449044;36.22611529373502
7114;-104.058817930787;(_a0_ * (((_a0_ * (x * x)) + ((_a5_ * x) + _a4_)) * x));{'d0': {'_a0_': 1.837596495215612, '_a4_': 0.9660093543357973, '_a5_': 1.1464018753868048, '_a1_': 1.0, '_a2_': 1.0, '_a3_': 1.0, '_a6_': 1.0, '_a7_': 1.0}};{'d0': 0.024905832919416594};-280.569866449044;36.22611529373502
7115;-104.058817930787;(_a0_ * (((_a0_ * (x * x)) + ((_a5_ * x) + _a4_)) * x));{'d0': {'_a0_': 1.837596495215612, '_a4_': 0.9660093543357973, '_a5_': 1.1464018753868048, '_a1_': 1.0, '_a2_': 1.0, '_a3_': 1.0, '_a6_': 1.0, '_a7_': 1.0}};{'d0': 0.024905832919416594};-280.569866449044;36.22611529373502
7116;-104.058817930787;(_a0_ * (((_a0_ * (x * x)) + ((_a5_ * x) + _a4_)) * x));{'d0': {'_a0_': 1.837596495215612, '_a4_': 0.9660093543357973, '_a5_': 1.1464018753868048, '_a1_': 1.0, '_a2_': 1.0, '_a3_': 1.0, '_a6_': 1.0, '_a7_': 1.0}};{'d0': 0.024905832919416594};-280.569866449044;36.22611529373502
7117;-104.058817930787;(_a0_ * (((_a0_ * (x * x)) + ((_a5_ * x) + _a4_)) * x));{'d0': {'_a0_': 1.837596495215612, '_a4_': 0.9660093543357973, '_a5_': 1.1464018753868048, '_a1_': 1.0, '_a2_': 1.0, '_a3_': 1.0, '_a6_': 1.0, '_a7_': 1.0}};{'d0': 0.024905832919416594};-280.569866449044;36.22611529373502
7118;-104.058817930787;(_a0_ * (((_a0_ * (x * x)) + ((_a5_ * x) + _a4_)) * x));{'d0': {'_a0_': 1.837596495215612, '_a4_': 0.9660093543357973, '_a5_': 1.1464018753868048, '_a1_': 1.0, '_a2_': 1.0, '_a3_': 1.0, '_a6_': 1.0, '_a7_': 1.0}};{'d0': 0.024905832919416594};-280.569866449044;36.22611529373502
7119;-104.058817930787;(_a0_ * (((_a0_ * (x * x)) + ((_a5_ * x) + _a4_)) * x));{'d0': {'_a0_': 1.837596495215612, '_a4_': 0.9660093543357973, '_a5_': 1.1464018753868048, '_a1_': 1.0, '_a2_': 1.0, '_a3_': 1.0, '_a6_': 1.0, '_a7_': 1.0}};{'d0': 0.024905832919416594};-280.569866449044;36.22611529373502
7120;-104.058817930787;(_a0_ * (((_a0_ * (x * x)) + ((_a5_ * x) + _a4_)) * x));{'d0': {'_a0_': 1.837596495215612, '_a4_': 0.9660093543357973, '_a5_': 1.1464018753868048, '_a1_': 1.0, '_a2_': 1.0, '_a3_': 1.0, '_a6_': 1.0, '_a7_': 1.0}};{'d0': 0.024905832919416594};-280.569866449044;36.22611529373502
7121;-104.058817930787;(_a0_ * (((_a0_ * (x * x)) + ((_a5_ * x) + _a4_)) * x));{'d0': {'_a0_': 1.837596495215612, '_a4_': 0.9660093543357973, '_a5_': 1.1464018753868048, '_a1_': 1.0, '_a2_': 1.0, '_a3_': 1.0, '_a6_': 1.0, '_a7_': 1.0}};{'d0': 0.024905832919416594};-280.569866449044;36.22611529373502
7122;-104.058817930787;(_a0_ * (((_a0_ * (x * x)) + ((_a5_ * x) + _a4_)) * x));{'d0': {'_a0_': 1.837596495215612, '_a4_': 0.9660093543357973, '_a5_': 1.1464018753868048, '_a1_': 1.0, '_a2_': 1.0, '_a3_': 1.0, '_a6_': 1.0, '_a7_': 1.0}};{'d0': 0.024905832919416594};-280.569866449044;36.22611529373502
7123;-104.058817930787;(_a0_ * (((_a0_ * (x * x)) + ((_a5_ * x) + _a4_)) * x));{'d0': {'_a0_': 1.837596495215612, '_a4_': 0.9660093543357973, '_a5_': 1.1464018753868048, '_a1_': 1.0, '_a2_': 1.0, '_a3_': 1.0, '_a6_': 1.0, '_a7_': 1.0}};{'d0': 0.024905832919416594};-280.569866449044;36.22611529373502
7124;-104.058817930787;(_a0_ * (((_a0_ * (x * x)) + ((_a5_ * x) + _a4_)) * x));{'d0': {'_a0_': 1.837596495215612, '_a4_': 0.9660093543357973, '_a5_': 1.1464018753868048, '_a1_': 1.0, '_a2_': 1.0, '_a3_': 1.0, '_a6_': 1.0, '_a7_': 1.0}};{'d0': 0.024905832919416594};-280.569866449044;36.22611529373502
7125;-104.058817930787;(_a0_ * (((_a0_ * (x * x)) + ((_a5_ * x) + _a4_)) * x));{'d0': {'_a0_': 1.837596495215612, '_a4_': 0.9660093543357973, '_a5_': 1.1464018753868048, '_a1_': 1.0, '_a2_': 1.0, '_a3_': 1.0, '_a6_': 1.0, '_a7_': 1.0}};{'d0': 0.024905832919416594};-280.569866449044;36.22611529373502
7126;-104.058817930787;(_a0_ * (((_a0_ * (x * x)) + ((_a5_ * x) + _a4_)) * x));{'d0': {'_a0_': 1.837596495215612, '_a4_': 0.9660093543357973, '_a5_': 1.1464018753868048, '_a1_': 1.0, '_a2_': 1.0, '_a3_': 1.0, '_a6_': 1.0, '_a7_': 1.0}};{'d0': 0.024905832919416594};-280.569866449044;36.22611529373502
7127;-104.058817930787;(_a0_ * (((_a0_ * (x * x)) + ((_a5_ * x) + _a4_)) * x));{'d0': {'_a0_': 1.837596495215612, '_a4_': 0.9660093543357973, '_a5_': 1.1464018753868048, '_a1_': 1.0, '_a2_': 1.0, '_a3_': 1.0, '_a6_': 1.0, '_a7_': 1.0}};{'d0': 0.024905832919416594};-280.569866449044;36.22611529373502
7128;-104.058817930787;(_a0_ * (((_a0_ * (x * x)) + ((_a5_ * x) + _a4_)) * x));{'d0': {'_a0_': 1.837596495215612, '_a4_': 0.9660093543357973, '_a5_': 1.1464018753868048, '_a1_': 1.0, '_a2_': 1.0, '_a3_': 1.0, '_a6_': 1.0, '_a7_': 1.0}};{'d0': 0.024905832919416594};-280.569866449044;36.22611529373502
7129;-104.058817930787;(_a0_ * (((_a0_ * (x * x)) + ((_a5_ * x) + _a4_)) * x));{'d0': {'_a0_': 1.837596495215612, '_a4_': 0.9660093543357973, '_a5_': 1.1464018753868048, '_a1_': 1.0, '_a2_': 1.0, '_a3_': 1.0, '_a6_': 1.0, '_a7_': 1.0}};{'d0': 0.024905832919416594};-280.569866449044;36.22611529373502
7130;-104.058817930787;(_a0_ * (((_a0_ * (x * x)) + ((_a5_ * x) + _a4_)) * x));{'d0': {'_a0_': 1.837596495215612, '_a4_': 0.9660093543357973, '_a5_': 1.1464018753868048, '_a1_': 1.0, '_a2_': 1.0, '_a3_': 1.0, '_a6_': 1.0, '_a7_': 1.0}};{'d0': 0.024905832919416594};-280.569866449044;36.22611529373502
7131;-104.058817930787;(_a0_ * (((_a0_ * (x * x)) + ((_a5_ * x) + _a4_)) * x));{'d0': {'_a0_': 1.837596495215612, '_a4_': 0.9660093543357973, '_a5_': 1.1464018753868048, '_a1_': 1.0, '_a2_': 1.0, '_a3_': 1.0, '_a6_': 1.0, '_a7_': 1.0}};{'d0': 0.024905832919416594};-280.569866449044;36.22611529373502
7132;-104.058817930787;(_a0_ * (((_a0_ * (x * x)) + ((_a5_ * x) + _a4_)) * x));{'d0': {'_a0_': 1.837596495215612, '_a4_': 0.9660093543357973, '_a5_': 1.1464018753868048, '_a1_': 1.0, '_a2_': 1.0, '_a3_': 1.0, '_a6_': 1.0, '_a7_': 1.0}};{'d0': 0.024905832919416594};-280.569866449044;36.22611529373502
7133;-104.058817930787;(_a0_ * (((_a0_ * (x * x)) + ((_a5_ * x) + _a4_)) * x));{'d0': {'_a0_': 1.837596495215612, '_a4_': 0.9660093543357973, '_a5_': 1.1464018753868048, '_a1_': 1.0, '_a2_': 1.0, '_a3_': 1.0, '_a6_': 1.0, '_a7_': 1.0}};{'d0': 0.024905832919416594};-280.569866449044;36.22611529373502
7134;-104.058817930787;(_a0_ * (((_a0_ * (x * x)) + ((_a5_ * x) + _a4_)) * x));{'d0': {'_a0_': 1.837596495215612, '_a4_': 0.9660093543357973, '_a5_': 1.1464018753868048, '_a1_': 1.0, '_a2_': 1.0, '_a3_': 1.0, '_a6_': 1.0, '_a7_': 1.0}};{'d0': 0.024905832919416594};-280.569866449044;36.22611529373502
7135;-104.058817930787;(_a0_ * (((_a0_ * (x * x)) + ((_a5_ * x) + _a4_)) * x));{'d0': {'_a0_': 1.837596495215612, '_a4_': 0.9660093543357973, '_a5_': 1.1464018753868048, '_a1_': 1.0, '_a2_': 1.0, '_a3_': 1.0, '_a6_': 1.0, '_a7_': 1.0}};{'d0': 0.024905832919416594};-280.569866449044;36.22611529373502
7136;-97.7674265185260;((((pow2((_a3_ + x)) * x) + (x * pow2(_a2_))) / _a4_) + _a5_);{'d0': {'_a2_': -0.6535584629828504, '_a3_': 0.3122755601968381, '_a4_': 0.295637767814009, '_a5_': -0.0010241134725158978, '_a0_': 1.0, '_a1_': 1.0, '_a6_': 1.0, '_a7_': 1.0}};{'d0': 0.024885482501961306};-276.524567593085;40.49485727801639
7137;-97.7674265185260;((((pow2((_a3_ + x)) * x) + (x * pow2(_a2_))) / _a4_) + _a5_);{'d0': {'_a2_': -0.6535584629828504, '_a3_': 0.3122755601968381, '_a4_': 0.295637767814009, '_a5_': -0.0010241134725158978, '_a0_': 1.0, '_a1_': 1.0, '_a6_': 1.0, '_a7_': 1.0}};{'d0': 0.024885482501961306};-276.524567593085;40.49485727801639
7138;-97.7674265185260;((((pow2((_a3_ + x)) * x) + (x * pow2(_a2_))) / _a4_) + _a5_);{'d0': {'_a2_': -0.6535584629828504, '_a3_': 0.3122755601968381, '_a4_': 0.295637767814009, '_a5_': -0.0010241134725158978, '_a0_': 1.0, '_a1_': 1.0, '_a6_': 1.0, '_a7_': 1.0}};{'d0': 0.024885482501961306};-276.524567593085;40.49485727801639
7139;-97.7674265185260;((((pow2((_a3_ + x)) * x) + (x * pow2(_a2_))) / _a4_) + _a5_);{'d0': {'_a2_': -0.6535584629828504, '_a3_': 0.3122755601968381, '_a4_': 0.295637767814009, '_a5_': -0.0010241134725158978, '_a0_': 1.0, '_a1_': 1.0, '_a6_': 1.0, '_a7_': 1.0}};{'d0': 0.024885482501961306};-276.524567593085;40.49485727801639
7140;-97.7674265185260;((((pow2((_a3_ + x)) * x) + (x * pow2(_a2_))) / _a4_) + _a5_);{'d0': {'_a2_': -0.6535584629828504, '_a3_': 0.3122755601968381, '_a4_': 0.295637767814009, '_a5_': -0.0010241134725158978, '_a0_': 1.0, '_a1_': 1.0, '_a6_': 1.0, '_a7_': 1.0}};{'d0': 0.024885482501961306};-276.524567593085;40.49485727801639
7141;-97.7674265185260;((((pow2((_a3_ + x)) * x) + (x * pow2(_a2_))) / _a4_) + _a5_);{'d0': {'_a2_': -0.6535584629828504, '_a3_': 0.3122755601968381, '_a4_': 0.295637767814009, '_a5_': -0.0010241134725158978, '_a0_': 1.0, '_a1_': 1.0, '_a6_': 1.0, '_a7_': 1.0}};{'d0': 0.024885482501961306};-276.524567593085;40.49485727801639
7142;-97.7674265185260;((((pow2((_a3_ + x)) * x) + (x * pow2(_a2_))) / _a4_) + _a5_);{'d0': {'_a2_': -0.6535584629828504, '_a3_': 0.3122755601968381, '_a4_': 0.295637767814009, '_a5_': -0.0010241134725158978, '_a0_': 1.0, '_a1_': 1.0, '_a6_': 1.0, '_a7_': 1.0}};{'d0': 0.024885482501961306};-276.524567593085;40.49485727801639
7143;-97.7674265185260;((((pow2((_a3_ + x)) * x) + (x * pow2(_a2_))) / _a4_) + _a5_);{'d0': {'_a2_': -0.6535584629828504, '_a3_': 0.3122755601968381, '_a4_': 0.295637767814009, '_a5_': -0.0010241134725158978, '_a0_': 1.0, '_a1_': 1.0, '_a6_': 1.0, '_a7_': 1.0}};{'d0': 0.024885482501961306};-276.524567593085;40.49485727801639
7144;-97.7674265185260;((((pow2((_a3_ + x)) * x) + (x * pow2(_a2_))) / _a4_) + _a5_);{'d0': {'_a2_': -0.6535584629828504, '_a3_': 0.3122755601968381, '_a4_': 0.295637767814009, '_a5_': -0.0010241134725158978, '_a0_': 1.0, '_a1_': 1.0, '_a6_': 1.0, '_a7_': 1.0}};{'d0': 0.024885482501961306};-276.524567593085;40.49485727801639
7145;-101.465360991248;((((pow2((_a3_ + x)) * x) + (x * _a0_)) / _a4_) + _a5_);{'d0': {'_a0_': 0.42713856803915906, '_a3_': 0.3122755869920422, '_a4_': 0.29563772897762797, '_a5_': -0.0010241926706060606, '_a1_': 1.0, '_a2_': 1.0, '_a6_': 1.0, '_a7_': 1.0}};{'d0': 0.02488548250186848};-276.524567593309;36.79692280540639
7146;-101.465360991248;((((pow2((_a3_ + x)) * x) + (x * _a0_)) / _a4_) + _a5_);{'d0': {'_a0_': 0.42713856803915906, '_a3_': 0.3122755869920422, '_a4_': 0.29563772897762797, '_a5_': -0.0010241926706060606, '_a1_': 1.0, '_a2_': 1.0, '_a6_': 1.0, '_a7_': 1.0}};{'d0': 0.02488548250186848};-276.524567593309;36.79692280540639
7147;-109.408611468145;(((pow2((_a3_ + x)) * x) + (x * _a0_)) / _a4_);{'d0': {'_a0_': 0.42839162769182815, '_a3_': 0.31192970777401374, '_a4_': 0.2961417867303697, '_a1_': 1.0, '_a2_': 1.0, '_a5_': 1.0, '_a6_': 1.0, '_a7_': 1.0}};{'d0': 0.024905832919416643};-280.569866449044;30.876321756376388
7148;-109.408611468145;(((pow2((_a3_ + x)) * x) + (x * _a0_)) / _a4_);{'d0': {'_a0_': 0.42839162769182815, '_a3_': 0.31192970777401374, '_a4_': 0.2961417867303697, '_a1_': 1.0, '_a2_': 1.0, '_a5_': 1.0, '_a6_': 1.0, '_a7_': 1.0}};{'d0': 0.024905832919416643};-280.569866449044;30.876321756376388
7149;-109.408611468145;(((pow2((_a3_ + x)) * x) + (x * _a0_)) / _a4_);{'d0': {'_a0_': 0.42839162769182815, '_a3_': 0.31192970777401374, '_a4_': 0.2961417867303697, '_a1_': 1.0, '_a2_': 1.0, '_a5_': 1.0, '_a6_': 1.0, '_a7_': 1.0}};{'d0': 0.024905832919416643};-280.569866449044;30.876321756376388
7150;-109.408611468145;(((pow2((_a3_ + x)) * x) + (x * _a0_)) / _a4_);{'d0': {'_a0_': 0.42839162769182815, '_a3_': 0.31192970777401374, '_a4_': 0.2961417867303697, '_a1_': 1.0, '_a2_': 1.0, '_a5_': 1.0, '_a6_': 1.0, '_a7_': 1.0}};{'d0': 0.024905832919416643};-280.569866449044;30.876321756376388
7151;-109.408611468145;(((pow2((_a3_ + x)) * x) + (x * _a0_)) / _a4_);{'d0': {'_a0_': 0.42839162769182815, '_a3_': 0.31192970777401374, '_a4_': 0.2961417867303697, '_a1_': 1.0, '_a2_': 1.0, '_a5_': 1.0, '_a6_': 1.0, '_a7_': 1.0}};{'d0': 0.024905832919416643};-280.569866449044;30.876321756376388
7152;-109.408611468145;(((pow2((_a3_ + x)) * x) + (x * _a0_)) / _a4_);{'d0': {'_a0_': 0.42839162769182815, '_a3_': 0.31192970777401374, '_a4_': 0.2961417867303697, '_a1_': 1.0, '_a2_': 1.0, '_a5_': 1.0, '_a6_': 1.0, '_a7_': 1.0}};{'d0': 0.024905832919416643};-280.569866449044;30.876321756376388
7153;-109.408611468145;(((pow2((_a3_ + x)) * x) + (x * _a0_)) / _a4_);{'d0': {'_a0_': 0.42839162769182815, '_a3_': 0.31192970777401374, '_a4_': 0.2961417867303697, '_a1_': 1.0, '_a2_': 1.0, '_a5_': 1.0, '_a6_': 1.0, '_a7_': 1.0}};{'d0': 0.024905832919416643};-280.569866449044;30.876321756376388
7154;-109.408611468145;(((pow2((_a3_ + x)) * x) + (x * _a0_)) / _a4_);{'d0': {'_a0_': 0.42839162769182815, '_a3_': 0.31192970777401374, '_a4_': 0.2961417867303697, '_a1_': 1.0, '_a2_': 1.0, '_a5_': 1.0, '_a6_': 1.0, '_a7_': 1.0}};{'d0': 0.024905832919416643};-280.569866449044;30.876321756376388
7155;-109.408611468145;(((pow2((_a3_ + x)) * x) + (x * _a0_)) / _a4_);{'d0': {'_a0_': 0.42839162769182815, '_a3_': 0.31192970777401374, '_a4_': 0.2961417867303697, '_a1_': 1.0, '_a2_': 1.0, '_a5_': 1.0, '_a6_': 1.0, '_a7_': 1.0}};{'d0': 0.024905832919416643};-280.569866449044;30.876321756376388
7156;-109.408611468145;(((pow2((_a3_ + x)) * x) + (x * _a0_)) / _a4_);{'d0': {'_a0_': 0.42839162769182815, '_a3_': 0.31192970777401374, '_a4_': 0.2961417867303697, '_a1_': 1.0, '_a2_': 1.0, '_a5_': 1.0, '_a6_': 1.0, '_a7_': 1.0}};{'d0': 0.024905832919416643};-280.569866449044;30.876321756376388
7157;-109.408611468145;(((pow2((_a3_ + x)) * x) + (x * _a0_)) / _a4_);{'d0': {'_a0_': 0.42839162769182815, '_a3_': 0.31192970777401374, '_a4_': 0.2961417867303697, '_a1_': 1.0, '_a2_': 1.0, '_a5_': 1.0, '_a6_': 1.0, '_a7_': 1.0}};{'d0': 0.024905832919416643};-280.569866449044;30.876321756376388
7158;-109.408611468145;(((pow2((_a3_ + x)) * x) + (x * _a0_)) / _a4_);{'d0': {'_a0_': 0.42839162769182815, '_a3_': 0.31192970777401374, '_a4_': 0.2961417867303697, '_a1_': 1.0, '_a2_': 1.0, '_a5_': 1.0, '_a6_': 1.0, '_a7_': 1.0}};{'d0': 0.024905832919416643};-280.569866449044;30.876321756376388
7159;-109.408611468145;(((pow2((_a3_ + x)) * x) + (x * _a0_)) / _a4_);{'d0': {'_a0_': 0.42839162769182815, '_a3_': 0.31192970777401374, '_a4_': 0.2961417867303697, '_a1_': 1.0, '_a2_': 1.0, '_a5_': 1.0, '_a6_': 1.0, '_a7_': 1.0}};{'d0': 0.024905832919416643};-280.569866449044;30.876321756376388
7160;-109.408611468145;(((pow2((_a3_ + x)) * x) + (x * _a0_)) / _a4_);{'d0': {'_a0_': 0.42839162769182815, '_a3_': 0.31192970777401374, '_a4_': 0.2961417867303697, '_a1_': 1.0, '_a2_': 1.0, '_a5_': 1.0, '_a6_': 1.0, '_a7_': 1.0}};{'d0': 0.024905832919416643};-280.569866449044;30.876321756376388
7161;-109.408611468145;(((pow2((_a3_ + x)) * x) + (x * _a0_)) / _a4_);{'d0': {'_a0_': 0.42839162769182815, '_a3_': 0.31192970777401374, '_a4_': 0.2961417867303697, '_a1_': 1.0, '_a2_': 1.0, '_a5_': 1.0, '_a6_': 1.0, '_a7_': 1.0}};{'d0': 0.024905832919416643};-280.569866449044;30.876321756376388
7162;-109.408611468145;(((pow2((_a3_ + x)) * x) + (x * _a0_)) / _a4_);{'d0': {'_a0_': 0.42839162769182815, '_a3_': 0.31192970777401374, '_a4_': 0.2961417867303697, '_a1_': 1.0, '_a2_': 1.0, '_a5_': 1.0, '_a6_': 1.0, '_a7_': 1.0}};{'d0': 0.024905832919416643};-280.569866449044;30.876321756376388
7163;-109.408611468145;(((pow2((_a3_ + x)) * x) + (x * _a0_)) / _a4_);{'d0': {'_a0_': 0.42839162769182815, '_a3_': 0.31192970777401374, '_a4_': 0.2961417867303697, '_a1_': 1.0, '_a2_': 1.0, '_a5_': 1.0, '_a6_': 1.0, '_a7_': 1.0}};{'d0': 0.024905832919416643};-280.569866449044;30.876321756376388
7164;-109.408611468145;(((pow2((_a3_ + x)) * x) + (x * _a0_)) / _a4_);{'d0': {'_a0_': 0.42839162769182815, '_a3_': 0.31192970777401374, '_a4_': 0.2961417867303697, '_a1_': 1.0, '_a2_': 1.0, '_a5_': 1.0, '_a6_': 1.0, '_a7_': 1.0}};{'d0': 0.024905832919416643};-280.569866449044;30.876321756376388
7165;-109.408611468145;(((pow2((_a3_ + x)) * x) + (x * _a0_)) / _a4_);{'d0': {'_a0_': 0.42839162769182815, '_a3_': 0.31192970777401374, '_a4_': 0.2961417867303697, '_a1_': 1.0, '_a2_': 1.0, '_a5_': 1.0, '_a6_': 1.0, '_a7_': 1.0}};{'d0': 0.024905832919416643};-280.569866449044;30.876321756376388
7166;-109.408611468145;(((pow2((_a3_ + x)) * x) + (x * _a0_)) / _a4_);{'d0': {'_a0_': 0.42839162769182815, '_a3_': 0.31192970777401374, '_a4_': 0.2961417867303697, '_a1_': 1.0, '_a2_': 1.0, '_a5_': 1.0, '_a6_': 1.0, '_a7_': 1.0}};{'d0': 0.024905832919416643};-280.569866449044;30.876321756376388
7167;-109.408611468145;(((pow2((_a3_ + x)) * x) + (x * _a0_)) / _a4_);{'d0': {'_a0_': 0.42839162769182815, '_a3_': 0.31192970777401374, '_a4_': 0.2961417867303697, '_a1_': 1.0, '_a2_': 1.0, '_a5_': 1.0, '_a6_': 1.0, '_a7_': 1.0}};{'d0': 0.024905832919416643};-280.569866449044;30.876321756376388
7168;-109.408611468145;(((pow2((_a3_ + x)) * x) + (x * _a0_)) / _a4_);{'d0': {'_a0_': 0.42839162769182815, '_a3_': 0.31192970777401374, '_a4_': 0.2961417867303697, '_a1_': 1.0, '_a2_': 1.0, '_a5_': 1.0, '_a6_': 1.0, '_a7_': 1.0}};{'d0': 0.024905832919416643};-280.569866449044;30.876321756376388
7169;-109.408611468145;(((pow2((_a3_ + x)) * x) + (x * _a0_)) / _a4_);{'d0': {'_a0_': 0.42839162769182815, '_a3_': 0.31192970777401374, '_a4_': 0.2961417867303697, '_a1_': 1.0, '_a2_': 1.0, '_a5_': 1.0, '_a6_': 1.0, '_a7_': 1.0}};{'d0': 0.024905832919416643};-280.569866449044;30.876321756376388
7170;-109.408611468145;(((pow2((_a3_ + x)) * x) + (x * _a0_)) / _a4_);{'d0': {'_a0_': 0.42839162769182815, '_a3_': 0.31192970777401374, '_a4_': 0.2961417867303697, '_a1_': 1.0, '_a2_': 1.0, '_a5_': 1.0, '_a6_': 1.0, '_a7_': 1.0}};{'d0': 0.024905832919416643};-280.569866449044;30.876321756376388
7171;-109.408611468145;(((pow2((_a3_ + x)) * x) + (x * _a0_)) / _a4_);{'d0': {'_a0_': 0.42839162769182815, '_a3_': 0.31192970777401374, '_a4_': 0.2961417867303697, '_a1_': 1.0, '_a2_': 1.0, '_a5_': 1.0, '_a6_': 1.0, '_a7_': 1.0}};{'d0': 0.024905832919416643};-280.569866449044;30.876321756376388
7172;-109.408611468145;(((pow2((_a3_ + x)) * x) + (x * _a0_)) / _a4_);{'d0': {'_a0_': 0.42839162769182815, '_a3_': 0.31192970777401374, '_a4_': 0.2961417867303697, '_a1_': 1.0, '_a2_': 1.0, '_a5_': 1.0, '_a6_': 1.0, '_a7_': 1.0}};{'d0': 0.024905832919416643};-280.569866449044;30.876321756376388
7173;-109.408611468145;(((pow2((_a3_ + x)) * x) + (x * _a0_)) / _a4_);{'d0': {'_a0_': 0.42839162769182815, '_a3_': 0.31192970777401374, '_a4_': 0.2961417867303697, '_a1_': 1.0, '_a2_': 1.0, '_a5_': 1.0, '_a6_': 1.0, '_a7_': 1.0}};{'d0': 0.024905832919416643};-280.569866449044;30.876321756376388
7174;-109.408611468145;(((pow2((_a3_ + x)) * x) + (x * _a0_)) / _a4_);{'d0': {'_a0_': 0.42839162769182815, '_a3_': 0.31192970777401374, '_a4_': 0.2961417867303697, '_a1_': 1.0, '_a2_': 1.0, '_a5_': 1.0, '_a6_': 1.0, '_a7_': 1.0}};{'d0': 0.024905832919416643};-280.569866449044;30.876321756376388
7175;-109.408611468145;(((pow2((_a3_ + x)) * x) + (x * _a0_)) / _a4_);{'d0': {'_a0_': 0.42839162769182815, '_a3_': 0.31192970777401374, '_a4_': 0.2961417867303697, '_a1_': 1.0, '_a2_': 1.0, '_a5_': 1.0, '_a6_': 1.0, '_a7_': 1.0}};{'d0': 0.024905832919416643};-280.569866449044;30.876321756376388
7176;-109.408611468145;(((pow2((_a3_ + x)) * x) + (x * _a0_)) / _a4_);{'d0': {'_a0_': 0.42839162769182815, '_a3_': 0.31192970777401374, '_a4_': 0.2961417867303697, '_a1_': 1.0, '_a2_': 1.0, '_a5_': 1.0, '_a6_': 1.0, '_a7_': 1.0}};{'d0': 0.024905832919416643};-280.569866449044;30.876321756376388
7177;-109.408611468145;(((pow2((_a3_ + x)) * x) + (x * _a0_)) / _a4_);{'d0': {'_a0_': 0.42839162769182815, '_a3_': 0.31192970777401374, '_a4_': 0.2961417867303697, '_a1_': 1.0, '_a2_': 1.0, '_a5_': 1.0, '_a6_': 1.0, '_a7_': 1.0}};{'d0': 0.024905832919416643};-280.569866449044;30.876321756376388
7178;-109.408611468145;(((pow2((_a3_ + x)) * x) + (x * _a0_)) / _a4_);{'d0': {'_a0_': 0.42839162769182815, '_a3_': 0.31192970777401374, '_a4_': 0.2961417867303697, '_a1_': 1.0, '_a2_': 1.0, '_a5_': 1.0, '_a6_': 1.0, '_a7_': 1.0}};{'d0': 0.024905832919416643};-280.569866449044;30.876321756376388
7179;-109.408611468145;(((pow2((_a3_ + x)) * x) + (x * _a0_)) / _a4_);{'d0': {'_a0_': 0.42839162769182815, '_a3_': 0.31192970777401374, '_a4_': 0.2961417867303697, '_a1_': 1.0, '_a2_': 1.0, '_a5_': 1.0, '_a6_': 1.0, '_a7_': 1.0}};{'d0': 0.024905832919416643};-280.569866449044;30.876321756376388
7180;-109.408611468145;(((pow2((_a3_ + x)) * x) + (x * _a0_)) / _a4_);{'d0': {'_a0_': 0.42839162769182815, '_a3_': 0.31192970777401374, '_a4_': 0.2961417867303697, '_a1_': 1.0, '_a2_': 1.0, '_a5_': 1.0, '_a6_': 1.0, '_a7_': 1.0}};{'d0': 0.024905832919416643};-280.569866449044;30.876321756376388
7181;-109.408611468145;(((pow2((_a3_ + x)) * x) + (x * _a0_)) / _a4_);{'d0': {'_a0_': 0.42839162769182815, '_a3_': 0.31192970777401374, '_a4_': 0.2961417867303697, '_a1_': 1.0, '_a2_': 1.0, '_a5_': 1.0, '_a6_': 1.0, '_a7_': 1.0}};{'d0': 0.024905832919416643};-280.569866449044;30.876321756376388
7182;-109.408611468145;(((pow2((_a3_ + x)) * x) + (x * _a0_)) / _a4_);{'d0': {'_a0_': 0.42839162769182815, '_a3_': 0.31192970777401374, '_a4_': 0.2961417867303697, '_a1_': 1.0, '_a2_': 1.0, '_a5_': 1.0, '_a6_': 1.0, '_a7_': 1.0}};{'d0': 0.024905832919416643};-280.569866449044;30.876321756376388
7183;-109.408611468145;(((pow2((_a3_ + x)) * x) + (x * _a0_)) / _a4_);{'d0': {'_a0_': 0.42839162769182815, '_a3_': 0.31192970777401374, '_a4_': 0.2961417867303697, '_a1_': 1.0, '_a2_': 1.0, '_a5_': 1.0, '_a6_': 1.0, '_a7_': 1.0}};{'d0': 0.024905832919416643};-280.569866449044;30.876321756376388
7184;-109.408611468145;(((pow2((_a3_ + x)) * x) + (x * _a0_)) / _a4_);{'d0': {'_a0_': 0.42839162769182815, '_a3_': 0.31192970777401374, '_a4_': 0.2961417867303697, '_a1_': 1.0, '_a2_': 1.0, '_a5_': 1.0, '_a6_': 1.0, '_a7_': 1.0}};{'d0': 0.024905832919416643};-280.569866449044;30.876321756376388
7185;-109.408611468145;(((pow2((_a3_ + x)) * x) + (x * _a0_)) / _a4_);{'d0': {'_a0_': 0.42839162769182815, '_a3_': 0.31192970777401374, '_a4_': 0.2961417867303697, '_a1_': 1.0, '_a2_': 1.0, '_a5_': 1.0, '_a6_': 1.0, '_a7_': 1.0}};{'d0': 0.024905832919416643};-280.569866449044;30.876321756376388
7186;-109.408611468145;(((pow2((_a3_ + x)) * x) + (x * _a0_)) / _a4_);{'d0': {'_a0_': 0.42839162769182815, '_a3_': 0.31192970777401374, '_a4_': 0.2961417867303697, '_a1_': 1.0, '_a2_': 1.0, '_a5_': 1.0, '_a6_': 1.0, '_a7_': 1.0}};{'d0': 0.024905832919416643};-280.569866449044;30.876321756376388
7187;-109.408611468145;(((pow2((_a3_ + x)) * x) + (x * _a0_)) / _a4_);{'d0': {'_a0_': 0.42839162769182815, '_a3_': 0.31192970777401374, '_a4_': 0.2961417867303697, '_a1_': 1.0, '_a2_': 1.0, '_a5_': 1.0, '_a6_': 1.0, '_a7_': 1.0}};{'d0': 0.024905832919416643};-280.569866449044;30.876321756376388
7188;-109.408611468145;(((pow2((_a3_ + x)) * x) + (x * _a0_)) / _a4_);{'d0': {'_a0_': 0.42839162769182815, '_a3_': 0.31192970777401374, '_a4_': 0.2961417867303697, '_a1_': 1.0, '_a2_': 1.0, '_a5_': 1.0, '_a6_': 1.0, '_a7_': 1.0}};{'d0': 0.024905832919416643};-280.569866449044;30.876321756376388
7189;-109.408611468145;(((pow2((_a3_ + x)) * x) + (x * _a0_)) / _a4_);{'d0': {'_a0_': 0.42839162769182815, '_a3_': 0.31192970777401374, '_a4_': 0.2961417867303697, '_a1_': 1.0, '_a2_': 1.0, '_a5_': 1.0, '_a6_': 1.0, '_a7_': 1.0}};{'d0': 0.024905832919416643};-280.569866449044;30.876321756376388
7190;-109.408611468145;(((pow2((_a3_ + x)) * x) + (x * _a0_)) / _a4_);{'d0': {'_a0_': 0.42839162769182815, '_a3_': 0.31192970777401374, '_a4_': 0.2961417867303697, '_a1_': 1.0, '_a2_': 1.0, '_a5_': 1.0, '_a6_': 1.0, '_a7_': 1.0}};{'d0': 0.024905832919416643};-280.569866449044;30.876321756376388
7191;-109.408611468145;(((pow2((_a3_ + x)) * x) + (x * _a0_)) / _a4_);{'d0': {'_a0_': 0.42839162769182815, '_a3_': 0.31192970777401374, '_a4_': 0.2961417867303697, '_a1_': 1.0, '_a2_': 1.0, '_a5_': 1.0, '_a6_': 1.0, '_a7_': 1.0}};{'d0': 0.024905832919416643};-280.569866449044;30.876321756376388
7192;-109.408611468145;(((pow2((_a3_ + x)) * x) + (x * _a0_)) / _a4_);{'d0': {'_a0_': 0.42839162769182815, '_a3_': 0.31192970777401374, '_a4_': 0.2961417867303697, '_a1_': 1.0, '_a2_': 1.0, '_a5_': 1.0, '_a6_': 1.0, '_a7_': 1.0}};{'d0': 0.024905832919416643};-280.569866449044;30.876321756376388
7193;-109.408611468145;(((pow2((_a3_ + x)) * x) + (x * _a0_)) / _a4_);{'d0': {'_a0_': 0.42839162769182815, '_a3_': 0.31192970777401374, '_a4_': 0.2961417867303697, '_a1_': 1.0, '_a2_': 1.0, '_a5_': 1.0, '_a6_': 1.0, '_a7_': 1.0}};{'d0': 0.024905832919416643};-280.569866449044;30.876321756376388
7194;-109.408611468145;(((pow2((_a3_ + x)) * x) + (x * _a0_)) / _a4_);{'d0': {'_a0_': 0.42839162769182815, '_a3_': 0.31192970777401374, '_a4_': 0.2961417867303697, '_a1_': 1.0, '_a2_': 1.0, '_a5_': 1.0, '_a6_': 1.0, '_a7_': 1.0}};{'d0': 0.024905832919416643};-280.569866449044;30.876321756376388
7195;-109.408611468145;(((pow2((_a3_ + x)) * x) + (x * _a0_)) / _a4_);{'d0': {'_a0_': 0.42839162769182815, '_a3_': 0.31192970777401374, '_a4_': 0.2961417867303697, '_a1_': 1.0, '_a2_': 1.0, '_a5_': 1.0, '_a6_': 1.0, '_a7_': 1.0}};{'d0': 0.024905832919416643};-280.569866449044;30.876321756376388
7196;-109.408611468145;(((pow2((_a3_ + x)) * x) + (x * _a0_)) / _a4_);{'d0': {'_a0_': 0.42839162769182815, '_a3_': 0.31192970777401374, '_a4_': 0.2961417867303697, '_a1_': 1.0, '_a2_': 1.0, '_a5_': 1.0, '_a6_': 1.0, '_a7_': 1.0}};{'d0': 0.024905832919416643};-280.569866449044;30.876321756376388
7197;-105.710676995536;(((pow2((_a3_ + x)) * x) + (x * _a0_)) / pow2(_a7_));{'d0': {'_a0_': 0.42839162772648537, '_a3_': 0.3119297077713293, '_a7_': 0.5441891093594214, '_a1_': 1.0, '_a2_': 1.0, '_a4_': 1.0, '_a5_': 1.0, '_a6_': 1.0}};{'d0': 0.024905832919416556};-280.569866449044;34.574256228986386
7198;-105.710676995536;(((pow2((_a3_ + x)) * x) + (x * _a0_)) / pow2(_a7_));{'d0': {'_a0_': 0.42839162772648537, '_a3_': 0.3119297077713293, '_a7_': 0.5441891093594214, '_a1_': 1.0, '_a2_': 1.0, '_a4_': 1.0, '_a5_': 1.0, '_a6_': 1.0}};{'d0': 0.024905832919416556};-280.569866449044;34.574256228986386
7199;-105.710676995536;(((pow2((_a3_ + x)) * x) + (x * _a0_)) / pow2(_a7_));{'d0': {'_a0_': 0.42839162772648537, '_a3_': 0.3119297077713293, '_a7_': 0.5441891093594214, '_a1_': 1.0, '_a2_': 1.0, '_a4_': 1.0, '_a5_': 1.0, '_a6_': 1.0}};{'d0': 0.024905832919416556};-280.569866449044;34.574256228986386
7200;-105.710676995536;(((pow2((_a3_ + x)) * x) + (x * _a0_)) / pow2(_a7_));{'d0': {'_a0_': 0.42839162772648537, '_a3_': 0.3119297077713293, '_a7_': 0.5441891093594214, '_a1_': 1.0, '_a2_': 1.0, '_a4_': 1.0, '_a5_': 1.0, '_a6_': 1.0}};{'d0': 0.024905832919416556};-280.569866449044;34.574256228986386
7201;-105.710676995536;(((pow2((_a3_ + x)) * x) + (x * _a0_)) / pow2(_a7_));{'d0': {'_a0_': 0.42839162772648537, '_a3_': 0.3119297077713293, '_a7_': 0.5441891093594214, '_a1_': 1.0, '_a2_': 1.0, '_a4_': 1.0, '_a5_': 1.0, '_a6_': 1.0}};{'d0': 0.024905832919416556};-280.569866449044;34.574256228986386
7202;-105.710676995536;(((pow2((_a3_ + x)) * x) + (x * _a0_)) / pow2(_a7_));{'d0': {'_a0_': 0.42839162772648537, '_a3_': 0.3119297077713293, '_a7_': 0.5441891093594214, '_a1_': 1.0, '_a2_': 1.0, '_a4_': 1.0, '_a5_': 1.0, '_a6_': 1.0}};{'d0': 0.024905832919416556};-280.569866449044;34.574256228986386
7203;-105.710676995536;(((pow2((_a3_ + x)) * x) + (x * _a0_)) / pow2(_a7_));{'d0': {'_a0_': 0.42839162772648537, '_a3_': 0.3119297077713293, '_a7_': 0.5441891093594214, '_a1_': 1.0, '_a2_': 1.0, '_a4_': 1.0, '_a5_': 1.0, '_a6_': 1.0}};{'d0': 0.024905832919416556};-280.569866449044;34.574256228986386
7204;-105.710676995536;(((pow2((_a3_ + x)) * x) + (x * _a0_)) / pow2(_a7_));{'d0': {'_a0_': 0.42839162772648537, '_a3_': 0.3119297077713293, '_a7_': 0.5441891093594214, '_a1_': 1.0, '_a2_': 1.0, '_a4_': 1.0, '_a5_': 1.0, '_a6_': 1.0}};{'d0': 0.024905832919416556};-280.569866449044;34.574256228986386
7205;-105.710676995536;(((pow2((_a3_ + x)) * x) + (x * _a0_)) / pow2(_a7_));{'d0': {'_a0_': 0.42839162772648537, '_a3_': 0.3119297077713293, '_a7_': 0.5441891093594214, '_a1_': 1.0, '_a2_': 1.0, '_a4_': 1.0, '_a5_': 1.0, '_a6_': 1.0}};{'d0': 0.024905832919416556};-280.569866449044;34.574256228986386
7206;-105.710676995536;(((pow2((_a3_ + x)) * x) + (x * _a0_)) / pow2(_a7_));{'d0': {'_a0_': 0.42839162772648537, '_a3_': 0.3119297077713293, '_a7_': 0.5441891093594214, '_a1_': 1.0, '_a2_': 1.0, '_a4_': 1.0, '_a5_': 1.0, '_a6_': 1.0}};{'d0': 0.024905832919416556};-280.569866449044;34.574256228986386
7207;-104.411319546383;(((_a6_ + pow2(x)) + (_a6_ + (x * _a0_))) * (x * _a7_));{'d0': {'_a0_': 0.623859415471349, '_a6_': 0.26284588517033514, '_a7_': 3.3767608781867144, '_a1_': 1.0, '_a2_': 1.0, '_a3_': 1.0, '_a4_': 1.0, '_a5_': 1.0}};{'d0': 0.02490583291941661};-280.569866449044;35.87361367813904
7208;-104.411319546383;(((_a6_ + pow2(x)) + (_a6_ + (x * _a0_))) * (x * _a7_));{'d0': {'_a0_': 0.623859415471349, '_a6_': 0.26284588517033514, '_a7_': 3.3767608781867144, '_a1_': 1.0, '_a2_': 1.0, '_a3_': 1.0, '_a4_': 1.0, '_a5_': 1.0}};{'d0': 0.02490583291941661};-280.569866449044;35.87361367813904
7209;-105.710676995536;(((pow2((_a3_ + x)) * x) + (x * _a0_)) / pow2(_a7_));{'d0': {'_a0_': 0.42839162772648537, '_a3_': 0.3119297077713293, '_a7_': 0.5441891093594214, '_a1_': 1.0, '_a2_': 1.0, '_a4_': 1.0, '_a5_': 1.0, '_a6_': 1.0}};{'d0': 0.024905832919416556};-280.569866449044;34.574256228986386
7210;-105.710676995536;(((pow2((_a3_ + x)) * x) + (x * _a0_)) / pow2(_a7_));{'d0': {'_a0_': 0.42839162772648537, '_a3_': 0.3119297077713293, '_a7_': 0.5441891093594214, '_a1_': 1.0, '_a2_': 1.0, '_a4_': 1.0, '_a5_': 1.0, '_a6_': 1.0}};{'d0': 0.024905832919416556};-280.569866449044;34.574256228986386
7211;-105.710676995536;(((pow2((_a3_ + x)) * x) + (x * _a0_)) / pow2(_a7_));{'d0': {'_a0_': 0.42839162772648537, '_a3_': 0.3119297077713293, '_a7_': 0.5441891093594214, '_a1_': 1.0, '_a2_': 1.0, '_a4_': 1.0, '_a5_': 1.0, '_a6_': 1.0}};{'d0': 0.024905832919416556};-280.569866449044;34.574256228986386
7212;-105.710676995536;(((pow2((_a3_ + x)) * x) + (x * _a0_)) / pow2(_a7_));{'d0': {'_a0_': 0.42839162772648537, '_a3_': 0.3119297077713293, '_a7_': 0.5441891093594214, '_a1_': 1.0, '_a2_': 1.0, '_a4_': 1.0, '_a5_': 1.0, '_a6_': 1.0}};{'d0': 0.024905832919416556};-280.569866449044;34.574256228986386
7213;-105.710676995536;(((pow2((_a3_ + x)) * x) + (x * _a0_)) / pow2(_a7_));{'d0': {'_a0_': 0.42839162772648537, '_a3_': 0.3119297077713293, '_a7_': 0.5441891093594214, '_a1_': 1.0, '_a2_': 1.0, '_a4_': 1.0, '_a5_': 1.0, '_a6_': 1.0}};{'d0': 0.024905832919416556};-280.569866449044;34.574256228986386
7214;-105.710676995536;(((pow2((_a3_ + x)) * x) + (x * _a0_)) / pow2(_a7_));{'d0': {'_a0_': 0.42839162772648537, '_a3_': 0.3119297077713293, '_a7_': 0.5441891093594214, '_a1_': 1.0, '_a2_': 1.0, '_a4_': 1.0, '_a5_': 1.0, '_a6_': 1.0}};{'d0': 0.024905832919416556};-280.569866449044;34.574256228986386
7215;-105.710676995536;(((pow2((_a3_ + x)) * x) + (x * _a0_)) / pow2(_a7_));{'d0': {'_a0_': 0.42839162772648537, '_a3_': 0.3119297077713293, '_a7_': 0.5441891093594214, '_a1_': 1.0, '_a2_': 1.0, '_a4_': 1.0, '_a5_': 1.0, '_a6_': 1.0}};{'d0': 0.024905832919416556};-280.569866449044;34.574256228986386
7216;-105.710676995536;(((pow2((_a3_ + x)) * x) + (x * _a0_)) / pow2(_a7_));{'d0': {'_a0_': 0.42839162772648537, '_a3_': 0.3119297077713293, '_a7_': 0.5441891093594214, '_a1_': 1.0, '_a2_': 1.0, '_a4_': 1.0, '_a5_': 1.0, '_a6_': 1.0}};{'d0': 0.024905832919416556};-280.569866449044;34.574256228986386
7217;-105.710676995536;(((pow2((_a3_ + x)) * x) + (x * _a0_)) / pow2(_a7_));{'d0': {'_a0_': 0.42839162772648537, '_a3_': 0.3119297077713293, '_a7_': 0.5441891093594214, '_a1_': 1.0, '_a2_': 1.0, '_a4_': 1.0, '_a5_': 1.0, '_a6_': 1.0}};{'d0': 0.024905832919416556};-280.569866449044;34.574256228986386
7218;-105.710676995536;(((pow2((_a3_ + x)) * x) + (x * _a0_)) / pow2(_a7_));{'d0': {'_a0_': 0.42839162772648537, '_a3_': 0.3119297077713293, '_a7_': 0.5441891093594214, '_a1_': 1.0, '_a2_': 1.0, '_a4_': 1.0, '_a5_': 1.0, '_a6_': 1.0}};{'d0': 0.024905832919416556};-280.569866449044;34.574256228986386
7219;-105.710676995536;(((pow2((_a3_ + x)) * x) + (x * _a0_)) / pow2(_a7_));{'d0': {'_a0_': 0.42839162772648537, '_a3_': 0.3119297077713293, '_a7_': 0.5441891093594214, '_a1_': 1.0, '_a2_': 1.0, '_a4_': 1.0, '_a5_': 1.0, '_a6_': 1.0}};{'d0': 0.024905832919416556};-280.569866449044;34.574256228986386
7220;-105.710676995536;(((pow2((_a3_ + x)) * x) + (x * _a0_)) / pow2(_a7_));{'d0': {'_a0_': 0.42839162772648537, '_a3_': 0.3119297077713293, '_a7_': 0.5441891093594214, '_a1_': 1.0, '_a2_': 1.0, '_a4_': 1.0, '_a5_': 1.0, '_a6_': 1.0}};{'d0': 0.024905832919416556};-280.569866449044;34.574256228986386
7221;-105.710676995536;(((pow2((_a3_ + x)) * x) + (x * _a0_)) / pow2(_a7_));{'d0': {'_a0_': 0.42839162772648537, '_a3_': 0.3119297077713293, '_a7_': 0.5441891093594214, '_a1_': 1.0, '_a2_': 1.0, '_a4_': 1.0, '_a5_': 1.0, '_a6_': 1.0}};{'d0': 0.024905832919416556};-280.569866449044;34.574256228986386
7222;-105.710676995536;(((pow2((_a3_ + x)) * x) + (x * _a0_)) / pow2(_a7_));{'d0': {'_a0_': 0.42839162772648537, '_a3_': 0.3119297077713293, '_a7_': 0.5441891093594214, '_a1_': 1.0, '_a2_': 1.0, '_a4_': 1.0, '_a5_': 1.0, '_a6_': 1.0}};{'d0': 0.024905832919416556};-280.569866449044;34.574256228986386
7223;-105.710676995536;(((pow2((_a3_ + x)) * x) + (x * _a0_)) / pow2(_a7_));{'d0': {'_a0_': 0.42839162772648537, '_a3_': 0.3119297077713293, '_a7_': 0.5441891093594214, '_a1_': 1.0, '_a2_': 1.0, '_a4_': 1.0, '_a5_': 1.0, '_a6_': 1.0}};{'d0': 0.024905832919416556};-280.569866449044;34.574256228986386
7224;-105.710676995536;(((pow2((_a3_ + x)) * x) + (x * _a0_)) / pow2(_a7_));{'d0': {'_a0_': 0.42839162772648537, '_a3_': 0.3119297077713293, '_a7_': 0.5441891093594214, '_a1_': 1.0, '_a2_': 1.0, '_a4_': 1.0, '_a5_': 1.0, '_a6_': 1.0}};{'d0': 0.024905832919416556};-280.569866449044;34.574256228986386
7225;-105.710676995536;(((pow2((_a3_ + x)) * x) + (x * _a0_)) / pow2(_a7_));{'d0': {'_a0_': 0.42839162772648537, '_a3_': 0.3119297077713293, '_a7_': 0.5441891093594214, '_a1_': 1.0, '_a2_': 1.0, '_a4_': 1.0, '_a5_': 1.0, '_a6_': 1.0}};{'d0': 0.024905832919416556};-280.569866449044;34.574256228986386
7226;-105.710676995536;(((pow2((_a3_ + x)) * x) + (x * _a0_)) / pow2(_a7_));{'d0': {'_a0_': 0.42839162772648537, '_a3_': 0.3119297077713293, '_a7_': 0.5441891093594214, '_a1_': 1.0, '_a2_': 1.0, '_a4_': 1.0, '_a5_': 1.0, '_a6_': 1.0}};{'d0': 0.024905832919416556};-280.569866449044;34.574256228986386
7227;-99.9704377767028;((((pow2((_a1_ + x)) + _a2_) * _a1_) * x) * pow2((_a6_ ** _a1_)));{'d0': {'_a1_': 0.311929708346095, '_a2_': 0.4283916289619591, '_a6_': 45.51302438833044, '_a0_': 1.0, '_a3_': 1.0, '_a4_': 1.0, '_a5_': 1.0, '_a7_': 1.0}};{'d0': 0.024905832919416667};-280.569866449044;40.31449544781899
7228;-99.9704377767028;((((pow2((_a1_ + x)) + _a2_) * _a1_) * x) * pow2((_a6_ ** _a1_)));{'d0': {'_a1_': 0.311929708346095, '_a2_': 0.4283916289619591, '_a6_': 45.51302438833044, '_a0_': 1.0, '_a3_': 1.0, '_a4_': 1.0, '_a5_': 1.0, '_a7_': 1.0}};{'d0': 0.024905832919416667};-280.569866449044;40.31449544781899
7229;-99.9704377767028;((((pow2((_a1_ + x)) + _a2_) * _a1_) * x) * pow2((_a6_ ** _a1_)));{'d0': {'_a1_': 0.311929708346095, '_a2_': 0.4283916289619591, '_a6_': 45.51302438833044, '_a0_': 1.0, '_a3_': 1.0, '_a4_': 1.0, '_a5_': 1.0, '_a7_': 1.0}};{'d0': 0.024905832919416667};-280.569866449044;40.31449544781899
7230;-99.9704377767028;((((pow2((_a1_ + x)) + _a2_) * _a1_) * x) * pow2((_a6_ ** _a1_)));{'d0': {'_a1_': 0.311929708346095, '_a2_': 0.4283916289619591, '_a6_': 45.51302438833044, '_a0_': 1.0, '_a3_': 1.0, '_a4_': 1.0, '_a5_': 1.0, '_a7_': 1.0}};{'d0': 0.024905832919416667};-280.569866449044;40.31449544781899
7231;-105.382580669956;(((_a6_ + pow2(x)) + (_a6_ * (x * _a0_))) * (x * _a7_));{'d0': {'_a0_': 1.1867399317790261, '_a6_': 0.525691770255739, '_a7_': 3.3767608789725534, '_a1_': 1.0, '_a2_': 1.0, '_a3_': 1.0, '_a4_': 1.0, '_a5_': 1.0}};{'d0': 0.024905832919416622};-280.569866449044;34.902352554566036
7232;-105.382580669956;(((_a6_ + pow2(x)) + (_a6_ * (x * _a0_))) * (x * _a7_));{'d0': {'_a0_': 1.1867399317790261, '_a6_': 0.525691770255739, '_a7_': 3.3767608789725534, '_a1_': 1.0, '_a2_': 1.0, '_a3_': 1.0, '_a4_': 1.0, '_a5_': 1.0}};{'d0': 0.024905832919416622};-280.569866449044;34.902352554566036
7233;-105.382580669956;(((_a6_ + pow2(x)) + (_a6_ * (x * _a0_))) * (x * _a7_));{'d0': {'_a0_': 1.1867399317790261, '_a6_': 0.525691770255739, '_a7_': 3.3767608789725534, '_a1_': 1.0, '_a2_': 1.0, '_a3_': 1.0, '_a4_': 1.0, '_a5_': 1.0}};{'d0': 0.024905832919416622};-280.569866449044;34.902352554566036
7234;-105.382580669956;(((_a6_ + pow2(x)) + (_a6_ * (x * _a0_))) * (x * _a7_));{'d0': {'_a0_': 1.1867399317790261, '_a6_': 0.525691770255739, '_a7_': 3.3767608789725534, '_a1_': 1.0, '_a2_': 1.0, '_a3_': 1.0, '_a4_': 1.0, '_a5_': 1.0}};{'d0': 0.024905832919416622};-280.569866449044;34.902352554566036
7235;-105.382580669956;(((_a6_ + pow2(x)) + (_a6_ * (x * _a0_))) * (x * _a7_));{'d0': {'_a0_': 1.1867399317790261, '_a6_': 0.525691770255739, '_a7_': 3.3767608789725534, '_a1_': 1.0, '_a2_': 1.0, '_a3_': 1.0, '_a4_': 1.0, '_a5_': 1.0}};{'d0': 0.024905832919416622};-280.569866449044;34.902352554566036
7236;-105.382580669956;(((_a6_ + pow2(x)) + (_a6_ * (x * _a0_))) * (x * _a7_));{'d0': {'_a0_': 1.1867399317790261, '_a6_': 0.525691770255739, '_a7_': 3.3767608789725534, '_a1_': 1.0, '_a2_': 1.0, '_a3_': 1.0, '_a4_': 1.0, '_a5_': 1.0}};{'d0': 0.024905832919416622};-280.569866449044;34.902352554566036
7237;-105.382580669956;(((_a6_ + pow2(x)) + (_a6_ * (x * _a0_))) * (x * _a7_));{'d0': {'_a0_': 1.1867399317790261, '_a6_': 0.525691770255739, '_a7_': 3.3767608789725534, '_a1_': 1.0, '_a2_': 1.0, '_a3_': 1.0, '_a4_': 1.0, '_a5_': 1.0}};{'d0': 0.024905832919416622};-280.569866449044;34.902352554566036
7238;-105.382580669956;(((_a6_ + pow2(x)) + (_a6_ * (x * _a0_))) * (x * _a7_));{'d0': {'_a0_': 1.1867399317790261, '_a6_': 0.525691770255739, '_a7_': 3.3767608789725534, '_a1_': 1.0, '_a2_': 1.0, '_a3_': 1.0, '_a4_': 1.0, '_a5_': 1.0}};{'d0': 0.024905832919416622};-280.569866449044;34.902352554566036
7239;-105.382580669956;(((_a6_ + pow2(x)) + (_a6_ * (x * _a0_))) * (x * _a7_));{'d0': {'_a0_': 1.1867399317790261, '_a6_': 0.525691770255739, '_a7_': 3.3767608789725534, '_a1_': 1.0, '_a2_': 1.0, '_a3_': 1.0, '_a4_': 1.0, '_a5_': 1.0}};{'d0': 0.024905832919416622};-280.569866449044;34.902352554566036
7240;-105.382580669956;(((_a6_ + pow2(x)) + (_a6_ * (x * _a0_))) * (x * _a7_));{'d0': {'_a0_': 1.1867399317790261, '_a6_': 0.525691770255739, '_a7_': 3.3767608789725534, '_a1_': 1.0, '_a2_': 1.0, '_a3_': 1.0, '_a4_': 1.0, '_a5_': 1.0}};{'d0': 0.024905832919416622};-280.569866449044;34.902352554566036
7241;-105.382580669956;(((_a6_ + pow2(x)) + (_a6_ * (x * _a0_))) * (x * _a7_));{'d0': {'_a0_': 1.1867399317790261, '_a6_': 0.525691770255739, '_a7_': 3.3767608789725534, '_a1_': 1.0, '_a2_': 1.0, '_a3_': 1.0, '_a4_': 1.0, '_a5_': 1.0}};{'d0': 0.024905832919416622};-280.569866449044;34.902352554566036
7242;-105.382580669956;(((_a6_ + pow2(x)) + (_a6_ * (x * _a0_))) * (x * _a7_));{'d0': {'_a0_': 1.1867399317790261, '_a6_': 0.525691770255739, '_a7_': 3.3767608789725534, '_a1_': 1.0, '_a2_': 1.0, '_a3_': 1.0, '_a4_': 1.0, '_a5_': 1.0}};{'d0': 0.024905832919416622};-280.569866449044;34.902352554566036
7243;-106.633986122803;((((pow2((_a1_ + x)) + _a2_) * _a1_) * x) * pow2(_a0_));{'d0': {'_a0_': 3.2901961102641786, '_a1_': 0.3119297078380271, '_a2_': 0.42839162781136775, '_a3_': 1.0, '_a4_': 1.0, '_a5_': 1.0, '_a6_': 1.0, '_a7_': 1.0}};{'d0': 0.024905832919416664};-280.569866449044;33.65094710171899
7244;-105.382580669956;(((_a6_ + pow2(x)) + (_a6_ * (x * _a0_))) * (x * _a7_));{'d0': {'_a0_': 1.1867399317790261, '_a6_': 0.525691770255739, '_a7_': 3.3767608789725534, '_a1_': 1.0, '_a2_': 1.0, '_a3_': 1.0, '_a4_': 1.0, '_a5_': 1.0}};{'d0': 0.024905832919416622};-280.569866449044;34.902352554566036
7245;-105.382580669956;(((_a6_ + pow2(x)) + (_a6_ * (x * _a0_))) * (x * _a7_));{'d0': {'_a0_': 1.1867399317790261, '_a6_': 0.525691770255739, '_a7_': 3.3767608789725534, '_a1_': 1.0, '_a2_': 1.0, '_a3_': 1.0, '_a4_': 1.0, '_a5_': 1.0}};{'d0': 0.024905832919416622};-280.569866449044;34.902352554566036
7246;-105.382580669956;(((_a6_ + pow2(x)) + (_a6_ * (x * _a0_))) * (x * _a7_));{'d0': {'_a0_': 1.1867399317790261, '_a6_': 0.525691770255739, '_a7_': 3.3767608789725534, '_a1_': 1.0, '_a2_': 1.0, '_a3_': 1.0, '_a4_': 1.0, '_a5_': 1.0}};{'d0': 0.024905832919416622};-280.569866449044;34.902352554566036
7247;-105.382580669956;(((_a6_ + pow2(x)) + (_a6_ * (x * _a0_))) * (x * _a7_));{'d0': {'_a0_': 1.1867399317790261, '_a6_': 0.525691770255739, '_a7_': 3.3767608789725534, '_a1_': 1.0, '_a2_': 1.0, '_a3_': 1.0, '_a4_': 1.0, '_a5_': 1.0}};{'d0': 0.024905832919416622};-280.569866449044;34.902352554566036
7248;-105.382580669956;(((_a6_ + pow2(x)) + (_a6_ * (x * _a0_))) * (x * _a7_));{'d0': {'_a0_': 1.1867399317790261, '_a6_': 0.525691770255739, '_a7_': 3.3767608789725534, '_a1_': 1.0, '_a2_': 1.0, '_a3_': 1.0, '_a4_': 1.0, '_a5_': 1.0}};{'d0': 0.024905832919416622};-280.569866449044;34.902352554566036
7249;-105.382580669956;(((_a6_ + pow2(x)) + (_a6_ * (x * _a0_))) * (x * _a7_));{'d0': {'_a0_': 1.1867399317790261, '_a6_': 0.525691770255739, '_a7_': 3.3767608789725534, '_a1_': 1.0, '_a2_': 1.0, '_a3_': 1.0, '_a4_': 1.0, '_a5_': 1.0}};{'d0': 0.024905832919416622};-280.569866449044;34.902352554566036
7250;-105.382580669956;(((_a6_ + pow2(x)) + (_a6_ * (x * _a0_))) * (x * _a7_));{'d0': {'_a0_': 1.1867399317790261, '_a6_': 0.525691770255739, '_a7_': 3.3767608789725534, '_a1_': 1.0, '_a2_': 1.0, '_a3_': 1.0, '_a4_': 1.0, '_a5_': 1.0}};{'d0': 0.024905832919416622};-280.569866449044;34.902352554566036
7251;-105.382580669956;(((_a6_ + pow2(x)) + (_a6_ * (x * _a0_))) * (x * _a7_));{'d0': {'_a0_': 1.1867399317790261, '_a6_': 0.525691770255739, '_a7_': 3.3767608789725534, '_a1_': 1.0, '_a2_': 1.0, '_a3_': 1.0, '_a4_': 1.0, '_a5_': 1.0}};{'d0': 0.024905832919416622};-280.569866449044;34.902352554566036
7252;-105.382580669956;(((_a6_ + pow2(x)) + (_a6_ * (x * _a0_))) * (x * _a7_));{'d0': {'_a0_': 1.1867399317790261, '_a6_': 0.525691770255739, '_a7_': 3.3767608789725534, '_a1_': 1.0, '_a2_': 1.0, '_a3_': 1.0, '_a4_': 1.0, '_a5_': 1.0}};{'d0': 0.024905832919416622};-280.569866449044;34.902352554566036
7253;-105.382580669956;(((_a6_ + pow2(x)) + (_a6_ * (x * _a0_))) * (x * _a7_));{'d0': {'_a0_': 1.1867399317790261, '_a6_': 0.525691770255739, '_a7_': 3.3767608789725534, '_a1_': 1.0, '_a2_': 1.0, '_a3_': 1.0, '_a4_': 1.0, '_a5_': 1.0}};{'d0': 0.024905832919416622};-280.569866449044;34.902352554566036
7254;-105.382580669956;(((_a6_ + pow2(x)) + (_a6_ * (x * _a0_))) * (x * _a7_));{'d0': {'_a0_': 1.1867399317790261, '_a6_': 0.525691770255739, '_a7_': 3.3767608789725534, '_a1_': 1.0, '_a2_': 1.0, '_a3_': 1.0, '_a4_': 1.0, '_a5_': 1.0}};{'d0': 0.024905832919416622};-280.569866449044;34.902352554566036
7255;-105.382580669956;(((_a6_ + pow2(x)) + (_a6_ * (x * _a0_))) * (x * _a7_));{'d0': {'_a0_': 1.1867399317790261, '_a6_': 0.525691770255739, '_a7_': 3.3767608789725534, '_a1_': 1.0, '_a2_': 1.0, '_a3_': 1.0, '_a4_': 1.0, '_a5_': 1.0}};{'d0': 0.024905832919416622};-280.569866449044;34.902352554566036
7256;-105.382580669956;(((_a6_ + pow2(x)) + (_a6_ * (x * _a0_))) * (x * _a7_));{'d0': {'_a0_': 1.1867399317790261, '_a6_': 0.525691770255739, '_a7_': 3.3767608789725534, '_a1_': 1.0, '_a2_': 1.0, '_a3_': 1.0, '_a4_': 1.0, '_a5_': 1.0}};{'d0': 0.024905832919416622};-280.569866449044;34.902352554566036
7257;-105.382580669956;(((_a6_ + pow2(x)) + (_a6_ * (x * _a0_))) * (x * _a7_));{'d0': {'_a0_': 1.1867399317790261, '_a6_': 0.525691770255739, '_a7_': 3.3767608789725534, '_a1_': 1.0, '_a2_': 1.0, '_a3_': 1.0, '_a4_': 1.0, '_a5_': 1.0}};{'d0': 0.024905832919416622};-280.569866449044;34.902352554566036
7258;-105.382580669956;(((_a6_ + pow2(x)) + (_a6_ * (x * _a0_))) * (x * _a7_));{'d0': {'_a0_': 1.1867399317790261, '_a6_': 0.525691770255739, '_a7_': 3.3767608789725534, '_a1_': 1.0, '_a2_': 1.0, '_a3_': 1.0, '_a4_': 1.0, '_a5_': 1.0}};{'d0': 0.024905832919416622};-280.569866449044;34.902352554566036
7259;-105.382580669956;(((_a6_ + pow2(x)) + (_a6_ * (x * _a0_))) * (x * _a7_));{'d0': {'_a0_': 1.1867399317790261, '_a6_': 0.525691770255739, '_a7_': 3.3767608789725534, '_a1_': 1.0, '_a2_': 1.0, '_a3_': 1.0, '_a4_': 1.0, '_a5_': 1.0}};{'d0': 0.024905832919416622};-280.569866449044;34.902352554566036
7260;-105.382580669956;(((_a6_ + pow2(x)) + (_a6_ * (x * _a0_))) * (x * _a7_));{'d0': {'_a0_': 1.1867399317790261, '_a6_': 0.525691770255739, '_a7_': 3.3767608789725534, '_a1_': 1.0, '_a2_': 1.0, '_a3_': 1.0, '_a4_': 1.0, '_a5_': 1.0}};{'d0': 0.024905832919416622};-280.569866449044;34.902352554566036
7261;-105.382580669956;(((_a6_ + pow2(x)) + (_a6_ * (x * _a0_))) * (x * _a7_));{'d0': {'_a0_': 1.1867399317790261, '_a6_': 0.525691770255739, '_a7_': 3.3767608789725534, '_a1_': 1.0, '_a2_': 1.0, '_a3_': 1.0, '_a4_': 1.0, '_a5_': 1.0}};{'d0': 0.024905832919416622};-280.569866449044;34.902352554566036
7262;-105.382580669956;(((_a6_ + pow2(x)) + (_a6_ * (x * _a0_))) * (x * _a7_));{'d0': {'_a0_': 1.1867399317790261, '_a6_': 0.525691770255739, '_a7_': 3.3767608789725534, '_a1_': 1.0, '_a2_': 1.0, '_a3_': 1.0, '_a4_': 1.0, '_a5_': 1.0}};{'d0': 0.024905832919416622};-280.569866449044;34.902352554566036
7263;-105.382580669956;(((_a6_ + pow2(x)) + (_a6_ * (x * _a0_))) * (x * _a7_));{'d0': {'_a0_': 1.1867399317790261, '_a6_': 0.525691770255739, '_a7_': 3.3767608789725534, '_a1_': 1.0, '_a2_': 1.0, '_a3_': 1.0, '_a4_': 1.0, '_a5_': 1.0}};{'d0': 0.024905832919416622};-280.569866449044;34.902352554566036
7264;-110.331920595413;((((pow2((_a1_ + x)) + _a2_) * _a2_) * x) * _a3_);{'d0': {'_a1_': 0.3119297081721344, '_a2_': 0.42839162892744076, '_a3_': 7.882415638652757, '_a0_': 1.0, '_a4_': 1.0, '_a5_': 1.0, '_a6_': 1.0, '_a7_': 1.0}};{'d0': 0.024905832919416653};-280.569866449044;29.95301262910899
7265;-110.331920595413;((((pow2((_a1_ + x)) + _a2_) * _a2_) * x) * _a3_);{'d0': {'_a1_': 0.3119297081721344, '_a2_': 0.42839162892744076, '_a3_': 7.882415638652757, '_a0_': 1.0, '_a4_': 1.0, '_a5_': 1.0, '_a6_': 1.0, '_a7_': 1.0}};{'d0': 0.024905832919416653};-280.569866449044;29.95301262910899
7266;-110.331920595413;((((pow2((_a1_ + x)) + _a2_) * _a2_) * x) * _a3_);{'d0': {'_a1_': 0.3119297081721344, '_a2_': 0.42839162892744076, '_a3_': 7.882415638652757, '_a0_': 1.0, '_a4_': 1.0, '_a5_': 1.0, '_a6_': 1.0, '_a7_': 1.0}};{'d0': 0.024905832919416653};-280.569866449044;29.95301262910899
7267;-110.331920595413;((((pow2((_a1_ + x)) + _a2_) * _a2_) * x) * _a3_);{'d0': {'_a1_': 0.3119297081721344, '_a2_': 0.42839162892744076, '_a3_': 7.882415638652757, '_a0_': 1.0, '_a4_': 1.0, '_a5_': 1.0, '_a6_': 1.0, '_a7_': 1.0}};{'d0': 0.024905832919416653};-280.569866449044;29.95301262910899
7268;-109.408611468145;((((pow2((_a1_ + x)) + _a2_) / _a2_) * x) * _a3_);{'d0': {'_a1_': 0.31192970776986445, '_a2_': 0.4283916280378229, '_a3_': 1.446576089659588, '_a0_': 1.0, '_a4_': 1.0, '_a5_': 1.0, '_a6_': 1.0, '_a7_': 1.0}};{'d0': 0.024905832919416594};-280.569866449044;30.876321756376388
7269;-109.408611468145;((((pow2((_a1_ + x)) + _a2_) / _a2_) * x) * _a3_);{'d0': {'_a1_': 0.31192970776986445, '_a2_': 0.4283916280378229, '_a3_': 1.446576089659588, '_a0_': 1.0, '_a4_': 1.0, '_a5_': 1.0, '_a6_': 1.0, '_a7_': 1.0}};{'d0': 0.024905832919416594};-280.569866449044;30.876321756376388
7270;-109.408611468145;((((pow2((_a1_ + x)) + _a2_) / _a2_) * x) * _a3_);{'d0': {'_a1_': 0.31192970776986445, '_a2_': 0.4283916280378229, '_a3_': 1.446576089659588, '_a0_': 1.0, '_a4_': 1.0, '_a5_': 1.0, '_a6_': 1.0, '_a7_': 1.0}};{'d0': 0.024905832919416594};-280.569866449044;30.876321756376388
7271;-109.408611468145;((((pow2((_a1_ + x)) + _a2_) / _a2_) * x) * _a3_);{'d0': {'_a1_': 0.31192970776986445, '_a2_': 0.4283916280378229, '_a3_': 1.446576089659588, '_a0_': 1.0, '_a4_': 1.0, '_a5_': 1.0, '_a6_': 1.0, '_a7_': 1.0}};{'d0': 0.024905832919416594};-280.569866449044;30.876321756376388
7272;-109.408611468145;((((pow2((_a1_ + x)) + _a2_) / _a2_) * x) * _a3_);{'d0': {'_a1_': 0.31192970776986445, '_a2_': 0.4283916280378229, '_a3_': 1.446576089659588, '_a0_': 1.0, '_a4_': 1.0, '_a5_': 1.0, '_a6_': 1.0, '_a7_': 1.0}};{'d0': 0.024905832919416594};-280.569866449044;30.876321756376388
7273;-109.408611468145;((((pow2((_a1_ + x)) + _a2_) / _a2_) * x) * _a3_);{'d0': {'_a1_': 0.31192970776986445, '_a2_': 0.4283916280378229, '_a3_': 1.446576089659588, '_a0_': 1.0, '_a4_': 1.0, '_a5_': 1.0, '_a6_': 1.0, '_a7_': 1.0}};{'d0': 0.024905832919416594};-280.569866449044;30.876321756376388
7274;-109.408611468145;((((pow2((_a1_ + x)) + _a2_) / _a2_) * x) * _a3_);{'d0': {'_a1_': 0.31192970776986445, '_a2_': 0.4283916280378229, '_a3_': 1.446576089659588, '_a0_': 1.0, '_a4_': 1.0, '_a5_': 1.0, '_a6_': 1.0, '_a7_': 1.0}};{'d0': 0.024905832919416594};-280.569866449044;30.876321756376388
7275;-109.408611468145;((((pow2((_a1_ + x)) + _a2_) / _a2_) * x) * _a3_);{'d0': {'_a1_': 0.31192970776986445, '_a2_': 0.4283916280378229, '_a3_': 1.446576089659588, '_a0_': 1.0, '_a4_': 1.0, '_a5_': 1.0, '_a6_': 1.0, '_a7_': 1.0}};{'d0': 0.024905832919416594};-280.569866449044;30.876321756376388
7276;-109.408611468145;((((pow2((_a1_ + x)) + _a2_) / _a2_) * x) * _a3_);{'d0': {'_a1_': 0.31192970776986445, '_a2_': 0.4283916280378229, '_a3_': 1.446576089659588, '_a0_': 1.0, '_a4_': 1.0, '_a5_': 1.0, '_a6_': 1.0, '_a7_': 1.0}};{'d0': 0.024905832919416594};-280.569866449044;30.876321756376388
7277;-109.408611468145;((((pow2((_a1_ + x)) + _a2_) / _a2_) * x) * _a3_);{'d0': {'_a1_': 0.31192970776986445, '_a2_': 0.4283916280378229, '_a3_': 1.446576089659588, '_a0_': 1.0, '_a4_': 1.0, '_a5_': 1.0, '_a6_': 1.0, '_a7_': 1.0}};{'d0': 0.024905832919416594};-280.569866449044;30.876321756376388
7278;-109.408611468145;((((pow2((_a1_ + x)) + _a2_) / _a2_) * x) * _a3_);{'d0': {'_a1_': 0.31192970776986445, '_a2_': 0.4283916280378229, '_a3_': 1.446576089659588, '_a0_': 1.0, '_a4_': 1.0, '_a5_': 1.0, '_a6_': 1.0, '_a7_': 1.0}};{'d0': 0.024905832919416594};-280.569866449044;30.876321756376388
7279;-109.408611468145;((((pow2((_a1_ + x)) + _a2_) / _a2_) * x) * _a3_);{'d0': {'_a1_': 0.31192970776986445, '_a2_': 0.4283916280378229, '_a3_': 1.446576089659588, '_a0_': 1.0, '_a4_': 1.0, '_a5_': 1.0, '_a6_': 1.0, '_a7_': 1.0}};{'d0': 0.024905832919416594};-280.569866449044;30.876321756376388
7280;-109.408611468145;((((pow2((_a1_ + x)) + _a2_) / _a2_) * x) * _a3_);{'d0': {'_a1_': 0.31192970776986445, '_a2_': 0.4283916280378229, '_a3_': 1.446576089659588, '_a0_': 1.0, '_a4_': 1.0, '_a5_': 1.0, '_a6_': 1.0, '_a7_': 1.0}};{'d0': 0.024905832919416594};-280.569866449044;30.876321756376388
7281;-109.408611468145;((((pow2((_a1_ + x)) + _a2_) / _a2_) * x) * _a3_);{'d0': {'_a1_': 0.31192970776986445, '_a2_': 0.4283916280378229, '_a3_': 1.446576089659588, '_a0_': 1.0, '_a4_': 1.0, '_a5_': 1.0, '_a6_': 1.0, '_a7_': 1.0}};{'d0': 0.024905832919416594};-280.569866449044;30.876321756376388
7282;-109.408611468145;((((pow2((_a1_ + x)) + _a2_) / _a2_) * x) * _a3_);{'d0': {'_a1_': 0.31192970776986445, '_a2_': 0.4283916280378229, '_a3_': 1.446576089659588, '_a0_': 1.0, '_a4_': 1.0, '_a5_': 1.0, '_a6_': 1.0, '_a7_': 1.0}};{'d0': 0.024905832919416594};-280.569866449044;30.876321756376388
7283;-109.408611468145;((((pow2((_a1_ + x)) + _a2_) / _a2_) * x) * _a3_);{'d0': {'_a1_': 0.31192970776986445, '_a2_': 0.4283916280378229, '_a3_': 1.446576089659588, '_a0_': 1.0, '_a4_': 1.0, '_a5_': 1.0, '_a6_': 1.0, '_a7_': 1.0}};{'d0': 0.024905832919416594};-280.569866449044;30.876321756376388
7284;-109.408611468145;((((pow2((_a1_ + x)) + _a2_) / _a2_) * x) * _a3_);{'d0': {'_a1_': 0.31192970776986445, '_a2_': 0.4283916280378229, '_a3_': 1.446576089659588, '_a0_': 1.0, '_a4_': 1.0, '_a5_': 1.0, '_a6_': 1.0, '_a7_': 1.0}};{'d0': 0.024905832919416594};-280.569866449044;30.876321756376388
7285;-109.408611468145;((((pow2((_a1_ + x)) + _a2_) / _a2_) * x) * _a3_);{'d0': {'_a1_': 0.31192970776986445, '_a2_': 0.4283916280378229, '_a3_': 1.446576089659588, '_a0_': 1.0, '_a4_': 1.0, '_a5_': 1.0, '_a6_': 1.0, '_a7_': 1.0}};{'d0': 0.024905832919416594};-280.569866449044;30.876321756376388
7286;-109.408611468145;((((pow2((_a1_ + x)) + _a2_) / _a2_) * x) * _a3_);{'d0': {'_a1_': 0.31192970776986445, '_a2_': 0.4283916280378229, '_a3_': 1.446576089659588, '_a0_': 1.0, '_a4_': 1.0, '_a5_': 1.0, '_a6_': 1.0, '_a7_': 1.0}};{'d0': 0.024905832919416594};-280.569866449044;30.876321756376388
7287;-109.408611468145;((((pow2((_a1_ + x)) + _a2_) / _a2_) * x) * _a3_);{'d0': {'_a1_': 0.31192970776986445, '_a2_': 0.4283916280378229, '_a3_': 1.446576089659588, '_a0_': 1.0, '_a4_': 1.0, '_a5_': 1.0, '_a6_': 1.0, '_a7_': 1.0}};{'d0': 0.024905832919416594};-280.569866449044;30.876321756376388
7288;-109.408611468145;((((pow2((_a1_ + x)) + _a2_) / _a2_) * x) * _a3_);{'d0': {'_a1_': 0.31192970776986445, '_a2_': 0.4283916280378229, '_a3_': 1.446576089659588, '_a0_': 1.0, '_a4_': 1.0, '_a5_': 1.0, '_a6_': 1.0, '_a7_': 1.0}};{'d0': 0.024905832919416594};-280.569866449044;30.876321756376388
7289;-109.408611468145;((((pow2((_a1_ + x)) + _a2_) / _a2_) * x) * _a3_);{'d0': {'_a1_': 0.31192970776986445, '_a2_': 0.4283916280378229, '_a3_': 1.446576089659588, '_a0_': 1.0, '_a4_': 1.0, '_a5_': 1.0, '_a6_': 1.0, '_a7_': 1.0}};{'d0': 0.024905832919416594};-280.569866449044;30.876321756376388
7290;-109.408611468145;((((pow2((_a1_ + x)) + _a2_) / _a2_) * x) * _a3_);{'d0': {'_a1_': 0.31192970776986445, '_a2_': 0.4283916280378229, '_a3_': 1.446576089659588, '_a0_': 1.0, '_a4_': 1.0, '_a5_': 1.0, '_a6_': 1.0, '_a7_': 1.0}};{'d0': 0.024905832919416594};-280.569866449044;30.876321756376388
7291;-109.408611468145;((((pow2((_a1_ + x)) + _a2_) / _a2_) * x) * _a3_);{'d0': {'_a1_': 0.31192970776986445, '_a2_': 0.4283916280378229, '_a3_': 1.446576089659588, '_a0_': 1.0, '_a4_': 1.0, '_a5_': 1.0, '_a6_': 1.0, '_a7_': 1.0}};{'d0': 0.024905832919416594};-280.569866449044;30.876321756376388
7292;-109.408611468145;((((pow2((_a1_ + x)) + _a2_) / _a2_) * x) * _a3_);{'d0': {'_a1_': 0.31192970776986445, '_a2_': 0.4283916280378229, '_a3_': 1.446576089659588, '_a0_': 1.0, '_a4_': 1.0, '_a5_': 1.0, '_a6_': 1.0, '_a7_': 1.0}};{'d0': 0.024905832919416594};-280.569866449044;30.876321756376388
7293;-109.408611468145;((((pow2((_a1_ + x)) + _a2_) / _a2_) * x) * _a3_);{'d0': {'_a1_': 0.31192970776986445, '_a2_': 0.4283916280378229, '_a3_': 1.446576089659588, '_a0_': 1.0, '_a4_': 1.0, '_a5_': 1.0, '_a6_': 1.0, '_a7_': 1.0}};{'d0': 0.024905832919416594};-280.569866449044;30.876321756376388
7294;-109.408611468145;((((pow2((_a1_ + x)) + _a2_) / _a2_) * x) * _a3_);{'d0': {'_a1_': 0.31192970776986445, '_a2_': 0.4283916280378229, '_a3_': 1.446576089659588, '_a0_': 1.0, '_a4_': 1.0, '_a5_': 1.0, '_a6_': 1.0, '_a7_': 1.0}};{'d0': 0.024905832919416594};-280.569866449044;30.876321756376388
7295;-109.408611468145;((((pow2((_a1_ + x)) + _a2_) / _a2_) * x) * _a3_);{'d0': {'_a1_': 0.31192970776986445, '_a2_': 0.4283916280378229, '_a3_': 1.446576089659588, '_a0_': 1.0, '_a4_': 1.0, '_a5_': 1.0, '_a6_': 1.0, '_a7_': 1.0}};{'d0': 0.024905832919416594};-280.569866449044;30.876321756376388
7296;-109.408611468145;((((pow2((_a1_ + x)) + _a2_) / _a2_) * x) * _a3_);{'d0': {'_a1_': 0.31192970776986445, '_a2_': 0.4283916280378229, '_a3_': 1.446576089659588, '_a0_': 1.0, '_a4_': 1.0, '_a5_': 1.0, '_a6_': 1.0, '_a7_': 1.0}};{'d0': 0.024905832919416594};-280.569866449044;30.876321756376388
7297;-109.408611468145;((((pow2((_a1_ + x)) + _a2_) / _a2_) * x) * _a3_);{'d0': {'_a1_': 0.31192970776986445, '_a2_': 0.4283916280378229, '_a3_': 1.446576089659588, '_a0_': 1.0, '_a4_': 1.0, '_a5_': 1.0, '_a6_': 1.0, '_a7_': 1.0}};{'d0': 0.024905832919416594};-280.569866449044;30.876321756376388
7298;-109.408611468145;((((pow2((_a1_ + x)) + _a2_) / _a2_) * x) * _a3_);{'d0': {'_a1_': 0.31192970776986445, '_a2_': 0.4283916280378229, '_a3_': 1.446576089659588, '_a0_': 1.0, '_a4_': 1.0, '_a5_': 1.0, '_a6_': 1.0, '_a7_': 1.0}};{'d0': 0.024905832919416594};-280.569866449044;30.876321756376388
7299;-109.408611468145;((((pow2((_a1_ + x)) + _a2_) / _a2_) * x) * _a3_);{'d0': {'_a1_': 0.31192970776986445, '_a2_': 0.4283916280378229, '_a3_': 1.446576089659588, '_a0_': 1.0, '_a4_': 1.0, '_a5_': 1.0, '_a6_': 1.0, '_a7_': 1.0}};{'d0': 0.024905832919416594};-280.569866449044;30.876321756376388
7300;-109.408611468145;((((pow2((_a1_ + x)) + _a2_) / _a2_) * x) * _a3_);{'d0': {'_a1_': 0.31192970776986445, '_a2_': 0.4283916280378229, '_a3_': 1.446576089659588, '_a0_': 1.0, '_a4_': 1.0, '_a5_': 1.0, '_a6_': 1.0, '_a7_': 1.0}};{'d0': 0.024905832919416594};-280.569866449044;30.876321756376388
7301;-100.360883458177;(((_a6_ + pow2(x)) + (_a6_ * (x * _a0_))) * ((x * _a0_) * _a7_));{'d0': {'_a0_': 1.1867399313756455, '_a6_': 0.5256917706044376, '_a7_': 2.845409333852798, '_a1_': 1.0, '_a2_': 1.0, '_a3_': 1.0, '_a4_': 1.0, '_a5_': 1.0}};{'d0': 0.024905832919416625};-280.569866449044;39.924049766345036
7302;-100.360883458177;(((_a6_ + pow2(x)) + (_a6_ * (x * _a0_))) * ((x * _a0_) * _a7_));{'d0': {'_a0_': 1.1867399313756455, '_a6_': 0.5256917706044376, '_a7_': 2.845409333852798, '_a1_': 1.0, '_a2_': 1.0, '_a3_': 1.0, '_a4_': 1.0, '_a5_': 1.0}};{'d0': 0.024905832919416625};-280.569866449044;39.924049766345036
7303;-100.360883458177;(((_a6_ + pow2(x)) + (_a6_ * (x * _a0_))) * ((x * _a0_) * _a7_));{'d0': {'_a0_': 1.1867399313756455, '_a6_': 0.5256917706044376, '_a7_': 2.845409333852798, '_a1_': 1.0, '_a2_': 1.0, '_a3_': 1.0, '_a4_': 1.0, '_a5_': 1.0}};{'d0': 0.024905832919416625};-280.569866449044;39.924049766345036
7304;-100.360883458177;(((_a6_ + pow2(x)) + (_a6_ * (x * _a0_))) * ((x * _a0_) * _a7_));{'d0': {'_a0_': 1.1867399313756455, '_a6_': 0.5256917706044376, '_a7_': 2.845409333852798, '_a1_': 1.0, '_a2_': 1.0, '_a3_': 1.0, '_a4_': 1.0, '_a5_': 1.0}};{'d0': 0.024905832919416625};-280.569866449044;39.924049766345036
7305;-100.360883458177;(((_a6_ + pow2(x)) + (_a6_ * (x * _a0_))) * ((x * _a0_) * _a7_));{'d0': {'_a0_': 1.1867399313756455, '_a6_': 0.5256917706044376, '_a7_': 2.845409333852798, '_a1_': 1.0, '_a2_': 1.0, '_a3_': 1.0, '_a4_': 1.0, '_a5_': 1.0}};{'d0': 0.024905832919416625};-280.569866449044;39.924049766345036
7306;-100.360883458177;(((_a6_ + pow2(x)) + (_a6_ * (x * _a0_))) * ((x * _a0_) * _a7_));{'d0': {'_a0_': 1.1867399313756455, '_a6_': 0.5256917706044376, '_a7_': 2.845409333852798, '_a1_': 1.0, '_a2_': 1.0, '_a3_': 1.0, '_a4_': 1.0, '_a5_': 1.0}};{'d0': 0.024905832919416625};-280.569866449044;39.924049766345036
7307;-100.360883458177;(((_a6_ + pow2(x)) + (_a6_ * (x * _a0_))) * ((x * _a0_) * _a7_));{'d0': {'_a0_': 1.1867399313756455, '_a6_': 0.5256917706044376, '_a7_': 2.845409333852798, '_a1_': 1.0, '_a2_': 1.0, '_a3_': 1.0, '_a4_': 1.0, '_a5_': 1.0}};{'d0': 0.024905832919416625};-280.569866449044;39.924049766345036
7308;-100.360883458177;(((_a6_ + pow2(x)) + (_a6_ * (x * _a0_))) * ((x * _a0_) * _a7_));{'d0': {'_a0_': 1.1867399313756455, '_a6_': 0.5256917706044376, '_a7_': 2.845409333852798, '_a1_': 1.0, '_a2_': 1.0, '_a3_': 1.0, '_a4_': 1.0, '_a5_': 1.0}};{'d0': 0.024905832919416625};-280.569866449044;39.924049766345036
7309;-97.5378159461153;((_a7_ + (x / _a2_)) + (pow3(((_a6_ + x) / _a7_)) * _a1_));{'d0': {'_a1_': -0.00010616620592190797, '_a2_': 0.7491455625671726, '_a6_': 0.20818372331003474, '_a7_': -0.031543899930521514, '_a0_': 1.0, '_a3_': 1.0, '_a4_': 1.0, '_a5_': 1.0}};{'d0': 0.024885482501867097};-276.524567593312;40.724467850540634
7310;-97.5378159461153;((_a7_ + (x / _a2_)) + (pow3(((_a6_ + x) / _a7_)) * _a1_));{'d0': {'_a1_': -0.00010616620592190797, '_a2_': 0.7491455625671726, '_a6_': 0.20818372331003474, '_a7_': -0.031543899930521514, '_a0_': 1.0, '_a3_': 1.0, '_a4_': 1.0, '_a5_': 1.0}};{'d0': 0.024885482501867097};-276.524567593312;40.724467850540634
7311;-97.5378159461153;((_a7_ + (x / _a2_)) + (pow3(((_a6_ + x) / _a7_)) * _a1_));{'d0': {'_a1_': -0.00010616620592190797, '_a2_': 0.7491455625671726, '_a6_': 0.20818372331003474, '_a7_': -0.031543899930521514, '_a0_': 1.0, '_a3_': 1.0, '_a4_': 1.0, '_a5_': 1.0}};{'d0': 0.024885482501867097};-276.524567593312;40.724467850540634
7312;-97.5378159461153;((_a7_ + (x / _a2_)) + (pow3(((_a6_ + x) / _a7_)) * _a1_));{'d0': {'_a1_': -0.00010616620592190797, '_a2_': 0.7491455625671726, '_a6_': 0.20818372331003474, '_a7_': -0.031543899930521514, '_a0_': 1.0, '_a3_': 1.0, '_a4_': 1.0, '_a5_': 1.0}};{'d0': 0.024885482501867097};-276.524567593312;40.724467850540634
7313;-97.5378159461153;((_a7_ + (x / _a2_)) + (pow3(((_a6_ + x) / _a7_)) * _a1_));{'d0': {'_a1_': -0.00010616620592190797, '_a2_': 0.7491455625671726, '_a6_': 0.20818372331003474, '_a7_': -0.031543899930521514, '_a0_': 1.0, '_a3_': 1.0, '_a4_': 1.0, '_a5_': 1.0}};{'d0': 0.024885482501867097};-276.524567593312;40.724467850540634
7314;-97.5378159461153;((_a7_ + (x / _a2_)) + (pow3(((_a6_ + x) / _a7_)) * _a1_));{'d0': {'_a1_': -0.00010616620592190797, '_a2_': 0.7491455625671726, '_a6_': 0.20818372331003474, '_a7_': -0.031543899930521514, '_a0_': 1.0, '_a3_': 1.0, '_a4_': 1.0, '_a5_': 1.0}};{'d0': 0.024885482501867097};-276.524567593312;40.724467850540634
7315;-97.5378159461153;((_a7_ + (x / _a2_)) + (pow3(((_a6_ + x) / _a7_)) * _a1_));{'d0': {'_a1_': -0.00010616620592190797, '_a2_': 0.7491455625671726, '_a6_': 0.20818372331003474, '_a7_': -0.031543899930521514, '_a0_': 1.0, '_a3_': 1.0, '_a4_': 1.0, '_a5_': 1.0}};{'d0': 0.024885482501867097};-276.524567593312;40.724467850540634
7316;-97.5378159461153;((_a7_ + (x / _a2_)) + (pow3(((_a6_ + x) / _a7_)) * _a1_));{'d0': {'_a1_': -0.00010616620592190797, '_a2_': 0.7491455625671726, '_a6_': 0.20818372331003474, '_a7_': -0.031543899930521514, '_a0_': 1.0, '_a3_': 1.0, '_a4_': 1.0, '_a5_': 1.0}};{'d0': 0.024885482501867097};-276.524567593312;40.724467850540634
7317;-97.5378159461153;((_a7_ + (x / _a2_)) + (pow3(((_a6_ + x) / _a7_)) * _a1_));{'d0': {'_a1_': -0.00010616620592190797, '_a2_': 0.7491455625671726, '_a6_': 0.20818372331003474, '_a7_': -0.031543899930521514, '_a0_': 1.0, '_a3_': 1.0, '_a4_': 1.0, '_a5_': 1.0}};{'d0': 0.024885482501867097};-276.524567593312;40.724467850540634
7318;-97.5378159461153;((_a7_ + (x / _a2_)) + (pow3(((_a6_ + x) / _a7_)) * _a1_));{'d0': {'_a1_': -0.00010616620592190797, '_a2_': 0.7491455625671726, '_a6_': 0.20818372331003474, '_a7_': -0.031543899930521514, '_a0_': 1.0, '_a3_': 1.0, '_a4_': 1.0, '_a5_': 1.0}};{'d0': 0.024885482501867097};-276.524567593312;40.724467850540634
7319;-97.5378159461153;((_a7_ + (x / _a2_)) + (pow3(((_a6_ + x) / _a7_)) * _a1_));{'d0': {'_a1_': -0.00010616620592190797, '_a2_': 0.7491455625671726, '_a6_': 0.20818372331003474, '_a7_': -0.031543899930521514, '_a0_': 1.0, '_a3_': 1.0, '_a4_': 1.0, '_a5_': 1.0}};{'d0': 0.024885482501867097};-276.524567593312;40.724467850540634
7320;-97.5378159461153;((_a7_ + (x / _a2_)) + (pow3(((_a6_ + x) / _a7_)) * _a1_));{'d0': {'_a1_': -0.00010616620592190797, '_a2_': 0.7491455625671726, '_a6_': 0.20818372331003474, '_a7_': -0.031543899930521514, '_a0_': 1.0, '_a3_': 1.0, '_a4_': 1.0, '_a5_': 1.0}};{'d0': 0.024885482501867097};-276.524567593312;40.724467850540634
7321;-97.5378159461153;((_a7_ + (x / _a2_)) + (pow3(((_a6_ + x) / _a7_)) * _a1_));{'d0': {'_a1_': -0.00010616620592190797, '_a2_': 0.7491455625671726, '_a6_': 0.20818372331003474, '_a7_': -0.031543899930521514, '_a0_': 1.0, '_a3_': 1.0, '_a4_': 1.0, '_a5_': 1.0}};{'d0': 0.024885482501867097};-276.524567593312;40.724467850540634
7322;-97.5378159461153;((_a7_ + (x / _a2_)) + (pow3(((_a6_ + x) / _a7_)) * _a1_));{'d0': {'_a1_': -0.00010616620592190797, '_a2_': 0.7491455625671726, '_a6_': 0.20818372331003474, '_a7_': -0.031543899930521514, '_a0_': 1.0, '_a3_': 1.0, '_a4_': 1.0, '_a5_': 1.0}};{'d0': 0.024885482501867097};-276.524567593312;40.724467850540634
7323;-97.5378159461153;((_a7_ + (x / _a2_)) + (pow3(((_a6_ + x) / _a7_)) * _a1_));{'d0': {'_a1_': -0.00010616620592190797, '_a2_': 0.7491455625671726, '_a6_': 0.20818372331003474, '_a7_': -0.031543899930521514, '_a0_': 1.0, '_a3_': 1.0, '_a4_': 1.0, '_a5_': 1.0}};{'d0': 0.024885482501867097};-276.524567593312;40.724467850540634
7324;-97.5378159461156;((_a7_ + (x / _a2_)) + (pow3(((_a6_ + x) / _a6_)) * _a1_));{'d0': {'_a1_': 0.03051971323493392, '_a2_': 0.7491455606095573, '_a6_': 0.20818372285421782, '_a7_': -0.031543898003261135, '_a0_': 1.0, '_a3_': 1.0, '_a4_': 1.0, '_a5_': 1.0}};{'d0': 0.024885482501866882};-276.524567593312;40.724467850540634
7325;-97.5378159461156;((_a7_ + (x / _a2_)) + (pow3(((_a6_ + x) / _a6_)) * _a1_));{'d0': {'_a1_': 0.03051971323493392, '_a2_': 0.7491455606095573, '_a6_': 0.20818372285421782, '_a7_': -0.031543898003261135, '_a0_': 1.0, '_a3_': 1.0, '_a4_': 1.0, '_a5_': 1.0}};{'d0': 0.024885482501866882};-276.524567593312;40.724467850540634
7326;-97.5378159461156;((_a7_ + (x / _a2_)) + (pow3(((_a6_ + x) / _a6_)) * _a1_));{'d0': {'_a1_': 0.03051971323493392, '_a2_': 0.7491455606095573, '_a6_': 0.20818372285421782, '_a7_': -0.031543898003261135, '_a0_': 1.0, '_a3_': 1.0, '_a4_': 1.0, '_a5_': 1.0}};{'d0': 0.024885482501866882};-276.524567593312;40.724467850540634
7327;-97.5378159461156;((_a7_ + (x / _a2_)) + (pow3(((_a6_ + x) / _a6_)) * _a1_));{'d0': {'_a1_': 0.03051971323493392, '_a2_': 0.7491455606095573, '_a6_': 0.20818372285421782, '_a7_': -0.031543898003261135, '_a0_': 1.0, '_a3_': 1.0, '_a4_': 1.0, '_a5_': 1.0}};{'d0': 0.024885482501866882};-276.524567593312;40.724467850540634
7328;-97.5378159461156;((_a7_ + (x / _a2_)) + (pow3(((_a6_ + x) / _a6_)) * _a1_));{'d0': {'_a1_': 0.03051971323493392, '_a2_': 0.7491455606095573, '_a6_': 0.20818372285421782, '_a7_': -0.031543898003261135, '_a0_': 1.0, '_a3_': 1.0, '_a4_': 1.0, '_a5_': 1.0}};{'d0': 0.024885482501866882};-276.524567593312;40.724467850540634
7329;-97.5378159461156;((_a7_ + (x / _a2_)) + (pow3(((_a6_ + x) / _a6_)) * _a1_));{'d0': {'_a1_': 0.03051971323493392, '_a2_': 0.7491455606095573, '_a6_': 0.20818372285421782, '_a7_': -0.031543898003261135, '_a0_': 1.0, '_a3_': 1.0, '_a4_': 1.0, '_a5_': 1.0}};{'d0': 0.024885482501866882};-276.524567593312;40.724467850540634
7330;-97.5378159461156;((_a7_ + (x / _a2_)) + (pow3(((_a6_ + x) / _a6_)) * _a1_));{'d0': {'_a1_': 0.03051971323493392, '_a2_': 0.7491455606095573, '_a6_': 0.20818372285421782, '_a7_': -0.031543898003261135, '_a0_': 1.0, '_a3_': 1.0, '_a4_': 1.0, '_a5_': 1.0}};{'d0': 0.024885482501866882};-276.524567593312;40.724467850540634
7331;-97.5378159461156;((_a7_ + (x / _a2_)) + (pow3(((_a6_ + x) / _a6_)) * _a1_));{'d0': {'_a1_': 0.03051971323493392, '_a2_': 0.7491455606095573, '_a6_': 0.20818372285421782, '_a7_': -0.031543898003261135, '_a0_': 1.0, '_a3_': 1.0, '_a4_': 1.0, '_a5_': 1.0}};{'d0': 0.024885482501866882};-276.524567593312;40.724467850540634
7332;-97.5378159461156;((_a7_ + (x / _a2_)) + (pow3(((_a6_ + x) / _a6_)) * _a1_));{'d0': {'_a1_': 0.03051971323493392, '_a2_': 0.7491455606095573, '_a6_': 0.20818372285421782, '_a7_': -0.031543898003261135, '_a0_': 1.0, '_a3_': 1.0, '_a4_': 1.0, '_a5_': 1.0}};{'d0': 0.024885482501866882};-276.524567593312;40.724467850540634
7333;-97.5378159461156;((_a7_ + (x / _a2_)) + (pow3(((_a6_ + x) / _a6_)) * _a1_));{'d0': {'_a1_': 0.03051971323493392, '_a2_': 0.7491455606095573, '_a6_': 0.20818372285421782, '_a7_': -0.031543898003261135, '_a0_': 1.0, '_a3_': 1.0, '_a4_': 1.0, '_a5_': 1.0}};{'d0': 0.024885482501866882};-276.524567593312;40.724467850540634
7334;-97.5378159461156;((_a7_ + (x / _a2_)) + (pow3(((_a6_ + x) / _a6_)) * _a1_));{'d0': {'_a1_': 0.03051971323493392, '_a2_': 0.7491455606095573, '_a6_': 0.20818372285421782, '_a7_': -0.031543898003261135, '_a0_': 1.0, '_a3_': 1.0, '_a4_': 1.0, '_a5_': 1.0}};{'d0': 0.024885482501866882};-276.524567593312;40.724467850540634
7335;-97.5378159461156;((_a7_ + (x / _a2_)) + (pow3(((_a6_ + x) / _a6_)) * _a1_));{'d0': {'_a1_': 0.03051971323493392, '_a2_': 0.7491455606095573, '_a6_': 0.20818372285421782, '_a7_': -0.031543898003261135, '_a0_': 1.0, '_a3_': 1.0, '_a4_': 1.0, '_a5_': 1.0}};{'d0': 0.024885482501866882};-276.524567593312;40.724467850540634
7336;-97.5378159461156;((_a7_ + (x / _a2_)) + (pow3(((_a6_ + x) / _a6_)) * _a1_));{'d0': {'_a1_': 0.03051971323493392, '_a2_': 0.7491455606095573, '_a6_': 0.20818372285421782, '_a7_': -0.031543898003261135, '_a0_': 1.0, '_a3_': 1.0, '_a4_': 1.0, '_a5_': 1.0}};{'d0': 0.024885482501866882};-276.524567593312;40.724467850540634
7337;-97.5378159461156;((_a7_ + (x / _a2_)) + (pow3(((_a6_ + x) / _a6_)) * _a1_));{'d0': {'_a1_': 0.03051971323493392, '_a2_': 0.7491455606095573, '_a6_': 0.20818372285421782, '_a7_': -0.031543898003261135, '_a0_': 1.0, '_a3_': 1.0, '_a4_': 1.0, '_a5_': 1.0}};{'d0': 0.024885482501866882};-276.524567593312;40.724467850540634
7338;-97.5378159461156;((_a7_ + (x / _a2_)) + (pow3(((_a6_ + x) / _a6_)) * _a1_));{'d0': {'_a1_': 0.03051971323493392, '_a2_': 0.7491455606095573, '_a6_': 0.20818372285421782, '_a7_': -0.031543898003261135, '_a0_': 1.0, '_a3_': 1.0, '_a4_': 1.0, '_a5_': 1.0}};{'d0': 0.024885482501866882};-276.524567593312;40.724467850540634
7339;-97.5378159461156;((_a7_ + (x / _a2_)) + (pow3(((_a6_ + x) / _a6_)) * _a1_));{'d0': {'_a1_': 0.03051971323493392, '_a2_': 0.7491455606095573, '_a6_': 0.20818372285421782, '_a7_': -0.031543898003261135, '_a0_': 1.0, '_a3_': 1.0, '_a4_': 1.0, '_a5_': 1.0}};{'d0': 0.024885482501866882};-276.524567593312;40.724467850540634
7340;-97.5378159461156;((_a7_ + (x / _a2_)) + (pow3(((_a6_ + x) / _a6_)) * _a1_));{'d0': {'_a1_': 0.03051971323493392, '_a2_': 0.7491455606095573, '_a6_': 0.20818372285421782, '_a7_': -0.031543898003261135, '_a0_': 1.0, '_a3_': 1.0, '_a4_': 1.0, '_a5_': 1.0}};{'d0': 0.024885482501866882};-276.524567593312;40.724467850540634
7341;-97.5378159461156;((_a7_ + (x / _a2_)) + (pow3(((_a6_ + x) / _a6_)) * _a1_));{'d0': {'_a1_': 0.03051971323493392, '_a2_': 0.7491455606095573, '_a6_': 0.20818372285421782, '_a7_': -0.031543898003261135, '_a0_': 1.0, '_a3_': 1.0, '_a4_': 1.0, '_a5_': 1.0}};{'d0': 0.024885482501866882};-276.524567593312;40.724467850540634
7342;-100.360883458177;(((_a6_ + pow2(x)) + (_a6_ * (x * _a0_))) * ((x * _a0_) * _a7_));{'d0': {'_a0_': 1.1867399313756455, '_a6_': 0.5256917706044376, '_a7_': 2.845409333852798, '_a1_': 1.0, '_a2_': 1.0, '_a3_': 1.0, '_a4_': 1.0, '_a5_': 1.0}};{'d0': 0.024905832919416625};-280.569866449044;39.924049766345036
7343;-100.360883458177;(((_a6_ + pow2(x)) + (_a6_ * (x * _a0_))) * ((x * _a0_) * _a7_));{'d0': {'_a0_': 1.1867399313756455, '_a6_': 0.5256917706044376, '_a7_': 2.845409333852798, '_a1_': 1.0, '_a2_': 1.0, '_a3_': 1.0, '_a4_': 1.0, '_a5_': 1.0}};{'d0': 0.024905832919416625};-280.569866449044;39.924049766345036
7344;-100.360883458177;(((_a6_ + pow2(x)) + (_a6_ * (x * _a0_))) * ((x * _a0_) * _a7_));{'d0': {'_a0_': 1.1867399313756455, '_a6_': 0.5256917706044376, '_a7_': 2.845409333852798, '_a1_': 1.0, '_a2_': 1.0, '_a3_': 1.0, '_a4_': 1.0, '_a5_': 1.0}};{'d0': 0.024905832919416625};-280.569866449044;39.924049766345036
7345;-100.360883458177;(((_a6_ + pow2(x)) + (_a6_ * (x * _a0_))) * ((x * _a0_) * _a7_));{'d0': {'_a0_': 1.1867399313756455, '_a6_': 0.5256917706044376, '_a7_': 2.845409333852798, '_a1_': 1.0, '_a2_': 1.0, '_a3_': 1.0, '_a4_': 1.0, '_a5_': 1.0}};{'d0': 0.024905832919416625};-280.569866449044;39.924049766345036
7346;-100.360883458177;(((_a6_ + pow2(x)) + (_a6_ * (x * _a0_))) * ((x * _a0_) * _a7_));{'d0': {'_a0_': 1.1867399313756455, '_a6_': 0.5256917706044376, '_a7_': 2.845409333852798, '_a1_': 1.0, '_a2_': 1.0, '_a3_': 1.0, '_a4_': 1.0, '_a5_': 1.0}};{'d0': 0.024905832919416625};-280.569866449044;39.924049766345036
7347;-100.360883458177;(((_a6_ + pow2(x)) + (_a6_ * (x * _a0_))) * ((x * _a7_) * _a7_));{'d0': {'_a0_': 1.1867399301235442, '_a6_': 0.525691771022509, '_a7_': 1.8375964941882308, '_a1_': 1.0, '_a2_': 1.0, '_a3_': 1.0, '_a4_': 1.0, '_a5_': 1.0}};{'d0': 0.02490583291941658};-280.569866449044;39.924049766345036
7348;-100.360883458177;(((_a6_ + pow2(x)) + (_a6_ * (x * _a0_))) * ((x * _a7_) * _a7_));{'d0': {'_a0_': 1.1867399301235442, '_a6_': 0.525691771022509, '_a7_': 1.8375964941882308, '_a1_': 1.0, '_a2_': 1.0, '_a3_': 1.0, '_a4_': 1.0, '_a5_': 1.0}};{'d0': 0.02490583291941658};-280.569866449044;39.924049766345036
7349;-100.097615692470;(((cos((pow2(_a5_) + x)) + (_a3_ * x)) + _a0_) * _a2_);{'d0': {'_a0_': -0.20613182430588584, '_a2_': -20.96818614758868, '_a3_': -1.0629850422682858, '_a5_': 2.218139338996036, '_a1_': 1.0, '_a4_': 1.0, '_a6_': 1.0, '_a7_': 1.0}};{'d0': 0.025805100782680054};-274.347313048087;37.076040831574005
7350;-100.097615692470;(((cos((pow2(_a5_) + x)) + (_a3_ * x)) + _a0_) * _a2_);{'d0': {'_a0_': -0.20613182430588584, '_a2_': -20.96818614758868, '_a3_': -1.0629850422682858, '_a5_': 2.218139338996036, '_a1_': 1.0, '_a4_': 1.0, '_a6_': 1.0, '_a7_': 1.0}};{'d0': 0.025805100782680054};-274.347313048087;37.076040831574005
7351;-100.097615692470;(((cos((pow2(_a5_) + x)) + (_a3_ * x)) + _a0_) * _a2_);{'d0': {'_a0_': -0.20613182430588584, '_a2_': -20.96818614758868, '_a3_': -1.0629850422682858, '_a5_': 2.218139338996036, '_a1_': 1.0, '_a4_': 1.0, '_a6_': 1.0, '_a7_': 1.0}};{'d0': 0.025805100782680054};-274.347313048087;37.076040831574005
7352;-100.097615692470;(((cos((pow2(_a5_) + x)) + (_a3_ * x)) + _a0_) * _a2_);{'d0': {'_a0_': -0.20613182430588584, '_a2_': -20.96818614758868, '_a3_': -1.0629850422682858, '_a5_': 2.218139338996036, '_a1_': 1.0, '_a4_': 1.0, '_a6_': 1.0, '_a7_': 1.0}};{'d0': 0.025805100782680054};-274.347313048087;37.076040831574005
7353;-97.5378159461156;((_a7_ + (x / _a2_)) + (pow3(((_a6_ + x) / _a6_)) * _a1_));{'d0': {'_a1_': 0.03051971323493392, '_a2_': 0.7491455606095573, '_a6_': 0.20818372285421782, '_a7_': -0.031543898003261135, '_a0_': 1.0, '_a3_': 1.0, '_a4_': 1.0, '_a5_': 1.0}};{'d0': 0.024885482501866882};-276.524567593312;40.724467850540634
7354;-97.5378159461156;((_a7_ + (x / _a2_)) + (pow3(((_a6_ + x) / _a6_)) * _a1_));{'d0': {'_a1_': 0.03051971323493392, '_a2_': 0.7491455606095573, '_a6_': 0.20818372285421782, '_a7_': -0.031543898003261135, '_a0_': 1.0, '_a3_': 1.0, '_a4_': 1.0, '_a5_': 1.0}};{'d0': 0.024885482501866882};-276.524567593312;40.724467850540634
7355;-97.5378159461156;((_a7_ + (x / _a2_)) + (pow3(((_a6_ + x) / _a6_)) * _a1_));{'d0': {'_a1_': 0.03051971323493392, '_a2_': 0.7491455606095573, '_a6_': 0.20818372285421782, '_a7_': -0.031543898003261135, '_a0_': 1.0, '_a3_': 1.0, '_a4_': 1.0, '_a5_': 1.0}};{'d0': 0.024885482501866882};-276.524567593312;40.724467850540634
7356;-97.5378159461156;((_a7_ + (x / _a2_)) + (pow3(((_a6_ + x) / _a6_)) * _a1_));{'d0': {'_a1_': 0.03051971323493392, '_a2_': 0.7491455606095573, '_a6_': 0.20818372285421782, '_a7_': -0.031543898003261135, '_a0_': 1.0, '_a3_': 1.0, '_a4_': 1.0, '_a5_': 1.0}};{'d0': 0.024885482501866882};-276.524567593312;40.724467850540634
7357;-97.5378159461156;((_a7_ + (x / _a2_)) + (pow3(((_a6_ + x) / _a6_)) * _a1_));{'d0': {'_a1_': 0.03051971323493392, '_a2_': 0.7491455606095573, '_a6_': 0.20818372285421782, '_a7_': -0.031543898003261135, '_a0_': 1.0, '_a3_': 1.0, '_a4_': 1.0, '_a5_': 1.0}};{'d0': 0.024885482501866882};-276.524567593312;40.724467850540634
7358;-97.5378159461156;((_a7_ + (x / _a2_)) + (pow3(((_a6_ + x) / _a6_)) * _a1_));{'d0': {'_a1_': 0.03051971323493392, '_a2_': 0.7491455606095573, '_a6_': 0.20818372285421782, '_a7_': -0.031543898003261135, '_a0_': 1.0, '_a3_': 1.0, '_a4_': 1.0, '_a5_': 1.0}};{'d0': 0.024885482501866882};-276.524567593312;40.724467850540634
7359;-97.5378159461156;((_a7_ + (x / _a2_)) + (pow3(((_a6_ + x) / _a6_)) * _a1_));{'d0': {'_a1_': 0.03051971323493392, '_a2_': 0.7491455606095573, '_a6_': 0.20818372285421782, '_a7_': -0.031543898003261135, '_a0_': 1.0, '_a3_': 1.0, '_a4_': 1.0, '_a5_': 1.0}};{'d0': 0.024885482501866882};-276.524567593312;40.724467850540634
7360;-97.5378159461156;((_a7_ + (x / _a2_)) + (pow3(((_a6_ + x) / _a6_)) * _a1_));{'d0': {'_a1_': 0.03051971323493392, '_a2_': 0.7491455606095573, '_a6_': 0.20818372285421782, '_a7_': -0.031543898003261135, '_a0_': 1.0, '_a3_': 1.0, '_a4_': 1.0, '_a5_': 1.0}};{'d0': 0.024885482501866882};-276.524567593312;40.724467850540634
7361;-97.5378159461156;((_a7_ + (x / _a2_)) + (pow3(((_a6_ + x) / _a6_)) * _a1_));{'d0': {'_a1_': 0.03051971323493392, '_a2_': 0.7491455606095573, '_a6_': 0.20818372285421782, '_a7_': -0.031543898003261135, '_a0_': 1.0, '_a3_': 1.0, '_a4_': 1.0, '_a5_': 1.0}};{'d0': 0.024885482501866882};-276.524567593312;40.724467850540634
7362;-100.097615692470;(((cos((pow2(_a5_) + x)) + (_a3_ * x)) + _a0_) * _a2_);{'d0': {'_a0_': -0.20613182430588584, '_a2_': -20.96818614758868, '_a3_': -1.0629850422682858, '_a5_': 2.218139338996036, '_a1_': 1.0, '_a4_': 1.0, '_a6_': 1.0, '_a7_': 1.0}};{'d0': 0.025805100782680054};-274.347313048087;37.076040831574005
7363;-99.0769090202271;(((sinh((pow2(_a5_) + x)) + (_a3_ * x)) + _a0_) * _a2_);{'d0': {'_a0_': -0.21009680554960086, '_a2_': 19.64602085005653, '_a3_': -0.931349126711797, '_a5_': 0.45674158485464783, '_a1_': 1.0, '_a4_': 1.0, '_a6_': 1.0, '_a7_': 1.0}};{'d0': 0.024415212082642045};-277.669260633742;39.75772129664401
7364;-99.0769090202271;(((sinh((pow2(_a5_) + x)) + (_a3_ * x)) + _a0_) * _a2_);{'d0': {'_a0_': -0.21009680554960086, '_a2_': 19.64602085005653, '_a3_': -0.931349126711797, '_a5_': 0.45674158485464783, '_a1_': 1.0, '_a4_': 1.0, '_a6_': 1.0, '_a7_': 1.0}};{'d0': 0.024415212082642045};-277.669260633742;39.75772129664401
7365;-99.0769090202271;(((sinh((pow2(_a5_) + x)) + (_a3_ * x)) + _a0_) * _a2_);{'d0': {'_a0_': -0.21009680554960086, '_a2_': 19.64602085005653, '_a3_': -0.931349126711797, '_a5_': 0.45674158485464783, '_a1_': 1.0, '_a4_': 1.0, '_a6_': 1.0, '_a7_': 1.0}};{'d0': 0.024415212082642045};-277.669260633742;39.75772129664401
7366;-99.0769090202271;(((sinh((pow2(_a5_) + x)) + (_a3_ * x)) + _a0_) * _a2_);{'d0': {'_a0_': -0.21009680554960086, '_a2_': 19.64602085005653, '_a3_': -0.931349126711797, '_a5_': 0.45674158485464783, '_a1_': 1.0, '_a4_': 1.0, '_a6_': 1.0, '_a7_': 1.0}};{'d0': 0.024415212082642045};-277.669260633742;39.75772129664401
7367;-99.0769090202261;(((sinh((pow2(_a5_) + x)) + (_a3_ * x)) + _a4_) * _a2_);{'d0': {'_a2_': 19.64602088023463, '_a3_': -0.9313491268864167, '_a4_': -0.21009680602741412, '_a5_': 0.4567415853216763, '_a0_': 1.0, '_a1_': 1.0, '_a6_': 1.0, '_a7_': 1.0}};{'d0': 0.02441521208264292};-277.669260633740;39.75772129664401
7368;-99.0769090202261;(((sinh((pow2(_a5_) + x)) + (_a3_ * x)) + _a4_) * _a2_);{'d0': {'_a2_': 19.64602088023463, '_a3_': -0.9313491268864167, '_a4_': -0.21009680602741412, '_a5_': 0.4567415853216763, '_a0_': 1.0, '_a1_': 1.0, '_a6_': 1.0, '_a7_': 1.0}};{'d0': 0.02441521208264292};-277.669260633740;39.75772129664401
7369;-99.0769090202261;(((sinh((pow2(_a5_) + x)) + (_a3_ * x)) + _a4_) * _a2_);{'d0': {'_a2_': 19.64602088023463, '_a3_': -0.9313491268864167, '_a4_': -0.21009680602741412, '_a5_': 0.4567415853216763, '_a0_': 1.0, '_a1_': 1.0, '_a6_': 1.0, '_a7_': 1.0}};{'d0': 0.02441521208264292};-277.669260633740;39.75772129664401
7370;-99.0769090202261;(((sinh((pow2(_a5_) + x)) + (_a3_ * x)) + _a4_) * _a2_);{'d0': {'_a2_': 19.64602088023463, '_a3_': -0.9313491268864167, '_a4_': -0.21009680602741412, '_a5_': 0.4567415853216763, '_a0_': 1.0, '_a1_': 1.0, '_a6_': 1.0, '_a7_': 1.0}};{'d0': 0.02441521208264292};-277.669260633740;39.75772129664401
7371;-99.0769090202261;(((sinh((pow2(_a5_) + x)) + (_a3_ * x)) + _a4_) * _a2_);{'d0': {'_a2_': 19.64602088023463, '_a3_': -0.9313491268864167, '_a4_': -0.21009680602741412, '_a5_': 0.4567415853216763, '_a0_': 1.0, '_a1_': 1.0, '_a6_': 1.0, '_a7_': 1.0}};{'d0': 0.02441521208264292};-277.669260633740;39.75772129664401
7372;-99.0769090202261;(((sinh((pow2(_a5_) + x)) + (_a3_ * x)) + _a4_) * _a2_);{'d0': {'_a2_': 19.64602088023463, '_a3_': -0.9313491268864167, '_a4_': -0.21009680602741412, '_a5_': 0.4567415853216763, '_a0_': 1.0, '_a1_': 1.0, '_a6_': 1.0, '_a7_': 1.0}};{'d0': 0.02441521208264292};-277.669260633740;39.75772129664401
7373;-99.0769090202261;(((sinh((pow2(_a5_) + x)) + (_a3_ * x)) + _a4_) * _a2_);{'d0': {'_a2_': 19.64602088023463, '_a3_': -0.9313491268864167, '_a4_': -0.21009680602741412, '_a5_': 0.4567415853216763, '_a0_': 1.0, '_a1_': 1.0, '_a6_': 1.0, '_a7_': 1.0}};{'d0': 0.02441521208264292};-277.669260633740;39.75772129664401
7374;-99.0769090202261;(((sinh((pow2(_a5_) + x)) + (_a3_ * x)) + _a4_) * _a2_);{'d0': {'_a2_': 19.64602088023463, '_a3_': -0.9313491268864167, '_a4_': -0.21009680602741412, '_a5_': 0.4567415853216763, '_a0_': 1.0, '_a1_': 1.0, '_a6_': 1.0, '_a7_': 1.0}};{'d0': 0.02441521208264292};-277.669260633740;39.75772129664401
7375;-99.0769090202261;(((sinh((pow2(_a5_) + x)) + (_a3_ * x)) + _a4_) * _a2_);{'d0': {'_a2_': 19.64602088023463, '_a3_': -0.9313491268864167, '_a4_': -0.21009680602741412, '_a5_': 0.4567415853216763, '_a0_': 1.0, '_a1_': 1.0, '_a6_': 1.0, '_a7_': 1.0}};{'d0': 0.02441521208264292};-277.669260633740;39.75772129664401
7376;-99.0769090202261;(((sinh((pow2(_a5_) + x)) + (_a3_ * x)) + _a4_) * _a2_);{'d0': {'_a2_': 19.64602088023463, '_a3_': -0.9313491268864167, '_a4_': -0.21009680602741412, '_a5_': 0.4567415853216763, '_a0_': 1.0, '_a1_': 1.0, '_a6_': 1.0, '_a7_': 1.0}};{'d0': 0.02441521208264292};-277.669260633740;39.75772129664401
7377;-99.0769090202261;(((sinh((pow2(_a5_) + x)) + (_a3_ * x)) + _a4_) * _a2_);{'d0': {'_a2_': 19.64602088023463, '_a3_': -0.9313491268864167, '_a4_': -0.21009680602741412, '_a5_': 0.4567415853216763, '_a0_': 1.0, '_a1_': 1.0, '_a6_': 1.0, '_a7_': 1.0}};{'d0': 0.02441521208264292};-277.669260633740;39.75772129664401
7378;-99.0769090202261;(((sinh((pow2(_a5_) + x)) + (_a3_ * x)) + _a4_) * _a2_);{'d0': {'_a2_': 19.64602088023463, '_a3_': -0.9313491268864167, '_a4_': -0.21009680602741412, '_a5_': 0.4567415853216763, '_a0_': 1.0, '_a1_': 1.0, '_a6_': 1.0, '_a7_': 1.0}};{'d0': 0.02441521208264292};-277.669260633740;39.75772129664401
7379;-99.0769090202261;(((sinh((pow2(_a5_) + x)) + (_a3_ * x)) + _a4_) * _a2_);{'d0': {'_a2_': 19.64602088023463, '_a3_': -0.9313491268864167, '_a4_': -0.21009680602741412, '_a5_': 0.4567415853216763, '_a0_': 1.0, '_a1_': 1.0, '_a6_': 1.0, '_a7_': 1.0}};{'d0': 0.02441521208264292};-277.669260633740;39.75772129664401
7380;-99.0769090202261;(((sinh((pow2(_a5_) + x)) + (_a3_ * x)) + _a4_) * _a2_);{'d0': {'_a2_': 19.64602088023463, '_a3_': -0.9313491268864167, '_a4_': -0.21009680602741412, '_a5_': 0.4567415853216763, '_a0_': 1.0, '_a1_': 1.0, '_a6_': 1.0, '_a7_': 1.0}};{'d0': 0.02441521208264292};-277.669260633740;39.75772129664401
7381;-99.0769090202261;(((sinh((pow2(_a5_) + x)) + (_a3_ * x)) + _a4_) * _a2_);{'d0': {'_a2_': 19.64602088023463, '_a3_': -0.9313491268864167, '_a4_': -0.21009680602741412, '_a5_': 0.4567415853216763, '_a0_': 1.0, '_a1_': 1.0, '_a6_': 1.0, '_a7_': 1.0}};{'d0': 0.02441521208264292};-277.669260633740;39.75772129664401
7382;-99.0769090202261;(((sinh((pow2(_a5_) + x)) + (_a3_ * x)) + _a4_) * _a2_);{'d0': {'_a2_': 19.64602088023463, '_a3_': -0.9313491268864167, '_a4_': -0.21009680602741412, '_a5_': 0.4567415853216763, '_a0_': 1.0, '_a1_': 1.0, '_a6_': 1.0, '_a7_': 1.0}};{'d0': 0.02441521208264292};-277.669260633740;39.75772129664401
7383;-99.0769090202261;(((sinh((pow2(_a5_) + x)) + (_a3_ * x)) + _a4_) * _a2_);{'d0': {'_a2_': 19.64602088023463, '_a3_': -0.9313491268864167, '_a4_': -0.21009680602741412, '_a5_': 0.4567415853216763, '_a0_': 1.0, '_a1_': 1.0, '_a6_': 1.0, '_a7_': 1.0}};{'d0': 0.02441521208264292};-277.669260633740;39.75772129664401
7384;-99.0769090202261;(((sinh((pow2(_a5_) + x)) + (_a3_ * x)) + _a4_) * _a2_);{'d0': {'_a2_': 19.64602088023463, '_a3_': -0.9313491268864167, '_a4_': -0.21009680602741412, '_a5_': 0.4567415853216763, '_a0_': 1.0, '_a1_': 1.0, '_a6_': 1.0, '_a7_': 1.0}};{'d0': 0.02441521208264292};-277.669260633740;39.75772129664401
7385;-99.0769090202261;(((sinh((pow2(_a5_) + x)) + (_a3_ * x)) + _a4_) * _a2_);{'d0': {'_a2_': 19.64602088023463, '_a3_': -0.9313491268864167, '_a4_': -0.21009680602741412, '_a5_': 0.4567415853216763, '_a0_': 1.0, '_a1_': 1.0, '_a6_': 1.0, '_a7_': 1.0}};{'d0': 0.02441521208264292};-277.669260633740;39.75772129664401
7386;-99.0769090202261;(((sinh((pow2(_a5_) + x)) + (_a3_ * x)) + _a4_) * _a2_);{'d0': {'_a2_': 19.64602088023463, '_a3_': -0.9313491268864167, '_a4_': -0.21009680602741412, '_a5_': 0.4567415853216763, '_a0_': 1.0, '_a1_': 1.0, '_a6_': 1.0, '_a7_': 1.0}};{'d0': 0.02441521208264292};-277.669260633740;39.75772129664401
7387;-99.0769090202261;(((sinh((pow2(_a5_) + x)) + (_a3_ * x)) + _a4_) * _a2_);{'d0': {'_a2_': 19.64602088023463, '_a3_': -0.9313491268864167, '_a4_': -0.21009680602741412, '_a5_': 0.4567415853216763, '_a0_': 1.0, '_a1_': 1.0, '_a6_': 1.0, '_a7_': 1.0}};{'d0': 0.02441521208264292};-277.669260633740;39.75772129664401
7388;-93.2766172538241;(((sinh((pow2(_a5_) + x)) + ((_a0_ / _a5_) * x)) + _a4_) * _a2_);{'d0': {'_a0_': -0.42538587676793577, '_a2_': 19.64602089167133, '_a4_': -0.2100968060669005, '_a5_': 0.4567415853554224, '_a1_': 1.0, '_a3_': 1.0, '_a6_': 1.0, '_a7_': 1.0}};{'d0': 0.024415212082642544};-277.669260633741;45.55801306304641
7389;-93.2766172538241;(((sinh((pow2(_a5_) + x)) + ((_a0_ / _a5_) * x)) + _a4_) * _a2_);{'d0': {'_a0_': -0.42538587676793577, '_a2_': 19.64602089167133, '_a4_': -0.2100968060669005, '_a5_': 0.4567415853554224, '_a1_': 1.0, '_a3_': 1.0, '_a6_': 1.0, '_a7_': 1.0}};{'d0': 0.024415212082642544};-277.669260633741;45.55801306304641
7390;-93.2766172538241;(((sinh((pow2(_a5_) + x)) + ((_a0_ / _a5_) * x)) + _a4_) * _a2_);{'d0': {'_a0_': -0.42538587676793577, '_a2_': 19.64602089167133, '_a4_': -0.2100968060669005, '_a5_': 0.4567415853554224, '_a1_': 1.0, '_a3_': 1.0, '_a6_': 1.0, '_a7_': 1.0}};{'d0': 0.024415212082642544};-277.669260633741;45.55801306304641
7391;-93.2766172538241;(((sinh((pow2(_a5_) + x)) + ((_a0_ / _a5_) * x)) + _a4_) * _a2_);{'d0': {'_a0_': -0.42538587676793577, '_a2_': 19.64602089167133, '_a4_': -0.2100968060669005, '_a5_': 0.4567415853554224, '_a1_': 1.0, '_a3_': 1.0, '_a6_': 1.0, '_a7_': 1.0}};{'d0': 0.024415212082642544};-277.669260633741;45.55801306304641
7392;-93.2766172538241;(((sinh((pow2(_a5_) + x)) + ((_a0_ / _a5_) * x)) + _a4_) * _a2_);{'d0': {'_a0_': -0.42538587676793577, '_a2_': 19.64602089167133, '_a4_': -0.2100968060669005, '_a5_': 0.4567415853554224, '_a1_': 1.0, '_a3_': 1.0, '_a6_': 1.0, '_a7_': 1.0}};{'d0': 0.024415212082642544};-277.669260633741;45.55801306304641
7393;-93.2766172538241;(((sinh((pow2(_a5_) + x)) + ((_a0_ / _a5_) * x)) + _a4_) * _a2_);{'d0': {'_a0_': -0.42538587676793577, '_a2_': 19.64602089167133, '_a4_': -0.2100968060669005, '_a5_': 0.4567415853554224, '_a1_': 1.0, '_a3_': 1.0, '_a6_': 1.0, '_a7_': 1.0}};{'d0': 0.024415212082642544};-277.669260633741;45.55801306304641
7394;-96.9745517264335;(((sinh((_a5_ + x)) + ((_a0_ / _a5_) * x)) + _a4_) * _a2_);{'d0': {'_a0_': -0.19429141947498046, '_a2_': 19.64602086720848, '_a4_': -0.21009680577958728, '_a5_': 0.2086128755385349, '_a1_': 1.0, '_a3_': 1.0, '_a6_': 1.0, '_a7_': 1.0}};{'d0': 0.02441521208264308};-277.669260633740;41.86007859043641
7395;-96.9745517264335;(((sinh((_a5_ + x)) + ((_a0_ / _a5_) * x)) + _a4_) * _a2_);{'d0': {'_a0_': -0.19429141947498046, '_a2_': 19.64602086720848, '_a4_': -0.21009680577958728, '_a5_': 0.2086128755385349, '_a1_': 1.0, '_a3_': 1.0, '_a6_': 1.0, '_a7_': 1.0}};{'d0': 0.02441521208264308};-277.669260633740;41.86007859043641
7396;-96.9745517264335;(((sinh((_a5_ + x)) + ((_a0_ / _a5_) * x)) + _a4_) * _a2_);{'d0': {'_a0_': -0.19429141947498046, '_a2_': 19.64602086720848, '_a4_': -0.21009680577958728, '_a5_': 0.2086128755385349, '_a1_': 1.0, '_a3_': 1.0, '_a6_': 1.0, '_a7_': 1.0}};{'d0': 0.02441521208264308};-277.669260633740;41.86007859043641
7397;-96.9745517264335;(((sinh((_a5_ + x)) + ((_a0_ / _a5_) * x)) + _a4_) * _a2_);{'d0': {'_a0_': -0.19429141947498046, '_a2_': 19.64602086720848, '_a4_': -0.21009680577958728, '_a5_': 0.2086128755385349, '_a1_': 1.0, '_a3_': 1.0, '_a6_': 1.0, '_a7_': 1.0}};{'d0': 0.02441521208264308};-277.669260633740;41.86007859043641
7398;-96.9745517264335;(((sinh((_a5_ + x)) + ((_a0_ / _a5_) * x)) + _a4_) * _a2_);{'d0': {'_a0_': -0.19429141947498046, '_a2_': 19.64602086720848, '_a4_': -0.21009680577958728, '_a5_': 0.2086128755385349, '_a1_': 1.0, '_a3_': 1.0, '_a6_': 1.0, '_a7_': 1.0}};{'d0': 0.02441521208264308};-277.669260633740;41.86007859043641
7399;-97.1876286847512;((_a7_ + (x * _a2_)) + (tanh(((_a6_ + x) * _a6_)) * _a1_));{'d0': {'_a1_': -1139.8987402223102, '_a2_': 238.45939971197555, '_a6_': 0.20802668893382825, '_a7_': 49.296876747038574, '_a0_': 1.0, '_a3_': 1.0, '_a4_': 1.0, '_a5_': 1.0}};{'d0': 0.025149461010691408};-275.891455756802;40.75809919365003
7400;-97.1876286847512;((_a7_ + (x * _a2_)) + (tanh(((_a6_ + x) * _a6_)) * _a1_));{'d0': {'_a1_': -1139.8987402223102, '_a2_': 238.45939971197555, '_a6_': 0.20802668893382825, '_a7_': 49.296876747038574, '_a0_': 1.0, '_a3_': 1.0, '_a4_': 1.0, '_a5_': 1.0}};{'d0': 0.025149461010691408};-275.891455756802;40.75809919365003
7401;-97.1876286847512;((_a7_ + (x * _a2_)) + (tanh(((_a6_ + x) * _a6_)) * _a1_));{'d0': {'_a1_': -1139.8987402223102, '_a2_': 238.45939971197555, '_a6_': 0.20802668893382825, '_a7_': 49.296876747038574, '_a0_': 1.0, '_a3_': 1.0, '_a4_': 1.0, '_a5_': 1.0}};{'d0': 0.025149461010691408};-275.891455756802;40.75809919365003
7402;-97.1876286847512;((_a7_ + (x * _a2_)) + (tanh(((_a6_ + x) * _a6_)) * _a1_));{'d0': {'_a1_': -1139.8987402223102, '_a2_': 238.45939971197555, '_a6_': 0.20802668893382825, '_a7_': 49.296876747038574, '_a0_': 1.0, '_a3_': 1.0, '_a4_': 1.0, '_a5_': 1.0}};{'d0': 0.025149461010691408};-275.891455756802;40.75809919365003
7403;-97.1876286847512;((_a7_ + (x * _a2_)) + (tanh(((_a6_ + x) * _a6_)) * _a1_));{'d0': {'_a1_': -1139.8987402223102, '_a2_': 238.45939971197555, '_a6_': 0.20802668893382825, '_a7_': 49.296876747038574, '_a0_': 1.0, '_a3_': 1.0, '_a4_': 1.0, '_a5_': 1.0}};{'d0': 0.025149461010691408};-275.891455756802;40.75809919365003
7404;-97.1876286847512;((_a7_ + (x * _a2_)) + (tanh(((_a6_ + x) * _a6_)) * _a1_));{'d0': {'_a1_': -1139.8987402223102, '_a2_': 238.45939971197555, '_a6_': 0.20802668893382825, '_a7_': 49.296876747038574, '_a0_': 1.0, '_a3_': 1.0, '_a4_': 1.0, '_a5_': 1.0}};{'d0': 0.025149461010691408};-275.891455756802;40.75809919365003
7405;-97.1876286847512;((_a7_ + (x * _a2_)) + (tanh(((_a6_ + x) * _a6_)) * _a1_));{'d0': {'_a1_': -1139.8987402223102, '_a2_': 238.45939971197555, '_a6_': 0.20802668893382825, '_a7_': 49.296876747038574, '_a0_': 1.0, '_a3_': 1.0, '_a4_': 1.0, '_a5_': 1.0}};{'d0': 0.025149461010691408};-275.891455756802;40.75809919365003
7406;-97.1876286847512;((_a7_ + (x * _a2_)) + (tanh(((_a6_ + x) * _a6_)) * _a1_));{'d0': {'_a1_': -1139.8987402223102, '_a2_': 238.45939971197555, '_a6_': 0.20802668893382825, '_a7_': 49.296876747038574, '_a0_': 1.0, '_a3_': 1.0, '_a4_': 1.0, '_a5_': 1.0}};{'d0': 0.025149461010691408};-275.891455756802;40.75809919365003
7407;-97.1876286847512;((_a7_ + (x * _a2_)) + (tanh(((_a6_ + x) * _a6_)) * _a1_));{'d0': {'_a1_': -1139.8987402223102, '_a2_': 238.45939971197555, '_a6_': 0.20802668893382825, '_a7_': 49.296876747038574, '_a0_': 1.0, '_a3_': 1.0, '_a4_': 1.0, '_a5_': 1.0}};{'d0': 0.025149461010691408};-275.891455756802;40.75809919365003
7408;-97.1876286847512;((_a7_ + (x * _a2_)) + (tanh(((_a6_ + x) * _a6_)) * _a1_));{'d0': {'_a1_': -1139.8987402223102, '_a2_': 238.45939971197555, '_a6_': 0.20802668893382825, '_a7_': 49.296876747038574, '_a0_': 1.0, '_a3_': 1.0, '_a4_': 1.0, '_a5_': 1.0}};{'d0': 0.025149461010691408};-275.891455756802;40.75809919365003
7409;-97.1876286847512;((_a7_ + (x * _a2_)) + (tanh(((_a6_ + x) * _a6_)) * _a1_));{'d0': {'_a1_': -1139.8987402223102, '_a2_': 238.45939971197555, '_a6_': 0.20802668893382825, '_a7_': 49.296876747038574, '_a0_': 1.0, '_a3_': 1.0, '_a4_': 1.0, '_a5_': 1.0}};{'d0': 0.025149461010691408};-275.891455756802;40.75809919365003
7410;-97.1876286847512;((_a7_ + (x * _a2_)) + (tanh(((_a6_ + x) * _a6_)) * _a1_));{'d0': {'_a1_': -1139.8987402223102, '_a2_': 238.45939971197555, '_a6_': 0.20802668893382825, '_a7_': 49.296876747038574, '_a0_': 1.0, '_a3_': 1.0, '_a4_': 1.0, '_a5_': 1.0}};{'d0': 0.025149461010691408};-275.891455756802;40.75809919365003
7411;-97.1876286847512;((_a7_ + (x * _a2_)) + (tanh(((_a6_ + x) * _a6_)) * _a1_));{'d0': {'_a1_': -1139.8987402223102, '_a2_': 238.45939971197555, '_a6_': 0.20802668893382825, '_a7_': 49.296876747038574, '_a0_': 1.0, '_a3_': 1.0, '_a4_': 1.0, '_a5_': 1.0}};{'d0': 0.025149461010691408};-275.891455756802;40.75809919365003
7412;-97.1876286847512;((_a7_ + (x * _a2_)) + (tanh(((_a6_ + x) * _a6_)) * _a1_));{'d0': {'_a1_': -1139.8987402223102, '_a2_': 238.45939971197555, '_a6_': 0.20802668893382825, '_a7_': 49.296876747038574, '_a0_': 1.0, '_a3_': 1.0, '_a4_': 1.0, '_a5_': 1.0}};{'d0': 0.025149461010691408};-275.891455756802;40.75809919365003
7413;-97.1876286847512;((_a7_ + (x * _a2_)) + (tanh(((_a6_ + x) * _a6_)) * _a1_));{'d0': {'_a1_': -1139.8987402223102, '_a2_': 238.45939971197555, '_a6_': 0.20802668893382825, '_a7_': 49.296876747038574, '_a0_': 1.0, '_a3_': 1.0, '_a4_': 1.0, '_a5_': 1.0}};{'d0': 0.025149461010691408};-275.891455756802;40.75809919365003
7414;-97.1876286847512;((_a7_ + (x * _a2_)) + (tanh(((_a6_ + x) * _a6_)) * _a1_));{'d0': {'_a1_': -1139.8987402223102, '_a2_': 238.45939971197555, '_a6_': 0.20802668893382825, '_a7_': 49.296876747038574, '_a0_': 1.0, '_a3_': 1.0, '_a4_': 1.0, '_a5_': 1.0}};{'d0': 0.025149461010691408};-275.891455756802;40.75809919365003
7415;-97.1876286847512;((_a7_ + (x * _a2_)) + (tanh(((_a6_ + x) * _a6_)) * _a1_));{'d0': {'_a1_': -1139.8987402223102, '_a2_': 238.45939971197555, '_a6_': 0.20802668893382825, '_a7_': 49.296876747038574, '_a0_': 1.0, '_a3_': 1.0, '_a4_': 1.0, '_a5_': 1.0}};{'d0': 0.025149461010691408};-275.891455756802;40.75809919365003
7416;-97.1876286847512;((_a7_ + (x * _a2_)) + (tanh(((_a6_ + x) * _a6_)) * _a1_));{'d0': {'_a1_': -1139.8987402223102, '_a2_': 238.45939971197555, '_a6_': 0.20802668893382825, '_a7_': 49.296876747038574, '_a0_': 1.0, '_a3_': 1.0, '_a4_': 1.0, '_a5_': 1.0}};{'d0': 0.025149461010691408};-275.891455756802;40.75809919365003
7417;-97.1876286847512;((_a7_ + (x * _a2_)) + (tanh(((_a6_ + x) * _a6_)) * _a1_));{'d0': {'_a1_': -1139.8987402223102, '_a2_': 238.45939971197555, '_a6_': 0.20802668893382825, '_a7_': 49.296876747038574, '_a0_': 1.0, '_a3_': 1.0, '_a4_': 1.0, '_a5_': 1.0}};{'d0': 0.025149461010691408};-275.891455756802;40.75809919365003
7418;-96.9745517264335;(((sinh((_a5_ + x)) + ((_a0_ / _a5_) * x)) + _a4_) * _a2_);{'d0': {'_a0_': -0.19429141947498046, '_a2_': 19.64602086720848, '_a4_': -0.21009680577958728, '_a5_': 0.2086128755385349, '_a1_': 1.0, '_a3_': 1.0, '_a6_': 1.0, '_a7_': 1.0}};{'d0': 0.02441521208264308};-277.669260633740;41.86007859043641
7419;-96.9745517264335;(((sinh((_a5_ + x)) + ((_a0_ / _a5_) * x)) + _a4_) * _a2_);{'d0': {'_a0_': -0.19429141947498046, '_a2_': 19.64602086720848, '_a4_': -0.21009680577958728, '_a5_': 0.2086128755385349, '_a1_': 1.0, '_a3_': 1.0, '_a6_': 1.0, '_a7_': 1.0}};{'d0': 0.02441521208264308};-277.669260633740;41.86007859043641
7420;-97.1876286847512;((_a7_ + (x * _a2_)) + (tanh(((_a6_ + x) * _a6_)) * _a1_));{'d0': {'_a1_': -1139.8987402223102, '_a2_': 238.45939971197555, '_a6_': 0.20802668893382825, '_a7_': 49.296876747038574, '_a0_': 1.0, '_a3_': 1.0, '_a4_': 1.0, '_a5_': 1.0}};{'d0': 0.025149461010691408};-275.891455756802;40.75809919365003
7421;-97.1876286847512;((_a7_ + (x * _a2_)) + (tanh(((_a6_ + x) * _a6_)) * _a1_));{'d0': {'_a1_': -1139.8987402223102, '_a2_': 238.45939971197555, '_a6_': 0.20802668893382825, '_a7_': 49.296876747038574, '_a0_': 1.0, '_a3_': 1.0, '_a4_': 1.0, '_a5_': 1.0}};{'d0': 0.025149461010691408};-275.891455756802;40.75809919365003
7422;-97.1876286847512;((_a7_ + (x * _a2_)) + (tanh(((_a6_ + x) * _a6_)) * _a1_));{'d0': {'_a1_': -1139.8987402223102, '_a2_': 238.45939971197555, '_a6_': 0.20802668893382825, '_a7_': 49.296876747038574, '_a0_': 1.0, '_a3_': 1.0, '_a4_': 1.0, '_a5_': 1.0}};{'d0': 0.025149461010691408};-275.891455756802;40.75809919365003
7423;-97.1876286847512;((_a7_ + (x * _a2_)) + (tanh(((_a6_ + x) * _a6_)) * _a1_));{'d0': {'_a1_': -1139.8987402223102, '_a2_': 238.45939971197555, '_a6_': 0.20802668893382825, '_a7_': 49.296876747038574, '_a0_': 1.0, '_a3_': 1.0, '_a4_': 1.0, '_a5_': 1.0}};{'d0': 0.025149461010691408};-275.891455756802;40.75809919365003
7424;-97.1876286847512;((_a7_ + (x * _a2_)) + (tanh(((_a6_ + x) * _a6_)) * _a1_));{'d0': {'_a1_': -1139.8987402223102, '_a2_': 238.45939971197555, '_a6_': 0.20802668893382825, '_a7_': 49.296876747038574, '_a0_': 1.0, '_a3_': 1.0, '_a4_': 1.0, '_a5_': 1.0}};{'d0': 0.025149461010691408};-275.891455756802;40.75809919365003
7425;-97.1876286847512;((_a7_ + (x * _a2_)) + (tanh(((_a6_ + x) * _a6_)) * _a1_));{'d0': {'_a1_': -1139.8987402223102, '_a2_': 238.45939971197555, '_a6_': 0.20802668893382825, '_a7_': 49.296876747038574, '_a0_': 1.0, '_a3_': 1.0, '_a4_': 1.0, '_a5_': 1.0}};{'d0': 0.025149461010691408};-275.891455756802;40.75809919365003
7426;-97.1876286847512;((_a7_ + (x * _a2_)) + (tanh(((_a6_ + x) * _a6_)) * _a1_));{'d0': {'_a1_': -1139.8987402223102, '_a2_': 238.45939971197555, '_a6_': 0.20802668893382825, '_a7_': 49.296876747038574, '_a0_': 1.0, '_a3_': 1.0, '_a4_': 1.0, '_a5_': 1.0}};{'d0': 0.025149461010691408};-275.891455756802;40.75809919365003
7427;-97.1876286847512;((_a7_ + (x * _a2_)) + (tanh(((_a6_ + x) * _a6_)) * _a1_));{'d0': {'_a1_': -1139.8987402223102, '_a2_': 238.45939971197555, '_a6_': 0.20802668893382825, '_a7_': 49.296876747038574, '_a0_': 1.0, '_a3_': 1.0, '_a4_': 1.0, '_a5_': 1.0}};{'d0': 0.025149461010691408};-275.891455756802;40.75809919365003
7428;-97.1876286847512;((_a7_ + (x * _a2_)) + (tanh(((_a6_ + x) * _a6_)) * _a1_));{'d0': {'_a1_': -1139.8987402223102, '_a2_': 238.45939971197555, '_a6_': 0.20802668893382825, '_a7_': 49.296876747038574, '_a0_': 1.0, '_a3_': 1.0, '_a4_': 1.0, '_a5_': 1.0}};{'d0': 0.025149461010691408};-275.891455756802;40.75809919365003
7429;-97.1876286847512;((_a7_ + (x * _a2_)) + (tanh(((_a6_ + x) * _a6_)) * _a1_));{'d0': {'_a1_': -1139.8987402223102, '_a2_': 238.45939971197555, '_a6_': 0.20802668893382825, '_a7_': 49.296876747038574, '_a0_': 1.0, '_a3_': 1.0, '_a4_': 1.0, '_a5_': 1.0}};{'d0': 0.025149461010691408};-275.891455756802;40.75809919365003
7430;-96.9745517264335;(((sinh((_a5_ + x)) + ((_a0_ / _a5_) * x)) + _a4_) * _a2_);{'d0': {'_a0_': -0.19429141947498046, '_a2_': 19.64602086720848, '_a4_': -0.21009680577958728, '_a5_': 0.2086128755385349, '_a1_': 1.0, '_a3_': 1.0, '_a6_': 1.0, '_a7_': 1.0}};{'d0': 0.02441521208264308};-277.669260633740;41.86007859043641
7431;-96.9745517264335;(((sinh((_a5_ + x)) + ((_a0_ / _a5_) * x)) + _a4_) * _a2_);{'d0': {'_a0_': -0.19429141947498046, '_a2_': 19.64602086720848, '_a4_': -0.21009680577958728, '_a5_': 0.2086128755385349, '_a1_': 1.0, '_a3_': 1.0, '_a6_': 1.0, '_a7_': 1.0}};{'d0': 0.02441521208264308};-277.669260633740;41.86007859043641
7432;-96.9745517264335;(((sinh((_a5_ + x)) + ((_a0_ / _a5_) * x)) + _a4_) * _a2_);{'d0': {'_a0_': -0.19429141947498046, '_a2_': 19.64602086720848, '_a4_': -0.21009680577958728, '_a5_': 0.2086128755385349, '_a1_': 1.0, '_a3_': 1.0, '_a6_': 1.0, '_a7_': 1.0}};{'d0': 0.02441521208264308};-277.669260633740;41.86007859043641
7433;-96.9745517264335;(((sinh((_a5_ + x)) + ((_a0_ / _a5_) * x)) + _a4_) * _a2_);{'d0': {'_a0_': -0.19429141947498046, '_a2_': 19.64602086720848, '_a4_': -0.21009680577958728, '_a5_': 0.2086128755385349, '_a1_': 1.0, '_a3_': 1.0, '_a6_': 1.0, '_a7_': 1.0}};{'d0': 0.02441521208264308};-277.669260633740;41.86007859043641
7434;-97.8978608537012;(((sinh((_a5_ + x)) + ((_a0_ * _a5_) * x)) + _a4_) * _a2_);{'d0': {'_a0_': -4.464485355312689, '_a2_': 19.646020863881766, '_a4_': -0.21009680554482169, '_a5_': 0.20861287532222564, '_a1_': 1.0, '_a3_': 1.0, '_a6_': 1.0, '_a7_': 1.0}};{'d0': 0.024415212082642808};-277.669260633740;40.93676946316901
7435;-97.8978608537012;(((sinh((_a5_ + x)) + ((_a0_ * _a5_) * x)) + _a4_) * _a2_);{'d0': {'_a0_': -4.464485355312689, '_a2_': 19.646020863881766, '_a4_': -0.21009680554482169, '_a5_': 0.20861287532222564, '_a1_': 1.0, '_a3_': 1.0, '_a6_': 1.0, '_a7_': 1.0}};{'d0': 0.024415212082642808};-277.669260633740;40.93676946316901
7436;-97.8978608537012;(((sinh((_a5_ + x)) + ((_a0_ * _a5_) * x)) + _a4_) * _a2_);{'d0': {'_a0_': -4.464485355312689, '_a2_': 19.646020863881766, '_a4_': -0.21009680554482169, '_a5_': 0.20861287532222564, '_a1_': 1.0, '_a3_': 1.0, '_a6_': 1.0, '_a7_': 1.0}};{'d0': 0.024415212082642808};-277.669260633740;40.93676946316901
7437;-97.8978608537012;(((sinh((_a5_ + x)) + ((_a0_ * _a5_) * x)) + _a4_) * _a2_);{'d0': {'_a0_': -4.464485355312689, '_a2_': 19.646020863881766, '_a4_': -0.21009680554482169, '_a5_': 0.20861287532222564, '_a1_': 1.0, '_a3_': 1.0, '_a6_': 1.0, '_a7_': 1.0}};{'d0': 0.024415212082642808};-277.669260633740;40.93676946316901
7438;-97.8978608537012;(((sinh((_a5_ + x)) + ((_a0_ * _a5_) * x)) + _a4_) * _a2_);{'d0': {'_a0_': -4.464485355312689, '_a2_': 19.646020863881766, '_a4_': -0.21009680554482169, '_a5_': 0.20861287532222564, '_a1_': 1.0, '_a3_': 1.0, '_a6_': 1.0, '_a7_': 1.0}};{'d0': 0.024415212082642808};-277.669260633740;40.93676946316901
7439;-97.8978608537012;(((sinh((_a5_ + x)) + ((_a0_ * _a5_) * x)) + _a4_) * _a2_);{'d0': {'_a0_': -4.464485355312689, '_a2_': 19.646020863881766, '_a4_': -0.21009680554482169, '_a5_': 0.20861287532222564, '_a1_': 1.0, '_a3_': 1.0, '_a6_': 1.0, '_a7_': 1.0}};{'d0': 0.024415212082642808};-277.669260633740;40.93676946316901
7440;-97.8978608537012;(((sinh((_a5_ + x)) + ((_a0_ * _a5_) * x)) + _a4_) * _a2_);{'d0': {'_a0_': -4.464485355312689, '_a2_': 19.646020863881766, '_a4_': -0.21009680554482169, '_a5_': 0.20861287532222564, '_a1_': 1.0, '_a3_': 1.0, '_a6_': 1.0, '_a7_': 1.0}};{'d0': 0.024415212082642808};-277.669260633740;40.93676946316901
7441;-99.4937225287174;(((pow3((_a5_ + x)) + ((_a0_ * _a5_) * x)) + _a4_) * _a2_);{'d0': {'_a0_': 1.8956008029742957, '_a2_': 3.382518155248808, '_a4_': -0.009325566155042283, '_a5_': 0.20818372264814888, '_a1_': 1.0, '_a3_': 1.0, '_a6_': 1.0, '_a7_': 1.0}};{'d0': 0.02488548250186684};-276.524567593312;38.768561267939006
7442;-99.4937225287174;(((pow3((_a5_ + x)) + ((_a0_ * _a5_) * x)) + _a4_) * _a2_);{'d0': {'_a0_': 1.8956008029742957, '_a2_': 3.382518155248808, '_a4_': -0.009325566155042283, '_a5_': 0.20818372264814888, '_a1_': 1.0, '_a3_': 1.0, '_a6_': 1.0, '_a7_': 1.0}};{'d0': 0.02488548250186684};-276.524567593312;38.768561267939006
7443;-99.4937225287174;(((pow3((_a5_ + x)) + ((_a0_ * _a5_) * x)) + _a4_) * _a2_);{'d0': {'_a0_': 1.8956008029742957, '_a2_': 3.382518155248808, '_a4_': -0.009325566155042283, '_a5_': 0.20818372264814888, '_a1_': 1.0, '_a3_': 1.0, '_a6_': 1.0, '_a7_': 1.0}};{'d0': 0.02488548250186684};-276.524567593312;38.768561267939006
7444;-99.4937225287174;(((pow3((_a5_ + x)) + ((_a0_ * _a5_) * x)) + _a4_) * _a2_);{'d0': {'_a0_': 1.8956008029742957, '_a2_': 3.382518155248808, '_a4_': -0.009325566155042283, '_a5_': 0.20818372264814888, '_a1_': 1.0, '_a3_': 1.0, '_a6_': 1.0, '_a7_': 1.0}};{'d0': 0.02488548250186684};-276.524567593312;38.768561267939006
7445;-99.4937225287174;(((pow3((_a5_ + x)) + ((_a0_ * _a5_) * x)) + _a4_) * _a2_);{'d0': {'_a0_': 1.8956008029742957, '_a2_': 3.382518155248808, '_a4_': -0.009325566155042283, '_a5_': 0.20818372264814888, '_a1_': 1.0, '_a3_': 1.0, '_a6_': 1.0, '_a7_': 1.0}};{'d0': 0.02488548250186684};-276.524567593312;38.768561267939006
7446;-99.4937225287174;(((pow3((_a5_ + x)) + ((_a0_ * _a5_) * x)) + _a4_) * _a2_);{'d0': {'_a0_': 1.8956008029742957, '_a2_': 3.382518155248808, '_a4_': -0.009325566155042283, '_a5_': 0.20818372264814888, '_a1_': 1.0, '_a3_': 1.0, '_a6_': 1.0, '_a7_': 1.0}};{'d0': 0.02488548250186684};-276.524567593312;38.768561267939006
7447;-99.4937225287174;(((pow3((_a5_ + x)) + ((_a0_ * _a5_) * x)) + _a4_) * _a2_);{'d0': {'_a0_': 1.8956008029742957, '_a2_': 3.382518155248808, '_a4_': -0.009325566155042283, '_a5_': 0.20818372264814888, '_a1_': 1.0, '_a3_': 1.0, '_a6_': 1.0, '_a7_': 1.0}};{'d0': 0.02488548250186684};-276.524567593312;38.768561267939006
7448;-99.4937225287174;(((pow3((_a5_ + x)) + ((_a0_ * _a5_) * x)) + _a4_) * _a2_);{'d0': {'_a0_': 1.8956008029742957, '_a2_': 3.382518155248808, '_a4_': -0.009325566155042283, '_a5_': 0.20818372264814888, '_a1_': 1.0, '_a3_': 1.0, '_a6_': 1.0, '_a7_': 1.0}};{'d0': 0.02488548250186684};-276.524567593312;38.768561267939006
7449;-99.4937225287174;(((pow3((_a5_ + x)) + ((_a0_ * _a5_) * x)) + _a4_) * _a2_);{'d0': {'_a0_': 1.8956008029742957, '_a2_': 3.382518155248808, '_a4_': -0.009325566155042283, '_a5_': 0.20818372264814888, '_a1_': 1.0, '_a3_': 1.0, '_a6_': 1.0, '_a7_': 1.0}};{'d0': 0.02488548250186684};-276.524567593312;38.768561267939006
7450;-99.4937225287175;(((pow3((_a5_ + x)) + ((_a7_ * _a5_) * x)) + _a4_) * _a2_);{'d0': {'_a2_': 3.382518144283506, '_a4_': -0.009325565670579829, '_a5_': 0.2081837222097081, '_a7_': 1.8956008184114748, '_a0_': 1.0, '_a1_': 1.0, '_a3_': 1.0, '_a6_': 1.0}};{'d0': 0.024885482501866767};-276.524567593313;38.768561267939006
7451;-97.1876286848370;((_a0_ + (x * _a2_)) + (tanh(((_a6_ + x) * _a6_)) * _a1_));{'d0': {'_a0_': 49.29686964015384, '_a1_': -1139.8982108815303, '_a2_': 238.4593277301096, '_a6_': 0.20802672237260772, '_a3_': 1.0, '_a4_': 1.0, '_a5_': 1.0, '_a7_': 1.0}};{'d0': 0.02514946101061947};-275.891455756974;40.75809919365003
7452;-97.1876286848370;((_a0_ + (x * _a2_)) + (tanh(((_a6_ + x) * _a6_)) * _a1_));{'d0': {'_a0_': 49.29686964015384, '_a1_': -1139.8982108815303, '_a2_': 238.4593277301096, '_a6_': 0.20802672237260772, '_a3_': 1.0, '_a4_': 1.0, '_a5_': 1.0, '_a7_': 1.0}};{'d0': 0.02514946101061947};-275.891455756974;40.75809919365003
7453;-97.1876286848370;((_a0_ + (x * _a2_)) + (tanh(((_a6_ + x) * _a6_)) * _a1_));{'d0': {'_a0_': 49.29686964015384, '_a1_': -1139.8982108815303, '_a2_': 238.4593277301096, '_a6_': 0.20802672237260772, '_a3_': 1.0, '_a4_': 1.0, '_a5_': 1.0, '_a7_': 1.0}};{'d0': 0.02514946101061947};-275.891455756974;40.75809919365003
7454;-97.1876286848370;((_a0_ + (x * _a2_)) + (tanh(((_a6_ + x) * _a6_)) * _a1_));{'d0': {'_a0_': 49.29686964015384, '_a1_': -1139.8982108815303, '_a2_': 238.4593277301096, '_a6_': 0.20802672237260772, '_a3_': 1.0, '_a4_': 1.0, '_a5_': 1.0, '_a7_': 1.0}};{'d0': 0.02514946101061947};-275.891455756974;40.75809919365003
7455;-97.1876286848370;((_a0_ + (x * _a2_)) + (tanh(((_a6_ + x) * _a6_)) * _a1_));{'d0': {'_a0_': 49.29686964015384, '_a1_': -1139.8982108815303, '_a2_': 238.4593277301096, '_a6_': 0.20802672237260772, '_a3_': 1.0, '_a4_': 1.0, '_a5_': 1.0, '_a7_': 1.0}};{'d0': 0.02514946101061947};-275.891455756974;40.75809919365003
7456;-97.1876286848370;((_a0_ + (x * _a2_)) + (tanh(((_a6_ + x) * _a6_)) * _a1_));{'d0': {'_a0_': 49.29686964015384, '_a1_': -1139.8982108815303, '_a2_': 238.4593277301096, '_a6_': 0.20802672237260772, '_a3_': 1.0, '_a4_': 1.0, '_a5_': 1.0, '_a7_': 1.0}};{'d0': 0.02514946101061947};-275.891455756974;40.75809919365003
7457;-97.1876286848370;((_a0_ + (x * _a2_)) + (tanh(((_a6_ + x) * _a6_)) * _a1_));{'d0': {'_a0_': 49.29686964015384, '_a1_': -1139.8982108815303, '_a2_': 238.4593277301096, '_a6_': 0.20802672237260772, '_a3_': 1.0, '_a4_': 1.0, '_a5_': 1.0, '_a7_': 1.0}};{'d0': 0.02514946101061947};-275.891455756974;40.75809919365003
7458;-97.1876286848370;((_a0_ + (x * _a2_)) + (tanh(((_a6_ + x) * _a6_)) * _a1_));{'d0': {'_a0_': 49.29686964015384, '_a1_': -1139.8982108815303, '_a2_': 238.4593277301096, '_a6_': 0.20802672237260772, '_a3_': 1.0, '_a4_': 1.0, '_a5_': 1.0, '_a7_': 1.0}};{'d0': 0.02514946101061947};-275.891455756974;40.75809919365003
7459;-97.1876286848370;((_a0_ + (x * _a2_)) + (tanh(((_a6_ + x) * _a6_)) * _a1_));{'d0': {'_a0_': 49.29686964015384, '_a1_': -1139.8982108815303, '_a2_': 238.4593277301096, '_a6_': 0.20802672237260772, '_a3_': 1.0, '_a4_': 1.0, '_a5_': 1.0, '_a7_': 1.0}};{'d0': 0.02514946101061947};-275.891455756974;40.75809919365003
7460;-97.1876286848370;((_a0_ + (x * _a2_)) + (tanh(((_a6_ + x) * _a6_)) * _a1_));{'d0': {'_a0_': 49.29686964015384, '_a1_': -1139.8982108815303, '_a2_': 238.4593277301096, '_a6_': 0.20802672237260772, '_a3_': 1.0, '_a4_': 1.0, '_a5_': 1.0, '_a7_': 1.0}};{'d0': 0.02514946101061947};-275.891455756974;40.75809919365003
7461;-97.1876286848370;((_a0_ + (x * _a2_)) + (tanh(((_a6_ + x) * _a6_)) * _a1_));{'d0': {'_a0_': 49.29686964015384, '_a1_': -1139.8982108815303, '_a2_': 238.4593277301096, '_a6_': 0.20802672237260772, '_a3_': 1.0, '_a4_': 1.0, '_a5_': 1.0, '_a7_': 1.0}};{'d0': 0.02514946101061947};-275.891455756974;40.75809919365003
7462;-97.1876286848370;((_a0_ + (x * _a2_)) + (tanh(((_a6_ + x) * _a6_)) * _a1_));{'d0': {'_a0_': 49.29686964015384, '_a1_': -1139.8982108815303, '_a2_': 238.4593277301096, '_a6_': 0.20802672237260772, '_a3_': 1.0, '_a4_': 1.0, '_a5_': 1.0, '_a7_': 1.0}};{'d0': 0.02514946101061947};-275.891455756974;40.75809919365003
7463;-97.1876286848370;((_a0_ + (x * _a2_)) + (tanh(((_a6_ + x) * _a6_)) * _a1_));{'d0': {'_a0_': 49.29686964015384, '_a1_': -1139.8982108815303, '_a2_': 238.4593277301096, '_a6_': 0.20802672237260772, '_a3_': 1.0, '_a4_': 1.0, '_a5_': 1.0, '_a7_': 1.0}};{'d0': 0.02514946101061947};-275.891455756974;40.75809919365003
7464;-97.1876286848370;((_a0_ + (x * _a2_)) + (tanh(((_a6_ + x) * _a6_)) * _a1_));{'d0': {'_a0_': 49.29686964015384, '_a1_': -1139.8982108815303, '_a2_': 238.4593277301096, '_a6_': 0.20802672237260772, '_a3_': 1.0, '_a4_': 1.0, '_a5_': 1.0, '_a7_': 1.0}};{'d0': 0.02514946101061947};-275.891455756974;40.75809919365003
7465;-97.1876286848370;((_a0_ + (x * _a2_)) + (tanh(((_a6_ + x) * _a6_)) * _a1_));{'d0': {'_a0_': 49.29686964015384, '_a1_': -1139.8982108815303, '_a2_': 238.4593277301096, '_a6_': 0.20802672237260772, '_a3_': 1.0, '_a4_': 1.0, '_a5_': 1.0, '_a7_': 1.0}};{'d0': 0.02514946101061947};-275.891455756974;40.75809919365003
7466;-97.1876286848370;((_a0_ + (x * _a2_)) + (tanh(((_a6_ + x) * _a6_)) * _a1_));{'d0': {'_a0_': 49.29686964015384, '_a1_': -1139.8982108815303, '_a2_': 238.4593277301096, '_a6_': 0.20802672237260772, '_a3_': 1.0, '_a4_': 1.0, '_a5_': 1.0, '_a7_': 1.0}};{'d0': 0.02514946101061947};-275.891455756974;40.75809919365003
7467;-97.1876286848370;((_a0_ + (x * _a2_)) + (tanh(((_a6_ + x) * _a6_)) * _a1_));{'d0': {'_a0_': 49.29686964015384, '_a1_': -1139.8982108815303, '_a2_': 238.4593277301096, '_a6_': 0.20802672237260772, '_a3_': 1.0, '_a4_': 1.0, '_a5_': 1.0, '_a7_': 1.0}};{'d0': 0.02514946101061947};-275.891455756974;40.75809919365003
7468;-97.1876286848370;((_a0_ + (x * _a2_)) + (tanh(((_a6_ + x) * _a6_)) * _a1_));{'d0': {'_a0_': 49.29686964015384, '_a1_': -1139.8982108815303, '_a2_': 238.4593277301096, '_a6_': 0.20802672237260772, '_a3_': 1.0, '_a4_': 1.0, '_a5_': 1.0, '_a7_': 1.0}};{'d0': 0.02514946101061947};-275.891455756974;40.75809919365003
7469;-99.4937225287175;(((pow3((_a5_ + x)) + ((_a7_ * _a5_) * x)) + _a4_) * _a2_);{'d0': {'_a2_': 3.382518144283506, '_a4_': -0.009325565670579829, '_a5_': 0.2081837222097081, '_a7_': 1.8956008184114748, '_a0_': 1.0, '_a1_': 1.0, '_a3_': 1.0, '_a6_': 1.0}};{'d0': 0.024885482501866767};-276.524567593313;38.768561267939006
7470;-95.7957880561074;(((pow3((_a5_ + x)) + ((_a7_ * _a5_) * x)) + _a4_) * pow2(_a1_));{'d0': {'_a1_': 1.839162349107231, '_a4_': -0.009325565809174565, '_a5_': 0.20818372235703034, '_a7_': 1.8956008150150394, '_a0_': 1.0, '_a2_': 1.0, '_a3_': 1.0, '_a6_': 1.0}};{'d0': 0.024885482501866854};-276.524567593312;42.46649574054901
7471;-95.7957880561074;(((pow3((_a5_ + x)) + ((_a7_ * _a5_) * x)) + _a4_) * pow2(_a1_));{'d0': {'_a1_': 1.839162349107231, '_a4_': -0.009325565809174565, '_a5_': 0.20818372235703034, '_a7_': 1.8956008150150394, '_a0_': 1.0, '_a2_': 1.0, '_a3_': 1.0, '_a6_': 1.0}};{'d0': 0.024885482501866854};-276.524567593312;42.46649574054901
7472;-95.7957880561074;(((pow3((_a5_ + x)) + ((_a7_ * _a5_) * x)) + _a4_) * pow2(_a1_));{'d0': {'_a1_': 1.839162349107231, '_a4_': -0.009325565809174565, '_a5_': 0.20818372235703034, '_a7_': 1.8956008150150394, '_a0_': 1.0, '_a2_': 1.0, '_a3_': 1.0, '_a6_': 1.0}};{'d0': 0.024885482501866854};-276.524567593312;42.46649574054901
7473;-95.7957880561074;(((pow3((_a5_ + x)) + ((_a7_ * _a5_) * x)) + _a4_) * pow2(_a1_));{'d0': {'_a1_': 1.839162349107231, '_a4_': -0.009325565809174565, '_a5_': 0.20818372235703034, '_a7_': 1.8956008150150394, '_a0_': 1.0, '_a2_': 1.0, '_a3_': 1.0, '_a6_': 1.0}};{'d0': 0.024885482501866854};-276.524567593312;42.46649574054901
7474;-95.7957880561074;(((pow3((_a5_ + x)) + ((_a7_ * _a5_) * x)) + _a4_) * pow2(_a1_));{'d0': {'_a1_': 1.839162349107231, '_a4_': -0.009325565809174565, '_a5_': 0.20818372235703034, '_a7_': 1.8956008150150394, '_a0_': 1.0, '_a2_': 1.0, '_a3_': 1.0, '_a6_': 1.0}};{'d0': 0.024885482501866854};-276.524567593312;42.46649574054901
7475;-95.7957880561074;(((pow3((_a5_ + x)) + ((_a7_ * _a5_) * x)) + _a4_) * pow2(_a1_));{'d0': {'_a1_': 1.839162349107231, '_a4_': -0.009325565809174565, '_a5_': 0.20818372235703034, '_a7_': 1.8956008150150394, '_a0_': 1.0, '_a2_': 1.0, '_a3_': 1.0, '_a6_': 1.0}};{'d0': 0.024885482501866854};-276.524567593312;42.46649574054901
7476;-97.1876286848370;((_a0_ + (x * _a2_)) + (tanh(((_a6_ + x) * _a6_)) * _a1_));{'d0': {'_a0_': 49.29686964015384, '_a1_': -1139.8982108815303, '_a2_': 238.4593277301096, '_a6_': 0.20802672237260772, '_a3_': 1.0, '_a4_': 1.0, '_a5_': 1.0, '_a7_': 1.0}};{'d0': 0.02514946101061947};-275.891455756974;40.75809919365003
7477;-97.1876286848370;((_a0_ + (x * _a2_)) + (tanh(((_a6_ + x) * _a6_)) * _a1_));{'d0': {'_a0_': 49.29686964015384, '_a1_': -1139.8982108815303, '_a2_': 238.4593277301096, '_a6_': 0.20802672237260772, '_a3_': 1.0, '_a4_': 1.0, '_a5_': 1.0, '_a7_': 1.0}};{'d0': 0.02514946101061947};-275.891455756974;40.75809919365003
7478;-97.1876286848370;((_a0_ + (x * _a2_)) + (tanh(((_a6_ + x) * _a6_)) * _a1_));{'d0': {'_a0_': 49.29686964015384, '_a1_': -1139.8982108815303, '_a2_': 238.4593277301096, '_a6_': 0.20802672237260772, '_a3_': 1.0, '_a4_': 1.0, '_a5_': 1.0, '_a7_': 1.0}};{'d0': 0.02514946101061947};-275.891455756974;40.75809919365003
7479;-97.1876286848370;((_a0_ + (x * _a2_)) + (tanh(((_a6_ + x) * _a6_)) * _a1_));{'d0': {'_a0_': 49.29686964015384, '_a1_': -1139.8982108815303, '_a2_': 238.4593277301096, '_a6_': 0.20802672237260772, '_a3_': 1.0, '_a4_': 1.0, '_a5_': 1.0, '_a7_': 1.0}};{'d0': 0.02514946101061947};-275.891455756974;40.75809919365003
7480;-97.1876286848370;((_a0_ + (x * _a2_)) + (tanh(((_a6_ + x) * _a6_)) * _a1_));{'d0': {'_a0_': 49.29686964015384, '_a1_': -1139.8982108815303, '_a2_': 238.4593277301096, '_a6_': 0.20802672237260772, '_a3_': 1.0, '_a4_': 1.0, '_a5_': 1.0, '_a7_': 1.0}};{'d0': 0.02514946101061947};-275.891455756974;40.75809919365003
7481;-97.1876286848370;((_a0_ + (x * _a2_)) + (tanh(((_a6_ + x) * _a6_)) * _a1_));{'d0': {'_a0_': 49.29686964015384, '_a1_': -1139.8982108815303, '_a2_': 238.4593277301096, '_a6_': 0.20802672237260772, '_a3_': 1.0, '_a4_': 1.0, '_a5_': 1.0, '_a7_': 1.0}};{'d0': 0.02514946101061947};-275.891455756974;40.75809919365003
7482;-97.1876286848370;((_a0_ + (x * _a2_)) + (tanh(((_a6_ + x) * _a6_)) * _a1_));{'d0': {'_a0_': 49.29686964015384, '_a1_': -1139.8982108815303, '_a2_': 238.4593277301096, '_a6_': 0.20802672237260772, '_a3_': 1.0, '_a4_': 1.0, '_a5_': 1.0, '_a7_': 1.0}};{'d0': 0.02514946101061947};-275.891455756974;40.75809919365003
7483;-97.1876286848370;((_a0_ + (x * _a2_)) + (tanh(((_a6_ + x) * _a6_)) * _a1_));{'d0': {'_a0_': 49.29686964015384, '_a1_': -1139.8982108815303, '_a2_': 238.4593277301096, '_a6_': 0.20802672237260772, '_a3_': 1.0, '_a4_': 1.0, '_a5_': 1.0, '_a7_': 1.0}};{'d0': 0.02514946101061947};-275.891455756974;40.75809919365003
7484;-97.1876286848370;((_a0_ + (x * _a2_)) + (tanh(((_a6_ + x) * _a6_)) * _a1_));{'d0': {'_a0_': 49.29686964015384, '_a1_': -1139.8982108815303, '_a2_': 238.4593277301096, '_a6_': 0.20802672237260772, '_a3_': 1.0, '_a4_': 1.0, '_a5_': 1.0, '_a7_': 1.0}};{'d0': 0.02514946101061947};-275.891455756974;40.75809919365003
7485;-92.2382887593830;(((_a0_ * _a0_) + (x * _a2_)) + (tanh(((_a6_ + x) * _a6_)) * _a1_));{'d0': {'_a0_': 7.021173068006608, '_a1_': -1139.8984616125592, '_a2_': 238.45935762395234, '_a6_': 0.20802670279618468, '_a3_': 1.0, '_a4_': 1.0, '_a5_': 1.0, '_a7_': 1.0}};{'d0': 0.025149461010616936};-275.891455756980;45.707439119107036
7486;-95.7957880561074;(((pow3((_a5_ + x)) + ((_a7_ * _a5_) * x)) + _a4_) * pow2(_a1_));{'d0': {'_a1_': 1.839162349107231, '_a4_': -0.009325565809174565, '_a5_': 0.20818372235703034, '_a7_': 1.8956008150150394, '_a0_': 1.0, '_a2_': 1.0, '_a3_': 1.0, '_a6_': 1.0}};{'d0': 0.024885482501866854};-276.524567593312;42.46649574054901
7487;-95.7957880561074;(((pow3((_a5_ + x)) + ((_a7_ * _a5_) * x)) + _a4_) * pow2(_a1_));{'d0': {'_a1_': 1.839162349107231, '_a4_': -0.009325565809174565, '_a5_': 0.20818372235703034, '_a7_': 1.8956008150150394, '_a0_': 1.0, '_a2_': 1.0, '_a3_': 1.0, '_a6_': 1.0}};{'d0': 0.024885482501866854};-276.524567593312;42.46649574054901
7488;-95.7957880561074;(((pow3((_a5_ + x)) + ((_a7_ * _a5_) * x)) + _a4_) * pow2(_a1_));{'d0': {'_a1_': 1.839162349107231, '_a4_': -0.009325565809174565, '_a5_': 0.20818372235703034, '_a7_': 1.8956008150150394, '_a0_': 1.0, '_a2_': 1.0, '_a3_': 1.0, '_a6_': 1.0}};{'d0': 0.024885482501866854};-276.524567593312;42.46649574054901
7489;-95.7957880561074;(((pow3((_a5_ + x)) + ((_a7_ * _a5_) * x)) + _a4_) * pow2(_a1_));{'d0': {'_a1_': 1.839162349107231, '_a4_': -0.009325565809174565, '_a5_': 0.20818372235703034, '_a7_': 1.8956008150150394, '_a0_': 1.0, '_a2_': 1.0, '_a3_': 1.0, '_a6_': 1.0}};{'d0': 0.024885482501866854};-276.524567593312;42.46649574054901
7490;-95.7957880561074;(((pow3((_a5_ + x)) + ((_a7_ * _a5_) * x)) + _a4_) * pow2(_a1_));{'d0': {'_a1_': 1.839162349107231, '_a4_': -0.009325565809174565, '_a5_': 0.20818372235703034, '_a7_': 1.8956008150150394, '_a0_': 1.0, '_a2_': 1.0, '_a3_': 1.0, '_a6_': 1.0}};{'d0': 0.024885482501866854};-276.524567593312;42.46649574054901
7491;-95.7957880561074;(((pow3((_a5_ + x)) + ((_a7_ * _a5_) * x)) + _a4_) * pow2(_a1_));{'d0': {'_a1_': 1.839162349107231, '_a4_': -0.009325565809174565, '_a5_': 0.20818372235703034, '_a7_': 1.8956008150150394, '_a0_': 1.0, '_a2_': 1.0, '_a3_': 1.0, '_a6_': 1.0}};{'d0': 0.024885482501866854};-276.524567593312;42.46649574054901
7492;-95.7957880561074;(((pow3((_a5_ + x)) + ((_a7_ * _a5_) * x)) + _a4_) * pow2(_a1_));{'d0': {'_a1_': 1.839162349107231, '_a4_': -0.009325565809174565, '_a5_': 0.20818372235703034, '_a7_': 1.8956008150150394, '_a0_': 1.0, '_a2_': 1.0, '_a3_': 1.0, '_a6_': 1.0}};{'d0': 0.024885482501866854};-276.524567593312;42.46649574054901
7493;-95.7957880561074;(((pow3((_a5_ + x)) + ((_a7_ * _a5_) * x)) + _a4_) * pow2(_a1_));{'d0': {'_a1_': 1.839162349107231, '_a4_': -0.009325565809174565, '_a5_': 0.20818372235703034, '_a7_': 1.8956008150150394, '_a0_': 1.0, '_a2_': 1.0, '_a3_': 1.0, '_a6_': 1.0}};{'d0': 0.024885482501866854};-276.524567593312;42.46649574054901
7494;-95.7957880561074;(((pow3((_a5_ + x)) + ((_a7_ * _a5_) * x)) + _a4_) * pow2(_a1_));{'d0': {'_a1_': 1.839162349107231, '_a4_': -0.009325565809174565, '_a5_': 0.20818372235703034, '_a7_': 1.8956008150150394, '_a0_': 1.0, '_a2_': 1.0, '_a3_': 1.0, '_a6_': 1.0}};{'d0': 0.024885482501866854};-276.524567593312;42.46649574054901
7495;-95.7957880561074;(((pow3((_a5_ + x)) + ((_a7_ * _a5_) * x)) + _a4_) * pow2(_a1_));{'d0': {'_a1_': 1.839162349107231, '_a4_': -0.009325565809174565, '_a5_': 0.20818372235703034, '_a7_': 1.8956008150150394, '_a0_': 1.0, '_a2_': 1.0, '_a3_': 1.0, '_a6_': 1.0}};{'d0': 0.024885482501866854};-276.524567593312;42.46649574054901
7496;-95.7957880561074;(((pow3((_a5_ + x)) + ((_a7_ * _a5_) * x)) + _a4_) * pow2(_a1_));{'d0': {'_a1_': 1.839162349107231, '_a4_': -0.009325565809174565, '_a5_': 0.20818372235703034, '_a7_': 1.8956008150150394, '_a0_': 1.0, '_a2_': 1.0, '_a3_': 1.0, '_a6_': 1.0}};{'d0': 0.024885482501866854};-276.524567593312;42.46649574054901
7497;-95.7957880561074;(((pow3((_a5_ + x)) + ((_a7_ * _a5_) * x)) + _a4_) * pow2(_a1_));{'d0': {'_a1_': 1.839162349107231, '_a4_': -0.009325565809174565, '_a5_': 0.20818372235703034, '_a7_': 1.8956008150150394, '_a0_': 1.0, '_a2_': 1.0, '_a3_': 1.0, '_a6_': 1.0}};{'d0': 0.024885482501866854};-276.524567593312;42.46649574054901
7498;-95.7957880561074;(((pow3((_a5_ + x)) + ((_a7_ * _a5_) * x)) + _a4_) * pow2(_a1_));{'d0': {'_a1_': 1.839162349107231, '_a4_': -0.009325565809174565, '_a5_': 0.20818372235703034, '_a7_': 1.8956008150150394, '_a0_': 1.0, '_a2_': 1.0, '_a3_': 1.0, '_a6_': 1.0}};{'d0': 0.024885482501866854};-276.524567593312;42.46649574054901
7499;-92.2382887593830;(((_a0_ * _a0_) + (x * _a2_)) + (tanh(((_a6_ + x) * _a6_)) * _a1_));{'d0': {'_a0_': 7.021173068006608, '_a1_': -1139.8984616125592, '_a2_': 238.45935762395234, '_a6_': 0.20802670279618468, '_a3_': 1.0, '_a4_': 1.0, '_a5_': 1.0, '_a7_': 1.0}};{'d0': 0.025149461010616936};-275.891455756980;45.707439119107036
7500;-92.2382887593830;(((_a0_ * _a0_) + (x * _a2_)) + (tanh(((_a6_ + x) * _a6_)) * _a1_));{'d0': {'_a0_': 7.021173068006608, '_a1_': -1139.8984616125592, '_a2_': 238.45935762395234, '_a6_': 0.20802670279618468, '_a3_': 1.0, '_a4_': 1.0, '_a5_': 1.0, '_a7_': 1.0}};{'d0': 0.025149461010616936};-275.891455756980;45.707439119107036
7501;-92.2382887593830;(((_a0_ * _a0_) + (x * _a2_)) + (tanh(((_a6_ + x) * _a6_)) * _a1_));{'d0': {'_a0_': 7.021173068006608, '_a1_': -1139.8984616125592, '_a2_': 238.45935762395234, '_a6_': 0.20802670279618468, '_a3_': 1.0, '_a4_': 1.0, '_a5_': 1.0, '_a7_': 1.0}};{'d0': 0.025149461010616936};-275.891455756980;45.707439119107036
7502;-92.2382887592605;(((_a0_ * _a1_) + (x * _a2_)) + (tanh(((_a6_ + x) * _a6_)) * _a1_));{'d0': {'_a0_': -0.043246712739738624, '_a1_': -1139.8987570693203, '_a2_': 238.4593951246543, '_a6_': 0.20802668175095693, '_a3_': 1.0, '_a4_': 1.0, '_a5_': 1.0, '_a7_': 1.0}};{'d0': 0.025149461010719687};-275.891455756735;45.707439119107036
7503;-92.2382887592605;(((_a0_ * _a1_) + (x * _a2_)) + (tanh(((_a6_ + x) * _a6_)) * _a1_));{'d0': {'_a0_': -0.043246712739738624, '_a1_': -1139.8987570693203, '_a2_': 238.4593951246543, '_a6_': 0.20802668175095693, '_a3_': 1.0, '_a4_': 1.0, '_a5_': 1.0, '_a7_': 1.0}};{'d0': 0.025149461010719687};-275.891455756735;45.707439119107036
7504;-92.2382887592605;(((_a0_ * _a1_) + (x * _a2_)) + (tanh(((_a6_ + x) * _a6_)) * _a1_));{'d0': {'_a0_': -0.043246712739738624, '_a1_': -1139.8987570693203, '_a2_': 238.4593951246543, '_a6_': 0.20802668175095693, '_a3_': 1.0, '_a4_': 1.0, '_a5_': 1.0, '_a7_': 1.0}};{'d0': 0.025149461010719687};-275.891455756735;45.707439119107036
7505;-92.2382887592605;(((_a0_ * _a1_) + (x * _a2_)) + (tanh(((_a6_ + x) * _a6_)) * _a1_));{'d0': {'_a0_': -0.043246712739738624, '_a1_': -1139.8987570693203, '_a2_': 238.4593951246543, '_a6_': 0.20802668175095693, '_a3_': 1.0, '_a4_': 1.0, '_a5_': 1.0, '_a7_': 1.0}};{'d0': 0.025149461010719687};-275.891455756735;45.707439119107036
7506;-92.2382887592605;(((_a0_ * _a1_) + (x * _a2_)) + (tanh(((_a6_ + x) * _a6_)) * _a1_));{'d0': {'_a0_': -0.043246712739738624, '_a1_': -1139.8987570693203, '_a2_': 238.4593951246543, '_a6_': 0.20802668175095693, '_a3_': 1.0, '_a4_': 1.0, '_a5_': 1.0, '_a7_': 1.0}};{'d0': 0.025149461010719687};-275.891455756735;45.707439119107036
7507;-92.2382887592605;(((_a0_ * _a1_) + (x * _a2_)) + (tanh(((_a6_ + x) * _a6_)) * _a1_));{'d0': {'_a0_': -0.043246712739738624, '_a1_': -1139.8987570693203, '_a2_': 238.4593951246543, '_a6_': 0.20802668175095693, '_a3_': 1.0, '_a4_': 1.0, '_a5_': 1.0, '_a7_': 1.0}};{'d0': 0.025149461010719687};-275.891455756735;45.707439119107036
7508;-92.2382887592605;(((_a0_ * _a1_) + (x * _a2_)) + (tanh(((_a6_ + x) * _a6_)) * _a1_));{'d0': {'_a0_': -0.043246712739738624, '_a1_': -1139.8987570693203, '_a2_': 238.4593951246543, '_a6_': 0.20802668175095693, '_a3_': 1.0, '_a4_': 1.0, '_a5_': 1.0, '_a7_': 1.0}};{'d0': 0.025149461010719687};-275.891455756735;45.707439119107036
7509;-92.2382887592605;(((_a0_ * _a1_) + (x * _a2_)) + (tanh(((_a6_ + x) * _a6_)) * _a1_));{'d0': {'_a0_': -0.043246712739738624, '_a1_': -1139.8987570693203, '_a2_': 238.4593951246543, '_a6_': 0.20802668175095693, '_a3_': 1.0, '_a4_': 1.0, '_a5_': 1.0, '_a7_': 1.0}};{'d0': 0.025149461010719687};-275.891455756735;45.707439119107036
7510;-92.2382887592605;(((_a0_ * _a1_) + (x * _a2_)) + (tanh(((_a6_ + x) * _a6_)) * _a1_));{'d0': {'_a0_': -0.043246712739738624, '_a1_': -1139.8987570693203, '_a2_': 238.4593951246543, '_a6_': 0.20802668175095693, '_a3_': 1.0, '_a4_': 1.0, '_a5_': 1.0, '_a7_': 1.0}};{'d0': 0.025149461010719687};-275.891455756735;45.707439119107036
7511;-92.2382887592605;(((_a0_ * _a1_) + (x * _a2_)) + (tanh(((_a6_ + x) * _a6_)) * _a1_));{'d0': {'_a0_': -0.043246712739738624, '_a1_': -1139.8987570693203, '_a2_': 238.4593951246543, '_a6_': 0.20802668175095693, '_a3_': 1.0, '_a4_': 1.0, '_a5_': 1.0, '_a7_': 1.0}};{'d0': 0.025149461010719687};-275.891455756735;45.707439119107036
7512;-92.2382887592605;(((_a0_ * _a1_) + (x * _a2_)) + (tanh(((_a6_ + x) * _a6_)) * _a1_));{'d0': {'_a0_': -0.043246712739738624, '_a1_': -1139.8987570693203, '_a2_': 238.4593951246543, '_a6_': 0.20802668175095693, '_a3_': 1.0, '_a4_': 1.0, '_a5_': 1.0, '_a7_': 1.0}};{'d0': 0.025149461010719687};-275.891455756735;45.707439119107036
7513;-92.2382887592605;(((_a0_ * _a1_) + (x * _a2_)) + (tanh(((_a6_ + x) * _a6_)) * _a1_));{'d0': {'_a0_': -0.043246712739738624, '_a1_': -1139.8987570693203, '_a2_': 238.4593951246543, '_a6_': 0.20802668175095693, '_a3_': 1.0, '_a4_': 1.0, '_a5_': 1.0, '_a7_': 1.0}};{'d0': 0.025149461010719687};-275.891455756735;45.707439119107036
7514;-92.2382887592605;(((_a0_ * _a1_) + (x * _a2_)) + (tanh(((_a6_ + x) * _a6_)) * _a1_));{'d0': {'_a0_': -0.043246712739738624, '_a1_': -1139.8987570693203, '_a2_': 238.4593951246543, '_a6_': 0.20802668175095693, '_a3_': 1.0, '_a4_': 1.0, '_a5_': 1.0, '_a7_': 1.0}};{'d0': 0.025149461010719687};-275.891455756735;45.707439119107036
7515;-92.2382887592605;(((_a0_ * _a1_) + (x * _a2_)) + (tanh(((_a6_ + x) * _a6_)) * _a1_));{'d0': {'_a0_': -0.043246712739738624, '_a1_': -1139.8987570693203, '_a2_': 238.4593951246543, '_a6_': 0.20802668175095693, '_a3_': 1.0, '_a4_': 1.0, '_a5_': 1.0, '_a7_': 1.0}};{'d0': 0.025149461010719687};-275.891455756735;45.707439119107036
7516;-92.2382887592605;(((_a0_ * _a1_) + (x * _a2_)) + (tanh(((_a6_ + x) * _a6_)) * _a1_));{'d0': {'_a0_': -0.043246712739738624, '_a1_': -1139.8987570693203, '_a2_': 238.4593951246543, '_a6_': 0.20802668175095693, '_a3_': 1.0, '_a4_': 1.0, '_a5_': 1.0, '_a7_': 1.0}};{'d0': 0.025149461010719687};-275.891455756735;45.707439119107036
7517;-92.2382887592605;(((_a0_ * _a1_) + (x * _a2_)) + (tanh(((_a6_ + x) * _a6_)) * _a1_));{'d0': {'_a0_': -0.043246712739738624, '_a1_': -1139.8987570693203, '_a2_': 238.4593951246543, '_a6_': 0.20802668175095693, '_a3_': 1.0, '_a4_': 1.0, '_a5_': 1.0, '_a7_': 1.0}};{'d0': 0.025149461010719687};-275.891455756735;45.707439119107036
7518;-92.2382887592605;(((_a0_ * _a1_) + (x * _a2_)) + (tanh(((_a6_ + x) * _a6_)) * _a1_));{'d0': {'_a0_': -0.043246712739738624, '_a1_': -1139.8987570693203, '_a2_': 238.4593951246543, '_a6_': 0.20802668175095693, '_a3_': 1.0, '_a4_': 1.0, '_a5_': 1.0, '_a7_': 1.0}};{'d0': 0.025149461010719687};-275.891455756735;45.707439119107036
7519;-94.4836243251692;(((_a0_ * _a1_) + (x * _a2_)) + (sin(((_a6_ + x) * _a6_)) * _a1_));{'d0': {'_a0_': -0.04331824389730592, '_a1_': -2253.1264946392153, '_a2_': 470.3542815641821, '_a6_': 0.20816409284482154, '_a3_': 1.0, '_a4_': 1.0, '_a5_': 1.0, '_a7_': 1.0}};{'d0': 0.02491580414254355};-276.451505277537;43.74212831359956
7520;-94.4836243251692;(((_a0_ * _a1_) + (x * _a2_)) + (sin(((_a6_ + x) * _a6_)) * _a1_));{'d0': {'_a0_': -0.04331824389730592, '_a1_': -2253.1264946392153, '_a2_': 470.3542815641821, '_a6_': 0.20816409284482154, '_a3_': 1.0, '_a4_': 1.0, '_a5_': 1.0, '_a7_': 1.0}};{'d0': 0.02491580414254355};-276.451505277537;43.74212831359956
7521;-94.4836243251692;(((_a0_ * _a1_) + (x * _a2_)) + (sin(((_a6_ + x) * _a6_)) * _a1_));{'d0': {'_a0_': -0.04331824389730592, '_a1_': -2253.1264946392153, '_a2_': 470.3542815641821, '_a6_': 0.20816409284482154, '_a3_': 1.0, '_a4_': 1.0, '_a5_': 1.0, '_a7_': 1.0}};{'d0': 0.02491580414254355};-276.451505277537;43.74212831359956
7522;-94.4836243251692;(((_a0_ * _a1_) + (x * _a2_)) + (sin(((_a6_ + x) * _a6_)) * _a1_));{'d0': {'_a0_': -0.04331824389730592, '_a1_': -2253.1264946392153, '_a2_': 470.3542815641821, '_a6_': 0.20816409284482154, '_a3_': 1.0, '_a4_': 1.0, '_a5_': 1.0, '_a7_': 1.0}};{'d0': 0.02491580414254355};-276.451505277537;43.74212831359956
7523;-94.4836243251692;(((_a0_ * _a1_) + (x * _a2_)) + (sin(((_a6_ + x) * _a6_)) * _a1_));{'d0': {'_a0_': -0.04331824389730592, '_a1_': -2253.1264946392153, '_a2_': 470.3542815641821, '_a6_': 0.20816409284482154, '_a3_': 1.0, '_a4_': 1.0, '_a5_': 1.0, '_a7_': 1.0}};{'d0': 0.02491580414254355};-276.451505277537;43.74212831359956
7524;-94.4836243251692;(((_a0_ * _a1_) + (x * _a2_)) + (sin(((_a6_ + x) * _a6_)) * _a1_));{'d0': {'_a0_': -0.04331824389730592, '_a1_': -2253.1264946392153, '_a2_': 470.3542815641821, '_a6_': 0.20816409284482154, '_a3_': 1.0, '_a4_': 1.0, '_a5_': 1.0, '_a7_': 1.0}};{'d0': 0.02491580414254355};-276.451505277537;43.74212831359956
7525;-94.4836243251692;(((_a0_ * _a1_) + (x * _a2_)) + (sin(((_a6_ + x) * _a6_)) * _a1_));{'d0': {'_a0_': -0.04331824389730592, '_a1_': -2253.1264946392153, '_a2_': 470.3542815641821, '_a6_': 0.20816409284482154, '_a3_': 1.0, '_a4_': 1.0, '_a5_': 1.0, '_a7_': 1.0}};{'d0': 0.02491580414254355};-276.451505277537;43.74212831359956
7526;-94.4836243251692;(((_a0_ * _a1_) + (x * _a2_)) + (sin(((_a6_ + x) * _a6_)) * _a1_));{'d0': {'_a0_': -0.04331824389730592, '_a1_': -2253.1264946392153, '_a2_': 470.3542815641821, '_a6_': 0.20816409284482154, '_a3_': 1.0, '_a4_': 1.0, '_a5_': 1.0, '_a7_': 1.0}};{'d0': 0.02491580414254355};-276.451505277537;43.74212831359956
7527;-94.4836243251692;(((_a0_ * _a1_) + (x * _a2_)) + (sin(((_a6_ + x) * _a6_)) * _a1_));{'d0': {'_a0_': -0.04331824389730592, '_a1_': -2253.1264946392153, '_a2_': 470.3542815641821, '_a6_': 0.20816409284482154, '_a3_': 1.0, '_a4_': 1.0, '_a5_': 1.0, '_a7_': 1.0}};{'d0': 0.02491580414254355};-276.451505277537;43.74212831359956
7528;-94.4836243251692;(((_a0_ * _a1_) + (x * _a2_)) + (sin(((_a6_ + x) * _a6_)) * _a1_));{'d0': {'_a0_': -0.04331824389730592, '_a1_': -2253.1264946392153, '_a2_': 470.3542815641821, '_a6_': 0.20816409284482154, '_a3_': 1.0, '_a4_': 1.0, '_a5_': 1.0, '_a7_': 1.0}};{'d0': 0.02491580414254355};-276.451505277537;43.74212831359956
7529;-94.4836243251692;(((_a0_ * _a1_) + (x * _a2_)) + (sin(((_a6_ + x) * _a6_)) * _a1_));{'d0': {'_a0_': -0.04331824389730592, '_a1_': -2253.1264946392153, '_a2_': 470.3542815641821, '_a6_': 0.20816409284482154, '_a3_': 1.0, '_a4_': 1.0, '_a5_': 1.0, '_a7_': 1.0}};{'d0': 0.02491580414254355};-276.451505277537;43.74212831359956
7530;-99.4329642506607;((_a0_ + (x * _a2_)) + (sin(((_a6_ + x) * _a6_)) * _a1_));{'d0': {'_a0_': 97.6014919458314, '_a1_': -2253.126893190034, '_a2_': 470.35434439244773, '_a6_': 0.20816408393767002, '_a3_': 1.0, '_a4_': 1.0, '_a5_': 1.0, '_a7_': 1.0}};{'d0': 0.024915804142514927};-276.451505277606;38.792788388142554
7531;-99.4329642506607;((_a0_ + (x * _a2_)) + (sin(((_a6_ + x) * _a6_)) * _a1_));{'d0': {'_a0_': 97.6014919458314, '_a1_': -2253.126893190034, '_a2_': 470.35434439244773, '_a6_': 0.20816408393767002, '_a3_': 1.0, '_a4_': 1.0, '_a5_': 1.0, '_a7_': 1.0}};{'d0': 0.024915804142514927};-276.451505277606;38.792788388142554
7532;-93.5123632016391;(((_a6_ + _a0_) + (x * _a2_)) + (sin(((_a6_ + x) * _a6_)) * _a1_));{'d0': {'_a0_': 97.39333037188099, '_a1_': -2253.127137770192, '_a2_': 470.3543758287363, '_a6_': 0.20816407528875647, '_a3_': 1.0, '_a4_': 1.0, '_a5_': 1.0, '_a7_': 1.0}};{'d0': 0.02491580414250792};-276.451505277623;44.71338943717255
7533;-93.5123632016391;(((_a6_ + _a0_) + (x * _a2_)) + (sin(((_a6_ + x) * _a6_)) * _a1_));{'d0': {'_a0_': 97.39333037188099, '_a1_': -2253.127137770192, '_a2_': 470.3543758287363, '_a6_': 0.20816407528875647, '_a3_': 1.0, '_a4_': 1.0, '_a5_': 1.0, '_a7_': 1.0}};{'d0': 0.02491580414250792};-276.451505277623;44.71338943717255
7534;-93.5123632016391;(((_a6_ + _a0_) + (x * _a2_)) + (sin(((_a6_ + x) * _a6_)) * _a1_));{'d0': {'_a0_': 97.39333037188099, '_a1_': -2253.127137770192, '_a2_': 470.3543758287363, '_a6_': 0.20816407528875647, '_a3_': 1.0, '_a4_': 1.0, '_a5_': 1.0, '_a7_': 1.0}};{'d0': 0.02491580414250792};-276.451505277623;44.71338943717255
7535;-93.5123632016391;(((_a6_ + _a0_) + (x * _a2_)) + (sin(((_a6_ + x) * _a6_)) * _a1_));{'d0': {'_a0_': 97.39333037188099, '_a1_': -2253.127137770192, '_a2_': 470.3543758287363, '_a6_': 0.20816407528875647, '_a3_': 1.0, '_a4_': 1.0, '_a5_': 1.0, '_a7_': 1.0}};{'d0': 0.02491580414250792};-276.451505277623;44.71338943717255
7536;-99.6771042816529;(((pow3((_a5_ + x)) + (_a6_ * x)) + _a7_) / pow2(_a1_));{'d0': {'_a1_': 0.5437257894253488, '_a5_': 0.20818372237094587, '_a6_': 0.39463323405207223, '_a7_': -0.0093255657361236, '_a0_': 1.0, '_a2_': 1.0, '_a3_': 1.0, '_a4_': 1.0}};{'d0': 0.024885482501866864};-276.524567593312;38.58517951500341
7537;-99.6771042816529;(((pow3((_a5_ + x)) + (_a6_ * x)) + _a7_) / pow2(_a1_));{'d0': {'_a1_': 0.5437257894253488, '_a5_': 0.20818372237094587, '_a6_': 0.39463323405207223, '_a7_': -0.0093255657361236, '_a0_': 1.0, '_a2_': 1.0, '_a3_': 1.0, '_a4_': 1.0}};{'d0': 0.024885482501866864};-276.524567593312;38.58517951500341
7538;-99.6771042816529;(((pow3((_a5_ + x)) + (_a6_ * x)) + _a7_) / pow2(_a1_));{'d0': {'_a1_': 0.5437257894253488, '_a5_': 0.20818372237094587, '_a6_': 0.39463323405207223, '_a7_': -0.0093255657361236, '_a0_': 1.0, '_a2_': 1.0, '_a3_': 1.0, '_a4_': 1.0}};{'d0': 0.024885482501866864};-276.524567593312;38.58517951500341
7539;-93.5123632016391;(((_a6_ + _a0_) + (x * _a2_)) + (sin(((_a6_ + x) * _a6_)) * _a1_));{'d0': {'_a0_': 97.39333037188099, '_a1_': -2253.127137770192, '_a2_': 470.3543758287363, '_a6_': 0.20816407528875647, '_a3_': 1.0, '_a4_': 1.0, '_a5_': 1.0, '_a7_': 1.0}};{'d0': 0.02491580414250792};-276.451505277623;44.71338943717255
7540;-93.5123632016391;(((_a6_ + _a0_) + (x * _a2_)) + (sin(((_a6_ + x) * _a6_)) * _a1_));{'d0': {'_a0_': 97.39333037188099, '_a1_': -2253.127137770192, '_a2_': 470.3543758287363, '_a6_': 0.20816407528875647, '_a3_': 1.0, '_a4_': 1.0, '_a5_': 1.0, '_a7_': 1.0}};{'d0': 0.02491580414250792};-276.451505277623;44.71338943717255
7541;-93.5123632016391;(((_a6_ + _a0_) + (x * _a2_)) + (sin(((_a6_ + x) * _a6_)) * _a1_));{'d0': {'_a0_': 97.39333037188099, '_a1_': -2253.127137770192, '_a2_': 470.3543758287363, '_a6_': 0.20816407528875647, '_a3_': 1.0, '_a4_': 1.0, '_a5_': 1.0, '_a7_': 1.0}};{'d0': 0.02491580414250792};-276.451505277623;44.71338943717255
7542;-93.5123632016391;(((_a6_ + _a0_) + (x * _a2_)) + (sin(((_a6_ + x) * _a6_)) * _a1_));{'d0': {'_a0_': 97.39333037188099, '_a1_': -2253.127137770192, '_a2_': 470.3543758287363, '_a6_': 0.20816407528875647, '_a3_': 1.0, '_a4_': 1.0, '_a5_': 1.0, '_a7_': 1.0}};{'d0': 0.02491580414250792};-276.451505277623;44.71338943717255
7543;-93.5123632016391;(((_a6_ + _a0_) + (x * _a2_)) + (sin(((_a6_ + x) * _a6_)) * _a1_));{'d0': {'_a0_': 97.39333037188099, '_a1_': -2253.127137770192, '_a2_': 470.3543758287363, '_a6_': 0.20816407528875647, '_a3_': 1.0, '_a4_': 1.0, '_a5_': 1.0, '_a7_': 1.0}};{'d0': 0.02491580414250792};-276.451505277623;44.71338943717255
7544;-93.5123632016391;(((_a6_ + _a0_) + (x * _a2_)) + (sin(((_a6_ + x) * _a6_)) * _a1_));{'d0': {'_a0_': 97.39333037188099, '_a1_': -2253.127137770192, '_a2_': 470.3543758287363, '_a6_': 0.20816407528875647, '_a3_': 1.0, '_a4_': 1.0, '_a5_': 1.0, '_a7_': 1.0}};{'d0': 0.02491580414250792};-276.451505277623;44.71338943717255
7545;-93.5123632016391;(((_a6_ + _a0_) + (x * _a2_)) + (sin(((_a6_ + x) * _a6_)) * _a1_));{'d0': {'_a0_': 97.39333037188099, '_a1_': -2253.127137770192, '_a2_': 470.3543758287363, '_a6_': 0.20816407528875647, '_a3_': 1.0, '_a4_': 1.0, '_a5_': 1.0, '_a7_': 1.0}};{'d0': 0.02491580414250792};-276.451505277623;44.71338943717255
7546;-93.5123632016391;(((_a6_ + _a0_) + (x * _a2_)) + (sin(((_a6_ + x) * _a6_)) * _a1_));{'d0': {'_a0_': 97.39333037188099, '_a1_': -2253.127137770192, '_a2_': 470.3543758287363, '_a6_': 0.20816407528875647, '_a3_': 1.0, '_a4_': 1.0, '_a5_': 1.0, '_a7_': 1.0}};{'d0': 0.02491580414250792};-276.451505277623;44.71338943717255
7547;-89.8324160413537;-((((_a6_ + _a0_) + (x * _a2_)) + (sin(((_a6_ + x) * _a6_)) * _a1_)));{'d0': {'_a0_': -97.80965181671996, '_a1_': 2253.1267442826656, '_a2_': -470.3543188023758, '_a6_': 0.20816408631980357, '_a3_': 1.0, '_a4_': 1.0, '_a5_': 1.0, '_a7_': 1.0}};{'d0': 0.02491580414252873};-276.451505277573;48.39333659743294
7548;-89.8324160413537;-((((_a6_ + _a0_) + (x * _a2_)) + (sin(((_a6_ + x) * _a6_)) * _a1_)));{'d0': {'_a0_': -97.80965181671996, '_a1_': 2253.1267442826656, '_a2_': -470.3543188023758, '_a6_': 0.20816408631980357, '_a3_': 1.0, '_a4_': 1.0, '_a5_': 1.0, '_a7_': 1.0}};{'d0': 0.02491580414252873};-276.451505277573;48.39333659743294
7549;-89.8324160413537;-((((_a6_ + _a0_) + (x * _a2_)) + (sin(((_a6_ + x) * _a6_)) * _a1_)));{'d0': {'_a0_': -97.80965181671996, '_a1_': 2253.1267442826656, '_a2_': -470.3543188023758, '_a6_': 0.20816408631980357, '_a3_': 1.0, '_a4_': 1.0, '_a5_': 1.0, '_a7_': 1.0}};{'d0': 0.02491580414252873};-276.451505277573;48.39333659743294
7550;-89.8324160413537;-((((_a6_ + _a0_) + (x * _a2_)) + (sin(((_a6_ + x) * _a6_)) * _a1_)));{'d0': {'_a0_': -97.80965181671996, '_a1_': 2253.1267442826656, '_a2_': -470.3543188023758, '_a6_': 0.20816408631980357, '_a3_': 1.0, '_a4_': 1.0, '_a5_': 1.0, '_a7_': 1.0}};{'d0': 0.02491580414252873};-276.451505277573;48.39333659743294
7551;-89.8324160413537;-((((_a6_ + _a0_) + (x * _a2_)) + (sin(((_a6_ + x) * _a6_)) * _a1_)));{'d0': {'_a0_': -97.80965181671996, '_a1_': 2253.1267442826656, '_a2_': -470.3543188023758, '_a6_': 0.20816408631980357, '_a3_': 1.0, '_a4_': 1.0, '_a5_': 1.0, '_a7_': 1.0}};{'d0': 0.02491580414252873};-276.451505277573;48.39333659743294
7552;-89.8324160413537;-((((_a6_ + _a0_) + (x * _a2_)) + (sin(((_a6_ + x) * _a6_)) * _a1_)));{'d0': {'_a0_': -97.80965181671996, '_a1_': 2253.1267442826656, '_a2_': -470.3543188023758, '_a6_': 0.20816408631980357, '_a3_': 1.0, '_a4_': 1.0, '_a5_': 1.0, '_a7_': 1.0}};{'d0': 0.02491580414252873};-276.451505277573;48.39333659743294
7553;-89.8324160413537;-((((_a6_ + _a0_) + (x * _a2_)) + (sin(((_a6_ + x) * _a6_)) * _a1_)));{'d0': {'_a0_': -97.80965181671996, '_a1_': 2253.1267442826656, '_a2_': -470.3543188023758, '_a6_': 0.20816408631980357, '_a3_': 1.0, '_a4_': 1.0, '_a5_': 1.0, '_a7_': 1.0}};{'d0': 0.02491580414252873};-276.451505277573;48.39333659743294
7554;-89.8324160413537;-((((_a6_ + _a0_) + (x * _a2_)) + (sin(((_a6_ + x) * _a6_)) * _a1_)));{'d0': {'_a0_': -97.80965181671996, '_a1_': 2253.1267442826656, '_a2_': -470.3543188023758, '_a6_': 0.20816408631980357, '_a3_': 1.0, '_a4_': 1.0, '_a5_': 1.0, '_a7_': 1.0}};{'d0': 0.02491580414252873};-276.451505277573;48.39333659743294
7555;-89.8324160413537;-((((_a6_ + _a0_) + (x * _a2_)) + (sin(((_a6_ + x) * _a6_)) * _a1_)));{'d0': {'_a0_': -97.80965181671996, '_a1_': 2253.1267442826656, '_a2_': -470.3543188023758, '_a6_': 0.20816408631980357, '_a3_': 1.0, '_a4_': 1.0, '_a5_': 1.0, '_a7_': 1.0}};{'d0': 0.02491580414252873};-276.451505277573;48.39333659743294
7556;-87.7852432501973;-((((_a4_ + _a0_) + (x * _a2_)) + (sin(((_a6_ + x) * _a6_)) * _a1_)));{'d0': {'_a0_': 67290.34361792127, '_a1_': 2253.1610029794924, '_a2_': -470.3602594646338, '_a4_': -67387.94609628776, '_a6_': 0.20816356191757338, '_a3_': 1.0, '_a5_': 1.0, '_a7_': 1.0}};{'d0': 0.024915804566135003};-272.357159695261;48.39333659743294
7557;-87.7852432501973;-((((_a4_ + _a0_) + (x * _a2_)) + (sin(((_a6_ + x) * _a6_)) * _a1_)));{'d0': {'_a0_': 67290.34361792127, '_a1_': 2253.1610029794924, '_a2_': -470.3602594646338, '_a4_': -67387.94609628776, '_a6_': 0.20816356191757338, '_a3_': 1.0, '_a5_': 1.0, '_a7_': 1.0}};{'d0': 0.024915804566135003};-272.357159695261;48.39333659743294
7558;-87.7852432501973;-((((_a4_ + _a0_) + (x * _a2_)) + (sin(((_a6_ + x) * _a6_)) * _a1_)));{'d0': {'_a0_': 67290.34361792127, '_a1_': 2253.1610029794924, '_a2_': -470.3602594646338, '_a4_': -67387.94609628776, '_a6_': 0.20816356191757338, '_a3_': 1.0, '_a5_': 1.0, '_a7_': 1.0}};{'d0': 0.024915804566135003};-272.357159695261;48.39333659743294
7559;-87.7852432501973;-((((_a4_ + _a0_) + (x * _a2_)) + (sin(((_a6_ + x) * _a6_)) * _a1_)));{'d0': {'_a0_': 67290.34361792127, '_a1_': 2253.1610029794924, '_a2_': -470.3602594646338, '_a4_': -67387.94609628776, '_a6_': 0.20816356191757338, '_a3_': 1.0, '_a5_': 1.0, '_a7_': 1.0}};{'d0': 0.024915804566135003};-272.357159695261;48.39333659743294
7560;-87.9055530425281;-((((_a4_ / _a0_) + (x * _a2_)) + (sin(((_a6_ + x) * _a6_)) * _a1_)));{'d0': {'_a0_': -101117.85137435122, '_a1_': 2253.1271831207687, '_a2_': -470.3543767275751, '_a4_': 9869253.241458993, '_a6_': 0.20816407148220945, '_a3_': 1.0, '_a5_': 1.0, '_a7_': 1.0}};{'d0': 0.024915804142812883};-272.357160714667;48.27302731480534
7561;-87.9055530425281;-((((_a4_ / _a0_) + (x * _a2_)) + (sin(((_a6_ + x) * _a6_)) * _a1_)));{'d0': {'_a0_': -101117.85137435122, '_a1_': 2253.1271831207687, '_a2_': -470.3543767275751, '_a4_': 9869253.241458993, '_a6_': 0.20816407148220945, '_a3_': 1.0, '_a5_': 1.0, '_a7_': 1.0}};{'d0': 0.024915804142812883};-272.357160714667;48.27302731480534
7562;-87.9055530425281;-((((_a4_ / _a0_) + (x * _a2_)) + (sin(((_a6_ + x) * _a6_)) * _a1_)));{'d0': {'_a0_': -101117.85137435122, '_a1_': 2253.1271831207687, '_a2_': -470.3543767275751, '_a4_': 9869253.241458993, '_a6_': 0.20816407148220945, '_a3_': 1.0, '_a5_': 1.0, '_a7_': 1.0}};{'d0': 0.024915804142812883};-272.357160714667;48.27302731480534
7563;-87.9055530425281;-((((_a4_ / _a0_) + (x * _a2_)) + (sin(((_a6_ + x) * _a6_)) * _a1_)));{'d0': {'_a0_': -101117.85137435122, '_a1_': 2253.1271831207687, '_a2_': -470.3543767275751, '_a4_': 9869253.241458993, '_a6_': 0.20816407148220945, '_a3_': 1.0, '_a5_': 1.0, '_a7_': 1.0}};{'d0': 0.024915804142812883};-272.357160714667;48.27302731480534
7564;-87.9055530425281;-((((_a4_ / _a0_) + (x * _a2_)) + (sin(((_a6_ + x) * _a6_)) * _a1_)));{'d0': {'_a0_': -101117.85137435122, '_a1_': 2253.1271831207687, '_a2_': -470.3543767275751, '_a4_': 9869253.241458993, '_a6_': 0.20816407148220945, '_a3_': 1.0, '_a5_': 1.0, '_a7_': 1.0}};{'d0': 0.024915804142812883};-272.357160714667;48.27302731480534
7565;-87.9055530425281;-((((_a4_ / _a0_) + (x * _a2_)) + (sin(((_a6_ + x) * _a6_)) * _a1_)));{'d0': {'_a0_': -101117.85137435122, '_a1_': 2253.1271831207687, '_a2_': -470.3543767275751, '_a4_': 9869253.241458993, '_a6_': 0.20816407148220945, '_a3_': 1.0, '_a5_': 1.0, '_a7_': 1.0}};{'d0': 0.024915804142812883};-272.357160714667;48.27302731480534
7566;-87.9055530425281;-((((_a4_ / _a0_) + (x * _a2_)) + (sin(((_a6_ + x) * _a6_)) * _a1_)));{'d0': {'_a0_': -101117.85137435122, '_a1_': 2253.1271831207687, '_a2_': -470.3543767275751, '_a4_': 9869253.241458993, '_a6_': 0.20816407148220945, '_a3_': 1.0, '_a5_': 1.0, '_a7_': 1.0}};{'d0': 0.024915804142812883};-272.357160714667;48.27302731480534
7567;-87.9055530425281;-((((_a4_ / _a0_) + (x * _a2_)) + (sin(((_a6_ + x) * _a6_)) * _a1_)));{'d0': {'_a0_': -101117.85137435122, '_a1_': 2253.1271831207687, '_a2_': -470.3543767275751, '_a4_': 9869253.241458993, '_a6_': 0.20816407148220945, '_a3_': 1.0, '_a5_': 1.0, '_a7_': 1.0}};{'d0': 0.024915804142812883};-272.357160714667;48.27302731480534
7568;-87.9055530425281;-((((_a4_ / _a0_) + (x * _a2_)) + (sin(((_a6_ + x) * _a6_)) * _a1_)));{'d0': {'_a0_': -101117.85137435122, '_a1_': 2253.1271831207687, '_a2_': -470.3543767275751, '_a4_': 9869253.241458993, '_a6_': 0.20816407148220945, '_a3_': 1.0, '_a5_': 1.0, '_a7_': 1.0}};{'d0': 0.024915804142812883};-272.357160714667;48.27302731480534
7569;-87.9055530425281;-((((_a4_ / _a0_) + (x * _a2_)) + (sin(((_a6_ + x) * _a6_)) * _a1_)));{'d0': {'_a0_': -101117.85137435122, '_a1_': 2253.1271831207687, '_a2_': -470.3543767275751, '_a4_': 9869253.241458993, '_a6_': 0.20816407148220945, '_a3_': 1.0, '_a5_': 1.0, '_a7_': 1.0}};{'d0': 0.024915804142812883};-272.357160714667;48.27302731480534
7570;-87.9055530425281;-((((_a4_ / _a0_) + (x * _a2_)) + (sin(((_a6_ + x) * _a6_)) * _a1_)));{'d0': {'_a0_': -101117.85137435122, '_a1_': 2253.1271831207687, '_a2_': -470.3543767275751, '_a4_': 9869253.241458993, '_a6_': 0.20816407148220945, '_a3_': 1.0, '_a5_': 1.0, '_a7_': 1.0}};{'d0': 0.024915804142812883};-272.357160714667;48.27302731480534
7571;-87.9055530425281;-((((_a4_ / _a0_) + (x * _a2_)) + (sin(((_a6_ + x) * _a6_)) * _a1_)));{'d0': {'_a0_': -101117.85137435122, '_a1_': 2253.1271831207687, '_a2_': -470.3543767275751, '_a4_': 9869253.241458993, '_a6_': 0.20816407148220945, '_a3_': 1.0, '_a5_': 1.0, '_a7_': 1.0}};{'d0': 0.024915804142812883};-272.357160714667;48.27302731480534
7572;-87.9055530425281;-((((_a4_ / _a0_) + (x * _a2_)) + (sin(((_a6_ + x) * _a6_)) * _a1_)));{'d0': {'_a0_': -101117.85137435122, '_a1_': 2253.1271831207687, '_a2_': -470.3543767275751, '_a4_': 9869253.241458993, '_a6_': 0.20816407148220945, '_a3_': 1.0, '_a5_': 1.0, '_a7_': 1.0}};{'d0': 0.024915804142812883};-272.357160714667;48.27302731480534
7573;-87.9055530425281;-((((_a4_ / _a0_) + (x * _a2_)) + (sin(((_a6_ + x) * _a6_)) * _a1_)));{'d0': {'_a0_': -101117.85137435122, '_a1_': 2253.1271831207687, '_a2_': -470.3543767275751, '_a4_': 9869253.241458993, '_a6_': 0.20816407148220945, '_a3_': 1.0, '_a5_': 1.0, '_a7_': 1.0}};{'d0': 0.024915804142812883};-272.357160714667;48.27302731480534
7574;-87.9055530425281;-((((_a4_ / _a0_) + (x * _a2_)) + (sin(((_a6_ + x) * _a6_)) * _a1_)));{'d0': {'_a0_': -101117.85137435122, '_a1_': 2253.1271831207687, '_a2_': -470.3543767275751, '_a4_': 9869253.241458993, '_a6_': 0.20816407148220945, '_a3_': 1.0, '_a5_': 1.0, '_a7_': 1.0}};{'d0': 0.024915804142812883};-272.357160714667;48.27302731480534
7575;-87.9055530425281;-((((_a4_ / _a0_) + (x * _a2_)) + (sin(((_a6_ + x) * _a6_)) * _a1_)));{'d0': {'_a0_': -101117.85137435122, '_a1_': 2253.1271831207687, '_a2_': -470.3543767275751, '_a4_': 9869253.241458993, '_a6_': 0.20816407148220945, '_a3_': 1.0, '_a5_': 1.0, '_a7_': 1.0}};{'d0': 0.024915804142812883};-272.357160714667;48.27302731480534
7576;-89.9527253239542;-((((_a4_ / _a0_) + (x * _a0_)) + (sin(((_a6_ + x) * _a6_)) * _a1_)));{'d0': {'_a0_': -470.35428047341844, '_a1_': 2253.1264961432526, '_a4_': 45907.27507719892, '_a6_': 0.20816409221774249, '_a2_': 1.0, '_a3_': 1.0, '_a5_': 1.0, '_a7_': 1.0}};{'d0': 0.024915804142551238};-276.451505277519;48.27302731480534
7577;-89.9527253239542;-((((_a4_ / _a0_) + (x * _a0_)) + (sin(((_a6_ + x) * _a6_)) * _a1_)));{'d0': {'_a0_': -470.35428047341844, '_a1_': 2253.1264961432526, '_a4_': 45907.27507719892, '_a6_': 0.20816409221774249, '_a2_': 1.0, '_a3_': 1.0, '_a5_': 1.0, '_a7_': 1.0}};{'d0': 0.024915804142551238};-276.451505277519;48.27302731480534
7578;-89.9527253239542;-((((_a4_ / _a0_) + (x * _a0_)) + (sin(((_a6_ + x) * _a6_)) * _a1_)));{'d0': {'_a0_': -470.35428047341844, '_a1_': 2253.1264961432526, '_a4_': 45907.27507719892, '_a6_': 0.20816409221774249, '_a2_': 1.0, '_a3_': 1.0, '_a5_': 1.0, '_a7_': 1.0}};{'d0': 0.024915804142551238};-276.451505277519;48.27302731480534
7579;-89.9527253239542;-((((_a4_ / _a0_) + (x * _a0_)) + (sin(((_a6_ + x) * _a6_)) * _a1_)));{'d0': {'_a0_': -470.35428047341844, '_a1_': 2253.1264961432526, '_a4_': 45907.27507719892, '_a6_': 0.20816409221774249, '_a2_': 1.0, '_a3_': 1.0, '_a5_': 1.0, '_a7_': 1.0}};{'d0': 0.024915804142551238};-276.451505277519;48.27302731480534
7580;-89.9527253239542;-((((_a4_ / _a0_) + (x * _a0_)) + (sin(((_a6_ + x) * _a6_)) * _a1_)));{'d0': {'_a0_': -470.35428047341844, '_a1_': 2253.1264961432526, '_a4_': 45907.27507719892, '_a6_': 0.20816409221774249, '_a2_': 1.0, '_a3_': 1.0, '_a5_': 1.0, '_a7_': 1.0}};{'d0': 0.024915804142551238};-276.451505277519;48.27302731480534
7581;-89.9527253239542;-((((_a4_ / _a0_) + (x * _a0_)) + (sin(((_a6_ + x) * _a6_)) * _a1_)));{'d0': {'_a0_': -470.35428047341844, '_a1_': 2253.1264961432526, '_a4_': 45907.27507719892, '_a6_': 0.20816409221774249, '_a2_': 1.0, '_a3_': 1.0, '_a5_': 1.0, '_a7_': 1.0}};{'d0': 0.024915804142551238};-276.451505277519;48.27302731480534
7582;-89.9527253239542;-((((_a4_ / _a0_) + (x * _a0_)) + (sin(((_a6_ + x) * _a6_)) * _a1_)));{'d0': {'_a0_': -470.35428047341844, '_a1_': 2253.1264961432526, '_a4_': 45907.27507719892, '_a6_': 0.20816409221774249, '_a2_': 1.0, '_a3_': 1.0, '_a5_': 1.0, '_a7_': 1.0}};{'d0': 0.024915804142551238};-276.451505277519;48.27302731480534
7583;-89.9527253239542;-((((_a4_ / _a0_) + (x * _a0_)) + (sin(((_a6_ + x) * _a6_)) * _a1_)));{'d0': {'_a0_': -470.35428047341844, '_a1_': 2253.1264961432526, '_a4_': 45907.27507719892, '_a6_': 0.20816409221774249, '_a2_': 1.0, '_a3_': 1.0, '_a5_': 1.0, '_a7_': 1.0}};{'d0': 0.024915804142551238};-276.451505277519;48.27302731480534
7584;-89.9527253239542;-((((_a4_ / _a0_) + (x * _a0_)) + (sin(((_a6_ + x) * _a6_)) * _a1_)));{'d0': {'_a0_': -470.35428047341844, '_a1_': 2253.1264961432526, '_a4_': 45907.27507719892, '_a6_': 0.20816409221774249, '_a2_': 1.0, '_a3_': 1.0, '_a5_': 1.0, '_a7_': 1.0}};{'d0': 0.024915804142551238};-276.451505277519;48.27302731480534
7585;-89.9527253239542;-((((_a4_ / _a0_) + (x * _a0_)) + (sin(((_a6_ + x) * _a6_)) * _a1_)));{'d0': {'_a0_': -470.35428047341844, '_a1_': 2253.1264961432526, '_a4_': 45907.27507719892, '_a6_': 0.20816409221774249, '_a2_': 1.0, '_a3_': 1.0, '_a5_': 1.0, '_a7_': 1.0}};{'d0': 0.024915804142551238};-276.451505277519;48.27302731480534
7586;-89.9527253239542;-((((_a4_ / _a0_) + (x * _a0_)) + (sin(((_a6_ + x) * _a6_)) * _a1_)));{'d0': {'_a0_': -470.35428047341844, '_a1_': 2253.1264961432526, '_a4_': 45907.27507719892, '_a6_': 0.20816409221774249, '_a2_': 1.0, '_a3_': 1.0, '_a5_': 1.0, '_a7_': 1.0}};{'d0': 0.024915804142551238};-276.451505277519;48.27302731480534
7587;-89.9527253239542;-((((_a4_ / _a0_) + (x * _a0_)) + (sin(((_a6_ + x) * _a6_)) * _a1_)));{'d0': {'_a0_': -470.35428047341844, '_a1_': 2253.1264961432526, '_a4_': 45907.27507719892, '_a6_': 0.20816409221774249, '_a2_': 1.0, '_a3_': 1.0, '_a5_': 1.0, '_a7_': 1.0}};{'d0': 0.024915804142551238};-276.451505277519;48.27302731480534
7588;-89.9527253239542;-((((_a4_ / _a0_) + (x * _a0_)) + (sin(((_a6_ + x) * _a6_)) * _a1_)));{'d0': {'_a0_': -470.35428047341844, '_a1_': 2253.1264961432526, '_a4_': 45907.27507719892, '_a6_': 0.20816409221774249, '_a2_': 1.0, '_a3_': 1.0, '_a5_': 1.0, '_a7_': 1.0}};{'d0': 0.024915804142551238};-276.451505277519;48.27302731480534
7589;-89.9527253239542;-((((_a4_ / _a0_) + (x * _a0_)) + (sin(((_a6_ + x) * _a6_)) * _a1_)));{'d0': {'_a0_': -470.35428047341844, '_a1_': 2253.1264961432526, '_a4_': 45907.27507719892, '_a6_': 0.20816409221774249, '_a2_': 1.0, '_a3_': 1.0, '_a5_': 1.0, '_a7_': 1.0}};{'d0': 0.024915804142551238};-276.451505277519;48.27302731480534
7590;-89.9527253239542;-((((_a4_ / _a0_) + (x * _a0_)) + (sin(((_a6_ + x) * _a6_)) * _a1_)));{'d0': {'_a0_': -470.35428047341844, '_a1_': 2253.1264961432526, '_a4_': 45907.27507719892, '_a6_': 0.20816409221774249, '_a2_': 1.0, '_a3_': 1.0, '_a5_': 1.0, '_a7_': 1.0}};{'d0': 0.024915804142551238};-276.451505277519;48.27302731480534
7591;-89.9527253239542;-((((_a4_ / _a0_) + (x * _a0_)) + (sin(((_a6_ + x) * _a6_)) * _a1_)));{'d0': {'_a0_': -470.35428047341844, '_a1_': 2253.1264961432526, '_a4_': 45907.27507719892, '_a6_': 0.20816409221774249, '_a2_': 1.0, '_a3_': 1.0, '_a5_': 1.0, '_a7_': 1.0}};{'d0': 0.024915804142551238};-276.451505277519;48.27302731480534
7592;-89.9527253239542;-((((_a4_ / _a0_) + (x * _a0_)) + (sin(((_a6_ + x) * _a6_)) * _a1_)));{'d0': {'_a0_': -470.35428047341844, '_a1_': 2253.1264961432526, '_a4_': 45907.27507719892, '_a6_': 0.20816409221774249, '_a2_': 1.0, '_a3_': 1.0, '_a5_': 1.0, '_a7_': 1.0}};{'d0': 0.024915804142551238};-276.451505277519;48.27302731480534
7593;-89.9527253239542;-((((_a4_ / _a0_) + (x * _a0_)) + (sin(((_a6_ + x) * _a6_)) * _a1_)));{'d0': {'_a0_': -470.35428047341844, '_a1_': 2253.1264961432526, '_a4_': 45907.27507719892, '_a6_': 0.20816409221774249, '_a2_': 1.0, '_a3_': 1.0, '_a5_': 1.0, '_a7_': 1.0}};{'d0': 0.024915804142551238};-276.451505277519;48.27302731480534
7594;-89.9527253239542;-((((_a4_ / _a0_) + (x * _a0_)) + (sin(((_a6_ + x) * _a6_)) * _a1_)));{'d0': {'_a0_': -470.35428047341844, '_a1_': 2253.1264961432526, '_a4_': 45907.27507719892, '_a6_': 0.20816409221774249, '_a2_': 1.0, '_a3_': 1.0, '_a5_': 1.0, '_a7_': 1.0}};{'d0': 0.024915804142551238};-276.451505277519;48.27302731480534
7595;-89.9527253239542;-((((_a4_ / _a0_) + (x * _a0_)) + (sin(((_a6_ + x) * _a6_)) * _a1_)));{'d0': {'_a0_': -470.35428047341844, '_a1_': 2253.1264961432526, '_a4_': 45907.27507719892, '_a6_': 0.20816409221774249, '_a2_': 1.0, '_a3_': 1.0, '_a5_': 1.0, '_a7_': 1.0}};{'d0': 0.024915804142551238};-276.451505277519;48.27302731480534
7596;-89.9527253239542;-((((_a4_ / _a0_) + (x * _a0_)) + (sin(((_a6_ + x) * _a6_)) * _a1_)));{'d0': {'_a0_': -470.35428047341844, '_a1_': 2253.1264961432526, '_a4_': 45907.27507719892, '_a6_': 0.20816409221774249, '_a2_': 1.0, '_a3_': 1.0, '_a5_': 1.0, '_a7_': 1.0}};{'d0': 0.024915804142551238};-276.451505277519;48.27302731480534
7597;-95.7530170903833;-(((_a7_ + (x * _a0_)) + (sin(((_a6_ + x) * _a6_)) * _a1_)));{'d0': {'_a0_': -470.3543867715241, '_a1_': 2253.127168407468, '_a6_': 0.20816407733692188, '_a7_': -97.60149768519624, '_a2_': 1.0, '_a3_': 1.0, '_a4_': 1.0, '_a5_': 1.0}};{'d0': 0.024915804142529058};-276.451505277572;42.47273554840294
7598;-95.7530170903833;-(((_a7_ + (x * _a0_)) + (sin(((_a6_ + x) * _a6_)) * _a1_)));{'d0': {'_a0_': -470.3543867715241, '_a1_': 2253.127168407468, '_a6_': 0.20816407733692188, '_a7_': -97.60149768519624, '_a2_': 1.0, '_a3_': 1.0, '_a4_': 1.0, '_a5_': 1.0}};{'d0': 0.024915804142529058};-276.451505277572;42.47273554840294
7599;-95.7530170903833;-(((_a7_ + (x * _a0_)) + (sin(((_a6_ + x) * _a6_)) * _a1_)));{'d0': {'_a0_': -470.3543867715241, '_a1_': 2253.127168407468, '_a6_': 0.20816407733692188, '_a7_': -97.60149768519624, '_a2_': 1.0, '_a3_': 1.0, '_a4_': 1.0, '_a5_': 1.0}};{'d0': 0.024915804142529058};-276.451505277572;42.47273554840294
7600;-95.7530170903833;-(((_a7_ + (x * _a0_)) + (sin(((_a6_ + x) * _a6_)) * _a1_)));{'d0': {'_a0_': -470.3543867715241, '_a1_': 2253.127168407468, '_a6_': 0.20816407733692188, '_a7_': -97.60149768519624, '_a2_': 1.0, '_a3_': 1.0, '_a4_': 1.0, '_a5_': 1.0}};{'d0': 0.024915804142529058};-276.451505277572;42.47273554840294
7601;-95.7530170903833;-(((_a7_ + (x * _a0_)) + (sin(((_a6_ + x) * _a6_)) * _a1_)));{'d0': {'_a0_': -470.3543867715241, '_a1_': 2253.127168407468, '_a6_': 0.20816407733692188, '_a7_': -97.60149768519624, '_a2_': 1.0, '_a3_': 1.0, '_a4_': 1.0, '_a5_': 1.0}};{'d0': 0.024915804142529058};-276.451505277572;42.47273554840294
7602;-95.7530170903833;-(((_a7_ + (x * _a0_)) + (sin(((_a6_ + x) * _a6_)) * _a1_)));{'d0': {'_a0_': -470.3543867715241, '_a1_': 2253.127168407468, '_a6_': 0.20816407733692188, '_a7_': -97.60149768519624, '_a2_': 1.0, '_a3_': 1.0, '_a4_': 1.0, '_a5_': 1.0}};{'d0': 0.024915804142529058};-276.451505277572;42.47273554840294
7603;-95.7530170903833;-(((_a7_ + (x * _a0_)) + (sin(((_a6_ + x) * _a6_)) * _a1_)));{'d0': {'_a0_': -470.3543867715241, '_a1_': 2253.127168407468, '_a6_': 0.20816407733692188, '_a7_': -97.60149768519624, '_a2_': 1.0, '_a3_': 1.0, '_a4_': 1.0, '_a5_': 1.0}};{'d0': 0.024915804142529058};-276.451505277572;42.47273554840294
7604;-95.7530170903833;-(((_a7_ + (x * _a0_)) + (sin(((_a6_ + x) * _a6_)) * _a1_)));{'d0': {'_a0_': -470.3543867715241, '_a1_': 2253.127168407468, '_a6_': 0.20816407733692188, '_a7_': -97.60149768519624, '_a2_': 1.0, '_a3_': 1.0, '_a4_': 1.0, '_a5_': 1.0}};{'d0': 0.024915804142529058};-276.451505277572;42.47273554840294
7605;-95.7530170903833;-(((_a7_ + (x * _a0_)) + (sin(((_a6_ + x) * _a6_)) * _a1_)));{'d0': {'_a0_': -470.3543867715241, '_a1_': 2253.127168407468, '_a6_': 0.20816407733692188, '_a7_': -97.60149768519624, '_a2_': 1.0, '_a3_': 1.0, '_a4_': 1.0, '_a5_': 1.0}};{'d0': 0.024915804142529058};-276.451505277572;42.47273554840294
7606;-95.7530170903833;-(((_a7_ + (x * _a0_)) + (sin(((_a6_ + x) * _a6_)) * _a1_)));{'d0': {'_a0_': -470.3543867715241, '_a1_': 2253.127168407468, '_a6_': 0.20816407733692188, '_a7_': -97.60149768519624, '_a2_': 1.0, '_a3_': 1.0, '_a4_': 1.0, '_a5_': 1.0}};{'d0': 0.024915804142529058};-276.451505277572;42.47273554840294
7607;-88.5239550324219;((((-(x) * (pow2(-(_a6_)) + (x * _a5_))) + pow2(_a2_)) * (x * x)) / x);{'d0': {'_a2_': -1.3323420746811532, '_a5_': -3.3767608793365707, '_a6_': 1.45142139590839, '_a0_': 1.0, '_a1_': 1.0, '_a3_': 1.0, '_a4_': 1.0, '_a7_': 1.0}};{'d0': 0.024905832919416684};-280.569866449043;51.76097819209997
7608;-88.5239550324219;((((-(x) * (pow2(-(_a6_)) + (x * _a5_))) + pow2(_a2_)) * (x * x)) / x);{'d0': {'_a2_': -1.3323420746811532, '_a5_': -3.3767608793365707, '_a6_': 1.45142139590839, '_a0_': 1.0, '_a1_': 1.0, '_a3_': 1.0, '_a4_': 1.0, '_a7_': 1.0}};{'d0': 0.024905832919416684};-280.569866449043;51.76097819209997
7609;-88.5239550324219;((((-(x) * (pow2(-(_a6_)) + (x * _a5_))) + pow2(_a2_)) * (x * x)) / x);{'d0': {'_a2_': -1.3323420746811532, '_a5_': -3.3767608793365707, '_a6_': 1.45142139590839, '_a0_': 1.0, '_a1_': 1.0, '_a3_': 1.0, '_a4_': 1.0, '_a7_': 1.0}};{'d0': 0.024905832919416684};-280.569866449043;51.76097819209997
7610;-88.5239550324219;((((-(x) * (pow2(-(_a6_)) + (x * _a5_))) + pow2(_a2_)) * (x * x)) / x);{'d0': {'_a2_': -1.3323420746811532, '_a5_': -3.3767608793365707, '_a6_': 1.45142139590839, '_a0_': 1.0, '_a1_': 1.0, '_a3_': 1.0, '_a4_': 1.0, '_a7_': 1.0}};{'d0': 0.024905832919416684};-280.569866449043;51.76097819209997
7611;-83.5022578206429;((((-(x) * (pow2(-(_a6_)) + ((_a2_ * x) * _a5_))) + pow2(_a2_)) * (x * x)) / x);{'d0': {'_a2_': -1.3323420749176496, '_a5_': 2.534454882762608, '_a6_': 1.4514213955828759, '_a0_': 1.0, '_a1_': 1.0, '_a3_': 1.0, '_a4_': 1.0, '_a7_': 1.0}};{'d0': 0.02490583291941665};-280.569866449044;56.78267540387897
7612;-83.5022578206429;((((-(x) * (pow2(-(_a6_)) + ((_a2_ * x) * _a5_))) + pow2(_a2_)) * (x * x)) / x);{'d0': {'_a2_': -1.3323420749176496, '_a5_': 2.534454882762608, '_a6_': 1.4514213955828759, '_a0_': 1.0, '_a1_': 1.0, '_a3_': 1.0, '_a4_': 1.0, '_a7_': 1.0}};{'d0': 0.02490583291941665};-280.569866449044;56.78267540387897
7613;-83.5022578206429;((((-(x) * (pow2(-(_a6_)) + ((_a2_ * x) * _a5_))) + pow2(_a2_)) * (x * x)) / x);{'d0': {'_a2_': -1.3323420749176496, '_a5_': 2.534454882762608, '_a6_': 1.4514213955828759, '_a0_': 1.0, '_a1_': 1.0, '_a3_': 1.0, '_a4_': 1.0, '_a7_': 1.0}};{'d0': 0.02490583291941665};-280.569866449044;56.78267540387897
7614;-83.5022578206429;((((-(x) * (pow2(-(_a6_)) + ((_a2_ * x) * _a5_))) + pow2(_a2_)) * (x * x)) / x);{'d0': {'_a2_': -1.3323420749176496, '_a5_': 2.534454882762608, '_a6_': 1.4514213955828759, '_a0_': 1.0, '_a1_': 1.0, '_a3_': 1.0, '_a4_': 1.0, '_a7_': 1.0}};{'d0': 0.02490583291941665};-280.569866449044;56.78267540387897
7615;-83.5022578206429;((((-(x) * (pow2(-(_a6_)) + ((_a2_ * x) * _a5_))) + pow2(_a2_)) * (x * x)) / x);{'d0': {'_a2_': -1.3323420749176496, '_a5_': 2.534454882762608, '_a6_': 1.4514213955828759, '_a0_': 1.0, '_a1_': 1.0, '_a3_': 1.0, '_a4_': 1.0, '_a7_': 1.0}};{'d0': 0.02490583291941665};-280.569866449044;56.78267540387897
7616;-91.9236681644154;((((pow2((-(((_a7_ + _a2_) * _a7_)) + x)) + _a0_) / _a0_) * x) / _a5_);{'d0': {'_a0_': 0.42839162783591217, '_a2_': 1.5050666134119017, '_a5_': 0.6912875218279422, '_a7_': -0.24817547438159737, '_a1_': 1.0, '_a3_': 1.0, '_a4_': 1.0, '_a6_': 1.0}};{'d0': 0.02490583292371824};-276.475521876459;46.314092773813975
7617;-91.9236681552129;((((pow2((-(((_a7_ + _a2_) * _a7_)) + x)) + _a0_) / _a5_) * x) / _a5_);{'d0': {'_a0_': 0.42839162758982485, '_a2_': 1.443925613275456, '_a5_': 0.544189109299178, '_a7_': -0.2644687175948987, '_a1_': 1.0, '_a3_': 1.0, '_a4_': 1.0, '_a6_': 1.0}};{'d0': 0.024905832931358098};-276.475521858054;46.314092773813975
7618;-92.9672865732030;((((pow2((-(((_a7_ * _a2_) * _a7_)) + x)) + _a0_) / _a5_) * x) / _a5_);{'d0': {'_a0_': 0.4283916285820583, '_a2_': -3.2433503651702775, '_a5_': 0.5441891096490017, '_a7_': -0.3101211021229763, '_a1_': 1.0, '_a3_': 1.0, '_a4_': 1.0, '_a6_': 1.0}};{'d0': 0.02490583292463754};-276.475521874244;45.27047436391898
7619;-92.9672865732030;((((pow2((-(((_a7_ * _a2_) * _a7_)) + x)) + _a0_) / _a5_) * x) / _a5_);{'d0': {'_a0_': 0.4283916285820583, '_a2_': -3.2433503651702775, '_a5_': 0.5441891096490017, '_a7_': -0.3101211021229763, '_a1_': 1.0, '_a3_': 1.0, '_a4_': 1.0, '_a6_': 1.0}};{'d0': 0.02490583292463754};-276.475521874244;45.27047436391898
7620;-97.8442692185114;((((pow2((-((_a6_ * _a7_)) + x)) + _a0_) / _a5_) * x) / _a5_);{'d0': {'_a0_': 0.42839162848778495, '_a5_': 0.5441891096201945, '_a6_': 1.0467257530168115, '_a7_': -0.2980051690585927, '_a1_': 1.0, '_a2_': 1.0, '_a3_': 1.0, '_a4_': 1.0}};{'d0': 0.024905832919512413};-276.475521886591;40.39349172478398
7621;-97.8442692185114;((((pow2((-((_a6_ * _a7_)) + x)) + _a0_) / _a5_) * x) / _a5_);{'d0': {'_a0_': 0.42839162848778495, '_a5_': 0.5441891096201945, '_a6_': 1.0467257530168115, '_a7_': -0.2980051690585927, '_a1_': 1.0, '_a2_': 1.0, '_a3_': 1.0, '_a4_': 1.0}};{'d0': 0.024905832919512413};-276.475521886591;40.39349172478398
7622;-97.8442692185114;((((pow2((-((_a6_ * _a7_)) + x)) + _a0_) / _a5_) * x) / _a5_);{'d0': {'_a0_': 0.42839162848778495, '_a5_': 0.5441891096201945, '_a6_': 1.0467257530168115, '_a7_': -0.2980051690585927, '_a1_': 1.0, '_a2_': 1.0, '_a3_': 1.0, '_a4_': 1.0}};{'d0': 0.024905832919512413};-276.475521886591;40.39349172478398
7623;-97.8442692185114;((((pow2((-((_a6_ * _a7_)) + x)) + _a0_) / _a5_) * x) / _a5_);{'d0': {'_a0_': 0.42839162848778495, '_a5_': 0.5441891096201945, '_a6_': 1.0467257530168115, '_a7_': -0.2980051690585927, '_a1_': 1.0, '_a2_': 1.0, '_a3_': 1.0, '_a4_': 1.0}};{'d0': 0.024905832919512413};-276.475521886591;40.39349172478398
7624;-97.8442692185114;((((pow2((-((_a6_ * _a7_)) + x)) + _a0_) / _a5_) * x) / _a5_);{'d0': {'_a0_': 0.42839162848778495, '_a5_': 0.5441891096201945, '_a6_': 1.0467257530168115, '_a7_': -0.2980051690585927, '_a1_': 1.0, '_a2_': 1.0, '_a3_': 1.0, '_a4_': 1.0}};{'d0': 0.024905832919512413};-276.475521886591;40.39349172478398
7625;-83.5022578206430;((((-(x) * (pow2(-(_a0_)) + ((_a2_ * x) * _a5_))) + pow2(_a2_)) * (x * x)) / x);{'d0': {'_a0_': 1.451421395720037, '_a2_': -1.3323420748319972, '_a5_': 2.5344548835160623, '_a1_': 1.0, '_a3_': 1.0, '_a4_': 1.0, '_a6_': 1.0, '_a7_': 1.0}};{'d0': 0.024905832919416643};-280.569866449044;56.78267540387897
7626;-83.5022578206430;((((-(x) * (pow2(-(_a0_)) + ((_a2_ * x) * _a5_))) + pow2(_a2_)) * (x * x)) / x);{'d0': {'_a0_': 1.451421395720037, '_a2_': -1.3323420748319972, '_a5_': 2.5344548835160623, '_a1_': 1.0, '_a3_': 1.0, '_a4_': 1.0, '_a6_': 1.0, '_a7_': 1.0}};{'d0': 0.024905832919416643};-280.569866449044;56.78267540387897
7627;-83.5022578206430;((((-(x) * (pow2(-(_a0_)) + ((_a2_ * x) * _a5_))) + pow2(_a2_)) * (x * x)) / x);{'d0': {'_a0_': 1.451421395720037, '_a2_': -1.3323420748319972, '_a5_': 2.5344548835160623, '_a1_': 1.0, '_a3_': 1.0, '_a4_': 1.0, '_a6_': 1.0, '_a7_': 1.0}};{'d0': 0.024905832919416643};-280.569866449044;56.78267540387897
7628;-97.8442692185114;((((pow2((-((_a6_ * _a7_)) + x)) + _a0_) / _a5_) * x) / _a5_);{'d0': {'_a0_': 0.42839162848778495, '_a5_': 0.5441891096201945, '_a6_': 1.0467257530168115, '_a7_': -0.2980051690585927, '_a1_': 1.0, '_a2_': 1.0, '_a3_': 1.0, '_a4_': 1.0}};{'d0': 0.024905832919512413};-276.475521886591;40.39349172478398
7629;-97.8442692185114;((((pow2((-((_a6_ * _a7_)) + x)) + _a0_) / _a5_) * x) / _a5_);{'d0': {'_a0_': 0.42839162848778495, '_a5_': 0.5441891096201945, '_a6_': 1.0467257530168115, '_a7_': -0.2980051690585927, '_a1_': 1.0, '_a2_': 1.0, '_a3_': 1.0, '_a4_': 1.0}};{'d0': 0.024905832919512413};-276.475521886591;40.39349172478398
7630;-97.8442692185114;((((pow2((-((_a6_ * _a7_)) + x)) + _a0_) / _a5_) * x) / _a5_);{'d0': {'_a0_': 0.42839162848778495, '_a5_': 0.5441891096201945, '_a6_': 1.0467257530168115, '_a7_': -0.2980051690585927, '_a1_': 1.0, '_a2_': 1.0, '_a3_': 1.0, '_a4_': 1.0}};{'d0': 0.024905832919512413};-276.475521886591;40.39349172478398
7631;-97.8442692185114;((((pow2((-((_a6_ * _a7_)) + x)) + _a0_) / _a5_) * x) / _a5_);{'d0': {'_a0_': 0.42839162848778495, '_a5_': 0.5441891096201945, '_a6_': 1.0467257530168115, '_a7_': -0.2980051690585927, '_a1_': 1.0, '_a2_': 1.0, '_a3_': 1.0, '_a4_': 1.0}};{'d0': 0.024905832919512413};-276.475521886591;40.39349172478398
7632;-97.8442692185114;((((pow2((-((_a6_ * _a7_)) + x)) + _a0_) / _a5_) * x) / _a5_);{'d0': {'_a0_': 0.42839162848778495, '_a5_': 0.5441891096201945, '_a6_': 1.0467257530168115, '_a7_': -0.2980051690585927, '_a1_': 1.0, '_a2_': 1.0, '_a3_': 1.0, '_a4_': 1.0}};{'d0': 0.024905832919512413};-276.475521886591;40.39349172478398
7633;-97.8442692185114;((((pow2((-((_a6_ * _a7_)) + x)) + _a0_) / _a5_) * x) / _a5_);{'d0': {'_a0_': 0.42839162848778495, '_a5_': 0.5441891096201945, '_a6_': 1.0467257530168115, '_a7_': -0.2980051690585927, '_a1_': 1.0, '_a2_': 1.0, '_a3_': 1.0, '_a4_': 1.0}};{'d0': 0.024905832919512413};-276.475521886591;40.39349172478398
7634;-97.8442692185114;((((pow2((-((_a6_ * _a7_)) + x)) + _a0_) / _a5_) * x) / _a5_);{'d0': {'_a0_': 0.42839162848778495, '_a5_': 0.5441891096201945, '_a6_': 1.0467257530168115, '_a7_': -0.2980051690585927, '_a1_': 1.0, '_a2_': 1.0, '_a3_': 1.0, '_a4_': 1.0}};{'d0': 0.024905832919512413};-276.475521886591;40.39349172478398
7635;-97.8442692185114;((((pow2((-((_a6_ * _a7_)) + x)) + _a0_) / _a5_) * x) / _a5_);{'d0': {'_a0_': 0.42839162848778495, '_a5_': 0.5441891096201945, '_a6_': 1.0467257530168115, '_a7_': -0.2980051690585927, '_a1_': 1.0, '_a2_': 1.0, '_a3_': 1.0, '_a4_': 1.0}};{'d0': 0.024905832919512413};-276.475521886591;40.39349172478398
7636;-104.696066852551;((((pow2((-(_a2_) + x)) + _a0_) / _a5_) * x) / _a5_);{'d0': {'_a0_': 0.42839162775811973, '_a2_': -0.31192970783841883, '_a5_': 0.544189109356869, '_a1_': 1.0, '_a3_': 1.0, '_a4_': 1.0, '_a6_': 1.0, '_a7_': 1.0}};{'d0': 0.024905832919416684};-280.569866449043;35.58886637197098
7637;-104.696066852551;((((pow2((-(_a2_) + x)) + _a0_) / _a5_) * x) / _a5_);{'d0': {'_a0_': 0.42839162775811973, '_a2_': -0.31192970783841883, '_a5_': 0.544189109356869, '_a1_': 1.0, '_a3_': 1.0, '_a4_': 1.0, '_a6_': 1.0, '_a7_': 1.0}};{'d0': 0.024905832919416684};-280.569866449043;35.58886637197098
7638;-102.648894571383;((((pow2((-(_a2_) + x)) + _a0_) / _a6_) * x) / _a5_);{'d0': {'_a0_': 0.42839162816001786, '_a2_': -0.3119297077669565, '_a5_': 0.41955640303099323, '_a6_': 0.7058449779991416, '_a1_': 1.0, '_a3_': 1.0, '_a4_': 1.0, '_a7_': 1.0}};{'d0': 0.024905832919463886};-276.475521886708;35.58886637197098
7639;-102.648894571383;((((pow2((-(_a2_) + x)) + _a0_) / _a6_) * x) / _a5_);{'d0': {'_a0_': 0.42839162816001786, '_a2_': -0.3119297077669565, '_a5_': 0.41955640303099323, '_a6_': 0.7058449779991416, '_a1_': 1.0, '_a3_': 1.0, '_a4_': 1.0, '_a7_': 1.0}};{'d0': 0.024905832919463886};-276.475521886708;35.58886637197098
7640;-102.648894571383;((((pow2((-(_a2_) + x)) + _a0_) / _a6_) * x) / _a5_);{'d0': {'_a0_': 0.42839162816001786, '_a2_': -0.3119297077669565, '_a5_': 0.41955640303099323, '_a6_': 0.7058449779991416, '_a1_': 1.0, '_a3_': 1.0, '_a4_': 1.0, '_a7_': 1.0}};{'d0': 0.024905832919463886};-276.475521886708;35.58886637197098
7641;-102.648894571383;((((pow2((-(_a2_) + x)) + _a0_) / _a6_) * x) / _a5_);{'d0': {'_a0_': 0.42839162816001786, '_a2_': -0.3119297077669565, '_a5_': 0.41955640303099323, '_a6_': 0.7058449779991416, '_a1_': 1.0, '_a3_': 1.0, '_a4_': 1.0, '_a7_': 1.0}};{'d0': 0.024905832919463886};-276.475521886708;35.58886637197098
7642;-102.648894571383;((((pow2((-(_a2_) + x)) + _a0_) / _a6_) * x) / _a5_);{'d0': {'_a0_': 0.42839162816001786, '_a2_': -0.3119297077669565, '_a5_': 0.41955640303099323, '_a6_': 0.7058449779991416, '_a1_': 1.0, '_a3_': 1.0, '_a4_': 1.0, '_a7_': 1.0}};{'d0': 0.024905832919463886};-276.475521886708;35.58886637197098
7643;-102.648894571383;((((pow2((-(_a2_) + x)) + _a0_) / _a6_) * x) / _a5_);{'d0': {'_a0_': 0.42839162816001786, '_a2_': -0.3119297077669565, '_a5_': 0.41955640303099323, '_a6_': 0.7058449779991416, '_a1_': 1.0, '_a3_': 1.0, '_a4_': 1.0, '_a7_': 1.0}};{'d0': 0.024905832919463886};-276.475521886708;35.58886637197098
7644;-101.524216378509;((((pow2(((_a5_ * _a1_) + x)) + _a0_) / _a6_) * x) / _a5_);{'d0': {'_a0_': 0.4283916270805314, '_a1_': 0.8532957997637166, '_a5_': 0.3655586889221047, '_a6_': 0.8101073293839944, '_a2_': 1.0, '_a3_': 1.0, '_a4_': 1.0, '_a7_': 1.0}};{'d0': 0.024905832919730437};-276.475521886066;36.71354456452359
7645;-101.524216378509;((((pow2(((_a5_ * _a1_) + x)) + _a0_) / _a6_) * x) / _a5_);{'d0': {'_a0_': 0.4283916270805314, '_a1_': 0.8532957997637166, '_a5_': 0.3655586889221047, '_a6_': 0.8101073293839944, '_a2_': 1.0, '_a3_': 1.0, '_a4_': 1.0, '_a7_': 1.0}};{'d0': 0.024905832919730437};-276.475521886066;36.71354456452359
7646;-101.524216378509;((((pow2(((_a5_ * _a1_) + x)) + _a0_) / _a6_) * x) / _a5_);{'d0': {'_a0_': 0.4283916270805314, '_a1_': 0.8532957997637166, '_a5_': 0.3655586889221047, '_a6_': 0.8101073293839944, '_a2_': 1.0, '_a3_': 1.0, '_a4_': 1.0, '_a7_': 1.0}};{'d0': 0.024905832919730437};-276.475521886066;36.71354456452359
7647;-101.524216378509;((((pow2(((_a5_ * _a1_) + x)) + _a0_) / _a6_) * x) / _a5_);{'d0': {'_a0_': 0.4283916270805314, '_a1_': 0.8532957997637166, '_a5_': 0.3655586889221047, '_a6_': 0.8101073293839944, '_a2_': 1.0, '_a3_': 1.0, '_a4_': 1.0, '_a7_': 1.0}};{'d0': 0.024905832919730437};-276.475521886066;36.71354456452359
7648;-101.524216378509;((((pow2(((_a5_ * _a1_) + x)) + _a0_) / _a6_) * x) / _a5_);{'d0': {'_a0_': 0.4283916270805314, '_a1_': 0.8532957997637166, '_a5_': 0.3655586889221047, '_a6_': 0.8101073293839944, '_a2_': 1.0, '_a3_': 1.0, '_a4_': 1.0, '_a7_': 1.0}};{'d0': 0.024905832919730437};-276.475521886066;36.71354456452359
7649;-101.524216378509;((((pow2(((_a5_ * _a1_) + x)) + _a0_) / _a6_) * x) / _a5_);{'d0': {'_a0_': 0.4283916270805314, '_a1_': 0.8532957997637166, '_a5_': 0.3655586889221047, '_a6_': 0.8101073293839944, '_a2_': 1.0, '_a3_': 1.0, '_a4_': 1.0, '_a7_': 1.0}};{'d0': 0.024905832919730437};-276.475521886066;36.71354456452359
7650;-101.524216378509;((((pow2(((_a5_ * _a1_) + x)) + _a0_) / _a6_) * x) / _a5_);{'d0': {'_a0_': 0.4283916270805314, '_a1_': 0.8532957997637166, '_a5_': 0.3655586889221047, '_a6_': 0.8101073293839944, '_a2_': 1.0, '_a3_': 1.0, '_a4_': 1.0, '_a7_': 1.0}};{'d0': 0.024905832919730437};-276.475521886066;36.71354456452359
7651;-101.524216378509;((((pow2(((_a5_ * _a1_) + x)) + _a0_) / _a6_) * x) / _a5_);{'d0': {'_a0_': 0.4283916270805314, '_a1_': 0.8532957997637166, '_a5_': 0.3655586889221047, '_a6_': 0.8101073293839944, '_a2_': 1.0, '_a3_': 1.0, '_a4_': 1.0, '_a7_': 1.0}};{'d0': 0.024905832919730437};-276.475521886066;36.71354456452359
7652;-102.630907258201;((((pow2((pow2(_a4_) + x)) + _a0_) / _a6_) * x) / _a5_);{'d0': {'_a0_': 0.4283916278979952, '_a4_': 0.5585066765544268, '_a5_': 0.3816670600069694, '_a6_': 0.7759164746865966, '_a1_': 1.0, '_a2_': 1.0, '_a3_': 1.0, '_a7_': 1.0}};{'d0': 0.02490583292015511};-276.475521885042;35.60685368432059
7653;-102.630907258201;((((pow2((pow2(_a4_) + x)) + _a0_) / _a6_) * x) / _a5_);{'d0': {'_a0_': 0.4283916278979952, '_a4_': 0.5585066765544268, '_a5_': 0.3816670600069694, '_a6_': 0.7759164746865966, '_a1_': 1.0, '_a2_': 1.0, '_a3_': 1.0, '_a7_': 1.0}};{'d0': 0.02490583292015511};-276.475521885042;35.60685368432059
7654;-102.630907258201;((((pow2((pow2(_a4_) + x)) + _a0_) / _a6_) * x) / _a5_);{'d0': {'_a0_': 0.4283916278979952, '_a4_': 0.5585066765544268, '_a5_': 0.3816670600069694, '_a6_': 0.7759164746865966, '_a1_': 1.0, '_a2_': 1.0, '_a3_': 1.0, '_a7_': 1.0}};{'d0': 0.02490583292015511};-276.475521885042;35.60685368432059
7655;-102.630907258201;((((pow2((pow2(_a4_) + x)) + _a0_) / _a6_) * x) / _a5_);{'d0': {'_a0_': 0.4283916278979952, '_a4_': 0.5585066765544268, '_a5_': 0.3816670600069694, '_a6_': 0.7759164746865966, '_a1_': 1.0, '_a2_': 1.0, '_a3_': 1.0, '_a7_': 1.0}};{'d0': 0.02490583292015511};-276.475521885042;35.60685368432059
7656;-102.630907258201;((((pow2((pow2(_a4_) + x)) + _a0_) / _a6_) * x) / _a5_);{'d0': {'_a0_': 0.4283916278979952, '_a4_': 0.5585066765544268, '_a5_': 0.3816670600069694, '_a6_': 0.7759164746865966, '_a1_': 1.0, '_a2_': 1.0, '_a3_': 1.0, '_a7_': 1.0}};{'d0': 0.02490583292015511};-276.475521885042;35.60685368432059
7657;-102.630907258201;((((pow2((pow2(_a4_) + x)) + _a0_) / _a6_) * x) / _a5_);{'d0': {'_a0_': 0.4283916278979952, '_a4_': 0.5585066765544268, '_a5_': 0.3816670600069694, '_a6_': 0.7759164746865966, '_a1_': 1.0, '_a2_': 1.0, '_a3_': 1.0, '_a7_': 1.0}};{'d0': 0.02490583292015511};-276.475521885042;35.60685368432059
7658;-102.630907258201;((((pow2((pow2(_a4_) + x)) + _a0_) / _a6_) * x) / _a5_);{'d0': {'_a0_': 0.4283916278979952, '_a4_': 0.5585066765544268, '_a5_': 0.3816670600069694, '_a6_': 0.7759164746865966, '_a1_': 1.0, '_a2_': 1.0, '_a3_': 1.0, '_a7_': 1.0}};{'d0': 0.02490583292015511};-276.475521885042;35.60685368432059
7659;-102.572051871325;((((pow2((pow2(_a4_) + x)) + _a0_) / _a6_) * x) + _a5_);{'d0': {'_a0_': 0.427138669315025, '_a4_': 0.5588162120927147, '_a5_': -0.001024109426092648, '_a6_': 0.29563776970626804, '_a1_': 1.0, '_a2_': 1.0, '_a3_': 1.0, '_a7_': 1.0}};{'d0': 0.024885482501972533};-276.524567593058;35.69023192520339
7660;-102.572051871325;((((pow2((pow2(_a4_) + x)) + _a0_) / _a6_) * x) + _a5_);{'d0': {'_a0_': 0.427138669315025, '_a4_': 0.5588162120927147, '_a5_': -0.001024109426092648, '_a6_': 0.29563776970626804, '_a1_': 1.0, '_a2_': 1.0, '_a3_': 1.0, '_a7_': 1.0}};{'d0': 0.024885482501972533};-276.524567593058;35.69023192520339
7661;-106.269986343840;((((pow2((_a7_ + x)) + _a0_) / _a6_) * x) + _a5_);{'d0': {'_a0_': 0.4271386986413864, '_a5_': -0.0010240855795503616, '_a6_': 0.2956377815193215, '_a7_': 0.31227555083817193, '_a1_': 1.0, '_a2_': 1.0, '_a3_': 1.0, '_a4_': 1.0}};{'d0': 0.02488548250205188};-276.524567592866;31.99229745259339
7662;-106.269986343840;((((pow2((_a7_ + x)) + _a0_) / _a6_) * x) + _a5_);{'d0': {'_a0_': 0.4271386986413864, '_a5_': -0.0010240855795503616, '_a6_': 0.2956377815193215, '_a7_': 0.31227555083817193, '_a1_': 1.0, '_a2_': 1.0, '_a3_': 1.0, '_a4_': 1.0}};{'d0': 0.02488548250205188};-276.524567592866;31.99229745259339
7663;-106.269986343840;((((pow2((_a7_ + x)) + _a0_) / _a6_) * x) + _a5_);{'d0': {'_a0_': 0.4271386986413864, '_a5_': -0.0010240855795503616, '_a6_': 0.2956377815193215, '_a7_': 0.31227555083817193, '_a1_': 1.0, '_a2_': 1.0, '_a3_': 1.0, '_a4_': 1.0}};{'d0': 0.02488548250205188};-276.524567592866;31.99229745259339
7664;-106.269986343840;((((pow2((_a7_ + x)) + _a0_) / _a6_) * x) + _a5_);{'d0': {'_a0_': 0.4271386986413864, '_a5_': -0.0010240855795503616, '_a6_': 0.2956377815193215, '_a7_': 0.31227555083817193, '_a1_': 1.0, '_a2_': 1.0, '_a3_': 1.0, '_a4_': 1.0}};{'d0': 0.02488548250205188};-276.524567592866;31.99229745259339
7665;-106.269986343840;((((pow2((_a7_ + x)) + _a0_) / _a6_) * x) + _a5_);{'d0': {'_a0_': 0.4271386986413864, '_a5_': -0.0010240855795503616, '_a6_': 0.2956377815193215, '_a7_': 0.31227555083817193, '_a1_': 1.0, '_a2_': 1.0, '_a3_': 1.0, '_a4_': 1.0}};{'d0': 0.02488548250205188};-276.524567592866;31.99229745259339
7666;-106.269986343840;((((pow2((_a7_ + x)) + _a0_) / _a6_) * x) + _a5_);{'d0': {'_a0_': 0.4271386986413864, '_a5_': -0.0010240855795503616, '_a6_': 0.2956377815193215, '_a7_': 0.31227555083817193, '_a1_': 1.0, '_a2_': 1.0, '_a3_': 1.0, '_a4_': 1.0}};{'d0': 0.02488548250205188};-276.524567592866;31.99229745259339
7667;-106.269986343840;((((pow2((_a7_ + x)) + _a0_) / _a6_) * x) + _a5_);{'d0': {'_a0_': 0.4271386986413864, '_a5_': -0.0010240855795503616, '_a6_': 0.2956377815193215, '_a7_': 0.31227555083817193, '_a1_': 1.0, '_a2_': 1.0, '_a3_': 1.0, '_a4_': 1.0}};{'d0': 0.02488548250205188};-276.524567592866;31.99229745259339
7668;-106.269986343840;((((pow2((_a7_ + x)) + _a0_) / _a6_) * x) + _a5_);{'d0': {'_a0_': 0.4271386986413864, '_a5_': -0.0010240855795503616, '_a6_': 0.2956377815193215, '_a7_': 0.31227555083817193, '_a1_': 1.0, '_a2_': 1.0, '_a3_': 1.0, '_a4_': 1.0}};{'d0': 0.02488548250205188};-276.524567592866;31.99229745259339
7669;-101.465360991233;((((pow2(((_a6_ * _a7_) + x)) + _a0_) / _a6_) * x) + _a5_);{'d0': {'_a0_': 0.42713854835330556, '_a5_': -0.0010242094306260772, '_a6_': 0.2956377206161812, '_a7_': 1.0562779064239642, '_a1_': 1.0, '_a2_': 1.0, '_a3_': 1.0, '_a4_': 1.0}};{'d0': 0.024885482501880437};-276.524567593280;36.79692280540639
7670;-101.465360991233;((((pow2(((_a6_ * _a7_) + x)) + _a0_) / _a6_) * x) + _a5_);{'d0': {'_a0_': 0.42713854835330556, '_a5_': -0.0010242094306260772, '_a6_': 0.2956377206161812, '_a7_': 1.0562779064239642, '_a1_': 1.0, '_a2_': 1.0, '_a3_': 1.0, '_a4_': 1.0}};{'d0': 0.024885482501880437};-276.524567593280;36.79692280540639
7671;-101.465360991233;((((pow2(((_a6_ * _a7_) + x)) + _a0_) / _a6_) * x) + _a5_);{'d0': {'_a0_': 0.42713854835330556, '_a5_': -0.0010242094306260772, '_a6_': 0.2956377206161812, '_a7_': 1.0562779064239642, '_a1_': 1.0, '_a2_': 1.0, '_a3_': 1.0, '_a4_': 1.0}};{'d0': 0.024885482501880437};-276.524567593280;36.79692280540639
7672;-101.465360991233;((((pow2(((_a6_ * _a7_) + x)) + _a0_) / _a6_) * x) + _a5_);{'d0': {'_a0_': 0.42713854835330556, '_a5_': -0.0010242094306260772, '_a6_': 0.2956377206161812, '_a7_': 1.0562779064239642, '_a1_': 1.0, '_a2_': 1.0, '_a3_': 1.0, '_a4_': 1.0}};{'d0': 0.024885482501880437};-276.524567593280;36.79692280540639
7673;-101.465360991233;((((pow2(((_a6_ * _a7_) + x)) + _a0_) / _a6_) * x) + _a5_);{'d0': {'_a0_': 0.42713854835330556, '_a5_': -0.0010242094306260772, '_a6_': 0.2956377206161812, '_a7_': 1.0562779064239642, '_a1_': 1.0, '_a2_': 1.0, '_a3_': 1.0, '_a4_': 1.0}};{'d0': 0.024885482501880437};-276.524567593280;36.79692280540639
7674;-101.465360991233;((((pow2(((_a6_ * _a7_) + x)) + _a0_) / _a6_) * x) + _a5_);{'d0': {'_a0_': 0.42713854835330556, '_a5_': -0.0010242094306260772, '_a6_': 0.2956377206161812, '_a7_': 1.0562779064239642, '_a1_': 1.0, '_a2_': 1.0, '_a3_': 1.0, '_a4_': 1.0}};{'d0': 0.024885482501880437};-276.524567593280;36.79692280540639
7675;-101.465360991233;((((pow2(((_a6_ * _a7_) + x)) + _a0_) / _a6_) * x) + _a5_);{'d0': {'_a0_': 0.42713854835330556, '_a5_': -0.0010242094306260772, '_a6_': 0.2956377206161812, '_a7_': 1.0562779064239642, '_a1_': 1.0, '_a2_': 1.0, '_a3_': 1.0, '_a4_': 1.0}};{'d0': 0.024885482501880437};-276.524567593280;36.79692280540639
7676;-101.465360991233;((((pow2(((_a6_ * _a7_) + x)) + _a0_) / _a6_) * x) + _a5_);{'d0': {'_a0_': 0.42713854835330556, '_a5_': -0.0010242094306260772, '_a6_': 0.2956377206161812, '_a7_': 1.0562779064239642, '_a1_': 1.0, '_a2_': 1.0, '_a3_': 1.0, '_a4_': 1.0}};{'d0': 0.024885482501880437};-276.524567593280;36.79692280540639
7677;-101.465360991233;((((pow2(((_a6_ * _a7_) + x)) + _a0_) / _a6_) * x) + _a5_);{'d0': {'_a0_': 0.42713854835330556, '_a5_': -0.0010242094306260772, '_a6_': 0.2956377206161812, '_a7_': 1.0562779064239642, '_a1_': 1.0, '_a2_': 1.0, '_a3_': 1.0, '_a4_': 1.0}};{'d0': 0.024885482501880437};-276.524567593280;36.79692280540639
7678;-101.465360991233;((((pow2(((_a6_ * _a7_) + x)) + _a0_) / _a6_) * x) + _a5_);{'d0': {'_a0_': 0.42713854835330556, '_a5_': -0.0010242094306260772, '_a6_': 0.2956377206161812, '_a7_': 1.0562779064239642, '_a1_': 1.0, '_a2_': 1.0, '_a3_': 1.0, '_a4_': 1.0}};{'d0': 0.024885482501880437};-276.524567593280;36.79692280540639
7679;-101.465360991233;((((pow2(((_a6_ * _a7_) + x)) + _a0_) / _a6_) * x) + _a5_);{'d0': {'_a0_': 0.42713854835330556, '_a5_': -0.0010242094306260772, '_a6_': 0.2956377206161812, '_a7_': 1.0562779064239642, '_a1_': 1.0, '_a2_': 1.0, '_a3_': 1.0, '_a4_': 1.0}};{'d0': 0.024885482501880437};-276.524567593280;36.79692280540639
7680;-101.465360991233;((((pow2(((_a6_ * _a7_) + x)) + _a0_) / _a6_) * x) + _a5_);{'d0': {'_a0_': 0.42713854835330556, '_a5_': -0.0010242094306260772, '_a6_': 0.2956377206161812, '_a7_': 1.0562779064239642, '_a1_': 1.0, '_a2_': 1.0, '_a3_': 1.0, '_a4_': 1.0}};{'d0': 0.024885482501880437};-276.524567593280;36.79692280540639
7681;-101.465360991233;((((pow2(((_a6_ * _a7_) + x)) + _a0_) / _a6_) * x) + _a5_);{'d0': {'_a0_': 0.42713854835330556, '_a5_': -0.0010242094306260772, '_a6_': 0.2956377206161812, '_a7_': 1.0562779064239642, '_a1_': 1.0, '_a2_': 1.0, '_a3_': 1.0, '_a4_': 1.0}};{'d0': 0.024885482501880437};-276.524567593280;36.79692280540639
7682;-95.5447599422031;((((pow2((((_a6_ + x) * _a7_) + x)) + _a0_) / _a6_) * x) + _a5_);{'d0': {'_a0_': 1.1529337542730518, '_a5_': -0.0010241564017929828, '_a6_': 0.7979862451770859, '_a7_': 0.6429250862530377, '_a1_': 1.0, '_a2_': 1.0, '_a3_': 1.0, '_a4_': 1.0}};{'d0': 0.02488548250188077};-276.524567593279;42.717523854436386
7683;-82.6203311397399;((((-(x) * (-(-(_a0_)) + ((_a2_ + x) * _a5_))) + pow2(_a2_)) * (x * x)) / x);{'d0': {'_a0_': -6.605624664926291, '_a2_': -1.332342074812529, '_a5_': -3.3767608792820125, '_a1_': 1.0, '_a3_': 1.0, '_a4_': 1.0, '_a6_': 1.0, '_a7_': 1.0}};{'d0': 0.024905832919416677};-280.569866449043;57.66460208478192
7684;-82.6203311397399;((((-(x) * (-(-(_a0_)) + ((_a2_ + x) * _a5_))) + pow2(_a2_)) * (x * x)) / x);{'d0': {'_a0_': -6.605624664926291, '_a2_': -1.332342074812529, '_a5_': -3.3767608792820125, '_a1_': 1.0, '_a3_': 1.0, '_a4_': 1.0, '_a6_': 1.0, '_a7_': 1.0}};{'d0': 0.024905832919416677};-280.569866449043;57.66460208478192
7685;-82.6203311397399;((((-(x) * (-(-(_a0_)) + ((_a2_ + x) * _a5_))) + pow2(_a2_)) * (x * x)) / x);{'d0': {'_a0_': -6.605624664926291, '_a2_': -1.332342074812529, '_a5_': -3.3767608792820125, '_a1_': 1.0, '_a3_': 1.0, '_a4_': 1.0, '_a6_': 1.0, '_a7_': 1.0}};{'d0': 0.024905832919416677};-280.569866449043;57.66460208478192
7686;-103.280223376163;((_a3_ * _a6_) * (((_a7_ + (x * x)) + (x / _a3_)) * x));{'d0': {'_a3_': 1.6029252345506733, '_a6_': 2.10662406694964, '_a7_': 0.5256917707235366, '_a0_': 1.0, '_a1_': 1.0, '_a2_': 1.0, '_a4_': 1.0, '_a5_': 1.0}};{'d0': 0.024905832919416622};-280.569866449044;37.004709848358424
7687;-103.280223376163;((_a3_ * _a6_) * (((_a7_ + (x * x)) + (x / _a3_)) * x));{'d0': {'_a3_': 1.6029252345506733, '_a6_': 2.10662406694964, '_a7_': 0.5256917707235366, '_a0_': 1.0, '_a1_': 1.0, '_a2_': 1.0, '_a4_': 1.0, '_a5_': 1.0}};{'d0': 0.024905832919416622};-280.569866449044;37.004709848358424
7688;-103.280223376163;((_a3_ * _a6_) * (((_a7_ + (x * x)) + (x / _a3_)) * x));{'d0': {'_a3_': 1.6029252345506733, '_a6_': 2.10662406694964, '_a7_': 0.5256917707235366, '_a0_': 1.0, '_a1_': 1.0, '_a2_': 1.0, '_a4_': 1.0, '_a5_': 1.0}};{'d0': 0.024905832919416622};-280.569866449044;37.004709848358424
7689;-104.058817930787;((_a3_ * _a6_) * (((_a7_ + (x * x)) + (x * _a3_)) * x));{'d0': {'_a3_': 0.6238594154593826, '_a6_': 5.412695226602945, '_a7_': 0.5256917699283118, '_a0_': 1.0, '_a1_': 1.0, '_a2_': 1.0, '_a4_': 1.0, '_a5_': 1.0}};{'d0': 0.02490583291941667};-280.569866449043;36.22611529373503
7690;-82.6203311397399;((((-(x) * (-(-(_a0_)) + ((_a2_ + x) * _a5_))) + pow2(_a2_)) * (x * x)) / x);{'d0': {'_a0_': -6.605624664926291, '_a2_': -1.332342074812529, '_a5_': -3.3767608792820125, '_a1_': 1.0, '_a3_': 1.0, '_a4_': 1.0, '_a6_': 1.0, '_a7_': 1.0}};{'d0': 0.024905832919416677};-280.569866449043;57.66460208478192
7691;-84.2710933312157;((((-(x) * (-(-(_a0_)) + ((_a2_ + x) * _a5_))) + _a7_) * (x * x)) / x);{'d0': {'_a0_': 925.4025248113338, '_a2_': 274.67420538100083, '_a5_': -3.376761016598616, '_a7_': 1.775135381967131, '_a1_': 1.0, '_a3_': 1.0, '_a4_': 1.0, '_a6_': 1.0}};{'d0': 0.02490583291943593};-276.475521886775;53.96666761217192
7692;-84.2710933312157;((((-(x) * (-(-(_a0_)) + ((_a2_ + x) * _a5_))) + _a7_) * (x * x)) / x);{'d0': {'_a0_': 925.4025248113338, '_a2_': 274.67420538100083, '_a5_': -3.376761016598616, '_a7_': 1.775135381967131, '_a1_': 1.0, '_a3_': 1.0, '_a4_': 1.0, '_a6_': 1.0}};{'d0': 0.02490583291943593};-276.475521886775;53.96666761217192
7693;-84.2710933312157;((((-(x) * (-(-(_a0_)) + ((_a2_ + x) * _a5_))) + _a7_) * (x * x)) / x);{'d0': {'_a0_': 925.4025248113338, '_a2_': 274.67420538100083, '_a5_': -3.376761016598616, '_a7_': 1.775135381967131, '_a1_': 1.0, '_a3_': 1.0, '_a4_': 1.0, '_a6_': 1.0}};{'d0': 0.02490583291943593};-276.475521886775;53.96666761217192
7694;-84.2710933312157;((((-(x) * (-(-(_a0_)) + ((_a2_ + x) * _a5_))) + _a7_) * (x * x)) / x);{'d0': {'_a0_': 925.4025248113338, '_a2_': 274.67420538100083, '_a5_': -3.376761016598616, '_a7_': 1.775135381967131, '_a1_': 1.0, '_a3_': 1.0, '_a4_': 1.0, '_a6_': 1.0}};{'d0': 0.02490583291943593};-276.475521886775;53.96666761217192
7695;-84.2710933312157;((((-(x) * (-(-(_a0_)) + ((_a2_ + x) * _a5_))) + _a7_) * (x * x)) / x);{'d0': {'_a0_': 925.4025248113338, '_a2_': 274.67420538100083, '_a5_': -3.376761016598616, '_a7_': 1.775135381967131, '_a1_': 1.0, '_a3_': 1.0, '_a4_': 1.0, '_a6_': 1.0}};{'d0': 0.02490583291943593};-276.475521886775;53.96666761217192
7696;-84.2710933312157;((((-(x) * (-(-(_a0_)) + ((_a2_ + x) * _a5_))) + _a7_) * (x * x)) / x);{'d0': {'_a0_': 925.4025248113338, '_a2_': 274.67420538100083, '_a5_': -3.376761016598616, '_a7_': 1.775135381967131, '_a1_': 1.0, '_a3_': 1.0, '_a4_': 1.0, '_a6_': 1.0}};{'d0': 0.02490583291943593};-276.475521886775;53.96666761217192
7697;-84.2710933312157;((((-(x) * (-(-(_a0_)) + ((_a2_ + x) * _a5_))) + _a7_) * (x * x)) / x);{'d0': {'_a0_': 925.4025248113338, '_a2_': 274.67420538100083, '_a5_': -3.376761016598616, '_a7_': 1.775135381967131, '_a1_': 1.0, '_a3_': 1.0, '_a4_': 1.0, '_a6_': 1.0}};{'d0': 0.02490583291943593};-276.475521886775;53.96666761217192
7698;-84.2710933312157;((((-(x) * (-(-(_a0_)) + ((_a2_ + x) * _a5_))) + _a7_) * (x * x)) / x);{'d0': {'_a0_': 925.4025248113338, '_a2_': 274.67420538100083, '_a5_': -3.376761016598616, '_a7_': 1.775135381967131, '_a1_': 1.0, '_a3_': 1.0, '_a4_': 1.0, '_a6_': 1.0}};{'d0': 0.02490583291943593};-276.475521886775;53.96666761217192
7699;-84.2710933312157;((((-(x) * (-(-(_a0_)) + ((_a2_ + x) * _a5_))) + _a7_) * (x * x)) / x);{'d0': {'_a0_': 925.4025248113338, '_a2_': 274.67420538100083, '_a5_': -3.376761016598616, '_a7_': 1.775135381967131, '_a1_': 1.0, '_a3_': 1.0, '_a4_': 1.0, '_a6_': 1.0}};{'d0': 0.02490583291943593};-276.475521886775;53.96666761217192
7700;-84.2710933312157;((((-(x) * (-(-(_a0_)) + ((_a2_ + x) * _a5_))) + _a7_) * (x * x)) / x);{'d0': {'_a0_': 925.4025248113338, '_a2_': 274.67420538100083, '_a5_': -3.376761016598616, '_a7_': 1.775135381967131, '_a1_': 1.0, '_a3_': 1.0, '_a4_': 1.0, '_a6_': 1.0}};{'d0': 0.02490583291943593};-276.475521886775;53.96666761217192
7701;-84.2710933312157;((((-(x) * (-(-(_a0_)) + ((_a2_ + x) * _a5_))) + _a7_) * (x * x)) / x);{'d0': {'_a0_': 925.4025248113338, '_a2_': 274.67420538100083, '_a5_': -3.376761016598616, '_a7_': 1.775135381967131, '_a1_': 1.0, '_a3_': 1.0, '_a4_': 1.0, '_a6_': 1.0}};{'d0': 0.02490583291943593};-276.475521886775;53.96666761217192
7702;-84.2710933312157;((((-(x) * (-(-(_a0_)) + ((_a2_ + x) * _a5_))) + _a7_) * (x * x)) / x);{'d0': {'_a0_': 925.4025248113338, '_a2_': 274.67420538100083, '_a5_': -3.376761016598616, '_a7_': 1.775135381967131, '_a1_': 1.0, '_a3_': 1.0, '_a4_': 1.0, '_a6_': 1.0}};{'d0': 0.02490583291943593};-276.475521886775;53.96666761217192
7703;-84.2710933312157;((((-(x) * (-(-(_a0_)) + ((_a2_ + x) * _a5_))) + _a7_) * (x * x)) / x);{'d0': {'_a0_': 925.4025248113338, '_a2_': 274.67420538100083, '_a5_': -3.376761016598616, '_a7_': 1.775135381967131, '_a1_': 1.0, '_a3_': 1.0, '_a4_': 1.0, '_a6_': 1.0}};{'d0': 0.02490583291943593};-276.475521886775;53.96666761217192
7704;-84.2710933312157;((((-(x) * (-(-(_a0_)) + ((_a2_ + x) * _a5_))) + _a7_) * (x * x)) / x);{'d0': {'_a0_': 925.4025248113338, '_a2_': 274.67420538100083, '_a5_': -3.376761016598616, '_a7_': 1.775135381967131, '_a1_': 1.0, '_a3_': 1.0, '_a4_': 1.0, '_a6_': 1.0}};{'d0': 0.02490583291943593};-276.475521886775;53.96666761217192
7705;-84.2710933312157;((((-(x) * (-(-(_a0_)) + ((_a2_ + x) * _a5_))) + _a7_) * (x * x)) / x);{'d0': {'_a0_': 925.4025248113338, '_a2_': 274.67420538100083, '_a5_': -3.376761016598616, '_a7_': 1.775135381967131, '_a1_': 1.0, '_a3_': 1.0, '_a4_': 1.0, '_a6_': 1.0}};{'d0': 0.02490583291943593};-276.475521886775;53.96666761217192
7706;-84.2710933312157;((((-(x) * (-(-(_a0_)) + ((_a2_ + x) * _a5_))) + _a7_) * (x * x)) / x);{'d0': {'_a0_': 925.4025248113338, '_a2_': 274.67420538100083, '_a5_': -3.376761016598616, '_a7_': 1.775135381967131, '_a1_': 1.0, '_a3_': 1.0, '_a4_': 1.0, '_a6_': 1.0}};{'d0': 0.02490583291943593};-276.475521886775;53.96666761217192
7707;-84.2710933312157;((((-(x) * (-(-(_a0_)) + ((_a2_ + x) * _a5_))) + _a7_) * (x * x)) / x);{'d0': {'_a0_': 925.4025248113338, '_a2_': 274.67420538100083, '_a5_': -3.376761016598616, '_a7_': 1.775135381967131, '_a1_': 1.0, '_a3_': 1.0, '_a4_': 1.0, '_a6_': 1.0}};{'d0': 0.02490583291943593};-276.475521886775;53.96666761217192
7708;-84.2710933312157;((((-(x) * (-(-(_a0_)) + ((_a2_ + x) * _a5_))) + _a7_) * (x * x)) / x);{'d0': {'_a0_': 925.4025248113338, '_a2_': 274.67420538100083, '_a5_': -3.376761016598616, '_a7_': 1.775135381967131, '_a1_': 1.0, '_a3_': 1.0, '_a4_': 1.0, '_a6_': 1.0}};{'d0': 0.02490583291943593};-276.475521886775;53.96666761217192
7709;-86.3182656123502;((((-(x) * (-(-(_a0_)) + ((_a5_ + x) * _a5_))) + _a7_) * (x * x)) / x);{'d0': {'_a0_': -13.50913810547446, '_a5_': -3.376760879422317, '_a7_': 1.7751354040528036, '_a1_': 1.0, '_a2_': 1.0, '_a3_': 1.0, '_a4_': 1.0, '_a6_': 1.0}};{'d0': 0.024905832919416494};-280.569866449044;53.96666761217192
7710;-86.3182656123502;((((-(x) * (-(-(_a0_)) + ((_a5_ + x) * _a5_))) + _a7_) * (x * x)) / x);{'d0': {'_a0_': -13.50913810547446, '_a5_': -3.376760879422317, '_a7_': 1.7751354040528036, '_a1_': 1.0, '_a2_': 1.0, '_a3_': 1.0, '_a4_': 1.0, '_a6_': 1.0}};{'d0': 0.024905832919416494};-280.569866449044;53.96666761217192
7711;-86.3182656123502;((((-(x) * (-(-(_a0_)) + ((_a5_ + x) * _a5_))) + _a7_) * (x * x)) / x);{'d0': {'_a0_': -13.50913810547446, '_a5_': -3.376760879422317, '_a7_': 1.7751354040528036, '_a1_': 1.0, '_a2_': 1.0, '_a3_': 1.0, '_a4_': 1.0, '_a6_': 1.0}};{'d0': 0.024905832919416494};-280.569866449044;53.96666761217192
7712;-94.6401690326417;((_a5_ / _a1_) * (((pow3(_a0_) + (x * x)) + (x * _a3_)) * x));{'d0': {'_a0_': 0.8070684921653484, '_a1_': 25791.999758848095, '_a3_': 0.6238594156808909, '_a5_': 87093.41550846325, '_a2_': 1.0, '_a4_': 1.0, '_a6_': 1.0, '_a7_': 1.0}};{'d0': 0.024905832919417212};-276.475521886820;43.59759191076842
7713;-94.6401690326417;((_a5_ / _a1_) * (((pow3(_a0_) + (x * x)) + (x * _a3_)) * x));{'d0': {'_a0_': 0.8070684921653484, '_a1_': 25791.999758848095, '_a3_': 0.6238594156808909, '_a5_': 87093.41550846325, '_a2_': 1.0, '_a4_': 1.0, '_a6_': 1.0, '_a7_': 1.0}};{'d0': 0.024905832919417212};-276.475521886820;43.59759191076842
7714;-94.6401690326417;((_a5_ / _a1_) * (((pow3(_a0_) + (x * x)) + (x * _a3_)) * x));{'d0': {'_a0_': 0.8070684921653484, '_a1_': 25791.999758848095, '_a3_': 0.6238594156808909, '_a5_': 87093.41550846325, '_a2_': 1.0, '_a4_': 1.0, '_a6_': 1.0, '_a7_': 1.0}};{'d0': 0.024905832919417212};-276.475521886820;43.59759191076842
7715;-95.8737190649381;((_a5_ / _a1_) * (((log(_a0_) + (x * x)) + (x * _a3_)) * x));{'d0': {'_a0_': 1.6916286618398082, '_a1_': 206979067.81068245, '_a3_': 0.6238594152735545, '_a5_': 698918814.4517033, '_a2_': 1.0, '_a4_': 1.0, '_a6_': 1.0, '_a7_': 1.0}};{'d0': 0.024905832919420147};-276.475521886813;42.36404187846842
7716;-95.8737190649381;((_a5_ / _a1_) * (((log(_a0_) + (x * x)) + (x * _a3_)) * x));{'d0': {'_a0_': 1.6916286618398082, '_a1_': 206979067.81068245, '_a3_': 0.6238594152735545, '_a5_': 698918814.4517033, '_a2_': 1.0, '_a4_': 1.0, '_a6_': 1.0, '_a7_': 1.0}};{'d0': 0.024905832919420147};-276.475521886813;42.36404187846842
7717;-95.8737190649381;((_a5_ / _a1_) * (((log(_a0_) + (x * x)) + (x * _a3_)) * x));{'d0': {'_a0_': 1.6916286618398082, '_a1_': 206979067.81068245, '_a3_': 0.6238594152735545, '_a5_': 698918814.4517033, '_a2_': 1.0, '_a4_': 1.0, '_a6_': 1.0, '_a7_': 1.0}};{'d0': 0.024905832919420147};-276.475521886813;42.36404187846842
7718;-95.8737190649381;((_a5_ / _a1_) * (((log(_a0_) + (x * x)) + (x * _a3_)) * x));{'d0': {'_a0_': 1.6916286618398082, '_a1_': 206979067.81068245, '_a3_': 0.6238594152735545, '_a5_': 698918814.4517033, '_a2_': 1.0, '_a4_': 1.0, '_a6_': 1.0, '_a7_': 1.0}};{'d0': 0.024905832919420147};-276.475521886813;42.36404187846842
7719;-95.8737190649381;((_a5_ / _a1_) * (((log(_a0_) + (x * x)) + (x * _a3_)) * x));{'d0': {'_a0_': 1.6916286618398082, '_a1_': 206979067.81068245, '_a3_': 0.6238594152735545, '_a5_': 698918814.4517033, '_a2_': 1.0, '_a4_': 1.0, '_a6_': 1.0, '_a7_': 1.0}};{'d0': 0.024905832919420147};-276.475521886813;42.36404187846842
7720;-95.8737190649381;((_a5_ / _a1_) * (((log(_a0_) + (x * x)) + (x * _a3_)) * x));{'d0': {'_a0_': 1.6916286618398082, '_a1_': 206979067.81068245, '_a3_': 0.6238594152735545, '_a5_': 698918814.4517033, '_a2_': 1.0, '_a4_': 1.0, '_a6_': 1.0, '_a7_': 1.0}};{'d0': 0.024905832919420147};-276.475521886813;42.36404187846842
7721;-103.721183112456;(_a5_ * (((log(_a0_) + (x * x)) + (x * _a3_)) * x));{'d0': {'_a0_': 1.6916286625777923, '_a3_': 0.6238594155659732, '_a5_': 3.3767608775916957, '_a1_': 1.0, '_a2_': 1.0, '_a4_': 1.0, '_a6_': 1.0, '_a7_': 1.0}};{'d0': 0.02490583291941661};-280.569866449044;36.56375011206602
7722;-98.6994859006768;(_a5_ * (((log((_a5_ * _a2_)) + (x * x)) + (x * _a3_)) * x));{'d0': {'_a2_': 0.5009619343465743, '_a3_': 0.6238594156007696, '_a5_': 3.3767608793707344, '_a0_': 1.0, '_a1_': 1.0, '_a4_': 1.0, '_a6_': 1.0, '_a7_': 1.0}};{'d0': 0.024905832919416605};-280.569866449044;41.58544732384502
7723;-98.6994859006768;(_a5_ * (((log((_a5_ * _a2_)) + (x * x)) + (x * _a3_)) * x));{'d0': {'_a2_': 0.5009619343465743, '_a3_': 0.6238594156007696, '_a5_': 3.3767608793707344, '_a0_': 1.0, '_a1_': 1.0, '_a4_': 1.0, '_a6_': 1.0, '_a7_': 1.0}};{'d0': 0.024905832919416605};-280.569866449044;41.58544732384502
7724;-98.6994859006768;(_a5_ * (((log((_a5_ * _a2_)) + (x * x)) + (x * _a3_)) * x));{'d0': {'_a2_': 0.5009619343465743, '_a3_': 0.6238594156007696, '_a5_': 3.3767608793707344, '_a0_': 1.0, '_a1_': 1.0, '_a4_': 1.0, '_a6_': 1.0, '_a7_': 1.0}};{'d0': 0.024905832919416605};-280.569866449044;41.58544732384502
7725;-98.6994859006768;(_a5_ * (((log((_a5_ * _a2_)) + (x * x)) + (x * _a3_)) * x));{'d0': {'_a2_': 0.5009619343465743, '_a3_': 0.6238594156007696, '_a5_': 3.3767608793707344, '_a0_': 1.0, '_a1_': 1.0, '_a4_': 1.0, '_a6_': 1.0, '_a7_': 1.0}};{'d0': 0.024905832919416605};-280.569866449044;41.58544732384502
7726;-98.6994859006768;(_a5_ * (((log((_a5_ * _a2_)) + (x * x)) + (x * _a3_)) * x));{'d0': {'_a2_': 0.5009619343465743, '_a3_': 0.6238594156007696, '_a5_': 3.3767608793707344, '_a0_': 1.0, '_a1_': 1.0, '_a4_': 1.0, '_a6_': 1.0, '_a7_': 1.0}};{'d0': 0.024905832919416605};-280.569866449044;41.58544732384502
7727;-98.6994859006768;(_a5_ * (((log((_a5_ * _a2_)) + (x * x)) + (x * _a3_)) * x));{'d0': {'_a2_': 0.5009619343465743, '_a3_': 0.6238594156007696, '_a5_': 3.3767608793707344, '_a0_': 1.0, '_a1_': 1.0, '_a4_': 1.0, '_a6_': 1.0, '_a7_': 1.0}};{'d0': 0.024905832919416605};-280.569866449044;41.58544732384502
7728;-98.6994859006768;(_a5_ * (((log((_a5_ * _a2_)) + (x * x)) + (x * _a3_)) * x));{'d0': {'_a2_': 0.5009619343465743, '_a3_': 0.6238594156007696, '_a5_': 3.3767608793707344, '_a0_': 1.0, '_a1_': 1.0, '_a4_': 1.0, '_a6_': 1.0, '_a7_': 1.0}};{'d0': 0.024905832919416605};-280.569866449044;41.58544732384502
7729;-98.6994859006768;(_a5_ * (((log((_a5_ * _a2_)) + (x * x)) + (x * _a3_)) * x));{'d0': {'_a2_': 0.5009619343465743, '_a3_': 0.6238594156007696, '_a5_': 3.3767608793707344, '_a0_': 1.0, '_a1_': 1.0, '_a4_': 1.0, '_a6_': 1.0, '_a7_': 1.0}};{'d0': 0.024905832919416605};-280.569866449044;41.58544732384502
7730;-95.0195387404164;(_a5_ * (((log((_a5_ * _a2_)) + (x * x)) + (x * -(_a6_))) * x));{'d0': {'_a2_': 0.5009619346384967, '_a5_': 3.3767608781478344, '_a6_': -0.6238594155187355, '_a0_': 1.0, '_a1_': 1.0, '_a3_': 1.0, '_a4_': 1.0, '_a7_': 1.0}};{'d0': 0.024905832919416636};-280.569866449044;45.26539448410541
7731;-96.3433014795854;(_a5_ * (((log(pow2(_a4_)) + (x * x)) + (x * -(_a6_))) * x));{'d0': {'_a4_': 1.3006262578824705, '_a5_': 3.37676087725726, '_a6_': -0.6238594155622221, '_a0_': 1.0, '_a1_': 1.0, '_a2_': 1.0, '_a3_': 1.0, '_a7_': 1.0}};{'d0': 0.024905832919416674};-280.569866449043;43.94163174493641
7732;-96.3433014795854;(_a5_ * (((log(pow2(_a4_)) + (x * x)) + (x * -(_a6_))) * x));{'d0': {'_a4_': 1.3006262578824705, '_a5_': 3.37676087725726, '_a6_': -0.6238594155622221, '_a0_': 1.0, '_a1_': 1.0, '_a2_': 1.0, '_a3_': 1.0, '_a7_': 1.0}};{'d0': 0.024905832919416674};-280.569866449043;43.94163174493641
7733;-100.041235952195;(_a5_ * (((log(_a1_) + (x * x)) + (x * -(_a6_))) * x));{'d0': {'_a1_': 1.6916286622425014, '_a5_': 3.3767608777939064, '_a6_': -0.6238594154524206, '_a0_': 1.0, '_a2_': 1.0, '_a3_': 1.0, '_a4_': 1.0, '_a7_': 1.0}};{'d0': 0.024905832919416622};-280.569866449044;40.24369727232641
7734;-100.041235952195;(_a5_ * (((log(_a1_) + (x * x)) + (x * -(_a6_))) * x));{'d0': {'_a1_': 1.6916286622425014, '_a5_': 3.3767608777939064, '_a6_': -0.6238594154524206, '_a0_': 1.0, '_a2_': 1.0, '_a3_': 1.0, '_a4_': 1.0, '_a7_': 1.0}};{'d0': 0.024905832919416622};-280.569866449044;40.24369727232641
7735;-100.041235952195;(_a5_ * (((log(_a1_) + (x * x)) + (x * -(_a6_))) * x));{'d0': {'_a1_': 1.6916286622425014, '_a5_': 3.3767608777939064, '_a6_': -0.6238594154524206, '_a0_': 1.0, '_a2_': 1.0, '_a3_': 1.0, '_a4_': 1.0, '_a7_': 1.0}};{'d0': 0.024905832919416622};-280.569866449044;40.24369727232641
7736;-100.041235952195;(_a5_ * (((log(_a1_) + (x * x)) + (x * -(_a6_))) * x));{'d0': {'_a1_': 1.6916286622425014, '_a5_': 3.3767608777939064, '_a6_': -0.6238594154524206, '_a0_': 1.0, '_a2_': 1.0, '_a3_': 1.0, '_a4_': 1.0, '_a7_': 1.0}};{'d0': 0.024905832919416622};-280.569866449044;40.24369727232641
7737;-100.041235952195;(_a5_ * (((log(_a1_) + (x * x)) + (x * -(_a6_))) * x));{'d0': {'_a1_': 1.6916286622425014, '_a5_': 3.3767608777939064, '_a6_': -0.6238594154524206, '_a0_': 1.0, '_a2_': 1.0, '_a3_': 1.0, '_a4_': 1.0, '_a7_': 1.0}};{'d0': 0.024905832919416622};-280.569866449044;40.24369727232641
7738;-100.041235952195;(_a5_ * (((log(_a1_) + (x * x)) + (x * -(_a6_))) * x));{'d0': {'_a1_': 1.6916286622425014, '_a5_': 3.3767608777939064, '_a6_': -0.6238594154524206, '_a0_': 1.0, '_a2_': 1.0, '_a3_': 1.0, '_a4_': 1.0, '_a7_': 1.0}};{'d0': 0.024905832919416622};-280.569866449044;40.24369727232641
7739;-100.041235952195;(_a5_ * (((log(_a1_) + (x * x)) + (x * -(_a6_))) * x));{'d0': {'_a1_': 1.6916286622425014, '_a5_': 3.3767608777939064, '_a6_': -0.6238594154524206, '_a0_': 1.0, '_a2_': 1.0, '_a3_': 1.0, '_a4_': 1.0, '_a7_': 1.0}};{'d0': 0.024905832919416622};-280.569866449044;40.24369727232641
7740;-90.7730798741905;((((pow2((((_a4_ * _a4_) * _a7_) + x)) + _a0_) / (_a5_ / _a4_)) * x) / _a5_);{'d0': {'_a0_': 0.4283916286461336, '_a4_': 5.493682617254374e-07, '_a5_': -0.0004033496142010738, '_a7_': 1033544531917.4285, '_a1_': 1.0, '_a2_': 1.0, '_a3_': 1.0, '_a6_': 1.0}};{'d0': 0.024905832932425487};-276.475521855482;47.464681053550585
7741;-90.7730798741905;((((pow2((((_a4_ * _a4_) * _a7_) + x)) + _a0_) / (_a5_ / _a4_)) * x) / _a5_);{'d0': {'_a0_': 0.4283916286461336, '_a4_': 5.493682617254374e-07, '_a5_': -0.0004033496142010738, '_a7_': 1033544531917.4285, '_a1_': 1.0, '_a2_': 1.0, '_a3_': 1.0, '_a6_': 1.0}};{'d0': 0.024905832932425487};-276.475521855482;47.464681053550585
7742;-90.7730798741905;((((pow2((((_a4_ * _a4_) * _a7_) + x)) + _a0_) / (_a5_ / _a4_)) * x) / _a5_);{'d0': {'_a0_': 0.4283916286461336, '_a4_': 5.493682617254374e-07, '_a5_': -0.0004033496142010738, '_a7_': 1033544531917.4285, '_a1_': 1.0, '_a2_': 1.0, '_a3_': 1.0, '_a6_': 1.0}};{'d0': 0.024905832932425487};-276.475521855482;47.464681053550585
7743;-90.7730798741905;((((pow2((((_a4_ * _a4_) * _a7_) + x)) + _a0_) / (_a5_ / _a4_)) * x) / _a5_);{'d0': {'_a0_': 0.4283916286461336, '_a4_': 5.493682617254374e-07, '_a5_': -0.0004033496142010738, '_a7_': 1033544531917.4285, '_a1_': 1.0, '_a2_': 1.0, '_a3_': 1.0, '_a6_': 1.0}};{'d0': 0.024905832932425487};-276.475521855482;47.464681053550585
7744;-90.7730798741905;((((pow2((((_a4_ * _a4_) * _a7_) + x)) + _a0_) / (_a5_ / _a4_)) * x) / _a5_);{'d0': {'_a0_': 0.4283916286461336, '_a4_': 5.493682617254374e-07, '_a5_': -0.0004033496142010738, '_a7_': 1033544531917.4285, '_a1_': 1.0, '_a2_': 1.0, '_a3_': 1.0, '_a6_': 1.0}};{'d0': 0.024905832932425487};-276.475521855482;47.464681053550585
7745;-90.7730798741905;((((pow2((((_a4_ * _a4_) * _a7_) + x)) + _a0_) / (_a5_ / _a4_)) * x) / _a5_);{'d0': {'_a0_': 0.4283916286461336, '_a4_': 5.493682617254374e-07, '_a5_': -0.0004033496142010738, '_a7_': 1033544531917.4285, '_a1_': 1.0, '_a2_': 1.0, '_a3_': 1.0, '_a6_': 1.0}};{'d0': 0.024905832932425487};-276.475521855482;47.464681053550585
7746;-90.7730798741905;((((pow2((((_a4_ * _a4_) * _a7_) + x)) + _a0_) / (_a5_ / _a4_)) * x) / _a5_);{'d0': {'_a0_': 0.4283916286461336, '_a4_': 5.493682617254374e-07, '_a5_': -0.0004033496142010738, '_a7_': 1033544531917.4285, '_a1_': 1.0, '_a2_': 1.0, '_a3_': 1.0, '_a6_': 1.0}};{'d0': 0.024905832932425487};-276.475521855482;47.464681053550585
7747;-90.7730798741905;((((pow2((((_a4_ * _a4_) * _a7_) + x)) + _a0_) / (_a5_ / _a4_)) * x) / _a5_);{'d0': {'_a0_': 0.4283916286461336, '_a4_': 5.493682617254374e-07, '_a5_': -0.0004033496142010738, '_a7_': 1033544531917.4285, '_a1_': 1.0, '_a2_': 1.0, '_a3_': 1.0, '_a6_': 1.0}};{'d0': 0.024905832932425487};-276.475521855482;47.464681053550585
7748;-93.6796751668732;((((x * (-(_a3_) + ((_a5_ + x) * _a5_))) + _a7_) * (x * x)) / x);{'d0': {'_a3_': 9.295889981910527, '_a5_': 3.3767608816955335, '_a7_': 1.7751354038045484, '_a0_': 1.0, '_a1_': 1.0, '_a2_': 1.0, '_a4_': 1.0, '_a6_': 1.0}};{'d0': 0.024905832919416577};-280.569866449044;46.6052580576488
7749;-93.6796751668732;((((x * (-(_a3_) + ((_a5_ + x) * _a5_))) + _a7_) * (x * x)) / x);{'d0': {'_a3_': 9.295889981910527, '_a5_': 3.3767608816955335, '_a7_': 1.7751354038045484, '_a0_': 1.0, '_a1_': 1.0, '_a2_': 1.0, '_a4_': 1.0, '_a6_': 1.0}};{'d0': 0.024905832919416577};-280.569866449044;46.6052580576488
7750;-93.6796751668732;((((x * (-(_a3_) + ((_a5_ + x) * _a5_))) + _a7_) * (x * x)) / x);{'d0': {'_a3_': 9.295889981910527, '_a5_': 3.3767608816955335, '_a7_': 1.7751354038045484, '_a0_': 1.0, '_a1_': 1.0, '_a2_': 1.0, '_a4_': 1.0, '_a6_': 1.0}};{'d0': 0.024905832919416577};-280.569866449044;46.6052580576488
7751;-93.6796751668732;((((x * (-(_a3_) + ((_a5_ + x) * _a5_))) + _a7_) * (x * x)) / x);{'d0': {'_a3_': 9.295889981910527, '_a5_': 3.3767608816955335, '_a7_': 1.7751354038045484, '_a0_': 1.0, '_a1_': 1.0, '_a2_': 1.0, '_a4_': 1.0, '_a6_': 1.0}};{'d0': 0.024905832919416577};-280.569866449044;46.6052580576488
7752;-93.6796751668732;((((x * (-(_a3_) + ((_a5_ + x) * _a5_))) + _a7_) * (x * x)) / x);{'d0': {'_a3_': 9.295889981910527, '_a5_': 3.3767608816955335, '_a7_': 1.7751354038045484, '_a0_': 1.0, '_a1_': 1.0, '_a2_': 1.0, '_a4_': 1.0, '_a6_': 1.0}};{'d0': 0.024905832919416577};-280.569866449044;46.6052580576488
7753;-93.6796751668732;((((x * (-(_a3_) + ((_a5_ + x) * _a5_))) + _a7_) * (x * x)) / x);{'d0': {'_a3_': 9.295889981910527, '_a5_': 3.3767608816955335, '_a7_': 1.7751354038045484, '_a0_': 1.0, '_a1_': 1.0, '_a2_': 1.0, '_a4_': 1.0, '_a6_': 1.0}};{'d0': 0.024905832919416577};-280.569866449044;46.6052580576488
7754;-99.6002762159031;((((x * (-(_a3_) + (x * _a5_))) + _a7_) * (x * x)) / x);{'d0': {'_a3_': -2.106624068646939, '_a5_': 3.376760879072351, '_a7_': 1.775135404274025, '_a0_': 1.0, '_a1_': 1.0, '_a2_': 1.0, '_a4_': 1.0, '_a6_': 1.0}};{'d0': 0.024905832919416674};-280.569866449043;40.6846570086188
7755;-99.6002762159031;((((x * (-(_a3_) + (x * _a5_))) + _a7_) * (x * x)) / x);{'d0': {'_a3_': -2.106624068646939, '_a5_': 3.376760879072351, '_a7_': 1.775135404274025, '_a0_': 1.0, '_a1_': 1.0, '_a2_': 1.0, '_a4_': 1.0, '_a6_': 1.0}};{'d0': 0.024905832919416674};-280.569866449043;40.6846570086188
7756;-99.6002762159031;((((x * (-(_a3_) + (x * _a5_))) + _a7_) * (x * x)) / x);{'d0': {'_a3_': -2.106624068646939, '_a5_': 3.376760879072351, '_a7_': 1.775135404274025, '_a0_': 1.0, '_a1_': 1.0, '_a2_': 1.0, '_a4_': 1.0, '_a6_': 1.0}};{'d0': 0.024905832919416674};-280.569866449043;40.6846570086188
7757;-99.6002762159031;((((x * (-(_a3_) + (x * _a5_))) + _a7_) * (x * x)) / x);{'d0': {'_a3_': -2.106624068646939, '_a5_': 3.376760879072351, '_a7_': 1.775135404274025, '_a0_': 1.0, '_a1_': 1.0, '_a2_': 1.0, '_a4_': 1.0, '_a6_': 1.0}};{'d0': 0.024905832919416674};-280.569866449043;40.6846570086188
7758;-99.6002762159031;((((x * (-(_a3_) + (x * _a5_))) + _a7_) * (x * x)) / x);{'d0': {'_a3_': -2.106624068646939, '_a5_': 3.376760879072351, '_a7_': 1.775135404274025, '_a0_': 1.0, '_a1_': 1.0, '_a2_': 1.0, '_a4_': 1.0, '_a6_': 1.0}};{'d0': 0.024905832919416674};-280.569866449043;40.6846570086188
7759;-99.6002762159031;((((x * (-(_a3_) + (x * _a5_))) + _a7_) * (x * x)) / x);{'d0': {'_a3_': -2.106624068646939, '_a5_': 3.376760879072351, '_a7_': 1.775135404274025, '_a0_': 1.0, '_a1_': 1.0, '_a2_': 1.0, '_a4_': 1.0, '_a6_': 1.0}};{'d0': 0.024905832919416674};-280.569866449043;40.6846570086188
7760;-99.6002762159031;((((x * (-(_a3_) + (x * _a5_))) + _a7_) * (x * x)) / x);{'d0': {'_a3_': -2.106624068646939, '_a5_': 3.376760879072351, '_a7_': 1.775135404274025, '_a0_': 1.0, '_a1_': 1.0, '_a2_': 1.0, '_a4_': 1.0, '_a6_': 1.0}};{'d0': 0.024905832919416674};-280.569866449043;40.6846570086188
7761;-99.6002762159031;((((x * (-(_a3_) + (x * _a5_))) + _a7_) * (x * x)) / x);{'d0': {'_a3_': -2.106624068646939, '_a5_': 3.376760879072351, '_a7_': 1.775135404274025, '_a0_': 1.0, '_a1_': 1.0, '_a2_': 1.0, '_a4_': 1.0, '_a6_': 1.0}};{'d0': 0.024905832919416674};-280.569866449043;40.6846570086188
7762;-99.6002762159031;((((x * (-(_a3_) + (x * _a5_))) + _a7_) * (x * x)) / x);{'d0': {'_a3_': -2.106624068646939, '_a5_': 3.376760879072351, '_a7_': 1.775135404274025, '_a0_': 1.0, '_a1_': 1.0, '_a2_': 1.0, '_a4_': 1.0, '_a6_': 1.0}};{'d0': 0.024905832919416674};-280.569866449043;40.6846570086188
7763;-99.6002762159031;((((x * (-(_a3_) + (x * _a5_))) + _a7_) * (x * x)) / x);{'d0': {'_a3_': -2.106624068646939, '_a5_': 3.376760879072351, '_a7_': 1.775135404274025, '_a0_': 1.0, '_a1_': 1.0, '_a2_': 1.0, '_a4_': 1.0, '_a6_': 1.0}};{'d0': 0.024905832919416674};-280.569866449043;40.6846570086188
7764;-105.400567982305;(_a5_ * (((_a4_ + (x * x)) + (x * -(_a6_))) * x));{'d0': {'_a4_': 0.5256917700769688, '_a5_': 3.376760879566995, '_a6_': -0.6238594155052425, '_a0_': 1.0, '_a1_': 1.0, '_a2_': 1.0, '_a3_': 1.0, '_a7_': 1.0}};{'d0': 0.02490583291941661};-280.569866449044;34.88436524221641
7765;-105.400567982305;(_a5_ * (((_a4_ + (x * x)) + (x * -(_a6_))) * x));{'d0': {'_a4_': 0.5256917700769688, '_a5_': 3.376760879566995, '_a6_': -0.6238594155052425, '_a0_': 1.0, '_a1_': 1.0, '_a2_': 1.0, '_a3_': 1.0, '_a7_': 1.0}};{'d0': 0.02490583291941661};-280.569866449044;34.88436524221641
7766;-105.400567982305;(_a5_ * (((_a4_ + (x * x)) + (x * -(_a6_))) * x));{'d0': {'_a4_': 0.5256917700769688, '_a5_': 3.376760879566995, '_a6_': -0.6238594155052425, '_a0_': 1.0, '_a1_': 1.0, '_a2_': 1.0, '_a3_': 1.0, '_a7_': 1.0}};{'d0': 0.02490583291941661};-280.569866449044;34.88436524221641
7767;-105.400567982305;(_a5_ * (((_a4_ + (x * x)) + (x * -(_a6_))) * x));{'d0': {'_a4_': 0.5256917700769688, '_a5_': 3.376760879566995, '_a6_': -0.6238594155052425, '_a0_': 1.0, '_a1_': 1.0, '_a2_': 1.0, '_a3_': 1.0, '_a7_': 1.0}};{'d0': 0.02490583291941661};-280.569866449044;34.88436524221641
7768;-105.400567982305;(_a5_ * (((_a4_ + (x * x)) + (x * -(_a6_))) * x));{'d0': {'_a4_': 0.5256917700769688, '_a5_': 3.376760879566995, '_a6_': -0.6238594155052425, '_a0_': 1.0, '_a1_': 1.0, '_a2_': 1.0, '_a3_': 1.0, '_a7_': 1.0}};{'d0': 0.02490583291941661};-280.569866449044;34.88436524221641
7769;-105.400567982305;(_a5_ * (((_a4_ + (x * x)) + (x * -(_a6_))) * x));{'d0': {'_a4_': 0.5256917700769688, '_a5_': 3.376760879566995, '_a6_': -0.6238594155052425, '_a0_': 1.0, '_a1_': 1.0, '_a2_': 1.0, '_a3_': 1.0, '_a7_': 1.0}};{'d0': 0.02490583291941661};-280.569866449044;34.88436524221641
7770;-105.400567982305;(_a5_ * (((_a4_ + (x * x)) + (x * -(_a6_))) * x));{'d0': {'_a4_': 0.5256917700769688, '_a5_': 3.376760879566995, '_a6_': -0.6238594155052425, '_a0_': 1.0, '_a1_': 1.0, '_a2_': 1.0, '_a3_': 1.0, '_a7_': 1.0}};{'d0': 0.02490583291941661};-280.569866449044;34.88436524221641
7771;-105.400567982305;(_a5_ * (((_a4_ + (x * x)) + (x * -(_a6_))) * x));{'d0': {'_a4_': 0.5256917700769688, '_a5_': 3.376760879566995, '_a6_': -0.6238594155052425, '_a0_': 1.0, '_a1_': 1.0, '_a2_': 1.0, '_a3_': 1.0, '_a7_': 1.0}};{'d0': 0.02490583291941661};-280.569866449044;34.88436524221641
7772;-105.400567982305;(_a5_ * (((_a4_ + (x * x)) + (x * -(_a6_))) * x));{'d0': {'_a4_': 0.5256917700769688, '_a5_': 3.376760879566995, '_a6_': -0.6238594155052425, '_a0_': 1.0, '_a1_': 1.0, '_a2_': 1.0, '_a3_': 1.0, '_a7_': 1.0}};{'d0': 0.02490583291941661};-280.569866449044;34.88436524221641
7773;-105.400567982305;(_a5_ * (((_a4_ + (x * x)) + (x * -(_a6_))) * x));{'d0': {'_a4_': 0.5256917700769688, '_a5_': 3.376760879566995, '_a6_': -0.6238594155052425, '_a0_': 1.0, '_a1_': 1.0, '_a2_': 1.0, '_a3_': 1.0, '_a7_': 1.0}};{'d0': 0.02490583291941661};-280.569866449044;34.88436524221641
7774;-105.400567982305;(_a5_ * (((_a4_ + (x * x)) + (x * -(_a6_))) * x));{'d0': {'_a4_': 0.5256917700769688, '_a5_': 3.376760879566995, '_a6_': -0.6238594155052425, '_a0_': 1.0, '_a1_': 1.0, '_a2_': 1.0, '_a3_': 1.0, '_a7_': 1.0}};{'d0': 0.02490583291941661};-280.569866449044;34.88436524221641
7775;-105.400567982305;(_a5_ * (((_a4_ + (x * x)) + (x * -(_a6_))) * x));{'d0': {'_a4_': 0.5256917700769688, '_a5_': 3.376760879566995, '_a6_': -0.6238594155052425, '_a0_': 1.0, '_a1_': 1.0, '_a2_': 1.0, '_a3_': 1.0, '_a7_': 1.0}};{'d0': 0.02490583291941661};-280.569866449044;34.88436524221641
7776;-105.400567982305;(_a5_ * (((_a4_ + (x * x)) + (x * -(_a6_))) * x));{'d0': {'_a4_': 0.5256917700769688, '_a5_': 3.376760879566995, '_a6_': -0.6238594155052425, '_a0_': 1.0, '_a1_': 1.0, '_a2_': 1.0, '_a3_': 1.0, '_a7_': 1.0}};{'d0': 0.02490583291941661};-280.569866449044;34.88436524221641
7777;-99.6002762159031;((((x * (-(_a3_) + (x * _a5_))) + _a7_) * (x * x)) / x);{'d0': {'_a3_': -2.106624068646939, '_a5_': 3.376760879072351, '_a7_': 1.775135404274025, '_a0_': 1.0, '_a1_': 1.0, '_a2_': 1.0, '_a4_': 1.0, '_a6_': 1.0}};{'d0': 0.024905832919416674};-280.569866449043;40.6846570086188
7778;-99.6002762159031;((((x * (-(_a3_) + (x * _a5_))) + _a7_) * (x * x)) / x);{'d0': {'_a3_': -2.106624068646939, '_a5_': 3.376760879072351, '_a7_': 1.775135404274025, '_a0_': 1.0, '_a1_': 1.0, '_a2_': 1.0, '_a4_': 1.0, '_a6_': 1.0}};{'d0': 0.024905832919416674};-280.569866449043;40.6846570086188
7779;-99.6002762159031;((((x * (-(_a3_) + (x * _a5_))) + _a7_) * (x * x)) / x);{'d0': {'_a3_': -2.106624068646939, '_a5_': 3.376760879072351, '_a7_': 1.775135404274025, '_a0_': 1.0, '_a1_': 1.0, '_a2_': 1.0, '_a4_': 1.0, '_a6_': 1.0}};{'d0': 0.024905832919416674};-280.569866449043;40.6846570086188
7780;-99.6002762159031;((((x * (-(_a3_) + (x * _a5_))) + _a7_) * (x * x)) / x);{'d0': {'_a3_': -2.106624068646939, '_a5_': 3.376760879072351, '_a7_': 1.775135404274025, '_a0_': 1.0, '_a1_': 1.0, '_a2_': 1.0, '_a4_': 1.0, '_a6_': 1.0}};{'d0': 0.024905832919416674};-280.569866449043;40.6846570086188
7781;-99.6002762159031;((((x * (-(_a3_) + (x * _a5_))) + _a7_) * (x * x)) / x);{'d0': {'_a3_': -2.106624068646939, '_a5_': 3.376760879072351, '_a7_': 1.775135404274025, '_a0_': 1.0, '_a1_': 1.0, '_a2_': 1.0, '_a4_': 1.0, '_a6_': 1.0}};{'d0': 0.024905832919416674};-280.569866449043;40.6846570086188
7782;-99.6002762159031;((((x * (-(_a3_) + (x * _a5_))) + _a7_) * (x * x)) / x);{'d0': {'_a3_': -2.106624068646939, '_a5_': 3.376760879072351, '_a7_': 1.775135404274025, '_a0_': 1.0, '_a1_': 1.0, '_a2_': 1.0, '_a4_': 1.0, '_a6_': 1.0}};{'d0': 0.024905832919416674};-280.569866449043;40.6846570086188
7783;-99.6002762159031;((((x * (-(_a3_) + (x * _a5_))) + _a7_) * (x * x)) / x);{'d0': {'_a3_': -2.106624068646939, '_a5_': 3.376760879072351, '_a7_': 1.775135404274025, '_a0_': 1.0, '_a1_': 1.0, '_a2_': 1.0, '_a4_': 1.0, '_a6_': 1.0}};{'d0': 0.024905832919416674};-280.569866449043;40.6846570086188
7784;-99.6002762159031;((((x * (-(_a3_) + (x * _a5_))) + _a7_) * (x * x)) / x);{'d0': {'_a3_': -2.106624068646939, '_a5_': 3.376760879072351, '_a7_': 1.775135404274025, '_a0_': 1.0, '_a1_': 1.0, '_a2_': 1.0, '_a4_': 1.0, '_a6_': 1.0}};{'d0': 0.024905832919416674};-280.569866449043;40.6846570086188
7785;-99.6002762159031;((((x * (-(_a3_) + (x * _a5_))) + _a7_) * (x * x)) / x);{'d0': {'_a3_': -2.106624068646939, '_a5_': 3.376760879072351, '_a7_': 1.775135404274025, '_a0_': 1.0, '_a1_': 1.0, '_a2_': 1.0, '_a4_': 1.0, '_a6_': 1.0}};{'d0': 0.024905832919416674};-280.569866449043;40.6846570086188
7786;-99.6002762159031;((((x * (-(_a3_) + (x * _a5_))) + _a7_) * (x * x)) / x);{'d0': {'_a3_': -2.106624068646939, '_a5_': 3.376760879072351, '_a7_': 1.775135404274025, '_a0_': 1.0, '_a1_': 1.0, '_a2_': 1.0, '_a4_': 1.0, '_a6_': 1.0}};{'d0': 0.024905832919416674};-280.569866449043;40.6846570086188
7787;-99.6002762159031;((((x * (-(_a3_) + (x * _a5_))) + _a7_) * (x * x)) / x);{'d0': {'_a3_': -2.106624068646939, '_a5_': 3.376760879072351, '_a7_': 1.775135404274025, '_a0_': 1.0, '_a1_': 1.0, '_a2_': 1.0, '_a4_': 1.0, '_a6_': 1.0}};{'d0': 0.024905832919416674};-280.569866449043;40.6846570086188
7788;-99.6002762159031;((((x * (-(_a3_) + (x * _a5_))) + _a7_) * (x * x)) / x);{'d0': {'_a3_': -2.106624068646939, '_a5_': 3.376760879072351, '_a7_': 1.775135404274025, '_a0_': 1.0, '_a1_': 1.0, '_a2_': 1.0, '_a4_': 1.0, '_a6_': 1.0}};{'d0': 0.024905832919416674};-280.569866449043;40.6846570086188
7789;-99.6002762159031;((((x * (-(_a3_) + (x * _a5_))) + _a7_) * (x * x)) / x);{'d0': {'_a3_': -2.106624068646939, '_a5_': 3.376760879072351, '_a7_': 1.775135404274025, '_a0_': 1.0, '_a1_': 1.0, '_a2_': 1.0, '_a4_': 1.0, '_a6_': 1.0}};{'d0': 0.024905832919416674};-280.569866449043;40.6846570086188
7790;-99.6002762159031;((((x * (-(_a3_) + (x * _a5_))) + _a7_) * (x * x)) / x);{'d0': {'_a3_': -2.106624068646939, '_a5_': 3.376760879072351, '_a7_': 1.775135404274025, '_a0_': 1.0, '_a1_': 1.0, '_a2_': 1.0, '_a4_': 1.0, '_a6_': 1.0}};{'d0': 0.024905832919416674};-280.569866449043;40.6846570086188
7791;-99.6002762159031;((((x * (-(_a3_) + (x * _a5_))) + _a7_) * (x * x)) / x);{'d0': {'_a3_': -2.106624068646939, '_a5_': 3.376760879072351, '_a7_': 1.775135404274025, '_a0_': 1.0, '_a1_': 1.0, '_a2_': 1.0, '_a4_': 1.0, '_a6_': 1.0}};{'d0': 0.024905832919416674};-280.569866449043;40.6846570086188
7792;-99.6002762159031;((((x * (-(_a3_) + (x * _a5_))) + _a7_) * (x * x)) / x);{'d0': {'_a3_': -2.106624068646939, '_a5_': 3.376760879072351, '_a7_': 1.775135404274025, '_a0_': 1.0, '_a1_': 1.0, '_a2_': 1.0, '_a4_': 1.0, '_a6_': 1.0}};{'d0': 0.024905832919416674};-280.569866449043;40.6846570086188
7793;-99.6002762159031;((((x * (-(_a3_) + (x * _a2_))) + _a7_) * (x * x)) / x);{'d0': {'_a2_': 3.376760879331223, '_a3_': -2.106624068926855, '_a7_': 1.7751354042459742, '_a0_': 1.0, '_a1_': 1.0, '_a4_': 1.0, '_a5_': 1.0, '_a6_': 1.0}};{'d0': 0.024905832919416643};-280.569866449044;40.6846570086188
7794;-99.6002762159031;((((x * (-(_a3_) + (x * _a2_))) + _a7_) * (x * x)) / x);{'d0': {'_a2_': 3.376760879331223, '_a3_': -2.106624068926855, '_a7_': 1.7751354042459742, '_a0_': 1.0, '_a1_': 1.0, '_a4_': 1.0, '_a5_': 1.0, '_a6_': 1.0}};{'d0': 0.024905832919416643};-280.569866449044;40.6846570086188
7795;-99.6002762159031;((((x * (-(_a3_) + (x * _a2_))) + _a7_) * (x * x)) / x);{'d0': {'_a2_': 3.376760879331223, '_a3_': -2.106624068926855, '_a7_': 1.7751354042459742, '_a0_': 1.0, '_a1_': 1.0, '_a4_': 1.0, '_a5_': 1.0, '_a6_': 1.0}};{'d0': 0.024905832919416643};-280.569866449044;40.6846570086188
7796;-99.6002762159031;((((x * (-(_a3_) + (x * _a2_))) + _a7_) * (x * x)) / x);{'d0': {'_a2_': 3.376760879331223, '_a3_': -2.106624068926855, '_a7_': 1.7751354042459742, '_a0_': 1.0, '_a1_': 1.0, '_a4_': 1.0, '_a5_': 1.0, '_a6_': 1.0}};{'d0': 0.024905832919416643};-280.569866449044;40.6846570086188
7797;-99.6002762159031;((((x * (-(_a3_) + (x * _a2_))) + _a7_) * (x * x)) / x);{'d0': {'_a2_': 3.376760879331223, '_a3_': -2.106624068926855, '_a7_': 1.7751354042459742, '_a0_': 1.0, '_a1_': 1.0, '_a4_': 1.0, '_a5_': 1.0, '_a6_': 1.0}};{'d0': 0.024905832919416643};-280.569866449044;40.6846570086188
7798;-99.6002762159031;((((x * (-(_a3_) + (x * _a2_))) + _a7_) * (x * x)) / x);{'d0': {'_a2_': 3.376760879331223, '_a3_': -2.106624068926855, '_a7_': 1.7751354042459742, '_a0_': 1.0, '_a1_': 1.0, '_a4_': 1.0, '_a5_': 1.0, '_a6_': 1.0}};{'d0': 0.024905832919416643};-280.569866449044;40.6846570086188
7799;-99.6002762159031;((((x * (-(_a3_) + (x * _a2_))) + _a7_) * (x * x)) / x);{'d0': {'_a2_': 3.376760879331223, '_a3_': -2.106624068926855, '_a7_': 1.7751354042459742, '_a0_': 1.0, '_a1_': 1.0, '_a4_': 1.0, '_a5_': 1.0, '_a6_': 1.0}};{'d0': 0.024905832919416643};-280.569866449044;40.6846570086188
7800;-99.6002762159031;((((x * (-(_a3_) + (x * _a2_))) + _a7_) * (x * x)) / x);{'d0': {'_a2_': 3.376760879331223, '_a3_': -2.106624068926855, '_a7_': 1.7751354042459742, '_a0_': 1.0, '_a1_': 1.0, '_a4_': 1.0, '_a5_': 1.0, '_a6_': 1.0}};{'d0': 0.024905832919416643};-280.569866449044;40.6846570086188
7801;-99.6002762159031;((((x * (-(_a3_) + (x * _a2_))) + _a7_) * (x * x)) / x);{'d0': {'_a2_': 3.376760879331223, '_a3_': -2.106624068926855, '_a7_': 1.7751354042459742, '_a0_': 1.0, '_a1_': 1.0, '_a4_': 1.0, '_a5_': 1.0, '_a6_': 1.0}};{'d0': 0.024905832919416643};-280.569866449044;40.6846570086188
7802;-99.6002762159031;((((x * (-(_a3_) + (x * _a2_))) + _a7_) * (x * x)) / x);{'d0': {'_a2_': 3.376760879331223, '_a3_': -2.106624068926855, '_a7_': 1.7751354042459742, '_a0_': 1.0, '_a1_': 1.0, '_a4_': 1.0, '_a5_': 1.0, '_a6_': 1.0}};{'d0': 0.024905832919416643};-280.569866449044;40.6846570086188
7803;-99.6002762159031;((((x * (-(_a3_) + (x * _a2_))) + _a7_) * (x * x)) / x);{'d0': {'_a2_': 3.376760879331223, '_a3_': -2.106624068926855, '_a7_': 1.7751354042459742, '_a0_': 1.0, '_a1_': 1.0, '_a4_': 1.0, '_a5_': 1.0, '_a6_': 1.0}};{'d0': 0.024905832919416643};-280.569866449044;40.6846570086188
7804;-99.6002762159031;((((x * (-(_a3_) + (x * _a2_))) + _a7_) * (x * x)) / x);{'d0': {'_a2_': 3.376760879331223, '_a3_': -2.106624068926855, '_a7_': 1.7751354042459742, '_a0_': 1.0, '_a1_': 1.0, '_a4_': 1.0, '_a5_': 1.0, '_a6_': 1.0}};{'d0': 0.024905832919416643};-280.569866449044;40.6846570086188
7805;-99.6002762159031;((((x * (-(_a3_) + (x * _a2_))) + _a7_) * (x * x)) / x);{'d0': {'_a2_': 3.376760879331223, '_a3_': -2.106624068926855, '_a7_': 1.7751354042459742, '_a0_': 1.0, '_a1_': 1.0, '_a4_': 1.0, '_a5_': 1.0, '_a6_': 1.0}};{'d0': 0.024905832919416643};-280.569866449044;40.6846570086188
7806;-99.6002762159031;((((x * (-(_a3_) + (x * _a2_))) + _a7_) * (x * x)) / x);{'d0': {'_a2_': 3.376760879331223, '_a3_': -2.106624068926855, '_a7_': 1.7751354042459742, '_a0_': 1.0, '_a1_': 1.0, '_a4_': 1.0, '_a5_': 1.0, '_a6_': 1.0}};{'d0': 0.024905832919416643};-280.569866449044;40.6846570086188
7807;-99.6002762159031;((((x * (-(_a3_) + (x * _a2_))) + _a7_) * (x * x)) / x);{'d0': {'_a2_': 3.376760879331223, '_a3_': -2.106624068926855, '_a7_': 1.7751354042459742, '_a0_': 1.0, '_a1_': 1.0, '_a4_': 1.0, '_a5_': 1.0, '_a6_': 1.0}};{'d0': 0.024905832919416643};-280.569866449044;40.6846570086188
7808;-99.6002762159031;((((x * (-(_a3_) + (x * _a2_))) + _a7_) * (x * x)) / x);{'d0': {'_a2_': 3.376760879331223, '_a3_': -2.106624068926855, '_a7_': 1.7751354042459742, '_a0_': 1.0, '_a1_': 1.0, '_a4_': 1.0, '_a5_': 1.0, '_a6_': 1.0}};{'d0': 0.024905832919416643};-280.569866449044;40.6846570086188
7809;-95.9023417432931;((((x * (-(_a3_) + (x * pow2(_a5_)))) + _a7_) * (x * x)) / x);{'d0': {'_a3_': -2.1066240682394737, '_a5_': 1.8375964949833776, '_a7_': 1.775135404362599, '_a0_': 1.0, '_a1_': 1.0, '_a2_': 1.0, '_a4_': 1.0, '_a6_': 1.0}};{'d0': 0.02490583291941663};-280.569866449044;44.3825914812288
7810;-95.9023417432931;((((x * (-(_a3_) + (x * pow2(_a5_)))) + _a7_) * (x * x)) / x);{'d0': {'_a3_': -2.1066240682394737, '_a5_': 1.8375964949833776, '_a7_': 1.775135404362599, '_a0_': 1.0, '_a1_': 1.0, '_a2_': 1.0, '_a4_': 1.0, '_a6_': 1.0}};{'d0': 0.02490583291941663};-280.569866449044;44.3825914812288
7811;-99.5822889035536;((((x * (_a4_ + (x * pow2(_a5_)))) + _a7_) * (x * x)) / x);{'d0': {'_a4_': 2.1066240684915862, '_a5_': 1.8375964949782586, '_a7_': 1.7751354046099097, '_a0_': 1.0, '_a1_': 1.0, '_a2_': 1.0, '_a3_': 1.0, '_a6_': 1.0}};{'d0': 0.0249058329194166};-280.569866449044;40.70264432096841
7812;-99.5822889035536;((((x * (_a4_ + (x * pow2(_a5_)))) + _a7_) * (x * x)) / x);{'d0': {'_a4_': 2.1066240684915862, '_a5_': 1.8375964949782586, '_a7_': 1.7751354046099097, '_a0_': 1.0, '_a1_': 1.0, '_a2_': 1.0, '_a3_': 1.0, '_a6_': 1.0}};{'d0': 0.0249058329194166};-280.569866449044;40.70264432096841
7813;-99.5822889035536;((((x * (_a4_ + (x * pow2(_a5_)))) + _a7_) * (x * x)) / x);{'d0': {'_a4_': 2.1066240684915862, '_a5_': 1.8375964949782586, '_a7_': 1.7751354046099097, '_a0_': 1.0, '_a1_': 1.0, '_a2_': 1.0, '_a3_': 1.0, '_a6_': 1.0}};{'d0': 0.0249058329194166};-280.569866449044;40.70264432096841
7814;-99.5822889035536;((((x * (_a4_ + (x * pow2(_a5_)))) + _a7_) * (x * x)) / x);{'d0': {'_a4_': 2.1066240684915862, '_a5_': 1.8375964949782586, '_a7_': 1.7751354046099097, '_a0_': 1.0, '_a1_': 1.0, '_a2_': 1.0, '_a3_': 1.0, '_a6_': 1.0}};{'d0': 0.0249058329194166};-280.569866449044;40.70264432096841
7815;-99.5822889035536;((((x * (_a4_ + (x * pow2(_a5_)))) + _a7_) * (x * x)) / x);{'d0': {'_a4_': 2.1066240684915862, '_a5_': 1.8375964949782586, '_a7_': 1.7751354046099097, '_a0_': 1.0, '_a1_': 1.0, '_a2_': 1.0, '_a3_': 1.0, '_a6_': 1.0}};{'d0': 0.0249058329194166};-280.569866449044;40.70264432096841
7816;-99.5822889035536;((((x * (_a4_ + (x * pow2(_a5_)))) + _a7_) * (x * x)) / x);{'d0': {'_a4_': 2.1066240684915862, '_a5_': 1.8375964949782586, '_a7_': 1.7751354046099097, '_a0_': 1.0, '_a1_': 1.0, '_a2_': 1.0, '_a3_': 1.0, '_a6_': 1.0}};{'d0': 0.0249058329194166};-280.569866449044;40.70264432096841
7817;-99.5822889035536;((((x * (_a4_ + (x * pow2(_a5_)))) + _a7_) * (x * x)) / x);{'d0': {'_a4_': 2.1066240684915862, '_a5_': 1.8375964949782586, '_a7_': 1.7751354046099097, '_a0_': 1.0, '_a1_': 1.0, '_a2_': 1.0, '_a3_': 1.0, '_a6_': 1.0}};{'d0': 0.0249058329194166};-280.569866449044;40.70264432096841
7818;-103.668372249313;(((pow2(((_a7_ ** _a5_) + x)) * x) + (x * _a7_)) * _a3_);{'d0': {'_a3_': 3.3767608729510554, '_a5_': 1.3742519629488243, '_a7_': 0.428391628942135, '_a0_': 1.0, '_a1_': 1.0, '_a2_': 1.0, '_a4_': 1.0, '_a6_': 1.0}};{'d0': 0.024905832919416674};-280.569866449043;36.616560975208984
7819;-103.668372249313;(((pow2(((_a7_ ** _a5_) + x)) * x) + (x * _a7_)) * _a3_);{'d0': {'_a3_': 3.3767608729510554, '_a5_': 1.3742519629488243, '_a7_': 0.428391628942135, '_a0_': 1.0, '_a1_': 1.0, '_a2_': 1.0, '_a4_': 1.0, '_a6_': 1.0}};{'d0': 0.024905832919416674};-280.569866449043;36.616560975208984
7820;-103.668372249313;(((pow2(((_a7_ ** _a5_) + x)) * x) + (x * _a7_)) * _a3_);{'d0': {'_a3_': 3.3767608729510554, '_a5_': 1.3742519629488243, '_a7_': 0.428391628942135, '_a0_': 1.0, '_a1_': 1.0, '_a2_': 1.0, '_a4_': 1.0, '_a6_': 1.0}};{'d0': 0.024905832919416674};-280.569866449043;36.616560975208984
7821;-103.668372249313;(((pow2(((_a7_ ** _a5_) + x)) * x) + (x * _a7_)) * _a3_);{'d0': {'_a3_': 3.3767608729510554, '_a5_': 1.3742519629488243, '_a7_': 0.428391628942135, '_a0_': 1.0, '_a1_': 1.0, '_a2_': 1.0, '_a4_': 1.0, '_a6_': 1.0}};{'d0': 0.024905832919416674};-280.569866449043;36.616560975208984
7822;-110.331920595413;(((pow2((_a0_ + x)) * x) + (x * _a7_)) * _a3_);{'d0': {'_a0_': 0.3119297078984681, '_a3_': 3.3767608758624306, '_a7_': 0.4283916283923111, '_a1_': 1.0, '_a2_': 1.0, '_a4_': 1.0, '_a5_': 1.0, '_a6_': 1.0}};{'d0': 0.024905832919416664};-280.569866449044;29.953012629108983
7823;-99.5822889035534;((((x * (_a6_ + (x * pow2(_a5_)))) + _a7_) * (x * x)) / x);{'d0': {'_a5_': 1.8375964952229162, '_a6_': 2.106624068886186, '_a7_': 1.7751354042843788, '_a0_': 1.0, '_a1_': 1.0, '_a2_': 1.0, '_a3_': 1.0, '_a4_': 1.0}};{'d0': 0.024905832919416684};-280.569866449043;40.70264432096841
7824;-99.5822889035534;((((x * (_a6_ + (x * pow2(_a5_)))) + _a7_) * (x * x)) / x);{'d0': {'_a5_': 1.8375964952229162, '_a6_': 2.106624068886186, '_a7_': 1.7751354042843788, '_a0_': 1.0, '_a1_': 1.0, '_a2_': 1.0, '_a3_': 1.0, '_a4_': 1.0}};{'d0': 0.024905832919416684};-280.569866449043;40.70264432096841
7825;-99.5822889035534;((((x * (_a6_ + (x * pow2(_a5_)))) + _a7_) * (x * x)) / x);{'d0': {'_a5_': 1.8375964952229162, '_a6_': 2.106624068886186, '_a7_': 1.7751354042843788, '_a0_': 1.0, '_a1_': 1.0, '_a2_': 1.0, '_a3_': 1.0, '_a4_': 1.0}};{'d0': 0.024905832919416684};-280.569866449043;40.70264432096841
7826;-99.5822889035534;((((x * (_a6_ + (x * pow2(_a5_)))) + _a7_) * (x * x)) / x);{'d0': {'_a5_': 1.8375964952229162, '_a6_': 2.106624068886186, '_a7_': 1.7751354042843788, '_a0_': 1.0, '_a1_': 1.0, '_a2_': 1.0, '_a3_': 1.0, '_a4_': 1.0}};{'d0': 0.024905832919416684};-280.569866449043;40.70264432096841
7827;-99.5822889035534;((((x * (_a6_ + (x * pow2(_a5_)))) + _a7_) * (x * x)) / x);{'d0': {'_a5_': 1.8375964952229162, '_a6_': 2.106624068886186, '_a7_': 1.7751354042843788, '_a0_': 1.0, '_a1_': 1.0, '_a2_': 1.0, '_a3_': 1.0, '_a4_': 1.0}};{'d0': 0.024905832919416684};-280.569866449043;40.70264432096841
7828;-99.5822889035534;((((x * (_a6_ + (x * pow2(_a5_)))) + _a7_) * (x * x)) / x);{'d0': {'_a5_': 1.8375964952229162, '_a6_': 2.106624068886186, '_a7_': 1.7751354042843788, '_a0_': 1.0, '_a1_': 1.0, '_a2_': 1.0, '_a3_': 1.0, '_a4_': 1.0}};{'d0': 0.024905832919416684};-280.569866449043;40.70264432096841
7829;-99.5822889035534;((((x * (_a6_ + (x * pow2(_a5_)))) + _a7_) * (x * x)) / x);{'d0': {'_a5_': 1.8375964952229162, '_a6_': 2.106624068886186, '_a7_': 1.7751354042843788, '_a0_': 1.0, '_a1_': 1.0, '_a2_': 1.0, '_a3_': 1.0, '_a4_': 1.0}};{'d0': 0.024905832919416684};-280.569866449043;40.70264432096841
7830;-99.5822889035534;((((x * (_a6_ + (x * pow2(_a5_)))) + _a7_) * (x * x)) / x);{'d0': {'_a5_': 1.8375964952229162, '_a6_': 2.106624068886186, '_a7_': 1.7751354042843788, '_a0_': 1.0, '_a1_': 1.0, '_a2_': 1.0, '_a3_': 1.0, '_a4_': 1.0}};{'d0': 0.024905832919416684};-280.569866449043;40.70264432096841
7831;-99.5822889035534;((((x * (_a6_ + (x * pow2(_a5_)))) + _a7_) * (x * x)) / x);{'d0': {'_a5_': 1.8375964952229162, '_a6_': 2.106624068886186, '_a7_': 1.7751354042843788, '_a0_': 1.0, '_a1_': 1.0, '_a2_': 1.0, '_a3_': 1.0, '_a4_': 1.0}};{'d0': 0.024905832919416684};-280.569866449043;40.70264432096841
7832;-99.5822889035534;((((x * (_a6_ + (x * pow2(_a5_)))) + _a7_) * (x * x)) / x);{'d0': {'_a5_': 1.8375964952229162, '_a6_': 2.106624068886186, '_a7_': 1.7751354042843788, '_a0_': 1.0, '_a1_': 1.0, '_a2_': 1.0, '_a3_': 1.0, '_a4_': 1.0}};{'d0': 0.024905832919416684};-280.569866449043;40.70264432096841
7833;-99.5822889035534;((((x * (_a6_ + (x * pow2(_a5_)))) + _a7_) * (x * x)) / x);{'d0': {'_a5_': 1.8375964952229162, '_a6_': 2.106624068886186, '_a7_': 1.7751354042843788, '_a0_': 1.0, '_a1_': 1.0, '_a2_': 1.0, '_a3_': 1.0, '_a4_': 1.0}};{'d0': 0.024905832919416684};-280.569866449043;40.70264432096841
7834;-99.5822889035534;((((x * (_a6_ + (x * pow2(_a5_)))) + _a7_) * (x * x)) / x);{'d0': {'_a5_': 1.8375964952229162, '_a6_': 2.106624068886186, '_a7_': 1.7751354042843788, '_a0_': 1.0, '_a1_': 1.0, '_a2_': 1.0, '_a3_': 1.0, '_a4_': 1.0}};{'d0': 0.024905832919416684};-280.569866449043;40.70264432096841
7835;-101.524216378609;((((pow2((_a6_ + x)) + _a0_) / (_a5_ * _a4_)) * x) / _a5_);{'d0': {'_a0_': 0.4283916291046779, '_a4_': 0.002677000486118074, '_a5_': 10.517817004089329, '_a6_': 0.31192970797651254, '_a1_': 1.0, '_a2_': 1.0, '_a3_': 1.0, '_a7_': 1.0}};{'d0': 0.024905832919647267};-276.475521886266;36.71354456452358
7836;-99.5822889035534;((((x * (_a6_ + (x * pow2(_a5_)))) + _a7_) * (x * x)) / x);{'d0': {'_a5_': 1.8375964952229162, '_a6_': 2.106624068886186, '_a7_': 1.7751354042843788, '_a0_': 1.0, '_a1_': 1.0, '_a2_': 1.0, '_a3_': 1.0, '_a4_': 1.0}};{'d0': 0.024905832919416684};-280.569866449043;40.70264432096841
7837;-99.5822889035534;((((x * (_a6_ + (x * pow2(_a5_)))) + _a7_) * (x * x)) / x);{'d0': {'_a5_': 1.8375964952229162, '_a6_': 2.106624068886186, '_a7_': 1.7751354042843788, '_a0_': 1.0, '_a1_': 1.0, '_a2_': 1.0, '_a3_': 1.0, '_a4_': 1.0}};{'d0': 0.024905832919416684};-280.569866449043;40.70264432096841
7838;-99.5822889035534;((((x * (_a6_ + (x * pow2(_a5_)))) + _a7_) * (x * x)) / x);{'d0': {'_a5_': 1.8375964952229162, '_a6_': 2.106624068886186, '_a7_': 1.7751354042843788, '_a0_': 1.0, '_a1_': 1.0, '_a2_': 1.0, '_a3_': 1.0, '_a4_': 1.0}};{'d0': 0.024905832919416684};-280.569866449043;40.70264432096841
7839;-99.5822889035534;((((x * (_a6_ + (x * pow2(_a5_)))) + _a7_) * (x * x)) / x);{'d0': {'_a5_': 1.8375964952229162, '_a6_': 2.106624068886186, '_a7_': 1.7751354042843788, '_a0_': 1.0, '_a1_': 1.0, '_a2_': 1.0, '_a3_': 1.0, '_a4_': 1.0}};{'d0': 0.024905832919416684};-280.569866449043;40.70264432096841
7840;-99.5822889035534;((((x * (_a6_ + (x * pow2(_a5_)))) + _a7_) * (x * x)) / x);{'d0': {'_a5_': 1.8375964952229162, '_a6_': 2.106624068886186, '_a7_': 1.7751354042843788, '_a0_': 1.0, '_a1_': 1.0, '_a2_': 1.0, '_a3_': 1.0, '_a4_': 1.0}};{'d0': 0.024905832919416684};-280.569866449043;40.70264432096841
7841;-99.5822889035534;((((x * (_a6_ + (x * pow2(_a5_)))) + _a7_) * (x * x)) / x);{'d0': {'_a5_': 1.8375964952229162, '_a6_': 2.106624068886186, '_a7_': 1.7751354042843788, '_a0_': 1.0, '_a1_': 1.0, '_a2_': 1.0, '_a3_': 1.0, '_a4_': 1.0}};{'d0': 0.024905832919416684};-280.569866449043;40.70264432096841
7842;-99.5822889035534;((((x * (_a6_ + (x * pow2(_a5_)))) + _a7_) * (x * x)) / x);{'d0': {'_a5_': 1.8375964952229162, '_a6_': 2.106624068886186, '_a7_': 1.7751354042843788, '_a0_': 1.0, '_a1_': 1.0, '_a2_': 1.0, '_a3_': 1.0, '_a4_': 1.0}};{'d0': 0.024905832919416684};-280.569866449043;40.70264432096841
7843;-99.5822889035534;((((x * (_a6_ + (x * pow2(_a5_)))) + _a7_) * (x * x)) / x);{'d0': {'_a5_': 1.8375964952229162, '_a6_': 2.106624068886186, '_a7_': 1.7751354042843788, '_a0_': 1.0, '_a1_': 1.0, '_a2_': 1.0, '_a3_': 1.0, '_a4_': 1.0}};{'d0': 0.024905832919416684};-280.569866449043;40.70264432096841
7844;-99.5822889035534;((((x * (_a6_ + (x * pow2(_a5_)))) + _a7_) * (x * x)) / x);{'d0': {'_a5_': 1.8375964952229162, '_a6_': 2.106624068886186, '_a7_': 1.7751354042843788, '_a0_': 1.0, '_a1_': 1.0, '_a2_': 1.0, '_a3_': 1.0, '_a4_': 1.0}};{'d0': 0.024905832919416684};-280.569866449043;40.70264432096841
7845;-99.5822889035534;((((x * (_a6_ + (x * pow2(_a5_)))) + _a7_) * (x * x)) / x);{'d0': {'_a5_': 1.8375964952229162, '_a6_': 2.106624068886186, '_a7_': 1.7751354042843788, '_a0_': 1.0, '_a1_': 1.0, '_a2_': 1.0, '_a3_': 1.0, '_a4_': 1.0}};{'d0': 0.024905832919416684};-280.569866449043;40.70264432096841
7846;-99.5822889035534;((((x * (_a6_ + (x * pow2(_a5_)))) + _a7_) * (x * x)) / x);{'d0': {'_a5_': 1.8375964952229162, '_a6_': 2.106624068886186, '_a7_': 1.7751354042843788, '_a0_': 1.0, '_a1_': 1.0, '_a2_': 1.0, '_a3_': 1.0, '_a4_': 1.0}};{'d0': 0.024905832919416684};-280.569866449043;40.70264432096841
7847;-99.5822889035534;((((x * (_a6_ + (x * pow2(_a5_)))) + _a7_) * (x * x)) / x);{'d0': {'_a5_': 1.8375964952229162, '_a6_': 2.106624068886186, '_a7_': 1.7751354042843788, '_a0_': 1.0, '_a1_': 1.0, '_a2_': 1.0, '_a3_': 1.0, '_a4_': 1.0}};{'d0': 0.024905832919416684};-280.569866449043;40.70264432096841
7848;-99.5822889035534;((((x * (_a6_ + (x * pow2(_a5_)))) + _a7_) * (x * x)) / x);{'d0': {'_a5_': 1.8375964952229162, '_a6_': 2.106624068886186, '_a7_': 1.7751354042843788, '_a0_': 1.0, '_a1_': 1.0, '_a2_': 1.0, '_a3_': 1.0, '_a4_': 1.0}};{'d0': 0.024905832919416684};-280.569866449043;40.70264432096841
7849;-99.5822889035534;((((x * (_a6_ + (x * pow2(_a5_)))) + _a7_) * (x * x)) / x);{'d0': {'_a5_': 1.8375964952229162, '_a6_': 2.106624068886186, '_a7_': 1.7751354042843788, '_a0_': 1.0, '_a1_': 1.0, '_a2_': 1.0, '_a3_': 1.0, '_a4_': 1.0}};{'d0': 0.024905832919416684};-280.569866449043;40.70264432096841
7850;-99.5822889035534;((((x * (_a6_ + (x * pow2(_a5_)))) + _a7_) * (x * x)) / x);{'d0': {'_a5_': 1.8375964952229162, '_a6_': 2.106624068886186, '_a7_': 1.7751354042843788, '_a0_': 1.0, '_a1_': 1.0, '_a2_': 1.0, '_a3_': 1.0, '_a4_': 1.0}};{'d0': 0.024905832919416684};-280.569866449043;40.70264432096841
7851;-99.5822889035534;((((x * (_a6_ + (x * pow2(_a5_)))) + _a7_) * (x * x)) / x);{'d0': {'_a5_': 1.8375964952229162, '_a6_': 2.106624068886186, '_a7_': 1.7751354042843788, '_a0_': 1.0, '_a1_': 1.0, '_a2_': 1.0, '_a3_': 1.0, '_a4_': 1.0}};{'d0': 0.024905832919416684};-280.569866449043;40.70264432096841
7852;-99.5822889035534;((((x * (_a6_ + (x * pow2(_a5_)))) + _a7_) * (x * x)) / x);{'d0': {'_a5_': 1.8375964952229162, '_a6_': 2.106624068886186, '_a7_': 1.7751354042843788, '_a0_': 1.0, '_a1_': 1.0, '_a2_': 1.0, '_a3_': 1.0, '_a4_': 1.0}};{'d0': 0.024905832919416684};-280.569866449043;40.70264432096841
7853;-99.5822889035534;((((x * (_a6_ + (x * pow2(_a5_)))) + _a7_) * (x * x)) / x);{'d0': {'_a5_': 1.8375964952229162, '_a6_': 2.106624068886186, '_a7_': 1.7751354042843788, '_a0_': 1.0, '_a1_': 1.0, '_a2_': 1.0, '_a3_': 1.0, '_a4_': 1.0}};{'d0': 0.024905832919416684};-280.569866449043;40.70264432096841
7854;-99.5822889035534;((((x * (_a6_ + (x * pow2(_a5_)))) + _a7_) * (x * x)) / x);{'d0': {'_a5_': 1.8375964952229162, '_a6_': 2.106624068886186, '_a7_': 1.7751354042843788, '_a0_': 1.0, '_a1_': 1.0, '_a2_': 1.0, '_a3_': 1.0, '_a4_': 1.0}};{'d0': 0.024905832919416684};-280.569866449043;40.70264432096841
7855;-99.5822889035534;((((x * (_a6_ + (x * pow2(_a5_)))) + _a7_) * (x * x)) / x);{'d0': {'_a5_': 1.8375964952229162, '_a6_': 2.106624068886186, '_a7_': 1.7751354042843788, '_a0_': 1.0, '_a1_': 1.0, '_a2_': 1.0, '_a3_': 1.0, '_a4_': 1.0}};{'d0': 0.024905832919416684};-280.569866449043;40.70264432096841
7856;-99.5822889035534;((((x * (_a6_ + (x * pow2(_a5_)))) + _a7_) * (x * x)) / x);{'d0': {'_a5_': 1.8375964952229162, '_a6_': 2.106624068886186, '_a7_': 1.7751354042843788, '_a0_': 1.0, '_a1_': 1.0, '_a2_': 1.0, '_a3_': 1.0, '_a4_': 1.0}};{'d0': 0.024905832919416684};-280.569866449043;40.70264432096841
7857;-99.5822889035534;((((x * (_a6_ + (x * pow2(_a5_)))) + _a7_) * (x * x)) / x);{'d0': {'_a5_': 1.8375964952229162, '_a6_': 2.106624068886186, '_a7_': 1.7751354042843788, '_a0_': 1.0, '_a1_': 1.0, '_a2_': 1.0, '_a3_': 1.0, '_a4_': 1.0}};{'d0': 0.024905832919416684};-280.569866449043;40.70264432096841
7858;-99.5822889035534;((((x * (_a6_ + (x * pow2(_a5_)))) + _a7_) * (x * x)) / x);{'d0': {'_a5_': 1.8375964952229162, '_a6_': 2.106624068886186, '_a7_': 1.7751354042843788, '_a0_': 1.0, '_a1_': 1.0, '_a2_': 1.0, '_a3_': 1.0, '_a4_': 1.0}};{'d0': 0.024905832919416684};-280.569866449043;40.70264432096841
7859;-99.5822889035534;((((x * (_a6_ + (x * pow2(_a5_)))) + _a7_) * (x * x)) / x);{'d0': {'_a5_': 1.8375964952229162, '_a6_': 2.106624068886186, '_a7_': 1.7751354042843788, '_a0_': 1.0, '_a1_': 1.0, '_a2_': 1.0, '_a3_': 1.0, '_a4_': 1.0}};{'d0': 0.024905832919416684};-280.569866449043;40.70264432096841
7860;-99.6002762159031;((((x * (_a6_ + (x * -(_a5_)))) + _a7_) * (x * x)) / x);{'d0': {'_a5_': -3.3767608786642036, '_a6_': 2.1066240686407656, '_a7_': 1.7751354044700114, '_a0_': 1.0, '_a1_': 1.0, '_a2_': 1.0, '_a3_': 1.0, '_a4_': 1.0}};{'d0': 0.024905832919416646};-280.569866449044;40.6846570086188
7861;-99.6002762159031;((((x * (_a6_ + (x * -(_a5_)))) + _a7_) * (x * x)) / x);{'d0': {'_a5_': -3.3767608786642036, '_a6_': 2.1066240686407656, '_a7_': 1.7751354044700114, '_a0_': 1.0, '_a1_': 1.0, '_a2_': 1.0, '_a3_': 1.0, '_a4_': 1.0}};{'d0': 0.024905832919416646};-280.569866449044;40.6846570086188
7862;-99.6002762159031;((((x * (_a6_ + (x * -(_a5_)))) + _a7_) * (x * x)) / x);{'d0': {'_a5_': -3.3767608786642036, '_a6_': 2.1066240686407656, '_a7_': 1.7751354044700114, '_a0_': 1.0, '_a1_': 1.0, '_a2_': 1.0, '_a3_': 1.0, '_a4_': 1.0}};{'d0': 0.024905832919416646};-280.569866449044;40.6846570086188
7863;-99.6002762159031;((((x * (_a6_ + (x * -(_a5_)))) + _a7_) * (x * x)) / x);{'d0': {'_a5_': -3.3767608786642036, '_a6_': 2.1066240686407656, '_a7_': 1.7751354044700114, '_a0_': 1.0, '_a1_': 1.0, '_a2_': 1.0, '_a3_': 1.0, '_a4_': 1.0}};{'d0': 0.024905832919416646};-280.569866449044;40.6846570086188
7864;-99.6002762159031;((((x * (_a6_ + (x * -(_a5_)))) + _a7_) * (x * x)) / x);{'d0': {'_a5_': -3.3767608786642036, '_a6_': 2.1066240686407656, '_a7_': 1.7751354044700114, '_a0_': 1.0, '_a1_': 1.0, '_a2_': 1.0, '_a3_': 1.0, '_a4_': 1.0}};{'d0': 0.024905832919416646};-280.569866449044;40.6846570086188
7865;-99.6002762159031;((((x * (_a6_ + (x * -(_a5_)))) + _a7_) * (x * x)) / x);{'d0': {'_a5_': -3.3767608786642036, '_a6_': 2.1066240686407656, '_a7_': 1.7751354044700114, '_a0_': 1.0, '_a1_': 1.0, '_a2_': 1.0, '_a3_': 1.0, '_a4_': 1.0}};{'d0': 0.024905832919416646};-280.569866449044;40.6846570086188
7866;-99.6002762159031;((((x * (_a6_ + (x * -(_a5_)))) + _a7_) * (x * x)) / x);{'d0': {'_a5_': -3.3767608786642036, '_a6_': 2.1066240686407656, '_a7_': 1.7751354044700114, '_a0_': 1.0, '_a1_': 1.0, '_a2_': 1.0, '_a3_': 1.0, '_a4_': 1.0}};{'d0': 0.024905832919416646};-280.569866449044;40.6846570086188
7867;-99.6002762159031;((((x * (_a6_ + (x * -(_a5_)))) + _a7_) * (x * x)) / x);{'d0': {'_a5_': -3.3767608786642036, '_a6_': 2.1066240686407656, '_a7_': 1.7751354044700114, '_a0_': 1.0, '_a1_': 1.0, '_a2_': 1.0, '_a3_': 1.0, '_a4_': 1.0}};{'d0': 0.024905832919416646};-280.569866449044;40.6846570086188
7868;-104.586813841426;(x * (_a7_ + pow2(((x * _a0_) + pow2((_a5_ * _a2_))))));{'d0': {'_a0_': 1.8375964947197723, '_a2_': 0.8627193132647473, '_a5_': 0.8775743103378887, '_a7_': 1.4465760895447557, '_a1_': 1.0, '_a3_': 1.0, '_a4_': 1.0, '_a6_': 1.0}};{'d0': 0.024905832919637313};-276.475521886290;33.650947101718955
7869;-104.586813841426;(x * (_a7_ + pow2(((x * _a0_) + pow2((_a5_ * _a2_))))));{'d0': {'_a0_': 1.8375964947197723, '_a2_': 0.8627193132647473, '_a5_': 0.8775743103378887, '_a7_': 1.4465760895447557, '_a1_': 1.0, '_a3_': 1.0, '_a4_': 1.0, '_a6_': 1.0}};{'d0': 0.024905832919637313};-276.475521886290;33.650947101718955
7870;-104.586813841426;(x * (_a7_ + pow2(((x * _a0_) + pow2((_a5_ * _a2_))))));{'d0': {'_a0_': 1.8375964947197723, '_a2_': 0.8627193132647473, '_a5_': 0.8775743103378887, '_a7_': 1.4465760895447557, '_a1_': 1.0, '_a3_': 1.0, '_a4_': 1.0, '_a6_': 1.0}};{'d0': 0.024905832919637313};-276.475521886290;33.650947101718955
7871;-104.586813841426;(x * (_a7_ + pow2(((x * _a0_) + pow2((_a5_ * _a2_))))));{'d0': {'_a0_': 1.8375964947197723, '_a2_': 0.8627193132647473, '_a5_': 0.8775743103378887, '_a7_': 1.4465760895447557, '_a1_': 1.0, '_a3_': 1.0, '_a4_': 1.0, '_a6_': 1.0}};{'d0': 0.024905832919637313};-276.475521886290;33.650947101718955
7872;-104.586813841426;(x * (_a7_ + pow2(((x * _a0_) + pow2((_a5_ * _a2_))))));{'d0': {'_a0_': 1.8375964947197723, '_a2_': 0.8627193132647473, '_a5_': 0.8775743103378887, '_a7_': 1.4465760895447557, '_a1_': 1.0, '_a3_': 1.0, '_a4_': 1.0, '_a6_': 1.0}};{'d0': 0.024905832919637313};-276.475521886290;33.650947101718955
7873;-104.586813841426;(x * (_a7_ + pow2(((x * _a0_) + pow2((_a5_ * _a2_))))));{'d0': {'_a0_': 1.8375964947197723, '_a2_': 0.8627193132647473, '_a5_': 0.8775743103378887, '_a7_': 1.4465760895447557, '_a1_': 1.0, '_a3_': 1.0, '_a4_': 1.0, '_a6_': 1.0}};{'d0': 0.024905832919637313};-276.475521886290;33.650947101718955
7874;-104.586813841426;(x * (_a7_ + pow2(((x * _a0_) + pow2((_a5_ * _a2_))))));{'d0': {'_a0_': 1.8375964947197723, '_a2_': 0.8627193132647473, '_a5_': 0.8775743103378887, '_a7_': 1.4465760895447557, '_a1_': 1.0, '_a3_': 1.0, '_a4_': 1.0, '_a6_': 1.0}};{'d0': 0.024905832919637313};-276.475521886290;33.650947101718955
7875;-104.586813841426;(x * (_a7_ + pow2(((x * _a0_) + pow2((_a5_ * _a2_))))));{'d0': {'_a0_': 1.8375964947197723, '_a2_': 0.8627193132647473, '_a5_': 0.8775743103378887, '_a7_': 1.4465760895447557, '_a1_': 1.0, '_a3_': 1.0, '_a4_': 1.0, '_a6_': 1.0}};{'d0': 0.024905832919637313};-276.475521886290;33.650947101718955
7876;-99.6374739146634;((x * (_a7_ + pow2(((x * _a0_) + pow2((_a5_ * _a2_)))))) * _a0_);{'d0': {'_a0_': 1.5002608254549932, '_a2_': 1.0637875118554114, '_a5_': 0.6430678643617874, '_a7_': 0.9642163981615188, '_a1_': 1.0, '_a3_': 1.0, '_a4_': 1.0, '_a6_': 1.0}};{'d0': 0.024905832920721235};-276.475521883679;38.60028702717595
7877;-99.6374739146634;((x * (_a7_ + pow2(((x * _a0_) + pow2((_a5_ * _a2_)))))) * _a0_);{'d0': {'_a0_': 1.5002608254549932, '_a2_': 1.0637875118554114, '_a5_': 0.6430678643617874, '_a7_': 0.9642163981615188, '_a1_': 1.0, '_a3_': 1.0, '_a4_': 1.0, '_a6_': 1.0}};{'d0': 0.024905832920721235};-276.475521883679;38.60028702717595
7878;-106.633986122803;((x * (_a7_ + pow2(((x * _a0_) + pow2(_a2_))))) * _a0_);{'d0': {'_a0_': 1.5002608254567065, '_a2_': 0.6840876558378594, '_a7_': 0.9642163981456047, '_a1_': 1.0, '_a3_': 1.0, '_a4_': 1.0, '_a5_': 1.0, '_a6_': 1.0}};{'d0': 0.02490583291941661};-280.569866449044;33.650947101718955
7879;-106.633986122803;((x * (_a7_ + pow2(((x * _a0_) + pow2(_a2_))))) * _a0_);{'d0': {'_a0_': 1.5002608254567065, '_a2_': 0.6840876558378594, '_a7_': 0.9642163981456047, '_a1_': 1.0, '_a3_': 1.0, '_a4_': 1.0, '_a5_': 1.0, '_a6_': 1.0}};{'d0': 0.02490583291941661};-280.569866449044;33.650947101718955
7880;-106.633986122803;((x * (_a7_ + pow2(((x * _a0_) + pow2(_a2_))))) * _a0_);{'d0': {'_a0_': 1.5002608254567065, '_a2_': 0.6840876558378594, '_a7_': 0.9642163981456047, '_a1_': 1.0, '_a3_': 1.0, '_a4_': 1.0, '_a5_': 1.0, '_a6_': 1.0}};{'d0': 0.02490583291941661};-280.569866449044;33.650947101718955
7881;-106.633986122803;((x * (_a7_ + pow2(((x * _a0_) + pow2(_a2_))))) * _a0_);{'d0': {'_a0_': 1.5002608254567065, '_a2_': 0.6840876558378594, '_a7_': 0.9642163981456047, '_a1_': 1.0, '_a3_': 1.0, '_a4_': 1.0, '_a5_': 1.0, '_a6_': 1.0}};{'d0': 0.02490583291941661};-280.569866449044;33.650947101718955
7882;-106.633986122803;((x * (_a7_ + pow2(((x * _a0_) + pow2(_a2_))))) * _a0_);{'d0': {'_a0_': 1.5002608254567065, '_a2_': 0.6840876558378594, '_a7_': 0.9642163981456047, '_a1_': 1.0, '_a3_': 1.0, '_a4_': 1.0, '_a5_': 1.0, '_a6_': 1.0}};{'d0': 0.02490583291941661};-280.569866449044;33.650947101718955
7883;-106.633986122803;((x * (_a7_ + pow2(((x * _a0_) + pow2(_a2_))))) * _a0_);{'d0': {'_a0_': 1.5002608254567065, '_a2_': 0.6840876558378594, '_a7_': 0.9642163981456047, '_a1_': 1.0, '_a3_': 1.0, '_a4_': 1.0, '_a5_': 1.0, '_a6_': 1.0}};{'d0': 0.02490583291941661};-280.569866449044;33.650947101718955
7884;-106.633986122803;((x * (_a7_ + pow2(((x * _a0_) + pow2(_a2_))))) * _a0_);{'d0': {'_a0_': 1.5002608254567065, '_a2_': 0.6840876558378594, '_a7_': 0.9642163981456047, '_a1_': 1.0, '_a3_': 1.0, '_a4_': 1.0, '_a5_': 1.0, '_a6_': 1.0}};{'d0': 0.02490583291941661};-280.569866449044;33.650947101718955
7885;-106.633986122803;((x * (_a7_ + pow2(((x * _a0_) + pow2(_a2_))))) * _a0_);{'d0': {'_a0_': 1.5002608254567065, '_a2_': 0.6840876558378594, '_a7_': 0.9642163981456047, '_a1_': 1.0, '_a3_': 1.0, '_a4_': 1.0, '_a5_': 1.0, '_a6_': 1.0}};{'d0': 0.02490583291941661};-280.569866449044;33.650947101718955
7886;-106.633986122803;((x * (_a7_ + pow2(((x * _a0_) + pow2(_a2_))))) * _a0_);{'d0': {'_a0_': 1.5002608254567065, '_a2_': 0.6840876558378594, '_a7_': 0.9642163981456047, '_a1_': 1.0, '_a3_': 1.0, '_a4_': 1.0, '_a5_': 1.0, '_a6_': 1.0}};{'d0': 0.02490583291941661};-280.569866449044;33.650947101718955
7887;-106.633986122803;((x * (_a7_ + pow2(((x * _a0_) + pow2(_a2_))))) * _a0_);{'d0': {'_a0_': 1.5002608254567065, '_a2_': 0.6840876558378594, '_a7_': 0.9642163981456047, '_a1_': 1.0, '_a3_': 1.0, '_a4_': 1.0, '_a5_': 1.0, '_a6_': 1.0}};{'d0': 0.02490583291941661};-280.569866449044;33.650947101718955
7888;-106.633986122803;((x * (_a7_ + pow2(((x * _a0_) + pow2(_a2_))))) * _a0_);{'d0': {'_a0_': 1.5002608254567065, '_a2_': 0.6840876558378594, '_a7_': 0.9642163981456047, '_a1_': 1.0, '_a3_': 1.0, '_a4_': 1.0, '_a5_': 1.0, '_a6_': 1.0}};{'d0': 0.02490583291941661};-280.569866449044;33.650947101718955
7889;-106.633986122803;((x * (_a7_ + pow2(((x * _a0_) + pow2(_a2_))))) * _a0_);{'d0': {'_a0_': 1.5002608254567065, '_a2_': 0.6840876558378594, '_a7_': 0.9642163981456047, '_a1_': 1.0, '_a3_': 1.0, '_a4_': 1.0, '_a5_': 1.0, '_a6_': 1.0}};{'d0': 0.02490583291941661};-280.569866449044;33.650947101718955
7890;-106.633986122803;((x * (_a7_ + pow2(((x * _a0_) + pow2(_a2_))))) * _a0_);{'d0': {'_a0_': 1.5002608254567065, '_a2_': 0.6840876558378594, '_a7_': 0.9642163981456047, '_a1_': 1.0, '_a3_': 1.0, '_a4_': 1.0, '_a5_': 1.0, '_a6_': 1.0}};{'d0': 0.02490583291941661};-280.569866449044;33.650947101718955
7891;-106.633986122803;((x * (_a7_ + pow2(((x * _a0_) + pow2(_a2_))))) * _a0_);{'d0': {'_a0_': 1.5002608254567065, '_a2_': 0.6840876558378594, '_a7_': 0.9642163981456047, '_a1_': 1.0, '_a3_': 1.0, '_a4_': 1.0, '_a5_': 1.0, '_a6_': 1.0}};{'d0': 0.02490583291941661};-280.569866449044;33.650947101718955
7892;-106.633986122803;((x * (_a7_ + pow2(((x * _a0_) + pow2(_a2_))))) * _a0_);{'d0': {'_a0_': 1.5002608254567065, '_a2_': 0.6840876558378594, '_a7_': 0.9642163981456047, '_a1_': 1.0, '_a3_': 1.0, '_a4_': 1.0, '_a5_': 1.0, '_a6_': 1.0}};{'d0': 0.02490583291941661};-280.569866449044;33.650947101718955
7893;-106.633986122803;((x * (_a7_ + pow2(((x * _a0_) + pow2(_a2_))))) * _a0_);{'d0': {'_a0_': 1.5002608254567065, '_a2_': 0.6840876558378594, '_a7_': 0.9642163981456047, '_a1_': 1.0, '_a3_': 1.0, '_a4_': 1.0, '_a5_': 1.0, '_a6_': 1.0}};{'d0': 0.02490583291941661};-280.569866449044;33.650947101718955
7894;-106.633986122803;((x * (_a7_ + pow2(((x * _a0_) + pow2(_a2_))))) * _a0_);{'d0': {'_a0_': 1.5002608254567065, '_a2_': 0.6840876558378594, '_a7_': 0.9642163981456047, '_a1_': 1.0, '_a3_': 1.0, '_a4_': 1.0, '_a5_': 1.0, '_a6_': 1.0}};{'d0': 0.02490583291941661};-280.569866449044;33.650947101718955
7895;-106.633986122803;((x * (_a7_ + pow2(((x * _a0_) + pow2(_a2_))))) * _a0_);{'d0': {'_a0_': 1.5002608254567065, '_a2_': 0.6840876558378594, '_a7_': 0.9642163981456047, '_a1_': 1.0, '_a3_': 1.0, '_a4_': 1.0, '_a5_': 1.0, '_a6_': 1.0}};{'d0': 0.02490583291941661};-280.569866449044;33.650947101718955
7896;-106.633986122803;((x * (_a7_ + pow2(((x * _a0_) + pow2(_a2_))))) * _a0_);{'d0': {'_a0_': 1.5002608254567065, '_a2_': 0.6840876558378594, '_a7_': 0.9642163981456047, '_a1_': 1.0, '_a3_': 1.0, '_a4_': 1.0, '_a5_': 1.0, '_a6_': 1.0}};{'d0': 0.02490583291941661};-280.569866449044;33.650947101718955
7897;-106.633986122803;((x * (_a7_ + pow2(((x * _a0_) + pow2(_a2_))))) * _a0_);{'d0': {'_a0_': 1.5002608254567065, '_a2_': 0.6840876558378594, '_a7_': 0.9642163981456047, '_a1_': 1.0, '_a3_': 1.0, '_a4_': 1.0, '_a5_': 1.0, '_a6_': 1.0}};{'d0': 0.02490583291941661};-280.569866449044;33.650947101718955
7898;-106.633986122803;((x * (_a7_ + pow2(((x * _a0_) + pow2(_a2_))))) * _a0_);{'d0': {'_a0_': 1.5002608254567065, '_a2_': 0.6840876558378594, '_a7_': 0.9642163981456047, '_a1_': 1.0, '_a3_': 1.0, '_a4_': 1.0, '_a5_': 1.0, '_a6_': 1.0}};{'d0': 0.02490583291941661};-280.569866449044;33.650947101718955
7899;-106.633986122803;((x * (_a7_ + pow2(((x * _a0_) + pow2(_a2_))))) * _a0_);{'d0': {'_a0_': 1.5002608254567065, '_a2_': 0.6840876558378594, '_a7_': 0.9642163981456047, '_a1_': 1.0, '_a3_': 1.0, '_a4_': 1.0, '_a5_': 1.0, '_a6_': 1.0}};{'d0': 0.02490583291941661};-280.569866449044;33.650947101718955
7900;-106.633986122803;((x * (_a7_ + pow2(((x * _a0_) + pow2(_a2_))))) * _a0_);{'d0': {'_a0_': 1.5002608254567065, '_a2_': 0.6840876558378594, '_a7_': 0.9642163981456047, '_a1_': 1.0, '_a3_': 1.0, '_a4_': 1.0, '_a5_': 1.0, '_a6_': 1.0}};{'d0': 0.02490583291941661};-280.569866449044;33.650947101718955
7901;-106.633986122803;((x * (_a7_ + pow2(((x * _a0_) + pow2(_a2_))))) * _a0_);{'d0': {'_a0_': 1.5002608254567065, '_a2_': 0.6840876558378594, '_a7_': 0.9642163981456047, '_a1_': 1.0, '_a3_': 1.0, '_a4_': 1.0, '_a5_': 1.0, '_a6_': 1.0}};{'d0': 0.02490583291941661};-280.569866449044;33.650947101718955
7902;-106.633986122803;((x * (_a7_ + pow2(((x * _a0_) + pow2(_a2_))))) * _a0_);{'d0': {'_a0_': 1.5002608254567065, '_a2_': 0.6840876558378594, '_a7_': 0.9642163981456047, '_a1_': 1.0, '_a3_': 1.0, '_a4_': 1.0, '_a5_': 1.0, '_a6_': 1.0}};{'d0': 0.02490583291941661};-280.569866449044;33.650947101718955
7903;-106.633986122803;((x * (_a7_ + pow2(((x * _a0_) + pow2(_a2_))))) * _a0_);{'d0': {'_a0_': 1.5002608254567065, '_a2_': 0.6840876558378594, '_a7_': 0.9642163981456047, '_a1_': 1.0, '_a3_': 1.0, '_a4_': 1.0, '_a5_': 1.0, '_a6_': 1.0}};{'d0': 0.02490583291941661};-280.569866449044;33.650947101718955
7904;-106.633986122803;((x * (_a7_ + pow2(((x * _a0_) + pow2(_a2_))))) * _a0_);{'d0': {'_a0_': 1.5002608254567065, '_a2_': 0.6840876558378594, '_a7_': 0.9642163981456047, '_a1_': 1.0, '_a3_': 1.0, '_a4_': 1.0, '_a5_': 1.0, '_a6_': 1.0}};{'d0': 0.02490583291941661};-280.569866449044;33.650947101718955
7905;-106.633986122803;((x * (_a7_ + pow2(((x * _a0_) + pow2(_a2_))))) * _a0_);{'d0': {'_a0_': 1.5002608254567065, '_a2_': 0.6840876558378594, '_a7_': 0.9642163981456047, '_a1_': 1.0, '_a3_': 1.0, '_a4_': 1.0, '_a5_': 1.0, '_a6_': 1.0}};{'d0': 0.02490583291941661};-280.569866449044;33.650947101718955
7906;-106.633986122803;((x * (_a7_ + pow2(((x * _a0_) + pow2(_a2_))))) * _a0_);{'d0': {'_a0_': 1.5002608254567065, '_a2_': 0.6840876558378594, '_a7_': 0.9642163981456047, '_a1_': 1.0, '_a3_': 1.0, '_a4_': 1.0, '_a5_': 1.0, '_a6_': 1.0}};{'d0': 0.02490583291941661};-280.569866449044;33.650947101718955
7907;-105.382580669956;(((_a4_ + pow2(x)) + (_a7_ * x)) * ((x * _a7_) * _a1_));{'d0': {'_a1_': 5.412695219184272, '_a4_': 0.5256917707918324, '_a7_': 0.6238594157232213, '_a0_': 1.0, '_a2_': 1.0, '_a3_': 1.0, '_a5_': 1.0, '_a6_': 1.0}};{'d0': 0.02490583291941653};-280.569866449044;34.90235255456604
7908;-105.382580669956;(((_a4_ + pow2(x)) + (_a7_ * x)) * ((x * _a7_) * _a1_));{'d0': {'_a1_': 5.412695219184272, '_a4_': 0.5256917707918324, '_a7_': 0.6238594157232213, '_a0_': 1.0, '_a2_': 1.0, '_a3_': 1.0, '_a5_': 1.0, '_a6_': 1.0}};{'d0': 0.02490583291941653};-280.569866449044;34.90235255456604
7909;-105.382580669956;(((_a4_ + pow2(x)) + (_a7_ * x)) * ((x * _a7_) * _a1_));{'d0': {'_a1_': 5.412695219184272, '_a4_': 0.5256917707918324, '_a7_': 0.6238594157232213, '_a0_': 1.0, '_a2_': 1.0, '_a3_': 1.0, '_a5_': 1.0, '_a6_': 1.0}};{'d0': 0.02490583291941653};-280.569866449044;34.90235255456604
7910;-105.382580669956;(((_a4_ + pow2(x)) + (_a7_ * x)) * ((x * _a7_) * _a1_));{'d0': {'_a1_': 5.412695219184272, '_a4_': 0.5256917707918324, '_a7_': 0.6238594157232213, '_a0_': 1.0, '_a2_': 1.0, '_a3_': 1.0, '_a5_': 1.0, '_a6_': 1.0}};{'d0': 0.02490583291941653};-280.569866449044;34.90235255456604
7911;-105.382580669956;(((_a4_ + pow2(x)) + (_a7_ * x)) * ((x * _a7_) * _a1_));{'d0': {'_a1_': 5.412695219184272, '_a4_': 0.5256917707918324, '_a7_': 0.6238594157232213, '_a0_': 1.0, '_a2_': 1.0, '_a3_': 1.0, '_a5_': 1.0, '_a6_': 1.0}};{'d0': 0.02490583291941653};-280.569866449044;34.90235255456604
7912;-105.382580669956;(((_a4_ + pow2(x)) + (_a7_ * x)) * ((x * _a7_) * _a1_));{'d0': {'_a1_': 5.412695219184272, '_a4_': 0.5256917707918324, '_a7_': 0.6238594157232213, '_a0_': 1.0, '_a2_': 1.0, '_a3_': 1.0, '_a5_': 1.0, '_a6_': 1.0}};{'d0': 0.02490583291941653};-280.569866449044;34.90235255456604
7913;-105.382580669956;(((_a4_ + pow2(x)) + (_a7_ * x)) * ((x * _a7_) * _a1_));{'d0': {'_a1_': 5.412695219184272, '_a4_': 0.5256917707918324, '_a7_': 0.6238594157232213, '_a0_': 1.0, '_a2_': 1.0, '_a3_': 1.0, '_a5_': 1.0, '_a6_': 1.0}};{'d0': 0.02490583291941653};-280.569866449044;34.90235255456604
7914;-105.382580669956;(((_a4_ + pow2(x)) + (_a7_ * x)) * ((x * _a7_) * _a1_));{'d0': {'_a1_': 5.412695219184272, '_a4_': 0.5256917707918324, '_a7_': 0.6238594157232213, '_a0_': 1.0, '_a2_': 1.0, '_a3_': 1.0, '_a5_': 1.0, '_a6_': 1.0}};{'d0': 0.02490583291941653};-280.569866449044;34.90235255456604
7915;-105.382580669956;(((_a4_ + pow2(x)) + (_a7_ * x)) * ((x * _a7_) * _a1_));{'d0': {'_a1_': 5.412695219184272, '_a4_': 0.5256917707918324, '_a7_': 0.6238594157232213, '_a0_': 1.0, '_a2_': 1.0, '_a3_': 1.0, '_a5_': 1.0, '_a6_': 1.0}};{'d0': 0.02490583291941653};-280.569866449044;34.90235255456604
7916;-105.382580669956;(((_a4_ + pow2(x)) + (_a7_ * x)) * ((x * _a7_) * _a1_));{'d0': {'_a1_': 5.412695219184272, '_a4_': 0.5256917707918324, '_a7_': 0.6238594157232213, '_a0_': 1.0, '_a2_': 1.0, '_a3_': 1.0, '_a5_': 1.0, '_a6_': 1.0}};{'d0': 0.02490583291941653};-280.569866449044;34.90235255456604
7917;-105.382580669956;(((_a4_ + pow2(x)) + (_a7_ * x)) * ((x * _a7_) * _a1_));{'d0': {'_a1_': 5.412695219184272, '_a4_': 0.5256917707918324, '_a7_': 0.6238594157232213, '_a0_': 1.0, '_a2_': 1.0, '_a3_': 1.0, '_a5_': 1.0, '_a6_': 1.0}};{'d0': 0.02490583291941653};-280.569866449044;34.90235255456604
7918;-105.382580669956;(((_a4_ + pow2(x)) + (_a7_ * x)) * ((x * _a7_) * _a1_));{'d0': {'_a1_': 5.412695219184272, '_a4_': 0.5256917707918324, '_a7_': 0.6238594157232213, '_a0_': 1.0, '_a2_': 1.0, '_a3_': 1.0, '_a5_': 1.0, '_a6_': 1.0}};{'d0': 0.02490583291941653};-280.569866449044;34.90235255456604
7919;-105.382580669956;(((_a4_ + pow2(x)) + (_a7_ * x)) * ((x * _a7_) * _a1_));{'d0': {'_a1_': 5.412695219184272, '_a4_': 0.5256917707918324, '_a7_': 0.6238594157232213, '_a0_': 1.0, '_a2_': 1.0, '_a3_': 1.0, '_a5_': 1.0, '_a6_': 1.0}};{'d0': 0.02490583291941653};-280.569866449044;34.90235255456604
7920;-105.382580669956;(((_a4_ + pow2(x)) + (_a7_ * x)) * ((x * _a7_) * _a1_));{'d0': {'_a1_': 5.412695219184272, '_a4_': 0.5256917707918324, '_a7_': 0.6238594157232213, '_a0_': 1.0, '_a2_': 1.0, '_a3_': 1.0, '_a5_': 1.0, '_a6_': 1.0}};{'d0': 0.02490583291941653};-280.569866449044;34.90235255456604
7921;-105.382580669956;(((_a4_ + pow2(x)) + (_a7_ * x)) * ((x * _a7_) * _a1_));{'d0': {'_a1_': 5.412695219184272, '_a4_': 0.5256917707918324, '_a7_': 0.6238594157232213, '_a0_': 1.0, '_a2_': 1.0, '_a3_': 1.0, '_a5_': 1.0, '_a6_': 1.0}};{'d0': 0.02490583291941653};-280.569866449044;34.90235255456604
7922;-105.382580669956;(((_a4_ + pow2(x)) + (_a7_ * x)) * ((x * _a7_) * _a1_));{'d0': {'_a1_': 5.412695219184272, '_a4_': 0.5256917707918324, '_a7_': 0.6238594157232213, '_a0_': 1.0, '_a2_': 1.0, '_a3_': 1.0, '_a5_': 1.0, '_a6_': 1.0}};{'d0': 0.02490583291941653};-280.569866449044;34.90235255456604
7923;-105.382580669956;(((_a4_ + pow2(x)) + (_a7_ * x)) * ((x * _a7_) * _a1_));{'d0': {'_a1_': 5.412695219184272, '_a4_': 0.5256917707918324, '_a7_': 0.6238594157232213, '_a0_': 1.0, '_a2_': 1.0, '_a3_': 1.0, '_a5_': 1.0, '_a6_': 1.0}};{'d0': 0.02490583291941653};-280.569866449044;34.90235255456604
7924;-105.382580669956;(((_a4_ + pow2(x)) + (_a7_ * x)) * ((x * _a7_) * _a1_));{'d0': {'_a1_': 5.412695219184272, '_a4_': 0.5256917707918324, '_a7_': 0.6238594157232213, '_a0_': 1.0, '_a2_': 1.0, '_a3_': 1.0, '_a5_': 1.0, '_a6_': 1.0}};{'d0': 0.02490583291941653};-280.569866449044;34.90235255456604
7925;-105.382580669956;(((_a4_ + pow2(x)) + (_a7_ * x)) * ((x * _a7_) * _a1_));{'d0': {'_a1_': 5.412695219184272, '_a4_': 0.5256917707918324, '_a7_': 0.6238594157232213, '_a0_': 1.0, '_a2_': 1.0, '_a3_': 1.0, '_a5_': 1.0, '_a6_': 1.0}};{'d0': 0.02490583291941653};-280.569866449044;34.90235255456604
7926;-105.382580669956;(((_a4_ + pow2(x)) + (_a7_ * x)) * ((x * _a7_) * _a1_));{'d0': {'_a1_': 5.412695219184272, '_a4_': 0.5256917707918324, '_a7_': 0.6238594157232213, '_a0_': 1.0, '_a2_': 1.0, '_a3_': 1.0, '_a5_': 1.0, '_a6_': 1.0}};{'d0': 0.02490583291941653};-280.569866449044;34.90235255456604
7927;-105.382580669956;(((_a4_ + pow2(x)) + (_a7_ * x)) * ((x * _a7_) * _a1_));{'d0': {'_a1_': 5.412695219184272, '_a4_': 0.5256917707918324, '_a7_': 0.6238594157232213, '_a0_': 1.0, '_a2_': 1.0, '_a3_': 1.0, '_a5_': 1.0, '_a6_': 1.0}};{'d0': 0.02490583291941653};-280.569866449044;34.90235255456604
7928;-105.382580669956;(((_a4_ + pow2(x)) + (_a7_ * x)) * ((x * _a7_) * _a1_));{'d0': {'_a1_': 5.412695219184272, '_a4_': 0.5256917707918324, '_a7_': 0.6238594157232213, '_a0_': 1.0, '_a2_': 1.0, '_a3_': 1.0, '_a5_': 1.0, '_a6_': 1.0}};{'d0': 0.02490583291941653};-280.569866449044;34.90235255456604
7929;-105.382580669956;(((_a4_ + pow2(x)) + (_a7_ * x)) * ((x * _a7_) * _a1_));{'d0': {'_a1_': 5.412695219184272, '_a4_': 0.5256917707918324, '_a7_': 0.6238594157232213, '_a0_': 1.0, '_a2_': 1.0, '_a3_': 1.0, '_a5_': 1.0, '_a6_': 1.0}};{'d0': 0.02490583291941653};-280.569866449044;34.90235255456604
7930;-105.382580669956;(((_a4_ + pow2(x)) + (_a7_ * x)) * ((x * _a7_) * _a1_));{'d0': {'_a1_': 5.412695219184272, '_a4_': 0.5256917707918324, '_a7_': 0.6238594157232213, '_a0_': 1.0, '_a2_': 1.0, '_a3_': 1.0, '_a5_': 1.0, '_a6_': 1.0}};{'d0': 0.02490583291941653};-280.569866449044;34.90235255456604
7931;-105.382580669956;(((_a4_ + pow2(x)) + (_a7_ * x)) * ((x * _a7_) * _a1_));{'d0': {'_a1_': 5.412695219184272, '_a4_': 0.5256917707918324, '_a7_': 0.6238594157232213, '_a0_': 1.0, '_a2_': 1.0, '_a3_': 1.0, '_a5_': 1.0, '_a6_': 1.0}};{'d0': 0.02490583291941653};-280.569866449044;34.90235255456604
7932;-105.382580669956;(((_a4_ + pow2(x)) + (_a7_ * x)) * ((x * _a7_) * _a1_));{'d0': {'_a1_': 5.412695219184272, '_a4_': 0.5256917707918324, '_a7_': 0.6238594157232213, '_a0_': 1.0, '_a2_': 1.0, '_a3_': 1.0, '_a5_': 1.0, '_a6_': 1.0}};{'d0': 0.02490583291941653};-280.569866449044;34.90235255456604
7933;-105.382580669956;(((_a4_ + pow2(x)) + (_a7_ * x)) * ((x * _a7_) * _a1_));{'d0': {'_a1_': 5.412695219184272, '_a4_': 0.5256917707918324, '_a7_': 0.6238594157232213, '_a0_': 1.0, '_a2_': 1.0, '_a3_': 1.0, '_a5_': 1.0, '_a6_': 1.0}};{'d0': 0.02490583291941653};-280.569866449044;34.90235255456604
7934;-105.382580669956;(((_a4_ + pow2(x)) + (_a7_ * x)) * ((x * _a7_) * _a1_));{'d0': {'_a1_': 5.412695219184272, '_a4_': 0.5256917707918324, '_a7_': 0.6238594157232213, '_a0_': 1.0, '_a2_': 1.0, '_a3_': 1.0, '_a5_': 1.0, '_a6_': 1.0}};{'d0': 0.02490583291941653};-280.569866449044;34.90235255456604
7935;-105.382580669956;(((_a4_ + pow2(x)) + (_a7_ * x)) * ((x * _a7_) * _a1_));{'d0': {'_a1_': 5.412695219184272, '_a4_': 0.5256917707918324, '_a7_': 0.6238594157232213, '_a0_': 1.0, '_a2_': 1.0, '_a3_': 1.0, '_a5_': 1.0, '_a6_': 1.0}};{'d0': 0.02490583291941653};-280.569866449044;34.90235255456604
7936;-105.382580669956;(((_a4_ + pow2(x)) + (_a7_ * x)) * ((x * _a7_) * _a1_));{'d0': {'_a1_': 5.412695219184272, '_a4_': 0.5256917707918324, '_a7_': 0.6238594157232213, '_a0_': 1.0, '_a2_': 1.0, '_a3_': 1.0, '_a5_': 1.0, '_a6_': 1.0}};{'d0': 0.02490583291941653};-280.569866449044;34.90235255456604
7937;-105.382580669956;(((_a4_ + pow2(x)) + (_a7_ * x)) * ((x * _a7_) * _a1_));{'d0': {'_a1_': 5.412695219184272, '_a4_': 0.5256917707918324, '_a7_': 0.6238594157232213, '_a0_': 1.0, '_a2_': 1.0, '_a3_': 1.0, '_a5_': 1.0, '_a6_': 1.0}};{'d0': 0.02490583291941653};-280.569866449044;34.90235255456604
7938;-105.382580669956;(((_a4_ + pow2(x)) + (_a7_ * x)) * ((x * _a7_) * _a1_));{'d0': {'_a1_': 5.412695219184272, '_a4_': 0.5256917707918324, '_a7_': 0.6238594157232213, '_a0_': 1.0, '_a2_': 1.0, '_a3_': 1.0, '_a5_': 1.0, '_a6_': 1.0}};{'d0': 0.02490583291941653};-280.569866449044;34.90235255456604
7939;-105.382580669956;(((_a4_ + pow2(x)) + (_a7_ * x)) * ((x * _a7_) * _a1_));{'d0': {'_a1_': 5.412695219184272, '_a4_': 0.5256917707918324, '_a7_': 0.6238594157232213, '_a0_': 1.0, '_a2_': 1.0, '_a3_': 1.0, '_a5_': 1.0, '_a6_': 1.0}};{'d0': 0.02490583291941653};-280.569866449044;34.90235255456604
7940;-105.382580669956;(((_a4_ + pow2(x)) + (_a7_ * x)) * ((x * _a7_) * _a1_));{'d0': {'_a1_': 5.412695219184272, '_a4_': 0.5256917707918324, '_a7_': 0.6238594157232213, '_a0_': 1.0, '_a2_': 1.0, '_a3_': 1.0, '_a5_': 1.0, '_a6_': 1.0}};{'d0': 0.02490583291941653};-280.569866449044;34.90235255456604
7941;-105.382580669956;(((_a4_ + pow2(x)) + (_a7_ * x)) * ((x * _a7_) * _a1_));{'d0': {'_a1_': 5.412695219184272, '_a4_': 0.5256917707918324, '_a7_': 0.6238594157232213, '_a0_': 1.0, '_a2_': 1.0, '_a3_': 1.0, '_a5_': 1.0, '_a6_': 1.0}};{'d0': 0.02490583291941653};-280.569866449044;34.90235255456604
7942;-105.382580669956;(((_a4_ + pow2(x)) + (_a7_ * x)) * ((x * _a7_) * _a1_));{'d0': {'_a1_': 5.412695219184272, '_a4_': 0.5256917707918324, '_a7_': 0.6238594157232213, '_a0_': 1.0, '_a2_': 1.0, '_a3_': 1.0, '_a5_': 1.0, '_a6_': 1.0}};{'d0': 0.02490583291941653};-280.569866449044;34.90235255456604
7943;-105.382580669956;(((_a4_ + pow2(x)) + (_a7_ * x)) * ((x * _a7_) * _a1_));{'d0': {'_a1_': 5.412695219184272, '_a4_': 0.5256917707918324, '_a7_': 0.6238594157232213, '_a0_': 1.0, '_a2_': 1.0, '_a3_': 1.0, '_a5_': 1.0, '_a6_': 1.0}};{'d0': 0.02490583291941653};-280.569866449044;34.90235255456604
7944;-105.382580669956;(((_a4_ + pow2(x)) + (_a7_ * x)) * ((x * _a7_) * _a1_));{'d0': {'_a1_': 5.412695219184272, '_a4_': 0.5256917707918324, '_a7_': 0.6238594157232213, '_a0_': 1.0, '_a2_': 1.0, '_a3_': 1.0, '_a5_': 1.0, '_a6_': 1.0}};{'d0': 0.02490583291941653};-280.569866449044;34.90235255456604
7945;-105.382580669956;(((_a4_ + pow2(x)) + (_a7_ * x)) * ((x * _a7_) * _a1_));{'d0': {'_a1_': 5.412695219184272, '_a4_': 0.5256917707918324, '_a7_': 0.6238594157232213, '_a0_': 1.0, '_a2_': 1.0, '_a3_': 1.0, '_a5_': 1.0, '_a6_': 1.0}};{'d0': 0.02490583291941653};-280.569866449044;34.90235255456604
7946;-105.382580669956;(((_a4_ + pow2(x)) + (_a7_ * x)) * ((x * _a7_) * _a1_));{'d0': {'_a1_': 5.412695219184272, '_a4_': 0.5256917707918324, '_a7_': 0.6238594157232213, '_a0_': 1.0, '_a2_': 1.0, '_a3_': 1.0, '_a5_': 1.0, '_a6_': 1.0}};{'d0': 0.02490583291941653};-280.569866449044;34.90235255456604
7947;-105.382580669956;(((_a4_ + pow2(x)) + (_a7_ * x)) * ((x * _a7_) * _a1_));{'d0': {'_a1_': 5.412695219184272, '_a4_': 0.5256917707918324, '_a7_': 0.6238594157232213, '_a0_': 1.0, '_a2_': 1.0, '_a3_': 1.0, '_a5_': 1.0, '_a6_': 1.0}};{'d0': 0.02490583291941653};-280.569866449044;34.90235255456604
7948;-105.382580669956;(((_a4_ + pow2(x)) + (_a7_ * x)) * ((x * _a7_) * _a1_));{'d0': {'_a1_': 5.412695219184272, '_a4_': 0.5256917707918324, '_a7_': 0.6238594157232213, '_a0_': 1.0, '_a2_': 1.0, '_a3_': 1.0, '_a5_': 1.0, '_a6_': 1.0}};{'d0': 0.02490583291941653};-280.569866449044;34.90235255456604
7949;-105.382580669956;(((_a4_ + pow2(x)) + (_a7_ * x)) * ((x * _a7_) * _a1_));{'d0': {'_a1_': 5.412695219184272, '_a4_': 0.5256917707918324, '_a7_': 0.6238594157232213, '_a0_': 1.0, '_a2_': 1.0, '_a3_': 1.0, '_a5_': 1.0, '_a6_': 1.0}};{'d0': 0.02490583291941653};-280.569866449044;34.90235255456604
7950;-92.0836685379062;((((x * ((_a7_ / _a4_) + (x * _a5_))) + log(_a4_)) * (x * x)) / x);{'d0': {'_a4_': 5.901080106873473, '_a5_': 3.3767608776967606, '_a7_': 12.431357369196471, '_a0_': 1.0, '_a1_': 1.0, '_a2_': 1.0, '_a3_': 1.0, '_a6_': 1.0}};{'d0': 0.02490583291941668};-280.569866449043;48.2012646866156
7951;-92.0836685379062;((((x * ((_a7_ / _a4_) + (x * _a5_))) + log(_a4_)) * (x * x)) / x);{'d0': {'_a4_': 5.901080106873473, '_a5_': 3.3767608776967606, '_a7_': 12.431357369196471, '_a0_': 1.0, '_a1_': 1.0, '_a2_': 1.0, '_a3_': 1.0, '_a6_': 1.0}};{'d0': 0.02490583291941668};-280.569866449043;48.2012646866156
7952;-92.0836685379062;((((x * ((_a7_ / _a4_) + (x * _a5_))) + log(_a4_)) * (x * x)) / x);{'d0': {'_a4_': 5.901080106873473, '_a5_': 3.3767608776967606, '_a7_': 12.431357369196471, '_a0_': 1.0, '_a1_': 1.0, '_a2_': 1.0, '_a3_': 1.0, '_a6_': 1.0}};{'d0': 0.02490583291941668};-280.569866449043;48.2012646866156
7953;-92.0836685379062;((((x * ((_a7_ / _a4_) + (x * _a5_))) + log(_a4_)) * (x * x)) / x);{'d0': {'_a4_': 5.901080106873473, '_a5_': 3.3767608776967606, '_a7_': 12.431357369196471, '_a0_': 1.0, '_a1_': 1.0, '_a2_': 1.0, '_a3_': 1.0, '_a6_': 1.0}};{'d0': 0.02490583291941668};-280.569866449043;48.2012646866156
7954;-92.0836685379062;((((x * ((_a7_ / _a4_) + (x * _a5_))) + log(_a4_)) * (x * x)) / x);{'d0': {'_a4_': 5.901080106873473, '_a5_': 3.3767608776967606, '_a7_': 12.431357369196471, '_a0_': 1.0, '_a1_': 1.0, '_a2_': 1.0, '_a3_': 1.0, '_a6_': 1.0}};{'d0': 0.02490583291941668};-280.569866449043;48.2012646866156
7955;-92.0836685379062;((((x * ((_a7_ / _a4_) + (x * _a5_))) + log(_a4_)) * (x * x)) / x);{'d0': {'_a4_': 5.901080106873473, '_a5_': 3.3767608776967606, '_a7_': 12.431357369196471, '_a0_': 1.0, '_a1_': 1.0, '_a2_': 1.0, '_a3_': 1.0, '_a6_': 1.0}};{'d0': 0.02490583291941668};-280.569866449043;48.2012646866156
7956;-92.5810283355335;((((x * (sqrt(_a7_) + (x * _a5_))) + log(_a4_)) * (x * x)) / x);{'d0': {'_a4_': 5.9010801159015625, '_a5_': 3.376760878987712, '_a7_': 4.437864968370914, '_a0_': 1.0, '_a1_': 1.0, '_a2_': 1.0, '_a3_': 1.0, '_a6_': 1.0}};{'d0': 0.024905832919416653};-280.569866449044;47.703904888988404
7957;-92.5810283355335;((((x * (sqrt(_a7_) + (x * _a5_))) + log(_a4_)) * (x * x)) / x);{'d0': {'_a4_': 5.9010801159015625, '_a5_': 3.376760878987712, '_a7_': 4.437864968370914, '_a0_': 1.0, '_a1_': 1.0, '_a2_': 1.0, '_a3_': 1.0, '_a6_': 1.0}};{'d0': 0.024905832919416653};-280.569866449044;47.703904888988404
7958;-92.5810283355335;((((x * (sqrt(_a7_) + (x * _a5_))) + log(_a4_)) * (x * x)) / x);{'d0': {'_a4_': 5.9010801159015625, '_a5_': 3.376760878987712, '_a7_': 4.437864968370914, '_a0_': 1.0, '_a1_': 1.0, '_a2_': 1.0, '_a3_': 1.0, '_a6_': 1.0}};{'d0': 0.024905832919416653};-280.569866449044;47.703904888988404
7959;-92.5810283355335;((((x * (sqrt(_a7_) + (x * _a5_))) + log(_a4_)) * (x * x)) / x);{'d0': {'_a4_': 5.9010801159015625, '_a5_': 3.376760878987712, '_a7_': 4.437864968370914, '_a0_': 1.0, '_a1_': 1.0, '_a2_': 1.0, '_a3_': 1.0, '_a6_': 1.0}};{'d0': 0.024905832919416653};-280.569866449044;47.703904888988404
7960;-92.5810283355335;((((x * (sqrt(_a7_) + (x * _a5_))) + log(_a4_)) * (x * x)) / x);{'d0': {'_a4_': 5.9010801159015625, '_a5_': 3.376760878987712, '_a7_': 4.437864968370914, '_a0_': 1.0, '_a1_': 1.0, '_a2_': 1.0, '_a3_': 1.0, '_a6_': 1.0}};{'d0': 0.024905832919416653};-280.569866449044;47.703904888988404
7961;-92.5810283355335;((((x * (sqrt(_a7_) + (x * _a5_))) + log(_a4_)) * (x * x)) / x);{'d0': {'_a4_': 5.9010801159015625, '_a5_': 3.376760878987712, '_a7_': 4.437864968370914, '_a0_': 1.0, '_a1_': 1.0, '_a2_': 1.0, '_a3_': 1.0, '_a6_': 1.0}};{'d0': 0.024905832919416653};-280.569866449044;47.703904888988404
7962;-92.9186631538645;((((x * (sqrt(_a7_) + (x * _a5_))) + (_a0_ * _a7_)) * (x * x)) / x);{'d0': {'_a0_': 0.39999761611700013, '_a5_': 3.3767608769977002, '_a7_': 4.4378649589322805, '_a1_': 1.0, '_a2_': 1.0, '_a3_': 1.0, '_a4_': 1.0, '_a6_': 1.0}};{'d0': 0.024905832919416636};-280.569866449044;47.36627007065741
7963;-92.9186631538645;((((x * (sqrt(_a7_) + (x * _a5_))) + (_a0_ * _a7_)) * (x * x)) / x);{'d0': {'_a0_': 0.39999761611700013, '_a5_': 3.3767608769977002, '_a7_': 4.4378649589322805, '_a1_': 1.0, '_a2_': 1.0, '_a3_': 1.0, '_a4_': 1.0, '_a6_': 1.0}};{'d0': 0.024905832919416636};-280.569866449044;47.36627007065741
7964;-92.9186631538645;((((x * (sqrt(_a7_) + (x * _a5_))) + (_a0_ * _a7_)) * (x * x)) / x);{'d0': {'_a0_': 0.39999761611700013, '_a5_': 3.3767608769977002, '_a7_': 4.4378649589322805, '_a1_': 1.0, '_a2_': 1.0, '_a3_': 1.0, '_a4_': 1.0, '_a6_': 1.0}};{'d0': 0.024905832919416636};-280.569866449044;47.36627007065741
7965;-92.9186631538645;((((x * (sqrt(_a7_) + (x * _a5_))) + (_a0_ * _a7_)) * (x * x)) / x);{'d0': {'_a0_': 0.39999761611700013, '_a5_': 3.3767608769977002, '_a7_': 4.4378649589322805, '_a1_': 1.0, '_a2_': 1.0, '_a3_': 1.0, '_a4_': 1.0, '_a6_': 1.0}};{'d0': 0.024905832919416636};-280.569866449044;47.36627007065741
7966;-92.9186631538645;((((x * (sqrt(_a7_) + (x * _a5_))) + (_a0_ * _a7_)) * (x * x)) / x);{'d0': {'_a0_': 0.39999761611700013, '_a5_': 3.3767608769977002, '_a7_': 4.4378649589322805, '_a1_': 1.0, '_a2_': 1.0, '_a3_': 1.0, '_a4_': 1.0, '_a6_': 1.0}};{'d0': 0.024905832919416636};-280.569866449044;47.36627007065741
7967;-97.9403603656435;((((x * (sqrt(_a7_) + (x * _a5_))) + _a0_) * (x * x)) / x);{'d0': {'_a0_': 1.7751354042264678, '_a5_': 3.376760879387665, '_a7_': 4.43786496733166, '_a1_': 1.0, '_a2_': 1.0, '_a3_': 1.0, '_a4_': 1.0, '_a6_': 1.0}};{'d0': 0.024905832919416622};-280.569866449044;42.34457285887841
7968;-97.9403603656435;((((x * (sqrt(_a7_) + (x * _a5_))) + _a0_) * (x * x)) / x);{'d0': {'_a0_': 1.7751354042264678, '_a5_': 3.376760879387665, '_a7_': 4.43786496733166, '_a1_': 1.0, '_a2_': 1.0, '_a3_': 1.0, '_a4_': 1.0, '_a6_': 1.0}};{'d0': 0.024905832919416622};-280.569866449044;42.34457285887841
7969;-97.9403603656435;((((x * (sqrt(_a7_) + (x * _a5_))) + _a0_) * (x * x)) / x);{'d0': {'_a0_': 1.7751354042264678, '_a5_': 3.376760879387665, '_a7_': 4.43786496733166, '_a1_': 1.0, '_a2_': 1.0, '_a3_': 1.0, '_a4_': 1.0, '_a6_': 1.0}};{'d0': 0.024905832919416622};-280.569866449044;42.34457285887841
7970;-97.9403603656435;((((x * (sqrt(_a7_) + (x * _a5_))) + _a0_) * (x * x)) / x);{'d0': {'_a0_': 1.7751354042264678, '_a5_': 3.376760879387665, '_a7_': 4.43786496733166, '_a1_': 1.0, '_a2_': 1.0, '_a3_': 1.0, '_a4_': 1.0, '_a6_': 1.0}};{'d0': 0.024905832919416622};-280.569866449044;42.34457285887841
7971;-97.9403603656435;((((x * (sqrt(_a7_) + (x * _a5_))) + _a0_) * (x * x)) / x);{'d0': {'_a0_': 1.7751354042264678, '_a5_': 3.376760879387665, '_a7_': 4.43786496733166, '_a1_': 1.0, '_a2_': 1.0, '_a3_': 1.0, '_a4_': 1.0, '_a6_': 1.0}};{'d0': 0.024905832919416622};-280.569866449044;42.34457285887841
7972;-97.9403603656435;((((x * (sqrt(_a7_) + (x * _a5_))) + _a0_) * (x * x)) / x);{'d0': {'_a0_': 1.7751354042264678, '_a5_': 3.376760879387665, '_a7_': 4.43786496733166, '_a1_': 1.0, '_a2_': 1.0, '_a3_': 1.0, '_a4_': 1.0, '_a6_': 1.0}};{'d0': 0.024905832919416622};-280.569866449044;42.34457285887841
7973;-97.9403603656435;((((x * (sqrt(_a7_) + (x * _a5_))) + _a0_) * (x * x)) / x);{'d0': {'_a0_': 1.7751354042264678, '_a5_': 3.376760879387665, '_a7_': 4.43786496733166, '_a1_': 1.0, '_a2_': 1.0, '_a3_': 1.0, '_a4_': 1.0, '_a6_': 1.0}};{'d0': 0.024905832919416622};-280.569866449044;42.34457285887841
7974;-97.9403603656435;((((x * (sqrt(_a7_) + (x * _a5_))) + _a0_) * (x * x)) / x);{'d0': {'_a0_': 1.7751354042264678, '_a5_': 3.376760879387665, '_a7_': 4.43786496733166, '_a1_': 1.0, '_a2_': 1.0, '_a3_': 1.0, '_a4_': 1.0, '_a6_': 1.0}};{'d0': 0.024905832919416622};-280.569866449044;42.34457285887841
7975;-97.9403603656435;((((x * (sqrt(_a7_) + (x * _a5_))) + _a0_) * (x * x)) / x);{'d0': {'_a0_': 1.7751354042264678, '_a5_': 3.376760879387665, '_a7_': 4.43786496733166, '_a1_': 1.0, '_a2_': 1.0, '_a3_': 1.0, '_a4_': 1.0, '_a6_': 1.0}};{'d0': 0.024905832919416622};-280.569866449044;42.34457285887841
7976;-97.9403603656435;((((x * (sqrt(_a7_) + (x * _a5_))) + _a0_) * (x * x)) / x);{'d0': {'_a0_': 1.7751354042264678, '_a5_': 3.376760879387665, '_a7_': 4.43786496733166, '_a1_': 1.0, '_a2_': 1.0, '_a3_': 1.0, '_a4_': 1.0, '_a6_': 1.0}};{'d0': 0.024905832919416622};-280.569866449044;42.34457285887841
7977;-104.531628829010;(((((pow2((_a6_ + x)) + _a0_) * _a3_) * x) / _a0_) * _a3_);{'d0': {'_a0_': 0.4283916274860485, '_a3_': 1.2027369159100303, '_a6_': 0.3119297078039986, '_a1_': 1.0, '_a2_': 1.0, '_a4_': 1.0, '_a5_': 1.0, '_a7_': 1.0}};{'d0': 0.02490583291941667};-280.569866449043;35.75330439551138
7978;-104.531628829010;(((((pow2((_a6_ + x)) + _a0_) * _a3_) * x) / _a0_) * _a3_);{'d0': {'_a0_': 0.4283916274860485, '_a3_': 1.2027369159100303, '_a6_': 0.3119297078039986, '_a1_': 1.0, '_a2_': 1.0, '_a4_': 1.0, '_a5_': 1.0, '_a7_': 1.0}};{'d0': 0.02490583291941667};-280.569866449043;35.75330439551138
7979;-104.531628829010;(((((pow2((_a6_ + x)) + _a0_) * _a3_) * x) / _a0_) * _a3_);{'d0': {'_a0_': 0.4283916274860485, '_a3_': 1.2027369159100303, '_a6_': 0.3119297078039986, '_a1_': 1.0, '_a2_': 1.0, '_a4_': 1.0, '_a5_': 1.0, '_a7_': 1.0}};{'d0': 0.02490583291941667};-280.569866449043;35.75330439551138
7980;-104.531628829010;(((((pow2((_a6_ + x)) + _a0_) * _a3_) * x) / _a0_) * _a3_);{'d0': {'_a0_': 0.4283916274860485, '_a3_': 1.2027369159100303, '_a6_': 0.3119297078039986, '_a1_': 1.0, '_a2_': 1.0, '_a4_': 1.0, '_a5_': 1.0, '_a7_': 1.0}};{'d0': 0.02490583291941667};-280.569866449043;35.75330439551138
7981;-104.531628829010;(((((pow2((_a6_ + x)) + _a0_) * _a3_) * x) / _a0_) * _a3_);{'d0': {'_a0_': 0.4283916274860485, '_a3_': 1.2027369159100303, '_a6_': 0.3119297078039986, '_a1_': 1.0, '_a2_': 1.0, '_a4_': 1.0, '_a5_': 1.0, '_a7_': 1.0}};{'d0': 0.02490583291941667};-280.569866449043;35.75330439551138
7982;-104.531628829010;(((((pow2((_a6_ + x)) + _a0_) * _a3_) * x) / _a0_) * _a3_);{'d0': {'_a0_': 0.4283916274860485, '_a3_': 1.2027369159100303, '_a6_': 0.3119297078039986, '_a1_': 1.0, '_a2_': 1.0, '_a4_': 1.0, '_a5_': 1.0, '_a7_': 1.0}};{'d0': 0.02490583291941667};-280.569866449043;35.75330439551138
7983;-104.531628829010;(((((pow2((_a6_ + x)) + _a0_) * _a3_) * x) / _a0_) * _a3_);{'d0': {'_a0_': 0.4283916274860485, '_a3_': 1.2027369159100303, '_a6_': 0.3119297078039986, '_a1_': 1.0, '_a2_': 1.0, '_a4_': 1.0, '_a5_': 1.0, '_a7_': 1.0}};{'d0': 0.02490583291941667};-280.569866449043;35.75330439551138
7984;-104.531628829010;(((((pow2((_a6_ + x)) + _a0_) * _a3_) * x) / _a0_) * _a3_);{'d0': {'_a0_': 0.4283916274860485, '_a3_': 1.2027369159100303, '_a6_': 0.3119297078039986, '_a1_': 1.0, '_a2_': 1.0, '_a4_': 1.0, '_a5_': 1.0, '_a7_': 1.0}};{'d0': 0.02490583291941667};-280.569866449043;35.75330439551138
7985;-104.531628829010;(((((pow2((_a6_ + x)) + _a0_) * _a3_) * x) / _a0_) * _a3_);{'d0': {'_a0_': 0.4283916274860485, '_a3_': 1.2027369159100303, '_a6_': 0.3119297078039986, '_a1_': 1.0, '_a2_': 1.0, '_a4_': 1.0, '_a5_': 1.0, '_a7_': 1.0}};{'d0': 0.02490583291941667};-280.569866449043;35.75330439551138
7986;-104.531628829010;(((((pow2((_a6_ + x)) + _a0_) * _a3_) * x) / _a0_) * _a3_);{'d0': {'_a0_': 0.4283916274860485, '_a3_': 1.2027369159100303, '_a6_': 0.3119297078039986, '_a1_': 1.0, '_a2_': 1.0, '_a4_': 1.0, '_a5_': 1.0, '_a7_': 1.0}};{'d0': 0.02490583291941667};-280.569866449043;35.75330439551138
7987;-104.531628829010;(((((pow2((_a6_ + x)) + _a0_) * _a3_) * x) / _a0_) * _a3_);{'d0': {'_a0_': 0.4283916274860485, '_a3_': 1.2027369159100303, '_a6_': 0.3119297078039986, '_a1_': 1.0, '_a2_': 1.0, '_a4_': 1.0, '_a5_': 1.0, '_a7_': 1.0}};{'d0': 0.02490583291941667};-280.569866449043;35.75330439551138
7988;-104.531628829010;(((((pow2((_a6_ + x)) + _a0_) * _a3_) * x) / _a0_) * _a3_);{'d0': {'_a0_': 0.4283916274860485, '_a3_': 1.2027369159100303, '_a6_': 0.3119297078039986, '_a1_': 1.0, '_a2_': 1.0, '_a4_': 1.0, '_a5_': 1.0, '_a7_': 1.0}};{'d0': 0.02490583291941667};-280.569866449043;35.75330439551138
7989;-104.531628829010;(((((pow2((_a6_ + x)) + _a0_) * _a3_) * x) / _a0_) * _a3_);{'d0': {'_a0_': 0.4283916274860485, '_a3_': 1.2027369159100303, '_a6_': 0.3119297078039986, '_a1_': 1.0, '_a2_': 1.0, '_a4_': 1.0, '_a5_': 1.0, '_a7_': 1.0}};{'d0': 0.02490583291941667};-280.569866449043;35.75330439551138
7990;-93.7437742755633;(((pow2((sin((_a2_ * (_a6_ * _a7_))) + x)) * x) + (x * _a7_)) * _a2_);{'d0': {'_a2_': 3.3767608779232523, '_a6_': -8.467682620800787, '_a7_': 0.4283916278256418, '_a0_': 1.0, '_a1_': 1.0, '_a3_': 1.0, '_a4_': 1.0, '_a5_': 1.0}};{'d0': 0.024905832919416615};-280.569866449044;46.5411589489585
7991;-93.7437742755633;(((pow2((sin((_a2_ * (_a6_ * _a7_))) + x)) * x) + (x * _a7_)) * _a2_);{'d0': {'_a2_': 3.3767608779232523, '_a6_': -8.467682620800787, '_a7_': 0.4283916278256418, '_a0_': 1.0, '_a1_': 1.0, '_a3_': 1.0, '_a4_': 1.0, '_a5_': 1.0}};{'d0': 0.024905832919416615};-280.569866449044;46.5411589489585
7992;-93.7437742755633;(((pow2((sin((_a2_ * (_a6_ * _a7_))) + x)) * x) + (x * _a7_)) * _a2_);{'d0': {'_a2_': 3.3767608779232523, '_a6_': -8.467682620800787, '_a7_': 0.4283916278256418, '_a0_': 1.0, '_a1_': 1.0, '_a3_': 1.0, '_a4_': 1.0, '_a5_': 1.0}};{'d0': 0.024905832919416615};-280.569866449044;46.5411589489585
7993;-93.7437742755633;(((pow2((sin((_a2_ * (_a6_ * _a7_))) + x)) * x) + (x * _a7_)) * _a2_);{'d0': {'_a2_': 3.3767608779232523, '_a6_': -8.467682620800787, '_a7_': 0.4283916278256418, '_a0_': 1.0, '_a1_': 1.0, '_a3_': 1.0, '_a4_': 1.0, '_a5_': 1.0}};{'d0': 0.024905832919416615};-280.569866449044;46.5411589489585
7994;-93.7437742755633;(((pow2((sin((_a2_ * (_a6_ * _a7_))) + x)) * x) + (x * _a7_)) * _a2_);{'d0': {'_a2_': 3.3767608779232523, '_a6_': -8.467682620800787, '_a7_': 0.4283916278256418, '_a0_': 1.0, '_a1_': 1.0, '_a3_': 1.0, '_a4_': 1.0, '_a5_': 1.0}};{'d0': 0.024905832919416615};-280.569866449044;46.5411589489585
7995;-93.7437742755633;(((pow2((sin((_a2_ * (_a6_ * _a7_))) + x)) * x) + (x * _a7_)) * _a2_);{'d0': {'_a2_': 3.3767608779232523, '_a6_': -8.467682620800787, '_a7_': 0.4283916278256418, '_a0_': 1.0, '_a1_': 1.0, '_a3_': 1.0, '_a4_': 1.0, '_a5_': 1.0}};{'d0': 0.024905832919416615};-280.569866449044;46.5411589489585
7996;-93.7437742755633;(((pow2((sin((_a2_ * (_a6_ * _a7_))) + x)) * x) + (x * _a7_)) * _a2_);{'d0': {'_a2_': 3.3767608779232523, '_a6_': -8.467682620800787, '_a7_': 0.4283916278256418, '_a0_': 1.0, '_a1_': 1.0, '_a3_': 1.0, '_a4_': 1.0, '_a5_': 1.0}};{'d0': 0.024905832919416615};-280.569866449044;46.5411589489585
7997;-93.7437742755633;(((pow2((sin((_a2_ * (_a6_ * _a7_))) + x)) * x) + (x * _a7_)) * _a2_);{'d0': {'_a2_': 3.3767608779232523, '_a6_': -8.467682620800787, '_a7_': 0.4283916278256418, '_a0_': 1.0, '_a1_': 1.0, '_a3_': 1.0, '_a4_': 1.0, '_a5_': 1.0}};{'d0': 0.024905832919416615};-280.569866449044;46.5411589489585
7998;-104.531628829010;(((((pow2((_a6_ + x)) + _a0_) * _a3_) * x) / _a0_) * _a3_);{'d0': {'_a0_': 0.4283916274860485, '_a3_': 1.2027369159100303, '_a6_': 0.3119297078039986, '_a1_': 1.0, '_a2_': 1.0, '_a4_': 1.0, '_a5_': 1.0, '_a7_': 1.0}};{'d0': 0.02490583291941667};-280.569866449043;35.75330439551138
7999;-104.531628829010;(((((pow2((_a6_ + x)) + _a0_) * _a3_) * x) / _a0_) * _a3_);{'d0': {'_a0_': 0.4283916274860485, '_a3_': 1.2027369159100303, '_a6_': 0.3119297078039986, '_a1_': 1.0, '_a2_': 1.0, '_a4_': 1.0, '_a5_': 1.0, '_a7_': 1.0}};{'d0': 0.02490583291941667};-280.569866449043;35.75330439551138
8000;-104.531628829010;(((((pow2((_a6_ + x)) + _a0_) * _a3_) * x) / _a0_) * _a3_);{'d0': {'_a0_': 0.4283916274860485, '_a3_': 1.2027369159100303, '_a6_': 0.3119297078039986, '_a1_': 1.0, '_a2_': 1.0, '_a4_': 1.0, '_a5_': 1.0, '_a7_': 1.0}};{'d0': 0.02490583291941667};-280.569866449043;35.75330439551138
8001;-104.531628829010;(((((pow2((_a6_ + x)) + _a0_) * _a3_) * x) / _a0_) * _a3_);{'d0': {'_a0_': 0.4283916274860485, '_a3_': 1.2027369159100303, '_a6_': 0.3119297078039986, '_a1_': 1.0, '_a2_': 1.0, '_a4_': 1.0, '_a5_': 1.0, '_a7_': 1.0}};{'d0': 0.02490583291941667};-280.569866449043;35.75330439551138
8002;-104.531628829010;(((((pow2((_a6_ + x)) + _a0_) * _a3_) * x) / _a0_) * _a3_);{'d0': {'_a0_': 0.4283916274860485, '_a3_': 1.2027369159100303, '_a6_': 0.3119297078039986, '_a1_': 1.0, '_a2_': 1.0, '_a4_': 1.0, '_a5_': 1.0, '_a7_': 1.0}};{'d0': 0.02490583291941667};-280.569866449043;35.75330439551138
8003;-104.531628829010;(((((pow2((_a6_ + x)) + _a0_) * _a3_) * x) / _a0_) * _a3_);{'d0': {'_a0_': 0.4283916274860485, '_a3_': 1.2027369159100303, '_a6_': 0.3119297078039986, '_a1_': 1.0, '_a2_': 1.0, '_a4_': 1.0, '_a5_': 1.0, '_a7_': 1.0}};{'d0': 0.02490583291941667};-280.569866449043;35.75330439551138
8004;-104.531628829010;(((((pow2((_a6_ + x)) + _a0_) * _a3_) * x) / _a0_) * _a3_);{'d0': {'_a0_': 0.4283916274860485, '_a3_': 1.2027369159100303, '_a6_': 0.3119297078039986, '_a1_': 1.0, '_a2_': 1.0, '_a4_': 1.0, '_a5_': 1.0, '_a7_': 1.0}};{'d0': 0.02490583291941667};-280.569866449043;35.75330439551138
8005;-104.531628829010;(((((pow2((_a6_ + x)) + _a0_) * _a3_) * x) / _a0_) * _a3_);{'d0': {'_a0_': 0.4283916274860485, '_a3_': 1.2027369159100303, '_a6_': 0.3119297078039986, '_a1_': 1.0, '_a2_': 1.0, '_a4_': 1.0, '_a5_': 1.0, '_a7_': 1.0}};{'d0': 0.02490583291941667};-280.569866449043;35.75330439551138
8006;-104.531628829010;(((((pow2((_a6_ + x)) + _a0_) * _a3_) * x) / _a0_) * _a3_);{'d0': {'_a0_': 0.4283916274860485, '_a3_': 1.2027369159100303, '_a6_': 0.3119297078039986, '_a1_': 1.0, '_a2_': 1.0, '_a4_': 1.0, '_a5_': 1.0, '_a7_': 1.0}};{'d0': 0.02490583291941667};-280.569866449043;35.75330439551138
8007;-104.531628829010;(((((pow2((_a6_ + x)) + _a0_) * _a3_) * x) / _a0_) * _a3_);{'d0': {'_a0_': 0.4283916274860485, '_a3_': 1.2027369159100303, '_a6_': 0.3119297078039986, '_a1_': 1.0, '_a2_': 1.0, '_a4_': 1.0, '_a5_': 1.0, '_a7_': 1.0}};{'d0': 0.02490583291941667};-280.569866449043;35.75330439551138
8008;-104.531628829010;(((((pow2((_a6_ + x)) + _a0_) * _a3_) * x) / _a0_) * _a3_);{'d0': {'_a0_': 0.4283916274860485, '_a3_': 1.2027369159100303, '_a6_': 0.3119297078039986, '_a1_': 1.0, '_a2_': 1.0, '_a4_': 1.0, '_a5_': 1.0, '_a7_': 1.0}};{'d0': 0.02490583291941667};-280.569866449043;35.75330439551138
8009;-104.531628829010;(((((pow2((_a6_ + x)) + _a0_) * _a3_) * x) / _a0_) * _a3_);{'d0': {'_a0_': 0.4283916274860485, '_a3_': 1.2027369159100303, '_a6_': 0.3119297078039986, '_a1_': 1.0, '_a2_': 1.0, '_a4_': 1.0, '_a5_': 1.0, '_a7_': 1.0}};{'d0': 0.02490583291941667};-280.569866449043;35.75330439551138
8010;-104.531628829010;(((((pow2((_a6_ + x)) + _a0_) * _a3_) * x) / _a0_) * _a3_);{'d0': {'_a0_': 0.4283916274860485, '_a3_': 1.2027369159100303, '_a6_': 0.3119297078039986, '_a1_': 1.0, '_a2_': 1.0, '_a4_': 1.0, '_a5_': 1.0, '_a7_': 1.0}};{'d0': 0.02490583291941667};-280.569866449043;35.75330439551138
8011;-104.531628829010;(((((pow2((_a6_ + x)) + _a0_) * _a3_) * x) / _a0_) * _a3_);{'d0': {'_a0_': 0.4283916274860485, '_a3_': 1.2027369159100303, '_a6_': 0.3119297078039986, '_a1_': 1.0, '_a2_': 1.0, '_a4_': 1.0, '_a5_': 1.0, '_a7_': 1.0}};{'d0': 0.02490583291941667};-280.569866449043;35.75330439551138
8012;-104.531628829010;(((((pow2((_a6_ + x)) + _a0_) * _a3_) * x) / _a0_) * _a3_);{'d0': {'_a0_': 0.4283916274860485, '_a3_': 1.2027369159100303, '_a6_': 0.3119297078039986, '_a1_': 1.0, '_a2_': 1.0, '_a4_': 1.0, '_a5_': 1.0, '_a7_': 1.0}};{'d0': 0.02490583291941667};-280.569866449043;35.75330439551138
8013;-104.531628829010;(((((pow2((_a6_ + x)) + _a0_) * _a3_) * x) / _a0_) * _a3_);{'d0': {'_a0_': 0.4283916274860485, '_a3_': 1.2027369159100303, '_a6_': 0.3119297078039986, '_a1_': 1.0, '_a2_': 1.0, '_a4_': 1.0, '_a5_': 1.0, '_a7_': 1.0}};{'d0': 0.02490583291941667};-280.569866449043;35.75330439551138
8014;-104.531628829010;(((((pow2((_a6_ + x)) + _a0_) * _a3_) * x) / _a0_) * _a3_);{'d0': {'_a0_': 0.4283916274860485, '_a3_': 1.2027369159100303, '_a6_': 0.3119297078039986, '_a1_': 1.0, '_a2_': 1.0, '_a4_': 1.0, '_a5_': 1.0, '_a7_': 1.0}};{'d0': 0.02490583291941667};-280.569866449043;35.75330439551138
8015;-104.531628829010;(((((pow2((_a6_ + x)) + _a0_) * _a3_) * x) / _a0_) * _a3_);{'d0': {'_a0_': 0.4283916274860485, '_a3_': 1.2027369159100303, '_a6_': 0.3119297078039986, '_a1_': 1.0, '_a2_': 1.0, '_a4_': 1.0, '_a5_': 1.0, '_a7_': 1.0}};{'d0': 0.02490583291941667};-280.569866449043;35.75330439551138
8016;-104.531628829010;(((((pow2((_a6_ + x)) + _a0_) * _a3_) * x) / _a0_) * _a3_);{'d0': {'_a0_': 0.4283916274860485, '_a3_': 1.2027369159100303, '_a6_': 0.3119297078039986, '_a1_': 1.0, '_a2_': 1.0, '_a4_': 1.0, '_a5_': 1.0, '_a7_': 1.0}};{'d0': 0.02490583291941667};-280.569866449043;35.75330439551138
8017;-104.531628829010;(((((pow2((_a6_ + x)) + _a0_) * _a3_) * x) / _a0_) * _a3_);{'d0': {'_a0_': 0.4283916274860485, '_a3_': 1.2027369159100303, '_a6_': 0.3119297078039986, '_a1_': 1.0, '_a2_': 1.0, '_a4_': 1.0, '_a5_': 1.0, '_a7_': 1.0}};{'d0': 0.02490583291941667};-280.569866449043;35.75330439551138
8018;-104.531628829010;(((((pow2((_a6_ + x)) + _a0_) * _a3_) * x) / _a0_) * _a3_);{'d0': {'_a0_': 0.4283916274860485, '_a3_': 1.2027369159100303, '_a6_': 0.3119297078039986, '_a1_': 1.0, '_a2_': 1.0, '_a4_': 1.0, '_a5_': 1.0, '_a7_': 1.0}};{'d0': 0.02490583291941667};-280.569866449043;35.75330439551138
8019;-104.531628829010;(((((pow2((_a6_ + x)) + _a0_) * _a3_) * x) / _a0_) * _a3_);{'d0': {'_a0_': 0.4283916274860485, '_a3_': 1.2027369159100303, '_a6_': 0.3119297078039986, '_a1_': 1.0, '_a2_': 1.0, '_a4_': 1.0, '_a5_': 1.0, '_a7_': 1.0}};{'d0': 0.02490583291941667};-280.569866449043;35.75330439551138
8020;-104.531628829010;(((((pow2((_a6_ + x)) + _a0_) * _a3_) * x) / _a0_) * _a3_);{'d0': {'_a0_': 0.4283916274860485, '_a3_': 1.2027369159100303, '_a6_': 0.3119297078039986, '_a1_': 1.0, '_a2_': 1.0, '_a4_': 1.0, '_a5_': 1.0, '_a7_': 1.0}};{'d0': 0.02490583291941667};-280.569866449043;35.75330439551138
8021;-104.531628829010;(((((pow2((_a6_ + x)) + _a0_) * _a3_) * x) / _a0_) * _a3_);{'d0': {'_a0_': 0.4283916274860485, '_a3_': 1.2027369159100303, '_a6_': 0.3119297078039986, '_a1_': 1.0, '_a2_': 1.0, '_a4_': 1.0, '_a5_': 1.0, '_a7_': 1.0}};{'d0': 0.02490583291941667};-280.569866449043;35.75330439551138
8022;-104.531628829010;(((((pow2((_a6_ + x)) + _a0_) * _a3_) * x) / _a0_) * _a3_);{'d0': {'_a0_': 0.4283916274860485, '_a3_': 1.2027369159100303, '_a6_': 0.3119297078039986, '_a1_': 1.0, '_a2_': 1.0, '_a4_': 1.0, '_a5_': 1.0, '_a7_': 1.0}};{'d0': 0.02490583291941667};-280.569866449043;35.75330439551138
8023;-104.531628829010;(((((pow2((_a6_ + x)) + _a0_) * _a3_) * x) / _a0_) * _a3_);{'d0': {'_a0_': 0.4283916274860485, '_a3_': 1.2027369159100303, '_a6_': 0.3119297078039986, '_a1_': 1.0, '_a2_': 1.0, '_a4_': 1.0, '_a5_': 1.0, '_a7_': 1.0}};{'d0': 0.02490583291941667};-280.569866449043;35.75330439551138
8024;-104.531628829010;(((((pow2((_a6_ + x)) + _a0_) * _a3_) * x) / _a0_) * _a3_);{'d0': {'_a0_': 0.4283916274860485, '_a3_': 1.2027369159100303, '_a6_': 0.3119297078039986, '_a1_': 1.0, '_a2_': 1.0, '_a4_': 1.0, '_a5_': 1.0, '_a7_': 1.0}};{'d0': 0.02490583291941667};-280.569866449043;35.75330439551138
8025;-104.531628829010;(((((pow2((_a6_ + x)) + _a0_) * _a3_) * x) / _a0_) * _a3_);{'d0': {'_a0_': 0.4283916274860485, '_a3_': 1.2027369159100303, '_a6_': 0.3119297078039986, '_a1_': 1.0, '_a2_': 1.0, '_a4_': 1.0, '_a5_': 1.0, '_a7_': 1.0}};{'d0': 0.02490583291941667};-280.569866449043;35.75330439551138
8026;-104.531628829010;(((((pow2((_a6_ + x)) + _a0_) * _a3_) * x) / _a0_) * _a3_);{'d0': {'_a0_': 0.4283916274860485, '_a3_': 1.2027369159100303, '_a6_': 0.3119297078039986, '_a1_': 1.0, '_a2_': 1.0, '_a4_': 1.0, '_a5_': 1.0, '_a7_': 1.0}};{'d0': 0.02490583291941667};-280.569866449043;35.75330439551138
8027;-104.531628829010;(((((pow2((_a6_ + x)) + _a0_) * _a3_) * x) / _a0_) * _a3_);{'d0': {'_a0_': 0.4283916274860485, '_a3_': 1.2027369159100303, '_a6_': 0.3119297078039986, '_a1_': 1.0, '_a2_': 1.0, '_a4_': 1.0, '_a5_': 1.0, '_a7_': 1.0}};{'d0': 0.02490583291941667};-280.569866449043;35.75330439551138
8028;-104.531628829010;(((((pow2((_a6_ + x)) + _a0_) * _a3_) * x) / _a0_) * _a3_);{'d0': {'_a0_': 0.4283916274860485, '_a3_': 1.2027369159100303, '_a6_': 0.3119297078039986, '_a1_': 1.0, '_a2_': 1.0, '_a4_': 1.0, '_a5_': 1.0, '_a7_': 1.0}};{'d0': 0.02490583291941667};-280.569866449043;35.75330439551138
8029;-104.531628829010;(((((pow2((_a6_ + x)) + _a0_) * _a3_) * x) / _a0_) * _a3_);{'d0': {'_a0_': 0.4283916274860485, '_a3_': 1.2027369159100303, '_a6_': 0.3119297078039986, '_a1_': 1.0, '_a2_': 1.0, '_a4_': 1.0, '_a5_': 1.0, '_a7_': 1.0}};{'d0': 0.02490583291941667};-280.569866449043;35.75330439551138
8030;-104.531628829010;(((((pow2((_a6_ + x)) + _a0_) * _a3_) * x) / _a0_) * _a3_);{'d0': {'_a0_': 0.4283916274860485, '_a3_': 1.2027369159100303, '_a6_': 0.3119297078039986, '_a1_': 1.0, '_a2_': 1.0, '_a4_': 1.0, '_a5_': 1.0, '_a7_': 1.0}};{'d0': 0.02490583291941667};-280.569866449043;35.75330439551138
8031;-104.531628829010;(((((pow2((_a6_ + x)) + _a0_) * _a3_) * x) / _a0_) * _a3_);{'d0': {'_a0_': 0.4283916274860485, '_a3_': 1.2027369159100303, '_a6_': 0.3119297078039986, '_a1_': 1.0, '_a2_': 1.0, '_a4_': 1.0, '_a5_': 1.0, '_a7_': 1.0}};{'d0': 0.02490583291941667};-280.569866449043;35.75330439551138
8032;-104.531628829010;(((((pow2((_a6_ + x)) + _a0_) * _a3_) * x) / _a0_) * _a3_);{'d0': {'_a0_': 0.4283916274860485, '_a3_': 1.2027369159100303, '_a6_': 0.3119297078039986, '_a1_': 1.0, '_a2_': 1.0, '_a4_': 1.0, '_a5_': 1.0, '_a7_': 1.0}};{'d0': 0.02490583291941667};-280.569866449043;35.75330439551138
8033;-104.531628829010;(((((pow2((_a6_ + x)) + _a0_) * _a3_) * x) / _a0_) * _a3_);{'d0': {'_a0_': 0.4283916274860485, '_a3_': 1.2027369159100303, '_a6_': 0.3119297078039986, '_a1_': 1.0, '_a2_': 1.0, '_a4_': 1.0, '_a5_': 1.0, '_a7_': 1.0}};{'d0': 0.02490583291941667};-280.569866449043;35.75330439551138
8034;-104.531628829010;(((((pow2((_a6_ + x)) + _a0_) * _a3_) * x) / _a0_) * _a3_);{'d0': {'_a0_': 0.4283916274860485, '_a3_': 1.2027369159100303, '_a6_': 0.3119297078039986, '_a1_': 1.0, '_a2_': 1.0, '_a4_': 1.0, '_a5_': 1.0, '_a7_': 1.0}};{'d0': 0.02490583291941667};-280.569866449043;35.75330439551138
8035;-104.531628829010;(((((pow2((_a6_ + x)) + _a0_) * _a3_) * x) / _a0_) * _a3_);{'d0': {'_a0_': 0.4283916274860485, '_a3_': 1.2027369159100303, '_a6_': 0.3119297078039986, '_a1_': 1.0, '_a2_': 1.0, '_a4_': 1.0, '_a5_': 1.0, '_a7_': 1.0}};{'d0': 0.02490583291941667};-280.569866449043;35.75330439551138
8036;-104.531628829010;(((((pow2((_a6_ + x)) + _a0_) * _a3_) * x) / _a0_) * _a3_);{'d0': {'_a0_': 0.4283916274860485, '_a3_': 1.2027369159100303, '_a6_': 0.3119297078039986, '_a1_': 1.0, '_a2_': 1.0, '_a4_': 1.0, '_a5_': 1.0, '_a7_': 1.0}};{'d0': 0.02490583291941667};-280.569866449043;35.75330439551138
8037;-104.531628829010;(((((pow2((_a6_ + x)) + _a0_) * _a3_) * x) / _a0_) * _a3_);{'d0': {'_a0_': 0.4283916274860485, '_a3_': 1.2027369159100303, '_a6_': 0.3119297078039986, '_a1_': 1.0, '_a2_': 1.0, '_a4_': 1.0, '_a5_': 1.0, '_a7_': 1.0}};{'d0': 0.02490583291941667};-280.569866449043;35.75330439551138
8038;-104.531628829010;(((((pow2((_a6_ + x)) + _a0_) * _a3_) * x) / _a0_) * _a3_);{'d0': {'_a0_': 0.4283916274860485, '_a3_': 1.2027369159100303, '_a6_': 0.3119297078039986, '_a1_': 1.0, '_a2_': 1.0, '_a4_': 1.0, '_a5_': 1.0, '_a7_': 1.0}};{'d0': 0.02490583291941667};-280.569866449043;35.75330439551138
8039;-104.531628829010;(((((pow2((_a6_ + x)) + _a0_) * _a3_) * x) / _a0_) * _a3_);{'d0': {'_a0_': 0.4283916274860485, '_a3_': 1.2027369159100303, '_a6_': 0.3119297078039986, '_a1_': 1.0, '_a2_': 1.0, '_a4_': 1.0, '_a5_': 1.0, '_a7_': 1.0}};{'d0': 0.02490583291941667};-280.569866449043;35.75330439551138
8040;-104.531628829010;(((((pow2((_a6_ + x)) + _a0_) * _a3_) * x) / _a0_) * _a3_);{'d0': {'_a0_': 0.4283916274860485, '_a3_': 1.2027369159100303, '_a6_': 0.3119297078039986, '_a1_': 1.0, '_a2_': 1.0, '_a4_': 1.0, '_a5_': 1.0, '_a7_': 1.0}};{'d0': 0.02490583291941667};-280.569866449043;35.75330439551138
8041;-104.531628829010;(((((pow2((_a6_ + x)) + _a0_) * _a3_) * x) / _a0_) * _a3_);{'d0': {'_a0_': 0.4283916274860485, '_a3_': 1.2027369159100303, '_a6_': 0.3119297078039986, '_a1_': 1.0, '_a2_': 1.0, '_a4_': 1.0, '_a5_': 1.0, '_a7_': 1.0}};{'d0': 0.02490583291941667};-280.569866449043;35.75330439551138
8042;-80.4540992010937;((((pow2((sin((_a2_ / (-(_a3_) / _a7_))) + x)) * x) + (x * _a7_)) * _a2_) + _a4_);{'d0': {'_a2_': 3.3825181508535613, '_a3_': -0.5116152068755825, '_a4_': -0.0010241832470577186, '_a7_': 0.42713857970725516, '_a0_': 1.0, '_a1_': 1.0, '_a5_': 1.0, '_a6_': 1.0}};{'d0': 0.024885482501866906};-276.524567593312;57.80818459556248
8043;-80.4540992010937;((((pow2((sin((_a2_ / (-(_a3_) / _a7_))) + x)) * x) + (x * _a7_)) * _a2_) + _a4_);{'d0': {'_a2_': 3.3825181508535613, '_a3_': -0.5116152068755825, '_a4_': -0.0010241832470577186, '_a7_': 0.42713857970725516, '_a0_': 1.0, '_a1_': 1.0, '_a5_': 1.0, '_a6_': 1.0}};{'d0': 0.024885482501866906};-276.524567593312;57.80818459556248
8044;-80.4540992010937;((((pow2((sin((_a2_ / (-(_a3_) / _a7_))) + x)) * x) + (x * _a7_)) * _a2_) + _a4_);{'d0': {'_a2_': 3.3825181508535613, '_a3_': -0.5116152068755825, '_a4_': -0.0010241832470577186, '_a7_': 0.42713857970725516, '_a0_': 1.0, '_a1_': 1.0, '_a5_': 1.0, '_a6_': 1.0}};{'d0': 0.024885482501866906};-276.524567593312;57.80818459556248
8045;-99.5822889035533;(((_a4_ + pow2(x)) + ((_a4_ / _a3_) * x)) * ((x * _a4_) * _a6_));{'d0': {'_a3_': 0.8426446052482012, '_a4_': 0.5256917710361488, '_a6_': 6.42346154468042, '_a0_': 1.0, '_a1_': 1.0, '_a2_': 1.0, '_a5_': 1.0, '_a7_': 1.0}};{'d0': 0.024905832919416702};-280.569866449043;40.702644320968446
8046;-99.5822889035533;(((_a4_ + pow2(x)) + ((_a4_ / _a3_) * x)) * ((x * _a4_) * _a6_));{'d0': {'_a3_': 0.8426446052482012, '_a4_': 0.5256917710361488, '_a6_': 6.42346154468042, '_a0_': 1.0, '_a1_': 1.0, '_a2_': 1.0, '_a5_': 1.0, '_a7_': 1.0}};{'d0': 0.024905832919416702};-280.569866449043;40.702644320968446
8047;-99.5822889035533;(((_a4_ + pow2(x)) + ((_a4_ / _a3_) * x)) * ((x * _a4_) * _a6_));{'d0': {'_a3_': 0.8426446052482012, '_a4_': 0.5256917710361488, '_a6_': 6.42346154468042, '_a0_': 1.0, '_a1_': 1.0, '_a2_': 1.0, '_a5_': 1.0, '_a7_': 1.0}};{'d0': 0.024905832919416702};-280.569866449043;40.702644320968446
8048;-99.5822889035533;(((_a4_ + pow2(x)) + ((_a4_ / _a3_) * x)) * ((x * _a4_) * _a6_));{'d0': {'_a3_': 0.8426446052482012, '_a4_': 0.5256917710361488, '_a6_': 6.42346154468042, '_a0_': 1.0, '_a1_': 1.0, '_a2_': 1.0, '_a5_': 1.0, '_a7_': 1.0}};{'d0': 0.024905832919416702};-280.569866449043;40.702644320968446
8049;-80.4540992010937;((((pow2((sin((_a2_ / (-(_a3_) / _a7_))) + x)) * x) + (x * _a7_)) * _a2_) + _a4_);{'d0': {'_a2_': 3.3825181508535613, '_a3_': -0.5116152068755825, '_a4_': -0.0010241832470577186, '_a7_': 0.42713857970725516, '_a0_': 1.0, '_a1_': 1.0, '_a5_': 1.0, '_a6_': 1.0}};{'d0': 0.024885482501866906};-276.524567593312;57.80818459556248
8050;-80.4540992010937;((((pow2((sin((_a2_ / (-(_a3_) / _a7_))) + x)) * x) + (x * _a7_)) * _a2_) + _a4_);{'d0': {'_a2_': 3.3825181508535613, '_a3_': -0.5116152068755825, '_a4_': -0.0010241832470577186, '_a7_': 0.42713857970725516, '_a0_': 1.0, '_a1_': 1.0, '_a5_': 1.0, '_a6_': 1.0}};{'d0': 0.024885482501866906};-276.524567593312;57.80818459556248
8051;-79.4569279902870;((((pow2((sin((_a2_ / (-(_a3_) / _a7_))) + x)) * x) + (x / _a7_)) * _a2_) + _a4_);{'d0': {'_a2_': 3.38251840827921, '_a3_': -2.804180331517893, '_a4_': -0.0010242293712653585, '_a7_': 2.3411608760508935, '_a0_': 1.0, '_a1_': 1.0, '_a5_': 1.0, '_a6_': 1.0}};{'d0': 0.024885482501908186};-276.524567593213;58.80535580631948
8052;-79.4569279902870;((((pow2((sin((_a2_ / (-(_a3_) / _a7_))) + x)) * x) + (x / _a7_)) * _a2_) + _a4_);{'d0': {'_a2_': 3.38251840827921, '_a3_': -2.804180331517893, '_a4_': -0.0010242293712653585, '_a7_': 2.3411608760508935, '_a0_': 1.0, '_a1_': 1.0, '_a5_': 1.0, '_a6_': 1.0}};{'d0': 0.024885482501908186};-276.524567593213;58.80535580631948
8053;-79.4569279902870;((((pow2((sin((_a2_ / (-(_a3_) / _a7_))) + x)) * x) + (x / _a7_)) * _a2_) + _a4_);{'d0': {'_a2_': 3.38251840827921, '_a3_': -2.804180331517893, '_a4_': -0.0010242293712653585, '_a7_': 2.3411608760508935, '_a0_': 1.0, '_a1_': 1.0, '_a5_': 1.0, '_a6_': 1.0}};{'d0': 0.024885482501908186};-276.524567593213;58.80535580631948
8054;-79.4569279902870;((((pow2((sin((_a2_ / (-(_a3_) / _a7_))) + x)) * x) + (x / _a7_)) * _a2_) + _a4_);{'d0': {'_a2_': 3.38251840827921, '_a3_': -2.804180331517893, '_a4_': -0.0010242293712653585, '_a7_': 2.3411608760508935, '_a0_': 1.0, '_a1_': 1.0, '_a5_': 1.0, '_a6_': 1.0}};{'d0': 0.024885482501908186};-276.524567593213;58.80535580631948
8055;-79.4569279902870;((((pow2((sin((_a2_ / (-(_a3_) / _a7_))) + x)) * x) + (x / _a7_)) * _a2_) + _a4_);{'d0': {'_a2_': 3.38251840827921, '_a3_': -2.804180331517893, '_a4_': -0.0010242293712653585, '_a7_': 2.3411608760508935, '_a0_': 1.0, '_a1_': 1.0, '_a5_': 1.0, '_a6_': 1.0}};{'d0': 0.024885482501908186};-276.524567593213;58.80535580631948
8056;-79.4569279902870;((((pow2((sin((_a2_ / (-(_a3_) / _a7_))) + x)) * x) + (x / _a7_)) * _a2_) + _a4_);{'d0': {'_a2_': 3.38251840827921, '_a3_': -2.804180331517893, '_a4_': -0.0010242293712653585, '_a7_': 2.3411608760508935, '_a0_': 1.0, '_a1_': 1.0, '_a5_': 1.0, '_a6_': 1.0}};{'d0': 0.024885482501908186};-276.524567593213;58.80535580631948
8057;-79.4569279902870;((((pow2((sin((_a2_ / (-(_a3_) / _a7_))) + x)) * x) + (x / _a7_)) * _a2_) + _a4_);{'d0': {'_a2_': 3.38251840827921, '_a3_': -2.804180331517893, '_a4_': -0.0010242293712653585, '_a7_': 2.3411608760508935, '_a0_': 1.0, '_a1_': 1.0, '_a5_': 1.0, '_a6_': 1.0}};{'d0': 0.024885482501908186};-276.524567593213;58.80535580631948
8058;-104.531628829010;(((((pow2((_a6_ + x)) + _a0_) * _a3_) * x) / _a0_) * _a3_);{'d0': {'_a0_': 0.4283916274860485, '_a3_': 1.2027369159100303, '_a6_': 0.3119297078039986, '_a1_': 1.0, '_a2_': 1.0, '_a4_': 1.0, '_a5_': 1.0, '_a7_': 1.0}};{'d0': 0.02490583291941667};-280.569866449043;35.75330439551138
8059;-104.531628829010;(((((pow2((_a6_ + x)) + _a0_) * _a3_) * x) / _a0_) * _a3_);{'d0': {'_a0_': 0.4283916274860485, '_a3_': 1.2027369159100303, '_a6_': 0.3119297078039986, '_a1_': 1.0, '_a2_': 1.0, '_a4_': 1.0, '_a5_': 1.0, '_a7_': 1.0}};{'d0': 0.02490583291941667};-280.569866449043;35.75330439551138
8060;-104.531628829010;(((((pow2((_a6_ + x)) + _a0_) * _a3_) * x) / _a0_) * _a3_);{'d0': {'_a0_': 0.4283916274860485, '_a3_': 1.2027369159100303, '_a6_': 0.3119297078039986, '_a1_': 1.0, '_a2_': 1.0, '_a4_': 1.0, '_a5_': 1.0, '_a7_': 1.0}};{'d0': 0.02490583291941667};-280.569866449043;35.75330439551138
8061;-104.531628829010;(((((pow2((_a6_ + x)) + _a0_) * _a3_) * x) / _a0_) * _a3_);{'d0': {'_a0_': 0.4283916274860485, '_a3_': 1.2027369159100303, '_a6_': 0.3119297078039986, '_a1_': 1.0, '_a2_': 1.0, '_a4_': 1.0, '_a5_': 1.0, '_a7_': 1.0}};{'d0': 0.02490583291941667};-280.569866449043;35.75330439551138
8062;-104.531628829010;(((((pow2((_a6_ + x)) + _a0_) * _a3_) * x) / _a0_) * _a3_);{'d0': {'_a0_': 0.4283916274860485, '_a3_': 1.2027369159100303, '_a6_': 0.3119297078039986, '_a1_': 1.0, '_a2_': 1.0, '_a4_': 1.0, '_a5_': 1.0, '_a7_': 1.0}};{'d0': 0.02490583291941667};-280.569866449043;35.75330439551138
8063;-104.531628829010;(((((pow2((_a6_ + x)) + _a3_) * _a3_) * x) / _a0_) * _a3_);{'d0': {'_a0_': 0.054347758855451546, '_a3_': 0.42839162705226835, '_a6_': 0.31192970785968127, '_a1_': 1.0, '_a2_': 1.0, '_a4_': 1.0, '_a5_': 1.0, '_a7_': 1.0}};{'d0': 0.0249058329194166};-280.569866449044;35.75330439551138
8064;-104.531628829010;(((((pow2((_a6_ + x)) + _a3_) * _a3_) * x) / _a0_) * _a3_);{'d0': {'_a0_': 0.054347758855451546, '_a3_': 0.42839162705226835, '_a6_': 0.31192970785968127, '_a1_': 1.0, '_a2_': 1.0, '_a4_': 1.0, '_a5_': 1.0, '_a7_': 1.0}};{'d0': 0.0249058329194166};-280.569866449044;35.75330439551138
8065;-104.531628829010;(((((pow2((_a6_ + x)) + _a3_) * _a3_) * x) / _a0_) * _a3_);{'d0': {'_a0_': 0.054347758855451546, '_a3_': 0.42839162705226835, '_a6_': 0.31192970785968127, '_a1_': 1.0, '_a2_': 1.0, '_a4_': 1.0, '_a5_': 1.0, '_a7_': 1.0}};{'d0': 0.0249058329194166};-280.569866449044;35.75330439551138
8066;-104.531628829010;(((((pow2((_a6_ + x)) + _a3_) * _a3_) * x) / _a0_) * _a3_);{'d0': {'_a0_': 0.054347758855451546, '_a3_': 0.42839162705226835, '_a6_': 0.31192970785968127, '_a1_': 1.0, '_a2_': 1.0, '_a4_': 1.0, '_a5_': 1.0, '_a7_': 1.0}};{'d0': 0.0249058329194166};-280.569866449044;35.75330439551138
8067;-104.531628829010;(((((pow2((_a6_ + x)) + _a3_) * _a3_) * x) / _a0_) * _a3_);{'d0': {'_a0_': 0.054347758855451546, '_a3_': 0.42839162705226835, '_a6_': 0.31192970785968127, '_a1_': 1.0, '_a2_': 1.0, '_a4_': 1.0, '_a5_': 1.0, '_a7_': 1.0}};{'d0': 0.0249058329194166};-280.569866449044;35.75330439551138
8068;-104.531628829010;(((((pow2((_a6_ + x)) + _a3_) * _a3_) * x) / _a0_) * _a3_);{'d0': {'_a0_': 0.054347758855451546, '_a3_': 0.42839162705226835, '_a6_': 0.31192970785968127, '_a1_': 1.0, '_a2_': 1.0, '_a4_': 1.0, '_a5_': 1.0, '_a7_': 1.0}};{'d0': 0.0249058329194166};-280.569866449044;35.75330439551138
8069;-100.360883458177;(((_a4_ + pow2(x)) + ((_a4_ * _a3_) * x)) * ((x * _a4_) * _a6_));{'d0': {'_a3_': 1.1867399327225159, '_a4_': 0.5256917697082231, '_a6_': 6.4234615712556185, '_a0_': 1.0, '_a1_': 1.0, '_a2_': 1.0, '_a5_': 1.0, '_a7_': 1.0}};{'d0': 0.024905832919416584};-280.569866449044;39.92404976634505
8070;-100.360883458177;(((_a4_ + pow2(x)) + ((_a4_ * _a3_) * x)) * ((x * _a4_) * _a6_));{'d0': {'_a3_': 1.1867399327225159, '_a4_': 0.5256917697082231, '_a6_': 6.4234615712556185, '_a0_': 1.0, '_a1_': 1.0, '_a2_': 1.0, '_a5_': 1.0, '_a7_': 1.0}};{'d0': 0.024905832919416584};-280.569866449044;39.92404976634505
8071;-100.360883458177;(((_a4_ + pow2(x)) + ((_a4_ * _a3_) * x)) * ((x * _a4_) * _a6_));{'d0': {'_a3_': 1.1867399327225159, '_a4_': 0.5256917697082231, '_a6_': 6.4234615712556185, '_a0_': 1.0, '_a1_': 1.0, '_a2_': 1.0, '_a5_': 1.0, '_a7_': 1.0}};{'d0': 0.024905832919416584};-280.569866449044;39.92404976634505
8072;-100.360883458177;(((_a4_ + pow2(x)) + ((_a4_ * _a3_) * x)) * ((x * _a4_) * _a6_));{'d0': {'_a3_': 1.1867399327225159, '_a4_': 0.5256917697082231, '_a6_': 6.4234615712556185, '_a0_': 1.0, '_a1_': 1.0, '_a2_': 1.0, '_a5_': 1.0, '_a7_': 1.0}};{'d0': 0.024905832919416584};-280.569866449044;39.92404976634505
8073;-100.360883458177;(((_a4_ + pow2(x)) + ((_a4_ * _a3_) * x)) * ((x * _a4_) * _a6_));{'d0': {'_a3_': 1.1867399327225159, '_a4_': 0.5256917697082231, '_a6_': 6.4234615712556185, '_a0_': 1.0, '_a1_': 1.0, '_a2_': 1.0, '_a5_': 1.0, '_a7_': 1.0}};{'d0': 0.024905832919416584};-280.569866449044;39.92404976634505
8074;-100.360883458177;(((_a4_ + pow2(x)) + ((_a4_ * _a3_) * x)) * ((x * _a4_) * _a6_));{'d0': {'_a3_': 1.1867399327225159, '_a4_': 0.5256917697082231, '_a6_': 6.4234615712556185, '_a0_': 1.0, '_a1_': 1.0, '_a2_': 1.0, '_a5_': 1.0, '_a7_': 1.0}};{'d0': 0.024905832919416584};-280.569866449044;39.92404976634505
8075;-100.360883458177;(((_a4_ + pow2(x)) + ((_a4_ * _a3_) * x)) * ((x * _a4_) * _a6_));{'d0': {'_a3_': 1.1867399327225159, '_a4_': 0.5256917697082231, '_a6_': 6.4234615712556185, '_a0_': 1.0, '_a1_': 1.0, '_a2_': 1.0, '_a5_': 1.0, '_a7_': 1.0}};{'d0': 0.024905832919416584};-280.569866449044;39.92404976634505
8076;-100.360883458177;(((_a4_ + pow2(x)) + ((_a4_ * _a3_) * x)) * ((x * _a4_) * _a6_));{'d0': {'_a3_': 1.1867399327225159, '_a4_': 0.5256917697082231, '_a6_': 6.4234615712556185, '_a0_': 1.0, '_a1_': 1.0, '_a2_': 1.0, '_a5_': 1.0, '_a7_': 1.0}};{'d0': 0.024905832919416584};-280.569866449044;39.92404976634505
8077;-100.360883458177;(((_a4_ + pow2(x)) + ((_a4_ * _a3_) * x)) * ((x * _a4_) * _a6_));{'d0': {'_a3_': 1.1867399327225159, '_a4_': 0.5256917697082231, '_a6_': 6.4234615712556185, '_a0_': 1.0, '_a1_': 1.0, '_a2_': 1.0, '_a5_': 1.0, '_a7_': 1.0}};{'d0': 0.024905832919416584};-280.569866449044;39.92404976634505
8078;-100.360883458177;(((_a4_ + pow2(x)) + ((_a4_ * _a3_) * x)) * ((x * _a4_) * _a6_));{'d0': {'_a3_': 1.1867399327225159, '_a4_': 0.5256917697082231, '_a6_': 6.4234615712556185, '_a0_': 1.0, '_a1_': 1.0, '_a2_': 1.0, '_a5_': 1.0, '_a7_': 1.0}};{'d0': 0.024905832919416584};-280.569866449044;39.92404976634505
8079;-100.360883458177;(((_a4_ + pow2(x)) + ((_a4_ * _a3_) * x)) * ((x * _a4_) * _a6_));{'d0': {'_a3_': 1.1867399327225159, '_a4_': 0.5256917697082231, '_a6_': 6.4234615712556185, '_a0_': 1.0, '_a1_': 1.0, '_a2_': 1.0, '_a5_': 1.0, '_a7_': 1.0}};{'d0': 0.024905832919416584};-280.569866449044;39.92404976634505
8080;-105.382580669956;(((_a4_ + pow2(x)) + (_a3_ * x)) * ((x * _a4_) * _a6_));{'d0': {'_a3_': 0.6238594155058766, '_a4_': 0.5256917701576234, '_a6_': 6.423461562255808, '_a0_': 1.0, '_a1_': 1.0, '_a2_': 1.0, '_a5_': 1.0, '_a7_': 1.0}};{'d0': 0.02490583291941662};-280.569866449044;34.90235255456605
8081;-105.382580669956;(((_a4_ + pow2(x)) + (_a3_ * x)) * ((x * _a4_) * _a6_));{'d0': {'_a3_': 0.6238594155058766, '_a4_': 0.5256917701576234, '_a6_': 6.423461562255808, '_a0_': 1.0, '_a1_': 1.0, '_a2_': 1.0, '_a5_': 1.0, '_a7_': 1.0}};{'d0': 0.02490583291941662};-280.569866449044;34.90235255456605
8082;-105.382580669956;(((_a4_ + pow2(x)) + (_a3_ * x)) * ((x * _a4_) * _a6_));{'d0': {'_a3_': 0.6238594155058766, '_a4_': 0.5256917701576234, '_a6_': 6.423461562255808, '_a0_': 1.0, '_a1_': 1.0, '_a2_': 1.0, '_a5_': 1.0, '_a7_': 1.0}};{'d0': 0.02490583291941662};-280.569866449044;34.90235255456605
8083;-105.382580669956;(((_a4_ + pow2(x)) + (_a3_ * x)) * ((x * _a4_) * _a6_));{'d0': {'_a3_': 0.6238594155058766, '_a4_': 0.5256917701576234, '_a6_': 6.423461562255808, '_a0_': 1.0, '_a1_': 1.0, '_a2_': 1.0, '_a5_': 1.0, '_a7_': 1.0}};{'d0': 0.02490583291941662};-280.569866449044;34.90235255456605
8084;-105.382580669956;(((_a4_ + pow2(x)) + (_a3_ * x)) * ((x * _a4_) * _a6_));{'d0': {'_a3_': 0.6238594155058766, '_a4_': 0.5256917701576234, '_a6_': 6.423461562255808, '_a0_': 1.0, '_a1_': 1.0, '_a2_': 1.0, '_a5_': 1.0, '_a7_': 1.0}};{'d0': 0.02490583291941662};-280.569866449044;34.90235255456605
8085;-105.382580669956;(((_a4_ + pow2(x)) + (_a3_ * x)) * ((x * _a4_) * _a6_));{'d0': {'_a3_': 0.6238594155058766, '_a4_': 0.5256917701576234, '_a6_': 6.423461562255808, '_a0_': 1.0, '_a1_': 1.0, '_a2_': 1.0, '_a5_': 1.0, '_a7_': 1.0}};{'d0': 0.02490583291941662};-280.569866449044;34.90235255456605
8086;-105.382580669956;(((_a4_ + pow2(x)) + (_a3_ * x)) * ((x * _a4_) * _a6_));{'d0': {'_a3_': 0.6238594155058766, '_a4_': 0.5256917701576234, '_a6_': 6.423461562255808, '_a0_': 1.0, '_a1_': 1.0, '_a2_': 1.0, '_a5_': 1.0, '_a7_': 1.0}};{'d0': 0.02490583291941662};-280.569866449044;34.90235255456605
8087;-105.382580669956;(((_a4_ + pow2(x)) + (_a3_ * x)) * ((x * _a4_) * _a6_));{'d0': {'_a3_': 0.6238594155058766, '_a4_': 0.5256917701576234, '_a6_': 6.423461562255808, '_a0_': 1.0, '_a1_': 1.0, '_a2_': 1.0, '_a5_': 1.0, '_a7_': 1.0}};{'d0': 0.02490583291941662};-280.569866449044;34.90235255456605
8088;-105.382580669956;(((_a4_ + pow2(x)) + (_a3_ * x)) * ((x * _a4_) * _a6_));{'d0': {'_a3_': 0.6238594155058766, '_a4_': 0.5256917701576234, '_a6_': 6.423461562255808, '_a0_': 1.0, '_a1_': 1.0, '_a2_': 1.0, '_a5_': 1.0, '_a7_': 1.0}};{'d0': 0.02490583291941662};-280.569866449044;34.90235255456605
8089;-105.382580669956;(((_a4_ + pow2(x)) + (_a3_ * x)) * ((x * _a4_) * _a6_));{'d0': {'_a3_': 0.6238594155058766, '_a4_': 0.5256917701576234, '_a6_': 6.423461562255808, '_a0_': 1.0, '_a1_': 1.0, '_a2_': 1.0, '_a5_': 1.0, '_a7_': 1.0}};{'d0': 0.02490583291941662};-280.569866449044;34.90235255456605
8090;-105.382580669956;(((_a4_ + pow2(x)) + (_a3_ * x)) * ((x * _a4_) * _a6_));{'d0': {'_a3_': 0.6238594155058766, '_a4_': 0.5256917701576234, '_a6_': 6.423461562255808, '_a0_': 1.0, '_a1_': 1.0, '_a2_': 1.0, '_a5_': 1.0, '_a7_': 1.0}};{'d0': 0.02490583291941662};-280.569866449044;34.90235255456605
8091;-105.382580669956;(((_a4_ + pow2(x)) + (_a3_ * x)) * ((x * _a4_) * _a6_));{'d0': {'_a3_': 0.6238594155058766, '_a4_': 0.5256917701576234, '_a6_': 6.423461562255808, '_a0_': 1.0, '_a1_': 1.0, '_a2_': 1.0, '_a5_': 1.0, '_a7_': 1.0}};{'d0': 0.02490583291941662};-280.569866449044;34.90235255456605
8092;-94.8482518086069;((((pow2((sin(_a1_) + x)) * x) + (x / _a7_)) * _a2_) + _a4_);{'d0': {'_a1_': 0.31758745244637865, '_a2_': 3.382517949667452, '_a4_': -0.0010241476756554526, '_a7_': 2.3411603296314616, '_a0_': 1.0, '_a3_': 1.0, '_a5_': 1.0, '_a6_': 1.0}};{'d0': 0.024885482501891303};-276.524567593253;43.4140319880199
8093;-94.8482518086069;((((pow2((sin(_a1_) + x)) * x) + (x / _a7_)) * _a2_) + _a4_);{'d0': {'_a1_': 0.31758745244637865, '_a2_': 3.382517949667452, '_a4_': -0.0010241476756554526, '_a7_': 2.3411603296314616, '_a0_': 1.0, '_a3_': 1.0, '_a5_': 1.0, '_a6_': 1.0}};{'d0': 0.024885482501891303};-276.524567593253;43.4140319880199
8094;-94.8482518086069;((((pow2((sin(_a1_) + x)) * x) + (x / _a7_)) * _a2_) + _a4_);{'d0': {'_a1_': 0.31758745244637865, '_a2_': 3.382517949667452, '_a4_': -0.0010241476756554526, '_a7_': 2.3411603296314616, '_a0_': 1.0, '_a3_': 1.0, '_a5_': 1.0, '_a6_': 1.0}};{'d0': 0.024885482501891303};-276.524567593253;43.4140319880199
8095;-94.8482518086069;((((pow2((sin(_a1_) + x)) * x) + (x / _a7_)) * _a2_) + _a4_);{'d0': {'_a1_': 0.31758745244637865, '_a2_': 3.382517949667452, '_a4_': -0.0010241476756554526, '_a7_': 2.3411603296314616, '_a0_': 1.0, '_a3_': 1.0, '_a5_': 1.0, '_a6_': 1.0}};{'d0': 0.024885482501891303};-276.524567593253;43.4140319880199
8096;-94.8482518086069;((((pow2((sin(_a1_) + x)) * x) + (x / _a7_)) * _a2_) + _a4_);{'d0': {'_a1_': 0.31758745244637865, '_a2_': 3.382517949667452, '_a4_': -0.0010241476756554526, '_a7_': 2.3411603296314616, '_a0_': 1.0, '_a3_': 1.0, '_a5_': 1.0, '_a6_': 1.0}};{'d0': 0.024885482501891303};-276.524567593253;43.4140319880199
8097;-94.8482518086069;((((pow2((sin(_a1_) + x)) * x) + (x / _a7_)) * _a2_) + _a4_);{'d0': {'_a1_': 0.31758745244637865, '_a2_': 3.382517949667452, '_a4_': -0.0010241476756554526, '_a7_': 2.3411603296314616, '_a0_': 1.0, '_a3_': 1.0, '_a5_': 1.0, '_a6_': 1.0}};{'d0': 0.024885482501891303};-276.524567593253;43.4140319880199
8098;-94.8482518086069;((((pow2((sin(_a1_) + x)) * x) + (x / _a7_)) * _a2_) + _a4_);{'d0': {'_a1_': 0.31758745244637865, '_a2_': 3.382517949667452, '_a4_': -0.0010241476756554526, '_a7_': 2.3411603296314616, '_a0_': 1.0, '_a3_': 1.0, '_a5_': 1.0, '_a6_': 1.0}};{'d0': 0.024885482501891303};-276.524567593253;43.4140319880199
8099;-94.8482518086069;((((pow2((sin(_a1_) + x)) * x) + (x / _a7_)) * _a2_) + _a4_);{'d0': {'_a1_': 0.31758745244637865, '_a2_': 3.382517949667452, '_a4_': -0.0010241476756554526, '_a7_': 2.3411603296314616, '_a0_': 1.0, '_a3_': 1.0, '_a5_': 1.0, '_a6_': 1.0}};{'d0': 0.024885482501891303};-276.524567593253;43.4140319880199
8100;-94.8482518086069;((((pow2((sin(_a1_) + x)) * x) + (x / _a7_)) * _a2_) + _a4_);{'d0': {'_a1_': 0.31758745244637865, '_a2_': 3.382517949667452, '_a4_': -0.0010241476756554526, '_a7_': 2.3411603296314616, '_a0_': 1.0, '_a3_': 1.0, '_a5_': 1.0, '_a6_': 1.0}};{'d0': 0.024885482501891303};-276.524567593253;43.4140319880199
8101;-94.8482518086069;((((pow2((sin(_a1_) + x)) * x) + (x / _a7_)) * _a2_) + _a4_);{'d0': {'_a1_': 0.31758745244637865, '_a2_': 3.382517949667452, '_a4_': -0.0010241476756554526, '_a7_': 2.3411603296314616, '_a0_': 1.0, '_a3_': 1.0, '_a5_': 1.0, '_a6_': 1.0}};{'d0': 0.024885482501891303};-276.524567593253;43.4140319880199
8102;-94.8482518086069;((((pow2((sin(_a1_) + x)) * x) + (x / _a7_)) * _a2_) + _a4_);{'d0': {'_a1_': 0.31758745244637865, '_a2_': 3.382517949667452, '_a4_': -0.0010241476756554526, '_a7_': 2.3411603296314616, '_a0_': 1.0, '_a3_': 1.0, '_a5_': 1.0, '_a6_': 1.0}};{'d0': 0.024885482501891303};-276.524567593253;43.4140319880199
8103;-94.8482518086069;((((pow2((sin(_a1_) + x)) * x) + (x / _a7_)) * _a2_) + _a4_);{'d0': {'_a1_': 0.31758745244637865, '_a2_': 3.382517949667452, '_a4_': -0.0010241476756554526, '_a7_': 2.3411603296314616, '_a0_': 1.0, '_a3_': 1.0, '_a5_': 1.0, '_a6_': 1.0}};{'d0': 0.024885482501891303};-276.524567593253;43.4140319880199
8104;-94.8482518086069;((((pow2((sin(_a1_) + x)) * x) + (x / _a7_)) * _a2_) + _a4_);{'d0': {'_a1_': 0.31758745244637865, '_a2_': 3.382517949667452, '_a4_': -0.0010241476756554526, '_a7_': 2.3411603296314616, '_a0_': 1.0, '_a3_': 1.0, '_a5_': 1.0, '_a6_': 1.0}};{'d0': 0.024885482501891303};-276.524567593253;43.4140319880199
8105;-94.8482518086069;((((pow2((sin(_a1_) + x)) * x) + (x / _a7_)) * _a2_) + _a4_);{'d0': {'_a1_': 0.31758745244637865, '_a2_': 3.382517949667452, '_a4_': -0.0010241476756554526, '_a7_': 2.3411603296314616, '_a0_': 1.0, '_a3_': 1.0, '_a5_': 1.0, '_a6_': 1.0}};{'d0': 0.024885482501891303};-276.524567593253;43.4140319880199
8106;-94.8482518086069;((((pow2((sin(_a1_) + x)) * x) + (x / _a7_)) * _a2_) + _a4_);{'d0': {'_a1_': 0.31758745244637865, '_a2_': 3.382517949667452, '_a4_': -0.0010241476756554526, '_a7_': 2.3411603296314616, '_a0_': 1.0, '_a3_': 1.0, '_a5_': 1.0, '_a6_': 1.0}};{'d0': 0.024885482501891303};-276.524567593253;43.4140319880199
8107;-105.382580669956;(((_a4_ + pow2(x)) + (_a3_ * x)) * ((x * _a4_) * _a6_));{'d0': {'_a3_': 0.6238594155058766, '_a4_': 0.5256917701576234, '_a6_': 6.423461562255808, '_a0_': 1.0, '_a1_': 1.0, '_a2_': 1.0, '_a5_': 1.0, '_a7_': 1.0}};{'d0': 0.02490583291941662};-280.569866449044;34.90235255456605
8108;-105.382580669956;(((_a4_ + pow2(x)) + (_a3_ * x)) * ((x * _a4_) * _a6_));{'d0': {'_a3_': 0.6238594155058766, '_a4_': 0.5256917701576234, '_a6_': 6.423461562255808, '_a0_': 1.0, '_a1_': 1.0, '_a2_': 1.0, '_a5_': 1.0, '_a7_': 1.0}};{'d0': 0.02490583291941662};-280.569866449044;34.90235255456605
8109;-105.382580669956;(((_a4_ + pow2(x)) + (_a3_ * x)) * ((x * _a4_) * _a0_));{'d0': {'_a0_': 6.423461541387786, '_a3_': 0.6238594155915677, '_a4_': 0.5256917711621862, '_a1_': 1.0, '_a2_': 1.0, '_a5_': 1.0, '_a6_': 1.0, '_a7_': 1.0}};{'d0': 0.02490583291941664};-280.569866449044;34.90235255456605
8110;-105.382580669956;(((_a4_ + pow2(x)) + (_a3_ * x)) * ((x * _a4_) * _a0_));{'d0': {'_a0_': 6.423461541387786, '_a3_': 0.6238594155915677, '_a4_': 0.5256917711621862, '_a1_': 1.0, '_a2_': 1.0, '_a5_': 1.0, '_a6_': 1.0, '_a7_': 1.0}};{'d0': 0.02490583291941664};-280.569866449044;34.90235255456605
8111;-94.8482518086332;((((pow2((sin(_a1_) + x)) * x) + (x / _a7_)) * _a6_) + _a4_);{'d0': {'_a1_': 0.3175874609087297, '_a4_': -0.0010241716771883158, '_a6_': 3.3825180868966997, '_a7_': 2.341160493236648, '_a0_': 1.0, '_a2_': 1.0, '_a3_': 1.0, '_a5_': 1.0}};{'d0': 0.02488548250186949};-276.524567593306;43.4140319880199
8112;-94.8482518086332;((((pow2((sin(_a1_) + x)) * x) + (x / _a7_)) * _a6_) + _a4_);{'d0': {'_a1_': 0.3175874609087297, '_a4_': -0.0010241716771883158, '_a6_': 3.3825180868966997, '_a7_': 2.341160493236648, '_a0_': 1.0, '_a2_': 1.0, '_a3_': 1.0, '_a5_': 1.0}};{'d0': 0.02488548250186949};-276.524567593306;43.4140319880199
8113;-101.465360991137;((((pow2((_a3_ + x)) * x) + (x / _a7_)) * _a6_) + _a4_);{'d0': {'_a3_': 0.31227556041498683, '_a4_': -0.0010241136519024453, '_a6_': 3.3825177625355805, '_a7_': 2.3411601063469134, '_a0_': 1.0, '_a1_': 1.0, '_a2_': 1.0, '_a5_': 1.0}};{'d0': 0.024885482501960807};-276.524567593086;36.79692280540638
8114;-101.465360991137;((((pow2((_a3_ + x)) * x) + (x / _a7_)) * _a6_) + _a4_);{'d0': {'_a3_': 0.31227556041498683, '_a4_': -0.0010241136519024453, '_a6_': 3.3825177625355805, '_a7_': 2.3411601063469134, '_a0_': 1.0, '_a1_': 1.0, '_a2_': 1.0, '_a5_': 1.0}};{'d0': 0.024885482501960807};-276.524567593086;36.79692280540638
8115;-101.465360991137;((((pow2((_a3_ + x)) * x) + (x / _a7_)) * _a6_) + _a4_);{'d0': {'_a3_': 0.31227556041498683, '_a4_': -0.0010241136519024453, '_a6_': 3.3825177625355805, '_a7_': 2.3411601063469134, '_a0_': 1.0, '_a1_': 1.0, '_a2_': 1.0, '_a5_': 1.0}};{'d0': 0.024885482501960807};-276.524567593086;36.79692280540638
8116;-101.465360991137;((((pow2((_a3_ + x)) * x) + (x / _a7_)) * _a6_) + _a4_);{'d0': {'_a3_': 0.31227556041498683, '_a4_': -0.0010241136519024453, '_a6_': 3.3825177625355805, '_a7_': 2.3411601063469134, '_a0_': 1.0, '_a1_': 1.0, '_a2_': 1.0, '_a5_': 1.0}};{'d0': 0.024885482501960807};-276.524567593086;36.79692280540638
8117;-101.465360991137;((((pow2((_a3_ + x)) * x) + (x / _a7_)) * _a6_) + _a4_);{'d0': {'_a3_': 0.31227556041498683, '_a4_': -0.0010241136519024453, '_a6_': 3.3825177625355805, '_a7_': 2.3411601063469134, '_a0_': 1.0, '_a1_': 1.0, '_a2_': 1.0, '_a5_': 1.0}};{'d0': 0.024885482501960807};-276.524567593086;36.79692280540638
8118;-101.465360991137;((((pow2((_a3_ + x)) * x) + (x / _a7_)) * _a6_) + _a4_);{'d0': {'_a3_': 0.31227556041498683, '_a4_': -0.0010241136519024453, '_a6_': 3.3825177625355805, '_a7_': 2.3411601063469134, '_a0_': 1.0, '_a1_': 1.0, '_a2_': 1.0, '_a5_': 1.0}};{'d0': 0.024885482501960807};-276.524567593086;36.79692280540638
8119;-101.465360991137;((((pow2((_a3_ + x)) * x) + (x / _a7_)) * _a6_) + _a4_);{'d0': {'_a3_': 0.31227556041498683, '_a4_': -0.0010241136519024453, '_a6_': 3.3825177625355805, '_a7_': 2.3411601063469134, '_a0_': 1.0, '_a1_': 1.0, '_a2_': 1.0, '_a5_': 1.0}};{'d0': 0.024885482501960807};-276.524567593086;36.79692280540638
8120;-101.465360991137;((((pow2((_a3_ + x)) * x) + (x / _a7_)) * _a6_) + _a4_);{'d0': {'_a3_': 0.31227556041498683, '_a4_': -0.0010241136519024453, '_a6_': 3.3825177625355805, '_a7_': 2.3411601063469134, '_a0_': 1.0, '_a1_': 1.0, '_a2_': 1.0, '_a5_': 1.0}};{'d0': 0.024885482501960807};-276.524567593086;36.79692280540638
8121;-101.465360991137;((((pow2((_a3_ + x)) * x) + (x / _a7_)) * _a6_) + _a4_);{'d0': {'_a3_': 0.31227556041498683, '_a4_': -0.0010241136519024453, '_a6_': 3.3825177625355805, '_a7_': 2.3411601063469134, '_a0_': 1.0, '_a1_': 1.0, '_a2_': 1.0, '_a5_': 1.0}};{'d0': 0.024885482501960807};-276.524567593086;36.79692280540638
8122;-101.465360991137;((((pow2((_a3_ + x)) * x) + (x / _a7_)) * _a6_) + _a4_);{'d0': {'_a3_': 0.31227556041498683, '_a4_': -0.0010241136519024453, '_a6_': 3.3825177625355805, '_a7_': 2.3411601063469134, '_a0_': 1.0, '_a1_': 1.0, '_a2_': 1.0, '_a5_': 1.0}};{'d0': 0.024885482501960807};-276.524567593086;36.79692280540638
8123;-101.465360991137;((((pow2((_a3_ + x)) * x) + (x / _a7_)) * _a6_) + _a4_);{'d0': {'_a3_': 0.31227556041498683, '_a4_': -0.0010241136519024453, '_a6_': 3.3825177625355805, '_a7_': 2.3411601063469134, '_a0_': 1.0, '_a1_': 1.0, '_a2_': 1.0, '_a5_': 1.0}};{'d0': 0.024885482501960807};-276.524567593086;36.79692280540638
8124;-101.465360991137;((((pow2((_a3_ + x)) * x) + (x / _a7_)) * _a6_) + _a4_);{'d0': {'_a3_': 0.31227556041498683, '_a4_': -0.0010241136519024453, '_a6_': 3.3825177625355805, '_a7_': 2.3411601063469134, '_a0_': 1.0, '_a1_': 1.0, '_a2_': 1.0, '_a5_': 1.0}};{'d0': 0.024885482501960807};-276.524567593086;36.79692280540638
8125;-101.465360990986;((((pow2((_a3_ + x)) * x) + (x / _a7_)) * _a1_) + _a4_);{'d0': {'_a1_': 3.3825187529451197, '_a3_': 0.31227561954030053, '_a4_': -0.0010242894468019312, '_a7_': 2.3411612864141826, '_a0_': 1.0, '_a2_': 1.0, '_a5_': 1.0, '_a6_': 1.0}};{'d0': 0.02488548250208566};-276.524567592785;36.79692280540638
8126;-101.465360990986;((((pow2((_a3_ + x)) * x) + (x / _a7_)) * _a1_) + _a4_);{'d0': {'_a1_': 3.3825187529451197, '_a3_': 0.31227561954030053, '_a4_': -0.0010242894468019312, '_a7_': 2.3411612864141826, '_a0_': 1.0, '_a2_': 1.0, '_a5_': 1.0, '_a6_': 1.0}};{'d0': 0.02488548250208566};-276.524567592785;36.79692280540638
8127;-101.465360990986;((((pow2((_a3_ + x)) * x) + (x / _a7_)) * _a1_) + _a4_);{'d0': {'_a1_': 3.3825187529451197, '_a3_': 0.31227561954030053, '_a4_': -0.0010242894468019312, '_a7_': 2.3411612864141826, '_a0_': 1.0, '_a2_': 1.0, '_a5_': 1.0, '_a6_': 1.0}};{'d0': 0.02488548250208566};-276.524567592785;36.79692280540638
8128;-101.465360990986;((((pow2((_a3_ + x)) * x) + (x / _a7_)) * _a1_) + _a4_);{'d0': {'_a1_': 3.3825187529451197, '_a3_': 0.31227561954030053, '_a4_': -0.0010242894468019312, '_a7_': 2.3411612864141826, '_a0_': 1.0, '_a2_': 1.0, '_a5_': 1.0, '_a6_': 1.0}};{'d0': 0.02488548250208566};-276.524567592785;36.79692280540638
8129;-101.465360990986;((((pow2((_a3_ + x)) * x) + (x / _a7_)) * _a1_) + _a4_);{'d0': {'_a1_': 3.3825187529451197, '_a3_': 0.31227561954030053, '_a4_': -0.0010242894468019312, '_a7_': 2.3411612864141826, '_a0_': 1.0, '_a2_': 1.0, '_a5_': 1.0, '_a6_': 1.0}};{'d0': 0.02488548250208566};-276.524567592785;36.79692280540638
8130;-101.465360990986;((((pow2((_a3_ + x)) * x) + (x / _a7_)) * _a1_) + _a4_);{'d0': {'_a1_': 3.3825187529451197, '_a3_': 0.31227561954030053, '_a4_': -0.0010242894468019312, '_a7_': 2.3411612864141826, '_a0_': 1.0, '_a2_': 1.0, '_a5_': 1.0, '_a6_': 1.0}};{'d0': 0.02488548250208566};-276.524567592785;36.79692280540638
8131;-101.465360990986;((((pow2((_a3_ + x)) * x) + (x / _a7_)) * _a1_) + _a4_);{'d0': {'_a1_': 3.3825187529451197, '_a3_': 0.31227561954030053, '_a4_': -0.0010242894468019312, '_a7_': 2.3411612864141826, '_a0_': 1.0, '_a2_': 1.0, '_a5_': 1.0, '_a6_': 1.0}};{'d0': 0.02488548250208566};-276.524567592785;36.79692280540638
8132;-101.465360990986;((((pow2((_a3_ + x)) * x) + (x / _a7_)) * _a1_) + _a4_);{'d0': {'_a1_': 3.3825187529451197, '_a3_': 0.31227561954030053, '_a4_': -0.0010242894468019312, '_a7_': 2.3411612864141826, '_a0_': 1.0, '_a2_': 1.0, '_a5_': 1.0, '_a6_': 1.0}};{'d0': 0.02488548250208566};-276.524567592785;36.79692280540638
8133;-101.465360990986;((((pow2((_a3_ + x)) * x) + (x / _a7_)) * _a1_) + _a4_);{'d0': {'_a1_': 3.3825187529451197, '_a3_': 0.31227561954030053, '_a4_': -0.0010242894468019312, '_a7_': 2.3411612864141826, '_a0_': 1.0, '_a2_': 1.0, '_a5_': 1.0, '_a6_': 1.0}};{'d0': 0.02488548250208566};-276.524567592785;36.79692280540638
8134;-101.465360990986;((((pow2((_a3_ + x)) * x) + (x / _a7_)) * _a1_) + _a4_);{'d0': {'_a1_': 3.3825187529451197, '_a3_': 0.31227561954030053, '_a4_': -0.0010242894468019312, '_a7_': 2.3411612864141826, '_a0_': 1.0, '_a2_': 1.0, '_a5_': 1.0, '_a6_': 1.0}};{'d0': 0.02488548250208566};-276.524567592785;36.79692280540638
8135;-101.465360990986;((((pow2((_a3_ + x)) * x) + (x / _a7_)) * _a1_) + _a4_);{'d0': {'_a1_': 3.3825187529451197, '_a3_': 0.31227561954030053, '_a4_': -0.0010242894468019312, '_a7_': 2.3411612864141826, '_a0_': 1.0, '_a2_': 1.0, '_a5_': 1.0, '_a6_': 1.0}};{'d0': 0.02488548250208566};-276.524567592785;36.79692280540638
8136;-101.465360990986;((((pow2((_a3_ + x)) * x) + (x / _a7_)) * _a1_) + _a4_);{'d0': {'_a1_': 3.3825187529451197, '_a3_': 0.31227561954030053, '_a4_': -0.0010242894468019312, '_a7_': 2.3411612864141826, '_a0_': 1.0, '_a2_': 1.0, '_a5_': 1.0, '_a6_': 1.0}};{'d0': 0.02488548250208566};-276.524567592785;36.79692280540638
8137;-101.465360990986;((((pow2((_a3_ + x)) * x) + (x / _a7_)) * _a1_) + _a4_);{'d0': {'_a1_': 3.3825187529451197, '_a3_': 0.31227561954030053, '_a4_': -0.0010242894468019312, '_a7_': 2.3411612864141826, '_a0_': 1.0, '_a2_': 1.0, '_a5_': 1.0, '_a6_': 1.0}};{'d0': 0.02488548250208566};-276.524567592785;36.79692280540638
8138;-97.7674265185024;((((pow2((_a3_ + x)) * x) + (x / pow2(_a2_))) * _a1_) + _a4_);{'d0': {'_a1_': 3.3825177212183144, '_a2_': 1.5300849836852966, '_a3_': 0.31227555799516366, '_a4_': -0.001024106609633207, '_a0_': 1.0, '_a5_': 1.0, '_a6_': 1.0, '_a7_': 1.0}};{'d0': 0.024885482501980857};-276.524567593038;40.49485727801638
8139;-97.7674265185024;((((pow2((_a3_ + x)) * x) + (x / pow2(_a2_))) * _a1_) + _a4_);{'d0': {'_a1_': 3.3825177212183144, '_a2_': 1.5300849836852966, '_a3_': 0.31227555799516366, '_a4_': -0.001024106609633207, '_a0_': 1.0, '_a5_': 1.0, '_a6_': 1.0, '_a7_': 1.0}};{'d0': 0.024885482501980857};-276.524567593038;40.49485727801638
8140;-97.7674265185024;((((pow2((_a3_ + x)) * x) + (x / pow2(_a2_))) * _a1_) + _a4_);{'d0': {'_a1_': 3.3825177212183144, '_a2_': 1.5300849836852966, '_a3_': 0.31227555799516366, '_a4_': -0.001024106609633207, '_a0_': 1.0, '_a5_': 1.0, '_a6_': 1.0, '_a7_': 1.0}};{'d0': 0.024885482501980857};-276.524567593038;40.49485727801638
8141;-97.7674265185024;((((pow2((_a3_ + x)) * x) + (x / pow2(_a2_))) * _a1_) + _a4_);{'d0': {'_a1_': 3.3825177212183144, '_a2_': 1.5300849836852966, '_a3_': 0.31227555799516366, '_a4_': -0.001024106609633207, '_a0_': 1.0, '_a5_': 1.0, '_a6_': 1.0, '_a7_': 1.0}};{'d0': 0.024885482501980857};-276.524567593038;40.49485727801638
8142;-105.382580669956;(((_a4_ + pow2(x)) + (_a3_ * x)) * ((x * _a4_) * _a0_));{'d0': {'_a0_': 6.423461541387786, '_a3_': 0.6238594155915677, '_a4_': 0.5256917711621862, '_a1_': 1.0, '_a2_': 1.0, '_a5_': 1.0, '_a6_': 1.0, '_a7_': 1.0}};{'d0': 0.02490583291941664};-280.569866449044;34.90235255456605
8143;-105.382580669956;(((_a4_ + pow2(x)) + (_a3_ * x)) * ((x * _a4_) * _a0_));{'d0': {'_a0_': 6.423461541387786, '_a3_': 0.6238594155915677, '_a4_': 0.5256917711621862, '_a1_': 1.0, '_a2_': 1.0, '_a5_': 1.0, '_a6_': 1.0, '_a7_': 1.0}};{'d0': 0.02490583291941664};-280.569866449044;34.90235255456605
8144;-105.382580669956;(((_a4_ + pow2(x)) + (_a3_ * x)) * ((x * _a4_) * _a0_));{'d0': {'_a0_': 6.423461541387786, '_a3_': 0.6238594155915677, '_a4_': 0.5256917711621862, '_a1_': 1.0, '_a2_': 1.0, '_a5_': 1.0, '_a6_': 1.0, '_a7_': 1.0}};{'d0': 0.02490583291941664};-280.569866449044;34.90235255456605
8145;-105.382580669956;(((_a4_ + pow2(x)) + (_a3_ * x)) * ((x * _a4_) * _a0_));{'d0': {'_a0_': 6.423461541387786, '_a3_': 0.6238594155915677, '_a4_': 0.5256917711621862, '_a1_': 1.0, '_a2_': 1.0, '_a5_': 1.0, '_a6_': 1.0, '_a7_': 1.0}};{'d0': 0.02490583291941664};-280.569866449044;34.90235255456605
8146;-105.382580669956;(((_a4_ + pow2(x)) + (_a3_ * x)) * ((x * _a4_) * _a0_));{'d0': {'_a0_': 6.423461541387786, '_a3_': 0.6238594155915677, '_a4_': 0.5256917711621862, '_a1_': 1.0, '_a2_': 1.0, '_a5_': 1.0, '_a6_': 1.0, '_a7_': 1.0}};{'d0': 0.02490583291941664};-280.569866449044;34.90235255456605
8147;-105.382580669956;(((_a4_ + pow2(x)) + (_a3_ * x)) * ((x * _a4_) * _a0_));{'d0': {'_a0_': 6.423461541387786, '_a3_': 0.6238594155915677, '_a4_': 0.5256917711621862, '_a1_': 1.0, '_a2_': 1.0, '_a5_': 1.0, '_a6_': 1.0, '_a7_': 1.0}};{'d0': 0.02490583291941664};-280.569866449044;34.90235255456605
8148;-105.382580669956;(((_a4_ + pow2(x)) + (_a3_ * x)) * ((x * _a4_) * _a0_));{'d0': {'_a0_': 6.423461541387786, '_a3_': 0.6238594155915677, '_a4_': 0.5256917711621862, '_a1_': 1.0, '_a2_': 1.0, '_a5_': 1.0, '_a6_': 1.0, '_a7_': 1.0}};{'d0': 0.02490583291941664};-280.569866449044;34.90235255456605
8149;-105.382580669956;(((_a4_ + pow2(x)) + (_a3_ * x)) * ((x * _a4_) * _a0_));{'d0': {'_a0_': 6.423461541387786, '_a3_': 0.6238594155915677, '_a4_': 0.5256917711621862, '_a1_': 1.0, '_a2_': 1.0, '_a5_': 1.0, '_a6_': 1.0, '_a7_': 1.0}};{'d0': 0.02490583291941664};-280.569866449044;34.90235255456605
8150;-105.382580669956;(((_a4_ + pow2(x)) + (_a3_ * x)) * ((x * _a4_) * _a0_));{'d0': {'_a0_': 6.423461541387786, '_a3_': 0.6238594155915677, '_a4_': 0.5256917711621862, '_a1_': 1.0, '_a2_': 1.0, '_a5_': 1.0, '_a6_': 1.0, '_a7_': 1.0}};{'d0': 0.02490583291941664};-280.569866449044;34.90235255456605
8151;-105.382580669956;(((_a4_ + pow2(x)) + (_a3_ * x)) * ((x * _a4_) * _a0_));{'d0': {'_a0_': 6.423461541387786, '_a3_': 0.6238594155915677, '_a4_': 0.5256917711621862, '_a1_': 1.0, '_a2_': 1.0, '_a5_': 1.0, '_a6_': 1.0, '_a7_': 1.0}};{'d0': 0.02490583291941664};-280.569866449044;34.90235255456605
8152;-105.382580669956;(((_a4_ + pow2(x)) + (_a3_ * x)) * ((x * _a4_) * _a0_));{'d0': {'_a0_': 6.423461541387786, '_a3_': 0.6238594155915677, '_a4_': 0.5256917711621862, '_a1_': 1.0, '_a2_': 1.0, '_a5_': 1.0, '_a6_': 1.0, '_a7_': 1.0}};{'d0': 0.02490583291941664};-280.569866449044;34.90235255456605
8153;-105.382580669956;(((_a4_ + pow2(x)) + (_a3_ * x)) * ((x * _a4_) * _a0_));{'d0': {'_a0_': 6.423461541387786, '_a3_': 0.6238594155915677, '_a4_': 0.5256917711621862, '_a1_': 1.0, '_a2_': 1.0, '_a5_': 1.0, '_a6_': 1.0, '_a7_': 1.0}};{'d0': 0.02490583291941664};-280.569866449044;34.90235255456605
8154;-105.382580669956;(((_a4_ + pow2(x)) + (_a3_ * x)) * ((x * _a4_) * _a0_));{'d0': {'_a0_': 6.423461541387786, '_a3_': 0.6238594155915677, '_a4_': 0.5256917711621862, '_a1_': 1.0, '_a2_': 1.0, '_a5_': 1.0, '_a6_': 1.0, '_a7_': 1.0}};{'d0': 0.02490583291941664};-280.569866449044;34.90235255456605
8155;-105.382580669956;(((_a4_ + pow2(x)) + (_a3_ * x)) * ((x * _a4_) * _a0_));{'d0': {'_a0_': 6.423461541387786, '_a3_': 0.6238594155915677, '_a4_': 0.5256917711621862, '_a1_': 1.0, '_a2_': 1.0, '_a5_': 1.0, '_a6_': 1.0, '_a7_': 1.0}};{'d0': 0.02490583291941664};-280.569866449044;34.90235255456605
8156;-105.382580669956;(((_a4_ + pow2(x)) + (_a3_ * x)) * ((x * _a4_) * _a0_));{'d0': {'_a0_': 6.423461541387786, '_a3_': 0.6238594155915677, '_a4_': 0.5256917711621862, '_a1_': 1.0, '_a2_': 1.0, '_a5_': 1.0, '_a6_': 1.0, '_a7_': 1.0}};{'d0': 0.02490583291941664};-280.569866449044;34.90235255456605
8157;-105.382580669956;(((_a4_ + pow2(x)) + (_a3_ * x)) * ((x * _a4_) * _a0_));{'d0': {'_a0_': 6.423461541387786, '_a3_': 0.6238594155915677, '_a4_': 0.5256917711621862, '_a1_': 1.0, '_a2_': 1.0, '_a5_': 1.0, '_a6_': 1.0, '_a7_': 1.0}};{'d0': 0.02490583291941664};-280.569866449044;34.90235255456605
8158;-105.382580669956;(((_a4_ + pow2(x)) + (_a3_ * x)) * ((x * _a4_) * _a0_));{'d0': {'_a0_': 6.423461541387786, '_a3_': 0.6238594155915677, '_a4_': 0.5256917711621862, '_a1_': 1.0, '_a2_': 1.0, '_a5_': 1.0, '_a6_': 1.0, '_a7_': 1.0}};{'d0': 0.02490583291941664};-280.569866449044;34.90235255456605
8159;-105.382580669956;(((_a4_ + pow2(x)) + (_a3_ * x)) * ((x * _a4_) * _a0_));{'d0': {'_a0_': 6.423461541387786, '_a3_': 0.6238594155915677, '_a4_': 0.5256917711621862, '_a1_': 1.0, '_a2_': 1.0, '_a5_': 1.0, '_a6_': 1.0, '_a7_': 1.0}};{'d0': 0.02490583291941664};-280.569866449044;34.90235255456605
8160;-105.382580669956;(((_a4_ + pow2(x)) + (_a3_ * x)) * ((x * _a4_) * _a0_));{'d0': {'_a0_': 6.423461541387786, '_a3_': 0.6238594155915677, '_a4_': 0.5256917711621862, '_a1_': 1.0, '_a2_': 1.0, '_a5_': 1.0, '_a6_': 1.0, '_a7_': 1.0}};{'d0': 0.02490583291941664};-280.569866449044;34.90235255456605
8161;-105.382580669956;(((_a4_ + pow2(x)) + (_a3_ * x)) * ((x * _a4_) * _a0_));{'d0': {'_a0_': 6.423461541387786, '_a3_': 0.6238594155915677, '_a4_': 0.5256917711621862, '_a1_': 1.0, '_a2_': 1.0, '_a5_': 1.0, '_a6_': 1.0, '_a7_': 1.0}};{'d0': 0.02490583291941664};-280.569866449044;34.90235255456605
8162;-97.7674265185024;((((pow2((_a3_ + x)) * x) + (x / pow2(_a2_))) * _a1_) + _a4_);{'d0': {'_a1_': 3.3825177212183144, '_a2_': 1.5300849836852966, '_a3_': 0.31227555799516366, '_a4_': -0.001024106609633207, '_a0_': 1.0, '_a5_': 1.0, '_a6_': 1.0, '_a7_': 1.0}};{'d0': 0.024885482501980857};-276.524567593038;40.49485727801638
8163;-97.7674265185024;((((pow2((_a3_ + x)) * x) + (x / pow2(_a2_))) * _a1_) + _a4_);{'d0': {'_a1_': 3.3825177212183144, '_a2_': 1.5300849836852966, '_a3_': 0.31227555799516366, '_a4_': -0.001024106609633207, '_a0_': 1.0, '_a5_': 1.0, '_a6_': 1.0, '_a7_': 1.0}};{'d0': 0.024885482501980857};-276.524567593038;40.49485727801638
8164;-97.7674265185024;((((pow2((_a3_ + x)) * x) + (x / pow2(_a2_))) * _a1_) + _a4_);{'d0': {'_a1_': 3.3825177212183144, '_a2_': 1.5300849836852966, '_a3_': 0.31227555799516366, '_a4_': -0.001024106609633207, '_a0_': 1.0, '_a5_': 1.0, '_a6_': 1.0, '_a7_': 1.0}};{'d0': 0.024885482501980857};-276.524567593038;40.49485727801638
8165;-97.7674265185024;((((pow2((_a3_ + x)) * x) + (x / pow2(_a2_))) * _a1_) + _a4_);{'d0': {'_a1_': 3.3825177212183144, '_a2_': 1.5300849836852966, '_a3_': 0.31227555799516366, '_a4_': -0.001024106609633207, '_a0_': 1.0, '_a5_': 1.0, '_a6_': 1.0, '_a7_': 1.0}};{'d0': 0.024885482501980857};-276.524567593038;40.49485727801638
8166;-97.7674265185024;((((pow2((_a3_ + x)) * x) + (x / pow2(_a2_))) * _a1_) + _a4_);{'d0': {'_a1_': 3.3825177212183144, '_a2_': 1.5300849836852966, '_a3_': 0.31227555799516366, '_a4_': -0.001024106609633207, '_a0_': 1.0, '_a5_': 1.0, '_a6_': 1.0, '_a7_': 1.0}};{'d0': 0.024885482501980857};-276.524567593038;40.49485727801638
8167;-97.7674265185024;((((pow2((_a3_ + x)) * x) + (x / pow2(_a2_))) * _a1_) + _a4_);{'d0': {'_a1_': 3.3825177212183144, '_a2_': 1.5300849836852966, '_a3_': 0.31227555799516366, '_a4_': -0.001024106609633207, '_a0_': 1.0, '_a5_': 1.0, '_a6_': 1.0, '_a7_': 1.0}};{'d0': 0.024885482501980857};-276.524567593038;40.49485727801638
8168;-97.7674265185024;((((pow2((_a3_ + x)) * x) + (x / pow2(_a2_))) * _a1_) + _a4_);{'d0': {'_a1_': 3.3825177212183144, '_a2_': 1.5300849836852966, '_a3_': 0.31227555799516366, '_a4_': -0.001024106609633207, '_a0_': 1.0, '_a5_': 1.0, '_a6_': 1.0, '_a7_': 1.0}};{'d0': 0.024885482501980857};-276.524567593038;40.49485727801638
8169;-97.7674265185024;((((pow2((_a3_ + x)) * x) + (x / pow2(_a2_))) * _a1_) + _a4_);{'d0': {'_a1_': 3.3825177212183144, '_a2_': 1.5300849836852966, '_a3_': 0.31227555799516366, '_a4_': -0.001024106609633207, '_a0_': 1.0, '_a5_': 1.0, '_a6_': 1.0, '_a7_': 1.0}};{'d0': 0.024885482501980857};-276.524567593038;40.49485727801638
8170;-97.7674265185024;((((pow2((_a3_ + x)) * x) + (x / pow2(_a2_))) * _a1_) + _a4_);{'d0': {'_a1_': 3.3825177212183144, '_a2_': 1.5300849836852966, '_a3_': 0.31227555799516366, '_a4_': -0.001024106609633207, '_a0_': 1.0, '_a5_': 1.0, '_a6_': 1.0, '_a7_': 1.0}};{'d0': 0.024885482501980857};-276.524567593038;40.49485727801638
8171;-97.7674265185024;((((pow2((_a3_ + x)) * x) + (x / pow2(_a2_))) * _a1_) + _a4_);{'d0': {'_a1_': 3.3825177212183144, '_a2_': 1.5300849836852966, '_a3_': 0.31227555799516366, '_a4_': -0.001024106609633207, '_a0_': 1.0, '_a5_': 1.0, '_a6_': 1.0, '_a7_': 1.0}};{'d0': 0.024885482501980857};-276.524567593038;40.49485727801638
8172;-97.7674265185024;((((pow2((_a3_ + x)) * x) + (x / pow2(_a2_))) * _a1_) + _a4_);{'d0': {'_a1_': 3.3825177212183144, '_a2_': 1.5300849836852966, '_a3_': 0.31227555799516366, '_a4_': -0.001024106609633207, '_a0_': 1.0, '_a5_': 1.0, '_a6_': 1.0, '_a7_': 1.0}};{'d0': 0.024885482501980857};-276.524567593038;40.49485727801638
8173;-97.7674265185024;((((pow2((_a3_ + x)) * x) + (x / pow2(_a2_))) * _a1_) + _a4_);{'d0': {'_a1_': 3.3825177212183144, '_a2_': 1.5300849836852966, '_a3_': 0.31227555799516366, '_a4_': -0.001024106609633207, '_a0_': 1.0, '_a5_': 1.0, '_a6_': 1.0, '_a7_': 1.0}};{'d0': 0.024885482501980857};-276.524567593038;40.49485727801638
8174;-97.7674265185024;((((pow2((_a3_ + x)) * x) + (x / pow2(_a2_))) * _a1_) + _a4_);{'d0': {'_a1_': 3.3825177212183144, '_a2_': 1.5300849836852966, '_a3_': 0.31227555799516366, '_a4_': -0.001024106609633207, '_a0_': 1.0, '_a5_': 1.0, '_a6_': 1.0, '_a7_': 1.0}};{'d0': 0.024885482501980857};-276.524567593038;40.49485727801638
8175;-97.7674265185024;((((pow2((_a3_ + x)) * x) + (x / pow2(_a2_))) * _a1_) + _a4_);{'d0': {'_a1_': 3.3825177212183144, '_a2_': 1.5300849836852966, '_a3_': 0.31227555799516366, '_a4_': -0.001024106609633207, '_a0_': 1.0, '_a5_': 1.0, '_a6_': 1.0, '_a7_': 1.0}};{'d0': 0.024885482501980857};-276.524567593038;40.49485727801638
8176;-97.7674265185024;((((pow2((_a3_ + x)) * x) + (x / pow2(_a2_))) * _a1_) + _a4_);{'d0': {'_a1_': 3.3825177212183144, '_a2_': 1.5300849836852966, '_a3_': 0.31227555799516366, '_a4_': -0.001024106609633207, '_a0_': 1.0, '_a5_': 1.0, '_a6_': 1.0, '_a7_': 1.0}};{'d0': 0.024885482501980857};-276.524567593038;40.49485727801638
8177;-97.7674265185024;((((pow2((_a3_ + x)) * x) + (x / pow2(_a2_))) * _a1_) + _a4_);{'d0': {'_a1_': 3.3825177212183144, '_a2_': 1.5300849836852966, '_a3_': 0.31227555799516366, '_a4_': -0.001024106609633207, '_a0_': 1.0, '_a5_': 1.0, '_a6_': 1.0, '_a7_': 1.0}};{'d0': 0.024885482501980857};-276.524567593038;40.49485727801638
8178;-97.7674265185024;((((pow2((_a3_ + x)) * x) + (x / pow2(_a2_))) * _a1_) + _a4_);{'d0': {'_a1_': 3.3825177212183144, '_a2_': 1.5300849836852966, '_a3_': 0.31227555799516366, '_a4_': -0.001024106609633207, '_a0_': 1.0, '_a5_': 1.0, '_a6_': 1.0, '_a7_': 1.0}};{'d0': 0.024885482501980857};-276.524567593038;40.49485727801638
8179;-97.7674265185024;((((pow2((_a3_ + x)) * x) + (x / pow2(_a2_))) * _a1_) + _a4_);{'d0': {'_a1_': 3.3825177212183144, '_a2_': 1.5300849836852966, '_a3_': 0.31227555799516366, '_a4_': -0.001024106609633207, '_a0_': 1.0, '_a5_': 1.0, '_a6_': 1.0, '_a7_': 1.0}};{'d0': 0.024885482501980857};-276.524567593038;40.49485727801638
8180;-97.7674265185024;((((pow2((_a3_ + x)) * x) + (x / pow2(_a2_))) * _a1_) + _a4_);{'d0': {'_a1_': 3.3825177212183144, '_a2_': 1.5300849836852966, '_a3_': 0.31227555799516366, '_a4_': -0.001024106609633207, '_a0_': 1.0, '_a5_': 1.0, '_a6_': 1.0, '_a7_': 1.0}};{'d0': 0.024885482501980857};-276.524567593038;40.49485727801638
8181;-97.7674265185024;((((pow2((_a3_ + x)) * x) + (x / pow2(_a2_))) * _a1_) + _a4_);{'d0': {'_a1_': 3.3825177212183144, '_a2_': 1.5300849836852966, '_a3_': 0.31227555799516366, '_a4_': -0.001024106609633207, '_a0_': 1.0, '_a5_': 1.0, '_a6_': 1.0, '_a7_': 1.0}};{'d0': 0.024885482501980857};-276.524567593038;40.49485727801638
8182;-97.7674265185024;((((pow2((_a3_ + x)) * x) + (x / pow2(_a2_))) * _a1_) + _a4_);{'d0': {'_a1_': 3.3825177212183144, '_a2_': 1.5300849836852966, '_a3_': 0.31227555799516366, '_a4_': -0.001024106609633207, '_a0_': 1.0, '_a5_': 1.0, '_a6_': 1.0, '_a7_': 1.0}};{'d0': 0.024885482501980857};-276.524567593038;40.49485727801638
8183;-97.7674265185024;((((pow2((_a3_ + x)) * x) + (x / pow2(_a2_))) * _a1_) + _a4_);{'d0': {'_a1_': 3.3825177212183144, '_a2_': 1.5300849836852966, '_a3_': 0.31227555799516366, '_a4_': -0.001024106609633207, '_a0_': 1.0, '_a5_': 1.0, '_a6_': 1.0, '_a7_': 1.0}};{'d0': 0.024885482501980857};-276.524567593038;40.49485727801638
8184;-97.7674265185024;((((pow2((_a3_ + x)) * x) + (x / pow2(_a2_))) * _a1_) + _a4_);{'d0': {'_a1_': 3.3825177212183144, '_a2_': 1.5300849836852966, '_a3_': 0.31227555799516366, '_a4_': -0.001024106609633207, '_a0_': 1.0, '_a5_': 1.0, '_a6_': 1.0, '_a7_': 1.0}};{'d0': 0.024885482501980857};-276.524567593038;40.49485727801638
8185;-97.7674265185024;((((pow2((_a3_ + x)) * x) + (x / pow2(_a2_))) * _a1_) + _a4_);{'d0': {'_a1_': 3.3825177212183144, '_a2_': 1.5300849836852966, '_a3_': 0.31227555799516366, '_a4_': -0.001024106609633207, '_a0_': 1.0, '_a5_': 1.0, '_a6_': 1.0, '_a7_': 1.0}};{'d0': 0.024885482501980857};-276.524567593038;40.49485727801638
8186;-97.7674265185024;((((pow2((_a3_ + x)) * x) + (x / pow2(_a2_))) * _a1_) + _a4_);{'d0': {'_a1_': 3.3825177212183144, '_a2_': 1.5300849836852966, '_a3_': 0.31227555799516366, '_a4_': -0.001024106609633207, '_a0_': 1.0, '_a5_': 1.0, '_a6_': 1.0, '_a7_': 1.0}};{'d0': 0.024885482501980857};-276.524567593038;40.49485727801638
8187;-97.7674265185024;((((pow2((_a3_ + x)) * x) + (x / pow2(_a2_))) * _a1_) + _a4_);{'d0': {'_a1_': 3.3825177212183144, '_a2_': 1.5300849836852966, '_a3_': 0.31227555799516366, '_a4_': -0.001024106609633207, '_a0_': 1.0, '_a5_': 1.0, '_a6_': 1.0, '_a7_': 1.0}};{'d0': 0.024885482501980857};-276.524567593038;40.49485727801638
8188;-97.7674265185024;((((pow2((_a3_ + x)) * x) + (x / pow2(_a2_))) * _a1_) + _a4_);{'d0': {'_a1_': 3.3825177212183144, '_a2_': 1.5300849836852966, '_a3_': 0.31227555799516366, '_a4_': -0.001024106609633207, '_a0_': 1.0, '_a5_': 1.0, '_a6_': 1.0, '_a7_': 1.0}};{'d0': 0.024885482501980857};-276.524567593038;40.49485727801638
8189;-97.7674265185024;((((pow2((_a3_ + x)) * x) + (x / pow2(_a2_))) * _a1_) + _a4_);{'d0': {'_a1_': 3.3825177212183144, '_a2_': 1.5300849836852966, '_a3_': 0.31227555799516366, '_a4_': -0.001024106609633207, '_a0_': 1.0, '_a5_': 1.0, '_a6_': 1.0, '_a7_': 1.0}};{'d0': 0.024885482501980857};-276.524567593038;40.49485727801638
8190;-97.7674265185024;((((pow2((_a3_ + x)) * x) + (x / pow2(_a2_))) * _a1_) + _a4_);{'d0': {'_a1_': 3.3825177212183144, '_a2_': 1.5300849836852966, '_a3_': 0.31227555799516366, '_a4_': -0.001024106609633207, '_a0_': 1.0, '_a5_': 1.0, '_a6_': 1.0, '_a7_': 1.0}};{'d0': 0.024885482501980857};-276.524567593038;40.49485727801638
8191;-97.7674265185024;((((pow2((_a3_ + x)) * x) + (x / pow2(_a2_))) * _a1_) + _a4_);{'d0': {'_a1_': 3.3825177212183144, '_a2_': 1.5300849836852966, '_a3_': 0.31227555799516366, '_a4_': -0.001024106609633207, '_a0_': 1.0, '_a5_': 1.0, '_a6_': 1.0, '_a7_': 1.0}};{'d0': 0.024885482501980857};-276.524567593038;40.49485727801638
8192;-97.7674265185024;((((pow2((_a3_ + x)) * x) + (x / pow2(_a2_))) * _a1_) + _a4_);{'d0': {'_a1_': 3.3825177212183144, '_a2_': 1.5300849836852966, '_a3_': 0.31227555799516366, '_a4_': -0.001024106609633207, '_a0_': 1.0, '_a5_': 1.0, '_a6_': 1.0, '_a7_': 1.0}};{'d0': 0.024885482501980857};-276.524567593038;40.49485727801638
8193;-97.7674265185024;((((pow2((_a3_ + x)) * x) + (x / pow2(_a2_))) * _a1_) + _a4_);{'d0': {'_a1_': 3.3825177212183144, '_a2_': 1.5300849836852966, '_a3_': 0.31227555799516366, '_a4_': -0.001024106609633207, '_a0_': 1.0, '_a5_': 1.0, '_a6_': 1.0, '_a7_': 1.0}};{'d0': 0.024885482501980857};-276.524567593038;40.49485727801638
8194;-97.7674265185024;((((pow2((_a3_ + x)) * x) + (x / pow2(_a2_))) * _a1_) + _a4_);{'d0': {'_a1_': 3.3825177212183144, '_a2_': 1.5300849836852966, '_a3_': 0.31227555799516366, '_a4_': -0.001024106609633207, '_a0_': 1.0, '_a5_': 1.0, '_a6_': 1.0, '_a7_': 1.0}};{'d0': 0.024885482501980857};-276.524567593038;40.49485727801638
8195;-97.7674265185024;((((pow2((_a3_ + x)) * x) + (x / pow2(_a2_))) * _a1_) + _a4_);{'d0': {'_a1_': 3.3825177212183144, '_a2_': 1.5300849836852966, '_a3_': 0.31227555799516366, '_a4_': -0.001024106609633207, '_a0_': 1.0, '_a5_': 1.0, '_a6_': 1.0, '_a7_': 1.0}};{'d0': 0.024885482501980857};-276.524567593038;40.49485727801638
8196;-97.7674265185024;((((pow2((_a3_ + x)) * x) + (x / pow2(_a2_))) * _a1_) + _a4_);{'d0': {'_a1_': 3.3825177212183144, '_a2_': 1.5300849836852966, '_a3_': 0.31227555799516366, '_a4_': -0.001024106609633207, '_a0_': 1.0, '_a5_': 1.0, '_a6_': 1.0, '_a7_': 1.0}};{'d0': 0.024885482501980857};-276.524567593038;40.49485727801638
8197;-97.7674265185024;((((pow2((_a3_ + x)) * x) + (x / pow2(_a2_))) * _a1_) + _a4_);{'d0': {'_a1_': 3.3825177212183144, '_a2_': 1.5300849836852966, '_a3_': 0.31227555799516366, '_a4_': -0.001024106609633207, '_a0_': 1.0, '_a5_': 1.0, '_a6_': 1.0, '_a7_': 1.0}};{'d0': 0.024885482501980857};-276.524567593038;40.49485727801638
8198;-97.7674265185024;((((pow2((_a3_ + x)) * x) + (x / pow2(_a2_))) * _a1_) + _a4_);{'d0': {'_a1_': 3.3825177212183144, '_a2_': 1.5300849836852966, '_a3_': 0.31227555799516366, '_a4_': -0.001024106609633207, '_a0_': 1.0, '_a5_': 1.0, '_a6_': 1.0, '_a7_': 1.0}};{'d0': 0.024885482501980857};-276.524567593038;40.49485727801638
8199;-97.7674265185024;((((pow2((_a3_ + x)) * x) + (x / pow2(_a2_))) * _a1_) + _a4_);{'d0': {'_a1_': 3.3825177212183144, '_a2_': 1.5300849836852966, '_a3_': 0.31227555799516366, '_a4_': -0.001024106609633207, '_a0_': 1.0, '_a5_': 1.0, '_a6_': 1.0, '_a7_': 1.0}};{'d0': 0.024885482501980857};-276.524567593038;40.49485727801638
8200;-97.7674265185024;((((pow2((_a3_ + x)) * x) + (x / pow2(_a2_))) * _a1_) + _a4_);{'d0': {'_a1_': 3.3825177212183144, '_a2_': 1.5300849836852966, '_a3_': 0.31227555799516366, '_a4_': -0.001024106609633207, '_a0_': 1.0, '_a5_': 1.0, '_a6_': 1.0, '_a7_': 1.0}};{'d0': 0.024885482501980857};-276.524567593038;40.49485727801638
8201;-97.7674265185024;((((pow2((_a3_ + x)) * x) + (x / pow2(_a2_))) * _a1_) + _a4_);{'d0': {'_a1_': 3.3825177212183144, '_a2_': 1.5300849836852966, '_a3_': 0.31227555799516366, '_a4_': -0.001024106609633207, '_a0_': 1.0, '_a5_': 1.0, '_a6_': 1.0, '_a7_': 1.0}};{'d0': 0.024885482501980857};-276.524567593038;40.49485727801638
8202;-97.7674265185024;((((pow2((_a3_ + x)) * x) + (x / pow2(_a2_))) * _a1_) + _a4_);{'d0': {'_a1_': 3.3825177212183144, '_a2_': 1.5300849836852966, '_a3_': 0.31227555799516366, '_a4_': -0.001024106609633207, '_a0_': 1.0, '_a5_': 1.0, '_a6_': 1.0, '_a7_': 1.0}};{'d0': 0.024885482501980857};-276.524567593038;40.49485727801638
8203;-97.7674265185024;((((pow2((_a3_ + x)) * x) + (x / pow2(_a2_))) * _a1_) + _a4_);{'d0': {'_a1_': 3.3825177212183144, '_a2_': 1.5300849836852966, '_a3_': 0.31227555799516366, '_a4_': -0.001024106609633207, '_a0_': 1.0, '_a5_': 1.0, '_a6_': 1.0, '_a7_': 1.0}};{'d0': 0.024885482501980857};-276.524567593038;40.49485727801638
8204;-97.7674265185024;((((pow2((_a3_ + x)) * x) + (x / pow2(_a2_))) * _a1_) + _a4_);{'d0': {'_a1_': 3.3825177212183144, '_a2_': 1.5300849836852966, '_a3_': 0.31227555799516366, '_a4_': -0.001024106609633207, '_a0_': 1.0, '_a5_': 1.0, '_a6_': 1.0, '_a7_': 1.0}};{'d0': 0.024885482501980857};-276.524567593038;40.49485727801638
8205;-97.7674265185024;((((pow2((_a3_ + x)) * x) + (x / pow2(_a2_))) * _a1_) + _a4_);{'d0': {'_a1_': 3.3825177212183144, '_a2_': 1.5300849836852966, '_a3_': 0.31227555799516366, '_a4_': -0.001024106609633207, '_a0_': 1.0, '_a5_': 1.0, '_a6_': 1.0, '_a7_': 1.0}};{'d0': 0.024885482501980857};-276.524567593038;40.49485727801638
8206;-97.7674265185024;((((pow2((_a3_ + x)) * x) + (x / pow2(_a2_))) * _a1_) + _a4_);{'d0': {'_a1_': 3.3825177212183144, '_a2_': 1.5300849836852966, '_a3_': 0.31227555799516366, '_a4_': -0.001024106609633207, '_a0_': 1.0, '_a5_': 1.0, '_a6_': 1.0, '_a7_': 1.0}};{'d0': 0.024885482501980857};-276.524567593038;40.49485727801638
8207;-97.7674265185024;((((pow2((_a3_ + x)) * x) + (x / pow2(_a2_))) * _a1_) + _a4_);{'d0': {'_a1_': 3.3825177212183144, '_a2_': 1.5300849836852966, '_a3_': 0.31227555799516366, '_a4_': -0.001024106609633207, '_a0_': 1.0, '_a5_': 1.0, '_a6_': 1.0, '_a7_': 1.0}};{'d0': 0.024885482501980857};-276.524567593038;40.49485727801638
8208;-97.7674265185024;((((pow2((_a3_ + x)) * x) + (x / pow2(_a2_))) * _a1_) + _a4_);{'d0': {'_a1_': 3.3825177212183144, '_a2_': 1.5300849836852966, '_a3_': 0.31227555799516366, '_a4_': -0.001024106609633207, '_a0_': 1.0, '_a5_': 1.0, '_a6_': 1.0, '_a7_': 1.0}};{'d0': 0.024885482501980857};-276.524567593038;40.49485727801638
8209;-97.7674265186265;((((pow2((_a3_ + x)) * x) + (x / pow2(_a2_))) * _a7_) + _a4_);{'d0': {'_a2_': 1.5300850993817547, '_a3_': 0.312275575700254, '_a4_': -0.001024159311593353, '_a7_': 3.382518018284509, '_a0_': 1.0, '_a1_': 1.0, '_a5_': 1.0, '_a6_': 1.0}};{'d0': 0.02488548250187799};-276.524567593286;40.49485727801638
8210;-97.7674265186265;((((pow2((_a3_ + x)) * x) + (x / pow2(_a2_))) * _a7_) + _a4_);{'d0': {'_a2_': 1.5300850993817547, '_a3_': 0.312275575700254, '_a4_': -0.001024159311593353, '_a7_': 3.382518018284509, '_a0_': 1.0, '_a1_': 1.0, '_a5_': 1.0, '_a6_': 1.0}};{'d0': 0.02488548250187799};-276.524567593286;40.49485727801638
8211;-97.7674265186265;((((pow2((_a3_ + x)) * x) + (x / pow2(_a2_))) * _a7_) + _a4_);{'d0': {'_a2_': 1.5300850993817547, '_a3_': 0.312275575700254, '_a4_': -0.001024159311593353, '_a7_': 3.382518018284509, '_a0_': 1.0, '_a1_': 1.0, '_a5_': 1.0, '_a6_': 1.0}};{'d0': 0.02488548250187799};-276.524567593286;40.49485727801638
8212;-97.7674265186265;((((pow2((_a3_ + x)) * x) + (x / pow2(_a2_))) * _a7_) + _a4_);{'d0': {'_a2_': 1.5300850993817547, '_a3_': 0.312275575700254, '_a4_': -0.001024159311593353, '_a7_': 3.382518018284509, '_a0_': 1.0, '_a1_': 1.0, '_a5_': 1.0, '_a6_': 1.0}};{'d0': 0.02488548250187799};-276.524567593286;40.49485727801638
8213;-97.7674265186265;((((pow2((_a3_ + x)) * x) + (x / pow2(_a2_))) * _a7_) + _a4_);{'d0': {'_a2_': 1.5300850993817547, '_a3_': 0.312275575700254, '_a4_': -0.001024159311593353, '_a7_': 3.382518018284509, '_a0_': 1.0, '_a1_': 1.0, '_a5_': 1.0, '_a6_': 1.0}};{'d0': 0.02488548250187799};-276.524567593286;40.49485727801638
8214;-97.7674265186265;((((pow2((_a3_ + x)) * x) + (x / pow2(_a2_))) * _a7_) + _a4_);{'d0': {'_a2_': 1.5300850993817547, '_a3_': 0.312275575700254, '_a4_': -0.001024159311593353, '_a7_': 3.382518018284509, '_a0_': 1.0, '_a1_': 1.0, '_a5_': 1.0, '_a6_': 1.0}};{'d0': 0.02488548250187799};-276.524567593286;40.49485727801638
8215;-97.7674265186265;((((pow2((_a3_ + x)) * x) + (x / pow2(_a2_))) * _a7_) + _a4_);{'d0': {'_a2_': 1.5300850993817547, '_a3_': 0.312275575700254, '_a4_': -0.001024159311593353, '_a7_': 3.382518018284509, '_a0_': 1.0, '_a1_': 1.0, '_a5_': 1.0, '_a6_': 1.0}};{'d0': 0.02488548250187799};-276.524567593286;40.49485727801638
8216;-97.7674265186265;((((pow2((_a3_ + x)) * x) + (x / pow2(_a2_))) * _a7_) + _a4_);{'d0': {'_a2_': 1.5300850993817547, '_a3_': 0.312275575700254, '_a4_': -0.001024159311593353, '_a7_': 3.382518018284509, '_a0_': 1.0, '_a1_': 1.0, '_a5_': 1.0, '_a6_': 1.0}};{'d0': 0.02488548250187799};-276.524567593286;40.49485727801638
8217;-94.4412954708993;((((pow2((_a3_ + x)) * x) + (x / abs(_a2_))) * _a7_) + _a4_);{'d0': {'_a2_': 2.341160544521681, '_a3_': 0.31227558237873015, '_a4_': -0.0010241789332591919, '_a7_': 3.3825181303297644, '_a0_': 1.0, '_a1_': 1.0, '_a5_': 1.0, '_a6_': 1.0}};{'d0': 0.024885482501867298};-276.524567593311;43.82098832575638
8218;-94.4412954708993;((((pow2((_a3_ + x)) * x) + (x / abs(_a2_))) * _a7_) + _a4_);{'d0': {'_a2_': 2.341160544521681, '_a3_': 0.31227558237873015, '_a4_': -0.0010241789332591919, '_a7_': 3.3825181303297644, '_a0_': 1.0, '_a1_': 1.0, '_a5_': 1.0, '_a6_': 1.0}};{'d0': 0.024885482501867298};-276.524567593311;43.82098832575638
8219;-94.4412954708993;((((pow2((_a3_ + x)) * x) + (x / abs(_a2_))) * _a7_) + _a4_);{'d0': {'_a2_': 2.341160544521681, '_a3_': 0.31227558237873015, '_a4_': -0.0010241789332591919, '_a7_': 3.3825181303297644, '_a0_': 1.0, '_a1_': 1.0, '_a5_': 1.0, '_a6_': 1.0}};{'d0': 0.024885482501867298};-276.524567593311;43.82098832575638
8220;-94.4412954708993;((((pow2((_a3_ + x)) * x) + (x / abs(_a2_))) * _a7_) + _a4_);{'d0': {'_a2_': 2.341160544521681, '_a3_': 0.31227558237873015, '_a4_': -0.0010241789332591919, '_a7_': 3.3825181303297644, '_a0_': 1.0, '_a1_': 1.0, '_a5_': 1.0, '_a6_': 1.0}};{'d0': 0.024885482501867298};-276.524567593311;43.82098832575638
8221;-94.4412954708993;((((pow2((_a3_ + x)) * x) + (x / abs(_a2_))) * _a7_) + _a4_);{'d0': {'_a2_': 2.341160544521681, '_a3_': 0.31227558237873015, '_a4_': -0.0010241789332591919, '_a7_': 3.3825181303297644, '_a0_': 1.0, '_a1_': 1.0, '_a5_': 1.0, '_a6_': 1.0}};{'d0': 0.024885482501867298};-276.524567593311;43.82098832575638
8222;-94.4412954708993;((((pow2((_a3_ + x)) * x) + (x / abs(_a2_))) * _a7_) + _a4_);{'d0': {'_a2_': 2.341160544521681, '_a3_': 0.31227558237873015, '_a4_': -0.0010241789332591919, '_a7_': 3.3825181303297644, '_a0_': 1.0, '_a1_': 1.0, '_a5_': 1.0, '_a6_': 1.0}};{'d0': 0.024885482501867298};-276.524567593311;43.82098832575638
8223;-94.4412954708993;((((pow2((_a3_ + x)) * x) + (x / abs(_a2_))) * _a7_) + _a4_);{'d0': {'_a2_': 2.341160544521681, '_a3_': 0.31227558237873015, '_a4_': -0.0010241789332591919, '_a7_': 3.3825181303297644, '_a0_': 1.0, '_a1_': 1.0, '_a5_': 1.0, '_a6_': 1.0}};{'d0': 0.024885482501867298};-276.524567593311;43.82098832575638
8224;-94.4412954708993;((((pow2((_a3_ + x)) * x) + (x / abs(_a2_))) * _a7_) + _a4_);{'d0': {'_a2_': 2.341160544521681, '_a3_': 0.31227558237873015, '_a4_': -0.0010241789332591919, '_a7_': 3.3825181303297644, '_a0_': 1.0, '_a1_': 1.0, '_a5_': 1.0, '_a6_': 1.0}};{'d0': 0.024885482501867298};-276.524567593311;43.82098832575638
8225;-88.5206944218683;((((pow2((_a3_ + x)) * x) + (x / abs((_a3_ + _a5_)))) * _a7_) + _a4_);{'d0': {'_a3_': 0.31227558093262636, '_a4_': -0.0010241747808445887, '_a5_': 2.0288849337862485, '_a7_': 3.3825181051151887, '_a0_': 1.0, '_a1_': 1.0, '_a2_': 1.0, '_a6_': 1.0}};{'d0': 0.024885482501868176};-276.524567593309;49.74158937478638
8226;-82.6834716137191;(((((pow2((_a3_ + x)) * x) + (x / abs((_a3_ + _a5_)))) * _a7_) + _a4_) / _a3_);{'d0': {'_a3_': 0.31227558795431837, '_a4_': -0.0003198312637124637, '_a5_': 2.0288850611057443, '_a7_': 1.0562778652738414, '_a0_': 1.0, '_a1_': 1.0, '_a2_': 1.0, '_a6_': 1.0}};{'d0': 0.02488548250186982};-276.524567593305;55.578812182933575
8227;-82.6834716137191;(((((pow2((_a3_ + x)) * x) + (x / abs((_a3_ + _a5_)))) * _a7_) + _a4_) / _a3_);{'d0': {'_a3_': 0.31227558795431837, '_a4_': -0.0003198312637124637, '_a5_': 2.0288850611057443, '_a7_': 1.0562778652738414, '_a0_': 1.0, '_a1_': 1.0, '_a2_': 1.0, '_a6_': 1.0}};{'d0': 0.02488548250186982};-276.524567593305;55.578812182933575
8228;-105.382580669956;((x * (_a5_ + pow2(((x + _a4_) * _a4_)))) * (_a0_ * _a4_));{'d0': {'_a0_': 111.25770413994927, '_a4_': 0.3119297075358247, '_a5_': 0.04168256634698016, '_a1_': 1.0, '_a2_': 1.0, '_a3_': 1.0, '_a6_': 1.0, '_a7_': 1.0}};{'d0': 0.024905832919416667};-280.569866449044;34.90235255456595
8229;-105.382580669956;((x * (_a5_ + pow2(((x + _a4_) * _a4_)))) * (_a0_ * _a4_));{'d0': {'_a0_': 111.25770413994927, '_a4_': 0.3119297075358247, '_a5_': 0.04168256634698016, '_a1_': 1.0, '_a2_': 1.0, '_a3_': 1.0, '_a6_': 1.0, '_a7_': 1.0}};{'d0': 0.024905832919416667};-280.569866449044;34.90235255456595
8230;-105.382580669956;((x * (_a5_ + pow2(((x + _a4_) * _a4_)))) * (_a0_ * _a4_));{'d0': {'_a0_': 111.25770413994927, '_a4_': 0.3119297075358247, '_a5_': 0.04168256634698016, '_a1_': 1.0, '_a2_': 1.0, '_a3_': 1.0, '_a6_': 1.0, '_a7_': 1.0}};{'d0': 0.024905832919416667};-280.569866449044;34.90235255456595
8231;-105.382580669956;((x * (_a5_ + pow2(((x + _a4_) * _a4_)))) * (_a0_ * _a4_));{'d0': {'_a0_': 111.25770413994927, '_a4_': 0.3119297075358247, '_a5_': 0.04168256634698016, '_a1_': 1.0, '_a2_': 1.0, '_a3_': 1.0, '_a6_': 1.0, '_a7_': 1.0}};{'d0': 0.024905832919416667};-280.569866449044;34.90235255456595
8232;-105.382580669956;((x * (_a5_ + pow2(((x + _a4_) * _a4_)))) * (_a0_ * _a4_));{'d0': {'_a0_': 111.25770413994927, '_a4_': 0.3119297075358247, '_a5_': 0.04168256634698016, '_a1_': 1.0, '_a2_': 1.0, '_a3_': 1.0, '_a6_': 1.0, '_a7_': 1.0}};{'d0': 0.024905832919416667};-280.569866449044;34.90235255456595
8233;-105.382580669956;((x * (_a5_ + pow2(((x + _a4_) * _a4_)))) * (_a0_ * _a4_));{'d0': {'_a0_': 111.25770413994927, '_a4_': 0.3119297075358247, '_a5_': 0.04168256634698016, '_a1_': 1.0, '_a2_': 1.0, '_a3_': 1.0, '_a6_': 1.0, '_a7_': 1.0}};{'d0': 0.024905832919416667};-280.569866449044;34.90235255456595
8234;-105.382580669956;((x * (_a5_ + pow2(((x + _a4_) * _a4_)))) * (_a0_ * _a4_));{'d0': {'_a0_': 111.25770413994927, '_a4_': 0.3119297075358247, '_a5_': 0.04168256634698016, '_a1_': 1.0, '_a2_': 1.0, '_a3_': 1.0, '_a6_': 1.0, '_a7_': 1.0}};{'d0': 0.024905832919416667};-280.569866449044;34.90235255456595
8235;-105.382580669956;((x * (_a5_ + pow2(((x + _a4_) * _a4_)))) * (_a0_ * _a4_));{'d0': {'_a0_': 111.25770413994927, '_a4_': 0.3119297075358247, '_a5_': 0.04168256634698016, '_a1_': 1.0, '_a2_': 1.0, '_a3_': 1.0, '_a6_': 1.0, '_a7_': 1.0}};{'d0': 0.024905832919416667};-280.569866449044;34.90235255456595
8236;-105.382580669956;((x * (_a5_ + pow2(((x + _a4_) * _a4_)))) * (_a0_ * _a4_));{'d0': {'_a0_': 111.25770413994927, '_a4_': 0.3119297075358247, '_a5_': 0.04168256634698016, '_a1_': 1.0, '_a2_': 1.0, '_a3_': 1.0, '_a6_': 1.0, '_a7_': 1.0}};{'d0': 0.024905832919416667};-280.569866449044;34.90235255456595
8237;-105.382580669956;((x * (_a5_ + pow2(((x + _a4_) * _a4_)))) * (_a0_ * _a4_));{'d0': {'_a0_': 111.25770413994927, '_a4_': 0.3119297075358247, '_a5_': 0.04168256634698016, '_a1_': 1.0, '_a2_': 1.0, '_a3_': 1.0, '_a6_': 1.0, '_a7_': 1.0}};{'d0': 0.024905832919416667};-280.569866449044;34.90235255456595
8238;-105.382580669956;((x * (_a5_ + pow2(((x + _a4_) * _a4_)))) * (_a0_ * _a4_));{'d0': {'_a0_': 111.25770413994927, '_a4_': 0.3119297075358247, '_a5_': 0.04168256634698016, '_a1_': 1.0, '_a2_': 1.0, '_a3_': 1.0, '_a6_': 1.0, '_a7_': 1.0}};{'d0': 0.024905832919416667};-280.569866449044;34.90235255456595
8239;-105.382580669956;((x * (_a5_ + pow2(((x + _a4_) * _a4_)))) * (_a0_ * _a4_));{'d0': {'_a0_': 111.25770413994927, '_a4_': 0.3119297075358247, '_a5_': 0.04168256634698016, '_a1_': 1.0, '_a2_': 1.0, '_a3_': 1.0, '_a6_': 1.0, '_a7_': 1.0}};{'d0': 0.024905832919416667};-280.569866449044;34.90235255456595
8240;-105.382580669956;((x * (_a5_ + pow2(((x + _a4_) * _a4_)))) * (_a0_ * _a4_));{'d0': {'_a0_': 111.25770413994927, '_a4_': 0.3119297075358247, '_a5_': 0.04168256634698016, '_a1_': 1.0, '_a2_': 1.0, '_a3_': 1.0, '_a6_': 1.0, '_a7_': 1.0}};{'d0': 0.024905832919416667};-280.569866449044;34.90235255456595
8241;-105.382580669956;((x * (_a5_ + pow2(((x + _a4_) * _a4_)))) * (_a0_ * _a4_));{'d0': {'_a0_': 111.25770413994927, '_a4_': 0.3119297075358247, '_a5_': 0.04168256634698016, '_a1_': 1.0, '_a2_': 1.0, '_a3_': 1.0, '_a6_': 1.0, '_a7_': 1.0}};{'d0': 0.024905832919416667};-280.569866449044;34.90235255456595
8242;-70.4780850012316;((((((pow2((_a5_ + x)) + _a3_) * ((_a7_ * _a3_) + (_a5_ / _a0_))) * x) / pow2(_a0_)) * _a2_) / -(_a2_));{'d0': {'_a0_': -28.727741566859446, '_a3_': 0.4283916282461782, '_a5_': 0.3119297079086176, '_a7_': -6505.199107515987, '_a1_': 1.0, '_a2_': 1.0, '_a4_': 1.0, '_a6_': 1.0}};{'d0': 0.024905832919549592};-272.381177324279;65.71250366090797
8243;-70.4780850012316;((((((pow2((_a5_ + x)) + _a3_) * ((_a7_ * _a3_) + (_a5_ / _a0_))) * x) / pow2(_a0_)) * _a2_) / -(_a2_));{'d0': {'_a0_': -28.727741566859446, '_a3_': 0.4283916282461782, '_a5_': 0.3119297079086176, '_a7_': -6505.199107515987, '_a1_': 1.0, '_a2_': 1.0, '_a4_': 1.0, '_a6_': 1.0}};{'d0': 0.024905832919549592};-272.381177324279;65.71250366090797
8244;-70.4780850012316;((((((pow2((_a5_ + x)) + _a3_) * ((_a7_ * _a3_) + (_a5_ / _a0_))) * x) / pow2(_a0_)) * _a2_) / -(_a2_));{'d0': {'_a0_': -28.727741566859446, '_a3_': 0.4283916282461782, '_a5_': 0.3119297079086176, '_a7_': -6505.199107515987, '_a1_': 1.0, '_a2_': 1.0, '_a4_': 1.0, '_a6_': 1.0}};{'d0': 0.024905832919549592};-272.381177324279;65.71250366090797
8245;-70.4780850012316;((((((pow2((_a5_ + x)) + _a3_) * ((_a7_ * _a3_) + (_a5_ / _a0_))) * x) / pow2(_a0_)) * _a2_) / -(_a2_));{'d0': {'_a0_': -28.727741566859446, '_a3_': 0.4283916282461782, '_a5_': 0.3119297079086176, '_a7_': -6505.199107515987, '_a1_': 1.0, '_a2_': 1.0, '_a4_': 1.0, '_a6_': 1.0}};{'d0': 0.024905832919549592};-272.381177324279;65.71250366090797
8246;-70.4780850012316;((((((pow2((_a5_ + x)) + _a3_) * ((_a7_ * _a3_) + (_a5_ / _a0_))) * x) / pow2(_a0_)) * _a2_) / -(_a2_));{'d0': {'_a0_': -28.727741566859446, '_a3_': 0.4283916282461782, '_a5_': 0.3119297079086176, '_a7_': -6505.199107515987, '_a1_': 1.0, '_a2_': 1.0, '_a4_': 1.0, '_a6_': 1.0}};{'d0': 0.024905832919549592};-272.381177324279;65.71250366090797
8247;-70.4780850012316;((((((pow2((_a5_ + x)) + _a3_) * ((_a7_ * _a3_) + (_a5_ / _a0_))) * x) / pow2(_a0_)) * _a2_) / -(_a2_));{'d0': {'_a0_': -28.727741566859446, '_a3_': 0.4283916282461782, '_a5_': 0.3119297079086176, '_a7_': -6505.199107515987, '_a1_': 1.0, '_a2_': 1.0, '_a4_': 1.0, '_a6_': 1.0}};{'d0': 0.024905832919549592};-272.381177324279;65.71250366090797
8248;-70.4780850012316;((((((pow2((_a5_ + x)) + _a3_) * ((_a7_ * _a3_) + (_a5_ / _a0_))) * x) / pow2(_a0_)) * _a2_) / -(_a2_));{'d0': {'_a0_': -28.727741566859446, '_a3_': 0.4283916282461782, '_a5_': 0.3119297079086176, '_a7_': -6505.199107515987, '_a1_': 1.0, '_a2_': 1.0, '_a4_': 1.0, '_a6_': 1.0}};{'d0': 0.024905832919549592};-272.381177324279;65.71250366090797
8249;-68.4309127150430;((((((pow2((_a6_ + x)) + _a3_) * ((_a7_ * _a3_) + (_a5_ / _a0_))) * x) / pow2(_a0_)) * _a2_) / -(_a2_));{'d0': {'_a0_': -196.35400487948672, '_a3_': 0.42839162705817, '_a5_': 1783188.9724887882, '_a6_': 0.31192970775367795, '_a7_': -282706.58211680583, '_a1_': 1.0, '_a2_': 1.0, '_a4_': 1.0}};{'d0': 0.024905832923764904};-268.286832751902;65.71250366090797
8250;-68.4309127150430;((((((pow2((_a6_ + x)) + _a3_) * ((_a7_ * _a3_) + (_a5_ / _a0_))) * x) / pow2(_a0_)) * _a2_) / -(_a2_));{'d0': {'_a0_': -196.35400487948672, '_a3_': 0.42839162705817, '_a5_': 1783188.9724887882, '_a6_': 0.31192970775367795, '_a7_': -282706.58211680583, '_a1_': 1.0, '_a2_': 1.0, '_a4_': 1.0}};{'d0': 0.024905832923764904};-268.286832751902;65.71250366090797
8251;-68.4309127150430;((((((pow2((_a6_ + x)) + _a3_) * ((_a7_ * _a3_) + (_a5_ / _a0_))) * x) / pow2(_a0_)) * _a2_) / -(_a2_));{'d0': {'_a0_': -196.35400487948672, '_a3_': 0.42839162705817, '_a5_': 1783188.9724887882, '_a6_': 0.31192970775367795, '_a7_': -282706.58211680583, '_a1_': 1.0, '_a2_': 1.0, '_a4_': 1.0}};{'d0': 0.024905832923764904};-268.286832751902;65.71250366090797
8252;-68.4309127150430;((((((pow2((_a6_ + x)) + _a3_) * ((_a7_ * _a3_) + (_a5_ / _a0_))) * x) / pow2(_a0_)) * _a2_) / -(_a2_));{'d0': {'_a0_': -196.35400487948672, '_a3_': 0.42839162705817, '_a5_': 1783188.9724887882, '_a6_': 0.31192970775367795, '_a7_': -282706.58211680583, '_a1_': 1.0, '_a2_': 1.0, '_a4_': 1.0}};{'d0': 0.024905832923764904};-268.286832751902;65.71250366090797
8253;-68.4309127150430;((((((pow2((_a6_ + x)) + _a3_) * ((_a7_ * _a3_) + (_a5_ / _a0_))) * x) / pow2(_a0_)) * _a2_) / -(_a2_));{'d0': {'_a0_': -196.35400487948672, '_a3_': 0.42839162705817, '_a5_': 1783188.9724887882, '_a6_': 0.31192970775367795, '_a7_': -282706.58211680583, '_a1_': 1.0, '_a2_': 1.0, '_a4_': 1.0}};{'d0': 0.024905832923764904};-268.286832751902;65.71250366090797
8254;-64.5670001003831;((((((pow2(((_a2_ / _a7_) + x)) + _a3_) * ((_a7_ * _a3_) + (_a5_ / _a0_))) * x) / pow2(_a0_)) * _a2_) / -(_a2_));{'d0': {'_a0_': -225.07567437016237, '_a2_': -104055.6968459176, '_a3_': 0.42839162791757535, '_a5_': 6337590.457730567, '_a7_': -333587.00449087535, '_a1_': 1.0, '_a4_': 1.0, '_a6_': 1.0}};{'d0': 0.024905832927197058};-272.381177305856;71.62358855254477
8255;-70.4780850007881;((((((pow2(((_a2_ / _a7_) + x)) + _a3_) * ((_a7_ * _a3_) + _a1_)) * x) / pow2(_a0_)) * _a2_) / -(_a2_));{'d0': {'_a0_': -220.59636459869515, '_a1_': -21748.518860339438, '_a2_': -103814.01290157455, '_a3_': 0.4283916255857517, '_a7_': -332812.2019092188, '_a4_': 1.0, '_a5_': 1.0, '_a6_': 1.0}};{'d0': 0.024905832919917787};-272.381177323392;65.71250366090797
8256;-70.4780850007881;((((((pow2(((_a2_ / _a7_) + x)) + _a3_) * ((_a7_ * _a3_) + _a1_)) * x) / pow2(_a0_)) * _a2_) / -(_a2_));{'d0': {'_a0_': -220.59636459869515, '_a1_': -21748.518860339438, '_a2_': -103814.01290157455, '_a3_': 0.4283916255857517, '_a7_': -332812.2019092188, '_a4_': 1.0, '_a5_': 1.0, '_a6_': 1.0}};{'d0': 0.024905832919917787};-272.381177323392;65.71250366090797
8257;-70.4780850007881;((((((pow2(((_a2_ / _a7_) + x)) + _a3_) * ((_a7_ * _a3_) + _a1_)) * x) / pow2(_a0_)) * _a2_) / -(_a2_));{'d0': {'_a0_': -220.59636459869515, '_a1_': -21748.518860339438, '_a2_': -103814.01290157455, '_a3_': 0.4283916255857517, '_a7_': -332812.2019092188, '_a4_': 1.0, '_a5_': 1.0, '_a6_': 1.0}};{'d0': 0.024905832919917787};-272.381177323392;65.71250366090797
8258;-70.4780850007881;((((((pow2(((_a2_ / _a7_) + x)) + _a3_) * ((_a7_ * _a3_) + _a1_)) * x) / pow2(_a0_)) * _a2_) / -(_a2_));{'d0': {'_a0_': -220.59636459869515, '_a1_': -21748.518860339438, '_a2_': -103814.01290157455, '_a3_': 0.4283916255857517, '_a7_': -332812.2019092188, '_a4_': 1.0, '_a5_': 1.0, '_a6_': 1.0}};{'d0': 0.024905832919917787};-272.381177323392;65.71250366090797
8259;-74.1760190463343;((((((pow2(((_a2_ / _a7_) + x)) + _a3_) * ((_a7_ * _a3_) + _a1_)) * x) / _a6_) * _a2_) / -(_a2_));{'d0': {'_a1_': -234966.38241917454, '_a2_': 171088.8239184626, '_a3_': 0.4283855629989632, '_a6_': 0.8934141835203998, '_a7_': 548485.7237068642, '_a0_': 1.0, '_a4_': 1.0, '_a5_': 1.0}};{'d0': 0.024905833274463773};-272.381176469264;62.01456918829797
8260;-74.1760190463343;((((((pow2(((_a2_ / _a7_) + x)) + _a3_) * ((_a7_ * _a3_) + _a1_)) * x) / _a6_) * _a2_) / -(_a2_));{'d0': {'_a1_': -234966.38241917454, '_a2_': 171088.8239184626, '_a3_': 0.4283855629989632, '_a6_': 0.8934141835203998, '_a7_': 548485.7237068642, '_a0_': 1.0, '_a4_': 1.0, '_a5_': 1.0}};{'d0': 0.024905833274463773};-272.381176469264;62.01456918829797
8261;-74.1760190463343;((((((pow2(((_a2_ / _a7_) + x)) + _a3_) * ((_a7_ * _a3_) + _a1_)) * x) / _a6_) * _a2_) / -(_a2_));{'d0': {'_a1_': -234966.38241917454, '_a2_': 171088.8239184626, '_a3_': 0.4283855629989632, '_a6_': 0.8934141835203998, '_a7_': 548485.7237068642, '_a0_': 1.0, '_a4_': 1.0, '_a5_': 1.0}};{'d0': 0.024905833274463773};-272.381176469264;62.01456918829797
8262;-74.1760190463343;((((((pow2(((_a2_ / _a7_) + x)) + _a3_) * ((_a7_ * _a3_) + _a1_)) * x) / _a6_) * _a2_) / -(_a2_));{'d0': {'_a1_': -234966.38241917454, '_a2_': 171088.8239184626, '_a3_': 0.4283855629989632, '_a6_': 0.8934141835203998, '_a7_': 548485.7237068642, '_a0_': 1.0, '_a4_': 1.0, '_a5_': 1.0}};{'d0': 0.024905833274463773};-272.381176469264;62.01456918829797
8263;-74.1760190463343;((((((pow2(((_a2_ / _a7_) + x)) + _a3_) * ((_a7_ * _a3_) + _a1_)) * x) / _a6_) * _a2_) / -(_a2_));{'d0': {'_a1_': -234966.38241917454, '_a2_': 171088.8239184626, '_a3_': 0.4283855629989632, '_a6_': 0.8934141835203998, '_a7_': 548485.7237068642, '_a0_': 1.0, '_a4_': 1.0, '_a5_': 1.0}};{'d0': 0.024905833274463773};-272.381176469264;62.01456918829797
8264;-74.1760190463343;((((((pow2(((_a2_ / _a7_) + x)) + _a3_) * ((_a7_ * _a3_) + _a1_)) * x) / _a6_) * _a2_) / -(_a2_));{'d0': {'_a1_': -234966.38241917454, '_a2_': 171088.8239184626, '_a3_': 0.4283855629989632, '_a6_': 0.8934141835203998, '_a7_': 548485.7237068642, '_a0_': 1.0, '_a4_': 1.0, '_a5_': 1.0}};{'d0': 0.024905833274463773};-272.381176469264;62.01456918829797
8265;-74.1760194739972;((((((pow2(((_a2_ / _a1_) + x)) + _a3_) * ((_a7_ * _a3_) + _a1_)) * x) / _a6_) * _a2_) / -(_a2_));{'d0': {'_a1_': -314446.175677675, '_a2_': -98085.10420342884, '_a3_': 0.42839162823387067, '_a6_': -6402.955631894041, '_a7_': 784486.445971197, '_a0_': 1.0, '_a4_': 1.0, '_a5_': 1.0}};{'d0': 0.024905832919420442};-272.381177324590;62.01456918829797
8266;-110.331920595413;((x * (_a5_ + pow2(((x + _a4_) * _a4_)))) * _a2_);{'d0': {'_a2_': 34.70458306077938, '_a4_': 0.3119297077124738, '_a5_': 0.04168256643156209, '_a0_': 1.0, '_a1_': 1.0, '_a3_': 1.0, '_a6_': 1.0, '_a7_': 1.0}};{'d0': 0.0249058329194167};-280.569866449043;29.95301262910895
8267;-110.331920595413;((x * (_a5_ + pow2(((x + _a4_) * _a4_)))) * _a2_);{'d0': {'_a2_': 34.70458306077938, '_a4_': 0.3119297077124738, '_a5_': 0.04168256643156209, '_a0_': 1.0, '_a1_': 1.0, '_a3_': 1.0, '_a6_': 1.0, '_a7_': 1.0}};{'d0': 0.0249058329194167};-280.569866449043;29.95301262910895
8268;-110.331920595413;((x * (_a5_ + pow2(((x + _a4_) * _a4_)))) * _a2_);{'d0': {'_a2_': 34.70458306077938, '_a4_': 0.3119297077124738, '_a5_': 0.04168256643156209, '_a0_': 1.0, '_a1_': 1.0, '_a3_': 1.0, '_a6_': 1.0, '_a7_': 1.0}};{'d0': 0.0249058329194167};-280.569866449043;29.95301262910895
8269;-110.331920595413;((x * (_a5_ + pow2(((x + _a4_) * _a4_)))) * _a2_);{'d0': {'_a2_': 34.70458306077938, '_a4_': 0.3119297077124738, '_a5_': 0.04168256643156209, '_a0_': 1.0, '_a1_': 1.0, '_a3_': 1.0, '_a6_': 1.0, '_a7_': 1.0}};{'d0': 0.0249058329194167};-280.569866449043;29.95301262910895
8270;-110.331920595413;((x * (_a5_ + pow2(((x + _a4_) * _a4_)))) * _a2_);{'d0': {'_a2_': 34.70458306077938, '_a4_': 0.3119297077124738, '_a5_': 0.04168256643156209, '_a0_': 1.0, '_a1_': 1.0, '_a3_': 1.0, '_a6_': 1.0, '_a7_': 1.0}};{'d0': 0.0249058329194167};-280.569866449043;29.95301262910895
8271;-110.331920595413;((x * (_a5_ + pow2(((x + _a4_) * _a4_)))) * _a2_);{'d0': {'_a2_': 34.70458306077938, '_a4_': 0.3119297077124738, '_a5_': 0.04168256643156209, '_a0_': 1.0, '_a1_': 1.0, '_a3_': 1.0, '_a6_': 1.0, '_a7_': 1.0}};{'d0': 0.0249058329194167};-280.569866449043;29.95301262910895
8272;-110.331920595413;((x * (_a5_ + pow2(((x + _a4_) * _a4_)))) * _a2_);{'d0': {'_a2_': 34.70458306077938, '_a4_': 0.3119297077124738, '_a5_': 0.04168256643156209, '_a0_': 1.0, '_a1_': 1.0, '_a3_': 1.0, '_a6_': 1.0, '_a7_': 1.0}};{'d0': 0.0249058329194167};-280.569866449043;29.95301262910895
8273;-110.331920595413;((x * (_a5_ + pow2(((x + _a4_) * _a4_)))) * _a2_);{'d0': {'_a2_': 34.70458306077938, '_a4_': 0.3119297077124738, '_a5_': 0.04168256643156209, '_a0_': 1.0, '_a1_': 1.0, '_a3_': 1.0, '_a6_': 1.0, '_a7_': 1.0}};{'d0': 0.0249058329194167};-280.569866449043;29.95301262910895
8274;-110.331920595413;((x * (_a5_ + pow2(((x + _a4_) * _a4_)))) * _a2_);{'d0': {'_a2_': 34.70458306077938, '_a4_': 0.3119297077124738, '_a5_': 0.04168256643156209, '_a0_': 1.0, '_a1_': 1.0, '_a3_': 1.0, '_a6_': 1.0, '_a7_': 1.0}};{'d0': 0.0249058329194167};-280.569866449043;29.95301262910895
8275;-110.331920595413;((x * (_a5_ + pow2(((x + _a4_) * _a4_)))) * _a2_);{'d0': {'_a2_': 34.70458306077938, '_a4_': 0.3119297077124738, '_a5_': 0.04168256643156209, '_a0_': 1.0, '_a1_': 1.0, '_a3_': 1.0, '_a6_': 1.0, '_a7_': 1.0}};{'d0': 0.0249058329194167};-280.569866449043;29.95301262910895
8276;-110.331920595413;((x * (_a5_ + pow2(((x + _a4_) * _a4_)))) * _a2_);{'d0': {'_a2_': 34.70458306077938, '_a4_': 0.3119297077124738, '_a5_': 0.04168256643156209, '_a0_': 1.0, '_a1_': 1.0, '_a3_': 1.0, '_a6_': 1.0, '_a7_': 1.0}};{'d0': 0.0249058329194167};-280.569866449043;29.95301262910895
8277;-110.331920595413;((x * (_a5_ + pow2(((x + _a4_) * _a4_)))) * _a2_);{'d0': {'_a2_': 34.70458306077938, '_a4_': 0.3119297077124738, '_a5_': 0.04168256643156209, '_a0_': 1.0, '_a1_': 1.0, '_a3_': 1.0, '_a6_': 1.0, '_a7_': 1.0}};{'d0': 0.0249058329194167};-280.569866449043;29.95301262910895
8278;-110.331920595413;((x * (_a5_ + pow2(((x + _a4_) * _a4_)))) * _a2_);{'d0': {'_a2_': 34.70458306077938, '_a4_': 0.3119297077124738, '_a5_': 0.04168256643156209, '_a0_': 1.0, '_a1_': 1.0, '_a3_': 1.0, '_a6_': 1.0, '_a7_': 1.0}};{'d0': 0.0249058329194167};-280.569866449043;29.95301262910895
8279;-110.331920595413;((x * (_a5_ + pow2(((x + _a4_) * _a4_)))) * _a2_);{'d0': {'_a2_': 34.70458306077938, '_a4_': 0.3119297077124738, '_a5_': 0.04168256643156209, '_a0_': 1.0, '_a1_': 1.0, '_a3_': 1.0, '_a6_': 1.0, '_a7_': 1.0}};{'d0': 0.0249058329194167};-280.569866449043;29.95301262910895
8280;-110.331920595413;((x * (_a5_ + pow2(((x + _a4_) * _a4_)))) * _a2_);{'d0': {'_a2_': 34.70458306077938, '_a4_': 0.3119297077124738, '_a5_': 0.04168256643156209, '_a0_': 1.0, '_a1_': 1.0, '_a3_': 1.0, '_a6_': 1.0, '_a7_': 1.0}};{'d0': 0.0249058329194167};-280.569866449043;29.95301262910895
8281;-110.331920595413;((x * (_a5_ + pow2(((x + _a4_) * _a4_)))) * _a2_);{'d0': {'_a2_': 34.70458306077938, '_a4_': 0.3119297077124738, '_a5_': 0.04168256643156209, '_a0_': 1.0, '_a1_': 1.0, '_a3_': 1.0, '_a6_': 1.0, '_a7_': 1.0}};{'d0': 0.0249058329194167};-280.569866449043;29.95301262910895
8282;-110.331920595413;((x * (_a5_ + pow2(((x + _a4_) * _a4_)))) * _a2_);{'d0': {'_a2_': 34.70458306077938, '_a4_': 0.3119297077124738, '_a5_': 0.04168256643156209, '_a0_': 1.0, '_a1_': 1.0, '_a3_': 1.0, '_a6_': 1.0, '_a7_': 1.0}};{'d0': 0.0249058329194167};-280.569866449043;29.95301262910895
8283;-110.331920595413;((x * (_a5_ + pow2(((x + _a4_) * _a4_)))) * _a2_);{'d0': {'_a2_': 34.70458306077938, '_a4_': 0.3119297077124738, '_a5_': 0.04168256643156209, '_a0_': 1.0, '_a1_': 1.0, '_a3_': 1.0, '_a6_': 1.0, '_a7_': 1.0}};{'d0': 0.0249058329194167};-280.569866449043;29.95301262910895
8284;-110.331920595413;((x * (_a5_ + pow2(((x + _a4_) * _a4_)))) * _a2_);{'d0': {'_a2_': 34.70458306077938, '_a4_': 0.3119297077124738, '_a5_': 0.04168256643156209, '_a0_': 1.0, '_a1_': 1.0, '_a3_': 1.0, '_a6_': 1.0, '_a7_': 1.0}};{'d0': 0.0249058329194167};-280.569866449043;29.95301262910895
8285;-110.331920595413;((x * (_a5_ + pow2(((x + _a4_) * _a4_)))) * _a2_);{'d0': {'_a2_': 34.70458306077938, '_a4_': 0.3119297077124738, '_a5_': 0.04168256643156209, '_a0_': 1.0, '_a1_': 1.0, '_a3_': 1.0, '_a6_': 1.0, '_a7_': 1.0}};{'d0': 0.0249058329194167};-280.569866449043;29.95301262910895
8286;-110.331920595413;((x * (_a5_ + pow2(((x + _a4_) * _a4_)))) * _a2_);{'d0': {'_a2_': 34.70458306077938, '_a4_': 0.3119297077124738, '_a5_': 0.04168256643156209, '_a0_': 1.0, '_a1_': 1.0, '_a3_': 1.0, '_a6_': 1.0, '_a7_': 1.0}};{'d0': 0.0249058329194167};-280.569866449043;29.95301262910895
8287;-110.331920595413;((x * (_a5_ + pow2(((x + _a4_) * _a4_)))) * _a2_);{'d0': {'_a2_': 34.70458306077938, '_a4_': 0.3119297077124738, '_a5_': 0.04168256643156209, '_a0_': 1.0, '_a1_': 1.0, '_a3_': 1.0, '_a6_': 1.0, '_a7_': 1.0}};{'d0': 0.0249058329194167};-280.569866449043;29.95301262910895
8288;-110.331920595413;((x * (_a5_ + pow2(((x + _a4_) * _a4_)))) * _a2_);{'d0': {'_a2_': 34.70458306077938, '_a4_': 0.3119297077124738, '_a5_': 0.04168256643156209, '_a0_': 1.0, '_a1_': 1.0, '_a3_': 1.0, '_a6_': 1.0, '_a7_': 1.0}};{'d0': 0.0249058329194167};-280.569866449043;29.95301262910895
8289;-110.331920595413;((x * (_a5_ + pow2(((x + _a4_) * _a4_)))) * _a2_);{'d0': {'_a2_': 34.70458306077938, '_a4_': 0.3119297077124738, '_a5_': 0.04168256643156209, '_a0_': 1.0, '_a1_': 1.0, '_a3_': 1.0, '_a6_': 1.0, '_a7_': 1.0}};{'d0': 0.0249058329194167};-280.569866449043;29.95301262910895
8290;-110.331920595413;((x * (_a5_ + pow2(((x + _a4_) * _a4_)))) * _a2_);{'d0': {'_a2_': 34.70458306077938, '_a4_': 0.3119297077124738, '_a5_': 0.04168256643156209, '_a0_': 1.0, '_a1_': 1.0, '_a3_': 1.0, '_a6_': 1.0, '_a7_': 1.0}};{'d0': 0.0249058329194167};-280.569866449043;29.95301262910895
8291;-110.331920595413;((x * (_a5_ + pow2(((x + _a4_) * _a4_)))) * _a2_);{'d0': {'_a2_': 34.70458306077938, '_a4_': 0.3119297077124738, '_a5_': 0.04168256643156209, '_a0_': 1.0, '_a1_': 1.0, '_a3_': 1.0, '_a6_': 1.0, '_a7_': 1.0}};{'d0': 0.0249058329194167};-280.569866449043;29.95301262910895
8292;-110.331920595413;((x * (_a5_ + pow2(((x + _a4_) * _a4_)))) * _a2_);{'d0': {'_a2_': 34.70458306077938, '_a4_': 0.3119297077124738, '_a5_': 0.04168256643156209, '_a0_': 1.0, '_a1_': 1.0, '_a3_': 1.0, '_a6_': 1.0, '_a7_': 1.0}};{'d0': 0.0249058329194167};-280.569866449043;29.95301262910895
8293;-100.023248639846;(((_a4_ + pow2(x)) + (log(_a1_) * x)) * ((x * _a1_) * _a2_));{'d0': {'_a1_': 1.8661162802306932, '_a2_': 1.8095125745595146, '_a4_': 0.5256917712686555, '_a0_': 1.0, '_a3_': 1.0, '_a5_': 1.0, '_a6_': 1.0, '_a7_': 1.0}};{'d0': 0.024905832919416553};-280.569866449044;40.26168458467605
8294;-100.023248639846;(((_a4_ + pow2(x)) + (log(_a1_) * x)) * ((x * _a1_) * _a2_));{'d0': {'_a1_': 1.8661162802306932, '_a2_': 1.8095125745595146, '_a4_': 0.5256917712686555, '_a0_': 1.0, '_a3_': 1.0, '_a5_': 1.0, '_a6_': 1.0, '_a7_': 1.0}};{'d0': 0.024905832919416553};-280.569866449044;40.26168458467605
8295;-100.023248639846;(((_a4_ + pow2(x)) + (log(_a1_) * x)) * ((x * _a1_) * _a2_));{'d0': {'_a1_': 1.8661162802306932, '_a2_': 1.8095125745595146, '_a4_': 0.5256917712686555, '_a0_': 1.0, '_a3_': 1.0, '_a5_': 1.0, '_a6_': 1.0, '_a7_': 1.0}};{'d0': 0.024905832919416553};-280.569866449044;40.26168458467605
8296;-98.7654714873424;(((_a4_ + pow2(x)) + (sin(_a1_) * x)) * ((x * _a1_) * _a2_));{'d0': {'_a1_': 2.467921384984955, '_a2_': 1.3682611193295722, '_a4_': 0.5256917707313555, '_a0_': 1.0, '_a3_': 1.0, '_a5_': 1.0, '_a6_': 1.0, '_a7_': 1.0}};{'d0': 0.02490583291941657};-280.569866449044;41.51946173717957
8297;-110.331920595413;((x * (_a5_ + pow2(((x + _a4_) * _a4_)))) * _a2_);{'d0': {'_a2_': 34.70458306077938, '_a4_': 0.3119297077124738, '_a5_': 0.04168256643156209, '_a0_': 1.0, '_a1_': 1.0, '_a3_': 1.0, '_a6_': 1.0, '_a7_': 1.0}};{'d0': 0.0249058329194167};-280.569866449043;29.95301262910895
8298;-110.331920595413;((x * (_a5_ + pow2(((x + _a4_) * _a4_)))) * _a2_);{'d0': {'_a2_': 34.70458306077938, '_a4_': 0.3119297077124738, '_a5_': 0.04168256643156209, '_a0_': 1.0, '_a1_': 1.0, '_a3_': 1.0, '_a6_': 1.0, '_a7_': 1.0}};{'d0': 0.0249058329194167};-280.569866449043;29.95301262910895
8299;-110.331920595413;((x * (_a5_ + pow2(((x + _a4_) * _a4_)))) * _a2_);{'d0': {'_a2_': 34.70458306077938, '_a4_': 0.3119297077124738, '_a5_': 0.04168256643156209, '_a0_': 1.0, '_a1_': 1.0, '_a3_': 1.0, '_a6_': 1.0, '_a7_': 1.0}};{'d0': 0.0249058329194167};-280.569866449043;29.95301262910895
8300;-110.331920595413;((x * (_a5_ + pow2(((x + _a4_) * _a4_)))) * _a2_);{'d0': {'_a2_': 34.70458306077938, '_a4_': 0.3119297077124738, '_a5_': 0.04168256643156209, '_a0_': 1.0, '_a1_': 1.0, '_a3_': 1.0, '_a6_': 1.0, '_a7_': 1.0}};{'d0': 0.0249058329194167};-280.569866449043;29.95301262910895
8301;-110.331920595413;((x * (_a5_ + pow2(((x + _a4_) * _a4_)))) * _a2_);{'d0': {'_a2_': 34.70458306077938, '_a4_': 0.3119297077124738, '_a5_': 0.04168256643156209, '_a0_': 1.0, '_a1_': 1.0, '_a3_': 1.0, '_a6_': 1.0, '_a7_': 1.0}};{'d0': 0.0249058329194167};-280.569866449043;29.95301262910895
8302;-110.331920595413;((x * (_a5_ + pow2(((x + _a4_) * _a4_)))) * _a2_);{'d0': {'_a2_': 34.70458306077938, '_a4_': 0.3119297077124738, '_a5_': 0.04168256643156209, '_a0_': 1.0, '_a1_': 1.0, '_a3_': 1.0, '_a6_': 1.0, '_a7_': 1.0}};{'d0': 0.0249058329194167};-280.569866449043;29.95301262910895
8303;-110.331920595413;((x * (_a5_ + pow2(((x + _a4_) * _a4_)))) * _a2_);{'d0': {'_a2_': 34.70458306077938, '_a4_': 0.3119297077124738, '_a5_': 0.04168256643156209, '_a0_': 1.0, '_a1_': 1.0, '_a3_': 1.0, '_a6_': 1.0, '_a7_': 1.0}};{'d0': 0.0249058329194167};-280.569866449043;29.95301262910895
8304;-110.331920595413;((x * (_a5_ + pow2(((x + _a4_) * _a4_)))) * _a2_);{'d0': {'_a2_': 34.70458306077938, '_a4_': 0.3119297077124738, '_a5_': 0.04168256643156209, '_a0_': 1.0, '_a1_': 1.0, '_a3_': 1.0, '_a6_': 1.0, '_a7_': 1.0}};{'d0': 0.0249058329194167};-280.569866449043;29.95301262910895
8305;-110.331920595413;((x * (_a5_ + pow2(((x + _a4_) * _a4_)))) * _a2_);{'d0': {'_a2_': 34.70458306077938, '_a4_': 0.3119297077124738, '_a5_': 0.04168256643156209, '_a0_': 1.0, '_a1_': 1.0, '_a3_': 1.0, '_a6_': 1.0, '_a7_': 1.0}};{'d0': 0.0249058329194167};-280.569866449043;29.95301262910895
8306;-110.331920595413;((x * (_a5_ + pow2(((x + _a4_) * _a4_)))) * _a2_);{'d0': {'_a2_': 34.70458306077938, '_a4_': 0.3119297077124738, '_a5_': 0.04168256643156209, '_a0_': 1.0, '_a1_': 1.0, '_a3_': 1.0, '_a6_': 1.0, '_a7_': 1.0}};{'d0': 0.0249058329194167};-280.569866449043;29.95301262910895
8307;-110.331920595413;((x * (_a5_ + pow2(((x + _a4_) * _a4_)))) * _a2_);{'d0': {'_a2_': 34.70458306077938, '_a4_': 0.3119297077124738, '_a5_': 0.04168256643156209, '_a0_': 1.0, '_a1_': 1.0, '_a3_': 1.0, '_a6_': 1.0, '_a7_': 1.0}};{'d0': 0.0249058329194167};-280.569866449043;29.95301262910895
8308;-110.331920595413;((x * (_a5_ + pow2(((x + _a4_) * _a4_)))) * _a2_);{'d0': {'_a2_': 34.70458306077938, '_a4_': 0.3119297077124738, '_a5_': 0.04168256643156209, '_a0_': 1.0, '_a1_': 1.0, '_a3_': 1.0, '_a6_': 1.0, '_a7_': 1.0}};{'d0': 0.0249058329194167};-280.569866449043;29.95301262910895
8309;-110.331920595413;((x * (_a5_ + pow2(((x + _a4_) * _a4_)))) * _a2_);{'d0': {'_a2_': 34.70458306077938, '_a4_': 0.3119297077124738, '_a5_': 0.04168256643156209, '_a0_': 1.0, '_a1_': 1.0, '_a3_': 1.0, '_a6_': 1.0, '_a7_': 1.0}};{'d0': 0.0249058329194167};-280.569866449043;29.95301262910895
8310;-98.7654714873424;(((_a4_ + pow2(x)) + (sin(_a1_) * x)) * ((x * _a1_) * _a2_));{'d0': {'_a1_': 2.467921384984955, '_a2_': 1.3682611193295722, '_a4_': 0.5256917707313555, '_a0_': 1.0, '_a3_': 1.0, '_a5_': 1.0, '_a6_': 1.0, '_a7_': 1.0}};{'d0': 0.02490583291941657};-280.569866449044;41.51946173717957
8311;-98.7654714873424;(((_a4_ + pow2(x)) + (sin(_a1_) * x)) * ((x * _a1_) * _a2_));{'d0': {'_a1_': 2.467921384984955, '_a2_': 1.3682611193295722, '_a4_': 0.5256917707313555, '_a0_': 1.0, '_a3_': 1.0, '_a5_': 1.0, '_a6_': 1.0, '_a7_': 1.0}};{'d0': 0.02490583291941657};-280.569866449044;41.51946173717957
8312;-98.7654714873424;(((_a4_ + pow2(x)) + (sin(_a1_) * x)) * ((x * _a1_) * _a2_));{'d0': {'_a1_': 2.467921384984955, '_a2_': 1.3682611193295722, '_a4_': 0.5256917707313555, '_a0_': 1.0, '_a3_': 1.0, '_a5_': 1.0, '_a6_': 1.0, '_a7_': 1.0}};{'d0': 0.02490583291941657};-280.569866449044;41.51946173717957
8313;-98.7654714873424;(((_a4_ + pow2(x)) + (sin(_a1_) * x)) * ((x * _a1_) * _a2_));{'d0': {'_a1_': 2.467921384984955, '_a2_': 1.3682611193295722, '_a4_': 0.5256917707313555, '_a0_': 1.0, '_a3_': 1.0, '_a5_': 1.0, '_a6_': 1.0, '_a7_': 1.0}};{'d0': 0.02490583291941657};-280.569866449044;41.51946173717957
8314;-98.7654714873424;(((_a4_ + pow2(x)) + (sin(_a1_) * x)) * ((x * _a1_) * _a2_));{'d0': {'_a1_': 2.467921384984955, '_a2_': 1.3682611193295722, '_a4_': 0.5256917707313555, '_a0_': 1.0, '_a3_': 1.0, '_a5_': 1.0, '_a6_': 1.0, '_a7_': 1.0}};{'d0': 0.02490583291941657};-280.569866449044;41.51946173717957
8315;-98.7654714873424;(((_a4_ + pow2(x)) + (sin(_a1_) * x)) * ((x * _a1_) * _a2_));{'d0': {'_a1_': 2.467921384984955, '_a2_': 1.3682611193295722, '_a4_': 0.5256917707313555, '_a0_': 1.0, '_a3_': 1.0, '_a5_': 1.0, '_a6_': 1.0, '_a7_': 1.0}};{'d0': 0.02490583291941657};-280.569866449044;41.51946173717957
8316;-98.7654714873424;(((_a4_ + pow2(x)) + (sin(_a1_) * x)) * ((x * _a1_) * _a2_));{'d0': {'_a1_': 2.467921384984955, '_a2_': 1.3682611193295722, '_a4_': 0.5256917707313555, '_a0_': 1.0, '_a3_': 1.0, '_a5_': 1.0, '_a6_': 1.0, '_a7_': 1.0}};{'d0': 0.02490583291941657};-280.569866449044;41.51946173717957
8317;-98.7654714873424;(((_a4_ + pow2(x)) + (sin(_a1_) * x)) * ((x * _a1_) * _a2_));{'d0': {'_a1_': 2.467921384984955, '_a2_': 1.3682611193295722, '_a4_': 0.5256917707313555, '_a0_': 1.0, '_a3_': 1.0, '_a5_': 1.0, '_a6_': 1.0, '_a7_': 1.0}};{'d0': 0.02490583291941657};-280.569866449044;41.51946173717957
8318;-98.7654714873424;(((_a4_ + pow2(x)) + (sin(_a1_) * x)) * ((x * _a1_) * _a2_));{'d0': {'_a1_': 2.467921384984955, '_a2_': 1.3682611193295722, '_a4_': 0.5256917707313555, '_a0_': 1.0, '_a3_': 1.0, '_a5_': 1.0, '_a6_': 1.0, '_a7_': 1.0}};{'d0': 0.02490583291941657};-280.569866449044;41.51946173717957
8319;-98.7654714873424;(((_a4_ + pow2(x)) + (sin(_a1_) * x)) * ((x * _a1_) * _a2_));{'d0': {'_a1_': 2.467921384984955, '_a2_': 1.3682611193295722, '_a4_': 0.5256917707313555, '_a0_': 1.0, '_a3_': 1.0, '_a5_': 1.0, '_a6_': 1.0, '_a7_': 1.0}};{'d0': 0.02490583291941657};-280.569866449044;41.51946173717957
8320;-98.7654714873424;(((_a4_ + pow2(x)) + (sin(_a1_) * x)) * ((x * _a1_) * _a2_));{'d0': {'_a1_': 2.467921384984955, '_a2_': 1.3682611193295722, '_a4_': 0.5256917707313555, '_a0_': 1.0, '_a3_': 1.0, '_a5_': 1.0, '_a6_': 1.0, '_a7_': 1.0}};{'d0': 0.02490583291941657};-280.569866449044;41.51946173717957
8321;-98.7654714873424;(((_a4_ + pow2(x)) + (sin(_a1_) * x)) * ((x * _a1_) * _a2_));{'d0': {'_a1_': 2.467921384984955, '_a2_': 1.3682611193295722, '_a4_': 0.5256917707313555, '_a0_': 1.0, '_a3_': 1.0, '_a5_': 1.0, '_a6_': 1.0, '_a7_': 1.0}};{'d0': 0.02490583291941657};-280.569866449044;41.51946173717957
8322;-98.7654714873424;(((_a4_ + pow2(x)) + (sin(_a1_) * x)) * ((x * _a1_) * _a2_));{'d0': {'_a1_': 2.467921384984955, '_a2_': 1.3682611193295722, '_a4_': 0.5256917707313555, '_a0_': 1.0, '_a3_': 1.0, '_a5_': 1.0, '_a6_': 1.0, '_a7_': 1.0}};{'d0': 0.02490583291941657};-280.569866449044;41.51946173717957
8323;-98.7654714873424;(((_a4_ + pow2(x)) + (sin(_a1_) * x)) * ((x * _a1_) * _a2_));{'d0': {'_a1_': 2.467921384984955, '_a2_': 1.3682611193295722, '_a4_': 0.5256917707313555, '_a0_': 1.0, '_a3_': 1.0, '_a5_': 1.0, '_a6_': 1.0, '_a7_': 1.0}};{'d0': 0.02490583291941657};-280.569866449044;41.51946173717957
8324;-98.7654714873424;(((_a4_ + pow2(x)) + (sin(_a1_) * x)) * ((x * _a1_) * _a2_));{'d0': {'_a1_': 2.467921384984955, '_a2_': 1.3682611193295722, '_a4_': 0.5256917707313555, '_a0_': 1.0, '_a3_': 1.0, '_a5_': 1.0, '_a6_': 1.0, '_a7_': 1.0}};{'d0': 0.02490583291941657};-280.569866449044;41.51946173717957
8325;-98.7654714873424;(((_a4_ + pow2(x)) + (sin(_a1_) * x)) * ((x * _a1_) * _a2_));{'d0': {'_a1_': 2.467921384984955, '_a2_': 1.3682611193295722, '_a4_': 0.5256917707313555, '_a0_': 1.0, '_a3_': 1.0, '_a5_': 1.0, '_a6_': 1.0, '_a7_': 1.0}};{'d0': 0.02490583291941657};-280.569866449044;41.51946173717957
8326;-98.7654714873424;(((_a4_ + pow2(x)) + (sin(_a1_) * x)) * ((x * _a1_) * _a2_));{'d0': {'_a1_': 2.467921384984955, '_a2_': 1.3682611193295722, '_a4_': 0.5256917707313555, '_a0_': 1.0, '_a3_': 1.0, '_a5_': 1.0, '_a6_': 1.0, '_a7_': 1.0}};{'d0': 0.02490583291941657};-280.569866449044;41.51946173717957
8327;-98.7654714873424;(((_a4_ + pow2(x)) + (sin(_a1_) * x)) * ((x * _a1_) * _a2_));{'d0': {'_a1_': 2.467921384984955, '_a2_': 1.3682611193295722, '_a4_': 0.5256917707313555, '_a0_': 1.0, '_a3_': 1.0, '_a5_': 1.0, '_a6_': 1.0, '_a7_': 1.0}};{'d0': 0.02490583291941657};-280.569866449044;41.51946173717957
8328;-98.7654714873424;(((_a4_ + pow2(x)) + (sin(_a1_) * x)) * ((x * _a1_) * _a2_));{'d0': {'_a1_': 2.467921384984955, '_a2_': 1.3682611193295722, '_a4_': 0.5256917707313555, '_a0_': 1.0, '_a3_': 1.0, '_a5_': 1.0, '_a6_': 1.0, '_a7_': 1.0}};{'d0': 0.02490583291941657};-280.569866449044;41.51946173717957
8329;-98.7654714873424;(((_a4_ + pow2(x)) + (sin(_a1_) * x)) * ((x * _a1_) * _a2_));{'d0': {'_a1_': 2.467921384984955, '_a2_': 1.3682611193295722, '_a4_': 0.5256917707313555, '_a0_': 1.0, '_a3_': 1.0, '_a5_': 1.0, '_a6_': 1.0, '_a7_': 1.0}};{'d0': 0.02490583291941657};-280.569866449044;41.51946173717957
8330;-98.7654714873424;(((_a4_ + pow2(x)) + (sin(_a1_) * x)) * ((x * _a1_) * _a2_));{'d0': {'_a1_': 2.467921384984955, '_a2_': 1.3682611193295722, '_a4_': 0.5256917707313555, '_a0_': 1.0, '_a3_': 1.0, '_a5_': 1.0, '_a6_': 1.0, '_a7_': 1.0}};{'d0': 0.02490583291941657};-280.569866449044;41.51946173717957
8331;-92.9651797209399;((((_a4_ / _a1_) + pow2(x)) + (sin(_a1_) * x)) * ((x * _a1_) * _a2_));{'d0': {'_a1_': 2.467921385041242, '_a2_': 1.3682611200638368, '_a4_': 1.2973659618600053, '_a0_': 1.0, '_a3_': 1.0, '_a5_': 1.0, '_a6_': 1.0, '_a7_': 1.0}};{'d0': 0.02490583291941661};-280.569866449044;47.31975350358197
8332;-99.5822889035534;((((_a4_ / _a1_) + pow2(x)) + (_a4_ * x)) * ((x * _a1_) * _a2_));{'d0': {'_a1_': 1.186739931441141, '_a2_': 2.845409334151986, '_a4_': 0.6238594157402395, '_a0_': 1.0, '_a3_': 1.0, '_a5_': 1.0, '_a6_': 1.0, '_a7_': 1.0}};{'d0': 0.024905832919416653};-280.569866449044;40.70264432096845
8333;-99.5822889035534;((((_a4_ / _a1_) + pow2(x)) + (_a4_ * x)) * ((x * _a1_) * _a2_));{'d0': {'_a1_': 1.186739931441141, '_a2_': 2.845409334151986, '_a4_': 0.6238594157402395, '_a0_': 1.0, '_a3_': 1.0, '_a5_': 1.0, '_a6_': 1.0, '_a7_': 1.0}};{'d0': 0.024905832919416653};-280.569866449044;40.70264432096845
8334;-99.5822889035534;((((_a4_ / _a1_) + pow2(x)) + (_a4_ * x)) * ((x * _a1_) * _a2_));{'d0': {'_a1_': 1.186739931441141, '_a2_': 2.845409334151986, '_a4_': 0.6238594157402395, '_a0_': 1.0, '_a3_': 1.0, '_a5_': 1.0, '_a6_': 1.0, '_a7_': 1.0}};{'d0': 0.024905832919416653};-280.569866449044;40.70264432096845
8335;-99.5822889035534;((((_a4_ / _a1_) + pow2(x)) + (_a4_ * x)) * ((x * _a1_) * _a2_));{'d0': {'_a1_': 1.186739931441141, '_a2_': 2.845409334151986, '_a4_': 0.6238594157402395, '_a0_': 1.0, '_a3_': 1.0, '_a5_': 1.0, '_a6_': 1.0, '_a7_': 1.0}};{'d0': 0.024905832919416653};-280.569866449044;40.70264432096845
8336;-99.5822889035534;((((_a4_ / _a1_) + pow2(x)) + (_a4_ * x)) * ((x * _a1_) * _a2_));{'d0': {'_a1_': 1.186739931441141, '_a2_': 2.845409334151986, '_a4_': 0.6238594157402395, '_a0_': 1.0, '_a3_': 1.0, '_a5_': 1.0, '_a6_': 1.0, '_a7_': 1.0}};{'d0': 0.024905832919416653};-280.569866449044;40.70264432096845
8337;-110.331920595413;((x * (_a1_ + pow2(((x + _a4_) * _a4_)))) * _a2_);{'d0': {'_a1_': 0.0416825665817984, '_a2_': 34.70458297005077, '_a4_': 0.3119297079940937, '_a0_': 1.0, '_a3_': 1.0, '_a5_': 1.0, '_a6_': 1.0, '_a7_': 1.0}};{'d0': 0.024905832919416553};-280.569866449044;29.95301262910895
8338;-110.331920595413;((x * (_a1_ + pow2(((x + _a4_) * _a4_)))) * _a2_);{'d0': {'_a1_': 0.0416825665817984, '_a2_': 34.70458297005077, '_a4_': 0.3119297079940937, '_a0_': 1.0, '_a3_': 1.0, '_a5_': 1.0, '_a6_': 1.0, '_a7_': 1.0}};{'d0': 0.024905832919416553};-280.569866449044;29.95301262910895
8339;-110.331920595413;((x * (_a1_ + pow2(((x + _a4_) * _a4_)))) * _a2_);{'d0': {'_a1_': 0.0416825665817984, '_a2_': 34.70458297005077, '_a4_': 0.3119297079940937, '_a0_': 1.0, '_a3_': 1.0, '_a5_': 1.0, '_a6_': 1.0, '_a7_': 1.0}};{'d0': 0.024905832919416553};-280.569866449044;29.95301262910895
8340;-110.331920595413;((x * (_a1_ + pow2(((x + _a4_) * _a4_)))) * _a2_);{'d0': {'_a1_': 0.0416825665817984, '_a2_': 34.70458297005077, '_a4_': 0.3119297079940937, '_a0_': 1.0, '_a3_': 1.0, '_a5_': 1.0, '_a6_': 1.0, '_a7_': 1.0}};{'d0': 0.024905832919416553};-280.569866449044;29.95301262910895
8341;-110.331920595413;((x * (_a1_ + pow2(((x + _a4_) * _a4_)))) * _a2_);{'d0': {'_a1_': 0.0416825665817984, '_a2_': 34.70458297005077, '_a4_': 0.3119297079940937, '_a0_': 1.0, '_a3_': 1.0, '_a5_': 1.0, '_a6_': 1.0, '_a7_': 1.0}};{'d0': 0.024905832919416553};-280.569866449044;29.95301262910895
8342;-110.331920595413;((x * (_a1_ + pow2(((x + _a4_) * _a4_)))) * _a2_);{'d0': {'_a1_': 0.0416825665817984, '_a2_': 34.70458297005077, '_a4_': 0.3119297079940937, '_a0_': 1.0, '_a3_': 1.0, '_a5_': 1.0, '_a6_': 1.0, '_a7_': 1.0}};{'d0': 0.024905832919416553};-280.569866449044;29.95301262910895
8343;-110.331920595413;((x * (_a1_ + pow2(((x + _a4_) * _a4_)))) * _a2_);{'d0': {'_a1_': 0.0416825665817984, '_a2_': 34.70458297005077, '_a4_': 0.3119297079940937, '_a0_': 1.0, '_a3_': 1.0, '_a5_': 1.0, '_a6_': 1.0, '_a7_': 1.0}};{'d0': 0.024905832919416553};-280.569866449044;29.95301262910895
8344;-110.331920595413;((x * (_a1_ + pow2(((x + _a4_) * _a4_)))) * _a2_);{'d0': {'_a1_': 0.0416825665817984, '_a2_': 34.70458297005077, '_a4_': 0.3119297079940937, '_a0_': 1.0, '_a3_': 1.0, '_a5_': 1.0, '_a6_': 1.0, '_a7_': 1.0}};{'d0': 0.024905832919416553};-280.569866449044;29.95301262910895
8345;-110.331920595413;((x * (_a1_ + pow2(((x + _a4_) * _a4_)))) * _a2_);{'d0': {'_a1_': 0.0416825665817984, '_a2_': 34.70458297005077, '_a4_': 0.3119297079940937, '_a0_': 1.0, '_a3_': 1.0, '_a5_': 1.0, '_a6_': 1.0, '_a7_': 1.0}};{'d0': 0.024905832919416553};-280.569866449044;29.95301262910895
8346;-110.331920595413;((x * (_a1_ + pow2(((x + _a4_) * _a4_)))) * _a2_);{'d0': {'_a1_': 0.0416825665817984, '_a2_': 34.70458297005077, '_a4_': 0.3119297079940937, '_a0_': 1.0, '_a3_': 1.0, '_a5_': 1.0, '_a6_': 1.0, '_a7_': 1.0}};{'d0': 0.024905832919416553};-280.569866449044;29.95301262910895
8347;-110.331920595413;((x * (_a1_ + pow2(((x + _a4_) * _a4_)))) * _a2_);{'d0': {'_a1_': 0.0416825665817984, '_a2_': 34.70458297005077, '_a4_': 0.3119297079940937, '_a0_': 1.0, '_a3_': 1.0, '_a5_': 1.0, '_a6_': 1.0, '_a7_': 1.0}};{'d0': 0.024905832919416553};-280.569866449044;29.95301262910895
8348;-110.331920595413;((x * (_a1_ + pow2(((x + _a4_) * _a4_)))) * _a2_);{'d0': {'_a1_': 0.0416825665817984, '_a2_': 34.70458297005077, '_a4_': 0.3119297079940937, '_a0_': 1.0, '_a3_': 1.0, '_a5_': 1.0, '_a6_': 1.0, '_a7_': 1.0}};{'d0': 0.024905832919416553};-280.569866449044;29.95301262910895
8349;-104.972588565303;((x * (_a1_ + pow2(((x + _a4_) * _a4_)))) * log(_a2_));{'d0': {'_a1_': 0.04168256602149371, '_a2_': 1180345159270891.2, '_a4_': 0.3119297069920214, '_a0_': 1.0, '_a3_': 1.0, '_a5_': 1.0, '_a6_': 1.0, '_a7_': 1.0}};{'d0': 0.02490583291941673};-280.569866449043;35.31234465921895
8350;-104.972588565303;((x * (_a1_ + pow2(((x + _a4_) * _a4_)))) * log(_a2_));{'d0': {'_a1_': 0.04168256602149371, '_a2_': 1180345159270891.2, '_a4_': 0.3119297069920214, '_a0_': 1.0, '_a3_': 1.0, '_a5_': 1.0, '_a6_': 1.0, '_a7_': 1.0}};{'d0': 0.02490583291941673};-280.569866449043;35.31234465921895
8351;-104.972588565303;((x * (_a1_ + pow2(((x + _a4_) * _a4_)))) * log(_a2_));{'d0': {'_a1_': 0.04168256602149371, '_a2_': 1180345159270891.2, '_a4_': 0.3119297069920214, '_a0_': 1.0, '_a3_': 1.0, '_a5_': 1.0, '_a6_': 1.0, '_a7_': 1.0}};{'d0': 0.02490583291941673};-280.569866449043;35.31234465921895
8352;-104.972588565303;((x * (_a1_ + pow2(((x + _a4_) * _a4_)))) * log(_a2_));{'d0': {'_a1_': 0.04168256602149371, '_a2_': 1180345159270891.2, '_a4_': 0.3119297069920214, '_a0_': 1.0, '_a3_': 1.0, '_a5_': 1.0, '_a6_': 1.0, '_a7_': 1.0}};{'d0': 0.02490583291941673};-280.569866449043;35.31234465921895
8353;-104.972588565303;((x * (_a1_ + pow2(((x + _a4_) * _a4_)))) * log(_a2_));{'d0': {'_a1_': 0.04168256602149371, '_a2_': 1180345159270891.2, '_a4_': 0.3119297069920214, '_a0_': 1.0, '_a3_': 1.0, '_a5_': 1.0, '_a6_': 1.0, '_a7_': 1.0}};{'d0': 0.02490583291941673};-280.569866449043;35.31234465921895
8354;-104.972588565303;((x * (_a1_ + pow2(((x + _a4_) * _a4_)))) * log(_a2_));{'d0': {'_a1_': 0.04168256602149371, '_a2_': 1180345159270891.2, '_a4_': 0.3119297069920214, '_a0_': 1.0, '_a3_': 1.0, '_a5_': 1.0, '_a6_': 1.0, '_a7_': 1.0}};{'d0': 0.02490583291941673};-280.569866449043;35.31234465921895
8355;-103.668372249313;((x * (_a1_ + pow2(((x + _a4_) * _a4_)))) * (_a6_ ** _a6_));{'d0': {'_a1_': 0.04168256635288208, '_a4_': 0.3119297075047976, '_a6_': 3.1185183309829614, '_a0_': 1.0, '_a2_': 1.0, '_a3_': 1.0, '_a5_': 1.0, '_a7_': 1.0}};{'d0': 0.02490583291941659};-280.569866449044;36.61656097520895
8356;-103.668372249313;((x * (_a1_ + pow2(((x + _a4_) * _a4_)))) * (_a6_ ** _a6_));{'d0': {'_a1_': 0.04168256635288208, '_a4_': 0.3119297075047976, '_a6_': 3.1185183309829614, '_a0_': 1.0, '_a2_': 1.0, '_a3_': 1.0, '_a5_': 1.0, '_a7_': 1.0}};{'d0': 0.02490583291941659};-280.569866449044;36.61656097520895
8357;-103.668372249313;((x * (_a1_ + pow2(((x + _a4_) * _a4_)))) * (_a6_ ** _a6_));{'d0': {'_a1_': 0.04168256635288208, '_a4_': 0.3119297075047976, '_a6_': 3.1185183309829614, '_a0_': 1.0, '_a2_': 1.0, '_a3_': 1.0, '_a5_': 1.0, '_a7_': 1.0}};{'d0': 0.02490583291941659};-280.569866449044;36.61656097520895
8358;-103.668372249313;((x * (_a1_ + pow2(((x + _a4_) * _a4_)))) * (_a6_ ** _a6_));{'d0': {'_a1_': 0.04168256635288208, '_a4_': 0.3119297075047976, '_a6_': 3.1185183309829614, '_a0_': 1.0, '_a2_': 1.0, '_a3_': 1.0, '_a5_': 1.0, '_a7_': 1.0}};{'d0': 0.02490583291941659};-280.569866449044;36.61656097520895
8359;-103.668372249313;((x * (_a1_ + pow2(((x + _a4_) * _a4_)))) * (_a6_ ** _a6_));{'d0': {'_a1_': 0.04168256635288208, '_a4_': 0.3119297075047976, '_a6_': 3.1185183309829614, '_a0_': 1.0, '_a2_': 1.0, '_a3_': 1.0, '_a5_': 1.0, '_a7_': 1.0}};{'d0': 0.02490583291941659};-280.569866449044;36.61656097520895
8360;-103.668372249313;((x * (_a1_ + pow2(((x + _a4_) * _a4_)))) * (_a6_ ** _a6_));{'d0': {'_a1_': 0.04168256635288208, '_a4_': 0.3119297075047976, '_a6_': 3.1185183309829614, '_a0_': 1.0, '_a2_': 1.0, '_a3_': 1.0, '_a5_': 1.0, '_a7_': 1.0}};{'d0': 0.02490583291941659};-280.569866449044;36.61656097520895
8361;-103.668372249313;((x * (_a1_ + pow2(((x + _a4_) * _a4_)))) * (_a6_ ** _a6_));{'d0': {'_a1_': 0.04168256635288208, '_a4_': 0.3119297075047976, '_a6_': 3.1185183309829614, '_a0_': 1.0, '_a2_': 1.0, '_a3_': 1.0, '_a5_': 1.0, '_a7_': 1.0}};{'d0': 0.02490583291941659};-280.569866449044;36.61656097520895
8362;-103.668372249313;((x * (_a1_ + pow2(((x + _a4_) * _a4_)))) * (_a6_ ** _a6_));{'d0': {'_a1_': 0.04168256635288208, '_a4_': 0.3119297075047976, '_a6_': 3.1185183309829614, '_a0_': 1.0, '_a2_': 1.0, '_a3_': 1.0, '_a5_': 1.0, '_a7_': 1.0}};{'d0': 0.02490583291941659};-280.569866449044;36.61656097520895
8363;-103.668372249313;((x * (_a1_ + pow2(((x + _a4_) * _a4_)))) * (_a6_ ** _a6_));{'d0': {'_a1_': 0.04168256635288208, '_a4_': 0.3119297075047976, '_a6_': 3.1185183309829614, '_a0_': 1.0, '_a2_': 1.0, '_a3_': 1.0, '_a5_': 1.0, '_a7_': 1.0}};{'d0': 0.02490583291941659};-280.569866449044;36.61656097520895
8364;-103.668372249313;((x * (_a1_ + pow2(((x + _a4_) * _a4_)))) * (_a6_ ** _a6_));{'d0': {'_a1_': 0.04168256635288208, '_a4_': 0.3119297075047976, '_a6_': 3.1185183309829614, '_a0_': 1.0, '_a2_': 1.0, '_a3_': 1.0, '_a5_': 1.0, '_a7_': 1.0}};{'d0': 0.02490583291941659};-280.569866449044;36.61656097520895
8365;-103.668372249313;((x * (_a1_ + pow2(((x + _a4_) * _a4_)))) * (_a6_ ** _a6_));{'d0': {'_a1_': 0.04168256635288208, '_a4_': 0.3119297075047976, '_a6_': 3.1185183309829614, '_a0_': 1.0, '_a2_': 1.0, '_a3_': 1.0, '_a5_': 1.0, '_a7_': 1.0}};{'d0': 0.02490583291941659};-280.569866449044;36.61656097520895
8366;-103.668372249313;((x * (_a1_ + pow2(((x + _a4_) * _a4_)))) * (_a6_ ** _a6_));{'d0': {'_a1_': 0.04168256635288208, '_a4_': 0.3119297075047976, '_a6_': 3.1185183309829614, '_a0_': 1.0, '_a2_': 1.0, '_a3_': 1.0, '_a5_': 1.0, '_a7_': 1.0}};{'d0': 0.02490583291941659};-280.569866449044;36.61656097520895
8367;-103.668372249313;((x * (_a1_ + pow2(((x + _a4_) * _a4_)))) * (_a6_ ** _a6_));{'d0': {'_a1_': 0.04168256635288208, '_a4_': 0.3119297075047976, '_a6_': 3.1185183309829614, '_a0_': 1.0, '_a2_': 1.0, '_a3_': 1.0, '_a5_': 1.0, '_a7_': 1.0}};{'d0': 0.02490583291941659};-280.569866449044;36.61656097520895
8368;-103.668372249313;((x * (_a1_ + pow2(((x + _a4_) * _a4_)))) * (_a6_ ** _a6_));{'d0': {'_a1_': 0.04168256635288208, '_a4_': 0.3119297075047976, '_a6_': 3.1185183309829614, '_a0_': 1.0, '_a2_': 1.0, '_a3_': 1.0, '_a5_': 1.0, '_a7_': 1.0}};{'d0': 0.02490583291941659};-280.569866449044;36.61656097520895
8369;-103.668372249313;((x * (_a1_ + pow2(((x + _a4_) * _a4_)))) * (_a6_ ** _a6_));{'d0': {'_a1_': 0.04168256635288208, '_a4_': 0.3119297075047976, '_a6_': 3.1185183309829614, '_a0_': 1.0, '_a2_': 1.0, '_a3_': 1.0, '_a5_': 1.0, '_a7_': 1.0}};{'d0': 0.02490583291941659};-280.569866449044;36.61656097520895
8370;-103.668372249313;((x * (_a1_ + pow2(((x + _a4_) * _a4_)))) * (_a6_ ** _a6_));{'d0': {'_a1_': 0.04168256635288208, '_a4_': 0.3119297075047976, '_a6_': 3.1185183309829614, '_a0_': 1.0, '_a2_': 1.0, '_a3_': 1.0, '_a5_': 1.0, '_a7_': 1.0}};{'d0': 0.02490583291941659};-280.569866449044;36.61656097520895
8371;-103.668372249313;((x * (_a1_ + pow2(((x + _a4_) * _a4_)))) * (_a6_ ** _a6_));{'d0': {'_a1_': 0.04168256635288208, '_a4_': 0.3119297075047976, '_a6_': 3.1185183309829614, '_a0_': 1.0, '_a2_': 1.0, '_a3_': 1.0, '_a5_': 1.0, '_a7_': 1.0}};{'d0': 0.02490583291941659};-280.569866449044;36.61656097520895
8372;-103.668372249313;((x * (_a1_ + pow2(((x + _a4_) * _a4_)))) * (_a6_ ** _a6_));{'d0': {'_a1_': 0.04168256635288208, '_a4_': 0.3119297075047976, '_a6_': 3.1185183309829614, '_a0_': 1.0, '_a2_': 1.0, '_a3_': 1.0, '_a5_': 1.0, '_a7_': 1.0}};{'d0': 0.02490583291941659};-280.569866449044;36.61656097520895
8373;-103.668372249313;((x * (_a1_ + pow2(((x + _a4_) * _a4_)))) * (_a6_ ** _a6_));{'d0': {'_a1_': 0.04168256635288208, '_a4_': 0.3119297075047976, '_a6_': 3.1185183309829614, '_a0_': 1.0, '_a2_': 1.0, '_a3_': 1.0, '_a5_': 1.0, '_a7_': 1.0}};{'d0': 0.02490583291941659};-280.569866449044;36.61656097520895
8374;-103.668372249313;((x * (_a1_ + pow2(((x + _a4_) * _a4_)))) * (_a6_ ** _a6_));{'d0': {'_a1_': 0.04168256635288208, '_a4_': 0.3119297075047976, '_a6_': 3.1185183309829614, '_a0_': 1.0, '_a2_': 1.0, '_a3_': 1.0, '_a5_': 1.0, '_a7_': 1.0}};{'d0': 0.02490583291941659};-280.569866449044;36.61656097520895
8375;-103.668372249313;((x * (_a1_ + pow2(((x + _a4_) * _a4_)))) * (_a6_ ** _a6_));{'d0': {'_a1_': 0.04168256635288208, '_a4_': 0.3119297075047976, '_a6_': 3.1185183309829614, '_a0_': 1.0, '_a2_': 1.0, '_a3_': 1.0, '_a5_': 1.0, '_a7_': 1.0}};{'d0': 0.02490583291941659};-280.569866449044;36.61656097520895
8376;-103.668372249313;((x * (_a1_ + pow2(((x + _a4_) * _a4_)))) * (_a6_ ** _a6_));{'d0': {'_a1_': 0.04168256635288208, '_a4_': 0.3119297075047976, '_a6_': 3.1185183309829614, '_a0_': 1.0, '_a2_': 1.0, '_a3_': 1.0, '_a5_': 1.0, '_a7_': 1.0}};{'d0': 0.02490583291941659};-280.569866449044;36.61656097520895
8377;-103.668372249313;((x * (_a1_ + pow2(((x + _a4_) * _a4_)))) * (_a6_ ** _a6_));{'d0': {'_a1_': 0.04168256635288208, '_a4_': 0.3119297075047976, '_a6_': 3.1185183309829614, '_a0_': 1.0, '_a2_': 1.0, '_a3_': 1.0, '_a5_': 1.0, '_a7_': 1.0}};{'d0': 0.02490583291941659};-280.569866449044;36.61656097520895
8378;-105.382580669956;((x * (_a1_ + pow2(((x + _a4_) * _a4_)))) * (_a6_ * _a6_));{'d0': {'_a1_': 0.04168256653987171, '_a4_': 0.31192970790288077, '_a6_': 5.89105958186593, '_a0_': 1.0, '_a2_': 1.0, '_a3_': 1.0, '_a5_': 1.0, '_a7_': 1.0}};{'d0': 0.024905832919416632};-280.569866449044;34.90235255456595
8379;-105.382580669956;((x * (_a1_ + pow2(((x + _a4_) * _a4_)))) * (_a6_ * _a6_));{'d0': {'_a1_': 0.04168256653987171, '_a4_': 0.31192970790288077, '_a6_': 5.89105958186593, '_a0_': 1.0, '_a2_': 1.0, '_a3_': 1.0, '_a5_': 1.0, '_a7_': 1.0}};{'d0': 0.024905832919416632};-280.569866449044;34.90235255456595
8380;-105.382580669956;((x * (_a1_ + pow2(((x + _a4_) * _a4_)))) * (_a6_ * _a6_));{'d0': {'_a1_': 0.04168256653987171, '_a4_': 0.31192970790288077, '_a6_': 5.89105958186593, '_a0_': 1.0, '_a2_': 1.0, '_a3_': 1.0, '_a5_': 1.0, '_a7_': 1.0}};{'d0': 0.024905832919416632};-280.569866449044;34.90235255456595
8381;-105.382580669956;((x * (_a1_ + pow2(((x + _a4_) * _a4_)))) * (_a6_ * _a6_));{'d0': {'_a1_': 0.04168256653987171, '_a4_': 0.31192970790288077, '_a6_': 5.89105958186593, '_a0_': 1.0, '_a2_': 1.0, '_a3_': 1.0, '_a5_': 1.0, '_a7_': 1.0}};{'d0': 0.024905832919416632};-280.569866449044;34.90235255456595
8382;-105.382580669956;((x * (_a1_ + pow2(((x + _a4_) * _a4_)))) * (_a6_ * _a6_));{'d0': {'_a1_': 0.04168256653987171, '_a4_': 0.31192970790288077, '_a6_': 5.89105958186593, '_a0_': 1.0, '_a2_': 1.0, '_a3_': 1.0, '_a5_': 1.0, '_a7_': 1.0}};{'d0': 0.024905832919416632};-280.569866449044;34.90235255456595
8383;-105.382580669956;((x * (_a1_ + pow2(((x + _a4_) * _a4_)))) * (_a6_ * _a6_));{'d0': {'_a1_': 0.04168256653987171, '_a4_': 0.31192970790288077, '_a6_': 5.89105958186593, '_a0_': 1.0, '_a2_': 1.0, '_a3_': 1.0, '_a5_': 1.0, '_a7_': 1.0}};{'d0': 0.024905832919416632};-280.569866449044;34.90235255456595
8384;-105.382580669956;((x * (_a1_ + pow2(((x + _a4_) * _a4_)))) * (_a6_ * _a6_));{'d0': {'_a1_': 0.04168256653987171, '_a4_': 0.31192970790288077, '_a6_': 5.89105958186593, '_a0_': 1.0, '_a2_': 1.0, '_a3_': 1.0, '_a5_': 1.0, '_a7_': 1.0}};{'d0': 0.024905832919416632};-280.569866449044;34.90235255456595
8385;-105.382580669956;((x * (_a1_ + pow2(((x + _a4_) * _a4_)))) * (_a6_ * _a6_));{'d0': {'_a1_': 0.04168256653987171, '_a4_': 0.31192970790288077, '_a6_': 5.89105958186593, '_a0_': 1.0, '_a2_': 1.0, '_a3_': 1.0, '_a5_': 1.0, '_a7_': 1.0}};{'d0': 0.024905832919416632};-280.569866449044;34.90235255456595
8386;-105.382580669956;((x * (_a1_ + pow2(((x + _a4_) * _a4_)))) * (_a6_ * _a6_));{'d0': {'_a1_': 0.04168256653987171, '_a4_': 0.31192970790288077, '_a6_': 5.89105958186593, '_a0_': 1.0, '_a2_': 1.0, '_a3_': 1.0, '_a5_': 1.0, '_a7_': 1.0}};{'d0': 0.024905832919416632};-280.569866449044;34.90235255456595
8387;-105.382580669956;((x * (_a1_ + pow2(((x + _a4_) * _a4_)))) * (_a6_ * _a6_));{'d0': {'_a1_': 0.04168256653987171, '_a4_': 0.31192970790288077, '_a6_': 5.89105958186593, '_a0_': 1.0, '_a2_': 1.0, '_a3_': 1.0, '_a5_': 1.0, '_a7_': 1.0}};{'d0': 0.024905832919416632};-280.569866449044;34.90235255456595
8388;-105.382580669956;((x * (_a1_ + pow2(((x + _a4_) * _a4_)))) * (_a6_ * _a6_));{'d0': {'_a1_': 0.04168256653987171, '_a4_': 0.31192970790288077, '_a6_': 5.89105958186593, '_a0_': 1.0, '_a2_': 1.0, '_a3_': 1.0, '_a5_': 1.0, '_a7_': 1.0}};{'d0': 0.024905832919416632};-280.569866449044;34.90235255456595
8389;-105.382580669956;((x * (_a1_ + pow2(((x + _a4_) * _a4_)))) * (_a6_ * _a6_));{'d0': {'_a1_': 0.04168256653987171, '_a4_': 0.31192970790288077, '_a6_': 5.89105958186593, '_a0_': 1.0, '_a2_': 1.0, '_a3_': 1.0, '_a5_': 1.0, '_a7_': 1.0}};{'d0': 0.024905832919416632};-280.569866449044;34.90235255456595
8390;-70.3767916614368;((pow2((_a2_ + pow2(sin((_a2_ + ((pow2(_a6_) * pow3(pow2(pow2(_a2_)))) * x)))))) / _a1_) * (x * _a2_));{'d0': {'_a1_': -0.13691019150998668, '_a2_': -1.3823659763927496, '_a6_': -0.11212038689202894, '_a0_': 1.0, '_a3_': 1.0, '_a4_': 1.0, '_a5_': 1.0, '_a7_': 1.0}};{'d0': 0.025925515375168046};-278.162330235737;68.7043734564319
8391;-70.3767916614368;((pow2((_a2_ + pow2(sin((_a2_ + ((pow2(_a6_) * pow3(pow2(pow2(_a2_)))) * x)))))) / _a1_) * (x * _a2_));{'d0': {'_a1_': -0.13691019150998668, '_a2_': -1.3823659763927496, '_a6_': -0.11212038689202894, '_a0_': 1.0, '_a3_': 1.0, '_a4_': 1.0, '_a5_': 1.0, '_a7_': 1.0}};{'d0': 0.025925515375168046};-278.162330235737;68.7043734564319
8392;-70.3767916614368;((pow2((_a2_ + pow2(sin((_a2_ + ((pow2(_a6_) * pow3(pow2(pow2(_a2_)))) * x)))))) / _a1_) * (x * _a2_));{'d0': {'_a1_': -0.13691019150998668, '_a2_': -1.3823659763927496, '_a6_': -0.11212038689202894, '_a0_': 1.0, '_a3_': 1.0, '_a4_': 1.0, '_a5_': 1.0, '_a7_': 1.0}};{'d0': 0.025925515375168046};-278.162330235737;68.7043734564319
8393;-70.3767916614368;((pow2((_a2_ + pow2(sin((_a2_ + ((pow2(_a6_) * pow3(pow2(pow2(_a2_)))) * x)))))) / _a1_) * (x * _a2_));{'d0': {'_a1_': -0.13691019150998668, '_a2_': -1.3823659763927496, '_a6_': -0.11212038689202894, '_a0_': 1.0, '_a3_': 1.0, '_a4_': 1.0, '_a5_': 1.0, '_a7_': 1.0}};{'d0': 0.025925515375168046};-278.162330235737;68.7043734564319
8394;-70.3767916614368;((pow2((_a2_ + pow2(sin((_a2_ + ((pow2(_a6_) * pow3(pow2(pow2(_a2_)))) * x)))))) / _a1_) * (x * _a2_));{'d0': {'_a1_': -0.13691019150998668, '_a2_': -1.3823659763927496, '_a6_': -0.11212038689202894, '_a0_': 1.0, '_a3_': 1.0, '_a4_': 1.0, '_a5_': 1.0, '_a7_': 1.0}};{'d0': 0.025925515375168046};-278.162330235737;68.7043734564319
8395;-105.382580669956;((x * (_a1_ + pow2(((x + _a4_) * _a4_)))) * (_a6_ * _a4_));{'d0': {'_a1_': 0.04168256659046923, '_a4_': 0.31192970800374886, '_a6_': 111.25770349982554, '_a0_': 1.0, '_a2_': 1.0, '_a3_': 1.0, '_a5_': 1.0, '_a7_': 1.0}};{'d0': 0.024905832919416608};-280.569866449044;34.90235255456595
8396;-105.382580669956;((x * (_a1_ + pow2(((x + _a4_) * _a4_)))) * (_a6_ * _a4_));{'d0': {'_a1_': 0.04168256659046923, '_a4_': 0.31192970800374886, '_a6_': 111.25770349982554, '_a0_': 1.0, '_a2_': 1.0, '_a3_': 1.0, '_a5_': 1.0, '_a7_': 1.0}};{'d0': 0.024905832919416608};-280.569866449044;34.90235255456595
8397;-105.382580669956;((x * (_a1_ + pow2(((x + _a4_) * _a4_)))) * (_a6_ * _a4_));{'d0': {'_a1_': 0.04168256659046923, '_a4_': 0.31192970800374886, '_a6_': 111.25770349982554, '_a0_': 1.0, '_a2_': 1.0, '_a3_': 1.0, '_a5_': 1.0, '_a7_': 1.0}};{'d0': 0.024905832919416608};-280.569866449044;34.90235255456595
8398;-105.382580669956;((x * (_a1_ + pow2(((x + _a4_) * _a4_)))) * (_a0_ * _a4_));{'d0': {'_a0_': 111.25770370077818, '_a1_': 0.04168256648548478, '_a4_': 0.31192970790729047, '_a2_': 1.0, '_a3_': 1.0, '_a5_': 1.0, '_a6_': 1.0, '_a7_': 1.0}};{'d0': 0.024905832919416674};-280.569866449043;34.90235255456595
8399;-105.382580669956;((x * (_a1_ + pow2(((x + _a4_) * _a4_)))) * (_a0_ * _a4_));{'d0': {'_a0_': 111.25770370077818, '_a1_': 0.04168256648548478, '_a4_': 0.31192970790729047, '_a2_': 1.0, '_a3_': 1.0, '_a5_': 1.0, '_a6_': 1.0, '_a7_': 1.0}};{'d0': 0.024905832919416674};-280.569866449043;34.90235255456595
8400;-90.7266326897966;((((_a5_ / _a1_) + pow2(x)) + (_a4_ * x)) * ((x + (x / _a5_)) * _a2_));{'d0': {'_a1_': 78.79095166560715, '_a2_': 3.297157689447752, '_a4_': 0.6238594155826289, '_a5_': 41.41975484934837, '_a0_': 1.0, '_a3_': 1.0, '_a6_': 1.0, '_a7_': 1.0}};{'d0': 0.02490583292018503};-276.475521884970;47.51112825268865
8401;-90.7266326897966;((((_a5_ / _a1_) + pow2(x)) + (_a4_ * x)) * ((x + (x / _a5_)) * _a2_));{'d0': {'_a1_': 78.79095166560715, '_a2_': 3.297157689447752, '_a4_': 0.6238594155826289, '_a5_': 41.41975484934837, '_a0_': 1.0, '_a3_': 1.0, '_a6_': 1.0, '_a7_': 1.0}};{'d0': 0.02490583292018503};-276.475521884970;47.51112825268865
8402;-90.7266326897966;((((_a5_ / _a1_) + pow2(x)) + (_a4_ * x)) * ((x + (x / _a5_)) * _a2_));{'d0': {'_a1_': 78.79095166560715, '_a2_': 3.297157689447752, '_a4_': 0.6238594155826289, '_a5_': 41.41975484934837, '_a0_': 1.0, '_a3_': 1.0, '_a6_': 1.0, '_a7_': 1.0}};{'d0': 0.02490583292018503};-276.475521884970;47.51112825268865
8403;-90.7266326897966;((((_a5_ / _a1_) + pow2(x)) + (_a4_ * x)) * ((x + (x / _a5_)) * _a2_));{'d0': {'_a1_': 78.79095166560715, '_a2_': 3.297157689447752, '_a4_': 0.6238594155826289, '_a5_': 41.41975484934837, '_a0_': 1.0, '_a3_': 1.0, '_a6_': 1.0, '_a7_': 1.0}};{'d0': 0.02490583292018503};-276.475521884970;47.51112825268865
8404;-96.5638554984823;(((_a7_ + pow2(x)) + (_a4_ * x)) * ((x + (x / _a5_)) * _a2_));{'d0': {'_a2_': 3.380953415479894, '_a4_': 0.6238594154564366, '_a5_': -806.3827618525938, '_a7_': 0.5256917701061902, '_a0_': 1.0, '_a1_': 1.0, '_a3_': 1.0, '_a6_': 1.0}};{'d0': 0.024905832919737993};-276.475521886047;41.67390544454145
8405;-96.5638554988662;(((_a3_ + pow2(x)) + (_a4_ * x)) * ((x + (x / _a5_)) * _a2_));{'d0': {'_a2_': 3.376762280159657, '_a3_': 0.5256917695336257, '_a4_': 0.6238594150091112, '_a5_': -2380949.8587534125, '_a0_': 1.0, '_a1_': 1.0, '_a6_': 1.0, '_a7_': 1.0}};{'d0': 0.024905832919419307};-276.475521886815;41.67390544454145
8406;-96.5638554988662;(((_a3_ + pow2(x)) + (_a4_ * x)) * ((x + (x / _a5_)) * _a2_));{'d0': {'_a2_': 3.376762280159657, '_a3_': 0.5256917695336257, '_a4_': 0.6238594150091112, '_a5_': -2380949.8587534125, '_a0_': 1.0, '_a1_': 1.0, '_a6_': 1.0, '_a7_': 1.0}};{'d0': 0.024905832919419307};-276.475521886815;41.67390544454145
8407;-96.5638554988662;(((_a3_ + pow2(x)) + (_a4_ * x)) * ((x + (x / _a5_)) * _a2_));{'d0': {'_a2_': 3.376762280159657, '_a3_': 0.5256917695336257, '_a4_': 0.6238594150091112, '_a5_': -2380949.8587534125, '_a0_': 1.0, '_a1_': 1.0, '_a6_': 1.0, '_a7_': 1.0}};{'d0': 0.024905832919419307};-276.475521886815;41.67390544454145
8408;-96.5638554988662;(((_a3_ + pow2(x)) + (_a4_ * x)) * ((x + (x / _a5_)) * _a2_));{'d0': {'_a2_': 3.376762280159657, '_a3_': 0.5256917695336257, '_a4_': 0.6238594150091112, '_a5_': -2380949.8587534125, '_a0_': 1.0, '_a1_': 1.0, '_a6_': 1.0, '_a7_': 1.0}};{'d0': 0.024905832919419307};-276.475521886815;41.67390544454145
8409;-96.5638554988662;(((_a3_ + pow2(x)) + (_a4_ * x)) * ((x + (x / _a5_)) * _a2_));{'d0': {'_a2_': 3.376762280159657, '_a3_': 0.5256917695336257, '_a4_': 0.6238594150091112, '_a5_': -2380949.8587534125, '_a0_': 1.0, '_a1_': 1.0, '_a6_': 1.0, '_a7_': 1.0}};{'d0': 0.024905832919419307};-276.475521886815;41.67390544454145
8410;-96.5638554988662;(((_a3_ + pow2(x)) + (_a4_ * x)) * ((x + (x / _a5_)) * _a2_));{'d0': {'_a2_': 3.376762280159657, '_a3_': 0.5256917695336257, '_a4_': 0.6238594150091112, '_a5_': -2380949.8587534125, '_a0_': 1.0, '_a1_': 1.0, '_a6_': 1.0, '_a7_': 1.0}};{'d0': 0.024905832919419307};-276.475521886815;41.67390544454145
8411;-96.5638554988662;(((_a3_ + pow2(x)) + (_a4_ * x)) * ((x + (x / _a5_)) * _a2_));{'d0': {'_a2_': 3.376762280159657, '_a3_': 0.5256917695336257, '_a4_': 0.6238594150091112, '_a5_': -2380949.8587534125, '_a0_': 1.0, '_a1_': 1.0, '_a6_': 1.0, '_a7_': 1.0}};{'d0': 0.024905832919419307};-276.475521886815;41.67390544454145
8412;-96.5638554988662;(((_a3_ + pow2(x)) + (_a4_ * x)) * ((x + (x / _a5_)) * _a2_));{'d0': {'_a2_': 3.376762280159657, '_a3_': 0.5256917695336257, '_a4_': 0.6238594150091112, '_a5_': -2380949.8587534125, '_a0_': 1.0, '_a1_': 1.0, '_a6_': 1.0, '_a7_': 1.0}};{'d0': 0.024905832919419307};-276.475521886815;41.67390544454145
8413;-96.5638554988662;(((_a3_ + pow2(x)) + (_a4_ * x)) * ((x + (x / _a5_)) * _a2_));{'d0': {'_a2_': 3.376762280159657, '_a3_': 0.5256917695336257, '_a4_': 0.6238594150091112, '_a5_': -2380949.8587534125, '_a0_': 1.0, '_a1_': 1.0, '_a6_': 1.0, '_a7_': 1.0}};{'d0': 0.024905832919419307};-276.475521886815;41.67390544454145
8414;-96.5638554988662;(((_a3_ + pow2(x)) + (_a4_ * x)) * ((x + (x / _a5_)) * _a2_));{'d0': {'_a2_': 3.376762280159657, '_a3_': 0.5256917695336257, '_a4_': 0.6238594150091112, '_a5_': -2380949.8587534125, '_a0_': 1.0, '_a1_': 1.0, '_a6_': 1.0, '_a7_': 1.0}};{'d0': 0.024905832919419307};-276.475521886815;41.67390544454145
8415;-96.5638554988662;(((_a3_ + pow2(x)) + (_a4_ * x)) * ((x + (x / _a5_)) * _a2_));{'d0': {'_a2_': 3.376762280159657, '_a3_': 0.5256917695336257, '_a4_': 0.6238594150091112, '_a5_': -2380949.8587534125, '_a0_': 1.0, '_a1_': 1.0, '_a6_': 1.0, '_a7_': 1.0}};{'d0': 0.024905832919419307};-276.475521886815;41.67390544454145
8416;-96.5638554988662;(((_a3_ + pow2(x)) + (_a4_ * x)) * ((x + (x / _a5_)) * _a2_));{'d0': {'_a2_': 3.376762280159657, '_a3_': 0.5256917695336257, '_a4_': 0.6238594150091112, '_a5_': -2380949.8587534125, '_a0_': 1.0, '_a1_': 1.0, '_a6_': 1.0, '_a7_': 1.0}};{'d0': 0.024905832919419307};-276.475521886815;41.67390544454145
8417;-96.5638554988662;(((_a3_ + pow2(x)) + (_a4_ * x)) * ((x + (x / _a5_)) * _a2_));{'d0': {'_a2_': 3.376762280159657, '_a3_': 0.5256917695336257, '_a4_': 0.6238594150091112, '_a5_': -2380949.8587534125, '_a0_': 1.0, '_a1_': 1.0, '_a6_': 1.0, '_a7_': 1.0}};{'d0': 0.024905832919419307};-276.475521886815;41.67390544454145
8418;-96.5638554988662;(((_a3_ + pow2(x)) + (_a4_ * x)) * ((x + (x / _a5_)) * _a2_));{'d0': {'_a2_': 3.376762280159657, '_a3_': 0.5256917695336257, '_a4_': 0.6238594150091112, '_a5_': -2380949.8587534125, '_a0_': 1.0, '_a1_': 1.0, '_a6_': 1.0, '_a7_': 1.0}};{'d0': 0.024905832919419307};-276.475521886815;41.67390544454145
8419;-96.5638554988662;(((_a3_ + pow2(x)) + (_a4_ * x)) * ((x + (x / _a5_)) * _a2_));{'d0': {'_a2_': 3.376762280159657, '_a3_': 0.5256917695336257, '_a4_': 0.6238594150091112, '_a5_': -2380949.8587534125, '_a0_': 1.0, '_a1_': 1.0, '_a6_': 1.0, '_a7_': 1.0}};{'d0': 0.024905832919419307};-276.475521886815;41.67390544454145
8420;-98.7087229582248;(((_a3_ + pow2(x)) + (_a4_ * x)) * ((x + -(_a5_)) * _a2_));{'d0': {'_a2_': 3.382518361465649, '_a3_': 0.525015118979586, '_a4_': 0.6251279339919489, '_a5_': 0.0005767417581247469, '_a0_': 1.0, '_a1_': 1.0, '_a6_': 1.0, '_a7_': 1.0}};{'d0': 0.024885482501893503};-276.524567593248;39.553560838399434
8421;-98.7087229582248;(((_a3_ + pow2(x)) + (_a4_ * x)) * ((x + -(_a5_)) * _a2_));{'d0': {'_a2_': 3.382518361465649, '_a3_': 0.525015118979586, '_a4_': 0.6251279339919489, '_a5_': 0.0005767417581247469, '_a0_': 1.0, '_a1_': 1.0, '_a6_': 1.0, '_a7_': 1.0}};{'d0': 0.024885482501893503};-276.524567593248;39.553560838399434
8422;-98.7087229582248;(((_a3_ + pow2(x)) + (_a4_ * x)) * ((x + -(_a5_)) * _a2_));{'d0': {'_a2_': 3.382518361465649, '_a3_': 0.525015118979586, '_a4_': 0.6251279339919489, '_a5_': 0.0005767417581247469, '_a0_': 1.0, '_a1_': 1.0, '_a6_': 1.0, '_a7_': 1.0}};{'d0': 0.024885482501893503};-276.524567593248;39.553560838399434
8423;-98.7087229582248;(((_a3_ + pow2(x)) + (_a4_ * x)) * ((x + -(_a5_)) * _a2_));{'d0': {'_a2_': 3.382518361465649, '_a3_': 0.525015118979586, '_a4_': 0.6251279339919489, '_a5_': 0.0005767417581247469, '_a0_': 1.0, '_a1_': 1.0, '_a6_': 1.0, '_a7_': 1.0}};{'d0': 0.024885482501893503};-276.524567593248;39.553560838399434
8424;-98.7087229582248;(((_a3_ + pow2(x)) + (_a4_ * x)) * ((x + -(_a5_)) * _a2_));{'d0': {'_a2_': 3.382518361465649, '_a3_': 0.525015118979586, '_a4_': 0.6251279339919489, '_a5_': 0.0005767417581247469, '_a0_': 1.0, '_a1_': 1.0, '_a6_': 1.0, '_a7_': 1.0}};{'d0': 0.024885482501893503};-276.524567593248;39.553560838399434
8425;-98.7087229582248;(((_a3_ + pow2(x)) + (_a4_ * x)) * ((x + -(_a5_)) * _a2_));{'d0': {'_a2_': 3.382518361465649, '_a3_': 0.525015118979586, '_a4_': 0.6251279339919489, '_a5_': 0.0005767417581247469, '_a0_': 1.0, '_a1_': 1.0, '_a6_': 1.0, '_a7_': 1.0}};{'d0': 0.024885482501893503};-276.524567593248;39.553560838399434
8426;-98.7087229582248;(((_a3_ + pow2(x)) + (_a4_ * x)) * ((x + -(_a5_)) * _a2_));{'d0': {'_a2_': 3.382518361465649, '_a3_': 0.525015118979586, '_a4_': 0.6251279339919489, '_a5_': 0.0005767417581247469, '_a0_': 1.0, '_a1_': 1.0, '_a6_': 1.0, '_a7_': 1.0}};{'d0': 0.024885482501893503};-276.524567593248;39.553560838399434
8427;-101.702633509695;((x * (_a1_ + pow2(((x + _a4_) * _a4_)))) * (-(_a6_) * _a4_));{'d0': {'_a1_': 0.04168256646323576, '_a4_': 0.3119297077985297, '_a6_': -111.25770381996954, '_a0_': 1.0, '_a2_': 1.0, '_a3_': 1.0, '_a5_': 1.0, '_a7_': 1.0}};{'d0': 0.024905832919416615};-280.569866449044;38.58229971482634
8428;-101.702633509695;((x * (_a1_ + pow2(((x + _a4_) * _a4_)))) * (-(_a6_) * _a4_));{'d0': {'_a1_': 0.04168256646323576, '_a4_': 0.3119297077985297, '_a6_': -111.25770381996954, '_a0_': 1.0, '_a2_': 1.0, '_a3_': 1.0, '_a5_': 1.0, '_a7_': 1.0}};{'d0': 0.024905832919416615};-280.569866449044;38.58229971482634
8429;-99.6554612269342;((x * (_a1_ + pow2(((x + _a4_) * _a4_)))) * (-(_a6_) * _a2_));{'d0': {'_a1_': 0.0416825665472271, '_a2_': 0.5695086736849271, '_a4_': 0.3119297079675958, '_a6_': -60.93775259996398, '_a0_': 1.0, '_a3_': 1.0, '_a5_': 1.0, '_a7_': 1.0}};{'d0': 0.024905832920786672};-276.475521883521;38.58229971482634
8430;-99.6554612269342;((x * (_a1_ + pow2(((x + _a4_) * _a4_)))) * (-(_a6_) * _a2_));{'d0': {'_a1_': 0.0416825665472271, '_a2_': 0.5695086736849271, '_a4_': 0.3119297079675958, '_a6_': -60.93775259996398, '_a0_': 1.0, '_a3_': 1.0, '_a5_': 1.0, '_a7_': 1.0}};{'d0': 0.024905832920786672};-276.475521883521;38.58229971482634
8431;-99.6554612269342;((x * (_a1_ + pow2(((x + _a4_) * _a4_)))) * (-(_a6_) * _a2_));{'d0': {'_a1_': 0.0416825665472271, '_a2_': 0.5695086736849271, '_a4_': 0.3119297079675958, '_a6_': -60.93775259996398, '_a0_': 1.0, '_a3_': 1.0, '_a5_': 1.0, '_a7_': 1.0}};{'d0': 0.024905832920786672};-276.475521883521;38.58229971482634
8432;-99.6554612269342;((x * (_a1_ + pow2(((x + _a4_) * _a4_)))) * (-(_a6_) * _a2_));{'d0': {'_a1_': 0.0416825665472271, '_a2_': 0.5695086736849271, '_a4_': 0.3119297079675958, '_a6_': -60.93775259996398, '_a0_': 1.0, '_a3_': 1.0, '_a5_': 1.0, '_a7_': 1.0}};{'d0': 0.024905832920786672};-276.475521883521;38.58229971482634
8433;-99.6554612269342;((x * (_a1_ + pow2(((x + _a4_) * _a4_)))) * (-(_a6_) * _a2_));{'d0': {'_a1_': 0.0416825665472271, '_a2_': 0.5695086736849271, '_a4_': 0.3119297079675958, '_a6_': -60.93775259996398, '_a0_': 1.0, '_a3_': 1.0, '_a5_': 1.0, '_a7_': 1.0}};{'d0': 0.024905832920786672};-276.475521883521;38.58229971482634
8434;-99.6554612269342;((x * (_a1_ + pow2(((x + _a4_) * _a4_)))) * (-(_a6_) * _a2_));{'d0': {'_a1_': 0.0416825665472271, '_a2_': 0.5695086736849271, '_a4_': 0.3119297079675958, '_a6_': -60.93775259996398, '_a0_': 1.0, '_a3_': 1.0, '_a5_': 1.0, '_a7_': 1.0}};{'d0': 0.024905832920786672};-276.475521883521;38.58229971482634
8435;-100.360883458177;((x * (_a1_ + pow2(((x + _a4_) * _a4_)))) * ((_a1_ * _a4_) * _a2_));{'d0': {'_a1_': 0.04168256647187134, '_a2_': 2669.1663502034307, '_a4_': 0.31192970776553586, '_a0_': 1.0, '_a3_': 1.0, '_a5_': 1.0, '_a6_': 1.0, '_a7_': 1.0}};{'d0': 0.02490583291941662};-280.569866449044;39.92404976634495
8436;-99.4619796209257;((x * (_a1_ + pow2(((x + _a4_) * _a4_)))) * ((_a1_ + _a4_) * _a2_));{'d0': {'_a1_': 0.04168256640848432, '_a2_': 98.14303862475785, '_a4_': 0.3119297076780296, '_a0_': 1.0, '_a3_': 1.0, '_a5_': 1.0, '_a6_': 1.0, '_a7_': 1.0}};{'d0': 0.024905832919416723};-280.569866449043;40.82295360359595
8437;-99.4619796209257;((x * (_a1_ + pow2(((x + _a4_) * _a4_)))) * ((_a1_ + _a4_) * _a2_));{'d0': {'_a1_': 0.04168256640848432, '_a2_': 98.14303862475785, '_a4_': 0.3119297076780296, '_a0_': 1.0, '_a3_': 1.0, '_a5_': 1.0, '_a6_': 1.0, '_a7_': 1.0}};{'d0': 0.024905832919416723};-280.569866449043;40.82295360359595
8438;-99.4619796209257;((x * (_a1_ + pow2(((x + _a4_) * _a4_)))) * ((_a1_ + _a4_) * _a2_));{'d0': {'_a1_': 0.04168256640848432, '_a2_': 98.14303862475785, '_a4_': 0.3119297076780296, '_a0_': 1.0, '_a3_': 1.0, '_a5_': 1.0, '_a6_': 1.0, '_a7_': 1.0}};{'d0': 0.024905832919416723};-280.569866449043;40.82295360359595
8439;-99.4619796209257;((x * (_a1_ + pow2(((x + _a4_) * _a4_)))) * ((_a1_ + _a4_) * _a2_));{'d0': {'_a1_': 0.04168256640848432, '_a2_': 98.14303862475785, '_a4_': 0.3119297076780296, '_a0_': 1.0, '_a3_': 1.0, '_a5_': 1.0, '_a6_': 1.0, '_a7_': 1.0}};{'d0': 0.024905832919416723};-280.569866449043;40.82295360359595
8440;-99.4619796209257;((x * (_a1_ + pow2(((x + _a4_) * _a4_)))) * ((_a1_ + _a4_) * _a2_));{'d0': {'_a1_': 0.04168256640848432, '_a2_': 98.14303862475785, '_a4_': 0.3119297076780296, '_a0_': 1.0, '_a3_': 1.0, '_a5_': 1.0, '_a6_': 1.0, '_a7_': 1.0}};{'d0': 0.024905832919416723};-280.569866449043;40.82295360359595
8441;-93.5413785718959;((x * (_a1_ + pow2(((x + _a4_) * _a4_)))) * ((_a1_ + _a4_) * (_a2_ + _a1_)));{'d0': {'_a1_': 0.04168256642409801, '_a2_': 98.10135601944512, '_a4_': 0.31192970770757544, '_a0_': 1.0, '_a3_': 1.0, '_a5_': 1.0, '_a6_': 1.0, '_a7_': 1.0}};{'d0': 0.02490583291941657};-280.569866449044;46.743554652625946
8442;-93.5413785718959;((x * (_a1_ + pow2(((x + _a4_) * _a4_)))) * ((_a1_ + _a4_) * (_a2_ + _a1_)));{'d0': {'_a1_': 0.04168256642409801, '_a2_': 98.10135601944512, '_a4_': 0.31192970770757544, '_a0_': 1.0, '_a3_': 1.0, '_a5_': 1.0, '_a6_': 1.0, '_a7_': 1.0}};{'d0': 0.02490583291941657};-280.569866449044;46.743554652625946
8443;-93.5413785718959;((x * (_a1_ + pow2(((x + _a4_) * _a4_)))) * ((_a1_ + _a4_) * (_a2_ + _a1_)));{'d0': {'_a1_': 0.04168256642409801, '_a2_': 98.10135601944512, '_a4_': 0.31192970770757544, '_a0_': 1.0, '_a3_': 1.0, '_a5_': 1.0, '_a6_': 1.0, '_a7_': 1.0}};{'d0': 0.02490583291941657};-280.569866449044;46.743554652625946
8444;-93.5413785718959;((x * (_a1_ + pow2(((x + _a4_) * _a4_)))) * ((_a1_ + _a4_) * (_a2_ + _a1_)));{'d0': {'_a1_': 0.04168256642409801, '_a2_': 98.10135601944512, '_a4_': 0.31192970770757544, '_a0_': 1.0, '_a3_': 1.0, '_a5_': 1.0, '_a6_': 1.0, '_a7_': 1.0}};{'d0': 0.02490583291941657};-280.569866449044;46.743554652625946
8445;-93.5413785718959;((x * (_a1_ + pow2(((x + _a4_) * _a4_)))) * ((_a1_ + _a4_) * (_a2_ + _a1_)));{'d0': {'_a1_': 0.04168256642409801, '_a2_': 98.10135601944512, '_a4_': 0.31192970770757544, '_a0_': 1.0, '_a3_': 1.0, '_a5_': 1.0, '_a6_': 1.0, '_a7_': 1.0}};{'d0': 0.02490583291941657};-280.569866449044;46.743554652625946
8446;-93.5413785718959;((x * (_a1_ + pow2(((x + _a4_) * _a4_)))) * ((_a1_ + _a4_) * (_a2_ + _a1_)));{'d0': {'_a1_': 0.04168256642409801, '_a2_': 98.10135601944512, '_a4_': 0.31192970770757544, '_a0_': 1.0, '_a3_': 1.0, '_a5_': 1.0, '_a6_': 1.0, '_a7_': 1.0}};{'d0': 0.02490583291941657};-280.569866449044;46.743554652625946
8447;-93.5413785718959;((x * (_a1_ + pow2(((x + _a4_) * _a4_)))) * ((_a1_ + _a4_) * (_a2_ + _a1_)));{'d0': {'_a1_': 0.04168256642409801, '_a2_': 98.10135601944512, '_a4_': 0.31192970770757544, '_a0_': 1.0, '_a3_': 1.0, '_a5_': 1.0, '_a6_': 1.0, '_a7_': 1.0}};{'d0': 0.02490583291941657};-280.569866449044;46.743554652625946
8448;-93.5413785718959;((x * (_a1_ + pow2(((x + _a4_) * _a4_)))) * ((_a1_ + _a4_) * (_a2_ + _a1_)));{'d0': {'_a1_': 0.04168256642409801, '_a2_': 98.10135601944512, '_a4_': 0.31192970770757544, '_a0_': 1.0, '_a3_': 1.0, '_a5_': 1.0, '_a6_': 1.0, '_a7_': 1.0}};{'d0': 0.02490583291941657};-280.569866449044;46.743554652625946
8449;-93.5413785718959;((x * (_a1_ + pow2(((x + _a4_) * _a4_)))) * ((_a1_ + _a4_) * (_a2_ + _a1_)));{'d0': {'_a1_': 0.04168256642409801, '_a2_': 98.10135601944512, '_a4_': 0.31192970770757544, '_a0_': 1.0, '_a3_': 1.0, '_a5_': 1.0, '_a6_': 1.0, '_a7_': 1.0}};{'d0': 0.02490583291941657};-280.569866449044;46.743554652625946
8450;-93.5413785718959;((x * (_a1_ + pow2(((x + _a4_) * _a4_)))) * ((_a1_ + _a4_) * (_a2_ + _a1_)));{'d0': {'_a1_': 0.04168256642409801, '_a2_': 98.10135601944512, '_a4_': 0.31192970770757544, '_a0_': 1.0, '_a3_': 1.0, '_a5_': 1.0, '_a6_': 1.0, '_a7_': 1.0}};{'d0': 0.02490583291941657};-280.569866449044;46.743554652625946
8451;-93.5413785718959;((x * (_a1_ + pow2(((x + _a4_) * _a4_)))) * ((_a1_ + _a4_) * (_a2_ + _a1_)));{'d0': {'_a1_': 0.04168256642409801, '_a2_': 98.10135601944512, '_a4_': 0.31192970770757544, '_a0_': 1.0, '_a3_': 1.0, '_a5_': 1.0, '_a6_': 1.0, '_a7_': 1.0}};{'d0': 0.02490583291941657};-280.569866449044;46.743554652625946
8452;-93.5413785718959;((x * (_a1_ + pow2(((x + _a4_) * _a4_)))) * ((_a1_ + _a4_) * (_a2_ + _a1_)));{'d0': {'_a1_': 0.04168256642409801, '_a2_': 98.10135601944512, '_a4_': 0.31192970770757544, '_a0_': 1.0, '_a3_': 1.0, '_a5_': 1.0, '_a6_': 1.0, '_a7_': 1.0}};{'d0': 0.02490583291941657};-280.569866449044;46.743554652625946
8453;-71.7994801355358;((pow2((_a2_ + pow2(sin((_a7_ + ((pow2(_a1_) * pow3(pow2(pow2(_a2_)))) * x)))))) * _a1_) * (x * _a6_));{'d0': {'_a1_': -0.031030667257471268, '_a2_': -1.7698160425776985, '_a6_': -79.33337291013716, '_a7_': 1.8535345547863462, '_a0_': 1.0, '_a3_': 1.0, '_a4_': 1.0, '_a5_': 1.0}};{'d0': 0.02370103599444702};-279.450518074689;67.9257789018085
8454;-71.7994801355358;((pow2((_a2_ + pow2(sin((_a7_ + ((pow2(_a1_) * pow3(pow2(pow2(_a2_)))) * x)))))) * _a1_) * (x * _a6_));{'d0': {'_a1_': -0.031030667257471268, '_a2_': -1.7698160425776985, '_a6_': -79.33337291013716, '_a7_': 1.8535345547863462, '_a0_': 1.0, '_a3_': 1.0, '_a4_': 1.0, '_a5_': 1.0}};{'d0': 0.02370103599444702};-279.450518074689;67.9257789018085
8455;-71.7994801355358;((pow2((_a2_ + pow2(sin((_a7_ + ((pow2(_a1_) * pow3(pow2(pow2(_a2_)))) * x)))))) * _a1_) * (x * _a6_));{'d0': {'_a1_': -0.031030667257471268, '_a2_': -1.7698160425776985, '_a6_': -79.33337291013716, '_a7_': 1.8535345547863462, '_a0_': 1.0, '_a3_': 1.0, '_a4_': 1.0, '_a5_': 1.0}};{'d0': 0.02370103599444702};-279.450518074689;67.9257789018085
8456;-71.7994801355358;((pow2((_a2_ + pow2(sin((_a7_ + ((pow2(_a1_) * pow3(pow2(pow2(_a2_)))) * x)))))) * _a1_) * (x * _a6_));{'d0': {'_a1_': -0.031030667257471268, '_a2_': -1.7698160425776985, '_a6_': -79.33337291013716, '_a7_': 1.8535345547863462, '_a0_': 1.0, '_a3_': 1.0, '_a4_': 1.0, '_a5_': 1.0}};{'d0': 0.02370103599444702};-279.450518074689;67.9257789018085
8457;-71.7994801355358;((pow2((_a2_ + pow2(sin((_a7_ + ((pow2(_a1_) * pow3(pow2(pow2(_a2_)))) * x)))))) * _a1_) * (x * _a6_));{'d0': {'_a1_': -0.031030667257471268, '_a2_': -1.7698160425776985, '_a6_': -79.33337291013716, '_a7_': 1.8535345547863462, '_a0_': 1.0, '_a3_': 1.0, '_a4_': 1.0, '_a5_': 1.0}};{'d0': 0.02370103599444702};-279.450518074689;67.9257789018085
8458;-71.0208855843795;((pow2((_a2_ + pow2(sin((_a7_ + ((pow2(_a1_) * pow3(pow2(pow2(_a2_)))) * x)))))) * _a1_) * (x / _a6_));{'d0': {'_a1_': -0.031030521654455093, '_a2_': -1.7698176213802714, '_a6_': -0.012605028053996773, '_a7_': 1.8535349173288753, '_a0_': 1.0, '_a3_': 1.0, '_a4_': 1.0, '_a5_': 1.0}};{'d0': 0.023701035991707888};-279.450518081623;68.7043734564319
8459;-71.0208855843795;((pow2((_a2_ + pow2(sin((_a7_ + ((pow2(_a1_) * pow3(pow2(pow2(_a2_)))) * x)))))) * _a1_) * (x / _a6_));{'d0': {'_a1_': -0.031030521654455093, '_a2_': -1.7698176213802714, '_a6_': -0.012605028053996773, '_a7_': 1.8535349173288753, '_a0_': 1.0, '_a3_': 1.0, '_a4_': 1.0, '_a5_': 1.0}};{'d0': 0.023701035991707888};-279.450518081623;68.7043734564319
8460;-71.0208855843795;((pow2((_a2_ + pow2(sin((_a7_ + ((pow2(_a1_) * pow3(pow2(pow2(_a2_)))) * x)))))) * _a1_) * (x / _a6_));{'d0': {'_a1_': -0.031030521654455093, '_a2_': -1.7698176213802714, '_a6_': -0.012605028053996773, '_a7_': 1.8535349173288753, '_a0_': 1.0, '_a3_': 1.0, '_a4_': 1.0, '_a5_': 1.0}};{'d0': 0.023701035991707888};-279.450518081623;68.7043734564319
8461;-71.0208855843795;((pow2((_a2_ + pow2(sin((_a7_ + ((pow2(_a1_) * pow3(pow2(pow2(_a2_)))) * x)))))) * _a1_) * (x / _a6_));{'d0': {'_a1_': -0.031030521654455093, '_a2_': -1.7698176213802714, '_a6_': -0.012605028053996773, '_a7_': 1.8535349173288753, '_a0_': 1.0, '_a3_': 1.0, '_a4_': 1.0, '_a5_': 1.0}};{'d0': 0.023701035991707888};-279.450518081623;68.7043734564319
8462;-71.0208855843795;((pow2((_a2_ + pow2(sin((_a7_ + ((pow2(_a1_) * pow3(pow2(pow2(_a2_)))) * x)))))) * _a1_) * (x / _a6_));{'d0': {'_a1_': -0.031030521654455093, '_a2_': -1.7698176213802714, '_a6_': -0.012605028053996773, '_a7_': 1.8535349173288753, '_a0_': 1.0, '_a3_': 1.0, '_a4_': 1.0, '_a5_': 1.0}};{'d0': 0.023701035991707888};-279.450518081623;68.7043734564319
8463;-71.0208855843795;((pow2((_a2_ + pow2(sin((_a7_ + ((pow2(_a1_) * pow3(pow2(pow2(_a2_)))) * x)))))) * _a1_) * (x / _a6_));{'d0': {'_a1_': -0.031030521654455093, '_a2_': -1.7698176213802714, '_a6_': -0.012605028053996773, '_a7_': 1.8535349173288753, '_a0_': 1.0, '_a3_': 1.0, '_a4_': 1.0, '_a5_': 1.0}};{'d0': 0.023701035991707888};-279.450518081623;68.7043734564319
8464;-71.0208855843795;((pow2((_a2_ + pow2(sin((_a7_ + ((pow2(_a1_) * pow3(pow2(pow2(_a2_)))) * x)))))) * _a1_) * (x / _a6_));{'d0': {'_a1_': -0.031030521654455093, '_a2_': -1.7698176213802714, '_a6_': -0.012605028053996773, '_a7_': 1.8535349173288753, '_a0_': 1.0, '_a3_': 1.0, '_a4_': 1.0, '_a5_': 1.0}};{'d0': 0.023701035991707888};-279.450518081623;68.7043734564319
8465;-71.0208855843795;((pow2((_a2_ + pow2(sin((_a7_ + ((pow2(_a1_) * pow3(pow2(pow2(_a2_)))) * x)))))) * _a1_) * (x / _a6_));{'d0': {'_a1_': -0.031030521654455093, '_a2_': -1.7698176213802714, '_a6_': -0.012605028053996773, '_a7_': 1.8535349173288753, '_a0_': 1.0, '_a3_': 1.0, '_a4_': 1.0, '_a5_': 1.0}};{'d0': 0.023701035991707888};-279.450518081623;68.7043734564319
8466;-71.0208855843795;((pow2((_a2_ + pow2(sin((_a7_ + ((pow2(_a1_) * pow3(pow2(pow2(_a2_)))) * x)))))) * _a1_) * (x / _a6_));{'d0': {'_a1_': -0.031030521654455093, '_a2_': -1.7698176213802714, '_a6_': -0.012605028053996773, '_a7_': 1.8535349173288753, '_a0_': 1.0, '_a3_': 1.0, '_a4_': 1.0, '_a5_': 1.0}};{'d0': 0.023701035991707888};-279.450518081623;68.7043734564319
8467;-98.8045093876351;(((_a7_ + pow2(x)) + (_a0_ * x)) * ((x / -(_a5_)) * _a2_));{'d0': {'_a0_': 0.6238594163097283, '_a2_': -2.720922216650453, '_a5_': 0.8057787622920883, '_a7_': 0.5256917711510035, '_a1_': 1.0, '_a3_': 1.0, '_a4_': 1.0, '_a6_': 1.0}};{'d0': 0.024905832919419876};-276.475521886814;39.43325155577183
8468;-98.8045093876351;(((_a7_ + pow2(x)) + (_a0_ * x)) * ((x / -(_a5_)) * _a2_));{'d0': {'_a0_': 0.6238594163097283, '_a2_': -2.720922216650453, '_a5_': 0.8057787622920883, '_a7_': 0.5256917711510035, '_a1_': 1.0, '_a3_': 1.0, '_a4_': 1.0, '_a6_': 1.0}};{'d0': 0.024905832919419876};-276.475521886814;39.43325155577183
8469;-98.8045093876351;(((_a7_ + pow2(x)) + (_a0_ * x)) * ((x / -(_a5_)) * _a2_));{'d0': {'_a0_': 0.6238594163097283, '_a2_': -2.720922216650453, '_a5_': 0.8057787622920883, '_a7_': 0.5256917711510035, '_a1_': 1.0, '_a3_': 1.0, '_a4_': 1.0, '_a6_': 1.0}};{'d0': 0.024905832919419876};-276.475521886814;39.43325155577183
8470;-100.851681668750;(((_a7_ + pow2(x)) + (_a5_ * x)) * ((x / -(_a5_)) * _a2_));{'d0': {'_a2_': -2.1066240677137387, '_a5_': 0.623859415595238, '_a7_': 0.525691770548827, '_a0_': 1.0, '_a1_': 1.0, '_a3_': 1.0, '_a4_': 1.0, '_a6_': 1.0}};{'d0': 0.0249058329194167};-280.569866449043;39.43325155577183
8471;-100.851681668750;(((_a7_ + pow2(x)) + (_a5_ * x)) * ((x / -(_a5_)) * _a2_));{'d0': {'_a2_': -2.1066240677137387, '_a5_': 0.623859415595238, '_a7_': 0.525691770548827, '_a0_': 1.0, '_a1_': 1.0, '_a3_': 1.0, '_a4_': 1.0, '_a6_': 1.0}};{'d0': 0.0249058329194167};-280.569866449043;39.43325155577183
8472;-100.851681668750;(((_a7_ + pow2(x)) + (_a5_ * x)) * ((x / -(_a5_)) * _a2_));{'d0': {'_a2_': -2.1066240677137387, '_a5_': 0.623859415595238, '_a7_': 0.525691770548827, '_a0_': 1.0, '_a1_': 1.0, '_a3_': 1.0, '_a4_': 1.0, '_a6_': 1.0}};{'d0': 0.0249058329194167};-280.569866449043;39.43325155577183
8473;-100.851681668750;(((_a7_ + pow2(x)) + (_a5_ * x)) * ((x / -(_a5_)) * _a2_));{'d0': {'_a2_': -2.1066240677137387, '_a5_': 0.623859415595238, '_a7_': 0.525691770548827, '_a0_': 1.0, '_a1_': 1.0, '_a3_': 1.0, '_a4_': 1.0, '_a6_': 1.0}};{'d0': 0.0249058329194167};-280.569866449043;39.43325155577183
8474;-100.851681668750;(((_a7_ + pow2(x)) + (_a5_ * x)) * ((x / -(_a5_)) * _a2_));{'d0': {'_a2_': -2.1066240677137387, '_a5_': 0.623859415595238, '_a7_': 0.525691770548827, '_a0_': 1.0, '_a1_': 1.0, '_a3_': 1.0, '_a4_': 1.0, '_a6_': 1.0}};{'d0': 0.0249058329194167};-280.569866449043;39.43325155577183
8475;-100.851681668750;(((_a7_ + pow2(x)) + (_a5_ * x)) * ((x / -(_a5_)) * _a2_));{'d0': {'_a2_': -2.1066240677137387, '_a5_': 0.623859415595238, '_a7_': 0.525691770548827, '_a0_': 1.0, '_a1_': 1.0, '_a3_': 1.0, '_a4_': 1.0, '_a6_': 1.0}};{'d0': 0.0249058329194167};-280.569866449043;39.43325155577183
8476;-100.851681668750;(((_a7_ + pow2(x)) + (_a5_ * x)) * ((x / -(_a5_)) * _a2_));{'d0': {'_a2_': -2.1066240677137387, '_a5_': 0.623859415595238, '_a7_': 0.525691770548827, '_a0_': 1.0, '_a1_': 1.0, '_a3_': 1.0, '_a4_': 1.0, '_a6_': 1.0}};{'d0': 0.0249058329194167};-280.569866449043;39.43325155577183
8477;-100.851681668750;(((_a7_ + pow2(x)) + (_a5_ * x)) * ((x / -(_a5_)) * _a2_));{'d0': {'_a2_': -2.1066240677137387, '_a5_': 0.623859415595238, '_a7_': 0.525691770548827, '_a0_': 1.0, '_a1_': 1.0, '_a3_': 1.0, '_a4_': 1.0, '_a6_': 1.0}};{'d0': 0.0249058329194167};-280.569866449043;39.43325155577183
8478;-100.851681668750;(((_a7_ + pow2(x)) + (_a5_ * x)) * ((x / -(_a5_)) * _a2_));{'d0': {'_a2_': -2.1066240677137387, '_a5_': 0.623859415595238, '_a7_': 0.525691770548827, '_a0_': 1.0, '_a1_': 1.0, '_a3_': 1.0, '_a4_': 1.0, '_a6_': 1.0}};{'d0': 0.0249058329194167};-280.569866449043;39.43325155577183
8479;-100.851681668750;(((_a7_ + pow2(x)) + (_a5_ * x)) * ((x / -(_a5_)) * _a2_));{'d0': {'_a2_': -2.1066240677137387, '_a5_': 0.623859415595238, '_a7_': 0.525691770548827, '_a0_': 1.0, '_a1_': 1.0, '_a3_': 1.0, '_a4_': 1.0, '_a6_': 1.0}};{'d0': 0.0249058329194167};-280.569866449043;39.43325155577183
8480;-100.851681668750;(((_a7_ + pow2(x)) + (_a5_ * x)) * ((x / -(_a5_)) * _a2_));{'d0': {'_a2_': -2.1066240677137387, '_a5_': 0.623859415595238, '_a7_': 0.525691770548827, '_a0_': 1.0, '_a1_': 1.0, '_a3_': 1.0, '_a4_': 1.0, '_a6_': 1.0}};{'d0': 0.0249058329194167};-280.569866449043;39.43325155577183
8481;-100.851681668750;(((_a7_ + pow2(x)) + (_a5_ * x)) * ((x / -(_a5_)) * _a2_));{'d0': {'_a2_': -2.1066240677137387, '_a5_': 0.623859415595238, '_a7_': 0.525691770548827, '_a0_': 1.0, '_a1_': 1.0, '_a3_': 1.0, '_a4_': 1.0, '_a6_': 1.0}};{'d0': 0.0249058329194167};-280.569866449043;39.43325155577183
8482;-100.851681668750;(((_a7_ + pow2(x)) + (_a5_ * x)) * ((x / -(_a5_)) * _a2_));{'d0': {'_a2_': -2.1066240677137387, '_a5_': 0.623859415595238, '_a7_': 0.525691770548827, '_a0_': 1.0, '_a1_': 1.0, '_a3_': 1.0, '_a4_': 1.0, '_a6_': 1.0}};{'d0': 0.0249058329194167};-280.569866449043;39.43325155577183
8483;-104.531628829010;(((_a7_ + pow2(x)) + (_a5_ * x)) * ((x / _a7_) * _a2_));{'d0': {'_a2_': 1.7751354043606542, '_a5_': 0.6238594156552902, '_a7_': 0.5256917702641682, '_a0_': 1.0, '_a1_': 1.0, '_a3_': 1.0, '_a4_': 1.0, '_a6_': 1.0}};{'d0': 0.024905832919416587};-280.569866449044;35.75330439551144
8484;-104.531628829010;(((_a7_ + pow2(x)) + (_a5_ * x)) * ((x / _a7_) * _a2_));{'d0': {'_a2_': 1.7751354043606542, '_a5_': 0.6238594156552902, '_a7_': 0.5256917702641682, '_a0_': 1.0, '_a1_': 1.0, '_a3_': 1.0, '_a4_': 1.0, '_a6_': 1.0}};{'d0': 0.024905832919416587};-280.569866449044;35.75330439551144
8485;-104.531628829010;(((_a7_ + pow2(x)) + (_a5_ * x)) * ((x / _a7_) * _a2_));{'d0': {'_a2_': 1.7751354043606542, '_a5_': 0.6238594156552902, '_a7_': 0.5256917702641682, '_a0_': 1.0, '_a1_': 1.0, '_a3_': 1.0, '_a4_': 1.0, '_a6_': 1.0}};{'d0': 0.024905832919416587};-280.569866449044;35.75330439551144
8486;-104.531628829010;(((_a7_ + pow2(x)) + (_a5_ * x)) * ((x / _a7_) * _a2_));{'d0': {'_a2_': 1.7751354043606542, '_a5_': 0.6238594156552902, '_a7_': 0.5256917702641682, '_a0_': 1.0, '_a1_': 1.0, '_a3_': 1.0, '_a4_': 1.0, '_a6_': 1.0}};{'d0': 0.024905832919416587};-280.569866449044;35.75330439551144
8487;-104.531628829010;(((_a7_ + pow2(x)) + (_a5_ * x)) * ((x / _a7_) * _a2_));{'d0': {'_a2_': 1.7751354043606542, '_a5_': 0.6238594156552902, '_a7_': 0.5256917702641682, '_a0_': 1.0, '_a1_': 1.0, '_a3_': 1.0, '_a4_': 1.0, '_a6_': 1.0}};{'d0': 0.024905832919416587};-280.569866449044;35.75330439551144
8488;-104.531628829010;(((_a7_ + pow2(x)) + (_a5_ * x)) * ((x / _a7_) * _a2_));{'d0': {'_a2_': 1.7751354043606542, '_a5_': 0.6238594156552902, '_a7_': 0.5256917702641682, '_a0_': 1.0, '_a1_': 1.0, '_a3_': 1.0, '_a4_': 1.0, '_a6_': 1.0}};{'d0': 0.024905832919416587};-280.569866449044;35.75330439551144
8489;-104.531628829010;(((_a7_ + pow2(x)) + (_a5_ * x)) * ((x / _a7_) * _a2_));{'d0': {'_a2_': 1.7751354043606542, '_a5_': 0.6238594156552902, '_a7_': 0.5256917702641682, '_a0_': 1.0, '_a1_': 1.0, '_a3_': 1.0, '_a4_': 1.0, '_a6_': 1.0}};{'d0': 0.024905832919416587};-280.569866449044;35.75330439551144
8490;-104.531628829010;(((_a7_ + pow2(x)) + (_a5_ * x)) * ((x / _a7_) * _a2_));{'d0': {'_a2_': 1.7751354043606542, '_a5_': 0.6238594156552902, '_a7_': 0.5256917702641682, '_a0_': 1.0, '_a1_': 1.0, '_a3_': 1.0, '_a4_': 1.0, '_a6_': 1.0}};{'d0': 0.024905832919416587};-280.569866449044;35.75330439551144
8491;-104.531628829010;(((_a2_ + pow2(x)) + (_a5_ * x)) * ((x / _a7_) * _a2_));{'d0': {'_a2_': 0.5256917705414447, '_a5_': 0.6238594156425922, '_a7_': 0.15567930024102117, '_a0_': 1.0, '_a1_': 1.0, '_a3_': 1.0, '_a4_': 1.0, '_a6_': 1.0}};{'d0': 0.02490583291941662};-280.569866449044;35.75330439551144
8492;-104.531628829010;(((_a2_ + pow2(x)) + (_a5_ * x)) * ((x / _a7_) * _a2_));{'d0': {'_a2_': 0.5256917705414447, '_a5_': 0.6238594156425922, '_a7_': 0.15567930024102117, '_a0_': 1.0, '_a1_': 1.0, '_a3_': 1.0, '_a4_': 1.0, '_a6_': 1.0}};{'d0': 0.02490583291941662};-280.569866449044;35.75330439551144
8493;-104.531628829010;(((_a2_ + pow2(x)) + (_a5_ * x)) * ((x / _a7_) * _a2_));{'d0': {'_a2_': 0.5256917705414447, '_a5_': 0.6238594156425922, '_a7_': 0.15567930024102117, '_a0_': 1.0, '_a1_': 1.0, '_a3_': 1.0, '_a4_': 1.0, '_a6_': 1.0}};{'d0': 0.02490583291941662};-280.569866449044;35.75330439551144
8494;-104.531628829010;(((_a2_ + pow2(x)) + (_a5_ * x)) * ((x / _a7_) * _a2_));{'d0': {'_a2_': 0.5256917705414447, '_a5_': 0.6238594156425922, '_a7_': 0.15567930024102117, '_a0_': 1.0, '_a1_': 1.0, '_a3_': 1.0, '_a4_': 1.0, '_a6_': 1.0}};{'d0': 0.02490583291941662};-280.569866449044;35.75330439551144
8495;-104.531628829010;(((_a2_ + pow2(x)) + (_a5_ * x)) * ((x / _a7_) * _a2_));{'d0': {'_a2_': 0.5256917705414447, '_a5_': 0.6238594156425922, '_a7_': 0.15567930024102117, '_a0_': 1.0, '_a1_': 1.0, '_a3_': 1.0, '_a4_': 1.0, '_a6_': 1.0}};{'d0': 0.02490583291941662};-280.569866449044;35.75330439551144
8496;-104.531628829010;(((_a2_ + pow2(x)) + (_a5_ * x)) * ((x / _a7_) * _a2_));{'d0': {'_a2_': 0.5256917705414447, '_a5_': 0.6238594156425922, '_a7_': 0.15567930024102117, '_a0_': 1.0, '_a1_': 1.0, '_a3_': 1.0, '_a4_': 1.0, '_a6_': 1.0}};{'d0': 0.02490583291941662};-280.569866449044;35.75330439551144
8497;-104.531628829010;(((_a2_ + pow2(x)) + (_a5_ * x)) * ((x / _a7_) * _a2_));{'d0': {'_a2_': 0.5256917705414447, '_a5_': 0.6238594156425922, '_a7_': 0.15567930024102117, '_a0_': 1.0, '_a1_': 1.0, '_a3_': 1.0, '_a4_': 1.0, '_a6_': 1.0}};{'d0': 0.02490583291941662};-280.569866449044;35.75330439551144
8498;-98.6944060208632;((((_a2_ + pow2(x)) + (_a5_ * x)) * ((x / _a7_) * _a2_)) / _a7_);{'d0': {'_a2_': 0.5256917697725055, '_a5_': 0.6238594154016486, '_a7_': 0.3945621622508563, '_a0_': 1.0, '_a1_': 1.0, '_a3_': 1.0, '_a4_': 1.0, '_a6_': 1.0}};{'d0': 0.024905832919416677};-280.569866449043;41.59052720365864
8499;-98.6944060208632;((((_a2_ + pow2(x)) + (_a5_ * x)) * ((x / _a7_) * _a2_)) / _a7_);{'d0': {'_a2_': 0.5256917697725055, '_a5_': 0.6238594154016486, '_a7_': 0.3945621622508563, '_a0_': 1.0, '_a1_': 1.0, '_a3_': 1.0, '_a4_': 1.0, '_a6_': 1.0}};{'d0': 0.024905832919416677};-280.569866449043;41.59052720365864
8500;-98.6944060208632;((((_a2_ + pow2(x)) + (_a5_ * x)) * ((x / _a7_) * _a2_)) / _a7_);{'d0': {'_a2_': 0.5256917697725055, '_a5_': 0.6238594154016486, '_a7_': 0.3945621622508563, '_a0_': 1.0, '_a1_': 1.0, '_a3_': 1.0, '_a4_': 1.0, '_a6_': 1.0}};{'d0': 0.024905832919416677};-280.569866449043;41.59052720365864
8501;-98.6944060208632;((((_a2_ + pow2(x)) + (_a5_ * x)) * ((x / _a7_) * _a2_)) / _a7_);{'d0': {'_a2_': 0.5256917697725055, '_a5_': 0.6238594154016486, '_a7_': 0.3945621622508563, '_a0_': 1.0, '_a1_': 1.0, '_a3_': 1.0, '_a4_': 1.0, '_a6_': 1.0}};{'d0': 0.024905832919416677};-280.569866449043;41.59052720365864
8502;-97.6972348101063;((((_a2_ + pow2(x)) + (_a5_ * x)) * ((x / _a7_) / _a2_)) / _a7_);{'d0': {'_a2_': 0.5256917704096913, '_a5_': 0.6238594156288774, '_a7_': 0.7505579977368458, '_a0_': 1.0, '_a1_': 1.0, '_a3_': 1.0, '_a4_': 1.0, '_a6_': 1.0}};{'d0': 0.0249058329194166};-280.569866449044;42.58769841441564
8503;-97.6972348101063;((((_a2_ + pow2(x)) + (_a5_ * x)) * ((x / _a7_) / _a7_)) / _a7_);{'d0': {'_a2_': 0.5256917705019821, '_a5_': 0.6238594156370779, '_a7_': 0.666550764394489, '_a0_': 1.0, '_a1_': 1.0, '_a3_': 1.0, '_a4_': 1.0, '_a6_': 1.0}};{'d0': 0.024905832919416598};-280.569866449044;42.58769841441564
8504;-105.382580669956;((x * (_a1_ + pow2(((x + _a4_) * _a1_)))) * (_a6_ * _a6_));{'d0': {'_a1_': 2.334312660066143, '_a4_': 0.31192970774581025, '_a6_': 0.7872109535693496, '_a0_': 1.0, '_a2_': 1.0, '_a3_': 1.0, '_a5_': 1.0, '_a7_': 1.0}};{'d0': 0.024905832919416684};-280.569866449043;34.90235255456595
8505;-105.382580669956;((x * (_a1_ + pow2(((x + _a4_) * _a1_)))) * (_a6_ * _a6_));{'d0': {'_a1_': 2.334312660066143, '_a4_': 0.31192970774581025, '_a6_': 0.7872109535693496, '_a0_': 1.0, '_a2_': 1.0, '_a3_': 1.0, '_a5_': 1.0, '_a7_': 1.0}};{'d0': 0.024905832919416684};-280.569866449043;34.90235255456595
8506;-105.382580669956;((x * (_a1_ + pow2(((x + _a4_) * _a1_)))) * (_a6_ * _a6_));{'d0': {'_a1_': 2.334312660066143, '_a4_': 0.31192970774581025, '_a6_': 0.7872109535693496, '_a0_': 1.0, '_a2_': 1.0, '_a3_': 1.0, '_a5_': 1.0, '_a7_': 1.0}};{'d0': 0.024905832919416684};-280.569866449043;34.90235255456595
8507;-90.7730798898602;((((_a2_ + pow2(x)) + (_a1_ * (x * _a6_))) * ((x / _a7_) / _a7_)) / _a7_);{'d0': {'_a1_': 0.6238594155243763, '_a2_': 0.5256917702054563, '_a6_': 1.0, '_a7_': 0.6665507642745419, '_a0_': 1.0, '_a3_': 1.0, '_a4_': 1.0, '_a5_': 1.0}};{'d0': 0.024905832919416632};-276.475521886821;47.46468105355064
8508;-90.7730798898602;((((_a2_ + pow2(x)) + (_a1_ * (x * _a6_))) * ((x / _a7_) / _a7_)) / _a7_);{'d0': {'_a1_': 0.6238594155243763, '_a2_': 0.5256917702054563, '_a6_': 1.0, '_a7_': 0.6665507642745419, '_a0_': 1.0, '_a3_': 1.0, '_a4_': 1.0, '_a5_': 1.0}};{'d0': 0.024905832919416632};-276.475521886821;47.46468105355064
8509;-90.7730798898602;((((_a2_ + pow2(x)) + (_a1_ * (x * _a6_))) * ((x / _a7_) / _a7_)) / _a7_);{'d0': {'_a1_': 0.6238594155243763, '_a2_': 0.5256917702054563, '_a6_': 1.0, '_a7_': 0.6665507642745419, '_a0_': 1.0, '_a3_': 1.0, '_a4_': 1.0, '_a5_': 1.0}};{'d0': 0.024905832919416632};-276.475521886821;47.46468105355064
8510;-90.7730798898602;((((_a2_ + pow2(x)) + (_a1_ * (x * _a6_))) * ((x / _a7_) / _a7_)) / _a7_);{'d0': {'_a1_': 0.6238594155243763, '_a2_': 0.5256917702054563, '_a6_': 1.0, '_a7_': 0.6665507642745419, '_a0_': 1.0, '_a3_': 1.0, '_a4_': 1.0, '_a5_': 1.0}};{'d0': 0.024905832919416632};-276.475521886821;47.46468105355064
8511;-88.7259076070914;((((_a2_ + pow2(x)) + (_a1_ * (x * _a6_))) * ((x / _a7_) / _a0_)) / _a7_);{'d0': {'_a0_': 1.0723238664409285, '_a1_': 0.623859413652692, '_a2_': 0.5256917702744026, '_a6_': 1.0000000028883569, '_a7_': 0.5255170766731785, '_a3_': 1.0, '_a4_': 1.0, '_a5_': 1.0}};{'d0': 0.024905832920792847};-272.381177321284;47.46468105355064
8512;-88.7259076070914;((((_a2_ + pow2(x)) + (_a1_ * (x * _a6_))) * ((x / _a7_) / _a0_)) / _a7_);{'d0': {'_a0_': 1.0723238664409285, '_a1_': 0.623859413652692, '_a2_': 0.5256917702744026, '_a6_': 1.0000000028883569, '_a7_': 0.5255170766731785, '_a3_': 1.0, '_a4_': 1.0, '_a5_': 1.0}};{'d0': 0.024905832920792847};-272.381177321284;47.46468105355064
8513;-90.7730798892215;((((_a7_ + pow2(x)) + (_a1_ * (x * _a6_))) * ((x / _a7_) / _a0_)) / _a7_);{'d0': {'_a0_': 1.0716114266863461, '_a1_': 0.6305010554130959, '_a6_': 0.9894659766348155, '_a7_': 0.5256917703509858, '_a2_': 1.0, '_a3_': 1.0, '_a4_': 1.0, '_a5_': 1.0}};{'d0': 0.024905832919946833};-276.475521885544;47.46468105355064
8514;-90.7730798892215;((((_a7_ + pow2(x)) + (_a1_ * (x * _a6_))) * ((x / _a7_) / _a0_)) / _a7_);{'d0': {'_a0_': 1.0716114266863461, '_a1_': 0.6305010554130959, '_a6_': 0.9894659766348155, '_a7_': 0.5256917703509858, '_a2_': 1.0, '_a3_': 1.0, '_a4_': 1.0, '_a5_': 1.0}};{'d0': 0.024905832919946833};-276.475521885544;47.46468105355064
8515;-90.7730798892215;((((_a7_ + pow2(x)) + (_a1_ * (x * _a6_))) * ((x / _a7_) / _a0_)) / _a7_);{'d0': {'_a0_': 1.0716114266863461, '_a1_': 0.6305010554130959, '_a6_': 0.9894659766348155, '_a7_': 0.5256917703509858, '_a2_': 1.0, '_a3_': 1.0, '_a4_': 1.0, '_a5_': 1.0}};{'d0': 0.024905832919946833};-276.475521885544;47.46468105355064
8516;-85.8237399620520;((((_a7_ + pow2(x)) + (_a1_ * (x * _a6_))) * ((x / _a7_) / _a0_)) / (_a7_ * _a7_));{'d0': {'_a0_': 2.0384786041443412, '_a1_': 1.8473596090338746, '_a6_': 0.33770321302371625, '_a7_': 0.5256917704288723, '_a2_': 1.0, '_a3_': 1.0, '_a4_': 1.0, '_a5_': 1.0}};{'d0': 0.02490583292136853};-276.475521882119;52.414020979007645
8517;-85.8237399620520;((((_a7_ + pow2(x)) + (_a1_ * (x * _a6_))) * ((x / _a7_) / _a0_)) / (_a7_ * _a7_));{'d0': {'_a0_': 2.0384786041443412, '_a1_': 1.8473596090338746, '_a6_': 0.33770321302371625, '_a7_': 0.5256917704288723, '_a2_': 1.0, '_a3_': 1.0, '_a4_': 1.0, '_a5_': 1.0}};{'d0': 0.02490583292136853};-276.475521882119;52.414020979007645
8518;-98.1481474085954;(((pow2((_a3_ + x)) * x) + (x / (sqrt(_a7_) + _a1_))) * _a7_);{'d0': {'_a1_': 0.4967161672122196, '_a3_': 0.31192970765768935, '_a7_': 3.3767608807211897, '_a0_': 1.0, '_a2_': 1.0, '_a4_': 1.0, '_a5_': 1.0, '_a6_': 1.0}};{'d0': 0.02490583291941664};-280.569866449044;42.13678581592639
8519;-98.1481474085954;(((pow2((_a3_ + x)) * x) + (x / (sqrt(_a7_) + _a1_))) * _a7_);{'d0': {'_a1_': 0.4967161672122196, '_a3_': 0.31192970765768935, '_a7_': 3.3767608807211897, '_a0_': 1.0, '_a2_': 1.0, '_a4_': 1.0, '_a5_': 1.0, '_a6_': 1.0}};{'d0': 0.02490583291941664};-280.569866449044;42.13678581592639
8520;-98.1481474085954;(((pow2((_a3_ + x)) * x) + (x / (sqrt(_a7_) + _a1_))) * _a7_);{'d0': {'_a1_': 0.4967161672122196, '_a3_': 0.31192970765768935, '_a7_': 3.3767608807211897, '_a0_': 1.0, '_a2_': 1.0, '_a4_': 1.0, '_a5_': 1.0, '_a6_': 1.0}};{'d0': 0.02490583291941664};-280.569866449044;42.13678581592639
8521;-98.1481474085954;(((pow2((_a3_ + x)) * x) + (x / (sqrt(_a7_) + _a1_))) * _a7_);{'d0': {'_a1_': 0.4967161672122196, '_a3_': 0.31192970765768935, '_a7_': 3.3767608807211897, '_a0_': 1.0, '_a2_': 1.0, '_a4_': 1.0, '_a5_': 1.0, '_a6_': 1.0}};{'d0': 0.02490583291941664};-280.569866449044;42.13678581592639
8522;-98.1481474085954;(((pow2((_a3_ + x)) * x) + (x / (sqrt(_a7_) + _a1_))) * _a7_);{'d0': {'_a1_': 0.4967161672122196, '_a3_': 0.31192970765768935, '_a7_': 3.3767608807211897, '_a0_': 1.0, '_a2_': 1.0, '_a4_': 1.0, '_a5_': 1.0, '_a6_': 1.0}};{'d0': 0.02490583291941664};-280.569866449044;42.13678581592639
8523;-98.1481474085954;(((pow2((_a3_ + x)) * x) + (x / (sqrt(_a7_) + _a1_))) * _a7_);{'d0': {'_a1_': 0.4967161672122196, '_a3_': 0.31192970765768935, '_a7_': 3.3767608807211897, '_a0_': 1.0, '_a2_': 1.0, '_a4_': 1.0, '_a5_': 1.0, '_a6_': 1.0}};{'d0': 0.02490583291941664};-280.569866449044;42.13678581592639
8524;-98.1481474085954;(((pow2((_a3_ + x)) * x) + (x / (sqrt(_a7_) + _a1_))) * _a7_);{'d0': {'_a1_': 0.4967161672122196, '_a3_': 0.31192970765768935, '_a7_': 3.3767608807211897, '_a0_': 1.0, '_a2_': 1.0, '_a4_': 1.0, '_a5_': 1.0, '_a6_': 1.0}};{'d0': 0.02490583291941664};-280.569866449044;42.13678581592639
8525;-98.1481474085954;(((pow2((_a3_ + x)) * x) + (x / (sqrt(_a7_) + _a1_))) * _a7_);{'d0': {'_a1_': 0.4967161672122196, '_a3_': 0.31192970765768935, '_a7_': 3.3767608807211897, '_a0_': 1.0, '_a2_': 1.0, '_a4_': 1.0, '_a5_': 1.0, '_a6_': 1.0}};{'d0': 0.02490583291941664};-280.569866449044;42.13678581592639
8526;-98.1481474085954;(((pow2((_a3_ + x)) * x) + (x / (sqrt(_a7_) + _a1_))) * _a7_);{'d0': {'_a1_': 0.4967161672122196, '_a3_': 0.31192970765768935, '_a7_': 3.3767608807211897, '_a0_': 1.0, '_a2_': 1.0, '_a4_': 1.0, '_a5_': 1.0, '_a6_': 1.0}};{'d0': 0.02490583291941664};-280.569866449044;42.13678581592639
8527;-98.1481474085954;(((pow2((_a3_ + x)) * x) + (x / (sqrt(_a7_) + _a1_))) * _a7_);{'d0': {'_a1_': 0.4967161672122196, '_a3_': 0.31192970765768935, '_a7_': 3.3767608807211897, '_a0_': 1.0, '_a2_': 1.0, '_a4_': 1.0, '_a5_': 1.0, '_a6_': 1.0}};{'d0': 0.02490583291941664};-280.569866449044;42.13678581592639
8528;-88.5876866844988;((cos(((_a6_ * _a4_) + x)) / _a3_) + -(-((_a0_ + (x * _a2_)))));{'d0': {'_a0_': 4.322210452562044, '_a2_': 22.28886820243059, '_a3_': 0.047691301397588884, '_a4_': 26.215585588526906, '_a6_': -583.5375151872939, '_a1_': 1.0, '_a5_': 1.0, '_a7_': 1.0}};{'d0': 0.025805100812395194};-270.252968416773;46.53879752388799
8529;-88.5876866844988;((cos(((_a6_ * _a4_) + x)) / _a3_) + -(-((_a0_ + (x * _a2_)))));{'d0': {'_a0_': 4.322210452562044, '_a2_': 22.28886820243059, '_a3_': 0.047691301397588884, '_a4_': 26.215585588526906, '_a6_': -583.5375151872939, '_a1_': 1.0, '_a5_': 1.0, '_a7_': 1.0}};{'d0': 0.025805100812395194};-270.252968416773;46.53879752388799
8530;-88.5876866844988;((cos(((_a6_ * _a4_) + x)) / _a3_) + -(-((_a0_ + (x * _a2_)))));{'d0': {'_a0_': 4.322210452562044, '_a2_': 22.28886820243059, '_a3_': 0.047691301397588884, '_a4_': 26.215585588526906, '_a6_': -583.5375151872939, '_a1_': 1.0, '_a5_': 1.0, '_a7_': 1.0}};{'d0': 0.025805100812395194};-270.252968416773;46.53879752388799
8531;-88.5876866844988;((cos(((_a6_ * _a4_) + x)) / _a3_) + -(-((_a0_ + (x * _a2_)))));{'d0': {'_a0_': 4.322210452562044, '_a2_': 22.28886820243059, '_a3_': 0.047691301397588884, '_a4_': 26.215585588526906, '_a6_': -583.5375151872939, '_a1_': 1.0, '_a5_': 1.0, '_a7_': 1.0}};{'d0': 0.025805100812395194};-270.252968416773;46.53879752388799
8532;-88.5876866844988;((cos(((_a6_ * _a4_) + x)) / _a3_) + -(-((_a0_ + (x * _a2_)))));{'d0': {'_a0_': 4.322210452562044, '_a2_': 22.28886820243059, '_a3_': 0.047691301397588884, '_a4_': 26.215585588526906, '_a6_': -583.5375151872939, '_a1_': 1.0, '_a5_': 1.0, '_a7_': 1.0}};{'d0': 0.025805100812395194};-270.252968416773;46.53879752388799
8533;-88.5876866844988;((cos(((_a6_ * _a4_) + x)) / _a3_) + -(-((_a0_ + (x * _a2_)))));{'d0': {'_a0_': 4.322210452562044, '_a2_': 22.28886820243059, '_a3_': 0.047691301397588884, '_a4_': 26.215585588526906, '_a6_': -583.5375151872939, '_a1_': 1.0, '_a5_': 1.0, '_a7_': 1.0}};{'d0': 0.025805100812395194};-270.252968416773;46.53879752388799
8534;-88.5876866844988;((cos(((_a6_ * _a4_) + x)) / _a3_) + -(-((_a0_ + (x * _a2_)))));{'d0': {'_a0_': 4.322210452562044, '_a2_': 22.28886820243059, '_a3_': 0.047691301397588884, '_a4_': 26.215585588526906, '_a6_': -583.5375151872939, '_a1_': 1.0, '_a5_': 1.0, '_a7_': 1.0}};{'d0': 0.025805100812395194};-270.252968416773;46.53879752388799
8535;-92.7888153784854;(((pow2((_a3_ + x)) * x) + (x / (sqrt(_a7_) + log(_a2_)))) * _a7_);{'d0': {'_a2_': 1.6433160220075884, '_a3_': 0.3119297077789587, '_a7_': 3.3767608788835375, '_a0_': 1.0, '_a1_': 1.0, '_a4_': 1.0, '_a5_': 1.0, '_a6_': 1.0}};{'d0': 0.024905832919416664};-280.569866449044;47.496117846036384
8536;-92.7888153784854;(((pow2((_a3_ + x)) * x) + (x / (sqrt(_a7_) + log(_a2_)))) * _a7_);{'d0': {'_a2_': 1.6433160220075884, '_a3_': 0.3119297077789587, '_a7_': 3.3767608788835375, '_a0_': 1.0, '_a1_': 1.0, '_a4_': 1.0, '_a5_': 1.0, '_a6_': 1.0}};{'d0': 0.024905832919416664};-280.569866449044;47.496117846036384
8537;-92.7888153784854;(((pow2((_a3_ + x)) * x) + (x / (sqrt(_a7_) + log(_a2_)))) * _a7_);{'d0': {'_a2_': 1.6433160220075884, '_a3_': 0.3119297077789587, '_a7_': 3.3767608788835375, '_a0_': 1.0, '_a1_': 1.0, '_a4_': 1.0, '_a5_': 1.0, '_a6_': 1.0}};{'d0': 0.024905832919416664};-280.569866449044;47.496117846036384
8538;-92.7888153784854;(((pow2((_a3_ + x)) * x) + (x / (sqrt(_a7_) + log(_a2_)))) * _a7_);{'d0': {'_a2_': 1.6433160220075884, '_a3_': 0.3119297077789587, '_a7_': 3.3767608788835375, '_a0_': 1.0, '_a1_': 1.0, '_a4_': 1.0, '_a5_': 1.0, '_a6_': 1.0}};{'d0': 0.024905832919416664};-280.569866449044;47.496117846036384
8539;-92.7888153784854;(((pow2((_a3_ + x)) * x) + (x / (sqrt(_a7_) + log(_a2_)))) * _a7_);{'d0': {'_a2_': 1.6433160220075884, '_a3_': 0.3119297077789587, '_a7_': 3.3767608788835375, '_a0_': 1.0, '_a1_': 1.0, '_a4_': 1.0, '_a5_': 1.0, '_a6_': 1.0}};{'d0': 0.024905832919416664};-280.569866449044;47.496117846036384
8540;-92.7888153784854;(((pow2((_a3_ + x)) * x) + (x / (sqrt(_a7_) + log(_a2_)))) * _a7_);{'d0': {'_a2_': 1.6433160220075884, '_a3_': 0.3119297077789587, '_a7_': 3.3767608788835375, '_a0_': 1.0, '_a1_': 1.0, '_a4_': 1.0, '_a5_': 1.0, '_a6_': 1.0}};{'d0': 0.024905832919416664};-280.569866449044;47.496117846036384
8541;-92.7888153784854;(((pow2((_a3_ + x)) * x) + (x / (sqrt(_a7_) + log(_a2_)))) * _a7_);{'d0': {'_a2_': 1.6433160220075884, '_a3_': 0.3119297077789587, '_a7_': 3.3767608788835375, '_a0_': 1.0, '_a1_': 1.0, '_a4_': 1.0, '_a5_': 1.0, '_a6_': 1.0}};{'d0': 0.024905832919416664};-280.569866449044;47.496117846036384
8542;-90.6348590001352;((cos(((_a0_ * _a4_) + x)) / _a3_) + -(-((_a0_ + (x * _a2_)))));{'d0': {'_a0_': 4.3222104888899935, '_a2_': 22.288868325603442, '_a3_': 0.04769129711901184, '_a4_': 26.578040402827085, '_a1_': 1.0, '_a5_': 1.0, '_a6_': 1.0, '_a7_': 1.0}};{'d0': 0.025805100782697526};-274.347313048046;46.53879752388799
8543;-90.6348590001352;((cos(((_a0_ * _a4_) + x)) / _a3_) + -(-((_a0_ + (x * _a2_)))));{'d0': {'_a0_': 4.3222104888899935, '_a2_': 22.288868325603442, '_a3_': 0.04769129711901184, '_a4_': 26.578040402827085, '_a1_': 1.0, '_a5_': 1.0, '_a6_': 1.0, '_a7_': 1.0}};{'d0': 0.025805100782697526};-274.347313048046;46.53879752388799
8544;-90.6348590001352;((cos(((_a0_ * _a4_) + x)) / _a3_) + -(-((_a0_ + (x * _a2_)))));{'d0': {'_a0_': 4.3222104888899935, '_a2_': 22.288868325603442, '_a3_': 0.04769129711901184, '_a4_': 26.578040402827085, '_a1_': 1.0, '_a5_': 1.0, '_a6_': 1.0, '_a7_': 1.0}};{'d0': 0.025805100782697526};-274.347313048046;46.53879752388799
8545;-90.6348590001352;((cos(((_a0_ * _a4_) + x)) / _a3_) + -(-((_a0_ + (x * _a2_)))));{'d0': {'_a0_': 4.3222104888899935, '_a2_': 22.288868325603442, '_a3_': 0.04769129711901184, '_a4_': 26.578040402827085, '_a1_': 1.0, '_a5_': 1.0, '_a6_': 1.0, '_a7_': 1.0}};{'d0': 0.025805100782697526};-274.347313048046;46.53879752388799
8546;-90.6348590001352;((cos(((_a0_ * _a4_) + x)) / _a3_) + -(-((_a0_ + (x * _a2_)))));{'d0': {'_a0_': 4.3222104888899935, '_a2_': 22.288868325603442, '_a3_': 0.04769129711901184, '_a4_': 26.578040402827085, '_a1_': 1.0, '_a5_': 1.0, '_a6_': 1.0, '_a7_': 1.0}};{'d0': 0.025805100782697526};-274.347313048046;46.53879752388799
8547;-90.6348590001352;((cos(((_a0_ * _a4_) + x)) / _a3_) + -(-((_a0_ + (x * _a2_)))));{'d0': {'_a0_': 4.3222104888899935, '_a2_': 22.288868325603442, '_a3_': 0.04769129711901184, '_a4_': 26.578040402827085, '_a1_': 1.0, '_a5_': 1.0, '_a6_': 1.0, '_a7_': 1.0}};{'d0': 0.025805100782697526};-274.347313048046;46.53879752388799
8548;-90.6348590001352;((cos(((_a0_ * _a4_) + x)) / _a3_) + -(-((_a0_ + (x * _a2_)))));{'d0': {'_a0_': 4.3222104888899935, '_a2_': 22.288868325603442, '_a3_': 0.04769129711901184, '_a4_': 26.578040402827085, '_a1_': 1.0, '_a5_': 1.0, '_a6_': 1.0, '_a7_': 1.0}};{'d0': 0.025805100782697526};-274.347313048046;46.53879752388799
8549;-90.6348590001352;((cos(((_a0_ * _a4_) + x)) / _a3_) + -(-((_a0_ + (x * _a2_)))));{'d0': {'_a0_': 4.3222104888899935, '_a2_': 22.288868325603442, '_a3_': 0.04769129711901184, '_a4_': 26.578040402827085, '_a1_': 1.0, '_a5_': 1.0, '_a6_': 1.0, '_a7_': 1.0}};{'d0': 0.025805100782697526};-274.347313048046;46.53879752388799
8550;-90.6348590001352;((cos(((_a0_ * _a4_) + x)) / _a3_) + -(-((_a0_ + (x * _a2_)))));{'d0': {'_a0_': 4.3222104888899935, '_a2_': 22.288868325603442, '_a3_': 0.04769129711901184, '_a4_': 26.578040402827085, '_a1_': 1.0, '_a5_': 1.0, '_a6_': 1.0, '_a7_': 1.0}};{'d0': 0.025805100782697526};-274.347313048046;46.53879752388799
8551;-90.6348590001352;((cos(((_a0_ * _a4_) + x)) / _a3_) + -(-((_a0_ + (x * _a2_)))));{'d0': {'_a0_': 4.3222104888899935, '_a2_': 22.288868325603442, '_a3_': 0.04769129711901184, '_a4_': 26.578040402827085, '_a1_': 1.0, '_a5_': 1.0, '_a6_': 1.0, '_a7_': 1.0}};{'d0': 0.025805100782697526};-274.347313048046;46.53879752388799
8552;-90.6348590001352;((cos(((_a0_ * _a4_) + x)) / _a3_) + -(-((_a0_ + (x * _a2_)))));{'d0': {'_a0_': 4.3222104888899935, '_a2_': 22.288868325603442, '_a3_': 0.04769129711901184, '_a4_': 26.578040402827085, '_a1_': 1.0, '_a5_': 1.0, '_a6_': 1.0, '_a7_': 1.0}};{'d0': 0.025805100782697526};-274.347313048046;46.53879752388799
8553;-90.6348590001352;((cos(((_a0_ * _a4_) + x)) / _a3_) + -(-((_a0_ + (x * _a2_)))));{'d0': {'_a0_': 4.3222104888899935, '_a2_': 22.288868325603442, '_a3_': 0.04769129711901184, '_a4_': 26.578040402827085, '_a1_': 1.0, '_a5_': 1.0, '_a6_': 1.0, '_a7_': 1.0}};{'d0': 0.025805100782697526};-274.347313048046;46.53879752388799
8554;-90.6348590001352;((cos(((_a0_ * _a4_) + x)) / _a3_) + -(-((_a0_ + (x * _a2_)))));{'d0': {'_a0_': 4.3222104888899935, '_a2_': 22.288868325603442, '_a3_': 0.04769129711901184, '_a4_': 26.578040402827085, '_a1_': 1.0, '_a5_': 1.0, '_a6_': 1.0, '_a7_': 1.0}};{'d0': 0.025805100782697526};-274.347313048046;46.53879752388799
8555;-90.6348590001352;((cos(((_a0_ * _a4_) + x)) / _a3_) + -(-((_a0_ + (x * _a2_)))));{'d0': {'_a0_': 4.3222104888899935, '_a2_': 22.288868325603442, '_a3_': 0.04769129711901184, '_a4_': 26.578040402827085, '_a1_': 1.0, '_a5_': 1.0, '_a6_': 1.0, '_a7_': 1.0}};{'d0': 0.025805100782697526};-274.347313048046;46.53879752388799
8556;-90.6348590001352;((cos(((_a0_ * _a4_) + x)) / _a3_) + -(-((_a0_ + (x * _a2_)))));{'d0': {'_a0_': 4.3222104888899935, '_a2_': 22.288868325603442, '_a3_': 0.04769129711901184, '_a4_': 26.578040402827085, '_a1_': 1.0, '_a5_': 1.0, '_a6_': 1.0, '_a7_': 1.0}};{'d0': 0.025805100782697526};-274.347313048046;46.53879752388799
8557;-90.6348590001352;((cos(((_a0_ * _a4_) + x)) / _a3_) + -(-((_a0_ + (x * _a2_)))));{'d0': {'_a0_': 4.3222104888899935, '_a2_': 22.288868325603442, '_a3_': 0.04769129711901184, '_a4_': 26.578040402827085, '_a1_': 1.0, '_a5_': 1.0, '_a6_': 1.0, '_a7_': 1.0}};{'d0': 0.025805100782697526};-274.347313048046;46.53879752388799
8558;-89.7294614790908;((((_a6_ + pow2(x)) + (_a1_ * x)) * ((x / _a0_) / _a7_)) / (_a0_ + _a7_));{'d0': {'_a0_': 0.5846739453904954, '_a1_': 0.6238594157173419, '_a6_': 0.5256917710810757, '_a7_': 0.47705788222090206, '_a2_': 1.0, '_a3_': 1.0, '_a4_': 1.0, '_a5_': 1.0}};{'d0': 0.024905832920142555};-276.475521885073;48.508299463445645
8559;-89.7294614798226;((((_a6_ + pow2(x)) + (_a1_ * x)) * ((x / _a0_) / _a7_)) / (_a0_ + _a6_));{'d0': {'_a0_': 0.5149545801346754, '_a1_': 0.623859415495133, '_a6_': 0.5256917705997788, '_a7_': 0.552621256227846, '_a2_': 1.0, '_a3_': 1.0, '_a4_': 1.0, '_a5_': 1.0}};{'d0': 0.02490583291953501};-276.475521886536;48.508299463445645
8560;-89.7294614798226;((((_a6_ + pow2(x)) + (_a1_ * x)) * ((x / _a0_) / _a7_)) / (_a0_ + _a6_));{'d0': {'_a0_': 0.5149545801346754, '_a1_': 0.623859415495133, '_a6_': 0.5256917705997788, '_a7_': 0.552621256227846, '_a2_': 1.0, '_a3_': 1.0, '_a4_': 1.0, '_a5_': 1.0}};{'d0': 0.02490583291953501};-276.475521886536;48.508299463445645
8561;-89.7294614798226;((((_a6_ + pow2(x)) + (_a1_ * x)) * ((x / _a0_) / _a7_)) / (_a0_ + _a6_));{'d0': {'_a0_': 0.5149545801346754, '_a1_': 0.623859415495133, '_a6_': 0.5256917705997788, '_a7_': 0.552621256227846, '_a2_': 1.0, '_a3_': 1.0, '_a4_': 1.0, '_a5_': 1.0}};{'d0': 0.02490583291953501};-276.475521886536;48.508299463445645
8562;-89.7294614798226;((((_a6_ + pow2(x)) + (_a1_ * x)) * ((x / _a0_) / _a7_)) / (_a0_ + _a6_));{'d0': {'_a0_': 0.5149545801346754, '_a1_': 0.623859415495133, '_a6_': 0.5256917705997788, '_a7_': 0.552621256227846, '_a2_': 1.0, '_a3_': 1.0, '_a4_': 1.0, '_a5_': 1.0}};{'d0': 0.02490583291953501};-276.475521886536;48.508299463445645
8563;-89.7294614798226;((((_a6_ + pow2(x)) + (_a1_ * x)) * ((x / _a0_) / _a7_)) / (_a0_ + _a6_));{'d0': {'_a0_': 0.5149545801346754, '_a1_': 0.623859415495133, '_a6_': 0.5256917705997788, '_a7_': 0.552621256227846, '_a2_': 1.0, '_a3_': 1.0, '_a4_': 1.0, '_a5_': 1.0}};{'d0': 0.02490583291953501};-276.475521886536;48.508299463445645
8564;-89.7294614798226;((((_a6_ + pow2(x)) + (_a1_ * x)) * ((x / _a0_) / _a7_)) / (_a0_ + _a6_));{'d0': {'_a0_': 0.5149545801346754, '_a1_': 0.623859415495133, '_a6_': 0.5256917705997788, '_a7_': 0.552621256227846, '_a2_': 1.0, '_a3_': 1.0, '_a4_': 1.0, '_a5_': 1.0}};{'d0': 0.02490583291953501};-276.475521886536;48.508299463445645
8565;-84.8524788396779;((((_a6_ + pow2(x)) + (_a1_ * x)) * (((x * _a6_) / _a0_) / _a7_)) / (_a0_ + _a6_));{'d0': {'_a0_': 0.37651189418684006, '_a1_': 0.6238594155932139, '_a6_': 0.5256917705963673, '_a7_': 0.45829755304975617, '_a2_': 1.0, '_a3_': 1.0, '_a4_': 1.0, '_a5_': 1.0}};{'d0': 0.024905832920373253};-276.475521884517;53.385282102580646
8566;-106.651973435152;-(((x * (_a1_ + pow2(((x + _a4_) * _a1_)))) * _a2_));{'d0': {'_a1_': 2.3343126591492447, '_a2_': -0.6197010857978631, '_a4_': 0.31192970779840623, '_a0_': 1.0, '_a3_': 1.0, '_a5_': 1.0, '_a6_': 1.0, '_a7_': 1.0}};{'d0': 0.02490583291941659};-280.569866449044;33.632959789369345
8567;-106.651973435152;-(((x * (_a1_ + pow2(((x + _a4_) * _a1_)))) * _a2_));{'d0': {'_a1_': 2.3343126591492447, '_a2_': -0.6197010857978631, '_a4_': 0.31192970779840623, '_a0_': 1.0, '_a3_': 1.0, '_a5_': 1.0, '_a6_': 1.0, '_a7_': 1.0}};{'d0': 0.02490583291941659};-280.569866449044;33.632959789369345
8568;-106.651973435152;-(((x * (_a1_ + pow2(((x + _a4_) * _a1_)))) * _a2_));{'d0': {'_a1_': 2.3343126591492447, '_a2_': -0.6197010857978631, '_a4_': 0.31192970779840623, '_a0_': 1.0, '_a3_': 1.0, '_a5_': 1.0, '_a6_': 1.0, '_a7_': 1.0}};{'d0': 0.02490583291941659};-280.569866449044;33.632959789369345
8569;-106.651973435152;-(((x * (_a1_ + pow2(((x + _a4_) * _a1_)))) * _a2_));{'d0': {'_a1_': 2.3343126591492447, '_a2_': -0.6197010857978631, '_a4_': 0.31192970779840623, '_a0_': 1.0, '_a3_': 1.0, '_a5_': 1.0, '_a6_': 1.0, '_a7_': 1.0}};{'d0': 0.02490583291941659};-280.569866449044;33.632959789369345
8570;-106.651973435152;-(((x * (_a1_ + pow2(((x + _a4_) * _a1_)))) * _a2_));{'d0': {'_a1_': 2.3343126591492447, '_a2_': -0.6197010857978631, '_a4_': 0.31192970779840623, '_a0_': 1.0, '_a3_': 1.0, '_a5_': 1.0, '_a6_': 1.0, '_a7_': 1.0}};{'d0': 0.02490583291941659};-280.569866449044;33.632959789369345
8571;-106.651973435152;-(((x * (_a1_ + pow2(((x + _a4_) * _a1_)))) * _a2_));{'d0': {'_a1_': 2.3343126591492447, '_a2_': -0.6197010857978631, '_a4_': 0.31192970779840623, '_a0_': 1.0, '_a3_': 1.0, '_a5_': 1.0, '_a6_': 1.0, '_a7_': 1.0}};{'d0': 0.02490583291941659};-280.569866449044;33.632959789369345
8572;-106.651973435152;-(((x * (_a1_ + pow2(((x + _a4_) * _a1_)))) * _a2_));{'d0': {'_a1_': 2.3343126591492447, '_a2_': -0.6197010857978631, '_a4_': 0.31192970779840623, '_a0_': 1.0, '_a3_': 1.0, '_a5_': 1.0, '_a6_': 1.0, '_a7_': 1.0}};{'d0': 0.02490583291941659};-280.569866449044;33.632959789369345
8573;-84.8524788396779;((((_a6_ + pow2(x)) + (_a1_ * x)) * (((x * _a6_) / _a0_) / _a7_)) / (_a0_ + _a6_));{'d0': {'_a0_': 0.37651189418684006, '_a1_': 0.6238594155932139, '_a6_': 0.5256917705963673, '_a7_': 0.45829755304975617, '_a2_': 1.0, '_a3_': 1.0, '_a4_': 1.0, '_a5_': 1.0}};{'d0': 0.024905832920373253};-276.475521884517;53.385282102580646
8574;-84.8524788396779;((((_a6_ + pow2(x)) + (_a1_ * x)) * (((x * _a6_) / _a0_) / _a7_)) / (_a0_ + _a6_));{'d0': {'_a0_': 0.37651189418684006, '_a1_': 0.6238594155932139, '_a6_': 0.5256917705963673, '_a7_': 0.45829755304975617, '_a2_': 1.0, '_a3_': 1.0, '_a4_': 1.0, '_a5_': 1.0}};{'d0': 0.024905832920373253};-276.475521884517;53.385282102580646
8575;-84.8524788396779;((((_a6_ + pow2(x)) + (_a1_ * x)) * (((x * _a6_) / _a0_) / _a7_)) / (_a0_ + _a6_));{'d0': {'_a0_': 0.37651189418684006, '_a1_': 0.6238594155932139, '_a6_': 0.5256917705963673, '_a7_': 0.45829755304975617, '_a2_': 1.0, '_a3_': 1.0, '_a4_': 1.0, '_a5_': 1.0}};{'d0': 0.024905832920373253};-276.475521884517;53.385282102580646
8576;-84.8524788396779;((((_a6_ + pow2(x)) + (_a1_ * x)) * (((x * _a6_) / _a0_) / _a7_)) / (_a0_ + _a6_));{'d0': {'_a0_': 0.37651189418684006, '_a1_': 0.6238594155932139, '_a6_': 0.5256917705963673, '_a7_': 0.45829755304975617, '_a2_': 1.0, '_a3_': 1.0, '_a4_': 1.0, '_a5_': 1.0}};{'d0': 0.024905832920373253};-276.475521884517;53.385282102580646
8577;-84.8524788396779;((((_a6_ + pow2(x)) + (_a1_ * x)) * (((x * _a6_) / _a0_) / _a7_)) / (_a0_ + _a6_));{'d0': {'_a0_': 0.37651189418684006, '_a1_': 0.6238594155932139, '_a6_': 0.5256917705963673, '_a7_': 0.45829755304975617, '_a2_': 1.0, '_a3_': 1.0, '_a4_': 1.0, '_a5_': 1.0}};{'d0': 0.024905832920373253};-276.475521884517;53.385282102580646
8578;-84.8524788396779;((((_a6_ + pow2(x)) + (_a1_ * x)) * (((x * _a6_) / _a0_) / _a7_)) / (_a0_ + _a6_));{'d0': {'_a0_': 0.37651189418684006, '_a1_': 0.6238594155932139, '_a6_': 0.5256917705963673, '_a7_': 0.45829755304975617, '_a2_': 1.0, '_a3_': 1.0, '_a4_': 1.0, '_a5_': 1.0}};{'d0': 0.024905832920373253};-276.475521884517;53.385282102580646
8579;-84.8524788396779;((((_a6_ + pow2(x)) + (_a1_ * x)) * (((x * _a6_) / _a0_) / _a7_)) / (_a0_ + _a6_));{'d0': {'_a0_': 0.37651189418684006, '_a1_': 0.6238594155932139, '_a6_': 0.5256917705963673, '_a7_': 0.45829755304975617, '_a2_': 1.0, '_a3_': 1.0, '_a4_': 1.0, '_a5_': 1.0}};{'d0': 0.024905832920373253};-276.475521884517;53.385282102580646
8580;-84.8524788396779;((((_a6_ + pow2(x)) + (_a1_ * x)) * (((x * _a6_) / _a0_) / _a7_)) / (_a0_ + _a6_));{'d0': {'_a0_': 0.37651189418684006, '_a1_': 0.6238594155932139, '_a6_': 0.5256917705963673, '_a7_': 0.45829755304975617, '_a2_': 1.0, '_a3_': 1.0, '_a4_': 1.0, '_a5_': 1.0}};{'d0': 0.024905832920373253};-276.475521884517;53.385282102580646
8581;-84.8524788396779;((((_a6_ + pow2(x)) + (_a1_ * x)) * (((x * _a6_) / _a0_) / _a7_)) / (_a0_ + _a6_));{'d0': {'_a0_': 0.37651189418684006, '_a1_': 0.6238594155932139, '_a6_': 0.5256917705963673, '_a7_': 0.45829755304975617, '_a2_': 1.0, '_a3_': 1.0, '_a4_': 1.0, '_a5_': 1.0}};{'d0': 0.024905832920373253};-276.475521884517;53.385282102580646
8582;-84.8524788396779;((((_a6_ + pow2(x)) + (_a1_ * x)) * (((x * _a6_) / _a0_) / _a7_)) / (_a0_ + _a6_));{'d0': {'_a0_': 0.37651189418684006, '_a1_': 0.6238594155932139, '_a6_': 0.5256917705963673, '_a7_': 0.45829755304975617, '_a2_': 1.0, '_a3_': 1.0, '_a4_': 1.0, '_a5_': 1.0}};{'d0': 0.024905832920373253};-276.475521884517;53.385282102580646
8583;-88.7259076040431;((((_a6_ + pow2(x)) + (_a1_ * x)) * (((x * _a6_) / _a0_) / _a7_)) / _a2_);{'d0': {'_a0_': 0.42109062849909534, '_a1_': 0.6238594156656196, '_a2_': 1.0814175686166467, '_a6_': 0.5256917706052205, '_a7_': 0.341870622256357, '_a3_': 1.0, '_a4_': 1.0, '_a5_': 1.0}};{'d0': 0.02490583292332355};-272.381177315187;47.46468105355065
8584;-88.7259076040431;((((_a6_ + pow2(x)) + (_a1_ * x)) * (((x * _a6_) / _a0_) / _a7_)) / _a2_);{'d0': {'_a0_': 0.42109062849909534, '_a1_': 0.6238594156656196, '_a2_': 1.0814175686166467, '_a6_': 0.5256917706052205, '_a7_': 0.341870622256357, '_a3_': 1.0, '_a4_': 1.0, '_a5_': 1.0}};{'d0': 0.02490583292332355};-272.381177315187;47.46468105355065
8585;-88.7259076040431;((((_a6_ + pow2(x)) + (_a1_ * x)) * (((x * _a6_) / _a0_) / _a7_)) / _a2_);{'d0': {'_a0_': 0.42109062849909534, '_a1_': 0.6238594156656196, '_a2_': 1.0814175686166467, '_a6_': 0.5256917706052205, '_a7_': 0.341870622256357, '_a3_': 1.0, '_a4_': 1.0, '_a5_': 1.0}};{'d0': 0.02490583292332355};-272.381177315187;47.46468105355065
8586;-88.7259076040431;((((_a6_ + pow2(x)) + (_a1_ * x)) * (((x * _a6_) / _a0_) / _a7_)) / _a2_);{'d0': {'_a0_': 0.42109062849909534, '_a1_': 0.6238594156656196, '_a2_': 1.0814175686166467, '_a6_': 0.5256917706052205, '_a7_': 0.341870622256357, '_a3_': 1.0, '_a4_': 1.0, '_a5_': 1.0}};{'d0': 0.02490583292332355};-272.381177315187;47.46468105355065
8587;-96.6472337378024;(((_a6_ + pow2(x)) + (_a1_ * x)) * (((x * _a6_) / _a0_) / _a7_));{'d0': {'_a0_': 0.5022387744791459, '_a1_': 0.6238594154848859, '_a6_': 0.5256917698432425, '_a7_': 0.309970648844462, '_a2_': 1.0, '_a3_': 1.0, '_a4_': 1.0, '_a5_': 1.0}};{'d0': 0.02490583292103533};-276.475521882922;41.59052720365865
8588;-106.651973435152;-(((x * (_a1_ + pow2(((x + _a4_) * _a1_)))) * _a2_));{'d0': {'_a1_': 2.3343126591492447, '_a2_': -0.6197010857978631, '_a4_': 0.31192970779840623, '_a0_': 1.0, '_a3_': 1.0, '_a5_': 1.0, '_a6_': 1.0, '_a7_': 1.0}};{'d0': 0.02490583291941659};-280.569866449044;33.632959789369345
8589;-106.651973435152;-(((x * (_a1_ + pow2(((x + _a4_) * _a1_)))) * _a2_));{'d0': {'_a1_': 2.3343126591492447, '_a2_': -0.6197010857978631, '_a4_': 0.31192970779840623, '_a0_': 1.0, '_a3_': 1.0, '_a5_': 1.0, '_a6_': 1.0, '_a7_': 1.0}};{'d0': 0.02490583291941659};-280.569866449044;33.632959789369345
8590;-106.651973435152;-(((x * (_a1_ + pow2(((x + _a4_) * _a1_)))) * _a2_));{'d0': {'_a1_': 2.3343126591492447, '_a2_': -0.6197010857978631, '_a4_': 0.31192970779840623, '_a0_': 1.0, '_a3_': 1.0, '_a5_': 1.0, '_a6_': 1.0, '_a7_': 1.0}};{'d0': 0.02490583291941659};-280.569866449044;33.632959789369345
8591;-106.651973435152;-(((x * (_a1_ + pow2(((x + _a4_) * _a1_)))) * _a2_));{'d0': {'_a1_': 2.3343126591492447, '_a2_': -0.6197010857978631, '_a4_': 0.31192970779840623, '_a0_': 1.0, '_a3_': 1.0, '_a5_': 1.0, '_a6_': 1.0, '_a7_': 1.0}};{'d0': 0.02490583291941659};-280.569866449044;33.632959789369345
8592;-106.651973435152;-(((x * (_a1_ + pow2(((x + _a4_) * _a1_)))) * _a2_));{'d0': {'_a1_': 2.3343126591492447, '_a2_': -0.6197010857978631, '_a4_': 0.31192970779840623, '_a0_': 1.0, '_a3_': 1.0, '_a5_': 1.0, '_a6_': 1.0, '_a7_': 1.0}};{'d0': 0.02490583291941659};-280.569866449044;33.632959789369345
8593;-106.651973435152;-(((x * (_a1_ + pow2(((x + _a4_) * _a1_)))) * _a2_));{'d0': {'_a1_': 2.3343126591492447, '_a2_': -0.6197010857978631, '_a4_': 0.31192970779840623, '_a0_': 1.0, '_a3_': 1.0, '_a5_': 1.0, '_a6_': 1.0, '_a7_': 1.0}};{'d0': 0.02490583291941659};-280.569866449044;33.632959789369345
8594;-96.6472337378024;(((_a6_ + pow2(x)) + (_a1_ * x)) * (((x * _a6_) / _a0_) / _a7_));{'d0': {'_a0_': 0.5022387744791459, '_a1_': 0.6238594154848859, '_a6_': 0.5256917698432425, '_a7_': 0.309970648844462, '_a2_': 1.0, '_a3_': 1.0, '_a4_': 1.0, '_a5_': 1.0}};{'d0': 0.02490583292103533};-276.475521882922;41.59052720365865
8595;-106.651973435152;-(((x * (_a1_ + pow2(((x + _a4_) * _a1_)))) * _a2_));{'d0': {'_a1_': 2.3343126591492447, '_a2_': -0.6197010857978631, '_a4_': 0.31192970779840623, '_a0_': 1.0, '_a3_': 1.0, '_a5_': 1.0, '_a6_': 1.0, '_a7_': 1.0}};{'d0': 0.02490583291941659};-280.569866449044;33.632959789369345
8596;-106.651973435152;-(((x * (_a1_ + pow2(((x + _a4_) * _a1_)))) * _a2_));{'d0': {'_a1_': 2.3343126591492447, '_a2_': -0.6197010857978631, '_a4_': 0.31192970779840623, '_a0_': 1.0, '_a3_': 1.0, '_a5_': 1.0, '_a6_': 1.0, '_a7_': 1.0}};{'d0': 0.02490583291941659};-280.569866449044;33.632959789369345
8597;-106.651973435152;-(((x * (_a1_ + pow2(((x + _a4_) * _a1_)))) * _a2_));{'d0': {'_a1_': 2.3343126591492447, '_a2_': -0.6197010857978631, '_a4_': 0.31192970779840623, '_a0_': 1.0, '_a3_': 1.0, '_a5_': 1.0, '_a6_': 1.0, '_a7_': 1.0}};{'d0': 0.02490583291941659};-280.569866449044;33.632959789369345
8598;-106.651973435152;-(((x * (_a1_ + pow2(((x + _a4_) * _a1_)))) * _a2_));{'d0': {'_a1_': 2.3343126591492447, '_a2_': -0.6197010857978631, '_a4_': 0.31192970779840623, '_a0_': 1.0, '_a3_': 1.0, '_a5_': 1.0, '_a6_': 1.0, '_a7_': 1.0}};{'d0': 0.02490583291941659};-280.569866449044;33.632959789369345
8599;-106.651973435152;-(((x * (_a1_ + pow2(((x + _a4_) * _a1_)))) * _a2_));{'d0': {'_a1_': 2.3343126591492447, '_a2_': -0.6197010857978631, '_a4_': 0.31192970779840623, '_a0_': 1.0, '_a3_': 1.0, '_a5_': 1.0, '_a6_': 1.0, '_a7_': 1.0}};{'d0': 0.02490583291941659};-280.569866449044;33.632959789369345
8600;-106.651973435152;-(((x * (_a1_ + pow2(((x + _a4_) * _a1_)))) * _a2_));{'d0': {'_a1_': 2.3343126591492447, '_a2_': -0.6197010857978631, '_a4_': 0.31192970779840623, '_a0_': 1.0, '_a3_': 1.0, '_a5_': 1.0, '_a6_': 1.0, '_a7_': 1.0}};{'d0': 0.02490583291941659};-280.569866449044;33.632959789369345
8601;-106.651973435152;-(((x * (_a1_ + pow2(((x + _a4_) * _a1_)))) * _a2_));{'d0': {'_a1_': 2.3343126591492447, '_a2_': -0.6197010857978631, '_a4_': 0.31192970779840623, '_a0_': 1.0, '_a3_': 1.0, '_a5_': 1.0, '_a6_': 1.0, '_a7_': 1.0}};{'d0': 0.02490583291941659};-280.569866449044;33.632959789369345
8602;-106.651973435152;-(((x * (_a1_ + pow2(((x + _a4_) * _a1_)))) * _a2_));{'d0': {'_a1_': 2.3343126591492447, '_a2_': -0.6197010857978631, '_a4_': 0.31192970779840623, '_a0_': 1.0, '_a3_': 1.0, '_a5_': 1.0, '_a6_': 1.0, '_a7_': 1.0}};{'d0': 0.02490583291941659};-280.569866449044;33.632959789369345
8603;-106.651973435152;-(((x * (_a1_ + pow2(((x + _a4_) * _a1_)))) * _a2_));{'d0': {'_a1_': 2.3343126591492447, '_a2_': -0.6197010857978631, '_a4_': 0.31192970779840623, '_a0_': 1.0, '_a3_': 1.0, '_a5_': 1.0, '_a6_': 1.0, '_a7_': 1.0}};{'d0': 0.02490583291941659};-280.569866449044;33.632959789369345
8604;-106.651973435152;-(((x * (_a1_ + pow2(((x + _a4_) * _a1_)))) * _a2_));{'d0': {'_a1_': 2.3343126591492447, '_a2_': -0.6197010857978631, '_a4_': 0.31192970779840623, '_a0_': 1.0, '_a3_': 1.0, '_a5_': 1.0, '_a6_': 1.0, '_a7_': 1.0}};{'d0': 0.02490583291941659};-280.569866449044;33.632959789369345
8605;-106.651973435152;-(((x * (_a1_ + pow2(((x + _a4_) * _a1_)))) * _a2_));{'d0': {'_a1_': 2.3343126591492447, '_a2_': -0.6197010857978631, '_a4_': 0.31192970779840623, '_a0_': 1.0, '_a3_': 1.0, '_a5_': 1.0, '_a6_': 1.0, '_a7_': 1.0}};{'d0': 0.02490583291941659};-280.569866449044;33.632959789369345
8606;-106.651973435152;-(((x * (_a1_ + pow2(((x + _a4_) * _a1_)))) * _a2_));{'d0': {'_a1_': 2.3343126591492447, '_a2_': -0.6197010857978631, '_a4_': 0.31192970779840623, '_a0_': 1.0, '_a3_': 1.0, '_a5_': 1.0, '_a6_': 1.0, '_a7_': 1.0}};{'d0': 0.02490583291941659};-280.569866449044;33.632959789369345
8607;-106.651973435152;-(((x * (_a1_ + pow2(((x + _a4_) * _a1_)))) * _a2_));{'d0': {'_a1_': 2.3343126591492447, '_a2_': -0.6197010857978631, '_a4_': 0.31192970779840623, '_a0_': 1.0, '_a3_': 1.0, '_a5_': 1.0, '_a6_': 1.0, '_a7_': 1.0}};{'d0': 0.02490583291941659};-280.569866449044;33.632959789369345
8608;-106.651973435152;-(((x * (_a1_ + pow2(((x + _a4_) * _a1_)))) * _a2_));{'d0': {'_a1_': 2.3343126591492447, '_a2_': -0.6197010857978631, '_a4_': 0.31192970779840623, '_a0_': 1.0, '_a3_': 1.0, '_a5_': 1.0, '_a6_': 1.0, '_a7_': 1.0}};{'d0': 0.02490583291941659};-280.569866449044;33.632959789369345
8609;-91.6978938142929;((((_a0_ * _a0_) + pow2(x)) + (_a1_ * x)) * (((x * _a6_) / _a0_) / _a7_));{'d0': {'_a0_': 0.7250460470306694, '_a1_': 0.623859415569098, '_a6_': 144.0434744443855, '_a7_': 58.83390753136315, '_a2_': 1.0, '_a3_': 1.0, '_a4_': 1.0, '_a5_': 1.0}};{'d0': 0.02490583291941852};-276.475521886817;46.53986712911565
8610;-91.6978938142929;((((_a0_ * _a0_) + pow2(x)) + (_a1_ * x)) * (((x * _a6_) / _a0_) / _a7_));{'d0': {'_a0_': 0.7250460470306694, '_a1_': 0.623859415569098, '_a6_': 144.0434744443855, '_a7_': 58.83390753136315, '_a2_': 1.0, '_a3_': 1.0, '_a4_': 1.0, '_a5_': 1.0}};{'d0': 0.02490583291941852};-276.475521886817;46.53986712911565
8611;-91.6978938142929;((((_a0_ * _a0_) + pow2(x)) + (_a1_ * x)) * (((x * _a6_) / _a0_) / _a7_));{'d0': {'_a0_': 0.7250460470306694, '_a1_': 0.623859415569098, '_a6_': 144.0434744443855, '_a7_': 58.83390753136315, '_a2_': 1.0, '_a3_': 1.0, '_a4_': 1.0, '_a5_': 1.0}};{'d0': 0.02490583291941852};-276.475521886817;46.53986712911565
8612;-91.6978938142929;((((_a0_ * _a0_) + pow2(x)) + (_a1_ * x)) * (((x * _a6_) / _a0_) / _a7_));{'d0': {'_a0_': 0.7250460470306694, '_a1_': 0.623859415569098, '_a6_': 144.0434744443855, '_a7_': 58.83390753136315, '_a2_': 1.0, '_a3_': 1.0, '_a4_': 1.0, '_a5_': 1.0}};{'d0': 0.02490583291941852};-276.475521886817;46.53986712911565
8613;-91.6978938142929;((((_a0_ * _a0_) + pow2(x)) + (_a1_ * x)) * (((x * _a6_) / _a0_) / _a7_));{'d0': {'_a0_': 0.7250460470306694, '_a1_': 0.623859415569098, '_a6_': 144.0434744443855, '_a7_': 58.83390753136315, '_a2_': 1.0, '_a3_': 1.0, '_a4_': 1.0, '_a5_': 1.0}};{'d0': 0.02490583291941852};-276.475521886817;46.53986712911565
8614;-91.6978938142929;((((_a0_ * _a0_) + pow2(x)) + (_a1_ * x)) * (((x * _a6_) / _a0_) / _a7_));{'d0': {'_a0_': 0.7250460470306694, '_a1_': 0.623859415569098, '_a6_': 144.0434744443855, '_a7_': 58.83390753136315, '_a2_': 1.0, '_a3_': 1.0, '_a4_': 1.0, '_a5_': 1.0}};{'d0': 0.02490583291941852};-276.475521886817;46.53986712911565
8615;-91.6978938142929;((((_a0_ * _a0_) + pow2(x)) + (_a1_ * x)) * (((x * _a6_) / _a0_) / _a7_));{'d0': {'_a0_': 0.7250460470306694, '_a1_': 0.623859415569098, '_a6_': 144.0434744443855, '_a7_': 58.83390753136315, '_a2_': 1.0, '_a3_': 1.0, '_a4_': 1.0, '_a5_': 1.0}};{'d0': 0.02490583291941852};-276.475521886817;46.53986712911565
8616;-91.6978938142929;((((_a0_ * _a0_) + pow2(x)) + (_a1_ * x)) * (((x * _a6_) / _a0_) / _a7_));{'d0': {'_a0_': 0.7250460470306694, '_a1_': 0.623859415569098, '_a6_': 144.0434744443855, '_a7_': 58.83390753136315, '_a2_': 1.0, '_a3_': 1.0, '_a4_': 1.0, '_a5_': 1.0}};{'d0': 0.02490583291941852};-276.475521886817;46.53986712911565
8617;-91.6978938142929;((((_a0_ * _a0_) + pow2(x)) + (_a1_ * x)) * (((x * _a6_) / _a0_) / _a7_));{'d0': {'_a0_': 0.7250460470306694, '_a1_': 0.623859415569098, '_a6_': 144.0434744443855, '_a7_': 58.83390753136315, '_a2_': 1.0, '_a3_': 1.0, '_a4_': 1.0, '_a5_': 1.0}};{'d0': 0.02490583291941852};-276.475521886817;46.53986712911565
8618;-91.6978938142929;((((_a0_ * _a0_) + pow2(x)) + (_a1_ * x)) * (((x * _a6_) / _a0_) / _a7_));{'d0': {'_a0_': 0.7250460470306694, '_a1_': 0.623859415569098, '_a6_': 144.0434744443855, '_a7_': 58.83390753136315, '_a2_': 1.0, '_a3_': 1.0, '_a4_': 1.0, '_a5_': 1.0}};{'d0': 0.02490583291941852};-276.475521886817;46.53986712911565
8619;-91.6978938142929;((((_a0_ * _a0_) + pow2(x)) + (_a1_ * x)) * (((x * _a6_) / _a0_) / _a7_));{'d0': {'_a0_': 0.7250460470306694, '_a1_': 0.623859415569098, '_a6_': 144.0434744443855, '_a7_': 58.83390753136315, '_a2_': 1.0, '_a3_': 1.0, '_a4_': 1.0, '_a5_': 1.0}};{'d0': 0.02490583291941852};-276.475521886817;46.53986712911565
8620;-91.6978938142929;((((_a0_ * _a0_) + pow2(x)) + (_a1_ * x)) * (((x * _a6_) / _a0_) / _a7_));{'d0': {'_a0_': 0.7250460470306694, '_a1_': 0.623859415569098, '_a6_': 144.0434744443855, '_a7_': 58.83390753136315, '_a2_': 1.0, '_a3_': 1.0, '_a4_': 1.0, '_a5_': 1.0}};{'d0': 0.02490583291941852};-276.475521886817;46.53986712911565
8621;-91.6978938142929;((((_a0_ * _a0_) + pow2(x)) + (_a1_ * x)) * (((x * _a6_) / _a0_) / _a7_));{'d0': {'_a0_': 0.7250460470306694, '_a1_': 0.623859415569098, '_a6_': 144.0434744443855, '_a7_': 58.83390753136315, '_a2_': 1.0, '_a3_': 1.0, '_a4_': 1.0, '_a5_': 1.0}};{'d0': 0.02490583291941852};-276.475521886817;46.53986712911565
8622;-91.6978938142929;((((_a0_ * _a0_) + pow2(x)) + (_a1_ * x)) * (((x * _a6_) / _a0_) / _a7_));{'d0': {'_a0_': 0.7250460470306694, '_a1_': 0.623859415569098, '_a6_': 144.0434744443855, '_a7_': 58.83390753136315, '_a2_': 1.0, '_a3_': 1.0, '_a4_': 1.0, '_a5_': 1.0}};{'d0': 0.02490583291941852};-276.475521886817;46.53986712911565
8623;-87.1687021938664;((pow2((_a2_ + pow2(sin(((_a6_ + x) + ((_a7_ * _a3_) + _a2_)))))) * _a7_) * x);{'d0': {'_a2_': -1.8985496820598295, '_a3_': 5.409972937970738, '_a6_': 330.2017569953593, '_a7_': 1.798579074559224, '_a0_': 1.0, '_a1_': 1.0, '_a4_': 1.0, '_a5_': 1.0}};{'d0': 0.024057064815453107};-278.555921152518;52.10925838239248
8624;-87.1687021938664;((pow2((_a2_ + pow2(sin(((_a6_ + x) + ((_a7_ * _a3_) + _a2_)))))) * _a7_) * x);{'d0': {'_a2_': -1.8985496820598295, '_a3_': 5.409972937970738, '_a6_': 330.2017569953593, '_a7_': 1.798579074559224, '_a0_': 1.0, '_a1_': 1.0, '_a4_': 1.0, '_a5_': 1.0}};{'d0': 0.024057064815453107};-278.555921152518;52.10925838239248
8625;-87.1687021938664;((pow2((_a2_ + pow2(sin(((_a6_ + x) + ((_a7_ * _a3_) + _a2_)))))) * _a7_) * x);{'d0': {'_a2_': -1.8985496820598295, '_a3_': 5.409972937970738, '_a6_': 330.2017569953593, '_a7_': 1.798579074559224, '_a0_': 1.0, '_a1_': 1.0, '_a4_': 1.0, '_a5_': 1.0}};{'d0': 0.024057064815453107};-278.555921152518;52.10925838239248
8626;-91.6390384266569;((((_a0_ * _a0_) + pow2(x)) + (_a1_ * x)) * (((x * _a6_) / _a0_) + _a7_));{'d0': {'_a0_': 0.7245792844290169, '_a1_': 0.6251278964526742, '_a6_': 2.4509026088834145, '_a7_': -0.0019507814752123176, '_a2_': 1.0, '_a3_': 1.0, '_a4_': 1.0, '_a5_': 1.0}};{'d0': 0.024885482501867673};-276.524567593311;46.62324536999845
8627;-91.6390384266569;((((_a0_ * _a0_) + pow2(x)) + (_a1_ * x)) * (((x * _a6_) / _a0_) + _a7_));{'d0': {'_a0_': 0.7245792844290169, '_a1_': 0.6251278964526742, '_a6_': 2.4509026088834145, '_a7_': -0.0019507814752123176, '_a2_': 1.0, '_a3_': 1.0, '_a4_': 1.0, '_a5_': 1.0}};{'d0': 0.024885482501867673};-276.524567593311;46.62324536999845
8628;-91.6390384266569;((((_a0_ * _a0_) + pow2(x)) + (_a1_ * x)) * (((x * _a6_) / _a0_) + _a7_));{'d0': {'_a0_': 0.7245792844290169, '_a1_': 0.6251278964526742, '_a6_': 2.4509026088834145, '_a7_': -0.0019507814752123176, '_a2_': 1.0, '_a3_': 1.0, '_a4_': 1.0, '_a5_': 1.0}};{'d0': 0.024885482501867673};-276.524567593311;46.62324536999845
8629;-91.6390384266569;((((_a0_ * _a0_) + pow2(x)) + (_a1_ * x)) * (((x * _a6_) / _a0_) + _a7_));{'d0': {'_a0_': 0.7245792844290169, '_a1_': 0.6251278964526742, '_a6_': 2.4509026088834145, '_a7_': -0.0019507814752123176, '_a2_': 1.0, '_a3_': 1.0, '_a4_': 1.0, '_a5_': 1.0}};{'d0': 0.024885482501867673};-276.524567593311;46.62324536999845
8630;-91.6390384266569;((((_a0_ * _a0_) + pow2(x)) + (_a1_ * x)) * (((x * _a6_) / _a0_) + _a7_));{'d0': {'_a0_': 0.7245792844290169, '_a1_': 0.6251278964526742, '_a6_': 2.4509026088834145, '_a7_': -0.0019507814752123176, '_a2_': 1.0, '_a3_': 1.0, '_a4_': 1.0, '_a5_': 1.0}};{'d0': 0.024885482501867673};-276.524567593311;46.62324536999845
8631;-91.6390384266569;((((_a0_ * _a0_) + pow2(x)) + (_a1_ * x)) * (((x * _a6_) / _a0_) + _a7_));{'d0': {'_a0_': 0.7245792844290169, '_a1_': 0.6251278964526742, '_a6_': 2.4509026088834145, '_a7_': -0.0019507814752123176, '_a2_': 1.0, '_a3_': 1.0, '_a4_': 1.0, '_a5_': 1.0}};{'d0': 0.024885482501867673};-276.524567593311;46.62324536999845
8632;-106.651973435152;-(((x * (_a1_ + pow2(((x + _a4_) * _a1_)))) * _a2_));{'d0': {'_a1_': 2.3343126591492447, '_a2_': -0.6197010857978631, '_a4_': 0.31192970779840623, '_a0_': 1.0, '_a3_': 1.0, '_a5_': 1.0, '_a6_': 1.0, '_a7_': 1.0}};{'d0': 0.02490583291941659};-280.569866449044;33.632959789369345
8633;-106.651973435152;-(((x * (_a1_ + pow2(((x + _a4_) * _a1_)))) * _a2_));{'d0': {'_a1_': 2.3343126591492447, '_a2_': -0.6197010857978631, '_a4_': 0.31192970779840623, '_a0_': 1.0, '_a3_': 1.0, '_a5_': 1.0, '_a6_': 1.0, '_a7_': 1.0}};{'d0': 0.02490583291941659};-280.569866449044;33.632959789369345
8634;-106.651973435152;-(((x * (_a1_ + pow2(((x + _a4_) * _a1_)))) * _a2_));{'d0': {'_a1_': 2.3343126591492447, '_a2_': -0.6197010857978631, '_a4_': 0.31192970779840623, '_a0_': 1.0, '_a3_': 1.0, '_a5_': 1.0, '_a6_': 1.0, '_a7_': 1.0}};{'d0': 0.02490583291941659};-280.569866449044;33.632959789369345
8635;-106.651973435152;-(((x * (_a1_ + pow2(((x + _a4_) * _a1_)))) * _a2_));{'d0': {'_a1_': 2.3343126591492447, '_a2_': -0.6197010857978631, '_a4_': 0.31192970779840623, '_a0_': 1.0, '_a3_': 1.0, '_a5_': 1.0, '_a6_': 1.0, '_a7_': 1.0}};{'d0': 0.02490583291941659};-280.569866449044;33.632959789369345
8636;-106.651973435152;-(((x * (_a1_ + pow2(((x + _a4_) * _a1_)))) * _a2_));{'d0': {'_a1_': 2.3343126591492447, '_a2_': -0.6197010857978631, '_a4_': 0.31192970779840623, '_a0_': 1.0, '_a3_': 1.0, '_a5_': 1.0, '_a6_': 1.0, '_a7_': 1.0}};{'d0': 0.02490583291941659};-280.569866449044;33.632959789369345
8637;-106.651973435152;-(((x * (_a1_ + pow2(((x + _a4_) * _a1_)))) * _a2_));{'d0': {'_a1_': 2.3343126591492447, '_a2_': -0.6197010857978631, '_a4_': 0.31192970779840623, '_a0_': 1.0, '_a3_': 1.0, '_a5_': 1.0, '_a6_': 1.0, '_a7_': 1.0}};{'d0': 0.02490583291941659};-280.569866449044;33.632959789369345
8638;-106.651973435152;-(((x * (_a1_ + pow2(((x + _a4_) * _a1_)))) * _a2_));{'d0': {'_a1_': 2.3343126591492447, '_a2_': -0.6197010857978631, '_a4_': 0.31192970779840623, '_a0_': 1.0, '_a3_': 1.0, '_a5_': 1.0, '_a6_': 1.0, '_a7_': 1.0}};{'d0': 0.02490583291941659};-280.569866449044;33.632959789369345
8639;-106.651973435152;-(((x * (_a1_ + pow2(((x + _a4_) * _a1_)))) * _a2_));{'d0': {'_a1_': 2.3343126591492447, '_a2_': -0.6197010857978631, '_a4_': 0.31192970779840623, '_a0_': 1.0, '_a3_': 1.0, '_a5_': 1.0, '_a6_': 1.0, '_a7_': 1.0}};{'d0': 0.02490583291941659};-280.569866449044;33.632959789369345
8640;-106.651973435152;-(((x * (_a1_ + pow2(((x + _a4_) * _a1_)))) * _a2_));{'d0': {'_a1_': 2.3343126591492447, '_a2_': -0.6197010857978631, '_a4_': 0.31192970779840623, '_a0_': 1.0, '_a3_': 1.0, '_a5_': 1.0, '_a6_': 1.0, '_a7_': 1.0}};{'d0': 0.02490583291941659};-280.569866449044;33.632959789369345
8641;-106.651973435152;-(((x * (_a1_ + pow2(((x + _a4_) * _a1_)))) * _a2_));{'d0': {'_a1_': 2.3343126591492447, '_a2_': -0.6197010857978631, '_a4_': 0.31192970779840623, '_a0_': 1.0, '_a3_': 1.0, '_a5_': 1.0, '_a6_': 1.0, '_a7_': 1.0}};{'d0': 0.02490583291941659};-280.569866449044;33.632959789369345
8642;-106.651973435152;-(((x * (_a1_ + pow2(((x + _a4_) * _a1_)))) * _a2_));{'d0': {'_a1_': 2.3343126591492447, '_a2_': -0.6197010857978631, '_a4_': 0.31192970779840623, '_a0_': 1.0, '_a3_': 1.0, '_a5_': 1.0, '_a6_': 1.0, '_a7_': 1.0}};{'d0': 0.02490583291941659};-280.569866449044;33.632959789369345
8643;-106.651973435152;-(((x * (_a1_ + pow2(((x + _a4_) * _a1_)))) * _a2_));{'d0': {'_a1_': 2.3343126591492447, '_a2_': -0.6197010857978631, '_a4_': 0.31192970779840623, '_a0_': 1.0, '_a3_': 1.0, '_a5_': 1.0, '_a6_': 1.0, '_a7_': 1.0}};{'d0': 0.02490583291941659};-280.569866449044;33.632959789369345
8644;-91.6390384266569;((((_a0_ * _a0_) + pow2(x)) + (_a1_ * x)) * (((x * _a6_) / _a0_) + _a7_));{'d0': {'_a0_': 0.7245792844290169, '_a1_': 0.6251278964526742, '_a6_': 2.4509026088834145, '_a7_': -0.0019507814752123176, '_a2_': 1.0, '_a3_': 1.0, '_a4_': 1.0, '_a5_': 1.0}};{'d0': 0.024885482501867673};-276.524567593311;46.62324536999845
8645;-91.6390384266569;((((_a0_ * _a0_) + pow2(x)) + (_a1_ * x)) * (((x * _a6_) / _a0_) + _a7_));{'d0': {'_a0_': 0.7245792844290169, '_a1_': 0.6251278964526742, '_a6_': 2.4509026088834145, '_a7_': -0.0019507814752123176, '_a2_': 1.0, '_a3_': 1.0, '_a4_': 1.0, '_a5_': 1.0}};{'d0': 0.024885482501867673};-276.524567593311;46.62324536999845
8646;-91.6390384266569;((((_a0_ * _a0_) + pow2(x)) + (_a1_ * x)) * (((x * _a6_) / _a0_) + _a7_));{'d0': {'_a0_': 0.7245792844290169, '_a1_': 0.6251278964526742, '_a6_': 2.4509026088834145, '_a7_': -0.0019507814752123176, '_a2_': 1.0, '_a3_': 1.0, '_a4_': 1.0, '_a5_': 1.0}};{'d0': 0.024885482501867673};-276.524567593311;46.62324536999845
8647;-91.6390384266569;((((_a0_ * _a0_) + pow2(x)) + (_a1_ * x)) * (((x * _a6_) / _a0_) + _a7_));{'d0': {'_a0_': 0.7245792844290169, '_a1_': 0.6251278964526742, '_a6_': 2.4509026088834145, '_a7_': -0.0019507814752123176, '_a2_': 1.0, '_a3_': 1.0, '_a4_': 1.0, '_a5_': 1.0}};{'d0': 0.024885482501867673};-276.524567593311;46.62324536999845
8648;-91.6390384266569;((((_a0_ * _a0_) + pow2(x)) + (_a1_ * x)) * (((x * _a6_) / _a0_) + _a7_));{'d0': {'_a0_': 0.7245792844290169, '_a1_': 0.6251278964526742, '_a6_': 2.4509026088834145, '_a7_': -0.0019507814752123176, '_a2_': 1.0, '_a3_': 1.0, '_a4_': 1.0, '_a5_': 1.0}};{'d0': 0.024885482501867673};-276.524567593311;46.62324536999845
8649;-91.6390384266569;((((_a0_ * _a0_) + pow2(x)) + (_a1_ * x)) * (((x * _a6_) / _a0_) + _a7_));{'d0': {'_a0_': 0.7245792844290169, '_a1_': 0.6251278964526742, '_a6_': 2.4509026088834145, '_a7_': -0.0019507814752123176, '_a2_': 1.0, '_a3_': 1.0, '_a4_': 1.0, '_a5_': 1.0}};{'d0': 0.024885482501867673};-276.524567593311;46.62324536999845
8650;-91.6390384266569;((((_a0_ * _a0_) + pow2(x)) + (_a1_ * x)) * (((x * _a6_) / _a0_) + _a7_));{'d0': {'_a0_': 0.7245792844290169, '_a1_': 0.6251278964526742, '_a6_': 2.4509026088834145, '_a7_': -0.0019507814752123176, '_a2_': 1.0, '_a3_': 1.0, '_a4_': 1.0, '_a5_': 1.0}};{'d0': 0.024885482501867673};-276.524567593311;46.62324536999845
8651;-91.6390384266569;((((_a0_ * _a0_) + pow2(x)) + (_a1_ * x)) * (((x * _a6_) / _a0_) + _a7_));{'d0': {'_a0_': 0.7245792844290169, '_a1_': 0.6251278964526742, '_a6_': 2.4509026088834145, '_a7_': -0.0019507814752123176, '_a2_': 1.0, '_a3_': 1.0, '_a4_': 1.0, '_a5_': 1.0}};{'d0': 0.024885482501867673};-276.524567593311;46.62324536999845
8652;-91.6390384266569;((((_a0_ * _a0_) + pow2(x)) + (_a1_ * x)) * (((x * _a6_) / _a0_) + _a7_));{'d0': {'_a0_': 0.7245792844290169, '_a1_': 0.6251278964526742, '_a6_': 2.4509026088834145, '_a7_': -0.0019507814752123176, '_a2_': 1.0, '_a3_': 1.0, '_a4_': 1.0, '_a5_': 1.0}};{'d0': 0.024885482501867673};-276.524567593311;46.62324536999845
8653;-91.6390384266569;((((_a0_ * _a0_) + pow2(x)) + (_a1_ * x)) * (((x * _a6_) / _a0_) + _a7_));{'d0': {'_a0_': 0.7245792844290169, '_a1_': 0.6251278964526742, '_a6_': 2.4509026088834145, '_a7_': -0.0019507814752123176, '_a2_': 1.0, '_a3_': 1.0, '_a4_': 1.0, '_a5_': 1.0}};{'d0': 0.024885482501867673};-276.524567593311;46.62324536999845
8654;-91.6390384266569;((((_a0_ * _a0_) + pow2(x)) + (_a1_ * x)) * (((x * _a6_) / _a0_) + _a7_));{'d0': {'_a0_': 0.7245792844290169, '_a1_': 0.6251278964526742, '_a6_': 2.4509026088834145, '_a7_': -0.0019507814752123176, '_a2_': 1.0, '_a3_': 1.0, '_a4_': 1.0, '_a5_': 1.0}};{'d0': 0.024885482501867673};-276.524567593311;46.62324536999845
8655;-91.6390384266569;((((_a0_ * _a0_) + pow2(x)) + (_a1_ * x)) * (((x * _a6_) / _a0_) + _a7_));{'d0': {'_a0_': 0.7245792844290169, '_a1_': 0.6251278964526742, '_a6_': 2.4509026088834145, '_a7_': -0.0019507814752123176, '_a2_': 1.0, '_a3_': 1.0, '_a4_': 1.0, '_a5_': 1.0}};{'d0': 0.024885482501867673};-276.524567593311;46.62324536999845
8656;-91.6390384266569;((((_a0_ * _a0_) + pow2(x)) + (_a1_ * x)) * (((x * _a6_) / _a0_) + _a7_));{'d0': {'_a0_': 0.7245792844290169, '_a1_': 0.6251278964526742, '_a6_': 2.4509026088834145, '_a7_': -0.0019507814752123176, '_a2_': 1.0, '_a3_': 1.0, '_a4_': 1.0, '_a5_': 1.0}};{'d0': 0.024885482501867673};-276.524567593311;46.62324536999845
8657;-91.6390384266569;((((_a0_ * _a0_) + pow2(x)) + (_a1_ * x)) * (((x * _a6_) / _a0_) + _a7_));{'d0': {'_a0_': 0.7245792844290169, '_a1_': 0.6251278964526742, '_a6_': 2.4509026088834145, '_a7_': -0.0019507814752123176, '_a2_': 1.0, '_a3_': 1.0, '_a4_': 1.0, '_a5_': 1.0}};{'d0': 0.024885482501867673};-276.524567593311;46.62324536999845
8658;-91.6390384266569;((((_a0_ * _a0_) + pow2(x)) + (_a1_ * x)) * (((x * _a6_) / _a0_) + _a7_));{'d0': {'_a0_': 0.7245792844290169, '_a1_': 0.6251278964526742, '_a6_': 2.4509026088834145, '_a7_': -0.0019507814752123176, '_a2_': 1.0, '_a3_': 1.0, '_a4_': 1.0, '_a5_': 1.0}};{'d0': 0.024885482501867673};-276.524567593311;46.62324536999845
8659;-91.6390384266569;((((_a0_ * _a0_) + pow2(x)) + (_a1_ * x)) * (((x * _a6_) / _a0_) + _a7_));{'d0': {'_a0_': 0.7245792844290169, '_a1_': 0.6251278964526742, '_a6_': 2.4509026088834145, '_a7_': -0.0019507814752123176, '_a2_': 1.0, '_a3_': 1.0, '_a4_': 1.0, '_a5_': 1.0}};{'d0': 0.024885482501867673};-276.524567593311;46.62324536999845
8660;-91.6390384266569;((((_a0_ * _a0_) + pow2(x)) + (_a1_ * x)) * (((x * _a6_) / _a0_) + _a7_));{'d0': {'_a0_': 0.7245792844290169, '_a1_': 0.6251278964526742, '_a6_': 2.4509026088834145, '_a7_': -0.0019507814752123176, '_a2_': 1.0, '_a3_': 1.0, '_a4_': 1.0, '_a5_': 1.0}};{'d0': 0.024885482501867673};-276.524567593311;46.62324536999845
8661;-91.6390384266569;((((_a0_ * _a0_) + pow2(x)) + (_a1_ * x)) * (((x * _a6_) / _a0_) + _a7_));{'d0': {'_a0_': 0.7245792844290169, '_a1_': 0.6251278964526742, '_a6_': 2.4509026088834145, '_a7_': -0.0019507814752123176, '_a2_': 1.0, '_a3_': 1.0, '_a4_': 1.0, '_a5_': 1.0}};{'d0': 0.024885482501867673};-276.524567593311;46.62324536999845
8662;-91.6390384266569;((((_a0_ * _a0_) + pow2(x)) + (_a1_ * x)) * (((x * _a6_) / _a0_) + _a7_));{'d0': {'_a0_': 0.7245792844290169, '_a1_': 0.6251278964526742, '_a6_': 2.4509026088834145, '_a7_': -0.0019507814752123176, '_a2_': 1.0, '_a3_': 1.0, '_a4_': 1.0, '_a5_': 1.0}};{'d0': 0.024885482501867673};-276.524567593311;46.62324536999845
8663;-91.6390384266569;((((_a0_ * _a0_) + pow2(x)) + (_a1_ * x)) * (((x * _a6_) / _a0_) + _a7_));{'d0': {'_a0_': 0.7245792844290169, '_a1_': 0.6251278964526742, '_a6_': 2.4509026088834145, '_a7_': -0.0019507814752123176, '_a2_': 1.0, '_a3_': 1.0, '_a4_': 1.0, '_a5_': 1.0}};{'d0': 0.024885482501867673};-276.524567593311;46.62324536999845
8664;-91.6390384266569;((((_a0_ * _a0_) + pow2(x)) + (_a1_ * x)) * (((x * _a6_) / _a0_) + _a7_));{'d0': {'_a0_': 0.7245792844290169, '_a1_': 0.6251278964526742, '_a6_': 2.4509026088834145, '_a7_': -0.0019507814752123176, '_a2_': 1.0, '_a3_': 1.0, '_a4_': 1.0, '_a5_': 1.0}};{'d0': 0.024885482501867673};-276.524567593311;46.62324536999845
8665;-91.6390384266569;((((_a0_ * _a0_) + pow2(x)) + (_a1_ * x)) * (((x * _a6_) / _a0_) + _a7_));{'d0': {'_a0_': 0.7245792844290169, '_a1_': 0.6251278964526742, '_a6_': 2.4509026088834145, '_a7_': -0.0019507814752123176, '_a2_': 1.0, '_a3_': 1.0, '_a4_': 1.0, '_a5_': 1.0}};{'d0': 0.024885482501867673};-276.524567593311;46.62324536999845
8666;-91.6390384266569;((((_a0_ * _a0_) + pow2(x)) + (_a1_ * x)) * (((x * _a6_) / _a0_) + _a7_));{'d0': {'_a0_': 0.7245792844290169, '_a1_': 0.6251278964526742, '_a6_': 2.4509026088834145, '_a7_': -0.0019507814752123176, '_a2_': 1.0, '_a3_': 1.0, '_a4_': 1.0, '_a5_': 1.0}};{'d0': 0.024885482501867673};-276.524567593311;46.62324536999845
8667;-91.6390384266569;((((_a0_ * _a0_) + pow2(x)) + (_a1_ * x)) * (((x * _a6_) / _a0_) + _a7_));{'d0': {'_a0_': 0.7245792844290169, '_a1_': 0.6251278964526742, '_a6_': 2.4509026088834145, '_a7_': -0.0019507814752123176, '_a2_': 1.0, '_a3_': 1.0, '_a4_': 1.0, '_a5_': 1.0}};{'d0': 0.024885482501867673};-276.524567593311;46.62324536999845
8668;-91.6390384266569;((((_a0_ * _a0_) + pow2(x)) + (_a1_ * x)) * (((x * _a6_) / _a0_) + _a7_));{'d0': {'_a0_': 0.7245792844290169, '_a1_': 0.6251278964526742, '_a6_': 2.4509026088834145, '_a7_': -0.0019507814752123176, '_a2_': 1.0, '_a3_': 1.0, '_a4_': 1.0, '_a5_': 1.0}};{'d0': 0.024885482501867673};-276.524567593311;46.62324536999845
8669;-91.6390384266569;((((_a0_ * _a0_) + pow2(x)) + (_a1_ * x)) * (((x * _a6_) / _a0_) + _a7_));{'d0': {'_a0_': 0.7245792844290169, '_a1_': 0.6251278964526742, '_a6_': 2.4509026088834145, '_a7_': -0.0019507814752123176, '_a2_': 1.0, '_a3_': 1.0, '_a4_': 1.0, '_a5_': 1.0}};{'d0': 0.024885482501867673};-276.524567593311;46.62324536999845
8670;-91.6390384266569;((((_a0_ * _a0_) + pow2(x)) + (_a1_ * x)) * (((x * _a6_) / _a0_) + _a7_));{'d0': {'_a0_': 0.7245792844290169, '_a1_': 0.6251278964526742, '_a6_': 2.4509026088834145, '_a7_': -0.0019507814752123176, '_a2_': 1.0, '_a3_': 1.0, '_a4_': 1.0, '_a5_': 1.0}};{'d0': 0.024885482501867673};-276.524567593311;46.62324536999845
8671;-91.6390384266569;((((_a0_ * _a0_) + pow2(x)) + (_a1_ * x)) * (((x * _a6_) / _a0_) + _a7_));{'d0': {'_a0_': 0.7245792844290169, '_a1_': 0.6251278964526742, '_a6_': 2.4509026088834145, '_a7_': -0.0019507814752123176, '_a2_': 1.0, '_a3_': 1.0, '_a4_': 1.0, '_a5_': 1.0}};{'d0': 0.024885482501867673};-276.524567593311;46.62324536999845
8672;-91.6390384266569;((((_a0_ * _a0_) + pow2(x)) + (_a1_ * x)) * (((x * _a6_) / _a0_) + _a7_));{'d0': {'_a0_': 0.7245792844290169, '_a1_': 0.6251278964526742, '_a6_': 2.4509026088834145, '_a7_': -0.0019507814752123176, '_a2_': 1.0, '_a3_': 1.0, '_a4_': 1.0, '_a5_': 1.0}};{'d0': 0.024885482501867673};-276.524567593311;46.62324536999845
8673;-91.6390384266569;((((_a0_ * _a0_) + pow2(x)) + (_a1_ * x)) * (((x * _a6_) / _a0_) + _a7_));{'d0': {'_a0_': 0.7245792844290169, '_a1_': 0.6251278964526742, '_a6_': 2.4509026088834145, '_a7_': -0.0019507814752123176, '_a2_': 1.0, '_a3_': 1.0, '_a4_': 1.0, '_a5_': 1.0}};{'d0': 0.024885482501867673};-276.524567593311;46.62324536999845
8674;-91.6390384266569;((((_a0_ * _a0_) + pow2(x)) + (_a1_ * x)) * (((x * _a6_) / _a0_) + _a7_));{'d0': {'_a0_': 0.7245792844290169, '_a1_': 0.6251278964526742, '_a6_': 2.4509026088834145, '_a7_': -0.0019507814752123176, '_a2_': 1.0, '_a3_': 1.0, '_a4_': 1.0, '_a5_': 1.0}};{'d0': 0.024885482501867673};-276.524567593311;46.62324536999845
8675;-91.6390384266569;((((_a0_ * _a0_) + pow2(x)) + (_a1_ * x)) * (((x * _a6_) / _a0_) + _a7_));{'d0': {'_a0_': 0.7245792844290169, '_a1_': 0.6251278964526742, '_a6_': 2.4509026088834145, '_a7_': -0.0019507814752123176, '_a2_': 1.0, '_a3_': 1.0, '_a4_': 1.0, '_a5_': 1.0}};{'d0': 0.024885482501867673};-276.524567593311;46.62324536999845
8676;-91.6390384266569;((((_a0_ * _a0_) + pow2(x)) + (_a1_ * x)) * (((x * _a6_) / _a0_) + _a7_));{'d0': {'_a0_': 0.7245792844290169, '_a1_': 0.6251278964526742, '_a6_': 2.4509026088834145, '_a7_': -0.0019507814752123176, '_a2_': 1.0, '_a3_': 1.0, '_a4_': 1.0, '_a5_': 1.0}};{'d0': 0.024885482501867673};-276.524567593311;46.62324536999845
8677;-91.6390384266569;((((_a0_ * _a0_) + pow2(x)) + (_a1_ * x)) * (((x * _a6_) / _a0_) + _a7_));{'d0': {'_a0_': 0.7245792844290169, '_a1_': 0.6251278964526742, '_a6_': 2.4509026088834145, '_a7_': -0.0019507814752123176, '_a2_': 1.0, '_a3_': 1.0, '_a4_': 1.0, '_a5_': 1.0}};{'d0': 0.024885482501867673};-276.524567593311;46.62324536999845
8678;-91.6390384266569;((((_a0_ * _a0_) + pow2(x)) + (_a1_ * x)) * (((x * _a6_) / _a0_) + _a7_));{'d0': {'_a0_': 0.7245792844290169, '_a1_': 0.6251278964526742, '_a6_': 2.4509026088834145, '_a7_': -0.0019507814752123176, '_a2_': 1.0, '_a3_': 1.0, '_a4_': 1.0, '_a5_': 1.0}};{'d0': 0.024885482501867673};-276.524567593311;46.62324536999845
8679;-95.3916412031377;((pow2((_a2_ + pow2(cos(((_a6_ + x) / _a4_))))) * _a7_) * -(x));{'d0': {'_a2_': -1.7702537142560408, '_a4_': 1.0993389328828744, '_a6_': 369.8541730489283, '_a7_': -2.45893353206153, '_a0_': 1.0, '_a1_': 1.0, '_a3_': 1.0, '_a5_': 1.0}};{'d0': 0.02370103966999588};-279.450508769909;44.333613181816744
8680;-95.3916412031377;((pow2((_a2_ + pow2(cos(((_a6_ + x) / _a4_))))) * _a7_) * -(x));{'d0': {'_a2_': -1.7702537142560408, '_a4_': 1.0993389328828744, '_a6_': 369.8541730489283, '_a7_': -2.45893353206153, '_a0_': 1.0, '_a1_': 1.0, '_a3_': 1.0, '_a5_': 1.0}};{'d0': 0.02370103966999588};-279.450508769909;44.333613181816744
8681;-95.3916412031377;((pow2((_a2_ + pow2(cos(((_a6_ + x) / _a4_))))) * _a7_) * -(x));{'d0': {'_a2_': -1.7702537142560408, '_a4_': 1.0993389328828744, '_a6_': 369.8541730489283, '_a7_': -2.45893353206153, '_a0_': 1.0, '_a1_': 1.0, '_a3_': 1.0, '_a5_': 1.0}};{'d0': 0.02370103966999588};-279.450508769909;44.333613181816744
8682;-95.3916412031377;((pow2((_a2_ + pow2(cos(((_a6_ + x) / _a4_))))) * _a7_) * -(x));{'d0': {'_a2_': -1.7702537142560408, '_a4_': 1.0993389328828744, '_a6_': 369.8541730489283, '_a7_': -2.45893353206153, '_a0_': 1.0, '_a1_': 1.0, '_a3_': 1.0, '_a5_': 1.0}};{'d0': 0.02370103966999588};-279.450508769909;44.333613181816744
8683;-95.3916412031377;((pow2((_a2_ + pow2(cos(((_a6_ + x) / _a4_))))) * _a7_) * -(x));{'d0': {'_a2_': -1.7702537142560408, '_a4_': 1.0993389328828744, '_a6_': 369.8541730489283, '_a7_': -2.45893353206153, '_a0_': 1.0, '_a1_': 1.0, '_a3_': 1.0, '_a5_': 1.0}};{'d0': 0.02370103966999588};-279.450508769909;44.333613181816744
8684;-95.3916412031377;((pow2((_a2_ + pow2(cos(((_a6_ + x) / _a4_))))) * _a7_) * -(x));{'d0': {'_a2_': -1.7702537142560408, '_a4_': 1.0993389328828744, '_a6_': 369.8541730489283, '_a7_': -2.45893353206153, '_a0_': 1.0, '_a1_': 1.0, '_a3_': 1.0, '_a5_': 1.0}};{'d0': 0.02370103966999588};-279.450508769909;44.333613181816744
8685;-95.3916412031377;((pow2((_a2_ + pow2(cos(((_a6_ + x) / _a4_))))) * _a7_) * -(x));{'d0': {'_a2_': -1.7702537142560408, '_a4_': 1.0993389328828744, '_a6_': 369.8541730489283, '_a7_': -2.45893353206153, '_a0_': 1.0, '_a1_': 1.0, '_a3_': 1.0, '_a5_': 1.0}};{'d0': 0.02370103966999588};-279.450508769909;44.333613181816744
8686;-95.3916412031377;((pow2((_a2_ + pow2(cos(((_a6_ + x) / _a4_))))) * _a7_) * -(x));{'d0': {'_a2_': -1.7702537142560408, '_a4_': 1.0993389328828744, '_a6_': 369.8541730489283, '_a7_': -2.45893353206153, '_a0_': 1.0, '_a1_': 1.0, '_a3_': 1.0, '_a5_': 1.0}};{'d0': 0.02370103966999588};-279.450508769909;44.333613181816744
8687;-95.3916412031377;((pow2((_a2_ + pow2(cos(((_a6_ + x) / _a4_))))) * _a7_) * -(x));{'d0': {'_a2_': -1.7702537142560408, '_a4_': 1.0993389328828744, '_a6_': 369.8541730489283, '_a7_': -2.45893353206153, '_a0_': 1.0, '_a1_': 1.0, '_a3_': 1.0, '_a5_': 1.0}};{'d0': 0.02370103966999588};-279.450508769909;44.333613181816744
8688;-95.3916412031377;((pow2((_a2_ + pow2(cos(((_a6_ + x) / _a4_))))) * _a7_) * -(x));{'d0': {'_a2_': -1.7702537142560408, '_a4_': 1.0993389328828744, '_a6_': 369.8541730489283, '_a7_': -2.45893353206153, '_a0_': 1.0, '_a1_': 1.0, '_a3_': 1.0, '_a5_': 1.0}};{'d0': 0.02370103966999588};-279.450508769909;44.333613181816744
8689;-95.3916412031377;((pow2((_a2_ + pow2(cos(((_a6_ + x) / _a4_))))) * _a7_) * -(x));{'d0': {'_a2_': -1.7702537142560408, '_a4_': 1.0993389328828744, '_a6_': 369.8541730489283, '_a7_': -2.45893353206153, '_a0_': 1.0, '_a1_': 1.0, '_a3_': 1.0, '_a5_': 1.0}};{'d0': 0.02370103966999588};-279.450508769909;44.333613181816744
8690;-95.3916412031377;((pow2((_a2_ + pow2(cos(((_a6_ + x) / _a4_))))) * _a7_) * -(x));{'d0': {'_a2_': -1.7702537142560408, '_a4_': 1.0993389328828744, '_a6_': 369.8541730489283, '_a7_': -2.45893353206153, '_a0_': 1.0, '_a1_': 1.0, '_a3_': 1.0, '_a5_': 1.0}};{'d0': 0.02370103966999588};-279.450508769909;44.333613181816744
8691;-95.3916412031377;((pow2((_a2_ + pow2(cos(((_a6_ + x) / _a4_))))) * _a7_) * -(x));{'d0': {'_a2_': -1.7702537142560408, '_a4_': 1.0993389328828744, '_a6_': 369.8541730489283, '_a7_': -2.45893353206153, '_a0_': 1.0, '_a1_': 1.0, '_a3_': 1.0, '_a5_': 1.0}};{'d0': 0.02370103966999588};-279.450508769909;44.333613181816744
8692;-95.3916412031377;((pow2((_a2_ + pow2(cos(((_a6_ + x) / _a4_))))) * _a7_) * -(x));{'d0': {'_a2_': -1.7702537142560408, '_a4_': 1.0993389328828744, '_a6_': 369.8541730489283, '_a7_': -2.45893353206153, '_a0_': 1.0, '_a1_': 1.0, '_a3_': 1.0, '_a5_': 1.0}};{'d0': 0.02370103966999588};-279.450508769909;44.333613181816744
8693;-95.3916412031377;((pow2((_a2_ + pow2(cos(((_a6_ + x) / _a4_))))) * _a7_) * -(x));{'d0': {'_a2_': -1.7702537142560408, '_a4_': 1.0993389328828744, '_a6_': 369.8541730489283, '_a7_': -2.45893353206153, '_a0_': 1.0, '_a1_': 1.0, '_a3_': 1.0, '_a5_': 1.0}};{'d0': 0.02370103966999588};-279.450508769909;44.333613181816744
8694;-95.3916412031377;((pow2((_a2_ + pow2(cos(((_a6_ + x) / _a4_))))) * _a7_) * -(x));{'d0': {'_a2_': -1.7702537142560408, '_a4_': 1.0993389328828744, '_a6_': 369.8541730489283, '_a7_': -2.45893353206153, '_a0_': 1.0, '_a1_': 1.0, '_a3_': 1.0, '_a5_': 1.0}};{'d0': 0.02370103966999588};-279.450508769909;44.333613181816744
8695;-95.3916412031377;((pow2((_a2_ + pow2(cos(((_a6_ + x) / _a4_))))) * _a7_) * -(x));{'d0': {'_a2_': -1.7702537142560408, '_a4_': 1.0993389328828744, '_a6_': 369.8541730489283, '_a7_': -2.45893353206153, '_a0_': 1.0, '_a1_': 1.0, '_a3_': 1.0, '_a5_': 1.0}};{'d0': 0.02370103966999588};-279.450508769909;44.333613181816744
8696;-95.3916412031377;((pow2((_a2_ + pow2(cos(((_a6_ + x) / _a4_))))) * _a7_) * -(x));{'d0': {'_a2_': -1.7702537142560408, '_a4_': 1.0993389328828744, '_a6_': 369.8541730489283, '_a7_': -2.45893353206153, '_a0_': 1.0, '_a1_': 1.0, '_a3_': 1.0, '_a5_': 1.0}};{'d0': 0.02370103966999588};-279.450508769909;44.333613181816744
8697;-95.3916412031377;((pow2((_a2_ + pow2(cos(((_a6_ + x) / _a4_))))) * _a7_) * -(x));{'d0': {'_a2_': -1.7702537142560408, '_a4_': 1.0993389328828744, '_a6_': 369.8541730489283, '_a7_': -2.45893353206153, '_a0_': 1.0, '_a1_': 1.0, '_a3_': 1.0, '_a5_': 1.0}};{'d0': 0.02370103966999588};-279.450508769909;44.333613181816744
8698;-95.3916412031377;((pow2((_a2_ + pow2(cos(((_a6_ + x) / _a4_))))) * _a7_) * -(x));{'d0': {'_a2_': -1.7702537142560408, '_a4_': 1.0993389328828744, '_a6_': 369.8541730489283, '_a7_': -2.45893353206153, '_a0_': 1.0, '_a1_': 1.0, '_a3_': 1.0, '_a5_': 1.0}};{'d0': 0.02370103966999588};-279.450508769909;44.333613181816744
8699;-95.3916412031377;((pow2((_a2_ + pow2(cos(((_a6_ + x) / _a4_))))) * _a7_) * -(x));{'d0': {'_a2_': -1.7702537142560408, '_a4_': 1.0993389328828744, '_a6_': 369.8541730489283, '_a7_': -2.45893353206153, '_a0_': 1.0, '_a1_': 1.0, '_a3_': 1.0, '_a5_': 1.0}};{'d0': 0.02370103966999588};-279.450508769909;44.333613181816744
8700;-91.6390384266569;((((_a0_ * _a0_) + pow2(x)) + (_a1_ * x)) * (((x * _a6_) / _a0_) + _a7_));{'d0': {'_a0_': 0.7245792844290169, '_a1_': 0.6251278964526742, '_a6_': 2.4509026088834145, '_a7_': -0.0019507814752123176, '_a2_': 1.0, '_a3_': 1.0, '_a4_': 1.0, '_a5_': 1.0}};{'d0': 0.024885482501867673};-276.524567593311;46.62324536999845
8701;-91.6390384266569;((((_a0_ * _a0_) + pow2(x)) + (_a1_ * x)) * (((x * _a6_) / _a0_) + _a7_));{'d0': {'_a0_': 0.7245792844290169, '_a1_': 0.6251278964526742, '_a6_': 2.4509026088834145, '_a7_': -0.0019507814752123176, '_a2_': 1.0, '_a3_': 1.0, '_a4_': 1.0, '_a5_': 1.0}};{'d0': 0.024885482501867673};-276.524567593311;46.62324536999845
8702;-91.6390384266569;((((_a0_ * _a0_) + pow2(x)) + (_a1_ * x)) * (((x * _a6_) / _a0_) + _a7_));{'d0': {'_a0_': 0.7245792844290169, '_a1_': 0.6251278964526742, '_a6_': 2.4509026088834145, '_a7_': -0.0019507814752123176, '_a2_': 1.0, '_a3_': 1.0, '_a4_': 1.0, '_a5_': 1.0}};{'d0': 0.024885482501867673};-276.524567593311;46.62324536999845
8703;-91.6390384266569;((((_a0_ * _a0_) + pow2(x)) + (_a1_ * x)) * (((x * _a6_) / _a0_) + _a7_));{'d0': {'_a0_': 0.7245792844290169, '_a1_': 0.6251278964526742, '_a6_': 2.4509026088834145, '_a7_': -0.0019507814752123176, '_a2_': 1.0, '_a3_': 1.0, '_a4_': 1.0, '_a5_': 1.0}};{'d0': 0.024885482501867673};-276.524567593311;46.62324536999845
8704;-91.6390384266569;((((_a0_ * _a0_) + pow2(x)) + (_a1_ * x)) * (((x * _a6_) / _a0_) + _a7_));{'d0': {'_a0_': 0.7245792844290169, '_a1_': 0.6251278964526742, '_a6_': 2.4509026088834145, '_a7_': -0.0019507814752123176, '_a2_': 1.0, '_a3_': 1.0, '_a4_': 1.0, '_a5_': 1.0}};{'d0': 0.024885482501867673};-276.524567593311;46.62324536999845
8705;-91.6390384266569;((((_a0_ * _a0_) + pow2(x)) + (_a1_ * x)) * (((x * _a6_) / _a0_) + _a7_));{'d0': {'_a0_': 0.7245792844290169, '_a1_': 0.6251278964526742, '_a6_': 2.4509026088834145, '_a7_': -0.0019507814752123176, '_a2_': 1.0, '_a3_': 1.0, '_a4_': 1.0, '_a5_': 1.0}};{'d0': 0.024885482501867673};-276.524567593311;46.62324536999845
8706;-91.6390384266569;((((_a0_ * _a0_) + pow2(x)) + (_a1_ * x)) * (((x * _a6_) / _a0_) + _a7_));{'d0': {'_a0_': 0.7245792844290169, '_a1_': 0.6251278964526742, '_a6_': 2.4509026088834145, '_a7_': -0.0019507814752123176, '_a2_': 1.0, '_a3_': 1.0, '_a4_': 1.0, '_a5_': 1.0}};{'d0': 0.024885482501867673};-276.524567593311;46.62324536999845
8707;-91.6390384266569;((((_a0_ * _a0_) + pow2(x)) + (_a1_ * x)) * (((x * _a6_) / _a0_) + _a7_));{'d0': {'_a0_': 0.7245792844290169, '_a1_': 0.6251278964526742, '_a6_': 2.4509026088834145, '_a7_': -0.0019507814752123176, '_a2_': 1.0, '_a3_': 1.0, '_a4_': 1.0, '_a5_': 1.0}};{'d0': 0.024885482501867673};-276.524567593311;46.62324536999845
8708;-95.3916412031377;((pow2((_a2_ + pow2(cos(((_a6_ + x) / _a4_))))) * _a7_) * -(x));{'d0': {'_a2_': -1.7702537142560408, '_a4_': 1.0993389328828744, '_a6_': 369.8541730489283, '_a7_': -2.45893353206153, '_a0_': 1.0, '_a1_': 1.0, '_a3_': 1.0, '_a5_': 1.0}};{'d0': 0.02370103966999588};-279.450508769909;44.333613181816744
8709;-95.3916412031377;((pow2((_a2_ + pow2(cos(((_a6_ + x) / _a4_))))) * _a7_) * -(x));{'d0': {'_a2_': -1.7702537142560408, '_a4_': 1.0993389328828744, '_a6_': 369.8541730489283, '_a7_': -2.45893353206153, '_a0_': 1.0, '_a1_': 1.0, '_a3_': 1.0, '_a5_': 1.0}};{'d0': 0.02370103966999588};-279.450508769909;44.333613181816744
8710;-95.3916412031377;((pow2((_a2_ + pow2(cos(((_a6_ + x) / _a4_))))) * _a7_) * -(x));{'d0': {'_a2_': -1.7702537142560408, '_a4_': 1.0993389328828744, '_a6_': 369.8541730489283, '_a7_': -2.45893353206153, '_a0_': 1.0, '_a1_': 1.0, '_a3_': 1.0, '_a5_': 1.0}};{'d0': 0.02370103966999588};-279.450508769909;44.333613181816744
8711;-95.3916412031377;((pow2((_a2_ + pow2(cos(((_a6_ + x) / _a4_))))) * _a7_) * -(x));{'d0': {'_a2_': -1.7702537142560408, '_a4_': 1.0993389328828744, '_a6_': 369.8541730489283, '_a7_': -2.45893353206153, '_a0_': 1.0, '_a1_': 1.0, '_a3_': 1.0, '_a5_': 1.0}};{'d0': 0.02370103966999588};-279.450508769909;44.333613181816744
8712;-95.3916412031377;((pow2((_a2_ + pow2(cos(((_a6_ + x) / _a4_))))) * _a7_) * -(x));{'d0': {'_a2_': -1.7702537142560408, '_a4_': 1.0993389328828744, '_a6_': 369.8541730489283, '_a7_': -2.45893353206153, '_a0_': 1.0, '_a1_': 1.0, '_a3_': 1.0, '_a5_': 1.0}};{'d0': 0.02370103966999588};-279.450508769909;44.333613181816744
8713;-95.3916412031377;((pow2((_a2_ + pow2(cos(((_a6_ + x) / _a4_))))) * _a7_) * -(x));{'d0': {'_a2_': -1.7702537142560408, '_a4_': 1.0993389328828744, '_a6_': 369.8541730489283, '_a7_': -2.45893353206153, '_a0_': 1.0, '_a1_': 1.0, '_a3_': 1.0, '_a5_': 1.0}};{'d0': 0.02370103966999588};-279.450508769909;44.333613181816744
8714;-95.3916412031377;((pow2((_a2_ + pow2(cos(((_a6_ + x) / _a4_))))) * _a7_) * -(x));{'d0': {'_a2_': -1.7702537142560408, '_a4_': 1.0993389328828744, '_a6_': 369.8541730489283, '_a7_': -2.45893353206153, '_a0_': 1.0, '_a1_': 1.0, '_a3_': 1.0, '_a5_': 1.0}};{'d0': 0.02370103966999588};-279.450508769909;44.333613181816744
8715;-95.3916412031377;((pow2((_a2_ + pow2(cos(((_a6_ + x) / _a4_))))) * _a7_) * -(x));{'d0': {'_a2_': -1.7702537142560408, '_a4_': 1.0993389328828744, '_a6_': 369.8541730489283, '_a7_': -2.45893353206153, '_a0_': 1.0, '_a1_': 1.0, '_a3_': 1.0, '_a5_': 1.0}};{'d0': 0.02370103966999588};-279.450508769909;44.333613181816744
8716;-95.3916412031377;((pow2((_a2_ + pow2(cos(((_a6_ + x) / _a4_))))) * _a7_) * -(x));{'d0': {'_a2_': -1.7702537142560408, '_a4_': 1.0993389328828744, '_a6_': 369.8541730489283, '_a7_': -2.45893353206153, '_a0_': 1.0, '_a1_': 1.0, '_a3_': 1.0, '_a5_': 1.0}};{'d0': 0.02370103966999588};-279.450508769909;44.333613181816744
8717;-95.3916412031377;((pow2((_a2_ + pow2(cos(((_a6_ + x) / _a4_))))) * _a7_) * -(x));{'d0': {'_a2_': -1.7702537142560408, '_a4_': 1.0993389328828744, '_a6_': 369.8541730489283, '_a7_': -2.45893353206153, '_a0_': 1.0, '_a1_': 1.0, '_a3_': 1.0, '_a5_': 1.0}};{'d0': 0.02370103966999588};-279.450508769909;44.333613181816744
8718;-104.411319546383;((x * (_a6_ + pow2(((x + _a6_) * (_a3_ + _a2_))))) * _a2_);{'d0': {'_a2_': 4.6375066327947, '_a3_': -3.7841945760259055, '_a6_': 0.31192970786658447, '_a0_': 1.0, '_a1_': 1.0, '_a4_': 1.0, '_a5_': 1.0, '_a7_': 1.0}};{'d0': 0.02490583291941667};-280.569866449043;35.87361367813895
8719;-104.411319546383;((x * (_a6_ + pow2(((x + _a6_) * (_a3_ + _a2_))))) * _a2_);{'d0': {'_a2_': 4.6375066327947, '_a3_': -3.7841945760259055, '_a6_': 0.31192970786658447, '_a0_': 1.0, '_a1_': 1.0, '_a4_': 1.0, '_a5_': 1.0, '_a7_': 1.0}};{'d0': 0.02490583291941667};-280.569866449043;35.87361367813895
8720;-104.411319546383;((x * (_a6_ + pow2(((x + _a6_) * (_a3_ + _a2_))))) * _a2_);{'d0': {'_a2_': 4.6375066327947, '_a3_': -3.7841945760259055, '_a6_': 0.31192970786658447, '_a0_': 1.0, '_a1_': 1.0, '_a4_': 1.0, '_a5_': 1.0, '_a7_': 1.0}};{'d0': 0.02490583291941667};-280.569866449043;35.87361367813895
8721;-104.411319546383;((x * (_a6_ + pow2(((x + _a6_) * (_a3_ + _a2_))))) * _a2_);{'d0': {'_a2_': 4.6375066327947, '_a3_': -3.7841945760259055, '_a6_': 0.31192970786658447, '_a0_': 1.0, '_a1_': 1.0, '_a4_': 1.0, '_a5_': 1.0, '_a7_': 1.0}};{'d0': 0.02490583291941667};-280.569866449043;35.87361367813895
8722;-104.411319546383;((x * (_a6_ + pow2(((x + _a6_) * (_a3_ + _a2_))))) * _a2_);{'d0': {'_a2_': 4.6375066327947, '_a3_': -3.7841945760259055, '_a6_': 0.31192970786658447, '_a0_': 1.0, '_a1_': 1.0, '_a4_': 1.0, '_a5_': 1.0, '_a7_': 1.0}};{'d0': 0.02490583291941667};-280.569866449043;35.87361367813895
8723;-104.411319546383;((x * (_a6_ + pow2(((x + _a6_) * (_a3_ + _a2_))))) * _a2_);{'d0': {'_a2_': 4.6375066327947, '_a3_': -3.7841945760259055, '_a6_': 0.31192970786658447, '_a0_': 1.0, '_a1_': 1.0, '_a4_': 1.0, '_a5_': 1.0, '_a7_': 1.0}};{'d0': 0.02490583291941667};-280.569866449043;35.87361367813895
8724;-104.411319546383;((x * (_a6_ + pow2(((x + _a6_) * (_a3_ + _a2_))))) * _a2_);{'d0': {'_a2_': 4.6375066327947, '_a3_': -3.7841945760259055, '_a6_': 0.31192970786658447, '_a0_': 1.0, '_a1_': 1.0, '_a4_': 1.0, '_a5_': 1.0, '_a7_': 1.0}};{'d0': 0.02490583291941667};-280.569866449043;35.87361367813895
8725;-104.411319546383;((x * (_a6_ + pow2(((x + _a6_) * (_a3_ + _a2_))))) * _a2_);{'d0': {'_a2_': 4.6375066327947, '_a3_': -3.7841945760259055, '_a6_': 0.31192970786658447, '_a0_': 1.0, '_a1_': 1.0, '_a4_': 1.0, '_a5_': 1.0, '_a7_': 1.0}};{'d0': 0.02490583291941667};-280.569866449043;35.87361367813895
8726;-104.411319546383;((x * (_a6_ + pow2(((x + _a6_) * (_a3_ + _a2_))))) * _a2_);{'d0': {'_a2_': 4.6375066327947, '_a3_': -3.7841945760259055, '_a6_': 0.31192970786658447, '_a0_': 1.0, '_a1_': 1.0, '_a4_': 1.0, '_a5_': 1.0, '_a7_': 1.0}};{'d0': 0.02490583291941667};-280.569866449043;35.87361367813895
8727;-104.411319546383;((x * (_a6_ + pow2(((x + _a6_) * (_a3_ + _a2_))))) * _a2_);{'d0': {'_a2_': 4.6375066327947, '_a3_': -3.7841945760259055, '_a6_': 0.31192970786658447, '_a0_': 1.0, '_a1_': 1.0, '_a4_': 1.0, '_a5_': 1.0, '_a7_': 1.0}};{'d0': 0.02490583291941667};-280.569866449043;35.87361367813895
8728;-104.411319546383;((x * (_a6_ + pow2(((x + _a6_) * (_a3_ + _a2_))))) * _a2_);{'d0': {'_a2_': 4.6375066327947, '_a3_': -3.7841945760259055, '_a6_': 0.31192970786658447, '_a0_': 1.0, '_a1_': 1.0, '_a4_': 1.0, '_a5_': 1.0, '_a7_': 1.0}};{'d0': 0.02490583291941667};-280.569866449043;35.87361367813895
8729;-104.411319546383;((x * (_a6_ + pow2(((x + _a6_) * (_a3_ + _a2_))))) * _a2_);{'d0': {'_a2_': 4.6375066327947, '_a3_': -3.7841945760259055, '_a6_': 0.31192970786658447, '_a0_': 1.0, '_a1_': 1.0, '_a4_': 1.0, '_a5_': 1.0, '_a7_': 1.0}};{'d0': 0.02490583291941667};-280.569866449043;35.87361367813895
8730;-104.411319546383;((x * (_a6_ + pow2(((x + _a6_) * (_a3_ + _a2_))))) * _a2_);{'d0': {'_a2_': 4.6375066327947, '_a3_': -3.7841945760259055, '_a6_': 0.31192970786658447, '_a0_': 1.0, '_a1_': 1.0, '_a4_': 1.0, '_a5_': 1.0, '_a7_': 1.0}};{'d0': 0.02490583291941667};-280.569866449043;35.87361367813895
8731;-104.411319546383;((x * (_a6_ + pow2(((x + _a6_) * (_a3_ + _a2_))))) * _a2_);{'d0': {'_a2_': 4.6375066327947, '_a3_': -3.7841945760259055, '_a6_': 0.31192970786658447, '_a0_': 1.0, '_a1_': 1.0, '_a4_': 1.0, '_a5_': 1.0, '_a7_': 1.0}};{'d0': 0.02490583291941667};-280.569866449043;35.87361367813895
8732;-106.633986122803;((((pow2((_a4_ + x)) * _a3_) + pow2(_a3_)) * x) * _a7_);{'d0': {'_a3_': 0.42839162788909846, '_a4_': 0.3119297078001781, '_a7_': 7.882415663730928, '_a0_': 1.0, '_a1_': 1.0, '_a2_': 1.0, '_a5_': 1.0, '_a6_': 1.0}};{'d0': 0.02490583291941669};-280.569866449043;33.650947101718984
8733;-106.633986122803;((((pow2((_a4_ + x)) * _a3_) + pow2(_a3_)) * x) * _a7_);{'d0': {'_a3_': 0.42839162788909846, '_a4_': 0.3119297078001781, '_a7_': 7.882415663730928, '_a0_': 1.0, '_a1_': 1.0, '_a2_': 1.0, '_a5_': 1.0, '_a6_': 1.0}};{'d0': 0.02490583291941669};-280.569866449043;33.650947101718984
8734;-110.331920595413;((((pow2((_a4_ + x)) * _a3_) + _a4_) * x) * _a7_);{'d0': {'_a3_': 0.7281414663358557, '_a4_': 0.311929707827806, '_a7_': 4.637506632688204, '_a0_': 1.0, '_a1_': 1.0, '_a2_': 1.0, '_a5_': 1.0, '_a6_': 1.0}};{'d0': 0.024905832919416643};-280.569866449044;29.953012629108983
8735;-110.331920595413;((((pow2((_a4_ + x)) * _a3_) + _a4_) * x) * _a7_);{'d0': {'_a3_': 0.7281414663358557, '_a4_': 0.311929707827806, '_a7_': 4.637506632688204, '_a0_': 1.0, '_a1_': 1.0, '_a2_': 1.0, '_a5_': 1.0, '_a6_': 1.0}};{'d0': 0.024905832919416643};-280.569866449044;29.953012629108983
8736;-110.331920595413;((((pow2((_a4_ + x)) * _a3_) + _a4_) * x) * _a7_);{'d0': {'_a3_': 0.7281414663358557, '_a4_': 0.311929707827806, '_a7_': 4.637506632688204, '_a0_': 1.0, '_a1_': 1.0, '_a2_': 1.0, '_a5_': 1.0, '_a6_': 1.0}};{'d0': 0.024905832919416643};-280.569866449044;29.953012629108983
8737;-110.331920595413;((((pow2((_a4_ + x)) * _a3_) + _a4_) * x) * _a7_);{'d0': {'_a3_': 0.7281414663358557, '_a4_': 0.311929707827806, '_a7_': 4.637506632688204, '_a0_': 1.0, '_a1_': 1.0, '_a2_': 1.0, '_a5_': 1.0, '_a6_': 1.0}};{'d0': 0.024905832919416643};-280.569866449044;29.953012629108983
8738;-110.331920595413;((((pow2((_a4_ + x)) * _a3_) + _a4_) * x) * _a7_);{'d0': {'_a3_': 0.7281414663358557, '_a4_': 0.311929707827806, '_a7_': 4.637506632688204, '_a0_': 1.0, '_a1_': 1.0, '_a2_': 1.0, '_a5_': 1.0, '_a6_': 1.0}};{'d0': 0.024905832919416643};-280.569866449044;29.953012629108983
8739;-110.331920595413;((((pow2((_a4_ + x)) * _a3_) + _a4_) * x) * _a7_);{'d0': {'_a3_': 0.7281414663358557, '_a4_': 0.311929707827806, '_a7_': 4.637506632688204, '_a0_': 1.0, '_a1_': 1.0, '_a2_': 1.0, '_a5_': 1.0, '_a6_': 1.0}};{'d0': 0.024905832919416643};-280.569866449044;29.953012629108983
8740;-110.331920595413;((((pow2((_a4_ + x)) * _a3_) + _a4_) * x) * _a7_);{'d0': {'_a3_': 0.7281414663358557, '_a4_': 0.311929707827806, '_a7_': 4.637506632688204, '_a0_': 1.0, '_a1_': 1.0, '_a2_': 1.0, '_a5_': 1.0, '_a6_': 1.0}};{'d0': 0.024905832919416643};-280.569866449044;29.953012629108983
8741;-110.331920595413;((((pow2((_a4_ + x)) * _a3_) + _a4_) * x) * _a7_);{'d0': {'_a3_': 0.7281414663358557, '_a4_': 0.311929707827806, '_a7_': 4.637506632688204, '_a0_': 1.0, '_a1_': 1.0, '_a2_': 1.0, '_a5_': 1.0, '_a6_': 1.0}};{'d0': 0.024905832919416643};-280.569866449044;29.953012629108983
8742;-110.331920595413;((((pow2((_a4_ + x)) * _a3_) + _a4_) * x) * _a7_);{'d0': {'_a3_': 0.7281414663358557, '_a4_': 0.311929707827806, '_a7_': 4.637506632688204, '_a0_': 1.0, '_a1_': 1.0, '_a2_': 1.0, '_a5_': 1.0, '_a6_': 1.0}};{'d0': 0.024905832919416643};-280.569866449044;29.953012629108983
8743;-110.331920595413;((((pow2((_a4_ + x)) * _a3_) + _a4_) * x) * _a7_);{'d0': {'_a3_': 0.7281414663358557, '_a4_': 0.311929707827806, '_a7_': 4.637506632688204, '_a0_': 1.0, '_a1_': 1.0, '_a2_': 1.0, '_a5_': 1.0, '_a6_': 1.0}};{'d0': 0.024905832919416643};-280.569866449044;29.953012629108983
8744;-110.331920595413;((((pow2((_a4_ + x)) * _a3_) + _a4_) * x) * _a7_);{'d0': {'_a3_': 0.7281414663358557, '_a4_': 0.311929707827806, '_a7_': 4.637506632688204, '_a0_': 1.0, '_a1_': 1.0, '_a2_': 1.0, '_a5_': 1.0, '_a6_': 1.0}};{'d0': 0.024905832919416643};-280.569866449044;29.953012629108983
8745;-110.331920595413;((((pow2((_a4_ + x)) * _a3_) + _a4_) * x) * _a7_);{'d0': {'_a3_': 0.7281414663358557, '_a4_': 0.311929707827806, '_a7_': 4.637506632688204, '_a0_': 1.0, '_a1_': 1.0, '_a2_': 1.0, '_a5_': 1.0, '_a6_': 1.0}};{'d0': 0.024905832919416643};-280.569866449044;29.953012629108983
8746;-110.331920595413;((((pow2((_a4_ + x)) * _a3_) + _a4_) * x) * _a7_);{'d0': {'_a3_': 0.7281414663358557, '_a4_': 0.311929707827806, '_a7_': 4.637506632688204, '_a0_': 1.0, '_a1_': 1.0, '_a2_': 1.0, '_a5_': 1.0, '_a6_': 1.0}};{'d0': 0.024905832919416643};-280.569866449044;29.953012629108983
8747;-110.331920595413;((((pow2((_a4_ + x)) * _a3_) + _a4_) * x) * _a7_);{'d0': {'_a3_': 0.7281414663358557, '_a4_': 0.311929707827806, '_a7_': 4.637506632688204, '_a0_': 1.0, '_a1_': 1.0, '_a2_': 1.0, '_a5_': 1.0, '_a6_': 1.0}};{'d0': 0.024905832919416643};-280.569866449044;29.953012629108983
8748;-110.331920595413;((((pow2((_a4_ + x)) * _a3_) + _a4_) * x) * _a7_);{'d0': {'_a3_': 0.7281414663358557, '_a4_': 0.311929707827806, '_a7_': 4.637506632688204, '_a0_': 1.0, '_a1_': 1.0, '_a2_': 1.0, '_a5_': 1.0, '_a6_': 1.0}};{'d0': 0.024905832919416643};-280.569866449044;29.953012629108983
8749;-110.331920595413;((((pow2((_a4_ + x)) * _a3_) + _a4_) * x) * _a7_);{'d0': {'_a3_': 0.7281414663358557, '_a4_': 0.311929707827806, '_a7_': 4.637506632688204, '_a0_': 1.0, '_a1_': 1.0, '_a2_': 1.0, '_a5_': 1.0, '_a6_': 1.0}};{'d0': 0.024905832919416643};-280.569866449044;29.953012629108983
8750;-110.331920595413;((((pow2((_a4_ + x)) * _a3_) + _a4_) * x) * _a7_);{'d0': {'_a3_': 0.7281414663358557, '_a4_': 0.311929707827806, '_a7_': 4.637506632688204, '_a0_': 1.0, '_a1_': 1.0, '_a2_': 1.0, '_a5_': 1.0, '_a6_': 1.0}};{'d0': 0.024905832919416643};-280.569866449044;29.953012629108983
8751;-110.331920595413;((((pow2((_a4_ + x)) * _a3_) + _a4_) * x) * _a7_);{'d0': {'_a3_': 0.7281414663358557, '_a4_': 0.311929707827806, '_a7_': 4.637506632688204, '_a0_': 1.0, '_a1_': 1.0, '_a2_': 1.0, '_a5_': 1.0, '_a6_': 1.0}};{'d0': 0.024905832919416643};-280.569866449044;29.953012629108983
8752;-110.331920595413;((((pow2((_a4_ + x)) * _a3_) + _a4_) * x) * _a7_);{'d0': {'_a3_': 0.7281414663358557, '_a4_': 0.311929707827806, '_a7_': 4.637506632688204, '_a0_': 1.0, '_a1_': 1.0, '_a2_': 1.0, '_a5_': 1.0, '_a6_': 1.0}};{'d0': 0.024905832919416643};-280.569866449044;29.953012629108983
8753;-110.331920595413;((((pow2((_a4_ + x)) * _a3_) + _a4_) * x) * _a7_);{'d0': {'_a3_': 0.7281414663358557, '_a4_': 0.311929707827806, '_a7_': 4.637506632688204, '_a0_': 1.0, '_a1_': 1.0, '_a2_': 1.0, '_a5_': 1.0, '_a6_': 1.0}};{'d0': 0.024905832919416643};-280.569866449044;29.953012629108983
8754;-110.331920595413;((((pow2((_a4_ + x)) * _a3_) + _a4_) * x) * _a7_);{'d0': {'_a3_': 0.7281414663358557, '_a4_': 0.311929707827806, '_a7_': 4.637506632688204, '_a0_': 1.0, '_a1_': 1.0, '_a2_': 1.0, '_a5_': 1.0, '_a6_': 1.0}};{'d0': 0.024905832919416643};-280.569866449044;29.953012629108983
8755;-105.382580669956;((((pow2((_a4_ + x)) * _a3_) + (_a4_ * _a7_)) * x) * _a7_);{'d0': {'_a3_': 1.568043244744902, '_a4_': 0.3119297078265663, '_a7_': 2.1534870868560927, '_a0_': 1.0, '_a1_': 1.0, '_a2_': 1.0, '_a5_': 1.0, '_a6_': 1.0}};{'d0': 0.024905832919416632};-280.569866449044;34.90235255456598
8756;-105.382580669956;((((pow2((_a4_ + x)) * _a3_) + (_a4_ * _a7_)) * x) * _a7_);{'d0': {'_a3_': 1.568043244744902, '_a4_': 0.3119297078265663, '_a7_': 2.1534870868560927, '_a0_': 1.0, '_a1_': 1.0, '_a2_': 1.0, '_a5_': 1.0, '_a6_': 1.0}};{'d0': 0.024905832919416632};-280.569866449044;34.90235255456598
8757;-105.382580669956;((((pow2((_a4_ + x)) * _a3_) + (_a4_ * _a7_)) * x) * _a7_);{'d0': {'_a3_': 1.568043244744902, '_a4_': 0.3119297078265663, '_a7_': 2.1534870868560927, '_a0_': 1.0, '_a1_': 1.0, '_a2_': 1.0, '_a5_': 1.0, '_a6_': 1.0}};{'d0': 0.024905832919416632};-280.569866449044;34.90235255456598
8758;-105.382580669956;((((pow2((_a4_ + x)) * _a3_) + (_a4_ * _a7_)) * x) * _a7_);{'d0': {'_a3_': 1.568043244744902, '_a4_': 0.3119297078265663, '_a7_': 2.1534870868560927, '_a0_': 1.0, '_a1_': 1.0, '_a2_': 1.0, '_a5_': 1.0, '_a6_': 1.0}};{'d0': 0.024905832919416632};-280.569866449044;34.90235255456598
8759;-105.382580669956;((((pow2((_a4_ + x)) * _a3_) + (_a4_ * _a7_)) * x) * _a7_);{'d0': {'_a3_': 1.568043244744902, '_a4_': 0.3119297078265663, '_a7_': 2.1534870868560927, '_a0_': 1.0, '_a1_': 1.0, '_a2_': 1.0, '_a5_': 1.0, '_a6_': 1.0}};{'d0': 0.024905832919416632};-280.569866449044;34.90235255456598
8760;-110.331920595413;((((pow2((_a4_ + x)) * _a3_) + _a7_) * x) * _a7_);{'d0': {'_a3_': 2.8075640086795675, '_a4_': 0.31192970770951256, '_a7_': 1.2027369161065538, '_a0_': 1.0, '_a1_': 1.0, '_a2_': 1.0, '_a5_': 1.0, '_a6_': 1.0}};{'d0': 0.02490583291941662};-280.569866449044;29.95301262910898
8761;-110.331920595413;((((pow2((_a4_ + x)) * _a3_) + _a7_) * x) * _a7_);{'d0': {'_a3_': 2.8075640086795675, '_a4_': 0.31192970770951256, '_a7_': 1.2027369161065538, '_a0_': 1.0, '_a1_': 1.0, '_a2_': 1.0, '_a5_': 1.0, '_a6_': 1.0}};{'d0': 0.02490583291941662};-280.569866449044;29.95301262910898
8762;-101.702633509696;((x * (_a6_ + pow2(((x + _a6_) * (-(_a5_) * _a2_))))) * _a2_);{'d0': {'_a2_': 4.637506632932575, '_a5_': 0.1840023366712557, '_a6_': 0.31192970782881774, '_a0_': 1.0, '_a1_': 1.0, '_a3_': 1.0, '_a4_': 1.0, '_a7_': 1.0}};{'d0': 0.024905832919416556};-280.569866449044;38.58229971482634
8763;-101.702633509696;((x * (_a6_ + pow2(((x + _a6_) * (-(_a5_) * _a2_))))) * _a2_);{'d0': {'_a2_': 4.637506632932575, '_a5_': 0.1840023366712557, '_a6_': 0.31192970782881774, '_a0_': 1.0, '_a1_': 1.0, '_a3_': 1.0, '_a4_': 1.0, '_a7_': 1.0}};{'d0': 0.024905832919416556};-280.569866449044;38.58229971482634
8764;-101.702633509696;((x * (_a6_ + pow2(((x + _a6_) * (-(_a5_) * _a2_))))) * _a2_);{'d0': {'_a2_': 4.637506632932575, '_a5_': 0.1840023366712557, '_a6_': 0.31192970782881774, '_a0_': 1.0, '_a1_': 1.0, '_a3_': 1.0, '_a4_': 1.0, '_a7_': 1.0}};{'d0': 0.024905832919416556};-280.569866449044;38.58229971482634
8765;-101.702633509696;((x * (_a6_ + pow2(((x + _a6_) * (-(_a5_) * _a2_))))) * _a2_);{'d0': {'_a2_': 4.637506632932575, '_a5_': 0.1840023366712557, '_a6_': 0.31192970782881774, '_a0_': 1.0, '_a1_': 1.0, '_a3_': 1.0, '_a4_': 1.0, '_a7_': 1.0}};{'d0': 0.024905832919416556};-280.569866449044;38.58229971482634
8766;-101.702633509696;((x * (_a6_ + pow2(((x + _a6_) * (-(_a5_) * _a2_))))) * _a2_);{'d0': {'_a2_': 4.637506632932575, '_a5_': 0.1840023366712557, '_a6_': 0.31192970782881774, '_a0_': 1.0, '_a1_': 1.0, '_a3_': 1.0, '_a4_': 1.0, '_a7_': 1.0}};{'d0': 0.024905832919416556};-280.569866449044;38.58229971482634
8767;-101.702633509696;((x * (_a6_ + pow2(((x + _a6_) * (-(_a5_) * _a2_))))) * _a2_);{'d0': {'_a2_': 4.637506632932575, '_a5_': 0.1840023366712557, '_a6_': 0.31192970782881774, '_a0_': 1.0, '_a1_': 1.0, '_a3_': 1.0, '_a4_': 1.0, '_a7_': 1.0}};{'d0': 0.024905832919416556};-280.569866449044;38.58229971482634
8768;-101.702633509696;((x * (_a6_ + pow2(((x + _a6_) * (-(_a5_) * _a2_))))) * _a2_);{'d0': {'_a2_': 4.637506632932575, '_a5_': 0.1840023366712557, '_a6_': 0.31192970782881774, '_a0_': 1.0, '_a1_': 1.0, '_a3_': 1.0, '_a4_': 1.0, '_a7_': 1.0}};{'d0': 0.024905832919416556};-280.569866449044;38.58229971482634
8769;-101.702633509696;((x * (_a6_ + pow2(((x + _a6_) * (-(_a5_) * _a2_))))) * _a2_);{'d0': {'_a2_': 4.637506632932575, '_a5_': 0.1840023366712557, '_a6_': 0.31192970782881774, '_a0_': 1.0, '_a1_': 1.0, '_a3_': 1.0, '_a4_': 1.0, '_a7_': 1.0}};{'d0': 0.024905832919416556};-280.569866449044;38.58229971482634
8770;-101.702633509696;((x * (_a6_ + pow2(((x + _a6_) * (-(_a5_) * _a2_))))) * _a2_);{'d0': {'_a2_': 4.637506632932575, '_a5_': 0.1840023366712557, '_a6_': 0.31192970782881774, '_a0_': 1.0, '_a1_': 1.0, '_a3_': 1.0, '_a4_': 1.0, '_a7_': 1.0}};{'d0': 0.024905832919416556};-280.569866449044;38.58229971482634
8771;-101.702633509696;((x * (_a6_ + pow2(((x + _a6_) * (-(_a5_) * _a2_))))) * _a2_);{'d0': {'_a2_': 4.637506632932575, '_a5_': 0.1840023366712557, '_a6_': 0.31192970782881774, '_a0_': 1.0, '_a1_': 1.0, '_a3_': 1.0, '_a4_': 1.0, '_a7_': 1.0}};{'d0': 0.024905832919416556};-280.569866449044;38.58229971482634
8772;-101.702633509695;((x * (_a6_ + pow2(((x + _a2_) * (-(_a5_) * _a2_))))) * _a2_);{'d0': {'_a2_': 0.3119297078459897, '_a5_': 10.547876740310292, '_a6_': 4.637506634488696, '_a0_': 1.0, '_a1_': 1.0, '_a3_': 1.0, '_a4_': 1.0, '_a7_': 1.0}};{'d0': 0.024905832919416632};-280.569866449044;38.58229971482634
8773;-101.702633509695;((x * (_a6_ + pow2(((x + _a2_) * (-(_a5_) * _a2_))))) * _a2_);{'d0': {'_a2_': 0.3119297078459897, '_a5_': 10.547876740310292, '_a6_': 4.637506634488696, '_a0_': 1.0, '_a1_': 1.0, '_a3_': 1.0, '_a4_': 1.0, '_a7_': 1.0}};{'d0': 0.024905832919416632};-280.569866449044;38.58229971482634
8774;-101.702633509695;((x * (_a6_ + pow2(((x + _a2_) * (-(_a5_) * _a2_))))) * _a2_);{'d0': {'_a2_': 0.3119297078459897, '_a5_': 10.547876740310292, '_a6_': 4.637506634488696, '_a0_': 1.0, '_a1_': 1.0, '_a3_': 1.0, '_a4_': 1.0, '_a7_': 1.0}};{'d0': 0.024905832919416632};-280.569866449044;38.58229971482634
8775;-101.702633509695;((x * (_a6_ + pow2(((x + _a2_) * (-(_a5_) * _a2_))))) * _a2_);{'d0': {'_a2_': 0.3119297078459897, '_a5_': 10.547876740310292, '_a6_': 4.637506634488696, '_a0_': 1.0, '_a1_': 1.0, '_a3_': 1.0, '_a4_': 1.0, '_a7_': 1.0}};{'d0': 0.024905832919416632};-280.569866449044;38.58229971482634
8776;-100.851681668750;((x * (_a6_ + pow2(((x + _a2_) * (-(_a5_) * _a2_))))) / _a2_);{'d0': {'_a2_': 0.3119297077731329, '_a5_': 3.290196110474167, '_a6_': 0.45123005682207773, '_a0_': 1.0, '_a1_': 1.0, '_a3_': 1.0, '_a4_': 1.0, '_a7_': 1.0}};{'d0': 0.024905832919416608};-280.569866449044;39.43325155577174
8777;-100.851681668750;((x * (_a6_ + pow2(((x + _a2_) * (-(_a5_) * _a2_))))) / _a2_);{'d0': {'_a2_': 0.3119297077731329, '_a5_': 3.290196110474167, '_a6_': 0.45123005682207773, '_a0_': 1.0, '_a1_': 1.0, '_a3_': 1.0, '_a4_': 1.0, '_a7_': 1.0}};{'d0': 0.024905832919416608};-280.569866449044;39.43325155577174
8778;-100.851681668750;((x * (_a6_ + pow2(((x + _a2_) * (-(_a5_) * _a2_))))) / _a2_);{'d0': {'_a2_': 0.3119297077731329, '_a5_': 3.290196110474167, '_a6_': 0.45123005682207773, '_a0_': 1.0, '_a1_': 1.0, '_a3_': 1.0, '_a4_': 1.0, '_a7_': 1.0}};{'d0': 0.024905832919416608};-280.569866449044;39.43325155577174
8779;-99.8080632588550;((x * (_a6_ + pow2(((x + _a2_) * (-(_a5_) + _a2_))))) / _a2_);{'d0': {'_a2_': 0.3119297078094213, '_a5_': 1.338239619365418, '_a6_': 0.4512300568891196, '_a0_': 1.0, '_a1_': 1.0, '_a3_': 1.0, '_a4_': 1.0, '_a7_': 1.0}};{'d0': 0.02490583291941664};-280.569866449044;40.47686996566674
8780;-99.8080632588550;((x * (_a6_ + pow2(((x + _a2_) * (-(_a5_) + _a2_))))) / _a2_);{'d0': {'_a2_': 0.3119297078094213, '_a5_': 1.338239619365418, '_a6_': 0.4512300568891196, '_a0_': 1.0, '_a1_': 1.0, '_a3_': 1.0, '_a4_': 1.0, '_a7_': 1.0}};{'d0': 0.02490583291941664};-280.569866449044;40.47686996566674
8781;-99.8080632588550;((x * (_a6_ + pow2(((x + _a2_) * (-(_a5_) + _a2_))))) / _a2_);{'d0': {'_a2_': 0.3119297078094213, '_a5_': 1.338239619365418, '_a6_': 0.4512300568891196, '_a0_': 1.0, '_a1_': 1.0, '_a3_': 1.0, '_a4_': 1.0, '_a7_': 1.0}};{'d0': 0.02490583291941664};-280.569866449044;40.47686996566674
8782;-99.8080632588550;((x * (_a6_ + pow2(((x + _a2_) * (-(_a5_) + _a2_))))) / _a2_);{'d0': {'_a2_': 0.3119297078094213, '_a5_': 1.338239619365418, '_a6_': 0.4512300568891196, '_a0_': 1.0, '_a1_': 1.0, '_a3_': 1.0, '_a4_': 1.0, '_a7_': 1.0}};{'d0': 0.02490583291941664};-280.569866449044;40.47686996566674
8783;-99.8080632588550;((x * (_a6_ + pow2(((x + _a2_) * (-(_a5_) + _a2_))))) / _a2_);{'d0': {'_a2_': 0.3119297078094213, '_a5_': 1.338239619365418, '_a6_': 0.4512300568891196, '_a0_': 1.0, '_a1_': 1.0, '_a3_': 1.0, '_a4_': 1.0, '_a7_': 1.0}};{'d0': 0.02490583291941664};-280.569866449044;40.47686996566674
8784;-99.8080632588550;((x * (_a6_ + pow2(((x + _a2_) * (-(_a5_) + _a2_))))) / _a2_);{'d0': {'_a2_': 0.3119297078094213, '_a5_': 1.338239619365418, '_a6_': 0.4512300568891196, '_a0_': 1.0, '_a1_': 1.0, '_a3_': 1.0, '_a4_': 1.0, '_a7_': 1.0}};{'d0': 0.02490583291941664};-280.569866449044;40.47686996566674
8785;-99.8080632588550;((x * (_a6_ + pow2(((x + _a2_) * (-(_a5_) + _a2_))))) / _a2_);{'d0': {'_a2_': 0.3119297078094213, '_a5_': 1.338239619365418, '_a6_': 0.4512300568891196, '_a0_': 1.0, '_a1_': 1.0, '_a3_': 1.0, '_a4_': 1.0, '_a7_': 1.0}};{'d0': 0.02490583291941664};-280.569866449044;40.47686996566674
8786;-99.8080632588550;((x * (_a6_ + pow2(((x + _a2_) * (-(_a5_) + _a2_))))) / _a2_);{'d0': {'_a2_': 0.3119297078094213, '_a5_': 1.338239619365418, '_a6_': 0.4512300568891196, '_a0_': 1.0, '_a1_': 1.0, '_a3_': 1.0, '_a4_': 1.0, '_a7_': 1.0}};{'d0': 0.02490583291941664};-280.569866449044;40.47686996566674
8787;-99.8080632588550;((x * (_a6_ + pow2(((x + _a2_) * (-(_a5_) + _a2_))))) / _a2_);{'d0': {'_a2_': 0.3119297078094213, '_a5_': 1.338239619365418, '_a6_': 0.4512300568891196, '_a0_': 1.0, '_a1_': 1.0, '_a3_': 1.0, '_a4_': 1.0, '_a7_': 1.0}};{'d0': 0.02490583291941664};-280.569866449044;40.47686996566674
8788;-99.8080632588550;((x * (_a6_ + pow2(((x + _a2_) * (-(_a5_) + _a2_))))) / _a2_);{'d0': {'_a2_': 0.3119297078094213, '_a5_': 1.338239619365418, '_a6_': 0.4512300568891196, '_a0_': 1.0, '_a1_': 1.0, '_a3_': 1.0, '_a4_': 1.0, '_a7_': 1.0}};{'d0': 0.02490583291941664};-280.569866449044;40.47686996566674
8789;-99.8080632588550;((x * (_a6_ + pow2(((x + _a2_) * (-(_a5_) + _a2_))))) / _a2_);{'d0': {'_a2_': 0.3119297078094213, '_a5_': 1.338239619365418, '_a6_': 0.4512300568891196, '_a0_': 1.0, '_a1_': 1.0, '_a3_': 1.0, '_a4_': 1.0, '_a7_': 1.0}};{'d0': 0.02490583291941664};-280.569866449044;40.47686996566674
8790;-99.8080632588550;((x * (_a6_ + pow2(((x + _a2_) * (-(_a5_) + _a2_))))) / _a2_);{'d0': {'_a2_': 0.3119297078094213, '_a5_': 1.338239619365418, '_a6_': 0.4512300568891196, '_a0_': 1.0, '_a1_': 1.0, '_a3_': 1.0, '_a4_': 1.0, '_a7_': 1.0}};{'d0': 0.02490583291941664};-280.569866449044;40.47686996566674
8791;-99.8080632588550;((x * (_a6_ + pow2(((x + _a2_) * (-(_a5_) + _a2_))))) / _a2_);{'d0': {'_a2_': 0.3119297078094213, '_a5_': 1.338239619365418, '_a6_': 0.4512300568891196, '_a0_': 1.0, '_a1_': 1.0, '_a3_': 1.0, '_a4_': 1.0, '_a7_': 1.0}};{'d0': 0.02490583291941664};-280.569866449044;40.47686996566674
8792;-110.331920595413;((((pow2((_a4_ + x)) * _a3_) + _a7_) * x) * _a7_);{'d0': {'_a3_': 2.8075640086795675, '_a4_': 0.31192970770951256, '_a7_': 1.2027369161065538, '_a0_': 1.0, '_a1_': 1.0, '_a2_': 1.0, '_a5_': 1.0, '_a6_': 1.0}};{'d0': 0.02490583291941662};-280.569866449044;29.95301262910898
8793;-110.331920595413;((((pow2((_a4_ + x)) * _a3_) + _a7_) * x) * _a7_);{'d0': {'_a3_': 2.8075640086795675, '_a4_': 0.31192970770951256, '_a7_': 1.2027369161065538, '_a0_': 1.0, '_a1_': 1.0, '_a2_': 1.0, '_a5_': 1.0, '_a6_': 1.0}};{'d0': 0.02490583291941662};-280.569866449044;29.95301262910898
8794;-110.331920595413;((((pow2((_a4_ + x)) * _a3_) + _a7_) * x) * _a7_);{'d0': {'_a3_': 2.8075640086795675, '_a4_': 0.31192970770951256, '_a7_': 1.2027369161065538, '_a0_': 1.0, '_a1_': 1.0, '_a2_': 1.0, '_a5_': 1.0, '_a6_': 1.0}};{'d0': 0.02490583291941662};-280.569866449044;29.95301262910898
8795;-110.331920595413;((((pow2((_a4_ + x)) * _a3_) + _a7_) * x) * _a7_);{'d0': {'_a3_': 2.8075640086795675, '_a4_': 0.31192970770951256, '_a7_': 1.2027369161065538, '_a0_': 1.0, '_a1_': 1.0, '_a2_': 1.0, '_a5_': 1.0, '_a6_': 1.0}};{'d0': 0.02490583291941662};-280.569866449044;29.95301262910898
8796;-110.331920595413;((((pow2((_a4_ + x)) * _a3_) + _a7_) * x) * _a7_);{'d0': {'_a3_': 2.8075640086795675, '_a4_': 0.31192970770951256, '_a7_': 1.2027369161065538, '_a0_': 1.0, '_a1_': 1.0, '_a2_': 1.0, '_a5_': 1.0, '_a6_': 1.0}};{'d0': 0.02490583291941662};-280.569866449044;29.95301262910898
8797;-110.331920595413;((((pow2((_a4_ + x)) * _a3_) + _a7_) * x) * _a7_);{'d0': {'_a3_': 2.8075640086795675, '_a4_': 0.31192970770951256, '_a7_': 1.2027369161065538, '_a0_': 1.0, '_a1_': 1.0, '_a2_': 1.0, '_a5_': 1.0, '_a6_': 1.0}};{'d0': 0.02490583291941662};-280.569866449044;29.95301262910898
8798;-110.331920595413;((((pow2((_a4_ + x)) * _a3_) + _a7_) * x) * _a7_);{'d0': {'_a3_': 2.8075640086795675, '_a4_': 0.31192970770951256, '_a7_': 1.2027369161065538, '_a0_': 1.0, '_a1_': 1.0, '_a2_': 1.0, '_a5_': 1.0, '_a6_': 1.0}};{'d0': 0.02490583291941662};-280.569866449044;29.95301262910898
8799;-110.331920595413;((((pow2((_a4_ + x)) * _a3_) + _a7_) * x) * _a7_);{'d0': {'_a3_': 2.8075640086795675, '_a4_': 0.31192970770951256, '_a7_': 1.2027369161065538, '_a0_': 1.0, '_a1_': 1.0, '_a2_': 1.0, '_a5_': 1.0, '_a6_': 1.0}};{'d0': 0.02490583291941662};-280.569866449044;29.95301262910898
8800;-110.331920595413;((((pow2((_a4_ + x)) * _a3_) + _a7_) * x) * _a7_);{'d0': {'_a3_': 2.8075640086795675, '_a4_': 0.31192970770951256, '_a7_': 1.2027369161065538, '_a0_': 1.0, '_a1_': 1.0, '_a2_': 1.0, '_a5_': 1.0, '_a6_': 1.0}};{'d0': 0.02490583291941662};-280.569866449044;29.95301262910898
8801;-110.331920595413;((((pow2((_a4_ + x)) * _a3_) + _a7_) * x) * _a7_);{'d0': {'_a3_': 2.8075640086795675, '_a4_': 0.31192970770951256, '_a7_': 1.2027369161065538, '_a0_': 1.0, '_a1_': 1.0, '_a2_': 1.0, '_a5_': 1.0, '_a6_': 1.0}};{'d0': 0.02490583291941662};-280.569866449044;29.95301262910898
8802;-110.331920595413;((((pow2((_a4_ + x)) * _a3_) + _a7_) * x) * _a7_);{'d0': {'_a3_': 2.8075640086795675, '_a4_': 0.31192970770951256, '_a7_': 1.2027369161065538, '_a0_': 1.0, '_a1_': 1.0, '_a2_': 1.0, '_a5_': 1.0, '_a6_': 1.0}};{'d0': 0.02490583291941662};-280.569866449044;29.95301262910898
8803;-99.8080632588551;((x * (_a6_ + pow2(((x + _a2_) * (-(_a1_) + _a2_))))) / _a2_);{'d0': {'_a1_': 1.3382396192474655, '_a2_': 0.31192970791640834, '_a6_': 0.45123005725772686, '_a0_': 1.0, '_a3_': 1.0, '_a4_': 1.0, '_a5_': 1.0, '_a7_': 1.0}};{'d0': 0.024905832919416594};-280.569866449044;40.47686996566674
8804;-99.8080632588551;((x * (_a6_ + pow2(((x + _a2_) * (-(_a1_) + _a2_))))) / _a2_);{'d0': {'_a1_': 1.3382396192474655, '_a2_': 0.31192970791640834, '_a6_': 0.45123005725772686, '_a0_': 1.0, '_a3_': 1.0, '_a4_': 1.0, '_a5_': 1.0, '_a7_': 1.0}};{'d0': 0.024905832919416594};-280.569866449044;40.47686996566674
8805;-99.8080632588551;((x * (_a6_ + pow2(((x + _a2_) * (-(_a1_) + _a2_))))) / _a2_);{'d0': {'_a1_': 1.3382396192474655, '_a2_': 0.31192970791640834, '_a6_': 0.45123005725772686, '_a0_': 1.0, '_a3_': 1.0, '_a4_': 1.0, '_a5_': 1.0, '_a7_': 1.0}};{'d0': 0.024905832919416594};-280.569866449044;40.47686996566674
8806;-99.8080632588551;((x * (_a6_ + pow2(((x + _a2_) * (-(_a1_) + _a2_))))) / _a2_);{'d0': {'_a1_': 1.3382396192474655, '_a2_': 0.31192970791640834, '_a6_': 0.45123005725772686, '_a0_': 1.0, '_a3_': 1.0, '_a4_': 1.0, '_a5_': 1.0, '_a7_': 1.0}};{'d0': 0.024905832919416594};-280.569866449044;40.47686996566674
8807;-99.8080632588551;((x * (_a6_ + pow2(((x + _a2_) * (-(_a1_) + _a2_))))) / _a2_);{'d0': {'_a1_': 1.3382396192474655, '_a2_': 0.31192970791640834, '_a6_': 0.45123005725772686, '_a0_': 1.0, '_a3_': 1.0, '_a4_': 1.0, '_a5_': 1.0, '_a7_': 1.0}};{'d0': 0.024905832919416594};-280.569866449044;40.47686996566674
8808;-99.8080632588551;((x * (_a6_ + pow2(((x + _a2_) * (-(_a1_) + _a2_))))) / _a2_);{'d0': {'_a1_': 1.3382396192474655, '_a2_': 0.31192970791640834, '_a6_': 0.45123005725772686, '_a0_': 1.0, '_a3_': 1.0, '_a4_': 1.0, '_a5_': 1.0, '_a7_': 1.0}};{'d0': 0.024905832919416594};-280.569866449044;40.47686996566674
8809;-99.8080632588551;((x * (_a6_ + pow2(((x + _a2_) * (-(_a1_) + _a2_))))) / _a2_);{'d0': {'_a1_': 1.3382396192474655, '_a2_': 0.31192970791640834, '_a6_': 0.45123005725772686, '_a0_': 1.0, '_a3_': 1.0, '_a4_': 1.0, '_a5_': 1.0, '_a7_': 1.0}};{'d0': 0.024905832919416594};-280.569866449044;40.47686996566674
8810;-99.8080632588551;((x * (_a6_ + pow2(((x + _a2_) * (-(_a1_) + _a2_))))) / _a2_);{'d0': {'_a1_': 1.3382396192474655, '_a2_': 0.31192970791640834, '_a6_': 0.45123005725772686, '_a0_': 1.0, '_a3_': 1.0, '_a4_': 1.0, '_a5_': 1.0, '_a7_': 1.0}};{'d0': 0.024905832919416594};-280.569866449044;40.47686996566674
8811;-99.8080632588551;((x * (_a6_ + pow2(((x + _a2_) * (-(_a1_) + _a2_))))) / _a2_);{'d0': {'_a1_': 1.3382396192474655, '_a2_': 0.31192970791640834, '_a6_': 0.45123005725772686, '_a0_': 1.0, '_a3_': 1.0, '_a4_': 1.0, '_a5_': 1.0, '_a7_': 1.0}};{'d0': 0.024905832919416594};-280.569866449044;40.47686996566674
8812;-99.8080632588551;((x * (_a6_ + pow2(((x + _a2_) * (-(_a1_) + _a2_))))) / _a2_);{'d0': {'_a1_': 1.3382396192474655, '_a2_': 0.31192970791640834, '_a6_': 0.45123005725772686, '_a0_': 1.0, '_a3_': 1.0, '_a4_': 1.0, '_a5_': 1.0, '_a7_': 1.0}};{'d0': 0.024905832919416594};-280.569866449044;40.47686996566674
8813;-99.8080632588551;((x * (_a6_ + pow2(((x + _a2_) * (-(_a1_) + _a2_))))) / _a2_);{'d0': {'_a1_': 1.3382396192474655, '_a2_': 0.31192970791640834, '_a6_': 0.45123005725772686, '_a0_': 1.0, '_a3_': 1.0, '_a4_': 1.0, '_a5_': 1.0, '_a7_': 1.0}};{'d0': 0.024905832919416594};-280.569866449044;40.47686996566674
8814;-99.8080632588551;((x * (_a6_ + pow2(((x + _a2_) * (-(_a1_) + _a2_))))) / _a2_);{'d0': {'_a1_': 1.3382396192474655, '_a2_': 0.31192970791640834, '_a6_': 0.45123005725772686, '_a0_': 1.0, '_a3_': 1.0, '_a4_': 1.0, '_a5_': 1.0, '_a7_': 1.0}};{'d0': 0.024905832919416594};-280.569866449044;40.47686996566674
8815;-99.8080632588551;((x * (_a6_ + pow2(((x + _a2_) * (-(_a1_) + _a2_))))) / _a2_);{'d0': {'_a1_': 1.3382396192474655, '_a2_': 0.31192970791640834, '_a6_': 0.45123005725772686, '_a0_': 1.0, '_a3_': 1.0, '_a4_': 1.0, '_a5_': 1.0, '_a7_': 1.0}};{'d0': 0.024905832919416594};-280.569866449044;40.47686996566674
8816;-99.8080632588551;((x * (_a6_ + pow2(((x + _a2_) * (-(_a1_) + _a2_))))) / _a2_);{'d0': {'_a1_': 1.3382396192474655, '_a2_': 0.31192970791640834, '_a6_': 0.45123005725772686, '_a0_': 1.0, '_a3_': 1.0, '_a4_': 1.0, '_a5_': 1.0, '_a7_': 1.0}};{'d0': 0.024905832919416594};-280.569866449044;40.47686996566674
8817;-99.8080632588551;((x * (_a6_ + pow2(((x + _a2_) * (-(_a1_) + _a2_))))) / _a2_);{'d0': {'_a1_': 1.3382396192474655, '_a2_': 0.31192970791640834, '_a6_': 0.45123005725772686, '_a0_': 1.0, '_a3_': 1.0, '_a4_': 1.0, '_a5_': 1.0, '_a7_': 1.0}};{'d0': 0.024905832919416594};-280.569866449044;40.47686996566674
8818;-99.8080632588549;((x * (_a6_ + pow2(((x + _a2_) * (-(_a1_) + _a6_))))) / _a2_);{'d0': {'_a1_': 1.4775399678207473, '_a2_': 0.3119297077000353, '_a6_': 0.45123005661642973, '_a0_': 1.0, '_a3_': 1.0, '_a4_': 1.0, '_a5_': 1.0, '_a7_': 1.0}};{'d0': 0.024905832919416757};-280.569866449043;40.47686996566674
8819;-99.8080632588549;((x * (_a6_ + pow2(((x + _a2_) * (-(_a1_) + _a6_))))) / _a2_);{'d0': {'_a1_': 1.4775399678207473, '_a2_': 0.3119297077000353, '_a6_': 0.45123005661642973, '_a0_': 1.0, '_a3_': 1.0, '_a4_': 1.0, '_a5_': 1.0, '_a7_': 1.0}};{'d0': 0.024905832919416757};-280.569866449043;40.47686996566674
8820;-105.608355025258;(x * (_a6_ + pow2(((x + _a2_) * (-(_a1_) + _a6_)))));{'d0': {'_a1_': 3.284172584284019, '_a2_': 0.311929707826564, '_a6_': 1.4465760890656365, '_a0_': 1.0, '_a3_': 1.0, '_a4_': 1.0, '_a5_': 1.0, '_a7_': 1.0}};{'d0': 0.02490583291941655};-280.569866449044;34.676578199264334
8821;-105.608355025258;(x * (_a6_ + pow2(((x + _a2_) * (-(_a1_) + _a6_)))));{'d0': {'_a1_': 3.284172584284019, '_a2_': 0.311929707826564, '_a6_': 1.4465760890656365, '_a0_': 1.0, '_a3_': 1.0, '_a4_': 1.0, '_a5_': 1.0, '_a7_': 1.0}};{'d0': 0.02490583291941655};-280.569866449044;34.676578199264334
8822;-101.345051708604;((_a3_ + pow2((_a5_ + x))) * (_a2_ + ((_a2_ + _a0_) * x)));{'d0': {'_a0_': 3.384468711427319, '_a2_': -0.0019507156575222632, '_a3_': 0.42731895360045224, '_a5_': 0.3125639269177678, '_a1_': 1.0, '_a4_': 1.0, '_a6_': 1.0, '_a7_': 1.0}};{'d0': 0.024885482501882033};-276.524567593276;36.91723208803406
8823;-96.4680690694376;((_a3_ + pow2(((_a0_ * _a4_) + x))) * (_a2_ + ((_a2_ + _a0_) * x)));{'d0': {'_a0_': 3.384468573342921, '_a2_': -0.0019506812963799483, '_a3_': 0.4273189729672521, '_a4_': 0.09235243556028662, '_a1_': 1.0, '_a5_': 1.0, '_a6_': 1.0, '_a7_': 1.0}};{'d0': 0.024885482501907863};-276.524567593214;41.79421472716906
8824;-96.4680690694376;((_a3_ + pow2(((_a0_ * _a4_) + x))) * (_a2_ + ((_a2_ + _a0_) * x)));{'d0': {'_a0_': 3.384468573342921, '_a2_': -0.0019506812963799483, '_a3_': 0.4273189729672521, '_a4_': 0.09235243556028662, '_a1_': 1.0, '_a5_': 1.0, '_a6_': 1.0, '_a7_': 1.0}};{'d0': 0.024885482501907863};-276.524567593214;41.79421472716906
8825;-95.5447599421591;((_a3_ + pow2(((_a0_ / _a4_) + x))) * (_a2_ + ((_a2_ + _a0_) * x)));{'d0': {'_a0_': 3.384469303870532, '_a2_': -0.001950866078281939, '_a3_': 0.4273188714393324, '_a4_': 10.828085023534577, '_a1_': 1.0, '_a5_': 1.0, '_a6_': 1.0, '_a7_': 1.0}};{'d0': 0.02488548250191714};-276.524567593191;42.717523854436465
8826;-95.5447599421591;((_a3_ + pow2(((_a0_ / _a4_) + x))) * (_a2_ + ((_a2_ + _a0_) * x)));{'d0': {'_a0_': 3.384469303870532, '_a2_': -0.001950866078281939, '_a3_': 0.4273188714393324, '_a4_': 10.828085023534577, '_a1_': 1.0, '_a5_': 1.0, '_a6_': 1.0, '_a7_': 1.0}};{'d0': 0.02488548250191714};-276.524567593191;42.717523854436465
8827;-95.5447599421591;((_a3_ + pow2(((_a0_ / _a4_) + x))) * (_a2_ + ((_a2_ + _a0_) * x)));{'d0': {'_a0_': 3.384469303870532, '_a2_': -0.001950866078281939, '_a3_': 0.4273188714393324, '_a4_': 10.828085023534577, '_a1_': 1.0, '_a5_': 1.0, '_a6_': 1.0, '_a7_': 1.0}};{'d0': 0.02488548250191714};-276.524567593191;42.717523854436465
8828;-95.5447599421591;((_a3_ + pow2(((_a0_ / _a4_) + x))) * (_a2_ + ((_a2_ + _a0_) * x)));{'d0': {'_a0_': 3.384469303870532, '_a2_': -0.001950866078281939, '_a3_': 0.4273188714393324, '_a4_': 10.828085023534577, '_a1_': 1.0, '_a5_': 1.0, '_a6_': 1.0, '_a7_': 1.0}};{'d0': 0.02488548250191714};-276.524567593191;42.717523854436465
8829;-95.5447599421591;((_a3_ + pow2(((_a0_ / _a4_) + x))) * (_a2_ + ((_a2_ + _a0_) * x)));{'d0': {'_a0_': 3.384469303870532, '_a2_': -0.001950866078281939, '_a3_': 0.4273188714393324, '_a4_': 10.828085023534577, '_a1_': 1.0, '_a5_': 1.0, '_a6_': 1.0, '_a7_': 1.0}};{'d0': 0.02488548250191714};-276.524567593191;42.717523854436465
8830;-96.4680690694376;((_a3_ + pow2(((_a0_ * _a4_) + x))) * (_a2_ + ((_a2_ + _a0_) * x)));{'d0': {'_a0_': 3.384468573342921, '_a2_': -0.0019506812963799483, '_a3_': 0.4273189729672521, '_a4_': 0.09235243556028662, '_a1_': 1.0, '_a5_': 1.0, '_a6_': 1.0, '_a7_': 1.0}};{'d0': 0.024885482501907863};-276.524567593214;41.79421472716906
8831;-96.4680690694376;((_a3_ + pow2(((_a0_ * _a4_) + x))) * (_a2_ + ((_a2_ + _a0_) * x)));{'d0': {'_a0_': 3.384468573342921, '_a2_': -0.0019506812963799483, '_a3_': 0.4273189729672521, '_a4_': 0.09235243556028662, '_a1_': 1.0, '_a5_': 1.0, '_a6_': 1.0, '_a7_': 1.0}};{'d0': 0.024885482501907863};-276.524567593214;41.79421472716906
8832;-96.4680690694376;((_a3_ + pow2(((_a0_ * _a4_) + x))) * (_a2_ + ((_a2_ + _a0_) * x)));{'d0': {'_a0_': 3.384468573342921, '_a2_': -0.0019506812963799483, '_a3_': 0.4273189729672521, '_a4_': 0.09235243556028662, '_a1_': 1.0, '_a5_': 1.0, '_a6_': 1.0, '_a7_': 1.0}};{'d0': 0.024885482501907863};-276.524567593214;41.79421472716906
8833;-101.345051708604;((_a3_ + pow2((_a5_ + x))) * (_a2_ + ((_a2_ + _a0_) * x)));{'d0': {'_a0_': 3.384468711427319, '_a2_': -0.0019507156575222632, '_a3_': 0.42731895360045224, '_a5_': 0.3125639269177678, '_a1_': 1.0, '_a4_': 1.0, '_a6_': 1.0, '_a7_': 1.0}};{'d0': 0.024885482501882033};-276.524567593276;36.91723208803406
8834;-110.331920595413;(x * (_a6_ + pow2(((x + _a0_) * (_a2_ * _a6_)))));{'d0': {'_a0_': 0.31192970782337737, '_a2_': 1.2703075265272763, '_a6_': 1.4465760898480926, '_a1_': 1.0, '_a3_': 1.0, '_a4_': 1.0, '_a5_': 1.0, '_a7_': 1.0}};{'d0': 0.024905832919416608};-280.569866449044;29.953012629108944
8835;-110.331920595413;(x * (_a6_ + pow2(((x + _a0_) * (_a2_ * _a6_)))));{'d0': {'_a0_': 0.31192970782337737, '_a2_': 1.2703075265272763, '_a6_': 1.4465760898480926, '_a1_': 1.0, '_a3_': 1.0, '_a4_': 1.0, '_a5_': 1.0, '_a7_': 1.0}};{'d0': 0.024905832919416608};-280.569866449044;29.953012629108944
8836;-110.331920595413;(x * (_a6_ + pow2(((x + _a0_) * (_a2_ * _a6_)))));{'d0': {'_a0_': 0.31192970782337737, '_a2_': 1.2703075265272763, '_a6_': 1.4465760898480926, '_a1_': 1.0, '_a3_': 1.0, '_a4_': 1.0, '_a5_': 1.0, '_a7_': 1.0}};{'d0': 0.024905832919416608};-280.569866449044;29.953012629108944
8837;-110.331920595413;(x * (_a6_ + pow2(((x + _a0_) * (_a2_ * _a6_)))));{'d0': {'_a0_': 0.31192970782337737, '_a2_': 1.2703075265272763, '_a6_': 1.4465760898480926, '_a1_': 1.0, '_a3_': 1.0, '_a4_': 1.0, '_a5_': 1.0, '_a7_': 1.0}};{'d0': 0.024905832919416608};-280.569866449044;29.953012629108944
8838;-110.331920595413;(x * (_a6_ + pow2(((x + _a0_) * (_a2_ * _a6_)))));{'d0': {'_a0_': 0.31192970782337737, '_a2_': 1.2703075265272763, '_a6_': 1.4465760898480926, '_a1_': 1.0, '_a3_': 1.0, '_a4_': 1.0, '_a5_': 1.0, '_a7_': 1.0}};{'d0': 0.024905832919416608};-280.569866449044;29.953012629108944
8839;-110.331920595413;(x * (_a6_ + pow2(((x + _a0_) * (_a2_ * _a6_)))));{'d0': {'_a0_': 0.31192970782337737, '_a2_': 1.2703075265272763, '_a6_': 1.4465760898480926, '_a1_': 1.0, '_a3_': 1.0, '_a4_': 1.0, '_a5_': 1.0, '_a7_': 1.0}};{'d0': 0.024905832919416608};-280.569866449044;29.953012629108944
8840;-110.331920595413;(x * (_a6_ + pow2(((x + _a0_) * (_a2_ * _a6_)))));{'d0': {'_a0_': 0.31192970782337737, '_a2_': 1.2703075265272763, '_a6_': 1.4465760898480926, '_a1_': 1.0, '_a3_': 1.0, '_a4_': 1.0, '_a5_': 1.0, '_a7_': 1.0}};{'d0': 0.024905832919416608};-280.569866449044;29.953012629108944
8841;-110.331920595413;(x * (_a6_ + pow2(((x + _a0_) * (_a2_ * _a6_)))));{'d0': {'_a0_': 0.31192970782337737, '_a2_': 1.2703075265272763, '_a6_': 1.4465760898480926, '_a1_': 1.0, '_a3_': 1.0, '_a4_': 1.0, '_a5_': 1.0, '_a7_': 1.0}};{'d0': 0.024905832919416608};-280.569866449044;29.953012629108944
8842;-110.331920595413;(x * (_a6_ + pow2(((x + _a0_) * (_a2_ * _a6_)))));{'d0': {'_a0_': 0.31192970782337737, '_a2_': 1.2703075265272763, '_a6_': 1.4465760898480926, '_a1_': 1.0, '_a3_': 1.0, '_a4_': 1.0, '_a5_': 1.0, '_a7_': 1.0}};{'d0': 0.024905832919416608};-280.569866449044;29.953012629108944
8843;-110.331920595413;(x * (_a6_ + pow2(((x + _a0_) * (_a2_ * _a6_)))));{'d0': {'_a0_': 0.31192970782337737, '_a2_': 1.2703075265272763, '_a6_': 1.4465760898480926, '_a1_': 1.0, '_a3_': 1.0, '_a4_': 1.0, '_a5_': 1.0, '_a7_': 1.0}};{'d0': 0.024905832919416608};-280.569866449044;29.953012629108944
8844;-110.331920595413;(x * (_a6_ + pow2(((x + _a0_) * (_a2_ * _a6_)))));{'d0': {'_a0_': 0.31192970782337737, '_a2_': 1.2703075265272763, '_a6_': 1.4465760898480926, '_a1_': 1.0, '_a3_': 1.0, '_a4_': 1.0, '_a5_': 1.0, '_a7_': 1.0}};{'d0': 0.024905832919416608};-280.569866449044;29.953012629108944
8845;-110.331920595413;(x * (_a6_ + pow2(((x + _a0_) * (_a2_ * _a6_)))));{'d0': {'_a0_': 0.31192970782337737, '_a2_': 1.2703075265272763, '_a6_': 1.4465760898480926, '_a1_': 1.0, '_a3_': 1.0, '_a4_': 1.0, '_a5_': 1.0, '_a7_': 1.0}};{'d0': 0.024905832919416608};-280.569866449044;29.953012629108944
8846;-110.331920595413;(x * (_a6_ + pow2(((x + _a0_) * (_a2_ * _a6_)))));{'d0': {'_a0_': 0.31192970782337737, '_a2_': 1.2703075265272763, '_a6_': 1.4465760898480926, '_a1_': 1.0, '_a3_': 1.0, '_a4_': 1.0, '_a5_': 1.0, '_a7_': 1.0}};{'d0': 0.024905832919416608};-280.569866449044;29.953012629108944
8847;-110.331920595413;(x * (_a6_ + pow2(((x + _a0_) * (_a2_ * _a6_)))));{'d0': {'_a0_': 0.31192970782337737, '_a2_': 1.2703075265272763, '_a6_': 1.4465760898480926, '_a1_': 1.0, '_a3_': 1.0, '_a4_': 1.0, '_a5_': 1.0, '_a7_': 1.0}};{'d0': 0.024905832919416608};-280.569866449044;29.953012629108944
8848;-110.331920595413;(x * (_a6_ + pow2(((x + _a0_) * (_a2_ * _a6_)))));{'d0': {'_a0_': 0.31192970782337737, '_a2_': 1.2703075265272763, '_a6_': 1.4465760898480926, '_a1_': 1.0, '_a3_': 1.0, '_a4_': 1.0, '_a5_': 1.0, '_a7_': 1.0}};{'d0': 0.024905832919416608};-280.569866449044;29.953012629108944
8849;-110.331920595413;(x * (_a6_ + pow2(((x + _a0_) * (_a2_ * _a6_)))));{'d0': {'_a0_': 0.31192970782337737, '_a2_': 1.2703075265272763, '_a6_': 1.4465760898480926, '_a1_': 1.0, '_a3_': 1.0, '_a4_': 1.0, '_a5_': 1.0, '_a7_': 1.0}};{'d0': 0.024905832919416608};-280.569866449044;29.953012629108944
8850;-110.331920595413;(x * (_a6_ + pow2(((x + _a0_) * (_a2_ * _a6_)))));{'d0': {'_a0_': 0.31192970782337737, '_a2_': 1.2703075265272763, '_a6_': 1.4465760898480926, '_a1_': 1.0, '_a3_': 1.0, '_a4_': 1.0, '_a5_': 1.0, '_a7_': 1.0}};{'d0': 0.024905832919416608};-280.569866449044;29.953012629108944
8851;-110.331920595413;(x * (_a6_ + pow2(((x + _a0_) * (_a2_ * _a6_)))));{'d0': {'_a0_': 0.31192970782337737, '_a2_': 1.2703075265272763, '_a6_': 1.4465760898480926, '_a1_': 1.0, '_a3_': 1.0, '_a4_': 1.0, '_a5_': 1.0, '_a7_': 1.0}};{'d0': 0.024905832919416608};-280.569866449044;29.953012629108944
8852;-110.331920595413;(x * (_a6_ + pow2(((x + _a0_) * (_a2_ * _a6_)))));{'d0': {'_a0_': 0.31192970782337737, '_a2_': 1.2703075265272763, '_a6_': 1.4465760898480926, '_a1_': 1.0, '_a3_': 1.0, '_a4_': 1.0, '_a5_': 1.0, '_a7_': 1.0}};{'d0': 0.024905832919416608};-280.569866449044;29.953012629108944
8853;-110.331920595413;(x * (_a6_ + pow2(((x + _a0_) * (_a2_ * _a6_)))));{'d0': {'_a0_': 0.31192970782337737, '_a2_': 1.2703075265272763, '_a6_': 1.4465760898480926, '_a1_': 1.0, '_a3_': 1.0, '_a4_': 1.0, '_a5_': 1.0, '_a7_': 1.0}};{'d0': 0.024905832919416608};-280.569866449044;29.953012629108944
8854;-109.408611468145;(x * (_a6_ + pow2(((x + _a0_) / (_a2_ * _a6_)))));{'d0': {'_a0_': 0.31192970768070816, '_a2_': 0.3761911409690829, '_a6_': 1.4465760886450396, '_a1_': 1.0, '_a3_': 1.0, '_a4_': 1.0, '_a5_': 1.0, '_a7_': 1.0}};{'d0': 0.0249058329194166};-280.569866449044;30.876321756376342
8855;-109.408611468145;(x * (_a6_ + pow2(((x + _a0_) / (_a2_ * _a6_)))));{'d0': {'_a0_': 0.31192970768070816, '_a2_': 0.3761911409690829, '_a6_': 1.4465760886450396, '_a1_': 1.0, '_a3_': 1.0, '_a4_': 1.0, '_a5_': 1.0, '_a7_': 1.0}};{'d0': 0.0249058329194166};-280.569866449044;30.876321756376342
8856;-109.408611468145;(x * (_a6_ + pow2(((x + _a0_) / (_a2_ * _a6_)))));{'d0': {'_a0_': 0.31192970768070816, '_a2_': 0.3761911409690829, '_a6_': 1.4465760886450396, '_a1_': 1.0, '_a3_': 1.0, '_a4_': 1.0, '_a5_': 1.0, '_a7_': 1.0}};{'d0': 0.0249058329194166};-280.569866449044;30.876321756376342
8857;-109.408611468145;(x * (_a6_ + pow2(((x + _a0_) / (_a2_ * _a6_)))));{'d0': {'_a0_': 0.31192970768070816, '_a2_': 0.3761911409690829, '_a6_': 1.4465760886450396, '_a1_': 1.0, '_a3_': 1.0, '_a4_': 1.0, '_a5_': 1.0, '_a7_': 1.0}};{'d0': 0.0249058329194166};-280.569866449044;30.876321756376342
8858;-109.408611468145;(x * (_a6_ + pow2(((x + _a0_) / (_a2_ * _a6_)))));{'d0': {'_a0_': 0.31192970768070816, '_a2_': 0.3761911409690829, '_a6_': 1.4465760886450396, '_a1_': 1.0, '_a3_': 1.0, '_a4_': 1.0, '_a5_': 1.0, '_a7_': 1.0}};{'d0': 0.0249058329194166};-280.569866449044;30.876321756376342
8859;-109.408611468145;(x * (_a6_ + pow2(((x + _a0_) / (_a2_ * _a6_)))));{'d0': {'_a0_': 0.31192970768070816, '_a2_': 0.3761911409690829, '_a6_': 1.4465760886450396, '_a1_': 1.0, '_a3_': 1.0, '_a4_': 1.0, '_a5_': 1.0, '_a7_': 1.0}};{'d0': 0.0249058329194166};-280.569866449044;30.876321756376342
8860;-109.408611468145;(x * (_a6_ + pow2(((x + _a0_) / (_a2_ * _a6_)))));{'d0': {'_a0_': 0.31192970768070816, '_a2_': 0.3761911409690829, '_a6_': 1.4465760886450396, '_a1_': 1.0, '_a3_': 1.0, '_a4_': 1.0, '_a5_': 1.0, '_a7_': 1.0}};{'d0': 0.0249058329194166};-280.569866449044;30.876321756376342
8861;-109.408611468145;(x * (_a6_ + pow2(((x + _a0_) / (_a2_ * _a6_)))));{'d0': {'_a0_': 0.31192970768070816, '_a2_': 0.3761911409690829, '_a6_': 1.4465760886450396, '_a1_': 1.0, '_a3_': 1.0, '_a4_': 1.0, '_a5_': 1.0, '_a7_': 1.0}};{'d0': 0.0249058329194166};-280.569866449044;30.876321756376342
8862;-109.408611468145;(x * (_a6_ + pow2(((x + _a0_) / (_a2_ * _a6_)))));{'d0': {'_a0_': 0.31192970768070816, '_a2_': 0.3761911409690829, '_a6_': 1.4465760886450396, '_a1_': 1.0, '_a3_': 1.0, '_a4_': 1.0, '_a5_': 1.0, '_a7_': 1.0}};{'d0': 0.0249058329194166};-280.569866449044;30.876321756376342
8863;-109.408611468145;(x * (_a6_ + pow2(((x + _a0_) / (_a2_ * _a6_)))));{'d0': {'_a0_': 0.31192970768070816, '_a2_': 0.3761911409690829, '_a6_': 1.4465760886450396, '_a1_': 1.0, '_a3_': 1.0, '_a4_': 1.0, '_a5_': 1.0, '_a7_': 1.0}};{'d0': 0.0249058329194166};-280.569866449044;30.876321756376342
8864;-109.408611468145;(x * (_a6_ + pow2(((x + _a0_) / (_a2_ * _a6_)))));{'d0': {'_a0_': 0.31192970768070816, '_a2_': 0.3761911409690829, '_a6_': 1.4465760886450396, '_a1_': 1.0, '_a3_': 1.0, '_a4_': 1.0, '_a5_': 1.0, '_a7_': 1.0}};{'d0': 0.0249058329194166};-280.569866449044;30.876321756376342
8865;-109.408611468145;(x * (_a6_ + pow2(((x + _a0_) / (_a2_ * _a6_)))));{'d0': {'_a0_': 0.31192970768070816, '_a2_': 0.3761911409690829, '_a6_': 1.4465760886450396, '_a1_': 1.0, '_a3_': 1.0, '_a4_': 1.0, '_a5_': 1.0, '_a7_': 1.0}};{'d0': 0.0249058329194166};-280.569866449044;30.876321756376342
8866;-109.408611468145;(x * (_a6_ + pow2(((x + _a0_) / (_a2_ * _a6_)))));{'d0': {'_a0_': 0.31192970768070816, '_a2_': 0.3761911409690829, '_a6_': 1.4465760886450396, '_a1_': 1.0, '_a3_': 1.0, '_a4_': 1.0, '_a5_': 1.0, '_a7_': 1.0}};{'d0': 0.0249058329194166};-280.569866449044;30.876321756376342
8867;-109.408611468145;(x * (_a6_ + pow2(((x + _a0_) / (_a2_ * _a6_)))));{'d0': {'_a0_': 0.31192970768070816, '_a2_': 0.3761911409690829, '_a6_': 1.4465760886450396, '_a1_': 1.0, '_a3_': 1.0, '_a4_': 1.0, '_a5_': 1.0, '_a7_': 1.0}};{'d0': 0.0249058329194166};-280.569866449044;30.876321756376342
8868;-109.408611468145;(x * (_a6_ + pow2(((x + _a0_) / (_a2_ * _a6_)))));{'d0': {'_a0_': 0.31192970768070816, '_a2_': 0.3761911409690829, '_a6_': 1.4465760886450396, '_a1_': 1.0, '_a3_': 1.0, '_a4_': 1.0, '_a5_': 1.0, '_a7_': 1.0}};{'d0': 0.0249058329194166};-280.569866449044;30.876321756376342
8869;-109.408611468145;(x * (_a6_ + pow2(((x + _a0_) / (_a2_ * _a6_)))));{'d0': {'_a0_': 0.31192970768070816, '_a2_': 0.3761911409690829, '_a6_': 1.4465760886450396, '_a1_': 1.0, '_a3_': 1.0, '_a4_': 1.0, '_a5_': 1.0, '_a7_': 1.0}};{'d0': 0.0249058329194166};-280.569866449044;30.876321756376342
8870;-109.408611468145;(x * (_a6_ + pow2(((x + _a0_) / (_a2_ * _a6_)))));{'d0': {'_a0_': 0.31192970768070816, '_a2_': 0.3761911409690829, '_a6_': 1.4465760886450396, '_a1_': 1.0, '_a3_': 1.0, '_a4_': 1.0, '_a5_': 1.0, '_a7_': 1.0}};{'d0': 0.0249058329194166};-280.569866449044;30.876321756376342
8871;-109.408611468145;(x * (_a6_ + pow2(((x + _a0_) / (_a2_ * _a6_)))));{'d0': {'_a0_': 0.31192970768070816, '_a2_': 0.3761911409690829, '_a6_': 1.4465760886450396, '_a1_': 1.0, '_a3_': 1.0, '_a4_': 1.0, '_a5_': 1.0, '_a7_': 1.0}};{'d0': 0.0249058329194166};-280.569866449044;30.876321756376342
8872;-109.408611468145;(x * (_a6_ + pow2(((x + _a0_) / (_a2_ * _a6_)))));{'d0': {'_a0_': 0.31192970768070816, '_a2_': 0.3761911409690829, '_a6_': 1.4465760886450396, '_a1_': 1.0, '_a3_': 1.0, '_a4_': 1.0, '_a5_': 1.0, '_a7_': 1.0}};{'d0': 0.0249058329194166};-280.569866449044;30.876321756376342
8873;-109.408611468145;(x * (_a6_ + pow2(((x + _a0_) / (_a2_ * _a6_)))));{'d0': {'_a0_': 0.31192970768070816, '_a2_': 0.3761911409690829, '_a6_': 1.4465760886450396, '_a1_': 1.0, '_a3_': 1.0, '_a4_': 1.0, '_a5_': 1.0, '_a7_': 1.0}};{'d0': 0.0249058329194166};-280.569866449044;30.876321756376342
8874;-109.408611468145;(x * (_a6_ + pow2(((x + _a0_) / (_a2_ * _a6_)))));{'d0': {'_a0_': 0.31192970768070816, '_a2_': 0.3761911409690829, '_a6_': 1.4465760886450396, '_a1_': 1.0, '_a3_': 1.0, '_a4_': 1.0, '_a5_': 1.0, '_a7_': 1.0}};{'d0': 0.0249058329194166};-280.569866449044;30.876321756376342
8875;-109.408611468145;(x * (_a6_ + pow2(((x + _a0_) / (_a2_ * _a6_)))));{'d0': {'_a0_': 0.31192970768070816, '_a2_': 0.3761911409690829, '_a6_': 1.4465760886450396, '_a1_': 1.0, '_a3_': 1.0, '_a4_': 1.0, '_a5_': 1.0, '_a7_': 1.0}};{'d0': 0.0249058329194166};-280.569866449044;30.876321756376342
8876;-109.408611468145;(x * (_a6_ + pow2(((x + _a0_) / (_a2_ * _a6_)))));{'d0': {'_a0_': 0.31192970768070816, '_a2_': 0.3761911409690829, '_a6_': 1.4465760886450396, '_a1_': 1.0, '_a3_': 1.0, '_a4_': 1.0, '_a5_': 1.0, '_a7_': 1.0}};{'d0': 0.0249058329194166};-280.569866449044;30.876321756376342
8877;-109.408611468145;(x * (_a6_ + pow2(((x + _a0_) / (_a2_ * _a6_)))));{'d0': {'_a0_': 0.31192970768070816, '_a2_': 0.3761911409690829, '_a6_': 1.4465760886450396, '_a1_': 1.0, '_a3_': 1.0, '_a4_': 1.0, '_a5_': 1.0, '_a7_': 1.0}};{'d0': 0.0249058329194166};-280.569866449044;30.876321756376342
8878;-109.408611468145;(x * (_a6_ + pow2(((x + _a0_) / (_a2_ * _a6_)))));{'d0': {'_a0_': 0.31192970768070816, '_a2_': 0.3761911409690829, '_a6_': 1.4465760886450396, '_a1_': 1.0, '_a3_': 1.0, '_a4_': 1.0, '_a5_': 1.0, '_a7_': 1.0}};{'d0': 0.0249058329194166};-280.569866449044;30.876321756376342
8879;-109.408611468145;(x * (_a6_ + pow2(((x + _a0_) / (_a2_ * _a6_)))));{'d0': {'_a0_': 0.31192970768070816, '_a2_': 0.3761911409690829, '_a6_': 1.4465760886450396, '_a1_': 1.0, '_a3_': 1.0, '_a4_': 1.0, '_a5_': 1.0, '_a7_': 1.0}};{'d0': 0.0249058329194166};-280.569866449044;30.876321756376342
8880;-109.408611468145;(x * (_a6_ + pow2(((x + _a0_) / (_a2_ * _a6_)))));{'d0': {'_a0_': 0.31192970768070816, '_a2_': 0.3761911409690829, '_a6_': 1.4465760886450396, '_a1_': 1.0, '_a3_': 1.0, '_a4_': 1.0, '_a5_': 1.0, '_a7_': 1.0}};{'d0': 0.0249058329194166};-280.569866449044;30.876321756376342
8881;-109.408611468145;(x * (_a6_ + pow2(((x + _a0_) / (_a2_ * _a6_)))));{'d0': {'_a0_': 0.31192970768070816, '_a2_': 0.3761911409690829, '_a6_': 1.4465760886450396, '_a1_': 1.0, '_a3_': 1.0, '_a4_': 1.0, '_a5_': 1.0, '_a7_': 1.0}};{'d0': 0.0249058329194166};-280.569866449044;30.876321756376342
8882;-109.408611468145;(x * (_a6_ + pow2(((x + _a0_) / (_a2_ * _a6_)))));{'d0': {'_a0_': 0.31192970768070816, '_a2_': 0.3761911409690829, '_a6_': 1.4465760886450396, '_a1_': 1.0, '_a3_': 1.0, '_a4_': 1.0, '_a5_': 1.0, '_a7_': 1.0}};{'d0': 0.0249058329194166};-280.569866449044;30.876321756376342
8883;-109.408611468145;(x * (_a6_ + pow2(((x + _a0_) / (_a2_ * _a6_)))));{'d0': {'_a0_': 0.31192970768070816, '_a2_': 0.3761911409690829, '_a6_': 1.4465760886450396, '_a1_': 1.0, '_a3_': 1.0, '_a4_': 1.0, '_a5_': 1.0, '_a7_': 1.0}};{'d0': 0.0249058329194166};-280.569866449044;30.876321756376342
8884;-109.408611468145;(x * (_a6_ + pow2(((x + _a0_) / (_a2_ * _a6_)))));{'d0': {'_a0_': 0.31192970768070816, '_a2_': 0.3761911409690829, '_a6_': 1.4465760886450396, '_a1_': 1.0, '_a3_': 1.0, '_a4_': 1.0, '_a5_': 1.0, '_a7_': 1.0}};{'d0': 0.0249058329194166};-280.569866449044;30.876321756376342
8885;-109.408611468145;(x * (_a6_ + pow2(((x + _a0_) / (_a2_ * _a6_)))));{'d0': {'_a0_': 0.31192970768070816, '_a2_': 0.3761911409690829, '_a6_': 1.4465760886450396, '_a1_': 1.0, '_a3_': 1.0, '_a4_': 1.0, '_a5_': 1.0, '_a7_': 1.0}};{'d0': 0.0249058329194166};-280.569866449044;30.876321756376342
8886;-109.408611468145;(x * (_a6_ + pow2(((x + _a0_) / (_a2_ * _a6_)))));{'d0': {'_a0_': 0.31192970768070816, '_a2_': 0.3761911409690829, '_a6_': 1.4465760886450396, '_a1_': 1.0, '_a3_': 1.0, '_a4_': 1.0, '_a5_': 1.0, '_a7_': 1.0}};{'d0': 0.0249058329194166};-280.569866449044;30.876321756376342
8887;-109.408611468145;(x * (_a6_ + pow2(((x + _a0_) / (_a2_ * _a6_)))));{'d0': {'_a0_': 0.31192970768070816, '_a2_': 0.3761911409690829, '_a6_': 1.4465760886450396, '_a1_': 1.0, '_a3_': 1.0, '_a4_': 1.0, '_a5_': 1.0, '_a7_': 1.0}};{'d0': 0.0249058329194166};-280.569866449044;30.876321756376342
8888;-109.408611468145;(x * (_a6_ + pow2(((x + _a0_) / (_a2_ * _a6_)))));{'d0': {'_a0_': 0.31192970768070816, '_a2_': 0.3761911409690829, '_a6_': 1.4465760886450396, '_a1_': 1.0, '_a3_': 1.0, '_a4_': 1.0, '_a5_': 1.0, '_a7_': 1.0}};{'d0': 0.0249058329194166};-280.569866449044;30.876321756376342
8889;-109.408611468145;(x * (_a6_ + pow2(((x + _a0_) / (_a2_ * _a6_)))));{'d0': {'_a0_': 0.31192970768070816, '_a2_': 0.3761911409690829, '_a6_': 1.4465760886450396, '_a1_': 1.0, '_a3_': 1.0, '_a4_': 1.0, '_a5_': 1.0, '_a7_': 1.0}};{'d0': 0.0249058329194166};-280.569866449044;30.876321756376342
8890;-109.408611468145;(x * (_a6_ + pow2(((x + _a0_) / (_a2_ * _a6_)))));{'d0': {'_a0_': 0.31192970768070816, '_a2_': 0.3761911409690829, '_a6_': 1.4465760886450396, '_a1_': 1.0, '_a3_': 1.0, '_a4_': 1.0, '_a5_': 1.0, '_a7_': 1.0}};{'d0': 0.0249058329194166};-280.569866449044;30.876321756376342
8891;-109.408611468145;(x * (_a6_ + pow2(((x + _a0_) / (_a2_ * _a0_)))));{'d0': {'_a0_': 0.31192970770892203, '_a2_': 1.7445889121011184, '_a6_': 1.4465760895354434, '_a1_': 1.0, '_a3_': 1.0, '_a4_': 1.0, '_a5_': 1.0, '_a7_': 1.0}};{'d0': 0.024905832919416577};-280.569866449044;30.876321756376342
8892;-109.408611468145;(x * (_a6_ + pow2(((x + _a0_) / (_a2_ * _a0_)))));{'d0': {'_a0_': 0.31192970770892203, '_a2_': 1.7445889121011184, '_a6_': 1.4465760895354434, '_a1_': 1.0, '_a3_': 1.0, '_a4_': 1.0, '_a5_': 1.0, '_a7_': 1.0}};{'d0': 0.024905832919416577};-280.569866449044;30.876321756376342
8893;-109.408611468145;(x * (_a6_ + pow2(((x + _a0_) / (_a2_ * _a0_)))));{'d0': {'_a0_': 0.31192970770892203, '_a2_': 1.7445889121011184, '_a6_': 1.4465760895354434, '_a1_': 1.0, '_a3_': 1.0, '_a4_': 1.0, '_a5_': 1.0, '_a7_': 1.0}};{'d0': 0.024905832919416577};-280.569866449044;30.876321756376342
8894;-109.408611468145;(x * (_a6_ + pow2(((x + _a0_) / (_a2_ * _a0_)))));{'d0': {'_a0_': 0.31192970770892203, '_a2_': 1.7445889121011184, '_a6_': 1.4465760895354434, '_a1_': 1.0, '_a3_': 1.0, '_a4_': 1.0, '_a5_': 1.0, '_a7_': 1.0}};{'d0': 0.024905832919416577};-280.569866449044;30.876321756376342
8895;-109.408611468145;(x * (_a6_ + pow2(((x + _a0_) / (_a2_ * _a0_)))));{'d0': {'_a0_': 0.31192970770892203, '_a2_': 1.7445889121011184, '_a6_': 1.4465760895354434, '_a1_': 1.0, '_a3_': 1.0, '_a4_': 1.0, '_a5_': 1.0, '_a7_': 1.0}};{'d0': 0.024905832919416577};-280.569866449044;30.876321756376342
8896;-109.408611468145;(x * (_a6_ + pow2(((x + _a0_) / (_a2_ * _a0_)))));{'d0': {'_a0_': 0.31192970770892203, '_a2_': 1.7445889121011184, '_a6_': 1.4465760895354434, '_a1_': 1.0, '_a3_': 1.0, '_a4_': 1.0, '_a5_': 1.0, '_a7_': 1.0}};{'d0': 0.024905832919416577};-280.569866449044;30.876321756376342
8897;-109.408611468145;(x * (_a6_ + pow2(((x + _a0_) / (_a2_ * _a0_)))));{'d0': {'_a0_': 0.31192970770892203, '_a2_': 1.7445889121011184, '_a6_': 1.4465760895354434, '_a1_': 1.0, '_a3_': 1.0, '_a4_': 1.0, '_a5_': 1.0, '_a7_': 1.0}};{'d0': 0.024905832919416577};-280.569866449044;30.876321756376342
8898;-96.4680690694870;((_a3_ + pow2(((_a3_ * _a0_) + x))) * ((_a3_ + _a6_) + (_a2_ * x)));{'d0': {'_a0_': 0.73145354843585, '_a2_': 3.3825181498623484, '_a3_': 0.42731892495045015, '_a6_': -0.42926969334218823, '_a1_': 1.0, '_a4_': 1.0, '_a5_': 1.0, '_a7_': 1.0}};{'d0': 0.02488548250186692};-276.524567593312;41.794214727169056
8899;-96.4680690694870;((_a3_ + pow2(((_a3_ * _a0_) + x))) * ((_a3_ + _a6_) + (_a2_ * x)));{'d0': {'_a0_': 0.73145354843585, '_a2_': 3.3825181498623484, '_a3_': 0.42731892495045015, '_a6_': -0.42926969334218823, '_a1_': 1.0, '_a4_': 1.0, '_a5_': 1.0, '_a7_': 1.0}};{'d0': 0.02488548250186692};-276.524567593312;41.794214727169056
8900;-96.4680690694870;((_a3_ + pow2(((_a3_ * _a0_) + x))) * ((_a3_ + _a6_) + (_a2_ * x)));{'d0': {'_a0_': 0.73145354843585, '_a2_': 3.3825181498623484, '_a3_': 0.42731892495045015, '_a6_': -0.42926969334218823, '_a1_': 1.0, '_a4_': 1.0, '_a5_': 1.0, '_a7_': 1.0}};{'d0': 0.02488548250186692};-276.524567593312;41.794214727169056
8901;-96.4680690694870;((_a3_ + pow2(((_a3_ * _a0_) + x))) * ((_a3_ + _a6_) + (_a2_ * x)));{'d0': {'_a0_': 0.73145354843585, '_a2_': 3.3825181498623484, '_a3_': 0.42731892495045015, '_a6_': -0.42926969334218823, '_a1_': 1.0, '_a4_': 1.0, '_a5_': 1.0, '_a7_': 1.0}};{'d0': 0.02488548250186692};-276.524567593312;41.794214727169056
8902;-96.4680690694870;((_a3_ + pow2(((_a3_ * _a0_) + x))) * ((_a3_ + _a6_) + (_a2_ * x)));{'d0': {'_a0_': 0.73145354843585, '_a2_': 3.3825181498623484, '_a3_': 0.42731892495045015, '_a6_': -0.42926969334218823, '_a1_': 1.0, '_a4_': 1.0, '_a5_': 1.0, '_a7_': 1.0}};{'d0': 0.02488548250186692};-276.524567593312;41.794214727169056
8903;-96.4680690694870;((_a3_ + pow2(((_a3_ * _a0_) + x))) * ((_a3_ + _a6_) + (_a2_ * x)));{'d0': {'_a0_': 0.73145354843585, '_a2_': 3.3825181498623484, '_a3_': 0.42731892495045015, '_a6_': -0.42926969334218823, '_a1_': 1.0, '_a4_': 1.0, '_a5_': 1.0, '_a7_': 1.0}};{'d0': 0.02488548250186692};-276.524567593312;41.794214727169056
8904;-96.4680690694870;((_a3_ + pow2(((_a3_ * _a0_) + x))) * ((_a3_ + _a6_) + (_a2_ * x)));{'d0': {'_a0_': 0.73145354843585, '_a2_': 3.3825181498623484, '_a3_': 0.42731892495045015, '_a6_': -0.42926969334218823, '_a1_': 1.0, '_a4_': 1.0, '_a5_': 1.0, '_a7_': 1.0}};{'d0': 0.02488548250186692};-276.524567593312;41.794214727169056
8905;-96.4680690694871;((_a3_ + pow2(((_a3_ * _a7_) + x))) * ((_a3_ + _a6_) + (_a2_ * x)));{'d0': {'_a2_': 3.3825181561333006, '_a3_': 0.42731892379150815, '_a6_': -0.42926969331021175, '_a7_': 0.7314535515634061, '_a0_': 1.0, '_a1_': 1.0, '_a4_': 1.0, '_a5_': 1.0}};{'d0': 0.02488548250186684};-276.524567593312;41.794214727169056
8906;-96.4680690694871;((_a3_ + pow2(((_a3_ * _a7_) + x))) * ((_a3_ + _a6_) + (_a2_ * x)));{'d0': {'_a2_': 3.3825181561333006, '_a3_': 0.42731892379150815, '_a6_': -0.42926969331021175, '_a7_': 0.7314535515634061, '_a0_': 1.0, '_a1_': 1.0, '_a4_': 1.0, '_a5_': 1.0}};{'d0': 0.02488548250186684};-276.524567593312;41.794214727169056
8907;-96.4680690694871;((_a3_ + pow2(((_a3_ * _a7_) + x))) * ((_a3_ + _a6_) + (_a2_ * x)));{'d0': {'_a2_': 3.3825181561333006, '_a3_': 0.42731892379150815, '_a6_': -0.42926969331021175, '_a7_': 0.7314535515634061, '_a0_': 1.0, '_a1_': 1.0, '_a4_': 1.0, '_a5_': 1.0}};{'d0': 0.02488548250186684};-276.524567593312;41.794214727169056
8908;-96.4680690694871;((_a3_ + pow2(((_a3_ * _a7_) + x))) * ((_a3_ + _a6_) + (_a2_ * x)));{'d0': {'_a2_': 3.3825181561333006, '_a3_': 0.42731892379150815, '_a6_': -0.42926969331021175, '_a7_': 0.7314535515634061, '_a0_': 1.0, '_a1_': 1.0, '_a4_': 1.0, '_a5_': 1.0}};{'d0': 0.02488548250186684};-276.524567593312;41.794214727169056
8909;-96.4680690694871;((_a3_ + pow2(((_a3_ * _a7_) + x))) * ((_a3_ + _a6_) + (_a2_ * x)));{'d0': {'_a2_': 3.3825181561333006, '_a3_': 0.42731892379150815, '_a6_': -0.42926969331021175, '_a7_': 0.7314535515634061, '_a0_': 1.0, '_a1_': 1.0, '_a4_': 1.0, '_a5_': 1.0}};{'d0': 0.02488548250186684};-276.524567593312;41.794214727169056
8910;-96.4680690694871;((_a3_ + pow2(((_a3_ * _a7_) + x))) * ((_a3_ + _a6_) + (_a2_ * x)));{'d0': {'_a2_': 3.3825181561333006, '_a3_': 0.42731892379150815, '_a6_': -0.42926969331021175, '_a7_': 0.7314535515634061, '_a0_': 1.0, '_a1_': 1.0, '_a4_': 1.0, '_a5_': 1.0}};{'d0': 0.02488548250186684};-276.524567593312;41.794214727169056
8911;-96.4680690694871;((_a3_ + pow2(((_a3_ * _a7_) + x))) * ((_a3_ + _a6_) + (_a2_ * x)));{'d0': {'_a2_': 3.3825181561333006, '_a3_': 0.42731892379150815, '_a6_': -0.42926969331021175, '_a7_': 0.7314535515634061, '_a0_': 1.0, '_a1_': 1.0, '_a4_': 1.0, '_a5_': 1.0}};{'d0': 0.02488548250186684};-276.524567593312;41.794214727169056
8912;-96.4680690694871;((_a3_ + pow2(((_a3_ * _a7_) + x))) * ((_a3_ + _a6_) + (_a2_ * x)));{'d0': {'_a2_': 3.3825181561333006, '_a3_': 0.42731892379150815, '_a6_': -0.42926969331021175, '_a7_': 0.7314535515634061, '_a0_': 1.0, '_a1_': 1.0, '_a4_': 1.0, '_a5_': 1.0}};{'d0': 0.02488548250186684};-276.524567593312;41.794214727169056
8913;-97.4393301930587;((_a3_ + pow2(((_a3_ * _a7_) + x))) * ((_a3_ * _a6_) + (_a2_ * x)));{'d0': {'_a2_': 3.3825181617295184, '_a3_': 0.42731892208028743, '_a6_': -0.004565144352248418, '_a7_': 0.7314535612553051, '_a0_': 1.0, '_a1_': 1.0, '_a4_': 1.0, '_a5_': 1.0}};{'d0': 0.02488548250186804};-276.524567593310;40.822953603596055
8914;-97.4393301930587;((_a3_ + pow2(((_a3_ * _a7_) + x))) * ((_a3_ * _a6_) + (_a2_ * x)));{'d0': {'_a2_': 3.3825181617295184, '_a3_': 0.42731892208028743, '_a6_': -0.004565144352248418, '_a7_': 0.7314535612553051, '_a0_': 1.0, '_a1_': 1.0, '_a4_': 1.0, '_a5_': 1.0}};{'d0': 0.02488548250186804};-276.524567593310;40.822953603596055
8915;-97.4393301930587;((_a3_ + pow2(((_a3_ * _a7_) + x))) * ((_a3_ * _a6_) + (_a2_ * x)));{'d0': {'_a2_': 3.3825181617295184, '_a3_': 0.42731892208028743, '_a6_': -0.004565144352248418, '_a7_': 0.7314535612553051, '_a0_': 1.0, '_a1_': 1.0, '_a4_': 1.0, '_a5_': 1.0}};{'d0': 0.02488548250186804};-276.524567593310;40.822953603596055
8916;-97.4393301930587;((_a3_ + pow2(((_a3_ * _a7_) + x))) * ((_a3_ * _a6_) + (_a2_ * x)));{'d0': {'_a2_': 3.3825181617295184, '_a3_': 0.42731892208028743, '_a6_': -0.004565144352248418, '_a7_': 0.7314535612553051, '_a0_': 1.0, '_a1_': 1.0, '_a4_': 1.0, '_a5_': 1.0}};{'d0': 0.02488548250186804};-276.524567593310;40.822953603596055
8917;-97.4393301930587;((_a3_ + pow2(((_a3_ * _a7_) + x))) * ((_a3_ * _a6_) + (_a2_ * x)));{'d0': {'_a2_': 3.3825181617295184, '_a3_': 0.42731892208028743, '_a6_': -0.004565144352248418, '_a7_': 0.7314535612553051, '_a0_': 1.0, '_a1_': 1.0, '_a4_': 1.0, '_a5_': 1.0}};{'d0': 0.02488548250186804};-276.524567593310;40.822953603596055
8918;-97.4393301930587;((_a3_ + pow2(((_a3_ * _a7_) + x))) * ((_a3_ * _a6_) + (_a2_ * x)));{'d0': {'_a2_': 3.3825181617295184, '_a3_': 0.42731892208028743, '_a6_': -0.004565144352248418, '_a7_': 0.7314535612553051, '_a0_': 1.0, '_a1_': 1.0, '_a4_': 1.0, '_a5_': 1.0}};{'d0': 0.02488548250186804};-276.524567593310;40.822953603596055
8919;-97.4393301930587;((_a3_ + pow2(((_a3_ * _a7_) + x))) * ((_a3_ * _a6_) + (_a2_ * x)));{'d0': {'_a2_': 3.3825181617295184, '_a3_': 0.42731892208028743, '_a6_': -0.004565144352248418, '_a7_': 0.7314535612553051, '_a0_': 1.0, '_a1_': 1.0, '_a4_': 1.0, '_a5_': 1.0}};{'d0': 0.02488548250186804};-276.524567593310;40.822953603596055
8920;-109.408611468145;(x * (_a6_ + pow2(((x + _a0_) / (_a2_ * _a0_)))));{'d0': {'_a0_': 0.31192970770892203, '_a2_': 1.7445889121011184, '_a6_': 1.4465760895354434, '_a1_': 1.0, '_a3_': 1.0, '_a4_': 1.0, '_a5_': 1.0, '_a7_': 1.0}};{'d0': 0.024905832919416577};-280.569866449044;30.876321756376342
8921;-109.408611468145;(x * (_a6_ + pow2(((x + _a0_) / (_a2_ * _a0_)))));{'d0': {'_a0_': 0.31192970770892203, '_a2_': 1.7445889121011184, '_a6_': 1.4465760895354434, '_a1_': 1.0, '_a3_': 1.0, '_a4_': 1.0, '_a5_': 1.0, '_a7_': 1.0}};{'d0': 0.024905832919416577};-280.569866449044;30.876321756376342
8922;-109.408611468145;(x * (_a6_ + pow2(((x + _a0_) / (_a2_ * _a0_)))));{'d0': {'_a0_': 0.31192970770892203, '_a2_': 1.7445889121011184, '_a6_': 1.4465760895354434, '_a1_': 1.0, '_a3_': 1.0, '_a4_': 1.0, '_a5_': 1.0, '_a7_': 1.0}};{'d0': 0.024905832919416577};-280.569866449044;30.876321756376342
8923;-104.411319546383;((_a3_ + pow2(((_a3_ * _a7_) + x))) * (x + (_a2_ * x)));{'d0': {'_a2_': 2.3767608794954667, '_a3_': 0.4283916275551262, '_a7_': 0.7281414662595684, '_a0_': 1.0, '_a1_': 1.0, '_a4_': 1.0, '_a5_': 1.0, '_a6_': 1.0}};{'d0': 0.0249058329194167};-280.569866449043;35.87361367813905
8924;-104.411319546383;((_a3_ + pow2(((_a3_ * _a7_) + x))) * (x + (_a2_ * x)));{'d0': {'_a2_': 2.3767608794954667, '_a3_': 0.4283916275551262, '_a7_': 0.7281414662595684, '_a0_': 1.0, '_a1_': 1.0, '_a4_': 1.0, '_a5_': 1.0, '_a6_': 1.0}};{'d0': 0.0249058329194167};-280.569866449043;35.87361367813905
8925;-104.411319546383;((_a3_ + pow2(((_a3_ * _a7_) + x))) * (x + (_a2_ * x)));{'d0': {'_a2_': 2.3767608794954667, '_a3_': 0.4283916275551262, '_a7_': 0.7281414662595684, '_a0_': 1.0, '_a1_': 1.0, '_a4_': 1.0, '_a5_': 1.0, '_a6_': 1.0}};{'d0': 0.0249058329194167};-280.569866449043;35.87361367813905
8926;-104.411319546383;((_a3_ + pow2(((_a3_ * _a7_) + x))) * (x + (_a2_ * x)));{'d0': {'_a2_': 2.3767608794954667, '_a3_': 0.4283916275551262, '_a7_': 0.7281414662595684, '_a0_': 1.0, '_a1_': 1.0, '_a4_': 1.0, '_a5_': 1.0, '_a6_': 1.0}};{'d0': 0.0249058329194167};-280.569866449043;35.87361367813905
8927;-104.411319546383;((_a3_ + pow2(((_a3_ * _a7_) + x))) * (x + (_a2_ * x)));{'d0': {'_a2_': 2.3767608794954667, '_a3_': 0.4283916275551262, '_a7_': 0.7281414662595684, '_a0_': 1.0, '_a1_': 1.0, '_a4_': 1.0, '_a5_': 1.0, '_a6_': 1.0}};{'d0': 0.0249058329194167};-280.569866449043;35.87361367813905
8928;-104.411319546383;((_a3_ + pow2(((_a3_ * _a7_) + x))) * (x + (_a2_ * x)));{'d0': {'_a2_': 2.3767608794954667, '_a3_': 0.4283916275551262, '_a7_': 0.7281414662595684, '_a0_': 1.0, '_a1_': 1.0, '_a4_': 1.0, '_a5_': 1.0, '_a6_': 1.0}};{'d0': 0.0249058329194167};-280.569866449043;35.87361367813905
8929;-104.411319546383;((_a3_ + pow2(((_a3_ * _a7_) + x))) * (x + (_a2_ * x)));{'d0': {'_a2_': 2.3767608794954667, '_a3_': 0.4283916275551262, '_a7_': 0.7281414662595684, '_a0_': 1.0, '_a1_': 1.0, '_a4_': 1.0, '_a5_': 1.0, '_a6_': 1.0}};{'d0': 0.0249058329194167};-280.569866449043;35.87361367813905
8930;-104.411319546383;((_a3_ + pow2(((_a3_ * _a7_) + x))) * (x + (_a2_ * x)));{'d0': {'_a2_': 2.3767608794954667, '_a3_': 0.4283916275551262, '_a7_': 0.7281414662595684, '_a0_': 1.0, '_a1_': 1.0, '_a4_': 1.0, '_a5_': 1.0, '_a6_': 1.0}};{'d0': 0.0249058329194167};-280.569866449043;35.87361367813905
8931;-104.411319546383;((_a3_ + pow2(((_a3_ * _a7_) + x))) * (x + (_a2_ * x)));{'d0': {'_a2_': 2.3767608794954667, '_a3_': 0.4283916275551262, '_a7_': 0.7281414662595684, '_a0_': 1.0, '_a1_': 1.0, '_a4_': 1.0, '_a5_': 1.0, '_a6_': 1.0}};{'d0': 0.0249058329194167};-280.569866449043;35.87361367813905
8932;-104.411319546383;((_a3_ + pow2(((_a3_ * _a7_) + x))) * (x + (_a2_ * x)));{'d0': {'_a2_': 2.3767608794954667, '_a3_': 0.4283916275551262, '_a7_': 0.7281414662595684, '_a0_': 1.0, '_a1_': 1.0, '_a4_': 1.0, '_a5_': 1.0, '_a6_': 1.0}};{'d0': 0.0249058329194167};-280.569866449043;35.87361367813905
8933;-104.411319546383;((_a3_ + pow2(((_a3_ * _a7_) + x))) * (x + (_a2_ * x)));{'d0': {'_a2_': 2.3767608794954667, '_a3_': 0.4283916275551262, '_a7_': 0.7281414662595684, '_a0_': 1.0, '_a1_': 1.0, '_a4_': 1.0, '_a5_': 1.0, '_a6_': 1.0}};{'d0': 0.0249058329194167};-280.569866449043;35.87361367813905
8934;-104.411319546383;((_a3_ + pow2(((_a3_ * _a7_) + x))) * (x + (_a2_ * x)));{'d0': {'_a2_': 2.3767608794954667, '_a3_': 0.4283916275551262, '_a7_': 0.7281414662595684, '_a0_': 1.0, '_a1_': 1.0, '_a4_': 1.0, '_a5_': 1.0, '_a6_': 1.0}};{'d0': 0.0249058329194167};-280.569866449043;35.87361367813905
8935;-104.411319546383;((_a3_ + pow2(((_a3_ * _a7_) + x))) * (x + (_a2_ * x)));{'d0': {'_a2_': 2.3767608794954667, '_a3_': 0.4283916275551262, '_a7_': 0.7281414662595684, '_a0_': 1.0, '_a1_': 1.0, '_a4_': 1.0, '_a5_': 1.0, '_a6_': 1.0}};{'d0': 0.0249058329194167};-280.569866449043;35.87361367813905
8936;-104.411319546383;((_a3_ + pow2(((_a3_ * _a7_) + x))) * (x + (_a2_ * x)));{'d0': {'_a2_': 2.3767608794954667, '_a3_': 0.4283916275551262, '_a7_': 0.7281414662595684, '_a0_': 1.0, '_a1_': 1.0, '_a4_': 1.0, '_a5_': 1.0, '_a6_': 1.0}};{'d0': 0.0249058329194167};-280.569866449043;35.87361367813905
8937;-104.411319546383;((_a3_ + pow2(((_a3_ * _a7_) + x))) * (x + (_a2_ * x)));{'d0': {'_a2_': 2.3767608794954667, '_a3_': 0.4283916275551262, '_a7_': 0.7281414662595684, '_a0_': 1.0, '_a1_': 1.0, '_a4_': 1.0, '_a5_': 1.0, '_a6_': 1.0}};{'d0': 0.0249058329194167};-280.569866449043;35.87361367813905
8938;-104.411319546383;((_a3_ + pow2(((_a3_ * _a7_) + x))) * (x + (_a2_ * x)));{'d0': {'_a2_': 2.3767608794954667, '_a3_': 0.4283916275551262, '_a7_': 0.7281414662595684, '_a0_': 1.0, '_a1_': 1.0, '_a4_': 1.0, '_a5_': 1.0, '_a6_': 1.0}};{'d0': 0.0249058329194167};-280.569866449043;35.87361367813905
8939;-109.288302185518;((_a3_ + pow2((_a4_ + x))) * (x + (_a2_ * x)));{'d0': {'_a2_': 2.376760879754337, '_a3_': 0.4283916274205493, '_a4_': 0.31192970768522876, '_a0_': 1.0, '_a1_': 1.0, '_a5_': 1.0, '_a6_': 1.0, '_a7_': 1.0}};{'d0': 0.024905832919416594};-280.569866449044;30.99663103900405
8940;-109.288302185518;((_a3_ + pow2((_a4_ + x))) * (x + (_a2_ * x)));{'d0': {'_a2_': 2.376760879754337, '_a3_': 0.4283916274205493, '_a4_': 0.31192970768522876, '_a0_': 1.0, '_a1_': 1.0, '_a5_': 1.0, '_a6_': 1.0, '_a7_': 1.0}};{'d0': 0.024905832919416594};-280.569866449044;30.99663103900405
8941;-109.288302185518;((_a3_ + pow2((_a4_ + x))) * (x + (_a2_ * x)));{'d0': {'_a2_': 2.376760879754337, '_a3_': 0.4283916274205493, '_a4_': 0.31192970768522876, '_a0_': 1.0, '_a1_': 1.0, '_a5_': 1.0, '_a6_': 1.0, '_a7_': 1.0}};{'d0': 0.024905832919416594};-280.569866449044;30.99663103900405
8942;-109.288302185518;((_a3_ + pow2((_a4_ + x))) * (x + (_a2_ * x)));{'d0': {'_a2_': 2.376760879754337, '_a3_': 0.4283916274205493, '_a4_': 0.31192970768522876, '_a0_': 1.0, '_a1_': 1.0, '_a5_': 1.0, '_a6_': 1.0, '_a7_': 1.0}};{'d0': 0.024905832919416594};-280.569866449044;30.99663103900405
8943;-109.288302185518;((_a3_ + pow2((_a4_ + x))) * (x + (_a2_ * x)));{'d0': {'_a2_': 2.376760879754337, '_a3_': 0.4283916274205493, '_a4_': 0.31192970768522876, '_a0_': 1.0, '_a1_': 1.0, '_a5_': 1.0, '_a6_': 1.0, '_a7_': 1.0}};{'d0': 0.024905832919416594};-280.569866449044;30.99663103900405
8944;-109.288302185518;((_a3_ + pow2((_a4_ + x))) * (x + (_a2_ * x)));{'d0': {'_a2_': 2.376760879754337, '_a3_': 0.4283916274205493, '_a4_': 0.31192970768522876, '_a0_': 1.0, '_a1_': 1.0, '_a5_': 1.0, '_a6_': 1.0, '_a7_': 1.0}};{'d0': 0.024905832919416594};-280.569866449044;30.99663103900405
8945;-109.288302185518;((_a3_ + pow2((_a4_ + x))) * (x + (_a2_ * x)));{'d0': {'_a2_': 2.376760879754337, '_a3_': 0.4283916274205493, '_a4_': 0.31192970768522876, '_a0_': 1.0, '_a1_': 1.0, '_a5_': 1.0, '_a6_': 1.0, '_a7_': 1.0}};{'d0': 0.024905832919416594};-280.569866449044;30.99663103900405
8946;-109.288302185518;((_a3_ + pow2((_a4_ + x))) * (x + (_a2_ * x)));{'d0': {'_a2_': 2.376760879754337, '_a3_': 0.4283916274205493, '_a4_': 0.31192970768522876, '_a0_': 1.0, '_a1_': 1.0, '_a5_': 1.0, '_a6_': 1.0, '_a7_': 1.0}};{'d0': 0.024905832919416594};-280.569866449044;30.99663103900405
8947;-109.288302185518;((_a3_ + pow2((_a4_ + x))) * (x + (_a2_ * x)));{'d0': {'_a2_': 2.376760879754337, '_a3_': 0.4283916274205493, '_a4_': 0.31192970768522876, '_a0_': 1.0, '_a1_': 1.0, '_a5_': 1.0, '_a6_': 1.0, '_a7_': 1.0}};{'d0': 0.024905832919416594};-280.569866449044;30.99663103900405
8948;-109.288302185518;((_a3_ + pow2((_a4_ + x))) * (x + (_a2_ * x)));{'d0': {'_a2_': 2.376760879754337, '_a3_': 0.4283916274205493, '_a4_': 0.31192970768522876, '_a0_': 1.0, '_a1_': 1.0, '_a5_': 1.0, '_a6_': 1.0, '_a7_': 1.0}};{'d0': 0.024905832919416594};-280.569866449044;30.99663103900405
8949;-109.288302185518;((_a3_ + pow2((_a4_ + x))) * (x + (_a2_ * x)));{'d0': {'_a2_': 2.376760879754337, '_a3_': 0.4283916274205493, '_a4_': 0.31192970768522876, '_a0_': 1.0, '_a1_': 1.0, '_a5_': 1.0, '_a6_': 1.0, '_a7_': 1.0}};{'d0': 0.024905832919416594};-280.569866449044;30.99663103900405
8950;-109.288302185518;((_a3_ + pow2((_a4_ + x))) * (x + (_a2_ * x)));{'d0': {'_a2_': 2.376760879754337, '_a3_': 0.4283916274205493, '_a4_': 0.31192970768522876, '_a0_': 1.0, '_a1_': 1.0, '_a5_': 1.0, '_a6_': 1.0, '_a7_': 1.0}};{'d0': 0.024905832919416594};-280.569866449044;30.99663103900405
8951;-109.288302185518;((_a3_ + pow2((_a4_ + x))) * (x + (_a2_ * x)));{'d0': {'_a2_': 2.376760879754337, '_a3_': 0.4283916274205493, '_a4_': 0.31192970768522876, '_a0_': 1.0, '_a1_': 1.0, '_a5_': 1.0, '_a6_': 1.0, '_a7_': 1.0}};{'d0': 0.024905832919416594};-280.569866449044;30.99663103900405
8952;-109.288302185518;((_a3_ + pow2((_a4_ + x))) * (x + (_a2_ * x)));{'d0': {'_a2_': 2.376760879754337, '_a3_': 0.4283916274205493, '_a4_': 0.31192970768522876, '_a0_': 1.0, '_a1_': 1.0, '_a5_': 1.0, '_a6_': 1.0, '_a7_': 1.0}};{'d0': 0.024905832919416594};-280.569866449044;30.99663103900405
8953;-109.288302185518;((_a3_ + pow2((_a4_ + x))) * (x + (_a2_ * x)));{'d0': {'_a2_': 2.376760879754337, '_a3_': 0.4283916274205493, '_a4_': 0.31192970768522876, '_a0_': 1.0, '_a1_': 1.0, '_a5_': 1.0, '_a6_': 1.0, '_a7_': 1.0}};{'d0': 0.024905832919416594};-280.569866449044;30.99663103900405
8954;-109.288302185518;((_a3_ + pow2((_a4_ + x))) * (x + (_a2_ * x)));{'d0': {'_a2_': 2.376760879754337, '_a3_': 0.4283916274205493, '_a4_': 0.31192970768522876, '_a0_': 1.0, '_a1_': 1.0, '_a5_': 1.0, '_a6_': 1.0, '_a7_': 1.0}};{'d0': 0.024905832919416594};-280.569866449044;30.99663103900405
8955;-109.288302185518;((_a3_ + pow2((_a4_ + x))) * (x + (_a2_ * x)));{'d0': {'_a2_': 2.376760879754337, '_a3_': 0.4283916274205493, '_a4_': 0.31192970768522876, '_a0_': 1.0, '_a1_': 1.0, '_a5_': 1.0, '_a6_': 1.0, '_a7_': 1.0}};{'d0': 0.024905832919416594};-280.569866449044;30.99663103900405
8956;-109.288302185518;((_a3_ + pow2((_a4_ + x))) * (x + (_a2_ * x)));{'d0': {'_a2_': 2.376760879754337, '_a3_': 0.4283916274205493, '_a4_': 0.31192970768522876, '_a0_': 1.0, '_a1_': 1.0, '_a5_': 1.0, '_a6_': 1.0, '_a7_': 1.0}};{'d0': 0.024905832919416594};-280.569866449044;30.99663103900405
8957;-109.288302185518;((_a3_ + pow2((_a4_ + x))) * (x + (_a2_ * x)));{'d0': {'_a2_': 2.376760879754337, '_a3_': 0.4283916274205493, '_a4_': 0.31192970768522876, '_a0_': 1.0, '_a1_': 1.0, '_a5_': 1.0, '_a6_': 1.0, '_a7_': 1.0}};{'d0': 0.024905832919416594};-280.569866449044;30.99663103900405
8958;-109.288302185518;((_a3_ + pow2((_a4_ + x))) * (x + (_a2_ * x)));{'d0': {'_a2_': 2.376760879754337, '_a3_': 0.4283916274205493, '_a4_': 0.31192970768522876, '_a0_': 1.0, '_a1_': 1.0, '_a5_': 1.0, '_a6_': 1.0, '_a7_': 1.0}};{'d0': 0.024905832919416594};-280.569866449044;30.99663103900405
8959;-109.288302185518;((_a3_ + pow2((_a4_ + x))) * (x + (_a2_ * x)));{'d0': {'_a2_': 2.376760879754337, '_a3_': 0.4283916274205493, '_a4_': 0.31192970768522876, '_a0_': 1.0, '_a1_': 1.0, '_a5_': 1.0, '_a6_': 1.0, '_a7_': 1.0}};{'d0': 0.024905832919416594};-280.569866449044;30.99663103900405
8960;-109.288302185518;((_a3_ + pow2((_a4_ + x))) * (x + (_a2_ * x)));{'d0': {'_a2_': 2.376760879754337, '_a3_': 0.4283916274205493, '_a4_': 0.31192970768522876, '_a0_': 1.0, '_a1_': 1.0, '_a5_': 1.0, '_a6_': 1.0, '_a7_': 1.0}};{'d0': 0.024905832919416594};-280.569866449044;30.99663103900405
8961;-109.288302185518;((_a3_ + pow2((_a4_ + x))) * (x + (_a2_ * x)));{'d0': {'_a2_': 2.376760879754337, '_a3_': 0.4283916274205493, '_a4_': 0.31192970768522876, '_a0_': 1.0, '_a1_': 1.0, '_a5_': 1.0, '_a6_': 1.0, '_a7_': 1.0}};{'d0': 0.024905832919416594};-280.569866449044;30.99663103900405
8962;-109.288302185518;((_a3_ + pow2((_a4_ + x))) * (x + (_a2_ * x)));{'d0': {'_a2_': 2.376760879754337, '_a3_': 0.4283916274205493, '_a4_': 0.31192970768522876, '_a0_': 1.0, '_a1_': 1.0, '_a5_': 1.0, '_a6_': 1.0, '_a7_': 1.0}};{'d0': 0.024905832919416594};-280.569866449044;30.99663103900405
8963;-109.288302185518;((_a3_ + pow2((_a4_ + x))) * (x + (_a2_ * x)));{'d0': {'_a2_': 2.376760879754337, '_a3_': 0.4283916274205493, '_a4_': 0.31192970768522876, '_a0_': 1.0, '_a1_': 1.0, '_a5_': 1.0, '_a6_': 1.0, '_a7_': 1.0}};{'d0': 0.024905832919416594};-280.569866449044;30.99663103900405
8964;-109.288302185518;((_a3_ + pow2((_a4_ + x))) * (x + (_a2_ * x)));{'d0': {'_a2_': 2.376760879754337, '_a3_': 0.4283916274205493, '_a4_': 0.31192970768522876, '_a0_': 1.0, '_a1_': 1.0, '_a5_': 1.0, '_a6_': 1.0, '_a7_': 1.0}};{'d0': 0.024905832919416594};-280.569866449044;30.99663103900405
8965;-109.288302185518;((_a3_ + pow2((_a4_ + x))) * (x + (_a2_ * x)));{'d0': {'_a2_': 2.376760879754337, '_a3_': 0.4283916274205493, '_a4_': 0.31192970768522876, '_a0_': 1.0, '_a1_': 1.0, '_a5_': 1.0, '_a6_': 1.0, '_a7_': 1.0}};{'d0': 0.024905832919416594};-280.569866449044;30.99663103900405
8966;-109.288302185518;((_a3_ + pow2((_a4_ + x))) * (x + (_a2_ * x)));{'d0': {'_a2_': 2.376760879754337, '_a3_': 0.4283916274205493, '_a4_': 0.31192970768522876, '_a0_': 1.0, '_a1_': 1.0, '_a5_': 1.0, '_a6_': 1.0, '_a7_': 1.0}};{'d0': 0.024905832919416594};-280.569866449044;30.99663103900405
8967;-109.288302185518;((_a3_ + pow2((_a4_ + x))) * (x + (_a2_ * x)));{'d0': {'_a2_': 2.376760879754337, '_a3_': 0.4283916274205493, '_a4_': 0.31192970768522876, '_a0_': 1.0, '_a1_': 1.0, '_a5_': 1.0, '_a6_': 1.0, '_a7_': 1.0}};{'d0': 0.024905832919416594};-280.569866449044;30.99663103900405
8968;-109.288302185518;((_a3_ + pow2((_a4_ + x))) * (x + (_a2_ * x)));{'d0': {'_a2_': 2.376760879754337, '_a3_': 0.4283916274205493, '_a4_': 0.31192970768522876, '_a0_': 1.0, '_a1_': 1.0, '_a5_': 1.0, '_a6_': 1.0, '_a7_': 1.0}};{'d0': 0.024905832919416594};-280.569866449044;30.99663103900405
8969;-109.288302185518;((_a3_ + pow2((_a4_ + x))) * (x + (_a2_ * x)));{'d0': {'_a2_': 2.376760879754337, '_a3_': 0.4283916274205493, '_a4_': 0.31192970768522876, '_a0_': 1.0, '_a1_': 1.0, '_a5_': 1.0, '_a6_': 1.0, '_a7_': 1.0}};{'d0': 0.024905832919416594};-280.569866449044;30.99663103900405
8970;-109.288302185518;((_a3_ + pow2((_a4_ + x))) * (x + (_a2_ * x)));{'d0': {'_a2_': 2.376760879754337, '_a3_': 0.4283916274205493, '_a4_': 0.31192970768522876, '_a0_': 1.0, '_a1_': 1.0, '_a5_': 1.0, '_a6_': 1.0, '_a7_': 1.0}};{'d0': 0.024905832919416594};-280.569866449044;30.99663103900405
8971;-109.288302185518;((_a3_ + pow2((_a4_ + x))) * (x + (_a2_ * x)));{'d0': {'_a2_': 2.376760879754337, '_a3_': 0.4283916274205493, '_a4_': 0.31192970768522876, '_a0_': 1.0, '_a1_': 1.0, '_a5_': 1.0, '_a6_': 1.0, '_a7_': 1.0}};{'d0': 0.024905832919416594};-280.569866449044;30.99663103900405
8972;-109.288302185518;((_a3_ + pow2((_a4_ + x))) * (x + (_a2_ * x)));{'d0': {'_a2_': 2.376760879754337, '_a3_': 0.4283916274205493, '_a4_': 0.31192970768522876, '_a0_': 1.0, '_a1_': 1.0, '_a5_': 1.0, '_a6_': 1.0, '_a7_': 1.0}};{'d0': 0.024905832919416594};-280.569866449044;30.99663103900405
8973;-109.288302185518;((_a3_ + pow2((_a4_ + x))) * (x + (_a2_ * x)));{'d0': {'_a2_': 2.376760879754337, '_a3_': 0.4283916274205493, '_a4_': 0.31192970768522876, '_a0_': 1.0, '_a1_': 1.0, '_a5_': 1.0, '_a6_': 1.0, '_a7_': 1.0}};{'d0': 0.024905832919416594};-280.569866449044;30.99663103900405
8974;-73.3702969658094;(((_a7_ * (_a7_ * (_a7_ * x))) + (-((pow3(x) * _a6_)) * -(_a1_))) + (pow2((x * _a3_)) + _a1_));{'d0': {'_a1_': -0.0010240608890051191, '_a3_': -1.4534630896524703, '_a6_': -3303.0406453012656, '_a7_': 1.2107037391051363, '_a0_': 1.0, '_a2_': 1.0, '_a4_': 1.0, '_a5_': 1.0}};{'d0': 0.024885482548684165};-276.524567480434;64.89198677440758
8975;-109.288302185518;((_a3_ + pow2((_a4_ + x))) * (x + (_a2_ * x)));{'d0': {'_a2_': 2.376760879754337, '_a3_': 0.4283916274205493, '_a4_': 0.31192970768522876, '_a0_': 1.0, '_a1_': 1.0, '_a5_': 1.0, '_a6_': 1.0, '_a7_': 1.0}};{'d0': 0.024905832919416594};-280.569866449044;30.99663103900405
8976;-109.288302185518;((_a3_ + pow2((_a4_ + x))) * (x + (_a2_ * x)));{'d0': {'_a2_': 2.376760879754337, '_a3_': 0.4283916274205493, '_a4_': 0.31192970768522876, '_a0_': 1.0, '_a1_': 1.0, '_a5_': 1.0, '_a6_': 1.0, '_a7_': 1.0}};{'d0': 0.024905832919416594};-280.569866449044;30.99663103900405
8977;-109.288302185518;((_a3_ + pow2((_a4_ + x))) * (x + (_a2_ * x)));{'d0': {'_a2_': 2.376760879754337, '_a3_': 0.4283916274205493, '_a4_': 0.31192970768522876, '_a0_': 1.0, '_a1_': 1.0, '_a5_': 1.0, '_a6_': 1.0, '_a7_': 1.0}};{'d0': 0.024905832919416594};-280.569866449044;30.99663103900405
8978;-105.590367712908;((_a3_ + pow2((_a4_ + x))) * (x + (pow2(_a0_) * x)));{'d0': {'_a0_': 1.5416747000263062, '_a3_': 0.4283916273025304, '_a4_': 0.3119297078263599, '_a1_': 1.0, '_a2_': 1.0, '_a5_': 1.0, '_a6_': 1.0, '_a7_': 1.0}};{'d0': 0.02490583291941659};-280.569866449044;34.69456551161405
8979;-105.590367712908;((_a3_ + pow2((_a4_ + x))) * (x + (pow2(_a0_) * x)));{'d0': {'_a0_': 1.5416747000263062, '_a3_': 0.4283916273025304, '_a4_': 0.3119297078263599, '_a1_': 1.0, '_a2_': 1.0, '_a5_': 1.0, '_a6_': 1.0, '_a7_': 1.0}};{'d0': 0.02490583291941659};-280.569866449044;34.69456551161405
8980;-105.590367712908;((_a3_ + pow2((_a4_ + x))) * (x + (pow2(_a0_) * x)));{'d0': {'_a0_': 1.5416747000263062, '_a3_': 0.4283916273025304, '_a4_': 0.3119297078263599, '_a1_': 1.0, '_a2_': 1.0, '_a5_': 1.0, '_a6_': 1.0, '_a7_': 1.0}};{'d0': 0.02490583291941659};-280.569866449044;34.69456551161405
8981;-105.590367712908;((_a3_ + pow2((_a4_ + x))) * (x + (pow2(_a0_) * x)));{'d0': {'_a0_': 1.5416747000263062, '_a3_': 0.4283916273025304, '_a4_': 0.3119297078263599, '_a1_': 1.0, '_a2_': 1.0, '_a5_': 1.0, '_a6_': 1.0, '_a7_': 1.0}};{'d0': 0.02490583291941659};-280.569866449044;34.69456551161405
8982;-105.590367712908;((_a3_ + pow2((_a4_ + x))) * (x + (pow2(_a0_) * x)));{'d0': {'_a0_': 1.5416747000263062, '_a3_': 0.4283916273025304, '_a4_': 0.3119297078263599, '_a1_': 1.0, '_a2_': 1.0, '_a5_': 1.0, '_a6_': 1.0, '_a7_': 1.0}};{'d0': 0.02490583291941659};-280.569866449044;34.69456551161405
8983;-105.590367712908;((_a3_ + pow2((_a4_ + x))) * (x + (pow2(_a0_) * x)));{'d0': {'_a0_': 1.5416747000263062, '_a3_': 0.4283916273025304, '_a4_': 0.3119297078263599, '_a1_': 1.0, '_a2_': 1.0, '_a5_': 1.0, '_a6_': 1.0, '_a7_': 1.0}};{'d0': 0.02490583291941659};-280.569866449044;34.69456551161405
8984;-105.590367712908;((_a3_ + pow2((_a4_ + x))) * (x + (pow2(_a0_) * x)));{'d0': {'_a0_': 1.5416747000263062, '_a3_': 0.4283916273025304, '_a4_': 0.3119297078263599, '_a1_': 1.0, '_a2_': 1.0, '_a5_': 1.0, '_a6_': 1.0, '_a7_': 1.0}};{'d0': 0.02490583291941659};-280.569866449044;34.69456551161405
8985;-105.590367712908;((_a3_ + pow2((_a4_ + x))) * (x + (pow2(_a0_) * x)));{'d0': {'_a0_': 1.5416747000263062, '_a3_': 0.4283916273025304, '_a4_': 0.3119297078263599, '_a1_': 1.0, '_a2_': 1.0, '_a5_': 1.0, '_a6_': 1.0, '_a7_': 1.0}};{'d0': 0.02490583291941659};-280.569866449044;34.69456551161405
8986;-105.590367712908;((_a3_ + pow2((_a4_ + x))) * (x + (pow2(_a0_) * x)));{'d0': {'_a0_': 1.5416747000263062, '_a3_': 0.4283916273025304, '_a4_': 0.3119297078263599, '_a1_': 1.0, '_a2_': 1.0, '_a5_': 1.0, '_a6_': 1.0, '_a7_': 1.0}};{'d0': 0.02490583291941659};-280.569866449044;34.69456551161405
8987;-105.590367712908;((_a3_ + pow2((_a4_ + x))) * (x + (pow2(_a0_) * x)));{'d0': {'_a0_': 1.5416747000263062, '_a3_': 0.4283916273025304, '_a4_': 0.3119297078263599, '_a1_': 1.0, '_a2_': 1.0, '_a5_': 1.0, '_a6_': 1.0, '_a7_': 1.0}};{'d0': 0.02490583291941659};-280.569866449044;34.69456551161405
8988;-105.590367712908;((_a3_ + pow2((_a4_ + x))) * (x + (pow2(_a0_) * x)));{'d0': {'_a0_': 1.5416747000263062, '_a3_': 0.4283916273025304, '_a4_': 0.3119297078263599, '_a1_': 1.0, '_a2_': 1.0, '_a5_': 1.0, '_a6_': 1.0, '_a7_': 1.0}};{'d0': 0.02490583291941659};-280.569866449044;34.69456551161405
8989;-105.590367712908;((_a3_ + pow2((_a4_ + x))) * (x + (pow2(_a0_) * x)));{'d0': {'_a0_': 1.5416747000263062, '_a3_': 0.4283916273025304, '_a4_': 0.3119297078263599, '_a1_': 1.0, '_a2_': 1.0, '_a5_': 1.0, '_a6_': 1.0, '_a7_': 1.0}};{'d0': 0.02490583291941659};-280.569866449044;34.69456551161405
8990;-105.590367712908;((_a3_ + pow2((_a4_ + x))) * (x + (pow2(_a0_) * x)));{'d0': {'_a0_': 1.5416747000263062, '_a3_': 0.4283916273025304, '_a4_': 0.3119297078263599, '_a1_': 1.0, '_a2_': 1.0, '_a5_': 1.0, '_a6_': 1.0, '_a7_': 1.0}};{'d0': 0.02490583291941659};-280.569866449044;34.69456551161405
8991;-105.590367712908;((_a3_ + pow2((_a4_ + x))) * (x + (pow2(_a0_) * x)));{'d0': {'_a0_': 1.5416747000263062, '_a3_': 0.4283916273025304, '_a4_': 0.3119297078263599, '_a1_': 1.0, '_a2_': 1.0, '_a5_': 1.0, '_a6_': 1.0, '_a7_': 1.0}};{'d0': 0.02490583291941659};-280.569866449044;34.69456551161405
8992;-105.590367712908;((_a3_ + pow2((_a4_ + x))) * (x + (pow2(_a0_) * x)));{'d0': {'_a0_': 1.5416747000263062, '_a3_': 0.4283916273025304, '_a4_': 0.3119297078263599, '_a1_': 1.0, '_a2_': 1.0, '_a5_': 1.0, '_a6_': 1.0, '_a7_': 1.0}};{'d0': 0.02490583291941659};-280.569866449044;34.69456551161405
8993;-105.590367712908;((_a3_ + pow2((_a4_ + x))) * (x + (pow2(_a0_) * x)));{'d0': {'_a0_': 1.5416747000263062, '_a3_': 0.4283916273025304, '_a4_': 0.3119297078263599, '_a1_': 1.0, '_a2_': 1.0, '_a5_': 1.0, '_a6_': 1.0, '_a7_': 1.0}};{'d0': 0.02490583291941659};-280.569866449044;34.69456551161405
8994;-105.590367712908;((_a3_ + pow2((_a4_ + x))) * (x + (pow2(_a0_) * x)));{'d0': {'_a0_': 1.5416747000263062, '_a3_': 0.4283916273025304, '_a4_': 0.3119297078263599, '_a1_': 1.0, '_a2_': 1.0, '_a5_': 1.0, '_a6_': 1.0, '_a7_': 1.0}};{'d0': 0.02490583291941659};-280.569866449044;34.69456551161405
8995;-105.590367712908;((_a3_ + pow2((_a4_ + x))) * (x + (pow2(_a0_) * x)));{'d0': {'_a0_': 1.5416747000263062, '_a3_': 0.4283916273025304, '_a4_': 0.3119297078263599, '_a1_': 1.0, '_a2_': 1.0, '_a5_': 1.0, '_a6_': 1.0, '_a7_': 1.0}};{'d0': 0.02490583291941659};-280.569866449044;34.69456551161405
8996;-105.590367712908;((_a3_ + pow2((_a4_ + x))) * (x + (pow2(_a0_) * x)));{'d0': {'_a0_': 1.5416747000263062, '_a3_': 0.4283916273025304, '_a4_': 0.3119297078263599, '_a1_': 1.0, '_a2_': 1.0, '_a5_': 1.0, '_a6_': 1.0, '_a7_': 1.0}};{'d0': 0.02490583291941659};-280.569866449044;34.69456551161405
8997;-105.590367712908;((_a3_ + pow2((_a4_ + x))) * (x + (pow2(_a0_) * x)));{'d0': {'_a0_': 1.5416747000263062, '_a3_': 0.4283916273025304, '_a4_': 0.3119297078263599, '_a1_': 1.0, '_a2_': 1.0, '_a5_': 1.0, '_a6_': 1.0, '_a7_': 1.0}};{'d0': 0.02490583291941659};-280.569866449044;34.69456551161405
8998;-105.590367712908;((_a3_ + pow2((_a4_ + x))) * (x + (pow2(_a0_) * x)));{'d0': {'_a0_': 1.5416747000263062, '_a3_': 0.4283916273025304, '_a4_': 0.3119297078263599, '_a1_': 1.0, '_a2_': 1.0, '_a5_': 1.0, '_a6_': 1.0, '_a7_': 1.0}};{'d0': 0.02490583291941659};-280.569866449044;34.69456551161405
8999;-105.590367712908;((_a3_ + pow2((_a4_ + x))) * (x + (pow2(_a0_) * x)));{'d0': {'_a0_': 1.5416747000263062, '_a3_': 0.4283916273025304, '_a4_': 0.3119297078263599, '_a1_': 1.0, '_a2_': 1.0, '_a5_': 1.0, '_a6_': 1.0, '_a7_': 1.0}};{'d0': 0.02490583291941659};-280.569866449044;34.69456551161405
9000;-105.590367712908;((_a3_ + pow2((_a4_ + x))) * (x + (pow2(_a0_) * x)));{'d0': {'_a0_': 1.5416747000263062, '_a3_': 0.4283916273025304, '_a4_': 0.3119297078263599, '_a1_': 1.0, '_a2_': 1.0, '_a5_': 1.0, '_a6_': 1.0, '_a7_': 1.0}};{'d0': 0.02490583291941659};-280.569866449044;34.69456551161405
9001;-105.590367712908;((_a3_ + pow2((_a4_ + x))) * (x + (pow2(_a0_) * x)));{'d0': {'_a0_': 1.5416747000263062, '_a3_': 0.4283916273025304, '_a4_': 0.3119297078263599, '_a1_': 1.0, '_a2_': 1.0, '_a5_': 1.0, '_a6_': 1.0, '_a7_': 1.0}};{'d0': 0.02490583291941659};-280.569866449044;34.69456551161405
9002;-105.590367712908;((_a3_ + pow2((_a4_ + x))) * (x + (pow2(_a0_) * x)));{'d0': {'_a0_': 1.5416747000263062, '_a3_': 0.4283916273025304, '_a4_': 0.3119297078263599, '_a1_': 1.0, '_a2_': 1.0, '_a5_': 1.0, '_a6_': 1.0, '_a7_': 1.0}};{'d0': 0.02490583291941659};-280.569866449044;34.69456551161405
9003;-105.590367712908;((_a3_ + pow2((_a4_ + x))) * (x + (pow2(_a0_) * x)));{'d0': {'_a0_': 1.5416747000263062, '_a3_': 0.4283916273025304, '_a4_': 0.3119297078263599, '_a1_': 1.0, '_a2_': 1.0, '_a5_': 1.0, '_a6_': 1.0, '_a7_': 1.0}};{'d0': 0.02490583291941659};-280.569866449044;34.69456551161405
9004;-105.590367712908;((_a3_ + pow2((_a4_ + x))) * (x + (pow2(_a0_) * x)));{'d0': {'_a0_': 1.5416747000263062, '_a3_': 0.4283916273025304, '_a4_': 0.3119297078263599, '_a1_': 1.0, '_a2_': 1.0, '_a5_': 1.0, '_a6_': 1.0, '_a7_': 1.0}};{'d0': 0.02490583291941659};-280.569866449044;34.69456551161405
9005;-105.590367712908;((_a3_ + pow2((_a4_ + x))) * (x + (pow2(_a0_) * x)));{'d0': {'_a0_': 1.5416747000263062, '_a3_': 0.4283916273025304, '_a4_': 0.3119297078263599, '_a1_': 1.0, '_a2_': 1.0, '_a5_': 1.0, '_a6_': 1.0, '_a7_': 1.0}};{'d0': 0.02490583291941659};-280.569866449044;34.69456551161405
9006;-105.590367712908;((_a3_ + pow2((_a4_ + x))) * (x + (pow2(_a0_) * x)));{'d0': {'_a0_': 1.5416747000263062, '_a3_': 0.4283916273025304, '_a4_': 0.3119297078263599, '_a1_': 1.0, '_a2_': 1.0, '_a5_': 1.0, '_a6_': 1.0, '_a7_': 1.0}};{'d0': 0.02490583291941659};-280.569866449044;34.69456551161405
9007;-105.590367712908;((_a3_ + pow2((_a4_ + x))) * (x + (pow2(_a0_) * x)));{'d0': {'_a0_': 1.5416747000263062, '_a3_': 0.4283916273025304, '_a4_': 0.3119297078263599, '_a1_': 1.0, '_a2_': 1.0, '_a5_': 1.0, '_a6_': 1.0, '_a7_': 1.0}};{'d0': 0.02490583291941659};-280.569866449044;34.69456551161405
9008;-105.590367712908;((_a3_ + pow2((_a4_ + x))) * (x + (pow2(_a0_) * x)));{'d0': {'_a0_': 1.5416747000263062, '_a3_': 0.4283916273025304, '_a4_': 0.3119297078263599, '_a1_': 1.0, '_a2_': 1.0, '_a5_': 1.0, '_a6_': 1.0, '_a7_': 1.0}};{'d0': 0.02490583291941659};-280.569866449044;34.69456551161405
9009;-105.590367712908;((_a3_ + pow2((_a4_ + x))) * (x + (pow2(_a0_) * x)));{'d0': {'_a0_': 1.5416747000263062, '_a3_': 0.4283916273025304, '_a4_': 0.3119297078263599, '_a1_': 1.0, '_a2_': 1.0, '_a5_': 1.0, '_a6_': 1.0, '_a7_': 1.0}};{'d0': 0.02490583291941659};-280.569866449044;34.69456551161405
9010;-105.590367712908;((_a3_ + pow2((_a4_ + x))) * (x + (pow2(_a0_) * x)));{'d0': {'_a0_': 1.5416747000263062, '_a3_': 0.4283916273025304, '_a4_': 0.3119297078263599, '_a1_': 1.0, '_a2_': 1.0, '_a5_': 1.0, '_a6_': 1.0, '_a7_': 1.0}};{'d0': 0.02490583291941659};-280.569866449044;34.69456551161405
9011;-105.590367712908;((_a3_ + pow2((_a4_ + x))) * (x + (pow2(_a0_) * x)));{'d0': {'_a0_': 1.5416747000263062, '_a3_': 0.4283916273025304, '_a4_': 0.3119297078263599, '_a1_': 1.0, '_a2_': 1.0, '_a5_': 1.0, '_a6_': 1.0, '_a7_': 1.0}};{'d0': 0.02490583291941659};-280.569866449044;34.69456551161405
9012;-105.590367712908;((_a3_ + pow2((_a4_ + x))) * (x + (pow2(_a0_) * x)));{'d0': {'_a0_': 1.5416747000263062, '_a3_': 0.4283916273025304, '_a4_': 0.3119297078263599, '_a1_': 1.0, '_a2_': 1.0, '_a5_': 1.0, '_a6_': 1.0, '_a7_': 1.0}};{'d0': 0.02490583291941659};-280.569866449044;34.69456551161405
9013;-105.590367712908;((_a3_ + pow2((_a4_ + x))) * (x + (pow2(_a0_) * x)));{'d0': {'_a0_': 1.5416747000263062, '_a3_': 0.4283916273025304, '_a4_': 0.3119297078263599, '_a1_': 1.0, '_a2_': 1.0, '_a5_': 1.0, '_a6_': 1.0, '_a7_': 1.0}};{'d0': 0.02490583291941659};-280.569866449044;34.69456551161405
9014;-105.590367712908;((_a3_ + pow2((_a4_ + x))) * (x + (pow2(_a0_) * x)));{'d0': {'_a0_': 1.5416747000263062, '_a3_': 0.4283916273025304, '_a4_': 0.3119297078263599, '_a1_': 1.0, '_a2_': 1.0, '_a5_': 1.0, '_a6_': 1.0, '_a7_': 1.0}};{'d0': 0.02490583291941659};-280.569866449044;34.69456551161405
9015;-105.590367712908;((_a3_ + pow2((_a4_ + x))) * (x + (pow2(_a0_) * x)));{'d0': {'_a0_': 1.5416747000263062, '_a3_': 0.4283916273025304, '_a4_': 0.3119297078263599, '_a1_': 1.0, '_a2_': 1.0, '_a5_': 1.0, '_a6_': 1.0, '_a7_': 1.0}};{'d0': 0.02490583291941659};-280.569866449044;34.69456551161405
9016;-105.590367712908;((_a3_ + pow2((_a4_ + x))) * (x + (pow2(_a0_) * x)));{'d0': {'_a0_': 1.5416747000263062, '_a3_': 0.4283916273025304, '_a4_': 0.3119297078263599, '_a1_': 1.0, '_a2_': 1.0, '_a5_': 1.0, '_a6_': 1.0, '_a7_': 1.0}};{'d0': 0.02490583291941659};-280.569866449044;34.69456551161405
9017;-105.590367712908;((_a3_ + pow2((_a4_ + x))) * (x + (pow2(_a0_) * x)));{'d0': {'_a0_': 1.5416747000263062, '_a3_': 0.4283916273025304, '_a4_': 0.3119297078263599, '_a1_': 1.0, '_a2_': 1.0, '_a5_': 1.0, '_a6_': 1.0, '_a7_': 1.0}};{'d0': 0.02490583291941659};-280.569866449044;34.69456551161405
9018;-105.590367712908;((_a3_ + pow2((_a4_ + x))) * (x + (pow2(_a0_) * x)));{'d0': {'_a0_': 1.5416747000263062, '_a3_': 0.4283916273025304, '_a4_': 0.3119297078263599, '_a1_': 1.0, '_a2_': 1.0, '_a5_': 1.0, '_a6_': 1.0, '_a7_': 1.0}};{'d0': 0.02490583291941659};-280.569866449044;34.69456551161405
9019;-105.590367712908;((_a3_ + pow2((_a4_ + x))) * (x + (pow2(_a0_) * x)));{'d0': {'_a0_': 1.5416747000263062, '_a3_': 0.4283916273025304, '_a4_': 0.3119297078263599, '_a1_': 1.0, '_a2_': 1.0, '_a5_': 1.0, '_a6_': 1.0, '_a7_': 1.0}};{'d0': 0.02490583291941659};-280.569866449044;34.69456551161405
9020;-92.9186631538645;((((x * ((sqrt(_a4_) * _a6_) + (x * _a4_))) + _a5_) * (x * x)) / x);{'d0': {'_a4_': 3.376760879136569, '_a5_': 1.7751354042438077, '_a6_': 1.1464018756038719, '_a0_': 1.0, '_a1_': 1.0, '_a2_': 1.0, '_a3_': 1.0, '_a7_': 1.0}};{'d0': 0.024905832919416688};-280.569866449043;47.366270070657414
9021;-92.9186631538645;((((x * ((sqrt(_a4_) * _a6_) + (x * _a4_))) + _a5_) * (x * x)) / x);{'d0': {'_a4_': 3.376760879136569, '_a5_': 1.7751354042438077, '_a6_': 1.1464018756038719, '_a0_': 1.0, '_a1_': 1.0, '_a2_': 1.0, '_a3_': 1.0, '_a7_': 1.0}};{'d0': 0.024905832919416688};-280.569866449043;47.366270070657414
9022;-92.9186631538645;((((x * ((sqrt(_a4_) * _a6_) + (x * _a4_))) + _a5_) * (x * x)) / x);{'d0': {'_a4_': 3.376760879136569, '_a5_': 1.7751354042438077, '_a6_': 1.1464018756038719, '_a0_': 1.0, '_a1_': 1.0, '_a2_': 1.0, '_a3_': 1.0, '_a7_': 1.0}};{'d0': 0.024905832919416688};-280.569866449043;47.366270070657414
9023;-92.9186631538645;((((x * ((sqrt(_a4_) * _a6_) + (x * _a4_))) + _a5_) * (x * x)) / x);{'d0': {'_a4_': 3.376760879136569, '_a5_': 1.7751354042438077, '_a6_': 1.1464018756038719, '_a0_': 1.0, '_a1_': 1.0, '_a2_': 1.0, '_a3_': 1.0, '_a7_': 1.0}};{'d0': 0.024905832919416688};-280.569866449043;47.366270070657414
9024;-92.9186631538645;((((x * ((sqrt(_a4_) * _a6_) + (x * _a4_))) + _a5_) * (x * x)) / x);{'d0': {'_a4_': 3.376760879136569, '_a5_': 1.7751354042438077, '_a6_': 1.1464018756038719, '_a0_': 1.0, '_a1_': 1.0, '_a2_': 1.0, '_a3_': 1.0, '_a7_': 1.0}};{'d0': 0.024905832919416688};-280.569866449043;47.366270070657414
9025;-92.9186631538645;((((x * ((sqrt(_a4_) * _a6_) + (x * _a4_))) + _a5_) * (x * x)) / x);{'d0': {'_a4_': 3.376760879136569, '_a5_': 1.7751354042438077, '_a6_': 1.1464018756038719, '_a0_': 1.0, '_a1_': 1.0, '_a2_': 1.0, '_a3_': 1.0, '_a7_': 1.0}};{'d0': 0.024905832919416688};-280.569866449043;47.366270070657414
9026;-92.9186631538645;((((x * ((sqrt(_a4_) * _a6_) + (x * _a4_))) + _a5_) * (x * x)) / x);{'d0': {'_a4_': 3.376760879136569, '_a5_': 1.7751354042438077, '_a6_': 1.1464018756038719, '_a0_': 1.0, '_a1_': 1.0, '_a2_': 1.0, '_a3_': 1.0, '_a7_': 1.0}};{'d0': 0.024905832919416688};-280.569866449043;47.366270070657414
9027;-99.7900759465052;((_a3_ + pow2((_a4_ + x))) * (x + (pow2((_a3_ / _a6_)) * x)));{'d0': {'_a3_': 0.42839162686553467, '_a4_': 0.31192970776177253, '_a6_': -0.2778742017928039, '_a0_': 1.0, '_a1_': 1.0, '_a2_': 1.0, '_a5_': 1.0, '_a7_': 1.0}};{'d0': 0.024905832919416667};-280.569866449044;40.49485727801645
9028;-99.7900759465052;((_a3_ + pow2((_a4_ + x))) * (x + (pow2((_a3_ / _a6_)) * x)));{'d0': {'_a3_': 0.42839162686553467, '_a4_': 0.31192970776177253, '_a6_': -0.2778742017928039, '_a0_': 1.0, '_a1_': 1.0, '_a2_': 1.0, '_a5_': 1.0, '_a7_': 1.0}};{'d0': 0.024905832919416667};-280.569866449044;40.49485727801645
9029;-99.7900759465052;((_a3_ + pow2((_a4_ + x))) * (x + (pow2((_a3_ / _a6_)) * x)));{'d0': {'_a3_': 0.42839162686553467, '_a4_': 0.31192970776177253, '_a6_': -0.2778742017928039, '_a0_': 1.0, '_a1_': 1.0, '_a2_': 1.0, '_a5_': 1.0, '_a7_': 1.0}};{'d0': 0.024905832919416667};-280.569866449044;40.49485727801645
9030;-99.7900759465052;((_a3_ + pow2((_a4_ + x))) * (x + (pow2((_a3_ / _a6_)) * x)));{'d0': {'_a3_': 0.42839162686553467, '_a4_': 0.31192970776177253, '_a6_': -0.2778742017928039, '_a0_': 1.0, '_a1_': 1.0, '_a2_': 1.0, '_a5_': 1.0, '_a7_': 1.0}};{'d0': 0.024905832919416667};-280.569866449044;40.49485727801645
9031;-99.7900759465052;((_a3_ + pow2((_a4_ + x))) * (x + (pow2((_a3_ / _a6_)) * x)));{'d0': {'_a3_': 0.42839162686553467, '_a4_': 0.31192970776177253, '_a6_': -0.2778742017928039, '_a0_': 1.0, '_a1_': 1.0, '_a2_': 1.0, '_a5_': 1.0, '_a7_': 1.0}};{'d0': 0.024905832919416667};-280.569866449044;40.49485727801645
9032;-99.7900759465052;((_a3_ + pow2((_a4_ + x))) * (x + (pow2((_a3_ / _a6_)) * x)));{'d0': {'_a3_': 0.42839162686553467, '_a4_': 0.31192970776177253, '_a6_': -0.2778742017928039, '_a0_': 1.0, '_a1_': 1.0, '_a2_': 1.0, '_a5_': 1.0, '_a7_': 1.0}};{'d0': 0.024905832919416667};-280.569866449044;40.49485727801645
9033;-99.7900759465052;((_a3_ + pow2((_a4_ + x))) * (x + (pow2((_a3_ / _a6_)) * x)));{'d0': {'_a3_': 0.42839162686553467, '_a4_': 0.31192970776177253, '_a6_': -0.2778742017928039, '_a0_': 1.0, '_a1_': 1.0, '_a2_': 1.0, '_a5_': 1.0, '_a7_': 1.0}};{'d0': 0.024905832919416667};-280.569866449044;40.49485727801645
9034;-99.7900759465052;((_a3_ + pow2((_a4_ + x))) * (x + (pow2((_a3_ / _a6_)) * x)));{'d0': {'_a3_': 0.42839162686553467, '_a4_': 0.31192970776177253, '_a6_': -0.2778742017928039, '_a0_': 1.0, '_a1_': 1.0, '_a2_': 1.0, '_a5_': 1.0, '_a7_': 1.0}};{'d0': 0.024905832919416667};-280.569866449044;40.49485727801645
9035;-99.7900759465052;((_a3_ + pow2((_a4_ + x))) * (x + (pow2((_a3_ / _a6_)) * x)));{'d0': {'_a3_': 0.42839162686553467, '_a4_': 0.31192970776177253, '_a6_': -0.2778742017928039, '_a0_': 1.0, '_a1_': 1.0, '_a2_': 1.0, '_a5_': 1.0, '_a7_': 1.0}};{'d0': 0.024905832919416667};-280.569866449044;40.49485727801645
9036;-92.8659210092256;((_a3_ + pow2((_a4_ + x))) * (x + (pow2((_a3_ / (_a7_ * _a1_))) * x)));{'d0': {'_a1_': -0.5072277254065232, '_a3_': 0.42839162811583503, '_a4_': 0.3119297077339625, '_a7_': -0.5478291306529746, '_a0_': 1.0, '_a2_': 1.0, '_a5_': 1.0, '_a6_': 1.0}};{'d0': 0.024905832933557793};-276.475521852754;45.37183991715145
9037;-92.9186631538645;((((x * ((sqrt(_a4_) * _a6_) + (x * _a4_))) + _a5_) * (x * x)) / x);{'d0': {'_a4_': 3.376760879136569, '_a5_': 1.7751354042438077, '_a6_': 1.1464018756038719, '_a0_': 1.0, '_a1_': 1.0, '_a2_': 1.0, '_a3_': 1.0, '_a7_': 1.0}};{'d0': 0.024905832919416688};-280.569866449043;47.366270070657414
9038;-92.9186631538645;((((x * ((sqrt(_a4_) * _a6_) + (x * _a4_))) + _a5_) * (x * x)) / x);{'d0': {'_a4_': 3.376760879136569, '_a5_': 1.7751354042438077, '_a6_': 1.1464018756038719, '_a0_': 1.0, '_a1_': 1.0, '_a2_': 1.0, '_a3_': 1.0, '_a7_': 1.0}};{'d0': 0.024905832919416688};-280.569866449043;47.366270070657414
9039;-92.9186631538645;((((x * ((sqrt(_a4_) * _a6_) + (x * _a4_))) + _a5_) * (x * x)) / x);{'d0': {'_a4_': 3.376760879136569, '_a5_': 1.7751354042438077, '_a6_': 1.1464018756038719, '_a0_': 1.0, '_a1_': 1.0, '_a2_': 1.0, '_a3_': 1.0, '_a7_': 1.0}};{'d0': 0.024905832919416688};-280.569866449043;47.366270070657414
9040;-92.9186631538645;((((x * ((sqrt(_a4_) * _a6_) + (x * _a4_))) + _a5_) * (x * x)) / x);{'d0': {'_a4_': 3.376760879136569, '_a5_': 1.7751354042438077, '_a6_': 1.1464018756038719, '_a0_': 1.0, '_a1_': 1.0, '_a2_': 1.0, '_a3_': 1.0, '_a7_': 1.0}};{'d0': 0.024905832919416688};-280.569866449043;47.366270070657414
9041;-92.9186631538645;((((x * ((sqrt(_a4_) * _a6_) + (x * _a4_))) + _a5_) * (x * x)) / x);{'d0': {'_a4_': 3.376760879136569, '_a5_': 1.7751354042438077, '_a6_': 1.1464018756038719, '_a0_': 1.0, '_a1_': 1.0, '_a2_': 1.0, '_a3_': 1.0, '_a7_': 1.0}};{'d0': 0.024905832919416688};-280.569866449043;47.366270070657414
9042;-92.9186631538645;((((x * ((sqrt(_a4_) * _a6_) + (x * _a4_))) + _a5_) * (x * x)) / x);{'d0': {'_a4_': 3.376760879136569, '_a5_': 1.7751354042438077, '_a6_': 1.1464018756038719, '_a0_': 1.0, '_a1_': 1.0, '_a2_': 1.0, '_a3_': 1.0, '_a7_': 1.0}};{'d0': 0.024905832919416688};-280.569866449043;47.366270070657414
9043;-92.9186631538645;((((x * ((sqrt(_a4_) * _a6_) + (x * _a4_))) + _a5_) * (x * x)) / x);{'d0': {'_a4_': 3.376760879136569, '_a5_': 1.7751354042438077, '_a6_': 1.1464018756038719, '_a0_': 1.0, '_a1_': 1.0, '_a2_': 1.0, '_a3_': 1.0, '_a7_': 1.0}};{'d0': 0.024905832919416688};-280.569866449043;47.366270070657414
9044;-92.9186631538645;((((x * ((sqrt(_a4_) * _a6_) + (x * _a4_))) + _a5_) * (x * x)) / x);{'d0': {'_a4_': 3.376760879136569, '_a5_': 1.7751354042438077, '_a6_': 1.1464018756038719, '_a0_': 1.0, '_a1_': 1.0, '_a2_': 1.0, '_a3_': 1.0, '_a7_': 1.0}};{'d0': 0.024905832919416688};-280.569866449043;47.366270070657414
9045;-92.9186631538645;((((x * ((sqrt(_a4_) * _a6_) + (x * _a4_))) + _a5_) * (x * x)) / x);{'d0': {'_a4_': 3.376760879136569, '_a5_': 1.7751354042438077, '_a6_': 1.1464018756038719, '_a0_': 1.0, '_a1_': 1.0, '_a2_': 1.0, '_a3_': 1.0, '_a7_': 1.0}};{'d0': 0.024905832919416688};-280.569866449043;47.366270070657414
9046;-92.9186631538645;((((x * ((sqrt(_a4_) * _a6_) + (x * _a4_))) + _a5_) * (x * x)) / x);{'d0': {'_a4_': 3.376760879136569, '_a5_': 1.7751354042438077, '_a6_': 1.1464018756038719, '_a0_': 1.0, '_a1_': 1.0, '_a2_': 1.0, '_a3_': 1.0, '_a7_': 1.0}};{'d0': 0.024905832919416688};-280.569866449043;47.366270070657414
9047;-92.9186631538645;((((x * ((sqrt(_a4_) * _a6_) + (x * _a4_))) + _a5_) * (x * x)) / x);{'d0': {'_a4_': 3.376760879136569, '_a5_': 1.7751354042438077, '_a6_': 1.1464018756038719, '_a0_': 1.0, '_a1_': 1.0, '_a2_': 1.0, '_a3_': 1.0, '_a7_': 1.0}};{'d0': 0.024905832919416688};-280.569866449043;47.366270070657414
9048;-92.9186631538645;((((x * ((sqrt(_a4_) * _a6_) + (x * _a4_))) + _a5_) * (x * x)) / x);{'d0': {'_a4_': 3.376760879136569, '_a5_': 1.7751354042438077, '_a6_': 1.1464018756038719, '_a0_': 1.0, '_a1_': 1.0, '_a2_': 1.0, '_a3_': 1.0, '_a7_': 1.0}};{'d0': 0.024905832919416688};-280.569866449043;47.366270070657414
9049;-92.9186631538645;((((x * ((sqrt(_a4_) * _a6_) + (x * _a4_))) + _a5_) * (x * x)) / x);{'d0': {'_a4_': 3.376760879136569, '_a5_': 1.7751354042438077, '_a6_': 1.1464018756038719, '_a0_': 1.0, '_a1_': 1.0, '_a2_': 1.0, '_a3_': 1.0, '_a7_': 1.0}};{'d0': 0.024905832919416688};-280.569866449043;47.366270070657414
9050;-92.9186631538645;((((x * ((sqrt(_a4_) * _a6_) + (x * _a4_))) + _a5_) * (x * x)) / x);{'d0': {'_a4_': 3.376760879136569, '_a5_': 1.7751354042438077, '_a6_': 1.1464018756038719, '_a0_': 1.0, '_a1_': 1.0, '_a2_': 1.0, '_a3_': 1.0, '_a7_': 1.0}};{'d0': 0.024905832919416688};-280.569866449043;47.366270070657414
9051;-92.9186631538645;((((x * ((sqrt(_a4_) * _a6_) + (x * _a4_))) + _a5_) * (x * x)) / x);{'d0': {'_a4_': 3.376760879136569, '_a5_': 1.7751354042438077, '_a6_': 1.1464018756038719, '_a0_': 1.0, '_a1_': 1.0, '_a2_': 1.0, '_a3_': 1.0, '_a7_': 1.0}};{'d0': 0.024905832919416688};-280.569866449043;47.366270070657414
9052;-92.9186631538645;((((x * ((sqrt(_a4_) * _a6_) + (x * _a4_))) + _a5_) * (x * x)) / x);{'d0': {'_a4_': 3.376760879136569, '_a5_': 1.7751354042438077, '_a6_': 1.1464018756038719, '_a0_': 1.0, '_a1_': 1.0, '_a2_': 1.0, '_a3_': 1.0, '_a7_': 1.0}};{'d0': 0.024905832919416688};-280.569866449043;47.366270070657414
9053;-92.9186631538645;((((x * ((sqrt(_a4_) * _a6_) + (x * _a4_))) + _a5_) * (x * x)) / x);{'d0': {'_a4_': 3.376760879136569, '_a5_': 1.7751354042438077, '_a6_': 1.1464018756038719, '_a0_': 1.0, '_a1_': 1.0, '_a2_': 1.0, '_a3_': 1.0, '_a7_': 1.0}};{'d0': 0.024905832919416688};-280.569866449043;47.366270070657414
9054;-92.9186631538645;((((x * ((sqrt(_a4_) * _a6_) + (x * _a4_))) + _a5_) * (x * x)) / x);{'d0': {'_a4_': 3.376760879136569, '_a5_': 1.7751354042438077, '_a6_': 1.1464018756038719, '_a0_': 1.0, '_a1_': 1.0, '_a2_': 1.0, '_a3_': 1.0, '_a7_': 1.0}};{'d0': 0.024905832919416688};-280.569866449043;47.366270070657414
9055;-86.2551148077645;((((x * ((sqrt((_a4_ ** _a5_)) * _a6_) + (x * _a4_))) + _a5_) * (x * x)) / x);{'d0': {'_a4_': 3.37676087819725, '_a5_': 1.775135404279506, '_a6_': 0.7153313158338911, '_a0_': 1.0, '_a1_': 1.0, '_a2_': 1.0, '_a3_': 1.0, '_a7_': 1.0}};{'d0': 0.02490583291941661};-280.569866449044;54.029818416757415
9056;-86.2551148077645;((((x * ((sqrt((_a4_ ** _a5_)) * _a6_) + (x * _a4_))) + _a5_) * (x * x)) / x);{'d0': {'_a4_': 3.37676087819725, '_a5_': 1.775135404279506, '_a6_': 0.7153313158338911, '_a0_': 1.0, '_a1_': 1.0, '_a2_': 1.0, '_a3_': 1.0, '_a7_': 1.0}};{'d0': 0.02490583291941661};-280.569866449044;54.029818416757415
9057;-86.2551148077645;((((x * ((sqrt((_a4_ ** _a5_)) * _a6_) + (x * _a4_))) + _a5_) * (x * x)) / x);{'d0': {'_a4_': 3.37676087819725, '_a5_': 1.775135404279506, '_a6_': 0.7153313158338911, '_a0_': 1.0, '_a1_': 1.0, '_a2_': 1.0, '_a3_': 1.0, '_a7_': 1.0}};{'d0': 0.02490583291941661};-280.569866449044;54.029818416757415
9058;-86.2551148077645;((((x * ((sqrt((_a4_ ** _a5_)) * _a6_) + (x * _a4_))) + _a5_) * (x * x)) / x);{'d0': {'_a4_': 3.37676087819725, '_a5_': 1.775135404279506, '_a6_': 0.7153313158338911, '_a0_': 1.0, '_a1_': 1.0, '_a2_': 1.0, '_a3_': 1.0, '_a7_': 1.0}};{'d0': 0.02490583291941661};-280.569866449044;54.029818416757415
9059;-86.2551148077645;((((x * ((sqrt((_a4_ ** _a5_)) * _a6_) + (x * _a4_))) + _a5_) * (x * x)) / x);{'d0': {'_a4_': 3.37676087819725, '_a5_': 1.775135404279506, '_a6_': 0.7153313158338911, '_a0_': 1.0, '_a1_': 1.0, '_a2_': 1.0, '_a3_': 1.0, '_a7_': 1.0}};{'d0': 0.02490583291941661};-280.569866449044;54.029818416757415
9060;-86.2551148077645;((((x * ((sqrt((_a4_ ** _a5_)) * _a6_) + (x * _a4_))) + _a5_) * (x * x)) / x);{'d0': {'_a4_': 3.37676087819725, '_a5_': 1.775135404279506, '_a6_': 0.7153313158338911, '_a0_': 1.0, '_a1_': 1.0, '_a2_': 1.0, '_a3_': 1.0, '_a7_': 1.0}};{'d0': 0.02490583291941661};-280.569866449044;54.029818416757415
9061;-86.2551148077645;((((x * ((sqrt((_a4_ ** _a5_)) * _a6_) + (x * _a4_))) + _a5_) * (x * x)) / x);{'d0': {'_a4_': 3.37676087819725, '_a5_': 1.775135404279506, '_a6_': 0.7153313158338911, '_a0_': 1.0, '_a1_': 1.0, '_a2_': 1.0, '_a3_': 1.0, '_a7_': 1.0}};{'d0': 0.02490583291941661};-280.569866449044;54.029818416757415
9062;-86.2551148077645;((((x * ((sqrt((_a4_ ** _a5_)) * _a6_) + (x * _a4_))) + _a5_) * (x * x)) / x);{'d0': {'_a4_': 3.37676087819725, '_a5_': 1.775135404279506, '_a6_': 0.7153313158338911, '_a0_': 1.0, '_a1_': 1.0, '_a2_': 1.0, '_a3_': 1.0, '_a7_': 1.0}};{'d0': 0.02490583291941661};-280.569866449044;54.029818416757415
9063;-86.2551148077645;((((x * ((sqrt((_a4_ ** _a5_)) * _a6_) + (x * _a4_))) + _a5_) * (x * x)) / x);{'d0': {'_a4_': 3.37676087819725, '_a5_': 1.775135404279506, '_a6_': 0.7153313158338911, '_a0_': 1.0, '_a1_': 1.0, '_a2_': 1.0, '_a3_': 1.0, '_a7_': 1.0}};{'d0': 0.02490583291941661};-280.569866449044;54.029818416757415
9064;-86.2551148077645;((((x * ((sqrt((_a4_ ** _a5_)) * _a6_) + (x * _a4_))) + _a5_) * (x * x)) / x);{'d0': {'_a4_': 3.37676087819725, '_a5_': 1.775135404279506, '_a6_': 0.7153313158338911, '_a0_': 1.0, '_a1_': 1.0, '_a2_': 1.0, '_a3_': 1.0, '_a7_': 1.0}};{'d0': 0.02490583291941661};-280.569866449044;54.029818416757415
9065;-86.2551148077645;((((x * ((sqrt((_a4_ ** _a5_)) * _a6_) + (x * _a4_))) + _a5_) * (x * x)) / x);{'d0': {'_a4_': 3.37676087819725, '_a5_': 1.775135404279506, '_a6_': 0.7153313158338911, '_a0_': 1.0, '_a1_': 1.0, '_a2_': 1.0, '_a3_': 1.0, '_a7_': 1.0}};{'d0': 0.02490583291941661};-280.569866449044;54.029818416757415
9066;-86.2551148077645;((((x * ((sqrt((_a4_ ** _a5_)) * _a6_) + (x * _a4_))) + _a5_) * (x * x)) / x);{'d0': {'_a4_': 3.37676087819725, '_a5_': 1.775135404279506, '_a6_': 0.7153313158338911, '_a0_': 1.0, '_a1_': 1.0, '_a2_': 1.0, '_a3_': 1.0, '_a7_': 1.0}};{'d0': 0.02490583291941661};-280.569866449044;54.029818416757415
9067;-86.2551148077645;((((x * ((sqrt((_a4_ ** _a5_)) * _a6_) + (x * _a4_))) + _a5_) * (x * x)) / x);{'d0': {'_a4_': 3.37676087819725, '_a5_': 1.775135404279506, '_a6_': 0.7153313158338911, '_a0_': 1.0, '_a1_': 1.0, '_a2_': 1.0, '_a3_': 1.0, '_a7_': 1.0}};{'d0': 0.02490583291941661};-280.569866449044;54.029818416757415
9068;-86.2551148077645;((((x * ((sqrt((_a4_ ** _a5_)) * _a6_) + (x * _a4_))) + _a5_) * (x * x)) / x);{'d0': {'_a4_': 3.37676087819725, '_a5_': 1.775135404279506, '_a6_': 0.7153313158338911, '_a0_': 1.0, '_a1_': 1.0, '_a2_': 1.0, '_a3_': 1.0, '_a7_': 1.0}};{'d0': 0.02490583291941661};-280.569866449044;54.029818416757415
9069;-86.2551148077645;((((x * ((sqrt((_a4_ ** _a5_)) * _a6_) + (x * _a4_))) + _a5_) * (x * x)) / x);{'d0': {'_a4_': 3.37676087819725, '_a5_': 1.775135404279506, '_a6_': 0.7153313158338911, '_a0_': 1.0, '_a1_': 1.0, '_a2_': 1.0, '_a3_': 1.0, '_a7_': 1.0}};{'d0': 0.02490583291941661};-280.569866449044;54.029818416757415
9070;-86.2551148077645;((((x * ((sqrt((_a4_ ** _a5_)) * _a6_) + (x * _a4_))) + _a5_) * (x * x)) / x);{'d0': {'_a4_': 3.37676087819725, '_a5_': 1.775135404279506, '_a6_': 0.7153313158338911, '_a0_': 1.0, '_a1_': 1.0, '_a2_': 1.0, '_a3_': 1.0, '_a7_': 1.0}};{'d0': 0.02490583291941661};-280.569866449044;54.029818416757415
9071;-86.2551148077645;((((x * ((sqrt((_a4_ ** _a5_)) * _a6_) + (x * _a4_))) + _a5_) * (x * x)) / x);{'d0': {'_a4_': 3.37676087819725, '_a5_': 1.775135404279506, '_a6_': 0.7153313158338911, '_a0_': 1.0, '_a1_': 1.0, '_a2_': 1.0, '_a3_': 1.0, '_a7_': 1.0}};{'d0': 0.02490583291941661};-280.569866449044;54.029818416757415
9072;-86.2551148077645;((((x * ((sqrt((_a4_ ** _a5_)) * _a6_) + (x * _a4_))) + _a5_) * (x * x)) / x);{'d0': {'_a4_': 3.37676087819725, '_a5_': 1.775135404279506, '_a6_': 0.7153313158338911, '_a0_': 1.0, '_a1_': 1.0, '_a2_': 1.0, '_a3_': 1.0, '_a7_': 1.0}};{'d0': 0.02490583291941661};-280.569866449044;54.029818416757415
9073;-86.2551148077645;((((x * ((sqrt((_a4_ ** _a5_)) * _a6_) + (x * _a4_))) + _a5_) * (x * x)) / x);{'d0': {'_a4_': 3.37676087819725, '_a5_': 1.775135404279506, '_a6_': 0.7153313158338911, '_a0_': 1.0, '_a1_': 1.0, '_a2_': 1.0, '_a3_': 1.0, '_a7_': 1.0}};{'d0': 0.02490583291941661};-280.569866449044;54.029818416757415
9074;-86.2551148077645;((((x * ((sqrt((_a4_ ** _a5_)) * _a6_) + (x * _a4_))) + _a5_) * (x * x)) / x);{'d0': {'_a4_': 3.37676087819725, '_a5_': 1.775135404279506, '_a6_': 0.7153313158338911, '_a0_': 1.0, '_a1_': 1.0, '_a2_': 1.0, '_a3_': 1.0, '_a7_': 1.0}};{'d0': 0.02490583291941661};-280.569866449044;54.029818416757415
9075;-86.2551148077645;((((x * ((sqrt((_a4_ ** _a5_)) * _a6_) + (x * _a4_))) + _a5_) * (x * x)) / x);{'d0': {'_a4_': 3.37676087819725, '_a5_': 1.775135404279506, '_a6_': 0.7153313158338911, '_a0_': 1.0, '_a1_': 1.0, '_a2_': 1.0, '_a3_': 1.0, '_a7_': 1.0}};{'d0': 0.02490583291941661};-280.569866449044;54.029818416757415
9076;-86.2551148077645;((((x * ((sqrt((_a4_ ** _a5_)) * _a6_) + (x * _a4_))) + _a5_) * (x * x)) / x);{'d0': {'_a4_': 3.37676087819725, '_a5_': 1.775135404279506, '_a6_': 0.7153313158338911, '_a0_': 1.0, '_a1_': 1.0, '_a2_': 1.0, '_a3_': 1.0, '_a7_': 1.0}};{'d0': 0.02490583291941661};-280.569866449044;54.029818416757415
9077;-86.2551148077645;((((x * ((sqrt((_a4_ ** _a5_)) * _a6_) + (x * _a4_))) + _a5_) * (x * x)) / x);{'d0': {'_a4_': 3.37676087819725, '_a5_': 1.775135404279506, '_a6_': 0.7153313158338911, '_a0_': 1.0, '_a1_': 1.0, '_a2_': 1.0, '_a3_': 1.0, '_a7_': 1.0}};{'d0': 0.02490583291941661};-280.569866449044;54.029818416757415
9078;-86.2551148077645;((((x * ((sqrt((_a4_ ** _a5_)) * _a6_) + (x * _a4_))) + _a5_) * (x * x)) / x);{'d0': {'_a4_': 3.37676087819725, '_a5_': 1.775135404279506, '_a6_': 0.7153313158338911, '_a0_': 1.0, '_a1_': 1.0, '_a2_': 1.0, '_a3_': 1.0, '_a7_': 1.0}};{'d0': 0.02490583291941661};-280.569866449044;54.029818416757415
9079;-86.2551148077645;((((x * ((sqrt((_a4_ ** _a5_)) * _a6_) + (x * _a4_))) + _a5_) * (x * x)) / x);{'d0': {'_a4_': 3.37676087819725, '_a5_': 1.775135404279506, '_a6_': 0.7153313158338911, '_a0_': 1.0, '_a1_': 1.0, '_a2_': 1.0, '_a3_': 1.0, '_a7_': 1.0}};{'d0': 0.02490583291941661};-280.569866449044;54.029818416757415
9080;-86.2551148077645;((((x * ((sqrt((_a4_ ** _a5_)) * _a6_) + (x * _a4_))) + _a5_) * (x * x)) / x);{'d0': {'_a4_': 3.37676087819725, '_a5_': 1.775135404279506, '_a6_': 0.7153313158338911, '_a0_': 1.0, '_a1_': 1.0, '_a2_': 1.0, '_a3_': 1.0, '_a7_': 1.0}};{'d0': 0.02490583291941661};-280.569866449044;54.029818416757415
9081;-86.2551148077645;((((x * ((sqrt((_a4_ ** _a5_)) * _a6_) + (x * _a4_))) + _a5_) * (x * x)) / x);{'d0': {'_a4_': 3.37676087819725, '_a5_': 1.775135404279506, '_a6_': 0.7153313158338911, '_a0_': 1.0, '_a1_': 1.0, '_a2_': 1.0, '_a3_': 1.0, '_a7_': 1.0}};{'d0': 0.02490583291941661};-280.569866449044;54.029818416757415
9082;-86.2551148077645;((((x * ((sqrt((_a4_ ** _a5_)) * _a6_) + (x * _a4_))) + _a5_) * (x * x)) / x);{'d0': {'_a4_': 3.37676087819725, '_a5_': 1.775135404279506, '_a6_': 0.7153313158338911, '_a0_': 1.0, '_a1_': 1.0, '_a2_': 1.0, '_a3_': 1.0, '_a7_': 1.0}};{'d0': 0.02490583291941661};-280.569866449044;54.029818416757415
9083;-86.2551148077645;((((x * ((sqrt((_a4_ ** _a5_)) * _a6_) + (x * _a4_))) + _a5_) * (x * x)) / x);{'d0': {'_a4_': 3.37676087819725, '_a5_': 1.775135404279506, '_a6_': 0.7153313158338911, '_a0_': 1.0, '_a1_': 1.0, '_a2_': 1.0, '_a3_': 1.0, '_a7_': 1.0}};{'d0': 0.02490583291941661};-280.569866449044;54.029818416757415
9084;-86.2551148077645;((((x * ((sqrt((_a4_ ** _a5_)) * _a6_) + (x * _a4_))) + _a5_) * (x * x)) / x);{'d0': {'_a4_': 3.37676087819725, '_a5_': 1.775135404279506, '_a6_': 0.7153313158338911, '_a0_': 1.0, '_a1_': 1.0, '_a2_': 1.0, '_a3_': 1.0, '_a7_': 1.0}};{'d0': 0.02490583291941661};-280.569866449044;54.029818416757415
9085;-86.2551148077645;((((x * ((sqrt((_a4_ ** _a5_)) * _a6_) + (x * _a4_))) + _a5_) * (x * x)) / x);{'d0': {'_a4_': 3.37676087819725, '_a5_': 1.775135404279506, '_a6_': 0.7153313158338911, '_a0_': 1.0, '_a1_': 1.0, '_a2_': 1.0, '_a3_': 1.0, '_a7_': 1.0}};{'d0': 0.02490583291941661};-280.569866449044;54.029818416757415
9086;-86.2551148077645;((((x * ((sqrt((_a4_ ** _a5_)) * _a6_) + (x * _a4_))) + _a5_) * (x * x)) / x);{'d0': {'_a4_': 3.37676087819725, '_a5_': 1.775135404279506, '_a6_': 0.7153313158338911, '_a0_': 1.0, '_a1_': 1.0, '_a2_': 1.0, '_a3_': 1.0, '_a7_': 1.0}};{'d0': 0.02490583291941661};-280.569866449044;54.029818416757415
9087;-86.2551148077645;((((x * ((sqrt((_a4_ ** _a5_)) * _a6_) + (x * _a4_))) + _a5_) * (x * x)) / x);{'d0': {'_a4_': 3.37676087819725, '_a5_': 1.775135404279506, '_a6_': 0.7153313158338911, '_a0_': 1.0, '_a1_': 1.0, '_a2_': 1.0, '_a3_': 1.0, '_a7_': 1.0}};{'d0': 0.02490583291941661};-280.569866449044;54.029818416757415
9088;-86.3015539712509;((((x * ((sqrt(sin(_a5_)) * _a6_) + (x * _a4_))) + _a5_) * (x * x)) / x);{'d0': {'_a4_': 3.3767608796052917, '_a5_': 1.7751354042999572, '_a6_': 2.1288858674693576, '_a0_': 1.0, '_a1_': 1.0, '_a2_': 1.0, '_a3_': 1.0, '_a7_': 1.0}};{'d0': 0.024905832919416684};-280.569866449043;53.98337925327093
9089;-92.9186631538645;((((x * ((sqrt(_a4_) * _a6_) + (x * _a4_))) + _a5_) * (x * x)) / x);{'d0': {'_a4_': 3.376760879136569, '_a5_': 1.7751354042438077, '_a6_': 1.1464018756038719, '_a0_': 1.0, '_a1_': 1.0, '_a2_': 1.0, '_a3_': 1.0, '_a7_': 1.0}};{'d0': 0.024905832919416688};-280.569866449043;47.366270070657414
9090;-92.9186631538645;((((x * ((sqrt(_a4_) * _a6_) + (x * _a4_))) + _a5_) * (x * x)) / x);{'d0': {'_a4_': 3.376760879136569, '_a5_': 1.7751354042438077, '_a6_': 1.1464018756038719, '_a0_': 1.0, '_a1_': 1.0, '_a2_': 1.0, '_a3_': 1.0, '_a7_': 1.0}};{'d0': 0.024905832919416688};-280.569866449043;47.366270070657414
9091;-92.9186631538645;((((x * ((sqrt(_a4_) * _a6_) + (x * _a4_))) + _a5_) * (x * x)) / x);{'d0': {'_a4_': 3.376760879136569, '_a5_': 1.7751354042438077, '_a6_': 1.1464018756038719, '_a0_': 1.0, '_a1_': 1.0, '_a2_': 1.0, '_a3_': 1.0, '_a7_': 1.0}};{'d0': 0.024905832919416688};-280.569866449043;47.366270070657414
9092;-92.9186631538645;((((x * ((sqrt(_a4_) * _a6_) + (x * _a4_))) + _a5_) * (x * x)) / x);{'d0': {'_a4_': 3.376760879136569, '_a5_': 1.7751354042438077, '_a6_': 1.1464018756038719, '_a0_': 1.0, '_a1_': 1.0, '_a2_': 1.0, '_a3_': 1.0, '_a7_': 1.0}};{'d0': 0.024905832919416688};-280.569866449043;47.366270070657414
9093;-92.9186631538645;((((x * ((sqrt(_a4_) * _a6_) + (x * _a4_))) + _a5_) * (x * x)) / x);{'d0': {'_a4_': 3.376760879136569, '_a5_': 1.7751354042438077, '_a6_': 1.1464018756038719, '_a0_': 1.0, '_a1_': 1.0, '_a2_': 1.0, '_a3_': 1.0, '_a7_': 1.0}};{'d0': 0.024905832919416688};-280.569866449043;47.366270070657414
9094;-92.9186631538645;((((x * ((sqrt(_a4_) * _a6_) + (x * _a4_))) + _a5_) * (x * x)) / x);{'d0': {'_a4_': 3.376760879136569, '_a5_': 1.7751354042438077, '_a6_': 1.1464018756038719, '_a0_': 1.0, '_a1_': 1.0, '_a2_': 1.0, '_a3_': 1.0, '_a7_': 1.0}};{'d0': 0.024905832919416688};-280.569866449043;47.366270070657414
9095;-92.9186631538645;((((x * ((sqrt(_a4_) * _a6_) + (x * _a4_))) + _a5_) * (x * x)) / x);{'d0': {'_a4_': 3.376760879136569, '_a5_': 1.7751354042438077, '_a6_': 1.1464018756038719, '_a0_': 1.0, '_a1_': 1.0, '_a2_': 1.0, '_a3_': 1.0, '_a7_': 1.0}};{'d0': 0.024905832919416688};-280.569866449043;47.366270070657414
9096;-92.9186631538645;((((x * ((sqrt(_a4_) * _a6_) + (x * _a4_))) + _a5_) * (x * x)) / x);{'d0': {'_a4_': 3.376760879136569, '_a5_': 1.7751354042438077, '_a6_': 1.1464018756038719, '_a0_': 1.0, '_a1_': 1.0, '_a2_': 1.0, '_a3_': 1.0, '_a7_': 1.0}};{'d0': 0.024905832919416688};-280.569866449043;47.366270070657414
9097;-92.9186631538645;((((x * ((sqrt(_a4_) * _a6_) + (x * _a4_))) + _a5_) * (x * x)) / x);{'d0': {'_a4_': 3.376760879136569, '_a5_': 1.7751354042438077, '_a6_': 1.1464018756038719, '_a0_': 1.0, '_a1_': 1.0, '_a2_': 1.0, '_a3_': 1.0, '_a7_': 1.0}};{'d0': 0.024905832919416688};-280.569866449043;47.366270070657414
9098;-92.9186631538645;((((x * ((sqrt(_a4_) * _a6_) + (x * _a4_))) + _a5_) * (x * x)) / x);{'d0': {'_a4_': 3.376760879136569, '_a5_': 1.7751354042438077, '_a6_': 1.1464018756038719, '_a0_': 1.0, '_a1_': 1.0, '_a2_': 1.0, '_a3_': 1.0, '_a7_': 1.0}};{'d0': 0.024905832919416688};-280.569866449043;47.366270070657414
9099;-92.9186631538645;((((x * ((sqrt(_a4_) * _a6_) + (x * _a4_))) + _a5_) * (x * x)) / x);{'d0': {'_a4_': 3.376760879136569, '_a5_': 1.7751354042438077, '_a6_': 1.1464018756038719, '_a0_': 1.0, '_a1_': 1.0, '_a2_': 1.0, '_a3_': 1.0, '_a7_': 1.0}};{'d0': 0.024905832919416688};-280.569866449043;47.366270070657414
9100;-92.9186631538645;((((x * ((sqrt(_a4_) * _a6_) + (x * _a4_))) + _a5_) * (x * x)) / x);{'d0': {'_a4_': 3.376760879136569, '_a5_': 1.7751354042438077, '_a6_': 1.1464018756038719, '_a0_': 1.0, '_a1_': 1.0, '_a2_': 1.0, '_a3_': 1.0, '_a7_': 1.0}};{'d0': 0.024905832919416688};-280.569866449043;47.366270070657414
9101;-81.0247188865485;((_a3_ + pow2((_a4_ + x))) * (x + (pow2((_a6_ / (_a7_ * ((_a3_ + _a6_) + _a7_)))) * x)));{'d0': {'_a3_': 0.4283916278829727, '_a4_': 0.3119297078511501, '_a6_': 5339691.197215012, '_a7_': -5339690.976961633, '_a0_': 1.0, '_a1_': 1.0, '_a2_': 1.0, '_a5_': 1.0}};{'d0': 0.024905832953994844};-276.475521803520;57.21304201521144
9102;-81.0247188865485;((_a3_ + pow2((_a4_ + x))) * (x + (pow2((_a6_ / (_a7_ * ((_a3_ + _a6_) + _a7_)))) * x)));{'d0': {'_a3_': 0.4283916278829727, '_a4_': 0.3119297078511501, '_a6_': 5339691.197215012, '_a7_': -5339690.976961633, '_a0_': 1.0, '_a1_': 1.0, '_a2_': 1.0, '_a5_': 1.0}};{'d0': 0.024905832953994844};-276.475521803520;57.21304201521144
9103;-81.0247188865485;((_a3_ + pow2((_a4_ + x))) * (x + (pow2((_a6_ / (_a7_ * ((_a3_ + _a6_) + _a7_)))) * x)));{'d0': {'_a3_': 0.4283916278829727, '_a4_': 0.3119297078511501, '_a6_': 5339691.197215012, '_a7_': -5339690.976961633, '_a0_': 1.0, '_a1_': 1.0, '_a2_': 1.0, '_a5_': 1.0}};{'d0': 0.024905832953994844};-276.475521803520;57.21304201521144
9104;-81.0247188865485;((_a3_ + pow2((_a4_ + x))) * (x + (pow2((_a6_ / (_a7_ * ((_a3_ + _a6_) + _a7_)))) * x)));{'d0': {'_a3_': 0.4283916278829727, '_a4_': 0.3119297078511501, '_a6_': 5339691.197215012, '_a7_': -5339690.976961633, '_a0_': 1.0, '_a1_': 1.0, '_a2_': 1.0, '_a5_': 1.0}};{'d0': 0.024905832953994844};-276.475521803520;57.21304201521144
9105;-81.0247188865485;((_a3_ + pow2((_a4_ + x))) * (x + (pow2((_a6_ / (_a7_ * ((_a3_ + _a6_) + _a7_)))) * x)));{'d0': {'_a3_': 0.4283916278829727, '_a4_': 0.3119297078511501, '_a6_': 5339691.197215012, '_a7_': -5339690.976961633, '_a0_': 1.0, '_a1_': 1.0, '_a2_': 1.0, '_a5_': 1.0}};{'d0': 0.024905832953994844};-276.475521803520;57.21304201521144
9106;-81.0247188865485;((_a3_ + pow2((_a4_ + x))) * (x + (pow2((_a6_ / (_a7_ * ((_a3_ + _a6_) + _a7_)))) * x)));{'d0': {'_a3_': 0.4283916278829727, '_a4_': 0.3119297078511501, '_a6_': 5339691.197215012, '_a7_': -5339690.976961633, '_a0_': 1.0, '_a1_': 1.0, '_a2_': 1.0, '_a5_': 1.0}};{'d0': 0.024905832953994844};-276.475521803520;57.21304201521144
9107;-81.0247188865485;((_a3_ + pow2((_a4_ + x))) * (x + (pow2((_a6_ / (_a7_ * ((_a3_ + _a6_) + _a7_)))) * x)));{'d0': {'_a3_': 0.4283916278829727, '_a4_': 0.3119297078511501, '_a6_': 5339691.197215012, '_a7_': -5339690.976961633, '_a0_': 1.0, '_a1_': 1.0, '_a2_': 1.0, '_a5_': 1.0}};{'d0': 0.024905832953994844};-276.475521803520;57.21304201521144
9108;-81.0247188865485;((_a3_ + pow2((_a4_ + x))) * (x + (pow2((_a6_ / (_a7_ * ((_a3_ + _a6_) + _a7_)))) * x)));{'d0': {'_a3_': 0.4283916278829727, '_a4_': 0.3119297078511501, '_a6_': 5339691.197215012, '_a7_': -5339690.976961633, '_a0_': 1.0, '_a1_': 1.0, '_a2_': 1.0, '_a5_': 1.0}};{'d0': 0.024905832953994844};-276.475521803520;57.21304201521144
9109;-81.0247188865485;((_a3_ + pow2((_a4_ + x))) * (x + (pow2((_a6_ / (_a7_ * ((_a3_ + _a6_) + _a7_)))) * x)));{'d0': {'_a3_': 0.4283916278829727, '_a4_': 0.3119297078511501, '_a6_': 5339691.197215012, '_a7_': -5339690.976961633, '_a0_': 1.0, '_a1_': 1.0, '_a2_': 1.0, '_a5_': 1.0}};{'d0': 0.024905832953994844};-276.475521803520;57.21304201521144
9110;-81.0247188865485;((_a3_ + pow2((_a4_ + x))) * (x + (pow2((_a6_ / (_a7_ * ((_a3_ + _a6_) + _a7_)))) * x)));{'d0': {'_a3_': 0.4283916278829727, '_a4_': 0.3119297078511501, '_a6_': 5339691.197215012, '_a7_': -5339690.976961633, '_a0_': 1.0, '_a1_': 1.0, '_a2_': 1.0, '_a5_': 1.0}};{'d0': 0.024905832953994844};-276.475521803520;57.21304201521144
9111;-81.0247188865485;((_a3_ + pow2((_a4_ + x))) * (x + (pow2((_a6_ / (_a7_ * ((_a3_ + _a6_) + _a7_)))) * x)));{'d0': {'_a3_': 0.4283916278829727, '_a4_': 0.3119297078511501, '_a6_': 5339691.197215012, '_a7_': -5339690.976961633, '_a0_': 1.0, '_a1_': 1.0, '_a2_': 1.0, '_a5_': 1.0}};{'d0': 0.024905832953994844};-276.475521803520;57.21304201521144
9112;-81.0247188865485;((_a3_ + pow2((_a4_ + x))) * (x + (pow2((_a6_ / (_a7_ * ((_a3_ + _a6_) + _a7_)))) * x)));{'d0': {'_a3_': 0.4283916278829727, '_a4_': 0.3119297078511501, '_a6_': 5339691.197215012, '_a7_': -5339690.976961633, '_a0_': 1.0, '_a1_': 1.0, '_a2_': 1.0, '_a5_': 1.0}};{'d0': 0.024905832953994844};-276.475521803520;57.21304201521144
9113;-81.0247188865485;((_a3_ + pow2((_a4_ + x))) * (x + (pow2((_a6_ / (_a7_ * ((_a3_ + _a6_) + _a7_)))) * x)));{'d0': {'_a3_': 0.4283916278829727, '_a4_': 0.3119297078511501, '_a6_': 5339691.197215012, '_a7_': -5339690.976961633, '_a0_': 1.0, '_a1_': 1.0, '_a2_': 1.0, '_a5_': 1.0}};{'d0': 0.024905832953994844};-276.475521803520;57.21304201521144
9114;-81.0247188865485;((_a3_ + pow2((_a4_ + x))) * (x + (pow2((_a6_ / (_a7_ * ((_a3_ + _a6_) + _a7_)))) * x)));{'d0': {'_a3_': 0.4283916278829727, '_a4_': 0.3119297078511501, '_a6_': 5339691.197215012, '_a7_': -5339690.976961633, '_a0_': 1.0, '_a1_': 1.0, '_a2_': 1.0, '_a5_': 1.0}};{'d0': 0.024905832953994844};-276.475521803520;57.21304201521144
9115;-81.0247188865485;((_a3_ + pow2((_a4_ + x))) * (x + (pow2((_a6_ / (_a7_ * ((_a3_ + _a6_) + _a7_)))) * x)));{'d0': {'_a3_': 0.4283916278829727, '_a4_': 0.3119297078511501, '_a6_': 5339691.197215012, '_a7_': -5339690.976961633, '_a0_': 1.0, '_a1_': 1.0, '_a2_': 1.0, '_a5_': 1.0}};{'d0': 0.024905832953994844};-276.475521803520;57.21304201521144
9116;-81.0247188865485;((_a3_ + pow2((_a4_ + x))) * (x + (pow2((_a6_ / (_a7_ * ((_a3_ + _a6_) + _a7_)))) * x)));{'d0': {'_a3_': 0.4283916278829727, '_a4_': 0.3119297078511501, '_a6_': 5339691.197215012, '_a7_': -5339690.976961633, '_a0_': 1.0, '_a1_': 1.0, '_a2_': 1.0, '_a5_': 1.0}};{'d0': 0.024905832953994844};-276.475521803520;57.21304201521144
9117;-81.0247188865485;((_a3_ + pow2((_a4_ + x))) * (x + (pow2((_a6_ / (_a7_ * ((_a3_ + _a6_) + _a7_)))) * x)));{'d0': {'_a3_': 0.4283916278829727, '_a4_': 0.3119297078511501, '_a6_': 5339691.197215012, '_a7_': -5339690.976961633, '_a0_': 1.0, '_a1_': 1.0, '_a2_': 1.0, '_a5_': 1.0}};{'d0': 0.024905832953994844};-276.475521803520;57.21304201521144
9118;-81.0247188865485;((_a3_ + pow2((_a4_ + x))) * (x + (pow2((_a6_ / (_a7_ * ((_a3_ + _a6_) + _a7_)))) * x)));{'d0': {'_a3_': 0.4283916278829727, '_a4_': 0.3119297078511501, '_a6_': 5339691.197215012, '_a7_': -5339690.976961633, '_a0_': 1.0, '_a1_': 1.0, '_a2_': 1.0, '_a5_': 1.0}};{'d0': 0.024905832953994844};-276.475521803520;57.21304201521144
9119;-81.0247188865485;((_a3_ + pow2((_a4_ + x))) * (x + (pow2((_a6_ / (_a7_ * ((_a3_ + _a6_) + _a7_)))) * x)));{'d0': {'_a3_': 0.4283916278829727, '_a4_': 0.3119297078511501, '_a6_': 5339691.197215012, '_a7_': -5339690.976961633, '_a0_': 1.0, '_a1_': 1.0, '_a2_': 1.0, '_a5_': 1.0}};{'d0': 0.024905832953994844};-276.475521803520;57.21304201521144
9120;-81.0247188865485;((_a3_ + pow2((_a4_ + x))) * (x + (pow2((_a6_ / (_a7_ * ((_a3_ + _a6_) + _a7_)))) * x)));{'d0': {'_a3_': 0.4283916278829727, '_a4_': 0.3119297078511501, '_a6_': 5339691.197215012, '_a7_': -5339690.976961633, '_a0_': 1.0, '_a1_': 1.0, '_a2_': 1.0, '_a5_': 1.0}};{'d0': 0.024905832953994844};-276.475521803520;57.21304201521144
9121;-81.0247188865485;((_a3_ + pow2((_a4_ + x))) * (x + (pow2((_a6_ / (_a7_ * ((_a3_ + _a6_) + _a7_)))) * x)));{'d0': {'_a3_': 0.4283916278829727, '_a4_': 0.3119297078511501, '_a6_': 5339691.197215012, '_a7_': -5339690.976961633, '_a0_': 1.0, '_a1_': 1.0, '_a2_': 1.0, '_a5_': 1.0}};{'d0': 0.024905832953994844};-276.475521803520;57.21304201521144
9122;-81.0247188865485;((_a3_ + pow2((_a4_ + x))) * (x + (pow2((_a6_ / (_a7_ * ((_a3_ + _a6_) + _a7_)))) * x)));{'d0': {'_a3_': 0.4283916278829727, '_a4_': 0.3119297078511501, '_a6_': 5339691.197215012, '_a7_': -5339690.976961633, '_a0_': 1.0, '_a1_': 1.0, '_a2_': 1.0, '_a5_': 1.0}};{'d0': 0.024905832953994844};-276.475521803520;57.21304201521144
9123;-81.0247188865485;((_a3_ + pow2((_a4_ + x))) * (x + (pow2((_a6_ / (_a7_ * ((_a3_ + _a6_) + _a7_)))) * x)));{'d0': {'_a3_': 0.4283916278829727, '_a4_': 0.3119297078511501, '_a6_': 5339691.197215012, '_a7_': -5339690.976961633, '_a0_': 1.0, '_a1_': 1.0, '_a2_': 1.0, '_a5_': 1.0}};{'d0': 0.024905832953994844};-276.475521803520;57.21304201521144
9124;-81.0247188865485;((_a3_ + pow2((_a4_ + x))) * (x + (pow2((_a6_ / (_a7_ * ((_a3_ + _a6_) + _a7_)))) * x)));{'d0': {'_a3_': 0.4283916278829727, '_a4_': 0.3119297078511501, '_a6_': 5339691.197215012, '_a7_': -5339690.976961633, '_a0_': 1.0, '_a1_': 1.0, '_a2_': 1.0, '_a5_': 1.0}};{'d0': 0.024905832953994844};-276.475521803520;57.21304201521144
9125;-81.0247188865485;((_a3_ + pow2((_a4_ + x))) * (x + (pow2((_a6_ / (_a7_ * ((_a3_ + _a6_) + _a7_)))) * x)));{'d0': {'_a3_': 0.4283916278829727, '_a4_': 0.3119297078511501, '_a6_': 5339691.197215012, '_a7_': -5339690.976961633, '_a0_': 1.0, '_a1_': 1.0, '_a2_': 1.0, '_a5_': 1.0}};{'d0': 0.024905832953994844};-276.475521803520;57.21304201521144
9126;-81.0247188865485;((_a3_ + pow2((_a4_ + x))) * (x + (pow2((_a6_ / (_a7_ * ((_a3_ + _a6_) + _a7_)))) * x)));{'d0': {'_a3_': 0.4283916278829727, '_a4_': 0.3119297078511501, '_a6_': 5339691.197215012, '_a7_': -5339690.976961633, '_a0_': 1.0, '_a1_': 1.0, '_a2_': 1.0, '_a5_': 1.0}};{'d0': 0.024905832953994844};-276.475521803520;57.21304201521144
9127;-81.0247188865485;((_a3_ + pow2((_a4_ + x))) * (x + (pow2((_a6_ / (_a7_ * ((_a3_ + _a6_) + _a7_)))) * x)));{'d0': {'_a3_': 0.4283916278829727, '_a4_': 0.3119297078511501, '_a6_': 5339691.197215012, '_a7_': -5339690.976961633, '_a0_': 1.0, '_a1_': 1.0, '_a2_': 1.0, '_a5_': 1.0}};{'d0': 0.024905832953994844};-276.475521803520;57.21304201521144
9128;-81.0247188865485;((_a3_ + pow2((_a4_ + x))) * (x + (pow2((_a6_ / (_a7_ * ((_a3_ + _a6_) + _a7_)))) * x)));{'d0': {'_a3_': 0.4283916278829727, '_a4_': 0.3119297078511501, '_a6_': 5339691.197215012, '_a7_': -5339690.976961633, '_a0_': 1.0, '_a1_': 1.0, '_a2_': 1.0, '_a5_': 1.0}};{'d0': 0.024905832953994844};-276.475521803520;57.21304201521144
9129;-81.0247188865485;((_a3_ + pow2((_a4_ + x))) * (x + (pow2((_a6_ / (_a7_ * ((_a3_ + _a6_) + _a7_)))) * x)));{'d0': {'_a3_': 0.4283916278829727, '_a4_': 0.3119297078511501, '_a6_': 5339691.197215012, '_a7_': -5339690.976961633, '_a0_': 1.0, '_a1_': 1.0, '_a2_': 1.0, '_a5_': 1.0}};{'d0': 0.024905832953994844};-276.475521803520;57.21304201521144
9130;-81.0247188865485;((_a3_ + pow2((_a4_ + x))) * (x + (pow2((_a6_ / (_a7_ * ((_a3_ + _a6_) + _a7_)))) * x)));{'d0': {'_a3_': 0.4283916278829727, '_a4_': 0.3119297078511501, '_a6_': 5339691.197215012, '_a7_': -5339690.976961633, '_a0_': 1.0, '_a1_': 1.0, '_a2_': 1.0, '_a5_': 1.0}};{'d0': 0.024905832953994844};-276.475521803520;57.21304201521144
9131;-81.0247188865485;((_a3_ + pow2((_a4_ + x))) * (x + (pow2((_a6_ / (_a7_ * ((_a3_ + _a6_) + _a7_)))) * x)));{'d0': {'_a3_': 0.4283916278829727, '_a4_': 0.3119297078511501, '_a6_': 5339691.197215012, '_a7_': -5339690.976961633, '_a0_': 1.0, '_a1_': 1.0, '_a2_': 1.0, '_a5_': 1.0}};{'d0': 0.024905832953994844};-276.475521803520;57.21304201521144
9132;-81.0247188865485;((_a3_ + pow2((_a4_ + x))) * (x + (pow2((_a6_ / (_a7_ * ((_a3_ + _a6_) + _a7_)))) * x)));{'d0': {'_a3_': 0.4283916278829727, '_a4_': 0.3119297078511501, '_a6_': 5339691.197215012, '_a7_': -5339690.976961633, '_a0_': 1.0, '_a1_': 1.0, '_a2_': 1.0, '_a5_': 1.0}};{'d0': 0.024905832953994844};-276.475521803520;57.21304201521144
9133;-81.0247189281991;((_a3_ + pow2((_a4_ + x))) * (x + (pow2((_a6_ / (_a3_ * ((_a3_ + _a6_) + _a7_)))) * x)));{'d0': {'_a3_': 0.4283916275113803, '_a4_': 0.31192970788869395, '_a6_': 2055885.4461396413, '_a7_': 1057014.287902054, '_a0_': 1.0, '_a1_': 1.0, '_a2_': 1.0, '_a5_': 1.0}};{'d0': 0.024905832919416736};-276.475521886821;57.21304201521144
9134;-81.0247189281991;((_a3_ + pow2((_a4_ + x))) * (x + (pow2((_a6_ / (_a3_ * ((_a3_ + _a6_) + _a7_)))) * x)));{'d0': {'_a3_': 0.4283916275113803, '_a4_': 0.31192970788869395, '_a6_': 2055885.4461396413, '_a7_': 1057014.287902054, '_a0_': 1.0, '_a1_': 1.0, '_a2_': 1.0, '_a5_': 1.0}};{'d0': 0.024905832919416736};-276.475521886821;57.21304201521144
9135;-81.0247189281991;((_a3_ + pow2((_a4_ + x))) * (x + (pow2((_a6_ / (_a3_ * ((_a3_ + _a6_) + _a7_)))) * x)));{'d0': {'_a3_': 0.4283916275113803, '_a4_': 0.31192970788869395, '_a6_': 2055885.4461396413, '_a7_': 1057014.287902054, '_a0_': 1.0, '_a1_': 1.0, '_a2_': 1.0, '_a5_': 1.0}};{'d0': 0.024905832919416736};-276.475521886821;57.21304201521144
9136;-81.0247189281991;((_a3_ + pow2((_a4_ + x))) * (x + (pow2((_a6_ / (_a3_ * ((_a3_ + _a6_) + _a7_)))) * x)));{'d0': {'_a3_': 0.4283916275113803, '_a4_': 0.31192970788869395, '_a6_': 2055885.4461396413, '_a7_': 1057014.287902054, '_a0_': 1.0, '_a1_': 1.0, '_a2_': 1.0, '_a5_': 1.0}};{'d0': 0.024905832919416736};-276.475521886821;57.21304201521144
9137;-81.0247189281991;((_a3_ + pow2((_a4_ + x))) * (x + (pow2((_a6_ / (_a3_ * ((_a3_ + _a6_) + _a7_)))) * x)));{'d0': {'_a3_': 0.4283916275113803, '_a4_': 0.31192970788869395, '_a6_': 2055885.4461396413, '_a7_': 1057014.287902054, '_a0_': 1.0, '_a1_': 1.0, '_a2_': 1.0, '_a5_': 1.0}};{'d0': 0.024905832919416736};-276.475521886821;57.21304201521144
9138;-81.0247189281991;((_a3_ + pow2((_a4_ + x))) * (x + (pow2((_a6_ / (_a3_ * ((_a3_ + _a6_) + _a7_)))) * x)));{'d0': {'_a3_': 0.4283916275113803, '_a4_': 0.31192970788869395, '_a6_': 2055885.4461396413, '_a7_': 1057014.287902054, '_a0_': 1.0, '_a1_': 1.0, '_a2_': 1.0, '_a5_': 1.0}};{'d0': 0.024905832919416736};-276.475521886821;57.21304201521144
9139;-81.0247189281991;((_a3_ + pow2((_a4_ + x))) * (x + (pow2((_a6_ / (_a3_ * ((_a3_ + _a6_) + _a7_)))) * x)));{'d0': {'_a3_': 0.4283916275113803, '_a4_': 0.31192970788869395, '_a6_': 2055885.4461396413, '_a7_': 1057014.287902054, '_a0_': 1.0, '_a1_': 1.0, '_a2_': 1.0, '_a5_': 1.0}};{'d0': 0.024905832919416736};-276.475521886821;57.21304201521144
9140;-81.0247189281991;((_a3_ + pow2((_a4_ + x))) * (x + (pow2((_a6_ / (_a3_ * ((_a3_ + _a6_) + _a7_)))) * x)));{'d0': {'_a3_': 0.4283916275113803, '_a4_': 0.31192970788869395, '_a6_': 2055885.4461396413, '_a7_': 1057014.287902054, '_a0_': 1.0, '_a1_': 1.0, '_a2_': 1.0, '_a5_': 1.0}};{'d0': 0.024905832919416736};-276.475521886821;57.21304201521144
9141;-81.0247189281991;((_a3_ + pow2((_a4_ + x))) * (x + (pow2((_a6_ / (_a3_ * ((_a3_ + _a6_) + _a7_)))) * x)));{'d0': {'_a3_': 0.4283916275113803, '_a4_': 0.31192970788869395, '_a6_': 2055885.4461396413, '_a7_': 1057014.287902054, '_a0_': 1.0, '_a1_': 1.0, '_a2_': 1.0, '_a5_': 1.0}};{'d0': 0.024905832919416736};-276.475521886821;57.21304201521144
9142;-81.0247189281991;((_a3_ + pow2((_a4_ + x))) * (x + (pow2((_a6_ / (_a3_ * ((_a3_ + _a6_) + _a7_)))) * x)));{'d0': {'_a3_': 0.4283916275113803, '_a4_': 0.31192970788869395, '_a6_': 2055885.4461396413, '_a7_': 1057014.287902054, '_a0_': 1.0, '_a1_': 1.0, '_a2_': 1.0, '_a5_': 1.0}};{'d0': 0.024905832919416736};-276.475521886821;57.21304201521144
9143;-81.0247189281991;((_a3_ + pow2((_a4_ + x))) * (x + (pow2((_a6_ / (_a3_ * ((_a3_ + _a6_) + _a7_)))) * x)));{'d0': {'_a3_': 0.4283916275113803, '_a4_': 0.31192970788869395, '_a6_': 2055885.4461396413, '_a7_': 1057014.287902054, '_a0_': 1.0, '_a1_': 1.0, '_a2_': 1.0, '_a5_': 1.0}};{'d0': 0.024905832919416736};-276.475521886821;57.21304201521144
9144;-81.0247189280452;((_a3_ + pow2((_a4_ + x))) * (x + (pow2((_a6_ / (_a3_ * ((_a3_ + _a3_) + _a7_)))) * x)));{'d0': {'_a3_': 0.4283916264667403, '_a4_': 0.3119297075699079, '_a6_': 1550083.8290723935, '_a7_': 2347044.350886143, '_a0_': 1.0, '_a1_': 1.0, '_a2_': 1.0, '_a5_': 1.0}};{'d0': 0.024905832919544447};-276.475521886514;57.21304201521144
9145;-86.9453199771577;((_a3_ + pow2((_a4_ + x))) * (x + (pow2((_a6_ / (_a3_ * (_a7_ + _a7_)))) * x)));{'d0': {'_a3_': 0.4283916273736887, '_a4_': 0.3119297078578373, '_a6_': 5968334.3556952225, '_a7_': -4518449.551575564, '_a0_': 1.0, '_a1_': 1.0, '_a2_': 1.0, '_a5_': 1.0}};{'d0': 0.02490583291947602};-276.475521886678;51.292440966181445
9146;-86.9453199771577;((_a3_ + pow2((_a4_ + x))) * (x + (pow2((_a6_ / (_a3_ * (_a7_ + _a7_)))) * x)));{'d0': {'_a3_': 0.4283916273736887, '_a4_': 0.3119297078578373, '_a6_': 5968334.3556952225, '_a7_': -4518449.551575564, '_a0_': 1.0, '_a1_': 1.0, '_a2_': 1.0, '_a5_': 1.0}};{'d0': 0.02490583291947602};-276.475521886678;51.292440966181445
9147;-104.411319546382;(((((x + _a0_) * (x + _a1_)) * pow2(_a7_)) + _a7_) * x);{'d0': {'_a0_': 0.6522200018150992, '_a1_': -0.02836058782567792, '_a7_': 1.8375964999810104, '_a2_': 1.0, '_a3_': 1.0, '_a4_': 1.0, '_a5_': 1.0, '_a6_': 1.0}};{'d0': 0.024905832919416865};-280.569866449043;35.873613678139
9148;-104.411319546382;(((((x + _a0_) * (x + _a1_)) * pow2(_a7_)) + _a7_) * x);{'d0': {'_a0_': 0.6522200018150992, '_a1_': -0.02836058782567792, '_a7_': 1.8375964999810104, '_a2_': 1.0, '_a3_': 1.0, '_a4_': 1.0, '_a5_': 1.0, '_a6_': 1.0}};{'d0': 0.024905832919416865};-280.569866449043;35.873613678139
9149;-104.411319546382;(((((x + _a0_) * (x + _a1_)) * pow2(_a7_)) + _a7_) * x);{'d0': {'_a0_': 0.6522200018150992, '_a1_': -0.02836058782567792, '_a7_': 1.8375964999810104, '_a2_': 1.0, '_a3_': 1.0, '_a4_': 1.0, '_a5_': 1.0, '_a6_': 1.0}};{'d0': 0.024905832919416865};-280.569866449043;35.873613678139
9150;-104.411319546382;(((((x + _a0_) * (x + _a1_)) * pow2(_a7_)) + _a7_) * x);{'d0': {'_a0_': 0.6522200018150992, '_a1_': -0.02836058782567792, '_a7_': 1.8375964999810104, '_a2_': 1.0, '_a3_': 1.0, '_a4_': 1.0, '_a5_': 1.0, '_a6_': 1.0}};{'d0': 0.024905832919416865};-280.569866449043;35.873613678139
9151;-104.411319546382;(((((x + _a0_) * (x + _a1_)) * pow2(_a7_)) + _a7_) * x);{'d0': {'_a0_': 0.6522200018150992, '_a1_': -0.02836058782567792, '_a7_': 1.8375964999810104, '_a2_': 1.0, '_a3_': 1.0, '_a4_': 1.0, '_a5_': 1.0, '_a6_': 1.0}};{'d0': 0.024905832919416865};-280.569866449043;35.873613678139
9152;-92.8659210262587;((_a3_ + pow2((_a4_ + x))) * (x + (pow2((_a6_ / (_a3_ * _a1_))) * x)));{'d0': {'_a1_': 3927.1786680394516, '_a3_': 0.4283916272871843, '_a4_': 0.3119297078020326, '_a6_': 2593.6679784278717, '_a0_': 1.0, '_a2_': 1.0, '_a5_': 1.0, '_a7_': 1.0}};{'d0': 0.02490583291941704};-276.475521886821;45.37183991715145
9153;-92.8659210262587;((_a3_ + pow2((_a4_ + x))) * (x + (pow2((_a6_ / (_a3_ * _a1_))) * x)));{'d0': {'_a1_': 3927.1786680394516, '_a3_': 0.4283916272871843, '_a4_': 0.3119297078020326, '_a6_': 2593.6679784278717, '_a0_': 1.0, '_a2_': 1.0, '_a5_': 1.0, '_a7_': 1.0}};{'d0': 0.02490583291941704};-276.475521886821;45.37183991715145
9154;-92.8659210262587;((_a3_ + pow2((_a4_ + x))) * (x + (pow2((_a6_ / (_a3_ * _a1_))) * x)));{'d0': {'_a1_': 3927.1786680394516, '_a3_': 0.4283916272871843, '_a4_': 0.3119297078020326, '_a6_': 2593.6679784278717, '_a0_': 1.0, '_a2_': 1.0, '_a5_': 1.0, '_a7_': 1.0}};{'d0': 0.02490583291941704};-276.475521886821;45.37183991715145
9155;-92.8659210262587;((_a3_ + pow2((_a4_ + x))) * (x + (pow2((_a6_ / (_a3_ * _a1_))) * x)));{'d0': {'_a1_': 3927.1786680394516, '_a3_': 0.4283916272871843, '_a4_': 0.3119297078020326, '_a6_': 2593.6679784278717, '_a0_': 1.0, '_a2_': 1.0, '_a5_': 1.0, '_a7_': 1.0}};{'d0': 0.02490583291941704};-276.475521886821;45.37183991715145
9156;-92.8659210262587;((_a3_ + pow2((_a4_ + x))) * (x + (pow2((_a6_ / (_a3_ * _a1_))) * x)));{'d0': {'_a1_': 3927.1786680394516, '_a3_': 0.4283916272871843, '_a4_': 0.3119297078020326, '_a6_': 2593.6679784278717, '_a0_': 1.0, '_a2_': 1.0, '_a5_': 1.0, '_a7_': 1.0}};{'d0': 0.02490583291941704};-276.475521886821;45.37183991715145
9157;-92.8659210262587;((_a3_ + pow2((_a4_ + x))) * (x + (pow2((_a6_ / (_a3_ * _a1_))) * x)));{'d0': {'_a1_': 3927.1786680394516, '_a3_': 0.4283916272871843, '_a4_': 0.3119297078020326, '_a6_': 2593.6679784278717, '_a0_': 1.0, '_a2_': 1.0, '_a5_': 1.0, '_a7_': 1.0}};{'d0': 0.02490583291941704};-276.475521886821;45.37183991715145
9158;-92.8659210262587;((_a3_ + pow2((_a4_ + x))) * (x + (pow2((_a6_ / (_a3_ * _a1_))) * x)));{'d0': {'_a1_': 3927.1786680394516, '_a3_': 0.4283916272871843, '_a4_': 0.3119297078020326, '_a6_': 2593.6679784278717, '_a0_': 1.0, '_a2_': 1.0, '_a5_': 1.0, '_a7_': 1.0}};{'d0': 0.02490583291941704};-276.475521886821;45.37183991715145
9159;-92.8659210262587;((_a3_ + pow2((_a4_ + x))) * (x + (pow2((_a6_ / (_a3_ * _a1_))) * x)));{'d0': {'_a1_': 3927.1786680394516, '_a3_': 0.4283916272871843, '_a4_': 0.3119297078020326, '_a6_': 2593.6679784278717, '_a0_': 1.0, '_a2_': 1.0, '_a5_': 1.0, '_a7_': 1.0}};{'d0': 0.02490583291941704};-276.475521886821;45.37183991715145
9160;-92.8659210262587;((_a3_ + pow2((_a4_ + x))) * (x + (pow2((_a6_ / (_a3_ * _a1_))) * x)));{'d0': {'_a1_': 3927.1786680394516, '_a3_': 0.4283916272871843, '_a4_': 0.3119297078020326, '_a6_': 2593.6679784278717, '_a0_': 1.0, '_a2_': 1.0, '_a5_': 1.0, '_a7_': 1.0}};{'d0': 0.02490583291941704};-276.475521886821;45.37183991715145
9161;-92.8659210262587;((_a3_ + pow2((_a4_ + x))) * (x + (pow2((_a6_ / (_a3_ * _a1_))) * x)));{'d0': {'_a1_': 3927.1786680394516, '_a3_': 0.4283916272871843, '_a4_': 0.3119297078020326, '_a6_': 2593.6679784278717, '_a0_': 1.0, '_a2_': 1.0, '_a5_': 1.0, '_a7_': 1.0}};{'d0': 0.02490583291941704};-276.475521886821;45.37183991715145
9162;-92.8659210262587;((_a3_ + pow2((_a4_ + x))) * (x + (pow2((_a6_ / (_a3_ * _a1_))) * x)));{'d0': {'_a1_': 3927.1786680394516, '_a3_': 0.4283916272871843, '_a4_': 0.3119297078020326, '_a6_': 2593.6679784278717, '_a0_': 1.0, '_a2_': 1.0, '_a5_': 1.0, '_a7_': 1.0}};{'d0': 0.02490583291941704};-276.475521886821;45.37183991715145
9163;-92.8659210262587;((_a3_ + pow2((_a4_ + x))) * (x + (pow2((_a6_ / (_a3_ * _a1_))) * x)));{'d0': {'_a1_': 3927.1786680394516, '_a3_': 0.4283916272871843, '_a4_': 0.3119297078020326, '_a6_': 2593.6679784278717, '_a0_': 1.0, '_a2_': 1.0, '_a5_': 1.0, '_a7_': 1.0}};{'d0': 0.02490583291941704};-276.475521886821;45.37183991715145
9164;-92.8659210251974;((_a3_ + pow2((_a4_ + x))) * (x + (pow2((_a6_ / (_a3_ * _a5_))) * x)));{'d0': {'_a3_': 0.4283916266501462, '_a4_': 0.31192970767905703, '_a5_': -3.1360534163928917, '_a6_': 2.071176642229378, '_a0_': 1.0, '_a1_': 1.0, '_a2_': 1.0, '_a7_': 1.0}};{'d0': 0.024905832920298087};-276.475521884698;45.37183991715145
9165;-97.7429036647867;((_a3_ + pow2((_a4_ + x))) * (x + (pow2((_a6_ / _a7_)) * x)));{'d0': {'_a3_': 0.4283916270105667, '_a4_': 0.31192970755969146, '_a6_': 26.57129826977456, '_a7_': 17.23534597661683, '_a0_': 1.0, '_a1_': 1.0, '_a2_': 1.0, '_a5_': 1.0}};{'d0': 0.024905832919920975};-276.475521885606;40.49485727801645
9166;-97.7429036647867;((_a3_ + pow2((_a4_ + x))) * (x + (pow2((_a6_ / _a7_)) * x)));{'d0': {'_a3_': 0.4283916270105667, '_a4_': 0.31192970755969146, '_a6_': 26.57129826977456, '_a7_': 17.23534597661683, '_a0_': 1.0, '_a1_': 1.0, '_a2_': 1.0, '_a5_': 1.0}};{'d0': 0.024905832919920975};-276.475521885606;40.49485727801645
9167;-97.7429036647867;((_a3_ + pow2((_a4_ + x))) * (x + (pow2((_a6_ / _a7_)) * x)));{'d0': {'_a3_': 0.4283916270105667, '_a4_': 0.31192970755969146, '_a6_': 26.57129826977456, '_a7_': 17.23534597661683, '_a0_': 1.0, '_a1_': 1.0, '_a2_': 1.0, '_a5_': 1.0}};{'d0': 0.024905832919920975};-276.475521885606;40.49485727801645
9168;-97.7429036647867;((_a3_ + pow2((_a4_ + x))) * (x + (pow2((_a6_ / _a7_)) * x)));{'d0': {'_a3_': 0.4283916270105667, '_a4_': 0.31192970755969146, '_a6_': 26.57129826977456, '_a7_': 17.23534597661683, '_a0_': 1.0, '_a1_': 1.0, '_a2_': 1.0, '_a5_': 1.0}};{'d0': 0.024905832919920975};-276.475521885606;40.49485727801645
9169;-97.7429036647867;((_a3_ + pow2((_a4_ + x))) * (x + (pow2((_a6_ / _a7_)) * x)));{'d0': {'_a3_': 0.4283916270105667, '_a4_': 0.31192970755969146, '_a6_': 26.57129826977456, '_a7_': 17.23534597661683, '_a0_': 1.0, '_a1_': 1.0, '_a2_': 1.0, '_a5_': 1.0}};{'d0': 0.024905832919920975};-276.475521885606;40.49485727801645
9170;-98.9974856504977;((_a3_ + pow2((_a4_ + x))) * (x + (pow2(pow3(_a0_)) * x)));{'d0': {'_a0_': 1.1552188009109763, '_a3_': 0.42839162827350974, '_a4_': 0.31192970780393353, '_a1_': 1.0, '_a2_': 1.0, '_a5_': 1.0, '_a6_': 1.0, '_a7_': 1.0}};{'d0': 0.02490583291941661};-280.569866449044;41.28744757402405
9171;-98.5663021925577;((_a3_ + pow2((_a4_ + x))) * (x + (pow2(abs(_a0_)) * x)));{'d0': {'_a0_': 1.541674699897746, '_a3_': 0.428391627275264, '_a4_': 0.31192970764625555, '_a1_': 1.0, '_a2_': 1.0, '_a5_': 1.0, '_a6_': 1.0, '_a7_': 1.0}};{'d0': 0.024905832919416615};-280.569866449044;41.71863103196405
9172;-98.5663021925577;((_a3_ + pow2((_a4_ + x))) * (x + (pow2(abs(_a0_)) * x)));{'d0': {'_a0_': 1.541674699897746, '_a3_': 0.428391627275264, '_a4_': 0.31192970764625555, '_a1_': 1.0, '_a2_': 1.0, '_a5_': 1.0, '_a6_': 1.0, '_a7_': 1.0}};{'d0': 0.024905832919416615};-280.569866449044;41.71863103196405
9173;-98.5663021925577;((_a3_ + pow2((_a4_ + x))) * (x + (pow2(abs(_a0_)) * x)));{'d0': {'_a0_': 1.541674699897746, '_a3_': 0.428391627275264, '_a4_': 0.31192970764625555, '_a1_': 1.0, '_a2_': 1.0, '_a5_': 1.0, '_a6_': 1.0, '_a7_': 1.0}};{'d0': 0.024905832919416615};-280.569866449044;41.71863103196405
9174;-98.5663021925577;((_a3_ + pow2((_a4_ + x))) * (x + (pow2(abs(_a0_)) * x)));{'d0': {'_a0_': 1.541674699897746, '_a3_': 0.428391627275264, '_a4_': 0.31192970764625555, '_a1_': 1.0, '_a2_': 1.0, '_a5_': 1.0, '_a6_': 1.0, '_a7_': 1.0}};{'d0': 0.024905832919416615};-280.569866449044;41.71863103196405
9175;-110.331920595413;(x * (_a7_ + pow2(((x + _a1_) * (_a2_ * _a2_)))));{'d0': {'_a1_': 0.3119297077087969, '_a2_': 1.3555797635008593, '_a7_': 1.446576088807587, '_a0_': 1.0, '_a3_': 1.0, '_a4_': 1.0, '_a5_': 1.0, '_a6_': 1.0}};{'d0': 0.024905832919416608};-280.569866449044;29.953012629108944
9176;-110.331920595413;(x * (_a7_ + pow2(((x + _a1_) * (_a2_ * _a2_)))));{'d0': {'_a1_': 0.3119297077087969, '_a2_': 1.3555797635008593, '_a7_': 1.446576088807587, '_a0_': 1.0, '_a3_': 1.0, '_a4_': 1.0, '_a5_': 1.0, '_a6_': 1.0}};{'d0': 0.024905832919416608};-280.569866449044;29.953012629108944
9177;-110.331920595413;(x * (_a7_ + pow2(((x + _a1_) * (_a2_ * _a2_)))));{'d0': {'_a1_': 0.3119297077087969, '_a2_': 1.3555797635008593, '_a7_': 1.446576088807587, '_a0_': 1.0, '_a3_': 1.0, '_a4_': 1.0, '_a5_': 1.0, '_a6_': 1.0}};{'d0': 0.024905832919416608};-280.569866449044;29.953012629108944
9178;-110.331920595413;(x * (_a7_ + pow2(((x + _a1_) * (_a2_ * _a2_)))));{'d0': {'_a1_': 0.3119297077087969, '_a2_': 1.3555797635008593, '_a7_': 1.446576088807587, '_a0_': 1.0, '_a3_': 1.0, '_a4_': 1.0, '_a5_': 1.0, '_a6_': 1.0}};{'d0': 0.024905832919416608};-280.569866449044;29.953012629108944
9179;-110.331920595413;(x * (_a7_ + pow2(((x + _a1_) * (_a2_ * _a2_)))));{'d0': {'_a1_': 0.3119297077087969, '_a2_': 1.3555797635008593, '_a7_': 1.446576088807587, '_a0_': 1.0, '_a3_': 1.0, '_a4_': 1.0, '_a5_': 1.0, '_a6_': 1.0}};{'d0': 0.024905832919416608};-280.569866449044;29.953012629108944
9180;-110.331920595413;(x * (_a7_ + pow2(((x + _a1_) * (_a2_ * _a2_)))));{'d0': {'_a1_': 0.3119297077087969, '_a2_': 1.3555797635008593, '_a7_': 1.446576088807587, '_a0_': 1.0, '_a3_': 1.0, '_a4_': 1.0, '_a5_': 1.0, '_a6_': 1.0}};{'d0': 0.024905832919416608};-280.569866449044;29.953012629108944
9181;-110.331920595413;(x * (_a7_ + pow2(((x + _a1_) * (_a2_ * _a2_)))));{'d0': {'_a1_': 0.3119297077087969, '_a2_': 1.3555797635008593, '_a7_': 1.446576088807587, '_a0_': 1.0, '_a3_': 1.0, '_a4_': 1.0, '_a5_': 1.0, '_a6_': 1.0}};{'d0': 0.024905832919416608};-280.569866449044;29.953012629108944
9182;-110.331920595413;(x * (_a7_ + pow2(((x + _a1_) * (_a2_ * _a2_)))));{'d0': {'_a1_': 0.3119297077087969, '_a2_': 1.3555797635008593, '_a7_': 1.446576088807587, '_a0_': 1.0, '_a3_': 1.0, '_a4_': 1.0, '_a5_': 1.0, '_a6_': 1.0}};{'d0': 0.024905832919416608};-280.569866449044;29.953012629108944
9183;-110.331920595413;(x * (_a7_ + pow2(((x + _a1_) * (_a2_ * _a2_)))));{'d0': {'_a1_': 0.3119297077087969, '_a2_': 1.3555797635008593, '_a7_': 1.446576088807587, '_a0_': 1.0, '_a3_': 1.0, '_a4_': 1.0, '_a5_': 1.0, '_a6_': 1.0}};{'d0': 0.024905832919416608};-280.569866449044;29.953012629108944
9184;-110.331920595413;(x * (_a7_ + pow2(((x + _a1_) * (_a2_ * _a2_)))));{'d0': {'_a1_': 0.3119297077087969, '_a2_': 1.3555797635008593, '_a7_': 1.446576088807587, '_a0_': 1.0, '_a3_': 1.0, '_a4_': 1.0, '_a5_': 1.0, '_a6_': 1.0}};{'d0': 0.024905832919416608};-280.569866449044;29.953012629108944
9185;-110.331920595413;(x * (_a7_ + pow2(((x + _a1_) * (_a2_ * _a2_)))));{'d0': {'_a1_': 0.3119297077087969, '_a2_': 1.3555797635008593, '_a7_': 1.446576088807587, '_a0_': 1.0, '_a3_': 1.0, '_a4_': 1.0, '_a5_': 1.0, '_a6_': 1.0}};{'d0': 0.024905832919416608};-280.569866449044;29.953012629108944
9186;-104.531628829010;(((((x / _a0_) * (x + _a1_)) * pow2(_a7_)) + _a7_) * x);{'d0': {'_a0_': 0.9331740713362127, '_a1_': 0.623859415371399, '_a7_': 1.7751354031678097, '_a2_': 1.0, '_a3_': 1.0, '_a4_': 1.0, '_a5_': 1.0, '_a6_': 1.0}};{'d0': 0.024905832919416657};-280.569866449044;35.7533043955114
9187;-104.531628829010;(((((x / _a0_) * (x + _a1_)) * pow2(_a7_)) + _a7_) * x);{'d0': {'_a0_': 0.9331740713362127, '_a1_': 0.623859415371399, '_a7_': 1.7751354031678097, '_a2_': 1.0, '_a3_': 1.0, '_a4_': 1.0, '_a5_': 1.0, '_a6_': 1.0}};{'d0': 0.024905832919416657};-280.569866449044;35.7533043955114
9188;-104.531628829010;(((((x / _a0_) * (x + _a1_)) * pow2(_a7_)) + _a7_) * x);{'d0': {'_a0_': 0.9331740713362127, '_a1_': 0.623859415371399, '_a7_': 1.7751354031678097, '_a2_': 1.0, '_a3_': 1.0, '_a4_': 1.0, '_a5_': 1.0, '_a6_': 1.0}};{'d0': 0.024905832919416657};-280.569866449044;35.7533043955114
9189;-99.1722967989002;(((((x / _a0_) * (x + log(_a4_))) * pow2(_a7_)) + _a7_) * x);{'d0': {'_a0_': 0.9331740737153849, '_a4_': 1.8661162800369426, '_a7_': 1.7751354044937202, '_a1_': 1.0, '_a2_': 1.0, '_a3_': 1.0, '_a5_': 1.0, '_a6_': 1.0}};{'d0': 0.02490583291941667};-280.569866449043;41.1126364256214
9190;-102.870231271510;(((((x / _a0_) * (x + log(_a4_))) * _a7_) + _a7_) * x);{'d0': {'_a0_': 0.5256917707896936, '_a4_': 1.866116280280297, '_a7_': 1.7751354049985029, '_a1_': 1.0, '_a2_': 1.0, '_a3_': 1.0, '_a5_': 1.0, '_a6_': 1.0}};{'d0': 0.024905832919416646};-280.569866449044;37.4147019530114
9191;-102.870231271510;(((((x / _a0_) * (x + log(_a4_))) * _a7_) + _a7_) * x);{'d0': {'_a0_': 0.5256917707896936, '_a4_': 1.866116280280297, '_a7_': 1.7751354049985029, '_a1_': 1.0, '_a2_': 1.0, '_a3_': 1.0, '_a5_': 1.0, '_a6_': 1.0}};{'d0': 0.024905832919416646};-280.569866449044;37.4147019530114
9192;-102.870231271510;(((((x / _a0_) * (x + log(_a4_))) * _a7_) + _a7_) * x);{'d0': {'_a0_': 0.5256917707896936, '_a4_': 1.866116280280297, '_a7_': 1.7751354049985029, '_a1_': 1.0, '_a2_': 1.0, '_a3_': 1.0, '_a5_': 1.0, '_a6_': 1.0}};{'d0': 0.024905832919416646};-280.569866449044;37.4147019530114
9193;-102.870231271510;(((((x / _a0_) * (x + log(_a4_))) * _a7_) + _a7_) * x);{'d0': {'_a0_': 0.5256917707896936, '_a4_': 1.866116280280297, '_a7_': 1.7751354049985029, '_a1_': 1.0, '_a2_': 1.0, '_a3_': 1.0, '_a5_': 1.0, '_a6_': 1.0}};{'d0': 0.024905832919416646};-280.569866449044;37.4147019530114
9194;-102.870231271510;(((((x / _a0_) * (x + log(_a4_))) * _a7_) + _a7_) * x);{'d0': {'_a0_': 0.5256917707896936, '_a4_': 1.866116280280297, '_a7_': 1.7751354049985029, '_a1_': 1.0, '_a2_': 1.0, '_a3_': 1.0, '_a5_': 1.0, '_a6_': 1.0}};{'d0': 0.024905832919416646};-280.569866449044;37.4147019530114
9195;-102.870231271510;(((((x / _a0_) * (x + log(_a4_))) * _a7_) + _a7_) * x);{'d0': {'_a0_': 0.5256917707896936, '_a4_': 1.866116280280297, '_a7_': 1.7751354049985029, '_a1_': 1.0, '_a2_': 1.0, '_a3_': 1.0, '_a5_': 1.0, '_a6_': 1.0}};{'d0': 0.024905832919416646};-280.569866449044;37.4147019530114
9196;-102.870231271510;(((((x / _a0_) * (x + log(_a4_))) * _a7_) + _a7_) * x);{'d0': {'_a0_': 0.5256917707896936, '_a4_': 1.866116280280297, '_a7_': 1.7751354049985029, '_a1_': 1.0, '_a2_': 1.0, '_a3_': 1.0, '_a5_': 1.0, '_a6_': 1.0}};{'d0': 0.024905832919416646};-280.569866449044;37.4147019530114
9197;-102.870231271510;(((((x / _a0_) * (x + log(_a4_))) * _a7_) + _a7_) * x);{'d0': {'_a0_': 0.5256917707896936, '_a4_': 1.866116280280297, '_a7_': 1.7751354049985029, '_a1_': 1.0, '_a2_': 1.0, '_a3_': 1.0, '_a5_': 1.0, '_a6_': 1.0}};{'d0': 0.024905832919416646};-280.569866449044;37.4147019530114
9198;-102.870231271510;(((((x / _a0_) * (x + log(_a4_))) * _a7_) + _a7_) * x);{'d0': {'_a0_': 0.5256917707896936, '_a4_': 1.866116280280297, '_a7_': 1.7751354049985029, '_a1_': 1.0, '_a2_': 1.0, '_a3_': 1.0, '_a5_': 1.0, '_a6_': 1.0}};{'d0': 0.024905832919416646};-280.569866449044;37.4147019530114
9199;-102.870231271510;(((((x / _a0_) * (x + log(_a4_))) * _a7_) + _a7_) * x);{'d0': {'_a0_': 0.5256917707896936, '_a4_': 1.866116280280297, '_a7_': 1.7751354049985029, '_a1_': 1.0, '_a2_': 1.0, '_a3_': 1.0, '_a5_': 1.0, '_a6_': 1.0}};{'d0': 0.024905832919416646};-280.569866449044;37.4147019530114
9200;-102.870231271510;(((((x / _a0_) * (x + log(_a4_))) * _a7_) + _a7_) * x);{'d0': {'_a0_': 0.5256917707896936, '_a4_': 1.866116280280297, '_a7_': 1.7751354049985029, '_a1_': 1.0, '_a2_': 1.0, '_a3_': 1.0, '_a5_': 1.0, '_a6_': 1.0}};{'d0': 0.024905832919416646};-280.569866449044;37.4147019530114
9201;-102.870231271510;(((((x / _a0_) * (x + log(_a4_))) * _a7_) + _a7_) * x);{'d0': {'_a0_': 0.5256917707896936, '_a4_': 1.866116280280297, '_a7_': 1.7751354049985029, '_a1_': 1.0, '_a2_': 1.0, '_a3_': 1.0, '_a5_': 1.0, '_a6_': 1.0}};{'d0': 0.024905832919416646};-280.569866449044;37.4147019530114
9202;-102.870231271510;(((((x / _a0_) * (x + log(_a4_))) * _a7_) + _a7_) * x);{'d0': {'_a0_': 0.5256917707896936, '_a4_': 1.866116280280297, '_a7_': 1.7751354049985029, '_a1_': 1.0, '_a2_': 1.0, '_a3_': 1.0, '_a5_': 1.0, '_a6_': 1.0}};{'d0': 0.024905832919416646};-280.569866449044;37.4147019530114
9203;-102.870231271510;(((((x / _a0_) * (x + log(_a4_))) * _a7_) + _a7_) * x);{'d0': {'_a0_': 0.5256917707896936, '_a4_': 1.866116280280297, '_a7_': 1.7751354049985029, '_a1_': 1.0, '_a2_': 1.0, '_a3_': 1.0, '_a5_': 1.0, '_a6_': 1.0}};{'d0': 0.024905832919416646};-280.569866449044;37.4147019530114
9204;-102.870231271510;(((((x / _a0_) * (x + log(_a4_))) * _a7_) + _a7_) * x);{'d0': {'_a0_': 0.5256917707896936, '_a4_': 1.866116280280297, '_a7_': 1.7751354049985029, '_a1_': 1.0, '_a2_': 1.0, '_a3_': 1.0, '_a5_': 1.0, '_a6_': 1.0}};{'d0': 0.024905832919416646};-280.569866449044;37.4147019530114
9205;-102.870231271510;(((((x / _a0_) * (x + log(_a4_))) * _a7_) + _a7_) * x);{'d0': {'_a0_': 0.5256917707896936, '_a4_': 1.866116280280297, '_a7_': 1.7751354049985029, '_a1_': 1.0, '_a2_': 1.0, '_a3_': 1.0, '_a5_': 1.0, '_a6_': 1.0}};{'d0': 0.024905832919416646};-280.569866449044;37.4147019530114
9206;-102.870231271510;(((((x / _a0_) * (x + log(_a4_))) * _a7_) + _a7_) * x);{'d0': {'_a0_': 0.5256917707896936, '_a4_': 1.866116280280297, '_a7_': 1.7751354049985029, '_a1_': 1.0, '_a2_': 1.0, '_a3_': 1.0, '_a5_': 1.0, '_a6_': 1.0}};{'d0': 0.024905832919416646};-280.569866449044;37.4147019530114
9207;-102.870231271510;(((((x / _a0_) * (x + log(_a4_))) * _a7_) + _a7_) * x);{'d0': {'_a0_': 0.5256917707896936, '_a4_': 1.866116280280297, '_a7_': 1.7751354049985029, '_a1_': 1.0, '_a2_': 1.0, '_a3_': 1.0, '_a5_': 1.0, '_a6_': 1.0}};{'d0': 0.024905832919416646};-280.569866449044;37.4147019530114
9208;-109.408611468145;((x * (_a7_ + pow2(((x + _a1_) * _a6_)))) / _a1_);{'d0': {'_a1_': 0.3119297078457945, '_a6_': 1.0263099114634389, '_a7_': 0.4512300569267985, '_a0_': 1.0, '_a2_': 1.0, '_a3_': 1.0, '_a4_': 1.0, '_a5_': 1.0}};{'d0': 0.02490583291941667};-280.569866449043;30.876321756376345
9209;-109.408611468145;((x * (_a7_ + pow2(((x + _a1_) * _a6_)))) / _a1_);{'d0': {'_a1_': 0.3119297078457945, '_a6_': 1.0263099114634389, '_a7_': 0.4512300569267985, '_a0_': 1.0, '_a2_': 1.0, '_a3_': 1.0, '_a4_': 1.0, '_a5_': 1.0}};{'d0': 0.02490583291941667};-280.569866449043;30.876321756376345
9210;-109.408611468145;((x * (_a7_ + pow2(((x + _a1_) * _a6_)))) / _a1_);{'d0': {'_a1_': 0.3119297078457945, '_a6_': 1.0263099114634389, '_a7_': 0.4512300569267985, '_a0_': 1.0, '_a2_': 1.0, '_a3_': 1.0, '_a4_': 1.0, '_a5_': 1.0}};{'d0': 0.02490583291941667};-280.569866449043;30.876321756376345
9211;-102.870231271510;(((((x / _a0_) * (x + log(_a4_))) * _a4_) + _a7_) * x);{'d0': {'_a0_': 0.5526350094785422, '_a4_': 1.866116279927727, '_a7_': 1.7751354043160334, '_a1_': 1.0, '_a2_': 1.0, '_a3_': 1.0, '_a5_': 1.0, '_a6_': 1.0}};{'d0': 0.024905832919416615};-280.569866449044;37.4147019530114
9212;-102.870231271510;(((((x / _a0_) * (x + log(_a4_))) * _a4_) + _a7_) * x);{'d0': {'_a0_': 0.5526350094785422, '_a4_': 1.866116279927727, '_a7_': 1.7751354043160334, '_a1_': 1.0, '_a2_': 1.0, '_a3_': 1.0, '_a5_': 1.0, '_a6_': 1.0}};{'d0': 0.024905832919416615};-280.569866449044;37.4147019530114
9213;-97.0330084633631;(((((x / (_a5_ / _a4_)) * (x + log(_a4_))) * _a4_) + _a7_) * x);{'d0': {'_a4_': 1.8661162800523279, '_a5_': 1.0312811882557316, '_a7_': 1.7751354044767813, '_a0_': 1.0, '_a1_': 1.0, '_a2_': 1.0, '_a3_': 1.0, '_a6_': 1.0}};{'d0': 0.02490583291941663};-280.569866449044;43.251924761158605
9214;-97.0330084633631;(((((x / (_a5_ / _a4_)) * (x + log(_a4_))) * _a4_) + _a7_) * x);{'d0': {'_a4_': 1.8661162800523279, '_a5_': 1.0312811882557316, '_a7_': 1.7751354044767813, '_a0_': 1.0, '_a1_': 1.0, '_a2_': 1.0, '_a3_': 1.0, '_a6_': 1.0}};{'d0': 0.02490583291941663};-280.569866449044;43.251924761158605
9215;-97.0330084633631;(((((x / (_a5_ / _a4_)) * (x + log(_a4_))) * _a4_) + _a7_) * x);{'d0': {'_a4_': 1.8661162800523279, '_a5_': 1.0312811882557316, '_a7_': 1.7751354044767813, '_a0_': 1.0, '_a1_': 1.0, '_a2_': 1.0, '_a3_': 1.0, '_a6_': 1.0}};{'d0': 0.02490583291941663};-280.569866449044;43.251924761158605
9216;-102.870231271510;(((((x / _a6_) * (x + log(_a4_))) * _a4_) + _a7_) * x);{'d0': {'_a4_': 1.866116279837247, '_a6_': 0.5526350093441924, '_a7_': 1.7751354040628196, '_a0_': 1.0, '_a1_': 1.0, '_a2_': 1.0, '_a3_': 1.0, '_a5_': 1.0}};{'d0': 0.0249058329194166};-280.569866449044;37.4147019530114
9217;-102.870231271510;(((((x / _a6_) * (x + log(_a4_))) * _a4_) + _a7_) * x);{'d0': {'_a4_': 1.866116279837247, '_a6_': 0.5526350093441924, '_a7_': 1.7751354040628196, '_a0_': 1.0, '_a1_': 1.0, '_a2_': 1.0, '_a3_': 1.0, '_a5_': 1.0}};{'d0': 0.0249058329194166};-280.569866449044;37.4147019530114
9218;-102.870231271510;(((((x / _a6_) * (x + log(_a4_))) * _a4_) + _a7_) * x);{'d0': {'_a4_': 1.866116279837247, '_a6_': 0.5526350093441924, '_a7_': 1.7751354040628196, '_a0_': 1.0, '_a1_': 1.0, '_a2_': 1.0, '_a3_': 1.0, '_a5_': 1.0}};{'d0': 0.0249058329194166};-280.569866449044;37.4147019530114
9219;-102.870231271510;(((((x / _a6_) * (x + log(_a4_))) * _a4_) + _a7_) * x);{'d0': {'_a4_': 1.866116279837247, '_a6_': 0.5526350093441924, '_a7_': 1.7751354040628196, '_a0_': 1.0, '_a1_': 1.0, '_a2_': 1.0, '_a3_': 1.0, '_a5_': 1.0}};{'d0': 0.0249058329194166};-280.569866449044;37.4147019530114
9220;-102.870231271510;(((((x / _a6_) * (x + log(_a4_))) * _a4_) + _a7_) * x);{'d0': {'_a4_': 1.866116279837247, '_a6_': 0.5526350093441924, '_a7_': 1.7751354040628196, '_a0_': 1.0, '_a1_': 1.0, '_a2_': 1.0, '_a3_': 1.0, '_a5_': 1.0}};{'d0': 0.0249058329194166};-280.569866449044;37.4147019530114
9221;-102.870231271510;(((((x / _a6_) * (x + log(_a4_))) * _a4_) + _a7_) * x);{'d0': {'_a4_': 1.866116279837247, '_a6_': 0.5526350093441924, '_a7_': 1.7751354040628196, '_a0_': 1.0, '_a1_': 1.0, '_a2_': 1.0, '_a3_': 1.0, '_a5_': 1.0}};{'d0': 0.0249058329194166};-280.569866449044;37.4147019530114
9222;-102.870231271510;(((((x / _a6_) * (x + log(_a4_))) * _a4_) + _a7_) * x);{'d0': {'_a4_': 1.866116279837247, '_a6_': 0.5526350093441924, '_a7_': 1.7751354040628196, '_a0_': 1.0, '_a1_': 1.0, '_a2_': 1.0, '_a3_': 1.0, '_a5_': 1.0}};{'d0': 0.0249058329194166};-280.569866449044;37.4147019530114
9223;-102.870231271510;(((((x / _a6_) * (x + log(_a4_))) * _a4_) + _a7_) * x);{'d0': {'_a4_': 1.866116279837247, '_a6_': 0.5526350093441924, '_a7_': 1.7751354040628196, '_a0_': 1.0, '_a1_': 1.0, '_a2_': 1.0, '_a3_': 1.0, '_a5_': 1.0}};{'d0': 0.0249058329194166};-280.569866449044;37.4147019530114
9224;-102.870231271510;(((((x / _a6_) * (x + log(_a4_))) * _a4_) + _a7_) * x);{'d0': {'_a4_': 1.866116279837247, '_a6_': 0.5526350093441924, '_a7_': 1.7751354040628196, '_a0_': 1.0, '_a1_': 1.0, '_a2_': 1.0, '_a3_': 1.0, '_a5_': 1.0}};{'d0': 0.0249058329194166};-280.569866449044;37.4147019530114
9225;-102.870231271510;(((((x / _a6_) * (x + log(_a4_))) * _a4_) + _a7_) * x);{'d0': {'_a4_': 1.866116279837247, '_a6_': 0.5526350093441924, '_a7_': 1.7751354040628196, '_a0_': 1.0, '_a1_': 1.0, '_a2_': 1.0, '_a3_': 1.0, '_a5_': 1.0}};{'d0': 0.0249058329194166};-280.569866449044;37.4147019530114
9226;-102.870231271510;(((((x / _a6_) * (x + log(_a4_))) * _a4_) + _a7_) * x);{'d0': {'_a4_': 1.866116279837247, '_a6_': 0.5526350093441924, '_a7_': 1.7751354040628196, '_a0_': 1.0, '_a1_': 1.0, '_a2_': 1.0, '_a3_': 1.0, '_a5_': 1.0}};{'d0': 0.0249058329194166};-280.569866449044;37.4147019530114
9227;-102.870231271510;(((((x / _a6_) * (x + log(_a4_))) * _a4_) + _a7_) * x);{'d0': {'_a4_': 1.866116279837247, '_a6_': 0.5526350093441924, '_a7_': 1.7751354040628196, '_a0_': 1.0, '_a1_': 1.0, '_a2_': 1.0, '_a3_': 1.0, '_a5_': 1.0}};{'d0': 0.0249058329194166};-280.569866449044;37.4147019530114
9228;-102.870231271510;(((((x / _a6_) * (x + log(_a4_))) * _a4_) + _a7_) * x);{'d0': {'_a4_': 1.866116279837247, '_a6_': 0.5526350093441924, '_a7_': 1.7751354040628196, '_a0_': 1.0, '_a1_': 1.0, '_a2_': 1.0, '_a3_': 1.0, '_a5_': 1.0}};{'d0': 0.0249058329194166};-280.569866449044;37.4147019530114
9229;-102.870231271510;(((((x / _a6_) * (x + log(_a4_))) * _a4_) + _a7_) * x);{'d0': {'_a4_': 1.866116279837247, '_a6_': 0.5526350093441924, '_a7_': 1.7751354040628196, '_a0_': 1.0, '_a1_': 1.0, '_a2_': 1.0, '_a3_': 1.0, '_a5_': 1.0}};{'d0': 0.0249058329194166};-280.569866449044;37.4147019530114
9230;-102.870231271510;(((((x / _a6_) * (x + log(_a4_))) * _a4_) + _a7_) * x);{'d0': {'_a4_': 1.866116279837247, '_a6_': 0.5526350093441924, '_a7_': 1.7751354040628196, '_a0_': 1.0, '_a1_': 1.0, '_a2_': 1.0, '_a3_': 1.0, '_a5_': 1.0}};{'d0': 0.0249058329194166};-280.569866449044;37.4147019530114
9231;-102.870231271510;(((((x / _a6_) * (x + log(_a4_))) * _a4_) + _a7_) * x);{'d0': {'_a4_': 1.866116279837247, '_a6_': 0.5526350093441924, '_a7_': 1.7751354040628196, '_a0_': 1.0, '_a1_': 1.0, '_a2_': 1.0, '_a3_': 1.0, '_a5_': 1.0}};{'d0': 0.0249058329194166};-280.569866449044;37.4147019530114
9232;-102.870231271510;(((((x / _a6_) * (x + log(_a4_))) * _a4_) + _a7_) * x);{'d0': {'_a4_': 1.866116279837247, '_a6_': 0.5526350093441924, '_a7_': 1.7751354040628196, '_a0_': 1.0, '_a1_': 1.0, '_a2_': 1.0, '_a3_': 1.0, '_a5_': 1.0}};{'d0': 0.0249058329194166};-280.569866449044;37.4147019530114
9233;-102.870231271510;(((((x / _a6_) * (x + log(_a4_))) * _a4_) + _a7_) * x);{'d0': {'_a4_': 1.866116279837247, '_a6_': 0.5526350093441924, '_a7_': 1.7751354040628196, '_a0_': 1.0, '_a1_': 1.0, '_a2_': 1.0, '_a3_': 1.0, '_a5_': 1.0}};{'d0': 0.0249058329194166};-280.569866449044;37.4147019530114
9234;-100.713385073773;((_a3_ + pow2((_a4_ + x))) * (x + (pow2((_a5_ * _a5_)) * x)));{'d0': {'_a3_': 0.4283916272855531, '_a4_': 0.3119297077376082, '_a5_': 1.2416419371002894, '_a0_': 1.0, '_a1_': 1.0, '_a2_': 1.0, '_a6_': 1.0, '_a7_': 1.0}};{'d0': 0.024905832919416587};-280.569866449044;39.57154815074905
9235;-100.713385073773;((_a3_ + pow2((_a4_ + x))) * (x + (pow2((_a5_ * _a5_)) * x)));{'d0': {'_a3_': 0.4283916272855531, '_a4_': 0.3119297077376082, '_a5_': 1.2416419371002894, '_a0_': 1.0, '_a1_': 1.0, '_a2_': 1.0, '_a6_': 1.0, '_a7_': 1.0}};{'d0': 0.024905832919416587};-280.569866449044;39.57154815074905
9236;-100.713385073773;((_a3_ + pow2((_a4_ + x))) * (x + (pow2((_a5_ * _a5_)) * x)));{'d0': {'_a3_': 0.4283916272855531, '_a4_': 0.3119297077376082, '_a5_': 1.2416419371002894, '_a0_': 1.0, '_a1_': 1.0, '_a2_': 1.0, '_a6_': 1.0, '_a7_': 1.0}};{'d0': 0.024905832919416587};-280.569866449044;39.57154815074905
9237;-100.713385073773;((_a3_ + pow2((_a4_ + x))) * (x + (pow2((_a5_ * _a5_)) * x)));{'d0': {'_a3_': 0.4283916272855531, '_a4_': 0.3119297077376082, '_a5_': 1.2416419371002894, '_a0_': 1.0, '_a1_': 1.0, '_a2_': 1.0, '_a6_': 1.0, '_a7_': 1.0}};{'d0': 0.024905832919416587};-280.569866449044;39.57154815074905
9238;-100.713385073773;((_a3_ + pow2((_a4_ + x))) * (x + (pow2((_a5_ * _a5_)) * x)));{'d0': {'_a3_': 0.4283916272855531, '_a4_': 0.3119297077376082, '_a5_': 1.2416419371002894, '_a0_': 1.0, '_a1_': 1.0, '_a2_': 1.0, '_a6_': 1.0, '_a7_': 1.0}};{'d0': 0.024905832919416587};-280.569866449044;39.57154815074905
9239;-100.713385073773;((_a3_ + pow2((_a4_ + x))) * (x + (pow2((_a5_ * _a5_)) * x)));{'d0': {'_a3_': 0.4283916272855531, '_a4_': 0.3119297077376082, '_a5_': 1.2416419371002894, '_a0_': 1.0, '_a1_': 1.0, '_a2_': 1.0, '_a6_': 1.0, '_a7_': 1.0}};{'d0': 0.024905832919416587};-280.569866449044;39.57154815074905
9240;-100.713385073773;((_a3_ + pow2((_a4_ + x))) * (x + (pow2((_a5_ * _a5_)) * x)));{'d0': {'_a3_': 0.4283916272855531, '_a4_': 0.3119297077376082, '_a5_': 1.2416419371002894, '_a0_': 1.0, '_a1_': 1.0, '_a2_': 1.0, '_a6_': 1.0, '_a7_': 1.0}};{'d0': 0.024905832919416587};-280.569866449044;39.57154815074905
9241;-100.713385073773;((_a3_ + pow2((_a4_ + x))) * (x + (pow2((_a5_ * _a5_)) * x)));{'d0': {'_a3_': 0.4283916272855531, '_a4_': 0.3119297077376082, '_a5_': 1.2416419371002894, '_a0_': 1.0, '_a1_': 1.0, '_a2_': 1.0, '_a6_': 1.0, '_a7_': 1.0}};{'d0': 0.024905832919416587};-280.569866449044;39.57154815074905
9242;-100.713385073773;((_a3_ + pow2((_a4_ + x))) * (x + (pow2((_a5_ * _a5_)) * x)));{'d0': {'_a3_': 0.4283916272855531, '_a4_': 0.3119297077376082, '_a5_': 1.2416419371002894, '_a0_': 1.0, '_a1_': 1.0, '_a2_': 1.0, '_a6_': 1.0, '_a7_': 1.0}};{'d0': 0.024905832919416587};-280.569866449044;39.57154815074905
9243;-100.713385073773;((_a3_ + pow2((_a4_ + x))) * (x + (pow2((_a5_ * _a5_)) * x)));{'d0': {'_a3_': 0.4283916272855531, '_a4_': 0.3119297077376082, '_a5_': 1.2416419371002894, '_a0_': 1.0, '_a1_': 1.0, '_a2_': 1.0, '_a6_': 1.0, '_a7_': 1.0}};{'d0': 0.024905832919416587};-280.569866449044;39.57154815074905
9244;-100.713385073773;((_a3_ + pow2((_a4_ + x))) * (x + (pow2((_a5_ * _a5_)) * x)));{'d0': {'_a3_': 0.4283916272855531, '_a4_': 0.3119297077376082, '_a5_': 1.2416419371002894, '_a0_': 1.0, '_a1_': 1.0, '_a2_': 1.0, '_a6_': 1.0, '_a7_': 1.0}};{'d0': 0.024905832919416587};-280.569866449044;39.57154815074905
9245;-102.870231271510;(((((x / _a6_) * (x + log(_a4_))) * _a4_) + _a7_) * x);{'d0': {'_a4_': 1.866116279837247, '_a6_': 0.5526350093441924, '_a7_': 1.7751354040628196, '_a0_': 1.0, '_a1_': 1.0, '_a2_': 1.0, '_a3_': 1.0, '_a5_': 1.0}};{'d0': 0.0249058329194166};-280.569866449044;37.4147019530114
9246;-102.870231271510;(((((x / _a6_) * (x + log(_a4_))) * _a4_) + _a7_) * x);{'d0': {'_a4_': 1.866116279837247, '_a6_': 0.5526350093441924, '_a7_': 1.7751354040628196, '_a0_': 1.0, '_a1_': 1.0, '_a2_': 1.0, '_a3_': 1.0, '_a5_': 1.0}};{'d0': 0.0249058329194166};-280.569866449044;37.4147019530114
9247;-102.870231271510;(((((x / _a6_) * (x + log(_a4_))) * _a4_) + _a7_) * x);{'d0': {'_a4_': 1.866116279837247, '_a6_': 0.5526350093441924, '_a7_': 1.7751354040628196, '_a0_': 1.0, '_a1_': 1.0, '_a2_': 1.0, '_a3_': 1.0, '_a5_': 1.0}};{'d0': 0.0249058329194166};-280.569866449044;37.4147019530114
9248;-102.870231271510;(((((x / _a6_) * (x + log(_a4_))) * _a4_) + _a7_) * x);{'d0': {'_a4_': 1.866116279837247, '_a6_': 0.5526350093441924, '_a7_': 1.7751354040628196, '_a0_': 1.0, '_a1_': 1.0, '_a2_': 1.0, '_a3_': 1.0, '_a5_': 1.0}};{'d0': 0.0249058329194166};-280.569866449044;37.4147019530114
9249;-102.870231271510;(((((x / _a6_) * (x + log(_a4_))) * _a4_) + _a7_) * x);{'d0': {'_a4_': 1.866116279837247, '_a6_': 0.5526350093441924, '_a7_': 1.7751354040628196, '_a0_': 1.0, '_a1_': 1.0, '_a2_': 1.0, '_a3_': 1.0, '_a5_': 1.0}};{'d0': 0.0249058329194166};-280.569866449044;37.4147019530114
9250;-102.870231271510;(((((x / _a6_) * (x + log(_a4_))) * _a4_) + _a7_) * x);{'d0': {'_a4_': 1.866116279837247, '_a6_': 0.5526350093441924, '_a7_': 1.7751354040628196, '_a0_': 1.0, '_a1_': 1.0, '_a2_': 1.0, '_a3_': 1.0, '_a5_': 1.0}};{'d0': 0.0249058329194166};-280.569866449044;37.4147019530114
9251;-102.870231271510;(((((x / _a6_) * (x + log(_a4_))) * _a4_) + _a7_) * x);{'d0': {'_a4_': 1.866116279837247, '_a6_': 0.5526350093441924, '_a7_': 1.7751354040628196, '_a0_': 1.0, '_a1_': 1.0, '_a2_': 1.0, '_a3_': 1.0, '_a5_': 1.0}};{'d0': 0.0249058329194166};-280.569866449044;37.4147019530114
9252;-102.870231271510;(((((x / _a6_) * (x + log(_a4_))) * _a4_) + _a7_) * x);{'d0': {'_a4_': 1.866116279837247, '_a6_': 0.5526350093441924, '_a7_': 1.7751354040628196, '_a0_': 1.0, '_a1_': 1.0, '_a2_': 1.0, '_a3_': 1.0, '_a5_': 1.0}};{'d0': 0.0249058329194166};-280.569866449044;37.4147019530114
9253;-102.870231271510;(((((x / _a6_) * (x + log(_a4_))) * _a4_) + _a7_) * x);{'d0': {'_a4_': 1.866116279837247, '_a6_': 0.5526350093441924, '_a7_': 1.7751354040628196, '_a0_': 1.0, '_a1_': 1.0, '_a2_': 1.0, '_a3_': 1.0, '_a5_': 1.0}};{'d0': 0.0249058329194166};-280.569866449044;37.4147019530114
9254;-102.870231271510;(((((x / _a6_) * (x + log(_a4_))) * _a4_) + _a7_) * x);{'d0': {'_a4_': 1.866116279837247, '_a6_': 0.5526350093441924, '_a7_': 1.7751354040628196, '_a0_': 1.0, '_a1_': 1.0, '_a2_': 1.0, '_a3_': 1.0, '_a5_': 1.0}};{'d0': 0.0249058329194166};-280.569866449044;37.4147019530114
9255;-102.870231271510;(((((x / _a6_) * (x + log(_a4_))) * _a4_) + _a7_) * x);{'d0': {'_a4_': 1.866116279837247, '_a6_': 0.5526350093441924, '_a7_': 1.7751354040628196, '_a0_': 1.0, '_a1_': 1.0, '_a2_': 1.0, '_a3_': 1.0, '_a5_': 1.0}};{'d0': 0.0249058329194166};-280.569866449044;37.4147019530114
9256;-102.870231271510;(((((x / _a6_) * (x + log(_a4_))) * _a4_) + _a7_) * x);{'d0': {'_a4_': 1.866116279837247, '_a6_': 0.5526350093441924, '_a7_': 1.7751354040628196, '_a0_': 1.0, '_a1_': 1.0, '_a2_': 1.0, '_a3_': 1.0, '_a5_': 1.0}};{'d0': 0.0249058329194166};-280.569866449044;37.4147019530114
9257;-102.870231271510;(((((x / _a6_) * (x + log(_a4_))) * _a4_) + _a7_) * x);{'d0': {'_a4_': 1.866116279837247, '_a6_': 0.5526350093441924, '_a7_': 1.7751354040628196, '_a0_': 1.0, '_a1_': 1.0, '_a2_': 1.0, '_a3_': 1.0, '_a5_': 1.0}};{'d0': 0.0249058329194166};-280.569866449044;37.4147019530114
9258;-102.870231271510;(((((x / _a6_) * (x + log(_a4_))) * _a4_) + _a7_) * x);{'d0': {'_a4_': 1.866116279837247, '_a6_': 0.5526350093441924, '_a7_': 1.7751354040628196, '_a0_': 1.0, '_a1_': 1.0, '_a2_': 1.0, '_a3_': 1.0, '_a5_': 1.0}};{'d0': 0.0249058329194166};-280.569866449044;37.4147019530114
9259;-102.870231271510;(((((x / _a6_) * (x + log(_a4_))) * _a4_) + _a7_) * x);{'d0': {'_a4_': 1.866116279837247, '_a6_': 0.5526350093441924, '_a7_': 1.7751354040628196, '_a0_': 1.0, '_a1_': 1.0, '_a2_': 1.0, '_a3_': 1.0, '_a5_': 1.0}};{'d0': 0.0249058329194166};-280.569866449044;37.4147019530114
9260;-102.870231271510;(((((x / _a6_) * (x + log(_a4_))) * _a4_) + _a7_) * x);{'d0': {'_a4_': 1.866116279837247, '_a6_': 0.5526350093441924, '_a7_': 1.7751354040628196, '_a0_': 1.0, '_a1_': 1.0, '_a2_': 1.0, '_a3_': 1.0, '_a5_': 1.0}};{'d0': 0.0249058329194166};-280.569866449044;37.4147019530114
9261;-102.870231271510;(((((x / _a6_) * (x + log(_a4_))) * _a4_) + _a7_) * x);{'d0': {'_a4_': 1.866116279837247, '_a6_': 0.5526350093441924, '_a7_': 1.7751354040628196, '_a0_': 1.0, '_a1_': 1.0, '_a2_': 1.0, '_a3_': 1.0, '_a5_': 1.0}};{'d0': 0.0249058329194166};-280.569866449044;37.4147019530114
9262;-102.870231271510;(((((x / _a6_) * (x + log(_a4_))) * _a4_) + _a7_) * x);{'d0': {'_a4_': 1.866116279837247, '_a6_': 0.5526350093441924, '_a7_': 1.7751354040628196, '_a0_': 1.0, '_a1_': 1.0, '_a2_': 1.0, '_a3_': 1.0, '_a5_': 1.0}};{'d0': 0.0249058329194166};-280.569866449044;37.4147019530114
9263;-102.870231271510;(((((x / _a6_) * (x + log(_a4_))) * _a4_) + _a7_) * x);{'d0': {'_a4_': 1.866116279837247, '_a6_': 0.5526350093441924, '_a7_': 1.7751354040628196, '_a0_': 1.0, '_a1_': 1.0, '_a2_': 1.0, '_a3_': 1.0, '_a5_': 1.0}};{'d0': 0.0249058329194166};-280.569866449044;37.4147019530114
9264;-102.870231271510;(((((x / _a6_) * (x + log(_a4_))) * _a4_) + _a7_) * x);{'d0': {'_a4_': 1.866116279837247, '_a6_': 0.5526350093441924, '_a7_': 1.7751354040628196, '_a0_': 1.0, '_a1_': 1.0, '_a2_': 1.0, '_a3_': 1.0, '_a5_': 1.0}};{'d0': 0.0249058329194166};-280.569866449044;37.4147019530114
9265;-104.549616141360;(((((x / _a6_) * (x + -(_a4_))) * _a4_) + _a7_) * x);{'d0': {'_a4_': -0.62385941551973, '_a6_': -0.18475084196775823, '_a7_': 1.7751354041010465, '_a0_': 1.0, '_a1_': 1.0, '_a2_': 1.0, '_a3_': 1.0, '_a5_': 1.0}};{'d0': 0.02490583291941663};-280.569866449044;35.73531708316179
9266;-104.549616141360;(((((x / _a6_) * (x + -(_a4_))) * _a4_) + _a7_) * x);{'d0': {'_a4_': -0.62385941551973, '_a6_': -0.18475084196775823, '_a7_': 1.7751354041010465, '_a0_': 1.0, '_a1_': 1.0, '_a2_': 1.0, '_a3_': 1.0, '_a5_': 1.0}};{'d0': 0.02490583291941663};-280.569866449044;35.73531708316179
9267;-104.549616141360;(((((x / _a6_) * (x + -(_a4_))) * _a4_) + _a7_) * x);{'d0': {'_a4_': -0.62385941551973, '_a6_': -0.18475084196775823, '_a7_': 1.7751354041010465, '_a0_': 1.0, '_a1_': 1.0, '_a2_': 1.0, '_a3_': 1.0, '_a5_': 1.0}};{'d0': 0.02490583291941663};-280.569866449044;35.73531708316179
9268;-104.549616141360;(((((x / _a6_) * (x + -(_a4_))) * _a4_) + _a7_) * x);{'d0': {'_a4_': -0.62385941551973, '_a6_': -0.18475084196775823, '_a7_': 1.7751354041010465, '_a0_': 1.0, '_a1_': 1.0, '_a2_': 1.0, '_a3_': 1.0, '_a5_': 1.0}};{'d0': 0.02490583291941663};-280.569866449044;35.73531708316179
9269;-104.549616141360;(((((x / _a6_) * (x + -(_a4_))) * _a4_) + _a7_) * x);{'d0': {'_a4_': -0.62385941551973, '_a6_': -0.18475084196775823, '_a7_': 1.7751354041010465, '_a0_': 1.0, '_a1_': 1.0, '_a2_': 1.0, '_a3_': 1.0, '_a5_': 1.0}};{'d0': 0.02490583291941663};-280.569866449044;35.73531708316179
9270;-102.216454796934;((_a3_ + pow2((_a4_ + x))) * (x + (pow2(exp(_a3_)) * x)));{'d0': {'_a3_': 0.430648128347567, '_a4_': 0.3119880082905053, '_a0_': 1.0, '_a1_': 1.0, '_a2_': 1.0, '_a5_': 1.0, '_a6_': 1.0, '_a7_': 1.0}};{'d0': 0.024951549685455883};-284.554176886415;40.06063364627405
9271;-102.216454796934;((_a3_ + pow2((_a4_ + x))) * (x + (pow2(exp(_a3_)) * x)));{'d0': {'_a3_': 0.430648128347567, '_a4_': 0.3119880082905053, '_a0_': 1.0, '_a1_': 1.0, '_a2_': 1.0, '_a5_': 1.0, '_a6_': 1.0, '_a7_': 1.0}};{'d0': 0.024951549685455883};-284.554176886415;40.06063364627405
9272;-102.216454796934;((_a3_ + pow2((_a4_ + x))) * (x + (pow2(exp(_a3_)) * x)));{'d0': {'_a3_': 0.430648128347567, '_a4_': 0.3119880082905053, '_a0_': 1.0, '_a1_': 1.0, '_a2_': 1.0, '_a5_': 1.0, '_a6_': 1.0, '_a7_': 1.0}};{'d0': 0.024951549685455883};-284.554176886415;40.06063364627405
9273;-102.216454796934;((_a3_ + pow2((_a4_ + x))) * (x + (pow2(exp(_a3_)) * x)));{'d0': {'_a3_': 0.430648128347567, '_a4_': 0.3119880082905053, '_a0_': 1.0, '_a1_': 1.0, '_a2_': 1.0, '_a5_': 1.0, '_a6_': 1.0, '_a7_': 1.0}};{'d0': 0.024951549685455883};-284.554176886415;40.06063364627405
9274;-102.216454796934;((_a3_ + pow2((_a4_ + x))) * (x + (pow2(exp(_a3_)) * x)));{'d0': {'_a3_': 0.430648128347567, '_a4_': 0.3119880082905053, '_a0_': 1.0, '_a1_': 1.0, '_a2_': 1.0, '_a5_': 1.0, '_a6_': 1.0, '_a7_': 1.0}};{'d0': 0.024951549685455883};-284.554176886415;40.06063364627405
9275;-102.216454796934;((_a3_ + pow2((_a4_ + x))) * (x + (pow2(exp(_a3_)) * x)));{'d0': {'_a3_': 0.430648128347567, '_a4_': 0.3119880082905053, '_a0_': 1.0, '_a1_': 1.0, '_a2_': 1.0, '_a5_': 1.0, '_a6_': 1.0, '_a7_': 1.0}};{'d0': 0.024951549685455883};-284.554176886415;40.06063364627405
9276;-102.216454796934;((_a3_ + pow2((_a4_ + x))) * (x + (pow2(exp(_a3_)) * x)));{'d0': {'_a3_': 0.430648128347567, '_a4_': 0.3119880082905053, '_a0_': 1.0, '_a1_': 1.0, '_a2_': 1.0, '_a5_': 1.0, '_a6_': 1.0, '_a7_': 1.0}};{'d0': 0.024951549685455883};-284.554176886415;40.06063364627405
9277;-102.216454796934;((_a3_ + pow2((_a4_ + x))) * (x + (pow2(exp(_a3_)) * x)));{'d0': {'_a3_': 0.430648128347567, '_a4_': 0.3119880082905053, '_a0_': 1.0, '_a1_': 1.0, '_a2_': 1.0, '_a5_': 1.0, '_a6_': 1.0, '_a7_': 1.0}};{'d0': 0.024951549685455883};-284.554176886415;40.06063364627405
9278;-102.216454796934;((_a3_ + pow2((_a4_ + x))) * (x + (pow2(exp(_a3_)) * x)));{'d0': {'_a3_': 0.430648128347567, '_a4_': 0.3119880082905053, '_a0_': 1.0, '_a1_': 1.0, '_a2_': 1.0, '_a5_': 1.0, '_a6_': 1.0, '_a7_': 1.0}};{'d0': 0.024951549685455883};-284.554176886415;40.06063364627405
9279;-102.216454796934;((_a3_ + pow2((_a4_ + x))) * (x + (pow2(exp(_a3_)) * x)));{'d0': {'_a3_': 0.430648128347567, '_a4_': 0.3119880082905053, '_a0_': 1.0, '_a1_': 1.0, '_a2_': 1.0, '_a5_': 1.0, '_a6_': 1.0, '_a7_': 1.0}};{'d0': 0.024951549685455883};-284.554176886415;40.06063364627405
9280;-102.216454796934;((_a3_ + pow2((_a4_ + x))) * (x + (pow2(exp(_a3_)) * x)));{'d0': {'_a3_': 0.430648128347567, '_a4_': 0.3119880082905053, '_a0_': 1.0, '_a1_': 1.0, '_a2_': 1.0, '_a5_': 1.0, '_a6_': 1.0, '_a7_': 1.0}};{'d0': 0.024951549685455883};-284.554176886415;40.06063364627405
9281;-102.216454796934;((_a3_ + pow2((_a4_ + x))) * (x + (pow2(exp(_a3_)) * x)));{'d0': {'_a3_': 0.430648128347567, '_a4_': 0.3119880082905053, '_a0_': 1.0, '_a1_': 1.0, '_a2_': 1.0, '_a5_': 1.0, '_a6_': 1.0, '_a7_': 1.0}};{'d0': 0.024951549685455883};-284.554176886415;40.06063364627405
9282;-102.216454796934;((_a3_ + pow2((_a4_ + x))) * (x + (pow2(exp(_a3_)) * x)));{'d0': {'_a3_': 0.430648128347567, '_a4_': 0.3119880082905053, '_a0_': 1.0, '_a1_': 1.0, '_a2_': 1.0, '_a5_': 1.0, '_a6_': 1.0, '_a7_': 1.0}};{'d0': 0.024951549685455883};-284.554176886415;40.06063364627405
9283;-104.549616141360;(((((x / _a6_) * (x + -(_a4_))) * _a4_) + _a7_) * x);{'d0': {'_a4_': -0.62385941551973, '_a6_': -0.18475084196775823, '_a7_': 1.7751354041010465, '_a0_': 1.0, '_a1_': 1.0, '_a2_': 1.0, '_a3_': 1.0, '_a5_': 1.0}};{'d0': 0.02490583291941663};-280.569866449044;35.73531708316179
9284;-104.549616141360;(((((x / _a6_) * (x + -(_a4_))) * _a4_) + _a7_) * x);{'d0': {'_a4_': -0.62385941551973, '_a6_': -0.18475084196775823, '_a7_': 1.7751354041010465, '_a0_': 1.0, '_a1_': 1.0, '_a2_': 1.0, '_a3_': 1.0, '_a5_': 1.0}};{'d0': 0.02490583291941663};-280.569866449044;35.73531708316179
9285;-104.549616141360;(((((x / _a6_) * (x + -(_a4_))) * _a4_) + _a7_) * x);{'d0': {'_a4_': -0.62385941551973, '_a6_': -0.18475084196775823, '_a7_': 1.7751354041010465, '_a0_': 1.0, '_a1_': 1.0, '_a2_': 1.0, '_a3_': 1.0, '_a5_': 1.0}};{'d0': 0.02490583291941663};-280.569866449044;35.73531708316179
9286;-104.549616141360;(((((x / _a6_) * (x + -(_a4_))) * _a4_) + _a7_) * x);{'d0': {'_a4_': -0.62385941551973, '_a6_': -0.18475084196775823, '_a7_': 1.7751354041010465, '_a0_': 1.0, '_a1_': 1.0, '_a2_': 1.0, '_a3_': 1.0, '_a5_': 1.0}};{'d0': 0.02490583291941663};-280.569866449044;35.73531708316179
9287;-104.549616141360;(((((x / _a6_) * (x + -(_a4_))) * _a4_) + _a7_) * x);{'d0': {'_a4_': -0.62385941551973, '_a6_': -0.18475084196775823, '_a7_': 1.7751354041010465, '_a0_': 1.0, '_a1_': 1.0, '_a2_': 1.0, '_a3_': 1.0, '_a5_': 1.0}};{'d0': 0.02490583291941663};-280.569866449044;35.73531708316179
9288;-104.549616141360;(((((x / _a6_) * (x + -(_a4_))) * _a4_) + _a7_) * x);{'d0': {'_a4_': -0.62385941551973, '_a6_': -0.18475084196775823, '_a7_': 1.7751354041010465, '_a0_': 1.0, '_a1_': 1.0, '_a2_': 1.0, '_a3_': 1.0, '_a5_': 1.0}};{'d0': 0.02490583291941663};-280.569866449044;35.73531708316179
9289;-104.549616141360;(((((x / _a6_) * (x + -(_a4_))) * _a4_) + _a7_) * x);{'d0': {'_a4_': -0.62385941551973, '_a6_': -0.18475084196775823, '_a7_': 1.7751354041010465, '_a0_': 1.0, '_a1_': 1.0, '_a2_': 1.0, '_a3_': 1.0, '_a5_': 1.0}};{'d0': 0.02490583291941663};-280.569866449044;35.73531708316179
9290;-104.549616141360;(((((x / _a6_) * (x + -(_a4_))) * _a4_) + _a7_) * x);{'d0': {'_a4_': -0.62385941551973, '_a6_': -0.18475084196775823, '_a7_': 1.7751354041010465, '_a0_': 1.0, '_a1_': 1.0, '_a2_': 1.0, '_a3_': 1.0, '_a5_': 1.0}};{'d0': 0.02490583291941663};-280.569866449044;35.73531708316179
9291;-105.400567982305;(((((x * _a6_) * (x + -(_a4_))) * _a4_) + _a7_) * x);{'d0': {'_a4_': -0.6238594156339421, '_a6_': -5.41269522239741, '_a7_': 1.7751354044538086, '_a0_': 1.0, '_a1_': 1.0, '_a2_': 1.0, '_a3_': 1.0, '_a5_': 1.0}};{'d0': 0.02490583291941662};-280.569866449044;34.88436524221639
9292;-105.400567982305;(((((x * _a6_) * (x + -(_a4_))) * _a4_) + _a7_) * x);{'d0': {'_a4_': -0.6238594156339421, '_a6_': -5.41269522239741, '_a7_': 1.7751354044538086, '_a0_': 1.0, '_a1_': 1.0, '_a2_': 1.0, '_a3_': 1.0, '_a5_': 1.0}};{'d0': 0.02490583291941662};-280.569866449044;34.88436524221639
9293;-105.400567982305;(((((x * _a6_) * (x + -(_a4_))) * _a4_) + _a7_) * x);{'d0': {'_a4_': -0.6238594156339421, '_a6_': -5.41269522239741, '_a7_': 1.7751354044538086, '_a0_': 1.0, '_a1_': 1.0, '_a2_': 1.0, '_a3_': 1.0, '_a5_': 1.0}};{'d0': 0.02490583291941662};-280.569866449044;34.88436524221639
9294;-105.400567982305;(((((x * _a6_) * (x + -(_a4_))) * _a4_) + _a7_) * x);{'d0': {'_a4_': -0.6238594156339421, '_a6_': -5.41269522239741, '_a7_': 1.7751354044538086, '_a0_': 1.0, '_a1_': 1.0, '_a2_': 1.0, '_a3_': 1.0, '_a5_': 1.0}};{'d0': 0.02490583291941662};-280.569866449044;34.88436524221639
9295;-105.400567982305;(((((x * _a6_) * (x + -(_a4_))) * _a4_) + _a7_) * x);{'d0': {'_a4_': -0.6238594156339421, '_a6_': -5.41269522239741, '_a7_': 1.7751354044538086, '_a0_': 1.0, '_a1_': 1.0, '_a2_': 1.0, '_a3_': 1.0, '_a5_': 1.0}};{'d0': 0.02490583291941662};-280.569866449044;34.88436524221639
9296;-105.400567982305;(((((x * _a6_) * (x + -(_a4_))) * _a4_) + _a7_) * x);{'d0': {'_a4_': -0.6238594156339421, '_a6_': -5.41269522239741, '_a7_': 1.7751354044538086, '_a0_': 1.0, '_a1_': 1.0, '_a2_': 1.0, '_a3_': 1.0, '_a5_': 1.0}};{'d0': 0.02490583291941662};-280.569866449044;34.88436524221639
9297;-105.400567982305;(((((x * _a6_) * (x + -(_a4_))) * _a4_) + _a7_) * x);{'d0': {'_a4_': -0.6238594156339421, '_a6_': -5.41269522239741, '_a7_': 1.7751354044538086, '_a0_': 1.0, '_a1_': 1.0, '_a2_': 1.0, '_a3_': 1.0, '_a5_': 1.0}};{'d0': 0.02490583291941662};-280.569866449044;34.88436524221639
9298;-105.400567982305;(((((x * _a6_) * (x + -(_a4_))) * _a4_) + _a7_) * x);{'d0': {'_a4_': -0.6238594156339421, '_a6_': -5.41269522239741, '_a7_': 1.7751354044538086, '_a0_': 1.0, '_a1_': 1.0, '_a2_': 1.0, '_a3_': 1.0, '_a5_': 1.0}};{'d0': 0.02490583291941662};-280.569866449044;34.88436524221639
9299;-105.400567982305;(((((x * _a6_) * (x + -(_a4_))) * _a4_) + _a7_) * x);{'d0': {'_a4_': -0.6238594156339421, '_a6_': -5.41269522239741, '_a7_': 1.7751354044538086, '_a0_': 1.0, '_a1_': 1.0, '_a2_': 1.0, '_a3_': 1.0, '_a5_': 1.0}};{'d0': 0.02490583291941662};-280.569866449044;34.88436524221639
9300;-105.400567982305;(((((x * _a6_) * (x + -(_a4_))) * _a4_) + _a7_) * x);{'d0': {'_a4_': -0.6238594156339421, '_a6_': -5.41269522239741, '_a7_': 1.7751354044538086, '_a0_': 1.0, '_a1_': 1.0, '_a2_': 1.0, '_a3_': 1.0, '_a5_': 1.0}};{'d0': 0.02490583291941662};-280.569866449044;34.88436524221639
9301;-105.400567982305;(((((x * _a0_) * (x + -(_a4_))) * _a4_) + _a7_) * x);{'d0': {'_a0_': -5.412695219694009, '_a4_': -0.623859415762939, '_a7_': 1.7751354049037056, '_a1_': 1.0, '_a2_': 1.0, '_a3_': 1.0, '_a5_': 1.0, '_a6_': 1.0}};{'d0': 0.024905832919416657};-280.569866449044;34.88436524221639
9302;-105.400567982305;(((((x * _a0_) * (x + -(_a4_))) * _a4_) + _a7_) * x);{'d0': {'_a0_': -5.412695219694009, '_a4_': -0.623859415762939, '_a7_': 1.7751354049037056, '_a1_': 1.0, '_a2_': 1.0, '_a3_': 1.0, '_a5_': 1.0, '_a6_': 1.0}};{'d0': 0.024905832919416657};-280.569866449044;34.88436524221639
9303;-105.400567982305;(((((x * _a0_) * (x + -(_a4_))) * _a4_) + _a7_) * x);{'d0': {'_a0_': -5.412695219694009, '_a4_': -0.623859415762939, '_a7_': 1.7751354049037056, '_a1_': 1.0, '_a2_': 1.0, '_a3_': 1.0, '_a5_': 1.0, '_a6_': 1.0}};{'d0': 0.024905832919416657};-280.569866449044;34.88436524221639
9304;-99.1917658184904;(((_a6_ + pow2(x)) + (_a7_ * x)) * ((x / sqrt(_a3_)) * _a3_));{'d0': {'_a3_': 11.402514018134363, '_a6_': 0.5256917707442608, '_a7_': 0.6238594155899646, '_a0_': 1.0, '_a1_': 1.0, '_a2_': 1.0, '_a4_': 1.0, '_a5_': 1.0}};{'d0': 0.024905832919416677};-280.569866449043;41.09316740603144
9305;-99.1917658184904;(((_a6_ + pow2(x)) + (_a7_ * x)) * ((x / sqrt(_a3_)) * _a3_));{'d0': {'_a3_': 11.402514018134363, '_a6_': 0.5256917707442608, '_a7_': 0.6238594155899646, '_a0_': 1.0, '_a1_': 1.0, '_a2_': 1.0, '_a4_': 1.0, '_a5_': 1.0}};{'d0': 0.024905832919416677};-280.569866449043;41.09316740603144
9306;-99.1917658184904;(((_a6_ + pow2(x)) + (_a7_ * x)) * ((x / sqrt(_a3_)) * _a3_));{'d0': {'_a3_': 11.402514018134363, '_a6_': 0.5256917707442608, '_a7_': 0.6238594155899646, '_a0_': 1.0, '_a1_': 1.0, '_a2_': 1.0, '_a4_': 1.0, '_a5_': 1.0}};{'d0': 0.024905832919416677};-280.569866449043;41.09316740603144
9307;-99.1917658184904;(((_a6_ + pow2(x)) + (_a7_ * x)) * ((x / sqrt(_a3_)) * _a3_));{'d0': {'_a3_': 11.402514018134363, '_a6_': 0.5256917707442608, '_a7_': 0.6238594155899646, '_a0_': 1.0, '_a1_': 1.0, '_a2_': 1.0, '_a4_': 1.0, '_a5_': 1.0}};{'d0': 0.024905832919416677};-280.569866449043;41.09316740603144
9308;-99.1917658184904;(((_a6_ + pow2(x)) + (_a7_ * x)) * ((x / sqrt(_a3_)) * _a3_));{'d0': {'_a3_': 11.402514018134363, '_a6_': 0.5256917707442608, '_a7_': 0.6238594155899646, '_a0_': 1.0, '_a1_': 1.0, '_a2_': 1.0, '_a4_': 1.0, '_a5_': 1.0}};{'d0': 0.024905832919416677};-280.569866449043;41.09316740603144
9309;-99.1917658184904;(((_a6_ + pow2(x)) + (_a7_ * x)) * ((x / sqrt(_a3_)) * _a3_));{'d0': {'_a3_': 11.402514018134363, '_a6_': 0.5256917707442608, '_a7_': 0.6238594155899646, '_a0_': 1.0, '_a1_': 1.0, '_a2_': 1.0, '_a4_': 1.0, '_a5_': 1.0}};{'d0': 0.024905832919416677};-280.569866449043;41.09316740603144
9310;-99.1917658184904;(((_a6_ + pow2(x)) + (_a7_ * x)) * ((x / sqrt(_a3_)) * _a3_));{'d0': {'_a3_': 11.402514018134363, '_a6_': 0.5256917707442608, '_a7_': 0.6238594155899646, '_a0_': 1.0, '_a1_': 1.0, '_a2_': 1.0, '_a4_': 1.0, '_a5_': 1.0}};{'d0': 0.024905832919416677};-280.569866449043;41.09316740603144
9311;-99.1917658184904;(((_a6_ + pow2(x)) + (_a7_ * x)) * ((x / sqrt(_a3_)) * _a3_));{'d0': {'_a3_': 11.402514018134363, '_a6_': 0.5256917707442608, '_a7_': 0.6238594155899646, '_a0_': 1.0, '_a1_': 1.0, '_a2_': 1.0, '_a4_': 1.0, '_a5_': 1.0}};{'d0': 0.024905832919416677};-280.569866449043;41.09316740603144
9312;-99.1917658184904;(((_a6_ + pow2(x)) + (_a7_ * x)) * ((x / sqrt(_a3_)) * _a3_));{'d0': {'_a3_': 11.402514018134363, '_a6_': 0.5256917707442608, '_a7_': 0.6238594155899646, '_a0_': 1.0, '_a1_': 1.0, '_a2_': 1.0, '_a4_': 1.0, '_a5_': 1.0}};{'d0': 0.024905832919416677};-280.569866449043;41.09316740603144
9313;-99.1917658184904;(((_a6_ + pow2(x)) + (_a7_ * x)) * ((x / sqrt(_a3_)) * _a3_));{'d0': {'_a3_': 11.402514018134363, '_a6_': 0.5256917707442608, '_a7_': 0.6238594155899646, '_a0_': 1.0, '_a1_': 1.0, '_a2_': 1.0, '_a4_': 1.0, '_a5_': 1.0}};{'d0': 0.024905832919416677};-280.569866449043;41.09316740603144
9314;-105.400567982305;(((((x * _a0_) * (x + -(_a4_))) * _a4_) + _a7_) * x);{'d0': {'_a0_': -5.412695219694009, '_a4_': -0.623859415762939, '_a7_': 1.7751354049037056, '_a1_': 1.0, '_a2_': 1.0, '_a3_': 1.0, '_a5_': 1.0, '_a6_': 1.0}};{'d0': 0.024905832919416657};-280.569866449044;34.88436524221639
9315;-105.400567982305;(((((x * _a0_) * (x + -(_a4_))) * _a4_) + _a7_) * x);{'d0': {'_a0_': -5.412695219694009, '_a4_': -0.623859415762939, '_a7_': 1.7751354049037056, '_a1_': 1.0, '_a2_': 1.0, '_a3_': 1.0, '_a5_': 1.0, '_a6_': 1.0}};{'d0': 0.024905832919416657};-280.569866449044;34.88436524221639
9316;-105.400567982305;(((((x * _a0_) * (x + -(_a4_))) * _a4_) + _a7_) * x);{'d0': {'_a0_': -5.412695219694009, '_a4_': -0.623859415762939, '_a7_': 1.7751354049037056, '_a1_': 1.0, '_a2_': 1.0, '_a3_': 1.0, '_a5_': 1.0, '_a6_': 1.0}};{'d0': 0.024905832919416657};-280.569866449044;34.88436524221639
9317;-105.400567982305;(((((x * _a0_) * (x + -(_a4_))) * _a4_) + _a7_) * x);{'d0': {'_a0_': -5.412695219694009, '_a4_': -0.623859415762939, '_a7_': 1.7751354049037056, '_a1_': 1.0, '_a2_': 1.0, '_a3_': 1.0, '_a5_': 1.0, '_a6_': 1.0}};{'d0': 0.024905832919416657};-280.569866449044;34.88436524221639
9318;-105.400567982305;(((((x * _a0_) * (x + -(_a4_))) * _a4_) + _a7_) * x);{'d0': {'_a0_': -5.412695219694009, '_a4_': -0.623859415762939, '_a7_': 1.7751354049037056, '_a1_': 1.0, '_a2_': 1.0, '_a3_': 1.0, '_a5_': 1.0, '_a6_': 1.0}};{'d0': 0.024905832919416657};-280.569866449044;34.88436524221639
9319;-105.400567982305;(((((x * _a0_) * (x + -(_a4_))) * _a4_) + _a7_) * x);{'d0': {'_a0_': -5.412695219694009, '_a4_': -0.623859415762939, '_a7_': 1.7751354049037056, '_a1_': 1.0, '_a2_': 1.0, '_a3_': 1.0, '_a5_': 1.0, '_a6_': 1.0}};{'d0': 0.024905832919416657};-280.569866449044;34.88436524221639
9320;-105.400567982305;(((((x * _a0_) * (x + -(_a4_))) * _a4_) + _a7_) * x);{'d0': {'_a0_': -5.412695219694009, '_a4_': -0.623859415762939, '_a7_': 1.7751354049037056, '_a1_': 1.0, '_a2_': 1.0, '_a3_': 1.0, '_a5_': 1.0, '_a6_': 1.0}};{'d0': 0.024905832919416657};-280.569866449044;34.88436524221639
9321;-105.400567982305;(((((x * _a0_) * (x + -(_a4_))) * _a4_) + _a7_) * x);{'d0': {'_a0_': -5.412695219694009, '_a4_': -0.623859415762939, '_a7_': 1.7751354049037056, '_a1_': 1.0, '_a2_': 1.0, '_a3_': 1.0, '_a5_': 1.0, '_a6_': 1.0}};{'d0': 0.024905832919416657};-280.569866449044;34.88436524221639
9322;-105.400567982305;(((((x * _a0_) * (x + -(_a4_))) * _a4_) + _a7_) * x);{'d0': {'_a0_': -5.412695219694009, '_a4_': -0.623859415762939, '_a7_': 1.7751354049037056, '_a1_': 1.0, '_a2_': 1.0, '_a3_': 1.0, '_a5_': 1.0, '_a6_': 1.0}};{'d0': 0.024905832919416657};-280.569866449044;34.88436524221639
9323;-105.400567982305;(((((x * _a0_) * (x + -(_a4_))) * _a4_) + _a7_) * x);{'d0': {'_a0_': -5.412695219694009, '_a4_': -0.623859415762939, '_a7_': 1.7751354049037056, '_a1_': 1.0, '_a2_': 1.0, '_a3_': 1.0, '_a5_': 1.0, '_a6_': 1.0}};{'d0': 0.024905832919416657};-280.569866449044;34.88436524221639
9324;-105.400567982305;(((((x * _a0_) * (x + -(_a4_))) * _a4_) + _a7_) * x);{'d0': {'_a0_': -5.412695219694009, '_a4_': -0.623859415762939, '_a7_': 1.7751354049037056, '_a1_': 1.0, '_a2_': 1.0, '_a3_': 1.0, '_a5_': 1.0, '_a6_': 1.0}};{'d0': 0.024905832919416657};-280.569866449044;34.88436524221639
9325;-105.400567982305;(((((x * _a0_) * (x + -(_a4_))) * _a4_) + _a7_) * x);{'d0': {'_a0_': -5.412695219694009, '_a4_': -0.623859415762939, '_a7_': 1.7751354049037056, '_a1_': 1.0, '_a2_': 1.0, '_a3_': 1.0, '_a5_': 1.0, '_a6_': 1.0}};{'d0': 0.024905832919416657};-280.569866449044;34.88436524221639
9326;-105.400567982305;(((((x * _a0_) * (x + -(_a4_))) * _a4_) + _a7_) * x);{'d0': {'_a0_': -5.412695219694009, '_a4_': -0.623859415762939, '_a7_': 1.7751354049037056, '_a1_': 1.0, '_a2_': 1.0, '_a3_': 1.0, '_a5_': 1.0, '_a6_': 1.0}};{'d0': 0.024905832919416657};-280.569866449044;34.88436524221639
9327;-105.400567982305;(((((x * _a0_) * (x + -(_a4_))) * _a4_) + _a7_) * x);{'d0': {'_a0_': -5.412695219694009, '_a4_': -0.623859415762939, '_a7_': 1.7751354049037056, '_a1_': 1.0, '_a2_': 1.0, '_a3_': 1.0, '_a5_': 1.0, '_a6_': 1.0}};{'d0': 0.024905832919416657};-280.569866449044;34.88436524221639
9328;-105.400567982305;(((((x * _a0_) * (x + -(_a4_))) * _a4_) + _a7_) * x);{'d0': {'_a0_': -5.412695219694009, '_a4_': -0.623859415762939, '_a7_': 1.7751354049037056, '_a1_': 1.0, '_a2_': 1.0, '_a3_': 1.0, '_a5_': 1.0, '_a6_': 1.0}};{'d0': 0.024905832919416657};-280.569866449044;34.88436524221639
9329;-105.400567982305;(((((x * _a0_) * (x + -(_a4_))) * _a4_) + _a7_) * x);{'d0': {'_a0_': -5.412695219694009, '_a4_': -0.623859415762939, '_a7_': 1.7751354049037056, '_a1_': 1.0, '_a2_': 1.0, '_a3_': 1.0, '_a5_': 1.0, '_a6_': 1.0}};{'d0': 0.024905832919416657};-280.569866449044;34.88436524221639
9330;-105.400567982305;(((((x * _a0_) * (x + -(_a4_))) * _a4_) + _a7_) * x);{'d0': {'_a0_': -5.412695219694009, '_a4_': -0.623859415762939, '_a7_': 1.7751354049037056, '_a1_': 1.0, '_a2_': 1.0, '_a3_': 1.0, '_a5_': 1.0, '_a6_': 1.0}};{'d0': 0.024905832919416657};-280.569866449044;34.88436524221639
9331;-105.400567982305;(((((x * _a0_) * (x + -(_a4_))) * _a4_) + _a7_) * x);{'d0': {'_a0_': -5.412695219694009, '_a4_': -0.623859415762939, '_a7_': 1.7751354049037056, '_a1_': 1.0, '_a2_': 1.0, '_a3_': 1.0, '_a5_': 1.0, '_a6_': 1.0}};{'d0': 0.024905832919416657};-280.569866449044;34.88436524221639
9332;-105.400567982305;(((((x * _a0_) * (x + -(_a4_))) * _a4_) + _a7_) * x);{'d0': {'_a0_': -5.412695219694009, '_a4_': -0.623859415762939, '_a7_': 1.7751354049037056, '_a1_': 1.0, '_a2_': 1.0, '_a3_': 1.0, '_a5_': 1.0, '_a6_': 1.0}};{'d0': 0.024905832919416657};-280.569866449044;34.88436524221639
9333;-105.400567982305;(((((x * _a0_) * (x + -(_a4_))) * _a4_) + _a7_) * x);{'d0': {'_a0_': -5.412695219694009, '_a4_': -0.623859415762939, '_a7_': 1.7751354049037056, '_a1_': 1.0, '_a2_': 1.0, '_a3_': 1.0, '_a5_': 1.0, '_a6_': 1.0}};{'d0': 0.024905832919416657};-280.569866449044;34.88436524221639
9334;-105.400567982305;(((((x * _a0_) * (x + -(_a4_))) * _a4_) + _a7_) * x);{'d0': {'_a0_': -5.412695219694009, '_a4_': -0.623859415762939, '_a7_': 1.7751354049037056, '_a1_': 1.0, '_a2_': 1.0, '_a3_': 1.0, '_a5_': 1.0, '_a6_': 1.0}};{'d0': 0.024905832919416657};-280.569866449044;34.88436524221639
9335;-105.400567982305;(((((x * _a0_) * (x + -(_a4_))) * _a4_) + _a7_) * x);{'d0': {'_a0_': -5.412695219694009, '_a4_': -0.623859415762939, '_a7_': 1.7751354049037056, '_a1_': 1.0, '_a2_': 1.0, '_a3_': 1.0, '_a5_': 1.0, '_a6_': 1.0}};{'d0': 0.024905832919416657};-280.569866449044;34.88436524221639
9336;-105.400567982305;(((((x * _a0_) * (x + -(_a4_))) * _a4_) + _a7_) * x);{'d0': {'_a0_': -5.412695219694009, '_a4_': -0.623859415762939, '_a7_': 1.7751354049037056, '_a1_': 1.0, '_a2_': 1.0, '_a3_': 1.0, '_a5_': 1.0, '_a6_': 1.0}};{'d0': 0.024905832919416657};-280.569866449044;34.88436524221639
9337;-105.400567982305;(((((x * _a0_) * (x + -(_a4_))) * _a4_) + _a7_) * x);{'d0': {'_a0_': -5.412695219694009, '_a4_': -0.623859415762939, '_a7_': 1.7751354049037056, '_a1_': 1.0, '_a2_': 1.0, '_a3_': 1.0, '_a5_': 1.0, '_a6_': 1.0}};{'d0': 0.024905832919416657};-280.569866449044;34.88436524221639
9338;-105.400567982305;(((((x * _a0_) * (x + -(_a4_))) * _a4_) + _a7_) * x);{'d0': {'_a0_': -5.412695219694009, '_a4_': -0.623859415762939, '_a7_': 1.7751354049037056, '_a1_': 1.0, '_a2_': 1.0, '_a3_': 1.0, '_a5_': 1.0, '_a6_': 1.0}};{'d0': 0.024905832919416657};-280.569866449044;34.88436524221639
9339;-99.5822889035535;(((_a6_ + pow2(x)) + ((_a5_ * _a3_) * x)) * ((x / _a6_) * _a3_));{'d0': {'_a3_': 1.7751354041135887, '_a5_': 0.35144328375693623, '_a6_': 0.525691770274374, '_a0_': 1.0, '_a1_': 1.0, '_a2_': 1.0, '_a4_': 1.0, '_a7_': 1.0}};{'d0': 0.024905832919416584};-280.569866449044;40.70264432096844
9340;-98.6944060208633;(((_a6_ + pow2(x)) + ((_a5_ * _a3_) * x)) * ((x / _a6_) / _a3_));{'d0': {'_a3_': 0.5633373080097034, '_a5_': 1.107434935811121, '_a6_': 0.525691770468718, '_a0_': 1.0, '_a1_': 1.0, '_a2_': 1.0, '_a4_': 1.0, '_a7_': 1.0}};{'d0': 0.024905832919416584};-280.569866449044;41.59052720365864
9341;-98.6944060208633;(((_a6_ + pow2(x)) + ((_a5_ * _a3_) * x)) * ((x / _a6_) / _a3_));{'d0': {'_a3_': 0.5633373080097034, '_a5_': 1.107434935811121, '_a6_': 0.525691770468718, '_a0_': 1.0, '_a1_': 1.0, '_a2_': 1.0, '_a4_': 1.0, '_a7_': 1.0}};{'d0': 0.024905832919416584};-280.569866449044;41.59052720365864
9342;-98.6944060208633;(((_a6_ + pow2(x)) + ((_a5_ * _a3_) * x)) * ((x / _a6_) / _a3_));{'d0': {'_a3_': 0.5633373080097034, '_a5_': 1.107434935811121, '_a6_': 0.525691770468718, '_a0_': 1.0, '_a1_': 1.0, '_a2_': 1.0, '_a4_': 1.0, '_a7_': 1.0}};{'d0': 0.024905832919416584};-280.569866449044;41.59052720365864
9343;-98.6944060208633;(((_a6_ + pow2(x)) + ((_a5_ * _a3_) * x)) * ((x / _a6_) / _a3_));{'d0': {'_a3_': 0.5633373080097034, '_a5_': 1.107434935811121, '_a6_': 0.525691770468718, '_a0_': 1.0, '_a1_': 1.0, '_a2_': 1.0, '_a4_': 1.0, '_a7_': 1.0}};{'d0': 0.024905832919416584};-280.569866449044;41.59052720365864
9344;-98.6944060208633;(((_a6_ + pow2(x)) + ((_a5_ * _a6_) * x)) * ((x / _a6_) / _a3_));{'d0': {'_a3_': 0.5633373081168009, '_a5_': 1.1867399308513127, '_a6_': 0.5256917707032809, '_a0_': 1.0, '_a1_': 1.0, '_a2_': 1.0, '_a4_': 1.0, '_a7_': 1.0}};{'d0': 0.024905832919416608};-280.569866449044;41.59052720365864
9345;-98.6944060208633;(((_a6_ + pow2(x)) + ((_a5_ * _a6_) * x)) * ((x / _a6_) / _a3_));{'d0': {'_a3_': 0.5633373081168009, '_a5_': 1.1867399308513127, '_a6_': 0.5256917707032809, '_a0_': 1.0, '_a1_': 1.0, '_a2_': 1.0, '_a4_': 1.0, '_a7_': 1.0}};{'d0': 0.024905832919416608};-280.569866449044;41.59052720365864
9346;-98.6944060208633;(((_a6_ + pow2(x)) + ((_a7_ * _a6_) * x)) * ((x / _a6_) / _a3_));{'d0': {'_a3_': 0.5633373079038907, '_a6_': 0.5256917705382307, '_a7_': 1.1867399313246596, '_a0_': 1.0, '_a1_': 1.0, '_a2_': 1.0, '_a4_': 1.0, '_a5_': 1.0}};{'d0': 0.02490583291941661};-280.569866449044;41.59052720365864
9347;-98.6944060208633;(((_a6_ + pow2(x)) + ((_a7_ * _a6_) * x)) * ((x / _a6_) / _a3_));{'d0': {'_a3_': 0.5633373079038907, '_a6_': 0.5256917705382307, '_a7_': 1.1867399313246596, '_a0_': 1.0, '_a1_': 1.0, '_a2_': 1.0, '_a4_': 1.0, '_a5_': 1.0}};{'d0': 0.02490583291941661};-280.569866449044;41.59052720365864
9348;-98.6944060208633;(((_a6_ + pow2(x)) + ((_a7_ * _a6_) * x)) * ((x / _a6_) / _a3_));{'d0': {'_a3_': 0.5633373079038907, '_a6_': 0.5256917705382307, '_a7_': 1.1867399313246596, '_a0_': 1.0, '_a1_': 1.0, '_a2_': 1.0, '_a4_': 1.0, '_a5_': 1.0}};{'d0': 0.02490583291941661};-280.569866449044;41.59052720365864
9349;-105.400567982305;(((((x * _a0_) * (x + -(_a4_))) * _a4_) + _a7_) * x);{'d0': {'_a0_': -5.412695219694009, '_a4_': -0.623859415762939, '_a7_': 1.7751354049037056, '_a1_': 1.0, '_a2_': 1.0, '_a3_': 1.0, '_a5_': 1.0, '_a6_': 1.0}};{'d0': 0.024905832919416657};-280.569866449044;34.88436524221639
9350;-105.400567982305;(((((x * _a0_) * (x + -(_a4_))) * _a4_) + _a7_) * x);{'d0': {'_a0_': -5.412695219694009, '_a4_': -0.623859415762939, '_a7_': 1.7751354049037056, '_a1_': 1.0, '_a2_': 1.0, '_a3_': 1.0, '_a5_': 1.0, '_a6_': 1.0}};{'d0': 0.024905832919416657};-280.569866449044;34.88436524221639
9351;-105.400567982305;(((((x * _a0_) * (x + -(_a4_))) * _a4_) + _a7_) * x);{'d0': {'_a0_': -5.412695219694009, '_a4_': -0.623859415762939, '_a7_': 1.7751354049037056, '_a1_': 1.0, '_a2_': 1.0, '_a3_': 1.0, '_a5_': 1.0, '_a6_': 1.0}};{'d0': 0.024905832919416657};-280.569866449044;34.88436524221639
9352;-105.400567982305;(((((x * _a0_) * (x + -(_a4_))) * _a4_) + _a7_) * x);{'d0': {'_a0_': -5.412695219694009, '_a4_': -0.623859415762939, '_a7_': 1.7751354049037056, '_a1_': 1.0, '_a2_': 1.0, '_a3_': 1.0, '_a5_': 1.0, '_a6_': 1.0}};{'d0': 0.024905832919416657};-280.569866449044;34.88436524221639
9353;-105.400567982305;(((((x * _a0_) * (x + -(_a4_))) * _a4_) + _a7_) * x);{'d0': {'_a0_': -5.412695219694009, '_a4_': -0.623859415762939, '_a7_': 1.7751354049037056, '_a1_': 1.0, '_a2_': 1.0, '_a3_': 1.0, '_a5_': 1.0, '_a6_': 1.0}};{'d0': 0.024905832919416657};-280.569866449044;34.88436524221639
9354;-105.400567982305;(((((x * _a0_) * (x + -(_a4_))) * _a4_) + _a7_) * x);{'d0': {'_a0_': -5.412695219694009, '_a4_': -0.623859415762939, '_a7_': 1.7751354049037056, '_a1_': 1.0, '_a2_': 1.0, '_a3_': 1.0, '_a5_': 1.0, '_a6_': 1.0}};{'d0': 0.024905832919416657};-280.569866449044;34.88436524221639
9355;-105.400567982305;(((((x * _a0_) * (x + -(_a4_))) * _a4_) + _a7_) * x);{'d0': {'_a0_': -5.412695219694009, '_a4_': -0.623859415762939, '_a7_': 1.7751354049037056, '_a1_': 1.0, '_a2_': 1.0, '_a3_': 1.0, '_a5_': 1.0, '_a6_': 1.0}};{'d0': 0.024905832919416657};-280.569866449044;34.88436524221639
9356;-105.400567982305;(((((x * _a0_) * (x + -(_a4_))) * _a4_) + _a7_) * x);{'d0': {'_a0_': -5.412695219694009, '_a4_': -0.623859415762939, '_a7_': 1.7751354049037056, '_a1_': 1.0, '_a2_': 1.0, '_a3_': 1.0, '_a5_': 1.0, '_a6_': 1.0}};{'d0': 0.024905832919416657};-280.569866449044;34.88436524221639
9357;-105.400567982305;(((((x * _a0_) * (x + -(_a4_))) * _a4_) + _a7_) * x);{'d0': {'_a0_': -5.412695219694009, '_a4_': -0.623859415762939, '_a7_': 1.7751354049037056, '_a1_': 1.0, '_a2_': 1.0, '_a3_': 1.0, '_a5_': 1.0, '_a6_': 1.0}};{'d0': 0.024905832919416657};-280.569866449044;34.88436524221639
9358;-105.400567982305;(((((x * _a0_) * (x + -(_a4_))) * _a4_) + _a7_) * x);{'d0': {'_a0_': -5.412695219694009, '_a4_': -0.623859415762939, '_a7_': 1.7751354049037056, '_a1_': 1.0, '_a2_': 1.0, '_a3_': 1.0, '_a5_': 1.0, '_a6_': 1.0}};{'d0': 0.024905832919416657};-280.569866449044;34.88436524221639
9359;-105.400567982305;(((((x * _a0_) * (x + -(_a4_))) * _a7_) + _a7_) * x);{'d0': {'_a0_': 1.902255382776003, '_a4_': -0.6238594156508548, '_a7_': 1.7751354044893406, '_a1_': 1.0, '_a2_': 1.0, '_a3_': 1.0, '_a5_': 1.0, '_a6_': 1.0}};{'d0': 0.0249058329194166};-280.569866449044;34.88436524221639
9360;-105.400567982305;(((((x * _a0_) * (x + -(_a4_))) * _a7_) + _a7_) * x);{'d0': {'_a0_': 1.902255382776003, '_a4_': -0.6238594156508548, '_a7_': 1.7751354044893406, '_a1_': 1.0, '_a2_': 1.0, '_a3_': 1.0, '_a5_': 1.0, '_a6_': 1.0}};{'d0': 0.0249058329194166};-280.569866449044;34.88436524221639
9361;-105.400567982305;(((((x * _a0_) * (x + -(_a4_))) * _a7_) + _a7_) * x);{'d0': {'_a0_': 1.902255382776003, '_a4_': -0.6238594156508548, '_a7_': 1.7751354044893406, '_a1_': 1.0, '_a2_': 1.0, '_a3_': 1.0, '_a5_': 1.0, '_a6_': 1.0}};{'d0': 0.0249058329194166};-280.569866449044;34.88436524221639
9362;-105.400567982305;(((((x * _a0_) * (x + -(_a4_))) * _a7_) + _a7_) * x);{'d0': {'_a0_': 1.902255382776003, '_a4_': -0.6238594156508548, '_a7_': 1.7751354044893406, '_a1_': 1.0, '_a2_': 1.0, '_a3_': 1.0, '_a5_': 1.0, '_a6_': 1.0}};{'d0': 0.0249058329194166};-280.569866449044;34.88436524221639
9363;-105.400567982305;(((((x * _a0_) * (x + -(_a4_))) * _a7_) + _a7_) * x);{'d0': {'_a0_': 1.902255382776003, '_a4_': -0.6238594156508548, '_a7_': 1.7751354044893406, '_a1_': 1.0, '_a2_': 1.0, '_a3_': 1.0, '_a5_': 1.0, '_a6_': 1.0}};{'d0': 0.0249058329194166};-280.569866449044;34.88436524221639
9364;-105.400567982305;(((((x * _a0_) * (x + -(_a4_))) * _a7_) + _a7_) * x);{'d0': {'_a0_': 1.902255382776003, '_a4_': -0.6238594156508548, '_a7_': 1.7751354044893406, '_a1_': 1.0, '_a2_': 1.0, '_a3_': 1.0, '_a5_': 1.0, '_a6_': 1.0}};{'d0': 0.0249058329194166};-280.569866449044;34.88436524221639
9365;-105.400567982305;(((((x * _a0_) * (x + -(_a4_))) * _a7_) + _a7_) * x);{'d0': {'_a0_': 1.902255382776003, '_a4_': -0.6238594156508548, '_a7_': 1.7751354044893406, '_a1_': 1.0, '_a2_': 1.0, '_a3_': 1.0, '_a5_': 1.0, '_a6_': 1.0}};{'d0': 0.0249058329194166};-280.569866449044;34.88436524221639
9366;-105.400567982305;(((((x * _a0_) * (x + -(_a4_))) * _a7_) + _a7_) * x);{'d0': {'_a0_': 1.902255382776003, '_a4_': -0.6238594156508548, '_a7_': 1.7751354044893406, '_a1_': 1.0, '_a2_': 1.0, '_a3_': 1.0, '_a5_': 1.0, '_a6_': 1.0}};{'d0': 0.0249058329194166};-280.569866449044;34.88436524221639
9367;-105.400567982305;(((((x * _a0_) * (x + -(_a4_))) * _a7_) + _a7_) * x);{'d0': {'_a0_': 1.902255382776003, '_a4_': -0.6238594156508548, '_a7_': 1.7751354044893406, '_a1_': 1.0, '_a2_': 1.0, '_a3_': 1.0, '_a5_': 1.0, '_a6_': 1.0}};{'d0': 0.0249058329194166};-280.569866449044;34.88436524221639
9368;-105.400567982305;(((((x * _a0_) * (x + -(_a4_))) * _a7_) + _a7_) * x);{'d0': {'_a0_': 1.902255382776003, '_a4_': -0.6238594156508548, '_a7_': 1.7751354044893406, '_a1_': 1.0, '_a2_': 1.0, '_a3_': 1.0, '_a5_': 1.0, '_a6_': 1.0}};{'d0': 0.0249058329194166};-280.569866449044;34.88436524221639
9369;-105.400567982305;(((((x * _a0_) * (x + -(_a4_))) * _a7_) + _a7_) * x);{'d0': {'_a0_': 1.902255382776003, '_a4_': -0.6238594156508548, '_a7_': 1.7751354044893406, '_a1_': 1.0, '_a2_': 1.0, '_a3_': 1.0, '_a5_': 1.0, '_a6_': 1.0}};{'d0': 0.0249058329194166};-280.569866449044;34.88436524221639
9370;-105.400567982305;(((((x * _a0_) * (x + -(_a4_))) * _a7_) + _a7_) * x);{'d0': {'_a0_': 1.902255382776003, '_a4_': -0.6238594156508548, '_a7_': 1.7751354044893406, '_a1_': 1.0, '_a2_': 1.0, '_a3_': 1.0, '_a5_': 1.0, '_a6_': 1.0}};{'d0': 0.0249058329194166};-280.569866449044;34.88436524221639
9371;-105.400567982305;(((((x * _a0_) * (x + -(_a4_))) * _a7_) + _a7_) * x);{'d0': {'_a0_': 1.902255382776003, '_a4_': -0.6238594156508548, '_a7_': 1.7751354044893406, '_a1_': 1.0, '_a2_': 1.0, '_a3_': 1.0, '_a5_': 1.0, '_a6_': 1.0}};{'d0': 0.0249058329194166};-280.569866449044;34.88436524221639
9372;-105.400567982305;(((((x * _a0_) * (x + -(_a4_))) * _a7_) + _a7_) * x);{'d0': {'_a0_': 1.902255382776003, '_a4_': -0.6238594156508548, '_a7_': 1.7751354044893406, '_a1_': 1.0, '_a2_': 1.0, '_a3_': 1.0, '_a5_': 1.0, '_a6_': 1.0}};{'d0': 0.0249058329194166};-280.569866449044;34.88436524221639
9373;-103.571388659998;(((_a6_ + pow2(x)) + (_a5_ * x)) * ((x / _a6_) / _a3_));{'d0': {'_a3_': 0.5633373080373653, '_a5_': 0.6238594155585389, '_a6_': 0.5256917703005206, '_a0_': 1.0, '_a1_': 1.0, '_a2_': 1.0, '_a4_': 1.0, '_a7_': 1.0}};{'d0': 0.024905832919416615};-280.569866449044;36.71354456452364
9374;-103.571388659998;(((_a6_ + pow2(x)) + (_a5_ * x)) * ((x / _a6_) / _a3_));{'d0': {'_a3_': 0.5633373080373653, '_a5_': 0.6238594155585389, '_a6_': 0.5256917703005206, '_a0_': 1.0, '_a1_': 1.0, '_a2_': 1.0, '_a4_': 1.0, '_a7_': 1.0}};{'d0': 0.024905832919416615};-280.569866449044;36.71354456452364
9375;-103.571388659998;(((_a6_ + pow2(x)) + (_a5_ * x)) * ((x / _a6_) / _a3_));{'d0': {'_a3_': 0.5633373080373653, '_a5_': 0.6238594155585389, '_a6_': 0.5256917703005206, '_a0_': 1.0, '_a1_': 1.0, '_a2_': 1.0, '_a4_': 1.0, '_a7_': 1.0}};{'d0': 0.024905832919416615};-280.569866449044;36.71354456452364
9376;-105.400567982305;(((((x * _a0_) * (x + -(_a4_))) * _a7_) + _a7_) * x);{'d0': {'_a0_': 1.902255382776003, '_a4_': -0.6238594156508548, '_a7_': 1.7751354044893406, '_a1_': 1.0, '_a2_': 1.0, '_a3_': 1.0, '_a5_': 1.0, '_a6_': 1.0}};{'d0': 0.0249058329194166};-280.569866449044;34.88436524221639
9377;-105.400567982305;(((((x * _a0_) * (x + -(_a4_))) * _a7_) + _a7_) * x);{'d0': {'_a0_': 1.902255382776003, '_a4_': -0.6238594156508548, '_a7_': 1.7751354044893406, '_a1_': 1.0, '_a2_': 1.0, '_a3_': 1.0, '_a5_': 1.0, '_a6_': 1.0}};{'d0': 0.0249058329194166};-280.569866449044;34.88436524221639
9378;-105.400567982305;(((((x * _a0_) * (x + -(_a4_))) * _a7_) + _a7_) * x);{'d0': {'_a0_': 1.902255382776003, '_a4_': -0.6238594156508548, '_a7_': 1.7751354044893406, '_a1_': 1.0, '_a2_': 1.0, '_a3_': 1.0, '_a5_': 1.0, '_a6_': 1.0}};{'d0': 0.0249058329194166};-280.569866449044;34.88436524221639
9379;-105.400567982305;(((((x * _a0_) * (x + -(_a4_))) * _a7_) + _a7_) * x);{'d0': {'_a0_': 1.902255382776003, '_a4_': -0.6238594156508548, '_a7_': 1.7751354044893406, '_a1_': 1.0, '_a2_': 1.0, '_a3_': 1.0, '_a5_': 1.0, '_a6_': 1.0}};{'d0': 0.0249058329194166};-280.569866449044;34.88436524221639
9380;-105.400567982305;(((((x * _a0_) * (x + -(_a4_))) * _a7_) + _a7_) * x);{'d0': {'_a0_': 1.902255382776003, '_a4_': -0.6238594156508548, '_a7_': 1.7751354044893406, '_a1_': 1.0, '_a2_': 1.0, '_a3_': 1.0, '_a5_': 1.0, '_a6_': 1.0}};{'d0': 0.0249058329194166};-280.569866449044;34.88436524221639
9381;-105.400567982305;(((((x * _a0_) * (x + -(_a4_))) * _a7_) + _a7_) * x);{'d0': {'_a0_': 1.902255382776003, '_a4_': -0.6238594156508548, '_a7_': 1.7751354044893406, '_a1_': 1.0, '_a2_': 1.0, '_a3_': 1.0, '_a5_': 1.0, '_a6_': 1.0}};{'d0': 0.0249058329194166};-280.569866449044;34.88436524221639
9382;-105.400567982305;(((((x * _a0_) * (x + -(_a4_))) * _a7_) + _a7_) * x);{'d0': {'_a0_': 1.902255382776003, '_a4_': -0.6238594156508548, '_a7_': 1.7751354044893406, '_a1_': 1.0, '_a2_': 1.0, '_a3_': 1.0, '_a5_': 1.0, '_a6_': 1.0}};{'d0': 0.0249058329194166};-280.569866449044;34.88436524221639
9383;-105.382580669956;(((((x * _a0_) * (x + pow2(_a4_))) * _a7_) + _a7_) * x);{'d0': {'_a0_': 1.9022553834785922, '_a4_': -0.7898477166841974, '_a7_': 1.775135404146568, '_a1_': 1.0, '_a2_': 1.0, '_a3_': 1.0, '_a5_': 1.0, '_a6_': 1.0}};{'d0': 0.024905832919416636};-280.569866449044;34.902352554566
9384;-105.382580669956;(((((x * _a0_) * (x + pow2(_a4_))) * _a7_) + _a7_) * x);{'d0': {'_a0_': 1.9022553834785922, '_a4_': -0.7898477166841974, '_a7_': 1.775135404146568, '_a1_': 1.0, '_a2_': 1.0, '_a3_': 1.0, '_a5_': 1.0, '_a6_': 1.0}};{'d0': 0.024905832919416636};-280.569866449044;34.902352554566
9385;-105.382580669956;(((((x * _a0_) * (x + pow2(_a4_))) * _a7_) + _a7_) * x);{'d0': {'_a0_': 1.9022553834785922, '_a4_': -0.7898477166841974, '_a7_': 1.775135404146568, '_a1_': 1.0, '_a2_': 1.0, '_a3_': 1.0, '_a5_': 1.0, '_a6_': 1.0}};{'d0': 0.024905832919416636};-280.569866449044;34.902352554566
9386;-105.382580669956;(((((x * _a0_) * (x + pow2(_a4_))) * _a7_) + _a7_) * x);{'d0': {'_a0_': 1.9022553834785922, '_a4_': -0.7898477166841974, '_a7_': 1.775135404146568, '_a1_': 1.0, '_a2_': 1.0, '_a3_': 1.0, '_a5_': 1.0, '_a6_': 1.0}};{'d0': 0.024905832919416636};-280.569866449044;34.902352554566
9387;-105.382580669956;(((((x * _a0_) * (x + pow2(_a4_))) * _a7_) + _a7_) * x);{'d0': {'_a0_': 1.9022553834785922, '_a4_': -0.7898477166841974, '_a7_': 1.775135404146568, '_a1_': 1.0, '_a2_': 1.0, '_a3_': 1.0, '_a5_': 1.0, '_a6_': 1.0}};{'d0': 0.024905832919416636};-280.569866449044;34.902352554566
9388;-105.382580669956;(((((x * _a0_) * (x + pow2(_a4_))) * _a7_) + _a7_) * x);{'d0': {'_a0_': 1.9022553834785922, '_a4_': -0.7898477166841974, '_a7_': 1.775135404146568, '_a1_': 1.0, '_a2_': 1.0, '_a3_': 1.0, '_a5_': 1.0, '_a6_': 1.0}};{'d0': 0.024905832919416636};-280.569866449044;34.902352554566
9389;-100.360883458177;(((((x * _a0_) * (x + pow2((_a3_ * _a3_)))) * _a7_) + _a7_) * x);{'d0': {'_a0_': 1.902255382182195, '_a3_': 0.8887337715566493, '_a7_': 1.7751354045072014, '_a1_': 1.0, '_a2_': 1.0, '_a4_': 1.0, '_a5_': 1.0, '_a6_': 1.0}};{'d0': 0.024905832919416653};-280.569866449044;39.924049766345
9390;-100.360883458177;(((((x * _a0_) * (x + pow2((_a3_ * _a3_)))) * _a7_) + _a7_) * x);{'d0': {'_a0_': 1.902255382182195, '_a3_': 0.8887337715566493, '_a7_': 1.7751354045072014, '_a1_': 1.0, '_a2_': 1.0, '_a4_': 1.0, '_a5_': 1.0, '_a6_': 1.0}};{'d0': 0.024905832919416653};-280.569866449044;39.924049766345
9391;-100.360883458177;(((((x * _a0_) * (x + pow2((_a3_ * _a3_)))) * _a7_) + _a7_) * x);{'d0': {'_a0_': 1.902255382182195, '_a3_': 0.8887337715566493, '_a7_': 1.7751354045072014, '_a1_': 1.0, '_a2_': 1.0, '_a4_': 1.0, '_a5_': 1.0, '_a6_': 1.0}};{'d0': 0.024905832919416653};-280.569866449044;39.924049766345
9392;-99.6002762159031;((((x * (_a1_ + (x * -(_a7_)))) + _a5_) * (x * x)) / x);{'d0': {'_a1_': 2.1066240668119076, '_a5_': 1.775135404207102, '_a7_': -3.3767608769897373, '_a0_': 1.0, '_a2_': 1.0, '_a3_': 1.0, '_a4_': 1.0, '_a6_': 1.0}};{'d0': 0.02490583291941668};-280.569866449043;40.6846570086188
9393;-99.6002762159031;((((x * (_a1_ + (x * -(_a7_)))) + _a5_) * (x * x)) / x);{'d0': {'_a1_': 2.1066240668119076, '_a5_': 1.775135404207102, '_a7_': -3.3767608769897373, '_a0_': 1.0, '_a2_': 1.0, '_a3_': 1.0, '_a4_': 1.0, '_a6_': 1.0}};{'d0': 0.02490583291941668};-280.569866449043;40.6846570086188
9394;-99.6002762159031;((((x * (_a1_ + (x * -(_a7_)))) + _a5_) * (x * x)) / x);{'d0': {'_a1_': 2.1066240668119076, '_a5_': 1.775135404207102, '_a7_': -3.3767608769897373, '_a0_': 1.0, '_a2_': 1.0, '_a3_': 1.0, '_a4_': 1.0, '_a6_': 1.0}};{'d0': 0.02490583291941668};-280.569866449043;40.6846570086188
9395;-99.6002762159031;((((x * (_a1_ + (x * -(_a7_)))) + _a5_) * (x * x)) / x);{'d0': {'_a1_': 2.1066240668119076, '_a5_': 1.775135404207102, '_a7_': -3.3767608769897373, '_a0_': 1.0, '_a2_': 1.0, '_a3_': 1.0, '_a4_': 1.0, '_a6_': 1.0}};{'d0': 0.02490583291941668};-280.569866449043;40.6846570086188
9396;-99.6002762159031;((((x * (_a1_ + (x * -(_a7_)))) + _a5_) * (x * x)) / x);{'d0': {'_a1_': 2.1066240668119076, '_a5_': 1.775135404207102, '_a7_': -3.3767608769897373, '_a0_': 1.0, '_a2_': 1.0, '_a3_': 1.0, '_a4_': 1.0, '_a6_': 1.0}};{'d0': 0.02490583291941668};-280.569866449043;40.6846570086188
9397;-99.6002762159031;((((x * (_a1_ + (x * -(_a7_)))) + _a5_) * (x * x)) / x);{'d0': {'_a1_': 2.1066240668119076, '_a5_': 1.775135404207102, '_a7_': -3.3767608769897373, '_a0_': 1.0, '_a2_': 1.0, '_a3_': 1.0, '_a4_': 1.0, '_a6_': 1.0}};{'d0': 0.02490583291941668};-280.569866449043;40.6846570086188
9398;-99.6002762159031;((((x * (_a1_ + (x * -(_a7_)))) + _a5_) * (x * x)) / x);{'d0': {'_a1_': 2.1066240668119076, '_a5_': 1.775135404207102, '_a7_': -3.3767608769897373, '_a0_': 1.0, '_a2_': 1.0, '_a3_': 1.0, '_a4_': 1.0, '_a6_': 1.0}};{'d0': 0.02490583291941668};-280.569866449043;40.6846570086188
9399;-99.6002762159031;((((x * (_a1_ + (x * -(_a7_)))) + _a5_) * (x * x)) / x);{'d0': {'_a1_': 2.1066240668119076, '_a5_': 1.775135404207102, '_a7_': -3.3767608769897373, '_a0_': 1.0, '_a2_': 1.0, '_a3_': 1.0, '_a4_': 1.0, '_a6_': 1.0}};{'d0': 0.02490583291941668};-280.569866449043;40.6846570086188
9400;-99.6002762159031;((((x * (_a1_ + (x * -(_a7_)))) + _a5_) * (x * x)) / x);{'d0': {'_a1_': 2.1066240668119076, '_a5_': 1.775135404207102, '_a7_': -3.3767608769897373, '_a0_': 1.0, '_a2_': 1.0, '_a3_': 1.0, '_a4_': 1.0, '_a6_': 1.0}};{'d0': 0.02490583291941668};-280.569866449043;40.6846570086188
9401;-99.6002762159031;((((x * (_a1_ + (x * -(_a7_)))) + _a5_) * (x * x)) / x);{'d0': {'_a1_': 2.1066240668119076, '_a5_': 1.775135404207102, '_a7_': -3.3767608769897373, '_a0_': 1.0, '_a2_': 1.0, '_a3_': 1.0, '_a4_': 1.0, '_a6_': 1.0}};{'d0': 0.02490583291941668};-280.569866449043;40.6846570086188
9402;-99.6002762159031;((((x * (_a1_ + (x * -(_a7_)))) + _a5_) * (x * x)) / x);{'d0': {'_a1_': 2.1066240668119076, '_a5_': 1.775135404207102, '_a7_': -3.3767608769897373, '_a0_': 1.0, '_a2_': 1.0, '_a3_': 1.0, '_a4_': 1.0, '_a6_': 1.0}};{'d0': 0.02490583291941668};-280.569866449043;40.6846570086188
9403;-99.6002762159031;((((x * (_a1_ + (x * -(_a7_)))) + _a5_) * (x * x)) / x);{'d0': {'_a1_': 2.1066240668119076, '_a5_': 1.775135404207102, '_a7_': -3.3767608769897373, '_a0_': 1.0, '_a2_': 1.0, '_a3_': 1.0, '_a4_': 1.0, '_a6_': 1.0}};{'d0': 0.02490583291941668};-280.569866449043;40.6846570086188
9404;-99.6002762159031;((((x * (_a1_ + (x * -(_a7_)))) + _a5_) * (x * x)) / x);{'d0': {'_a1_': 2.1066240668119076, '_a5_': 1.775135404207102, '_a7_': -3.3767608769897373, '_a0_': 1.0, '_a2_': 1.0, '_a3_': 1.0, '_a4_': 1.0, '_a6_': 1.0}};{'d0': 0.02490583291941668};-280.569866449043;40.6846570086188
9405;-99.6002762159031;((((x * (_a1_ + (x * -(_a7_)))) + _a5_) * (x * x)) / x);{'d0': {'_a1_': 2.1066240668119076, '_a5_': 1.775135404207102, '_a7_': -3.3767608769897373, '_a0_': 1.0, '_a2_': 1.0, '_a3_': 1.0, '_a4_': 1.0, '_a6_': 1.0}};{'d0': 0.02490583291941668};-280.569866449043;40.6846570086188
9406;-99.6002762159031;((((x * (_a1_ + (x * -(_a7_)))) + _a5_) * (x * x)) / x);{'d0': {'_a1_': 2.1066240668119076, '_a5_': 1.775135404207102, '_a7_': -3.3767608769897373, '_a0_': 1.0, '_a2_': 1.0, '_a3_': 1.0, '_a4_': 1.0, '_a6_': 1.0}};{'d0': 0.02490583291941668};-280.569866449043;40.6846570086188
9407;-99.6002762159031;((((x * (_a1_ + (x * -(_a7_)))) + _a5_) * (x * x)) / x);{'d0': {'_a1_': 2.1066240668119076, '_a5_': 1.775135404207102, '_a7_': -3.3767608769897373, '_a0_': 1.0, '_a2_': 1.0, '_a3_': 1.0, '_a4_': 1.0, '_a6_': 1.0}};{'d0': 0.02490583291941668};-280.569866449043;40.6846570086188
9408;-99.6002762159031;((((x * (_a1_ + (x * -(_a7_)))) + _a5_) * (x * x)) / x);{'d0': {'_a1_': 2.1066240668119076, '_a5_': 1.775135404207102, '_a7_': -3.3767608769897373, '_a0_': 1.0, '_a2_': 1.0, '_a3_': 1.0, '_a4_': 1.0, '_a6_': 1.0}};{'d0': 0.02490583291941668};-280.569866449043;40.6846570086188
9409;-99.6002762159031;((((x * (_a1_ + (x * -(_a7_)))) + _a5_) * (x * x)) / x);{'d0': {'_a1_': 2.1066240668119076, '_a5_': 1.775135404207102, '_a7_': -3.3767608769897373, '_a0_': 1.0, '_a2_': 1.0, '_a3_': 1.0, '_a4_': 1.0, '_a6_': 1.0}};{'d0': 0.02490583291941668};-280.569866449043;40.6846570086188
9410;-99.6002762159031;((((x * (_a1_ + (x * -(_a7_)))) + _a5_) * (x * x)) / x);{'d0': {'_a1_': 2.1066240668119076, '_a5_': 1.775135404207102, '_a7_': -3.3767608769897373, '_a0_': 1.0, '_a2_': 1.0, '_a3_': 1.0, '_a4_': 1.0, '_a6_': 1.0}};{'d0': 0.02490583291941668};-280.569866449043;40.6846570086188
9411;-99.6002762159031;((((x * (_a1_ + (x * -(_a7_)))) + _a5_) * (x * x)) / x);{'d0': {'_a1_': 2.1066240668119076, '_a5_': 1.775135404207102, '_a7_': -3.3767608769897373, '_a0_': 1.0, '_a2_': 1.0, '_a3_': 1.0, '_a4_': 1.0, '_a6_': 1.0}};{'d0': 0.02490583291941668};-280.569866449043;40.6846570086188
9412;-99.6002762159031;((((x * (_a1_ + (x * -(_a7_)))) + _a5_) * (x * x)) / x);{'d0': {'_a1_': 2.1066240668119076, '_a5_': 1.775135404207102, '_a7_': -3.3767608769897373, '_a0_': 1.0, '_a2_': 1.0, '_a3_': 1.0, '_a4_': 1.0, '_a6_': 1.0}};{'d0': 0.02490583291941668};-280.569866449043;40.6846570086188
9413;-99.6002762159031;((((x * (_a1_ + (x * -(_a7_)))) + _a5_) * (x * x)) / x);{'d0': {'_a1_': 2.1066240668119076, '_a5_': 1.775135404207102, '_a7_': -3.3767608769897373, '_a0_': 1.0, '_a2_': 1.0, '_a3_': 1.0, '_a4_': 1.0, '_a6_': 1.0}};{'d0': 0.02490583291941668};-280.569866449043;40.6846570086188
9414;-99.6002762159031;((((x * (_a1_ + (x * -(_a7_)))) + _a5_) * (x * x)) / x);{'d0': {'_a1_': 2.1066240668119076, '_a5_': 1.775135404207102, '_a7_': -3.3767608769897373, '_a0_': 1.0, '_a2_': 1.0, '_a3_': 1.0, '_a4_': 1.0, '_a6_': 1.0}};{'d0': 0.02490583291941668};-280.569866449043;40.6846570086188
9415;-99.6002762159031;((((x * (_a1_ + (x * -(_a7_)))) + _a5_) * (x * x)) / x);{'d0': {'_a1_': 2.1066240668119076, '_a5_': 1.775135404207102, '_a7_': -3.3767608769897373, '_a0_': 1.0, '_a2_': 1.0, '_a3_': 1.0, '_a4_': 1.0, '_a6_': 1.0}};{'d0': 0.02490583291941668};-280.569866449043;40.6846570086188
9416;-99.6002762159031;((((x * (_a1_ + (x * -(_a7_)))) + _a5_) * (x * x)) / x);{'d0': {'_a1_': 2.1066240668119076, '_a5_': 1.775135404207102, '_a7_': -3.3767608769897373, '_a0_': 1.0, '_a2_': 1.0, '_a3_': 1.0, '_a4_': 1.0, '_a6_': 1.0}};{'d0': 0.02490583291941668};-280.569866449043;40.6846570086188
9417;-99.6002762159031;((((x * (_a1_ + (x * -(_a7_)))) + _a5_) * (x * x)) / x);{'d0': {'_a1_': 2.1066240668119076, '_a5_': 1.775135404207102, '_a7_': -3.3767608769897373, '_a0_': 1.0, '_a2_': 1.0, '_a3_': 1.0, '_a4_': 1.0, '_a6_': 1.0}};{'d0': 0.02490583291941668};-280.569866449043;40.6846570086188
9418;-99.6002762159031;((((x * (_a1_ + (x * -(_a7_)))) + _a5_) * (x * x)) / x);{'d0': {'_a1_': 2.1066240668119076, '_a5_': 1.775135404207102, '_a7_': -3.3767608769897373, '_a0_': 1.0, '_a2_': 1.0, '_a3_': 1.0, '_a4_': 1.0, '_a6_': 1.0}};{'d0': 0.02490583291941668};-280.569866449043;40.6846570086188
9419;-99.6002762159031;((((x * (_a1_ + (x * -(_a7_)))) + _a5_) * (x * x)) / x);{'d0': {'_a1_': 2.1066240668119076, '_a5_': 1.775135404207102, '_a7_': -3.3767608769897373, '_a0_': 1.0, '_a2_': 1.0, '_a3_': 1.0, '_a4_': 1.0, '_a6_': 1.0}};{'d0': 0.02490583291941668};-280.569866449043;40.6846570086188
9420;-99.6002762159031;((((x * (_a1_ + (x * -(_a7_)))) + _a5_) * (x * x)) / x);{'d0': {'_a1_': 2.1066240668119076, '_a5_': 1.775135404207102, '_a7_': -3.3767608769897373, '_a0_': 1.0, '_a2_': 1.0, '_a3_': 1.0, '_a4_': 1.0, '_a6_': 1.0}};{'d0': 0.02490583291941668};-280.569866449043;40.6846570086188
9421;-99.6002762159031;((((x * (_a1_ + (x * -(_a7_)))) + _a5_) * (x * x)) / x);{'d0': {'_a1_': 2.1066240668119076, '_a5_': 1.775135404207102, '_a7_': -3.3767608769897373, '_a0_': 1.0, '_a2_': 1.0, '_a3_': 1.0, '_a4_': 1.0, '_a6_': 1.0}};{'d0': 0.02490583291941668};-280.569866449043;40.6846570086188
9422;-99.6002762159031;((((x * (_a1_ + (x * -(_a7_)))) + _a5_) * (x * x)) / x);{'d0': {'_a1_': 2.1066240668119076, '_a5_': 1.775135404207102, '_a7_': -3.3767608769897373, '_a0_': 1.0, '_a2_': 1.0, '_a3_': 1.0, '_a4_': 1.0, '_a6_': 1.0}};{'d0': 0.02490583291941668};-280.569866449043;40.6846570086188
9423;-99.6002762159031;((((x * (_a1_ + (x * -(_a7_)))) + _a5_) * (x * x)) / x);{'d0': {'_a1_': 2.1066240668119076, '_a5_': 1.775135404207102, '_a7_': -3.3767608769897373, '_a0_': 1.0, '_a2_': 1.0, '_a3_': 1.0, '_a4_': 1.0, '_a6_': 1.0}};{'d0': 0.02490583291941668};-280.569866449043;40.6846570086188
9424;-99.6002762159031;((((x * (_a1_ + (x * -(_a7_)))) + _a5_) * (x * x)) / x);{'d0': {'_a1_': 2.1066240668119076, '_a5_': 1.775135404207102, '_a7_': -3.3767608769897373, '_a0_': 1.0, '_a2_': 1.0, '_a3_': 1.0, '_a4_': 1.0, '_a6_': 1.0}};{'d0': 0.02490583291941668};-280.569866449043;40.6846570086188
9425;-99.6002762159031;((((x * (_a1_ + (x * -(_a7_)))) + _a5_) * (x * x)) / x);{'d0': {'_a1_': 2.1066240668119076, '_a5_': 1.775135404207102, '_a7_': -3.3767608769897373, '_a0_': 1.0, '_a2_': 1.0, '_a3_': 1.0, '_a4_': 1.0, '_a6_': 1.0}};{'d0': 0.02490583291941668};-280.569866449043;40.6846570086188
9426;-99.6002762159031;((((x * (_a1_ + (x * -(_a7_)))) + _a5_) * (x * x)) / x);{'d0': {'_a1_': 2.1066240668119076, '_a5_': 1.775135404207102, '_a7_': -3.3767608769897373, '_a0_': 1.0, '_a2_': 1.0, '_a3_': 1.0, '_a4_': 1.0, '_a6_': 1.0}};{'d0': 0.02490583291941668};-280.569866449043;40.6846570086188
9427;-99.6002762159031;((((x * (_a1_ + (x * -(_a7_)))) + _a5_) * (x * x)) / x);{'d0': {'_a1_': 2.1066240668119076, '_a5_': 1.775135404207102, '_a7_': -3.3767608769897373, '_a0_': 1.0, '_a2_': 1.0, '_a3_': 1.0, '_a4_': 1.0, '_a6_': 1.0}};{'d0': 0.02490583291941668};-280.569866449043;40.6846570086188
9428;-99.6002762159031;((((x * (_a1_ + (x * -(_a7_)))) + _a5_) * (x * x)) / x);{'d0': {'_a1_': 2.1066240668119076, '_a5_': 1.775135404207102, '_a7_': -3.3767608769897373, '_a0_': 1.0, '_a2_': 1.0, '_a3_': 1.0, '_a4_': 1.0, '_a6_': 1.0}};{'d0': 0.02490583291941668};-280.569866449043;40.6846570086188
9429;-99.6002762159031;((((x * (_a1_ + (x * -(_a7_)))) + _a5_) * (x * x)) / x);{'d0': {'_a1_': 2.1066240668119076, '_a5_': 1.775135404207102, '_a7_': -3.3767608769897373, '_a0_': 1.0, '_a2_': 1.0, '_a3_': 1.0, '_a4_': 1.0, '_a6_': 1.0}};{'d0': 0.02490583291941668};-280.569866449043;40.6846570086188
9430;-99.6002762159031;((((x * (_a1_ + (x * -(_a7_)))) + _a5_) * (x * x)) / x);{'d0': {'_a1_': 2.1066240668119076, '_a5_': 1.775135404207102, '_a7_': -3.3767608769897373, '_a0_': 1.0, '_a2_': 1.0, '_a3_': 1.0, '_a4_': 1.0, '_a6_': 1.0}};{'d0': 0.02490583291941668};-280.569866449043;40.6846570086188
9431;-99.6002762159031;((((x * (_a1_ + (x * -(_a7_)))) + _a5_) * (x * x)) / x);{'d0': {'_a1_': 2.1066240668119076, '_a5_': 1.775135404207102, '_a7_': -3.3767608769897373, '_a0_': 1.0, '_a2_': 1.0, '_a3_': 1.0, '_a4_': 1.0, '_a6_': 1.0}};{'d0': 0.02490583291941668};-280.569866449043;40.6846570086188
9432;-99.6002762159031;((((x * (_a1_ + (x * -(_a7_)))) + _a5_) * (x * x)) / x);{'d0': {'_a1_': 2.1066240668119076, '_a5_': 1.775135404207102, '_a7_': -3.3767608769897373, '_a0_': 1.0, '_a2_': 1.0, '_a3_': 1.0, '_a4_': 1.0, '_a6_': 1.0}};{'d0': 0.02490583291941668};-280.569866449043;40.6846570086188
9433;-99.6002762159031;((((x * (_a1_ + (x * -(_a7_)))) + _a5_) * (x * x)) / x);{'d0': {'_a1_': 2.1066240668119076, '_a5_': 1.775135404207102, '_a7_': -3.3767608769897373, '_a0_': 1.0, '_a2_': 1.0, '_a3_': 1.0, '_a4_': 1.0, '_a6_': 1.0}};{'d0': 0.02490583291941668};-280.569866449043;40.6846570086188
9434;-99.6002762159031;((((x * (_a1_ + (x * -(_a7_)))) + _a5_) * (x * x)) / x);{'d0': {'_a1_': 2.1066240668119076, '_a5_': 1.775135404207102, '_a7_': -3.3767608769897373, '_a0_': 1.0, '_a2_': 1.0, '_a3_': 1.0, '_a4_': 1.0, '_a6_': 1.0}};{'d0': 0.02490583291941668};-280.569866449043;40.6846570086188
9435;-99.6002762159031;((((x * (_a1_ + (x * -(_a7_)))) + _a5_) * (x * x)) / x);{'d0': {'_a1_': 2.1066240668119076, '_a5_': 1.775135404207102, '_a7_': -3.3767608769897373, '_a0_': 1.0, '_a2_': 1.0, '_a3_': 1.0, '_a4_': 1.0, '_a6_': 1.0}};{'d0': 0.02490583291941668};-280.569866449043;40.6846570086188
9436;-99.6002762159031;((((x * (_a1_ + (x * -(_a7_)))) + _a5_) * (x * x)) / x);{'d0': {'_a1_': 2.1066240668119076, '_a5_': 1.775135404207102, '_a7_': -3.3767608769897373, '_a0_': 1.0, '_a2_': 1.0, '_a3_': 1.0, '_a4_': 1.0, '_a6_': 1.0}};{'d0': 0.02490583291941668};-280.569866449043;40.6846570086188
9437;-99.6002762159031;((((x * (_a1_ + (x * -(_a7_)))) + _a5_) * (x * x)) / x);{'d0': {'_a1_': 2.1066240668119076, '_a5_': 1.775135404207102, '_a7_': -3.3767608769897373, '_a0_': 1.0, '_a2_': 1.0, '_a3_': 1.0, '_a4_': 1.0, '_a6_': 1.0}};{'d0': 0.02490583291941668};-280.569866449043;40.6846570086188
9438;-99.6002762159031;((((x * (_a1_ + (x * -(_a7_)))) + _a5_) * (x * x)) / x);{'d0': {'_a1_': 2.1066240668119076, '_a5_': 1.775135404207102, '_a7_': -3.3767608769897373, '_a0_': 1.0, '_a2_': 1.0, '_a3_': 1.0, '_a4_': 1.0, '_a6_': 1.0}};{'d0': 0.02490583291941668};-280.569866449043;40.6846570086188
9439;-99.6002762159031;((((x * (_a1_ + (x * -(_a7_)))) + _a5_) * (x * x)) / x);{'d0': {'_a1_': 2.1066240668119076, '_a5_': 1.775135404207102, '_a7_': -3.3767608769897373, '_a0_': 1.0, '_a2_': 1.0, '_a3_': 1.0, '_a4_': 1.0, '_a6_': 1.0}};{'d0': 0.02490583291941668};-280.569866449043;40.6846570086188
9440;-99.6002762159031;((((x * (_a1_ + (x * -(_a7_)))) + _a5_) * (x * x)) / x);{'d0': {'_a1_': 2.1066240668119076, '_a5_': 1.775135404207102, '_a7_': -3.3767608769897373, '_a0_': 1.0, '_a2_': 1.0, '_a3_': 1.0, '_a4_': 1.0, '_a6_': 1.0}};{'d0': 0.02490583291941668};-280.569866449043;40.6846570086188
9441;-99.6002762159031;((((x * (_a1_ + (x * -(_a7_)))) + _a5_) * (x * x)) / x);{'d0': {'_a1_': 2.1066240668119076, '_a5_': 1.775135404207102, '_a7_': -3.3767608769897373, '_a0_': 1.0, '_a2_': 1.0, '_a3_': 1.0, '_a4_': 1.0, '_a6_': 1.0}};{'d0': 0.02490583291941668};-280.569866449043;40.6846570086188
9442;-99.6002762159031;((((x * (_a1_ + (x * -(_a7_)))) + _a5_) * (x * x)) / x);{'d0': {'_a1_': 2.1066240668119076, '_a5_': 1.775135404207102, '_a7_': -3.3767608769897373, '_a0_': 1.0, '_a2_': 1.0, '_a3_': 1.0, '_a4_': 1.0, '_a6_': 1.0}};{'d0': 0.02490583291941668};-280.569866449043;40.6846570086188
9443;-99.6002762159031;((((x * (_a1_ + (x * -(_a7_)))) + _a5_) * (x * x)) / x);{'d0': {'_a1_': 2.1066240668119076, '_a5_': 1.775135404207102, '_a7_': -3.3767608769897373, '_a0_': 1.0, '_a2_': 1.0, '_a3_': 1.0, '_a4_': 1.0, '_a6_': 1.0}};{'d0': 0.02490583291941668};-280.569866449043;40.6846570086188
9444;-99.6002762159031;((((x * (_a1_ + (x * -(_a7_)))) + _a5_) * (x * x)) / x);{'d0': {'_a1_': 2.1066240668119076, '_a5_': 1.775135404207102, '_a7_': -3.3767608769897373, '_a0_': 1.0, '_a2_': 1.0, '_a3_': 1.0, '_a4_': 1.0, '_a6_': 1.0}};{'d0': 0.02490583291941668};-280.569866449043;40.6846570086188
9445;-99.6002762159031;((((x * (_a1_ + (x * -(_a7_)))) + _a5_) * (x * x)) / x);{'d0': {'_a1_': 2.1066240668119076, '_a5_': 1.775135404207102, '_a7_': -3.3767608769897373, '_a0_': 1.0, '_a2_': 1.0, '_a3_': 1.0, '_a4_': 1.0, '_a6_': 1.0}};{'d0': 0.02490583291941668};-280.569866449043;40.6846570086188
9446;-98.2585261643846;((((x * (_a1_ + (x * (_a3_ * _a1_)))) + _a5_) * (x * x)) / x);{'d0': {'_a1_': 2.106624068484072, '_a3_': 1.6029252345837506, '_a5_': 1.7751354040817366, '_a0_': 1.0, '_a2_': 1.0, '_a4_': 1.0, '_a6_': 1.0, '_a7_': 1.0}};{'d0': 0.024905832919416594};-280.569866449044;42.02640706013741
9447;-98.2585261643846;((((x * (_a1_ + (x * (_a3_ * _a1_)))) + _a5_) * (x * x)) / x);{'d0': {'_a1_': 2.106624068484072, '_a3_': 1.6029252345837506, '_a5_': 1.7751354040817366, '_a0_': 1.0, '_a2_': 1.0, '_a4_': 1.0, '_a6_': 1.0, '_a7_': 1.0}};{'d0': 0.024905832919416594};-280.569866449044;42.02640706013741
9448;-98.2585261643846;((((x * (_a1_ + (x * (_a3_ * _a1_)))) + _a5_) * (x * x)) / x);{'d0': {'_a1_': 2.106624068484072, '_a3_': 1.6029252345837506, '_a5_': 1.7751354040817366, '_a0_': 1.0, '_a2_': 1.0, '_a4_': 1.0, '_a6_': 1.0, '_a7_': 1.0}};{'d0': 0.024905832919416594};-280.569866449044;42.02640706013741
9449;-98.2585261643846;((((x * (_a1_ + (x * (_a3_ * _a1_)))) + _a5_) * (x * x)) / x);{'d0': {'_a1_': 2.106624068484072, '_a3_': 1.6029252345837506, '_a5_': 1.7751354040817366, '_a0_': 1.0, '_a2_': 1.0, '_a4_': 1.0, '_a6_': 1.0, '_a7_': 1.0}};{'d0': 0.024905832919416594};-280.569866449044;42.02640706013741
9450;-98.2585261643846;((((x * (_a1_ + (x * (_a3_ * _a1_)))) + _a5_) * (x * x)) / x);{'d0': {'_a1_': 2.106624068484072, '_a3_': 1.6029252345837506, '_a5_': 1.7751354040817366, '_a0_': 1.0, '_a2_': 1.0, '_a4_': 1.0, '_a6_': 1.0, '_a7_': 1.0}};{'d0': 0.024905832919416594};-280.569866449044;42.02640706013741
9451;-103.721183112456;(((((x * _a3_) * (x + _a1_)) * _a7_) + log(_a3_)) * x);{'d0': {'_a1_': 0.6238594153515852, '_a3_': 5.901080108795273, '_a7_': 0.5722275952379698, '_a0_': 1.0, '_a2_': 1.0, '_a4_': 1.0, '_a5_': 1.0, '_a6_': 1.0}};{'d0': 0.024905832919416632};-280.569866449044;36.563750112066
9452;-103.721183112456;(((((x * _a3_) * (x + _a1_)) * _a7_) + log(_a3_)) * x);{'d0': {'_a1_': 0.6238594153515852, '_a3_': 5.901080108795273, '_a7_': 0.5722275952379698, '_a0_': 1.0, '_a2_': 1.0, '_a4_': 1.0, '_a5_': 1.0, '_a6_': 1.0}};{'d0': 0.024905832919416632};-280.569866449044;36.563750112066
9453;-103.721183112456;(((((x * _a3_) * (x + _a1_)) * _a7_) + log(_a3_)) * x);{'d0': {'_a1_': 0.6238594153515852, '_a3_': 5.901080108795273, '_a7_': 0.5722275952379698, '_a0_': 1.0, '_a2_': 1.0, '_a4_': 1.0, '_a5_': 1.0, '_a6_': 1.0}};{'d0': 0.024905832919416632};-280.569866449044;36.563750112066
9454;-103.721183112456;(((((x * _a3_) * (x + _a1_)) * _a7_) + log(_a3_)) * x);{'d0': {'_a1_': 0.6238594153515852, '_a3_': 5.901080108795273, '_a7_': 0.5722275952379698, '_a0_': 1.0, '_a2_': 1.0, '_a4_': 1.0, '_a5_': 1.0, '_a6_': 1.0}};{'d0': 0.024905832919416632};-280.569866449044;36.563750112066
9455;-103.721183112456;(((((x * _a3_) * (x + _a1_)) * _a7_) + log(_a3_)) * x);{'d0': {'_a1_': 0.6238594153515852, '_a3_': 5.901080108795273, '_a7_': 0.5722275952379698, '_a0_': 1.0, '_a2_': 1.0, '_a4_': 1.0, '_a5_': 1.0, '_a6_': 1.0}};{'d0': 0.024905832919416632};-280.569866449044;36.563750112066
9456;-101.674010831262;(((((x * _a4_) * (x + _a1_)) * _a7_) + log(_a3_)) * x);{'d0': {'_a1_': 0.6238594155472926, '_a3_': 5.901080113411243, '_a4_': 2.827554280892846, '_a7_': 1.194233691873745, '_a0_': 1.0, '_a2_': 1.0, '_a5_': 1.0, '_a6_': 1.0}};{'d0': 0.024905832919485647};-276.475521886655;36.563750112066
9457;-101.674010831262;(((((x * _a4_) * (x + _a1_)) * _a7_) + log(_a3_)) * x);{'d0': {'_a1_': 0.6238594155472926, '_a3_': 5.901080113411243, '_a4_': 2.827554280892846, '_a7_': 1.194233691873745, '_a0_': 1.0, '_a2_': 1.0, '_a5_': 1.0, '_a6_': 1.0}};{'d0': 0.024905832919485647};-276.475521886655;36.563750112066
9458;-101.674010831262;(((((x * _a4_) * (x + _a1_)) * _a7_) + log(_a3_)) * x);{'d0': {'_a1_': 0.6238594155472926, '_a3_': 5.901080113411243, '_a4_': 2.827554280892846, '_a7_': 1.194233691873745, '_a0_': 1.0, '_a2_': 1.0, '_a5_': 1.0, '_a6_': 1.0}};{'d0': 0.024905832919485647};-276.475521886655;36.563750112066
9459;-101.674010831262;(((((x * _a4_) * (x + _a1_)) * _a7_) + log(_a3_)) * x);{'d0': {'_a1_': 0.6238594155472926, '_a3_': 5.901080113411243, '_a4_': 2.827554280892846, '_a7_': 1.194233691873745, '_a0_': 1.0, '_a2_': 1.0, '_a5_': 1.0, '_a6_': 1.0}};{'d0': 0.024905832919485647};-276.475521886655;36.563750112066
9460;-103.721183112456;(((((x * _a4_) * (x + _a1_)) * _a7_) + log(_a7_)) * x);{'d0': {'_a1_': 0.6238594158393785, '_a4_': 0.5722275946373677, '_a7_': 5.90108011554813, '_a0_': 1.0, '_a2_': 1.0, '_a3_': 1.0, '_a5_': 1.0, '_a6_': 1.0}};{'d0': 0.024905832919416636};-280.569866449044;36.563750112066
9461;-103.721183112456;(((((x * _a4_) * (x + _a1_)) * _a7_) + log(_a7_)) * x);{'d0': {'_a1_': 0.6238594158393785, '_a4_': 0.5722275946373677, '_a7_': 5.90108011554813, '_a0_': 1.0, '_a2_': 1.0, '_a3_': 1.0, '_a5_': 1.0, '_a6_': 1.0}};{'d0': 0.024905832919416636};-280.569866449044;36.563750112066
9462;-103.721183112456;(((((x * _a4_) * (x + _a1_)) * _a7_) + log(_a7_)) * x);{'d0': {'_a1_': 0.6238594158393785, '_a4_': 0.5722275946373677, '_a7_': 5.90108011554813, '_a0_': 1.0, '_a2_': 1.0, '_a3_': 1.0, '_a5_': 1.0, '_a6_': 1.0}};{'d0': 0.024905832919416636};-280.569866449044;36.563750112066
9463;-103.721183112456;(((((x * _a4_) * (x + _a1_)) * _a7_) + log(_a7_)) * x);{'d0': {'_a1_': 0.6238594158393785, '_a4_': 0.5722275946373677, '_a7_': 5.90108011554813, '_a0_': 1.0, '_a2_': 1.0, '_a3_': 1.0, '_a5_': 1.0, '_a6_': 1.0}};{'d0': 0.024905832919416636};-280.569866449044;36.563750112066
9464;-103.721183112456;(((((x * _a4_) * (x + _a1_)) * _a7_) + log(_a7_)) * x);{'d0': {'_a1_': 0.6238594158393785, '_a4_': 0.5722275946373677, '_a7_': 5.90108011554813, '_a0_': 1.0, '_a2_': 1.0, '_a3_': 1.0, '_a5_': 1.0, '_a6_': 1.0}};{'d0': 0.024905832919416636};-280.569866449044;36.563750112066
9465;-103.721183112456;(((((x * _a4_) * (x + _a1_)) * _a7_) + log(_a7_)) * x);{'d0': {'_a1_': 0.6238594158393785, '_a4_': 0.5722275946373677, '_a7_': 5.90108011554813, '_a0_': 1.0, '_a2_': 1.0, '_a3_': 1.0, '_a5_': 1.0, '_a6_': 1.0}};{'d0': 0.024905832919416636};-280.569866449044;36.563750112066
9466;-103.721183112456;(((((x * _a4_) * (x + _a1_)) * _a7_) + log(_a7_)) * x);{'d0': {'_a1_': 0.6238594158393785, '_a4_': 0.5722275946373677, '_a7_': 5.90108011554813, '_a0_': 1.0, '_a2_': 1.0, '_a3_': 1.0, '_a5_': 1.0, '_a6_': 1.0}};{'d0': 0.024905832919416636};-280.569866449044;36.563750112066
9467;-103.721183112456;(((((x * _a4_) * (x + _a1_)) * _a7_) + log(_a7_)) * x);{'d0': {'_a1_': 0.6238594158393785, '_a4_': 0.5722275946373677, '_a7_': 5.90108011554813, '_a0_': 1.0, '_a2_': 1.0, '_a3_': 1.0, '_a5_': 1.0, '_a6_': 1.0}};{'d0': 0.024905832919416636};-280.569866449044;36.563750112066
9468;-103.721183112456;(((((x * _a4_) * (x + _a1_)) * _a7_) + log(_a7_)) * x);{'d0': {'_a1_': 0.6238594158393785, '_a4_': 0.5722275946373677, '_a7_': 5.90108011554813, '_a0_': 1.0, '_a2_': 1.0, '_a3_': 1.0, '_a5_': 1.0, '_a6_': 1.0}};{'d0': 0.024905832919416636};-280.569866449044;36.563750112066
9469;-103.721183112456;(((((x * _a4_) * (x + _a1_)) * _a7_) + log(_a7_)) * x);{'d0': {'_a1_': 0.6238594158393785, '_a4_': 0.5722275946373677, '_a7_': 5.90108011554813, '_a0_': 1.0, '_a2_': 1.0, '_a3_': 1.0, '_a5_': 1.0, '_a6_': 1.0}};{'d0': 0.024905832919416636};-280.569866449044;36.563750112066
9470;-103.721183112456;(((((x * _a4_) * (x + _a1_)) * _a7_) + log(_a7_)) * x);{'d0': {'_a1_': 0.6238594158393785, '_a4_': 0.5722275946373677, '_a7_': 5.90108011554813, '_a0_': 1.0, '_a2_': 1.0, '_a3_': 1.0, '_a5_': 1.0, '_a6_': 1.0}};{'d0': 0.024905832919416636};-280.569866449044;36.563750112066
9471;-103.721183112456;(((((x * _a4_) * (x + _a1_)) * _a7_) + log(_a7_)) * x);{'d0': {'_a1_': 0.6238594158393785, '_a4_': 0.5722275946373677, '_a7_': 5.90108011554813, '_a0_': 1.0, '_a2_': 1.0, '_a3_': 1.0, '_a5_': 1.0, '_a6_': 1.0}};{'d0': 0.024905832919416636};-280.569866449044;36.563750112066
9472;-103.721183112456;(((((x * _a4_) * (x + _a1_)) * _a7_) + log(_a7_)) * x);{'d0': {'_a1_': 0.6238594158393785, '_a4_': 0.5722275946373677, '_a7_': 5.90108011554813, '_a0_': 1.0, '_a2_': 1.0, '_a3_': 1.0, '_a5_': 1.0, '_a6_': 1.0}};{'d0': 0.024905832919416636};-280.569866449044;36.563750112066
9473;-103.721183112456;(((((x * _a4_) * (x + _a1_)) * _a7_) + log(_a7_)) * x);{'d0': {'_a1_': 0.6238594158393785, '_a4_': 0.5722275946373677, '_a7_': 5.90108011554813, '_a0_': 1.0, '_a2_': 1.0, '_a3_': 1.0, '_a5_': 1.0, '_a6_': 1.0}};{'d0': 0.024905832919416636};-280.569866449044;36.563750112066
9474;-103.721183112456;(((((x * _a4_) * (x + _a1_)) * _a7_) + log(_a7_)) * x);{'d0': {'_a1_': 0.6238594158393785, '_a4_': 0.5722275946373677, '_a7_': 5.90108011554813, '_a0_': 1.0, '_a2_': 1.0, '_a3_': 1.0, '_a5_': 1.0, '_a6_': 1.0}};{'d0': 0.024905832919416636};-280.569866449044;36.563750112066
9475;-103.721183112456;(((((x * _a4_) * (x + _a1_)) * _a7_) + log(_a7_)) * x);{'d0': {'_a1_': 0.6238594158393785, '_a4_': 0.5722275946373677, '_a7_': 5.90108011554813, '_a0_': 1.0, '_a2_': 1.0, '_a3_': 1.0, '_a5_': 1.0, '_a6_': 1.0}};{'d0': 0.024905832919416636};-280.569866449044;36.563750112066
9476;-103.721183112456;(((((x * _a4_) * (x + _a1_)) * _a7_) + log(_a7_)) * x);{'d0': {'_a1_': 0.6238594158393785, '_a4_': 0.5722275946373677, '_a7_': 5.90108011554813, '_a0_': 1.0, '_a2_': 1.0, '_a3_': 1.0, '_a5_': 1.0, '_a6_': 1.0}};{'d0': 0.024905832919416636};-280.569866449044;36.563750112066
9477;-103.721183112456;(((((x * _a4_) * (x + _a1_)) * _a7_) + log(_a7_)) * x);{'d0': {'_a1_': 0.6238594158393785, '_a4_': 0.5722275946373677, '_a7_': 5.90108011554813, '_a0_': 1.0, '_a2_': 1.0, '_a3_': 1.0, '_a5_': 1.0, '_a6_': 1.0}};{'d0': 0.024905832919416636};-280.569866449044;36.563750112066
9478;-103.721183112456;(((((x * _a4_) * (x + _a1_)) * _a7_) + log(_a7_)) * x);{'d0': {'_a1_': 0.6238594158393785, '_a4_': 0.5722275946373677, '_a7_': 5.90108011554813, '_a0_': 1.0, '_a2_': 1.0, '_a3_': 1.0, '_a5_': 1.0, '_a6_': 1.0}};{'d0': 0.024905832919416636};-280.569866449044;36.563750112066
9479;-103.721183112456;(((((x * _a4_) * (x + _a1_)) * _a7_) + log(_a7_)) * x);{'d0': {'_a1_': 0.6238594158393785, '_a4_': 0.5722275946373677, '_a7_': 5.90108011554813, '_a0_': 1.0, '_a2_': 1.0, '_a3_': 1.0, '_a5_': 1.0, '_a6_': 1.0}};{'d0': 0.024905832919416636};-280.569866449044;36.563750112066
9480;-103.721183112456;(((((x * _a4_) * (x + _a1_)) * _a7_) + log(_a7_)) * x);{'d0': {'_a1_': 0.6238594158393785, '_a4_': 0.5722275946373677, '_a7_': 5.90108011554813, '_a0_': 1.0, '_a2_': 1.0, '_a3_': 1.0, '_a5_': 1.0, '_a6_': 1.0}};{'d0': 0.024905832919416636};-280.569866449044;36.563750112066
9481;-103.721183112456;(((((x * _a4_) * (x + _a1_)) * _a7_) + log(_a7_)) * x);{'d0': {'_a1_': 0.6238594158393785, '_a4_': 0.5722275946373677, '_a7_': 5.90108011554813, '_a0_': 1.0, '_a2_': 1.0, '_a3_': 1.0, '_a5_': 1.0, '_a6_': 1.0}};{'d0': 0.024905832919416636};-280.569866449044;36.563750112066
9482;-103.721183112456;(((((x * _a4_) * (x + _a1_)) * _a7_) + log(_a7_)) * x);{'d0': {'_a1_': 0.6238594158393785, '_a4_': 0.5722275946373677, '_a7_': 5.90108011554813, '_a0_': 1.0, '_a2_': 1.0, '_a3_': 1.0, '_a5_': 1.0, '_a6_': 1.0}};{'d0': 0.024905832919416636};-280.569866449044;36.563750112066
9483;-103.721183112456;(((((x * _a4_) * (x + _a1_)) * _a7_) + log(_a7_)) * x);{'d0': {'_a1_': 0.6238594158393785, '_a4_': 0.5722275946373677, '_a7_': 5.90108011554813, '_a0_': 1.0, '_a2_': 1.0, '_a3_': 1.0, '_a5_': 1.0, '_a6_': 1.0}};{'d0': 0.024905832919416636};-280.569866449044;36.563750112066
9484;-103.721183112456;(((((x * _a4_) * (x + _a1_)) * _a7_) + log(_a7_)) * x);{'d0': {'_a1_': 0.6238594158393785, '_a4_': 0.5722275946373677, '_a7_': 5.90108011554813, '_a0_': 1.0, '_a2_': 1.0, '_a3_': 1.0, '_a5_': 1.0, '_a6_': 1.0}};{'d0': 0.024905832919416636};-280.569866449044;36.563750112066
9485;-103.721183112456;(((((x * _a4_) * (x + _a1_)) * _a7_) + log(_a7_)) * x);{'d0': {'_a1_': 0.6238594158393785, '_a4_': 0.5722275946373677, '_a7_': 5.90108011554813, '_a0_': 1.0, '_a2_': 1.0, '_a3_': 1.0, '_a5_': 1.0, '_a6_': 1.0}};{'d0': 0.024905832919416636};-280.569866449044;36.563750112066
9486;-100.851681668750;((x / _a3_) + (x * (pow2((-(x) + (_a1_ * _a0_))) * _a1_)));{'d0': {'_a0_': -0.09237542085889196, '_a1_': 3.3767608825361846, '_a3_': 0.6912875225348345, '_a2_': 1.0, '_a4_': 1.0, '_a5_': 1.0, '_a6_': 1.0, '_a7_': 1.0}};{'d0': 0.024905832919416573};-280.569866449044;39.433251555771776
9487;-100.851681668750;((x / _a3_) + (x * (pow2((-(x) + (_a1_ * _a0_))) * _a1_)));{'d0': {'_a0_': -0.09237542085889196, '_a1_': 3.3767608825361846, '_a3_': 0.6912875225348345, '_a2_': 1.0, '_a4_': 1.0, '_a5_': 1.0, '_a6_': 1.0, '_a7_': 1.0}};{'d0': 0.024905832919416573};-280.569866449044;39.433251555771776
9488;-100.851681668750;((x / _a3_) + (x * (pow2((-(x) + (_a1_ * _a0_))) * _a1_)));{'d0': {'_a0_': -0.09237542085889196, '_a1_': 3.3767608825361846, '_a3_': 0.6912875225348345, '_a2_': 1.0, '_a4_': 1.0, '_a5_': 1.0, '_a6_': 1.0, '_a7_': 1.0}};{'d0': 0.024905832919416573};-280.569866449044;39.433251555771776
9489;-100.851681668750;((x / _a3_) + (x * (pow2((-(x) + (_a1_ * _a0_))) * _a1_)));{'d0': {'_a0_': -0.09237542085889196, '_a1_': 3.3767608825361846, '_a3_': 0.6912875225348345, '_a2_': 1.0, '_a4_': 1.0, '_a5_': 1.0, '_a6_': 1.0, '_a7_': 1.0}};{'d0': 0.024905832919416573};-280.569866449044;39.433251555771776
9490;-100.851681668750;((x / _a3_) + (x * (pow2((-(x) + (_a1_ * _a0_))) * _a1_)));{'d0': {'_a0_': -0.09237542085889196, '_a1_': 3.3767608825361846, '_a3_': 0.6912875225348345, '_a2_': 1.0, '_a4_': 1.0, '_a5_': 1.0, '_a6_': 1.0, '_a7_': 1.0}};{'d0': 0.024905832919416573};-280.569866449044;39.433251555771776
9491;-100.851681668750;((x / _a3_) + (x * (pow2((-(x) + (_a1_ * _a0_))) * _a1_)));{'d0': {'_a0_': -0.09237542085889196, '_a1_': 3.3767608825361846, '_a3_': 0.6912875225348345, '_a2_': 1.0, '_a4_': 1.0, '_a5_': 1.0, '_a6_': 1.0, '_a7_': 1.0}};{'d0': 0.024905832919416573};-280.569866449044;39.433251555771776
9492;-100.851681668750;((x / _a3_) + (x * (pow2((-(x) + (_a1_ * _a0_))) * _a1_)));{'d0': {'_a0_': -0.09237542085889196, '_a1_': 3.3767608825361846, '_a3_': 0.6912875225348345, '_a2_': 1.0, '_a4_': 1.0, '_a5_': 1.0, '_a6_': 1.0, '_a7_': 1.0}};{'d0': 0.024905832919416573};-280.569866449044;39.433251555771776
9493;-100.851681668750;((x / _a3_) + (x * (pow2((-(x) + (_a1_ * _a0_))) * _a1_)));{'d0': {'_a0_': -0.09237542085889196, '_a1_': 3.3767608825361846, '_a3_': 0.6912875225348345, '_a2_': 1.0, '_a4_': 1.0, '_a5_': 1.0, '_a6_': 1.0, '_a7_': 1.0}};{'d0': 0.024905832919416573};-280.569866449044;39.433251555771776
9494;-100.851681668750;((x / _a3_) + (x * (pow2((-(x) + (_a1_ * _a0_))) * _a1_)));{'d0': {'_a0_': -0.09237542085889196, '_a1_': 3.3767608825361846, '_a3_': 0.6912875225348345, '_a2_': 1.0, '_a4_': 1.0, '_a5_': 1.0, '_a6_': 1.0, '_a7_': 1.0}};{'d0': 0.024905832919416573};-280.569866449044;39.433251555771776
9495;-100.851681668750;((x / _a3_) + (x * (pow2((-(x) + (_a1_ * _a0_))) * _a1_)));{'d0': {'_a0_': -0.09237542085889196, '_a1_': 3.3767608825361846, '_a3_': 0.6912875225348345, '_a2_': 1.0, '_a4_': 1.0, '_a5_': 1.0, '_a6_': 1.0, '_a7_': 1.0}};{'d0': 0.024905832919416573};-280.569866449044;39.433251555771776
9496;-100.851681668750;((x / _a3_) + (x * (pow2((-(x) + (_a1_ * _a0_))) * _a1_)));{'d0': {'_a0_': -0.09237542085889196, '_a1_': 3.3767608825361846, '_a3_': 0.6912875225348345, '_a2_': 1.0, '_a4_': 1.0, '_a5_': 1.0, '_a6_': 1.0, '_a7_': 1.0}};{'d0': 0.024905832919416573};-280.569866449044;39.433251555771776
9497;-100.851681668750;((x / _a3_) + (x * (pow2((-(x) + (_a1_ * _a0_))) * _a1_)));{'d0': {'_a0_': -0.09237542085889196, '_a1_': 3.3767608825361846, '_a3_': 0.6912875225348345, '_a2_': 1.0, '_a4_': 1.0, '_a5_': 1.0, '_a6_': 1.0, '_a7_': 1.0}};{'d0': 0.024905832919416573};-280.569866449044;39.433251555771776
9498;-100.851681668750;((x / _a3_) + (x * (pow2((-(x) + (_a1_ * _a0_))) * _a1_)));{'d0': {'_a0_': -0.09237542085889196, '_a1_': 3.3767608825361846, '_a3_': 0.6912875225348345, '_a2_': 1.0, '_a4_': 1.0, '_a5_': 1.0, '_a6_': 1.0, '_a7_': 1.0}};{'d0': 0.024905832919416573};-280.569866449044;39.433251555771776
9499;-100.851681668750;((x / _a3_) + (x * (pow2((-(x) + (_a1_ * _a0_))) * _a1_)));{'d0': {'_a0_': -0.09237542085889196, '_a1_': 3.3767608825361846, '_a3_': 0.6912875225348345, '_a2_': 1.0, '_a4_': 1.0, '_a5_': 1.0, '_a6_': 1.0, '_a7_': 1.0}};{'d0': 0.024905832919416573};-280.569866449044;39.433251555771776
9500;-100.851681668750;((x / _a3_) + (x * (pow2((-(x) + (_a1_ * _a0_))) * _a1_)));{'d0': {'_a0_': -0.09237542085889196, '_a1_': 3.3767608825361846, '_a3_': 0.6912875225348345, '_a2_': 1.0, '_a4_': 1.0, '_a5_': 1.0, '_a6_': 1.0, '_a7_': 1.0}};{'d0': 0.024905832919416573};-280.569866449044;39.433251555771776
9501;-100.851681668750;((x / _a3_) + (x * (pow2((-(x) + (_a1_ * _a0_))) * _a1_)));{'d0': {'_a0_': -0.09237542085889196, '_a1_': 3.3767608825361846, '_a3_': 0.6912875225348345, '_a2_': 1.0, '_a4_': 1.0, '_a5_': 1.0, '_a6_': 1.0, '_a7_': 1.0}};{'d0': 0.024905832919416573};-280.569866449044;39.433251555771776
9502;-100.851681668750;((x / _a3_) + (x * (pow2((-(x) + (_a1_ * _a0_))) * _a1_)));{'d0': {'_a0_': -0.09237542085889196, '_a1_': 3.3767608825361846, '_a3_': 0.6912875225348345, '_a2_': 1.0, '_a4_': 1.0, '_a5_': 1.0, '_a6_': 1.0, '_a7_': 1.0}};{'d0': 0.024905832919416573};-280.569866449044;39.433251555771776
9503;-100.851681668750;((x / _a3_) + (x * (pow2((-(x) + (_a1_ * _a0_))) * _a1_)));{'d0': {'_a0_': -0.09237542085889196, '_a1_': 3.3767608825361846, '_a3_': 0.6912875225348345, '_a2_': 1.0, '_a4_': 1.0, '_a5_': 1.0, '_a6_': 1.0, '_a7_': 1.0}};{'d0': 0.024905832919416573};-280.569866449044;39.433251555771776
9504;-100.851681668750;((x / _a3_) + (x * (pow2((-(x) + (_a1_ * _a0_))) * _a1_)));{'d0': {'_a0_': -0.09237542085889196, '_a1_': 3.3767608825361846, '_a3_': 0.6912875225348345, '_a2_': 1.0, '_a4_': 1.0, '_a5_': 1.0, '_a6_': 1.0, '_a7_': 1.0}};{'d0': 0.024905832919416573};-280.569866449044;39.433251555771776
9505;-100.851681668750;((x / _a3_) + (x * (pow2((-(x) + (_a1_ * _a0_))) * _a1_)));{'d0': {'_a0_': -0.09237542085889196, '_a1_': 3.3767608825361846, '_a3_': 0.6912875225348345, '_a2_': 1.0, '_a4_': 1.0, '_a5_': 1.0, '_a6_': 1.0, '_a7_': 1.0}};{'d0': 0.024905832919416573};-280.569866449044;39.433251555771776
9506;-100.851681668750;((x / _a3_) + (x * (pow2((-(x) + (_a1_ * _a0_))) * _a1_)));{'d0': {'_a0_': -0.09237542085889196, '_a1_': 3.3767608825361846, '_a3_': 0.6912875225348345, '_a2_': 1.0, '_a4_': 1.0, '_a5_': 1.0, '_a6_': 1.0, '_a7_': 1.0}};{'d0': 0.024905832919416573};-280.569866449044;39.433251555771776
9507;-100.851681668750;((x / _a3_) + (x * (pow2((-(x) + (_a1_ * _a0_))) * _a1_)));{'d0': {'_a0_': -0.09237542085889196, '_a1_': 3.3767608825361846, '_a3_': 0.6912875225348345, '_a2_': 1.0, '_a4_': 1.0, '_a5_': 1.0, '_a6_': 1.0, '_a7_': 1.0}};{'d0': 0.024905832919416573};-280.569866449044;39.433251555771776
9508;-100.851681668750;((x / _a3_) + (x * (pow2((-(x) + (_a1_ * _a0_))) * _a1_)));{'d0': {'_a0_': -0.09237542085889196, '_a1_': 3.3767608825361846, '_a3_': 0.6912875225348345, '_a2_': 1.0, '_a4_': 1.0, '_a5_': 1.0, '_a6_': 1.0, '_a7_': 1.0}};{'d0': 0.024905832919416573};-280.569866449044;39.433251555771776
9509;-100.851681668750;((x / _a3_) + (x * (pow2((-(x) + (_a1_ * _a0_))) * _a1_)));{'d0': {'_a0_': -0.09237542085889196, '_a1_': 3.3767608825361846, '_a3_': 0.6912875225348345, '_a2_': 1.0, '_a4_': 1.0, '_a5_': 1.0, '_a6_': 1.0, '_a7_': 1.0}};{'d0': 0.024905832919416573};-280.569866449044;39.433251555771776
9510;-100.851681668750;((x / _a3_) + (x * (pow2((-(x) + (_a1_ * _a0_))) * _a1_)));{'d0': {'_a0_': -0.09237542085889196, '_a1_': 3.3767608825361846, '_a3_': 0.6912875225348345, '_a2_': 1.0, '_a4_': 1.0, '_a5_': 1.0, '_a6_': 1.0, '_a7_': 1.0}};{'d0': 0.024905832919416573};-280.569866449044;39.433251555771776
9511;-100.851681668750;((x / _a3_) + (x * (pow2((-(x) + (_a1_ * _a0_))) * _a1_)));{'d0': {'_a0_': -0.09237542085889196, '_a1_': 3.3767608825361846, '_a3_': 0.6912875225348345, '_a2_': 1.0, '_a4_': 1.0, '_a5_': 1.0, '_a6_': 1.0, '_a7_': 1.0}};{'d0': 0.024905832919416573};-280.569866449044;39.433251555771776
9512;-100.851681668750;((x / _a3_) + (x * (pow2((-(x) + (_a1_ * _a0_))) * _a1_)));{'d0': {'_a0_': -0.09237542085889196, '_a1_': 3.3767608825361846, '_a3_': 0.6912875225348345, '_a2_': 1.0, '_a4_': 1.0, '_a5_': 1.0, '_a6_': 1.0, '_a7_': 1.0}};{'d0': 0.024905832919416573};-280.569866449044;39.433251555771776
9513;-100.851681668750;((x / _a3_) + (x * (pow2((-(x) + (_a1_ * _a0_))) * _a1_)));{'d0': {'_a0_': -0.09237542085889196, '_a1_': 3.3767608825361846, '_a3_': 0.6912875225348345, '_a2_': 1.0, '_a4_': 1.0, '_a5_': 1.0, '_a6_': 1.0, '_a7_': 1.0}};{'d0': 0.024905832919416573};-280.569866449044;39.433251555771776
9514;-100.851681668750;((x / _a3_) + (x * (pow2((-(x) + (_a1_ * _a0_))) * _a1_)));{'d0': {'_a0_': -0.09237542085889196, '_a1_': 3.3767608825361846, '_a3_': 0.6912875225348345, '_a2_': 1.0, '_a4_': 1.0, '_a5_': 1.0, '_a6_': 1.0, '_a7_': 1.0}};{'d0': 0.024905832919416573};-280.569866449044;39.433251555771776
9515;-100.851681668750;((x / _a3_) + (x * (pow2((-(x) + (_a1_ * _a0_))) * _a1_)));{'d0': {'_a0_': -0.09237542085889196, '_a1_': 3.3767608825361846, '_a3_': 0.6912875225348345, '_a2_': 1.0, '_a4_': 1.0, '_a5_': 1.0, '_a6_': 1.0, '_a7_': 1.0}};{'d0': 0.024905832919416573};-280.569866449044;39.433251555771776
9516;-109.288302185518;(((pow2((_a3_ + x)) + _a2_) + _a5_) * (x * _a2_));{'d0': {'_a2_': 3.3767608769576816, '_a3_': 0.31192970772599904, '_a5_': -2.9483692489278, '_a0_': 1.0, '_a1_': 1.0, '_a4_': 1.0, '_a6_': 1.0, '_a7_': 1.0}};{'d0': 0.024905832919416598};-280.569866449044;30.996631039003983
9517;-109.288302185518;(((pow2((_a3_ + x)) + _a2_) + _a5_) * (x * _a2_));{'d0': {'_a2_': 3.3767608769576816, '_a3_': 0.31192970772599904, '_a5_': -2.9483692489278, '_a0_': 1.0, '_a1_': 1.0, '_a4_': 1.0, '_a6_': 1.0, '_a7_': 1.0}};{'d0': 0.024905832919416598};-280.569866449044;30.996631039003983
9518;-100.851681668750;((x / _a3_) + (x * (pow2((-(x) + (_a1_ * _a0_))) * _a1_)));{'d0': {'_a0_': -0.09237542085889196, '_a1_': 3.3767608825361846, '_a3_': 0.6912875225348345, '_a2_': 1.0, '_a4_': 1.0, '_a5_': 1.0, '_a6_': 1.0, '_a7_': 1.0}};{'d0': 0.024905832919416573};-280.569866449044;39.433251555771776
9519;-100.851681668750;((x / _a3_) + (x * (pow2((-(x) + (_a1_ * _a0_))) * _a1_)));{'d0': {'_a0_': -0.09237542085889196, '_a1_': 3.3767608825361846, '_a3_': 0.6912875225348345, '_a2_': 1.0, '_a4_': 1.0, '_a5_': 1.0, '_a6_': 1.0, '_a7_': 1.0}};{'d0': 0.024905832919416573};-280.569866449044;39.433251555771776
9520;-100.851681668750;((x / _a3_) + (x * (pow2((-(x) + (_a1_ * _a0_))) * _a1_)));{'d0': {'_a0_': -0.09237542085889196, '_a1_': 3.3767608825361846, '_a3_': 0.6912875225348345, '_a2_': 1.0, '_a4_': 1.0, '_a5_': 1.0, '_a6_': 1.0, '_a7_': 1.0}};{'d0': 0.024905832919416573};-280.569866449044;39.433251555771776
9521;-100.851681668750;((x / _a3_) + (x * (pow2((-(x) + (_a1_ * _a0_))) * _a1_)));{'d0': {'_a0_': -0.09237542085889196, '_a1_': 3.3767608825361846, '_a3_': 0.6912875225348345, '_a2_': 1.0, '_a4_': 1.0, '_a5_': 1.0, '_a6_': 1.0, '_a7_': 1.0}};{'d0': 0.024905832919416573};-280.569866449044;39.433251555771776
9522;-100.851681668750;((x / _a3_) + (x * (pow2((-(x) + (_a1_ * _a0_))) * _a1_)));{'d0': {'_a0_': -0.09237542085889196, '_a1_': 3.3767608825361846, '_a3_': 0.6912875225348345, '_a2_': 1.0, '_a4_': 1.0, '_a5_': 1.0, '_a6_': 1.0, '_a7_': 1.0}};{'d0': 0.024905832919416573};-280.569866449044;39.433251555771776
9523;-100.851681668750;((x / _a3_) + (x * (pow2((-(x) + (_a1_ * _a0_))) * _a1_)));{'d0': {'_a0_': -0.09237542085889196, '_a1_': 3.3767608825361846, '_a3_': 0.6912875225348345, '_a2_': 1.0, '_a4_': 1.0, '_a5_': 1.0, '_a6_': 1.0, '_a7_': 1.0}};{'d0': 0.024905832919416573};-280.569866449044;39.433251555771776
9524;-100.851681668750;((x / _a3_) + (x * (pow2((-(x) + (_a1_ * _a0_))) * _a1_)));{'d0': {'_a0_': -0.09237542085889196, '_a1_': 3.3767608825361846, '_a3_': 0.6912875225348345, '_a2_': 1.0, '_a4_': 1.0, '_a5_': 1.0, '_a6_': 1.0, '_a7_': 1.0}};{'d0': 0.024905832919416573};-280.569866449044;39.433251555771776
9525;-100.851681668750;((x / _a3_) + (x * (pow2((-(x) + (_a1_ * _a0_))) * _a1_)));{'d0': {'_a0_': -0.09237542085889196, '_a1_': 3.3767608825361846, '_a3_': 0.6912875225348345, '_a2_': 1.0, '_a4_': 1.0, '_a5_': 1.0, '_a6_': 1.0, '_a7_': 1.0}};{'d0': 0.024905832919416573};-280.569866449044;39.433251555771776
9526;-109.288302185518;(((pow2((_a3_ + x)) + _a2_) + _a5_) * (x * _a2_));{'d0': {'_a2_': 3.3767608769576816, '_a3_': 0.31192970772599904, '_a5_': -2.9483692489278, '_a0_': 1.0, '_a1_': 1.0, '_a4_': 1.0, '_a6_': 1.0, '_a7_': 1.0}};{'d0': 0.024905832919416598};-280.569866449044;30.996631039003983
9527;-109.288302185518;(((pow2((_a3_ + x)) + _a2_) + _a5_) * (x * _a2_));{'d0': {'_a2_': 3.3767608769576816, '_a3_': 0.31192970772599904, '_a5_': -2.9483692489278, '_a0_': 1.0, '_a1_': 1.0, '_a4_': 1.0, '_a6_': 1.0, '_a7_': 1.0}};{'d0': 0.024905832919416598};-280.569866449044;30.996631039003983
9528;-109.288302185518;(((pow2((_a3_ + x)) + _a2_) + _a5_) * (x * _a2_));{'d0': {'_a2_': 3.3767608769576816, '_a3_': 0.31192970772599904, '_a5_': -2.9483692489278, '_a0_': 1.0, '_a1_': 1.0, '_a4_': 1.0, '_a6_': 1.0, '_a7_': 1.0}};{'d0': 0.024905832919416598};-280.569866449044;30.996631039003983
9529;-109.288302185518;(((pow2((_a3_ + x)) + _a2_) + _a5_) * (x * _a2_));{'d0': {'_a2_': 3.3767608769576816, '_a3_': 0.31192970772599904, '_a5_': -2.9483692489278, '_a0_': 1.0, '_a1_': 1.0, '_a4_': 1.0, '_a6_': 1.0, '_a7_': 1.0}};{'d0': 0.024905832919416598};-280.569866449044;30.996631039003983
9530;-109.288302185518;(((pow2((_a3_ + x)) + _a2_) + _a5_) * (x * _a2_));{'d0': {'_a2_': 3.3767608769576816, '_a3_': 0.31192970772599904, '_a5_': -2.9483692489278, '_a0_': 1.0, '_a1_': 1.0, '_a4_': 1.0, '_a6_': 1.0, '_a7_': 1.0}};{'d0': 0.024905832919416598};-280.569866449044;30.996631039003983
9531;-109.288302185518;(((pow2((_a3_ + x)) + _a2_) + _a5_) * (x * _a2_));{'d0': {'_a2_': 3.3767608769576816, '_a3_': 0.31192970772599904, '_a5_': -2.9483692489278, '_a0_': 1.0, '_a1_': 1.0, '_a4_': 1.0, '_a6_': 1.0, '_a7_': 1.0}};{'d0': 0.024905832919416598};-280.569866449044;30.996631039003983
9532;-109.288302185518;(((pow2((_a3_ + x)) + _a2_) + _a5_) * (x * _a2_));{'d0': {'_a2_': 3.3767608769576816, '_a3_': 0.31192970772599904, '_a5_': -2.9483692489278, '_a0_': 1.0, '_a1_': 1.0, '_a4_': 1.0, '_a6_': 1.0, '_a7_': 1.0}};{'d0': 0.024905832919416598};-280.569866449044;30.996631039003983
9533;-109.288302185518;(((pow2((_a3_ + x)) + _a2_) + _a5_) * (x * _a2_));{'d0': {'_a2_': 3.3767608769576816, '_a3_': 0.31192970772599904, '_a5_': -2.9483692489278, '_a0_': 1.0, '_a1_': 1.0, '_a4_': 1.0, '_a6_': 1.0, '_a7_': 1.0}};{'d0': 0.024905832919416598};-280.569866449044;30.996631039003983
9534;-109.288302185518;(((pow2((_a3_ + x)) + _a2_) + _a5_) * (x * _a2_));{'d0': {'_a2_': 3.3767608769576816, '_a3_': 0.31192970772599904, '_a5_': -2.9483692489278, '_a0_': 1.0, '_a1_': 1.0, '_a4_': 1.0, '_a6_': 1.0, '_a7_': 1.0}};{'d0': 0.024905832919416598};-280.569866449044;30.996631039003983
9535;-109.288302185518;(((pow2((_a3_ + x)) + _a2_) + _a5_) * (x * _a2_));{'d0': {'_a2_': 3.3767608769576816, '_a3_': 0.31192970772599904, '_a5_': -2.9483692489278, '_a0_': 1.0, '_a1_': 1.0, '_a4_': 1.0, '_a6_': 1.0, '_a7_': 1.0}};{'d0': 0.024905832919416598};-280.569866449044;30.996631039003983
9536;-109.288302185518;(((pow2((_a3_ + x)) + _a2_) + _a5_) * (x * _a2_));{'d0': {'_a2_': 3.3767608769576816, '_a3_': 0.31192970772599904, '_a5_': -2.9483692489278, '_a0_': 1.0, '_a1_': 1.0, '_a4_': 1.0, '_a6_': 1.0, '_a7_': 1.0}};{'d0': 0.024905832919416598};-280.569866449044;30.996631039003983
9537;-109.288302185518;(((pow2((_a3_ + x)) + _a2_) + _a5_) * (x * _a2_));{'d0': {'_a2_': 3.3767608769576816, '_a3_': 0.31192970772599904, '_a5_': -2.9483692489278, '_a0_': 1.0, '_a1_': 1.0, '_a4_': 1.0, '_a6_': 1.0, '_a7_': 1.0}};{'d0': 0.024905832919416598};-280.569866449044;30.996631039003983
9538;-109.288302185518;(((pow2((_a3_ + x)) + _a2_) + _a5_) * (x * _a2_));{'d0': {'_a2_': 3.3767608769576816, '_a3_': 0.31192970772599904, '_a5_': -2.9483692489278, '_a0_': 1.0, '_a1_': 1.0, '_a4_': 1.0, '_a6_': 1.0, '_a7_': 1.0}};{'d0': 0.024905832919416598};-280.569866449044;30.996631039003983
9539;-109.288302185518;(((pow2((_a3_ + x)) + _a2_) + _a5_) * (x * _a2_));{'d0': {'_a2_': 3.3767608769576816, '_a3_': 0.31192970772599904, '_a5_': -2.9483692489278, '_a0_': 1.0, '_a1_': 1.0, '_a4_': 1.0, '_a6_': 1.0, '_a7_': 1.0}};{'d0': 0.024905832919416598};-280.569866449044;30.996631039003983
9540;-109.288302185518;(((pow2((_a3_ + x)) + _a2_) + _a5_) * (x * _a2_));{'d0': {'_a2_': 3.3767608769576816, '_a3_': 0.31192970772599904, '_a5_': -2.9483692489278, '_a0_': 1.0, '_a1_': 1.0, '_a4_': 1.0, '_a6_': 1.0, '_a7_': 1.0}};{'d0': 0.024905832919416598};-280.569866449044;30.996631039003983
9541;-109.288302185518;(((pow2((_a3_ + x)) + _a2_) + _a5_) * (x * _a2_));{'d0': {'_a2_': 3.3767608769576816, '_a3_': 0.31192970772599904, '_a5_': -2.9483692489278, '_a0_': 1.0, '_a1_': 1.0, '_a4_': 1.0, '_a6_': 1.0, '_a7_': 1.0}};{'d0': 0.024905832919416598};-280.569866449044;30.996631039003983
9542;-109.288302185518;(((pow2((_a3_ + x)) + _a2_) + _a5_) * (x * _a2_));{'d0': {'_a2_': 3.3767608769576816, '_a3_': 0.31192970772599904, '_a5_': -2.9483692489278, '_a0_': 1.0, '_a1_': 1.0, '_a4_': 1.0, '_a6_': 1.0, '_a7_': 1.0}};{'d0': 0.024905832919416598};-280.569866449044;30.996631039003983
9543;-109.288302185518;(((pow2((_a3_ + x)) + _a2_) + _a5_) * (x * _a2_));{'d0': {'_a2_': 3.3767608769576816, '_a3_': 0.31192970772599904, '_a5_': -2.9483692489278, '_a0_': 1.0, '_a1_': 1.0, '_a4_': 1.0, '_a6_': 1.0, '_a7_': 1.0}};{'d0': 0.024905832919416598};-280.569866449044;30.996631039003983
9544;-109.288302185518;(((pow2((_a3_ + x)) + _a2_) + _a5_) * (x * _a2_));{'d0': {'_a2_': 3.3767608769576816, '_a3_': 0.31192970772599904, '_a5_': -2.9483692489278, '_a0_': 1.0, '_a1_': 1.0, '_a4_': 1.0, '_a6_': 1.0, '_a7_': 1.0}};{'d0': 0.024905832919416598};-280.569866449044;30.996631039003983
9545;-109.288302185518;(((pow2((_a3_ + x)) + _a2_) + _a5_) * (x * _a2_));{'d0': {'_a2_': 3.3767608769576816, '_a3_': 0.31192970772599904, '_a5_': -2.9483692489278, '_a0_': 1.0, '_a1_': 1.0, '_a4_': 1.0, '_a6_': 1.0, '_a7_': 1.0}};{'d0': 0.024905832919416598};-280.569866449044;30.996631039003983
9546;-109.288302185518;(((pow2((_a3_ + x)) + _a2_) + _a5_) * (x * _a2_));{'d0': {'_a2_': 3.3767608769576816, '_a3_': 0.31192970772599904, '_a5_': -2.9483692489278, '_a0_': 1.0, '_a1_': 1.0, '_a4_': 1.0, '_a6_': 1.0, '_a7_': 1.0}};{'d0': 0.024905832919416598};-280.569866449044;30.996631039003983
9547;-99.5822889035533;(((((x * _a4_) * (x + _a1_)) * _a2_) + (pow2(_a4_) / _a1_)) * x);{'d0': {'_a1_': 0.6238594154329765, '_a2_': 3.2087892775613107, '_a4_': 1.052347345438154, '_a0_': 1.0, '_a3_': 1.0, '_a5_': 1.0, '_a6_': 1.0, '_a7_': 1.0}};{'d0': 0.024905832919416657};-280.569866449044;40.7026443209684
9548;-99.5822889035533;(((((x * _a4_) * (x + _a1_)) * _a2_) + (pow2(_a4_) / _a1_)) * x);{'d0': {'_a1_': 0.6238594154329765, '_a2_': 3.2087892775613107, '_a4_': 1.052347345438154, '_a0_': 1.0, '_a3_': 1.0, '_a5_': 1.0, '_a6_': 1.0, '_a7_': 1.0}};{'d0': 0.024905832919416657};-280.569866449044;40.7026443209684
9549;-99.5822889035533;(((((x * _a4_) * (x + _a1_)) * _a2_) + (pow2(_a4_) / _a1_)) * x);{'d0': {'_a1_': 0.6238594154329765, '_a2_': 3.2087892775613107, '_a4_': 1.052347345438154, '_a0_': 1.0, '_a3_': 1.0, '_a5_': 1.0, '_a6_': 1.0, '_a7_': 1.0}};{'d0': 0.024905832919416657};-280.569866449044;40.7026443209684
9550;-99.5822889035533;(((((x * _a4_) * (x + _a1_)) * _a2_) + (pow2(_a4_) / _a1_)) * x);{'d0': {'_a1_': 0.6238594154329765, '_a2_': 3.2087892775613107, '_a4_': 1.052347345438154, '_a0_': 1.0, '_a3_': 1.0, '_a5_': 1.0, '_a6_': 1.0, '_a7_': 1.0}};{'d0': 0.024905832919416657};-280.569866449044;40.7026443209684
9551;-99.5822889035533;(((((x * _a4_) * (x + _a1_)) * _a2_) + (pow2(_a4_) / _a1_)) * x);{'d0': {'_a1_': 0.6238594154329765, '_a2_': 3.2087892775613107, '_a4_': 1.052347345438154, '_a0_': 1.0, '_a3_': 1.0, '_a5_': 1.0, '_a6_': 1.0, '_a7_': 1.0}};{'d0': 0.024905832919416657};-280.569866449044;40.7026443209684
9552;-99.5822889035533;(((((x * _a4_) * (x + _a1_)) * _a2_) + (pow2(_a4_) / _a1_)) * x);{'d0': {'_a1_': 0.6238594154329765, '_a2_': 3.2087892775613107, '_a4_': 1.052347345438154, '_a0_': 1.0, '_a3_': 1.0, '_a5_': 1.0, '_a6_': 1.0, '_a7_': 1.0}};{'d0': 0.024905832919416657};-280.569866449044;40.7026443209684
9553;-109.288302185518;(((pow2((_a3_ + x)) + _a2_) + _a5_) * (x * _a2_));{'d0': {'_a2_': 3.3767608769576816, '_a3_': 0.31192970772599904, '_a5_': -2.9483692489278, '_a0_': 1.0, '_a1_': 1.0, '_a4_': 1.0, '_a6_': 1.0, '_a7_': 1.0}};{'d0': 0.024905832919416598};-280.569866449044;30.996631039003983
9554;-109.288302185518;(((pow2((_a3_ + x)) + _a2_) + _a5_) * (x * _a2_));{'d0': {'_a2_': 3.3767608769576816, '_a3_': 0.31192970772599904, '_a5_': -2.9483692489278, '_a0_': 1.0, '_a1_': 1.0, '_a4_': 1.0, '_a6_': 1.0, '_a7_': 1.0}};{'d0': 0.024905832919416598};-280.569866449044;30.996631039003983
9555;-109.288302185518;(((pow2((_a3_ + x)) + _a2_) + _a5_) * (x * _a2_));{'d0': {'_a2_': 3.3767608769576816, '_a3_': 0.31192970772599904, '_a5_': -2.9483692489278, '_a0_': 1.0, '_a1_': 1.0, '_a4_': 1.0, '_a6_': 1.0, '_a7_': 1.0}};{'d0': 0.024905832919416598};-280.569866449044;30.996631039003983
9556;-109.288302185518;(((pow2((_a3_ + x)) + _a2_) + _a5_) * (x * _a2_));{'d0': {'_a2_': 3.3767608769576816, '_a3_': 0.31192970772599904, '_a5_': -2.9483692489278, '_a0_': 1.0, '_a1_': 1.0, '_a4_': 1.0, '_a6_': 1.0, '_a7_': 1.0}};{'d0': 0.024905832919416598};-280.569866449044;30.996631039003983
9557;-109.288302185518;(((pow2((_a3_ + x)) + _a2_) + _a5_) * (x * _a2_));{'d0': {'_a2_': 3.3767608769576816, '_a3_': 0.31192970772599904, '_a5_': -2.9483692489278, '_a0_': 1.0, '_a1_': 1.0, '_a4_': 1.0, '_a6_': 1.0, '_a7_': 1.0}};{'d0': 0.024905832919416598};-280.569866449044;30.996631039003983
9558;-109.288302185518;(((pow2((_a3_ + x)) + _a2_) + _a5_) * (x * _a2_));{'d0': {'_a2_': 3.3767608769576816, '_a3_': 0.31192970772599904, '_a5_': -2.9483692489278, '_a0_': 1.0, '_a1_': 1.0, '_a4_': 1.0, '_a6_': 1.0, '_a7_': 1.0}};{'d0': 0.024905832919416598};-280.569866449044;30.996631039003983
9559;-109.288302185518;(((pow2((_a3_ + x)) + _a2_) + _a5_) * (x * _a2_));{'d0': {'_a2_': 3.3767608769576816, '_a3_': 0.31192970772599904, '_a5_': -2.9483692489278, '_a0_': 1.0, '_a1_': 1.0, '_a4_': 1.0, '_a6_': 1.0, '_a7_': 1.0}};{'d0': 0.024905832919416598};-280.569866449044;30.996631039003983
9560;-109.288302185518;(((pow2((_a3_ + x)) + _a2_) + _a5_) * (x * _a2_));{'d0': {'_a2_': 3.3767608769576816, '_a3_': 0.31192970772599904, '_a5_': -2.9483692489278, '_a0_': 1.0, '_a1_': 1.0, '_a4_': 1.0, '_a6_': 1.0, '_a7_': 1.0}};{'d0': 0.024905832919416598};-280.569866449044;30.996631039003983
9561;-109.288302185518;(((pow2((_a3_ + x)) + _a2_) + _a5_) * (x * _a2_));{'d0': {'_a2_': 3.3767608769576816, '_a3_': 0.31192970772599904, '_a5_': -2.9483692489278, '_a0_': 1.0, '_a1_': 1.0, '_a4_': 1.0, '_a6_': 1.0, '_a7_': 1.0}};{'d0': 0.024905832919416598};-280.569866449044;30.996631039003983
9562;-109.288302185518;(((pow2((_a3_ + x)) + _a2_) + _a5_) * (x * _a2_));{'d0': {'_a2_': 3.3767608769576816, '_a3_': 0.31192970772599904, '_a5_': -2.9483692489278, '_a0_': 1.0, '_a1_': 1.0, '_a4_': 1.0, '_a6_': 1.0, '_a7_': 1.0}};{'d0': 0.024905832919416598};-280.569866449044;30.996631039003983
9563;-109.288302185518;(((pow2((_a3_ + x)) + _a2_) + _a5_) * (x * _a2_));{'d0': {'_a2_': 3.3767608769576816, '_a3_': 0.31192970772599904, '_a5_': -2.9483692489278, '_a0_': 1.0, '_a1_': 1.0, '_a4_': 1.0, '_a6_': 1.0, '_a7_': 1.0}};{'d0': 0.024905832919416598};-280.569866449044;30.996631039003983
9564;-109.288302185518;(((pow2((_a3_ + x)) + _a2_) + _a5_) * (x * _a2_));{'d0': {'_a2_': 3.3767608769576816, '_a3_': 0.31192970772599904, '_a5_': -2.9483692489278, '_a0_': 1.0, '_a1_': 1.0, '_a4_': 1.0, '_a6_': 1.0, '_a7_': 1.0}};{'d0': 0.024905832919416598};-280.569866449044;30.996631039003983
9565;-109.288302185518;(((pow2((_a3_ + x)) + _a2_) + _a5_) * (x * _a2_));{'d0': {'_a2_': 3.3767608769576816, '_a3_': 0.31192970772599904, '_a5_': -2.9483692489278, '_a0_': 1.0, '_a1_': 1.0, '_a4_': 1.0, '_a6_': 1.0, '_a7_': 1.0}};{'d0': 0.024905832919416598};-280.569866449044;30.996631039003983
9566;-109.288302185518;(((pow2((_a3_ + x)) + _a2_) + _a5_) * (x * _a2_));{'d0': {'_a2_': 3.3767608769576816, '_a3_': 0.31192970772599904, '_a5_': -2.9483692489278, '_a0_': 1.0, '_a1_': 1.0, '_a4_': 1.0, '_a6_': 1.0, '_a7_': 1.0}};{'d0': 0.024905832919416598};-280.569866449044;30.996631039003983
9567;-109.288302185518;(((pow2((_a3_ + x)) + _a2_) + _a0_) * (x * _a2_));{'d0': {'_a0_': -2.9483692506403036, '_a2_': 3.376760878458402, '_a3_': 0.31192970786736235, '_a1_': 1.0, '_a4_': 1.0, '_a5_': 1.0, '_a6_': 1.0, '_a7_': 1.0}};{'d0': 0.02490583291941672};-280.569866449043;30.996631039003983
9568;-109.288302185518;(((pow2((_a3_ + x)) + _a2_) + _a0_) * (x * _a2_));{'d0': {'_a0_': -2.9483692506403036, '_a2_': 3.376760878458402, '_a3_': 0.31192970786736235, '_a1_': 1.0, '_a4_': 1.0, '_a5_': 1.0, '_a6_': 1.0, '_a7_': 1.0}};{'d0': 0.02490583291941672};-280.569866449043;30.996631039003983
9569;-109.288302185518;(((pow2((_a3_ + x)) + _a2_) + _a0_) * (x * _a2_));{'d0': {'_a0_': -2.9483692506403036, '_a2_': 3.376760878458402, '_a3_': 0.31192970786736235, '_a1_': 1.0, '_a4_': 1.0, '_a5_': 1.0, '_a6_': 1.0, '_a7_': 1.0}};{'d0': 0.02490583291941672};-280.569866449043;30.996631039003983
9570;-109.288302185518;(((pow2((_a3_ + x)) + _a2_) + _a0_) * (x * _a2_));{'d0': {'_a0_': -2.9483692506403036, '_a2_': 3.376760878458402, '_a3_': 0.31192970786736235, '_a1_': 1.0, '_a4_': 1.0, '_a5_': 1.0, '_a6_': 1.0, '_a7_': 1.0}};{'d0': 0.02490583291941672};-280.569866449043;30.996631039003983
9571;-109.288302185518;(((pow2((_a3_ + x)) + _a2_) + _a0_) * (x * _a2_));{'d0': {'_a0_': -2.9483692506403036, '_a2_': 3.376760878458402, '_a3_': 0.31192970786736235, '_a1_': 1.0, '_a4_': 1.0, '_a5_': 1.0, '_a6_': 1.0, '_a7_': 1.0}};{'d0': 0.02490583291941672};-280.569866449043;30.996631039003983
9572;-109.288302185518;(((pow2((_a3_ + x)) + _a2_) + _a0_) * (x * _a2_));{'d0': {'_a0_': -2.9483692506403036, '_a2_': 3.376760878458402, '_a3_': 0.31192970786736235, '_a1_': 1.0, '_a4_': 1.0, '_a5_': 1.0, '_a6_': 1.0, '_a7_': 1.0}};{'d0': 0.02490583291941672};-280.569866449043;30.996631039003983
9573;-109.288302185518;(((pow2((_a3_ + x)) + _a2_) + _a0_) * (x * _a2_));{'d0': {'_a0_': -2.9483692506403036, '_a2_': 3.376760878458402, '_a3_': 0.31192970786736235, '_a1_': 1.0, '_a4_': 1.0, '_a5_': 1.0, '_a6_': 1.0, '_a7_': 1.0}};{'d0': 0.02490583291941672};-280.569866449043;30.996631039003983
9574;-109.288302185518;(((pow2((_a3_ + x)) + _a2_) + _a0_) * (x * _a2_));{'d0': {'_a0_': -2.9483692506403036, '_a2_': 3.376760878458402, '_a3_': 0.31192970786736235, '_a1_': 1.0, '_a4_': 1.0, '_a5_': 1.0, '_a6_': 1.0, '_a7_': 1.0}};{'d0': 0.02490583291941672};-280.569866449043;30.996631039003983
9575;-110.331920595413;(((pow2((_a3_ + x)) * _a2_) + _a0_) * (x * _a2_));{'d0': {'_a0_': 0.7872109541300936, '_a2_': 1.8375964946079886, '_a3_': 0.3119297078110508, '_a1_': 1.0, '_a4_': 1.0, '_a5_': 1.0, '_a6_': 1.0, '_a7_': 1.0}};{'d0': 0.024905832919416608};-280.569866449044;29.953012629108983
9576;-110.331920595413;(((pow2((_a3_ + x)) * _a2_) + _a0_) * (x * _a2_));{'d0': {'_a0_': 0.7872109541300936, '_a2_': 1.8375964946079886, '_a3_': 0.3119297078110508, '_a1_': 1.0, '_a4_': 1.0, '_a5_': 1.0, '_a6_': 1.0, '_a7_': 1.0}};{'d0': 0.024905832919416608};-280.569866449044;29.953012629108983
9577;-110.331920595413;(((pow2((_a3_ + x)) * _a2_) + _a0_) * (x * _a2_));{'d0': {'_a0_': 0.7872109541300936, '_a2_': 1.8375964946079886, '_a3_': 0.3119297078110508, '_a1_': 1.0, '_a4_': 1.0, '_a5_': 1.0, '_a6_': 1.0, '_a7_': 1.0}};{'d0': 0.024905832919416608};-280.569866449044;29.953012629108983
9578;-110.331920595413;(((pow2((_a3_ + x)) * _a2_) + _a0_) * (x * _a2_));{'d0': {'_a0_': 0.7872109541300936, '_a2_': 1.8375964946079886, '_a3_': 0.3119297078110508, '_a1_': 1.0, '_a4_': 1.0, '_a5_': 1.0, '_a6_': 1.0, '_a7_': 1.0}};{'d0': 0.024905832919416608};-280.569866449044;29.953012629108983
9579;-110.331920595413;(((pow2((_a3_ + x)) * _a2_) + _a0_) * (x * _a2_));{'d0': {'_a0_': 0.7872109541300936, '_a2_': 1.8375964946079886, '_a3_': 0.3119297078110508, '_a1_': 1.0, '_a4_': 1.0, '_a5_': 1.0, '_a6_': 1.0, '_a7_': 1.0}};{'d0': 0.024905832919416608};-280.569866449044;29.953012629108983
9580;-110.331920595413;(((pow2((_a3_ + x)) * _a2_) + _a0_) * (x * _a2_));{'d0': {'_a0_': 0.7872109541300936, '_a2_': 1.8375964946079886, '_a3_': 0.3119297078110508, '_a1_': 1.0, '_a4_': 1.0, '_a5_': 1.0, '_a6_': 1.0, '_a7_': 1.0}};{'d0': 0.024905832919416608};-280.569866449044;29.953012629108983
9581;-110.331920595413;(((pow2((_a3_ + x)) * _a2_) + _a0_) * (x * _a2_));{'d0': {'_a0_': 0.7872109541300936, '_a2_': 1.8375964946079886, '_a3_': 0.3119297078110508, '_a1_': 1.0, '_a4_': 1.0, '_a5_': 1.0, '_a6_': 1.0, '_a7_': 1.0}};{'d0': 0.024905832919416608};-280.569866449044;29.953012629108983
9582;-110.331920595413;(((pow2((_a3_ + x)) * _a2_) + _a0_) * (x * _a2_));{'d0': {'_a0_': 0.7872109541300936, '_a2_': 1.8375964946079886, '_a3_': 0.3119297078110508, '_a1_': 1.0, '_a4_': 1.0, '_a5_': 1.0, '_a6_': 1.0, '_a7_': 1.0}};{'d0': 0.024905832919416608};-280.569866449044;29.953012629108983
9583;-110.331920595413;(((pow2((_a3_ + x)) * _a2_) + _a0_) * (x * _a2_));{'d0': {'_a0_': 0.7872109541300936, '_a2_': 1.8375964946079886, '_a3_': 0.3119297078110508, '_a1_': 1.0, '_a4_': 1.0, '_a5_': 1.0, '_a6_': 1.0, '_a7_': 1.0}};{'d0': 0.024905832919416608};-280.569866449044;29.953012629108983
9584;-110.331920595413;(((pow2((_a3_ + x)) * _a2_) + _a0_) * (x * _a2_));{'d0': {'_a0_': 0.7872109541300936, '_a2_': 1.8375964946079886, '_a3_': 0.3119297078110508, '_a1_': 1.0, '_a4_': 1.0, '_a5_': 1.0, '_a6_': 1.0, '_a7_': 1.0}};{'d0': 0.024905832919416608};-280.569866449044;29.953012629108983
9585;-110.331920595413;(((pow2((_a3_ + x)) * _a2_) + _a0_) * (x * _a2_));{'d0': {'_a0_': 0.7872109541300936, '_a2_': 1.8375964946079886, '_a3_': 0.3119297078110508, '_a1_': 1.0, '_a4_': 1.0, '_a5_': 1.0, '_a6_': 1.0, '_a7_': 1.0}};{'d0': 0.024905832919416608};-280.569866449044;29.953012629108983
9586;-110.331920595413;(((pow2((_a3_ + x)) * _a2_) + _a0_) * (x * _a2_));{'d0': {'_a0_': 0.7872109541300936, '_a2_': 1.8375964946079886, '_a3_': 0.3119297078110508, '_a1_': 1.0, '_a4_': 1.0, '_a5_': 1.0, '_a6_': 1.0, '_a7_': 1.0}};{'d0': 0.024905832919416608};-280.569866449044;29.953012629108983
9587;-110.331920595413;(((pow2((_a3_ + x)) * _a2_) + _a0_) * (x * _a2_));{'d0': {'_a0_': 0.7872109541300936, '_a2_': 1.8375964946079886, '_a3_': 0.3119297078110508, '_a1_': 1.0, '_a4_': 1.0, '_a5_': 1.0, '_a6_': 1.0, '_a7_': 1.0}};{'d0': 0.024905832919416608};-280.569866449044;29.953012629108983
9588;-110.331920595413;(((pow2((_a3_ + x)) * _a2_) + _a0_) * (x * _a2_));{'d0': {'_a0_': 0.7872109541300936, '_a2_': 1.8375964946079886, '_a3_': 0.3119297078110508, '_a1_': 1.0, '_a4_': 1.0, '_a5_': 1.0, '_a6_': 1.0, '_a7_': 1.0}};{'d0': 0.024905832919416608};-280.569866449044;29.953012629108983
9589;-110.331920595413;(((pow2((_a3_ + x)) * _a2_) + _a0_) * (x * _a2_));{'d0': {'_a0_': 0.7872109541300936, '_a2_': 1.8375964946079886, '_a3_': 0.3119297078110508, '_a1_': 1.0, '_a4_': 1.0, '_a5_': 1.0, '_a6_': 1.0, '_a7_': 1.0}};{'d0': 0.024905832919416608};-280.569866449044;29.953012629108983
9590;-110.331920595413;(((pow2((_a3_ + x)) * _a2_) + _a0_) * (x * _a2_));{'d0': {'_a0_': 0.7872109541300936, '_a2_': 1.8375964946079886, '_a3_': 0.3119297078110508, '_a1_': 1.0, '_a4_': 1.0, '_a5_': 1.0, '_a6_': 1.0, '_a7_': 1.0}};{'d0': 0.024905832919416608};-280.569866449044;29.953012629108983
9591;-110.331920595413;(((pow2((_a3_ + x)) * _a2_) + _a0_) * (x * _a2_));{'d0': {'_a0_': 0.7872109541300936, '_a2_': 1.8375964946079886, '_a3_': 0.3119297078110508, '_a1_': 1.0, '_a4_': 1.0, '_a5_': 1.0, '_a6_': 1.0, '_a7_': 1.0}};{'d0': 0.024905832919416608};-280.569866449044;29.953012629108983
9592;-102.388670118514;(((_a5_ * _a2_) + pow2((_a4_ + x))) * (_a7_ + (_a5_ * x)));{'d0': {'_a2_': 0.12633159239021444, '_a4_': 0.31256395135791515, '_a5_': 3.382518216536087, '_a7_': -0.0019507910011274598, '_a0_': 1.0, '_a1_': 1.0, '_a3_': 1.0, '_a6_': 1.0}};{'d0': 0.024885482501869415};-276.524567593306;35.87361367813905
9593;-102.388670118514;(((_a5_ * _a2_) + pow2((_a4_ + x))) * (_a7_ + (_a5_ * x)));{'d0': {'_a2_': 0.12633159239021444, '_a4_': 0.31256395135791515, '_a5_': 3.382518216536087, '_a7_': -0.0019507910011274598, '_a0_': 1.0, '_a1_': 1.0, '_a3_': 1.0, '_a6_': 1.0}};{'d0': 0.024885482501869415};-276.524567593306;35.87361367813905
9594;-103.335408388079;(((_a5_ * _a2_) + pow2((_a4_ + x))) * (_a7_ * (_a5_ * x)));{'d0': {'_a2_': 0.011621625739804064, '_a4_': 0.3119297078051254, '_a5_': 36.861590189172084, '_a7_': 0.09160648467175146, '_a0_': 1.0, '_a1_': 1.0, '_a3_': 1.0, '_a6_': 1.0}};{'d0': 0.02490583292005229};-276.475521885290;34.90235255456605
9595;-103.335408388079;(((_a5_ * _a2_) + pow2((_a4_ + x))) * (_a7_ * (_a5_ * x)));{'d0': {'_a2_': 0.011621625739804064, '_a4_': 0.3119297078051254, '_a5_': 36.861590189172084, '_a7_': 0.09160648467175146, '_a0_': 1.0, '_a1_': 1.0, '_a3_': 1.0, '_a6_': 1.0}};{'d0': 0.02490583292005229};-276.475521885290;34.90235255456605
9596;-103.335408388079;(((_a5_ * _a2_) + pow2((_a4_ + x))) * (_a7_ * (_a5_ * x)));{'d0': {'_a2_': 0.011621625739804064, '_a4_': 0.3119297078051254, '_a5_': 36.861590189172084, '_a7_': 0.09160648467175146, '_a0_': 1.0, '_a1_': 1.0, '_a3_': 1.0, '_a6_': 1.0}};{'d0': 0.02490583292005229};-276.475521885290;34.90235255456605
9597;-103.335408388079;(((_a5_ * _a2_) + pow2((_a4_ + x))) * (_a7_ * (_a5_ * x)));{'d0': {'_a2_': 0.011621625739804064, '_a4_': 0.3119297078051254, '_a5_': 36.861590189172084, '_a7_': 0.09160648467175146, '_a0_': 1.0, '_a1_': 1.0, '_a3_': 1.0, '_a6_': 1.0}};{'d0': 0.02490583292005229};-276.475521885290;34.90235255456605
9598;-103.335408388079;(((_a5_ * _a2_) + pow2((_a4_ + x))) * (_a7_ * (_a5_ * x)));{'d0': {'_a2_': 0.011621625739804064, '_a4_': 0.3119297078051254, '_a5_': 36.861590189172084, '_a7_': 0.09160648467175146, '_a0_': 1.0, '_a1_': 1.0, '_a3_': 1.0, '_a6_': 1.0}};{'d0': 0.02490583292005229};-276.475521885290;34.90235255456605
9599;-103.335408388079;(((_a5_ * _a2_) + pow2((_a4_ + x))) * (_a7_ * (_a5_ * x)));{'d0': {'_a2_': 0.011621625739804064, '_a4_': 0.3119297078051254, '_a5_': 36.861590189172084, '_a7_': 0.09160648467175146, '_a0_': 1.0, '_a1_': 1.0, '_a3_': 1.0, '_a6_': 1.0}};{'d0': 0.02490583292005229};-276.475521885290;34.90235255456605
9600;-103.335408388079;(((_a5_ * _a2_) + pow2((_a4_ + x))) * (_a7_ * (_a5_ * x)));{'d0': {'_a2_': 0.011621625739804064, '_a4_': 0.3119297078051254, '_a5_': 36.861590189172084, '_a7_': 0.09160648467175146, '_a0_': 1.0, '_a1_': 1.0, '_a3_': 1.0, '_a6_': 1.0}};{'d0': 0.02490583292005229};-276.475521885290;34.90235255456605
9601;-110.331920595413;(((pow2((_a3_ + x)) * _a2_) + _a0_) * (x * _a2_));{'d0': {'_a0_': 0.7872109541300936, '_a2_': 1.8375964946079886, '_a3_': 0.3119297078110508, '_a1_': 1.0, '_a4_': 1.0, '_a5_': 1.0, '_a6_': 1.0, '_a7_': 1.0}};{'d0': 0.024905832919416608};-280.569866449044;29.953012629108983
9602;-110.331920595413;(((pow2((_a3_ + x)) * _a2_) + _a0_) * (x * _a2_));{'d0': {'_a0_': 0.7872109541300936, '_a2_': 1.8375964946079886, '_a3_': 0.3119297078110508, '_a1_': 1.0, '_a4_': 1.0, '_a5_': 1.0, '_a6_': 1.0, '_a7_': 1.0}};{'d0': 0.024905832919416608};-280.569866449044;29.953012629108983
9603;-110.331920595413;(((pow2((_a3_ + x)) * _a2_) + _a0_) * (x * _a2_));{'d0': {'_a0_': 0.7872109541300936, '_a2_': 1.8375964946079886, '_a3_': 0.3119297078110508, '_a1_': 1.0, '_a4_': 1.0, '_a5_': 1.0, '_a6_': 1.0, '_a7_': 1.0}};{'d0': 0.024905832919416608};-280.569866449044;29.953012629108983
9604;-110.331920595413;(((pow2((_a3_ + x)) * _a2_) + _a0_) * (x * _a2_));{'d0': {'_a0_': 0.7872109541300936, '_a2_': 1.8375964946079886, '_a3_': 0.3119297078110508, '_a1_': 1.0, '_a4_': 1.0, '_a5_': 1.0, '_a6_': 1.0, '_a7_': 1.0}};{'d0': 0.024905832919416608};-280.569866449044;29.953012629108983
9605;-110.331920595413;(((pow2((_a3_ + x)) * _a2_) + _a0_) * (x * _a2_));{'d0': {'_a0_': 0.7872109541300936, '_a2_': 1.8375964946079886, '_a3_': 0.3119297078110508, '_a1_': 1.0, '_a4_': 1.0, '_a5_': 1.0, '_a6_': 1.0, '_a7_': 1.0}};{'d0': 0.024905832919416608};-280.569866449044;29.953012629108983
9606;-110.331920595413;(((pow2((_a3_ + x)) * _a2_) + _a0_) * (x * _a2_));{'d0': {'_a0_': 0.7872109541300936, '_a2_': 1.8375964946079886, '_a3_': 0.3119297078110508, '_a1_': 1.0, '_a4_': 1.0, '_a5_': 1.0, '_a6_': 1.0, '_a7_': 1.0}};{'d0': 0.024905832919416608};-280.569866449044;29.953012629108983
9607;-110.331920595413;(((pow2((_a3_ + x)) * _a2_) + _a0_) * (x * _a2_));{'d0': {'_a0_': 0.7872109541300936, '_a2_': 1.8375964946079886, '_a3_': 0.3119297078110508, '_a1_': 1.0, '_a4_': 1.0, '_a5_': 1.0, '_a6_': 1.0, '_a7_': 1.0}};{'d0': 0.024905832919416608};-280.569866449044;29.953012629108983
9608;-110.331920595413;(((pow2((_a3_ + x)) * _a2_) + _a0_) * (x * _a2_));{'d0': {'_a0_': 0.7872109541300936, '_a2_': 1.8375964946079886, '_a3_': 0.3119297078110508, '_a1_': 1.0, '_a4_': 1.0, '_a5_': 1.0, '_a6_': 1.0, '_a7_': 1.0}};{'d0': 0.024905832919416608};-280.569866449044;29.953012629108983
9609;-110.331920595413;(((pow2((_a3_ + x)) * _a2_) + _a0_) * (x * _a2_));{'d0': {'_a0_': 0.7872109541300936, '_a2_': 1.8375964946079886, '_a3_': 0.3119297078110508, '_a1_': 1.0, '_a4_': 1.0, '_a5_': 1.0, '_a6_': 1.0, '_a7_': 1.0}};{'d0': 0.024905832919416608};-280.569866449044;29.953012629108983
9610;-110.331920595413;(((pow2((_a3_ + x)) * _a2_) + _a0_) * (x * _a2_));{'d0': {'_a0_': 0.7872109541300936, '_a2_': 1.8375964946079886, '_a3_': 0.3119297078110508, '_a1_': 1.0, '_a4_': 1.0, '_a5_': 1.0, '_a6_': 1.0, '_a7_': 1.0}};{'d0': 0.024905832919416608};-280.569866449044;29.953012629108983
9611;-110.331920595413;(((pow2((_a3_ + x)) * _a2_) + _a0_) * (x * _a2_));{'d0': {'_a0_': 0.7872109541300936, '_a2_': 1.8375964946079886, '_a3_': 0.3119297078110508, '_a1_': 1.0, '_a4_': 1.0, '_a5_': 1.0, '_a6_': 1.0, '_a7_': 1.0}};{'d0': 0.024905832919416608};-280.569866449044;29.953012629108983
9612;-110.331920595413;(((pow2((_a3_ + x)) * _a2_) + _a0_) * (x * _a2_));{'d0': {'_a0_': 0.7872109541300936, '_a2_': 1.8375964946079886, '_a3_': 0.3119297078110508, '_a1_': 1.0, '_a4_': 1.0, '_a5_': 1.0, '_a6_': 1.0, '_a7_': 1.0}};{'d0': 0.024905832919416608};-280.569866449044;29.953012629108983
9613;-110.331920595413;(((pow2((_a3_ + x)) * _a2_) + _a0_) * (x * _a2_));{'d0': {'_a0_': 0.7872109541300936, '_a2_': 1.8375964946079886, '_a3_': 0.3119297078110508, '_a1_': 1.0, '_a4_': 1.0, '_a5_': 1.0, '_a6_': 1.0, '_a7_': 1.0}};{'d0': 0.024905832919416608};-280.569866449044;29.953012629108983
9614;-110.331920595413;(((pow2((_a3_ + x)) * _a2_) + _a0_) * (x * _a2_));{'d0': {'_a0_': 0.7872109541300936, '_a2_': 1.8375964946079886, '_a3_': 0.3119297078110508, '_a1_': 1.0, '_a4_': 1.0, '_a5_': 1.0, '_a6_': 1.0, '_a7_': 1.0}};{'d0': 0.024905832919416608};-280.569866449044;29.953012629108983
9615;-110.331920595413;(((pow2((_a3_ + x)) * _a2_) + _a0_) * (x * _a2_));{'d0': {'_a0_': 0.7872109541300936, '_a2_': 1.8375964946079886, '_a3_': 0.3119297078110508, '_a1_': 1.0, '_a4_': 1.0, '_a5_': 1.0, '_a6_': 1.0, '_a7_': 1.0}};{'d0': 0.024905832919416608};-280.569866449044;29.953012629108983
9616;-110.331920595413;(((pow2((_a3_ + x)) * _a2_) + _a0_) * (x * _a2_));{'d0': {'_a0_': 0.7872109541300936, '_a2_': 1.8375964946079886, '_a3_': 0.3119297078110508, '_a1_': 1.0, '_a4_': 1.0, '_a5_': 1.0, '_a6_': 1.0, '_a7_': 1.0}};{'d0': 0.024905832919416608};-280.569866449044;29.953012629108983
9617;-110.331920595413;(((pow2((_a3_ + x)) * _a2_) + _a0_) * (x * _a2_));{'d0': {'_a0_': 0.7872109541300936, '_a2_': 1.8375964946079886, '_a3_': 0.3119297078110508, '_a1_': 1.0, '_a4_': 1.0, '_a5_': 1.0, '_a6_': 1.0, '_a7_': 1.0}};{'d0': 0.024905832919416608};-280.569866449044;29.953012629108983
9618;-110.331920595413;(((pow2((_a3_ + x)) * _a3_) + _a0_) * (x * _a2_));{'d0': {'_a0_': 0.13362807534959412, '_a2_': 10.825390441482131, '_a3_': 0.31192970783288915, '_a1_': 1.0, '_a4_': 1.0, '_a5_': 1.0, '_a6_': 1.0, '_a7_': 1.0}};{'d0': 0.02490583291941658};-280.569866449044;29.953012629108983
9619;-110.331920595413;(((pow2((_a3_ + x)) * _a3_) + _a0_) * (x * _a2_));{'d0': {'_a0_': 0.13362807534959412, '_a2_': 10.825390441482131, '_a3_': 0.31192970783288915, '_a1_': 1.0, '_a4_': 1.0, '_a5_': 1.0, '_a6_': 1.0, '_a7_': 1.0}};{'d0': 0.02490583291941658};-280.569866449044;29.953012629108983
9620;-110.331920595413;(((pow2((_a3_ + x)) * _a3_) + _a0_) * (x * _a2_));{'d0': {'_a0_': 0.13362807534959412, '_a2_': 10.825390441482131, '_a3_': 0.31192970783288915, '_a1_': 1.0, '_a4_': 1.0, '_a5_': 1.0, '_a6_': 1.0, '_a7_': 1.0}};{'d0': 0.02490583291941658};-280.569866449044;29.953012629108983
9621;-110.331920595413;(((pow2((_a3_ + x)) * _a3_) + _a0_) * (x * _a2_));{'d0': {'_a0_': 0.13362807534959412, '_a2_': 10.825390441482131, '_a3_': 0.31192970783288915, '_a1_': 1.0, '_a4_': 1.0, '_a5_': 1.0, '_a6_': 1.0, '_a7_': 1.0}};{'d0': 0.02490583291941658};-280.569866449044;29.953012629108983
9622;-110.331920595413;(((pow2((_a3_ + x)) * _a3_) + _a0_) * (x * _a2_));{'d0': {'_a0_': 0.13362807534959412, '_a2_': 10.825390441482131, '_a3_': 0.31192970783288915, '_a1_': 1.0, '_a4_': 1.0, '_a5_': 1.0, '_a6_': 1.0, '_a7_': 1.0}};{'d0': 0.02490583291941658};-280.569866449044;29.953012629108983
9623;-110.331920595413;(((pow2((_a3_ + x)) * _a3_) + _a0_) * (x * _a2_));{'d0': {'_a0_': 0.13362807534959412, '_a2_': 10.825390441482131, '_a3_': 0.31192970783288915, '_a1_': 1.0, '_a4_': 1.0, '_a5_': 1.0, '_a6_': 1.0, '_a7_': 1.0}};{'d0': 0.02490583291941658};-280.569866449044;29.953012629108983
9624;-101.570830337773;((sinh(_a7_) + pow2((_a4_ + x))) * (_a7_ * (_a5_ * x)));{'d0': {'_a4_': 0.3119297076793801, '_a5_': 8.112036253391592, '_a7_': 0.4162655063987562, '_a0_': 1.0, '_a1_': 1.0, '_a2_': 1.0, '_a3_': 1.0, '_a6_': 1.0}};{'d0': 0.02490583291941663};-280.569866449044;38.71410288674905
9625;-101.570830337773;((sinh(_a7_) + pow2((_a4_ + x))) * (_a7_ * (_a5_ * x)));{'d0': {'_a4_': 0.3119297076793801, '_a5_': 8.112036253391592, '_a7_': 0.4162655063987562, '_a0_': 1.0, '_a1_': 1.0, '_a2_': 1.0, '_a3_': 1.0, '_a6_': 1.0}};{'d0': 0.02490583291941663};-280.569866449044;38.71410288674905
9626;-101.570830337773;((sinh(_a7_) + pow2((_a4_ + x))) * (_a7_ * (_a5_ * x)));{'d0': {'_a4_': 0.3119297076793801, '_a5_': 8.112036253391592, '_a7_': 0.4162655063987562, '_a0_': 1.0, '_a1_': 1.0, '_a2_': 1.0, '_a3_': 1.0, '_a6_': 1.0}};{'d0': 0.02490583291941663};-280.569866449044;38.71410288674905
9627;-101.570830337773;((sinh(_a7_) + pow2((_a4_ + x))) * (_a7_ * (_a5_ * x)));{'d0': {'_a4_': 0.3119297076793801, '_a5_': 8.112036253391592, '_a7_': 0.4162655063987562, '_a0_': 1.0, '_a1_': 1.0, '_a2_': 1.0, '_a3_': 1.0, '_a6_': 1.0}};{'d0': 0.02490583291941663};-280.569866449044;38.71410288674905
9628;-101.570830337773;((sinh(_a7_) + pow2((_a4_ + x))) * (_a7_ * (_a5_ * x)));{'d0': {'_a4_': 0.3119297076793801, '_a5_': 8.112036253391592, '_a7_': 0.4162655063987562, '_a0_': 1.0, '_a1_': 1.0, '_a2_': 1.0, '_a3_': 1.0, '_a6_': 1.0}};{'d0': 0.02490583291941663};-280.569866449044;38.71410288674905
9629;-101.570830337773;((sinh(_a7_) + pow2((_a4_ + x))) * (_a7_ * (_a5_ * x)));{'d0': {'_a4_': 0.3119297076793801, '_a5_': 8.112036253391592, '_a7_': 0.4162655063987562, '_a0_': 1.0, '_a1_': 1.0, '_a2_': 1.0, '_a3_': 1.0, '_a6_': 1.0}};{'d0': 0.02490583291941663};-280.569866449044;38.71410288674905
9630;-101.570830337773;((sinh(_a7_) + pow2((_a4_ + x))) * (_a7_ * (_a5_ * x)));{'d0': {'_a4_': 0.3119297076793801, '_a5_': 8.112036253391592, '_a7_': 0.4162655063987562, '_a0_': 1.0, '_a1_': 1.0, '_a2_': 1.0, '_a3_': 1.0, '_a6_': 1.0}};{'d0': 0.02490583291941663};-280.569866449044;38.71410288674905
9631;-101.570830337773;((sinh(_a7_) + pow2((_a4_ + x))) * (_a7_ * (_a5_ * x)));{'d0': {'_a4_': 0.3119297076793801, '_a5_': 8.112036253391592, '_a7_': 0.4162655063987562, '_a0_': 1.0, '_a1_': 1.0, '_a2_': 1.0, '_a3_': 1.0, '_a6_': 1.0}};{'d0': 0.02490583291941663};-280.569866449044;38.71410288674905
9632;-101.570830337773;((sinh(_a7_) + pow2((_a4_ + x))) * (_a7_ * (_a5_ * x)));{'d0': {'_a4_': 0.3119297076793801, '_a5_': 8.112036253391592, '_a7_': 0.4162655063987562, '_a0_': 1.0, '_a1_': 1.0, '_a2_': 1.0, '_a3_': 1.0, '_a6_': 1.0}};{'d0': 0.02490583291941663};-280.569866449044;38.71410288674905
9633;-110.331920595413;(((pow2((_a3_ + x)) * _a3_) + _a0_) * (x * _a2_));{'d0': {'_a0_': 0.13362807534959412, '_a2_': 10.825390441482131, '_a3_': 0.31192970783288915, '_a1_': 1.0, '_a4_': 1.0, '_a5_': 1.0, '_a6_': 1.0, '_a7_': 1.0}};{'d0': 0.02490583291941658};-280.569866449044;29.953012629108983
9634;-110.331920595413;(((pow2((_a3_ + x)) * _a3_) + _a0_) * (x * _a2_));{'d0': {'_a0_': 0.13362807534959412, '_a2_': 10.825390441482131, '_a3_': 0.31192970783288915, '_a1_': 1.0, '_a4_': 1.0, '_a5_': 1.0, '_a6_': 1.0, '_a7_': 1.0}};{'d0': 0.02490583291941658};-280.569866449044;29.953012629108983
9635;-110.331920595413;(((pow2((_a3_ + x)) * _a3_) + _a0_) * (x * _a2_));{'d0': {'_a0_': 0.13362807534959412, '_a2_': 10.825390441482131, '_a3_': 0.31192970783288915, '_a1_': 1.0, '_a4_': 1.0, '_a5_': 1.0, '_a6_': 1.0, '_a7_': 1.0}};{'d0': 0.02490583291941658};-280.569866449044;29.953012629108983
9636;-110.331920595413;(((pow2((_a3_ + x)) * _a3_) + _a0_) * (x * _a2_));{'d0': {'_a0_': 0.13362807534959412, '_a2_': 10.825390441482131, '_a3_': 0.31192970783288915, '_a1_': 1.0, '_a4_': 1.0, '_a5_': 1.0, '_a6_': 1.0, '_a7_': 1.0}};{'d0': 0.02490583291941658};-280.569866449044;29.953012629108983
9637;-110.331920595413;(((pow2((_a3_ + x)) * _a3_) + _a0_) * (x * _a2_));{'d0': {'_a0_': 0.13362807534959412, '_a2_': 10.825390441482131, '_a3_': 0.31192970783288915, '_a1_': 1.0, '_a4_': 1.0, '_a5_': 1.0, '_a6_': 1.0, '_a7_': 1.0}};{'d0': 0.02490583291941658};-280.569866449044;29.953012629108983
9638;-101.570830337773;((sinh(_a7_) + pow2((_a4_ + x))) * (_a7_ * (_a5_ * x)));{'d0': {'_a4_': 0.3119297076793801, '_a5_': 8.112036253391592, '_a7_': 0.4162655063987562, '_a0_': 1.0, '_a1_': 1.0, '_a2_': 1.0, '_a3_': 1.0, '_a6_': 1.0}};{'d0': 0.02490583291941663};-280.569866449044;38.71410288674905
9639;-103.307855075063;((abs(_a7_) + pow2((_a4_ + x))) * (_a7_ * (_a5_ * x)));{'d0': {'_a4_': 0.3119297078352695, '_a5_': 7.882415645530287, '_a7_': 0.42839162851734186, '_a0_': 1.0, '_a1_': 1.0, '_a2_': 1.0, '_a3_': 1.0, '_a6_': 1.0}};{'d0': 0.02490583291941666};-280.569866449044;36.977078149459054
9640;-103.307855075063;((abs(_a7_) + pow2((_a4_ + x))) * (_a7_ * (_a5_ * x)));{'d0': {'_a4_': 0.3119297078352695, '_a5_': 7.882415645530287, '_a7_': 0.42839162851734186, '_a0_': 1.0, '_a1_': 1.0, '_a2_': 1.0, '_a3_': 1.0, '_a6_': 1.0}};{'d0': 0.02490583291941666};-280.569866449044;36.977078149459054
9641;-110.331920595413;(((pow2((_a3_ + x)) * _a3_) + _a0_) * (x * _a2_));{'d0': {'_a0_': 0.13362807534959412, '_a2_': 10.825390441482131, '_a3_': 0.31192970783288915, '_a1_': 1.0, '_a4_': 1.0, '_a5_': 1.0, '_a6_': 1.0, '_a7_': 1.0}};{'d0': 0.02490583291941658};-280.569866449044;29.953012629108983
9642;-110.331920595413;(((pow2((_a3_ + x)) * _a3_) + _a0_) * (x * _a2_));{'d0': {'_a0_': 0.13362807534959412, '_a2_': 10.825390441482131, '_a3_': 0.31192970783288915, '_a1_': 1.0, '_a4_': 1.0, '_a5_': 1.0, '_a6_': 1.0, '_a7_': 1.0}};{'d0': 0.02490583291941658};-280.569866449044;29.953012629108983
9643;-110.331920595413;(((pow2((_a3_ + x)) * _a3_) + _a0_) * (x * _a2_));{'d0': {'_a0_': 0.13362807534959412, '_a2_': 10.825390441482131, '_a3_': 0.31192970783288915, '_a1_': 1.0, '_a4_': 1.0, '_a5_': 1.0, '_a6_': 1.0, '_a7_': 1.0}};{'d0': 0.02490583291941658};-280.569866449044;29.953012629108983
9644;-110.331920595413;(((pow2((_a3_ + x)) * _a3_) + _a0_) * (x * _a2_));{'d0': {'_a0_': 0.13362807534959412, '_a2_': 10.825390441482131, '_a3_': 0.31192970783288915, '_a1_': 1.0, '_a4_': 1.0, '_a5_': 1.0, '_a6_': 1.0, '_a7_': 1.0}};{'d0': 0.02490583291941658};-280.569866449044;29.953012629108983
9645;-110.331920595413;(((pow2((_a3_ + x)) * _a3_) + _a0_) * (x * _a2_));{'d0': {'_a0_': 0.13362807534959412, '_a2_': 10.825390441482131, '_a3_': 0.31192970783288915, '_a1_': 1.0, '_a4_': 1.0, '_a5_': 1.0, '_a6_': 1.0, '_a7_': 1.0}};{'d0': 0.02490583291941658};-280.569866449044;29.953012629108983
9646;-110.331920595413;(((pow2((_a3_ + x)) * _a3_) + _a0_) * (x * _a2_));{'d0': {'_a0_': 0.13362807534959412, '_a2_': 10.825390441482131, '_a3_': 0.31192970783288915, '_a1_': 1.0, '_a4_': 1.0, '_a5_': 1.0, '_a6_': 1.0, '_a7_': 1.0}};{'d0': 0.02490583291941658};-280.569866449044;29.953012629108983
9647;-110.331920595413;(((pow2((_a3_ + x)) * _a3_) + _a0_) * (x * _a2_));{'d0': {'_a0_': 0.13362807534959412, '_a2_': 10.825390441482131, '_a3_': 0.31192970783288915, '_a1_': 1.0, '_a4_': 1.0, '_a5_': 1.0, '_a6_': 1.0, '_a7_': 1.0}};{'d0': 0.02490583291941658};-280.569866449044;29.953012629108983
9648;-110.331920595413;(((pow2((_a3_ + x)) * _a3_) + _a0_) * (x * _a2_));{'d0': {'_a0_': 0.13362807534959412, '_a2_': 10.825390441482131, '_a3_': 0.31192970783288915, '_a1_': 1.0, '_a4_': 1.0, '_a5_': 1.0, '_a6_': 1.0, '_a7_': 1.0}};{'d0': 0.02490583291941658};-280.569866449044;29.953012629108983
9649;-110.331920595413;(((pow2((_a3_ + x)) * _a3_) + _a0_) * (x * _a2_));{'d0': {'_a0_': 0.13362807534959412, '_a2_': 10.825390441482131, '_a3_': 0.31192970783288915, '_a1_': 1.0, '_a4_': 1.0, '_a5_': 1.0, '_a6_': 1.0, '_a7_': 1.0}};{'d0': 0.02490583291941658};-280.569866449044;29.953012629108983
9650;-110.331920595413;(((pow2((_a3_ + x)) * _a3_) + _a0_) * (x * _a2_));{'d0': {'_a0_': 0.13362807534959412, '_a2_': 10.825390441482131, '_a3_': 0.31192970783288915, '_a1_': 1.0, '_a4_': 1.0, '_a5_': 1.0, '_a6_': 1.0, '_a7_': 1.0}};{'d0': 0.02490583291941658};-280.569866449044;29.953012629108983
9651;-110.331920595413;(((pow2((_a3_ + x)) * _a3_) + _a0_) * (x * _a2_));{'d0': {'_a0_': 0.13362807534959412, '_a2_': 10.825390441482131, '_a3_': 0.31192970783288915, '_a1_': 1.0, '_a4_': 1.0, '_a5_': 1.0, '_a6_': 1.0, '_a7_': 1.0}};{'d0': 0.02490583291941658};-280.569866449044;29.953012629108983
9652;-110.331920595413;(((pow2((_a3_ + x)) * _a3_) + _a0_) * (x * _a2_));{'d0': {'_a0_': 0.13362807534959412, '_a2_': 10.825390441482131, '_a3_': 0.31192970783288915, '_a1_': 1.0, '_a4_': 1.0, '_a5_': 1.0, '_a6_': 1.0, '_a7_': 1.0}};{'d0': 0.02490583291941658};-280.569866449044;29.953012629108983
9653;-104.531628829010;((((pow2((_a3_ + x)) * _a3_) + _a0_) * (x * _a2_)) / _a0_);{'d0': {'_a0_': 0.13362807578541475, '_a2_': 1.4465760914847166, '_a3_': 0.3119297080529311, '_a1_': 1.0, '_a4_': 1.0, '_a5_': 1.0, '_a6_': 1.0, '_a7_': 1.0}};{'d0': 0.02490583291941667};-280.569866449043;35.753304395511385
9654;-94.6000614586411;((((pow2(((_a5_ / _a4_) + x)) * _a3_) + _a0_) * (x * _a2_)) / _a0_);{'d0': {'_a0_': 0.3705864259977497, '_a2_': 1.4465760897915938, '_a3_': 0.8650645850929067, '_a4_': 2.3970144788455228, '_a5_': 0.7477000251540435, '_a1_': 1.0, '_a6_': 1.0, '_a7_': 1.0}};{'d0': 0.024905832919416664};-272.381177324599;41.59052720365858
9655;-94.6000614586411;((((pow2(((_a5_ / _a4_) + x)) * _a3_) + _a0_) * (x * _a2_)) / _a0_);{'d0': {'_a0_': 0.3705864259977497, '_a2_': 1.4465760897915938, '_a3_': 0.8650645850929067, '_a4_': 2.3970144788455228, '_a5_': 0.7477000251540435, '_a1_': 1.0, '_a6_': 1.0, '_a7_': 1.0}};{'d0': 0.024905832919416664};-272.381177324599;41.59052720365858
9656;-96.6472337397303;((((pow2(((_a5_ / _a4_) + x)) * _a3_) + _a0_) * (x * _a0_)) / _a0_);{'d0': {'_a0_': 1.4465761234767023, '_a3_': 3.376760859824706, '_a4_': -1103.9229954045463, '_a5_': -344.34637520129746, '_a1_': 1.0, '_a2_': 1.0, '_a6_': 1.0, '_a7_': 1.0}};{'d0': 0.024905832919434757};-276.475521886778;41.59052720365858
9657;-97.5351166224358;((((pow2(((_a5_ / _a4_) + x)) * _a3_) + _a0_) * (x * _a0_)) * _a0_);{'d0': {'_a0_': 1.1309596056909812, '_a3_': 2.6400133387739455, '_a4_': -2346388.4309859043, '_a5_': -731908.2433614788, '_a1_': 1.0, '_a2_': 1.0, '_a6_': 1.0, '_a7_': 1.0}};{'d0': 0.024905832919422086};-276.475521886808;40.70264432096838
9658;-97.5351166224358;((((pow2(((_a5_ / _a4_) + x)) * _a3_) + _a0_) * (x * _a0_)) * _a0_);{'d0': {'_a0_': 1.1309596056909812, '_a3_': 2.6400133387739455, '_a4_': -2346388.4309859043, '_a5_': -731908.2433614788, '_a1_': 1.0, '_a2_': 1.0, '_a6_': 1.0, '_a7_': 1.0}};{'d0': 0.024905832919422086};-276.475521886808;40.70264432096838
9659;-97.5351166224420;((((pow2(((_a5_ / _a4_) + x)) * _a3_) + _a0_) * (x * _a0_)) * _a3_);{'d0': {'_a0_': 0.8525648424694561, '_a3_': 1.9901529002665583, '_a4_': 2254612214.8993835, '_a5_': 703280533.1690115, '_a1_': 1.0, '_a2_': 1.0, '_a6_': 1.0, '_a7_': 1.0}};{'d0': 0.024905832919416976};-276.475521886821;40.70264432096838
9660;-97.5351166224420;((((pow2(((_a5_ / _a4_) + x)) * _a3_) + _a0_) * (x * _a0_)) * _a3_);{'d0': {'_a0_': 0.8525648424694561, '_a3_': 1.9901529002665583, '_a4_': 2254612214.8993835, '_a5_': 703280533.1690115, '_a1_': 1.0, '_a2_': 1.0, '_a6_': 1.0, '_a7_': 1.0}};{'d0': 0.024905832919416976};-276.475521886821;40.70264432096838
9661;-97.5351166224420;((((pow2(((_a5_ / _a4_) + x)) * _a3_) + _a0_) * (x * _a0_)) * _a3_);{'d0': {'_a0_': 0.8525648424694561, '_a3_': 1.9901529002665583, '_a4_': 2254612214.8993835, '_a5_': 703280533.1690115, '_a1_': 1.0, '_a2_': 1.0, '_a6_': 1.0, '_a7_': 1.0}};{'d0': 0.024905832919416976};-276.475521886821;40.70264432096838
9662;-97.5351166224420;((((pow2(((_a5_ / _a4_) + x)) * _a3_) + _a0_) * (x * _a0_)) * _a3_);{'d0': {'_a0_': 0.8525648424694561, '_a3_': 1.9901529002665583, '_a4_': 2254612214.8993835, '_a5_': 703280533.1690115, '_a1_': 1.0, '_a2_': 1.0, '_a6_': 1.0, '_a7_': 1.0}};{'d0': 0.024905832919416976};-276.475521886821;40.70264432096838
9663;-97.5351166224420;((((pow2(((_a5_ / _a4_) + x)) * _a3_) + _a0_) * (x * _a0_)) * _a3_);{'d0': {'_a0_': 0.8525648424694561, '_a3_': 1.9901529002665583, '_a4_': 2254612214.8993835, '_a5_': 703280533.1690115, '_a1_': 1.0, '_a2_': 1.0, '_a6_': 1.0, '_a7_': 1.0}};{'d0': 0.024905832919416976};-276.475521886821;40.70264432096838
9664;-97.5351166224420;((((pow2(((_a5_ / _a4_) + x)) * _a3_) + _a0_) * (x * _a0_)) * _a3_);{'d0': {'_a0_': 0.8525648424694561, '_a3_': 1.9901529002665583, '_a4_': 2254612214.8993835, '_a5_': 703280533.1690115, '_a1_': 1.0, '_a2_': 1.0, '_a6_': 1.0, '_a7_': 1.0}};{'d0': 0.024905832919416976};-276.475521886821;40.70264432096838
9665;-97.5351166224420;((((pow2(((_a5_ / _a4_) + x)) * _a3_) + _a0_) * (x * _a0_)) * _a3_);{'d0': {'_a0_': 0.8525648424694561, '_a3_': 1.9901529002665583, '_a4_': 2254612214.8993835, '_a5_': 703280533.1690115, '_a1_': 1.0, '_a2_': 1.0, '_a6_': 1.0, '_a7_': 1.0}};{'d0': 0.024905832919416976};-276.475521886821;40.70264432096838
9666;-97.5351166213841;((((pow2(((_a5_ / _a4_) + x)) * _a3_) + _a0_) * (x * _a0_)) * _a4_);{'d0': {'_a0_': 8.154018897932563e-06, '_a3_': 1.903402954408092e-05, '_a4_': 21756939873.39961, '_a5_': 6786635894.692553, '_a1_': 1.0, '_a2_': 1.0, '_a6_': 1.0, '_a7_': 1.0}};{'d0': 0.024905832920295207};-276.475521884705;40.70264432096838
9667;-97.5351166213841;((((pow2(((_a5_ / _a4_) + x)) * _a3_) + _a0_) * (x * _a0_)) * _a4_);{'d0': {'_a0_': 8.154018897932563e-06, '_a3_': 1.903402954408092e-05, '_a4_': 21756939873.39961, '_a5_': 6786635894.692553, '_a1_': 1.0, '_a2_': 1.0, '_a6_': 1.0, '_a7_': 1.0}};{'d0': 0.024905832920295207};-276.475521884705;40.70264432096838
9668;-100.059091372743;((x * _a3_) + (x * (pow2((-(x) + pow3(_a5_))) * _a1_)));{'d0': {'_a1_': 3.376760878229064, '_a3_': 1.4465760894061026, '_a5_': -0.6781913497980798, '_a0_': 1.0, '_a2_': 1.0, '_a4_': 1.0, '_a6_': 1.0, '_a7_': 1.0}};{'d0': 0.02490583291941657};-280.569866449044;40.22584185177938
9669;-97.5351166213841;((((pow2(((_a5_ / _a4_) + x)) * _a3_) + _a0_) * (x * _a0_)) * _a4_);{'d0': {'_a0_': 8.154018897932563e-06, '_a3_': 1.903402954408092e-05, '_a4_': 21756939873.39961, '_a5_': 6786635894.692553, '_a1_': 1.0, '_a2_': 1.0, '_a6_': 1.0, '_a7_': 1.0}};{'d0': 0.024905832920295207};-276.475521884705;40.70264432096838
9670;-97.5351166213841;((((pow2(((_a5_ / _a4_) + x)) * _a3_) + _a0_) * (x * _a0_)) * _a4_);{'d0': {'_a0_': 8.154018897932563e-06, '_a3_': 1.903402954408092e-05, '_a4_': 21756939873.39961, '_a5_': 6786635894.692553, '_a1_': 1.0, '_a2_': 1.0, '_a6_': 1.0, '_a7_': 1.0}};{'d0': 0.024905832920295207};-276.475521884705;40.70264432096838
9671;-100.059091372743;((x * _a3_) + (x * (pow2((-(x) + pow3(_a5_))) * _a1_)));{'d0': {'_a1_': 3.376760878229064, '_a3_': 1.4465760894061026, '_a5_': -0.6781913497980798, '_a0_': 1.0, '_a2_': 1.0, '_a4_': 1.0, '_a6_': 1.0, '_a7_': 1.0}};{'d0': 0.02490583291941657};-280.569866449044;40.22584185177938
9672;-100.059091372743;((x * _a3_) + (x * (pow2((-(x) + pow3(_a5_))) * _a1_)));{'d0': {'_a1_': 3.376760878229064, '_a3_': 1.4465760894061026, '_a5_': -0.6781913497980798, '_a0_': 1.0, '_a2_': 1.0, '_a4_': 1.0, '_a6_': 1.0, '_a7_': 1.0}};{'d0': 0.02490583291941657};-280.569866449044;40.22584185177938
9673;-100.059091372743;((x * _a3_) + (x * (pow2((-(x) + pow3(_a5_))) * _a1_)));{'d0': {'_a1_': 3.376760878229064, '_a3_': 1.4465760894061026, '_a5_': -0.6781913497980798, '_a0_': 1.0, '_a2_': 1.0, '_a4_': 1.0, '_a6_': 1.0, '_a7_': 1.0}};{'d0': 0.02490583291941657};-280.569866449044;40.22584185177938
9674;-100.059091372743;((x * _a3_) + (x * (pow2((-(x) + pow3(_a5_))) * _a1_)));{'d0': {'_a1_': 3.376760878229064, '_a3_': 1.4465760894061026, '_a5_': -0.6781913497980798, '_a0_': 1.0, '_a2_': 1.0, '_a4_': 1.0, '_a6_': 1.0, '_a7_': 1.0}};{'d0': 0.02490583291941657};-280.569866449044;40.22584185177938
9675;-100.059091372743;((x * _a3_) + (x * (pow2((-(x) + pow3(_a5_))) * _a1_)));{'d0': {'_a1_': 3.376760878229064, '_a3_': 1.4465760894061026, '_a5_': -0.6781913497980798, '_a0_': 1.0, '_a2_': 1.0, '_a4_': 1.0, '_a6_': 1.0, '_a7_': 1.0}};{'d0': 0.02490583291941657};-280.569866449044;40.22584185177938
9676;-100.059091372743;((x * _a3_) + (x * (pow2((-(x) + pow3(_a5_))) * _a1_)));{'d0': {'_a1_': 3.376760878229064, '_a3_': 1.4465760894061026, '_a5_': -0.6781913497980798, '_a0_': 1.0, '_a2_': 1.0, '_a4_': 1.0, '_a6_': 1.0, '_a7_': 1.0}};{'d0': 0.02490583291941657};-280.569866449044;40.22584185177938
9677;-100.059091372743;((x * _a3_) + (x * (pow2((-(x) + pow3(_a5_))) * _a1_)));{'d0': {'_a1_': 3.376760878229064, '_a3_': 1.4465760894061026, '_a5_': -0.6781913497980798, '_a0_': 1.0, '_a2_': 1.0, '_a4_': 1.0, '_a6_': 1.0, '_a7_': 1.0}};{'d0': 0.02490583291941657};-280.569866449044;40.22584185177938
9678;-100.059091372743;((x * _a3_) + (x * (pow2((-(x) + pow3(_a5_))) * _a1_)));{'d0': {'_a1_': 3.376760878229064, '_a3_': 1.4465760894061026, '_a5_': -0.6781913497980798, '_a0_': 1.0, '_a2_': 1.0, '_a4_': 1.0, '_a6_': 1.0, '_a7_': 1.0}};{'d0': 0.02490583291941657};-280.569866449044;40.22584185177938
9679;-100.059091372743;((x * _a3_) + (x * (pow2((-(x) + pow3(_a5_))) * _a1_)));{'d0': {'_a1_': 3.376760878229064, '_a3_': 1.4465760894061026, '_a5_': -0.6781913497980798, '_a0_': 1.0, '_a2_': 1.0, '_a4_': 1.0, '_a6_': 1.0, '_a7_': 1.0}};{'d0': 0.02490583291941657};-280.569866449044;40.22584185177938
9680;-100.059091372743;((x * _a3_) + (x * (pow2((-(x) + pow3(_a5_))) * _a1_)));{'d0': {'_a1_': 3.376760878229064, '_a3_': 1.4465760894061026, '_a5_': -0.6781913497980798, '_a0_': 1.0, '_a2_': 1.0, '_a4_': 1.0, '_a6_': 1.0, '_a7_': 1.0}};{'d0': 0.02490583291941657};-280.569866449044;40.22584185177938
9681;-100.059091372743;((x * _a3_) + (x * (pow2((-(x) + pow3(_a5_))) * _a1_)));{'d0': {'_a1_': 3.376760878229064, '_a3_': 1.4465760894061026, '_a5_': -0.6781913497980798, '_a0_': 1.0, '_a2_': 1.0, '_a4_': 1.0, '_a6_': 1.0, '_a7_': 1.0}};{'d0': 0.02490583291941657};-280.569866449044;40.22584185177938
9682;-100.059091372743;((x * _a3_) + (x * (pow2((-(x) + pow3(_a5_))) * _a1_)));{'d0': {'_a1_': 3.376760878229064, '_a3_': 1.4465760894061026, '_a5_': -0.6781913497980798, '_a0_': 1.0, '_a2_': 1.0, '_a4_': 1.0, '_a6_': 1.0, '_a7_': 1.0}};{'d0': 0.02490583291941657};-280.569866449044;40.22584185177938
9683;-100.059091372743;((x * _a3_) + (x * (pow2((-(x) + pow3(_a5_))) * _a1_)));{'d0': {'_a1_': 3.376760878229064, '_a3_': 1.4465760894061026, '_a5_': -0.6781913497980798, '_a0_': 1.0, '_a2_': 1.0, '_a4_': 1.0, '_a6_': 1.0, '_a7_': 1.0}};{'d0': 0.02490583291941657};-280.569866449044;40.22584185177938
9684;-100.059091372743;((x * _a3_) + (x * (pow2((-(x) + pow3(_a5_))) * _a1_)));{'d0': {'_a1_': 3.376760878229064, '_a3_': 1.4465760894061026, '_a5_': -0.6781913497980798, '_a0_': 1.0, '_a2_': 1.0, '_a4_': 1.0, '_a6_': 1.0, '_a7_': 1.0}};{'d0': 0.02490583291941657};-280.569866449044;40.22584185177938
9685;-100.059091372743;((x * _a3_) + (x * (pow2((-(x) + pow3(_a5_))) * _a1_)));{'d0': {'_a1_': 3.376760878229064, '_a3_': 1.4465760894061026, '_a5_': -0.6781913497980798, '_a0_': 1.0, '_a2_': 1.0, '_a4_': 1.0, '_a6_': 1.0, '_a7_': 1.0}};{'d0': 0.02490583291941657};-280.569866449044;40.22584185177938
9686;-100.059091372743;((x * _a3_) + (x * (pow2((-(x) + pow3(_a5_))) * _a1_)));{'d0': {'_a1_': 3.376760878229064, '_a3_': 1.4465760894061026, '_a5_': -0.6781913497980798, '_a0_': 1.0, '_a2_': 1.0, '_a4_': 1.0, '_a6_': 1.0, '_a7_': 1.0}};{'d0': 0.02490583291941657};-280.569866449044;40.22584185177938
9687;-100.059091372743;((x * _a3_) + (x * (pow2((-(x) + pow3(_a5_))) * _a1_)));{'d0': {'_a1_': 3.376760878229064, '_a3_': 1.4465760894061026, '_a5_': -0.6781913497980798, '_a0_': 1.0, '_a2_': 1.0, '_a4_': 1.0, '_a6_': 1.0, '_a7_': 1.0}};{'d0': 0.02490583291941657};-280.569866449044;40.22584185177938
9688;-100.059091372743;((x * _a3_) + (x * (pow2((-(x) + pow3(_a5_))) * _a1_)));{'d0': {'_a1_': 3.376760878229064, '_a3_': 1.4465760894061026, '_a5_': -0.6781913497980798, '_a0_': 1.0, '_a2_': 1.0, '_a4_': 1.0, '_a6_': 1.0, '_a7_': 1.0}};{'d0': 0.02490583291941657};-280.569866449044;40.22584185177938
9689;-100.059091372743;((x * _a3_) + (x * (pow2((-(x) + pow3(_a5_))) * _a1_)));{'d0': {'_a1_': 3.376760878229064, '_a3_': 1.4465760894061026, '_a5_': -0.6781913497980798, '_a0_': 1.0, '_a2_': 1.0, '_a4_': 1.0, '_a6_': 1.0, '_a7_': 1.0}};{'d0': 0.02490583291941657};-280.569866449044;40.22584185177938
9690;-100.059091372743;((x * _a3_) + (x * (pow2((-(x) + pow3(_a5_))) * _a1_)));{'d0': {'_a1_': 3.376760878229064, '_a3_': 1.4465760894061026, '_a5_': -0.6781913497980798, '_a0_': 1.0, '_a2_': 1.0, '_a4_': 1.0, '_a6_': 1.0, '_a7_': 1.0}};{'d0': 0.02490583291941657};-280.569866449044;40.22584185177938
9691;-100.059091372743;((x * _a3_) + (x * (pow2((-(x) + pow3(_a5_))) * _a1_)));{'d0': {'_a1_': 3.376760878229064, '_a3_': 1.4465760894061026, '_a5_': -0.6781913497980798, '_a0_': 1.0, '_a2_': 1.0, '_a4_': 1.0, '_a6_': 1.0, '_a7_': 1.0}};{'d0': 0.02490583291941657};-280.569866449044;40.22584185177938
9692;-100.059091372743;((x * _a3_) + (x * (pow2((-(x) + pow3(_a5_))) * _a1_)));{'d0': {'_a1_': 3.376760878229064, '_a3_': 1.4465760894061026, '_a5_': -0.6781913497980798, '_a0_': 1.0, '_a2_': 1.0, '_a4_': 1.0, '_a6_': 1.0, '_a7_': 1.0}};{'d0': 0.02490583291941657};-280.569866449044;40.22584185177938
9693;-100.059091372743;((x * _a3_) + (x * (pow2((-(x) + pow3(_a5_))) * _a1_)));{'d0': {'_a1_': 3.376760878229064, '_a3_': 1.4465760894061026, '_a5_': -0.6781913497980798, '_a0_': 1.0, '_a2_': 1.0, '_a4_': 1.0, '_a6_': 1.0, '_a7_': 1.0}};{'d0': 0.02490583291941657};-280.569866449044;40.22584185177938
9694;-100.059091372743;((x * _a3_) + (x * (pow2((-(x) + pow3(_a5_))) * _a1_)));{'d0': {'_a1_': 3.376760878229064, '_a3_': 1.4465760894061026, '_a5_': -0.6781913497980798, '_a0_': 1.0, '_a2_': 1.0, '_a4_': 1.0, '_a6_': 1.0, '_a7_': 1.0}};{'d0': 0.02490583291941657};-280.569866449044;40.22584185177938
9695;-100.059091372743;((x * _a3_) + (x * (pow2((-(x) + pow3(_a5_))) * _a1_)));{'d0': {'_a1_': 3.376760878229064, '_a3_': 1.4465760894061026, '_a5_': -0.6781913497980798, '_a0_': 1.0, '_a2_': 1.0, '_a4_': 1.0, '_a6_': 1.0, '_a7_': 1.0}};{'d0': 0.02490583291941657};-280.569866449044;40.22584185177938
9696;-100.059091372743;((x * _a3_) + (x * (pow2((-(x) + pow3(_a5_))) * _a1_)));{'d0': {'_a1_': 3.376760878229064, '_a3_': 1.4465760894061026, '_a5_': -0.6781913497980798, '_a0_': 1.0, '_a2_': 1.0, '_a4_': 1.0, '_a6_': 1.0, '_a7_': 1.0}};{'d0': 0.02490583291941657};-280.569866449044;40.22584185177938
9697;-100.059091372743;((x * _a3_) + (x * (pow2((-(x) + pow3(_a5_))) * _a1_)));{'d0': {'_a1_': 3.376760878229064, '_a3_': 1.4465760894061026, '_a5_': -0.6781913497980798, '_a0_': 1.0, '_a2_': 1.0, '_a4_': 1.0, '_a6_': 1.0, '_a7_': 1.0}};{'d0': 0.02490583291941657};-280.569866449044;40.22584185177938
9698;-100.059091372743;((x * _a3_) + (x * (pow2((-(x) + pow3(_a5_))) * _a1_)));{'d0': {'_a1_': 3.376760878229064, '_a3_': 1.4465760894061026, '_a5_': -0.6781913497980798, '_a0_': 1.0, '_a2_': 1.0, '_a4_': 1.0, '_a6_': 1.0, '_a7_': 1.0}};{'d0': 0.02490583291941657};-280.569866449044;40.22584185177938
9699;-100.059091372743;((x * _a3_) + (x * (pow2((-(x) + pow3(_a5_))) * _a1_)));{'d0': {'_a1_': 3.376760878229064, '_a3_': 1.4465760894061026, '_a5_': -0.6781913497980798, '_a0_': 1.0, '_a2_': 1.0, '_a4_': 1.0, '_a6_': 1.0, '_a7_': 1.0}};{'d0': 0.02490583291941657};-280.569866449044;40.22584185177938
9700;-100.059091372743;((x * _a3_) + (x * (pow2((-(x) + pow3(_a5_))) * _a1_)));{'d0': {'_a1_': 3.376760878229064, '_a3_': 1.4465760894061026, '_a5_': -0.6781913497980798, '_a0_': 1.0, '_a2_': 1.0, '_a4_': 1.0, '_a6_': 1.0, '_a7_': 1.0}};{'d0': 0.02490583291941657};-280.569866449044;40.22584185177938
9701;-100.059091372743;((x * _a3_) + (x * (pow2((-(x) + pow3(_a5_))) * _a1_)));{'d0': {'_a1_': 3.376760878229064, '_a3_': 1.4465760894061026, '_a5_': -0.6781913497980798, '_a0_': 1.0, '_a2_': 1.0, '_a4_': 1.0, '_a6_': 1.0, '_a7_': 1.0}};{'d0': 0.02490583291941657};-280.569866449044;40.22584185177938
9702;-100.059091372743;((x * _a3_) + (x * (pow2((-(x) + pow3(_a5_))) * _a1_)));{'d0': {'_a1_': 3.376760878229064, '_a3_': 1.4465760894061026, '_a5_': -0.6781913497980798, '_a0_': 1.0, '_a2_': 1.0, '_a4_': 1.0, '_a6_': 1.0, '_a7_': 1.0}};{'d0': 0.02490583291941657};-280.569866449044;40.22584185177938
9703;-100.059091372743;((x * _a3_) + (x * (pow2((-(x) + pow3(_a5_))) * _a1_)));{'d0': {'_a1_': 3.376760878229064, '_a3_': 1.4465760894061026, '_a5_': -0.6781913497980798, '_a0_': 1.0, '_a2_': 1.0, '_a4_': 1.0, '_a6_': 1.0, '_a7_': 1.0}};{'d0': 0.02490583291941657};-280.569866449044;40.22584185177938
9704;-100.059091372743;((x * _a3_) + (x * (pow2((-(x) + pow3(_a5_))) * _a1_)));{'d0': {'_a1_': 3.376760878229064, '_a3_': 1.4465760894061026, '_a5_': -0.6781913497980798, '_a0_': 1.0, '_a2_': 1.0, '_a4_': 1.0, '_a6_': 1.0, '_a7_': 1.0}};{'d0': 0.02490583291941657};-280.569866449044;40.22584185177938
9705;-100.059091372743;((x * _a3_) + (x * (pow2((-(x) + pow3(_a5_))) * _a1_)));{'d0': {'_a1_': 3.376760878229064, '_a3_': 1.4465760894061026, '_a5_': -0.6781913497980798, '_a0_': 1.0, '_a2_': 1.0, '_a4_': 1.0, '_a6_': 1.0, '_a7_': 1.0}};{'d0': 0.02490583291941657};-280.569866449044;40.22584185177938
9706;-100.059091372743;((x * _a3_) + (x * (pow2((-(x) + pow3(_a5_))) * _a1_)));{'d0': {'_a1_': 3.376760878229064, '_a3_': 1.4465760894061026, '_a5_': -0.6781913497980798, '_a0_': 1.0, '_a2_': 1.0, '_a4_': 1.0, '_a6_': 1.0, '_a7_': 1.0}};{'d0': 0.02490583291941657};-280.569866449044;40.22584185177938
9707;-100.059091372743;((x * _a3_) + (x * (pow2((-(x) + pow3(_a5_))) * _a1_)));{'d0': {'_a1_': 3.376760878229064, '_a3_': 1.4465760894061026, '_a5_': -0.6781913497980798, '_a0_': 1.0, '_a2_': 1.0, '_a4_': 1.0, '_a6_': 1.0, '_a7_': 1.0}};{'d0': 0.02490583291941657};-280.569866449044;40.22584185177938
9708;-100.059091372743;((x * _a3_) + (x * (pow2((-(x) + pow3(_a5_))) * _a1_)));{'d0': {'_a1_': 3.376760878229064, '_a3_': 1.4465760894061026, '_a5_': -0.6781913497980798, '_a0_': 1.0, '_a2_': 1.0, '_a4_': 1.0, '_a6_': 1.0, '_a7_': 1.0}};{'d0': 0.02490583291941657};-280.569866449044;40.22584185177938
9709;-100.059091372743;((x * _a3_) + (x * (pow2((-(x) + pow3(_a5_))) * _a1_)));{'d0': {'_a1_': 3.376760878229064, '_a3_': 1.4465760894061026, '_a5_': -0.6781913497980798, '_a0_': 1.0, '_a2_': 1.0, '_a4_': 1.0, '_a6_': 1.0, '_a7_': 1.0}};{'d0': 0.02490583291941657};-280.569866449044;40.22584185177938
9710;-96.3611569001325;((x * _a3_) + (x * (pow2((-(x) + pow3(_a5_))) * pow2(_a7_))));{'d0': {'_a3_': 1.446576089414505, '_a5_': -0.6781913497926846, '_a7_': 1.8375964949331458, '_a0_': 1.0, '_a1_': 1.0, '_a2_': 1.0, '_a4_': 1.0, '_a6_': 1.0}};{'d0': 0.024905832919416632};-280.569866449044;43.92377632438938
9711;-96.3611569001325;((x * _a3_) + (x * (pow2((-(x) + pow3(_a5_))) * pow2(_a7_))));{'d0': {'_a3_': 1.446576089414505, '_a5_': -0.6781913497926846, '_a7_': 1.8375964949331458, '_a0_': 1.0, '_a1_': 1.0, '_a2_': 1.0, '_a4_': 1.0, '_a6_': 1.0}};{'d0': 0.024905832919416632};-280.569866449044;43.92377632438938
9712;-96.8746291699725;((x * _a3_) + (x * (pow2((-(x) + cos(_a5_))) * pow2(_a7_))));{'d0': {'_a3_': 1.446576089183527, '_a5_': -1.8880197303897266, '_a7_': 1.8375964950663946, '_a0_': 1.0, '_a1_': 1.0, '_a2_': 1.0, '_a4_': 1.0, '_a6_': 1.0}};{'d0': 0.02490583291941663};-280.569866449044;43.41030405454938
9713;-100.572563642582;((x * _a3_) + (x * (pow2((-(x) + cos(_a5_))) * _a1_)));{'d0': {'_a1_': 3.376760877339335, '_a3_': 1.4465760895759794, '_a5_': -1.8880197303858883, '_a0_': 1.0, '_a2_': 1.0, '_a4_': 1.0, '_a6_': 1.0, '_a7_': 1.0}};{'d0': 0.02490583291941666};-280.569866449044;39.71236958193938
9714;-100.572563642582;((x * _a3_) + (x * (pow2((-(x) + cos(_a5_))) * _a1_)));{'d0': {'_a1_': 3.376760877339335, '_a3_': 1.4465760895759794, '_a5_': -1.8880197303858883, '_a0_': 1.0, '_a2_': 1.0, '_a4_': 1.0, '_a6_': 1.0, '_a7_': 1.0}};{'d0': 0.02490583291941666};-280.569866449044;39.71236958193938
9715;-99.6492545153151;((x / _a3_) + (x * (pow2((-(x) + cos(_a5_))) * _a1_)));{'d0': {'_a1_': 3.3767608776546063, '_a3_': 0.6912875217990131, '_a5_': -1.8880197303850488, '_a0_': 1.0, '_a2_': 1.0, '_a4_': 1.0, '_a6_': 1.0, '_a7_': 1.0}};{'d0': 0.024905832919416594};-280.569866449044;40.63567870920678
9716;-99.6492545153151;((x / _a3_) + (x * (pow2((-(x) + cos(_a5_))) * _a1_)));{'d0': {'_a1_': 3.3767608776546063, '_a3_': 0.6912875217990131, '_a5_': -1.8880197303850488, '_a0_': 1.0, '_a2_': 1.0, '_a4_': 1.0, '_a6_': 1.0, '_a7_': 1.0}};{'d0': 0.024905832919416594};-280.569866449044;40.63567870920678
9717;-99.6492545153151;((x / _a3_) + (x * (pow2((-(x) + cos(_a5_))) * _a1_)));{'d0': {'_a1_': 3.3767608776546063, '_a3_': 0.6912875217990131, '_a5_': -1.8880197303850488, '_a0_': 1.0, '_a2_': 1.0, '_a4_': 1.0, '_a6_': 1.0, '_a7_': 1.0}};{'d0': 0.024905832919416594};-280.569866449044;40.63567870920678
9718;-99.6492545153151;((x / _a3_) + (x * (pow2((-(x) + cos(_a5_))) * _a1_)));{'d0': {'_a1_': 3.3767608776546063, '_a3_': 0.6912875217990131, '_a5_': -1.8880197303850488, '_a0_': 1.0, '_a2_': 1.0, '_a4_': 1.0, '_a6_': 1.0, '_a7_': 1.0}};{'d0': 0.024905832919416594};-280.569866449044;40.63567870920678
9719;-99.6492545153151;((x / _a3_) + (x * (pow2((-(x) + cos(_a5_))) * _a1_)));{'d0': {'_a1_': 3.3767608776546063, '_a3_': 0.6912875217990131, '_a5_': -1.8880197303850488, '_a0_': 1.0, '_a2_': 1.0, '_a4_': 1.0, '_a6_': 1.0, '_a7_': 1.0}};{'d0': 0.024905832919416594};-280.569866449044;40.63567870920678
9720;-99.6492545153151;((x / _a3_) + (x * (pow2((-(x) + cos(_a5_))) * _a1_)));{'d0': {'_a1_': 3.3767608776546063, '_a3_': 0.6912875217990131, '_a5_': -1.8880197303850488, '_a0_': 1.0, '_a2_': 1.0, '_a4_': 1.0, '_a6_': 1.0, '_a7_': 1.0}};{'d0': 0.024905832919416594};-280.569866449044;40.63567870920678
9721;-99.6492545153151;((x / _a3_) + (x * (pow2((-(x) + cos(_a5_))) * _a1_)));{'d0': {'_a1_': 3.3767608776546063, '_a3_': 0.6912875217990131, '_a5_': -1.8880197303850488, '_a0_': 1.0, '_a2_': 1.0, '_a4_': 1.0, '_a6_': 1.0, '_a7_': 1.0}};{'d0': 0.024905832919416594};-280.569866449044;40.63567870920678
9722;-99.6492545153151;((x / _a3_) + (x * (pow2((-(x) + cos(_a5_))) * _a1_)));{'d0': {'_a1_': 3.3767608776546063, '_a3_': 0.6912875217990131, '_a5_': -1.8880197303850488, '_a0_': 1.0, '_a2_': 1.0, '_a4_': 1.0, '_a6_': 1.0, '_a7_': 1.0}};{'d0': 0.024905832919416594};-280.569866449044;40.63567870920678
9723;-99.6492545153151;((x / _a3_) + (x * (pow2((-(x) + cos(_a5_))) * _a1_)));{'d0': {'_a1_': 3.3767608776546063, '_a3_': 0.6912875217990131, '_a5_': -1.8880197303850488, '_a0_': 1.0, '_a2_': 1.0, '_a4_': 1.0, '_a6_': 1.0, '_a7_': 1.0}};{'d0': 0.024905832919416594};-280.569866449044;40.63567870920678
9724;-99.6492545153151;((x / _a3_) + (x * (pow2((-(x) + cos(_a5_))) * _a1_)));{'d0': {'_a1_': 3.3767608776546063, '_a3_': 0.6912875217990131, '_a5_': -1.8880197303850488, '_a0_': 1.0, '_a2_': 1.0, '_a4_': 1.0, '_a6_': 1.0, '_a7_': 1.0}};{'d0': 0.024905832919416594};-280.569866449044;40.63567870920678
9725;-99.6492545153151;((x / _a3_) + (x * (pow2((-(x) + cos(_a5_))) * _a1_)));{'d0': {'_a1_': 3.3767608776546063, '_a3_': 0.6912875217990131, '_a5_': -1.8880197303850488, '_a0_': 1.0, '_a2_': 1.0, '_a4_': 1.0, '_a6_': 1.0, '_a7_': 1.0}};{'d0': 0.024905832919416594};-280.569866449044;40.63567870920678
9726;-99.6492545153151;((x / _a3_) + (x * (pow2((-(x) + cos(_a5_))) * _a1_)));{'d0': {'_a1_': 3.3767608776546063, '_a3_': 0.6912875217990131, '_a5_': -1.8880197303850488, '_a0_': 1.0, '_a2_': 1.0, '_a4_': 1.0, '_a6_': 1.0, '_a7_': 1.0}};{'d0': 0.024905832919416594};-280.569866449044;40.63567870920678
9727;-99.6492545153151;((x / _a3_) + (x * (pow2((-(x) + cos(_a5_))) * _a1_)));{'d0': {'_a1_': 3.3767608776546063, '_a3_': 0.6912875217990131, '_a5_': -1.8880197303850488, '_a0_': 1.0, '_a2_': 1.0, '_a4_': 1.0, '_a6_': 1.0, '_a7_': 1.0}};{'d0': 0.024905832919416594};-280.569866449044;40.63567870920678
9728;-103.329201675576;((x / _a3_) + (x * (pow2((x + cos(_a5_))) * _a1_)));{'d0': {'_a1_': 3.37676087798479, '_a3_': 0.6912875217998161, '_a5_': -1.253572923181823, '_a0_': 1.0, '_a2_': 1.0, '_a4_': 1.0, '_a6_': 1.0, '_a7_': 1.0}};{'d0': 0.024905832919416553};-280.569866449044;36.95573154894639
9729;-103.329201675576;((x / _a3_) + (x * (pow2((x + cos(_a5_))) * _a1_)));{'d0': {'_a1_': 3.37676087798479, '_a3_': 0.6912875217998161, '_a5_': -1.253572923181823, '_a0_': 1.0, '_a2_': 1.0, '_a4_': 1.0, '_a6_': 1.0, '_a7_': 1.0}};{'d0': 0.024905832919416553};-280.569866449044;36.95573154894639
9730;-103.329201675576;((x / _a3_) + (x * (pow2((x + cos(_a5_))) * _a1_)));{'d0': {'_a1_': 3.37676087798479, '_a3_': 0.6912875217998161, '_a5_': -1.253572923181823, '_a0_': 1.0, '_a2_': 1.0, '_a4_': 1.0, '_a6_': 1.0, '_a7_': 1.0}};{'d0': 0.024905832919416553};-280.569866449044;36.95573154894639
9731;-103.329201675576;((x / _a3_) + (x * (pow2((x + cos(_a5_))) * _a1_)));{'d0': {'_a1_': 3.37676087798479, '_a3_': 0.6912875217998161, '_a5_': -1.253572923181823, '_a0_': 1.0, '_a2_': 1.0, '_a4_': 1.0, '_a6_': 1.0, '_a7_': 1.0}};{'d0': 0.024905832919416553};-280.569866449044;36.95573154894639
9732;-103.329201675576;((x / _a3_) + (x * (pow2((x + cos(_a5_))) * _a1_)));{'d0': {'_a1_': 3.37676087798479, '_a3_': 0.6912875217998161, '_a5_': -1.253572923181823, '_a0_': 1.0, '_a2_': 1.0, '_a4_': 1.0, '_a6_': 1.0, '_a7_': 1.0}};{'d0': 0.024905832919416553};-280.569866449044;36.95573154894639
9733;-103.329201675576;((x / _a3_) + (x * (pow2((x + cos(_a5_))) * _a1_)));{'d0': {'_a1_': 3.37676087798479, '_a3_': 0.6912875217998161, '_a5_': -1.253572923181823, '_a0_': 1.0, '_a2_': 1.0, '_a4_': 1.0, '_a6_': 1.0, '_a7_': 1.0}};{'d0': 0.024905832919416553};-280.569866449044;36.95573154894639
9734;-103.329201675576;((x / _a3_) + (x * (pow2((x + cos(_a5_))) * _a1_)));{'d0': {'_a1_': 3.37676087798479, '_a3_': 0.6912875217998161, '_a5_': -1.253572923181823, '_a0_': 1.0, '_a2_': 1.0, '_a4_': 1.0, '_a6_': 1.0, '_a7_': 1.0}};{'d0': 0.024905832919416553};-280.569866449044;36.95573154894639
9735;-103.329201675576;((x / _a3_) + (x * (pow2((x + cos(_a5_))) * _a1_)));{'d0': {'_a1_': 3.37676087798479, '_a3_': 0.6912875217998161, '_a5_': -1.253572923181823, '_a0_': 1.0, '_a2_': 1.0, '_a4_': 1.0, '_a6_': 1.0, '_a7_': 1.0}};{'d0': 0.024905832919416553};-280.569866449044;36.95573154894639
9736;-103.329201675576;((x / _a3_) + (x * (pow2((x + cos(_a5_))) * _a1_)));{'d0': {'_a1_': 3.37676087798479, '_a3_': 0.6912875217998161, '_a5_': -1.253572923181823, '_a0_': 1.0, '_a2_': 1.0, '_a4_': 1.0, '_a6_': 1.0, '_a7_': 1.0}};{'d0': 0.024905832919416553};-280.569866449044;36.95573154894639
9737;-103.329201675576;((x / _a3_) + (x * (pow2((x + cos(_a5_))) * _a1_)));{'d0': {'_a1_': 3.37676087798479, '_a3_': 0.6912875217998161, '_a5_': -1.253572923181823, '_a0_': 1.0, '_a2_': 1.0, '_a4_': 1.0, '_a6_': 1.0, '_a7_': 1.0}};{'d0': 0.024905832919416553};-280.569866449044;36.95573154894639
9738;-103.329201675576;((x / _a3_) + (x * (pow2((x + cos(_a5_))) * _a1_)));{'d0': {'_a1_': 3.37676087798479, '_a3_': 0.6912875217998161, '_a5_': -1.253572923181823, '_a0_': 1.0, '_a2_': 1.0, '_a4_': 1.0, '_a6_': 1.0, '_a7_': 1.0}};{'d0': 0.024905832919416553};-280.569866449044;36.95573154894639
9739;-103.329201675576;((x / _a3_) + (x * (pow2((x + cos(_a5_))) * _a1_)));{'d0': {'_a1_': 3.37676087798479, '_a3_': 0.6912875217998161, '_a5_': -1.253572923181823, '_a0_': 1.0, '_a2_': 1.0, '_a4_': 1.0, '_a6_': 1.0, '_a7_': 1.0}};{'d0': 0.024905832919416553};-280.569866449044;36.95573154894639
9740;-103.329201675576;((x / _a3_) + (x * (pow2((x + cos(_a5_))) * _a1_)));{'d0': {'_a1_': 3.37676087798479, '_a3_': 0.6912875217998161, '_a5_': -1.253572923181823, '_a0_': 1.0, '_a2_': 1.0, '_a4_': 1.0, '_a6_': 1.0, '_a7_': 1.0}};{'d0': 0.024905832919416553};-280.569866449044;36.95573154894639
9741;-103.329201675576;((x / _a3_) + (x * (pow2((x + cos(_a5_))) * _a1_)));{'d0': {'_a1_': 3.37676087798479, '_a3_': 0.6912875217998161, '_a5_': -1.253572923181823, '_a0_': 1.0, '_a2_': 1.0, '_a4_': 1.0, '_a6_': 1.0, '_a7_': 1.0}};{'d0': 0.024905832919416553};-280.569866449044;36.95573154894639
9742;-103.329201675576;((x / _a3_) + (x * (pow2((x + cos(_a5_))) * _a1_)));{'d0': {'_a1_': 3.37676087798479, '_a3_': 0.6912875217998161, '_a5_': -1.253572923181823, '_a0_': 1.0, '_a2_': 1.0, '_a4_': 1.0, '_a6_': 1.0, '_a7_': 1.0}};{'d0': 0.024905832919416553};-280.569866449044;36.95573154894639
9743;-103.329201675576;((x / _a3_) + (x * (pow2((x + cos(_a5_))) * _a1_)));{'d0': {'_a1_': 3.37676087798479, '_a3_': 0.6912875217998161, '_a5_': -1.253572923181823, '_a0_': 1.0, '_a2_': 1.0, '_a4_': 1.0, '_a6_': 1.0, '_a7_': 1.0}};{'d0': 0.024905832919416553};-280.569866449044;36.95573154894639
9744;-103.329201675576;((x / _a3_) + (x * (pow2((x + cos(_a5_))) * _a1_)));{'d0': {'_a1_': 3.37676087798479, '_a3_': 0.6912875217998161, '_a5_': -1.253572923181823, '_a0_': 1.0, '_a2_': 1.0, '_a4_': 1.0, '_a6_': 1.0, '_a7_': 1.0}};{'d0': 0.024905832919416553};-280.569866449044;36.95573154894639
9745;-103.329201675576;((x / _a3_) + (x * (pow2((x + cos(_a5_))) * _a1_)));{'d0': {'_a1_': 3.37676087798479, '_a3_': 0.6912875217998161, '_a5_': -1.253572923181823, '_a0_': 1.0, '_a2_': 1.0, '_a4_': 1.0, '_a6_': 1.0, '_a7_': 1.0}};{'d0': 0.024905832919416553};-280.569866449044;36.95573154894639
9746;-103.329201675576;((x / _a3_) + (x * (pow2((x + cos(_a5_))) * _a1_)));{'d0': {'_a1_': 3.37676087798479, '_a3_': 0.6912875217998161, '_a5_': -1.253572923181823, '_a0_': 1.0, '_a2_': 1.0, '_a4_': 1.0, '_a6_': 1.0, '_a7_': 1.0}};{'d0': 0.024905832919416553};-280.569866449044;36.95573154894639
9747;-103.329201675576;((x / _a3_) + (x * (pow2((x + cos(_a5_))) * _a1_)));{'d0': {'_a1_': 3.37676087798479, '_a3_': 0.6912875217998161, '_a5_': -1.253572923181823, '_a0_': 1.0, '_a2_': 1.0, '_a4_': 1.0, '_a6_': 1.0, '_a7_': 1.0}};{'d0': 0.024905832919416553};-280.569866449044;36.95573154894639
9748;-103.329201675576;((x / _a3_) + (x * (pow2((x + cos(_a5_))) * _a1_)));{'d0': {'_a1_': 3.37676087798479, '_a3_': 0.6912875217998161, '_a5_': -1.253572923181823, '_a0_': 1.0, '_a2_': 1.0, '_a4_': 1.0, '_a6_': 1.0, '_a7_': 1.0}};{'d0': 0.024905832919416553};-280.569866449044;36.95573154894639
9749;-103.329201675576;((x / _a3_) + (x * (pow2((x + cos(_a5_))) * _a1_)));{'d0': {'_a1_': 3.37676087798479, '_a3_': 0.6912875217998161, '_a5_': -1.253572923181823, '_a0_': 1.0, '_a2_': 1.0, '_a4_': 1.0, '_a6_': 1.0, '_a7_': 1.0}};{'d0': 0.024905832919416553};-280.569866449044;36.95573154894639
9750;-103.329201675576;((x / _a3_) + (x * (pow2((x + cos(_a5_))) * _a1_)));{'d0': {'_a1_': 3.37676087798479, '_a3_': 0.6912875217998161, '_a5_': -1.253572923181823, '_a0_': 1.0, '_a2_': 1.0, '_a4_': 1.0, '_a6_': 1.0, '_a7_': 1.0}};{'d0': 0.024905832919416553};-280.569866449044;36.95573154894639
9751;-103.329201675576;((x / _a3_) + (x * (pow2((x + cos(_a5_))) * _a1_)));{'d0': {'_a1_': 3.37676087798479, '_a3_': 0.6912875217998161, '_a5_': -1.253572923181823, '_a0_': 1.0, '_a2_': 1.0, '_a4_': 1.0, '_a6_': 1.0, '_a7_': 1.0}};{'d0': 0.024905832919416553};-280.569866449044;36.95573154894639
9752;-103.329201675576;((x / _a3_) + (x * (pow2((x + cos(_a5_))) * _a1_)));{'d0': {'_a1_': 3.37676087798479, '_a3_': 0.6912875217998161, '_a5_': -1.253572923181823, '_a0_': 1.0, '_a2_': 1.0, '_a4_': 1.0, '_a6_': 1.0, '_a7_': 1.0}};{'d0': 0.024905832919416553};-280.569866449044;36.95573154894639
9753;-103.329201675576;((x / _a3_) + (x * (pow2((x + cos(_a5_))) * _a1_)));{'d0': {'_a1_': 3.37676087798479, '_a3_': 0.6912875217998161, '_a5_': -1.253572923181823, '_a0_': 1.0, '_a2_': 1.0, '_a4_': 1.0, '_a6_': 1.0, '_a7_': 1.0}};{'d0': 0.024905832919416553};-280.569866449044;36.95573154894639
9754;-103.329201675576;((x / _a3_) + (x * (pow2((x + cos(_a5_))) * _a1_)));{'d0': {'_a1_': 3.37676087798479, '_a3_': 0.6912875217998161, '_a5_': -1.253572923181823, '_a0_': 1.0, '_a2_': 1.0, '_a4_': 1.0, '_a6_': 1.0, '_a7_': 1.0}};{'d0': 0.024905832919416553};-280.569866449044;36.95573154894639
9755;-103.329201675576;((x / _a3_) + (x * (pow2((x + cos(_a5_))) * _a1_)));{'d0': {'_a1_': 3.37676087798479, '_a3_': 0.6912875217998161, '_a5_': -1.253572923181823, '_a0_': 1.0, '_a2_': 1.0, '_a4_': 1.0, '_a6_': 1.0, '_a7_': 1.0}};{'d0': 0.024905832919416553};-280.569866449044;36.95573154894639
9756;-103.329201675576;((x / _a3_) + (x * (pow2((x + cos(_a5_))) * _a1_)));{'d0': {'_a1_': 3.37676087798479, '_a3_': 0.6912875217998161, '_a5_': -1.253572923181823, '_a0_': 1.0, '_a2_': 1.0, '_a4_': 1.0, '_a6_': 1.0, '_a7_': 1.0}};{'d0': 0.024905832919416553};-280.569866449044;36.95573154894639
9757;-101.524216371102;((x / _a3_) + (x * (pow2((x + (_a4_ / _a0_))) * _a1_)));{'d0': {'_a0_': 0.8277470678943364, '_a1_': 3.376760888681892, '_a3_': 0.6912875228950457, '_a4_': 0.25819905647153524, '_a2_': 1.0, '_a5_': 1.0, '_a6_': 1.0, '_a7_': 1.0}};{'d0': 0.024905832925879872};-276.475521871251;36.71354456452359
9758;-96.5473231396483;((x / _a3_) + (x * (pow2((x + (_a4_ / _a0_))) * abs(_a0_))));{'d0': {'_a0_': 3.3767608794516586, '_a3_': 0.6912875220144554, '_a4_': 1.0533120343737878, '_a1_': 1.0, '_a2_': 1.0, '_a5_': 1.0, '_a6_': 1.0, '_a7_': 1.0}};{'d0': 0.024905832919416584};-280.569866449044;43.73761008487359
9759;-96.5473231396483;((x / _a3_) + (x * (pow2((x + (_a4_ / _a0_))) * abs(_a0_))));{'d0': {'_a0_': 3.3767608794516586, '_a3_': 0.6912875220144554, '_a4_': 1.0533120343737878, '_a1_': 1.0, '_a2_': 1.0, '_a5_': 1.0, '_a6_': 1.0, '_a7_': 1.0}};{'d0': 0.024905832919416584};-280.569866449044;43.73761008487359
9760;-96.5473231396483;((x / _a3_) + (x * (pow2((x + (_a4_ / _a0_))) * abs(_a0_))));{'d0': {'_a0_': 3.3767608794516586, '_a3_': 0.6912875220144554, '_a4_': 1.0533120343737878, '_a1_': 1.0, '_a2_': 1.0, '_a5_': 1.0, '_a6_': 1.0, '_a7_': 1.0}};{'d0': 0.024905832919416584};-280.569866449044;43.73761008487359
9761;-96.5473231396483;((x / _a3_) + (x * (pow2((x + (_a4_ / _a0_))) * abs(_a0_))));{'d0': {'_a0_': 3.3767608794516586, '_a3_': 0.6912875220144554, '_a4_': 1.0533120343737878, '_a1_': 1.0, '_a2_': 1.0, '_a5_': 1.0, '_a6_': 1.0, '_a7_': 1.0}};{'d0': 0.024905832919416584};-280.569866449044;43.73761008487359
9762;-103.571388659998;((x / _a3_) + (x * (pow2((x + (_a4_ / _a0_))) * _a0_)));{'d0': {'_a0_': 3.3767608794516586, '_a3_': 0.6912875220144554, '_a4_': 1.0533120343737878, '_a1_': 1.0, '_a2_': 1.0, '_a5_': 1.0, '_a6_': 1.0, '_a7_': 1.0}};{'d0': 0.024905832919416594};-280.569866449044;36.71354456452359
9763;-103.571388659998;((x / _a3_) + (x * (pow2((x + (_a4_ / _a0_))) * _a0_)));{'d0': {'_a0_': 3.3767608794516586, '_a3_': 0.6912875220144554, '_a4_': 1.0533120343737878, '_a1_': 1.0, '_a2_': 1.0, '_a5_': 1.0, '_a6_': 1.0, '_a7_': 1.0}};{'d0': 0.024905832919416594};-280.569866449044;36.71354456452359
9764;-103.571388659998;((x / _a3_) + (x * (pow2((x + (_a4_ / _a0_))) * _a0_)));{'d0': {'_a0_': 3.3767608794516586, '_a3_': 0.6912875220144554, '_a4_': 1.0533120343737878, '_a1_': 1.0, '_a2_': 1.0, '_a5_': 1.0, '_a6_': 1.0, '_a7_': 1.0}};{'d0': 0.024905832919416594};-280.569866449044;36.71354456452359
9765;-103.571388659998;((x / _a3_) + (x * (pow2((x + (_a4_ / _a0_))) * _a0_)));{'d0': {'_a0_': 3.3767608794516586, '_a3_': 0.6912875220144554, '_a4_': 1.0533120343737878, '_a1_': 1.0, '_a2_': 1.0, '_a5_': 1.0, '_a6_': 1.0, '_a7_': 1.0}};{'d0': 0.024905832919416594};-280.569866449044;36.71354456452359
9766;-103.571388659998;((x / _a3_) + (x * (pow2((x + (_a4_ / _a0_))) * _a0_)));{'d0': {'_a0_': 3.3767608794516586, '_a3_': 0.6912875220144554, '_a4_': 1.0533120343737878, '_a1_': 1.0, '_a2_': 1.0, '_a5_': 1.0, '_a6_': 1.0, '_a7_': 1.0}};{'d0': 0.024905832919416594};-280.569866449044;36.71354456452359
9767;-103.571388659998;((x / _a3_) + (x * (pow2((x + (_a4_ / _a0_))) * _a0_)));{'d0': {'_a0_': 3.3767608794516586, '_a3_': 0.6912875220144554, '_a4_': 1.0533120343737878, '_a1_': 1.0, '_a2_': 1.0, '_a5_': 1.0, '_a6_': 1.0, '_a7_': 1.0}};{'d0': 0.024905832919416594};-280.569866449044;36.71354456452359
9768;-103.571388659998;((x / _a3_) + (x * (pow2((x + (_a4_ / _a0_))) * _a0_)));{'d0': {'_a0_': 3.3767608794516586, '_a3_': 0.6912875220144554, '_a4_': 1.0533120343737878, '_a1_': 1.0, '_a2_': 1.0, '_a5_': 1.0, '_a6_': 1.0, '_a7_': 1.0}};{'d0': 0.024905832919416594};-280.569866449044;36.71354456452359
9769;-103.571388659998;((x / _a3_) + (x * (pow2((x + (_a4_ / _a0_))) * _a0_)));{'d0': {'_a0_': 3.3767608794516586, '_a3_': 0.6912875220144554, '_a4_': 1.0533120343737878, '_a1_': 1.0, '_a2_': 1.0, '_a5_': 1.0, '_a6_': 1.0, '_a7_': 1.0}};{'d0': 0.024905832919416594};-280.569866449044;36.71354456452359
9770;-103.571388659998;((x / _a3_) + (x * (pow2((x + (_a4_ / _a0_))) * _a0_)));{'d0': {'_a0_': 3.3767608794516586, '_a3_': 0.6912875220144554, '_a4_': 1.0533120343737878, '_a1_': 1.0, '_a2_': 1.0, '_a5_': 1.0, '_a6_': 1.0, '_a7_': 1.0}};{'d0': 0.024905832919416594};-280.569866449044;36.71354456452359
9771;-103.571388659998;((x / _a3_) + (x * (pow2((x + (_a4_ / _a0_))) * _a0_)));{'d0': {'_a0_': 3.3767608794516586, '_a3_': 0.6912875220144554, '_a4_': 1.0533120343737878, '_a1_': 1.0, '_a2_': 1.0, '_a5_': 1.0, '_a6_': 1.0, '_a7_': 1.0}};{'d0': 0.024905832919416594};-280.569866449044;36.71354456452359
9772;-103.571388659998;((x / _a3_) + (x * (pow2((x + (_a4_ / _a0_))) * _a0_)));{'d0': {'_a0_': 3.3767608794516586, '_a3_': 0.6912875220144554, '_a4_': 1.0533120343737878, '_a1_': 1.0, '_a2_': 1.0, '_a5_': 1.0, '_a6_': 1.0, '_a7_': 1.0}};{'d0': 0.024905832919416594};-280.569866449044;36.71354456452359
9773;-103.571388659998;((x / _a3_) + (x * (pow2((x + (_a4_ / _a0_))) * _a0_)));{'d0': {'_a0_': 3.3767608794516586, '_a3_': 0.6912875220144554, '_a4_': 1.0533120343737878, '_a1_': 1.0, '_a2_': 1.0, '_a5_': 1.0, '_a6_': 1.0, '_a7_': 1.0}};{'d0': 0.024905832919416594};-280.569866449044;36.71354456452359
9774;-103.571388659998;((x / _a3_) + (x * (pow2((x + (_a4_ / _a0_))) * _a0_)));{'d0': {'_a0_': 3.3767608794516586, '_a3_': 0.6912875220144554, '_a4_': 1.0533120343737878, '_a1_': 1.0, '_a2_': 1.0, '_a5_': 1.0, '_a6_': 1.0, '_a7_': 1.0}};{'d0': 0.024905832919416594};-280.569866449044;36.71354456452359
9775;-103.571388659998;((x / _a3_) + (x * (pow2((x + (_a4_ / _a0_))) * _a0_)));{'d0': {'_a0_': 3.3767608794516586, '_a3_': 0.6912875220144554, '_a4_': 1.0533120343737878, '_a1_': 1.0, '_a2_': 1.0, '_a5_': 1.0, '_a6_': 1.0, '_a7_': 1.0}};{'d0': 0.024905832919416594};-280.569866449044;36.71354456452359
9776;-103.571388659998;((x / _a3_) + (x * (pow2((x + (_a4_ / _a0_))) * _a0_)));{'d0': {'_a0_': 3.3767608794516586, '_a3_': 0.6912875220144554, '_a4_': 1.0533120343737878, '_a1_': 1.0, '_a2_': 1.0, '_a5_': 1.0, '_a6_': 1.0, '_a7_': 1.0}};{'d0': 0.024905832919416594};-280.569866449044;36.71354456452359
9777;-103.571388659998;((x / _a3_) + (x * (pow2((x + (_a4_ / _a0_))) * _a0_)));{'d0': {'_a0_': 3.3767608794516586, '_a3_': 0.6912875220144554, '_a4_': 1.0533120343737878, '_a1_': 1.0, '_a2_': 1.0, '_a5_': 1.0, '_a6_': 1.0, '_a7_': 1.0}};{'d0': 0.024905832919416594};-280.569866449044;36.71354456452359
9778;-104.049279438036;((x / _a3_) + (x * (pow2((x + log(_a4_))) * _a0_)));{'d0': {'_a0_': 3.3767608772325417, '_a3_': 0.6912875217515553, '_a4_': 1.3660586663455399, '_a1_': 1.0, '_a2_': 1.0, '_a5_': 1.0, '_a6_': 1.0, '_a7_': 1.0}};{'d0': 0.024905832919416577};-280.569866449044;36.23565378648639
9779;-104.049279438036;((x / _a3_) + (x * (pow2((x + log(_a4_))) * _a0_)));{'d0': {'_a0_': 3.3767608772325417, '_a3_': 0.6912875217515553, '_a4_': 1.3660586663455399, '_a1_': 1.0, '_a2_': 1.0, '_a5_': 1.0, '_a6_': 1.0, '_a7_': 1.0}};{'d0': 0.024905832919416577};-280.569866449044;36.23565378648639
9780;-104.049279438036;((x / _a3_) + (x * (pow2((x + log(_a4_))) * _a0_)));{'d0': {'_a0_': 3.3767608772325417, '_a3_': 0.6912875217515553, '_a4_': 1.3660586663455399, '_a1_': 1.0, '_a2_': 1.0, '_a5_': 1.0, '_a6_': 1.0, '_a7_': 1.0}};{'d0': 0.024905832919416577};-280.569866449044;36.23565378648639
9781;-104.049279438036;((x / _a3_) + (x * (pow2((x + log(_a4_))) * _a0_)));{'d0': {'_a0_': 3.3767608772325417, '_a3_': 0.6912875217515553, '_a4_': 1.3660586663455399, '_a1_': 1.0, '_a2_': 1.0, '_a5_': 1.0, '_a6_': 1.0, '_a7_': 1.0}};{'d0': 0.024905832919416577};-280.569866449044;36.23565378648639
9782;-104.049279438036;((x / _a3_) + (x * (pow2((x + log(_a4_))) * _a0_)));{'d0': {'_a0_': 3.3767608772325417, '_a3_': 0.6912875217515553, '_a4_': 1.3660586663455399, '_a1_': 1.0, '_a2_': 1.0, '_a5_': 1.0, '_a6_': 1.0, '_a7_': 1.0}};{'d0': 0.024905832919416577};-280.569866449044;36.23565378648639
9783;-104.049279438036;((x / _a3_) + (x * (pow2((x + log(_a4_))) * _a0_)));{'d0': {'_a0_': 3.3767608772325417, '_a3_': 0.6912875217515553, '_a4_': 1.3660586663455399, '_a1_': 1.0, '_a2_': 1.0, '_a5_': 1.0, '_a6_': 1.0, '_a7_': 1.0}};{'d0': 0.024905832919416577};-280.569866449044;36.23565378648639
9784;-104.049279438036;((x / _a3_) + (x * (pow2((x + log(_a4_))) * _a0_)));{'d0': {'_a0_': 3.3767608772325417, '_a3_': 0.6912875217515553, '_a4_': 1.3660586663455399, '_a1_': 1.0, '_a2_': 1.0, '_a5_': 1.0, '_a6_': 1.0, '_a7_': 1.0}};{'d0': 0.024905832919416577};-280.569866449044;36.23565378648639
9785;-104.049279438036;((x / _a3_) + (x * (pow2((x + log(_a4_))) * _a0_)));{'d0': {'_a0_': 3.3767608772325417, '_a3_': 0.6912875217515553, '_a4_': 1.3660586663455399, '_a1_': 1.0, '_a2_': 1.0, '_a5_': 1.0, '_a6_': 1.0, '_a7_': 1.0}};{'d0': 0.024905832919416577};-280.569866449044;36.23565378648639
9786;-104.049279438036;((x / _a3_) + (x * (pow2((x + log(_a4_))) * _a0_)));{'d0': {'_a0_': 3.3767608772325417, '_a3_': 0.6912875217515553, '_a4_': 1.3660586663455399, '_a1_': 1.0, '_a2_': 1.0, '_a5_': 1.0, '_a6_': 1.0, '_a7_': 1.0}};{'d0': 0.024905832919416577};-280.569866449044;36.23565378648639
9787;-104.049279438036;((x / _a3_) + (x * (pow2((x + log(_a4_))) * _a0_)));{'d0': {'_a0_': 3.3767608772325417, '_a3_': 0.6912875217515553, '_a4_': 1.3660586663455399, '_a1_': 1.0, '_a2_': 1.0, '_a5_': 1.0, '_a6_': 1.0, '_a7_': 1.0}};{'d0': 0.024905832919416577};-280.569866449044;36.23565378648639
9788;-104.049279438036;((x / _a3_) + (x * (pow2((x + log(_a4_))) * _a0_)));{'d0': {'_a0_': 3.3767608772325417, '_a3_': 0.6912875217515553, '_a4_': 1.3660586663455399, '_a1_': 1.0, '_a2_': 1.0, '_a5_': 1.0, '_a6_': 1.0, '_a7_': 1.0}};{'d0': 0.024905832919416577};-280.569866449044;36.23565378648639
9789;-104.049279438036;((x / _a3_) + (x * (pow2((x + log(_a4_))) * _a0_)));{'d0': {'_a0_': 3.3767608772325417, '_a3_': 0.6912875217515553, '_a4_': 1.3660586663455399, '_a1_': 1.0, '_a2_': 1.0, '_a5_': 1.0, '_a6_': 1.0, '_a7_': 1.0}};{'d0': 0.024905832919416577};-280.569866449044;36.23565378648639
9790;-104.049279438036;((x / _a3_) + (x * (pow2((x + log(_a4_))) * _a0_)));{'d0': {'_a0_': 3.3767608772325417, '_a3_': 0.6912875217515553, '_a4_': 1.3660586663455399, '_a1_': 1.0, '_a2_': 1.0, '_a5_': 1.0, '_a6_': 1.0, '_a7_': 1.0}};{'d0': 0.024905832919416577};-280.569866449044;36.23565378648639
9791;-104.049279438036;((x / _a3_) + (x * (pow2((x + log(_a4_))) * _a0_)));{'d0': {'_a0_': 3.3767608772325417, '_a3_': 0.6912875217515553, '_a4_': 1.3660586663455399, '_a1_': 1.0, '_a2_': 1.0, '_a5_': 1.0, '_a6_': 1.0, '_a7_': 1.0}};{'d0': 0.024905832919416577};-280.569866449044;36.23565378648639
9792;-104.049279438036;((x / _a3_) + (x * (pow2((x + log(_a4_))) * _a0_)));{'d0': {'_a0_': 3.3767608772325417, '_a3_': 0.6912875217515553, '_a4_': 1.3660586663455399, '_a1_': 1.0, '_a2_': 1.0, '_a5_': 1.0, '_a6_': 1.0, '_a7_': 1.0}};{'d0': 0.024905832919416577};-280.569866449044;36.23565378648639
9793;-104.049279438036;((x / _a3_) + (x * (pow2((x + log(_a4_))) * _a0_)));{'d0': {'_a0_': 3.3767608772325417, '_a3_': 0.6912875217515553, '_a4_': 1.3660586663455399, '_a1_': 1.0, '_a2_': 1.0, '_a5_': 1.0, '_a6_': 1.0, '_a7_': 1.0}};{'d0': 0.024905832919416577};-280.569866449044;36.23565378648639
9794;-104.049279438036;((x / _a3_) + (x * (pow2((x + log(_a4_))) * _a0_)));{'d0': {'_a0_': 3.3767608772325417, '_a3_': 0.6912875217515553, '_a4_': 1.3660586663455399, '_a1_': 1.0, '_a2_': 1.0, '_a5_': 1.0, '_a6_': 1.0, '_a7_': 1.0}};{'d0': 0.024905832919416577};-280.569866449044;36.23565378648639
9795;-104.049279438036;((x / _a3_) + (x * (pow2((x + log(_a4_))) * _a0_)));{'d0': {'_a0_': 3.3767608772325417, '_a3_': 0.6912875217515553, '_a4_': 1.3660586663455399, '_a1_': 1.0, '_a2_': 1.0, '_a5_': 1.0, '_a6_': 1.0, '_a7_': 1.0}};{'d0': 0.024905832919416577};-280.569866449044;36.23565378648639
9796;-104.049279438036;((x / _a3_) + (x * (pow2((x + log(_a4_))) * _a0_)));{'d0': {'_a0_': 3.3767608772325417, '_a3_': 0.6912875217515553, '_a4_': 1.3660586663455399, '_a1_': 1.0, '_a2_': 1.0, '_a5_': 1.0, '_a6_': 1.0, '_a7_': 1.0}};{'d0': 0.024905832919416577};-280.569866449044;36.23565378648639
9797;-104.049279438036;((x / _a3_) + (x * (pow2((x + log(_a4_))) * _a0_)));{'d0': {'_a0_': 3.3767608772325417, '_a3_': 0.6912875217515553, '_a4_': 1.3660586663455399, '_a1_': 1.0, '_a2_': 1.0, '_a5_': 1.0, '_a6_': 1.0, '_a7_': 1.0}};{'d0': 0.024905832919416577};-280.569866449044;36.23565378648639
9798;-104.049279438036;((x / _a3_) + (x * (pow2((x + log(_a4_))) * _a0_)));{'d0': {'_a0_': 3.3767608772325417, '_a3_': 0.6912875217515553, '_a4_': 1.3660586663455399, '_a1_': 1.0, '_a2_': 1.0, '_a5_': 1.0, '_a6_': 1.0, '_a7_': 1.0}};{'d0': 0.024905832919416577};-280.569866449044;36.23565378648639
9799;-104.049279438036;((x / _a3_) + (x * (pow2((x + log(_a4_))) * _a0_)));{'d0': {'_a0_': 3.3767608772325417, '_a3_': 0.6912875217515553, '_a4_': 1.3660586663455399, '_a1_': 1.0, '_a2_': 1.0, '_a5_': 1.0, '_a6_': 1.0, '_a7_': 1.0}};{'d0': 0.024905832919416577};-280.569866449044;36.23565378648639
9800;-93.0004840596552;(-(-(_a7_)) * (((_a1_ + ((pow2(_a2_) * x) * x)) + (x * _a7_)) * x));{'d0': {'_a1_': 1.223032407323608, '_a2_': 1.5252934083868506, '_a7_': 1.4514213959996638, '_a0_': 1.0, '_a3_': 1.0, '_a4_': 1.0, '_a5_': 1.0, '_a6_': 1.0}};{'d0': 0.024905832919416636};-280.569866449044;47.28444916486658
9801;-93.0004840596552;(-(-(_a7_)) * (((_a1_ + ((pow2(_a2_) * x) * x)) + (x * _a7_)) * x));{'d0': {'_a1_': 1.223032407323608, '_a2_': 1.5252934083868506, '_a7_': 1.4514213959996638, '_a0_': 1.0, '_a3_': 1.0, '_a4_': 1.0, '_a5_': 1.0, '_a6_': 1.0}};{'d0': 0.024905832919416636};-280.569866449044;47.28444916486658
9802;-93.0004840596552;(-(-(_a7_)) * (((_a1_ + ((pow2(_a2_) * x) * x)) + (x * _a7_)) * x));{'d0': {'_a1_': 1.223032407323608, '_a2_': 1.5252934083868506, '_a7_': 1.4514213959996638, '_a0_': 1.0, '_a3_': 1.0, '_a4_': 1.0, '_a5_': 1.0, '_a6_': 1.0}};{'d0': 0.024905832919416636};-280.569866449044;47.28444916486658
9803;-89.3025495870453;(-(-(_a7_)) * (((_a1_ + ((pow2(pow2(_a5_)) * x) * x)) + (x * _a7_)) * x));{'d0': {'_a1_': 1.2230324075867571, '_a5_': 1.23502769535319, '_a7_': 1.451421395756763, '_a0_': 1.0, '_a2_': 1.0, '_a3_': 1.0, '_a4_': 1.0, '_a6_': 1.0}};{'d0': 0.02490583291941658};-280.569866449044;50.98238363747658
9804;-89.3025495870453;(-(-(_a7_)) * (((_a1_ + ((pow2(pow2(_a5_)) * x) * x)) + (x * _a7_)) * x));{'d0': {'_a1_': 1.2230324075867571, '_a5_': 1.23502769535319, '_a7_': 1.451421395756763, '_a0_': 1.0, '_a2_': 1.0, '_a3_': 1.0, '_a4_': 1.0, '_a6_': 1.0}};{'d0': 0.02490583291941658};-280.569866449044;50.98238363747658
9805;-89.3025495870453;(-(-(_a7_)) * (((_a1_ + ((pow2(pow2(_a5_)) * x) * x)) + (x * _a7_)) * x));{'d0': {'_a1_': 1.2230324075867571, '_a5_': 1.23502769535319, '_a7_': 1.451421395756763, '_a0_': 1.0, '_a2_': 1.0, '_a3_': 1.0, '_a4_': 1.0, '_a6_': 1.0}};{'d0': 0.02490583291941658};-280.569866449044;50.98238363747658
9806;-89.3025495870453;(-(-(_a7_)) * (((_a1_ + ((pow2(pow2(_a5_)) * x) * x)) + (x * _a7_)) * x));{'d0': {'_a1_': 1.2230324075867571, '_a5_': 1.23502769535319, '_a7_': 1.451421395756763, '_a0_': 1.0, '_a2_': 1.0, '_a3_': 1.0, '_a4_': 1.0, '_a6_': 1.0}};{'d0': 0.02490583291941658};-280.569866449044;50.98238363747658
9807;-89.3025495870453;(-(-(_a7_)) * (((_a1_ + ((pow2(pow2(_a5_)) * x) * x)) + (x * _a7_)) * x));{'d0': {'_a1_': 1.2230324075867571, '_a5_': 1.23502769535319, '_a7_': 1.451421395756763, '_a0_': 1.0, '_a2_': 1.0, '_a3_': 1.0, '_a4_': 1.0, '_a6_': 1.0}};{'d0': 0.02490583291941658};-280.569866449044;50.98238363747658
9808;-89.3025495870453;(-(-(_a7_)) * (((_a1_ + ((pow2(pow2(_a5_)) * x) * x)) + (x * _a7_)) * x));{'d0': {'_a1_': 1.2230324075867571, '_a5_': 1.23502769535319, '_a7_': 1.451421395756763, '_a0_': 1.0, '_a2_': 1.0, '_a3_': 1.0, '_a4_': 1.0, '_a6_': 1.0}};{'d0': 0.02490583291941658};-280.569866449044;50.98238363747658
9809;-89.3025495870453;(-(-(_a7_)) * (((_a1_ + ((pow2(pow2(_a5_)) * x) * x)) + (x * _a7_)) * x));{'d0': {'_a1_': 1.2230324075867571, '_a5_': 1.23502769535319, '_a7_': 1.451421395756763, '_a0_': 1.0, '_a2_': 1.0, '_a3_': 1.0, '_a4_': 1.0, '_a6_': 1.0}};{'d0': 0.02490583291941658};-280.569866449044;50.98238363747658
9810;-103.488010419115;((x / _a3_) + (x * (pow2((x + (_a5_ + x))) * _a0_)));{'d0': {'_a0_': 0.8441902197195694, '_a3_': 0.691287521897375, '_a5_': 0.6238594156824319, '_a1_': 1.0, '_a2_': 1.0, '_a4_': 1.0, '_a6_': 1.0, '_a7_': 1.0}};{'d0': 0.02490583291941666};-280.569866449044;36.79692280540639
9811;-103.488010419115;((x / _a3_) + (x * (pow2((x + (_a5_ + x))) * _a0_)));{'d0': {'_a0_': 0.8441902197195694, '_a3_': 0.691287521897375, '_a5_': 0.6238594156824319, '_a1_': 1.0, '_a2_': 1.0, '_a4_': 1.0, '_a6_': 1.0, '_a7_': 1.0}};{'d0': 0.02490583291941666};-280.569866449044;36.79692280540639
9812;-103.488010419115;((x / _a3_) + (x * (pow2((x + (_a5_ + x))) * _a0_)));{'d0': {'_a0_': 0.8441902197195694, '_a3_': 0.691287521897375, '_a5_': 0.6238594156824319, '_a1_': 1.0, '_a2_': 1.0, '_a4_': 1.0, '_a6_': 1.0, '_a7_': 1.0}};{'d0': 0.02490583291941666};-280.569866449044;36.79692280540639
9813;-103.488010419115;((x / _a3_) + (x * (pow2((x + (_a5_ + x))) * _a0_)));{'d0': {'_a0_': 0.8441902197195694, '_a3_': 0.691287521897375, '_a5_': 0.6238594156824319, '_a1_': 1.0, '_a2_': 1.0, '_a4_': 1.0, '_a6_': 1.0, '_a7_': 1.0}};{'d0': 0.02490583291941666};-280.569866449044;36.79692280540639
9814;-103.488010419115;((x / _a3_) + (x * (pow2((x + (_a5_ + x))) * _a0_)));{'d0': {'_a0_': 0.8441902197195694, '_a3_': 0.691287521897375, '_a5_': 0.6238594156824319, '_a1_': 1.0, '_a2_': 1.0, '_a4_': 1.0, '_a6_': 1.0, '_a7_': 1.0}};{'d0': 0.02490583291941666};-280.569866449044;36.79692280540639
9815;-103.488010419115;((x / _a3_) + (x * (pow2((x + (_a5_ + x))) * _a0_)));{'d0': {'_a0_': 0.8441902197195694, '_a3_': 0.691287521897375, '_a5_': 0.6238594156824319, '_a1_': 1.0, '_a2_': 1.0, '_a4_': 1.0, '_a6_': 1.0, '_a7_': 1.0}};{'d0': 0.02490583291941666};-280.569866449044;36.79692280540639
9816;-103.488010419115;((x / _a3_) + (x * (pow2((x + (_a5_ + x))) * _a0_)));{'d0': {'_a0_': 0.8441902197195694, '_a3_': 0.691287521897375, '_a5_': 0.6238594156824319, '_a1_': 1.0, '_a2_': 1.0, '_a4_': 1.0, '_a6_': 1.0, '_a7_': 1.0}};{'d0': 0.02490583291941666};-280.569866449044;36.79692280540639
9817;-103.488010419115;((x / _a3_) + (x * (pow2((x + (_a5_ + x))) * _a0_)));{'d0': {'_a0_': 0.8441902197195694, '_a3_': 0.691287521897375, '_a5_': 0.6238594156824319, '_a1_': 1.0, '_a2_': 1.0, '_a4_': 1.0, '_a6_': 1.0, '_a7_': 1.0}};{'d0': 0.02490583291941666};-280.569866449044;36.79692280540639
9818;-103.488010419115;((x / _a3_) + (x * (pow2((x + (_a5_ + x))) * _a0_)));{'d0': {'_a0_': 0.8441902197195694, '_a3_': 0.691287521897375, '_a5_': 0.6238594156824319, '_a1_': 1.0, '_a2_': 1.0, '_a4_': 1.0, '_a6_': 1.0, '_a7_': 1.0}};{'d0': 0.02490583291941666};-280.569866449044;36.79692280540639
9819;-103.488010419115;((x / _a3_) + (x * (pow2((x + (_a5_ + x))) * _a0_)));{'d0': {'_a0_': 0.8441902197195694, '_a3_': 0.691287521897375, '_a5_': 0.6238594156824319, '_a1_': 1.0, '_a2_': 1.0, '_a4_': 1.0, '_a6_': 1.0, '_a7_': 1.0}};{'d0': 0.02490583291941666};-280.569866449044;36.79692280540639
9820;-103.488010419115;((x / _a3_) + (x * (pow2((x + (_a5_ + x))) * _a0_)));{'d0': {'_a0_': 0.8441902197195694, '_a3_': 0.691287521897375, '_a5_': 0.6238594156824319, '_a1_': 1.0, '_a2_': 1.0, '_a4_': 1.0, '_a6_': 1.0, '_a7_': 1.0}};{'d0': 0.02490583291941666};-280.569866449044;36.79692280540639
9821;-103.488010419115;((x / _a3_) + (x * (pow2((x + (_a5_ + x))) * _a0_)));{'d0': {'_a0_': 0.8441902197195694, '_a3_': 0.691287521897375, '_a5_': 0.6238594156824319, '_a1_': 1.0, '_a2_': 1.0, '_a4_': 1.0, '_a6_': 1.0, '_a7_': 1.0}};{'d0': 0.02490583291941666};-280.569866449044;36.79692280540639
9822;-103.488010419115;((x / _a3_) + (x * (pow2((x + (_a5_ + x))) * _a0_)));{'d0': {'_a0_': 0.8441902197195694, '_a3_': 0.691287521897375, '_a5_': 0.6238594156824319, '_a1_': 1.0, '_a2_': 1.0, '_a4_': 1.0, '_a6_': 1.0, '_a7_': 1.0}};{'d0': 0.02490583291941666};-280.569866449044;36.79692280540639
9823;-103.488010419115;((x / _a3_) + (x * (pow2((x + (_a5_ + x))) * _a0_)));{'d0': {'_a0_': 0.8441902197195694, '_a3_': 0.691287521897375, '_a5_': 0.6238594156824319, '_a1_': 1.0, '_a2_': 1.0, '_a4_': 1.0, '_a6_': 1.0, '_a7_': 1.0}};{'d0': 0.02490583291941666};-280.569866449044;36.79692280540639
9824;-104.411319546383;((x * _a3_) + (x * (pow2((x + (_a5_ + x))) * _a0_)));{'d0': {'_a0_': 0.8441902193446388, '_a3_': 1.446576089927521, '_a5_': 0.6238594158487157, '_a1_': 1.0, '_a2_': 1.0, '_a4_': 1.0, '_a6_': 1.0, '_a7_': 1.0}};{'d0': 0.02490583291941671};-280.569866449043;35.87361367813899
9825;-104.411319546383;((x * _a3_) + (x * (pow2((x + (_a5_ + x))) * _a0_)));{'d0': {'_a0_': 0.8441902193446388, '_a3_': 1.446576089927521, '_a5_': 0.6238594158487157, '_a1_': 1.0, '_a2_': 1.0, '_a4_': 1.0, '_a6_': 1.0, '_a7_': 1.0}};{'d0': 0.02490583291941671};-280.569866449043;35.87361367813899
9826;-104.411319546383;((x * _a3_) + (x * (pow2((x + (_a5_ + x))) * _a0_)));{'d0': {'_a0_': 0.8441902193446388, '_a3_': 1.446576089927521, '_a5_': 0.6238594158487157, '_a1_': 1.0, '_a2_': 1.0, '_a4_': 1.0, '_a6_': 1.0, '_a7_': 1.0}};{'d0': 0.02490583291941671};-280.569866449043;35.87361367813899
9827;-104.411319546383;((x * _a3_) + (x * (pow2((x + (_a5_ + x))) * _a0_)));{'d0': {'_a0_': 0.8441902193446388, '_a3_': 1.446576089927521, '_a5_': 0.6238594158487157, '_a1_': 1.0, '_a2_': 1.0, '_a4_': 1.0, '_a6_': 1.0, '_a7_': 1.0}};{'d0': 0.02490583291941671};-280.569866449043;35.87361367813899
9828;-104.411319546383;((x * _a3_) + (x * (pow2((x + (_a5_ + x))) * _a0_)));{'d0': {'_a0_': 0.8441902193446388, '_a3_': 1.446576089927521, '_a5_': 0.6238594158487157, '_a1_': 1.0, '_a2_': 1.0, '_a4_': 1.0, '_a6_': 1.0, '_a7_': 1.0}};{'d0': 0.02490583291941671};-280.569866449043;35.87361367813899
9829;-104.411319546383;((x * _a3_) + (x * (pow2((x + (_a5_ + x))) * _a0_)));{'d0': {'_a0_': 0.8441902193446388, '_a3_': 1.446576089927521, '_a5_': 0.6238594158487157, '_a1_': 1.0, '_a2_': 1.0, '_a4_': 1.0, '_a6_': 1.0, '_a7_': 1.0}};{'d0': 0.02490583291941671};-280.569866449043;35.87361367813899
9830;-104.411319546383;((x * _a3_) + (x * (pow2((x + (_a5_ + x))) * _a0_)));{'d0': {'_a0_': 0.8441902193446388, '_a3_': 1.446576089927521, '_a5_': 0.6238594158487157, '_a1_': 1.0, '_a2_': 1.0, '_a4_': 1.0, '_a6_': 1.0, '_a7_': 1.0}};{'d0': 0.02490583291941671};-280.569866449043;35.87361367813899
9831;-104.411319546383;((x * _a3_) + (x * (pow2((x + (_a5_ + x))) * _a0_)));{'d0': {'_a0_': 0.8441902193446388, '_a3_': 1.446576089927521, '_a5_': 0.6238594158487157, '_a1_': 1.0, '_a2_': 1.0, '_a4_': 1.0, '_a6_': 1.0, '_a7_': 1.0}};{'d0': 0.02490583291941671};-280.569866449043;35.87361367813899
9832;-104.411319546383;((x * _a3_) + (x * (pow2((x + (_a5_ + x))) * _a0_)));{'d0': {'_a0_': 0.8441902193446388, '_a3_': 1.446576089927521, '_a5_': 0.6238594158487157, '_a1_': 1.0, '_a2_': 1.0, '_a4_': 1.0, '_a6_': 1.0, '_a7_': 1.0}};{'d0': 0.02490583291941671};-280.569866449043;35.87361367813899
9833;-104.411319546383;((x * _a3_) + (x * (pow2((x + (_a5_ + x))) * _a0_)));{'d0': {'_a0_': 0.8441902193446388, '_a3_': 1.446576089927521, '_a5_': 0.6238594158487157, '_a1_': 1.0, '_a2_': 1.0, '_a4_': 1.0, '_a6_': 1.0, '_a7_': 1.0}};{'d0': 0.02490583291941671};-280.569866449043;35.87361367813899
9834;-104.411319546383;((x * _a3_) + (x * (pow2((x + (_a5_ + x))) * _a0_)));{'d0': {'_a0_': 0.8441902193446388, '_a3_': 1.446576089927521, '_a5_': 0.6238594158487157, '_a1_': 1.0, '_a2_': 1.0, '_a4_': 1.0, '_a6_': 1.0, '_a7_': 1.0}};{'d0': 0.02490583291941671};-280.569866449043;35.87361367813899
9835;-104.411319546383;((x * _a3_) + (x * (pow2((x + (_a5_ + x))) * _a0_)));{'d0': {'_a0_': 0.8441902193446388, '_a3_': 1.446576089927521, '_a5_': 0.6238594158487157, '_a1_': 1.0, '_a2_': 1.0, '_a4_': 1.0, '_a6_': 1.0, '_a7_': 1.0}};{'d0': 0.02490583291941671};-280.569866449043;35.87361367813899
9836;-104.411319546383;((x * _a3_) + (x * (pow2((x + (_a5_ + x))) * _a0_)));{'d0': {'_a0_': 0.8441902193446388, '_a3_': 1.446576089927521, '_a5_': 0.6238594158487157, '_a1_': 1.0, '_a2_': 1.0, '_a4_': 1.0, '_a6_': 1.0, '_a7_': 1.0}};{'d0': 0.02490583291941671};-280.569866449043;35.87361367813899
9837;-104.411319546383;((x * _a3_) + (x * (pow2((x + (_a5_ + x))) * _a0_)));{'d0': {'_a0_': 0.8441902193446388, '_a3_': 1.446576089927521, '_a5_': 0.6238594158487157, '_a1_': 1.0, '_a2_': 1.0, '_a4_': 1.0, '_a6_': 1.0, '_a7_': 1.0}};{'d0': 0.02490583291941671};-280.569866449043;35.87361367813899
9838;-104.411319546383;((x * _a3_) + (x * (pow2((x + (_a5_ + x))) * _a0_)));{'d0': {'_a0_': 0.8441902193446388, '_a3_': 1.446576089927521, '_a5_': 0.6238594158487157, '_a1_': 1.0, '_a2_': 1.0, '_a4_': 1.0, '_a6_': 1.0, '_a7_': 1.0}};{'d0': 0.02490583291941671};-280.569866449043;35.87361367813899
9839;-104.411319546383;((x * _a3_) + (x * (pow2((x + (_a5_ + x))) * _a0_)));{'d0': {'_a0_': 0.8441902193446388, '_a3_': 1.446576089927521, '_a5_': 0.6238594158487157, '_a1_': 1.0, '_a2_': 1.0, '_a4_': 1.0, '_a6_': 1.0, '_a7_': 1.0}};{'d0': 0.02490583291941671};-280.569866449043;35.87361367813899
9840;-104.411319546383;((x * _a3_) + (x * (pow2((x + (_a5_ + x))) * _a0_)));{'d0': {'_a0_': 0.8441902193446388, '_a3_': 1.446576089927521, '_a5_': 0.6238594158487157, '_a1_': 1.0, '_a2_': 1.0, '_a4_': 1.0, '_a6_': 1.0, '_a7_': 1.0}};{'d0': 0.02490583291941671};-280.569866449043;35.87361367813899
9841;-104.411319546383;((x * _a3_) + (x * (pow2((_a3_ + (_a5_ + x))) * _a0_)));{'d0': {'_a0_': 3.3767608789471835, '_a3_': 1.4465760891271158, '_a5_': -1.134646381344937, '_a1_': 1.0, '_a2_': 1.0, '_a4_': 1.0, '_a6_': 1.0, '_a7_': 1.0}};{'d0': 0.024905832919416615};-280.569866449044;35.87361367813899
9842;-104.411319546383;((x * _a3_) + (x * (pow2((_a3_ + (_a5_ + x))) * _a0_)));{'d0': {'_a0_': 3.3767608789471835, '_a3_': 1.4465760891271158, '_a5_': -1.134646381344937, '_a1_': 1.0, '_a2_': 1.0, '_a4_': 1.0, '_a6_': 1.0, '_a7_': 1.0}};{'d0': 0.024905832919416615};-280.569866449044;35.87361367813899
9843;-98.6944060208631;((((x * (x + _a0_)) + _a2_) * pow2(_a0_)) * ((x / _a3_) / _a2_));{'d0': {'_a0_': 0.6238594156650736, '_a2_': 0.5256917705903728, '_a3_': 0.21925120162305844, '_a1_': 1.0, '_a4_': 1.0, '_a5_': 1.0, '_a6_': 1.0, '_a7_': 1.0}};{'d0': 0.02490583291941662};-280.569866449044;41.59052720365861
9844;-98.6944060208631;((((x * (x + _a0_)) + _a2_) * pow2(_a0_)) * ((x / _a3_) / _a2_));{'d0': {'_a0_': 0.6238594156650736, '_a2_': 0.5256917705903728, '_a3_': 0.21925120162305844, '_a1_': 1.0, '_a4_': 1.0, '_a5_': 1.0, '_a6_': 1.0, '_a7_': 1.0}};{'d0': 0.02490583291941662};-280.569866449044;41.59052720365861
9845;-98.6944060208631;((((x * (x + _a0_)) + _a2_) * pow2(_a0_)) * ((x / _a3_) / _a2_));{'d0': {'_a0_': 0.6238594156650736, '_a2_': 0.5256917705903728, '_a3_': 0.21925120162305844, '_a1_': 1.0, '_a4_': 1.0, '_a5_': 1.0, '_a6_': 1.0, '_a7_': 1.0}};{'d0': 0.02490583291941662};-280.569866449044;41.59052720365861
9846;-98.6944060208631;((((x * (x + _a0_)) + _a2_) * pow2(_a0_)) * ((x / _a3_) / _a2_));{'d0': {'_a0_': 0.6238594156650736, '_a2_': 0.5256917705903728, '_a3_': 0.21925120162305844, '_a1_': 1.0, '_a4_': 1.0, '_a5_': 1.0, '_a6_': 1.0, '_a7_': 1.0}};{'d0': 0.02490583291941662};-280.569866449044;41.59052720365861
9847;-98.6944060208631;((((x * (x + _a0_)) + _a2_) * pow2(_a0_)) * ((x / _a3_) / _a2_));{'d0': {'_a0_': 0.6238594156650736, '_a2_': 0.5256917705903728, '_a3_': 0.21925120162305844, '_a1_': 1.0, '_a4_': 1.0, '_a5_': 1.0, '_a6_': 1.0, '_a7_': 1.0}};{'d0': 0.02490583291941662};-280.569866449044;41.59052720365861
9848;-98.6944060208631;((((x * (x + _a0_)) + _a2_) * pow2(_a0_)) * ((x / _a3_) / _a2_));{'d0': {'_a0_': 0.6238594156650736, '_a2_': 0.5256917705903728, '_a3_': 0.21925120162305844, '_a1_': 1.0, '_a4_': 1.0, '_a5_': 1.0, '_a6_': 1.0, '_a7_': 1.0}};{'d0': 0.02490583291941662};-280.569866449044;41.59052720365861
9849;-98.6944060208631;((((x * (x + _a0_)) + _a2_) * pow2(_a0_)) * ((x / _a3_) / _a2_));{'d0': {'_a0_': 0.6238594156650736, '_a2_': 0.5256917705903728, '_a3_': 0.21925120162305844, '_a1_': 1.0, '_a4_': 1.0, '_a5_': 1.0, '_a6_': 1.0, '_a7_': 1.0}};{'d0': 0.02490583291941662};-280.569866449044;41.59052720365861
9850;-98.6944060208631;((((x * (x + _a0_)) + _a2_) * pow2(_a0_)) * ((x / _a3_) / _a2_));{'d0': {'_a0_': 0.6238594156650736, '_a2_': 0.5256917705903728, '_a3_': 0.21925120162305844, '_a1_': 1.0, '_a4_': 1.0, '_a5_': 1.0, '_a6_': 1.0, '_a7_': 1.0}};{'d0': 0.02490583291941662};-280.569866449044;41.59052720365861
9851;-98.6944060208631;((((x * (x + _a0_)) + _a2_) * pow2(_a0_)) * ((x / _a3_) / _a2_));{'d0': {'_a0_': 0.6238594156650736, '_a2_': 0.5256917705903728, '_a3_': 0.21925120162305844, '_a1_': 1.0, '_a4_': 1.0, '_a5_': 1.0, '_a6_': 1.0, '_a7_': 1.0}};{'d0': 0.02490583291941662};-280.569866449044;41.59052720365861
9852;-98.6944060208631;((((x * (x + _a0_)) + _a2_) * pow2(_a0_)) * ((x / _a3_) / _a2_));{'d0': {'_a0_': 0.6238594156650736, '_a2_': 0.5256917705903728, '_a3_': 0.21925120162305844, '_a1_': 1.0, '_a4_': 1.0, '_a5_': 1.0, '_a6_': 1.0, '_a7_': 1.0}};{'d0': 0.02490583291941662};-280.569866449044;41.59052720365861
9853;-98.6944060208631;((((x * (x + _a0_)) + _a2_) * pow2(_a0_)) * ((x / _a3_) / _a2_));{'d0': {'_a0_': 0.6238594156650736, '_a2_': 0.5256917705903728, '_a3_': 0.21925120162305844, '_a1_': 1.0, '_a4_': 1.0, '_a5_': 1.0, '_a6_': 1.0, '_a7_': 1.0}};{'d0': 0.02490583291941662};-280.569866449044;41.59052720365861
9854;-98.6944060208631;((((x * (x + _a0_)) + _a2_) * pow2(_a0_)) * ((x / _a3_) / _a2_));{'d0': {'_a0_': 0.6238594156650736, '_a2_': 0.5256917705903728, '_a3_': 0.21925120162305844, '_a1_': 1.0, '_a4_': 1.0, '_a5_': 1.0, '_a6_': 1.0, '_a7_': 1.0}};{'d0': 0.02490583291941662};-280.569866449044;41.59052720365861
9855;-98.6944060208631;((((x * (x + _a0_)) + _a2_) * pow2(_a0_)) * ((x / _a3_) / _a2_));{'d0': {'_a0_': 0.6238594156650736, '_a2_': 0.5256917705903728, '_a3_': 0.21925120162305844, '_a1_': 1.0, '_a4_': 1.0, '_a5_': 1.0, '_a6_': 1.0, '_a7_': 1.0}};{'d0': 0.02490583291941662};-280.569866449044;41.59052720365861
9856;-98.6944060208631;((((x * (x + _a0_)) + _a2_) * pow2(_a0_)) * ((x / _a3_) / _a2_));{'d0': {'_a0_': 0.6238594156650736, '_a2_': 0.5256917705903728, '_a3_': 0.21925120162305844, '_a1_': 1.0, '_a4_': 1.0, '_a5_': 1.0, '_a6_': 1.0, '_a7_': 1.0}};{'d0': 0.02490583291941662};-280.569866449044;41.59052720365861
9857;-98.6944060208631;((((x * (x + _a0_)) + _a2_) * pow2(_a0_)) * ((x / _a3_) / _a2_));{'d0': {'_a0_': 0.6238594156650736, '_a2_': 0.5256917705903728, '_a3_': 0.21925120162305844, '_a1_': 1.0, '_a4_': 1.0, '_a5_': 1.0, '_a6_': 1.0, '_a7_': 1.0}};{'d0': 0.02490583291941662};-280.569866449044;41.59052720365861
9858;-98.6944060208631;((((x * (x + _a0_)) + _a2_) * pow2(_a0_)) * ((x / _a3_) / _a2_));{'d0': {'_a0_': 0.6238594156650736, '_a2_': 0.5256917705903728, '_a3_': 0.21925120162305844, '_a1_': 1.0, '_a4_': 1.0, '_a5_': 1.0, '_a6_': 1.0, '_a7_': 1.0}};{'d0': 0.02490583291941662};-280.569866449044;41.59052720365861
9859;-98.6944060208631;((((x * (x + _a0_)) + _a2_) * pow2(_a0_)) * ((x / _a1_) / _a2_));{'d0': {'_a0_': 0.6238594154714179, '_a1_': 0.21925120155342318, '_a2_': 0.525691770338215, '_a3_': 1.0, '_a4_': 1.0, '_a5_': 1.0, '_a6_': 1.0, '_a7_': 1.0}};{'d0': 0.024905832919416667};-280.569866449044;41.59052720365861
9860;-98.6944060208631;((((x * (x + _a0_)) + _a2_) * pow2(_a0_)) * ((x / _a1_) / _a2_));{'d0': {'_a0_': 0.6238594154714179, '_a1_': 0.21925120155342318, '_a2_': 0.525691770338215, '_a3_': 1.0, '_a4_': 1.0, '_a5_': 1.0, '_a6_': 1.0, '_a7_': 1.0}};{'d0': 0.024905832919416667};-280.569866449044;41.59052720365861
9861;-100.345168211796;((((x * (x + _a0_)) + _a2_) * _a5_) * ((x / _a1_) / _a2_));{'d0': {'_a0_': 0.6238594154415615, '_a1_': 0.07994231708180709, '_a2_': 0.5256917700242395, '_a5_': 0.14190844767451657, '_a3_': 1.0, '_a4_': 1.0, '_a6_': 1.0, '_a7_': 1.0}};{'d0': 0.024905832919886375};-276.475521885690;37.89259273104861
9862;-100.345168211796;((((x * (x + _a0_)) + _a2_) * _a5_) * ((x / _a1_) / _a2_));{'d0': {'_a0_': 0.6238594154415615, '_a1_': 0.07994231708180709, '_a2_': 0.5256917700242395, '_a5_': 0.14190844767451657, '_a3_': 1.0, '_a4_': 1.0, '_a6_': 1.0, '_a7_': 1.0}};{'d0': 0.024905832919886375};-276.475521885690;37.89259273104861
9863;-100.345168211796;((((x * (x + _a0_)) + _a2_) * _a5_) * ((x / _a1_) / _a2_));{'d0': {'_a0_': 0.6238594154415615, '_a1_': 0.07994231708180709, '_a2_': 0.5256917700242395, '_a5_': 0.14190844767451657, '_a3_': 1.0, '_a4_': 1.0, '_a6_': 1.0, '_a7_': 1.0}};{'d0': 0.024905832919886375};-276.475521885690;37.89259273104861
9864;-100.345168211796;((((x * (x + _a0_)) + _a2_) * _a5_) * ((x / _a1_) / _a2_));{'d0': {'_a0_': 0.6238594154415615, '_a1_': 0.07994231708180709, '_a2_': 0.5256917700242395, '_a5_': 0.14190844767451657, '_a3_': 1.0, '_a4_': 1.0, '_a6_': 1.0, '_a7_': 1.0}};{'d0': 0.024905832919886375};-276.475521885690;37.89259273104861
9865;-100.345168211796;((((x * (x + _a0_)) + _a2_) * _a5_) * ((x / _a1_) / _a2_));{'d0': {'_a0_': 0.6238594154415615, '_a1_': 0.07994231708180709, '_a2_': 0.5256917700242395, '_a5_': 0.14190844767451657, '_a3_': 1.0, '_a4_': 1.0, '_a6_': 1.0, '_a7_': 1.0}};{'d0': 0.024905832919886375};-276.475521885690;37.89259273104861
9866;-100.345168211796;((((x * (x + _a0_)) + _a2_) * _a5_) * ((x / _a1_) / _a2_));{'d0': {'_a0_': 0.6238594154415615, '_a1_': 0.07994231708180709, '_a2_': 0.5256917700242395, '_a5_': 0.14190844767451657, '_a3_': 1.0, '_a4_': 1.0, '_a6_': 1.0, '_a7_': 1.0}};{'d0': 0.024905832919886375};-276.475521885690;37.89259273104861
9867;-100.345168211796;((((x * (x + _a0_)) + _a2_) * _a5_) * ((x / _a1_) / _a2_));{'d0': {'_a0_': 0.6238594154415615, '_a1_': 0.07994231708180709, '_a2_': 0.5256917700242395, '_a5_': 0.14190844767451657, '_a3_': 1.0, '_a4_': 1.0, '_a6_': 1.0, '_a7_': 1.0}};{'d0': 0.024905832919886375};-276.475521885690;37.89259273104861
9868;-100.345168211796;((((x * (x + _a0_)) + _a2_) * _a5_) * ((x / _a1_) / _a2_));{'d0': {'_a0_': 0.6238594154415615, '_a1_': 0.07994231708180709, '_a2_': 0.5256917700242395, '_a5_': 0.14190844767451657, '_a3_': 1.0, '_a4_': 1.0, '_a6_': 1.0, '_a7_': 1.0}};{'d0': 0.024905832919886375};-276.475521885690;37.89259273104861
9869;-100.345168211796;((((x * (x + _a0_)) + _a2_) * _a5_) * ((x / _a1_) / _a2_));{'d0': {'_a0_': 0.6238594154415615, '_a1_': 0.07994231708180709, '_a2_': 0.5256917700242395, '_a5_': 0.14190844767451657, '_a3_': 1.0, '_a4_': 1.0, '_a6_': 1.0, '_a7_': 1.0}};{'d0': 0.024905832919886375};-276.475521885690;37.89259273104861
9870;-100.345168211796;((((x * (x + _a0_)) + _a2_) * _a5_) * ((x / _a1_) / _a2_));{'d0': {'_a0_': 0.6238594154415615, '_a1_': 0.07994231708180709, '_a2_': 0.5256917700242395, '_a5_': 0.14190844767451657, '_a3_': 1.0, '_a4_': 1.0, '_a6_': 1.0, '_a7_': 1.0}};{'d0': 0.024905832919886375};-276.475521885690;37.89259273104861
9871;-100.345168211796;((((x * (x + _a0_)) + _a2_) * _a5_) * ((x / _a1_) / _a2_));{'d0': {'_a0_': 0.6238594154415615, '_a1_': 0.07994231708180709, '_a2_': 0.5256917700242395, '_a5_': 0.14190844767451657, '_a3_': 1.0, '_a4_': 1.0, '_a6_': 1.0, '_a7_': 1.0}};{'d0': 0.024905832919886375};-276.475521885690;37.89259273104861
9872;-100.345168211796;((((x * (x + _a0_)) + _a2_) * _a5_) * ((x / _a1_) / _a2_));{'d0': {'_a0_': 0.6238594154415615, '_a1_': 0.07994231708180709, '_a2_': 0.5256917700242395, '_a5_': 0.14190844767451657, '_a3_': 1.0, '_a4_': 1.0, '_a6_': 1.0, '_a7_': 1.0}};{'d0': 0.024905832919886375};-276.475521885690;37.89259273104861
9873;-100.345168211796;((((x * (x + _a0_)) + _a2_) * _a5_) * ((x / _a1_) / _a2_));{'d0': {'_a0_': 0.6238594154415615, '_a1_': 0.07994231708180709, '_a2_': 0.5256917700242395, '_a5_': 0.14190844767451657, '_a3_': 1.0, '_a4_': 1.0, '_a6_': 1.0, '_a7_': 1.0}};{'d0': 0.024905832919886375};-276.475521885690;37.89259273104861
9874;-100.345168211796;((((x * (x + _a0_)) + _a2_) * _a5_) * ((x / _a1_) / _a2_));{'d0': {'_a0_': 0.6238594154415615, '_a1_': 0.07994231708180709, '_a2_': 0.5256917700242395, '_a5_': 0.14190844767451657, '_a3_': 1.0, '_a4_': 1.0, '_a6_': 1.0, '_a7_': 1.0}};{'d0': 0.024905832919886375};-276.475521885690;37.89259273104861
9875;-100.345168211796;((((x * (x + _a0_)) + _a2_) * _a5_) * ((x / _a1_) / _a2_));{'d0': {'_a0_': 0.6238594154415615, '_a1_': 0.07994231708180709, '_a2_': 0.5256917700242395, '_a5_': 0.14190844767451657, '_a3_': 1.0, '_a4_': 1.0, '_a6_': 1.0, '_a7_': 1.0}};{'d0': 0.024905832919886375};-276.475521885690;37.89259273104861
9876;-100.345168211796;((((x * (x + _a0_)) + _a2_) * _a5_) * ((x / _a1_) / _a2_));{'d0': {'_a0_': 0.6238594154415615, '_a1_': 0.07994231708180709, '_a2_': 0.5256917700242395, '_a5_': 0.14190844767451657, '_a3_': 1.0, '_a4_': 1.0, '_a6_': 1.0, '_a7_': 1.0}};{'d0': 0.024905832919886375};-276.475521885690;37.89259273104861
9877;-100.345168211796;((((x * (x + _a0_)) + _a2_) * _a5_) * ((x / _a1_) / _a2_));{'d0': {'_a0_': 0.6238594154415615, '_a1_': 0.07994231708180709, '_a2_': 0.5256917700242395, '_a5_': 0.14190844767451657, '_a3_': 1.0, '_a4_': 1.0, '_a6_': 1.0, '_a7_': 1.0}};{'d0': 0.024905832919886375};-276.475521885690;37.89259273104861
9878;-100.345168211796;((((x * (x + _a0_)) + _a2_) * _a5_) * ((x / _a1_) / _a2_));{'d0': {'_a0_': 0.6238594154415615, '_a1_': 0.07994231708180709, '_a2_': 0.5256917700242395, '_a5_': 0.14190844767451657, '_a3_': 1.0, '_a4_': 1.0, '_a6_': 1.0, '_a7_': 1.0}};{'d0': 0.024905832919886375};-276.475521885690;37.89259273104861
9879;-100.345168211434;((((x * (x + _a0_)) + _a2_) * _a5_) * ((x / _a1_) / _a1_));{'d0': {'_a0_': 0.6238594156446438, '_a1_': -3.9314335152765314, '_a2_': 0.5256917705049412, '_a5_': 52.191783558446964, '_a3_': 1.0, '_a4_': 1.0, '_a6_': 1.0, '_a7_': 1.0}};{'d0': 0.024905832920187304};-276.475521884965;37.89259273104861
9880;-100.345168211434;((((x * (x + _a0_)) + _a2_) * _a5_) * ((x / _a1_) / _a1_));{'d0': {'_a0_': 0.6238594156446438, '_a1_': -3.9314335152765314, '_a2_': 0.5256917705049412, '_a5_': 52.191783558446964, '_a3_': 1.0, '_a4_': 1.0, '_a6_': 1.0, '_a7_': 1.0}};{'d0': 0.024905832920187304};-276.475521884965;37.89259273104861
9881;-100.345168211434;((((x * (x + _a0_)) + _a2_) * _a5_) * ((x / _a1_) / _a1_));{'d0': {'_a0_': 0.6238594156446438, '_a1_': -3.9314335152765314, '_a2_': 0.5256917705049412, '_a5_': 52.191783558446964, '_a3_': 1.0, '_a4_': 1.0, '_a6_': 1.0, '_a7_': 1.0}};{'d0': 0.024905832920187304};-276.475521884965;37.89259273104861
9882;-100.345168211434;((((x * (x + _a0_)) + _a2_) * _a5_) * ((x / _a1_) / _a1_));{'d0': {'_a0_': 0.6238594156446438, '_a1_': -3.9314335152765314, '_a2_': 0.5256917705049412, '_a5_': 52.191783558446964, '_a3_': 1.0, '_a4_': 1.0, '_a6_': 1.0, '_a7_': 1.0}};{'d0': 0.024905832920187304};-276.475521884965;37.89259273104861
9883;-93.3529856752514;((pow2(x) * _a1_) + (x * (pow2((_a3_ + (-(_a6_) + x))) * -(_a3_))));{'d0': {'_a1_': -2.7899901854755838, '_a3_': -3.376760878456182, '_a6_': -4.10180692552168, '_a0_': 1.0, '_a2_': 1.0, '_a4_': 1.0, '_a5_': 1.0, '_a7_': 1.0}};{'d0': 0.02490583291941657};-280.569866449044;46.931947549270554
9884;-93.3529856752514;((pow2(x) * _a1_) + (x * (pow2((_a3_ + (-(_a6_) + x))) * -(_a3_))));{'d0': {'_a1_': -2.7899901854755838, '_a3_': -3.376760878456182, '_a6_': -4.10180692552168, '_a0_': 1.0, '_a2_': 1.0, '_a4_': 1.0, '_a5_': 1.0, '_a7_': 1.0}};{'d0': 0.02490583291941657};-280.569866449044;46.931947549270554
9885;-93.3529856752514;((pow2(x) * _a1_) + (x * (pow2((_a3_ + (-(_a6_) + x))) * -(_a3_))));{'d0': {'_a1_': -2.7899901854755838, '_a3_': -3.376760878456182, '_a6_': -4.10180692552168, '_a0_': 1.0, '_a2_': 1.0, '_a4_': 1.0, '_a5_': 1.0, '_a7_': 1.0}};{'d0': 0.02490583291941657};-280.569866449044;46.931947549270554
9886;-93.3529856752514;((pow2(x) * _a1_) + (x * (pow2((_a3_ + (-(_a6_) + x))) * -(_a3_))));{'d0': {'_a1_': -2.7899901854755838, '_a3_': -3.376760878456182, '_a6_': -4.10180692552168, '_a0_': 1.0, '_a2_': 1.0, '_a4_': 1.0, '_a5_': 1.0, '_a7_': 1.0}};{'d0': 0.02490583291941657};-280.569866449044;46.931947549270554
9887;-93.3529856752514;((pow2(x) * _a1_) + (x * (pow2((_a3_ + (-(_a6_) + x))) * -(_a3_))));{'d0': {'_a1_': -2.7899901854755838, '_a3_': -3.376760878456182, '_a6_': -4.10180692552168, '_a0_': 1.0, '_a2_': 1.0, '_a4_': 1.0, '_a5_': 1.0, '_a7_': 1.0}};{'d0': 0.02490583291941657};-280.569866449044;46.931947549270554
9888;-93.3529856752514;((pow2(x) * _a1_) + (x * (pow2((_a3_ + (-(_a6_) + x))) * -(_a3_))));{'d0': {'_a1_': -2.7899901854755838, '_a3_': -3.376760878456182, '_a6_': -4.10180692552168, '_a0_': 1.0, '_a2_': 1.0, '_a4_': 1.0, '_a5_': 1.0, '_a7_': 1.0}};{'d0': 0.02490583291941657};-280.569866449044;46.931947549270554
9889;-100.345168211434;((((x * (x + _a0_)) + _a2_) * _a5_) * ((x / _a1_) / _a1_));{'d0': {'_a0_': 0.6238594156446438, '_a1_': -3.9314335152765314, '_a2_': 0.5256917705049412, '_a5_': 52.191783558446964, '_a3_': 1.0, '_a4_': 1.0, '_a6_': 1.0, '_a7_': 1.0}};{'d0': 0.024905832920187304};-276.475521884965;37.89259273104861
9890;-100.345168211434;((((x * (x + _a0_)) + _a2_) * _a5_) * ((x / _a1_) / _a1_));{'d0': {'_a0_': 0.6238594156446438, '_a1_': -3.9314335152765314, '_a2_': 0.5256917705049412, '_a5_': 52.191783558446964, '_a3_': 1.0, '_a4_': 1.0, '_a6_': 1.0, '_a7_': 1.0}};{'d0': 0.024905832920187304};-276.475521884965;37.89259273104861
9891;-100.345168211434;((((x * (x + _a0_)) + _a2_) * _a5_) * ((x / _a1_) / _a1_));{'d0': {'_a0_': 0.6238594156446438, '_a1_': -3.9314335152765314, '_a2_': 0.5256917705049412, '_a5_': 52.191783558446964, '_a3_': 1.0, '_a4_': 1.0, '_a6_': 1.0, '_a7_': 1.0}};{'d0': 0.024905832920187304};-276.475521884965;37.89259273104861
9892;-100.345168211434;((((x * (x + _a0_)) + _a2_) * _a5_) * ((x / _a1_) / _a1_));{'d0': {'_a0_': 0.6238594156446438, '_a1_': -3.9314335152765314, '_a2_': 0.5256917705049412, '_a5_': 52.191783558446964, '_a3_': 1.0, '_a4_': 1.0, '_a6_': 1.0, '_a7_': 1.0}};{'d0': 0.024905832920187304};-276.475521884965;37.89259273104861
9893;-100.345168211434;((((x * (x + _a0_)) + _a2_) * _a5_) * ((x / _a1_) / _a1_));{'d0': {'_a0_': 0.6238594156446438, '_a1_': -3.9314335152765314, '_a2_': 0.5256917705049412, '_a5_': 52.191783558446964, '_a3_': 1.0, '_a4_': 1.0, '_a6_': 1.0, '_a7_': 1.0}};{'d0': 0.024905832920187304};-276.475521884965;37.89259273104861
9894;-100.345168211434;((((x * (x + _a0_)) + _a2_) * _a5_) * ((x / _a1_) / _a1_));{'d0': {'_a0_': 0.6238594156446438, '_a1_': -3.9314335152765314, '_a2_': 0.5256917705049412, '_a5_': 52.191783558446964, '_a3_': 1.0, '_a4_': 1.0, '_a6_': 1.0, '_a7_': 1.0}};{'d0': 0.024905832920187304};-276.475521884965;37.89259273104861
9895;-100.345168211434;((((x * (x + _a0_)) + _a2_) * _a5_) * ((x / _a1_) / _a1_));{'d0': {'_a0_': 0.6238594156446438, '_a1_': -3.9314335152765314, '_a2_': 0.5256917705049412, '_a5_': 52.191783558446964, '_a3_': 1.0, '_a4_': 1.0, '_a6_': 1.0, '_a7_': 1.0}};{'d0': 0.024905832920187304};-276.475521884965;37.89259273104861
9896;-100.345168211434;((((x * (x + _a0_)) + _a2_) * _a5_) * ((x / _a1_) / _a1_));{'d0': {'_a0_': 0.6238594156446438, '_a1_': -3.9314335152765314, '_a2_': 0.5256917705049412, '_a5_': 52.191783558446964, '_a3_': 1.0, '_a4_': 1.0, '_a6_': 1.0, '_a7_': 1.0}};{'d0': 0.024905832920187304};-276.475521884965;37.89259273104861
9897;-100.345168211434;((((x * (x + _a0_)) + _a2_) * _a5_) * ((x / _a1_) / _a1_));{'d0': {'_a0_': 0.6238594156446438, '_a1_': -3.9314335152765314, '_a2_': 0.5256917705049412, '_a5_': 52.191783558446964, '_a3_': 1.0, '_a4_': 1.0, '_a6_': 1.0, '_a7_': 1.0}};{'d0': 0.024905832920187304};-276.475521884965;37.89259273104861
9898;-100.345168211434;((((x * (x + _a0_)) + _a2_) * _a5_) * ((x / _a1_) / _a1_));{'d0': {'_a0_': 0.6238594156446438, '_a1_': -3.9314335152765314, '_a2_': 0.5256917705049412, '_a5_': 52.191783558446964, '_a3_': 1.0, '_a4_': 1.0, '_a6_': 1.0, '_a7_': 1.0}};{'d0': 0.024905832920187304};-276.475521884965;37.89259273104861
9899;-100.345168211434;((((x * (x + _a0_)) + _a2_) * _a5_) * ((x / _a1_) / _a1_));{'d0': {'_a0_': 0.6238594156446438, '_a1_': -3.9314335152765314, '_a2_': 0.5256917705049412, '_a5_': 52.191783558446964, '_a3_': 1.0, '_a4_': 1.0, '_a6_': 1.0, '_a7_': 1.0}};{'d0': 0.024905832920187304};-276.475521884965;37.89259273104861
9900;-100.345168211434;((((x * (x + _a0_)) + _a2_) * _a5_) * ((x / _a1_) / _a1_));{'d0': {'_a0_': 0.6238594156446438, '_a1_': -3.9314335152765314, '_a2_': 0.5256917705049412, '_a5_': 52.191783558446964, '_a3_': 1.0, '_a4_': 1.0, '_a6_': 1.0, '_a7_': 1.0}};{'d0': 0.024905832920187304};-276.475521884965;37.89259273104861
9901;-100.345168211434;((((x * (x + _a0_)) + _a2_) * _a5_) * ((x / _a1_) / _a1_));{'d0': {'_a0_': 0.6238594156446438, '_a1_': -3.9314335152765314, '_a2_': 0.5256917705049412, '_a5_': 52.191783558446964, '_a3_': 1.0, '_a4_': 1.0, '_a6_': 1.0, '_a7_': 1.0}};{'d0': 0.024905832920187304};-276.475521884965;37.89259273104861
9902;-100.345168211434;((((x * (x + _a0_)) + _a2_) * _a5_) * ((x / _a1_) / _a1_));{'d0': {'_a0_': 0.6238594156446438, '_a1_': -3.9314335152765314, '_a2_': 0.5256917705049412, '_a5_': 52.191783558446964, '_a3_': 1.0, '_a4_': 1.0, '_a6_': 1.0, '_a7_': 1.0}};{'d0': 0.024905832920187304};-276.475521884965;37.89259273104861
9903;-100.345168211434;((((x * (x + _a0_)) + _a2_) * _a5_) * ((x / _a1_) / _a1_));{'d0': {'_a0_': 0.6238594156446438, '_a1_': -3.9314335152765314, '_a2_': 0.5256917705049412, '_a5_': 52.191783558446964, '_a3_': 1.0, '_a4_': 1.0, '_a6_': 1.0, '_a7_': 1.0}};{'d0': 0.024905832920187304};-276.475521884965;37.89259273104861
9904;-100.345168211434;((((x * (x + _a0_)) + _a2_) * _a5_) * ((x / _a1_) / _a1_));{'d0': {'_a0_': 0.6238594156446438, '_a1_': -3.9314335152765314, '_a2_': 0.5256917705049412, '_a5_': 52.191783558446964, '_a3_': 1.0, '_a4_': 1.0, '_a6_': 1.0, '_a7_': 1.0}};{'d0': 0.024905832920187304};-276.475521884965;37.89259273104861
9905;-100.345168211434;((((x * (x + _a0_)) + _a2_) * _a5_) * ((x / _a1_) / _a1_));{'d0': {'_a0_': 0.6238594156446438, '_a1_': -3.9314335152765314, '_a2_': 0.5256917705049412, '_a5_': 52.191783558446964, '_a3_': 1.0, '_a4_': 1.0, '_a6_': 1.0, '_a7_': 1.0}};{'d0': 0.024905832920187304};-276.475521884965;37.89259273104861
9906;-102.745063122045;(((_a4_ + pow2(x)) + (_a7_ * x)) * (x / (_a4_ ** _a5_)));{'d0': {'_a4_': 0.5256917697225018, '_a5_': 1.8924429287029623, '_a7_': 0.6238594153300133, '_a0_': 1.0, '_a1_': 1.0, '_a2_': 1.0, '_a3_': 1.0, '_a6_': 1.0}};{'d0': 0.024905832919416563};-280.569866449044;37.539870102476456
9907;-102.745063122045;(((_a4_ + pow2(x)) + (_a7_ * x)) * (x / (_a4_ ** _a5_)));{'d0': {'_a4_': 0.5256917697225018, '_a5_': 1.8924429287029623, '_a7_': 0.6238594153300133, '_a0_': 1.0, '_a1_': 1.0, '_a2_': 1.0, '_a3_': 1.0, '_a6_': 1.0}};{'d0': 0.024905832919416563};-280.569866449044;37.539870102476456
9908;-102.745063122045;(((_a4_ + pow2(x)) + (_a7_ * x)) * (x / (_a4_ ** _a5_)));{'d0': {'_a4_': 0.5256917697225018, '_a5_': 1.8924429287029623, '_a7_': 0.6238594153300133, '_a0_': 1.0, '_a1_': 1.0, '_a2_': 1.0, '_a3_': 1.0, '_a6_': 1.0}};{'d0': 0.024905832919416563};-280.569866449044;37.539870102476456
9909;-102.745063122045;(((_a4_ + pow2(x)) + (_a7_ * x)) * (x / (_a4_ ** _a5_)));{'d0': {'_a4_': 0.5256917697225018, '_a5_': 1.8924429287029623, '_a7_': 0.6238594153300133, '_a0_': 1.0, '_a1_': 1.0, '_a2_': 1.0, '_a3_': 1.0, '_a6_': 1.0}};{'d0': 0.024905832919416563};-280.569866449044;37.539870102476456
9910;-102.745063122045;(((_a4_ + pow2(x)) + (_a7_ * x)) * (x / (_a4_ ** _a5_)));{'d0': {'_a4_': 0.5256917697225018, '_a5_': 1.8924429287029623, '_a7_': 0.6238594153300133, '_a0_': 1.0, '_a1_': 1.0, '_a2_': 1.0, '_a3_': 1.0, '_a6_': 1.0}};{'d0': 0.024905832919416563};-280.569866449044;37.539870102476456
9911;-102.745063122045;(((_a4_ + pow2(x)) + (_a7_ * x)) * (x / (_a4_ ** _a5_)));{'d0': {'_a4_': 0.5256917697225018, '_a5_': 1.8924429287029623, '_a7_': 0.6238594153300133, '_a0_': 1.0, '_a1_': 1.0, '_a2_': 1.0, '_a3_': 1.0, '_a6_': 1.0}};{'d0': 0.024905832919416563};-280.569866449044;37.539870102476456
9912;-102.745063122045;(((_a4_ + pow2(x)) + (_a7_ * x)) * (x / (_a4_ ** _a5_)));{'d0': {'_a4_': 0.5256917697225018, '_a5_': 1.8924429287029623, '_a7_': 0.6238594153300133, '_a0_': 1.0, '_a1_': 1.0, '_a2_': 1.0, '_a3_': 1.0, '_a6_': 1.0}};{'d0': 0.024905832919416563};-280.569866449044;37.539870102476456
9913;-102.745063122045;(((_a4_ + pow2(x)) + (_a7_ * x)) * (x / (_a4_ ** _a5_)));{'d0': {'_a4_': 0.5256917697225018, '_a5_': 1.8924429287029623, '_a7_': 0.6238594153300133, '_a0_': 1.0, '_a1_': 1.0, '_a2_': 1.0, '_a3_': 1.0, '_a6_': 1.0}};{'d0': 0.024905832919416563};-280.569866449044;37.539870102476456
9914;-102.745063122045;(((_a4_ + pow2(x)) + (_a7_ * x)) * (x / (_a4_ ** _a5_)));{'d0': {'_a4_': 0.5256917697225018, '_a5_': 1.8924429287029623, '_a7_': 0.6238594153300133, '_a0_': 1.0, '_a1_': 1.0, '_a2_': 1.0, '_a3_': 1.0, '_a6_': 1.0}};{'d0': 0.024905832919416563};-280.569866449044;37.539870102476456
9915;-102.745063122045;(((_a4_ + pow2(x)) + (_a7_ * x)) * (x / (_a4_ ** _a5_)));{'d0': {'_a4_': 0.5256917697225018, '_a5_': 1.8924429287029623, '_a7_': 0.6238594153300133, '_a0_': 1.0, '_a1_': 1.0, '_a2_': 1.0, '_a3_': 1.0, '_a6_': 1.0}};{'d0': 0.024905832919416563};-280.569866449044;37.539870102476456
9916;-102.745063122045;(((_a4_ + pow2(x)) + (_a7_ * x)) * (x / (_a4_ ** _a5_)));{'d0': {'_a4_': 0.5256917697225018, '_a5_': 1.8924429287029623, '_a7_': 0.6238594153300133, '_a0_': 1.0, '_a1_': 1.0, '_a2_': 1.0, '_a3_': 1.0, '_a6_': 1.0}};{'d0': 0.024905832919416563};-280.569866449044;37.539870102476456
9917;-102.745063122045;(((_a4_ + pow2(x)) + (_a7_ * x)) * (x / (_a4_ ** _a5_)));{'d0': {'_a4_': 0.5256917697225018, '_a5_': 1.8924429287029623, '_a7_': 0.6238594153300133, '_a0_': 1.0, '_a1_': 1.0, '_a2_': 1.0, '_a3_': 1.0, '_a6_': 1.0}};{'d0': 0.024905832919416563};-280.569866449044;37.539870102476456
9918;-102.745063122045;(((_a4_ + pow2(x)) + (_a7_ * x)) * (x / (_a4_ ** _a5_)));{'d0': {'_a4_': 0.5256917697225018, '_a5_': 1.8924429287029623, '_a7_': 0.6238594153300133, '_a0_': 1.0, '_a1_': 1.0, '_a2_': 1.0, '_a3_': 1.0, '_a6_': 1.0}};{'d0': 0.024905832919416563};-280.569866449044;37.539870102476456
9919;-102.745063122045;(((_a4_ + pow2(x)) + (_a7_ * x)) * (x / (_a4_ ** _a5_)));{'d0': {'_a4_': 0.5256917697225018, '_a5_': 1.8924429287029623, '_a7_': 0.6238594153300133, '_a0_': 1.0, '_a1_': 1.0, '_a2_': 1.0, '_a3_': 1.0, '_a6_': 1.0}};{'d0': 0.024905832919416563};-280.569866449044;37.539870102476456
9920;-102.745063122045;(((_a4_ + pow2(x)) + (_a7_ * x)) * (x / (_a4_ ** _a5_)));{'d0': {'_a4_': 0.5256917697225018, '_a5_': 1.8924429287029623, '_a7_': 0.6238594153300133, '_a0_': 1.0, '_a1_': 1.0, '_a2_': 1.0, '_a3_': 1.0, '_a6_': 1.0}};{'d0': 0.024905832919416563};-280.569866449044;37.539870102476456
9921;-102.745063122045;(((_a4_ + pow2(x)) + (_a7_ * x)) * (x / (_a4_ ** _a5_)));{'d0': {'_a4_': 0.5256917697225018, '_a5_': 1.8924429287029623, '_a7_': 0.6238594153300133, '_a0_': 1.0, '_a1_': 1.0, '_a2_': 1.0, '_a3_': 1.0, '_a6_': 1.0}};{'d0': 0.024905832919416563};-280.569866449044;37.539870102476456
9922;-102.745063122045;(((_a4_ + pow2(x)) + (_a7_ * x)) * (x / (_a4_ ** _a5_)));{'d0': {'_a4_': 0.5256917697225018, '_a5_': 1.8924429287029623, '_a7_': 0.6238594153300133, '_a0_': 1.0, '_a1_': 1.0, '_a2_': 1.0, '_a3_': 1.0, '_a6_': 1.0}};{'d0': 0.024905832919416563};-280.569866449044;37.539870102476456
9923;-102.745063122045;(((_a4_ + pow2(x)) + (_a7_ * x)) * (x / (_a4_ ** _a5_)));{'d0': {'_a4_': 0.5256917697225018, '_a5_': 1.8924429287029623, '_a7_': 0.6238594153300133, '_a0_': 1.0, '_a1_': 1.0, '_a2_': 1.0, '_a3_': 1.0, '_a6_': 1.0}};{'d0': 0.024905832919416563};-280.569866449044;37.539870102476456
9924;-102.745063122045;(((_a4_ + pow2(x)) + (_a7_ * x)) * (x / (_a4_ ** _a5_)));{'d0': {'_a4_': 0.5256917697225018, '_a5_': 1.8924429287029623, '_a7_': 0.6238594153300133, '_a0_': 1.0, '_a1_': 1.0, '_a2_': 1.0, '_a3_': 1.0, '_a6_': 1.0}};{'d0': 0.024905832919416563};-280.569866449044;37.539870102476456
9925;-102.745063122045;(((_a4_ + pow2(x)) + (_a7_ * x)) * (x / (_a4_ ** _a5_)));{'d0': {'_a4_': 0.5256917697225018, '_a5_': 1.8924429287029623, '_a7_': 0.6238594153300133, '_a0_': 1.0, '_a1_': 1.0, '_a2_': 1.0, '_a3_': 1.0, '_a6_': 1.0}};{'d0': 0.024905832919416563};-280.569866449044;37.539870102476456
9926;-102.745063122045;(((_a4_ + pow2(x)) + (_a7_ * x)) * (x / (_a4_ ** _a5_)));{'d0': {'_a4_': 0.5256917697225018, '_a5_': 1.8924429287029623, '_a7_': 0.6238594153300133, '_a0_': 1.0, '_a1_': 1.0, '_a2_': 1.0, '_a3_': 1.0, '_a6_': 1.0}};{'d0': 0.024905832919416563};-280.569866449044;37.539870102476456
9927;-102.745063122045;(((_a4_ + pow2(x)) + (_a7_ * x)) * (x / (_a4_ ** _a5_)));{'d0': {'_a4_': 0.5256917697225018, '_a5_': 1.8924429287029623, '_a7_': 0.6238594153300133, '_a0_': 1.0, '_a1_': 1.0, '_a2_': 1.0, '_a3_': 1.0, '_a6_': 1.0}};{'d0': 0.024905832919416563};-280.569866449044;37.539870102476456
9928;-102.745063122045;(((_a4_ + pow2(x)) + (_a7_ * x)) * (x / (_a4_ ** _a5_)));{'d0': {'_a4_': 0.5256917697225018, '_a5_': 1.8924429287029623, '_a7_': 0.6238594153300133, '_a0_': 1.0, '_a1_': 1.0, '_a2_': 1.0, '_a3_': 1.0, '_a6_': 1.0}};{'d0': 0.024905832919416563};-280.569866449044;37.539870102476456
9929;-102.745063122045;(((_a4_ + pow2(x)) + (_a7_ * x)) * (x / (_a4_ ** _a5_)));{'d0': {'_a4_': 0.5256917697225018, '_a5_': 1.8924429287029623, '_a7_': 0.6238594153300133, '_a0_': 1.0, '_a1_': 1.0, '_a2_': 1.0, '_a3_': 1.0, '_a6_': 1.0}};{'d0': 0.024905832919416563};-280.569866449044;37.539870102476456
9930;-102.745063122045;(((_a4_ + pow2(x)) + (_a7_ * x)) * (x / (_a4_ ** _a5_)));{'d0': {'_a4_': 0.5256917697225018, '_a5_': 1.8924429287029623, '_a7_': 0.6238594153300133, '_a0_': 1.0, '_a1_': 1.0, '_a2_': 1.0, '_a3_': 1.0, '_a6_': 1.0}};{'d0': 0.024905832919416563};-280.569866449044;37.539870102476456
9931;-102.745063122045;(((_a4_ + pow2(x)) + (_a7_ * x)) * (x / (_a4_ ** _a5_)));{'d0': {'_a4_': 0.5256917697225018, '_a5_': 1.8924429287029623, '_a7_': 0.6238594153300133, '_a0_': 1.0, '_a1_': 1.0, '_a2_': 1.0, '_a3_': 1.0, '_a6_': 1.0}};{'d0': 0.024905832919416563};-280.569866449044;37.539870102476456
9932;-102.745063122045;(((_a4_ + pow2(x)) + (_a7_ * x)) * (x / (_a4_ ** _a5_)));{'d0': {'_a4_': 0.5256917697225018, '_a5_': 1.8924429287029623, '_a7_': 0.6238594153300133, '_a0_': 1.0, '_a1_': 1.0, '_a2_': 1.0, '_a3_': 1.0, '_a6_': 1.0}};{'d0': 0.024905832919416563};-280.569866449044;37.539870102476456
9933;-102.745063122045;(((_a4_ + pow2(x)) + (_a7_ * x)) * (x / (_a4_ ** _a5_)));{'d0': {'_a4_': 0.5256917697225018, '_a5_': 1.8924429287029623, '_a7_': 0.6238594153300133, '_a0_': 1.0, '_a1_': 1.0, '_a2_': 1.0, '_a3_': 1.0, '_a6_': 1.0}};{'d0': 0.024905832919416563};-280.569866449044;37.539870102476456
9934;-102.745063122045;(((_a4_ + pow2(x)) + (_a7_ * x)) * (x / (_a4_ ** _a5_)));{'d0': {'_a4_': 0.5256917697225018, '_a5_': 1.8924429287029623, '_a7_': 0.6238594153300133, '_a0_': 1.0, '_a1_': 1.0, '_a2_': 1.0, '_a3_': 1.0, '_a6_': 1.0}};{'d0': 0.024905832919416563};-280.569866449044;37.539870102476456
9935;-102.745063122045;(((_a4_ + pow2(x)) + (_a7_ * x)) * (x / (_a4_ ** _a5_)));{'d0': {'_a4_': 0.5256917697225018, '_a5_': 1.8924429287029623, '_a7_': 0.6238594153300133, '_a0_': 1.0, '_a1_': 1.0, '_a2_': 1.0, '_a3_': 1.0, '_a6_': 1.0}};{'d0': 0.024905832919416563};-280.569866449044;37.539870102476456
9936;-102.745063122045;(((_a4_ + pow2(x)) + (_a7_ * x)) * (x / (_a4_ ** _a5_)));{'d0': {'_a4_': 0.5256917697225018, '_a5_': 1.8924429287029623, '_a7_': 0.6238594153300133, '_a0_': 1.0, '_a1_': 1.0, '_a2_': 1.0, '_a3_': 1.0, '_a6_': 1.0}};{'d0': 0.024905832919416563};-280.569866449044;37.539870102476456
9937;-102.745063122045;(((_a4_ + pow2(x)) + (_a7_ * x)) * (x / (_a4_ ** _a5_)));{'d0': {'_a4_': 0.5256917697225018, '_a5_': 1.8924429287029623, '_a7_': 0.6238594153300133, '_a0_': 1.0, '_a1_': 1.0, '_a2_': 1.0, '_a3_': 1.0, '_a6_': 1.0}};{'d0': 0.024905832919416563};-280.569866449044;37.539870102476456
9938;-102.745063122045;(((_a4_ + pow2(x)) + (_a7_ * x)) * (x / (_a4_ ** _a5_)));{'d0': {'_a4_': 0.5256917697225018, '_a5_': 1.8924429287029623, '_a7_': 0.6238594153300133, '_a0_': 1.0, '_a1_': 1.0, '_a2_': 1.0, '_a3_': 1.0, '_a6_': 1.0}};{'d0': 0.024905832919416563};-280.569866449044;37.539870102476456
9939;-102.745063122045;(((_a4_ + pow2(x)) + (_a7_ * x)) * (x / (_a4_ ** _a5_)));{'d0': {'_a4_': 0.5256917697225018, '_a5_': 1.8924429287029623, '_a7_': 0.6238594153300133, '_a0_': 1.0, '_a1_': 1.0, '_a2_': 1.0, '_a3_': 1.0, '_a6_': 1.0}};{'d0': 0.024905832919416563};-280.569866449044;37.539870102476456
9940;-102.745063122045;(((_a4_ + pow2(x)) + (_a7_ * x)) * (x / (_a4_ ** _a5_)));{'d0': {'_a4_': 0.5256917697225018, '_a5_': 1.8924429287029623, '_a7_': 0.6238594153300133, '_a0_': 1.0, '_a1_': 1.0, '_a2_': 1.0, '_a3_': 1.0, '_a6_': 1.0}};{'d0': 0.024905832919416563};-280.569866449044;37.539870102476456
9941;-102.745063122045;(((_a4_ + pow2(x)) + (_a7_ * x)) * (x / (_a4_ ** _a5_)));{'d0': {'_a4_': 0.5256917697225018, '_a5_': 1.8924429287029623, '_a7_': 0.6238594153300133, '_a0_': 1.0, '_a1_': 1.0, '_a2_': 1.0, '_a3_': 1.0, '_a6_': 1.0}};{'d0': 0.024905832919416563};-280.569866449044;37.539870102476456
9942;-96.9078403138982;(((_a4_ + pow2(x)) + (_a7_ * (x / _a5_))) * (x / (_a4_ ** _a5_)));{'d0': {'_a4_': 0.5256917708460359, '_a5_': 1.8924429329998964, '_a7_': 1.1806183423068166, '_a0_': 1.0, '_a1_': 1.0, '_a2_': 1.0, '_a3_': 1.0, '_a6_': 1.0}};{'d0': 0.024905832919416608};-280.569866449044;43.37709291062366
9943;-96.9078403138982;(((_a4_ + pow2(x)) + (_a7_ * (x / _a5_))) * (x / (_a4_ ** _a5_)));{'d0': {'_a4_': 0.5256917708460359, '_a5_': 1.8924429329998964, '_a7_': 1.1806183423068166, '_a0_': 1.0, '_a1_': 1.0, '_a2_': 1.0, '_a3_': 1.0, '_a6_': 1.0}};{'d0': 0.024905832919416608};-280.569866449044;43.37709291062366
9944;-96.9078403138982;(((_a4_ + pow2(x)) + (_a7_ * (x / _a5_))) * (x / (_a4_ ** _a5_)));{'d0': {'_a4_': 0.5256917708460359, '_a5_': 1.8924429329998964, '_a7_': 1.1806183423068166, '_a0_': 1.0, '_a1_': 1.0, '_a2_': 1.0, '_a3_': 1.0, '_a6_': 1.0}};{'d0': 0.024905832919416608};-280.569866449044;43.37709291062366
9945;-96.9078403138982;(((_a4_ + pow2(x)) + (_a7_ * (x / _a5_))) * (x / (_a4_ ** _a5_)));{'d0': {'_a4_': 0.5256917708460359, '_a5_': 1.8924429329998964, '_a7_': 1.1806183423068166, '_a0_': 1.0, '_a1_': 1.0, '_a2_': 1.0, '_a3_': 1.0, '_a6_': 1.0}};{'d0': 0.024905832919416608};-280.569866449044;43.37709291062366
9946;-96.9078403138982;(((_a4_ + pow2(x)) + (_a7_ * (x / _a5_))) * (x / (_a4_ ** _a5_)));{'d0': {'_a4_': 0.5256917708460359, '_a5_': 1.8924429329998964, '_a7_': 1.1806183423068166, '_a0_': 1.0, '_a1_': 1.0, '_a2_': 1.0, '_a3_': 1.0, '_a6_': 1.0}};{'d0': 0.024905832919416608};-280.569866449044;43.37709291062366
9947;-96.9078403138982;(((_a4_ + pow2(x)) + (_a7_ * (x / _a5_))) * (x / (_a4_ ** _a5_)));{'d0': {'_a4_': 0.5256917708460359, '_a5_': 1.8924429329998964, '_a7_': 1.1806183423068166, '_a0_': 1.0, '_a1_': 1.0, '_a2_': 1.0, '_a3_': 1.0, '_a6_': 1.0}};{'d0': 0.024905832919416608};-280.569866449044;43.37709291062366
9948;-96.9078403138982;(((_a4_ + pow2(x)) + (_a7_ * (x / _a5_))) * (x / (_a4_ ** _a5_)));{'d0': {'_a4_': 0.5256917708460359, '_a5_': 1.8924429329998964, '_a7_': 1.1806183423068166, '_a0_': 1.0, '_a1_': 1.0, '_a2_': 1.0, '_a3_': 1.0, '_a6_': 1.0}};{'d0': 0.024905832919416608};-280.569866449044;43.37709291062366
9949;-98.6944060208631;(((_a4_ + pow2(x)) + (_a7_ * (x / _a5_))) * (x / (_a4_ * _a5_)));{'d0': {'_a4_': 0.5256917699409439, '_a5_': 0.5633373082270641, '_a7_': 0.3514432837737766, '_a0_': 1.0, '_a1_': 1.0, '_a2_': 1.0, '_a3_': 1.0, '_a6_': 1.0}};{'d0': 0.02490583291941671};-280.569866449043;41.59052720365866
9950;-98.6944060208631;(((_a4_ + pow2(x)) + (_a7_ * (x / _a5_))) * (x / (_a4_ * _a5_)));{'d0': {'_a4_': 0.5256917699409439, '_a5_': 0.5633373082270641, '_a7_': 0.3514432837737766, '_a0_': 1.0, '_a1_': 1.0, '_a2_': 1.0, '_a3_': 1.0, '_a6_': 1.0}};{'d0': 0.02490583291941671};-280.569866449043;41.59052720365866
9951;-98.6944060208631;(((_a4_ + pow2(x)) + (_a7_ * (x / _a5_))) * (x / (_a4_ * _a5_)));{'d0': {'_a4_': 0.5256917699409439, '_a5_': 0.5633373082270641, '_a7_': 0.3514432837737766, '_a0_': 1.0, '_a1_': 1.0, '_a2_': 1.0, '_a3_': 1.0, '_a6_': 1.0}};{'d0': 0.02490583291941671};-280.569866449043;41.59052720365866
9952;-98.6944060208631;(((_a4_ + pow2(x)) + (_a7_ * (x / _a5_))) * (x / (_a4_ * _a5_)));{'d0': {'_a4_': 0.5256917699409439, '_a5_': 0.5633373082270641, '_a7_': 0.3514432837737766, '_a0_': 1.0, '_a1_': 1.0, '_a2_': 1.0, '_a3_': 1.0, '_a6_': 1.0}};{'d0': 0.02490583291941671};-280.569866449043;41.59052720365866
9953;-98.6944060208631;(((_a4_ + pow2(x)) + (_a7_ * (x / _a5_))) * (x / (_a4_ * _a5_)));{'d0': {'_a4_': 0.5256917699409439, '_a5_': 0.5633373082270641, '_a7_': 0.3514432837737766, '_a0_': 1.0, '_a1_': 1.0, '_a2_': 1.0, '_a3_': 1.0, '_a6_': 1.0}};{'d0': 0.02490583291941671};-280.569866449043;41.59052720365866
9954;-98.6944060208631;(((_a4_ + pow2(x)) + (_a7_ * (x / _a5_))) * (x / (_a4_ * _a5_)));{'d0': {'_a4_': 0.5256917699409439, '_a5_': 0.5633373082270641, '_a7_': 0.3514432837737766, '_a0_': 1.0, '_a1_': 1.0, '_a2_': 1.0, '_a3_': 1.0, '_a6_': 1.0}};{'d0': 0.02490583291941671};-280.569866449043;41.59052720365866
9955;-98.6944060208631;(((_a4_ + pow2(x)) + (_a7_ * (x / _a5_))) * (x / (_a4_ * _a5_)));{'d0': {'_a4_': 0.5256917699409439, '_a5_': 0.5633373082270641, '_a7_': 0.3514432837737766, '_a0_': 1.0, '_a1_': 1.0, '_a2_': 1.0, '_a3_': 1.0, '_a6_': 1.0}};{'d0': 0.02490583291941671};-280.569866449043;41.59052720365866
9956;-98.6944060208631;(((_a4_ + pow2(x)) + (_a7_ * (x / _a5_))) * (x / (_a4_ * _a5_)));{'d0': {'_a4_': 0.5256917699409439, '_a5_': 0.5633373082270641, '_a7_': 0.3514432837737766, '_a0_': 1.0, '_a1_': 1.0, '_a2_': 1.0, '_a3_': 1.0, '_a6_': 1.0}};{'d0': 0.02490583291941671};-280.569866449043;41.59052720365866
9957;-98.6944060208631;(((_a4_ + pow2(x)) + (_a7_ * (x / _a5_))) * (x / (_a4_ * _a5_)));{'d0': {'_a4_': 0.5256917699409439, '_a5_': 0.5633373082270641, '_a7_': 0.3514432837737766, '_a0_': 1.0, '_a1_': 1.0, '_a2_': 1.0, '_a3_': 1.0, '_a6_': 1.0}};{'d0': 0.02490583291941671};-280.569866449043;41.59052720365866
9958;-98.6944060208631;(((_a4_ + pow2(x)) + (_a7_ * (x / _a5_))) * (x / (_a4_ * _a5_)));{'d0': {'_a4_': 0.5256917699409439, '_a5_': 0.5633373082270641, '_a7_': 0.3514432837737766, '_a0_': 1.0, '_a1_': 1.0, '_a2_': 1.0, '_a3_': 1.0, '_a6_': 1.0}};{'d0': 0.02490583291941671};-280.569866449043;41.59052720365866
9959;-98.6944060208631;(((_a4_ + pow2(x)) + (_a7_ * (x / _a5_))) * (x / (_a4_ * _a5_)));{'d0': {'_a4_': 0.5256917699409439, '_a5_': 0.5633373082270641, '_a7_': 0.3514432837737766, '_a0_': 1.0, '_a1_': 1.0, '_a2_': 1.0, '_a3_': 1.0, '_a6_': 1.0}};{'d0': 0.02490583291941671};-280.569866449043;41.59052720365866
9960;-98.6944060208631;(((_a4_ + pow2(x)) + (_a7_ * (x / _a5_))) * (x / (_a4_ * _a5_)));{'d0': {'_a4_': 0.5256917699409439, '_a5_': 0.5633373082270641, '_a7_': 0.3514432837737766, '_a0_': 1.0, '_a1_': 1.0, '_a2_': 1.0, '_a3_': 1.0, '_a6_': 1.0}};{'d0': 0.02490583291941671};-280.569866449043;41.59052720365866
9961;-98.6944060208631;(((_a4_ + pow2(x)) + (_a7_ * (x / _a5_))) * (x / (_a4_ * _a5_)));{'d0': {'_a4_': 0.5256917699409439, '_a5_': 0.5633373082270641, '_a7_': 0.3514432837737766, '_a0_': 1.0, '_a1_': 1.0, '_a2_': 1.0, '_a3_': 1.0, '_a6_': 1.0}};{'d0': 0.02490583291941671};-280.569866449043;41.59052720365866
9962;-98.6944060208631;(((_a4_ + pow2(x)) + (_a7_ * (x / _a5_))) * (x / (_a4_ * _a5_)));{'d0': {'_a4_': 0.5256917699409439, '_a5_': 0.5633373082270641, '_a7_': 0.3514432837737766, '_a0_': 1.0, '_a1_': 1.0, '_a2_': 1.0, '_a3_': 1.0, '_a6_': 1.0}};{'d0': 0.02490583291941671};-280.569866449043;41.59052720365866
9963;-98.6944060208631;(((_a4_ + pow2(x)) + (_a7_ * (x / _a5_))) * (x / (_a4_ * _a5_)));{'d0': {'_a4_': 0.5256917699409439, '_a5_': 0.5633373082270641, '_a7_': 0.3514432837737766, '_a0_': 1.0, '_a1_': 1.0, '_a2_': 1.0, '_a3_': 1.0, '_a6_': 1.0}};{'d0': 0.02490583291941671};-280.569866449043;41.59052720365866
9964;-98.6944060208631;(((_a4_ + pow2(x)) + (_a7_ * (x / _a5_))) * (x / (_a4_ * _a5_)));{'d0': {'_a4_': 0.5256917699409439, '_a5_': 0.5633373082270641, '_a7_': 0.3514432837737766, '_a0_': 1.0, '_a1_': 1.0, '_a2_': 1.0, '_a3_': 1.0, '_a6_': 1.0}};{'d0': 0.02490583291941671};-280.569866449043;41.59052720365866
9965;-99.7152667481069;(((sin((_a3_ * (-(_a6_) + x))) + x) * _a5_) + _a1_);{'d0': {'_a1_': 4.814503103230272, '_a3_': -0.9463687544300301, '_a5_': 24.65382569050331, '_a6_': -0.207796651472845, '_a0_': 1.0, '_a2_': 1.0, '_a4_': 1.0, '_a7_': 1.0}};{'d0': 0.02568721522415087};-274.622039314750;37.59575290926791
9966;-99.7152667481069;(((sin((_a3_ * (-(_a6_) + x))) + x) * _a5_) + _a1_);{'d0': {'_a1_': 4.814503103230272, '_a3_': -0.9463687544300301, '_a5_': 24.65382569050331, '_a6_': -0.207796651472845, '_a0_': 1.0, '_a2_': 1.0, '_a4_': 1.0, '_a7_': 1.0}};{'d0': 0.02568721522415087};-274.622039314750;37.59575290926791
9967;-99.7152667481069;(((sin((_a3_ * (-(_a6_) + x))) + x) * _a5_) + _a1_);{'d0': {'_a1_': 4.814503103230272, '_a3_': -0.9463687544300301, '_a5_': 24.65382569050331, '_a6_': -0.207796651472845, '_a0_': 1.0, '_a2_': 1.0, '_a4_': 1.0, '_a7_': 1.0}};{'d0': 0.02568721522415087};-274.622039314750;37.59575290926791
9968;-98.6944060208632;(((_a4_ + pow2(x)) + (_a7_ * (x / _a5_))) * (x / (_a4_ * _a7_)));{'d0': {'_a4_': 0.5256917706566538, '_a5_': 0.9029875865475493, '_a7_': 0.5633373079613444, '_a0_': 1.0, '_a1_': 1.0, '_a2_': 1.0, '_a3_': 1.0, '_a6_': 1.0}};{'d0': 0.02490583291941661};-280.569866449044;41.59052720365866
9969;-98.6944060208632;(((_a4_ + pow2(x)) + (_a7_ * (x / _a5_))) * (x / (_a4_ * _a7_)));{'d0': {'_a4_': 0.5256917706566538, '_a5_': 0.9029875865475493, '_a7_': 0.5633373079613444, '_a0_': 1.0, '_a1_': 1.0, '_a2_': 1.0, '_a3_': 1.0, '_a6_': 1.0}};{'d0': 0.02490583291941661};-280.569866449044;41.59052720365866
9970;-98.6944060208632;(((_a4_ + pow2(x)) + (_a7_ * (x / _a5_))) * (x / (_a4_ * _a7_)));{'d0': {'_a4_': 0.5256917706566538, '_a5_': 0.9029875865475493, '_a7_': 0.5633373079613444, '_a0_': 1.0, '_a1_': 1.0, '_a2_': 1.0, '_a3_': 1.0, '_a6_': 1.0}};{'d0': 0.02490583291941661};-280.569866449044;41.59052720365866
9971;-98.6944060208632;(((_a4_ + pow2(x)) + (_a7_ * (x / _a5_))) * (x / (_a4_ * _a7_)));{'d0': {'_a4_': 0.5256917706566538, '_a5_': 0.9029875865475493, '_a7_': 0.5633373079613444, '_a0_': 1.0, '_a1_': 1.0, '_a2_': 1.0, '_a3_': 1.0, '_a6_': 1.0}};{'d0': 0.02490583291941661};-280.569866449044;41.59052720365866
9972;-98.6944060208632;(((_a4_ + pow2(x)) + (_a7_ * (x / _a5_))) * (x / (_a4_ * _a7_)));{'d0': {'_a4_': 0.5256917706566538, '_a5_': 0.9029875865475493, '_a7_': 0.5633373079613444, '_a0_': 1.0, '_a1_': 1.0, '_a2_': 1.0, '_a3_': 1.0, '_a6_': 1.0}};{'d0': 0.02490583291941661};-280.569866449044;41.59052720365866
9973;-98.6944060208632;(((_a4_ + pow2(x)) + (_a7_ * (x / _a5_))) * (x / (_a4_ * _a7_)));{'d0': {'_a4_': 0.5256917706566538, '_a5_': 0.9029875865475493, '_a7_': 0.5633373079613444, '_a0_': 1.0, '_a1_': 1.0, '_a2_': 1.0, '_a3_': 1.0, '_a6_': 1.0}};{'d0': 0.02490583291941661};-280.569866449044;41.59052720365866
9974;-98.6944060208632;(((_a4_ + pow2(x)) + (_a7_ * (x / _a5_))) * (x / (_a4_ * _a7_)));{'d0': {'_a4_': 0.5256917706566538, '_a5_': 0.9029875865475493, '_a7_': 0.5633373079613444, '_a0_': 1.0, '_a1_': 1.0, '_a2_': 1.0, '_a3_': 1.0, '_a6_': 1.0}};{'d0': 0.02490583291941661};-280.569866449044;41.59052720365866
9975;-98.6944060208632;(((_a4_ + pow2(x)) + (_a7_ * (x / _a5_))) * (x / (_a4_ * _a7_)));{'d0': {'_a4_': 0.5256917706566538, '_a5_': 0.9029875865475493, '_a7_': 0.5633373079613444, '_a0_': 1.0, '_a1_': 1.0, '_a2_': 1.0, '_a3_': 1.0, '_a6_': 1.0}};{'d0': 0.02490583291941661};-280.569866449044;41.59052720365866
9976;-98.6944060208632;(((_a4_ + pow2(x)) + (_a7_ * (x / _a5_))) * (x / (_a4_ * _a7_)));{'d0': {'_a4_': 0.5256917706566538, '_a5_': 0.9029875865475493, '_a7_': 0.5633373079613444, '_a0_': 1.0, '_a1_': 1.0, '_a2_': 1.0, '_a3_': 1.0, '_a6_': 1.0}};{'d0': 0.02490583291941661};-280.569866449044;41.59052720365866
9977;-98.6110277799804;(((_a4_ + pow2(x)) + (_a7_ * (x + _a5_))) * (x / (_a4_ * _a7_)));{'d0': {'_a4_': 0.47469314275716024, '_a5_': 0.08174698838118329, '_a7_': 0.6238594161973593, '_a0_': 1.0, '_a1_': 1.0, '_a2_': 1.0, '_a3_': 1.0, '_a6_': 1.0}};{'d0': 0.024905832919416636};-280.569866449044;41.67390544454146
9978;-98.6110277799804;(((_a4_ + pow2(x)) + (_a7_ * (x + _a5_))) * (x / (_a4_ * _a7_)));{'d0': {'_a4_': 0.47469314275716024, '_a5_': 0.08174698838118329, '_a7_': 0.6238594161973593, '_a0_': 1.0, '_a1_': 1.0, '_a2_': 1.0, '_a3_': 1.0, '_a6_': 1.0}};{'d0': 0.024905832919416636};-280.569866449044;41.67390544454146
9979;-93.6616878545234;(((_a4_ + pow2(x)) + (_a7_ * (x + (x * _a0_)))) * (x / (_a4_ * _a7_)));{'d0': {'_a0_': 0.10743493451277311, '_a4_': 0.5256917697514943, '_a7_': 0.5633373083840971, '_a1_': 1.0, '_a2_': 1.0, '_a3_': 1.0, '_a5_': 1.0, '_a6_': 1.0}};{'d0': 0.024905832919416632};-280.569866449044;46.62324536999846
9980;-93.6616878545234;(((_a4_ + pow2(x)) + (_a7_ * (x + (x * _a0_)))) * (x / (_a4_ * _a7_)));{'d0': {'_a0_': 0.10743493451277311, '_a4_': 0.5256917697514943, '_a7_': 0.5633373083840971, '_a1_': 1.0, '_a2_': 1.0, '_a3_': 1.0, '_a5_': 1.0, '_a6_': 1.0}};{'d0': 0.024905832919416632};-280.569866449044;46.62324536999846
9981;-93.6616878545235;(((_a4_ + pow2(x)) + (_a7_ * (x + (x * _a0_)))) * (x / (_a4_ * _a0_)));{'d0': {'_a0_': 0.5633373080401473, '_a4_': 0.5256917703663999, '_a7_': 0.3990561808516424, '_a1_': 1.0, '_a2_': 1.0, '_a3_': 1.0, '_a5_': 1.0, '_a6_': 1.0}};{'d0': 0.024905832919416556};-280.569866449044;46.62324536999846
9982;-93.6616878545235;(((_a4_ + pow2(x)) + (_a7_ * (x + (x * _a0_)))) * (x / (_a4_ * _a0_)));{'d0': {'_a0_': 0.5633373080401473, '_a4_': 0.5256917703663999, '_a7_': 0.3990561808516424, '_a1_': 1.0, '_a2_': 1.0, '_a3_': 1.0, '_a5_': 1.0, '_a6_': 1.0}};{'d0': 0.024905832919416556};-280.569866449044;46.62324536999846
9983;-98.6110277799804;(((_a4_ + pow2(x)) + (_a7_ * (x + (x * _a0_)))) * (x / _a7_));{'d0': {'_a0_': 1.1066240639617944, '_a4_': 0.525691771353998, '_a7_': 0.29614178723654005, '_a1_': 1.0, '_a2_': 1.0, '_a3_': 1.0, '_a5_': 1.0, '_a6_': 1.0}};{'d0': 0.024905832919416657};-280.569866449044;41.67390544454146
9984;-98.6110277799804;(((_a4_ + pow2(x)) + (_a7_ * (x + (x * _a0_)))) * (x / _a7_));{'d0': {'_a0_': 1.1066240639617944, '_a4_': 0.525691771353998, '_a7_': 0.29614178723654005, '_a1_': 1.0, '_a2_': 1.0, '_a3_': 1.0, '_a5_': 1.0, '_a6_': 1.0}};{'d0': 0.024905832919416657};-280.569866449044;41.67390544454146
9985;-98.6110277799804;(((_a4_ + pow2(x)) + (_a7_ * (x + (x * _a0_)))) * (x / _a7_));{'d0': {'_a0_': 1.1066240639617944, '_a4_': 0.525691771353998, '_a7_': 0.29614178723654005, '_a1_': 1.0, '_a2_': 1.0, '_a3_': 1.0, '_a5_': 1.0, '_a6_': 1.0}};{'d0': 0.024905832919416657};-280.569866449044;41.67390544454146
9986;-98.6110277799804;(((_a4_ + pow2(x)) + (_a7_ * (x + (x * _a0_)))) * (x / _a7_));{'d0': {'_a0_': 1.1066240639617944, '_a4_': 0.525691771353998, '_a7_': 0.29614178723654005, '_a1_': 1.0, '_a2_': 1.0, '_a3_': 1.0, '_a5_': 1.0, '_a6_': 1.0}};{'d0': 0.024905832919416657};-280.569866449044;41.67390544454146
9987;-98.6110277799804;(((_a4_ + pow2(x)) + (_a7_ * (x + (x * _a0_)))) * (x / _a7_));{'d0': {'_a0_': 1.1066240639617944, '_a4_': 0.525691771353998, '_a7_': 0.29614178723654005, '_a1_': 1.0, '_a2_': 1.0, '_a3_': 1.0, '_a5_': 1.0, '_a6_': 1.0}};{'d0': 0.024905832919416657};-280.569866449044;41.67390544454146
9988;-98.6110277799804;(((_a4_ + pow2(x)) + (_a7_ * (x + (x * _a0_)))) * (x / _a7_));{'d0': {'_a0_': 1.1066240639617944, '_a4_': 0.525691771353998, '_a7_': 0.29614178723654005, '_a1_': 1.0, '_a2_': 1.0, '_a3_': 1.0, '_a5_': 1.0, '_a6_': 1.0}};{'d0': 0.024905832919416657};-280.569866449044;41.67390544454146
9989;-98.6110277799804;(((_a4_ + pow2(x)) + (_a7_ * (x + (x * _a0_)))) * (x / _a7_));{'d0': {'_a0_': 1.1066240639617944, '_a4_': 0.525691771353998, '_a7_': 0.29614178723654005, '_a1_': 1.0, '_a2_': 1.0, '_a3_': 1.0, '_a5_': 1.0, '_a6_': 1.0}};{'d0': 0.024905832919416657};-280.569866449044;41.67390544454146
9990;-98.6110277799804;(((_a4_ + pow2(x)) + (_a7_ * (x + (x * _a0_)))) * (x / _a7_));{'d0': {'_a0_': 1.1066240639617944, '_a4_': 0.525691771353998, '_a7_': 0.29614178723654005, '_a1_': 1.0, '_a2_': 1.0, '_a3_': 1.0, '_a5_': 1.0, '_a6_': 1.0}};{'d0': 0.024905832919416657};-280.569866449044;41.67390544454146
9991;-98.6110277799804;(((_a4_ + pow2(x)) + (_a7_ * (x + (x * _a0_)))) * (x / _a7_));{'d0': {'_a0_': 1.1066240639617944, '_a4_': 0.525691771353998, '_a7_': 0.29614178723654005, '_a1_': 1.0, '_a2_': 1.0, '_a3_': 1.0, '_a5_': 1.0, '_a6_': 1.0}};{'d0': 0.024905832919416657};-280.569866449044;41.67390544454146
9992;-98.6110277799804;(((_a4_ + pow2(x)) + (_a7_ * (x + (x * _a0_)))) * (x / _a7_));{'d0': {'_a0_': 1.1066240639617944, '_a4_': 0.525691771353998, '_a7_': 0.29614178723654005, '_a1_': 1.0, '_a2_': 1.0, '_a3_': 1.0, '_a5_': 1.0, '_a6_': 1.0}};{'d0': 0.024905832919416657};-280.569866449044;41.67390544454146
9993;-98.6110277799804;(((_a4_ + pow2(x)) + (_a7_ * (x + (x * _a0_)))) * (x / _a7_));{'d0': {'_a0_': 1.1066240639617944, '_a4_': 0.525691771353998, '_a7_': 0.29614178723654005, '_a1_': 1.0, '_a2_': 1.0, '_a3_': 1.0, '_a5_': 1.0, '_a6_': 1.0}};{'d0': 0.024905832919416657};-280.569866449044;41.67390544454146
9994;-98.6110277799804;(((_a4_ + pow2(x)) + (_a7_ * (x + (x * _a0_)))) * (x / _a7_));{'d0': {'_a0_': 1.1066240639617944, '_a4_': 0.525691771353998, '_a7_': 0.29614178723654005, '_a1_': 1.0, '_a2_': 1.0, '_a3_': 1.0, '_a5_': 1.0, '_a6_': 1.0}};{'d0': 0.024905832919416657};-280.569866449044;41.67390544454146
9995;-98.6110277799804;(((_a4_ + pow2(x)) + (_a7_ * (x + (x * _a0_)))) * (x / _a7_));{'d0': {'_a0_': 1.1066240639617944, '_a4_': 0.525691771353998, '_a7_': 0.29614178723654005, '_a1_': 1.0, '_a2_': 1.0, '_a3_': 1.0, '_a5_': 1.0, '_a6_': 1.0}};{'d0': 0.024905832919416657};-280.569866449044;41.67390544454146
9996;-98.6110277799804;(((_a4_ + pow2(x)) + (_a7_ * (x + (x * _a0_)))) * (x / _a7_));{'d0': {'_a0_': 1.1066240639617944, '_a4_': 0.525691771353998, '_a7_': 0.29614178723654005, '_a1_': 1.0, '_a2_': 1.0, '_a3_': 1.0, '_a5_': 1.0, '_a6_': 1.0}};{'d0': 0.024905832919416657};-280.569866449044;41.67390544454146
9997;-94.9858361822521;((((x * (x + _a6_)) + log(_a2_)) * _a1_) * ((x / _a3_) / _a1_));{'d0': {'_a2_': 1.6916286627398325, '_a3_': 0.29614178686877646, '_a6_': 0.6238594155876429, '_a0_': 1.0, '_a1_': 1.0, '_a4_': 1.0, '_a5_': 1.0, '_a7_': 1.0}};{'d0': 0.02490583291941662};-276.475521886822;43.251924761158605
9998;-94.9858361822521;((((x * (x + _a6_)) + log(_a2_)) * _a1_) * ((x / _a3_) / _a1_));{'d0': {'_a2_': 1.6916286627398325, '_a3_': 0.29614178686877646, '_a6_': 0.6238594155876429, '_a0_': 1.0, '_a1_': 1.0, '_a4_': 1.0, '_a5_': 1.0, '_a7_': 1.0}};{'d0': 0.02490583291941662};-276.475521886822;43.251924761158605
9999;-94.9858361822521;((((x * (x + _a6_)) + log(_a2_)) * _a1_) * ((x / _a3_) / _a1_));{'d0': {'_a2_': 1.6916286627398325, '_a3_': 0.29614178686877646, '_a6_': 0.6238594155876429, '_a0_': 1.0, '_a1_': 1.0, '_a4_': 1.0, '_a5_': 1.0, '_a7_': 1.0}};{'d0': 0.02490583291941662};-276.475521886822;43.251924761158605
10000;-94.9858361822521;((((x * (x + _a6_)) + log(_a2_)) * _a1_) * ((x / _a3_) / _a1_));{'d0': {'_a2_': 1.6916286627398325, '_a3_': 0.29614178686877646, '_a6_': 0.6238594155876429, '_a0_': 1.0, '_a1_': 1.0, '_a4_': 1.0, '_a5_': 1.0, '_a7_': 1.0}};{'d0': 0.02490583291941662};-276.475521886822;43.251924761158605
10001;-94.9858361822521;((((x * (x + _a6_)) + log(_a2_)) * _a1_) * ((x / _a3_) / _a1_));{'d0': {'_a2_': 1.6916286627398325, '_a3_': 0.29614178686877646, '_a6_': 0.6238594155876429, '_a0_': 1.0, '_a1_': 1.0, '_a4_': 1.0, '_a5_': 1.0, '_a7_': 1.0}};{'d0': 0.02490583291941662};-276.475521886822;43.251924761158605
10002;-94.9858361822521;((((x * (x + _a6_)) + log(_a2_)) * _a1_) * ((x / _a3_) / _a1_));{'d0': {'_a2_': 1.6916286627398325, '_a3_': 0.29614178686877646, '_a6_': 0.6238594155876429, '_a0_': 1.0, '_a1_': 1.0, '_a4_': 1.0, '_a5_': 1.0, '_a7_': 1.0}};{'d0': 0.02490583291941662};-276.475521886822;43.251924761158605
10003;-94.9858361822521;((((x * (x + _a6_)) + log(_a2_)) * _a1_) * ((x / _a3_) / _a1_));{'d0': {'_a2_': 1.6916286627398325, '_a3_': 0.29614178686877646, '_a6_': 0.6238594155876429, '_a0_': 1.0, '_a1_': 1.0, '_a4_': 1.0, '_a5_': 1.0, '_a7_': 1.0}};{'d0': 0.02490583291941662};-276.475521886822;43.251924761158605
10004;-94.9858361822521;((((x * (x + _a6_)) + log(_a2_)) * _a1_) * ((x / _a3_) / _a1_));{'d0': {'_a2_': 1.6916286627398325, '_a3_': 0.29614178686877646, '_a6_': 0.6238594155876429, '_a0_': 1.0, '_a1_': 1.0, '_a4_': 1.0, '_a5_': 1.0, '_a7_': 1.0}};{'d0': 0.02490583291941662};-276.475521886822;43.251924761158605
10005;-94.9858361822521;((((x * (x + _a6_)) + log(_a2_)) * _a1_) * ((x / _a3_) / _a1_));{'d0': {'_a2_': 1.6916286627398325, '_a3_': 0.29614178686877646, '_a6_': 0.6238594155876429, '_a0_': 1.0, '_a1_': 1.0, '_a4_': 1.0, '_a5_': 1.0, '_a7_': 1.0}};{'d0': 0.02490583291941662};-276.475521886822;43.251924761158605
10006;-94.9858361822521;((((x * (x + _a6_)) + log(_a2_)) * _a1_) * ((x / _a3_) / _a1_));{'d0': {'_a2_': 1.6916286627398325, '_a3_': 0.29614178686877646, '_a6_': 0.6238594155876429, '_a0_': 1.0, '_a1_': 1.0, '_a4_': 1.0, '_a5_': 1.0, '_a7_': 1.0}};{'d0': 0.02490583291941662};-276.475521886822;43.251924761158605
10007;-94.9858361822521;((((x * (x + _a6_)) + log(_a2_)) * _a1_) * ((x / _a3_) / _a1_));{'d0': {'_a2_': 1.6916286627398325, '_a3_': 0.29614178686877646, '_a6_': 0.6238594155876429, '_a0_': 1.0, '_a1_': 1.0, '_a4_': 1.0, '_a5_': 1.0, '_a7_': 1.0}};{'d0': 0.02490583291941662};-276.475521886822;43.251924761158605
10008;-94.9858361822521;((((x * (x + _a6_)) + log(_a2_)) * _a1_) * ((x / _a3_) / _a1_));{'d0': {'_a2_': 1.6916286627398325, '_a3_': 0.29614178686877646, '_a6_': 0.6238594155876429, '_a0_': 1.0, '_a1_': 1.0, '_a4_': 1.0, '_a5_': 1.0, '_a7_': 1.0}};{'d0': 0.02490583291941662};-276.475521886822;43.251924761158605
10009;-94.9858361822521;((((x * (x + _a6_)) + log(_a2_)) * _a1_) * ((x / _a3_) / _a1_));{'d0': {'_a2_': 1.6916286627398325, '_a3_': 0.29614178686877646, '_a6_': 0.6238594155876429, '_a0_': 1.0, '_a1_': 1.0, '_a4_': 1.0, '_a5_': 1.0, '_a7_': 1.0}};{'d0': 0.02490583291941662};-276.475521886822;43.251924761158605
10010;-94.9858361822521;((((x * (x + _a6_)) + log(_a2_)) * _a1_) * ((x / _a3_) / _a1_));{'d0': {'_a2_': 1.6916286627398325, '_a3_': 0.29614178686877646, '_a6_': 0.6238594155876429, '_a0_': 1.0, '_a1_': 1.0, '_a4_': 1.0, '_a5_': 1.0, '_a7_': 1.0}};{'d0': 0.02490583291941662};-276.475521886822;43.251924761158605
10011;-94.9858361822521;((((x * (x + _a6_)) + log(_a2_)) * _a1_) * ((x / _a3_) / _a1_));{'d0': {'_a2_': 1.6916286627398325, '_a3_': 0.29614178686877646, '_a6_': 0.6238594155876429, '_a0_': 1.0, '_a1_': 1.0, '_a4_': 1.0, '_a5_': 1.0, '_a7_': 1.0}};{'d0': 0.02490583291941662};-276.475521886822;43.251924761158605
10012;-94.9858361822521;((((x * (x + _a6_)) + log(_a2_)) * _a1_) * ((x / _a3_) / _a1_));{'d0': {'_a2_': 1.6916286627398325, '_a3_': 0.29614178686877646, '_a6_': 0.6238594155876429, '_a0_': 1.0, '_a1_': 1.0, '_a4_': 1.0, '_a5_': 1.0, '_a7_': 1.0}};{'d0': 0.02490583291941662};-276.475521886822;43.251924761158605
10013;-94.9858361822521;((((x * (x + _a6_)) + log(_a2_)) * _a1_) * ((x / _a3_) / _a1_));{'d0': {'_a2_': 1.6916286627398325, '_a3_': 0.29614178686877646, '_a6_': 0.6238594155876429, '_a0_': 1.0, '_a1_': 1.0, '_a4_': 1.0, '_a5_': 1.0, '_a7_': 1.0}};{'d0': 0.02490583291941662};-276.475521886822;43.251924761158605
10014;-93.6816198662621;((((x * (x + _a6_)) + (_a3_ ** _a7_)) * _a1_) * ((x / _a3_) / _a1_));{'d0': {'_a3_': 0.2961417868962543, '_a6_': 0.6238594157304456, '_a7_': 0.5284175192598785, '_a0_': 1.0, '_a1_': 1.0, '_a2_': 1.0, '_a4_': 1.0, '_a5_': 1.0}};{'d0': 0.024905832919416563};-276.475521886822;44.5561410771486
10015;-93.6816198662621;((((x * (x + _a6_)) + (_a3_ ** _a7_)) * _a1_) * ((x / _a3_) / _a1_));{'d0': {'_a3_': 0.2961417868962543, '_a6_': 0.6238594157304456, '_a7_': 0.5284175192598785, '_a0_': 1.0, '_a1_': 1.0, '_a2_': 1.0, '_a4_': 1.0, '_a5_': 1.0}};{'d0': 0.024905832919416563};-276.475521886822;44.5561410771486
10016;-93.6816198662621;((((x * (x + _a6_)) + (_a3_ ** _a7_)) * _a1_) * ((x / _a3_) / _a1_));{'d0': {'_a3_': 0.2961417868962543, '_a6_': 0.6238594157304456, '_a7_': 0.5284175192598785, '_a0_': 1.0, '_a1_': 1.0, '_a2_': 1.0, '_a4_': 1.0, '_a5_': 1.0}};{'d0': 0.024905832919416563};-276.475521886822;44.5561410771486
10017;-93.6816198662621;((((x * (x + _a6_)) + (_a3_ ** _a7_)) * _a1_) * ((x / _a3_) / _a1_));{'d0': {'_a3_': 0.2961417868962543, '_a6_': 0.6238594157304456, '_a7_': 0.5284175192598785, '_a0_': 1.0, '_a1_': 1.0, '_a2_': 1.0, '_a4_': 1.0, '_a5_': 1.0}};{'d0': 0.024905832919416563};-276.475521886822;44.5561410771486
10018;-93.6816198662621;((((x * (x + _a6_)) + (_a3_ ** _a7_)) * _a1_) * ((x / _a3_) / _a1_));{'d0': {'_a3_': 0.2961417868962543, '_a6_': 0.6238594157304456, '_a7_': 0.5284175192598785, '_a0_': 1.0, '_a1_': 1.0, '_a2_': 1.0, '_a4_': 1.0, '_a5_': 1.0}};{'d0': 0.024905832919416563};-276.475521886822;44.5561410771486
10019;-91.6344475851511;((((x * (x + _a6_)) + (_a3_ ** _a7_)) * _a5_) * ((x / _a3_) / _a1_));{'d0': {'_a3_': 0.2961417868962543, '_a6_': 0.6238594157304456, '_a7_': 0.5284175192598785, '_a0_': 1.0, '_a1_': 1.0, '_a2_': 1.0, '_a4_': 1.0, '_a5_': 1.0}};{'d0': 0.024905832919416563};-272.381177324600;44.5561410771486
10020;-91.6344475851511;((((x * (x + _a6_)) + (_a3_ ** _a7_)) * _a5_) * ((x / _a3_) / _a1_));{'d0': {'_a3_': 0.2961417868962543, '_a6_': 0.6238594157304456, '_a7_': 0.5284175192598785, '_a0_': 1.0, '_a1_': 1.0, '_a2_': 1.0, '_a4_': 1.0, '_a5_': 1.0}};{'d0': 0.024905832919416563};-272.381177324600;44.5561410771486
10021;-91.6344475851511;((((x * (x + _a6_)) + (_a3_ ** _a7_)) * _a5_) * ((x / _a3_) / _a1_));{'d0': {'_a3_': 0.2961417868962543, '_a6_': 0.6238594157304456, '_a7_': 0.5284175192598785, '_a0_': 1.0, '_a1_': 1.0, '_a2_': 1.0, '_a4_': 1.0, '_a5_': 1.0}};{'d0': 0.024905832919416563};-272.381177324600;44.5561410771486
10022;-91.6344475851511;((((x * (x + _a6_)) + (_a3_ ** _a7_)) * _a5_) * ((x / _a3_) / _a1_));{'d0': {'_a3_': 0.2961417868962543, '_a6_': 0.6238594157304456, '_a7_': 0.5284175192598785, '_a0_': 1.0, '_a1_': 1.0, '_a2_': 1.0, '_a4_': 1.0, '_a5_': 1.0}};{'d0': 0.024905832919416563};-272.381177324600;44.5561410771486
10023;-91.6344475851511;((((x * (x + _a6_)) + (_a3_ ** _a7_)) * _a5_) * ((x / _a3_) / _a1_));{'d0': {'_a3_': 0.2961417868962543, '_a6_': 0.6238594157304456, '_a7_': 0.5284175192598785, '_a0_': 1.0, '_a1_': 1.0, '_a2_': 1.0, '_a4_': 1.0, '_a5_': 1.0}};{'d0': 0.024905832919416563};-272.381177324600;44.5561410771486
10024;-91.6344475851511;((((x * (x + _a6_)) + (_a3_ ** _a7_)) * _a5_) * ((x / _a3_) / _a1_));{'d0': {'_a3_': 0.2961417868962543, '_a6_': 0.6238594157304456, '_a7_': 0.5284175192598785, '_a0_': 1.0, '_a1_': 1.0, '_a2_': 1.0, '_a4_': 1.0, '_a5_': 1.0}};{'d0': 0.024905832919416563};-272.381177324600;44.5561410771486
10025;-91.6344475851511;((((x * (x + _a6_)) + (_a3_ ** _a7_)) * _a5_) * ((x / _a3_) / _a1_));{'d0': {'_a3_': 0.2961417868962543, '_a6_': 0.6238594157304456, '_a7_': 0.5284175192598785, '_a0_': 1.0, '_a1_': 1.0, '_a2_': 1.0, '_a4_': 1.0, '_a5_': 1.0}};{'d0': 0.024905832919416563};-272.381177324600;44.5561410771486
10026;-91.6344475851511;((((x * (x + _a6_)) + (_a3_ ** _a7_)) * _a5_) * ((x / _a3_) / _a1_));{'d0': {'_a3_': 0.2961417868962543, '_a6_': 0.6238594157304456, '_a7_': 0.5284175192598785, '_a0_': 1.0, '_a1_': 1.0, '_a2_': 1.0, '_a4_': 1.0, '_a5_': 1.0}};{'d0': 0.024905832919416563};-272.381177324600;44.5561410771486
10027;-91.6344475851511;((((x * (x + _a6_)) + (_a3_ ** _a7_)) * _a5_) * ((x / _a3_) / _a1_));{'d0': {'_a3_': 0.2961417868962543, '_a6_': 0.6238594157304456, '_a7_': 0.5284175192598785, '_a0_': 1.0, '_a1_': 1.0, '_a2_': 1.0, '_a4_': 1.0, '_a5_': 1.0}};{'d0': 0.024905832919416563};-272.381177324600;44.5561410771486
10028;-91.6344475851511;((((x * (x + _a6_)) + (_a3_ ** _a7_)) * _a5_) * ((x / _a3_) / _a1_));{'d0': {'_a3_': 0.2961417868962543, '_a6_': 0.6238594157304456, '_a7_': 0.5284175192598785, '_a0_': 1.0, '_a1_': 1.0, '_a2_': 1.0, '_a4_': 1.0, '_a5_': 1.0}};{'d0': 0.024905832919416563};-272.381177324600;44.5561410771486
10029;-91.6344475851511;((((x * (x + _a6_)) + (_a3_ ** _a7_)) * _a5_) * ((x / _a3_) / _a1_));{'d0': {'_a3_': 0.2961417868962543, '_a6_': 0.6238594157304456, '_a7_': 0.5284175192598785, '_a0_': 1.0, '_a1_': 1.0, '_a2_': 1.0, '_a4_': 1.0, '_a5_': 1.0}};{'d0': 0.024905832919416563};-272.381177324600;44.5561410771486
10030;-91.6344475851511;((((x * (x + _a6_)) + (_a3_ ** _a7_)) * _a5_) * ((x / _a3_) / _a1_));{'d0': {'_a3_': 0.2961417868962543, '_a6_': 0.6238594157304456, '_a7_': 0.5284175192598785, '_a0_': 1.0, '_a1_': 1.0, '_a2_': 1.0, '_a4_': 1.0, '_a5_': 1.0}};{'d0': 0.024905832919416563};-272.381177324600;44.5561410771486
10031;-91.6344475851511;((((x * (x + _a6_)) + (_a3_ ** _a7_)) * _a5_) * ((x / _a3_) / _a1_));{'d0': {'_a3_': 0.2961417868962543, '_a6_': 0.6238594157304456, '_a7_': 0.5284175192598785, '_a0_': 1.0, '_a1_': 1.0, '_a2_': 1.0, '_a4_': 1.0, '_a5_': 1.0}};{'d0': 0.024905832919416563};-272.381177324600;44.5561410771486
10032;-91.6344475851511;((((x * (x + _a6_)) + (_a3_ ** _a7_)) * _a5_) * ((x / _a3_) / _a1_));{'d0': {'_a3_': 0.2961417868962543, '_a6_': 0.6238594157304456, '_a7_': 0.5284175192598785, '_a0_': 1.0, '_a1_': 1.0, '_a2_': 1.0, '_a4_': 1.0, '_a5_': 1.0}};{'d0': 0.024905832919416563};-272.381177324600;44.5561410771486
10033;-98.6110277799804;(((_a4_ + pow2(x)) + (_a7_ * (x + (x * _a0_)))) * (x / _a7_));{'d0': {'_a0_': 1.1066240639617944, '_a4_': 0.525691771353998, '_a7_': 0.29614178723654005, '_a1_': 1.0, '_a2_': 1.0, '_a3_': 1.0, '_a5_': 1.0, '_a6_': 1.0}};{'d0': 0.024905832919416657};-280.569866449044;41.67390544454146
10034;-98.6110277799804;(((_a4_ + pow2(x)) + (_a7_ * (x + (x * _a0_)))) * (x / _a7_));{'d0': {'_a0_': 1.1066240639617944, '_a4_': 0.525691771353998, '_a7_': 0.29614178723654005, '_a1_': 1.0, '_a2_': 1.0, '_a3_': 1.0, '_a5_': 1.0, '_a6_': 1.0}};{'d0': 0.024905832919416657};-280.569866449044;41.67390544454146
10035;-98.6110277799804;(((_a4_ + pow2(x)) + (_a7_ * (x + (x * _a0_)))) * (x / _a7_));{'d0': {'_a0_': 1.1066240639617944, '_a4_': 0.525691771353998, '_a7_': 0.29614178723654005, '_a1_': 1.0, '_a2_': 1.0, '_a3_': 1.0, '_a5_': 1.0, '_a6_': 1.0}};{'d0': 0.024905832919416657};-280.569866449044;41.67390544454146
10036;-91.6344475851511;((((x * (x + _a6_)) + (_a3_ ** _a7_)) * _a5_) * ((x / _a3_) / _a1_));{'d0': {'_a3_': 0.2961417868962543, '_a6_': 0.6238594157304456, '_a7_': 0.5284175192598785, '_a0_': 1.0, '_a1_': 1.0, '_a2_': 1.0, '_a4_': 1.0, '_a5_': 1.0}};{'d0': 0.024905832919416563};-272.381177324600;44.5561410771486
10037;-91.6344475851511;((((x * (x + _a6_)) + (_a3_ ** _a7_)) * _a5_) * ((x / _a3_) / _a1_));{'d0': {'_a3_': 0.2961417868962543, '_a6_': 0.6238594157304456, '_a7_': 0.5284175192598785, '_a0_': 1.0, '_a1_': 1.0, '_a2_': 1.0, '_a4_': 1.0, '_a5_': 1.0}};{'d0': 0.024905832919416563};-272.381177324600;44.5561410771486
10038;-91.6344475851511;((((x * (x + _a6_)) + (_a3_ ** _a7_)) * _a5_) * ((x / _a3_) / _a1_));{'d0': {'_a3_': 0.2961417868962543, '_a6_': 0.6238594157304456, '_a7_': 0.5284175192598785, '_a0_': 1.0, '_a1_': 1.0, '_a2_': 1.0, '_a4_': 1.0, '_a5_': 1.0}};{'d0': 0.024905832919416563};-272.381177324600;44.5561410771486
10039;-91.6344475851511;((((x * (x + _a6_)) + (_a3_ ** _a7_)) * _a5_) * ((x / _a3_) / _a1_));{'d0': {'_a3_': 0.2961417868962543, '_a6_': 0.6238594157304456, '_a7_': 0.5284175192598785, '_a0_': 1.0, '_a1_': 1.0, '_a2_': 1.0, '_a4_': 1.0, '_a5_': 1.0}};{'d0': 0.024905832919416563};-272.381177324600;44.5561410771486
10040;-91.6344475851511;((((x * (x + _a6_)) + (_a3_ ** _a7_)) * _a5_) * ((x / _a3_) / _a1_));{'d0': {'_a3_': 0.2961417868962543, '_a6_': 0.6238594157304456, '_a7_': 0.5284175192598785, '_a0_': 1.0, '_a1_': 1.0, '_a2_': 1.0, '_a4_': 1.0, '_a5_': 1.0}};{'d0': 0.024905832919416563};-272.381177324600;44.5561410771486
10041;-93.6816198532580;((((x * (x + _a5_)) + (_a3_ ** _a7_)) * _a5_) * ((x / _a3_) / _a1_));{'d0': {'_a1_': 0.7927763760143666, '_a3_': 0.23304274259260185, '_a5_': 0.6238594155299056, '_a7_': 0.44148675200897286, '_a0_': 1.0, '_a2_': 1.0, '_a4_': 1.0, '_a6_': 1.0}};{'d0': 0.024905832930212483};-276.475521860813;44.5561410771486
10042;-93.6816198532580;((((x * (x + _a5_)) + (_a3_ ** _a7_)) * _a5_) * ((x / _a3_) / _a1_));{'d0': {'_a1_': 0.7927763760143666, '_a3_': 0.23304274259260185, '_a5_': 0.6238594155299056, '_a7_': 0.44148675200897286, '_a0_': 1.0, '_a2_': 1.0, '_a4_': 1.0, '_a6_': 1.0}};{'d0': 0.024905832930212483};-276.475521860813;44.5561410771486
10043;-93.6816198532580;((((x * (x + _a5_)) + (_a3_ ** _a7_)) * _a5_) * ((x / _a3_) / _a1_));{'d0': {'_a1_': 0.7927763760143666, '_a3_': 0.23304274259260185, '_a5_': 0.6238594155299056, '_a7_': 0.44148675200897286, '_a0_': 1.0, '_a2_': 1.0, '_a4_': 1.0, '_a6_': 1.0}};{'d0': 0.024905832930212483};-276.475521860813;44.5561410771486
10044;-93.6816198532580;((((x * (x + _a5_)) + (_a3_ ** _a7_)) * _a5_) * ((x / _a3_) / _a1_));{'d0': {'_a1_': 0.7927763760143666, '_a3_': 0.23304274259260185, '_a5_': 0.6238594155299056, '_a7_': 0.44148675200897286, '_a0_': 1.0, '_a2_': 1.0, '_a4_': 1.0, '_a6_': 1.0}};{'d0': 0.024905832930212483};-276.475521860813;44.5561410771486
10045;-93.6816198532580;((((x * (x + _a5_)) + (_a3_ ** _a7_)) * _a5_) * ((x / _a3_) / _a1_));{'d0': {'_a1_': 0.7927763760143666, '_a3_': 0.23304274259260185, '_a5_': 0.6238594155299056, '_a7_': 0.44148675200897286, '_a0_': 1.0, '_a2_': 1.0, '_a4_': 1.0, '_a6_': 1.0}};{'d0': 0.024905832930212483};-276.475521860813;44.5561410771486
10046;-93.6816198532580;((((x * (x + _a5_)) + (_a3_ ** _a7_)) * _a5_) * ((x / _a3_) / _a1_));{'d0': {'_a1_': 0.7927763760143666, '_a3_': 0.23304274259260185, '_a5_': 0.6238594155299056, '_a7_': 0.44148675200897286, '_a0_': 1.0, '_a2_': 1.0, '_a4_': 1.0, '_a6_': 1.0}};{'d0': 0.024905832930212483};-276.475521860813;44.5561410771486
10047;-93.6816198532580;((((x * (x + _a5_)) + (_a3_ ** _a7_)) * _a5_) * ((x / _a3_) / _a1_));{'d0': {'_a1_': 0.7927763760143666, '_a3_': 0.23304274259260185, '_a5_': 0.6238594155299056, '_a7_': 0.44148675200897286, '_a0_': 1.0, '_a2_': 1.0, '_a4_': 1.0, '_a6_': 1.0}};{'d0': 0.024905832930212483};-276.475521860813;44.5561410771486
10048;-93.6816198532580;((((x * (x + _a5_)) + (_a3_ ** _a7_)) * _a5_) * ((x / _a3_) / _a1_));{'d0': {'_a1_': 0.7927763760143666, '_a3_': 0.23304274259260185, '_a5_': 0.6238594155299056, '_a7_': 0.44148675200897286, '_a0_': 1.0, '_a2_': 1.0, '_a4_': 1.0, '_a6_': 1.0}};{'d0': 0.024905832930212483};-276.475521860813;44.5561410771486
10049;-93.6816198532580;((((x * (x + _a5_)) + (_a3_ ** _a7_)) * _a5_) * ((x / _a3_) / _a1_));{'d0': {'_a1_': 0.7927763760143666, '_a3_': 0.23304274259260185, '_a5_': 0.6238594155299056, '_a7_': 0.44148675200897286, '_a0_': 1.0, '_a2_': 1.0, '_a4_': 1.0, '_a6_': 1.0}};{'d0': 0.024905832930212483};-276.475521860813;44.5561410771486
10050;-93.6816198532580;((((x * (x + _a5_)) + (_a3_ ** _a7_)) * _a5_) * ((x / _a3_) / _a1_));{'d0': {'_a1_': 0.7927763760143666, '_a3_': 0.23304274259260185, '_a5_': 0.6238594155299056, '_a7_': 0.44148675200897286, '_a0_': 1.0, '_a2_': 1.0, '_a4_': 1.0, '_a6_': 1.0}};{'d0': 0.024905832930212483};-276.475521860813;44.5561410771486
10051;-93.6816198532580;((((x * (x + _a5_)) + (_a3_ ** _a7_)) * _a5_) * ((x / _a3_) / _a1_));{'d0': {'_a1_': 0.7927763760143666, '_a3_': 0.23304274259260185, '_a5_': 0.6238594155299056, '_a7_': 0.44148675200897286, '_a0_': 1.0, '_a2_': 1.0, '_a4_': 1.0, '_a6_': 1.0}};{'d0': 0.024905832930212483};-276.475521860813;44.5561410771486
10052;-93.6816198532580;((((x * (x + _a5_)) + (_a3_ ** _a7_)) * _a5_) * ((x / _a3_) / _a1_));{'d0': {'_a1_': 0.7927763760143666, '_a3_': 0.23304274259260185, '_a5_': 0.6238594155299056, '_a7_': 0.44148675200897286, '_a0_': 1.0, '_a2_': 1.0, '_a4_': 1.0, '_a6_': 1.0}};{'d0': 0.024905832930212483};-276.475521860813;44.5561410771486
10053;-93.6816198532580;((((x * (x + _a5_)) + (_a3_ ** _a7_)) * _a5_) * ((x / _a3_) / _a1_));{'d0': {'_a1_': 0.7927763760143666, '_a3_': 0.23304274259260185, '_a5_': 0.6238594155299056, '_a7_': 0.44148675200897286, '_a0_': 1.0, '_a2_': 1.0, '_a4_': 1.0, '_a6_': 1.0}};{'d0': 0.024905832930212483};-276.475521860813;44.5561410771486
10054;-93.6816198532580;((((x * (x + _a5_)) + (_a3_ ** _a7_)) * _a5_) * ((x / _a3_) / _a1_));{'d0': {'_a1_': 0.7927763760143666, '_a3_': 0.23304274259260185, '_a5_': 0.6238594155299056, '_a7_': 0.44148675200897286, '_a0_': 1.0, '_a2_': 1.0, '_a4_': 1.0, '_a6_': 1.0}};{'d0': 0.024905832930212483};-276.475521860813;44.5561410771486
10055;-93.6816198532580;((((x * (x + _a5_)) + (_a3_ ** _a7_)) * _a5_) * ((x / _a3_) / _a1_));{'d0': {'_a1_': 0.7927763760143666, '_a3_': 0.23304274259260185, '_a5_': 0.6238594155299056, '_a7_': 0.44148675200897286, '_a0_': 1.0, '_a2_': 1.0, '_a4_': 1.0, '_a6_': 1.0}};{'d0': 0.024905832930212483};-276.475521860813;44.5561410771486
10056;-93.6816198532580;((((x * (x + _a5_)) + (_a3_ ** _a7_)) * _a5_) * ((x / _a3_) / _a1_));{'d0': {'_a1_': 0.7927763760143666, '_a3_': 0.23304274259260185, '_a5_': 0.6238594155299056, '_a7_': 0.44148675200897286, '_a0_': 1.0, '_a2_': 1.0, '_a4_': 1.0, '_a6_': 1.0}};{'d0': 0.024905832930212483};-276.475521860813;44.5561410771486
10057;-93.6816198532580;((((x * (x + _a5_)) + (_a3_ ** _a7_)) * _a5_) * ((x / _a3_) / _a1_));{'d0': {'_a1_': 0.7927763760143666, '_a3_': 0.23304274259260185, '_a5_': 0.6238594155299056, '_a7_': 0.44148675200897286, '_a0_': 1.0, '_a2_': 1.0, '_a4_': 1.0, '_a6_': 1.0}};{'d0': 0.024905832930212483};-276.475521860813;44.5561410771486
10058;-93.6816198532580;((((x * (x + _a5_)) + (_a3_ ** _a7_)) * _a5_) * ((x / _a3_) / _a1_));{'d0': {'_a1_': 0.7927763760143666, '_a3_': 0.23304274259260185, '_a5_': 0.6238594155299056, '_a7_': 0.44148675200897286, '_a0_': 1.0, '_a2_': 1.0, '_a4_': 1.0, '_a6_': 1.0}};{'d0': 0.024905832930212483};-276.475521860813;44.5561410771486
10059;-93.6816198532580;((((x * (x + _a5_)) + (_a3_ ** _a7_)) * _a5_) * ((x / _a3_) / _a1_));{'d0': {'_a1_': 0.7927763760143666, '_a3_': 0.23304274259260185, '_a5_': 0.6238594155299056, '_a7_': 0.44148675200897286, '_a0_': 1.0, '_a2_': 1.0, '_a4_': 1.0, '_a6_': 1.0}};{'d0': 0.024905832930212483};-276.475521860813;44.5561410771486
10060;-93.6816198532580;((((x * (x + _a5_)) + (_a3_ ** _a7_)) * _a5_) * ((x / _a3_) / _a1_));{'d0': {'_a1_': 0.7927763760143666, '_a3_': 0.23304274259260185, '_a5_': 0.6238594155299056, '_a7_': 0.44148675200897286, '_a0_': 1.0, '_a2_': 1.0, '_a4_': 1.0, '_a6_': 1.0}};{'d0': 0.024905832930212483};-276.475521860813;44.5561410771486
10061;-93.6816198661927;((((x * (x + _a3_)) + (_a3_ ** _a7_)) * _a5_) * ((x / _a3_) / _a1_));{'d0': {'_a1_': 1.234539651096021, '_a3_': 0.623859415474014, '_a5_': 2.6007108733386217, '_a7_': 1.3628635509345368, '_a0_': 1.0, '_a2_': 1.0, '_a4_': 1.0, '_a6_': 1.0}};{'d0': 0.02490583291947417};-276.475521886683;44.5561410771486
10062;-93.6816198661927;((((x * (x + _a3_)) + (_a3_ ** _a7_)) * _a5_) * ((x / _a3_) / _a1_));{'d0': {'_a1_': 1.234539651096021, '_a3_': 0.623859415474014, '_a5_': 2.6007108733386217, '_a7_': 1.3628635509345368, '_a0_': 1.0, '_a2_': 1.0, '_a4_': 1.0, '_a6_': 1.0}};{'d0': 0.02490583291947417};-276.475521886683;44.5561410771486
10063;-93.6816198661927;((((x * (x + _a3_)) + (_a3_ ** _a7_)) * _a5_) * ((x / _a3_) / _a1_));{'d0': {'_a1_': 1.234539651096021, '_a3_': 0.623859415474014, '_a5_': 2.6007108733386217, '_a7_': 1.3628635509345368, '_a0_': 1.0, '_a2_': 1.0, '_a4_': 1.0, '_a6_': 1.0}};{'d0': 0.02490583291947417};-276.475521886683;44.5561410771486
10064;-93.6816198661927;((((x * (x + _a3_)) + (_a3_ ** _a7_)) * _a5_) * ((x / _a3_) / _a1_));{'d0': {'_a1_': 1.234539651096021, '_a3_': 0.623859415474014, '_a5_': 2.6007108733386217, '_a7_': 1.3628635509345368, '_a0_': 1.0, '_a2_': 1.0, '_a4_': 1.0, '_a6_': 1.0}};{'d0': 0.02490583291947417};-276.475521886683;44.5561410771486
10065;-93.6816198661927;((((x * (x + _a3_)) + (_a3_ ** _a7_)) * _a5_) * ((x / _a3_) / _a1_));{'d0': {'_a1_': 1.234539651096021, '_a3_': 0.623859415474014, '_a5_': 2.6007108733386217, '_a7_': 1.3628635509345368, '_a0_': 1.0, '_a2_': 1.0, '_a4_': 1.0, '_a6_': 1.0}};{'d0': 0.02490583291947417};-276.475521886683;44.5561410771486
10066;-93.6816198661927;((((x * (x + _a3_)) + (_a3_ ** _a7_)) * _a5_) * ((x / _a3_) / _a1_));{'d0': {'_a1_': 1.234539651096021, '_a3_': 0.623859415474014, '_a5_': 2.6007108733386217, '_a7_': 1.3628635509345368, '_a0_': 1.0, '_a2_': 1.0, '_a4_': 1.0, '_a6_': 1.0}};{'d0': 0.02490583291947417};-276.475521886683;44.5561410771486
10067;-93.6816198661927;((((x * (x + _a3_)) + (_a3_ ** _a7_)) * _a5_) * ((x / _a3_) / _a1_));{'d0': {'_a1_': 1.234539651096021, '_a3_': 0.623859415474014, '_a5_': 2.6007108733386217, '_a7_': 1.3628635509345368, '_a0_': 1.0, '_a2_': 1.0, '_a4_': 1.0, '_a6_': 1.0}};{'d0': 0.02490583291947417};-276.475521886683;44.5561410771486
10068;-93.6816198661927;((((x * (x + _a3_)) + (_a3_ ** _a7_)) * _a5_) * ((x / _a3_) / _a1_));{'d0': {'_a1_': 1.234539651096021, '_a3_': 0.623859415474014, '_a5_': 2.6007108733386217, '_a7_': 1.3628635509345368, '_a0_': 1.0, '_a2_': 1.0, '_a4_': 1.0, '_a6_': 1.0}};{'d0': 0.02490583291947417};-276.475521886683;44.5561410771486
10069;-93.6816198661927;((((x * (x + _a3_)) + (_a3_ ** _a7_)) * _a5_) * ((x / _a3_) / _a1_));{'d0': {'_a1_': 1.234539651096021, '_a3_': 0.623859415474014, '_a5_': 2.6007108733386217, '_a7_': 1.3628635509345368, '_a0_': 1.0, '_a2_': 1.0, '_a4_': 1.0, '_a6_': 1.0}};{'d0': 0.02490583291947417};-276.475521886683;44.5561410771486
10070;-100.345168212362;((((x * (x + _a3_)) + _a6_) * _a5_) * ((x / _a3_) / _a1_));{'d0': {'_a1_': 165.458782160415, '_a3_': 0.6238594151119808, '_a5_': 348.55945280582495, '_a6_': 0.5256917695780722, '_a0_': 1.0, '_a2_': 1.0, '_a4_': 1.0, '_a7_': 1.0}};{'d0': 0.024905832919416664};-276.475521886821;37.8925927310486
10071;-100.345168212362;((((x * (x + _a3_)) + _a6_) * _a5_) * ((x / _a3_) / _a1_));{'d0': {'_a1_': 165.458782160415, '_a3_': 0.6238594151119808, '_a5_': 348.55945280582495, '_a6_': 0.5256917695780722, '_a0_': 1.0, '_a2_': 1.0, '_a4_': 1.0, '_a7_': 1.0}};{'d0': 0.024905832919416664};-276.475521886821;37.8925927310486
10072;-102.392340493473;((((x * (x + _a3_)) + _a6_) * _a5_) * ((x / _a3_) / _a3_));{'d0': {'_a3_': 0.6238594159280599, '_a5_': 1.3142372621528762, '_a6_': 0.5256917702469927, '_a0_': 1.0, '_a1_': 1.0, '_a2_': 1.0, '_a4_': 1.0, '_a7_': 1.0}};{'d0': 0.02490583291941661};-280.569866449044;37.8925927310486
10073;-102.392340493473;((((x * (x + _a3_)) + _a6_) * _a5_) * ((x / _a3_) / _a3_));{'d0': {'_a3_': 0.6238594159280599, '_a5_': 1.3142372621528762, '_a6_': 0.5256917702469927, '_a0_': 1.0, '_a1_': 1.0, '_a2_': 1.0, '_a4_': 1.0, '_a7_': 1.0}};{'d0': 0.02490583291941661};-280.569866449044;37.8925927310486
10074;-102.392340493473;((((x * (x + _a3_)) + _a6_) * _a5_) * ((x / _a3_) / _a3_));{'d0': {'_a3_': 0.6238594159280599, '_a5_': 1.3142372621528762, '_a6_': 0.5256917702469927, '_a0_': 1.0, '_a1_': 1.0, '_a2_': 1.0, '_a4_': 1.0, '_a7_': 1.0}};{'d0': 0.02490583291941661};-280.569866449044;37.8925927310486
10075;-102.392340493473;((((x * (x + _a3_)) + _a6_) * _a5_) * ((x / _a3_) / _a3_));{'d0': {'_a3_': 0.6238594159280599, '_a5_': 1.3142372621528762, '_a6_': 0.5256917702469927, '_a0_': 1.0, '_a1_': 1.0, '_a2_': 1.0, '_a4_': 1.0, '_a7_': 1.0}};{'d0': 0.02490583291941661};-280.569866449044;37.8925927310486
10076;-102.392340493473;((((x * (x + _a3_)) + _a6_) * _a5_) * ((x / _a3_) / _a3_));{'d0': {'_a3_': 0.6238594159280599, '_a5_': 1.3142372621528762, '_a6_': 0.5256917702469927, '_a0_': 1.0, '_a1_': 1.0, '_a2_': 1.0, '_a4_': 1.0, '_a7_': 1.0}};{'d0': 0.02490583291941661};-280.569866449044;37.8925927310486
10077;-102.392340493473;((((x * (x + _a3_)) + _a6_) * _a5_) * ((x / _a3_) / _a6_));{'d0': {'_a3_': 0.623859415774134, '_a5_': 1.1074349366857348, '_a6_': 0.5256917707748794, '_a0_': 1.0, '_a1_': 1.0, '_a2_': 1.0, '_a4_': 1.0, '_a7_': 1.0}};{'d0': 0.024905832919416608};-280.569866449044;37.8925927310486
10078;-102.392340493473;((((x * (x + _a3_)) + _a6_) * _a5_) * ((x / _a3_) / _a6_));{'d0': {'_a3_': 0.623859415774134, '_a5_': 1.1074349366857348, '_a6_': 0.5256917707748794, '_a0_': 1.0, '_a1_': 1.0, '_a2_': 1.0, '_a4_': 1.0, '_a7_': 1.0}};{'d0': 0.024905832919416608};-280.569866449044;37.8925927310486
10079;-102.392340493473;((((x * (x + _a3_)) + _a6_) * _a5_) * ((x / _a3_) / _a6_));{'d0': {'_a3_': 0.623859415774134, '_a5_': 1.1074349366857348, '_a6_': 0.5256917707748794, '_a0_': 1.0, '_a1_': 1.0, '_a2_': 1.0, '_a4_': 1.0, '_a7_': 1.0}};{'d0': 0.024905832919416608};-280.569866449044;37.8925927310486
10080;-102.392340493473;((((x * (x + _a3_)) + _a6_) * _a5_) * ((x / _a3_) / _a6_));{'d0': {'_a3_': 0.623859415774134, '_a5_': 1.1074349366857348, '_a6_': 0.5256917707748794, '_a0_': 1.0, '_a1_': 1.0, '_a2_': 1.0, '_a4_': 1.0, '_a7_': 1.0}};{'d0': 0.024905832919416608};-280.569866449044;37.8925927310486
10081;-102.392340493473;((((x * (x + _a3_)) + _a6_) * _a5_) * ((x / _a3_) / _a6_));{'d0': {'_a3_': 0.623859415774134, '_a5_': 1.1074349366857348, '_a6_': 0.5256917707748794, '_a0_': 1.0, '_a1_': 1.0, '_a2_': 1.0, '_a4_': 1.0, '_a7_': 1.0}};{'d0': 0.024905832919416608};-280.569866449044;37.8925927310486
10082;-102.392340493473;((((x * (x + _a3_)) + _a6_) * _a5_) * ((x / _a3_) / _a6_));{'d0': {'_a3_': 0.623859415774134, '_a5_': 1.1074349366857348, '_a6_': 0.5256917707748794, '_a0_': 1.0, '_a1_': 1.0, '_a2_': 1.0, '_a4_': 1.0, '_a7_': 1.0}};{'d0': 0.024905832919416608};-280.569866449044;37.8925927310486
10083;-86.5090754989540;((((pow2((-((_a2_ + x)) + _a3_)) / _a3_) + (x + pow2(_a2_))) * -(x)) * _a0_);{'d0': {'_a0_': 2.8353053966384163, '_a2_': -0.10789649575747186, '_a3_': -0.8396524068960166, '_a1_': 1.0, '_a4_': 1.0, '_a5_': 1.0, '_a6_': 1.0, '_a7_': 1.0}};{'d0': 0.024905832919416566};-280.569866449044;53.77585772556787
10084;-86.5090754989540;((((pow2((-((_a2_ + x)) + _a3_)) / _a3_) + (x + pow2(_a2_))) * -(x)) * _a0_);{'d0': {'_a0_': 2.8353053966384163, '_a2_': -0.10789649575747186, '_a3_': -0.8396524068960166, '_a1_': 1.0, '_a4_': 1.0, '_a5_': 1.0, '_a6_': 1.0, '_a7_': 1.0}};{'d0': 0.024905832919416566};-280.569866449044;53.77585772556787
10085;-86.5090754989540;((((pow2((-((_a2_ + x)) + _a3_)) / _a3_) + (x + pow2(_a2_))) * -(x)) * _a0_);{'d0': {'_a0_': 2.8353053966384163, '_a2_': -0.10789649575747186, '_a3_': -0.8396524068960166, '_a1_': 1.0, '_a4_': 1.0, '_a5_': 1.0, '_a6_': 1.0, '_a7_': 1.0}};{'d0': 0.024905832919416566};-280.569866449044;53.77585772556787
10086;-86.5090754989540;((((pow2((-((_a2_ + x)) + _a3_)) / _a3_) + (x + pow2(_a2_))) * -(x)) * _a0_);{'d0': {'_a0_': 2.8353053966384163, '_a2_': -0.10789649575747186, '_a3_': -0.8396524068960166, '_a1_': 1.0, '_a4_': 1.0, '_a5_': 1.0, '_a6_': 1.0, '_a7_': 1.0}};{'d0': 0.024905832919416566};-280.569866449044;53.77585772556787
10087;-79.5849205787079;((((pow2((-((_a2_ + x)) + _a3_)) / (_a7_ * _a3_)) + (x + pow2(_a2_))) * -(x)) * _a0_);{'d0': {'_a0_': 2.8353053966384163, '_a2_': -0.10789649575747186, '_a3_': -0.8396524068960166, '_a7_': 1.0, '_a1_': 1.0, '_a4_': 1.0, '_a5_': 1.0, '_a6_': 1.0}};{'d0': 0.024905832919416566};-276.475521886822;58.65284036470287
10088;-79.5849205787079;((((pow2((-((_a2_ + x)) + _a3_)) / (_a7_ * _a3_)) + (x + pow2(_a2_))) * -(x)) * _a0_);{'d0': {'_a0_': 2.8353053966384163, '_a2_': -0.10789649575747186, '_a3_': -0.8396524068960166, '_a7_': 1.0, '_a1_': 1.0, '_a4_': 1.0, '_a5_': 1.0, '_a6_': 1.0}};{'d0': 0.024905832919416566};-276.475521886822;58.65284036470287
10089;-79.5849205787079;((((pow2((-((_a2_ + x)) + _a3_)) / (_a7_ * _a3_)) + (x + pow2(_a2_))) * -(x)) * _a0_);{'d0': {'_a0_': 2.8353053966384163, '_a2_': -0.10789649575747186, '_a3_': -0.8396524068960166, '_a7_': 1.0, '_a1_': 1.0, '_a4_': 1.0, '_a5_': 1.0, '_a6_': 1.0}};{'d0': 0.024905832919416566};-276.475521886822;58.65284036470287
10090;-91.6145155733356;((((_a6_ * _a6_) + pow2(x)) + (_a4_ * (x + (_a1_ * _a0_)))) * (x / _a0_));{'d0': {'_a0_': 0.2961417655069485, '_a1_': 0.010740812902818439, '_a4_': 0.623859403770641, '_a6_': 0.7236762767686274, '_a2_': 1.0, '_a3_': 1.0, '_a5_': 1.0, '_a7_': 1.0}};{'d0': 0.024905832919480387};-276.475521886668;46.62324536999846
10091;-91.6145155733356;((((_a6_ * _a6_) + pow2(x)) + (_a4_ * (x + (_a1_ * _a0_)))) * (x / _a0_));{'d0': {'_a0_': 0.2961417655069485, '_a1_': 0.010740812902818439, '_a4_': 0.623859403770641, '_a6_': 0.7236762767686274, '_a2_': 1.0, '_a3_': 1.0, '_a5_': 1.0, '_a7_': 1.0}};{'d0': 0.024905832919480387};-276.475521886668;46.62324536999846
10092;-91.6145155733356;((((_a6_ * _a6_) + pow2(x)) + (_a4_ * (x + (_a1_ * _a0_)))) * (x / _a0_));{'d0': {'_a0_': 0.2961417655069485, '_a1_': 0.010740812902818439, '_a4_': 0.623859403770641, '_a6_': 0.7236762767686274, '_a2_': 1.0, '_a3_': 1.0, '_a5_': 1.0, '_a7_': 1.0}};{'d0': 0.024905832919480387};-276.475521886668;46.62324536999846
10093;-91.6145155733356;((((_a6_ * _a6_) + pow2(x)) + (_a4_ * (x + (_a1_ * _a0_)))) * (x / _a0_));{'d0': {'_a0_': 0.2961417655069485, '_a1_': 0.010740812902818439, '_a4_': 0.623859403770641, '_a6_': 0.7236762767686274, '_a2_': 1.0, '_a3_': 1.0, '_a5_': 1.0, '_a7_': 1.0}};{'d0': 0.024905832919480387};-276.475521886668;46.62324536999846
10094;-91.6145155733356;((((_a6_ * _a6_) + pow2(x)) + (_a4_ * (x + (_a1_ * _a0_)))) * (x / _a0_));{'d0': {'_a0_': 0.2961417655069485, '_a1_': 0.010740812902818439, '_a4_': 0.623859403770641, '_a6_': 0.7236762767686274, '_a2_': 1.0, '_a3_': 1.0, '_a5_': 1.0, '_a7_': 1.0}};{'d0': 0.024905832919480387};-276.475521886668;46.62324536999846
10095;-91.6145155733356;((((_a6_ * _a6_) + pow2(x)) + (_a4_ * (x + (_a1_ * _a0_)))) * (x / _a0_));{'d0': {'_a0_': 0.2961417655069485, '_a1_': 0.010740812902818439, '_a4_': 0.623859403770641, '_a6_': 0.7236762767686274, '_a2_': 1.0, '_a3_': 1.0, '_a5_': 1.0, '_a7_': 1.0}};{'d0': 0.024905832919480387};-276.475521886668;46.62324536999846
10096;-91.6145155733356;((((_a6_ * _a6_) + pow2(x)) + (_a4_ * (x + (_a1_ * _a0_)))) * (x / _a0_));{'d0': {'_a0_': 0.2961417655069485, '_a1_': 0.010740812902818439, '_a4_': 0.623859403770641, '_a6_': 0.7236762767686274, '_a2_': 1.0, '_a3_': 1.0, '_a5_': 1.0, '_a7_': 1.0}};{'d0': 0.024905832919480387};-276.475521886668;46.62324536999846
10097;-91.6145155733356;((((_a6_ * _a6_) + pow2(x)) + (_a4_ * (x + (_a1_ * _a0_)))) * (x / _a0_));{'d0': {'_a0_': 0.2961417655069485, '_a1_': 0.010740812902818439, '_a4_': 0.623859403770641, '_a6_': 0.7236762767686274, '_a2_': 1.0, '_a3_': 1.0, '_a5_': 1.0, '_a7_': 1.0}};{'d0': 0.024905832919480387};-276.475521886668;46.62324536999846
10098;-91.6145155733356;((((_a6_ * _a6_) + pow2(x)) + (_a4_ * (x + (_a1_ * _a0_)))) * (x / _a0_));{'d0': {'_a0_': 0.2961417655069485, '_a1_': 0.010740812902818439, '_a4_': 0.623859403770641, '_a6_': 0.7236762767686274, '_a2_': 1.0, '_a3_': 1.0, '_a5_': 1.0, '_a7_': 1.0}};{'d0': 0.024905832919480387};-276.475521886668;46.62324536999846
10099;-91.6145155733356;((((_a6_ * _a6_) + pow2(x)) + (_a4_ * (x + (_a1_ * _a0_)))) * (x / _a0_));{'d0': {'_a0_': 0.2961417655069485, '_a1_': 0.010740812902818439, '_a4_': 0.623859403770641, '_a6_': 0.7236762767686274, '_a2_': 1.0, '_a3_': 1.0, '_a5_': 1.0, '_a7_': 1.0}};{'d0': 0.024905832919480387};-276.475521886668;46.62324536999846
10100;-79.5849205787079;((((pow2((-((_a2_ + x)) + _a3_)) / (_a7_ * _a3_)) + (x + pow2(_a2_))) * -(x)) * _a0_);{'d0': {'_a0_': 2.8353053966384163, '_a2_': -0.10789649575747186, '_a3_': -0.8396524068960166, '_a7_': 1.0, '_a1_': 1.0, '_a4_': 1.0, '_a5_': 1.0, '_a6_': 1.0}};{'d0': 0.024905832919416566};-276.475521886822;58.65284036470287
10101;-79.5849205787079;((((pow2((-((_a2_ + x)) + _a3_)) / (_a7_ * _a3_)) + (x + pow2(_a2_))) * -(x)) * _a0_);{'d0': {'_a0_': 2.8353053966384163, '_a2_': -0.10789649575747186, '_a3_': -0.8396524068960166, '_a7_': 1.0, '_a1_': 1.0, '_a4_': 1.0, '_a5_': 1.0, '_a6_': 1.0}};{'d0': 0.024905832919416566};-276.475521886822;58.65284036470287
10102;-79.5849205787079;((((pow2((-((_a2_ + x)) + _a3_)) / (_a7_ * _a3_)) + (x + pow2(_a2_))) * -(x)) * _a0_);{'d0': {'_a0_': 2.8353053966384163, '_a2_': -0.10789649575747186, '_a3_': -0.8396524068960166, '_a7_': 1.0, '_a1_': 1.0, '_a4_': 1.0, '_a5_': 1.0, '_a6_': 1.0}};{'d0': 0.024905832919416566};-276.475521886822;58.65284036470287
10103;-79.5849205787079;((((pow2((-((_a2_ + x)) + _a3_)) / (_a7_ * _a3_)) + (x + pow2(_a2_))) * -(x)) * _a0_);{'d0': {'_a0_': 2.8353053966384163, '_a2_': -0.10789649575747186, '_a3_': -0.8396524068960166, '_a7_': 1.0, '_a1_': 1.0, '_a4_': 1.0, '_a5_': 1.0, '_a6_': 1.0}};{'d0': 0.024905832919416566};-276.475521886822;58.65284036470287
10104;-83.2653728165324;((((pow2((-((_a2_ + x)) + _a3_)) / (_a7_ * _a3_)) + (x + pow2(_a2_))) * x) * _a0_);{'d0': {'_a0_': -2.7958502326675037, '_a2_': 0.03899541696333187, '_a3_': -0.6869183324416432, '_a7_': 1.2053368754681186, '_a1_': 1.0, '_a4_': 1.0, '_a5_': 1.0, '_a6_': 1.0}};{'d0': 0.024905832919779124};-276.475521885948;54.9723881264417
10105;-83.2653728165324;((((pow2((-((_a2_ + x)) + _a3_)) / (_a7_ * _a3_)) + (x + pow2(_a2_))) * x) * _a0_);{'d0': {'_a0_': -2.7958502326675037, '_a2_': 0.03899541696333187, '_a3_': -0.6869183324416432, '_a7_': 1.2053368754681186, '_a1_': 1.0, '_a4_': 1.0, '_a5_': 1.0, '_a6_': 1.0}};{'d0': 0.024905832919779124};-276.475521885948;54.9723881264417
10106;-83.2653728165324;((((pow2((-((_a2_ + x)) + _a3_)) / (_a7_ * _a3_)) + (x + pow2(_a2_))) * x) * _a0_);{'d0': {'_a0_': -2.7958502326675037, '_a2_': 0.03899541696333187, '_a3_': -0.6869183324416432, '_a7_': 1.2053368754681186, '_a1_': 1.0, '_a4_': 1.0, '_a5_': 1.0, '_a6_': 1.0}};{'d0': 0.024905832919779124};-276.475521885948;54.9723881264417
10107;-83.2653728165324;((((pow2((-((_a2_ + x)) + _a3_)) / (_a7_ * _a3_)) + (x + pow2(_a2_))) * x) * _a0_);{'d0': {'_a0_': -2.7958502326675037, '_a2_': 0.03899541696333187, '_a3_': -0.6869183324416432, '_a7_': 1.2053368754681186, '_a1_': 1.0, '_a4_': 1.0, '_a5_': 1.0, '_a6_': 1.0}};{'d0': 0.024905832919779124};-276.475521885948;54.9723881264417
10108;-81.0427062404248;((((pow2((-((_a2_ + x)) + _a3_)) / (_a7_ * _a3_)) + (x + (_a7_ + _a7_))) * x) * _a0_);{'d0': {'_a0_': 1.1453603620911874, '_a2_': 0.5975857700644299, '_a3_': 0.45525059429689807, '_a7_': 0.7450600547053656, '_a1_': 1.0, '_a4_': 1.0, '_a5_': 1.0, '_a6_': 1.0}};{'d0': 0.024905832919519776};-276.475521886573;57.1950547028617
10109;-83.2653728158664;((((pow2((-((_a2_ + x)) + _a3_)) / (_a7_ * _a3_)) + (x + pow2(_a0_))) * x) * _a0_);{'d0': {'_a0_': 1.1967129069502669, '_a2_': 0.7426850453697864, '_a3_': 0.6079536867962284, '_a7_': 0.5829336195035991, '_a1_': 1.0, '_a4_': 1.0, '_a5_': 1.0, '_a6_': 1.0}};{'d0': 0.024905832920332032};-276.475521884616;54.9723881264417
10110;-83.2653728158664;((((pow2((-((_a2_ + x)) + _a3_)) / (_a7_ * _a3_)) + (x + pow2(_a0_))) * x) * _a0_);{'d0': {'_a0_': 1.1967129069502669, '_a2_': 0.7426850453697864, '_a3_': 0.6079536867962284, '_a7_': 0.5829336195035991, '_a1_': 1.0, '_a4_': 1.0, '_a5_': 1.0, '_a6_': 1.0}};{'d0': 0.024905832920332032};-276.475521884616;54.9723881264417
10111;-83.2653728158664;((((pow2((-((_a2_ + x)) + _a3_)) / (_a7_ * _a3_)) + (x + pow2(_a0_))) * x) * _a0_);{'d0': {'_a0_': 1.1967129069502669, '_a2_': 0.7426850453697864, '_a3_': 0.6079536867962284, '_a7_': 0.5829336195035991, '_a1_': 1.0, '_a4_': 1.0, '_a5_': 1.0, '_a6_': 1.0}};{'d0': 0.024905832920332032};-276.475521884616;54.9723881264417
10112;-88.1423554560880;((((pow2((-((_a2_ + x)) + _a3_)) / _a6_) + (x + pow2(_a0_))) * x) * _a0_);{'d0': {'_a0_': 1.1967129001917298, '_a2_': 1.2303849582397208, '_a3_': 1.0956535957468263, '_a6_': 0.3543966939787988, '_a1_': 1.0, '_a4_': 1.0, '_a5_': 1.0, '_a7_': 1.0}};{'d0': 0.024905832919429893};-276.475521886790;50.0954054873067
10113;-88.1423554560880;((((pow2((-((_a2_ + x)) + _a3_)) / _a6_) + (x + pow2(_a0_))) * x) * _a0_);{'d0': {'_a0_': 1.1967129001917298, '_a2_': 1.2303849582397208, '_a3_': 1.0956535957468263, '_a6_': 0.3543966939787988, '_a1_': 1.0, '_a4_': 1.0, '_a5_': 1.0, '_a7_': 1.0}};{'d0': 0.024905832919429893};-276.475521886790;50.0954054873067
10114;-88.1423554560880;((((pow2((-((_a2_ + x)) + _a3_)) / _a6_) + (x + pow2(_a0_))) * x) * _a0_);{'d0': {'_a0_': 1.1967129001917298, '_a2_': 1.2303849582397208, '_a3_': 1.0956535957468263, '_a6_': 0.3543966939787988, '_a1_': 1.0, '_a4_': 1.0, '_a5_': 1.0, '_a7_': 1.0}};{'d0': 0.024905832919429893};-276.475521886790;50.0954054873067
10115;-88.1423554560880;((((pow2((-((_a2_ + x)) + _a3_)) / _a6_) + (x + pow2(_a0_))) * x) * _a0_);{'d0': {'_a0_': 1.1967129001917298, '_a2_': 1.2303849582397208, '_a3_': 1.0956535957468263, '_a6_': 0.3543966939787988, '_a1_': 1.0, '_a4_': 1.0, '_a5_': 1.0, '_a7_': 1.0}};{'d0': 0.024905832919429893};-276.475521886790;50.0954054873067
10116;-88.1423554560880;((((pow2((-((_a2_ + x)) + _a3_)) / _a6_) + (x + pow2(_a0_))) * x) * _a0_);{'d0': {'_a0_': 1.1967129001917298, '_a2_': 1.2303849582397208, '_a3_': 1.0956535957468263, '_a6_': 0.3543966939787988, '_a1_': 1.0, '_a4_': 1.0, '_a5_': 1.0, '_a7_': 1.0}};{'d0': 0.024905832919429893};-276.475521886790;50.0954054873067
10117;-93.2516957498705;((((_a6_ * _a6_) + pow2(x)) + (_a4_ * (x + log(_a6_)))) * (x / _a0_));{'d0': {'_a0_': 0.2961417867297793, '_a4_': 0.6238594154929528, '_a6_': 0.810440117745428, '_a1_': 1.0, '_a2_': 1.0, '_a3_': 1.0, '_a5_': 1.0, '_a7_': 1.0}};{'d0': 0.02490583291941658};-280.569866449044;47.03323747465146
10118;-93.2516957498705;((((_a6_ * _a6_) + pow2(x)) + (_a4_ * (x + log(_a6_)))) * (x / _a0_));{'d0': {'_a0_': 0.2961417867297793, '_a4_': 0.6238594154929528, '_a6_': 0.810440117745428, '_a1_': 1.0, '_a2_': 1.0, '_a3_': 1.0, '_a5_': 1.0, '_a7_': 1.0}};{'d0': 0.02490583291941658};-280.569866449044;47.03323747465146
10119;-94.1026475908158;((((_a6_ * _a6_) + pow2(x)) + (_a4_ * (x + log(_a6_)))) * (x * _a0_));{'d0': {'_a0_': 3.37676087811585, '_a4_': 0.6238594155567254, '_a6_': 0.810440117822681, '_a1_': 1.0, '_a2_': 1.0, '_a3_': 1.0, '_a5_': 1.0, '_a7_': 1.0}};{'d0': 0.024905832919416605};-280.569866449044;46.18228563370606
10120;-94.1026475908158;((((_a6_ * _a6_) + pow2(x)) + (_a4_ * (x + log(_a6_)))) * (x * _a0_));{'d0': {'_a0_': 3.37676087811585, '_a4_': 0.6238594155567254, '_a6_': 0.810440117822681, '_a1_': 1.0, '_a2_': 1.0, '_a3_': 1.0, '_a5_': 1.0, '_a7_': 1.0}};{'d0': 0.024905832919416605};-280.569866449044;46.18228563370606
10121;-94.1026475908158;((((_a6_ * _a6_) + pow2(x)) + (_a4_ * (x + log(_a6_)))) * (x * _a0_));{'d0': {'_a0_': 3.37676087811585, '_a4_': 0.6238594155567254, '_a6_': 0.810440117822681, '_a1_': 1.0, '_a2_': 1.0, '_a3_': 1.0, '_a5_': 1.0, '_a7_': 1.0}};{'d0': 0.024905832919416605};-280.569866449044;46.18228563370606
10122;-94.1026475908158;((((_a6_ * _a6_) + pow2(x)) + (_a4_ * (x + log(_a6_)))) * (x * _a0_));{'d0': {'_a0_': 3.37676087811585, '_a4_': 0.6238594155567254, '_a6_': 0.810440117822681, '_a1_': 1.0, '_a2_': 1.0, '_a3_': 1.0, '_a5_': 1.0, '_a7_': 1.0}};{'d0': 0.024905832919416605};-280.569866449044;46.18228563370606
10123;-94.1026475908158;((((_a6_ * _a6_) + pow2(x)) + (_a4_ * (x + log(_a6_)))) * (x * _a0_));{'d0': {'_a0_': 3.37676087811585, '_a4_': 0.6238594155567254, '_a6_': 0.810440117822681, '_a1_': 1.0, '_a2_': 1.0, '_a3_': 1.0, '_a5_': 1.0, '_a7_': 1.0}};{'d0': 0.024905832919416605};-280.569866449044;46.18228563370606
10124;-94.1026475908158;((((_a6_ * _a6_) + pow2(x)) + (_a4_ * (x + log(_a6_)))) * (x * _a0_));{'d0': {'_a0_': 3.37676087811585, '_a4_': 0.6238594155567254, '_a6_': 0.810440117822681, '_a1_': 1.0, '_a2_': 1.0, '_a3_': 1.0, '_a5_': 1.0, '_a7_': 1.0}};{'d0': 0.024905832919416605};-280.569866449044;46.18228563370606
10125;-94.1026475908158;((((_a6_ * _a6_) + pow2(x)) + (_a4_ * (x + log(_a6_)))) * (x * _a0_));{'d0': {'_a0_': 3.37676087811585, '_a4_': 0.6238594155567254, '_a6_': 0.810440117822681, '_a1_': 1.0, '_a2_': 1.0, '_a3_': 1.0, '_a5_': 1.0, '_a7_': 1.0}};{'d0': 0.024905832919416605};-280.569866449044;46.18228563370606
10126;-94.1026475908158;((((_a6_ * _a6_) + pow2(x)) + (_a4_ * (x + log(_a6_)))) * (x * _a0_));{'d0': {'_a0_': 3.37676087811585, '_a4_': 0.6238594155567254, '_a6_': 0.810440117822681, '_a1_': 1.0, '_a2_': 1.0, '_a3_': 1.0, '_a5_': 1.0, '_a7_': 1.0}};{'d0': 0.024905832919416605};-280.569866449044;46.18228563370606
10127;-94.1026475908158;((((_a6_ * _a6_) + pow2(x)) + (_a4_ * (x + log(_a6_)))) * (x * _a0_));{'d0': {'_a0_': 3.37676087811585, '_a4_': 0.6238594155567254, '_a6_': 0.810440117822681, '_a1_': 1.0, '_a2_': 1.0, '_a3_': 1.0, '_a5_': 1.0, '_a7_': 1.0}};{'d0': 0.024905832919416605};-280.569866449044;46.18228563370606
10128;-94.1026475908158;((((_a6_ * _a6_) + pow2(x)) + (_a4_ * (x + log(_a6_)))) * (x * _a0_));{'d0': {'_a0_': 3.37676087811585, '_a4_': 0.6238594155567254, '_a6_': 0.810440117822681, '_a1_': 1.0, '_a2_': 1.0, '_a3_': 1.0, '_a5_': 1.0, '_a7_': 1.0}};{'d0': 0.024905832919416605};-280.569866449044;46.18228563370606
10129;-94.1026475908158;((((_a6_ * _a6_) + pow2(x)) + (_a4_ * (x + log(_a6_)))) * (x * _a0_));{'d0': {'_a0_': 3.37676087811585, '_a4_': 0.6238594155567254, '_a6_': 0.810440117822681, '_a1_': 1.0, '_a2_': 1.0, '_a3_': 1.0, '_a5_': 1.0, '_a7_': 1.0}};{'d0': 0.024905832919416605};-280.569866449044;46.18228563370606
10130;-94.1026475908158;((((_a6_ * _a6_) + pow2(x)) + (_a4_ * (x + log(_a6_)))) * (x * _a0_));{'d0': {'_a0_': 3.37676087811585, '_a4_': 0.6238594155567254, '_a6_': 0.810440117822681, '_a1_': 1.0, '_a2_': 1.0, '_a3_': 1.0, '_a5_': 1.0, '_a7_': 1.0}};{'d0': 0.024905832919416605};-280.569866449044;46.18228563370606
10131;-94.1026475908158;((((_a6_ * _a6_) + pow2(x)) + (_a4_ * (x + log(_a6_)))) * (x * _a0_));{'d0': {'_a0_': 3.37676087811585, '_a4_': 0.6238594155567254, '_a6_': 0.810440117822681, '_a1_': 1.0, '_a2_': 1.0, '_a3_': 1.0, '_a5_': 1.0, '_a7_': 1.0}};{'d0': 0.024905832919416605};-280.569866449044;46.18228563370606
10132;-94.1026475908158;((((_a6_ * _a6_) + pow2(x)) + (_a4_ * (x + log(_a6_)))) * (x * _a0_));{'d0': {'_a0_': 3.37676087811585, '_a4_': 0.6238594155567254, '_a6_': 0.810440117822681, '_a1_': 1.0, '_a2_': 1.0, '_a3_': 1.0, '_a5_': 1.0, '_a7_': 1.0}};{'d0': 0.024905832919416605};-280.569866449044;46.18228563370606
10133;-100.914754139058;(((pow2((-(x) + _a3_)) / _a6_) + (x + pow2(_a0_))) * x);{'d0': {'_a0_': -1.2978714689981359, '_a3_': -0.16385881470567482, '_a6_': 0.2961417864560937, '_a1_': 1.0, '_a2_': 1.0, '_a4_': 1.0, '_a5_': 1.0, '_a7_': 1.0}};{'d0': 0.024905832919416535};-280.569866449044;39.370179085463704
10134;-100.914754139058;(((pow2((-(x) + _a3_)) / _a6_) + (x + pow2(_a0_))) * x);{'d0': {'_a0_': -1.2978714689981359, '_a3_': -0.16385881470567482, '_a6_': 0.2961417864560937, '_a1_': 1.0, '_a2_': 1.0, '_a4_': 1.0, '_a5_': 1.0, '_a7_': 1.0}};{'d0': 0.024905832919416535};-280.569866449044;39.370179085463704
10135;-100.914754139058;(((pow2((-(x) + _a3_)) / _a6_) + (x + pow2(_a0_))) * x);{'d0': {'_a0_': -1.2978714689981359, '_a3_': -0.16385881470567482, '_a6_': 0.2961417864560937, '_a1_': 1.0, '_a2_': 1.0, '_a4_': 1.0, '_a5_': 1.0, '_a7_': 1.0}};{'d0': 0.024905832919416535};-280.569866449044;39.370179085463704
10136;-100.914754139058;(((pow2((-(x) + _a3_)) / _a6_) + (x + pow2(_a0_))) * x);{'d0': {'_a0_': -1.2978714689981359, '_a3_': -0.16385881470567482, '_a6_': 0.2961417864560937, '_a1_': 1.0, '_a2_': 1.0, '_a4_': 1.0, '_a5_': 1.0, '_a7_': 1.0}};{'d0': 0.024905832919416535};-280.569866449044;39.370179085463704
10137;-100.914754139058;(((pow2((-(x) + _a3_)) / _a6_) + (x + pow2(_a0_))) * x);{'d0': {'_a0_': -1.2978714689981359, '_a3_': -0.16385881470567482, '_a6_': 0.2961417864560937, '_a1_': 1.0, '_a2_': 1.0, '_a4_': 1.0, '_a5_': 1.0, '_a7_': 1.0}};{'d0': 0.024905832919416535};-280.569866449044;39.370179085463704
10138;-104.612688611668;(((pow2((-(x) + _a3_)) / _a6_) + (x + _a2_)) * x);{'d0': {'_a2_': 1.6844703505878789, '_a3_': -0.16385881466378194, '_a6_': 0.2961417867922661, '_a0_': 1.0, '_a1_': 1.0, '_a4_': 1.0, '_a5_': 1.0, '_a7_': 1.0}};{'d0': 0.02490583291941663};-280.569866449044;35.6722446128537
10139;-95.0015514280668;((((_a6_ * _a6_) + pow2(x)) + (_a4_ * (x * log(_a6_)))) * (x * _a0_));{'d0': {'_a0_': 3.3767608764779444, '_a4_': -1.9403433607999925, '_a6_': 0.7250460473883719, '_a1_': 1.0, '_a2_': 1.0, '_a3_': 1.0, '_a5_': 1.0, '_a7_': 1.0}};{'d0': 0.024905832919416657};-280.569866449044;45.28338179645506
10140;-95.0015514280668;((((_a6_ * _a6_) + pow2(x)) + (_a4_ * (x * log(_a6_)))) * (x * _a0_));{'d0': {'_a0_': 3.3767608764779444, '_a4_': -1.9403433607999925, '_a6_': 0.7250460473883719, '_a1_': 1.0, '_a2_': 1.0, '_a3_': 1.0, '_a5_': 1.0, '_a7_': 1.0}};{'d0': 0.024905832919416657};-280.569866449044;45.28338179645506
10141;-95.0015514280668;((((_a6_ * _a6_) + pow2(x)) + (_a4_ * (x * log(_a6_)))) * (x * _a0_));{'d0': {'_a0_': 3.3767608764779444, '_a4_': -1.9403433607999925, '_a6_': 0.7250460473883719, '_a1_': 1.0, '_a2_': 1.0, '_a3_': 1.0, '_a5_': 1.0, '_a7_': 1.0}};{'d0': 0.024905832919416657};-280.569866449044;45.28338179645506
10142;-95.0015514280668;((((_a6_ * _a6_) + pow2(x)) + (_a4_ * (x * log(_a6_)))) * (x * _a0_));{'d0': {'_a0_': 3.3767608764779444, '_a4_': -1.9403433607999925, '_a6_': 0.7250460473883719, '_a1_': 1.0, '_a2_': 1.0, '_a3_': 1.0, '_a5_': 1.0, '_a7_': 1.0}};{'d0': 0.024905832919416657};-280.569866449044;45.28338179645506
10143;-95.0015514280668;((((_a6_ * _a6_) + pow2(x)) + (_a4_ * (x * log(_a6_)))) * (x * _a0_));{'d0': {'_a0_': 3.3767608764779444, '_a4_': -1.9403433607999925, '_a6_': 0.7250460473883719, '_a1_': 1.0, '_a2_': 1.0, '_a3_': 1.0, '_a5_': 1.0, '_a7_': 1.0}};{'d0': 0.024905832919416657};-280.569866449044;45.28338179645506
10144;-95.0015514280668;((((_a6_ * _a6_) + pow2(x)) + (_a4_ * (x * log(_a6_)))) * (x * _a0_));{'d0': {'_a0_': 3.3767608764779444, '_a4_': -1.9403433607999925, '_a6_': 0.7250460473883719, '_a1_': 1.0, '_a2_': 1.0, '_a3_': 1.0, '_a5_': 1.0, '_a7_': 1.0}};{'d0': 0.024905832919416657};-280.569866449044;45.28338179645506
10145;-95.0015514280668;((((_a6_ * _a6_) + pow2(x)) + (_a4_ * (x * log(_a6_)))) * (x * _a0_));{'d0': {'_a0_': 3.3767608764779444, '_a4_': -1.9403433607999925, '_a6_': 0.7250460473883719, '_a1_': 1.0, '_a2_': 1.0, '_a3_': 1.0, '_a5_': 1.0, '_a7_': 1.0}};{'d0': 0.024905832919416657};-280.569866449044;45.28338179645506
10146;-88.3380030819668;((((_a6_ * _a6_) + pow2(x)) + (_a4_ * (x * log(_a6_)))) * (x * (_a7_ ** _a7_)));{'d0': {'_a4_': -1.9403433535287433, '_a6_': 0.725046046638129, '_a7_': 1.898412699030337, '_a0_': 1.0, '_a1_': 1.0, '_a2_': 1.0, '_a3_': 1.0, '_a5_': 1.0}};{'d0': 0.024905832919416605};-280.569866449044;51.94693014255506
10147;-88.3380030819668;((((_a6_ * _a6_) + pow2(x)) + (_a4_ * (x * log(_a6_)))) * (x * (_a7_ ** _a7_)));{'d0': {'_a4_': -1.9403433535287433, '_a6_': 0.725046046638129, '_a7_': 1.898412699030337, '_a0_': 1.0, '_a1_': 1.0, '_a2_': 1.0, '_a3_': 1.0, '_a5_': 1.0}};{'d0': 0.024905832919416605};-280.569866449044;51.94693014255506
10148;-108.292635771928;(((pow2((x + _a3_)) / _a6_) + (x + _a2_)) * x);{'d0': {'_a2_': 1.6844703505350844, '_a3_': 0.1638588144500447, '_a6_': 0.29614178671741825, '_a0_': 1.0, '_a1_': 1.0, '_a4_': 1.0, '_a5_': 1.0, '_a7_': 1.0}};{'d0': 0.024905832919416667};-280.569866449044;31.992297452593313
10149;-108.292635771928;(((pow2((x + _a3_)) / _a6_) + (x + _a2_)) * x);{'d0': {'_a2_': 1.6844703505350844, '_a3_': 0.1638588144500447, '_a6_': 0.29614178671741825, '_a0_': 1.0, '_a1_': 1.0, '_a4_': 1.0, '_a5_': 1.0, '_a7_': 1.0}};{'d0': 0.024905832919416667};-280.569866449044;31.992297452593313
10150;-108.292635771928;(((pow2((x + _a3_)) / _a6_) + (x + _a2_)) * x);{'d0': {'_a2_': 1.6844703505350844, '_a3_': 0.1638588144500447, '_a6_': 0.29614178671741825, '_a0_': 1.0, '_a1_': 1.0, '_a4_': 1.0, '_a5_': 1.0, '_a7_': 1.0}};{'d0': 0.024905832919416667};-280.569866449044;31.992297452593313
10151;-108.292635771928;(((pow2((x + _a3_)) / _a6_) + (x + _a2_)) * x);{'d0': {'_a2_': 1.6844703505350844, '_a3_': 0.1638588144500447, '_a6_': 0.29614178671741825, '_a0_': 1.0, '_a1_': 1.0, '_a4_': 1.0, '_a5_': 1.0, '_a7_': 1.0}};{'d0': 0.024905832919416667};-280.569866449044;31.992297452593313
10152;-108.292635771928;(((pow2((x + _a3_)) / _a6_) + (x + _a2_)) * x);{'d0': {'_a2_': 1.6844703505350844, '_a3_': 0.1638588144500447, '_a6_': 0.29614178671741825, '_a0_': 1.0, '_a1_': 1.0, '_a4_': 1.0, '_a5_': 1.0, '_a7_': 1.0}};{'d0': 0.024905832919416667};-280.569866449044;31.992297452593313
10153;-108.292635771928;(((pow2((x + _a3_)) / _a6_) + (x + _a2_)) * x);{'d0': {'_a2_': 1.6844703505350844, '_a3_': 0.1638588144500447, '_a6_': 0.29614178671741825, '_a0_': 1.0, '_a1_': 1.0, '_a4_': 1.0, '_a5_': 1.0, '_a7_': 1.0}};{'d0': 0.024905832919416667};-280.569866449044;31.992297452593313
10154;-108.292635771928;(((pow2((x + _a3_)) / _a6_) + (x + _a2_)) * x);{'d0': {'_a2_': 1.6844703505350844, '_a3_': 0.1638588144500447, '_a6_': 0.29614178671741825, '_a0_': 1.0, '_a1_': 1.0, '_a4_': 1.0, '_a5_': 1.0, '_a7_': 1.0}};{'d0': 0.024905832919416667};-280.569866449044;31.992297452593313
10155;-108.292635771928;(((pow2((x + _a3_)) / _a6_) + (x + _a2_)) * x);{'d0': {'_a2_': 1.6844703505350844, '_a3_': 0.1638588144500447, '_a6_': 0.29614178671741825, '_a0_': 1.0, '_a1_': 1.0, '_a4_': 1.0, '_a5_': 1.0, '_a7_': 1.0}};{'d0': 0.024905832919416667};-280.569866449044;31.992297452593313
10156;-108.292635771928;(((pow2((x + _a3_)) / _a6_) + (x + _a2_)) * x);{'d0': {'_a2_': 1.6844703505350844, '_a3_': 0.1638588144500447, '_a6_': 0.29614178671741825, '_a0_': 1.0, '_a1_': 1.0, '_a4_': 1.0, '_a5_': 1.0, '_a7_': 1.0}};{'d0': 0.024905832919416667};-280.569866449044;31.992297452593313
10157;-108.292635771928;(((pow2((x + _a3_)) / _a6_) + (x + _a2_)) * x);{'d0': {'_a2_': 1.6844703505350844, '_a3_': 0.1638588144500447, '_a6_': 0.29614178671741825, '_a0_': 1.0, '_a1_': 1.0, '_a4_': 1.0, '_a5_': 1.0, '_a7_': 1.0}};{'d0': 0.024905832919416667};-280.569866449044;31.992297452593313
10158;-104.612688611668;(((pow2((x + _a3_)) / _a6_) + (-(x) + _a2_)) * x);{'d0': {'_a2_': 1.0606109343162302, '_a3_': 0.46000060107667534, '_a6_': 0.29614178663607493, '_a0_': 1.0, '_a1_': 1.0, '_a4_': 1.0, '_a5_': 1.0, '_a7_': 1.0}};{'d0': 0.024905832919416643};-280.569866449044;35.6722446128537
10159;-104.612688611668;(((pow2((x + _a3_)) / _a6_) + (-(x) + _a2_)) * x);{'d0': {'_a2_': 1.0606109343162302, '_a3_': 0.46000060107667534, '_a6_': 0.29614178663607493, '_a0_': 1.0, '_a1_': 1.0, '_a4_': 1.0, '_a5_': 1.0, '_a7_': 1.0}};{'d0': 0.024905832919416643};-280.569866449044;35.6722446128537
10160;-104.612688611668;(((pow2((x + _a3_)) / _a6_) + (-(x) + _a2_)) * x);{'d0': {'_a2_': 1.0606109343162302, '_a3_': 0.46000060107667534, '_a6_': 0.29614178663607493, '_a0_': 1.0, '_a1_': 1.0, '_a4_': 1.0, '_a5_': 1.0, '_a7_': 1.0}};{'d0': 0.024905832919416643};-280.569866449044;35.6722446128537
10161;-104.612688611668;(((pow2((x + _a3_)) / _a6_) + (-(x) + _a2_)) * x);{'d0': {'_a2_': 1.0606109343162302, '_a3_': 0.46000060107667534, '_a6_': 0.29614178663607493, '_a0_': 1.0, '_a1_': 1.0, '_a4_': 1.0, '_a5_': 1.0, '_a7_': 1.0}};{'d0': 0.024905832919416643};-280.569866449044;35.6722446128537
10162;-105.608355025257;(((pow2((x + _a3_)) * _a6_) + (-(x) + _a2_)) * x);{'d0': {'_a2_': 1.060610935180198, '_a3_': 0.46000060125244485, '_a6_': 3.376760877874565, '_a0_': 1.0, '_a1_': 1.0, '_a4_': 1.0, '_a5_': 1.0, '_a7_': 1.0}};{'d0': 0.024905832919416646};-280.569866449044;34.676578199264306
10163;-105.608355025257;(((pow2((x + _a3_)) * _a6_) + (-(x) + _a2_)) * x);{'d0': {'_a2_': 1.060610935180198, '_a3_': 0.46000060125244485, '_a6_': 3.376760877874565, '_a0_': 1.0, '_a1_': 1.0, '_a4_': 1.0, '_a5_': 1.0, '_a7_': 1.0}};{'d0': 0.024905832919416646};-280.569866449044;34.676578199264306
10164;-105.608355025257;(((pow2((x + _a3_)) * _a6_) + (-(x) + _a2_)) * x);{'d0': {'_a2_': 1.060610935180198, '_a3_': 0.46000060125244485, '_a6_': 3.376760877874565, '_a0_': 1.0, '_a1_': 1.0, '_a4_': 1.0, '_a5_': 1.0, '_a7_': 1.0}};{'d0': 0.024905832919416646};-280.569866449044;34.676578199264306
10165;-105.608355025257;(((pow2((x + _a3_)) * _a6_) + (-(x) + _a2_)) * x);{'d0': {'_a2_': 1.060610935180198, '_a3_': 0.46000060125244485, '_a6_': 3.376760877874565, '_a0_': 1.0, '_a1_': 1.0, '_a4_': 1.0, '_a5_': 1.0, '_a7_': 1.0}};{'d0': 0.024905832919416646};-280.569866449044;34.676578199264306
10166;-105.608355025257;(((pow2((x + _a3_)) * _a6_) + (-(x) + _a2_)) * x);{'d0': {'_a2_': 1.060610935180198, '_a3_': 0.46000060125244485, '_a6_': 3.376760877874565, '_a0_': 1.0, '_a1_': 1.0, '_a4_': 1.0, '_a5_': 1.0, '_a7_': 1.0}};{'d0': 0.024905832919416646};-280.569866449044;34.676578199264306
10167;-105.608355025257;(((pow2((x + _a3_)) * _a6_) + (-(x) + _a2_)) * x);{'d0': {'_a2_': 1.060610935180198, '_a3_': 0.46000060125244485, '_a6_': 3.376760877874565, '_a0_': 1.0, '_a1_': 1.0, '_a4_': 1.0, '_a5_': 1.0, '_a7_': 1.0}};{'d0': 0.024905832919416646};-280.569866449044;34.676578199264306
10168;-105.608355025257;(((pow2((x + _a3_)) * _a6_) + (-(x) + _a2_)) * x);{'d0': {'_a2_': 1.060610935180198, '_a3_': 0.46000060125244485, '_a6_': 3.376760877874565, '_a0_': 1.0, '_a1_': 1.0, '_a4_': 1.0, '_a5_': 1.0, '_a7_': 1.0}};{'d0': 0.024905832919416646};-280.569866449044;34.676578199264306
10169;-105.608355025257;(((pow2((x + _a3_)) * _a6_) + (-(x) + _a2_)) * x);{'d0': {'_a2_': 1.060610935180198, '_a3_': 0.46000060125244485, '_a6_': 3.376760877874565, '_a0_': 1.0, '_a1_': 1.0, '_a4_': 1.0, '_a5_': 1.0, '_a7_': 1.0}};{'d0': 0.024905832919416646};-280.569866449044;34.676578199264306
10170;-105.608355025257;(((pow2((x + _a3_)) * _a6_) + (-(x) + _a2_)) * x);{'d0': {'_a2_': 1.060610935180198, '_a3_': 0.46000060125244485, '_a6_': 3.376760877874565, '_a0_': 1.0, '_a1_': 1.0, '_a4_': 1.0, '_a5_': 1.0, '_a7_': 1.0}};{'d0': 0.024905832919416646};-280.569866449044;34.676578199264306
10171;-105.608355025257;(((pow2((x + _a3_)) * _a6_) + (-(x) + _a2_)) * x);{'d0': {'_a2_': 1.060610935180198, '_a3_': 0.46000060125244485, '_a6_': 3.376760877874565, '_a0_': 1.0, '_a1_': 1.0, '_a4_': 1.0, '_a5_': 1.0, '_a7_': 1.0}};{'d0': 0.024905832919416646};-280.569866449044;34.676578199264306
10172;-105.608355025257;(((pow2((x + _a3_)) * _a6_) + (-(x) + _a2_)) * x);{'d0': {'_a2_': 1.060610935180198, '_a3_': 0.46000060125244485, '_a6_': 3.376760877874565, '_a0_': 1.0, '_a1_': 1.0, '_a4_': 1.0, '_a5_': 1.0, '_a7_': 1.0}};{'d0': 0.024905832919416646};-280.569866449044;34.676578199264306
10173;-105.608355025257;(((pow2((x + _a3_)) * _a6_) + (-(x) + _a2_)) * x);{'d0': {'_a2_': 1.060610935180198, '_a3_': 0.46000060125244485, '_a6_': 3.376760877874565, '_a0_': 1.0, '_a1_': 1.0, '_a4_': 1.0, '_a5_': 1.0, '_a7_': 1.0}};{'d0': 0.024905832919416646};-280.569866449044;34.676578199264306
10174;-85.5033251890546;((((_a6_ * _a6_) + pow2(x)) + ((_a5_ / _a4_) * (x * log(_a6_)))) * (x * pow2(_a5_)));{'d0': {'_a4_': -0.9470470722847215, '_a5_': 1.8375964951829413, '_a6_': 0.7250460469433209, '_a0_': 1.0, '_a1_': 1.0, '_a2_': 1.0, '_a3_': 1.0, '_a7_': 1.0}};{'d0': 0.02490583291941648};-280.569866449044;54.781608035467464
10175;-85.5033251890546;((((_a6_ * _a6_) + pow2(x)) + ((_a5_ / _a4_) * (x * log(_a6_)))) * (x * pow2(_a5_)));{'d0': {'_a4_': -0.9470470722847215, '_a5_': 1.8375964951829413, '_a6_': 0.7250460469433209, '_a0_': 1.0, '_a1_': 1.0, '_a2_': 1.0, '_a3_': 1.0, '_a7_': 1.0}};{'d0': 0.02490583291941648};-280.569866449044;54.781608035467464
10176;-85.5033251890546;((((_a6_ * _a6_) + pow2(x)) + ((_a5_ / _a4_) * (x * log(_a6_)))) * (x * pow2(_a5_)));{'d0': {'_a4_': -0.9470470722847215, '_a5_': 1.8375964951829413, '_a6_': 0.7250460469433209, '_a0_': 1.0, '_a1_': 1.0, '_a2_': 1.0, '_a3_': 1.0, '_a7_': 1.0}};{'d0': 0.02490583291941648};-280.569866449044;54.781608035467464
10177;-85.5033251890546;((((_a6_ * _a6_) + pow2(x)) + ((_a5_ / _a4_) * (x * log(_a6_)))) * (x * pow2(_a5_)));{'d0': {'_a4_': -0.9470470722847215, '_a5_': 1.8375964951829413, '_a6_': 0.7250460469433209, '_a0_': 1.0, '_a1_': 1.0, '_a2_': 1.0, '_a3_': 1.0, '_a7_': 1.0}};{'d0': 0.02490583291941648};-280.569866449044;54.781608035467464
10178;-85.5033251890546;((((_a6_ * _a6_) + pow2(x)) + ((_a5_ / _a4_) * (x * log(_a6_)))) * (x * pow2(_a5_)));{'d0': {'_a4_': -0.9470470722847215, '_a5_': 1.8375964951829413, '_a6_': 0.7250460469433209, '_a0_': 1.0, '_a1_': 1.0, '_a2_': 1.0, '_a3_': 1.0, '_a7_': 1.0}};{'d0': 0.02490583291941648};-280.569866449044;54.781608035467464
10179;-82.9782621284384;((((_a6_ * _a6_) + pow2(x)) + ((_a5_ / _a4_) * (x * (_a2_ / _a4_)))) * (x * pow2(_a5_)));{'d0': {'_a2_': 1382.9473183432951, '_a4_': 63.82408048700958, '_a5_': 1.8375964949351478, '_a6_': 0.7250460471186647, '_a0_': 1.0, '_a1_': 1.0, '_a3_': 1.0, '_a7_': 1.0}};{'d0': 0.024905832920635137};-276.475521883886;55.25949881350466
10180;-82.9782621284384;((((_a6_ * _a6_) + pow2(x)) + ((_a5_ / _a4_) * (x * (_a2_ / _a4_)))) * (x * pow2(_a5_)));{'d0': {'_a2_': 1382.9473183432951, '_a4_': 63.82408048700958, '_a5_': 1.8375964949351478, '_a6_': 0.7250460471186647, '_a0_': 1.0, '_a1_': 1.0, '_a3_': 1.0, '_a7_': 1.0}};{'d0': 0.024905832920635137};-276.475521883886;55.25949881350466
10181;-82.9782621284384;((((_a6_ * _a6_) + pow2(x)) + ((_a5_ / _a4_) * (x * (_a2_ / _a4_)))) * (x * pow2(_a5_)));{'d0': {'_a2_': 1382.9473183432951, '_a4_': 63.82408048700958, '_a5_': 1.8375964949351478, '_a6_': 0.7250460471186647, '_a0_': 1.0, '_a1_': 1.0, '_a3_': 1.0, '_a7_': 1.0}};{'d0': 0.024905832920635137};-276.475521883886;55.25949881350466
10182;-82.9782621284384;((((_a6_ * _a6_) + pow2(x)) + ((_a5_ / _a4_) * (x * (_a2_ / _a4_)))) * (x * pow2(_a5_)));{'d0': {'_a2_': 1382.9473183432951, '_a4_': 63.82408048700958, '_a5_': 1.8375964949351478, '_a6_': 0.7250460471186647, '_a0_': 1.0, '_a1_': 1.0, '_a3_': 1.0, '_a7_': 1.0}};{'d0': 0.024905832920635137};-276.475521883886;55.25949881350466
10183;-83.7214304399524;((((_a6_ * _a6_) + pow2(x)) + ((_a5_ / _a4_) * (x * (_a2_ * _a4_)))) * (x * pow2(_a5_)));{'d0': {'_a2_': 0.33949749967967574, '_a5_': 1.837596495076974, '_a6_': 0.7250460469907154, '_a0_': 1.0, '_a1_': 1.0, '_a3_': 1.0, '_a4_': 1.0, '_a7_': 1.0}};{'d0': 0.024905832919416632};-276.475521886821;54.51633050345846
10184;-83.7214304399524;((((_a6_ * _a6_) + pow2(x)) + ((_a5_ / _a4_) * (x * (_a2_ * _a4_)))) * (x * pow2(_a5_)));{'d0': {'_a2_': 0.33949749967967574, '_a5_': 1.837596495076974, '_a6_': 0.7250460469907154, '_a0_': 1.0, '_a1_': 1.0, '_a3_': 1.0, '_a4_': 1.0, '_a7_': 1.0}};{'d0': 0.024905832919416632};-276.475521886821;54.51633050345846
10185;-83.5370912826817;((((x * (x + tanh(-(_a0_)))) + _a4_) / _a5_) * ((x * pow3(_a5_)) / _a5_));{'d0': {'_a0_': -0.731298990955955, '_a4_': 0.5256917702292676, '_a5_': 3.376760878978771, '_a1_': 1.0, '_a2_': 1.0, '_a3_': 1.0, '_a6_': 1.0, '_a7_': 1.0}};{'d0': 0.02490583291941666};-280.569866449044;56.74784194183998
10186;-83.5370912826817;((((x * (x + tanh(-(_a0_)))) + _a4_) / _a5_) * ((x * pow3(_a5_)) / _a5_));{'d0': {'_a0_': -0.731298990955955, '_a4_': 0.5256917702292676, '_a5_': 3.376760878978771, '_a1_': 1.0, '_a2_': 1.0, '_a3_': 1.0, '_a6_': 1.0, '_a7_': 1.0}};{'d0': 0.02490583291941666};-280.569866449044;56.74784194183998
10187;-83.5370912826817;((((x * (x + tanh(-(_a0_)))) + _a4_) / _a5_) * ((x * pow3(_a5_)) / _a5_));{'d0': {'_a0_': -0.731298990955955, '_a4_': 0.5256917702292676, '_a5_': 3.376760878978771, '_a1_': 1.0, '_a2_': 1.0, '_a3_': 1.0, '_a6_': 1.0, '_a7_': 1.0}};{'d0': 0.02490583291941666};-280.569866449044;56.74784194183998
10188;-83.5370912826817;((((x * (x + tanh(-(_a0_)))) + _a4_) / _a5_) * ((x * pow3(_a5_)) / _a5_));{'d0': {'_a0_': -0.731298990955955, '_a4_': 0.5256917702292676, '_a5_': 3.376760878978771, '_a1_': 1.0, '_a2_': 1.0, '_a3_': 1.0, '_a6_': 1.0, '_a7_': 1.0}};{'d0': 0.02490583291941666};-280.569866449044;56.74784194183998
10189;-83.5370912826817;((((x * (x + tanh(-(_a0_)))) + _a4_) / _a5_) * ((x * pow3(_a5_)) / _a5_));{'d0': {'_a0_': -0.731298990955955, '_a4_': 0.5256917702292676, '_a5_': 3.376760878978771, '_a1_': 1.0, '_a2_': 1.0, '_a3_': 1.0, '_a6_': 1.0, '_a7_': 1.0}};{'d0': 0.02490583291941666};-280.569866449044;56.74784194183998
10190;-83.5370912826817;((((x * (x + tanh(-(_a0_)))) + _a4_) / _a5_) * ((x * pow3(_a5_)) / _a5_));{'d0': {'_a0_': -0.731298990955955, '_a4_': 0.5256917702292676, '_a5_': 3.376760878978771, '_a1_': 1.0, '_a2_': 1.0, '_a3_': 1.0, '_a6_': 1.0, '_a7_': 1.0}};{'d0': 0.02490583291941666};-280.569866449044;56.74784194183998
10191;-83.7214304399524;((((_a6_ * _a6_) + pow2(x)) + ((_a5_ / _a4_) * (x * (_a2_ * _a4_)))) * (x * pow2(_a5_)));{'d0': {'_a2_': 0.33949749967967574, '_a5_': 1.837596495076974, '_a6_': 0.7250460469907154, '_a0_': 1.0, '_a1_': 1.0, '_a3_': 1.0, '_a4_': 1.0, '_a7_': 1.0}};{'d0': 0.024905832919416632};-276.475521886821;54.51633050345846
10192;-83.7214304399524;((((_a6_ * _a6_) + pow2(x)) + ((_a5_ / _a4_) * (x * (_a2_ * _a4_)))) * (x * pow2(_a5_)));{'d0': {'_a2_': 0.33949749967967574, '_a5_': 1.837596495076974, '_a6_': 0.7250460469907154, '_a0_': 1.0, '_a1_': 1.0, '_a3_': 1.0, '_a4_': 1.0, '_a7_': 1.0}};{'d0': 0.024905832919416632};-276.475521886821;54.51633050345846
10193;-83.7214304399524;((((_a6_ * _a6_) + pow2(x)) + ((_a5_ / _a4_) * (x * (_a2_ * _a4_)))) * (x * pow2(_a5_)));{'d0': {'_a2_': 0.33949749967967574, '_a5_': 1.837596495076974, '_a6_': 0.7250460469907154, '_a0_': 1.0, '_a1_': 1.0, '_a3_': 1.0, '_a4_': 1.0, '_a7_': 1.0}};{'d0': 0.024905832919416632};-276.475521886821;54.51633050345846
10194;-83.7214304399524;((((_a6_ * _a6_) + pow2(x)) + ((_a5_ / _a4_) * (x * (_a2_ * _a4_)))) * (x * pow2(_a5_)));{'d0': {'_a2_': 0.33949749967967574, '_a5_': 1.837596495076974, '_a6_': 0.7250460469907154, '_a0_': 1.0, '_a1_': 1.0, '_a3_': 1.0, '_a4_': 1.0, '_a7_': 1.0}};{'d0': 0.024905832919416632};-276.475521886821;54.51633050345846
10195;-83.7214304399524;((((_a6_ * _a6_) + pow2(x)) + ((_a5_ / _a4_) * (x * (_a2_ * _a4_)))) * (x * pow2(_a5_)));{'d0': {'_a2_': 0.33949749967967574, '_a5_': 1.837596495076974, '_a6_': 0.7250460469907154, '_a0_': 1.0, '_a1_': 1.0, '_a3_': 1.0, '_a4_': 1.0, '_a7_': 1.0}};{'d0': 0.024905832919416632};-276.475521886821;54.51633050345846
10196;-83.7214304399524;((((_a6_ * _a6_) + pow2(x)) + ((_a5_ / _a4_) * (x * (_a2_ * _a4_)))) * (x * pow2(_a5_)));{'d0': {'_a2_': 0.33949749967967574, '_a5_': 1.837596495076974, '_a6_': 0.7250460469907154, '_a0_': 1.0, '_a1_': 1.0, '_a3_': 1.0, '_a4_': 1.0, '_a7_': 1.0}};{'d0': 0.024905832919416632};-276.475521886821;54.51633050345846
10197;-83.7214304399524;((((_a6_ * _a6_) + pow2(x)) + ((_a5_ / _a4_) * (x * (_a2_ * _a4_)))) * (x * pow2(_a5_)));{'d0': {'_a2_': 0.33949749967967574, '_a5_': 1.837596495076974, '_a6_': 0.7250460469907154, '_a0_': 1.0, '_a1_': 1.0, '_a3_': 1.0, '_a4_': 1.0, '_a7_': 1.0}};{'d0': 0.024905832919416632};-276.475521886821;54.51633050345846
10198;-85.8305783100025;(_a3_ * ((((_a1_ * _a3_) + ((_a2_ * x) * x)) + ((_a6_ * x) + _a3_)) * (_a1_ * x)));{'d0': {'_a1_': 1.844634215823262, '_a2_': 3.1473325529043823, '_a3_': 0.5816307126898774, '_a6_': 1.9634930471581946, '_a0_': 1.0, '_a4_': 1.0, '_a5_': 1.0, '_a7_': 1.0}};{'d0': 0.024905832926157168};-276.475521870583;52.40718262528903
10199;-85.8305783100025;(_a3_ * ((((_a1_ * _a3_) + ((_a2_ * x) * x)) + ((_a6_ * x) + _a3_)) * (_a1_ * x)));{'d0': {'_a1_': 1.844634215823262, '_a2_': 3.1473325529043823, '_a3_': 0.5816307126898774, '_a6_': 1.9634930471581946, '_a0_': 1.0, '_a4_': 1.0, '_a5_': 1.0, '_a7_': 1.0}};{'d0': 0.024905832926157168};-276.475521870583;52.40718262528903
10200;-87.4193649107289;((((_a6_ * _a6_) + pow2(x)) + ((_a5_ / _a4_) * (x * (_a2_ * _a4_)))) * (x * _a4_));{'d0': {'_a2_': 0.33019222378505314, '_a4_': 3.3767608786795678, '_a5_': 1.8893821443462198, '_a6_': 0.7250460469839665, '_a0_': 1.0, '_a1_': 1.0, '_a3_': 1.0, '_a7_': 1.0}};{'d0': 0.024905832920938824};-276.475521883154;50.81839603084846
10201;-87.4193649107289;((((_a6_ * _a6_) + pow2(x)) + ((_a5_ / _a4_) * (x * (_a2_ * _a4_)))) * (x * _a4_));{'d0': {'_a2_': 0.33019222378505314, '_a4_': 3.3767608786795678, '_a5_': 1.8893821443462198, '_a6_': 0.7250460469839665, '_a0_': 1.0, '_a1_': 1.0, '_a3_': 1.0, '_a7_': 1.0}};{'d0': 0.024905832920938824};-276.475521883154;50.81839603084846
10202;-89.4665371936734;((((_a6_ * _a6_) + pow2(x)) + ((_a5_ / _a4_) * (x * (_a5_ * _a4_)))) * (x * _a4_));{'d0': {'_a4_': 3.376760877268022, '_a5_': 0.7898477167371466, '_a6_': 0.7250460472624628, '_a0_': 1.0, '_a1_': 1.0, '_a2_': 1.0, '_a3_': 1.0, '_a7_': 1.0}};{'d0': 0.02490583291941662};-280.569866449044;50.81839603084846
10203;-89.4665371936734;((((_a6_ * _a6_) + pow2(x)) + ((_a5_ / _a4_) * (x * (_a5_ * _a4_)))) * (x * _a4_));{'d0': {'_a4_': 3.376760877268022, '_a5_': 0.7898477167371466, '_a6_': 0.7250460472624628, '_a0_': 1.0, '_a1_': 1.0, '_a2_': 1.0, '_a3_': 1.0, '_a7_': 1.0}};{'d0': 0.02490583291941662};-280.569866449044;50.81839603084846
10204;-89.4665371936734;((((_a6_ * _a6_) + pow2(x)) + ((_a5_ / _a4_) * (x * (_a5_ * _a4_)))) * (x * _a4_));{'d0': {'_a4_': 3.376760877268022, '_a5_': 0.7898477167371466, '_a6_': 0.7250460472624628, '_a0_': 1.0, '_a1_': 1.0, '_a2_': 1.0, '_a3_': 1.0, '_a7_': 1.0}};{'d0': 0.02490583291941662};-280.569866449044;50.81839603084846
10205;-89.4665371936735;((((_a6_ * _a6_) + pow2(x)) + ((_a5_ / _a4_) * (x * (_a6_ * _a4_)))) * (x * _a4_));{'d0': {'_a4_': 3.376760879379815, '_a5_': 0.8604410963636212, '_a6_': 0.7250460468207017, '_a0_': 1.0, '_a1_': 1.0, '_a2_': 1.0, '_a3_': 1.0, '_a7_': 1.0}};{'d0': 0.024905832919416577};-280.569866449044;50.81839603084846
10206;-89.4665371936735;((((_a6_ * _a6_) + pow2(x)) + ((_a5_ / _a4_) * (x * (_a6_ * _a4_)))) * (x * _a4_));{'d0': {'_a4_': 3.376760879379815, '_a5_': 0.8604410963636212, '_a6_': 0.7250460468207017, '_a0_': 1.0, '_a1_': 1.0, '_a2_': 1.0, '_a3_': 1.0, '_a7_': 1.0}};{'d0': 0.024905832919416577};-280.569866449044;50.81839603084846
10207;-89.4665371936735;((((_a6_ * _a6_) + pow2(x)) + ((_a5_ / _a4_) * (x * (_a6_ * _a4_)))) * (x * _a4_));{'d0': {'_a4_': 3.376760879379815, '_a5_': 0.8604410963636212, '_a6_': 0.7250460468207017, '_a0_': 1.0, '_a1_': 1.0, '_a2_': 1.0, '_a3_': 1.0, '_a7_': 1.0}};{'d0': 0.024905832919416577};-280.569866449044;50.81839603084846
10208;-89.4665371936735;((((_a6_ * _a6_) + pow2(x)) + ((_a5_ / _a4_) * (x * (_a6_ * _a4_)))) * (x * _a4_));{'d0': {'_a4_': 3.376760879379815, '_a5_': 0.8604410963636212, '_a6_': 0.7250460468207017, '_a0_': 1.0, '_a1_': 1.0, '_a2_': 1.0, '_a3_': 1.0, '_a7_': 1.0}};{'d0': 0.024905832919416577};-280.569866449044;50.81839603084846
10209;-89.4665371936735;((((_a6_ * _a6_) + pow2(x)) + ((_a5_ / _a4_) * (x * (_a6_ * _a4_)))) * (x * _a4_));{'d0': {'_a4_': 3.376760879379815, '_a5_': 0.8604410963636212, '_a6_': 0.7250460468207017, '_a0_': 1.0, '_a1_': 1.0, '_a2_': 1.0, '_a3_': 1.0, '_a7_': 1.0}};{'d0': 0.024905832919416577};-280.569866449044;50.81839603084846
10210;-89.4665371936735;((((_a6_ * _a6_) + pow2(x)) + ((_a5_ / _a4_) * (x * (_a6_ * _a4_)))) * (x * _a4_));{'d0': {'_a4_': 3.376760879379815, '_a5_': 0.8604410963636212, '_a6_': 0.7250460468207017, '_a0_': 1.0, '_a1_': 1.0, '_a2_': 1.0, '_a3_': 1.0, '_a7_': 1.0}};{'d0': 0.024905832919416577};-280.569866449044;50.81839603084846
10211;-89.4665371936735;((((_a6_ * _a6_) + pow2(x)) + ((_a5_ / _a4_) * (x * (_a6_ * _a4_)))) * (x * _a4_));{'d0': {'_a4_': 3.376760879379815, '_a5_': 0.8604410963636212, '_a6_': 0.7250460468207017, '_a0_': 1.0, '_a1_': 1.0, '_a2_': 1.0, '_a3_': 1.0, '_a7_': 1.0}};{'d0': 0.024905832919416577};-280.569866449044;50.81839603084846
10212;-95.2668289600759;((((_a6_ * _a6_) + pow2(x)) + (_a2_ * (x * (_a6_ * _a4_)))) * (x * _a4_));{'d0': {'_a2_': 0.25481256363809496, '_a4_': 3.376760878727007, '_a6_': 0.7250460470277041, '_a0_': 1.0, '_a1_': 1.0, '_a3_': 1.0, '_a5_': 1.0, '_a7_': 1.0}};{'d0': 0.024905832919416573};-280.569866449044;45.01810426444606
10213;-95.2668289600759;((((_a6_ * _a6_) + pow2(x)) + (_a2_ * (x * (_a6_ * _a4_)))) * (x * _a4_));{'d0': {'_a2_': 0.25481256363809496, '_a4_': 3.376760878727007, '_a6_': 0.7250460470277041, '_a0_': 1.0, '_a1_': 1.0, '_a3_': 1.0, '_a5_': 1.0, '_a7_': 1.0}};{'d0': 0.024905832919416573};-280.569866449044;45.01810426444606
10214;-95.2668289600758;((((_a6_ * _a6_) + pow2(x)) + (_a2_ * (x * (_a6_ * _a6_)))) * (x * _a4_));{'d0': {'_a2_': 1.186739930682366, '_a4_': 3.376760876548593, '_a6_': 0.7250460473455432, '_a0_': 1.0, '_a1_': 1.0, '_a3_': 1.0, '_a5_': 1.0, '_a7_': 1.0}};{'d0': 0.02490583291941664};-280.569866449044;45.01810426444606
10215;-95.2668289600758;((((_a6_ * _a6_) + pow2(x)) + (_a2_ * (x * (_a6_ * _a6_)))) * (x * _a4_));{'d0': {'_a2_': 1.186739930682366, '_a4_': 3.376760876548593, '_a6_': 0.7250460473455432, '_a0_': 1.0, '_a1_': 1.0, '_a3_': 1.0, '_a5_': 1.0, '_a7_': 1.0}};{'d0': 0.02490583291941664};-280.569866449044;45.01810426444606
10216;-95.2668289600758;((((_a6_ * _a6_) + pow2(x)) + (_a2_ * (x * (_a6_ * _a6_)))) * (x * _a4_));{'d0': {'_a2_': 1.186739930682366, '_a4_': 3.376760876548593, '_a6_': 0.7250460473455432, '_a0_': 1.0, '_a1_': 1.0, '_a3_': 1.0, '_a5_': 1.0, '_a7_': 1.0}};{'d0': 0.02490583291941664};-280.569866449044;45.01810426444606
10217;-95.2668289600758;((((_a6_ * _a6_) + pow2(x)) + (_a2_ * (x * (_a6_ * _a6_)))) * (x * _a4_));{'d0': {'_a2_': 1.186739930682366, '_a4_': 3.376760876548593, '_a6_': 0.7250460473455432, '_a0_': 1.0, '_a1_': 1.0, '_a3_': 1.0, '_a5_': 1.0, '_a7_': 1.0}};{'d0': 0.02490583291941664};-280.569866449044;45.01810426444606
10218;-95.2668289600758;((((_a6_ * _a6_) + pow2(x)) + (_a2_ * (x * (_a6_ * _a6_)))) * (x * _a4_));{'d0': {'_a2_': 1.186739930682366, '_a4_': 3.376760876548593, '_a6_': 0.7250460473455432, '_a0_': 1.0, '_a1_': 1.0, '_a3_': 1.0, '_a5_': 1.0, '_a7_': 1.0}};{'d0': 0.02490583291941664};-280.569866449044;45.01810426444606
10219;-95.2668289600758;((((_a6_ * _a6_) + pow2(x)) + (_a2_ * (x * (_a6_ * _a6_)))) * (x * _a4_));{'d0': {'_a2_': 1.186739930682366, '_a4_': 3.376760876548593, '_a6_': 0.7250460473455432, '_a0_': 1.0, '_a1_': 1.0, '_a3_': 1.0, '_a5_': 1.0, '_a7_': 1.0}};{'d0': 0.02490583291941664};-280.569866449044;45.01810426444606
10220;-95.2668289600758;((((_a6_ * _a6_) + pow2(x)) + (_a2_ * (x * (_a6_ * _a6_)))) * (x * _a4_));{'d0': {'_a2_': 1.186739930682366, '_a4_': 3.376760876548593, '_a6_': 0.7250460473455432, '_a0_': 1.0, '_a1_': 1.0, '_a3_': 1.0, '_a5_': 1.0, '_a7_': 1.0}};{'d0': 0.02490583291941664};-280.569866449044;45.01810426444606
10221;-95.2668289600758;((((_a6_ * _a6_) + pow2(x)) + (_a2_ * (x * (_a6_ * _a6_)))) * (x * _a4_));{'d0': {'_a2_': 1.186739930682366, '_a4_': 3.376760876548593, '_a6_': 0.7250460473455432, '_a0_': 1.0, '_a1_': 1.0, '_a3_': 1.0, '_a5_': 1.0, '_a7_': 1.0}};{'d0': 0.02490583291941664};-280.569866449044;45.01810426444606
10222;-95.2668289600758;((((_a4_ * _a6_) + pow2(x)) + (_a2_ * (x * (_a6_ * _a6_)))) * (x * _a4_));{'d0': {'_a2_': 25.740974832840532, '_a4_': 3.37676087367432, '_a6_': 0.15567930066707833, '_a0_': 1.0, '_a1_': 1.0, '_a3_': 1.0, '_a5_': 1.0, '_a7_': 1.0}};{'d0': 0.024905832919416657};-280.569866449044;45.01810426444606
10223;-95.2668289600758;((((_a4_ * _a6_) + pow2(x)) + (_a2_ * (x * (_a6_ * _a6_)))) * (x * _a4_));{'d0': {'_a2_': 25.740974832840532, '_a4_': 3.37676087367432, '_a6_': 0.15567930066707833, '_a0_': 1.0, '_a1_': 1.0, '_a3_': 1.0, '_a5_': 1.0, '_a7_': 1.0}};{'d0': 0.024905832919416657};-280.569866449044;45.01810426444606
10224;-95.2668289600758;((((_a4_ * _a6_) + pow2(x)) + (_a2_ * (x * (_a6_ * _a6_)))) * (x * _a4_));{'d0': {'_a2_': 25.740974832840532, '_a4_': 3.37676087367432, '_a6_': 0.15567930066707833, '_a0_': 1.0, '_a1_': 1.0, '_a3_': 1.0, '_a5_': 1.0, '_a7_': 1.0}};{'d0': 0.024905832919416657};-280.569866449044;45.01810426444606
10225;-95.2668289600758;((((_a4_ * _a6_) + pow2(x)) + (_a2_ * (x * (_a6_ * _a6_)))) * (x * _a4_));{'d0': {'_a2_': 25.740974832840532, '_a4_': 3.37676087367432, '_a6_': 0.15567930066707833, '_a0_': 1.0, '_a1_': 1.0, '_a3_': 1.0, '_a5_': 1.0, '_a7_': 1.0}};{'d0': 0.024905832919416657};-280.569866449044;45.01810426444606
10226;-95.2668289600758;((((_a4_ * _a6_) + pow2(x)) + (_a2_ * (x * (_a6_ * _a6_)))) * (x * _a4_));{'d0': {'_a2_': 25.740974832840532, '_a4_': 3.37676087367432, '_a6_': 0.15567930066707833, '_a0_': 1.0, '_a1_': 1.0, '_a3_': 1.0, '_a5_': 1.0, '_a7_': 1.0}};{'d0': 0.024905832919416657};-280.569866449044;45.01810426444606
10227;-95.2668289600758;((((_a4_ * _a6_) + pow2(x)) + (_a2_ * (x * (_a6_ * _a6_)))) * (x * _a4_));{'d0': {'_a2_': 25.740974832840532, '_a4_': 3.37676087367432, '_a6_': 0.15567930066707833, '_a0_': 1.0, '_a1_': 1.0, '_a3_': 1.0, '_a5_': 1.0, '_a7_': 1.0}};{'d0': 0.024905832919416657};-280.569866449044;45.01810426444606
10228;-95.2668289600758;((((_a4_ * _a6_) + pow2(x)) + (_a2_ * (x * (_a6_ * _a6_)))) * (x * _a4_));{'d0': {'_a2_': 25.740974832840532, '_a4_': 3.37676087367432, '_a6_': 0.15567930066707833, '_a0_': 1.0, '_a1_': 1.0, '_a3_': 1.0, '_a5_': 1.0, '_a7_': 1.0}};{'d0': 0.024905832919416657};-280.569866449044;45.01810426444606
10229;-95.2668289600758;((((_a4_ * _a6_) + pow2(x)) + (_a2_ * (x * (_a6_ * _a6_)))) * (x * _a4_));{'d0': {'_a2_': 25.740974832840532, '_a4_': 3.37676087367432, '_a6_': 0.15567930066707833, '_a0_': 1.0, '_a1_': 1.0, '_a3_': 1.0, '_a5_': 1.0, '_a7_': 1.0}};{'d0': 0.024905832919416657};-280.569866449044;45.01810426444606
10230;-100.360883458177;(((_a6_ + pow2(x)) + (_a2_ * (x * (_a6_ * _a6_)))) * (x * _a4_));{'d0': {'_a2_': 2.257482421702169, '_a4_': 3.37676087766224, '_a6_': 0.5256917705034542, '_a0_': 1.0, '_a1_': 1.0, '_a3_': 1.0, '_a5_': 1.0, '_a7_': 1.0}};{'d0': 0.024905832919416598};-280.569866449044;39.92404976634506
10231;-100.360883458177;(((_a6_ + pow2(x)) + (_a2_ * (x * (_a6_ * _a6_)))) * (x * _a4_));{'d0': {'_a2_': 2.257482421702169, '_a4_': 3.37676087766224, '_a6_': 0.5256917705034542, '_a0_': 1.0, '_a1_': 1.0, '_a3_': 1.0, '_a5_': 1.0, '_a7_': 1.0}};{'d0': 0.024905832919416598};-280.569866449044;39.92404976634506
10232;-100.360883458177;(((_a6_ + pow2(x)) + (_a2_ * (x * (_a6_ * _a6_)))) * (x * _a4_));{'d0': {'_a2_': 2.257482421702169, '_a4_': 3.37676087766224, '_a6_': 0.5256917705034542, '_a0_': 1.0, '_a1_': 1.0, '_a3_': 1.0, '_a5_': 1.0, '_a7_': 1.0}};{'d0': 0.024905832919416598};-280.569866449044;39.92404976634506
10233;-100.360883458177;(((_a6_ + pow2(x)) + (_a2_ * (x * (_a6_ * _a6_)))) * (x * _a4_));{'d0': {'_a2_': 2.257482421702169, '_a4_': 3.37676087766224, '_a6_': 0.5256917705034542, '_a0_': 1.0, '_a1_': 1.0, '_a3_': 1.0, '_a5_': 1.0, '_a7_': 1.0}};{'d0': 0.024905832919416598};-280.569866449044;39.92404976634506
10234;-100.360883458177;(((_a6_ + pow2(x)) + (_a2_ * (x * (_a6_ * _a6_)))) * (x * _a4_));{'d0': {'_a2_': 2.257482421702169, '_a4_': 3.37676087766224, '_a6_': 0.5256917705034542, '_a0_': 1.0, '_a1_': 1.0, '_a3_': 1.0, '_a5_': 1.0, '_a7_': 1.0}};{'d0': 0.024905832919416598};-280.569866449044;39.92404976634506
10235;-83.7834060369339;(x + ((((_a1_ * _a3_) + ((_a4_ * x) * x)) + ((_a6_ * x) * _a3_)) * (_a5_ * x)));{'d0': {'_a1_': 1667.6248237291559, '_a3_': 8.72785183181472e-05, '_a4_': 0.6340572103844931, '_a5_': 5.325640470824929, '_a6_': 4532.186982638007, '_a0_': 1.0, '_a2_': 1.0, '_a7_': 1.0}};{'d0': 0.024905832919480356};-272.381177324446;52.40718262528903
10236;-83.7834060369339;(x + ((((_a1_ * _a3_) + ((_a4_ * x) * x)) + ((_a6_ * x) * _a3_)) * (_a5_ * x)));{'d0': {'_a1_': 1667.6248237291559, '_a3_': 8.72785183181472e-05, '_a4_': 0.6340572103844931, '_a5_': 5.325640470824929, '_a6_': 4532.186982638007, '_a0_': 1.0, '_a2_': 1.0, '_a7_': 1.0}};{'d0': 0.024905832919480356};-272.381177324446;52.40718262528903
10237;-83.7834060369339;(x + ((((_a1_ * _a3_) + ((_a4_ * x) * x)) + ((_a6_ * x) * _a3_)) * (_a5_ * x)));{'d0': {'_a1_': 1667.6248237291559, '_a3_': 8.72785183181472e-05, '_a4_': 0.6340572103844931, '_a5_': 5.325640470824929, '_a6_': 4532.186982638007, '_a0_': 1.0, '_a2_': 1.0, '_a7_': 1.0}};{'d0': 0.024905832919480356};-272.381177324446;52.40718262528903
10238;-83.7834060369339;(x + ((((_a1_ * _a3_) + ((_a4_ * x) * x)) + ((_a6_ * x) * _a3_)) * (_a5_ * x)));{'d0': {'_a1_': 1667.6248237291559, '_a3_': 8.72785183181472e-05, '_a4_': 0.6340572103844931, '_a5_': 5.325640470824929, '_a6_': 4532.186982638007, '_a0_': 1.0, '_a2_': 1.0, '_a7_': 1.0}};{'d0': 0.024905832919480356};-272.381177324446;52.40718262528903
10239;-83.7834060369339;(x + ((((_a1_ * _a3_) + ((_a4_ * x) * x)) + ((_a6_ * x) * _a3_)) * (_a5_ * x)));{'d0': {'_a1_': 1667.6248237291559, '_a3_': 8.72785183181472e-05, '_a4_': 0.6340572103844931, '_a5_': 5.325640470824929, '_a6_': 4532.186982638007, '_a0_': 1.0, '_a2_': 1.0, '_a7_': 1.0}};{'d0': 0.024905832919480356};-272.381177324446;52.40718262528903
10240;-80.1279815311902;(-(_a1_) + ((((_a1_ * _a3_) + ((_a4_ * x) * x)) + ((_a6_ * x) * _a3_)) * (_a5_ * x)));{'d0': {'_a1_': 0.0010270732046561704, '_a3_': 0.4168464221727254, '_a4_': 0.0008160307035085801, '_a5_': 4145.106279357611, '_a6_': 0.0012226430882195081, '_a0_': 1.0, '_a2_': 1.0, '_a7_': 1.0}};{'d0': 0.024885482666779323};-272.430222633479;56.08712978554942
10241;-80.1279815311902;(-(_a1_) + ((((_a1_ * _a3_) + ((_a4_ * x) * x)) + ((_a6_ * x) * _a3_)) * (_a5_ * x)));{'d0': {'_a1_': 0.0010270732046561704, '_a3_': 0.4168464221727254, '_a4_': 0.0008160307035085801, '_a5_': 4145.106279357611, '_a6_': 0.0012226430882195081, '_a0_': 1.0, '_a2_': 1.0, '_a7_': 1.0}};{'d0': 0.024885482666779323};-272.430222633479;56.08712978554942
10242;-80.1279815311902;(-(_a1_) + ((((_a1_ * _a3_) + ((_a4_ * x) * x)) + ((_a6_ * x) * _a3_)) * (_a5_ * x)));{'d0': {'_a1_': 0.0010270732046561704, '_a3_': 0.4168464221727254, '_a4_': 0.0008160307035085801, '_a5_': 4145.106279357611, '_a6_': 0.0012226430882195081, '_a0_': 1.0, '_a2_': 1.0, '_a7_': 1.0}};{'d0': 0.024885482666779323};-272.430222633479;56.08712978554942
10243;-80.1279815311902;(-(_a1_) + ((((_a1_ * _a3_) + ((_a4_ * x) * x)) + ((_a6_ * x) * _a3_)) * (_a5_ * x)));{'d0': {'_a1_': 0.0010270732046561704, '_a3_': 0.4168464221727254, '_a4_': 0.0008160307035085801, '_a5_': 4145.106279357611, '_a6_': 0.0012226430882195081, '_a0_': 1.0, '_a2_': 1.0, '_a7_': 1.0}};{'d0': 0.024885482666779323};-272.430222633479;56.08712978554942
10244;-80.1279815311902;(-(_a1_) + ((((_a1_ * _a3_) + ((_a4_ * x) * x)) + ((_a6_ * x) * _a3_)) * (_a5_ * x)));{'d0': {'_a1_': 0.0010270732046561704, '_a3_': 0.4168464221727254, '_a4_': 0.0008160307035085801, '_a5_': 4145.106279357611, '_a6_': 0.0012226430882195081, '_a0_': 1.0, '_a2_': 1.0, '_a7_': 1.0}};{'d0': 0.024885482666779323};-272.430222633479;56.08712978554942
10245;-80.1279815311902;(-(_a1_) + ((((_a1_ * _a3_) + ((_a4_ * x) * x)) + ((_a6_ * x) * _a3_)) * (_a5_ * x)));{'d0': {'_a1_': 0.0010270732046561704, '_a3_': 0.4168464221727254, '_a4_': 0.0008160307035085801, '_a5_': 4145.106279357611, '_a6_': 0.0012226430882195081, '_a0_': 1.0, '_a2_': 1.0, '_a7_': 1.0}};{'d0': 0.024885482666779323};-272.430222633479;56.08712978554942
10246;-80.1279815311902;(-(_a1_) + ((((_a1_ * _a3_) + ((_a4_ * x) * x)) + ((_a6_ * x) * _a3_)) * (_a5_ * x)));{'d0': {'_a1_': 0.0010270732046561704, '_a3_': 0.4168464221727254, '_a4_': 0.0008160307035085801, '_a5_': 4145.106279357611, '_a6_': 0.0012226430882195081, '_a0_': 1.0, '_a2_': 1.0, '_a7_': 1.0}};{'d0': 0.024885482666779323};-272.430222633479;56.08712978554942
10247;-80.1279817296588;(-(_a1_) + ((((_a1_ * _a3_) + ((_a4_ * x) * x)) + ((_a6_ * x) * _a1_)) * (_a5_ * x)));{'d0': {'_a1_': 0.001024161889592426, '_a3_': 0.45984250107184976, '_a4_': 0.0008976441372994904, '_a5_': 3768.216935873244, '_a6_': 0.5473985010706885, '_a0_': 1.0, '_a2_': 1.0, '_a7_': 1.0}};{'d0': 0.024885482502146374};-272.430223030416;56.08712978554942
10248;-80.1279817296588;(-(_a1_) + ((((_a1_ * _a3_) + ((_a4_ * x) * x)) + ((_a6_ * x) * _a1_)) * (_a5_ * x)));{'d0': {'_a1_': 0.001024161889592426, '_a3_': 0.45984250107184976, '_a4_': 0.0008976441372994904, '_a5_': 3768.216935873244, '_a6_': 0.5473985010706885, '_a0_': 1.0, '_a2_': 1.0, '_a7_': 1.0}};{'d0': 0.024885482502146374};-272.430223030416;56.08712978554942
10249;-80.1279817296588;(-(_a1_) + ((((_a1_ * _a3_) + ((_a4_ * x) * x)) + ((_a6_ * x) * _a1_)) * (_a5_ * x)));{'d0': {'_a1_': 0.001024161889592426, '_a3_': 0.45984250107184976, '_a4_': 0.0008976441372994904, '_a5_': 3768.216935873244, '_a6_': 0.5473985010706885, '_a0_': 1.0, '_a2_': 1.0, '_a7_': 1.0}};{'d0': 0.024885482502146374};-272.430223030416;56.08712978554942
10250;-80.1279817296588;(-(_a1_) + ((((_a1_ * _a3_) + ((_a4_ * x) * x)) + ((_a6_ * x) * _a1_)) * (_a5_ * x)));{'d0': {'_a1_': 0.001024161889592426, '_a3_': 0.45984250107184976, '_a4_': 0.0008976441372994904, '_a5_': 3768.216935873244, '_a6_': 0.5473985010706885, '_a0_': 1.0, '_a2_': 1.0, '_a7_': 1.0}};{'d0': 0.024885482502146374};-272.430223030416;56.08712978554942
10251;-80.1279817296588;(-(_a1_) + ((((_a1_ * _a3_) + ((_a4_ * x) * x)) + ((_a6_ * x) * _a1_)) * (_a5_ * x)));{'d0': {'_a1_': 0.001024161889592426, '_a3_': 0.45984250107184976, '_a4_': 0.0008976441372994904, '_a5_': 3768.216935873244, '_a6_': 0.5473985010706885, '_a0_': 1.0, '_a2_': 1.0, '_a7_': 1.0}};{'d0': 0.024885482502146374};-272.430223030416;56.08712978554942
10252;-80.1279817296588;(-(_a1_) + ((((_a1_ * _a3_) + ((_a4_ * x) * x)) + ((_a6_ * x) * _a1_)) * (_a5_ * x)));{'d0': {'_a1_': 0.001024161889592426, '_a3_': 0.45984250107184976, '_a4_': 0.0008976441372994904, '_a5_': 3768.216935873244, '_a6_': 0.5473985010706885, '_a0_': 1.0, '_a2_': 1.0, '_a7_': 1.0}};{'d0': 0.024885482502146374};-272.430223030416;56.08712978554942
10253;-87.3415657955260;(-(_a1_) + (((_a1_ + ((_a4_ * x) * x)) + ((_a6_ * x) * _a1_)) * (_a5_ * x)));{'d0': {'_a1_': 0.0010241702475513646, '_a4_': 0.0019520846342718663, '_a5_': 1732.7722456275021, '_a6_': 1.1904043525447725, '_a0_': 1.0, '_a2_': 1.0, '_a3_': 1.0, '_a7_': 1.0}};{'d0': 0.024885482501870098};-276.524567593305;50.920718001126424
10254;-87.3415657828589;(-(_a1_) + (((_a1_ + ((_a4_ * x) * x)) + ((_a6_ * x) * _a1_)) * (_a0_ * x)));{'d0': {'_a0_': 1732.611836938467, '_a1_': 0.0010242646904739601, '_a4_': 0.001952264999829346, '_a6_': 1.1904046914062587, '_a2_': 1.0, '_a3_': 1.0, '_a5_': 1.0, '_a7_': 1.0}};{'d0': 0.02488548251237764};-276.524567567971;50.920718001126424
10255;-87.3415657828589;(-(_a1_) + (((_a1_ + ((_a4_ * x) * x)) + ((_a6_ * x) * _a1_)) * (_a0_ * x)));{'d0': {'_a0_': 1732.611836938467, '_a1_': 0.0010242646904739601, '_a4_': 0.001952264999829346, '_a6_': 1.1904046914062587, '_a2_': 1.0, '_a3_': 1.0, '_a5_': 1.0, '_a7_': 1.0}};{'d0': 0.02488548251237764};-276.524567567971;50.920718001126424
10256;-87.3415657828589;(-(_a1_) + (((_a1_ + ((_a4_ * x) * x)) + ((_a6_ * x) * _a1_)) * (_a0_ * x)));{'d0': {'_a0_': 1732.611836938467, '_a1_': 0.0010242646904739601, '_a4_': 0.001952264999829346, '_a6_': 1.1904046914062587, '_a2_': 1.0, '_a3_': 1.0, '_a5_': 1.0, '_a7_': 1.0}};{'d0': 0.02488548251237764};-276.524567567971;50.920718001126424
10257;-87.3415657828589;(-(_a1_) + (((_a1_ + ((_a4_ * x) * x)) + ((_a6_ * x) * _a1_)) * (_a0_ * x)));{'d0': {'_a0_': 1732.611836938467, '_a1_': 0.0010242646904739601, '_a4_': 0.001952264999829346, '_a6_': 1.1904046914062587, '_a2_': 1.0, '_a3_': 1.0, '_a5_': 1.0, '_a7_': 1.0}};{'d0': 0.02488548251237764};-276.524567567971;50.920718001126424
10258;-87.3415650320130;(-(_a4_) + (((_a1_ + ((_a4_ * x) * x)) + ((_a6_ * x) * _a1_)) * (_a0_ * x)));{'d0': {'_a0_': 3284.380755518774, '_a1_': 0.0005403304297912027, '_a4_': 0.0010298896372051276, '_a6_': 1.1904247894896327, '_a2_': 1.0, '_a3_': 1.0, '_a5_': 1.0, '_a7_': 1.0}};{'d0': 0.024885483135216352};-276.524566066279;50.920718001126424
10259;-87.3415650320130;(-(_a4_) + (((_a1_ + ((_a4_ * x) * x)) + ((_a6_ * x) * _a1_)) * (_a0_ * x)));{'d0': {'_a0_': 3284.380755518774, '_a1_': 0.0005403304297912027, '_a4_': 0.0010298896372051276, '_a6_': 1.1904247894896327, '_a2_': 1.0, '_a3_': 1.0, '_a5_': 1.0, '_a7_': 1.0}};{'d0': 0.024885483135216352};-276.524566066279;50.920718001126424
10260;-87.3415650320130;(-(_a4_) + (((_a1_ + ((_a4_ * x) * x)) + ((_a6_ * x) * _a1_)) * (_a0_ * x)));{'d0': {'_a0_': 3284.380755518774, '_a1_': 0.0005403304297912027, '_a4_': 0.0010298896372051276, '_a6_': 1.1904247894896327, '_a2_': 1.0, '_a3_': 1.0, '_a5_': 1.0, '_a7_': 1.0}};{'d0': 0.024885483135216352};-276.524566066279;50.920718001126424
10261;-87.3415650320130;(-(_a4_) + (((_a1_ + ((_a4_ * x) * x)) + ((_a6_ * x) * _a1_)) * (_a0_ * x)));{'d0': {'_a0_': 3284.380755518774, '_a1_': 0.0005403304297912027, '_a4_': 0.0010298896372051276, '_a6_': 1.1904247894896327, '_a2_': 1.0, '_a3_': 1.0, '_a5_': 1.0, '_a7_': 1.0}};{'d0': 0.024885483135216352};-276.524566066279;50.920718001126424
10262;-87.3415650320130;(-(_a4_) + (((_a1_ + ((_a4_ * x) * x)) + ((_a6_ * x) * _a1_)) * (_a0_ * x)));{'d0': {'_a0_': 3284.380755518774, '_a1_': 0.0005403304297912027, '_a4_': 0.0010298896372051276, '_a6_': 1.1904247894896327, '_a2_': 1.0, '_a3_': 1.0, '_a5_': 1.0, '_a7_': 1.0}};{'d0': 0.024885483135216352};-276.524566066279;50.920718001126424
10263;-87.3415650320130;(-(_a4_) + (((_a1_ + ((_a4_ * x) * x)) + ((_a6_ * x) * _a1_)) * (_a0_ * x)));{'d0': {'_a0_': 3284.380755518774, '_a1_': 0.0005403304297912027, '_a4_': 0.0010298896372051276, '_a6_': 1.1904247894896327, '_a2_': 1.0, '_a3_': 1.0, '_a5_': 1.0, '_a7_': 1.0}};{'d0': 0.024885483135216352};-276.524566066279;50.920718001126424
10264;-87.3415650320130;(-(_a4_) + (((_a1_ + ((_a4_ * x) * x)) + ((_a6_ * x) * _a1_)) * (_a0_ * x)));{'d0': {'_a0_': 3284.380755518774, '_a1_': 0.0005403304297912027, '_a4_': 0.0010298896372051276, '_a6_': 1.1904247894896327, '_a2_': 1.0, '_a3_': 1.0, '_a5_': 1.0, '_a7_': 1.0}};{'d0': 0.024885483135216352};-276.524566066279;50.920718001126424
10265;-87.3415650320130;(-(_a4_) + (((_a1_ + ((_a4_ * x) * x)) + ((_a6_ * x) * _a1_)) * (_a0_ * x)));{'d0': {'_a0_': 3284.380755518774, '_a1_': 0.0005403304297912027, '_a4_': 0.0010298896372051276, '_a6_': 1.1904247894896327, '_a2_': 1.0, '_a3_': 1.0, '_a5_': 1.0, '_a7_': 1.0}};{'d0': 0.024885483135216352};-276.524566066279;50.920718001126424
10266;-87.3415650320130;(-(_a4_) + (((_a1_ + ((_a4_ * x) * x)) + ((_a6_ * x) * _a1_)) * (_a0_ * x)));{'d0': {'_a0_': 3284.380755518774, '_a1_': 0.0005403304297912027, '_a4_': 0.0010298896372051276, '_a6_': 1.1904247894896327, '_a2_': 1.0, '_a3_': 1.0, '_a5_': 1.0, '_a7_': 1.0}};{'d0': 0.024885483135216352};-276.524566066279;50.920718001126424
10267;-87.3415650320130;(-(_a4_) + (((_a1_ + ((_a4_ * x) * x)) + ((_a6_ * x) * _a1_)) * (_a0_ * x)));{'d0': {'_a0_': 3284.380755518774, '_a1_': 0.0005403304297912027, '_a4_': 0.0010298896372051276, '_a6_': 1.1904247894896327, '_a2_': 1.0, '_a3_': 1.0, '_a5_': 1.0, '_a7_': 1.0}};{'d0': 0.024885483135216352};-276.524566066279;50.920718001126424
10268;-87.3415650320130;(-(_a4_) + (((_a1_ + ((_a4_ * x) * x)) + ((_a6_ * x) * _a1_)) * (_a0_ * x)));{'d0': {'_a0_': 3284.380755518774, '_a1_': 0.0005403304297912027, '_a4_': 0.0010298896372051276, '_a6_': 1.1904247894896327, '_a2_': 1.0, '_a3_': 1.0, '_a5_': 1.0, '_a7_': 1.0}};{'d0': 0.024885483135216352};-276.524566066279;50.920718001126424
10269;-87.3415650320130;(-(_a4_) + (((_a1_ + ((_a4_ * x) * x)) + ((_a6_ * x) * _a1_)) * (_a0_ * x)));{'d0': {'_a0_': 3284.380755518774, '_a1_': 0.0005403304297912027, '_a4_': 0.0010298896372051276, '_a6_': 1.1904247894896327, '_a2_': 1.0, '_a3_': 1.0, '_a5_': 1.0, '_a7_': 1.0}};{'d0': 0.024885483135216352};-276.524566066279;50.920718001126424
10270;-87.3415650320130;(-(_a4_) + (((_a1_ + ((_a4_ * x) * x)) + ((_a6_ * x) * _a1_)) * (_a0_ * x)));{'d0': {'_a0_': 3284.380755518774, '_a1_': 0.0005403304297912027, '_a4_': 0.0010298896372051276, '_a6_': 1.1904247894896327, '_a2_': 1.0, '_a3_': 1.0, '_a5_': 1.0, '_a7_': 1.0}};{'d0': 0.024885483135216352};-276.524566066279;50.920718001126424
10271;-87.3415650320130;(-(_a4_) + (((_a1_ + ((_a4_ * x) * x)) + ((_a6_ * x) * _a1_)) * (_a0_ * x)));{'d0': {'_a0_': 3284.380755518774, '_a1_': 0.0005403304297912027, '_a4_': 0.0010298896372051276, '_a6_': 1.1904247894896327, '_a2_': 1.0, '_a3_': 1.0, '_a5_': 1.0, '_a7_': 1.0}};{'d0': 0.024885483135216352};-276.524566066279;50.920718001126424
10272;-87.3415650320130;(-(_a4_) + (((_a1_ + ((_a4_ * x) * x)) + ((_a6_ * x) * _a1_)) * (_a0_ * x)));{'d0': {'_a0_': 3284.380755518774, '_a1_': 0.0005403304297912027, '_a4_': 0.0010298896372051276, '_a6_': 1.1904247894896327, '_a2_': 1.0, '_a3_': 1.0, '_a5_': 1.0, '_a7_': 1.0}};{'d0': 0.024885483135216352};-276.524566066279;50.920718001126424
10273;-87.3415650320130;(-(_a4_) + (((_a1_ + ((_a4_ * x) * x)) + ((_a6_ * x) * _a1_)) * (_a0_ * x)));{'d0': {'_a0_': 3284.380755518774, '_a1_': 0.0005403304297912027, '_a4_': 0.0010298896372051276, '_a6_': 1.1904247894896327, '_a2_': 1.0, '_a3_': 1.0, '_a5_': 1.0, '_a7_': 1.0}};{'d0': 0.024885483135216352};-276.524566066279;50.920718001126424
10274;-87.3415650320130;(-(_a4_) + (((_a1_ + ((_a4_ * x) * x)) + ((_a6_ * x) * _a1_)) * (_a0_ * x)));{'d0': {'_a0_': 3284.380755518774, '_a1_': 0.0005403304297912027, '_a4_': 0.0010298896372051276, '_a6_': 1.1904247894896327, '_a2_': 1.0, '_a3_': 1.0, '_a5_': 1.0, '_a7_': 1.0}};{'d0': 0.024885483135216352};-276.524566066279;50.920718001126424
10275;-87.3415650320130;(-(_a4_) + (((_a1_ + ((_a4_ * x) * x)) + ((_a6_ * x) * _a1_)) * (_a0_ * x)));{'d0': {'_a0_': 3284.380755518774, '_a1_': 0.0005403304297912027, '_a4_': 0.0010298896372051276, '_a6_': 1.1904247894896327, '_a2_': 1.0, '_a3_': 1.0, '_a5_': 1.0, '_a7_': 1.0}};{'d0': 0.024885483135216352};-276.524566066279;50.920718001126424
10276;-87.3415650320130;(-(_a4_) + (((_a1_ + ((_a4_ * x) * x)) + ((_a6_ * x) * _a1_)) * (_a0_ * x)));{'d0': {'_a0_': 3284.380755518774, '_a1_': 0.0005403304297912027, '_a4_': 0.0010298896372051276, '_a6_': 1.1904247894896327, '_a2_': 1.0, '_a3_': 1.0, '_a5_': 1.0, '_a7_': 1.0}};{'d0': 0.024885483135216352};-276.524566066279;50.920718001126424
10277;-87.3415650320130;(-(_a4_) + (((_a1_ + ((_a4_ * x) * x)) + ((_a6_ * x) * _a1_)) * (_a0_ * x)));{'d0': {'_a0_': 3284.380755518774, '_a1_': 0.0005403304297912027, '_a4_': 0.0010298896372051276, '_a6_': 1.1904247894896327, '_a2_': 1.0, '_a3_': 1.0, '_a5_': 1.0, '_a7_': 1.0}};{'d0': 0.024885483135216352};-276.524566066279;50.920718001126424
10278;-87.3415650320130;(-(_a4_) + (((_a1_ + ((_a4_ * x) * x)) + ((_a6_ * x) * _a1_)) * (_a0_ * x)));{'d0': {'_a0_': 3284.380755518774, '_a1_': 0.0005403304297912027, '_a4_': 0.0010298896372051276, '_a6_': 1.1904247894896327, '_a2_': 1.0, '_a3_': 1.0, '_a5_': 1.0, '_a7_': 1.0}};{'d0': 0.024885483135216352};-276.524566066279;50.920718001126424
10279;-87.3415650320130;(-(_a4_) + (((_a1_ + ((_a4_ * x) * x)) + ((_a6_ * x) * _a1_)) * (_a0_ * x)));{'d0': {'_a0_': 3284.380755518774, '_a1_': 0.0005403304297912027, '_a4_': 0.0010298896372051276, '_a6_': 1.1904247894896327, '_a2_': 1.0, '_a3_': 1.0, '_a5_': 1.0, '_a7_': 1.0}};{'d0': 0.024885483135216352};-276.524566066279;50.920718001126424
10280;-87.3415650320130;(-(_a4_) + (((_a1_ + ((_a4_ * x) * x)) + ((_a6_ * x) * _a1_)) * (_a0_ * x)));{'d0': {'_a0_': 3284.380755518774, '_a1_': 0.0005403304297912027, '_a4_': 0.0010298896372051276, '_a6_': 1.1904247894896327, '_a2_': 1.0, '_a3_': 1.0, '_a5_': 1.0, '_a7_': 1.0}};{'d0': 0.024885483135216352};-276.524566066279;50.920718001126424
10281;-87.3415650320130;(-(_a4_) + (((_a1_ + ((_a4_ * x) * x)) + ((_a6_ * x) * _a1_)) * (_a0_ * x)));{'d0': {'_a0_': 3284.380755518774, '_a1_': 0.0005403304297912027, '_a4_': 0.0010298896372051276, '_a6_': 1.1904247894896327, '_a2_': 1.0, '_a3_': 1.0, '_a5_': 1.0, '_a7_': 1.0}};{'d0': 0.024885483135216352};-276.524566066279;50.920718001126424
10282;-87.3415650320130;(-(_a4_) + (((_a1_ + ((_a4_ * x) * x)) + ((_a6_ * x) * _a1_)) * (_a0_ * x)));{'d0': {'_a0_': 3284.380755518774, '_a1_': 0.0005403304297912027, '_a4_': 0.0010298896372051276, '_a6_': 1.1904247894896327, '_a2_': 1.0, '_a3_': 1.0, '_a5_': 1.0, '_a7_': 1.0}};{'d0': 0.024885483135216352};-276.524566066279;50.920718001126424
10283;-87.3415650320130;(-(_a4_) + (((_a1_ + ((_a4_ * x) * x)) + ((_a6_ * x) * _a1_)) * (_a0_ * x)));{'d0': {'_a0_': 3284.380755518774, '_a1_': 0.0005403304297912027, '_a4_': 0.0010298896372051276, '_a6_': 1.1904247894896327, '_a2_': 1.0, '_a3_': 1.0, '_a5_': 1.0, '_a7_': 1.0}};{'d0': 0.024885483135216352};-276.524566066279;50.920718001126424
10284;-87.3415650320130;(-(_a4_) + (((_a1_ + ((_a4_ * x) * x)) + ((_a6_ * x) * _a1_)) * (_a0_ * x)));{'d0': {'_a0_': 3284.380755518774, '_a1_': 0.0005403304297912027, '_a4_': 0.0010298896372051276, '_a6_': 1.1904247894896327, '_a2_': 1.0, '_a3_': 1.0, '_a5_': 1.0, '_a7_': 1.0}};{'d0': 0.024885483135216352};-276.524566066279;50.920718001126424
10285;-87.3415650320130;(-(_a4_) + (((_a1_ + ((_a4_ * x) * x)) + ((_a6_ * x) * _a1_)) * (_a0_ * x)));{'d0': {'_a0_': 3284.380755518774, '_a1_': 0.0005403304297912027, '_a4_': 0.0010298896372051276, '_a6_': 1.1904247894896327, '_a2_': 1.0, '_a3_': 1.0, '_a5_': 1.0, '_a7_': 1.0}};{'d0': 0.024885483135216352};-276.524566066279;50.920718001126424
10286;-87.3415650320130;(-(_a4_) + (((_a1_ + ((_a4_ * x) * x)) + ((_a6_ * x) * _a1_)) * (_a0_ * x)));{'d0': {'_a0_': 3284.380755518774, '_a1_': 0.0005403304297912027, '_a4_': 0.0010298896372051276, '_a6_': 1.1904247894896327, '_a2_': 1.0, '_a3_': 1.0, '_a5_': 1.0, '_a7_': 1.0}};{'d0': 0.024885483135216352};-276.524566066279;50.920718001126424
10287;-87.3415650320130;(-(_a4_) + (((_a1_ + ((_a4_ * x) * x)) + ((_a6_ * x) * _a1_)) * (_a0_ * x)));{'d0': {'_a0_': 3284.380755518774, '_a1_': 0.0005403304297912027, '_a4_': 0.0010298896372051276, '_a6_': 1.1904247894896327, '_a2_': 1.0, '_a3_': 1.0, '_a5_': 1.0, '_a7_': 1.0}};{'d0': 0.024885483135216352};-276.524566066279;50.920718001126424
10288;-87.3415650320130;(-(_a4_) + (((_a1_ + ((_a4_ * x) * x)) + ((_a6_ * x) * _a1_)) * (_a0_ * x)));{'d0': {'_a0_': 3284.380755518774, '_a1_': 0.0005403304297912027, '_a4_': 0.0010298896372051276, '_a6_': 1.1904247894896327, '_a2_': 1.0, '_a3_': 1.0, '_a5_': 1.0, '_a7_': 1.0}};{'d0': 0.024885483135216352};-276.524566066279;50.920718001126424
10289;-87.3415650320130;(-(_a4_) + (((_a1_ + ((_a4_ * x) * x)) + ((_a6_ * x) * _a1_)) * (_a0_ * x)));{'d0': {'_a0_': 3284.380755518774, '_a1_': 0.0005403304297912027, '_a4_': 0.0010298896372051276, '_a6_': 1.1904247894896327, '_a2_': 1.0, '_a3_': 1.0, '_a5_': 1.0, '_a7_': 1.0}};{'d0': 0.024885483135216352};-276.524566066279;50.920718001126424
10290;-87.3415650320130;(-(_a4_) + (((_a1_ + ((_a4_ * x) * x)) + ((_a6_ * x) * _a1_)) * (_a0_ * x)));{'d0': {'_a0_': 3284.380755518774, '_a1_': 0.0005403304297912027, '_a4_': 0.0010298896372051276, '_a6_': 1.1904247894896327, '_a2_': 1.0, '_a3_': 1.0, '_a5_': 1.0, '_a7_': 1.0}};{'d0': 0.024885483135216352};-276.524566066279;50.920718001126424
10291;-87.3415650320130;(-(_a4_) + (((_a1_ + ((_a4_ * x) * x)) + ((_a6_ * x) * _a1_)) * (_a0_ * x)));{'d0': {'_a0_': 3284.380755518774, '_a1_': 0.0005403304297912027, '_a4_': 0.0010298896372051276, '_a6_': 1.1904247894896327, '_a2_': 1.0, '_a3_': 1.0, '_a5_': 1.0, '_a7_': 1.0}};{'d0': 0.024885483135216352};-276.524566066279;50.920718001126424
10292;-87.3415650320130;(-(_a4_) + (((_a1_ + ((_a4_ * x) * x)) + ((_a6_ * x) * _a1_)) * (_a0_ * x)));{'d0': {'_a0_': 3284.380755518774, '_a1_': 0.0005403304297912027, '_a4_': 0.0010298896372051276, '_a6_': 1.1904247894896327, '_a2_': 1.0, '_a3_': 1.0, '_a5_': 1.0, '_a7_': 1.0}};{'d0': 0.024885483135216352};-276.524566066279;50.920718001126424
10293;-87.3415650320130;(-(_a4_) + (((_a1_ + ((_a4_ * x) * x)) + ((_a6_ * x) * _a1_)) * (_a0_ * x)));{'d0': {'_a0_': 3284.380755518774, '_a1_': 0.0005403304297912027, '_a4_': 0.0010298896372051276, '_a6_': 1.1904247894896327, '_a2_': 1.0, '_a3_': 1.0, '_a5_': 1.0, '_a7_': 1.0}};{'d0': 0.024885483135216352};-276.524566066279;50.920718001126424
10294;-86.6353285258666;(-(_a4_) + (((_a1_ + ((_a4_ * x) * x)) + ((_a6_ * x) / _a1_)) * (_a0_ * x)));{'d0': {'_a0_': 3301.8728077936244, '_a1_': 0.0005374688130602464, '_a4_': 0.0010244245297019393, '_a6_': 3.4387561116959404e-07, '_a2_': 1.0, '_a3_': 1.0, '_a5_': 1.0, '_a7_': 1.0}};{'d0': 0.02488548250299658};-276.524567590589;51.626955269427825
10295;-86.6353285258666;(-(_a4_) + (((_a1_ + ((_a4_ * x) * x)) + ((_a6_ * x) / _a1_)) * (_a0_ * x)));{'d0': {'_a0_': 3301.8728077936244, '_a1_': 0.0005374688130602464, '_a4_': 0.0010244245297019393, '_a6_': 3.4387561116959404e-07, '_a2_': 1.0, '_a3_': 1.0, '_a5_': 1.0, '_a7_': 1.0}};{'d0': 0.02488548250299658};-276.524567590589;51.626955269427825
10296;-86.6353285258666;(-(_a4_) + (((_a1_ + ((_a4_ * x) * x)) + ((_a6_ * x) / _a1_)) * (_a0_ * x)));{'d0': {'_a0_': 3301.8728077936244, '_a1_': 0.0005374688130602464, '_a4_': 0.0010244245297019393, '_a6_': 3.4387561116959404e-07, '_a2_': 1.0, '_a3_': 1.0, '_a5_': 1.0, '_a7_': 1.0}};{'d0': 0.02488548250299658};-276.524567590589;51.626955269427825
10297;-86.6353285258666;(-(_a4_) + (((_a1_ + ((_a4_ * x) * x)) + ((_a6_ * x) / _a1_)) * (_a0_ * x)));{'d0': {'_a0_': 3301.8728077936244, '_a1_': 0.0005374688130602464, '_a4_': 0.0010244245297019393, '_a6_': 3.4387561116959404e-07, '_a2_': 1.0, '_a3_': 1.0, '_a5_': 1.0, '_a7_': 1.0}};{'d0': 0.02488548250299658};-276.524567590589;51.626955269427825
10298;-91.6570257389240;(-(_a4_) + (((_a1_ + (x * x)) + ((_a6_ * x) / _a1_)) * (_a0_ * x)));{'d0': {'_a0_': 3.3825184880050343, '_a1_': 0.5246545590418414, '_a4_': 0.0010242430170379552, '_a6_': 0.32767363852497433, '_a2_': 1.0, '_a3_': 1.0, '_a5_': 1.0, '_a7_': 1.0}};{'d0': 0.024885482501936097};-276.524567593145;46.605258057648825
10299;-91.6570257389240;(-(_a4_) + (((_a1_ + (x * x)) + ((_a6_ * x) / _a1_)) * (_a0_ * x)));{'d0': {'_a0_': 3.3825184880050343, '_a1_': 0.5246545590418414, '_a4_': 0.0010242430170379552, '_a6_': 0.32767363852497433, '_a2_': 1.0, '_a3_': 1.0, '_a5_': 1.0, '_a7_': 1.0}};{'d0': 0.024885482501936097};-276.524567593145;46.605258057648825
10300;-91.6570257389240;(-(_a4_) + (((_a1_ + (x * x)) + ((_a6_ * x) / _a1_)) * (_a0_ * x)));{'d0': {'_a0_': 3.3825184880050343, '_a1_': 0.5246545590418414, '_a4_': 0.0010242430170379552, '_a6_': 0.32767363852497433, '_a2_': 1.0, '_a3_': 1.0, '_a5_': 1.0, '_a7_': 1.0}};{'d0': 0.024885482501936097};-276.524567593145;46.605258057648825
10301;-91.6570257389240;(-(_a4_) + (((_a1_ + (x * x)) + ((_a6_ * x) / _a1_)) * (_a0_ * x)));{'d0': {'_a0_': 3.3825184880050343, '_a1_': 0.5246545590418414, '_a4_': 0.0010242430170379552, '_a6_': 0.32767363852497433, '_a2_': 1.0, '_a3_': 1.0, '_a5_': 1.0, '_a7_': 1.0}};{'d0': 0.024885482501936097};-276.524567593145;46.605258057648825
10302;-91.6570257389240;(-(_a4_) + (((_a1_ + (x * x)) + ((_a6_ * x) / _a1_)) * (_a0_ * x)));{'d0': {'_a0_': 3.3825184880050343, '_a1_': 0.5246545590418414, '_a4_': 0.0010242430170379552, '_a6_': 0.32767363852497433, '_a2_': 1.0, '_a3_': 1.0, '_a5_': 1.0, '_a7_': 1.0}};{'d0': 0.024885482501936097};-276.524567593145;46.605258057648825
10303;-91.6570257389240;(-(_a4_) + (((_a1_ + (x * x)) + ((_a6_ * x) / _a1_)) * (_a0_ * x)));{'d0': {'_a0_': 3.3825184880050343, '_a1_': 0.5246545590418414, '_a4_': 0.0010242430170379552, '_a6_': 0.32767363852497433, '_a2_': 1.0, '_a3_': 1.0, '_a5_': 1.0, '_a7_': 1.0}};{'d0': 0.024885482501936097};-276.524567593145;46.605258057648825
10304;-91.6570257389240;(-(_a4_) + (((_a1_ + (x * x)) + ((_a6_ * x) / _a1_)) * (_a0_ * x)));{'d0': {'_a0_': 3.3825184880050343, '_a1_': 0.5246545590418414, '_a4_': 0.0010242430170379552, '_a6_': 0.32767363852497433, '_a2_': 1.0, '_a3_': 1.0, '_a5_': 1.0, '_a7_': 1.0}};{'d0': 0.024885482501936097};-276.524567593145;46.605258057648825
10305;-92.3379251153543;(((((x * (x + (_a5_ + _a0_))) + _a0_) * _a3_) * ((x * _a3_) / _a5_)) * _a0_);{'d0': {'_a0_': 0.5256917694421613, '_a3_': 0.7940882224836772, '_a5_': 0.09816764641560519, '_a1_': 1.0, '_a2_': 1.0, '_a4_': 1.0, '_a6_': 1.0, '_a7_': 1.0}};{'d0': 0.024905832919416667};-280.569866449044;47.947008109167385
10306;-91.6570257389240;(-(_a4_) + (((_a1_ + (x * x)) + ((_a6_ * x) / _a1_)) * (_a0_ * x)));{'d0': {'_a0_': 3.3825184880050343, '_a1_': 0.5246545590418414, '_a4_': 0.0010242430170379552, '_a6_': 0.32767363852497433, '_a2_': 1.0, '_a3_': 1.0, '_a5_': 1.0, '_a7_': 1.0}};{'d0': 0.024885482501936097};-276.524567593145;46.605258057648825
10307;-91.6570257389240;(-(_a4_) + (((_a1_ + (x * x)) + ((_a6_ * x) / _a1_)) * (_a0_ * x)));{'d0': {'_a0_': 3.3825184880050343, '_a1_': 0.5246545590418414, '_a4_': 0.0010242430170379552, '_a6_': 0.32767363852497433, '_a2_': 1.0, '_a3_': 1.0, '_a5_': 1.0, '_a7_': 1.0}};{'d0': 0.024885482501936097};-276.524567593145;46.605258057648825
10308;-91.6570257389240;(-(_a4_) + (((_a1_ + (x * x)) + ((_a6_ * x) / _a1_)) * (_a0_ * x)));{'d0': {'_a0_': 3.3825184880050343, '_a1_': 0.5246545590418414, '_a4_': 0.0010242430170379552, '_a6_': 0.32767363852497433, '_a2_': 1.0, '_a3_': 1.0, '_a5_': 1.0, '_a7_': 1.0}};{'d0': 0.024885482501936097};-276.524567593145;46.605258057648825
10309;-92.3379251153543;(((((x * (x + (_a5_ + _a0_))) + _a0_) * _a3_) * ((x * _a3_) / _a5_)) * _a0_);{'d0': {'_a0_': 0.5256917694421613, '_a3_': 0.7940882224836772, '_a5_': 0.09816764641560519, '_a1_': 1.0, '_a2_': 1.0, '_a4_': 1.0, '_a6_': 1.0, '_a7_': 1.0}};{'d0': 0.024905832919416667};-280.569866449044;47.947008109167385
10310;-92.3379251153543;(((((x * (x + (_a5_ + _a0_))) + _a0_) * _a3_) * ((x * _a3_) / _a5_)) * _a0_);{'d0': {'_a0_': 0.5256917694421613, '_a3_': 0.7940882224836772, '_a5_': 0.09816764641560519, '_a1_': 1.0, '_a2_': 1.0, '_a4_': 1.0, '_a6_': 1.0, '_a7_': 1.0}};{'d0': 0.024905832919416667};-280.569866449044;47.947008109167385
10311;-92.3379251153543;(((((x * (x + (_a5_ + _a0_))) + _a0_) * _a3_) * ((x * _a3_) / _a5_)) * _a0_);{'d0': {'_a0_': 0.5256917694421613, '_a3_': 0.7940882224836772, '_a5_': 0.09816764641560519, '_a1_': 1.0, '_a2_': 1.0, '_a4_': 1.0, '_a6_': 1.0, '_a7_': 1.0}};{'d0': 0.024905832919416667};-280.569866449044;47.947008109167385
10312;-92.4356202936253;(-(_a4_) + (((_a1_ + (x * x)) + ((_a6_ * x) * _a1_)) * (_a0_ * x)));{'d0': {'_a0_': 3.3825182164905545, '_a1_': 0.5246546009453875, '_a4_': 0.0010241887096300915, '_a6_': 1.1904044438746917, '_a2_': 1.0, '_a3_': 1.0, '_a5_': 1.0, '_a7_': 1.0}};{'d0': 0.02488548250187143};-276.524567593301;45.82666350302543
10313;-92.4356202936253;(-(_a4_) + (((_a1_ + (x * x)) + ((_a6_ * x) * _a1_)) * (_a0_ * x)));{'d0': {'_a0_': 3.3825182164905545, '_a1_': 0.5246546009453875, '_a4_': 0.0010241887096300915, '_a6_': 1.1904044438746917, '_a2_': 1.0, '_a3_': 1.0, '_a5_': 1.0, '_a7_': 1.0}};{'d0': 0.02488548250187143};-276.524567593301;45.82666350302543
10314;-92.4356202936253;(-(_a4_) + (((_a1_ + (x * x)) + ((_a6_ * x) * _a1_)) * (_a0_ * x)));{'d0': {'_a0_': 3.3825182164905545, '_a1_': 0.5246546009453875, '_a4_': 0.0010241887096300915, '_a6_': 1.1904044438746917, '_a2_': 1.0, '_a3_': 1.0, '_a5_': 1.0, '_a7_': 1.0}};{'d0': 0.02488548250187143};-276.524567593301;45.82666350302543
10315;-92.4356202936253;(-(_a4_) + (((_a1_ + (x * x)) + ((_a6_ * x) * _a1_)) * (_a0_ * x)));{'d0': {'_a0_': 3.3825182164905545, '_a1_': 0.5246546009453875, '_a4_': 0.0010241887096300915, '_a6_': 1.1904044438746917, '_a2_': 1.0, '_a3_': 1.0, '_a5_': 1.0, '_a7_': 1.0}};{'d0': 0.02488548250187143};-276.524567593301;45.82666350302543
10316;-92.4356202936253;(-(_a4_) + (((_a1_ + (x * x)) + ((_a6_ * x) * _a1_)) * (_a0_ * x)));{'d0': {'_a0_': 3.3825182164905545, '_a1_': 0.5246546009453875, '_a4_': 0.0010241887096300915, '_a6_': 1.1904044438746917, '_a2_': 1.0, '_a3_': 1.0, '_a5_': 1.0, '_a7_': 1.0}};{'d0': 0.02488548250187143};-276.524567593301;45.82666350302543
10317;-98.1382168817568;(x + (((_a1_ + (x * x)) + ((_a6_ * x) * _a1_)) * (_a0_ * x)));{'d0': {'_a0_': 3.3767608782554244, '_a1_': 0.2295499837785231, '_a6_': 2.7177497706036227, '_a2_': 1.0, '_a3_': 1.0, '_a4_': 1.0, '_a5_': 1.0, '_a7_': 1.0}};{'d0': 0.024905832919416608};-280.569866449044;42.14671634276504
10318;-98.1382168817568;(x + (((_a1_ + (x * x)) + ((_a6_ * x) * _a1_)) * (_a0_ * x)));{'d0': {'_a0_': 3.3767608782554244, '_a1_': 0.2295499837785231, '_a6_': 2.7177497706036227, '_a2_': 1.0, '_a3_': 1.0, '_a4_': 1.0, '_a5_': 1.0, '_a7_': 1.0}};{'d0': 0.024905832919416608};-280.569866449044;42.14671634276504
10319;-98.1382168817568;(x + (((_a1_ + (x * x)) + ((_a6_ * x) * _a1_)) * (_a0_ * x)));{'d0': {'_a0_': 3.3767608782554244, '_a1_': 0.2295499837785231, '_a6_': 2.7177497706036227, '_a2_': 1.0, '_a3_': 1.0, '_a4_': 1.0, '_a5_': 1.0, '_a7_': 1.0}};{'d0': 0.024905832919416608};-280.569866449044;42.14671634276504
10320;-98.1382168817568;(x + (((_a1_ + (x * x)) + ((_a6_ * x) * _a1_)) * (_a0_ * x)));{'d0': {'_a0_': 3.3767608782554244, '_a1_': 0.2295499837785231, '_a6_': 2.7177497706036227, '_a2_': 1.0, '_a3_': 1.0, '_a4_': 1.0, '_a5_': 1.0, '_a7_': 1.0}};{'d0': 0.024905832919416608};-280.569866449044;42.14671634276504
10321;-98.1382168817568;(x + (((_a1_ + (x * x)) + ((_a6_ * x) * _a1_)) * (_a0_ * x)));{'d0': {'_a0_': 3.3767608782554244, '_a1_': 0.2295499837785231, '_a6_': 2.7177497706036227, '_a2_': 1.0, '_a3_': 1.0, '_a4_': 1.0, '_a5_': 1.0, '_a7_': 1.0}};{'d0': 0.024905832919416608};-280.569866449044;42.14671634276504
10322;-98.1382168817568;(x + (((_a1_ + (x * x)) + ((_a6_ * x) * _a1_)) * (_a0_ * x)));{'d0': {'_a0_': 3.3767608782554244, '_a1_': 0.2295499837785231, '_a6_': 2.7177497706036227, '_a2_': 1.0, '_a3_': 1.0, '_a4_': 1.0, '_a5_': 1.0, '_a7_': 1.0}};{'d0': 0.024905832919416608};-280.569866449044;42.14671634276504
10323;-98.1382168817568;(x + (((_a1_ + (x * x)) + ((_a6_ * x) * _a1_)) * (_a0_ * x)));{'d0': {'_a0_': 3.3767608782554244, '_a1_': 0.2295499837785231, '_a6_': 2.7177497706036227, '_a2_': 1.0, '_a3_': 1.0, '_a4_': 1.0, '_a5_': 1.0, '_a7_': 1.0}};{'d0': 0.024905832919416608};-280.569866449044;42.14671634276504
10324;-98.1382168817568;(x + (((_a1_ + (x * x)) + ((_a6_ * x) * _a1_)) * (_a0_ * x)));{'d0': {'_a0_': 3.3767608782554244, '_a1_': 0.2295499837785231, '_a6_': 2.7177497706036227, '_a2_': 1.0, '_a3_': 1.0, '_a4_': 1.0, '_a5_': 1.0, '_a7_': 1.0}};{'d0': 0.024905832919416608};-280.569866449044;42.14671634276504
10325;-98.1382168817568;(x + (((_a1_ + (x * x)) + ((_a6_ * x) * _a1_)) * (_a0_ * x)));{'d0': {'_a0_': 3.3767608782554244, '_a1_': 0.2295499837785231, '_a6_': 2.7177497706036227, '_a2_': 1.0, '_a3_': 1.0, '_a4_': 1.0, '_a5_': 1.0, '_a7_': 1.0}};{'d0': 0.024905832919416608};-280.569866449044;42.14671634276504
10326;-98.1382168817568;(x + (((_a1_ + (x * x)) + ((_a6_ * x) * _a1_)) * (_a0_ * x)));{'d0': {'_a0_': 3.3767608782554244, '_a1_': 0.2295499837785231, '_a6_': 2.7177497706036227, '_a2_': 1.0, '_a3_': 1.0, '_a4_': 1.0, '_a5_': 1.0, '_a7_': 1.0}};{'d0': 0.024905832919416608};-280.569866449044;42.14671634276504
10327;-98.1382168817568;(x + (((_a1_ + (x * x)) + ((_a6_ * x) * _a1_)) * (_a0_ * x)));{'d0': {'_a0_': 3.3767608782554244, '_a1_': 0.2295499837785231, '_a6_': 2.7177497706036227, '_a2_': 1.0, '_a3_': 1.0, '_a4_': 1.0, '_a5_': 1.0, '_a7_': 1.0}};{'d0': 0.024905832919416608};-280.569866449044;42.14671634276504
10328;-98.1382168817568;(x + (((_a1_ + (x * x)) + ((_a6_ * x) * _a1_)) * (_a0_ * x)));{'d0': {'_a0_': 3.3767608782554244, '_a1_': 0.2295499837785231, '_a6_': 2.7177497706036227, '_a2_': 1.0, '_a3_': 1.0, '_a4_': 1.0, '_a5_': 1.0, '_a7_': 1.0}};{'d0': 0.024905832919416608};-280.569866449044;42.14671634276504
10329;-98.1382168817568;(x + (((_a1_ + (x * x)) + ((_a6_ * x) * _a1_)) * (_a0_ * x)));{'d0': {'_a0_': 3.3767608782554244, '_a1_': 0.2295499837785231, '_a6_': 2.7177497706036227, '_a2_': 1.0, '_a3_': 1.0, '_a4_': 1.0, '_a5_': 1.0, '_a7_': 1.0}};{'d0': 0.024905832919416608};-280.569866449044;42.14671634276504
10330;-98.1382168817568;(x + (((_a1_ + (x * x)) + ((_a6_ * x) * _a1_)) * (_a0_ * x)));{'d0': {'_a0_': 3.3767608782554244, '_a1_': 0.2295499837785231, '_a6_': 2.7177497706036227, '_a2_': 1.0, '_a3_': 1.0, '_a4_': 1.0, '_a5_': 1.0, '_a7_': 1.0}};{'d0': 0.024905832919416608};-280.569866449044;42.14671634276504
10331;-98.1382168817568;(x + (((_a1_ + (x * x)) + ((_a6_ * x) * _a1_)) * (_a0_ * x)));{'d0': {'_a0_': 3.3767608782554244, '_a1_': 0.2295499837785231, '_a6_': 2.7177497706036227, '_a2_': 1.0, '_a3_': 1.0, '_a4_': 1.0, '_a5_': 1.0, '_a7_': 1.0}};{'d0': 0.024905832919416608};-280.569866449044;42.14671634276504
10332;-98.1382168817568;(x + (((_a1_ + (x * x)) + ((_a6_ * x) * _a1_)) * (_a0_ * x)));{'d0': {'_a0_': 3.3767608782554244, '_a1_': 0.2295499837785231, '_a6_': 2.7177497706036227, '_a2_': 1.0, '_a3_': 1.0, '_a4_': 1.0, '_a5_': 1.0, '_a7_': 1.0}};{'d0': 0.024905832919416608};-280.569866449044;42.14671634276504
10333;-98.1382168817568;(x + (((_a1_ + (x * x)) + ((_a6_ * x) * _a1_)) * (_a0_ * x)));{'d0': {'_a0_': 3.3767608782554244, '_a1_': 0.2295499837785231, '_a6_': 2.7177497706036227, '_a2_': 1.0, '_a3_': 1.0, '_a4_': 1.0, '_a5_': 1.0, '_a7_': 1.0}};{'d0': 0.024905832919416608};-280.569866449044;42.14671634276504
10334;-98.1382168817568;(x + (((_a1_ + (x * x)) + ((_a6_ * x) * _a1_)) * (_a0_ * x)));{'d0': {'_a0_': 3.3767608782554244, '_a1_': 0.2295499837785231, '_a6_': 2.7177497706036227, '_a2_': 1.0, '_a3_': 1.0, '_a4_': 1.0, '_a5_': 1.0, '_a7_': 1.0}};{'d0': 0.024905832919416608};-280.569866449044;42.14671634276504
10335;-98.1382168817568;(x + (((_a1_ + (x * x)) + ((_a6_ * x) * _a1_)) * (_a0_ * x)));{'d0': {'_a0_': 3.3767608782554244, '_a1_': 0.2295499837785231, '_a6_': 2.7177497706036227, '_a2_': 1.0, '_a3_': 1.0, '_a4_': 1.0, '_a5_': 1.0, '_a7_': 1.0}};{'d0': 0.024905832919416608};-280.569866449044;42.14671634276504
10336;-98.1382168817568;(x + (((_a1_ + (x * x)) + ((_a6_ * x) * _a1_)) * (_a0_ * x)));{'d0': {'_a0_': 3.3767608782554244, '_a1_': 0.2295499837785231, '_a6_': 2.7177497706036227, '_a2_': 1.0, '_a3_': 1.0, '_a4_': 1.0, '_a5_': 1.0, '_a7_': 1.0}};{'d0': 0.024905832919416608};-280.569866449044;42.14671634276504
10337;-98.1382168817569;(x + (((_a1_ + (x * x)) + ((_a6_ * x) * _a0_)) * (_a0_ * x)));{'d0': {'_a0_': 3.376760878476406, '_a1_': 0.2295499835220006, '_a6_': 0.18475084198700428, '_a2_': 1.0, '_a3_': 1.0, '_a4_': 1.0, '_a5_': 1.0, '_a7_': 1.0}};{'d0': 0.024905832919416598};-280.569866449044;42.14671634276504
10338;-98.1382168817569;(x + (((_a1_ + (x * x)) + ((_a6_ * x) * _a0_)) * (_a0_ * x)));{'d0': {'_a0_': 3.376760878476406, '_a1_': 0.2295499835220006, '_a6_': 0.18475084198700428, '_a2_': 1.0, '_a3_': 1.0, '_a4_': 1.0, '_a5_': 1.0, '_a7_': 1.0}};{'d0': 0.024905832919416598};-280.569866449044;42.14671634276504
10339;-98.1382168817569;(x + (((_a1_ + (x * x)) + ((_a6_ * x) * _a0_)) * (_a0_ * x)));{'d0': {'_a0_': 3.376760878476406, '_a1_': 0.2295499835220006, '_a6_': 0.18475084198700428, '_a2_': 1.0, '_a3_': 1.0, '_a4_': 1.0, '_a5_': 1.0, '_a7_': 1.0}};{'d0': 0.024905832919416598};-280.569866449044;42.14671634276504
10340;-98.1382168817569;(x + (((_a1_ + (x * x)) + ((_a6_ * x) * _a0_)) * (_a0_ * x)));{'d0': {'_a0_': 3.376760878476406, '_a1_': 0.2295499835220006, '_a6_': 0.18475084198700428, '_a2_': 1.0, '_a3_': 1.0, '_a4_': 1.0, '_a5_': 1.0, '_a7_': 1.0}};{'d0': 0.024905832919416598};-280.569866449044;42.14671634276504
10341;-98.1382168817569;(x + (((_a1_ + (x * x)) + ((_a6_ * x) * _a0_)) * (_a0_ * x)));{'d0': {'_a0_': 3.376760878476406, '_a1_': 0.2295499835220006, '_a6_': 0.18475084198700428, '_a2_': 1.0, '_a3_': 1.0, '_a4_': 1.0, '_a5_': 1.0, '_a7_': 1.0}};{'d0': 0.024905832919416598};-280.569866449044;42.14671634276504
10342;-98.1382168817569;(x + (((_a1_ + (x * x)) + ((_a6_ * x) * _a0_)) * (_a0_ * x)));{'d0': {'_a0_': 3.376760878476406, '_a1_': 0.2295499835220006, '_a6_': 0.18475084198700428, '_a2_': 1.0, '_a3_': 1.0, '_a4_': 1.0, '_a5_': 1.0, '_a7_': 1.0}};{'d0': 0.024905832919416598};-280.569866449044;42.14671634276504
10343;-98.1382168817569;(x + (((_a1_ + (x * x)) + ((_a6_ * x) * _a0_)) * (_a0_ * x)));{'d0': {'_a0_': 3.376760878476406, '_a1_': 0.2295499835220006, '_a6_': 0.18475084198700428, '_a2_': 1.0, '_a3_': 1.0, '_a4_': 1.0, '_a5_': 1.0, '_a7_': 1.0}};{'d0': 0.024905832919416598};-280.569866449044;42.14671634276504
10344;-98.6110277799804;(x * ((_a4_ + pow2(_a5_)) * (((_a5_ + x) * x) + (_a4_ / _a7_))));{'d0': {'_a4_': 2.9875603108208946, '_a5_': 0.6238594154412195, '_a7_': 5.683102690207109, '_a0_': 1.0, '_a1_': 1.0, '_a2_': 1.0, '_a3_': 1.0, '_a6_': 1.0}};{'d0': 0.024905832919416622};-280.569866449044;41.673905444541326
10345;-98.6110277799804;(x * ((_a4_ + pow2(_a5_)) * (((_a5_ + x) * x) + (_a4_ / _a7_))));{'d0': {'_a4_': 2.9875603108208946, '_a5_': 0.6238594154412195, '_a7_': 5.683102690207109, '_a0_': 1.0, '_a1_': 1.0, '_a2_': 1.0, '_a3_': 1.0, '_a6_': 1.0}};{'d0': 0.024905832919416622};-280.569866449044;41.673905444541326
10346;-98.6110277799804;(x * ((_a4_ + pow2(_a5_)) * (((_a5_ + x) * x) + (_a4_ / _a7_))));{'d0': {'_a4_': 2.9875603108208946, '_a5_': 0.6238594154412195, '_a7_': 5.683102690207109, '_a0_': 1.0, '_a1_': 1.0, '_a2_': 1.0, '_a3_': 1.0, '_a6_': 1.0}};{'d0': 0.024905832919416622};-280.569866449044;41.673905444541326
10347;-98.6110277799804;(x * ((_a4_ + pow2(_a5_)) * (((_a5_ + x) * x) + (_a4_ / _a7_))));{'d0': {'_a4_': 2.9875603108208946, '_a5_': 0.6238594154412195, '_a7_': 5.683102690207109, '_a0_': 1.0, '_a1_': 1.0, '_a2_': 1.0, '_a3_': 1.0, '_a6_': 1.0}};{'d0': 0.024905832919416622};-280.569866449044;41.673905444541326
10348;-99.4619796209258;(x * ((_a4_ + pow2(_a5_)) * (((_a5_ + x) * x) + (_a4_ * _a7_))));{'d0': {'_a4_': 2.987560305344953, '_a5_': 0.6238594155959377, '_a7_': 0.17596022078234794, '_a0_': 1.0, '_a1_': 1.0, '_a2_': 1.0, '_a3_': 1.0, '_a6_': 1.0}};{'d0': 0.024905832919416625};-280.569866449044;40.82295360359593
10349;-99.4619796209258;(x * ((_a4_ + pow2(_a5_)) * (((_a5_ + x) * x) + (_a4_ * _a7_))));{'d0': {'_a4_': 2.987560305344953, '_a5_': 0.6238594155959377, '_a7_': 0.17596022078234794, '_a0_': 1.0, '_a1_': 1.0, '_a2_': 1.0, '_a3_': 1.0, '_a6_': 1.0}};{'d0': 0.024905832919416625};-280.569866449044;40.82295360359593
10350;-99.4619796209258;(x * ((_a4_ + pow2(_a5_)) * (((_a5_ + x) * x) + (_a4_ * _a7_))));{'d0': {'_a4_': 2.987560305344953, '_a5_': 0.6238594155959377, '_a7_': 0.17596022078234794, '_a0_': 1.0, '_a1_': 1.0, '_a2_': 1.0, '_a3_': 1.0, '_a6_': 1.0}};{'d0': 0.024905832919416625};-280.569866449044;40.82295360359593
10351;-99.4619796209258;(x * ((_a4_ + pow2(_a5_)) * (((_a5_ + x) * x) + (_a4_ * _a7_))));{'d0': {'_a4_': 2.987560305344953, '_a5_': 0.6238594155959377, '_a7_': 0.17596022078234794, '_a0_': 1.0, '_a1_': 1.0, '_a2_': 1.0, '_a3_': 1.0, '_a6_': 1.0}};{'d0': 0.024905832919416625};-280.569866449044;40.82295360359593
10352;-99.4619796209258;(x * ((_a4_ + pow2(_a5_)) * (((_a5_ + x) * x) + (_a4_ * _a7_))));{'d0': {'_a4_': 2.987560305344953, '_a5_': 0.6238594155959377, '_a7_': 0.17596022078234794, '_a0_': 1.0, '_a1_': 1.0, '_a2_': 1.0, '_a3_': 1.0, '_a6_': 1.0}};{'d0': 0.024905832919416625};-280.569866449044;40.82295360359593
10353;-99.4619796209258;(x * ((_a4_ + pow2(_a5_)) * (((_a5_ + x) * x) + (_a4_ * _a7_))));{'d0': {'_a4_': 2.987560305344953, '_a5_': 0.6238594155959377, '_a7_': 0.17596022078234794, '_a0_': 1.0, '_a1_': 1.0, '_a2_': 1.0, '_a3_': 1.0, '_a6_': 1.0}};{'d0': 0.024905832919416625};-280.569866449044;40.82295360359593
10354;-99.4619796209258;(x * ((_a4_ + pow2(_a5_)) * (((_a5_ + x) * x) + (_a4_ * _a7_))));{'d0': {'_a4_': 2.987560305344953, '_a5_': 0.6238594155959377, '_a7_': 0.17596022078234794, '_a0_': 1.0, '_a1_': 1.0, '_a2_': 1.0, '_a3_': 1.0, '_a6_': 1.0}};{'d0': 0.024905832919416625};-280.569866449044;40.82295360359593
10355;-99.4619796209258;(x * ((_a4_ + pow2(_a5_)) * (((_a5_ + x) * x) + (_a4_ * _a7_))));{'d0': {'_a4_': 2.987560305344953, '_a5_': 0.6238594155959377, '_a7_': 0.17596022078234794, '_a0_': 1.0, '_a1_': 1.0, '_a2_': 1.0, '_a3_': 1.0, '_a6_': 1.0}};{'d0': 0.024905832919416625};-280.569866449044;40.82295360359593
10356;-99.4619796209258;(x * ((_a4_ + pow2(_a5_)) * (((_a5_ + x) * x) + (_a4_ * _a7_))));{'d0': {'_a4_': 2.987560305344953, '_a5_': 0.6238594155959377, '_a7_': 0.17596022078234794, '_a0_': 1.0, '_a1_': 1.0, '_a2_': 1.0, '_a3_': 1.0, '_a6_': 1.0}};{'d0': 0.024905832919416625};-280.569866449044;40.82295360359593
10357;-99.4619796209258;(x * ((_a4_ + pow2(_a5_)) * (((_a5_ + x) * x) + (_a4_ * _a7_))));{'d0': {'_a4_': 2.987560305344953, '_a5_': 0.6238594155959377, '_a7_': 0.17596022078234794, '_a0_': 1.0, '_a1_': 1.0, '_a2_': 1.0, '_a3_': 1.0, '_a6_': 1.0}};{'d0': 0.024905832919416625};-280.569866449044;40.82295360359593
10358;-99.4619796209258;(x * ((_a4_ + pow2(_a5_)) * (((_a5_ + x) * x) + (_a4_ * _a7_))));{'d0': {'_a4_': 2.987560305344953, '_a5_': 0.6238594155959377, '_a7_': 0.17596022078234794, '_a0_': 1.0, '_a1_': 1.0, '_a2_': 1.0, '_a3_': 1.0, '_a6_': 1.0}};{'d0': 0.024905832919416625};-280.569866449044;40.82295360359593
10359;-99.4619796209258;(x * ((_a4_ + pow2(_a5_)) * (((_a5_ + x) * x) + (_a4_ * _a7_))));{'d0': {'_a4_': 2.987560305344953, '_a5_': 0.6238594155959377, '_a7_': 0.17596022078234794, '_a0_': 1.0, '_a1_': 1.0, '_a2_': 1.0, '_a3_': 1.0, '_a6_': 1.0}};{'d0': 0.024905832919416625};-280.569866449044;40.82295360359593
10360;-99.4619796209258;(x * ((_a4_ + pow2(_a5_)) * (((_a5_ + x) * x) + (_a4_ * _a7_))));{'d0': {'_a4_': 2.987560305344953, '_a5_': 0.6238594155959377, '_a7_': 0.17596022078234794, '_a0_': 1.0, '_a1_': 1.0, '_a2_': 1.0, '_a3_': 1.0, '_a6_': 1.0}};{'d0': 0.024905832919416625};-280.569866449044;40.82295360359593
10361;-99.4619796209258;(x * ((_a4_ + pow2(_a5_)) * (((_a5_ + x) * x) + (_a4_ * _a7_))));{'d0': {'_a4_': 2.987560305344953, '_a5_': 0.6238594155959377, '_a7_': 0.17596022078234794, '_a0_': 1.0, '_a1_': 1.0, '_a2_': 1.0, '_a3_': 1.0, '_a6_': 1.0}};{'d0': 0.024905832919416625};-280.569866449044;40.82295360359593
10362;-99.4619796209258;(x * ((_a4_ + pow2(_a5_)) * (((_a5_ + x) * x) + (_a4_ * _a7_))));{'d0': {'_a4_': 2.987560305344953, '_a5_': 0.6238594155959377, '_a7_': 0.17596022078234794, '_a0_': 1.0, '_a1_': 1.0, '_a2_': 1.0, '_a3_': 1.0, '_a6_': 1.0}};{'d0': 0.024905832919416625};-280.569866449044;40.82295360359593
10363;-99.4619796209258;(x * ((_a4_ + pow2(_a5_)) * (((_a5_ + x) * x) + (_a4_ * _a2_))));{'d0': {'_a2_': 0.17596022038916861, '_a4_': 2.9875603083750444, '_a5_': 0.623859415541797, '_a0_': 1.0, '_a1_': 1.0, '_a3_': 1.0, '_a6_': 1.0, '_a7_': 1.0}};{'d0': 0.024905832919416667};-280.569866449044;40.82295360359593
10364;-99.4619796209258;(x * ((_a4_ + pow2(_a5_)) * (((_a5_ + x) * x) + (_a4_ * _a2_))));{'d0': {'_a2_': 0.17596022038916861, '_a4_': 2.9875603083750444, '_a5_': 0.623859415541797, '_a0_': 1.0, '_a1_': 1.0, '_a3_': 1.0, '_a6_': 1.0, '_a7_': 1.0}};{'d0': 0.024905832919416667};-280.569866449044;40.82295360359593
10365;-99.4619796209258;(x * ((_a4_ + pow2(_a5_)) * (((_a5_ + x) * x) + (_a4_ * _a2_))));{'d0': {'_a2_': 0.17596022038916861, '_a4_': 2.9875603083750444, '_a5_': 0.623859415541797, '_a0_': 1.0, '_a1_': 1.0, '_a3_': 1.0, '_a6_': 1.0, '_a7_': 1.0}};{'d0': 0.024905832919416667};-280.569866449044;40.82295360359593
10366;-99.4619796209258;(x * ((_a4_ + pow2(_a5_)) * (((_a5_ + x) * x) + (_a2_ * _a2_))));{'d0': {'_a2_': 0.7250460469412575, '_a4_': 2.9875603087471165, '_a5_': 0.6238594154897598, '_a0_': 1.0, '_a1_': 1.0, '_a3_': 1.0, '_a6_': 1.0, '_a7_': 1.0}};{'d0': 0.024905832919416636};-280.569866449044;40.82295360359593
10367;-99.4619796209258;(x * ((_a4_ + pow2(_a5_)) * (((_a5_ + x) * x) + (_a2_ * _a2_))));{'d0': {'_a2_': 0.7250460469412575, '_a4_': 2.9875603087471165, '_a5_': 0.6238594154897598, '_a0_': 1.0, '_a1_': 1.0, '_a3_': 1.0, '_a6_': 1.0, '_a7_': 1.0}};{'d0': 0.024905832919416636};-280.569866449044;40.82295360359593
10368;-99.4619796209258;(x * ((_a4_ + pow2(_a5_)) * (((_a5_ + x) * x) + (_a2_ * _a2_))));{'d0': {'_a2_': 0.7250460469412575, '_a4_': 2.9875603087471165, '_a5_': 0.6238594154897598, '_a0_': 1.0, '_a1_': 1.0, '_a3_': 1.0, '_a6_': 1.0, '_a7_': 1.0}};{'d0': 0.024905832919416636};-280.569866449044;40.82295360359593
10369;-99.4619796209258;(x * ((_a4_ + pow2(_a5_)) * (((_a5_ + x) * x) + (_a2_ * _a2_))));{'d0': {'_a2_': 0.7250460469412575, '_a4_': 2.9875603087471165, '_a5_': 0.6238594154897598, '_a0_': 1.0, '_a1_': 1.0, '_a3_': 1.0, '_a6_': 1.0, '_a7_': 1.0}};{'d0': 0.024905832919416636};-280.569866449044;40.82295360359593
10370;-104.411319546383;(x * ((_a4_ + pow2(_a5_)) * (((_a5_ + x) * x) + _a1_)));{'d0': {'_a1_': 0.5256917701611145, '_a4_': 2.9875603089035403, '_a5_': 0.6238594155322744, '_a0_': 1.0, '_a2_': 1.0, '_a3_': 1.0, '_a6_': 1.0, '_a7_': 1.0}};{'d0': 0.024905832919416584};-280.569866449044;35.87361367813892
10371;-104.411319546383;(x * ((_a4_ + pow2(_a5_)) * (((_a5_ + x) * x) + _a1_)));{'d0': {'_a1_': 0.5256917701611145, '_a4_': 2.9875603089035403, '_a5_': 0.6238594155322744, '_a0_': 1.0, '_a2_': 1.0, '_a3_': 1.0, '_a6_': 1.0, '_a7_': 1.0}};{'d0': 0.024905832919416584};-280.569866449044;35.87361367813892
10372;-104.411319546383;(x * ((_a4_ + pow2(_a5_)) * (((_a5_ + x) * x) + _a1_)));{'d0': {'_a1_': 0.5256917701611145, '_a4_': 2.9875603089035403, '_a5_': 0.6238594155322744, '_a0_': 1.0, '_a2_': 1.0, '_a3_': 1.0, '_a6_': 1.0, '_a7_': 1.0}};{'d0': 0.024905832919416584};-280.569866449044;35.87361367813892
10373;-95.4938313458804;(((pow2((x + pow2(_a5_))) / _a4_) + ((_a5_ * sqrt(_a7_)) * x)) * x);{'d0': {'_a4_': 0.2961417867842709, '_a5_': -0.8514963576546446, '_a7_': 10.735932243761665, '_a0_': 1.0, '_a1_': 1.0, '_a2_': 1.0, '_a3_': 1.0, '_a6_': 1.0}};{'d0': 0.024905832919416688};-280.569866449043;44.79110187864132
10374;-94.9964715482533;(((pow2((x + pow2(_a5_))) / _a4_) + ((_a5_ * (_a2_ / _a5_)) * x)) * x);{'d0': {'_a2_': -2.789990185403404, '_a4_': 0.2961417867718751, '_a5_': -0.8514963576370141, '_a0_': 1.0, '_a1_': 1.0, '_a3_': 1.0, '_a6_': 1.0, '_a7_': 1.0}};{'d0': 0.02490583291941661};-280.569866449044;45.28846167626852
10375;-94.9964715482533;(((pow2((x + pow2(_a5_))) / _a4_) + ((_a5_ * (_a2_ / _a5_)) * x)) * x);{'d0': {'_a2_': -2.789990185403404, '_a4_': 0.2961417867718751, '_a5_': -0.8514963576370141, '_a0_': 1.0, '_a1_': 1.0, '_a3_': 1.0, '_a6_': 1.0, '_a7_': 1.0}};{'d0': 0.02490583291941661};-280.569866449044;45.28846167626852
10376;-94.9964715482533;(((pow2((x + pow2(_a5_))) / _a4_) + ((_a5_ * (_a2_ / _a5_)) * x)) * x);{'d0': {'_a2_': -2.789990185403404, '_a4_': 0.2961417867718751, '_a5_': -0.8514963576370141, '_a0_': 1.0, '_a1_': 1.0, '_a3_': 1.0, '_a6_': 1.0, '_a7_': 1.0}};{'d0': 0.02490583291941661};-280.569866449044;45.28846167626852
10377;-94.9964715482533;(((pow2((x + pow2(_a5_))) / _a4_) + ((_a5_ * (_a2_ / _a5_)) * x)) * x);{'d0': {'_a2_': -2.789990185403404, '_a4_': 0.2961417867718751, '_a5_': -0.8514963576370141, '_a0_': 1.0, '_a1_': 1.0, '_a3_': 1.0, '_a6_': 1.0, '_a7_': 1.0}};{'d0': 0.02490583291941661};-280.569866449044;45.28846167626852
10378;-94.9964715482533;(((pow2((x + pow2(_a5_))) / _a4_) + ((_a5_ * (_a2_ / _a5_)) * x)) * x);{'d0': {'_a2_': -2.789990185403404, '_a4_': 0.2961417867718751, '_a5_': -0.8514963576370141, '_a0_': 1.0, '_a1_': 1.0, '_a3_': 1.0, '_a6_': 1.0, '_a7_': 1.0}};{'d0': 0.02490583291941661};-280.569866449044;45.28846167626852
10379;-94.9964715482533;(((pow2((x + pow2(_a5_))) / _a4_) + ((_a5_ * (_a2_ / _a5_)) * x)) * x);{'d0': {'_a2_': -2.789990185403404, '_a4_': 0.2961417867718751, '_a5_': -0.8514963576370141, '_a0_': 1.0, '_a1_': 1.0, '_a3_': 1.0, '_a6_': 1.0, '_a7_': 1.0}};{'d0': 0.02490583291941661};-280.569866449044;45.28846167626852
10380;-87.0751454171747;(((pow2((x + pow2(_a5_))) / _a4_) + (((_a2_ / _a6_) * (_a2_ / _a5_)) * x)) * x);{'d0': {'_a2_': -2.2699891364553273, '_a4_': 0.29614178674309777, '_a5_': -0.8514963576197491, '_a6_': 2.169012597097022, '_a0_': 1.0, '_a1_': 1.0, '_a3_': 1.0, '_a7_': 1.0}};{'d0': 0.024905832919479332};-276.475521886670;51.162615526160515
10381;-87.0751454171747;(((pow2((x + pow2(_a5_))) / _a4_) + (((_a2_ / _a6_) * (_a2_ / _a5_)) * x)) * x);{'d0': {'_a2_': -2.2699891364553273, '_a4_': 0.29614178674309777, '_a5_': -0.8514963576197491, '_a6_': 2.169012597097022, '_a0_': 1.0, '_a1_': 1.0, '_a3_': 1.0, '_a7_': 1.0}};{'d0': 0.024905832919479332};-276.475521886670;51.162615526160515
10382;-87.0751454171747;(((pow2((x + pow2(_a5_))) / _a4_) + (((_a2_ / _a6_) * (_a2_ / _a5_)) * x)) * x);{'d0': {'_a2_': -2.2699891364553273, '_a4_': 0.29614178674309777, '_a5_': -0.8514963576197491, '_a6_': 2.169012597097022, '_a0_': 1.0, '_a1_': 1.0, '_a3_': 1.0, '_a7_': 1.0}};{'d0': 0.024905832919479332};-276.475521886670;51.162615526160515
10383;-104.411319546383;(x * ((_a4_ + pow2(_a5_)) * (((_a5_ + x) * x) + _a1_)));{'d0': {'_a1_': 0.5256917701611145, '_a4_': 2.9875603089035403, '_a5_': 0.6238594155322744, '_a0_': 1.0, '_a2_': 1.0, '_a3_': 1.0, '_a6_': 1.0, '_a7_': 1.0}};{'d0': 0.024905832919416584};-280.569866449044;35.87361367813892
10384;-104.411319546383;(x * ((_a4_ + pow2(_a5_)) * (((_a5_ + x) * x) + _a1_)));{'d0': {'_a1_': 0.5256917701611145, '_a4_': 2.9875603089035403, '_a5_': 0.6238594155322744, '_a0_': 1.0, '_a2_': 1.0, '_a3_': 1.0, '_a6_': 1.0, '_a7_': 1.0}};{'d0': 0.024905832919416584};-280.569866449044;35.87361367813892
10385;-104.411319546383;(x * ((_a4_ + pow2(_a5_)) * (((_a5_ + x) * x) + _a1_)));{'d0': {'_a1_': 0.5256917701611145, '_a4_': 2.9875603089035403, '_a5_': 0.6238594155322744, '_a0_': 1.0, '_a2_': 1.0, '_a3_': 1.0, '_a6_': 1.0, '_a7_': 1.0}};{'d0': 0.024905832919416584};-280.569866449044;35.87361367813892
10386;-104.411319546383;(x * ((_a4_ + pow2(_a5_)) * (((_a5_ + x) * x) + _a1_)));{'d0': {'_a1_': 0.5256917701611145, '_a4_': 2.9875603089035403, '_a5_': 0.6238594155322744, '_a0_': 1.0, '_a2_': 1.0, '_a3_': 1.0, '_a6_': 1.0, '_a7_': 1.0}};{'d0': 0.024905832919416584};-280.569866449044;35.87361367813892
10387;-104.411319546383;(x * ((_a4_ + pow2(_a5_)) * (((_a5_ + x) * x) + _a1_)));{'d0': {'_a1_': 0.5256917701611145, '_a4_': 2.9875603089035403, '_a5_': 0.6238594155322744, '_a0_': 1.0, '_a2_': 1.0, '_a3_': 1.0, '_a6_': 1.0, '_a7_': 1.0}};{'d0': 0.024905832919416584};-280.569866449044;35.87361367813892
10388;-104.411319546383;(x * ((_a0_ + pow2(_a5_)) * (((_a5_ + x) * x) + _a1_)));{'d0': {'_a0_': 2.9875603075781414, '_a1_': 0.5256917705107799, '_a5_': 0.6238594156727463, '_a2_': 1.0, '_a3_': 1.0, '_a4_': 1.0, '_a6_': 1.0, '_a7_': 1.0}};{'d0': 0.024905832919416643};-280.569866449044;35.87361367813892
10389;-104.411319546383;(x * ((_a0_ + pow2(_a5_)) * (((_a5_ + x) * x) + _a1_)));{'d0': {'_a0_': 2.9875603075781414, '_a1_': 0.5256917705107799, '_a5_': 0.6238594156727463, '_a2_': 1.0, '_a3_': 1.0, '_a4_': 1.0, '_a6_': 1.0, '_a7_': 1.0}};{'d0': 0.024905832919416643};-280.569866449044;35.87361367813892
10390;-104.411319546383;(x * ((_a0_ + pow2(_a5_)) * (((_a5_ + x) * x) + _a1_)));{'d0': {'_a0_': 2.9875603075781414, '_a1_': 0.5256917705107799, '_a5_': 0.6238594156727463, '_a2_': 1.0, '_a3_': 1.0, '_a4_': 1.0, '_a6_': 1.0, '_a7_': 1.0}};{'d0': 0.024905832919416643};-280.569866449044;35.87361367813892
10391;-104.411319546383;(x * ((_a0_ + pow2(_a5_)) * (((_a5_ + x) * x) + _a1_)));{'d0': {'_a0_': 2.9875603075781414, '_a1_': 0.5256917705107799, '_a5_': 0.6238594156727463, '_a2_': 1.0, '_a3_': 1.0, '_a4_': 1.0, '_a6_': 1.0, '_a7_': 1.0}};{'d0': 0.024905832919416643};-280.569866449044;35.87361367813892
10392;-104.411319546383;(x * ((_a0_ + pow2(_a5_)) * (((_a5_ + x) * x) + _a1_)));{'d0': {'_a0_': 2.9875603075781414, '_a1_': 0.5256917705107799, '_a5_': 0.6238594156727463, '_a2_': 1.0, '_a3_': 1.0, '_a4_': 1.0, '_a6_': 1.0, '_a7_': 1.0}};{'d0': 0.024905832919416643};-280.569866449044;35.87361367813892
10393;-104.411319546383;(x * ((_a0_ + pow2(_a5_)) * (((_a5_ + x) * x) + _a1_)));{'d0': {'_a0_': 2.9875603075781414, '_a1_': 0.5256917705107799, '_a5_': 0.6238594156727463, '_a2_': 1.0, '_a3_': 1.0, '_a4_': 1.0, '_a6_': 1.0, '_a7_': 1.0}};{'d0': 0.024905832919416643};-280.569866449044;35.87361367813892
10394;-104.411319546383;(x * ((_a0_ + pow2(_a5_)) * (((_a5_ + x) * x) + _a1_)));{'d0': {'_a0_': 2.9875603075781414, '_a1_': 0.5256917705107799, '_a5_': 0.6238594156727463, '_a2_': 1.0, '_a3_': 1.0, '_a4_': 1.0, '_a6_': 1.0, '_a7_': 1.0}};{'d0': 0.024905832919416643};-280.569866449044;35.87361367813892
10395;-104.411319546383;(x * ((_a0_ + pow2(_a5_)) * (((_a5_ + x) * x) + _a1_)));{'d0': {'_a0_': 2.9875603075781414, '_a1_': 0.5256917705107799, '_a5_': 0.6238594156727463, '_a2_': 1.0, '_a3_': 1.0, '_a4_': 1.0, '_a6_': 1.0, '_a7_': 1.0}};{'d0': 0.024905832919416643};-280.569866449044;35.87361367813892
10396;-104.411319546383;(x * ((_a0_ + pow2(_a5_)) * (((_a5_ + x) * x) + _a1_)));{'d0': {'_a0_': 2.9875603075781414, '_a1_': 0.5256917705107799, '_a5_': 0.6238594156727463, '_a2_': 1.0, '_a3_': 1.0, '_a4_': 1.0, '_a6_': 1.0, '_a7_': 1.0}};{'d0': 0.024905832919416643};-280.569866449044;35.87361367813892
10397;-104.411319546383;(x * ((_a0_ + pow2(_a5_)) * (((_a5_ + x) * x) + _a1_)));{'d0': {'_a0_': 2.9875603075781414, '_a1_': 0.5256917705107799, '_a5_': 0.6238594156727463, '_a2_': 1.0, '_a3_': 1.0, '_a4_': 1.0, '_a6_': 1.0, '_a7_': 1.0}};{'d0': 0.024905832919416643};-280.569866449044;35.87361367813892
10398;-104.411319546383;(x * ((_a0_ + pow2(_a5_)) * (((_a5_ + x) * x) + _a1_)));{'d0': {'_a0_': 2.9875603075781414, '_a1_': 0.5256917705107799, '_a5_': 0.6238594156727463, '_a2_': 1.0, '_a3_': 1.0, '_a4_': 1.0, '_a6_': 1.0, '_a7_': 1.0}};{'d0': 0.024905832919416643};-280.569866449044;35.87361367813892
10399;-104.411319546383;(x * ((_a0_ + pow2(_a5_)) * (((_a5_ + x) * x) + _a1_)));{'d0': {'_a0_': 2.9875603075781414, '_a1_': 0.5256917705107799, '_a5_': 0.6238594156727463, '_a2_': 1.0, '_a3_': 1.0, '_a4_': 1.0, '_a6_': 1.0, '_a7_': 1.0}};{'d0': 0.024905832919416643};-280.569866449044;35.87361367813892
10400;-104.411319546383;(x * ((_a0_ + pow2(_a1_)) * (((_a5_ + x) * x) + _a1_)));{'d0': {'_a0_': 3.100409041423773, '_a1_': 0.5256917703333579, '_a5_': 0.6238594155878902, '_a2_': 1.0, '_a3_': 1.0, '_a4_': 1.0, '_a6_': 1.0, '_a7_': 1.0}};{'d0': 0.024905832919416608};-280.569866449044;35.87361367813892
10401;-104.411319546383;(x * ((_a0_ + pow2(_a1_)) * (((_a5_ + x) * x) + _a1_)));{'d0': {'_a0_': 3.100409041423773, '_a1_': 0.5256917703333579, '_a5_': 0.6238594155878902, '_a2_': 1.0, '_a3_': 1.0, '_a4_': 1.0, '_a6_': 1.0, '_a7_': 1.0}};{'d0': 0.024905832919416608};-280.569866449044;35.87361367813892
10402;-104.411319546383;(x * ((_a0_ + pow2(_a1_)) * (((_a5_ + x) * x) + _a1_)));{'d0': {'_a0_': 3.100409041423773, '_a1_': 0.5256917703333579, '_a5_': 0.6238594155878902, '_a2_': 1.0, '_a3_': 1.0, '_a4_': 1.0, '_a6_': 1.0, '_a7_': 1.0}};{'d0': 0.024905832919416608};-280.569866449044;35.87361367813892
10403;-103.668372249313;(x * ((_a0_ ** pow2(_a1_)) * (((_a5_ + x) * x) + _a1_)));{'d0': {'_a0_': 81.73692694682984, '_a1_': 0.5256917683804023, '_a5_': 0.6238594151815434, '_a2_': 1.0, '_a3_': 1.0, '_a4_': 1.0, '_a6_': 1.0, '_a7_': 1.0}};{'d0': 0.024905832919416643};-280.569866449044;36.61656097520893
10404;-103.668372249313;(x * ((_a0_ ** pow2(_a1_)) * (((_a5_ + x) * x) + _a1_)));{'d0': {'_a0_': 81.73692694682984, '_a1_': 0.5256917683804023, '_a5_': 0.6238594151815434, '_a2_': 1.0, '_a3_': 1.0, '_a4_': 1.0, '_a6_': 1.0, '_a7_': 1.0}};{'d0': 0.024905832919416643};-280.569866449044;36.61656097520893
10405;-103.668372249313;(x * ((_a0_ ** pow2(_a1_)) * (((_a5_ + x) * x) + _a1_)));{'d0': {'_a0_': 81.73692694682984, '_a1_': 0.5256917683804023, '_a5_': 0.6238594151815434, '_a2_': 1.0, '_a3_': 1.0, '_a4_': 1.0, '_a6_': 1.0, '_a7_': 1.0}};{'d0': 0.024905832919416643};-280.569866449044;36.61656097520893
10406;-103.668372249313;(x * ((_a0_ ** pow2(_a1_)) * (((_a5_ + x) * x) + _a1_)));{'d0': {'_a0_': 81.73692694682984, '_a1_': 0.5256917683804023, '_a5_': 0.6238594151815434, '_a2_': 1.0, '_a3_': 1.0, '_a4_': 1.0, '_a6_': 1.0, '_a7_': 1.0}};{'d0': 0.024905832919416643};-280.569866449044;36.61656097520893
10407;-103.668372249313;(x * ((_a0_ ** pow2(_a1_)) * (((_a5_ + x) * x) + _a1_)));{'d0': {'_a0_': 81.73692694682984, '_a1_': 0.5256917683804023, '_a5_': 0.6238594151815434, '_a2_': 1.0, '_a3_': 1.0, '_a4_': 1.0, '_a6_': 1.0, '_a7_': 1.0}};{'d0': 0.024905832919416643};-280.569866449044;36.61656097520893
10408;-103.668372249313;(x * ((_a0_ ** pow2(_a1_)) * (((_a5_ + x) * x) + _a1_)));{'d0': {'_a0_': 81.73692694682984, '_a1_': 0.5256917683804023, '_a5_': 0.6238594151815434, '_a2_': 1.0, '_a3_': 1.0, '_a4_': 1.0, '_a6_': 1.0, '_a7_': 1.0}};{'d0': 0.024905832919416643};-280.569866449044;36.61656097520893
10409;-103.668372249313;(x * ((_a0_ ** pow2(_a1_)) * (((_a5_ + x) * x) + _a1_)));{'d0': {'_a0_': 81.73692694682984, '_a1_': 0.5256917683804023, '_a5_': 0.6238594151815434, '_a2_': 1.0, '_a3_': 1.0, '_a4_': 1.0, '_a6_': 1.0, '_a7_': 1.0}};{'d0': 0.024905832919416643};-280.569866449044;36.61656097520893
10410;-103.668372249313;(x * ((_a0_ ** pow2(_a1_)) * (((_a5_ + x) * x) + _a1_)));{'d0': {'_a0_': 81.73692694682984, '_a1_': 0.5256917683804023, '_a5_': 0.6238594151815434, '_a2_': 1.0, '_a3_': 1.0, '_a4_': 1.0, '_a6_': 1.0, '_a7_': 1.0}};{'d0': 0.024905832919416643};-280.569866449044;36.61656097520893
10411;-103.668372249313;(x * ((_a0_ ** pow2(_a1_)) * (((_a5_ + x) * x) + _a1_)));{'d0': {'_a0_': 81.73692694682984, '_a1_': 0.5256917683804023, '_a5_': 0.6238594151815434, '_a2_': 1.0, '_a3_': 1.0, '_a4_': 1.0, '_a6_': 1.0, '_a7_': 1.0}};{'d0': 0.024905832919416643};-280.569866449044;36.61656097520893
10412;-97.2393130445058;(x + (((_a1_ + (x * x)) + ((_a6_ * x) + _a0_)) * (_a0_ * x)));{'d0': {'_a0_': 3.3767608774739277, '_a1_': -3.1472108937956667, '_a6_': 0.6238594155076552, '_a2_': 1.0, '_a3_': 1.0, '_a4_': 1.0, '_a5_': 1.0, '_a7_': 1.0}};{'d0': 0.02490583291941664};-280.569866449044;43.04562018001604
10413;-98.1382168817569;(x + (((_a1_ * (x * x)) + ((_a6_ * x) + _a0_)) * (_a0_ * x)));{'d0': {'_a0_': 0.8804177441647638, '_a1_': 3.8354075687505502, '_a6_': 2.3927551246583065, '_a2_': 1.0, '_a3_': 1.0, '_a4_': 1.0, '_a5_': 1.0, '_a7_': 1.0}};{'d0': 0.024905832919416598};-280.569866449044;42.14671634276504
10414;-98.1382168817569;(x + (((_a1_ * (x * x)) + ((_a6_ * x) + _a0_)) * (_a0_ * x)));{'d0': {'_a0_': 0.8804177441647638, '_a1_': 3.8354075687505502, '_a6_': 2.3927551246583065, '_a2_': 1.0, '_a3_': 1.0, '_a4_': 1.0, '_a5_': 1.0, '_a7_': 1.0}};{'d0': 0.024905832919416598};-280.569866449044;42.14671634276504
10415;-98.1382168817569;(x + (((_a1_ * (x * x)) + ((_a6_ * x) + _a0_)) * (_a0_ * x)));{'d0': {'_a0_': 0.8804177441647638, '_a1_': 3.8354075687505502, '_a6_': 2.3927551246583065, '_a2_': 1.0, '_a3_': 1.0, '_a4_': 1.0, '_a5_': 1.0, '_a7_': 1.0}};{'d0': 0.024905832919416598};-280.569866449044;42.14671634276504
10416;-98.1382168817569;(x + (((_a1_ * (x * x)) + ((_a6_ * x) + _a0_)) * (_a0_ * x)));{'d0': {'_a0_': 0.8804177441647638, '_a1_': 3.8354075687505502, '_a6_': 2.3927551246583065, '_a2_': 1.0, '_a3_': 1.0, '_a4_': 1.0, '_a5_': 1.0, '_a7_': 1.0}};{'d0': 0.024905832919416598};-280.569866449044;42.14671634276504
10417;-98.1382168817569;(x + (((_a1_ * (x * x)) + ((_a6_ * x) + _a0_)) * (_a0_ * x)));{'d0': {'_a0_': 0.8804177441647638, '_a1_': 3.8354075687505502, '_a6_': 2.3927551246583065, '_a2_': 1.0, '_a3_': 1.0, '_a4_': 1.0, '_a5_': 1.0, '_a7_': 1.0}};{'d0': 0.024905832919416598};-280.569866449044;42.14671634276504
10418;-98.1382168817569;(x + (((_a1_ * (x * x)) + ((_a6_ * x) + _a0_)) * (_a0_ * x)));{'d0': {'_a0_': 0.8804177441647638, '_a1_': 3.8354075687505502, '_a6_': 2.3927551246583065, '_a2_': 1.0, '_a3_': 1.0, '_a4_': 1.0, '_a5_': 1.0, '_a7_': 1.0}};{'d0': 0.024905832919416598};-280.569866449044;42.14671634276504
10419;-98.1382168817569;(x + (((_a1_ * (x * x)) + ((_a6_ * x) + _a0_)) * (_a0_ * x)));{'d0': {'_a0_': 0.8804177441647638, '_a1_': 3.8354075687505502, '_a6_': 2.3927551246583065, '_a2_': 1.0, '_a3_': 1.0, '_a4_': 1.0, '_a5_': 1.0, '_a7_': 1.0}};{'d0': 0.024905832919416598};-280.569866449044;42.14671634276504
10420;-98.1382168817569;(x + (((_a1_ * (x * x)) + ((_a6_ * x) + _a0_)) * (_a0_ * x)));{'d0': {'_a0_': 0.8804177441647638, '_a1_': 3.8354075687505502, '_a6_': 2.3927551246583065, '_a2_': 1.0, '_a3_': 1.0, '_a4_': 1.0, '_a5_': 1.0, '_a7_': 1.0}};{'d0': 0.024905832919416598};-280.569866449044;42.14671634276504
10421;-98.1382168817569;(x + (((_a1_ * (x * x)) + ((_a6_ * x) + _a0_)) * (_a0_ * x)));{'d0': {'_a0_': 0.8804177441647638, '_a1_': 3.8354075687505502, '_a6_': 2.3927551246583065, '_a2_': 1.0, '_a3_': 1.0, '_a4_': 1.0, '_a5_': 1.0, '_a7_': 1.0}};{'d0': 0.024905832919416598};-280.569866449044;42.14671634276504
10422;-99.9884250890521;(x * ((_a0_ ** pow2(_a1_)) * (((-(_a6_) + x) * x) + _a1_)));{'d0': {'_a0_': 81.73691442285148, '_a1_': 0.5256917755787012, '_a6_': -0.6238594162837963, '_a2_': 1.0, '_a3_': 1.0, '_a4_': 1.0, '_a5_': 1.0, '_a7_': 1.0}};{'d0': 0.02490583291941689};-280.569866449043;40.29650813546932
10423;-99.9884250890521;(x * ((_a0_ ** pow2(_a1_)) * (((-(_a6_) + x) * x) + _a1_)));{'d0': {'_a0_': 81.73691442285148, '_a1_': 0.5256917755787012, '_a6_': -0.6238594162837963, '_a2_': 1.0, '_a3_': 1.0, '_a4_': 1.0, '_a5_': 1.0, '_a7_': 1.0}};{'d0': 0.02490583291941689};-280.569866449043;40.29650813546932
10424;-99.9884250890521;(x * ((_a0_ ** pow2(_a1_)) * (((-(_a6_) + x) * x) + _a1_)));{'d0': {'_a0_': 81.73691442285148, '_a1_': 0.5256917755787012, '_a6_': -0.6238594162837963, '_a2_': 1.0, '_a3_': 1.0, '_a4_': 1.0, '_a5_': 1.0, '_a7_': 1.0}};{'d0': 0.02490583291941689};-280.569866449043;40.29650813546932
10425;-99.9884250890521;(x * ((_a0_ ** pow2(_a1_)) * (((-(_a6_) + x) * x) + _a1_)));{'d0': {'_a0_': 81.73691442285148, '_a1_': 0.5256917755787012, '_a6_': -0.6238594162837963, '_a2_': 1.0, '_a3_': 1.0, '_a4_': 1.0, '_a5_': 1.0, '_a7_': 1.0}};{'d0': 0.02490583291941689};-280.569866449043;40.29650813546932
10426;-99.9884250890521;(x * ((_a0_ ** pow2(_a1_)) * (((-(_a6_) + x) * x) + _a1_)));{'d0': {'_a0_': 81.73691442285148, '_a1_': 0.5256917755787012, '_a6_': -0.6238594162837963, '_a2_': 1.0, '_a3_': 1.0, '_a4_': 1.0, '_a5_': 1.0, '_a7_': 1.0}};{'d0': 0.02490583291941689};-280.569866449043;40.29650813546932
10427;-99.9884250890521;(x * ((_a0_ ** pow2(_a1_)) * (((-(_a6_) + x) * x) + _a1_)));{'d0': {'_a0_': 81.73691442285148, '_a1_': 0.5256917755787012, '_a6_': -0.6238594162837963, '_a2_': 1.0, '_a3_': 1.0, '_a4_': 1.0, '_a5_': 1.0, '_a7_': 1.0}};{'d0': 0.02490583291941689};-280.569866449043;40.29650813546932
10428;-98.1382168817569;(x + (((_a1_ * (x * x)) + ((_a6_ * x) + _a5_)) * (_a6_ * x)));{'d0': {'_a1_': 2.3265199811501747, '_a5_': 0.5340526235151309, '_a6_': 1.4514213954992794, '_a0_': 1.0, '_a2_': 1.0, '_a3_': 1.0, '_a4_': 1.0, '_a7_': 1.0}};{'d0': 0.02490583291941659};-280.569866449044;42.14671634276504
10429;-98.1382168817569;(x + (((_a1_ * (x * x)) + ((_a6_ * x) + _a5_)) * (_a6_ * x)));{'d0': {'_a1_': 2.3265199811501747, '_a5_': 0.5340526235151309, '_a6_': 1.4514213954992794, '_a0_': 1.0, '_a2_': 1.0, '_a3_': 1.0, '_a4_': 1.0, '_a7_': 1.0}};{'d0': 0.02490583291941659};-280.569866449044;42.14671634276504
10430;-98.1382168817569;(x + (((_a1_ * (x * x)) + ((_a6_ * x) + _a5_)) * (_a6_ * x)));{'d0': {'_a1_': 2.3265199811501747, '_a5_': 0.5340526235151309, '_a6_': 1.4514213954992794, '_a0_': 1.0, '_a2_': 1.0, '_a3_': 1.0, '_a4_': 1.0, '_a7_': 1.0}};{'d0': 0.02490583291941659};-280.569866449044;42.14671634276504
10431;-98.1382168817569;(x + (((_a1_ * (x * x)) + ((_a6_ * x) + _a5_)) * (_a6_ * x)));{'d0': {'_a1_': 2.3265199811501747, '_a5_': 0.5340526235151309, '_a6_': 1.4514213954992794, '_a0_': 1.0, '_a2_': 1.0, '_a3_': 1.0, '_a4_': 1.0, '_a7_': 1.0}};{'d0': 0.02490583291941659};-280.569866449044;42.14671634276504
10432;-98.1382168817569;(x + (((_a1_ * (x * x)) + ((_a6_ * x) + _a5_)) * (_a6_ * x)));{'d0': {'_a1_': 2.3265199811501747, '_a5_': 0.5340526235151309, '_a6_': 1.4514213954992794, '_a0_': 1.0, '_a2_': 1.0, '_a3_': 1.0, '_a4_': 1.0, '_a7_': 1.0}};{'d0': 0.02490583291941659};-280.569866449044;42.14671634276504
10433;-98.1382168817569;(x + (((_a1_ * (x * x)) + ((_a6_ * x) + _a5_)) * (_a6_ * x)));{'d0': {'_a1_': 2.3265199811501747, '_a5_': 0.5340526235151309, '_a6_': 1.4514213954992794, '_a0_': 1.0, '_a2_': 1.0, '_a3_': 1.0, '_a4_': 1.0, '_a7_': 1.0}};{'d0': 0.02490583291941659};-280.569866449044;42.14671634276504
10434;-92.3379251153545;((x + (((_a1_ * (x * x)) + ((_a6_ * x) + _a5_)) * (_a6_ * x))) / _a6_);{'d0': {'_a1_': 3.376760876629895, '_a5_': 1.3004422613791222, '_a6_': 2.106624067779918, '_a0_': 1.0, '_a2_': 1.0, '_a3_': 1.0, '_a4_': 1.0, '_a7_': 1.0}};{'d0': 0.024905832919416542};-280.569866449044;47.94700810916744
10435;-98.1382168817569;(x + (((_a1_ * (x * x)) + ((_a6_ * x) + _a5_)) * (_a6_ * x)));{'d0': {'_a1_': 2.3265199811501747, '_a5_': 0.5340526235151309, '_a6_': 1.4514213954992794, '_a0_': 1.0, '_a2_': 1.0, '_a3_': 1.0, '_a4_': 1.0, '_a7_': 1.0}};{'d0': 0.02490583291941659};-280.569866449044;42.14671634276504
10436;-99.9884250890521;(x * ((_a0_ ** pow2(_a1_)) * (((-(_a6_) + x) * x) + _a1_)));{'d0': {'_a0_': 81.73691442285148, '_a1_': 0.5256917755787012, '_a6_': -0.6238594162837963, '_a2_': 1.0, '_a3_': 1.0, '_a4_': 1.0, '_a5_': 1.0, '_a7_': 1.0}};{'d0': 0.02490583291941689};-280.569866449043;40.29650813546932
10437;-99.9884250890521;(x * ((_a0_ ** pow2(_a1_)) * (((-(_a6_) + x) * x) + _a1_)));{'d0': {'_a0_': 81.73691442285148, '_a1_': 0.5256917755787012, '_a6_': -0.6238594162837963, '_a2_': 1.0, '_a3_': 1.0, '_a4_': 1.0, '_a5_': 1.0, '_a7_': 1.0}};{'d0': 0.02490583291941689};-280.569866449043;40.29650813546932
10438;-98.1382168817569;(x + (((_a1_ * (x * x)) + ((_a6_ * x) + _a5_)) * (_a6_ * x)));{'d0': {'_a1_': 2.3265199811501747, '_a5_': 0.5340526235151309, '_a6_': 1.4514213954992794, '_a0_': 1.0, '_a2_': 1.0, '_a3_': 1.0, '_a4_': 1.0, '_a7_': 1.0}};{'d0': 0.02490583291941659};-280.569866449044;42.14671634276504
10439;-98.1382168817569;(x + (((_a1_ * (x * x)) + ((_a6_ * x) + _a5_)) * (_a6_ * x)));{'d0': {'_a1_': 2.3265199811501747, '_a5_': 0.5340526235151309, '_a6_': 1.4514213954992794, '_a0_': 1.0, '_a2_': 1.0, '_a3_': 1.0, '_a4_': 1.0, '_a7_': 1.0}};{'d0': 0.02490583291941659};-280.569866449044;42.14671634276504
10440;-98.1382168817569;(x + (((_a1_ * (x * x)) + ((_a6_ * x) + _a5_)) * (_a6_ * x)));{'d0': {'_a1_': 2.3265199811501747, '_a5_': 0.5340526235151309, '_a6_': 1.4514213954992794, '_a0_': 1.0, '_a2_': 1.0, '_a3_': 1.0, '_a4_': 1.0, '_a7_': 1.0}};{'d0': 0.02490583291941659};-280.569866449044;42.14671634276504
10441;-99.9884250890521;(x * ((_a0_ ** pow2(_a1_)) * (((-(_a6_) + x) * x) + _a1_)));{'d0': {'_a0_': 81.73691442285148, '_a1_': 0.5256917755787012, '_a6_': -0.6238594162837963, '_a2_': 1.0, '_a3_': 1.0, '_a4_': 1.0, '_a5_': 1.0, '_a7_': 1.0}};{'d0': 0.02490583291941689};-280.569866449043;40.29650813546932
10442;-99.9884250890521;(x * ((_a0_ ** pow2(_a1_)) * (((-(_a6_) + x) * x) + _a1_)));{'d0': {'_a0_': 81.73691442285148, '_a1_': 0.5256917755787012, '_a6_': -0.6238594162837963, '_a2_': 1.0, '_a3_': 1.0, '_a4_': 1.0, '_a5_': 1.0, '_a7_': 1.0}};{'d0': 0.02490583291941689};-280.569866449043;40.29650813546932
10443;-99.9884250890521;(x * ((_a0_ ** pow2(_a1_)) * (((-(_a6_) + x) * x) + _a1_)));{'d0': {'_a0_': 81.73691442285148, '_a1_': 0.5256917755787012, '_a6_': -0.6238594162837963, '_a2_': 1.0, '_a3_': 1.0, '_a4_': 1.0, '_a5_': 1.0, '_a7_': 1.0}};{'d0': 0.02490583291941689};-280.569866449043;40.29650813546932
10444;-99.9884250890521;(x * ((_a0_ ** pow2(_a1_)) * (((-(_a6_) + x) * x) + _a1_)));{'d0': {'_a0_': 81.73691442285148, '_a1_': 0.5256917755787012, '_a6_': -0.6238594162837963, '_a2_': 1.0, '_a3_': 1.0, '_a4_': 1.0, '_a5_': 1.0, '_a7_': 1.0}};{'d0': 0.02490583291941689};-280.569866449043;40.29650813546932
10445;-99.9884250890521;(x * ((_a0_ ** pow2(_a1_)) * (((-(_a6_) + x) * x) + _a1_)));{'d0': {'_a0_': 81.73691442285148, '_a1_': 0.5256917755787012, '_a6_': -0.6238594162837963, '_a2_': 1.0, '_a3_': 1.0, '_a4_': 1.0, '_a5_': 1.0, '_a7_': 1.0}};{'d0': 0.02490583291941689};-280.569866449043;40.29650813546932
10446;-99.9884250890521;(x * ((_a0_ ** pow2(_a1_)) * (((-(_a6_) + x) * x) + _a1_)));{'d0': {'_a0_': 81.73691442285148, '_a1_': 0.5256917755787012, '_a6_': -0.6238594162837963, '_a2_': 1.0, '_a3_': 1.0, '_a4_': 1.0, '_a5_': 1.0, '_a7_': 1.0}};{'d0': 0.02490583291941689};-280.569866449043;40.29650813546932
10447;-99.9884250890521;(x * ((_a0_ ** pow2(_a1_)) * (((-(_a6_) + x) * x) + _a1_)));{'d0': {'_a0_': 81.73691442285148, '_a1_': 0.5256917755787012, '_a6_': -0.6238594162837963, '_a2_': 1.0, '_a3_': 1.0, '_a4_': 1.0, '_a5_': 1.0, '_a7_': 1.0}};{'d0': 0.02490583291941689};-280.569866449043;40.29650813546932
10448;-99.9884250890521;(x * ((_a0_ ** pow2(_a1_)) * (((-(_a6_) + x) * x) + _a1_)));{'d0': {'_a0_': 81.73691442285148, '_a1_': 0.5256917755787012, '_a6_': -0.6238594162837963, '_a2_': 1.0, '_a3_': 1.0, '_a4_': 1.0, '_a5_': 1.0, '_a7_': 1.0}};{'d0': 0.02490583291941689};-280.569866449043;40.29650813546932
10449;-99.9884250890521;(x * ((_a0_ ** pow2(_a1_)) * (((-(_a6_) + x) * x) + _a1_)));{'d0': {'_a0_': 81.73691442285148, '_a1_': 0.5256917755787012, '_a6_': -0.6238594162837963, '_a2_': 1.0, '_a3_': 1.0, '_a4_': 1.0, '_a5_': 1.0, '_a7_': 1.0}};{'d0': 0.02490583291941689};-280.569866449043;40.29650813546932
10450;-99.9884250890521;(x * ((_a0_ ** pow2(_a1_)) * (((-(_a6_) + x) * x) + _a1_)));{'d0': {'_a0_': 81.73691442285148, '_a1_': 0.5256917755787012, '_a6_': -0.6238594162837963, '_a2_': 1.0, '_a3_': 1.0, '_a4_': 1.0, '_a5_': 1.0, '_a7_': 1.0}};{'d0': 0.02490583291941689};-280.569866449043;40.29650813546932
10451;-99.9884250890521;(x * ((_a0_ ** pow2(_a1_)) * (((-(_a6_) + x) * x) + _a1_)));{'d0': {'_a0_': 81.73691442285148, '_a1_': 0.5256917755787012, '_a6_': -0.6238594162837963, '_a2_': 1.0, '_a3_': 1.0, '_a4_': 1.0, '_a5_': 1.0, '_a7_': 1.0}};{'d0': 0.02490583291941689};-280.569866449043;40.29650813546932
10452;-99.9884250890521;(x * ((_a0_ ** pow2(_a1_)) * (((-(_a6_) + x) * x) + _a1_)));{'d0': {'_a0_': 81.73691442285148, '_a1_': 0.5256917755787012, '_a6_': -0.6238594162837963, '_a2_': 1.0, '_a3_': 1.0, '_a4_': 1.0, '_a5_': 1.0, '_a7_': 1.0}};{'d0': 0.02490583291941689};-280.569866449043;40.29650813546932
10453;-99.9884250890521;(x * ((_a0_ ** pow2(_a1_)) * (((-(_a6_) + x) * x) + _a1_)));{'d0': {'_a0_': 81.73691442285148, '_a1_': 0.5256917755787012, '_a6_': -0.6238594162837963, '_a2_': 1.0, '_a3_': 1.0, '_a4_': 1.0, '_a5_': 1.0, '_a7_': 1.0}};{'d0': 0.02490583291941689};-280.569866449043;40.29650813546932
10454;-99.9884250890521;(x * ((_a0_ ** pow2(_a1_)) * (((-(_a6_) + x) * x) + _a1_)));{'d0': {'_a0_': 81.73691442285148, '_a1_': 0.5256917755787012, '_a6_': -0.6238594162837963, '_a2_': 1.0, '_a3_': 1.0, '_a4_': 1.0, '_a5_': 1.0, '_a7_': 1.0}};{'d0': 0.02490583291941689};-280.569866449043;40.29650813546932
10455;-99.9884250890521;(x * ((_a0_ ** pow2(_a1_)) * (((-(_a6_) + x) * x) + _a1_)));{'d0': {'_a0_': 81.73691442285148, '_a1_': 0.5256917755787012, '_a6_': -0.6238594162837963, '_a2_': 1.0, '_a3_': 1.0, '_a4_': 1.0, '_a5_': 1.0, '_a7_': 1.0}};{'d0': 0.02490583291941689};-280.569866449043;40.29650813546932
10456;-99.9884250890521;(x * ((_a0_ ** pow2(_a1_)) * (((-(_a6_) + x) * x) + _a1_)));{'d0': {'_a0_': 81.73691442285148, '_a1_': 0.5256917755787012, '_a6_': -0.6238594162837963, '_a2_': 1.0, '_a3_': 1.0, '_a4_': 1.0, '_a5_': 1.0, '_a7_': 1.0}};{'d0': 0.02490583291941689};-280.569866449043;40.29650813546932
10457;-99.9884250890521;(x * ((_a0_ ** pow2(_a1_)) * (((-(_a6_) + x) * x) + _a1_)));{'d0': {'_a0_': 81.73691442285148, '_a1_': 0.5256917755787012, '_a6_': -0.6238594162837963, '_a2_': 1.0, '_a3_': 1.0, '_a4_': 1.0, '_a5_': 1.0, '_a7_': 1.0}};{'d0': 0.02490583291941689};-280.569866449043;40.29650813546932
10458;-99.9884250890521;(x * ((_a0_ ** pow2(_a1_)) * (((-(_a6_) + x) * x) + _a1_)));{'d0': {'_a0_': 81.73691442285148, '_a1_': 0.5256917755787012, '_a6_': -0.6238594162837963, '_a2_': 1.0, '_a3_': 1.0, '_a4_': 1.0, '_a5_': 1.0, '_a7_': 1.0}};{'d0': 0.02490583291941689};-280.569866449043;40.29650813546932
10459;-99.9884250890521;(x * ((_a0_ ** pow2(_a1_)) * (((-(_a6_) + x) * x) + _a1_)));{'d0': {'_a0_': 81.73691442285148, '_a1_': 0.5256917755787012, '_a6_': -0.6238594162837963, '_a2_': 1.0, '_a3_': 1.0, '_a4_': 1.0, '_a5_': 1.0, '_a7_': 1.0}};{'d0': 0.02490583291941689};-280.569866449043;40.29650813546932
10460;-99.9884250890521;(x * ((_a0_ ** pow2(_a1_)) * (((-(_a6_) + x) * x) + _a1_)));{'d0': {'_a0_': 81.73691442285148, '_a1_': 0.5256917755787012, '_a6_': -0.6238594162837963, '_a2_': 1.0, '_a3_': 1.0, '_a4_': 1.0, '_a5_': 1.0, '_a7_': 1.0}};{'d0': 0.02490583291941689};-280.569866449043;40.29650813546932
10461;-99.9884250890521;(x * ((_a0_ ** pow2(_a1_)) * (((-(_a6_) + x) * x) + _a1_)));{'d0': {'_a0_': 81.73691442285148, '_a1_': 0.5256917755787012, '_a6_': -0.6238594162837963, '_a2_': 1.0, '_a3_': 1.0, '_a4_': 1.0, '_a5_': 1.0, '_a7_': 1.0}};{'d0': 0.02490583291941689};-280.569866449043;40.29650813546932
10462;-99.9884250890521;(x * ((_a0_ ** pow2(_a1_)) * (((-(_a6_) + x) * x) + _a1_)));{'d0': {'_a0_': 81.73691442285148, '_a1_': 0.5256917755787012, '_a6_': -0.6238594162837963, '_a2_': 1.0, '_a3_': 1.0, '_a4_': 1.0, '_a5_': 1.0, '_a7_': 1.0}};{'d0': 0.02490583291941689};-280.569866449043;40.29650813546932
10463;-99.9884250890521;(x * ((_a0_ ** pow2(_a1_)) * (((-(_a6_) + x) * x) + _a1_)));{'d0': {'_a0_': 81.73691442285148, '_a1_': 0.5256917755787012, '_a6_': -0.6238594162837963, '_a2_': 1.0, '_a3_': 1.0, '_a4_': 1.0, '_a5_': 1.0, '_a7_': 1.0}};{'d0': 0.02490583291941689};-280.569866449043;40.29650813546932
10464;-99.9884250890521;(x * ((_a0_ ** pow2(_a1_)) * (((-(_a6_) + x) * x) + _a1_)));{'d0': {'_a0_': 81.73691442285148, '_a1_': 0.5256917755787012, '_a6_': -0.6238594162837963, '_a2_': 1.0, '_a3_': 1.0, '_a4_': 1.0, '_a5_': 1.0, '_a7_': 1.0}};{'d0': 0.02490583291941689};-280.569866449043;40.29650813546932
10465;-99.9884250890521;(x * ((_a0_ ** pow2(_a1_)) * (((-(_a6_) + x) * x) + _a1_)));{'d0': {'_a0_': 81.73691442285148, '_a1_': 0.5256917755787012, '_a6_': -0.6238594162837963, '_a2_': 1.0, '_a3_': 1.0, '_a4_': 1.0, '_a5_': 1.0, '_a7_': 1.0}};{'d0': 0.02490583291941689};-280.569866449043;40.29650813546932
10466;-99.9884250890521;(x * ((_a0_ ** pow2(_a1_)) * (((-(_a6_) + x) * x) + _a1_)));{'d0': {'_a0_': 81.73691442285148, '_a1_': 0.5256917755787012, '_a6_': -0.6238594162837963, '_a2_': 1.0, '_a3_': 1.0, '_a4_': 1.0, '_a5_': 1.0, '_a7_': 1.0}};{'d0': 0.02490583291941689};-280.569866449043;40.29650813546932
10467;-99.9884250890521;(x * ((_a0_ ** pow2(_a1_)) * (((-(_a6_) + x) * x) + _a1_)));{'d0': {'_a0_': 81.73691442285148, '_a1_': 0.5256917755787012, '_a6_': -0.6238594162837963, '_a2_': 1.0, '_a3_': 1.0, '_a4_': 1.0, '_a5_': 1.0, '_a7_': 1.0}};{'d0': 0.02490583291941689};-280.569866449043;40.29650813546932
10468;-99.9884250890521;(x * ((_a0_ ** pow2(_a1_)) * (((-(_a6_) + x) * x) + _a1_)));{'d0': {'_a0_': 81.73691442285148, '_a1_': 0.5256917755787012, '_a6_': -0.6238594162837963, '_a2_': 1.0, '_a3_': 1.0, '_a4_': 1.0, '_a5_': 1.0, '_a7_': 1.0}};{'d0': 0.02490583291941689};-280.569866449043;40.29650813546932
10469;-99.9884250890521;(x * ((_a0_ ** pow2(_a1_)) * (((-(_a6_) + x) * x) + _a1_)));{'d0': {'_a0_': 81.73691442285148, '_a1_': 0.5256917755787012, '_a6_': -0.6238594162837963, '_a2_': 1.0, '_a3_': 1.0, '_a4_': 1.0, '_a5_': 1.0, '_a7_': 1.0}};{'d0': 0.02490583291941689};-280.569866449043;40.29650813546932
10470;-99.9884250890521;(x * ((_a0_ ** pow2(_a1_)) * (((-(_a6_) + x) * x) + _a1_)));{'d0': {'_a0_': 81.73691442285148, '_a1_': 0.5256917755787012, '_a6_': -0.6238594162837963, '_a2_': 1.0, '_a3_': 1.0, '_a4_': 1.0, '_a5_': 1.0, '_a7_': 1.0}};{'d0': 0.02490583291941689};-280.569866449043;40.29650813546932
10471;-99.9884250890521;(x * ((_a0_ ** pow2(_a1_)) * (((-(_a6_) + x) * x) + _a1_)));{'d0': {'_a0_': 81.73691442285148, '_a1_': 0.5256917755787012, '_a6_': -0.6238594162837963, '_a2_': 1.0, '_a3_': 1.0, '_a4_': 1.0, '_a5_': 1.0, '_a7_': 1.0}};{'d0': 0.02490583291941689};-280.569866449043;40.29650813546932
10472;-99.9884250890521;(x * ((_a0_ ** pow2(_a1_)) * (((-(_a6_) + x) * x) + _a1_)));{'d0': {'_a0_': 81.73691442285148, '_a1_': 0.5256917755787012, '_a6_': -0.6238594162837963, '_a2_': 1.0, '_a3_': 1.0, '_a4_': 1.0, '_a5_': 1.0, '_a7_': 1.0}};{'d0': 0.02490583291941689};-280.569866449043;40.29650813546932
10473;-99.9884250890521;(x * ((_a0_ ** pow2(_a1_)) * (((-(_a6_) + x) * x) + _a1_)));{'d0': {'_a0_': 81.73691442285148, '_a1_': 0.5256917755787012, '_a6_': -0.6238594162837963, '_a2_': 1.0, '_a3_': 1.0, '_a4_': 1.0, '_a5_': 1.0, '_a7_': 1.0}};{'d0': 0.02490583291941689};-280.569866449043;40.29650813546932
10474;-99.9884250890521;(x * ((_a0_ ** pow2(_a1_)) * (((-(_a6_) + x) * x) + _a1_)));{'d0': {'_a0_': 81.73691442285148, '_a1_': 0.5256917755787012, '_a6_': -0.6238594162837963, '_a2_': 1.0, '_a3_': 1.0, '_a4_': 1.0, '_a5_': 1.0, '_a7_': 1.0}};{'d0': 0.02490583291941689};-280.569866449043;40.29650813546932
10475;-99.9884250890521;(x * ((_a0_ ** pow2(_a1_)) * (((-(_a6_) + x) * x) + _a1_)));{'d0': {'_a0_': 81.73691442285148, '_a1_': 0.5256917755787012, '_a6_': -0.6238594162837963, '_a2_': 1.0, '_a3_': 1.0, '_a4_': 1.0, '_a5_': 1.0, '_a7_': 1.0}};{'d0': 0.02490583291941689};-280.569866449043;40.29650813546932
10476;-99.9884250890521;(x * ((_a0_ ** pow2(_a1_)) * (((-(_a6_) + x) * x) + _a1_)));{'d0': {'_a0_': 81.73691442285148, '_a1_': 0.5256917755787012, '_a6_': -0.6238594162837963, '_a2_': 1.0, '_a3_': 1.0, '_a4_': 1.0, '_a5_': 1.0, '_a7_': 1.0}};{'d0': 0.02490583291941689};-280.569866449043;40.29650813546932
10477;-99.9884250890521;(x * ((_a0_ ** pow2(_a1_)) * (((-(_a6_) + x) * x) + _a1_)));{'d0': {'_a0_': 81.73691442285148, '_a1_': 0.5256917755787012, '_a6_': -0.6238594162837963, '_a2_': 1.0, '_a3_': 1.0, '_a4_': 1.0, '_a5_': 1.0, '_a7_': 1.0}};{'d0': 0.02490583291941689};-280.569866449043;40.29650813546932
10478;-99.9884250890521;(x * ((_a0_ ** pow2(_a1_)) * (((-(_a6_) + x) * x) + _a1_)));{'d0': {'_a0_': 81.73691442285148, '_a1_': 0.5256917755787012, '_a6_': -0.6238594162837963, '_a2_': 1.0, '_a3_': 1.0, '_a4_': 1.0, '_a5_': 1.0, '_a7_': 1.0}};{'d0': 0.02490583291941689};-280.569866449043;40.29650813546932
10479;-99.9884250890521;(x * ((_a0_ ** pow2(_a1_)) * (((-(_a6_) + x) * x) + _a1_)));{'d0': {'_a0_': 81.73691442285148, '_a1_': 0.5256917755787012, '_a6_': -0.6238594162837963, '_a2_': 1.0, '_a3_': 1.0, '_a4_': 1.0, '_a5_': 1.0, '_a7_': 1.0}};{'d0': 0.02490583291941689};-280.569866449043;40.29650813546932
10480;-99.9884250890521;(x * ((_a0_ ** pow2(_a1_)) * (((-(_a6_) + x) * x) + _a1_)));{'d0': {'_a0_': 81.73691442285148, '_a1_': 0.5256917755787012, '_a6_': -0.6238594162837963, '_a2_': 1.0, '_a3_': 1.0, '_a4_': 1.0, '_a5_': 1.0, '_a7_': 1.0}};{'d0': 0.02490583291941689};-280.569866449043;40.29650813546932
10481;-99.9884250890521;(x * ((_a0_ ** pow2(_a1_)) * (((-(_a6_) + x) * x) + _a1_)));{'d0': {'_a0_': 81.73691442285148, '_a1_': 0.5256917755787012, '_a6_': -0.6238594162837963, '_a2_': 1.0, '_a3_': 1.0, '_a4_': 1.0, '_a5_': 1.0, '_a7_': 1.0}};{'d0': 0.02490583291941689};-280.569866449043;40.29650813546932
10482;-99.9884250890521;(x * ((_a0_ ** pow2(_a1_)) * (((-(_a6_) + x) * x) + _a1_)));{'d0': {'_a0_': 81.73691442285148, '_a1_': 0.5256917755787012, '_a6_': -0.6238594162837963, '_a2_': 1.0, '_a3_': 1.0, '_a4_': 1.0, '_a5_': 1.0, '_a7_': 1.0}};{'d0': 0.02490583291941689};-280.569866449043;40.29650813546932
10483;-105.476695835284;(((_a2_ + (sin((x + _a7_)) * _a6_)) * x) * _a7_);{'d0': {'_a2_': -6.759080004726408, '_a6_': -5.615258984304454, '_a7_': -1.2571393411571372, '_a0_': 1.0, '_a1_': 1.0, '_a3_': 1.0, '_a4_': 1.0, '_a5_': 1.0}};{'d0': 0.026566128281941832};-276.697766348793;32.87218733911257
10484;-105.476695835284;(((_a2_ + (sin((x + _a7_)) * _a6_)) * x) * _a7_);{'d0': {'_a2_': -6.759080004726408, '_a6_': -5.615258984304454, '_a7_': -1.2571393411571372, '_a0_': 1.0, '_a1_': 1.0, '_a3_': 1.0, '_a4_': 1.0, '_a5_': 1.0}};{'d0': 0.026566128281941832};-276.697766348793;32.87218733911257
10485;-105.476695835284;(((_a2_ + (sin((x + _a7_)) * _a6_)) * x) * _a7_);{'d0': {'_a2_': -6.759080004726408, '_a6_': -5.615258984304454, '_a7_': -1.2571393411571372, '_a0_': 1.0, '_a1_': 1.0, '_a3_': 1.0, '_a4_': 1.0, '_a5_': 1.0}};{'d0': 0.026566128281941832};-276.697766348793;32.87218733911257
10486;-105.476695835284;(((_a2_ + (sin((x + _a7_)) * _a6_)) * x) * _a7_);{'d0': {'_a2_': -6.759080004726408, '_a6_': -5.615258984304454, '_a7_': -1.2571393411571372, '_a0_': 1.0, '_a1_': 1.0, '_a3_': 1.0, '_a4_': 1.0, '_a5_': 1.0}};{'d0': 0.026566128281941832};-276.697766348793;32.87218733911257
10487;-105.476695835284;(((_a2_ + (sin((x + _a7_)) * _a6_)) * x) * _a7_);{'d0': {'_a2_': -6.759080004726408, '_a6_': -5.615258984304454, '_a7_': -1.2571393411571372, '_a0_': 1.0, '_a1_': 1.0, '_a3_': 1.0, '_a4_': 1.0, '_a5_': 1.0}};{'d0': 0.026566128281941832};-276.697766348793;32.87218733911257
10488;-105.476695835284;(((_a2_ + (sin((x + _a7_)) * _a6_)) * x) * _a7_);{'d0': {'_a2_': -6.759080004726408, '_a6_': -5.615258984304454, '_a7_': -1.2571393411571372, '_a0_': 1.0, '_a1_': 1.0, '_a3_': 1.0, '_a4_': 1.0, '_a5_': 1.0}};{'d0': 0.026566128281941832};-276.697766348793;32.87218733911257
10489;-105.476695835284;(((_a2_ + (sin((x + _a7_)) * _a6_)) * x) * _a7_);{'d0': {'_a2_': -6.759080004726408, '_a6_': -5.615258984304454, '_a7_': -1.2571393411571372, '_a0_': 1.0, '_a1_': 1.0, '_a3_': 1.0, '_a4_': 1.0, '_a5_': 1.0}};{'d0': 0.026566128281941832};-276.697766348793;32.87218733911257
10490;-105.476695835284;(((_a2_ + (sin((x + _a7_)) * _a6_)) * x) * _a7_);{'d0': {'_a2_': -6.759080004726408, '_a6_': -5.615258984304454, '_a7_': -1.2571393411571372, '_a0_': 1.0, '_a1_': 1.0, '_a3_': 1.0, '_a4_': 1.0, '_a5_': 1.0}};{'d0': 0.026566128281941832};-276.697766348793;32.87218733911257
10491;-105.476695835284;(((_a2_ + (sin((x + _a7_)) * _a6_)) * x) * _a7_);{'d0': {'_a2_': -6.759080004726408, '_a6_': -5.615258984304454, '_a7_': -1.2571393411571372, '_a0_': 1.0, '_a1_': 1.0, '_a3_': 1.0, '_a4_': 1.0, '_a5_': 1.0}};{'d0': 0.026566128281941832};-276.697766348793;32.87218733911257
10492;-105.476695835284;(((_a2_ + (sin((x + _a7_)) * _a6_)) * x) * _a7_);{'d0': {'_a2_': -6.759080004726408, '_a6_': -5.615258984304454, '_a7_': -1.2571393411571372, '_a0_': 1.0, '_a1_': 1.0, '_a3_': 1.0, '_a4_': 1.0, '_a5_': 1.0}};{'d0': 0.026566128281941832};-276.697766348793;32.87218733911257
10493;-105.476695835284;(((_a2_ + (sin((x + _a7_)) * _a6_)) * x) * _a7_);{'d0': {'_a2_': -6.759080004726408, '_a6_': -5.615258984304454, '_a7_': -1.2571393411571372, '_a0_': 1.0, '_a1_': 1.0, '_a3_': 1.0, '_a4_': 1.0, '_a5_': 1.0}};{'d0': 0.026566128281941832};-276.697766348793;32.87218733911257
10494;-105.476695835284;(((_a2_ + (sin((x + _a7_)) * _a6_)) * x) * _a7_);{'d0': {'_a2_': -6.759080004726408, '_a6_': -5.615258984304454, '_a7_': -1.2571393411571372, '_a0_': 1.0, '_a1_': 1.0, '_a3_': 1.0, '_a4_': 1.0, '_a5_': 1.0}};{'d0': 0.026566128281941832};-276.697766348793;32.87218733911257
10495;-105.476695835284;(((_a2_ + (sin((x + _a7_)) * _a6_)) * x) * _a7_);{'d0': {'_a2_': -6.759080004726408, '_a6_': -5.615258984304454, '_a7_': -1.2571393411571372, '_a0_': 1.0, '_a1_': 1.0, '_a3_': 1.0, '_a4_': 1.0, '_a5_': 1.0}};{'d0': 0.026566128281941832};-276.697766348793;32.87218733911257
10496;-105.476695835284;(((_a2_ + (sin((x + _a7_)) * _a6_)) * x) * _a7_);{'d0': {'_a2_': -6.759080004726408, '_a6_': -5.615258984304454, '_a7_': -1.2571393411571372, '_a0_': 1.0, '_a1_': 1.0, '_a3_': 1.0, '_a4_': 1.0, '_a5_': 1.0}};{'d0': 0.026566128281941832};-276.697766348793;32.87218733911257
10497;-105.476695835284;(((_a2_ + (sin((x + _a7_)) * _a6_)) * x) * _a7_);{'d0': {'_a2_': -6.759080004726408, '_a6_': -5.615258984304454, '_a7_': -1.2571393411571372, '_a0_': 1.0, '_a1_': 1.0, '_a3_': 1.0, '_a4_': 1.0, '_a5_': 1.0}};{'d0': 0.026566128281941832};-276.697766348793;32.87218733911257
10498;-101.796748675024;(((_a2_ + (sin((x + _a7_)) * -(_a6_))) * x) * _a7_);{'d0': {'_a2_': -6.759079997732041, '_a6_': 5.615258976518956, '_a7_': -1.2571393412161533, '_a0_': 1.0, '_a1_': 1.0, '_a3_': 1.0, '_a4_': 1.0, '_a5_': 1.0}};{'d0': 0.0265661282819419};-276.697766348793;36.55213449937296
10499;-101.796748675024;(((_a2_ + (sin((x + _a7_)) * -(_a6_))) * x) * _a7_);{'d0': {'_a2_': -6.759079997732041, '_a6_': 5.615258976518956, '_a7_': -1.2571393412161533, '_a0_': 1.0, '_a1_': 1.0, '_a3_': 1.0, '_a4_': 1.0, '_a5_': 1.0}};{'d0': 0.0265661282819419};-276.697766348793;36.55213449937296
10500;-101.796748675024;(((_a2_ + (sin((x + _a7_)) * -(_a6_))) * x) * _a7_);{'d0': {'_a2_': -6.759079997732041, '_a6_': 5.615258976518956, '_a7_': -1.2571393412161533, '_a0_': 1.0, '_a1_': 1.0, '_a3_': 1.0, '_a4_': 1.0, '_a5_': 1.0}};{'d0': 0.0265661282819419};-276.697766348793;36.55213449937296
10501;-101.796748675024;(((_a2_ + (sin((x + _a7_)) * -(_a6_))) * x) * _a7_);{'d0': {'_a2_': -6.759079997732041, '_a6_': 5.615258976518956, '_a7_': -1.2571393412161533, '_a0_': 1.0, '_a1_': 1.0, '_a3_': 1.0, '_a4_': 1.0, '_a5_': 1.0}};{'d0': 0.0265661282819419};-276.697766348793;36.55213449937296
10502;-101.796748675024;(((_a2_ + (sin((x + _a7_)) * -(_a6_))) * x) * _a7_);{'d0': {'_a2_': -6.759079997732041, '_a6_': 5.615258976518956, '_a7_': -1.2571393412161533, '_a0_': 1.0, '_a1_': 1.0, '_a3_': 1.0, '_a4_': 1.0, '_a5_': 1.0}};{'d0': 0.0265661282819419};-276.697766348793;36.55213449937296
10503;-101.796748675024;(((_a2_ + (sin((x + _a7_)) * -(_a6_))) * x) * _a7_);{'d0': {'_a2_': -6.759079997732041, '_a6_': 5.615258976518956, '_a7_': -1.2571393412161533, '_a0_': 1.0, '_a1_': 1.0, '_a3_': 1.0, '_a4_': 1.0, '_a5_': 1.0}};{'d0': 0.0265661282819419};-276.697766348793;36.55213449937296
10504;-105.476695835284;(((_a2_ + (sin((x + _a7_)) * _a6_)) * x) * _a7_);{'d0': {'_a2_': -6.759080004726408, '_a6_': -5.615258984304454, '_a7_': -1.2571393411571372, '_a0_': 1.0, '_a1_': 1.0, '_a3_': 1.0, '_a4_': 1.0, '_a5_': 1.0}};{'d0': 0.026566128281941832};-276.697766348793;32.87218733911257
10505;-105.476695835284;(((_a2_ + (sin((x + _a7_)) * _a6_)) * x) * _a7_);{'d0': {'_a2_': -6.759080004726408, '_a6_': -5.615258984304454, '_a7_': -1.2571393411571372, '_a0_': 1.0, '_a1_': 1.0, '_a3_': 1.0, '_a4_': 1.0, '_a5_': 1.0}};{'d0': 0.026566128281941832};-276.697766348793;32.87218733911257
10506;-105.476695835284;(((_a2_ + (sin((x + _a7_)) * _a6_)) * x) * _a7_);{'d0': {'_a2_': -6.759080004726408, '_a6_': -5.615258984304454, '_a7_': -1.2571393411571372, '_a0_': 1.0, '_a1_': 1.0, '_a3_': 1.0, '_a4_': 1.0, '_a5_': 1.0}};{'d0': 0.026566128281941832};-276.697766348793;32.87218733911257
10507;-105.476695835284;(((_a2_ + (sin((x + _a7_)) * _a6_)) * x) * _a7_);{'d0': {'_a2_': -6.759080004726408, '_a6_': -5.615258984304454, '_a7_': -1.2571393411571372, '_a0_': 1.0, '_a1_': 1.0, '_a3_': 1.0, '_a4_': 1.0, '_a5_': 1.0}};{'d0': 0.026566128281941832};-276.697766348793;32.87218733911257
10508;-105.476695835284;(((_a2_ + (sin((x + _a7_)) * _a6_)) * x) * _a7_);{'d0': {'_a2_': -6.759080004726408, '_a6_': -5.615258984304454, '_a7_': -1.2571393411571372, '_a0_': 1.0, '_a1_': 1.0, '_a3_': 1.0, '_a4_': 1.0, '_a5_': 1.0}};{'d0': 0.026566128281941832};-276.697766348793;32.87218733911257
10509;-105.476695835284;(((_a2_ + (sin((x + _a7_)) * _a6_)) * x) * _a7_);{'d0': {'_a2_': -6.759080004726408, '_a6_': -5.615258984304454, '_a7_': -1.2571393411571372, '_a0_': 1.0, '_a1_': 1.0, '_a3_': 1.0, '_a4_': 1.0, '_a5_': 1.0}};{'d0': 0.026566128281941832};-276.697766348793;32.87218733911257
10510;-105.476695835284;(((_a2_ + (sin((x + _a7_)) * _a6_)) * x) * _a7_);{'d0': {'_a2_': -6.759080004726408, '_a6_': -5.615258984304454, '_a7_': -1.2571393411571372, '_a0_': 1.0, '_a1_': 1.0, '_a3_': 1.0, '_a4_': 1.0, '_a5_': 1.0}};{'d0': 0.026566128281941832};-276.697766348793;32.87218733911257
10511;-105.476695835284;(((_a2_ + (sin((x + _a7_)) * _a6_)) * x) * _a7_);{'d0': {'_a2_': -6.759080004726408, '_a6_': -5.615258984304454, '_a7_': -1.2571393411571372, '_a0_': 1.0, '_a1_': 1.0, '_a3_': 1.0, '_a4_': 1.0, '_a5_': 1.0}};{'d0': 0.026566128281941832};-276.697766348793;32.87218733911257
10512;-105.476695835284;(((_a2_ + (sin((x + _a7_)) * _a6_)) * x) * _a7_);{'d0': {'_a2_': -6.759080004726408, '_a6_': -5.615258984304454, '_a7_': -1.2571393411571372, '_a0_': 1.0, '_a1_': 1.0, '_a3_': 1.0, '_a4_': 1.0, '_a5_': 1.0}};{'d0': 0.026566128281941832};-276.697766348793;32.87218733911257
10513;-105.476695835284;(((_a2_ + (sin((x + _a7_)) * _a6_)) * x) * _a7_);{'d0': {'_a2_': -6.759080004726408, '_a6_': -5.615258984304454, '_a7_': -1.2571393411571372, '_a0_': 1.0, '_a1_': 1.0, '_a3_': 1.0, '_a4_': 1.0, '_a5_': 1.0}};{'d0': 0.026566128281941832};-276.697766348793;32.87218733911257
10514;-105.476695835284;(((_a2_ + (sin((x + _a7_)) * _a6_)) * x) * _a7_);{'d0': {'_a2_': -6.759080004726408, '_a6_': -5.615258984304454, '_a7_': -1.2571393411571372, '_a0_': 1.0, '_a1_': 1.0, '_a3_': 1.0, '_a4_': 1.0, '_a5_': 1.0}};{'d0': 0.026566128281941832};-276.697766348793;32.87218733911257
10515;-105.476695835284;(((_a2_ + (sin((x + _a7_)) * _a6_)) * x) * _a7_);{'d0': {'_a2_': -6.759080004726408, '_a6_': -5.615258984304454, '_a7_': -1.2571393411571372, '_a0_': 1.0, '_a1_': 1.0, '_a3_': 1.0, '_a4_': 1.0, '_a5_': 1.0}};{'d0': 0.026566128281941832};-276.697766348793;32.87218733911257
10516;-105.476695835284;(((_a2_ + (sin((x + _a7_)) * _a6_)) * x) * _a7_);{'d0': {'_a2_': -6.759080004726408, '_a6_': -5.615258984304454, '_a7_': -1.2571393411571372, '_a0_': 1.0, '_a1_': 1.0, '_a3_': 1.0, '_a4_': 1.0, '_a5_': 1.0}};{'d0': 0.026566128281941832};-276.697766348793;32.87218733911257
10517;-105.476695835284;(((_a2_ + (sin((x + _a7_)) * _a6_)) * x) * _a7_);{'d0': {'_a2_': -6.759080004726408, '_a6_': -5.615258984304454, '_a7_': -1.2571393411571372, '_a0_': 1.0, '_a1_': 1.0, '_a3_': 1.0, '_a4_': 1.0, '_a5_': 1.0}};{'d0': 0.026566128281941832};-276.697766348793;32.87218733911257
10518;-105.476695835284;(((_a2_ + (sin((x + _a7_)) * _a6_)) * x) * _a7_);{'d0': {'_a2_': -6.759080004726408, '_a6_': -5.615258984304454, '_a7_': -1.2571393411571372, '_a0_': 1.0, '_a1_': 1.0, '_a3_': 1.0, '_a4_': 1.0, '_a5_': 1.0}};{'d0': 0.026566128281941832};-276.697766348793;32.87218733911257
10519;-105.476695835284;(((_a2_ + (sin((x + _a7_)) * _a6_)) * x) * _a7_);{'d0': {'_a2_': -6.759080004726408, '_a6_': -5.615258984304454, '_a7_': -1.2571393411571372, '_a0_': 1.0, '_a1_': 1.0, '_a3_': 1.0, '_a4_': 1.0, '_a5_': 1.0}};{'d0': 0.026566128281941832};-276.697766348793;32.87218733911257
10520;-105.476695835284;(((_a2_ + (sin((x + _a7_)) * _a6_)) * x) * _a7_);{'d0': {'_a2_': -6.759080004726408, '_a6_': -5.615258984304454, '_a7_': -1.2571393411571372, '_a0_': 1.0, '_a1_': 1.0, '_a3_': 1.0, '_a4_': 1.0, '_a5_': 1.0}};{'d0': 0.026566128281941832};-276.697766348793;32.87218733911257
10521;-105.476695835284;(((_a2_ + (sin((x + _a7_)) * _a6_)) * x) * _a7_);{'d0': {'_a2_': -6.759080004726408, '_a6_': -5.615258984304454, '_a7_': -1.2571393411571372, '_a0_': 1.0, '_a1_': 1.0, '_a3_': 1.0, '_a4_': 1.0, '_a5_': 1.0}};{'d0': 0.026566128281941832};-276.697766348793;32.87218733911257
10522;-105.476695835284;(((_a2_ + (sin((x + _a7_)) * _a1_)) * x) * _a7_);{'d0': {'_a1_': -5.615258981267917, '_a2_': -6.759080001868222, '_a7_': -1.2571393412203629, '_a0_': 1.0, '_a3_': 1.0, '_a4_': 1.0, '_a5_': 1.0, '_a6_': 1.0}};{'d0': 0.026566128281941884};-276.697766348793;32.87218733911257
10523;-105.476695835284;(((_a2_ + (sin((x + _a7_)) * _a1_)) * x) * _a7_);{'d0': {'_a1_': -5.615258981267917, '_a2_': -6.759080001868222, '_a7_': -1.2571393412203629, '_a0_': 1.0, '_a3_': 1.0, '_a4_': 1.0, '_a5_': 1.0, '_a6_': 1.0}};{'d0': 0.026566128281941884};-276.697766348793;32.87218733911257
10524;-105.476695835284;(((_a2_ + (sin((x + _a7_)) * _a1_)) * x) * _a7_);{'d0': {'_a1_': -5.615258981267917, '_a2_': -6.759080001868222, '_a7_': -1.2571393412203629, '_a0_': 1.0, '_a3_': 1.0, '_a4_': 1.0, '_a5_': 1.0, '_a6_': 1.0}};{'d0': 0.026566128281941884};-276.697766348793;32.87218733911257
10525;-92.2176158327268;(x + (((_a1_ * (x * x)) + ((_a6_ * x) + (_a6_ + _a5_))) * (_a6_ * x)));{'d0': {'_a1_': 2.326519981272901, '_a5_': -0.9173687722552554, '_a6_': 1.4514213957636617, '_a0_': 1.0, '_a2_': 1.0, '_a3_': 1.0, '_a4_': 1.0, '_a7_': 1.0}};{'d0': 0.02490583291941661};-280.569866449044;48.06731739179504
10526;-105.476695835284;(((_a2_ + (sin((x + _a7_)) * _a1_)) * x) * _a7_);{'d0': {'_a1_': -5.615258981267917, '_a2_': -6.759080001868222, '_a7_': -1.2571393412203629, '_a0_': 1.0, '_a3_': 1.0, '_a4_': 1.0, '_a5_': 1.0, '_a6_': 1.0}};{'d0': 0.026566128281941884};-276.697766348793;32.87218733911257
10527;-105.476695835284;(((_a2_ + (sin((x + _a7_)) * _a1_)) * x) * _a7_);{'d0': {'_a1_': -5.615258981267917, '_a2_': -6.759080001868222, '_a7_': -1.2571393412203629, '_a0_': 1.0, '_a3_': 1.0, '_a4_': 1.0, '_a5_': 1.0, '_a6_': 1.0}};{'d0': 0.026566128281941884};-276.697766348793;32.87218733911257
10528;-105.476695835284;(((_a2_ + (sin((x + _a7_)) * _a1_)) * x) * _a7_);{'d0': {'_a1_': -5.615258981267917, '_a2_': -6.759080001868222, '_a7_': -1.2571393412203629, '_a0_': 1.0, '_a3_': 1.0, '_a4_': 1.0, '_a5_': 1.0, '_a6_': 1.0}};{'d0': 0.026566128281941884};-276.697766348793;32.87218733911257
10529;-105.476695835284;(((_a2_ + (sin((x + _a7_)) * _a1_)) * x) * _a7_);{'d0': {'_a1_': -5.615258981267917, '_a2_': -6.759080001868222, '_a7_': -1.2571393412203629, '_a0_': 1.0, '_a3_': 1.0, '_a4_': 1.0, '_a5_': 1.0, '_a6_': 1.0}};{'d0': 0.026566128281941884};-276.697766348793;32.87218733911257
10530;-105.476695835284;(((_a2_ + (sin((x + _a7_)) * _a1_)) * x) * _a7_);{'d0': {'_a1_': -5.615258981267917, '_a2_': -6.759080001868222, '_a7_': -1.2571393412203629, '_a0_': 1.0, '_a3_': 1.0, '_a4_': 1.0, '_a5_': 1.0, '_a6_': 1.0}};{'d0': 0.026566128281941884};-276.697766348793;32.87218733911257
10531;-105.476695835284;(((_a2_ + (sin((x + _a7_)) * _a1_)) * x) * _a7_);{'d0': {'_a1_': -5.615258981267917, '_a2_': -6.759080001868222, '_a7_': -1.2571393412203629, '_a0_': 1.0, '_a3_': 1.0, '_a4_': 1.0, '_a5_': 1.0, '_a6_': 1.0}};{'d0': 0.026566128281941884};-276.697766348793;32.87218733911257
10532;-105.476695835284;(((_a2_ + (sin((x + _a7_)) * _a1_)) * x) * _a7_);{'d0': {'_a1_': -5.615258981267917, '_a2_': -6.759080001868222, '_a7_': -1.2571393412203629, '_a0_': 1.0, '_a3_': 1.0, '_a4_': 1.0, '_a5_': 1.0, '_a6_': 1.0}};{'d0': 0.026566128281941884};-276.697766348793;32.87218733911257
10533;-105.476695835284;(((_a2_ + (sin((x + _a7_)) * _a1_)) * x) * _a7_);{'d0': {'_a1_': -5.615258981267917, '_a2_': -6.759080001868222, '_a7_': -1.2571393412203629, '_a0_': 1.0, '_a3_': 1.0, '_a4_': 1.0, '_a5_': 1.0, '_a6_': 1.0}};{'d0': 0.026566128281941884};-276.697766348793;32.87218733911257
10534;-105.476695835284;(((_a2_ + (sin((x + _a7_)) * _a1_)) * x) * _a7_);{'d0': {'_a1_': -5.615258981267917, '_a2_': -6.759080001868222, '_a7_': -1.2571393412203629, '_a0_': 1.0, '_a3_': 1.0, '_a4_': 1.0, '_a5_': 1.0, '_a6_': 1.0}};{'d0': 0.026566128281941884};-276.697766348793;32.87218733911257
10535;-105.476695835284;(((_a2_ + (sin((x + _a7_)) * _a1_)) * x) * _a7_);{'d0': {'_a1_': -5.615258981267917, '_a2_': -6.759080001868222, '_a7_': -1.2571393412203629, '_a0_': 1.0, '_a3_': 1.0, '_a4_': 1.0, '_a5_': 1.0, '_a6_': 1.0}};{'d0': 0.026566128281941884};-276.697766348793;32.87218733911257
10536;-98.7190323238552;(x * ((_a0_ ** pow2(_a1_)) * ((((_a0_ * _a6_) + x) * x) + _a1_)));{'d0': {'_a0_': 81.73693660921938, '_a1_': 0.5256917628330067, '_a6_': 0.007632527474489406, '_a2_': 1.0, '_a3_': 1.0, '_a4_': 1.0, '_a5_': 1.0, '_a7_': 1.0}};{'d0': 0.024905832919417076};-280.569866449042;41.56590090066593
10537;-98.7190323238552;(x * ((_a0_ ** pow2(_a1_)) * ((((_a0_ * _a6_) + x) * x) + _a1_)));{'d0': {'_a0_': 81.73693660921938, '_a1_': 0.5256917628330067, '_a6_': 0.007632527474489406, '_a2_': 1.0, '_a3_': 1.0, '_a4_': 1.0, '_a5_': 1.0, '_a7_': 1.0}};{'d0': 0.024905832919417076};-280.569866449042;41.56590090066593
10538;-98.7190323238552;(x * ((_a0_ ** pow2(_a1_)) * ((((_a0_ * _a6_) + x) * x) + _a1_)));{'d0': {'_a0_': 81.73693660921938, '_a1_': 0.5256917628330067, '_a6_': 0.007632527474489406, '_a2_': 1.0, '_a3_': 1.0, '_a4_': 1.0, '_a5_': 1.0, '_a7_': 1.0}};{'d0': 0.024905832919417076};-280.569866449042;41.56590090066593
10539;-98.7190323238552;(x * ((_a0_ ** pow2(_a1_)) * ((((_a0_ * _a6_) + x) * x) + _a1_)));{'d0': {'_a0_': 81.73693660921938, '_a1_': 0.5256917628330067, '_a6_': 0.007632527474489406, '_a2_': 1.0, '_a3_': 1.0, '_a4_': 1.0, '_a5_': 1.0, '_a7_': 1.0}};{'d0': 0.024905832919417076};-280.569866449042;41.56590090066593
10540;-98.7190323238552;(x * ((_a0_ ** pow2(_a1_)) * ((((_a0_ * _a6_) + x) * x) + _a1_)));{'d0': {'_a0_': 81.73693660921938, '_a1_': 0.5256917628330067, '_a6_': 0.007632527474489406, '_a2_': 1.0, '_a3_': 1.0, '_a4_': 1.0, '_a5_': 1.0, '_a7_': 1.0}};{'d0': 0.024905832919417076};-280.569866449042;41.56590090066593
10541;-98.7190323238552;(x * ((_a0_ ** pow2(_a1_)) * ((((_a0_ * _a6_) + x) * x) + _a1_)));{'d0': {'_a0_': 81.73693660921938, '_a1_': 0.5256917628330067, '_a6_': 0.007632527474489406, '_a2_': 1.0, '_a3_': 1.0, '_a4_': 1.0, '_a5_': 1.0, '_a7_': 1.0}};{'d0': 0.024905832919417076};-280.569866449042;41.56590090066593
10542;-98.7190323238552;(x * ((_a0_ ** pow2(_a1_)) * ((((_a0_ * _a6_) + x) * x) + _a1_)));{'d0': {'_a0_': 81.73693660921938, '_a1_': 0.5256917628330067, '_a6_': 0.007632527474489406, '_a2_': 1.0, '_a3_': 1.0, '_a4_': 1.0, '_a5_': 1.0, '_a7_': 1.0}};{'d0': 0.024905832919417076};-280.569866449042;41.56590090066593
10543;-99.5822889035534;(x * ((_a0_ / pow2(_a1_)) * ((((_a0_ * _a6_) + x) * x) + _a1_)));{'d0': {'_a0_': 0.9331740740292572, '_a1_': 0.5256917706388052, '_a6_': 0.6685348779434309, '_a2_': 1.0, '_a3_': 1.0, '_a4_': 1.0, '_a5_': 1.0, '_a7_': 1.0}};{'d0': 0.02490583291941663};-280.569866449044;40.70264432096833
10544;-99.5822889035534;(x * ((_a0_ / pow2(_a1_)) * ((((_a0_ * _a6_) + x) * x) + _a1_)));{'d0': {'_a0_': 0.9331740740292572, '_a1_': 0.5256917706388052, '_a6_': 0.6685348779434309, '_a2_': 1.0, '_a3_': 1.0, '_a4_': 1.0, '_a5_': 1.0, '_a7_': 1.0}};{'d0': 0.02490583291941663};-280.569866449044;40.70264432096833
10545;-99.5822889035534;(x * ((_a0_ / pow2(_a1_)) * ((((_a0_ * _a6_) + x) * x) + _a1_)));{'d0': {'_a0_': 0.9331740740292572, '_a1_': 0.5256917706388052, '_a6_': 0.6685348779434309, '_a2_': 1.0, '_a3_': 1.0, '_a4_': 1.0, '_a5_': 1.0, '_a7_': 1.0}};{'d0': 0.02490583291941663};-280.569866449044;40.70264432096833
10546;-99.5822889035534;(x * ((_a0_ / pow2(_a1_)) * ((((_a0_ * _a6_) + x) * x) + _a6_)));{'d0': {'_a0_': 1.1867399320683296, '_a1_': 0.5928265208318115, '_a6_': 0.5256917702236423, '_a2_': 1.0, '_a3_': 1.0, '_a4_': 1.0, '_a5_': 1.0, '_a7_': 1.0}};{'d0': 0.024905832919416636};-280.569866449044;40.70264432096833
10547;-99.5822889035534;(x * ((_a0_ / pow2(_a1_)) * ((((_a0_ * _a6_) + x) * x) + _a6_)));{'d0': {'_a0_': 1.1867399320683296, '_a1_': 0.5928265208318115, '_a6_': 0.5256917702236423, '_a2_': 1.0, '_a3_': 1.0, '_a4_': 1.0, '_a5_': 1.0, '_a7_': 1.0}};{'d0': 0.024905832919416636};-280.569866449044;40.70264432096833
10548;-99.5822889035534;(x * ((_a0_ / pow2(_a1_)) * ((((_a0_ * _a6_) + x) * x) + _a6_)));{'d0': {'_a0_': 1.1867399320683296, '_a1_': 0.5928265208318115, '_a6_': 0.5256917702236423, '_a2_': 1.0, '_a3_': 1.0, '_a4_': 1.0, '_a5_': 1.0, '_a7_': 1.0}};{'d0': 0.024905832919416636};-280.569866449044;40.70264432096833
10549;-99.5822889035534;(x * ((_a0_ / pow2(_a1_)) * ((((_a0_ * _a6_) + x) * x) + _a6_)));{'d0': {'_a0_': 1.1867399320683296, '_a1_': 0.5928265208318115, '_a6_': 0.5256917702236423, '_a2_': 1.0, '_a3_': 1.0, '_a4_': 1.0, '_a5_': 1.0, '_a7_': 1.0}};{'d0': 0.024905832919416636};-280.569866449044;40.70264432096833
10550;-99.5822889035534;(x * ((_a0_ / pow2(_a1_)) * ((((_a0_ * _a6_) + x) * x) + _a6_)));{'d0': {'_a0_': 1.1867399320683296, '_a1_': 0.5928265208318115, '_a6_': 0.5256917702236423, '_a2_': 1.0, '_a3_': 1.0, '_a4_': 1.0, '_a5_': 1.0, '_a7_': 1.0}};{'d0': 0.024905832919416636};-280.569866449044;40.70264432096833
10551;-99.5822889035534;(x * ((_a0_ / pow2(_a1_)) * ((((_a0_ * _a6_) + x) * x) + _a6_)));{'d0': {'_a0_': 1.1867399320683296, '_a1_': 0.5928265208318115, '_a6_': 0.5256917702236423, '_a2_': 1.0, '_a3_': 1.0, '_a4_': 1.0, '_a5_': 1.0, '_a7_': 1.0}};{'d0': 0.024905832919416636};-280.569866449044;40.70264432096833
10552;-99.5822889035534;(x * ((_a0_ / pow2(_a1_)) * ((((_a1_ * _a6_) + x) * x) + _a6_)));{'d0': {'_a0_': 4.755666793363654, '_a1_': 1.1867399304023636, '_a6_': 0.5256917709065736, '_a2_': 1.0, '_a3_': 1.0, '_a4_': 1.0, '_a5_': 1.0, '_a7_': 1.0}};{'d0': 0.024905832919416584};-280.569866449044;40.70264432096833
10553;-99.5822889035534;(x * ((_a0_ / pow2(_a1_)) * ((((_a1_ * _a6_) + x) * x) + _a6_)));{'d0': {'_a0_': 4.755666793363654, '_a1_': 1.1867399304023636, '_a6_': 0.5256917709065736, '_a2_': 1.0, '_a3_': 1.0, '_a4_': 1.0, '_a5_': 1.0, '_a7_': 1.0}};{'d0': 0.024905832919416584};-280.569866449044;40.70264432096833
10554;-99.5822889035534;(x * ((_a0_ / pow2(_a1_)) * ((((_a1_ * _a6_) + x) * x) + _a6_)));{'d0': {'_a0_': 4.755666793363654, '_a1_': 1.1867399304023636, '_a6_': 0.5256917709065736, '_a2_': 1.0, '_a3_': 1.0, '_a4_': 1.0, '_a5_': 1.0, '_a7_': 1.0}};{'d0': 0.024905832919416584};-280.569866449044;40.70264432096833
10555;-99.5822889035534;(x * ((_a0_ / pow2(_a1_)) * ((((_a1_ * _a6_) + x) * x) + _a6_)));{'d0': {'_a0_': 4.755666793363654, '_a1_': 1.1867399304023636, '_a6_': 0.5256917709065736, '_a2_': 1.0, '_a3_': 1.0, '_a4_': 1.0, '_a5_': 1.0, '_a7_': 1.0}};{'d0': 0.024905832919416584};-280.569866449044;40.70264432096833
10556;-99.5822889035534;(x * ((_a0_ / pow2(_a1_)) * ((((_a1_ * _a6_) + x) * x) + _a6_)));{'d0': {'_a0_': 4.755666793363654, '_a1_': 1.1867399304023636, '_a6_': 0.5256917709065736, '_a2_': 1.0, '_a3_': 1.0, '_a4_': 1.0, '_a5_': 1.0, '_a7_': 1.0}};{'d0': 0.024905832919416584};-280.569866449044;40.70264432096833
10557;-99.5822889035534;(x * ((_a0_ / pow2(_a1_)) * ((((_a1_ * _a6_) + x) * x) + _a6_)));{'d0': {'_a0_': 4.755666793363654, '_a1_': 1.1867399304023636, '_a6_': 0.5256917709065736, '_a2_': 1.0, '_a3_': 1.0, '_a4_': 1.0, '_a5_': 1.0, '_a7_': 1.0}};{'d0': 0.024905832919416584};-280.569866449044;40.70264432096833
10558;-99.5822889035534;(x * ((_a0_ / pow2(_a1_)) * ((((_a1_ * _a6_) + x) * x) + _a6_)));{'d0': {'_a0_': 4.755666793363654, '_a1_': 1.1867399304023636, '_a6_': 0.5256917709065736, '_a2_': 1.0, '_a3_': 1.0, '_a4_': 1.0, '_a5_': 1.0, '_a7_': 1.0}};{'d0': 0.024905832919416584};-280.569866449044;40.70264432096833
10559;-99.5822889035534;(x * ((_a0_ / pow2(_a1_)) * ((((_a1_ * _a6_) + x) * x) + _a6_)));{'d0': {'_a0_': 4.755666793363654, '_a1_': 1.1867399304023636, '_a6_': 0.5256917709065736, '_a2_': 1.0, '_a3_': 1.0, '_a4_': 1.0, '_a5_': 1.0, '_a7_': 1.0}};{'d0': 0.024905832919416584};-280.569866449044;40.70264432096833
10560;-99.5822889035534;(x * ((_a0_ / pow2(_a1_)) * ((((_a1_ * _a6_) + x) * x) + _a6_)));{'d0': {'_a0_': 4.755666793363654, '_a1_': 1.1867399304023636, '_a6_': 0.5256917709065736, '_a2_': 1.0, '_a3_': 1.0, '_a4_': 1.0, '_a5_': 1.0, '_a7_': 1.0}};{'d0': 0.024905832919416584};-280.569866449044;40.70264432096833
10561;-99.5822889035534;(x * ((_a0_ / pow2(_a1_)) * ((((_a1_ * _a6_) + x) * x) + _a6_)));{'d0': {'_a0_': 4.755666793363654, '_a1_': 1.1867399304023636, '_a6_': 0.5256917709065736, '_a2_': 1.0, '_a3_': 1.0, '_a4_': 1.0, '_a5_': 1.0, '_a7_': 1.0}};{'d0': 0.024905832919416584};-280.569866449044;40.70264432096833
10562;-99.5822889035534;(x * ((_a0_ / pow2(_a1_)) * ((((_a1_ * _a6_) + x) * x) + _a6_)));{'d0': {'_a0_': 4.755666793363654, '_a1_': 1.1867399304023636, '_a6_': 0.5256917709065736, '_a2_': 1.0, '_a3_': 1.0, '_a4_': 1.0, '_a5_': 1.0, '_a7_': 1.0}};{'d0': 0.024905832919416584};-280.569866449044;40.70264432096833
10563;-99.5822889035534;(x * ((_a0_ / pow2(_a1_)) * ((((_a1_ * _a6_) + x) * x) + _a6_)));{'d0': {'_a0_': 4.755666793363654, '_a1_': 1.1867399304023636, '_a6_': 0.5256917709065736, '_a2_': 1.0, '_a3_': 1.0, '_a4_': 1.0, '_a5_': 1.0, '_a7_': 1.0}};{'d0': 0.024905832919416584};-280.569866449044;40.70264432096833
10564;-99.5822889035534;(x * ((_a0_ / pow2(_a1_)) * ((((_a1_ * _a6_) + x) * x) + _a6_)));{'d0': {'_a0_': 4.755666793363654, '_a1_': 1.1867399304023636, '_a6_': 0.5256917709065736, '_a2_': 1.0, '_a3_': 1.0, '_a4_': 1.0, '_a5_': 1.0, '_a7_': 1.0}};{'d0': 0.024905832919416584};-280.569866449044;40.70264432096833
10565;-99.5822889035534;(x * ((_a0_ / pow2(_a1_)) * ((((_a1_ * _a6_) + x) * x) + _a6_)));{'d0': {'_a0_': 4.755666793363654, '_a1_': 1.1867399304023636, '_a6_': 0.5256917709065736, '_a2_': 1.0, '_a3_': 1.0, '_a4_': 1.0, '_a5_': 1.0, '_a7_': 1.0}};{'d0': 0.024905832919416584};-280.569866449044;40.70264432096833
10566;-99.5822889035534;(x * ((_a0_ / pow2(_a1_)) * ((((_a1_ * _a6_) + x) * x) + _a6_)));{'d0': {'_a0_': 4.755666793363654, '_a1_': 1.1867399304023636, '_a6_': 0.5256917709065736, '_a2_': 1.0, '_a3_': 1.0, '_a4_': 1.0, '_a5_': 1.0, '_a7_': 1.0}};{'d0': 0.024905832919416584};-280.569866449044;40.70264432096833
10567;-99.5822889035534;(x * ((_a0_ / pow2(_a1_)) * ((((_a1_ * _a6_) + x) * x) + _a6_)));{'d0': {'_a0_': 4.755666793363654, '_a1_': 1.1867399304023636, '_a6_': 0.5256917709065736, '_a2_': 1.0, '_a3_': 1.0, '_a4_': 1.0, '_a5_': 1.0, '_a7_': 1.0}};{'d0': 0.024905832919416584};-280.569866449044;40.70264432096833
10568;-99.5822889035534;(x * ((_a0_ / pow2(_a1_)) * ((((_a1_ * _a6_) + x) * x) + _a6_)));{'d0': {'_a0_': 4.755666793363654, '_a1_': 1.1867399304023636, '_a6_': 0.5256917709065736, '_a2_': 1.0, '_a3_': 1.0, '_a4_': 1.0, '_a5_': 1.0, '_a7_': 1.0}};{'d0': 0.024905832919416584};-280.569866449044;40.70264432096833
10569;-99.5822889035534;(x * ((_a0_ / pow2(_a1_)) * ((((_a1_ * _a6_) + x) * x) + _a6_)));{'d0': {'_a0_': 4.755666793363654, '_a1_': 1.1867399304023636, '_a6_': 0.5256917709065736, '_a2_': 1.0, '_a3_': 1.0, '_a4_': 1.0, '_a5_': 1.0, '_a7_': 1.0}};{'d0': 0.024905832919416584};-280.569866449044;40.70264432096833
10570;-99.5822889035534;(x * ((_a0_ / pow2(_a1_)) * ((((_a1_ * _a6_) + x) * x) + _a6_)));{'d0': {'_a0_': 4.755666793363654, '_a1_': 1.1867399304023636, '_a6_': 0.5256917709065736, '_a2_': 1.0, '_a3_': 1.0, '_a4_': 1.0, '_a5_': 1.0, '_a7_': 1.0}};{'d0': 0.024905832919416584};-280.569866449044;40.70264432096833
10571;-91.4746685356569;(x + ((((_a6_ ** _a4_) * (x * x)) + ((_a6_ * x) + _a5_)) * (_a6_ * x)));{'d0': {'_a4_': 2.2665109492246627, '_a5_': 0.5340526239125578, '_a6_': 1.4514213960833287, '_a0_': 1.0, '_a1_': 1.0, '_a2_': 1.0, '_a3_': 1.0, '_a7_': 1.0}};{'d0': 0.02490583291941657};-280.569866449044;48.81026468886504
10572;-99.5822889035534;(x * ((_a0_ / pow2(_a1_)) * ((((_a1_ * _a6_) + x) * x) + _a6_)));{'d0': {'_a0_': 4.755666793363654, '_a1_': 1.1867399304023636, '_a6_': 0.5256917709065736, '_a2_': 1.0, '_a3_': 1.0, '_a4_': 1.0, '_a5_': 1.0, '_a7_': 1.0}};{'d0': 0.024905832919416584};-280.569866449044;40.70264432096833
10573;-99.5822889035534;(x * ((_a0_ / pow2(_a1_)) * ((((_a1_ * _a6_) + x) * x) + _a6_)));{'d0': {'_a0_': 4.755666793363654, '_a1_': 1.1867399304023636, '_a6_': 0.5256917709065736, '_a2_': 1.0, '_a3_': 1.0, '_a4_': 1.0, '_a5_': 1.0, '_a7_': 1.0}};{'d0': 0.024905832919416584};-280.569866449044;40.70264432096833
10574;-99.5822889035534;(x * ((_a0_ / pow2(_a1_)) * ((((_a1_ * _a6_) + x) * x) + _a6_)));{'d0': {'_a0_': 4.755666793363654, '_a1_': 1.1867399304023636, '_a6_': 0.5256917709065736, '_a2_': 1.0, '_a3_': 1.0, '_a4_': 1.0, '_a5_': 1.0, '_a7_': 1.0}};{'d0': 0.024905832919416584};-280.569866449044;40.70264432096833
10575;-99.5822889035534;(x * ((_a0_ / pow2(_a1_)) * ((((_a1_ * _a6_) + x) * x) + _a6_)));{'d0': {'_a0_': 4.755666793363654, '_a1_': 1.1867399304023636, '_a6_': 0.5256917709065736, '_a2_': 1.0, '_a3_': 1.0, '_a4_': 1.0, '_a5_': 1.0, '_a7_': 1.0}};{'d0': 0.024905832919416584};-280.569866449044;40.70264432096833
10576;-91.4746685356569;(x + ((((_a6_ ** _a4_) * (x * x)) + ((_a6_ * x) + _a5_)) * (_a6_ * x)));{'d0': {'_a4_': 2.2665109492246627, '_a5_': 0.5340526239125578, '_a6_': 1.4514213960833287, '_a0_': 1.0, '_a1_': 1.0, '_a2_': 1.0, '_a3_': 1.0, '_a7_': 1.0}};{'d0': 0.02490583291941657};-280.569866449044;48.81026468886504
10577;-91.4746685356569;(x + ((((_a6_ ** _a4_) * (x * x)) + ((_a6_ * x) + _a5_)) * (_a6_ * x)));{'d0': {'_a4_': 2.2665109492246627, '_a5_': 0.5340526239125578, '_a6_': 1.4514213960833287, '_a0_': 1.0, '_a1_': 1.0, '_a2_': 1.0, '_a3_': 1.0, '_a7_': 1.0}};{'d0': 0.02490583291941657};-280.569866449044;48.81026468886504
10578;-91.4746685356569;(x + ((((_a6_ ** _a4_) * (x * x)) + ((_a6_ * x) + _a5_)) * (_a6_ * x)));{'d0': {'_a4_': 2.2665109492246627, '_a5_': 0.5340526239125578, '_a6_': 1.4514213960833287, '_a0_': 1.0, '_a1_': 1.0, '_a2_': 1.0, '_a3_': 1.0, '_a7_': 1.0}};{'d0': 0.02490583291941657};-280.569866449044;48.81026468886504
10579;-91.4746685356569;(x + ((((_a6_ ** _a4_) * (x * x)) + ((_a6_ * x) + _a5_)) * (_a6_ * x)));{'d0': {'_a4_': 2.2665109492246627, '_a5_': 0.5340526239125578, '_a6_': 1.4514213960833287, '_a0_': 1.0, '_a1_': 1.0, '_a2_': 1.0, '_a3_': 1.0, '_a7_': 1.0}};{'d0': 0.02490583291941657};-280.569866449044;48.81026468886504
10580;-93.0441623836558;(x + ((((_a6_ * _a4_) * (x * x)) + ((_a6_ * x) + _a5_)) * (_a6_ * x)));{'d0': {'_a4_': 1.6029252348778247, '_a5_': 0.5340526229974336, '_a6_': 1.4514213958974747, '_a0_': 1.0, '_a1_': 1.0, '_a2_': 1.0, '_a3_': 1.0, '_a7_': 1.0}};{'d0': 0.024905832919416643};-280.569866449044;47.24077084086604
10581;-87.8777505992329;(x + ((((_a6_ * _a4_) * (x * x)) + (((_a5_ * _a6_) * x) + _a5_)) * (_a6_ * x)));{'d0': {'_a4_': 0.4571738406977336, '_a5_': 0.285212205119687, '_a6_': 2.7177497697069994, '_a0_': 1.0, '_a1_': 1.0, '_a2_': 1.0, '_a3_': 1.0, '_a7_': 1.0}};{'d0': 0.0249058329194166};-280.569866449044;52.40718262528904
10582;-87.8777505992329;(x + ((((_a6_ * _a4_) * (x * x)) + (((_a5_ * _a6_) * x) + _a5_)) * (_a6_ * x)));{'d0': {'_a4_': 0.4571738406977336, '_a5_': 0.285212205119687, '_a6_': 2.7177497697069994, '_a0_': 1.0, '_a1_': 1.0, '_a2_': 1.0, '_a3_': 1.0, '_a7_': 1.0}};{'d0': 0.0249058329194166};-280.569866449044;52.40718262528904
10583;-87.8777505992329;(x + ((((_a6_ * _a4_) * (x * x)) + (((_a5_ * _a6_) * x) + _a5_)) * (_a6_ * x)));{'d0': {'_a4_': 0.4571738406977336, '_a5_': 0.285212205119687, '_a6_': 2.7177497697069994, '_a0_': 1.0, '_a1_': 1.0, '_a2_': 1.0, '_a3_': 1.0, '_a7_': 1.0}};{'d0': 0.0249058329194166};-280.569866449044;52.40718262528904
10584;-87.8777505992329;(x + ((((_a6_ * _a4_) * (x * x)) + (((_a5_ * _a6_) * x) + _a5_)) * (_a6_ * x)));{'d0': {'_a4_': 0.4571738406977336, '_a5_': 0.285212205119687, '_a6_': 2.7177497697069994, '_a0_': 1.0, '_a1_': 1.0, '_a2_': 1.0, '_a3_': 1.0, '_a7_': 1.0}};{'d0': 0.0249058329194166};-280.569866449044;52.40718262528904
10585;-87.8777505992329;(x + ((((_a6_ * _a4_) * (x * x)) + (((_a5_ * _a6_) * x) + _a5_)) * (_a6_ * x)));{'d0': {'_a4_': 0.4571738406977336, '_a5_': 0.285212205119687, '_a6_': 2.7177497697069994, '_a0_': 1.0, '_a1_': 1.0, '_a2_': 1.0, '_a3_': 1.0, '_a7_': 1.0}};{'d0': 0.0249058329194166};-280.569866449044;52.40718262528904
10586;-87.8777505992329;(x + ((((_a6_ * _a4_) * (x * x)) + (((_a5_ * _a6_) * x) + _a5_)) * (_a6_ * x)));{'d0': {'_a4_': 0.4571738406977336, '_a5_': 0.285212205119687, '_a6_': 2.7177497697069994, '_a0_': 1.0, '_a1_': 1.0, '_a2_': 1.0, '_a3_': 1.0, '_a7_': 1.0}};{'d0': 0.0249058329194166};-280.569866449044;52.40718262528904
10587;-87.8777505992329;(x + ((((_a6_ * _a4_) * (x * x)) + (((_a5_ * _a6_) * x) + _a5_)) * (_a6_ * x)));{'d0': {'_a4_': 0.4571738406977336, '_a5_': 0.285212205119687, '_a6_': 2.7177497697069994, '_a0_': 1.0, '_a1_': 1.0, '_a2_': 1.0, '_a3_': 1.0, '_a7_': 1.0}};{'d0': 0.0249058329194166};-280.569866449044;52.40718262528904
10588;-87.8777505992329;(x + ((((_a6_ * _a4_) * (x * x)) + (((_a5_ * _a6_) * x) + _a5_)) * (_a6_ * x)));{'d0': {'_a4_': 0.4571738406977336, '_a5_': 0.285212205119687, '_a6_': 2.7177497697069994, '_a0_': 1.0, '_a1_': 1.0, '_a2_': 1.0, '_a3_': 1.0, '_a7_': 1.0}};{'d0': 0.0249058329194166};-280.569866449044;52.40718262528904
10589;-87.8777505992329;(x + ((((_a6_ * _a4_) * (x * x)) + (((_a5_ * _a6_) * x) + _a5_)) * (_a6_ * x)));{'d0': {'_a4_': 0.4571738406977336, '_a5_': 0.285212205119687, '_a6_': 2.7177497697069994, '_a0_': 1.0, '_a1_': 1.0, '_a2_': 1.0, '_a3_': 1.0, '_a7_': 1.0}};{'d0': 0.0249058329194166};-280.569866449044;52.40718262528904
10590;-87.8777505992329;(x + ((((_a6_ * _a4_) * (x * x)) + (((_a5_ * _a6_) * x) + _a5_)) * (_a6_ * x)));{'d0': {'_a4_': 0.4571738406977336, '_a5_': 0.285212205119687, '_a6_': 2.7177497697069994, '_a0_': 1.0, '_a1_': 1.0, '_a2_': 1.0, '_a3_': 1.0, '_a7_': 1.0}};{'d0': 0.0249058329194166};-280.569866449044;52.40718262528904
10591;-87.8777505992329;(x + ((((_a6_ * _a4_) * (x * x)) + (((_a5_ * _a6_) * x) + _a5_)) * (_a6_ * x)));{'d0': {'_a4_': 0.4571738406977336, '_a5_': 0.285212205119687, '_a6_': 2.7177497697069994, '_a0_': 1.0, '_a1_': 1.0, '_a2_': 1.0, '_a3_': 1.0, '_a7_': 1.0}};{'d0': 0.0249058329194166};-280.569866449044;52.40718262528904
10592;-87.8777505992329;(x + ((((_a6_ * _a4_) * (x * x)) + (((_a5_ * _a6_) * x) + _a5_)) * (_a6_ * x)));{'d0': {'_a4_': 0.4571738406977336, '_a5_': 0.285212205119687, '_a6_': 2.7177497697069994, '_a0_': 1.0, '_a1_': 1.0, '_a2_': 1.0, '_a3_': 1.0, '_a7_': 1.0}};{'d0': 0.0249058329194166};-280.569866449044;52.40718262528904
10593;-87.8777505992329;(x + ((((_a6_ * _a4_) * (x * x)) + (((_a5_ * _a6_) * x) + _a5_)) * (_a6_ * x)));{'d0': {'_a4_': 0.4571738406977336, '_a5_': 0.285212205119687, '_a6_': 2.7177497697069994, '_a0_': 1.0, '_a1_': 1.0, '_a2_': 1.0, '_a3_': 1.0, '_a7_': 1.0}};{'d0': 0.0249058329194166};-280.569866449044;52.40718262528904
10594;-87.8777505992329;(x + ((((_a6_ * _a4_) * (x * x)) + (((_a5_ * _a6_) * x) + _a5_)) * (_a6_ * x)));{'d0': {'_a4_': 0.4571738406977336, '_a5_': 0.285212205119687, '_a6_': 2.7177497697069994, '_a0_': 1.0, '_a1_': 1.0, '_a2_': 1.0, '_a3_': 1.0, '_a7_': 1.0}};{'d0': 0.0249058329194166};-280.569866449044;52.40718262528904
10595;-87.8777505992329;(x + ((((_a6_ * _a4_) * (x * x)) + (((_a5_ * _a6_) * x) + _a5_)) * (_a6_ * x)));{'d0': {'_a4_': 0.4571738406977336, '_a5_': 0.285212205119687, '_a6_': 2.7177497697069994, '_a0_': 1.0, '_a1_': 1.0, '_a2_': 1.0, '_a3_': 1.0, '_a7_': 1.0}};{'d0': 0.0249058329194166};-280.569866449044;52.40718262528904
10596;-87.8777505992329;(x + ((((_a6_ * _a4_) * (x * x)) + (((_a5_ * _a6_) * x) + _a5_)) * (_a6_ * x)));{'d0': {'_a4_': 0.4571738406977336, '_a5_': 0.285212205119687, '_a6_': 2.7177497697069994, '_a0_': 1.0, '_a1_': 1.0, '_a2_': 1.0, '_a3_': 1.0, '_a7_': 1.0}};{'d0': 0.0249058329194166};-280.569866449044;52.40718262528904
10597;-87.8777505992329;(x + ((((_a6_ * _a4_) * (x * x)) + (((_a5_ * _a6_) * x) + _a5_)) * (_a6_ * x)));{'d0': {'_a4_': 0.4571738406977336, '_a5_': 0.285212205119687, '_a6_': 2.7177497697069994, '_a0_': 1.0, '_a1_': 1.0, '_a2_': 1.0, '_a3_': 1.0, '_a7_': 1.0}};{'d0': 0.0249058329194166};-280.569866449044;52.40718262528904
10598;-87.8777505992329;(x + ((((_a6_ * _a4_) * (x * x)) + (((_a5_ * _a6_) * x) + _a5_)) * (_a6_ * x)));{'d0': {'_a4_': 0.4571738406977336, '_a5_': 0.285212205119687, '_a6_': 2.7177497697069994, '_a0_': 1.0, '_a1_': 1.0, '_a2_': 1.0, '_a3_': 1.0, '_a7_': 1.0}};{'d0': 0.0249058329194166};-280.569866449044;52.40718262528904
10599;-87.8777505992329;(x + ((((_a6_ * _a4_) * (x * x)) + (((_a5_ * _a6_) * x) + _a5_)) * (_a6_ * x)));{'d0': {'_a4_': 0.4571738406977336, '_a5_': 0.285212205119687, '_a6_': 2.7177497697069994, '_a0_': 1.0, '_a1_': 1.0, '_a2_': 1.0, '_a3_': 1.0, '_a7_': 1.0}};{'d0': 0.0249058329194166};-280.569866449044;52.40718262528904
10600;-87.8777505992329;(x + ((((_a6_ * _a4_) * (x * x)) + (((_a5_ * _a6_) * x) + _a5_)) * (_a6_ * x)));{'d0': {'_a4_': 0.4571738406977336, '_a5_': 0.285212205119687, '_a6_': 2.7177497697069994, '_a0_': 1.0, '_a1_': 1.0, '_a2_': 1.0, '_a3_': 1.0, '_a7_': 1.0}};{'d0': 0.0249058329194166};-280.569866449044;52.40718262528904
10601;-87.8777505992329;(x + ((((_a6_ * _a4_) * (x * x)) + (((_a5_ * _a6_) * x) + _a5_)) * (_a6_ * x)));{'d0': {'_a4_': 0.4571738406977336, '_a5_': 0.285212205119687, '_a6_': 2.7177497697069994, '_a0_': 1.0, '_a1_': 1.0, '_a2_': 1.0, '_a3_': 1.0, '_a7_': 1.0}};{'d0': 0.0249058329194166};-280.569866449044;52.40718262528904
10602;-87.8777505992329;(x + ((((_a6_ * _a4_) * (x * x)) + (((_a5_ * _a6_) * x) + _a5_)) * (_a6_ * x)));{'d0': {'_a4_': 0.4571738406977336, '_a5_': 0.285212205119687, '_a6_': 2.7177497697069994, '_a0_': 1.0, '_a1_': 1.0, '_a2_': 1.0, '_a3_': 1.0, '_a7_': 1.0}};{'d0': 0.0249058329194166};-280.569866449044;52.40718262528904
10603;-87.8777505992329;(x + ((((_a6_ * _a4_) * (x * x)) + (((_a5_ * _a6_) * x) + _a5_)) * (_a6_ * x)));{'d0': {'_a4_': 0.4571738406977336, '_a5_': 0.285212205119687, '_a6_': 2.7177497697069994, '_a0_': 1.0, '_a1_': 1.0, '_a2_': 1.0, '_a3_': 1.0, '_a7_': 1.0}};{'d0': 0.0249058329194166};-280.569866449044;52.40718262528904
10604;-87.8777505992329;(x + ((((_a6_ * _a4_) * (x * x)) + (((_a5_ * _a6_) * x) + _a5_)) * (_a6_ * x)));{'d0': {'_a4_': 0.4571738406977336, '_a5_': 0.285212205119687, '_a6_': 2.7177497697069994, '_a0_': 1.0, '_a1_': 1.0, '_a2_': 1.0, '_a3_': 1.0, '_a7_': 1.0}};{'d0': 0.0249058329194166};-280.569866449044;52.40718262528904
10605;-87.8777505992329;(x + ((((_a6_ * _a4_) * (x * x)) + (((_a5_ * _a6_) * x) + _a5_)) * (_a6_ * x)));{'d0': {'_a4_': 0.4571738406977336, '_a5_': 0.285212205119687, '_a6_': 2.7177497697069994, '_a0_': 1.0, '_a1_': 1.0, '_a2_': 1.0, '_a3_': 1.0, '_a7_': 1.0}};{'d0': 0.0249058329194166};-280.569866449044;52.40718262528904
10606;-87.8777505992329;(x + ((((_a6_ * _a4_) * (x * x)) + (((_a5_ * _a6_) * x) + _a5_)) * (_a6_ * x)));{'d0': {'_a4_': 0.4571738406977336, '_a5_': 0.285212205119687, '_a6_': 2.7177497697069994, '_a0_': 1.0, '_a1_': 1.0, '_a2_': 1.0, '_a3_': 1.0, '_a7_': 1.0}};{'d0': 0.0249058329194166};-280.569866449044;52.40718262528904
10607;-87.8777505992329;(x + ((((_a6_ * _a4_) * (x * x)) + (((_a5_ * _a6_) * x) + _a5_)) * (_a6_ * x)));{'d0': {'_a4_': 0.4571738406977336, '_a5_': 0.285212205119687, '_a6_': 2.7177497697069994, '_a0_': 1.0, '_a1_': 1.0, '_a2_': 1.0, '_a3_': 1.0, '_a7_': 1.0}};{'d0': 0.0249058329194166};-280.569866449044;52.40718262528904
10608;-87.8777505992329;(x + ((((_a6_ * _a4_) * (x * x)) + (((_a5_ * _a6_) * x) + _a5_)) * (_a6_ * x)));{'d0': {'_a4_': 0.4571738406977336, '_a5_': 0.285212205119687, '_a6_': 2.7177497697069994, '_a0_': 1.0, '_a1_': 1.0, '_a2_': 1.0, '_a3_': 1.0, '_a7_': 1.0}};{'d0': 0.0249058329194166};-280.569866449044;52.40718262528904
10609;-87.8777505992329;(x + ((((_a6_ * _a4_) * (x * x)) + (((_a5_ * _a6_) * x) + _a5_)) * (_a6_ * x)));{'d0': {'_a4_': 0.4571738406977336, '_a5_': 0.285212205119687, '_a6_': 2.7177497697069994, '_a0_': 1.0, '_a1_': 1.0, '_a2_': 1.0, '_a3_': 1.0, '_a7_': 1.0}};{'d0': 0.0249058329194166};-280.569866449044;52.40718262528904
10610;-87.8777505992329;(x + ((((_a6_ * _a4_) * (x * x)) + (((_a5_ * _a6_) * x) + _a5_)) * (_a6_ * x)));{'d0': {'_a4_': 0.4571738406977336, '_a5_': 0.285212205119687, '_a6_': 2.7177497697069994, '_a0_': 1.0, '_a1_': 1.0, '_a2_': 1.0, '_a3_': 1.0, '_a7_': 1.0}};{'d0': 0.0249058329194166};-280.569866449044;52.40718262528904
10611;-87.8777505992329;(x + ((((_a6_ * _a4_) * (x * x)) + (((_a5_ * _a6_) * x) + _a5_)) * (_a6_ * x)));{'d0': {'_a4_': 0.4571738406977336, '_a5_': 0.285212205119687, '_a6_': 2.7177497697069994, '_a0_': 1.0, '_a1_': 1.0, '_a2_': 1.0, '_a3_': 1.0, '_a7_': 1.0}};{'d0': 0.0249058329194166};-280.569866449044;52.40718262528904
10612;-87.8777505992329;(x + ((((_a6_ * _a4_) * (x * x)) + (((_a5_ * _a6_) * x) + _a5_)) * (_a6_ * x)));{'d0': {'_a4_': 0.4571738406977336, '_a5_': 0.285212205119687, '_a6_': 2.7177497697069994, '_a0_': 1.0, '_a1_': 1.0, '_a2_': 1.0, '_a3_': 1.0, '_a7_': 1.0}};{'d0': 0.0249058329194166};-280.569866449044;52.40718262528904
10613;-87.8777505992329;(x + ((((_a6_ * _a4_) * (x * x)) + (((_a5_ * _a6_) * x) + _a5_)) * (_a6_ * x)));{'d0': {'_a4_': 0.4571738406977336, '_a5_': 0.285212205119687, '_a6_': 2.7177497697069994, '_a0_': 1.0, '_a1_': 1.0, '_a2_': 1.0, '_a3_': 1.0, '_a7_': 1.0}};{'d0': 0.0249058329194166};-280.569866449044;52.40718262528904
10614;-87.8777505992329;(x + ((((_a6_ * _a4_) * (x * x)) + (((_a5_ * _a6_) * x) + _a5_)) * (_a6_ * x)));{'d0': {'_a4_': 0.4571738406977336, '_a5_': 0.285212205119687, '_a6_': 2.7177497697069994, '_a0_': 1.0, '_a1_': 1.0, '_a2_': 1.0, '_a3_': 1.0, '_a7_': 1.0}};{'d0': 0.0249058329194166};-280.569866449044;52.40718262528904
10615;-87.8777505992329;(x + ((((_a6_ * _a4_) * (x * x)) + (((_a5_ * _a6_) * x) + _a5_)) * (_a6_ * x)));{'d0': {'_a4_': 0.4571738406977336, '_a5_': 0.285212205119687, '_a6_': 2.7177497697069994, '_a0_': 1.0, '_a1_': 1.0, '_a2_': 1.0, '_a3_': 1.0, '_a7_': 1.0}};{'d0': 0.0249058329194166};-280.569866449044;52.40718262528904
10616;-93.0441623836558;(x + (((_a1_ * (x * x)) + (((_a5_ * _a6_) * x) + _a5_)) * (_a6_ * x)));{'d0': {'_a1_': 1.2424841000245546, '_a5_': 0.2852122047676079, '_a6_': 2.717749770849487, '_a0_': 1.0, '_a2_': 1.0, '_a3_': 1.0, '_a4_': 1.0, '_a7_': 1.0}};{'d0': 0.02490583291941661};-280.569866449044;47.24077084086604
10617;-93.0441623836558;(x + (((_a1_ * (x * x)) + (((_a5_ * _a6_) * x) + _a5_)) * (_a6_ * x)));{'d0': {'_a1_': 1.2424841000245546, '_a5_': 0.2852122047676079, '_a6_': 2.717749770849487, '_a0_': 1.0, '_a2_': 1.0, '_a3_': 1.0, '_a4_': 1.0, '_a7_': 1.0}};{'d0': 0.02490583291941661};-280.569866449044;47.24077084086604
10618;-103.663504714424;(x * (_a7_ + pow2(((x + _a3_) / pow2((_a6_ * _a2_))))));{'d0': {'_a2_': 0.7376917441474997, '_a3_': 0.31192970780737656, '_a6_': 1.0, '_a7_': 1.4465760894206694, '_a0_': 1.0, '_a1_': 1.0, '_a4_': 1.0, '_a5_': 1.0}};{'d0': 0.0249058329194167};-276.475521886821;34.57425622898635
10619;-103.663504714424;(x * (_a7_ + pow2(((x + _a3_) / pow2((_a6_ * _a2_))))));{'d0': {'_a2_': 0.7376917441474997, '_a3_': 0.31192970780737656, '_a6_': 1.0, '_a7_': 1.4465760894206694, '_a0_': 1.0, '_a1_': 1.0, '_a4_': 1.0, '_a5_': 1.0}};{'d0': 0.0249058329194167};-276.475521886821;34.57425622898635
10620;-103.663504714424;(x * (_a7_ + pow2(((x + _a3_) / pow2((_a6_ * _a2_))))));{'d0': {'_a2_': 0.7376917441474997, '_a3_': 0.31192970780737656, '_a6_': 1.0, '_a7_': 1.4465760894206694, '_a0_': 1.0, '_a1_': 1.0, '_a4_': 1.0, '_a5_': 1.0}};{'d0': 0.0249058329194167};-276.475521886821;34.57425622898635
10621;-103.663504714424;(x * (_a7_ + pow2(((x + _a3_) / pow2((_a6_ * _a2_))))));{'d0': {'_a2_': 0.7376917441474997, '_a3_': 0.31192970780737656, '_a6_': 1.0, '_a7_': 1.4465760894206694, '_a0_': 1.0, '_a1_': 1.0, '_a4_': 1.0, '_a5_': 1.0}};{'d0': 0.0249058329194167};-276.475521886821;34.57425622898635
10622;-103.663504714424;(x * (_a7_ + pow2(((x + _a3_) / pow2((_a6_ * _a2_))))));{'d0': {'_a2_': 0.7376917441474997, '_a3_': 0.31192970780737656, '_a6_': 1.0, '_a7_': 1.4465760894206694, '_a0_': 1.0, '_a1_': 1.0, '_a4_': 1.0, '_a5_': 1.0}};{'d0': 0.0249058329194167};-276.475521886821;34.57425622898635
10623;-103.663504714424;(x * (_a7_ + pow2(((x + _a3_) / pow2((_a6_ * _a2_))))));{'d0': {'_a2_': 0.7376917441474997, '_a3_': 0.31192970780737656, '_a6_': 1.0, '_a7_': 1.4465760894206694, '_a0_': 1.0, '_a1_': 1.0, '_a4_': 1.0, '_a5_': 1.0}};{'d0': 0.0249058329194167};-276.475521886821;34.57425622898635
10624;-103.663504714424;(x * (_a7_ + pow2(((x + _a3_) / pow2((_a6_ * _a2_))))));{'d0': {'_a2_': 0.7376917441474997, '_a3_': 0.31192970780737656, '_a6_': 1.0, '_a7_': 1.4465760894206694, '_a0_': 1.0, '_a1_': 1.0, '_a4_': 1.0, '_a5_': 1.0}};{'d0': 0.0249058329194167};-276.475521886821;34.57425622898635
10625;-103.663504714424;(x * (_a7_ + pow2(((x + _a3_) / pow2((_a6_ * _a2_))))));{'d0': {'_a2_': 0.7376917441474997, '_a3_': 0.31192970780737656, '_a6_': 1.0, '_a7_': 1.4465760894206694, '_a0_': 1.0, '_a1_': 1.0, '_a4_': 1.0, '_a5_': 1.0}};{'d0': 0.0249058329194167};-276.475521886821;34.57425622898635
10626;-103.663504714424;(x * (_a7_ + pow2(((x + _a3_) / pow2((_a6_ * _a2_))))));{'d0': {'_a2_': 0.7376917441474997, '_a3_': 0.31192970780737656, '_a6_': 1.0, '_a7_': 1.4465760894206694, '_a0_': 1.0, '_a1_': 1.0, '_a4_': 1.0, '_a5_': 1.0}};{'d0': 0.0249058329194167};-276.475521886821;34.57425622898635
10627;-103.663504714424;(x * (_a7_ + pow2(((x + _a3_) / pow2((_a6_ * _a2_))))));{'d0': {'_a2_': 0.7376917441474997, '_a3_': 0.31192970780737656, '_a6_': 1.0, '_a7_': 1.4465760894206694, '_a0_': 1.0, '_a1_': 1.0, '_a4_': 1.0, '_a5_': 1.0}};{'d0': 0.0249058329194167};-276.475521886821;34.57425622898635
10628;-103.663504714424;(x * (_a7_ + pow2(((x + _a3_) / pow2((_a6_ * _a2_))))));{'d0': {'_a2_': 0.7376917441474997, '_a3_': 0.31192970780737656, '_a6_': 1.0, '_a7_': 1.4465760894206694, '_a0_': 1.0, '_a1_': 1.0, '_a4_': 1.0, '_a5_': 1.0}};{'d0': 0.0249058329194167};-276.475521886821;34.57425622898635
10629;-105.710676995535;(x * (_a7_ + pow2(((x + _a3_) / pow2((_a2_ * _a2_))))));{'d0': {'_a2_': 0.858889832362912, '_a3_': 0.3119297078528428, '_a7_': 1.446576089414775, '_a0_': 1.0, '_a1_': 1.0, '_a4_': 1.0, '_a5_': 1.0, '_a6_': 1.0}};{'d0': 0.024905832919416674};-280.569866449043;34.57425622898635
10630;-105.710676995535;(x * (_a7_ + pow2(((x + _a3_) / pow2((_a2_ * _a2_))))));{'d0': {'_a2_': 0.858889832362912, '_a3_': 0.3119297078528428, '_a7_': 1.446576089414775, '_a0_': 1.0, '_a1_': 1.0, '_a4_': 1.0, '_a5_': 1.0, '_a6_': 1.0}};{'d0': 0.024905832919416674};-280.569866449043;34.57425622898635
10631;-105.710676995535;(x * (_a7_ + pow2(((x + _a3_) / pow2((_a2_ * _a2_))))));{'d0': {'_a2_': 0.858889832362912, '_a3_': 0.3119297078528428, '_a7_': 1.446576089414775, '_a0_': 1.0, '_a1_': 1.0, '_a4_': 1.0, '_a5_': 1.0, '_a6_': 1.0}};{'d0': 0.024905832919416674};-280.569866449043;34.57425622898635
10632;-105.710676995535;(x * (_a7_ + pow2(((x + _a3_) / pow2((_a2_ * _a2_))))));{'d0': {'_a2_': 0.858889832362912, '_a3_': 0.3119297078528428, '_a7_': 1.446576089414775, '_a0_': 1.0, '_a1_': 1.0, '_a4_': 1.0, '_a5_': 1.0, '_a6_': 1.0}};{'d0': 0.024905832919416674};-280.569866449043;34.57425622898635
10633;-105.710676995535;(x * (_a7_ + pow2(((x + _a3_) / pow2((_a2_ * _a2_))))));{'d0': {'_a2_': 0.858889832362912, '_a3_': 0.3119297078528428, '_a7_': 1.446576089414775, '_a0_': 1.0, '_a1_': 1.0, '_a4_': 1.0, '_a5_': 1.0, '_a6_': 1.0}};{'d0': 0.024905832919416674};-280.569866449043;34.57425622898635
10634;-105.710676995535;(x * (_a7_ + pow2(((x + _a3_) / pow2((_a2_ * _a2_))))));{'d0': {'_a2_': 0.858889832362912, '_a3_': 0.3119297078528428, '_a7_': 1.446576089414775, '_a0_': 1.0, '_a1_': 1.0, '_a4_': 1.0, '_a5_': 1.0, '_a6_': 1.0}};{'d0': 0.024905832919416674};-280.569866449043;34.57425622898635
10635;-105.710676995535;(x * (_a7_ + pow2(((x + _a3_) / pow2((_a2_ * _a2_))))));{'d0': {'_a2_': 0.858889832362912, '_a3_': 0.3119297078528428, '_a7_': 1.446576089414775, '_a0_': 1.0, '_a1_': 1.0, '_a4_': 1.0, '_a5_': 1.0, '_a6_': 1.0}};{'d0': 0.024905832919416674};-280.569866449043;34.57425622898635
10636;-102.030729835275;(x * (_a7_ + pow2(((x + _a3_) / pow2((_a2_ * -(_a7_)))))));{'d0': {'_a2_': -0.5099570977411235, '_a3_': 0.31192970784719604, '_a7_': 1.446576089195912, '_a0_': 1.0, '_a1_': 1.0, '_a4_': 1.0, '_a5_': 1.0, '_a6_': 1.0}};{'d0': 0.024905832919416684};-280.569866449043;38.25420338924674
10637;-102.030729835275;(x * (_a7_ + pow2(((x + _a3_) / pow2((_a2_ * -(_a7_)))))));{'d0': {'_a2_': -0.5099570977411235, '_a3_': 0.31192970784719604, '_a7_': 1.446576089195912, '_a0_': 1.0, '_a1_': 1.0, '_a4_': 1.0, '_a5_': 1.0, '_a6_': 1.0}};{'d0': 0.024905832919416684};-280.569866449043;38.25420338924674
10638;-102.030729835275;(x * (_a7_ + pow2(((x + _a3_) / pow2((_a2_ * -(_a7_)))))));{'d0': {'_a2_': -0.5099570977411235, '_a3_': 0.31192970784719604, '_a7_': 1.446576089195912, '_a0_': 1.0, '_a1_': 1.0, '_a4_': 1.0, '_a5_': 1.0, '_a6_': 1.0}};{'d0': 0.024905832919416684};-280.569866449043;38.25420338924674
10639;-102.030729835275;(x * (_a7_ + pow2(((x + _a3_) / pow2((_a2_ * -(_a7_)))))));{'d0': {'_a2_': -0.5099570977411235, '_a3_': 0.31192970784719604, '_a7_': 1.446576089195912, '_a0_': 1.0, '_a1_': 1.0, '_a4_': 1.0, '_a5_': 1.0, '_a6_': 1.0}};{'d0': 0.024905832919416684};-280.569866449043;38.25420338924674
10640;-102.030729835275;(x * (_a7_ + pow2(((x + _a3_) / pow2((_a2_ * -(_a7_)))))));{'d0': {'_a2_': -0.5099570977411235, '_a3_': 0.31192970784719604, '_a7_': 1.446576089195912, '_a0_': 1.0, '_a1_': 1.0, '_a4_': 1.0, '_a5_': 1.0, '_a6_': 1.0}};{'d0': 0.024905832919416684};-280.569866449043;38.25420338924674
10641;-102.030729835275;(x * (_a7_ + pow2(((x + _a3_) / pow2((_a2_ * -(_a7_)))))));{'d0': {'_a2_': -0.5099570977411235, '_a3_': 0.31192970784719604, '_a7_': 1.446576089195912, '_a0_': 1.0, '_a1_': 1.0, '_a4_': 1.0, '_a5_': 1.0, '_a6_': 1.0}};{'d0': 0.024905832919416684};-280.569866449043;38.25420338924674
10642;-105.710676995535;(x * (_a7_ + pow2(((x + _a3_) / pow2((_a2_ * _a3_))))));{'d0': {'_a2_': -2.3649294243485777, '_a3_': 0.3119297077188163, '_a7_': 1.4465760891565105, '_a0_': 1.0, '_a1_': 1.0, '_a4_': 1.0, '_a5_': 1.0, '_a6_': 1.0}};{'d0': 0.024905832919416705};-280.569866449043;34.57425622898635
10643;-105.710676995535;(x * (_a7_ + pow2(((x + _a3_) / pow2((_a2_ * _a3_))))));{'d0': {'_a2_': -2.3649294243485777, '_a3_': 0.3119297077188163, '_a7_': 1.4465760891565105, '_a0_': 1.0, '_a1_': 1.0, '_a4_': 1.0, '_a5_': 1.0, '_a6_': 1.0}};{'d0': 0.024905832919416705};-280.569866449043;34.57425622898635
10644;-105.710676995535;(x * (_a7_ + pow2(((x + _a3_) / pow2((_a2_ * _a3_))))));{'d0': {'_a2_': -2.3649294243485777, '_a3_': 0.3119297077188163, '_a7_': 1.4465760891565105, '_a0_': 1.0, '_a1_': 1.0, '_a4_': 1.0, '_a5_': 1.0, '_a6_': 1.0}};{'d0': 0.024905832919416705};-280.569866449043;34.57425622898635
10645;-105.710676995535;(x * (_a7_ + pow2(((x + _a3_) / pow2((_a2_ * _a3_))))));{'d0': {'_a2_': -2.3649294243485777, '_a3_': 0.3119297077188163, '_a7_': 1.4465760891565105, '_a0_': 1.0, '_a1_': 1.0, '_a4_': 1.0, '_a5_': 1.0, '_a6_': 1.0}};{'d0': 0.024905832919416705};-280.569866449043;34.57425622898635
10646;-105.710676995535;(x * (_a7_ + pow2(((x + _a3_) / pow2((_a5_ * _a3_))))));{'d0': {'_a3_': 0.31192970780033286, '_a5_': 2.36492942379317, '_a7_': 1.446576089277774, '_a0_': 1.0, '_a1_': 1.0, '_a2_': 1.0, '_a4_': 1.0, '_a6_': 1.0}};{'d0': 0.024905832919416653};-280.569866449044;34.57425622898635
10647;-105.710676995535;(x * (_a7_ + pow2(((x + _a3_) / pow2((_a5_ * _a3_))))));{'d0': {'_a3_': 0.31192970780033286, '_a5_': 2.36492942379317, '_a7_': 1.446576089277774, '_a0_': 1.0, '_a1_': 1.0, '_a2_': 1.0, '_a4_': 1.0, '_a6_': 1.0}};{'d0': 0.024905832919416653};-280.569866449044;34.57425622898635
10648;-105.710676995535;(x * (_a7_ + pow2(((x + _a3_) / pow2((_a5_ * _a3_))))));{'d0': {'_a3_': 0.31192970780033286, '_a5_': 2.36492942379317, '_a7_': 1.446576089277774, '_a0_': 1.0, '_a1_': 1.0, '_a2_': 1.0, '_a4_': 1.0, '_a6_': 1.0}};{'d0': 0.024905832919416653};-280.569866449044;34.57425622898635
10649;-105.710676995535;(x * (_a7_ + pow2(((x + _a3_) / pow2((_a5_ * _a3_))))));{'d0': {'_a3_': 0.31192970780033286, '_a5_': 2.36492942379317, '_a7_': 1.446576089277774, '_a0_': 1.0, '_a1_': 1.0, '_a2_': 1.0, '_a4_': 1.0, '_a6_': 1.0}};{'d0': 0.024905832919416653};-280.569866449044;34.57425622898635
10650;-105.710676995535;(x * (_a7_ + pow2(((x + _a3_) / pow2((_a5_ * _a3_))))));{'d0': {'_a3_': 0.31192970780033286, '_a5_': 2.36492942379317, '_a7_': 1.446576089277774, '_a0_': 1.0, '_a1_': 1.0, '_a2_': 1.0, '_a4_': 1.0, '_a6_': 1.0}};{'d0': 0.024905832919416653};-280.569866449044;34.57425622898635
10651;-105.710676995535;(x * (_a7_ + pow2(((x + _a3_) / pow2((_a5_ * _a3_))))));{'d0': {'_a3_': 0.31192970780033286, '_a5_': 2.36492942379317, '_a7_': 1.446576089277774, '_a0_': 1.0, '_a1_': 1.0, '_a2_': 1.0, '_a4_': 1.0, '_a6_': 1.0}};{'d0': 0.024905832919416653};-280.569866449044;34.57425622898635
10652;-105.710676995535;(x * (_a7_ + pow2(((x + _a3_) / pow2((_a5_ * _a3_))))));{'d0': {'_a3_': 0.31192970780033286, '_a5_': 2.36492942379317, '_a7_': 1.446576089277774, '_a0_': 1.0, '_a1_': 1.0, '_a2_': 1.0, '_a4_': 1.0, '_a6_': 1.0}};{'d0': 0.024905832919416653};-280.569866449044;34.57425622898635
10653;-105.710676995535;(x * (_a7_ + pow2(((x + _a3_) / pow2((_a5_ * _a3_))))));{'d0': {'_a3_': 0.31192970780033286, '_a5_': 2.36492942379317, '_a7_': 1.446576089277774, '_a0_': 1.0, '_a1_': 1.0, '_a2_': 1.0, '_a4_': 1.0, '_a6_': 1.0}};{'d0': 0.024905832919416653};-280.569866449044;34.57425622898635
10654;-105.710676995535;(x * (_a7_ + pow2(((x + _a3_) / pow2((_a5_ * _a3_))))));{'d0': {'_a3_': 0.31192970780033286, '_a5_': 2.36492942379317, '_a7_': 1.446576089277774, '_a0_': 1.0, '_a1_': 1.0, '_a2_': 1.0, '_a4_': 1.0, '_a6_': 1.0}};{'d0': 0.024905832919416653};-280.569866449044;34.57425622898635
10655;-105.710676995535;(x * (_a7_ + pow2(((x + _a3_) / pow2((_a5_ * _a3_))))));{'d0': {'_a3_': 0.31192970780033286, '_a5_': 2.36492942379317, '_a7_': 1.446576089277774, '_a0_': 1.0, '_a1_': 1.0, '_a2_': 1.0, '_a4_': 1.0, '_a6_': 1.0}};{'d0': 0.024905832919416653};-280.569866449044;34.57425622898635
10656;-105.710676995535;(x * (_a7_ + pow2(((x + _a3_) / pow2((_a5_ * _a3_))))));{'d0': {'_a3_': 0.31192970780033286, '_a5_': 2.36492942379317, '_a7_': 1.446576089277774, '_a0_': 1.0, '_a1_': 1.0, '_a2_': 1.0, '_a4_': 1.0, '_a6_': 1.0}};{'d0': 0.024905832919416653};-280.569866449044;34.57425622898635
10657;-105.710676995535;(x * (_a7_ + pow2(((x + _a3_) / pow2((_a5_ * _a3_))))));{'d0': {'_a3_': 0.31192970780033286, '_a5_': 2.36492942379317, '_a7_': 1.446576089277774, '_a0_': 1.0, '_a1_': 1.0, '_a2_': 1.0, '_a4_': 1.0, '_a6_': 1.0}};{'d0': 0.024905832919416653};-280.569866449044;34.57425622898635
10658;-100.742119928940;((((_a2_ + (cosh((x + _a7_)) * _a1_)) * x) * _a7_) * _a7_);{'d0': {'_a1_': 67.0892451307793, '_a2_': -51.979975191067766, '_a7_': 0.3103537781287013, '_a0_': 1.0, '_a3_': 1.0, '_a4_': 1.0, '_a5_': 1.0, '_a6_': 1.0}};{'d0': 0.024382316245717173};-281.844500707770;40.18013042494505
10659;-100.742119928940;((((_a2_ + (cosh((x + _a7_)) * _a1_)) * x) * _a7_) * _a7_);{'d0': {'_a1_': 67.0892451307793, '_a2_': -51.979975191067766, '_a7_': 0.3103537781287013, '_a0_': 1.0, '_a3_': 1.0, '_a4_': 1.0, '_a5_': 1.0, '_a6_': 1.0}};{'d0': 0.024382316245717173};-281.844500707770;40.18013042494505
10660;-100.742119928940;((((_a2_ + (cosh((x + _a7_)) * _a1_)) * x) * _a7_) * _a7_);{'d0': {'_a1_': 67.0892451307793, '_a2_': -51.979975191067766, '_a7_': 0.3103537781287013, '_a0_': 1.0, '_a3_': 1.0, '_a4_': 1.0, '_a5_': 1.0, '_a6_': 1.0}};{'d0': 0.024382316245717173};-281.844500707770;40.18013042494505
10661;-100.742119928940;((((_a2_ + (cosh((x + _a7_)) * _a1_)) * x) * _a7_) * _a7_);{'d0': {'_a1_': 67.0892451307793, '_a2_': -51.979975191067766, '_a7_': 0.3103537781287013, '_a0_': 1.0, '_a3_': 1.0, '_a4_': 1.0, '_a5_': 1.0, '_a6_': 1.0}};{'d0': 0.024382316245717173};-281.844500707770;40.18013042494505
10662;-100.742119928940;((((_a2_ + (cosh((x + _a7_)) * _a1_)) * x) * _a7_) * _a7_);{'d0': {'_a1_': 67.0892451307793, '_a2_': -51.979975191067766, '_a7_': 0.3103537781287013, '_a0_': 1.0, '_a3_': 1.0, '_a4_': 1.0, '_a5_': 1.0, '_a6_': 1.0}};{'d0': 0.024382316245717173};-281.844500707770;40.18013042494505
10663;-100.742119928940;((((_a2_ + (cosh((x + _a7_)) * _a1_)) * x) * _a7_) * _a7_);{'d0': {'_a1_': 67.0892451307793, '_a2_': -51.979975191067766, '_a7_': 0.3103537781287013, '_a0_': 1.0, '_a3_': 1.0, '_a4_': 1.0, '_a5_': 1.0, '_a6_': 1.0}};{'d0': 0.024382316245717173};-281.844500707770;40.18013042494505
10664;-100.742119928940;((((_a2_ + (cosh((x + _a7_)) * _a1_)) * x) * _a7_) * _a7_);{'d0': {'_a1_': 67.0892451307793, '_a2_': -51.979975191067766, '_a7_': 0.3103537781287013, '_a0_': 1.0, '_a3_': 1.0, '_a4_': 1.0, '_a5_': 1.0, '_a6_': 1.0}};{'d0': 0.024382316245717173};-281.844500707770;40.18013042494505
10665;-105.691459854397;(((_a2_ + (cosh((x + _a7_)) * _a1_)) * x) * _a7_);{'d0': {'_a1_': 20.821400711616466, '_a2_': -16.132181698015184, '_a7_': 0.31035377783478496, '_a0_': 1.0, '_a3_': 1.0, '_a4_': 1.0, '_a5_': 1.0, '_a6_': 1.0}};{'d0': 0.024382316245716965};-281.844500707770;35.23079049948805
10666;-105.691459854397;(((_a2_ + (cosh((x + _a7_)) * _a1_)) * x) * _a7_);{'d0': {'_a1_': 20.821400711616466, '_a2_': -16.132181698015184, '_a7_': 0.31035377783478496, '_a0_': 1.0, '_a3_': 1.0, '_a4_': 1.0, '_a5_': 1.0, '_a6_': 1.0}};{'d0': 0.024382316245716965};-281.844500707770;35.23079049948805
10667;-105.691459854397;(((_a2_ + (cosh((x + _a7_)) * _a1_)) * x) * _a7_);{'d0': {'_a1_': 20.821400711616466, '_a2_': -16.132181698015184, '_a7_': 0.31035377783478496, '_a0_': 1.0, '_a3_': 1.0, '_a4_': 1.0, '_a5_': 1.0, '_a6_': 1.0}};{'d0': 0.024382316245716965};-281.844500707770;35.23079049948805
10668;-105.691459854397;(((_a2_ + (cosh((x + _a7_)) * _a1_)) * x) * _a7_);{'d0': {'_a1_': 20.821400711616466, '_a2_': -16.132181698015184, '_a7_': 0.31035377783478496, '_a0_': 1.0, '_a3_': 1.0, '_a4_': 1.0, '_a5_': 1.0, '_a6_': 1.0}};{'d0': 0.024382316245716965};-281.844500707770;35.23079049948805
10669;-105.691459854397;(((_a2_ + (cosh((x + _a7_)) * _a1_)) * x) * _a7_);{'d0': {'_a1_': 20.821400711616466, '_a2_': -16.132181698015184, '_a7_': 0.31035377783478496, '_a0_': 1.0, '_a3_': 1.0, '_a4_': 1.0, '_a5_': 1.0, '_a6_': 1.0}};{'d0': 0.024382316245716965};-281.844500707770;35.23079049948805
10670;-105.691459854397;(((_a2_ + (cosh((x + _a7_)) * _a1_)) * x) * _a7_);{'d0': {'_a1_': 20.821400711616466, '_a2_': -16.132181698015184, '_a7_': 0.31035377783478496, '_a0_': 1.0, '_a3_': 1.0, '_a4_': 1.0, '_a5_': 1.0, '_a6_': 1.0}};{'d0': 0.024382316245716965};-281.844500707770;35.23079049948805
10671;-105.691459854397;(((_a2_ + (cosh((x + _a7_)) * _a1_)) * x) * _a7_);{'d0': {'_a1_': 20.821400711616466, '_a2_': -16.132181698015184, '_a7_': 0.31035377783478496, '_a0_': 1.0, '_a3_': 1.0, '_a4_': 1.0, '_a5_': 1.0, '_a6_': 1.0}};{'d0': 0.024382316245716965};-281.844500707770;35.23079049948805
10672;-105.691459854397;(((_a2_ + (cosh((x + _a7_)) * _a1_)) * x) * _a7_);{'d0': {'_a1_': 20.821400711616466, '_a2_': -16.132181698015184, '_a7_': 0.31035377783478496, '_a0_': 1.0, '_a3_': 1.0, '_a4_': 1.0, '_a5_': 1.0, '_a6_': 1.0}};{'d0': 0.024382316245716965};-281.844500707770;35.23079049948805
10673;-105.691459854397;(((_a2_ + (cosh((x + _a7_)) * _a1_)) * x) * _a7_);{'d0': {'_a1_': 20.821400711616466, '_a2_': -16.132181698015184, '_a7_': 0.31035377783478496, '_a0_': 1.0, '_a3_': 1.0, '_a4_': 1.0, '_a5_': 1.0, '_a6_': 1.0}};{'d0': 0.024382316245716965};-281.844500707770;35.23079049948805
10674;-105.691459854397;(((_a2_ + (cosh((x + _a7_)) * _a1_)) * x) * _a7_);{'d0': {'_a1_': 20.821400711616466, '_a2_': -16.132181698015184, '_a7_': 0.31035377783478496, '_a0_': 1.0, '_a3_': 1.0, '_a4_': 1.0, '_a5_': 1.0, '_a6_': 1.0}};{'d0': 0.024382316245716965};-281.844500707770;35.23079049948805
10675;-105.691459854397;(((_a2_ + (cosh((x + _a7_)) * _a1_)) * x) * _a7_);{'d0': {'_a1_': 20.821400711616466, '_a2_': -16.132181698015184, '_a7_': 0.31035377783478496, '_a0_': 1.0, '_a3_': 1.0, '_a4_': 1.0, '_a5_': 1.0, '_a6_': 1.0}};{'d0': 0.024382316245716965};-281.844500707770;35.23079049948805
10676;-105.691459854397;(((_a2_ + (cosh((x + _a7_)) * _a1_)) * x) * _a7_);{'d0': {'_a1_': 20.821400711616466, '_a2_': -16.132181698015184, '_a7_': 0.31035377783478496, '_a0_': 1.0, '_a3_': 1.0, '_a4_': 1.0, '_a5_': 1.0, '_a6_': 1.0}};{'d0': 0.024382316245716965};-281.844500707770;35.23079049948805
10677;-105.691459854397;(((_a2_ + (cosh((x + _a7_)) * _a1_)) * x) * _a7_);{'d0': {'_a1_': 20.821400711616466, '_a2_': -16.132181698015184, '_a7_': 0.31035377783478496, '_a0_': 1.0, '_a3_': 1.0, '_a4_': 1.0, '_a5_': 1.0, '_a6_': 1.0}};{'d0': 0.024382316245716965};-281.844500707770;35.23079049948805
10678;-105.691459854397;(((_a2_ + (cosh((x + _a7_)) * _a1_)) * x) * _a7_);{'d0': {'_a1_': 20.821400711616466, '_a2_': -16.132181698015184, '_a7_': 0.31035377783478496, '_a0_': 1.0, '_a3_': 1.0, '_a4_': 1.0, '_a5_': 1.0, '_a6_': 1.0}};{'d0': 0.024382316245716965};-281.844500707770;35.23079049948805
10679;-105.691459854397;(((_a2_ + (cosh((x + _a7_)) * _a1_)) * x) * _a7_);{'d0': {'_a1_': 20.821400711616466, '_a2_': -16.132181698015184, '_a7_': 0.31035377783478496, '_a0_': 1.0, '_a3_': 1.0, '_a4_': 1.0, '_a5_': 1.0, '_a6_': 1.0}};{'d0': 0.024382316245716965};-281.844500707770;35.23079049948805
10680;-105.691459854397;(((_a2_ + (cosh((x + _a7_)) * _a1_)) * x) * _a7_);{'d0': {'_a1_': 20.821400711616466, '_a2_': -16.132181698015184, '_a7_': 0.31035377783478496, '_a0_': 1.0, '_a3_': 1.0, '_a4_': 1.0, '_a5_': 1.0, '_a6_': 1.0}};{'d0': 0.024382316245716965};-281.844500707770;35.23079049948805
10681;-110.331920595413;(((_a2_ + (pow2((x + _a7_)) * _a1_)) * x) * _a7_);{'d0': {'_a1_': 10.825390440275946, '_a2_': 4.637506633354925, '_a7_': 0.31192970786731056, '_a0_': 1.0, '_a3_': 1.0, '_a4_': 1.0, '_a5_': 1.0, '_a6_': 1.0}};{'d0': 0.02490583291941663};-280.569866449044;29.95301262910905
10682;-110.331920595413;(((_a2_ + (pow2((x + _a7_)) * _a1_)) * x) * _a7_);{'d0': {'_a1_': 10.825390440275946, '_a2_': 4.637506633354925, '_a7_': 0.31192970786731056, '_a0_': 1.0, '_a3_': 1.0, '_a4_': 1.0, '_a5_': 1.0, '_a6_': 1.0}};{'d0': 0.02490583291941663};-280.569866449044;29.95301262910905
10683;-110.331920595413;(((_a2_ + (pow2((x + _a7_)) * _a1_)) * x) * _a7_);{'d0': {'_a1_': 10.825390440275946, '_a2_': 4.637506633354925, '_a7_': 0.31192970786731056, '_a0_': 1.0, '_a3_': 1.0, '_a4_': 1.0, '_a5_': 1.0, '_a6_': 1.0}};{'d0': 0.02490583291941663};-280.569866449044;29.95301262910905
10684;-110.331920595413;(((_a2_ + (pow2((x + _a7_)) * _a1_)) * x) * _a7_);{'d0': {'_a1_': 10.825390440275946, '_a2_': 4.637506633354925, '_a7_': 0.31192970786731056, '_a0_': 1.0, '_a3_': 1.0, '_a4_': 1.0, '_a5_': 1.0, '_a6_': 1.0}};{'d0': 0.02490583291941663};-280.569866449044;29.95301262910905
10685;-110.331920595413;(((_a2_ + (pow2((x + _a7_)) * _a1_)) * x) * _a7_);{'d0': {'_a1_': 10.825390440275946, '_a2_': 4.637506633354925, '_a7_': 0.31192970786731056, '_a0_': 1.0, '_a3_': 1.0, '_a4_': 1.0, '_a5_': 1.0, '_a6_': 1.0}};{'d0': 0.02490583291941663};-280.569866449044;29.95301262910905
10686;-110.331920595413;(((_a2_ + (pow2((x + _a7_)) * _a1_)) * x) * _a7_);{'d0': {'_a1_': 10.825390440275946, '_a2_': 4.637506633354925, '_a7_': 0.31192970786731056, '_a0_': 1.0, '_a3_': 1.0, '_a4_': 1.0, '_a5_': 1.0, '_a6_': 1.0}};{'d0': 0.02490583291941663};-280.569866449044;29.95301262910905
10687;-110.331920595413;(((_a2_ + (pow2((x + _a7_)) * _a1_)) * x) * _a7_);{'d0': {'_a1_': 10.825390440275946, '_a2_': 4.637506633354925, '_a7_': 0.31192970786731056, '_a0_': 1.0, '_a3_': 1.0, '_a4_': 1.0, '_a5_': 1.0, '_a6_': 1.0}};{'d0': 0.02490583291941663};-280.569866449044;29.95301262910905
10688;-110.331920595413;(((_a2_ + (pow2((x + _a7_)) * _a1_)) * x) * _a7_);{'d0': {'_a1_': 10.825390440275946, '_a2_': 4.637506633354925, '_a7_': 0.31192970786731056, '_a0_': 1.0, '_a3_': 1.0, '_a4_': 1.0, '_a5_': 1.0, '_a6_': 1.0}};{'d0': 0.02490583291941663};-280.569866449044;29.95301262910905
10689;-110.331920595413;(((_a2_ + (pow2((x + _a7_)) * _a1_)) * x) * _a7_);{'d0': {'_a1_': 10.825390440275946, '_a2_': 4.637506633354925, '_a7_': 0.31192970786731056, '_a0_': 1.0, '_a3_': 1.0, '_a4_': 1.0, '_a5_': 1.0, '_a6_': 1.0}};{'d0': 0.02490583291941663};-280.569866449044;29.95301262910905
10690;-110.331920595413;(((_a2_ + (pow2((x + _a7_)) * _a1_)) * x) * _a7_);{'d0': {'_a1_': 10.825390440275946, '_a2_': 4.637506633354925, '_a7_': 0.31192970786731056, '_a0_': 1.0, '_a3_': 1.0, '_a4_': 1.0, '_a5_': 1.0, '_a6_': 1.0}};{'d0': 0.02490583291941663};-280.569866449044;29.95301262910905
10691;-110.331920595413;(((_a2_ + (pow2((x + _a7_)) * _a1_)) * x) * _a7_);{'d0': {'_a1_': 10.825390440275946, '_a2_': 4.637506633354925, '_a7_': 0.31192970786731056, '_a0_': 1.0, '_a3_': 1.0, '_a4_': 1.0, '_a5_': 1.0, '_a6_': 1.0}};{'d0': 0.02490583291941663};-280.569866449044;29.95301262910905
10692;-110.331920595413;(((_a2_ + (pow2((x + _a7_)) * _a1_)) * x) * _a7_);{'d0': {'_a1_': 10.825390440275946, '_a2_': 4.637506633354925, '_a7_': 0.31192970786731056, '_a0_': 1.0, '_a3_': 1.0, '_a4_': 1.0, '_a5_': 1.0, '_a6_': 1.0}};{'d0': 0.02490583291941663};-280.569866449044;29.95301262910905
10693;-110.331920595413;(((_a2_ + (pow2((x + _a7_)) * _a1_)) * x) * _a7_);{'d0': {'_a1_': 10.825390440275946, '_a2_': 4.637506633354925, '_a7_': 0.31192970786731056, '_a0_': 1.0, '_a3_': 1.0, '_a4_': 1.0, '_a5_': 1.0, '_a6_': 1.0}};{'d0': 0.02490583291941663};-280.569866449044;29.95301262910905
10694;-110.331920595413;(((_a2_ + (pow2((x + _a7_)) * _a1_)) * x) * _a7_);{'d0': {'_a1_': 10.825390440275946, '_a2_': 4.637506633354925, '_a7_': 0.31192970786731056, '_a0_': 1.0, '_a3_': 1.0, '_a4_': 1.0, '_a5_': 1.0, '_a6_': 1.0}};{'d0': 0.02490583291941663};-280.569866449044;29.95301262910905
10695;-110.331920595413;(((_a2_ + (pow2((x + _a7_)) * _a1_)) * x) * _a7_);{'d0': {'_a1_': 10.825390440275946, '_a2_': 4.637506633354925, '_a7_': 0.31192970786731056, '_a0_': 1.0, '_a3_': 1.0, '_a4_': 1.0, '_a5_': 1.0, '_a6_': 1.0}};{'d0': 0.02490583291941663};-280.569866449044;29.95301262910905
10696;-110.331920595413;(((_a2_ + (pow2((x + _a7_)) * _a1_)) * x) * _a7_);{'d0': {'_a1_': 10.825390440275946, '_a2_': 4.637506633354925, '_a7_': 0.31192970786731056, '_a0_': 1.0, '_a3_': 1.0, '_a4_': 1.0, '_a5_': 1.0, '_a6_': 1.0}};{'d0': 0.02490583291941663};-280.569866449044;29.95301262910905
10697;-110.331920595413;(((_a2_ + (pow2((x + _a7_)) * _a1_)) * x) * _a7_);{'d0': {'_a1_': 10.825390440275946, '_a2_': 4.637506633354925, '_a7_': 0.31192970786731056, '_a0_': 1.0, '_a3_': 1.0, '_a4_': 1.0, '_a5_': 1.0, '_a6_': 1.0}};{'d0': 0.02490583291941663};-280.569866449044;29.95301262910905
10698;-110.331920595413;(((_a2_ + (pow2((x + _a7_)) * _a1_)) * x) * _a7_);{'d0': {'_a1_': 10.825390440275946, '_a2_': 4.637506633354925, '_a7_': 0.31192970786731056, '_a0_': 1.0, '_a3_': 1.0, '_a4_': 1.0, '_a5_': 1.0, '_a6_': 1.0}};{'d0': 0.02490583291941663};-280.569866449044;29.95301262910905
10699;-110.331920595413;(((_a2_ + (pow2((x + _a7_)) * _a1_)) * x) * _a7_);{'d0': {'_a1_': 10.825390440275946, '_a2_': 4.637506633354925, '_a7_': 0.31192970786731056, '_a0_': 1.0, '_a3_': 1.0, '_a4_': 1.0, '_a5_': 1.0, '_a6_': 1.0}};{'d0': 0.02490583291941663};-280.569866449044;29.95301262910905
10700;-110.331920595413;(((_a2_ + (pow2((x + _a7_)) * _a1_)) * x) * _a7_);{'d0': {'_a1_': 10.825390440275946, '_a2_': 4.637506633354925, '_a7_': 0.31192970786731056, '_a0_': 1.0, '_a3_': 1.0, '_a4_': 1.0, '_a5_': 1.0, '_a6_': 1.0}};{'d0': 0.02490583291941663};-280.569866449044;29.95301262910905
10701;-110.331920595413;(((_a2_ + (pow2((x + _a7_)) * _a1_)) * x) * _a7_);{'d0': {'_a1_': 10.825390440275946, '_a2_': 4.637506633354925, '_a7_': 0.31192970786731056, '_a0_': 1.0, '_a3_': 1.0, '_a4_': 1.0, '_a5_': 1.0, '_a6_': 1.0}};{'d0': 0.02490583291941663};-280.569866449044;29.95301262910905
10702;-110.331920595413;(((_a2_ + (pow2((x + _a7_)) * _a1_)) * x) * _a7_);{'d0': {'_a1_': 10.825390440275946, '_a2_': 4.637506633354925, '_a7_': 0.31192970786731056, '_a0_': 1.0, '_a3_': 1.0, '_a4_': 1.0, '_a5_': 1.0, '_a6_': 1.0}};{'d0': 0.02490583291941663};-280.569866449044;29.95301262910905
10703;-104.429306858732;(x * (-((_a1_ + _a0_)) * (((_a1_ + x) * x) + _a6_)));{'d0': {'_a0_': -4.000620294050549, '_a1_': 0.6238594155767319, '_a6_': 0.5256917703535454, '_a2_': 1.0, '_a3_': 1.0, '_a4_': 1.0, '_a5_': 1.0, '_a7_': 1.0}};{'d0': 0.024905832919416615};-280.569866449044;35.85562636578932
10704;-104.429306858732;(x * (-((_a1_ + _a0_)) * (((_a1_ + x) * x) + _a6_)));{'d0': {'_a0_': -4.000620294050549, '_a1_': 0.6238594155767319, '_a6_': 0.5256917703535454, '_a2_': 1.0, '_a3_': 1.0, '_a4_': 1.0, '_a5_': 1.0, '_a7_': 1.0}};{'d0': 0.024905832919416615};-280.569866449044;35.85562636578932
10705;-104.429306858732;(x * (-((_a1_ + _a0_)) * (((_a1_ + x) * x) + _a6_)));{'d0': {'_a0_': -4.000620294050549, '_a1_': 0.6238594155767319, '_a6_': 0.5256917703535454, '_a2_': 1.0, '_a3_': 1.0, '_a4_': 1.0, '_a5_': 1.0, '_a7_': 1.0}};{'d0': 0.024905832919416615};-280.569866449044;35.85562636578932
10706;-104.429306858732;(x * (-((_a1_ + _a0_)) * (((_a1_ + x) * x) + _a6_)));{'d0': {'_a0_': -4.000620294050549, '_a1_': 0.6238594155767319, '_a6_': 0.5256917703535454, '_a2_': 1.0, '_a3_': 1.0, '_a4_': 1.0, '_a5_': 1.0, '_a7_': 1.0}};{'d0': 0.024905832919416615};-280.569866449044;35.85562636578932
10707;-110.349907907762;(x * (-(_a7_) * (((_a1_ + x) * x) + _a6_)));{'d0': {'_a1_': 0.6238594149532718, '_a6_': 0.5256917700862992, '_a7_': -3.37676087768129, '_a0_': 1.0, '_a2_': 1.0, '_a3_': 1.0, '_a4_': 1.0, '_a5_': 1.0}};{'d0': 0.02490583291941661};-280.569866449044;29.93502531675932
10708;-110.349907907762;(x * (-(_a7_) * (((_a1_ + x) * x) + _a6_)));{'d0': {'_a1_': 0.6238594149532718, '_a6_': 0.5256917700862992, '_a7_': -3.37676087768129, '_a0_': 1.0, '_a2_': 1.0, '_a3_': 1.0, '_a4_': 1.0, '_a5_': 1.0}};{'d0': 0.02490583291941661};-280.569866449044;29.93502531675932
10709;-110.349907907762;(x * (-(_a7_) * (((_a1_ + x) * x) + _a6_)));{'d0': {'_a1_': 0.6238594149532718, '_a6_': 0.5256917700862992, '_a7_': -3.37676087768129, '_a0_': 1.0, '_a2_': 1.0, '_a3_': 1.0, '_a4_': 1.0, '_a5_': 1.0}};{'d0': 0.02490583291941661};-280.569866449044;29.93502531675932
10710;-110.349907907762;(x * (-(_a7_) * (((_a1_ + x) * x) + _a6_)));{'d0': {'_a1_': 0.6238594149532718, '_a6_': 0.5256917700862992, '_a7_': -3.37676087768129, '_a0_': 1.0, '_a2_': 1.0, '_a3_': 1.0, '_a4_': 1.0, '_a5_': 1.0}};{'d0': 0.02490583291941661};-280.569866449044;29.93502531675932
10711;-110.349907907762;(x * (-(_a7_) * (((_a1_ + x) * x) + _a6_)));{'d0': {'_a1_': 0.6238594149532718, '_a6_': 0.5256917700862992, '_a7_': -3.37676087768129, '_a0_': 1.0, '_a2_': 1.0, '_a3_': 1.0, '_a4_': 1.0, '_a5_': 1.0}};{'d0': 0.02490583291941661};-280.569866449044;29.93502531675932
10712;-110.349907907762;(x * (-(_a7_) * (((_a1_ + x) * x) + _a6_)));{'d0': {'_a1_': 0.6238594149532718, '_a6_': 0.5256917700862992, '_a7_': -3.37676087768129, '_a0_': 1.0, '_a2_': 1.0, '_a3_': 1.0, '_a4_': 1.0, '_a5_': 1.0}};{'d0': 0.02490583291941661};-280.569866449044;29.93502531675932
10713;-110.349907907762;(x * (-(_a7_) * (((_a1_ + x) * x) + _a6_)));{'d0': {'_a1_': 0.6238594149532718, '_a6_': 0.5256917700862992, '_a7_': -3.37676087768129, '_a0_': 1.0, '_a2_': 1.0, '_a3_': 1.0, '_a4_': 1.0, '_a5_': 1.0}};{'d0': 0.02490583291941661};-280.569866449044;29.93502531675932
10714;-110.349907907762;(x * (-(_a7_) * (((_a1_ + x) * x) + _a6_)));{'d0': {'_a1_': 0.6238594149532718, '_a6_': 0.5256917700862992, '_a7_': -3.37676087768129, '_a0_': 1.0, '_a2_': 1.0, '_a3_': 1.0, '_a4_': 1.0, '_a5_': 1.0}};{'d0': 0.02490583291941661};-280.569866449044;29.93502531675932
10715;-110.349907907762;(x * (-(_a7_) * (((_a1_ + x) * x) + _a6_)));{'d0': {'_a1_': 0.6238594149532718, '_a6_': 0.5256917700862992, '_a7_': -3.37676087768129, '_a0_': 1.0, '_a2_': 1.0, '_a3_': 1.0, '_a4_': 1.0, '_a5_': 1.0}};{'d0': 0.02490583291941661};-280.569866449044;29.93502531675932
10716;-110.349907907762;(x * (-(_a7_) * (((_a1_ + x) * x) + _a6_)));{'d0': {'_a1_': 0.6238594149532718, '_a6_': 0.5256917700862992, '_a7_': -3.37676087768129, '_a0_': 1.0, '_a2_': 1.0, '_a3_': 1.0, '_a4_': 1.0, '_a5_': 1.0}};{'d0': 0.02490583291941661};-280.569866449044;29.93502531675932
10717;-110.349907907762;(x * (-(_a7_) * (((_a1_ + x) * x) + _a6_)));{'d0': {'_a1_': 0.6238594149532718, '_a6_': 0.5256917700862992, '_a7_': -3.37676087768129, '_a0_': 1.0, '_a2_': 1.0, '_a3_': 1.0, '_a4_': 1.0, '_a5_': 1.0}};{'d0': 0.02490583291941661};-280.569866449044;29.93502531675932
10718;-110.349907907762;(x * (-(_a7_) * (((_a1_ + x) * x) + _a6_)));{'d0': {'_a1_': 0.6238594149532718, '_a6_': 0.5256917700862992, '_a7_': -3.37676087768129, '_a0_': 1.0, '_a2_': 1.0, '_a3_': 1.0, '_a4_': 1.0, '_a5_': 1.0}};{'d0': 0.02490583291941661};-280.569866449044;29.93502531675932
10719;-110.349907907762;(x * (-(_a7_) * (((_a1_ + x) * x) + _a6_)));{'d0': {'_a1_': 0.6238594149532718, '_a6_': 0.5256917700862992, '_a7_': -3.37676087768129, '_a0_': 1.0, '_a2_': 1.0, '_a3_': 1.0, '_a4_': 1.0, '_a5_': 1.0}};{'d0': 0.02490583291941661};-280.569866449044;29.93502531675932
10720;-110.349907907762;(x * (-(_a7_) * (((_a1_ + x) * x) + _a6_)));{'d0': {'_a1_': 0.6238594149532718, '_a6_': 0.5256917700862992, '_a7_': -3.37676087768129, '_a0_': 1.0, '_a2_': 1.0, '_a3_': 1.0, '_a4_': 1.0, '_a5_': 1.0}};{'d0': 0.02490583291941661};-280.569866449044;29.93502531675932
10721;-110.349907907762;(x * (-(_a7_) * (((_a1_ + x) * x) + _a6_)));{'d0': {'_a1_': 0.6238594149532718, '_a6_': 0.5256917700862992, '_a7_': -3.37676087768129, '_a0_': 1.0, '_a2_': 1.0, '_a3_': 1.0, '_a4_': 1.0, '_a5_': 1.0}};{'d0': 0.02490583291941661};-280.569866449044;29.93502531675932
10722;-110.349907907762;(x * (-(_a7_) * (((_a1_ + x) * x) + _a6_)));{'d0': {'_a1_': 0.6238594149532718, '_a6_': 0.5256917700862992, '_a7_': -3.37676087768129, '_a0_': 1.0, '_a2_': 1.0, '_a3_': 1.0, '_a4_': 1.0, '_a5_': 1.0}};{'d0': 0.02490583291941661};-280.569866449044;29.93502531675932
10723;-110.349907907762;(x * (-(_a7_) * (((_a1_ + x) * x) + _a6_)));{'d0': {'_a1_': 0.6238594149532718, '_a6_': 0.5256917700862992, '_a7_': -3.37676087768129, '_a0_': 1.0, '_a2_': 1.0, '_a3_': 1.0, '_a4_': 1.0, '_a5_': 1.0}};{'d0': 0.02490583291941661};-280.569866449044;29.93502531675932
10724;-105.400567982305;(x * (-(_a7_) * ((((_a4_ * _a4_) + x) * x) + _a6_)));{'d0': {'_a4_': 0.7898477167221569, '_a6_': 0.5256917703153352, '_a7_': -3.376760878837134, '_a0_': 1.0, '_a1_': 1.0, '_a2_': 1.0, '_a3_': 1.0, '_a5_': 1.0}};{'d0': 0.024905832919416695};-280.569866449043;34.88436524221632
10725;-105.400567982305;(x * (-(_a7_) * ((((_a4_ * _a4_) + x) * x) + _a6_)));{'d0': {'_a4_': 0.7898477167221569, '_a6_': 0.5256917703153352, '_a7_': -3.376760878837134, '_a0_': 1.0, '_a1_': 1.0, '_a2_': 1.0, '_a3_': 1.0, '_a5_': 1.0}};{'d0': 0.024905832919416695};-280.569866449043;34.88436524221632
10726;-105.400567982305;(x * (-(_a7_) * ((((_a4_ * _a4_) + x) * x) + _a6_)));{'d0': {'_a4_': 0.7898477167221569, '_a6_': 0.5256917703153352, '_a7_': -3.376760878837134, '_a0_': 1.0, '_a1_': 1.0, '_a2_': 1.0, '_a3_': 1.0, '_a5_': 1.0}};{'d0': 0.024905832919416695};-280.569866449043;34.88436524221632
10727;-105.400567982305;(x * (-(_a7_) * ((((_a4_ * _a4_) + x) * x) + _a6_)));{'d0': {'_a4_': 0.7898477167221569, '_a6_': 0.5256917703153352, '_a7_': -3.376760878837134, '_a0_': 1.0, '_a1_': 1.0, '_a2_': 1.0, '_a3_': 1.0, '_a5_': 1.0}};{'d0': 0.024905832919416695};-280.569866449043;34.88436524221632
10728;-105.400567982305;(x * (-(_a7_) * ((((_a4_ * _a4_) + x) * x) + _a6_)));{'d0': {'_a4_': 0.7898477167221569, '_a6_': 0.5256917703153352, '_a7_': -3.376760878837134, '_a0_': 1.0, '_a1_': 1.0, '_a2_': 1.0, '_a3_': 1.0, '_a5_': 1.0}};{'d0': 0.024905832919416695};-280.569866449043;34.88436524221632
10729;-105.400567982305;(x * (-(_a7_) * ((((_a4_ * _a4_) + x) * x) + _a6_)));{'d0': {'_a4_': 0.7898477167221569, '_a6_': 0.5256917703153352, '_a7_': -3.376760878837134, '_a0_': 1.0, '_a1_': 1.0, '_a2_': 1.0, '_a3_': 1.0, '_a5_': 1.0}};{'d0': 0.024905832919416695};-280.569866449043;34.88436524221632
10730;-104.058817930787;(x * ((_a7_ * _a4_) * ((((_a4_ * _a4_) + x) * x) + _a6_)));{'d0': {'_a4_': 0.7898477167249429, '_a6_': 0.5256917704291558, '_a7_': 4.27520496260448, '_a0_': 1.0, '_a1_': 1.0, '_a2_': 1.0, '_a3_': 1.0, '_a5_': 1.0}};{'d0': 0.02490583291941658};-280.569866449044;36.22611529373493
10731;-104.058817930787;(x * ((_a7_ * _a4_) * ((((_a4_ * _a4_) + x) * x) + _a6_)));{'d0': {'_a4_': 0.7898477167249429, '_a6_': 0.5256917704291558, '_a7_': 4.27520496260448, '_a0_': 1.0, '_a1_': 1.0, '_a2_': 1.0, '_a3_': 1.0, '_a5_': 1.0}};{'d0': 0.02490583291941658};-280.569866449044;36.22611529373493
10732;-104.058817930787;(x * ((_a7_ * _a4_) * ((((_a4_ * _a4_) + x) * x) + _a6_)));{'d0': {'_a4_': 0.7898477167249429, '_a6_': 0.5256917704291558, '_a7_': 4.27520496260448, '_a0_': 1.0, '_a1_': 1.0, '_a2_': 1.0, '_a3_': 1.0, '_a5_': 1.0}};{'d0': 0.02490583291941658};-280.569866449044;36.22611529373493
10733;-104.058817930787;(x * ((_a7_ * _a4_) * ((((_a4_ * _a4_) + x) * x) + _a6_)));{'d0': {'_a4_': 0.7898477167249429, '_a6_': 0.5256917704291558, '_a7_': 4.27520496260448, '_a0_': 1.0, '_a1_': 1.0, '_a2_': 1.0, '_a3_': 1.0, '_a5_': 1.0}};{'d0': 0.02490583291941658};-280.569866449044;36.22611529373493
10734;-104.058817930787;(x * ((_a7_ * _a4_) * ((((_a4_ * _a4_) + x) * x) + _a6_)));{'d0': {'_a4_': 0.7898477167249429, '_a6_': 0.5256917704291558, '_a7_': 4.27520496260448, '_a0_': 1.0, '_a1_': 1.0, '_a2_': 1.0, '_a3_': 1.0, '_a5_': 1.0}};{'d0': 0.02490583291941658};-280.569866449044;36.22611529373493
10735;-104.058817930787;(x * ((_a7_ * _a4_) * ((((_a4_ * _a4_) + x) * x) + _a6_)));{'d0': {'_a4_': 0.7898477167249429, '_a6_': 0.5256917704291558, '_a7_': 4.27520496260448, '_a0_': 1.0, '_a1_': 1.0, '_a2_': 1.0, '_a3_': 1.0, '_a5_': 1.0}};{'d0': 0.02490583291941658};-280.569866449044;36.22611529373493
10736;-104.058817930787;(x * ((_a7_ * _a4_) * ((((_a4_ * _a4_) + x) * x) + _a6_)));{'d0': {'_a4_': 0.7898477167249429, '_a6_': 0.5256917704291558, '_a7_': 4.27520496260448, '_a0_': 1.0, '_a1_': 1.0, '_a2_': 1.0, '_a3_': 1.0, '_a5_': 1.0}};{'d0': 0.02490583291941658};-280.569866449044;36.22611529373493
10737;-104.058817930787;(x * ((_a7_ * _a4_) * ((((_a4_ * _a4_) + x) * x) + _a6_)));{'d0': {'_a4_': 0.7898477167249429, '_a6_': 0.5256917704291558, '_a7_': 4.27520496260448, '_a0_': 1.0, '_a1_': 1.0, '_a2_': 1.0, '_a3_': 1.0, '_a5_': 1.0}};{'d0': 0.02490583291941658};-280.569866449044;36.22611529373493
10738;-104.058817930787;(x * ((_a7_ * _a4_) * ((((_a4_ * _a4_) + x) * x) + _a6_)));{'d0': {'_a4_': 0.7898477167249429, '_a6_': 0.5256917704291558, '_a7_': 4.27520496260448, '_a0_': 1.0, '_a1_': 1.0, '_a2_': 1.0, '_a3_': 1.0, '_a5_': 1.0}};{'d0': 0.02490583291941658};-280.569866449044;36.22611529373493
10739;-104.058817930787;(x * ((_a7_ * _a4_) * ((((_a4_ * _a4_) + x) * x) + _a6_)));{'d0': {'_a4_': 0.7898477167249429, '_a6_': 0.5256917704291558, '_a7_': 4.27520496260448, '_a0_': 1.0, '_a1_': 1.0, '_a2_': 1.0, '_a3_': 1.0, '_a5_': 1.0}};{'d0': 0.02490583291941658};-280.569866449044;36.22611529373493
10740;-104.058817930787;(x * ((_a7_ * _a4_) * ((((_a4_ * _a4_) + x) * x) + _a6_)));{'d0': {'_a4_': 0.7898477167249429, '_a6_': 0.5256917704291558, '_a7_': 4.27520496260448, '_a0_': 1.0, '_a1_': 1.0, '_a2_': 1.0, '_a3_': 1.0, '_a5_': 1.0}};{'d0': 0.02490583291941658};-280.569866449044;36.22611529373493
10741;-104.058817930787;(x * ((_a7_ * _a4_) * ((((_a4_ * _a4_) + x) * x) + _a6_)));{'d0': {'_a4_': 0.7898477167249429, '_a6_': 0.5256917704291558, '_a7_': 4.27520496260448, '_a0_': 1.0, '_a1_': 1.0, '_a2_': 1.0, '_a3_': 1.0, '_a5_': 1.0}};{'d0': 0.02490583291941658};-280.569866449044;36.22611529373493
10742;-104.058817930787;(x * ((_a7_ * _a4_) * ((((_a4_ * _a4_) + x) * x) + _a6_)));{'d0': {'_a4_': 0.7898477167249429, '_a6_': 0.5256917704291558, '_a7_': 4.27520496260448, '_a0_': 1.0, '_a1_': 1.0, '_a2_': 1.0, '_a3_': 1.0, '_a5_': 1.0}};{'d0': 0.02490583291941658};-280.569866449044;36.22611529373493
10743;-104.058817930787;(x * ((_a7_ * _a4_) * ((((_a4_ * _a4_) + x) * x) + _a6_)));{'d0': {'_a4_': 0.7898477167249429, '_a6_': 0.5256917704291558, '_a7_': 4.27520496260448, '_a0_': 1.0, '_a1_': 1.0, '_a2_': 1.0, '_a3_': 1.0, '_a5_': 1.0}};{'d0': 0.02490583291941658};-280.569866449044;36.22611529373493
10744;-104.058817930787;(x * ((_a7_ * _a4_) * ((((_a4_ * _a4_) + x) * x) + _a6_)));{'d0': {'_a4_': 0.7898477167249429, '_a6_': 0.5256917704291558, '_a7_': 4.27520496260448, '_a0_': 1.0, '_a1_': 1.0, '_a2_': 1.0, '_a3_': 1.0, '_a5_': 1.0}};{'d0': 0.02490583291941658};-280.569866449044;36.22611529373493
10745;-104.058817930787;(x * ((_a7_ * _a4_) * ((((_a4_ * _a4_) + x) * x) + _a6_)));{'d0': {'_a4_': 0.7898477167249429, '_a6_': 0.5256917704291558, '_a7_': 4.27520496260448, '_a0_': 1.0, '_a1_': 1.0, '_a2_': 1.0, '_a3_': 1.0, '_a5_': 1.0}};{'d0': 0.02490583291941658};-280.569866449044;36.22611529373493
10746;-104.058817930787;(x * ((_a7_ * _a4_) * ((((_a4_ * _a4_) + x) * x) + _a6_)));{'d0': {'_a4_': 0.7898477167249429, '_a6_': 0.5256917704291558, '_a7_': 4.27520496260448, '_a0_': 1.0, '_a1_': 1.0, '_a2_': 1.0, '_a3_': 1.0, '_a5_': 1.0}};{'d0': 0.02490583291941658};-280.569866449044;36.22611529373493
10747;-104.058817930787;(x * ((_a7_ * _a4_) * ((((_a4_ * _a4_) + x) * x) + _a6_)));{'d0': {'_a4_': 0.7898477167249429, '_a6_': 0.5256917704291558, '_a7_': 4.27520496260448, '_a0_': 1.0, '_a1_': 1.0, '_a2_': 1.0, '_a3_': 1.0, '_a5_': 1.0}};{'d0': 0.02490583291941658};-280.569866449044;36.22611529373493
10748;-104.058817930787;(x * ((_a7_ * _a4_) * ((((_a4_ * _a4_) + x) * x) + _a6_)));{'d0': {'_a4_': 0.7898477167249429, '_a6_': 0.5256917704291558, '_a7_': 4.27520496260448, '_a0_': 1.0, '_a1_': 1.0, '_a2_': 1.0, '_a3_': 1.0, '_a5_': 1.0}};{'d0': 0.02490583291941658};-280.569866449044;36.22611529373493
10749;-104.058817930787;(x * ((_a7_ * _a4_) * ((((_a4_ * _a4_) + x) * x) + _a6_)));{'d0': {'_a4_': 0.7898477167249429, '_a6_': 0.5256917704291558, '_a7_': 4.27520496260448, '_a0_': 1.0, '_a1_': 1.0, '_a2_': 1.0, '_a3_': 1.0, '_a5_': 1.0}};{'d0': 0.02490583291941658};-280.569866449044;36.22611529373493
10750;-104.058817930787;(x * ((_a7_ * _a4_) * ((((_a4_ * _a4_) + x) * x) + _a6_)));{'d0': {'_a4_': 0.7898477167249429, '_a6_': 0.5256917704291558, '_a7_': 4.27520496260448, '_a0_': 1.0, '_a1_': 1.0, '_a2_': 1.0, '_a3_': 1.0, '_a5_': 1.0}};{'d0': 0.02490583291941658};-280.569866449044;36.22611529373493
10751;-104.058817930787;(x * ((_a7_ * _a4_) * ((((_a4_ * _a4_) + x) * x) + _a6_)));{'d0': {'_a4_': 0.7898477167249429, '_a6_': 0.5256917704291558, '_a7_': 4.27520496260448, '_a0_': 1.0, '_a1_': 1.0, '_a2_': 1.0, '_a3_': 1.0, '_a5_': 1.0}};{'d0': 0.02490583291941658};-280.569866449044;36.22611529373493
10752;-104.058817930787;(x * ((_a7_ * _a4_) * ((((_a4_ * _a4_) + x) * x) + _a6_)));{'d0': {'_a4_': 0.7898477167249429, '_a6_': 0.5256917704291558, '_a7_': 4.27520496260448, '_a0_': 1.0, '_a1_': 1.0, '_a2_': 1.0, '_a3_': 1.0, '_a5_': 1.0}};{'d0': 0.02490583291941658};-280.569866449044;36.22611529373493
10753;-94.4402824091468;(x + (((pow2(_a6_) * (x * x)) + ((_a4_ * x) + _a5_)) * (_a6_ * x)));{'d0': {'_a4_': 1.4041718831602183, '_a5_': 0.5166670957933349, '_a6_': 1.5002608257664256, '_a0_': 1.0, '_a1_': 1.0, '_a2_': 1.0, '_a3_': 1.0, '_a7_': 1.0}};{'d0': 0.024905832919416643};-280.569866449044;45.84465081537504
10754;-94.4402824091468;(x + (((pow2(_a6_) * (x * x)) + ((_a4_ * x) + _a5_)) * (_a6_ * x)));{'d0': {'_a4_': 1.4041718831602183, '_a5_': 0.5166670957933349, '_a6_': 1.5002608257664256, '_a0_': 1.0, '_a1_': 1.0, '_a2_': 1.0, '_a3_': 1.0, '_a7_': 1.0}};{'d0': 0.024905832919416643};-280.569866449044;45.84465081537504
10755;-94.4402824091468;(x + (((pow2(_a6_) * (x * x)) + ((_a4_ * x) + _a5_)) * (_a6_ * x)));{'d0': {'_a4_': 1.4041718831602183, '_a5_': 0.5166670957933349, '_a6_': 1.5002608257664256, '_a0_': 1.0, '_a1_': 1.0, '_a2_': 1.0, '_a3_': 1.0, '_a7_': 1.0}};{'d0': 0.024905832919416643};-280.569866449044;45.84465081537504
10756;-94.4402824091468;(x + (((pow2(_a6_) * (x * x)) + ((_a4_ * x) + _a5_)) * (_a6_ * x)));{'d0': {'_a4_': 1.4041718831602183, '_a5_': 0.5166670957933349, '_a6_': 1.5002608257664256, '_a0_': 1.0, '_a1_': 1.0, '_a2_': 1.0, '_a3_': 1.0, '_a7_': 1.0}};{'d0': 0.024905832919416643};-280.569866449044;45.84465081537504
10757;-94.4402824091468;(x + (((pow2(_a6_) * (x * x)) + ((_a4_ * x) + _a5_)) * (_a6_ * x)));{'d0': {'_a4_': 1.4041718831602183, '_a5_': 0.5166670957933349, '_a6_': 1.5002608257664256, '_a0_': 1.0, '_a1_': 1.0, '_a2_': 1.0, '_a3_': 1.0, '_a7_': 1.0}};{'d0': 0.024905832919416643};-280.569866449044;45.84465081537504
10758;-94.4402824091468;(x + (((pow2(_a6_) * (x * x)) + ((_a4_ * x) + _a5_)) * (_a6_ * x)));{'d0': {'_a4_': 1.4041718831602183, '_a5_': 0.5166670957933349, '_a6_': 1.5002608257664256, '_a0_': 1.0, '_a1_': 1.0, '_a2_': 1.0, '_a3_': 1.0, '_a7_': 1.0}};{'d0': 0.024905832919416643};-280.569866449044;45.84465081537504
10759;-94.4402824091468;(x + (((pow2(_a6_) * (x * x)) + ((_a4_ * x) + _a5_)) * (_a6_ * x)));{'d0': {'_a4_': 1.4041718831602183, '_a5_': 0.5166670957933349, '_a6_': 1.5002608257664256, '_a0_': 1.0, '_a1_': 1.0, '_a2_': 1.0, '_a3_': 1.0, '_a7_': 1.0}};{'d0': 0.024905832919416643};-280.569866449044;45.84465081537504
10760;-94.4402824091468;(x + (((pow2(_a6_) * (x * x)) + ((_a4_ * x) + _a5_)) * (_a6_ * x)));{'d0': {'_a4_': 1.4041718831602183, '_a5_': 0.5166670957933349, '_a6_': 1.5002608257664256, '_a0_': 1.0, '_a1_': 1.0, '_a2_': 1.0, '_a3_': 1.0, '_a7_': 1.0}};{'d0': 0.024905832919416643};-280.569866449044;45.84465081537504
10761;-94.4402824091468;(x + (((pow2(_a6_) * (x * x)) + ((_a4_ * x) + _a5_)) * (_a6_ * x)));{'d0': {'_a4_': 1.4041718831602183, '_a5_': 0.5166670957933349, '_a6_': 1.5002608257664256, '_a0_': 1.0, '_a1_': 1.0, '_a2_': 1.0, '_a3_': 1.0, '_a7_': 1.0}};{'d0': 0.024905832919416643};-280.569866449044;45.84465081537504
10762;-94.4402824091468;(x + (((pow2(_a6_) * (x * x)) + ((_a4_ * x) + _a5_)) * (_a6_ * x)));{'d0': {'_a4_': 1.4041718831602183, '_a5_': 0.5166670957933349, '_a6_': 1.5002608257664256, '_a0_': 1.0, '_a1_': 1.0, '_a2_': 1.0, '_a3_': 1.0, '_a7_': 1.0}};{'d0': 0.024905832919416643};-280.569866449044;45.84465081537504
10763;-94.4402824091468;(x + (((pow2(_a6_) * (x * x)) + ((_a4_ * x) + _a5_)) * (_a6_ * x)));{'d0': {'_a4_': 1.4041718831602183, '_a5_': 0.5166670957933349, '_a6_': 1.5002608257664256, '_a0_': 1.0, '_a1_': 1.0, '_a2_': 1.0, '_a3_': 1.0, '_a7_': 1.0}};{'d0': 0.024905832919416643};-280.569866449044;45.84465081537504
10764;-94.4402824091468;(x + (((pow2(_a6_) * (x * x)) + ((_a4_ * x) + _a5_)) * (_a6_ * x)));{'d0': {'_a4_': 1.4041718831602183, '_a5_': 0.5166670957933349, '_a6_': 1.5002608257664256, '_a0_': 1.0, '_a1_': 1.0, '_a2_': 1.0, '_a3_': 1.0, '_a7_': 1.0}};{'d0': 0.024905832919416643};-280.569866449044;45.84465081537504
10765;-94.4402824091468;(x + (((pow2(_a6_) * (x * x)) + ((_a4_ * x) + _a5_)) * (_a6_ * x)));{'d0': {'_a4_': 1.4041718831602183, '_a5_': 0.5166670957933349, '_a6_': 1.5002608257664256, '_a0_': 1.0, '_a1_': 1.0, '_a2_': 1.0, '_a3_': 1.0, '_a7_': 1.0}};{'d0': 0.024905832919416643};-280.569866449044;45.84465081537504
10766;-94.4402824091468;(x + (((pow2(_a6_) * (x * x)) + ((_a4_ * x) + _a5_)) * (_a6_ * x)));{'d0': {'_a4_': 1.4041718831602183, '_a5_': 0.5166670957933349, '_a6_': 1.5002608257664256, '_a0_': 1.0, '_a1_': 1.0, '_a2_': 1.0, '_a3_': 1.0, '_a7_': 1.0}};{'d0': 0.024905832919416643};-280.569866449044;45.84465081537504
10767;-94.4402824091468;(x + (((pow2(_a6_) * (x * x)) + ((_a4_ * x) + _a5_)) * (_a6_ * x)));{'d0': {'_a4_': 1.4041718831602183, '_a5_': 0.5166670957933349, '_a6_': 1.5002608257664256, '_a0_': 1.0, '_a1_': 1.0, '_a2_': 1.0, '_a3_': 1.0, '_a7_': 1.0}};{'d0': 0.024905832919416643};-280.569866449044;45.84465081537504
10768;-94.4402824091468;(x + (((pow2(_a6_) * (x * x)) + ((_a4_ * x) + _a5_)) * (_a6_ * x)));{'d0': {'_a4_': 1.4041718831602183, '_a5_': 0.5166670957933349, '_a6_': 1.5002608257664256, '_a0_': 1.0, '_a1_': 1.0, '_a2_': 1.0, '_a3_': 1.0, '_a7_': 1.0}};{'d0': 0.024905832919416643};-280.569866449044;45.84465081537504
10769;-94.4402824091468;(x + (((pow2(_a6_) * (x * x)) + ((_a4_ * x) + _a5_)) * (_a6_ * x)));{'d0': {'_a4_': 1.4041718831602183, '_a5_': 0.5166670957933349, '_a6_': 1.5002608257664256, '_a0_': 1.0, '_a1_': 1.0, '_a2_': 1.0, '_a3_': 1.0, '_a7_': 1.0}};{'d0': 0.024905832919416643};-280.569866449044;45.84465081537504
10770;-94.4402824091468;(x + (((pow2(_a6_) * (x * x)) + ((_a4_ * x) + _a5_)) * (_a6_ * x)));{'d0': {'_a4_': 1.4041718831602183, '_a5_': 0.5166670957933349, '_a6_': 1.5002608257664256, '_a0_': 1.0, '_a1_': 1.0, '_a2_': 1.0, '_a3_': 1.0, '_a7_': 1.0}};{'d0': 0.024905832919416643};-280.569866449044;45.84465081537504
10771;-94.4402824091468;(x + (((pow2(_a6_) * (x * x)) + ((_a4_ * x) + _a5_)) * (_a6_ * x)));{'d0': {'_a4_': 1.4041718831602183, '_a5_': 0.5166670957933349, '_a6_': 1.5002608257664256, '_a0_': 1.0, '_a1_': 1.0, '_a2_': 1.0, '_a3_': 1.0, '_a7_': 1.0}};{'d0': 0.024905832919416643};-280.569866449044;45.84465081537504
10772;-94.4402824091468;(x + (((pow2(_a6_) * (x * x)) + ((_a4_ * x) + _a5_)) * (_a6_ * x)));{'d0': {'_a4_': 1.4041718831602183, '_a5_': 0.5166670957933349, '_a6_': 1.5002608257664256, '_a0_': 1.0, '_a1_': 1.0, '_a2_': 1.0, '_a3_': 1.0, '_a7_': 1.0}};{'d0': 0.024905832919416643};-280.569866449044;45.84465081537504
10773;-94.4402824091468;(x + (((pow2(_a6_) * (x * x)) + ((_a4_ * x) + _a5_)) * (_a6_ * x)));{'d0': {'_a4_': 1.4041718831602183, '_a5_': 0.5166670957933349, '_a6_': 1.5002608257664256, '_a0_': 1.0, '_a1_': 1.0, '_a2_': 1.0, '_a3_': 1.0, '_a7_': 1.0}};{'d0': 0.024905832919416643};-280.569866449044;45.84465081537504
10774;-94.4402824091468;(x + (((pow2(_a6_) * (x * x)) + ((_a4_ * x) + _a5_)) * (_a6_ * x)));{'d0': {'_a4_': 1.4041718831602183, '_a5_': 0.5166670957933349, '_a6_': 1.5002608257664256, '_a0_': 1.0, '_a1_': 1.0, '_a2_': 1.0, '_a3_': 1.0, '_a7_': 1.0}};{'d0': 0.024905832919416643};-280.569866449044;45.84465081537504
10775;-94.4402824091468;(x + (((pow2(_a6_) * (x * x)) + ((_a4_ * x) + _a5_)) * (_a6_ * x)));{'d0': {'_a4_': 1.4041718831602183, '_a5_': 0.5166670957933349, '_a6_': 1.5002608257664256, '_a0_': 1.0, '_a1_': 1.0, '_a2_': 1.0, '_a3_': 1.0, '_a7_': 1.0}};{'d0': 0.024905832919416643};-280.569866449044;45.84465081537504
10776;-94.4402824091468;(x + (((pow2(_a6_) * (x * x)) + ((_a4_ * x) + _a5_)) * (_a6_ * x)));{'d0': {'_a4_': 1.4041718831602183, '_a5_': 0.5166670957933349, '_a6_': 1.5002608257664256, '_a0_': 1.0, '_a1_': 1.0, '_a2_': 1.0, '_a3_': 1.0, '_a7_': 1.0}};{'d0': 0.024905832919416643};-280.569866449044;45.84465081537504
10777;-94.4402824091468;(x + (((pow2(_a6_) * (x * x)) + ((_a4_ * x) + _a5_)) * (_a6_ * x)));{'d0': {'_a4_': 1.4041718831602183, '_a5_': 0.5166670957933349, '_a6_': 1.5002608257664256, '_a0_': 1.0, '_a1_': 1.0, '_a2_': 1.0, '_a3_': 1.0, '_a7_': 1.0}};{'d0': 0.024905832919416643};-280.569866449044;45.84465081537504
10778;-94.4402824091468;(x + (((pow2(_a6_) * (x * x)) + ((_a4_ * x) + _a5_)) * (_a6_ * x)));{'d0': {'_a4_': 1.4041718831602183, '_a5_': 0.5166670957933349, '_a6_': 1.5002608257664256, '_a0_': 1.0, '_a1_': 1.0, '_a2_': 1.0, '_a3_': 1.0, '_a7_': 1.0}};{'d0': 0.024905832919416643};-280.569866449044;45.84465081537504
10779;-94.4402824091468;(x + (((pow2(_a6_) * (x * x)) + ((_a4_ * x) + _a5_)) * (_a6_ * x)));{'d0': {'_a4_': 1.4041718831602183, '_a5_': 0.5166670957933349, '_a6_': 1.5002608257664256, '_a0_': 1.0, '_a1_': 1.0, '_a2_': 1.0, '_a3_': 1.0, '_a7_': 1.0}};{'d0': 0.024905832919416643};-280.569866449044;45.84465081537504
10780;-94.4402824091468;(x + (((pow2(_a6_) * (x * x)) + ((_a4_ * x) + _a5_)) * (_a6_ * x)));{'d0': {'_a4_': 1.4041718831602183, '_a5_': 0.5166670957933349, '_a6_': 1.5002608257664256, '_a0_': 1.0, '_a1_': 1.0, '_a2_': 1.0, '_a3_': 1.0, '_a7_': 1.0}};{'d0': 0.024905832919416643};-280.569866449044;45.84465081537504
10781;-92.4176329811767;(_a1_ + (((pow2(_a6_) * (x * x)) + ((_a4_ * x) + _a5_)) * (_a6_ * x)));{'d0': {'_a1_': -0.0010241163878750058, '_a4_': 1.4073260221375907, '_a5_': 1.1822253898829964, '_a6_': 1.5011129185086187, '_a0_': 1.0, '_a2_': 1.0, '_a3_': 1.0, '_a7_': 1.0}};{'d0': 0.024885482501953615};-276.524567593103;45.84465081537504
10782;-92.4176329811767;(_a1_ + (((pow2(_a6_) * (x * x)) + ((_a4_ * x) + _a5_)) * (_a6_ * x)));{'d0': {'_a1_': -0.0010241163878750058, '_a4_': 1.4073260221375907, '_a5_': 1.1822253898829964, '_a6_': 1.5011129185086187, '_a0_': 1.0, '_a2_': 1.0, '_a3_': 1.0, '_a7_': 1.0}};{'d0': 0.024885482501953615};-276.524567593103;45.84465081537504
10783;-92.4176329811767;(_a1_ + (((pow2(_a6_) * (x * x)) + ((_a4_ * x) + _a5_)) * (_a6_ * x)));{'d0': {'_a1_': -0.0010241163878750058, '_a4_': 1.4073260221375907, '_a5_': 1.1822253898829964, '_a6_': 1.5011129185086187, '_a0_': 1.0, '_a2_': 1.0, '_a3_': 1.0, '_a7_': 1.0}};{'d0': 0.024885482501953615};-276.524567593103;45.84465081537504
10784;-88.6951756455250;(pow2(_a2_) + (((pow2(_a6_) * (x * x)) + ((_a4_ * x) + _a5_)) * (_a6_ * x)));{'d0': {'_a2_': 1.4381367329801339e-05, '_a4_': 1.4041718891924482, '_a5_': 1.1832178530791293, '_a6_': 1.5002608295617155, '_a0_': 1.0, '_a1_': 1.0, '_a3_': 1.0, '_a7_': 1.0}};{'d0': 0.02490583292763624};-276.475521867020;49.54258528798504
10785;-88.6951756455250;(pow2(_a2_) + (((pow2(_a6_) * (x * x)) + ((_a4_ * x) + _a5_)) * (_a6_ * x)));{'d0': {'_a2_': 1.4381367329801339e-05, '_a4_': 1.4041718891924482, '_a5_': 1.1832178530791293, '_a6_': 1.5002608295617155, '_a0_': 1.0, '_a1_': 1.0, '_a3_': 1.0, '_a7_': 1.0}};{'d0': 0.02490583292763624};-276.475521867020;49.54258528798504
10786;-88.6951756455250;(pow2(_a2_) + (((pow2(_a6_) * (x * x)) + ((_a4_ * x) + _a5_)) * (_a6_ * x)));{'d0': {'_a2_': 1.4381367329801339e-05, '_a4_': 1.4041718891924482, '_a5_': 1.1832178530791293, '_a6_': 1.5002608295617155, '_a0_': 1.0, '_a1_': 1.0, '_a3_': 1.0, '_a7_': 1.0}};{'d0': 0.02490583292763624};-276.475521867020;49.54258528798504
10787;-88.6951756455250;(pow2(_a2_) + (((pow2(_a6_) * (x * x)) + ((_a4_ * x) + _a5_)) * (_a6_ * x)));{'d0': {'_a2_': 1.4381367329801339e-05, '_a4_': 1.4041718891924482, '_a5_': 1.1832178530791293, '_a6_': 1.5002608295617155, '_a0_': 1.0, '_a1_': 1.0, '_a3_': 1.0, '_a7_': 1.0}};{'d0': 0.02490583292763624};-276.475521867020;49.54258528798504
10788;-88.6951756455250;(pow2(_a2_) + (((pow2(_a6_) * (x * x)) + ((_a4_ * x) + _a5_)) * (_a6_ * x)));{'d0': {'_a2_': 1.4381367329801339e-05, '_a4_': 1.4041718891924482, '_a5_': 1.1832178530791293, '_a6_': 1.5002608295617155, '_a0_': 1.0, '_a1_': 1.0, '_a3_': 1.0, '_a7_': 1.0}};{'d0': 0.02490583292763624};-276.475521867020;49.54258528798504
10789;-88.6951756455250;(pow2(_a2_) + (((pow2(_a6_) * (x * x)) + ((_a4_ * x) + _a5_)) * (_a6_ * x)));{'d0': {'_a2_': 1.4381367329801339e-05, '_a4_': 1.4041718891924482, '_a5_': 1.1832178530791293, '_a6_': 1.5002608295617155, '_a0_': 1.0, '_a1_': 1.0, '_a3_': 1.0, '_a7_': 1.0}};{'d0': 0.02490583292763624};-276.475521867020;49.54258528798504
10790;-88.6951756455250;(pow2(_a2_) + (((pow2(_a6_) * (x * x)) + ((_a4_ * x) + _a5_)) * (_a6_ * x)));{'d0': {'_a2_': 1.4381367329801339e-05, '_a4_': 1.4041718891924482, '_a5_': 1.1832178530791293, '_a6_': 1.5002608295617155, '_a0_': 1.0, '_a1_': 1.0, '_a3_': 1.0, '_a7_': 1.0}};{'d0': 0.02490583292763624};-276.475521867020;49.54258528798504
10791;-88.6951756455250;(pow2(_a2_) + (((pow2(_a6_) * (x * x)) + ((_a4_ * x) + _a5_)) * (_a6_ * x)));{'d0': {'_a2_': 1.4381367329801339e-05, '_a4_': 1.4041718891924482, '_a5_': 1.1832178530791293, '_a6_': 1.5002608295617155, '_a0_': 1.0, '_a1_': 1.0, '_a3_': 1.0, '_a7_': 1.0}};{'d0': 0.02490583292763624};-276.475521867020;49.54258528798504
10792;-88.6951756455250;(pow2(_a2_) + (((pow2(_a6_) * (x * x)) + ((_a4_ * x) + _a5_)) * (_a6_ * x)));{'d0': {'_a2_': 1.4381367329801339e-05, '_a4_': 1.4041718891924482, '_a5_': 1.1832178530791293, '_a6_': 1.5002608295617155, '_a0_': 1.0, '_a1_': 1.0, '_a3_': 1.0, '_a7_': 1.0}};{'d0': 0.02490583292763624};-276.475521867020;49.54258528798504
10793;-88.6951756455250;(pow2(_a2_) + (((pow2(_a6_) * (x * x)) + ((_a4_ * x) + _a5_)) * (_a6_ * x)));{'d0': {'_a2_': 1.4381367329801339e-05, '_a4_': 1.4041718891924482, '_a5_': 1.1832178530791293, '_a6_': 1.5002608295617155, '_a0_': 1.0, '_a1_': 1.0, '_a3_': 1.0, '_a7_': 1.0}};{'d0': 0.02490583292763624};-276.475521867020;49.54258528798504
10794;-88.6951756455250;(pow2(_a2_) + (((pow2(_a6_) * (x * x)) + ((_a4_ * x) + _a5_)) * (_a6_ * x)));{'d0': {'_a2_': 1.4381367329801339e-05, '_a4_': 1.4041718891924482, '_a5_': 1.1832178530791293, '_a6_': 1.5002608295617155, '_a0_': 1.0, '_a1_': 1.0, '_a3_': 1.0, '_a7_': 1.0}};{'d0': 0.02490583292763624};-276.475521867020;49.54258528798504
10795;-88.6951756455250;(pow2(_a2_) + (((pow2(_a6_) * (x * x)) + ((_a4_ * x) + _a5_)) * (_a6_ * x)));{'d0': {'_a2_': 1.4381367329801339e-05, '_a4_': 1.4041718891924482, '_a5_': 1.1832178530791293, '_a6_': 1.5002608295617155, '_a0_': 1.0, '_a1_': 1.0, '_a3_': 1.0, '_a7_': 1.0}};{'d0': 0.02490583292763624};-276.475521867020;49.54258528798504
10796;-88.6951756455250;(pow2(_a2_) + (((pow2(_a6_) * (x * x)) + ((_a4_ * x) + _a5_)) * (_a6_ * x)));{'d0': {'_a2_': 1.4381367329801339e-05, '_a4_': 1.4041718891924482, '_a5_': 1.1832178530791293, '_a6_': 1.5002608295617155, '_a0_': 1.0, '_a1_': 1.0, '_a3_': 1.0, '_a7_': 1.0}};{'d0': 0.02490583292763624};-276.475521867020;49.54258528798504
10797;-88.6951756455250;(pow2(_a2_) + (((pow2(_a6_) * (x * x)) + ((_a4_ * x) + _a5_)) * (_a6_ * x)));{'d0': {'_a2_': 1.4381367329801339e-05, '_a4_': 1.4041718891924482, '_a5_': 1.1832178530791293, '_a6_': 1.5002608295617155, '_a0_': 1.0, '_a1_': 1.0, '_a3_': 1.0, '_a7_': 1.0}};{'d0': 0.02490583292763624};-276.475521867020;49.54258528798504
10798;-88.6951756455250;(pow2(_a2_) + (((pow2(_a6_) * (x * x)) + ((_a4_ * x) + _a5_)) * (_a6_ * x)));{'d0': {'_a2_': 1.4381367329801339e-05, '_a4_': 1.4041718891924482, '_a5_': 1.1832178530791293, '_a6_': 1.5002608295617155, '_a0_': 1.0, '_a1_': 1.0, '_a3_': 1.0, '_a7_': 1.0}};{'d0': 0.02490583292763624};-276.475521867020;49.54258528798504
10799;-88.6951756455250;(pow2(_a2_) + (((pow2(_a6_) * (x * x)) + ((_a4_ * x) + _a5_)) * (_a6_ * x)));{'d0': {'_a2_': 1.4381367329801339e-05, '_a4_': 1.4041718891924482, '_a5_': 1.1832178530791293, '_a6_': 1.5002608295617155, '_a0_': 1.0, '_a1_': 1.0, '_a3_': 1.0, '_a7_': 1.0}};{'d0': 0.02490583292763624};-276.475521867020;49.54258528798504
10800;-109.408611468145;(((pow2((_a5_ + x)) / _a1_) + x) * (x * _a6_));{'d0': {'_a1_': -0.8262326786407688, '_a5_': 0.7250460470781497, '_a6_': -2.7899901856084903, '_a0_': 1.0, '_a2_': 1.0, '_a3_': 1.0, '_a4_': 1.0, '_a7_': 1.0}};{'d0': 0.024905832919416643};-280.569866449044;30.876321756376367
10801;-109.408611468145;(((pow2((_a5_ + x)) / _a1_) + x) * (x * _a6_));{'d0': {'_a1_': -0.8262326786407688, '_a5_': 0.7250460470781497, '_a6_': -2.7899901856084903, '_a0_': 1.0, '_a2_': 1.0, '_a3_': 1.0, '_a4_': 1.0, '_a7_': 1.0}};{'d0': 0.024905832919416643};-280.569866449044;30.876321756376367
10802;-109.408611468145;(((pow2((_a5_ + x)) / _a1_) + x) * (x * _a6_));{'d0': {'_a1_': -0.8262326786407688, '_a5_': 0.7250460470781497, '_a6_': -2.7899901856084903, '_a0_': 1.0, '_a2_': 1.0, '_a3_': 1.0, '_a4_': 1.0, '_a7_': 1.0}};{'d0': 0.024905832919416643};-280.569866449044;30.876321756376367
10803;-109.408611468145;(((pow2((_a5_ + x)) / _a1_) + x) * (x * _a6_));{'d0': {'_a1_': -0.8262326786407688, '_a5_': 0.7250460470781497, '_a6_': -2.7899901856084903, '_a0_': 1.0, '_a2_': 1.0, '_a3_': 1.0, '_a4_': 1.0, '_a7_': 1.0}};{'d0': 0.024905832919416643};-280.569866449044;30.876321756376367
10804;-109.408611468145;(((pow2((_a5_ + x)) / _a1_) + x) * (x * _a6_));{'d0': {'_a1_': -0.8262326786407688, '_a5_': 0.7250460470781497, '_a6_': -2.7899901856084903, '_a0_': 1.0, '_a2_': 1.0, '_a3_': 1.0, '_a4_': 1.0, '_a7_': 1.0}};{'d0': 0.024905832919416643};-280.569866449044;30.876321756376367
10805;-109.408611468145;(((pow2((_a5_ + x)) / _a1_) + x) * (x * _a6_));{'d0': {'_a1_': -0.8262326786407688, '_a5_': 0.7250460470781497, '_a6_': -2.7899901856084903, '_a0_': 1.0, '_a2_': 1.0, '_a3_': 1.0, '_a4_': 1.0, '_a7_': 1.0}};{'d0': 0.024905832919416643};-280.569866449044;30.876321756376367
10806;-102.484456547797;(((pow2(((_a3_ * _a0_) + x)) / _a1_) + x) * (x * _a6_));{'d0': {'_a0_': 1.3157542092531662, '_a1_': -0.8262326785719905, '_a3_': 0.551049743286058, '_a6_': -2.7899901854978566, '_a2_': 1.0, '_a4_': 1.0, '_a5_': 1.0, '_a7_': 1.0}};{'d0': 0.024905832919501308};-276.475521886617;35.753304395511364
10807;-98.6110277799805;(((pow2(((_a3_ * (x + _a3_)) + x)) / _a1_) + x) * (x * _a6_));{'d0': {'_a1_': -4.325202865268258, '_a3_': 1.2879791216532686, '_a6_': -2.789990185331702, '_a0_': 1.0, '_a2_': 1.0, '_a4_': 1.0, '_a5_': 1.0, '_a7_': 1.0}};{'d0': 0.024905832919416598};-280.569866449044;41.67390544454136
10808;-98.6110277799805;(((pow2(((_a3_ * (x + _a3_)) + x)) / _a1_) + x) * (x * _a6_));{'d0': {'_a1_': -4.325202865268258, '_a3_': 1.2879791216532686, '_a6_': -2.789990185331702, '_a0_': 1.0, '_a2_': 1.0, '_a4_': 1.0, '_a5_': 1.0, '_a7_': 1.0}};{'d0': 0.024905832919416598};-280.569866449044;41.67390544454136
10809;-98.6110277799805;(((pow2(((_a3_ * (x + _a3_)) + x)) / _a1_) + x) * (x * _a6_));{'d0': {'_a1_': -4.325202865268258, '_a3_': 1.2879791216532686, '_a6_': -2.789990185331702, '_a0_': 1.0, '_a2_': 1.0, '_a4_': 1.0, '_a5_': 1.0, '_a7_': 1.0}};{'d0': 0.024905832919416598};-280.569866449044;41.67390544454136
10810;-98.6110277799805;(((pow2(((_a3_ * (x + _a3_)) + x)) / _a1_) + x) * (x * _a6_));{'d0': {'_a1_': -4.325202865268258, '_a3_': 1.2879791216532686, '_a6_': -2.789990185331702, '_a0_': 1.0, '_a2_': 1.0, '_a4_': 1.0, '_a5_': 1.0, '_a7_': 1.0}};{'d0': 0.024905832919416598};-280.569866449044;41.67390544454136
10811;-98.6110277799805;(((pow2(((_a3_ * (x + _a3_)) + x)) / _a1_) + x) * (x * _a6_));{'d0': {'_a1_': -4.325202865268258, '_a3_': 1.2879791216532686, '_a6_': -2.789990185331702, '_a0_': 1.0, '_a2_': 1.0, '_a4_': 1.0, '_a5_': 1.0, '_a7_': 1.0}};{'d0': 0.024905832919416598};-280.569866449044;41.67390544454136
10812;-104.411319546383;(((_a3_ + pow2(x)) + (_a5_ * (x + _a5_))) * (x * _a4_));{'d0': {'_a3_': 0.13649120034053264, '_a4_': 3.3767608766207546, '_a5_': 0.623859415601901, '_a0_': 1.0, '_a1_': 1.0, '_a2_': 1.0, '_a6_': 1.0, '_a7_': 1.0}};{'d0': 0.024905832919416632};-280.569866449044;35.87361367813905
10813;-104.411319546383;(((_a3_ + pow2(x)) + (_a5_ * (x + _a5_))) * (x * _a4_));{'d0': {'_a3_': 0.13649120034053264, '_a4_': 3.3767608766207546, '_a5_': 0.623859415601901, '_a0_': 1.0, '_a1_': 1.0, '_a2_': 1.0, '_a6_': 1.0, '_a7_': 1.0}};{'d0': 0.024905832919416632};-280.569866449044;35.87361367813905
10814;-104.411319546383;(((_a3_ + pow2(x)) + (_a5_ * (x + _a5_))) * (x * _a4_));{'d0': {'_a3_': 0.13649120034053264, '_a4_': 3.3767608766207546, '_a5_': 0.623859415601901, '_a0_': 1.0, '_a1_': 1.0, '_a2_': 1.0, '_a6_': 1.0, '_a7_': 1.0}};{'d0': 0.024905832919416632};-280.569866449044;35.87361367813905
10815;-104.411319546383;(((_a3_ + pow2(x)) + (_a5_ * (x + _a5_))) * (x * _a4_));{'d0': {'_a3_': 0.13649120034053264, '_a4_': 3.3767608766207546, '_a5_': 0.623859415601901, '_a0_': 1.0, '_a1_': 1.0, '_a2_': 1.0, '_a6_': 1.0, '_a7_': 1.0}};{'d0': 0.024905832919416632};-280.569866449044;35.87361367813905
10816;-104.411319546383;(((_a3_ + pow2(x)) + (_a5_ * (x + _a5_))) * (x * _a4_));{'d0': {'_a3_': 0.13649120034053264, '_a4_': 3.3767608766207546, '_a5_': 0.623859415601901, '_a0_': 1.0, '_a1_': 1.0, '_a2_': 1.0, '_a6_': 1.0, '_a7_': 1.0}};{'d0': 0.024905832919416632};-280.569866449044;35.87361367813905
10817;-104.411319546383;(((_a3_ + pow2(x)) + (_a5_ * (x + _a5_))) * (x * _a4_));{'d0': {'_a3_': 0.13649120034053264, '_a4_': 3.3767608766207546, '_a5_': 0.623859415601901, '_a0_': 1.0, '_a1_': 1.0, '_a2_': 1.0, '_a6_': 1.0, '_a7_': 1.0}};{'d0': 0.024905832919416632};-280.569866449044;35.87361367813905
10818;-104.411319546383;(((_a3_ + pow2(x)) + (_a5_ * (x + _a5_))) * (x * _a4_));{'d0': {'_a3_': 0.13649120034053264, '_a4_': 3.3767608766207546, '_a5_': 0.623859415601901, '_a0_': 1.0, '_a1_': 1.0, '_a2_': 1.0, '_a6_': 1.0, '_a7_': 1.0}};{'d0': 0.024905832919416632};-280.569866449044;35.87361367813905
10819;-104.411319546383;(((_a7_ + pow2(x)) + (_a5_ * (x + _a5_))) * (x * _a4_));{'d0': {'_a4_': 3.3767608772522824, '_a5_': 0.6238594154118328, '_a7_': 0.1364912003225498, '_a0_': 1.0, '_a1_': 1.0, '_a2_': 1.0, '_a3_': 1.0, '_a6_': 1.0}};{'d0': 0.02490583291941666};-280.569866449044;35.87361367813905
10820;-104.411319546383;(((_a7_ + pow2(x)) + (_a5_ * (x + _a5_))) * (x * _a4_));{'d0': {'_a4_': 3.3767608772522824, '_a5_': 0.6238594154118328, '_a7_': 0.1364912003225498, '_a0_': 1.0, '_a1_': 1.0, '_a2_': 1.0, '_a3_': 1.0, '_a6_': 1.0}};{'d0': 0.02490583291941666};-280.569866449044;35.87361367813905
10821;-104.531628829010;(((pow2(((_a3_ * _a3_) + x)) / _a1_) + x) * (x * _a6_));{'d0': {'_a1_': -0.826232678300815, '_a3_': 0.851496357576797, '_a6_': -2.7899901852012365, '_a0_': 1.0, '_a2_': 1.0, '_a4_': 1.0, '_a5_': 1.0, '_a7_': 1.0}};{'d0': 0.024905832919416605};-280.569866449044;35.753304395511364
10822;-104.531628829010;(((pow2(((_a3_ * _a3_) + x)) / _a1_) + x) * (x * _a6_));{'d0': {'_a1_': -0.826232678300815, '_a3_': 0.851496357576797, '_a6_': -2.7899901852012365, '_a0_': 1.0, '_a2_': 1.0, '_a4_': 1.0, '_a5_': 1.0, '_a7_': 1.0}};{'d0': 0.024905832919416605};-280.569866449044;35.753304395511364
10823;-104.531628829010;(((pow2(((_a3_ * _a3_) + x)) / _a1_) + x) * (x * _a6_));{'d0': {'_a1_': -0.826232678300815, '_a3_': 0.851496357576797, '_a6_': -2.7899901852012365, '_a0_': 1.0, '_a2_': 1.0, '_a4_': 1.0, '_a5_': 1.0, '_a7_': 1.0}};{'d0': 0.024905832919416605};-280.569866449044;35.753304395511364
10824;-104.531628829010;(((pow2(((_a3_ * _a3_) + x)) / _a1_) + x) * (x * _a6_));{'d0': {'_a1_': -0.826232678300815, '_a3_': 0.851496357576797, '_a6_': -2.7899901852012365, '_a0_': 1.0, '_a2_': 1.0, '_a4_': 1.0, '_a5_': 1.0, '_a7_': 1.0}};{'d0': 0.024905832919416605};-280.569866449044;35.753304395511364
10825;-104.531628829010;(((pow2(((_a3_ * _a3_) + x)) / _a1_) + x) * (x * _a6_));{'d0': {'_a1_': -0.826232678300815, '_a3_': 0.851496357576797, '_a6_': -2.7899901852012365, '_a0_': 1.0, '_a2_': 1.0, '_a4_': 1.0, '_a5_': 1.0, '_a7_': 1.0}};{'d0': 0.024905832919416605};-280.569866449044;35.753304395511364
10826;-104.531628829010;(((pow2(((_a3_ * _a3_) + x)) / _a1_) + x) * (x * _a6_));{'d0': {'_a1_': -0.826232678300815, '_a3_': 0.851496357576797, '_a6_': -2.7899901852012365, '_a0_': 1.0, '_a2_': 1.0, '_a4_': 1.0, '_a5_': 1.0, '_a7_': 1.0}};{'d0': 0.024905832919416605};-280.569866449044;35.753304395511364
10827;-104.531628829010;(((pow2(((_a3_ * _a3_) + x)) / _a1_) + x) * (x * _a6_));{'d0': {'_a1_': -0.826232678300815, '_a3_': 0.851496357576797, '_a6_': -2.7899901852012365, '_a0_': 1.0, '_a2_': 1.0, '_a4_': 1.0, '_a5_': 1.0, '_a7_': 1.0}};{'d0': 0.024905832919416605};-280.569866449044;35.753304395511364
10828;-104.531628829010;(((pow2(((_a3_ * _a3_) + x)) / _a1_) + x) * (x * _a6_));{'d0': {'_a1_': -0.826232678300815, '_a3_': 0.851496357576797, '_a6_': -2.7899901852012365, '_a0_': 1.0, '_a2_': 1.0, '_a4_': 1.0, '_a5_': 1.0, '_a7_': 1.0}};{'d0': 0.024905832919416605};-280.569866449044;35.753304395511364
10829;-104.531628829010;(((pow2(((_a3_ * _a3_) + x)) / _a1_) + x) * (x * _a6_));{'d0': {'_a1_': -0.826232678300815, '_a3_': 0.851496357576797, '_a6_': -2.7899901852012365, '_a0_': 1.0, '_a2_': 1.0, '_a4_': 1.0, '_a5_': 1.0, '_a7_': 1.0}};{'d0': 0.024905832919416605};-280.569866449044;35.753304395511364
10830;-104.531628829010;(((pow2(((_a3_ * _a3_) + x)) / _a1_) + x) * (x * _a6_));{'d0': {'_a1_': -0.826232678300815, '_a3_': 0.851496357576797, '_a6_': -2.7899901852012365, '_a0_': 1.0, '_a2_': 1.0, '_a4_': 1.0, '_a5_': 1.0, '_a7_': 1.0}};{'d0': 0.024905832919416605};-280.569866449044;35.753304395511364
10831;-104.531628829010;(((pow2(((_a3_ * _a3_) + x)) / _a1_) + x) * (x * _a6_));{'d0': {'_a1_': -0.826232678300815, '_a3_': 0.851496357576797, '_a6_': -2.7899901852012365, '_a0_': 1.0, '_a2_': 1.0, '_a4_': 1.0, '_a5_': 1.0, '_a7_': 1.0}};{'d0': 0.024905832919416605};-280.569866449044;35.753304395511364
10832;-104.531628829010;(((pow2(((_a3_ * _a3_) + x)) / _a1_) + x) * (x * _a6_));{'d0': {'_a1_': -0.826232678300815, '_a3_': 0.851496357576797, '_a6_': -2.7899901852012365, '_a0_': 1.0, '_a2_': 1.0, '_a4_': 1.0, '_a5_': 1.0, '_a7_': 1.0}};{'d0': 0.024905832919416605};-280.569866449044;35.753304395511364
10833;-104.531628829010;(((pow2(((_a3_ * _a3_) + x)) / _a1_) + x) * (x * _a6_));{'d0': {'_a1_': -0.826232678300815, '_a3_': 0.851496357576797, '_a6_': -2.7899901852012365, '_a0_': 1.0, '_a2_': 1.0, '_a4_': 1.0, '_a5_': 1.0, '_a7_': 1.0}};{'d0': 0.024905832919416605};-280.569866449044;35.753304395511364
10834;-104.531628829010;(((pow2(((_a3_ * _a3_) + x)) / _a1_) + x) * (x * _a6_));{'d0': {'_a1_': -0.826232678300815, '_a3_': 0.851496357576797, '_a6_': -2.7899901852012365, '_a0_': 1.0, '_a2_': 1.0, '_a4_': 1.0, '_a5_': 1.0, '_a7_': 1.0}};{'d0': 0.024905832919416605};-280.569866449044;35.753304395511364
10835;-104.531628829010;(((pow2(((_a3_ * _a3_) + x)) / _a1_) + x) * (x * _a6_));{'d0': {'_a1_': -0.826232678300815, '_a3_': 0.851496357576797, '_a6_': -2.7899901852012365, '_a0_': 1.0, '_a2_': 1.0, '_a4_': 1.0, '_a5_': 1.0, '_a7_': 1.0}};{'d0': 0.024905832919416605};-280.569866449044;35.753304395511364
10836;-104.531628829010;(((pow2(((_a3_ * _a3_) + x)) / _a1_) + x) * (x * _a6_));{'d0': {'_a1_': -0.826232678300815, '_a3_': 0.851496357576797, '_a6_': -2.7899901852012365, '_a0_': 1.0, '_a2_': 1.0, '_a4_': 1.0, '_a5_': 1.0, '_a7_': 1.0}};{'d0': 0.024905832919416605};-280.569866449044;35.753304395511364
10837;-104.531628829010;(((pow2(((_a3_ * _a3_) + x)) / _a1_) + x) * (x * _a6_));{'d0': {'_a1_': -0.826232678300815, '_a3_': 0.851496357576797, '_a6_': -2.7899901852012365, '_a0_': 1.0, '_a2_': 1.0, '_a4_': 1.0, '_a5_': 1.0, '_a7_': 1.0}};{'d0': 0.024905832919416605};-280.569866449044;35.753304395511364
10838;-104.531628829010;(((pow2(((_a3_ * _a3_) + x)) / _a1_) + x) * (x * _a6_));{'d0': {'_a1_': -0.826232678300815, '_a3_': 0.851496357576797, '_a6_': -2.7899901852012365, '_a0_': 1.0, '_a2_': 1.0, '_a4_': 1.0, '_a5_': 1.0, '_a7_': 1.0}};{'d0': 0.024905832919416605};-280.569866449044;35.753304395511364
10839;-104.531628829010;(((pow2(((_a3_ * _a3_) + x)) / _a1_) + x) * (x * _a6_));{'d0': {'_a1_': -0.826232678300815, '_a3_': 0.851496357576797, '_a6_': -2.7899901852012365, '_a0_': 1.0, '_a2_': 1.0, '_a4_': 1.0, '_a5_': 1.0, '_a7_': 1.0}};{'d0': 0.024905832919416605};-280.569866449044;35.753304395511364
10840;-99.4619796209259;(((_a7_ + pow2(x)) + (_a5_ * (x + _a5_))) * (x * (_a7_ * _a6_)));{'d0': {'_a5_': 0.6238594158829355, '_a6_': 24.739770078782808, '_a7_': 0.13649119903591475, '_a0_': 1.0, '_a1_': 1.0, '_a2_': 1.0, '_a3_': 1.0, '_a4_': 1.0}};{'d0': 0.024905832919416625};-280.569866449044;40.82295360359605
10841;-99.4619796209259;(((_a7_ + pow2(x)) + (_a5_ * (x + _a5_))) * (x * (_a7_ * _a6_)));{'d0': {'_a5_': 0.6238594158829355, '_a6_': 24.739770078782808, '_a7_': 0.13649119903591475, '_a0_': 1.0, '_a1_': 1.0, '_a2_': 1.0, '_a3_': 1.0, '_a4_': 1.0}};{'d0': 0.024905832919416625};-280.569866449044;40.82295360359605
10842;-99.4619796209259;(((_a7_ + pow2(x)) + (_a5_ * (x + _a5_))) * (x * (_a7_ * _a6_)));{'d0': {'_a5_': 0.6238594158829355, '_a6_': 24.739770078782808, '_a7_': 0.13649119903591475, '_a0_': 1.0, '_a1_': 1.0, '_a2_': 1.0, '_a3_': 1.0, '_a4_': 1.0}};{'d0': 0.024905832919416625};-280.569866449044;40.82295360359605
10843;-99.4619796209259;(((_a7_ + pow2(x)) + (_a5_ * (x + _a5_))) * (x * (_a7_ * _a6_)));{'d0': {'_a5_': 0.6238594158829355, '_a6_': 24.739770078782808, '_a7_': 0.13649119903591475, '_a0_': 1.0, '_a1_': 1.0, '_a2_': 1.0, '_a3_': 1.0, '_a4_': 1.0}};{'d0': 0.024905832919416625};-280.569866449044;40.82295360359605
10844;-99.4619796209259;(((_a7_ + pow2(x)) + (_a5_ * (x + _a5_))) * (x * (_a7_ * _a6_)));{'d0': {'_a5_': 0.6238594158829355, '_a6_': 24.739770078782808, '_a7_': 0.13649119903591475, '_a0_': 1.0, '_a1_': 1.0, '_a2_': 1.0, '_a3_': 1.0, '_a4_': 1.0}};{'d0': 0.024905832919416625};-280.569866449044;40.82295360359605
10845;-99.4619796209259;(((_a7_ + pow2(x)) + (_a5_ * (x + _a5_))) * (x * (_a7_ * _a6_)));{'d0': {'_a5_': 0.6238594158829355, '_a6_': 24.739770078782808, '_a7_': 0.13649119903591475, '_a0_': 1.0, '_a1_': 1.0, '_a2_': 1.0, '_a3_': 1.0, '_a4_': 1.0}};{'d0': 0.024905832919416625};-280.569866449044;40.82295360359605
10846;-99.4619796209259;(((_a7_ + pow2(x)) + (_a5_ * (x + _a5_))) * (x * (_a7_ * _a6_)));{'d0': {'_a5_': 0.6238594158829355, '_a6_': 24.739770078782808, '_a7_': 0.13649119903591475, '_a0_': 1.0, '_a1_': 1.0, '_a2_': 1.0, '_a3_': 1.0, '_a4_': 1.0}};{'d0': 0.024905832919416625};-280.569866449044;40.82295360359605
10847;-99.4619796209259;(((_a7_ + pow2(x)) + (_a5_ * (x + _a5_))) * (x * (_a7_ * _a6_)));{'d0': {'_a5_': 0.6238594158829355, '_a6_': 24.739770078782808, '_a7_': 0.13649119903591475, '_a0_': 1.0, '_a1_': 1.0, '_a2_': 1.0, '_a3_': 1.0, '_a4_': 1.0}};{'d0': 0.024905832919416625};-280.569866449044;40.82295360359605
10848;-99.4619796209259;(((_a7_ + pow2(x)) + (_a5_ * (x + _a5_))) * (x * (_a7_ * _a6_)));{'d0': {'_a5_': 0.6238594158829355, '_a6_': 24.739770078782808, '_a7_': 0.13649119903591475, '_a0_': 1.0, '_a1_': 1.0, '_a2_': 1.0, '_a3_': 1.0, '_a4_': 1.0}};{'d0': 0.024905832919416625};-280.569866449044;40.82295360359605
10849;-99.4619796209259;(((_a7_ + pow2(x)) + (_a5_ * (x + _a5_))) * (x * (_a7_ * _a6_)));{'d0': {'_a5_': 0.6238594158829355, '_a6_': 24.739770078782808, '_a7_': 0.13649119903591475, '_a0_': 1.0, '_a1_': 1.0, '_a2_': 1.0, '_a3_': 1.0, '_a4_': 1.0}};{'d0': 0.024905832919416625};-280.569866449044;40.82295360359605
10850;-99.4619796209259;(((_a7_ + pow2(x)) + (_a5_ * (x + _a5_))) * (x * (_a7_ * _a6_)));{'d0': {'_a5_': 0.6238594158829355, '_a6_': 24.739770078782808, '_a7_': 0.13649119903591475, '_a0_': 1.0, '_a1_': 1.0, '_a2_': 1.0, '_a3_': 1.0, '_a4_': 1.0}};{'d0': 0.024905832919416625};-280.569866449044;40.82295360359605
10851;-99.4619796209259;(((_a7_ + pow2(x)) + (_a5_ * (x + _a5_))) * (x * (_a7_ * _a6_)));{'d0': {'_a5_': 0.6238594158829355, '_a6_': 24.739770078782808, '_a7_': 0.13649119903591475, '_a0_': 1.0, '_a1_': 1.0, '_a2_': 1.0, '_a3_': 1.0, '_a4_': 1.0}};{'d0': 0.024905832919416625};-280.569866449044;40.82295360359605
10852;-99.4619796209259;(((_a7_ + pow2(x)) + (_a5_ * (x + _a5_))) * (x * (_a7_ * _a6_)));{'d0': {'_a5_': 0.6238594158829355, '_a6_': 24.739770078782808, '_a7_': 0.13649119903591475, '_a0_': 1.0, '_a1_': 1.0, '_a2_': 1.0, '_a3_': 1.0, '_a4_': 1.0}};{'d0': 0.024905832919416625};-280.569866449044;40.82295360359605
10853;-99.4619796209259;(((_a7_ + pow2(x)) + (_a5_ * (x + _a5_))) * (x * (_a7_ * _a6_)));{'d0': {'_a5_': 0.6238594158829355, '_a6_': 24.739770078782808, '_a7_': 0.13649119903591475, '_a0_': 1.0, '_a1_': 1.0, '_a2_': 1.0, '_a3_': 1.0, '_a4_': 1.0}};{'d0': 0.024905832919416625};-280.569866449044;40.82295360359605
10854;-97.4148073395486;(((_a7_ + pow2(x)) + (_a5_ * (x + _a4_))) * (x * (_a7_ * _a6_)));{'d0': {'_a4_': 0.5773798890592379, '_a5_': 0.6238594156107936, '_a6_': 20.404881016339196, '_a7_': 0.16548789020656493, '_a0_': 1.0, '_a1_': 1.0, '_a2_': 1.0, '_a3_': 1.0}};{'d0': 0.024905832919637657};-276.475521886289;40.82295360359605
10855;-99.0714565358628;(((_a7_ + pow2(x)) + (_a5_ * (x + _a4_))) * (x * sqrt(_a7_)));{'d0': {'_a4_': -17.434732346293586, '_a5_': 0.6238594187006118, '_a7_': 11.402513767114396, '_a0_': 1.0, '_a1_': 1.0, '_a2_': 1.0, '_a3_': 1.0, '_a6_': 1.0}};{'d0': 0.024905832919416684};-280.569866449043;41.21347668865905
10856;-99.0714565358628;(((_a7_ + pow2(x)) + (_a5_ * (x + _a4_))) * (x * sqrt(_a7_)));{'d0': {'_a4_': -17.434732346293586, '_a5_': 0.6238594187006118, '_a7_': 11.402513767114396, '_a0_': 1.0, '_a1_': 1.0, '_a2_': 1.0, '_a3_': 1.0, '_a6_': 1.0}};{'d0': 0.024905832919416684};-280.569866449043;41.21347668865905
10857;-99.0714565358628;(((_a7_ + pow2(x)) + (_a5_ * (x + _a4_))) * (x * sqrt(_a7_)));{'d0': {'_a4_': -17.434732346293586, '_a5_': 0.6238594187006118, '_a7_': 11.402513767114396, '_a0_': 1.0, '_a1_': 1.0, '_a2_': 1.0, '_a3_': 1.0, '_a6_': 1.0}};{'d0': 0.024905832919416684};-280.569866449043;41.21347668865905
10858;-99.0714565358628;(((_a7_ + pow2(x)) + (_a5_ * (x + _a4_))) * (x * sqrt(_a7_)));{'d0': {'_a4_': -17.434732346293586, '_a5_': 0.6238594187006118, '_a7_': 11.402513767114396, '_a0_': 1.0, '_a1_': 1.0, '_a2_': 1.0, '_a3_': 1.0, '_a6_': 1.0}};{'d0': 0.024905832919416684};-280.569866449043;41.21347668865905
10859;-99.0714565358628;(((_a7_ + pow2(x)) + (_a5_ * (x + _a4_))) * (x * sqrt(_a7_)));{'d0': {'_a4_': -17.434732346293586, '_a5_': 0.6238594187006118, '_a7_': 11.402513767114396, '_a0_': 1.0, '_a1_': 1.0, '_a2_': 1.0, '_a3_': 1.0, '_a6_': 1.0}};{'d0': 0.024905832919416684};-280.569866449043;41.21347668865905
10860;-99.0714565358628;(((_a7_ + pow2(x)) + (_a5_ * (x + _a4_))) * (x * sqrt(_a7_)));{'d0': {'_a4_': -17.434732346293586, '_a5_': 0.6238594187006118, '_a7_': 11.402513767114396, '_a0_': 1.0, '_a1_': 1.0, '_a2_': 1.0, '_a3_': 1.0, '_a6_': 1.0}};{'d0': 0.024905832919416684};-280.569866449043;41.21347668865905
10861;-99.0714565358628;(((_a7_ + pow2(x)) + (_a5_ * (x + _a4_))) * (x * sqrt(_a7_)));{'d0': {'_a4_': -17.434732346293586, '_a5_': 0.6238594187006118, '_a7_': 11.402513767114396, '_a0_': 1.0, '_a1_': 1.0, '_a2_': 1.0, '_a3_': 1.0, '_a6_': 1.0}};{'d0': 0.024905832919416684};-280.569866449043;41.21347668865905
10862;-99.0714565358628;(((_a7_ + pow2(x)) + (_a5_ * (x + _a4_))) * (x * sqrt(_a7_)));{'d0': {'_a4_': -17.434732346293586, '_a5_': 0.6238594187006118, '_a7_': 11.402513767114396, '_a0_': 1.0, '_a1_': 1.0, '_a2_': 1.0, '_a3_': 1.0, '_a6_': 1.0}};{'d0': 0.024905832919416684};-280.569866449043;41.21347668865905
10863;-99.0714565358628;(((_a7_ + pow2(x)) + (_a5_ * (x + _a4_))) * (x * sqrt(_a7_)));{'d0': {'_a4_': -17.434732346293586, '_a5_': 0.6238594187006118, '_a7_': 11.402513767114396, '_a0_': 1.0, '_a1_': 1.0, '_a2_': 1.0, '_a3_': 1.0, '_a6_': 1.0}};{'d0': 0.024905832919416684};-280.569866449043;41.21347668865905
10864;-99.0714565358628;(((_a7_ + pow2(x)) + (_a5_ * (x + _a4_))) * (x * sqrt(_a7_)));{'d0': {'_a4_': -17.434732346293586, '_a5_': 0.6238594187006118, '_a7_': 11.402513767114396, '_a0_': 1.0, '_a1_': 1.0, '_a2_': 1.0, '_a3_': 1.0, '_a6_': 1.0}};{'d0': 0.024905832919416684};-280.569866449043;41.21347668865905
10865;-104.068748457625;(((pow2((sqrt(_a3_) + x)) / _a1_) + x) * (x * _a6_));{'d0': {'_a1_': -0.8262326784348244, '_a3_': 0.525691770154083, '_a6_': -2.7899901854468347, '_a0_': 1.0, '_a2_': 1.0, '_a4_': 1.0, '_a5_': 1.0, '_a7_': 1.0}};{'d0': 0.024905832919416653};-280.569866449044;36.21618476689636
10866;-99.0714565358628;(((_a7_ + pow2(x)) + (_a5_ * (x + _a4_))) * (x * sqrt(_a7_)));{'d0': {'_a4_': -17.434732346293586, '_a5_': 0.6238594187006118, '_a7_': 11.402513767114396, '_a0_': 1.0, '_a1_': 1.0, '_a2_': 1.0, '_a3_': 1.0, '_a6_': 1.0}};{'d0': 0.024905832919416684};-280.569866449043;41.21347668865905
10867;-99.0714565358628;(((_a7_ + pow2(x)) + (_a5_ * (x + _a4_))) * (x * sqrt(_a7_)));{'d0': {'_a4_': -17.434732346293586, '_a5_': 0.6238594187006118, '_a7_': 11.402513767114396, '_a0_': 1.0, '_a1_': 1.0, '_a2_': 1.0, '_a3_': 1.0, '_a6_': 1.0}};{'d0': 0.024905832919416684};-280.569866449043;41.21347668865905
10868;-104.068748457625;(((pow2((sqrt(_a3_) + x)) / _a1_) + x) * (x * _a6_));{'d0': {'_a1_': -0.8262326784348244, '_a3_': 0.525691770154083, '_a6_': -2.7899901854468347, '_a0_': 1.0, '_a2_': 1.0, '_a4_': 1.0, '_a5_': 1.0, '_a7_': 1.0}};{'d0': 0.024905832919416653};-280.569866449044;36.21618476689636
10869;-103.488010419115;(((pow2(((_a1_ + _a2_) + x)) / _a1_) + x) * (x * _a6_));{'d0': {'_a1_': -0.8262326790941237, '_a2_': 1.5512787264296442, '_a6_': -2.789990185838182, '_a0_': 1.0, '_a3_': 1.0, '_a4_': 1.0, '_a5_': 1.0, '_a7_': 1.0}};{'d0': 0.024905832919416577};-280.569866449044;36.79692280540636
10870;-103.488010419115;(((pow2(((_a1_ + _a2_) + x)) / _a1_) + x) * (x * _a6_));{'d0': {'_a1_': -0.8262326790941237, '_a2_': 1.5512787264296442, '_a6_': -2.789990185838182, '_a0_': 1.0, '_a3_': 1.0, '_a4_': 1.0, '_a5_': 1.0, '_a7_': 1.0}};{'d0': 0.024905832919416577};-280.569866449044;36.79692280540636
10871;-103.488010419115;(((pow2(((_a1_ + _a2_) + x)) / _a1_) + x) * (x * _a6_));{'d0': {'_a1_': -0.8262326790941237, '_a2_': 1.5512787264296442, '_a6_': -2.789990185838182, '_a0_': 1.0, '_a3_': 1.0, '_a4_': 1.0, '_a5_': 1.0, '_a7_': 1.0}};{'d0': 0.024905832919416577};-280.569866449044;36.79692280540636
10872;-103.488010419115;(((pow2(((_a1_ + _a2_) + x)) / _a1_) + x) * (x * _a6_));{'d0': {'_a1_': -0.8262326790941237, '_a2_': 1.5512787264296442, '_a6_': -2.789990185838182, '_a0_': 1.0, '_a3_': 1.0, '_a4_': 1.0, '_a5_': 1.0, '_a7_': 1.0}};{'d0': 0.024905832919416577};-280.569866449044;36.79692280540636
10873;-103.488010419115;(((pow2(((_a1_ + _a2_) + x)) / _a1_) + x) * (x * _a6_));{'d0': {'_a1_': -0.8262326790941237, '_a2_': 1.5512787264296442, '_a6_': -2.789990185838182, '_a0_': 1.0, '_a3_': 1.0, '_a4_': 1.0, '_a5_': 1.0, '_a7_': 1.0}};{'d0': 0.024905832919416577};-280.569866449044;36.79692280540636
10874;-103.488010419115;(((pow2(((_a1_ + _a2_) + x)) / _a1_) + x) * (x * _a6_));{'d0': {'_a1_': -0.8262326790941237, '_a2_': 1.5512787264296442, '_a6_': -2.789990185838182, '_a0_': 1.0, '_a3_': 1.0, '_a4_': 1.0, '_a5_': 1.0, '_a7_': 1.0}};{'d0': 0.024905832919416577};-280.569866449044;36.79692280540636
10875;-103.488010419115;(((pow2(((_a1_ + _a2_) + x)) / _a1_) + x) * (x * _a6_));{'d0': {'_a1_': -0.8262326790941237, '_a2_': 1.5512787264296442, '_a6_': -2.789990185838182, '_a0_': 1.0, '_a3_': 1.0, '_a4_': 1.0, '_a5_': 1.0, '_a7_': 1.0}};{'d0': 0.024905832919416577};-280.569866449044;36.79692280540636
10876;-103.488010419115;(((pow2(((_a1_ + _a2_) + x)) / _a1_) + x) * (x * _a6_));{'d0': {'_a1_': -0.8262326790941237, '_a2_': 1.5512787264296442, '_a6_': -2.789990185838182, '_a0_': 1.0, '_a3_': 1.0, '_a4_': 1.0, '_a5_': 1.0, '_a7_': 1.0}};{'d0': 0.024905832919416577};-280.569866449044;36.79692280540636
10877;-103.488010419115;(((pow2(((_a1_ + _a2_) + x)) / _a1_) + x) * (x * _a6_));{'d0': {'_a1_': -0.8262326790941237, '_a2_': 1.5512787264296442, '_a6_': -2.789990185838182, '_a0_': 1.0, '_a3_': 1.0, '_a4_': 1.0, '_a5_': 1.0, '_a7_': 1.0}};{'d0': 0.024905832919416577};-280.569866449044;36.79692280540636
10878;-103.488010419115;(((pow2(((_a1_ + _a2_) + x)) / _a1_) + x) * (x * _a6_));{'d0': {'_a1_': -0.8262326790941237, '_a2_': 1.5512787264296442, '_a6_': -2.789990185838182, '_a0_': 1.0, '_a3_': 1.0, '_a4_': 1.0, '_a5_': 1.0, '_a7_': 1.0}};{'d0': 0.024905832919416577};-280.569866449044;36.79692280540636
10879;-103.488010419115;(((pow2(((_a1_ + _a2_) + x)) / _a1_) + x) * (x * _a6_));{'d0': {'_a1_': -0.8262326790941237, '_a2_': 1.5512787264296442, '_a6_': -2.789990185838182, '_a0_': 1.0, '_a3_': 1.0, '_a4_': 1.0, '_a5_': 1.0, '_a7_': 1.0}};{'d0': 0.024905832919416577};-280.569866449044;36.79692280540636
10880;-103.488010419115;(((pow2(((_a1_ + _a2_) + x)) / _a1_) + x) * (x * _a6_));{'d0': {'_a1_': -0.8262326790941237, '_a2_': 1.5512787264296442, '_a6_': -2.789990185838182, '_a0_': 1.0, '_a3_': 1.0, '_a4_': 1.0, '_a5_': 1.0, '_a7_': 1.0}};{'d0': 0.024905832919416577};-280.569866449044;36.79692280540636
10881;-103.488010419115;(((pow2(((_a1_ + _a2_) + x)) / _a1_) + x) * (x * _a6_));{'d0': {'_a1_': -0.8262326790941237, '_a2_': 1.5512787264296442, '_a6_': -2.789990185838182, '_a0_': 1.0, '_a3_': 1.0, '_a4_': 1.0, '_a5_': 1.0, '_a7_': 1.0}};{'d0': 0.024905832919416577};-280.569866449044;36.79692280540636
10882;-103.488010419115;(((pow2(((_a1_ + _a2_) + x)) / _a1_) + x) * (x * _a6_));{'d0': {'_a1_': -0.8262326790941237, '_a2_': 1.5512787264296442, '_a6_': -2.789990185838182, '_a0_': 1.0, '_a3_': 1.0, '_a4_': 1.0, '_a5_': 1.0, '_a7_': 1.0}};{'d0': 0.024905832919416577};-280.569866449044;36.79692280540636
10883;-101.440838122199;(((pow2(((_a1_ + _a2_) + x)) / _a1_) + _a7_) * (x * _a6_));{'d0': {'_a1_': 0.5379273553994253, '_a2_': -0.22599764758665894, '_a6_': 1.8164520518446348, '_a7_': 0.7963739879325289, '_a0_': 1.0, '_a3_': 1.0, '_a4_': 1.0, '_a5_': 1.0}};{'d0': 0.02490583293253818};-276.475521855211;36.79692280540636
10884;-96.8709012365019;(((pow2(((_a1_ + sin(_a6_)) + x)) / _a1_) + _a7_) * (x * _a6_));{'d0': {'_a1_': 0.0718109000335277, '_a6_': 0.24248823767341537, '_a7_': 5.965551583625481, '_a0_': 1.0, '_a2_': 1.0, '_a3_': 1.0, '_a4_': 1.0, '_a5_': 1.0}};{'d0': 0.024905832919416615};-280.569866449044;43.41403198801988
10885;-96.9542794773845;(((pow2(((_a1_ / sin(_a6_)) + x)) / _a1_) + _a7_) * (x * _a6_));{'d0': {'_a1_': 0.16445955625342182, '_a6_': 0.5553405983178573, '_a7_': 2.6048448303539837, '_a0_': 1.0, '_a2_': 1.0, '_a3_': 1.0, '_a4_': 1.0, '_a5_': 1.0}};{'d0': 0.024905832919416813};-280.569866449043;43.33065374713708
10886;-97.9145196463969;(((pow2(((_a1_ * sin(_a6_)) + x)) / _a1_) + _a7_) * (x * _a6_));{'d0': {'_a1_': 0.34134153876902246, '_a6_': 1.152628754370648, '_a7_': 1.255023427422429, '_a0_': 1.0, '_a2_': 1.0, '_a3_': 1.0, '_a4_': 1.0, '_a5_': 1.0}};{'d0': 0.024905832919416667};-280.569866449044;42.370413578124875
10887;-97.9145196463969;(((pow2(((_a1_ * sin(_a6_)) + x)) / _a1_) + _a7_) * (x * _a6_));{'d0': {'_a1_': 0.34134153876902246, '_a6_': 1.152628754370648, '_a7_': 1.255023427422429, '_a0_': 1.0, '_a2_': 1.0, '_a3_': 1.0, '_a4_': 1.0, '_a5_': 1.0}};{'d0': 0.024905832919416667};-280.569866449044;42.370413578124875
10888;-97.9145196463969;(((pow2(((_a1_ * sin(_a6_)) + x)) / _a1_) + _a7_) * (x * _a6_));{'d0': {'_a1_': 0.34134153876902246, '_a6_': 1.152628754370648, '_a7_': 1.255023427422429, '_a0_': 1.0, '_a2_': 1.0, '_a3_': 1.0, '_a4_': 1.0, '_a5_': 1.0}};{'d0': 0.024905832919416667};-280.569866449044;42.370413578124875
10889;-97.9145196463969;(((pow2(((_a1_ * sin(_a6_)) + x)) / _a1_) + _a7_) * (x * _a6_));{'d0': {'_a1_': 0.34134153876902246, '_a6_': 1.152628754370648, '_a7_': 1.255023427422429, '_a0_': 1.0, '_a2_': 1.0, '_a3_': 1.0, '_a4_': 1.0, '_a5_': 1.0}};{'d0': 0.024905832919416667};-280.569866449044;42.370413578124875
10890;-97.9387467666003;(((pow2(((_a1_ * pow3(_a6_)) + x)) / _a1_) + _a7_) * (x * _a6_));{'d0': {'_a1_': 0.30001222624351803, '_a6_': 1.0130695492401822, '_a7_': 1.4279138976737915, '_a0_': 1.0, '_a2_': 1.0, '_a3_': 1.0, '_a4_': 1.0, '_a5_': 1.0}};{'d0': 0.02490583291941676};-280.569866449043;42.346186457921355
10891;-94.2408122939903;(((pow2(((_a1_ * pow3(_a6_)) + x)) / _a1_) + _a7_) * (x * pow2(_a7_)));{'d0': {'_a1_': 0.3787859661330375, '_a6_': 0.9373194292172315, '_a7_': 1.130959606902542, '_a0_': 1.0, '_a2_': 1.0, '_a3_': 1.0, '_a4_': 1.0, '_a5_': 1.0}};{'d0': 0.02490583291941669};-280.569866449043;46.044120930531356
10892;-94.2408122939903;(((pow2(((_a1_ * pow3(_a6_)) + x)) / _a1_) + _a7_) * (x * pow2(_a7_)));{'d0': {'_a1_': 0.3787859661330375, '_a6_': 0.9373194292172315, '_a7_': 1.130959606902542, '_a0_': 1.0, '_a2_': 1.0, '_a3_': 1.0, '_a4_': 1.0, '_a5_': 1.0}};{'d0': 0.02490583291941669};-280.569866449043;46.044120930531356
10893;-94.2408122939903;(((pow2(((_a1_ * pow3(_a6_)) + x)) / _a1_) + _a7_) * (x * pow2(_a7_)));{'d0': {'_a1_': 0.3787859661330375, '_a6_': 0.9373194292172315, '_a7_': 1.130959606902542, '_a0_': 1.0, '_a2_': 1.0, '_a3_': 1.0, '_a4_': 1.0, '_a5_': 1.0}};{'d0': 0.02490583291941669};-280.569866449043;46.044120930531356
10894;-101.702633509696;-((((pow2((x + _a5_)) * _a7_) + ((_a7_ * x) * _a3_)) * x));{'d0': {'_a3_': -0.8262326789671948, '_a5_': 0.725046047289557, '_a7_': -3.3767608770773796, '_a0_': 1.0, '_a1_': 1.0, '_a2_': 1.0, '_a4_': 1.0, '_a6_': 1.0}};{'d0': 0.02490583291941659};-280.569866449044;38.58229971482632
10895;-101.702633509696;-((((pow2((x + _a5_)) * _a7_) + ((_a7_ * x) * _a3_)) * x));{'d0': {'_a3_': -0.8262326789671948, '_a5_': 0.725046047289557, '_a7_': -3.3767608770773796, '_a0_': 1.0, '_a1_': 1.0, '_a2_': 1.0, '_a4_': 1.0, '_a6_': 1.0}};{'d0': 0.02490583291941659};-280.569866449044;38.58229971482632
10896;-101.702633509696;-((((pow2((x + _a5_)) * _a7_) + ((_a7_ * x) * _a3_)) * x));{'d0': {'_a3_': -0.8262326789671948, '_a5_': 0.725046047289557, '_a7_': -3.3767608770773796, '_a0_': 1.0, '_a1_': 1.0, '_a2_': 1.0, '_a4_': 1.0, '_a6_': 1.0}};{'d0': 0.02490583291941659};-280.569866449044;38.58229971482632
10897;-101.702633509696;-((((pow2((x + _a5_)) * _a7_) + ((_a7_ * x) * _a3_)) * x));{'d0': {'_a3_': -0.8262326789671948, '_a5_': 0.725046047289557, '_a7_': -3.3767608770773796, '_a0_': 1.0, '_a1_': 1.0, '_a2_': 1.0, '_a4_': 1.0, '_a6_': 1.0}};{'d0': 0.02490583291941659};-280.569866449044;38.58229971482632
10898;-101.702633509696;-((((pow2((x + _a5_)) * _a7_) + ((_a7_ * x) * _a3_)) * x));{'d0': {'_a3_': -0.8262326789671948, '_a5_': 0.725046047289557, '_a7_': -3.3767608770773796, '_a0_': 1.0, '_a1_': 1.0, '_a2_': 1.0, '_a4_': 1.0, '_a6_': 1.0}};{'d0': 0.02490583291941659};-280.569866449044;38.58229971482632
10899;-101.702633509696;-((((pow2((x + _a5_)) * _a7_) + ((_a7_ * x) * _a3_)) * x));{'d0': {'_a3_': -0.8262326789671948, '_a5_': 0.725046047289557, '_a7_': -3.3767608770773796, '_a0_': 1.0, '_a1_': 1.0, '_a2_': 1.0, '_a4_': 1.0, '_a6_': 1.0}};{'d0': 0.02490583291941659};-280.569866449044;38.58229971482632
10900;-101.702633509696;-((((pow2((x + _a5_)) * _a7_) + ((_a7_ * x) * _a3_)) * x));{'d0': {'_a3_': -0.8262326789671948, '_a5_': 0.725046047289557, '_a7_': -3.3767608770773796, '_a0_': 1.0, '_a1_': 1.0, '_a2_': 1.0, '_a4_': 1.0, '_a6_': 1.0}};{'d0': 0.02490583291941659};-280.569866449044;38.58229971482632
10901;-101.702633509696;-((((pow2((x + _a5_)) * _a7_) + ((_a7_ * x) * _a3_)) * x));{'d0': {'_a3_': -0.8262326789671948, '_a5_': 0.725046047289557, '_a7_': -3.3767608770773796, '_a0_': 1.0, '_a1_': 1.0, '_a2_': 1.0, '_a4_': 1.0, '_a6_': 1.0}};{'d0': 0.02490583291941659};-280.569866449044;38.58229971482632
10902;-101.702633509696;-((((pow2((x + _a5_)) * _a7_) + ((_a7_ * x) * _a3_)) * x));{'d0': {'_a3_': -0.8262326789671948, '_a5_': 0.725046047289557, '_a7_': -3.3767608770773796, '_a0_': 1.0, '_a1_': 1.0, '_a2_': 1.0, '_a4_': 1.0, '_a6_': 1.0}};{'d0': 0.02490583291941659};-280.569866449044;38.58229971482632
10903;-101.702633509696;-((((pow2((x + _a5_)) * _a7_) + ((_a7_ * x) * _a3_)) * x));{'d0': {'_a3_': -0.8262326789671948, '_a5_': 0.725046047289557, '_a7_': -3.3767608770773796, '_a0_': 1.0, '_a1_': 1.0, '_a2_': 1.0, '_a4_': 1.0, '_a6_': 1.0}};{'d0': 0.02490583291941659};-280.569866449044;38.58229971482632
10904;-89.2914723685333;(((pow2(((_a1_ * pow3(_a6_)) + (x * _a1_))) / _a1_) + _a7_) * (x * pow2(_a7_)));{'d0': {'_a1_': 2.6400133296502357, '_a6_': 0.6781913497710161, '_a7_': 1.130959606959014, '_a0_': 1.0, '_a2_': 1.0, '_a3_': 1.0, '_a4_': 1.0, '_a5_': 1.0}};{'d0': 0.024905832919416716};-280.569866449043;50.99346085598836
10905;-89.2914723685333;(((pow2(((_a1_ * pow3(_a6_)) + (x * _a1_))) / _a1_) + _a7_) * (x * pow2(_a7_)));{'d0': {'_a1_': 2.6400133296502357, '_a6_': 0.6781913497710161, '_a7_': 1.130959606959014, '_a0_': 1.0, '_a2_': 1.0, '_a3_': 1.0, '_a4_': 1.0, '_a5_': 1.0}};{'d0': 0.024905832919416716};-280.569866449043;50.99346085598836
10906;-89.2914723685333;(((pow2(((_a1_ * pow3(_a6_)) + (x * _a1_))) / _a1_) + _a7_) * (x * pow2(_a7_)));{'d0': {'_a1_': 2.6400133296502357, '_a6_': 0.6781913497710161, '_a7_': 1.130959606959014, '_a0_': 1.0, '_a2_': 1.0, '_a3_': 1.0, '_a4_': 1.0, '_a5_': 1.0}};{'d0': 0.024905832919416716};-280.569866449043;50.99346085598836
10907;-89.2914723685333;(((pow2(((_a1_ * pow3(_a6_)) + (x * _a1_))) / _a1_) + _a7_) * (x * pow2(_a7_)));{'d0': {'_a1_': 2.6400133296502357, '_a6_': 0.6781913497710161, '_a7_': 1.130959606959014, '_a0_': 1.0, '_a2_': 1.0, '_a3_': 1.0, '_a4_': 1.0, '_a5_': 1.0}};{'d0': 0.024905832919416716};-280.569866449043;50.99346085598836
10908;-89.2914723685333;(((pow2(((_a1_ * pow3(_a6_)) + (x * _a1_))) / _a1_) + _a7_) * (x * pow2(_a7_)));{'d0': {'_a1_': 2.6400133296502357, '_a6_': 0.6781913497710161, '_a7_': 1.130959606959014, '_a0_': 1.0, '_a2_': 1.0, '_a3_': 1.0, '_a4_': 1.0, '_a5_': 1.0}};{'d0': 0.024905832919416716};-280.569866449043;50.99346085598836
10909;-89.2914723685333;(((pow2(((_a1_ * pow3(_a6_)) + (x * _a1_))) / _a1_) + _a7_) * (x * pow2(_a7_)));{'d0': {'_a1_': 2.6400133296502357, '_a6_': 0.6781913497710161, '_a7_': 1.130959606959014, '_a0_': 1.0, '_a2_': 1.0, '_a3_': 1.0, '_a4_': 1.0, '_a5_': 1.0}};{'d0': 0.024905832919416716};-280.569866449043;50.99346085598836
10910;-89.2914723685333;(((pow2(((_a1_ * pow3(_a6_)) + (x * _a1_))) / _a1_) + _a7_) * (x * pow2(_a7_)));{'d0': {'_a1_': 2.6400133296502357, '_a6_': 0.6781913497710161, '_a7_': 1.130959606959014, '_a0_': 1.0, '_a2_': 1.0, '_a3_': 1.0, '_a4_': 1.0, '_a5_': 1.0}};{'d0': 0.024905832919416716};-280.569866449043;50.99346085598836
10911;-89.2914723685333;(((pow2(((_a1_ * pow3(_a6_)) + (x * _a1_))) / _a1_) + _a7_) * (x * pow2(_a7_)));{'d0': {'_a1_': 2.6400133296502357, '_a6_': 0.6781913497710161, '_a7_': 1.130959606959014, '_a0_': 1.0, '_a2_': 1.0, '_a3_': 1.0, '_a4_': 1.0, '_a5_': 1.0}};{'d0': 0.024905832919416716};-280.569866449043;50.99346085598836
10912;-89.2914723685333;(((pow2(((_a1_ * pow3(_a6_)) + (x * _a1_))) / _a1_) + _a7_) * (x * pow2(_a7_)));{'d0': {'_a1_': 2.6400133296502357, '_a6_': 0.6781913497710161, '_a7_': 1.130959606959014, '_a0_': 1.0, '_a2_': 1.0, '_a3_': 1.0, '_a4_': 1.0, '_a5_': 1.0}};{'d0': 0.024905832919416716};-280.569866449043;50.99346085598836
10913;-101.702633509696;-((((pow2((x + _a5_)) * _a7_) + ((_a7_ * x) * _a3_)) * x));{'d0': {'_a3_': -0.8262326789671948, '_a5_': 0.725046047289557, '_a7_': -3.3767608770773796, '_a0_': 1.0, '_a1_': 1.0, '_a2_': 1.0, '_a4_': 1.0, '_a6_': 1.0}};{'d0': 0.02490583291941659};-280.569866449044;38.58229971482632
10914;-89.2914723685333;(((pow2(((_a1_ * pow3(_a6_)) + (x * _a1_))) / _a1_) + _a7_) * (x * pow2(_a7_)));{'d0': {'_a1_': 2.6400133296502357, '_a6_': 0.6781913497710161, '_a7_': 1.130959606959014, '_a0_': 1.0, '_a2_': 1.0, '_a3_': 1.0, '_a4_': 1.0, '_a5_': 1.0}};{'d0': 0.024905832919416716};-280.569866449043;50.99346085598836
10915;-89.2914723685333;(((pow2(((_a1_ * pow3(_a6_)) + (x * _a1_))) / _a1_) + _a7_) * (x * pow2(_a7_)));{'d0': {'_a1_': 2.6400133296502357, '_a6_': 0.6781913497710161, '_a7_': 1.130959606959014, '_a0_': 1.0, '_a2_': 1.0, '_a3_': 1.0, '_a4_': 1.0, '_a5_': 1.0}};{'d0': 0.024905832919416716};-280.569866449043;50.99346085598836
10916;-89.2914723685334;(((pow2(((_a1_ * pow3(_a6_)) + (x * _a1_))) / _a1_) + _a6_) * (x * pow2(_a7_)));{'d0': {'_a1_': 1.5831106519915432, '_a6_': 0.6781913497810431, '_a7_': 1.4604763146270572, '_a0_': 1.0, '_a2_': 1.0, '_a3_': 1.0, '_a4_': 1.0, '_a5_': 1.0}};{'d0': 0.02490583291941662};-280.569866449044;50.99346085598836
10917;-89.2914723685334;(((pow2(((_a1_ * pow3(_a6_)) + (x * _a1_))) / _a1_) + _a6_) * (x * pow2(_a7_)));{'d0': {'_a1_': 1.5831106519915432, '_a6_': 0.6781913497810431, '_a7_': 1.4604763146270572, '_a0_': 1.0, '_a2_': 1.0, '_a3_': 1.0, '_a4_': 1.0, '_a5_': 1.0}};{'d0': 0.02490583291941662};-280.569866449044;50.99346085598836
10918;-89.2914723685334;(((pow2(((_a1_ * pow3(_a6_)) + (x * _a1_))) / _a1_) + _a6_) * (x * pow2(_a7_)));{'d0': {'_a1_': 1.5831106519915432, '_a6_': 0.6781913497810431, '_a7_': 1.4604763146270572, '_a0_': 1.0, '_a2_': 1.0, '_a3_': 1.0, '_a4_': 1.0, '_a5_': 1.0}};{'d0': 0.02490583291941662};-280.569866449044;50.99346085598836
10919;-89.2914723685334;(((pow2(((_a1_ * pow3(_a6_)) + (x * _a1_))) / _a1_) + _a6_) * (x * pow2(_a7_)));{'d0': {'_a1_': 1.5831106519915432, '_a6_': 0.6781913497810431, '_a7_': 1.4604763146270572, '_a0_': 1.0, '_a2_': 1.0, '_a3_': 1.0, '_a4_': 1.0, '_a5_': 1.0}};{'d0': 0.02490583291941662};-280.569866449044;50.99346085598836
10920;-89.2914723685334;(((pow2(((_a1_ * pow3(_a6_)) + (x * _a1_))) / _a1_) + _a6_) * (x * pow2(_a7_)));{'d0': {'_a1_': 1.5831106519915432, '_a6_': 0.6781913497810431, '_a7_': 1.4604763146270572, '_a0_': 1.0, '_a2_': 1.0, '_a3_': 1.0, '_a4_': 1.0, '_a5_': 1.0}};{'d0': 0.02490583291941662};-280.569866449044;50.99346085598836
10921;-89.2914723685334;(((pow2(((_a1_ * pow3(_a6_)) + (x * _a1_))) / _a1_) + _a6_) * (x * pow2(_a7_)));{'d0': {'_a1_': 1.5831106519915432, '_a6_': 0.6781913497810431, '_a7_': 1.4604763146270572, '_a0_': 1.0, '_a2_': 1.0, '_a3_': 1.0, '_a4_': 1.0, '_a5_': 1.0}};{'d0': 0.02490583291941662};-280.569866449044;50.99346085598836
10922;-89.2914723685335;(((pow2(((_a1_ * pow3(_a6_)) + (x * _a1_))) / _a6_) + _a6_) * (x * pow2(_a7_)));{'d0': {'_a1_': 1.0361717764094756, '_a6_': 0.678191349774066, '_a7_': 1.4604763145554762, '_a0_': 1.0, '_a2_': 1.0, '_a3_': 1.0, '_a4_': 1.0, '_a5_': 1.0}};{'d0': 0.024905832919416587};-280.569866449044;50.99346085598836
10923;-88.3202112449604;(((pow2(((_a1_ + pow3(_a6_)) + (x * _a1_))) / _a6_) + _a6_) * (x * pow2(_a7_)));{'d0': {'_a1_': -1.5665190210739868, '_a6_': 1.0253122825837957, '_a7_': 1.1877979220918151, '_a0_': 1.0, '_a2_': 1.0, '_a3_': 1.0, '_a4_': 1.0, '_a5_': 1.0}};{'d0': 0.024905832919416653};-280.569866449044;51.96472197956136
10924;-88.3202112449604;(((pow2(((_a1_ + pow3(_a6_)) + (x * _a1_))) / _a6_) + _a6_) * (x * pow2(_a7_)));{'d0': {'_a1_': -1.5665190210739868, '_a6_': 1.0253122825837957, '_a7_': 1.1877979220918151, '_a0_': 1.0, '_a2_': 1.0, '_a3_': 1.0, '_a4_': 1.0, '_a5_': 1.0}};{'d0': 0.024905832919416653};-280.569866449044;51.96472197956136
10925;-86.9453199761535;(((pow2(((_a1_ + (_a5_ + _a5_)) + (x * _a1_))) / _a6_) + _a6_) * (x * pow2(_a7_)));{'d0': {'_a1_': -19.105356221973885, '_a5_': 6.572914019175005, '_a6_': 12.50476766213371, '_a7_': 0.34012049762927515, '_a0_': 1.0, '_a2_': 1.0, '_a3_': 1.0, '_a4_': 1.0}};{'d0': 0.024905832920309845};-276.475521884670;51.29244096618136
10926;-92.8659210145547;(((pow2(((_a1_ + _a0_) + (x * _a1_))) / _a6_) + _a6_) * (x * pow2(_a7_)));{'d0': {'_a0_': 16.493218739404366, '_a1_': -23.97025264124739, '_a6_': 15.688921811693302, '_a7_': 0.3036505133314118, '_a2_': 1.0, '_a3_': 1.0, '_a4_': 1.0, '_a5_': 1.0}};{'d0': 0.024905832929133766};-276.475521863412;45.37183991715136
10927;-92.8659210145547;(((pow2(((_a1_ + _a0_) + (x * _a1_))) / _a6_) + _a6_) * (x * pow2(_a7_)));{'d0': {'_a0_': 16.493218739404366, '_a1_': -23.97025264124739, '_a6_': 15.688921811693302, '_a7_': 0.3036505133314118, '_a2_': 1.0, '_a3_': 1.0, '_a4_': 1.0, '_a5_': 1.0}};{'d0': 0.024905832929133766};-276.475521863412;45.37183991715136
10928;-92.8659210145547;(((pow2(((_a1_ + _a0_) + (x * _a1_))) / _a6_) + _a6_) * (x * pow2(_a7_)));{'d0': {'_a0_': 16.493218739404366, '_a1_': -23.97025264124739, '_a6_': 15.688921811693302, '_a7_': 0.3036505133314118, '_a2_': 1.0, '_a3_': 1.0, '_a4_': 1.0, '_a5_': 1.0}};{'d0': 0.024905832929133766};-276.475521863412;45.37183991715136
10929;-92.8659210145547;(((pow2(((_a1_ + _a0_) + (x * _a1_))) / _a6_) + _a6_) * (x * pow2(_a7_)));{'d0': {'_a0_': 16.493218739404366, '_a1_': -23.97025264124739, '_a6_': 15.688921811693302, '_a7_': 0.3036505133314118, '_a2_': 1.0, '_a3_': 1.0, '_a4_': 1.0, '_a5_': 1.0}};{'d0': 0.024905832929133766};-276.475521863412;45.37183991715136
10930;-92.8659210145547;(((pow2(((_a1_ + _a0_) + (x * _a1_))) / _a6_) + _a6_) * (x * pow2(_a7_)));{'d0': {'_a0_': 16.493218739404366, '_a1_': -23.97025264124739, '_a6_': 15.688921811693302, '_a7_': 0.3036505133314118, '_a2_': 1.0, '_a3_': 1.0, '_a4_': 1.0, '_a5_': 1.0}};{'d0': 0.024905832929133766};-276.475521863412;45.37183991715136
10931;-92.8659210145547;(((pow2(((_a1_ + _a0_) + (x * _a1_))) / _a6_) + _a6_) * (x * pow2(_a7_)));{'d0': {'_a0_': 16.493218739404366, '_a1_': -23.97025264124739, '_a6_': 15.688921811693302, '_a7_': 0.3036505133314118, '_a2_': 1.0, '_a3_': 1.0, '_a4_': 1.0, '_a5_': 1.0}};{'d0': 0.024905832929133766};-276.475521863412;45.37183991715136
10932;-92.8659210145547;(((pow2(((_a1_ + _a0_) + (x * _a1_))) / _a6_) + _a6_) * (x * pow2(_a7_)));{'d0': {'_a0_': 16.493218739404366, '_a1_': -23.97025264124739, '_a6_': 15.688921811693302, '_a7_': 0.3036505133314118, '_a2_': 1.0, '_a3_': 1.0, '_a4_': 1.0, '_a5_': 1.0}};{'d0': 0.024905832929133766};-276.475521863412;45.37183991715136
10933;-92.8659210145547;(((pow2(((_a1_ + _a0_) + (x * _a1_))) / _a6_) + _a6_) * (x * pow2(_a7_)));{'d0': {'_a0_': 16.493218739404366, '_a1_': -23.97025264124739, '_a6_': 15.688921811693302, '_a7_': 0.3036505133314118, '_a2_': 1.0, '_a3_': 1.0, '_a4_': 1.0, '_a5_': 1.0}};{'d0': 0.024905832929133766};-276.475521863412;45.37183991715136
10934;-97.7429036653756;(((pow2(((_a1_ + _a0_) + x)) / _a6_) + _a6_) * (x * pow2(_a7_)));{'d0': {'_a0_': 25.332044263526345, '_a1_': -25.0201145561845, '_a6_': 0.6545163387587731, '_a7_': 1.486655697994198, '_a2_': 1.0, '_a3_': 1.0, '_a4_': 1.0, '_a5_': 1.0}};{'d0': 0.024905832919432203};-276.475521886784;40.49485727801636
10935;-101.440838094816;(((pow2(((_a1_ + _a0_) + x)) / _a6_) + _a6_) * (x * _a4_));{'d0': {'_a0_': -2229.2976723847423, '_a1_': 2229.609601853241, '_a4_': 2.210145792782165, '_a6_': 0.6545165237920417, '_a2_': 1.0, '_a3_': 1.0, '_a5_': 1.0, '_a7_': 1.0}};{'d0': 0.024905832955271757};-276.475521800444;36.79692280540636
10936;-101.440838094816;(((pow2(((_a1_ + _a0_) + x)) / _a6_) + _a6_) * (x * _a4_));{'d0': {'_a0_': -2229.2976723847423, '_a1_': 2229.609601853241, '_a4_': 2.210145792782165, '_a6_': 0.6545165237920417, '_a2_': 1.0, '_a3_': 1.0, '_a5_': 1.0, '_a7_': 1.0}};{'d0': 0.024905832955271757};-276.475521800444;36.79692280540636
10937;-101.440838094816;(((pow2(((_a1_ + _a0_) + x)) / _a6_) + _a6_) * (x * _a4_));{'d0': {'_a0_': -2229.2976723847423, '_a1_': 2229.609601853241, '_a4_': 2.210145792782165, '_a6_': 0.6545165237920417, '_a2_': 1.0, '_a3_': 1.0, '_a5_': 1.0, '_a7_': 1.0}};{'d0': 0.024905832955271757};-276.475521800444;36.79692280540636
10938;-101.440838094816;(((pow2(((_a1_ + _a0_) + x)) / _a6_) + _a6_) * (x * _a4_));{'d0': {'_a0_': -2229.2976723847423, '_a1_': 2229.609601853241, '_a4_': 2.210145792782165, '_a6_': 0.6545165237920417, '_a2_': 1.0, '_a3_': 1.0, '_a5_': 1.0, '_a7_': 1.0}};{'d0': 0.024905832955271757};-276.475521800444;36.79692280540636
10939;-101.440838094816;(((pow2(((_a1_ + _a0_) + x)) / _a6_) + _a6_) * (x * _a4_));{'d0': {'_a0_': -2229.2976723847423, '_a1_': 2229.609601853241, '_a4_': 2.210145792782165, '_a6_': 0.6545165237920417, '_a2_': 1.0, '_a3_': 1.0, '_a5_': 1.0, '_a7_': 1.0}};{'d0': 0.024905832955271757};-276.475521800444;36.79692280540636
10940;-101.440838094816;(((pow2(((_a1_ + _a0_) + x)) / _a6_) + _a6_) * (x * _a4_));{'d0': {'_a0_': -2229.2976723847423, '_a1_': 2229.609601853241, '_a4_': 2.210145792782165, '_a6_': 0.6545165237920417, '_a2_': 1.0, '_a3_': 1.0, '_a5_': 1.0, '_a7_': 1.0}};{'d0': 0.024905832955271757};-276.475521800444;36.79692280540636
10941;-101.440838094816;(((pow2(((_a1_ + _a0_) + x)) / _a6_) + _a6_) * (x * _a4_));{'d0': {'_a0_': -2229.2976723847423, '_a1_': 2229.609601853241, '_a4_': 2.210145792782165, '_a6_': 0.6545165237920417, '_a2_': 1.0, '_a3_': 1.0, '_a5_': 1.0, '_a7_': 1.0}};{'d0': 0.024905832955271757};-276.475521800444;36.79692280540636
10942;-101.440838094816;(((pow2(((_a1_ + _a0_) + x)) / _a6_) + _a6_) * (x * _a4_));{'d0': {'_a0_': -2229.2976723847423, '_a1_': 2229.609601853241, '_a4_': 2.210145792782165, '_a6_': 0.6545165237920417, '_a2_': 1.0, '_a3_': 1.0, '_a5_': 1.0, '_a7_': 1.0}};{'d0': 0.024905832955271757};-276.475521800444;36.79692280540636
10943;-101.440838094816;(((pow2(((_a1_ + _a0_) + x)) / _a6_) + _a6_) * (x * _a4_));{'d0': {'_a0_': -2229.2976723847423, '_a1_': 2229.609601853241, '_a4_': 2.210145792782165, '_a6_': 0.6545165237920417, '_a2_': 1.0, '_a3_': 1.0, '_a5_': 1.0, '_a7_': 1.0}};{'d0': 0.024905832955271757};-276.475521800444;36.79692280540636
10944;-101.440838094816;(((pow2(((_a1_ + _a0_) + x)) / _a6_) + _a6_) * (x * _a4_));{'d0': {'_a0_': -2229.2976723847423, '_a1_': 2229.609601853241, '_a4_': 2.210145792782165, '_a6_': 0.6545165237920417, '_a2_': 1.0, '_a3_': 1.0, '_a5_': 1.0, '_a7_': 1.0}};{'d0': 0.024905832955271757};-276.475521800444;36.79692280540636
10945;-101.440838094816;(((pow2(((_a1_ + _a0_) + x)) / _a6_) + _a6_) * (x * _a4_));{'d0': {'_a0_': -2229.2976723847423, '_a1_': 2229.609601853241, '_a4_': 2.210145792782165, '_a6_': 0.6545165237920417, '_a2_': 1.0, '_a3_': 1.0, '_a5_': 1.0, '_a7_': 1.0}};{'d0': 0.024905832955271757};-276.475521800444;36.79692280540636
10946;-101.440838066711;(((pow2(((_a1_ + _a0_) + x)) / _a6_) + _a4_) * (x * _a4_));{'d0': {'_a0_': -555492.5924090246, '_a1_': 555492.9043391879, '_a4_': 1.2027366957416898, '_a6_': 0.3561805943042273, '_a2_': 1.0, '_a3_': 1.0, '_a5_': 1.0, '_a7_': 1.0}};{'d0': 0.02490583297860435};-276.475521744234;36.79692280540636
10947;-101.440838066711;(((pow2(((_a1_ + _a0_) + x)) / _a6_) + _a4_) * (x * _a4_));{'d0': {'_a0_': -555492.5924090246, '_a1_': 555492.9043391879, '_a4_': 1.2027366957416898, '_a6_': 0.3561805943042273, '_a2_': 1.0, '_a3_': 1.0, '_a5_': 1.0, '_a7_': 1.0}};{'d0': 0.02490583297860435};-276.475521744234;36.79692280540636
10948;-101.440838066711;(((pow2(((_a1_ + _a0_) + x)) / _a6_) + _a4_) * (x * _a4_));{'d0': {'_a0_': -555492.5924090246, '_a1_': 555492.9043391879, '_a4_': 1.2027366957416898, '_a6_': 0.3561805943042273, '_a2_': 1.0, '_a3_': 1.0, '_a5_': 1.0, '_a7_': 1.0}};{'d0': 0.02490583297860435};-276.475521744234;36.79692280540636
10949;-101.440838066711;(((pow2(((_a1_ + _a0_) + x)) / _a6_) + _a4_) * (x * _a4_));{'d0': {'_a0_': -555492.5924090246, '_a1_': 555492.9043391879, '_a4_': 1.2027366957416898, '_a6_': 0.3561805943042273, '_a2_': 1.0, '_a3_': 1.0, '_a5_': 1.0, '_a7_': 1.0}};{'d0': 0.02490583297860435};-276.475521744234;36.79692280540636
10950;-101.440838066711;(((pow2(((_a1_ + _a0_) + x)) / _a6_) + _a4_) * (x * _a4_));{'d0': {'_a0_': -555492.5924090246, '_a1_': 555492.9043391879, '_a4_': 1.2027366957416898, '_a6_': 0.3561805943042273, '_a2_': 1.0, '_a3_': 1.0, '_a5_': 1.0, '_a7_': 1.0}};{'d0': 0.02490583297860435};-276.475521744234;36.79692280540636
10951;-101.440838066711;(((pow2(((_a1_ + _a0_) + x)) / _a6_) + _a4_) * (x * _a4_));{'d0': {'_a0_': -555492.5924090246, '_a1_': 555492.9043391879, '_a4_': 1.2027366957416898, '_a6_': 0.3561805943042273, '_a2_': 1.0, '_a3_': 1.0, '_a5_': 1.0, '_a7_': 1.0}};{'d0': 0.02490583297860435};-276.475521744234;36.79692280540636
10952;-101.440838066711;(((pow2(((_a1_ + _a0_) + x)) / _a6_) + _a4_) * (x * _a4_));{'d0': {'_a0_': -555492.5924090246, '_a1_': 555492.9043391879, '_a4_': 1.2027366957416898, '_a6_': 0.3561805943042273, '_a2_': 1.0, '_a3_': 1.0, '_a5_': 1.0, '_a7_': 1.0}};{'d0': 0.02490583297860435};-276.475521744234;36.79692280540636
10953;-101.440838066711;(((pow2(((_a1_ + _a0_) + x)) / _a6_) + _a4_) * (x * _a4_));{'d0': {'_a0_': -555492.5924090246, '_a1_': 555492.9043391879, '_a4_': 1.2027366957416898, '_a6_': 0.3561805943042273, '_a2_': 1.0, '_a3_': 1.0, '_a5_': 1.0, '_a7_': 1.0}};{'d0': 0.02490583297860435};-276.475521744234;36.79692280540636
10954;-101.440838066711;(((pow2(((_a1_ + _a0_) + x)) / _a6_) + _a4_) * (x * _a4_));{'d0': {'_a0_': -555492.5924090246, '_a1_': 555492.9043391879, '_a4_': 1.2027366957416898, '_a6_': 0.3561805943042273, '_a2_': 1.0, '_a3_': 1.0, '_a5_': 1.0, '_a7_': 1.0}};{'d0': 0.02490583297860435};-276.475521744234;36.79692280540636
10955;-101.440838066711;(((pow2(((_a1_ + _a0_) + x)) / _a6_) + _a4_) * (x * _a4_));{'d0': {'_a0_': -555492.5924090246, '_a1_': 555492.9043391879, '_a4_': 1.2027366957416898, '_a6_': 0.3561805943042273, '_a2_': 1.0, '_a3_': 1.0, '_a5_': 1.0, '_a7_': 1.0}};{'d0': 0.02490583297860435};-276.475521744234;36.79692280540636
10956;-101.440838066711;(((pow2(((_a1_ + _a0_) + x)) / _a6_) + _a4_) * (x * _a4_));{'d0': {'_a0_': -555492.5924090246, '_a1_': 555492.9043391879, '_a4_': 1.2027366957416898, '_a6_': 0.3561805943042273, '_a2_': 1.0, '_a3_': 1.0, '_a5_': 1.0, '_a7_': 1.0}};{'d0': 0.02490583297860435};-276.475521744234;36.79692280540636
10957;-101.440838066711;(((pow2(((_a1_ + _a0_) + x)) / _a6_) + _a4_) * (x * _a4_));{'d0': {'_a0_': -555492.5924090246, '_a1_': 555492.9043391879, '_a4_': 1.2027366957416898, '_a6_': 0.3561805943042273, '_a2_': 1.0, '_a3_': 1.0, '_a5_': 1.0, '_a7_': 1.0}};{'d0': 0.02490583297860435};-276.475521744234;36.79692280540636
10958;-101.702633509695;-((((pow2((x + _a5_)) * _a7_) + ((_a7_ * _a3_) * _a3_)) * x));{'d0': {'_a3_': -0.6545163312569313, '_a5_': 0.3119297078944755, '_a7_': -3.3767608782367677, '_a0_': 1.0, '_a1_': 1.0, '_a2_': 1.0, '_a4_': 1.0, '_a6_': 1.0}};{'d0': 0.024905832919416657};-280.569866449044;38.58229971482632
10959;-101.702633509695;-((((pow2((x + _a5_)) * _a7_) + ((_a7_ * _a3_) * _a3_)) * x));{'d0': {'_a3_': -0.6545163312569313, '_a5_': 0.3119297078944755, '_a7_': -3.3767608782367677, '_a0_': 1.0, '_a1_': 1.0, '_a2_': 1.0, '_a4_': 1.0, '_a6_': 1.0}};{'d0': 0.024905832919416657};-280.569866449044;38.58229971482632
10960;-101.702633509695;-((((pow2((x + _a5_)) * _a7_) + ((_a7_ * _a3_) * _a3_)) * x));{'d0': {'_a3_': -0.6545163312569313, '_a5_': 0.3119297078944755, '_a7_': -3.3767608782367677, '_a0_': 1.0, '_a1_': 1.0, '_a2_': 1.0, '_a4_': 1.0, '_a6_': 1.0}};{'d0': 0.024905832919416657};-280.569866449044;38.58229971482632
10961;-101.702633509695;-((((pow2((x + _a5_)) * _a7_) + ((_a7_ * _a3_) * _a3_)) * x));{'d0': {'_a3_': -0.6545163312569313, '_a5_': 0.3119297078944755, '_a7_': -3.3767608782367677, '_a0_': 1.0, '_a1_': 1.0, '_a2_': 1.0, '_a4_': 1.0, '_a6_': 1.0}};{'d0': 0.024905832919416657};-280.569866449044;38.58229971482632
10962;-101.702633509695;-((((pow2((x + _a5_)) * _a7_) + ((_a7_ * _a3_) * _a3_)) * x));{'d0': {'_a3_': -0.6545163312569313, '_a5_': 0.3119297078944755, '_a7_': -3.3767608782367677, '_a0_': 1.0, '_a1_': 1.0, '_a2_': 1.0, '_a4_': 1.0, '_a6_': 1.0}};{'d0': 0.024905832919416657};-280.569866449044;38.58229971482632
10963;-101.702633509695;-((((pow2((x + _a5_)) * _a7_) + ((_a7_ * _a3_) * _a3_)) * x));{'d0': {'_a3_': -0.6545163312569313, '_a5_': 0.3119297078944755, '_a7_': -3.3767608782367677, '_a0_': 1.0, '_a1_': 1.0, '_a2_': 1.0, '_a4_': 1.0, '_a6_': 1.0}};{'d0': 0.024905832919416657};-280.569866449044;38.58229971482632
10964;-101.702633509695;-((((pow2((x + _a5_)) * _a7_) + ((_a7_ * _a3_) * _a3_)) * x));{'d0': {'_a3_': -0.6545163312569313, '_a5_': 0.3119297078944755, '_a7_': -3.3767608782367677, '_a0_': 1.0, '_a1_': 1.0, '_a2_': 1.0, '_a4_': 1.0, '_a6_': 1.0}};{'d0': 0.024905832919416657};-280.569866449044;38.58229971482632
10965;-101.702633509695;-((((pow2((x + _a5_)) * _a7_) + ((_a7_ * _a3_) * _a3_)) * x));{'d0': {'_a3_': -0.6545163312569313, '_a5_': 0.3119297078944755, '_a7_': -3.3767608782367677, '_a0_': 1.0, '_a1_': 1.0, '_a2_': 1.0, '_a4_': 1.0, '_a6_': 1.0}};{'d0': 0.024905832919416657};-280.569866449044;38.58229971482632
10966;-101.702633509695;-((((pow2((x + _a5_)) * _a7_) + ((_a7_ * _a3_) * _a3_)) * x));{'d0': {'_a3_': -0.6545163312569313, '_a5_': 0.3119297078944755, '_a7_': -3.3767608782367677, '_a0_': 1.0, '_a1_': 1.0, '_a2_': 1.0, '_a4_': 1.0, '_a6_': 1.0}};{'d0': 0.024905832919416657};-280.569866449044;38.58229971482632
10967;-101.702633509695;-((((pow2((x + _a5_)) * _a7_) + ((_a7_ * _a3_) * _a3_)) * x));{'d0': {'_a3_': -0.6545163312569313, '_a5_': 0.3119297078944755, '_a7_': -3.3767608782367677, '_a0_': 1.0, '_a1_': 1.0, '_a2_': 1.0, '_a4_': 1.0, '_a6_': 1.0}};{'d0': 0.024905832919416657};-280.569866449044;38.58229971482632
10968;-101.702633509695;-((((pow2((x + _a5_)) * _a7_) + ((_a7_ * _a3_) * _a3_)) * x));{'d0': {'_a3_': -0.6545163312569313, '_a5_': 0.3119297078944755, '_a7_': -3.3767608782367677, '_a0_': 1.0, '_a1_': 1.0, '_a2_': 1.0, '_a4_': 1.0, '_a6_': 1.0}};{'d0': 0.024905832919416657};-280.569866449044;38.58229971482632
10969;-101.702633509695;-((((pow2((x + _a5_)) * _a7_) + ((_a7_ * _a3_) * _a3_)) * x));{'d0': {'_a3_': -0.6545163312569313, '_a5_': 0.3119297078944755, '_a7_': -3.3767608782367677, '_a0_': 1.0, '_a1_': 1.0, '_a2_': 1.0, '_a4_': 1.0, '_a6_': 1.0}};{'d0': 0.024905832919416657};-280.569866449044;38.58229971482632
10970;-101.702633509695;-((((pow2((x + _a5_)) * _a7_) + ((_a7_ * _a3_) * _a3_)) * x));{'d0': {'_a3_': -0.6545163312569313, '_a5_': 0.3119297078944755, '_a7_': -3.3767608782367677, '_a0_': 1.0, '_a1_': 1.0, '_a2_': 1.0, '_a4_': 1.0, '_a6_': 1.0}};{'d0': 0.024905832919416657};-280.569866449044;38.58229971482632
10971;-101.702633509695;-((((pow2((x + _a5_)) * _a7_) + ((_a7_ * _a3_) * _a3_)) * x));{'d0': {'_a3_': -0.6545163312569313, '_a5_': 0.3119297078944755, '_a7_': -3.3767608782367677, '_a0_': 1.0, '_a1_': 1.0, '_a2_': 1.0, '_a4_': 1.0, '_a6_': 1.0}};{'d0': 0.024905832919416657};-280.569866449044;38.58229971482632
10972;-101.702633509695;-((((pow2((x + _a5_)) * _a7_) + ((_a7_ * _a3_) * _a3_)) * x));{'d0': {'_a3_': -0.6545163312569313, '_a5_': 0.3119297078944755, '_a7_': -3.3767608782367677, '_a0_': 1.0, '_a1_': 1.0, '_a2_': 1.0, '_a4_': 1.0, '_a6_': 1.0}};{'d0': 0.024905832919416657};-280.569866449044;38.58229971482632
10973;-101.702633509695;-((((pow2((x + _a5_)) * _a7_) + ((_a7_ * _a7_) * _a3_)) * x));{'d0': {'_a3_': -0.12686466232863786, '_a5_': 0.31192970786592733, '_a7_': -3.37676087609293, '_a0_': 1.0, '_a1_': 1.0, '_a2_': 1.0, '_a4_': 1.0, '_a6_': 1.0}};{'d0': 0.024905832919416632};-280.569866449044;38.58229971482632
10974;-101.702633509695;-((((pow2((x + _a5_)) * _a7_) + ((_a7_ * _a7_) * _a3_)) * x));{'d0': {'_a3_': -0.12686466232863786, '_a5_': 0.31192970786592733, '_a7_': -3.37676087609293, '_a0_': 1.0, '_a1_': 1.0, '_a2_': 1.0, '_a4_': 1.0, '_a6_': 1.0}};{'d0': 0.024905832919416632};-280.569866449044;38.58229971482632
10975;-101.702633509695;-((((pow2((x + _a5_)) * _a7_) + ((_a7_ * _a7_) * _a3_)) * x));{'d0': {'_a3_': -0.12686466232863786, '_a5_': 0.31192970786592733, '_a7_': -3.37676087609293, '_a0_': 1.0, '_a1_': 1.0, '_a2_': 1.0, '_a4_': 1.0, '_a6_': 1.0}};{'d0': 0.024905832919416632};-280.569866449044;38.58229971482632
10976;-101.702633509695;-((((pow2((x + _a5_)) * _a7_) + ((_a7_ * _a7_) * _a3_)) * x));{'d0': {'_a3_': -0.12686466232863786, '_a5_': 0.31192970786592733, '_a7_': -3.37676087609293, '_a0_': 1.0, '_a1_': 1.0, '_a2_': 1.0, '_a4_': 1.0, '_a6_': 1.0}};{'d0': 0.024905832919416632};-280.569866449044;38.58229971482632
10977;-96.6809362979164;-((((pow2((x + _a5_)) * _a7_) + ((_a7_ * _a7_) * (_a2_ * _a5_))) * x));{'d0': {'_a2_': -0.406709136438973, '_a5_': 0.311929707770705, '_a7_': -3.3767608784218277, '_a0_': 1.0, '_a1_': 1.0, '_a3_': 1.0, '_a4_': 1.0, '_a6_': 1.0}};{'d0': 0.024905832919416695};-280.569866449043;43.60399692660532
10978;-96.6809362979164;-((((pow2((x + _a5_)) * _a7_) + ((_a7_ * _a7_) * (_a2_ * _a5_))) * x));{'d0': {'_a2_': -0.406709136438973, '_a5_': 0.311929707770705, '_a7_': -3.3767608784218277, '_a0_': 1.0, '_a1_': 1.0, '_a3_': 1.0, '_a4_': 1.0, '_a6_': 1.0}};{'d0': 0.024905832919416695};-280.569866449043;43.60399692660532
10979;-96.6809362979164;-((((pow2((x + _a5_)) * _a7_) + ((_a7_ * _a7_) * (_a2_ * _a5_))) * x));{'d0': {'_a2_': -0.406709136438973, '_a5_': 0.311929707770705, '_a7_': -3.3767608784218277, '_a0_': 1.0, '_a1_': 1.0, '_a3_': 1.0, '_a4_': 1.0, '_a6_': 1.0}};{'d0': 0.024905832919416695};-280.569866449043;43.60399692660532
10980;-96.6809362979164;-((((pow2((x + _a5_)) * _a7_) + ((_a7_ * _a7_) * (_a2_ * _a5_))) * x));{'d0': {'_a2_': -0.406709136438973, '_a5_': 0.311929707770705, '_a7_': -3.3767608784218277, '_a0_': 1.0, '_a1_': 1.0, '_a3_': 1.0, '_a4_': 1.0, '_a6_': 1.0}};{'d0': 0.024905832919416695};-280.569866449043;43.60399692660532
10981;-96.6809362979164;-((((pow2((x + _a5_)) * _a7_) + ((_a7_ * _a7_) * (_a2_ * _a5_))) * x));{'d0': {'_a2_': -0.406709136438973, '_a5_': 0.311929707770705, '_a7_': -3.3767608784218277, '_a0_': 1.0, '_a1_': 1.0, '_a3_': 1.0, '_a4_': 1.0, '_a6_': 1.0}};{'d0': 0.024905832919416695};-280.569866449043;43.60399692660532
10982;-96.6809362979164;-((((pow2((x + _a5_)) * _a7_) + ((_a7_ * _a7_) * (_a2_ * _a5_))) * x));{'d0': {'_a2_': -0.406709136438973, '_a5_': 0.311929707770705, '_a7_': -3.3767608784218277, '_a0_': 1.0, '_a1_': 1.0, '_a3_': 1.0, '_a4_': 1.0, '_a6_': 1.0}};{'d0': 0.024905832919416695};-280.569866449043;43.60399692660532
10983;-96.6809362979164;-((((pow2((x + _a5_)) * _a7_) + ((_a7_ * _a7_) * (_a2_ * _a5_))) * x));{'d0': {'_a2_': -0.406709136438973, '_a5_': 0.311929707770705, '_a7_': -3.3767608784218277, '_a0_': 1.0, '_a1_': 1.0, '_a3_': 1.0, '_a4_': 1.0, '_a6_': 1.0}};{'d0': 0.024905832919416695};-280.569866449043;43.60399692660532
10984;-94.6337640167458;-((((pow2((x + _a5_)) * _a3_) + ((_a7_ * _a7_) * (_a2_ * _a5_))) * x));{'d0': {'_a2_': -0.6449494105782807, '_a3_': -3.3767608785242014, '_a5_': 0.31192970771240314, '_a7_': -2.6815101079141, '_a0_': 1.0, '_a1_': 1.0, '_a4_': 1.0, '_a6_': 1.0}};{'d0': 0.02490583291946614};-276.475521886702;43.60399692660532
10985;-94.6337640167458;-((((pow2((x + _a5_)) * _a3_) + ((_a7_ * _a7_) * (_a2_ * _a5_))) * x));{'d0': {'_a2_': -0.6449494105782807, '_a3_': -3.3767608785242014, '_a5_': 0.31192970771240314, '_a7_': -2.6815101079141, '_a0_': 1.0, '_a1_': 1.0, '_a4_': 1.0, '_a6_': 1.0}};{'d0': 0.02490583291946614};-276.475521886702;43.60399692660532
10986;-94.6337640010942;-((((pow2((x + _a5_)) * _a3_) + ((_a5_ * _a7_) * (_a2_ * _a5_))) * x));{'d0': {'_a2_': -1.3729615382665668, '_a3_': -3.376760876571819, '_a5_': 0.3119297076834405, '_a7_': 10.828521376824302, '_a0_': 1.0, '_a1_': 1.0, '_a4_': 1.0, '_a6_': 1.0}};{'d0': 0.024905832932460018};-276.475521855399;43.60399692660532
10987;-94.6337640010942;-((((pow2((x + _a5_)) * _a3_) + ((_a5_ * _a7_) * (_a2_ * _a5_))) * x));{'d0': {'_a2_': -1.3729615382665668, '_a3_': -3.376760876571819, '_a5_': 0.3119297076834405, '_a7_': 10.828521376824302, '_a0_': 1.0, '_a1_': 1.0, '_a4_': 1.0, '_a6_': 1.0}};{'d0': 0.024905832932460018};-276.475521855399;43.60399692660532
10988;-94.6337640010942;-((((pow2((x + _a5_)) * _a3_) + ((_a5_ * _a7_) * (_a2_ * _a5_))) * x));{'d0': {'_a2_': -1.3729615382665668, '_a3_': -3.376760876571819, '_a5_': 0.3119297076834405, '_a7_': 10.828521376824302, '_a0_': 1.0, '_a1_': 1.0, '_a4_': 1.0, '_a6_': 1.0}};{'d0': 0.024905832932460018};-276.475521855399;43.60399692660532
10989;-94.6337640010942;-((((pow2((x + _a5_)) * _a3_) + ((_a5_ * _a7_) * (_a2_ * _a5_))) * x));{'d0': {'_a2_': -1.3729615382665668, '_a3_': -3.376760876571819, '_a5_': 0.3119297076834405, '_a7_': 10.828521376824302, '_a0_': 1.0, '_a1_': 1.0, '_a4_': 1.0, '_a6_': 1.0}};{'d0': 0.024905832932460018};-276.475521855399;43.60399692660532
10990;-93.7348601787642;-((((pow2((x + _a5_)) * _a3_) + ((_a5_ * _a7_) * (_a2_ + _a5_))) * x));{'d0': {'_a2_': -1.4918679069584704, '_a3_': -3.376760879026164, '_a5_': 0.3119297077397632, '_a7_': 3.9302956503411743, '_a0_': 1.0, '_a1_': 1.0, '_a4_': 1.0, '_a6_': 1.0}};{'d0': 0.024905832920072667};-276.475521885241;44.50290076385632
10991;-93.7348601787642;-((((pow2((x + _a5_)) * _a3_) + ((_a5_ * _a7_) * (_a2_ + _a5_))) * x));{'d0': {'_a2_': -1.4918679069584704, '_a3_': -3.376760879026164, '_a5_': 0.3119297077397632, '_a7_': 3.9302956503411743, '_a0_': 1.0, '_a1_': 1.0, '_a4_': 1.0, '_a6_': 1.0}};{'d0': 0.024905832920072667};-276.475521885241;44.50290076385632
10992;-93.7348601787642;-((((pow2((x + _a5_)) * _a3_) + ((_a5_ * _a7_) * (_a2_ + _a5_))) * x));{'d0': {'_a2_': -1.4918679069584704, '_a3_': -3.376760879026164, '_a5_': 0.3119297077397632, '_a7_': 3.9302956503411743, '_a0_': 1.0, '_a1_': 1.0, '_a4_': 1.0, '_a6_': 1.0}};{'d0': 0.024905832920072667};-276.475521885241;44.50290076385632
10993;-93.7348601787642;-((((pow2((x + _a5_)) * _a3_) + ((_a5_ * _a7_) * (_a2_ + _a5_))) * x));{'d0': {'_a2_': -1.4918679069584704, '_a3_': -3.376760879026164, '_a5_': 0.3119297077397632, '_a7_': 3.9302956503411743, '_a0_': 1.0, '_a1_': 1.0, '_a4_': 1.0, '_a6_': 1.0}};{'d0': 0.024905832920072667};-276.475521885241;44.50290076385632
10994;-95.9575267558214;-((((pow2((x + _a5_)) * _a3_) + ((_a5_ * _a7_) * pow2(_a4_))) * x));{'d0': {'_a3_': -3.3767608789188035, '_a4_': 0.9807519099895542, '_a5_': 0.3119297078091416, '_a7_': -4.82132259831345, '_a0_': 1.0, '_a1_': 1.0, '_a2_': 1.0, '_a6_': 1.0}};{'d0': 0.024905832919543645};-276.475521886515;42.28023418743632
10995;-95.9575267558214;-((((pow2((x + _a5_)) * _a3_) + ((_a5_ * _a7_) * pow2(_a4_))) * x));{'d0': {'_a3_': -3.3767608789188035, '_a4_': 0.9807519099895542, '_a5_': 0.3119297078091416, '_a7_': -4.82132259831345, '_a0_': 1.0, '_a1_': 1.0, '_a2_': 1.0, '_a6_': 1.0}};{'d0': 0.024905832919543645};-276.475521886515;42.28023418743632
10996;-95.9575267558214;-((((pow2((x + _a5_)) * _a3_) + ((_a5_ * _a7_) * pow2(_a4_))) * x));{'d0': {'_a3_': -3.3767608789188035, '_a4_': 0.9807519099895542, '_a5_': 0.3119297078091416, '_a7_': -4.82132259831345, '_a0_': 1.0, '_a1_': 1.0, '_a2_': 1.0, '_a6_': 1.0}};{'d0': 0.024905832919543645};-276.475521886515;42.28023418743632
10997;-95.9575267558214;-((((pow2((x + _a5_)) * _a3_) + ((_a5_ * _a7_) * pow2(_a4_))) * x));{'d0': {'_a3_': -3.3767608789188035, '_a4_': 0.9807519099895542, '_a5_': 0.3119297078091416, '_a7_': -4.82132259831345, '_a0_': 1.0, '_a1_': 1.0, '_a2_': 1.0, '_a6_': 1.0}};{'d0': 0.024905832919543645};-276.475521886515;42.28023418743632
10998;-95.9575267558214;-((((pow2((x + _a5_)) * _a3_) + ((_a5_ * _a7_) * pow2(_a4_))) * x));{'d0': {'_a3_': -3.3767608789188035, '_a4_': 0.9807519099895542, '_a5_': 0.3119297078091416, '_a7_': -4.82132259831345, '_a0_': 1.0, '_a1_': 1.0, '_a2_': 1.0, '_a6_': 1.0}};{'d0': 0.024905832919543645};-276.475521886515;42.28023418743632
10999;-95.9575267558214;-((((pow2((x + _a5_)) * _a3_) + ((_a5_ * _a7_) * pow2(_a4_))) * x));{'d0': {'_a3_': -3.3767608789188035, '_a4_': 0.9807519099895542, '_a5_': 0.3119297078091416, '_a7_': -4.82132259831345, '_a0_': 1.0, '_a1_': 1.0, '_a2_': 1.0, '_a6_': 1.0}};{'d0': 0.024905832919543645};-276.475521886515;42.28023418743632
11000;-95.9575267558214;-((((pow2((x + _a5_)) * _a3_) + ((_a5_ * _a7_) * pow2(_a4_))) * x));{'d0': {'_a3_': -3.3767608789188035, '_a4_': 0.9807519099895542, '_a5_': 0.3119297078091416, '_a7_': -4.82132259831345, '_a0_': 1.0, '_a1_': 1.0, '_a2_': 1.0, '_a6_': 1.0}};{'d0': 0.024905832919543645};-276.475521886515;42.28023418743632
11001;-99.6374739149412;(((pow2((x + _a5_)) * _a3_) + ((_a5_ * _a7_) * pow2(_a4_))) * x);{'d0': {'_a3_': 3.376760877016403, '_a4_': 1.1455844481787663, '_a5_': 0.31192970778480617, '_a7_': 3.533704635216269, '_a0_': 1.0, '_a1_': 1.0, '_a2_': 1.0, '_a6_': 1.0}};{'d0': 0.024905832920490575};-276.475521884234;38.60028702717593
11002;-98.7865220751017;(((pow2((x + _a5_)) * _a3_) + ((_a5_ / _a7_) * pow2(_a4_))) * x);{'d0': {'_a3_': 3.376760878005931, '_a4_': 19.39874066296092, '_a5_': 0.31192970772407363, '_a7_': 81.14513740599352, '_a0_': 1.0, '_a1_': 1.0, '_a2_': 1.0, '_a6_': 1.0}};{'d0': 0.024905832919572456};-276.475521886446;39.45123886812133
11003;-98.7865220751017;(((pow2((x + _a5_)) * _a3_) + ((_a5_ / _a7_) * pow2(_a4_))) * x);{'d0': {'_a3_': 3.376760878005931, '_a4_': 19.39874066296092, '_a5_': 0.31192970772407363, '_a7_': 81.14513740599352, '_a0_': 1.0, '_a1_': 1.0, '_a2_': 1.0, '_a6_': 1.0}};{'d0': 0.024905832919572456};-276.475521886446;39.45123886812133
11004;-98.7865220751017;(((pow2((x + _a5_)) * _a3_) + ((_a5_ / _a7_) * pow2(_a4_))) * x);{'d0': {'_a3_': 3.376760878005931, '_a4_': 19.39874066296092, '_a5_': 0.31192970772407363, '_a7_': 81.14513740599352, '_a0_': 1.0, '_a1_': 1.0, '_a2_': 1.0, '_a6_': 1.0}};{'d0': 0.024905832919572456};-276.475521886446;39.45123886812133
11005;-98.7865220751017;(((pow2((x + _a5_)) * _a3_) + ((_a5_ / _a7_) * pow2(_a4_))) * x);{'d0': {'_a3_': 3.376760878005931, '_a4_': 19.39874066296092, '_a5_': 0.31192970772407363, '_a7_': 81.14513740599352, '_a0_': 1.0, '_a1_': 1.0, '_a2_': 1.0, '_a6_': 1.0}};{'d0': 0.024905832919572456};-276.475521886446;39.45123886812133
11006;-98.7865220751017;(((pow2((x + _a5_)) * _a3_) + ((_a5_ / _a7_) * pow2(_a4_))) * x);{'d0': {'_a3_': 3.376760878005931, '_a4_': 19.39874066296092, '_a5_': 0.31192970772407363, '_a7_': 81.14513740599352, '_a0_': 1.0, '_a1_': 1.0, '_a2_': 1.0, '_a6_': 1.0}};{'d0': 0.024905832919572456};-276.475521886446;39.45123886812133
11007;-98.7865220751017;(((pow2((x + _a5_)) * _a3_) + ((_a5_ / _a7_) * pow2(_a4_))) * x);{'d0': {'_a3_': 3.376760878005931, '_a4_': 19.39874066296092, '_a5_': 0.31192970772407363, '_a7_': 81.14513740599352, '_a0_': 1.0, '_a1_': 1.0, '_a2_': 1.0, '_a6_': 1.0}};{'d0': 0.024905832919572456};-276.475521886446;39.45123886812133
11008;-92.8659210122335;(((pow2((x + _a5_)) * _a3_) + ((_a5_ / _a7_) * pow2((_a2_ + _a2_)))) * x);{'d0': {'_a2_': 125.29457923296849, '_a3_': 3.3767608790720804, '_a5_': 0.3119297078575786, '_a7_': 13540.657413076346, '_a0_': 1.0, '_a1_': 1.0, '_a4_': 1.0, '_a6_': 1.0}};{'d0': 0.024905832931060832};-276.475521858770;45.37183991715133
11009;-92.8659210122335;(((pow2((x + _a5_)) * _a3_) + ((_a5_ / _a7_) * pow2((_a2_ + _a2_)))) * x);{'d0': {'_a2_': 125.29457923296849, '_a3_': 3.3767608790720804, '_a5_': 0.3119297078575786, '_a7_': 13540.657413076346, '_a0_': 1.0, '_a1_': 1.0, '_a4_': 1.0, '_a6_': 1.0}};{'d0': 0.024905832931060832};-276.475521858770;45.37183991715133
11010;-101.684646197346;(((pow2(_a6_) * pow2(x)) + (_a5_ * (x + _a5_))) * (x * _a1_));{'d0': {'_a1_': 2.5000148992473847, '_a5_': 0.8426446048631242, '_a6_': 1.162194605459568, '_a0_': 1.0, '_a2_': 1.0, '_a3_': 1.0, '_a4_': 1.0, '_a7_': 1.0}};{'d0': 0.02490583291941664};-280.569866449044;38.60028702717605
11011;-101.684646197346;(((pow2(_a6_) * pow2(x)) + (_a5_ * (x + _a5_))) * (x * _a1_));{'d0': {'_a1_': 2.5000148992473847, '_a5_': 0.8426446048631242, '_a6_': 1.162194605459568, '_a0_': 1.0, '_a2_': 1.0, '_a3_': 1.0, '_a4_': 1.0, '_a7_': 1.0}};{'d0': 0.02490583291941664};-280.569866449044;38.60028702717605
11012;-101.684646197346;(((pow2(_a6_) * pow2(x)) + (_a5_ * (x + _a5_))) * (x * _a1_));{'d0': {'_a1_': 2.5000148992473847, '_a5_': 0.8426446048631242, '_a6_': 1.162194605459568, '_a0_': 1.0, '_a2_': 1.0, '_a3_': 1.0, '_a4_': 1.0, '_a7_': 1.0}};{'d0': 0.02490583291941664};-280.569866449044;38.60028702717605
11013;-101.684646197346;(((pow2(_a6_) * pow2(x)) + (_a5_ * (x + _a5_))) * (x * _a1_));{'d0': {'_a1_': 2.5000148992473847, '_a5_': 0.8426446048631242, '_a6_': 1.162194605459568, '_a0_': 1.0, '_a2_': 1.0, '_a3_': 1.0, '_a4_': 1.0, '_a7_': 1.0}};{'d0': 0.02490583291941664};-280.569866449044;38.60028702717605
11014;-101.684646197346;(((pow2(_a6_) * pow2(x)) + (_a5_ * (x + _a5_))) * (x * _a1_));{'d0': {'_a1_': 2.5000148992473847, '_a5_': 0.8426446048631242, '_a6_': 1.162194605459568, '_a0_': 1.0, '_a2_': 1.0, '_a3_': 1.0, '_a4_': 1.0, '_a7_': 1.0}};{'d0': 0.02490583291941664};-280.569866449044;38.60028702717605
11015;-101.684646197346;(((pow2(_a6_) * pow2(x)) + (_a5_ * (x + _a5_))) * (x * _a1_));{'d0': {'_a1_': 2.5000148992473847, '_a5_': 0.8426446048631242, '_a6_': 1.162194605459568, '_a0_': 1.0, '_a2_': 1.0, '_a3_': 1.0, '_a4_': 1.0, '_a7_': 1.0}};{'d0': 0.02490583291941664};-280.569866449044;38.60028702717605
11016;-101.684646197346;(((pow2(_a6_) * pow2(x)) + (_a5_ * (x + _a5_))) * (x * _a1_));{'d0': {'_a1_': 2.5000148992473847, '_a5_': 0.8426446048631242, '_a6_': 1.162194605459568, '_a0_': 1.0, '_a2_': 1.0, '_a3_': 1.0, '_a4_': 1.0, '_a7_': 1.0}};{'d0': 0.02490583291941664};-280.569866449044;38.60028702717605
11017;-101.684646197346;(((pow2(_a6_) * pow2(x)) + (_a5_ * (x + _a5_))) * (x * _a1_));{'d0': {'_a1_': 2.5000148992473847, '_a5_': 0.8426446048631242, '_a6_': 1.162194605459568, '_a0_': 1.0, '_a2_': 1.0, '_a3_': 1.0, '_a4_': 1.0, '_a7_': 1.0}};{'d0': 0.02490583291941664};-280.569866449044;38.60028702717605
11018;-101.684646197346;(((pow2(_a6_) * pow2(x)) + (_a5_ * (x + _a5_))) * (x * _a1_));{'d0': {'_a1_': 2.5000148992473847, '_a5_': 0.8426446048631242, '_a6_': 1.162194605459568, '_a0_': 1.0, '_a2_': 1.0, '_a3_': 1.0, '_a4_': 1.0, '_a7_': 1.0}};{'d0': 0.02490583291941664};-280.569866449044;38.60028702717605
11019;-100.360883458177;((((_a1_ * _a2_) * pow2(x)) + (_a5_ * (x + _a5_))) * (x * _a1_));{'d0': {'_a1_': 2.5000148964932203, '_a2_': 0.5402753014893468, '_a5_': 0.8426446053400397, '_a0_': 1.0, '_a3_': 1.0, '_a4_': 1.0, '_a6_': 1.0, '_a7_': 1.0}};{'d0': 0.024905832919416605};-280.569866449044;39.92404976634505
11020;-100.360883458177;((((_a1_ * _a2_) * pow2(x)) + (_a5_ * (x + _a5_))) * (x * _a1_));{'d0': {'_a1_': 2.5000148964932203, '_a2_': 0.5402753014893468, '_a5_': 0.8426446053400397, '_a0_': 1.0, '_a3_': 1.0, '_a4_': 1.0, '_a6_': 1.0, '_a7_': 1.0}};{'d0': 0.024905832919416605};-280.569866449044;39.92404976634505
11021;-100.360883458177;((((_a1_ * _a2_) * pow2(x)) + (_a5_ * (x + _a5_))) * (x * _a1_));{'d0': {'_a1_': 2.5000148964932203, '_a2_': 0.5402753014893468, '_a5_': 0.8426446053400397, '_a0_': 1.0, '_a3_': 1.0, '_a4_': 1.0, '_a6_': 1.0, '_a7_': 1.0}};{'d0': 0.024905832919416605};-280.569866449044;39.92404976634505
11022;-100.360883458177;((((_a1_ * _a2_) * pow2(x)) + (_a5_ * (x + _a5_))) * (x * _a1_));{'d0': {'_a1_': 2.5000148964932203, '_a2_': 0.5402753014893468, '_a5_': 0.8426446053400397, '_a0_': 1.0, '_a3_': 1.0, '_a4_': 1.0, '_a6_': 1.0, '_a7_': 1.0}};{'d0': 0.024905832919416605};-280.569866449044;39.92404976634505
11023;-100.360883458177;((((_a1_ * _a2_) * pow2(x)) + (_a5_ * (x + _a5_))) * (x * _a1_));{'d0': {'_a1_': 2.5000148964932203, '_a2_': 0.5402753014893468, '_a5_': 0.8426446053400397, '_a0_': 1.0, '_a3_': 1.0, '_a4_': 1.0, '_a6_': 1.0, '_a7_': 1.0}};{'d0': 0.024905832919416605};-280.569866449044;39.92404976634505
11024;-100.360883458177;((((_a1_ * _a2_) * pow2(x)) + (_a5_ * (x + _a5_))) * (x * _a1_));{'d0': {'_a1_': 2.5000148964932203, '_a2_': 0.5402753014893468, '_a5_': 0.8426446053400397, '_a0_': 1.0, '_a3_': 1.0, '_a4_': 1.0, '_a6_': 1.0, '_a7_': 1.0}};{'d0': 0.024905832919416605};-280.569866449044;39.92404976634505
11025;-100.360883458177;((((_a1_ * _a2_) * pow2(x)) + (_a5_ * (x + _a5_))) * (x * _a1_));{'d0': {'_a1_': 2.5000148964932203, '_a2_': 0.5402753014893468, '_a5_': 0.8426446053400397, '_a0_': 1.0, '_a3_': 1.0, '_a4_': 1.0, '_a6_': 1.0, '_a7_': 1.0}};{'d0': 0.024905832919416605};-280.569866449044;39.92404976634505
11026;-100.360883458177;((((_a1_ * _a2_) * pow2(x)) + (_a5_ * (x + _a5_))) * (x * _a1_));{'d0': {'_a1_': 2.5000148964932203, '_a2_': 0.5402753014893468, '_a5_': 0.8426446053400397, '_a0_': 1.0, '_a3_': 1.0, '_a4_': 1.0, '_a6_': 1.0, '_a7_': 1.0}};{'d0': 0.024905832919416605};-280.569866449044;39.92404976634505
11027;-100.360883458177;((((_a1_ * _a2_) * pow2(x)) + (_a5_ * (x + _a5_))) * (x * _a1_));{'d0': {'_a1_': 2.5000148964932203, '_a2_': 0.5402753014893468, '_a5_': 0.8426446053400397, '_a0_': 1.0, '_a3_': 1.0, '_a4_': 1.0, '_a6_': 1.0, '_a7_': 1.0}};{'d0': 0.024905832919416605};-280.569866449044;39.92404976634505
11028;-100.360883458177;((((_a1_ * _a2_) * pow2(x)) + (_a5_ * (x + _a5_))) * (x * _a1_));{'d0': {'_a1_': 2.5000148964932203, '_a2_': 0.5402753014893468, '_a5_': 0.8426446053400397, '_a0_': 1.0, '_a3_': 1.0, '_a4_': 1.0, '_a6_': 1.0, '_a7_': 1.0}};{'d0': 0.024905832919416605};-280.569866449044;39.92404976634505
11029;-100.360883458177;((((_a1_ * _a2_) * pow2(x)) + (_a5_ * (x + _a5_))) * (x * _a1_));{'d0': {'_a1_': 2.5000148964932203, '_a2_': 0.5402753014893468, '_a5_': 0.8426446053400397, '_a0_': 1.0, '_a3_': 1.0, '_a4_': 1.0, '_a6_': 1.0, '_a7_': 1.0}};{'d0': 0.024905832919416605};-280.569866449044;39.92404976634505
11030;-100.360883458177;((((_a1_ * _a2_) * pow2(x)) + (_a5_ * (x + _a5_))) * (x * _a1_));{'d0': {'_a1_': 2.5000148964932203, '_a2_': 0.5402753014893468, '_a5_': 0.8426446053400397, '_a0_': 1.0, '_a3_': 1.0, '_a4_': 1.0, '_a6_': 1.0, '_a7_': 1.0}};{'d0': 0.024905832919416605};-280.569866449044;39.92404976634505
11031;-100.360883458177;((((_a1_ * _a2_) * pow2(x)) + (_a5_ * (x + _a5_))) * (x * _a1_));{'d0': {'_a1_': 2.5000148964932203, '_a2_': 0.5402753014893468, '_a5_': 0.8426446053400397, '_a0_': 1.0, '_a3_': 1.0, '_a4_': 1.0, '_a6_': 1.0, '_a7_': 1.0}};{'d0': 0.024905832919416605};-280.569866449044;39.92404976634505
11032;-106.651973435152;(((pow2((-(_a5_) + x)) * _a0_) + _a4_) * (x * _a4_));{'d0': {'_a0_': 2.8075640100157346, '_a4_': 1.2027369159857415, '_a5_': -0.3119297077515161, '_a1_': 1.0, '_a2_': 1.0, '_a3_': 1.0, '_a6_': 1.0, '_a7_': 1.0}};{'d0': 0.024905832919416657};-280.569866449044;33.63295978936935
11033;-106.651973435152;(((pow2((-(_a5_) + x)) * _a0_) + _a4_) * (x * _a4_));{'d0': {'_a0_': 2.8075640100157346, '_a4_': 1.2027369159857415, '_a5_': -0.3119297077515161, '_a1_': 1.0, '_a2_': 1.0, '_a3_': 1.0, '_a6_': 1.0, '_a7_': 1.0}};{'d0': 0.024905832919416657};-280.569866449044;33.63295978936935
11034;-106.651973435152;(((pow2((-(_a5_) + x)) * _a0_) + _a4_) * (x * _a4_));{'d0': {'_a0_': 2.8075640100157346, '_a4_': 1.2027369159857415, '_a5_': -0.3119297077515161, '_a1_': 1.0, '_a2_': 1.0, '_a3_': 1.0, '_a6_': 1.0, '_a7_': 1.0}};{'d0': 0.024905832919416657};-280.569866449044;33.63295978936935
11035;-106.651973435152;(((pow2((-(_a5_) + x)) * _a0_) + _a4_) * (x * _a4_));{'d0': {'_a0_': 2.8075640100157346, '_a4_': 1.2027369159857415, '_a5_': -0.3119297077515161, '_a1_': 1.0, '_a2_': 1.0, '_a3_': 1.0, '_a6_': 1.0, '_a7_': 1.0}};{'d0': 0.024905832919416657};-280.569866449044;33.63295978936935
11036;-104.965852460753;(((pow2((exp(_a5_) + x)) * _a0_) + _a4_) * (x * _a4_));{'d0': {'_a0_': 2.8075640104568107, '_a4_': 1.2027369160123682, '_a5_': -1.1649774119536764, '_a1_': 1.0, '_a2_': 1.0, '_a3_': 1.0, '_a6_': 1.0, '_a7_': 1.0}};{'d0': 0.02490583291941655};-280.569866449044;35.31908076376896
11037;-104.965852460753;(((pow2((exp(_a5_) + x)) * _a0_) + _a4_) * (x * _a4_));{'d0': {'_a0_': 2.8075640104568107, '_a4_': 1.2027369160123682, '_a5_': -1.1649774119536764, '_a1_': 1.0, '_a2_': 1.0, '_a3_': 1.0, '_a6_': 1.0, '_a7_': 1.0}};{'d0': 0.02490583291941655};-280.569866449044;35.31908076376896
11038;-104.965852460753;(((pow2((exp(_a5_) + x)) * _a0_) + _a4_) * (x * _a4_));{'d0': {'_a0_': 2.8075640104568107, '_a4_': 1.2027369160123682, '_a5_': -1.1649774119536764, '_a1_': 1.0, '_a2_': 1.0, '_a3_': 1.0, '_a6_': 1.0, '_a7_': 1.0}};{'d0': 0.02490583291941655};-280.569866449044;35.31908076376896
11039;-104.965852460753;(((pow2((exp(_a5_) + x)) * _a0_) + _a4_) * (x * _a4_));{'d0': {'_a0_': 2.8075640104568107, '_a4_': 1.2027369160123682, '_a5_': -1.1649774119536764, '_a1_': 1.0, '_a2_': 1.0, '_a3_': 1.0, '_a6_': 1.0, '_a7_': 1.0}};{'d0': 0.02490583291941655};-280.569866449044;35.31908076376896
11040;-104.965852460753;(((pow2((exp(_a5_) + x)) * _a0_) + _a4_) * (x * _a4_));{'d0': {'_a0_': 2.8075640104568107, '_a4_': 1.2027369160123682, '_a5_': -1.1649774119536764, '_a1_': 1.0, '_a2_': 1.0, '_a3_': 1.0, '_a6_': 1.0, '_a7_': 1.0}};{'d0': 0.02490583291941655};-280.569866449044;35.31908076376896
11041;-104.965852460753;(((pow2((exp(_a5_) + x)) * _a0_) + _a4_) * (x * _a4_));{'d0': {'_a0_': 2.8075640104568107, '_a4_': 1.2027369160123682, '_a5_': -1.1649774119536764, '_a1_': 1.0, '_a2_': 1.0, '_a3_': 1.0, '_a6_': 1.0, '_a7_': 1.0}};{'d0': 0.02490583291941655};-280.569866449044;35.31908076376896
11042;-104.965852460753;(((pow2((exp(_a5_) + x)) * _a0_) + _a4_) * (x * _a4_));{'d0': {'_a0_': 2.8075640104568107, '_a4_': 1.2027369160123682, '_a5_': -1.1649774119536764, '_a1_': 1.0, '_a2_': 1.0, '_a3_': 1.0, '_a6_': 1.0, '_a7_': 1.0}};{'d0': 0.02490583291941655};-280.569866449044;35.31908076376896
11043;-104.965852460753;(((pow2((exp(_a5_) + x)) * _a0_) + _a4_) * (x * _a4_));{'d0': {'_a0_': 2.8075640104568107, '_a4_': 1.2027369160123682, '_a5_': -1.1649774119536764, '_a1_': 1.0, '_a2_': 1.0, '_a3_': 1.0, '_a6_': 1.0, '_a7_': 1.0}};{'d0': 0.02490583291941655};-280.569866449044;35.31908076376896
11044;-104.531628829010;(((pow2(((_a1_ / _a0_) + x)) * _a0_) + _a4_) * (x * _a4_));{'d0': {'_a0_': 2.8075640051507014, '_a1_': 0.8757626195857677, '_a4_': 1.2027369164921577, '_a2_': 1.0, '_a3_': 1.0, '_a5_': 1.0, '_a6_': 1.0, '_a7_': 1.0}};{'d0': 0.024905832919416625};-280.569866449044;35.75330439551136
11045;-104.531628829010;(((pow2(((_a1_ / _a0_) + x)) * _a0_) + _a4_) * (x * _a4_));{'d0': {'_a0_': 2.8075640051507014, '_a1_': 0.8757626195857677, '_a4_': 1.2027369164921577, '_a2_': 1.0, '_a3_': 1.0, '_a5_': 1.0, '_a6_': 1.0, '_a7_': 1.0}};{'d0': 0.024905832919416625};-280.569866449044;35.75330439551136
11046;-104.531628829010;(((pow2(((_a1_ / _a0_) + x)) * _a0_) + _a4_) * (x * _a4_));{'d0': {'_a0_': 2.8075640051507014, '_a1_': 0.8757626195857677, '_a4_': 1.2027369164921577, '_a2_': 1.0, '_a3_': 1.0, '_a5_': 1.0, '_a6_': 1.0, '_a7_': 1.0}};{'d0': 0.024905832919416625};-280.569866449044;35.75330439551136
11047;-104.531628829010;(((pow2(((_a1_ / _a0_) + x)) * _a0_) + _a4_) * (x * _a4_));{'d0': {'_a0_': 2.8075640051507014, '_a1_': 0.8757626195857677, '_a4_': 1.2027369164921577, '_a2_': 1.0, '_a3_': 1.0, '_a5_': 1.0, '_a6_': 1.0, '_a7_': 1.0}};{'d0': 0.024905832919416625};-280.569866449044;35.75330439551136
11048;-104.531628829010;(((pow2(((_a1_ / _a0_) + x)) * _a0_) + _a4_) * (x * _a1_));{'d0': {'_a0_': 3.2901961099907835, '_a1_': 1.0263099109902725, '_a4_': 1.4094924682979224, '_a2_': 1.0, '_a3_': 1.0, '_a5_': 1.0, '_a6_': 1.0, '_a7_': 1.0}};{'d0': 0.02490583291941662};-280.569866449044;35.75330439551136
11049;-104.531628829010;(((pow2(((_a1_ / _a0_) + x)) * _a0_) + _a4_) * (x * _a1_));{'d0': {'_a0_': 3.2901961099907835, '_a1_': 1.0263099109902725, '_a4_': 1.4094924682979224, '_a2_': 1.0, '_a3_': 1.0, '_a5_': 1.0, '_a6_': 1.0, '_a7_': 1.0}};{'d0': 0.02490583291941662};-280.569866449044;35.75330439551136
11050;-104.531628829010;(((pow2(((_a1_ / _a0_) + x)) * _a0_) + _a4_) * (x * _a1_));{'d0': {'_a0_': 3.2901961099907835, '_a1_': 1.0263099109902725, '_a4_': 1.4094924682979224, '_a2_': 1.0, '_a3_': 1.0, '_a5_': 1.0, '_a6_': 1.0, '_a7_': 1.0}};{'d0': 0.02490583291941662};-280.569866449044;35.75330439551136
11051;-104.531628829010;(((pow2(((_a1_ / _a0_) + x)) * _a0_) + _a4_) * (x * _a1_));{'d0': {'_a0_': 3.2901961099907835, '_a1_': 1.0263099109902725, '_a4_': 1.4094924682979224, '_a2_': 1.0, '_a3_': 1.0, '_a5_': 1.0, '_a6_': 1.0, '_a7_': 1.0}};{'d0': 0.02490583291941662};-280.569866449044;35.75330439551136
11052;-104.531628829010;(((pow2(((_a1_ / _a0_) + x)) * _a0_) + _a4_) * (x * _a1_));{'d0': {'_a0_': 3.2901961099907835, '_a1_': 1.0263099109902725, '_a4_': 1.4094924682979224, '_a2_': 1.0, '_a3_': 1.0, '_a5_': 1.0, '_a6_': 1.0, '_a7_': 1.0}};{'d0': 0.02490583291941662};-280.569866449044;35.75330439551136
11053;-104.531628829010;(((pow2(((_a1_ / _a0_) + x)) * _a0_) + _a4_) * (x * _a1_));{'d0': {'_a0_': 3.2901961099907835, '_a1_': 1.0263099109902725, '_a4_': 1.4094924682979224, '_a2_': 1.0, '_a3_': 1.0, '_a5_': 1.0, '_a6_': 1.0, '_a7_': 1.0}};{'d0': 0.02490583291941662};-280.569866449044;35.75330439551136
11054;-104.531628829010;(((pow2(((_a1_ / _a0_) + x)) * _a0_) + _a4_) * (x * _a1_));{'d0': {'_a0_': 3.2901961099907835, '_a1_': 1.0263099109902725, '_a4_': 1.4094924682979224, '_a2_': 1.0, '_a3_': 1.0, '_a5_': 1.0, '_a6_': 1.0, '_a7_': 1.0}};{'d0': 0.02490583291941662};-280.569866449044;35.75330439551136
11055;-104.531628829010;(((pow2(((_a1_ / _a0_) + x)) * _a0_) + _a4_) * (x * _a1_));{'d0': {'_a0_': 3.2901961099907835, '_a1_': 1.0263099109902725, '_a4_': 1.4094924682979224, '_a2_': 1.0, '_a3_': 1.0, '_a5_': 1.0, '_a6_': 1.0, '_a7_': 1.0}};{'d0': 0.02490583291941662};-280.569866449044;35.75330439551136
11056;-82.7925610629240;(pow2(_a4_) + ((((_a4_ + _a2_) * (x * x)) + (((-(_a7_) * _a0_) * x) + _a7_)) * x));{'d0': {'_a0_': -1.186751330738469, '_a2_': 3.3766751303322686, '_a4_': 0.00010950631189222178, '_a7_': 1.775131680637607, '_a1_': 1.0, '_a3_': 1.0, '_a5_': 1.0, '_a6_': 1.0}};{'d0': 0.024905833629914824};-276.475520175179;55.44519902466541
11057;-82.7925610629240;(pow2(_a4_) + ((((_a4_ + _a2_) * (x * x)) + (((-(_a7_) * _a0_) * x) + _a7_)) * x));{'d0': {'_a0_': -1.186751330738469, '_a2_': 3.3766751303322686, '_a4_': 0.00010950631189222178, '_a7_': 1.775131680637607, '_a1_': 1.0, '_a3_': 1.0, '_a5_': 1.0, '_a6_': 1.0}};{'d0': 0.024905833629914824};-276.475520175179;55.44519902466541
11058;-79.1366325337289;(pow2(-(_a4_)) + ((((_a4_ + _a2_) * (x * x)) + (((-(_a7_) * _a0_) * x) + _a7_)) * x));{'d0': {'_a0_': -1.1904044114145103, '_a2_': 3.35051522314261, '_a4_': 0.03200294665275748, '_a7_': 1.774653772530805, '_a1_': 1.0, '_a3_': 1.0, '_a5_': 1.0, '_a6_': 1.0}};{'d0': 0.02488548250186758};-276.524567593311;59.12565126292658
11059;-79.1366325337289;(pow2(-(_a4_)) + ((((_a4_ + _a2_) * (x * x)) + (((-(_a7_) * _a0_) * x) + _a7_)) * x));{'d0': {'_a0_': -1.1904044114145103, '_a2_': 3.35051522314261, '_a4_': 0.03200294665275748, '_a7_': 1.774653772530805, '_a1_': 1.0, '_a3_': 1.0, '_a5_': 1.0, '_a6_': 1.0}};{'d0': 0.02488548250186758};-276.524567593311;59.12565126292658
11060;-79.1366325337289;(pow2(-(_a4_)) + ((((_a4_ + _a2_) * (x * x)) + (((-(_a7_) * _a0_) * x) + _a7_)) * x));{'d0': {'_a0_': -1.1904044114145103, '_a2_': 3.35051522314261, '_a4_': 0.03200294665275748, '_a7_': 1.774653772530805, '_a1_': 1.0, '_a3_': 1.0, '_a5_': 1.0, '_a6_': 1.0}};{'d0': 0.02488548250186758};-276.524567593311;59.12565126292658
11061;-79.1366325337289;(pow2(-(_a4_)) + ((((_a4_ + _a2_) * (x * x)) + (((-(_a7_) * _a0_) * x) + _a7_)) * x));{'d0': {'_a0_': -1.1904044114145103, '_a2_': 3.35051522314261, '_a4_': 0.03200294665275748, '_a7_': 1.774653772530805, '_a1_': 1.0, '_a3_': 1.0, '_a5_': 1.0, '_a6_': 1.0}};{'d0': 0.02488548250186758};-276.524567593311;59.12565126292658
11062;-79.1366325337289;(pow2(-(_a4_)) + ((((_a4_ + _a2_) * (x * x)) + (((-(_a7_) * _a0_) * x) + _a7_)) * x));{'d0': {'_a0_': -1.1904044114145103, '_a2_': 3.35051522314261, '_a4_': 0.03200294665275748, '_a7_': 1.774653772530805, '_a1_': 1.0, '_a3_': 1.0, '_a5_': 1.0, '_a6_': 1.0}};{'d0': 0.02488548250186758};-276.524567593311;59.12565126292658
11063;-104.531628829010;(((pow2(((_a1_ / _a0_) + x)) * _a0_) + _a4_) * (x * _a1_));{'d0': {'_a0_': 3.2901961099907835, '_a1_': 1.0263099109902725, '_a4_': 1.4094924682979224, '_a2_': 1.0, '_a3_': 1.0, '_a5_': 1.0, '_a6_': 1.0, '_a7_': 1.0}};{'d0': 0.02490583291941662};-280.569866449044;35.75330439551136
11064;-104.531628829010;(((pow2(((_a1_ / _a0_) + x)) * _a0_) + _a4_) * (x * _a1_));{'d0': {'_a0_': 3.2901961099907835, '_a1_': 1.0263099109902725, '_a4_': 1.4094924682979224, '_a2_': 1.0, '_a3_': 1.0, '_a5_': 1.0, '_a6_': 1.0, '_a7_': 1.0}};{'d0': 0.02490583291941662};-280.569866449044;35.75330439551136
11065;-104.531628829010;(((pow2(((_a1_ / _a0_) + x)) * _a0_) + _a4_) * (x * _a1_));{'d0': {'_a0_': 3.2901961099907835, '_a1_': 1.0263099109902725, '_a4_': 1.4094924682979224, '_a2_': 1.0, '_a3_': 1.0, '_a5_': 1.0, '_a6_': 1.0, '_a7_': 1.0}};{'d0': 0.02490583291941662};-280.569866449044;35.75330439551136
11066;-104.531628829010;(((pow2(((_a1_ / _a0_) + x)) * _a0_) + _a4_) * (x * _a1_));{'d0': {'_a0_': 3.2901961099907835, '_a1_': 1.0263099109902725, '_a4_': 1.4094924682979224, '_a2_': 1.0, '_a3_': 1.0, '_a5_': 1.0, '_a6_': 1.0, '_a7_': 1.0}};{'d0': 0.02490583291941662};-280.569866449044;35.75330439551136
11067;-104.531628829010;(((pow2(((_a1_ / _a0_) + x)) * _a0_) + _a4_) * (x * _a1_));{'d0': {'_a0_': 3.2901961099907835, '_a1_': 1.0263099109902725, '_a4_': 1.4094924682979224, '_a2_': 1.0, '_a3_': 1.0, '_a5_': 1.0, '_a6_': 1.0, '_a7_': 1.0}};{'d0': 0.02490583291941662};-280.569866449044;35.75330439551136
11068;-104.531628829010;(((pow2(((_a1_ / _a0_) + x)) * _a0_) + _a4_) * (x * _a1_));{'d0': {'_a0_': 3.2901961099907835, '_a1_': 1.0263099109902725, '_a4_': 1.4094924682979224, '_a2_': 1.0, '_a3_': 1.0, '_a5_': 1.0, '_a6_': 1.0, '_a7_': 1.0}};{'d0': 0.02490583291941662};-280.569866449044;35.75330439551136
11069;-104.531628829010;(((pow2(((_a1_ / _a0_) + x)) * _a0_) + _a4_) * (x * _a1_));{'d0': {'_a0_': 3.2901961099907835, '_a1_': 1.0263099109902725, '_a4_': 1.4094924682979224, '_a2_': 1.0, '_a3_': 1.0, '_a5_': 1.0, '_a6_': 1.0, '_a7_': 1.0}};{'d0': 0.02490583291941662};-280.569866449044;35.75330439551136
11070;-104.531628829010;(((pow2(((_a1_ / _a4_) + x)) * _a0_) + _a4_) * (x * _a1_));{'d0': {'_a0_': 5.026912170673139, '_a1_': 0.6717365976682481, '_a4_': 2.1534870872571075, '_a2_': 1.0, '_a3_': 1.0, '_a5_': 1.0, '_a6_': 1.0, '_a7_': 1.0}};{'d0': 0.024905832919416615};-280.569866449044;35.75330439551136
11071;-104.531628829010;(((pow2(((_a1_ / _a4_) + x)) * _a0_) + _a4_) * (x * _a0_));{'d0': {'_a0_': 1.8375964952523707, '_a1_': 0.24555448268674637, '_a4_': 0.7872109535154085, '_a2_': 1.0, '_a3_': 1.0, '_a5_': 1.0, '_a6_': 1.0, '_a7_': 1.0}};{'d0': 0.02490583291941663};-280.569866449044;35.75330439551136
11072;-104.531628829010;(((pow2(((_a1_ / _a4_) + x)) * _a0_) + _a4_) * (x * _a0_));{'d0': {'_a0_': 1.8375964952523707, '_a1_': 0.24555448268674637, '_a4_': 0.7872109535154085, '_a2_': 1.0, '_a3_': 1.0, '_a5_': 1.0, '_a6_': 1.0, '_a7_': 1.0}};{'d0': 0.02490583291941663};-280.569866449044;35.75330439551136
11073;-104.531628829010;(((pow2(((_a1_ / _a4_) + x)) * _a0_) + _a4_) * (x * _a0_));{'d0': {'_a0_': 1.8375964952523707, '_a1_': 0.24555448268674637, '_a4_': 0.7872109535154085, '_a2_': 1.0, '_a3_': 1.0, '_a5_': 1.0, '_a6_': 1.0, '_a7_': 1.0}};{'d0': 0.02490583291941663};-280.569866449044;35.75330439551136
11074;-104.531628829010;(((pow2(((_a1_ / _a4_) + x)) * _a0_) + _a4_) * (x * _a0_));{'d0': {'_a0_': 1.8375964952523707, '_a1_': 0.24555448268674637, '_a4_': 0.7872109535154085, '_a2_': 1.0, '_a3_': 1.0, '_a5_': 1.0, '_a6_': 1.0, '_a7_': 1.0}};{'d0': 0.02490583291941663};-280.569866449044;35.75330439551136
11075;-104.531628829010;(((pow2(((_a1_ / _a4_) + x)) * _a0_) + _a4_) * (x * _a0_));{'d0': {'_a0_': 1.8375964952523707, '_a1_': 0.24555448268674637, '_a4_': 0.7872109535154085, '_a2_': 1.0, '_a3_': 1.0, '_a5_': 1.0, '_a6_': 1.0, '_a7_': 1.0}};{'d0': 0.02490583291941663};-280.569866449044;35.75330439551136
11076;-95.8931880844627;(((x * (_a1_ * (((_a4_ + x) * x) + sqrt(_a2_)))) / _a6_) * _a1_);{'d0': {'_a1_': 13.311622025025093, '_a2_': 0.27635183742577873, '_a4_': 0.6238594156532908, '_a6_': 52.476110321127734, '_a0_': 1.0, '_a3_': 1.0, '_a5_': 1.0, '_a7_': 1.0}};{'d0': 0.02490583291947441};-276.475521886682;42.344572858878315
11077;-95.3124500454166;(((x * (_a1_ * (((_a4_ + x) * x) + (_a6_ + _a3_)))) / _a6_) * _a1_);{'d0': {'_a1_': 94.31526392273544, '_a3_': -2633.764640604756, '_a4_': 0.6238594154832375, '_a6_': 2634.2903323913156, '_a0_': 1.0, '_a2_': 1.0, '_a5_': 1.0, '_a7_': 1.0}};{'d0': 0.024905832919919484};-276.475521885610;42.925310897388314
11078;-95.3124500454166;(((x * (_a1_ * (((_a4_ + x) * x) + (_a6_ + _a3_)))) / _a6_) * _a1_);{'d0': {'_a1_': 94.31526392273544, '_a3_': -2633.764640604756, '_a4_': 0.6238594154832375, '_a6_': 2634.2903323913156, '_a0_': 1.0, '_a2_': 1.0, '_a5_': 1.0, '_a7_': 1.0}};{'d0': 0.024905832919919484};-276.475521885610;42.925310897388314
11079;-95.3124500454166;(((x * (_a1_ * (((_a4_ + x) * x) + (_a6_ + _a3_)))) / _a6_) * _a1_);{'d0': {'_a1_': 94.31526392273544, '_a3_': -2633.764640604756, '_a4_': 0.6238594154832375, '_a6_': 2634.2903323913156, '_a0_': 1.0, '_a2_': 1.0, '_a5_': 1.0, '_a7_': 1.0}};{'d0': 0.024905832919919484};-276.475521885610;42.925310897388314
11080;-95.3124500454166;(((x * (_a1_ * (((_a4_ + x) * x) + (_a6_ + _a3_)))) / _a6_) * _a1_);{'d0': {'_a1_': 94.31526392273544, '_a3_': -2633.764640604756, '_a4_': 0.6238594154832375, '_a6_': 2634.2903323913156, '_a0_': 1.0, '_a2_': 1.0, '_a5_': 1.0, '_a7_': 1.0}};{'d0': 0.024905832919919484};-276.475521885610;42.925310897388314
11081;-95.3124500454166;(((x * (_a1_ * (((_a4_ + x) * x) + (_a6_ + _a3_)))) / _a6_) * _a1_);{'d0': {'_a1_': 94.31526392273544, '_a3_': -2633.764640604756, '_a4_': 0.6238594154832375, '_a6_': 2634.2903323913156, '_a0_': 1.0, '_a2_': 1.0, '_a5_': 1.0, '_a7_': 1.0}};{'d0': 0.024905832919919484};-276.475521885610;42.925310897388314
11082;-95.3124500454166;(((x * (_a1_ * (((_a4_ + x) * x) + (_a6_ + _a3_)))) / _a6_) * _a1_);{'d0': {'_a1_': 94.31526392273544, '_a3_': -2633.764640604756, '_a4_': 0.6238594154832375, '_a6_': 2634.2903323913156, '_a0_': 1.0, '_a2_': 1.0, '_a5_': 1.0, '_a7_': 1.0}};{'d0': 0.024905832919919484};-276.475521885610;42.925310897388314
11083;-95.3124500454166;(((x * (_a1_ * (((_a4_ + x) * x) + (_a6_ + _a3_)))) / _a6_) * _a1_);{'d0': {'_a1_': 94.31526392273544, '_a3_': -2633.764640604756, '_a4_': 0.6238594154832375, '_a6_': 2634.2903323913156, '_a0_': 1.0, '_a2_': 1.0, '_a5_': 1.0, '_a7_': 1.0}};{'d0': 0.024905832919919484};-276.475521885610;42.925310897388314
11084;-95.3124500454166;(((x * (_a1_ * (((_a4_ + x) * x) + (_a6_ + _a3_)))) / _a6_) * _a1_);{'d0': {'_a1_': 94.31526392273544, '_a3_': -2633.764640604756, '_a4_': 0.6238594154832375, '_a6_': 2634.2903323913156, '_a0_': 1.0, '_a2_': 1.0, '_a5_': 1.0, '_a7_': 1.0}};{'d0': 0.024905832919919484};-276.475521885610;42.925310897388314
11085;-95.3124500454166;(((x * (_a1_ * (((_a4_ + x) * x) + (_a6_ + _a3_)))) / _a6_) * _a1_);{'d0': {'_a1_': 94.31526392273544, '_a3_': -2633.764640604756, '_a4_': 0.6238594154832375, '_a6_': 2634.2903323913156, '_a0_': 1.0, '_a2_': 1.0, '_a5_': 1.0, '_a7_': 1.0}};{'d0': 0.024905832919919484};-276.475521885610;42.925310897388314
11086;-95.3124500454166;(((x * (_a1_ * (((_a4_ + x) * x) + (_a6_ + _a3_)))) / _a6_) * _a1_);{'d0': {'_a1_': 94.31526392273544, '_a3_': -2633.764640604756, '_a4_': 0.6238594154832375, '_a6_': 2634.2903323913156, '_a0_': 1.0, '_a2_': 1.0, '_a5_': 1.0, '_a7_': 1.0}};{'d0': 0.024905832919919484};-276.475521885610;42.925310897388314
11087;-97.3596223271333;(((x * (_a1_ * (((_a4_ + x) * x) + (_a6_ + x)))) / _a6_) * _a1_);{'d0': {'_a1_': 1.3323420743964043, '_a4_': -0.37614058459168864, '_a6_': 0.5256917694872363, '_a0_': 1.0, '_a2_': 1.0, '_a3_': 1.0, '_a5_': 1.0, '_a7_': 1.0}};{'d0': 0.024905832919416705};-280.569866449043;42.925310897388314
11088;-97.3596223271333;(((x * (_a1_ * (((_a4_ + x) * x) + (_a6_ + x)))) / _a6_) * _a1_);{'d0': {'_a1_': 1.3323420743964043, '_a4_': -0.37614058459168864, '_a6_': 0.5256917694872363, '_a0_': 1.0, '_a2_': 1.0, '_a3_': 1.0, '_a5_': 1.0, '_a7_': 1.0}};{'d0': 0.024905832919416705};-280.569866449043;42.925310897388314
11089;-97.3596223271333;(((x * (_a1_ * (((_a4_ + x) * x) + (_a6_ + x)))) / _a6_) * _a1_);{'d0': {'_a1_': 1.3323420743964043, '_a4_': -0.37614058459168864, '_a6_': 0.5256917694872363, '_a0_': 1.0, '_a2_': 1.0, '_a3_': 1.0, '_a5_': 1.0, '_a7_': 1.0}};{'d0': 0.024905832919416705};-280.569866449043;42.925310897388314
11090;-97.3596223271333;(((x * (_a1_ * (((_a4_ + x) * x) + (_a6_ + x)))) / _a6_) * _a1_);{'d0': {'_a1_': 1.3323420743964043, '_a4_': -0.37614058459168864, '_a6_': 0.5256917694872363, '_a0_': 1.0, '_a2_': 1.0, '_a3_': 1.0, '_a5_': 1.0, '_a7_': 1.0}};{'d0': 0.024905832919416705};-280.569866449043;42.925310897388314
11091;-97.3596223271333;(((x * (_a1_ * (((_a4_ + x) * x) + (_a6_ + x)))) / _a6_) * _a1_);{'d0': {'_a1_': 1.3323420743964043, '_a4_': -0.37614058459168864, '_a6_': 0.5256917694872363, '_a0_': 1.0, '_a2_': 1.0, '_a3_': 1.0, '_a5_': 1.0, '_a7_': 1.0}};{'d0': 0.024905832919416705};-280.569866449043;42.925310897388314
11092;-97.3596223271333;(((x * (_a1_ * (((_a4_ + x) * x) + (_a6_ + x)))) / _a6_) * _a1_);{'d0': {'_a1_': 1.3323420743964043, '_a4_': -0.37614058459168864, '_a6_': 0.5256917694872363, '_a0_': 1.0, '_a2_': 1.0, '_a3_': 1.0, '_a5_': 1.0, '_a7_': 1.0}};{'d0': 0.024905832919416705};-280.569866449043;42.925310897388314
11093;-110.331920595413;(((pow2((_a5_ + x)) * _a0_) + _a1_) * (x * _a0_));{'d0': {'_a0_': 1.8375964953006598, '_a1_': 0.7872109532847208, '_a5_': 0.3119297077223017, '_a2_': 1.0, '_a3_': 1.0, '_a4_': 1.0, '_a6_': 1.0, '_a7_': 1.0}};{'d0': 0.024905832919416684};-280.569866449043;29.953012629108958
11094;-110.331920595413;(((pow2((_a5_ + x)) * _a0_) + _a1_) * (x * _a0_));{'d0': {'_a0_': 1.8375964953006598, '_a1_': 0.7872109532847208, '_a5_': 0.3119297077223017, '_a2_': 1.0, '_a3_': 1.0, '_a4_': 1.0, '_a6_': 1.0, '_a7_': 1.0}};{'d0': 0.024905832919416684};-280.569866449043;29.953012629108958
11095;-110.331920595413;(((pow2((_a5_ + x)) * _a0_) + _a1_) * (x * _a0_));{'d0': {'_a0_': 1.8375964953006598, '_a1_': 0.7872109532847208, '_a5_': 0.3119297077223017, '_a2_': 1.0, '_a3_': 1.0, '_a4_': 1.0, '_a6_': 1.0, '_a7_': 1.0}};{'d0': 0.024905832919416684};-280.569866449043;29.953012629108958
11096;-110.331920595413;(((pow2((_a5_ + x)) * _a0_) + _a1_) * (x * _a0_));{'d0': {'_a0_': 1.8375964953006598, '_a1_': 0.7872109532847208, '_a5_': 0.3119297077223017, '_a2_': 1.0, '_a3_': 1.0, '_a4_': 1.0, '_a6_': 1.0, '_a7_': 1.0}};{'d0': 0.024905832919416684};-280.569866449043;29.953012629108958
11097;-110.331920595413;(((pow2((_a5_ + x)) * _a0_) + _a1_) * (x * _a0_));{'d0': {'_a0_': 1.8375964953006598, '_a1_': 0.7872109532847208, '_a5_': 0.3119297077223017, '_a2_': 1.0, '_a3_': 1.0, '_a4_': 1.0, '_a6_': 1.0, '_a7_': 1.0}};{'d0': 0.024905832919416684};-280.569866449043;29.953012629108958
11098;-110.331920595413;(((pow2((_a5_ + x)) * _a0_) + _a1_) * (x * _a0_));{'d0': {'_a0_': 1.8375964953006598, '_a1_': 0.7872109532847208, '_a5_': 0.3119297077223017, '_a2_': 1.0, '_a3_': 1.0, '_a4_': 1.0, '_a6_': 1.0, '_a7_': 1.0}};{'d0': 0.024905832919416684};-280.569866449043;29.953012629108958
11099;-110.331920595413;(((pow2((_a5_ + x)) * _a0_) + _a1_) * (x * _a0_));{'d0': {'_a0_': 1.8375964953006598, '_a1_': 0.7872109532847208, '_a5_': 0.3119297077223017, '_a2_': 1.0, '_a3_': 1.0, '_a4_': 1.0, '_a6_': 1.0, '_a7_': 1.0}};{'d0': 0.024905832919416684};-280.569866449043;29.953012629108958
11100;-110.331920595413;(((pow2((_a5_ + x)) * _a0_) + _a1_) * (x * _a0_));{'d0': {'_a0_': 1.8375964953006598, '_a1_': 0.7872109532847208, '_a5_': 0.3119297077223017, '_a2_': 1.0, '_a3_': 1.0, '_a4_': 1.0, '_a6_': 1.0, '_a7_': 1.0}};{'d0': 0.024905832919416684};-280.569866449043;29.953012629108958
11101;-97.3596223271333;(((x * (_a1_ * (((_a4_ + x) * x) + (_a6_ + x)))) / _a6_) * _a1_);{'d0': {'_a1_': 1.3323420743964043, '_a4_': -0.37614058459168864, '_a6_': 0.5256917694872363, '_a0_': 1.0, '_a2_': 1.0, '_a3_': 1.0, '_a5_': 1.0, '_a7_': 1.0}};{'d0': 0.024905832919416705};-280.569866449043;42.925310897388314
11102;-97.3596223271333;(((x * (_a1_ * (((_a4_ + x) * x) + (_a6_ + x)))) / _a6_) * _a1_);{'d0': {'_a1_': 1.3323420743964043, '_a4_': -0.37614058459168864, '_a6_': 0.5256917694872363, '_a0_': 1.0, '_a2_': 1.0, '_a3_': 1.0, '_a5_': 1.0, '_a7_': 1.0}};{'d0': 0.024905832919416705};-280.569866449043;42.925310897388314
11103;-97.3596223271333;(((x * (_a1_ * (((_a4_ + x) * x) + (_a6_ + x)))) / _a6_) * _a1_);{'d0': {'_a1_': 1.3323420743964043, '_a4_': -0.37614058459168864, '_a6_': 0.5256917694872363, '_a0_': 1.0, '_a2_': 1.0, '_a3_': 1.0, '_a5_': 1.0, '_a7_': 1.0}};{'d0': 0.024905832919416705};-280.569866449043;42.925310897388314
11104;-97.3596223271333;(((x * (_a1_ * (((_a4_ + x) * x) + (_a6_ + x)))) / _a6_) * _a1_);{'d0': {'_a1_': 1.3323420743964043, '_a4_': -0.37614058459168864, '_a6_': 0.5256917694872363, '_a0_': 1.0, '_a2_': 1.0, '_a3_': 1.0, '_a5_': 1.0, '_a7_': 1.0}};{'d0': 0.024905832919416705};-280.569866449043;42.925310897388314
11105;-97.3596223271333;(((x * (_a1_ * (((_a4_ + x) * x) + (_a6_ + x)))) / _a6_) * _a1_);{'d0': {'_a1_': 1.3323420743964043, '_a4_': -0.37614058459168864, '_a6_': 0.5256917694872363, '_a0_': 1.0, '_a2_': 1.0, '_a3_': 1.0, '_a5_': 1.0, '_a7_': 1.0}};{'d0': 0.024905832919416705};-280.569866449043;42.925310897388314
11106;-110.331920595413;(((pow2((_a5_ + x)) * _a0_) + _a1_) * (x * _a0_));{'d0': {'_a0_': 1.8375964953006598, '_a1_': 0.7872109532847208, '_a5_': 0.3119297077223017, '_a2_': 1.0, '_a3_': 1.0, '_a4_': 1.0, '_a6_': 1.0, '_a7_': 1.0}};{'d0': 0.024905832919416684};-280.569866449043;29.953012629108958
11107;-110.331920595413;(((pow2((_a5_ + x)) * _a0_) + _a1_) * (x * _a0_));{'d0': {'_a0_': 1.8375964953006598, '_a1_': 0.7872109532847208, '_a5_': 0.3119297077223017, '_a2_': 1.0, '_a3_': 1.0, '_a4_': 1.0, '_a6_': 1.0, '_a7_': 1.0}};{'d0': 0.024905832919416684};-280.569866449043;29.953012629108958
11108;-110.331920595413;(((pow2((_a5_ + x)) * _a0_) + _a1_) * (x * _a0_));{'d0': {'_a0_': 1.8375964953006598, '_a1_': 0.7872109532847208, '_a5_': 0.3119297077223017, '_a2_': 1.0, '_a3_': 1.0, '_a4_': 1.0, '_a6_': 1.0, '_a7_': 1.0}};{'d0': 0.024905832919416684};-280.569866449043;29.953012629108958
11109;-110.331920595413;(((pow2((_a5_ + x)) * _a0_) + _a1_) * (x * _a0_));{'d0': {'_a0_': 1.8375964953006598, '_a1_': 0.7872109532847208, '_a5_': 0.3119297077223017, '_a2_': 1.0, '_a3_': 1.0, '_a4_': 1.0, '_a6_': 1.0, '_a7_': 1.0}};{'d0': 0.024905832919416684};-280.569866449043;29.953012629108958
11110;-110.331920595413;(((pow2((_a5_ + x)) * _a0_) + _a1_) * (x * _a0_));{'d0': {'_a0_': 1.8375964953006598, '_a1_': 0.7872109532847208, '_a5_': 0.3119297077223017, '_a2_': 1.0, '_a3_': 1.0, '_a4_': 1.0, '_a6_': 1.0, '_a7_': 1.0}};{'d0': 0.024905832919416684};-280.569866449043;29.953012629108958
11111;-110.331920595413;(((pow2((_a5_ + x)) * _a0_) + _a1_) * (x * _a0_));{'d0': {'_a0_': 1.8375964953006598, '_a1_': 0.7872109532847208, '_a5_': 0.3119297077223017, '_a2_': 1.0, '_a3_': 1.0, '_a4_': 1.0, '_a6_': 1.0, '_a7_': 1.0}};{'d0': 0.024905832919416684};-280.569866449043;29.953012629108958
11112;-110.331920595413;(((pow2((_a5_ + x)) * _a0_) + _a1_) * (x * _a0_));{'d0': {'_a0_': 1.8375964953006598, '_a1_': 0.7872109532847208, '_a5_': 0.3119297077223017, '_a2_': 1.0, '_a3_': 1.0, '_a4_': 1.0, '_a6_': 1.0, '_a7_': 1.0}};{'d0': 0.024905832919416684};-280.569866449043;29.953012629108958
11113;-110.331920595413;(((pow2((_a5_ + x)) * _a0_) + _a1_) * (x * _a0_));{'d0': {'_a0_': 1.8375964953006598, '_a1_': 0.7872109532847208, '_a5_': 0.3119297077223017, '_a2_': 1.0, '_a3_': 1.0, '_a4_': 1.0, '_a6_': 1.0, '_a7_': 1.0}};{'d0': 0.024905832919416684};-280.569866449043;29.953012629108958
11114;-106.651973435152;(((pow2((-(_a7_) + x)) * _a0_) + _a1_) * (x * _a0_));{'d0': {'_a0_': 1.8375964952895059, '_a1_': 0.7872109533892461, '_a7_': -0.3119297077933995, '_a2_': 1.0, '_a3_': 1.0, '_a4_': 1.0, '_a5_': 1.0, '_a6_': 1.0}};{'d0': 0.024905832919416705};-280.569866449043;33.632959789369345
11115;-106.651973435152;(((pow2((-(_a7_) + x)) * _a0_) + _a1_) * (x * _a0_));{'d0': {'_a0_': 1.8375964952895059, '_a1_': 0.7872109533892461, '_a7_': -0.3119297077933995, '_a2_': 1.0, '_a3_': 1.0, '_a4_': 1.0, '_a5_': 1.0, '_a6_': 1.0}};{'d0': 0.024905832919416705};-280.569866449043;33.632959789369345
11116;-106.651973435152;(((pow2((-(_a7_) + x)) * _a0_) + _a1_) * (x * _a0_));{'d0': {'_a0_': 1.8375964952895059, '_a1_': 0.7872109533892461, '_a7_': -0.3119297077933995, '_a2_': 1.0, '_a3_': 1.0, '_a4_': 1.0, '_a5_': 1.0, '_a6_': 1.0}};{'d0': 0.024905832919416705};-280.569866449043;33.632959789369345
11117;-106.651973435152;(((pow2((-(_a7_) + x)) * _a0_) + _a1_) * (x * _a0_));{'d0': {'_a0_': 1.8375964952895059, '_a1_': 0.7872109533892461, '_a7_': -0.3119297077933995, '_a2_': 1.0, '_a3_': 1.0, '_a4_': 1.0, '_a5_': 1.0, '_a6_': 1.0}};{'d0': 0.024905832919416705};-280.569866449043;33.632959789369345
11118;-106.651973435152;(((pow2((-(_a7_) + x)) * _a0_) + _a1_) * (x * _a0_));{'d0': {'_a0_': 1.8375964952895059, '_a1_': 0.7872109533892461, '_a7_': -0.3119297077933995, '_a2_': 1.0, '_a3_': 1.0, '_a4_': 1.0, '_a5_': 1.0, '_a6_': 1.0}};{'d0': 0.024905832919416705};-280.569866449043;33.632959789369345
11119;-106.651973435152;(((pow2((-(_a7_) + x)) * _a0_) + _a1_) * (x * _a0_));{'d0': {'_a0_': 1.8375964952895059, '_a1_': 0.7872109533892461, '_a7_': -0.3119297077933995, '_a2_': 1.0, '_a3_': 1.0, '_a4_': 1.0, '_a5_': 1.0, '_a6_': 1.0}};{'d0': 0.024905832919416705};-280.569866449043;33.632959789369345
11120;-106.651973435152;(((pow2((-(_a7_) + x)) * _a0_) + _a1_) * (x * _a0_));{'d0': {'_a0_': 1.8375964952895059, '_a1_': 0.7872109533892461, '_a7_': -0.3119297077933995, '_a2_': 1.0, '_a3_': 1.0, '_a4_': 1.0, '_a5_': 1.0, '_a6_': 1.0}};{'d0': 0.024905832919416705};-280.569866449043;33.632959789369345
11121;-97.5351166224421;(((x * (pow2(_a5_) * (((_a4_ + x) * x) + _a5_))) / _a6_) * _a1_);{'d0': {'_a1_': -679.5464550492153, '_a4_': 0.6238594152801249, '_a5_': 0.5256917692552784, '_a6_': -55.61362410782402, '_a0_': 1.0, '_a2_': 1.0, '_a3_': 1.0, '_a7_': 1.0}};{'d0': 0.024905832919416813};-276.475521886821;40.70264432096832
11122;-99.5822889035534;(((x * (pow2(_a5_) * (((_a6_ + x) * x) + _a5_))) / _a6_) * _a1_);{'d0': {'_a1_': 7.622978316299983, '_a5_': 0.5256917707186183, '_a6_': 0.6238594155934868, '_a0_': 1.0, '_a2_': 1.0, '_a3_': 1.0, '_a4_': 1.0, '_a7_': 1.0}};{'d0': 0.024905832919416608};-280.569866449044;40.70264432096832
11123;-99.5822889035533;(((x * (pow2(_a1_) * (((_a6_ + x) * x) + _a5_))) / _a6_) * _a1_);{'d0': {'_a1_': 1.281924202961809, '_a5_': 0.5256917711806331, '_a6_': 0.6238594158656443, '_a0_': 1.0, '_a2_': 1.0, '_a3_': 1.0, '_a4_': 1.0, '_a7_': 1.0}};{'d0': 0.02490583291941666};-280.569866449044;40.70264432096832
11124;-99.5822889035533;(((x * (pow2(_a1_) * (((_a6_ + x) * x) + _a5_))) / _a6_) * _a1_);{'d0': {'_a1_': 1.281924202961809, '_a5_': 0.5256917711806331, '_a6_': 0.6238594158656443, '_a0_': 1.0, '_a2_': 1.0, '_a3_': 1.0, '_a4_': 1.0, '_a7_': 1.0}};{'d0': 0.02490583291941666};-280.569866449044;40.70264432096832
11125;-99.5822889035533;(((x * (pow2(_a1_) * (((_a6_ + x) * x) + _a5_))) / _a6_) * _a1_);{'d0': {'_a1_': 1.281924202961809, '_a5_': 0.5256917711806331, '_a6_': 0.6238594158656443, '_a0_': 1.0, '_a2_': 1.0, '_a3_': 1.0, '_a4_': 1.0, '_a7_': 1.0}};{'d0': 0.02490583291941666};-280.569866449044;40.70264432096832
11126;-99.5822889035533;(((x * (pow2(_a1_) * (((_a6_ + x) * x) + _a5_))) / _a6_) * _a1_);{'d0': {'_a1_': 1.281924202961809, '_a5_': 0.5256917711806331, '_a6_': 0.6238594158656443, '_a0_': 1.0, '_a2_': 1.0, '_a3_': 1.0, '_a4_': 1.0, '_a7_': 1.0}};{'d0': 0.02490583291941666};-280.569866449044;40.70264432096832
11127;-99.5822889035533;(((x * (pow2(_a1_) * (((_a6_ + x) * x) + _a5_))) / _a6_) * _a1_);{'d0': {'_a1_': 1.281924202961809, '_a5_': 0.5256917711806331, '_a6_': 0.6238594158656443, '_a0_': 1.0, '_a2_': 1.0, '_a3_': 1.0, '_a4_': 1.0, '_a7_': 1.0}};{'d0': 0.02490583291941666};-280.569866449044;40.70264432096832
11128;-99.5822889035533;(((x * (pow2(_a1_) * (((_a6_ + x) * x) + _a5_))) / _a6_) * _a1_);{'d0': {'_a1_': 1.281924202961809, '_a5_': 0.5256917711806331, '_a6_': 0.6238594158656443, '_a0_': 1.0, '_a2_': 1.0, '_a3_': 1.0, '_a4_': 1.0, '_a7_': 1.0}};{'d0': 0.02490583291941666};-280.569866449044;40.70264432096832
11129;-99.5822889035533;(((x * (pow2(_a1_) * (((_a6_ + x) * x) + _a5_))) / _a6_) * _a1_);{'d0': {'_a1_': 1.281924202961809, '_a5_': 0.5256917711806331, '_a6_': 0.6238594158656443, '_a0_': 1.0, '_a2_': 1.0, '_a3_': 1.0, '_a4_': 1.0, '_a7_': 1.0}};{'d0': 0.02490583291941666};-280.569866449044;40.70264432096832
11130;-99.5822889035533;(((x * (pow2(_a1_) * (((_a6_ + x) * x) + _a5_))) / _a6_) * _a1_);{'d0': {'_a1_': 1.281924202961809, '_a5_': 0.5256917711806331, '_a6_': 0.6238594158656443, '_a0_': 1.0, '_a2_': 1.0, '_a3_': 1.0, '_a4_': 1.0, '_a7_': 1.0}};{'d0': 0.02490583291941666};-280.569866449044;40.70264432096832
11131;-99.5822889035533;(((x * (pow2(_a1_) * (((_a6_ + x) * x) + _a5_))) / _a6_) * _a1_);{'d0': {'_a1_': 1.281924202961809, '_a5_': 0.5256917711806331, '_a6_': 0.6238594158656443, '_a0_': 1.0, '_a2_': 1.0, '_a3_': 1.0, '_a4_': 1.0, '_a7_': 1.0}};{'d0': 0.02490583291941666};-280.569866449044;40.70264432096832
11132;-99.5822889035533;(((x * (pow2(_a1_) * (((_a6_ + x) * x) + _a5_))) / _a6_) * _a1_);{'d0': {'_a1_': 1.281924202961809, '_a5_': 0.5256917711806331, '_a6_': 0.6238594158656443, '_a0_': 1.0, '_a2_': 1.0, '_a3_': 1.0, '_a4_': 1.0, '_a7_': 1.0}};{'d0': 0.02490583291941666};-280.569866449044;40.70264432096832
11133;-99.5822889035533;(((x * (pow2(_a1_) * (((_a6_ + x) * x) + _a5_))) / _a6_) * _a1_);{'d0': {'_a1_': 1.281924202961809, '_a5_': 0.5256917711806331, '_a6_': 0.6238594158656443, '_a0_': 1.0, '_a2_': 1.0, '_a3_': 1.0, '_a4_': 1.0, '_a7_': 1.0}};{'d0': 0.02490583291941666};-280.569866449044;40.70264432096832
11134;-99.5822889035533;(((x * (pow2(_a1_) * (((_a6_ + x) * x) + _a5_))) / _a6_) * _a1_);{'d0': {'_a1_': 1.281924202961809, '_a5_': 0.5256917711806331, '_a6_': 0.6238594158656443, '_a0_': 1.0, '_a2_': 1.0, '_a3_': 1.0, '_a4_': 1.0, '_a7_': 1.0}};{'d0': 0.02490583291941666};-280.569866449044;40.70264432096832
11135;-99.5822889035533;(((x * (pow2(_a1_) * (((_a6_ + x) * x) + _a5_))) / _a6_) * _a1_);{'d0': {'_a1_': 1.281924202961809, '_a5_': 0.5256917711806331, '_a6_': 0.6238594158656443, '_a0_': 1.0, '_a2_': 1.0, '_a3_': 1.0, '_a4_': 1.0, '_a7_': 1.0}};{'d0': 0.02490583291941666};-280.569866449044;40.70264432096832
11136;-99.5822889035533;(((x * (pow2(_a1_) * (((_a6_ + x) * x) + _a5_))) / _a6_) * _a1_);{'d0': {'_a1_': 1.281924202961809, '_a5_': 0.5256917711806331, '_a6_': 0.6238594158656443, '_a0_': 1.0, '_a2_': 1.0, '_a3_': 1.0, '_a4_': 1.0, '_a7_': 1.0}};{'d0': 0.02490583291941666};-280.569866449044;40.70264432096832
11137;-99.5822889035533;(((x * (pow2(_a1_) * (((_a6_ + x) * x) + _a5_))) / _a6_) * _a1_);{'d0': {'_a1_': 1.281924202961809, '_a5_': 0.5256917711806331, '_a6_': 0.6238594158656443, '_a0_': 1.0, '_a2_': 1.0, '_a3_': 1.0, '_a4_': 1.0, '_a7_': 1.0}};{'d0': 0.02490583291941666};-280.569866449044;40.70264432096832
11138;-99.5822889035533;(((x * (pow2(_a1_) * (((_a6_ + x) * x) + _a5_))) / _a6_) * _a1_);{'d0': {'_a1_': 1.281924202961809, '_a5_': 0.5256917711806331, '_a6_': 0.6238594158656443, '_a0_': 1.0, '_a2_': 1.0, '_a3_': 1.0, '_a4_': 1.0, '_a7_': 1.0}};{'d0': 0.02490583291941666};-280.569866449044;40.70264432096832
11139;-99.5822889035533;(((x * (pow2(_a1_) * (((_a6_ + x) * x) + _a5_))) / _a6_) * _a1_);{'d0': {'_a1_': 1.281924202961809, '_a5_': 0.5256917711806331, '_a6_': 0.6238594158656443, '_a0_': 1.0, '_a2_': 1.0, '_a3_': 1.0, '_a4_': 1.0, '_a7_': 1.0}};{'d0': 0.02490583291941666};-280.569866449044;40.70264432096832
11140;-99.5822889035533;(((x * (pow2(_a1_) * (((_a6_ + x) * x) + _a5_))) / _a6_) * _a1_);{'d0': {'_a1_': 1.281924202961809, '_a5_': 0.5256917711806331, '_a6_': 0.6238594158656443, '_a0_': 1.0, '_a2_': 1.0, '_a3_': 1.0, '_a4_': 1.0, '_a7_': 1.0}};{'d0': 0.02490583291941666};-280.569866449044;40.70264432096832
11141;-99.5822889035533;(((x * (pow2(_a1_) * (((_a6_ + x) * x) + _a5_))) / _a6_) * _a1_);{'d0': {'_a1_': 1.281924202961809, '_a5_': 0.5256917711806331, '_a6_': 0.6238594158656443, '_a0_': 1.0, '_a2_': 1.0, '_a3_': 1.0, '_a4_': 1.0, '_a7_': 1.0}};{'d0': 0.02490583291941666};-280.569866449044;40.70264432096832
11142;-99.5822889035533;(((x * (pow2(_a1_) * (((_a6_ + x) * x) + _a5_))) / _a6_) * _a1_);{'d0': {'_a1_': 1.281924202961809, '_a5_': 0.5256917711806331, '_a6_': 0.6238594158656443, '_a0_': 1.0, '_a2_': 1.0, '_a3_': 1.0, '_a4_': 1.0, '_a7_': 1.0}};{'d0': 0.02490583291941666};-280.569866449044;40.70264432096832
11143;-99.5822889035533;(((x * (pow2(_a1_) * (((_a6_ + x) * x) + _a5_))) / _a6_) * _a1_);{'d0': {'_a1_': 1.281924202961809, '_a5_': 0.5256917711806331, '_a6_': 0.6238594158656443, '_a0_': 1.0, '_a2_': 1.0, '_a3_': 1.0, '_a4_': 1.0, '_a7_': 1.0}};{'d0': 0.02490583291941666};-280.569866449044;40.70264432096832
11144;-99.5822889035533;(((x * (pow2(_a1_) * (((_a6_ + x) * x) + _a5_))) / _a6_) * _a1_);{'d0': {'_a1_': 1.281924202961809, '_a5_': 0.5256917711806331, '_a6_': 0.6238594158656443, '_a0_': 1.0, '_a2_': 1.0, '_a3_': 1.0, '_a4_': 1.0, '_a7_': 1.0}};{'d0': 0.02490583291941666};-280.569866449044;40.70264432096832
11145;-99.5822889035533;(((x * (pow2(_a1_) * (((_a6_ + x) * x) + _a5_))) / _a6_) * _a1_);{'d0': {'_a1_': 1.281924202961809, '_a5_': 0.5256917711806331, '_a6_': 0.6238594158656443, '_a0_': 1.0, '_a2_': 1.0, '_a3_': 1.0, '_a4_': 1.0, '_a7_': 1.0}};{'d0': 0.02490583291941666};-280.569866449044;40.70264432096832
11146;-99.5822889035533;(((x * (pow2(_a1_) * (((_a6_ + x) * x) + _a5_))) / _a6_) * _a1_);{'d0': {'_a1_': 1.281924202961809, '_a5_': 0.5256917711806331, '_a6_': 0.6238594158656443, '_a0_': 1.0, '_a2_': 1.0, '_a3_': 1.0, '_a4_': 1.0, '_a7_': 1.0}};{'d0': 0.02490583291941666};-280.569866449044;40.70264432096832
11147;-106.651973435152;(((pow2((-(_a7_) + x)) * _a0_) + _a1_) * (x * _a0_));{'d0': {'_a0_': 1.8375964952895059, '_a1_': 0.7872109533892461, '_a7_': -0.3119297077933995, '_a2_': 1.0, '_a3_': 1.0, '_a4_': 1.0, '_a5_': 1.0, '_a6_': 1.0}};{'d0': 0.024905832919416705};-280.569866449043;33.632959789369345
11148;-106.651973435152;(((pow2((-(_a7_) + x)) * _a0_) + _a1_) * (x * _a0_));{'d0': {'_a0_': 1.8375964952895059, '_a1_': 0.7872109533892461, '_a7_': -0.3119297077933995, '_a2_': 1.0, '_a3_': 1.0, '_a4_': 1.0, '_a5_': 1.0, '_a6_': 1.0}};{'d0': 0.024905832919416705};-280.569866449043;33.632959789369345
11149;-110.331920595413;(((pow2((_a5_ + x)) * _a0_) + _a1_) * (x * _a0_));{'d0': {'_a0_': 1.8375964953006598, '_a1_': 0.7872109532847208, '_a5_': 0.3119297077223017, '_a2_': 1.0, '_a3_': 1.0, '_a4_': 1.0, '_a6_': 1.0, '_a7_': 1.0}};{'d0': 0.024905832919416684};-280.569866449043;29.953012629108954
11150;-110.331920595413;(((pow2((_a5_ + x)) * _a0_) + _a1_) * (x * _a0_));{'d0': {'_a0_': 1.8375964953006598, '_a1_': 0.7872109532847208, '_a5_': 0.3119297077223017, '_a2_': 1.0, '_a3_': 1.0, '_a4_': 1.0, '_a6_': 1.0, '_a7_': 1.0}};{'d0': 0.024905832919416684};-280.569866449043;29.953012629108954
11151;-110.331920595413;(((pow2((_a5_ + x)) * _a0_) + _a1_) * (x * _a0_));{'d0': {'_a0_': 1.8375964953006598, '_a1_': 0.7872109532847208, '_a5_': 0.3119297077223017, '_a2_': 1.0, '_a3_': 1.0, '_a4_': 1.0, '_a6_': 1.0, '_a7_': 1.0}};{'d0': 0.024905832919416684};-280.569866449043;29.953012629108954
11152;-110.331920595413;(((pow2((_a5_ + x)) * _a0_) + _a1_) * (x * _a0_));{'d0': {'_a0_': 1.8375964953006598, '_a1_': 0.7872109532847208, '_a5_': 0.3119297077223017, '_a2_': 1.0, '_a3_': 1.0, '_a4_': 1.0, '_a6_': 1.0, '_a7_': 1.0}};{'d0': 0.024905832919416684};-280.569866449043;29.953012629108954
11153;-110.331920595413;(((pow2((_a5_ + x)) * _a0_) + _a1_) * (x * _a0_));{'d0': {'_a0_': 1.8375964953006598, '_a1_': 0.7872109532847208, '_a5_': 0.3119297077223017, '_a2_': 1.0, '_a3_': 1.0, '_a4_': 1.0, '_a6_': 1.0, '_a7_': 1.0}};{'d0': 0.024905832919416684};-280.569866449043;29.953012629108954
11154;-110.331920595413;(((pow2((_a5_ + x)) * _a0_) + _a1_) * (x * _a0_));{'d0': {'_a0_': 1.8375964953006598, '_a1_': 0.7872109532847208, '_a5_': 0.3119297077223017, '_a2_': 1.0, '_a3_': 1.0, '_a4_': 1.0, '_a6_': 1.0, '_a7_': 1.0}};{'d0': 0.024905832919416684};-280.569866449043;29.953012629108954
11155;-99.5822889035533;(((x * (pow2(_a1_) * (((_a6_ + x) * x) + _a5_))) / _a6_) * _a1_);{'d0': {'_a1_': 1.281924202961809, '_a5_': 0.5256917711806331, '_a6_': 0.6238594158656443, '_a0_': 1.0, '_a2_': 1.0, '_a3_': 1.0, '_a4_': 1.0, '_a7_': 1.0}};{'d0': 0.02490583291941666};-280.569866449044;40.70264432096832
11156;-99.5822889035533;(((x * (pow2(_a1_) * (((_a6_ + x) * x) + _a5_))) / _a6_) * _a1_);{'d0': {'_a1_': 1.281924202961809, '_a5_': 0.5256917711806331, '_a6_': 0.6238594158656443, '_a0_': 1.0, '_a2_': 1.0, '_a3_': 1.0, '_a4_': 1.0, '_a7_': 1.0}};{'d0': 0.02490583291941666};-280.569866449044;40.70264432096832
11157;-99.5822889035533;(((x * (pow2(_a1_) * (((_a6_ + x) * x) + _a5_))) / _a6_) * _a1_);{'d0': {'_a1_': 1.281924202961809, '_a5_': 0.5256917711806331, '_a6_': 0.6238594158656443, '_a0_': 1.0, '_a2_': 1.0, '_a3_': 1.0, '_a4_': 1.0, '_a7_': 1.0}};{'d0': 0.02490583291941666};-280.569866449044;40.70264432096832
11158;-110.331920595413;(((pow2((_a5_ + x)) * _a0_) + _a1_) * (x * _a0_));{'d0': {'_a0_': 1.8375964953006598, '_a1_': 0.7872109532847208, '_a5_': 0.3119297077223017, '_a2_': 1.0, '_a3_': 1.0, '_a4_': 1.0, '_a6_': 1.0, '_a7_': 1.0}};{'d0': 0.024905832919416684};-280.569866449043;29.953012629108954
11159;-110.331920595413;(((pow2((_a5_ + x)) * _a0_) + _a1_) * (x * _a0_));{'d0': {'_a0_': 1.8375964953006598, '_a1_': 0.7872109532847208, '_a5_': 0.3119297077223017, '_a2_': 1.0, '_a3_': 1.0, '_a4_': 1.0, '_a6_': 1.0, '_a7_': 1.0}};{'d0': 0.024905832919416684};-280.569866449043;29.953012629108954
11160;-110.331920595413;(((pow2((_a5_ + x)) * _a0_) + _a1_) * (x * _a0_));{'d0': {'_a0_': 1.8375964953006598, '_a1_': 0.7872109532847208, '_a5_': 0.3119297077223017, '_a2_': 1.0, '_a3_': 1.0, '_a4_': 1.0, '_a6_': 1.0, '_a7_': 1.0}};{'d0': 0.024905832919416684};-280.569866449043;29.953012629108954
11161;-110.331920595413;(((pow2((_a5_ + x)) * _a0_) + _a1_) * (x * _a0_));{'d0': {'_a0_': 1.8375964953006598, '_a1_': 0.7872109532847208, '_a5_': 0.3119297077223017, '_a2_': 1.0, '_a3_': 1.0, '_a4_': 1.0, '_a6_': 1.0, '_a7_': 1.0}};{'d0': 0.024905832919416684};-280.569866449043;29.953012629108954
11162;-110.331920595413;(((pow2((_a5_ + x)) * _a0_) + _a1_) * (x * _a0_));{'d0': {'_a0_': 1.8375964953006598, '_a1_': 0.7872109532847208, '_a5_': 0.3119297077223017, '_a2_': 1.0, '_a3_': 1.0, '_a4_': 1.0, '_a6_': 1.0, '_a7_': 1.0}};{'d0': 0.024905832919416684};-280.569866449043;29.953012629108954
11163;-110.331920595413;(((pow2((_a5_ + x)) * _a0_) + _a1_) * (x * _a0_));{'d0': {'_a0_': 1.8375964953006598, '_a1_': 0.7872109532847208, '_a5_': 0.3119297077223017, '_a2_': 1.0, '_a3_': 1.0, '_a4_': 1.0, '_a6_': 1.0, '_a7_': 1.0}};{'d0': 0.024905832919416684};-280.569866449043;29.953012629108954
11164;-110.331920595413;(((pow2((_a5_ + x)) * _a0_) + _a1_) * (x * _a0_));{'d0': {'_a0_': 1.8375964953006598, '_a1_': 0.7872109532847208, '_a5_': 0.3119297077223017, '_a2_': 1.0, '_a3_': 1.0, '_a4_': 1.0, '_a6_': 1.0, '_a7_': 1.0}};{'d0': 0.024905832919416684};-280.569866449043;29.953012629108954
11165;-110.331920595413;(((pow2((_a5_ + x)) * _a0_) + _a1_) * (x * _a0_));{'d0': {'_a0_': 1.8375964953006598, '_a1_': 0.7872109532847208, '_a5_': 0.3119297077223017, '_a2_': 1.0, '_a3_': 1.0, '_a4_': 1.0, '_a6_': 1.0, '_a7_': 1.0}};{'d0': 0.024905832919416684};-280.569866449043;29.953012629108954
11166;-110.331920595413;(((pow2((_a5_ + x)) * _a0_) + _a1_) * (x * _a0_));{'d0': {'_a0_': 1.8375964953006598, '_a1_': 0.7872109532847208, '_a5_': 0.3119297077223017, '_a2_': 1.0, '_a3_': 1.0, '_a4_': 1.0, '_a6_': 1.0, '_a7_': 1.0}};{'d0': 0.024905832919416684};-280.569866449043;29.953012629108954
11167;-110.331920595413;(((pow2((_a5_ + x)) * _a0_) + _a1_) * (x * _a0_));{'d0': {'_a0_': 1.8375964953006598, '_a1_': 0.7872109532847208, '_a5_': 0.3119297077223017, '_a2_': 1.0, '_a3_': 1.0, '_a4_': 1.0, '_a6_': 1.0, '_a7_': 1.0}};{'d0': 0.024905832919416684};-280.569866449043;29.953012629108954
11168;-110.331920595413;(((pow2((_a5_ + x)) * _a0_) + _a1_) * (x * _a0_));{'d0': {'_a0_': 1.8375964953006598, '_a1_': 0.7872109532847208, '_a5_': 0.3119297077223017, '_a2_': 1.0, '_a3_': 1.0, '_a4_': 1.0, '_a6_': 1.0, '_a7_': 1.0}};{'d0': 0.024905832919416684};-280.569866449043;29.953012629108954
11169;-110.331920595413;(((pow2((_a5_ + x)) * _a0_) + _a1_) * (x * _a0_));{'d0': {'_a0_': 1.8375964953006598, '_a1_': 0.7872109532847208, '_a5_': 0.3119297077223017, '_a2_': 1.0, '_a3_': 1.0, '_a4_': 1.0, '_a6_': 1.0, '_a7_': 1.0}};{'d0': 0.024905832919416684};-280.569866449043;29.953012629108954
11170;-110.331920595413;(((pow2((_a5_ + x)) * _a0_) + _a1_) * (x * _a0_));{'d0': {'_a0_': 1.8375964953006598, '_a1_': 0.7872109532847208, '_a5_': 0.3119297077223017, '_a2_': 1.0, '_a3_': 1.0, '_a4_': 1.0, '_a6_': 1.0, '_a7_': 1.0}};{'d0': 0.024905832919416684};-280.569866449043;29.953012629108954
11171;-110.331920595413;(((pow2((_a5_ + x)) * _a0_) + _a1_) * (x * _a0_));{'d0': {'_a0_': 1.8375964953006598, '_a1_': 0.7872109532847208, '_a5_': 0.3119297077223017, '_a2_': 1.0, '_a3_': 1.0, '_a4_': 1.0, '_a6_': 1.0, '_a7_': 1.0}};{'d0': 0.024905832919416684};-280.569866449043;29.953012629108954
11172;-110.331920595413;(((pow2((_a5_ + x)) * _a0_) + _a1_) * (x * _a0_));{'d0': {'_a0_': 1.8375964953006598, '_a1_': 0.7872109532847208, '_a5_': 0.3119297077223017, '_a2_': 1.0, '_a3_': 1.0, '_a4_': 1.0, '_a6_': 1.0, '_a7_': 1.0}};{'d0': 0.024905832919416684};-280.569866449043;29.953012629108954
11173;-110.331920595413;(((pow2((_a5_ + x)) * _a0_) + _a1_) * (x * _a0_));{'d0': {'_a0_': 1.8375964953006598, '_a1_': 0.7872109532847208, '_a5_': 0.3119297077223017, '_a2_': 1.0, '_a3_': 1.0, '_a4_': 1.0, '_a6_': 1.0, '_a7_': 1.0}};{'d0': 0.024905832919416684};-280.569866449043;29.953012629108954
11174;-110.331920595413;(((pow2((_a5_ + x)) * _a0_) + _a1_) * (x * _a0_));{'d0': {'_a0_': 1.8375964953006598, '_a1_': 0.7872109532847208, '_a5_': 0.3119297077223017, '_a2_': 1.0, '_a3_': 1.0, '_a4_': 1.0, '_a6_': 1.0, '_a7_': 1.0}};{'d0': 0.024905832919416684};-280.569866449043;29.953012629108954
11175;-110.331920595413;(((pow2((_a5_ + x)) * _a0_) + _a1_) * (x * _a0_));{'d0': {'_a0_': 1.8375964953006598, '_a1_': 0.7872109532847208, '_a5_': 0.3119297077223017, '_a2_': 1.0, '_a3_': 1.0, '_a4_': 1.0, '_a6_': 1.0, '_a7_': 1.0}};{'d0': 0.024905832919416684};-280.569866449043;29.953012629108954
11176;-110.331920595413;(((pow2((_a5_ + x)) * _a0_) + _a1_) * (x * _a0_));{'d0': {'_a0_': 1.8375964953006598, '_a1_': 0.7872109532847208, '_a5_': 0.3119297077223017, '_a2_': 1.0, '_a3_': 1.0, '_a4_': 1.0, '_a6_': 1.0, '_a7_': 1.0}};{'d0': 0.024905832919416684};-280.569866449043;29.953012629108954
11177;-110.331920595413;(((pow2((_a5_ + x)) * _a0_) + _a1_) * (x * _a0_));{'d0': {'_a0_': 1.8375964953006598, '_a1_': 0.7872109532847208, '_a5_': 0.3119297077223017, '_a2_': 1.0, '_a3_': 1.0, '_a4_': 1.0, '_a6_': 1.0, '_a7_': 1.0}};{'d0': 0.024905832919416684};-280.569866449043;29.953012629108954
11178;-110.331920595413;(((pow2((_a5_ + x)) * _a0_) + _a1_) * (x * _a0_));{'d0': {'_a0_': 1.8375964953006598, '_a1_': 0.7872109532847208, '_a5_': 0.3119297077223017, '_a2_': 1.0, '_a3_': 1.0, '_a4_': 1.0, '_a6_': 1.0, '_a7_': 1.0}};{'d0': 0.024905832919416684};-280.569866449043;29.953012629108954
11179;-110.331920595413;(((pow2((_a5_ + x)) * _a0_) + _a1_) * (x * _a0_));{'d0': {'_a0_': 1.8375964953006598, '_a1_': 0.7872109532847208, '_a5_': 0.3119297077223017, '_a2_': 1.0, '_a3_': 1.0, '_a4_': 1.0, '_a6_': 1.0, '_a7_': 1.0}};{'d0': 0.024905832919416684};-280.569866449043;29.953012629108954
11180;-110.331920595413;(((pow2((_a5_ + x)) * _a0_) + _a1_) * (x * _a0_));{'d0': {'_a0_': 1.8375964953006598, '_a1_': 0.7872109532847208, '_a5_': 0.3119297077223017, '_a2_': 1.0, '_a3_': 1.0, '_a4_': 1.0, '_a6_': 1.0, '_a7_': 1.0}};{'d0': 0.024905832919416684};-280.569866449043;29.953012629108954
11181;-104.531628829010;(((pow2(((_a0_ / _a3_) + x)) * _a0_) + _a1_) * (x * _a0_));{'d0': {'_a0_': 1.8375964951273802, '_a1_': 0.7872109535679567, '_a3_': 5.891059585375127, '_a2_': 1.0, '_a4_': 1.0, '_a5_': 1.0, '_a6_': 1.0, '_a7_': 1.0}};{'d0': 0.02490583291941656};-280.569866449044;35.75330439551136
11182;-104.531628829010;(((pow2(((_a0_ / _a3_) + x)) * _a0_) + _a1_) * (x * _a0_));{'d0': {'_a0_': 1.8375964951273802, '_a1_': 0.7872109535679567, '_a3_': 5.891059585375127, '_a2_': 1.0, '_a4_': 1.0, '_a5_': 1.0, '_a6_': 1.0, '_a7_': 1.0}};{'d0': 0.02490583291941656};-280.569866449044;35.75330439551136
11183;-104.531628829010;(((pow2(((_a0_ / _a3_) + x)) * _a0_) + _a1_) * (x * _a0_));{'d0': {'_a0_': 1.8375964951273802, '_a1_': 0.7872109535679567, '_a3_': 5.891059585375127, '_a2_': 1.0, '_a4_': 1.0, '_a5_': 1.0, '_a6_': 1.0, '_a7_': 1.0}};{'d0': 0.02490583291941656};-280.569866449044;35.75330439551136
11184;-104.531628829010;(((pow2(((_a0_ / _a3_) + x)) * _a0_) + _a1_) * (x * _a0_));{'d0': {'_a0_': 1.8375964951273802, '_a1_': 0.7872109535679567, '_a3_': 5.891059585375127, '_a2_': 1.0, '_a4_': 1.0, '_a5_': 1.0, '_a6_': 1.0, '_a7_': 1.0}};{'d0': 0.02490583291941656};-280.569866449044;35.75330439551136
11185;-104.531628829010;(((pow2(((_a0_ / _a3_) + x)) * _a0_) + _a1_) * (x * _a0_));{'d0': {'_a0_': 1.8375964951273802, '_a1_': 0.7872109535679567, '_a3_': 5.891059585375127, '_a2_': 1.0, '_a4_': 1.0, '_a5_': 1.0, '_a6_': 1.0, '_a7_': 1.0}};{'d0': 0.02490583291941656};-280.569866449044;35.75330439551136
11186;-104.531628829010;((x * (pow2(_a1_) * (((_a6_ + x) * x) + _a5_))) / _a6_);{'d0': {'_a1_': 1.4514213957068274, '_a5_': 0.5256917698858639, '_a6_': 0.6238594152685376, '_a0_': 1.0, '_a2_': 1.0, '_a3_': 1.0, '_a4_': 1.0, '_a7_': 1.0}};{'d0': 0.024905832919416608};-280.569866449044;35.75330439551132
11187;-104.531628829010;((x * (pow2(_a1_) * (((_a6_ + x) * x) + _a5_))) / _a6_);{'d0': {'_a1_': 1.4514213957068274, '_a5_': 0.5256917698858639, '_a6_': 0.6238594152685376, '_a0_': 1.0, '_a2_': 1.0, '_a3_': 1.0, '_a4_': 1.0, '_a7_': 1.0}};{'d0': 0.024905832919416608};-280.569866449044;35.75330439551132
11188;-104.531628829010;((x * (pow2(_a1_) * (((_a6_ + x) * x) + _a5_))) / _a6_);{'d0': {'_a1_': 1.4514213957068274, '_a5_': 0.5256917698858639, '_a6_': 0.6238594152685376, '_a0_': 1.0, '_a2_': 1.0, '_a3_': 1.0, '_a4_': 1.0, '_a7_': 1.0}};{'d0': 0.024905832919416608};-280.569866449044;35.75330439551132
11189;-104.531628829010;((x * (pow2(_a1_) * (((_a6_ + x) * x) + _a5_))) / _a6_);{'d0': {'_a1_': 1.4514213957068274, '_a5_': 0.5256917698858639, '_a6_': 0.6238594152685376, '_a0_': 1.0, '_a2_': 1.0, '_a3_': 1.0, '_a4_': 1.0, '_a7_': 1.0}};{'d0': 0.024905832919416608};-280.569866449044;35.75330439551132
11190;-104.531628829010;((x * (pow2(_a1_) * (((_a6_ + x) * x) + _a5_))) / _a6_);{'d0': {'_a1_': 1.4514213957068274, '_a5_': 0.5256917698858639, '_a6_': 0.6238594152685376, '_a0_': 1.0, '_a2_': 1.0, '_a3_': 1.0, '_a4_': 1.0, '_a7_': 1.0}};{'d0': 0.024905832919416608};-280.569866449044;35.75330439551132
11191;-104.531628829010;((x * (pow2(_a1_) * (((_a6_ + x) * x) + _a5_))) / _a6_);{'d0': {'_a1_': 1.4514213957068274, '_a5_': 0.5256917698858639, '_a6_': 0.6238594152685376, '_a0_': 1.0, '_a2_': 1.0, '_a3_': 1.0, '_a4_': 1.0, '_a7_': 1.0}};{'d0': 0.024905832919416608};-280.569866449044;35.75330439551132
11192;-104.531628829010;((x * (pow2(_a1_) * (((_a6_ + x) * x) + _a5_))) / _a6_);{'d0': {'_a1_': 1.4514213957068274, '_a5_': 0.5256917698858639, '_a6_': 0.6238594152685376, '_a0_': 1.0, '_a2_': 1.0, '_a3_': 1.0, '_a4_': 1.0, '_a7_': 1.0}};{'d0': 0.024905832919416608};-280.569866449044;35.75330439551132
11193;-104.531628829010;((x * (pow2(_a1_) * (((_a6_ + x) * x) + _a5_))) / _a6_);{'d0': {'_a1_': 1.4514213957068274, '_a5_': 0.5256917698858639, '_a6_': 0.6238594152685376, '_a0_': 1.0, '_a2_': 1.0, '_a3_': 1.0, '_a4_': 1.0, '_a7_': 1.0}};{'d0': 0.024905832919416608};-280.569866449044;35.75330439551132
11194;-104.531628829010;((x * (pow2(_a1_) * (((_a6_ + x) * x) + _a5_))) / _a6_);{'d0': {'_a1_': 1.4514213957068274, '_a5_': 0.5256917698858639, '_a6_': 0.6238594152685376, '_a0_': 1.0, '_a2_': 1.0, '_a3_': 1.0, '_a4_': 1.0, '_a7_': 1.0}};{'d0': 0.024905832919416608};-280.569866449044;35.75330439551132
11195;-104.531628829010;((x * (pow2(_a1_) * (((_a6_ + x) * x) + _a5_))) / _a6_);{'d0': {'_a1_': 1.4514213957068274, '_a5_': 0.5256917698858639, '_a6_': 0.6238594152685376, '_a0_': 1.0, '_a2_': 1.0, '_a3_': 1.0, '_a4_': 1.0, '_a7_': 1.0}};{'d0': 0.024905832919416608};-280.569866449044;35.75330439551132
11196;-104.531628829010;((x * (pow2(_a1_) * (((_a6_ + x) * x) + _a5_))) / _a6_);{'d0': {'_a1_': 1.4514213957068274, '_a5_': 0.5256917698858639, '_a6_': 0.6238594152685376, '_a0_': 1.0, '_a2_': 1.0, '_a3_': 1.0, '_a4_': 1.0, '_a7_': 1.0}};{'d0': 0.024905832919416608};-280.569866449044;35.75330439551132
11197;-104.531628829010;((x * (pow2(_a1_) * (((_a6_ + x) * x) + _a5_))) / _a6_);{'d0': {'_a1_': 1.4514213957068274, '_a5_': 0.5256917698858639, '_a6_': 0.6238594152685376, '_a0_': 1.0, '_a2_': 1.0, '_a3_': 1.0, '_a4_': 1.0, '_a7_': 1.0}};{'d0': 0.024905832919416608};-280.569866449044;35.75330439551132
11198;-104.531628829010;((x * (pow2(_a1_) * (((_a6_ + x) * x) + _a5_))) / _a6_);{'d0': {'_a1_': 1.4514213957068274, '_a5_': 0.5256917698858639, '_a6_': 0.6238594152685376, '_a0_': 1.0, '_a2_': 1.0, '_a3_': 1.0, '_a4_': 1.0, '_a7_': 1.0}};{'d0': 0.024905832919416608};-280.569866449044;35.75330439551132
11199;-104.531628829010;((x * (pow2(_a1_) * (((_a6_ + x) * x) + _a5_))) / _a6_);{'d0': {'_a1_': 1.4514213957068274, '_a5_': 0.5256917698858639, '_a6_': 0.6238594152685376, '_a0_': 1.0, '_a2_': 1.0, '_a3_': 1.0, '_a4_': 1.0, '_a7_': 1.0}};{'d0': 0.024905832919416608};-280.569866449044;35.75330439551132
11200;-104.531628829010;((x * (pow2(_a1_) * (((_a6_ + x) * x) + _a5_))) / _a6_);{'d0': {'_a1_': 1.4514213957068274, '_a5_': 0.5256917698858639, '_a6_': 0.6238594152685376, '_a0_': 1.0, '_a2_': 1.0, '_a3_': 1.0, '_a4_': 1.0, '_a7_': 1.0}};{'d0': 0.024905832919416608};-280.569866449044;35.75330439551132
11201;-104.531628829010;((x * (pow2(_a1_) * (((_a6_ + x) * x) + _a5_))) / _a6_);{'d0': {'_a1_': 1.4514213957068274, '_a5_': 0.5256917698858639, '_a6_': 0.6238594152685376, '_a0_': 1.0, '_a2_': 1.0, '_a3_': 1.0, '_a4_': 1.0, '_a7_': 1.0}};{'d0': 0.024905832919416608};-280.569866449044;35.75330439551132
11202;-104.531628829010;(((pow2(((_a0_ / _a3_) + x)) * _a0_) + _a1_) * (x * _a0_));{'d0': {'_a0_': 1.8375964951273802, '_a1_': 0.7872109535679567, '_a3_': 5.891059585375127, '_a2_': 1.0, '_a4_': 1.0, '_a5_': 1.0, '_a6_': 1.0, '_a7_': 1.0}};{'d0': 0.02490583291941656};-280.569866449044;35.75330439551136
11203;-104.531628829010;(((pow2(((_a0_ / _a3_) + x)) * _a0_) + _a1_) * (x * _a0_));{'d0': {'_a0_': 1.8375964951273802, '_a1_': 0.7872109535679567, '_a3_': 5.891059585375127, '_a2_': 1.0, '_a4_': 1.0, '_a5_': 1.0, '_a6_': 1.0, '_a7_': 1.0}};{'d0': 0.02490583291941656};-280.569866449044;35.75330439551136
11204;-104.531628829010;(((pow2(((_a0_ / _a3_) + x)) * _a0_) + _a1_) * (x * _a0_));{'d0': {'_a0_': 1.8375964951273802, '_a1_': 0.7872109535679567, '_a3_': 5.891059585375127, '_a2_': 1.0, '_a4_': 1.0, '_a5_': 1.0, '_a6_': 1.0, '_a7_': 1.0}};{'d0': 0.02490583291941656};-280.569866449044;35.75330439551136
11205;-104.531628829010;(((pow2(((_a0_ / _a3_) + x)) * _a0_) + _a1_) * (x * _a0_));{'d0': {'_a0_': 1.8375964951273802, '_a1_': 0.7872109535679567, '_a3_': 5.891059585375127, '_a2_': 1.0, '_a4_': 1.0, '_a5_': 1.0, '_a6_': 1.0, '_a7_': 1.0}};{'d0': 0.02490583291941656};-280.569866449044;35.75330439551136
11206;-104.531628829010;(((pow2(((_a0_ / _a3_) + x)) * _a0_) + _a1_) * (x * _a0_));{'d0': {'_a0_': 1.8375964951273802, '_a1_': 0.7872109535679567, '_a3_': 5.891059585375127, '_a2_': 1.0, '_a4_': 1.0, '_a5_': 1.0, '_a6_': 1.0, '_a7_': 1.0}};{'d0': 0.02490583291941656};-280.569866449044;35.75330439551136
11207;-104.531628829010;(((pow2(((_a0_ / _a3_) + x)) * _a0_) + _a1_) * (x * _a0_));{'d0': {'_a0_': 1.8375964951273802, '_a1_': 0.7872109535679567, '_a3_': 5.891059585375127, '_a2_': 1.0, '_a4_': 1.0, '_a5_': 1.0, '_a6_': 1.0, '_a7_': 1.0}};{'d0': 0.02490583291941656};-280.569866449044;35.75330439551136
11208;-104.531628829010;(((pow2(((_a0_ / _a3_) + x)) * _a0_) + _a1_) * (x * _a0_));{'d0': {'_a0_': 1.8375964951273802, '_a1_': 0.7872109535679567, '_a3_': 5.891059585375127, '_a2_': 1.0, '_a4_': 1.0, '_a5_': 1.0, '_a6_': 1.0, '_a7_': 1.0}};{'d0': 0.02490583291941656};-280.569866449044;35.75330439551136
11209;-104.531628829010;(((pow2(((_a0_ / _a3_) + x)) * _a0_) + _a1_) * (x * _a0_));{'d0': {'_a0_': 1.8375964951273802, '_a1_': 0.7872109535679567, '_a3_': 5.891059585375127, '_a2_': 1.0, '_a4_': 1.0, '_a5_': 1.0, '_a6_': 1.0, '_a7_': 1.0}};{'d0': 0.02490583291941656};-280.569866449044;35.75330439551136
11210;-104.531628829010;(((pow2(((_a0_ / _a3_) + x)) * _a0_) + _a1_) * (x * _a0_));{'d0': {'_a0_': 1.8375964951273802, '_a1_': 0.7872109535679567, '_a3_': 5.891059585375127, '_a2_': 1.0, '_a4_': 1.0, '_a5_': 1.0, '_a6_': 1.0, '_a7_': 1.0}};{'d0': 0.02490583291941656};-280.569866449044;35.75330439551136
11211;-104.531628829010;(((pow2(((_a0_ / _a3_) + x)) * _a3_) + _a1_) * (x * _a0_));{'d0': {'_a0_': 1.0263099115446388, '_a1_': 1.4094924670466242, '_a3_': 3.290196110743133, '_a2_': 1.0, '_a4_': 1.0, '_a5_': 1.0, '_a6_': 1.0, '_a7_': 1.0}};{'d0': 0.02490583291941665};-280.569866449044;35.75330439551136
11212;-104.604801139347;(((pow2((-(_a7_) + x)) * _a3_) + _a1_) * (x * _a0_));{'d0': {'_a0_': 2.0756412758908134, '_a1_': 0.6969294585187559, '_a3_': 1.6268512587470783, '_a7_': -0.3119297077033023, '_a2_': 1.0, '_a4_': 1.0, '_a5_': 1.0, '_a6_': 1.0}};{'d0': 0.02490583293161561};-276.475521857433;33.632959789369345
11213;-104.604801139347;(((pow2((-(_a7_) + x)) * _a3_) + _a1_) * (x * _a0_));{'d0': {'_a0_': 2.0756412758908134, '_a1_': 0.6969294585187559, '_a3_': 1.6268512587470783, '_a7_': -0.3119297077033023, '_a2_': 1.0, '_a4_': 1.0, '_a5_': 1.0, '_a6_': 1.0}};{'d0': 0.02490583293161561};-276.475521857433;33.632959789369345
11214;-104.604801139347;(((pow2((-(_a7_) + x)) * _a3_) + _a1_) * (x * _a0_));{'d0': {'_a0_': 2.0756412758908134, '_a1_': 0.6969294585187559, '_a3_': 1.6268512587470783, '_a7_': -0.3119297077033023, '_a2_': 1.0, '_a4_': 1.0, '_a5_': 1.0, '_a6_': 1.0}};{'d0': 0.02490583293161561};-276.475521857433;33.632959789369345
11215;-104.604801139347;(((pow2((-(_a7_) + x)) * _a3_) + _a1_) * (x * _a0_));{'d0': {'_a0_': 2.0756412758908134, '_a1_': 0.6969294585187559, '_a3_': 1.6268512587470783, '_a7_': -0.3119297077033023, '_a2_': 1.0, '_a4_': 1.0, '_a5_': 1.0, '_a6_': 1.0}};{'d0': 0.02490583293161561};-276.475521857433;33.632959789369345
11216;-106.651973435152;(((pow2((-(_a0_) + x)) * _a3_) + _a1_) * (x * _a0_));{'d0': {'_a0_': -0.3119297077106936, '_a1_': -4.637506634663658, '_a3_': -10.825390449380743, '_a2_': 1.0, '_a4_': 1.0, '_a5_': 1.0, '_a6_': 1.0, '_a7_': 1.0}};{'d0': 0.024905832919416615};-280.569866449044;33.632959789369345
11217;-106.651973435152;(((pow2((-(_a0_) + x)) * _a3_) + _a1_) * (x * _a0_));{'d0': {'_a0_': -0.3119297077106936, '_a1_': -4.637506634663658, '_a3_': -10.825390449380743, '_a2_': 1.0, '_a4_': 1.0, '_a5_': 1.0, '_a6_': 1.0, '_a7_': 1.0}};{'d0': 0.024905832919416615};-280.569866449044;33.632959789369345
11218;-106.651973435152;(((pow2((-(_a0_) + x)) * _a3_) + _a1_) * (x * _a0_));{'d0': {'_a0_': -0.3119297077106936, '_a1_': -4.637506634663658, '_a3_': -10.825390449380743, '_a2_': 1.0, '_a4_': 1.0, '_a5_': 1.0, '_a6_': 1.0, '_a7_': 1.0}};{'d0': 0.024905832919416615};-280.569866449044;33.632959789369345
11219;-106.651973435152;(((pow2((-(_a0_) + x)) * _a3_) + _a1_) * (x * _a0_));{'d0': {'_a0_': -0.3119297077106936, '_a1_': -4.637506634663658, '_a3_': -10.825390449380743, '_a2_': 1.0, '_a4_': 1.0, '_a5_': 1.0, '_a6_': 1.0, '_a7_': 1.0}};{'d0': 0.024905832919416615};-280.569866449044;33.632959789369345
11220;-106.651973435152;(((pow2((-(_a0_) + x)) * _a3_) + _a1_) * (x * _a0_));{'d0': {'_a0_': -0.3119297077106936, '_a1_': -4.637506634663658, '_a3_': -10.825390449380743, '_a2_': 1.0, '_a4_': 1.0, '_a5_': 1.0, '_a6_': 1.0, '_a7_': 1.0}};{'d0': 0.024905832919416615};-280.569866449044;33.632959789369345
11221;-106.651973435152;(((pow2((-(_a0_) + x)) * _a3_) + _a1_) * (x * _a0_));{'d0': {'_a0_': -0.3119297077106936, '_a1_': -4.637506634663658, '_a3_': -10.825390449380743, '_a2_': 1.0, '_a4_': 1.0, '_a5_': 1.0, '_a6_': 1.0, '_a7_': 1.0}};{'d0': 0.024905832919416615};-280.569866449044;33.632959789369345
11222;-106.651973435152;(((pow2((-(_a0_) + x)) * _a3_) + _a1_) * (x * _a0_));{'d0': {'_a0_': -0.3119297077106936, '_a1_': -4.637506634663658, '_a3_': -10.825390449380743, '_a2_': 1.0, '_a4_': 1.0, '_a5_': 1.0, '_a6_': 1.0, '_a7_': 1.0}};{'d0': 0.024905832919416615};-280.569866449044;33.632959789369345
11223;-106.651973435152;(((pow2((-(_a0_) + x)) * _a3_) + _a1_) * (x * _a0_));{'d0': {'_a0_': -0.3119297077106936, '_a1_': -4.637506634663658, '_a3_': -10.825390449380743, '_a2_': 1.0, '_a4_': 1.0, '_a5_': 1.0, '_a6_': 1.0, '_a7_': 1.0}};{'d0': 0.024905832919416615};-280.569866449044;33.632959789369345
11224;-106.651973435152;(((pow2((-(_a0_) + x)) * _a3_) + _a1_) * (x * _a0_));{'d0': {'_a0_': -0.3119297077106936, '_a1_': -4.637506634663658, '_a3_': -10.825390449380743, '_a2_': 1.0, '_a4_': 1.0, '_a5_': 1.0, '_a6_': 1.0, '_a7_': 1.0}};{'d0': 0.024905832919416615};-280.569866449044;33.632959789369345
11225;-106.651973435152;(((pow2((-(_a0_) + x)) * _a3_) + _a1_) * (x * _a0_));{'d0': {'_a0_': -0.3119297077106936, '_a1_': -4.637506634663658, '_a3_': -10.825390449380743, '_a2_': 1.0, '_a4_': 1.0, '_a5_': 1.0, '_a6_': 1.0, '_a7_': 1.0}};{'d0': 0.024905832919416615};-280.569866449044;33.632959789369345
11226;-106.651973435152;(((pow2((-(_a0_) + x)) * _a3_) + _a1_) * (x * _a0_));{'d0': {'_a0_': -0.3119297077106936, '_a1_': -4.637506634663658, '_a3_': -10.825390449380743, '_a2_': 1.0, '_a4_': 1.0, '_a5_': 1.0, '_a6_': 1.0, '_a7_': 1.0}};{'d0': 0.024905832919416615};-280.569866449044;33.632959789369345
11227;-106.651973435152;(((pow2((-(_a0_) + x)) * _a3_) + _a1_) * (x * _a0_));{'d0': {'_a0_': -0.3119297077106936, '_a1_': -4.637506634663658, '_a3_': -10.825390449380743, '_a2_': 1.0, '_a4_': 1.0, '_a5_': 1.0, '_a6_': 1.0, '_a7_': 1.0}};{'d0': 0.024905832919416615};-280.569866449044;33.632959789369345
11228;-106.651973435152;(((pow2((-(_a0_) + x)) * _a3_) + _a1_) * (x * _a0_));{'d0': {'_a0_': -0.3119297077106936, '_a1_': -4.637506634663658, '_a3_': -10.825390449380743, '_a2_': 1.0, '_a4_': 1.0, '_a5_': 1.0, '_a6_': 1.0, '_a7_': 1.0}};{'d0': 0.024905832919416615};-280.569866449044;33.632959789369345
11229;-106.651973435152;(((pow2((-(_a0_) + x)) * _a3_) + _a1_) * (x * _a0_));{'d0': {'_a0_': -0.3119297077106936, '_a1_': -4.637506634663658, '_a3_': -10.825390449380743, '_a2_': 1.0, '_a4_': 1.0, '_a5_': 1.0, '_a6_': 1.0, '_a7_': 1.0}};{'d0': 0.024905832919416615};-280.569866449044;33.632959789369345
11230;-106.651973435152;(((pow2((-(_a0_) + x)) * _a3_) + _a1_) * (x * _a0_));{'d0': {'_a0_': -0.3119297077106936, '_a1_': -4.637506634663658, '_a3_': -10.825390449380743, '_a2_': 1.0, '_a4_': 1.0, '_a5_': 1.0, '_a6_': 1.0, '_a7_': 1.0}};{'d0': 0.024905832919416615};-280.569866449044;33.632959789369345
11231;-106.651973435152;(((pow2((-(_a0_) + x)) * _a3_) + _a1_) * (x * _a0_));{'d0': {'_a0_': -0.3119297077106936, '_a1_': -4.637506634663658, '_a3_': -10.825390449380743, '_a2_': 1.0, '_a4_': 1.0, '_a5_': 1.0, '_a6_': 1.0, '_a7_': 1.0}};{'d0': 0.024905832919416615};-280.569866449044;33.632959789369345
11232;-106.651973435152;(((pow2((-(_a0_) + x)) * _a3_) + _a1_) * (x * _a0_));{'d0': {'_a0_': -0.3119297077106936, '_a1_': -4.637506634663658, '_a3_': -10.825390449380743, '_a2_': 1.0, '_a4_': 1.0, '_a5_': 1.0, '_a6_': 1.0, '_a7_': 1.0}};{'d0': 0.024905832919416615};-280.569866449044;33.632959789369345
11233;-106.651973435152;(((pow2((-(_a0_) + x)) * _a3_) + _a1_) * (x * _a0_));{'d0': {'_a0_': -0.3119297077106936, '_a1_': -4.637506634663658, '_a3_': -10.825390449380743, '_a2_': 1.0, '_a4_': 1.0, '_a5_': 1.0, '_a6_': 1.0, '_a7_': 1.0}};{'d0': 0.024905832919416615};-280.569866449044;33.632959789369345
11234;-106.651973435152;(((pow2((-(_a0_) + x)) * _a3_) + _a1_) * (x * _a0_));{'d0': {'_a0_': -0.3119297077106936, '_a1_': -4.637506634663658, '_a3_': -10.825390449380743, '_a2_': 1.0, '_a4_': 1.0, '_a5_': 1.0, '_a6_': 1.0, '_a7_': 1.0}};{'d0': 0.024905832919416615};-280.569866449044;33.632959789369345
11235;-106.651973435152;(((pow2((-(_a0_) + x)) * _a3_) + _a1_) * (x * _a0_));{'d0': {'_a0_': -0.3119297077106936, '_a1_': -4.637506634663658, '_a3_': -10.825390449380743, '_a2_': 1.0, '_a4_': 1.0, '_a5_': 1.0, '_a6_': 1.0, '_a7_': 1.0}};{'d0': 0.024905832919416615};-280.569866449044;33.632959789369345
11236;-106.651973435152;(((pow2((-(_a0_) + x)) * _a3_) + _a1_) * (x * _a0_));{'d0': {'_a0_': -0.3119297077106936, '_a1_': -4.637506634663658, '_a3_': -10.825390449380743, '_a2_': 1.0, '_a4_': 1.0, '_a5_': 1.0, '_a6_': 1.0, '_a7_': 1.0}};{'d0': 0.024905832919416615};-280.569866449044;33.632959789369345
11237;-106.651973435152;(((pow2((-(_a0_) + x)) * _a3_) + _a1_) * (x * _a0_));{'d0': {'_a0_': -0.3119297077106936, '_a1_': -4.637506634663658, '_a3_': -10.825390449380743, '_a2_': 1.0, '_a4_': 1.0, '_a5_': 1.0, '_a6_': 1.0, '_a7_': 1.0}};{'d0': 0.024905832919416615};-280.569866449044;33.632959789369345
11238;-106.651973435152;(((pow2((-(_a0_) + x)) * _a3_) + _a1_) * (x * _a0_));{'d0': {'_a0_': -0.3119297077106936, '_a1_': -4.637506634663658, '_a3_': -10.825390449380743, '_a2_': 1.0, '_a4_': 1.0, '_a5_': 1.0, '_a6_': 1.0, '_a7_': 1.0}};{'d0': 0.024905832919416615};-280.569866449044;33.632959789369345
11239;-106.651973435152;(((pow2((-(_a0_) + x)) * _a3_) + _a1_) * (x * _a0_));{'d0': {'_a0_': -0.3119297077106936, '_a1_': -4.637506634663658, '_a3_': -10.825390449380743, '_a2_': 1.0, '_a4_': 1.0, '_a5_': 1.0, '_a6_': 1.0, '_a7_': 1.0}};{'d0': 0.024905832919416615};-280.569866449044;33.632959789369345
11240;-106.651973435152;(((pow2((-(_a0_) + x)) * _a3_) + _a1_) * (x * _a0_));{'d0': {'_a0_': -0.3119297077106936, '_a1_': -4.637506634663658, '_a3_': -10.825390449380743, '_a2_': 1.0, '_a4_': 1.0, '_a5_': 1.0, '_a6_': 1.0, '_a7_': 1.0}};{'d0': 0.024905832919416615};-280.569866449044;33.632959789369345
11241;-73.4943528263216;(_a2_ + ((((_a4_ * _a2_) * (x * x)) + (((-(_a5_) / pow2(_a0_)) * x) + pow2(pow2(_a7_)))) * x));{'d0': {'_a0_': 1.4674072695603575, '_a2_': -0.001024310825440577, '_a4_': -3302.2385466638834, '_a5_': -4.548932953649238, '_a7_': -1.1541929189868465, '_a1_': 1.0, '_a3_': 1.0, '_a6_': 1.0}};{'d0': 0.02488548250349758};-272.430223027159;62.72075868725781
11242;-73.4943528263216;(_a2_ + ((((_a4_ * _a2_) * (x * x)) + (((-(_a5_) / pow2(_a0_)) * x) + pow2(pow2(_a7_)))) * x));{'d0': {'_a0_': 1.4674072695603575, '_a2_': -0.001024310825440577, '_a4_': -3302.2385466638834, '_a5_': -4.548932953649238, '_a7_': -1.1541929189868465, '_a1_': 1.0, '_a3_': 1.0, '_a6_': 1.0}};{'d0': 0.02488548250349758};-272.430223027159;62.72075868725781
11243;-73.4943528263216;(_a2_ + ((((_a4_ * _a2_) * (x * x)) + (((-(_a5_) / pow2(_a0_)) * x) + pow2(pow2(_a7_)))) * x));{'d0': {'_a0_': 1.4674072695603575, '_a2_': -0.001024310825440577, '_a4_': -3302.2385466638834, '_a5_': -4.548932953649238, '_a7_': -1.1541929189868465, '_a1_': 1.0, '_a3_': 1.0, '_a6_': 1.0}};{'d0': 0.02488548250349758};-272.430223027159;62.72075868725781
11244;-75.5415233282915;(_a2_ + ((((_a5_ * _a2_) * (x * x)) + (((-(_a5_) / pow2(_a0_)) * x) + pow2(pow2(_a7_)))) * x));{'d0': {'_a0_': 39.37414058808701, '_a2_': -0.001032774386137952, '_a5_': -3275.2197485268925, '_a7_': -1.1541922752890574, '_a1_': 1.0, '_a3_': 1.0, '_a4_': 1.0, '_a6_': 1.0}};{'d0': 0.02488548397932379};-276.524564031099;62.72075868725781
11245;-75.5415233282915;(_a2_ + ((((_a5_ * _a2_) * (x * x)) + (((-(_a5_) / pow2(_a0_)) * x) + pow2(pow2(_a7_)))) * x));{'d0': {'_a0_': 39.37414058808701, '_a2_': -0.001032774386137952, '_a5_': -3275.2197485268925, '_a7_': -1.1541922752890574, '_a1_': 1.0, '_a3_': 1.0, '_a4_': 1.0, '_a6_': 1.0}};{'d0': 0.02488548397932379};-276.524564031099;62.72075868725781
11246;-75.5415233282915;(_a2_ + ((((_a5_ * _a2_) * (x * x)) + (((-(_a5_) / pow2(_a0_)) * x) + pow2(pow2(_a7_)))) * x));{'d0': {'_a0_': 39.37414058808701, '_a2_': -0.001032774386137952, '_a5_': -3275.2197485268925, '_a7_': -1.1541922752890574, '_a1_': 1.0, '_a3_': 1.0, '_a4_': 1.0, '_a6_': 1.0}};{'d0': 0.02488548397932379};-276.524564031099;62.72075868725781
11247;-75.5415233282915;(_a2_ + ((((_a5_ * _a2_) * (x * x)) + (((-(_a5_) / pow2(_a0_)) * x) + pow2(pow2(_a7_)))) * x));{'d0': {'_a0_': 39.37414058808701, '_a2_': -0.001032774386137952, '_a5_': -3275.2197485268925, '_a7_': -1.1541922752890574, '_a1_': 1.0, '_a3_': 1.0, '_a4_': 1.0, '_a6_': 1.0}};{'d0': 0.02488548397932379};-276.524564031099;62.72075868725781
11248;-106.651973435152;(((pow2((-(_a0_) + x)) * _a3_) + _a1_) * (x * _a0_));{'d0': {'_a0_': -0.3119297077106936, '_a1_': -4.637506634663658, '_a3_': -10.825390449380743, '_a2_': 1.0, '_a4_': 1.0, '_a5_': 1.0, '_a6_': 1.0, '_a7_': 1.0}};{'d0': 0.024905832919416615};-280.569866449044;33.632959789369345
11249;-106.651973435152;(((pow2((-(_a0_) + x)) * _a3_) + _a4_) * (x * _a0_));{'d0': {'_a0_': -0.3119297077679474, '_a3_': -10.825390448765154, '_a4_': -4.637506633777418, '_a1_': 1.0, '_a2_': 1.0, '_a5_': 1.0, '_a6_': 1.0, '_a7_': 1.0}};{'d0': 0.024905832919416615};-280.569866449044;33.632959789369345
11250;-106.651973435152;(((pow2((-(_a0_) + x)) * _a3_) + _a4_) * (x * _a0_));{'d0': {'_a0_': -0.3119297077679474, '_a3_': -10.825390448765154, '_a4_': -4.637506633777418, '_a1_': 1.0, '_a2_': 1.0, '_a5_': 1.0, '_a6_': 1.0, '_a7_': 1.0}};{'d0': 0.024905832919416615};-280.569866449044;33.632959789369345
11251;-106.651973435152;(((pow2((-(_a0_) + x)) * _a3_) + _a4_) * (x * _a0_));{'d0': {'_a0_': -0.3119297077679474, '_a3_': -10.825390448765154, '_a4_': -4.637506633777418, '_a1_': 1.0, '_a2_': 1.0, '_a5_': 1.0, '_a6_': 1.0, '_a7_': 1.0}};{'d0': 0.024905832919416615};-280.569866449044;33.632959789369345
11252;-106.651973435152;(((pow2((-(_a0_) + x)) * _a3_) + _a4_) * (x * _a0_));{'d0': {'_a0_': -0.3119297077679474, '_a3_': -10.825390448765154, '_a4_': -4.637506633777418, '_a1_': 1.0, '_a2_': 1.0, '_a5_': 1.0, '_a6_': 1.0, '_a7_': 1.0}};{'d0': 0.024905832919416615};-280.569866449044;33.632959789369345
11253;-106.651973435152;(((pow2((-(_a0_) + x)) * _a3_) + _a4_) * (x * _a0_));{'d0': {'_a0_': -0.3119297077679474, '_a3_': -10.825390448765154, '_a4_': -4.637506633777418, '_a1_': 1.0, '_a2_': 1.0, '_a5_': 1.0, '_a6_': 1.0, '_a7_': 1.0}};{'d0': 0.024905832919416615};-280.569866449044;33.632959789369345
11254;-106.651973435152;(((pow2((-(_a0_) + x)) * _a3_) + _a4_) * (x * _a0_));{'d0': {'_a0_': -0.3119297077679474, '_a3_': -10.825390448765154, '_a4_': -4.637506633777418, '_a1_': 1.0, '_a2_': 1.0, '_a5_': 1.0, '_a6_': 1.0, '_a7_': 1.0}};{'d0': 0.024905832919416615};-280.569866449044;33.632959789369345
11255;-106.651973435152;(((pow2((-(_a0_) + x)) * _a3_) + _a4_) * (x * _a0_));{'d0': {'_a0_': -0.3119297077679474, '_a3_': -10.825390448765154, '_a4_': -4.637506633777418, '_a1_': 1.0, '_a2_': 1.0, '_a5_': 1.0, '_a6_': 1.0, '_a7_': 1.0}};{'d0': 0.024905832919416615};-280.569866449044;33.632959789369345
11256;-106.651973435152;(((pow2((-(_a0_) + x)) * _a3_) + _a4_) * (x * _a0_));{'d0': {'_a0_': -0.3119297077679474, '_a3_': -10.825390448765154, '_a4_': -4.637506633777418, '_a1_': 1.0, '_a2_': 1.0, '_a5_': 1.0, '_a6_': 1.0, '_a7_': 1.0}};{'d0': 0.024905832919416615};-280.569866449044;33.632959789369345
11257;-106.651973435152;(((pow2((-(_a0_) + x)) * _a3_) + _a4_) * (x * _a0_));{'d0': {'_a0_': -0.3119297077679474, '_a3_': -10.825390448765154, '_a4_': -4.637506633777418, '_a1_': 1.0, '_a2_': 1.0, '_a5_': 1.0, '_a6_': 1.0, '_a7_': 1.0}};{'d0': 0.024905832919416615};-280.569866449044;33.632959789369345
11258;-106.651973435152;(((pow2((-(_a0_) + x)) * _a3_) + _a4_) * (x * _a0_));{'d0': {'_a0_': -0.3119297077679474, '_a3_': -10.825390448765154, '_a4_': -4.637506633777418, '_a1_': 1.0, '_a2_': 1.0, '_a5_': 1.0, '_a6_': 1.0, '_a7_': 1.0}};{'d0': 0.024905832919416615};-280.569866449044;33.632959789369345
11259;-106.651973435152;(((pow2((-(_a0_) + x)) * _a3_) + _a4_) * (x * _a0_));{'d0': {'_a0_': -0.3119297077679474, '_a3_': -10.825390448765154, '_a4_': -4.637506633777418, '_a1_': 1.0, '_a2_': 1.0, '_a5_': 1.0, '_a6_': 1.0, '_a7_': 1.0}};{'d0': 0.024905832919416615};-280.569866449044;33.632959789369345
11260;-106.651973435152;(((pow2((-(_a0_) + x)) * _a3_) + _a4_) * (x * _a0_));{'d0': {'_a0_': -0.3119297077679474, '_a3_': -10.825390448765154, '_a4_': -4.637506633777418, '_a1_': 1.0, '_a2_': 1.0, '_a5_': 1.0, '_a6_': 1.0, '_a7_': 1.0}};{'d0': 0.024905832919416615};-280.569866449044;33.632959789369345
11261;-106.651973435152;(((pow2((-(_a0_) + x)) * _a3_) + _a4_) * (x * _a0_));{'d0': {'_a0_': -0.3119297077679474, '_a3_': -10.825390448765154, '_a4_': -4.637506633777418, '_a1_': 1.0, '_a2_': 1.0, '_a5_': 1.0, '_a6_': 1.0, '_a7_': 1.0}};{'d0': 0.024905832919416615};-280.569866449044;33.632959789369345
11262;-106.651973435152;(((pow2((-(_a0_) + x)) * _a3_) + _a4_) * (x * _a0_));{'d0': {'_a0_': -0.3119297077679474, '_a3_': -10.825390448765154, '_a4_': -4.637506633777418, '_a1_': 1.0, '_a2_': 1.0, '_a5_': 1.0, '_a6_': 1.0, '_a7_': 1.0}};{'d0': 0.024905832919416615};-280.569866449044;33.632959789369345
11263;-106.651973435152;(((pow2((-(_a0_) + x)) * _a3_) + _a4_) * (x * _a0_));{'d0': {'_a0_': -0.3119297077679474, '_a3_': -10.825390448765154, '_a4_': -4.637506633777418, '_a1_': 1.0, '_a2_': 1.0, '_a5_': 1.0, '_a6_': 1.0, '_a7_': 1.0}};{'d0': 0.024905832919416615};-280.569866449044;33.632959789369345
11264;-106.651973435152;(((pow2((-(_a0_) + x)) * _a3_) + _a4_) * (x * _a0_));{'d0': {'_a0_': -0.3119297077679474, '_a3_': -10.825390448765154, '_a4_': -4.637506633777418, '_a1_': 1.0, '_a2_': 1.0, '_a5_': 1.0, '_a6_': 1.0, '_a7_': 1.0}};{'d0': 0.024905832919416615};-280.569866449044;33.632959789369345
11265;-106.651973435152;(((pow2((-(_a0_) + x)) * _a3_) + _a4_) * (x * _a0_));{'d0': {'_a0_': -0.3119297077679474, '_a3_': -10.825390448765154, '_a4_': -4.637506633777418, '_a1_': 1.0, '_a2_': 1.0, '_a5_': 1.0, '_a6_': 1.0, '_a7_': 1.0}};{'d0': 0.024905832919416615};-280.569866449044;33.632959789369345
11266;-106.651973435152;(((pow2((-(_a0_) + x)) * _a3_) + _a4_) * (x * _a0_));{'d0': {'_a0_': -0.3119297077679474, '_a3_': -10.825390448765154, '_a4_': -4.637506633777418, '_a1_': 1.0, '_a2_': 1.0, '_a5_': 1.0, '_a6_': 1.0, '_a7_': 1.0}};{'d0': 0.024905832919416615};-280.569866449044;33.632959789369345
11267;-106.651973435152;(((pow2((-(_a0_) + x)) * _a3_) + _a4_) * (x * _a0_));{'d0': {'_a0_': -0.3119297077679474, '_a3_': -10.825390448765154, '_a4_': -4.637506633777418, '_a1_': 1.0, '_a2_': 1.0, '_a5_': 1.0, '_a6_': 1.0, '_a7_': 1.0}};{'d0': 0.024905832919416615};-280.569866449044;33.632959789369345
11268;-106.651973435152;(((pow2((-(_a0_) + x)) * _a3_) + _a4_) * (x * _a0_));{'d0': {'_a0_': -0.3119297077679474, '_a3_': -10.825390448765154, '_a4_': -4.637506633777418, '_a1_': 1.0, '_a2_': 1.0, '_a5_': 1.0, '_a6_': 1.0, '_a7_': 1.0}};{'d0': 0.024905832919416615};-280.569866449044;33.632959789369345
11269;-106.651973435152;(((pow2((-(_a0_) + x)) * _a3_) + _a4_) * (x * _a0_));{'d0': {'_a0_': -0.3119297077679474, '_a3_': -10.825390448765154, '_a4_': -4.637506633777418, '_a1_': 1.0, '_a2_': 1.0, '_a5_': 1.0, '_a6_': 1.0, '_a7_': 1.0}};{'d0': 0.024905832919416615};-280.569866449044;33.632959789369345
11270;-106.651973435152;(((pow2((-(_a0_) + x)) * _a3_) + _a4_) * (x * _a0_));{'d0': {'_a0_': -0.3119297077679474, '_a3_': -10.825390448765154, '_a4_': -4.637506633777418, '_a1_': 1.0, '_a2_': 1.0, '_a5_': 1.0, '_a6_': 1.0, '_a7_': 1.0}};{'d0': 0.024905832919416615};-280.569866449044;33.632959789369345
11271;-106.651973435152;(((pow2((-(_a0_) + x)) * _a3_) + _a4_) * (x * _a0_));{'d0': {'_a0_': -0.3119297077679474, '_a3_': -10.825390448765154, '_a4_': -4.637506633777418, '_a1_': 1.0, '_a2_': 1.0, '_a5_': 1.0, '_a6_': 1.0, '_a7_': 1.0}};{'d0': 0.024905832919416615};-280.569866449044;33.632959789369345
11272;-106.651973435152;(((pow2((-(_a0_) + x)) * _a3_) + _a4_) * (x * _a0_));{'d0': {'_a0_': -0.3119297077679474, '_a3_': -10.825390448765154, '_a4_': -4.637506633777418, '_a1_': 1.0, '_a2_': 1.0, '_a5_': 1.0, '_a6_': 1.0, '_a7_': 1.0}};{'d0': 0.024905832919416615};-280.569866449044;33.632959789369345
11273;-106.651973435152;(((pow2((-(_a0_) + x)) * _a3_) + _a4_) * (x * _a0_));{'d0': {'_a0_': -0.3119297077679474, '_a3_': -10.825390448765154, '_a4_': -4.637506633777418, '_a1_': 1.0, '_a2_': 1.0, '_a5_': 1.0, '_a6_': 1.0, '_a7_': 1.0}};{'d0': 0.024905832919416615};-280.569866449044;33.632959789369345
11274;-106.651973435152;(((pow2((-(_a0_) + x)) * _a3_) + _a4_) * (x * _a0_));{'d0': {'_a0_': -0.3119297077679474, '_a3_': -10.825390448765154, '_a4_': -4.637506633777418, '_a1_': 1.0, '_a2_': 1.0, '_a5_': 1.0, '_a6_': 1.0, '_a7_': 1.0}};{'d0': 0.024905832919416615};-280.569866449044;33.632959789369345
11275;-106.651973435152;(((pow2((-(_a0_) + x)) * _a3_) + _a4_) * (x * _a0_));{'d0': {'_a0_': -0.3119297077679474, '_a3_': -10.825390448765154, '_a4_': -4.637506633777418, '_a1_': 1.0, '_a2_': 1.0, '_a5_': 1.0, '_a6_': 1.0, '_a7_': 1.0}};{'d0': 0.024905832919416615};-280.569866449044;33.632959789369345
11276;-106.651973435152;(((pow2((-(_a0_) + x)) * _a3_) + _a4_) * (x * _a0_));{'d0': {'_a0_': -0.3119297077679474, '_a3_': -10.825390448765154, '_a4_': -4.637506633777418, '_a1_': 1.0, '_a2_': 1.0, '_a5_': 1.0, '_a6_': 1.0, '_a7_': 1.0}};{'d0': 0.024905832919416615};-280.569866449044;33.632959789369345
11277;-106.651973435152;(((pow2((-(_a0_) + x)) * _a3_) + _a4_) * (x * _a0_));{'d0': {'_a0_': -0.3119297077679474, '_a3_': -10.825390448765154, '_a4_': -4.637506633777418, '_a1_': 1.0, '_a2_': 1.0, '_a5_': 1.0, '_a6_': 1.0, '_a7_': 1.0}};{'d0': 0.024905832919416615};-280.569866449044;33.632959789369345
11278;-106.651973435152;(((pow2((-(_a0_) + x)) * _a3_) + _a4_) * (x * _a0_));{'d0': {'_a0_': -0.3119297077679474, '_a3_': -10.825390448765154, '_a4_': -4.637506633777418, '_a1_': 1.0, '_a2_': 1.0, '_a5_': 1.0, '_a6_': 1.0, '_a7_': 1.0}};{'d0': 0.024905832919416615};-280.569866449044;33.632959789369345
11279;-106.651973435152;(((pow2((-(_a0_) + x)) * _a3_) + _a4_) * (x * _a0_));{'d0': {'_a0_': -0.3119297077679474, '_a3_': -10.825390448765154, '_a4_': -4.637506633777418, '_a1_': 1.0, '_a2_': 1.0, '_a5_': 1.0, '_a6_': 1.0, '_a7_': 1.0}};{'d0': 0.024905832919416615};-280.569866449044;33.632959789369345
11280;-106.651973435152;(((pow2((-(_a0_) + x)) * _a3_) + _a4_) * (x * _a0_));{'d0': {'_a0_': -0.3119297077679474, '_a3_': -10.825390448765154, '_a4_': -4.637506633777418, '_a1_': 1.0, '_a2_': 1.0, '_a5_': 1.0, '_a6_': 1.0, '_a7_': 1.0}};{'d0': 0.024905832919416615};-280.569866449044;33.632959789369345
11281;-106.651973435152;(((pow2((-(_a0_) + x)) * _a3_) + _a4_) * (x * _a0_));{'d0': {'_a0_': -0.3119297077679474, '_a3_': -10.825390448765154, '_a4_': -4.637506633777418, '_a1_': 1.0, '_a2_': 1.0, '_a5_': 1.0, '_a6_': 1.0, '_a7_': 1.0}};{'d0': 0.024905832919416615};-280.569866449044;33.632959789369345
11282;-106.651973435152;(((pow2((-(_a0_) + x)) * _a3_) + _a4_) * (x * _a0_));{'d0': {'_a0_': -0.3119297077679474, '_a3_': -10.825390448765154, '_a4_': -4.637506633777418, '_a1_': 1.0, '_a2_': 1.0, '_a5_': 1.0, '_a6_': 1.0, '_a7_': 1.0}};{'d0': 0.024905832919416615};-280.569866449044;33.632959789369345
11283;-106.651973435152;(((pow2((-(_a0_) + x)) * _a3_) + _a4_) * (x * _a0_));{'d0': {'_a0_': -0.3119297077679474, '_a3_': -10.825390448765154, '_a4_': -4.637506633777418, '_a1_': 1.0, '_a2_': 1.0, '_a5_': 1.0, '_a6_': 1.0, '_a7_': 1.0}};{'d0': 0.024905832919416615};-280.569866449044;33.632959789369345
11284;-106.651973435152;(((pow2((-(_a0_) + x)) * _a3_) + _a4_) * (x * _a0_));{'d0': {'_a0_': -0.3119297077679474, '_a3_': -10.825390448765154, '_a4_': -4.637506633777418, '_a1_': 1.0, '_a2_': 1.0, '_a5_': 1.0, '_a6_': 1.0, '_a7_': 1.0}};{'d0': 0.024905832919416615};-280.569866449044;33.632959789369345
11285;-106.651973435152;(((pow2((-(_a0_) + x)) * _a3_) + _a4_) * (x * _a0_));{'d0': {'_a0_': -0.3119297077679474, '_a3_': -10.825390448765154, '_a4_': -4.637506633777418, '_a1_': 1.0, '_a2_': 1.0, '_a5_': 1.0, '_a6_': 1.0, '_a7_': 1.0}};{'d0': 0.024905832919416615};-280.569866449044;33.632959789369345
11286;-106.651973435152;(((pow2((-(_a0_) + x)) * _a3_) + _a4_) * (x * _a0_));{'d0': {'_a0_': -0.3119297077679474, '_a3_': -10.825390448765154, '_a4_': -4.637506633777418, '_a1_': 1.0, '_a2_': 1.0, '_a5_': 1.0, '_a6_': 1.0, '_a7_': 1.0}};{'d0': 0.024905832919416615};-280.569866449044;33.632959789369345
11287;-106.651973435152;(((pow2((-(_a0_) + x)) * _a3_) + _a4_) * (x * _a0_));{'d0': {'_a0_': -0.3119297077679474, '_a3_': -10.825390448765154, '_a4_': -4.637506633777418, '_a1_': 1.0, '_a2_': 1.0, '_a5_': 1.0, '_a6_': 1.0, '_a7_': 1.0}};{'d0': 0.024905832919416615};-280.569866449044;33.632959789369345
11288;-106.651973435152;(((pow2((-(_a0_) + x)) * _a3_) + _a4_) * (x * _a0_));{'d0': {'_a0_': -0.3119297077679474, '_a3_': -10.825390448765154, '_a4_': -4.637506633777418, '_a1_': 1.0, '_a2_': 1.0, '_a5_': 1.0, '_a6_': 1.0, '_a7_': 1.0}};{'d0': 0.024905832919416615};-280.569866449044;33.632959789369345
11289;-105.728664307885;(((pow2((-(_a0_) + x)) * _a3_) + _a4_) * (x / _a0_));{'d0': {'_a0_': -0.31192970792966834, '_a3_': -1.0533120340655944, '_a4_': -0.4512300572905553, '_a1_': 1.0, '_a2_': 1.0, '_a5_': 1.0, '_a6_': 1.0, '_a7_': 1.0}};{'d0': 0.02490583291941666};-280.569866449044;34.556268916636746
11290;-105.728664307885;(((pow2((-(_a0_) + x)) * _a3_) + _a4_) * (x / _a0_));{'d0': {'_a0_': -0.31192970792966834, '_a3_': -1.0533120340655944, '_a4_': -0.4512300572905553, '_a1_': 1.0, '_a2_': 1.0, '_a5_': 1.0, '_a6_': 1.0, '_a7_': 1.0}};{'d0': 0.02490583291941666};-280.569866449044;34.556268916636746
11291;-105.728664307885;(((pow2((-(_a0_) + x)) * _a3_) + _a4_) * (x / _a0_));{'d0': {'_a0_': -0.31192970792966834, '_a3_': -1.0533120340655944, '_a4_': -0.4512300572905553, '_a1_': 1.0, '_a2_': 1.0, '_a5_': 1.0, '_a6_': 1.0, '_a7_': 1.0}};{'d0': 0.02490583291941666};-280.569866449044;34.556268916636746
11292;-105.728664307885;(((pow2((-(_a0_) + x)) * _a3_) + _a4_) * (x / _a0_));{'d0': {'_a0_': -0.31192970792966834, '_a3_': -1.0533120340655944, '_a4_': -0.4512300572905553, '_a1_': 1.0, '_a2_': 1.0, '_a5_': 1.0, '_a6_': 1.0, '_a7_': 1.0}};{'d0': 0.02490583291941666};-280.569866449044;34.556268916636746
11293;-105.728664307885;(((pow2((-(_a0_) + x)) * _a3_) + _a4_) * (x / _a0_));{'d0': {'_a0_': -0.31192970792966834, '_a3_': -1.0533120340655944, '_a4_': -0.4512300572905553, '_a1_': 1.0, '_a2_': 1.0, '_a5_': 1.0, '_a6_': 1.0, '_a7_': 1.0}};{'d0': 0.02490583291941666};-280.569866449044;34.556268916636746
11294;-105.728664307885;(((pow2((-(_a0_) + x)) * _a3_) + _a4_) * (x / _a0_));{'d0': {'_a0_': -0.31192970792966834, '_a3_': -1.0533120340655944, '_a4_': -0.4512300572905553, '_a1_': 1.0, '_a2_': 1.0, '_a5_': 1.0, '_a6_': 1.0, '_a7_': 1.0}};{'d0': 0.02490583291941666};-280.569866449044;34.556268916636746
11295;-105.728664307885;(((pow2((-(_a0_) + x)) * _a3_) + _a4_) * (x / _a0_));{'d0': {'_a0_': -0.31192970792966834, '_a3_': -1.0533120340655944, '_a4_': -0.4512300572905553, '_a1_': 1.0, '_a2_': 1.0, '_a5_': 1.0, '_a6_': 1.0, '_a7_': 1.0}};{'d0': 0.02490583291941666};-280.569866449044;34.556268916636746
11296;-105.728664307885;(((pow2((-(_a0_) + x)) * _a3_) + _a4_) * (x / _a0_));{'d0': {'_a0_': -0.31192970792966834, '_a3_': -1.0533120340655944, '_a4_': -0.4512300572905553, '_a1_': 1.0, '_a2_': 1.0, '_a5_': 1.0, '_a6_': 1.0, '_a7_': 1.0}};{'d0': 0.02490583291941666};-280.569866449044;34.556268916636746
11297;-105.728664307885;(((pow2((-(_a0_) + x)) * _a3_) + _a4_) * (x / _a0_));{'d0': {'_a0_': -0.31192970792966834, '_a3_': -1.0533120340655944, '_a4_': -0.4512300572905553, '_a1_': 1.0, '_a2_': 1.0, '_a5_': 1.0, '_a6_': 1.0, '_a7_': 1.0}};{'d0': 0.02490583291941666};-280.569866449044;34.556268916636746
11298;-105.728664307885;(((pow2((-(_a0_) + x)) * _a3_) + _a4_) * (x / _a0_));{'d0': {'_a0_': -0.31192970792966834, '_a3_': -1.0533120340655944, '_a4_': -0.4512300572905553, '_a1_': 1.0, '_a2_': 1.0, '_a5_': 1.0, '_a6_': 1.0, '_a7_': 1.0}};{'d0': 0.02490583291941666};-280.569866449044;34.556268916636746
11299;-105.728664307885;(((pow2((-(_a0_) + x)) * _a3_) + _a4_) * (x / _a0_));{'d0': {'_a0_': -0.31192970792966834, '_a3_': -1.0533120340655944, '_a4_': -0.4512300572905553, '_a1_': 1.0, '_a2_': 1.0, '_a5_': 1.0, '_a6_': 1.0, '_a7_': 1.0}};{'d0': 0.02490583291941666};-280.569866449044;34.556268916636746
11300;-105.728664307885;(((pow2((-(_a0_) + x)) * _a3_) + _a4_) * (x / _a0_));{'d0': {'_a0_': -0.31192970792966834, '_a3_': -1.0533120340655944, '_a4_': -0.4512300572905553, '_a1_': 1.0, '_a2_': 1.0, '_a5_': 1.0, '_a6_': 1.0, '_a7_': 1.0}};{'d0': 0.02490583291941666};-280.569866449044;34.556268916636746
11301;-105.728664307885;(((pow2((-(_a0_) + x)) * _a3_) + _a4_) * (x / _a0_));{'d0': {'_a0_': -0.31192970792966834, '_a3_': -1.0533120340655944, '_a4_': -0.4512300572905553, '_a1_': 1.0, '_a2_': 1.0, '_a5_': 1.0, '_a6_': 1.0, '_a7_': 1.0}};{'d0': 0.02490583291941666};-280.569866449044;34.556268916636746
11302;-105.728664307885;(((pow2((-(_a0_) + x)) * _a3_) + _a4_) * (x / _a0_));{'d0': {'_a0_': -0.31192970792966834, '_a3_': -1.0533120340655944, '_a4_': -0.4512300572905553, '_a1_': 1.0, '_a2_': 1.0, '_a5_': 1.0, '_a6_': 1.0, '_a7_': 1.0}};{'d0': 0.02490583291941666};-280.569866449044;34.556268916636746
11303;-105.728664307885;(((pow2((-(_a0_) + x)) * _a3_) + _a4_) * (x / _a0_));{'d0': {'_a0_': -0.31192970792966834, '_a3_': -1.0533120340655944, '_a4_': -0.4512300572905553, '_a1_': 1.0, '_a2_': 1.0, '_a5_': 1.0, '_a6_': 1.0, '_a7_': 1.0}};{'d0': 0.02490583291941666};-280.569866449044;34.556268916636746
11304;-103.159914093536;(x * (_a2_ * ((((_a4_ * _a4_) + x) * x) + (_a2_ + _a6_))));{'d0': {'_a2_': 3.376760876668026, '_a4_': 0.7898477166881606, '_a6_': -2.851069105948306, '_a0_': 1.0, '_a1_': 1.0, '_a3_': 1.0, '_a5_': 1.0, '_a7_': 1.0}};{'d0': 0.024905832919416622};-280.569866449044;37.12501913098592
11305;-103.159914093536;(x * (_a2_ * ((((_a4_ * _a4_) + x) * x) + (_a2_ + _a6_))));{'d0': {'_a2_': 3.376760876668026, '_a4_': 0.7898477166881606, '_a6_': -2.851069105948306, '_a0_': 1.0, '_a1_': 1.0, '_a3_': 1.0, '_a5_': 1.0, '_a7_': 1.0}};{'d0': 0.024905832919416622};-280.569866449044;37.12501913098592
11306;-103.159914093536;(x * (_a2_ * ((((_a4_ * _a4_) + x) * x) + (_a2_ + _a6_))));{'d0': {'_a2_': 3.376760876668026, '_a4_': 0.7898477166881606, '_a6_': -2.851069105948306, '_a0_': 1.0, '_a1_': 1.0, '_a3_': 1.0, '_a5_': 1.0, '_a7_': 1.0}};{'d0': 0.024905832919416622};-280.569866449044;37.12501913098592
11307;-103.159914093536;(x * (_a2_ * ((((_a4_ * _a4_) + x) * x) + (_a2_ + _a6_))));{'d0': {'_a2_': 3.376760876668026, '_a4_': 0.7898477166881606, '_a6_': -2.851069105948306, '_a0_': 1.0, '_a1_': 1.0, '_a3_': 1.0, '_a5_': 1.0, '_a7_': 1.0}};{'d0': 0.024905832919416622};-280.569866449044;37.12501913098592
11308;-103.159914093536;(x * (_a2_ * ((((_a4_ * _a4_) + x) * x) + (_a2_ + _a6_))));{'d0': {'_a2_': 3.376760876668026, '_a4_': 0.7898477166881606, '_a6_': -2.851069105948306, '_a0_': 1.0, '_a1_': 1.0, '_a3_': 1.0, '_a5_': 1.0, '_a7_': 1.0}};{'d0': 0.024905832919416622};-280.569866449044;37.12501913098592
11309;-103.159914093536;(x * (_a2_ * ((((_a4_ * _a4_) + x) * x) + (_a2_ + _a6_))));{'d0': {'_a2_': 3.376760876668026, '_a4_': 0.7898477166881606, '_a6_': -2.851069105948306, '_a0_': 1.0, '_a1_': 1.0, '_a3_': 1.0, '_a5_': 1.0, '_a7_': 1.0}};{'d0': 0.024905832919416622};-280.569866449044;37.12501913098592
11310;-103.159914093536;(x * (_a2_ * ((((_a4_ * _a4_) + x) * x) + (_a2_ + _a6_))));{'d0': {'_a2_': 3.376760876668026, '_a4_': 0.7898477166881606, '_a6_': -2.851069105948306, '_a0_': 1.0, '_a1_': 1.0, '_a3_': 1.0, '_a5_': 1.0, '_a7_': 1.0}};{'d0': 0.024905832919416622};-280.569866449044;37.12501913098592
11311;-103.159914093536;(x * (_a2_ * ((((_a4_ * _a4_) + x) * x) + (_a2_ + _a6_))));{'d0': {'_a2_': 3.376760876668026, '_a4_': 0.7898477166881606, '_a6_': -2.851069105948306, '_a0_': 1.0, '_a1_': 1.0, '_a3_': 1.0, '_a5_': 1.0, '_a7_': 1.0}};{'d0': 0.024905832919416622};-280.569866449044;37.12501913098592
11312;-103.159914093536;(x * (_a2_ * ((((_a4_ * _a4_) + x) * x) + (_a2_ + _a6_))));{'d0': {'_a2_': 3.376760876668026, '_a4_': 0.7898477166881606, '_a6_': -2.851069105948306, '_a0_': 1.0, '_a1_': 1.0, '_a3_': 1.0, '_a5_': 1.0, '_a7_': 1.0}};{'d0': 0.024905832919416622};-280.569866449044;37.12501913098592
11313;-103.159914093536;(x * (_a2_ * ((((_a4_ * _a4_) + x) * x) + (_a2_ + _a6_))));{'d0': {'_a2_': 3.376760876668026, '_a4_': 0.7898477166881606, '_a6_': -2.851069105948306, '_a0_': 1.0, '_a1_': 1.0, '_a3_': 1.0, '_a5_': 1.0, '_a7_': 1.0}};{'d0': 0.024905832919416622};-280.569866449044;37.12501913098592
11314;-103.159914093536;(x * (_a2_ * ((((_a4_ * _a4_) + x) * x) + (_a2_ + _a6_))));{'d0': {'_a2_': 3.376760876668026, '_a4_': 0.7898477166881606, '_a6_': -2.851069105948306, '_a0_': 1.0, '_a1_': 1.0, '_a3_': 1.0, '_a5_': 1.0, '_a7_': 1.0}};{'d0': 0.024905832919416622};-280.569866449044;37.12501913098592
11315;-103.159914093536;(x * (_a2_ * ((((_a4_ * _a4_) + x) * x) + (_a2_ + _a6_))));{'d0': {'_a2_': 3.376760876668026, '_a4_': 0.7898477166881606, '_a6_': -2.851069105948306, '_a0_': 1.0, '_a1_': 1.0, '_a3_': 1.0, '_a5_': 1.0, '_a7_': 1.0}};{'d0': 0.024905832919416622};-280.569866449044;37.12501913098592
11316;-103.159914093536;(x * (_a2_ * ((((_a4_ * _a4_) + x) * x) + (_a2_ + _a6_))));{'d0': {'_a2_': 3.376760876668026, '_a4_': 0.7898477166881606, '_a6_': -2.851069105948306, '_a0_': 1.0, '_a1_': 1.0, '_a3_': 1.0, '_a5_': 1.0, '_a7_': 1.0}};{'d0': 0.024905832919416622};-280.569866449044;37.12501913098592
11317;-103.159914093536;(x * (_a2_ * ((((_a4_ * _a4_) + x) * x) + (_a2_ + _a6_))));{'d0': {'_a2_': 3.376760876668026, '_a4_': 0.7898477166881606, '_a6_': -2.851069105948306, '_a0_': 1.0, '_a1_': 1.0, '_a3_': 1.0, '_a5_': 1.0, '_a7_': 1.0}};{'d0': 0.024905832919416622};-280.569866449044;37.12501913098592
11318;-103.159914093536;(x * (_a2_ * ((((_a4_ * _a4_) + x) * x) + (_a2_ + _a6_))));{'d0': {'_a2_': 3.376760876668026, '_a4_': 0.7898477166881606, '_a6_': -2.851069105948306, '_a0_': 1.0, '_a1_': 1.0, '_a3_': 1.0, '_a5_': 1.0, '_a7_': 1.0}};{'d0': 0.024905832919416622};-280.569866449044;37.12501913098592
11319;-98.1382168817567;(x * (_a2_ * ((((_a4_ * _a4_) + x) * x) + ((x * x) + _a6_))));{'d0': {'_a2_': 1.6883804392185948, '_a4_': 1.1170133532706221, '_a6_': 1.0513835409159058, '_a0_': 1.0, '_a1_': 1.0, '_a3_': 1.0, '_a5_': 1.0, '_a7_': 1.0}};{'d0': 0.02490583291941667};-280.569866449043;42.14671634276492
11320;-98.1382168817567;(x * (_a2_ * ((((_a4_ * _a4_) + x) * x) + ((x * x) + _a6_))));{'d0': {'_a2_': 1.6883804392185948, '_a4_': 1.1170133532706221, '_a6_': 1.0513835409159058, '_a0_': 1.0, '_a1_': 1.0, '_a3_': 1.0, '_a5_': 1.0, '_a7_': 1.0}};{'d0': 0.02490583291941667};-280.569866449043;42.14671634276492
11321;-98.1382168817567;(x * (_a2_ * ((((_a4_ * _a4_) + x) * x) + ((x * x) + _a6_))));{'d0': {'_a2_': 1.6883804392185948, '_a4_': 1.1170133532706221, '_a6_': 1.0513835409159058, '_a0_': 1.0, '_a1_': 1.0, '_a3_': 1.0, '_a5_': 1.0, '_a7_': 1.0}};{'d0': 0.02490583291941667};-280.569866449043;42.14671634276492
11322;-97.3596223271334;(x * (_a2_ * ((((_a4_ * _a4_) + x) * x) + ((x / x) + _a6_))));{'d0': {'_a2_': 3.376760880178652, '_a4_': 0.7898477166436821, '_a6_': -0.47430823005846723, '_a0_': 1.0, '_a1_': 1.0, '_a3_': 1.0, '_a5_': 1.0, '_a7_': 1.0}};{'d0': 0.0249058329194166};-280.569866449044;42.925310897388314
11323;-97.3596223271334;(x * (_a2_ * ((((_a4_ * _a4_) + x) * x) + ((x / x) + _a6_))));{'d0': {'_a2_': 3.376760880178652, '_a4_': 0.7898477166436821, '_a6_': -0.47430823005846723, '_a0_': 1.0, '_a1_': 1.0, '_a3_': 1.0, '_a5_': 1.0, '_a7_': 1.0}};{'d0': 0.0249058329194166};-280.569866449044;42.925310897388314
11324;-97.3596223271334;(x * (_a2_ * ((((_a4_ * _a4_) + x) * x) + ((x / x) + _a6_))));{'d0': {'_a2_': 3.376760880178652, '_a4_': 0.7898477166436821, '_a6_': -0.47430823005846723, '_a0_': 1.0, '_a1_': 1.0, '_a3_': 1.0, '_a5_': 1.0, '_a7_': 1.0}};{'d0': 0.0249058329194166};-280.569866449044;42.925310897388314
11325;-97.3596223271334;(x * (_a2_ * ((((_a4_ * _a4_) + x) * x) + ((x / x) + _a6_))));{'d0': {'_a2_': 3.376760880178652, '_a4_': 0.7898477166436821, '_a6_': -0.47430823005846723, '_a0_': 1.0, '_a1_': 1.0, '_a3_': 1.0, '_a5_': 1.0, '_a7_': 1.0}};{'d0': 0.0249058329194166};-280.569866449044;42.925310897388314
11326;-97.3596223271334;(x * (_a2_ * ((((_a4_ * _a4_) + x) * x) + ((x / x) + _a6_))));{'d0': {'_a2_': 3.376760880178652, '_a4_': 0.7898477166436821, '_a6_': -0.47430823005846723, '_a0_': 1.0, '_a1_': 1.0, '_a3_': 1.0, '_a5_': 1.0, '_a7_': 1.0}};{'d0': 0.0249058329194166};-280.569866449044;42.925310897388314
11327;-97.3596223271334;(x * (_a2_ * ((((_a4_ * _a4_) + x) * x) + ((x / x) + _a6_))));{'d0': {'_a2_': 3.376760880178652, '_a4_': 0.7898477166436821, '_a6_': -0.47430823005846723, '_a0_': 1.0, '_a1_': 1.0, '_a3_': 1.0, '_a5_': 1.0, '_a7_': 1.0}};{'d0': 0.0249058329194166};-280.569866449044;42.925310897388314
11328;-97.3596223271334;(x * (_a2_ * ((((_a4_ * _a4_) + x) * x) + ((x / x) + _a6_))));{'d0': {'_a2_': 3.376760880178652, '_a4_': 0.7898477166436821, '_a6_': -0.47430823005846723, '_a0_': 1.0, '_a1_': 1.0, '_a3_': 1.0, '_a5_': 1.0, '_a7_': 1.0}};{'d0': 0.0249058329194166};-280.569866449044;42.925310897388314
11329;-97.3596223271334;(x * (_a2_ * ((((_a4_ * _a4_) + x) * x) + ((x / x) + _a6_))));{'d0': {'_a2_': 3.376760880178652, '_a4_': 0.7898477166436821, '_a6_': -0.47430823005846723, '_a0_': 1.0, '_a1_': 1.0, '_a3_': 1.0, '_a5_': 1.0, '_a7_': 1.0}};{'d0': 0.0249058329194166};-280.569866449044;42.925310897388314
11330;-97.3596223271334;(x * (_a2_ * ((((_a4_ * _a4_) + x) * x) + ((x / x) + _a6_))));{'d0': {'_a2_': 3.376760880178652, '_a4_': 0.7898477166436821, '_a6_': -0.47430823005846723, '_a0_': 1.0, '_a1_': 1.0, '_a3_': 1.0, '_a5_': 1.0, '_a7_': 1.0}};{'d0': 0.0249058329194166};-280.569866449044;42.925310897388314
11331;-97.3596223271334;(x * (_a2_ * ((((_a4_ * _a4_) + x) * x) + ((x / x) + _a6_))));{'d0': {'_a2_': 3.376760880178652, '_a4_': 0.7898477166436821, '_a6_': -0.47430823005846723, '_a0_': 1.0, '_a1_': 1.0, '_a3_': 1.0, '_a5_': 1.0, '_a7_': 1.0}};{'d0': 0.0249058329194166};-280.569866449044;42.925310897388314
11332;-97.3596223271334;(x * (_a2_ * ((((_a4_ * _a4_) + x) * x) + ((x / x) + _a6_))));{'d0': {'_a2_': 3.376760880178652, '_a4_': 0.7898477166436821, '_a6_': -0.47430823005846723, '_a0_': 1.0, '_a1_': 1.0, '_a3_': 1.0, '_a5_': 1.0, '_a7_': 1.0}};{'d0': 0.0249058329194166};-280.569866449044;42.925310897388314
11333;-97.3596223271334;(x * (_a2_ * ((((_a4_ * _a4_) + x) * x) + ((x / x) + _a6_))));{'d0': {'_a2_': 3.376760880178652, '_a4_': 0.7898477166436821, '_a6_': -0.47430823005846723, '_a0_': 1.0, '_a1_': 1.0, '_a3_': 1.0, '_a5_': 1.0, '_a7_': 1.0}};{'d0': 0.0249058329194166};-280.569866449044;42.925310897388314
11334;-97.3596223271334;(x * (_a2_ * ((((_a4_ * _a4_) + x) * x) + ((x / x) + _a6_))));{'d0': {'_a2_': 3.376760880178652, '_a4_': 0.7898477166436821, '_a6_': -0.47430823005846723, '_a0_': 1.0, '_a1_': 1.0, '_a3_': 1.0, '_a5_': 1.0, '_a7_': 1.0}};{'d0': 0.0249058329194166};-280.569866449044;42.925310897388314
11335;-97.3596223271334;(x * (_a2_ * ((((_a4_ * _a4_) + x) * x) + ((x / x) + _a6_))));{'d0': {'_a2_': 3.376760880178652, '_a4_': 0.7898477166436821, '_a6_': -0.47430823005846723, '_a0_': 1.0, '_a1_': 1.0, '_a3_': 1.0, '_a5_': 1.0, '_a7_': 1.0}};{'d0': 0.0249058329194166};-280.569866449044;42.925310897388314
11336;-97.3596223271334;(x * (_a2_ * ((((_a4_ * _a4_) + x) * x) + ((x / x) + _a6_))));{'d0': {'_a2_': 3.376760880178652, '_a4_': 0.7898477166436821, '_a6_': -0.47430823005846723, '_a0_': 1.0, '_a1_': 1.0, '_a3_': 1.0, '_a5_': 1.0, '_a7_': 1.0}};{'d0': 0.0249058329194166};-280.569866449044;42.925310897388314
11337;-97.3596223271334;(x * (_a2_ * ((((_a4_ * _a4_) + x) * x) + ((x / x) + _a6_))));{'d0': {'_a2_': 3.376760880178652, '_a4_': 0.7898477166436821, '_a6_': -0.47430823005846723, '_a0_': 1.0, '_a1_': 1.0, '_a3_': 1.0, '_a5_': 1.0, '_a7_': 1.0}};{'d0': 0.0249058329194166};-280.569866449044;42.925310897388314
11338;-97.3596223271334;(x * (_a2_ * ((((_a4_ * _a4_) + x) * x) + ((x / x) + _a6_))));{'d0': {'_a2_': 3.376760880178652, '_a4_': 0.7898477166436821, '_a6_': -0.47430823005846723, '_a0_': 1.0, '_a1_': 1.0, '_a3_': 1.0, '_a5_': 1.0, '_a7_': 1.0}};{'d0': 0.0249058329194166};-280.569866449044;42.925310897388314
11339;-97.3596223271334;(x * (_a2_ * ((((_a4_ * _a4_) + x) * x) + ((x / x) + _a6_))));{'d0': {'_a2_': 3.376760880178652, '_a4_': 0.7898477166436821, '_a6_': -0.47430823005846723, '_a0_': 1.0, '_a1_': 1.0, '_a3_': 1.0, '_a5_': 1.0, '_a7_': 1.0}};{'d0': 0.0249058329194166};-280.569866449044;42.925310897388314
11340;-97.3596223271334;(x * (_a2_ * ((((_a4_ * _a4_) + x) * x) + ((x / x) + _a6_))));{'d0': {'_a2_': 3.376760880178652, '_a4_': 0.7898477166436821, '_a6_': -0.47430823005846723, '_a0_': 1.0, '_a1_': 1.0, '_a3_': 1.0, '_a5_': 1.0, '_a7_': 1.0}};{'d0': 0.0249058329194166};-280.569866449044;42.925310897388314
11341;-77.5396986706189;((_a5_ + _a1_) * (x * (pow2((_a4_ * ((_a0_ * (_a4_ * (_a5_ * x))) + -(cos(_a4_))))) + _a0_)));{'d0': {'_a0_': 0.12251888479474117, '_a1_': -140.59983866696032, '_a4_': -0.16923367760414953, '_a5_': 152.40680191751474, '_a2_': 1.0, '_a3_': 1.0, '_a6_': 1.0, '_a7_': 1.0}};{'d0': 0.02490583292480091};-276.475521873850;60.6980622663064
11342;-77.5396986706189;((_a5_ + _a1_) * (x * (pow2((_a4_ * ((_a0_ * (_a4_ * (_a5_ * x))) + -(cos(_a4_))))) + _a0_)));{'d0': {'_a0_': 0.12251888479474117, '_a1_': -140.59983866696032, '_a4_': -0.16923367760414953, '_a5_': 152.40680191751474, '_a2_': 1.0, '_a3_': 1.0, '_a6_': 1.0, '_a7_': 1.0}};{'d0': 0.02490583292480091};-276.475521873850;60.6980622663064
11343;-77.5396986706189;((_a5_ + _a1_) * (x * (pow2((_a4_ * ((_a0_ * (_a4_ * (_a5_ * x))) + -(cos(_a4_))))) + _a0_)));{'d0': {'_a0_': 0.12251888479474117, '_a1_': -140.59983866696032, '_a4_': -0.16923367760414953, '_a5_': 152.40680191751474, '_a2_': 1.0, '_a3_': 1.0, '_a6_': 1.0, '_a7_': 1.0}};{'d0': 0.02490583292480091};-276.475521873850;60.6980622663064
11344;-77.5396986706189;((_a5_ + _a1_) * (x * (pow2((_a4_ * ((_a0_ * (_a4_ * (_a5_ * x))) + -(cos(_a4_))))) + _a0_)));{'d0': {'_a0_': 0.12251888479474117, '_a1_': -140.59983866696032, '_a4_': -0.16923367760414953, '_a5_': 152.40680191751474, '_a2_': 1.0, '_a3_': 1.0, '_a6_': 1.0, '_a7_': 1.0}};{'d0': 0.02490583292480091};-276.475521873850;60.6980622663064
11345;-77.5396986706189;((_a5_ + _a1_) * (x * (pow2((_a4_ * ((_a0_ * (_a4_ * (_a5_ * x))) + -(cos(_a4_))))) + _a0_)));{'d0': {'_a0_': 0.12251888479474117, '_a1_': -140.59983866696032, '_a4_': -0.16923367760414953, '_a5_': 152.40680191751474, '_a2_': 1.0, '_a3_': 1.0, '_a6_': 1.0, '_a7_': 1.0}};{'d0': 0.02490583292480091};-276.475521873850;60.6980622663064
11346;-77.5396986706189;((_a5_ + _a1_) * (x * (pow2((_a4_ * ((_a0_ * (_a4_ * (_a5_ * x))) + -(cos(_a4_))))) + _a0_)));{'d0': {'_a0_': 0.12251888479474117, '_a1_': -140.59983866696032, '_a4_': -0.16923367760414953, '_a5_': 152.40680191751474, '_a2_': 1.0, '_a3_': 1.0, '_a6_': 1.0, '_a7_': 1.0}};{'d0': 0.02490583292480091};-276.475521873850;60.6980622663064
11347;-77.5396986706189;((_a5_ + _a1_) * (x * (pow2((_a4_ * ((_a0_ * (_a4_ * (_a5_ * x))) + -(cos(_a4_))))) + _a0_)));{'d0': {'_a0_': 0.12251888479474117, '_a1_': -140.59983866696032, '_a4_': -0.16923367760414953, '_a5_': 152.40680191751474, '_a2_': 1.0, '_a3_': 1.0, '_a6_': 1.0, '_a7_': 1.0}};{'d0': 0.02490583292480091};-276.475521873850;60.6980622663064
11348;-79.5868709582155;((_a5_ + _a4_) * (x * (pow2((_a4_ * ((_a0_ * (_a4_ * (_a5_ * x))) + -(cos(_a4_))))) + _a0_)));{'d0': {'_a0_': 1.3819686682443666, '_a4_': -0.8317762896120467, '_a5_': 1.8785265683977994, '_a1_': 1.0, '_a2_': 1.0, '_a3_': 1.0, '_a6_': 1.0, '_a7_': 1.0}};{'d0': 0.02490583291941661};-280.569866449044;60.6980622663064
11349;-79.5868709582155;((_a5_ + _a4_) * (x * (pow2((_a4_ * ((_a0_ * (_a4_ * (_a5_ * x))) + -(cos(_a4_))))) + _a0_)));{'d0': {'_a0_': 1.3819686682443666, '_a4_': -0.8317762896120467, '_a5_': 1.8785265683977994, '_a1_': 1.0, '_a2_': 1.0, '_a3_': 1.0, '_a6_': 1.0, '_a7_': 1.0}};{'d0': 0.02490583291941661};-280.569866449044;60.6980622663064
11350;-79.5868709582155;((_a5_ + _a4_) * (x * (pow2((_a4_ * ((_a0_ * (_a4_ * (_a5_ * x))) + -(cos(_a4_))))) + _a0_)));{'d0': {'_a0_': 1.3819686682443666, '_a4_': -0.8317762896120467, '_a5_': 1.8785265683977994, '_a1_': 1.0, '_a2_': 1.0, '_a3_': 1.0, '_a6_': 1.0, '_a7_': 1.0}};{'d0': 0.02490583291941661};-280.569866449044;60.6980622663064
11351;-79.5868709582155;((_a5_ + _a4_) * (x * (pow2((_a4_ * ((_a0_ * (_a4_ * (_a5_ * x))) + -(cos(_a4_))))) + _a0_)));{'d0': {'_a0_': 1.3819686682443666, '_a4_': -0.8317762896120467, '_a5_': 1.8785265683977994, '_a1_': 1.0, '_a2_': 1.0, '_a3_': 1.0, '_a6_': 1.0, '_a7_': 1.0}};{'d0': 0.02490583291941661};-280.569866449044;60.6980622663064
11352;-79.5868709582155;((_a5_ + _a4_) * (x * (pow2((_a4_ * ((_a0_ * (_a4_ * (_a5_ * x))) + -(cos(_a4_))))) + _a0_)));{'d0': {'_a0_': 1.3819686682443666, '_a4_': -0.8317762896120467, '_a5_': 1.8785265683977994, '_a1_': 1.0, '_a2_': 1.0, '_a3_': 1.0, '_a6_': 1.0, '_a7_': 1.0}};{'d0': 0.02490583291941661};-280.569866449044;60.6980622663064
11353;-79.5868709582155;((_a5_ + _a4_) * (x * (pow2((_a4_ * ((_a0_ * (_a4_ * (_a5_ * x))) + -(cos(_a4_))))) + _a0_)));{'d0': {'_a0_': 1.3819686682443666, '_a4_': -0.8317762896120467, '_a5_': 1.8785265683977994, '_a1_': 1.0, '_a2_': 1.0, '_a3_': 1.0, '_a6_': 1.0, '_a7_': 1.0}};{'d0': 0.02490583291941661};-280.569866449044;60.6980622663064
11354;-79.5868709582155;((_a5_ + _a4_) * (x * (pow2((_a4_ * ((_a0_ * (_a4_ * (_a5_ * x))) + -(cos(_a4_))))) + _a0_)));{'d0': {'_a0_': 1.3819686682443666, '_a4_': -0.8317762896120467, '_a5_': 1.8785265683977994, '_a1_': 1.0, '_a2_': 1.0, '_a3_': 1.0, '_a6_': 1.0, '_a7_': 1.0}};{'d0': 0.02490583291941661};-280.569866449044;60.6980622663064
11355;-79.5868709582155;((_a5_ + _a4_) * (x * (pow2((_a4_ * ((_a0_ * (_a4_ * (_a5_ * x))) + -(cos(_a4_))))) + _a0_)));{'d0': {'_a0_': 1.3819686682443666, '_a4_': -0.8317762896120467, '_a5_': 1.8785265683977994, '_a1_': 1.0, '_a2_': 1.0, '_a3_': 1.0, '_a6_': 1.0, '_a7_': 1.0}};{'d0': 0.02490583291941661};-280.569866449044;60.6980622663064
11356;-79.5868709582155;((_a5_ + _a4_) * (x * (pow2((_a4_ * ((_a0_ * (_a4_ * (_a5_ * x))) + -(cos(_a4_))))) + _a0_)));{'d0': {'_a0_': 1.3819686682443666, '_a4_': -0.8317762896120467, '_a5_': 1.8785265683977994, '_a1_': 1.0, '_a2_': 1.0, '_a3_': 1.0, '_a6_': 1.0, '_a7_': 1.0}};{'d0': 0.02490583291941661};-280.569866449044;60.6980622663064
11357;-79.5868709582155;((_a5_ + _a4_) * (x * (pow2((_a4_ * ((_a0_ * (_a4_ * (_a5_ * x))) + -(cos(_a4_))))) + _a0_)));{'d0': {'_a0_': 1.3819686682443666, '_a4_': -0.8317762896120467, '_a5_': 1.8785265683977994, '_a1_': 1.0, '_a2_': 1.0, '_a3_': 1.0, '_a6_': 1.0, '_a7_': 1.0}};{'d0': 0.02490583291941661};-280.569866449044;60.6980622663064
11358;-79.5868709582155;((_a5_ + _a4_) * (x * (pow2((_a4_ * ((_a0_ * (_a4_ * (_a5_ * x))) + -(cos(_a4_))))) + _a0_)));{'d0': {'_a0_': 1.3819686682443666, '_a4_': -0.8317762896120467, '_a5_': 1.8785265683977994, '_a1_': 1.0, '_a2_': 1.0, '_a3_': 1.0, '_a6_': 1.0, '_a7_': 1.0}};{'d0': 0.02490583291941661};-280.569866449044;60.6980622663064
11359;-79.5868709582155;((_a5_ + _a4_) * (x * (pow2((_a4_ * ((_a0_ * (_a4_ * (_a5_ * x))) + -(cos(_a4_))))) + _a0_)));{'d0': {'_a0_': 1.3819686682443666, '_a4_': -0.8317762896120467, '_a5_': 1.8785265683977994, '_a1_': 1.0, '_a2_': 1.0, '_a3_': 1.0, '_a6_': 1.0, '_a7_': 1.0}};{'d0': 0.02490583291941661};-280.569866449044;60.6980622663064
11360;-79.5868709582155;((_a5_ + _a4_) * (x * (pow2((_a4_ * ((_a0_ * (_a4_ * (_a5_ * x))) + -(cos(_a4_))))) + _a0_)));{'d0': {'_a0_': 1.3819686682443666, '_a4_': -0.8317762896120467, '_a5_': 1.8785265683977994, '_a1_': 1.0, '_a2_': 1.0, '_a3_': 1.0, '_a6_': 1.0, '_a7_': 1.0}};{'d0': 0.02490583291941661};-280.569866449044;60.6980622663064
11361;-79.5868709582155;((_a5_ + _a4_) * (x * (pow2((_a4_ * ((_a0_ * (_a4_ * (_a5_ * x))) + -(cos(_a4_))))) + _a0_)));{'d0': {'_a0_': 1.3819686682443666, '_a4_': -0.8317762896120467, '_a5_': 1.8785265683977994, '_a1_': 1.0, '_a2_': 1.0, '_a3_': 1.0, '_a6_': 1.0, '_a7_': 1.0}};{'d0': 0.02490583291941661};-280.569866449044;60.6980622663064
11362;-79.5868709582155;((_a5_ + _a4_) * (x * (pow2((_a4_ * ((_a0_ * (_a4_ * (_a5_ * x))) + -(cos(_a4_))))) + _a0_)));{'d0': {'_a0_': 1.3819686682443666, '_a4_': -0.8317762896120467, '_a5_': 1.8785265683977994, '_a1_': 1.0, '_a2_': 1.0, '_a3_': 1.0, '_a6_': 1.0, '_a7_': 1.0}};{'d0': 0.02490583291941661};-280.569866449044;60.6980622663064
11363;-79.5868709582155;((_a5_ + _a4_) * (x * (pow2((_a4_ * ((_a0_ * (_a4_ * (_a5_ * x))) + -(cos(_a4_))))) + _a0_)));{'d0': {'_a0_': 1.3819686682443666, '_a4_': -0.8317762896120467, '_a5_': 1.8785265683977994, '_a1_': 1.0, '_a2_': 1.0, '_a3_': 1.0, '_a6_': 1.0, '_a7_': 1.0}};{'d0': 0.02490583291941661};-280.569866449044;60.6980622663064
11364;-79.5868709582155;((_a5_ + _a4_) * (x * (pow2((_a4_ * ((_a0_ * (_a4_ * (_a5_ * x))) + -(cos(_a4_))))) + _a0_)));{'d0': {'_a0_': 1.3819686682443666, '_a4_': -0.8317762896120467, '_a5_': 1.8785265683977994, '_a1_': 1.0, '_a2_': 1.0, '_a3_': 1.0, '_a6_': 1.0, '_a7_': 1.0}};{'d0': 0.02490583291941661};-280.569866449044;60.6980622663064
11365;-79.5868709582155;((_a5_ + _a4_) * (x * (pow2((_a4_ * ((_a0_ * (_a4_ * (_a5_ * x))) + -(cos(_a4_))))) + _a0_)));{'d0': {'_a0_': 1.3819686682443666, '_a4_': -0.8317762896120467, '_a5_': 1.8785265683977994, '_a1_': 1.0, '_a2_': 1.0, '_a3_': 1.0, '_a6_': 1.0, '_a7_': 1.0}};{'d0': 0.02490583291941661};-280.569866449044;60.6980622663064
11366;-79.5868709582155;((_a5_ + _a4_) * (x * (pow2((_a4_ * ((_a0_ * (_a4_ * (_a5_ * x))) + -(cos(_a4_))))) + _a0_)));{'d0': {'_a0_': 1.3819686682443666, '_a4_': -0.8317762896120467, '_a5_': 1.8785265683977994, '_a1_': 1.0, '_a2_': 1.0, '_a3_': 1.0, '_a6_': 1.0, '_a7_': 1.0}};{'d0': 0.02490583291941661};-280.569866449044;60.6980622663064
11367;-97.3596223271334;(x * (_a2_ * ((((_a4_ * _a2_) + x) * x) + ((x / x) + _a1_))));{'d0': {'_a1_': -0.47430823020610985, '_a2_': 3.3767608804343907, '_a4_': 0.18475084184209123, '_a0_': 1.0, '_a3_': 1.0, '_a5_': 1.0, '_a6_': 1.0, '_a7_': 1.0}};{'d0': 0.024905832919416643};-280.569866449044;42.925310897388314
11368;-97.3596223271334;(x * (_a2_ * ((((_a4_ * _a2_) + x) * x) + ((x / x) + _a1_))));{'d0': {'_a1_': -0.47430823020610985, '_a2_': 3.3767608804343907, '_a4_': 0.18475084184209123, '_a0_': 1.0, '_a3_': 1.0, '_a5_': 1.0, '_a6_': 1.0, '_a7_': 1.0}};{'d0': 0.024905832919416643};-280.569866449044;42.925310897388314
11369;-97.3596223271334;(x * (_a2_ * ((((_a4_ * _a2_) + x) * x) + ((x / x) + _a1_))));{'d0': {'_a1_': -0.47430823020610985, '_a2_': 3.3767608804343907, '_a4_': 0.18475084184209123, '_a0_': 1.0, '_a3_': 1.0, '_a5_': 1.0, '_a6_': 1.0, '_a7_': 1.0}};{'d0': 0.024905832919416643};-280.569866449044;42.925310897388314
11370;-91.2802125345634;(x * (_a2_ * ((((_a4_ * _a2_) + x) * x) + ((x / x) + cos(_a1_)))));{'d0': {'_a1_': -4.218210897432164, '_a2_': 3.3767608783314436, '_a4_': 0.1847508420186055, '_a0_': 1.0, '_a3_': 1.0, '_a5_': 1.0, '_a6_': 1.0, '_a7_': 1.0}};{'d0': 0.02490583291941661};-280.569866449044;49.00472068995831
11371;-91.2802125345634;(x * (_a2_ * ((((_a4_ * _a2_) + x) * x) + ((x / x) + cos(_a1_)))));{'d0': {'_a1_': -4.218210897432164, '_a2_': 3.3767608783314436, '_a4_': 0.1847508420186055, '_a0_': 1.0, '_a3_': 1.0, '_a5_': 1.0, '_a6_': 1.0, '_a7_': 1.0}};{'d0': 0.02490583291941661};-280.569866449044;49.00472068995831
11372;-91.2802125345634;(x * (_a2_ * ((((_a4_ * _a2_) + x) * x) + ((x / x) + cos(_a1_)))));{'d0': {'_a1_': -4.218210897432164, '_a2_': 3.3767608783314436, '_a4_': 0.1847508420186055, '_a0_': 1.0, '_a3_': 1.0, '_a5_': 1.0, '_a6_': 1.0, '_a7_': 1.0}};{'d0': 0.02490583291941661};-280.569866449044;49.00472068995831
11373;-91.2802125345634;(x * (_a2_ * ((((_a4_ * _a2_) + x) * x) + ((x / x) + cos(_a1_)))));{'d0': {'_a1_': -4.218210897432164, '_a2_': 3.3767608783314436, '_a4_': 0.1847508420186055, '_a0_': 1.0, '_a3_': 1.0, '_a5_': 1.0, '_a6_': 1.0, '_a7_': 1.0}};{'d0': 0.02490583291941661};-280.569866449044;49.00472068995831
11374;-94.4489593306785;(_a2_ * (((_a0_ * (x * x)) + (((_a5_ + _a5_) ** x) + _a6_)) * x));{'d0': {'_a0_': 0.021183626435366008, '_a2_': 158.74735746195387, '_a5_': 0.5066793467539252, '_a6_': -0.9888179365843718, '_a1_': 1.0, '_a3_': 1.0, '_a4_': 1.0, '_a7_': 1.0}};{'d0': 0.02490602729828469};-276.475053615529;43.788567477086026
11375;-94.4489593306785;(_a2_ * (((_a0_ * (x * x)) + (((_a5_ + _a5_) ** x) + _a6_)) * x));{'d0': {'_a0_': 0.021183626435366008, '_a2_': 158.74735746195387, '_a5_': 0.5066793467539252, '_a6_': -0.9888179365843718, '_a1_': 1.0, '_a3_': 1.0, '_a4_': 1.0, '_a7_': 1.0}};{'d0': 0.02490602729828469};-276.475053615529;43.788567477086026
11376;-94.4489593306785;(_a2_ * (((_a0_ * (x * x)) + (((_a5_ + _a5_) ** x) + _a6_)) * x));{'d0': {'_a0_': 0.021183626435366008, '_a2_': 158.74735746195387, '_a5_': 0.5066793467539252, '_a6_': -0.9888179365843718, '_a1_': 1.0, '_a3_': 1.0, '_a4_': 1.0, '_a7_': 1.0}};{'d0': 0.02490602729828469};-276.475053615529;43.788567477086026
11377;-89.2330402508043;(x * (_a2_ * ((((_a4_ * _a2_) + x) * x) + ((x / _a5_) + cos(_a1_)))));{'d0': {'_a1_': -5.265917091047713, '_a2_': 3.376760878420033, '_a4_': 0.09259399846309842, '_a5_': 3.213452564233801, '_a0_': 1.0, '_a3_': 1.0, '_a6_': 1.0, '_a7_': 1.0}};{'d0': 0.024905832921615058};-276.475521881525;49.00472068995831
11378;-94.4489593306785;(_a2_ * (((_a0_ * (x * x)) + (((_a5_ + _a5_) ** x) + _a6_)) * x));{'d0': {'_a0_': 0.021183626435366008, '_a2_': 158.74735746195387, '_a5_': 0.5066793467539252, '_a6_': -0.9888179365843718, '_a1_': 1.0, '_a3_': 1.0, '_a4_': 1.0, '_a7_': 1.0}};{'d0': 0.02490602729828469};-276.475053615529;43.788567477086026
11379;-94.4489593306785;(_a2_ * (((_a0_ * (x * x)) + (((_a5_ + _a5_) ** x) + _a6_)) * x));{'d0': {'_a0_': 0.021183626435366008, '_a2_': 158.74735746195387, '_a5_': 0.5066793467539252, '_a6_': -0.9888179365843718, '_a1_': 1.0, '_a3_': 1.0, '_a4_': 1.0, '_a7_': 1.0}};{'d0': 0.02490602729828469};-276.475053615529;43.788567477086026
11380;-94.4489593306785;(_a2_ * (((_a0_ * (x * x)) + (((_a5_ + _a5_) ** x) + _a6_)) * x));{'d0': {'_a0_': 0.021183626435366008, '_a2_': 158.74735746195387, '_a5_': 0.5066793467539252, '_a6_': -0.9888179365843718, '_a1_': 1.0, '_a3_': 1.0, '_a4_': 1.0, '_a7_': 1.0}};{'d0': 0.02490602729828469};-276.475053615529;43.788567477086026
11381;-94.4489593306785;(_a2_ * (((_a0_ * (x * x)) + (((_a5_ + _a5_) ** x) + _a6_)) * x));{'d0': {'_a0_': 0.021183626435366008, '_a2_': 158.74735746195387, '_a5_': 0.5066793467539252, '_a6_': -0.9888179365843718, '_a1_': 1.0, '_a3_': 1.0, '_a4_': 1.0, '_a7_': 1.0}};{'d0': 0.02490602729828469};-276.475053615529;43.788567477086026
11382;-94.4489593306785;(_a2_ * (((_a0_ * (x * x)) + (((_a5_ + _a5_) ** x) + _a6_)) * x));{'d0': {'_a0_': 0.021183626435366008, '_a2_': 158.74735746195387, '_a5_': 0.5066793467539252, '_a6_': -0.9888179365843718, '_a1_': 1.0, '_a3_': 1.0, '_a4_': 1.0, '_a7_': 1.0}};{'d0': 0.02490602729828469};-276.475053615529;43.788567477086026
11383;-94.4489593306785;(_a2_ * (((_a0_ * (x * x)) + (((_a5_ + _a5_) ** x) + _a6_)) * x));{'d0': {'_a0_': 0.021183626435366008, '_a2_': 158.74735746195387, '_a5_': 0.5066793467539252, '_a6_': -0.9888179365843718, '_a1_': 1.0, '_a3_': 1.0, '_a4_': 1.0, '_a7_': 1.0}};{'d0': 0.02490602729828469};-276.475053615529;43.788567477086026
11384;-94.4489593306785;(_a2_ * (((_a0_ * (x * x)) + (((_a5_ + _a5_) ** x) + _a6_)) * x));{'d0': {'_a0_': 0.021183626435366008, '_a2_': 158.74735746195387, '_a5_': 0.5066793467539252, '_a6_': -0.9888179365843718, '_a1_': 1.0, '_a3_': 1.0, '_a4_': 1.0, '_a7_': 1.0}};{'d0': 0.02490602729828469};-276.475053615529;43.788567477086026
11385;-94.4489593306785;(_a2_ * (((_a0_ * (x * x)) + (((_a5_ + _a5_) ** x) + _a6_)) * x));{'d0': {'_a0_': 0.021183626435366008, '_a2_': 158.74735746195387, '_a5_': 0.5066793467539252, '_a6_': -0.9888179365843718, '_a1_': 1.0, '_a3_': 1.0, '_a4_': 1.0, '_a7_': 1.0}};{'d0': 0.02490602729828469};-276.475053615529;43.788567477086026
11386;-94.4489593306785;(_a2_ * (((_a0_ * (x * x)) + (((_a5_ + _a5_) ** x) + _a6_)) * x));{'d0': {'_a0_': 0.021183626435366008, '_a2_': 158.74735746195387, '_a5_': 0.5066793467539252, '_a6_': -0.9888179365843718, '_a1_': 1.0, '_a3_': 1.0, '_a4_': 1.0, '_a7_': 1.0}};{'d0': 0.02490602729828469};-276.475053615529;43.788567477086026
11387;-94.4489593306785;(_a2_ * (((_a0_ * (x * x)) + (((_a5_ + _a5_) ** x) + _a6_)) * x));{'d0': {'_a0_': 0.021183626435366008, '_a2_': 158.74735746195387, '_a5_': 0.5066793467539252, '_a6_': -0.9888179365843718, '_a1_': 1.0, '_a3_': 1.0, '_a4_': 1.0, '_a7_': 1.0}};{'d0': 0.02490602729828469};-276.475053615529;43.788567477086026
11388;-81.3784545802201;((_a5_ + _a4_) * (x * (pow2((_a4_ * ((_a0_ * (_a4_ * (_a2_ + x))) + (_a0_ * _a4_)))) + _a0_)));{'d0': {'_a0_': 1348.134026064989, '_a2_': -0.6880702921687749, '_a4_': -0.2039888758404745, '_a5_': 0.20506189674813904, '_a1_': 1.0, '_a3_': 1.0, '_a6_': 1.0, '_a7_': 1.0}};{'d0': 0.024905832919985105};-276.475521885452;56.85930636250602
11389;-81.3784545802201;((_a5_ + _a4_) * (x * (pow2((_a4_ * ((_a0_ * (_a4_ * (_a2_ + x))) + (_a0_ * _a4_)))) + _a0_)));{'d0': {'_a0_': 1348.134026064989, '_a2_': -0.6880702921687749, '_a4_': -0.2039888758404745, '_a5_': 0.20506189674813904, '_a1_': 1.0, '_a3_': 1.0, '_a6_': 1.0, '_a7_': 1.0}};{'d0': 0.024905832919985105};-276.475521885452;56.85930636250602
11390;-94.4489593306785;(_a2_ * (((_a0_ * (x * x)) + (((_a5_ + _a5_) ** x) + _a6_)) * x));{'d0': {'_a0_': 0.021183626435366008, '_a2_': 158.74735746195387, '_a5_': 0.5066793467539252, '_a6_': -0.9888179365843718, '_a1_': 1.0, '_a3_': 1.0, '_a4_': 1.0, '_a7_': 1.0}};{'d0': 0.02490602729828469};-276.475053615529;43.788567477086026
11391;-94.4489593306785;(_a2_ * (((_a0_ * (x * x)) + (((_a5_ + _a5_) ** x) + _a6_)) * x));{'d0': {'_a0_': 0.021183626435366008, '_a2_': 158.74735746195387, '_a5_': 0.5066793467539252, '_a6_': -0.9888179365843718, '_a1_': 1.0, '_a3_': 1.0, '_a4_': 1.0, '_a7_': 1.0}};{'d0': 0.02490602729828469};-276.475053615529;43.788567477086026
11392;-94.4489593306785;(_a2_ * (((_a0_ * (x * x)) + (((_a5_ + _a5_) ** x) + _a6_)) * x));{'d0': {'_a0_': 0.021183626435366008, '_a2_': 158.74735746195387, '_a5_': 0.5066793467539252, '_a6_': -0.9888179365843718, '_a1_': 1.0, '_a3_': 1.0, '_a4_': 1.0, '_a7_': 1.0}};{'d0': 0.02490602729828469};-276.475053615529;43.788567477086026
11393;-94.4489593306785;(_a2_ * (((_a0_ * (x * x)) + (((_a5_ + _a5_) ** x) + _a6_)) * x));{'d0': {'_a0_': 0.021183626435366008, '_a2_': 158.74735746195387, '_a5_': 0.5066793467539252, '_a6_': -0.9888179365843718, '_a1_': 1.0, '_a3_': 1.0, '_a4_': 1.0, '_a7_': 1.0}};{'d0': 0.02490602729828469};-276.475053615529;43.788567477086026
11394;-94.4489593306785;(_a2_ * (((_a0_ * (x * x)) + (((_a5_ + _a5_) ** x) + _a6_)) * x));{'d0': {'_a0_': 0.021183626435366008, '_a2_': 158.74735746195387, '_a5_': 0.5066793467539252, '_a6_': -0.9888179365843718, '_a1_': 1.0, '_a3_': 1.0, '_a4_': 1.0, '_a7_': 1.0}};{'d0': 0.02490602729828469};-276.475053615529;43.788567477086026
11395;-94.4489593306785;(_a2_ * (((_a0_ * (x * x)) + (((_a5_ + _a5_) ** x) + _a6_)) * x));{'d0': {'_a0_': 0.021183626435366008, '_a2_': 158.74735746195387, '_a5_': 0.5066793467539252, '_a6_': -0.9888179365843718, '_a1_': 1.0, '_a3_': 1.0, '_a4_': 1.0, '_a7_': 1.0}};{'d0': 0.02490602729828469};-276.475053615529;43.788567477086026
11396;-94.4489593306785;(_a2_ * (((_a0_ * (x * x)) + (((_a5_ + _a5_) ** x) + _a6_)) * x));{'d0': {'_a0_': 0.021183626435366008, '_a2_': 158.74735746195387, '_a5_': 0.5066793467539252, '_a6_': -0.9888179365843718, '_a1_': 1.0, '_a3_': 1.0, '_a4_': 1.0, '_a7_': 1.0}};{'d0': 0.02490602729828469};-276.475053615529;43.788567477086026
11397;-94.4489593306785;(_a2_ * (((_a0_ * (x * x)) + (((_a5_ + _a5_) ** x) + _a6_)) * x));{'d0': {'_a0_': 0.021183626435366008, '_a2_': 158.74735746195387, '_a5_': 0.5066793467539252, '_a6_': -0.9888179365843718, '_a1_': 1.0, '_a3_': 1.0, '_a4_': 1.0, '_a7_': 1.0}};{'d0': 0.02490602729828469};-276.475053615529;43.788567477086026
11398;-94.4489593306785;(_a2_ * (((_a0_ * (x * x)) + (((_a5_ + _a5_) ** x) + _a6_)) * x));{'d0': {'_a0_': 0.021183626435366008, '_a2_': 158.74735746195387, '_a5_': 0.5066793467539252, '_a6_': -0.9888179365843718, '_a1_': 1.0, '_a3_': 1.0, '_a4_': 1.0, '_a7_': 1.0}};{'d0': 0.02490602729828469};-276.475053615529;43.788567477086026
11399;-94.4489593306785;(_a2_ * (((_a0_ * (x * x)) + (((_a5_ + _a5_) ** x) + _a6_)) * x));{'d0': {'_a0_': 0.021183626435366008, '_a2_': 158.74735746195387, '_a5_': 0.5066793467539252, '_a6_': -0.9888179365843718, '_a1_': 1.0, '_a3_': 1.0, '_a4_': 1.0, '_a7_': 1.0}};{'d0': 0.02490602729828469};-276.475053615529;43.788567477086026
11400;-94.4489593306785;(_a2_ * (((_a0_ * (x * x)) + (((_a5_ + _a5_) ** x) + _a6_)) * x));{'d0': {'_a0_': 0.021183626435366008, '_a2_': 158.74735746195387, '_a5_': 0.5066793467539252, '_a6_': -0.9888179365843718, '_a1_': 1.0, '_a3_': 1.0, '_a4_': 1.0, '_a7_': 1.0}};{'d0': 0.02490602729828469};-276.475053615529;43.788567477086026
11401;-94.4489593306785;(_a2_ * (((_a0_ * (x * x)) + (((_a5_ + _a5_) ** x) + _a6_)) * x));{'d0': {'_a0_': 0.021183626435366008, '_a2_': 158.74735746195387, '_a5_': 0.5066793467539252, '_a6_': -0.9888179365843718, '_a1_': 1.0, '_a3_': 1.0, '_a4_': 1.0, '_a7_': 1.0}};{'d0': 0.02490602729828469};-276.475053615529;43.788567477086026
11402;-94.4489593306785;(_a2_ * (((_a0_ * (x * x)) + (((_a5_ + _a5_) ** x) + _a6_)) * x));{'d0': {'_a0_': 0.021183626435366008, '_a2_': 158.74735746195387, '_a5_': 0.5066793467539252, '_a6_': -0.9888179365843718, '_a1_': 1.0, '_a3_': 1.0, '_a4_': 1.0, '_a7_': 1.0}};{'d0': 0.02490602729828469};-276.475053615529;43.788567477086026
11403;-95.3478029590392;(_a2_ * (((_a0_ * (x * x)) + (((_a5_ * _a5_) ** x) + _a6_)) * x));{'d0': {'_a0_': -0.023754104510011444, '_a2_': -142.81218932668742, '_a5_': 0.9926516528603765, '_a6_': -1.012429754043687, '_a1_': 1.0, '_a3_': 1.0, '_a4_': 1.0, '_a7_': 1.0}};{'d0': 0.02490607728381036};-276.474933197748;42.88966363983503
11404;-95.3478029590392;(_a2_ * (((_a0_ * (x * x)) + (((_a5_ * _a5_) ** x) + _a6_)) * x));{'d0': {'_a0_': -0.023754104510011444, '_a2_': -142.81218932668742, '_a5_': 0.9926516528603765, '_a6_': -1.012429754043687, '_a1_': 1.0, '_a3_': 1.0, '_a4_': 1.0, '_a7_': 1.0}};{'d0': 0.02490607728381036};-276.474933197748;42.88966363983503
11405;-95.3478029590392;(_a2_ * (((_a0_ * (x * x)) + (((_a5_ * _a5_) ** x) + _a6_)) * x));{'d0': {'_a0_': -0.023754104510011444, '_a2_': -142.81218932668742, '_a5_': 0.9926516528603765, '_a6_': -1.012429754043687, '_a1_': 1.0, '_a3_': 1.0, '_a4_': 1.0, '_a7_': 1.0}};{'d0': 0.02490607728381036};-276.474933197748;42.88966363983503
11406;-95.3478029590392;(_a2_ * (((_a0_ * (x * x)) + (((_a5_ * _a5_) ** x) + _a6_)) * x));{'d0': {'_a0_': -0.023754104510011444, '_a2_': -142.81218932668742, '_a5_': 0.9926516528603765, '_a6_': -1.012429754043687, '_a1_': 1.0, '_a3_': 1.0, '_a4_': 1.0, '_a7_': 1.0}};{'d0': 0.02490607728381036};-276.474933197748;42.88966363983503
11407;-95.3478029590392;(_a2_ * (((_a0_ * (x * x)) + (((_a5_ * _a5_) ** x) + _a6_)) * x));{'d0': {'_a0_': -0.023754104510011444, '_a2_': -142.81218932668742, '_a5_': 0.9926516528603765, '_a6_': -1.012429754043687, '_a1_': 1.0, '_a3_': 1.0, '_a4_': 1.0, '_a7_': 1.0}};{'d0': 0.02490607728381036};-276.474933197748;42.88966363983503
11408;-95.3478029590392;(_a2_ * (((_a0_ * (x * x)) + (((_a5_ * _a5_) ** x) + _a6_)) * x));{'d0': {'_a0_': -0.023754104510011444, '_a2_': -142.81218932668742, '_a5_': 0.9926516528603765, '_a6_': -1.012429754043687, '_a1_': 1.0, '_a3_': 1.0, '_a4_': 1.0, '_a7_': 1.0}};{'d0': 0.02490607728381036};-276.474933197748;42.88966363983503
11409;-89.7123203682343;(_a2_ * (((_a0_ * (x * x)) + (((_a5_ * _a5_) ** exp(x)) + _a6_)) * x));{'d0': {'_a0_': -0.4274842287432585, '_a2_': -6.716510807197729, '_a5_': 0.7603026667135218, '_a6_': -0.8432957979313888, '_a1_': 1.0, '_a3_': 1.0, '_a4_': 1.0, '_a7_': 1.0}};{'d0': 0.02513075319834682};-275.936104285458;48.255731774495025
11410;-89.7123203682343;(_a2_ * (((_a0_ * (x * x)) + (((_a5_ * _a5_) ** exp(x)) + _a6_)) * x));{'d0': {'_a0_': -0.4274842287432585, '_a2_': -6.716510807197729, '_a5_': 0.7603026667135218, '_a6_': -0.8432957979313888, '_a1_': 1.0, '_a3_': 1.0, '_a4_': 1.0, '_a7_': 1.0}};{'d0': 0.02513075319834682};-275.936104285458;48.255731774495025
11411;-89.7123203682343;(_a2_ * (((_a0_ * (x * x)) + (((_a5_ * _a5_) ** exp(x)) + _a6_)) * x));{'d0': {'_a0_': -0.4274842287432585, '_a2_': -6.716510807197729, '_a5_': 0.7603026667135218, '_a6_': -0.8432957979313888, '_a1_': 1.0, '_a3_': 1.0, '_a4_': 1.0, '_a7_': 1.0}};{'d0': 0.02513075319834682};-275.936104285458;48.255731774495025
11412;-89.7123203682343;(_a2_ * (((_a0_ * (x * x)) + (((_a5_ * _a5_) ** exp(x)) + _a6_)) * x));{'d0': {'_a0_': -0.4274842287432585, '_a2_': -6.716510807197729, '_a5_': 0.7603026667135218, '_a6_': -0.8432957979313888, '_a1_': 1.0, '_a3_': 1.0, '_a4_': 1.0, '_a7_': 1.0}};{'d0': 0.02513075319834682};-275.936104285458;48.255731774495025
11413;-89.7123203682343;(_a2_ * (((_a0_ * (x * x)) + (((_a5_ * _a5_) ** exp(x)) + _a6_)) * x));{'d0': {'_a0_': -0.4274842287432585, '_a2_': -6.716510807197729, '_a5_': 0.7603026667135218, '_a6_': -0.8432957979313888, '_a1_': 1.0, '_a3_': 1.0, '_a4_': 1.0, '_a7_': 1.0}};{'d0': 0.02513075319834682};-275.936104285458;48.255731774495025
11414;-89.7123203682343;(_a2_ * (((_a0_ * (x * x)) + (((_a5_ * _a5_) ** exp(x)) + _a6_)) * x));{'d0': {'_a0_': -0.4274842287432585, '_a2_': -6.716510807197729, '_a5_': 0.7603026667135218, '_a6_': -0.8432957979313888, '_a1_': 1.0, '_a3_': 1.0, '_a4_': 1.0, '_a7_': 1.0}};{'d0': 0.02513075319834682};-275.936104285458;48.255731774495025
11415;-89.7123203682343;(_a2_ * (((_a0_ * (x * x)) + (((_a5_ * _a5_) ** exp(x)) + _a6_)) * x));{'d0': {'_a0_': -0.4274842287432585, '_a2_': -6.716510807197729, '_a5_': 0.7603026667135218, '_a6_': -0.8432957979313888, '_a1_': 1.0, '_a3_': 1.0, '_a4_': 1.0, '_a7_': 1.0}};{'d0': 0.02513075319834682};-275.936104285458;48.255731774495025
11416;-89.7123203682343;(_a2_ * (((_a0_ * (x * x)) + (((_a5_ * _a5_) ** exp(x)) + _a6_)) * x));{'d0': {'_a0_': -0.4274842287432585, '_a2_': -6.716510807197729, '_a5_': 0.7603026667135218, '_a6_': -0.8432957979313888, '_a1_': 1.0, '_a3_': 1.0, '_a4_': 1.0, '_a7_': 1.0}};{'d0': 0.02513075319834682};-275.936104285458;48.255731774495025
11417;-89.7123203682343;(_a2_ * (((_a0_ * (x * x)) + (((_a5_ * _a5_) ** exp(x)) + _a6_)) * x));{'d0': {'_a0_': -0.4274842287432585, '_a2_': -6.716510807197729, '_a5_': 0.7603026667135218, '_a6_': -0.8432957979313888, '_a1_': 1.0, '_a3_': 1.0, '_a4_': 1.0, '_a7_': 1.0}};{'d0': 0.02513075319834682};-275.936104285458;48.255731774495025
11418;-94.7340175800758;(_a2_ * (((_a0_ * (x * x)) + ((_a5_ ** exp(x)) + _a6_)) * x));{'d0': {'_a0_': -0.4274858443150684, '_a2_': -6.7164902183435, '_a5_': 0.5780579007619392, '_a6_': -0.8432944194911312, '_a1_': 1.0, '_a3_': 1.0, '_a4_': 1.0, '_a7_': 1.0}};{'d0': 0.025130753198294498};-275.936104285583;43.234034562716026
11419;-94.7340175800758;(_a2_ * (((_a0_ * (x * x)) + ((_a5_ ** exp(x)) + _a6_)) * x));{'d0': {'_a0_': -0.4274858443150684, '_a2_': -6.7164902183435, '_a5_': 0.5780579007619392, '_a6_': -0.8432944194911312, '_a1_': 1.0, '_a3_': 1.0, '_a4_': 1.0, '_a7_': 1.0}};{'d0': 0.025130753198294498};-275.936104285583;43.234034562716026
11420;-94.7340175800758;(_a2_ * (((_a0_ * (x * x)) + ((_a5_ ** exp(x)) + _a6_)) * x));{'d0': {'_a0_': -0.4274858443150684, '_a2_': -6.7164902183435, '_a5_': 0.5780579007619392, '_a6_': -0.8432944194911312, '_a1_': 1.0, '_a3_': 1.0, '_a4_': 1.0, '_a7_': 1.0}};{'d0': 0.025130753198294498};-275.936104285583;43.234034562716026
11421;-94.7340175800840;(_a2_ * (((_a0_ * (x * x)) + ((_a5_ ** exp(x)) + _a4_)) * x));{'d0': {'_a0_': -0.4274855067998935, '_a2_': -6.716494520956038, '_a4_': -0.843294707460871, '_a5_': 0.5780583695937026, '_a1_': 1.0, '_a3_': 1.0, '_a6_': 1.0, '_a7_': 1.0}};{'d0': 0.025130753198287604};-275.936104285600;43.234034562716026
11422;-94.7340175800840;(_a2_ * (((_a0_ * (x * x)) + ((_a5_ ** exp(x)) + _a4_)) * x));{'d0': {'_a0_': -0.4274855067998935, '_a2_': -6.716494520956038, '_a4_': -0.843294707460871, '_a5_': 0.5780583695937026, '_a1_': 1.0, '_a3_': 1.0, '_a6_': 1.0, '_a7_': 1.0}};{'d0': 0.025130753198287604};-275.936104285600;43.234034562716026
11423;-94.7340175800840;(_a2_ * (((_a0_ * (x * x)) + ((_a5_ ** exp(x)) + _a4_)) * x));{'d0': {'_a0_': -0.4274855067998935, '_a2_': -6.716494520956038, '_a4_': -0.843294707460871, '_a5_': 0.5780583695937026, '_a1_': 1.0, '_a3_': 1.0, '_a6_': 1.0, '_a7_': 1.0}};{'d0': 0.025130753198287604};-275.936104285600;43.234034562716026
11424;-94.7340175800840;(_a2_ * (((_a0_ * (x * x)) + ((_a5_ ** exp(x)) + _a4_)) * x));{'d0': {'_a0_': -0.4274855067998935, '_a2_': -6.716494520956038, '_a4_': -0.843294707460871, '_a5_': 0.5780583695937026, '_a1_': 1.0, '_a3_': 1.0, '_a6_': 1.0, '_a7_': 1.0}};{'d0': 0.025130753198287604};-275.936104285600;43.234034562716026
11425;-94.7340175800840;(_a2_ * (((_a0_ * (x * x)) + ((_a5_ ** exp(x)) + _a4_)) * x));{'d0': {'_a0_': -0.4274855067998935, '_a2_': -6.716494520956038, '_a4_': -0.843294707460871, '_a5_': 0.5780583695937026, '_a1_': 1.0, '_a3_': 1.0, '_a6_': 1.0, '_a7_': 1.0}};{'d0': 0.025130753198287604};-275.936104285600;43.234034562716026
11426;-94.7340175800840;(_a2_ * (((_a0_ * (x * x)) + ((_a5_ ** exp(x)) + _a4_)) * x));{'d0': {'_a0_': -0.4274855067998935, '_a2_': -6.716494520956038, '_a4_': -0.843294707460871, '_a5_': 0.5780583695937026, '_a1_': 1.0, '_a3_': 1.0, '_a6_': 1.0, '_a7_': 1.0}};{'d0': 0.025130753198287604};-275.936104285600;43.234034562716026
11427;-105.382580669956;(x * (_a2_ * ((((_a0_ * _a3_) + x) * x) + pow2(_a3_))));{'d0': {'_a0_': -0.8604410963823879, '_a2_': 3.376760878941181, '_a3_': -0.7250460470095628, '_a1_': 1.0, '_a4_': 1.0, '_a5_': 1.0, '_a6_': 1.0, '_a7_': 1.0}};{'d0': 0.02490583291941663};-280.569866449044;34.90235255456591
11428;-105.382580669956;(x * (_a2_ * ((((_a0_ * _a3_) + x) * x) + pow2(_a3_))));{'d0': {'_a0_': -0.8604410963823879, '_a2_': 3.376760878941181, '_a3_': -0.7250460470095628, '_a1_': 1.0, '_a4_': 1.0, '_a5_': 1.0, '_a6_': 1.0, '_a7_': 1.0}};{'d0': 0.02490583291941663};-280.569866449044;34.90235255456591
11429;-105.382580669956;(x * (_a2_ * ((((_a0_ * _a3_) + x) * x) + pow2(_a3_))));{'d0': {'_a0_': -0.8604410963823879, '_a2_': 3.376760878941181, '_a3_': -0.7250460470095628, '_a1_': 1.0, '_a4_': 1.0, '_a5_': 1.0, '_a6_': 1.0, '_a7_': 1.0}};{'d0': 0.02490583291941663};-280.569866449044;34.90235255456591
11430;-109.080515142566;(x * (_a2_ * ((((_a0_ * _a3_) + x) * x) + _a0_)));{'d0': {'_a0_': 0.5256917705076267, '_a2_': 3.3767608776067237, '_a3_': 1.186739931147288, '_a1_': 1.0, '_a4_': 1.0, '_a5_': 1.0, '_a6_': 1.0, '_a7_': 1.0}};{'d0': 0.02490583291941657};-280.569866449044;31.204418081955907
11431;-109.080515142566;(x * (_a2_ * ((((_a0_ * _a3_) + x) * x) + _a0_)));{'d0': {'_a0_': 0.5256917705076267, '_a2_': 3.3767608776067237, '_a3_': 1.186739931147288, '_a1_': 1.0, '_a4_': 1.0, '_a5_': 1.0, '_a6_': 1.0, '_a7_': 1.0}};{'d0': 0.02490583291941657};-280.569866449044;31.204418081955907
11432;-109.080515142566;(x * (_a2_ * ((((_a0_ * _a3_) + x) * x) + _a0_)));{'d0': {'_a0_': 0.5256917705076267, '_a2_': 3.3767608776067237, '_a3_': 1.186739931147288, '_a1_': 1.0, '_a4_': 1.0, '_a5_': 1.0, '_a6_': 1.0, '_a7_': 1.0}};{'d0': 0.02490583291941657};-280.569866449044;31.204418081955907
11433;-109.080515142566;(x * (_a2_ * ((((_a0_ * _a3_) + x) * x) + _a0_)));{'d0': {'_a0_': 0.5256917705076267, '_a2_': 3.3767608776067237, '_a3_': 1.186739931147288, '_a1_': 1.0, '_a4_': 1.0, '_a5_': 1.0, '_a6_': 1.0, '_a7_': 1.0}};{'d0': 0.02490583291941657};-280.569866449044;31.204418081955907
11434;-109.080515142566;(x * (_a2_ * ((((_a0_ * _a3_) + x) * x) + _a0_)));{'d0': {'_a0_': 0.5256917705076267, '_a2_': 3.3767608776067237, '_a3_': 1.186739931147288, '_a1_': 1.0, '_a4_': 1.0, '_a5_': 1.0, '_a6_': 1.0, '_a7_': 1.0}};{'d0': 0.02490583291941657};-280.569866449044;31.204418081955907
11435;-109.080515142566;(x * (_a2_ * ((((_a0_ * _a3_) + x) * x) + _a0_)));{'d0': {'_a0_': 0.5256917705076267, '_a2_': 3.3767608776067237, '_a3_': 1.186739931147288, '_a1_': 1.0, '_a4_': 1.0, '_a5_': 1.0, '_a6_': 1.0, '_a7_': 1.0}};{'d0': 0.02490583291941657};-280.569866449044;31.204418081955907
11436;-109.080515142566;(x * (_a2_ * ((((_a0_ * _a3_) + x) * x) + _a0_)));{'d0': {'_a0_': 0.5256917705076267, '_a2_': 3.3767608776067237, '_a3_': 1.186739931147288, '_a1_': 1.0, '_a4_': 1.0, '_a5_': 1.0, '_a6_': 1.0, '_a7_': 1.0}};{'d0': 0.02490583291941657};-280.569866449044;31.204418081955907
11437;-109.080515142566;(x * (_a2_ * ((((_a0_ * _a3_) + x) * x) + _a0_)));{'d0': {'_a0_': 0.5256917705076267, '_a2_': 3.3767608776067237, '_a3_': 1.186739931147288, '_a1_': 1.0, '_a4_': 1.0, '_a5_': 1.0, '_a6_': 1.0, '_a7_': 1.0}};{'d0': 0.02490583291941657};-280.569866449044;31.204418081955907
11438;-109.080515142566;(x * (_a2_ * ((((_a0_ * _a3_) + x) * x) + _a0_)));{'d0': {'_a0_': 0.5256917705076267, '_a2_': 3.3767608776067237, '_a3_': 1.186739931147288, '_a1_': 1.0, '_a4_': 1.0, '_a5_': 1.0, '_a6_': 1.0, '_a7_': 1.0}};{'d0': 0.02490583291941657};-280.569866449044;31.204418081955907
11439;-109.080515142566;(x * (_a2_ * ((((_a0_ * _a3_) + x) * x) + _a0_)));{'d0': {'_a0_': 0.5256917705076267, '_a2_': 3.3767608776067237, '_a3_': 1.186739931147288, '_a1_': 1.0, '_a4_': 1.0, '_a5_': 1.0, '_a6_': 1.0, '_a7_': 1.0}};{'d0': 0.02490583291941657};-280.569866449044;31.204418081955907
11440;-103.353395699113;(x * (_a2_ * ((((_a0_ * _a3_) + x) * x) + -(_a4_))));{'d0': {'_a0_': 1.1221540549078408, '_a2_': 3.3767608776375755, '_a3_': 0.5559479833101227, '_a4_': -0.5256917705166125, '_a1_': 1.0, '_a5_': 1.0, '_a6_': 1.0, '_a7_': 1.0}};{'d0': 0.02490583292114461};-276.475521882659;34.8843652422163
11441;-103.353395699113;(x * (_a2_ * ((((_a0_ * _a3_) + x) * x) + -(_a4_))));{'d0': {'_a0_': 1.1221540549078408, '_a2_': 3.3767608776375755, '_a3_': 0.5559479833101227, '_a4_': -0.5256917705166125, '_a1_': 1.0, '_a5_': 1.0, '_a6_': 1.0, '_a7_': 1.0}};{'d0': 0.02490583292114461};-276.475521882659;34.8843652422163
11442;-105.010044897242;(x * (_a2_ * (((sqrt(_a3_) + x) * x) + -(_a4_))));{'d0': {'_a2_': 3.376760878177768, '_a3_': 0.3892005702871006, '_a4_': -0.5256917703585571, '_a0_': 1.0, '_a1_': 1.0, '_a5_': 1.0, '_a6_': 1.0, '_a7_': 1.0}};{'d0': 0.02490583291941666};-280.569866449044;35.2748883272793
11443;-105.010044897242;(x * (_a2_ * (((sqrt(_a3_) + x) * x) + -(_a4_))));{'d0': {'_a2_': 3.376760878177768, '_a3_': 0.3892005702871006, '_a4_': -0.5256917703585571, '_a0_': 1.0, '_a1_': 1.0, '_a5_': 1.0, '_a6_': 1.0, '_a7_': 1.0}};{'d0': 0.02490583291941666};-280.569866449044;35.2748883272793
11444;-105.010044897242;(x * (_a2_ * (((sqrt(_a3_) + x) * x) + -(_a4_))));{'d0': {'_a2_': 3.376760878177768, '_a3_': 0.3892005702871006, '_a4_': -0.5256917703585571, '_a0_': 1.0, '_a1_': 1.0, '_a5_': 1.0, '_a6_': 1.0, '_a7_': 1.0}};{'d0': 0.02490583291941666};-280.569866449044;35.2748883272793
11445;-105.010044897242;(x * (_a2_ * (((sqrt(_a3_) + x) * x) + -(_a4_))));{'d0': {'_a2_': 3.376760878177768, '_a3_': 0.3892005702871006, '_a4_': -0.5256917703585571, '_a0_': 1.0, '_a1_': 1.0, '_a5_': 1.0, '_a6_': 1.0, '_a7_': 1.0}};{'d0': 0.02490583291941666};-280.569866449044;35.2748883272793
11446;-105.010044897242;(x * (_a2_ * (((sqrt(_a3_) + x) * x) + -(_a4_))));{'d0': {'_a2_': 3.376760878177768, '_a3_': 0.3892005702871006, '_a4_': -0.5256917703585571, '_a0_': 1.0, '_a1_': 1.0, '_a5_': 1.0, '_a6_': 1.0, '_a7_': 1.0}};{'d0': 0.02490583291941666};-280.569866449044;35.2748883272793
11447;-105.010044897242;(x * (_a2_ * (((sqrt(_a3_) + x) * x) + -(_a4_))));{'d0': {'_a2_': 3.376760878177768, '_a3_': 0.3892005702871006, '_a4_': -0.5256917703585571, '_a0_': 1.0, '_a1_': 1.0, '_a5_': 1.0, '_a6_': 1.0, '_a7_': 1.0}};{'d0': 0.02490583291941666};-280.569866449044;35.2748883272793
11448;-105.010044897242;(x * (_a2_ * (((sqrt(_a3_) + x) * x) + -(_a4_))));{'d0': {'_a2_': 3.376760878177768, '_a3_': 0.3892005702871006, '_a4_': -0.5256917703585571, '_a0_': 1.0, '_a1_': 1.0, '_a5_': 1.0, '_a6_': 1.0, '_a7_': 1.0}};{'d0': 0.02490583291941666};-280.569866449044;35.2748883272793
11449;-105.010044897242;(x * (_a2_ * (((sqrt(_a3_) + x) * x) + -(_a4_))));{'d0': {'_a2_': 3.376760878177768, '_a3_': 0.3892005702871006, '_a4_': -0.5256917703585571, '_a0_': 1.0, '_a1_': 1.0, '_a5_': 1.0, '_a6_': 1.0, '_a7_': 1.0}};{'d0': 0.02490583291941666};-280.569866449044;35.2748883272793
11450;-105.010044897242;(x * (_a2_ * (((sqrt(_a3_) + x) * x) + -(_a4_))));{'d0': {'_a2_': 3.376760878177768, '_a3_': 0.3892005702871006, '_a4_': -0.5256917703585571, '_a0_': 1.0, '_a1_': 1.0, '_a5_': 1.0, '_a6_': 1.0, '_a7_': 1.0}};{'d0': 0.02490583291941666};-280.569866449044;35.2748883272793
11451;-105.010044897242;(x * (_a2_ * (((sqrt(_a3_) + x) * x) + -(_a4_))));{'d0': {'_a2_': 3.376760878177768, '_a3_': 0.3892005702871006, '_a4_': -0.5256917703585571, '_a0_': 1.0, '_a1_': 1.0, '_a5_': 1.0, '_a6_': 1.0, '_a7_': 1.0}};{'d0': 0.02490583291941666};-280.569866449044;35.2748883272793
11452;-105.010044897242;(x * (_a2_ * (((sqrt(_a3_) + x) * x) + -(_a4_))));{'d0': {'_a2_': 3.376760878177768, '_a3_': 0.3892005702871006, '_a4_': -0.5256917703585571, '_a0_': 1.0, '_a1_': 1.0, '_a5_': 1.0, '_a6_': 1.0, '_a7_': 1.0}};{'d0': 0.02490583291941666};-280.569866449044;35.2748883272793
11453;-105.010044897242;(x * (_a2_ * (((sqrt(_a3_) + x) * x) + -(_a4_))));{'d0': {'_a2_': 3.376760878177768, '_a3_': 0.3892005702871006, '_a4_': -0.5256917703585571, '_a0_': 1.0, '_a1_': 1.0, '_a5_': 1.0, '_a6_': 1.0, '_a7_': 1.0}};{'d0': 0.02490583291941666};-280.569866449044;35.2748883272793
11454;-105.010044897242;(x * (_a2_ * (((sqrt(_a3_) + x) * x) + -(_a4_))));{'d0': {'_a2_': 3.376760878177768, '_a3_': 0.3892005702871006, '_a4_': -0.5256917703585571, '_a0_': 1.0, '_a1_': 1.0, '_a5_': 1.0, '_a6_': 1.0, '_a7_': 1.0}};{'d0': 0.02490583291941666};-280.569866449044;35.2748883272793
11455;-105.010044897242;(x * (_a2_ * (((sqrt(_a3_) + x) * x) + -(_a4_))));{'d0': {'_a2_': 3.376760878177768, '_a3_': 0.3892005702871006, '_a4_': -0.5256917703585571, '_a0_': 1.0, '_a1_': 1.0, '_a5_': 1.0, '_a6_': 1.0, '_a7_': 1.0}};{'d0': 0.02490583291941666};-280.569866449044;35.2748883272793
11456;-105.010044897242;(x * (_a2_ * (((sqrt(_a3_) + x) * x) + -(_a4_))));{'d0': {'_a2_': 3.376760878177768, '_a3_': 0.3892005702871006, '_a4_': -0.5256917703585571, '_a0_': 1.0, '_a1_': 1.0, '_a5_': 1.0, '_a6_': 1.0, '_a7_': 1.0}};{'d0': 0.02490583291941666};-280.569866449044;35.2748883272793
11457;-105.010044897242;(x * (_a2_ * (((sqrt(_a3_) + x) * x) + -(_a4_))));{'d0': {'_a2_': 3.376760878177768, '_a3_': 0.3892005702871006, '_a4_': -0.5256917703585571, '_a0_': 1.0, '_a1_': 1.0, '_a5_': 1.0, '_a6_': 1.0, '_a7_': 1.0}};{'d0': 0.02490583291941666};-280.569866449044;35.2748883272793
11458;-105.010044897242;(x * (_a2_ * (((sqrt(_a3_) + x) * x) + -(_a4_))));{'d0': {'_a2_': 3.376760878177768, '_a3_': 0.3892005702871006, '_a4_': -0.5256917703585571, '_a0_': 1.0, '_a1_': 1.0, '_a5_': 1.0, '_a6_': 1.0, '_a7_': 1.0}};{'d0': 0.02490583291941666};-280.569866449044;35.2748883272793
11459;-105.010044897242;(x * (_a2_ * (((sqrt(_a3_) + x) * x) + -(_a4_))));{'d0': {'_a2_': 3.376760878177768, '_a3_': 0.3892005702871006, '_a4_': -0.5256917703585571, '_a0_': 1.0, '_a1_': 1.0, '_a5_': 1.0, '_a6_': 1.0, '_a7_': 1.0}};{'d0': 0.02490583291941666};-280.569866449044;35.2748883272793
11460;-95.7640451483159;(((pow2((_a5_ + x)) * _a3_) + (_a3_ * _a1_)) * (x * pow2((_a1_ + _a3_))));{'d0': {'_a1_': 0.4283916283226834, '_a3_': 1.2291118552789932, '_a5_': 0.31192970780147006, '_a0_': 1.0, '_a2_': 1.0, '_a4_': 1.0, '_a6_': 1.0, '_a7_': 1.0}};{'d0': 0.024905832919416598};-280.569866449044;44.52088807620596
11461;-95.7640451483159;(((pow2((_a5_ + x)) * _a3_) + (_a3_ * _a1_)) * (x * pow2((_a1_ + _a3_))));{'d0': {'_a1_': 0.4283916283226834, '_a3_': 1.2291118552789932, '_a5_': 0.31192970780147006, '_a0_': 1.0, '_a2_': 1.0, '_a4_': 1.0, '_a6_': 1.0, '_a7_': 1.0}};{'d0': 0.024905832919416598};-280.569866449044;44.52088807620596
11462;-95.7640451483159;(((pow2((_a5_ + x)) * _a3_) + (_a3_ * _a1_)) * (x * pow2((_a1_ + _a3_))));{'d0': {'_a1_': 0.4283916283226834, '_a3_': 1.2291118552789932, '_a5_': 0.31192970780147006, '_a0_': 1.0, '_a2_': 1.0, '_a4_': 1.0, '_a6_': 1.0, '_a7_': 1.0}};{'d0': 0.024905832919416598};-280.569866449044;44.52088807620596
11463;-95.9575267488049;(((pow2((_a5_ + x)) * _a3_) + (_a3_ * _a1_)) * (x * pow2(-(_a6_))));{'d0': {'_a1_': 0.4283916277767969, '_a3_': -2.0186162359835076, '_a5_': 0.3119297077115004, '_a6_': 1.2933712900225747, '_a0_': 1.0, '_a2_': 1.0, '_a4_': 1.0, '_a7_': 1.0}};{'d0': 0.024905832925368698};-276.475521872483;42.28023418743635
11464;-95.9575267488049;(((pow2((_a5_ + x)) * _a3_) + (_a3_ * _a1_)) * (x * pow2(-(_a6_))));{'d0': {'_a1_': 0.4283916277767969, '_a3_': -2.0186162359835076, '_a5_': 0.3119297077115004, '_a6_': 1.2933712900225747, '_a0_': 1.0, '_a2_': 1.0, '_a4_': 1.0, '_a7_': 1.0}};{'d0': 0.024905832925368698};-276.475521872483;42.28023418743635
11465;-95.9575267488049;(((pow2((_a5_ + x)) * _a3_) + (_a3_ * _a1_)) * (x * pow2(-(_a6_))));{'d0': {'_a1_': 0.4283916277767969, '_a3_': -2.0186162359835076, '_a5_': 0.3119297077115004, '_a6_': 1.2933712900225747, '_a0_': 1.0, '_a2_': 1.0, '_a4_': 1.0, '_a7_': 1.0}};{'d0': 0.024905832925368698};-276.475521872483;42.28023418743635
11466;-95.9575267488049;(((pow2((_a5_ + x)) * _a3_) + (_a3_ * _a1_)) * (x * pow2(-(_a6_))));{'d0': {'_a1_': 0.4283916277767969, '_a3_': -2.0186162359835076, '_a5_': 0.3119297077115004, '_a6_': 1.2933712900225747, '_a0_': 1.0, '_a2_': 1.0, '_a4_': 1.0, '_a7_': 1.0}};{'d0': 0.024905832925368698};-276.475521872483;42.28023418743635
11467;-95.9575267488049;(((pow2((_a5_ + x)) * _a3_) + (_a3_ * _a1_)) * (x * pow2(-(_a6_))));{'d0': {'_a1_': 0.4283916277767969, '_a3_': -2.0186162359835076, '_a5_': 0.3119297077115004, '_a6_': 1.2933712900225747, '_a0_': 1.0, '_a2_': 1.0, '_a4_': 1.0, '_a7_': 1.0}};{'d0': 0.024905832925368698};-276.475521872483;42.28023418743635
11468;-95.8843544309435;(((pow2((_a5_ + x)) * _a3_) + (_a3_ * _a1_)) * (x * pow2((_a3_ / _a5_))));{'d0': {'_a1_': 0.4283916277953511, '_a3_': 0.690035225348585, '_a5_': 0.31192970776548684, '_a0_': 1.0, '_a2_': 1.0, '_a4_': 1.0, '_a6_': 1.0, '_a7_': 1.0}};{'d0': 0.02490583291941657};-280.569866449044;44.40057879357836
11469;-95.8843544309435;(((pow2((_a5_ + x)) * _a3_) + (_a3_ * _a1_)) * (x * pow2((_a3_ / _a5_))));{'d0': {'_a1_': 0.4283916277953511, '_a3_': 0.690035225348585, '_a5_': 0.31192970776548684, '_a0_': 1.0, '_a2_': 1.0, '_a4_': 1.0, '_a6_': 1.0, '_a7_': 1.0}};{'d0': 0.02490583291941657};-280.569866449044;44.40057879357836
11470;-95.8843544309435;(((pow2((_a5_ + x)) * _a3_) + (_a3_ * _a1_)) * (x * pow2((_a3_ / _a5_))));{'d0': {'_a1_': 0.4283916277953511, '_a3_': 0.690035225348585, '_a5_': 0.31192970776548684, '_a0_': 1.0, '_a2_': 1.0, '_a4_': 1.0, '_a6_': 1.0, '_a7_': 1.0}};{'d0': 0.02490583291941657};-280.569866449044;44.40057879357836
11471;-95.8843544309435;(((pow2((_a5_ + x)) * _a3_) + (_a3_ * _a1_)) * (x * pow2((_a3_ / _a5_))));{'d0': {'_a1_': 0.4283916277953511, '_a3_': 0.690035225348585, '_a5_': 0.31192970776548684, '_a0_': 1.0, '_a2_': 1.0, '_a4_': 1.0, '_a6_': 1.0, '_a7_': 1.0}};{'d0': 0.02490583291941657};-280.569866449044;44.40057879357836
11472;-95.8843544309435;(((pow2((_a5_ + x)) * _a3_) + (_a3_ * _a1_)) * (x * pow2((_a3_ / _a5_))));{'d0': {'_a1_': 0.4283916277953511, '_a3_': 0.690035225348585, '_a5_': 0.31192970776548684, '_a0_': 1.0, '_a2_': 1.0, '_a4_': 1.0, '_a6_': 1.0, '_a7_': 1.0}};{'d0': 0.02490583291941657};-280.569866449044;44.40057879357836
11473;-95.8843544309435;(((pow2((_a5_ + x)) * _a3_) + (_a3_ * _a1_)) * (x * pow2((_a3_ / _a5_))));{'d0': {'_a1_': 0.4283916277953511, '_a3_': 0.690035225348585, '_a5_': 0.31192970776548684, '_a0_': 1.0, '_a2_': 1.0, '_a4_': 1.0, '_a6_': 1.0, '_a7_': 1.0}};{'d0': 0.02490583291941657};-280.569866449044;44.40057879357836
11474;-95.8843544309435;(((pow2((_a5_ + x)) * _a3_) + (_a3_ * _a1_)) * (x * pow2((_a3_ / _a5_))));{'d0': {'_a1_': 0.4283916277953511, '_a3_': 0.690035225348585, '_a5_': 0.31192970776548684, '_a0_': 1.0, '_a2_': 1.0, '_a4_': 1.0, '_a6_': 1.0, '_a7_': 1.0}};{'d0': 0.02490583291941657};-280.569866449044;44.40057879357836
11475;-95.7640451483158;(((pow2((_a5_ + x)) * _a3_) + (_a3_ * _a1_)) * (x * pow2((_a3_ + _a5_))));{'d0': {'_a1_': 0.4283916280536181, '_a3_': 1.2998450762461136, '_a5_': 0.3119297078068377, '_a0_': 1.0, '_a2_': 1.0, '_a4_': 1.0, '_a6_': 1.0, '_a7_': 1.0}};{'d0': 0.024905832919416615};-280.569866449044;44.520888076205964
11476;-95.7640451483158;(((pow2((_a5_ + x)) * _a3_) + (_a3_ * _a1_)) * (x * pow2((_a3_ + _a5_))));{'d0': {'_a1_': 0.4283916280536181, '_a3_': 1.2998450762461136, '_a5_': 0.3119297078068377, '_a0_': 1.0, '_a2_': 1.0, '_a4_': 1.0, '_a6_': 1.0, '_a7_': 1.0}};{'d0': 0.024905832919416615};-280.569866449044;44.520888076205964
11477;-95.7640451483158;(((pow2((_a5_ + x)) * _a3_) + (_a3_ * _a1_)) * (x * pow2((_a3_ + _a5_))));{'d0': {'_a1_': 0.4283916280536181, '_a3_': 1.2998450762461136, '_a5_': 0.3119297078068377, '_a0_': 1.0, '_a2_': 1.0, '_a4_': 1.0, '_a6_': 1.0, '_a7_': 1.0}};{'d0': 0.024905832919416615};-280.569866449044;44.520888076205964
11478;-95.7640451483158;(((pow2((_a5_ + x)) * _a3_) + (_a3_ * _a1_)) * (x * pow2((_a3_ + _a5_))));{'d0': {'_a1_': 0.4283916280536181, '_a3_': 1.2998450762461136, '_a5_': 0.3119297078068377, '_a0_': 1.0, '_a2_': 1.0, '_a4_': 1.0, '_a6_': 1.0, '_a7_': 1.0}};{'d0': 0.024905832919416615};-280.569866449044;44.520888076205964
11479;-95.7640451483158;(((pow2((_a5_ + x)) * _a3_) + (_a3_ * _a1_)) * (x * pow2((_a3_ + _a5_))));{'d0': {'_a1_': 0.4283916280536181, '_a3_': 1.2998450762461136, '_a5_': 0.3119297078068377, '_a0_': 1.0, '_a2_': 1.0, '_a4_': 1.0, '_a6_': 1.0, '_a7_': 1.0}};{'d0': 0.024905832919416615};-280.569866449044;44.520888076205964
11480;-95.7640451483158;(((pow2((_a3_ + x)) * _a3_) + (_a3_ * _a1_)) * (x * pow2((_a3_ + _a5_))));{'d0': {'_a1_': 0.42839162746262915, '_a3_': 0.3119297077817036, '_a5_': 2.978266403459, '_a0_': 1.0, '_a2_': 1.0, '_a4_': 1.0, '_a6_': 1.0, '_a7_': 1.0}};{'d0': 0.024905832919416608};-280.569866449044;44.520888076205964
11481;-95.7640451483158;(((pow2((_a3_ + x)) * _a3_) + (_a3_ * _a1_)) * (x * pow2((_a3_ + _a5_))));{'d0': {'_a1_': 0.42839162746262915, '_a3_': 0.3119297077817036, '_a5_': 2.978266403459, '_a0_': 1.0, '_a2_': 1.0, '_a4_': 1.0, '_a6_': 1.0, '_a7_': 1.0}};{'d0': 0.024905832919416608};-280.569866449044;44.520888076205964
11482;-95.7640451483158;(((pow2((_a3_ + x)) * _a3_) + (_a3_ * _a1_)) * (x * pow2((_a3_ + _a5_))));{'d0': {'_a1_': 0.42839162746262915, '_a3_': 0.3119297077817036, '_a5_': 2.978266403459, '_a0_': 1.0, '_a2_': 1.0, '_a4_': 1.0, '_a6_': 1.0, '_a7_': 1.0}};{'d0': 0.024905832919416608};-280.569866449044;44.520888076205964
11483;-95.7640451483158;(((pow2((_a3_ + x)) * _a3_) + (_a3_ * _a1_)) * (x * pow2((_a3_ + _a5_))));{'d0': {'_a1_': 0.42839162746262915, '_a3_': 0.3119297077817036, '_a5_': 2.978266403459, '_a0_': 1.0, '_a2_': 1.0, '_a4_': 1.0, '_a6_': 1.0, '_a7_': 1.0}};{'d0': 0.024905832919416608};-280.569866449044;44.520888076205964
11484;-93.7168728671468;(((pow2((_a3_ + x)) * _a3_) + (_a2_ * _a1_)) * (x * pow2((_a3_ + _a5_))));{'d0': {'_a1_': 0.4055298158594446, '_a2_': 0.3295147848026383, '_a3_': 0.31192970768544154, '_a5_': 2.9782664036128597, '_a0_': 1.0, '_a4_': 1.0, '_a6_': 1.0, '_a7_': 1.0}};{'d0': 0.024905832919464743};-276.475521886706;44.520888076205964
11485;-93.7168728671468;(((pow2((_a3_ + x)) * _a3_) + (_a2_ * _a1_)) * (x * pow2((_a3_ + _a5_))));{'d0': {'_a1_': 0.4055298158594446, '_a2_': 0.3295147848026383, '_a3_': 0.31192970768544154, '_a5_': 2.9782664036128597, '_a0_': 1.0, '_a4_': 1.0, '_a6_': 1.0, '_a7_': 1.0}};{'d0': 0.024905832919464743};-276.475521886706;44.520888076205964
11486;-93.7168728671468;(((pow2((_a3_ + x)) * _a3_) + (_a2_ * _a1_)) * (x * pow2((_a3_ + _a5_))));{'d0': {'_a1_': 0.4055298158594446, '_a2_': 0.3295147848026383, '_a3_': 0.31192970768544154, '_a5_': 2.9782664036128597, '_a0_': 1.0, '_a4_': 1.0, '_a6_': 1.0, '_a7_': 1.0}};{'d0': 0.024905832919464743};-276.475521886706;44.520888076205964
11487;-93.7168728671468;(((pow2((_a3_ + x)) * _a3_) + (_a2_ * _a1_)) * (x * pow2((_a3_ + _a5_))));{'d0': {'_a1_': 0.4055298158594446, '_a2_': 0.3295147848026383, '_a3_': 0.31192970768544154, '_a5_': 2.9782664036128597, '_a0_': 1.0, '_a4_': 1.0, '_a6_': 1.0, '_a7_': 1.0}};{'d0': 0.024905832919464743};-276.475521886706;44.520888076205964
11488;-93.7168728671468;(((pow2((_a3_ + x)) * _a3_) + (_a2_ * _a1_)) * (x * pow2((_a3_ + _a5_))));{'d0': {'_a1_': 0.4055298158594446, '_a2_': 0.3295147848026383, '_a3_': 0.31192970768544154, '_a5_': 2.9782664036128597, '_a0_': 1.0, '_a4_': 1.0, '_a6_': 1.0, '_a7_': 1.0}};{'d0': 0.024905832919464743};-276.475521886706;44.520888076205964
11489;-99.6374739157471;(((pow2((_a3_ + x)) * _a3_) + (_a2_ * _a1_)) * (x * pow2(_a7_)));{'d0': {'_a1_': 0.34089716665688863, '_a2_': 0.3919893547809886, '_a3_': 0.3119297078624571, '_a7_': 3.2901961095653025, '_a0_': 1.0, '_a4_': 1.0, '_a5_': 1.0, '_a6_': 1.0}};{'d0': 0.02490583291982145};-276.475521885846;38.600287027175966
11490;-99.6374739157471;(((pow2((_a3_ + x)) * _a3_) + (_a2_ * _a1_)) * (x * pow2(_a7_)));{'d0': {'_a1_': 0.34089716665688863, '_a2_': 0.3919893547809886, '_a3_': 0.3119297078624571, '_a7_': 3.2901961095653025, '_a0_': 1.0, '_a4_': 1.0, '_a5_': 1.0, '_a6_': 1.0}};{'d0': 0.02490583291982145};-276.475521885846;38.600287027175966
11491;-99.6374739157471;(((pow2((_a3_ + x)) * _a3_) + (_a2_ * _a1_)) * (x * pow2(_a7_)));{'d0': {'_a1_': 0.34089716665688863, '_a2_': 0.3919893547809886, '_a3_': 0.3119297078624571, '_a7_': 3.2901961095653025, '_a0_': 1.0, '_a4_': 1.0, '_a5_': 1.0, '_a6_': 1.0}};{'d0': 0.02490583291982145};-276.475521885846;38.600287027175966
11492;-99.6374739157471;(((pow2((_a3_ + x)) * _a3_) + (_a2_ * _a1_)) * (x * pow2(_a7_)));{'d0': {'_a1_': 0.34089716665688863, '_a2_': 0.3919893547809886, '_a3_': 0.3119297078624571, '_a7_': 3.2901961095653025, '_a0_': 1.0, '_a4_': 1.0, '_a5_': 1.0, '_a6_': 1.0}};{'d0': 0.02490583291982145};-276.475521885846;38.600287027175966
11493;-99.6374739157471;(((pow2((_a3_ + x)) * _a3_) + (_a2_ * _a1_)) * (x * pow2(_a7_)));{'d0': {'_a1_': 0.34089716665688863, '_a2_': 0.3919893547809886, '_a3_': 0.3119297078624571, '_a7_': 3.2901961095653025, '_a0_': 1.0, '_a4_': 1.0, '_a5_': 1.0, '_a6_': 1.0}};{'d0': 0.02490583291982145};-276.475521885846;38.600287027175966
11494;-99.6374739157471;(((pow2((_a3_ + x)) * _a3_) + (_a2_ * _a1_)) * (x * pow2(_a7_)));{'d0': {'_a1_': 0.34089716665688863, '_a2_': 0.3919893547809886, '_a3_': 0.3119297078624571, '_a7_': 3.2901961095653025, '_a0_': 1.0, '_a4_': 1.0, '_a5_': 1.0, '_a6_': 1.0}};{'d0': 0.02490583291982145};-276.475521885846;38.600287027175966
11495;-99.6374739157471;(((pow2((_a3_ + x)) * _a3_) + (_a2_ * _a1_)) * (x * pow2(_a7_)));{'d0': {'_a1_': 0.34089716665688863, '_a2_': 0.3919893547809886, '_a3_': 0.3119297078624571, '_a7_': 3.2901961095653025, '_a0_': 1.0, '_a4_': 1.0, '_a5_': 1.0, '_a6_': 1.0}};{'d0': 0.02490583291982145};-276.475521885846;38.600287027175966
11496;-99.6374739157471;(((pow2((_a3_ + x)) * _a3_) + (_a2_ * _a1_)) * (x * pow2(_a7_)));{'d0': {'_a1_': 0.34089716665688863, '_a2_': 0.3919893547809886, '_a3_': 0.3119297078624571, '_a7_': 3.2901961095653025, '_a0_': 1.0, '_a4_': 1.0, '_a5_': 1.0, '_a6_': 1.0}};{'d0': 0.02490583291982145};-276.475521885846;38.600287027175966
11497;-99.6374739157471;(((pow2((_a3_ + x)) * _a3_) + (_a2_ * _a1_)) * (x * pow2(_a7_)));{'d0': {'_a1_': 0.34089716665688863, '_a2_': 0.3919893547809886, '_a3_': 0.3119297078624571, '_a7_': 3.2901961095653025, '_a0_': 1.0, '_a4_': 1.0, '_a5_': 1.0, '_a6_': 1.0}};{'d0': 0.02490583291982145};-276.475521885846;38.600287027175966
11498;-99.6374739157471;(((pow2((_a3_ + x)) * _a3_) + (_a2_ * _a1_)) * (x * pow2(_a7_)));{'d0': {'_a1_': 0.34089716665688863, '_a2_': 0.3919893547809886, '_a3_': 0.3119297078624571, '_a7_': 3.2901961095653025, '_a0_': 1.0, '_a4_': 1.0, '_a5_': 1.0, '_a6_': 1.0}};{'d0': 0.02490583291982145};-276.475521885846;38.600287027175966
11499;-99.6374739157471;(((pow2((_a3_ + x)) * _a3_) + (_a2_ * _a1_)) * (x * pow2(_a7_)));{'d0': {'_a1_': 0.34089716665688863, '_a2_': 0.3919893547809886, '_a3_': 0.3119297078624571, '_a7_': 3.2901961095653025, '_a0_': 1.0, '_a4_': 1.0, '_a5_': 1.0, '_a6_': 1.0}};{'d0': 0.02490583291982145};-276.475521885846;38.600287027175966
11500;-99.6374739157471;(((pow2((_a3_ + x)) * _a3_) + (_a2_ * _a1_)) * (x * pow2(_a7_)));{'d0': {'_a1_': 0.34089716665688863, '_a2_': 0.3919893547809886, '_a3_': 0.3119297078624571, '_a7_': 3.2901961095653025, '_a0_': 1.0, '_a4_': 1.0, '_a5_': 1.0, '_a6_': 1.0}};{'d0': 0.02490583291982145};-276.475521885846;38.600287027175966
11501;-99.6374739157471;(((pow2((_a3_ + x)) * _a3_) + (_a2_ * _a1_)) * (x * pow2(_a7_)));{'d0': {'_a1_': 0.34089716665688863, '_a2_': 0.3919893547809886, '_a3_': 0.3119297078624571, '_a7_': 3.2901961095653025, '_a0_': 1.0, '_a4_': 1.0, '_a5_': 1.0, '_a6_': 1.0}};{'d0': 0.02490583291982145};-276.475521885846;38.600287027175966
11502;-78.4277879702076;(_a2_ * (((_a6_ * (_a3_ * x)) + ((_a5_ ** exp(x)) + ((_a3_ / _a4_) + _a5_))) * x));{'d0': {'_a2_': -44.56824701828324, '_a3_': -2.9903602504621243, '_a4_': 2.3669052247351807, '_a5_': 0.6117049828717159, '_a6_': -0.08393351886725584, '_a0_': 1.0, '_a1_': 1.0, '_a7_': 1.0}};{'d0': 0.02734948796063201};-266.765430696712;54.95492737814842
11503;-78.4277879702076;(_a2_ * (((_a6_ * (_a3_ * x)) + ((_a5_ ** exp(x)) + ((_a3_ / _a4_) + _a5_))) * x));{'d0': {'_a2_': -44.56824701828324, '_a3_': -2.9903602504621243, '_a4_': 2.3669052247351807, '_a5_': 0.6117049828717159, '_a6_': -0.08393351886725584, '_a0_': 1.0, '_a1_': 1.0, '_a7_': 1.0}};{'d0': 0.02734948796063201};-266.765430696712;54.95492737814842
11504;-78.4277879702076;(_a2_ * (((_a6_ * (_a3_ * x)) + ((_a5_ ** exp(x)) + ((_a3_ / _a4_) + _a5_))) * x));{'d0': {'_a2_': -44.56824701828324, '_a3_': -2.9903602504621243, '_a4_': 2.3669052247351807, '_a5_': 0.6117049828717159, '_a6_': -0.08393351886725584, '_a0_': 1.0, '_a1_': 1.0, '_a7_': 1.0}};{'d0': 0.02734948796063201};-266.765430696712;54.95492737814842
11505;-78.4277879702076;(_a2_ * (((_a6_ * (_a3_ * x)) + ((_a5_ ** exp(x)) + ((_a3_ / _a4_) + _a5_))) * x));{'d0': {'_a2_': -44.56824701828324, '_a3_': -2.9903602504621243, '_a4_': 2.3669052247351807, '_a5_': 0.6117049828717159, '_a6_': -0.08393351886725584, '_a0_': 1.0, '_a1_': 1.0, '_a7_': 1.0}};{'d0': 0.02734948796063201};-266.765430696712;54.95492737814842
11506;-78.4277879702076;(_a2_ * (((_a6_ * (_a3_ * x)) + ((_a5_ ** exp(x)) + ((_a3_ / _a4_) + _a5_))) * x));{'d0': {'_a2_': -44.56824701828324, '_a3_': -2.9903602504621243, '_a4_': 2.3669052247351807, '_a5_': 0.6117049828717159, '_a6_': -0.08393351886725584, '_a0_': 1.0, '_a1_': 1.0, '_a7_': 1.0}};{'d0': 0.02734948796063201};-266.765430696712;54.95492737814842
11507;-99.6374739157471;(((pow2((_a3_ + x)) * _a3_) + (_a2_ * _a1_)) * (x * pow2(_a7_)));{'d0': {'_a1_': 0.34089716665688863, '_a2_': 0.3919893547809886, '_a3_': 0.3119297078624571, '_a7_': 3.2901961095653025, '_a0_': 1.0, '_a4_': 1.0, '_a5_': 1.0, '_a6_': 1.0}};{'d0': 0.02490583291982145};-276.475521885846;38.600287027175966
11508;-99.6374739157471;(((pow2((_a3_ + x)) * _a3_) + (_a2_ * _a1_)) * (x * pow2(_a7_)));{'d0': {'_a1_': 0.34089716665688863, '_a2_': 0.3919893547809886, '_a3_': 0.3119297078624571, '_a7_': 3.2901961095653025, '_a0_': 1.0, '_a4_': 1.0, '_a5_': 1.0, '_a6_': 1.0}};{'d0': 0.02490583291982145};-276.475521885846;38.600287027175966
11509;-99.6374739157471;(((pow2((_a3_ + x)) * _a3_) + (_a2_ * _a1_)) * (x * pow2(_a7_)));{'d0': {'_a1_': 0.34089716665688863, '_a2_': 0.3919893547809886, '_a3_': 0.3119297078624571, '_a7_': 3.2901961095653025, '_a0_': 1.0, '_a4_': 1.0, '_a5_': 1.0, '_a6_': 1.0}};{'d0': 0.02490583291982145};-276.475521885846;38.600287027175966
11510;-99.6374739157471;(((pow2((_a3_ + x)) * _a3_) + (_a2_ * _a1_)) * (x * pow2(_a7_)));{'d0': {'_a1_': 0.34089716665688863, '_a2_': 0.3919893547809886, '_a3_': 0.3119297078624571, '_a7_': 3.2901961095653025, '_a0_': 1.0, '_a4_': 1.0, '_a5_': 1.0, '_a6_': 1.0}};{'d0': 0.02490583291982145};-276.475521885846;38.600287027175966
11511;-99.6374739157471;(((pow2((_a3_ + x)) * _a3_) + (_a2_ * _a1_)) * (x * pow2(_a7_)));{'d0': {'_a1_': 0.34089716665688863, '_a2_': 0.3919893547809886, '_a3_': 0.3119297078624571, '_a7_': 3.2901961095653025, '_a0_': 1.0, '_a4_': 1.0, '_a5_': 1.0, '_a6_': 1.0}};{'d0': 0.02490583291982145};-276.475521885846;38.600287027175966
11512;-99.6374739157471;(((pow2((_a3_ + x)) * _a3_) + (_a2_ * _a1_)) * (x * pow2(_a7_)));{'d0': {'_a1_': 0.34089716665688863, '_a2_': 0.3919893547809886, '_a3_': 0.3119297078624571, '_a7_': 3.2901961095653025, '_a0_': 1.0, '_a4_': 1.0, '_a5_': 1.0, '_a6_': 1.0}};{'d0': 0.02490583291982145};-276.475521885846;38.600287027175966
11513;-99.6374739157471;(((pow2((_a3_ + x)) * _a3_) + (_a2_ * _a1_)) * (x * pow2(_a7_)));{'d0': {'_a1_': 0.34089716665688863, '_a2_': 0.3919893547809886, '_a3_': 0.3119297078624571, '_a7_': 3.2901961095653025, '_a0_': 1.0, '_a4_': 1.0, '_a5_': 1.0, '_a6_': 1.0}};{'d0': 0.02490583291982145};-276.475521885846;38.600287027175966
11514;-99.6374739157471;(((pow2((_a3_ + x)) * _a3_) + (_a2_ * _a1_)) * (x * pow2(_a7_)));{'d0': {'_a1_': 0.34089716665688863, '_a2_': 0.3919893547809886, '_a3_': 0.3119297078624571, '_a7_': 3.2901961095653025, '_a0_': 1.0, '_a4_': 1.0, '_a5_': 1.0, '_a6_': 1.0}};{'d0': 0.02490583291982145};-276.475521885846;38.600287027175966
11515;-99.6374739157471;(((pow2((_a3_ + x)) * _a3_) + (_a2_ * _a1_)) * (x * pow2(_a7_)));{'d0': {'_a1_': 0.34089716665688863, '_a2_': 0.3919893547809886, '_a3_': 0.3119297078624571, '_a7_': 3.2901961095653025, '_a0_': 1.0, '_a4_': 1.0, '_a5_': 1.0, '_a6_': 1.0}};{'d0': 0.02490583291982145};-276.475521885846;38.600287027175966
11516;-99.6374739157471;(((pow2((_a3_ + x)) * _a3_) + (_a2_ * _a1_)) * (x * pow2(_a7_)));{'d0': {'_a1_': 0.34089716665688863, '_a2_': 0.3919893547809886, '_a3_': 0.3119297078624571, '_a7_': 3.2901961095653025, '_a0_': 1.0, '_a4_': 1.0, '_a5_': 1.0, '_a6_': 1.0}};{'d0': 0.02490583291982145};-276.475521885846;38.600287027175966
11517;-99.6374739157471;(((pow2((_a3_ + x)) * _a3_) + (_a2_ * _a1_)) * (x * pow2(_a7_)));{'d0': {'_a1_': 0.34089716665688863, '_a2_': 0.3919893547809886, '_a3_': 0.3119297078624571, '_a7_': 3.2901961095653025, '_a0_': 1.0, '_a4_': 1.0, '_a5_': 1.0, '_a6_': 1.0}};{'d0': 0.02490583291982145};-276.475521885846;38.600287027175966
11518;-99.6374739157471;(((pow2((_a3_ + x)) * _a3_) + (_a2_ * _a1_)) * (x * pow2(_a7_)));{'d0': {'_a1_': 0.34089716665688863, '_a2_': 0.3919893547809886, '_a3_': 0.3119297078624571, '_a7_': 3.2901961095653025, '_a0_': 1.0, '_a4_': 1.0, '_a5_': 1.0, '_a6_': 1.0}};{'d0': 0.02490583291982145};-276.475521885846;38.600287027175966
11519;-105.382580669956;(((pow2((_a3_ + x)) * _a3_) + (_a2_ * _a1_)) * (x * _a2_));{'d0': {'_a1_': 0.012343949756289729, '_a2_': 10.825390430426564, '_a3_': 0.31192970801298747, '_a0_': 1.0, '_a4_': 1.0, '_a5_': 1.0, '_a6_': 1.0, '_a7_': 1.0}};{'d0': 0.024905832919416643};-280.569866449044;34.902352554565965
11520;-98.8045093812606;((_a5_ + pow2((_a1_ + x))) * ((_a4_ / -(_a5_)) * (x * _a2_)));{'d0': {'_a1_': 0.31192970797845776, '_a2_': 0.7030036758430591, '_a4_': -2.0577072157590424, '_a5_': 0.42839162895824784, '_a0_': 1.0, '_a3_': 1.0, '_a6_': 1.0, '_a7_': 1.0}};{'d0': 0.024905832924711845};-276.475521874065;39.43325155577184
11521;-98.8045093812606;((_a5_ + pow2((_a1_ + x))) * ((_a4_ / -(_a5_)) * (x * _a2_)));{'d0': {'_a1_': 0.31192970797845776, '_a2_': 0.7030036758430591, '_a4_': -2.0577072157590424, '_a5_': 0.42839162895824784, '_a0_': 1.0, '_a3_': 1.0, '_a6_': 1.0, '_a7_': 1.0}};{'d0': 0.024905832924711845};-276.475521874065;39.43325155577184
11522;-98.8045093812606;((_a5_ + pow2((_a1_ + x))) * ((_a4_ / -(_a5_)) * (x * _a2_)));{'d0': {'_a1_': 0.31192970797845776, '_a2_': 0.7030036758430591, '_a4_': -2.0577072157590424, '_a5_': 0.42839162895824784, '_a0_': 1.0, '_a3_': 1.0, '_a6_': 1.0, '_a7_': 1.0}};{'d0': 0.024905832924711845};-276.475521874065;39.43325155577184
11523;-98.8045093812606;((_a5_ + pow2((_a1_ + x))) * ((_a4_ / -(_a5_)) * (x * _a2_)));{'d0': {'_a1_': 0.31192970797845776, '_a2_': 0.7030036758430591, '_a4_': -2.0577072157590424, '_a5_': 0.42839162895824784, '_a0_': 1.0, '_a3_': 1.0, '_a6_': 1.0, '_a7_': 1.0}};{'d0': 0.024905832924711845};-276.475521874065;39.43325155577184
11524;-98.8045093812606;((_a5_ + pow2((_a1_ + x))) * ((_a4_ / -(_a5_)) * (x * _a2_)));{'d0': {'_a1_': 0.31192970797845776, '_a2_': 0.7030036758430591, '_a4_': -2.0577072157590424, '_a5_': 0.42839162895824784, '_a0_': 1.0, '_a3_': 1.0, '_a6_': 1.0, '_a7_': 1.0}};{'d0': 0.024905832924711845};-276.475521874065;39.43325155577184
11525;-98.8045093812606;((_a5_ + pow2((_a1_ + x))) * ((_a4_ / -(_a5_)) * (x * _a2_)));{'d0': {'_a1_': 0.31192970797845776, '_a2_': 0.7030036758430591, '_a4_': -2.0577072157590424, '_a5_': 0.42839162895824784, '_a0_': 1.0, '_a3_': 1.0, '_a6_': 1.0, '_a7_': 1.0}};{'d0': 0.024905832924711845};-276.475521874065;39.43325155577184
11526;-98.8045093812606;((_a5_ + pow2((_a1_ + x))) * ((_a4_ / -(_a5_)) * (x * _a2_)));{'d0': {'_a1_': 0.31192970797845776, '_a2_': 0.7030036758430591, '_a4_': -2.0577072157590424, '_a5_': 0.42839162895824784, '_a0_': 1.0, '_a3_': 1.0, '_a6_': 1.0, '_a7_': 1.0}};{'d0': 0.024905832924711845};-276.475521874065;39.43325155577184
11527;-98.8045093812606;((_a5_ + pow2((_a1_ + x))) * ((_a4_ / -(_a5_)) * (x * _a2_)));{'d0': {'_a1_': 0.31192970797845776, '_a2_': 0.7030036758430591, '_a4_': -2.0577072157590424, '_a5_': 0.42839162895824784, '_a0_': 1.0, '_a3_': 1.0, '_a6_': 1.0, '_a7_': 1.0}};{'d0': 0.024905832924711845};-276.475521874065;39.43325155577184
11528;-98.6842001026083;((_a5_ + pow2((_a1_ + x))) * ((_a4_ + -(_a5_)) * (x * _a2_)));{'d0': {'_a1_': 0.3119297076890557, '_a2_': 2.2587896859688716, '_a4_': 1.923333982188202, '_a5_': 0.4283916271813889, '_a0_': 1.0, '_a3_': 1.0, '_a6_': 1.0, '_a7_': 1.0}};{'d0': 0.024905832921411592};-276.475521882015;39.55356083839944
11529;-98.6842001026083;((_a5_ + pow2((_a1_ + x))) * ((_a4_ + -(_a5_)) * (x * _a2_)));{'d0': {'_a1_': 0.3119297076890557, '_a2_': 2.2587896859688716, '_a4_': 1.923333982188202, '_a5_': 0.4283916271813889, '_a0_': 1.0, '_a3_': 1.0, '_a6_': 1.0, '_a7_': 1.0}};{'d0': 0.024905832921411592};-276.475521882015;39.55356083839944
11530;-98.6842001026083;((_a5_ + pow2((_a1_ + x))) * ((_a4_ + -(_a5_)) * (x * _a2_)));{'d0': {'_a1_': 0.3119297076890557, '_a2_': 2.2587896859688716, '_a4_': 1.923333982188202, '_a5_': 0.4283916271813889, '_a0_': 1.0, '_a3_': 1.0, '_a6_': 1.0, '_a7_': 1.0}};{'d0': 0.024905832921411592};-276.475521882015;39.55356083839944
11531;-98.6842001026083;((_a5_ + pow2((_a1_ + x))) * ((_a4_ + -(_a5_)) * (x * _a2_)));{'d0': {'_a1_': 0.3119297076890557, '_a2_': 2.2587896859688716, '_a4_': 1.923333982188202, '_a5_': 0.4283916271813889, '_a0_': 1.0, '_a3_': 1.0, '_a6_': 1.0, '_a7_': 1.0}};{'d0': 0.024905832921411592};-276.475521882015;39.55356083839944
11532;-98.6842001026083;((_a5_ + pow2((_a1_ + x))) * ((_a4_ + -(_a5_)) * (x * _a2_)));{'d0': {'_a1_': 0.3119297076890557, '_a2_': 2.2587896859688716, '_a4_': 1.923333982188202, '_a5_': 0.4283916271813889, '_a0_': 1.0, '_a3_': 1.0, '_a6_': 1.0, '_a7_': 1.0}};{'d0': 0.024905832921411592};-276.475521882015;39.55356083839944
11533;-98.6842001026083;((_a5_ + pow2((_a1_ + x))) * ((_a4_ + -(_a5_)) * (x * _a2_)));{'d0': {'_a1_': 0.3119297076890557, '_a2_': 2.2587896859688716, '_a4_': 1.923333982188202, '_a5_': 0.4283916271813889, '_a0_': 1.0, '_a3_': 1.0, '_a6_': 1.0, '_a7_': 1.0}};{'d0': 0.024905832921411592};-276.475521882015;39.55356083839944
11534;-98.6842001026083;((_a5_ + pow2((_a1_ + x))) * ((_a4_ + -(_a5_)) * (x * _a2_)));{'d0': {'_a1_': 0.3119297076890557, '_a2_': 2.2587896859688716, '_a4_': 1.923333982188202, '_a5_': 0.4283916271813889, '_a0_': 1.0, '_a3_': 1.0, '_a6_': 1.0, '_a7_': 1.0}};{'d0': 0.024905832921411592};-276.475521882015;39.55356083839944
11535;-98.6842001026083;((_a5_ + pow2((_a1_ + x))) * ((_a4_ + -(_a5_)) * (x * _a2_)));{'d0': {'_a1_': 0.3119297076890557, '_a2_': 2.2587896859688716, '_a4_': 1.923333982188202, '_a5_': 0.4283916271813889, '_a0_': 1.0, '_a3_': 1.0, '_a6_': 1.0, '_a7_': 1.0}};{'d0': 0.024905832921411592};-276.475521882015;39.55356083839944
11536;-98.6842001026083;((_a5_ + pow2((_a1_ + x))) * ((_a4_ + -(_a5_)) * (x * _a2_)));{'d0': {'_a1_': 0.3119297076890557, '_a2_': 2.2587896859688716, '_a4_': 1.923333982188202, '_a5_': 0.4283916271813889, '_a0_': 1.0, '_a3_': 1.0, '_a6_': 1.0, '_a7_': 1.0}};{'d0': 0.024905832921411592};-276.475521882015;39.55356083839944
11537;-98.6842001026083;((_a5_ + pow2((_a1_ + x))) * ((_a4_ + -(_a5_)) * (x * _a2_)));{'d0': {'_a1_': 0.3119297076890557, '_a2_': 2.2587896859688716, '_a4_': 1.923333982188202, '_a5_': 0.4283916271813889, '_a0_': 1.0, '_a3_': 1.0, '_a6_': 1.0, '_a7_': 1.0}};{'d0': 0.024905832921411592};-276.475521882015;39.55356083839944
11538;-91.6876878925023;((_a5_ + pow2(((_a3_ * _a6_) + x))) * ((_a4_ + -(_a5_)) * (x * _a2_)));{'d0': {'_a2_': 2.0339629221601054, '_a3_': 0.5482549415143257, '_a4_': 2.088579255347921, '_a5_': 0.42839162819502025, '_a6_': 0.5689501073566418, '_a0_': 1.0, '_a1_': 1.0, '_a7_': 1.0}};{'d0': 0.0249058329243488};-272.381177312717;44.502900763856445
11539;-91.6876878925023;((_a5_ + pow2(((_a3_ * _a6_) + x))) * ((_a4_ + -(_a5_)) * (x * _a2_)));{'d0': {'_a2_': 2.0339629221601054, '_a3_': 0.5482549415143257, '_a4_': 2.088579255347921, '_a5_': 0.42839162819502025, '_a6_': 0.5689501073566418, '_a0_': 1.0, '_a1_': 1.0, '_a7_': 1.0}};{'d0': 0.0249058329243488};-272.381177312717;44.502900763856445
11540;-91.6876878925023;((_a5_ + pow2(((_a3_ * _a6_) + x))) * ((_a4_ + -(_a5_)) * (x * _a2_)));{'d0': {'_a2_': 2.0339629221601054, '_a3_': 0.5482549415143257, '_a4_': 2.088579255347921, '_a5_': 0.42839162819502025, '_a6_': 0.5689501073566418, '_a0_': 1.0, '_a1_': 1.0, '_a7_': 1.0}};{'d0': 0.0249058329243488};-272.381177312717;44.502900763856445
11541;-98.6842000948144;((_a5_ + pow2(((_a3_ * _a6_) + x))) * ((_a4_ + -(_a5_)) * x));{'d0': {'_a3_': 0.5639300594986912, '_a4_': 3.80515250639941, '_a5_': 0.42839162775123574, '_a6_': 0.5531350700978059, '_a0_': 1.0, '_a1_': 1.0, '_a2_': 1.0, '_a7_': 1.0}};{'d0': 0.024905832927882017};-276.475521866428;39.55356083839945
11542;-98.6842000948144;((_a5_ + pow2(((_a3_ * _a6_) + x))) * ((_a4_ + -(_a5_)) * x));{'d0': {'_a3_': 0.5639300594986912, '_a4_': 3.80515250639941, '_a5_': 0.42839162775123574, '_a6_': 0.5531350700978059, '_a0_': 1.0, '_a1_': 1.0, '_a2_': 1.0, '_a7_': 1.0}};{'d0': 0.024905832927882017};-276.475521866428;39.55356083839945
11543;-98.6842000948144;((_a5_ + pow2(((_a3_ * _a6_) + x))) * ((_a4_ + -(_a5_)) * x));{'d0': {'_a3_': 0.5639300594986912, '_a4_': 3.80515250639941, '_a5_': 0.42839162775123574, '_a6_': 0.5531350700978059, '_a0_': 1.0, '_a1_': 1.0, '_a2_': 1.0, '_a7_': 1.0}};{'d0': 0.024905832927882017};-276.475521866428;39.55356083839945
11544;-99.6554612278120;((_a5_ + pow2(((_a3_ * _a6_) + x))) * ((_a4_ * -(_a5_)) * x));{'d0': {'_a3_': 0.5583625389132513, '_a4_': -7.882415650186599, '_a5_': 0.42839162836613864, '_a6_': 0.5586507456565956, '_a0_': 1.0, '_a1_': 1.0, '_a2_': 1.0, '_a7_': 1.0}};{'d0': 0.024905832920057786};-276.475521885277;38.58229971482645
11545;-87.9165810997155;(_a6_ * (x * (pow2(((_a4_ / _a3_) + ((_a0_ * (_a4_ * pow2(_a4_))) + x))) + _a0_)));{'d0': {'_a0_': 0.4283916291316926, '_a3_': 3.2656037649229113, '_a4_': 0.6443616794078756, '_a6_': 3.376760872304702, '_a1_': 1.0, '_a2_': 1.0, '_a5_': 1.0, '_a7_': 1.0}};{'d0': 0.024905832920319032};-276.475521884648;50.321179842608416
11546;-87.9165810997155;(_a6_ * (x * (pow2(((_a4_ / _a3_) + ((_a0_ * (_a4_ * pow2(_a4_))) + x))) + _a0_)));{'d0': {'_a0_': 0.4283916291316926, '_a3_': 3.2656037649229113, '_a4_': 0.6443616794078756, '_a6_': 3.376760872304702, '_a1_': 1.0, '_a2_': 1.0, '_a5_': 1.0, '_a7_': 1.0}};{'d0': 0.024905832920319032};-276.475521884648;50.321179842608416
11547;-87.9165810997155;(_a6_ * (x * (pow2(((_a4_ / _a3_) + ((_a0_ * (_a4_ * pow2(_a4_))) + x))) + _a0_)));{'d0': {'_a0_': 0.4283916291316926, '_a3_': 3.2656037649229113, '_a4_': 0.6443616794078756, '_a6_': 3.376760872304702, '_a1_': 1.0, '_a2_': 1.0, '_a5_': 1.0, '_a7_': 1.0}};{'d0': 0.024905832920319032};-276.475521884648;50.321179842608416
11548;-87.9165810997155;(_a6_ * (x * (pow2(((_a4_ / _a3_) + ((_a0_ * (_a4_ * pow2(_a4_))) + x))) + _a0_)));{'d0': {'_a0_': 0.4283916291316926, '_a3_': 3.2656037649229113, '_a4_': 0.6443616794078756, '_a6_': 3.376760872304702, '_a1_': 1.0, '_a2_': 1.0, '_a5_': 1.0, '_a7_': 1.0}};{'d0': 0.024905832920319032};-276.475521884648;50.321179842608416
11549;-95.7640451483158;(_a6_ * (x * (pow2((_a0_ + ((_a0_ * (_a4_ * pow2(_a4_))) + x))) + _a0_)));{'d0': {'_a0_': 0.4283916273139319, '_a4_': -0.647810013224665, '_a6_': 3.3767608803091034, '_a1_': 1.0, '_a2_': 1.0, '_a3_': 1.0, '_a5_': 1.0, '_a7_': 1.0}};{'d0': 0.024905832919416677};-280.569866449043;44.52088807620601
11550;-95.7640451483158;(_a6_ * (x * (pow2((_a0_ + ((_a0_ * (_a4_ * pow2(_a4_))) + x))) + _a0_)));{'d0': {'_a0_': 0.4283916273139319, '_a4_': -0.647810013224665, '_a6_': 3.3767608803091034, '_a1_': 1.0, '_a2_': 1.0, '_a3_': 1.0, '_a5_': 1.0, '_a7_': 1.0}};{'d0': 0.024905832919416677};-280.569866449043;44.52088807620601
11551;-95.7640451483158;(_a6_ * (x * (pow2((_a0_ + ((_a0_ * (_a4_ * pow2(_a4_))) + x))) + _a0_)));{'d0': {'_a0_': 0.4283916273139319, '_a4_': -0.647810013224665, '_a6_': 3.3767608803091034, '_a1_': 1.0, '_a2_': 1.0, '_a3_': 1.0, '_a5_': 1.0, '_a7_': 1.0}};{'d0': 0.024905832919416677};-280.569866449043;44.52088807620601
11552;-90.0369257066671;(_a6_ * (x * (pow2((_a0_ + ((_a0_ * (-(_a3_) * pow2(_a4_))) + x))) + _a0_)));{'d0': {'_a0_': 0.4283916284545252, '_a3_': 0.5373073907608884, '_a4_': -0.7113117997340752, '_a6_': 3.376760875071799, '_a1_': 1.0, '_a2_': 1.0, '_a5_': 1.0, '_a7_': 1.0}};{'d0': 0.024905832919646886};-276.475521886267;48.2008352364664
11553;-90.0369257066671;(_a6_ * (x * (pow2((_a0_ + ((_a0_ * (-(_a3_) * pow2(_a4_))) + x))) + _a0_)));{'d0': {'_a0_': 0.4283916284545252, '_a3_': 0.5373073907608884, '_a4_': -0.7113117997340752, '_a6_': 3.376760875071799, '_a1_': 1.0, '_a2_': 1.0, '_a5_': 1.0, '_a7_': 1.0}};{'d0': 0.024905832919646886};-276.475521886267;48.2008352364664
11554;-90.0369257066671;(_a6_ * (x * (pow2((_a0_ + ((_a0_ * (-(_a3_) * pow2(_a4_))) + x))) + _a0_)));{'d0': {'_a0_': 0.4283916284545252, '_a3_': 0.5373073907608884, '_a4_': -0.7113117997340752, '_a6_': 3.376760875071799, '_a1_': 1.0, '_a2_': 1.0, '_a5_': 1.0, '_a7_': 1.0}};{'d0': 0.024905832919646886};-276.475521886267;48.2008352364664
11555;-90.0369257066671;(_a6_ * (x * (pow2((_a0_ + ((_a0_ * (-(_a3_) * pow2(_a4_))) + x))) + _a0_)));{'d0': {'_a0_': 0.4283916284545252, '_a3_': 0.5373073907608884, '_a4_': -0.7113117997340752, '_a6_': 3.376760875071799, '_a1_': 1.0, '_a2_': 1.0, '_a5_': 1.0, '_a7_': 1.0}};{'d0': 0.024905832919646886};-276.475521886267;48.2008352364664
11556;-84.2366339277202;(_a6_ * (x * (pow2((_a0_ + ((_a0_ * (-((_a0_ / _a1_)) * pow2(_a4_))) + x))) + _a0_)));{'d0': {'_a0_': 0.4283916277716388, '_a1_': 0.8548593731194679, '_a4_': -0.7365441530656156, '_a6_': 3.3767608781128944, '_a2_': 1.0, '_a3_': 1.0, '_a5_': 1.0, '_a7_': 1.0}};{'d0': 0.024905832930061246};-276.475521861178;54.001127002868806
11557;-84.2366339385580;(_a6_ * (x * (pow2((_a0_ + ((_a0_ * (-((_a0_ / _a1_)) * pow2(_a4_))) + x))) + _a1_)));{'d0': {'_a0_': 0.5807170353631123, '_a1_': 0.42839162762298216, '_a4_': -0.584332971119517, '_a6_': 3.376760879431768, '_a2_': 1.0, '_a3_': 1.0, '_a5_': 1.0, '_a7_': 1.0}};{'d0': 0.02490583292106376};-276.475521882853;54.001127002868806
11558;-86.2838062216531;(_a0_ * (x * (pow2((_a0_ + ((_a0_ * (-((_a0_ / _a1_)) * pow2(_a4_))) + x))) + _a1_)));{'d0': {'_a0_': 3.376760880508931, '_a1_': 0.4283916273187212, '_a4_': -0.33933093776694884, '_a2_': 1.0, '_a3_': 1.0, '_a5_': 1.0, '_a6_': 1.0, '_a7_': 1.0}};{'d0': 0.02490583291941666};-280.569866449044;54.001127002868806
11559;-86.2838062216531;(_a0_ * (x * (pow2((_a0_ + ((_a0_ * (-((_a0_ / _a1_)) * pow2(_a4_))) + x))) + _a1_)));{'d0': {'_a0_': 3.376760880508931, '_a1_': 0.4283916273187212, '_a4_': -0.33933093776694884, '_a2_': 1.0, '_a3_': 1.0, '_a5_': 1.0, '_a6_': 1.0, '_a7_': 1.0}};{'d0': 0.02490583291941666};-280.569866449044;54.001127002868806
11560;-86.2838062216531;(_a0_ * (x * (pow2((_a0_ + ((_a0_ * (-((_a0_ / _a1_)) * pow2(_a4_))) + x))) + _a1_)));{'d0': {'_a0_': 3.376760880508931, '_a1_': 0.4283916273187212, '_a4_': -0.33933093776694884, '_a2_': 1.0, '_a3_': 1.0, '_a5_': 1.0, '_a6_': 1.0, '_a7_': 1.0}};{'d0': 0.02490583291941666};-280.569866449044;54.001127002868806
11561;-86.2838062216531;(_a0_ * (x * (pow2((_a0_ + ((_a0_ * (-((_a0_ / _a1_)) * pow2(_a4_))) + x))) + _a1_)));{'d0': {'_a0_': 3.376760880508931, '_a1_': 0.4283916273187212, '_a4_': -0.33933093776694884, '_a2_': 1.0, '_a3_': 1.0, '_a5_': 1.0, '_a6_': 1.0, '_a7_': 1.0}};{'d0': 0.02490583291941666};-280.569866449044;54.001127002868806
11562;-86.2838062216531;(_a0_ * (x * (pow2((_a0_ + ((_a0_ * (-((_a0_ / _a1_)) * pow2(_a4_))) + x))) + _a1_)));{'d0': {'_a0_': 3.376760880508931, '_a1_': 0.4283916273187212, '_a4_': -0.33933093776694884, '_a2_': 1.0, '_a3_': 1.0, '_a5_': 1.0, '_a6_': 1.0, '_a7_': 1.0}};{'d0': 0.02490583291941666};-280.569866449044;54.001127002868806
11563;-92.0840979880555;(_a0_ * (x * (pow2((_a0_ + ((_a0_ * (-(_a0_) * pow2(_a4_))) + x))) + _a1_)));{'d0': {'_a0_': 3.3767608783035756, '_a1_': 0.42839162778358714, '_a4_': -0.5184453341866668, '_a2_': 1.0, '_a3_': 1.0, '_a5_': 1.0, '_a6_': 1.0, '_a7_': 1.0}};{'d0': 0.024905832919416657};-280.569866449044;48.2008352364664
11564;-92.0840979880555;(_a0_ * (x * (pow2((_a0_ + ((_a0_ * (-(_a0_) * pow2(_a4_))) + x))) + _a1_)));{'d0': {'_a0_': 3.3767608783035756, '_a1_': 0.42839162778358714, '_a4_': -0.5184453341866668, '_a2_': 1.0, '_a3_': 1.0, '_a5_': 1.0, '_a6_': 1.0, '_a7_': 1.0}};{'d0': 0.024905832919416657};-280.569866449044;48.2008352364664
11565;-92.0840979880555;(_a0_ * (x * (pow2((_a0_ + ((_a0_ * (-(_a0_) * pow2(_a4_))) + x))) + _a1_)));{'d0': {'_a0_': 3.3767608783035756, '_a1_': 0.42839162778358714, '_a4_': -0.5184453341866668, '_a2_': 1.0, '_a3_': 1.0, '_a5_': 1.0, '_a6_': 1.0, '_a7_': 1.0}};{'d0': 0.024905832919416657};-280.569866449044;48.2008352364664
11566;-92.0840979880555;(_a0_ * (x * (pow2((_a0_ + ((_a0_ * (-(_a0_) * pow2(_a4_))) + x))) + _a1_)));{'d0': {'_a0_': 3.3767608783035756, '_a1_': 0.42839162778358714, '_a4_': -0.5184453341866668, '_a2_': 1.0, '_a3_': 1.0, '_a5_': 1.0, '_a6_': 1.0, '_a7_': 1.0}};{'d0': 0.024905832919416657};-280.569866449044;48.2008352364664
11567;-92.0840979880555;(_a0_ * (x * (pow2((_a0_ + ((_a0_ * (-(_a0_) * pow2(_a4_))) + x))) + _a1_)));{'d0': {'_a0_': 3.3767608783035756, '_a1_': 0.42839162778358714, '_a4_': -0.5184453341866668, '_a2_': 1.0, '_a3_': 1.0, '_a5_': 1.0, '_a6_': 1.0, '_a7_': 1.0}};{'d0': 0.024905832919416657};-280.569866449044;48.2008352364664
11568;-92.0840979880555;(_a0_ * (x * (pow2((_a0_ + ((_a0_ * (-(_a0_) * pow2(_a4_))) + x))) + _a1_)));{'d0': {'_a0_': 3.3767608783035756, '_a1_': 0.42839162778358714, '_a4_': -0.5184453341866668, '_a2_': 1.0, '_a3_': 1.0, '_a5_': 1.0, '_a6_': 1.0, '_a7_': 1.0}};{'d0': 0.024905832919416657};-280.569866449044;48.2008352364664
11569;-92.0840979880555;(_a0_ * (x * (pow2((_a0_ + ((_a0_ * (-(_a0_) * pow2(_a4_))) + x))) + _a1_)));{'d0': {'_a0_': 3.3767608783035756, '_a1_': 0.42839162778358714, '_a4_': -0.5184453341866668, '_a2_': 1.0, '_a3_': 1.0, '_a5_': 1.0, '_a6_': 1.0, '_a7_': 1.0}};{'d0': 0.024905832919416657};-280.569866449044;48.2008352364664
11570;-92.0840979880555;(_a0_ * (x * (pow2((_a0_ + ((_a0_ * (-(_a0_) * pow2(_a4_))) + x))) + _a1_)));{'d0': {'_a0_': 3.3767608783035756, '_a1_': 0.42839162778358714, '_a4_': -0.5184453341866668, '_a2_': 1.0, '_a3_': 1.0, '_a5_': 1.0, '_a6_': 1.0, '_a7_': 1.0}};{'d0': 0.024905832919416657};-280.569866449044;48.2008352364664
11571;-87.0624007762766;((_a0_ * (x * (pow2((_a0_ + ((_a0_ * (-(_a0_) * pow2(_a4_))) + x))) + _a1_))) * _a0_);{'d0': {'_a0_': 1.8375964951763408, '_a1_': 0.4283916276354659, '_a4_': -0.6721708773301511, '_a2_': 1.0, '_a3_': 1.0, '_a5_': 1.0, '_a6_': 1.0, '_a7_': 1.0}};{'d0': 0.024905832919416566};-280.569866449044;53.2225324482454
11572;-87.0624007762766;((_a0_ * (x * (pow2((_a0_ + ((_a0_ * (-(_a0_) * pow2(_a4_))) + x))) + _a1_))) * _a0_);{'d0': {'_a0_': 1.8375964951763408, '_a1_': 0.4283916276354659, '_a4_': -0.6721708773301511, '_a2_': 1.0, '_a3_': 1.0, '_a5_': 1.0, '_a6_': 1.0, '_a7_': 1.0}};{'d0': 0.024905832919416566};-280.569866449044;53.2225324482454
11573;-87.0624007762766;((_a0_ * (x * (pow2((_a0_ + ((_a0_ * (-(_a0_) * pow2(_a4_))) + x))) + _a1_))) * _a0_);{'d0': {'_a0_': 1.8375964951763408, '_a1_': 0.4283916276354659, '_a4_': -0.6721708773301511, '_a2_': 1.0, '_a3_': 1.0, '_a5_': 1.0, '_a6_': 1.0, '_a7_': 1.0}};{'d0': 0.024905832919416566};-280.569866449044;53.2225324482454
11574;-87.0624007762766;((_a0_ * (x * (pow2((_a0_ + ((_a0_ * (-(_a0_) * pow2(_a4_))) + x))) + _a1_))) * _a0_);{'d0': {'_a0_': 1.8375964951763408, '_a1_': 0.4283916276354659, '_a4_': -0.6721708773301511, '_a2_': 1.0, '_a3_': 1.0, '_a5_': 1.0, '_a6_': 1.0, '_a7_': 1.0}};{'d0': 0.024905832919416566};-280.569866449044;53.2225324482454
11575;-87.0624007762766;((_a0_ * (x * (pow2((_a0_ + ((_a0_ * (-(_a0_) * pow2(_a4_))) + x))) + _a1_))) * _a0_);{'d0': {'_a0_': 1.8375964951763408, '_a1_': 0.4283916276354659, '_a4_': -0.6721708773301511, '_a2_': 1.0, '_a3_': 1.0, '_a5_': 1.0, '_a6_': 1.0, '_a7_': 1.0}};{'d0': 0.024905832919416566};-280.569866449044;53.2225324482454
11576;-87.0624007762766;((_a0_ * (x * (pow2((_a0_ + ((_a0_ * (-(_a0_) * pow2(_a4_))) + x))) + _a1_))) * _a0_);{'d0': {'_a0_': 1.8375964951763408, '_a1_': 0.4283916276354659, '_a4_': -0.6721708773301511, '_a2_': 1.0, '_a3_': 1.0, '_a5_': 1.0, '_a6_': 1.0, '_a7_': 1.0}};{'d0': 0.024905832919416566};-280.569866449044;53.2225324482454
11577;-87.0624007762766;((_a0_ * (x * (pow2((_a0_ + ((_a0_ * (-(_a0_) * pow2(_a4_))) + x))) + _a1_))) * _a0_);{'d0': {'_a0_': 1.8375964951763408, '_a1_': 0.4283916276354659, '_a4_': -0.6721708773301511, '_a2_': 1.0, '_a3_': 1.0, '_a5_': 1.0, '_a6_': 1.0, '_a7_': 1.0}};{'d0': 0.024905832919416566};-280.569866449044;53.2225324482454
11578;-87.0624007762766;((_a0_ * (x * (pow2((_a0_ + ((_a0_ * (-(_a0_) * pow2(_a4_))) + x))) + _a1_))) * _a0_);{'d0': {'_a0_': 1.8375964951763408, '_a1_': 0.4283916276354659, '_a4_': -0.6721708773301511, '_a2_': 1.0, '_a3_': 1.0, '_a5_': 1.0, '_a6_': 1.0, '_a7_': 1.0}};{'d0': 0.024905832919416566};-280.569866449044;53.2225324482454
11579;-87.0624007762766;((_a0_ * (x * (pow2((_a0_ + ((_a0_ * (-(_a0_) * pow2(_a4_))) + x))) + _a1_))) * _a0_);{'d0': {'_a0_': 1.8375964951763408, '_a1_': 0.4283916276354659, '_a4_': -0.6721708773301511, '_a2_': 1.0, '_a3_': 1.0, '_a5_': 1.0, '_a6_': 1.0, '_a7_': 1.0}};{'d0': 0.024905832919416566};-280.569866449044;53.2225324482454
11580;-87.0624007762766;((_a0_ * (x * (pow2((_a0_ + ((_a0_ * (-(_a0_) * pow2(_a4_))) + x))) + _a1_))) * _a0_);{'d0': {'_a0_': 1.8375964951763408, '_a1_': 0.4283916276354659, '_a4_': -0.6721708773301511, '_a2_': 1.0, '_a3_': 1.0, '_a5_': 1.0, '_a6_': 1.0, '_a7_': 1.0}};{'d0': 0.024905832919416566};-280.569866449044;53.2225324482454
11581;-87.0624007762766;((_a0_ * (x * (pow2((_a0_ + ((_a0_ * (-(_a0_) * pow2(_a4_))) + x))) + _a1_))) * _a0_);{'d0': {'_a0_': 1.8375964951763408, '_a1_': 0.4283916276354659, '_a4_': -0.6721708773301511, '_a2_': 1.0, '_a3_': 1.0, '_a5_': 1.0, '_a6_': 1.0, '_a7_': 1.0}};{'d0': 0.024905832919416566};-280.569866449044;53.2225324482454
11582;-109.080515142566;(((x * (_a2_ + (_a3_ * x))) + _a0_) * (_a0_ * x));{'d0': {'_a0_': -1.3323420747632886, '_a2_': -1.581143542307753, '_a3_': -2.534454883633449, '_a1_': 1.0, '_a4_': 1.0, '_a5_': 1.0, '_a6_': 1.0, '_a7_': 1.0}};{'d0': 0.024905832919416677};-280.569866449043;31.204418081956046
11583;-109.080515142566;(((x * (_a2_ + (_a3_ * x))) + _a0_) * (_a0_ * x));{'d0': {'_a0_': -1.3323420747632886, '_a2_': -1.581143542307753, '_a3_': -2.534454883633449, '_a1_': 1.0, '_a4_': 1.0, '_a5_': 1.0, '_a6_': 1.0, '_a7_': 1.0}};{'d0': 0.024905832919416677};-280.569866449043;31.204418081956046
11584;-109.080515142566;(((x * (_a2_ + (_a3_ * x))) + _a0_) * (_a0_ * x));{'d0': {'_a0_': -1.3323420747632886, '_a2_': -1.581143542307753, '_a3_': -2.534454883633449, '_a1_': 1.0, '_a4_': 1.0, '_a5_': 1.0, '_a6_': 1.0, '_a7_': 1.0}};{'d0': 0.024905832919416677};-280.569866449043;31.204418081956046
11585;-109.080515142566;(((x * (_a2_ + (_a3_ * x))) + _a0_) * (_a0_ * x));{'d0': {'_a0_': -1.3323420747632886, '_a2_': -1.581143542307753, '_a3_': -2.534454883633449, '_a1_': 1.0, '_a4_': 1.0, '_a5_': 1.0, '_a6_': 1.0, '_a7_': 1.0}};{'d0': 0.024905832919416677};-280.569866449043;31.204418081956046
11586;-109.080515142566;(((x * (_a2_ + (_a3_ * x))) + _a0_) * (_a0_ * x));{'d0': {'_a0_': -1.3323420747632886, '_a2_': -1.581143542307753, '_a3_': -2.534454883633449, '_a1_': 1.0, '_a4_': 1.0, '_a5_': 1.0, '_a6_': 1.0, '_a7_': 1.0}};{'d0': 0.024905832919416677};-280.569866449043;31.204418081956046
11587;-109.080515142566;(((x * (_a2_ + (_a3_ * x))) + _a0_) * (_a0_ * x));{'d0': {'_a0_': -1.3323420747632886, '_a2_': -1.581143542307753, '_a3_': -2.534454883633449, '_a1_': 1.0, '_a4_': 1.0, '_a5_': 1.0, '_a6_': 1.0, '_a7_': 1.0}};{'d0': 0.024905832919416677};-280.569866449043;31.204418081956046
11588;-109.080515142566;(((x * (_a2_ + (_a3_ * x))) + _a0_) * (_a0_ * x));{'d0': {'_a0_': -1.3323420747632886, '_a2_': -1.581143542307753, '_a3_': -2.534454883633449, '_a1_': 1.0, '_a4_': 1.0, '_a5_': 1.0, '_a6_': 1.0, '_a7_': 1.0}};{'d0': 0.024905832919416677};-280.569866449043;31.204418081956046
11589;-109.080515142566;(((x * (_a2_ + (_a3_ * x))) + _a0_) * (_a0_ * x));{'d0': {'_a0_': -1.3323420747632886, '_a2_': -1.581143542307753, '_a3_': -2.534454883633449, '_a1_': 1.0, '_a4_': 1.0, '_a5_': 1.0, '_a6_': 1.0, '_a7_': 1.0}};{'d0': 0.024905832919416677};-280.569866449043;31.204418081956046
11590;-109.080515142566;(((x * (_a2_ + (_a3_ * x))) + _a0_) * (_a0_ * x));{'d0': {'_a0_': -1.3323420747632886, '_a2_': -1.581143542307753, '_a3_': -2.534454883633449, '_a1_': 1.0, '_a4_': 1.0, '_a5_': 1.0, '_a6_': 1.0, '_a7_': 1.0}};{'d0': 0.024905832919416677};-280.569866449043;31.204418081956046
11591;-109.080515142566;(((x * (_a2_ + (_a3_ * x))) + _a0_) * (_a0_ * x));{'d0': {'_a0_': -1.3323420747632886, '_a2_': -1.581143542307753, '_a3_': -2.534454883633449, '_a1_': 1.0, '_a4_': 1.0, '_a5_': 1.0, '_a6_': 1.0, '_a7_': 1.0}};{'d0': 0.024905832919416677};-280.569866449043;31.204418081956046
11592;-109.080515142566;(((x * (_a2_ + (_a3_ * x))) + _a0_) * (_a0_ * x));{'d0': {'_a0_': -1.3323420747632886, '_a2_': -1.581143542307753, '_a3_': -2.534454883633449, '_a1_': 1.0, '_a4_': 1.0, '_a5_': 1.0, '_a6_': 1.0, '_a7_': 1.0}};{'d0': 0.024905832919416677};-280.569866449043;31.204418081956046
11593;-109.080515142566;(((x * (_a2_ + (_a3_ * x))) + _a0_) * (_a0_ * x));{'d0': {'_a0_': -1.3323420747632886, '_a2_': -1.581143542307753, '_a3_': -2.534454883633449, '_a1_': 1.0, '_a4_': 1.0, '_a5_': 1.0, '_a6_': 1.0, '_a7_': 1.0}};{'d0': 0.024905832919416677};-280.569866449043;31.204418081956046
11594;-109.080515142566;(((x * (_a2_ + (_a3_ * x))) + _a0_) * (_a0_ * x));{'d0': {'_a0_': -1.3323420747632886, '_a2_': -1.581143542307753, '_a3_': -2.534454883633449, '_a1_': 1.0, '_a4_': 1.0, '_a5_': 1.0, '_a6_': 1.0, '_a7_': 1.0}};{'d0': 0.024905832919416677};-280.569866449043;31.204418081956046
11595;-109.080515142566;(((x * (_a2_ + (_a3_ * x))) + _a0_) * (_a0_ * x));{'d0': {'_a0_': -1.3323420747632886, '_a2_': -1.581143542307753, '_a3_': -2.534454883633449, '_a1_': 1.0, '_a4_': 1.0, '_a5_': 1.0, '_a6_': 1.0, '_a7_': 1.0}};{'d0': 0.024905832919416677};-280.569866449043;31.204418081956046
11596;-109.080515142566;(((x * (_a2_ + (_a3_ * x))) + _a0_) * (_a0_ * x));{'d0': {'_a0_': -1.3323420747632886, '_a2_': -1.581143542307753, '_a3_': -2.534454883633449, '_a1_': 1.0, '_a4_': 1.0, '_a5_': 1.0, '_a6_': 1.0, '_a7_': 1.0}};{'d0': 0.024905832919416677};-280.569866449043;31.204418081956046
11597;-109.080515142566;(((x * (_a2_ + (_a3_ * x))) + _a0_) * (_a0_ * x));{'d0': {'_a0_': -1.3323420747632886, '_a2_': -1.581143542307753, '_a3_': -2.534454883633449, '_a1_': 1.0, '_a4_': 1.0, '_a5_': 1.0, '_a6_': 1.0, '_a7_': 1.0}};{'d0': 0.024905832919416677};-280.569866449043;31.204418081956046
11598;-109.080515142566;(((x * (_a2_ + (_a3_ * x))) + _a0_) * (_a0_ * x));{'d0': {'_a0_': -1.3323420747632886, '_a2_': -1.581143542307753, '_a3_': -2.534454883633449, '_a1_': 1.0, '_a4_': 1.0, '_a5_': 1.0, '_a6_': 1.0, '_a7_': 1.0}};{'d0': 0.024905832919416677};-280.569866449043;31.204418081956046
11599;-109.080515142566;(((x * (_a2_ + (_a3_ * x))) + _a0_) * (_a0_ * x));{'d0': {'_a0_': -1.3323420747632886, '_a2_': -1.581143542307753, '_a3_': -2.534454883633449, '_a1_': 1.0, '_a4_': 1.0, '_a5_': 1.0, '_a6_': 1.0, '_a7_': 1.0}};{'d0': 0.024905832919416677};-280.569866449043;31.204418081956046
11600;-109.080515142566;(((x * (_a2_ + (_a3_ * x))) + _a0_) * (_a0_ * x));{'d0': {'_a0_': -1.3323420747632886, '_a2_': -1.581143542307753, '_a3_': -2.534454883633449, '_a1_': 1.0, '_a4_': 1.0, '_a5_': 1.0, '_a6_': 1.0, '_a7_': 1.0}};{'d0': 0.024905832919416677};-280.569866449043;31.204418081956046
11601;-109.080515142566;(((x * (_a2_ + (_a3_ * x))) + _a0_) * (_a0_ * x));{'d0': {'_a0_': -1.3323420747632886, '_a2_': -1.581143542307753, '_a3_': -2.534454883633449, '_a1_': 1.0, '_a4_': 1.0, '_a5_': 1.0, '_a6_': 1.0, '_a7_': 1.0}};{'d0': 0.024905832919416677};-280.569866449043;31.204418081956046
11602;-109.080515142566;(((x * (_a2_ + (_a3_ * x))) + _a0_) * (_a0_ * x));{'d0': {'_a0_': -1.3323420747632886, '_a2_': -1.581143542307753, '_a3_': -2.534454883633449, '_a1_': 1.0, '_a4_': 1.0, '_a5_': 1.0, '_a6_': 1.0, '_a7_': 1.0}};{'d0': 0.024905832919416677};-280.569866449043;31.204418081956046
11603;-109.080515142566;(((x * (_a2_ + (_a3_ * x))) + _a0_) * (_a0_ * x));{'d0': {'_a0_': -1.3323420747632886, '_a2_': -1.581143542307753, '_a3_': -2.534454883633449, '_a1_': 1.0, '_a4_': 1.0, '_a5_': 1.0, '_a6_': 1.0, '_a7_': 1.0}};{'d0': 0.024905832919416677};-280.569866449043;31.204418081956046
11604;-109.080515142566;(((x * (_a2_ + (_a3_ * x))) + _a0_) * (_a0_ * x));{'d0': {'_a0_': -1.3323420747632886, '_a2_': -1.581143542307753, '_a3_': -2.534454883633449, '_a1_': 1.0, '_a4_': 1.0, '_a5_': 1.0, '_a6_': 1.0, '_a7_': 1.0}};{'d0': 0.024905832919416677};-280.569866449043;31.204418081956046
11605;-109.080515142566;(((x * (_a2_ + (_a3_ * x))) + _a0_) * (_a0_ * x));{'d0': {'_a0_': -1.3323420747632886, '_a2_': -1.581143542307753, '_a3_': -2.534454883633449, '_a1_': 1.0, '_a4_': 1.0, '_a5_': 1.0, '_a6_': 1.0, '_a7_': 1.0}};{'d0': 0.024905832919416677};-280.569866449043;31.204418081956046
11606;-107.361439187032;((_a4_ + pow2(((_a3_ / _a6_) + x))) * (_a7_ * x));{'d0': {'_a3_': -6.56933751828254, '_a4_': 0.4283916267431921, '_a6_': -21.060313629917218, '_a7_': 3.376760875171959, '_a0_': 1.0, '_a1_': 1.0, '_a2_': 1.0, '_a5_': 1.0}};{'d0': 0.024905832919418724};-276.475521886816;30.876321756376452
11607;-107.361439187032;((_a4_ + pow2(((_a3_ / _a6_) + x))) * (_a7_ * x));{'d0': {'_a3_': -6.56933751828254, '_a4_': 0.4283916267431921, '_a6_': -21.060313629917218, '_a7_': 3.376760875171959, '_a0_': 1.0, '_a1_': 1.0, '_a2_': 1.0, '_a5_': 1.0}};{'d0': 0.024905832919418724};-276.475521886816;30.876321756376452
11608;-107.361439187032;((_a4_ + pow2(((_a3_ / _a6_) + x))) * (_a7_ * x));{'d0': {'_a3_': -6.56933751828254, '_a4_': 0.4283916267431921, '_a6_': -21.060313629917218, '_a7_': 3.376760875171959, '_a0_': 1.0, '_a1_': 1.0, '_a2_': 1.0, '_a5_': 1.0}};{'d0': 0.024905832919418724};-276.475521886816;30.876321756376452
11609;-107.361439187032;((_a4_ + pow2(((_a3_ / _a6_) + x))) * (_a7_ * x));{'d0': {'_a3_': -6.56933751828254, '_a4_': 0.4283916267431921, '_a6_': -21.060313629917218, '_a7_': 3.376760875171959, '_a0_': 1.0, '_a1_': 1.0, '_a2_': 1.0, '_a5_': 1.0}};{'d0': 0.024905832919418724};-276.475521886816;30.876321756376452
11610;-107.361439187032;((_a4_ + pow2(((_a3_ / _a6_) + x))) * (_a7_ * x));{'d0': {'_a3_': -6.56933751828254, '_a4_': 0.4283916267431921, '_a6_': -21.060313629917218, '_a7_': 3.376760875171959, '_a0_': 1.0, '_a1_': 1.0, '_a2_': 1.0, '_a5_': 1.0}};{'d0': 0.024905832919418724};-276.475521886816;30.876321756376452
11611;-107.361439187032;((_a4_ + pow2(((_a3_ / _a6_) + x))) * (_a7_ * x));{'d0': {'_a3_': -6.56933751828254, '_a4_': 0.4283916267431921, '_a6_': -21.060313629917218, '_a7_': 3.376760875171959, '_a0_': 1.0, '_a1_': 1.0, '_a2_': 1.0, '_a5_': 1.0}};{'d0': 0.024905832919418724};-276.475521886816;30.876321756376452
11612;-107.361439187032;((_a4_ + pow2(((_a3_ / _a6_) + x))) * (_a7_ * x));{'d0': {'_a3_': -6.56933751828254, '_a4_': 0.4283916267431921, '_a6_': -21.060313629917218, '_a7_': 3.376760875171959, '_a0_': 1.0, '_a1_': 1.0, '_a2_': 1.0, '_a5_': 1.0}};{'d0': 0.024905832919418724};-276.475521886816;30.876321756376452
11613;-107.361439187032;((_a4_ + pow2(((_a3_ / _a6_) + x))) * (_a7_ * x));{'d0': {'_a3_': -6.56933751828254, '_a4_': 0.4283916267431921, '_a6_': -21.060313629917218, '_a7_': 3.376760875171959, '_a0_': 1.0, '_a1_': 1.0, '_a2_': 1.0, '_a5_': 1.0}};{'d0': 0.024905832919418724};-276.475521886816;30.876321756376452
11614;-107.361439187032;((_a4_ + pow2(((_a3_ / _a6_) + x))) * (_a7_ * x));{'d0': {'_a3_': -6.56933751828254, '_a4_': 0.4283916267431921, '_a6_': -21.060313629917218, '_a7_': 3.376760875171959, '_a0_': 1.0, '_a1_': 1.0, '_a2_': 1.0, '_a5_': 1.0}};{'d0': 0.024905832919418724};-276.475521886816;30.876321756376452
11615;-107.361439187032;((_a4_ + pow2(((_a3_ / _a6_) + x))) * (_a7_ * x));{'d0': {'_a3_': -6.56933751828254, '_a4_': 0.4283916267431921, '_a6_': -21.060313629917218, '_a7_': 3.376760875171959, '_a0_': 1.0, '_a1_': 1.0, '_a2_': 1.0, '_a5_': 1.0}};{'d0': 0.024905832919418724};-276.475521886816;30.876321756376452
11616;-102.484456542246;((_a4_ + pow2((((_a2_ * _a2_) / _a6_) + x))) * (_a7_ * x));{'d0': {'_a2_': -15.296402651918932, '_a4_': 0.4283916278713761, '_a6_': 750.1042967436128, '_a7_': 3.376760878144913, '_a0_': 1.0, '_a1_': 1.0, '_a3_': 1.0, '_a5_': 1.0}};{'d0': 0.024905832924109736};-276.475521875515;35.75330439551145
11617;-102.484456542246;((_a4_ + pow2((((_a2_ * _a2_) / _a6_) + x))) * (_a7_ * x));{'d0': {'_a2_': -15.296402651918932, '_a4_': 0.4283916278713761, '_a6_': 750.1042967436128, '_a7_': 3.376760878144913, '_a0_': 1.0, '_a1_': 1.0, '_a3_': 1.0, '_a5_': 1.0}};{'d0': 0.024905832924109736};-276.475521875515;35.75330439551145
11618;-102.484456542246;((_a4_ + pow2((((_a2_ * _a2_) / _a6_) + x))) * (_a7_ * x));{'d0': {'_a2_': -15.296402651918932, '_a4_': 0.4283916278713761, '_a6_': 750.1042967436128, '_a7_': 3.376760878144913, '_a0_': 1.0, '_a1_': 1.0, '_a3_': 1.0, '_a5_': 1.0}};{'d0': 0.024905832924109736};-276.475521875515;35.75330439551145
11619;-102.484456542246;((_a4_ + pow2((((_a2_ * _a2_) / _a6_) + x))) * (_a7_ * x));{'d0': {'_a2_': -15.296402651918932, '_a4_': 0.4283916278713761, '_a6_': 750.1042967436128, '_a7_': 3.376760878144913, '_a0_': 1.0, '_a1_': 1.0, '_a3_': 1.0, '_a5_': 1.0}};{'d0': 0.024905832924109736};-276.475521875515;35.75330439551145
11620;-102.484456542246;((_a4_ + pow2((((_a2_ * _a2_) / _a6_) + x))) * (_a7_ * x));{'d0': {'_a2_': -15.296402651918932, '_a4_': 0.4283916278713761, '_a6_': 750.1042967436128, '_a7_': 3.376760878144913, '_a0_': 1.0, '_a1_': 1.0, '_a3_': 1.0, '_a5_': 1.0}};{'d0': 0.024905832924109736};-276.475521875515;35.75330439551145
11621;-102.484456542246;((_a4_ + pow2((((_a2_ * _a2_) / _a6_) + x))) * (_a7_ * x));{'d0': {'_a2_': -15.296402651918932, '_a4_': 0.4283916278713761, '_a6_': 750.1042967436128, '_a7_': 3.376760878144913, '_a0_': 1.0, '_a1_': 1.0, '_a3_': 1.0, '_a5_': 1.0}};{'d0': 0.024905832924109736};-276.475521875515;35.75330439551145
11622;-88.3687920447901;(_a0_ * (x * (pow2((exp(_a0_) + ((_a0_ + (-(_a5_) * _a4_)) * x))) + _a1_)));{'d0': {'_a0_': 0.21411112205514168, '_a1_': 6.756193116400158, '_a4_': -1.419987467690819, '_a5_': 2.645917057230301, '_a2_': 1.0, '_a3_': 1.0, '_a6_': 1.0, '_a7_': 1.0}};{'d0': 0.024905832919503258};-276.475521886613;49.8689688985164
11623;-88.3687920447901;(_a0_ * (x * (pow2((exp(_a0_) + ((_a0_ + (-(_a5_) * _a4_)) * x))) + _a1_)));{'d0': {'_a0_': 0.21411112205514168, '_a1_': 6.756193116400158, '_a4_': -1.419987467690819, '_a5_': 2.645917057230301, '_a2_': 1.0, '_a3_': 1.0, '_a6_': 1.0, '_a7_': 1.0}};{'d0': 0.024905832919503258};-276.475521886613;49.8689688985164
11624;-88.3687920447901;(_a0_ * (x * (pow2((exp(_a0_) + ((_a0_ + (-(_a5_) * _a4_)) * x))) + _a1_)));{'d0': {'_a0_': 0.21411112205514168, '_a1_': 6.756193116400158, '_a4_': -1.419987467690819, '_a5_': 2.645917057230301, '_a2_': 1.0, '_a3_': 1.0, '_a6_': 1.0, '_a7_': 1.0}};{'d0': 0.024905832919503258};-276.475521886613;49.8689688985164
11625;-88.3687920447901;(_a0_ * (x * (pow2((exp(_a0_) + ((_a0_ + (-(_a5_) * _a4_)) * x))) + _a1_)));{'d0': {'_a0_': 0.21411112205514168, '_a1_': 6.756193116400158, '_a4_': -1.419987467690819, '_a5_': 2.645917057230301, '_a2_': 1.0, '_a3_': 1.0, '_a6_': 1.0, '_a7_': 1.0}};{'d0': 0.024905832919503258};-276.475521886613;49.8689688985164
11626;-88.3687920447901;(_a0_ * (x * (pow2((exp(_a0_) + ((_a0_ + (-(_a5_) * _a4_)) * x))) + _a1_)));{'d0': {'_a0_': 0.21411112205514168, '_a1_': 6.756193116400158, '_a4_': -1.419987467690819, '_a5_': 2.645917057230301, '_a2_': 1.0, '_a3_': 1.0, '_a6_': 1.0, '_a7_': 1.0}};{'d0': 0.024905832919503258};-276.475521886613;49.8689688985164
11627;-109.408611468145;((pow2(x) + ((x + _a0_) * _a3_)) * (x / _a2_));{'d0': {'_a0_': 0.8426446048244236, '_a2_': 0.2961417869209711, '_a3_': 0.6238594154692275, '_a1_': 1.0, '_a4_': 1.0, '_a5_': 1.0, '_a6_': 1.0, '_a7_': 1.0}};{'d0': 0.0249058329194166};-280.569866449044;30.876321756376328
11628;-109.408611468145;((pow2(x) + ((x + _a0_) * _a3_)) * (x / _a2_));{'d0': {'_a0_': 0.8426446048244236, '_a2_': 0.2961417869209711, '_a3_': 0.6238594154692275, '_a1_': 1.0, '_a4_': 1.0, '_a5_': 1.0, '_a6_': 1.0, '_a7_': 1.0}};{'d0': 0.0249058329194166};-280.569866449044;30.876321756376328
11629;-109.408611468145;((pow2(x) + ((x + _a0_) * _a3_)) * (x / _a2_));{'d0': {'_a0_': 0.8426446048244236, '_a2_': 0.2961417869209711, '_a3_': 0.6238594154692275, '_a1_': 1.0, '_a4_': 1.0, '_a5_': 1.0, '_a6_': 1.0, '_a7_': 1.0}};{'d0': 0.0249058329194166};-280.569866449044;30.876321756376328
11630;-109.408611468145;((pow2(x) + ((x + _a0_) * _a3_)) * (x / _a2_));{'d0': {'_a0_': 0.8426446048244236, '_a2_': 0.2961417869209711, '_a3_': 0.6238594154692275, '_a1_': 1.0, '_a4_': 1.0, '_a5_': 1.0, '_a6_': 1.0, '_a7_': 1.0}};{'d0': 0.0249058329194166};-280.569866449044;30.876321756376328
11631;-109.408611468145;((pow2(x) + ((x + _a0_) * _a3_)) * (x / _a2_));{'d0': {'_a0_': 0.8426446048244236, '_a2_': 0.2961417869209711, '_a3_': 0.6238594154692275, '_a1_': 1.0, '_a4_': 1.0, '_a5_': 1.0, '_a6_': 1.0, '_a7_': 1.0}};{'d0': 0.0249058329194166};-280.569866449044;30.876321756376328
11632;-109.408611468145;((pow2(x) + ((x + _a0_) * _a3_)) * (x / _a2_));{'d0': {'_a0_': 0.8426446048244236, '_a2_': 0.2961417869209711, '_a3_': 0.6238594154692275, '_a1_': 1.0, '_a4_': 1.0, '_a5_': 1.0, '_a6_': 1.0, '_a7_': 1.0}};{'d0': 0.0249058329194166};-280.569866449044;30.876321756376328
11633;-109.408611468145;((pow2(x) + ((x + _a0_) * _a3_)) * (x / _a2_));{'d0': {'_a0_': 0.8426446048244236, '_a2_': 0.2961417869209711, '_a3_': 0.6238594154692275, '_a1_': 1.0, '_a4_': 1.0, '_a5_': 1.0, '_a6_': 1.0, '_a7_': 1.0}};{'d0': 0.0249058329194166};-280.569866449044;30.876321756376328
11634;-97.5028422047282;(_a0_ * (x * (pow2((_a3_ + ((_a0_ + (x * _a4_)) * x))) + _a1_)));{'d0': {'_a0_': 1.4952775520836594, '_a1_': 0.970032837232721, '_a3_': 0.4718764798442175, '_a4_': -0.010261118560073496, '_a2_': 1.0, '_a5_': 1.0, '_a6_': 1.0, '_a7_': 1.0}};{'d0': 0.024832853995394817};-276.651591616648;40.82295360359601
11635;-97.5028422047282;(_a0_ * (x * (pow2((_a3_ + ((_a0_ + (x * _a4_)) * x))) + _a1_)));{'d0': {'_a0_': 1.4952775520836594, '_a1_': 0.970032837232721, '_a3_': 0.4718764798442175, '_a4_': -0.010261118560073496, '_a2_': 1.0, '_a5_': 1.0, '_a6_': 1.0, '_a7_': 1.0}};{'d0': 0.024832853995394817};-276.651591616648;40.82295360359601
11636;-97.5028422047282;(_a0_ * (x * (pow2((_a3_ + ((_a0_ + (x * _a4_)) * x))) + _a1_)));{'d0': {'_a0_': 1.4952775520836594, '_a1_': 0.970032837232721, '_a3_': 0.4718764798442175, '_a4_': -0.010261118560073496, '_a2_': 1.0, '_a5_': 1.0, '_a6_': 1.0, '_a7_': 1.0}};{'d0': 0.024832853995394817};-276.651591616648;40.82295360359601
11637;-97.5028422047282;(_a0_ * (x * (pow2((_a3_ + ((_a0_ + (x * _a4_)) * x))) + _a1_)));{'d0': {'_a0_': 1.4952775520836594, '_a1_': 0.970032837232721, '_a3_': 0.4718764798442175, '_a4_': -0.010261118560073496, '_a2_': 1.0, '_a5_': 1.0, '_a6_': 1.0, '_a7_': 1.0}};{'d0': 0.024832853995394817};-276.651591616648;40.82295360359601
11638;-97.4148073289969;(_a0_ * (x * (pow2((_a3_ + ((_a0_ + (x * _a4_)) * _a1_))) + _a1_)));{'d0': {'_a0_': 1.0678660589803424, '_a1_': 1.3546417064267833, '_a3_': -2.0012637179153185, '_a4_': -1.3127053955974162, '_a2_': 1.0, '_a5_': 1.0, '_a6_': 1.0, '_a7_': 1.0}};{'d0': 0.02490583292839766};-276.475521865185;40.82295360359601
11639;-97.4148073289969;(_a0_ * (x * (pow2((_a3_ + ((_a0_ + (x * _a4_)) * _a1_))) + _a1_)));{'d0': {'_a0_': 1.0678660589803424, '_a1_': 1.3546417064267833, '_a3_': -2.0012637179153185, '_a4_': -1.3127053955974162, '_a2_': 1.0, '_a5_': 1.0, '_a6_': 1.0, '_a7_': 1.0}};{'d0': 0.02490583292839766};-276.475521865185;40.82295360359601
11640;-97.4148073289969;(_a0_ * (x * (pow2((_a3_ + ((_a0_ + (x * _a4_)) * _a1_))) + _a1_)));{'d0': {'_a0_': 1.0678660589803424, '_a1_': 1.3546417064267833, '_a3_': -2.0012637179153185, '_a4_': -1.3127053955974162, '_a2_': 1.0, '_a5_': 1.0, '_a6_': 1.0, '_a7_': 1.0}};{'d0': 0.02490583292839766};-276.475521865185;40.82295360359601
11641;-97.4148073289969;(_a0_ * (x * (pow2((_a3_ + ((_a0_ + (x * _a4_)) * _a1_))) + _a1_)));{'d0': {'_a0_': 1.0678660589803424, '_a1_': 1.3546417064267833, '_a3_': -2.0012637179153185, '_a4_': -1.3127053955974162, '_a2_': 1.0, '_a5_': 1.0, '_a6_': 1.0, '_a7_': 1.0}};{'d0': 0.02490583292839766};-276.475521865185;40.82295360359601
11642;-97.4148073289969;(_a0_ * (x * (pow2((_a3_ + ((_a0_ + (x * _a4_)) * _a1_))) + _a1_)));{'d0': {'_a0_': 1.0678660589803424, '_a1_': 1.3546417064267833, '_a3_': -2.0012637179153185, '_a4_': -1.3127053955974162, '_a2_': 1.0, '_a5_': 1.0, '_a6_': 1.0, '_a7_': 1.0}};{'d0': 0.02490583292839766};-276.475521865185;40.82295360359601
11643;-97.4148073289969;(_a0_ * (x * (pow2((_a3_ + ((_a0_ + (x * _a4_)) * _a1_))) + _a1_)));{'d0': {'_a0_': 1.0678660589803424, '_a1_': 1.3546417064267833, '_a3_': -2.0012637179153185, '_a4_': -1.3127053955974162, '_a2_': 1.0, '_a5_': 1.0, '_a6_': 1.0, '_a7_': 1.0}};{'d0': 0.02490583292839766};-276.475521865185;40.82295360359601
11644;-97.4148073289969;(_a0_ * (x * (pow2((_a3_ + ((_a0_ + (x * _a4_)) * _a1_))) + _a1_)));{'d0': {'_a0_': 1.0678660589803424, '_a1_': 1.3546417064267833, '_a3_': -2.0012637179153185, '_a4_': -1.3127053955974162, '_a2_': 1.0, '_a5_': 1.0, '_a6_': 1.0, '_a7_': 1.0}};{'d0': 0.02490583292839766};-276.475521865185;40.82295360359601
11645;-97.4148073289969;(_a0_ * (x * (pow2((_a3_ + ((_a0_ + (x * _a4_)) * _a1_))) + _a1_)));{'d0': {'_a0_': 1.0678660589803424, '_a1_': 1.3546417064267833, '_a3_': -2.0012637179153185, '_a4_': -1.3127053955974162, '_a2_': 1.0, '_a5_': 1.0, '_a6_': 1.0, '_a7_': 1.0}};{'d0': 0.02490583292839766};-276.475521865185;40.82295360359601
11646;-97.4148073289969;(_a0_ * (x * (pow2((_a3_ + ((_a0_ + (x * _a4_)) * _a1_))) + _a1_)));{'d0': {'_a0_': 1.0678660589803424, '_a1_': 1.3546417064267833, '_a3_': -2.0012637179153185, '_a4_': -1.3127053955974162, '_a2_': 1.0, '_a5_': 1.0, '_a6_': 1.0, '_a7_': 1.0}};{'d0': 0.02490583292839766};-276.475521865185;40.82295360359601
11647;-97.4148073289969;(_a0_ * (x * (pow2((_a3_ + ((_a0_ + (x * _a4_)) * _a1_))) + _a1_)));{'d0': {'_a0_': 1.0678660589803424, '_a1_': 1.3546417064267833, '_a3_': -2.0012637179153185, '_a4_': -1.3127053955974162, '_a2_': 1.0, '_a5_': 1.0, '_a6_': 1.0, '_a7_': 1.0}};{'d0': 0.02490583292839766};-276.475521865185;40.82295360359601
11648;-97.4148073289969;(_a0_ * (x * (pow2((_a3_ + ((_a0_ + (x * _a4_)) * _a1_))) + _a1_)));{'d0': {'_a0_': 1.0678660589803424, '_a1_': 1.3546417064267833, '_a3_': -2.0012637179153185, '_a4_': -1.3127053955974162, '_a2_': 1.0, '_a5_': 1.0, '_a6_': 1.0, '_a7_': 1.0}};{'d0': 0.02490583292839766};-276.475521865185;40.82295360359601
11649;-97.4148073289969;(_a0_ * (x * (pow2((_a3_ + ((_a0_ + (x * _a4_)) * _a1_))) + _a1_)));{'d0': {'_a0_': 1.0678660589803424, '_a1_': 1.3546417064267833, '_a3_': -2.0012637179153185, '_a4_': -1.3127053955974162, '_a2_': 1.0, '_a5_': 1.0, '_a6_': 1.0, '_a7_': 1.0}};{'d0': 0.02490583292839766};-276.475521865185;40.82295360359601
11650;-97.4148073289969;(_a0_ * (x * (pow2((_a3_ + ((_a0_ + (x * _a4_)) * _a1_))) + _a1_)));{'d0': {'_a0_': 1.0678660589803424, '_a1_': 1.3546417064267833, '_a3_': -2.0012637179153185, '_a4_': -1.3127053955974162, '_a2_': 1.0, '_a5_': 1.0, '_a6_': 1.0, '_a7_': 1.0}};{'d0': 0.02490583292839766};-276.475521865185;40.82295360359601
11651;-92.3931101270602;((_a0_ * (x * (pow2((_a3_ + ((_a0_ + (x * _a4_)) * _a1_))) + _a1_))) * _a0_);{'d0': {'_a0_': 1.0962326635884918, '_a1_': 1.2037485784871689, '_a3_': -1.8424710971704927, '_a4_': -1.3925526033965425, '_a2_': 1.0, '_a5_': 1.0, '_a6_': 1.0, '_a7_': 1.0}};{'d0': 0.02490583292022664};-276.475521884870;45.84465081537501
11652;-92.3931101270602;((_a0_ * (x * (pow2((_a3_ + ((_a0_ + (x * _a4_)) * _a1_))) + _a1_))) * _a0_);{'d0': {'_a0_': 1.0962326635884918, '_a1_': 1.2037485784871689, '_a3_': -1.8424710971704927, '_a4_': -1.3925526033965425, '_a2_': 1.0, '_a5_': 1.0, '_a6_': 1.0, '_a7_': 1.0}};{'d0': 0.02490583292022664};-276.475521884870;45.84465081537501
11653;-92.3931101270602;((_a0_ * (x * (pow2((_a3_ + ((_a0_ + (x * _a4_)) * _a1_))) + _a1_))) * _a0_);{'d0': {'_a0_': 1.0962326635884918, '_a1_': 1.2037485784871689, '_a3_': -1.8424710971704927, '_a4_': -1.3925526033965425, '_a2_': 1.0, '_a5_': 1.0, '_a6_': 1.0, '_a7_': 1.0}};{'d0': 0.02490583292022664};-276.475521884870;45.84465081537501
11654;-92.3931101270602;((_a0_ * (x * (pow2((_a3_ + ((_a0_ + (x * _a4_)) * _a1_))) + _a1_))) * _a0_);{'d0': {'_a0_': 1.0962326635884918, '_a1_': 1.2037485784871689, '_a3_': -1.8424710971704927, '_a4_': -1.3925526033965425, '_a2_': 1.0, '_a5_': 1.0, '_a6_': 1.0, '_a7_': 1.0}};{'d0': 0.02490583292022664};-276.475521884870;45.84465081537501
11655;-99.8080632588551;(((pow2((_a5_ + x)) * _a3_) + _a5_) * (-(x) / (_a5_ + _a7_)));{'d0': {'_a3_': 0.728141465664173, '_a5_': 0.3119297078149775, '_a7_': -0.5275628225045702, '_a0_': 1.0, '_a1_': 1.0, '_a2_': 1.0, '_a4_': 1.0, '_a6_': 1.0}};{'d0': 0.024905832919416608};-280.569866449044;40.476869965666744
11656;-99.8080632588551;(((pow2((_a5_ + x)) * _a3_) + _a5_) * (-(x) / (_a5_ + _a7_)));{'d0': {'_a3_': 0.728141465664173, '_a5_': 0.3119297078149775, '_a7_': -0.5275628225045702, '_a0_': 1.0, '_a1_': 1.0, '_a2_': 1.0, '_a4_': 1.0, '_a6_': 1.0}};{'d0': 0.024905832919416608};-280.569866449044;40.476869965666744
11657;-99.8080632588551;(((pow2((_a5_ + x)) * _a3_) + _a5_) * (-(x) / (_a5_ + _a7_)));{'d0': {'_a3_': 0.728141465664173, '_a5_': 0.3119297078149775, '_a7_': -0.5275628225045702, '_a0_': 1.0, '_a1_': 1.0, '_a2_': 1.0, '_a4_': 1.0, '_a6_': 1.0}};{'d0': 0.024905832919416608};-280.569866449044;40.476869965666744
11658;-99.8080632588551;(((pow2((_a5_ + x)) * _a3_) + _a5_) * (-(x) / (_a5_ + _a7_)));{'d0': {'_a3_': 0.728141465664173, '_a5_': 0.3119297078149775, '_a7_': -0.5275628225045702, '_a0_': 1.0, '_a1_': 1.0, '_a2_': 1.0, '_a4_': 1.0, '_a6_': 1.0}};{'d0': 0.024905832919416608};-280.569866449044;40.476869965666744
11659;-99.8080632588551;(((pow2((_a5_ + x)) * _a3_) + _a5_) * (-(x) / (_a5_ + _a7_)));{'d0': {'_a3_': 0.728141465664173, '_a5_': 0.3119297078149775, '_a7_': -0.5275628225045702, '_a0_': 1.0, '_a1_': 1.0, '_a2_': 1.0, '_a4_': 1.0, '_a6_': 1.0}};{'d0': 0.024905832919416608};-280.569866449044;40.476869965666744
11660;-99.8080632588551;(((pow2((_a5_ + x)) * _a3_) + _a5_) * (-(x) / (_a5_ + _a7_)));{'d0': {'_a3_': 0.728141465664173, '_a5_': 0.3119297078149775, '_a7_': -0.5275628225045702, '_a0_': 1.0, '_a1_': 1.0, '_a2_': 1.0, '_a4_': 1.0, '_a6_': 1.0}};{'d0': 0.024905832919416608};-280.569866449044;40.476869965666744
11661;-99.8080632588551;(((pow2((_a5_ + x)) * _a3_) + _a5_) * (-(x) / (_a5_ + _a7_)));{'d0': {'_a3_': 0.728141465664173, '_a5_': 0.3119297078149775, '_a7_': -0.5275628225045702, '_a0_': 1.0, '_a1_': 1.0, '_a2_': 1.0, '_a4_': 1.0, '_a6_': 1.0}};{'d0': 0.024905832919416608};-280.569866449044;40.476869965666744
11662;-99.8080632588551;(((pow2((_a5_ + x)) * _a3_) + _a5_) * (-(x) / (_a5_ + _a7_)));{'d0': {'_a3_': 0.728141465664173, '_a5_': 0.3119297078149775, '_a7_': -0.5275628225045702, '_a0_': 1.0, '_a1_': 1.0, '_a2_': 1.0, '_a4_': 1.0, '_a6_': 1.0}};{'d0': 0.024905832919416608};-280.569866449044;40.476869965666744
11663;-99.8080632588551;(((pow2((_a5_ + x)) * _a3_) + _a5_) * (-(x) / (_a5_ + _a7_)));{'d0': {'_a3_': 0.728141465664173, '_a5_': 0.3119297078149775, '_a7_': -0.5275628225045702, '_a0_': 1.0, '_a1_': 1.0, '_a2_': 1.0, '_a4_': 1.0, '_a6_': 1.0}};{'d0': 0.024905832919416608};-280.569866449044;40.476869965666744
11664;-99.8080632588551;(((pow2((_a5_ + x)) * _a3_) + _a5_) * (-(x) / (_a5_ + _a7_)));{'d0': {'_a3_': 0.728141465664173, '_a5_': 0.3119297078149775, '_a7_': -0.5275628225045702, '_a0_': 1.0, '_a1_': 1.0, '_a2_': 1.0, '_a4_': 1.0, '_a6_': 1.0}};{'d0': 0.024905832919416608};-280.569866449044;40.476869965666744
11665;-99.8080632588551;(((pow2((_a5_ + x)) * _a3_) + _a5_) * (-(x) / (_a5_ + _a7_)));{'d0': {'_a3_': 0.728141465664173, '_a5_': 0.3119297078149775, '_a7_': -0.5275628225045702, '_a0_': 1.0, '_a1_': 1.0, '_a2_': 1.0, '_a4_': 1.0, '_a6_': 1.0}};{'d0': 0.024905832919416608};-280.569866449044;40.476869965666744
11666;-99.8080632588551;(((pow2((_a5_ + x)) * _a3_) + _a5_) * (-(x) / (_a5_ + _a7_)));{'d0': {'_a3_': 0.728141465664173, '_a5_': 0.3119297078149775, '_a7_': -0.5275628225045702, '_a0_': 1.0, '_a1_': 1.0, '_a2_': 1.0, '_a4_': 1.0, '_a6_': 1.0}};{'d0': 0.024905832919416608};-280.569866449044;40.476869965666744
11667;-99.8080632588551;(((pow2((_a5_ + x)) * _a3_) + _a5_) * (-(x) / (_a5_ + _a7_)));{'d0': {'_a3_': 0.728141465664173, '_a5_': 0.3119297078149775, '_a7_': -0.5275628225045702, '_a0_': 1.0, '_a1_': 1.0, '_a2_': 1.0, '_a4_': 1.0, '_a6_': 1.0}};{'d0': 0.024905832919416608};-280.569866449044;40.476869965666744
11668;-99.8080632588551;(((pow2((_a5_ + x)) * _a3_) + _a5_) * (-(x) / (_a5_ + _a7_)));{'d0': {'_a3_': 0.728141465664173, '_a5_': 0.3119297078149775, '_a7_': -0.5275628225045702, '_a0_': 1.0, '_a1_': 1.0, '_a2_': 1.0, '_a4_': 1.0, '_a6_': 1.0}};{'d0': 0.024905832919416608};-280.569866449044;40.476869965666744
11669;-99.8080632588551;(((pow2((_a5_ + x)) * _a3_) + _a5_) * (-(x) / (_a5_ + _a7_)));{'d0': {'_a3_': 0.728141465664173, '_a5_': 0.3119297078149775, '_a7_': -0.5275628225045702, '_a0_': 1.0, '_a1_': 1.0, '_a2_': 1.0, '_a4_': 1.0, '_a6_': 1.0}};{'d0': 0.024905832919416608};-280.569866449044;40.476869965666744
11670;-99.8080632588551;(((pow2((_a5_ + x)) * _a3_) + _a5_) * (-(x) / (_a5_ + _a7_)));{'d0': {'_a3_': 0.728141465664173, '_a5_': 0.3119297078149775, '_a7_': -0.5275628225045702, '_a0_': 1.0, '_a1_': 1.0, '_a2_': 1.0, '_a4_': 1.0, '_a6_': 1.0}};{'d0': 0.024905832919416608};-280.569866449044;40.476869965666744
11671;-99.8080632588551;(((pow2((_a5_ + x)) * _a3_) + _a5_) * (-(x) / (_a5_ + _a7_)));{'d0': {'_a3_': 0.728141465664173, '_a5_': 0.3119297078149775, '_a7_': -0.5275628225045702, '_a0_': 1.0, '_a1_': 1.0, '_a2_': 1.0, '_a4_': 1.0, '_a6_': 1.0}};{'d0': 0.024905832919416608};-280.569866449044;40.476869965666744
11672;-99.8080632588551;(((pow2((_a5_ + x)) * _a3_) + _a5_) * (-(x) / (_a5_ + _a7_)));{'d0': {'_a3_': 0.728141465664173, '_a5_': 0.3119297078149775, '_a7_': -0.5275628225045702, '_a0_': 1.0, '_a1_': 1.0, '_a2_': 1.0, '_a4_': 1.0, '_a6_': 1.0}};{'d0': 0.024905832919416608};-280.569866449044;40.476869965666744
11673;-99.8080632588551;(((pow2((_a5_ + x)) * _a3_) + _a5_) * (-(x) / (_a5_ + _a7_)));{'d0': {'_a3_': 0.728141465664173, '_a5_': 0.3119297078149775, '_a7_': -0.5275628225045702, '_a0_': 1.0, '_a1_': 1.0, '_a2_': 1.0, '_a4_': 1.0, '_a6_': 1.0}};{'d0': 0.024905832919416608};-280.569866449044;40.476869965666744
11674;-99.8080632588551;(((pow2((_a5_ + x)) * _a3_) + _a5_) * (-(x) / (_a5_ + _a7_)));{'d0': {'_a3_': 0.728141465664173, '_a5_': 0.3119297078149775, '_a7_': -0.5275628225045702, '_a0_': 1.0, '_a1_': 1.0, '_a2_': 1.0, '_a4_': 1.0, '_a6_': 1.0}};{'d0': 0.024905832919416608};-280.569866449044;40.476869965666744
11675;-99.8080632588551;(((pow2((_a5_ + x)) * _a3_) + _a5_) * (-(x) / (_a5_ + _a7_)));{'d0': {'_a3_': 0.728141465664173, '_a5_': 0.3119297078149775, '_a7_': -0.5275628225045702, '_a0_': 1.0, '_a1_': 1.0, '_a2_': 1.0, '_a4_': 1.0, '_a6_': 1.0}};{'d0': 0.024905832919416608};-280.569866449044;40.476869965666744
11676;-99.8080632588551;(((pow2((_a5_ + x)) * _a3_) + _a5_) * (-(x) / (_a5_ + _a7_)));{'d0': {'_a3_': 0.728141465664173, '_a5_': 0.3119297078149775, '_a7_': -0.5275628225045702, '_a0_': 1.0, '_a1_': 1.0, '_a2_': 1.0, '_a4_': 1.0, '_a6_': 1.0}};{'d0': 0.024905832919416608};-280.569866449044;40.476869965666744
11677;-99.8080632588551;(((pow2((_a5_ + x)) * _a3_) + _a5_) * (-(x) / (_a5_ + _a7_)));{'d0': {'_a3_': 0.728141465664173, '_a5_': 0.3119297078149775, '_a7_': -0.5275628225045702, '_a0_': 1.0, '_a1_': 1.0, '_a2_': 1.0, '_a4_': 1.0, '_a6_': 1.0}};{'d0': 0.024905832919416608};-280.569866449044;40.476869965666744
11678;-99.8080632588551;(((pow2((_a5_ + x)) * _a3_) + _a5_) * (-(x) / (_a5_ + _a7_)));{'d0': {'_a3_': 0.728141465664173, '_a5_': 0.3119297078149775, '_a7_': -0.5275628225045702, '_a0_': 1.0, '_a1_': 1.0, '_a2_': 1.0, '_a4_': 1.0, '_a6_': 1.0}};{'d0': 0.024905832919416608};-280.569866449044;40.476869965666744
11679;-99.8080632588551;(((pow2((_a5_ + x)) * _a3_) + _a5_) * (-(x) / (_a5_ + _a7_)));{'d0': {'_a3_': 0.728141465664173, '_a5_': 0.3119297078149775, '_a7_': -0.5275628225045702, '_a0_': 1.0, '_a1_': 1.0, '_a2_': 1.0, '_a4_': 1.0, '_a6_': 1.0}};{'d0': 0.024905832919416608};-280.569866449044;40.476869965666744
11680;-99.8080632588551;(((pow2((_a5_ + x)) * _a3_) + _a5_) * (-(x) / (_a5_ + _a7_)));{'d0': {'_a3_': 0.728141465664173, '_a5_': 0.3119297078149775, '_a7_': -0.5275628225045702, '_a0_': 1.0, '_a1_': 1.0, '_a2_': 1.0, '_a4_': 1.0, '_a6_': 1.0}};{'d0': 0.024905832919416608};-280.569866449044;40.476869965666744
11681;-99.8080632588551;(((pow2((_a5_ + x)) * _a3_) + _a5_) * (-(x) / (_a5_ + _a7_)));{'d0': {'_a3_': 0.728141465664173, '_a5_': 0.3119297078149775, '_a7_': -0.5275628225045702, '_a0_': 1.0, '_a1_': 1.0, '_a2_': 1.0, '_a4_': 1.0, '_a6_': 1.0}};{'d0': 0.024905832919416608};-280.569866449044;40.476869965666744
11682;-107.361439187033;(x * (_a4_ + pow2(((x + (_a5_ / _a2_)) * _a0_))));{'d0': {'_a0_': 1.8375964942454217, '_a2_': 14573.40086775627, '_a4_': 1.4465760897341104, '_a5_': 4545.876641827483, '_a1_': 1.0, '_a3_': 1.0, '_a6_': 1.0, '_a7_': 1.0}};{'d0': 0.024905832919417527};-276.475521886819;30.87632175637633
11683;-107.361439187033;(x * (_a4_ + pow2(((x + (_a5_ / _a2_)) * _a0_))));{'d0': {'_a0_': 1.8375964942454217, '_a2_': 14573.40086775627, '_a4_': 1.4465760897341104, '_a5_': 4545.876641827483, '_a1_': 1.0, '_a3_': 1.0, '_a6_': 1.0, '_a7_': 1.0}};{'d0': 0.024905832919417527};-276.475521886819;30.87632175637633
11684;-107.361439187033;(x * (_a4_ + pow2(((x + (_a5_ / _a2_)) * _a0_))));{'d0': {'_a0_': 1.8375964942454217, '_a2_': 14573.40086775627, '_a4_': 1.4465760897341104, '_a5_': 4545.876641827483, '_a1_': 1.0, '_a3_': 1.0, '_a6_': 1.0, '_a7_': 1.0}};{'d0': 0.024905832919417527};-276.475521886819;30.87632175637633
11685;-107.361439187033;(x * (_a4_ + pow2(((x + (_a5_ / _a2_)) * _a0_))));{'d0': {'_a0_': 1.8375964942454217, '_a2_': 14573.40086775627, '_a4_': 1.4465760897341104, '_a5_': 4545.876641827483, '_a1_': 1.0, '_a3_': 1.0, '_a6_': 1.0, '_a7_': 1.0}};{'d0': 0.024905832919417527};-276.475521886819;30.87632175637633
11686;-107.361439187033;(x * (_a4_ + pow2(((x + (_a5_ / _a2_)) * _a0_))));{'d0': {'_a0_': 1.8375964942454217, '_a2_': 14573.40086775627, '_a4_': 1.4465760897341104, '_a5_': 4545.876641827483, '_a1_': 1.0, '_a3_': 1.0, '_a6_': 1.0, '_a7_': 1.0}};{'d0': 0.024905832919417527};-276.475521886819;30.87632175637633
11687;-107.361439187033;(x * (_a4_ + pow2(((x + (_a5_ / _a2_)) * _a0_))));{'d0': {'_a0_': 1.8375964942454217, '_a2_': 14573.40086775627, '_a4_': 1.4465760897341104, '_a5_': 4545.876641827483, '_a1_': 1.0, '_a3_': 1.0, '_a6_': 1.0, '_a7_': 1.0}};{'d0': 0.024905832919417527};-276.475521886819;30.87632175637633
11688;-107.361439187033;(x * (_a4_ + pow2(((x + (_a5_ / _a2_)) * _a0_))));{'d0': {'_a0_': 1.8375964942454217, '_a2_': 14573.40086775627, '_a4_': 1.4465760897341104, '_a5_': 4545.876641827483, '_a1_': 1.0, '_a3_': 1.0, '_a6_': 1.0, '_a7_': 1.0}};{'d0': 0.024905832919417527};-276.475521886819;30.87632175637633
11689;-107.361439187033;(x * (_a4_ + pow2(((x + (_a5_ / _a2_)) * _a0_))));{'d0': {'_a0_': 1.8375964942454217, '_a2_': 14573.40086775627, '_a4_': 1.4465760897341104, '_a5_': 4545.876641827483, '_a1_': 1.0, '_a3_': 1.0, '_a6_': 1.0, '_a7_': 1.0}};{'d0': 0.024905832919417527};-276.475521886819;30.87632175637633
11690;-107.361439187033;(x * (_a4_ + pow2(((x + (_a5_ / _a2_)) * _a0_))));{'d0': {'_a0_': 1.8375964942454217, '_a2_': 14573.40086775627, '_a4_': 1.4465760897341104, '_a5_': 4545.876641827483, '_a1_': 1.0, '_a3_': 1.0, '_a6_': 1.0, '_a7_': 1.0}};{'d0': 0.024905832919417527};-276.475521886819;30.87632175637633
11691;-99.4770440977751;((x * (_a4_ + pow2(((x + (_a5_ / _a2_)) * _a0_)))) / _a7_);{'d0': {'_a0_': 1.8375964942454217, '_a2_': 14573.40086775627, '_a4_': 1.4465760897341104, '_a5_': 4545.876641827483, '_a7_': 1.0, '_a1_': 1.0, '_a3_': 1.0, '_a6_': 1.0}};{'d0': 0.024905832919417527};-272.381177324597;36.71354456452353
11692;-101.524216378887;((x * (_a4_ + pow2(((x + (_a5_ / _a2_)) * _a7_)))) / _a7_);{'d0': {'_a2_': 6034960.433222044, '_a4_': 4.884741546071502, '_a5_': 1882483.4501037851, '_a7_': 3.376760877038047, '_a0_': 1.0, '_a1_': 1.0, '_a3_': 1.0, '_a6_': 1.0}};{'d0': 0.024905832919416757};-276.475521886821;36.71354456452353
11693;-101.524216378887;((x * (_a4_ + pow2(((x + (_a5_ / _a2_)) * _a7_)))) / _a7_);{'d0': {'_a2_': 6034960.433222044, '_a4_': 4.884741546071502, '_a5_': 1882483.4501037851, '_a7_': 3.376760877038047, '_a0_': 1.0, '_a1_': 1.0, '_a3_': 1.0, '_a6_': 1.0}};{'d0': 0.024905832919416757};-276.475521886821;36.71354456452353
11694;-99.8080632588551;(((pow2((_a5_ + x)) * _a3_) + _a5_) * (-(x) / (_a5_ + _a1_)));{'d0': {'_a1_': -0.5275628224830842, '_a3_': 0.728141465610394, '_a5_': 0.311929707802614, '_a0_': 1.0, '_a2_': 1.0, '_a4_': 1.0, '_a6_': 1.0, '_a7_': 1.0}};{'d0': 0.024905832919416622};-280.569866449044;40.476869965666744
11695;-99.8080632588551;(((pow2((_a5_ + x)) * _a3_) + _a5_) * (-(x) / (_a5_ + _a1_)));{'d0': {'_a1_': -0.5275628224830842, '_a3_': 0.728141465610394, '_a5_': 0.311929707802614, '_a0_': 1.0, '_a2_': 1.0, '_a4_': 1.0, '_a6_': 1.0, '_a7_': 1.0}};{'d0': 0.024905832919416622};-280.569866449044;40.476869965666744
11696;-99.8080632588551;(((pow2((_a5_ + x)) * _a3_) + _a5_) * (-(x) / (_a5_ + _a1_)));{'d0': {'_a1_': -0.5275628224830842, '_a3_': 0.728141465610394, '_a5_': 0.311929707802614, '_a0_': 1.0, '_a2_': 1.0, '_a4_': 1.0, '_a6_': 1.0, '_a7_': 1.0}};{'d0': 0.024905832919416622};-280.569866449044;40.476869965666744
11697;-99.8080632588551;(((pow2((_a5_ + x)) * _a3_) + _a5_) * (-(x) / (_a5_ + _a1_)));{'d0': {'_a1_': -0.5275628224830842, '_a3_': 0.728141465610394, '_a5_': 0.311929707802614, '_a0_': 1.0, '_a2_': 1.0, '_a4_': 1.0, '_a6_': 1.0, '_a7_': 1.0}};{'d0': 0.024905832919416622};-280.569866449044;40.476869965666744
11698;-99.8080632588551;(((pow2((_a5_ + x)) * _a3_) + _a5_) * (-(x) / (_a5_ + _a1_)));{'d0': {'_a1_': -0.5275628224830842, '_a3_': 0.728141465610394, '_a5_': 0.311929707802614, '_a0_': 1.0, '_a2_': 1.0, '_a4_': 1.0, '_a6_': 1.0, '_a7_': 1.0}};{'d0': 0.024905832919416622};-280.569866449044;40.476869965666744
11699;-99.8080632588551;(((pow2((_a5_ + x)) * _a3_) + _a5_) * (-(x) / (_a5_ + _a1_)));{'d0': {'_a1_': -0.5275628224830842, '_a3_': 0.728141465610394, '_a5_': 0.311929707802614, '_a0_': 1.0, '_a2_': 1.0, '_a4_': 1.0, '_a6_': 1.0, '_a7_': 1.0}};{'d0': 0.024905832919416622};-280.569866449044;40.476869965666744
11700;-99.8080632588551;(((pow2((_a5_ + x)) * _a3_) + _a5_) * (-(x) / (_a5_ + _a1_)));{'d0': {'_a1_': -0.5275628224830842, '_a3_': 0.728141465610394, '_a5_': 0.311929707802614, '_a0_': 1.0, '_a2_': 1.0, '_a4_': 1.0, '_a6_': 1.0, '_a7_': 1.0}};{'d0': 0.024905832919416622};-280.569866449044;40.476869965666744
11701;-99.8080632588551;(((pow2((_a5_ + x)) * _a3_) + _a5_) * (-(x) / (_a5_ + _a1_)));{'d0': {'_a1_': -0.5275628224830842, '_a3_': 0.728141465610394, '_a5_': 0.311929707802614, '_a0_': 1.0, '_a2_': 1.0, '_a4_': 1.0, '_a6_': 1.0, '_a7_': 1.0}};{'d0': 0.024905832919416622};-280.569866449044;40.476869965666744
11702;-99.8080632588551;(((pow2((_a5_ + x)) * _a3_) + _a5_) * (-(x) / (_a5_ + _a1_)));{'d0': {'_a1_': -0.5275628224830842, '_a3_': 0.728141465610394, '_a5_': 0.311929707802614, '_a0_': 1.0, '_a2_': 1.0, '_a4_': 1.0, '_a6_': 1.0, '_a7_': 1.0}};{'d0': 0.024905832919416622};-280.569866449044;40.476869965666744
11703;-99.8080632588551;(((pow2((_a5_ + x)) * _a3_) + _a5_) * (-(x) / (_a5_ + _a1_)));{'d0': {'_a1_': -0.5275628224830842, '_a3_': 0.728141465610394, '_a5_': 0.311929707802614, '_a0_': 1.0, '_a2_': 1.0, '_a4_': 1.0, '_a6_': 1.0, '_a7_': 1.0}};{'d0': 0.024905832919416622};-280.569866449044;40.476869965666744
11704;-99.8080632588551;(((pow2((_a5_ + x)) * _a3_) + _a5_) * (-(x) / (_a5_ + _a1_)));{'d0': {'_a1_': -0.5275628224830842, '_a3_': 0.728141465610394, '_a5_': 0.311929707802614, '_a0_': 1.0, '_a2_': 1.0, '_a4_': 1.0, '_a6_': 1.0, '_a7_': 1.0}};{'d0': 0.024905832919416622};-280.569866449044;40.476869965666744
11705;-99.8080632588551;(((pow2((_a5_ + x)) * _a3_) + _a5_) * (-(x) / (_a5_ + _a1_)));{'d0': {'_a1_': -0.5275628224830842, '_a3_': 0.728141465610394, '_a5_': 0.311929707802614, '_a0_': 1.0, '_a2_': 1.0, '_a4_': 1.0, '_a6_': 1.0, '_a7_': 1.0}};{'d0': 0.024905832919416622};-280.569866449044;40.476869965666744
11706;-99.8080632588551;(((pow2((_a5_ + x)) * _a3_) + _a5_) * (-(x) / (_a5_ + _a1_)));{'d0': {'_a1_': -0.5275628224830842, '_a3_': 0.728141465610394, '_a5_': 0.311929707802614, '_a0_': 1.0, '_a2_': 1.0, '_a4_': 1.0, '_a6_': 1.0, '_a7_': 1.0}};{'d0': 0.024905832919416622};-280.569866449044;40.476869965666744
11707;-99.8080632588551;(((pow2((_a5_ + x)) * _a3_) + _a5_) * (-(x) / (_a5_ + _a1_)));{'d0': {'_a1_': -0.5275628224830842, '_a3_': 0.728141465610394, '_a5_': 0.311929707802614, '_a0_': 1.0, '_a2_': 1.0, '_a4_': 1.0, '_a6_': 1.0, '_a7_': 1.0}};{'d0': 0.024905832919416622};-280.569866449044;40.476869965666744
11708;-99.8080632588551;(((pow2((_a5_ + x)) * _a3_) + _a5_) * (-(x) / (_a5_ + _a1_)));{'d0': {'_a1_': -0.5275628224830842, '_a3_': 0.728141465610394, '_a5_': 0.311929707802614, '_a0_': 1.0, '_a2_': 1.0, '_a4_': 1.0, '_a6_': 1.0, '_a7_': 1.0}};{'d0': 0.024905832919416622};-280.569866449044;40.476869965666744
11709;-99.8080632588551;(((pow2((_a5_ + x)) * _a3_) + _a5_) * (-(x) / (_a5_ + _a1_)));{'d0': {'_a1_': -0.5275628224830842, '_a3_': 0.728141465610394, '_a5_': 0.311929707802614, '_a0_': 1.0, '_a2_': 1.0, '_a4_': 1.0, '_a6_': 1.0, '_a7_': 1.0}};{'d0': 0.024905832919416622};-280.569866449044;40.476869965666744
11710;-99.8080632588550;(((pow2((_a5_ + x)) * _a3_) + _a5_) * (-(x) / (_a3_ + _a1_)));{'d0': {'_a1_': -0.9437745801809792, '_a3_': 0.7281414655043417, '_a5_': 0.31192970785105045, '_a0_': 1.0, '_a2_': 1.0, '_a4_': 1.0, '_a6_': 1.0, '_a7_': 1.0}};{'d0': 0.024905832919416664};-280.569866449044;40.476869965666744
11711;-99.8080632588550;(((pow2((_a5_ + x)) * _a3_) + _a5_) * (-(x) / (_a3_ + _a1_)));{'d0': {'_a1_': -0.9437745801809792, '_a3_': 0.7281414655043417, '_a5_': 0.31192970785105045, '_a0_': 1.0, '_a2_': 1.0, '_a4_': 1.0, '_a6_': 1.0, '_a7_': 1.0}};{'d0': 0.024905832919416664};-280.569866449044;40.476869965666744
11712;-99.8080632588550;(((pow2((_a5_ + x)) * _a3_) + _a5_) * (-(x) / (_a3_ + _a1_)));{'d0': {'_a1_': -0.9437745801809792, '_a3_': 0.7281414655043417, '_a5_': 0.31192970785105045, '_a0_': 1.0, '_a2_': 1.0, '_a4_': 1.0, '_a6_': 1.0, '_a7_': 1.0}};{'d0': 0.024905832919416664};-280.569866449044;40.476869965666744
11713;-99.8080632588550;(((pow2((_a5_ + x)) * _a3_) + _a5_) * (-(x) / (_a3_ + _a1_)));{'d0': {'_a1_': -0.9437745801809792, '_a3_': 0.7281414655043417, '_a5_': 0.31192970785105045, '_a0_': 1.0, '_a2_': 1.0, '_a4_': 1.0, '_a6_': 1.0, '_a7_': 1.0}};{'d0': 0.024905832919416664};-280.569866449044;40.476869965666744
11714;-99.8080632588550;(((pow2((_a5_ + x)) * _a3_) + _a5_) * (-(x) / (_a3_ + _a1_)));{'d0': {'_a1_': -0.9437745801809792, '_a3_': 0.7281414655043417, '_a5_': 0.31192970785105045, '_a0_': 1.0, '_a2_': 1.0, '_a4_': 1.0, '_a6_': 1.0, '_a7_': 1.0}};{'d0': 0.024905832919416664};-280.569866449044;40.476869965666744
11715;-99.8080632588550;(((pow2((_a5_ + x)) * _a3_) + _a5_) * (-(x) / (_a3_ + _a1_)));{'d0': {'_a1_': -0.9437745801809792, '_a3_': 0.7281414655043417, '_a5_': 0.31192970785105045, '_a0_': 1.0, '_a2_': 1.0, '_a4_': 1.0, '_a6_': 1.0, '_a7_': 1.0}};{'d0': 0.024905832919416664};-280.569866449044;40.476869965666744
11716;-99.8080632588550;(((pow2((_a5_ + x)) * _a3_) + _a5_) * (-(x) / (_a3_ + _a1_)));{'d0': {'_a1_': -0.9437745801809792, '_a3_': 0.7281414655043417, '_a5_': 0.31192970785105045, '_a0_': 1.0, '_a2_': 1.0, '_a4_': 1.0, '_a6_': 1.0, '_a7_': 1.0}};{'d0': 0.024905832919416664};-280.569866449044;40.476869965666744
11717;-99.8080632588550;(((pow2((_a5_ + x)) * _a3_) + _a5_) * (-(x) / (_a3_ + _a1_)));{'d0': {'_a1_': -0.9437745801809792, '_a3_': 0.7281414655043417, '_a5_': 0.31192970785105045, '_a0_': 1.0, '_a2_': 1.0, '_a4_': 1.0, '_a6_': 1.0, '_a7_': 1.0}};{'d0': 0.024905832919416664};-280.569866449044;40.476869965666744
11718;-99.8080632588550;(((pow2((_a5_ + x)) * _a3_) + _a5_) * (-(x) / (_a3_ + _a1_)));{'d0': {'_a1_': -0.9437745801809792, '_a3_': 0.7281414655043417, '_a5_': 0.31192970785105045, '_a0_': 1.0, '_a2_': 1.0, '_a4_': 1.0, '_a6_': 1.0, '_a7_': 1.0}};{'d0': 0.024905832919416664};-280.569866449044;40.476869965666744
11719;-99.8080632588550;(((pow2((_a5_ + x)) * _a3_) + _a5_) * (-(x) / (_a3_ + _a1_)));{'d0': {'_a1_': -0.9437745801809792, '_a3_': 0.7281414655043417, '_a5_': 0.31192970785105045, '_a0_': 1.0, '_a2_': 1.0, '_a4_': 1.0, '_a6_': 1.0, '_a7_': 1.0}};{'d0': 0.024905832919416664};-280.569866449044;40.476869965666744
11720;-99.8080632588550;(((pow2((_a5_ + x)) * _a3_) + _a5_) * (-(x) / (_a3_ + _a1_)));{'d0': {'_a1_': -0.9437745801809792, '_a3_': 0.7281414655043417, '_a5_': 0.31192970785105045, '_a0_': 1.0, '_a2_': 1.0, '_a4_': 1.0, '_a6_': 1.0, '_a7_': 1.0}};{'d0': 0.024905832919416664};-280.569866449044;40.476869965666744
11721;-99.8080632588550;(((pow2((_a5_ + x)) * _a3_) + _a5_) * (-(x) / (_a3_ + _a1_)));{'d0': {'_a1_': -0.9437745801809792, '_a3_': 0.7281414655043417, '_a5_': 0.31192970785105045, '_a0_': 1.0, '_a2_': 1.0, '_a4_': 1.0, '_a6_': 1.0, '_a7_': 1.0}};{'d0': 0.024905832919416664};-280.569866449044;40.476869965666744
11722;-99.8080632588550;(((pow2((-((_a3_ + x)) / _a2_)) * _a5_) + (x + _a5_)) * x);{'d0': {'_a2_': -0.7062875186110005, '_a3_': 0.16385881481766765, '_a5_': 1.6844703506437027, '_a0_': 1.0, '_a1_': 1.0, '_a4_': 1.0, '_a6_': 1.0, '_a7_': 1.0}};{'d0': 0.024905832919416688};-280.569866449043;40.47686996566671
11723;-99.8080632588550;(((pow2((-((_a3_ + x)) / _a2_)) * _a5_) + (x + _a5_)) * x);{'d0': {'_a2_': -0.7062875186110005, '_a3_': 0.16385881481766765, '_a5_': 1.6844703506437027, '_a0_': 1.0, '_a1_': 1.0, '_a4_': 1.0, '_a6_': 1.0, '_a7_': 1.0}};{'d0': 0.024905832919416688};-280.569866449043;40.47686996566671
11724;-99.8080632588550;(((pow2((-((_a3_ + x)) / _a2_)) * _a5_) + (x + _a5_)) * x);{'d0': {'_a2_': -0.7062875186110005, '_a3_': 0.16385881481766765, '_a5_': 1.6844703506437027, '_a0_': 1.0, '_a1_': 1.0, '_a4_': 1.0, '_a6_': 1.0, '_a7_': 1.0}};{'d0': 0.024905832919416688};-280.569866449043;40.47686996566671
11725;-99.8080632588550;(((pow2((-((_a3_ + x)) / _a2_)) * _a5_) + (x + _a5_)) * x);{'d0': {'_a2_': -0.7062875186110005, '_a3_': 0.16385881481766765, '_a5_': 1.6844703506437027, '_a0_': 1.0, '_a1_': 1.0, '_a4_': 1.0, '_a6_': 1.0, '_a7_': 1.0}};{'d0': 0.024905832919416688};-280.569866449043;40.47686996566671
11726;-99.8080632588550;(((pow2((-((_a3_ + x)) / _a2_)) * _a5_) + (x + _a5_)) * x);{'d0': {'_a2_': -0.7062875186110005, '_a3_': 0.16385881481766765, '_a5_': 1.6844703506437027, '_a0_': 1.0, '_a1_': 1.0, '_a4_': 1.0, '_a6_': 1.0, '_a7_': 1.0}};{'d0': 0.024905832919416688};-280.569866449043;40.47686996566671
11727;-99.8080632588550;(((pow2((-((_a3_ + x)) / _a2_)) * _a5_) + (x + _a5_)) * x);{'d0': {'_a2_': -0.7062875186110005, '_a3_': 0.16385881481766765, '_a5_': 1.6844703506437027, '_a0_': 1.0, '_a1_': 1.0, '_a4_': 1.0, '_a6_': 1.0, '_a7_': 1.0}};{'d0': 0.024905832919416688};-280.569866449043;40.47686996566671
11728;-99.8080632588550;(((pow2((-((_a3_ + x)) / _a2_)) * _a5_) + (x + _a5_)) * x);{'d0': {'_a2_': -0.7062875186110005, '_a3_': 0.16385881481766765, '_a5_': 1.6844703506437027, '_a0_': 1.0, '_a1_': 1.0, '_a4_': 1.0, '_a6_': 1.0, '_a7_': 1.0}};{'d0': 0.024905832919416688};-280.569866449043;40.47686996566671
11729;-99.8080632588550;(((pow2((-((_a3_ + x)) / _a2_)) * _a5_) + (x + _a5_)) * x);{'d0': {'_a2_': -0.7062875186110005, '_a3_': 0.16385881481766765, '_a5_': 1.6844703506437027, '_a0_': 1.0, '_a1_': 1.0, '_a4_': 1.0, '_a6_': 1.0, '_a7_': 1.0}};{'d0': 0.024905832919416688};-280.569866449043;40.47686996566671
11730;-99.8080632588550;(((pow2((-((_a3_ + x)) / _a2_)) * _a5_) + (x + _a5_)) * x);{'d0': {'_a2_': -0.7062875186110005, '_a3_': 0.16385881481766765, '_a5_': 1.6844703506437027, '_a0_': 1.0, '_a1_': 1.0, '_a4_': 1.0, '_a6_': 1.0, '_a7_': 1.0}};{'d0': 0.024905832919416688};-280.569866449043;40.47686996566671
11731;-99.8080632588550;(((pow2((-((_a3_ + x)) / _a2_)) * _a5_) + (x + _a5_)) * x);{'d0': {'_a2_': -0.7062875186110005, '_a3_': 0.16385881481766765, '_a5_': 1.6844703506437027, '_a0_': 1.0, '_a1_': 1.0, '_a4_': 1.0, '_a6_': 1.0, '_a7_': 1.0}};{'d0': 0.024905832919416688};-280.569866449043;40.47686996566671
11732;-100.731372386122;(((pow2((_a5_ + x)) * _a3_) + _a5_) * (-(x) * (_a3_ + _a1_)));{'d0': {'_a1_': -5.3656481003564265, '_a3_': 0.7281414658470909, '_a5_': 0.3119297077207214, '_a0_': 1.0, '_a2_': 1.0, '_a4_': 1.0, '_a6_': 1.0, '_a7_': 1.0}};{'d0': 0.024905832919416664};-280.569866449044;39.55356083839934
11733;-100.731372386122;(((pow2((_a5_ + x)) * _a3_) + _a5_) * (-(x) * (_a3_ + _a1_)));{'d0': {'_a1_': -5.3656481003564265, '_a3_': 0.7281414658470909, '_a5_': 0.3119297077207214, '_a0_': 1.0, '_a2_': 1.0, '_a4_': 1.0, '_a6_': 1.0, '_a7_': 1.0}};{'d0': 0.024905832919416664};-280.569866449044;39.55356083839934
11734;-100.731372386122;(((pow2((_a5_ + x)) * _a3_) + _a5_) * (-(x) * (_a3_ + _a1_)));{'d0': {'_a1_': -5.3656481003564265, '_a3_': 0.7281414658470909, '_a5_': 0.3119297077207214, '_a0_': 1.0, '_a2_': 1.0, '_a4_': 1.0, '_a6_': 1.0, '_a7_': 1.0}};{'d0': 0.024905832919416664};-280.569866449044;39.55356083839934
11735;-100.731372386122;(((pow2((_a5_ + x)) * _a3_) + _a5_) * (-(x) * (_a3_ + _a1_)));{'d0': {'_a1_': -5.3656481003564265, '_a3_': 0.7281414658470909, '_a5_': 0.3119297077207214, '_a0_': 1.0, '_a2_': 1.0, '_a4_': 1.0, '_a6_': 1.0, '_a7_': 1.0}};{'d0': 0.024905832919416664};-280.569866449044;39.55356083839934
11736;-100.731372386122;(((pow2((_a5_ + x)) * _a3_) + _a5_) * (-(x) * (_a3_ + _a1_)));{'d0': {'_a1_': -5.3656481003564265, '_a3_': 0.7281414658470909, '_a5_': 0.3119297077207214, '_a0_': 1.0, '_a2_': 1.0, '_a4_': 1.0, '_a6_': 1.0, '_a7_': 1.0}};{'d0': 0.024905832919416664};-280.569866449044;39.55356083839934
11737;-100.731372386122;(((pow2((_a5_ + x)) * _a3_) + _a5_) * (-(x) * (_a3_ + _a1_)));{'d0': {'_a1_': -5.3656481003564265, '_a3_': 0.7281414658470909, '_a5_': 0.3119297077207214, '_a0_': 1.0, '_a2_': 1.0, '_a4_': 1.0, '_a6_': 1.0, '_a7_': 1.0}};{'d0': 0.024905832919416664};-280.569866449044;39.55356083839934
11738;-100.731372386122;(((pow2((_a5_ + x)) * _a3_) + _a5_) * (-(x) * (_a3_ + _a1_)));{'d0': {'_a1_': -5.3656481003564265, '_a3_': 0.7281414658470909, '_a5_': 0.3119297077207214, '_a0_': 1.0, '_a2_': 1.0, '_a4_': 1.0, '_a6_': 1.0, '_a7_': 1.0}};{'d0': 0.024905832919416664};-280.569866449044;39.55356083839934
11739;-100.731372386122;(((pow2((_a5_ + x)) * _a3_) + _a5_) * (-(x) * (_a3_ + _a1_)));{'d0': {'_a1_': -5.3656481003564265, '_a3_': 0.7281414658470909, '_a5_': 0.3119297077207214, '_a0_': 1.0, '_a2_': 1.0, '_a4_': 1.0, '_a6_': 1.0, '_a7_': 1.0}};{'d0': 0.024905832919416664};-280.569866449044;39.55356083839934
11740;-100.731372386122;(((pow2((_a5_ + x)) * _a3_) + _a5_) * (-(x) * (_a3_ + _a1_)));{'d0': {'_a1_': -5.3656481003564265, '_a3_': 0.7281414658470909, '_a5_': 0.3119297077207214, '_a0_': 1.0, '_a2_': 1.0, '_a4_': 1.0, '_a6_': 1.0, '_a7_': 1.0}};{'d0': 0.024905832919416664};-280.569866449044;39.55356083839934
11741;-100.731372386122;(((pow2((_a5_ + x)) * _a3_) + _a5_) * (-(x) * (_a3_ + _a1_)));{'d0': {'_a1_': -5.3656481003564265, '_a3_': 0.7281414658470909, '_a5_': 0.3119297077207214, '_a0_': 1.0, '_a2_': 1.0, '_a4_': 1.0, '_a6_': 1.0, '_a7_': 1.0}};{'d0': 0.024905832919416664};-280.569866449044;39.55356083839934
11742;-100.731372386122;(((pow2((_a5_ + x)) * _a3_) + _a5_) * (-(x) * (_a3_ + _a1_)));{'d0': {'_a1_': -5.3656481003564265, '_a3_': 0.7281414658470909, '_a5_': 0.3119297077207214, '_a0_': 1.0, '_a2_': 1.0, '_a4_': 1.0, '_a6_': 1.0, '_a7_': 1.0}};{'d0': 0.024905832919416664};-280.569866449044;39.55356083839934
11743;-100.731372386122;(((pow2((_a5_ + x)) * _a3_) + _a5_) * (-(x) * (_a3_ + _a1_)));{'d0': {'_a1_': -5.3656481003564265, '_a3_': 0.7281414658470909, '_a5_': 0.3119297077207214, '_a0_': 1.0, '_a2_': 1.0, '_a4_': 1.0, '_a6_': 1.0, '_a7_': 1.0}};{'d0': 0.024905832919416664};-280.569866449044;39.55356083839934
11744;-100.731372386122;(((pow2((_a5_ + x)) * _a3_) + _a5_) * (-(x) * (_a3_ + _a1_)));{'d0': {'_a1_': -5.3656481003564265, '_a3_': 0.7281414658470909, '_a5_': 0.3119297077207214, '_a0_': 1.0, '_a2_': 1.0, '_a4_': 1.0, '_a6_': 1.0, '_a7_': 1.0}};{'d0': 0.024905832919416664};-280.569866449044;39.55356083839934
11745;-100.731372386122;(((pow2((_a5_ + x)) * _a3_) + _a5_) * (-(x) * (_a3_ + _a1_)));{'d0': {'_a1_': -5.3656481003564265, '_a3_': 0.7281414658470909, '_a5_': 0.3119297077207214, '_a0_': 1.0, '_a2_': 1.0, '_a4_': 1.0, '_a6_': 1.0, '_a7_': 1.0}};{'d0': 0.024905832919416664};-280.569866449044;39.55356083839934
11746;-100.731372386122;(((pow2((_a5_ + x)) * _a3_) + _a5_) * (-(x) * (_a3_ + _a1_)));{'d0': {'_a1_': -5.3656481003564265, '_a3_': 0.7281414658470909, '_a5_': 0.3119297077207214, '_a0_': 1.0, '_a2_': 1.0, '_a4_': 1.0, '_a6_': 1.0, '_a7_': 1.0}};{'d0': 0.024905832919416664};-280.569866449044;39.55356083839934
11747;-100.731372386122;(((pow2((_a5_ + x)) * _a3_) + _a5_) * (-(x) * (_a3_ + _a1_)));{'d0': {'_a1_': -5.3656481003564265, '_a3_': 0.7281414658470909, '_a5_': 0.3119297077207214, '_a0_': 1.0, '_a2_': 1.0, '_a4_': 1.0, '_a6_': 1.0, '_a7_': 1.0}};{'d0': 0.024905832919416664};-280.569866449044;39.55356083839934
11748;-100.731372386122;(((pow2((_a5_ + x)) * _a3_) + _a5_) * (-(x) * (_a3_ + _a1_)));{'d0': {'_a1_': -5.3656481003564265, '_a3_': 0.7281414658470909, '_a5_': 0.3119297077207214, '_a0_': 1.0, '_a2_': 1.0, '_a4_': 1.0, '_a6_': 1.0, '_a7_': 1.0}};{'d0': 0.024905832919416664};-280.569866449044;39.55356083839934
11749;-100.731372386122;(((pow2((_a5_ + x)) * _a3_) + _a5_) * (-(x) * (_a3_ + _a1_)));{'d0': {'_a1_': -5.3656481003564265, '_a3_': 0.7281414658470909, '_a5_': 0.3119297077207214, '_a0_': 1.0, '_a2_': 1.0, '_a4_': 1.0, '_a6_': 1.0, '_a7_': 1.0}};{'d0': 0.024905832919416664};-280.569866449044;39.55356083839934
11750;-100.731372386122;(((pow2((_a5_ + x)) * _a3_) + _a5_) * (-(x) * (_a3_ + _a1_)));{'d0': {'_a1_': -5.3656481003564265, '_a3_': 0.7281414658470909, '_a5_': 0.3119297077207214, '_a0_': 1.0, '_a2_': 1.0, '_a4_': 1.0, '_a6_': 1.0, '_a7_': 1.0}};{'d0': 0.024905832919416664};-280.569866449044;39.55356083839934
11751;-100.731372386122;(((pow2((_a5_ + x)) * _a3_) + _a5_) * (-(x) * (_a3_ + _a1_)));{'d0': {'_a1_': -5.3656481003564265, '_a3_': 0.7281414658470909, '_a5_': 0.3119297077207214, '_a0_': 1.0, '_a2_': 1.0, '_a4_': 1.0, '_a6_': 1.0, '_a7_': 1.0}};{'d0': 0.024905832919416664};-280.569866449044;39.55356083839934
11752;-100.731372386122;(((pow2((_a5_ + x)) * _a3_) + _a5_) * (-(x) * (_a3_ + _a1_)));{'d0': {'_a1_': -5.3656481003564265, '_a3_': 0.7281414658470909, '_a5_': 0.3119297077207214, '_a0_': 1.0, '_a2_': 1.0, '_a4_': 1.0, '_a6_': 1.0, '_a7_': 1.0}};{'d0': 0.024905832919416664};-280.569866449044;39.55356083839934
11753;-100.731372386122;(((pow2((_a5_ + x)) * _a3_) + _a5_) * (-(x) * (_a3_ + _a1_)));{'d0': {'_a1_': -5.3656481003564265, '_a3_': 0.7281414658470909, '_a5_': 0.3119297077207214, '_a0_': 1.0, '_a2_': 1.0, '_a4_': 1.0, '_a6_': 1.0, '_a7_': 1.0}};{'d0': 0.024905832919416664};-280.569866449044;39.55356083839934
11754;-100.731372386122;(((pow2((_a5_ + x)) * _a3_) + _a5_) * (-(x) * (_a3_ + _a1_)));{'d0': {'_a1_': -5.3656481003564265, '_a3_': 0.7281414658470909, '_a5_': 0.3119297077207214, '_a0_': 1.0, '_a2_': 1.0, '_a4_': 1.0, '_a6_': 1.0, '_a7_': 1.0}};{'d0': 0.024905832919416664};-280.569866449044;39.55356083839934
11755;-100.731372386122;(((pow2((_a5_ + x)) * _a3_) + _a5_) * (-(x) * (_a3_ + _a1_)));{'d0': {'_a1_': -5.3656481003564265, '_a3_': 0.7281414658470909, '_a5_': 0.3119297077207214, '_a0_': 1.0, '_a2_': 1.0, '_a4_': 1.0, '_a6_': 1.0, '_a7_': 1.0}};{'d0': 0.024905832919416664};-280.569866449044;39.55356083839934
11756;-100.731372386122;(((pow2((_a5_ + x)) * _a3_) + _a5_) * (-(x) * (_a3_ + _a1_)));{'d0': {'_a1_': -5.3656481003564265, '_a3_': 0.7281414658470909, '_a5_': 0.3119297077207214, '_a0_': 1.0, '_a2_': 1.0, '_a4_': 1.0, '_a6_': 1.0, '_a7_': 1.0}};{'d0': 0.024905832919416664};-280.569866449044;39.55356083839934
11757;-100.731372386122;(((pow2((_a5_ + x)) * _a3_) + _a5_) * (-(x) * (_a3_ + _a1_)));{'d0': {'_a1_': -5.3656481003564265, '_a3_': 0.7281414658470909, '_a5_': 0.3119297077207214, '_a0_': 1.0, '_a2_': 1.0, '_a4_': 1.0, '_a6_': 1.0, '_a7_': 1.0}};{'d0': 0.024905832919416664};-280.569866449044;39.55356083839934
11758;-100.731372386122;(((pow2((_a5_ + x)) * _a3_) + _a5_) * (-(x) * (_a3_ + _a1_)));{'d0': {'_a1_': -5.3656481003564265, '_a3_': 0.7281414658470909, '_a5_': 0.3119297077207214, '_a0_': 1.0, '_a2_': 1.0, '_a4_': 1.0, '_a6_': 1.0, '_a7_': 1.0}};{'d0': 0.024905832919416664};-280.569866449044;39.55356083839934
11759;-100.731372386122;(((pow2((_a5_ + x)) * _a3_) + _a5_) * (-(x) * (_a3_ + _a1_)));{'d0': {'_a1_': -5.3656481003564265, '_a3_': 0.7281414658470909, '_a5_': 0.3119297077207214, '_a0_': 1.0, '_a2_': 1.0, '_a4_': 1.0, '_a6_': 1.0, '_a7_': 1.0}};{'d0': 0.024905832919416664};-280.569866449044;39.55356083839934
11760;-100.731372386122;(((pow2((_a5_ + x)) * _a3_) + _a5_) * (-(x) * (_a3_ + _a1_)));{'d0': {'_a1_': -5.3656481003564265, '_a3_': 0.7281414658470909, '_a5_': 0.3119297077207214, '_a0_': 1.0, '_a2_': 1.0, '_a4_': 1.0, '_a6_': 1.0, '_a7_': 1.0}};{'d0': 0.024905832919416664};-280.569866449044;39.55356083839934
11761;-100.731372386122;(((pow2((_a5_ + x)) * _a3_) + _a5_) * (-(x) * (_a3_ + _a1_)));{'d0': {'_a1_': -5.3656481003564265, '_a3_': 0.7281414658470909, '_a5_': 0.3119297077207214, '_a0_': 1.0, '_a2_': 1.0, '_a4_': 1.0, '_a6_': 1.0, '_a7_': 1.0}};{'d0': 0.024905832919416664};-280.569866449044;39.55356083839934
11762;-100.731372386122;(((pow2((_a5_ + x)) * _a3_) + _a5_) * (-(x) * (_a3_ + _a1_)));{'d0': {'_a1_': -5.3656481003564265, '_a3_': 0.7281414658470909, '_a5_': 0.3119297077207214, '_a0_': 1.0, '_a2_': 1.0, '_a4_': 1.0, '_a6_': 1.0, '_a7_': 1.0}};{'d0': 0.024905832919416664};-280.569866449044;39.55356083839934
11763;-100.731372386122;(((pow2((_a5_ + x)) * _a3_) + _a5_) * (-(x) * (_a3_ + _a1_)));{'d0': {'_a1_': -5.3656481003564265, '_a3_': 0.7281414658470909, '_a5_': 0.3119297077207214, '_a0_': 1.0, '_a2_': 1.0, '_a4_': 1.0, '_a6_': 1.0, '_a7_': 1.0}};{'d0': 0.024905832919416664};-280.569866449044;39.55356083839934
11764;-100.731372386122;(((pow2((_a5_ + x)) * _a3_) + _a5_) * (-(x) * (_a3_ + _a1_)));{'d0': {'_a1_': -5.3656481003564265, '_a3_': 0.7281414658470909, '_a5_': 0.3119297077207214, '_a0_': 1.0, '_a2_': 1.0, '_a4_': 1.0, '_a6_': 1.0, '_a7_': 1.0}};{'d0': 0.024905832919416664};-280.569866449044;39.55356083839934
11765;-100.731372386122;(((pow2((_a5_ + x)) * _a3_) + _a5_) * (-(x) * (_a3_ + _a1_)));{'d0': {'_a1_': -5.3656481003564265, '_a3_': 0.7281414658470909, '_a5_': 0.3119297077207214, '_a0_': 1.0, '_a2_': 1.0, '_a4_': 1.0, '_a6_': 1.0, '_a7_': 1.0}};{'d0': 0.024905832919416664};-280.569866449044;39.55356083839934
11766;-92.0206517589114;(((pow2((_a5_ + x)) * _a3_) + _a5_) * (-(x) * ((_a3_ ** _a7_) + _a1_)));{'d0': {'_a1_': -5.3656481003564265, '_a3_': 0.7281414658470909, '_a5_': 0.3119297077207214, '_a7_': 1.0, '_a0_': 1.0, '_a2_': 1.0, '_a4_': 1.0, '_a6_': 1.0}};{'d0': 0.024905832919416664};-276.475521886821;46.21710918449934
11767;-92.0206517589114;(((pow2((_a5_ + x)) * _a3_) + _a5_) * (-(x) * ((_a3_ ** _a7_) + _a1_)));{'d0': {'_a1_': -5.3656481003564265, '_a3_': 0.7281414658470909, '_a5_': 0.3119297077207214, '_a7_': 1.0, '_a0_': 1.0, '_a2_': 1.0, '_a4_': 1.0, '_a6_': 1.0}};{'d0': 0.024905832919416664};-276.475521886821;46.21710918449934
11768;-92.0206517589114;(((pow2((_a5_ + x)) * _a3_) + _a5_) * (-(x) * ((_a3_ ** _a7_) + _a1_)));{'d0': {'_a1_': -5.3656481003564265, '_a3_': 0.7281414658470909, '_a5_': 0.3119297077207214, '_a7_': 1.0, '_a0_': 1.0, '_a2_': 1.0, '_a4_': 1.0, '_a6_': 1.0}};{'d0': 0.024905832919416664};-276.475521886821;46.21710918449934
11769;-92.0206517589114;(((pow2((_a5_ + x)) * _a3_) + _a5_) * (-(x) * ((_a3_ ** _a7_) + _a1_)));{'d0': {'_a1_': -5.3656481003564265, '_a3_': 0.7281414658470909, '_a5_': 0.3119297077207214, '_a7_': 1.0, '_a0_': 1.0, '_a2_': 1.0, '_a4_': 1.0, '_a6_': 1.0}};{'d0': 0.024905832919416664};-276.475521886821;46.21710918449934
11770;-90.7512589934023;(((pow2((_a5_ + x)) * _a3_) + _a5_) * ((x * _a1_) * ((_a3_ ** _a7_) + _a1_)));{'d0': {'_a1_': -2.2606167087245477, '_a3_': 0.7281414654305809, '_a5_': 0.31192970778386203, '_a7_': 4.931439242174667, '_a0_': 1.0, '_a2_': 1.0, '_a4_': 1.0, '_a6_': 1.0}};{'d0': 0.024905832919676033};-276.475521886197;47.486501949695956
11771;-90.7512589934023;(((pow2((_a5_ + x)) * _a3_) + _a5_) * ((x * _a1_) * ((_a3_ ** _a7_) + _a1_)));{'d0': {'_a1_': -2.2606167087245477, '_a3_': 0.7281414654305809, '_a5_': 0.31192970778386203, '_a7_': 4.931439242174667, '_a0_': 1.0, '_a2_': 1.0, '_a4_': 1.0, '_a6_': 1.0}};{'d0': 0.024905832919676033};-276.475521886197;47.486501949695956
11772;-90.7512589934023;(((pow2((_a5_ + x)) * _a3_) + _a5_) * ((x * _a1_) * ((_a3_ ** _a7_) + _a1_)));{'d0': {'_a1_': -2.2606167087245477, '_a3_': 0.7281414654305809, '_a5_': 0.31192970778386203, '_a7_': 4.931439242174667, '_a0_': 1.0, '_a2_': 1.0, '_a4_': 1.0, '_a6_': 1.0}};{'d0': 0.024905832919676033};-276.475521886197;47.486501949695956
11773;-90.7512589934023;(((pow2((_a5_ + x)) * _a3_) + _a5_) * ((x * _a1_) * ((_a3_ ** _a7_) + _a1_)));{'d0': {'_a1_': -2.2606167087245477, '_a3_': 0.7281414654305809, '_a5_': 0.31192970778386203, '_a7_': 4.931439242174667, '_a0_': 1.0, '_a2_': 1.0, '_a4_': 1.0, '_a6_': 1.0}};{'d0': 0.024905832919676033};-276.475521886197;47.486501949695956
11774;-90.7512589925884;(((pow2((_a5_ + x)) * _a3_) + _a5_) * ((x * _a3_) * ((_a3_ ** _a7_) + _a1_)));{'d0': {'_a1_': 3.1011559905416934, '_a3_': 0.7281414651073458, '_a5_': 0.3119297077999395, '_a7_': -3.732332569625539, '_a0_': 1.0, '_a2_': 1.0, '_a4_': 1.0, '_a6_': 1.0}};{'d0': 0.02490583292035172};-276.475521884569;47.486501949695956
11775;-90.7512589925884;(((pow2((_a5_ + x)) * _a3_) + _a5_) * ((x * _a3_) * ((_a3_ ** _a7_) + _a1_)));{'d0': {'_a1_': 3.1011559905416934, '_a3_': 0.7281414651073458, '_a5_': 0.3119297077999395, '_a7_': -3.732332569625539, '_a0_': 1.0, '_a2_': 1.0, '_a4_': 1.0, '_a6_': 1.0}};{'d0': 0.02490583292035172};-276.475521884569;47.486501949695956
11776;-90.7512589925884;(((pow2((_a5_ + x)) * _a3_) + _a5_) * ((x * _a3_) * ((_a3_ ** _a7_) + _a1_)));{'d0': {'_a1_': 3.1011559905416934, '_a3_': 0.7281414651073458, '_a5_': 0.3119297077999395, '_a7_': -3.732332569625539, '_a0_': 1.0, '_a2_': 1.0, '_a4_': 1.0, '_a6_': 1.0}};{'d0': 0.02490583292035172};-276.475521884569;47.486501949695956
11777;-90.7512589767437;(((pow2((_a3_ + x)) * _a3_) + _a5_) * ((x * _a3_) * ((_a3_ ** _a7_) + _a1_)));{'d0': {'_a1_': -5.7642591761234, '_a3_': 0.3119297076855554, '_a5_': 0.13362807513844768, '_a7_': -3.1764845002859565, '_a0_': 1.0, '_a2_': 1.0, '_a4_': 1.0, '_a6_': 1.0}};{'d0': 0.02490583293350588};-276.475521852879;47.486501949695956
11778;-90.7512589767437;(((pow2((_a3_ + x)) * _a3_) + _a5_) * ((x * _a3_) * ((_a3_ ** _a7_) + _a1_)));{'d0': {'_a1_': -5.7642591761234, '_a3_': 0.3119297076855554, '_a5_': 0.13362807513844768, '_a7_': -3.1764845002859565, '_a0_': 1.0, '_a2_': 1.0, '_a4_': 1.0, '_a6_': 1.0}};{'d0': 0.02490583293350588};-276.475521852879;47.486501949695956
11779;-90.7512589767437;(((pow2((_a3_ + x)) * _a3_) + _a5_) * ((x * _a3_) * ((_a3_ ** _a7_) + _a1_)));{'d0': {'_a1_': -5.7642591761234, '_a3_': 0.3119297076855554, '_a5_': 0.13362807513844768, '_a7_': -3.1764845002859565, '_a0_': 1.0, '_a2_': 1.0, '_a4_': 1.0, '_a6_': 1.0}};{'d0': 0.02490583293350588};-276.475521852879;47.486501949695956
11780;-90.7512589767437;(((pow2((_a3_ + x)) * _a3_) + _a5_) * ((x * _a3_) * ((_a3_ ** _a7_) + _a1_)));{'d0': {'_a1_': -5.7642591761234, '_a3_': 0.3119297076855554, '_a5_': 0.13362807513844768, '_a7_': -3.1764845002859565, '_a0_': 1.0, '_a2_': 1.0, '_a4_': 1.0, '_a6_': 1.0}};{'d0': 0.02490583293350588};-276.475521852879;47.486501949695956
11781;-90.7512589767437;(((pow2((_a3_ + x)) * _a3_) + _a5_) * ((x * _a3_) * ((_a3_ ** _a7_) + _a1_)));{'d0': {'_a1_': -5.7642591761234, '_a3_': 0.3119297076855554, '_a5_': 0.13362807513844768, '_a7_': -3.1764845002859565, '_a0_': 1.0, '_a2_': 1.0, '_a4_': 1.0, '_a6_': 1.0}};{'d0': 0.02490583293350588};-276.475521852879;47.486501949695956
11782;-90.7512589767437;(((pow2((_a3_ + x)) * _a3_) + _a5_) * ((x * _a3_) * ((_a3_ ** _a7_) + _a1_)));{'d0': {'_a1_': -5.7642591761234, '_a3_': 0.3119297076855554, '_a5_': 0.13362807513844768, '_a7_': -3.1764845002859565, '_a0_': 1.0, '_a2_': 1.0, '_a4_': 1.0, '_a6_': 1.0}};{'d0': 0.02490583293350588};-276.475521852879;47.486501949695956
11783;-108.292635771928;(x * (_a4_ + pow2(((x + (_a3_ + _a7_)) / _a7_))));{'d0': {'_a3_': -0.23225940176869128, '_a4_': 1.4465760894691928, '_a7_': 0.5441891094786765, '_a0_': 1.0, '_a1_': 1.0, '_a2_': 1.0, '_a5_': 1.0, '_a6_': 1.0}};{'d0': 0.024905832919416605};-280.569866449044;31.99229745259332
11784;-108.292635771928;(x * (_a4_ + pow2(((x + (_a3_ + _a7_)) / _a7_))));{'d0': {'_a3_': -0.23225940176869128, '_a4_': 1.4465760894691928, '_a7_': 0.5441891094786765, '_a0_': 1.0, '_a1_': 1.0, '_a2_': 1.0, '_a5_': 1.0, '_a6_': 1.0}};{'d0': 0.024905832919416605};-280.569866449044;31.99229745259332
11785;-108.292635771928;(x * (_a4_ + pow2(((x + (_a3_ + _a7_)) / _a7_))));{'d0': {'_a3_': -0.23225940176869128, '_a4_': 1.4465760894691928, '_a7_': 0.5441891094786765, '_a0_': 1.0, '_a1_': 1.0, '_a2_': 1.0, '_a5_': 1.0, '_a6_': 1.0}};{'d0': 0.024905832919416605};-280.569866449044;31.99229745259332
11786;-108.292635771928;(x * (_a4_ + pow2(((x + (_a3_ + _a7_)) / _a7_))));{'d0': {'_a3_': -0.23225940176869128, '_a4_': 1.4465760894691928, '_a7_': 0.5441891094786765, '_a0_': 1.0, '_a1_': 1.0, '_a2_': 1.0, '_a5_': 1.0, '_a6_': 1.0}};{'d0': 0.024905832919416605};-280.569866449044;31.99229745259332
11787;-101.910420552648;(((pow2((-((_a3_ + x)) + _a2_)) * _a0_) + pow2(_a2_)) * x);{'d0': {'_a0_': 3.376760877970227, '_a2_': -1.202736916123393, '_a3_': -0.8908072083423509, '_a1_': 1.0, '_a4_': 1.0, '_a5_': 1.0, '_a6_': 1.0, '_a7_': 1.0}};{'d0': 0.024905832919416605};-280.569866449044;38.374512671874314
11788;-101.910420552648;(((pow2((-((_a3_ + x)) + _a2_)) * _a0_) + pow2(_a2_)) * x);{'d0': {'_a0_': 3.376760877970227, '_a2_': -1.202736916123393, '_a3_': -0.8908072083423509, '_a1_': 1.0, '_a4_': 1.0, '_a5_': 1.0, '_a6_': 1.0, '_a7_': 1.0}};{'d0': 0.024905832919416605};-280.569866449044;38.374512671874314
11789;-101.910420552648;(((pow2((-((_a3_ + x)) + _a2_)) * _a0_) + pow2(_a2_)) * x);{'d0': {'_a0_': 3.376760877970227, '_a2_': -1.202736916123393, '_a3_': -0.8908072083423509, '_a1_': 1.0, '_a4_': 1.0, '_a5_': 1.0, '_a6_': 1.0, '_a7_': 1.0}};{'d0': 0.024905832919416605};-280.569866449044;38.374512671874314
11790;-101.910420552648;(((pow2((-((_a3_ + x)) + _a2_)) * _a0_) + pow2(_a2_)) * x);{'d0': {'_a0_': 3.376760877970227, '_a2_': -1.202736916123393, '_a3_': -0.8908072083423509, '_a1_': 1.0, '_a4_': 1.0, '_a5_': 1.0, '_a6_': 1.0, '_a7_': 1.0}};{'d0': 0.024905832919416605};-280.569866449044;38.374512671874314
11791;-101.910420552648;(((pow2((-((_a3_ + x)) + _a2_)) * _a0_) + pow2(_a2_)) * x);{'d0': {'_a0_': 3.376760877970227, '_a2_': -1.202736916123393, '_a3_': -0.8908072083423509, '_a1_': 1.0, '_a4_': 1.0, '_a5_': 1.0, '_a6_': 1.0, '_a7_': 1.0}};{'d0': 0.024905832919416605};-280.569866449044;38.374512671874314
11792;-101.910420552648;(((pow2((-((_a3_ + x)) + _a2_)) * _a0_) + pow2(_a2_)) * x);{'d0': {'_a0_': 3.376760877970227, '_a2_': -1.202736916123393, '_a3_': -0.8908072083423509, '_a1_': 1.0, '_a4_': 1.0, '_a5_': 1.0, '_a6_': 1.0, '_a7_': 1.0}};{'d0': 0.024905832919416605};-280.569866449044;38.374512671874314
11793;-101.910420552648;(((pow2((-((_a3_ + x)) + _a2_)) * _a0_) + pow2(_a2_)) * x);{'d0': {'_a0_': 3.376760877970227, '_a2_': -1.202736916123393, '_a3_': -0.8908072083423509, '_a1_': 1.0, '_a4_': 1.0, '_a5_': 1.0, '_a6_': 1.0, '_a7_': 1.0}};{'d0': 0.024905832919416605};-280.569866449044;38.374512671874314
11794;-101.910420552648;(((pow2((-((_a3_ + x)) + _a2_)) * _a0_) + pow2(_a2_)) * x);{'d0': {'_a0_': 3.376760877970227, '_a2_': -1.202736916123393, '_a3_': -0.8908072083423509, '_a1_': 1.0, '_a4_': 1.0, '_a5_': 1.0, '_a6_': 1.0, '_a7_': 1.0}};{'d0': 0.024905832919416605};-280.569866449044;38.374512671874314
11795;-101.910420552648;(((pow2((-((_a3_ + x)) + _a2_)) * _a0_) + pow2(_a2_)) * x);{'d0': {'_a0_': 3.376760877970227, '_a2_': -1.202736916123393, '_a3_': -0.8908072083423509, '_a1_': 1.0, '_a4_': 1.0, '_a5_': 1.0, '_a6_': 1.0, '_a7_': 1.0}};{'d0': 0.024905832919416605};-280.569866449044;38.374512671874314
11796;-101.910420552648;(((pow2((-((_a3_ + x)) + _a2_)) * _a0_) + pow2(_a2_)) * x);{'d0': {'_a0_': 3.376760877970227, '_a2_': -1.202736916123393, '_a3_': -0.8908072083423509, '_a1_': 1.0, '_a4_': 1.0, '_a5_': 1.0, '_a6_': 1.0, '_a7_': 1.0}};{'d0': 0.024905832919416605};-280.569866449044;38.374512671874314
11797;-101.910420552648;(((pow2((-((_a3_ + x)) + _a2_)) * _a0_) + pow2(_a2_)) * x);{'d0': {'_a0_': 3.376760877970227, '_a2_': -1.202736916123393, '_a3_': -0.8908072083423509, '_a1_': 1.0, '_a4_': 1.0, '_a5_': 1.0, '_a6_': 1.0, '_a7_': 1.0}};{'d0': 0.024905832919416605};-280.569866449044;38.374512671874314
11798;-101.910420552648;(((pow2((-((_a3_ + x)) + _a2_)) * _a0_) + pow2(_a2_)) * x);{'d0': {'_a0_': 3.376760877970227, '_a2_': -1.202736916123393, '_a3_': -0.8908072083423509, '_a1_': 1.0, '_a4_': 1.0, '_a5_': 1.0, '_a6_': 1.0, '_a7_': 1.0}};{'d0': 0.024905832919416605};-280.569866449044;38.374512671874314
11799;-101.910420552648;(((pow2((-((_a3_ + x)) + _a2_)) * _a0_) + pow2(_a2_)) * x);{'d0': {'_a0_': 3.376760877970227, '_a2_': -1.202736916123393, '_a3_': -0.8908072083423509, '_a1_': 1.0, '_a4_': 1.0, '_a5_': 1.0, '_a6_': 1.0, '_a7_': 1.0}};{'d0': 0.024905832919416605};-280.569866449044;38.374512671874314
11800;-101.910420552648;(((pow2((-((_a3_ + x)) + _a2_)) * _a0_) + pow2(_a2_)) * x);{'d0': {'_a0_': 3.376760877970227, '_a2_': -1.202736916123393, '_a3_': -0.8908072083423509, '_a1_': 1.0, '_a4_': 1.0, '_a5_': 1.0, '_a6_': 1.0, '_a7_': 1.0}};{'d0': 0.024905832919416605};-280.569866449044;38.374512671874314
11801;-101.910420552648;(((pow2((-((_a3_ + x)) + _a2_)) * _a0_) + pow2(_a2_)) * x);{'d0': {'_a0_': 3.376760877970227, '_a2_': -1.202736916123393, '_a3_': -0.8908072083423509, '_a1_': 1.0, '_a4_': 1.0, '_a5_': 1.0, '_a6_': 1.0, '_a7_': 1.0}};{'d0': 0.024905832919416605};-280.569866449044;38.374512671874314
11802;-101.910420552648;(((pow2((-((_a3_ + x)) + _a2_)) * _a0_) + pow2(_a2_)) * x);{'d0': {'_a0_': 3.376760877970227, '_a2_': -1.202736916123393, '_a3_': -0.8908072083423509, '_a1_': 1.0, '_a4_': 1.0, '_a5_': 1.0, '_a6_': 1.0, '_a7_': 1.0}};{'d0': 0.024905832919416605};-280.569866449044;38.374512671874314
11803;-101.910420552648;(((pow2((-((_a3_ + x)) + _a2_)) * _a0_) + pow2(_a2_)) * x);{'d0': {'_a0_': 3.376760877970227, '_a2_': -1.202736916123393, '_a3_': -0.8908072083423509, '_a1_': 1.0, '_a4_': 1.0, '_a5_': 1.0, '_a6_': 1.0, '_a7_': 1.0}};{'d0': 0.024905832919416605};-280.569866449044;38.374512671874314
11804;-101.910420552648;(((pow2((-((_a3_ + x)) + _a2_)) * _a0_) + pow2(_a2_)) * x);{'d0': {'_a0_': 3.376760877970227, '_a2_': -1.202736916123393, '_a3_': -0.8908072083423509, '_a1_': 1.0, '_a4_': 1.0, '_a5_': 1.0, '_a6_': 1.0, '_a7_': 1.0}};{'d0': 0.024905832919416605};-280.569866449044;38.374512671874314
11805;-101.910420552648;(((pow2((-((_a3_ + x)) + _a2_)) * _a0_) + pow2(_a2_)) * x);{'d0': {'_a0_': 3.376760877970227, '_a2_': -1.202736916123393, '_a3_': -0.8908072083423509, '_a1_': 1.0, '_a4_': 1.0, '_a5_': 1.0, '_a6_': 1.0, '_a7_': 1.0}};{'d0': 0.024905832919416605};-280.569866449044;38.374512671874314
11806;-101.910420552648;(((pow2((-((_a3_ + x)) + _a2_)) * _a0_) + pow2(_a2_)) * x);{'d0': {'_a0_': 3.376760877970227, '_a2_': -1.202736916123393, '_a3_': -0.8908072083423509, '_a1_': 1.0, '_a4_': 1.0, '_a5_': 1.0, '_a6_': 1.0, '_a7_': 1.0}};{'d0': 0.024905832919416605};-280.569866449044;38.374512671874314
11807;-101.910420552648;(((pow2((-((_a3_ + x)) + _a2_)) * _a0_) + pow2(_a2_)) * x);{'d0': {'_a0_': 3.376760877970227, '_a2_': -1.202736916123393, '_a3_': -0.8908072083423509, '_a1_': 1.0, '_a4_': 1.0, '_a5_': 1.0, '_a6_': 1.0, '_a7_': 1.0}};{'d0': 0.024905832919416605};-280.569866449044;38.374512671874314
11808;-105.608355025257;(((pow2((-((_a3_ + x)) + _a2_)) * _a0_) + _a2_) * x);{'d0': {'_a0_': 3.376760879593811, '_a2_': 1.4465760890324983, '_a3_': 1.7585057968284947, '_a1_': 1.0, '_a4_': 1.0, '_a5_': 1.0, '_a6_': 1.0, '_a7_': 1.0}};{'d0': 0.024905832919416646};-280.569866449044;34.67657819926431
11809;-105.608355025257;(((pow2((-((_a3_ + x)) + _a2_)) * _a0_) + _a2_) * x);{'d0': {'_a0_': 3.376760879593811, '_a2_': 1.4465760890324983, '_a3_': 1.7585057968284947, '_a1_': 1.0, '_a4_': 1.0, '_a5_': 1.0, '_a6_': 1.0, '_a7_': 1.0}};{'d0': 0.024905832919416646};-280.569866449044;34.67657819926431
11810;-108.292635771928;(x * (_a4_ + pow2(((x + (_a3_ + _a7_)) / _a7_))));{'d0': {'_a3_': -0.23225940176869128, '_a4_': 1.4465760894691928, '_a7_': 0.5441891094786765, '_a0_': 1.0, '_a1_': 1.0, '_a2_': 1.0, '_a5_': 1.0, '_a6_': 1.0}};{'d0': 0.024905832919416605};-280.569866449044;31.99229745259332
11811;-108.292635771928;(x * (_a4_ + pow2(((x + (_a3_ + _a7_)) / _a7_))));{'d0': {'_a3_': -0.23225940176869128, '_a4_': 1.4465760894691928, '_a7_': 0.5441891094786765, '_a0_': 1.0, '_a1_': 1.0, '_a2_': 1.0, '_a5_': 1.0, '_a6_': 1.0}};{'d0': 0.024905832919416605};-280.569866449044;31.99229745259332
11812;-108.292635771928;(x * (_a4_ + pow2(((x + (_a3_ + _a7_)) / _a7_))));{'d0': {'_a3_': -0.23225940176869128, '_a4_': 1.4465760894691928, '_a7_': 0.5441891094786765, '_a0_': 1.0, '_a1_': 1.0, '_a2_': 1.0, '_a5_': 1.0, '_a6_': 1.0}};{'d0': 0.024905832919416605};-280.569866449044;31.99229745259332
11813;-108.292635771928;(x * (_a4_ + pow2(((x + (_a3_ + _a7_)) / _a7_))));{'d0': {'_a3_': -0.23225940176869128, '_a4_': 1.4465760894691928, '_a7_': 0.5441891094786765, '_a0_': 1.0, '_a1_': 1.0, '_a2_': 1.0, '_a5_': 1.0, '_a6_': 1.0}};{'d0': 0.024905832919416605};-280.569866449044;31.99229745259332
11814;-108.292635771928;(x * (_a4_ + pow2(((x + (_a3_ + _a7_)) / _a7_))));{'d0': {'_a3_': -0.23225940176869128, '_a4_': 1.4465760894691928, '_a7_': 0.5441891094786765, '_a0_': 1.0, '_a1_': 1.0, '_a2_': 1.0, '_a5_': 1.0, '_a6_': 1.0}};{'d0': 0.024905832919416605};-280.569866449044;31.99229745259332
11815;-108.292635771928;(x * (_a4_ + pow2(((x + (_a3_ + _a7_)) / _a7_))));{'d0': {'_a3_': -0.23225940176869128, '_a4_': 1.4465760894691928, '_a7_': 0.5441891094786765, '_a0_': 1.0, '_a1_': 1.0, '_a2_': 1.0, '_a5_': 1.0, '_a6_': 1.0}};{'d0': 0.024905832919416605};-280.569866449044;31.99229745259332
11816;-108.292635771928;(x * (_a4_ + pow2(((x + (_a3_ + _a7_)) / _a7_))));{'d0': {'_a3_': -0.23225940176869128, '_a4_': 1.4465760894691928, '_a7_': 0.5441891094786765, '_a0_': 1.0, '_a1_': 1.0, '_a2_': 1.0, '_a5_': 1.0, '_a6_': 1.0}};{'d0': 0.024905832919416605};-280.569866449044;31.99229745259332
11817;-108.292635771928;(x * (_a4_ + pow2(((x + (_a3_ + _a7_)) / _a7_))));{'d0': {'_a3_': -0.23225940176869128, '_a4_': 1.4465760894691928, '_a7_': 0.5441891094786765, '_a0_': 1.0, '_a1_': 1.0, '_a2_': 1.0, '_a5_': 1.0, '_a6_': 1.0}};{'d0': 0.024905832919416605};-280.569866449044;31.99229745259332
11818;-108.292635771928;(x * (_a4_ + pow2(((x + (_a3_ + _a7_)) / _a7_))));{'d0': {'_a3_': -0.23225940176869128, '_a4_': 1.4465760894691928, '_a7_': 0.5441891094786765, '_a0_': 1.0, '_a1_': 1.0, '_a2_': 1.0, '_a5_': 1.0, '_a6_': 1.0}};{'d0': 0.024905832919416605};-280.569866449044;31.99229745259332
11819;-108.292635771928;(x * (_a4_ + pow2(((x + (_a3_ + _a7_)) / _a7_))));{'d0': {'_a3_': -0.23225940176869128, '_a4_': 1.4465760894691928, '_a7_': 0.5441891094786765, '_a0_': 1.0, '_a1_': 1.0, '_a2_': 1.0, '_a5_': 1.0, '_a6_': 1.0}};{'d0': 0.024905832919416605};-280.569866449044;31.99229745259332
11820;-108.376014012811;(x * (_a4_ + pow2(((x + (_a3_ / _a7_)) / _a7_))));{'d0': {'_a3_': 0.16974874983961824, '_a4_': 1.446576089061096, '_a7_': 0.5441891093155726, '_a0_': 1.0, '_a1_': 1.0, '_a2_': 1.0, '_a5_': 1.0, '_a6_': 1.0}};{'d0': 0.02490583291941668};-280.569866449043;31.90891921171052
11821;-108.376014012811;(x * (_a4_ + pow2(((x + (_a3_ / _a7_)) / _a7_))));{'d0': {'_a3_': 0.16974874983961824, '_a4_': 1.446576089061096, '_a7_': 0.5441891093155726, '_a0_': 1.0, '_a1_': 1.0, '_a2_': 1.0, '_a5_': 1.0, '_a6_': 1.0}};{'d0': 0.02490583291941668};-280.569866449043;31.90891921171052
11822;-108.376014012811;(x * (_a4_ + pow2(((x + (_a3_ / _a7_)) / _a7_))));{'d0': {'_a3_': 0.16974874983961824, '_a4_': 1.446576089061096, '_a7_': 0.5441891093155726, '_a0_': 1.0, '_a1_': 1.0, '_a2_': 1.0, '_a5_': 1.0, '_a6_': 1.0}};{'d0': 0.02490583291941668};-280.569866449043;31.90891921171052
11823;-108.376014012811;(x * (_a4_ + pow2(((x + (_a3_ / _a7_)) / _a7_))));{'d0': {'_a3_': 0.16974874983961824, '_a4_': 1.446576089061096, '_a7_': 0.5441891093155726, '_a0_': 1.0, '_a1_': 1.0, '_a2_': 1.0, '_a5_': 1.0, '_a6_': 1.0}};{'d0': 0.02490583291941668};-280.569866449043;31.90891921171052
11824;-101.712465666711;(x * (_a4_ + pow2(((x + ((_a4_ ** _a2_) / _a7_)) / _a7_))));{'d0': {'_a2_': -4.803462999508359, '_a4_': 1.4465760885089893, '_a7_': 0.5441891092152603, '_a0_': 1.0, '_a1_': 1.0, '_a3_': 1.0, '_a5_': 1.0, '_a6_': 1.0}};{'d0': 0.024905832919416563};-280.569866449044;38.57246755781052
11825;-101.712465666711;(x * (_a4_ + pow2(((x + ((_a4_ ** _a2_) / _a7_)) / _a7_))));{'d0': {'_a2_': -4.803462999508359, '_a4_': 1.4465760885089893, '_a7_': 0.5441891092152603, '_a0_': 1.0, '_a1_': 1.0, '_a3_': 1.0, '_a5_': 1.0, '_a6_': 1.0}};{'d0': 0.024905832919416563};-280.569866449044;38.57246755781052
11826;-101.712465666711;(x * (_a4_ + pow2(((x + ((_a4_ ** _a2_) / _a7_)) / _a7_))));{'d0': {'_a2_': -4.803462999508359, '_a4_': 1.4465760885089893, '_a7_': 0.5441891092152603, '_a0_': 1.0, '_a1_': 1.0, '_a3_': 1.0, '_a5_': 1.0, '_a6_': 1.0}};{'d0': 0.024905832919416563};-280.569866449044;38.57246755781052
11827;-101.712465666711;(x * (_a4_ + pow2(((x + ((_a4_ ** _a2_) / _a7_)) / _a7_))));{'d0': {'_a2_': -4.803462999508359, '_a4_': 1.4465760885089893, '_a7_': 0.5441891092152603, '_a0_': 1.0, '_a1_': 1.0, '_a3_': 1.0, '_a5_': 1.0, '_a6_': 1.0}};{'d0': 0.024905832919416563};-280.569866449044;38.57246755781052
11828;-101.712465666711;(x * (_a4_ + pow2(((x + ((_a4_ ** _a2_) / _a7_)) / _a7_))));{'d0': {'_a2_': -4.803462999508359, '_a4_': 1.4465760885089893, '_a7_': 0.5441891092152603, '_a0_': 1.0, '_a1_': 1.0, '_a3_': 1.0, '_a5_': 1.0, '_a6_': 1.0}};{'d0': 0.024905832919416563};-280.569866449044;38.57246755781052
11829;-101.712465666711;(x * (_a4_ + pow2(((x + ((_a4_ ** _a2_) / _a7_)) / _a7_))));{'d0': {'_a2_': -4.803462999508359, '_a4_': 1.4465760885089893, '_a7_': 0.5441891092152603, '_a0_': 1.0, '_a1_': 1.0, '_a3_': 1.0, '_a5_': 1.0, '_a6_': 1.0}};{'d0': 0.024905832919416563};-280.569866449044;38.57246755781052
11830;-101.712465666711;(x * (_a4_ + pow2(((x + ((_a4_ ** _a2_) / _a7_)) / _a7_))));{'d0': {'_a2_': -4.803462999508359, '_a4_': 1.4465760885089893, '_a7_': 0.5441891092152603, '_a0_': 1.0, '_a1_': 1.0, '_a3_': 1.0, '_a5_': 1.0, '_a6_': 1.0}};{'d0': 0.024905832919416563};-280.569866449044;38.57246755781052
11831;-101.712465666711;(x * (_a4_ + pow2(((x + ((_a4_ ** _a2_) / _a7_)) / _a7_))));{'d0': {'_a2_': -4.803462999508359, '_a4_': 1.4465760885089893, '_a7_': 0.5441891092152603, '_a0_': 1.0, '_a1_': 1.0, '_a3_': 1.0, '_a5_': 1.0, '_a6_': 1.0}};{'d0': 0.024905832919416563};-280.569866449044;38.57246755781052
11832;-101.712465666711;(x * (_a4_ + pow2(((x + ((_a4_ ** _a2_) / _a7_)) / _a7_))));{'d0': {'_a2_': -4.803462999508359, '_a4_': 1.4465760885089893, '_a7_': 0.5441891092152603, '_a0_': 1.0, '_a1_': 1.0, '_a3_': 1.0, '_a5_': 1.0, '_a6_': 1.0}};{'d0': 0.024905832919416563};-280.569866449044;38.57246755781052
11833;-104.696066852551;(x * (_a4_ + pow2(((x + (-(_a6_) / _a7_)) / _a7_))));{'d0': {'_a4_': 1.446576089319245, '_a6_': -0.16974874985969934, '_a7_': 0.5441891094043396, '_a0_': 1.0, '_a1_': 1.0, '_a2_': 1.0, '_a3_': 1.0, '_a5_': 1.0}};{'d0': 0.024905832919416657};-280.569866449044;35.58886637197091
11834;-104.696066852551;(x * (_a4_ + pow2(((x + (-(_a6_) / _a7_)) / _a7_))));{'d0': {'_a4_': 1.446576089319245, '_a6_': -0.16974874985969934, '_a7_': 0.5441891094043396, '_a0_': 1.0, '_a1_': 1.0, '_a2_': 1.0, '_a3_': 1.0, '_a5_': 1.0}};{'d0': 0.024905832919416657};-280.569866449044;35.58886637197091
11835;-104.696066852551;(x * (_a4_ + pow2(((x + (-(_a6_) / _a7_)) / _a7_))));{'d0': {'_a4_': 1.446576089319245, '_a6_': -0.16974874985969934, '_a7_': 0.5441891094043396, '_a0_': 1.0, '_a1_': 1.0, '_a2_': 1.0, '_a3_': 1.0, '_a5_': 1.0}};{'d0': 0.024905832919416657};-280.569866449044;35.58886637197091
11836;-104.696066852551;(x * (_a4_ + pow2(((x + (-(_a6_) / _a7_)) / _a7_))));{'d0': {'_a4_': 1.446576089319245, '_a6_': -0.16974874985969934, '_a7_': 0.5441891094043396, '_a0_': 1.0, '_a1_': 1.0, '_a2_': 1.0, '_a3_': 1.0, '_a5_': 1.0}};{'d0': 0.024905832919416657};-280.569866449044;35.58886637197091
11837;-104.696066852551;(x * (_a4_ + pow2(((x + (-(_a6_) / _a7_)) / _a7_))));{'d0': {'_a4_': 1.446576089319245, '_a6_': -0.16974874985969934, '_a7_': 0.5441891094043396, '_a0_': 1.0, '_a1_': 1.0, '_a2_': 1.0, '_a3_': 1.0, '_a5_': 1.0}};{'d0': 0.024905832919416657};-280.569866449044;35.58886637197091
11838;-104.696066852551;(x * (_a4_ + pow2(((x + (-(_a6_) / _a7_)) / _a7_))));{'d0': {'_a4_': 1.446576089319245, '_a6_': -0.16974874985969934, '_a7_': 0.5441891094043396, '_a0_': 1.0, '_a1_': 1.0, '_a2_': 1.0, '_a3_': 1.0, '_a5_': 1.0}};{'d0': 0.024905832919416657};-280.569866449044;35.58886637197091
11839;-104.696066852551;(x * (_a4_ + pow2(((x + (-(_a6_) / _a7_)) / _a7_))));{'d0': {'_a4_': 1.446576089319245, '_a6_': -0.16974874985969934, '_a7_': 0.5441891094043396, '_a0_': 1.0, '_a1_': 1.0, '_a2_': 1.0, '_a3_': 1.0, '_a5_': 1.0}};{'d0': 0.024905832919416657};-280.569866449044;35.58886637197091
11840;-104.696066852551;(x * (_a4_ + pow2(((x + (-(_a6_) / _a7_)) / _a7_))));{'d0': {'_a4_': 1.446576089319245, '_a6_': -0.16974874985969934, '_a7_': 0.5441891094043396, '_a0_': 1.0, '_a1_': 1.0, '_a2_': 1.0, '_a3_': 1.0, '_a5_': 1.0}};{'d0': 0.024905832919416657};-280.569866449044;35.58886637197091
11841;-104.696066852551;(x * (_a4_ + pow2(((x + (-(_a6_) / _a7_)) / _a7_))));{'d0': {'_a4_': 1.446576089319245, '_a6_': -0.16974874985969934, '_a7_': 0.5441891094043396, '_a0_': 1.0, '_a1_': 1.0, '_a2_': 1.0, '_a3_': 1.0, '_a5_': 1.0}};{'d0': 0.024905832919416657};-280.569866449044;35.58886637197091
11842;-104.696066852551;(x * (_a4_ + pow2(((x + (-(_a6_) / _a7_)) / _a7_))));{'d0': {'_a4_': 1.446576089319245, '_a6_': -0.16974874985969934, '_a7_': 0.5441891094043396, '_a0_': 1.0, '_a1_': 1.0, '_a2_': 1.0, '_a3_': 1.0, '_a5_': 1.0}};{'d0': 0.024905832919416657};-280.569866449044;35.58886637197091
11843;-104.696066852551;(x * (_a4_ + pow2(((x + (-(_a6_) / _a7_)) / _a7_))));{'d0': {'_a4_': 1.446576089319245, '_a6_': -0.16974874985969934, '_a7_': 0.5441891094043396, '_a0_': 1.0, '_a1_': 1.0, '_a2_': 1.0, '_a3_': 1.0, '_a5_': 1.0}};{'d0': 0.024905832919416657};-280.569866449044;35.58886637197091
11844;-104.696066852551;(x * (_a4_ + pow2(((x + (-(_a6_) / _a7_)) / _a7_))));{'d0': {'_a4_': 1.446576089319245, '_a6_': -0.16974874985969934, '_a7_': 0.5441891094043396, '_a0_': 1.0, '_a1_': 1.0, '_a2_': 1.0, '_a3_': 1.0, '_a5_': 1.0}};{'d0': 0.024905832919416657};-280.569866449044;35.58886637197091
11845;-104.696066852551;(x * (_a4_ + pow2(((x + (-(_a6_) / _a7_)) / _a7_))));{'d0': {'_a4_': 1.446576089319245, '_a6_': -0.16974874985969934, '_a7_': 0.5441891094043396, '_a0_': 1.0, '_a1_': 1.0, '_a2_': 1.0, '_a3_': 1.0, '_a5_': 1.0}};{'d0': 0.024905832919416657};-280.569866449044;35.58886637197091
11846;-104.696066852551;(x * (_a4_ + pow2(((x + (-(_a6_) / _a7_)) / _a7_))));{'d0': {'_a4_': 1.446576089319245, '_a6_': -0.16974874985969934, '_a7_': 0.5441891094043396, '_a0_': 1.0, '_a1_': 1.0, '_a2_': 1.0, '_a3_': 1.0, '_a5_': 1.0}};{'d0': 0.024905832919416657};-280.569866449044;35.58886637197091
11847;-104.696066852551;(x * (_a4_ + pow2(((x + (-(_a6_) / _a7_)) / _a7_))));{'d0': {'_a4_': 1.446576089319245, '_a6_': -0.16974874985969934, '_a7_': 0.5441891094043396, '_a0_': 1.0, '_a1_': 1.0, '_a2_': 1.0, '_a3_': 1.0, '_a5_': 1.0}};{'d0': 0.024905832919416657};-280.569866449044;35.58886637197091
11848;-104.696066852551;(x * (_a4_ + pow2(((x + (-(_a6_) / _a7_)) / _a7_))));{'d0': {'_a4_': 1.446576089319245, '_a6_': -0.16974874985969934, '_a7_': 0.5441891094043396, '_a0_': 1.0, '_a1_': 1.0, '_a2_': 1.0, '_a3_': 1.0, '_a5_': 1.0}};{'d0': 0.024905832919416657};-280.569866449044;35.58886637197091
11849;-104.696066852551;(x * (_a4_ + pow2(((x + (-(_a6_) / _a7_)) / _a7_))));{'d0': {'_a4_': 1.446576089319245, '_a6_': -0.16974874985969934, '_a7_': 0.5441891094043396, '_a0_': 1.0, '_a1_': 1.0, '_a2_': 1.0, '_a3_': 1.0, '_a5_': 1.0}};{'d0': 0.024905832919416657};-280.569866449044;35.58886637197091
11850;-104.696066852551;(x * (_a4_ + pow2(((x + (-(_a6_) / _a7_)) / _a7_))));{'d0': {'_a4_': 1.446576089319245, '_a6_': -0.16974874985969934, '_a7_': 0.5441891094043396, '_a0_': 1.0, '_a1_': 1.0, '_a2_': 1.0, '_a3_': 1.0, '_a5_': 1.0}};{'d0': 0.024905832919416657};-280.569866449044;35.58886637197091
11851;-104.696066852551;(x * (_a4_ + pow2(((x + (-(_a6_) / _a7_)) / _a7_))));{'d0': {'_a4_': 1.446576089319245, '_a6_': -0.16974874985969934, '_a7_': 0.5441891094043396, '_a0_': 1.0, '_a1_': 1.0, '_a2_': 1.0, '_a3_': 1.0, '_a5_': 1.0}};{'d0': 0.024905832919416657};-280.569866449044;35.58886637197091
11852;-104.696066852551;(x * (_a4_ + pow2(((x + (-(_a6_) / _a7_)) / _a7_))));{'d0': {'_a4_': 1.446576089319245, '_a6_': -0.16974874985969934, '_a7_': 0.5441891094043396, '_a0_': 1.0, '_a1_': 1.0, '_a2_': 1.0, '_a3_': 1.0, '_a5_': 1.0}};{'d0': 0.024905832919416657};-280.569866449044;35.58886637197091
11853;-104.696066852551;(x * (_a4_ + pow2(((x + (-(_a6_) / _a7_)) / _a7_))));{'d0': {'_a4_': 1.446576089319245, '_a6_': -0.16974874985969934, '_a7_': 0.5441891094043396, '_a0_': 1.0, '_a1_': 1.0, '_a2_': 1.0, '_a3_': 1.0, '_a5_': 1.0}};{'d0': 0.024905832919416657};-280.569866449044;35.58886637197091
11854;-104.696066852551;(x * (_a4_ + pow2(((x + (-(_a6_) / _a7_)) / _a7_))));{'d0': {'_a4_': 1.446576089319245, '_a6_': -0.16974874985969934, '_a7_': 0.5441891094043396, '_a0_': 1.0, '_a1_': 1.0, '_a2_': 1.0, '_a3_': 1.0, '_a5_': 1.0}};{'d0': 0.024905832919416657};-280.569866449044;35.58886637197091
11855;-106.651973435153;(((pow2((-((_a3_ + x)) * _a2_)) * _a0_) + _a0_) * x);{'d0': {'_a0_': 1.4465760896146695, '_a2_': 1.527845757555258, '_a3_': 0.3119297078603729, '_a1_': 1.0, '_a4_': 1.0, '_a5_': 1.0, '_a6_': 1.0, '_a7_': 1.0}};{'d0': 0.024905832919416622};-280.569866449044;33.632959789369316
11856;-106.651973435153;(((pow2((-((_a3_ + x)) * _a2_)) * _a0_) + _a0_) * x);{'d0': {'_a0_': 1.4465760896146695, '_a2_': 1.527845757555258, '_a3_': 0.3119297078603729, '_a1_': 1.0, '_a4_': 1.0, '_a5_': 1.0, '_a6_': 1.0, '_a7_': 1.0}};{'d0': 0.024905832919416622};-280.569866449044;33.632959789369316
11857;-106.651973435153;(((pow2((-((_a3_ + x)) * _a2_)) * _a0_) + _a0_) * x);{'d0': {'_a0_': 1.4465760896146695, '_a2_': 1.527845757555258, '_a3_': 0.3119297078603729, '_a1_': 1.0, '_a4_': 1.0, '_a5_': 1.0, '_a6_': 1.0, '_a7_': 1.0}};{'d0': 0.024905832919416622};-280.569866449044;33.632959789369316
11858;-106.651973435153;(((pow2((-((_a3_ + x)) * _a2_)) * _a0_) + _a0_) * x);{'d0': {'_a0_': 1.4465760896146695, '_a2_': 1.527845757555258, '_a3_': 0.3119297078603729, '_a1_': 1.0, '_a4_': 1.0, '_a5_': 1.0, '_a6_': 1.0, '_a7_': 1.0}};{'d0': 0.024905832919416622};-280.569866449044;33.632959789369316
11859;-106.651973435153;(((pow2((-((_a3_ + x)) * _a2_)) * _a0_) + _a0_) * x);{'d0': {'_a0_': 1.4465760896146695, '_a2_': 1.527845757555258, '_a3_': 0.3119297078603729, '_a1_': 1.0, '_a4_': 1.0, '_a5_': 1.0, '_a6_': 1.0, '_a7_': 1.0}};{'d0': 0.024905832919416622};-280.569866449044;33.632959789369316
11860;-106.651973435153;(((pow2((-((_a3_ + x)) * _a2_)) * _a0_) + _a0_) * x);{'d0': {'_a0_': 1.4465760896146695, '_a2_': 1.527845757555258, '_a3_': 0.3119297078603729, '_a1_': 1.0, '_a4_': 1.0, '_a5_': 1.0, '_a6_': 1.0, '_a7_': 1.0}};{'d0': 0.024905832919416622};-280.569866449044;33.632959789369316
11861;-106.651973435153;(((pow2((-((_a3_ + x)) * _a2_)) * _a0_) + _a0_) * x);{'d0': {'_a0_': 1.4465760896146695, '_a2_': 1.527845757555258, '_a3_': 0.3119297078603729, '_a1_': 1.0, '_a4_': 1.0, '_a5_': 1.0, '_a6_': 1.0, '_a7_': 1.0}};{'d0': 0.024905832919416622};-280.569866449044;33.632959789369316
11862;-106.651973435153;(((pow2((-((_a3_ + x)) * _a2_)) * _a0_) + _a0_) * x);{'d0': {'_a0_': 1.4465760896146695, '_a2_': 1.527845757555258, '_a3_': 0.3119297078603729, '_a1_': 1.0, '_a4_': 1.0, '_a5_': 1.0, '_a6_': 1.0, '_a7_': 1.0}};{'d0': 0.024905832919416622};-280.569866449044;33.632959789369316
11863;-106.651973435153;(((pow2((-((_a3_ + x)) * _a2_)) * _a0_) + _a0_) * x);{'d0': {'_a0_': 1.4465760896146695, '_a2_': 1.527845757555258, '_a3_': 0.3119297078603729, '_a1_': 1.0, '_a4_': 1.0, '_a5_': 1.0, '_a6_': 1.0, '_a7_': 1.0}};{'d0': 0.024905832919416622};-280.569866449044;33.632959789369316
11864;-106.651973435153;(((pow2((-((_a3_ + x)) * _a2_)) * _a0_) + _a0_) * x);{'d0': {'_a0_': 1.4465760896146695, '_a2_': 1.527845757555258, '_a3_': 0.3119297078603729, '_a1_': 1.0, '_a4_': 1.0, '_a5_': 1.0, '_a6_': 1.0, '_a7_': 1.0}};{'d0': 0.024905832919416622};-280.569866449044;33.632959789369316
11865;-106.651973435153;(((pow2((-((_a3_ + x)) * _a2_)) * _a0_) + _a0_) * x);{'d0': {'_a0_': 1.4465760896146695, '_a2_': 1.527845757555258, '_a3_': 0.3119297078603729, '_a1_': 1.0, '_a4_': 1.0, '_a5_': 1.0, '_a6_': 1.0, '_a7_': 1.0}};{'d0': 0.024905832919416622};-280.569866449044;33.632959789369316
11866;-106.651973435153;(((pow2((-((_a3_ + x)) * _a2_)) * _a0_) + _a0_) * x);{'d0': {'_a0_': 1.4465760896146695, '_a2_': 1.527845757555258, '_a3_': 0.3119297078603729, '_a1_': 1.0, '_a4_': 1.0, '_a5_': 1.0, '_a6_': 1.0, '_a7_': 1.0}};{'d0': 0.024905832919416622};-280.569866449044;33.632959789369316
11867;-106.651973435153;(((pow2((-((_a3_ + x)) * _a2_)) * _a0_) + _a0_) * x);{'d0': {'_a0_': 1.4465760896146695, '_a2_': 1.527845757555258, '_a3_': 0.3119297078603729, '_a1_': 1.0, '_a4_': 1.0, '_a5_': 1.0, '_a6_': 1.0, '_a7_': 1.0}};{'d0': 0.024905832919416622};-280.569866449044;33.632959789369316
11868;-106.651973435153;(((pow2((-((_a3_ + x)) * _a2_)) * _a0_) + _a0_) * x);{'d0': {'_a0_': 1.4465760896146695, '_a2_': 1.527845757555258, '_a3_': 0.3119297078603729, '_a1_': 1.0, '_a4_': 1.0, '_a5_': 1.0, '_a6_': 1.0, '_a7_': 1.0}};{'d0': 0.024905832919416622};-280.569866449044;33.632959789369316
11869;-106.651973435153;(((pow2((-((_a3_ + x)) * _a2_)) * _a0_) + _a0_) * x);{'d0': {'_a0_': 1.4465760896146695, '_a2_': 1.527845757555258, '_a3_': 0.3119297078603729, '_a1_': 1.0, '_a4_': 1.0, '_a5_': 1.0, '_a6_': 1.0, '_a7_': 1.0}};{'d0': 0.024905832919416622};-280.569866449044;33.632959789369316
11870;-106.651973435153;(((pow2((-((_a3_ + x)) * _a2_)) * _a0_) + _a0_) * x);{'d0': {'_a0_': 1.4465760896146695, '_a2_': 1.527845757555258, '_a3_': 0.3119297078603729, '_a1_': 1.0, '_a4_': 1.0, '_a5_': 1.0, '_a6_': 1.0, '_a7_': 1.0}};{'d0': 0.024905832919416622};-280.569866449044;33.632959789369316
11871;-106.651973435153;(((pow2((-((_a3_ + x)) * _a2_)) * _a0_) + _a0_) * x);{'d0': {'_a0_': 1.4465760896146695, '_a2_': 1.527845757555258, '_a3_': 0.3119297078603729, '_a1_': 1.0, '_a4_': 1.0, '_a5_': 1.0, '_a6_': 1.0, '_a7_': 1.0}};{'d0': 0.024905832919416622};-280.569866449044;33.632959789369316
11872;-106.651973435153;(((pow2((-((_a3_ + x)) * _a2_)) * _a0_) + _a0_) * x);{'d0': {'_a0_': 1.4465760896146695, '_a2_': 1.527845757555258, '_a3_': 0.3119297078603729, '_a1_': 1.0, '_a4_': 1.0, '_a5_': 1.0, '_a6_': 1.0, '_a7_': 1.0}};{'d0': 0.024905832919416622};-280.569866449044;33.632959789369316
11873;-106.651973435153;(((pow2((-((_a3_ + x)) * _a2_)) * _a0_) + _a0_) * x);{'d0': {'_a0_': 1.4465760896146695, '_a2_': 1.527845757555258, '_a3_': 0.3119297078603729, '_a1_': 1.0, '_a4_': 1.0, '_a5_': 1.0, '_a6_': 1.0, '_a7_': 1.0}};{'d0': 0.024905832919416622};-280.569866449044;33.632959789369316
11874;-106.651973435153;(((pow2((-((_a3_ + x)) * _a2_)) * _a0_) + _a0_) * x);{'d0': {'_a0_': 1.4465760896146695, '_a2_': 1.527845757555258, '_a3_': 0.3119297078603729, '_a1_': 1.0, '_a4_': 1.0, '_a5_': 1.0, '_a6_': 1.0, '_a7_': 1.0}};{'d0': 0.024905832919416622};-280.569866449044;33.632959789369316
11875;-106.651973435153;(((pow2((-((_a3_ + x)) * _a2_)) * _a0_) + _a0_) * x);{'d0': {'_a0_': 1.4465760896146695, '_a2_': 1.527845757555258, '_a3_': 0.3119297078603729, '_a1_': 1.0, '_a4_': 1.0, '_a5_': 1.0, '_a6_': 1.0, '_a7_': 1.0}};{'d0': 0.024905832919416622};-280.569866449044;33.632959789369316
11876;-106.651973435153;(((pow2((-((_a3_ + x)) * _a2_)) * _a0_) + _a0_) * x);{'d0': {'_a0_': 1.4465760896146695, '_a2_': 1.527845757555258, '_a3_': 0.3119297078603729, '_a1_': 1.0, '_a4_': 1.0, '_a5_': 1.0, '_a6_': 1.0, '_a7_': 1.0}};{'d0': 0.024905832919416622};-280.569866449044;33.632959789369316
11877;-106.651973435153;(((pow2((-((_a3_ + x)) * _a2_)) * _a0_) + _a0_) * x);{'d0': {'_a0_': 1.4465760896146695, '_a2_': 1.527845757555258, '_a3_': 0.3119297078603729, '_a1_': 1.0, '_a4_': 1.0, '_a5_': 1.0, '_a6_': 1.0, '_a7_': 1.0}};{'d0': 0.024905832919416622};-280.569866449044;33.632959789369316
11878;-106.651973435153;(((pow2((-((_a3_ + x)) * _a2_)) * _a0_) + _a0_) * x);{'d0': {'_a0_': 1.4465760896146695, '_a2_': 1.527845757555258, '_a3_': 0.3119297078603729, '_a1_': 1.0, '_a4_': 1.0, '_a5_': 1.0, '_a6_': 1.0, '_a7_': 1.0}};{'d0': 0.024905832919416622};-280.569866449044;33.632959789369316
11879;-104.696066852551;(x * (_a4_ + pow2(((x + (-(_a6_) / _a7_)) / _a7_))));{'d0': {'_a4_': 1.446576089319245, '_a6_': -0.16974874985969934, '_a7_': 0.5441891094043396, '_a0_': 1.0, '_a1_': 1.0, '_a2_': 1.0, '_a3_': 1.0, '_a5_': 1.0}};{'d0': 0.024905832919416657};-280.569866449044;35.58886637197091
11880;-104.696066852551;(x * (_a4_ + pow2(((x + (-(_a6_) / _a7_)) / _a7_))));{'d0': {'_a4_': 1.446576089319245, '_a6_': -0.16974874985969934, '_a7_': 0.5441891094043396, '_a0_': 1.0, '_a1_': 1.0, '_a2_': 1.0, '_a3_': 1.0, '_a5_': 1.0}};{'d0': 0.024905832919416657};-280.569866449044;35.58886637197091
11881;-104.696066852551;(x * (_a4_ + pow2(((x + (-(_a6_) / _a7_)) / _a7_))));{'d0': {'_a4_': 1.446576089319245, '_a6_': -0.16974874985969934, '_a7_': 0.5441891094043396, '_a0_': 1.0, '_a1_': 1.0, '_a2_': 1.0, '_a3_': 1.0, '_a5_': 1.0}};{'d0': 0.024905832919416657};-280.569866449044;35.58886637197091
11882;-104.696066852551;(x * (_a4_ + pow2(((x + (-(_a6_) / _a7_)) / _a7_))));{'d0': {'_a4_': 1.446576089319245, '_a6_': -0.16974874985969934, '_a7_': 0.5441891094043396, '_a0_': 1.0, '_a1_': 1.0, '_a2_': 1.0, '_a3_': 1.0, '_a5_': 1.0}};{'d0': 0.024905832919416657};-280.569866449044;35.58886637197091
11883;-104.696066852551;(x * (_a4_ + pow2(((x + (-(_a6_) / _a7_)) / _a7_))));{'d0': {'_a4_': 1.446576089319245, '_a6_': -0.16974874985969934, '_a7_': 0.5441891094043396, '_a0_': 1.0, '_a1_': 1.0, '_a2_': 1.0, '_a3_': 1.0, '_a5_': 1.0}};{'d0': 0.024905832919416657};-280.569866449044;35.58886637197091
11884;-104.696066852551;(x * (_a4_ + pow2(((x + (-(_a6_) / _a7_)) / _a7_))));{'d0': {'_a4_': 1.446576089319245, '_a6_': -0.16974874985969934, '_a7_': 0.5441891094043396, '_a0_': 1.0, '_a1_': 1.0, '_a2_': 1.0, '_a3_': 1.0, '_a5_': 1.0}};{'d0': 0.024905832919416657};-280.569866449044;35.58886637197091
11885;-104.696066852551;(x * (_a4_ + pow2(((x + (-(_a6_) / _a7_)) / _a7_))));{'d0': {'_a4_': 1.446576089319245, '_a6_': -0.16974874985969934, '_a7_': 0.5441891094043396, '_a0_': 1.0, '_a1_': 1.0, '_a2_': 1.0, '_a3_': 1.0, '_a5_': 1.0}};{'d0': 0.024905832919416657};-280.569866449044;35.58886637197091
11886;-104.696066852551;(x * (_a4_ + pow2(((x + (-(_a6_) / _a7_)) / _a7_))));{'d0': {'_a4_': 1.446576089319245, '_a6_': -0.16974874985969934, '_a7_': 0.5441891094043396, '_a0_': 1.0, '_a1_': 1.0, '_a2_': 1.0, '_a3_': 1.0, '_a5_': 1.0}};{'d0': 0.024905832919416657};-280.569866449044;35.58886637197091
11887;-104.696066852551;(x * (_a4_ + pow2(((x + (-(_a6_) / _a7_)) / _a7_))));{'d0': {'_a4_': 1.446576089319245, '_a6_': -0.16974874985969934, '_a7_': 0.5441891094043396, '_a0_': 1.0, '_a1_': 1.0, '_a2_': 1.0, '_a3_': 1.0, '_a5_': 1.0}};{'d0': 0.024905832919416657};-280.569866449044;35.58886637197091
11888;-104.696066852551;(x * (_a4_ + pow2(((x + (-(_a6_) / _a7_)) / _a7_))));{'d0': {'_a4_': 1.446576089319245, '_a6_': -0.16974874985969934, '_a7_': 0.5441891094043396, '_a0_': 1.0, '_a1_': 1.0, '_a2_': 1.0, '_a3_': 1.0, '_a5_': 1.0}};{'d0': 0.024905832919416657};-280.569866449044;35.58886637197091
11889;-104.696066852551;(x * (_a4_ + pow2(((x + (-(_a6_) / _a7_)) / _a7_))));{'d0': {'_a4_': 1.446576089319245, '_a6_': -0.16974874985969934, '_a7_': 0.5441891094043396, '_a0_': 1.0, '_a1_': 1.0, '_a2_': 1.0, '_a3_': 1.0, '_a5_': 1.0}};{'d0': 0.024905832919416657};-280.569866449044;35.58886637197091
11890;-104.696066852551;(x * (_a4_ + pow2(((x + (-(_a6_) / _a7_)) / _a7_))));{'d0': {'_a4_': 1.446576089319245, '_a6_': -0.16974874985969934, '_a7_': 0.5441891094043396, '_a0_': 1.0, '_a1_': 1.0, '_a2_': 1.0, '_a3_': 1.0, '_a5_': 1.0}};{'d0': 0.024905832919416657};-280.569866449044;35.58886637197091
11891;-104.696066852551;(x * (_a4_ + pow2(((x + (-(_a6_) / _a7_)) / _a7_))));{'d0': {'_a4_': 1.446576089319245, '_a6_': -0.16974874985969934, '_a7_': 0.5441891094043396, '_a0_': 1.0, '_a1_': 1.0, '_a2_': 1.0, '_a3_': 1.0, '_a5_': 1.0}};{'d0': 0.024905832919416657};-280.569866449044;35.58886637197091
11892;-99.8914414997378;(x * (_a4_ + pow2(((x + (-(_a6_) / (_a7_ * _a4_))) / _a7_))));{'d0': {'_a4_': 1.4465760879582137, '_a6_': -0.24555448227395205, '_a7_': 0.5441891091276496, '_a0_': 1.0, '_a1_': 1.0, '_a2_': 1.0, '_a3_': 1.0, '_a5_': 1.0}};{'d0': 0.024905832919416677};-280.569866449043;40.39349172478391
11893;-99.8914414997378;(x * (_a4_ + pow2(((x + (-(_a6_) / (_a7_ * _a4_))) / _a7_))));{'d0': {'_a4_': 1.4465760879582137, '_a6_': -0.24555448227395205, '_a7_': 0.5441891091276496, '_a0_': 1.0, '_a1_': 1.0, '_a2_': 1.0, '_a3_': 1.0, '_a5_': 1.0}};{'d0': 0.024905832919416677};-280.569866449043;40.39349172478391
11894;-105.382580669956;(((pow2((_a3_ + x)) * _a3_) + _a0_) * ((x * _a3_) * _a5_));{'d0': {'_a0_': 0.1336280750959918, '_a3_': 0.31192970766898936, '_a5_': 34.704583078443655, '_a1_': 1.0, '_a2_': 1.0, '_a4_': 1.0, '_a6_': 1.0, '_a7_': 1.0}};{'d0': 0.02490583291941659};-280.569866449044;34.90235255456595
11895;-105.382580669956;(((pow2((_a3_ + x)) * _a3_) + _a0_) * ((x * _a3_) * _a5_));{'d0': {'_a0_': 0.1336280750959918, '_a3_': 0.31192970766898936, '_a5_': 34.704583078443655, '_a1_': 1.0, '_a2_': 1.0, '_a4_': 1.0, '_a6_': 1.0, '_a7_': 1.0}};{'d0': 0.02490583291941659};-280.569866449044;34.90235255456595
11896;-105.382580669956;(((pow2((_a3_ + x)) * _a3_) + _a0_) * ((x * _a3_) * _a5_));{'d0': {'_a0_': 0.1336280750959918, '_a3_': 0.31192970766898936, '_a5_': 34.704583078443655, '_a1_': 1.0, '_a2_': 1.0, '_a4_': 1.0, '_a6_': 1.0, '_a7_': 1.0}};{'d0': 0.02490583291941659};-280.569866449044;34.90235255456595
11897;-105.382580669956;(((pow2((_a3_ + x)) * _a3_) + _a0_) * ((x * _a3_) * _a5_));{'d0': {'_a0_': 0.1336280750959918, '_a3_': 0.31192970766898936, '_a5_': 34.704583078443655, '_a1_': 1.0, '_a2_': 1.0, '_a4_': 1.0, '_a6_': 1.0, '_a7_': 1.0}};{'d0': 0.02490583291941659};-280.569866449044;34.90235255456595
11898;-105.382580669956;(((pow2((_a3_ + x)) * _a3_) + _a0_) * ((x * _a3_) * _a5_));{'d0': {'_a0_': 0.1336280750959918, '_a3_': 0.31192970766898936, '_a5_': 34.704583078443655, '_a1_': 1.0, '_a2_': 1.0, '_a4_': 1.0, '_a6_': 1.0, '_a7_': 1.0}};{'d0': 0.02490583291941659};-280.569866449044;34.90235255456595
11899;-105.382580669956;(((pow2((_a3_ + x)) * _a3_) + _a0_) * ((x * _a3_) * _a5_));{'d0': {'_a0_': 0.1336280750959918, '_a3_': 0.31192970766898936, '_a5_': 34.704583078443655, '_a1_': 1.0, '_a2_': 1.0, '_a4_': 1.0, '_a6_': 1.0, '_a7_': 1.0}};{'d0': 0.02490583291941659};-280.569866449044;34.90235255456595
11900;-105.382580669956;(((pow2((_a3_ + x)) * _a3_) + _a0_) * ((x * _a3_) * _a5_));{'d0': {'_a0_': 0.1336280750959918, '_a3_': 0.31192970766898936, '_a5_': 34.704583078443655, '_a1_': 1.0, '_a2_': 1.0, '_a4_': 1.0, '_a6_': 1.0, '_a7_': 1.0}};{'d0': 0.02490583291941659};-280.569866449044;34.90235255456595
11901;-105.382580669956;(((pow2((_a3_ + x)) * _a3_) + _a0_) * ((x * _a3_) * _a5_));{'d0': {'_a0_': 0.1336280750959918, '_a3_': 0.31192970766898936, '_a5_': 34.704583078443655, '_a1_': 1.0, '_a2_': 1.0, '_a4_': 1.0, '_a6_': 1.0, '_a7_': 1.0}};{'d0': 0.02490583291941659};-280.569866449044;34.90235255456595
11902;-105.382580669956;(((pow2((_a3_ + x)) * _a3_) + _a0_) * ((x * _a3_) * _a5_));{'d0': {'_a0_': 0.1336280750959918, '_a3_': 0.31192970766898936, '_a5_': 34.704583078443655, '_a1_': 1.0, '_a2_': 1.0, '_a4_': 1.0, '_a6_': 1.0, '_a7_': 1.0}};{'d0': 0.02490583291941659};-280.569866449044;34.90235255456595
11903;-105.382580669956;(((pow2((_a3_ + x)) * _a3_) + _a0_) * ((x * _a3_) * _a5_));{'d0': {'_a0_': 0.1336280750959918, '_a3_': 0.31192970766898936, '_a5_': 34.704583078443655, '_a1_': 1.0, '_a2_': 1.0, '_a4_': 1.0, '_a6_': 1.0, '_a7_': 1.0}};{'d0': 0.02490583291941659};-280.569866449044;34.90235255456595
11904;-99.8914414997378;(x * (_a4_ + pow2(((x + (-(_a6_) / (_a7_ * _a4_))) / _a7_))));{'d0': {'_a4_': 1.4465760879582137, '_a6_': -0.24555448227395205, '_a7_': 0.5441891091276496, '_a0_': 1.0, '_a1_': 1.0, '_a2_': 1.0, '_a3_': 1.0, '_a5_': 1.0}};{'d0': 0.024905832919416677};-280.569866449043;40.39349172478391
11905;-99.8914414997378;(x * (_a4_ + pow2(((x + (-(_a6_) / (_a7_ * _a4_))) / _a7_))));{'d0': {'_a4_': 1.4465760879582137, '_a6_': -0.24555448227395205, '_a7_': 0.5441891091276496, '_a0_': 1.0, '_a1_': 1.0, '_a2_': 1.0, '_a3_': 1.0, '_a5_': 1.0}};{'d0': 0.024905832919416677};-280.569866449043;40.39349172478391
11906;-98.8219130026588;(x * (_a4_ + pow2(((x + (-(_a6_) / (_a7_ / _a4_))) / _a7_))));{'d0': {'_a4_': 1.4465760902324363, '_a6_': -0.11734519252712083, '_a7_': 0.544189109479109, '_a0_': 1.0, '_a1_': 1.0, '_a2_': 1.0, '_a3_': 1.0, '_a5_': 1.0}};{'d0': 0.024905832919416646};-280.569866449044;41.463020221862905
11907;-98.8219130026588;(x * (_a4_ + pow2(((x + (-(_a6_) / (_a7_ / _a4_))) / _a7_))));{'d0': {'_a4_': 1.4465760902324363, '_a6_': -0.11734519252712083, '_a7_': 0.544189109479109, '_a0_': 1.0, '_a1_': 1.0, '_a2_': 1.0, '_a3_': 1.0, '_a5_': 1.0}};{'d0': 0.024905832919416646};-280.569866449044;41.463020221862905
11908;-88.8164835482269;(x * (_a4_ + pow2(((x + (-(_a6_) / ((_a2_ / _a0_) / _a4_))) / _a7_))));{'d0': {'_a0_': 1.042843864337281, '_a2_': 0.9937980471867146, '_a4_': 1.4465760893951132, '_a6_': -0.20549167583034134, '_a7_': 0.5441891093681834, '_a1_': 1.0, '_a3_': 1.0, '_a5_': 1.0}};{'d0': 0.02490583291989238};-272.381177323453;47.3741051134997
11909;-88.8164835482269;(x * (_a4_ + pow2(((x + (-(_a6_) / ((_a2_ / _a0_) / _a4_))) / _a7_))));{'d0': {'_a0_': 1.042843864337281, '_a2_': 0.9937980471867146, '_a4_': 1.4465760893951132, '_a6_': -0.20549167583034134, '_a7_': 0.5441891093681834, '_a1_': 1.0, '_a3_': 1.0, '_a5_': 1.0}};{'d0': 0.02490583291989238};-272.381177323453;47.3741051134997
11910;-94.5436029801673;(x * (_a4_ + pow2(((x + (_a0_ / ((_a2_ / _a0_) / _a4_))) / _a7_))));{'d0': {'_a0_': 0.4065237515232917, '_a2_': 0.7664010606518491, '_a4_': 1.4465760893835549, '_a7_': 0.5441891093517082, '_a1_': 1.0, '_a3_': 1.0, '_a5_': 1.0, '_a6_': 1.0}};{'d0': 0.024905832927722};-276.475521866813;43.69415795323931
11911;-94.5436029801673;(x * (_a4_ + pow2(((x + (_a0_ / ((_a2_ / _a0_) / _a4_))) / _a7_))));{'d0': {'_a0_': 0.4065237515232917, '_a2_': 0.7664010606518491, '_a4_': 1.4465760893835549, '_a7_': 0.5441891093517082, '_a1_': 1.0, '_a3_': 1.0, '_a5_': 1.0, '_a6_': 1.0}};{'d0': 0.024905832927722};-276.475521866813;43.69415795323931
11912;-94.5436029801673;(x * (_a4_ + pow2(((x + (_a0_ / ((_a2_ / _a0_) / _a4_))) / _a7_))));{'d0': {'_a0_': 0.4065237515232917, '_a2_': 0.7664010606518491, '_a4_': 1.4465760893835549, '_a7_': 0.5441891093517082, '_a1_': 1.0, '_a3_': 1.0, '_a5_': 1.0, '_a6_': 1.0}};{'d0': 0.024905832927722};-276.475521866813;43.69415795323931
11913;-94.5436029801673;(x * (_a4_ + pow2(((x + (_a0_ / ((_a2_ / _a0_) / _a4_))) / _a7_))));{'d0': {'_a0_': 0.4065237515232917, '_a2_': 0.7664010606518491, '_a4_': 1.4465760893835549, '_a7_': 0.5441891093517082, '_a1_': 1.0, '_a3_': 1.0, '_a5_': 1.0, '_a6_': 1.0}};{'d0': 0.024905832927722};-276.475521866813;43.69415795323931
11914;-88.6230019409139;(x * (_a4_ + pow2(((x + (_a0_ / ((_a2_ / (_a2_ + x)) / _a4_))) / _a7_))));{'d0': {'_a0_': 0.21622599232412557, '_a2_': 113.76099422668217, '_a4_': 1.4465760891012422, '_a7_': 0.5456853430488363, '_a1_': 1.0, '_a3_': 1.0, '_a5_': 1.0, '_a6_': 1.0}};{'d0': 0.02490583291960549};-276.475521886366;49.61475900226931
11915;-88.6230019409139;(x * (_a4_ + pow2(((x + (_a0_ / ((_a2_ / (_a2_ + x)) / _a4_))) / _a7_))));{'d0': {'_a0_': 0.21622599232412557, '_a2_': 113.76099422668217, '_a4_': 1.4465760891012422, '_a7_': 0.5456853430488363, '_a1_': 1.0, '_a3_': 1.0, '_a5_': 1.0, '_a6_': 1.0}};{'d0': 0.02490583291960549};-276.475521886366;49.61475900226931
11916;-88.6230019409139;(x * (_a4_ + pow2(((x + (_a0_ / ((_a2_ / (_a2_ + x)) / _a4_))) / _a7_))));{'d0': {'_a0_': 0.21622599232412557, '_a2_': 113.76099422668217, '_a4_': 1.4465760891012422, '_a7_': 0.5456853430488363, '_a1_': 1.0, '_a3_': 1.0, '_a5_': 1.0, '_a6_': 1.0}};{'d0': 0.02490583291960549};-276.475521886366;49.61475900226931
11917;-88.6230019409139;(x * (_a4_ + pow2(((x + (_a0_ / ((_a2_ / (_a2_ + x)) / _a4_))) / _a7_))));{'d0': {'_a0_': 0.21622599232412557, '_a2_': 113.76099422668217, '_a4_': 1.4465760891012422, '_a7_': 0.5456853430488363, '_a1_': 1.0, '_a3_': 1.0, '_a5_': 1.0, '_a6_': 1.0}};{'d0': 0.02490583291960549};-276.475521886366;49.61475900226931
11918;-88.6230019409139;(x * (_a4_ + pow2(((x + (_a0_ / ((_a2_ / (_a2_ + x)) / _a4_))) / _a7_))));{'d0': {'_a0_': 0.21622599232412557, '_a2_': 113.76099422668217, '_a4_': 1.4465760891012422, '_a7_': 0.5456853430488363, '_a1_': 1.0, '_a3_': 1.0, '_a5_': 1.0, '_a6_': 1.0}};{'d0': 0.02490583291960549};-276.475521886366;49.61475900226931
11919;-88.6230019409139;(x * (_a4_ + pow2(((x + (_a0_ / ((_a2_ / (_a2_ + x)) / _a4_))) / _a7_))));{'d0': {'_a0_': 0.21622599232412557, '_a2_': 113.76099422668217, '_a4_': 1.4465760891012422, '_a7_': 0.5456853430488363, '_a1_': 1.0, '_a3_': 1.0, '_a5_': 1.0, '_a6_': 1.0}};{'d0': 0.02490583291960549};-276.475521886366;49.61475900226931
11920;-88.6230019409139;(x * (_a4_ + pow2(((x + (_a0_ / ((_a2_ / (_a2_ + x)) / _a4_))) / _a7_))));{'d0': {'_a0_': 0.21622599232412557, '_a2_': 113.76099422668217, '_a4_': 1.4465760891012422, '_a7_': 0.5456853430488363, '_a1_': 1.0, '_a3_': 1.0, '_a5_': 1.0, '_a6_': 1.0}};{'d0': 0.02490583291960549};-276.475521886366;49.61475900226931
11921;-88.6230019409139;(x * (_a4_ + pow2(((x + (_a0_ / ((_a2_ / (_a2_ + x)) / _a4_))) / _a7_))));{'d0': {'_a0_': 0.21622599232412557, '_a2_': 113.76099422668217, '_a4_': 1.4465760891012422, '_a7_': 0.5456853430488363, '_a1_': 1.0, '_a3_': 1.0, '_a5_': 1.0, '_a6_': 1.0}};{'d0': 0.02490583291960549};-276.475521886366;49.61475900226931
11922;-105.382580669956;(((pow2((_a3_ + x)) * _a3_) + _a0_) * ((x * _a3_) * _a5_));{'d0': {'_a0_': 0.1336280750959918, '_a3_': 0.31192970766898936, '_a5_': 34.704583078443655, '_a1_': 1.0, '_a2_': 1.0, '_a4_': 1.0, '_a6_': 1.0, '_a7_': 1.0}};{'d0': 0.02490583291941659};-280.569866449044;34.90235255456595
11923;-105.382580669956;(((pow2((_a3_ + x)) * _a3_) + _a0_) * ((x * _a3_) * _a5_));{'d0': {'_a0_': 0.1336280750959918, '_a3_': 0.31192970766898936, '_a5_': 34.704583078443655, '_a1_': 1.0, '_a2_': 1.0, '_a4_': 1.0, '_a6_': 1.0, '_a7_': 1.0}};{'d0': 0.02490583291941659};-280.569866449044;34.90235255456595
11924;-105.382580669956;(((pow2((_a3_ + x)) * _a3_) + _a0_) * ((x * _a3_) * _a5_));{'d0': {'_a0_': 0.1336280750959918, '_a3_': 0.31192970766898936, '_a5_': 34.704583078443655, '_a1_': 1.0, '_a2_': 1.0, '_a4_': 1.0, '_a6_': 1.0, '_a7_': 1.0}};{'d0': 0.02490583291941659};-280.569866449044;34.90235255456595
11925;-105.382580669956;(((pow2((_a3_ + x)) * _a3_) + _a0_) * ((x * _a3_) * _a5_));{'d0': {'_a0_': 0.1336280750959918, '_a3_': 0.31192970766898936, '_a5_': 34.704583078443655, '_a1_': 1.0, '_a2_': 1.0, '_a4_': 1.0, '_a6_': 1.0, '_a7_': 1.0}};{'d0': 0.02490583291941659};-280.569866449044;34.90235255456595
11926;-105.382580669956;(((pow2((_a3_ + x)) * _a3_) + _a0_) * ((x * _a3_) * _a5_));{'d0': {'_a0_': 0.1336280750959918, '_a3_': 0.31192970766898936, '_a5_': 34.704583078443655, '_a1_': 1.0, '_a2_': 1.0, '_a4_': 1.0, '_a6_': 1.0, '_a7_': 1.0}};{'d0': 0.02490583291941659};-280.569866449044;34.90235255456595
11927;-104.531628829010;(((pow2((_a3_ + x)) * _a3_) + _a0_) * ((x * _a3_) / _a5_));{'d0': {'_a0_': 0.13362807538511728, '_a3_': 0.31192970780074625, '_a5_': 0.02881463809800839, '_a1_': 1.0, '_a2_': 1.0, '_a4_': 1.0, '_a6_': 1.0, '_a7_': 1.0}};{'d0': 0.024905832919416622};-280.569866449044;35.75330439551135
11928;-104.531628829010;(((pow2((_a3_ + x)) * _a3_) + _a0_) * ((x * _a3_) / _a5_));{'d0': {'_a0_': 0.13362807538511728, '_a3_': 0.31192970780074625, '_a5_': 0.02881463809800839, '_a1_': 1.0, '_a2_': 1.0, '_a4_': 1.0, '_a6_': 1.0, '_a7_': 1.0}};{'d0': 0.024905832919416622};-280.569866449044;35.75330439551135
11929;-104.531628829010;(((pow2((_a3_ + x)) * _a3_) + _a0_) * ((x * _a3_) / _a5_));{'d0': {'_a0_': 0.13362807538511728, '_a3_': 0.31192970780074625, '_a5_': 0.02881463809800839, '_a1_': 1.0, '_a2_': 1.0, '_a4_': 1.0, '_a6_': 1.0, '_a7_': 1.0}};{'d0': 0.024905832919416622};-280.569866449044;35.75330439551135
11930;-104.531628829010;(((pow2((_a3_ + x)) * _a3_) + _a0_) * ((x * _a3_) / _a5_));{'d0': {'_a0_': 0.13362807538511728, '_a3_': 0.31192970780074625, '_a5_': 0.02881463809800839, '_a1_': 1.0, '_a2_': 1.0, '_a4_': 1.0, '_a6_': 1.0, '_a7_': 1.0}};{'d0': 0.024905832919416622};-280.569866449044;35.75330439551135
11931;-104.531628829010;(((pow2((_a3_ + x)) * _a3_) + _a0_) * ((x * _a3_) / _a5_));{'d0': {'_a0_': 0.13362807538511728, '_a3_': 0.31192970780074625, '_a5_': 0.02881463809800839, '_a1_': 1.0, '_a2_': 1.0, '_a4_': 1.0, '_a6_': 1.0, '_a7_': 1.0}};{'d0': 0.024905832919416622};-280.569866449044;35.75330439551135
11932;-104.531628829010;(((pow2((_a3_ + x)) * _a3_) + _a0_) * ((x * _a3_) / _a5_));{'d0': {'_a0_': 0.13362807538511728, '_a3_': 0.31192970780074625, '_a5_': 0.02881463809800839, '_a1_': 1.0, '_a2_': 1.0, '_a4_': 1.0, '_a6_': 1.0, '_a7_': 1.0}};{'d0': 0.024905832919416622};-280.569866449044;35.75330439551135
11933;-104.531628829010;(((pow2((_a3_ + x)) * _a3_) + _a0_) * ((x * _a3_) / _a5_));{'d0': {'_a0_': 0.13362807538511728, '_a3_': 0.31192970780074625, '_a5_': 0.02881463809800839, '_a1_': 1.0, '_a2_': 1.0, '_a4_': 1.0, '_a6_': 1.0, '_a7_': 1.0}};{'d0': 0.024905832919416622};-280.569866449044;35.75330439551135
11934;-104.531628829010;(((pow2((_a3_ + x)) * _a3_) + _a0_) * ((x * _a3_) / _a5_));{'d0': {'_a0_': 0.13362807538511728, '_a3_': 0.31192970780074625, '_a5_': 0.02881463809800839, '_a1_': 1.0, '_a2_': 1.0, '_a4_': 1.0, '_a6_': 1.0, '_a7_': 1.0}};{'d0': 0.024905832919416622};-280.569866449044;35.75330439551135
11935;-104.531628829010;(((pow2((_a3_ + x)) * _a3_) + _a0_) * ((x * _a3_) / _a5_));{'d0': {'_a0_': 0.13362807538511728, '_a3_': 0.31192970780074625, '_a5_': 0.02881463809800839, '_a1_': 1.0, '_a2_': 1.0, '_a4_': 1.0, '_a6_': 1.0, '_a7_': 1.0}};{'d0': 0.024905832919416622};-280.569866449044;35.75330439551135
11936;-104.531628829010;(((pow2((_a3_ + x)) * _a3_) + _a0_) * ((x * _a3_) / _a5_));{'d0': {'_a0_': 0.13362807538511728, '_a3_': 0.31192970780074625, '_a5_': 0.02881463809800839, '_a1_': 1.0, '_a2_': 1.0, '_a4_': 1.0, '_a6_': 1.0, '_a7_': 1.0}};{'d0': 0.024905832919416622};-280.569866449044;35.75330439551135
11937;-104.531628829010;(((pow2((_a3_ + x)) * _a3_) + _a0_) * ((x * _a3_) / _a5_));{'d0': {'_a0_': 0.13362807538511728, '_a3_': 0.31192970780074625, '_a5_': 0.02881463809800839, '_a1_': 1.0, '_a2_': 1.0, '_a4_': 1.0, '_a6_': 1.0, '_a7_': 1.0}};{'d0': 0.024905832919416622};-280.569866449044;35.75330439551135
11938;-104.531628829010;(((pow2((_a3_ + x)) * _a3_) + _a0_) * ((x * _a3_) / _a5_));{'d0': {'_a0_': 0.13362807538511728, '_a3_': 0.31192970780074625, '_a5_': 0.02881463809800839, '_a1_': 1.0, '_a2_': 1.0, '_a4_': 1.0, '_a6_': 1.0, '_a7_': 1.0}};{'d0': 0.024905832919416622};-280.569866449044;35.75330439551135
11939;-104.531628829010;(((pow2((_a3_ + x)) * _a3_) + _a0_) * ((x * _a3_) / _a5_));{'d0': {'_a0_': 0.13362807538511728, '_a3_': 0.31192970780074625, '_a5_': 0.02881463809800839, '_a1_': 1.0, '_a2_': 1.0, '_a4_': 1.0, '_a6_': 1.0, '_a7_': 1.0}};{'d0': 0.024905832919416622};-280.569866449044;35.75330439551135
11940;-104.531628829010;(((pow2((_a3_ + x)) * _a3_) + _a0_) * ((x * _a3_) / _a5_));{'d0': {'_a0_': 0.13362807538511728, '_a3_': 0.31192970780074625, '_a5_': 0.02881463809800839, '_a1_': 1.0, '_a2_': 1.0, '_a4_': 1.0, '_a6_': 1.0, '_a7_': 1.0}};{'d0': 0.024905832919416622};-280.569866449044;35.75330439551135
11941;-90.8636558298064;(x * (_a2_ + pow2(((x + (_a5_ / ((_a2_ / -(_a4_)) / _a4_))) / _a7_))));{'d0': {'_a2_': 1.4465760891605617, '_a4_': -8.593377368386175, '_a5_': -0.006110408185255019, '_a7_': -0.5441891093655044, '_a0_': 1.0, '_a1_': 1.0, '_a3_': 1.0, '_a6_': 1.0}};{'d0': 0.02490583291950347};-276.475521886612;47.3741051134997
11942;-91.9701153680919;(x * (_a2_ + pow2(((x + (_a5_ / ((_a2_ / -(_a4_)) / _a4_))) * _a7_))));{'d0': {'_a2_': 1.4465760895197257, '_a4_': -8.856257387968054, '_a5_': -0.005753041222563864, '_a7_': -1.8375964949026635, '_a0_': 1.0, '_a1_': 1.0, '_a3_': 1.0, '_a6_': 1.0}};{'d0': 0.024905832919950317};-276.475521885536;46.2676455746759
11943;-91.9701153680919;(x * (_a2_ + pow2(((x + (_a5_ / ((_a2_ / -(_a4_)) / _a4_))) * _a7_))));{'d0': {'_a2_': 1.4465760895197257, '_a4_': -8.856257387968054, '_a5_': -0.005753041222563864, '_a7_': -1.8375964949026635, '_a0_': 1.0, '_a1_': 1.0, '_a3_': 1.0, '_a6_': 1.0}};{'d0': 0.024905832919950317};-276.475521885536;46.2676455746759
11944;-91.9701153680919;(x * (_a2_ + pow2(((x + (_a5_ / ((_a2_ / -(_a4_)) / _a4_))) * _a7_))));{'d0': {'_a2_': 1.4465760895197257, '_a4_': -8.856257387968054, '_a5_': -0.005753041222563864, '_a7_': -1.8375964949026635, '_a0_': 1.0, '_a1_': 1.0, '_a3_': 1.0, '_a6_': 1.0}};{'d0': 0.024905832919950317};-276.475521885536;46.2676455746759
11945;-104.531628829010;(((pow2((_a3_ + x)) * _a3_) + _a0_) * ((x * _a3_) / _a5_));{'d0': {'_a0_': 0.13362807538511728, '_a3_': 0.31192970780074625, '_a5_': 0.02881463809800839, '_a1_': 1.0, '_a2_': 1.0, '_a4_': 1.0, '_a6_': 1.0, '_a7_': 1.0}};{'d0': 0.024905832919416622};-280.569866449044;35.75330439551135
11946;-104.531628829010;(((pow2((_a3_ + x)) * _a3_) + _a0_) * ((x * _a3_) / _a5_));{'d0': {'_a0_': 0.13362807538511728, '_a3_': 0.31192970780074625, '_a5_': 0.02881463809800839, '_a1_': 1.0, '_a2_': 1.0, '_a4_': 1.0, '_a6_': 1.0, '_a7_': 1.0}};{'d0': 0.024905832919416622};-280.569866449044;35.75330439551135
11947;-91.9701153680919;(x * (_a2_ + pow2(((x + (_a5_ / ((_a2_ / -(_a4_)) / _a4_))) * _a7_))));{'d0': {'_a2_': 1.4465760895197257, '_a4_': -8.856257387968054, '_a5_': -0.005753041222563864, '_a7_': -1.8375964949026635, '_a0_': 1.0, '_a1_': 1.0, '_a3_': 1.0, '_a6_': 1.0}};{'d0': 0.024905832919950317};-276.475521885536;46.2676455746759
11948;-91.9701153680919;(x * (_a2_ + pow2(((x + (_a5_ / ((_a2_ / -(_a4_)) / _a4_))) * _a7_))));{'d0': {'_a2_': 1.4465760895197257, '_a4_': -8.856257387968054, '_a5_': -0.005753041222563864, '_a7_': -1.8375964949026635, '_a0_': 1.0, '_a1_': 1.0, '_a3_': 1.0, '_a6_': 1.0}};{'d0': 0.024905832919950317};-276.475521885536;46.2676455746759
11949;-91.9701153680919;(x * (_a2_ + pow2(((x + (_a5_ / ((_a2_ / -(_a4_)) / _a4_))) * _a7_))));{'d0': {'_a2_': 1.4465760895197257, '_a4_': -8.856257387968054, '_a5_': -0.005753041222563864, '_a7_': -1.8375964949026635, '_a0_': 1.0, '_a1_': 1.0, '_a3_': 1.0, '_a6_': 1.0}};{'d0': 0.024905832919950317};-276.475521885536;46.2676455746759
11950;-91.9701153680919;(x * (_a2_ + pow2(((x + (_a5_ / ((_a2_ / -(_a4_)) / _a4_))) * _a7_))));{'d0': {'_a2_': 1.4465760895197257, '_a4_': -8.856257387968054, '_a5_': -0.005753041222563864, '_a7_': -1.8375964949026635, '_a0_': 1.0, '_a1_': 1.0, '_a3_': 1.0, '_a6_': 1.0}};{'d0': 0.024905832919950317};-276.475521885536;46.2676455746759
11951;-103.571388659998;(((pow2((_a3_ + x)) / _a3_) + _a0_) * ((x * _a3_) / _a5_));{'d0': {'_a0_': 1.37335949972505, '_a3_': 0.3119297077054855, '_a5_': 0.29614178660041857, '_a1_': 1.0, '_a2_': 1.0, '_a4_': 1.0, '_a6_': 1.0, '_a7_': 1.0}};{'d0': 0.024905832919416584};-280.569866449044;36.71354456452355
11952;-103.571388659998;(((pow2((_a3_ + x)) / _a3_) + _a0_) * ((x * _a3_) / _a5_));{'d0': {'_a0_': 1.37335949972505, '_a3_': 0.3119297077054855, '_a5_': 0.29614178660041857, '_a1_': 1.0, '_a2_': 1.0, '_a4_': 1.0, '_a6_': 1.0, '_a7_': 1.0}};{'d0': 0.024905832919416584};-280.569866449044;36.71354456452355
11953;-103.571388659998;(((pow2((_a3_ + x)) / _a3_) + _a0_) * ((x * _a3_) / _a5_));{'d0': {'_a0_': 1.37335949972505, '_a3_': 0.3119297077054855, '_a5_': 0.29614178660041857, '_a1_': 1.0, '_a2_': 1.0, '_a4_': 1.0, '_a6_': 1.0, '_a7_': 1.0}};{'d0': 0.024905832919416584};-280.569866449044;36.71354456452355
11954;-103.571388659998;(((pow2((_a3_ + x)) / _a3_) + _a0_) * ((x * _a3_) / _a5_));{'d0': {'_a0_': 1.37335949972505, '_a3_': 0.3119297077054855, '_a5_': 0.29614178660041857, '_a1_': 1.0, '_a2_': 1.0, '_a4_': 1.0, '_a6_': 1.0, '_a7_': 1.0}};{'d0': 0.024905832919416584};-280.569866449044;36.71354456452355
11955;-91.9701153680919;(x * (_a2_ + pow2(((x + (_a5_ / ((_a2_ / -(_a4_)) / _a4_))) * _a7_))));{'d0': {'_a2_': 1.4465760895197257, '_a4_': -8.856257387968054, '_a5_': -0.005753041222563864, '_a7_': -1.8375964949026635, '_a0_': 1.0, '_a1_': 1.0, '_a3_': 1.0, '_a6_': 1.0}};{'d0': 0.024905832919950317};-276.475521885536;46.2676455746759
11956;-91.9701153680919;(x * (_a2_ + pow2(((x + (_a5_ / ((_a2_ / -(_a4_)) / _a4_))) * _a7_))));{'d0': {'_a2_': 1.4465760895197257, '_a4_': -8.856257387968054, '_a5_': -0.005753041222563864, '_a7_': -1.8375964949026635, '_a0_': 1.0, '_a1_': 1.0, '_a3_': 1.0, '_a6_': 1.0}};{'d0': 0.024905832919950317};-276.475521885536;46.2676455746759
11957;-91.9701153680919;(x * (_a2_ + pow2(((x + (_a5_ / ((_a2_ / -(_a4_)) / _a4_))) * _a7_))));{'d0': {'_a2_': 1.4465760895197257, '_a4_': -8.856257387968054, '_a5_': -0.005753041222563864, '_a7_': -1.8375964949026635, '_a0_': 1.0, '_a1_': 1.0, '_a3_': 1.0, '_a6_': 1.0}};{'d0': 0.024905832919950317};-276.475521885536;46.2676455746759
11958;-104.531628829010;(((pow2((_a3_ + x)) * _a3_) + _a0_) * ((x * _a3_) / _a5_));{'d0': {'_a0_': 0.13362807538511728, '_a3_': 0.31192970780074625, '_a5_': 0.02881463809800839, '_a1_': 1.0, '_a2_': 1.0, '_a4_': 1.0, '_a6_': 1.0, '_a7_': 1.0}};{'d0': 0.024905832919416622};-280.569866449044;35.75330439551135
11959;-104.531628829010;(((pow2((_a3_ + x)) * _a3_) + _a0_) * ((x * _a3_) / _a5_));{'d0': {'_a0_': 0.13362807538511728, '_a3_': 0.31192970780074625, '_a5_': 0.02881463809800839, '_a1_': 1.0, '_a2_': 1.0, '_a4_': 1.0, '_a6_': 1.0, '_a7_': 1.0}};{'d0': 0.024905832919416622};-280.569866449044;35.75330439551135
11960;-104.531628829010;(((pow2((_a3_ + x)) * _a3_) + _a0_) * ((x * _a3_) / _a5_));{'d0': {'_a0_': 0.13362807538511728, '_a3_': 0.31192970780074625, '_a5_': 0.02881463809800839, '_a1_': 1.0, '_a2_': 1.0, '_a4_': 1.0, '_a6_': 1.0, '_a7_': 1.0}};{'d0': 0.024905832919416622};-280.569866449044;35.75330439551135
11961;-104.531628829010;(((pow2((_a3_ + x)) * _a3_) + _a0_) * ((x * _a3_) / _a5_));{'d0': {'_a0_': 0.13362807538511728, '_a3_': 0.31192970780074625, '_a5_': 0.02881463809800839, '_a1_': 1.0, '_a2_': 1.0, '_a4_': 1.0, '_a6_': 1.0, '_a7_': 1.0}};{'d0': 0.024905832919416622};-280.569866449044;35.75330439551135
11962;-104.531628829010;(((pow2((_a3_ + x)) * _a3_) + _a0_) * ((x * _a3_) / _a5_));{'d0': {'_a0_': 0.13362807538511728, '_a3_': 0.31192970780074625, '_a5_': 0.02881463809800839, '_a1_': 1.0, '_a2_': 1.0, '_a4_': 1.0, '_a6_': 1.0, '_a7_': 1.0}};{'d0': 0.024905832919416622};-280.569866449044;35.75330439551135
11963;-104.531628829010;(((pow2((_a3_ + x)) * _a3_) + _a0_) * ((x * _a3_) / _a5_));{'d0': {'_a0_': 0.13362807538511728, '_a3_': 0.31192970780074625, '_a5_': 0.02881463809800839, '_a1_': 1.0, '_a2_': 1.0, '_a4_': 1.0, '_a6_': 1.0, '_a7_': 1.0}};{'d0': 0.024905832919416622};-280.569866449044;35.75330439551135
11964;-91.9701153680919;(x * (_a2_ + pow2(((x + (_a5_ / ((_a2_ / -(_a4_)) / _a4_))) * _a7_))));{'d0': {'_a2_': 1.4465760895197257, '_a4_': -8.856257387968054, '_a5_': -0.005753041222563864, '_a7_': -1.8375964949026635, '_a0_': 1.0, '_a1_': 1.0, '_a3_': 1.0, '_a6_': 1.0}};{'d0': 0.024905832919950317};-276.475521885536;46.2676455746759
11965;-91.9701153680919;(x * (_a2_ + pow2(((x + (_a5_ / ((_a2_ / -(_a4_)) / _a4_))) * _a7_))));{'d0': {'_a2_': 1.4465760895197257, '_a4_': -8.856257387968054, '_a5_': -0.005753041222563864, '_a7_': -1.8375964949026635, '_a0_': 1.0, '_a1_': 1.0, '_a3_': 1.0, '_a6_': 1.0}};{'d0': 0.024905832919950317};-276.475521885536;46.2676455746759
11966;-92.9672865794918;(x * (_a2_ + pow2(((x + (_a5_ / ((_a2_ / -(_a4_)) * _a4_))) * _a7_))));{'d0': {'_a2_': 1.4465760898343059, '_a5_': -0.45123005715429043, '_a7_': -1.8375964947833412, '_a0_': 1.0, '_a1_': 1.0, '_a3_': 1.0, '_a4_': 1.0, '_a6_': 1.0}};{'d0': 0.02490583291941666};-276.475521886821;45.2704743639189
11967;-92.9672865794918;(x * (_a2_ + pow2(((x + (_a5_ / ((_a2_ / -(_a4_)) * _a4_))) * _a7_))));{'d0': {'_a2_': 1.4465760898343059, '_a5_': -0.45123005715429043, '_a7_': -1.8375964947833412, '_a0_': 1.0, '_a1_': 1.0, '_a3_': 1.0, '_a4_': 1.0, '_a6_': 1.0}};{'d0': 0.02490583291941666};-276.475521886821;45.2704743639189
11968;-92.9672865794918;(x * (_a2_ + pow2(((x + (_a5_ / ((_a2_ / -(_a4_)) * _a4_))) * _a7_))));{'d0': {'_a2_': 1.4465760898343059, '_a5_': -0.45123005715429043, '_a7_': -1.8375964947833412, '_a0_': 1.0, '_a1_': 1.0, '_a3_': 1.0, '_a4_': 1.0, '_a6_': 1.0}};{'d0': 0.02490583291941666};-276.475521886821;45.2704743639189
11969;-93.8551694621819;(x * (_a2_ + pow2(((x + (_a5_ / ((_a2_ * -(_a4_)) * _a4_))) * _a7_))));{'d0': {'_a2_': 1.4465760898343059, '_a4_': 1.0, '_a5_': -0.45123005715429043, '_a7_': -1.8375964947833412, '_a0_': 1.0, '_a1_': 1.0, '_a3_': 1.0, '_a6_': 1.0}};{'d0': 0.02490583291941666};-276.475521886821;44.3825914812287
11970;-85.9707743727852;(x * ((_a3_ / _a2_) + pow2(((x + (_a5_ / ((_a2_ * -(_a4_)) * _a4_))) * _a7_))));{'d0': {'_a2_': -10.832304465088122, '_a3_': -15.669752631459417, '_a4_': -1.8299536353101422, '_a5_': 11.315084569298984, '_a7_': -1.8375964950067902, '_a0_': 1.0, '_a1_': 1.0, '_a6_': 1.0}};{'d0': 0.024905832919531648};-272.381177324322;50.219814289375904
11971;-85.9707743727852;(x * ((_a3_ / _a2_) + pow2(((x + (_a5_ / ((_a2_ * -(_a4_)) * _a4_))) * _a7_))));{'d0': {'_a2_': -10.832304465088122, '_a3_': -15.669752631459417, '_a4_': -1.8299536353101422, '_a5_': 11.315084569298984, '_a7_': -1.8375964950067902, '_a0_': 1.0, '_a1_': 1.0, '_a6_': 1.0}};{'d0': 0.024905832919531648};-272.381177324322;50.219814289375904
11972;-85.9707743727852;(x * ((_a3_ / _a2_) + pow2(((x + (_a5_ / ((_a2_ * -(_a4_)) * _a4_))) * _a7_))));{'d0': {'_a2_': -10.832304465088122, '_a3_': -15.669752631459417, '_a4_': -1.8299536353101422, '_a5_': 11.315084569298984, '_a7_': -1.8375964950067902, '_a0_': 1.0, '_a1_': 1.0, '_a6_': 1.0}};{'d0': 0.024905832919531648};-272.381177324322;50.219814289375904
11973;-85.9707743727852;(x * ((_a3_ / _a2_) + pow2(((x + (_a5_ / ((_a2_ * -(_a4_)) * _a4_))) * _a7_))));{'d0': {'_a2_': -10.832304465088122, '_a3_': -15.669752631459417, '_a4_': -1.8299536353101422, '_a5_': 11.315084569298984, '_a7_': -1.8375964950067902, '_a0_': 1.0, '_a1_': 1.0, '_a6_': 1.0}};{'d0': 0.024905832919531648};-272.381177324322;50.219814289375904
11974;-85.9707743727852;(x * ((_a3_ / _a2_) + pow2(((x + (_a5_ / ((_a2_ * -(_a4_)) * _a4_))) * _a7_))));{'d0': {'_a2_': -10.832304465088122, '_a3_': -15.669752631459417, '_a4_': -1.8299536353101422, '_a5_': 11.315084569298984, '_a7_': -1.8375964950067902, '_a0_': 1.0, '_a1_': 1.0, '_a6_': 1.0}};{'d0': 0.024905832919531648};-272.381177324322;50.219814289375904
11975;-85.9707743727852;(x * ((_a3_ / _a2_) + pow2(((x + (_a5_ / ((_a2_ * -(_a4_)) * _a4_))) * _a7_))));{'d0': {'_a2_': -10.832304465088122, '_a3_': -15.669752631459417, '_a4_': -1.8299536353101422, '_a5_': 11.315084569298984, '_a7_': -1.8375964950067902, '_a0_': 1.0, '_a1_': 1.0, '_a6_': 1.0}};{'d0': 0.024905832919531648};-272.381177324322;50.219814289375904
11976;-85.9707743727852;(x * ((_a3_ / _a2_) + pow2(((x + (_a5_ / ((_a2_ * -(_a4_)) * _a4_))) * _a7_))));{'d0': {'_a2_': -10.832304465088122, '_a3_': -15.669752631459417, '_a4_': -1.8299536353101422, '_a5_': 11.315084569298984, '_a7_': -1.8375964950067902, '_a0_': 1.0, '_a1_': 1.0, '_a6_': 1.0}};{'d0': 0.024905832919531648};-272.381177324322;50.219814289375904
11977;-84.9995132489726;(x * ((_a3_ / _a2_) + pow2(((x + (_a5_ / ((_a2_ * -(_a4_)) + _a4_))) * _a7_))));{'d0': {'_a2_': -505.86514634318337, '_a3_': -731.7724250462945, '_a4_': -54.06251287962923, '_a5_': -8547.62485044868, '_a7_': -1.8375964950669483, '_a0_': 1.0, '_a1_': 1.0, '_a6_': 1.0}};{'d0': 0.024905832919730548};-272.381177323843;51.191075412948905
11978;-84.9995132489726;(x * ((_a3_ / _a2_) + pow2(((x + (_a5_ / ((_a2_ * -(_a4_)) + _a4_))) * _a7_))));{'d0': {'_a2_': -505.86514634318337, '_a3_': -731.7724250462945, '_a4_': -54.06251287962923, '_a5_': -8547.62485044868, '_a7_': -1.8375964950669483, '_a0_': 1.0, '_a1_': 1.0, '_a6_': 1.0}};{'d0': 0.024905832919730548};-272.381177323843;51.191075412948905
11979;-84.9995132489726;(x * ((_a3_ / _a2_) + pow2(((x + (_a5_ / ((_a2_ * -(_a4_)) + _a4_))) * _a7_))));{'d0': {'_a2_': -505.86514634318337, '_a3_': -731.7724250462945, '_a4_': -54.06251287962923, '_a5_': -8547.62485044868, '_a7_': -1.8375964950669483, '_a0_': 1.0, '_a1_': 1.0, '_a6_': 1.0}};{'d0': 0.024905832919730548};-272.381177323843;51.191075412948905
11980;-84.9995132489726;(x * ((_a3_ / _a2_) + pow2(((x + (_a5_ / ((_a2_ * -(_a4_)) + _a4_))) * _a7_))));{'d0': {'_a2_': -505.86514634318337, '_a3_': -731.7724250462945, '_a4_': -54.06251287962923, '_a5_': -8547.62485044868, '_a7_': -1.8375964950669483, '_a0_': 1.0, '_a1_': 1.0, '_a6_': 1.0}};{'d0': 0.024905832919730548};-272.381177323843;51.191075412948905
11981;-84.9995132489726;(x * ((_a3_ / _a2_) + pow2(((x + (_a5_ / ((_a2_ * -(_a4_)) + _a4_))) * _a7_))));{'d0': {'_a2_': -505.86514634318337, '_a3_': -731.7724250462945, '_a4_': -54.06251287962923, '_a5_': -8547.62485044868, '_a7_': -1.8375964950669483, '_a0_': 1.0, '_a1_': 1.0, '_a6_': 1.0}};{'d0': 0.024905832919730548};-272.381177323843;51.191075412948905
11982;-90.8367360552371;(x * (_a0_ + pow2(((x + (_a5_ / ((_a2_ * -(_a4_)) + _a4_))) * _a7_))));{'d0': {'_a0_': 1.4465760896908288, '_a2_': -447.7840762205992, '_a4_': -33.38508170016276, '_a5_': -4673.548580966697, '_a7_': -1.8375964947400512, '_a1_': 1.0, '_a3_': 1.0, '_a6_': 1.0}};{'d0': 0.024905832921293537};-272.381177320078;45.3538526048017
11983;-86.2667991470179;(x * (_a0_ + pow2(((x + (_a5_ / ((sin(_a4_) * -(_a4_)) + _a4_))) * _a7_))));{'d0': {'_a0_': 1.446576089002479, '_a4_': -47.34548105955853, '_a5_': -11.522608822386061, '_a7_': -1.8375964949359516, '_a1_': 1.0, '_a2_': 1.0, '_a3_': 1.0, '_a6_': 1.0}};{'d0': 0.02490583292686974};-276.475521868866;51.97096178741522
11984;-86.2667991470179;(x * (_a0_ + pow2(((x + (_a5_ / ((sin(_a4_) * -(_a4_)) + _a4_))) * _a7_))));{'d0': {'_a0_': 1.446576089002479, '_a4_': -47.34548105955853, '_a5_': -11.522608822386061, '_a7_': -1.8375964949359516, '_a1_': 1.0, '_a2_': 1.0, '_a3_': 1.0, '_a6_': 1.0}};{'d0': 0.02490583292686974};-276.475521868866;51.97096178741522
11985;-86.2667991470179;(x * (_a0_ + pow2(((x + (_a5_ / ((sin(_a4_) * -(_a4_)) + _a4_))) * _a7_))));{'d0': {'_a0_': 1.446576089002479, '_a4_': -47.34548105955853, '_a5_': -11.522608822386061, '_a7_': -1.8375964949359516, '_a1_': 1.0, '_a2_': 1.0, '_a3_': 1.0, '_a6_': 1.0}};{'d0': 0.02490583292686974};-276.475521868866;51.97096178741522
11986;-86.2667991470179;(x * (_a0_ + pow2(((x + (_a5_ / ((sin(_a4_) * -(_a4_)) + _a4_))) * _a7_))));{'d0': {'_a0_': 1.446576089002479, '_a4_': -47.34548105955853, '_a5_': -11.522608822386061, '_a7_': -1.8375964949359516, '_a1_': 1.0, '_a2_': 1.0, '_a3_': 1.0, '_a6_': 1.0}};{'d0': 0.02490583292686974};-276.475521868866;51.97096178741522
11987;-86.2667991470179;(x * (_a0_ + pow2(((x + (_a5_ / ((sin(_a4_) * -(_a4_)) + _a4_))) * _a7_))));{'d0': {'_a0_': 1.446576089002479, '_a4_': -47.34548105955853, '_a5_': -11.522608822386061, '_a7_': -1.8375964949359516, '_a1_': 1.0, '_a2_': 1.0, '_a3_': 1.0, '_a6_': 1.0}};{'d0': 0.02490583292686974};-276.475521868866;51.97096178741522
11988;-86.2667991470179;(x * (_a0_ + pow2(((x + (_a5_ / ((sin(_a4_) * -(_a4_)) + _a4_))) * _a7_))));{'d0': {'_a0_': 1.446576089002479, '_a4_': -47.34548105955853, '_a5_': -11.522608822386061, '_a7_': -1.8375964949359516, '_a1_': 1.0, '_a2_': 1.0, '_a3_': 1.0, '_a6_': 1.0}};{'d0': 0.02490583292686974};-276.475521868866;51.97096178741522
11989;-86.2667991470179;(x * (_a0_ + pow2(((x + (_a5_ / ((sin(_a4_) * -(_a4_)) + _a4_))) * _a7_))));{'d0': {'_a0_': 1.446576089002479, '_a4_': -47.34548105955853, '_a5_': -11.522608822386061, '_a7_': -1.8375964949359516, '_a1_': 1.0, '_a2_': 1.0, '_a3_': 1.0, '_a6_': 1.0}};{'d0': 0.02490583292686974};-276.475521868866;51.97096178741522
11990;-86.2667991470179;(x * (_a0_ + pow2(((x + (_a5_ / ((sin(_a4_) * -(_a4_)) + _a4_))) * _a7_))));{'d0': {'_a0_': 1.446576089002479, '_a4_': -47.34548105955853, '_a5_': -11.522608822386061, '_a7_': -1.8375964949359516, '_a1_': 1.0, '_a2_': 1.0, '_a3_': 1.0, '_a6_': 1.0}};{'d0': 0.02490583292686974};-276.475521868866;51.97096178741522
11991;-102.484456547899;(((pow2((_a3_ + x)) * _a0_) + _a4_) * ((x * _a3_) / _a5_));{'d0': {'_a0_': 0.009482531292312609, '_a3_': 0.31192970789279695, '_a4_': 0.004062237009489658, '_a5_': 0.0008759528196349415, '_a1_': 1.0, '_a2_': 1.0, '_a6_': 1.0, '_a7_': 1.0}};{'d0': 0.024905832919416632};-276.475521886821;35.75330439551135
11992;-96.5638554815924;(((pow2((_a3_ + (_a0_ + x))) * _a0_) + _a4_) * ((x * _a3_) / _a5_));{'d0': {'_a0_': 0.017219450180893492, '_a3_': 0.2947102577500573, '_a4_': 0.007376668293847232, '_a5_': 0.0015028457245948965, '_a1_': 1.0, '_a2_': 1.0, '_a6_': 1.0, '_a7_': 1.0}};{'d0': 0.024905832933759916};-276.475521852267;41.67390544454135
11993;-96.5638554815924;(((pow2((_a3_ + (_a0_ + x))) * _a0_) + _a4_) * ((x * _a3_) / _a5_));{'d0': {'_a0_': 0.017219450180893492, '_a3_': 0.2947102577500573, '_a4_': 0.007376668293847232, '_a5_': 0.0015028457245948965, '_a1_': 1.0, '_a2_': 1.0, '_a6_': 1.0, '_a7_': 1.0}};{'d0': 0.024905832933759916};-276.475521852267;41.67390544454135
11994;-96.5638554815924;(((pow2((_a3_ + (_a0_ + x))) * _a0_) + _a4_) * ((x * _a3_) / _a5_));{'d0': {'_a0_': 0.017219450180893492, '_a3_': 0.2947102577500573, '_a4_': 0.007376668293847232, '_a5_': 0.0015028457245948965, '_a1_': 1.0, '_a2_': 1.0, '_a6_': 1.0, '_a7_': 1.0}};{'d0': 0.024905832933759916};-276.475521852267;41.67390544454135
11995;-96.5638554815924;(((pow2((_a3_ + (_a0_ + x))) * _a0_) + _a4_) * ((x * _a3_) / _a5_));{'d0': {'_a0_': 0.017219450180893492, '_a3_': 0.2947102577500573, '_a4_': 0.007376668293847232, '_a5_': 0.0015028457245948965, '_a1_': 1.0, '_a2_': 1.0, '_a6_': 1.0, '_a7_': 1.0}};{'d0': 0.024905832933759916};-276.475521852267;41.67390544454135
11996;-79.6739170934921;(x * (_a0_ + pow2(((x + (pow3(_a6_) / ((sin(_a6_) * -(_a4_)) + _a6_))) * _a7_))));{'d0': {'_a0_': 1.4465760891926733, '_a4_': -40.97585004009988, '_a6_': 2.2169684294901657, '_a7_': -1.8375964950178725, '_a1_': 1.0, '_a2_': 1.0, '_a3_': 1.0, '_a5_': 1.0}};{'d0': 0.024905832919494175};-276.475521886635;58.56384384982522
11997;-79.6739170934921;(x * (_a0_ + pow2(((x + (pow3(_a6_) / ((sin(_a6_) * -(_a4_)) + _a6_))) * _a7_))));{'d0': {'_a0_': 1.4465760891926733, '_a4_': -40.97585004009988, '_a6_': 2.2169684294901657, '_a7_': -1.8375964950178725, '_a1_': 1.0, '_a2_': 1.0, '_a3_': 1.0, '_a5_': 1.0}};{'d0': 0.024905832919494175};-276.475521886635;58.56384384982522
11998;-78.3824040571918;(x * (_a0_ + pow2(((x + ((_a3_ / _a6_) / ((sin(_a6_) * -(_a4_)) + _a6_))) * _a7_))));{'d0': {'_a0_': 1.4465758524106502, '_a3_': -3.6683420054654734, '_a4_': 599.510838632733, '_a6_': 21.9536270066598, '_a7_': -1.8375964948040981, '_a1_': 1.0, '_a2_': 1.0, '_a5_': 1.0}};{'d0': 0.02490583292734118};-272.381177305509;57.808184595562416
11999;-78.3824040571918;(x * (_a0_ + pow2(((x + ((_a3_ / _a6_) / ((sin(_a6_) * -(_a4_)) + _a6_))) * _a7_))));{'d0': {'_a0_': 1.4465758524106502, '_a3_': -3.6683420054654734, '_a4_': 599.510838632733, '_a6_': 21.9536270066598, '_a7_': -1.8375964948040981, '_a1_': 1.0, '_a2_': 1.0, '_a5_': 1.0}};{'d0': 0.02490583292734118};-272.381177305509;57.808184595562416
12000;-86.2667991437375;(x * (_a0_ + pow2(((x + (_a0_ / ((sin(_a6_) * -(_a4_)) + _a6_))) * _a7_))));{'d0': {'_a0_': 1.446575804276156, '_a4_': 165184.63285751184, '_a6_': 9.424748979628712, '_a7_': -1.8375964950718893, '_a1_': 1.0, '_a2_': 1.0, '_a3_': 1.0, '_a5_': 1.0}};{'d0': 0.02490583292959316};-276.475521862305;51.97096178741522
12001;-86.2667991437375;(x * (_a0_ + pow2(((x + (_a0_ / ((sin(_a6_) * -(_a4_)) + _a6_))) * _a7_))));{'d0': {'_a0_': 1.446575804276156, '_a4_': 165184.63285751184, '_a6_': 9.424748979628712, '_a7_': -1.8375964950718893, '_a1_': 1.0, '_a2_': 1.0, '_a3_': 1.0, '_a5_': 1.0}};{'d0': 0.02490583292959316};-276.475521862305;51.97096178741522
12002;-86.2667991437375;(x * (_a0_ + pow2(((x + (_a0_ / ((sin(_a6_) * -(_a4_)) + _a6_))) * _a7_))));{'d0': {'_a0_': 1.446575804276156, '_a4_': 165184.63285751184, '_a6_': 9.424748979628712, '_a7_': -1.8375964950718893, '_a1_': 1.0, '_a2_': 1.0, '_a3_': 1.0, '_a5_': 1.0}};{'d0': 0.02490583292959316};-276.475521862305;51.97096178741522
12003;-86.2667991437375;(x * (_a0_ + pow2(((x + (_a0_ / ((sin(_a6_) * -(_a4_)) + _a6_))) * _a7_))));{'d0': {'_a0_': 1.446575804276156, '_a4_': 165184.63285751184, '_a6_': 9.424748979628712, '_a7_': -1.8375964950718893, '_a1_': 1.0, '_a2_': 1.0, '_a3_': 1.0, '_a5_': 1.0}};{'d0': 0.02490583292959316};-276.475521862305;51.97096178741522
12004;-86.2667991437375;(x * (_a0_ + pow2(((x + (_a0_ / ((sin(_a6_) * -(_a4_)) + _a6_))) * _a7_))));{'d0': {'_a0_': 1.446575804276156, '_a4_': 165184.63285751184, '_a6_': 9.424748979628712, '_a7_': -1.8375964950718893, '_a1_': 1.0, '_a2_': 1.0, '_a3_': 1.0, '_a5_': 1.0}};{'d0': 0.02490583292959316};-276.475521862305;51.97096178741522
12005;-84.1095235081079;(x * (_a0_ + pow2(((x + (_a0_ / ((sin(_a6_) * (_a7_ / _a2_)) + _a6_))) * _a7_))));{'d0': {'_a0_': 1.4465760896951276, '_a2_': 5358716.538897626, '_a6_': 4.6375063201620215, '_a7_': -1.8375964940000853, '_a1_': 1.0, '_a3_': 1.0, '_a4_': 1.0, '_a5_': 1.0}};{'d0': 0.02490583291941728};-276.475521886820;54.12823743530203
12006;-84.1095235081079;(x * (_a0_ + pow2(((x + (_a0_ / ((sin(_a6_) * (_a7_ / _a2_)) + _a6_))) * _a7_))));{'d0': {'_a0_': 1.4465760896951276, '_a2_': 5358716.538897626, '_a6_': 4.6375063201620215, '_a7_': -1.8375964940000853, '_a1_': 1.0, '_a3_': 1.0, '_a4_': 1.0, '_a5_': 1.0}};{'d0': 0.02490583291941728};-276.475521886820;54.12823743530203
12007;-84.1095235081086;(x * (_a0_ + pow2(((x + (_a0_ / ((sin(_a6_) * (_a2_ / _a2_)) + _a6_))) * _a7_))));{'d0': {'_a0_': 1.4465760899347215, '_a6_': 5.406273925557816, '_a7_': -1.8375964944634735, '_a1_': 1.0, '_a2_': 1.0, '_a3_': 1.0, '_a4_': 1.0, '_a5_': 1.0}};{'d0': 0.024905832919416688};-276.475521886821;54.12823743530203
12008;-84.1095235081086;(x * (_a0_ + pow2(((x + (_a0_ / ((sin(_a6_) * (_a2_ / _a2_)) + _a6_))) * _a7_))));{'d0': {'_a0_': 1.4465760899347215, '_a6_': 5.406273925557816, '_a7_': -1.8375964944634735, '_a1_': 1.0, '_a2_': 1.0, '_a3_': 1.0, '_a4_': 1.0, '_a5_': 1.0}};{'d0': 0.024905832919416688};-276.475521886821;54.12823743530203
12009;-84.1095235081086;(x * (_a0_ + pow2(((x + (_a0_ / ((sin(_a6_) * (_a2_ / _a2_)) + _a6_))) * _a7_))));{'d0': {'_a0_': 1.4465760899347215, '_a6_': 5.406273925557816, '_a7_': -1.8375964944634735, '_a1_': 1.0, '_a2_': 1.0, '_a3_': 1.0, '_a4_': 1.0, '_a5_': 1.0}};{'d0': 0.024905832919416688};-276.475521886821;54.12823743530203
12010;-84.1095235081086;(x * (_a0_ + pow2(((x + (_a0_ / ((sin(_a6_) * (_a2_ / _a2_)) + _a6_))) * _a7_))));{'d0': {'_a0_': 1.4465760899347215, '_a6_': 5.406273925557816, '_a7_': -1.8375964944634735, '_a1_': 1.0, '_a2_': 1.0, '_a3_': 1.0, '_a4_': 1.0, '_a5_': 1.0}};{'d0': 0.024905832919416688};-276.475521886821;54.12823743530203
12011;-84.1095235081086;(x * (_a0_ + pow2(((x + (_a0_ / ((sin(_a6_) * (_a2_ / _a2_)) + _a6_))) * _a7_))));{'d0': {'_a0_': 1.4465760899347215, '_a6_': 5.406273925557816, '_a7_': -1.8375964944634735, '_a1_': 1.0, '_a2_': 1.0, '_a3_': 1.0, '_a4_': 1.0, '_a5_': 1.0}};{'d0': 0.024905832919416688};-276.475521886821;54.12823743530203
12012;-84.1095235081086;(x * (_a0_ + pow2(((x + (_a0_ / ((sin(_a6_) * (_a2_ / _a2_)) + _a6_))) * _a7_))));{'d0': {'_a0_': 1.4465760899347215, '_a6_': 5.406273925557816, '_a7_': -1.8375964944634735, '_a1_': 1.0, '_a2_': 1.0, '_a3_': 1.0, '_a4_': 1.0, '_a5_': 1.0}};{'d0': 0.024905832919416688};-276.475521886821;54.12823743530203
12013;-84.1095235081086;(x * (_a0_ + pow2(((x + (_a0_ / ((sin(_a6_) * (_a2_ / _a2_)) + _a6_))) * _a7_))));{'d0': {'_a0_': 1.4465760899347215, '_a6_': 5.406273925557816, '_a7_': -1.8375964944634735, '_a1_': 1.0, '_a2_': 1.0, '_a3_': 1.0, '_a4_': 1.0, '_a5_': 1.0}};{'d0': 0.024905832919416688};-276.475521886821;54.12823743530203
12014;-84.1095235081086;(x * (_a0_ + pow2(((x + (_a0_ / ((sin(_a6_) * (_a2_ / _a2_)) + _a6_))) * _a7_))));{'d0': {'_a0_': 1.4465760899347215, '_a6_': 5.406273925557816, '_a7_': -1.8375964944634735, '_a1_': 1.0, '_a2_': 1.0, '_a3_': 1.0, '_a4_': 1.0, '_a5_': 1.0}};{'d0': 0.024905832919416688};-276.475521886821;54.12823743530203
12015;-84.1095235081086;(x * (_a0_ + pow2(((x + (_a0_ / ((sin(_a6_) * (_a2_ / _a2_)) + _a6_))) * _a7_))));{'d0': {'_a0_': 1.4465760899347215, '_a6_': 5.406273925557816, '_a7_': -1.8375964944634735, '_a1_': 1.0, '_a2_': 1.0, '_a3_': 1.0, '_a4_': 1.0, '_a5_': 1.0}};{'d0': 0.024905832919416688};-276.475521886821;54.12823743530203
12016;-88.6794604025410;(x * (_a0_ + pow2(((x + (_a0_ / ((_a5_ * (_a2_ / _a2_)) + _a6_))) * _a7_))));{'d0': {'_a0_': 1.446576412258353, '_a5_': -2975.368480453946, '_a6_': 2980.0059847728394, '_a7_': -1.8375964942669125, '_a1_': 1.0, '_a2_': 1.0, '_a3_': 1.0, '_a4_': 1.0}};{'d0': 0.024905832925286215};-272.381177310459;47.511128252688515
12017;-88.6794604025410;(x * (_a0_ + pow2(((x + (_a0_ / ((_a5_ * (_a2_ / _a2_)) + _a6_))) * _a7_))));{'d0': {'_a0_': 1.446576412258353, '_a5_': -2975.368480453946, '_a6_': 2980.0059847728394, '_a7_': -1.8375964942669125, '_a1_': 1.0, '_a2_': 1.0, '_a3_': 1.0, '_a4_': 1.0}};{'d0': 0.024905832925286215};-272.381177310459;47.511128252688515
12018;-88.6794604025410;(x * (_a0_ + pow2(((x + (_a0_ / ((_a5_ * (_a2_ / _a2_)) + _a6_))) * _a7_))));{'d0': {'_a0_': 1.446576412258353, '_a5_': -2975.368480453946, '_a6_': 2980.0059847728394, '_a7_': -1.8375964942669125, '_a1_': 1.0, '_a2_': 1.0, '_a3_': 1.0, '_a4_': 1.0}};{'d0': 0.024905832925286215};-272.381177310459;47.511128252688515
12019;-88.6794604025410;(x * (_a0_ + pow2(((x + (_a0_ / ((_a5_ * (_a2_ / _a2_)) + _a6_))) * _a7_))));{'d0': {'_a0_': 1.446576412258353, '_a5_': -2975.368480453946, '_a6_': 2980.0059847728394, '_a7_': -1.8375964942669125, '_a1_': 1.0, '_a2_': 1.0, '_a3_': 1.0, '_a4_': 1.0}};{'d0': 0.024905832925286215};-272.381177310459;47.511128252688515
12020;-94.5166832168005;(x * (_a0_ + pow2(((x + (_a0_ / ((_a5_ * _a3_) + _a6_))) * _a7_))));{'d0': {'_a0_': 1.4465760436551685, '_a3_': 1.0000115342526432, '_a5_': -2975.3301661492724, '_a6_': 2980.001991944479, '_a7_': -1.837596494384681, '_a1_': 1.0, '_a2_': 1.0, '_a4_': 1.0}};{'d0': 0.024905832920211844};-272.381177322684;41.67390544454132
12021;-92.9187405574535;((((_a6_ ** _a4_) + pow2((x / _a6_))) + x) * ((_a5_ * x) * (_a6_ * _a4_)));{'d0': {'_a4_': 0.7257271033335085, '_a5_': 3.675109908315803, '_a6_': 0.7898477166034336, '_a0_': 1.0, '_a1_': 1.0, '_a2_': 1.0, '_a3_': 1.0, '_a7_': 1.0}};{'d0': 0.024905832919416615};-280.569866449044;47.36619266706846
12022;-92.9187405574535;((((_a6_ ** _a4_) + pow2((x / _a6_))) + x) * ((_a5_ * x) * (_a6_ * _a4_)));{'d0': {'_a4_': 0.7257271033335085, '_a5_': 3.675109908315803, '_a6_': 0.7898477166034336, '_a0_': 1.0, '_a1_': 1.0, '_a2_': 1.0, '_a3_': 1.0, '_a7_': 1.0}};{'d0': 0.024905832919416615};-280.569866449044;47.36619266706846
12023;-92.9187405574535;((((_a6_ ** _a4_) + pow2((x / _a6_))) + x) * ((_a5_ * x) * (_a6_ * _a4_)));{'d0': {'_a4_': 0.7257271033335085, '_a5_': 3.675109908315803, '_a6_': 0.7898477166034336, '_a0_': 1.0, '_a1_': 1.0, '_a2_': 1.0, '_a3_': 1.0, '_a7_': 1.0}};{'d0': 0.024905832919416615};-280.569866449044;47.36619266706846
12024;-92.9187405574535;((((_a6_ ** _a4_) + pow2((x / _a6_))) + x) * ((_a5_ * x) * (_a6_ * _a4_)));{'d0': {'_a4_': 0.7257271033335085, '_a5_': 3.675109908315803, '_a6_': 0.7898477166034336, '_a0_': 1.0, '_a1_': 1.0, '_a2_': 1.0, '_a3_': 1.0, '_a7_': 1.0}};{'d0': 0.024905832919416615};-280.569866449044;47.36619266706846
12025;-92.9187405574535;((((_a6_ ** _a4_) + pow2((x / _a6_))) + x) * ((_a5_ * x) * (_a6_ * _a4_)));{'d0': {'_a4_': 0.7257271033335085, '_a5_': 3.675109908315803, '_a6_': 0.7898477166034336, '_a0_': 1.0, '_a1_': 1.0, '_a2_': 1.0, '_a3_': 1.0, '_a7_': 1.0}};{'d0': 0.024905832919416615};-280.569866449044;47.36619266706846
12026;-92.9187405574535;((((_a6_ ** _a4_) + pow2((x / _a6_))) + x) * ((_a5_ * x) * (_a6_ * _a4_)));{'d0': {'_a4_': 0.7257271033335085, '_a5_': 3.675109908315803, '_a6_': 0.7898477166034336, '_a0_': 1.0, '_a1_': 1.0, '_a2_': 1.0, '_a3_': 1.0, '_a7_': 1.0}};{'d0': 0.024905832919416615};-280.569866449044;47.36619266706846
12027;-92.9187405574535;((((_a6_ ** _a4_) + pow2((x / _a6_))) + x) * ((_a5_ * x) * (_a6_ * _a4_)));{'d0': {'_a4_': 0.7257271033335085, '_a5_': 3.675109908315803, '_a6_': 0.7898477166034336, '_a0_': 1.0, '_a1_': 1.0, '_a2_': 1.0, '_a3_': 1.0, '_a7_': 1.0}};{'d0': 0.024905832919416615};-280.569866449044;47.36619266706846
12028;-92.9187405574535;((((_a6_ ** _a4_) + pow2((x / _a6_))) + x) * ((_a5_ * x) * (_a6_ * _a4_)));{'d0': {'_a4_': 0.7257271033335085, '_a5_': 3.675109908315803, '_a6_': 0.7898477166034336, '_a0_': 1.0, '_a1_': 1.0, '_a2_': 1.0, '_a3_': 1.0, '_a7_': 1.0}};{'d0': 0.024905832919416615};-280.569866449044;47.36619266706846
12029;-92.9187405574535;((((_a6_ ** _a4_) + pow2((x / _a6_))) + x) * ((_a5_ * x) * (_a6_ * _a4_)));{'d0': {'_a4_': 0.7257271033335085, '_a5_': 3.675109908315803, '_a6_': 0.7898477166034336, '_a0_': 1.0, '_a1_': 1.0, '_a2_': 1.0, '_a3_': 1.0, '_a7_': 1.0}};{'d0': 0.024905832919416615};-280.569866449044;47.36619266706846
12030;-92.9187405574535;((((_a6_ ** _a4_) + pow2((x / _a6_))) + x) * ((_a5_ * x) * (_a6_ * _a4_)));{'d0': {'_a4_': 0.7257271033335085, '_a5_': 3.675109908315803, '_a6_': 0.7898477166034336, '_a0_': 1.0, '_a1_': 1.0, '_a2_': 1.0, '_a3_': 1.0, '_a7_': 1.0}};{'d0': 0.024905832919416615};-280.569866449044;47.36619266706846
12031;-92.9187405574535;((((_a6_ ** _a4_) + pow2((x / _a6_))) + x) * ((_a0_ * x) * (_a6_ * _a4_)));{'d0': {'_a0_': 3.675109865148466, '_a4_': 0.7257271130800882, '_a6_': 0.7898477167867647, '_a1_': 1.0, '_a2_': 1.0, '_a3_': 1.0, '_a5_': 1.0, '_a7_': 1.0}};{'d0': 0.024905832919416605};-280.569866449044;47.36619266706846
12032;-92.9187405574535;((((_a6_ ** _a4_) + pow2((x / _a6_))) + x) * ((_a0_ * x) * (_a6_ * _a4_)));{'d0': {'_a0_': 3.675109865148466, '_a4_': 0.7257271130800882, '_a6_': 0.7898477167867647, '_a1_': 1.0, '_a2_': 1.0, '_a3_': 1.0, '_a5_': 1.0, '_a7_': 1.0}};{'d0': 0.024905832919416605};-280.569866449044;47.36619266706846
12033;-92.9187405574535;((((_a6_ ** _a4_) + pow2((x / _a6_))) + x) * ((_a0_ * x) * (_a6_ * _a4_)));{'d0': {'_a0_': 3.675109865148466, '_a4_': 0.7257271130800882, '_a6_': 0.7898477167867647, '_a1_': 1.0, '_a2_': 1.0, '_a3_': 1.0, '_a5_': 1.0, '_a7_': 1.0}};{'d0': 0.024905832919416605};-280.569866449044;47.36619266706846
12034;-92.9187405574535;((((_a6_ ** _a4_) + pow2((x / _a6_))) + x) * ((_a0_ * x) * (_a6_ * _a4_)));{'d0': {'_a0_': 3.675109865148466, '_a4_': 0.7257271130800882, '_a6_': 0.7898477167867647, '_a1_': 1.0, '_a2_': 1.0, '_a3_': 1.0, '_a5_': 1.0, '_a7_': 1.0}};{'d0': 0.024905832919416605};-280.569866449044;47.36619266706846
12035;-92.9187405574535;((((_a6_ ** _a4_) + pow2((x / _a6_))) + x) * ((_a0_ * x) * (_a6_ * _a4_)));{'d0': {'_a0_': 3.675109865148466, '_a4_': 0.7257271130800882, '_a6_': 0.7898477167867647, '_a1_': 1.0, '_a2_': 1.0, '_a3_': 1.0, '_a5_': 1.0, '_a7_': 1.0}};{'d0': 0.024905832919416605};-280.569866449044;47.36619266706846
12036;-92.9187405574535;((((_a6_ ** _a4_) + pow2((x / _a6_))) + x) * ((_a0_ * x) * (_a6_ * _a4_)));{'d0': {'_a0_': 3.675109865148466, '_a4_': 0.7257271130800882, '_a6_': 0.7898477167867647, '_a1_': 1.0, '_a2_': 1.0, '_a3_': 1.0, '_a5_': 1.0, '_a7_': 1.0}};{'d0': 0.024905832919416605};-280.569866449044;47.36619266706846
12037;-97.5351166222638;(((pow2((_a3_ * (_a0_ + x))) * _a4_) + _a0_) * ((x * _a3_) / _a1_));{'d0': {'_a0_': 0.3119297077022642, '_a1_': 1.6520566265018513, '_a3_': 7.661423566942167, '_a4_': 0.012405000212466452, '_a2_': 1.0, '_a5_': 1.0, '_a6_': 1.0, '_a7_': 1.0}};{'d0': 0.024905832919564903};-276.475521886464;40.702644320968346
12038;-97.5351166222638;(((pow2((_a3_ * (_a0_ + x))) * _a4_) + _a0_) * ((x * _a3_) / _a1_));{'d0': {'_a0_': 0.3119297077022642, '_a1_': 1.6520566265018513, '_a3_': 7.661423566942167, '_a4_': 0.012405000212466452, '_a2_': 1.0, '_a5_': 1.0, '_a6_': 1.0, '_a7_': 1.0}};{'d0': 0.024905832919564903};-276.475521886464;40.702644320968346
12039;-97.5351166222638;(((pow2((_a3_ * (_a0_ + x))) * _a4_) + _a0_) * ((x * _a3_) / _a1_));{'d0': {'_a0_': 0.3119297077022642, '_a1_': 1.6520566265018513, '_a3_': 7.661423566942167, '_a4_': 0.012405000212466452, '_a2_': 1.0, '_a5_': 1.0, '_a6_': 1.0, '_a7_': 1.0}};{'d0': 0.024905832919564903};-276.475521886464;40.702644320968346
12040;-97.5351166222638;(((pow2((_a3_ * (_a0_ + x))) * _a4_) + _a0_) * ((x * _a3_) / _a1_));{'d0': {'_a0_': 0.3119297077022642, '_a1_': 1.6520566265018513, '_a3_': 7.661423566942167, '_a4_': 0.012405000212466452, '_a2_': 1.0, '_a5_': 1.0, '_a6_': 1.0, '_a7_': 1.0}};{'d0': 0.024905832919564903};-276.475521886464;40.702644320968346
12041;-97.5351166222638;(((pow2((_a3_ * (_a0_ + x))) * _a4_) + _a0_) * ((x * _a3_) / _a1_));{'d0': {'_a0_': 0.3119297077022642, '_a1_': 1.6520566265018513, '_a3_': 7.661423566942167, '_a4_': 0.012405000212466452, '_a2_': 1.0, '_a5_': 1.0, '_a6_': 1.0, '_a7_': 1.0}};{'d0': 0.024905832919564903};-276.475521886464;40.702644320968346
12042;-94.5605916917745;((((_a6_ * _a4_) + pow2((x / _a6_))) + x) * ((_a0_ * x) * (_a6_ * _a4_)));{'d0': {'_a0_': 2.500014905757938, '_a4_': 1.0668443876267615, '_a6_': 0.7898477167753619, '_a1_': 1.0, '_a2_': 1.0, '_a3_': 1.0, '_a5_': 1.0, '_a7_': 1.0}};{'d0': 0.024905832919416566};-280.569866449044;45.72434153274746
12043;-93.8551694587396;((((_a6_ * _a4_) + pow2((x / _a6_))) + x) * ((_a0_ * x) * -(_a3_)));{'d0': {'_a0_': -2.8518284012226545, '_a3_': 0.7386923028268573, '_a4_': 1.0668443882557652, '_a6_': 0.7898477167135742, '_a1_': 1.0, '_a2_': 1.0, '_a5_': 1.0, '_a7_': 1.0}};{'d0': 0.024905832922274534};-276.475521879937;44.38259148122885
12044;-97.5351166222638;(((pow2((_a3_ * (_a0_ + x))) * _a4_) + _a0_) * ((x * _a3_) / _a1_));{'d0': {'_a0_': 0.3119297077022642, '_a1_': 1.6520566265018513, '_a3_': 7.661423566942167, '_a4_': 0.012405000212466452, '_a2_': 1.0, '_a5_': 1.0, '_a6_': 1.0, '_a7_': 1.0}};{'d0': 0.024905832919564903};-276.475521886464;40.702644320968346
12045;-97.5351166222638;(((pow2((_a3_ * (_a0_ + x))) * _a4_) + _a0_) * ((x * _a3_) / _a1_));{'d0': {'_a0_': 0.3119297077022642, '_a1_': 1.6520566265018513, '_a3_': 7.661423566942167, '_a4_': 0.012405000212466452, '_a2_': 1.0, '_a5_': 1.0, '_a6_': 1.0, '_a7_': 1.0}};{'d0': 0.024905832919564903};-276.475521886464;40.702644320968346
12046;-97.5351166222689;(((pow2((_a3_ * (_a0_ + x))) * _a4_) + x) * ((x * _a3_) / _a1_));{'d0': {'_a0_': -0.7250460469363915, '_a1_': 0.5542843470202573, '_a3_': 3.881785379893453, '_a4_': 0.031999143669690526, '_a2_': 1.0, '_a5_': 1.0, '_a6_': 1.0, '_a7_': 1.0}};{'d0': 0.024905832919560684};-276.475521886474;40.702644320968346
12047;-97.5351166222689;(((pow2((_a3_ * (_a0_ + x))) * _a4_) + x) * ((x * _a3_) / _a1_));{'d0': {'_a0_': -0.7250460469363915, '_a1_': 0.5542843470202573, '_a3_': 3.881785379893453, '_a4_': 0.031999143669690526, '_a2_': 1.0, '_a5_': 1.0, '_a6_': 1.0, '_a7_': 1.0}};{'d0': 0.024905832919560684};-276.475521886474;40.702644320968346
12048;-97.5351166222689;(((pow2((_a3_ * (_a0_ + x))) * _a4_) + x) * ((x * _a3_) / _a1_));{'d0': {'_a0_': -0.7250460469363915, '_a1_': 0.5542843470202573, '_a3_': 3.881785379893453, '_a4_': 0.031999143669690526, '_a2_': 1.0, '_a5_': 1.0, '_a6_': 1.0, '_a7_': 1.0}};{'d0': 0.024905832919560684};-276.475521886474;40.702644320968346
12049;-97.5351166222689;(((pow2((_a3_ * (_a0_ + x))) * _a4_) + x) * ((x * _a3_) / _a1_));{'d0': {'_a0_': -0.7250460469363915, '_a1_': 0.5542843470202573, '_a3_': 3.881785379893453, '_a4_': 0.031999143669690526, '_a2_': 1.0, '_a5_': 1.0, '_a6_': 1.0, '_a7_': 1.0}};{'d0': 0.024905832919560684};-276.475521886474;40.702644320968346
12050;-97.5351166222689;(((pow2((_a3_ * (_a0_ + x))) * _a4_) + x) * ((x * _a3_) / _a1_));{'d0': {'_a0_': -0.7250460469363915, '_a1_': 0.5542843470202573, '_a3_': 3.881785379893453, '_a4_': 0.031999143669690526, '_a2_': 1.0, '_a5_': 1.0, '_a6_': 1.0, '_a7_': 1.0}};{'d0': 0.024905832919560684};-276.475521886474;40.702644320968346
12051;-97.5351166222689;(((pow2((_a3_ * (_a0_ + x))) * _a4_) + x) * ((x * _a3_) / _a1_));{'d0': {'_a0_': -0.7250460469363915, '_a1_': 0.5542843470202573, '_a3_': 3.881785379893453, '_a4_': 0.031999143669690526, '_a2_': 1.0, '_a5_': 1.0, '_a6_': 1.0, '_a7_': 1.0}};{'d0': 0.024905832919560684};-276.475521886474;40.702644320968346
12052;-97.5351166222689;(((pow2((_a3_ * (_a0_ + x))) * _a4_) + x) * ((x * _a3_) / _a1_));{'d0': {'_a0_': -0.7250460469363915, '_a1_': 0.5542843470202573, '_a3_': 3.881785379893453, '_a4_': 0.031999143669690526, '_a2_': 1.0, '_a5_': 1.0, '_a6_': 1.0, '_a7_': 1.0}};{'d0': 0.024905832919560684};-276.475521886474;40.702644320968346
12053;-97.5351166222689;(((pow2((_a3_ * (_a0_ + x))) * _a4_) + x) * ((x * _a3_) / _a1_));{'d0': {'_a0_': -0.7250460469363915, '_a1_': 0.5542843470202573, '_a3_': 3.881785379893453, '_a4_': 0.031999143669690526, '_a2_': 1.0, '_a5_': 1.0, '_a6_': 1.0, '_a7_': 1.0}};{'d0': 0.024905832919560684};-276.475521886474;40.702644320968346
12054;-97.5351166222689;(((pow2((_a3_ * (_a0_ + x))) * _a4_) + x) * ((x * _a3_) / _a1_));{'d0': {'_a0_': -0.7250460469363915, '_a1_': 0.5542843470202573, '_a3_': 3.881785379893453, '_a4_': 0.031999143669690526, '_a2_': 1.0, '_a5_': 1.0, '_a6_': 1.0, '_a7_': 1.0}};{'d0': 0.024905832919560684};-276.475521886474;40.702644320968346
12055;-97.5351166222689;(((pow2((_a3_ * (_a0_ + x))) * _a4_) + x) * ((x * _a3_) / _a1_));{'d0': {'_a0_': -0.7250460469363915, '_a1_': 0.5542843470202573, '_a3_': 3.881785379893453, '_a4_': 0.031999143669690526, '_a2_': 1.0, '_a5_': 1.0, '_a6_': 1.0, '_a7_': 1.0}};{'d0': 0.024905832919560684};-276.475521886474;40.702644320968346
12056;-83.5192349769910;(_a2_ * (x * (pow2((-(x) * (-(_a2_) / _a3_))) + -(((_a2_ * (x + _a2_)) * _a1_)))));{'d0': {'_a1_': -2.9668675197913315, '_a2_': 0.8426446037282168, '_a3_': 0.4209364285533584, '_a0_': 1.0, '_a4_': 1.0, '_a5_': 1.0, '_a6_': 1.0, '_a7_': 1.0}};{'d0': 0.024905832919416615};-280.569866449044;56.76569824753093
12057;-83.5192349769910;(_a2_ * (x * (pow2((-(x) * (-(_a2_) / _a3_))) + -(((_a2_ * (x + _a2_)) * _a1_)))));{'d0': {'_a1_': -2.9668675197913315, '_a2_': 0.8426446037282168, '_a3_': 0.4209364285533584, '_a0_': 1.0, '_a4_': 1.0, '_a5_': 1.0, '_a6_': 1.0, '_a7_': 1.0}};{'d0': 0.024905832919416615};-280.569866449044;56.76569824753093
12058;-83.5192349769910;(_a2_ * (x * (pow2((-(x) * (-(_a2_) / _a3_))) + -(((_a2_ * (x + _a2_)) * _a1_)))));{'d0': {'_a1_': -2.9668675197913315, '_a2_': 0.8426446037282168, '_a3_': 0.4209364285533584, '_a0_': 1.0, '_a4_': 1.0, '_a5_': 1.0, '_a6_': 1.0, '_a7_': 1.0}};{'d0': 0.024905832919416615};-280.569866449044;56.76569824753093
12059;-83.5192349769910;(_a2_ * (x * (pow2((-(x) * (-(_a2_) / _a3_))) + -(((_a2_ * (x + _a2_)) * _a1_)))));{'d0': {'_a1_': -2.9668675197913315, '_a2_': 0.8426446037282168, '_a3_': 0.4209364285533584, '_a0_': 1.0, '_a4_': 1.0, '_a5_': 1.0, '_a6_': 1.0, '_a7_': 1.0}};{'d0': 0.024905832919416615};-280.569866449044;56.76569824753093
12060;-83.5192349769910;(_a2_ * (x * (pow2((-(x) * (-(_a2_) / _a3_))) + -(((_a2_ * (x + _a2_)) * _a1_)))));{'d0': {'_a1_': -2.9668675197913315, '_a2_': 0.8426446037282168, '_a3_': 0.4209364285533584, '_a0_': 1.0, '_a4_': 1.0, '_a5_': 1.0, '_a6_': 1.0, '_a7_': 1.0}};{'d0': 0.024905832919416615};-280.569866449044;56.76569824753093
12061;-83.5192349769910;(_a2_ * (x * (pow2((-(x) * (-(_a2_) / _a3_))) + -(((_a2_ * (x + _a2_)) * _a1_)))));{'d0': {'_a1_': -2.9668675197913315, '_a2_': 0.8426446037282168, '_a3_': 0.4209364285533584, '_a0_': 1.0, '_a4_': 1.0, '_a5_': 1.0, '_a6_': 1.0, '_a7_': 1.0}};{'d0': 0.024905832919416615};-280.569866449044;56.76569824753093
12062;-83.5192349769910;(_a2_ * (x * (pow2((-(x) * (-(_a2_) / _a3_))) + -(((_a2_ * (x + _a2_)) * _a1_)))));{'d0': {'_a1_': -2.9668675197913315, '_a2_': 0.8426446037282168, '_a3_': 0.4209364285533584, '_a0_': 1.0, '_a4_': 1.0, '_a5_': 1.0, '_a6_': 1.0, '_a7_': 1.0}};{'d0': 0.024905832919416615};-280.569866449044;56.76569824753093
12063;-83.5192349769910;(_a2_ * (x * (pow2((-(x) * (-(_a2_) / _a3_))) + -(((_a2_ * (x + _a2_)) * _a1_)))));{'d0': {'_a1_': -2.9668675197913315, '_a2_': 0.8426446037282168, '_a3_': 0.4209364285533584, '_a0_': 1.0, '_a4_': 1.0, '_a5_': 1.0, '_a6_': 1.0, '_a7_': 1.0}};{'d0': 0.024905832919416615};-280.569866449044;56.76569824753093
12064;-83.5192349769910;(_a2_ * (x * (pow2((-(x) * (-(_a2_) / _a3_))) + -(((_a2_ * (x + _a2_)) * _a1_)))));{'d0': {'_a1_': -2.9668675197913315, '_a2_': 0.8426446037282168, '_a3_': 0.4209364285533584, '_a0_': 1.0, '_a4_': 1.0, '_a5_': 1.0, '_a6_': 1.0, '_a7_': 1.0}};{'d0': 0.024905832919416615};-280.569866449044;56.76569824753093
12065;-87.2001922932530;(_a2_ * (x * (pow2((-(x) * (_a1_ / _a3_))) + -(((_a2_ * (x + _a2_)) * _a1_)))));{'d0': {'_a1_': -2.966867502073474, '_a2_': 0.8426446055277796, '_a3_': 1.4820751323585517, '_a0_': 1.0, '_a4_': 1.0, '_a5_': 1.0, '_a6_': 1.0, '_a7_': 1.0}};{'d0': 0.024905832919416615};-280.569866449044;53.084740931268975
12066;-87.2001922932530;(_a2_ * (x * (pow2((-(x) * (_a1_ / _a3_))) + -(((_a2_ * (x + _a2_)) * _a1_)))));{'d0': {'_a1_': -2.966867502073474, '_a2_': 0.8426446055277796, '_a3_': 1.4820751323585517, '_a0_': 1.0, '_a4_': 1.0, '_a5_': 1.0, '_a6_': 1.0, '_a7_': 1.0}};{'d0': 0.024905832919416615};-280.569866449044;53.084740931268975
12067;-87.2001922932530;(_a2_ * (x * (pow2((-(x) * (_a1_ / _a3_))) + -(((_a2_ * (x + _a2_)) * _a1_)))));{'d0': {'_a1_': -2.966867502073474, '_a2_': 0.8426446055277796, '_a3_': 1.4820751323585517, '_a0_': 1.0, '_a4_': 1.0, '_a5_': 1.0, '_a6_': 1.0, '_a7_': 1.0}};{'d0': 0.024905832919416615};-280.569866449044;53.084740931268975
12068;-87.2001922932530;(_a2_ * (x * (pow2((-(x) * (_a1_ / _a3_))) + -(((_a2_ * (x + _a2_)) * _a1_)))));{'d0': {'_a1_': -2.966867502073474, '_a2_': 0.8426446055277796, '_a3_': 1.4820751323585517, '_a0_': 1.0, '_a4_': 1.0, '_a5_': 1.0, '_a6_': 1.0, '_a7_': 1.0}};{'d0': 0.024905832919416615};-280.569866449044;53.084740931268975
12069;-86.3846666968848;(_a2_ * (x * (pow2((-(x) * (_a1_ / _a3_))) + -(((_a2_ * (x + _a2_)) / _a1_)))));{'d0': {'_a1_': -0.33705583390809085, '_a2_': 0.8426446055014934, '_a3_': 0.16837356885260912, '_a0_': 1.0, '_a4_': 1.0, '_a5_': 1.0, '_a6_': 1.0, '_a7_': 1.0}};{'d0': 0.024905832919416646};-280.569866449044;53.90026652763717
12070;-86.3846666968848;(_a2_ * (x * (pow2((-(x) * (_a1_ / _a3_))) + -(((_a2_ * (x + _a2_)) / _a1_)))));{'d0': {'_a1_': -0.33705583390809085, '_a2_': 0.8426446055014934, '_a3_': 0.16837356885260912, '_a0_': 1.0, '_a4_': 1.0, '_a5_': 1.0, '_a6_': 1.0, '_a7_': 1.0}};{'d0': 0.024905832919416646};-280.569866449044;53.90026652763717
12071;-86.3846666968848;(_a2_ * (x * (pow2((-(x) * (_a1_ / _a3_))) + -(((_a2_ * (x + _a2_)) / _a1_)))));{'d0': {'_a1_': -0.33705583390809085, '_a2_': 0.8426446055014934, '_a3_': 0.16837356885260912, '_a0_': 1.0, '_a4_': 1.0, '_a5_': 1.0, '_a6_': 1.0, '_a7_': 1.0}};{'d0': 0.024905832919416646};-280.569866449044;53.90026652763717
12072;-86.3846666968848;(_a2_ * (x * (pow2((-(x) * (_a1_ / _a3_))) + -(((_a2_ * (x + _a2_)) / _a1_)))));{'d0': {'_a1_': -0.33705583390809085, '_a2_': 0.8426446055014934, '_a3_': 0.16837356885260912, '_a0_': 1.0, '_a4_': 1.0, '_a5_': 1.0, '_a6_': 1.0, '_a7_': 1.0}};{'d0': 0.024905832919416646};-280.569866449044;53.90026652763717
12073;-80.6395599430442;(_a2_ * (x * (pow2((-(x) * (pow2(_a5_) / _a3_))) + -(((_a2_ * (x + _a2_)) / _a1_)))));{'d0': {'_a1_': -0.33705583337233563, '_a2_': 0.8426446050348055, '_a3_': 0.45853615327153363, '_a5_': 0.958077765396532, '_a0_': 1.0, '_a4_': 1.0, '_a6_': 1.0, '_a7_': 1.0}};{'d0': 0.02490583291951583};-276.475521886582;57.59820100024717
12074;-74.7654060635559;((_a2_ * (x * (pow2((-(x) * (pow2(_a5_) / _a3_))) + -(((_a2_ * (x + _a2_)) / _a1_))))) / _a5_);{'d0': {'_a1_': -0.3867279349708791, '_a2_': 0.8426446042821744, '_a3_': 0.4064582983246023, '_a5_': 0.87155745865123, '_a0_': 1.0, '_a4_': 1.0, '_a6_': 1.0, '_a7_': 1.0}};{'d0': 0.024905832944086548};-276.475521827390;63.47235485013917
12075;-74.7654060635559;((_a2_ * (x * (pow2((-(x) * (pow2(_a5_) / _a3_))) + -(((_a2_ * (x + _a2_)) / _a1_))))) / _a5_);{'d0': {'_a1_': -0.3867279349708791, '_a2_': 0.8426446042821744, '_a3_': 0.4064582983246023, '_a5_': 0.87155745865123, '_a0_': 1.0, '_a4_': 1.0, '_a6_': 1.0, '_a7_': 1.0}};{'d0': 0.024905832944086548};-276.475521827390;63.47235485013917
12076;-74.7654060635559;((_a2_ * (x * (pow2((-(x) * (pow2(_a5_) / _a3_))) + -(((_a2_ * (x + _a2_)) / _a1_))))) / _a5_);{'d0': {'_a1_': -0.3867279349708791, '_a2_': 0.8426446042821744, '_a3_': 0.4064582983246023, '_a5_': 0.87155745865123, '_a0_': 1.0, '_a4_': 1.0, '_a6_': 1.0, '_a7_': 1.0}};{'d0': 0.024905832944086548};-276.475521827390;63.47235485013917
12077;-74.7654060635559;((_a2_ * (x * (pow2((-(x) * (pow2(_a5_) / _a3_))) + -(((_a2_ * (x + _a2_)) / _a1_))))) / _a5_);{'d0': {'_a1_': -0.3867279349708791, '_a2_': 0.8426446042821744, '_a3_': 0.4064582983246023, '_a5_': 0.87155745865123, '_a0_': 1.0, '_a4_': 1.0, '_a6_': 1.0, '_a7_': 1.0}};{'d0': 0.024905832944086548};-276.475521827390;63.47235485013917
12078;-74.7654060635559;((_a2_ * (x * (pow2((-(x) * (pow2(_a5_) / _a3_))) + -(((_a2_ * (x + _a2_)) / _a1_))))) / _a5_);{'d0': {'_a1_': -0.3867279349708791, '_a2_': 0.8426446042821744, '_a3_': 0.4064582983246023, '_a5_': 0.87155745865123, '_a0_': 1.0, '_a4_': 1.0, '_a6_': 1.0, '_a7_': 1.0}};{'d0': 0.024905832944086548};-276.475521827390;63.47235485013917
12079;-74.7654060635559;((_a2_ * (x * (pow2((-(x) * (pow2(_a5_) / _a3_))) + -(((_a2_ * (x + _a2_)) / _a1_))))) / _a5_);{'d0': {'_a1_': -0.3867279349708791, '_a2_': 0.8426446042821744, '_a3_': 0.4064582983246023, '_a5_': 0.87155745865123, '_a0_': 1.0, '_a4_': 1.0, '_a6_': 1.0, '_a7_': 1.0}};{'d0': 0.024905832944086548};-276.475521827390;63.47235485013917
12080;-74.7654060635559;((_a2_ * (x * (pow2((-(x) * (pow2(_a5_) / _a3_))) + -(((_a2_ * (x + _a2_)) / _a1_))))) / _a5_);{'d0': {'_a1_': -0.3867279349708791, '_a2_': 0.8426446042821744, '_a3_': 0.4064582983246023, '_a5_': 0.87155745865123, '_a0_': 1.0, '_a4_': 1.0, '_a6_': 1.0, '_a7_': 1.0}};{'d0': 0.024905832944086548};-276.475521827390;63.47235485013917
12081;-92.9492992671421;(x * (_a0_ + pow2(((x + (_a0_ * ((_a5_ / _a3_) / _a6_))) * pow2(_a3_)))));{'d0': {'_a0_': 1.44657609041539, '_a3_': 1.3555797632302073, '_a5_': 13419.74537370729, '_a6_': 45909.624853874644, '_a1_': 1.0, '_a2_': 1.0, '_a4_': 1.0, '_a7_': 1.0}};{'d0': 0.02490583291941672};-276.475521886821;45.28846167626852
12082;-92.9492992671421;(x * (_a0_ + pow2(((x + (_a0_ * ((_a5_ / _a3_) / _a6_))) * pow2(_a3_)))));{'d0': {'_a0_': 1.44657609041539, '_a3_': 1.3555797632302073, '_a5_': 13419.74537370729, '_a6_': 45909.624853874644, '_a1_': 1.0, '_a2_': 1.0, '_a4_': 1.0, '_a7_': 1.0}};{'d0': 0.02490583291941672};-276.475521886821;45.28846167626852
12083;-92.9492992671421;(x * (_a0_ + pow2(((x + (_a0_ * ((_a5_ / _a3_) / _a6_))) * pow2(_a3_)))));{'d0': {'_a0_': 1.44657609041539, '_a3_': 1.3555797632302073, '_a5_': 13419.74537370729, '_a6_': 45909.624853874644, '_a1_': 1.0, '_a2_': 1.0, '_a4_': 1.0, '_a7_': 1.0}};{'d0': 0.02490583291941672};-276.475521886821;45.28846167626852
12084;-92.9492992671421;(x * (_a0_ + pow2(((x + (_a0_ * ((_a5_ / _a3_) / _a6_))) * pow2(_a3_)))));{'d0': {'_a0_': 1.44657609041539, '_a3_': 1.3555797632302073, '_a5_': 13419.74537370729, '_a6_': 45909.624853874644, '_a1_': 1.0, '_a2_': 1.0, '_a4_': 1.0, '_a7_': 1.0}};{'d0': 0.02490583291941672};-276.475521886821;45.28846167626852
12085;-92.9492992671421;(x * (_a0_ + pow2(((x + (_a0_ * ((_a5_ / _a3_) / _a6_))) * pow2(_a3_)))));{'d0': {'_a0_': 1.44657609041539, '_a3_': 1.3555797632302073, '_a5_': 13419.74537370729, '_a6_': 45909.624853874644, '_a1_': 1.0, '_a2_': 1.0, '_a4_': 1.0, '_a7_': 1.0}};{'d0': 0.02490583291941672};-276.475521886821;45.28846167626852
12086;-92.9492992671421;(x * (_a0_ + pow2(((x + (_a0_ * ((_a5_ / _a3_) / _a6_))) * pow2(_a3_)))));{'d0': {'_a0_': 1.44657609041539, '_a3_': 1.3555797632302073, '_a5_': 13419.74537370729, '_a6_': 45909.624853874644, '_a1_': 1.0, '_a2_': 1.0, '_a4_': 1.0, '_a7_': 1.0}};{'d0': 0.02490583291941672};-276.475521886821;45.28846167626852
12087;-92.9492992671421;(x * (_a0_ + pow2(((x + (_a0_ * ((_a5_ / _a3_) / _a6_))) * pow2(_a3_)))));{'d0': {'_a0_': 1.44657609041539, '_a3_': 1.3555797632302073, '_a5_': 13419.74537370729, '_a6_': 45909.624853874644, '_a1_': 1.0, '_a2_': 1.0, '_a4_': 1.0, '_a7_': 1.0}};{'d0': 0.02490583291941672};-276.475521886821;45.28846167626852
12088;-92.9492992671421;(x * (_a0_ + pow2(((x + (_a0_ * ((_a5_ / _a3_) / _a6_))) * pow2(_a3_)))));{'d0': {'_a0_': 1.44657609041539, '_a3_': 1.3555797632302073, '_a5_': 13419.74537370729, '_a6_': 45909.624853874644, '_a1_': 1.0, '_a2_': 1.0, '_a4_': 1.0, '_a7_': 1.0}};{'d0': 0.02490583291941672};-276.475521886821;45.28846167626852
12089;-92.9492992671421;(x * (_a0_ + pow2(((x + (_a0_ * ((_a5_ / _a3_) / _a6_))) * pow2(_a3_)))));{'d0': {'_a0_': 1.44657609041539, '_a3_': 1.3555797632302073, '_a5_': 13419.74537370729, '_a6_': 45909.624853874644, '_a1_': 1.0, '_a2_': 1.0, '_a4_': 1.0, '_a7_': 1.0}};{'d0': 0.02490583291941672};-276.475521886821;45.28846167626852
12090;-92.9492992671421;(x * (_a0_ + pow2(((x + (_a0_ * ((_a5_ / _a3_) / _a6_))) * pow2(_a3_)))));{'d0': {'_a0_': 1.44657609041539, '_a3_': 1.3555797632302073, '_a5_': 13419.74537370729, '_a6_': 45909.624853874644, '_a1_': 1.0, '_a2_': 1.0, '_a4_': 1.0, '_a7_': 1.0}};{'d0': 0.02490583291941672};-276.475521886821;45.28846167626852
12091;-92.9492992671421;(x * (_a0_ + pow2(((x + (_a0_ * ((_a5_ / _a3_) / _a6_))) * pow2(_a3_)))));{'d0': {'_a0_': 1.44657609041539, '_a3_': 1.3555797632302073, '_a5_': 13419.74537370729, '_a6_': 45909.624853874644, '_a1_': 1.0, '_a2_': 1.0, '_a4_': 1.0, '_a7_': 1.0}};{'d0': 0.02490583291941672};-276.475521886821;45.28846167626852
12092;-92.9492992671421;(x * (_a0_ + pow2(((x + (_a0_ * ((_a5_ / _a3_) / _a6_))) * pow2(_a3_)))));{'d0': {'_a0_': 1.44657609041539, '_a3_': 1.3555797632302073, '_a5_': 13419.74537370729, '_a6_': 45909.624853874644, '_a1_': 1.0, '_a2_': 1.0, '_a4_': 1.0, '_a7_': 1.0}};{'d0': 0.02490583291941672};-276.475521886821;45.28846167626852
12093;-92.9492992671421;(x * (_a0_ + pow2(((x + (_a0_ * ((_a5_ / _a3_) / _a6_))) * pow2(_a3_)))));{'d0': {'_a0_': 1.44657609041539, '_a3_': 1.3555797632302073, '_a5_': 13419.74537370729, '_a6_': 45909.624853874644, '_a1_': 1.0, '_a2_': 1.0, '_a4_': 1.0, '_a7_': 1.0}};{'d0': 0.02490583291941672};-276.475521886821;45.28846167626852
12094;-98.7865220752893;(x * (_a0_ + pow2(((x + (_a0_ * (_a4_ / _a6_))) * pow2(_a3_)))));{'d0': {'_a0_': 1.4465760891805663, '_a3_': 1.3555797634768205, '_a4_': -58679.64653330851, '_a6_': -272127.2497788296, '_a1_': 1.0, '_a2_': 1.0, '_a5_': 1.0, '_a7_': 1.0}};{'d0': 0.024905832919416723};-276.475521886821;39.45123886812132
12095;-98.7865220752893;(x * (_a0_ + pow2(((x + (_a0_ * (_a4_ / _a6_))) * pow2(_a3_)))));{'d0': {'_a0_': 1.4465760891805663, '_a3_': 1.3555797634768205, '_a4_': -58679.64653330851, '_a6_': -272127.2497788296, '_a1_': 1.0, '_a2_': 1.0, '_a5_': 1.0, '_a7_': 1.0}};{'d0': 0.024905832919416723};-276.475521886821;39.45123886812132
12096;-98.7865220752893;(x * (_a0_ + pow2(((x + (_a0_ * (_a4_ / _a6_))) * pow2(_a3_)))));{'d0': {'_a0_': 1.4465760891805663, '_a3_': 1.3555797634768205, '_a4_': -58679.64653330851, '_a6_': -272127.2497788296, '_a1_': 1.0, '_a2_': 1.0, '_a5_': 1.0, '_a7_': 1.0}};{'d0': 0.024905832919416723};-276.475521886821;39.45123886812132
12097;-98.7865220752893;(x * (_a0_ + pow2(((x + (_a0_ * (_a4_ / _a6_))) * pow2(_a3_)))));{'d0': {'_a0_': 1.4465760891805663, '_a3_': 1.3555797634768205, '_a4_': -58679.64653330851, '_a6_': -272127.2497788296, '_a1_': 1.0, '_a2_': 1.0, '_a5_': 1.0, '_a7_': 1.0}};{'d0': 0.024905832919416723};-276.475521886821;39.45123886812132
12098;-98.7865220752893;(x * (_a0_ + pow2(((x + (_a0_ * (_a4_ / _a6_))) * pow2(_a3_)))));{'d0': {'_a0_': 1.4465760891805663, '_a3_': 1.3555797634768205, '_a4_': -58679.64653330851, '_a6_': -272127.2497788296, '_a1_': 1.0, '_a2_': 1.0, '_a5_': 1.0, '_a7_': 1.0}};{'d0': 0.024905832919416723};-276.475521886821;39.45123886812132
12099;-98.7865220752893;(x * (_a0_ + pow2(((x + (_a0_ * (_a4_ / _a6_))) * pow2(_a3_)))));{'d0': {'_a0_': 1.4465760891805663, '_a3_': 1.3555797634768205, '_a4_': -58679.64653330851, '_a6_': -272127.2497788296, '_a1_': 1.0, '_a2_': 1.0, '_a5_': 1.0, '_a7_': 1.0}};{'d0': 0.024905832919416723};-276.475521886821;39.45123886812132
12100;-98.7865220752893;(x * (_a0_ + pow2(((x + (_a0_ * (_a4_ / _a6_))) * pow2(_a3_)))));{'d0': {'_a0_': 1.4465760891805663, '_a3_': 1.3555797634768205, '_a4_': -58679.64653330851, '_a6_': -272127.2497788296, '_a1_': 1.0, '_a2_': 1.0, '_a5_': 1.0, '_a7_': 1.0}};{'d0': 0.024905832919416723};-276.475521886821;39.45123886812132
12101;-102.484456547891;(x * (_a0_ + pow2(((x + (_a0_ * (_a4_ / _a6_))) * _a3_))));{'d0': {'_a0_': 1.4465760869425273, '_a3_': 1.837596495322863, '_a4_': 166873961.5150374, '_a6_': 773879118.8987105, '_a1_': 1.0, '_a2_': 1.0, '_a5_': 1.0, '_a7_': 1.0}};{'d0': 0.02490583291942384};-276.475521886804;35.75330439551132
12102;-76.8125783743828;((_a2_ * (x * (pow2((-(x) * (pow2(_a5_) / _a1_))) + -(((_a2_ * (x + _a2_)) / _a1_))))) / _a5_);{'d0': {'_a1_': -0.3945026591210332, '_a2_': 0.8426446038532645, '_a5_': 0.854381648016683, '_a0_': 1.0, '_a3_': 1.0, '_a4_': 1.0, '_a6_': 1.0, '_a7_': 1.0}};{'d0': 0.024905832919416632};-280.569866449044;63.47235485013917
12103;-76.8125783743828;((_a2_ * (x * (pow2((-(x) * (pow2(_a5_) / _a1_))) + -(((_a2_ * (x + _a2_)) / _a1_))))) / _a5_);{'d0': {'_a1_': -0.3945026591210332, '_a2_': 0.8426446038532645, '_a5_': 0.854381648016683, '_a0_': 1.0, '_a3_': 1.0, '_a4_': 1.0, '_a6_': 1.0, '_a7_': 1.0}};{'d0': 0.024905832919416632};-280.569866449044;63.47235485013917
12104;-76.8125783743828;((_a2_ * (x * (pow2((-(x) * (pow2(_a5_) / _a1_))) + -(((_a2_ * (x + _a2_)) / _a1_))))) / _a5_);{'d0': {'_a1_': -0.3945026591210332, '_a2_': 0.8426446038532645, '_a5_': 0.854381648016683, '_a0_': 1.0, '_a3_': 1.0, '_a4_': 1.0, '_a6_': 1.0, '_a7_': 1.0}};{'d0': 0.024905832919416632};-280.569866449044;63.47235485013917
12105;-106.651973435152;(x * (_a0_ + pow2(((x + (_a0_ * -(_a1_))) * _a3_))));{'d0': {'_a0_': 1.4465760895753184, '_a1_': -0.2156331146445137, '_a3_': 1.837596494729591, '_a2_': 1.0, '_a4_': 1.0, '_a5_': 1.0, '_a6_': 1.0, '_a7_': 1.0}};{'d0': 0.024905832919416674};-280.569866449043;33.63295978936931
12106;-106.651973435152;(x * (_a0_ + pow2(((x + (_a0_ * -(_a1_))) * _a3_))));{'d0': {'_a0_': 1.4465760895753184, '_a1_': -0.2156331146445137, '_a3_': 1.837596494729591, '_a2_': 1.0, '_a4_': 1.0, '_a5_': 1.0, '_a6_': 1.0, '_a7_': 1.0}};{'d0': 0.024905832919416674};-280.569866449043;33.63295978936931
12107;-106.651973435152;(x * (_a0_ + pow2(((x + (_a0_ * -(_a1_))) * _a3_))));{'d0': {'_a0_': 1.4465760895753184, '_a1_': -0.2156331146445137, '_a3_': 1.837596494729591, '_a2_': 1.0, '_a4_': 1.0, '_a5_': 1.0, '_a6_': 1.0, '_a7_': 1.0}};{'d0': 0.024905832919416674};-280.569866449043;33.63295978936931
12108;-106.651973435152;(x * (_a0_ + pow2(((x + (_a0_ * -(_a1_))) * _a3_))));{'d0': {'_a0_': 1.4465760895753184, '_a1_': -0.2156331146445137, '_a3_': 1.837596494729591, '_a2_': 1.0, '_a4_': 1.0, '_a5_': 1.0, '_a6_': 1.0, '_a7_': 1.0}};{'d0': 0.024905832919416674};-280.569866449043;33.63295978936931
12109;-106.651973435152;(x * (_a0_ + pow2(((x + (_a0_ * -(_a1_))) * _a3_))));{'d0': {'_a0_': 1.4465760895753184, '_a1_': -0.2156331146445137, '_a3_': 1.837596494729591, '_a2_': 1.0, '_a4_': 1.0, '_a5_': 1.0, '_a6_': 1.0, '_a7_': 1.0}};{'d0': 0.024905832919416674};-280.569866449043;33.63295978936931
12110;-106.651973435152;(x * (_a0_ + pow2(((x + (_a0_ * -(_a1_))) * _a3_))));{'d0': {'_a0_': 1.4465760895753184, '_a1_': -0.2156331146445137, '_a3_': 1.837596494729591, '_a2_': 1.0, '_a4_': 1.0, '_a5_': 1.0, '_a6_': 1.0, '_a7_': 1.0}};{'d0': 0.024905832919416674};-280.569866449043;33.63295978936931
12111;-106.651973435152;(x * (_a0_ + pow2(((x + (_a0_ * -(_a1_))) * _a3_))));{'d0': {'_a0_': 1.4465760895753184, '_a1_': -0.2156331146445137, '_a3_': 1.837596494729591, '_a2_': 1.0, '_a4_': 1.0, '_a5_': 1.0, '_a6_': 1.0, '_a7_': 1.0}};{'d0': 0.024905832919416674};-280.569866449043;33.63295978936931
12112;-106.651973435152;(x * (_a0_ + pow2(((x + (_a0_ * -(_a1_))) * _a3_))));{'d0': {'_a0_': 1.4465760895753184, '_a1_': -0.2156331146445137, '_a3_': 1.837596494729591, '_a2_': 1.0, '_a4_': 1.0, '_a5_': 1.0, '_a6_': 1.0, '_a7_': 1.0}};{'d0': 0.024905832919416674};-280.569866449043;33.63295978936931
12113;-106.651973435152;(x * (_a0_ + pow2(((x + (_a0_ * -(_a1_))) * _a3_))));{'d0': {'_a0_': 1.4465760895753184, '_a1_': -0.2156331146445137, '_a3_': 1.837596494729591, '_a2_': 1.0, '_a4_': 1.0, '_a5_': 1.0, '_a6_': 1.0, '_a7_': 1.0}};{'d0': 0.024905832919416674};-280.569866449043;33.63295978936931
12114;-106.651973435152;(x * (_a0_ + pow2(((x + (_a0_ * -(_a1_))) * _a3_))));{'d0': {'_a0_': 1.4465760895753184, '_a1_': -0.2156331146445137, '_a3_': 1.837596494729591, '_a2_': 1.0, '_a4_': 1.0, '_a5_': 1.0, '_a6_': 1.0, '_a7_': 1.0}};{'d0': 0.024905832919416674};-280.569866449043;33.63295978936931
12115;-106.651973435152;(x * (_a0_ + pow2(((x + (_a0_ * -(_a1_))) * _a3_))));{'d0': {'_a0_': 1.4465760895753184, '_a1_': -0.2156331146445137, '_a3_': 1.837596494729591, '_a2_': 1.0, '_a4_': 1.0, '_a5_': 1.0, '_a6_': 1.0, '_a7_': 1.0}};{'d0': 0.024905832919416674};-280.569866449043;33.63295978936931
12116;-106.651973435152;(x * (_a0_ + pow2(((x + (_a0_ * -(_a1_))) * _a3_))));{'d0': {'_a0_': 1.4465760895753184, '_a1_': -0.2156331146445137, '_a3_': 1.837596494729591, '_a2_': 1.0, '_a4_': 1.0, '_a5_': 1.0, '_a6_': 1.0, '_a7_': 1.0}};{'d0': 0.024905832919416674};-280.569866449043;33.63295978936931
12117;-106.651973435152;(x * (_a0_ + pow2(((x + (_a0_ * -(_a1_))) * _a3_))));{'d0': {'_a0_': 1.4465760895753184, '_a1_': -0.2156331146445137, '_a3_': 1.837596494729591, '_a2_': 1.0, '_a4_': 1.0, '_a5_': 1.0, '_a6_': 1.0, '_a7_': 1.0}};{'d0': 0.024905832919416674};-280.569866449043;33.63295978936931
12118;-106.651973435152;(x * (_a0_ + pow2(((x + (_a0_ * -(_a1_))) * _a3_))));{'d0': {'_a0_': 1.4465760895753184, '_a1_': -0.2156331146445137, '_a3_': 1.837596494729591, '_a2_': 1.0, '_a4_': 1.0, '_a5_': 1.0, '_a6_': 1.0, '_a7_': 1.0}};{'d0': 0.024905832919416674};-280.569866449043;33.63295978936931
12119;-106.651973435152;(x * (_a0_ + pow2(((x + (_a0_ * -(_a1_))) * _a3_))));{'d0': {'_a0_': 1.4465760895753184, '_a1_': -0.2156331146445137, '_a3_': 1.837596494729591, '_a2_': 1.0, '_a4_': 1.0, '_a5_': 1.0, '_a6_': 1.0, '_a7_': 1.0}};{'d0': 0.024905832919416674};-280.569866449043;33.63295978936931
12120;-106.651973435152;(x * (_a0_ + pow2(((x + (_a0_ * -(_a1_))) * _a3_))));{'d0': {'_a0_': 1.4465760895753184, '_a1_': -0.2156331146445137, '_a3_': 1.837596494729591, '_a2_': 1.0, '_a4_': 1.0, '_a5_': 1.0, '_a6_': 1.0, '_a7_': 1.0}};{'d0': 0.024905832919416674};-280.569866449043;33.63295978936931
12121;-106.651973435152;(x * (_a0_ + pow2(((x + (_a0_ * -(_a1_))) * _a3_))));{'d0': {'_a0_': 1.4465760895753184, '_a1_': -0.2156331146445137, '_a3_': 1.837596494729591, '_a2_': 1.0, '_a4_': 1.0, '_a5_': 1.0, '_a6_': 1.0, '_a7_': 1.0}};{'d0': 0.024905832919416674};-280.569866449043;33.63295978936931
12122;-106.651973435152;(x * (_a0_ + pow2(((x + (_a0_ * -(_a1_))) * _a3_))));{'d0': {'_a0_': 1.4465760895753184, '_a1_': -0.2156331146445137, '_a3_': 1.837596494729591, '_a2_': 1.0, '_a4_': 1.0, '_a5_': 1.0, '_a6_': 1.0, '_a7_': 1.0}};{'d0': 0.024905832919416674};-280.569866449043;33.63295978936931
12123;-106.651973435152;(x * (_a0_ + pow2(((x + (_a0_ * -(_a1_))) * _a3_))));{'d0': {'_a0_': 1.4465760895753184, '_a1_': -0.2156331146445137, '_a3_': 1.837596494729591, '_a2_': 1.0, '_a4_': 1.0, '_a5_': 1.0, '_a6_': 1.0, '_a7_': 1.0}};{'d0': 0.024905832919416674};-280.569866449043;33.63295978936931
12124;-106.651973435152;(x * (_a0_ + pow2(((x + (_a0_ * -(_a1_))) * _a3_))));{'d0': {'_a0_': 1.4465760895753184, '_a1_': -0.2156331146445137, '_a3_': 1.837596494729591, '_a2_': 1.0, '_a4_': 1.0, '_a5_': 1.0, '_a6_': 1.0, '_a7_': 1.0}};{'d0': 0.024905832919416674};-280.569866449043;33.63295978936931
12125;-106.651973435152;(x * (_a0_ + pow2(((x + (_a0_ * -(_a1_))) * _a3_))));{'d0': {'_a0_': 1.4465760895753184, '_a1_': -0.2156331146445137, '_a3_': 1.837596494729591, '_a2_': 1.0, '_a4_': 1.0, '_a5_': 1.0, '_a6_': 1.0, '_a7_': 1.0}};{'d0': 0.024905832919416674};-280.569866449043;33.63295978936931
12126;-106.651973435152;(x * (_a0_ + pow2(((x + (_a0_ * -(_a1_))) * _a3_))));{'d0': {'_a0_': 1.4465760895753184, '_a1_': -0.2156331146445137, '_a3_': 1.837596494729591, '_a2_': 1.0, '_a4_': 1.0, '_a5_': 1.0, '_a6_': 1.0, '_a7_': 1.0}};{'d0': 0.024905832919416674};-280.569866449043;33.63295978936931
12127;-106.651973435152;(x * (_a0_ + pow2(((x + (_a0_ * -(_a1_))) * _a3_))));{'d0': {'_a0_': 1.4465760895753184, '_a1_': -0.2156331146445137, '_a3_': 1.837596494729591, '_a2_': 1.0, '_a4_': 1.0, '_a5_': 1.0, '_a6_': 1.0, '_a7_': 1.0}};{'d0': 0.024905832919416674};-280.569866449043;33.63295978936931
12128;-106.651973435152;(x * (_a0_ + pow2(((x + (_a0_ * -(_a1_))) * _a3_))));{'d0': {'_a0_': 1.4465760895753184, '_a1_': -0.2156331146445137, '_a3_': 1.837596494729591, '_a2_': 1.0, '_a4_': 1.0, '_a5_': 1.0, '_a6_': 1.0, '_a7_': 1.0}};{'d0': 0.024905832919416674};-280.569866449043;33.63295978936931
12129;-106.651973435152;(x * (_a0_ + pow2(((x + (_a0_ * -(_a1_))) * _a3_))));{'d0': {'_a0_': 1.4465760895753184, '_a1_': -0.2156331146445137, '_a3_': 1.837596494729591, '_a2_': 1.0, '_a4_': 1.0, '_a5_': 1.0, '_a6_': 1.0, '_a7_': 1.0}};{'d0': 0.024905832919416674};-280.569866449043;33.63295978936931
12130;-106.651973435152;(x * (_a0_ + pow2(((x + (_a0_ * -(_a1_))) * _a3_))));{'d0': {'_a0_': 1.4465760895753184, '_a1_': -0.2156331146445137, '_a3_': 1.837596494729591, '_a2_': 1.0, '_a4_': 1.0, '_a5_': 1.0, '_a6_': 1.0, '_a7_': 1.0}};{'d0': 0.024905832919416674};-280.569866449043;33.63295978936931
12131;-104.604801153740;(x * (_a0_ + pow2(((x + (_a4_ * -(_a1_))) * _a3_))));{'d0': {'_a0_': 1.4465760892457036, '_a1_': -0.29042388964288796, '_a3_': 1.8375964951731862, '_a4_': 1.0740496289284505, '_a2_': 1.0, '_a5_': 1.0, '_a6_': 1.0, '_a7_': 1.0}};{'d0': 0.024905832919666582};-276.475521886219;33.63295978936931
12132;-104.604801153740;(x * (_a0_ + pow2(((x + (_a4_ * -(_a1_))) * _a3_))));{'d0': {'_a0_': 1.4465760892457036, '_a1_': -0.29042388964288796, '_a3_': 1.8375964951731862, '_a4_': 1.0740496289284505, '_a2_': 1.0, '_a5_': 1.0, '_a6_': 1.0, '_a7_': 1.0}};{'d0': 0.024905832919666582};-276.475521886219;33.63295978936931
12133;-103.681492026645;(x * (_a0_ + pow2(((x + (_a4_ / -(_a1_))) * _a3_))));{'d0': {'_a0_': 1.4465760899003945, '_a1_': -2.5266608154874755, '_a3_': 1.8375964958704973, '_a4_': 0.7881405094008862, '_a2_': 1.0, '_a5_': 1.0, '_a6_': 1.0, '_a7_': 1.0}};{'d0': 0.024905832919524126};-276.475521886563;34.55626891663671
12134;-103.681492026645;(x * (_a0_ + pow2(((x + (_a4_ / -(_a1_))) * _a3_))));{'d0': {'_a0_': 1.4465760899003945, '_a1_': -2.5266608154874755, '_a3_': 1.8375964958704973, '_a4_': 0.7881405094008862, '_a2_': 1.0, '_a5_': 1.0, '_a6_': 1.0, '_a7_': 1.0}};{'d0': 0.024905832919524126};-276.475521886563;34.55626891663671
12135;-103.681492026645;(x * (_a0_ + pow2(((x + (_a4_ / -(_a1_))) * _a3_))));{'d0': {'_a0_': 1.4465760899003945, '_a1_': -2.5266608154874755, '_a3_': 1.8375964958704973, '_a4_': 0.7881405094008862, '_a2_': 1.0, '_a5_': 1.0, '_a6_': 1.0, '_a7_': 1.0}};{'d0': 0.024905832919524126};-276.475521886563;34.55626891663671
12136;-103.681492026645;(x * (_a0_ + pow2(((x + (_a4_ / -(_a1_))) * _a3_))));{'d0': {'_a0_': 1.4465760899003945, '_a1_': -2.5266608154874755, '_a3_': 1.8375964958704973, '_a4_': 0.7881405094008862, '_a2_': 1.0, '_a5_': 1.0, '_a6_': 1.0, '_a7_': 1.0}};{'d0': 0.024905832919524126};-276.475521886563;34.55626891663671
12137;-103.681492026645;(x * (_a0_ + pow2(((x + (_a4_ / -(_a1_))) * _a3_))));{'d0': {'_a0_': 1.4465760899003945, '_a1_': -2.5266608154874755, '_a3_': 1.8375964958704973, '_a4_': 0.7881405094008862, '_a2_': 1.0, '_a5_': 1.0, '_a6_': 1.0, '_a7_': 1.0}};{'d0': 0.024905832919524126};-276.475521886563;34.55626891663671
12138;-102.484456547898;(x * (_a0_ + pow2(((x + (_a4_ / (_a3_ * _a6_))) * _a3_))));{'d0': {'_a0_': 1.446576090138751, '_a3_': 1.8375964951635038, '_a4_': 217.4138788395829, '_a6_': 379.29784464828424, '_a1_': 1.0, '_a2_': 1.0, '_a5_': 1.0, '_a7_': 1.0}};{'d0': 0.024905832919417496};-276.475521886819;35.75330439551132
12139;-102.484456547898;(x * (_a0_ + pow2(((x + (_a4_ / (_a3_ * _a6_))) * _a3_))));{'d0': {'_a0_': 1.446576090138751, '_a3_': 1.8375964951635038, '_a4_': 217.4138788395829, '_a6_': 379.29784464828424, '_a1_': 1.0, '_a2_': 1.0, '_a5_': 1.0, '_a7_': 1.0}};{'d0': 0.024905832919417496};-276.475521886819;35.75330439551132
12140;-102.484456547898;(x * (_a0_ + pow2(((x + (_a4_ / (_a3_ * _a6_))) * _a3_))));{'d0': {'_a0_': 1.446576090138751, '_a3_': 1.8375964951635038, '_a4_': 217.4138788395829, '_a6_': 379.29784464828424, '_a1_': 1.0, '_a2_': 1.0, '_a5_': 1.0, '_a7_': 1.0}};{'d0': 0.024905832919417496};-276.475521886819;35.75330439551132
12141;-102.364147265265;(x * (_a0_ + pow2(((x + (_a4_ + (_a3_ * _a6_))) * _a3_))));{'d0': {'_a0_': 1.4465761117565334, '_a3_': 1.8375964948262717, '_a4_': -1144.2627859031866, '_a6_': 622.8650951583274, '_a1_': 1.0, '_a2_': 1.0, '_a5_': 1.0, '_a7_': 1.0}};{'d0': 0.024905832919422204};-276.475521886808;35.87361367813892
12142;-102.364147265265;(x * (_a0_ + pow2(((x + (_a4_ + (_a3_ * _a6_))) * _a3_))));{'d0': {'_a0_': 1.4465761117565334, '_a3_': 1.8375964948262717, '_a4_': -1144.2627859031866, '_a6_': 622.8650951583274, '_a1_': 1.0, '_a2_': 1.0, '_a5_': 1.0, '_a7_': 1.0}};{'d0': 0.024905832919422204};-276.475521886808;35.87361367813892
12143;-102.364147265265;(x * (_a0_ + pow2(((x + (_a4_ + (_a3_ * _a6_))) * _a3_))));{'d0': {'_a0_': 1.4465761117565334, '_a3_': 1.8375964948262717, '_a4_': -1144.2627859031866, '_a6_': 622.8650951583274, '_a1_': 1.0, '_a2_': 1.0, '_a5_': 1.0, '_a7_': 1.0}};{'d0': 0.024905832919422204};-276.475521886808;35.87361367813892
12144;-102.364147265265;(x * (_a0_ + pow2(((x + (_a4_ + (_a3_ * _a6_))) * _a3_))));{'d0': {'_a0_': 1.4465761117565334, '_a3_': 1.8375964948262717, '_a4_': -1144.2627859031866, '_a6_': 622.8650951583274, '_a1_': 1.0, '_a2_': 1.0, '_a5_': 1.0, '_a7_': 1.0}};{'d0': 0.024905832919422204};-276.475521886808;35.87361367813892
12145;-102.364147265265;(x * (_a0_ + pow2(((x + (_a4_ + (_a3_ * _a6_))) * _a3_))));{'d0': {'_a0_': 1.4465761117565334, '_a3_': 1.8375964948262717, '_a4_': -1144.2627859031866, '_a6_': 622.8650951583274, '_a1_': 1.0, '_a2_': 1.0, '_a5_': 1.0, '_a7_': 1.0}};{'d0': 0.024905832919422204};-276.475521886808;35.87361367813892
12146;-82.5858717490431;(_a2_ * (x * (pow2((-(x) * (pow2(_a5_) + _a1_))) + pow2(((_a2_ * (x + _a2_)) / _a1_)))));{'d0': {'_a1_': -2.7673899309745194, '_a2_': 1.6852892081050166, '_a5_': 1.2204816145938606, '_a0_': 1.0, '_a3_': 1.0, '_a4_': 1.0, '_a6_': 1.0, '_a7_': 1.0}};{'d0': 0.02490583291941664};-280.569866449044;57.6990614754788
12147;-82.5858717490431;(_a2_ * (x * (pow2((-(x) * (pow2(_a5_) + _a1_))) + pow2(((_a2_ * (x + _a2_)) / _a1_)))));{'d0': {'_a1_': -2.7673899309745194, '_a2_': 1.6852892081050166, '_a5_': 1.2204816145938606, '_a0_': 1.0, '_a3_': 1.0, '_a4_': 1.0, '_a6_': 1.0, '_a7_': 1.0}};{'d0': 0.02490583291941664};-280.569866449044;57.6990614754788
12148;-102.364147265265;(x * (_a0_ + pow2(((x + (_a4_ + (_a3_ * _a6_))) * _a3_))));{'d0': {'_a0_': 1.4465761117565334, '_a3_': 1.8375964948262717, '_a4_': -1144.2627859031866, '_a6_': 622.8650951583274, '_a1_': 1.0, '_a2_': 1.0, '_a5_': 1.0, '_a7_': 1.0}};{'d0': 0.024905832919422204};-276.475521886808;35.87361367813892
12149;-102.364147265265;(x * (_a0_ + pow2(((x + (_a4_ + (_a3_ * _a6_))) * _a3_))));{'d0': {'_a0_': 1.4465761117565334, '_a3_': 1.8375964948262717, '_a4_': -1144.2627859031866, '_a6_': 622.8650951583274, '_a1_': 1.0, '_a2_': 1.0, '_a5_': 1.0, '_a7_': 1.0}};{'d0': 0.024905832919422204};-276.475521886808;35.87361367813892
12150;-102.364147265265;(x * (_a0_ + pow2(((x + (_a4_ + (_a3_ * _a6_))) * _a3_))));{'d0': {'_a0_': 1.4465761117565334, '_a3_': 1.8375964948262717, '_a4_': -1144.2627859031866, '_a6_': 622.8650951583274, '_a1_': 1.0, '_a2_': 1.0, '_a5_': 1.0, '_a7_': 1.0}};{'d0': 0.024905832919422204};-276.475521886808;35.87361367813892
12151;-102.364147265265;(x * (_a0_ + pow2(((x + (_a4_ + (_a3_ * _a6_))) * _a3_))));{'d0': {'_a0_': 1.4465761117565334, '_a3_': 1.8375964948262717, '_a4_': -1144.2627859031866, '_a6_': 622.8650951583274, '_a1_': 1.0, '_a2_': 1.0, '_a5_': 1.0, '_a7_': 1.0}};{'d0': 0.024905832919422204};-276.475521886808;35.87361367813892
12152;-102.364147265265;(x * (_a0_ + pow2(((x + (_a4_ + (_a3_ * _a6_))) * _a3_))));{'d0': {'_a0_': 1.4465761117565334, '_a3_': 1.8375964948262717, '_a4_': -1144.2627859031866, '_a6_': 622.8650951583274, '_a1_': 1.0, '_a2_': 1.0, '_a5_': 1.0, '_a7_': 1.0}};{'d0': 0.024905832919422204};-276.475521886808;35.87361367813892
12153;-102.364147265265;(x * (_a0_ + pow2(((x + (_a4_ + (_a3_ * _a6_))) * _a3_))));{'d0': {'_a0_': 1.4465761117565334, '_a3_': 1.8375964948262717, '_a4_': -1144.2627859031866, '_a6_': 622.8650951583274, '_a1_': 1.0, '_a2_': 1.0, '_a5_': 1.0, '_a7_': 1.0}};{'d0': 0.024905832919422204};-276.475521886808;35.87361367813892
12154;-102.364147265265;(x * (_a0_ + pow2(((x + (_a4_ + (_a3_ * _a6_))) * _a3_))));{'d0': {'_a0_': 1.4465761117565334, '_a3_': 1.8375964948262717, '_a4_': -1144.2627859031866, '_a6_': 622.8650951583274, '_a1_': 1.0, '_a2_': 1.0, '_a5_': 1.0, '_a7_': 1.0}};{'d0': 0.024905832919422204};-276.475521886808;35.87361367813892
12155;-102.364147265265;(x * (_a0_ + pow2(((x + (_a4_ + (_a3_ * _a6_))) * _a3_))));{'d0': {'_a0_': 1.4465761117565334, '_a3_': 1.8375964948262717, '_a4_': -1144.2627859031866, '_a6_': 622.8650951583274, '_a1_': 1.0, '_a2_': 1.0, '_a5_': 1.0, '_a7_': 1.0}};{'d0': 0.024905832919422204};-276.475521886808;35.87361367813892
12156;-102.364147265265;(x * (_a0_ + pow2(((x + (_a4_ + (_a3_ * _a6_))) * _a3_))));{'d0': {'_a0_': 1.4465761117565334, '_a3_': 1.8375964948262717, '_a4_': -1144.2627859031866, '_a6_': 622.8650951583274, '_a1_': 1.0, '_a2_': 1.0, '_a5_': 1.0, '_a7_': 1.0}};{'d0': 0.024905832919422204};-276.475521886808;35.87361367813892
12157;-78.2980455719715;((_a2_ * (x * (pow2((_a3_ * (pow2(_a5_) + _a1_))) + pow2(((_a2_ * (x + _a2_)) / _a1_))))) + x);{'d0': {'_a1_': 0.09480581005457883, '_a2_': 0.3119297075968099, '_a3_': 7.533705241912501, '_a5_': -0.25301404704212266, '_a0_': 1.0, '_a4_': 1.0, '_a6_': 1.0, '_a7_': 1.0}};{'d0': 0.024905832925386524};-276.475521872440;59.93971536424841
12158;-78.2980455719715;((_a2_ * (x * (pow2((_a3_ * (pow2(_a5_) + _a1_))) + pow2(((_a2_ * (x + _a2_)) / _a1_))))) + x);{'d0': {'_a1_': 0.09480581005457883, '_a2_': 0.3119297075968099, '_a3_': 7.533705241912501, '_a5_': -0.25301404704212266, '_a0_': 1.0, '_a4_': 1.0, '_a6_': 1.0, '_a7_': 1.0}};{'d0': 0.024905832925386524};-276.475521872440;59.93971536424841
12159;-78.2980455719715;((_a2_ * (x * (pow2((_a3_ * (pow2(_a5_) + _a1_))) + pow2(((_a2_ * (x + _a2_)) / _a1_))))) + x);{'d0': {'_a1_': 0.09480581005457883, '_a2_': 0.3119297075968099, '_a3_': 7.533705241912501, '_a5_': -0.25301404704212266, '_a0_': 1.0, '_a4_': 1.0, '_a6_': 1.0, '_a7_': 1.0}};{'d0': 0.024905832925386524};-276.475521872440;59.93971536424841
12160;-78.2980455719715;((_a2_ * (x * (pow2((_a3_ * (pow2(_a5_) + _a1_))) + pow2(((_a2_ * (x + _a2_)) / _a1_))))) + x);{'d0': {'_a1_': 0.09480581005457883, '_a2_': 0.3119297075968099, '_a3_': 7.533705241912501, '_a5_': -0.25301404704212266, '_a0_': 1.0, '_a4_': 1.0, '_a6_': 1.0, '_a7_': 1.0}};{'d0': 0.024905832925386524};-276.475521872440;59.93971536424841
12161;-81.9959800516968;((_a2_ * (x * (pow2((_a3_ * (_a5_ + _a1_))) + pow2(((_a2_ * (x + _a2_)) / _a1_))))) + x);{'d0': {'_a1_': 0.09480581006441342, '_a2_': 0.311929707632242, '_a3_': 7.8705883879829726, '_a5_': -0.2468298019834365, '_a0_': 1.0, '_a4_': 1.0, '_a6_': 1.0, '_a7_': 1.0}};{'d0': 0.02490583291947944};-276.475521886670;56.241780891638406
12162;-81.9959800472974;((_a3_ * (x * (pow2((_a3_ * (_a5_ + _a1_))) + pow2(((_a2_ * (x + _a2_)) / _a1_))))) + x);{'d0': {'_a1_': 0.1850231496023761, '_a2_': 0.3119297077908352, '_a3_': 1.188061555136597, '_a5_': -0.701069971594563, '_a0_': 1.0, '_a4_': 1.0, '_a6_': 1.0, '_a7_': 1.0}};{'d0': 0.02490583292313179};-276.475521877871;56.241780891638406
12163;-81.9959800497810;((_a3_ * (x * (pow2((_a3_ * (_a5_ + _a1_))) + pow2(((_a2_ * (x + _a5_)) / _a1_))))) + x);{'d0': {'_a1_': 0.10568017355491241, '_a2_': 0.16602926194324005, '_a3_': 1.3681003568829122, '_a5_': 0.3119297078080199, '_a0_': 1.0, '_a4_': 1.0, '_a6_': 1.0, '_a7_': 1.0}};{'d0': 0.024905832921069904};-276.475521882839;56.241780891638406
12164;-81.9959800497810;((_a3_ * (x * (pow2((_a3_ * (_a5_ + _a1_))) + pow2(((_a2_ * (x + _a5_)) / _a1_))))) + x);{'d0': {'_a1_': 0.10568017355491241, '_a2_': 0.16602926194324005, '_a3_': 1.3681003568829122, '_a5_': 0.3119297078080199, '_a0_': 1.0, '_a4_': 1.0, '_a6_': 1.0, '_a7_': 1.0}};{'d0': 0.024905832921069904};-276.475521882839;56.241780891638406
12165;-81.9959800497810;((_a3_ * (x * (pow2((_a3_ * (_a5_ + _a1_))) + pow2(((_a2_ * (x + _a5_)) / _a1_))))) + x);{'d0': {'_a1_': 0.10568017355491241, '_a2_': 0.16602926194324005, '_a3_': 1.3681003568829122, '_a5_': 0.3119297078080199, '_a0_': 1.0, '_a4_': 1.0, '_a6_': 1.0, '_a7_': 1.0}};{'d0': 0.024905832921069904};-276.475521882839;56.241780891638406
12166;-81.9959800497810;((_a3_ * (x * (pow2((_a3_ * (_a5_ + _a1_))) + pow2(((_a2_ * (x + _a5_)) / _a1_))))) + x);{'d0': {'_a1_': 0.10568017355491241, '_a2_': 0.16602926194324005, '_a3_': 1.3681003568829122, '_a5_': 0.3119297078080199, '_a0_': 1.0, '_a4_': 1.0, '_a6_': 1.0, '_a7_': 1.0}};{'d0': 0.024905832921069904};-276.475521882839;56.241780891638406
12167;-81.9959800497810;((_a3_ * (x * (pow2((_a3_ * (_a5_ + _a1_))) + pow2(((_a2_ * (x + _a5_)) / _a1_))))) + x);{'d0': {'_a1_': 0.10568017355491241, '_a2_': 0.16602926194324005, '_a3_': 1.3681003568829122, '_a5_': 0.3119297078080199, '_a0_': 1.0, '_a4_': 1.0, '_a6_': 1.0, '_a7_': 1.0}};{'d0': 0.024905832921069904};-276.475521882839;56.241780891638406
12168;-81.9959800497810;((_a3_ * (x * (pow2((_a3_ * (_a5_ + _a1_))) + pow2(((_a2_ * (x + _a5_)) / _a1_))))) + x);{'d0': {'_a1_': 0.10568017355491241, '_a2_': 0.16602926194324005, '_a3_': 1.3681003568829122, '_a5_': 0.3119297078080199, '_a0_': 1.0, '_a4_': 1.0, '_a6_': 1.0, '_a7_': 1.0}};{'d0': 0.024905832921069904};-276.475521882839;56.241780891638406
12169;-81.9959800497810;((_a3_ * (x * (pow2((_a3_ * (_a5_ + _a1_))) + pow2(((_a2_ * (x + _a5_)) / _a1_))))) + x);{'d0': {'_a1_': 0.10568017355491241, '_a2_': 0.16602926194324005, '_a3_': 1.3681003568829122, '_a5_': 0.3119297078080199, '_a0_': 1.0, '_a4_': 1.0, '_a6_': 1.0, '_a7_': 1.0}};{'d0': 0.024905832921069904};-276.475521882839;56.241780891638406
12170;-81.9959800497810;((_a3_ * (x * (pow2((_a3_ * (_a5_ + _a1_))) + pow2(((_a2_ * (x + _a5_)) / _a1_))))) + x);{'d0': {'_a1_': 0.10568017355491241, '_a2_': 0.16602926194324005, '_a3_': 1.3681003568829122, '_a5_': 0.3119297078080199, '_a0_': 1.0, '_a4_': 1.0, '_a6_': 1.0, '_a7_': 1.0}};{'d0': 0.024905832921069904};-276.475521882839;56.241780891638406
12171;-81.9959800497810;((_a3_ * (x * (pow2((_a3_ * (_a5_ + _a1_))) + pow2(((_a2_ * (x + _a5_)) / _a1_))))) + x);{'d0': {'_a1_': 0.10568017355491241, '_a2_': 0.16602926194324005, '_a3_': 1.3681003568829122, '_a5_': 0.3119297078080199, '_a0_': 1.0, '_a4_': 1.0, '_a6_': 1.0, '_a7_': 1.0}};{'d0': 0.024905832921069904};-276.475521882839;56.241780891638406
12172;-81.9959800497810;((_a3_ * (x * (pow2((_a3_ * (_a5_ + _a1_))) + pow2(((_a2_ * (x + _a5_)) / _a1_))))) + x);{'d0': {'_a1_': 0.10568017355491241, '_a2_': 0.16602926194324005, '_a3_': 1.3681003568829122, '_a5_': 0.3119297078080199, '_a0_': 1.0, '_a4_': 1.0, '_a6_': 1.0, '_a7_': 1.0}};{'d0': 0.024905832921069904};-276.475521882839;56.241780891638406
12173;-81.9959800497810;((_a3_ * (x * (pow2((_a3_ * (_a5_ + _a1_))) + pow2(((_a2_ * (x + _a5_)) / _a1_))))) + x);{'d0': {'_a1_': 0.10568017355491241, '_a2_': 0.16602926194324005, '_a3_': 1.3681003568829122, '_a5_': 0.3119297078080199, '_a0_': 1.0, '_a4_': 1.0, '_a6_': 1.0, '_a7_': 1.0}};{'d0': 0.024905832921069904};-276.475521882839;56.241780891638406
12174;-81.9959800497810;((_a3_ * (x * (pow2((_a3_ * (_a5_ + _a1_))) + pow2(((_a2_ * (x + _a5_)) / _a1_))))) + x);{'d0': {'_a1_': 0.10568017355491241, '_a2_': 0.16602926194324005, '_a3_': 1.3681003568829122, '_a5_': 0.3119297078080199, '_a0_': 1.0, '_a4_': 1.0, '_a6_': 1.0, '_a7_': 1.0}};{'d0': 0.024905832921069904};-276.475521882839;56.241780891638406
12175;-81.9959800500125;((_a1_ * (x * (pow2((_a3_ * (_a5_ + _a1_))) + pow2(((_a2_ * (x + _a5_)) / _a1_))))) + x);{'d0': {'_a1_': 0.010839251573687002, '_a2_': 0.19131538119737063, '_a3_': 19.886394318478274, '_a5_': 0.3119297078079308, '_a0_': 1.0, '_a4_': 1.0, '_a6_': 1.0, '_a7_': 1.0}};{'d0': 0.024905832920877714};-276.475521883302;56.241780891638406
12176;-81.9959800500125;((_a1_ * (x * (pow2((_a3_ * (_a5_ + _a1_))) + pow2(((_a2_ * (x + _a5_)) / _a1_))))) + x);{'d0': {'_a1_': 0.010839251573687002, '_a2_': 0.19131538119737063, '_a3_': 19.886394318478274, '_a5_': 0.3119297078079308, '_a0_': 1.0, '_a4_': 1.0, '_a6_': 1.0, '_a7_': 1.0}};{'d0': 0.024905832920877714};-276.475521883302;56.241780891638406
12177;-81.9959800500125;((_a1_ * (x * (pow2((_a3_ * (_a5_ + _a1_))) + pow2(((_a2_ * (x + _a5_)) / _a1_))))) + x);{'d0': {'_a1_': 0.010839251573687002, '_a2_': 0.19131538119737063, '_a3_': 19.886394318478274, '_a5_': 0.3119297078079308, '_a0_': 1.0, '_a4_': 1.0, '_a6_': 1.0, '_a7_': 1.0}};{'d0': 0.024905832920877714};-276.475521883302;56.241780891638406
12178;-81.9959800500125;((_a1_ * (x * (pow2((_a3_ * (_a5_ + _a1_))) + pow2(((_a2_ * (x + _a5_)) / _a1_))))) + x);{'d0': {'_a1_': 0.010839251573687002, '_a2_': 0.19131538119737063, '_a3_': 19.886394318478274, '_a5_': 0.3119297078079308, '_a0_': 1.0, '_a4_': 1.0, '_a6_': 1.0, '_a7_': 1.0}};{'d0': 0.024905832920877714};-276.475521883302;56.241780891638406
12179;-81.9959800500125;((_a1_ * (x * (pow2((_a3_ * (_a5_ + _a1_))) + pow2(((_a2_ * (x + _a5_)) / _a1_))))) + x);{'d0': {'_a1_': 0.010839251573687002, '_a2_': 0.19131538119737063, '_a3_': 19.886394318478274, '_a5_': 0.3119297078079308, '_a0_': 1.0, '_a4_': 1.0, '_a6_': 1.0, '_a7_': 1.0}};{'d0': 0.024905832920877714};-276.475521883302;56.241780891638406
12180;-81.9959800500125;((_a1_ * (x * (pow2((_a3_ * (_a5_ + _a1_))) + pow2(((_a2_ * (x + _a5_)) / _a1_))))) + x);{'d0': {'_a1_': 0.010839251573687002, '_a2_': 0.19131538119737063, '_a3_': 19.886394318478274, '_a5_': 0.3119297078079308, '_a0_': 1.0, '_a4_': 1.0, '_a6_': 1.0, '_a7_': 1.0}};{'d0': 0.024905832920877714};-276.475521883302;56.241780891638406
12181;-81.9959800500125;((_a1_ * (x * (pow2((_a3_ * (_a5_ + _a1_))) + pow2(((_a2_ * (x + _a5_)) / _a1_))))) + x);{'d0': {'_a1_': 0.010839251573687002, '_a2_': 0.19131538119737063, '_a3_': 19.886394318478274, '_a5_': 0.3119297078079308, '_a0_': 1.0, '_a4_': 1.0, '_a6_': 1.0, '_a7_': 1.0}};{'d0': 0.024905832920877714};-276.475521883302;56.241780891638406
12182;-87.9165811006925;((_a1_ * (x * (pow2((_a3_ * _a2_)) + pow2(((_a2_ * (x + _a5_)) / _a1_))))) + x);{'d0': {'_a1_': 0.028462715417450758, '_a2_': 0.3100190108740378, '_a3_': 12.776773348748295, '_a5_': 0.31192970766205813, '_a0_': 1.0, '_a4_': 1.0, '_a6_': 1.0, '_a7_': 1.0}};{'d0': 0.024905832919507896};-276.475521886602;50.32117984260841
12183;-92.8659210186528;((_a1_ * (x * (pow2(_a3_) + pow2(((_a2_ * (x + _a5_)) / _a1_))))) + x);{'d0': {'_a1_': 0.013449842174158644, '_a2_': 0.2131125137805214, '_a3_': 5.762202935064309, '_a5_': 0.31192970795917735, '_a0_': 1.0, '_a4_': 1.0, '_a6_': 1.0, '_a7_': 1.0}};{'d0': 0.024905832925731678};-276.475521871608;45.371839917151405
12184;-92.8659210186528;((_a1_ * (x * (pow2(_a3_) + pow2(((_a2_ * (x + _a5_)) / _a1_))))) + x);{'d0': {'_a1_': 0.013449842174158644, '_a2_': 0.2131125137805214, '_a3_': 5.762202935064309, '_a5_': 0.31192970795917735, '_a0_': 1.0, '_a4_': 1.0, '_a6_': 1.0, '_a7_': 1.0}};{'d0': 0.024905832925731678};-276.475521871608;45.371839917151405
12185;-92.8659210186528;((_a1_ * (x * (pow2(_a3_) + pow2(((_a2_ * (x + _a5_)) / _a1_))))) + x);{'d0': {'_a1_': 0.013449842174158644, '_a2_': 0.2131125137805214, '_a3_': 5.762202935064309, '_a5_': 0.31192970795917735, '_a0_': 1.0, '_a4_': 1.0, '_a6_': 1.0, '_a7_': 1.0}};{'d0': 0.024905832925731678};-276.475521871608;45.371839917151405
12186;-92.8659210186528;((_a1_ * (x * (pow2(_a3_) + pow2(((_a2_ * (x + _a5_)) / _a1_))))) + x);{'d0': {'_a1_': 0.013449842174158644, '_a2_': 0.2131125137805214, '_a3_': 5.762202935064309, '_a5_': 0.31192970795917735, '_a0_': 1.0, '_a4_': 1.0, '_a6_': 1.0, '_a7_': 1.0}};{'d0': 0.024905832925731678};-276.475521871608;45.371839917151405
12187;-87.9165811007553;((_a1_ * (x * (pow2((_a5_ * _a0_)) + pow2(((_a2_ * (x + _a5_)) / _a1_))))) + x);{'d0': {'_a0_': 18.02708461301821, '_a1_': 0.014123128239898785, '_a2_': 0.2183813873816543, '_a5_': 0.3119297077642319, '_a3_': 1.0, '_a4_': 1.0, '_a6_': 1.0, '_a7_': 1.0}};{'d0': 0.024905832919455834};-276.475521886727;50.3211798426084
12188;-87.9165811007553;((_a1_ * (x * (pow2((_a5_ * _a0_)) + pow2(((_a2_ * (x + _a5_)) / _a1_))))) + x);{'d0': {'_a0_': 18.02708461301821, '_a1_': 0.014123128239898785, '_a2_': 0.2183813873816543, '_a5_': 0.3119297077642319, '_a3_': 1.0, '_a4_': 1.0, '_a6_': 1.0, '_a7_': 1.0}};{'d0': 0.024905832919455834};-276.475521886727;50.3211798426084
12189;-87.9165811007553;((_a1_ * (x * (pow2((_a5_ * _a0_)) + pow2(((_a2_ * (x + _a5_)) / _a1_))))) + x);{'d0': {'_a0_': 18.02708461301821, '_a1_': 0.014123128239898785, '_a2_': 0.2183813873816543, '_a5_': 0.3119297077642319, '_a3_': 1.0, '_a4_': 1.0, '_a6_': 1.0, '_a7_': 1.0}};{'d0': 0.024905832919455834};-276.475521886727;50.3211798426084
12190;-87.9165811007553;((_a1_ * (x * (pow2((_a5_ * _a0_)) + pow2(((_a2_ * (x + _a5_)) / _a1_))))) + x);{'d0': {'_a0_': 18.02708461301821, '_a1_': 0.014123128239898785, '_a2_': 0.2183813873816543, '_a5_': 0.3119297077642319, '_a3_': 1.0, '_a4_': 1.0, '_a6_': 1.0, '_a7_': 1.0}};{'d0': 0.024905832919455834};-276.475521886727;50.3211798426084
12191;-87.9165811007553;((_a1_ * (x * (pow2((_a5_ * _a0_)) + pow2(((_a2_ * (x + _a5_)) / _a1_))))) + x);{'d0': {'_a0_': 18.02708461301821, '_a1_': 0.014123128239898785, '_a2_': 0.2183813873816543, '_a5_': 0.3119297077642319, '_a3_': 1.0, '_a4_': 1.0, '_a6_': 1.0, '_a7_': 1.0}};{'d0': 0.024905832919455834};-276.475521886727;50.3211798426084
12192;-87.9165811007553;((_a1_ * (x * (pow2((_a5_ * _a0_)) + pow2(((_a2_ * (x + _a5_)) / _a1_))))) + x);{'d0': {'_a0_': 18.02708461301821, '_a1_': 0.014123128239898785, '_a2_': 0.2183813873816543, '_a5_': 0.3119297077642319, '_a3_': 1.0, '_a4_': 1.0, '_a6_': 1.0, '_a7_': 1.0}};{'d0': 0.024905832919455834};-276.475521886727;50.3211798426084
12193;-87.9165811007553;((_a1_ * (x * (pow2((_a5_ * _a0_)) + pow2(((_a2_ * (x + _a5_)) / _a1_))))) + x);{'d0': {'_a0_': 18.02708461301821, '_a1_': 0.014123128239898785, '_a2_': 0.2183813873816543, '_a5_': 0.3119297077642319, '_a3_': 1.0, '_a4_': 1.0, '_a6_': 1.0, '_a7_': 1.0}};{'d0': 0.024905832919455834};-276.475521886727;50.3211798426084
12194;-87.9165811002516;((_a1_ * (x * (pow2((_a5_ * _a6_)) + pow2(((_a2_ * (x + _a5_)) / _a1_))))) + x);{'d0': {'_a1_': 0.015077978155652679, '_a2_': 0.22564294528126413, '_a5_': 0.31192970788863006, '_a6_': 17.446940615892043, '_a0_': 1.0, '_a3_': 1.0, '_a4_': 1.0, '_a7_': 1.0}};{'d0': 0.024905832919873968};-276.475521885720;50.3211798426084
12195;-81.2530327381363;((_a1_ * (x * (pow2((_a5_ * _a6_)) + pow2(((_a2_ * (x + _a5_)) / (_a5_ ** _a6_)))))) + x);{'d0': {'_a1_': 0.17251810939716394, '_a2_': 0.010869851320569668, '_a5_': 0.31192970807549086, '_a6_': 5.157908435864258, '_a0_': 1.0, '_a3_': 1.0, '_a4_': 1.0, '_a7_': 1.0}};{'d0': 0.024905832933169763};-276.475521853689;56.9847281887084
12196;-81.2530327381363;((_a1_ * (x * (pow2((_a5_ * _a6_)) + pow2(((_a2_ * (x + _a5_)) / (_a5_ ** _a6_)))))) + x);{'d0': {'_a1_': 0.17251810939716394, '_a2_': 0.010869851320569668, '_a5_': 0.31192970807549086, '_a6_': 5.157908435864258, '_a0_': 1.0, '_a3_': 1.0, '_a4_': 1.0, '_a7_': 1.0}};{'d0': 0.024905832933169763};-276.475521853689;56.9847281887084
12197;-81.2530327381363;((_a1_ * (x * (pow2((_a5_ * _a6_)) + pow2(((_a2_ * (x + _a5_)) / (_a5_ ** _a6_)))))) + x);{'d0': {'_a1_': 0.17251810939716394, '_a2_': 0.010869851320569668, '_a5_': 0.31192970807549086, '_a6_': 5.157908435864258, '_a0_': 1.0, '_a3_': 1.0, '_a4_': 1.0, '_a7_': 1.0}};{'d0': 0.024905832933169763};-276.475521853689;56.9847281887084
12198;-81.2528671105244;((_a1_ * (x * (pow2((_a5_ * _a6_)) + pow2(((_a2_ * (x + _a5_)) / (_a5_ ** _a6_)))))) + _a2_);{'d0': {'_a1_': 0.09804570249378732, '_a2_': 3.453706760225541e-06, '_a5_': 0.3119285216881644, '_a6_': 12.314085361674426, '_a0_': 1.0, '_a3_': 1.0, '_a4_': 1.0, '_a7_': 1.0}};{'d0': 0.02490597043667037};-276.475190598465;56.9847281887084
12199;-81.2528671105244;((_a1_ * (x * (pow2((_a5_ * _a6_)) + pow2(((_a2_ * (x + _a5_)) / (_a5_ ** _a6_)))))) + _a2_);{'d0': {'_a1_': 0.09804570249378732, '_a2_': 3.453706760225541e-06, '_a5_': 0.3119285216881644, '_a6_': 12.314085361674426, '_a0_': 1.0, '_a3_': 1.0, '_a4_': 1.0, '_a7_': 1.0}};{'d0': 0.02490597043667037};-276.475190598465;56.9847281887084
12200;-81.2528671105244;((_a1_ * (x * (pow2((_a5_ * _a6_)) + pow2(((_a2_ * (x + _a5_)) / (_a5_ ** _a6_)))))) + _a2_);{'d0': {'_a1_': 0.09804570249378732, '_a2_': 3.453706760225541e-06, '_a5_': 0.3119285216881644, '_a6_': 12.314085361674426, '_a0_': 1.0, '_a3_': 1.0, '_a4_': 1.0, '_a7_': 1.0}};{'d0': 0.02490597043667037};-276.475190598465;56.9847281887084
12201;-81.2528671105244;((_a1_ * (x * (pow2((_a5_ * _a6_)) + pow2(((_a2_ * (x + _a5_)) / (_a5_ ** _a6_)))))) + _a2_);{'d0': {'_a1_': 0.09804570249378732, '_a2_': 3.453706760225541e-06, '_a5_': 0.3119285216881644, '_a6_': 12.314085361674426, '_a0_': 1.0, '_a3_': 1.0, '_a4_': 1.0, '_a7_': 1.0}};{'d0': 0.02490597043667037};-276.475190598465;56.9847281887084
12202;-81.2528671105244;((_a1_ * (x * (pow2((_a5_ * _a6_)) + pow2(((_a2_ * (x + _a5_)) / (_a5_ ** _a6_)))))) + _a2_);{'d0': {'_a1_': 0.09804570249378732, '_a2_': 3.453706760225541e-06, '_a5_': 0.3119285216881644, '_a6_': 12.314085361674426, '_a0_': 1.0, '_a3_': 1.0, '_a4_': 1.0, '_a7_': 1.0}};{'d0': 0.02490597043667037};-276.475190598465;56.9847281887084
12203;-81.2528671105244;((_a1_ * (x * (pow2((_a5_ * _a6_)) + pow2(((_a2_ * (x + _a5_)) / (_a5_ ** _a6_)))))) + _a2_);{'d0': {'_a1_': 0.09804570249378732, '_a2_': 3.453706760225541e-06, '_a5_': 0.3119285216881644, '_a6_': 12.314085361674426, '_a0_': 1.0, '_a3_': 1.0, '_a4_': 1.0, '_a7_': 1.0}};{'d0': 0.02490597043667037};-276.475190598465;56.9847281887084
12204;-81.2528671105244;((_a1_ * (x * (pow2((_a5_ * _a6_)) + pow2(((_a2_ * (x + _a5_)) / (_a5_ ** _a6_)))))) + _a2_);{'d0': {'_a1_': 0.09804570249378732, '_a2_': 3.453706760225541e-06, '_a5_': 0.3119285216881644, '_a6_': 12.314085361674426, '_a0_': 1.0, '_a3_': 1.0, '_a4_': 1.0, '_a7_': 1.0}};{'d0': 0.02490597043667037};-276.475190598465;56.9847281887084
12205;-81.2528671105244;((_a1_ * (x * (pow2((_a5_ * _a6_)) + pow2(((_a2_ * (x + _a5_)) / (_a5_ ** _a6_)))))) + _a2_);{'d0': {'_a1_': 0.09804570249378732, '_a2_': 3.453706760225541e-06, '_a5_': 0.3119285216881644, '_a6_': 12.314085361674426, '_a0_': 1.0, '_a3_': 1.0, '_a4_': 1.0, '_a7_': 1.0}};{'d0': 0.02490597043667037};-276.475190598465;56.9847281887084
12206;-81.2528671105244;((_a1_ * (x * (pow2((_a5_ * _a6_)) + pow2(((_a2_ * (x + _a5_)) / (_a5_ ** _a6_)))))) + _a2_);{'d0': {'_a1_': 0.09804570249378732, '_a2_': 3.453706760225541e-06, '_a5_': 0.3119285216881644, '_a6_': 12.314085361674426, '_a0_': 1.0, '_a3_': 1.0, '_a4_': 1.0, '_a7_': 1.0}};{'d0': 0.02490597043667037};-276.475190598465;56.9847281887084
12207;-81.2529842694345;((_a3_ * (x * (pow2((_a5_ * _a6_)) + pow2(((_a2_ * (x + _a5_)) / (_a5_ ** _a6_)))))) + _a2_);{'d0': {'_a2_': 1.0118516454143518e-06, '_a3_': 0.08226622460451913, '_a5_': 0.31192935625049845, '_a6_': 13.443237323489655, '_a0_': 1.0, '_a1_': 1.0, '_a4_': 1.0, '_a7_': 1.0}};{'d0': 0.024905873171648586};-276.475424916286;56.9847281887084
12208;-81.2529842694345;((_a3_ * (x * (pow2((_a5_ * _a6_)) + pow2(((_a2_ * (x + _a5_)) / (_a5_ ** _a6_)))))) + _a2_);{'d0': {'_a2_': 1.0118516454143518e-06, '_a3_': 0.08226622460451913, '_a5_': 0.31192935625049845, '_a6_': 13.443237323489655, '_a0_': 1.0, '_a1_': 1.0, '_a4_': 1.0, '_a7_': 1.0}};{'d0': 0.024905873171648586};-276.475424916286;56.9847281887084
12209;-81.2529842694345;((_a3_ * (x * (pow2((_a5_ * _a6_)) + pow2(((_a2_ * (x + _a5_)) / (_a5_ ** _a6_)))))) + _a2_);{'d0': {'_a2_': 1.0118516454143518e-06, '_a3_': 0.08226622460451913, '_a5_': 0.31192935625049845, '_a6_': 13.443237323489655, '_a0_': 1.0, '_a1_': 1.0, '_a4_': 1.0, '_a7_': 1.0}};{'d0': 0.024905873171648586};-276.475424916286;56.9847281887084
12210;-81.2529842694345;((_a3_ * (x * (pow2((_a5_ * _a6_)) + pow2(((_a2_ * (x + _a5_)) / (_a5_ ** _a6_)))))) + _a2_);{'d0': {'_a2_': 1.0118516454143518e-06, '_a3_': 0.08226622460451913, '_a5_': 0.31192935625049845, '_a6_': 13.443237323489655, '_a0_': 1.0, '_a1_': 1.0, '_a4_': 1.0, '_a7_': 1.0}};{'d0': 0.024905873171648586};-276.475424916286;56.9847281887084
12211;-81.2529842694345;((_a3_ * (x * (pow2((_a5_ * _a6_)) + pow2(((_a2_ * (x + _a5_)) / (_a5_ ** _a6_)))))) + _a2_);{'d0': {'_a2_': 1.0118516454143518e-06, '_a3_': 0.08226622460451913, '_a5_': 0.31192935625049845, '_a6_': 13.443237323489655, '_a0_': 1.0, '_a1_': 1.0, '_a4_': 1.0, '_a7_': 1.0}};{'d0': 0.024905873171648586};-276.475424916286;56.9847281887084
12212;-81.2529842694345;((_a3_ * (x * (pow2((_a5_ * _a6_)) + pow2(((_a2_ * (x + _a5_)) / (_a5_ ** _a6_)))))) + _a2_);{'d0': {'_a2_': 1.0118516454143518e-06, '_a3_': 0.08226622460451913, '_a5_': 0.31192935625049845, '_a6_': 13.443237323489655, '_a0_': 1.0, '_a1_': 1.0, '_a4_': 1.0, '_a7_': 1.0}};{'d0': 0.024905873171648586};-276.475424916286;56.9847281887084
12213;-81.2529842694345;((_a3_ * (x * (pow2((_a5_ * _a6_)) + pow2(((_a2_ * (x + _a5_)) / (_a5_ ** _a6_)))))) + _a2_);{'d0': {'_a2_': 1.0118516454143518e-06, '_a3_': 0.08226622460451913, '_a5_': 0.31192935625049845, '_a6_': 13.443237323489655, '_a0_': 1.0, '_a1_': 1.0, '_a4_': 1.0, '_a7_': 1.0}};{'d0': 0.024905873171648586};-276.475424916286;56.9847281887084
12214;-81.8288618460264;((_a3_ * (x * (pow2((_a5_ * _a6_)) + pow2(((_a2_ * (x + _a5_)) / cos(_a6_)))))) + _a2_);{'d0': {'_a2_': 0.00015924005382951154, '_a3_': 0.1230346123324748, '_a5_': 0.3118757816244071, '_a6_': 10.995543886522702, '_a0_': 1.0, '_a1_': 1.0, '_a4_': 1.0, '_a7_': 1.0}};{'d0': 0.024912732344126116};-276.458902962409;56.400589635178406
12215;-81.8288618460264;((_a3_ * (x * (pow2((_a5_ * _a6_)) + pow2(((_a2_ * (x + _a5_)) / cos(_a6_)))))) + _a2_);{'d0': {'_a2_': 0.00015924005382951154, '_a3_': 0.1230346123324748, '_a5_': 0.3118757816244071, '_a6_': 10.995543886522702, '_a0_': 1.0, '_a1_': 1.0, '_a4_': 1.0, '_a7_': 1.0}};{'d0': 0.024912732344126116};-276.458902962409;56.400589635178406
12216;-81.8288618460264;((_a3_ * (x * (pow2((_a5_ * _a6_)) + pow2(((_a2_ * (x + _a5_)) / cos(_a6_)))))) + _a2_);{'d0': {'_a2_': 0.00015924005382951154, '_a3_': 0.1230346123324748, '_a5_': 0.3118757816244071, '_a6_': 10.995543886522702, '_a0_': 1.0, '_a1_': 1.0, '_a4_': 1.0, '_a7_': 1.0}};{'d0': 0.024912732344126116};-276.458902962409;56.400589635178406
12217;-81.8288618460264;((_a3_ * (x * (pow2((_a5_ * _a6_)) + pow2(((_a2_ * (x + _a5_)) / cos(_a6_)))))) + _a2_);{'d0': {'_a2_': 0.00015924005382951154, '_a3_': 0.1230346123324748, '_a5_': 0.3118757816244071, '_a6_': 10.995543886522702, '_a0_': 1.0, '_a1_': 1.0, '_a4_': 1.0, '_a7_': 1.0}};{'d0': 0.024912732344126116};-276.458902962409;56.400589635178406
12218;-81.8288618460264;((_a3_ * (x * (pow2((_a5_ * _a6_)) + pow2(((_a2_ * (x + _a5_)) / cos(_a6_)))))) + _a2_);{'d0': {'_a2_': 0.00015924005382951154, '_a3_': 0.1230346123324748, '_a5_': 0.3118757816244071, '_a6_': 10.995543886522702, '_a0_': 1.0, '_a1_': 1.0, '_a4_': 1.0, '_a7_': 1.0}};{'d0': 0.024912732344126116};-276.458902962409;56.400589635178406
12219;-81.8288618460264;((_a3_ * (x * (pow2((_a5_ * _a6_)) + pow2(((_a2_ * (x + _a5_)) / cos(_a6_)))))) + _a2_);{'d0': {'_a2_': 0.00015924005382951154, '_a3_': 0.1230346123324748, '_a5_': 0.3118757816244071, '_a6_': 10.995543886522702, '_a0_': 1.0, '_a1_': 1.0, '_a4_': 1.0, '_a7_': 1.0}};{'d0': 0.024912732344126116};-276.458902962409;56.400589635178406
12220;-81.8288618460264;((_a3_ * (x * (pow2((_a5_ * _a6_)) + pow2(((_a2_ * (x + _a5_)) / cos(_a6_)))))) + _a2_);{'d0': {'_a2_': 0.00015924005382951154, '_a3_': 0.1230346123324748, '_a5_': 0.3118757816244071, '_a6_': 10.995543886522702, '_a0_': 1.0, '_a1_': 1.0, '_a4_': 1.0, '_a7_': 1.0}};{'d0': 0.024912732344126116};-276.458902962409;56.400589635178406
12221;-81.8288618460264;((_a3_ * (x * (pow2((_a5_ * _a6_)) + pow2(((_a2_ * (x + _a5_)) / cos(_a6_)))))) + _a2_);{'d0': {'_a2_': 0.00015924005382951154, '_a3_': 0.1230346123324748, '_a5_': 0.3118757816244071, '_a6_': 10.995543886522702, '_a0_': 1.0, '_a1_': 1.0, '_a4_': 1.0, '_a7_': 1.0}};{'d0': 0.024912732344126116};-276.458902962409;56.400589635178406
12222;-86.8110340567832;((_a3_ * (x * (pow2(_a6_) + pow2(((_a2_ * (x + _a5_)) / cos(_a6_)))))) + _a2_);{'d0': {'_a2_': -0.0010241706656976138, '_a3_': 0.011950275456546821, '_a5_': 0.31227557948904255, '_a6_': 10.995513412211094, '_a0_': 1.0, '_a1_': 1.0, '_a4_': 1.0, '_a7_': 1.0}};{'d0': 0.02488548252687823};-276.524567533009;51.45124970972141
12223;-86.8110340567832;((_a3_ * (x * (pow2(_a6_) + pow2(((_a2_ * (x + _a5_)) / cos(_a6_)))))) + _a2_);{'d0': {'_a2_': -0.0010241706656976138, '_a3_': 0.011950275456546821, '_a5_': 0.31227557948904255, '_a6_': 10.995513412211094, '_a0_': 1.0, '_a1_': 1.0, '_a4_': 1.0, '_a7_': 1.0}};{'d0': 0.02488548252687823};-276.524567533009;51.45124970972141
12224;-86.8110340567832;((_a3_ * (x * (pow2(_a6_) + pow2(((_a2_ * (x + _a5_)) / cos(_a6_)))))) + _a2_);{'d0': {'_a2_': -0.0010241706656976138, '_a3_': 0.011950275456546821, '_a5_': 0.31227557948904255, '_a6_': 10.995513412211094, '_a0_': 1.0, '_a1_': 1.0, '_a4_': 1.0, '_a7_': 1.0}};{'d0': 0.02488548252687823};-276.524567533009;51.45124970972141
12225;-86.8110340567832;((_a3_ * (x * (pow2(_a6_) + pow2(((_a2_ * (x + _a5_)) / cos(_a6_)))))) + _a2_);{'d0': {'_a2_': -0.0010241706656976138, '_a3_': 0.011950275456546821, '_a5_': 0.31227557948904255, '_a6_': 10.995513412211094, '_a0_': 1.0, '_a1_': 1.0, '_a4_': 1.0, '_a7_': 1.0}};{'d0': 0.02488548252687823};-276.524567533009;51.45124970972141
12226;-86.8110340567832;((_a3_ * (x * (pow2(_a6_) + pow2(((_a2_ * (x + _a5_)) / cos(_a6_)))))) + _a2_);{'d0': {'_a2_': -0.0010241706656976138, '_a3_': 0.011950275456546821, '_a5_': 0.31227557948904255, '_a6_': 10.995513412211094, '_a0_': 1.0, '_a1_': 1.0, '_a4_': 1.0, '_a7_': 1.0}};{'d0': 0.02488548252687823};-276.524567533009;51.45124970972141
12227;-86.8110340567832;((_a3_ * (x * (pow2(_a6_) + pow2(((_a2_ * (x + _a5_)) / cos(_a6_)))))) + _a2_);{'d0': {'_a2_': -0.0010241706656976138, '_a3_': 0.011950275456546821, '_a5_': 0.31227557948904255, '_a6_': 10.995513412211094, '_a0_': 1.0, '_a1_': 1.0, '_a4_': 1.0, '_a7_': 1.0}};{'d0': 0.02488548252687823};-276.524567533009;51.45124970972141
12228;-86.8110340567832;((_a3_ * (x * (pow2(_a6_) + pow2(((_a2_ * (x + _a5_)) / cos(_a6_)))))) + _a2_);{'d0': {'_a2_': -0.0010241706656976138, '_a3_': 0.011950275456546821, '_a5_': 0.31227557948904255, '_a6_': 10.995513412211094, '_a0_': 1.0, '_a1_': 1.0, '_a4_': 1.0, '_a7_': 1.0}};{'d0': 0.02488548252687823};-276.524567533009;51.45124970972141
12229;-92.7070946840240;(_a3_ * (x * (pow2(_a6_) + pow2(((_a2_ * (x + _a5_)) / cos(_a6_))))));{'d0': {'_a2_': -0.00096776376396037, '_a3_': 0.011964925504998994, '_a5_': 0.31192970777231266, '_a6_': 10.995516679849441, '_a0_': 1.0, '_a1_': 1.0, '_a4_': 1.0, '_a7_': 1.0}};{'d0': 0.02490584752975987};-276.475486689431;45.53064866069141
12230;-92.7070946840240;(_a3_ * (x * (pow2(_a6_) + pow2(((_a2_ * (x + _a5_)) / cos(_a6_))))));{'d0': {'_a2_': -0.00096776376396037, '_a3_': 0.011964925504998994, '_a5_': 0.31192970777231266, '_a6_': 10.995516679849441, '_a0_': 1.0, '_a1_': 1.0, '_a4_': 1.0, '_a7_': 1.0}};{'d0': 0.02490584752975987};-276.475486689431;45.53064866069141
12231;-94.7542845638304;(_a5_ * (x * (pow2(_a6_) + pow2(((_a2_ * (x + _a5_)) / cos(_a6_))))));{'d0': {'_a2_': -1.810505001590205, '_a5_': 0.3119297077046152, '_a6_': 2.1534870873185277, '_a0_': 1.0, '_a1_': 1.0, '_a3_': 1.0, '_a4_': 1.0, '_a7_': 1.0}};{'d0': 0.02490583291941669};-280.569866449043;45.53064866069141
12232;-94.7542845638304;(_a5_ * (x * (pow2(_a6_) + pow2(((_a2_ * (x + _a5_)) / cos(_a6_))))));{'d0': {'_a2_': -1.810505001590205, '_a5_': 0.3119297077046152, '_a6_': 2.1534870873185277, '_a0_': 1.0, '_a1_': 1.0, '_a3_': 1.0, '_a4_': 1.0, '_a7_': 1.0}};{'d0': 0.02490583291941669};-280.569866449043;45.53064866069141
12233;-94.7542845638304;(_a5_ * (x * (pow2(_a6_) + pow2(((_a2_ * (x + _a5_)) / cos(_a6_))))));{'d0': {'_a2_': -1.810505001590205, '_a5_': 0.3119297077046152, '_a6_': 2.1534870873185277, '_a0_': 1.0, '_a1_': 1.0, '_a3_': 1.0, '_a4_': 1.0, '_a7_': 1.0}};{'d0': 0.02490583291941669};-280.569866449043;45.53064866069141
12234;-94.7542845638304;(_a5_ * (x * (pow2(_a6_) + pow2(((_a2_ * (x + _a5_)) / cos(_a6_))))));{'d0': {'_a2_': -1.810505001590205, '_a5_': 0.3119297077046152, '_a6_': 2.1534870873185277, '_a0_': 1.0, '_a1_': 1.0, '_a3_': 1.0, '_a4_': 1.0, '_a7_': 1.0}};{'d0': 0.02490583291941669};-280.569866449043;45.53064866069141
12235;-94.7542845638304;(_a5_ * (x * (pow2(_a6_) + pow2(((_a2_ * (x + _a5_)) / cos(_a6_))))));{'d0': {'_a2_': -1.810505001590205, '_a5_': 0.3119297077046152, '_a6_': 2.1534870873185277, '_a0_': 1.0, '_a1_': 1.0, '_a3_': 1.0, '_a4_': 1.0, '_a7_': 1.0}};{'d0': 0.02490583291941669};-280.569866449043;45.53064866069141
12236;-94.7542845638304;(_a5_ * (x * (pow2(_a6_) + pow2(((_a2_ * (x + _a5_)) / cos(_a6_))))));{'d0': {'_a2_': -1.810505001590205, '_a5_': 0.3119297077046152, '_a6_': 2.1534870873185277, '_a0_': 1.0, '_a1_': 1.0, '_a3_': 1.0, '_a4_': 1.0, '_a7_': 1.0}};{'d0': 0.02490583291941669};-280.569866449043;45.53064866069141
12237;-94.7542845638304;(_a5_ * (x * (pow2(_a6_) + pow2(((_a2_ * (x + _a5_)) / cos(_a6_))))));{'d0': {'_a2_': -1.810505001590205, '_a5_': 0.3119297077046152, '_a6_': 2.1534870873185277, '_a0_': 1.0, '_a1_': 1.0, '_a3_': 1.0, '_a4_': 1.0, '_a7_': 1.0}};{'d0': 0.02490583291941669};-280.569866449043;45.53064866069141
12238;-94.7542845638304;(_a5_ * (x * (pow2(_a6_) + pow2(((_a2_ * (x + _a5_)) / cos(_a6_))))));{'d0': {'_a2_': -1.810505001590205, '_a5_': 0.3119297077046152, '_a6_': 2.1534870873185277, '_a0_': 1.0, '_a1_': 1.0, '_a3_': 1.0, '_a4_': 1.0, '_a7_': 1.0}};{'d0': 0.02490583291941669};-280.569866449043;45.53064866069141
12239;-94.7542845638304;(_a5_ * (x * (pow2(_a6_) + pow2(((_a2_ * (x + _a5_)) / cos(_a6_))))));{'d0': {'_a2_': -1.810505001590205, '_a5_': 0.3119297077046152, '_a6_': 2.1534870873185277, '_a0_': 1.0, '_a1_': 1.0, '_a3_': 1.0, '_a4_': 1.0, '_a7_': 1.0}};{'d0': 0.02490583291941669};-280.569866449043;45.53064866069141
12240;-94.7542845638304;(_a5_ * (x * (pow2(_a6_) + pow2(((_a2_ * (x + _a5_)) / cos(_a6_))))));{'d0': {'_a2_': -1.810505001590205, '_a5_': 0.3119297077046152, '_a6_': 2.1534870873185277, '_a0_': 1.0, '_a1_': 1.0, '_a3_': 1.0, '_a4_': 1.0, '_a7_': 1.0}};{'d0': 0.02490583291941669};-280.569866449043;45.53064866069141
12241;-94.7542845638304;(_a5_ * (x * (pow2(_a6_) + pow2(((_a2_ * (x + _a5_)) / cos(_a6_))))));{'d0': {'_a2_': -1.810505001590205, '_a5_': 0.3119297077046152, '_a6_': 2.1534870873185277, '_a0_': 1.0, '_a1_': 1.0, '_a3_': 1.0, '_a4_': 1.0, '_a7_': 1.0}};{'d0': 0.02490583291941669};-280.569866449043;45.53064866069141
12242;-78.0352937023096;((((pow2((_a0_ + (_a1_ + x))) + _a1_) + _a2_) * ((x * _a3_) / _a4_)) / -((_a2_ + _a1_)));{'d0': {'_a0_': 48.40029457269693, '_a1_': -48.08836550014294, '_a2_': 48.51675713299799, '_a3_': -1199.4404762592537, '_a4_': 829.1582378235067, '_a5_': 1.0, '_a6_': 1.0, '_a7_': 1.0}};{'d0': 0.02490583299257015};-272.381177148367;58.15529487187394
12243;-78.0173064510444;((((pow2((_a0_ + (_a1_ + x))) + _a1_) + _a2_) * ((x * _a3_) / _a4_)) / pow2((_a2_ + _a1_)));{'d0': {'_a0_': 929.7229020918732, '_a1_': -929.4109720341623, '_a2_': 929.8393636618525, '_a3_': 4198761.285050094, '_a4_': 6775462.206190519, '_a5_': 1.0, '_a6_': 1.0, '_a7_': 1.0}};{'d0': 0.02490583294185819};-272.381177270536;58.17328218422355
12244;-78.0173064510444;((((pow2((_a0_ + (_a1_ + x))) + _a1_) + _a2_) * ((x * _a3_) / _a4_)) / pow2((_a2_ + _a1_)));{'d0': {'_a0_': 929.7229020918732, '_a1_': -929.4109720341623, '_a2_': 929.8393636618525, '_a3_': 4198761.285050094, '_a4_': 6775462.206190519, '_a5_': 1.0, '_a6_': 1.0, '_a7_': 1.0}};{'d0': 0.02490583294185819};-272.381177270536;58.17328218422355
12245;-78.0173064510444;((((pow2((_a0_ + (_a1_ + x))) + _a1_) + _a2_) * ((x * _a3_) / _a4_)) / pow2((_a2_ + _a1_)));{'d0': {'_a0_': 929.7229020918732, '_a1_': -929.4109720341623, '_a2_': 929.8393636618525, '_a3_': 4198761.285050094, '_a4_': 6775462.206190519, '_a5_': 1.0, '_a6_': 1.0, '_a7_': 1.0}};{'d0': 0.02490583294185819};-272.381177270536;58.17328218422355
12246;-78.0173064510444;((((pow2((_a0_ + (_a1_ + x))) + _a1_) + _a2_) * ((x * _a3_) / _a4_)) / pow2((_a2_ + _a1_)));{'d0': {'_a0_': 929.7229020918732, '_a1_': -929.4109720341623, '_a2_': 929.8393636618525, '_a3_': 4198761.285050094, '_a4_': 6775462.206190519, '_a5_': 1.0, '_a6_': 1.0, '_a7_': 1.0}};{'d0': 0.02490583294185819};-272.381177270536;58.17328218422355
12247;-78.0173064510444;((((pow2((_a0_ + (_a1_ + x))) + _a1_) + _a2_) * ((x * _a3_) / _a4_)) / pow2((_a2_ + _a1_)));{'d0': {'_a0_': 929.7229020918732, '_a1_': -929.4109720341623, '_a2_': 929.8393636618525, '_a3_': 4198761.285050094, '_a4_': 6775462.206190519, '_a5_': 1.0, '_a6_': 1.0, '_a7_': 1.0}};{'d0': 0.02490583294185819};-272.381177270536;58.17328218422355
12248;-98.7865220751504;(((_a2_ + pow2((x * (pow2(_a0_) / _a6_)))) + x) * (x * _a1_));{'d0': {'_a0_': 20.01507967217593, '_a1_': 2.106624068670906, '_a2_': 0.842644603843708, '_a6_': 316.41568569301495, '_a3_': 1.0, '_a4_': 1.0, '_a5_': 1.0, '_a7_': 1.0}};{'d0': 0.024905832919532012};-276.475521886544;39.451238868121465
12249;-98.7865220751504;(((_a2_ + pow2((x * (pow2(_a0_) / _a6_)))) + x) * (x * _a1_));{'d0': {'_a0_': 20.01507967217593, '_a1_': 2.106624068670906, '_a2_': 0.842644603843708, '_a6_': 316.41568569301495, '_a3_': 1.0, '_a4_': 1.0, '_a5_': 1.0, '_a7_': 1.0}};{'d0': 0.024905832919532012};-276.475521886544;39.451238868121465
12250;-98.7865220751504;(((_a2_ + pow2((x * (pow2(_a0_) / _a6_)))) + x) * (x * _a1_));{'d0': {'_a0_': 20.01507967217593, '_a1_': 2.106624068670906, '_a2_': 0.842644603843708, '_a6_': 316.41568569301495, '_a3_': 1.0, '_a4_': 1.0, '_a5_': 1.0, '_a7_': 1.0}};{'d0': 0.024905832919532012};-276.475521886544;39.451238868121465
12251;-98.7865220751504;(((_a2_ + pow2((x * (pow2(_a0_) / _a6_)))) + x) * (x * _a1_));{'d0': {'_a0_': 20.01507967217593, '_a1_': 2.106624068670906, '_a2_': 0.842644603843708, '_a6_': 316.41568569301495, '_a3_': 1.0, '_a4_': 1.0, '_a5_': 1.0, '_a7_': 1.0}};{'d0': 0.024905832919532012};-276.475521886544;39.451238868121465
12252;-98.7865220751504;(((_a2_ + pow2((x * (pow2(_a0_) / _a6_)))) + x) * (x * _a1_));{'d0': {'_a0_': 20.01507967217593, '_a1_': 2.106624068670906, '_a2_': 0.842644603843708, '_a6_': 316.41568569301495, '_a3_': 1.0, '_a4_': 1.0, '_a5_': 1.0, '_a7_': 1.0}};{'d0': 0.024905832919532012};-276.475521886544;39.451238868121465
12253;-98.7865220751504;(((_a2_ + pow2((x * (pow2(_a0_) / _a6_)))) + x) * (x * _a1_));{'d0': {'_a0_': 20.01507967217593, '_a1_': 2.106624068670906, '_a2_': 0.842644603843708, '_a6_': 316.41568569301495, '_a3_': 1.0, '_a4_': 1.0, '_a5_': 1.0, '_a7_': 1.0}};{'d0': 0.024905832919532012};-276.475521886544;39.451238868121465
12254;-98.7865220751504;(((_a2_ + pow2((x * (pow2(_a0_) / _a6_)))) + x) * (x * _a1_));{'d0': {'_a0_': 20.01507967217593, '_a1_': 2.106624068670906, '_a2_': 0.842644603843708, '_a6_': 316.41568569301495, '_a3_': 1.0, '_a4_': 1.0, '_a5_': 1.0, '_a7_': 1.0}};{'d0': 0.024905832919532012};-276.475521886544;39.451238868121465
12255;-98.7865220751504;(((_a2_ + pow2((x * (pow2(_a0_) / _a6_)))) + x) * (x * _a1_));{'d0': {'_a0_': 20.01507967217593, '_a1_': 2.106624068670906, '_a2_': 0.842644603843708, '_a6_': 316.41568569301495, '_a3_': 1.0, '_a4_': 1.0, '_a5_': 1.0, '_a7_': 1.0}};{'d0': 0.024905832919532012};-276.475521886544;39.451238868121465
12256;-98.7865220751504;(((_a2_ + pow2((x * (pow2(_a0_) / _a6_)))) + x) * (x * _a1_));{'d0': {'_a0_': 20.01507967217593, '_a1_': 2.106624068670906, '_a2_': 0.842644603843708, '_a6_': 316.41568569301495, '_a3_': 1.0, '_a4_': 1.0, '_a5_': 1.0, '_a7_': 1.0}};{'d0': 0.024905832919532012};-276.475521886544;39.451238868121465
12257;-98.7865220751504;(((_a2_ + pow2((x * (pow2(_a0_) / _a6_)))) + x) * (x * _a1_));{'d0': {'_a0_': 20.01507967217593, '_a1_': 2.106624068670906, '_a2_': 0.842644603843708, '_a6_': 316.41568569301495, '_a3_': 1.0, '_a4_': 1.0, '_a5_': 1.0, '_a7_': 1.0}};{'d0': 0.024905832919532012};-276.475521886544;39.451238868121465
12258;-98.7865220751504;(((_a2_ + pow2((x * (pow2(_a0_) / _a6_)))) + x) * (x * _a1_));{'d0': {'_a0_': 20.01507967217593, '_a1_': 2.106624068670906, '_a2_': 0.842644603843708, '_a6_': 316.41568569301495, '_a3_': 1.0, '_a4_': 1.0, '_a5_': 1.0, '_a7_': 1.0}};{'d0': 0.024905832919532012};-276.475521886544;39.451238868121465
12259;-79.9488077706107;((((pow2((_a0_ + (_a0_ + x))) + (_a0_ * _a6_)) + _a6_) * ((x * _a3_) / _a4_)) * pow2(_a7_));{'d0': {'_a0_': 0.1559648538885535, '_a3_': 742695264.0722032, '_a4_': 882104680.5976516, '_a6_': 0.37059225990771827, '_a7_': -2.0026492168071535, '_a1_': 1.0, '_a2_': 1.0, '_a5_': 1.0}};{'d0': 0.02490583291945866};-272.381177324498;56.241780891638356
12260;-79.9488077706107;((((pow2((_a0_ + (_a0_ + x))) + (_a0_ * _a6_)) + _a6_) * ((x * _a3_) / _a4_)) * pow2(_a7_));{'d0': {'_a0_': 0.1559648538885535, '_a3_': 742695264.0722032, '_a4_': 882104680.5976516, '_a6_': 0.37059225990771827, '_a7_': -2.0026492168071535, '_a1_': 1.0, '_a2_': 1.0, '_a5_': 1.0}};{'d0': 0.02490583291945866};-272.381177324498;56.241780891638356
12261;-80.0321860114769;((((pow2((_a0_ + (_a0_ + x))) / (_a0_ * _a6_)) + _a6_) * ((x * _a3_) / _a4_)) * pow2(_a7_));{'d0': {'_a0_': 0.15596485390040996, '_a3_': 2332615100.469681, '_a4_': 1789417928.8620918, '_a6_': 1.6573228409097989, '_a7_': -0.8182790429312836, '_a1_': 1.0, '_a2_': 1.0, '_a5_': 1.0}};{'d0': 0.024905832919472435};-272.381177324465;56.158402650755555
12262;-80.0321860102401;((((pow2((_a7_ + (_a0_ + x))) / (_a0_ * _a6_)) + _a6_) * ((x * _a3_) / _a4_)) * pow2(_a7_));{'d0': {'_a0_': 2.0423117043749066, '_a3_': 47726726189.823395, '_a4_': 45244288020.48384, '_a6_': 0.45799362252957704, '_a7_': -1.7303819965864926, '_a1_': 1.0, '_a2_': 1.0, '_a5_': 1.0}};{'d0': 0.024905832920499204};-272.381177321991;56.158402650755555
12263;-79.9733306211939;((((pow2((_a7_ + (_a0_ + x))) / (_a0_ * _a6_)) + _a6_) * ((x * _a3_) + _a4_)) * pow2(_a7_));{'d0': {'_a0_': 0.3199871033959455, '_a3_': 22698.778457179324, '_a4_': -13.090400317693703, '_a6_': 1.1556061318906414, '_a7_': -0.007423179092774079, '_a1_': 1.0, '_a2_': 1.0, '_a5_': 1.0}};{'d0': 0.02488548250411729};-272.430223025664;56.241780891638356
12264;-79.9733306211939;((((pow2((_a7_ + (_a0_ + x))) / (_a0_ * _a6_)) + _a6_) * ((x * _a3_) + _a4_)) * pow2(_a7_));{'d0': {'_a0_': 0.3199871033959455, '_a3_': 22698.778457179324, '_a4_': -13.090400317693703, '_a6_': 1.1556061318906414, '_a7_': -0.007423179092774079, '_a1_': 1.0, '_a2_': 1.0, '_a5_': 1.0}};{'d0': 0.02488548250411729};-272.430223025664;56.241780891638356
12265;-79.9733306213658;((((pow2((_a7_ + (_a0_ + x))) / (_a0_ * _a0_)) + _a6_) * ((x * _a3_) + _a4_)) * pow2(_a7_));{'d0': {'_a0_': 0.31818010297955607, '_a3_': 10857.083900107304, '_a4_': -6.26187930565726, '_a6_': 4.220909355414592, '_a7_': -0.00561612128287296, '_a1_': 1.0, '_a2_': 1.0, '_a5_': 1.0}};{'d0': 0.024885482503974644};-272.430223026008;56.241780891638356
12266;-79.9733306213658;((((pow2((_a7_ + (_a0_ + x))) / (_a0_ * _a0_)) + _a6_) * ((x * _a3_) + _a4_)) * pow2(_a7_));{'d0': {'_a0_': 0.31818010297955607, '_a3_': 10857.083900107304, '_a4_': -6.26187930565726, '_a6_': 4.220909355414592, '_a7_': -0.00561612128287296, '_a1_': 1.0, '_a2_': 1.0, '_a5_': 1.0}};{'d0': 0.024885482503974644};-272.430223026008;56.241780891638356
12267;-79.9733306213658;((((pow2((_a7_ + (_a0_ + x))) / (_a0_ * _a0_)) + _a6_) * ((x * _a3_) + _a4_)) * pow2(_a7_));{'d0': {'_a0_': 0.31818010297955607, '_a3_': 10857.083900107304, '_a4_': -6.26187930565726, '_a6_': 4.220909355414592, '_a7_': -0.00561612128287296, '_a1_': 1.0, '_a2_': 1.0, '_a5_': 1.0}};{'d0': 0.024885482503974644};-272.430223026008;56.241780891638356
12268;-79.9733306213658;((((pow2((_a7_ + (_a0_ + x))) / (_a0_ * _a0_)) + _a6_) * ((x * _a3_) + _a4_)) * pow2(_a7_));{'d0': {'_a0_': 0.31818010297955607, '_a3_': 10857.083900107304, '_a4_': -6.26187930565726, '_a6_': 4.220909355414592, '_a7_': -0.00561612128287296, '_a1_': 1.0, '_a2_': 1.0, '_a5_': 1.0}};{'d0': 0.024885482503974644};-272.430223026008;56.241780891638356
12269;-79.9733306213658;((((pow2((_a7_ + (_a0_ + x))) / (_a0_ * _a0_)) + _a6_) * ((x * _a3_) + _a4_)) * pow2(_a7_));{'d0': {'_a0_': 0.31818010297955607, '_a3_': 10857.083900107304, '_a4_': -6.26187930565726, '_a6_': 4.220909355414592, '_a7_': -0.00561612128287296, '_a1_': 1.0, '_a2_': 1.0, '_a5_': 1.0}};{'d0': 0.024885482503974644};-272.430223026008;56.241780891638356
12270;-79.9733306213658;((((pow2((_a7_ + (_a0_ + x))) / (_a0_ * _a0_)) + _a6_) * ((x * _a3_) + _a4_)) * pow2(_a7_));{'d0': {'_a0_': 0.31818010297955607, '_a3_': 10857.083900107304, '_a4_': -6.26187930565726, '_a6_': 4.220909355414592, '_a7_': -0.00561612128287296, '_a1_': 1.0, '_a2_': 1.0, '_a5_': 1.0}};{'d0': 0.024885482503974644};-272.430223026008;56.241780891638356
12271;-79.9733306213658;((((pow2((_a7_ + (_a0_ + x))) / (_a0_ * _a0_)) + _a6_) * ((x * _a3_) + _a4_)) * pow2(_a7_));{'d0': {'_a0_': 0.31818010297955607, '_a3_': 10857.083900107304, '_a4_': -6.26187930565726, '_a6_': 4.220909355414592, '_a7_': -0.00561612128287296, '_a1_': 1.0, '_a2_': 1.0, '_a5_': 1.0}};{'d0': 0.024885482503974644};-272.430223026008;56.241780891638356
12272;-79.9733306213658;((((pow2((_a7_ + (_a0_ + x))) / (_a0_ * _a0_)) + _a6_) * ((x * _a3_) + _a4_)) * pow2(_a7_));{'d0': {'_a0_': 0.31818010297955607, '_a3_': 10857.083900107304, '_a4_': -6.26187930565726, '_a6_': 4.220909355414592, '_a7_': -0.00561612128287296, '_a1_': 1.0, '_a2_': 1.0, '_a5_': 1.0}};{'d0': 0.024885482503974644};-272.430223026008;56.241780891638356
12273;-79.9733306213658;((((pow2((_a7_ + (_a0_ + x))) / (_a0_ * _a0_)) + _a6_) * ((x * _a3_) + _a4_)) * pow2(_a7_));{'d0': {'_a0_': 0.31818010297955607, '_a3_': 10857.083900107304, '_a4_': -6.26187930565726, '_a6_': 4.220909355414592, '_a7_': -0.00561612128287296, '_a1_': 1.0, '_a2_': 1.0, '_a5_': 1.0}};{'d0': 0.024885482503974644};-272.430223026008;56.241780891638356
12274;-79.9733306213658;((((pow2((_a7_ + (_a0_ + x))) / (_a0_ * _a0_)) + _a6_) * ((x * _a3_) + _a4_)) * pow2(_a7_));{'d0': {'_a0_': 0.31818010297955607, '_a3_': 10857.083900107304, '_a4_': -6.26187930565726, '_a6_': 4.220909355414592, '_a7_': -0.00561612128287296, '_a1_': 1.0, '_a2_': 1.0, '_a5_': 1.0}};{'d0': 0.024885482503974644};-272.430223026008;56.241780891638356
12275;-70.8572888308255;((((pow2(((_a1_ * _a2_) + (_a0_ + x))) / (_a0_ * _a0_)) + _a6_) * ((x * _a3_) + _a4_)) * pow2(_a7_));{'d0': {'_a0_': 0.24199239888576946, '_a1_': 0.24556440522406225, '_a2_': 0.2873851403577529, '_a3_': 12094.07320182597, '_a4_': -6.974589524444433, '_a6_': 7.2970686385359524, '_a7_': -0.004047021267677531, '_a5_': 1.0}};{'d0': 0.02488548251769422};-264.241533868486;61.263478103417356
12276;-72.9044611070226;((((pow2(((_a1_ * _a2_) + (_a0_ + x))) / (_a0_ * _a0_)) + _a6_) * ((x * _a3_) + _a4_)) * pow2(_a2_));{'d0': {'_a0_': 0.35262252480021583, '_a1_': -0.2402090778608583, '_a2_': 0.1667653198687066, '_a3_': 15.123373079524063, '_a4_': -0.008722290147117763, '_a6_': 3.4366226207987705, '_a5_': 1.0, '_a7_': 1.0}};{'d0': 0.024885482521770426};-268.335878420880;61.263478103417356
12277;-72.9044611070226;((((pow2(((_a1_ * _a2_) + (_a0_ + x))) / (_a0_ * _a0_)) + _a6_) * ((x * _a3_) + _a4_)) * pow2(_a2_));{'d0': {'_a0_': 0.35262252480021583, '_a1_': -0.2402090778608583, '_a2_': 0.1667653198687066, '_a3_': 15.123373079524063, '_a4_': -0.008722290147117763, '_a6_': 3.4366226207987705, '_a5_': 1.0, '_a7_': 1.0}};{'d0': 0.024885482521770426};-268.335878420880;61.263478103417356
12278;-95.2468722065475;(x * (_a5_ + pow2(((x + (_a4_ + pow2(-((_a4_ ** _a3_))))) * _a3_))));{'d0': {'_a3_': 1.8375964952918709, '_a4_': 0.840909572525545, '_a5_': 1.4465760890821953, '_a0_': 1.0, '_a1_': 1.0, '_a2_': 1.0, '_a6_': 1.0, '_a7_': 1.0}};{'d0': 0.0249058329194166};-280.569866449044;45.038061017974314
12279;-95.2468722065475;(x * (_a5_ + pow2(((x + (_a4_ + pow2(-((_a4_ ** _a3_))))) * _a3_))));{'d0': {'_a3_': 1.8375964952918709, '_a4_': 0.840909572525545, '_a5_': 1.4465760890821953, '_a0_': 1.0, '_a1_': 1.0, '_a2_': 1.0, '_a6_': 1.0, '_a7_': 1.0}};{'d0': 0.0249058329194166};-280.569866449044;45.038061017974314
12280;-95.2468722065475;(x * (_a5_ + pow2(((x + (_a4_ + pow2(-((_a4_ ** _a3_))))) * _a3_))));{'d0': {'_a3_': 1.8375964952918709, '_a4_': 0.840909572525545, '_a5_': 1.4465760890821953, '_a0_': 1.0, '_a1_': 1.0, '_a2_': 1.0, '_a6_': 1.0, '_a7_': 1.0}};{'d0': 0.0249058329194166};-280.569866449044;45.038061017974314
12281;-95.2468722065475;(x * (_a5_ + pow2(((x + (_a4_ + pow2(-((_a4_ ** _a3_))))) * _a3_))));{'d0': {'_a3_': 1.8375964952918709, '_a4_': 0.840909572525545, '_a5_': 1.4465760890821953, '_a0_': 1.0, '_a1_': 1.0, '_a2_': 1.0, '_a6_': 1.0, '_a7_': 1.0}};{'d0': 0.0249058329194166};-280.569866449044;45.038061017974314
12282;-95.2468722065475;(x * (_a5_ + pow2(((x + (_a4_ + pow2(-((_a4_ ** _a3_))))) * _a3_))));{'d0': {'_a3_': 1.8375964952918709, '_a4_': 0.840909572525545, '_a5_': 1.4465760890821953, '_a0_': 1.0, '_a1_': 1.0, '_a2_': 1.0, '_a6_': 1.0, '_a7_': 1.0}};{'d0': 0.0249058329194166};-280.569866449044;45.038061017974314
12283;-95.2468722065475;(x * (_a5_ + pow2(((x + (_a4_ + pow2(-((_a4_ ** _a3_))))) * _a3_))));{'d0': {'_a3_': 1.8375964952918709, '_a4_': 0.840909572525545, '_a5_': 1.4465760890821953, '_a0_': 1.0, '_a1_': 1.0, '_a2_': 1.0, '_a6_': 1.0, '_a7_': 1.0}};{'d0': 0.0249058329194166};-280.569866449044;45.038061017974314
12284;-95.2468722065475;(x * (_a5_ + pow2(((x + (_a4_ + pow2(-((_a4_ ** _a3_))))) * _a3_))));{'d0': {'_a3_': 1.8375964952918709, '_a4_': 0.840909572525545, '_a5_': 1.4465760890821953, '_a0_': 1.0, '_a1_': 1.0, '_a2_': 1.0, '_a6_': 1.0, '_a7_': 1.0}};{'d0': 0.0249058329194166};-280.569866449044;45.038061017974314
12285;-95.2468722065475;(x * (_a5_ + pow2(((x + (_a4_ + pow2(-((_a4_ ** _a3_))))) * _a3_))));{'d0': {'_a3_': 1.8375964952918709, '_a4_': 0.840909572525545, '_a5_': 1.4465760890821953, '_a0_': 1.0, '_a1_': 1.0, '_a2_': 1.0, '_a6_': 1.0, '_a7_': 1.0}};{'d0': 0.0249058329194166};-280.569866449044;45.038061017974314
12286;-95.2468722065475;(x * (_a5_ + pow2(((x + (_a4_ + pow2(-((_a4_ ** _a3_))))) * _a3_))));{'d0': {'_a3_': 1.8375964952918709, '_a4_': 0.840909572525545, '_a5_': 1.4465760890821953, '_a0_': 1.0, '_a1_': 1.0, '_a2_': 1.0, '_a6_': 1.0, '_a7_': 1.0}};{'d0': 0.0249058329194166};-280.569866449044;45.038061017974314
12287;-95.2468722065475;(x * (_a5_ + pow2(((x + (_a4_ + pow2(-((_a4_ ** _a3_))))) * _a3_))));{'d0': {'_a3_': 1.8375964952918709, '_a4_': 0.840909572525545, '_a5_': 1.4465760890821953, '_a0_': 1.0, '_a1_': 1.0, '_a2_': 1.0, '_a6_': 1.0, '_a7_': 1.0}};{'d0': 0.0249058329194166};-280.569866449044;45.038061017974314
12288;-95.2468722065475;(x * (_a5_ + pow2(((x + (_a4_ + pow2(-((_a4_ ** _a3_))))) * _a3_))));{'d0': {'_a3_': 1.8375964952918709, '_a4_': 0.840909572525545, '_a5_': 1.4465760890821953, '_a0_': 1.0, '_a1_': 1.0, '_a2_': 1.0, '_a6_': 1.0, '_a7_': 1.0}};{'d0': 0.0249058329194166};-280.569866449044;45.038061017974314
12289;-95.2468722065475;(x * (_a5_ + pow2(((x + (_a4_ + pow2(-((_a4_ ** _a3_))))) * _a3_))));{'d0': {'_a3_': 1.8375964952918709, '_a4_': 0.840909572525545, '_a5_': 1.4465760890821953, '_a0_': 1.0, '_a1_': 1.0, '_a2_': 1.0, '_a6_': 1.0, '_a7_': 1.0}};{'d0': 0.0249058329194166};-280.569866449044;45.038061017974314
12290;-95.2468722065475;(x * (_a5_ + pow2(((x + (_a4_ + pow2(-((_a4_ ** _a3_))))) * _a3_))));{'d0': {'_a3_': 1.8375964952918709, '_a4_': 0.840909572525545, '_a5_': 1.4465760890821953, '_a0_': 1.0, '_a1_': 1.0, '_a2_': 1.0, '_a6_': 1.0, '_a7_': 1.0}};{'d0': 0.0249058329194166};-280.569866449044;45.038061017974314
12291;-95.2468722065475;(x * (_a5_ + pow2(((x + (_a4_ + pow2(-((_a4_ ** _a3_))))) * _a3_))));{'d0': {'_a3_': 1.8375964952918709, '_a4_': 0.840909572525545, '_a5_': 1.4465760890821953, '_a0_': 1.0, '_a1_': 1.0, '_a2_': 1.0, '_a6_': 1.0, '_a7_': 1.0}};{'d0': 0.0249058329194166};-280.569866449044;45.038061017974314
12292;-101.910420552647;(x * (_a5_ + pow2(((x + (_a4_ + pow2(-(_a5_)))) * _a3_))));{'d0': {'_a3_': 1.8375964951692751, '_a4_': 2.4045120888316185, '_a5_': 1.446576088936314, '_a0_': 1.0, '_a1_': 1.0, '_a2_': 1.0, '_a6_': 1.0, '_a7_': 1.0}};{'d0': 0.024905832919416653};-280.569866449044;38.374512671874314
12293;-99.5289452326873;(x * (_a5_ + pow2(((x + (_a4_ + cos(-(_a5_)))) * _a3_))));{'d0': {'_a3_': 1.8375964922337158, '_a4_': 0.18802869600908234, '_a5_': 1.4465760940951964, '_a0_': 1.0, '_a1_': 1.0, '_a2_': 1.0, '_a6_': 1.0, '_a7_': 1.0}};{'d0': 0.02490583291941673};-280.569866449043;40.75598799183432
12294;-99.5289452326873;(x * (_a5_ + pow2(((x + (_a4_ + cos(-(_a5_)))) * _a3_))));{'d0': {'_a3_': 1.8375964922337158, '_a4_': 0.18802869600908234, '_a5_': 1.4465760940951964, '_a0_': 1.0, '_a1_': 1.0, '_a2_': 1.0, '_a6_': 1.0, '_a7_': 1.0}};{'d0': 0.02490583291941673};-280.569866449043;40.75598799183432
12295;-99.5289452326873;(x * (_a5_ + pow2(((x + (_a4_ + cos(-(_a5_)))) * _a3_))));{'d0': {'_a3_': 1.8375964922337158, '_a4_': 0.18802869600908234, '_a5_': 1.4465760940951964, '_a0_': 1.0, '_a1_': 1.0, '_a2_': 1.0, '_a6_': 1.0, '_a7_': 1.0}};{'d0': 0.02490583291941673};-280.569866449043;40.75598799183432
12296;-99.5289452326874;(x * (_a5_ + pow2(((x + (_a4_ + cos(-(_a5_)))) * _a7_))));{'d0': {'_a4_': 0.18802868907080103, '_a5_': 1.4465760877523535, '_a7_': 1.8375964958519748, '_a0_': 1.0, '_a1_': 1.0, '_a2_': 1.0, '_a3_': 1.0, '_a6_': 1.0}};{'d0': 0.02490583291941668};-280.569866449043;40.75598799183432
12297;-101.910420552647;(x * (_a5_ + pow2(((x + (_a4_ + pow2(-(_a5_)))) * _a7_))));{'d0': {'_a4_': 2.4045120919271, '_a5_': 1.4465760899747577, '_a7_': 1.8375964945799617, '_a0_': 1.0, '_a1_': 1.0, '_a2_': 1.0, '_a3_': 1.0, '_a6_': 1.0}};{'d0': 0.02490583291941667};-280.569866449043;38.374512671874314
12298;-101.910420552647;(x * (_a5_ + pow2(((x + (_a4_ + pow2(-(_a5_)))) * _a7_))));{'d0': {'_a4_': 2.4045120919271, '_a5_': 1.4465760899747577, '_a7_': 1.8375964945799617, '_a0_': 1.0, '_a1_': 1.0, '_a2_': 1.0, '_a3_': 1.0, '_a6_': 1.0}};{'d0': 0.02490583291941667};-280.569866449043;38.374512671874314
12299;-101.910420552647;(x * (_a5_ + pow2(((x + (_a4_ + pow2(-(_a5_)))) * _a7_))));{'d0': {'_a4_': 2.4045120919271, '_a5_': 1.4465760899747577, '_a7_': 1.8375964945799617, '_a0_': 1.0, '_a1_': 1.0, '_a2_': 1.0, '_a3_': 1.0, '_a6_': 1.0}};{'d0': 0.02490583291941667};-280.569866449043;38.374512671874314
12300;-101.910420552647;(x * (_a5_ + pow2(((x + (_a4_ + pow2(-(_a5_)))) * _a7_))));{'d0': {'_a4_': 2.4045120919271, '_a5_': 1.4465760899747577, '_a7_': 1.8375964945799617, '_a0_': 1.0, '_a1_': 1.0, '_a2_': 1.0, '_a3_': 1.0, '_a6_': 1.0}};{'d0': 0.02490583291941667};-280.569866449043;38.374512671874314
12301;-101.910420552647;(x * (_a5_ + pow2(((x + (_a4_ + pow2(-(_a5_)))) * _a7_))));{'d0': {'_a4_': 2.4045120919271, '_a5_': 1.4465760899747577, '_a7_': 1.8375964945799617, '_a0_': 1.0, '_a1_': 1.0, '_a2_': 1.0, '_a3_': 1.0, '_a6_': 1.0}};{'d0': 0.02490583291941667};-280.569866449043;38.374512671874314
12302;-100.713385073773;(x * (_a5_ + pow2(((x + (_a4_ + pow2((_a7_ * _a4_)))) * _a7_))));{'d0': {'_a4_': 0.19001254377610347, '_a5_': 1.4465760896086328, '_a7_': 1.8375964946351278, '_a0_': 1.0, '_a1_': 1.0, '_a2_': 1.0, '_a3_': 1.0, '_a6_': 1.0}};{'d0': 0.02490583291941668};-280.569866449043;39.571548150748924
12303;-100.713385073773;(x * (_a5_ + pow2(((x + (_a4_ + pow2((_a7_ * _a4_)))) * _a7_))));{'d0': {'_a4_': 0.19001254377610347, '_a5_': 1.4465760896086328, '_a7_': 1.8375964946351278, '_a0_': 1.0, '_a1_': 1.0, '_a2_': 1.0, '_a3_': 1.0, '_a6_': 1.0}};{'d0': 0.02490583291941668};-280.569866449043;39.571548150748924
12304;-100.713385073773;(x * (_a5_ + pow2(((x + (_a4_ + pow2((_a7_ * _a4_)))) * _a7_))));{'d0': {'_a4_': 0.19001254377610347, '_a5_': 1.4465760896086328, '_a7_': 1.8375964946351278, '_a0_': 1.0, '_a1_': 1.0, '_a2_': 1.0, '_a3_': 1.0, '_a6_': 1.0}};{'d0': 0.02490583291941668};-280.569866449043;39.571548150748924
12305;-101.684646197346;(x * (_a5_ + pow2(((x + (_a4_ * pow2((_a7_ * _a4_)))) * _a7_))));{'d0': {'_a4_': 0.45204896255964844, '_a5_': 1.446576089100643, '_a7_': 1.8375964951342139, '_a0_': 1.0, '_a1_': 1.0, '_a2_': 1.0, '_a3_': 1.0, '_a6_': 1.0}};{'d0': 0.024905832919416636};-280.569866449044;38.60028702717592
12306;-101.684646197346;(x * (_a5_ + pow2(((x + (_a4_ * pow2((_a7_ * _a4_)))) * _a7_))));{'d0': {'_a4_': 0.45204896255964844, '_a5_': 1.446576089100643, '_a7_': 1.8375964951342139, '_a0_': 1.0, '_a1_': 1.0, '_a2_': 1.0, '_a3_': 1.0, '_a6_': 1.0}};{'d0': 0.024905832919416636};-280.569866449044;38.60028702717592
12307;-101.684646197346;(x * (_a5_ + pow2(((x + (_a4_ * pow2((_a7_ * _a4_)))) * _a7_))));{'d0': {'_a4_': 0.45204896255964844, '_a5_': 1.446576089100643, '_a7_': 1.8375964951342139, '_a0_': 1.0, '_a1_': 1.0, '_a2_': 1.0, '_a3_': 1.0, '_a6_': 1.0}};{'d0': 0.024905832919416636};-280.569866449044;38.60028702717592
12308;-101.684646197346;(x * (_a5_ + pow2(((x + (_a4_ * pow2((_a7_ * _a4_)))) * _a7_))));{'d0': {'_a4_': 0.45204896255964844, '_a5_': 1.446576089100643, '_a7_': 1.8375964951342139, '_a0_': 1.0, '_a1_': 1.0, '_a2_': 1.0, '_a3_': 1.0, '_a6_': 1.0}};{'d0': 0.024905832919416636};-280.569866449044;38.60028702717592
12309;-101.684646197346;(x * (_a5_ + pow2(((x + (_a4_ * pow2((_a7_ * _a4_)))) * _a7_))));{'d0': {'_a4_': 0.45204896255964844, '_a5_': 1.446576089100643, '_a7_': 1.8375964951342139, '_a0_': 1.0, '_a1_': 1.0, '_a2_': 1.0, '_a3_': 1.0, '_a6_': 1.0}};{'d0': 0.024905832919416636};-280.569866449044;38.60028702717592
12310;-101.684646197346;(x * (_a5_ + pow2(((x + (_a4_ * pow2((_a7_ * _a4_)))) * _a7_))));{'d0': {'_a4_': 0.45204896255964844, '_a5_': 1.446576089100643, '_a7_': 1.8375964951342139, '_a0_': 1.0, '_a1_': 1.0, '_a2_': 1.0, '_a3_': 1.0, '_a6_': 1.0}};{'d0': 0.024905832919416636};-280.569866449044;38.60028702717592
12311;-101.684646197346;(x * (_a5_ + pow2(((x + (_a4_ * pow2((_a7_ * _a4_)))) * _a7_))));{'d0': {'_a4_': 0.45204896255964844, '_a5_': 1.446576089100643, '_a7_': 1.8375964951342139, '_a0_': 1.0, '_a1_': 1.0, '_a2_': 1.0, '_a3_': 1.0, '_a6_': 1.0}};{'d0': 0.024905832919416636};-280.569866449044;38.60028702717592
12312;-101.684646197346;(x * (_a5_ + pow2(((x + (_a4_ * pow2((_a7_ * _a4_)))) * _a7_))));{'d0': {'_a4_': 0.45204896255964844, '_a5_': 1.446576089100643, '_a7_': 1.8375964951342139, '_a0_': 1.0, '_a1_': 1.0, '_a2_': 1.0, '_a3_': 1.0, '_a6_': 1.0}};{'d0': 0.024905832919416636};-280.569866449044;38.60028702717592
12313;-101.684646197346;(x * (_a5_ + pow2(((x + (_a4_ * pow2((_a7_ * _a4_)))) * _a7_))));{'d0': {'_a4_': 0.45204896255964844, '_a5_': 1.446576089100643, '_a7_': 1.8375964951342139, '_a0_': 1.0, '_a1_': 1.0, '_a2_': 1.0, '_a3_': 1.0, '_a6_': 1.0}};{'d0': 0.024905832919416636};-280.569866449044;38.60028702717592
12314;-101.684646197346;(x * (_a5_ + pow2(((x + (_a4_ * pow2((_a7_ * _a4_)))) * _a7_))));{'d0': {'_a4_': 0.45204896255964844, '_a5_': 1.446576089100643, '_a7_': 1.8375964951342139, '_a0_': 1.0, '_a1_': 1.0, '_a2_': 1.0, '_a3_': 1.0, '_a6_': 1.0}};{'d0': 0.024905832919416636};-280.569866449044;38.60028702717592
12315;-101.684646197346;(x * (_a5_ + pow2(((x + (_a4_ * pow2((_a7_ * _a4_)))) * _a7_))));{'d0': {'_a4_': 0.45204896255964844, '_a5_': 1.446576089100643, '_a7_': 1.8375964951342139, '_a0_': 1.0, '_a1_': 1.0, '_a2_': 1.0, '_a3_': 1.0, '_a6_': 1.0}};{'d0': 0.024905832919416636};-280.569866449044;38.60028702717592
12316;-101.684646197346;(x * (_a5_ + pow2(((x + (_a4_ * pow2((_a7_ * _a4_)))) * _a7_))));{'d0': {'_a4_': 0.45204896255964844, '_a5_': 1.446576089100643, '_a7_': 1.8375964951342139, '_a0_': 1.0, '_a1_': 1.0, '_a2_': 1.0, '_a3_': 1.0, '_a6_': 1.0}};{'d0': 0.024905832919416636};-280.569866449044;38.60028702717592
12317;-101.684646197346;(x * (_a5_ + pow2(((x + (_a4_ * pow2((_a7_ * _a4_)))) * _a7_))));{'d0': {'_a4_': 0.45204896255964844, '_a5_': 1.446576089100643, '_a7_': 1.8375964951342139, '_a0_': 1.0, '_a1_': 1.0, '_a2_': 1.0, '_a3_': 1.0, '_a6_': 1.0}};{'d0': 0.024905832919416636};-280.569866449044;38.60028702717592
12318;-101.684646197346;(x * (_a5_ + pow2(((x + (_a4_ * pow2((_a7_ * _a4_)))) * _a7_))));{'d0': {'_a4_': 0.45204896255964844, '_a5_': 1.446576089100643, '_a7_': 1.8375964951342139, '_a0_': 1.0, '_a1_': 1.0, '_a2_': 1.0, '_a3_': 1.0, '_a6_': 1.0}};{'d0': 0.024905832919416636};-280.569866449044;38.60028702717592
12319;-101.684646197346;(x * (_a5_ + pow2(((x + (_a4_ * pow2((_a7_ * _a4_)))) * _a7_))));{'d0': {'_a4_': 0.45204896255964844, '_a5_': 1.446576089100643, '_a7_': 1.8375964951342139, '_a0_': 1.0, '_a1_': 1.0, '_a2_': 1.0, '_a3_': 1.0, '_a6_': 1.0}};{'d0': 0.024905832919416636};-280.569866449044;38.60028702717592
12320;-101.684646197346;(x * (_a5_ + pow2(((x + (_a4_ * pow2((_a7_ * _a4_)))) * _a7_))));{'d0': {'_a4_': 0.45204896255964844, '_a5_': 1.446576089100643, '_a7_': 1.8375964951342139, '_a0_': 1.0, '_a1_': 1.0, '_a2_': 1.0, '_a3_': 1.0, '_a6_': 1.0}};{'d0': 0.024905832919416636};-280.569866449044;38.60028702717592
12321;-101.684646197346;(x * (_a5_ + pow2(((x + (_a4_ * pow2((_a7_ * _a4_)))) * _a7_))));{'d0': {'_a4_': 0.45204896255964844, '_a5_': 1.446576089100643, '_a7_': 1.8375964951342139, '_a0_': 1.0, '_a1_': 1.0, '_a2_': 1.0, '_a3_': 1.0, '_a6_': 1.0}};{'d0': 0.024905832919416636};-280.569866449044;38.60028702717592
12322;-101.684646197346;(x * (_a5_ + pow2(((x + (_a4_ * pow2((_a7_ * _a4_)))) * _a7_))));{'d0': {'_a4_': 0.45204896255964844, '_a5_': 1.446576089100643, '_a7_': 1.8375964951342139, '_a0_': 1.0, '_a1_': 1.0, '_a2_': 1.0, '_a3_': 1.0, '_a6_': 1.0}};{'d0': 0.024905832919416636};-280.569866449044;38.60028702717592
12323;-101.684646197346;(x * (_a5_ + pow2(((x + (_a4_ * pow2((_a7_ * _a4_)))) * _a7_))));{'d0': {'_a4_': 0.45204896255964844, '_a5_': 1.446576089100643, '_a7_': 1.8375964951342139, '_a0_': 1.0, '_a1_': 1.0, '_a2_': 1.0, '_a3_': 1.0, '_a6_': 1.0}};{'d0': 0.024905832919416636};-280.569866449044;38.60028702717592
12324;-101.684646197346;(x * (_a5_ + pow2(((x + (_a4_ * pow2((_a7_ * _a4_)))) * _a7_))));{'d0': {'_a4_': 0.45204896255964844, '_a5_': 1.446576089100643, '_a7_': 1.8375964951342139, '_a0_': 1.0, '_a1_': 1.0, '_a2_': 1.0, '_a3_': 1.0, '_a6_': 1.0}};{'d0': 0.024905832919416636};-280.569866449044;38.60028702717592
12325;-101.684646197346;(x * (_a5_ + pow2(((x + (_a4_ * pow2((_a7_ * _a4_)))) * _a7_))));{'d0': {'_a4_': 0.45204896255964844, '_a5_': 1.446576089100643, '_a7_': 1.8375964951342139, '_a0_': 1.0, '_a1_': 1.0, '_a2_': 1.0, '_a3_': 1.0, '_a6_': 1.0}};{'d0': 0.024905832919416636};-280.569866449044;38.60028702717592
12326;-70.5673125851571;((((pow2(((_a4_ * sqrt(_a2_)) + (_a0_ + x))) / (_a0_ ** _a0_)) + _a6_) * ((x / _a3_) + _a0_)) * _a4_);{'d0': {'_a0_': 0.31780960386149604, '_a3_': -0.0018145965439103427, '_a4_': -0.004263871212108436, '_a6_': 0.6151319381594814, '_a1_': 1.0, '_a2_': 1.0, '_a5_': 1.0, '_a7_': 1.0}};{'d0': 0.0250625126663244};-272.004906486991;65.43514065833855
12327;-70.5673125851571;((((pow2(((_a4_ * sqrt(_a2_)) + (_a0_ + x))) / (_a0_ ** _a0_)) + _a6_) * ((x / _a3_) + _a0_)) * _a4_);{'d0': {'_a0_': 0.31780960386149604, '_a3_': -0.0018145965439103427, '_a4_': -0.004263871212108436, '_a6_': 0.6151319381594814, '_a1_': 1.0, '_a2_': 1.0, '_a5_': 1.0, '_a7_': 1.0}};{'d0': 0.0250625126663244};-272.004906486991;65.43514065833855
12328;-75.9071755956771;((((pow2(((_a4_ * _a5_) + (_a0_ + x))) / (_a0_ ** _a0_)) + _a6_) * ((x / _a3_) + _a0_)) * _a4_);{'d0': {'_a0_': 0.31780960386149604, '_a3_': -0.0018145965439103427, '_a4_': -0.004263871212108436, '_a6_': 0.6151319381594814, '_a1_': 1.0, '_a2_': 1.0, '_a5_': 1.0, '_a7_': 1.0}};{'d0': 0.0250625126663244};-272.004906486991;60.095277647818556
12329;-75.9071755956771;((((pow2(((_a4_ * _a5_) + (_a0_ + x))) / (_a0_ ** _a0_)) + _a6_) * ((x / _a3_) + _a0_)) * _a4_);{'d0': {'_a0_': 0.31780960386149604, '_a3_': -0.0018145965439103427, '_a4_': -0.004263871212108436, '_a6_': 0.6151319381594814, '_a1_': 1.0, '_a2_': 1.0, '_a5_': 1.0, '_a7_': 1.0}};{'d0': 0.0250625126663244};-272.004906486991;60.095277647818556
12330;-69.1233216575295;((((pow2(((_a4_ * _a5_) + (_a0_ + x))) / ((_a7_ * _a7_) ** _a0_)) + _a6_) * ((x / _a3_) + _a0_)) * _a4_);{'d0': {'_a0_': 0.35596022089137297, '_a3_': -0.0016196239874310988, '_a4_': -0.004047599835289253, '_a5_': 10.721531170066845, '_a6_': 0.5783743394936852, '_a7_': 0.6536563935971174, '_a1_': 1.0, '_a2_': 1.0}};{'d0': 0.024885482504877248};-268.335878461610;65.04461757327556
12331;-69.1233216575295;((((pow2(((_a4_ * _a5_) + (_a0_ + x))) / ((_a7_ * _a7_) ** _a0_)) + _a6_) * ((x / _a3_) + _a0_)) * _a4_);{'d0': {'_a0_': 0.35596022089137297, '_a3_': -0.0016196239874310988, '_a4_': -0.004047599835289253, '_a5_': 10.721531170066845, '_a6_': 0.5783743394936852, '_a7_': 0.6536563935971174, '_a1_': 1.0, '_a2_': 1.0}};{'d0': 0.024885482504877248};-268.335878461610;65.04461757327556
12332;-69.1233216575295;((((pow2(((_a4_ * _a5_) + (_a0_ + x))) / ((_a7_ * _a7_) ** _a0_)) + _a6_) * ((x / _a3_) + _a0_)) * _a4_);{'d0': {'_a0_': 0.35596022089137297, '_a3_': -0.0016196239874310988, '_a4_': -0.004047599835289253, '_a5_': 10.721531170066845, '_a6_': 0.5783743394936852, '_a7_': 0.6536563935971174, '_a1_': 1.0, '_a2_': 1.0}};{'d0': 0.024885482504877248};-268.335878461610;65.04461757327556
12333;-71.1704939421129;((((pow2(((_a4_ * _a3_) + (_a0_ + x))) / ((_a7_ * _a7_) ** _a0_)) + _a6_) * ((x / _a3_) + _a0_)) * _a4_);{'d0': {'_a0_': 0.3125562879748724, '_a3_': -0.0018450589386929941, '_a4_': -0.004128085159940524, '_a6_': 0.6460317537358455, '_a7_': 0.5162368827256167, '_a1_': 1.0, '_a2_': 1.0, '_a5_': 1.0}};{'d0': 0.02488548250199686};-272.430223030777;65.04461757327556
12334;-71.1704939421129;((((pow2(((_a4_ * _a3_) + (_a0_ + x))) / ((_a7_ * _a7_) ** _a0_)) + _a6_) * ((x / _a3_) + _a0_)) * _a4_);{'d0': {'_a0_': 0.3125562879748724, '_a3_': -0.0018450589386929941, '_a4_': -0.004128085159940524, '_a6_': 0.6460317537358455, '_a7_': 0.5162368827256167, '_a1_': 1.0, '_a2_': 1.0, '_a5_': 1.0}};{'d0': 0.02488548250199686};-272.430223030777;65.04461757327556
12335;-71.1704939421129;((((pow2(((_a4_ * _a3_) + (_a0_ + x))) / ((_a7_ * _a7_) ** _a0_)) + _a6_) * ((x / _a3_) + _a0_)) * _a4_);{'d0': {'_a0_': 0.3125562879748724, '_a3_': -0.0018450589386929941, '_a4_': -0.004128085159940524, '_a6_': 0.6460317537358455, '_a7_': 0.5162368827256167, '_a1_': 1.0, '_a2_': 1.0, '_a5_': 1.0}};{'d0': 0.02488548250199686};-272.430223030777;65.04461757327556
12336;-71.1704939421129;((((pow2(((_a4_ * _a3_) + (_a0_ + x))) / ((_a7_ * _a7_) ** _a0_)) + _a6_) * ((x / _a3_) + _a0_)) * _a4_);{'d0': {'_a0_': 0.3125562879748724, '_a3_': -0.0018450589386929941, '_a4_': -0.004128085159940524, '_a6_': 0.6460317537358455, '_a7_': 0.5162368827256167, '_a1_': 1.0, '_a2_': 1.0, '_a5_': 1.0}};{'d0': 0.02488548250199686};-272.430223030777;65.04461757327556
12337;-71.1704939421129;((((pow2(((_a4_ * _a3_) + (_a0_ + x))) / ((_a7_ * _a7_) ** _a0_)) + _a6_) * ((x / _a3_) + _a0_)) * _a4_);{'d0': {'_a0_': 0.3125562879748724, '_a3_': -0.0018450589386929941, '_a4_': -0.004128085159940524, '_a6_': 0.6460317537358455, '_a7_': 0.5162368827256167, '_a1_': 1.0, '_a2_': 1.0, '_a5_': 1.0}};{'d0': 0.02488548250199686};-272.430223030777;65.04461757327556
12338;-71.1704939421129;((((pow2(((_a4_ * _a3_) + (_a0_ + x))) / ((_a7_ * _a7_) ** _a0_)) + _a6_) * ((x / _a3_) + _a0_)) * _a4_);{'d0': {'_a0_': 0.3125562879748724, '_a3_': -0.0018450589386929941, '_a4_': -0.004128085159940524, '_a6_': 0.6460317537358455, '_a7_': 0.5162368827256167, '_a1_': 1.0, '_a2_': 1.0, '_a5_': 1.0}};{'d0': 0.02488548250199686};-272.430223030777;65.04461757327556
12339;-71.1704939421129;((((pow2(((_a4_ * _a3_) + (_a0_ + x))) / ((_a7_ * _a7_) ** _a0_)) + _a6_) * ((x / _a3_) + _a0_)) * _a4_);{'d0': {'_a0_': 0.3125562879748724, '_a3_': -0.0018450589386929941, '_a4_': -0.004128085159940524, '_a6_': 0.6460317537358455, '_a7_': 0.5162368827256167, '_a1_': 1.0, '_a2_': 1.0, '_a5_': 1.0}};{'d0': 0.02488548250199686};-272.430223030777;65.04461757327556
12340;-71.1704939421129;((((pow2(((_a4_ * _a3_) + (_a0_ + x))) / ((_a7_ * _a7_) ** _a0_)) + _a6_) * ((x / _a3_) + _a0_)) * _a4_);{'d0': {'_a0_': 0.3125562879748724, '_a3_': -0.0018450589386929941, '_a4_': -0.004128085159940524, '_a6_': 0.6460317537358455, '_a7_': 0.5162368827256167, '_a1_': 1.0, '_a2_': 1.0, '_a5_': 1.0}};{'d0': 0.02488548250199686};-272.430223030777;65.04461757327556
12341;-71.1704939421129;((((pow2(((_a4_ * _a3_) + (_a0_ + x))) / ((_a7_ * _a7_) ** _a0_)) + _a6_) * ((x / _a3_) + _a0_)) * _a4_);{'d0': {'_a0_': 0.3125562879748724, '_a3_': -0.0018450589386929941, '_a4_': -0.004128085159940524, '_a6_': 0.6460317537358455, '_a7_': 0.5162368827256167, '_a1_': 1.0, '_a2_': 1.0, '_a5_': 1.0}};{'d0': 0.02488548250199686};-272.430223030777;65.04461757327556
12342;-71.1704939421129;((((pow2(((_a4_ * _a3_) + (_a0_ + x))) / ((_a7_ * _a7_) ** _a0_)) + _a6_) * ((x / _a3_) + _a0_)) * _a4_);{'d0': {'_a0_': 0.3125562879748724, '_a3_': -0.0018450589386929941, '_a4_': -0.004128085159940524, '_a6_': 0.6460317537358455, '_a7_': 0.5162368827256167, '_a1_': 1.0, '_a2_': 1.0, '_a5_': 1.0}};{'d0': 0.02488548250199686};-272.430223030777;65.04461757327556
12343;-71.1704939421129;((((pow2(((_a4_ * _a3_) + (_a0_ + x))) / ((_a7_ * _a7_) ** _a0_)) + _a6_) * ((x / _a3_) + _a0_)) * _a4_);{'d0': {'_a0_': 0.3125562879748724, '_a3_': -0.0018450589386929941, '_a4_': -0.004128085159940524, '_a6_': 0.6460317537358455, '_a7_': 0.5162368827256167, '_a1_': 1.0, '_a2_': 1.0, '_a5_': 1.0}};{'d0': 0.02488548250199686};-272.430223030777;65.04461757327556
12344;-72.4218993949524;((((pow2((pow2(_a3_) + (_a0_ + x))) / ((_a7_ * _a7_) ** _a0_)) + _a6_) * ((x / _a3_) + _a0_)) * _a4_);{'d0': {'_a0_': 0.31256049643698275, '_a3_': -0.0018450223754721852, '_a4_': -0.0041342378272259325, '_a6_': 0.6450575411090411, '_a7_': 0.5174892949233517, '_a1_': 1.0, '_a2_': 1.0, '_a5_': 1.0}};{'d0': 0.024885482502003092};-272.430223030762;63.79321212042856
12345;-72.4218993949524;((((pow2((pow2(_a3_) + (_a0_ + x))) / ((_a7_ * _a7_) ** _a0_)) + _a6_) * ((x / _a3_) + _a0_)) * _a4_);{'d0': {'_a0_': 0.31256049643698275, '_a3_': -0.0018450223754721852, '_a4_': -0.0041342378272259325, '_a6_': 0.6450575411090411, '_a7_': 0.5174892949233517, '_a1_': 1.0, '_a2_': 1.0, '_a5_': 1.0}};{'d0': 0.024885482502003092};-272.430223030762;63.79321212042856
12346;-72.4218993949524;((((pow2((pow2(_a3_) + (_a0_ + x))) / ((_a7_ * _a7_) ** _a0_)) + _a6_) * ((x / _a3_) + _a0_)) * _a4_);{'d0': {'_a0_': 0.31256049643698275, '_a3_': -0.0018450223754721852, '_a4_': -0.0041342378272259325, '_a6_': 0.6450575411090411, '_a7_': 0.5174892949233517, '_a1_': 1.0, '_a2_': 1.0, '_a5_': 1.0}};{'d0': 0.024885482502003092};-272.430223030762;63.79321212042856
12347;-72.4218993949524;((((pow2((pow2(_a3_) + (_a0_ + x))) / ((_a7_ * _a7_) ** _a0_)) + _a6_) * ((x / _a3_) + _a0_)) * _a4_);{'d0': {'_a0_': 0.31256049643698275, '_a3_': -0.0018450223754721852, '_a4_': -0.0041342378272259325, '_a6_': 0.6450575411090411, '_a7_': 0.5174892949233517, '_a1_': 1.0, '_a2_': 1.0, '_a5_': 1.0}};{'d0': 0.024885482502003092};-272.430223030762;63.79321212042856
12348;-72.4218993949524;((((pow2((pow2(_a3_) + (_a0_ + x))) / ((_a7_ * _a7_) ** _a0_)) + _a6_) * ((x / _a3_) + _a0_)) * _a4_);{'d0': {'_a0_': 0.31256049643698275, '_a3_': -0.0018450223754721852, '_a4_': -0.0041342378272259325, '_a6_': 0.6450575411090411, '_a7_': 0.5174892949233517, '_a1_': 1.0, '_a2_': 1.0, '_a5_': 1.0}};{'d0': 0.024885482502003092};-272.430223030762;63.79321212042856
12349;-72.4218993949524;((((pow2((pow2(_a3_) + (_a0_ + x))) / ((_a7_ * _a7_) ** _a0_)) + _a6_) * ((x / _a3_) + _a0_)) * _a4_);{'d0': {'_a0_': 0.31256049643698275, '_a3_': -0.0018450223754721852, '_a4_': -0.0041342378272259325, '_a6_': 0.6450575411090411, '_a7_': 0.5174892949233517, '_a1_': 1.0, '_a2_': 1.0, '_a5_': 1.0}};{'d0': 0.024885482502003092};-272.430223030762;63.79321212042856
12350;-72.4218993949524;((((pow2((pow2(_a3_) + (_a0_ + x))) / ((_a7_ * _a7_) ** _a0_)) + _a6_) * ((x / _a3_) + _a0_)) * _a4_);{'d0': {'_a0_': 0.31256049643698275, '_a3_': -0.0018450223754721852, '_a4_': -0.0041342378272259325, '_a6_': 0.6450575411090411, '_a7_': 0.5174892949233517, '_a1_': 1.0, '_a2_': 1.0, '_a5_': 1.0}};{'d0': 0.024885482502003092};-272.430223030762;63.79321212042856
12351;-72.4218993949524;((((pow2((pow2(_a3_) + (_a0_ + x))) / ((_a7_ * _a7_) ** _a0_)) + _a6_) * ((x / _a3_) + _a0_)) * _a4_);{'d0': {'_a0_': 0.31256049643698275, '_a3_': -0.0018450223754721852, '_a4_': -0.0041342378272259325, '_a6_': 0.6450575411090411, '_a7_': 0.5174892949233517, '_a1_': 1.0, '_a2_': 1.0, '_a5_': 1.0}};{'d0': 0.024885482502003092};-272.430223030762;63.79321212042856
12352;-72.4218993949524;((((pow2((pow2(_a3_) + (_a0_ + x))) / ((_a7_ * _a7_) ** _a0_)) + _a6_) * ((x / _a3_) + _a0_)) * _a4_);{'d0': {'_a0_': 0.31256049643698275, '_a3_': -0.0018450223754721852, '_a4_': -0.0041342378272259325, '_a6_': 0.6450575411090411, '_a7_': 0.5174892949233517, '_a1_': 1.0, '_a2_': 1.0, '_a5_': 1.0}};{'d0': 0.024885482502003092};-272.430223030762;63.79321212042856
12353;-72.4218993949524;((((pow2((pow2(_a3_) + (_a0_ + x))) / ((_a7_ * _a7_) ** _a0_)) + _a6_) * ((x / _a3_) + _a0_)) * _a4_);{'d0': {'_a0_': 0.31256049643698275, '_a3_': -0.0018450223754721852, '_a4_': -0.0041342378272259325, '_a6_': 0.6450575411090411, '_a7_': 0.5174892949233517, '_a1_': 1.0, '_a2_': 1.0, '_a5_': 1.0}};{'d0': 0.024885482502003092};-272.430223030762;63.79321212042856
12354;-72.4218993949524;((((pow2((pow2(_a3_) + (_a0_ + x))) / ((_a7_ * _a7_) ** _a0_)) + _a6_) * ((x / _a3_) + _a0_)) * _a4_);{'d0': {'_a0_': 0.31256049643698275, '_a3_': -0.0018450223754721852, '_a4_': -0.0041342378272259325, '_a6_': 0.6450575411090411, '_a7_': 0.5174892949233517, '_a1_': 1.0, '_a2_': 1.0, '_a5_': 1.0}};{'d0': 0.024885482502003092};-272.430223030762;63.79321212042856
12355;-72.4218993949524;((((pow2((pow2(_a3_) + (_a0_ + x))) / ((_a7_ * _a7_) ** _a0_)) + _a6_) * ((x / _a3_) + _a0_)) * _a4_);{'d0': {'_a0_': 0.31256049643698275, '_a3_': -0.0018450223754721852, '_a4_': -0.0041342378272259325, '_a6_': 0.6450575411090411, '_a7_': 0.5174892949233517, '_a1_': 1.0, '_a2_': 1.0, '_a5_': 1.0}};{'d0': 0.024885482502003092};-272.430223030762;63.79321212042856
12356;-72.4218993949524;((((pow2((pow2(_a3_) + (_a0_ + x))) / ((_a7_ * _a7_) ** _a0_)) + _a6_) * ((x / _a3_) + _a0_)) * _a4_);{'d0': {'_a0_': 0.31256049643698275, '_a3_': -0.0018450223754721852, '_a4_': -0.0041342378272259325, '_a6_': 0.6450575411090411, '_a7_': 0.5174892949233517, '_a1_': 1.0, '_a2_': 1.0, '_a5_': 1.0}};{'d0': 0.024885482502003092};-272.430223030762;63.79321212042856
12357;-72.4218993949524;((((pow2((pow2(_a3_) + (_a0_ + x))) / ((_a7_ * _a7_) ** _a0_)) + _a6_) * ((x / _a3_) + _a0_)) * _a4_);{'d0': {'_a0_': 0.31256049643698275, '_a3_': -0.0018450223754721852, '_a4_': -0.0041342378272259325, '_a6_': 0.6450575411090411, '_a7_': 0.5174892949233517, '_a1_': 1.0, '_a2_': 1.0, '_a5_': 1.0}};{'d0': 0.024885482502003092};-272.430223030762;63.79321212042856
12358;-95.7640451483158;(x * (_a1_ + pow2(((x + (_a2_ * pow2((_a2_ * _a4_)))) * (_a2_ + _a2_)))));{'d0': {'_a1_': 1.4465760888333095, '_a2_': 0.9187982477336099, '_a4_': -0.6341589582667052, '_a0_': 1.0, '_a3_': 1.0, '_a5_': 1.0, '_a6_': 1.0, '_a7_': 1.0}};{'d0': 0.024905832919416643};-280.569866449044;44.52088807620592
12359;-95.7640451483158;(x * (_a1_ + pow2(((x + (_a2_ * pow2((_a2_ * _a4_)))) * (_a2_ + _a2_)))));{'d0': {'_a1_': 1.4465760888333095, '_a2_': 0.9187982477336099, '_a4_': -0.6341589582667052, '_a0_': 1.0, '_a3_': 1.0, '_a5_': 1.0, '_a6_': 1.0, '_a7_': 1.0}};{'d0': 0.024905832919416643};-280.569866449044;44.52088807620592
12360;-95.7640451483158;(x * (_a1_ + pow2(((x + (_a2_ * pow2((_a2_ * _a4_)))) * (_a2_ + _a2_)))));{'d0': {'_a1_': 1.4465760888333095, '_a2_': 0.9187982477336099, '_a4_': -0.6341589582667052, '_a0_': 1.0, '_a3_': 1.0, '_a5_': 1.0, '_a6_': 1.0, '_a7_': 1.0}};{'d0': 0.024905832919416643};-280.569866449044;44.52088807620592
12361;-95.7640451483158;(x * (_a1_ + pow2(((x + (_a2_ * pow2((_a2_ * _a4_)))) * (_a2_ + _a2_)))));{'d0': {'_a1_': 1.4465760888333095, '_a2_': 0.9187982477336099, '_a4_': -0.6341589582667052, '_a0_': 1.0, '_a3_': 1.0, '_a5_': 1.0, '_a6_': 1.0, '_a7_': 1.0}};{'d0': 0.024905832919416643};-280.569866449044;44.52088807620592
12362;-95.7640451483158;(x * (_a1_ + pow2(((x + (_a2_ * pow2((_a2_ * _a4_)))) * (_a2_ + _a2_)))));{'d0': {'_a1_': 1.4465760888333095, '_a2_': 0.9187982477336099, '_a4_': -0.6341589582667052, '_a0_': 1.0, '_a3_': 1.0, '_a5_': 1.0, '_a6_': 1.0, '_a7_': 1.0}};{'d0': 0.024905832919416643};-280.569866449044;44.52088807620592
12363;-95.7640451483158;(x * (_a1_ + pow2(((x + (_a2_ * pow2((_a2_ * _a4_)))) * (_a2_ + _a2_)))));{'d0': {'_a1_': 1.4465760888333095, '_a2_': 0.9187982477336099, '_a4_': -0.6341589582667052, '_a0_': 1.0, '_a3_': 1.0, '_a5_': 1.0, '_a6_': 1.0, '_a7_': 1.0}};{'d0': 0.024905832919416643};-280.569866449044;44.52088807620592
12364;-95.7640451483158;(x * (_a1_ + pow2(((x + (_a2_ * pow2((_a2_ * _a4_)))) * (_a2_ + _a2_)))));{'d0': {'_a1_': 1.4465760888333095, '_a2_': 0.9187982477336099, '_a4_': -0.6341589582667052, '_a0_': 1.0, '_a3_': 1.0, '_a5_': 1.0, '_a6_': 1.0, '_a7_': 1.0}};{'d0': 0.024905832919416643};-280.569866449044;44.52088807620592
12365;-95.7640451483158;(x * (_a1_ + pow2(((x + (_a2_ * pow2((_a2_ * _a4_)))) * (_a2_ + _a2_)))));{'d0': {'_a1_': 1.4465760888333095, '_a2_': 0.9187982477336099, '_a4_': -0.6341589582667052, '_a0_': 1.0, '_a3_': 1.0, '_a5_': 1.0, '_a6_': 1.0, '_a7_': 1.0}};{'d0': 0.024905832919416643};-280.569866449044;44.52088807620592
12366;-95.7640451483158;(x * (_a1_ + pow2(((x + (_a2_ * pow2((_a2_ * _a4_)))) * (_a2_ + _a2_)))));{'d0': {'_a1_': 1.4465760888333095, '_a2_': 0.9187982477336099, '_a4_': -0.6341589582667052, '_a0_': 1.0, '_a3_': 1.0, '_a5_': 1.0, '_a6_': 1.0, '_a7_': 1.0}};{'d0': 0.024905832919416643};-280.569866449044;44.52088807620592
12367;-95.7640451483158;(x * (_a1_ + pow2(((x + (_a2_ * pow2((_a2_ * _a4_)))) * (_a2_ + _a2_)))));{'d0': {'_a1_': 1.4465760888333095, '_a2_': 0.9187982477336099, '_a4_': -0.6341589582667052, '_a0_': 1.0, '_a3_': 1.0, '_a5_': 1.0, '_a6_': 1.0, '_a7_': 1.0}};{'d0': 0.024905832919416643};-280.569866449044;44.52088807620592
12368;-95.7640451483158;(x * (_a1_ + pow2(((x + (_a2_ * pow2((_a2_ * _a4_)))) * (_a2_ + _a2_)))));{'d0': {'_a1_': 1.4465760888333095, '_a2_': 0.9187982477336099, '_a4_': -0.6341589582667052, '_a0_': 1.0, '_a3_': 1.0, '_a5_': 1.0, '_a6_': 1.0, '_a7_': 1.0}};{'d0': 0.024905832919416643};-280.569866449044;44.52088807620592
12369;-95.7640451483158;(x * (_a1_ + pow2(((x + (_a2_ * pow2((_a2_ * _a4_)))) * (_a2_ + _a2_)))));{'d0': {'_a1_': 1.4465760888333095, '_a2_': 0.9187982477336099, '_a4_': -0.6341589582667052, '_a0_': 1.0, '_a3_': 1.0, '_a5_': 1.0, '_a6_': 1.0, '_a7_': 1.0}};{'d0': 0.024905832919416643};-280.569866449044;44.52088807620592
12370;-95.7640451483158;(x * (_a1_ + pow2(((x + (_a2_ * pow2((_a2_ * _a4_)))) * (_a2_ + _a2_)))));{'d0': {'_a1_': 1.4465760888333095, '_a2_': 0.9187982477336099, '_a4_': -0.6341589582667052, '_a0_': 1.0, '_a3_': 1.0, '_a5_': 1.0, '_a6_': 1.0, '_a7_': 1.0}};{'d0': 0.024905832919416643};-280.569866449044;44.52088807620592
12371;-95.7640451483158;(x * (_a1_ + pow2(((x + (_a2_ * pow2((_a2_ * _a4_)))) * (_a2_ + _a2_)))));{'d0': {'_a1_': 1.4465760888333095, '_a2_': 0.9187982477336099, '_a4_': -0.6341589582667052, '_a0_': 1.0, '_a3_': 1.0, '_a5_': 1.0, '_a6_': 1.0, '_a7_': 1.0}};{'d0': 0.024905832919416643};-280.569866449044;44.52088807620592
12372;-95.7640451483158;(x * (_a1_ + pow2(((x + (_a2_ * pow2((_a2_ * _a4_)))) * (_a2_ + _a2_)))));{'d0': {'_a1_': 1.4465760888333095, '_a2_': 0.9187982477336099, '_a4_': -0.6341589582667052, '_a0_': 1.0, '_a3_': 1.0, '_a5_': 1.0, '_a6_': 1.0, '_a7_': 1.0}};{'d0': 0.024905832919416643};-280.569866449044;44.52088807620592
12373;-95.7640451483158;(x * (_a1_ + pow2(((x + (_a2_ * pow2((_a2_ * _a4_)))) * (_a2_ + _a2_)))));{'d0': {'_a1_': 1.4465760888333095, '_a2_': 0.9187982477336099, '_a4_': -0.6341589582667052, '_a0_': 1.0, '_a3_': 1.0, '_a5_': 1.0, '_a6_': 1.0, '_a7_': 1.0}};{'d0': 0.024905832919416643};-280.569866449044;44.52088807620592
12374;-95.7640451483158;(x * (_a1_ + pow2(((x + (_a2_ * pow2((_a2_ * _a4_)))) * (_a2_ + _a2_)))));{'d0': {'_a1_': 1.4465760888333095, '_a2_': 0.9187982477336099, '_a4_': -0.6341589582667052, '_a0_': 1.0, '_a3_': 1.0, '_a5_': 1.0, '_a6_': 1.0, '_a7_': 1.0}};{'d0': 0.024905832919416643};-280.569866449044;44.52088807620592
12375;-95.7640451483158;(x * (_a1_ + pow2(((x + (_a2_ * pow2((_a2_ * _a4_)))) * (_a2_ + _a2_)))));{'d0': {'_a1_': 1.4465760888333095, '_a2_': 0.9187982477336099, '_a4_': -0.6341589582667052, '_a0_': 1.0, '_a3_': 1.0, '_a5_': 1.0, '_a6_': 1.0, '_a7_': 1.0}};{'d0': 0.024905832919416643};-280.569866449044;44.52088807620592
12376;-95.7640451483158;(x * (_a1_ + pow2(((x + (_a2_ * pow2((_a2_ * _a4_)))) * (_a2_ + _a2_)))));{'d0': {'_a1_': 1.4465760888333095, '_a2_': 0.9187982477336099, '_a4_': -0.6341589582667052, '_a0_': 1.0, '_a3_': 1.0, '_a5_': 1.0, '_a6_': 1.0, '_a7_': 1.0}};{'d0': 0.024905832919416643};-280.569866449044;44.52088807620592
12377;-95.7640451483158;(x * (_a1_ + pow2(((x + (_a2_ * pow2((_a2_ * _a4_)))) * (_a2_ + _a2_)))));{'d0': {'_a1_': 1.4465760888333095, '_a2_': 0.9187982477336099, '_a4_': -0.6341589582667052, '_a0_': 1.0, '_a3_': 1.0, '_a5_': 1.0, '_a6_': 1.0, '_a7_': 1.0}};{'d0': 0.024905832919416643};-280.569866449044;44.52088807620592
12378;-95.7640451483158;(x * (_a1_ + pow2(((x + (_a2_ * pow2((_a2_ * _a4_)))) * (_a2_ + _a2_)))));{'d0': {'_a1_': 1.4465760888333095, '_a2_': 0.9187982477336099, '_a4_': -0.6341589582667052, '_a0_': 1.0, '_a3_': 1.0, '_a5_': 1.0, '_a6_': 1.0, '_a7_': 1.0}};{'d0': 0.024905832919416643};-280.569866449044;44.52088807620592
12379;-95.7640451483158;(x * (_a1_ + pow2(((x + (_a2_ * pow2((_a2_ * _a4_)))) * (_a2_ + _a2_)))));{'d0': {'_a1_': 1.4465760888333095, '_a2_': 0.9187982477336099, '_a4_': -0.6341589582667052, '_a0_': 1.0, '_a3_': 1.0, '_a5_': 1.0, '_a6_': 1.0, '_a7_': 1.0}};{'d0': 0.024905832919416643};-280.569866449044;44.52088807620592
12380;-95.7640451483158;(x * (_a1_ + pow2(((x + (_a2_ * pow2((_a2_ * _a4_)))) * (_a2_ + _a2_)))));{'d0': {'_a1_': 1.4465760888333095, '_a2_': 0.9187982477336099, '_a4_': -0.6341589582667052, '_a0_': 1.0, '_a3_': 1.0, '_a5_': 1.0, '_a6_': 1.0, '_a7_': 1.0}};{'d0': 0.024905832919416643};-280.569866449044;44.52088807620592
12381;-95.7640451483158;(x * (_a1_ + pow2(((x + (_a2_ * pow2((_a2_ * _a4_)))) * (_a2_ + _a2_)))));{'d0': {'_a1_': 1.4465760888333095, '_a2_': 0.9187982477336099, '_a4_': -0.6341589582667052, '_a0_': 1.0, '_a3_': 1.0, '_a5_': 1.0, '_a6_': 1.0, '_a7_': 1.0}};{'d0': 0.024905832919416643};-280.569866449044;44.52088807620592
12382;-95.7640451483158;(x * (_a1_ + pow2(((x + (_a2_ * pow2((_a2_ * _a4_)))) * (_a2_ + _a2_)))));{'d0': {'_a1_': 1.4465760888333095, '_a2_': 0.9187982477336099, '_a4_': -0.6341589582667052, '_a0_': 1.0, '_a3_': 1.0, '_a5_': 1.0, '_a6_': 1.0, '_a7_': 1.0}};{'d0': 0.024905832919416643};-280.569866449044;44.52088807620592
12383;-95.7640451483158;(x * (_a1_ + pow2(((x + (_a2_ * pow2((_a2_ * _a4_)))) * (_a2_ + _a2_)))));{'d0': {'_a1_': 1.4465760888333095, '_a2_': 0.9187982477336099, '_a4_': -0.6341589582667052, '_a0_': 1.0, '_a3_': 1.0, '_a5_': 1.0, '_a6_': 1.0, '_a7_': 1.0}};{'d0': 0.024905832919416643};-280.569866449044;44.52088807620592
12384;-95.7640451483158;(x * (_a1_ + pow2(((x + (_a2_ * pow2((_a2_ * _a4_)))) * (_a2_ + _a2_)))));{'d0': {'_a1_': 1.4465760888333095, '_a2_': 0.9187982477336099, '_a4_': -0.6341589582667052, '_a0_': 1.0, '_a3_': 1.0, '_a5_': 1.0, '_a6_': 1.0, '_a7_': 1.0}};{'d0': 0.024905832919416643};-280.569866449044;44.52088807620592
12385;-95.7640451483158;(x * (_a1_ + pow2(((x + (_a2_ * pow2((_a2_ * _a4_)))) * (_a2_ + _a2_)))));{'d0': {'_a1_': 1.4465760888333095, '_a2_': 0.9187982477336099, '_a4_': -0.6341589582667052, '_a0_': 1.0, '_a3_': 1.0, '_a5_': 1.0, '_a6_': 1.0, '_a7_': 1.0}};{'d0': 0.024905832919416643};-280.569866449044;44.52088807620592
12386;-95.7640451483158;(x * (_a1_ + pow2(((x + (_a2_ * pow2((_a2_ * _a4_)))) * (_a2_ + _a2_)))));{'d0': {'_a1_': 1.4465760888333095, '_a2_': 0.9187982477336099, '_a4_': -0.6341589582667052, '_a0_': 1.0, '_a3_': 1.0, '_a5_': 1.0, '_a6_': 1.0, '_a7_': 1.0}};{'d0': 0.024905832919416643};-280.569866449044;44.52088807620592
12387;-95.7640451483158;(x * (_a1_ + pow2(((x + (_a2_ * pow2((_a2_ * _a4_)))) * (_a2_ + _a2_)))));{'d0': {'_a1_': 1.4465760888333095, '_a2_': 0.9187982477336099, '_a4_': -0.6341589582667052, '_a0_': 1.0, '_a3_': 1.0, '_a5_': 1.0, '_a6_': 1.0, '_a7_': 1.0}};{'d0': 0.024905832919416643};-280.569866449044;44.52088807620592
12388;-100.360883458177;((pow2((x * _a2_)) + ((_a7_ + x) * _a7_)) * ((_a2_ * x) * _a5_));{'d0': {'_a2_': 1.162194605262129, '_a5_': 2.151115561284894, '_a7_': 0.8426446046301768, '_a0_': 1.0, '_a1_': 1.0, '_a3_': 1.0, '_a4_': 1.0, '_a6_': 1.0}};{'d0': 0.024905832919416605};-280.569866449044;39.92404976634499
12389;-100.360883458177;((pow2((x * _a2_)) + ((_a7_ + x) * _a7_)) * ((_a2_ * x) * _a5_));{'d0': {'_a2_': 1.162194605262129, '_a5_': 2.151115561284894, '_a7_': 0.8426446046301768, '_a0_': 1.0, '_a1_': 1.0, '_a3_': 1.0, '_a4_': 1.0, '_a6_': 1.0}};{'d0': 0.024905832919416605};-280.569866449044;39.92404976634499
12390;-100.360883458177;((pow2((x * _a2_)) + ((_a7_ + x) * _a7_)) * ((_a2_ * x) * _a5_));{'d0': {'_a2_': 1.162194605262129, '_a5_': 2.151115561284894, '_a7_': 0.8426446046301768, '_a0_': 1.0, '_a1_': 1.0, '_a3_': 1.0, '_a4_': 1.0, '_a6_': 1.0}};{'d0': 0.024905832919416605};-280.569866449044;39.92404976634499
12391;-100.360883458177;((pow2((x * _a2_)) + ((_a7_ + x) * _a7_)) * ((_a2_ * x) * _a5_));{'d0': {'_a2_': 1.162194605262129, '_a5_': 2.151115561284894, '_a7_': 0.8426446046301768, '_a0_': 1.0, '_a1_': 1.0, '_a3_': 1.0, '_a4_': 1.0, '_a6_': 1.0}};{'d0': 0.024905832919416605};-280.569866449044;39.92404976634499
12392;-100.360883458177;((pow2((x * _a2_)) + ((_a7_ + x) * _a7_)) * ((_a2_ * x) * _a5_));{'d0': {'_a2_': 1.162194605262129, '_a5_': 2.151115561284894, '_a7_': 0.8426446046301768, '_a0_': 1.0, '_a1_': 1.0, '_a3_': 1.0, '_a4_': 1.0, '_a6_': 1.0}};{'d0': 0.024905832919416605};-280.569866449044;39.92404976634499
12393;-100.360883458177;((pow2((x * _a2_)) + ((_a7_ + x) * _a7_)) * ((_a2_ * x) * _a5_));{'d0': {'_a2_': 1.162194605262129, '_a5_': 2.151115561284894, '_a7_': 0.8426446046301768, '_a0_': 1.0, '_a1_': 1.0, '_a3_': 1.0, '_a4_': 1.0, '_a6_': 1.0}};{'d0': 0.024905832919416605};-280.569866449044;39.92404976634499
12394;-100.360883458177;((pow2((x * _a2_)) + ((_a7_ + x) * _a7_)) * ((_a2_ * x) * _a5_));{'d0': {'_a2_': 1.162194605262129, '_a5_': 2.151115561284894, '_a7_': 0.8426446046301768, '_a0_': 1.0, '_a1_': 1.0, '_a3_': 1.0, '_a4_': 1.0, '_a6_': 1.0}};{'d0': 0.024905832919416605};-280.569866449044;39.92404976634499
12395;-100.360883458177;((pow2((x * _a2_)) + ((_a7_ + x) * _a7_)) * ((_a2_ * x) * _a5_));{'d0': {'_a2_': 1.162194605262129, '_a5_': 2.151115561284894, '_a7_': 0.8426446046301768, '_a0_': 1.0, '_a1_': 1.0, '_a3_': 1.0, '_a4_': 1.0, '_a6_': 1.0}};{'d0': 0.024905832919416605};-280.569866449044;39.92404976634499
12396;-100.360883458177;((pow2((x * _a2_)) + ((_a7_ + x) * _a7_)) * ((_a2_ * x) * _a5_));{'d0': {'_a2_': 1.162194605262129, '_a5_': 2.151115561284894, '_a7_': 0.8426446046301768, '_a0_': 1.0, '_a1_': 1.0, '_a3_': 1.0, '_a4_': 1.0, '_a6_': 1.0}};{'d0': 0.024905832919416605};-280.569866449044;39.92404976634499
12397;-100.360883458177;((pow2((x * _a2_)) + ((_a7_ + x) * _a7_)) * ((_a2_ * x) * _a5_));{'d0': {'_a2_': 1.162194605262129, '_a5_': 2.151115561284894, '_a7_': 0.8426446046301768, '_a0_': 1.0, '_a1_': 1.0, '_a3_': 1.0, '_a4_': 1.0, '_a6_': 1.0}};{'d0': 0.024905832919416605};-280.569866449044;39.92404976634499
12398;-100.360883458177;((pow2((x * _a2_)) + ((_a7_ + x) * _a7_)) * ((_a2_ * x) * _a5_));{'d0': {'_a2_': 1.162194605262129, '_a5_': 2.151115561284894, '_a7_': 0.8426446046301768, '_a0_': 1.0, '_a1_': 1.0, '_a3_': 1.0, '_a4_': 1.0, '_a6_': 1.0}};{'d0': 0.024905832919416605};-280.569866449044;39.92404976634499
12399;-105.382580669956;((pow2((x * _a2_)) + ((_a7_ + x) * _a7_)) * (x * _a5_));{'d0': {'_a2_': 1.1621946043688425, '_a5_': 2.50001490697148, '_a7_': 0.8426446034499593, '_a0_': 1.0, '_a1_': 1.0, '_a3_': 1.0, '_a4_': 1.0, '_a6_': 1.0}};{'d0': 0.02490583291941662};-280.569866449044;34.902352554565994
12400;-105.382580669956;((pow2((x * _a2_)) + ((_a5_ + x) * _a7_)) * (x * _a5_));{'d0': {'_a2_': 2.0018334052409803, '_a5_': 0.8426446032310632, '_a7_': 2.500014908105093, '_a0_': 1.0, '_a1_': 1.0, '_a3_': 1.0, '_a4_': 1.0, '_a6_': 1.0}};{'d0': 0.024905832919416636};-280.569866449044;34.902352554565994
12401;-105.382580669956;((pow2((x * _a2_)) + ((_a5_ + x) * _a7_)) * (x * _a5_));{'d0': {'_a2_': 2.0018334052409803, '_a5_': 0.8426446032310632, '_a7_': 2.500014908105093, '_a0_': 1.0, '_a1_': 1.0, '_a3_': 1.0, '_a4_': 1.0, '_a6_': 1.0}};{'d0': 0.024905832919416636};-280.569866449044;34.902352554565994
12402;-105.382580669956;((pow2((x * _a2_)) + ((_a2_ + x) * _a7_)) * (x * _a5_));{'d0': {'_a2_': 0.8426446055019602, '_a5_': 4.755666787116983, '_a7_': 0.4429713351169623, '_a0_': 1.0, '_a1_': 1.0, '_a3_': 1.0, '_a4_': 1.0, '_a6_': 1.0}};{'d0': 0.024905832919416632};-280.569866449044;34.902352554565994
12403;-105.382580669956;((pow2((x * _a2_)) + ((_a2_ + x) * _a7_)) * (x * _a5_));{'d0': {'_a2_': 0.8426446055019602, '_a5_': 4.755666787116983, '_a7_': 0.4429713351169623, '_a0_': 1.0, '_a1_': 1.0, '_a3_': 1.0, '_a4_': 1.0, '_a6_': 1.0}};{'d0': 0.024905832919416632};-280.569866449044;34.902352554565994
12404;-105.382580669956;((pow2((x * _a2_)) + ((_a2_ + x) * _a7_)) * (x * _a5_));{'d0': {'_a2_': 0.8426446055019602, '_a5_': 4.755666787116983, '_a7_': 0.4429713351169623, '_a0_': 1.0, '_a1_': 1.0, '_a3_': 1.0, '_a4_': 1.0, '_a6_': 1.0}};{'d0': 0.024905832919416632};-280.569866449044;34.902352554565994
12405;-105.382580669956;((pow2((x * _a2_)) + ((_a2_ + x) * _a7_)) * (x * _a5_));{'d0': {'_a2_': 0.8426446055019602, '_a5_': 4.755666787116983, '_a7_': 0.4429713351169623, '_a0_': 1.0, '_a1_': 1.0, '_a3_': 1.0, '_a4_': 1.0, '_a6_': 1.0}};{'d0': 0.024905832919416632};-280.569866449044;34.902352554565994
12406;-105.382580669956;((pow2((x * _a2_)) + ((_a2_ + x) * _a7_)) * (x * _a5_));{'d0': {'_a2_': 0.8426446055019602, '_a5_': 4.755666787116983, '_a7_': 0.4429713351169623, '_a0_': 1.0, '_a1_': 1.0, '_a3_': 1.0, '_a4_': 1.0, '_a6_': 1.0}};{'d0': 0.024905832919416632};-280.569866449044;34.902352554565994
12407;-105.382580669956;((pow2((x * _a2_)) + ((_a2_ + x) * _a7_)) * (x * _a5_));{'d0': {'_a2_': 0.8426446055019602, '_a5_': 4.755666787116983, '_a7_': 0.4429713351169623, '_a0_': 1.0, '_a1_': 1.0, '_a3_': 1.0, '_a4_': 1.0, '_a6_': 1.0}};{'d0': 0.024905832919416632};-280.569866449044;34.902352554565994
12408;-105.382580669956;((pow2((x * _a2_)) + ((_a2_ + x) * _a7_)) * (x * _a5_));{'d0': {'_a2_': 0.8426446055019602, '_a5_': 4.755666787116983, '_a7_': 0.4429713351169623, '_a0_': 1.0, '_a1_': 1.0, '_a3_': 1.0, '_a4_': 1.0, '_a6_': 1.0}};{'d0': 0.024905832919416632};-280.569866449044;34.902352554565994
12409;-97.9867117247359;(x * (_a1_ + pow2(((x + (_a2_ * pow2((_a2_ * _a4_)))) * pow2(_a4_)))));{'d0': {'_a1_': 1.4465760891800112, '_a2_': 0.5536927813262663, '_a4_': -1.3555797634455662, '_a0_': 1.0, '_a3_': 1.0, '_a5_': 1.0, '_a6_': 1.0, '_a7_': 1.0}};{'d0': 0.02490583291941659};-280.569866449044;42.298221499785924
12410;-97.9867117247359;(x * (_a1_ + pow2(((x + (_a2_ * pow2((_a2_ * _a4_)))) * pow2(_a4_)))));{'d0': {'_a1_': 1.4465760891800112, '_a2_': 0.5536927813262663, '_a4_': -1.3555797634455662, '_a0_': 1.0, '_a3_': 1.0, '_a5_': 1.0, '_a6_': 1.0, '_a7_': 1.0}};{'d0': 0.02490583291941659};-280.569866449044;42.298221499785924
12411;-97.9867117247359;(x * (_a1_ + pow2(((x + (_a2_ * pow2((_a2_ * _a4_)))) * pow2(_a4_)))));{'d0': {'_a1_': 1.4465760891800112, '_a2_': 0.5536927813262663, '_a4_': -1.3555797634455662, '_a0_': 1.0, '_a3_': 1.0, '_a5_': 1.0, '_a6_': 1.0, '_a7_': 1.0}};{'d0': 0.02490583291941659};-280.569866449044;42.298221499785924
12412;-101.684646197346;(x * (_a1_ + pow2(((x + (_a2_ * pow2((_a2_ * _a4_)))) * _a2_))));{'d0': {'_a1_': 1.4465760888694161, '_a2_': 1.837596495425636, '_a4_': -0.22420904987315363, '_a0_': 1.0, '_a3_': 1.0, '_a5_': 1.0, '_a6_': 1.0, '_a7_': 1.0}};{'d0': 0.02490583291941673};-280.569866449043;38.60028702717592
12413;-101.684646197346;(x * (_a1_ + pow2(((x + (_a2_ * pow2((_a2_ * _a4_)))) * _a2_))));{'d0': {'_a1_': 1.4465760888694161, '_a2_': 1.837596495425636, '_a4_': -0.22420904987315363, '_a0_': 1.0, '_a3_': 1.0, '_a5_': 1.0, '_a6_': 1.0, '_a7_': 1.0}};{'d0': 0.02490583291941673};-280.569866449043;38.60028702717592
12414;-101.684646197346;(x * (_a1_ + pow2(((x + (_a2_ * pow2((_a2_ * _a4_)))) * _a2_))));{'d0': {'_a1_': 1.4465760888694161, '_a2_': 1.837596495425636, '_a4_': -0.22420904987315363, '_a0_': 1.0, '_a3_': 1.0, '_a5_': 1.0, '_a6_': 1.0, '_a7_': 1.0}};{'d0': 0.02490583291941673};-280.569866449043;38.60028702717592
12415;-101.684646197346;(x * (_a1_ + pow2(((x + (_a2_ * pow2((_a2_ * _a4_)))) * _a2_))));{'d0': {'_a1_': 1.4465760888694161, '_a2_': 1.837596495425636, '_a4_': -0.22420904987315363, '_a0_': 1.0, '_a3_': 1.0, '_a5_': 1.0, '_a6_': 1.0, '_a7_': 1.0}};{'d0': 0.02490583291941673};-280.569866449043;38.60028702717592
12416;-105.382580669956;((pow2((x * _a2_)) + ((_a2_ + x) * _a1_)) * (x * _a5_));{'d0': {'_a1_': 0.44297133442166603, '_a2_': 0.8426446049970657, '_a5_': 4.7556667946136, '_a0_': 1.0, '_a3_': 1.0, '_a4_': 1.0, '_a6_': 1.0, '_a7_': 1.0}};{'d0': 0.024905832919416632};-280.569866449044;34.902352554565994
12417;-105.382580669956;((pow2((x * _a2_)) + ((_a2_ + x) * _a1_)) * (x * _a5_));{'d0': {'_a1_': 0.44297133442166603, '_a2_': 0.8426446049970657, '_a5_': 4.7556667946136, '_a0_': 1.0, '_a3_': 1.0, '_a4_': 1.0, '_a6_': 1.0, '_a7_': 1.0}};{'d0': 0.024905832919416632};-280.569866449044;34.902352554565994
12418;-105.382580669956;((pow2((x * _a2_)) + ((_a2_ + x) * _a1_)) * (x * _a5_));{'d0': {'_a1_': 0.44297133442166603, '_a2_': 0.8426446049970657, '_a5_': 4.7556667946136, '_a0_': 1.0, '_a3_': 1.0, '_a4_': 1.0, '_a6_': 1.0, '_a7_': 1.0}};{'d0': 0.024905832919416632};-280.569866449044;34.902352554565994
12419;-105.382580669956;((pow2((x * _a2_)) + ((_a2_ + x) * _a1_)) * (x * _a5_));{'d0': {'_a1_': 0.44297133442166603, '_a2_': 0.8426446049970657, '_a5_': 4.7556667946136, '_a0_': 1.0, '_a3_': 1.0, '_a4_': 1.0, '_a6_': 1.0, '_a7_': 1.0}};{'d0': 0.024905832919416632};-280.569866449044;34.902352554565994
12420;-104.531628829010;((pow2((x / _a2_)) + ((_a2_ + x) * _a1_)) * (x * _a5_));{'d0': {'_a1_': 0.8786134468205513, '_a2_': 0.8426446042664417, '_a5_': 2.397668822349947, '_a0_': 1.0, '_a3_': 1.0, '_a4_': 1.0, '_a6_': 1.0, '_a7_': 1.0}};{'d0': 0.024905832919416622};-280.569866449044;35.75330439551139
12421;-104.531628829010;((pow2((x / _a2_)) + ((_a2_ + x) * _a1_)) * (x * _a5_));{'d0': {'_a1_': 0.8786134468205513, '_a2_': 0.8426446042664417, '_a5_': 2.397668822349947, '_a0_': 1.0, '_a3_': 1.0, '_a4_': 1.0, '_a6_': 1.0, '_a7_': 1.0}};{'d0': 0.024905832919416622};-280.569866449044;35.75330439551139
12422;-104.531628829010;((pow2((x / _a2_)) + ((_a2_ + x) * _a1_)) * (x * _a5_));{'d0': {'_a1_': 0.8786134468205513, '_a2_': 0.8426446042664417, '_a5_': 2.397668822349947, '_a0_': 1.0, '_a3_': 1.0, '_a4_': 1.0, '_a6_': 1.0, '_a7_': 1.0}};{'d0': 0.024905832919416622};-280.569866449044;35.75330439551139
12423;-104.531628829010;((pow2((x / _a2_)) + ((_a2_ + x) * _a1_)) * (x * _a5_));{'d0': {'_a1_': 0.8786134468205513, '_a2_': 0.8426446042664417, '_a5_': 2.397668822349947, '_a0_': 1.0, '_a3_': 1.0, '_a4_': 1.0, '_a6_': 1.0, '_a7_': 1.0}};{'d0': 0.024905832919416622};-280.569866449044;35.75330439551139
12424;-104.531628829010;((pow2((x / _a2_)) + ((_a2_ + x) * _a1_)) * (x * _a5_));{'d0': {'_a1_': 0.8786134468205513, '_a2_': 0.8426446042664417, '_a5_': 2.397668822349947, '_a0_': 1.0, '_a3_': 1.0, '_a4_': 1.0, '_a6_': 1.0, '_a7_': 1.0}};{'d0': 0.024905832919416622};-280.569866449044;35.75330439551139
12425;-104.531628829010;((pow2((x / _a2_)) + ((_a2_ + x) * _a1_)) * (x * _a5_));{'d0': {'_a1_': 0.8786134468205513, '_a2_': 0.8426446042664417, '_a5_': 2.397668822349947, '_a0_': 1.0, '_a3_': 1.0, '_a4_': 1.0, '_a6_': 1.0, '_a7_': 1.0}};{'d0': 0.024905832919416622};-280.569866449044;35.75330439551139
12426;-104.531628829010;((pow2((x / _a2_)) + ((_a2_ + x) * _a1_)) * (x * _a5_));{'d0': {'_a1_': 0.8786134468205513, '_a2_': 0.8426446042664417, '_a5_': 2.397668822349947, '_a0_': 1.0, '_a3_': 1.0, '_a4_': 1.0, '_a6_': 1.0, '_a7_': 1.0}};{'d0': 0.024905832919416622};-280.569866449044;35.75330439551139
12427;-104.531628829010;((pow2((x / _a2_)) + ((_a2_ + x) * _a1_)) * (x * _a5_));{'d0': {'_a1_': 0.8786134468205513, '_a2_': 0.8426446042664417, '_a5_': 2.397668822349947, '_a0_': 1.0, '_a3_': 1.0, '_a4_': 1.0, '_a6_': 1.0, '_a7_': 1.0}};{'d0': 0.024905832919416622};-280.569866449044;35.75330439551139
12428;-109.288302185518;(((pow2(((_a7_ + x) * _a6_)) + _a0_) + _a6_) * x);{'d0': {'_a0_': -0.3910204109362197, '_a6_': 1.8375964972721763, '_a7_': 0.3119297076381673, '_a1_': 1.0, '_a2_': 1.0, '_a3_': 1.0, '_a4_': 1.0, '_a5_': 1.0}};{'d0': 0.024905832919416684};-280.569866449043;30.996631039003997
12429;-109.288302185518;(((pow2(((_a7_ + x) * _a6_)) + _a0_) + _a6_) * x);{'d0': {'_a0_': -0.3910204109362197, '_a6_': 1.8375964972721763, '_a7_': 0.3119297076381673, '_a1_': 1.0, '_a2_': 1.0, '_a3_': 1.0, '_a4_': 1.0, '_a5_': 1.0}};{'d0': 0.024905832919416684};-280.569866449043;30.996631039003997
12430;-109.288302185518;(((pow2(((_a7_ + x) * _a6_)) + _a0_) + _a6_) * x);{'d0': {'_a0_': -0.3910204109362197, '_a6_': 1.8375964972721763, '_a7_': 0.3119297076381673, '_a1_': 1.0, '_a2_': 1.0, '_a3_': 1.0, '_a4_': 1.0, '_a5_': 1.0}};{'d0': 0.024905832919416684};-280.569866449043;30.996631039003997
12431;-109.288302185518;(((pow2(((_a7_ + x) * _a6_)) + _a0_) + _a6_) * x);{'d0': {'_a0_': -0.3910204109362197, '_a6_': 1.8375964972721763, '_a7_': 0.3119297076381673, '_a1_': 1.0, '_a2_': 1.0, '_a3_': 1.0, '_a4_': 1.0, '_a5_': 1.0}};{'d0': 0.024905832919416684};-280.569866449043;30.996631039003997
12432;-109.288302185518;(((pow2(((_a7_ + x) * _a6_)) + _a0_) + _a6_) * x);{'d0': {'_a0_': -0.3910204109362197, '_a6_': 1.8375964972721763, '_a7_': 0.3119297076381673, '_a1_': 1.0, '_a2_': 1.0, '_a3_': 1.0, '_a4_': 1.0, '_a5_': 1.0}};{'d0': 0.024905832919416684};-280.569866449043;30.996631039003997
12433;-109.288302185518;(((pow2(((_a7_ + x) * _a6_)) + _a0_) + _a6_) * x);{'d0': {'_a0_': -0.3910204109362197, '_a6_': 1.8375964972721763, '_a7_': 0.3119297076381673, '_a1_': 1.0, '_a2_': 1.0, '_a3_': 1.0, '_a4_': 1.0, '_a5_': 1.0}};{'d0': 0.024905832919416684};-280.569866449043;30.996631039003997
12434;-109.288302185518;(((pow2(((_a7_ + x) * _a6_)) + _a0_) + _a6_) * x);{'d0': {'_a0_': -0.3910204109362197, '_a6_': 1.8375964972721763, '_a7_': 0.3119297076381673, '_a1_': 1.0, '_a2_': 1.0, '_a3_': 1.0, '_a4_': 1.0, '_a5_': 1.0}};{'d0': 0.024905832919416684};-280.569866449043;30.996631039003997
12435;-109.288302185518;(((pow2(((_a7_ + x) * _a6_)) + _a0_) + _a6_) * x);{'d0': {'_a0_': -0.3910204109362197, '_a6_': 1.8375964972721763, '_a7_': 0.3119297076381673, '_a1_': 1.0, '_a2_': 1.0, '_a3_': 1.0, '_a4_': 1.0, '_a5_': 1.0}};{'d0': 0.024905832919416684};-280.569866449043;30.996631039003997
12436;-109.288302185518;(((pow2(((_a7_ + x) * _a6_)) + _a0_) + _a6_) * x);{'d0': {'_a0_': -0.3910204109362197, '_a6_': 1.8375964972721763, '_a7_': 0.3119297076381673, '_a1_': 1.0, '_a2_': 1.0, '_a3_': 1.0, '_a4_': 1.0, '_a5_': 1.0}};{'d0': 0.024905832919416684};-280.569866449043;30.996631039003997
12437;-109.288302185518;(((pow2(((_a7_ + x) * _a6_)) + _a0_) + _a6_) * x);{'d0': {'_a0_': -0.3910204109362197, '_a6_': 1.8375964972721763, '_a7_': 0.3119297076381673, '_a1_': 1.0, '_a2_': 1.0, '_a3_': 1.0, '_a4_': 1.0, '_a5_': 1.0}};{'d0': 0.024905832919416684};-280.569866449043;30.996631039003997
12438;-109.288302185518;(((pow2(((_a7_ + x) * _a6_)) + _a0_) + _a6_) * x);{'d0': {'_a0_': -0.3910204109362197, '_a6_': 1.8375964972721763, '_a7_': 0.3119297076381673, '_a1_': 1.0, '_a2_': 1.0, '_a3_': 1.0, '_a4_': 1.0, '_a5_': 1.0}};{'d0': 0.024905832919416684};-280.569866449043;30.996631039003997
12439;-109.288302185518;(((pow2(((_a7_ + x) * _a6_)) + _a0_) + _a6_) * x);{'d0': {'_a0_': -0.3910204109362197, '_a6_': 1.8375964972721763, '_a7_': 0.3119297076381673, '_a1_': 1.0, '_a2_': 1.0, '_a3_': 1.0, '_a4_': 1.0, '_a5_': 1.0}};{'d0': 0.024905832919416684};-280.569866449043;30.996631039003997
12440;-109.288302185518;(((pow2(((_a7_ + x) * _a6_)) + _a0_) + _a6_) * x);{'d0': {'_a0_': -0.3910204109362197, '_a6_': 1.8375964972721763, '_a7_': 0.3119297076381673, '_a1_': 1.0, '_a2_': 1.0, '_a3_': 1.0, '_a4_': 1.0, '_a5_': 1.0}};{'d0': 0.024905832919416684};-280.569866449043;30.996631039003997
12441;-109.288302185518;(((pow2(((_a7_ + x) * _a6_)) + _a0_) + _a6_) * x);{'d0': {'_a0_': -0.3910204109362197, '_a6_': 1.8375964972721763, '_a7_': 0.3119297076381673, '_a1_': 1.0, '_a2_': 1.0, '_a3_': 1.0, '_a4_': 1.0, '_a5_': 1.0}};{'d0': 0.024905832919416684};-280.569866449043;30.996631039003997
12442;-109.288302185518;(((pow2(((_a7_ + x) * _a6_)) + _a0_) + _a6_) * x);{'d0': {'_a0_': -0.3910204109362197, '_a6_': 1.8375964972721763, '_a7_': 0.3119297076381673, '_a1_': 1.0, '_a2_': 1.0, '_a3_': 1.0, '_a4_': 1.0, '_a5_': 1.0}};{'d0': 0.024905832919416684};-280.569866449043;30.996631039003997
12443;-103.571388659998;((pow2((x / _a2_)) + ((_a2_ + x) / _a1_)) * (x * _a5_));{'d0': {'_a1_': 1.1381569494632753, '_a2_': 0.8426446044065701, '_a5_': 2.3976688228566956, '_a0_': 1.0, '_a3_': 1.0, '_a4_': 1.0, '_a6_': 1.0, '_a7_': 1.0}};{'d0': 0.024905832919416598};-280.569866449044;36.713544564523595
12444;-103.571388659998;((pow2((x / _a2_)) + ((_a2_ + x) / _a1_)) * (x * _a5_));{'d0': {'_a1_': 1.1381569494632753, '_a2_': 0.8426446044065701, '_a5_': 2.3976688228566956, '_a0_': 1.0, '_a3_': 1.0, '_a4_': 1.0, '_a6_': 1.0, '_a7_': 1.0}};{'d0': 0.024905832919416598};-280.569866449044;36.713544564523595
12445;-103.571388659998;((pow2((x / _a2_)) + ((_a2_ + x) / _a1_)) * (x * _a5_));{'d0': {'_a1_': 1.1381569494632753, '_a2_': 0.8426446044065701, '_a5_': 2.3976688228566956, '_a0_': 1.0, '_a3_': 1.0, '_a4_': 1.0, '_a6_': 1.0, '_a7_': 1.0}};{'d0': 0.024905832919416598};-280.569866449044;36.713544564523595
12446;-103.571388659998;((pow2((x / _a2_)) + ((_a2_ + x) / _a1_)) * (x * _a5_));{'d0': {'_a1_': 1.1381569494632753, '_a2_': 0.8426446044065701, '_a5_': 2.3976688228566956, '_a0_': 1.0, '_a3_': 1.0, '_a4_': 1.0, '_a6_': 1.0, '_a7_': 1.0}};{'d0': 0.024905832919416598};-280.569866449044;36.713544564523595
12447;-103.571388659998;((pow2((x / _a2_)) + ((_a2_ + x) / _a1_)) * (x * _a5_));{'d0': {'_a1_': 1.1381569494632753, '_a2_': 0.8426446044065701, '_a5_': 2.3976688228566956, '_a0_': 1.0, '_a3_': 1.0, '_a4_': 1.0, '_a6_': 1.0, '_a7_': 1.0}};{'d0': 0.024905832919416598};-280.569866449044;36.713544564523595
12448;-103.571388659998;((pow2((x / _a2_)) + ((_a2_ + x) / _a1_)) * (x * _a5_));{'d0': {'_a1_': 1.1381569494632753, '_a2_': 0.8426446044065701, '_a5_': 2.3976688228566956, '_a0_': 1.0, '_a3_': 1.0, '_a4_': 1.0, '_a6_': 1.0, '_a7_': 1.0}};{'d0': 0.024905832919416598};-280.569866449044;36.713544564523595
12449;-103.571388659998;((pow2((x / _a2_)) + ((_a2_ + x) / _a1_)) * (x * _a5_));{'d0': {'_a1_': 1.1381569494632753, '_a2_': 0.8426446044065701, '_a5_': 2.3976688228566956, '_a0_': 1.0, '_a3_': 1.0, '_a4_': 1.0, '_a6_': 1.0, '_a7_': 1.0}};{'d0': 0.024905832919416598};-280.569866449044;36.713544564523595
12450;-103.571388659998;((pow2((x / _a2_)) + ((_a2_ + x) / _a1_)) * (x * _a5_));{'d0': {'_a1_': 1.1381569494632753, '_a2_': 0.8426446044065701, '_a5_': 2.3976688228566956, '_a0_': 1.0, '_a3_': 1.0, '_a4_': 1.0, '_a6_': 1.0, '_a7_': 1.0}};{'d0': 0.024905832919416598};-280.569866449044;36.713544564523595
12451;-103.571388659998;((pow2((x / _a2_)) + ((_a2_ + x) / _a1_)) * (x * _a5_));{'d0': {'_a1_': 1.1381569494632753, '_a2_': 0.8426446044065701, '_a5_': 2.3976688228566956, '_a0_': 1.0, '_a3_': 1.0, '_a4_': 1.0, '_a6_': 1.0, '_a7_': 1.0}};{'d0': 0.024905832919416598};-280.569866449044;36.713544564523595
12452;-103.488010419115;((pow2((x / _a2_)) + ((_a2_ + x) + _a1_)) * (x * _a5_));{'d0': {'_a1_': 0.05279689497401273, '_a2_': 0.7898477161124025, '_a5_': 2.1066240532482423, '_a0_': 1.0, '_a3_': 1.0, '_a4_': 1.0, '_a6_': 1.0, '_a7_': 1.0}};{'d0': 0.024905832919416802};-280.569866449043;36.796922805406396
12453;-103.488010419115;((pow2((x / _a2_)) + ((_a2_ + x) + _a1_)) * (x * _a5_));{'d0': {'_a1_': 0.05279689497401273, '_a2_': 0.7898477161124025, '_a5_': 2.1066240532482423, '_a0_': 1.0, '_a3_': 1.0, '_a4_': 1.0, '_a6_': 1.0, '_a7_': 1.0}};{'d0': 0.024905832919416802};-280.569866449043;36.796922805406396
12454;-103.488010419115;((pow2((x / _a2_)) + ((_a2_ + x) + _a1_)) * (x * _a5_));{'d0': {'_a1_': 0.05279689497401273, '_a2_': 0.7898477161124025, '_a5_': 2.1066240532482423, '_a0_': 1.0, '_a3_': 1.0, '_a4_': 1.0, '_a6_': 1.0, '_a7_': 1.0}};{'d0': 0.024905832919416802};-280.569866449043;36.796922805406396
12455;-103.488010419115;((pow2((x / _a2_)) + ((_a2_ + x) + _a1_)) * (x * _a5_));{'d0': {'_a1_': 0.05279689497401273, '_a2_': 0.7898477161124025, '_a5_': 2.1066240532482423, '_a0_': 1.0, '_a3_': 1.0, '_a4_': 1.0, '_a6_': 1.0, '_a7_': 1.0}};{'d0': 0.024905832919416802};-280.569866449043;36.796922805406396
12456;-103.488010419115;((pow2((x / _a2_)) + ((_a2_ + x) + _a1_)) * (x * _a5_));{'d0': {'_a1_': 0.05279689497401273, '_a2_': 0.7898477161124025, '_a5_': 2.1066240532482423, '_a0_': 1.0, '_a3_': 1.0, '_a4_': 1.0, '_a6_': 1.0, '_a7_': 1.0}};{'d0': 0.024905832919416802};-280.569866449043;36.796922805406396
12457;-94.1701460102996;(x * ((_a2_ ** _a0_) + pow2(((x + (_a2_ * pow2((_a2_ / _a7_)))) * _a7_))));{'d0': {'_a0_': 21.32477743555716, '_a2_': 1.0174639094090043, '_a7_': 1.8375964855840452, '_a1_': 1.0, '_a3_': 1.0, '_a4_': 1.0, '_a5_': 1.0, '_a6_': 1.0}};{'d0': 0.024905832919417344};-280.569866449042;46.11478721422132
12458;-94.1701460102996;(x * ((_a2_ ** _a0_) + pow2(((x + (_a2_ * pow2((_a2_ / _a7_)))) * _a7_))));{'d0': {'_a0_': 21.32477743555716, '_a2_': 1.0174639094090043, '_a7_': 1.8375964855840452, '_a1_': 1.0, '_a3_': 1.0, '_a4_': 1.0, '_a5_': 1.0, '_a6_': 1.0}};{'d0': 0.024905832919417344};-280.569866449042;46.11478721422132
12459;-94.1701460102996;(x * ((_a2_ ** _a0_) + pow2(((x + (_a2_ * pow2((_a2_ / _a7_)))) * _a7_))));{'d0': {'_a0_': 21.32477743555716, '_a2_': 1.0174639094090043, '_a7_': 1.8375964855840452, '_a1_': 1.0, '_a3_': 1.0, '_a4_': 1.0, '_a5_': 1.0, '_a6_': 1.0}};{'d0': 0.024905832919417344};-280.569866449042;46.11478721422132
12460;-94.1701460102996;(x * ((_a2_ ** _a0_) + pow2(((x + (_a2_ * pow2((_a2_ / _a7_)))) * _a7_))));{'d0': {'_a0_': 21.32477743555716, '_a2_': 1.0174639094090043, '_a7_': 1.8375964855840452, '_a1_': 1.0, '_a3_': 1.0, '_a4_': 1.0, '_a5_': 1.0, '_a6_': 1.0}};{'d0': 0.024905832919417344};-280.569866449042;46.11478721422132
12461;-94.1701460102996;(x * ((_a2_ ** _a0_) + pow2(((x + (_a2_ * pow2((_a2_ / _a7_)))) * _a7_))));{'d0': {'_a0_': 21.32477743555716, '_a2_': 1.0174639094090043, '_a7_': 1.8375964855840452, '_a1_': 1.0, '_a3_': 1.0, '_a4_': 1.0, '_a5_': 1.0, '_a6_': 1.0}};{'d0': 0.024905832919417344};-280.569866449042;46.11478721422132
12462;-94.1701460102996;(x * ((_a2_ ** _a0_) + pow2(((x + (_a2_ * pow2((_a2_ / _a7_)))) * _a7_))));{'d0': {'_a0_': 21.32477743555716, '_a2_': 1.0174639094090043, '_a7_': 1.8375964855840452, '_a1_': 1.0, '_a3_': 1.0, '_a4_': 1.0, '_a5_': 1.0, '_a6_': 1.0}};{'d0': 0.024905832919417344};-280.569866449042;46.11478721422132
12463;-94.1701460103005;(x * ((_a2_ ** _a0_) + pow2(((x + (_a2_ * pow2((_a2_ / _a7_)))) * _a0_))));{'d0': {'_a0_': 1.8375964945141516, '_a2_': 1.2225200195856947, '_a7_': 2.4202242068578568, '_a1_': 1.0, '_a3_': 1.0, '_a4_': 1.0, '_a5_': 1.0, '_a6_': 1.0}};{'d0': 0.02490583291941656};-280.569866449044;46.11478721422132
12464;-103.488010419115;((pow2((x / _a2_)) + ((_a2_ + x) + _a1_)) * (x * _a5_));{'d0': {'_a1_': 0.05279689497401273, '_a2_': 0.7898477161124025, '_a5_': 2.1066240532482423, '_a0_': 1.0, '_a3_': 1.0, '_a4_': 1.0, '_a6_': 1.0, '_a7_': 1.0}};{'d0': 0.024905832919416802};-280.569866449043;36.796922805406396
12465;-103.488010419115;((pow2((x / _a2_)) + ((_a2_ + x) + _a1_)) * (x * _a5_));{'d0': {'_a1_': 0.05279689497401273, '_a2_': 0.7898477161124025, '_a5_': 2.1066240532482423, '_a0_': 1.0, '_a3_': 1.0, '_a4_': 1.0, '_a6_': 1.0, '_a7_': 1.0}};{'d0': 0.024905832919416802};-280.569866449043;36.796922805406396
12466;-103.488010419115;((pow2((x / _a2_)) + ((_a2_ + x) + _a1_)) * (x * _a5_));{'d0': {'_a1_': 0.05279689497401273, '_a2_': 0.7898477161124025, '_a5_': 2.1066240532482423, '_a0_': 1.0, '_a3_': 1.0, '_a4_': 1.0, '_a6_': 1.0, '_a7_': 1.0}};{'d0': 0.024905832919416802};-280.569866449043;36.796922805406396
12467;-103.488010419115;((pow2((x / _a2_)) + ((_a2_ + x) + _a1_)) * (x * _a5_));{'d0': {'_a1_': 0.05279689497401273, '_a2_': 0.7898477161124025, '_a5_': 2.1066240532482423, '_a0_': 1.0, '_a3_': 1.0, '_a4_': 1.0, '_a6_': 1.0, '_a7_': 1.0}};{'d0': 0.024905832919416802};-280.569866449043;36.796922805406396
12468;-103.488010419115;((pow2((x / _a2_)) + ((_a2_ + x) + _a1_)) * (x * _a5_));{'d0': {'_a1_': 0.05279689497401273, '_a2_': 0.7898477161124025, '_a5_': 2.1066240532482423, '_a0_': 1.0, '_a3_': 1.0, '_a4_': 1.0, '_a6_': 1.0, '_a7_': 1.0}};{'d0': 0.024905832919416802};-280.569866449043;36.796922805406396
12469;-103.488010419115;((pow2((x / _a2_)) + ((_a2_ + x) + _a1_)) * (x * _a5_));{'d0': {'_a1_': 0.05279689497401273, '_a2_': 0.7898477161124025, '_a5_': 2.1066240532482423, '_a0_': 1.0, '_a3_': 1.0, '_a4_': 1.0, '_a6_': 1.0, '_a7_': 1.0}};{'d0': 0.024905832919416802};-280.569866449043;36.796922805406396
12470;-103.488010419115;((pow2((x / _a2_)) + ((_a2_ + x) + _a1_)) * (x * _a5_));{'d0': {'_a1_': 0.05279689497401273, '_a2_': 0.7898477161124025, '_a5_': 2.1066240532482423, '_a0_': 1.0, '_a3_': 1.0, '_a4_': 1.0, '_a6_': 1.0, '_a7_': 1.0}};{'d0': 0.024905832919416802};-280.569866449043;36.796922805406396
12471;-87.5290566866662;((-((x + -(_a2_))) / _a1_) + -(pow3(((_a7_ * _a1_) + (x * _a4_)))));{'d0': {'_a1_': -0.7491455557044683, '_a2_': 0.023630967336624613, '_a4_': -1.501112971937137, '_a7_': 0.4171516241297408, '_a0_': 1.0, '_a3_': 1.0, '_a5_': 1.0, '_a6_': 1.0}};{'d0': 0.024885482501867017};-276.524567593312;50.73322710998994
12472;-87.5290566866662;((-((x + -(_a2_))) / _a1_) + -(pow3(((_a7_ * _a1_) + (x * _a4_)))));{'d0': {'_a1_': -0.7491455557044683, '_a2_': 0.023630967336624613, '_a4_': -1.501112971937137, '_a7_': 0.4171516241297408, '_a0_': 1.0, '_a3_': 1.0, '_a5_': 1.0, '_a6_': 1.0}};{'d0': 0.024885482501867017};-276.524567593312;50.73322710998994
12473;-87.5290566866662;((-((x + -(_a2_))) / _a1_) + -(pow3(((_a7_ * _a1_) + (x * _a4_)))));{'d0': {'_a1_': -0.7491455557044683, '_a2_': 0.023630967336624613, '_a4_': -1.501112971937137, '_a7_': 0.4171516241297408, '_a0_': 1.0, '_a3_': 1.0, '_a5_': 1.0, '_a6_': 1.0}};{'d0': 0.024885482501867017};-276.524567593312;50.73322710998994
12474;-87.5290566866662;((-((x + -(_a2_))) / _a1_) + -(pow3(((_a7_ * _a1_) + (x * _a4_)))));{'d0': {'_a1_': -0.7491455557044683, '_a2_': 0.023630967336624613, '_a4_': -1.501112971937137, '_a7_': 0.4171516241297408, '_a0_': 1.0, '_a3_': 1.0, '_a5_': 1.0, '_a6_': 1.0}};{'d0': 0.024885482501867017};-276.524567593312;50.73322710998994
12475;-87.5290566866662;((-((x + -(_a2_))) / _a1_) + -(pow3(((_a7_ * _a1_) + (x * _a4_)))));{'d0': {'_a1_': -0.7491455557044683, '_a2_': 0.023630967336624613, '_a4_': -1.501112971937137, '_a7_': 0.4171516241297408, '_a0_': 1.0, '_a3_': 1.0, '_a5_': 1.0, '_a6_': 1.0}};{'d0': 0.024885482501867017};-276.524567593312;50.73322710998994
12476;-87.5290566866662;((-((x + -(_a2_))) / _a1_) + -(pow3(((_a7_ * _a1_) + (x * _a4_)))));{'d0': {'_a1_': -0.7491455557044683, '_a2_': 0.023630967336624613, '_a4_': -1.501112971937137, '_a7_': 0.4171516241297408, '_a0_': 1.0, '_a3_': 1.0, '_a5_': 1.0, '_a6_': 1.0}};{'d0': 0.024885482501867017};-276.524567593312;50.73322710998994
12477;-87.5290566866662;((-((x + -(_a2_))) / _a1_) + -(pow3(((_a7_ * _a1_) + (x * _a4_)))));{'d0': {'_a1_': -0.7491455557044683, '_a2_': 0.023630967336624613, '_a4_': -1.501112971937137, '_a7_': 0.4171516241297408, '_a0_': 1.0, '_a3_': 1.0, '_a5_': 1.0, '_a6_': 1.0}};{'d0': 0.024885482501867017};-276.524567593312;50.73322710998994
12478;-87.5290566866662;((-((x + -(_a2_))) / _a1_) + -(pow3(((_a7_ * _a1_) + (x * _a4_)))));{'d0': {'_a1_': -0.7491455557044683, '_a2_': 0.023630967336624613, '_a4_': -1.501112971937137, '_a7_': 0.4171516241297408, '_a0_': 1.0, '_a3_': 1.0, '_a5_': 1.0, '_a6_': 1.0}};{'d0': 0.024885482501867017};-276.524567593312;50.73322710998994
12479;-87.5290566866662;((-((x + -(_a2_))) / _a1_) + -(pow3(((_a7_ * _a1_) + (x * _a4_)))));{'d0': {'_a1_': -0.7491455557044683, '_a2_': 0.023630967336624613, '_a4_': -1.501112971937137, '_a7_': 0.4171516241297408, '_a0_': 1.0, '_a3_': 1.0, '_a5_': 1.0, '_a6_': 1.0}};{'d0': 0.024885482501867017};-276.524567593312;50.73322710998994
12480;-87.5290566866662;((-((x + -(_a2_))) / _a1_) + -(pow3(((_a7_ * _a1_) + (x * _a4_)))));{'d0': {'_a1_': -0.7491455557044683, '_a2_': 0.023630967336624613, '_a4_': -1.501112971937137, '_a7_': 0.4171516241297408, '_a0_': 1.0, '_a3_': 1.0, '_a5_': 1.0, '_a6_': 1.0}};{'d0': 0.024885482501867017};-276.524567593312;50.73322710998994
12481;-87.5290566866662;((-((x + -(_a2_))) / _a1_) + -(pow3(((_a7_ * _a1_) + (x * _a4_)))));{'d0': {'_a1_': -0.7491455557044683, '_a2_': 0.023630967336624613, '_a4_': -1.501112971937137, '_a7_': 0.4171516241297408, '_a0_': 1.0, '_a3_': 1.0, '_a5_': 1.0, '_a6_': 1.0}};{'d0': 0.024885482501867017};-276.524567593312;50.73322710998994
12482;-87.5290566866662;((-((x + -(_a2_))) / _a1_) + -(pow3(((_a7_ * _a1_) + (x * _a4_)))));{'d0': {'_a1_': -0.7491455557044683, '_a2_': 0.023630967336624613, '_a4_': -1.501112971937137, '_a7_': 0.4171516241297408, '_a0_': 1.0, '_a3_': 1.0, '_a5_': 1.0, '_a6_': 1.0}};{'d0': 0.024885482501867017};-276.524567593312;50.73322710998994
12483;-87.5290566866662;((-((x + -(_a2_))) / _a1_) + -(pow3(((_a7_ * _a1_) + (x * _a4_)))));{'d0': {'_a1_': -0.7491455557044683, '_a2_': 0.023630967336624613, '_a4_': -1.501112971937137, '_a7_': 0.4171516241297408, '_a0_': 1.0, '_a3_': 1.0, '_a5_': 1.0, '_a6_': 1.0}};{'d0': 0.024885482501867017};-276.524567593312;50.73322710998994
12484;-87.5290566866662;((-((x + -(_a2_))) / _a1_) + -(pow3(((_a7_ * _a1_) + (x * _a4_)))));{'d0': {'_a1_': -0.7491455557044683, '_a2_': 0.023630967336624613, '_a4_': -1.501112971937137, '_a7_': 0.4171516241297408, '_a0_': 1.0, '_a3_': 1.0, '_a5_': 1.0, '_a6_': 1.0}};{'d0': 0.024885482501867017};-276.524567593312;50.73322710998994
12485;-87.5290566866662;((-((x + -(_a2_))) / _a1_) + -(pow3(((_a7_ * _a1_) + (x * _a4_)))));{'d0': {'_a1_': -0.7491455557044683, '_a2_': 0.023630967336624613, '_a4_': -1.501112971937137, '_a7_': 0.4171516241297408, '_a0_': 1.0, '_a3_': 1.0, '_a5_': 1.0, '_a6_': 1.0}};{'d0': 0.024885482501867017};-276.524567593312;50.73322710998994
12486;-87.5290566866662;((-((x + -(_a2_))) / _a1_) + -(pow3(((_a7_ * _a1_) + (x * _a4_)))));{'d0': {'_a1_': -0.7491455557044683, '_a2_': 0.023630967336624613, '_a4_': -1.501112971937137, '_a7_': 0.4171516241297408, '_a0_': 1.0, '_a3_': 1.0, '_a5_': 1.0, '_a6_': 1.0}};{'d0': 0.024885482501867017};-276.524567593312;50.73322710998994
12487;-87.5290566866662;((-((x + -(_a2_))) / _a1_) + -(pow3(((_a7_ * _a1_) + (x * _a4_)))));{'d0': {'_a1_': -0.7491455557044683, '_a2_': 0.023630967336624613, '_a4_': -1.501112971937137, '_a7_': 0.4171516241297408, '_a0_': 1.0, '_a3_': 1.0, '_a5_': 1.0, '_a6_': 1.0}};{'d0': 0.024885482501867017};-276.524567593312;50.73322710998994
12488;-87.5290566866662;((-((x + -(_a2_))) / _a1_) + -(pow3(((_a7_ * _a1_) + (x * _a4_)))));{'d0': {'_a1_': -0.7491455557044683, '_a2_': 0.023630967336624613, '_a4_': -1.501112971937137, '_a7_': 0.4171516241297408, '_a0_': 1.0, '_a3_': 1.0, '_a5_': 1.0, '_a6_': 1.0}};{'d0': 0.024885482501867017};-276.524567593312;50.73322710998994
12489;-87.5290566866662;((-((x + -(_a2_))) / _a1_) + -(pow3(((_a7_ * _a1_) + (x * _a4_)))));{'d0': {'_a1_': -0.7491455557044683, '_a2_': 0.023630967336624613, '_a4_': -1.501112971937137, '_a7_': 0.4171516241297408, '_a0_': 1.0, '_a3_': 1.0, '_a5_': 1.0, '_a6_': 1.0}};{'d0': 0.024885482501867017};-276.524567593312;50.73322710998994
12490;-87.5290566866662;((-((x + -(_a2_))) / _a1_) + -(pow3(((_a7_ * _a1_) + (x * _a4_)))));{'d0': {'_a1_': -0.7491455557044683, '_a2_': 0.023630967336624613, '_a4_': -1.501112971937137, '_a7_': 0.4171516241297408, '_a0_': 1.0, '_a3_': 1.0, '_a5_': 1.0, '_a6_': 1.0}};{'d0': 0.024885482501867017};-276.524567593312;50.73322710998994
12491;-87.5290566866662;((-((x + -(_a2_))) / _a1_) + -(pow3(((_a7_ * _a1_) + (x * _a4_)))));{'d0': {'_a1_': -0.7491455557044683, '_a2_': 0.023630967336624613, '_a4_': -1.501112971937137, '_a7_': 0.4171516241297408, '_a0_': 1.0, '_a3_': 1.0, '_a5_': 1.0, '_a6_': 1.0}};{'d0': 0.024885482501867017};-276.524567593312;50.73322710998994
12492;-87.5290566866662;((-((x + -(_a2_))) / _a1_) + -(pow3(((_a7_ * _a1_) + (x * _a4_)))));{'d0': {'_a1_': -0.7491455557044683, '_a2_': 0.023630967336624613, '_a4_': -1.501112971937137, '_a7_': 0.4171516241297408, '_a0_': 1.0, '_a3_': 1.0, '_a5_': 1.0, '_a6_': 1.0}};{'d0': 0.024885482501867017};-276.524567593312;50.73322710998994
12493;-87.5290566866662;((-((x + -(_a2_))) / _a1_) + -(pow3(((_a7_ * _a1_) + (x * _a4_)))));{'d0': {'_a1_': -0.7491455557044683, '_a2_': 0.023630967336624613, '_a4_': -1.501112971937137, '_a7_': 0.4171516241297408, '_a0_': 1.0, '_a3_': 1.0, '_a5_': 1.0, '_a6_': 1.0}};{'d0': 0.024885482501867017};-276.524567593312;50.73322710998994
12494;-87.5290566866662;((-((x + -(_a2_))) / _a1_) + -(pow3(((_a7_ * _a1_) + (x * _a4_)))));{'d0': {'_a1_': -0.7491455557044683, '_a2_': 0.023630967336624613, '_a4_': -1.501112971937137, '_a7_': 0.4171516241297408, '_a0_': 1.0, '_a3_': 1.0, '_a5_': 1.0, '_a6_': 1.0}};{'d0': 0.024885482501867017};-276.524567593312;50.73322710998994
12495;-100.906866681383;(x * (_a5_ + pow2(((x + (_a2_ * pow2(-(_a6_)))) * _a0_))));{'d0': {'_a0_': 1.8375964950345143, '_a2_': -0.7909896630919798, '_a5_': 1.4465760890866968, '_a6_': 0.6279758678742512, '_a1_': 1.0, '_a3_': 1.0, '_a4_': 1.0, '_a7_': 1.0}};{'d0': 0.02490583291945717};-276.475521886724;37.33089426197931
12496;-100.906866681383;(x * (_a5_ + pow2(((x + (_a2_ * pow2(-(_a6_)))) * _a0_))));{'d0': {'_a0_': 1.8375964950345143, '_a2_': -0.7909896630919798, '_a5_': 1.4465760890866968, '_a6_': 0.6279758678742512, '_a1_': 1.0, '_a3_': 1.0, '_a4_': 1.0, '_a7_': 1.0}};{'d0': 0.02490583291945717};-276.475521886724;37.33089426197931
12497;-100.906866681383;(x * (_a5_ + pow2(((x + (_a2_ * pow2(-(_a6_)))) * _a0_))));{'d0': {'_a0_': 1.8375964950345143, '_a2_': -0.7909896630919798, '_a5_': 1.4465760890866968, '_a6_': 0.6279758678742512, '_a1_': 1.0, '_a3_': 1.0, '_a4_': 1.0, '_a7_': 1.0}};{'d0': 0.02490583291945717};-276.475521886724;37.33089426197931
12498;-100.906866681383;(x * (_a5_ + pow2(((x + (_a2_ * pow2(-(_a6_)))) * _a0_))));{'d0': {'_a0_': 1.8375964950345143, '_a2_': -0.7909896630919798, '_a5_': 1.4465760890866968, '_a6_': 0.6279758678742512, '_a1_': 1.0, '_a3_': 1.0, '_a4_': 1.0, '_a7_': 1.0}};{'d0': 0.02490583291945717};-276.475521886724;37.33089426197931
12499;-100.906866681383;(x * (_a5_ + pow2(((x + (_a2_ * pow2(-(_a6_)))) * _a0_))));{'d0': {'_a0_': 1.8375964950345143, '_a2_': -0.7909896630919798, '_a5_': 1.4465760890866968, '_a6_': 0.6279758678742512, '_a1_': 1.0, '_a3_': 1.0, '_a4_': 1.0, '_a7_': 1.0}};{'d0': 0.02490583291945717};-276.475521886724;37.33089426197931
12500;-102.954038962543;(x * (_a5_ + pow2(((x + (_a2_ * pow2(-(_a6_)))) * _a2_))));{'d0': {'_a2_': -1.8375964943406349, '_a5_': 1.4465760901199116, '_a6_': 0.41200576447079995, '_a0_': 1.0, '_a1_': 1.0, '_a3_': 1.0, '_a4_': 1.0, '_a7_': 1.0}};{'d0': 0.024905832919416573};-280.569866449044;37.33089426197931
12501;-102.954038962543;(x * (_a5_ + pow2(((x + (_a2_ * pow2(-(_a6_)))) * _a2_))));{'d0': {'_a2_': -1.8375964943406349, '_a5_': 1.4465760901199116, '_a6_': 0.41200576447079995, '_a0_': 1.0, '_a1_': 1.0, '_a3_': 1.0, '_a4_': 1.0, '_a7_': 1.0}};{'d0': 0.024905832919416573};-280.569866449044;37.33089426197931
12502;-102.954038962543;(x * (_a5_ + pow2(((x + (_a2_ * pow2(-(_a6_)))) * _a2_))));{'d0': {'_a2_': -1.8375964943406349, '_a5_': 1.4465760901199116, '_a6_': 0.41200576447079995, '_a0_': 1.0, '_a1_': 1.0, '_a3_': 1.0, '_a4_': 1.0, '_a7_': 1.0}};{'d0': 0.024905832919416573};-280.569866449044;37.33089426197931
12503;-102.954038962543;(x * (_a5_ + pow2(((x + (_a2_ * pow2(-(_a6_)))) * _a2_))));{'d0': {'_a2_': -1.8375964943406349, '_a5_': 1.4465760901199116, '_a6_': 0.41200576447079995, '_a0_': 1.0, '_a1_': 1.0, '_a3_': 1.0, '_a4_': 1.0, '_a7_': 1.0}};{'d0': 0.024905832919416573};-280.569866449044;37.33089426197931
12504;-102.954038962543;(x * (_a5_ + pow2(((x + (_a2_ * pow2(-(_a6_)))) * _a2_))));{'d0': {'_a2_': -1.8375964943406349, '_a5_': 1.4465760901199116, '_a6_': 0.41200576447079995, '_a0_': 1.0, '_a1_': 1.0, '_a3_': 1.0, '_a4_': 1.0, '_a7_': 1.0}};{'d0': 0.024905832919416573};-280.569866449044;37.33089426197931
12505;-102.954038962543;(x * (_a5_ + pow2(((x + (_a2_ * pow2(-(_a6_)))) * _a2_))));{'d0': {'_a2_': -1.8375964943406349, '_a5_': 1.4465760901199116, '_a6_': 0.41200576447079995, '_a0_': 1.0, '_a1_': 1.0, '_a3_': 1.0, '_a4_': 1.0, '_a7_': 1.0}};{'d0': 0.024905832919416573};-280.569866449044;37.33089426197931
12506;-102.954038962543;(x * (_a5_ + pow2(((x + (_a2_ * pow2(-(_a6_)))) * _a2_))));{'d0': {'_a2_': -1.8375964943406349, '_a5_': 1.4465760901199116, '_a6_': 0.41200576447079995, '_a0_': 1.0, '_a1_': 1.0, '_a3_': 1.0, '_a4_': 1.0, '_a7_': 1.0}};{'d0': 0.024905832919416573};-280.569866449044;37.33089426197931
12507;-102.954038962543;(x * (_a5_ + pow2(((x + (_a2_ * pow2(-(_a6_)))) * _a2_))));{'d0': {'_a2_': -1.8375964943406349, '_a5_': 1.4465760901199116, '_a6_': 0.41200576447079995, '_a0_': 1.0, '_a1_': 1.0, '_a3_': 1.0, '_a4_': 1.0, '_a7_': 1.0}};{'d0': 0.024905832919416573};-280.569866449044;37.33089426197931
12508;-102.954038962543;(x * (_a5_ + pow2(((x + (_a2_ * pow2(-(_a6_)))) * _a2_))));{'d0': {'_a2_': -1.8375964943406349, '_a5_': 1.4465760901199116, '_a6_': 0.41200576447079995, '_a0_': 1.0, '_a1_': 1.0, '_a3_': 1.0, '_a4_': 1.0, '_a7_': 1.0}};{'d0': 0.024905832919416573};-280.569866449044;37.33089426197931
12509;-102.954038962543;(x * (_a5_ + pow2(((x + (_a2_ * pow2(-(_a6_)))) * _a2_))));{'d0': {'_a2_': -1.8375964943406349, '_a5_': 1.4465760901199116, '_a6_': 0.41200576447079995, '_a0_': 1.0, '_a1_': 1.0, '_a3_': 1.0, '_a4_': 1.0, '_a7_': 1.0}};{'d0': 0.024905832919416573};-280.569866449044;37.33089426197931
12510;-102.954038962543;(x * (_a5_ + pow2(((x + (_a2_ * pow2(-(_a6_)))) * _a2_))));{'d0': {'_a2_': -1.8375964943406349, '_a5_': 1.4465760901199116, '_a6_': 0.41200576447079995, '_a0_': 1.0, '_a1_': 1.0, '_a3_': 1.0, '_a4_': 1.0, '_a7_': 1.0}};{'d0': 0.024905832919416573};-280.569866449044;37.33089426197931
12511;-102.954038962543;(x * (_a5_ + pow2(((x + (_a2_ * pow2(-(_a6_)))) * _a2_))));{'d0': {'_a2_': -1.8375964943406349, '_a5_': 1.4465760901199116, '_a6_': 0.41200576447079995, '_a0_': 1.0, '_a1_': 1.0, '_a3_': 1.0, '_a4_': 1.0, '_a7_': 1.0}};{'d0': 0.024905832919416573};-280.569866449044;37.33089426197931
12512;-102.954038962543;(x * (_a5_ + pow2(((x + (_a2_ * pow2(-(_a6_)))) * _a2_))));{'d0': {'_a2_': -1.8375964943406349, '_a5_': 1.4465760901199116, '_a6_': 0.41200576447079995, '_a0_': 1.0, '_a1_': 1.0, '_a3_': 1.0, '_a4_': 1.0, '_a7_': 1.0}};{'d0': 0.024905832919416573};-280.569866449044;37.33089426197931
12513;-102.954038962543;(x * (_a5_ + pow2(((x + (_a2_ * pow2(-(_a6_)))) * _a2_))));{'d0': {'_a2_': -1.8375964943406349, '_a5_': 1.4465760901199116, '_a6_': 0.41200576447079995, '_a0_': 1.0, '_a1_': 1.0, '_a3_': 1.0, '_a4_': 1.0, '_a7_': 1.0}};{'d0': 0.024905832919416573};-280.569866449044;37.33089426197931
12514;-102.954038962543;(x * (_a5_ + pow2(((x + (_a2_ * pow2(-(_a6_)))) * _a2_))));{'d0': {'_a2_': -1.8375964943406349, '_a5_': 1.4465760901199116, '_a6_': 0.41200576447079995, '_a0_': 1.0, '_a1_': 1.0, '_a3_': 1.0, '_a4_': 1.0, '_a7_': 1.0}};{'d0': 0.024905832919416573};-280.569866449044;37.33089426197931
12515;-102.954038962543;(x * (_a5_ + pow2(((x + (_a2_ * pow2(-(_a6_)))) * _a2_))));{'d0': {'_a2_': -1.8375964943406349, '_a5_': 1.4465760901199116, '_a6_': 0.41200576447079995, '_a0_': 1.0, '_a1_': 1.0, '_a3_': 1.0, '_a4_': 1.0, '_a7_': 1.0}};{'d0': 0.024905832919416573};-280.569866449044;37.33089426197931
12516;-102.954038962543;(x * (_a5_ + pow2(((x + (_a2_ * pow2(-(_a6_)))) * _a2_))));{'d0': {'_a2_': -1.8375964943406349, '_a5_': 1.4465760901199116, '_a6_': 0.41200576447079995, '_a0_': 1.0, '_a1_': 1.0, '_a3_': 1.0, '_a4_': 1.0, '_a7_': 1.0}};{'d0': 0.024905832919416573};-280.569866449044;37.33089426197931
12517;-102.954038962543;(x * (_a5_ + pow2(((x + (_a2_ * pow2(-(_a6_)))) * _a2_))));{'d0': {'_a2_': -1.8375964943406349, '_a5_': 1.4465760901199116, '_a6_': 0.41200576447079995, '_a0_': 1.0, '_a1_': 1.0, '_a3_': 1.0, '_a4_': 1.0, '_a7_': 1.0}};{'d0': 0.024905832919416573};-280.569866449044;37.33089426197931
12518;-102.954038962543;(x * (_a5_ + pow2(((x + (_a2_ * pow2(-(_a6_)))) * _a2_))));{'d0': {'_a2_': -1.8375964943406349, '_a5_': 1.4465760901199116, '_a6_': 0.41200576447079995, '_a0_': 1.0, '_a1_': 1.0, '_a3_': 1.0, '_a4_': 1.0, '_a7_': 1.0}};{'d0': 0.024905832919416573};-280.569866449044;37.33089426197931
12519;-102.954038962543;(x * (_a5_ + pow2(((x + (_a2_ * pow2(-(_a6_)))) * _a2_))));{'d0': {'_a2_': -1.8375964943406349, '_a5_': 1.4465760901199116, '_a6_': 0.41200576447079995, '_a0_': 1.0, '_a1_': 1.0, '_a3_': 1.0, '_a4_': 1.0, '_a7_': 1.0}};{'d0': 0.024905832919416573};-280.569866449044;37.33089426197931
12520;-95.5447599420862;((pow2((x / _a2_)) + ((_a6_ + x) + _a6_)) * ((_a4_ + x) * _a5_));{'d0': {'_a2_': 0.7906503536880304, '_a4_': -0.0005767634662000766, '_a5_': 2.1145070101872028, '_a6_': 0.4199260868181674, '_a0_': 1.0, '_a1_': 1.0, '_a3_': 1.0, '_a7_': 1.0}};{'d0': 0.02488548250197775};-276.524567593045;42.71752385443639
12521;-95.5447599420862;((pow2((x / _a2_)) + ((_a6_ + x) + _a6_)) * ((_a4_ + x) * _a5_));{'d0': {'_a2_': 0.7906503536880304, '_a4_': -0.0005767634662000766, '_a5_': 2.1145070101872028, '_a6_': 0.4199260868181674, '_a0_': 1.0, '_a1_': 1.0, '_a3_': 1.0, '_a7_': 1.0}};{'d0': 0.02488548250197775};-276.524567593045;42.71752385443639
12522;-95.5447599420862;((pow2((x / _a2_)) + ((_a6_ + x) + _a6_)) * ((_a4_ + x) * _a5_));{'d0': {'_a2_': 0.7906503536880304, '_a4_': -0.0005767634662000766, '_a5_': 2.1145070101872028, '_a6_': 0.4199260868181674, '_a0_': 1.0, '_a1_': 1.0, '_a3_': 1.0, '_a7_': 1.0}};{'d0': 0.02488548250197775};-276.524567593045;42.71752385443639
12523;-95.5447599420862;((pow2((x / _a2_)) + ((_a6_ + x) + _a6_)) * ((_a4_ + x) * _a5_));{'d0': {'_a2_': 0.7906503536880304, '_a4_': -0.0005767634662000766, '_a5_': 2.1145070101872028, '_a6_': 0.4199260868181674, '_a0_': 1.0, '_a1_': 1.0, '_a3_': 1.0, '_a7_': 1.0}};{'d0': 0.02488548250197775};-276.524567593045;42.71752385443639
12524;-96.4680690694721;((pow2((x * _a2_)) + ((_a6_ + x) + _a6_)) * ((_a4_ + x) * _a5_));{'d0': {'_a2_': 1.26478170195176, '_a4_': -0.0005767065440659101, '_a5_': 2.1145062337355722, '_a6_': 0.41992622377251343, '_a0_': 1.0, '_a1_': 1.0, '_a3_': 1.0, '_a7_': 1.0}};{'d0': 0.024885482501879476};-276.524567593282;41.79421472716899
12525;-96.4680690694721;((pow2((x * _a2_)) + ((_a6_ + x) + _a6_)) * ((_a4_ + x) * _a5_));{'d0': {'_a2_': 1.26478170195176, '_a4_': -0.0005767065440659101, '_a5_': 2.1145062337355722, '_a6_': 0.41992622377251343, '_a0_': 1.0, '_a1_': 1.0, '_a3_': 1.0, '_a7_': 1.0}};{'d0': 0.024885482501879476};-276.524567593282;41.79421472716899
12526;-91.1020009348271;((pow2((x * _a2_)) + ((_a6_ + x) + exp(_a2_))) * ((_a4_ + x) * _a5_));{'d0': {'_a2_': 1.264781674575944, '_a4_': -0.0005767187970944609, '_a5_': 2.1145064013501687, '_a6_': -2.7024668849585343, '_a0_': 1.0, '_a1_': 1.0, '_a3_': 1.0, '_a7_': 1.0}};{'d0': 0.02488548250186702};-276.524567593312;47.16028286182899
12527;-91.1020009348271;((pow2((x * _a2_)) + ((_a6_ + x) + exp(_a2_))) * ((_a4_ + x) * _a5_));{'d0': {'_a2_': 1.264781674575944, '_a4_': -0.0005767187970944609, '_a5_': 2.1145064013501687, '_a6_': -2.7024668849585343, '_a0_': 1.0, '_a1_': 1.0, '_a3_': 1.0, '_a7_': 1.0}};{'d0': 0.02488548250186702};-276.524567593312;47.16028286182899
12528;-102.954038962543;(x * (_a5_ + pow2(((x + (_a2_ * pow2(-(_a6_)))) * _a2_))));{'d0': {'_a2_': -1.8375964943406349, '_a5_': 1.4465760901199116, '_a6_': 0.41200576447079995, '_a0_': 1.0, '_a1_': 1.0, '_a3_': 1.0, '_a4_': 1.0, '_a7_': 1.0}};{'d0': 0.024905832919416573};-280.569866449044;37.33089426197931
12529;-102.954038962543;(x * (_a5_ + pow2(((x + (_a2_ * pow2(-(_a6_)))) * _a2_))));{'d0': {'_a2_': -1.8375964943406349, '_a5_': 1.4465760901199116, '_a6_': 0.41200576447079995, '_a0_': 1.0, '_a1_': 1.0, '_a3_': 1.0, '_a4_': 1.0, '_a7_': 1.0}};{'d0': 0.024905832919416573};-280.569866449044;37.33089426197931
12530;-102.954038962543;(x * (_a5_ + pow2(((x + (_a2_ * pow2(-(_a6_)))) * _a2_))));{'d0': {'_a2_': -1.8375964943406349, '_a5_': 1.4465760901199116, '_a6_': 0.41200576447079995, '_a0_': 1.0, '_a1_': 1.0, '_a3_': 1.0, '_a4_': 1.0, '_a7_': 1.0}};{'d0': 0.024905832919416573};-280.569866449044;37.33089426197931
12531;-102.954038962543;(x * (_a5_ + pow2(((x + (_a2_ * pow2(-(_a6_)))) * _a2_))));{'d0': {'_a2_': -1.8375964943406349, '_a5_': 1.4465760901199116, '_a6_': 0.41200576447079995, '_a0_': 1.0, '_a1_': 1.0, '_a3_': 1.0, '_a4_': 1.0, '_a7_': 1.0}};{'d0': 0.024905832919416573};-280.569866449044;37.33089426197931
12532;-102.954038962543;(x * (_a5_ + pow2(((x + (_a2_ * pow2(-(_a6_)))) * _a2_))));{'d0': {'_a2_': -1.8375964943406349, '_a5_': 1.4465760901199116, '_a6_': 0.41200576447079995, '_a0_': 1.0, '_a1_': 1.0, '_a3_': 1.0, '_a4_': 1.0, '_a7_': 1.0}};{'d0': 0.024905832919416573};-280.569866449044;37.33089426197931
12533;-102.954038962543;(x * (_a5_ + pow2(((x + (_a2_ * pow2(-(_a6_)))) * _a2_))));{'d0': {'_a2_': -1.8375964943406349, '_a5_': 1.4465760901199116, '_a6_': 0.41200576447079995, '_a0_': 1.0, '_a1_': 1.0, '_a3_': 1.0, '_a4_': 1.0, '_a7_': 1.0}};{'d0': 0.024905832919416573};-280.569866449044;37.33089426197931
12534;-102.954038962543;(x * (_a5_ + pow2(((x + (_a2_ * pow2(-(_a6_)))) * _a2_))));{'d0': {'_a2_': -1.8375964943406349, '_a5_': 1.4465760901199116, '_a6_': 0.41200576447079995, '_a0_': 1.0, '_a1_': 1.0, '_a3_': 1.0, '_a4_': 1.0, '_a7_': 1.0}};{'d0': 0.024905832919416573};-280.569866449044;37.33089426197931
12535;-95.9575267548746;(x * (_a5_ + pow2(((x + (_a2_ * pow2(-((_a4_ * _a7_))))) * _a2_))));{'d0': {'_a2_': -1.8375964944889485, '_a4_': 0.41147707737492356, '_a5_': 1.4465760900426667, '_a7_': 1.0012847385989423, '_a0_': 1.0, '_a1_': 1.0, '_a3_': 1.0, '_a6_': 1.0}};{'d0': 0.024905832920329673};-276.475521884622;42.28023418743631
12536;-95.9575267548746;(x * (_a5_ + pow2(((x + (_a2_ * pow2(-((_a4_ * _a7_))))) * _a2_))));{'d0': {'_a2_': -1.8375964944889485, '_a4_': 0.41147707737492356, '_a5_': 1.4465760900426667, '_a7_': 1.0012847385989423, '_a0_': 1.0, '_a1_': 1.0, '_a3_': 1.0, '_a6_': 1.0}};{'d0': 0.024905832920329673};-276.475521884622;42.28023418743631
12537;-102.954038962543;(x * (_a5_ + pow2(((x + (_a2_ * pow2(-(_a6_)))) * _a2_))));{'d0': {'_a2_': -1.8375964943406349, '_a5_': 1.4465760901199116, '_a6_': 0.41200576447079995, '_a0_': 1.0, '_a1_': 1.0, '_a3_': 1.0, '_a4_': 1.0, '_a7_': 1.0}};{'d0': 0.024905832919416573};-280.569866449044;37.33089426197931
12538;-102.954038962543;(x * (_a5_ + pow2(((x + (_a2_ * pow2(-(_a6_)))) * _a2_))));{'d0': {'_a2_': -1.8375964943406349, '_a5_': 1.4465760901199116, '_a6_': 0.41200576447079995, '_a0_': 1.0, '_a1_': 1.0, '_a3_': 1.0, '_a4_': 1.0, '_a7_': 1.0}};{'d0': 0.024905832919416573};-280.569866449044;37.33089426197931
12539;-102.954038962543;(x * (_a5_ + pow2(((x + (_a2_ * pow2(-(_a6_)))) * _a2_))));{'d0': {'_a2_': -1.8375964943406349, '_a5_': 1.4465760901199116, '_a6_': 0.41200576447079995, '_a0_': 1.0, '_a1_': 1.0, '_a3_': 1.0, '_a4_': 1.0, '_a7_': 1.0}};{'d0': 0.024905832919416573};-280.569866449044;37.33089426197931
12540;-102.954038962543;(x * (_a5_ + pow2(((x + (_a2_ * pow2(-(_a6_)))) * _a2_))));{'d0': {'_a2_': -1.8375964943406349, '_a5_': 1.4465760901199116, '_a6_': 0.41200576447079995, '_a0_': 1.0, '_a1_': 1.0, '_a3_': 1.0, '_a4_': 1.0, '_a7_': 1.0}};{'d0': 0.024905832919416573};-280.569866449044;37.33089426197931
12541;-102.954038962543;(x * (_a5_ + pow2(((x + (_a2_ * pow2(-(_a6_)))) * _a2_))));{'d0': {'_a2_': -1.8375964943406349, '_a5_': 1.4465760901199116, '_a6_': 0.41200576447079995, '_a0_': 1.0, '_a1_': 1.0, '_a3_': 1.0, '_a4_': 1.0, '_a7_': 1.0}};{'d0': 0.024905832919416573};-280.569866449044;37.33089426197931
12542;-102.954038962543;(x * (_a5_ + pow2(((x + (_a2_ * pow2(-(_a6_)))) * _a2_))));{'d0': {'_a2_': -1.8375964943406349, '_a5_': 1.4465760901199116, '_a6_': 0.41200576447079995, '_a0_': 1.0, '_a1_': 1.0, '_a3_': 1.0, '_a4_': 1.0, '_a7_': 1.0}};{'d0': 0.024905832919416573};-280.569866449044;37.33089426197931
12543;-102.954038962543;(x * (_a5_ + pow2(((x + (_a2_ * pow2(-(_a6_)))) * _a2_))));{'d0': {'_a2_': -1.8375964943406349, '_a5_': 1.4465760901199116, '_a6_': 0.41200576447079995, '_a0_': 1.0, '_a1_': 1.0, '_a3_': 1.0, '_a4_': 1.0, '_a7_': 1.0}};{'d0': 0.024905832919416573};-280.569866449044;37.33089426197931
12544;-102.954038962543;(x * (_a5_ + pow2(((x + (_a2_ * pow2(-(_a6_)))) * _a2_))));{'d0': {'_a2_': -1.8375964943406349, '_a5_': 1.4465760901199116, '_a6_': 0.41200576447079995, '_a0_': 1.0, '_a1_': 1.0, '_a3_': 1.0, '_a4_': 1.0, '_a7_': 1.0}};{'d0': 0.024905832919416573};-280.569866449044;37.33089426197931
12545;-102.954038962543;(x * (_a5_ + pow2(((x + (_a2_ * pow2(-(_a6_)))) * _a2_))));{'d0': {'_a2_': -1.8375964943406349, '_a5_': 1.4465760901199116, '_a6_': 0.41200576447079995, '_a0_': 1.0, '_a1_': 1.0, '_a3_': 1.0, '_a4_': 1.0, '_a7_': 1.0}};{'d0': 0.024905832919416573};-280.569866449044;37.33089426197931
12546;-102.954038962543;(x * (_a5_ + pow2(((x + (_a2_ * pow2(-(_a6_)))) * _a2_))));{'d0': {'_a2_': -1.8375964943406349, '_a5_': 1.4465760901199116, '_a6_': 0.41200576447079995, '_a0_': 1.0, '_a1_': 1.0, '_a3_': 1.0, '_a4_': 1.0, '_a7_': 1.0}};{'d0': 0.024905832919416573};-280.569866449044;37.33089426197931
12547;-102.954038962543;(x * (_a5_ + pow2(((x + (_a2_ * pow2(-(_a6_)))) * _a2_))));{'d0': {'_a2_': -1.8375964943406349, '_a5_': 1.4465760901199116, '_a6_': 0.41200576447079995, '_a0_': 1.0, '_a1_': 1.0, '_a3_': 1.0, '_a4_': 1.0, '_a7_': 1.0}};{'d0': 0.024905832919416573};-280.569866449044;37.33089426197931
12548;-102.954038962543;(x * (_a5_ + pow2(((x + (_a2_ * pow2(-(_a6_)))) * _a2_))));{'d0': {'_a2_': -1.8375964943406349, '_a5_': 1.4465760901199116, '_a6_': 0.41200576447079995, '_a0_': 1.0, '_a1_': 1.0, '_a3_': 1.0, '_a4_': 1.0, '_a7_': 1.0}};{'d0': 0.024905832919416573};-280.569866449044;37.33089426197931
12549;-102.954038962543;(x * (_a5_ + pow2(((x + (_a2_ * pow2(-(_a6_)))) * _a2_))));{'d0': {'_a2_': -1.8375964943406349, '_a5_': 1.4465760901199116, '_a6_': 0.41200576447079995, '_a0_': 1.0, '_a1_': 1.0, '_a3_': 1.0, '_a4_': 1.0, '_a7_': 1.0}};{'d0': 0.024905832919416573};-280.569866449044;37.33089426197931
12550;-102.954038962543;(x * (_a5_ + pow2(((x + (_a2_ * pow2(-(_a6_)))) * _a2_))));{'d0': {'_a2_': -1.8375964943406349, '_a5_': 1.4465760901199116, '_a6_': 0.41200576447079995, '_a0_': 1.0, '_a1_': 1.0, '_a3_': 1.0, '_a4_': 1.0, '_a7_': 1.0}};{'d0': 0.024905832919416573};-280.569866449044;37.33089426197931
12551;-102.954038962543;(x * (_a5_ + pow2(((x + (_a2_ * pow2(-(_a6_)))) * _a2_))));{'d0': {'_a2_': -1.8375964943406349, '_a5_': 1.4465760901199116, '_a6_': 0.41200576447079995, '_a0_': 1.0, '_a1_': 1.0, '_a3_': 1.0, '_a4_': 1.0, '_a7_': 1.0}};{'d0': 0.024905832919416573};-280.569866449044;37.33089426197931
12552;-102.954038962543;(x * (_a5_ + pow2(((x + (_a2_ * pow2(-(_a6_)))) * _a2_))));{'d0': {'_a2_': -1.8375964943406349, '_a5_': 1.4465760901199116, '_a6_': 0.41200576447079995, '_a0_': 1.0, '_a1_': 1.0, '_a3_': 1.0, '_a4_': 1.0, '_a7_': 1.0}};{'d0': 0.024905832919416573};-280.569866449044;37.33089426197931
12553;-102.954038962543;(x * (_a5_ + pow2(((x + (_a2_ * pow2(-(_a6_)))) * _a2_))));{'d0': {'_a2_': -1.8375964943406349, '_a5_': 1.4465760901199116, '_a6_': 0.41200576447079995, '_a0_': 1.0, '_a1_': 1.0, '_a3_': 1.0, '_a4_': 1.0, '_a7_': 1.0}};{'d0': 0.024905832919416573};-280.569866449044;37.33089426197931
12554;-102.954038962543;(x * (_a5_ + pow2(((x + (_a2_ * pow2(-(_a6_)))) * _a2_))));{'d0': {'_a2_': -1.8375964943406349, '_a5_': 1.4465760901199116, '_a6_': 0.41200576447079995, '_a0_': 1.0, '_a1_': 1.0, '_a3_': 1.0, '_a4_': 1.0, '_a7_': 1.0}};{'d0': 0.024905832919416573};-280.569866449044;37.33089426197931
12555;-102.954038962543;(x * (_a5_ + pow2(((x + (_a2_ * pow2(-(_a6_)))) * _a2_))));{'d0': {'_a2_': -1.8375964943406349, '_a5_': 1.4465760901199116, '_a6_': 0.41200576447079995, '_a0_': 1.0, '_a1_': 1.0, '_a3_': 1.0, '_a4_': 1.0, '_a7_': 1.0}};{'d0': 0.024905832919416573};-280.569866449044;37.33089426197931
12556;-102.954038962543;(x * (_a5_ + pow2(((x + (_a2_ * pow2(-(_a6_)))) * _a2_))));{'d0': {'_a2_': -1.8375964943406349, '_a5_': 1.4465760901199116, '_a6_': 0.41200576447079995, '_a0_': 1.0, '_a1_': 1.0, '_a3_': 1.0, '_a4_': 1.0, '_a7_': 1.0}};{'d0': 0.024905832919416573};-280.569866449044;37.33089426197931
12557;-102.954038962543;(x * (_a5_ + pow2(((x + (_a2_ * pow2(-(_a6_)))) * _a2_))));{'d0': {'_a2_': -1.8375964943406349, '_a5_': 1.4465760901199116, '_a6_': 0.41200576447079995, '_a0_': 1.0, '_a1_': 1.0, '_a3_': 1.0, '_a4_': 1.0, '_a7_': 1.0}};{'d0': 0.024905832919416573};-280.569866449044;37.33089426197931
12558;-102.954038962543;(x * (_a5_ + pow2(((x + (_a2_ * pow2(-(_a6_)))) * _a2_))));{'d0': {'_a2_': -1.8375964943406349, '_a5_': 1.4465760901199116, '_a6_': 0.41200576447079995, '_a0_': 1.0, '_a1_': 1.0, '_a3_': 1.0, '_a4_': 1.0, '_a7_': 1.0}};{'d0': 0.024905832919416573};-280.569866449044;37.33089426197931
12559;-102.954038962543;(x * (_a5_ + pow2(((x + (_a2_ * pow2(-(_a6_)))) * _a2_))));{'d0': {'_a2_': -1.8375964943406349, '_a5_': 1.4465760901199116, '_a6_': 0.41200576447079995, '_a0_': 1.0, '_a1_': 1.0, '_a3_': 1.0, '_a4_': 1.0, '_a7_': 1.0}};{'d0': 0.024905832919416573};-280.569866449044;37.33089426197931
12560;-102.954038962543;(x * (_a5_ + pow2(((x + (_a2_ * pow2(-(_a6_)))) * _a2_))));{'d0': {'_a2_': -1.8375964943406349, '_a5_': 1.4465760901199116, '_a6_': 0.41200576447079995, '_a0_': 1.0, '_a1_': 1.0, '_a3_': 1.0, '_a4_': 1.0, '_a7_': 1.0}};{'d0': 0.024905832919416573};-280.569866449044;37.33089426197931
12561;-102.954038962543;(x * (_a5_ + pow2(((x + (_a2_ * pow2(-(_a6_)))) * _a2_))));{'d0': {'_a2_': -1.8375964943406349, '_a5_': 1.4465760901199116, '_a6_': 0.41200576447079995, '_a0_': 1.0, '_a1_': 1.0, '_a3_': 1.0, '_a4_': 1.0, '_a7_': 1.0}};{'d0': 0.024905832919416573};-280.569866449044;37.33089426197931
12562;-102.954038962543;(x * (_a5_ + pow2(((x + (_a2_ * pow2(-(_a6_)))) * _a2_))));{'d0': {'_a2_': -1.8375964943406349, '_a5_': 1.4465760901199116, '_a6_': 0.41200576447079995, '_a0_': 1.0, '_a1_': 1.0, '_a3_': 1.0, '_a4_': 1.0, '_a7_': 1.0}};{'d0': 0.024905832919416573};-280.569866449044;37.33089426197931
12563;-102.954038962543;(x * (_a5_ + pow2(((x + (_a2_ * pow2(-(_a6_)))) * _a2_))));{'d0': {'_a2_': -1.8375964943406349, '_a5_': 1.4465760901199116, '_a6_': 0.41200576447079995, '_a0_': 1.0, '_a1_': 1.0, '_a3_': 1.0, '_a4_': 1.0, '_a7_': 1.0}};{'d0': 0.024905832919416573};-280.569866449044;37.33089426197931
12564;-102.954038962543;(x * (_a5_ + pow2(((x + (_a2_ * pow2(-(_a6_)))) * _a2_))));{'d0': {'_a2_': -1.8375964943406349, '_a5_': 1.4465760901199116, '_a6_': 0.41200576447079995, '_a0_': 1.0, '_a1_': 1.0, '_a3_': 1.0, '_a4_': 1.0, '_a7_': 1.0}};{'d0': 0.024905832919416573};-280.569866449044;37.33089426197931
12565;-102.954038962543;(x * (_a5_ + pow2(((x + (_a2_ * pow2(-(_a6_)))) * _a2_))));{'d0': {'_a2_': -1.8375964943406349, '_a5_': 1.4465760901199116, '_a6_': 0.41200576447079995, '_a0_': 1.0, '_a1_': 1.0, '_a3_': 1.0, '_a4_': 1.0, '_a7_': 1.0}};{'d0': 0.024905832919416573};-280.569866449044;37.33089426197931
12566;-102.954038962543;(x * (_a5_ + pow2(((x + (_a2_ * pow2(-(_a6_)))) * _a2_))));{'d0': {'_a2_': -1.8375964943406349, '_a5_': 1.4465760901199116, '_a6_': 0.41200576447079995, '_a0_': 1.0, '_a1_': 1.0, '_a3_': 1.0, '_a4_': 1.0, '_a7_': 1.0}};{'d0': 0.024905832919416573};-280.569866449044;37.33089426197931
12567;-102.954038962543;(x * (_a5_ + pow2(((x + (_a2_ * pow2(-(_a6_)))) * _a2_))));{'d0': {'_a2_': -1.8375964943406349, '_a5_': 1.4465760901199116, '_a6_': 0.41200576447079995, '_a0_': 1.0, '_a1_': 1.0, '_a3_': 1.0, '_a4_': 1.0, '_a7_': 1.0}};{'d0': 0.024905832919416573};-280.569866449044;37.33089426197931
12568;-102.954038962543;(x * (_a5_ + pow2(((x + (_a2_ * pow2(-(_a6_)))) * _a2_))));{'d0': {'_a2_': -1.8375964943406349, '_a5_': 1.4465760901199116, '_a6_': 0.41200576447079995, '_a0_': 1.0, '_a1_': 1.0, '_a3_': 1.0, '_a4_': 1.0, '_a7_': 1.0}};{'d0': 0.024905832919416573};-280.569866449044;37.33089426197931
12569;-102.954038962543;(x * (_a5_ + pow2(((x + (_a2_ * pow2(-(_a6_)))) * _a2_))));{'d0': {'_a2_': -1.8375964943406349, '_a5_': 1.4465760901199116, '_a6_': 0.41200576447079995, '_a0_': 1.0, '_a1_': 1.0, '_a3_': 1.0, '_a4_': 1.0, '_a7_': 1.0}};{'d0': 0.024905832919416573};-280.569866449044;37.33089426197931
12570;-102.954038962543;(x * (_a5_ + pow2(((x + (_a2_ * pow2(-(_a6_)))) * _a2_))));{'d0': {'_a2_': -1.8375964943406349, '_a5_': 1.4465760901199116, '_a6_': 0.41200576447079995, '_a0_': 1.0, '_a1_': 1.0, '_a3_': 1.0, '_a4_': 1.0, '_a7_': 1.0}};{'d0': 0.024905832919416573};-280.569866449044;37.33089426197931
12571;-102.954038962543;(x * (_a5_ + pow2(((x + (_a2_ * pow2(-(_a6_)))) * _a2_))));{'d0': {'_a2_': -1.8375964943406349, '_a5_': 1.4465760901199116, '_a6_': 0.41200576447079995, '_a0_': 1.0, '_a1_': 1.0, '_a3_': 1.0, '_a4_': 1.0, '_a7_': 1.0}};{'d0': 0.024905832919416573};-280.569866449044;37.33089426197931
12572;-102.954038962543;(x * (_a5_ + pow2(((x + (_a2_ * pow2(-(_a6_)))) * _a2_))));{'d0': {'_a2_': -1.8375964943406349, '_a5_': 1.4465760901199116, '_a6_': 0.41200576447079995, '_a0_': 1.0, '_a1_': 1.0, '_a3_': 1.0, '_a4_': 1.0, '_a7_': 1.0}};{'d0': 0.024905832919416573};-280.569866449044;37.33089426197931
12573;-102.954038962543;(x * (_a5_ + pow2(((x + (_a2_ * pow2(-(_a6_)))) * _a2_))));{'d0': {'_a2_': -1.8375964943406349, '_a5_': 1.4465760901199116, '_a6_': 0.41200576447079995, '_a0_': 1.0, '_a1_': 1.0, '_a3_': 1.0, '_a4_': 1.0, '_a7_': 1.0}};{'d0': 0.024905832919416573};-280.569866449044;37.33089426197931
12574;-102.954038962543;(x * (_a5_ + pow2(((x + (_a2_ * pow2(-(_a6_)))) * _a2_))));{'d0': {'_a2_': -1.8375964943406349, '_a5_': 1.4465760901199116, '_a6_': 0.41200576447079995, '_a0_': 1.0, '_a1_': 1.0, '_a3_': 1.0, '_a4_': 1.0, '_a7_': 1.0}};{'d0': 0.024905832919416573};-280.569866449044;37.33089426197931
12575;-102.954038962543;(x * (_a5_ + pow2(((x + (_a2_ * pow2(-(_a6_)))) * _a2_))));{'d0': {'_a2_': -1.8375964943406349, '_a5_': 1.4465760901199116, '_a6_': 0.41200576447079995, '_a0_': 1.0, '_a1_': 1.0, '_a3_': 1.0, '_a4_': 1.0, '_a7_': 1.0}};{'d0': 0.024905832919416573};-280.569866449044;37.33089426197931
12576;-102.954038962543;(x * (_a5_ + pow2(((x + (_a2_ * pow2(-(_a6_)))) * _a2_))));{'d0': {'_a2_': -1.8375964943406349, '_a5_': 1.4465760901199116, '_a6_': 0.41200576447079995, '_a0_': 1.0, '_a1_': 1.0, '_a3_': 1.0, '_a4_': 1.0, '_a7_': 1.0}};{'d0': 0.024905832919416573};-280.569866449044;37.33089426197931
12577;-102.954038962543;(x * (_a5_ + pow2(((x + (_a2_ * pow2(-(_a6_)))) * _a2_))));{'d0': {'_a2_': -1.8375964943406349, '_a5_': 1.4465760901199116, '_a6_': 0.41200576447079995, '_a0_': 1.0, '_a1_': 1.0, '_a3_': 1.0, '_a4_': 1.0, '_a7_': 1.0}};{'d0': 0.024905832919416573};-280.569866449044;37.33089426197931
12578;-102.954038962543;(x * (_a5_ + pow2(((x + (_a2_ * pow2(-(_a6_)))) * _a2_))));{'d0': {'_a2_': -1.8375964943406349, '_a5_': 1.4465760901199116, '_a6_': 0.41200576447079995, '_a0_': 1.0, '_a1_': 1.0, '_a3_': 1.0, '_a4_': 1.0, '_a7_': 1.0}};{'d0': 0.024905832919416573};-280.569866449044;37.33089426197931
12579;-102.954038962543;(x * (_a5_ + pow2(((x + (_a2_ * pow2(-(_a6_)))) * _a2_))));{'d0': {'_a2_': -1.8375964943406349, '_a5_': 1.4465760901199116, '_a6_': 0.41200576447079995, '_a0_': 1.0, '_a1_': 1.0, '_a3_': 1.0, '_a4_': 1.0, '_a7_': 1.0}};{'d0': 0.024905832919416573};-280.569866449044;37.33089426197931
12580;-102.954038962543;(x * (_a5_ + pow2(((x + (_a2_ * pow2(-(_a6_)))) * _a2_))));{'d0': {'_a2_': -1.8375964943406349, '_a5_': 1.4465760901199116, '_a6_': 0.41200576447079995, '_a0_': 1.0, '_a1_': 1.0, '_a3_': 1.0, '_a4_': 1.0, '_a7_': 1.0}};{'d0': 0.024905832919416573};-280.569866449044;37.33089426197931
12581;-102.954038962543;(x * (_a5_ + pow2(((x + (_a2_ * pow2(-(_a6_)))) * _a2_))));{'d0': {'_a2_': -1.8375964943406349, '_a5_': 1.4465760901199116, '_a6_': 0.41200576447079995, '_a0_': 1.0, '_a1_': 1.0, '_a3_': 1.0, '_a4_': 1.0, '_a7_': 1.0}};{'d0': 0.024905832919416573};-280.569866449044;37.33089426197931
12582;-102.954038962543;(x * (_a5_ + pow2(((x + (_a2_ * pow2(-(_a6_)))) * _a2_))));{'d0': {'_a2_': -1.8375964943406349, '_a5_': 1.4465760901199116, '_a6_': 0.41200576447079995, '_a0_': 1.0, '_a1_': 1.0, '_a3_': 1.0, '_a4_': 1.0, '_a7_': 1.0}};{'d0': 0.024905832919416573};-280.569866449044;37.33089426197931
12583;-102.954038962543;(x * (_a5_ + pow2(((x + (_a2_ * pow2(-(_a6_)))) * _a2_))));{'d0': {'_a2_': -1.8375964943406349, '_a5_': 1.4465760901199116, '_a6_': 0.41200576447079995, '_a0_': 1.0, '_a1_': 1.0, '_a3_': 1.0, '_a4_': 1.0, '_a7_': 1.0}};{'d0': 0.024905832919416573};-280.569866449044;37.33089426197931
12584;-102.954038962543;(x * (_a5_ + pow2(((x + (_a2_ * pow2(-(_a6_)))) * _a2_))));{'d0': {'_a2_': -1.8375964943406349, '_a5_': 1.4465760901199116, '_a6_': 0.41200576447079995, '_a0_': 1.0, '_a1_': 1.0, '_a3_': 1.0, '_a4_': 1.0, '_a7_': 1.0}};{'d0': 0.024905832919416573};-280.569866449044;37.33089426197931
12585;-102.954038962543;(x * (_a5_ + pow2(((x + (_a2_ * pow2(-(_a6_)))) * _a2_))));{'d0': {'_a2_': -1.8375964943406349, '_a5_': 1.4465760901199116, '_a6_': 0.41200576447079995, '_a0_': 1.0, '_a1_': 1.0, '_a3_': 1.0, '_a4_': 1.0, '_a7_': 1.0}};{'d0': 0.024905832919416573};-280.569866449044;37.33089426197931
12586;-102.954038962543;(x * (_a5_ + pow2(((x + (_a2_ * pow2(-(_a6_)))) * _a2_))));{'d0': {'_a2_': -1.8375964943406349, '_a5_': 1.4465760901199116, '_a6_': 0.41200576447079995, '_a0_': 1.0, '_a1_': 1.0, '_a3_': 1.0, '_a4_': 1.0, '_a7_': 1.0}};{'d0': 0.024905832919416573};-280.569866449044;37.33089426197931
12587;-102.954038962543;(x * (_a5_ + pow2(((x + (_a2_ * pow2(-(_a6_)))) * _a2_))));{'d0': {'_a2_': -1.8375964943406349, '_a5_': 1.4465760901199116, '_a6_': 0.41200576447079995, '_a0_': 1.0, '_a1_': 1.0, '_a3_': 1.0, '_a4_': 1.0, '_a7_': 1.0}};{'d0': 0.024905832919416573};-280.569866449044;37.33089426197931
12588;-102.954038962543;(x * (_a5_ + pow2(((x + (_a2_ * pow2(-(_a6_)))) * _a2_))));{'d0': {'_a2_': -1.8375964943406349, '_a5_': 1.4465760901199116, '_a6_': 0.41200576447079995, '_a0_': 1.0, '_a1_': 1.0, '_a3_': 1.0, '_a4_': 1.0, '_a7_': 1.0}};{'d0': 0.024905832919416573};-280.569866449044;37.33089426197931
12589;-102.954038962543;(x * (_a5_ + pow2(((x + (_a2_ * pow2(-(_a6_)))) * _a2_))));{'d0': {'_a2_': -1.8375964943406349, '_a5_': 1.4465760901199116, '_a6_': 0.41200576447079995, '_a0_': 1.0, '_a1_': 1.0, '_a3_': 1.0, '_a4_': 1.0, '_a7_': 1.0}};{'d0': 0.024905832919416573};-280.569866449044;37.33089426197931
12590;-99.6374739127740;((((_a4_ * _a6_) * _a3_) + pow2((_a7_ + x))) * (pow2(_a6_) * x));{'d0': {'_a3_': 0.0001920835053738321, '_a4_': -1213.6700056391708, '_a6_': -1.8375964944141385, '_a7_': 0.3119297078140212, '_a0_': 1.0, '_a1_': 1.0, '_a2_': 1.0, '_a5_': 1.0}};{'d0': 0.024905832922289633};-276.475521879900;38.60028702717608
12591;-99.6374739127740;((((_a4_ * _a6_) * _a3_) + pow2((_a7_ + x))) * (pow2(_a6_) * x));{'d0': {'_a3_': 0.0001920835053738321, '_a4_': -1213.6700056391708, '_a6_': -1.8375964944141385, '_a7_': 0.3119297078140212, '_a0_': 1.0, '_a1_': 1.0, '_a2_': 1.0, '_a5_': 1.0}};{'d0': 0.024905832922289633};-276.475521879900;38.60028702717608
12592;-98.7865220751529;((((_a4_ * _a6_) / _a3_) + pow2((_a7_ + x))) * (pow2(_a6_) * x));{'d0': {'_a3_': -19.278798461228327, '_a4_': 4.4943905581977575, '_a6_': -1.8375964953138102, '_a7_': 0.3119297076935417, '_a0_': 1.0, '_a1_': 1.0, '_a2_': 1.0, '_a5_': 1.0}};{'d0': 0.024905832919529847};-276.475521886549;39.45123886812148
12593;-98.7865220751529;((((_a4_ * _a6_) / _a3_) + pow2((_a7_ + x))) * (pow2(_a6_) * x));{'d0': {'_a3_': -19.278798461228327, '_a4_': 4.4943905581977575, '_a6_': -1.8375964953138102, '_a7_': 0.3119297076935417, '_a0_': 1.0, '_a1_': 1.0, '_a2_': 1.0, '_a5_': 1.0}};{'d0': 0.024905832919529847};-276.475521886549;39.45123886812148
12594;-98.7865220751529;((((_a4_ * _a6_) / _a3_) + pow2((_a7_ + x))) * (pow2(_a6_) * x));{'d0': {'_a3_': -19.278798461228327, '_a4_': 4.4943905581977575, '_a6_': -1.8375964953138102, '_a7_': 0.3119297076935417, '_a0_': 1.0, '_a1_': 1.0, '_a2_': 1.0, '_a5_': 1.0}};{'d0': 0.024905832919529847};-276.475521886549;39.45123886812148
12595;-98.7865220751529;((((_a4_ * _a6_) / _a3_) + pow2((_a7_ + x))) * (pow2(_a6_) * x));{'d0': {'_a3_': -19.278798461228327, '_a4_': 4.4943905581977575, '_a6_': -1.8375964953138102, '_a7_': 0.3119297076935417, '_a0_': 1.0, '_a1_': 1.0, '_a2_': 1.0, '_a5_': 1.0}};{'d0': 0.024905832919529847};-276.475521886549;39.45123886812148
12596;-98.7865220751529;((((_a4_ * _a6_) / _a3_) + pow2((_a7_ + x))) * (pow2(_a6_) * x));{'d0': {'_a3_': -19.278798461228327, '_a4_': 4.4943905581977575, '_a6_': -1.8375964953138102, '_a7_': 0.3119297076935417, '_a0_': 1.0, '_a1_': 1.0, '_a2_': 1.0, '_a5_': 1.0}};{'d0': 0.024905832919529847};-276.475521886549;39.45123886812148
12597;-98.7865220751529;((((_a4_ * _a6_) / _a3_) + pow2((_a7_ + x))) * (pow2(_a6_) * x));{'d0': {'_a3_': -19.278798461228327, '_a4_': 4.4943905581977575, '_a6_': -1.8375964953138102, '_a7_': 0.3119297076935417, '_a0_': 1.0, '_a1_': 1.0, '_a2_': 1.0, '_a5_': 1.0}};{'d0': 0.024905832919529847};-276.475521886549;39.45123886812148
12598;-98.7865220751529;((((_a4_ * _a6_) / _a3_) + pow2((_a7_ + x))) * (pow2(_a6_) * x));{'d0': {'_a3_': -19.278798461228327, '_a4_': 4.4943905581977575, '_a6_': -1.8375964953138102, '_a7_': 0.3119297076935417, '_a0_': 1.0, '_a1_': 1.0, '_a2_': 1.0, '_a5_': 1.0}};{'d0': 0.024905832919529847};-276.475521886549;39.45123886812148
12599;-98.7865220751529;((((_a4_ * _a6_) / _a3_) + pow2((_a7_ + x))) * (pow2(_a6_) * x));{'d0': {'_a3_': -19.278798461228327, '_a4_': 4.4943905581977575, '_a6_': -1.8375964953138102, '_a7_': 0.3119297076935417, '_a0_': 1.0, '_a1_': 1.0, '_a2_': 1.0, '_a5_': 1.0}};{'d0': 0.024905832919529847};-276.475521886549;39.45123886812148
12600;-98.7865220751529;((((_a4_ * _a6_) / _a3_) + pow2((_a7_ + x))) * (pow2(_a6_) * x));{'d0': {'_a3_': -19.278798461228327, '_a4_': 4.4943905581977575, '_a6_': -1.8375964953138102, '_a7_': 0.3119297076935417, '_a0_': 1.0, '_a1_': 1.0, '_a2_': 1.0, '_a5_': 1.0}};{'d0': 0.024905832919529847};-276.475521886549;39.45123886812148
12601;-98.7865220751529;((((_a4_ * _a6_) / _a3_) + pow2((_a7_ + x))) * (pow2(_a6_) * x));{'d0': {'_a3_': -19.278798461228327, '_a4_': 4.4943905581977575, '_a6_': -1.8375964953138102, '_a7_': 0.3119297076935417, '_a0_': 1.0, '_a1_': 1.0, '_a2_': 1.0, '_a5_': 1.0}};{'d0': 0.024905832919529847};-276.475521886549;39.45123886812148
12602;-98.7865220751529;((((_a4_ * _a6_) / _a3_) + pow2((_a7_ + x))) * (pow2(_a6_) * x));{'d0': {'_a3_': -19.278798461228327, '_a4_': 4.4943905581977575, '_a6_': -1.8375964953138102, '_a7_': 0.3119297076935417, '_a0_': 1.0, '_a1_': 1.0, '_a2_': 1.0, '_a5_': 1.0}};{'d0': 0.024905832919529847};-276.475521886549;39.45123886812148
12603;-98.7865220751529;((((_a4_ * _a6_) / _a3_) + pow2((_a7_ + x))) * (pow2(_a6_) * x));{'d0': {'_a3_': -19.278798461228327, '_a4_': 4.4943905581977575, '_a6_': -1.8375964953138102, '_a7_': 0.3119297076935417, '_a0_': 1.0, '_a1_': 1.0, '_a2_': 1.0, '_a5_': 1.0}};{'d0': 0.024905832919529847};-276.475521886549;39.45123886812148
12604;-98.7865220751529;((((_a4_ * _a6_) / _a3_) + pow2((_a7_ + x))) * (pow2(_a6_) * x));{'d0': {'_a3_': -19.278798461228327, '_a4_': 4.4943905581977575, '_a6_': -1.8375964953138102, '_a7_': 0.3119297076935417, '_a0_': 1.0, '_a1_': 1.0, '_a2_': 1.0, '_a5_': 1.0}};{'d0': 0.024905832919529847};-276.475521886549;39.45123886812148
12605;-98.7865220751529;((((_a4_ * _a6_) / _a3_) + pow2((_a7_ + x))) * (pow2(_a6_) * x));{'d0': {'_a3_': -19.278798461228327, '_a4_': 4.4943905581977575, '_a6_': -1.8375964953138102, '_a7_': 0.3119297076935417, '_a0_': 1.0, '_a1_': 1.0, '_a2_': 1.0, '_a5_': 1.0}};{'d0': 0.024905832919529847};-276.475521886549;39.45123886812148
12606;-98.7865220751529;((((_a4_ * _a6_) / _a3_) + pow2((_a7_ + x))) * (pow2(_a6_) * x));{'d0': {'_a3_': -19.278798461228327, '_a4_': 4.4943905581977575, '_a6_': -1.8375964953138102, '_a7_': 0.3119297076935417, '_a0_': 1.0, '_a1_': 1.0, '_a2_': 1.0, '_a5_': 1.0}};{'d0': 0.024905832919529847};-276.475521886549;39.45123886812148
12607;-92.8659210262494;((((_a4_ * _a6_) / _a3_) + pow2(((_a1_ + _a1_) + x))) * (pow2(_a6_) * x));{'d0': {'_a1_': 0.15596485407042815, '_a3_': -10596.73557351001, '_a4_': 2470.375242858877, '_a6_': -1.8375964938879101, '_a0_': 1.0, '_a2_': 1.0, '_a5_': 1.0, '_a7_': 1.0}};{'d0': 0.02490583291942481};-276.475521886802;45.371839917151476
12608;-92.8659210262494;((((_a4_ * _a6_) / _a3_) + pow2(((_a1_ + _a1_) + x))) * (pow2(_a6_) * x));{'d0': {'_a1_': 0.15596485407042815, '_a3_': -10596.73557351001, '_a4_': 2470.375242858877, '_a6_': -1.8375964938879101, '_a0_': 1.0, '_a2_': 1.0, '_a5_': 1.0, '_a7_': 1.0}};{'d0': 0.02490583291942481};-276.475521886802;45.371839917151476
12609;-92.8659210262494;((((_a4_ * _a6_) / _a3_) + pow2(((_a1_ + _a1_) + x))) * (pow2(_a6_) * x));{'d0': {'_a1_': 0.15596485407042815, '_a3_': -10596.73557351001, '_a4_': 2470.375242858877, '_a6_': -1.8375964938879101, '_a0_': 1.0, '_a2_': 1.0, '_a5_': 1.0, '_a7_': 1.0}};{'d0': 0.02490583291942481};-276.475521886802;45.371839917151476
12610;-92.8659210262494;((((_a4_ * _a6_) / _a3_) + pow2(((_a1_ + _a1_) + x))) * (pow2(_a6_) * x));{'d0': {'_a1_': 0.15596485407042815, '_a3_': -10596.73557351001, '_a4_': 2470.375242858877, '_a6_': -1.8375964938879101, '_a0_': 1.0, '_a2_': 1.0, '_a5_': 1.0, '_a7_': 1.0}};{'d0': 0.02490583291942481};-276.475521886802;45.371839917151476
12611;-92.8659210262494;((((_a4_ * _a6_) / _a3_) + pow2(((_a1_ + _a1_) + x))) * (pow2(_a6_) * x));{'d0': {'_a1_': 0.15596485407042815, '_a3_': -10596.73557351001, '_a4_': 2470.375242858877, '_a6_': -1.8375964938879101, '_a0_': 1.0, '_a2_': 1.0, '_a5_': 1.0, '_a7_': 1.0}};{'d0': 0.02490583291942481};-276.475521886802;45.371839917151476
12612;-92.8659210262494;((((_a4_ * _a6_) / _a3_) + pow2(((_a1_ + _a1_) + x))) * (pow2(_a6_) * x));{'d0': {'_a1_': 0.15596485407042815, '_a3_': -10596.73557351001, '_a4_': 2470.375242858877, '_a6_': -1.8375964938879101, '_a0_': 1.0, '_a2_': 1.0, '_a5_': 1.0, '_a7_': 1.0}};{'d0': 0.02490583291942481};-276.475521886802;45.371839917151476
12613;-92.8659210262494;((((_a4_ * _a6_) / _a3_) + pow2(((_a1_ + _a1_) + x))) * (pow2(_a6_) * x));{'d0': {'_a1_': 0.15596485407042815, '_a3_': -10596.73557351001, '_a4_': 2470.375242858877, '_a6_': -1.8375964938879101, '_a0_': 1.0, '_a2_': 1.0, '_a5_': 1.0, '_a7_': 1.0}};{'d0': 0.02490583291942481};-276.475521886802;45.371839917151476
12614;-91.8223026161329;((((_a4_ + _a6_) / _a3_) + pow2(((_a1_ + _a1_) + x))) * (pow2(_a6_) * x));{'d0': {'_a1_': 0.15596485396942514, '_a3_': -5227.571064656099, '_a4_': -2237.6102565741767, '_a6_': -1.8375964945066385, '_a0_': 1.0, '_a2_': 1.0, '_a5_': 1.0, '_a7_': 1.0}};{'d0': 0.024905832919608715};-276.475521886359;46.41545832704647
12615;-91.8223026161329;((((_a4_ + _a6_) / _a3_) + pow2(((_a1_ + _a1_) + x))) * (pow2(_a6_) * x));{'d0': {'_a1_': 0.15596485396942514, '_a3_': -5227.571064656099, '_a4_': -2237.6102565741767, '_a6_': -1.8375964945066385, '_a0_': 1.0, '_a2_': 1.0, '_a5_': 1.0, '_a7_': 1.0}};{'d0': 0.024905832919608715};-276.475521886359;46.41545832704647
12616;-91.8223026161329;((((_a4_ + _a6_) / _a3_) + pow2(((_a1_ + _a1_) + x))) * (pow2(_a6_) * x));{'d0': {'_a1_': 0.15596485396942514, '_a3_': -5227.571064656099, '_a4_': -2237.6102565741767, '_a6_': -1.8375964945066385, '_a0_': 1.0, '_a2_': 1.0, '_a5_': 1.0, '_a7_': 1.0}};{'d0': 0.024905832919608715};-276.475521886359;46.41545832704647
12617;-91.8223026161329;((((_a4_ + _a6_) / _a3_) + pow2(((_a1_ + _a1_) + x))) * (pow2(_a6_) * x));{'d0': {'_a1_': 0.15596485396942514, '_a3_': -5227.571064656099, '_a4_': -2237.6102565741767, '_a6_': -1.8375964945066385, '_a0_': 1.0, '_a2_': 1.0, '_a5_': 1.0, '_a7_': 1.0}};{'d0': 0.024905832919608715};-276.475521886359;46.41545832704647
12618;-91.8223026161329;((((_a4_ + _a6_) / _a3_) + pow2(((_a1_ + _a1_) + x))) * (pow2(_a6_) * x));{'d0': {'_a1_': 0.15596485396942514, '_a3_': -5227.571064656099, '_a4_': -2237.6102565741767, '_a6_': -1.8375964945066385, '_a0_': 1.0, '_a2_': 1.0, '_a5_': 1.0, '_a7_': 1.0}};{'d0': 0.024905832919608715};-276.475521886359;46.41545832704647
12619;-91.8223026161329;((((_a4_ + _a6_) / _a3_) + pow2(((_a1_ + _a1_) + x))) * (pow2(_a6_) * x));{'d0': {'_a1_': 0.15596485396942514, '_a3_': -5227.571064656099, '_a4_': -2237.6102565741767, '_a6_': -1.8375964945066385, '_a0_': 1.0, '_a2_': 1.0, '_a5_': 1.0, '_a7_': 1.0}};{'d0': 0.024905832919608715};-276.475521886359;46.41545832704647
12620;-91.8223026161329;((((_a4_ + _a6_) / _a3_) + pow2(((_a1_ + _a1_) + x))) * (pow2(_a6_) * x));{'d0': {'_a1_': 0.15596485396942514, '_a3_': -5227.571064656099, '_a4_': -2237.6102565741767, '_a6_': -1.8375964945066385, '_a0_': 1.0, '_a2_': 1.0, '_a5_': 1.0, '_a7_': 1.0}};{'d0': 0.024905832919608715};-276.475521886359;46.41545832704647
12621;-91.8223026161329;((((_a4_ + _a6_) / _a3_) + pow2(((_a1_ + _a1_) + x))) * (pow2(_a6_) * x));{'d0': {'_a1_': 0.15596485396942514, '_a3_': -5227.571064656099, '_a4_': -2237.6102565741767, '_a6_': -1.8375964945066385, '_a0_': 1.0, '_a2_': 1.0, '_a5_': 1.0, '_a7_': 1.0}};{'d0': 0.024905832919608715};-276.475521886359;46.41545832704647
12622;-91.8223026161329;((((_a4_ + _a6_) / _a3_) + pow2(((_a1_ + _a1_) + x))) * (pow2(_a6_) * x));{'d0': {'_a1_': 0.15596485396942514, '_a3_': -5227.571064656099, '_a4_': -2237.6102565741767, '_a6_': -1.8375964945066385, '_a0_': 1.0, '_a2_': 1.0, '_a5_': 1.0, '_a7_': 1.0}};{'d0': 0.024905832919608715};-276.475521886359;46.41545832704647
12623;-91.8223026161329;((((_a4_ + _a6_) / _a3_) + pow2(((_a1_ + _a1_) + x))) * (pow2(_a6_) * x));{'d0': {'_a1_': 0.15596485396942514, '_a3_': -5227.571064656099, '_a4_': -2237.6102565741767, '_a6_': -1.8375964945066385, '_a0_': 1.0, '_a2_': 1.0, '_a5_': 1.0, '_a7_': 1.0}};{'d0': 0.024905832919608715};-276.475521886359;46.41545832704647
12624;-91.8223026161329;((((_a4_ + _a6_) / _a3_) + pow2(((_a1_ + _a1_) + x))) * (pow2(_a6_) * x));{'d0': {'_a1_': 0.15596485396942514, '_a3_': -5227.571064656099, '_a4_': -2237.6102565741767, '_a6_': -1.8375964945066385, '_a0_': 1.0, '_a2_': 1.0, '_a5_': 1.0, '_a7_': 1.0}};{'d0': 0.024905832919608715};-276.475521886359;46.41545832704647
12625;-91.8223026161329;((((_a4_ + _a6_) / _a3_) + pow2(((_a1_ + _a1_) + x))) * (pow2(_a6_) * x));{'d0': {'_a1_': 0.15596485396942514, '_a3_': -5227.571064656099, '_a4_': -2237.6102565741767, '_a6_': -1.8375964945066385, '_a0_': 1.0, '_a2_': 1.0, '_a5_': 1.0, '_a7_': 1.0}};{'d0': 0.024905832919608715};-276.475521886359;46.41545832704647
12626;-91.8223026161329;((((_a4_ + _a6_) / _a3_) + pow2(((_a1_ + _a1_) + x))) * (pow2(_a6_) * x));{'d0': {'_a1_': 0.15596485396942514, '_a3_': -5227.571064656099, '_a4_': -2237.6102565741767, '_a6_': -1.8375964945066385, '_a0_': 1.0, '_a2_': 1.0, '_a5_': 1.0, '_a7_': 1.0}};{'d0': 0.024905832919608715};-276.475521886359;46.41545832704647
12627;-91.8223026161329;((((_a4_ + _a6_) / _a3_) + pow2(((_a1_ + _a1_) + x))) * (pow2(_a6_) * x));{'d0': {'_a1_': 0.15596485396942514, '_a3_': -5227.571064656099, '_a4_': -2237.6102565741767, '_a6_': -1.8375964945066385, '_a0_': 1.0, '_a2_': 1.0, '_a5_': 1.0, '_a7_': 1.0}};{'d0': 0.024905832919608715};-276.475521886359;46.41545832704647
12628;-93.4730648078529;((((_a4_ + _a6_) / _a3_) + pow2(((_a1_ + _a1_) + x))) * (_a2_ * x));{'d0': {'_a1_': 0.15596485390068981, '_a2_': 3.3767608832369724, '_a3_': 2570736.3130498384, '_a4_': 698929.1915151739, '_a6_': 402352.7017500153, '_a0_': 1.0, '_a5_': 1.0, '_a7_': 1.0}};{'d0': 0.0249058329194252};-272.381177324579;42.71752385443647
12629;-93.4730648078529;((((_a4_ + _a6_) / _a3_) + pow2(((_a1_ + _a1_) + x))) * (_a2_ * x));{'d0': {'_a1_': 0.15596485390068981, '_a2_': 3.3767608832369724, '_a3_': 2570736.3130498384, '_a4_': 698929.1915151739, '_a6_': 402352.7017500153, '_a0_': 1.0, '_a5_': 1.0, '_a7_': 1.0}};{'d0': 0.0249058329194252};-272.381177324579;42.71752385443647
12630;-93.4730648078529;((((_a4_ + _a6_) / _a3_) + pow2(((_a1_ + _a1_) + x))) * (_a2_ * x));{'d0': {'_a1_': 0.15596485390068981, '_a2_': 3.3767608832369724, '_a3_': 2570736.3130498384, '_a4_': 698929.1915151739, '_a6_': 402352.7017500153, '_a0_': 1.0, '_a5_': 1.0, '_a7_': 1.0}};{'d0': 0.0249058329194252};-272.381177324579;42.71752385443647
12631;-95.5202370889737;((((_a1_ + _a6_) / _a3_) + pow2(((_a1_ + _a1_) + x))) * (_a2_ * x));{'d0': {'_a1_': 0.1559648540061365, '_a2_': 3.3767608779709963, '_a3_': 222893852.98677364, '_a6_': 95485860.02583134, '_a0_': 1.0, '_a4_': 1.0, '_a5_': 1.0, '_a7_': 1.0}};{'d0': 0.024905832919417094};-276.475521886820;42.71752385443647
12632;-95.5202370889737;((((_a1_ + _a6_) / _a3_) + pow2(((_a1_ + _a1_) + x))) * (_a2_ * x));{'d0': {'_a1_': 0.1559648540061365, '_a2_': 3.3767608779709963, '_a3_': 222893852.98677364, '_a6_': 95485860.02583134, '_a0_': 1.0, '_a4_': 1.0, '_a5_': 1.0, '_a7_': 1.0}};{'d0': 0.024905832919417094};-276.475521886820;42.71752385443647
12633;-95.5202370889737;((((_a1_ + _a6_) / _a3_) + pow2(((_a1_ + _a1_) + x))) * (_a2_ * x));{'d0': {'_a1_': 0.1559648540061365, '_a2_': 3.3767608779709963, '_a3_': 222893852.98677364, '_a6_': 95485860.02583134, '_a0_': 1.0, '_a4_': 1.0, '_a5_': 1.0, '_a7_': 1.0}};{'d0': 0.024905832919417094};-276.475521886820;42.71752385443647
12634;-101.440838126106;(((_a5_ / _a3_) + pow2(((_a1_ + _a1_) + x))) * (_a2_ * x));{'d0': {'_a1_': 0.15596485389975792, '_a2_': 3.376760883249007, '_a3_': -1601583638.7794642, '_a5_': -686105400.5453604, '_a0_': 1.0, '_a4_': 1.0, '_a6_': 1.0, '_a7_': 1.0}};{'d0': 0.02490583292929429};-276.475521863026;36.796922805406474
12635;-101.440838126106;(((_a5_ / _a3_) + pow2(((_a1_ + _a1_) + x))) * (_a2_ * x));{'d0': {'_a1_': 0.15596485389975792, '_a2_': 3.376760883249007, '_a3_': -1601583638.7794642, '_a5_': -686105400.5453604, '_a0_': 1.0, '_a4_': 1.0, '_a6_': 1.0, '_a7_': 1.0}};{'d0': 0.02490583292929429};-276.475521863026;36.796922805406474
12636;-101.440838126106;(((_a5_ / _a3_) + pow2(((_a1_ + _a1_) + x))) * (_a2_ * x));{'d0': {'_a1_': 0.15596485389975792, '_a2_': 3.376760883249007, '_a3_': -1601583638.7794642, '_a5_': -686105400.5453604, '_a0_': 1.0, '_a4_': 1.0, '_a6_': 1.0, '_a7_': 1.0}};{'d0': 0.02490583292929429};-276.475521863026;36.796922805406474
12637;-102.954038962542;(x * (_a5_ + pow2(((x + (_a2_ * pow2(-(_a1_)))) * _a2_))));{'d0': {'_a1_': 0.41200576446914094, '_a2_': -1.837596494838406, '_a5_': 1.4465760899617972, '_a0_': 1.0, '_a3_': 1.0, '_a4_': 1.0, '_a6_': 1.0, '_a7_': 1.0}};{'d0': 0.024905832919416625};-280.569866449044;37.33089426197931
12638;-102.954038962542;(x * (_a5_ + pow2(((x + (_a2_ * pow2(-(_a1_)))) * _a2_))));{'d0': {'_a1_': 0.41200576446914094, '_a2_': -1.837596494838406, '_a5_': 1.4465760899617972, '_a0_': 1.0, '_a3_': 1.0, '_a4_': 1.0, '_a6_': 1.0, '_a7_': 1.0}};{'d0': 0.024905832919416625};-280.569866449044;37.33089426197931
12639;-102.954038962542;(x * (_a5_ + pow2(((x + (_a2_ * pow2(-(_a1_)))) * _a2_))));{'d0': {'_a1_': 0.41200576446914094, '_a2_': -1.837596494838406, '_a5_': 1.4465760899617972, '_a0_': 1.0, '_a3_': 1.0, '_a4_': 1.0, '_a6_': 1.0, '_a7_': 1.0}};{'d0': 0.024905832919416625};-280.569866449044;37.33089426197931
12640;-102.954038962542;(x * (_a5_ + pow2(((x + (_a2_ * pow2(-(_a1_)))) * _a2_))));{'d0': {'_a1_': 0.41200576446914094, '_a2_': -1.837596494838406, '_a5_': 1.4465760899617972, '_a0_': 1.0, '_a3_': 1.0, '_a4_': 1.0, '_a6_': 1.0, '_a7_': 1.0}};{'d0': 0.024905832919416625};-280.569866449044;37.33089426197931
12641;-102.954038962542;(x * (_a5_ + pow2(((x + (_a2_ * pow2(-(_a1_)))) * _a2_))));{'d0': {'_a1_': 0.41200576446914094, '_a2_': -1.837596494838406, '_a5_': 1.4465760899617972, '_a0_': 1.0, '_a3_': 1.0, '_a4_': 1.0, '_a6_': 1.0, '_a7_': 1.0}};{'d0': 0.024905832919416625};-280.569866449044;37.33089426197931
12642;-102.954038962542;(x * (_a5_ + pow2(((x + (_a2_ * pow2(-(_a1_)))) * _a2_))));{'d0': {'_a1_': 0.41200576446914094, '_a2_': -1.837596494838406, '_a5_': 1.4465760899617972, '_a0_': 1.0, '_a3_': 1.0, '_a4_': 1.0, '_a6_': 1.0, '_a7_': 1.0}};{'d0': 0.024905832919416625};-280.569866449044;37.33089426197931
12643;-102.954038962542;(x * (_a5_ + pow2(((x + (_a2_ * pow2(-(_a1_)))) * _a2_))));{'d0': {'_a1_': 0.41200576446914094, '_a2_': -1.837596494838406, '_a5_': 1.4465760899617972, '_a0_': 1.0, '_a3_': 1.0, '_a4_': 1.0, '_a6_': 1.0, '_a7_': 1.0}};{'d0': 0.024905832919416625};-280.569866449044;37.33089426197931
12644;-102.954038962542;(x * (_a5_ + pow2(((x + (_a2_ * pow2(-(_a1_)))) * _a2_))));{'d0': {'_a1_': 0.41200576446914094, '_a2_': -1.837596494838406, '_a5_': 1.4465760899617972, '_a0_': 1.0, '_a3_': 1.0, '_a4_': 1.0, '_a6_': 1.0, '_a7_': 1.0}};{'d0': 0.024905832919416625};-280.569866449044;37.33089426197931
12645;-102.954038962542;(x * (_a5_ + pow2(((x + (_a2_ * pow2(-(_a1_)))) * _a2_))));{'d0': {'_a1_': 0.41200576446914094, '_a2_': -1.837596494838406, '_a5_': 1.4465760899617972, '_a0_': 1.0, '_a3_': 1.0, '_a4_': 1.0, '_a6_': 1.0, '_a7_': 1.0}};{'d0': 0.024905832919416625};-280.569866449044;37.33089426197931
12646;-100.906866676659;(x * (_a5_ + pow2(((x + (_a2_ * pow2(-(_a1_)))) * _a6_))));{'d0': {'_a1_': 0.5428964427126162, '_a2_': -1.0583334963597395, '_a5_': 1.4465760890965458, '_a6_': 1.8375964951901163, '_a0_': 1.0, '_a3_': 1.0, '_a4_': 1.0, '_a7_': 1.0}};{'d0': 0.02490583292337831};-276.475521877278;37.33089426197931
12647;-100.906866676659;(x * (_a5_ + pow2(((x + (_a2_ * pow2(-(_a1_)))) * _a6_))));{'d0': {'_a1_': 0.5428964427126162, '_a2_': -1.0583334963597395, '_a5_': 1.4465760890965458, '_a6_': 1.8375964951901163, '_a0_': 1.0, '_a3_': 1.0, '_a4_': 1.0, '_a7_': 1.0}};{'d0': 0.02490583292337831};-276.475521877278;37.33089426197931
12648;-100.906866676659;(x * (_a5_ + pow2(((x + (_a2_ * pow2(-(_a1_)))) * _a6_))));{'d0': {'_a1_': 0.5428964427126162, '_a2_': -1.0583334963597395, '_a5_': 1.4465760890965458, '_a6_': 1.8375964951901163, '_a0_': 1.0, '_a3_': 1.0, '_a4_': 1.0, '_a7_': 1.0}};{'d0': 0.02490583292337831};-276.475521877278;37.33089426197931
12649;-95.1065749146052;(x * ((_a6_ / _a5_) + pow2(((x + (_a2_ * pow2(-(_a1_)))) * _a6_))));{'d0': {'_a1_': 0.48917346606052853, '_a2_': -1.303559604175282, '_a5_': 1.2703075284984715, '_a6_': 1.837596495714404, '_a0_': 1.0, '_a3_': 1.0, '_a4_': 1.0, '_a7_': 1.0}};{'d0': 0.024905832919768445};-276.475521885974;43.13118602838171
12650;-95.1065749146052;(x * ((_a6_ / _a5_) + pow2(((x + (_a2_ * pow2(-(_a1_)))) * _a6_))));{'d0': {'_a1_': 0.48917346606052853, '_a2_': -1.303559604175282, '_a5_': 1.2703075284984715, '_a6_': 1.837596495714404, '_a0_': 1.0, '_a3_': 1.0, '_a4_': 1.0, '_a7_': 1.0}};{'d0': 0.024905832919768445};-276.475521885974;43.13118602838171
12651;-95.1065749146052;(x * ((_a6_ / _a5_) + pow2(((x + (_a2_ * pow2(-(_a1_)))) * _a6_))));{'d0': {'_a1_': 0.48917346606052853, '_a2_': -1.303559604175282, '_a5_': 1.2703075284984715, '_a6_': 1.837596495714404, '_a0_': 1.0, '_a3_': 1.0, '_a4_': 1.0, '_a7_': 1.0}};{'d0': 0.024905832919768445};-276.475521885974;43.13118602838171
12652;-95.1065749146052;(x * ((_a6_ / _a5_) + pow2(((x + (_a2_ * pow2(-(_a1_)))) * _a6_))));{'d0': {'_a1_': 0.48917346606052853, '_a2_': -1.303559604175282, '_a5_': 1.2703075284984715, '_a6_': 1.837596495714404, '_a0_': 1.0, '_a3_': 1.0, '_a4_': 1.0, '_a7_': 1.0}};{'d0': 0.024905832919768445};-276.475521885974;43.13118602838171
12653;-89.1859738659057;(x * ((_a6_ / _a5_) + pow2(((x + (_a2_ * pow2(-(_a1_)))) * (_a5_ + _a1_)))));{'d0': {'_a1_': 0.5516928637039699, '_a2_': -1.0248539450136374, '_a5_': 1.2859036310160845, '_a6_': 1.8601574459589478, '_a0_': 1.0, '_a3_': 1.0, '_a4_': 1.0, '_a7_': 1.0}};{'d0': 0.02490583291949409};-276.475521886635;49.05178707741171
12654;-89.1859738659057;(x * ((_a6_ / _a5_) + pow2(((x + (_a2_ * pow2(-(_a1_)))) * (_a5_ + _a1_)))));{'d0': {'_a1_': 0.5516928637039699, '_a2_': -1.0248539450136374, '_a5_': 1.2859036310160845, '_a6_': 1.8601574459589478, '_a0_': 1.0, '_a3_': 1.0, '_a4_': 1.0, '_a7_': 1.0}};{'d0': 0.02490583291949409};-276.475521886635;49.05178707741171
12655;-89.1859738659057;(x * ((_a6_ / _a5_) + pow2(((x + (_a2_ * pow2(-(_a1_)))) * (_a5_ + _a1_)))));{'d0': {'_a1_': 0.5516928637039699, '_a2_': -1.0248539450136374, '_a5_': 1.2859036310160845, '_a6_': 1.8601574459589478, '_a0_': 1.0, '_a3_': 1.0, '_a4_': 1.0, '_a7_': 1.0}};{'d0': 0.02490583291949409};-276.475521886635;49.05178707741171
12656;-89.1859738659057;(x * ((_a6_ / _a5_) + pow2(((x + (_a2_ * pow2(-(_a1_)))) * (_a5_ + _a1_)))));{'d0': {'_a1_': 0.5516928637039699, '_a2_': -1.0248539450136374, '_a5_': 1.2859036310160845, '_a6_': 1.8601574459589478, '_a0_': 1.0, '_a3_': 1.0, '_a4_': 1.0, '_a7_': 1.0}};{'d0': 0.02490583291949409};-276.475521886635;49.05178707741171
12657;-89.1859738659057;(x * ((_a6_ / _a5_) + pow2(((x + (_a2_ * pow2(-(_a1_)))) * (_a5_ + _a1_)))));{'d0': {'_a1_': 0.5516928637039699, '_a2_': -1.0248539450136374, '_a5_': 1.2859036310160845, '_a6_': 1.8601574459589478, '_a0_': 1.0, '_a3_': 1.0, '_a4_': 1.0, '_a7_': 1.0}};{'d0': 0.02490583291949409};-276.475521886635;49.05178707741171
12658;-84.2366339403764;(x * (((_a5_ * _a6_) / _a5_) + pow2(((x + (_a2_ * pow2(-(_a1_)))) * (_a5_ + _a1_)))));{'d0': {'_a1_': 0.5654837903408253, '_a2_': -0.9754755302181306, '_a5_': 1.2721127047519887, '_a6_': 1.4465760892383697, '_a0_': 1.0, '_a3_': 1.0, '_a4_': 1.0, '_a7_': 1.0}};{'d0': 0.024905832919554085};-276.475521886490;54.001127002868714
12659;-84.2366339403764;(x * (((_a5_ * _a6_) / _a5_) + pow2(((x + (_a2_ * pow2(-(_a1_)))) * (_a5_ + _a1_)))));{'d0': {'_a1_': 0.5654837903408253, '_a2_': -0.9754755302181306, '_a5_': 1.2721127047519887, '_a6_': 1.4465760892383697, '_a0_': 1.0, '_a3_': 1.0, '_a4_': 1.0, '_a7_': 1.0}};{'d0': 0.024905832919554085};-276.475521886490;54.001127002868714
12660;-84.2366339403764;(x * (((_a5_ * _a6_) / _a5_) + pow2(((x + (_a2_ * pow2(-(_a1_)))) * (_a5_ + _a1_)))));{'d0': {'_a1_': 0.5654837903408253, '_a2_': -0.9754755302181306, '_a5_': 1.2721127047519887, '_a6_': 1.4465760892383697, '_a0_': 1.0, '_a3_': 1.0, '_a4_': 1.0, '_a7_': 1.0}};{'d0': 0.024905832919554085};-276.475521886490;54.001127002868714
12661;-84.2366339403764;(x * (((_a5_ * _a6_) / _a5_) + pow2(((x + (_a2_ * pow2(-(_a1_)))) * (_a5_ + _a1_)))));{'d0': {'_a1_': 0.5654837903408253, '_a2_': -0.9754755302181306, '_a5_': 1.2721127047519887, '_a6_': 1.4465760892383697, '_a0_': 1.0, '_a3_': 1.0, '_a4_': 1.0, '_a7_': 1.0}};{'d0': 0.024905832919554085};-276.475521886490;54.001127002868714
12662;-84.2366339403764;(x * (((_a5_ * _a6_) / _a5_) + pow2(((x + (_a2_ * pow2(-(_a1_)))) * (_a5_ + _a1_)))));{'d0': {'_a1_': 0.5654837903408253, '_a2_': -0.9754755302181306, '_a5_': 1.2721127047519887, '_a6_': 1.4465760892383697, '_a0_': 1.0, '_a3_': 1.0, '_a4_': 1.0, '_a7_': 1.0}};{'d0': 0.024905832919554085};-276.475521886490;54.001127002868714
12663;-84.2366339332977;(x * (((x * _a6_) / _a5_) + pow2(((x + (_a2_ * pow2(-(_a1_)))) * (_a5_ + _a1_)))));{'d0': {'_a1_': 0.79215243684532, '_a2_': -1.1554413975164923, '_a5_': 1.0454440583127045, '_a6_': -2.9167786623434515, '_a0_': 1.0, '_a3_': 1.0, '_a4_': 1.0, '_a7_': 1.0}};{'d0': 0.024905832925430776};-276.475521872333;54.001127002868714
12664;-84.2366339332977;(x * (((x * _a6_) / _a5_) + pow2(((x + (_a2_ * pow2(-(_a1_)))) * (_a5_ + _a1_)))));{'d0': {'_a1_': 0.79215243684532, '_a2_': -1.1554413975164923, '_a5_': 1.0454440583127045, '_a6_': -2.9167786623434515, '_a0_': 1.0, '_a3_': 1.0, '_a4_': 1.0, '_a7_': 1.0}};{'d0': 0.024905832925430776};-276.475521872333;54.001127002868714
12665;-84.2366339332977;(x * (((x * _a6_) / _a5_) + pow2(((x + (_a2_ * pow2(-(_a1_)))) * (_a5_ + _a1_)))));{'d0': {'_a1_': 0.79215243684532, '_a2_': -1.1554413975164923, '_a5_': 1.0454440583127045, '_a6_': -2.9167786623434515, '_a0_': 1.0, '_a3_': 1.0, '_a4_': 1.0, '_a7_': 1.0}};{'d0': 0.024905832925430776};-276.475521872333;54.001127002868714
12666;-84.2366339332977;(x * (((x * _a6_) / _a5_) + pow2(((x + (_a2_ * pow2(-(_a1_)))) * (_a5_ + _a1_)))));{'d0': {'_a1_': 0.79215243684532, '_a2_': -1.1554413975164923, '_a5_': 1.0454440583127045, '_a6_': -2.9167786623434515, '_a0_': 1.0, '_a3_': 1.0, '_a4_': 1.0, '_a7_': 1.0}};{'d0': 0.024905832925430776};-276.475521872333;54.001127002868714
12667;-84.2366339332977;(x * (((x * _a6_) / _a5_) + pow2(((x + (_a2_ * pow2(-(_a1_)))) * (_a5_ + _a1_)))));{'d0': {'_a1_': 0.79215243684532, '_a2_': -1.1554413975164923, '_a5_': 1.0454440583127045, '_a6_': -2.9167786623434515, '_a0_': 1.0, '_a3_': 1.0, '_a4_': 1.0, '_a7_': 1.0}};{'d0': 0.024905832925430776};-276.475521872333;54.001127002868714
12668;-95.8843544309436;(_a3_ * (x * (_a1_ + pow2(((pow2((_a3_ / (_a3_ * _a7_))) + x) * _a7_)))));{'d0': {'_a1_': 1.3733595013415376, '_a3_': 1.0533120337517325, '_a7_': -1.790488891124069, '_a0_': 1.0, '_a2_': 1.0, '_a4_': 1.0, '_a5_': 1.0, '_a6_': 1.0}};{'d0': 0.02490583291941659};-280.569866449044;44.4005787935784
12669;-95.8843544309436;(_a3_ * (x * (_a1_ + pow2(((pow2((_a3_ / (_a3_ * _a7_))) + x) * _a7_)))));{'d0': {'_a1_': 1.3733595013415376, '_a3_': 1.0533120337517325, '_a7_': -1.790488891124069, '_a0_': 1.0, '_a2_': 1.0, '_a4_': 1.0, '_a5_': 1.0, '_a6_': 1.0}};{'d0': 0.02490583291941659};-280.569866449044;44.4005787935784
12670;-95.8843544309436;(_a3_ * (x * (_a1_ + pow2(((pow2((_a3_ / (_a3_ * _a7_))) + x) * _a7_)))));{'d0': {'_a1_': 1.3733595013415376, '_a3_': 1.0533120337517325, '_a7_': -1.790488891124069, '_a0_': 1.0, '_a2_': 1.0, '_a4_': 1.0, '_a5_': 1.0, '_a6_': 1.0}};{'d0': 0.02490583291941659};-280.569866449044;44.4005787935784
12671;-95.8843544309436;(_a3_ * (x * (_a1_ + pow2(((pow2((_a3_ / (_a3_ * _a7_))) + x) * _a7_)))));{'d0': {'_a1_': 1.3733595013415376, '_a3_': 1.0533120337517325, '_a7_': -1.790488891124069, '_a0_': 1.0, '_a2_': 1.0, '_a4_': 1.0, '_a5_': 1.0, '_a6_': 1.0}};{'d0': 0.02490583291941659};-280.569866449044;44.4005787935784
12672;-95.8843544309436;(_a3_ * (x * (_a1_ + pow2(((pow2((_a3_ / (_a3_ * _a7_))) + x) * _a7_)))));{'d0': {'_a1_': 1.3733595013415376, '_a3_': 1.0533120337517325, '_a7_': -1.790488891124069, '_a0_': 1.0, '_a2_': 1.0, '_a4_': 1.0, '_a5_': 1.0, '_a6_': 1.0}};{'d0': 0.02490583291941659};-280.569866449044;44.4005787935784
12673;-95.8843544309436;(_a3_ * (x * (_a1_ + pow2(((pow2((_a3_ / (_a3_ * _a7_))) + x) * _a7_)))));{'d0': {'_a1_': 1.3733595013415376, '_a3_': 1.0533120337517325, '_a7_': -1.790488891124069, '_a0_': 1.0, '_a2_': 1.0, '_a4_': 1.0, '_a5_': 1.0, '_a6_': 1.0}};{'d0': 0.02490583291941659};-280.569866449044;44.4005787935784
12674;-107.361439187029;(((_a5_ / _a7_) + pow2((_a6_ + x))) * (_a2_ * x));{'d0': {'_a2_': 3.3767608809623693, '_a5_': -71069826403.39905, '_a6_': 0.31192970772656237, '_a7_': -165899197637.2945, '_a0_': 1.0, '_a1_': 1.0, '_a3_': 1.0, '_a4_': 1.0}};{'d0': 0.024905832919420914};-276.475521886811;30.876321756376473
12675;-107.361439187029;(((_a5_ / _a7_) + pow2((_a6_ + x))) * (_a2_ * x));{'d0': {'_a2_': 3.3767608809623693, '_a5_': -71069826403.39905, '_a6_': 0.31192970772656237, '_a7_': -165899197637.2945, '_a0_': 1.0, '_a1_': 1.0, '_a3_': 1.0, '_a4_': 1.0}};{'d0': 0.024905832919420914};-276.475521886811;30.876321756376473
12676;-107.361439187029;(((_a5_ / _a7_) + pow2((_a6_ + x))) * (_a2_ * x));{'d0': {'_a2_': 3.3767608809623693, '_a5_': -71069826403.39905, '_a6_': 0.31192970772656237, '_a7_': -165899197637.2945, '_a0_': 1.0, '_a1_': 1.0, '_a3_': 1.0, '_a4_': 1.0}};{'d0': 0.024905832919420914};-276.475521886811;30.876321756376473
12677;-107.361439187029;(((_a5_ / _a7_) + pow2((_a6_ + x))) * (_a2_ * x));{'d0': {'_a2_': 3.3767608809623693, '_a5_': -71069826403.39905, '_a6_': 0.31192970772656237, '_a7_': -165899197637.2945, '_a0_': 1.0, '_a1_': 1.0, '_a3_': 1.0, '_a4_': 1.0}};{'d0': 0.024905832919420914};-276.475521886811;30.876321756376473
12678;-107.361439187029;(((_a5_ / _a7_) + pow2((_a6_ + x))) * (_a2_ * x));{'d0': {'_a2_': 3.3767608809623693, '_a5_': -71069826403.39905, '_a6_': 0.31192970772656237, '_a7_': -165899197637.2945, '_a0_': 1.0, '_a1_': 1.0, '_a3_': 1.0, '_a4_': 1.0}};{'d0': 0.024905832919420914};-276.475521886811;30.876321756376473
12679;-99.7900759465055;(_a3_ * (x * (_a1_ + pow2(((pow2((_a3_ / _a3_)) + x) + _a7_)))));{'d0': {'_a1_': 0.42839162759836846, '_a3_': 3.3767608792361767, '_a7_': -0.6880702922190451, '_a0_': 1.0, '_a2_': 1.0, '_a4_': 1.0, '_a5_': 1.0, '_a6_': 1.0}};{'d0': 0.02490583291941661};-280.569866449044;40.4948572780164
12680;-99.7900759465055;(_a3_ * (x * (_a1_ + pow2(((pow2((_a3_ / _a3_)) + x) + _a7_)))));{'d0': {'_a1_': 0.42839162759836846, '_a3_': 3.3767608792361767, '_a7_': -0.6880702922190451, '_a0_': 1.0, '_a2_': 1.0, '_a4_': 1.0, '_a5_': 1.0, '_a6_': 1.0}};{'d0': 0.02490583291941661};-280.569866449044;40.4948572780164
12681;-99.7900759465055;(_a3_ * (x * (_a1_ + pow2(((pow2((_a3_ / _a3_)) + x) + _a7_)))));{'d0': {'_a1_': 0.42839162759836846, '_a3_': 3.3767608792361767, '_a7_': -0.6880702922190451, '_a0_': 1.0, '_a2_': 1.0, '_a4_': 1.0, '_a5_': 1.0, '_a6_': 1.0}};{'d0': 0.02490583291941661};-280.569866449044;40.4948572780164
12682;-99.7900759465055;(_a3_ * (x * (_a1_ + pow2(((pow2((_a3_ / _a3_)) + x) + _a7_)))));{'d0': {'_a1_': 0.42839162759836846, '_a3_': 3.3767608792361767, '_a7_': -0.6880702922190451, '_a0_': 1.0, '_a2_': 1.0, '_a4_': 1.0, '_a5_': 1.0, '_a6_': 1.0}};{'d0': 0.02490583291941661};-280.569866449044;40.4948572780164
12683;-99.7900759465055;(_a3_ * (x * (_a1_ + pow2(((pow2((_a3_ / _a3_)) + x) + _a7_)))));{'d0': {'_a1_': 0.42839162759836846, '_a3_': 3.3767608792361767, '_a7_': -0.6880702922190451, '_a0_': 1.0, '_a2_': 1.0, '_a4_': 1.0, '_a5_': 1.0, '_a6_': 1.0}};{'d0': 0.02490583291941661};-280.569866449044;40.4948572780164
12684;-99.7900759465055;(_a3_ * (x * (_a1_ + pow2(((pow2((_a3_ / _a3_)) + x) + _a7_)))));{'d0': {'_a1_': 0.42839162759836846, '_a3_': 3.3767608792361767, '_a7_': -0.6880702922190451, '_a0_': 1.0, '_a2_': 1.0, '_a4_': 1.0, '_a5_': 1.0, '_a6_': 1.0}};{'d0': 0.02490583291941661};-280.569866449044;40.4948572780164
12685;-107.361439187029;(((_a5_ / _a7_) + pow2((_a6_ + x))) * (_a2_ * x));{'d0': {'_a2_': 3.3767608809623693, '_a5_': -71069826403.39905, '_a6_': 0.31192970772656237, '_a7_': -165899197637.2945, '_a0_': 1.0, '_a1_': 1.0, '_a3_': 1.0, '_a4_': 1.0}};{'d0': 0.024905832919420914};-276.475521886811;30.876321756376473
12686;-107.361439187029;(((_a5_ / _a7_) + pow2((_a6_ + x))) * (_a2_ * x));{'d0': {'_a2_': 3.3767608809623693, '_a5_': -71069826403.39905, '_a6_': 0.31192970772656237, '_a7_': -165899197637.2945, '_a0_': 1.0, '_a1_': 1.0, '_a3_': 1.0, '_a4_': 1.0}};{'d0': 0.024905832919420914};-276.475521886811;30.876321756376473
12687;-107.361439187033;(((_a5_ / _a0_) + pow2((_a6_ + x))) * (_a2_ * x));{'d0': {'_a0_': 75.33983015182514, '_a2_': 3.376760878949749, '_a5_': 32.27495266365352, '_a6_': 0.31192970772421086, '_a1_': 1.0, '_a3_': 1.0, '_a4_': 1.0, '_a7_': 1.0}};{'d0': 0.02490583291941791};-276.475521886818;30.876321756376473
12688;-107.361439187033;(((_a5_ / _a0_) + pow2((_a6_ + x))) * (_a2_ * x));{'d0': {'_a0_': 75.33983015182514, '_a2_': 3.376760878949749, '_a5_': 32.27495266365352, '_a6_': 0.31192970772421086, '_a1_': 1.0, '_a3_': 1.0, '_a4_': 1.0, '_a7_': 1.0}};{'d0': 0.02490583291941791};-276.475521886818;30.876321756376473
12689;-107.361439187033;(((_a5_ / _a0_) + pow2((_a6_ + x))) * (_a2_ * x));{'d0': {'_a0_': 75.33983015182514, '_a2_': 3.376760878949749, '_a5_': 32.27495266365352, '_a6_': 0.31192970772421086, '_a1_': 1.0, '_a3_': 1.0, '_a4_': 1.0, '_a7_': 1.0}};{'d0': 0.02490583291941791};-276.475521886818;30.876321756376473
12690;-102.484456547732;(((_a5_ / (_a0_ * _a0_)) + pow2((_a6_ + x))) * (_a2_ * x));{'d0': {'_a0_': -46.688467863952525, '_a2_': 3.376760877003696, '_a5_': 933.8135923090977, '_a6_': 0.3119297079565309, '_a1_': 1.0, '_a3_': 1.0, '_a4_': 1.0, '_a7_': 1.0}};{'d0': 0.024905832919555546};-276.475521886487;35.75330439551147
12691;-102.484456547732;(((_a5_ / (_a0_ * _a0_)) + pow2((_a6_ + x))) * (_a2_ * x));{'d0': {'_a0_': -46.688467863952525, '_a2_': 3.376760877003696, '_a5_': 933.8135923090977, '_a6_': 0.3119297079565309, '_a1_': 1.0, '_a3_': 1.0, '_a4_': 1.0, '_a7_': 1.0}};{'d0': 0.024905832919555546};-276.475521886487;35.75330439551147
12692;-102.484456547732;(((_a5_ / (_a0_ * _a0_)) + pow2((_a6_ + x))) * (_a2_ * x));{'d0': {'_a0_': -46.688467863952525, '_a2_': 3.376760877003696, '_a5_': 933.8135923090977, '_a6_': 0.3119297079565309, '_a1_': 1.0, '_a3_': 1.0, '_a4_': 1.0, '_a7_': 1.0}};{'d0': 0.024905832919555546};-276.475521886487;35.75330439551147
12693;-102.484456547732;(((_a5_ / (_a0_ * _a0_)) + pow2((_a6_ + x))) * (_a2_ * x));{'d0': {'_a0_': -46.688467863952525, '_a2_': 3.376760877003696, '_a5_': 933.8135923090977, '_a6_': 0.3119297079565309, '_a1_': 1.0, '_a3_': 1.0, '_a4_': 1.0, '_a7_': 1.0}};{'d0': 0.024905832919555546};-276.475521886487;35.75330439551147
12694;-103.543195431719;(_a0_ * (x * (_a1_ + pow2(((pow2(_a3_) + x) + _a7_)))));{'d0': {'_a0_': 3.376760878980991, '_a1_': 0.4283916277549028, '_a3_': 3.098406794121733, '_a7_': -9.288194935218344, '_a2_': 1.0, '_a4_': 1.0, '_a5_': 1.0, '_a6_': 1.0}};{'d0': 0.024905832919481417};-276.475521886665;34.694565511613995
12695;-103.543195431719;(_a0_ * (x * (_a1_ + pow2(((pow2(_a3_) + x) + _a7_)))));{'d0': {'_a0_': 3.376760878980991, '_a1_': 0.4283916277549028, '_a3_': 3.098406794121733, '_a7_': -9.288194935218344, '_a2_': 1.0, '_a4_': 1.0, '_a5_': 1.0, '_a6_': 1.0}};{'d0': 0.024905832919481417};-276.475521886665;34.694565511613995
12696;-103.543195431719;(_a0_ * (x * (_a1_ + pow2(((pow2(_a3_) + x) + _a7_)))));{'d0': {'_a0_': 3.376760878980991, '_a1_': 0.4283916277549028, '_a3_': 3.098406794121733, '_a7_': -9.288194935218344, '_a2_': 1.0, '_a4_': 1.0, '_a5_': 1.0, '_a6_': 1.0}};{'d0': 0.024905832919481417};-276.475521886665;34.694565511613995
12697;-102.484456547732;(((_a5_ / (_a0_ * _a0_)) + pow2((_a6_ + x))) * (_a2_ * x));{'d0': {'_a0_': -46.688467863952525, '_a2_': 3.376760877003696, '_a5_': 933.8135923090977, '_a6_': 0.3119297079565309, '_a1_': 1.0, '_a3_': 1.0, '_a4_': 1.0, '_a7_': 1.0}};{'d0': 0.024905832919555546};-276.475521886487;35.75330439551147
12698;-102.484456547732;(((_a5_ / (_a0_ * _a0_)) + pow2((_a6_ + x))) * (_a2_ * x));{'d0': {'_a0_': -46.688467863952525, '_a2_': 3.376760877003696, '_a5_': 933.8135923090977, '_a6_': 0.3119297079565309, '_a1_': 1.0, '_a3_': 1.0, '_a4_': 1.0, '_a7_': 1.0}};{'d0': 0.024905832919555546};-276.475521886487;35.75330439551147
12699;-102.484456547732;(((_a5_ / (_a0_ * _a0_)) + pow2((_a6_ + x))) * (_a2_ * x));{'d0': {'_a0_': -46.688467863952525, '_a2_': 3.376760877003696, '_a5_': 933.8135923090977, '_a6_': 0.3119297079565309, '_a1_': 1.0, '_a3_': 1.0, '_a4_': 1.0, '_a7_': 1.0}};{'d0': 0.024905832919555546};-276.475521886487;35.75330439551147
12700;-102.484456547732;(((_a5_ / (_a0_ * _a0_)) + pow2((_a6_ + x))) * (_a2_ * x));{'d0': {'_a0_': -46.688467863952525, '_a2_': 3.376760877003696, '_a5_': 933.8135923090977, '_a6_': 0.3119297079565309, '_a1_': 1.0, '_a3_': 1.0, '_a4_': 1.0, '_a7_': 1.0}};{'d0': 0.024905832919555546};-276.475521886487;35.75330439551147
12701;-102.484456547732;(((_a5_ / (_a0_ * _a0_)) + pow2((_a6_ + x))) * (_a2_ * x));{'d0': {'_a0_': -46.688467863952525, '_a2_': 3.376760877003696, '_a5_': 933.8135923090977, '_a6_': 0.3119297079565309, '_a1_': 1.0, '_a3_': 1.0, '_a4_': 1.0, '_a7_': 1.0}};{'d0': 0.024905832919555546};-276.475521886487;35.75330439551147
12702;-102.484456547732;(((_a5_ / (_a0_ * _a0_)) + pow2((_a6_ + x))) * (_a2_ * x));{'d0': {'_a0_': -46.688467863952525, '_a2_': 3.376760877003696, '_a5_': 933.8135923090977, '_a6_': 0.3119297079565309, '_a1_': 1.0, '_a3_': 1.0, '_a4_': 1.0, '_a7_': 1.0}};{'d0': 0.024905832919555546};-276.475521886487;35.75330439551147
12703;-102.484456547732;(((_a5_ / (_a0_ * _a0_)) + pow2((_a6_ + x))) * (_a2_ * x));{'d0': {'_a0_': -46.688467863952525, '_a2_': 3.376760877003696, '_a5_': 933.8135923090977, '_a6_': 0.3119297079565309, '_a1_': 1.0, '_a3_': 1.0, '_a4_': 1.0, '_a7_': 1.0}};{'d0': 0.024905832919555546};-276.475521886487;35.75330439551147
12704;-102.484456547732;(((_a5_ / (_a0_ * _a0_)) + pow2((_a6_ + x))) * (_a2_ * x));{'d0': {'_a0_': -46.688467863952525, '_a2_': 3.376760877003696, '_a5_': 933.8135923090977, '_a6_': 0.3119297079565309, '_a1_': 1.0, '_a3_': 1.0, '_a4_': 1.0, '_a7_': 1.0}};{'d0': 0.024905832919555546};-276.475521886487;35.75330439551147
12705;-102.484456547732;(((_a5_ / (_a0_ * _a0_)) + pow2((_a6_ + x))) * (_a2_ * x));{'d0': {'_a0_': -46.688467863952525, '_a2_': 3.376760877003696, '_a5_': 933.8135923090977, '_a6_': 0.3119297079565309, '_a1_': 1.0, '_a3_': 1.0, '_a4_': 1.0, '_a7_': 1.0}};{'d0': 0.024905832919555546};-276.475521886487;35.75330439551147
12706;-102.484456547732;(((_a5_ / (_a0_ * _a0_)) + pow2((_a6_ + x))) * (_a2_ * x));{'d0': {'_a0_': -46.688467863952525, '_a2_': 3.376760877003696, '_a5_': 933.8135923090977, '_a6_': 0.3119297079565309, '_a1_': 1.0, '_a3_': 1.0, '_a4_': 1.0, '_a7_': 1.0}};{'d0': 0.024905832919555546};-276.475521886487;35.75330439551147
12707;-102.484456547732;(((_a5_ / (_a0_ * _a0_)) + pow2((_a6_ + x))) * (_a2_ * x));{'d0': {'_a0_': -46.688467863952525, '_a2_': 3.376760877003696, '_a5_': 933.8135923090977, '_a6_': 0.3119297079565309, '_a1_': 1.0, '_a3_': 1.0, '_a4_': 1.0, '_a7_': 1.0}};{'d0': 0.024905832919555546};-276.475521886487;35.75330439551147
12708;-102.484456547732;(((_a5_ / (_a0_ * _a0_)) + pow2((_a6_ + x))) * (_a2_ * x));{'d0': {'_a0_': -46.688467863952525, '_a2_': 3.376760877003696, '_a5_': 933.8135923090977, '_a6_': 0.3119297079565309, '_a1_': 1.0, '_a3_': 1.0, '_a4_': 1.0, '_a7_': 1.0}};{'d0': 0.024905832919555546};-276.475521886487;35.75330439551147
12709;-102.484456547732;(((_a5_ / (_a0_ * _a0_)) + pow2((_a6_ + x))) * (_a2_ * x));{'d0': {'_a0_': -46.688467863952525, '_a2_': 3.376760877003696, '_a5_': 933.8135923090977, '_a6_': 0.3119297079565309, '_a1_': 1.0, '_a3_': 1.0, '_a4_': 1.0, '_a7_': 1.0}};{'d0': 0.024905832919555546};-276.475521886487;35.75330439551147
12710;-102.484456547732;(((_a5_ / (_a0_ * _a0_)) + pow2((_a6_ + x))) * (_a2_ * x));{'d0': {'_a0_': -46.688467863952525, '_a2_': 3.376760877003696, '_a5_': 933.8135923090977, '_a6_': 0.3119297079565309, '_a1_': 1.0, '_a3_': 1.0, '_a4_': 1.0, '_a7_': 1.0}};{'d0': 0.024905832919555546};-276.475521886487;35.75330439551147
12711;-102.484456547732;(((_a5_ / (_a0_ * _a0_)) + pow2((_a6_ + x))) * (_a2_ * x));{'d0': {'_a0_': -46.688467863952525, '_a2_': 3.376760877003696, '_a5_': 933.8135923090977, '_a6_': 0.3119297079565309, '_a1_': 1.0, '_a3_': 1.0, '_a4_': 1.0, '_a7_': 1.0}};{'d0': 0.024905832919555546};-276.475521886487;35.75330439551147
12712;-102.484456547732;(((_a5_ / (_a0_ * _a0_)) + pow2((_a6_ + x))) * (_a2_ * x));{'d0': {'_a0_': -46.688467863952525, '_a2_': 3.376760877003696, '_a5_': 933.8135923090977, '_a6_': 0.3119297079565309, '_a1_': 1.0, '_a3_': 1.0, '_a4_': 1.0, '_a7_': 1.0}};{'d0': 0.024905832919555546};-276.475521886487;35.75330439551147
12713;-102.484456547732;(((_a5_ / (_a0_ * _a0_)) + pow2((_a6_ + x))) * (_a2_ * x));{'d0': {'_a0_': -46.688467863952525, '_a2_': 3.376760877003696, '_a5_': 933.8135923090977, '_a6_': 0.3119297079565309, '_a1_': 1.0, '_a3_': 1.0, '_a4_': 1.0, '_a7_': 1.0}};{'d0': 0.024905832919555546};-276.475521886487;35.75330439551147
12714;-102.484456547732;(((_a5_ / (_a0_ * _a0_)) + pow2((_a6_ + x))) * (_a2_ * x));{'d0': {'_a0_': -46.688467863952525, '_a2_': 3.376760877003696, '_a5_': 933.8135923090977, '_a6_': 0.3119297079565309, '_a1_': 1.0, '_a3_': 1.0, '_a4_': 1.0, '_a7_': 1.0}};{'d0': 0.024905832919555546};-276.475521886487;35.75330439551147
12715;-102.484456547732;(((_a5_ / (_a0_ * _a0_)) + pow2((_a6_ + x))) * (_a2_ * x));{'d0': {'_a0_': -46.688467863952525, '_a2_': 3.376760877003696, '_a5_': 933.8135923090977, '_a6_': 0.3119297079565309, '_a1_': 1.0, '_a3_': 1.0, '_a4_': 1.0, '_a7_': 1.0}};{'d0': 0.024905832919555546};-276.475521886487;35.75330439551147
12716;-102.484456547732;(((_a5_ / (_a0_ * _a0_)) + pow2((_a6_ + x))) * (_a2_ * x));{'d0': {'_a0_': -46.688467863952525, '_a2_': 3.376760877003696, '_a5_': 933.8135923090977, '_a6_': 0.3119297079565309, '_a1_': 1.0, '_a3_': 1.0, '_a4_': 1.0, '_a7_': 1.0}};{'d0': 0.024905832919555546};-276.475521886487;35.75330439551147
12717;-102.484456547732;(((_a5_ / (_a0_ * _a0_)) + pow2((_a6_ + x))) * (_a2_ * x));{'d0': {'_a0_': -46.688467863952525, '_a2_': 3.376760877003696, '_a5_': 933.8135923090977, '_a6_': 0.3119297079565309, '_a1_': 1.0, '_a3_': 1.0, '_a4_': 1.0, '_a7_': 1.0}};{'d0': 0.024905832919555546};-276.475521886487;35.75330439551147
12718;-102.484456547732;(((_a5_ / (_a0_ * _a0_)) + pow2((_a6_ + x))) * (_a2_ * x));{'d0': {'_a0_': -46.688467863952525, '_a2_': 3.376760877003696, '_a5_': 933.8135923090977, '_a6_': 0.3119297079565309, '_a1_': 1.0, '_a3_': 1.0, '_a4_': 1.0, '_a7_': 1.0}};{'d0': 0.024905832919555546};-276.475521886487;35.75330439551147
12719;-102.484456547732;(((_a5_ / (_a0_ * _a0_)) + pow2((_a6_ + x))) * (_a2_ * x));{'d0': {'_a0_': -46.688467863952525, '_a2_': 3.376760877003696, '_a5_': 933.8135923090977, '_a6_': 0.3119297079565309, '_a1_': 1.0, '_a3_': 1.0, '_a4_': 1.0, '_a7_': 1.0}};{'d0': 0.024905832919555546};-276.475521886487;35.75330439551147
12720;-102.484456547732;(((_a5_ / (_a0_ * _a0_)) + pow2((_a6_ + x))) * (_a2_ * x));{'d0': {'_a0_': -46.688467863952525, '_a2_': 3.376760877003696, '_a5_': 933.8135923090977, '_a6_': 0.3119297079565309, '_a1_': 1.0, '_a3_': 1.0, '_a4_': 1.0, '_a7_': 1.0}};{'d0': 0.024905832919555546};-276.475521886487;35.75330439551147
12721;-102.484456547732;(((_a5_ / (_a0_ * _a0_)) + pow2((_a6_ + x))) * (_a2_ * x));{'d0': {'_a0_': -46.688467863952525, '_a2_': 3.376760877003696, '_a5_': 933.8135923090977, '_a6_': 0.3119297079565309, '_a1_': 1.0, '_a3_': 1.0, '_a4_': 1.0, '_a7_': 1.0}};{'d0': 0.024905832919555546};-276.475521886487;35.75330439551147
12722;-102.484456547732;(((_a5_ / (_a0_ * _a0_)) + pow2((_a6_ + x))) * (_a2_ * x));{'d0': {'_a0_': -46.688467863952525, '_a2_': 3.376760877003696, '_a5_': 933.8135923090977, '_a6_': 0.3119297079565309, '_a1_': 1.0, '_a3_': 1.0, '_a4_': 1.0, '_a7_': 1.0}};{'d0': 0.024905832919555546};-276.475521886487;35.75330439551147
12723;-102.484456547732;(((_a5_ / (_a0_ * _a0_)) + pow2((_a6_ + x))) * (_a2_ * x));{'d0': {'_a0_': -46.688467863952525, '_a2_': 3.376760877003696, '_a5_': 933.8135923090977, '_a6_': 0.3119297079565309, '_a1_': 1.0, '_a3_': 1.0, '_a4_': 1.0, '_a7_': 1.0}};{'d0': 0.024905832919555546};-276.475521886487;35.75330439551147
12724;-102.484456547732;(((_a5_ / (_a0_ * _a0_)) + pow2((_a6_ + x))) * (_a2_ * x));{'d0': {'_a0_': -46.688467863952525, '_a2_': 3.376760877003696, '_a5_': 933.8135923090977, '_a6_': 0.3119297079565309, '_a1_': 1.0, '_a3_': 1.0, '_a4_': 1.0, '_a7_': 1.0}};{'d0': 0.024905832919555546};-276.475521886487;35.75330439551147
12725;-102.484456547732;(((_a5_ / (_a0_ * _a0_)) + pow2((_a6_ + x))) * (_a2_ * x));{'d0': {'_a0_': -46.688467863952525, '_a2_': 3.376760877003696, '_a5_': 933.8135923090977, '_a6_': 0.3119297079565309, '_a1_': 1.0, '_a3_': 1.0, '_a4_': 1.0, '_a7_': 1.0}};{'d0': 0.024905832919555546};-276.475521886487;35.75330439551147
12726;-102.484456547732;(((_a5_ / (_a0_ * _a0_)) + pow2((_a6_ + x))) * (_a2_ * x));{'d0': {'_a0_': -46.688467863952525, '_a2_': 3.376760877003696, '_a5_': 933.8135923090977, '_a6_': 0.3119297079565309, '_a1_': 1.0, '_a3_': 1.0, '_a4_': 1.0, '_a7_': 1.0}};{'d0': 0.024905832919555546};-276.475521886487;35.75330439551147
12727;-102.484456547732;(((_a5_ / (_a0_ * _a0_)) + pow2((_a6_ + x))) * (_a2_ * x));{'d0': {'_a0_': -46.688467863952525, '_a2_': 3.376760877003696, '_a5_': 933.8135923090977, '_a6_': 0.3119297079565309, '_a1_': 1.0, '_a3_': 1.0, '_a4_': 1.0, '_a7_': 1.0}};{'d0': 0.024905832919555546};-276.475521886487;35.75330439551147
12728;-102.484456547732;(((_a5_ / (_a0_ * _a0_)) + pow2((_a6_ + x))) * (_a2_ * x));{'d0': {'_a0_': -46.688467863952525, '_a2_': 3.376760877003696, '_a5_': 933.8135923090977, '_a6_': 0.3119297079565309, '_a1_': 1.0, '_a3_': 1.0, '_a4_': 1.0, '_a7_': 1.0}};{'d0': 0.024905832919555546};-276.475521886487;35.75330439551147
12729;-102.484456547732;(((_a5_ / (_a0_ * _a0_)) + pow2((_a6_ + x))) * (_a2_ * x));{'d0': {'_a0_': -46.688467863952525, '_a2_': 3.376760877003696, '_a5_': 933.8135923090977, '_a6_': 0.3119297079565309, '_a1_': 1.0, '_a3_': 1.0, '_a4_': 1.0, '_a7_': 1.0}};{'d0': 0.024905832919555546};-276.475521886487;35.75330439551147
12730;-102.484456547732;(((_a5_ / (_a0_ * _a0_)) + pow2((_a6_ + x))) * (_a2_ * x));{'d0': {'_a0_': -46.688467863952525, '_a2_': 3.376760877003696, '_a5_': 933.8135923090977, '_a6_': 0.3119297079565309, '_a1_': 1.0, '_a3_': 1.0, '_a4_': 1.0, '_a7_': 1.0}};{'d0': 0.024905832919555546};-276.475521886487;35.75330439551147
12731;-102.484456547732;(((_a5_ / (_a0_ * _a0_)) + pow2((_a6_ + x))) * (_a2_ * x));{'d0': {'_a0_': -46.688467863952525, '_a2_': 3.376760877003696, '_a5_': 933.8135923090977, '_a6_': 0.3119297079565309, '_a1_': 1.0, '_a3_': 1.0, '_a4_': 1.0, '_a7_': 1.0}};{'d0': 0.024905832919555546};-276.475521886487;35.75330439551147
12732;-102.484456547732;(((_a5_ / (_a0_ * _a0_)) + pow2((_a6_ + x))) * (_a2_ * x));{'d0': {'_a0_': -46.688467863952525, '_a2_': 3.376760877003696, '_a5_': 933.8135923090977, '_a6_': 0.3119297079565309, '_a1_': 1.0, '_a3_': 1.0, '_a4_': 1.0, '_a7_': 1.0}};{'d0': 0.024905832919555546};-276.475521886487;35.75330439551147
12733;-102.484456547732;(((_a5_ / (_a0_ * _a0_)) + pow2((_a6_ + x))) * (_a2_ * x));{'d0': {'_a0_': -46.688467863952525, '_a2_': 3.376760877003696, '_a5_': 933.8135923090977, '_a6_': 0.3119297079565309, '_a1_': 1.0, '_a3_': 1.0, '_a4_': 1.0, '_a7_': 1.0}};{'d0': 0.024905832919555546};-276.475521886487;35.75330439551147
12734;-102.484456547732;(((_a5_ / (_a0_ * _a0_)) + pow2((_a6_ + x))) * (_a2_ * x));{'d0': {'_a0_': -46.688467863952525, '_a2_': 3.376760877003696, '_a5_': 933.8135923090977, '_a6_': 0.3119297079565309, '_a1_': 1.0, '_a3_': 1.0, '_a4_': 1.0, '_a7_': 1.0}};{'d0': 0.024905832919555546};-276.475521886487;35.75330439551147
12735;-102.484456547732;(((_a5_ / (_a0_ * _a0_)) + pow2((_a6_ + x))) * (_a2_ * x));{'d0': {'_a0_': -46.688467863952525, '_a2_': 3.376760877003696, '_a5_': 933.8135923090977, '_a6_': 0.3119297079565309, '_a1_': 1.0, '_a3_': 1.0, '_a4_': 1.0, '_a7_': 1.0}};{'d0': 0.024905832919555546};-276.475521886487;35.75330439551147
12736;-102.484456547732;(((_a5_ / (_a0_ * _a0_)) + pow2((_a6_ + x))) * (_a2_ * x));{'d0': {'_a0_': -46.688467863952525, '_a2_': 3.376760877003696, '_a5_': 933.8135923090977, '_a6_': 0.3119297079565309, '_a1_': 1.0, '_a3_': 1.0, '_a4_': 1.0, '_a7_': 1.0}};{'d0': 0.024905832919555546};-276.475521886487;35.75330439551147
12737;-102.484456547732;(((_a5_ / (_a0_ * _a0_)) + pow2((_a6_ + x))) * (_a2_ * x));{'d0': {'_a0_': -46.688467863952525, '_a2_': 3.376760877003696, '_a5_': 933.8135923090977, '_a6_': 0.3119297079565309, '_a1_': 1.0, '_a3_': 1.0, '_a4_': 1.0, '_a7_': 1.0}};{'d0': 0.024905832919555546};-276.475521886487;35.75330439551147
12738;-102.484456547732;(((_a5_ / (_a0_ * _a0_)) + pow2((_a6_ + x))) * (_a2_ * x));{'d0': {'_a0_': -46.688467863952525, '_a2_': 3.376760877003696, '_a5_': 933.8135923090977, '_a6_': 0.3119297079565309, '_a1_': 1.0, '_a3_': 1.0, '_a4_': 1.0, '_a7_': 1.0}};{'d0': 0.024905832919555546};-276.475521886487;35.75330439551147
12739;-102.484456547732;(((_a5_ / (_a0_ * _a0_)) + pow2((_a6_ + x))) * (_a2_ * x));{'d0': {'_a0_': -46.688467863952525, '_a2_': 3.376760877003696, '_a5_': 933.8135923090977, '_a6_': 0.3119297079565309, '_a1_': 1.0, '_a3_': 1.0, '_a4_': 1.0, '_a7_': 1.0}};{'d0': 0.024905832919555546};-276.475521886487;35.75330439551147
12740;-102.484456547732;(((_a5_ / (_a0_ * _a0_)) + pow2((_a6_ + x))) * (_a2_ * x));{'d0': {'_a0_': -46.688467863952525, '_a2_': 3.376760877003696, '_a5_': 933.8135923090977, '_a6_': 0.3119297079565309, '_a1_': 1.0, '_a3_': 1.0, '_a4_': 1.0, '_a7_': 1.0}};{'d0': 0.024905832919555546};-276.475521886487;35.75330439551147
12741;-102.484456547732;(((_a5_ / (_a0_ * _a0_)) + pow2((_a6_ + x))) * (_a2_ * x));{'d0': {'_a0_': -46.688467863952525, '_a2_': 3.376760877003696, '_a5_': 933.8135923090977, '_a6_': 0.3119297079565309, '_a1_': 1.0, '_a3_': 1.0, '_a4_': 1.0, '_a7_': 1.0}};{'d0': 0.024905832919555546};-276.475521886487;35.75330439551147
12742;-102.484456547732;(((_a5_ / (_a0_ * _a0_)) + pow2((_a6_ + x))) * (_a2_ * x));{'d0': {'_a0_': -46.688467863952525, '_a2_': 3.376760877003696, '_a5_': 933.8135923090977, '_a6_': 0.3119297079565309, '_a1_': 1.0, '_a3_': 1.0, '_a4_': 1.0, '_a7_': 1.0}};{'d0': 0.024905832919555546};-276.475521886487;35.75330439551147
12743;-102.484456547732;(((_a5_ / (_a0_ * _a0_)) + pow2((_a6_ + x))) * (_a2_ * x));{'d0': {'_a0_': -46.688467863952525, '_a2_': 3.376760877003696, '_a5_': 933.8135923090977, '_a6_': 0.3119297079565309, '_a1_': 1.0, '_a3_': 1.0, '_a4_': 1.0, '_a7_': 1.0}};{'d0': 0.024905832919555546};-276.475521886487;35.75330439551147
12744;-102.484456547732;(((_a5_ / (_a0_ * _a0_)) + pow2((_a6_ + x))) * (_a2_ * x));{'d0': {'_a0_': -46.688467863952525, '_a2_': 3.376760877003696, '_a5_': 933.8135923090977, '_a6_': 0.3119297079565309, '_a1_': 1.0, '_a3_': 1.0, '_a4_': 1.0, '_a7_': 1.0}};{'d0': 0.024905832919555546};-276.475521886487;35.75330439551147
12745;-102.484456547732;(((_a5_ / (_a0_ * _a0_)) + pow2((_a6_ + x))) * (_a2_ * x));{'d0': {'_a0_': -46.688467863952525, '_a2_': 3.376760877003696, '_a5_': 933.8135923090977, '_a6_': 0.3119297079565309, '_a1_': 1.0, '_a3_': 1.0, '_a4_': 1.0, '_a7_': 1.0}};{'d0': 0.024905832919555546};-276.475521886487;35.75330439551147
12746;-102.484456547732;(((_a5_ / (_a0_ * _a0_)) + pow2((_a6_ + x))) * (_a2_ * x));{'d0': {'_a0_': -46.688467863952525, '_a2_': 3.376760877003696, '_a5_': 933.8135923090977, '_a6_': 0.3119297079565309, '_a1_': 1.0, '_a3_': 1.0, '_a4_': 1.0, '_a7_': 1.0}};{'d0': 0.024905832919555546};-276.475521886487;35.75330439551147
12747;-102.484456547732;(((_a5_ / (_a0_ * _a0_)) + pow2((_a6_ + x))) * (_a2_ * x));{'d0': {'_a0_': -46.688467863952525, '_a2_': 3.376760877003696, '_a5_': 933.8135923090977, '_a6_': 0.3119297079565309, '_a1_': 1.0, '_a3_': 1.0, '_a4_': 1.0, '_a7_': 1.0}};{'d0': 0.024905832919555546};-276.475521886487;35.75330439551147
12748;-107.361439187033;(((_a5_ / _a0_) + pow2((_a6_ + x))) * (_a2_ * x));{'d0': {'_a0_': 75.33983015182514, '_a2_': 3.376760878949749, '_a5_': 32.27495266365352, '_a6_': 0.31192970772421086, '_a1_': 1.0, '_a3_': 1.0, '_a4_': 1.0, '_a7_': 1.0}};{'d0': 0.02490583291941791};-276.475521886818;30.87632175637647
12749;-107.361439187033;(((_a5_ / _a0_) + pow2((_a6_ + x))) * (_a2_ * x));{'d0': {'_a0_': 75.33983015182514, '_a2_': 3.376760878949749, '_a5_': 32.27495266365352, '_a6_': 0.31192970772421086, '_a1_': 1.0, '_a3_': 1.0, '_a4_': 1.0, '_a7_': 1.0}};{'d0': 0.02490583291941791};-276.475521886818;30.87632175637647
12750;-107.361439187033;(((_a5_ / _a0_) + pow2((_a6_ + x))) * (_a2_ * x));{'d0': {'_a0_': 75.33983015182514, '_a2_': 3.376760878949749, '_a5_': 32.27495266365352, '_a6_': 0.31192970772421086, '_a1_': 1.0, '_a3_': 1.0, '_a4_': 1.0, '_a7_': 1.0}};{'d0': 0.02490583291941791};-276.475521886818;30.87632175637647
12751;-107.361439187033;(((_a5_ / _a0_) + pow2((_a6_ + x))) * (_a2_ * x));{'d0': {'_a0_': 75.33983015182514, '_a2_': 3.376760878949749, '_a5_': 32.27495266365352, '_a6_': 0.31192970772421086, '_a1_': 1.0, '_a3_': 1.0, '_a4_': 1.0, '_a7_': 1.0}};{'d0': 0.02490583291941791};-276.475521886818;30.87632175637647
12752;-107.361439187033;(((_a5_ / _a0_) + pow2((_a6_ + x))) * (_a2_ * x));{'d0': {'_a0_': 75.33983015182514, '_a2_': 3.376760878949749, '_a5_': 32.27495266365352, '_a6_': 0.31192970772421086, '_a1_': 1.0, '_a3_': 1.0, '_a4_': 1.0, '_a7_': 1.0}};{'d0': 0.02490583291941791};-276.475521886818;30.87632175637647
12753;-107.361439187033;(((_a5_ / _a0_) + pow2((_a6_ + x))) * (_a2_ * x));{'d0': {'_a0_': 75.33983015182514, '_a2_': 3.376760878949749, '_a5_': 32.27495266365352, '_a6_': 0.31192970772421086, '_a1_': 1.0, '_a3_': 1.0, '_a4_': 1.0, '_a7_': 1.0}};{'d0': 0.02490583291941791};-276.475521886818;30.87632175637647
12754;-107.361439187033;(((_a5_ / _a0_) + pow2((_a6_ + x))) * (_a2_ * x));{'d0': {'_a0_': 75.33983015182514, '_a2_': 3.376760878949749, '_a5_': 32.27495266365352, '_a6_': 0.31192970772421086, '_a1_': 1.0, '_a3_': 1.0, '_a4_': 1.0, '_a7_': 1.0}};{'d0': 0.02490583291941791};-276.475521886818;30.87632175637647
12755;-107.361439187033;(((_a5_ / _a0_) + pow2((_a6_ + x))) * (_a2_ * x));{'d0': {'_a0_': 75.33983015182514, '_a2_': 3.376760878949749, '_a5_': 32.27495266365352, '_a6_': 0.31192970772421086, '_a1_': 1.0, '_a3_': 1.0, '_a4_': 1.0, '_a7_': 1.0}};{'d0': 0.02490583291941791};-276.475521886818;30.87632175637647
12756;-107.361439187033;(((_a5_ / _a0_) + pow2((_a6_ + x))) * (_a2_ * x));{'d0': {'_a0_': 75.33983015182514, '_a2_': 3.376760878949749, '_a5_': 32.27495266365352, '_a6_': 0.31192970772421086, '_a1_': 1.0, '_a3_': 1.0, '_a4_': 1.0, '_a7_': 1.0}};{'d0': 0.02490583291941791};-276.475521886818;30.87632175637647
12757;-107.361439187033;(((_a5_ / _a0_) + pow2((_a6_ + x))) * (_a2_ * x));{'d0': {'_a0_': 75.33983015182514, '_a2_': 3.376760878949749, '_a5_': 32.27495266365352, '_a6_': 0.31192970772421086, '_a1_': 1.0, '_a3_': 1.0, '_a4_': 1.0, '_a7_': 1.0}};{'d0': 0.02490583291941791};-276.475521886818;30.87632175637647
12758;-107.361439187033;(((_a5_ / _a0_) + pow2((_a6_ + x))) * (_a2_ * x));{'d0': {'_a0_': 75.33983015182514, '_a2_': 3.376760878949749, '_a5_': 32.27495266365352, '_a6_': 0.31192970772421086, '_a1_': 1.0, '_a3_': 1.0, '_a4_': 1.0, '_a7_': 1.0}};{'d0': 0.02490583291941791};-276.475521886818;30.87632175637647
12759;-107.361439187033;(((_a5_ / _a0_) + pow2((_a6_ + x))) * (_a2_ * x));{'d0': {'_a0_': 75.33983015182514, '_a2_': 3.376760878949749, '_a5_': 32.27495266365352, '_a6_': 0.31192970772421086, '_a1_': 1.0, '_a3_': 1.0, '_a4_': 1.0, '_a7_': 1.0}};{'d0': 0.02490583291941791};-276.475521886818;30.87632175637647
12760;-107.361439187033;(((_a5_ / _a0_) + pow2((_a6_ + x))) * (_a2_ * x));{'d0': {'_a0_': 75.33983015182514, '_a2_': 3.376760878949749, '_a5_': 32.27495266365352, '_a6_': 0.31192970772421086, '_a1_': 1.0, '_a3_': 1.0, '_a4_': 1.0, '_a7_': 1.0}};{'d0': 0.02490583291941791};-276.475521886818;30.87632175637647
12761;-107.361439187033;(((_a5_ / _a0_) + pow2((_a6_ + x))) * (_a2_ * x));{'d0': {'_a0_': 75.33983015182514, '_a2_': 3.376760878949749, '_a5_': 32.27495266365352, '_a6_': 0.31192970772421086, '_a1_': 1.0, '_a3_': 1.0, '_a4_': 1.0, '_a7_': 1.0}};{'d0': 0.02490583291941791};-276.475521886818;30.87632175637647
12762;-107.361439187033;(((_a5_ / _a0_) + pow2((_a6_ + x))) * (_a2_ * x));{'d0': {'_a0_': 75.33983015182514, '_a2_': 3.376760878949749, '_a5_': 32.27495266365352, '_a6_': 0.31192970772421086, '_a1_': 1.0, '_a3_': 1.0, '_a4_': 1.0, '_a7_': 1.0}};{'d0': 0.02490583291941791};-276.475521886818;30.87632175637647
12763;-107.361439187033;(((_a5_ / _a0_) + pow2((_a6_ + x))) * (_a2_ * x));{'d0': {'_a0_': 75.33983015182514, '_a2_': 3.376760878949749, '_a5_': 32.27495266365352, '_a6_': 0.31192970772421086, '_a1_': 1.0, '_a3_': 1.0, '_a4_': 1.0, '_a7_': 1.0}};{'d0': 0.02490583291941791};-276.475521886818;30.87632175637647
12764;-107.361439187033;(((_a5_ / _a0_) + pow2((_a6_ + x))) * (_a2_ * x));{'d0': {'_a0_': 75.33983015182514, '_a2_': 3.376760878949749, '_a5_': 32.27495266365352, '_a6_': 0.31192970772421086, '_a1_': 1.0, '_a3_': 1.0, '_a4_': 1.0, '_a7_': 1.0}};{'d0': 0.02490583291941791};-276.475521886818;30.87632175637647
12765;-107.361439187033;(((_a5_ / _a0_) + pow2((_a6_ + x))) * (_a2_ * x));{'d0': {'_a0_': 75.33983015182514, '_a2_': 3.376760878949749, '_a5_': 32.27495266365352, '_a6_': 0.31192970772421086, '_a1_': 1.0, '_a3_': 1.0, '_a4_': 1.0, '_a7_': 1.0}};{'d0': 0.02490583291941791};-276.475521886818;30.87632175637647
12766;-107.361439187033;(((_a5_ / _a0_) + pow2((_a6_ + x))) * (_a2_ * x));{'d0': {'_a0_': 75.33983015182514, '_a2_': 3.376760878949749, '_a5_': 32.27495266365352, '_a6_': 0.31192970772421086, '_a1_': 1.0, '_a3_': 1.0, '_a4_': 1.0, '_a7_': 1.0}};{'d0': 0.02490583291941791};-276.475521886818;30.87632175637647
12767;-107.361439187033;(((_a5_ / _a0_) + pow2((_a6_ + x))) * (_a2_ * x));{'d0': {'_a0_': 75.33983015182514, '_a2_': 3.376760878949749, '_a5_': 32.27495266365352, '_a6_': 0.31192970772421086, '_a1_': 1.0, '_a3_': 1.0, '_a4_': 1.0, '_a7_': 1.0}};{'d0': 0.02490583291941791};-276.475521886818;30.87632175637647
12768;-107.361439187033;(((_a5_ / _a0_) + pow2((_a6_ + x))) * (_a2_ * x));{'d0': {'_a0_': 75.33983015182514, '_a2_': 3.376760878949749, '_a5_': 32.27495266365352, '_a6_': 0.31192970772421086, '_a1_': 1.0, '_a3_': 1.0, '_a4_': 1.0, '_a7_': 1.0}};{'d0': 0.02490583291941791};-276.475521886818;30.87632175637647
12769;-107.361439187033;(((_a5_ / _a0_) + pow2((_a6_ + x))) * (_a2_ * x));{'d0': {'_a0_': 75.33983015182514, '_a2_': 3.376760878949749, '_a5_': 32.27495266365352, '_a6_': 0.31192970772421086, '_a1_': 1.0, '_a3_': 1.0, '_a4_': 1.0, '_a7_': 1.0}};{'d0': 0.02490583291941791};-276.475521886818;30.87632175637647
12770;-107.361439187033;(((_a5_ / _a0_) + pow2((_a6_ + x))) * (_a2_ * x));{'d0': {'_a0_': 75.33983015182514, '_a2_': 3.376760878949749, '_a5_': 32.27495266365352, '_a6_': 0.31192970772421086, '_a1_': 1.0, '_a3_': 1.0, '_a4_': 1.0, '_a7_': 1.0}};{'d0': 0.02490583291941791};-276.475521886818;30.87632175637647
12771;-107.361439187029;(((_a5_ / _a7_) + pow2((_a6_ + x))) * (_a2_ * x));{'d0': {'_a2_': 3.3767608809623693, '_a5_': -71069826403.39905, '_a6_': 0.31192970772656237, '_a7_': -165899197637.2945, '_a0_': 1.0, '_a1_': 1.0, '_a3_': 1.0, '_a4_': 1.0}};{'d0': 0.024905832919420914};-276.475521886811;30.87632175637647
12772;-107.361439187029;(((_a5_ / _a7_) + pow2((_a6_ + x))) * (_a2_ * x));{'d0': {'_a2_': 3.3767608809623693, '_a5_': -71069826403.39905, '_a6_': 0.31192970772656237, '_a7_': -165899197637.2945, '_a0_': 1.0, '_a1_': 1.0, '_a3_': 1.0, '_a4_': 1.0}};{'d0': 0.024905832919420914};-276.475521886811;30.87632175637647
12773;-107.361439187029;(((_a5_ / _a7_) + pow2((_a6_ + x))) * (_a2_ * x));{'d0': {'_a2_': 3.3767608809623693, '_a5_': -71069826403.39905, '_a6_': 0.31192970772656237, '_a7_': -165899197637.2945, '_a0_': 1.0, '_a1_': 1.0, '_a3_': 1.0, '_a4_': 1.0}};{'d0': 0.024905832919420914};-276.475521886811;30.87632175637647
12774;-107.361439187029;(((_a5_ / _a7_) + pow2((_a6_ + x))) * (_a2_ * x));{'d0': {'_a2_': 3.3767608809623693, '_a5_': -71069826403.39905, '_a6_': 0.31192970772656237, '_a7_': -165899197637.2945, '_a0_': 1.0, '_a1_': 1.0, '_a3_': 1.0, '_a4_': 1.0}};{'d0': 0.024905832919420914};-276.475521886811;30.87632175637647
12775;-107.361439187029;(((_a5_ / _a7_) + pow2((_a6_ + x))) * (_a2_ * x));{'d0': {'_a2_': 3.3767608809623693, '_a5_': -71069826403.39905, '_a6_': 0.31192970772656237, '_a7_': -165899197637.2945, '_a0_': 1.0, '_a1_': 1.0, '_a3_': 1.0, '_a4_': 1.0}};{'d0': 0.024905832919420914};-276.475521886811;30.87632175637647
12776;-107.361439187029;(((_a5_ / _a7_) + pow2((_a6_ + x))) * (_a2_ * x));{'d0': {'_a2_': 3.3767608809623693, '_a5_': -71069826403.39905, '_a6_': 0.31192970772656237, '_a7_': -165899197637.2945, '_a0_': 1.0, '_a1_': 1.0, '_a3_': 1.0, '_a4_': 1.0}};{'d0': 0.024905832919420914};-276.475521886811;30.87632175637647
12777;-107.361439187029;(((_a5_ / _a7_) + pow2((_a6_ + x))) * (_a2_ * x));{'d0': {'_a2_': 3.3767608809623693, '_a5_': -71069826403.39905, '_a6_': 0.31192970772656237, '_a7_': -165899197637.2945, '_a0_': 1.0, '_a1_': 1.0, '_a3_': 1.0, '_a4_': 1.0}};{'d0': 0.024905832919420914};-276.475521886811;30.87632175637647
12778;-107.361439187029;(((_a5_ / _a7_) + pow2((_a6_ + x))) * (_a2_ * x));{'d0': {'_a2_': 3.3767608809623693, '_a5_': -71069826403.39905, '_a6_': 0.31192970772656237, '_a7_': -165899197637.2945, '_a0_': 1.0, '_a1_': 1.0, '_a3_': 1.0, '_a4_': 1.0}};{'d0': 0.024905832919420914};-276.475521886811;30.87632175637647
12779;-102.484456547899;(((_a5_ / _a7_) + pow2(((_a4_ * _a4_) + x))) * (_a2_ * x));{'d0': {'_a2_': 3.376760875467366, '_a4_': 0.5585066767102784, '_a5_': -22717609679533.055, '_a7_': -53030003587974.69, '_a0_': 1.0, '_a1_': 1.0, '_a3_': 1.0, '_a6_': 1.0}};{'d0': 0.024905832919417132};-276.475521886820;35.75330439551147
12780;-93.4732949578789;(x * ((-(_a2_) / _a5_) + pow2(((x + (_a2_ * pow2(-(_a1_)))) * _a2_))));{'d0': {'_a1_': 0.4120057643006804, '_a2_': -1.8375964954867505, '_a5_': 1.270307528050702, '_a0_': 1.0, '_a3_': 1.0, '_a4_': 1.0, '_a6_': 1.0, '_a7_': 1.0}};{'d0': 0.024905832919416632};-280.569866449044;46.81163826664289
12781;-93.4732949578789;(x * ((-(_a2_) / _a5_) + pow2(((x + (_a2_ * pow2(-(_a1_)))) * _a2_))));{'d0': {'_a1_': 0.4120057643006804, '_a2_': -1.8375964954867505, '_a5_': 1.270307528050702, '_a0_': 1.0, '_a3_': 1.0, '_a4_': 1.0, '_a6_': 1.0, '_a7_': 1.0}};{'d0': 0.024905832919416632};-280.569866449044;46.81163826664289
12782;-93.4732949578789;(x * ((-(_a2_) / _a5_) + pow2(((x + (_a2_ * pow2(-(_a1_)))) * _a2_))));{'d0': {'_a1_': 0.4120057643006804, '_a2_': -1.8375964954867505, '_a5_': 1.270307528050702, '_a0_': 1.0, '_a3_': 1.0, '_a4_': 1.0, '_a6_': 1.0, '_a7_': 1.0}};{'d0': 0.024905832919416632};-280.569866449044;46.81163826664289
12783;-93.4732949578789;(x * ((-(_a2_) / _a5_) + pow2(((x + (_a2_ * pow2(-(_a1_)))) * _a2_))));{'d0': {'_a1_': 0.4120057643006804, '_a2_': -1.8375964954867505, '_a5_': 1.270307528050702, '_a0_': 1.0, '_a3_': 1.0, '_a4_': 1.0, '_a6_': 1.0, '_a7_': 1.0}};{'d0': 0.024905832919416632};-280.569866449044;46.81163826664289
12784;-93.4732949578789;(x * ((-(_a2_) / _a5_) + pow2(((x + (_a2_ * pow2(-(_a1_)))) * _a2_))));{'d0': {'_a1_': 0.4120057643006804, '_a2_': -1.8375964954867505, '_a5_': 1.270307528050702, '_a0_': 1.0, '_a3_': 1.0, '_a4_': 1.0, '_a6_': 1.0, '_a7_': 1.0}};{'d0': 0.024905832919416632};-280.569866449044;46.81163826664289
12785;-93.4732949578789;(x * ((-(_a2_) / _a5_) + pow2(((x + (_a2_ * pow2(-(_a1_)))) * _a2_))));{'d0': {'_a1_': 0.4120057643006804, '_a2_': -1.8375964954867505, '_a5_': 1.270307528050702, '_a0_': 1.0, '_a3_': 1.0, '_a4_': 1.0, '_a6_': 1.0, '_a7_': 1.0}};{'d0': 0.024905832919416632};-280.569866449044;46.81163826664289
12786;-93.4732949578789;(x * ((-(_a2_) / _a5_) + pow2(((x + (_a2_ * pow2(-(_a1_)))) * _a2_))));{'d0': {'_a1_': 0.4120057643006804, '_a2_': -1.8375964954867505, '_a5_': 1.270307528050702, '_a0_': 1.0, '_a3_': 1.0, '_a4_': 1.0, '_a6_': 1.0, '_a7_': 1.0}};{'d0': 0.024905832919416632};-280.569866449044;46.81163826664289
12787;-93.4732949578789;(x * ((-(_a2_) / _a5_) + pow2(((x + (_a2_ * pow2(-(_a1_)))) * _a2_))));{'d0': {'_a1_': 0.4120057643006804, '_a2_': -1.8375964954867505, '_a5_': 1.270307528050702, '_a0_': 1.0, '_a3_': 1.0, '_a4_': 1.0, '_a6_': 1.0, '_a7_': 1.0}};{'d0': 0.024905832919416632};-280.569866449044;46.81163826664289
12788;-93.4732949578789;(x * ((-(_a2_) / _a5_) + pow2(((x + (_a2_ * pow2(-(_a1_)))) * _a2_))));{'d0': {'_a1_': 0.4120057643006804, '_a2_': -1.8375964954867505, '_a5_': 1.270307528050702, '_a0_': 1.0, '_a3_': 1.0, '_a4_': 1.0, '_a6_': 1.0, '_a7_': 1.0}};{'d0': 0.024905832919416632};-280.569866449044;46.81163826664289
12789;-93.4732949578789;(x * ((-(_a2_) / _a5_) + pow2(((x + (_a2_ * pow2(-(_a1_)))) * _a2_))));{'d0': {'_a1_': 0.4120057643006804, '_a2_': -1.8375964954867505, '_a5_': 1.270307528050702, '_a0_': 1.0, '_a3_': 1.0, '_a4_': 1.0, '_a6_': 1.0, '_a7_': 1.0}};{'d0': 0.024905832919416632};-280.569866449044;46.81163826664289
12790;-93.4732949578789;(x * ((-(_a2_) / _a5_) + pow2(((x + (_a2_ * pow2(-(_a1_)))) * _a2_))));{'d0': {'_a1_': 0.4120057643006804, '_a2_': -1.8375964954867505, '_a5_': 1.270307528050702, '_a0_': 1.0, '_a3_': 1.0, '_a4_': 1.0, '_a6_': 1.0, '_a7_': 1.0}};{'d0': 0.024905832919416632};-280.569866449044;46.81163826664289
12791;-93.3529856752512;(x * ((-(_a2_) + _a5_) + pow2(((x + (_a2_ * pow2(-(_a1_)))) * _a2_))));{'d0': {'_a1_': 0.4120057643623628, '_a2_': -1.837596495023064, '_a5_': -0.3910204058065942, '_a0_': 1.0, '_a3_': 1.0, '_a4_': 1.0, '_a6_': 1.0, '_a7_': 1.0}};{'d0': 0.02490583291941668};-280.569866449043;46.93194754927049
12792;-93.3529856752512;(x * ((-(_a2_) + _a5_) + pow2(((x + (_a2_ * pow2(-(_a1_)))) * _a2_))));{'d0': {'_a1_': 0.4120057643623628, '_a2_': -1.837596495023064, '_a5_': -0.3910204058065942, '_a0_': 1.0, '_a3_': 1.0, '_a4_': 1.0, '_a6_': 1.0, '_a7_': 1.0}};{'d0': 0.02490583291941668};-280.569866449043;46.93194754927049
12793;-93.3529856752511;(x * ((-(_a2_) + _a5_) + pow2(((x + (_a5_ * pow2(-(_a1_)))) * _a2_))));{'d0': {'_a1_': 0.893158758108692, '_a2_': -1.8375964922859598, '_a5_': -0.3910203994262087, '_a0_': 1.0, '_a3_': 1.0, '_a4_': 1.0, '_a6_': 1.0, '_a7_': 1.0}};{'d0': 0.024905832919416736};-280.569866449043;46.93194754927049
12794;-93.3529856752511;(x * ((-(_a2_) + _a5_) + pow2(((x + (_a5_ * pow2(-(_a1_)))) * _a2_))));{'d0': {'_a1_': 0.893158758108692, '_a2_': -1.8375964922859598, '_a5_': -0.3910203994262087, '_a0_': 1.0, '_a3_': 1.0, '_a4_': 1.0, '_a6_': 1.0, '_a7_': 1.0}};{'d0': 0.024905832919416736};-280.569866449043;46.93194754927049
12795;-93.3529856752511;(x * ((-(_a2_) + _a5_) + pow2(((x + (_a5_ * pow2(-(_a1_)))) * _a2_))));{'d0': {'_a1_': 0.893158758108692, '_a2_': -1.8375964922859598, '_a5_': -0.3910203994262087, '_a0_': 1.0, '_a3_': 1.0, '_a4_': 1.0, '_a6_': 1.0, '_a7_': 1.0}};{'d0': 0.024905832919416736};-280.569866449043;46.93194754927049
12796;-93.3529856752511;(x * ((-(_a2_) + _a5_) + pow2(((x + (_a5_ * pow2(-(_a1_)))) * _a2_))));{'d0': {'_a1_': 0.893158758108692, '_a2_': -1.8375964922859598, '_a5_': -0.3910203994262087, '_a0_': 1.0, '_a3_': 1.0, '_a4_': 1.0, '_a6_': 1.0, '_a7_': 1.0}};{'d0': 0.024905832919416736};-280.569866449043;46.93194754927049
12797;-93.3529856752511;(x * ((-(_a2_) + _a5_) + pow2(((x + (_a5_ * pow2(-(_a1_)))) * _a2_))));{'d0': {'_a1_': 0.893158758108692, '_a2_': -1.8375964922859598, '_a5_': -0.3910203994262087, '_a0_': 1.0, '_a3_': 1.0, '_a4_': 1.0, '_a6_': 1.0, '_a7_': 1.0}};{'d0': 0.024905832919416736};-280.569866449043;46.93194754927049
12798;-102.484456547899;(((_a5_ / _a7_) + pow2(((_a4_ * _a4_) + x))) * (_a2_ * x));{'d0': {'_a2_': 3.376760875467366, '_a4_': 0.5585066767102784, '_a5_': -22717609679533.055, '_a7_': -53030003587974.69, '_a0_': 1.0, '_a1_': 1.0, '_a3_': 1.0, '_a6_': 1.0}};{'d0': 0.024905832919417132};-276.475521886820;35.75330439551147
12799;-102.484456547899;(((_a5_ / _a7_) + pow2(((_a4_ * _a4_) + x))) * (_a2_ * x));{'d0': {'_a2_': 3.376760875467366, '_a4_': 0.5585066767102784, '_a5_': -22717609679533.055, '_a7_': -53030003587974.69, '_a0_': 1.0, '_a1_': 1.0, '_a3_': 1.0, '_a6_': 1.0}};{'d0': 0.024905832919417132};-276.475521886820;35.75330439551147
12800;-102.484456547899;(((_a5_ / _a7_) + pow2(((_a4_ * _a4_) + x))) * (_a2_ * x));{'d0': {'_a2_': 3.376760875467366, '_a4_': 0.5585066767102784, '_a5_': -22717609679533.055, '_a7_': -53030003587974.69, '_a0_': 1.0, '_a1_': 1.0, '_a3_': 1.0, '_a6_': 1.0}};{'d0': 0.024905832919417132};-276.475521886820;35.75330439551147
12801;-102.484456547899;(((_a5_ / _a7_) + pow2(((_a4_ * _a4_) + x))) * (_a2_ * x));{'d0': {'_a2_': 3.376760875467366, '_a4_': 0.5585066767102784, '_a5_': -22717609679533.055, '_a7_': -53030003587974.69, '_a0_': 1.0, '_a1_': 1.0, '_a3_': 1.0, '_a6_': 1.0}};{'d0': 0.024905832919417132};-276.475521886820;35.75330439551147
12802;-102.484456547899;(((_a5_ / _a7_) + pow2(((_a4_ * _a4_) + x))) * (_a2_ * x));{'d0': {'_a2_': 3.376760875467366, '_a4_': 0.5585066767102784, '_a5_': -22717609679533.055, '_a7_': -53030003587974.69, '_a0_': 1.0, '_a1_': 1.0, '_a3_': 1.0, '_a6_': 1.0}};{'d0': 0.024905832919417132};-276.475521886820;35.75330439551147
12803;-102.484456547892;(((_a5_ / _a1_) + pow2(((_a4_ * _a4_) + x))) * (_a2_ * x));{'d0': {'_a1_': 42.82048655965679, '_a2_': 3.376760882408916, '_a4_': -0.5585066767810116, '_a5_': 18.343938165902188, '_a0_': 1.0, '_a3_': 1.0, '_a6_': 1.0, '_a7_': 1.0}};{'d0': 0.024905832919422843};-276.475521886807;35.75330439551147
12804;-102.484456547892;(((_a5_ / _a1_) + pow2(((_a4_ * _a4_) + x))) * (_a2_ * x));{'d0': {'_a1_': 42.82048655965679, '_a2_': 3.376760882408916, '_a4_': -0.5585066767810116, '_a5_': 18.343938165902188, '_a0_': 1.0, '_a3_': 1.0, '_a6_': 1.0, '_a7_': 1.0}};{'d0': 0.024905832919422843};-276.475521886807;35.75330439551147
12805;-102.484456547892;(((_a5_ / _a1_) + pow2(((_a4_ * _a4_) + x))) * (_a2_ * x));{'d0': {'_a1_': 42.82048655965679, '_a2_': 3.376760882408916, '_a4_': -0.5585066767810116, '_a5_': 18.343938165902188, '_a0_': 1.0, '_a3_': 1.0, '_a6_': 1.0, '_a7_': 1.0}};{'d0': 0.024905832919422843};-276.475521886807;35.75330439551147
12806;-102.484456547892;(((_a5_ / _a1_) + pow2(((_a4_ * _a4_) + x))) * (_a2_ * x));{'d0': {'_a1_': 42.82048655965679, '_a2_': 3.376760882408916, '_a4_': -0.5585066767810116, '_a5_': 18.343938165902188, '_a0_': 1.0, '_a3_': 1.0, '_a6_': 1.0, '_a7_': 1.0}};{'d0': 0.024905832919422843};-276.475521886807;35.75330439551147
12807;-102.484456547892;(((_a5_ / _a1_) + pow2(((_a4_ * _a4_) + x))) * (_a2_ * x));{'d0': {'_a1_': 42.82048655965679, '_a2_': 3.376760882408916, '_a4_': -0.5585066767810116, '_a5_': 18.343938165902188, '_a0_': 1.0, '_a3_': 1.0, '_a6_': 1.0, '_a7_': 1.0}};{'d0': 0.024905832919422843};-276.475521886807;35.75330439551147
12808;-102.484456547892;(((_a5_ / _a1_) + pow2(((_a4_ * _a4_) + x))) * (_a2_ * x));{'d0': {'_a1_': 42.82048655965679, '_a2_': 3.376760882408916, '_a4_': -0.5585066767810116, '_a5_': 18.343938165902188, '_a0_': 1.0, '_a3_': 1.0, '_a6_': 1.0, '_a7_': 1.0}};{'d0': 0.024905832919422843};-276.475521886807;35.75330439551147
12809;-102.484456547892;(((_a5_ / _a1_) + pow2(((_a4_ * _a4_) + x))) * (_a2_ * x));{'d0': {'_a1_': 42.82048655965679, '_a2_': 3.376760882408916, '_a4_': -0.5585066767810116, '_a5_': 18.343938165902188, '_a0_': 1.0, '_a3_': 1.0, '_a6_': 1.0, '_a7_': 1.0}};{'d0': 0.024905832919422843};-276.475521886807;35.75330439551147
12810;-102.484456547892;(((_a5_ / _a1_) + pow2(((_a4_ * _a4_) + x))) * (_a2_ * x));{'d0': {'_a1_': 42.82048655965679, '_a2_': 3.376760882408916, '_a4_': -0.5585066767810116, '_a5_': 18.343938165902188, '_a0_': 1.0, '_a3_': 1.0, '_a6_': 1.0, '_a7_': 1.0}};{'d0': 0.024905832919422843};-276.475521886807;35.75330439551147
12811;-102.484456547892;(((_a5_ / _a1_) + pow2(((_a4_ * _a4_) + x))) * (_a2_ * x));{'d0': {'_a1_': 42.82048655965679, '_a2_': 3.376760882408916, '_a4_': -0.5585066767810116, '_a5_': 18.343938165902188, '_a0_': 1.0, '_a3_': 1.0, '_a6_': 1.0, '_a7_': 1.0}};{'d0': 0.024905832919422843};-276.475521886807;35.75330439551147
12812;-104.965852460753;((exp(_a1_) + pow2(((_a4_ * _a4_) + x))) * (_a2_ * x));{'d0': {'_a1_': -0.8477174845752464, '_a2_': 3.376760880501254, '_a4_': -0.5585066766155075, '_a0_': 1.0, '_a3_': 1.0, '_a5_': 1.0, '_a6_': 1.0, '_a7_': 1.0}};{'d0': 0.024905832919416594};-280.569866449044;35.31908076376907
12813;-104.965852460753;((exp(_a1_) + pow2(((_a4_ * _a4_) + x))) * (_a2_ * x));{'d0': {'_a1_': -0.8477174845752464, '_a2_': 3.376760880501254, '_a4_': -0.5585066766155075, '_a0_': 1.0, '_a3_': 1.0, '_a5_': 1.0, '_a6_': 1.0, '_a7_': 1.0}};{'d0': 0.024905832919416594};-280.569866449044;35.31908076376907
12814;-104.965852460753;((exp(_a1_) + pow2(((_a4_ * _a4_) + x))) * (_a2_ * x));{'d0': {'_a1_': -0.8477174845752464, '_a2_': 3.376760880501254, '_a4_': -0.5585066766155075, '_a0_': 1.0, '_a3_': 1.0, '_a5_': 1.0, '_a6_': 1.0, '_a7_': 1.0}};{'d0': 0.024905832919416594};-280.569866449044;35.31908076376907
12815;-104.965852460753;((exp(_a1_) + pow2(((_a4_ * _a4_) + x))) * (_a2_ * x));{'d0': {'_a1_': -0.8477174845752464, '_a2_': 3.376760880501254, '_a4_': -0.5585066766155075, '_a0_': 1.0, '_a3_': 1.0, '_a5_': 1.0, '_a6_': 1.0, '_a7_': 1.0}};{'d0': 0.024905832919416594};-280.569866449044;35.31908076376907
12816;-104.965852460753;((exp(_a1_) + pow2(((_a4_ * _a4_) + x))) * (_a2_ * x));{'d0': {'_a1_': -0.8477174845752464, '_a2_': 3.376760880501254, '_a4_': -0.5585066766155075, '_a0_': 1.0, '_a3_': 1.0, '_a5_': 1.0, '_a6_': 1.0, '_a7_': 1.0}};{'d0': 0.024905832919416594};-280.569866449044;35.31908076376907
12817;-104.965852460753;((exp(_a1_) + pow2(((_a4_ * _a4_) + x))) * (_a2_ * x));{'d0': {'_a1_': -0.8477174845752464, '_a2_': 3.376760880501254, '_a4_': -0.5585066766155075, '_a0_': 1.0, '_a3_': 1.0, '_a5_': 1.0, '_a6_': 1.0, '_a7_': 1.0}};{'d0': 0.024905832919416594};-280.569866449044;35.31908076376907
12818;-104.965852460753;((exp(_a1_) + pow2(((_a4_ * _a4_) + x))) * (_a2_ * x));{'d0': {'_a1_': -0.8477174845752464, '_a2_': 3.376760880501254, '_a4_': -0.5585066766155075, '_a0_': 1.0, '_a3_': 1.0, '_a5_': 1.0, '_a6_': 1.0, '_a7_': 1.0}};{'d0': 0.024905832919416594};-280.569866449044;35.31908076376907
12819;-104.965852460753;((exp(_a1_) + pow2(((_a4_ * _a4_) + x))) * (_a2_ * x));{'d0': {'_a1_': -0.8477174845752464, '_a2_': 3.376760880501254, '_a4_': -0.5585066766155075, '_a0_': 1.0, '_a3_': 1.0, '_a5_': 1.0, '_a6_': 1.0, '_a7_': 1.0}};{'d0': 0.024905832919416594};-280.569866449044;35.31908076376907
12820;-104.965852460753;((exp(_a1_) + pow2(((_a4_ * _a4_) + x))) * (_a2_ * x));{'d0': {'_a1_': -0.8477174845752464, '_a2_': 3.376760880501254, '_a4_': -0.5585066766155075, '_a0_': 1.0, '_a3_': 1.0, '_a5_': 1.0, '_a6_': 1.0, '_a7_': 1.0}};{'d0': 0.024905832919416594};-280.569866449044;35.31908076376907
12821;-104.965852460753;((exp(_a1_) + pow2(((_a4_ * _a4_) + x))) * (_a2_ * x));{'d0': {'_a1_': -0.8477174845752464, '_a2_': 3.376760880501254, '_a4_': -0.5585066766155075, '_a0_': 1.0, '_a3_': 1.0, '_a5_': 1.0, '_a6_': 1.0, '_a7_': 1.0}};{'d0': 0.024905832919416594};-280.569866449044;35.31908076376907
12822;-104.965852460753;((exp(_a1_) + pow2(((_a4_ * _a4_) + x))) * (_a2_ * x));{'d0': {'_a1_': -0.8477174845752464, '_a2_': 3.376760880501254, '_a4_': -0.5585066766155075, '_a0_': 1.0, '_a3_': 1.0, '_a5_': 1.0, '_a6_': 1.0, '_a7_': 1.0}};{'d0': 0.024905832919416594};-280.569866449044;35.31908076376907
12823;-104.965852460753;((exp(_a1_) + pow2(((_a4_ * _a4_) + x))) * (_a2_ * x));{'d0': {'_a1_': -0.8477174845752464, '_a2_': 3.376760880501254, '_a4_': -0.5585066766155075, '_a0_': 1.0, '_a3_': 1.0, '_a5_': 1.0, '_a6_': 1.0, '_a7_': 1.0}};{'d0': 0.024905832919416594};-280.569866449044;35.31908076376907
12824;-104.965852460753;((exp(_a1_) + pow2(((_a4_ * _a4_) + x))) * (_a2_ * x));{'d0': {'_a1_': -0.8477174845752464, '_a2_': 3.376760880501254, '_a4_': -0.5585066766155075, '_a0_': 1.0, '_a3_': 1.0, '_a5_': 1.0, '_a6_': 1.0, '_a7_': 1.0}};{'d0': 0.024905832919416594};-280.569866449044;35.31908076376907
12825;-104.965852460753;((exp(_a1_) + pow2(((_a4_ * _a4_) + x))) * (_a2_ * x));{'d0': {'_a1_': -0.8477174845752464, '_a2_': 3.376760880501254, '_a4_': -0.5585066766155075, '_a0_': 1.0, '_a3_': 1.0, '_a5_': 1.0, '_a6_': 1.0, '_a7_': 1.0}};{'d0': 0.024905832919416594};-280.569866449044;35.31908076376907
12826;-104.965852460753;((exp(_a1_) + pow2(((_a4_ * _a4_) + x))) * (_a2_ * x));{'d0': {'_a1_': -0.8477174845752464, '_a2_': 3.376760880501254, '_a4_': -0.5585066766155075, '_a0_': 1.0, '_a3_': 1.0, '_a5_': 1.0, '_a6_': 1.0, '_a7_': 1.0}};{'d0': 0.024905832919416594};-280.569866449044;35.31908076376907
12827;-104.965852460753;((exp(_a1_) + pow2(((_a4_ * _a4_) + x))) * (_a2_ * x));{'d0': {'_a1_': -0.8477174845752464, '_a2_': 3.376760880501254, '_a4_': -0.5585066766155075, '_a0_': 1.0, '_a3_': 1.0, '_a5_': 1.0, '_a6_': 1.0, '_a7_': 1.0}};{'d0': 0.024905832919416594};-280.569866449044;35.31908076376907
12828;-104.965852460753;((exp(_a1_) + pow2(((_a4_ * _a4_) + x))) * (_a2_ * x));{'d0': {'_a1_': -0.8477174845752464, '_a2_': 3.376760880501254, '_a4_': -0.5585066766155075, '_a0_': 1.0, '_a3_': 1.0, '_a5_': 1.0, '_a6_': 1.0, '_a7_': 1.0}};{'d0': 0.024905832919416594};-280.569866449044;35.31908076376907
12829;-104.965852460753;((exp(_a1_) + pow2(((_a4_ * _a4_) + x))) * (_a2_ * x));{'d0': {'_a1_': -0.8477174845752464, '_a2_': 3.376760880501254, '_a4_': -0.5585066766155075, '_a0_': 1.0, '_a3_': 1.0, '_a5_': 1.0, '_a6_': 1.0, '_a7_': 1.0}};{'d0': 0.024905832919416594};-280.569866449044;35.31908076376907
12830;-104.965852460753;((exp(_a1_) + pow2(((_a4_ * _a4_) + x))) * (_a2_ * x));{'d0': {'_a1_': -0.8477174845752464, '_a2_': 3.376760880501254, '_a4_': -0.5585066766155075, '_a0_': 1.0, '_a3_': 1.0, '_a5_': 1.0, '_a6_': 1.0, '_a7_': 1.0}};{'d0': 0.024905832919416594};-280.569866449044;35.31908076376907
12831;-104.965852460753;((exp(_a1_) + pow2(((_a4_ * _a4_) + x))) * (_a2_ * x));{'d0': {'_a1_': -0.8477174845752464, '_a2_': 3.376760880501254, '_a4_': -0.5585066766155075, '_a0_': 1.0, '_a3_': 1.0, '_a5_': 1.0, '_a6_': 1.0, '_a7_': 1.0}};{'d0': 0.024905832919416594};-280.569866449044;35.31908076376907
12832;-105.382580669956;(((_a5_ * _a5_) + pow2(((_a4_ * _a4_) + x))) * (_a2_ * x));{'d0': {'_a2_': 3.376760877617226, '_a4_': -0.5585066765566834, '_a5_': 0.6545163312837772, '_a0_': 1.0, '_a1_': 1.0, '_a3_': 1.0, '_a6_': 1.0, '_a7_': 1.0}};{'d0': 0.024905832919416684};-280.569866449043;34.90235255456607
12833;-105.382580669956;(((_a5_ * _a5_) + pow2(((_a4_ * _a4_) + x))) * (_a2_ * x));{'d0': {'_a2_': 3.376760877617226, '_a4_': -0.5585066765566834, '_a5_': 0.6545163312837772, '_a0_': 1.0, '_a1_': 1.0, '_a3_': 1.0, '_a6_': 1.0, '_a7_': 1.0}};{'d0': 0.024905832919416684};-280.569866449043;34.90235255456607
12834;-105.382580669956;(((_a5_ * _a5_) + pow2(((_a4_ * _a4_) + x))) * (_a2_ * x));{'d0': {'_a2_': 3.376760877617226, '_a4_': -0.5585066765566834, '_a5_': 0.6545163312837772, '_a0_': 1.0, '_a1_': 1.0, '_a3_': 1.0, '_a6_': 1.0, '_a7_': 1.0}};{'d0': 0.024905832919416684};-280.569866449043;34.90235255456607
12835;-105.382580669956;(((_a5_ * _a5_) + pow2(((_a4_ * _a4_) + x))) * (_a2_ * x));{'d0': {'_a2_': 3.376760877617226, '_a4_': -0.5585066765566834, '_a5_': 0.6545163312837772, '_a0_': 1.0, '_a1_': 1.0, '_a3_': 1.0, '_a6_': 1.0, '_a7_': 1.0}};{'d0': 0.024905832919416684};-280.569866449043;34.90235255456607
12836;-105.382580669956;(((_a5_ * _a5_) + pow2(((_a4_ * _a4_) + x))) * (_a2_ * x));{'d0': {'_a2_': 3.376760877617226, '_a4_': -0.5585066765566834, '_a5_': 0.6545163312837772, '_a0_': 1.0, '_a1_': 1.0, '_a3_': 1.0, '_a6_': 1.0, '_a7_': 1.0}};{'d0': 0.024905832919416684};-280.569866449043;34.90235255456607
12837;-105.382580669956;(((_a5_ * _a5_) + pow2(((_a4_ * _a4_) + x))) * (_a2_ * x));{'d0': {'_a2_': 3.376760877617226, '_a4_': -0.5585066765566834, '_a5_': 0.6545163312837772, '_a0_': 1.0, '_a1_': 1.0, '_a3_': 1.0, '_a6_': 1.0, '_a7_': 1.0}};{'d0': 0.024905832919416684};-280.569866449043;34.90235255456607
12838;-95.1065749135554;(((-((_a5_ * _a4_)) + pow2((x * _a0_))) + x) * (x / pow2(_a6_)));{'d0': {'_a0_': 1.2660668365229828, '_a4_': 0.6958210960001757, '_a5_': -1.2110073626750917, '_a6_': 0.6889797841560988, '_a1_': 1.0, '_a2_': 1.0, '_a3_': 1.0, '_a7_': 1.0}};{'d0': 0.024905832920639994};-276.475521883874;43.13118602838186
12839;-105.382580669956;(((_a5_ * _a5_) + pow2(((_a4_ * _a4_) + x))) * (_a2_ * x));{'d0': {'_a2_': 3.376760877617226, '_a4_': -0.5585066765566834, '_a5_': 0.6545163312837772, '_a0_': 1.0, '_a1_': 1.0, '_a3_': 1.0, '_a6_': 1.0, '_a7_': 1.0}};{'d0': 0.024905832919416684};-280.569866449043;34.90235255456607
12840;-105.382580669956;(((_a5_ * _a5_) + pow2(((_a4_ * _a4_) + x))) * (_a2_ * x));{'d0': {'_a2_': 3.376760877617226, '_a4_': -0.5585066765566834, '_a5_': 0.6545163312837772, '_a0_': 1.0, '_a1_': 1.0, '_a3_': 1.0, '_a6_': 1.0, '_a7_': 1.0}};{'d0': 0.024905832919416684};-280.569866449043;34.90235255456607
12841;-105.382580669956;(((_a5_ * _a5_) + pow2(((_a4_ * _a4_) + x))) * (_a2_ * x));{'d0': {'_a2_': 3.376760877617226, '_a4_': -0.5585066765566834, '_a5_': 0.6545163312837772, '_a0_': 1.0, '_a1_': 1.0, '_a3_': 1.0, '_a6_': 1.0, '_a7_': 1.0}};{'d0': 0.024905832919416684};-280.569866449043;34.90235255456607
12842;-105.382580669956;(((_a5_ * _a5_) + pow2(((_a4_ * _a4_) + x))) * (_a2_ * x));{'d0': {'_a2_': 3.376760877617226, '_a4_': -0.5585066765566834, '_a5_': 0.6545163312837772, '_a0_': 1.0, '_a1_': 1.0, '_a3_': 1.0, '_a6_': 1.0, '_a7_': 1.0}};{'d0': 0.024905832919416684};-280.569866449043;34.90235255456607
12843;-105.382580669956;(((_a5_ * _a5_) + pow2(((_a4_ * _a4_) + x))) * (_a2_ * x));{'d0': {'_a2_': 3.376760877617226, '_a4_': -0.5585066765566834, '_a5_': 0.6545163312837772, '_a0_': 1.0, '_a1_': 1.0, '_a3_': 1.0, '_a6_': 1.0, '_a7_': 1.0}};{'d0': 0.024905832919416684};-280.569866449043;34.90235255456607
12844;-105.382580669956;(((_a5_ * _a5_) + pow2(((_a4_ * _a4_) + x))) * (_a2_ * x));{'d0': {'_a2_': 3.376760877617226, '_a4_': -0.5585066765566834, '_a5_': 0.6545163312837772, '_a0_': 1.0, '_a1_': 1.0, '_a3_': 1.0, '_a6_': 1.0, '_a7_': 1.0}};{'d0': 0.024905832919416684};-280.569866449043;34.90235255456607
12845;-105.382580669956;(((_a5_ * _a5_) + pow2(((_a4_ * _a4_) + x))) * (_a2_ * x));{'d0': {'_a2_': 3.376760877617226, '_a4_': -0.5585066765566834, '_a5_': 0.6545163312837772, '_a0_': 1.0, '_a1_': 1.0, '_a3_': 1.0, '_a6_': 1.0, '_a7_': 1.0}};{'d0': 0.024905832919416684};-280.569866449043;34.90235255456607
12846;-105.382580669956;(((_a5_ * _a5_) + pow2(((_a4_ * _a4_) + x))) * (_a2_ * x));{'d0': {'_a2_': 3.376760877617226, '_a4_': -0.5585066765566834, '_a5_': 0.6545163312837772, '_a0_': 1.0, '_a1_': 1.0, '_a3_': 1.0, '_a6_': 1.0, '_a7_': 1.0}};{'d0': 0.024905832919416684};-280.569866449043;34.90235255456607
12847;-105.382580669956;(((_a5_ * _a5_) + pow2(((_a4_ * _a4_) + x))) * (_a2_ * x));{'d0': {'_a2_': 3.376760877617226, '_a4_': -0.5585066765566834, '_a5_': 0.6545163312837772, '_a0_': 1.0, '_a1_': 1.0, '_a3_': 1.0, '_a6_': 1.0, '_a7_': 1.0}};{'d0': 0.024905832919416684};-280.569866449043;34.90235255456607
12848;-105.382580669956;(((_a5_ * _a5_) + pow2(((_a4_ * _a4_) + x))) * (_a2_ * x));{'d0': {'_a2_': 3.376760877617226, '_a4_': -0.5585066765566834, '_a5_': 0.6545163312837772, '_a0_': 1.0, '_a1_': 1.0, '_a3_': 1.0, '_a6_': 1.0, '_a7_': 1.0}};{'d0': 0.024905832919416684};-280.569866449043;34.90235255456607
12849;-105.382580669956;(((_a5_ * _a5_) + pow2(((_a4_ * _a4_) + x))) * (_a2_ * x));{'d0': {'_a2_': 3.376760877617226, '_a4_': -0.5585066765566834, '_a5_': 0.6545163312837772, '_a0_': 1.0, '_a1_': 1.0, '_a3_': 1.0, '_a6_': 1.0, '_a7_': 1.0}};{'d0': 0.024905832919416684};-280.569866449043;34.90235255456607
12850;-105.382580669956;(((_a5_ * _a5_) + pow2(((_a4_ * _a4_) + x))) * (_a2_ * x));{'d0': {'_a2_': 3.376760877617226, '_a4_': -0.5585066765566834, '_a5_': 0.6545163312837772, '_a0_': 1.0, '_a1_': 1.0, '_a3_': 1.0, '_a6_': 1.0, '_a7_': 1.0}};{'d0': 0.024905832919416684};-280.569866449043;34.90235255456607
12851;-105.382580669956;(((_a5_ * _a5_) + pow2(((_a4_ * _a4_) + x))) * (_a2_ * x));{'d0': {'_a2_': 3.376760877617226, '_a4_': -0.5585066765566834, '_a5_': 0.6545163312837772, '_a0_': 1.0, '_a1_': 1.0, '_a3_': 1.0, '_a6_': 1.0, '_a7_': 1.0}};{'d0': 0.024905832919416684};-280.569866449043;34.90235255456607
12852;-105.382580669956;(((_a5_ * _a5_) + pow2(((_a4_ * _a4_) + x))) * (_a2_ * x));{'d0': {'_a2_': 3.376760877617226, '_a4_': -0.5585066765566834, '_a5_': 0.6545163312837772, '_a0_': 1.0, '_a1_': 1.0, '_a3_': 1.0, '_a6_': 1.0, '_a7_': 1.0}};{'d0': 0.024905832919416684};-280.569866449043;34.90235255456607
12853;-105.382580669956;(((_a5_ * _a5_) + pow2(((_a4_ * _a4_) + x))) * (_a2_ * x));{'d0': {'_a2_': 3.376760877617226, '_a4_': -0.5585066765566834, '_a5_': 0.6545163312837772, '_a0_': 1.0, '_a1_': 1.0, '_a3_': 1.0, '_a6_': 1.0, '_a7_': 1.0}};{'d0': 0.024905832919416684};-280.569866449043;34.90235255456607
12854;-105.382580669956;(((_a5_ * _a5_) + pow2(((_a4_ * _a4_) + x))) * (_a2_ * x));{'d0': {'_a2_': 3.376760877617226, '_a4_': -0.5585066765566834, '_a5_': 0.6545163312837772, '_a0_': 1.0, '_a1_': 1.0, '_a3_': 1.0, '_a6_': 1.0, '_a7_': 1.0}};{'d0': 0.024905832919416684};-280.569866449043;34.90235255456607
12855;-105.382580669956;(((_a5_ * _a5_) + pow2(((_a4_ * _a4_) + x))) * (_a2_ * x));{'d0': {'_a2_': 3.376760877617226, '_a4_': -0.5585066765566834, '_a5_': 0.6545163312837772, '_a0_': 1.0, '_a1_': 1.0, '_a3_': 1.0, '_a6_': 1.0, '_a7_': 1.0}};{'d0': 0.024905832919416684};-280.569866449043;34.90235255456607
12856;-95.1065749135554;(((-((_a5_ * _a4_)) + pow2((x * _a0_))) + x) * (x / pow2(_a6_)));{'d0': {'_a0_': 1.2660668365229828, '_a4_': 0.6958210960001757, '_a5_': -1.2110073626750917, '_a6_': 0.6889797841560988, '_a1_': 1.0, '_a2_': 1.0, '_a3_': 1.0, '_a7_': 1.0}};{'d0': 0.024905832920639994};-276.475521883874;43.13118602838186
12857;-95.1065749135554;(((-((_a5_ * _a4_)) + pow2((x * _a0_))) + x) * (x / pow2(_a6_)));{'d0': {'_a0_': 1.2660668365229828, '_a4_': 0.6958210960001757, '_a5_': -1.2110073626750917, '_a6_': 0.6889797841560988, '_a1_': 1.0, '_a2_': 1.0, '_a3_': 1.0, '_a7_': 1.0}};{'d0': 0.024905832920639994};-276.475521883874;43.13118602838186
12858;-95.1065749135554;(((-((_a5_ * _a4_)) + pow2((x * _a0_))) + x) * (x / pow2(_a6_)));{'d0': {'_a0_': 1.2660668365229828, '_a4_': 0.6958210960001757, '_a5_': -1.2110073626750917, '_a6_': 0.6889797841560988, '_a1_': 1.0, '_a2_': 1.0, '_a3_': 1.0, '_a7_': 1.0}};{'d0': 0.024905832920639994};-276.475521883874;43.13118602838186
12859;-95.1065749135554;(((-((_a5_ * _a4_)) + pow2((x * _a0_))) + x) * (x / pow2(_a6_)));{'d0': {'_a0_': 1.2660668365229828, '_a4_': 0.6958210960001757, '_a5_': -1.2110073626750917, '_a6_': 0.6889797841560988, '_a1_': 1.0, '_a2_': 1.0, '_a3_': 1.0, '_a7_': 1.0}};{'d0': 0.024905832920639994};-276.475521883874;43.13118602838186
12860;-94.1463347444565;(((-((_a5_ * _a4_)) + pow2((x / _a0_))) + x) * (x / pow2(_a6_)));{'d0': {'_a0_': 0.7898477166979493, '_a4_': 0.522509856829796, '_a5_': -1.6126862591826994, '_a6_': 0.6889797841222124, '_a1_': 1.0, '_a2_': 1.0, '_a3_': 1.0, '_a7_': 1.0}};{'d0': 0.024905832920712023};-276.475521883701;44.091426197394064
12861;-105.382580669956;(((_a5_ * _a5_) + pow2(((_a4_ * _a4_) + x))) * (_a2_ * x));{'d0': {'_a2_': 3.376760877617226, '_a4_': -0.5585066765566834, '_a5_': 0.6545163312837772, '_a0_': 1.0, '_a1_': 1.0, '_a3_': 1.0, '_a6_': 1.0, '_a7_': 1.0}};{'d0': 0.024905832919416684};-280.569866449043;34.90235255456607
12862;-105.382580669956;(((_a5_ * _a5_) + pow2(((_a4_ * _a4_) + x))) * (_a2_ * x));{'d0': {'_a2_': 3.376760877617226, '_a4_': -0.5585066765566834, '_a5_': 0.6545163312837772, '_a0_': 1.0, '_a1_': 1.0, '_a3_': 1.0, '_a6_': 1.0, '_a7_': 1.0}};{'d0': 0.024905832919416684};-280.569866449043;34.90235255456607
12863;-105.382580669956;(((_a5_ * _a5_) + pow2(((_a4_ * _a4_) + x))) * (_a2_ * x));{'d0': {'_a2_': 3.376760877617226, '_a4_': -0.5585066765566834, '_a5_': 0.6545163312837772, '_a0_': 1.0, '_a1_': 1.0, '_a3_': 1.0, '_a6_': 1.0, '_a7_': 1.0}};{'d0': 0.024905832919416684};-280.569866449043;34.90235255456607
12864;-105.382580669956;(((_a5_ * _a5_) + pow2(((_a4_ * _a4_) + x))) * (_a2_ * x));{'d0': {'_a2_': 3.376760877617226, '_a4_': -0.5585066765566834, '_a5_': 0.6545163312837772, '_a0_': 1.0, '_a1_': 1.0, '_a3_': 1.0, '_a6_': 1.0, '_a7_': 1.0}};{'d0': 0.024905832919416684};-280.569866449043;34.90235255456607
12865;-105.382580669956;(((_a5_ * _a5_) + pow2(((_a4_ * _a4_) + x))) * (_a2_ * x));{'d0': {'_a2_': 3.376760877617226, '_a4_': -0.5585066765566834, '_a5_': 0.6545163312837772, '_a0_': 1.0, '_a1_': 1.0, '_a3_': 1.0, '_a6_': 1.0, '_a7_': 1.0}};{'d0': 0.024905832919416684};-280.569866449043;34.90235255456607
12866;-105.382580669956;(((_a5_ * _a5_) + pow2(((_a4_ * _a4_) + x))) * (_a2_ * x));{'d0': {'_a2_': 3.376760877617226, '_a4_': -0.5585066765566834, '_a5_': 0.6545163312837772, '_a0_': 1.0, '_a1_': 1.0, '_a3_': 1.0, '_a6_': 1.0, '_a7_': 1.0}};{'d0': 0.024905832919416684};-280.569866449043;34.90235255456607
12867;-105.382580669956;(((_a5_ * _a5_) + pow2(((_a4_ * _a4_) + x))) * (_a2_ * x));{'d0': {'_a2_': 3.376760877617226, '_a4_': -0.5585066765566834, '_a5_': 0.6545163312837772, '_a0_': 1.0, '_a1_': 1.0, '_a3_': 1.0, '_a6_': 1.0, '_a7_': 1.0}};{'d0': 0.024905832919416684};-280.569866449043;34.90235255456607
12868;-105.382580669956;(((_a5_ * _a5_) + pow2(((_a4_ * _a4_) + x))) * (_a2_ * x));{'d0': {'_a2_': 3.376760877617226, '_a4_': -0.5585066765566834, '_a5_': 0.6545163312837772, '_a0_': 1.0, '_a1_': 1.0, '_a3_': 1.0, '_a6_': 1.0, '_a7_': 1.0}};{'d0': 0.024905832919416684};-280.569866449043;34.90235255456607
12869;-105.382580669956;(((_a5_ * _a5_) + pow2(((_a4_ * _a4_) + x))) * (_a2_ * x));{'d0': {'_a2_': 3.376760877617226, '_a4_': -0.5585066765566834, '_a5_': 0.6545163312837772, '_a0_': 1.0, '_a1_': 1.0, '_a3_': 1.0, '_a6_': 1.0, '_a7_': 1.0}};{'d0': 0.024905832919416684};-280.569866449043;34.90235255456607
12870;-105.382580669956;(((_a5_ * _a5_) + pow2(((_a4_ * _a4_) + x))) * (_a2_ * x));{'d0': {'_a2_': 3.376760877617226, '_a4_': -0.5585066765566834, '_a5_': 0.6545163312837772, '_a0_': 1.0, '_a1_': 1.0, '_a3_': 1.0, '_a6_': 1.0, '_a7_': 1.0}};{'d0': 0.024905832919416684};-280.569866449043;34.90235255456607
12871;-105.382580669956;(((_a5_ * _a5_) + pow2(((_a4_ * _a4_) + x))) * (_a2_ * x));{'d0': {'_a2_': 3.376760877617226, '_a4_': -0.5585066765566834, '_a5_': 0.6545163312837772, '_a0_': 1.0, '_a1_': 1.0, '_a3_': 1.0, '_a6_': 1.0, '_a7_': 1.0}};{'d0': 0.024905832919416684};-280.569866449043;34.90235255456607
12872;-105.382580669956;(((_a5_ * _a5_) + pow2(((_a4_ * _a4_) + x))) * (_a2_ * x));{'d0': {'_a2_': 3.376760877617226, '_a4_': -0.5585066765566834, '_a5_': 0.6545163312837772, '_a0_': 1.0, '_a1_': 1.0, '_a3_': 1.0, '_a6_': 1.0, '_a7_': 1.0}};{'d0': 0.024905832919416684};-280.569866449043;34.90235255456607
12873;-105.382580669956;(((_a5_ * _a5_) + pow2(((_a4_ * _a4_) + x))) * (_a2_ * x));{'d0': {'_a2_': 3.376760877617226, '_a4_': -0.5585066765566834, '_a5_': 0.6545163312837772, '_a0_': 1.0, '_a1_': 1.0, '_a3_': 1.0, '_a6_': 1.0, '_a7_': 1.0}};{'d0': 0.024905832919416684};-280.569866449043;34.90235255456607
12874;-105.382580669956;(((_a5_ * _a5_) + pow2(((_a4_ * _a4_) + x))) * (_a2_ * x));{'d0': {'_a2_': 3.376760877617226, '_a4_': -0.5585066765566834, '_a5_': 0.6545163312837772, '_a0_': 1.0, '_a1_': 1.0, '_a3_': 1.0, '_a6_': 1.0, '_a7_': 1.0}};{'d0': 0.024905832919416684};-280.569866449043;34.90235255456607
12875;-105.382580669956;(((_a5_ * _a5_) + pow2(((_a4_ * _a4_) + x))) * (_a2_ * x));{'d0': {'_a2_': 3.376760877617226, '_a4_': -0.5585066765566834, '_a5_': 0.6545163312837772, '_a0_': 1.0, '_a1_': 1.0, '_a3_': 1.0, '_a6_': 1.0, '_a7_': 1.0}};{'d0': 0.024905832919416684};-280.569866449043;34.90235255456607
12876;-105.382580669956;(((_a5_ * _a5_) + pow2(((_a4_ * _a4_) + x))) * (_a2_ * x));{'d0': {'_a2_': 3.376760877617226, '_a4_': -0.5585066765566834, '_a5_': 0.6545163312837772, '_a0_': 1.0, '_a1_': 1.0, '_a3_': 1.0, '_a6_': 1.0, '_a7_': 1.0}};{'d0': 0.024905832919416684};-280.569866449043;34.90235255456607
12877;-105.382580669956;(((_a5_ * _a5_) + pow2(((_a4_ * _a4_) + x))) * (_a2_ * x));{'d0': {'_a2_': 3.376760877617226, '_a4_': -0.5585066765566834, '_a5_': 0.6545163312837772, '_a0_': 1.0, '_a1_': 1.0, '_a3_': 1.0, '_a6_': 1.0, '_a7_': 1.0}};{'d0': 0.024905832919416684};-280.569866449043;34.90235255456607
12878;-105.382580669956;(((_a5_ * _a5_) + pow2(((_a4_ * _a4_) + x))) * (_a2_ * x));{'d0': {'_a2_': 3.376760877617226, '_a4_': -0.5585066765566834, '_a5_': 0.6545163312837772, '_a0_': 1.0, '_a1_': 1.0, '_a3_': 1.0, '_a6_': 1.0, '_a7_': 1.0}};{'d0': 0.024905832919416684};-280.569866449043;34.90235255456607
12879;-105.382580669956;(((_a5_ * _a5_) + pow2(((_a4_ * _a4_) + x))) * (_a2_ * x));{'d0': {'_a2_': 3.376760877617226, '_a4_': -0.5585066765566834, '_a5_': 0.6545163312837772, '_a0_': 1.0, '_a1_': 1.0, '_a3_': 1.0, '_a6_': 1.0, '_a7_': 1.0}};{'d0': 0.024905832919416684};-280.569866449043;34.90235255456607
12880;-105.382580669956;(((_a5_ * _a5_) + pow2(((_a4_ * _a4_) + x))) * (_a2_ * x));{'d0': {'_a2_': 3.376760877617226, '_a4_': -0.5585066765566834, '_a5_': 0.6545163312837772, '_a0_': 1.0, '_a1_': 1.0, '_a3_': 1.0, '_a6_': 1.0, '_a7_': 1.0}};{'d0': 0.024905832919416684};-280.569866449043;34.90235255456607
12881;-105.382580669956;(((_a5_ * _a5_) + pow2(((_a4_ * _a4_) + x))) * (_a2_ * x));{'d0': {'_a2_': 3.376760877617226, '_a4_': -0.5585066765566834, '_a5_': 0.6545163312837772, '_a0_': 1.0, '_a1_': 1.0, '_a3_': 1.0, '_a6_': 1.0, '_a7_': 1.0}};{'d0': 0.024905832919416684};-280.569866449043;34.90235255456607
12882;-105.382580669956;(((_a5_ * _a5_) + pow2(((_a4_ * _a4_) + x))) * (_a2_ * x));{'d0': {'_a2_': 3.376760877617226, '_a4_': -0.5585066765566834, '_a5_': 0.6545163312837772, '_a0_': 1.0, '_a1_': 1.0, '_a3_': 1.0, '_a6_': 1.0, '_a7_': 1.0}};{'d0': 0.024905832919416684};-280.569866449043;34.90235255456607
12883;-105.382580669956;(((_a5_ * _a5_) + pow2(((_a4_ * _a4_) + x))) * (_a2_ * x));{'d0': {'_a2_': 3.376760877617226, '_a4_': -0.5585066765566834, '_a5_': 0.6545163312837772, '_a0_': 1.0, '_a1_': 1.0, '_a3_': 1.0, '_a6_': 1.0, '_a7_': 1.0}};{'d0': 0.024905832919416684};-280.569866449043;34.90235255456607
12884;-105.382580669956;(((_a5_ * _a5_) + pow2(((_a4_ * _a4_) + x))) * (_a2_ * x));{'d0': {'_a2_': 3.376760877617226, '_a4_': -0.5585066765566834, '_a5_': 0.6545163312837772, '_a0_': 1.0, '_a1_': 1.0, '_a3_': 1.0, '_a6_': 1.0, '_a7_': 1.0}};{'d0': 0.024905832919416684};-280.569866449043;34.90235255456607
12885;-105.382580669956;(((_a5_ * _a5_) + pow2(((_a4_ * _a4_) + x))) * (_a2_ * x));{'d0': {'_a2_': 3.376760877617226, '_a4_': -0.5585066765566834, '_a5_': 0.6545163312837772, '_a0_': 1.0, '_a1_': 1.0, '_a3_': 1.0, '_a6_': 1.0, '_a7_': 1.0}};{'d0': 0.024905832919416684};-280.569866449043;34.90235255456607
12886;-105.382580669956;(((_a5_ * _a5_) + pow2(((_a4_ * _a4_) + x))) * (_a2_ * x));{'d0': {'_a2_': 3.376760877617226, '_a4_': -0.5585066765566834, '_a5_': 0.6545163312837772, '_a0_': 1.0, '_a1_': 1.0, '_a3_': 1.0, '_a6_': 1.0, '_a7_': 1.0}};{'d0': 0.024905832919416684};-280.569866449043;34.90235255456607
12887;-105.382580669956;(((_a5_ * _a5_) + pow2(((_a4_ * _a4_) + x))) * (_a2_ * x));{'d0': {'_a2_': 3.376760877617226, '_a4_': -0.5585066765566834, '_a5_': 0.6545163312837772, '_a0_': 1.0, '_a1_': 1.0, '_a3_': 1.0, '_a6_': 1.0, '_a7_': 1.0}};{'d0': 0.024905832919416684};-280.569866449043;34.90235255456607
12888;-105.382580669956;(((_a5_ * _a5_) + pow2(((_a4_ * _a4_) + x))) * (_a2_ * x));{'d0': {'_a2_': 3.376760877617226, '_a4_': -0.5585066765566834, '_a5_': 0.6545163312837772, '_a0_': 1.0, '_a1_': 1.0, '_a3_': 1.0, '_a6_': 1.0, '_a7_': 1.0}};{'d0': 0.024905832919416684};-280.569866449043;34.90235255456607
12889;-105.382580669956;(((_a5_ * _a5_) + pow2(((_a4_ * _a4_) + x))) * (_a2_ * x));{'d0': {'_a2_': 3.376760877617226, '_a4_': -0.5585066765566834, '_a5_': 0.6545163312837772, '_a0_': 1.0, '_a1_': 1.0, '_a3_': 1.0, '_a6_': 1.0, '_a7_': 1.0}};{'d0': 0.024905832919416684};-280.569866449043;34.90235255456607
12890;-105.382580669956;(((_a5_ * _a5_) + pow2(((_a4_ * _a4_) + x))) * (_a2_ * x));{'d0': {'_a2_': 3.376760877617226, '_a4_': -0.5585066765566834, '_a5_': 0.6545163312837772, '_a0_': 1.0, '_a1_': 1.0, '_a3_': 1.0, '_a6_': 1.0, '_a7_': 1.0}};{'d0': 0.024905832919416684};-280.569866449043;34.90235255456607
12891;-105.382580669956;(((_a5_ * _a5_) + pow2(((_a4_ * _a4_) + x))) * (_a2_ * x));{'d0': {'_a2_': 3.376760877617226, '_a4_': -0.5585066765566834, '_a5_': 0.6545163312837772, '_a0_': 1.0, '_a1_': 1.0, '_a3_': 1.0, '_a6_': 1.0, '_a7_': 1.0}};{'d0': 0.024905832919416684};-280.569866449043;34.90235255456607
12892;-105.382580669956;(((_a5_ * _a5_) + pow2(((_a4_ * _a4_) + x))) * (_a2_ * x));{'d0': {'_a2_': 3.376760877617226, '_a4_': -0.5585066765566834, '_a5_': 0.6545163312837772, '_a0_': 1.0, '_a1_': 1.0, '_a3_': 1.0, '_a6_': 1.0, '_a7_': 1.0}};{'d0': 0.024905832919416684};-280.569866449043;34.90235255456607
12893;-105.382580669956;(((_a5_ * _a5_) + pow2(((_a4_ * _a4_) + x))) * (_a2_ * x));{'d0': {'_a2_': 3.376760877617226, '_a4_': -0.5585066765566834, '_a5_': 0.6545163312837772, '_a0_': 1.0, '_a1_': 1.0, '_a3_': 1.0, '_a6_': 1.0, '_a7_': 1.0}};{'d0': 0.024905832919416684};-280.569866449043;34.90235255456607
12894;-105.382580669956;(((_a5_ * _a5_) + pow2(((_a2_ * _a4_) + x))) * (_a2_ * x));{'d0': {'_a2_': 3.3767608793157295, '_a4_': 0.09237542096050123, '_a5_': 0.654516331276512, '_a0_': 1.0, '_a1_': 1.0, '_a3_': 1.0, '_a6_': 1.0, '_a7_': 1.0}};{'d0': 0.0249058329194167};-280.569866449043;34.90235255456607
12895;-105.382580669956;(((_a5_ * _a5_) + pow2(((_a2_ * _a4_) + x))) * (_a2_ * x));{'d0': {'_a2_': 3.3767608793157295, '_a4_': 0.09237542096050123, '_a5_': 0.654516331276512, '_a0_': 1.0, '_a1_': 1.0, '_a3_': 1.0, '_a6_': 1.0, '_a7_': 1.0}};{'d0': 0.0249058329194167};-280.569866449043;34.90235255456607
12896;-105.382580669956;(((_a5_ * _a5_) + pow2(((_a2_ * _a4_) + x))) * (_a2_ * x));{'d0': {'_a2_': 3.3767608793157295, '_a4_': 0.09237542096050123, '_a5_': 0.654516331276512, '_a0_': 1.0, '_a1_': 1.0, '_a3_': 1.0, '_a6_': 1.0, '_a7_': 1.0}};{'d0': 0.0249058329194167};-280.569866449043;34.90235255456607
12897;-105.382580669956;(((_a5_ * _a5_) + pow2(((_a2_ * _a4_) + x))) * (_a2_ * x));{'d0': {'_a2_': 3.3767608793157295, '_a4_': 0.09237542096050123, '_a5_': 0.654516331276512, '_a0_': 1.0, '_a1_': 1.0, '_a3_': 1.0, '_a6_': 1.0, '_a7_': 1.0}};{'d0': 0.0249058329194167};-280.569866449043;34.90235255456607
12898;-105.382580669956;(((_a5_ * _a5_) + pow2(((_a2_ * _a4_) + x))) * (_a2_ * x));{'d0': {'_a2_': 3.3767608793157295, '_a4_': 0.09237542096050123, '_a5_': 0.654516331276512, '_a0_': 1.0, '_a1_': 1.0, '_a3_': 1.0, '_a6_': 1.0, '_a7_': 1.0}};{'d0': 0.0249058329194167};-280.569866449043;34.90235255456607
12899;-105.382580669956;(((_a5_ * _a5_) + pow2(((_a2_ * _a4_) + x))) * (_a2_ * x));{'d0': {'_a2_': 3.3767608793157295, '_a4_': 0.09237542096050123, '_a5_': 0.654516331276512, '_a0_': 1.0, '_a1_': 1.0, '_a3_': 1.0, '_a6_': 1.0, '_a7_': 1.0}};{'d0': 0.0249058329194167};-280.569866449043;34.90235255456607
12900;-105.382580669956;(((_a5_ * _a5_) + pow2(((_a2_ * _a4_) + x))) * (_a2_ * x));{'d0': {'_a2_': 3.3767608793157295, '_a4_': 0.09237542096050123, '_a5_': 0.654516331276512, '_a0_': 1.0, '_a1_': 1.0, '_a3_': 1.0, '_a6_': 1.0, '_a7_': 1.0}};{'d0': 0.0249058329194167};-280.569866449043;34.90235255456607
12901;-105.382580669956;(((_a5_ * _a5_) + pow2(((_a2_ * _a4_) + x))) * (_a4_ * x));{'d0': {'_a2_': 0.09237542098281738, '_a4_': 3.3767608788273056, '_a5_': 0.6545163310785337, '_a0_': 1.0, '_a1_': 1.0, '_a3_': 1.0, '_a6_': 1.0, '_a7_': 1.0}};{'d0': 0.024905832919416632};-280.569866449044;34.90235255456607
12902;-105.382580669956;(((_a5_ * _a5_) + pow2(((_a2_ * _a4_) + x))) * (_a4_ * x));{'d0': {'_a2_': 0.09237542098281738, '_a4_': 3.3767608788273056, '_a5_': 0.6545163310785337, '_a0_': 1.0, '_a1_': 1.0, '_a3_': 1.0, '_a6_': 1.0, '_a7_': 1.0}};{'d0': 0.024905832919416632};-280.569866449044;34.90235255456607
12903;-105.382580669956;(((_a5_ * _a5_) + pow2(((_a2_ * _a4_) + x))) * (_a4_ * x));{'d0': {'_a2_': 0.09237542098281738, '_a4_': 3.3767608788273056, '_a5_': 0.6545163310785337, '_a0_': 1.0, '_a1_': 1.0, '_a3_': 1.0, '_a6_': 1.0, '_a7_': 1.0}};{'d0': 0.024905832919416632};-280.569866449044;34.90235255456607
12904;-105.382580669956;(((_a5_ * _a5_) + pow2(((_a2_ * _a4_) + x))) * (_a4_ * x));{'d0': {'_a2_': 0.09237542098281738, '_a4_': 3.3767608788273056, '_a5_': 0.6545163310785337, '_a0_': 1.0, '_a1_': 1.0, '_a3_': 1.0, '_a6_': 1.0, '_a7_': 1.0}};{'d0': 0.024905832919416632};-280.569866449044;34.90235255456607
12905;-105.382580669956;(((_a5_ * _a5_) + pow2(((_a2_ * _a4_) + x))) * (_a4_ * x));{'d0': {'_a2_': 0.09237542098281738, '_a4_': 3.3767608788273056, '_a5_': 0.6545163310785337, '_a0_': 1.0, '_a1_': 1.0, '_a3_': 1.0, '_a6_': 1.0, '_a7_': 1.0}};{'d0': 0.024905832919416632};-280.569866449044;34.90235255456607
12906;-106.651973435153;(_a2_ * (-(x) * (_a0_ + pow2(((_a0_ + x) * _a7_)))));{'d0': {'_a0_': 0.31192970779263757, '_a2_': -4.637506634283072, '_a7_': -0.8533120565124447, '_a1_': 1.0, '_a3_': 1.0, '_a4_': 1.0, '_a5_': 1.0, '_a6_': 1.0}};{'d0': 0.02490583291941656};-280.569866449044;33.63295978936938
12907;-106.651973435153;(_a2_ * (-(x) * (_a0_ + pow2(((_a0_ + x) * _a7_)))));{'d0': {'_a0_': 0.31192970779263757, '_a2_': -4.637506634283072, '_a7_': -0.8533120565124447, '_a1_': 1.0, '_a3_': 1.0, '_a4_': 1.0, '_a5_': 1.0, '_a6_': 1.0}};{'d0': 0.02490583291941656};-280.569866449044;33.63295978936938
12908;-106.651973435153;(_a2_ * (-(x) * (_a0_ + pow2(((_a0_ + x) * _a7_)))));{'d0': {'_a0_': 0.31192970779263757, '_a2_': -4.637506634283072, '_a7_': -0.8533120565124447, '_a1_': 1.0, '_a3_': 1.0, '_a4_': 1.0, '_a5_': 1.0, '_a6_': 1.0}};{'d0': 0.02490583291941656};-280.569866449044;33.63295978936938
12909;-106.651973435153;(_a2_ * (-(x) * (_a0_ + pow2(((_a0_ + x) * _a7_)))));{'d0': {'_a0_': 0.31192970779263757, '_a2_': -4.637506634283072, '_a7_': -0.8533120565124447, '_a1_': 1.0, '_a3_': 1.0, '_a4_': 1.0, '_a5_': 1.0, '_a6_': 1.0}};{'d0': 0.02490583291941656};-280.569866449044;33.63295978936938
12910;-106.651973435153;(_a2_ * (-(x) * (_a0_ + pow2(((_a0_ + x) * _a7_)))));{'d0': {'_a0_': 0.31192970779263757, '_a2_': -4.637506634283072, '_a7_': -0.8533120565124447, '_a1_': 1.0, '_a3_': 1.0, '_a4_': 1.0, '_a5_': 1.0, '_a6_': 1.0}};{'d0': 0.02490583291941656};-280.569866449044;33.63295978936938
12911;-106.651973435153;(_a2_ * (-(x) * (_a0_ + pow2(((_a0_ + x) * _a7_)))));{'d0': {'_a0_': 0.31192970779263757, '_a2_': -4.637506634283072, '_a7_': -0.8533120565124447, '_a1_': 1.0, '_a3_': 1.0, '_a4_': 1.0, '_a5_': 1.0, '_a6_': 1.0}};{'d0': 0.02490583291941656};-280.569866449044;33.63295978936938
12912;-106.651973435153;(_a2_ * (-(x) * (_a0_ + pow2(((_a0_ + x) * _a7_)))));{'d0': {'_a0_': 0.31192970779263757, '_a2_': -4.637506634283072, '_a7_': -0.8533120565124447, '_a1_': 1.0, '_a3_': 1.0, '_a4_': 1.0, '_a5_': 1.0, '_a6_': 1.0}};{'d0': 0.02490583291941656};-280.569866449044;33.63295978936938
12913;-106.651973435153;(_a2_ * (-(x) * (_a0_ + pow2(((_a0_ + x) * _a7_)))));{'d0': {'_a0_': 0.31192970779263757, '_a2_': -4.637506634283072, '_a7_': -0.8533120565124447, '_a1_': 1.0, '_a3_': 1.0, '_a4_': 1.0, '_a5_': 1.0, '_a6_': 1.0}};{'d0': 0.02490583291941656};-280.569866449044;33.63295978936938
12914;-106.651973435153;(_a2_ * (-(x) * (_a0_ + pow2(((_a0_ + x) * _a7_)))));{'d0': {'_a0_': 0.31192970779263757, '_a2_': -4.637506634283072, '_a7_': -0.8533120565124447, '_a1_': 1.0, '_a3_': 1.0, '_a4_': 1.0, '_a5_': 1.0, '_a6_': 1.0}};{'d0': 0.02490583291941656};-280.569866449044;33.63295978936938
12915;-106.651973435153;(_a2_ * (-(x) * (_a0_ + pow2(((_a0_ + x) * _a7_)))));{'d0': {'_a0_': 0.31192970779263757, '_a2_': -4.637506634283072, '_a7_': -0.8533120565124447, '_a1_': 1.0, '_a3_': 1.0, '_a4_': 1.0, '_a5_': 1.0, '_a6_': 1.0}};{'d0': 0.02490583291941656};-280.569866449044;33.63295978936938
12916;-106.651973435153;(_a2_ * (-(x) * (_a0_ + pow2(((_a0_ + x) * _a7_)))));{'d0': {'_a0_': 0.31192970779263757, '_a2_': -4.637506634283072, '_a7_': -0.8533120565124447, '_a1_': 1.0, '_a3_': 1.0, '_a4_': 1.0, '_a5_': 1.0, '_a6_': 1.0}};{'d0': 0.02490583291941656};-280.569866449044;33.63295978936938
12917;-106.651973435153;(_a2_ * (-(x) * (_a0_ + pow2(((_a0_ + x) * _a7_)))));{'d0': {'_a0_': 0.31192970779263757, '_a2_': -4.637506634283072, '_a7_': -0.8533120565124447, '_a1_': 1.0, '_a3_': 1.0, '_a4_': 1.0, '_a5_': 1.0, '_a6_': 1.0}};{'d0': 0.02490583291941656};-280.569866449044;33.63295978936938
12918;-106.651973435153;(_a2_ * (-(x) * (_a0_ + pow2(((_a0_ + x) * _a7_)))));{'d0': {'_a0_': 0.31192970779263757, '_a2_': -4.637506634283072, '_a7_': -0.8533120565124447, '_a1_': 1.0, '_a3_': 1.0, '_a4_': 1.0, '_a5_': 1.0, '_a6_': 1.0}};{'d0': 0.02490583291941656};-280.569866449044;33.63295978936938
12919;-106.651973435153;(_a2_ * (-(x) * (_a0_ + pow2(((_a0_ + x) * _a7_)))));{'d0': {'_a0_': 0.31192970779263757, '_a2_': -4.637506634283072, '_a7_': -0.8533120565124447, '_a1_': 1.0, '_a3_': 1.0, '_a4_': 1.0, '_a5_': 1.0, '_a6_': 1.0}};{'d0': 0.02490583291941656};-280.569866449044;33.63295978936938
12920;-106.651973435153;(_a2_ * (-(x) * (_a0_ + pow2(((_a0_ + x) * _a7_)))));{'d0': {'_a0_': 0.31192970779263757, '_a2_': -4.637506634283072, '_a7_': -0.8533120565124447, '_a1_': 1.0, '_a3_': 1.0, '_a4_': 1.0, '_a5_': 1.0, '_a6_': 1.0}};{'d0': 0.02490583291941656};-280.569866449044;33.63295978936938
12921;-106.651973435153;(_a2_ * (-(x) * (_a0_ + pow2(((_a0_ + x) * _a7_)))));{'d0': {'_a0_': 0.31192970779263757, '_a2_': -4.637506634283072, '_a7_': -0.8533120565124447, '_a1_': 1.0, '_a3_': 1.0, '_a4_': 1.0, '_a5_': 1.0, '_a6_': 1.0}};{'d0': 0.02490583291941656};-280.569866449044;33.63295978936938
12922;-106.651973435153;(_a2_ * (-(x) * (_a0_ + pow2(((_a0_ + x) * _a7_)))));{'d0': {'_a0_': 0.31192970779263757, '_a2_': -4.637506634283072, '_a7_': -0.8533120565124447, '_a1_': 1.0, '_a3_': 1.0, '_a4_': 1.0, '_a5_': 1.0, '_a6_': 1.0}};{'d0': 0.02490583291941656};-280.569866449044;33.63295978936938
12923;-106.651973435153;(_a2_ * (-(x) * (_a0_ + pow2(((_a0_ + x) * _a7_)))));{'d0': {'_a0_': 0.31192970779263757, '_a2_': -4.637506634283072, '_a7_': -0.8533120565124447, '_a1_': 1.0, '_a3_': 1.0, '_a4_': 1.0, '_a5_': 1.0, '_a6_': 1.0}};{'d0': 0.02490583291941656};-280.569866449044;33.63295978936938
12924;-106.651973435153;(_a2_ * (-(x) * (_a0_ + pow2(((_a0_ + x) * _a7_)))));{'d0': {'_a0_': 0.31192970779263757, '_a2_': -4.637506634283072, '_a7_': -0.8533120565124447, '_a1_': 1.0, '_a3_': 1.0, '_a4_': 1.0, '_a5_': 1.0, '_a6_': 1.0}};{'d0': 0.02490583291941656};-280.569866449044;33.63295978936938
12925;-106.651973435153;(_a2_ * (-(x) * (_a0_ + pow2(((_a0_ + x) * _a7_)))));{'d0': {'_a0_': 0.31192970779263757, '_a2_': -4.637506634283072, '_a7_': -0.8533120565124447, '_a1_': 1.0, '_a3_': 1.0, '_a4_': 1.0, '_a5_': 1.0, '_a6_': 1.0}};{'d0': 0.02490583291941656};-280.569866449044;33.63295978936938
12926;-106.651973435153;(_a2_ * (-(x) * (_a0_ + pow2(((_a0_ + x) * _a7_)))));{'d0': {'_a0_': 0.31192970779263757, '_a2_': -4.637506634283072, '_a7_': -0.8533120565124447, '_a1_': 1.0, '_a3_': 1.0, '_a4_': 1.0, '_a5_': 1.0, '_a6_': 1.0}};{'d0': 0.02490583291941656};-280.569866449044;33.63295978936938
12927;-106.651973435153;(_a2_ * (-(x) * (_a0_ + pow2(((_a0_ + x) * _a7_)))));{'d0': {'_a0_': 0.31192970779263757, '_a2_': -4.637506634283072, '_a7_': -0.8533120565124447, '_a1_': 1.0, '_a3_': 1.0, '_a4_': 1.0, '_a5_': 1.0, '_a6_': 1.0}};{'d0': 0.02490583291941656};-280.569866449044;33.63295978936938
12928;-106.651973435153;(_a2_ * (-(x) * (_a0_ + pow2(((_a0_ + x) * _a7_)))));{'d0': {'_a0_': 0.31192970779263757, '_a2_': -4.637506634283072, '_a7_': -0.8533120565124447, '_a1_': 1.0, '_a3_': 1.0, '_a4_': 1.0, '_a5_': 1.0, '_a6_': 1.0}};{'d0': 0.02490583291941656};-280.569866449044;33.63295978936938
12929;-106.651973435153;(_a2_ * (-(x) * (_a0_ + pow2(((_a0_ + x) * _a7_)))));{'d0': {'_a0_': 0.31192970779263757, '_a2_': -4.637506634283072, '_a7_': -0.8533120565124447, '_a1_': 1.0, '_a3_': 1.0, '_a4_': 1.0, '_a5_': 1.0, '_a6_': 1.0}};{'d0': 0.02490583291941656};-280.569866449044;33.63295978936938
12930;-110.331920595413;(_a2_ * (x * (_a0_ + pow2(((_a0_ + x) * _a7_)))));{'d0': {'_a0_': 0.31192970785495744, '_a2_': 4.63750663414068, '_a7_': -0.8533120565002623, '_a1_': 1.0, '_a3_': 1.0, '_a4_': 1.0, '_a5_': 1.0, '_a6_': 1.0}};{'d0': 0.024905832919416608};-280.569866449044;29.95301262910899
12931;-110.331920595413;(_a2_ * (x * (_a0_ + pow2(((_a0_ + x) * _a7_)))));{'d0': {'_a0_': 0.31192970785495744, '_a2_': 4.63750663414068, '_a7_': -0.8533120565002623, '_a1_': 1.0, '_a3_': 1.0, '_a4_': 1.0, '_a5_': 1.0, '_a6_': 1.0}};{'d0': 0.024905832919416608};-280.569866449044;29.95301262910899
12932;-110.331920595413;(_a2_ * (x * (_a0_ + pow2(((_a0_ + x) * _a7_)))));{'d0': {'_a0_': 0.31192970785495744, '_a2_': 4.63750663414068, '_a7_': -0.8533120565002623, '_a1_': 1.0, '_a3_': 1.0, '_a4_': 1.0, '_a5_': 1.0, '_a6_': 1.0}};{'d0': 0.024905832919416608};-280.569866449044;29.95301262910899
12933;-110.331920595413;(_a2_ * (x * (_a0_ + pow2(((_a0_ + x) * _a7_)))));{'d0': {'_a0_': 0.31192970785495744, '_a2_': 4.63750663414068, '_a7_': -0.8533120565002623, '_a1_': 1.0, '_a3_': 1.0, '_a4_': 1.0, '_a5_': 1.0, '_a6_': 1.0}};{'d0': 0.024905832919416608};-280.569866449044;29.95301262910899
12934;-110.331920595413;(_a2_ * (x * (_a0_ + pow2(((_a0_ + x) * _a7_)))));{'d0': {'_a0_': 0.31192970785495744, '_a2_': 4.63750663414068, '_a7_': -0.8533120565002623, '_a1_': 1.0, '_a3_': 1.0, '_a4_': 1.0, '_a5_': 1.0, '_a6_': 1.0}};{'d0': 0.024905832919416608};-280.569866449044;29.95301262910899
12935;-110.331920595413;(_a2_ * (x * (_a0_ + pow2(((_a0_ + x) * _a7_)))));{'d0': {'_a0_': 0.31192970785495744, '_a2_': 4.63750663414068, '_a7_': -0.8533120565002623, '_a1_': 1.0, '_a3_': 1.0, '_a4_': 1.0, '_a5_': 1.0, '_a6_': 1.0}};{'d0': 0.024905832919416608};-280.569866449044;29.95301262910899
12936;-110.331920595413;(_a2_ * (x * (_a0_ + pow2(((_a0_ + x) * _a7_)))));{'d0': {'_a0_': 0.31192970785495744, '_a2_': 4.63750663414068, '_a7_': -0.8533120565002623, '_a1_': 1.0, '_a3_': 1.0, '_a4_': 1.0, '_a5_': 1.0, '_a6_': 1.0}};{'d0': 0.024905832919416608};-280.569866449044;29.95301262910899
12937;-110.331920595413;(_a2_ * (x * (_a0_ + pow2(((_a0_ + x) * _a7_)))));{'d0': {'_a0_': 0.31192970785495744, '_a2_': 4.63750663414068, '_a7_': -0.8533120565002623, '_a1_': 1.0, '_a3_': 1.0, '_a4_': 1.0, '_a5_': 1.0, '_a6_': 1.0}};{'d0': 0.024905832919416608};-280.569866449044;29.95301262910899
12938;-110.331920595413;(_a2_ * (x * (_a0_ + pow2(((_a0_ + x) * _a7_)))));{'d0': {'_a0_': 0.31192970785495744, '_a2_': 4.63750663414068, '_a7_': -0.8533120565002623, '_a1_': 1.0, '_a3_': 1.0, '_a4_': 1.0, '_a5_': 1.0, '_a6_': 1.0}};{'d0': 0.024905832919416608};-280.569866449044;29.95301262910899
12939;-110.331920595413;(_a2_ * (x * (_a0_ + pow2(((_a0_ + x) * _a7_)))));{'d0': {'_a0_': 0.31192970785495744, '_a2_': 4.63750663414068, '_a7_': -0.8533120565002623, '_a1_': 1.0, '_a3_': 1.0, '_a4_': 1.0, '_a5_': 1.0, '_a6_': 1.0}};{'d0': 0.024905832919416608};-280.569866449044;29.95301262910899
12940;-110.331920595413;(_a2_ * (x * (_a0_ + pow2(((_a0_ + x) * _a7_)))));{'d0': {'_a0_': 0.31192970785495744, '_a2_': 4.63750663414068, '_a7_': -0.8533120565002623, '_a1_': 1.0, '_a3_': 1.0, '_a4_': 1.0, '_a5_': 1.0, '_a6_': 1.0}};{'d0': 0.024905832919416608};-280.569866449044;29.95301262910899
12941;-110.331920595413;(_a2_ * (x * (_a0_ + pow2(((_a0_ + x) * _a7_)))));{'d0': {'_a0_': 0.31192970785495744, '_a2_': 4.63750663414068, '_a7_': -0.8533120565002623, '_a1_': 1.0, '_a3_': 1.0, '_a4_': 1.0, '_a5_': 1.0, '_a6_': 1.0}};{'d0': 0.024905832919416608};-280.569866449044;29.95301262910899
12942;-110.331920595413;(_a2_ * (x * (_a0_ + pow2(((_a0_ + x) * _a7_)))));{'d0': {'_a0_': 0.31192970785495744, '_a2_': 4.63750663414068, '_a7_': -0.8533120565002623, '_a1_': 1.0, '_a3_': 1.0, '_a4_': 1.0, '_a5_': 1.0, '_a6_': 1.0}};{'d0': 0.024905832919416608};-280.569866449044;29.95301262910899
12943;-110.331920595413;(_a2_ * (x * (_a2_ + pow2(((_a0_ + x) * _a7_)))));{'d0': {'_a0_': 0.31192970781851037, '_a2_': 1.202736916024788, '_a7_': 1.675578709024243, '_a1_': 1.0, '_a3_': 1.0, '_a4_': 1.0, '_a5_': 1.0, '_a6_': 1.0}};{'d0': 0.02490583291941668};-280.569866449043;29.95301262910899
12944;-110.331920595413;(_a2_ * (x * (_a2_ + pow2(((_a0_ + x) * _a7_)))));{'d0': {'_a0_': 0.31192970781851037, '_a2_': 1.202736916024788, '_a7_': 1.675578709024243, '_a1_': 1.0, '_a3_': 1.0, '_a4_': 1.0, '_a5_': 1.0, '_a6_': 1.0}};{'d0': 0.02490583291941668};-280.569866449043;29.95301262910899
12945;-106.633986122803;((_a0_ + pow2(((pow2(_a2_) * _a4_) + x))) * (_a4_ * x));{'d0': {'_a0_': 0.4283916281221473, '_a2_': 0.30393325099758106, '_a4_': 3.376760877008718, '_a1_': 1.0, '_a3_': 1.0, '_a5_': 1.0, '_a6_': 1.0, '_a7_': 1.0}};{'d0': 0.024905832919416566};-280.569866449044;33.65094710171907
12946;-106.633986122803;((_a0_ + pow2(((pow2(_a2_) * _a4_) + x))) * (_a4_ * x));{'d0': {'_a0_': 0.4283916281221473, '_a2_': 0.30393325099758106, '_a4_': 3.376760877008718, '_a1_': 1.0, '_a3_': 1.0, '_a5_': 1.0, '_a6_': 1.0, '_a7_': 1.0}};{'d0': 0.024905832919416566};-280.569866449044;33.65094710171907
12947;-106.633986122803;((_a0_ + pow2(((pow2(_a2_) * _a4_) + x))) * (_a4_ * x));{'d0': {'_a0_': 0.4283916281221473, '_a2_': 0.30393325099758106, '_a4_': 3.376760877008718, '_a1_': 1.0, '_a3_': 1.0, '_a5_': 1.0, '_a6_': 1.0, '_a7_': 1.0}};{'d0': 0.024905832919416566};-280.569866449044;33.65094710171907
12948;-110.331920595413;(_a2_ * (x * (_a2_ + pow2(((_a0_ + x) * _a7_)))));{'d0': {'_a0_': 0.31192970781851037, '_a2_': 1.202736916024788, '_a7_': 1.675578709024243, '_a1_': 1.0, '_a3_': 1.0, '_a4_': 1.0, '_a5_': 1.0, '_a6_': 1.0}};{'d0': 0.02490583291941668};-280.569866449043;29.95301262910899
12949;-110.331920595413;(_a2_ * (x * (_a2_ + pow2(((_a0_ + x) * _a7_)))));{'d0': {'_a0_': 0.31192970781851037, '_a2_': 1.202736916024788, '_a7_': 1.675578709024243, '_a1_': 1.0, '_a3_': 1.0, '_a4_': 1.0, '_a5_': 1.0, '_a6_': 1.0}};{'d0': 0.02490583291941668};-280.569866449043;29.95301262910899
12950;-110.331920595413;(_a2_ * (x * (_a2_ + pow2(((_a0_ + x) * _a7_)))));{'d0': {'_a0_': 0.31192970781851037, '_a2_': 1.202736916024788, '_a7_': 1.675578709024243, '_a1_': 1.0, '_a3_': 1.0, '_a4_': 1.0, '_a5_': 1.0, '_a6_': 1.0}};{'d0': 0.02490583291941668};-280.569866449043;29.95301262910899
12951;-110.331920595413;(_a2_ * (x * (_a2_ + pow2(((_a0_ + x) * _a7_)))));{'d0': {'_a0_': 0.31192970781851037, '_a2_': 1.202736916024788, '_a7_': 1.675578709024243, '_a1_': 1.0, '_a3_': 1.0, '_a4_': 1.0, '_a5_': 1.0, '_a6_': 1.0}};{'d0': 0.02490583291941668};-280.569866449043;29.95301262910899
12952;-110.331920595413;(_a2_ * (x * (_a2_ + pow2(((_a0_ + x) * _a7_)))));{'d0': {'_a0_': 0.31192970781851037, '_a2_': 1.202736916024788, '_a7_': 1.675578709024243, '_a1_': 1.0, '_a3_': 1.0, '_a4_': 1.0, '_a5_': 1.0, '_a6_': 1.0}};{'d0': 0.02490583291941668};-280.569866449043;29.95301262910899
12953;-110.331920595413;(_a2_ * (x * (_a2_ + pow2(((_a0_ + x) * _a7_)))));{'d0': {'_a0_': 0.31192970781851037, '_a2_': 1.202736916024788, '_a7_': 1.675578709024243, '_a1_': 1.0, '_a3_': 1.0, '_a4_': 1.0, '_a5_': 1.0, '_a6_': 1.0}};{'d0': 0.02490583291941668};-280.569866449043;29.95301262910899
12954;-110.331920595413;(_a2_ * (x * (_a2_ + pow2(((_a0_ + x) * _a7_)))));{'d0': {'_a0_': 0.31192970781851037, '_a2_': 1.202736916024788, '_a7_': 1.675578709024243, '_a1_': 1.0, '_a3_': 1.0, '_a4_': 1.0, '_a5_': 1.0, '_a6_': 1.0}};{'d0': 0.02490583291941668};-280.569866449043;29.95301262910899
12955;-110.331920595413;(_a2_ * (x * (_a2_ + pow2(((_a0_ + x) * _a7_)))));{'d0': {'_a0_': 0.31192970781851037, '_a2_': 1.202736916024788, '_a7_': 1.675578709024243, '_a1_': 1.0, '_a3_': 1.0, '_a4_': 1.0, '_a5_': 1.0, '_a6_': 1.0}};{'d0': 0.02490583291941668};-280.569866449043;29.95301262910899
12956;-110.331920595413;(_a2_ * (x * (_a2_ + pow2(((_a0_ + x) * _a7_)))));{'d0': {'_a0_': 0.31192970781851037, '_a2_': 1.202736916024788, '_a7_': 1.675578709024243, '_a1_': 1.0, '_a3_': 1.0, '_a4_': 1.0, '_a5_': 1.0, '_a6_': 1.0}};{'d0': 0.02490583291941668};-280.569866449043;29.95301262910899
12957;-110.331920595413;(_a2_ * (x * (_a2_ + pow2(((_a0_ + x) * _a7_)))));{'d0': {'_a0_': 0.31192970781851037, '_a2_': 1.202736916024788, '_a7_': 1.675578709024243, '_a1_': 1.0, '_a3_': 1.0, '_a4_': 1.0, '_a5_': 1.0, '_a6_': 1.0}};{'d0': 0.02490583291941668};-280.569866449043;29.95301262910899
12958;-110.331920595413;(_a2_ * (x * (_a2_ + pow2(((_a0_ + x) * _a7_)))));{'d0': {'_a0_': 0.31192970781851037, '_a2_': 1.202736916024788, '_a7_': 1.675578709024243, '_a1_': 1.0, '_a3_': 1.0, '_a4_': 1.0, '_a5_': 1.0, '_a6_': 1.0}};{'d0': 0.02490583291941668};-280.569866449043;29.95301262910899
12959;-110.331920595413;(_a2_ * (x * (_a2_ + pow2(((_a0_ + x) * _a7_)))));{'d0': {'_a0_': 0.31192970781851037, '_a2_': 1.202736916024788, '_a7_': 1.675578709024243, '_a1_': 1.0, '_a3_': 1.0, '_a4_': 1.0, '_a5_': 1.0, '_a6_': 1.0}};{'d0': 0.02490583291941668};-280.569866449043;29.95301262910899
12960;-110.331920595413;(_a2_ * (x * (_a2_ + pow2(((_a0_ + x) * _a7_)))));{'d0': {'_a0_': 0.31192970781851037, '_a2_': 1.202736916024788, '_a7_': 1.675578709024243, '_a1_': 1.0, '_a3_': 1.0, '_a4_': 1.0, '_a5_': 1.0, '_a6_': 1.0}};{'d0': 0.02490583291941668};-280.569866449043;29.95301262910899
12961;-110.331920595413;(_a2_ * (x * (_a2_ + pow2(((_a0_ + x) * _a7_)))));{'d0': {'_a0_': 0.31192970781851037, '_a2_': 1.202736916024788, '_a7_': 1.675578709024243, '_a1_': 1.0, '_a3_': 1.0, '_a4_': 1.0, '_a5_': 1.0, '_a6_': 1.0}};{'d0': 0.02490583291941668};-280.569866449043;29.95301262910899
12962;-110.331920595413;(_a2_ * (x * (_a2_ + pow2(((_a0_ + x) * _a7_)))));{'d0': {'_a0_': 0.31192970781851037, '_a2_': 1.202736916024788, '_a7_': 1.675578709024243, '_a1_': 1.0, '_a3_': 1.0, '_a4_': 1.0, '_a5_': 1.0, '_a6_': 1.0}};{'d0': 0.02490583291941668};-280.569866449043;29.95301262910899
12963;-110.331920595413;(_a2_ * (x * (_a2_ + pow2(((_a0_ + x) * _a7_)))));{'d0': {'_a0_': 0.31192970781851037, '_a2_': 1.202736916024788, '_a7_': 1.675578709024243, '_a1_': 1.0, '_a3_': 1.0, '_a4_': 1.0, '_a5_': 1.0, '_a6_': 1.0}};{'d0': 0.02490583291941668};-280.569866449043;29.95301262910899
12964;-110.331920595413;(_a2_ * (x * (_a2_ + pow2(((_a0_ + x) * _a7_)))));{'d0': {'_a0_': 0.31192970781851037, '_a2_': 1.202736916024788, '_a7_': 1.675578709024243, '_a1_': 1.0, '_a3_': 1.0, '_a4_': 1.0, '_a5_': 1.0, '_a6_': 1.0}};{'d0': 0.02490583291941668};-280.569866449043;29.95301262910899
12965;-110.331920595413;(_a2_ * (x * (_a2_ + pow2(((_a0_ + x) * _a7_)))));{'d0': {'_a0_': 0.31192970781851037, '_a2_': 1.202736916024788, '_a7_': 1.675578709024243, '_a1_': 1.0, '_a3_': 1.0, '_a4_': 1.0, '_a5_': 1.0, '_a6_': 1.0}};{'d0': 0.02490583291941668};-280.569866449043;29.95301262910899
12966;-110.331920595413;(_a2_ * (x * (_a2_ + pow2(((_a0_ + x) * _a7_)))));{'d0': {'_a0_': 0.31192970781851037, '_a2_': 1.202736916024788, '_a7_': 1.675578709024243, '_a1_': 1.0, '_a3_': 1.0, '_a4_': 1.0, '_a5_': 1.0, '_a6_': 1.0}};{'d0': 0.02490583291941668};-280.569866449043;29.95301262910899
12967;-110.331920595413;(_a2_ * (x * (_a2_ + pow2(((_a0_ + x) * _a7_)))));{'d0': {'_a0_': 0.31192970781851037, '_a2_': 1.202736916024788, '_a7_': 1.675578709024243, '_a1_': 1.0, '_a3_': 1.0, '_a4_': 1.0, '_a5_': 1.0, '_a6_': 1.0}};{'d0': 0.02490583291941668};-280.569866449043;29.95301262910899
12968;-110.331920595413;(_a2_ * (x * (_a2_ + pow2(((_a0_ + x) * _a7_)))));{'d0': {'_a0_': 0.31192970781851037, '_a2_': 1.202736916024788, '_a7_': 1.675578709024243, '_a1_': 1.0, '_a3_': 1.0, '_a4_': 1.0, '_a5_': 1.0, '_a6_': 1.0}};{'d0': 0.02490583291941668};-280.569866449043;29.95301262910899
12969;-102.388670118516;(((_a3_ + pow2((x + _a0_))) * _a0_) * ((_a5_ * x) + _a6_));{'d0': {'_a0_': 0.3125639392129709, '_a3_': 0.42731893349151057, '_a5_': 10.821843724414194, '_a6_': -0.006241133379780482, '_a1_': 1.0, '_a2_': 1.0, '_a4_': 1.0, '_a7_': 1.0}};{'d0': 0.024885482501868186};-276.524567593309;35.873613678139066
12970;-102.388670118516;(((_a3_ + pow2((x + _a0_))) * _a0_) * ((_a5_ * x) + _a6_));{'d0': {'_a0_': 0.3125639392129709, '_a3_': 0.42731893349151057, '_a5_': 10.821843724414194, '_a6_': -0.006241133379780482, '_a1_': 1.0, '_a2_': 1.0, '_a4_': 1.0, '_a7_': 1.0}};{'d0': 0.024885482501868186};-276.524567593309;35.873613678139066
12971;-102.388670118516;(((_a3_ + pow2((x + _a0_))) * _a0_) * ((_a5_ * x) + _a6_));{'d0': {'_a0_': 0.3125639392129709, '_a3_': 0.42731893349151057, '_a5_': 10.821843724414194, '_a6_': -0.006241133379780482, '_a1_': 1.0, '_a2_': 1.0, '_a4_': 1.0, '_a7_': 1.0}};{'d0': 0.024885482501868186};-276.524567593309;35.873613678139066
12972;-102.388670118516;(((_a3_ + pow2((x + _a0_))) * _a0_) * ((_a5_ * x) + _a6_));{'d0': {'_a0_': 0.3125639392129709, '_a3_': 0.42731893349151057, '_a5_': 10.821843724414194, '_a6_': -0.006241133379780482, '_a1_': 1.0, '_a2_': 1.0, '_a4_': 1.0, '_a7_': 1.0}};{'d0': 0.024885482501868186};-276.524567593309;35.873613678139066
12973;-102.388670118516;(((_a3_ + pow2((x + _a0_))) * _a0_) * ((_a5_ * x) + _a6_));{'d0': {'_a0_': 0.3125639392129709, '_a3_': 0.42731893349151057, '_a5_': 10.821843724414194, '_a6_': -0.006241133379780482, '_a1_': 1.0, '_a2_': 1.0, '_a4_': 1.0, '_a7_': 1.0}};{'d0': 0.024885482501868186};-276.524567593309;35.873613678139066
12974;-102.388670118516;(((_a3_ + pow2((x + _a0_))) * _a0_) * ((_a5_ * x) + _a6_));{'d0': {'_a0_': 0.3125639392129709, '_a3_': 0.42731893349151057, '_a5_': 10.821843724414194, '_a6_': -0.006241133379780482, '_a1_': 1.0, '_a2_': 1.0, '_a4_': 1.0, '_a7_': 1.0}};{'d0': 0.024885482501868186};-276.524567593309;35.873613678139066
12975;-102.388670118516;(((_a3_ + pow2((x + _a0_))) * _a0_) * ((_a5_ * x) + _a6_));{'d0': {'_a0_': 0.3125639392129709, '_a3_': 0.42731893349151057, '_a5_': 10.821843724414194, '_a6_': -0.006241133379780482, '_a1_': 1.0, '_a2_': 1.0, '_a4_': 1.0, '_a7_': 1.0}};{'d0': 0.024885482501868186};-276.524567593309;35.873613678139066
12976;-102.388670118516;(((_a3_ + pow2((x + _a0_))) * _a0_) * ((_a5_ * x) + _a6_));{'d0': {'_a0_': 0.3125639392129709, '_a3_': 0.42731893349151057, '_a5_': 10.821843724414194, '_a6_': -0.006241133379780482, '_a1_': 1.0, '_a2_': 1.0, '_a4_': 1.0, '_a7_': 1.0}};{'d0': 0.024885482501868186};-276.524567593309;35.873613678139066
12977;-102.388670118516;(((_a3_ + pow2((x + _a0_))) * _a0_) * ((_a5_ * x) + _a6_));{'d0': {'_a0_': 0.3125639392129709, '_a3_': 0.42731893349151057, '_a5_': 10.821843724414194, '_a6_': -0.006241133379780482, '_a1_': 1.0, '_a2_': 1.0, '_a4_': 1.0, '_a7_': 1.0}};{'d0': 0.024885482501868186};-276.524567593309;35.873613678139066
12978;-102.388670118516;(((_a3_ + pow2((x + _a0_))) * _a0_) * ((_a5_ * x) + _a6_));{'d0': {'_a0_': 0.3125639392129709, '_a3_': 0.42731893349151057, '_a5_': 10.821843724414194, '_a6_': -0.006241133379780482, '_a1_': 1.0, '_a2_': 1.0, '_a4_': 1.0, '_a7_': 1.0}};{'d0': 0.024885482501868186};-276.524567593309;35.873613678139066
12979;-102.388670118516;(((_a3_ + pow2((x + _a0_))) * _a0_) * ((_a5_ * x) + _a6_));{'d0': {'_a0_': 0.3125639392129709, '_a3_': 0.42731893349151057, '_a5_': 10.821843724414194, '_a6_': -0.006241133379780482, '_a1_': 1.0, '_a2_': 1.0, '_a4_': 1.0, '_a7_': 1.0}};{'d0': 0.024885482501868186};-276.524567593309;35.873613678139066
12980;-89.6658729602918;(((x * ((_a4_ * (x / _a3_)) + (-(_a1_) / -(exp(_a4_))))) + _a3_) * x);{'d0': {'_a1_': 844.9643796986504, '_a3_': 1.7751354036480453, '_a4_': 5.994207776097771, '_a0_': 1.0, '_a2_': 1.0, '_a5_': 1.0, '_a6_': 1.0, '_a7_': 1.0}};{'d0': 0.02490583291941667};-280.569866449043;50.6190602642302
12981;-89.6658729602918;(((x * ((_a4_ * (x / _a3_)) + (-(_a1_) / -(exp(_a4_))))) + _a3_) * x);{'d0': {'_a1_': 844.9643796986504, '_a3_': 1.7751354036480453, '_a4_': 5.994207776097771, '_a0_': 1.0, '_a2_': 1.0, '_a5_': 1.0, '_a6_': 1.0, '_a7_': 1.0}};{'d0': 0.02490583291941667};-280.569866449043;50.6190602642302
12982;-89.6658729602918;(((x * ((_a4_ * (x / _a3_)) + (-(_a1_) / -(exp(_a4_))))) + _a1_) * x);{'d0': {'_a1_': 1.7751354052191206, '_a3_': -0.05070243306671856, '_a4_': -0.17120999215956412, '_a0_': 1.0, '_a2_': 1.0, '_a5_': 1.0, '_a6_': 1.0, '_a7_': 1.0}};{'d0': 0.024905832919416646};-280.569866449044;50.6190602642302
12983;-89.6658729602918;(((x * ((_a4_ * (x / _a3_)) + (-(_a1_) / -(exp(_a4_))))) + _a1_) * x);{'d0': {'_a1_': 1.7751354052191206, '_a3_': -0.05070243306671856, '_a4_': -0.17120999215956412, '_a0_': 1.0, '_a2_': 1.0, '_a5_': 1.0, '_a6_': 1.0, '_a7_': 1.0}};{'d0': 0.024905832919416646};-280.569866449044;50.6190602642302
12984;-89.6658729602918;(((x * ((_a4_ * (x / _a3_)) + (-(_a1_) / -(exp(_a4_))))) + _a1_) * x);{'d0': {'_a1_': 1.7751354052191206, '_a3_': -0.05070243306671856, '_a4_': -0.17120999215956412, '_a0_': 1.0, '_a2_': 1.0, '_a5_': 1.0, '_a6_': 1.0, '_a7_': 1.0}};{'d0': 0.024905832919416646};-280.569866449044;50.6190602642302
12985;-102.388670118516;(((_a3_ + pow2((x + _a0_))) * _a0_) * ((_a5_ * x) + _a6_));{'d0': {'_a0_': 0.3125639392129709, '_a3_': 0.42731893349151057, '_a5_': 10.821843724414194, '_a6_': -0.006241133379780482, '_a1_': 1.0, '_a2_': 1.0, '_a4_': 1.0, '_a7_': 1.0}};{'d0': 0.024885482501868186};-276.524567593309;35.873613678139066
12986;-102.388670118516;(((_a3_ + pow2((x + _a0_))) * _a0_) * ((_a5_ * x) + _a6_));{'d0': {'_a0_': 0.3125639392129709, '_a3_': 0.42731893349151057, '_a5_': 10.821843724414194, '_a6_': -0.006241133379780482, '_a1_': 1.0, '_a2_': 1.0, '_a4_': 1.0, '_a7_': 1.0}};{'d0': 0.024885482501868186};-276.524567593309;35.873613678139066
12987;-102.388670118516;(((_a3_ + pow2((x + _a0_))) * _a0_) * ((_a5_ * x) + _a6_));{'d0': {'_a0_': 0.3125639392129709, '_a3_': 0.42731893349151057, '_a5_': 10.821843724414194, '_a6_': -0.006241133379780482, '_a1_': 1.0, '_a2_': 1.0, '_a4_': 1.0, '_a7_': 1.0}};{'d0': 0.024885482501868186};-276.524567593309;35.873613678139066
12988;-102.388670118516;(((_a3_ + pow2((x + _a0_))) * _a0_) * ((_a5_ * x) + _a6_));{'d0': {'_a0_': 0.3125639392129709, '_a3_': 0.42731893349151057, '_a5_': 10.821843724414194, '_a6_': -0.006241133379780482, '_a1_': 1.0, '_a2_': 1.0, '_a4_': 1.0, '_a7_': 1.0}};{'d0': 0.024885482501868186};-276.524567593309;35.873613678139066
12989;-102.388670118516;(((_a3_ + pow2((x + _a0_))) * _a0_) * ((_a5_ * x) + _a6_));{'d0': {'_a0_': 0.3125639392129709, '_a3_': 0.42731893349151057, '_a5_': 10.821843724414194, '_a6_': -0.006241133379780482, '_a1_': 1.0, '_a2_': 1.0, '_a4_': 1.0, '_a7_': 1.0}};{'d0': 0.024885482501868186};-276.524567593309;35.873613678139066
12990;-102.388670118516;(((_a3_ + pow2((x + _a0_))) * _a0_) * ((_a5_ * x) + _a6_));{'d0': {'_a0_': 0.3125639392129709, '_a3_': 0.42731893349151057, '_a5_': 10.821843724414194, '_a6_': -0.006241133379780482, '_a1_': 1.0, '_a2_': 1.0, '_a4_': 1.0, '_a7_': 1.0}};{'d0': 0.024885482501868186};-276.524567593309;35.873613678139066
12991;-95.1097514472853;(((_a6_ * x) + pow2(((pow3(_a5_) * -(_a2_)) + x))) * (_a2_ * x));{'d0': {'_a2_': 3.37676087865677, '_a5_': -0.5988091489815479, '_a6_': -0.8262326784820763, '_a0_': 1.0, '_a1_': 1.0, '_a3_': 1.0, '_a4_': 1.0, '_a7_': 1.0}};{'d0': 0.024905832919416646};-280.569866449044;45.17518177723646
12992;-95.1097514472853;(((_a6_ * x) + pow2(((pow3(_a5_) * -(_a2_)) + x))) * (_a2_ * x));{'d0': {'_a2_': 3.37676087865677, '_a5_': -0.5988091489815479, '_a6_': -0.8262326784820763, '_a0_': 1.0, '_a1_': 1.0, '_a3_': 1.0, '_a4_': 1.0, '_a7_': 1.0}};{'d0': 0.024905832919416646};-280.569866449044;45.17518177723646
12993;-95.1097514472853;(((_a6_ * x) + pow2(((pow3(_a5_) * -(_a2_)) + x))) * (_a2_ * x));{'d0': {'_a2_': 3.37676087865677, '_a5_': -0.5988091489815479, '_a6_': -0.8262326784820763, '_a0_': 1.0, '_a1_': 1.0, '_a3_': 1.0, '_a4_': 1.0, '_a7_': 1.0}};{'d0': 0.024905832919416646};-280.569866449044;45.17518177723646
12994;-95.1097514472853;(((_a6_ * x) + pow2(((pow3(_a5_) * -(_a2_)) + x))) * (_a2_ * x));{'d0': {'_a2_': 3.37676087865677, '_a5_': -0.5988091489815479, '_a6_': -0.8262326784820763, '_a0_': 1.0, '_a1_': 1.0, '_a3_': 1.0, '_a4_': 1.0, '_a7_': 1.0}};{'d0': 0.024905832919416646};-280.569866449044;45.17518177723646
12995;-95.1097514472853;(((_a6_ * x) + pow2(((pow3(_a5_) * -(_a2_)) + x))) * (_a2_ * x));{'d0': {'_a2_': 3.37676087865677, '_a5_': -0.5988091489815479, '_a6_': -0.8262326784820763, '_a0_': 1.0, '_a1_': 1.0, '_a3_': 1.0, '_a4_': 1.0, '_a7_': 1.0}};{'d0': 0.024905832919416646};-280.569866449044;45.17518177723646
12996;-95.1097514472853;(((_a6_ * x) + pow2(((pow3(_a5_) * -(_a2_)) + x))) * (_a2_ * x));{'d0': {'_a2_': 3.37676087865677, '_a5_': -0.5988091489815479, '_a6_': -0.8262326784820763, '_a0_': 1.0, '_a1_': 1.0, '_a3_': 1.0, '_a4_': 1.0, '_a7_': 1.0}};{'d0': 0.024905832919416646};-280.569866449044;45.17518177723646
12997;-95.1097514472853;(((_a6_ * x) + pow2(((pow3(_a5_) * -(_a2_)) + x))) * (_a2_ * x));{'d0': {'_a2_': 3.37676087865677, '_a5_': -0.5988091489815479, '_a6_': -0.8262326784820763, '_a0_': 1.0, '_a1_': 1.0, '_a3_': 1.0, '_a4_': 1.0, '_a7_': 1.0}};{'d0': 0.024905832919416646};-280.569866449044;45.17518177723646
12998;-95.1097514472853;(((_a6_ * x) + pow2(((pow3(_a5_) * -(_a2_)) + x))) * (_a2_ * x));{'d0': {'_a2_': 3.37676087865677, '_a5_': -0.5988091489815479, '_a6_': -0.8262326784820763, '_a0_': 1.0, '_a1_': 1.0, '_a3_': 1.0, '_a4_': 1.0, '_a7_': 1.0}};{'d0': 0.024905832919416646};-280.569866449044;45.17518177723646
12999;-95.1097514472853;(((_a6_ * x) + pow2(((pow3(_a5_) * -(_a2_)) + x))) * (_a2_ * x));{'d0': {'_a2_': 3.37676087865677, '_a5_': -0.5988091489815479, '_a6_': -0.8262326784820763, '_a0_': 1.0, '_a1_': 1.0, '_a3_': 1.0, '_a4_': 1.0, '_a7_': 1.0}};{'d0': 0.024905832919416646};-280.569866449044;45.17518177723646
13000;-95.1097514472851;(((_a6_ * x) + pow2(((pow3(_a0_) * -(_a2_)) + x))) * (_a2_ * x));{'d0': {'_a0_': 0.5988091491370494, '_a2_': 3.3767608768485053, '_a6_': 2.073951509870287, '_a1_': 1.0, '_a3_': 1.0, '_a4_': 1.0, '_a5_': 1.0, '_a7_': 1.0}};{'d0': 0.024905832919416847};-280.569866449043;45.17518177723646
13001;-95.1097514472851;(((_a6_ * x) + pow2(((pow3(_a0_) * -(_a2_)) + x))) * (_a2_ * x));{'d0': {'_a0_': 0.5988091491370494, '_a2_': 3.3767608768485053, '_a6_': 2.073951509870287, '_a1_': 1.0, '_a3_': 1.0, '_a4_': 1.0, '_a5_': 1.0, '_a7_': 1.0}};{'d0': 0.024905832919416847};-280.569866449043;45.17518177723646
13002;-95.1097514472851;(((_a6_ * x) + pow2(((pow3(_a0_) * -(_a2_)) + x))) * (_a2_ * x));{'d0': {'_a0_': 0.5988091491370494, '_a2_': 3.3767608768485053, '_a6_': 2.073951509870287, '_a1_': 1.0, '_a3_': 1.0, '_a4_': 1.0, '_a5_': 1.0, '_a7_': 1.0}};{'d0': 0.024905832919416847};-280.569866449043;45.17518177723646
13003;-95.1097514472851;(((_a6_ * x) + pow2(((pow3(_a0_) * -(_a2_)) + x))) * (_a2_ * x));{'d0': {'_a0_': 0.5988091491370494, '_a2_': 3.3767608768485053, '_a6_': 2.073951509870287, '_a1_': 1.0, '_a3_': 1.0, '_a4_': 1.0, '_a5_': 1.0, '_a7_': 1.0}};{'d0': 0.024905832919416847};-280.569866449043;45.17518177723646
13004;-95.1097514472851;(((_a6_ * x) + pow2(((pow3(_a0_) * -(_a2_)) + x))) * (_a2_ * x));{'d0': {'_a0_': 0.5988091491370494, '_a2_': 3.3767608768485053, '_a6_': 2.073951509870287, '_a1_': 1.0, '_a3_': 1.0, '_a4_': 1.0, '_a5_': 1.0, '_a7_': 1.0}};{'d0': 0.024905832919416847};-280.569866449043;45.17518177723646
13005;-98.7087229582395;(((-(_a7_) * pow2((x + _a0_))) + _a5_) * ((_a5_ * x) + _a1_));{'d0': {'_a0_': 0.31256396104708734, '_a1_': -0.0006933833117721853, '_a5_': 1.202253711985168, '_a7_': -2.813481274336011, '_a2_': 1.0, '_a3_': 1.0, '_a4_': 1.0, '_a6_': 1.0}};{'d0': 0.024885482501881294};-276.524567593278;39.553560838399456
13006;-98.7087229582395;(((-(_a7_) * pow2((x + _a0_))) + _a5_) * ((_a5_ * x) + _a1_));{'d0': {'_a0_': 0.31256396104708734, '_a1_': -0.0006933833117721853, '_a5_': 1.202253711985168, '_a7_': -2.813481274336011, '_a2_': 1.0, '_a3_': 1.0, '_a4_': 1.0, '_a6_': 1.0}};{'d0': 0.024885482501881294};-276.524567593278;39.553560838399456
13007;-98.7087229582395;(((-(_a7_) * pow2((x + _a0_))) + _a5_) * ((_a5_ * x) + _a1_));{'d0': {'_a0_': 0.31256396104708734, '_a1_': -0.0006933833117721853, '_a5_': 1.202253711985168, '_a7_': -2.813481274336011, '_a2_': 1.0, '_a3_': 1.0, '_a4_': 1.0, '_a6_': 1.0}};{'d0': 0.024885482501881294};-276.524567593278;39.553560838399456
13008;-98.7087229582395;(((-(_a7_) * pow2((x + _a0_))) + _a5_) * ((_a5_ * x) + _a1_));{'d0': {'_a0_': 0.31256396104708734, '_a1_': -0.0006933833117721853, '_a5_': 1.202253711985168, '_a7_': -2.813481274336011, '_a2_': 1.0, '_a3_': 1.0, '_a4_': 1.0, '_a6_': 1.0}};{'d0': 0.024885482501881294};-276.524567593278;39.553560838399456
13009;-102.388670118498;(((_a6_ * pow2((x + _a0_))) + _a5_) * ((_a5_ * x) + _a1_));{'d0': {'_a0_': 0.3125639263696229, '_a1_': -0.0006933452991913821, '_a5_': 1.2022537385415133, '_a6_': 2.8134809495110735, '_a2_': 1.0, '_a3_': 1.0, '_a4_': 1.0, '_a7_': 1.0}};{'d0': 0.024885482501883164};-276.524567593273;35.873613678139066
13010;-102.388670118498;(((_a6_ * pow2((x + _a0_))) + _a5_) * ((_a5_ * x) + _a1_));{'d0': {'_a0_': 0.3125639263696229, '_a1_': -0.0006933452991913821, '_a5_': 1.2022537385415133, '_a6_': 2.8134809495110735, '_a2_': 1.0, '_a3_': 1.0, '_a4_': 1.0, '_a7_': 1.0}};{'d0': 0.024885482501883164};-276.524567593273;35.873613678139066
13011;-102.388670118498;(((_a6_ * pow2((x + _a0_))) + _a5_) * ((_a5_ * x) + _a1_));{'d0': {'_a0_': 0.3125639263696229, '_a1_': -0.0006933452991913821, '_a5_': 1.2022537385415133, '_a6_': 2.8134809495110735, '_a2_': 1.0, '_a3_': 1.0, '_a4_': 1.0, '_a7_': 1.0}};{'d0': 0.024885482501883164};-276.524567593273;35.873613678139066
13012;-102.388670118314;(((_a2_ * pow2((x + _a0_))) + _a5_) * ((_a5_ * x) + _a1_));{'d0': {'_a0_': 0.31256397539784997, '_a1_': -0.0006933746741376377, '_a2_': 2.813481131445794, '_a5_': 1.2022537141281335, '_a3_': 1.0, '_a4_': 1.0, '_a6_': 1.0, '_a7_': 1.0}};{'d0': 0.024885482502035757};-276.524567592905;35.873613678139066
13013;-102.388670118314;(((_a2_ * pow2((x + _a0_))) + _a5_) * ((_a5_ * x) + _a1_));{'d0': {'_a0_': 0.31256397539784997, '_a1_': -0.0006933746741376377, '_a2_': 2.813481131445794, '_a5_': 1.2022537141281335, '_a3_': 1.0, '_a4_': 1.0, '_a6_': 1.0, '_a7_': 1.0}};{'d0': 0.024885482502035757};-276.524567592905;35.873613678139066
13014;-104.411319546383;(((_a2_ * pow2((x + _a0_))) + _a5_) * ((_a5_ * x) + x));{'d0': {'_a0_': 0.3119297078692156, '_a2_': 1.873348491598666, '_a5_': 0.802526809391545, '_a1_': 1.0, '_a3_': 1.0, '_a4_': 1.0, '_a6_': 1.0, '_a7_': 1.0}};{'d0': 0.02490583291941663};-280.569866449044;35.873613678139066
13015;-104.411319546383;(((_a2_ * pow2((x + _a0_))) + _a5_) * ((_a5_ * x) + x));{'d0': {'_a0_': 0.3119297078692156, '_a2_': 1.873348491598666, '_a5_': 0.802526809391545, '_a1_': 1.0, '_a3_': 1.0, '_a4_': 1.0, '_a6_': 1.0, '_a7_': 1.0}};{'d0': 0.02490583291941663};-280.569866449044;35.873613678139066
13016;-104.411319546383;(((_a2_ * pow2((x + _a0_))) + _a5_) * ((_a5_ * x) + x));{'d0': {'_a0_': 0.3119297078692156, '_a2_': 1.873348491598666, '_a5_': 0.802526809391545, '_a1_': 1.0, '_a3_': 1.0, '_a4_': 1.0, '_a6_': 1.0, '_a7_': 1.0}};{'d0': 0.02490583291941663};-280.569866449044;35.873613678139066
13017;-104.411319546383;(((_a2_ * pow2((x + _a0_))) + _a5_) * ((_a5_ * x) + x));{'d0': {'_a0_': 0.3119297078692156, '_a2_': 1.873348491598666, '_a5_': 0.802526809391545, '_a1_': 1.0, '_a3_': 1.0, '_a4_': 1.0, '_a6_': 1.0, '_a7_': 1.0}};{'d0': 0.02490583291941663};-280.569866449044;35.873613678139066
13018;-104.411319546383;(((_a2_ * pow2((x + _a0_))) + _a5_) * ((_a5_ * x) + x));{'d0': {'_a0_': 0.3119297078692156, '_a2_': 1.873348491598666, '_a5_': 0.802526809391545, '_a1_': 1.0, '_a3_': 1.0, '_a4_': 1.0, '_a6_': 1.0, '_a7_': 1.0}};{'d0': 0.02490583291941663};-280.569866449044;35.873613678139066
13019;-104.411319546383;(((_a2_ * pow2((x + _a0_))) + _a5_) * ((_a5_ * x) + x));{'d0': {'_a0_': 0.3119297078692156, '_a2_': 1.873348491598666, '_a5_': 0.802526809391545, '_a1_': 1.0, '_a3_': 1.0, '_a4_': 1.0, '_a6_': 1.0, '_a7_': 1.0}};{'d0': 0.02490583291941663};-280.569866449044;35.873613678139066
13020;-104.411319546383;(((_a2_ * pow2((x + _a0_))) + _a5_) * ((_a5_ * x) + x));{'d0': {'_a0_': 0.3119297078692156, '_a2_': 1.873348491598666, '_a5_': 0.802526809391545, '_a1_': 1.0, '_a3_': 1.0, '_a4_': 1.0, '_a6_': 1.0, '_a7_': 1.0}};{'d0': 0.02490583291941663};-280.569866449044;35.873613678139066
13021;-104.411319546383;(((_a2_ * pow2((x + _a0_))) + _a5_) * ((_a5_ * x) + x));{'d0': {'_a0_': 0.3119297078692156, '_a2_': 1.873348491598666, '_a5_': 0.802526809391545, '_a1_': 1.0, '_a3_': 1.0, '_a4_': 1.0, '_a6_': 1.0, '_a7_': 1.0}};{'d0': 0.02490583291941663};-280.569866449044;35.873613678139066
13022;-104.411319546383;(((_a2_ * pow2((x + _a0_))) + _a5_) * ((_a5_ * x) + x));{'d0': {'_a0_': 0.3119297078692156, '_a2_': 1.873348491598666, '_a5_': 0.802526809391545, '_a1_': 1.0, '_a3_': 1.0, '_a4_': 1.0, '_a6_': 1.0, '_a7_': 1.0}};{'d0': 0.02490583291941663};-280.569866449044;35.873613678139066
13023;-104.411319546383;(((_a2_ * pow2((x + _a0_))) + _a5_) * ((_a5_ * x) + x));{'d0': {'_a0_': 0.3119297078692156, '_a2_': 1.873348491598666, '_a5_': 0.802526809391545, '_a1_': 1.0, '_a3_': 1.0, '_a4_': 1.0, '_a6_': 1.0, '_a7_': 1.0}};{'d0': 0.02490583291941663};-280.569866449044;35.873613678139066
13024;-104.411319546383;(((_a2_ * pow2((x + _a0_))) + _a5_) * ((_a5_ * x) + x));{'d0': {'_a0_': 0.3119297078692156, '_a2_': 1.873348491598666, '_a5_': 0.802526809391545, '_a1_': 1.0, '_a3_': 1.0, '_a4_': 1.0, '_a6_': 1.0, '_a7_': 1.0}};{'d0': 0.02490583291941663};-280.569866449044;35.873613678139066
13025;-104.411319546383;(((_a2_ * pow2((x + _a0_))) + _a5_) * ((_a5_ * x) + x));{'d0': {'_a0_': 0.3119297078692156, '_a2_': 1.873348491598666, '_a5_': 0.802526809391545, '_a1_': 1.0, '_a3_': 1.0, '_a4_': 1.0, '_a6_': 1.0, '_a7_': 1.0}};{'d0': 0.02490583291941663};-280.569866449044;35.873613678139066
13026;-104.411319546383;(((_a2_ * pow2((x + _a0_))) + _a5_) * ((_a5_ * x) + x));{'d0': {'_a0_': 0.3119297078692156, '_a2_': 1.873348491598666, '_a5_': 0.802526809391545, '_a1_': 1.0, '_a3_': 1.0, '_a4_': 1.0, '_a6_': 1.0, '_a7_': 1.0}};{'d0': 0.02490583291941663};-280.569866449044;35.873613678139066
13027;-104.411319546383;(((_a2_ * pow2((x + _a0_))) + _a5_) * ((_a5_ * x) + x));{'d0': {'_a0_': 0.3119297078692156, '_a2_': 1.873348491598666, '_a5_': 0.802526809391545, '_a1_': 1.0, '_a3_': 1.0, '_a4_': 1.0, '_a6_': 1.0, '_a7_': 1.0}};{'d0': 0.02490583291941663};-280.569866449044;35.873613678139066
13028;-104.411319546383;(((_a2_ * pow2((x + _a0_))) + _a5_) * ((_a5_ * x) + x));{'d0': {'_a0_': 0.3119297078692156, '_a2_': 1.873348491598666, '_a5_': 0.802526809391545, '_a1_': 1.0, '_a3_': 1.0, '_a4_': 1.0, '_a6_': 1.0, '_a7_': 1.0}};{'d0': 0.02490583291941663};-280.569866449044;35.873613678139066
13029;-104.411319546383;(((_a2_ * pow2((x + _a0_))) + _a5_) * ((_a5_ * x) + x));{'d0': {'_a0_': 0.3119297078692156, '_a2_': 1.873348491598666, '_a5_': 0.802526809391545, '_a1_': 1.0, '_a3_': 1.0, '_a4_': 1.0, '_a6_': 1.0, '_a7_': 1.0}};{'d0': 0.02490583291941663};-280.569866449044;35.873613678139066
13030;-104.411319546383;(((_a2_ * pow2((x + _a0_))) + _a5_) * ((_a5_ * x) + x));{'d0': {'_a0_': 0.3119297078692156, '_a2_': 1.873348491598666, '_a5_': 0.802526809391545, '_a1_': 1.0, '_a3_': 1.0, '_a4_': 1.0, '_a6_': 1.0, '_a7_': 1.0}};{'d0': 0.02490583291941663};-280.569866449044;35.873613678139066
13031;-104.411319546383;(((_a2_ * pow2((x + _a0_))) + _a5_) * ((_a5_ * x) + x));{'d0': {'_a0_': 0.3119297078692156, '_a2_': 1.873348491598666, '_a5_': 0.802526809391545, '_a1_': 1.0, '_a3_': 1.0, '_a4_': 1.0, '_a6_': 1.0, '_a7_': 1.0}};{'d0': 0.02490583291941663};-280.569866449044;35.873613678139066
13032;-104.411319546383;(((_a2_ * pow2((x + _a0_))) + _a5_) * ((_a5_ * x) + x));{'d0': {'_a0_': 0.3119297078692156, '_a2_': 1.873348491598666, '_a5_': 0.802526809391545, '_a1_': 1.0, '_a3_': 1.0, '_a4_': 1.0, '_a6_': 1.0, '_a7_': 1.0}};{'d0': 0.02490583291941663};-280.569866449044;35.873613678139066
13033;-104.411319546383;(((_a2_ * pow2((x + _a0_))) + _a5_) * ((_a5_ * x) + x));{'d0': {'_a0_': 0.3119297078692156, '_a2_': 1.873348491598666, '_a5_': 0.802526809391545, '_a1_': 1.0, '_a3_': 1.0, '_a4_': 1.0, '_a6_': 1.0, '_a7_': 1.0}};{'d0': 0.02490583291941663};-280.569866449044;35.873613678139066
13034;-104.411319546383;(((_a2_ * pow2((x + _a0_))) + _a5_) * ((_a5_ * x) + x));{'d0': {'_a0_': 0.3119297078692156, '_a2_': 1.873348491598666, '_a5_': 0.802526809391545, '_a1_': 1.0, '_a3_': 1.0, '_a4_': 1.0, '_a6_': 1.0, '_a7_': 1.0}};{'d0': 0.02490583291941663};-280.569866449044;35.873613678139066
13035;-104.411319546383;(((_a2_ * pow2((x + _a0_))) + _a5_) * ((_a5_ * x) + x));{'d0': {'_a0_': 0.3119297078692156, '_a2_': 1.873348491598666, '_a5_': 0.802526809391545, '_a1_': 1.0, '_a3_': 1.0, '_a4_': 1.0, '_a6_': 1.0, '_a7_': 1.0}};{'d0': 0.02490583291941663};-280.569866449044;35.873613678139066
13036;-104.411319546383;(((_a2_ * pow2((x + _a0_))) + _a5_) * ((_a5_ * x) + x));{'d0': {'_a0_': 0.3119297078692156, '_a2_': 1.873348491598666, '_a5_': 0.802526809391545, '_a1_': 1.0, '_a3_': 1.0, '_a4_': 1.0, '_a6_': 1.0, '_a7_': 1.0}};{'d0': 0.02490583291941663};-280.569866449044;35.873613678139066
13037;-104.411319546383;(((_a2_ * pow2((x + _a0_))) + _a5_) * ((_a5_ * x) + x));{'d0': {'_a0_': 0.3119297078692156, '_a2_': 1.873348491598666, '_a5_': 0.802526809391545, '_a1_': 1.0, '_a3_': 1.0, '_a4_': 1.0, '_a6_': 1.0, '_a7_': 1.0}};{'d0': 0.02490583291941663};-280.569866449044;35.873613678139066
13038;-104.411319546383;(((_a2_ * pow2((x + _a0_))) + _a5_) * ((_a5_ * x) + x));{'d0': {'_a0_': 0.3119297078692156, '_a2_': 1.873348491598666, '_a5_': 0.802526809391545, '_a1_': 1.0, '_a3_': 1.0, '_a4_': 1.0, '_a6_': 1.0, '_a7_': 1.0}};{'d0': 0.02490583291941663};-280.569866449044;35.873613678139066
13039;-104.411319546383;(((_a2_ * pow2((x + _a0_))) + _a5_) * ((_a5_ * x) + x));{'d0': {'_a0_': 0.3119297078692156, '_a2_': 1.873348491598666, '_a5_': 0.802526809391545, '_a1_': 1.0, '_a3_': 1.0, '_a4_': 1.0, '_a6_': 1.0, '_a7_': 1.0}};{'d0': 0.02490583291941663};-280.569866449044;35.873613678139066
13040;-99.4619796209260;((((_a0_ * _a1_) * pow2((x + _a0_))) + _a5_) * ((_a5_ * x) + x));{'d0': {'_a0_': 0.31192970786102125, '_a1_': 6.005675135410291, '_a5_': 0.8025268095696021, '_a2_': 1.0, '_a3_': 1.0, '_a4_': 1.0, '_a6_': 1.0, '_a7_': 1.0}};{'d0': 0.024905832919416577};-280.569866449044;40.82295360359606
13041;-99.4619796209260;((((_a0_ * _a1_) * pow2((x + _a0_))) + _a5_) * ((_a5_ * x) + x));{'d0': {'_a0_': 0.31192970786102125, '_a1_': 6.005675135410291, '_a5_': 0.8025268095696021, '_a2_': 1.0, '_a3_': 1.0, '_a4_': 1.0, '_a6_': 1.0, '_a7_': 1.0}};{'d0': 0.024905832919416577};-280.569866449044;40.82295360359606
13042;-99.4619796209260;((((_a0_ * _a1_) * pow2((x + _a0_))) + _a5_) * ((_a5_ * x) + x));{'d0': {'_a0_': 0.31192970786102125, '_a1_': 6.005675135410291, '_a5_': 0.8025268095696021, '_a2_': 1.0, '_a3_': 1.0, '_a4_': 1.0, '_a6_': 1.0, '_a7_': 1.0}};{'d0': 0.024905832919416577};-280.569866449044;40.82295360359606
13043;-99.4619796209260;((((_a0_ * _a1_) * pow2((x + _a0_))) + _a5_) * ((_a5_ * x) + x));{'d0': {'_a0_': 0.31192970786102125, '_a1_': 6.005675135410291, '_a5_': 0.8025268095696021, '_a2_': 1.0, '_a3_': 1.0, '_a4_': 1.0, '_a6_': 1.0, '_a7_': 1.0}};{'d0': 0.024905832919416577};-280.569866449044;40.82295360359606
13044;-99.4619796209260;((((_a0_ * _a1_) * pow2((x + _a0_))) + _a5_) * ((_a5_ * x) + x));{'d0': {'_a0_': 0.31192970786102125, '_a1_': 6.005675135410291, '_a5_': 0.8025268095696021, '_a2_': 1.0, '_a3_': 1.0, '_a4_': 1.0, '_a6_': 1.0, '_a7_': 1.0}};{'d0': 0.024905832919416577};-280.569866449044;40.82295360359606
13045;-99.4619796209260;((((_a0_ * _a1_) * pow2((x + _a0_))) + _a5_) * ((_a5_ * x) + x));{'d0': {'_a0_': 0.31192970786102125, '_a1_': 6.005675135410291, '_a5_': 0.8025268095696021, '_a2_': 1.0, '_a3_': 1.0, '_a4_': 1.0, '_a6_': 1.0, '_a7_': 1.0}};{'d0': 0.024905832919416577};-280.569866449044;40.82295360359606
13046;-99.4619796209260;((((_a0_ * _a1_) * pow2((x + _a0_))) + _a5_) * ((_a5_ * x) + x));{'d0': {'_a0_': 0.31192970786102125, '_a1_': 6.005675135410291, '_a5_': 0.8025268095696021, '_a2_': 1.0, '_a3_': 1.0, '_a4_': 1.0, '_a6_': 1.0, '_a7_': 1.0}};{'d0': 0.024905832919416577};-280.569866449044;40.82295360359606
13047;-99.4619796209260;((((_a0_ * _a1_) * pow2((x + _a0_))) + _a5_) * ((_a5_ * x) + x));{'d0': {'_a0_': 0.31192970786102125, '_a1_': 6.005675135410291, '_a5_': 0.8025268095696021, '_a2_': 1.0, '_a3_': 1.0, '_a4_': 1.0, '_a6_': 1.0, '_a7_': 1.0}};{'d0': 0.024905832919416577};-280.569866449044;40.82295360359606
13048;-99.4619796209260;((((_a0_ * _a1_) * pow2((x + _a0_))) + _a5_) * ((_a5_ * x) + x));{'d0': {'_a0_': 0.31192970786102125, '_a1_': 6.005675135410291, '_a5_': 0.8025268095696021, '_a2_': 1.0, '_a3_': 1.0, '_a4_': 1.0, '_a6_': 1.0, '_a7_': 1.0}};{'d0': 0.024905832919416577};-280.569866449044;40.82295360359606
13049;-100.713385073773;(((pow2(_a3_) * pow2((x + _a0_))) + _a5_) * ((_a5_ * x) + x));{'d0': {'_a0_': 0.3119297076994518, '_a3_': 1.3687032152248548, '_a5_': 0.8025268093014198, '_a1_': 1.0, '_a2_': 1.0, '_a4_': 1.0, '_a6_': 1.0, '_a7_': 1.0}};{'d0': 0.0249058329194167};-280.569866449043;39.57154815074906
13050;-100.713385073773;(((pow2(_a3_) * pow2((x + _a0_))) + _a5_) * ((_a5_ * x) + x));{'d0': {'_a0_': 0.3119297076994518, '_a3_': 1.3687032152248548, '_a5_': 0.8025268093014198, '_a1_': 1.0, '_a2_': 1.0, '_a4_': 1.0, '_a6_': 1.0, '_a7_': 1.0}};{'d0': 0.0249058329194167};-280.569866449043;39.57154815074906
13051;-100.713385073773;(((pow2(_a3_) * pow2((x + _a0_))) + _a5_) * ((_a5_ * x) + x));{'d0': {'_a0_': 0.3119297076994518, '_a3_': 1.3687032152248548, '_a5_': 0.8025268093014198, '_a1_': 1.0, '_a2_': 1.0, '_a4_': 1.0, '_a6_': 1.0, '_a7_': 1.0}};{'d0': 0.0249058329194167};-280.569866449043;39.57154815074906
13052;-100.713385073773;(((pow2(_a3_) * pow2((x + _a0_))) + _a5_) * ((_a5_ * x) + x));{'d0': {'_a0_': 0.3119297076994518, '_a3_': 1.3687032152248548, '_a5_': 0.8025268093014198, '_a1_': 1.0, '_a2_': 1.0, '_a4_': 1.0, '_a6_': 1.0, '_a7_': 1.0}};{'d0': 0.0249058329194167};-280.569866449043;39.57154815074906
13053;-100.713385073773;(((pow2(_a3_) * pow2((x + _a0_))) + _a5_) * ((_a5_ * x) + x));{'d0': {'_a0_': 0.3119297076994518, '_a3_': 1.3687032152248548, '_a5_': 0.8025268093014198, '_a1_': 1.0, '_a2_': 1.0, '_a4_': 1.0, '_a6_': 1.0, '_a7_': 1.0}};{'d0': 0.0249058329194167};-280.569866449043;39.57154815074906
13054;-100.713385073773;(((pow2(_a3_) * pow2((x + _a0_))) + _a5_) * ((_a5_ * x) + x));{'d0': {'_a0_': 0.3119297076994518, '_a3_': 1.3687032152248548, '_a5_': 0.8025268093014198, '_a1_': 1.0, '_a2_': 1.0, '_a4_': 1.0, '_a6_': 1.0, '_a7_': 1.0}};{'d0': 0.0249058329194167};-280.569866449043;39.57154815074906
13055;-100.713385073773;(((pow2(_a3_) * pow2((x + _a0_))) + _a5_) * ((_a5_ * x) + x));{'d0': {'_a0_': 0.3119297076994518, '_a3_': 1.3687032152248548, '_a5_': 0.8025268093014198, '_a1_': 1.0, '_a2_': 1.0, '_a4_': 1.0, '_a6_': 1.0, '_a7_': 1.0}};{'d0': 0.0249058329194167};-280.569866449043;39.57154815074906
13056;-100.713385073773;(((pow2(_a3_) * pow2((x + _a0_))) + _a5_) * ((_a5_ * x) + x));{'d0': {'_a0_': 0.3119297076994518, '_a3_': 1.3687032152248548, '_a5_': 0.8025268093014198, '_a1_': 1.0, '_a2_': 1.0, '_a4_': 1.0, '_a6_': 1.0, '_a7_': 1.0}};{'d0': 0.0249058329194167};-280.569866449043;39.57154815074906
13057;-100.713385073773;(((pow2(_a3_) * pow2((x + _a0_))) + _a5_) * ((_a5_ * x) + x));{'d0': {'_a0_': 0.3119297076994518, '_a3_': 1.3687032152248548, '_a5_': 0.8025268093014198, '_a1_': 1.0, '_a2_': 1.0, '_a4_': 1.0, '_a6_': 1.0, '_a7_': 1.0}};{'d0': 0.0249058329194167};-280.569866449043;39.57154815074906
13058;-100.713385073773;(((pow2(_a3_) * pow2((x + _a0_))) + _a5_) * ((_a5_ * x) + x));{'d0': {'_a0_': 0.3119297076994518, '_a3_': 1.3687032152248548, '_a5_': 0.8025268093014198, '_a1_': 1.0, '_a2_': 1.0, '_a4_': 1.0, '_a6_': 1.0, '_a7_': 1.0}};{'d0': 0.0249058329194167};-280.569866449043;39.57154815074906
13059;-100.713385073773;(((pow2(_a3_) * pow2((x + _a0_))) + _a5_) * ((_a5_ * x) + x));{'d0': {'_a0_': 0.3119297076994518, '_a3_': 1.3687032152248548, '_a5_': 0.8025268093014198, '_a1_': 1.0, '_a2_': 1.0, '_a4_': 1.0, '_a6_': 1.0, '_a7_': 1.0}};{'d0': 0.0249058329194167};-280.569866449043;39.57154815074906
13060;-100.713385073773;(((pow2(_a3_) * pow2((x + _a0_))) + _a5_) * ((_a5_ * x) + x));{'d0': {'_a0_': 0.3119297076994518, '_a3_': 1.3687032152248548, '_a5_': 0.8025268093014198, '_a1_': 1.0, '_a2_': 1.0, '_a4_': 1.0, '_a6_': 1.0, '_a7_': 1.0}};{'d0': 0.0249058329194167};-280.569866449043;39.57154815074906
13061;-100.713385073773;(((pow2(_a3_) * pow2((x + _a0_))) + _a5_) * ((_a5_ * x) + x));{'d0': {'_a0_': 0.3119297076994518, '_a3_': 1.3687032152248548, '_a5_': 0.8025268093014198, '_a1_': 1.0, '_a2_': 1.0, '_a4_': 1.0, '_a6_': 1.0, '_a7_': 1.0}};{'d0': 0.0249058329194167};-280.569866449043;39.57154815074906
13062;-100.713385073773;(((pow2(_a3_) * pow2((x + _a0_))) + _a5_) * ((_a5_ * x) + x));{'d0': {'_a0_': 0.3119297076994518, '_a3_': 1.3687032152248548, '_a5_': 0.8025268093014198, '_a1_': 1.0, '_a2_': 1.0, '_a4_': 1.0, '_a6_': 1.0, '_a7_': 1.0}};{'d0': 0.0249058329194167};-280.569866449043;39.57154815074906
13063;-105.382580669956;(_a2_ * ((_a7_ * x) * (_a0_ + pow2(((_a0_ + x) * _a7_)))));{'d0': {'_a0_': 0.3119297077498023, '_a2_': -5.434713599251172, '_a7_': -0.8533120561777805, '_a1_': 1.0, '_a3_': 1.0, '_a4_': 1.0, '_a5_': 1.0, '_a6_': 1.0}};{'d0': 0.024905832919416566};-280.569866449044;34.90235255456599
13064;-105.382580669956;(_a2_ * ((_a7_ * x) * (_a0_ + pow2(((_a0_ + x) * _a7_)))));{'d0': {'_a0_': 0.3119297077498023, '_a2_': -5.434713599251172, '_a7_': -0.8533120561777805, '_a1_': 1.0, '_a3_': 1.0, '_a4_': 1.0, '_a5_': 1.0, '_a6_': 1.0}};{'d0': 0.024905832919416566};-280.569866449044;34.90235255456599
13065;-105.382580669956;(_a2_ * ((_a7_ * x) * (_a0_ + pow2(((_a0_ + x) * _a7_)))));{'d0': {'_a0_': 0.3119297077498023, '_a2_': -5.434713599251172, '_a7_': -0.8533120561777805, '_a1_': 1.0, '_a3_': 1.0, '_a4_': 1.0, '_a5_': 1.0, '_a6_': 1.0}};{'d0': 0.024905832919416566};-280.569866449044;34.90235255456599
13066;-105.382580669956;(_a2_ * ((_a7_ * x) * (_a0_ + pow2(((_a0_ + x) * _a7_)))));{'d0': {'_a0_': 0.3119297077498023, '_a2_': -5.434713599251172, '_a7_': -0.8533120561777805, '_a1_': 1.0, '_a3_': 1.0, '_a4_': 1.0, '_a5_': 1.0, '_a6_': 1.0}};{'d0': 0.024905832919416566};-280.569866449044;34.90235255456599
13067;-105.382580669956;(_a2_ * ((_a7_ * x) * (_a0_ + pow2(((_a0_ + x) * _a7_)))));{'d0': {'_a0_': 0.3119297077498023, '_a2_': -5.434713599251172, '_a7_': -0.8533120561777805, '_a1_': 1.0, '_a3_': 1.0, '_a4_': 1.0, '_a5_': 1.0, '_a6_': 1.0}};{'d0': 0.024905832919416566};-280.569866449044;34.90235255456599
13068;-105.382580669956;(_a2_ * ((_a7_ * x) * (_a0_ + pow2(((_a0_ + x) * _a7_)))));{'d0': {'_a0_': 0.3119297077498023, '_a2_': -5.434713599251172, '_a7_': -0.8533120561777805, '_a1_': 1.0, '_a3_': 1.0, '_a4_': 1.0, '_a5_': 1.0, '_a6_': 1.0}};{'d0': 0.024905832919416566};-280.569866449044;34.90235255456599
13069;-105.382580669956;(_a2_ * ((_a7_ * x) * (_a0_ + pow2(((_a0_ + x) * _a7_)))));{'d0': {'_a0_': 0.3119297077498023, '_a2_': -5.434713599251172, '_a7_': -0.8533120561777805, '_a1_': 1.0, '_a3_': 1.0, '_a4_': 1.0, '_a5_': 1.0, '_a6_': 1.0}};{'d0': 0.024905832919416566};-280.569866449044;34.90235255456599
13070;-105.382580669956;(_a2_ * ((_a7_ * x) * (_a0_ + pow2(((_a0_ + x) * _a7_)))));{'d0': {'_a0_': 0.3119297077498023, '_a2_': -5.434713599251172, '_a7_': -0.8533120561777805, '_a1_': 1.0, '_a3_': 1.0, '_a4_': 1.0, '_a5_': 1.0, '_a6_': 1.0}};{'d0': 0.024905832919416566};-280.569866449044;34.90235255456599
13071;-105.382580669956;(_a2_ * ((_a7_ * x) * (_a0_ + pow2(((_a0_ + x) * _a7_)))));{'d0': {'_a0_': 0.3119297077498023, '_a2_': -5.434713599251172, '_a7_': -0.8533120561777805, '_a1_': 1.0, '_a3_': 1.0, '_a4_': 1.0, '_a5_': 1.0, '_a6_': 1.0}};{'d0': 0.024905832919416566};-280.569866449044;34.90235255456599
13072;-105.382580669956;(_a2_ * ((_a7_ * x) * (_a0_ + pow2(((_a0_ + x) * _a7_)))));{'d0': {'_a0_': 0.3119297077498023, '_a2_': -5.434713599251172, '_a7_': -0.8533120561777805, '_a1_': 1.0, '_a3_': 1.0, '_a4_': 1.0, '_a5_': 1.0, '_a6_': 1.0}};{'d0': 0.024905832919416566};-280.569866449044;34.90235255456599
13073;-105.382580669956;(_a2_ * ((_a7_ * x) * (_a0_ + pow2(((_a0_ + x) * _a7_)))));{'d0': {'_a0_': 0.3119297077498023, '_a2_': -5.434713599251172, '_a7_': -0.8533120561777805, '_a1_': 1.0, '_a3_': 1.0, '_a4_': 1.0, '_a5_': 1.0, '_a6_': 1.0}};{'d0': 0.024905832919416566};-280.569866449044;34.90235255456599
13074;-105.382580669956;(_a2_ * ((_a7_ * x) * (_a0_ + pow2(((_a0_ + x) * _a7_)))));{'d0': {'_a0_': 0.3119297077498023, '_a2_': -5.434713599251172, '_a7_': -0.8533120561777805, '_a1_': 1.0, '_a3_': 1.0, '_a4_': 1.0, '_a5_': 1.0, '_a6_': 1.0}};{'d0': 0.024905832919416566};-280.569866449044;34.90235255456599
13075;-100.713385073773;(((pow2(_a3_) * pow2((x + _a0_))) + _a5_) * ((_a5_ * x) + x));{'d0': {'_a0_': 0.3119297076994518, '_a3_': 1.3687032152248548, '_a5_': 0.8025268093014198, '_a1_': 1.0, '_a2_': 1.0, '_a4_': 1.0, '_a6_': 1.0, '_a7_': 1.0}};{'d0': 0.0249058329194167};-280.569866449043;39.57154815074906
13076;-100.713385073773;(((pow2(_a3_) * pow2((x + _a0_))) + _a5_) * ((_a5_ * x) + x));{'d0': {'_a0_': 0.3119297076994518, '_a3_': 1.3687032152248548, '_a5_': 0.8025268093014198, '_a1_': 1.0, '_a2_': 1.0, '_a4_': 1.0, '_a6_': 1.0, '_a7_': 1.0}};{'d0': 0.0249058329194167};-280.569866449043;39.57154815074906
13077;-100.713385073773;(((pow2(_a3_) * pow2((x + _a0_))) + _a5_) * ((_a5_ * x) + x));{'d0': {'_a0_': 0.3119297076994518, '_a3_': 1.3687032152248548, '_a5_': 0.8025268093014198, '_a1_': 1.0, '_a2_': 1.0, '_a4_': 1.0, '_a6_': 1.0, '_a7_': 1.0}};{'d0': 0.0249058329194167};-280.569866449043;39.57154815074906
13078;-100.713385073773;(((pow2(_a3_) * pow2((x + _a0_))) + _a5_) * ((_a5_ * x) + x));{'d0': {'_a0_': 0.3119297076994518, '_a3_': 1.3687032152248548, '_a5_': 0.8025268093014198, '_a1_': 1.0, '_a2_': 1.0, '_a4_': 1.0, '_a6_': 1.0, '_a7_': 1.0}};{'d0': 0.0249058329194167};-280.569866449043;39.57154815074906
13079;-100.713385073773;(((pow2(_a3_) * pow2((x + _a0_))) + _a5_) * ((_a5_ * x) + x));{'d0': {'_a0_': 0.3119297076994518, '_a3_': 1.3687032152248548, '_a5_': 0.8025268093014198, '_a1_': 1.0, '_a2_': 1.0, '_a4_': 1.0, '_a6_': 1.0, '_a7_': 1.0}};{'d0': 0.0249058329194167};-280.569866449043;39.57154815074906
13080;-100.713385073773;(((pow2(_a3_) * pow2((x + _a0_))) + _a5_) * ((_a5_ * x) + x));{'d0': {'_a0_': 0.3119297076994518, '_a3_': 1.3687032152248548, '_a5_': 0.8025268093014198, '_a1_': 1.0, '_a2_': 1.0, '_a4_': 1.0, '_a6_': 1.0, '_a7_': 1.0}};{'d0': 0.0249058329194167};-280.569866449043;39.57154815074906
13081;-100.713385073773;(((pow2(_a3_) * pow2((x + _a0_))) + _a5_) * ((_a5_ * x) + x));{'d0': {'_a0_': 0.3119297076994518, '_a3_': 1.3687032152248548, '_a5_': 0.8025268093014198, '_a1_': 1.0, '_a2_': 1.0, '_a4_': 1.0, '_a6_': 1.0, '_a7_': 1.0}};{'d0': 0.0249058329194167};-280.569866449043;39.57154815074906
13082;-100.713385073773;(((pow2(_a3_) * pow2((x + _a0_))) + _a5_) * ((_a5_ * x) + x));{'d0': {'_a0_': 0.3119297076994518, '_a3_': 1.3687032152248548, '_a5_': 0.8025268093014198, '_a1_': 1.0, '_a2_': 1.0, '_a4_': 1.0, '_a6_': 1.0, '_a7_': 1.0}};{'d0': 0.0249058329194167};-280.569866449043;39.57154815074906
13083;-103.335408388419;(_a2_ * ((_a7_ * x) * (_a4_ + pow2(((_a0_ + x) * _a7_)))));{'d0': {'_a0_': 0.3119297077150884, '_a2_': -4.363412831729754, '_a4_': 0.3610967856877038, '_a7_': -0.9181028298778859, '_a1_': 1.0, '_a3_': 1.0, '_a5_': 1.0, '_a6_': 1.0}};{'d0': 0.024905832919770575};-276.475521885969;34.90235255456599
13084;-103.335408388419;(_a2_ * ((_a7_ * x) * (_a4_ + pow2(((_a0_ + x) * _a7_)))));{'d0': {'_a0_': 0.3119297077150884, '_a2_': -4.363412831729754, '_a4_': 0.3610967856877038, '_a7_': -0.9181028298778859, '_a1_': 1.0, '_a3_': 1.0, '_a5_': 1.0, '_a6_': 1.0}};{'d0': 0.024905832919770575};-276.475521885969;34.90235255456599
13085;-103.335408388419;(_a2_ * ((_a7_ * x) * (_a4_ + pow2(((_a0_ + x) * _a7_)))));{'d0': {'_a0_': 0.3119297077150884, '_a2_': -4.363412831729754, '_a4_': 0.3610967856877038, '_a7_': -0.9181028298778859, '_a1_': 1.0, '_a3_': 1.0, '_a5_': 1.0, '_a6_': 1.0}};{'d0': 0.024905832919770575};-276.475521885969;34.90235255456599
13086;-103.335408388419;(_a2_ * ((_a7_ * x) * (_a4_ + pow2(((_a0_ + x) * _a7_)))));{'d0': {'_a0_': 0.3119297077150884, '_a2_': -4.363412831729754, '_a4_': 0.3610967856877038, '_a7_': -0.9181028298778859, '_a1_': 1.0, '_a3_': 1.0, '_a5_': 1.0, '_a6_': 1.0}};{'d0': 0.024905832919770575};-276.475521885969;34.90235255456599
13087;-103.335408388419;(_a2_ * ((_a7_ * x) * (_a4_ + pow2(((_a0_ + x) * _a7_)))));{'d0': {'_a0_': 0.3119297077150884, '_a2_': -4.363412831729754, '_a4_': 0.3610967856877038, '_a7_': -0.9181028298778859, '_a1_': 1.0, '_a3_': 1.0, '_a5_': 1.0, '_a6_': 1.0}};{'d0': 0.024905832919770575};-276.475521885969;34.90235255456599
13088;-103.335408388419;(_a2_ * ((_a7_ * x) * (_a4_ + pow2(((_a0_ + x) * _a7_)))));{'d0': {'_a0_': 0.3119297077150884, '_a2_': -4.363412831729754, '_a4_': 0.3610967856877038, '_a7_': -0.9181028298778859, '_a1_': 1.0, '_a3_': 1.0, '_a5_': 1.0, '_a6_': 1.0}};{'d0': 0.024905832919770575};-276.475521885969;34.90235255456599
13089;-103.335408388419;(_a2_ * ((_a7_ * x) * (_a4_ + pow2(((_a0_ + x) * _a7_)))));{'d0': {'_a0_': 0.3119297077150884, '_a2_': -4.363412831729754, '_a4_': 0.3610967856877038, '_a7_': -0.9181028298778859, '_a1_': 1.0, '_a3_': 1.0, '_a5_': 1.0, '_a6_': 1.0}};{'d0': 0.024905832919770575};-276.475521885969;34.90235255456599
13090;-103.335408388419;(_a2_ * ((_a7_ * x) * (_a4_ + pow2(((_a0_ + x) * _a7_)))));{'d0': {'_a0_': 0.3119297077150884, '_a2_': -4.363412831729754, '_a4_': 0.3610967856877038, '_a7_': -0.9181028298778859, '_a1_': 1.0, '_a3_': 1.0, '_a5_': 1.0, '_a6_': 1.0}};{'d0': 0.024905832919770575};-276.475521885969;34.90235255456599
13091;-103.335408388419;(_a2_ * ((_a7_ * x) * (_a4_ + pow2(((_a0_ + x) * _a7_)))));{'d0': {'_a0_': 0.3119297077150884, '_a2_': -4.363412831729754, '_a4_': 0.3610967856877038, '_a7_': -0.9181028298778859, '_a1_': 1.0, '_a3_': 1.0, '_a5_': 1.0, '_a6_': 1.0}};{'d0': 0.024905832919770575};-276.475521885969;34.90235255456599
13092;-103.335408388419;(_a2_ * ((_a7_ * x) * (_a4_ + pow2(((_a0_ + x) * _a7_)))));{'d0': {'_a0_': 0.3119297077150884, '_a2_': -4.363412831729754, '_a4_': 0.3610967856877038, '_a7_': -0.9181028298778859, '_a1_': 1.0, '_a3_': 1.0, '_a5_': 1.0, '_a6_': 1.0}};{'d0': 0.024905832919770575};-276.475521885969;34.90235255456599
13093;-103.335408388419;(_a2_ * ((_a7_ * x) * (_a4_ + pow2(((_a0_ + x) * _a7_)))));{'d0': {'_a0_': 0.3119297077150884, '_a2_': -4.363412831729754, '_a4_': 0.3610967856877038, '_a7_': -0.9181028298778859, '_a1_': 1.0, '_a3_': 1.0, '_a5_': 1.0, '_a6_': 1.0}};{'d0': 0.024905832919770575};-276.475521885969;34.90235255456599
13094;-96.2665388958605;(_a2_ * ((_a7_ * (_a6_ * x)) * (_a4_ + pow2(((_a0_ + x) * _a7_)))));{'d0': {'_a0_': 0.31192970785006824, '_a2_': -4.364190092641521, '_a4_': 0.36104093816568733, '_a6_': 1.000053931878619, '_a7_': -0.9180318282920559, '_a1_': 1.0, '_a3_': 1.0, '_a5_': 1.0}};{'d0': 0.02490583291949494};-272.381177324411;39.924049766344986
13095;-96.2665388958605;(_a2_ * ((_a7_ * (_a6_ * x)) * (_a4_ + pow2(((_a0_ + x) * _a7_)))));{'d0': {'_a0_': 0.31192970785006824, '_a2_': -4.364190092641521, '_a4_': 0.36104093816568733, '_a6_': 1.000053931878619, '_a7_': -0.9180318282920559, '_a1_': 1.0, '_a3_': 1.0, '_a5_': 1.0}};{'d0': 0.02490583291949494};-272.381177324411;39.924049766344986
13096;-96.2665388958605;(_a2_ * ((_a7_ * (_a6_ * x)) * (_a4_ + pow2(((_a0_ + x) * _a7_)))));{'d0': {'_a0_': 0.31192970785006824, '_a2_': -4.364190092641521, '_a4_': 0.36104093816568733, '_a6_': 1.000053931878619, '_a7_': -0.9180318282920559, '_a1_': 1.0, '_a3_': 1.0, '_a5_': 1.0}};{'d0': 0.02490583291949494};-272.381177324411;39.924049766344986
13097;-96.2665388958605;(_a2_ * ((_a7_ * (_a6_ * x)) * (_a4_ + pow2(((_a0_ + x) * _a7_)))));{'d0': {'_a0_': 0.31192970785006824, '_a2_': -4.364190092641521, '_a4_': 0.36104093816568733, '_a6_': 1.000053931878619, '_a7_': -0.9180318282920559, '_a1_': 1.0, '_a3_': 1.0, '_a5_': 1.0}};{'d0': 0.02490583291949494};-272.381177324411;39.924049766344986
13098;-96.2665388958605;(_a2_ * ((_a7_ * (_a6_ * x)) * (_a4_ + pow2(((_a0_ + x) * _a7_)))));{'d0': {'_a0_': 0.31192970785006824, '_a2_': -4.364190092641521, '_a4_': 0.36104093816568733, '_a6_': 1.000053931878619, '_a7_': -0.9180318282920559, '_a1_': 1.0, '_a3_': 1.0, '_a5_': 1.0}};{'d0': 0.02490583291949494};-272.381177324411;39.924049766344986
13099;-96.2665388958605;(_a2_ * ((_a7_ * (_a6_ * x)) * (_a4_ + pow2(((_a0_ + x) * _a7_)))));{'d0': {'_a0_': 0.31192970785006824, '_a2_': -4.364190092641521, '_a4_': 0.36104093816568733, '_a6_': 1.000053931878619, '_a7_': -0.9180318282920559, '_a1_': 1.0, '_a3_': 1.0, '_a5_': 1.0}};{'d0': 0.02490583291949494};-272.381177324411;39.924049766344986
13100;-96.2665388958605;(_a2_ * ((_a7_ * (_a6_ * x)) * (_a4_ + pow2(((_a0_ + x) * _a7_)))));{'d0': {'_a0_': 0.31192970785006824, '_a2_': -4.364190092641521, '_a4_': 0.36104093816568733, '_a6_': 1.000053931878619, '_a7_': -0.9180318282920559, '_a1_': 1.0, '_a3_': 1.0, '_a5_': 1.0}};{'d0': 0.02490583291949494};-272.381177324411;39.924049766344986
13101;-89.7312911873887;(_a2_ * ((_a7_ * (tanh(_a4_) * x)) * (_a4_ + pow2(((_a0_ + x) * _a7_)))));{'d0': {'_a0_': 0.3119297078489481, '_a2_': -6.9267407906485525, '_a4_': 0.46360717895019915, '_a7_': -1.0402903993740111, '_a1_': 1.0, '_a3_': 1.0, '_a5_': 1.0, '_a6_': 1.0}};{'d0': 0.024905832920708575};-276.475521883709;48.50646975446598
13102;-89.7312911873887;(_a2_ * ((_a7_ * (tanh(_a4_) * x)) * (_a4_ + pow2(((_a0_ + x) * _a7_)))));{'d0': {'_a0_': 0.3119297078489481, '_a2_': -6.9267407906485525, '_a4_': 0.46360717895019915, '_a7_': -1.0402903993740111, '_a1_': 1.0, '_a3_': 1.0, '_a5_': 1.0, '_a6_': 1.0}};{'d0': 0.024905832920708575};-276.475521883709;48.50646975446598
13103;-89.7312911873887;(_a2_ * ((_a7_ * (tanh(_a4_) * x)) * (_a4_ + pow2(((_a0_ + x) * _a7_)))));{'d0': {'_a0_': 0.3119297078489481, '_a2_': -6.9267407906485525, '_a4_': 0.46360717895019915, '_a7_': -1.0402903993740111, '_a1_': 1.0, '_a3_': 1.0, '_a5_': 1.0, '_a6_': 1.0}};{'d0': 0.024905832920708575};-276.475521883709;48.50646975446598
13104;-89.7312911873887;(_a2_ * ((_a7_ * (tanh(_a4_) * x)) * (_a4_ + pow2(((_a0_ + x) * _a7_)))));{'d0': {'_a0_': 0.3119297078489481, '_a2_': -6.9267407906485525, '_a4_': 0.46360717895019915, '_a7_': -1.0402903993740111, '_a1_': 1.0, '_a3_': 1.0, '_a5_': 1.0, '_a6_': 1.0}};{'d0': 0.024905832920708575};-276.475521883709;48.50646975446598
13105;-89.7312911873887;(_a2_ * ((_a7_ * (tanh(_a4_) * x)) * (_a4_ + pow2(((_a0_ + x) * _a7_)))));{'d0': {'_a0_': 0.3119297078489481, '_a2_': -6.9267407906485525, '_a4_': 0.46360717895019915, '_a7_': -1.0402903993740111, '_a1_': 1.0, '_a3_': 1.0, '_a5_': 1.0, '_a6_': 1.0}};{'d0': 0.024905832920708575};-276.475521883709;48.50646975446598
13106;-89.7312911873887;(_a2_ * ((_a7_ * (tanh(_a4_) * x)) * (_a4_ + pow2(((_a0_ + x) * _a7_)))));{'d0': {'_a0_': 0.3119297078489481, '_a2_': -6.9267407906485525, '_a4_': 0.46360717895019915, '_a7_': -1.0402903993740111, '_a1_': 1.0, '_a3_': 1.0, '_a5_': 1.0, '_a6_': 1.0}};{'d0': 0.024905832920708575};-276.475521883709;48.50646975446598
13107;-89.7312911873887;(_a2_ * ((_a7_ * (tanh(_a4_) * x)) * (_a4_ + pow2(((_a0_ + x) * _a7_)))));{'d0': {'_a0_': 0.3119297078489481, '_a2_': -6.9267407906485525, '_a4_': 0.46360717895019915, '_a7_': -1.0402903993740111, '_a1_': 1.0, '_a3_': 1.0, '_a5_': 1.0, '_a6_': 1.0}};{'d0': 0.024905832920708575};-276.475521883709;48.50646975446598
13108;-89.7312911873887;(_a2_ * ((_a7_ * (tanh(_a4_) * x)) * (_a4_ + pow2(((_a0_ + x) * _a7_)))));{'d0': {'_a0_': 0.3119297078489481, '_a2_': -6.9267407906485525, '_a4_': 0.46360717895019915, '_a7_': -1.0402903993740111, '_a1_': 1.0, '_a3_': 1.0, '_a5_': 1.0, '_a6_': 1.0}};{'d0': 0.024905832920708575};-276.475521883709;48.50646975446598
13109;-89.7312911873887;(_a2_ * ((_a7_ * (tanh(_a4_) * x)) * (_a4_ + pow2(((_a0_ + x) * _a7_)))));{'d0': {'_a0_': 0.3119297078489481, '_a2_': -6.9267407906485525, '_a4_': 0.46360717895019915, '_a7_': -1.0402903993740111, '_a1_': 1.0, '_a3_': 1.0, '_a5_': 1.0, '_a6_': 1.0}};{'d0': 0.024905832920708575};-276.475521883709;48.50646975446598
13110;-89.7312911873887;(_a2_ * ((_a7_ * (tanh(_a4_) * x)) * (_a4_ + pow2(((_a0_ + x) * _a7_)))));{'d0': {'_a0_': 0.3119297078489481, '_a2_': -6.9267407906485525, '_a4_': 0.46360717895019915, '_a7_': -1.0402903993740111, '_a1_': 1.0, '_a3_': 1.0, '_a5_': 1.0, '_a6_': 1.0}};{'d0': 0.024905832920708575};-276.475521883709;48.50646975446598
13111;-89.7312911873887;(_a2_ * ((_a7_ * (tanh(_a4_) * x)) * (_a4_ + pow2(((_a0_ + x) * _a7_)))));{'d0': {'_a0_': 0.3119297078489481, '_a2_': -6.9267407906485525, '_a4_': 0.46360717895019915, '_a7_': -1.0402903993740111, '_a1_': 1.0, '_a3_': 1.0, '_a5_': 1.0, '_a6_': 1.0}};{'d0': 0.024905832920708575};-276.475521883709;48.50646975446598
13112;-96.2665388958605;(_a2_ * ((_a7_ * (_a6_ * x)) * (_a4_ + pow2(((_a0_ + x) * _a7_)))));{'d0': {'_a0_': 0.31192970785006824, '_a2_': -4.364190092641521, '_a4_': 0.36104093816568733, '_a6_': 1.000053931878619, '_a7_': -0.9180318282920559, '_a1_': 1.0, '_a3_': 1.0, '_a5_': 1.0}};{'d0': 0.02490583291949494};-272.381177324411;39.92404976634498
13113;-100.731372386123;(((-(_a6_) * pow2((x + _a0_))) + _a5_) * ((_a5_ * x) + x));{'d0': {'_a0_': 0.31192970786579116, '_a5_': 0.802526809408797, '_a6_': -1.873348491468598, '_a1_': 1.0, '_a2_': 1.0, '_a3_': 1.0, '_a4_': 1.0, '_a7_': 1.0}};{'d0': 0.024905832919416622};-280.569866449044;39.55356083839945
13114;-100.731372386123;(((-(_a6_) * pow2((x + _a0_))) + _a5_) * ((_a5_ * x) + x));{'d0': {'_a0_': 0.31192970786579116, '_a5_': 0.802526809408797, '_a6_': -1.873348491468598, '_a1_': 1.0, '_a2_': 1.0, '_a3_': 1.0, '_a4_': 1.0, '_a7_': 1.0}};{'d0': 0.024905832919416622};-280.569866449044;39.55356083839945
13115;-100.731372386123;(((-(_a6_) * pow2((x + _a0_))) + _a5_) * ((_a5_ * x) + x));{'d0': {'_a0_': 0.31192970786579116, '_a5_': 0.802526809408797, '_a6_': -1.873348491468598, '_a1_': 1.0, '_a2_': 1.0, '_a3_': 1.0, '_a4_': 1.0, '_a7_': 1.0}};{'d0': 0.024905832919416622};-280.569866449044;39.55356083839945
13116;-96.2665388958605;(_a2_ * ((_a7_ * (_a6_ * x)) * (_a4_ + pow2(((_a0_ + x) * _a7_)))));{'d0': {'_a0_': 0.31192970785006824, '_a2_': -4.364190092641521, '_a4_': 0.36104093816568733, '_a6_': 1.000053931878619, '_a7_': -0.9180318282920559, '_a1_': 1.0, '_a3_': 1.0, '_a5_': 1.0}};{'d0': 0.02490583291949494};-272.381177324411;39.92404976634498
13117;-96.2665388958605;(_a2_ * ((_a7_ * (_a6_ * x)) * (_a4_ + pow2(((_a0_ + x) * _a7_)))));{'d0': {'_a0_': 0.31192970785006824, '_a2_': -4.364190092641521, '_a4_': 0.36104093816568733, '_a6_': 1.000053931878619, '_a7_': -0.9180318282920559, '_a1_': 1.0, '_a3_': 1.0, '_a5_': 1.0}};{'d0': 0.02490583291949494};-272.381177324411;39.92404976634498
13118;-96.2665388958605;(_a2_ * ((_a7_ * (_a6_ * x)) * (_a4_ + pow2(((_a0_ + x) * _a7_)))));{'d0': {'_a0_': 0.31192970785006824, '_a2_': -4.364190092641521, '_a4_': 0.36104093816568733, '_a6_': 1.000053931878619, '_a7_': -0.9180318282920559, '_a1_': 1.0, '_a3_': 1.0, '_a5_': 1.0}};{'d0': 0.02490583291949494};-272.381177324411;39.92404976634498
13119;-96.2665388958605;(_a2_ * ((_a7_ * (_a6_ * x)) * (_a4_ + pow2(((_a0_ + x) * _a7_)))));{'d0': {'_a0_': 0.31192970785006824, '_a2_': -4.364190092641521, '_a4_': 0.36104093816568733, '_a6_': 1.000053931878619, '_a7_': -0.9180318282920559, '_a1_': 1.0, '_a3_': 1.0, '_a5_': 1.0}};{'d0': 0.02490583291949494};-272.381177324411;39.92404976634498
13120;-96.2665388958605;(_a2_ * ((_a7_ * (_a6_ * x)) * (_a4_ + pow2(((_a0_ + x) * _a7_)))));{'d0': {'_a0_': 0.31192970785006824, '_a2_': -4.364190092641521, '_a4_': 0.36104093816568733, '_a6_': 1.000053931878619, '_a7_': -0.9180318282920559, '_a1_': 1.0, '_a3_': 1.0, '_a5_': 1.0}};{'d0': 0.02490583291949494};-272.381177324411;39.92404976634498
13121;-96.2665388958605;(_a2_ * ((_a7_ * (_a6_ * x)) * (_a4_ + pow2(((_a0_ + x) * _a7_)))));{'d0': {'_a0_': 0.31192970785006824, '_a2_': -4.364190092641521, '_a4_': 0.36104093816568733, '_a6_': 1.000053931878619, '_a7_': -0.9180318282920559, '_a1_': 1.0, '_a3_': 1.0, '_a5_': 1.0}};{'d0': 0.02490583291949494};-272.381177324411;39.92404976634498
13122;-96.2665388958605;(_a2_ * ((_a7_ * (_a6_ * x)) * (_a4_ + pow2(((_a0_ + x) * _a7_)))));{'d0': {'_a0_': 0.31192970785006824, '_a2_': -4.364190092641521, '_a4_': 0.36104093816568733, '_a6_': 1.000053931878619, '_a7_': -0.9180318282920559, '_a1_': 1.0, '_a3_': 1.0, '_a5_': 1.0}};{'d0': 0.02490583291949494};-272.381177324411;39.92404976634498
13123;-96.2665388958605;(_a2_ * ((_a7_ * (_a6_ * x)) * (_a4_ + pow2(((_a0_ + x) * _a7_)))));{'d0': {'_a0_': 0.31192970785006824, '_a2_': -4.364190092641521, '_a4_': 0.36104093816568733, '_a6_': 1.000053931878619, '_a7_': -0.9180318282920559, '_a1_': 1.0, '_a3_': 1.0, '_a5_': 1.0}};{'d0': 0.02490583291949494};-272.381177324411;39.92404976634498
13124;-96.2665388958605;(_a2_ * ((_a7_ * (_a6_ * x)) * (_a4_ + pow2(((_a0_ + x) * _a7_)))));{'d0': {'_a0_': 0.31192970785006824, '_a2_': -4.364190092641521, '_a4_': 0.36104093816568733, '_a6_': 1.000053931878619, '_a7_': -0.9180318282920559, '_a1_': 1.0, '_a3_': 1.0, '_a5_': 1.0}};{'d0': 0.02490583291949494};-272.381177324411;39.92404976634498
13125;-96.2665388958605;(_a2_ * ((_a7_ * (_a6_ * x)) * (_a4_ + pow2(((_a0_ + x) * _a7_)))));{'d0': {'_a0_': 0.31192970785006824, '_a2_': -4.364190092641521, '_a4_': 0.36104093816568733, '_a6_': 1.000053931878619, '_a7_': -0.9180318282920559, '_a1_': 1.0, '_a3_': 1.0, '_a5_': 1.0}};{'d0': 0.02490583291949494};-272.381177324411;39.92404976634498
13126;-96.2665388958605;(_a2_ * ((_a7_ * (_a6_ * x)) * (_a4_ + pow2(((_a0_ + x) * _a7_)))));{'d0': {'_a0_': 0.31192970785006824, '_a2_': -4.364190092641521, '_a4_': 0.36104093816568733, '_a6_': 1.000053931878619, '_a7_': -0.9180318282920559, '_a1_': 1.0, '_a3_': 1.0, '_a5_': 1.0}};{'d0': 0.02490583291949494};-272.381177324411;39.92404976634498
13127;-96.2665388958605;(_a2_ * ((_a7_ * (_a6_ * x)) * (_a4_ + pow2(((_a0_ + x) * _a7_)))));{'d0': {'_a0_': 0.31192970785006824, '_a2_': -4.364190092641521, '_a4_': 0.36104093816568733, '_a6_': 1.000053931878619, '_a7_': -0.9180318282920559, '_a1_': 1.0, '_a3_': 1.0, '_a5_': 1.0}};{'d0': 0.02490583291949494};-272.381177324411;39.92404976634498
13128;-96.2665388958605;(_a2_ * ((_a7_ * (_a6_ * x)) * (_a4_ + pow2(((_a0_ + x) * _a7_)))));{'d0': {'_a0_': 0.31192970785006824, '_a2_': -4.364190092641521, '_a4_': 0.36104093816568733, '_a6_': 1.000053931878619, '_a7_': -0.9180318282920559, '_a1_': 1.0, '_a3_': 1.0, '_a5_': 1.0}};{'d0': 0.02490583291949494};-272.381177324411;39.92404976634498
13129;-96.2665388958605;(_a2_ * ((_a7_ * (_a6_ * x)) * (_a4_ + pow2(((_a0_ + x) * _a7_)))));{'d0': {'_a0_': 0.31192970785006824, '_a2_': -4.364190092641521, '_a4_': 0.36104093816568733, '_a6_': 1.000053931878619, '_a7_': -0.9180318282920559, '_a1_': 1.0, '_a3_': 1.0, '_a5_': 1.0}};{'d0': 0.02490583291949494};-272.381177324411;39.92404976634498
13130;-96.2665388958605;(_a2_ * ((_a7_ * (_a6_ * x)) * (_a4_ + pow2(((_a0_ + x) * _a7_)))));{'d0': {'_a0_': 0.31192970785006824, '_a2_': -4.364190092641521, '_a4_': 0.36104093816568733, '_a6_': 1.000053931878619, '_a7_': -0.9180318282920559, '_a1_': 1.0, '_a3_': 1.0, '_a5_': 1.0}};{'d0': 0.02490583291949494};-272.381177324411;39.92404976634498
13131;-96.2665388958605;(_a2_ * ((_a7_ * (_a6_ * x)) * (_a4_ + pow2(((_a0_ + x) * _a7_)))));{'d0': {'_a0_': 0.31192970785006824, '_a2_': -4.364190092641521, '_a4_': 0.36104093816568733, '_a6_': 1.000053931878619, '_a7_': -0.9180318282920559, '_a1_': 1.0, '_a3_': 1.0, '_a5_': 1.0}};{'d0': 0.02490583291949494};-272.381177324411;39.92404976634498
13132;-96.2665388958605;(_a2_ * ((_a7_ * (_a6_ * x)) * (_a4_ + pow2(((_a0_ + x) * _a7_)))));{'d0': {'_a0_': 0.31192970785006824, '_a2_': -4.364190092641521, '_a4_': 0.36104093816568733, '_a6_': 1.000053931878619, '_a7_': -0.9180318282920559, '_a1_': 1.0, '_a3_': 1.0, '_a5_': 1.0}};{'d0': 0.02490583291949494};-272.381177324411;39.92404976634498
13133;-96.2665388958605;(_a2_ * ((_a7_ * (_a6_ * x)) * (_a4_ + pow2(((_a0_ + x) * _a7_)))));{'d0': {'_a0_': 0.31192970785006824, '_a2_': -4.364190092641521, '_a4_': 0.36104093816568733, '_a6_': 1.000053931878619, '_a7_': -0.9180318282920559, '_a1_': 1.0, '_a3_': 1.0, '_a5_': 1.0}};{'d0': 0.02490583291949494};-272.381177324411;39.92404976634498
13134;-96.2665388958605;(_a2_ * ((_a7_ * (_a6_ * x)) * (_a4_ + pow2(((_a0_ + x) * _a7_)))));{'d0': {'_a0_': 0.31192970785006824, '_a2_': -4.364190092641521, '_a4_': 0.36104093816568733, '_a6_': 1.000053931878619, '_a7_': -0.9180318282920559, '_a1_': 1.0, '_a3_': 1.0, '_a5_': 1.0}};{'d0': 0.02490583291949494};-272.381177324411;39.92404976634498
13135;-96.2665388958605;(_a2_ * ((_a7_ * (_a6_ * x)) * (_a4_ + pow2(((_a0_ + x) * _a7_)))));{'d0': {'_a0_': 0.31192970785006824, '_a2_': -4.364190092641521, '_a4_': 0.36104093816568733, '_a6_': 1.000053931878619, '_a7_': -0.9180318282920559, '_a1_': 1.0, '_a3_': 1.0, '_a5_': 1.0}};{'d0': 0.02490583291949494};-272.381177324411;39.92404976634498
13136;-96.2665388953354;(_a2_ * ((_a7_ * (_a6_ * x)) * (_a4_ + pow2(((_a0_ + x) * _a4_)))));{'d0': {'_a0_': 0.31192970767971606, '_a2_': -2.3409397632086373, '_a4_': 2.3343126643443632, '_a6_': 0.5363583097225082, '_a7_': -0.4935566074736413, '_a1_': 1.0, '_a3_': 1.0, '_a5_': 1.0}};{'d0': 0.024905832919930905};-272.381177323360;39.92404976634498
13137;-98.3137111769670;(_a2_ * ((_a7_ * (_a6_ * x)) * (_a4_ + pow2(((_a6_ + x) * _a4_)))));{'d0': {'_a2_': -4.745580004067426, '_a4_': 2.3343126622169774, '_a6_': 0.31192970790563684, '_a7_': -0.41863564621102584, '_a0_': 1.0, '_a1_': 1.0, '_a3_': 1.0, '_a5_': 1.0}};{'d0': 0.02490583291949869};-276.475521886624;39.92404976634498
13138;-98.3137111769670;(_a2_ * ((_a7_ * (_a6_ * x)) * (_a4_ + pow2(((_a6_ + x) * _a4_)))));{'d0': {'_a2_': -4.745580004067426, '_a4_': 2.3343126622169774, '_a6_': 0.31192970790563684, '_a7_': -0.41863564621102584, '_a0_': 1.0, '_a1_': 1.0, '_a3_': 1.0, '_a5_': 1.0}};{'d0': 0.02490583291949869};-276.475521886624;39.92404976634498
13139;-98.3137111769670;(_a2_ * ((_a7_ * (_a6_ * x)) * (_a4_ + pow2(((_a6_ + x) * _a4_)))));{'d0': {'_a2_': -4.745580004067426, '_a4_': 2.3343126622169774, '_a6_': 0.31192970790563684, '_a7_': -0.41863564621102584, '_a0_': 1.0, '_a1_': 1.0, '_a3_': 1.0, '_a5_': 1.0}};{'d0': 0.02490583291949869};-276.475521886624;39.92404976634498
13140;-98.3137111769670;(_a2_ * ((_a7_ * (_a6_ * x)) * (_a4_ + pow2(((_a6_ + x) * _a4_)))));{'d0': {'_a2_': -4.745580004067426, '_a4_': 2.3343126622169774, '_a6_': 0.31192970790563684, '_a7_': -0.41863564621102584, '_a0_': 1.0, '_a1_': 1.0, '_a3_': 1.0, '_a5_': 1.0}};{'d0': 0.02490583291949869};-276.475521886624;39.92404976634498
13141;-98.3137111769670;(_a2_ * ((_a7_ * (_a6_ * x)) * (_a4_ + pow2(((_a6_ + x) * _a4_)))));{'d0': {'_a2_': -4.745580004067426, '_a4_': 2.3343126622169774, '_a6_': 0.31192970790563684, '_a7_': -0.41863564621102584, '_a0_': 1.0, '_a1_': 1.0, '_a3_': 1.0, '_a5_': 1.0}};{'d0': 0.02490583291949869};-276.475521886624;39.92404976634498
13142;-98.3137111769670;(_a2_ * ((_a7_ * (_a6_ * x)) * (_a4_ + pow2(((_a6_ + x) * _a4_)))));{'d0': {'_a2_': -4.745580004067426, '_a4_': 2.3343126622169774, '_a6_': 0.31192970790563684, '_a7_': -0.41863564621102584, '_a0_': 1.0, '_a1_': 1.0, '_a3_': 1.0, '_a5_': 1.0}};{'d0': 0.02490583291949869};-276.475521886624;39.92404976634498
13143;-96.2665388957097;(_a2_ * ((_a7_ * (_a6_ * x)) * (_a0_ + pow2(((_a6_ + x) * _a4_)))));{'d0': {'_a0_': 1.6466466462858877, '_a2_': -5.691471778968445, '_a4_': 1.9605581310597875, '_a6_': 0.31192970790499824, '_a7_': -0.49483398465400663, '_a1_': 1.0, '_a3_': 1.0, '_a5_': 1.0}};{'d0': 0.024905832919620157};-272.381177324109;39.92404976634498
13144;-96.2665388957097;(_a2_ * ((_a7_ * (_a6_ * x)) * (_a0_ + pow2(((_a6_ + x) * _a4_)))));{'d0': {'_a0_': 1.6466466462858877, '_a2_': -5.691471778968445, '_a4_': 1.9605581310597875, '_a6_': 0.31192970790499824, '_a7_': -0.49483398465400663, '_a1_': 1.0, '_a3_': 1.0, '_a5_': 1.0}};{'d0': 0.024905832919620157};-272.381177324109;39.92404976634498
13145;-96.2665388957097;(_a2_ * ((_a7_ * (_a6_ * x)) * (_a0_ + pow2(((_a6_ + x) * _a4_)))));{'d0': {'_a0_': 1.6466466462858877, '_a2_': -5.691471778968445, '_a4_': 1.9605581310597875, '_a6_': 0.31192970790499824, '_a7_': -0.49483398465400663, '_a1_': 1.0, '_a3_': 1.0, '_a5_': 1.0}};{'d0': 0.024905832919620157};-272.381177324109;39.92404976634498
13146;-96.2665388957962;(_a2_ * ((_a7_ * (_a6_ * x)) * (_a0_ + pow2(((_a2_ + x) * _a4_)))));{'d0': {'_a0_': 7.756050538187399, '_a2_': 0.3119297078120696, '_a4_': 4.2550026114604576, '_a6_': 0.7805109527368144, '_a7_': 0.7660637153625051, '_a1_': 1.0, '_a3_': 1.0, '_a5_': 1.0}};{'d0': 0.02490583291954832};-272.381177324282;39.92404976634498
13147;-96.2665388957962;(_a2_ * ((_a7_ * (_a6_ * x)) * (_a0_ + pow2(((_a2_ + x) * _a4_)))));{'d0': {'_a0_': 7.756050538187399, '_a2_': 0.3119297078120696, '_a4_': 4.2550026114604576, '_a6_': 0.7805109527368144, '_a7_': 0.7660637153625051, '_a1_': 1.0, '_a3_': 1.0, '_a5_': 1.0}};{'d0': 0.02490583291954832};-272.381177324282;39.92404976634498
13148;-96.2665388684198;(_a7_ * ((_a7_ * (_a6_ * x)) * (_a0_ + pow2(((_a2_ + x) * _a4_)))));{'d0': {'_a0_': 10.88876224739997, '_a2_': 0.3119297077485207, '_a4_': 5.0416047364316405, '_a6_': 0.3688670569143671, '_a7_': 0.6001313688742566, '_a1_': 1.0, '_a3_': 1.0, '_a5_': 1.0}};{'d0': 0.02490583294227602};-272.381177269529;39.92404976634498
13149;-96.2665388684198;(_a7_ * ((_a7_ * (_a6_ * x)) * (_a0_ + pow2(((_a2_ + x) * _a4_)))));{'d0': {'_a0_': 10.88876224739997, '_a2_': 0.3119297077485207, '_a4_': 5.0416047364316405, '_a6_': 0.3688670569143671, '_a7_': 0.6001313688742566, '_a1_': 1.0, '_a3_': 1.0, '_a5_': 1.0}};{'d0': 0.02490583294227602};-272.381177269529;39.92404976634498
13150;-96.2665388684198;(_a7_ * ((_a7_ * (_a6_ * x)) * (_a0_ + pow2(((_a2_ + x) * _a4_)))));{'d0': {'_a0_': 10.88876224739997, '_a2_': 0.3119297077485207, '_a4_': 5.0416047364316405, '_a6_': 0.3688670569143671, '_a7_': 0.6001313688742566, '_a1_': 1.0, '_a3_': 1.0, '_a5_': 1.0}};{'d0': 0.02490583294227602};-272.381177269529;39.92404976634498
13151;-103.307855075063;(((pow2((x + _a2_)) * (_a7_ * _a6_)) + abs(_a7_)) * x);{'d0': {'_a2_': 0.31192970781675766, '_a6_': 2.3343126552697804, '_a7_': 1.4465760904398237, '_a0_': 1.0, '_a1_': 1.0, '_a3_': 1.0, '_a4_': 1.0, '_a5_': 1.0}};{'d0': 0.024905832919416594};-280.569866449044;36.977078149458954
13152;-103.307855075063;(((pow2((x + _a2_)) * (_a7_ * _a6_)) + abs(_a7_)) * x);{'d0': {'_a2_': 0.31192970781675766, '_a6_': 2.3343126552697804, '_a7_': 1.4465760904398237, '_a0_': 1.0, '_a1_': 1.0, '_a3_': 1.0, '_a4_': 1.0, '_a5_': 1.0}};{'d0': 0.024905832919416594};-280.569866449044;36.977078149458954
13153;-103.307855075063;(((pow2((x + _a2_)) * (_a7_ * _a6_)) + abs(_a7_)) * x);{'d0': {'_a2_': 0.31192970781675766, '_a6_': 2.3343126552697804, '_a7_': 1.4465760904398237, '_a0_': 1.0, '_a1_': 1.0, '_a3_': 1.0, '_a4_': 1.0, '_a5_': 1.0}};{'d0': 0.024905832919416594};-280.569866449044;36.977078149458954
13154;-103.307855075063;(((pow2((x + _a2_)) * (_a7_ * _a6_)) + abs(_a7_)) * x);{'d0': {'_a2_': 0.31192970781675766, '_a6_': 2.3343126552697804, '_a7_': 1.4465760904398237, '_a0_': 1.0, '_a1_': 1.0, '_a3_': 1.0, '_a4_': 1.0, '_a5_': 1.0}};{'d0': 0.024905832919416594};-280.569866449044;36.977078149458954
13155;-103.307855075063;(((pow2((x + _a2_)) * (_a7_ * _a6_)) + abs(_a7_)) * x);{'d0': {'_a2_': 0.31192970781675766, '_a6_': 2.3343126552697804, '_a7_': 1.4465760904398237, '_a0_': 1.0, '_a1_': 1.0, '_a3_': 1.0, '_a4_': 1.0, '_a5_': 1.0}};{'d0': 0.024905832919416594};-280.569866449044;36.977078149458954
13156;-96.2665388684198;(_a7_ * ((_a7_ * (_a6_ * x)) * (_a0_ + pow2(((_a2_ + x) * _a4_)))));{'d0': {'_a0_': 10.88876224739997, '_a2_': 0.3119297077485207, '_a4_': 5.0416047364316405, '_a6_': 0.3688670569143671, '_a7_': 0.6001313688742566, '_a1_': 1.0, '_a3_': 1.0, '_a5_': 1.0}};{'d0': 0.02490583294227602};-272.381177269529;39.92404976634498
13157;-103.307855075063;(((pow2((x + _a2_)) * (_a7_ * _a6_)) + abs(_a7_)) * x);{'d0': {'_a2_': 0.31192970781675766, '_a6_': 2.3343126552697804, '_a7_': 1.4465760904398237, '_a0_': 1.0, '_a1_': 1.0, '_a3_': 1.0, '_a4_': 1.0, '_a5_': 1.0}};{'d0': 0.024905832919416594};-280.569866449044;36.977078149458954
13158;-103.307855075063;(((pow2((x + _a2_)) * (_a7_ * _a6_)) + abs(_a7_)) * x);{'d0': {'_a2_': 0.31192970781675766, '_a6_': 2.3343126552697804, '_a7_': 1.4465760904398237, '_a0_': 1.0, '_a1_': 1.0, '_a3_': 1.0, '_a4_': 1.0, '_a5_': 1.0}};{'d0': 0.024905832919416594};-280.569866449044;36.977078149458954
13159;-103.307855075063;(((pow2((x + _a2_)) * (_a7_ * _a6_)) + abs(_a7_)) * x);{'d0': {'_a2_': 0.31192970781675766, '_a6_': 2.3343126552697804, '_a7_': 1.4465760904398237, '_a0_': 1.0, '_a1_': 1.0, '_a3_': 1.0, '_a4_': 1.0, '_a5_': 1.0}};{'d0': 0.024905832919416594};-280.569866449044;36.977078149458954
13160;-103.307855075063;(((pow2((x + _a2_)) * (_a7_ * _a6_)) + abs(_a7_)) * x);{'d0': {'_a2_': 0.31192970781675766, '_a6_': 2.3343126552697804, '_a7_': 1.4465760904398237, '_a0_': 1.0, '_a1_': 1.0, '_a3_': 1.0, '_a4_': 1.0, '_a5_': 1.0}};{'d0': 0.024905832919416594};-280.569866449044;36.977078149458954
13161;-103.307855075063;(((pow2((x + _a2_)) * (_a7_ * _a6_)) + abs(_a7_)) * x);{'d0': {'_a2_': 0.31192970781675766, '_a6_': 2.3343126552697804, '_a7_': 1.4465760904398237, '_a0_': 1.0, '_a1_': 1.0, '_a3_': 1.0, '_a4_': 1.0, '_a5_': 1.0}};{'d0': 0.024905832919416594};-280.569866449044;36.977078149458954
13162;-103.307855075063;(((pow2((x + _a2_)) * (_a7_ * _a6_)) + abs(_a7_)) * x);{'d0': {'_a2_': 0.31192970781675766, '_a6_': 2.3343126552697804, '_a7_': 1.4465760904398237, '_a0_': 1.0, '_a1_': 1.0, '_a3_': 1.0, '_a4_': 1.0, '_a5_': 1.0}};{'d0': 0.024905832919416594};-280.569866449044;36.977078149458954
13163;-103.307855075063;(((pow2((x + _a2_)) * (_a7_ * _a6_)) + abs(_a7_)) * x);{'d0': {'_a2_': 0.31192970781675766, '_a6_': 2.3343126552697804, '_a7_': 1.4465760904398237, '_a0_': 1.0, '_a1_': 1.0, '_a3_': 1.0, '_a4_': 1.0, '_a5_': 1.0}};{'d0': 0.024905832919416594};-280.569866449044;36.977078149458954
13164;-103.307855075063;(((pow2((x + _a2_)) * (_a7_ * _a6_)) + abs(_a7_)) * x);{'d0': {'_a2_': 0.31192970781675766, '_a6_': 2.3343126552697804, '_a7_': 1.4465760904398237, '_a0_': 1.0, '_a1_': 1.0, '_a3_': 1.0, '_a4_': 1.0, '_a5_': 1.0}};{'d0': 0.024905832919416594};-280.569866449044;36.977078149458954
13165;-103.307855075063;(((pow2((x + _a2_)) * (_a7_ * _a6_)) + abs(_a7_)) * x);{'d0': {'_a2_': 0.31192970781675766, '_a6_': 2.3343126552697804, '_a7_': 1.4465760904398237, '_a0_': 1.0, '_a1_': 1.0, '_a3_': 1.0, '_a4_': 1.0, '_a5_': 1.0}};{'d0': 0.024905832919416594};-280.569866449044;36.977078149458954
13166;-103.335408388774;(((pow2((x + _a2_)) * (_a7_ * _a6_)) + (_a1_ * _a2_)) * x);{'d0': {'_a1_': 4.637506635364698, '_a2_': 0.3119297076425111, '_a6_': 1.1703271962459088, '_a7_': 2.8853133449465864, '_a0_': 1.0, '_a3_': 1.0, '_a4_': 1.0, '_a5_': 1.0}};{'d0': 0.024905832919475547};-276.475521886680;34.90235255456595
13167;-103.335408388774;(((pow2((x + _a2_)) * (_a7_ * _a6_)) + (_a1_ * _a2_)) * x);{'d0': {'_a1_': 4.637506635364698, '_a2_': 0.3119297076425111, '_a6_': 1.1703271962459088, '_a7_': 2.8853133449465864, '_a0_': 1.0, '_a3_': 1.0, '_a4_': 1.0, '_a5_': 1.0}};{'d0': 0.024905832919475547};-276.475521886680;34.90235255456595
13168;-103.335408388774;(((pow2((x + _a2_)) * (_a7_ * _a6_)) + (_a1_ * _a2_)) * x);{'d0': {'_a1_': 4.637506635364698, '_a2_': 0.3119297076425111, '_a6_': 1.1703271962459088, '_a7_': 2.8853133449465864, '_a0_': 1.0, '_a3_': 1.0, '_a4_': 1.0, '_a5_': 1.0}};{'d0': 0.024905832919475547};-276.475521886680;34.90235255456595
13169;-103.335408388774;(((pow2((x + _a2_)) * (_a7_ * _a6_)) + (_a1_ * _a2_)) * x);{'d0': {'_a1_': 4.637506635364698, '_a2_': 0.3119297076425111, '_a6_': 1.1703271962459088, '_a7_': 2.8853133449465864, '_a0_': 1.0, '_a3_': 1.0, '_a4_': 1.0, '_a5_': 1.0}};{'d0': 0.024905832919475547};-276.475521886680;34.90235255456595
13170;-105.382580669956;(((pow2((x + _a2_)) * (_a7_ * _a2_)) + (_a1_ * _a2_)) * x);{'d0': {'_a1_': 4.637506633062969, '_a2_': 0.3119297079140279, '_a7_': 10.825390441486745, '_a0_': 1.0, '_a3_': 1.0, '_a4_': 1.0, '_a5_': 1.0, '_a6_': 1.0}};{'d0': 0.024905832919416677};-280.569866449043;34.90235255456595
13171;-105.382580669956;(((pow2((x + _a2_)) * (_a7_ * _a2_)) + (_a1_ * _a2_)) * x);{'d0': {'_a1_': 4.637506633062969, '_a2_': 0.3119297079140279, '_a7_': 10.825390441486745, '_a0_': 1.0, '_a3_': 1.0, '_a4_': 1.0, '_a5_': 1.0, '_a6_': 1.0}};{'d0': 0.024905832919416677};-280.569866449043;34.90235255456595
13172;-105.382580669956;(((pow2((x + _a2_)) * (_a7_ * _a2_)) + (_a1_ * _a2_)) * x);{'d0': {'_a1_': 4.637506633062969, '_a2_': 0.3119297079140279, '_a7_': 10.825390441486745, '_a0_': 1.0, '_a3_': 1.0, '_a4_': 1.0, '_a5_': 1.0, '_a6_': 1.0}};{'d0': 0.024905832919416677};-280.569866449043;34.90235255456595
13173;-105.382580669956;(((pow2((x + _a2_)) * (_a7_ * _a2_)) + (_a1_ * _a2_)) * x);{'d0': {'_a1_': 4.637506633062969, '_a2_': 0.3119297079140279, '_a7_': 10.825390441486745, '_a0_': 1.0, '_a3_': 1.0, '_a4_': 1.0, '_a5_': 1.0, '_a6_': 1.0}};{'d0': 0.024905832919416677};-280.569866449043;34.90235255456595
13174;-96.2665388684198;(_a7_ * ((_a7_ * (_a6_ * x)) * (_a0_ + pow2(((_a2_ + x) * _a4_)))));{'d0': {'_a0_': 10.88876224739997, '_a2_': 0.3119297077485207, '_a4_': 5.0416047364316405, '_a6_': 0.3688670569143671, '_a7_': 0.6001313688742566, '_a1_': 1.0, '_a3_': 1.0, '_a5_': 1.0}};{'d0': 0.02490583294227602};-272.381177269529;39.92404976634498
13175;-96.2665388684198;(_a7_ * ((_a7_ * (_a6_ * x)) * (_a0_ + pow2(((_a2_ + x) * _a4_)))));{'d0': {'_a0_': 10.88876224739997, '_a2_': 0.3119297077485207, '_a4_': 5.0416047364316405, '_a6_': 0.3688670569143671, '_a7_': 0.6001313688742566, '_a1_': 1.0, '_a3_': 1.0, '_a5_': 1.0}};{'d0': 0.02490583294227602};-272.381177269529;39.92404976634498
13176;-96.2665388684198;(_a7_ * ((_a7_ * (_a6_ * x)) * (_a0_ + pow2(((_a2_ + x) * _a4_)))));{'d0': {'_a0_': 10.88876224739997, '_a2_': 0.3119297077485207, '_a4_': 5.0416047364316405, '_a6_': 0.3688670569143671, '_a7_': 0.6001313688742566, '_a1_': 1.0, '_a3_': 1.0, '_a5_': 1.0}};{'d0': 0.02490583294227602};-272.381177269529;39.92404976634498
13177;-96.2665388684198;(_a7_ * ((_a7_ * (_a6_ * x)) * (_a0_ + pow2(((_a2_ + x) * _a4_)))));{'d0': {'_a0_': 10.88876224739997, '_a2_': 0.3119297077485207, '_a4_': 5.0416047364316405, '_a6_': 0.3688670569143671, '_a7_': 0.6001313688742566, '_a1_': 1.0, '_a3_': 1.0, '_a5_': 1.0}};{'d0': 0.02490583294227602};-272.381177269529;39.92404976634498
13178;-96.2665388684198;(_a7_ * ((_a7_ * (_a6_ * x)) * (_a0_ + pow2(((_a2_ + x) * _a4_)))));{'d0': {'_a0_': 10.88876224739997, '_a2_': 0.3119297077485207, '_a4_': 5.0416047364316405, '_a6_': 0.3688670569143671, '_a7_': 0.6001313688742566, '_a1_': 1.0, '_a3_': 1.0, '_a5_': 1.0}};{'d0': 0.02490583294227602};-272.381177269529;39.92404976634498
13179;-96.2665388684198;(_a7_ * ((_a7_ * (_a6_ * x)) * (_a0_ + pow2(((_a2_ + x) * _a4_)))));{'d0': {'_a0_': 10.88876224739997, '_a2_': 0.3119297077485207, '_a4_': 5.0416047364316405, '_a6_': 0.3688670569143671, '_a7_': 0.6001313688742566, '_a1_': 1.0, '_a3_': 1.0, '_a5_': 1.0}};{'d0': 0.02490583294227602};-272.381177269529;39.92404976634498
13180;-96.2665388684198;(_a7_ * ((_a7_ * (_a6_ * x)) * (_a0_ + pow2(((_a2_ + x) * _a4_)))));{'d0': {'_a0_': 10.88876224739997, '_a2_': 0.3119297077485207, '_a4_': 5.0416047364316405, '_a6_': 0.3688670569143671, '_a7_': 0.6001313688742566, '_a1_': 1.0, '_a3_': 1.0, '_a5_': 1.0}};{'d0': 0.02490583294227602};-272.381177269529;39.92404976634498
13181;-96.2665388684198;(_a7_ * ((_a7_ * (_a6_ * x)) * (_a0_ + pow2(((_a2_ + x) * _a4_)))));{'d0': {'_a0_': 10.88876224739997, '_a2_': 0.3119297077485207, '_a4_': 5.0416047364316405, '_a6_': 0.3688670569143671, '_a7_': 0.6001313688742566, '_a1_': 1.0, '_a3_': 1.0, '_a5_': 1.0}};{'d0': 0.02490583294227602};-272.381177269529;39.92404976634498
13182;-91.1724843963187;(_a7_ * (((_a7_ * _a0_) * (_a6_ * x)) * (_a0_ + pow2(((_a2_ + x) * _a4_)))));{'d0': {'_a0_': 22.06312313288761, '_a2_': 0.31192970786122937, '_a4_': 7.176505276586551, '_a6_': 0.786454563071527, '_a7_': -0.061470508733726156, '_a1_': 1.0, '_a3_': 1.0, '_a5_': 1.0}};{'d0': 0.024905832920691092};-272.381177321529;45.01810426444598
13183;-91.1724843562448;(_a7_ * (((_a7_ * _a0_) * (_a6_ * x)) * (_a6_ + pow2(((_a2_ + x) * _a4_)))));{'d0': {'_a0_': 30.708996955198685, '_a2_': 0.3119297077442365, '_a4_': -2.587052694422238, '_a6_': 2.86715729939628, '_a7_': -0.07569830734461648, '_a1_': 1.0, '_a3_': 1.0, '_a5_': 1.0}};{'d0': 0.024905832953960236};-272.381177241381;45.01810426444598
13184;-91.1724843562448;(_a7_ * (((_a7_ * _a0_) * (_a6_ * x)) * (_a6_ + pow2(((_a2_ + x) * _a4_)))));{'d0': {'_a0_': 30.708996955198685, '_a2_': 0.3119297077442365, '_a4_': -2.587052694422238, '_a6_': 2.86715729939628, '_a7_': -0.07569830734461648, '_a1_': 1.0, '_a3_': 1.0, '_a5_': 1.0}};{'d0': 0.024905832953960236};-272.381177241381;45.01810426444598
13185;-96.2665388958366;(_a7_ * (((_a7_ * _a0_) * x) * (_a6_ + pow2(((_a2_ + x) * _a4_)))));{'d0': {'_a0_': 62.905462571029496, '_a2_': 0.3119297077238146, '_a4_': -3.1171075773269052, '_a6_': 4.162407113986176, '_a7_': -0.07432829588964493, '_a1_': 1.0, '_a3_': 1.0, '_a5_': 1.0}};{'d0': 0.02490583291951476};-272.381177324363;39.92404976634498
13186;-96.2665388958366;(_a7_ * (((_a7_ * _a0_) * x) * (_a6_ + pow2(((_a2_ + x) * _a4_)))));{'d0': {'_a0_': 62.905462571029496, '_a2_': 0.3119297077238146, '_a4_': -3.1171075773269052, '_a6_': 4.162407113986176, '_a7_': -0.07432829588964493, '_a1_': 1.0, '_a3_': 1.0, '_a5_': 1.0}};{'d0': 0.02490583291951476};-272.381177324363;39.92404976634498
13187;-96.2665388958366;(_a7_ * (((_a7_ * _a0_) * x) * (_a6_ + pow2(((_a2_ + x) * _a4_)))));{'d0': {'_a0_': 62.905462571029496, '_a2_': 0.3119297077238146, '_a4_': -3.1171075773269052, '_a6_': 4.162407113986176, '_a7_': -0.07432829588964493, '_a1_': 1.0, '_a3_': 1.0, '_a5_': 1.0}};{'d0': 0.02490583291951476};-272.381177324363;39.92404976634498
13188;-96.2665388958366;(_a7_ * (((_a7_ * _a0_) * x) * (_a6_ + pow2(((_a2_ + x) * _a4_)))));{'d0': {'_a0_': 62.905462571029496, '_a2_': 0.3119297077238146, '_a4_': -3.1171075773269052, '_a6_': 4.162407113986176, '_a7_': -0.07432829588964493, '_a1_': 1.0, '_a3_': 1.0, '_a5_': 1.0}};{'d0': 0.02490583291951476};-272.381177324363;39.92404976634498
13189;-96.2665388958366;(_a7_ * (((_a7_ * _a0_) * x) * (_a6_ + pow2(((_a2_ + x) * _a4_)))));{'d0': {'_a0_': 62.905462571029496, '_a2_': 0.3119297077238146, '_a4_': -3.1171075773269052, '_a6_': 4.162407113986176, '_a7_': -0.07432829588964493, '_a1_': 1.0, '_a3_': 1.0, '_a5_': 1.0}};{'d0': 0.02490583291951476};-272.381177324363;39.92404976634498
13190;-96.2665388958366;(_a7_ * (((_a7_ * _a0_) * x) * (_a6_ + pow2(((_a2_ + x) * _a4_)))));{'d0': {'_a0_': 62.905462571029496, '_a2_': 0.3119297077238146, '_a4_': -3.1171075773269052, '_a6_': 4.162407113986176, '_a7_': -0.07432829588964493, '_a1_': 1.0, '_a3_': 1.0, '_a5_': 1.0}};{'d0': 0.02490583291951476};-272.381177324363;39.92404976634498
13191;-96.2665388958366;(_a7_ * (((_a7_ * _a0_) * x) * (_a6_ + pow2(((_a2_ + x) * _a4_)))));{'d0': {'_a0_': 62.905462571029496, '_a2_': 0.3119297077238146, '_a4_': -3.1171075773269052, '_a6_': 4.162407113986176, '_a7_': -0.07432829588964493, '_a1_': 1.0, '_a3_': 1.0, '_a5_': 1.0}};{'d0': 0.02490583291951476};-272.381177324363;39.92404976634498
13192;-96.2665388958366;(_a7_ * (((_a7_ * _a0_) * x) * (_a6_ + pow2(((_a2_ + x) * _a4_)))));{'d0': {'_a0_': 62.905462571029496, '_a2_': 0.3119297077238146, '_a4_': -3.1171075773269052, '_a6_': 4.162407113986176, '_a7_': -0.07432829588964493, '_a1_': 1.0, '_a3_': 1.0, '_a5_': 1.0}};{'d0': 0.02490583291951476};-272.381177324363;39.92404976634498
13193;-91.1724843956856;(_a7_ * (((_a7_ * _a0_) * x) * ((_a4_ * _a5_) + pow2(((_a2_ + x) * _a4_)))));{'d0': {'_a0_': 50.393337945536324, '_a2_': 0.31192970787385377, '_a4_': -4.088922957723757, '_a5_': -1.7516603604041094, '_a7_': -0.06330742251178646, '_a1_': 1.0, '_a3_': 1.0, '_a6_': 1.0}};{'d0': 0.02490583292121671};-272.381177320263;45.01810426444598
13194;-91.1724843956856;(_a7_ * (((_a7_ * _a0_) * x) * ((_a4_ * _a5_) + pow2(((_a2_ + x) * _a4_)))));{'d0': {'_a0_': 50.393337945536324, '_a2_': 0.31192970787385377, '_a4_': -4.088922957723757, '_a5_': -1.7516603604041094, '_a7_': -0.06330742251178646, '_a1_': 1.0, '_a3_': 1.0, '_a6_': 1.0}};{'d0': 0.02490583292121671};-272.381177320263;45.01810426444598
13195;-91.1724843956856;(_a7_ * (((_a7_ * _a0_) * x) * ((_a4_ * _a5_) + pow2(((_a2_ + x) * _a4_)))));{'d0': {'_a0_': 50.393337945536324, '_a2_': 0.31192970787385377, '_a4_': -4.088922957723757, '_a5_': -1.7516603604041094, '_a7_': -0.06330742251178646, '_a1_': 1.0, '_a3_': 1.0, '_a6_': 1.0}};{'d0': 0.02490583292121671};-272.381177320263;45.01810426444598
13196;-91.1724843956856;(_a7_ * (((_a7_ * _a0_) * x) * ((_a4_ * _a5_) + pow2(((_a2_ + x) * _a4_)))));{'d0': {'_a0_': 50.393337945536324, '_a2_': 0.31192970787385377, '_a4_': -4.088922957723757, '_a5_': -1.7516603604041094, '_a7_': -0.06330742251178646, '_a1_': 1.0, '_a3_': 1.0, '_a6_': 1.0}};{'d0': 0.02490583292121671};-272.381177320263;45.01810426444598
13197;-91.1724843956856;(_a7_ * (((_a7_ * _a0_) * x) * ((_a4_ * _a5_) + pow2(((_a2_ + x) * _a4_)))));{'d0': {'_a0_': 50.393337945536324, '_a2_': 0.31192970787385377, '_a4_': -4.088922957723757, '_a5_': -1.7516603604041094, '_a7_': -0.06330742251178646, '_a1_': 1.0, '_a3_': 1.0, '_a6_': 1.0}};{'d0': 0.02490583292121671};-272.381177320263;45.01810426444598
13198;-91.1724843956856;(_a7_ * (((_a7_ * _a0_) * x) * ((_a4_ * _a5_) + pow2(((_a2_ + x) * _a4_)))));{'d0': {'_a0_': 50.393337945536324, '_a2_': 0.31192970787385377, '_a4_': -4.088922957723757, '_a5_': -1.7516603604041094, '_a7_': -0.06330742251178646, '_a1_': 1.0, '_a3_': 1.0, '_a6_': 1.0}};{'d0': 0.02490583292121671};-272.381177320263;45.01810426444598
13199;-91.1724843956856;(_a7_ * (((_a7_ * _a0_) * x) * ((_a4_ * _a5_) + pow2(((_a2_ + x) * _a4_)))));{'d0': {'_a0_': 50.393337945536324, '_a2_': 0.31192970787385377, '_a4_': -4.088922957723757, '_a5_': -1.7516603604041094, '_a7_': -0.06330742251178646, '_a1_': 1.0, '_a3_': 1.0, '_a6_': 1.0}};{'d0': 0.02490583292121671};-272.381177320263;45.01810426444598
13200;-110.331920595413;(((pow2((x + _a1_)) * (_a7_ * _a2_)) + _a2_) * x);{'d0': {'_a1_': 0.3119297076932034, '_a2_': 1.4465760889427453, '_a7_': 2.334312660604539, '_a0_': 1.0, '_a3_': 1.0, '_a4_': 1.0, '_a5_': 1.0, '_a6_': 1.0}};{'d0': 0.024905832919416608};-280.569866449044;29.95301262910895
13201;-110.331920595413;(((pow2((x + _a1_)) * (_a7_ * _a2_)) + _a2_) * x);{'d0': {'_a1_': 0.3119297076932034, '_a2_': 1.4465760889427453, '_a7_': 2.334312660604539, '_a0_': 1.0, '_a3_': 1.0, '_a4_': 1.0, '_a5_': 1.0, '_a6_': 1.0}};{'d0': 0.024905832919416608};-280.569866449044;29.95301262910895
13202;-110.331920595413;(((pow2((x + _a1_)) * (_a7_ * _a2_)) + _a2_) * x);{'d0': {'_a1_': 0.3119297076932034, '_a2_': 1.4465760889427453, '_a7_': 2.334312660604539, '_a0_': 1.0, '_a3_': 1.0, '_a4_': 1.0, '_a5_': 1.0, '_a6_': 1.0}};{'d0': 0.024905832919416608};-280.569866449044;29.95301262910895
13203;-110.331920595413;(((pow2((x + _a1_)) * (_a7_ * _a2_)) + _a2_) * x);{'d0': {'_a1_': 0.3119297076932034, '_a2_': 1.4465760889427453, '_a7_': 2.334312660604539, '_a0_': 1.0, '_a3_': 1.0, '_a4_': 1.0, '_a5_': 1.0, '_a6_': 1.0}};{'d0': 0.024905832919416608};-280.569866449044;29.95301262910895
13204;-110.331920595413;(((pow2((x + _a1_)) * (_a7_ * _a2_)) + _a2_) * x);{'d0': {'_a1_': 0.3119297076932034, '_a2_': 1.4465760889427453, '_a7_': 2.334312660604539, '_a0_': 1.0, '_a3_': 1.0, '_a4_': 1.0, '_a5_': 1.0, '_a6_': 1.0}};{'d0': 0.024905832919416608};-280.569866449044;29.95301262910895
13205;-110.331920595413;(((pow2((x + _a1_)) * (_a7_ * _a2_)) + _a2_) * x);{'d0': {'_a1_': 0.3119297076932034, '_a2_': 1.4465760889427453, '_a7_': 2.334312660604539, '_a0_': 1.0, '_a3_': 1.0, '_a4_': 1.0, '_a5_': 1.0, '_a6_': 1.0}};{'d0': 0.024905832919416608};-280.569866449044;29.95301262910895
13206;-91.1724843788560;(_a7_ * (((_a4_ * _a0_) * x) * ((_a4_ * _a5_) + pow2(((_a2_ + x) * _a4_)))));{'d0': {'_a0_': 64.36274499980038, '_a2_': 0.31192970776336176, '_a4_': -0.9644064700618679, '_a5_': -0.41314365745720644, '_a7_': -0.05849048464545856, '_a1_': 1.0, '_a3_': 1.0, '_a6_': 1.0}};{'d0': 0.024905832935188568};-272.381177286604;45.01810426444598
13207;-110.331920595413;(((pow2((x + _a1_)) * (_a7_ * _a2_)) + _a2_) * x);{'d0': {'_a1_': 0.3119297076932034, '_a2_': 1.4465760889427453, '_a7_': 2.334312660604539, '_a0_': 1.0, '_a3_': 1.0, '_a4_': 1.0, '_a5_': 1.0, '_a6_': 1.0}};{'d0': 0.024905832919416608};-280.569866449044;29.95301262910895
13208;-110.331920595413;(((pow2((x + _a1_)) * (_a7_ * _a2_)) + _a2_) * x);{'d0': {'_a1_': 0.3119297076932034, '_a2_': 1.4465760889427453, '_a7_': 2.334312660604539, '_a0_': 1.0, '_a3_': 1.0, '_a4_': 1.0, '_a5_': 1.0, '_a6_': 1.0}};{'d0': 0.024905832919416608};-280.569866449044;29.95301262910895
13209;-110.331920595413;(((pow2((x + _a1_)) * (_a7_ * _a2_)) + _a2_) * x);{'d0': {'_a1_': 0.3119297076932034, '_a2_': 1.4465760889427453, '_a7_': 2.334312660604539, '_a0_': 1.0, '_a3_': 1.0, '_a4_': 1.0, '_a5_': 1.0, '_a6_': 1.0}};{'d0': 0.024905832919416608};-280.569866449044;29.95301262910895
13210;-110.331920595413;(((pow2((x + _a1_)) * (_a7_ * _a2_)) + _a2_) * x);{'d0': {'_a1_': 0.3119297076932034, '_a2_': 1.4465760889427453, '_a7_': 2.334312660604539, '_a0_': 1.0, '_a3_': 1.0, '_a4_': 1.0, '_a5_': 1.0, '_a6_': 1.0}};{'d0': 0.024905832919416608};-280.569866449044;29.95301262910895
13211;-110.331920595413;(((pow2((x + _a1_)) * (_a7_ * _a2_)) + _a2_) * x);{'d0': {'_a1_': 0.3119297076932034, '_a2_': 1.4465760889427453, '_a7_': 2.334312660604539, '_a0_': 1.0, '_a3_': 1.0, '_a4_': 1.0, '_a5_': 1.0, '_a6_': 1.0}};{'d0': 0.024905832919416608};-280.569866449044;29.95301262910895
13212;-110.331920595413;(((pow2((x + _a1_)) * (_a7_ * _a2_)) + _a2_) * x);{'d0': {'_a1_': 0.3119297076932034, '_a2_': 1.4465760889427453, '_a7_': 2.334312660604539, '_a0_': 1.0, '_a3_': 1.0, '_a4_': 1.0, '_a5_': 1.0, '_a6_': 1.0}};{'d0': 0.024905832919416608};-280.569866449044;29.95301262910895
13213;-110.331920595413;(((pow2((x + _a1_)) * (_a7_ * _a2_)) + _a2_) * x);{'d0': {'_a1_': 0.3119297076932034, '_a2_': 1.4465760889427453, '_a7_': 2.334312660604539, '_a0_': 1.0, '_a3_': 1.0, '_a4_': 1.0, '_a5_': 1.0, '_a6_': 1.0}};{'d0': 0.024905832919416608};-280.569866449044;29.95301262910895
13214;-110.331920595413;(((pow2((x + _a1_)) * (_a7_ * _a2_)) + _a2_) * x);{'d0': {'_a1_': 0.3119297076932034, '_a2_': 1.4465760889427453, '_a7_': 2.334312660604539, '_a0_': 1.0, '_a3_': 1.0, '_a4_': 1.0, '_a5_': 1.0, '_a6_': 1.0}};{'d0': 0.024905832919416608};-280.569866449044;29.95301262910895
13215;-110.331920595413;(((pow2((x + _a1_)) * (_a7_ * _a2_)) + _a2_) * x);{'d0': {'_a1_': 0.3119297076932034, '_a2_': 1.4465760889427453, '_a7_': 2.334312660604539, '_a0_': 1.0, '_a3_': 1.0, '_a4_': 1.0, '_a5_': 1.0, '_a6_': 1.0}};{'d0': 0.024905832919416608};-280.569866449044;29.95301262910895
13216;-110.331920595413;(((pow2((x + _a1_)) * (_a7_ * _a2_)) + _a2_) * x);{'d0': {'_a1_': 0.3119297076932034, '_a2_': 1.4465760889427453, '_a7_': 2.334312660604539, '_a0_': 1.0, '_a3_': 1.0, '_a4_': 1.0, '_a5_': 1.0, '_a6_': 1.0}};{'d0': 0.024905832919416608};-280.569866449044;29.95301262910895
13217;-110.331920595413;(((pow2((x + _a1_)) * (_a7_ * _a2_)) + _a2_) * x);{'d0': {'_a1_': 0.3119297076932034, '_a2_': 1.4465760889427453, '_a7_': 2.334312660604539, '_a0_': 1.0, '_a3_': 1.0, '_a4_': 1.0, '_a5_': 1.0, '_a6_': 1.0}};{'d0': 0.024905832919416608};-280.569866449044;29.95301262910895
13218;-110.331920595413;(((pow2((x + _a1_)) * (_a7_ * _a2_)) + _a2_) * x);{'d0': {'_a1_': 0.3119297076932034, '_a2_': 1.4465760889427453, '_a7_': 2.334312660604539, '_a0_': 1.0, '_a3_': 1.0, '_a4_': 1.0, '_a5_': 1.0, '_a6_': 1.0}};{'d0': 0.024905832919416608};-280.569866449044;29.95301262910895
13219;-110.331920595413;(((pow2((x + _a1_)) * (_a7_ * _a2_)) + _a2_) * x);{'d0': {'_a1_': 0.3119297076932034, '_a2_': 1.4465760889427453, '_a7_': 2.334312660604539, '_a0_': 1.0, '_a3_': 1.0, '_a4_': 1.0, '_a5_': 1.0, '_a6_': 1.0}};{'d0': 0.024905832919416608};-280.569866449044;29.95301262910895
13220;-110.331920595413;(((pow2((x + _a1_)) * (_a7_ * _a2_)) + _a2_) * x);{'d0': {'_a1_': 0.3119297076932034, '_a2_': 1.4465760889427453, '_a7_': 2.334312660604539, '_a0_': 1.0, '_a3_': 1.0, '_a4_': 1.0, '_a5_': 1.0, '_a6_': 1.0}};{'d0': 0.024905832919416608};-280.569866449044;29.95301262910895
13221;-110.331920595413;(((pow2((x + _a1_)) * (_a7_ * _a2_)) + _a2_) * x);{'d0': {'_a1_': 0.3119297076932034, '_a2_': 1.4465760889427453, '_a7_': 2.334312660604539, '_a0_': 1.0, '_a3_': 1.0, '_a4_': 1.0, '_a5_': 1.0, '_a6_': 1.0}};{'d0': 0.024905832919416608};-280.569866449044;29.95301262910895
13222;-110.331920595413;(((pow2((x + _a1_)) * (_a7_ * _a2_)) + _a2_) * x);{'d0': {'_a1_': 0.3119297076932034, '_a2_': 1.4465760889427453, '_a7_': 2.334312660604539, '_a0_': 1.0, '_a3_': 1.0, '_a4_': 1.0, '_a5_': 1.0, '_a6_': 1.0}};{'d0': 0.024905832919416608};-280.569866449044;29.95301262910895
13223;-110.331920595413;(((pow2((x + _a1_)) * (_a7_ * _a2_)) + _a2_) * x);{'d0': {'_a1_': 0.3119297076932034, '_a2_': 1.4465760889427453, '_a7_': 2.334312660604539, '_a0_': 1.0, '_a3_': 1.0, '_a4_': 1.0, '_a5_': 1.0, '_a6_': 1.0}};{'d0': 0.024905832919416608};-280.569866449044;29.95301262910895
13224;-110.331920595413;(((pow2((x + _a1_)) * (_a7_ * _a2_)) + _a2_) * x);{'d0': {'_a1_': 0.3119297076932034, '_a2_': 1.4465760889427453, '_a7_': 2.334312660604539, '_a0_': 1.0, '_a3_': 1.0, '_a4_': 1.0, '_a5_': 1.0, '_a6_': 1.0}};{'d0': 0.024905832919416608};-280.569866449044;29.95301262910895
13225;-110.331920595413;(((pow2((x + _a1_)) * (_a7_ * _a2_)) + _a2_) * x);{'d0': {'_a1_': 0.3119297076932034, '_a2_': 1.4465760889427453, '_a7_': 2.334312660604539, '_a0_': 1.0, '_a3_': 1.0, '_a4_': 1.0, '_a5_': 1.0, '_a6_': 1.0}};{'d0': 0.024905832919416608};-280.569866449044;29.95301262910895
13226;-110.331920595413;(((pow2((x + _a1_)) * (_a7_ * _a2_)) + _a2_) * x);{'d0': {'_a1_': 0.3119297076932034, '_a2_': 1.4465760889427453, '_a7_': 2.334312660604539, '_a0_': 1.0, '_a3_': 1.0, '_a4_': 1.0, '_a5_': 1.0, '_a6_': 1.0}};{'d0': 0.024905832919416608};-280.569866449044;29.95301262910895
13227;-110.331920595413;(((pow2((x + _a1_)) * (_a7_ * _a2_)) + _a2_) * x);{'d0': {'_a1_': 0.3119297076932034, '_a2_': 1.4465760889427453, '_a7_': 2.334312660604539, '_a0_': 1.0, '_a3_': 1.0, '_a4_': 1.0, '_a5_': 1.0, '_a6_': 1.0}};{'d0': 0.024905832919416608};-280.569866449044;29.95301262910895
13228;-110.331920595413;(((pow2((x + _a1_)) * (_a7_ * _a2_)) + _a2_) * x);{'d0': {'_a1_': 0.3119297076932034, '_a2_': 1.4465760889427453, '_a7_': 2.334312660604539, '_a0_': 1.0, '_a3_': 1.0, '_a4_': 1.0, '_a5_': 1.0, '_a6_': 1.0}};{'d0': 0.024905832919416608};-280.569866449044;29.95301262910895
13229;-110.331920595413;(((pow2((x + _a1_)) * (_a7_ * _a2_)) + _a2_) * x);{'d0': {'_a1_': 0.3119297076932034, '_a2_': 1.4465760889427453, '_a7_': 2.334312660604539, '_a0_': 1.0, '_a3_': 1.0, '_a4_': 1.0, '_a5_': 1.0, '_a6_': 1.0}};{'d0': 0.024905832919416608};-280.569866449044;29.95301262910895
13230;-110.331920595413;(((pow2((x + _a1_)) * (_a7_ * _a2_)) + _a2_) * x);{'d0': {'_a1_': 0.3119297076932034, '_a2_': 1.4465760889427453, '_a7_': 2.334312660604539, '_a0_': 1.0, '_a3_': 1.0, '_a4_': 1.0, '_a5_': 1.0, '_a6_': 1.0}};{'d0': 0.024905832919416608};-280.569866449044;29.95301262910895
13231;-110.331920595413;(((pow2((x + _a1_)) * (_a7_ * _a2_)) + _a2_) * x);{'d0': {'_a1_': 0.3119297076932034, '_a2_': 1.4465760889427453, '_a7_': 2.334312660604539, '_a0_': 1.0, '_a3_': 1.0, '_a4_': 1.0, '_a5_': 1.0, '_a6_': 1.0}};{'d0': 0.024905832919416608};-280.569866449044;29.95301262910895
13232;-110.331920595413;(((pow2((x + _a1_)) * (_a7_ * _a2_)) + _a2_) * x);{'d0': {'_a1_': 0.3119297076932034, '_a2_': 1.4465760889427453, '_a7_': 2.334312660604539, '_a0_': 1.0, '_a3_': 1.0, '_a4_': 1.0, '_a5_': 1.0, '_a6_': 1.0}};{'d0': 0.024905832919416608};-280.569866449044;29.95301262910895
13233;-110.331920595413;(((pow2((x + _a1_)) * (_a7_ * _a2_)) + _a2_) * x);{'d0': {'_a1_': 0.3119297076932034, '_a2_': 1.4465760889427453, '_a7_': 2.334312660604539, '_a0_': 1.0, '_a3_': 1.0, '_a4_': 1.0, '_a5_': 1.0, '_a6_': 1.0}};{'d0': 0.024905832919416608};-280.569866449044;29.95301262910895
13234;-110.331920595413;(((pow2((x + _a1_)) * (_a7_ * _a2_)) + _a2_) * x);{'d0': {'_a1_': 0.3119297076932034, '_a2_': 1.4465760889427453, '_a7_': 2.334312660604539, '_a0_': 1.0, '_a3_': 1.0, '_a4_': 1.0, '_a5_': 1.0, '_a6_': 1.0}};{'d0': 0.024905832919416608};-280.569866449044;29.95301262910895
13235;-110.331920595413;(((pow2((x + _a1_)) * (_a7_ * _a2_)) + _a2_) * x);{'d0': {'_a1_': 0.3119297076932034, '_a2_': 1.4465760889427453, '_a7_': 2.334312660604539, '_a0_': 1.0, '_a3_': 1.0, '_a4_': 1.0, '_a5_': 1.0, '_a6_': 1.0}};{'d0': 0.024905832919416608};-280.569866449044;29.95301262910895
13236;-110.331920595413;(((pow2((x + _a1_)) * (_a7_ * _a2_)) + _a2_) * x);{'d0': {'_a1_': 0.3119297076932034, '_a2_': 1.4465760889427453, '_a7_': 2.334312660604539, '_a0_': 1.0, '_a3_': 1.0, '_a4_': 1.0, '_a5_': 1.0, '_a6_': 1.0}};{'d0': 0.024905832919416608};-280.569866449044;29.95301262910895
13237;-110.331920595413;(((pow2((x + _a1_)) * (_a7_ * _a2_)) + _a2_) * x);{'d0': {'_a1_': 0.3119297076932034, '_a2_': 1.4465760889427453, '_a7_': 2.334312660604539, '_a0_': 1.0, '_a3_': 1.0, '_a4_': 1.0, '_a5_': 1.0, '_a6_': 1.0}};{'d0': 0.024905832919416608};-280.569866449044;29.95301262910895
13238;-110.331920595413;(((pow2((x + _a1_)) * (_a7_ * _a2_)) + _a2_) * x);{'d0': {'_a1_': 0.3119297076932034, '_a2_': 1.4465760889427453, '_a7_': 2.334312660604539, '_a0_': 1.0, '_a3_': 1.0, '_a4_': 1.0, '_a5_': 1.0, '_a6_': 1.0}};{'d0': 0.024905832919416608};-280.569866449044;29.95301262910895
13239;-110.331920595413;(((pow2((x + _a1_)) * (_a7_ * _a2_)) + _a2_) * x);{'d0': {'_a1_': 0.3119297076932034, '_a2_': 1.4465760889427453, '_a7_': 2.334312660604539, '_a0_': 1.0, '_a3_': 1.0, '_a4_': 1.0, '_a5_': 1.0, '_a6_': 1.0}};{'d0': 0.024905832919416608};-280.569866449044;29.95301262910895
13240;-110.331920595413;(((pow2((x + _a1_)) * (_a7_ * _a2_)) + _a2_) * x);{'d0': {'_a1_': 0.3119297076932034, '_a2_': 1.4465760889427453, '_a7_': 2.334312660604539, '_a0_': 1.0, '_a3_': 1.0, '_a4_': 1.0, '_a5_': 1.0, '_a6_': 1.0}};{'d0': 0.024905832919416608};-280.569866449044;29.95301262910895
13241;-110.331920595413;(((pow2((x + _a1_)) * (_a7_ * _a2_)) + _a2_) * x);{'d0': {'_a1_': 0.3119297076932034, '_a2_': 1.4465760889427453, '_a7_': 2.334312660604539, '_a0_': 1.0, '_a3_': 1.0, '_a4_': 1.0, '_a5_': 1.0, '_a6_': 1.0}};{'d0': 0.024905832919416608};-280.569866449044;29.95301262910895
13242;-110.331920595413;(((pow2((x + _a1_)) * (_a7_ * _a2_)) + _a2_) * x);{'d0': {'_a1_': 0.3119297076932034, '_a2_': 1.4465760889427453, '_a7_': 2.334312660604539, '_a0_': 1.0, '_a3_': 1.0, '_a4_': 1.0, '_a5_': 1.0, '_a6_': 1.0}};{'d0': 0.024905832919416608};-280.569866449044;29.95301262910895
13243;-110.331920595413;(((pow2((x + _a1_)) * (_a7_ * _a2_)) + _a2_) * x);{'d0': {'_a1_': 0.3119297076932034, '_a2_': 1.4465760889427453, '_a7_': 2.334312660604539, '_a0_': 1.0, '_a3_': 1.0, '_a4_': 1.0, '_a5_': 1.0, '_a6_': 1.0}};{'d0': 0.024905832919416608};-280.569866449044;29.95301262910895
13244;-110.331920595413;(((pow2((x + _a1_)) * (_a7_ * _a2_)) + _a2_) * x);{'d0': {'_a1_': 0.3119297076932034, '_a2_': 1.4465760889427453, '_a7_': 2.334312660604539, '_a0_': 1.0, '_a3_': 1.0, '_a4_': 1.0, '_a5_': 1.0, '_a6_': 1.0}};{'d0': 0.024905832919416608};-280.569866449044;29.95301262910895
13245;-110.331920595413;(((pow2((x + _a1_)) * (_a7_ * _a2_)) + _a2_) * x);{'d0': {'_a1_': 0.3119297076932034, '_a2_': 1.4465760889427453, '_a7_': 2.334312660604539, '_a0_': 1.0, '_a3_': 1.0, '_a4_': 1.0, '_a5_': 1.0, '_a6_': 1.0}};{'d0': 0.024905832919416608};-280.569866449044;29.95301262910895
13246;-110.331920595413;(((pow2((x + _a1_)) * (_a7_ * _a2_)) + _a2_) * x);{'d0': {'_a1_': 0.3119297076932034, '_a2_': 1.4465760889427453, '_a7_': 2.334312660604539, '_a0_': 1.0, '_a3_': 1.0, '_a4_': 1.0, '_a5_': 1.0, '_a6_': 1.0}};{'d0': 0.024905832919416608};-280.569866449044;29.95301262910895
13247;-110.331920595413;(((pow2((x + _a1_)) * (_a7_ * _a2_)) + _a2_) * x);{'d0': {'_a1_': 0.3119297076932034, '_a2_': 1.4465760889427453, '_a7_': 2.334312660604539, '_a0_': 1.0, '_a3_': 1.0, '_a4_': 1.0, '_a5_': 1.0, '_a6_': 1.0}};{'d0': 0.024905832919416608};-280.569866449044;29.95301262910895
13248;-110.331920595413;(((pow2((x + _a1_)) * (_a7_ * _a2_)) + _a2_) * x);{'d0': {'_a1_': 0.3119297076932034, '_a2_': 1.4465760889427453, '_a7_': 2.334312660604539, '_a0_': 1.0, '_a3_': 1.0, '_a4_': 1.0, '_a5_': 1.0, '_a6_': 1.0}};{'d0': 0.024905832919416608};-280.569866449044;29.95301262910895
13249;-110.331920595413;(((pow2((x + _a1_)) * (_a7_ * _a2_)) + _a2_) * x);{'d0': {'_a1_': 0.3119297076932034, '_a2_': 1.4465760889427453, '_a7_': 2.334312660604539, '_a0_': 1.0, '_a3_': 1.0, '_a4_': 1.0, '_a5_': 1.0, '_a6_': 1.0}};{'d0': 0.024905832919416608};-280.569866449044;29.95301262910895
13250;-110.331920595413;(((pow2((x + _a1_)) * (_a7_ * _a2_)) + _a2_) * x);{'d0': {'_a1_': 0.3119297076932034, '_a2_': 1.4465760889427453, '_a7_': 2.334312660604539, '_a0_': 1.0, '_a3_': 1.0, '_a4_': 1.0, '_a5_': 1.0, '_a6_': 1.0}};{'d0': 0.024905832919416608};-280.569866449044;29.95301262910895
13251;-110.331920595413;(((pow2((x + _a1_)) * (_a7_ * _a2_)) + _a2_) * x);{'d0': {'_a1_': 0.3119297076932034, '_a2_': 1.4465760889427453, '_a7_': 2.334312660604539, '_a0_': 1.0, '_a3_': 1.0, '_a4_': 1.0, '_a5_': 1.0, '_a6_': 1.0}};{'d0': 0.024905832919416608};-280.569866449044;29.95301262910895
13252;-110.331920595413;(((pow2((x + _a1_)) * (_a7_ * _a2_)) + _a2_) * x);{'d0': {'_a1_': 0.3119297076932034, '_a2_': 1.4465760889427453, '_a7_': 2.334312660604539, '_a0_': 1.0, '_a3_': 1.0, '_a4_': 1.0, '_a5_': 1.0, '_a6_': 1.0}};{'d0': 0.024905832919416608};-280.569866449044;29.95301262910895
13253;-110.331920595413;(((pow2((x + _a1_)) * (_a7_ * _a2_)) + _a2_) * x);{'d0': {'_a1_': 0.3119297076932034, '_a2_': 1.4465760889427453, '_a7_': 2.334312660604539, '_a0_': 1.0, '_a3_': 1.0, '_a4_': 1.0, '_a5_': 1.0, '_a6_': 1.0}};{'d0': 0.024905832919416608};-280.569866449044;29.95301262910895
13254;-110.331920595413;(((pow2((x + _a1_)) * (_a7_ * _a2_)) + _a2_) * x);{'d0': {'_a1_': 0.3119297076932034, '_a2_': 1.4465760889427453, '_a7_': 2.334312660604539, '_a0_': 1.0, '_a3_': 1.0, '_a4_': 1.0, '_a5_': 1.0, '_a6_': 1.0}};{'d0': 0.024905832919416608};-280.569866449044;29.95301262910895
13255;-110.331920595413;(((pow2((x + _a1_)) * (_a7_ * _a2_)) + _a2_) * x);{'d0': {'_a1_': 0.3119297076932034, '_a2_': 1.4465760889427453, '_a7_': 2.334312660604539, '_a0_': 1.0, '_a3_': 1.0, '_a4_': 1.0, '_a5_': 1.0, '_a6_': 1.0}};{'d0': 0.024905832919416608};-280.569866449044;29.95301262910895
13256;-110.331920595413;(((pow2((x + _a1_)) * (_a7_ * _a2_)) + _a2_) * x);{'d0': {'_a1_': 0.3119297076932034, '_a2_': 1.4465760889427453, '_a7_': 2.334312660604539, '_a0_': 1.0, '_a3_': 1.0, '_a4_': 1.0, '_a5_': 1.0, '_a6_': 1.0}};{'d0': 0.024905832919416608};-280.569866449044;29.95301262910895
13257;-110.331920595413;(((pow2((x + _a1_)) * (_a7_ * _a2_)) + _a2_) * x);{'d0': {'_a1_': 0.3119297076932034, '_a2_': 1.4465760889427453, '_a7_': 2.334312660604539, '_a0_': 1.0, '_a3_': 1.0, '_a4_': 1.0, '_a5_': 1.0, '_a6_': 1.0}};{'d0': 0.024905832919416608};-280.569866449044;29.95301262910895
13258;-110.331920595413;(((pow2((x + _a1_)) * (_a7_ * _a2_)) + _a2_) * x);{'d0': {'_a1_': 0.3119297076932034, '_a2_': 1.4465760889427453, '_a7_': 2.334312660604539, '_a0_': 1.0, '_a3_': 1.0, '_a4_': 1.0, '_a5_': 1.0, '_a6_': 1.0}};{'d0': 0.024905832919416608};-280.569866449044;29.95301262910895
13259;-104.411319546383;(((pow2((x + (_a5_ + _a2_))) * (_a7_ * _a2_)) + _a2_) * x);{'d0': {'_a2_': 1.4465760898386961, '_a5_': -1.134646382031686, '_a7_': 2.334312657806071, '_a0_': 1.0, '_a1_': 1.0, '_a3_': 1.0, '_a4_': 1.0, '_a6_': 1.0}};{'d0': 0.024905832919416636};-280.569866449044;35.87361367813895
13260;-104.411319546383;(((pow2((x + (_a5_ + _a2_))) * (_a7_ * _a2_)) + _a2_) * x);{'d0': {'_a2_': 1.4465760898386961, '_a5_': -1.134646382031686, '_a7_': 2.334312657806071, '_a0_': 1.0, '_a1_': 1.0, '_a3_': 1.0, '_a4_': 1.0, '_a6_': 1.0}};{'d0': 0.024905832919416636};-280.569866449044;35.87361367813895
13261;-104.411319546383;(((pow2((x + (_a5_ + _a2_))) * (_a7_ * _a2_)) + _a2_) * x);{'d0': {'_a2_': 1.4465760898386961, '_a5_': -1.134646382031686, '_a7_': 2.334312657806071, '_a0_': 1.0, '_a1_': 1.0, '_a3_': 1.0, '_a4_': 1.0, '_a6_': 1.0}};{'d0': 0.024905832919416636};-280.569866449044;35.87361367813895
13262;-104.411319546383;(((pow2((x + (_a5_ + _a2_))) * (_a7_ * _a2_)) + _a2_) * x);{'d0': {'_a2_': 1.4465760898386961, '_a5_': -1.134646382031686, '_a7_': 2.334312657806071, '_a0_': 1.0, '_a1_': 1.0, '_a3_': 1.0, '_a4_': 1.0, '_a6_': 1.0}};{'d0': 0.024905832919416636};-280.569866449044;35.87361367813895
13263;-104.411319546383;(((pow2((x + (_a5_ + _a2_))) * (_a7_ * _a2_)) + _a2_) * x);{'d0': {'_a2_': 1.4465760898386961, '_a5_': -1.134646382031686, '_a7_': 2.334312657806071, '_a0_': 1.0, '_a1_': 1.0, '_a3_': 1.0, '_a4_': 1.0, '_a6_': 1.0}};{'d0': 0.024905832919416636};-280.569866449044;35.87361367813895
13264;-104.411319546383;(((pow2((x + (_a5_ + _a2_))) * (_a7_ * _a2_)) + _a2_) * x);{'d0': {'_a2_': 1.4465760898386961, '_a5_': -1.134646382031686, '_a7_': 2.334312657806071, '_a0_': 1.0, '_a1_': 1.0, '_a3_': 1.0, '_a4_': 1.0, '_a6_': 1.0}};{'d0': 0.024905832919416636};-280.569866449044;35.87361367813895
13265;-104.411319546383;(((pow2((x + (_a5_ + _a2_))) * (_a7_ * _a2_)) + _a2_) * x);{'d0': {'_a2_': 1.4465760898386961, '_a5_': -1.134646382031686, '_a7_': 2.334312657806071, '_a0_': 1.0, '_a1_': 1.0, '_a3_': 1.0, '_a4_': 1.0, '_a6_': 1.0}};{'d0': 0.024905832919416636};-280.569866449044;35.87361367813895
13266;-104.411319546383;(((pow2((x + (_a5_ + _a2_))) * (_a7_ * _a2_)) + _a2_) * x);{'d0': {'_a2_': 1.4465760898386961, '_a5_': -1.134646382031686, '_a7_': 2.334312657806071, '_a0_': 1.0, '_a1_': 1.0, '_a3_': 1.0, '_a4_': 1.0, '_a6_': 1.0}};{'d0': 0.024905832919416636};-280.569866449044;35.87361367813895
13267;-104.411319546383;(((pow2((x + (_a5_ + _a2_))) * (_a7_ * _a2_)) + _a2_) * x);{'d0': {'_a2_': 1.4465760898386961, '_a5_': -1.134646382031686, '_a7_': 2.334312657806071, '_a0_': 1.0, '_a1_': 1.0, '_a3_': 1.0, '_a4_': 1.0, '_a6_': 1.0}};{'d0': 0.024905832919416636};-280.569866449044;35.87361367813895
13268;-104.411319546383;(((pow2((x + (_a5_ + _a2_))) * (_a7_ * _a2_)) + _a2_) * x);{'d0': {'_a2_': 1.4465760898386961, '_a5_': -1.134646382031686, '_a7_': 2.334312657806071, '_a0_': 1.0, '_a1_': 1.0, '_a3_': 1.0, '_a4_': 1.0, '_a6_': 1.0}};{'d0': 0.024905832919416636};-280.569866449044;35.87361367813895
13269;-104.411319546383;(((pow2((x + (_a5_ + _a2_))) * (_a7_ * _a2_)) + _a2_) * x);{'d0': {'_a2_': 1.4465760898386961, '_a5_': -1.134646382031686, '_a7_': 2.334312657806071, '_a0_': 1.0, '_a1_': 1.0, '_a3_': 1.0, '_a4_': 1.0, '_a6_': 1.0}};{'d0': 0.024905832919416636};-280.569866449044;35.87361367813895
13270;-104.411319546383;(((pow2((x + (_a5_ + _a2_))) * (_a7_ * _a2_)) + _a2_) * x);{'d0': {'_a2_': 1.4465760898386961, '_a5_': -1.134646382031686, '_a7_': 2.334312657806071, '_a0_': 1.0, '_a1_': 1.0, '_a3_': 1.0, '_a4_': 1.0, '_a6_': 1.0}};{'d0': 0.024905832919416636};-280.569866449044;35.87361367813895
13271;-104.411319546383;(((pow2((x + (_a5_ + _a2_))) * (_a7_ * _a2_)) + _a2_) * x);{'d0': {'_a2_': 1.4465760898386961, '_a5_': -1.134646382031686, '_a7_': 2.334312657806071, '_a0_': 1.0, '_a1_': 1.0, '_a3_': 1.0, '_a4_': 1.0, '_a6_': 1.0}};{'d0': 0.024905832919416636};-280.569866449044;35.87361367813895
13272;-104.411319546383;(((pow2((x + (_a5_ + _a2_))) * (_a7_ * _a2_)) + _a2_) * x);{'d0': {'_a2_': 1.4465760898386961, '_a5_': -1.134646382031686, '_a7_': 2.334312657806071, '_a0_': 1.0, '_a1_': 1.0, '_a3_': 1.0, '_a4_': 1.0, '_a6_': 1.0}};{'d0': 0.024905832919416636};-280.569866449044;35.87361367813895
13273;-104.411319546383;(((pow2((x + (_a5_ + _a2_))) * (_a7_ * _a2_)) + _a2_) * x);{'d0': {'_a2_': 1.4465760898386961, '_a5_': -1.134646382031686, '_a7_': 2.334312657806071, '_a0_': 1.0, '_a1_': 1.0, '_a3_': 1.0, '_a4_': 1.0, '_a6_': 1.0}};{'d0': 0.024905832919416636};-280.569866449044;35.87361367813895
13274;-104.411319546383;(((pow2((x + (_a5_ + _a2_))) * (_a7_ * _a2_)) + _a2_) * x);{'d0': {'_a2_': 1.4465760898386961, '_a5_': -1.134646382031686, '_a7_': 2.334312657806071, '_a0_': 1.0, '_a1_': 1.0, '_a3_': 1.0, '_a4_': 1.0, '_a6_': 1.0}};{'d0': 0.024905832919416636};-280.569866449044;35.87361367813895
13275;-104.411319546383;(((pow2((x + (_a5_ + _a2_))) * (_a7_ * _a2_)) + _a2_) * x);{'d0': {'_a2_': 1.4465760898386961, '_a5_': -1.134646382031686, '_a7_': 2.334312657806071, '_a0_': 1.0, '_a1_': 1.0, '_a3_': 1.0, '_a4_': 1.0, '_a6_': 1.0}};{'d0': 0.024905832919416636};-280.569866449044;35.87361367813895
13276;-104.411319546383;(((pow2((x + (_a5_ + _a2_))) * (_a7_ * _a2_)) + _a2_) * x);{'d0': {'_a2_': 1.4465760898386961, '_a5_': -1.134646382031686, '_a7_': 2.334312657806071, '_a0_': 1.0, '_a1_': 1.0, '_a3_': 1.0, '_a4_': 1.0, '_a6_': 1.0}};{'d0': 0.024905832919416636};-280.569866449044;35.87361367813895
13277;-104.411319546383;(((pow2((x + (_a5_ + _a2_))) * (_a7_ * _a2_)) + _a2_) * x);{'d0': {'_a2_': 1.4465760898386961, '_a5_': -1.134646382031686, '_a7_': 2.334312657806071, '_a0_': 1.0, '_a1_': 1.0, '_a3_': 1.0, '_a4_': 1.0, '_a6_': 1.0}};{'d0': 0.024905832919416636};-280.569866449044;35.87361367813895
13278;-104.411319546383;(((pow2((x + (_a5_ + _a2_))) * (_a7_ * _a2_)) + _a2_) * x);{'d0': {'_a2_': 1.4465760898386961, '_a5_': -1.134646382031686, '_a7_': 2.334312657806071, '_a0_': 1.0, '_a1_': 1.0, '_a3_': 1.0, '_a4_': 1.0, '_a6_': 1.0}};{'d0': 0.024905832919416636};-280.569866449044;35.87361367813895
13279;-104.411319546383;(((pow2((x + (_a5_ + _a2_))) * (_a7_ * _a2_)) + _a2_) * x);{'d0': {'_a2_': 1.4465760898386961, '_a5_': -1.134646382031686, '_a7_': 2.334312657806071, '_a0_': 1.0, '_a1_': 1.0, '_a3_': 1.0, '_a4_': 1.0, '_a6_': 1.0}};{'d0': 0.024905832919416636};-280.569866449044;35.87361367813895
13280;-104.411319546383;(((pow2((x + (_a5_ + _a2_))) * (_a7_ * _a2_)) + _a2_) * x);{'d0': {'_a2_': 1.4465760898386961, '_a5_': -1.134646382031686, '_a7_': 2.334312657806071, '_a0_': 1.0, '_a1_': 1.0, '_a3_': 1.0, '_a4_': 1.0, '_a6_': 1.0}};{'d0': 0.024905832919416636};-280.569866449044;35.87361367813895
13281;-104.411319546383;(((pow2((x + (_a5_ + _a2_))) * (_a7_ * _a2_)) + _a2_) * x);{'d0': {'_a2_': 1.4465760898386961, '_a5_': -1.134646382031686, '_a7_': 2.334312657806071, '_a0_': 1.0, '_a1_': 1.0, '_a3_': 1.0, '_a4_': 1.0, '_a6_': 1.0}};{'d0': 0.024905832919416636};-280.569866449044;35.87361367813895
13282;-104.411319546383;(((pow2((x + (_a5_ + _a2_))) * (_a7_ * _a2_)) + _a2_) * x);{'d0': {'_a2_': 1.4465760898386961, '_a5_': -1.134646382031686, '_a7_': 2.334312657806071, '_a0_': 1.0, '_a1_': 1.0, '_a3_': 1.0, '_a4_': 1.0, '_a6_': 1.0}};{'d0': 0.024905832919416636};-280.569866449044;35.87361367813895
13283;-104.411319546383;(((pow2((x + (_a5_ + _a2_))) * (_a7_ * _a2_)) + _a2_) * x);{'d0': {'_a2_': 1.4465760898386961, '_a5_': -1.134646382031686, '_a7_': 2.334312657806071, '_a0_': 1.0, '_a1_': 1.0, '_a3_': 1.0, '_a4_': 1.0, '_a6_': 1.0}};{'d0': 0.024905832919416636};-280.569866449044;35.87361367813895
13284;-104.411319546383;(((pow2((x + (_a5_ + _a2_))) * (_a7_ * _a2_)) + _a2_) * x);{'d0': {'_a2_': 1.4465760898386961, '_a5_': -1.134646382031686, '_a7_': 2.334312657806071, '_a0_': 1.0, '_a1_': 1.0, '_a3_': 1.0, '_a4_': 1.0, '_a6_': 1.0}};{'d0': 0.024905832919416636};-280.569866449044;35.87361367813895
13285;-100.713385073773;(((pow2((x + (_a5_ + _a2_))) * (_a7_ * pow2(_a2_))) + _a2_) * x);{'d0': {'_a2_': 1.446576088908783, '_a5_': -1.1346463811297283, '_a7_': 1.6136812152761029, '_a0_': 1.0, '_a1_': 1.0, '_a3_': 1.0, '_a4_': 1.0, '_a6_': 1.0}};{'d0': 0.024905832919416646};-280.569866449044;39.57154815074895
13286;-100.713385073773;(((pow2((x + (_a5_ + _a2_))) * (_a7_ * pow2(_a2_))) + _a2_) * x);{'d0': {'_a2_': 1.446576088908783, '_a5_': -1.1346463811297283, '_a7_': 1.6136812152761029, '_a0_': 1.0, '_a1_': 1.0, '_a3_': 1.0, '_a4_': 1.0, '_a6_': 1.0}};{'d0': 0.024905832919416646};-280.569866449044;39.57154815074895
13287;-100.713385073773;(((pow2((x + (_a5_ + _a2_))) * (_a7_ * pow2(_a2_))) + _a2_) * x);{'d0': {'_a2_': 1.446576088908783, '_a5_': -1.1346463811297283, '_a7_': 1.6136812152761029, '_a0_': 1.0, '_a1_': 1.0, '_a3_': 1.0, '_a4_': 1.0, '_a6_': 1.0}};{'d0': 0.024905832919416646};-280.569866449044;39.57154815074895
13288;-100.713385073773;(((pow2((x + (_a5_ + _a2_))) * (_a7_ * pow2(_a2_))) + _a2_) * x);{'d0': {'_a2_': 1.446576088908783, '_a5_': -1.1346463811297283, '_a7_': 1.6136812152761029, '_a0_': 1.0, '_a1_': 1.0, '_a3_': 1.0, '_a4_': 1.0, '_a6_': 1.0}};{'d0': 0.024905832919416646};-280.569866449044;39.57154815074895
13289;-100.713385073773;(((pow2((x + (_a5_ + _a2_))) * (_a7_ * pow2(_a2_))) + _a2_) * x);{'d0': {'_a2_': 1.446576088908783, '_a5_': -1.1346463811297283, '_a7_': 1.6136812152761029, '_a0_': 1.0, '_a1_': 1.0, '_a3_': 1.0, '_a4_': 1.0, '_a6_': 1.0}};{'d0': 0.024905832919416646};-280.569866449044;39.57154815074895
13290;-100.713385073773;(((pow2((x + (_a5_ + _a2_))) * (_a7_ * pow2(_a2_))) + _a2_) * x);{'d0': {'_a2_': 1.446576088908783, '_a5_': -1.1346463811297283, '_a7_': 1.6136812152761029, '_a0_': 1.0, '_a1_': 1.0, '_a3_': 1.0, '_a4_': 1.0, '_a6_': 1.0}};{'d0': 0.024905832919416646};-280.569866449044;39.57154815074895
13291;-100.713385073773;(((pow2((x + (_a5_ + _a2_))) * (_a7_ * pow2(_a2_))) + _a2_) * x);{'d0': {'_a2_': 1.446576088908783, '_a5_': -1.1346463811297283, '_a7_': 1.6136812152761029, '_a0_': 1.0, '_a1_': 1.0, '_a3_': 1.0, '_a4_': 1.0, '_a6_': 1.0}};{'d0': 0.024905832919416646};-280.569866449044;39.57154815074895
13292;-100.713385073773;(((pow2((x + (_a5_ + _a2_))) * (_a7_ * pow2(_a2_))) + _a2_) * x);{'d0': {'_a2_': 1.446576088908783, '_a5_': -1.1346463811297283, '_a7_': 1.6136812152761029, '_a0_': 1.0, '_a1_': 1.0, '_a3_': 1.0, '_a4_': 1.0, '_a6_': 1.0}};{'d0': 0.024905832919416646};-280.569866449044;39.57154815074895
13293;-100.713385073773;(((pow2((x + (_a5_ + _a2_))) * (_a7_ * pow2(_a2_))) + _a2_) * x);{'d0': {'_a2_': 1.446576088908783, '_a5_': -1.1346463811297283, '_a7_': 1.6136812152761029, '_a0_': 1.0, '_a1_': 1.0, '_a3_': 1.0, '_a4_': 1.0, '_a6_': 1.0}};{'d0': 0.024905832919416646};-280.569866449044;39.57154815074895
13294;-100.713385073773;(((pow2((x + (_a5_ + _a2_))) * (_a7_ * pow2(_a2_))) + _a2_) * x);{'d0': {'_a2_': 1.446576088908783, '_a5_': -1.1346463811297283, '_a7_': 1.6136812152761029, '_a0_': 1.0, '_a1_': 1.0, '_a3_': 1.0, '_a4_': 1.0, '_a6_': 1.0}};{'d0': 0.024905832919416646};-280.569866449044;39.57154815074895
13295;-102.936051650193;(((pow2((x + pow2(_a3_))) * (_a7_ * pow2(_a2_))) + _a2_) * x);{'d0': {'_a2_': 1.4465760894060504, '_a3_': 0.5585066765643917, '_a7_': 1.613681213390502, '_a0_': 1.0, '_a1_': 1.0, '_a4_': 1.0, '_a5_': 1.0, '_a6_': 1.0}};{'d0': 0.024905832919416643};-280.569866449044;37.348881574328956
13296;-102.936051650193;(((pow2((x + pow2(_a3_))) * (_a7_ * pow2(_a2_))) + _a2_) * x);{'d0': {'_a2_': 1.4465760894060504, '_a3_': 0.5585066765643917, '_a7_': 1.613681213390502, '_a0_': 1.0, '_a1_': 1.0, '_a4_': 1.0, '_a5_': 1.0, '_a6_': 1.0}};{'d0': 0.024905832919416643};-280.569866449044;37.348881574328956
13297;-102.936051650193;(((pow2((x + pow2(_a3_))) * (_a7_ * pow2(_a2_))) + _a2_) * x);{'d0': {'_a2_': 1.4465760894060504, '_a3_': 0.5585066765643917, '_a7_': 1.613681213390502, '_a0_': 1.0, '_a1_': 1.0, '_a4_': 1.0, '_a5_': 1.0, '_a6_': 1.0}};{'d0': 0.024905832919416643};-280.569866449044;37.348881574328956
13298;-102.936051650193;(((pow2((x + pow2(_a3_))) * (_a7_ * pow2(_a3_))) + _a2_) * x);{'d0': {'_a2_': 1.446576089439273, '_a3_': 0.5585066766391105, '_a7_': 10.825390444159707, '_a0_': 1.0, '_a1_': 1.0, '_a4_': 1.0, '_a5_': 1.0, '_a6_': 1.0}};{'d0': 0.02490583291941666};-280.569866449044;37.348881574328956
13299;-102.936051650193;(((pow2((x + pow2(_a3_))) * (_a7_ * pow2(_a3_))) + _a2_) * x);{'d0': {'_a2_': 1.446576089439273, '_a3_': 0.5585066766391105, '_a7_': 10.825390444159707, '_a0_': 1.0, '_a1_': 1.0, '_a4_': 1.0, '_a5_': 1.0, '_a6_': 1.0}};{'d0': 0.02490583291941666};-280.569866449044;37.348881574328956
13300;-102.936051650193;(((pow2((x + pow2(_a3_))) * (_a7_ * pow2(_a3_))) + _a2_) * x);{'d0': {'_a2_': 1.446576089439273, '_a3_': 0.5585066766391105, '_a7_': 10.825390444159707, '_a0_': 1.0, '_a1_': 1.0, '_a4_': 1.0, '_a5_': 1.0, '_a6_': 1.0}};{'d0': 0.02490583291941666};-280.569866449044;37.348881574328956
13301;-102.936051650193;(((pow2((x + pow2(_a3_))) * (_a7_ * pow2(_a3_))) + _a2_) * x);{'d0': {'_a2_': 1.446576089439273, '_a3_': 0.5585066766391105, '_a7_': 10.825390444159707, '_a0_': 1.0, '_a1_': 1.0, '_a4_': 1.0, '_a5_': 1.0, '_a6_': 1.0}};{'d0': 0.02490583291941666};-280.569866449044;37.348881574328956
13302;-105.608355025257;(((-((_a5_ + _a6_)) * pow2((x + _a0_))) + _a5_) * x);{'d0': {'_a0_': 0.31192970766611106, '_a5_': 1.446576089009859, '_a6_': -4.823336967439998, '_a1_': 1.0, '_a2_': 1.0, '_a3_': 1.0, '_a4_': 1.0, '_a7_': 1.0}};{'d0': 0.024905832919416688};-280.569866449043;34.67657819926445
13303;-105.608355025257;(((-((_a5_ + _a6_)) * pow2((x + _a0_))) + _a5_) * x);{'d0': {'_a0_': 0.31192970766611106, '_a5_': 1.446576089009859, '_a6_': -4.823336967439998, '_a1_': 1.0, '_a2_': 1.0, '_a3_': 1.0, '_a4_': 1.0, '_a7_': 1.0}};{'d0': 0.024905832919416688};-280.569866449043;34.67657819926445
13304;-105.608355025257;(((-((_a5_ + _a6_)) * pow2((x + _a0_))) + _a5_) * x);{'d0': {'_a0_': 0.31192970766611106, '_a5_': 1.446576089009859, '_a6_': -4.823336967439998, '_a1_': 1.0, '_a2_': 1.0, '_a3_': 1.0, '_a4_': 1.0, '_a7_': 1.0}};{'d0': 0.024905832919416688};-280.569866449043;34.67657819926445
13305;-105.608355025257;(((-((_a5_ + _a6_)) * pow2((x + _a0_))) + _a5_) * x);{'d0': {'_a0_': 0.31192970766611106, '_a5_': 1.446576089009859, '_a6_': -4.823336967439998, '_a1_': 1.0, '_a2_': 1.0, '_a3_': 1.0, '_a4_': 1.0, '_a7_': 1.0}};{'d0': 0.024905832919416688};-280.569866449043;34.67657819926445
13306;-105.608355025257;(((-((_a5_ + _a6_)) * pow2((x + _a0_))) + _a5_) * x);{'d0': {'_a0_': 0.31192970766611106, '_a5_': 1.446576089009859, '_a6_': -4.823336967439998, '_a1_': 1.0, '_a2_': 1.0, '_a3_': 1.0, '_a4_': 1.0, '_a7_': 1.0}};{'d0': 0.024905832919416688};-280.569866449043;34.67657819926445
13307;-105.608355025257;(((-((_a5_ + _a6_)) * pow2((x + _a0_))) + _a5_) * x);{'d0': {'_a0_': 0.31192970766611106, '_a5_': 1.446576089009859, '_a6_': -4.823336967439998, '_a1_': 1.0, '_a2_': 1.0, '_a3_': 1.0, '_a4_': 1.0, '_a7_': 1.0}};{'d0': 0.024905832919416688};-280.569866449043;34.67657819926445
13308;-105.608355025257;(((-((_a5_ + _a6_)) * pow2((x + _a0_))) + _a5_) * x);{'d0': {'_a0_': 0.31192970766611106, '_a5_': 1.446576089009859, '_a6_': -4.823336967439998, '_a1_': 1.0, '_a2_': 1.0, '_a3_': 1.0, '_a4_': 1.0, '_a7_': 1.0}};{'d0': 0.024905832919416688};-280.569866449043;34.67657819926445
13309;-105.608355025257;(((-((_a5_ + _a6_)) * pow2((x + _a0_))) + _a5_) * x);{'d0': {'_a0_': 0.31192970766611106, '_a5_': 1.446576089009859, '_a6_': -4.823336967439998, '_a1_': 1.0, '_a2_': 1.0, '_a3_': 1.0, '_a4_': 1.0, '_a7_': 1.0}};{'d0': 0.024905832919416688};-280.569866449043;34.67657819926445
13310;-105.608355025257;(((-((_a5_ + _a6_)) * pow2((x + _a0_))) + _a5_) * x);{'d0': {'_a0_': 0.31192970766611106, '_a5_': 1.446576089009859, '_a6_': -4.823336967439998, '_a1_': 1.0, '_a2_': 1.0, '_a3_': 1.0, '_a4_': 1.0, '_a7_': 1.0}};{'d0': 0.024905832919416688};-280.569866449043;34.67657819926445
13311;-105.608355025257;(((-((_a5_ + _a6_)) * pow2((x + _a0_))) + _a5_) * x);{'d0': {'_a0_': 0.31192970766611106, '_a5_': 1.446576089009859, '_a6_': -4.823336967439998, '_a1_': 1.0, '_a2_': 1.0, '_a3_': 1.0, '_a4_': 1.0, '_a7_': 1.0}};{'d0': 0.024905832919416688};-280.569866449043;34.67657819926445
13312;-105.608355025257;(((-((_a5_ + _a6_)) * pow2((x + _a0_))) + _a5_) * x);{'d0': {'_a0_': 0.31192970766611106, '_a5_': 1.446576089009859, '_a6_': -4.823336967439998, '_a1_': 1.0, '_a2_': 1.0, '_a3_': 1.0, '_a4_': 1.0, '_a7_': 1.0}};{'d0': 0.024905832919416688};-280.569866449043;34.67657819926445
13313;-105.608355025257;(((-((_a5_ + _a6_)) * pow2((x + _a0_))) + _a5_) * x);{'d0': {'_a0_': 0.31192970766611106, '_a5_': 1.446576089009859, '_a6_': -4.823336967439998, '_a1_': 1.0, '_a2_': 1.0, '_a3_': 1.0, '_a4_': 1.0, '_a7_': 1.0}};{'d0': 0.024905832919416688};-280.569866449043;34.67657819926445
13314;-105.608355025257;(((-((_a5_ + _a6_)) * pow2((x + _a0_))) + _a5_) * x);{'d0': {'_a0_': 0.31192970766611106, '_a5_': 1.446576089009859, '_a6_': -4.823336967439998, '_a1_': 1.0, '_a2_': 1.0, '_a3_': 1.0, '_a4_': 1.0, '_a7_': 1.0}};{'d0': 0.024905832919416688};-280.569866449043;34.67657819926445
13315;-105.608355025257;(((-((_a5_ + _a6_)) * pow2((x + _a0_))) + _a5_) * x);{'d0': {'_a0_': 0.31192970766611106, '_a5_': 1.446576089009859, '_a6_': -4.823336967439998, '_a1_': 1.0, '_a2_': 1.0, '_a3_': 1.0, '_a4_': 1.0, '_a7_': 1.0}};{'d0': 0.024905832919416688};-280.569866449043;34.67657819926445
13316;-105.608355025257;(((-((_a5_ + _a6_)) * pow2((x + _a0_))) + _a5_) * x);{'d0': {'_a0_': 0.31192970766611106, '_a5_': 1.446576089009859, '_a6_': -4.823336967439998, '_a1_': 1.0, '_a2_': 1.0, '_a3_': 1.0, '_a4_': 1.0, '_a7_': 1.0}};{'d0': 0.024905832919416688};-280.569866449043;34.67657819926445
13317;-105.608355025257;(((-((_a5_ + _a6_)) * pow2((x + _a0_))) + _a5_) * x);{'d0': {'_a0_': 0.31192970766611106, '_a5_': 1.446576089009859, '_a6_': -4.823336967439998, '_a1_': 1.0, '_a2_': 1.0, '_a3_': 1.0, '_a4_': 1.0, '_a7_': 1.0}};{'d0': 0.024905832919416688};-280.569866449043;34.67657819926445
13318;-105.608355025257;(((-((_a5_ + _a6_)) * pow2((x + _a0_))) + _a5_) * x);{'d0': {'_a0_': 0.31192970766611106, '_a5_': 1.446576089009859, '_a6_': -4.823336967439998, '_a1_': 1.0, '_a2_': 1.0, '_a3_': 1.0, '_a4_': 1.0, '_a7_': 1.0}};{'d0': 0.024905832919416688};-280.569866449043;34.67657819926445
13319;-105.608355025257;(((-((_a5_ + _a6_)) * pow2((x + _a0_))) + _a5_) * x);{'d0': {'_a0_': 0.31192970766611106, '_a5_': 1.446576089009859, '_a6_': -4.823336967439998, '_a1_': 1.0, '_a2_': 1.0, '_a3_': 1.0, '_a4_': 1.0, '_a7_': 1.0}};{'d0': 0.024905832919416688};-280.569866449043;34.67657819926445
13320;-105.608355025257;(((-((_a5_ + _a6_)) * pow2((x + _a0_))) + _a5_) * x);{'d0': {'_a0_': 0.31192970766611106, '_a5_': 1.446576089009859, '_a6_': -4.823336967439998, '_a1_': 1.0, '_a2_': 1.0, '_a3_': 1.0, '_a4_': 1.0, '_a7_': 1.0}};{'d0': 0.024905832919416688};-280.569866449043;34.67657819926445
13321;-105.608355025257;(((-((_a5_ + _a6_)) * pow2((x + _a0_))) + _a5_) * x);{'d0': {'_a0_': 0.31192970766611106, '_a5_': 1.446576089009859, '_a6_': -4.823336967439998, '_a1_': 1.0, '_a2_': 1.0, '_a3_': 1.0, '_a4_': 1.0, '_a7_': 1.0}};{'d0': 0.024905832919416688};-280.569866449043;34.67657819926445
13322;-105.608355025257;(((-((_a5_ + _a6_)) * pow2((x + _a0_))) + _a5_) * x);{'d0': {'_a0_': 0.31192970766611106, '_a5_': 1.446576089009859, '_a6_': -4.823336967439998, '_a1_': 1.0, '_a2_': 1.0, '_a3_': 1.0, '_a4_': 1.0, '_a7_': 1.0}};{'d0': 0.024905832919416688};-280.569866449043;34.67657819926445
13323;-105.608355025257;(((-((_a5_ + _a6_)) * pow2((x + _a0_))) + _a5_) * x);{'d0': {'_a0_': 0.31192970766611106, '_a5_': 1.446576089009859, '_a6_': -4.823336967439998, '_a1_': 1.0, '_a2_': 1.0, '_a3_': 1.0, '_a4_': 1.0, '_a7_': 1.0}};{'d0': 0.024905832919416688};-280.569866449043;34.67657819926445
13324;-98.0221812714345;(_a7_ * ((_a2_ * x) * (-(_a6_) + pow2(((-(_a6_) + x) * _a2_)))));{'d0': {'_a2_': 0.8533120570903123, '_a6_': -0.3119297079802011, '_a7_': 5.434713587094529, '_a0_': 1.0, '_a1_': 1.0, '_a3_': 1.0, '_a4_': 1.0, '_a5_': 1.0}};{'d0': 0.024905832919416542};-280.569866449044;42.26275195308754
13325;-98.0221812714345;(_a7_ * ((_a2_ * x) * (-(_a6_) + pow2(((-(_a6_) + x) * _a2_)))));{'d0': {'_a2_': 0.8533120570903123, '_a6_': -0.3119297079802011, '_a7_': 5.434713587094529, '_a0_': 1.0, '_a1_': 1.0, '_a3_': 1.0, '_a4_': 1.0, '_a5_': 1.0}};{'d0': 0.024905832919416542};-280.569866449044;42.26275195308754
13326;-98.0221812714345;(_a7_ * ((_a2_ * x) * (-(_a6_) + pow2(((-(_a6_) + x) * _a2_)))));{'d0': {'_a2_': 0.8533120570903123, '_a6_': -0.3119297079802011, '_a7_': 5.434713587094529, '_a0_': 1.0, '_a1_': 1.0, '_a3_': 1.0, '_a4_': 1.0, '_a5_': 1.0}};{'d0': 0.024905832919416542};-280.569866449044;42.26275195308754
13327;-98.0221812714345;(_a7_ * ((_a2_ * x) * (-(_a6_) + pow2(((-(_a6_) + x) * _a2_)))));{'d0': {'_a2_': 0.8533120570903123, '_a6_': -0.3119297079802011, '_a7_': 5.434713587094529, '_a0_': 1.0, '_a1_': 1.0, '_a3_': 1.0, '_a4_': 1.0, '_a5_': 1.0}};{'d0': 0.024905832919416542};-280.569866449044;42.26275195308754
13328;-98.0221812714345;(_a7_ * ((_a2_ * x) * (-(_a6_) + pow2(((-(_a6_) + x) * _a2_)))));{'d0': {'_a2_': 0.8533120570903123, '_a6_': -0.3119297079802011, '_a7_': 5.434713587094529, '_a0_': 1.0, '_a1_': 1.0, '_a3_': 1.0, '_a4_': 1.0, '_a5_': 1.0}};{'d0': 0.024905832919416542};-280.569866449044;42.26275195308754
13329;-98.0221812714344;(_a7_ * ((_a2_ * x) * (-(_a6_) + pow2(((-(_a6_) + x) * _a7_)))));{'d0': {'_a2_': 5.434713597556412, '_a6_': -0.3119297078082912, '_a7_': 0.8533120562935771, '_a0_': 1.0, '_a1_': 1.0, '_a3_': 1.0, '_a4_': 1.0, '_a5_': 1.0}};{'d0': 0.024905832919416598};-280.569866449044;42.26275195308754
13330;-98.0221812714344;(_a7_ * ((_a2_ * x) * (-(_a6_) + pow2(((-(_a6_) + x) * _a7_)))));{'d0': {'_a2_': 5.434713597556412, '_a6_': -0.3119297078082912, '_a7_': 0.8533120562935771, '_a0_': 1.0, '_a1_': 1.0, '_a3_': 1.0, '_a4_': 1.0, '_a5_': 1.0}};{'d0': 0.024905832919416598};-280.569866449044;42.26275195308754
13331;-98.0221812714344;(_a7_ * ((_a2_ * x) * (-(_a6_) + pow2(((-(_a6_) + x) * _a7_)))));{'d0': {'_a2_': 5.434713597556412, '_a6_': -0.3119297078082912, '_a7_': 0.8533120562935771, '_a0_': 1.0, '_a1_': 1.0, '_a3_': 1.0, '_a4_': 1.0, '_a5_': 1.0}};{'d0': 0.024905832919416598};-280.569866449044;42.26275195308754
13332;-98.0221812714344;(_a7_ * ((_a2_ * x) * (-(_a6_) + pow2(((-(_a6_) + x) * _a7_)))));{'d0': {'_a2_': 5.434713597556412, '_a6_': -0.3119297078082912, '_a7_': 0.8533120562935771, '_a0_': 1.0, '_a1_': 1.0, '_a3_': 1.0, '_a4_': 1.0, '_a5_': 1.0}};{'d0': 0.024905832919416598};-280.569866449044;42.26275195308754
13333;-98.0221812714344;(_a7_ * ((_a2_ * x) * (-(_a6_) + pow2(((-(_a6_) + x) * _a7_)))));{'d0': {'_a2_': 5.434713597556412, '_a6_': -0.3119297078082912, '_a7_': 0.8533120562935771, '_a0_': 1.0, '_a1_': 1.0, '_a3_': 1.0, '_a4_': 1.0, '_a5_': 1.0}};{'d0': 0.024905832919416598};-280.569866449044;42.26275195308754
13334;-98.0221812714344;(_a7_ * ((_a2_ * x) * (-(_a6_) + pow2(((-(_a6_) + x) * _a7_)))));{'d0': {'_a2_': 5.434713597556412, '_a6_': -0.3119297078082912, '_a7_': 0.8533120562935771, '_a0_': 1.0, '_a1_': 1.0, '_a3_': 1.0, '_a4_': 1.0, '_a5_': 1.0}};{'d0': 0.024905832919416598};-280.569866449044;42.26275195308754
13335;-98.0221812714344;(_a7_ * ((_a2_ * x) * (-(_a6_) + pow2(((-(_a6_) + x) * _a7_)))));{'d0': {'_a2_': 5.434713597556412, '_a6_': -0.3119297078082912, '_a7_': 0.8533120562935771, '_a0_': 1.0, '_a1_': 1.0, '_a3_': 1.0, '_a4_': 1.0, '_a5_': 1.0}};{'d0': 0.024905832919416598};-280.569866449044;42.26275195308754
13336;-98.0221812714344;(_a7_ * ((_a2_ * x) * (-(_a6_) + pow2(((-(_a6_) + x) * _a7_)))));{'d0': {'_a2_': 5.434713597556412, '_a6_': -0.3119297078082912, '_a7_': 0.8533120562935771, '_a0_': 1.0, '_a1_': 1.0, '_a3_': 1.0, '_a4_': 1.0, '_a5_': 1.0}};{'d0': 0.024905832919416598};-280.569866449044;42.26275195308754
13337;-105.608355025257;(((-((_a5_ + _a6_)) * pow2((x + _a0_))) + _a5_) * x);{'d0': {'_a0_': 0.31192970766611106, '_a5_': 1.446576089009859, '_a6_': -4.823336967439998, '_a1_': 1.0, '_a2_': 1.0, '_a3_': 1.0, '_a4_': 1.0, '_a7_': 1.0}};{'d0': 0.024905832919416688};-280.569866449043;34.67657819926445
13338;-105.608355025257;(((-((_a5_ + _a6_)) * pow2((x + _a0_))) + _a5_) * x);{'d0': {'_a0_': 0.31192970766611106, '_a5_': 1.446576089009859, '_a6_': -4.823336967439998, '_a1_': 1.0, '_a2_': 1.0, '_a3_': 1.0, '_a4_': 1.0, '_a7_': 1.0}};{'d0': 0.024905832919416688};-280.569866449043;34.67657819926445
13339;-105.608355025257;(((-((_a5_ + _a6_)) * pow2((x + _a0_))) + _a5_) * x);{'d0': {'_a0_': 0.31192970766611106, '_a5_': 1.446576089009859, '_a6_': -4.823336967439998, '_a1_': 1.0, '_a2_': 1.0, '_a3_': 1.0, '_a4_': 1.0, '_a7_': 1.0}};{'d0': 0.024905832919416688};-280.569866449043;34.67657819926445
13340;-105.608355025257;(((-((_a5_ + _a6_)) * pow2((x + _a0_))) + _a5_) * x);{'d0': {'_a0_': 0.31192970766611106, '_a5_': 1.446576089009859, '_a6_': -4.823336967439998, '_a1_': 1.0, '_a2_': 1.0, '_a3_': 1.0, '_a4_': 1.0, '_a7_': 1.0}};{'d0': 0.024905832919416688};-280.569866449043;34.67657819926445
13341;-105.608355025257;(((-((_a5_ + _a6_)) * pow2((x + _a0_))) + _a5_) * x);{'d0': {'_a0_': 0.31192970766611106, '_a5_': 1.446576089009859, '_a6_': -4.823336967439998, '_a1_': 1.0, '_a2_': 1.0, '_a3_': 1.0, '_a4_': 1.0, '_a7_': 1.0}};{'d0': 0.024905832919416688};-280.569866449043;34.67657819926445
13342;-98.0221812714344;(_a7_ * ((_a2_ * x) * (-(_a6_) + pow2(((-(_a6_) + x) * _a7_)))));{'d0': {'_a2_': 5.434713597556412, '_a6_': -0.3119297078082912, '_a7_': 0.8533120562935771, '_a0_': 1.0, '_a1_': 1.0, '_a3_': 1.0, '_a4_': 1.0, '_a5_': 1.0}};{'d0': 0.024905832919416598};-280.569866449044;42.26275195308754
13343;-98.0221812714344;(_a7_ * ((_a2_ * x) * (-(_a6_) + pow2(((-(_a6_) + x) * _a7_)))));{'d0': {'_a2_': 5.434713597556412, '_a6_': -0.3119297078082912, '_a7_': 0.8533120562935771, '_a0_': 1.0, '_a1_': 1.0, '_a3_': 1.0, '_a4_': 1.0, '_a5_': 1.0}};{'d0': 0.024905832919416598};-280.569866449044;42.26275195308754
13344;-98.0221812714344;(_a7_ * ((_a2_ * x) * (-(_a6_) + pow2(((-(_a6_) + x) * _a7_)))));{'d0': {'_a2_': 5.434713597556412, '_a6_': -0.3119297078082912, '_a7_': 0.8533120562935771, '_a0_': 1.0, '_a1_': 1.0, '_a3_': 1.0, '_a4_': 1.0, '_a5_': 1.0}};{'d0': 0.024905832919416598};-280.569866449044;42.26275195308754
13345;-98.0221812714344;(_a7_ * ((_a2_ * x) * (-(_a6_) + pow2(((-(_a6_) + x) * _a7_)))));{'d0': {'_a2_': 5.434713597556412, '_a6_': -0.3119297078082912, '_a7_': 0.8533120562935771, '_a0_': 1.0, '_a1_': 1.0, '_a3_': 1.0, '_a4_': 1.0, '_a5_': 1.0}};{'d0': 0.024905832919416598};-280.569866449044;42.26275195308754
13346;-98.0221812714344;(_a7_ * ((_a2_ * x) * (-(_a6_) + pow2(((-(_a6_) + x) * _a7_)))));{'d0': {'_a2_': 5.434713597556412, '_a6_': -0.3119297078082912, '_a7_': 0.8533120562935771, '_a0_': 1.0, '_a1_': 1.0, '_a3_': 1.0, '_a4_': 1.0, '_a5_': 1.0}};{'d0': 0.024905832919416598};-280.569866449044;42.26275195308754
13347;-98.0221812714344;(_a7_ * ((_a2_ * x) * (-(_a6_) + pow2(((-(_a6_) + x) * _a7_)))));{'d0': {'_a2_': 5.434713597556412, '_a6_': -0.3119297078082912, '_a7_': 0.8533120562935771, '_a0_': 1.0, '_a1_': 1.0, '_a3_': 1.0, '_a4_': 1.0, '_a5_': 1.0}};{'d0': 0.024905832919416598};-280.569866449044;42.26275195308754
13348;-98.0221812714344;(_a7_ * ((_a2_ * x) * (-(_a6_) + pow2(((-(_a6_) + x) * _a7_)))));{'d0': {'_a2_': 5.434713597556412, '_a6_': -0.3119297078082912, '_a7_': 0.8533120562935771, '_a0_': 1.0, '_a1_': 1.0, '_a3_': 1.0, '_a4_': 1.0, '_a5_': 1.0}};{'d0': 0.024905832919416598};-280.569866449044;42.26275195308754
13349;-98.0221812714344;(_a7_ * ((_a2_ * x) * (-(_a6_) + pow2(((-(_a6_) + x) * _a7_)))));{'d0': {'_a2_': 5.434713597556412, '_a6_': -0.3119297078082912, '_a7_': 0.8533120562935771, '_a0_': 1.0, '_a1_': 1.0, '_a3_': 1.0, '_a4_': 1.0, '_a5_': 1.0}};{'d0': 0.024905832919416598};-280.569866449044;42.26275195308754
13350;-98.0221812714344;(_a7_ * ((_a2_ * x) * (-(_a6_) + pow2(((-(_a6_) + x) * _a7_)))));{'d0': {'_a2_': 5.434713597556412, '_a6_': -0.3119297078082912, '_a7_': 0.8533120562935771, '_a0_': 1.0, '_a1_': 1.0, '_a3_': 1.0, '_a4_': 1.0, '_a5_': 1.0}};{'d0': 0.024905832919416598};-280.569866449044;42.26275195308754
13351;-98.0221812714344;(_a7_ * ((_a2_ * x) * (-(_a6_) + pow2(((-(_a6_) + x) * _a7_)))));{'d0': {'_a2_': 5.434713597556412, '_a6_': -0.3119297078082912, '_a7_': 0.8533120562935771, '_a0_': 1.0, '_a1_': 1.0, '_a3_': 1.0, '_a4_': 1.0, '_a5_': 1.0}};{'d0': 0.024905832919416598};-280.569866449044;42.26275195308754
13352;-98.0221812714344;(_a7_ * ((_a2_ * x) * (-(_a6_) + pow2(((-(_a6_) + x) * _a7_)))));{'d0': {'_a2_': 5.434713597556412, '_a6_': -0.3119297078082912, '_a7_': 0.8533120562935771, '_a0_': 1.0, '_a1_': 1.0, '_a3_': 1.0, '_a4_': 1.0, '_a5_': 1.0}};{'d0': 0.024905832919416598};-280.569866449044;42.26275195308754
13353;-98.0221812714345;(_a7_ * ((_a2_ * x) * (-(_a6_) + pow2(((-(_a7_) + x) * _a7_)))));{'d0': {'_a2_': -111.25770391366281, '_a6_': -0.04168256641964076, '_a7_': -0.31192970773735934, '_a0_': 1.0, '_a1_': 1.0, '_a3_': 1.0, '_a4_': 1.0, '_a5_': 1.0}};{'d0': 0.024905832919416535};-280.569866449044;42.26275195308754
13354;-98.0221812714345;(_a7_ * ((_a2_ * x) * (-(_a6_) + pow2(((-(_a7_) + x) * _a7_)))));{'d0': {'_a2_': -111.25770391366281, '_a6_': -0.04168256641964076, '_a7_': -0.31192970773735934, '_a0_': 1.0, '_a1_': 1.0, '_a3_': 1.0, '_a4_': 1.0, '_a5_': 1.0}};{'d0': 0.024905832919416535};-280.569866449044;42.26275195308754
13355;-98.0221812714345;(_a7_ * ((_a2_ * x) * (-(_a6_) + pow2(((-(_a7_) + x) * _a7_)))));{'d0': {'_a2_': -111.25770391366281, '_a6_': -0.04168256641964076, '_a7_': -0.31192970773735934, '_a0_': 1.0, '_a1_': 1.0, '_a3_': 1.0, '_a4_': 1.0, '_a5_': 1.0}};{'d0': 0.024905832919416535};-280.569866449044;42.26275195308754
13356;-98.0221812714345;(_a7_ * ((_a2_ * x) * (-(_a6_) + pow2(((-(_a7_) + x) * _a7_)))));{'d0': {'_a2_': -111.25770391366281, '_a6_': -0.04168256641964076, '_a7_': -0.31192970773735934, '_a0_': 1.0, '_a1_': 1.0, '_a3_': 1.0, '_a4_': 1.0, '_a5_': 1.0}};{'d0': 0.024905832919416535};-280.569866449044;42.26275195308754
13357;-98.0221812714345;(_a7_ * ((_a2_ * x) * (-(_a6_) + pow2(((-(_a7_) + x) * _a7_)))));{'d0': {'_a2_': -111.25770391366281, '_a6_': -0.04168256641964076, '_a7_': -0.31192970773735934, '_a0_': 1.0, '_a1_': 1.0, '_a3_': 1.0, '_a4_': 1.0, '_a5_': 1.0}};{'d0': 0.024905832919416535};-280.569866449044;42.26275195308754
13358;-98.0221812714345;(_a7_ * ((_a2_ * x) * (-(_a6_) + pow2(((-(_a7_) + x) * _a7_)))));{'d0': {'_a2_': -111.25770391366281, '_a6_': -0.04168256641964076, '_a7_': -0.31192970773735934, '_a0_': 1.0, '_a1_': 1.0, '_a3_': 1.0, '_a4_': 1.0, '_a5_': 1.0}};{'d0': 0.024905832919416535};-280.569866449044;42.26275195308754
13359;-92.8839083260852;(((((pow2(((_a3_ + x) / _a7_)) + x) * -(_a7_)) + _a2_) * x) * _a5_);{'d0': {'_a2_': 1.295209871460529, '_a3_': 0.24766249311552138, '_a5_': 1.210626451009193, '_a7_': -0.35851708034390406, '_a0_': 1.0, '_a1_': 1.0, '_a4_': 1.0, '_a6_': 1.0}};{'d0': 0.024905832929813833};-276.475521861774;45.35385260480181
13360;-94.9310806197201;(((((pow2(((_a3_ + x) / _a7_)) + x) * -(_a7_)) + _a5_) * x) * _a5_);{'d0': {'_a3_': 0.2428205902619084, '_a5_': 1.2554024740925624, '_a7_': -0.37177713116085764, '_a0_': 1.0, '_a1_': 1.0, '_a2_': 1.0, '_a4_': 1.0, '_a6_': 1.0}};{'d0': 0.024905832919416664};-280.569866449044;45.35385260480181
13361;-94.9310806197201;(((((pow2(((_a3_ + x) / _a7_)) + x) * -(_a7_)) + _a5_) * x) * _a5_);{'d0': {'_a3_': 0.2428205902619084, '_a5_': 1.2554024740925624, '_a7_': -0.37177713116085764, '_a0_': 1.0, '_a1_': 1.0, '_a2_': 1.0, '_a4_': 1.0, '_a6_': 1.0}};{'d0': 0.024905832919416664};-280.569866449044;45.35385260480181
13362;-94.9310806197201;(((((pow2(((_a3_ + x) / _a7_)) + x) * -(_a7_)) + _a5_) * x) * _a5_);{'d0': {'_a3_': 0.2428205902619084, '_a5_': 1.2554024740925624, '_a7_': -0.37177713116085764, '_a0_': 1.0, '_a1_': 1.0, '_a2_': 1.0, '_a4_': 1.0, '_a6_': 1.0}};{'d0': 0.024905832919416664};-280.569866449044;45.35385260480181
13363;-94.9310806197201;(((((pow2(((_a3_ + x) / _a7_)) + x) * -(_a7_)) + _a5_) * x) * _a5_);{'d0': {'_a3_': 0.2428205902619084, '_a5_': 1.2554024740925624, '_a7_': -0.37177713116085764, '_a0_': 1.0, '_a1_': 1.0, '_a2_': 1.0, '_a4_': 1.0, '_a6_': 1.0}};{'d0': 0.024905832919416664};-280.569866449044;45.35385260480181
13364;-94.9310806197201;(((((pow2(((_a3_ + x) / _a7_)) + x) * -(_a7_)) + _a5_) * x) * _a5_);{'d0': {'_a3_': 0.2428205902619084, '_a5_': 1.2554024740925624, '_a7_': -0.37177713116085764, '_a0_': 1.0, '_a1_': 1.0, '_a2_': 1.0, '_a4_': 1.0, '_a6_': 1.0}};{'d0': 0.024905832919416664};-280.569866449044;45.35385260480181
13365;-94.9310806197201;(((((pow2(((_a3_ + x) / _a7_)) + x) * -(_a7_)) + _a5_) * x) * _a5_);{'d0': {'_a3_': 0.2428205902619084, '_a5_': 1.2554024740925624, '_a7_': -0.37177713116085764, '_a0_': 1.0, '_a1_': 1.0, '_a2_': 1.0, '_a4_': 1.0, '_a6_': 1.0}};{'d0': 0.024905832919416664};-280.569866449044;45.35385260480181
13366;-94.9310806197201;(((((pow2(((_a3_ + x) / _a7_)) + x) * -(_a7_)) + _a5_) * x) * _a5_);{'d0': {'_a3_': 0.2428205902619084, '_a5_': 1.2554024740925624, '_a7_': -0.37177713116085764, '_a0_': 1.0, '_a1_': 1.0, '_a2_': 1.0, '_a4_': 1.0, '_a6_': 1.0}};{'d0': 0.024905832919416664};-280.569866449044;45.35385260480181
13367;-94.9310806197201;(((((pow2(((_a3_ + x) / _a7_)) + x) * -(_a7_)) + _a5_) * x) * _a5_);{'d0': {'_a3_': 0.2428205902619084, '_a5_': 1.2554024740925624, '_a7_': -0.37177713116085764, '_a0_': 1.0, '_a1_': 1.0, '_a2_': 1.0, '_a4_': 1.0, '_a6_': 1.0}};{'d0': 0.024905832919416664};-280.569866449044;45.35385260480181
13368;-94.9310806197200;(((((pow2(((_a3_ + x) / _a7_)) + _a5_) * -(_a7_)) + _a5_) * x) * _a5_);{'d0': {'_a3_': 0.3119297078313991, '_a5_': 1.0504074157752725, '_a7_': -0.3110695288091219, '_a0_': 1.0, '_a1_': 1.0, '_a2_': 1.0, '_a4_': 1.0, '_a6_': 1.0}};{'d0': 0.0249058329194167};-280.569866449043;45.35385260480181
13369;-94.9310806197200;(((((pow2(((_a3_ + x) / _a7_)) + _a5_) * -(_a7_)) + _a5_) * x) * _a5_);{'d0': {'_a3_': 0.3119297078313991, '_a5_': 1.0504074157752725, '_a7_': -0.3110695288091219, '_a0_': 1.0, '_a1_': 1.0, '_a2_': 1.0, '_a4_': 1.0, '_a6_': 1.0}};{'d0': 0.0249058329194167};-280.569866449043;45.35385260480181
13370;-94.9310806197200;(((((pow2(((_a3_ + x) / _a7_)) + _a5_) * -(_a7_)) + _a5_) * x) * _a5_);{'d0': {'_a3_': 0.3119297078313991, '_a5_': 1.0504074157752725, '_a7_': -0.3110695288091219, '_a0_': 1.0, '_a1_': 1.0, '_a2_': 1.0, '_a4_': 1.0, '_a6_': 1.0}};{'d0': 0.0249058329194167};-280.569866449043;45.35385260480181
13371;-94.9310806197200;(((((pow2(((_a3_ + x) / _a7_)) + _a5_) * -(_a7_)) + _a5_) * x) * _a5_);{'d0': {'_a3_': 0.3119297078313991, '_a5_': 1.0504074157752725, '_a7_': -0.3110695288091219, '_a0_': 1.0, '_a1_': 1.0, '_a2_': 1.0, '_a4_': 1.0, '_a6_': 1.0}};{'d0': 0.0249058329194167};-280.569866449043;45.35385260480181
13372;-94.9310806197200;(((((pow2(((_a3_ + x) / _a7_)) + _a5_) * -(_a7_)) + _a5_) * x) * _a5_);{'d0': {'_a3_': 0.3119297078313991, '_a5_': 1.0504074157752725, '_a7_': -0.3110695288091219, '_a0_': 1.0, '_a1_': 1.0, '_a2_': 1.0, '_a4_': 1.0, '_a6_': 1.0}};{'d0': 0.0249058329194167};-280.569866449043;45.35385260480181
13373;-94.9310806197200;(((((pow2(((_a3_ + x) / _a7_)) + _a5_) * -(_a7_)) + _a5_) * x) * _a5_);{'d0': {'_a3_': 0.3119297078313991, '_a5_': 1.0504074157752725, '_a7_': -0.3110695288091219, '_a0_': 1.0, '_a1_': 1.0, '_a2_': 1.0, '_a4_': 1.0, '_a6_': 1.0}};{'d0': 0.0249058329194167};-280.569866449043;45.35385260480181
13374;-94.3412239551724;(_a7_ * ((-(_a5_) * x) * (-(_a6_) + pow2(((-(_a7_) + x) * _a7_)))));{'d0': {'_a5_': 111.25770392449749, '_a6_': -0.04168256641640349, '_a7_': -0.3119297077257719, '_a0_': 1.0, '_a1_': 1.0, '_a2_': 1.0, '_a3_': 1.0, '_a4_': 1.0}};{'d0': 0.024905832919416636};-280.569866449044;45.94370926934949
13375;-94.3412239551724;(_a7_ * ((-(_a5_) * x) * (-(_a6_) + pow2(((-(_a7_) + x) * _a7_)))));{'d0': {'_a5_': 111.25770392449749, '_a6_': -0.04168256641640349, '_a7_': -0.3119297077257719, '_a0_': 1.0, '_a1_': 1.0, '_a2_': 1.0, '_a3_': 1.0, '_a4_': 1.0}};{'d0': 0.024905832919416636};-280.569866449044;45.94370926934949
13376;-94.3412239551724;(_a7_ * ((-(_a5_) * x) * (-(_a6_) + pow2(((-(_a7_) + x) * _a7_)))));{'d0': {'_a5_': 111.25770392449749, '_a6_': -0.04168256641640349, '_a7_': -0.3119297077257719, '_a0_': 1.0, '_a1_': 1.0, '_a2_': 1.0, '_a3_': 1.0, '_a4_': 1.0}};{'d0': 0.024905832919416636};-280.569866449044;45.94370926934949
13377;-94.3412239551724;(_a7_ * ((-(_a5_) * x) * (-(_a6_) + pow2(((-(_a7_) + x) * _a7_)))));{'d0': {'_a5_': 111.25770392449749, '_a6_': -0.04168256641640349, '_a7_': -0.3119297077257719, '_a0_': 1.0, '_a1_': 1.0, '_a2_': 1.0, '_a3_': 1.0, '_a4_': 1.0}};{'d0': 0.024905832919416636};-280.569866449044;45.94370926934949
13378;-94.3412239551724;(_a7_ * ((-(_a5_) * x) * (-(_a6_) + pow2(((-(_a7_) + x) * _a7_)))));{'d0': {'_a5_': 111.25770392449749, '_a6_': -0.04168256641640349, '_a7_': -0.3119297077257719, '_a0_': 1.0, '_a1_': 1.0, '_a2_': 1.0, '_a3_': 1.0, '_a4_': 1.0}};{'d0': 0.024905832919416636};-280.569866449044;45.94370926934949
13379;-94.3412239551724;(_a7_ * ((-(_a5_) * x) * (-(_a6_) + pow2(((-(_a7_) + x) * _a7_)))));{'d0': {'_a5_': 111.25770392449749, '_a6_': -0.04168256641640349, '_a7_': -0.3119297077257719, '_a0_': 1.0, '_a1_': 1.0, '_a2_': 1.0, '_a3_': 1.0, '_a4_': 1.0}};{'d0': 0.024905832919416636};-280.569866449044;45.94370926934949
13380;-94.3412239551724;(_a7_ * ((-(_a5_) * x) * (-(_a6_) + pow2(((-(_a7_) + x) * _a7_)))));{'d0': {'_a5_': 111.25770392449749, '_a6_': -0.04168256641640349, '_a7_': -0.3119297077257719, '_a0_': 1.0, '_a1_': 1.0, '_a2_': 1.0, '_a3_': 1.0, '_a4_': 1.0}};{'d0': 0.024905832919416636};-280.569866449044;45.94370926934949
13381;-94.3412239551724;(_a7_ * ((-(_a5_) * x) * (-(_a6_) + pow2(((-(_a7_) + x) * _a7_)))));{'d0': {'_a5_': 111.25770392449749, '_a6_': -0.04168256641640349, '_a7_': -0.3119297077257719, '_a0_': 1.0, '_a1_': 1.0, '_a2_': 1.0, '_a3_': 1.0, '_a4_': 1.0}};{'d0': 0.024905832919416636};-280.569866449044;45.94370926934949
13382;-94.3412239551724;(_a7_ * ((-(_a5_) * x) * (-(_a6_) + pow2(((-(_a7_) + x) * _a7_)))));{'d0': {'_a5_': 111.25770392449749, '_a6_': -0.04168256641640349, '_a7_': -0.3119297077257719, '_a0_': 1.0, '_a1_': 1.0, '_a2_': 1.0, '_a3_': 1.0, '_a4_': 1.0}};{'d0': 0.024905832919416636};-280.569866449044;45.94370926934949
13383;-94.3412239551724;(_a7_ * ((-(_a5_) * x) * (-(_a6_) + pow2(((-(_a7_) + x) * _a7_)))));{'d0': {'_a5_': 111.25770392449749, '_a6_': -0.04168256641640349, '_a7_': -0.3119297077257719, '_a0_': 1.0, '_a1_': 1.0, '_a2_': 1.0, '_a3_': 1.0, '_a4_': 1.0}};{'d0': 0.024905832919416636};-280.569866449044;45.94370926934949
13384;-94.3412239551724;(_a7_ * ((-(_a5_) * x) * (-(_a6_) + pow2(((-(_a7_) + x) * _a7_)))));{'d0': {'_a5_': 111.25770392449749, '_a6_': -0.04168256641640349, '_a7_': -0.3119297077257719, '_a0_': 1.0, '_a1_': 1.0, '_a2_': 1.0, '_a3_': 1.0, '_a4_': 1.0}};{'d0': 0.024905832919416636};-280.569866449044;45.94370926934949
13385;-94.3412239551724;(_a7_ * ((-(_a5_) * x) * (-(_a6_) + pow2(((-(_a7_) + x) * _a7_)))));{'d0': {'_a5_': 111.25770392449749, '_a6_': -0.04168256641640349, '_a7_': -0.3119297077257719, '_a0_': 1.0, '_a1_': 1.0, '_a2_': 1.0, '_a3_': 1.0, '_a4_': 1.0}};{'d0': 0.024905832919416636};-280.569866449044;45.94370926934949
13386;-94.3412239551724;(_a7_ * ((-(_a5_) * x) * (-(_a6_) + pow2(((-(_a7_) + x) * _a7_)))));{'d0': {'_a5_': 111.25770392449749, '_a6_': -0.04168256641640349, '_a7_': -0.3119297077257719, '_a0_': 1.0, '_a1_': 1.0, '_a2_': 1.0, '_a3_': 1.0, '_a4_': 1.0}};{'d0': 0.024905832919416636};-280.569866449044;45.94370926934949
13387;-94.3412239551724;(_a7_ * ((-(_a5_) * x) * (-(_a6_) + pow2(((-(_a7_) + x) * _a7_)))));{'d0': {'_a5_': 111.25770392449749, '_a6_': -0.04168256641640349, '_a7_': -0.3119297077257719, '_a0_': 1.0, '_a1_': 1.0, '_a2_': 1.0, '_a3_': 1.0, '_a4_': 1.0}};{'d0': 0.024905832919416636};-280.569866449044;45.94370926934949
13388;-94.3412239551724;(_a7_ * ((-(_a5_) * x) * (-(_a6_) + pow2(((-(_a7_) + x) * _a7_)))));{'d0': {'_a5_': 111.25770392449749, '_a6_': -0.04168256641640349, '_a7_': -0.3119297077257719, '_a0_': 1.0, '_a1_': 1.0, '_a2_': 1.0, '_a3_': 1.0, '_a4_': 1.0}};{'d0': 0.024905832919416636};-280.569866449044;45.94370926934949
13389;-102.364147264482;(((_a1_ * _a1_) + pow2((_a5_ + x))) * ((_a0_ + _a4_) * x));{'d0': {'_a0_': 946.945323819771, '_a1_': 0.6545163312604028, '_a4_': -943.568563233387, '_a5_': 0.31192970771529305, '_a2_': 1.0, '_a3_': 1.0, '_a6_': 1.0, '_a7_': 1.0}};{'d0': 0.02490583292007189};-276.475521885243;35.873613678139066
13390;-102.364147264482;(((_a1_ * _a1_) + pow2((_a5_ + x))) * ((_a0_ + _a4_) * x));{'d0': {'_a0_': 946.945323819771, '_a1_': 0.6545163312604028, '_a4_': -943.568563233387, '_a5_': 0.31192970771529305, '_a2_': 1.0, '_a3_': 1.0, '_a6_': 1.0, '_a7_': 1.0}};{'d0': 0.02490583292007189};-276.475521885243;35.873613678139066
13391;-102.364147264482;(((_a1_ * _a1_) + pow2((_a5_ + x))) * ((_a0_ + _a4_) * x));{'d0': {'_a0_': 946.945323819771, '_a1_': 0.6545163312604028, '_a4_': -943.568563233387, '_a5_': 0.31192970771529305, '_a2_': 1.0, '_a3_': 1.0, '_a6_': 1.0, '_a7_': 1.0}};{'d0': 0.02490583292007189};-276.475521885243;35.873613678139066
13392;-102.364147264482;(((_a1_ * _a1_) + pow2((_a5_ + x))) * ((_a0_ + _a4_) * x));{'d0': {'_a0_': 946.945323819771, '_a1_': 0.6545163312604028, '_a4_': -943.568563233387, '_a5_': 0.31192970771529305, '_a2_': 1.0, '_a3_': 1.0, '_a6_': 1.0, '_a7_': 1.0}};{'d0': 0.02490583292007189};-276.475521885243;35.873613678139066
13393;-102.364147264482;(((_a1_ * _a1_) + pow2((_a5_ + x))) * ((_a0_ + _a4_) * x));{'d0': {'_a0_': 946.945323819771, '_a1_': 0.6545163312604028, '_a4_': -943.568563233387, '_a5_': 0.31192970771529305, '_a2_': 1.0, '_a3_': 1.0, '_a6_': 1.0, '_a7_': 1.0}};{'d0': 0.02490583292007189};-276.475521885243;35.873613678139066
13394;-104.531628829011;((((pow2(((_a3_ + x) / _a7_)) + _a5_) * _a5_) * _a5_) * x);{'d0': {'_a3_': 0.3119297078513273, '_a5_': 1.1309596071364916, '_a7_': -0.615455901393724, '_a0_': 1.0, '_a1_': 1.0, '_a2_': 1.0, '_a4_': 1.0, '_a6_': 1.0}};{'d0': 0.024905832919416577};-280.569866449044;35.75330439551142
13395;-104.531628829011;((((pow2(((_a3_ + x) / _a7_)) + _a5_) * _a5_) * _a5_) * x);{'d0': {'_a3_': 0.3119297078513273, '_a5_': 1.1309596071364916, '_a7_': -0.615455901393724, '_a0_': 1.0, '_a1_': 1.0, '_a2_': 1.0, '_a4_': 1.0, '_a6_': 1.0}};{'d0': 0.024905832919416577};-280.569866449044;35.75330439551142
13396;-104.411319546383;(((_a1_ * _a1_) + pow2((_a5_ + x))) * ((_a4_ + _a4_) * x));{'d0': {'_a1_': 0.654516331421487, '_a4_': 1.6883804384963814, '_a5_': 0.31192970784196794, '_a0_': 1.0, '_a2_': 1.0, '_a3_': 1.0, '_a6_': 1.0, '_a7_': 1.0}};{'d0': 0.02490583291941667};-280.569866449043;35.873613678139066
13397;-104.411319546383;(((_a1_ * _a1_) + pow2((_a5_ + x))) * ((_a4_ + _a4_) * x));{'d0': {'_a1_': 0.654516331421487, '_a4_': 1.6883804384963814, '_a5_': 0.31192970784196794, '_a0_': 1.0, '_a2_': 1.0, '_a3_': 1.0, '_a6_': 1.0, '_a7_': 1.0}};{'d0': 0.02490583291941667};-280.569866449043;35.873613678139066
13398;-104.411319546383;(((_a1_ * _a1_) + pow2((_a5_ + x))) * ((_a4_ + _a4_) * x));{'d0': {'_a1_': 0.654516331421487, '_a4_': 1.6883804384963814, '_a5_': 0.31192970784196794, '_a0_': 1.0, '_a2_': 1.0, '_a3_': 1.0, '_a6_': 1.0, '_a7_': 1.0}};{'d0': 0.02490583291941667};-280.569866449043;35.873613678139066
13399;-104.411319546383;(((_a1_ * _a1_) + pow2((_a5_ + x))) * ((_a4_ + _a4_) * x));{'d0': {'_a1_': 0.654516331421487, '_a4_': 1.6883804384963814, '_a5_': 0.31192970784196794, '_a0_': 1.0, '_a2_': 1.0, '_a3_': 1.0, '_a6_': 1.0, '_a7_': 1.0}};{'d0': 0.02490583291941667};-280.569866449043;35.873613678139066
13400;-104.411319546383;(((_a1_ * _a1_) + pow2((_a5_ + x))) * ((_a4_ + _a4_) * x));{'d0': {'_a1_': 0.654516331421487, '_a4_': 1.6883804384963814, '_a5_': 0.31192970784196794, '_a0_': 1.0, '_a2_': 1.0, '_a3_': 1.0, '_a6_': 1.0, '_a7_': 1.0}};{'d0': 0.02490583291941667};-280.569866449043;35.873613678139066
13401;-104.411319546383;(((_a1_ * _a1_) + pow2((_a5_ + x))) * ((_a4_ + _a4_) * x));{'d0': {'_a1_': 0.654516331421487, '_a4_': 1.6883804384963814, '_a5_': 0.31192970784196794, '_a0_': 1.0, '_a2_': 1.0, '_a3_': 1.0, '_a6_': 1.0, '_a7_': 1.0}};{'d0': 0.02490583291941667};-280.569866449043;35.873613678139066
13402;-104.411319546383;(((_a1_ * _a1_) + pow2((_a5_ + x))) * ((_a4_ + _a4_) * x));{'d0': {'_a1_': 0.654516331421487, '_a4_': 1.6883804384963814, '_a5_': 0.31192970784196794, '_a0_': 1.0, '_a2_': 1.0, '_a3_': 1.0, '_a6_': 1.0, '_a7_': 1.0}};{'d0': 0.02490583291941667};-280.569866449043;35.873613678139066
13403;-104.411319546383;(((_a1_ * _a1_) + pow2((_a5_ + x))) * ((_a4_ + _a4_) * x));{'d0': {'_a1_': 0.654516331421487, '_a4_': 1.6883804384963814, '_a5_': 0.31192970784196794, '_a0_': 1.0, '_a2_': 1.0, '_a3_': 1.0, '_a6_': 1.0, '_a7_': 1.0}};{'d0': 0.02490583291941667};-280.569866449043;35.873613678139066
13404;-104.411319546383;(((_a1_ * _a1_) + pow2((_a5_ + x))) * ((_a4_ + _a4_) * x));{'d0': {'_a1_': 0.654516331421487, '_a4_': 1.6883804384963814, '_a5_': 0.31192970784196794, '_a0_': 1.0, '_a2_': 1.0, '_a3_': 1.0, '_a6_': 1.0, '_a7_': 1.0}};{'d0': 0.02490583291941667};-280.569866449043;35.873613678139066
13405;-104.411319546383;(((_a1_ * _a1_) + pow2((_a5_ + x))) * ((_a4_ + _a4_) * x));{'d0': {'_a1_': 0.654516331421487, '_a4_': 1.6883804384963814, '_a5_': 0.31192970784196794, '_a0_': 1.0, '_a2_': 1.0, '_a3_': 1.0, '_a6_': 1.0, '_a7_': 1.0}};{'d0': 0.02490583291941667};-280.569866449043;35.873613678139066
13406;-104.411319546383;(((_a1_ * _a1_) + pow2((_a5_ + x))) * ((_a4_ + _a4_) * x));{'d0': {'_a1_': 0.654516331421487, '_a4_': 1.6883804384963814, '_a5_': 0.31192970784196794, '_a0_': 1.0, '_a2_': 1.0, '_a3_': 1.0, '_a6_': 1.0, '_a7_': 1.0}};{'d0': 0.02490583291941667};-280.569866449043;35.873613678139066
13407;-104.411319546383;(((_a1_ * _a1_) + pow2((_a5_ + x))) * ((_a4_ + _a4_) * x));{'d0': {'_a1_': 0.654516331421487, '_a4_': 1.6883804384963814, '_a5_': 0.31192970784196794, '_a0_': 1.0, '_a2_': 1.0, '_a3_': 1.0, '_a6_': 1.0, '_a7_': 1.0}};{'d0': 0.02490583291941667};-280.569866449043;35.873613678139066
13408;-104.411319546383;(((_a1_ * _a1_) + pow2((_a5_ + x))) * ((_a4_ + _a4_) * x));{'d0': {'_a1_': 0.654516331421487, '_a4_': 1.6883804384963814, '_a5_': 0.31192970784196794, '_a0_': 1.0, '_a2_': 1.0, '_a3_': 1.0, '_a6_': 1.0, '_a7_': 1.0}};{'d0': 0.02490583291941667};-280.569866449043;35.873613678139066
13409;-104.411319546383;(((_a1_ * _a1_) + pow2((_a5_ + x))) * ((_a4_ + _a4_) * x));{'d0': {'_a1_': 0.654516331421487, '_a4_': 1.6883804384963814, '_a5_': 0.31192970784196794, '_a0_': 1.0, '_a2_': 1.0, '_a3_': 1.0, '_a6_': 1.0, '_a7_': 1.0}};{'d0': 0.02490583291941667};-280.569866449043;35.873613678139066
13410;-104.411319546383;(((_a1_ * _a1_) + pow2((_a5_ + x))) * ((_a4_ + _a4_) * x));{'d0': {'_a1_': 0.654516331421487, '_a4_': 1.6883804384963814, '_a5_': 0.31192970784196794, '_a0_': 1.0, '_a2_': 1.0, '_a3_': 1.0, '_a6_': 1.0, '_a7_': 1.0}};{'d0': 0.02490583291941667};-280.569866449043;35.873613678139066
13411;-104.411319546383;(((_a1_ * _a1_) + pow2((_a5_ + x))) * ((_a4_ + _a4_) * x));{'d0': {'_a1_': 0.654516331421487, '_a4_': 1.6883804384963814, '_a5_': 0.31192970784196794, '_a0_': 1.0, '_a2_': 1.0, '_a3_': 1.0, '_a6_': 1.0, '_a7_': 1.0}};{'d0': 0.02490583291941667};-280.569866449043;35.873613678139066
13412;-104.411319546383;(((_a1_ * _a1_) + pow2((_a5_ + x))) * ((_a4_ + _a4_) * x));{'d0': {'_a1_': 0.654516331421487, '_a4_': 1.6883804384963814, '_a5_': 0.31192970784196794, '_a0_': 1.0, '_a2_': 1.0, '_a3_': 1.0, '_a6_': 1.0, '_a7_': 1.0}};{'d0': 0.02490583291941667};-280.569866449043;35.873613678139066
13413;-104.411319546383;(((_a1_ * _a1_) + pow2((_a5_ + x))) * ((_a4_ + _a4_) * x));{'d0': {'_a1_': 0.654516331421487, '_a4_': 1.6883804384963814, '_a5_': 0.31192970784196794, '_a0_': 1.0, '_a2_': 1.0, '_a3_': 1.0, '_a6_': 1.0, '_a7_': 1.0}};{'d0': 0.02490583291941667};-280.569866449043;35.873613678139066
13414;-104.411319546383;(((_a1_ * _a1_) + pow2((_a5_ + x))) * ((_a4_ + _a4_) * x));{'d0': {'_a1_': 0.654516331421487, '_a4_': 1.6883804384963814, '_a5_': 0.31192970784196794, '_a0_': 1.0, '_a2_': 1.0, '_a3_': 1.0, '_a6_': 1.0, '_a7_': 1.0}};{'d0': 0.02490583291941667};-280.569866449043;35.873613678139066
13415;-104.411319546383;(((_a1_ * _a1_) + pow2((_a5_ + x))) * ((_a4_ + _a4_) * x));{'d0': {'_a1_': 0.654516331421487, '_a4_': 1.6883804384963814, '_a5_': 0.31192970784196794, '_a0_': 1.0, '_a2_': 1.0, '_a3_': 1.0, '_a6_': 1.0, '_a7_': 1.0}};{'d0': 0.02490583291941667};-280.569866449043;35.873613678139066
13416;-104.411319546383;(((_a1_ * _a1_) + pow2((_a5_ + x))) * ((_a4_ + _a4_) * x));{'d0': {'_a1_': 0.654516331421487, '_a4_': 1.6883804384963814, '_a5_': 0.31192970784196794, '_a0_': 1.0, '_a2_': 1.0, '_a3_': 1.0, '_a6_': 1.0, '_a7_': 1.0}};{'d0': 0.02490583291941667};-280.569866449043;35.873613678139066
13417;-104.411319546383;(((_a1_ * _a1_) + pow2((_a5_ + x))) * ((_a4_ + _a4_) * x));{'d0': {'_a1_': 0.654516331421487, '_a4_': 1.6883804384963814, '_a5_': 0.31192970784196794, '_a0_': 1.0, '_a2_': 1.0, '_a3_': 1.0, '_a6_': 1.0, '_a7_': 1.0}};{'d0': 0.02490583291941667};-280.569866449043;35.873613678139066
13418;-87.2723544605724;(_a1_ * ((-(_a5_) * x) * (-((_a6_ * _a7_)) + pow2(((-(_a7_) + x) * _a7_)))));{'d0': {'_a1_': 0.7656821094094438, '_a5_': -45.325048413256766, '_a6_': 0.13362807509344043, '_a7_': -0.3119297076247987, '_a0_': 1.0, '_a2_': 1.0, '_a3_': 1.0, '_a4_': 1.0}};{'d0': 0.024905832920836268};-276.475521883401;50.9654064811285
13419;-80.1311276825364;(_a1_ * ((-(_a5_) * x) * (-((_a6_ * _a7_)) + pow2(((-(_a7_) + x) * (_a2_ * _a1_))))));{'d0': {'_a1_': 0.3541008219887361, '_a2_': 0.6972443621041259, '_a5_': -156.44058670509597, '_a6_': 0.08371593881792508, '_a7_': -0.3119297077895564, '_a0_': 1.0, '_a3_': 1.0, '_a4_': 1.0}};{'d0': 0.024905832919859924};-272.381177323531;56.0594609792295
13420;-80.1311276825364;(_a1_ * ((-(_a5_) * x) * (-((_a6_ * _a7_)) + pow2(((-(_a7_) + x) * (_a2_ * _a1_))))));{'d0': {'_a1_': 0.3541008219887361, '_a2_': 0.6972443621041259, '_a5_': -156.44058670509597, '_a6_': 0.08371593881792508, '_a7_': -0.3119297077895564, '_a0_': 1.0, '_a3_': 1.0, '_a4_': 1.0}};{'d0': 0.024905832919859924};-272.381177323531;56.0594609792295
13421;-80.1311276800229;(_a1_ * ((-(_a5_) * x) * (-((_a6_ * _a7_)) + pow2(((-(_a7_) + x) * (_a0_ * _a1_))))));{'d0': {'_a0_': 0.7459487240028273, '_a1_': 0.3265495382532177, '_a5_': -174.2749933050069, '_a6_': 0.08148924841821543, '_a7_': -0.3119297077659146, '_a2_': 1.0, '_a3_': 1.0, '_a4_': 1.0}};{'d0': 0.024905832921946595};-272.381177318505;56.0594609792295
13422;-83.8120849611208;(_a1_ * ((-(_a5_) * x) * (-((_a6_ * _a7_)) + pow2(((_a0_ + x) * (_a0_ * _a1_))))));{'d0': {'_a0_': 0.3119297078747406, '_a1_': 0.522397683825719, '_a5_': -243.435037354961, '_a6_': 0.07961210829813478, '_a7_': -0.14288196278475335, '_a2_': 1.0, '_a3_': 1.0, '_a4_': 1.0}};{'d0': 0.0249058329511396};-272.381177248176;52.378503662967546
13423;-83.8120849611208;(_a1_ * ((-(_a5_) * x) * (-((_a6_ * _a7_)) + pow2(((_a0_ + x) * (_a0_ * _a1_))))));{'d0': {'_a0_': 0.3119297078747406, '_a1_': 0.522397683825719, '_a5_': -243.435037354961, '_a6_': 0.07961210829813478, '_a7_': -0.14288196278475335, '_a2_': 1.0, '_a3_': 1.0, '_a4_': 1.0}};{'d0': 0.0249058329511396};-272.381177248176;52.378503662967546
13424;-83.8120849611208;(_a1_ * ((-(_a5_) * x) * (-((_a6_ * _a7_)) + pow2(((_a0_ + x) * (_a0_ * _a1_))))));{'d0': {'_a0_': 0.3119297078747406, '_a1_': 0.522397683825719, '_a5_': -243.435037354961, '_a6_': 0.07961210829813478, '_a7_': -0.14288196278475335, '_a2_': 1.0, '_a3_': 1.0, '_a4_': 1.0}};{'d0': 0.0249058329511396};-272.381177248176;52.378503662967546
13425;-83.8120849611208;(_a1_ * ((-(_a5_) * x) * (-((_a6_ * _a7_)) + pow2(((_a0_ + x) * (_a0_ * _a1_))))));{'d0': {'_a0_': 0.3119297078747406, '_a1_': 0.522397683825719, '_a5_': -243.435037354961, '_a6_': 0.07961210829813478, '_a7_': -0.14288196278475335, '_a2_': 1.0, '_a3_': 1.0, '_a4_': 1.0}};{'d0': 0.0249058329511396};-272.381177248176;52.378503662967546
13426;-104.411319546383;(((_a1_ * _a1_) + pow2((_a5_ + x))) * ((_a4_ + _a5_) * x));{'d0': {'_a1_': 0.6545163312144909, '_a4_': 3.064831170157656, '_a5_': 0.3119297077334841, '_a0_': 1.0, '_a2_': 1.0, '_a3_': 1.0, '_a6_': 1.0, '_a7_': 1.0}};{'d0': 0.0249058329194167};-280.569866449043;35.873613678139066
13427;-104.411319546383;(((_a1_ * _a1_) + pow2((_a5_ + x))) * ((_a4_ + _a5_) * x));{'d0': {'_a1_': 0.6545163312144909, '_a4_': 3.064831170157656, '_a5_': 0.3119297077334841, '_a0_': 1.0, '_a2_': 1.0, '_a3_': 1.0, '_a6_': 1.0, '_a7_': 1.0}};{'d0': 0.0249058329194167};-280.569866449043;35.873613678139066
13428;-104.411319546383;(((_a1_ * _a1_) + pow2((_a5_ + x))) * ((_a4_ + _a5_) * x));{'d0': {'_a1_': 0.6545163312144909, '_a4_': 3.064831170157656, '_a5_': 0.3119297077334841, '_a0_': 1.0, '_a2_': 1.0, '_a3_': 1.0, '_a6_': 1.0, '_a7_': 1.0}};{'d0': 0.0249058329194167};-280.569866449043;35.873613678139066
13429;-104.411319546383;(((_a1_ * _a1_) + pow2((_a5_ + x))) * ((_a4_ + _a5_) * x));{'d0': {'_a1_': 0.6545163312144909, '_a4_': 3.064831170157656, '_a5_': 0.3119297077334841, '_a0_': 1.0, '_a2_': 1.0, '_a3_': 1.0, '_a6_': 1.0, '_a7_': 1.0}};{'d0': 0.0249058329194167};-280.569866449043;35.873613678139066
13430;-104.411319546383;(((_a1_ * _a1_) + pow2((_a5_ + x))) * ((_a4_ + _a5_) * x));{'d0': {'_a1_': 0.6545163312144909, '_a4_': 3.064831170157656, '_a5_': 0.3119297077334841, '_a0_': 1.0, '_a2_': 1.0, '_a3_': 1.0, '_a6_': 1.0, '_a7_': 1.0}};{'d0': 0.0249058329194167};-280.569866449043;35.873613678139066
13431;-104.411319546383;(((_a1_ * _a1_) + pow2((_a5_ + x))) * ((_a4_ + _a5_) * x));{'d0': {'_a1_': 0.6545163312144909, '_a4_': 3.064831170157656, '_a5_': 0.3119297077334841, '_a0_': 1.0, '_a2_': 1.0, '_a3_': 1.0, '_a6_': 1.0, '_a7_': 1.0}};{'d0': 0.0249058329194167};-280.569866449043;35.873613678139066
13432;-104.411319546383;(((_a1_ * _a1_) + pow2((_a5_ + x))) * ((_a4_ + _a5_) * x));{'d0': {'_a1_': 0.6545163312144909, '_a4_': 3.064831170157656, '_a5_': 0.3119297077334841, '_a0_': 1.0, '_a2_': 1.0, '_a3_': 1.0, '_a6_': 1.0, '_a7_': 1.0}};{'d0': 0.0249058329194167};-280.569866449043;35.873613678139066
13433;-104.411319546383;(((_a1_ * _a1_) + pow2((_a5_ + x))) * ((_a4_ + _a5_) * x));{'d0': {'_a1_': 0.6545163312144909, '_a4_': 3.064831170157656, '_a5_': 0.3119297077334841, '_a0_': 1.0, '_a2_': 1.0, '_a3_': 1.0, '_a6_': 1.0, '_a7_': 1.0}};{'d0': 0.0249058329194167};-280.569866449043;35.873613678139066
13434;-104.411319546383;(((_a1_ * _a1_) + pow2((_a5_ + x))) * ((_a4_ + _a5_) * x));{'d0': {'_a1_': 0.6545163312144909, '_a4_': 3.064831170157656, '_a5_': 0.3119297077334841, '_a0_': 1.0, '_a2_': 1.0, '_a3_': 1.0, '_a6_': 1.0, '_a7_': 1.0}};{'d0': 0.0249058329194167};-280.569866449043;35.873613678139066
13435;-104.965852460753;(((_a1_ * _a1_) + pow2((_a5_ + x))) * (exp(_a2_) * x));{'d0': {'_a1_': 0.6545163312573263, '_a2_': 1.2169169299053653, '_a5_': 0.31192970783590146, '_a0_': 1.0, '_a3_': 1.0, '_a4_': 1.0, '_a6_': 1.0, '_a7_': 1.0}};{'d0': 0.02490583291941663};-280.569866449044;35.319080763769065
13436;-104.965852460753;(((_a1_ * _a1_) + pow2((_a5_ + x))) * (exp(_a2_) * x));{'d0': {'_a1_': 0.6545163312573263, '_a2_': 1.2169169299053653, '_a5_': 0.31192970783590146, '_a0_': 1.0, '_a3_': 1.0, '_a4_': 1.0, '_a6_': 1.0, '_a7_': 1.0}};{'d0': 0.02490583291941663};-280.569866449044;35.319080763769065
13437;-85.8592572782731;(_a1_ * ((-(_a5_) * x) * (-((_a6_ * _a0_)) + pow2(((_a0_ + x) * (_a0_ * _a1_))))));{'d0': {'_a0_': 0.31192970785602436, '_a1_': 0.45775924540914276, '_a5_': -361.80569657465077, '_a6_': -0.028000897567406167, '_a2_': 1.0, '_a3_': 1.0, '_a4_': 1.0, '_a7_': 1.0}};{'d0': 0.024905832921218365};-276.475521882481;52.378503662967546
13438;-85.8592572782731;(_a1_ * ((-(_a5_) * x) * (-((_a6_ * _a0_)) + pow2(((_a0_ + x) * (_a0_ * _a1_))))));{'d0': {'_a0_': 0.31192970785602436, '_a1_': 0.45775924540914276, '_a5_': -361.80569657465077, '_a6_': -0.028000897567406167, '_a2_': 1.0, '_a3_': 1.0, '_a4_': 1.0, '_a7_': 1.0}};{'d0': 0.024905832921218365};-276.475521882481;52.378503662967546
13439;-85.8592572782731;(_a1_ * ((-(_a5_) * x) * (-((_a6_ * _a0_)) + pow2(((_a0_ + x) * (_a0_ * _a1_))))));{'d0': {'_a0_': 0.31192970785602436, '_a1_': 0.45775924540914276, '_a5_': -361.80569657465077, '_a6_': -0.028000897567406167, '_a2_': 1.0, '_a3_': 1.0, '_a4_': 1.0, '_a7_': 1.0}};{'d0': 0.024905832921218365};-276.475521882481;52.378503662967546
13440;-85.8592572803161;(_a6_ * ((-(_a5_) * x) * (-((_a6_ * _a0_)) + pow2(((_a0_ + x) * (_a0_ * _a1_))))));{'d0': {'_a0_': 0.31192970777501317, '_a1_': -0.6444398159486594, '_a5_': 1505.7734836170182, '_a6_': -0.0554960971397635, '_a2_': 1.0, '_a3_': 1.0, '_a4_': 1.0, '_a7_': 1.0}};{'d0': 0.024905832919522215};-276.475521886567;52.378503662967546
13441;-85.8592572803161;(_a6_ * ((-(_a5_) * x) * (-((_a6_ * _a0_)) + pow2(((_a0_ + x) * (_a0_ * _a1_))))));{'d0': {'_a0_': 0.31192970777501317, '_a1_': -0.6444398159486594, '_a5_': 1505.7734836170182, '_a6_': -0.0554960971397635, '_a2_': 1.0, '_a3_': 1.0, '_a4_': 1.0, '_a7_': 1.0}};{'d0': 0.024905832919522215};-276.475521886567;52.378503662967546
13442;-85.8592572803161;(_a6_ * ((-(_a5_) * x) * (-((_a6_ * _a0_)) + pow2(((_a0_ + x) * (_a0_ * _a1_))))));{'d0': {'_a0_': 0.31192970777501317, '_a1_': -0.6444398159486594, '_a5_': 1505.7734836170182, '_a6_': -0.0554960971397635, '_a2_': 1.0, '_a3_': 1.0, '_a4_': 1.0, '_a7_': 1.0}};{'d0': 0.024905832919522215};-276.475521886567;52.378503662967546
13443;-85.8592572803161;(_a6_ * ((-(_a5_) * x) * (-((_a6_ * _a0_)) + pow2(((_a0_ + x) * (_a0_ * _a1_))))));{'d0': {'_a0_': 0.31192970777501317, '_a1_': -0.6444398159486594, '_a5_': 1505.7734836170182, '_a6_': -0.0554960971397635, '_a2_': 1.0, '_a3_': 1.0, '_a4_': 1.0, '_a7_': 1.0}};{'d0': 0.024905832919522215};-276.475521886567;52.378503662967546
13444;-85.8592572803161;(_a6_ * ((-(_a5_) * x) * (-((_a6_ * _a0_)) + pow2(((_a0_ + x) * (_a0_ * _a1_))))));{'d0': {'_a0_': 0.31192970777501317, '_a1_': -0.6444398159486594, '_a5_': 1505.7734836170182, '_a6_': -0.0554960971397635, '_a2_': 1.0, '_a3_': 1.0, '_a4_': 1.0, '_a7_': 1.0}};{'d0': 0.024905832919522215};-276.475521886567;52.378503662967546
13445;-104.965852460753;(((_a1_ * _a1_) + pow2((_a5_ + x))) * (exp(_a2_) * x));{'d0': {'_a1_': 0.6545163312573263, '_a2_': 1.2169169299053653, '_a5_': 0.31192970783590146, '_a0_': 1.0, '_a3_': 1.0, '_a4_': 1.0, '_a6_': 1.0, '_a7_': 1.0}};{'d0': 0.02490583291941663};-280.569866449044;35.319080763769065
13446;-104.965852460753;(((_a1_ * _a1_) + pow2((_a5_ + x))) * (exp(_a2_) * x));{'d0': {'_a1_': 0.6545163312573263, '_a2_': 1.2169169299053653, '_a5_': 0.31192970783590146, '_a0_': 1.0, '_a3_': 1.0, '_a4_': 1.0, '_a6_': 1.0, '_a7_': 1.0}};{'d0': 0.02490583291941663};-280.569866449044;35.319080763769065
13447;-104.965852460753;(((_a1_ * _a1_) + pow2((_a5_ + x))) * (exp(_a2_) * x));{'d0': {'_a1_': 0.6545163312573263, '_a2_': 1.2169169299053653, '_a5_': 0.31192970783590146, '_a0_': 1.0, '_a3_': 1.0, '_a4_': 1.0, '_a6_': 1.0, '_a7_': 1.0}};{'d0': 0.02490583291941663};-280.569866449044;35.319080763769065
13448;-104.965852460753;(((_a1_ * _a1_) + pow2((_a5_ + x))) * (exp(_a2_) * x));{'d0': {'_a1_': 0.6545163312573263, '_a2_': 1.2169169299053653, '_a5_': 0.31192970783590146, '_a0_': 1.0, '_a3_': 1.0, '_a4_': 1.0, '_a6_': 1.0, '_a7_': 1.0}};{'d0': 0.02490583291941663};-280.569866449044;35.319080763769065
13449;-103.668372249313;(((_a1_ * _a1_) + pow2((_a5_ + x))) * ((_a0_ ** _a5_) * x));{'d0': {'_a0_': 49.46442407510958, '_a1_': 0.6545163316983936, '_a5_': 0.31192970800085584, '_a2_': 1.0, '_a3_': 1.0, '_a4_': 1.0, '_a6_': 1.0, '_a7_': 1.0}};{'d0': 0.024905832919416688};-280.569866449043;36.61656097520907
13450;-103.668372249313;(((_a1_ * _a1_) + pow2((_a5_ + x))) * ((_a0_ ** _a5_) * x));{'d0': {'_a0_': 49.46442407510958, '_a1_': 0.6545163316983936, '_a5_': 0.31192970800085584, '_a2_': 1.0, '_a3_': 1.0, '_a4_': 1.0, '_a6_': 1.0, '_a7_': 1.0}};{'d0': 0.024905832919416688};-280.569866449043;36.61656097520907
13451;-103.668372249313;(((_a1_ * _a1_) + pow2((_a5_ + x))) * ((_a0_ ** _a5_) * x));{'d0': {'_a0_': 49.46442407510958, '_a1_': 0.6545163316983936, '_a5_': 0.31192970800085584, '_a2_': 1.0, '_a3_': 1.0, '_a4_': 1.0, '_a6_': 1.0, '_a7_': 1.0}};{'d0': 0.024905832919416688};-280.569866449043;36.61656097520907
13452;-103.668372249313;(((_a1_ * _a1_) + pow2((_a5_ + x))) * ((_a0_ ** _a5_) * x));{'d0': {'_a0_': 49.46442407510958, '_a1_': 0.6545163316983936, '_a5_': 0.31192970800085584, '_a2_': 1.0, '_a3_': 1.0, '_a4_': 1.0, '_a6_': 1.0, '_a7_': 1.0}};{'d0': 0.024905832919416688};-280.569866449043;36.61656097520907
13453;-103.668372249313;(((_a1_ * _a1_) + pow2((_a5_ + x))) * ((_a0_ ** _a5_) * x));{'d0': {'_a0_': 49.46442407510958, '_a1_': 0.6545163316983936, '_a5_': 0.31192970800085584, '_a2_': 1.0, '_a3_': 1.0, '_a4_': 1.0, '_a6_': 1.0, '_a7_': 1.0}};{'d0': 0.024905832919416688};-280.569866449043;36.61656097520907
13454;-103.668372249313;(((_a1_ * _a1_) + pow2((_a5_ + x))) * ((_a0_ ** _a5_) * x));{'d0': {'_a0_': 49.46442407510958, '_a1_': 0.6545163316983936, '_a5_': 0.31192970800085584, '_a2_': 1.0, '_a3_': 1.0, '_a4_': 1.0, '_a6_': 1.0, '_a7_': 1.0}};{'d0': 0.024905832919416688};-280.569866449043;36.61656097520907
13455;-103.668372249313;(((_a1_ * _a1_) + pow2((_a5_ + x))) * ((_a0_ ** _a5_) * x));{'d0': {'_a0_': 49.46442407510958, '_a1_': 0.6545163316983936, '_a5_': 0.31192970800085584, '_a2_': 1.0, '_a3_': 1.0, '_a4_': 1.0, '_a6_': 1.0, '_a7_': 1.0}};{'d0': 0.024905832919416688};-280.569866449043;36.61656097520907
13456;-103.668372249313;(((_a1_ * _a1_) + pow2((_a5_ + x))) * ((_a0_ ** _a5_) * x));{'d0': {'_a0_': 49.46442407510958, '_a1_': 0.6545163316983936, '_a5_': 0.31192970800085584, '_a2_': 1.0, '_a3_': 1.0, '_a4_': 1.0, '_a6_': 1.0, '_a7_': 1.0}};{'d0': 0.024905832919416688};-280.569866449043;36.61656097520907
13457;-103.668372249313;(((_a1_ * _a1_) + pow2((_a5_ + x))) * ((_a0_ ** _a5_) * x));{'d0': {'_a0_': 49.46442407510958, '_a1_': 0.6545163316983936, '_a5_': 0.31192970800085584, '_a2_': 1.0, '_a3_': 1.0, '_a4_': 1.0, '_a6_': 1.0, '_a7_': 1.0}};{'d0': 0.024905832919416688};-280.569866449043;36.61656097520907
13458;-103.668372249313;(((_a1_ * _a1_) + pow2((_a5_ + x))) * ((_a0_ ** _a5_) * x));{'d0': {'_a0_': 49.46442407510958, '_a1_': 0.6545163316983936, '_a5_': 0.31192970800085584, '_a2_': 1.0, '_a3_': 1.0, '_a4_': 1.0, '_a6_': 1.0, '_a7_': 1.0}};{'d0': 0.024905832919416688};-280.569866449043;36.61656097520907
13459;-103.668372249313;(((_a1_ * _a1_) + pow2((_a5_ + x))) * ((_a0_ ** _a5_) * x));{'d0': {'_a0_': 49.46442407510958, '_a1_': 0.6545163316983936, '_a5_': 0.31192970800085584, '_a2_': 1.0, '_a3_': 1.0, '_a4_': 1.0, '_a6_': 1.0, '_a7_': 1.0}};{'d0': 0.024905832919416688};-280.569866449043;36.61656097520907
13460;-103.668372249313;(((_a1_ * _a1_) + pow2((_a5_ + x))) * ((_a0_ ** _a5_) * x));{'d0': {'_a0_': 49.46442407510958, '_a1_': 0.6545163316983936, '_a5_': 0.31192970800085584, '_a2_': 1.0, '_a3_': 1.0, '_a4_': 1.0, '_a6_': 1.0, '_a7_': 1.0}};{'d0': 0.024905832919416688};-280.569866449043;36.61656097520907
13461;-103.668372249313;(((_a1_ * _a1_) + pow2((_a5_ + x))) * ((_a0_ ** _a5_) * x));{'d0': {'_a0_': 49.46442407510958, '_a1_': 0.6545163316983936, '_a5_': 0.31192970800085584, '_a2_': 1.0, '_a3_': 1.0, '_a4_': 1.0, '_a6_': 1.0, '_a7_': 1.0}};{'d0': 0.024905832919416688};-280.569866449043;36.61656097520907
13462;-103.668372249313;(((_a1_ * _a1_) + pow2((_a5_ + x))) * ((_a0_ ** _a5_) * x));{'d0': {'_a0_': 49.46442407510958, '_a1_': 0.6545163316983936, '_a5_': 0.31192970800085584, '_a2_': 1.0, '_a3_': 1.0, '_a4_': 1.0, '_a6_': 1.0, '_a7_': 1.0}};{'d0': 0.024905832919416688};-280.569866449043;36.61656097520907
13463;-103.668372249313;(((_a1_ * _a1_) + pow2((_a5_ + x))) * ((_a0_ ** _a5_) * x));{'d0': {'_a0_': 49.46442407510958, '_a1_': 0.6545163316983936, '_a5_': 0.31192970800085584, '_a2_': 1.0, '_a3_': 1.0, '_a4_': 1.0, '_a6_': 1.0, '_a7_': 1.0}};{'d0': 0.024905832919416688};-280.569866449043;36.61656097520907
13464;-103.668372249313;(((_a1_ * _a1_) + pow2((_a5_ + x))) * ((_a0_ ** _a5_) * x));{'d0': {'_a0_': 49.46442407510958, '_a1_': 0.6545163316983936, '_a5_': 0.31192970800085584, '_a2_': 1.0, '_a3_': 1.0, '_a4_': 1.0, '_a6_': 1.0, '_a7_': 1.0}};{'d0': 0.024905832919416688};-280.569866449043;36.61656097520907
13465;-103.668372249313;(((_a1_ * _a1_) + pow2((_a5_ + x))) * ((_a0_ ** _a5_) * x));{'d0': {'_a0_': 49.46442407510958, '_a1_': 0.6545163316983936, '_a5_': 0.31192970800085584, '_a2_': 1.0, '_a3_': 1.0, '_a4_': 1.0, '_a6_': 1.0, '_a7_': 1.0}};{'d0': 0.024905832919416688};-280.569866449043;36.61656097520907
13466;-103.668372249313;(((_a1_ * _a1_) + pow2((_a5_ + x))) * ((_a0_ ** _a5_) * x));{'d0': {'_a0_': 49.46442407510958, '_a1_': 0.6545163316983936, '_a5_': 0.31192970800085584, '_a2_': 1.0, '_a3_': 1.0, '_a4_': 1.0, '_a6_': 1.0, '_a7_': 1.0}};{'d0': 0.024905832919416688};-280.569866449043;36.61656097520907
13467;-108.545354888448;((_a1_ + pow2((_a5_ + x))) * ((_a0_ ** _a5_) * x));{'d0': {'_a0_': 49.46442401983331, '_a1_': 0.42839162878749165, '_a5_': 0.3119297079596335, '_a2_': 1.0, '_a3_': 1.0, '_a4_': 1.0, '_a6_': 1.0, '_a7_': 1.0}};{'d0': 0.0249058329194166};-280.569866449044;31.739578336074068
13468;-108.545354888448;((_a1_ + pow2((_a5_ + x))) * ((_a0_ ** _a5_) * x));{'d0': {'_a0_': 49.46442401983331, '_a1_': 0.42839162878749165, '_a5_': 0.3119297079596335, '_a2_': 1.0, '_a3_': 1.0, '_a4_': 1.0, '_a6_': 1.0, '_a7_': 1.0}};{'d0': 0.0249058329194166};-280.569866449044;31.739578336074068
13469;-108.545354888448;((_a1_ + pow2((_a5_ + x))) * ((_a0_ ** _a5_) * x));{'d0': {'_a0_': 49.46442401983331, '_a1_': 0.42839162878749165, '_a5_': 0.3119297079596335, '_a2_': 1.0, '_a3_': 1.0, '_a4_': 1.0, '_a6_': 1.0, '_a7_': 1.0}};{'d0': 0.0249058329194166};-280.569866449044;31.739578336074068
13470;-104.531628829011;((((pow2(((_a3_ + x) / _a7_)) * _a5_) + x) * _a5_) * x);{'d0': {'_a3_': 0.7250460471292725, '_a5_': -2.789990185538798, '_a7_': 1.5182822743133948, '_a0_': 1.0, '_a1_': 1.0, '_a2_': 1.0, '_a4_': 1.0, '_a6_': 1.0}};{'d0': 0.024905832919416546};-280.569866449044;35.75330439551142
13471;-104.531628829011;((((pow2(((_a3_ + x) / _a7_)) * _a5_) + x) * _a5_) * x);{'d0': {'_a3_': 0.7250460471292725, '_a5_': -2.789990185538798, '_a7_': 1.5182822743133948, '_a0_': 1.0, '_a1_': 1.0, '_a2_': 1.0, '_a4_': 1.0, '_a6_': 1.0}};{'d0': 0.024905832919416546};-280.569866449044;35.75330439551142
13472;-103.488010419115;((((pow2(((_a3_ + x) / _a7_)) + _a5_) + x) * _a5_) * x);{'d0': {'_a3_': 0.11724508165751149, '_a5_': 1.3148068556602723, '_a7_': -0.6239945928836791, '_a0_': 1.0, '_a1_': 1.0, '_a2_': 1.0, '_a4_': 1.0, '_a6_': 1.0}};{'d0': 0.024905832919416632};-280.569866449044;36.79692280540642
13473;-103.488010419115;((((pow2(((_a3_ + x) / _a7_)) + _a5_) + x) * _a5_) * x);{'d0': {'_a3_': 0.11724508165751149, '_a5_': 1.3148068556602723, '_a7_': -0.6239945928836791, '_a0_': 1.0, '_a1_': 1.0, '_a2_': 1.0, '_a4_': 1.0, '_a6_': 1.0}};{'d0': 0.024905832919416632};-280.569866449044;36.79692280540642
13474;-103.488010419115;((((pow2(((_a3_ + x) / _a7_)) + _a5_) + x) * _a5_) * x);{'d0': {'_a3_': 0.11724508165751149, '_a5_': 1.3148068556602723, '_a7_': -0.6239945928836791, '_a0_': 1.0, '_a1_': 1.0, '_a2_': 1.0, '_a4_': 1.0, '_a6_': 1.0}};{'d0': 0.024905832919416632};-280.569866449044;36.79692280540642
13475;-103.488010419115;((((pow2(((_a3_ + x) / _a7_)) + _a5_) + x) * _a5_) * x);{'d0': {'_a3_': 0.11724508165751149, '_a5_': 1.3148068556602723, '_a7_': -0.6239945928836791, '_a0_': 1.0, '_a1_': 1.0, '_a2_': 1.0, '_a4_': 1.0, '_a6_': 1.0}};{'d0': 0.024905832919416632};-280.569866449044;36.79692280540642
13476;-103.488010419115;((((pow2(((_a3_ + x) / _a7_)) + _a5_) + x) * _a5_) * x);{'d0': {'_a3_': 0.11724508165751149, '_a5_': 1.3148068556602723, '_a7_': -0.6239945928836791, '_a0_': 1.0, '_a1_': 1.0, '_a2_': 1.0, '_a4_': 1.0, '_a6_': 1.0}};{'d0': 0.024905832919416632};-280.569866449044;36.79692280540642
13477;-103.488010419115;((((pow2(((_a3_ + x) / _a7_)) + _a5_) + x) * _a5_) * x);{'d0': {'_a3_': 0.11724508165751149, '_a5_': 1.3148068556602723, '_a7_': -0.6239945928836791, '_a0_': 1.0, '_a1_': 1.0, '_a2_': 1.0, '_a4_': 1.0, '_a6_': 1.0}};{'d0': 0.024905832919416632};-280.569866449044;36.79692280540642
13478;-104.531628829011;((((pow2(((_a3_ + x) / _a7_)) * _a5_) + x) * _a5_) * x);{'d0': {'_a3_': 0.7250460471292725, '_a5_': -2.789990185538798, '_a7_': 1.5182822743133948, '_a0_': 1.0, '_a1_': 1.0, '_a2_': 1.0, '_a4_': 1.0, '_a6_': 1.0}};{'d0': 0.024905832919416546};-280.569866449044;35.75330439551142
13479;-104.531628829011;((((pow2(((_a3_ + x) / _a7_)) * _a5_) + x) * _a5_) * x);{'d0': {'_a3_': 0.7250460471292725, '_a5_': -2.789990185538798, '_a7_': 1.5182822743133948, '_a0_': 1.0, '_a1_': 1.0, '_a2_': 1.0, '_a4_': 1.0, '_a6_': 1.0}};{'d0': 0.024905832919416546};-280.569866449044;35.75330439551142
13480;-108.545354888448;((_a1_ + pow2((_a5_ + x))) * ((_a0_ ** _a5_) * x));{'d0': {'_a0_': 49.46442401983331, '_a1_': 0.42839162878749165, '_a5_': 0.3119297079596335, '_a2_': 1.0, '_a3_': 1.0, '_a4_': 1.0, '_a6_': 1.0, '_a7_': 1.0}};{'d0': 0.0249058329194166};-280.569866449044;31.739578336074068
13481;-108.545354888448;((_a1_ + pow2((_a5_ + x))) * ((_a0_ ** _a5_) * x));{'d0': {'_a0_': 49.46442401983331, '_a1_': 0.42839162878749165, '_a5_': 0.3119297079596335, '_a2_': 1.0, '_a3_': 1.0, '_a4_': 1.0, '_a6_': 1.0, '_a7_': 1.0}};{'d0': 0.0249058329194166};-280.569866449044;31.739578336074068
13482;-108.545354888448;((_a1_ + pow2((_a5_ + x))) * ((_a0_ ** _a5_) * x));{'d0': {'_a0_': 49.46442401983331, '_a1_': 0.42839162878749165, '_a5_': 0.3119297079596335, '_a2_': 1.0, '_a3_': 1.0, '_a4_': 1.0, '_a6_': 1.0, '_a7_': 1.0}};{'d0': 0.0249058329194166};-280.569866449044;31.739578336074068
13483;-108.545354888448;((_a1_ + pow2((_a5_ + x))) * ((_a0_ ** _a5_) * x));{'d0': {'_a0_': 49.46442401983331, '_a1_': 0.42839162878749165, '_a5_': 0.3119297079596335, '_a2_': 1.0, '_a3_': 1.0, '_a4_': 1.0, '_a6_': 1.0, '_a7_': 1.0}};{'d0': 0.0249058329194166};-280.569866449044;31.739578336074068
13484;-108.545354888448;((_a1_ + pow2((_a5_ + x))) * ((_a0_ ** _a5_) * x));{'d0': {'_a0_': 49.46442401983331, '_a1_': 0.42839162878749165, '_a5_': 0.3119297079596335, '_a2_': 1.0, '_a3_': 1.0, '_a4_': 1.0, '_a6_': 1.0, '_a7_': 1.0}};{'d0': 0.0249058329194166};-280.569866449044;31.739578336074068
13485;-108.545354888448;((_a1_ + pow2((_a5_ + x))) * ((_a0_ ** _a5_) * x));{'d0': {'_a0_': 49.46442401983331, '_a1_': 0.42839162878749165, '_a5_': 0.3119297079596335, '_a2_': 1.0, '_a3_': 1.0, '_a4_': 1.0, '_a6_': 1.0, '_a7_': 1.0}};{'d0': 0.0249058329194166};-280.569866449044;31.739578336074068
13486;-108.545354888448;((_a1_ + pow2((_a5_ + x))) * ((_a0_ ** _a5_) * x));{'d0': {'_a0_': 49.46442401983331, '_a1_': 0.42839162878749165, '_a5_': 0.3119297079596335, '_a2_': 1.0, '_a3_': 1.0, '_a4_': 1.0, '_a6_': 1.0, '_a7_': 1.0}};{'d0': 0.0249058329194166};-280.569866449044;31.739578336074068
13487;-108.545354888448;((_a1_ + pow2((_a5_ + x))) * ((_a0_ ** _a5_) * x));{'d0': {'_a0_': 49.46442401983331, '_a1_': 0.42839162878749165, '_a5_': 0.3119297079596335, '_a2_': 1.0, '_a3_': 1.0, '_a4_': 1.0, '_a6_': 1.0, '_a7_': 1.0}};{'d0': 0.0249058329194166};-280.569866449044;31.739578336074068
13488;-108.545354888448;((_a1_ + pow2((_a5_ + x))) * ((_a0_ ** _a5_) * x));{'d0': {'_a0_': 49.46442401983331, '_a1_': 0.42839162878749165, '_a5_': 0.3119297079596335, '_a2_': 1.0, '_a3_': 1.0, '_a4_': 1.0, '_a6_': 1.0, '_a7_': 1.0}};{'d0': 0.0249058329194166};-280.569866449044;31.739578336074068
13489;-108.545354888448;((_a1_ + pow2((_a5_ + x))) * ((_a0_ ** _a5_) * x));{'d0': {'_a0_': 49.46442401983331, '_a1_': 0.42839162878749165, '_a5_': 0.3119297079596335, '_a2_': 1.0, '_a3_': 1.0, '_a4_': 1.0, '_a6_': 1.0, '_a7_': 1.0}};{'d0': 0.0249058329194166};-280.569866449044;31.739578336074068
13490;-108.545354888448;((_a1_ + pow2((_a5_ + x))) * ((_a0_ ** _a5_) * x));{'d0': {'_a0_': 49.46442401983331, '_a1_': 0.42839162878749165, '_a5_': 0.3119297079596335, '_a2_': 1.0, '_a3_': 1.0, '_a4_': 1.0, '_a6_': 1.0, '_a7_': 1.0}};{'d0': 0.0249058329194166};-280.569866449044;31.739578336074068
13491;-104.531628829010;((((pow2(((_a3_ + x) / _a4_)) * _a5_) + x) * _a5_) * x);{'d0': {'_a3_': 0.7250460470832518, '_a4_': 1.5182822741437332, '_a5_': -2.789990185354098, '_a0_': 1.0, '_a1_': 1.0, '_a2_': 1.0, '_a6_': 1.0, '_a7_': 1.0}};{'d0': 0.024905832919416643};-280.569866449044;35.75330439551142
13492;-108.545354888448;((_a1_ + pow2((_a5_ + x))) * ((_a0_ ** _a5_) * x));{'d0': {'_a0_': 49.46442401983331, '_a1_': 0.42839162878749165, '_a5_': 0.3119297079596335, '_a2_': 1.0, '_a3_': 1.0, '_a4_': 1.0, '_a6_': 1.0, '_a7_': 1.0}};{'d0': 0.0249058329194166};-280.569866449044;31.739578336074068
13493;-108.545354888448;((_a1_ + pow2((_a5_ + x))) * ((_a0_ ** _a5_) * x));{'d0': {'_a0_': 49.46442401983331, '_a1_': 0.42839162878749165, '_a5_': 0.3119297079596335, '_a2_': 1.0, '_a3_': 1.0, '_a4_': 1.0, '_a6_': 1.0, '_a7_': 1.0}};{'d0': 0.0249058329194166};-280.569866449044;31.739578336074068
13494;-108.545354888448;((_a1_ + pow2((_a5_ + x))) * ((_a0_ ** _a5_) * x));{'d0': {'_a0_': 49.46442401983331, '_a1_': 0.42839162878749165, '_a5_': 0.3119297079596335, '_a2_': 1.0, '_a3_': 1.0, '_a4_': 1.0, '_a6_': 1.0, '_a7_': 1.0}};{'d0': 0.0249058329194166};-280.569866449044;31.739578336074068
13495;-108.545354888448;((_a1_ + pow2((_a5_ + x))) * ((_a0_ ** _a5_) * x));{'d0': {'_a0_': 49.46442401983331, '_a1_': 0.42839162878749165, '_a5_': 0.3119297079596335, '_a2_': 1.0, '_a3_': 1.0, '_a4_': 1.0, '_a6_': 1.0, '_a7_': 1.0}};{'d0': 0.0249058329194166};-280.569866449044;31.739578336074068
13496;-108.545354888448;((_a1_ + pow2((_a5_ + x))) * ((_a0_ ** _a5_) * x));{'d0': {'_a0_': 49.46442401983331, '_a1_': 0.42839162878749165, '_a5_': 0.3119297079596335, '_a2_': 1.0, '_a3_': 1.0, '_a4_': 1.0, '_a6_': 1.0, '_a7_': 1.0}};{'d0': 0.0249058329194166};-280.569866449044;31.739578336074068
13497;-108.545354888448;((_a1_ + pow2((_a5_ + x))) * ((_a0_ ** _a5_) * x));{'d0': {'_a0_': 49.46442401983331, '_a1_': 0.42839162878749165, '_a5_': 0.3119297079596335, '_a2_': 1.0, '_a3_': 1.0, '_a4_': 1.0, '_a6_': 1.0, '_a7_': 1.0}};{'d0': 0.0249058329194166};-280.569866449044;31.739578336074068
13498;-108.545354888448;((_a1_ + pow2((_a5_ + x))) * ((_a0_ ** _a5_) * x));{'d0': {'_a0_': 49.46442401983331, '_a1_': 0.42839162878749165, '_a5_': 0.3119297079596335, '_a2_': 1.0, '_a3_': 1.0, '_a4_': 1.0, '_a6_': 1.0, '_a7_': 1.0}};{'d0': 0.0249058329194166};-280.569866449044;31.739578336074068
13499;-108.545354888448;((_a1_ + pow2((_a5_ + x))) * ((_a0_ ** _a5_) * x));{'d0': {'_a0_': 49.46442401983331, '_a1_': 0.42839162878749165, '_a5_': 0.3119297079596335, '_a2_': 1.0, '_a3_': 1.0, '_a4_': 1.0, '_a6_': 1.0, '_a7_': 1.0}};{'d0': 0.0249058329194166};-280.569866449044;31.739578336074068
13500;-108.545354888448;((_a1_ + pow2((_a5_ + x))) * ((_a0_ ** _a5_) * x));{'d0': {'_a0_': 49.46442401983331, '_a1_': 0.42839162878749165, '_a5_': 0.3119297079596335, '_a2_': 1.0, '_a3_': 1.0, '_a4_': 1.0, '_a6_': 1.0, '_a7_': 1.0}};{'d0': 0.0249058329194166};-280.569866449044;31.739578336074068
13501;-108.545354888448;((_a1_ + pow2((_a5_ + x))) * ((_a0_ ** _a5_) * x));{'d0': {'_a0_': 49.46442401983331, '_a1_': 0.42839162878749165, '_a5_': 0.3119297079596335, '_a2_': 1.0, '_a3_': 1.0, '_a4_': 1.0, '_a6_': 1.0, '_a7_': 1.0}};{'d0': 0.0249058329194166};-280.569866449044;31.739578336074068
13502;-108.545354888448;((_a1_ + pow2((_a5_ + x))) * ((_a0_ ** _a5_) * x));{'d0': {'_a0_': 49.46442401983331, '_a1_': 0.42839162878749165, '_a5_': 0.3119297079596335, '_a2_': 1.0, '_a3_': 1.0, '_a4_': 1.0, '_a6_': 1.0, '_a7_': 1.0}};{'d0': 0.0249058329194166};-280.569866449044;31.739578336074068
13503;-108.545354888448;((_a1_ + pow2((_a5_ + x))) * ((_a0_ ** _a5_) * x));{'d0': {'_a0_': 49.46442401983331, '_a1_': 0.42839162878749165, '_a5_': 0.3119297079596335, '_a2_': 1.0, '_a3_': 1.0, '_a4_': 1.0, '_a6_': 1.0, '_a7_': 1.0}};{'d0': 0.0249058329194166};-280.569866449044;31.739578336074068
13504;-108.545354888448;((_a1_ + pow2((_a5_ + x))) * ((_a0_ ** _a5_) * x));{'d0': {'_a0_': 49.46442401983331, '_a1_': 0.42839162878749165, '_a5_': 0.3119297079596335, '_a2_': 1.0, '_a3_': 1.0, '_a4_': 1.0, '_a6_': 1.0, '_a7_': 1.0}};{'d0': 0.0249058329194166};-280.569866449044;31.739578336074068
13505;-108.545354888448;((_a1_ + pow2((_a5_ + x))) * ((_a0_ ** _a5_) * x));{'d0': {'_a0_': 49.46442401983331, '_a1_': 0.42839162878749165, '_a5_': 0.3119297079596335, '_a2_': 1.0, '_a3_': 1.0, '_a4_': 1.0, '_a6_': 1.0, '_a7_': 1.0}};{'d0': 0.0249058329194166};-280.569866449044;31.739578336074068
13506;-108.545354888448;((_a1_ + pow2((_a5_ + x))) * ((_a0_ ** _a5_) * x));{'d0': {'_a0_': 49.46442401983331, '_a1_': 0.42839162878749165, '_a5_': 0.3119297079596335, '_a2_': 1.0, '_a3_': 1.0, '_a4_': 1.0, '_a6_': 1.0, '_a7_': 1.0}};{'d0': 0.0249058329194166};-280.569866449044;31.739578336074068
13507;-108.545354888448;((_a1_ + pow2((_a5_ + x))) * ((_a0_ ** _a5_) * x));{'d0': {'_a0_': 49.46442401983331, '_a1_': 0.42839162878749165, '_a5_': 0.3119297079596335, '_a2_': 1.0, '_a3_': 1.0, '_a4_': 1.0, '_a6_': 1.0, '_a7_': 1.0}};{'d0': 0.0249058329194166};-280.569866449044;31.739578336074068
13508;-108.545354888448;((_a1_ + pow2((_a5_ + x))) * ((_a0_ ** _a5_) * x));{'d0': {'_a0_': 49.46442401983331, '_a1_': 0.42839162878749165, '_a5_': 0.3119297079596335, '_a2_': 1.0, '_a3_': 1.0, '_a4_': 1.0, '_a6_': 1.0, '_a7_': 1.0}};{'d0': 0.0249058329194166};-280.569866449044;31.739578336074068
13509;-108.545354888448;((_a1_ + pow2((_a5_ + x))) * ((_a0_ ** _a5_) * x));{'d0': {'_a0_': 49.46442401983331, '_a1_': 0.42839162878749165, '_a5_': 0.3119297079596335, '_a2_': 1.0, '_a3_': 1.0, '_a4_': 1.0, '_a6_': 1.0, '_a7_': 1.0}};{'d0': 0.0249058329194166};-280.569866449044;31.739578336074068
13510;-108.545354888448;((_a1_ + pow2((_a5_ + x))) * ((_a0_ ** _a5_) * x));{'d0': {'_a0_': 49.46442401983331, '_a1_': 0.42839162878749165, '_a5_': 0.3119297079596335, '_a2_': 1.0, '_a3_': 1.0, '_a4_': 1.0, '_a6_': 1.0, '_a7_': 1.0}};{'d0': 0.0249058329194166};-280.569866449044;31.739578336074068
13511;-108.545354888448;((_a1_ + pow2((_a5_ + x))) * ((_a0_ ** _a5_) * x));{'d0': {'_a0_': 49.46442401983331, '_a1_': 0.42839162878749165, '_a5_': 0.3119297079596335, '_a2_': 1.0, '_a3_': 1.0, '_a4_': 1.0, '_a6_': 1.0, '_a7_': 1.0}};{'d0': 0.0249058329194166};-280.569866449044;31.739578336074068
13512;-108.545354888448;((_a1_ + pow2((_a5_ + x))) * ((_a0_ ** _a5_) * x));{'d0': {'_a0_': 49.46442401983331, '_a1_': 0.42839162878749165, '_a5_': 0.3119297079596335, '_a2_': 1.0, '_a3_': 1.0, '_a4_': 1.0, '_a6_': 1.0, '_a7_': 1.0}};{'d0': 0.0249058329194166};-280.569866449044;31.739578336074068
13513;-108.545354888448;((_a1_ + pow2((_a5_ + x))) * ((_a0_ ** _a5_) * x));{'d0': {'_a0_': 49.46442401983331, '_a1_': 0.42839162878749165, '_a5_': 0.3119297079596335, '_a2_': 1.0, '_a3_': 1.0, '_a4_': 1.0, '_a6_': 1.0, '_a7_': 1.0}};{'d0': 0.0249058329194166};-280.569866449044;31.739578336074068
13514;-108.545354888448;((_a1_ + pow2((_a5_ + x))) * ((_a0_ ** _a5_) * x));{'d0': {'_a0_': 49.46442401983331, '_a1_': 0.42839162878749165, '_a5_': 0.3119297079596335, '_a2_': 1.0, '_a3_': 1.0, '_a4_': 1.0, '_a6_': 1.0, '_a7_': 1.0}};{'d0': 0.0249058329194166};-280.569866449044;31.739578336074068
13515;-108.545354888448;((_a1_ + pow2((_a5_ + x))) * ((_a0_ ** _a5_) * x));{'d0': {'_a0_': 49.46442401983331, '_a1_': 0.42839162878749165, '_a5_': 0.3119297079596335, '_a2_': 1.0, '_a3_': 1.0, '_a4_': 1.0, '_a6_': 1.0, '_a7_': 1.0}};{'d0': 0.0249058329194166};-280.569866449044;31.739578336074068
13516;-108.545354888448;((_a1_ + pow2((_a5_ + x))) * ((_a0_ ** _a5_) * x));{'d0': {'_a0_': 49.46442401983331, '_a1_': 0.42839162878749165, '_a5_': 0.3119297079596335, '_a2_': 1.0, '_a3_': 1.0, '_a4_': 1.0, '_a6_': 1.0, '_a7_': 1.0}};{'d0': 0.0249058329194166};-280.569866449044;31.739578336074068
13517;-80.0589655140409;(_a6_ * ((_a6_ * x) * (-((x * _a1_)) + pow2(((_a1_ + x) * (-((_a0_ / _a4_)) * _a4_))))));{'d0': {'_a0_': 0.9367670591089275, '_a1_': 0.7250460471141407, '_a6_': -1.9616365424560538, '_a2_': 1.0, '_a3_': 1.0, '_a4_': 1.0, '_a5_': 1.0, '_a7_': 1.0}};{'d0': 0.024905832919416667};-276.475521886821;58.17879542936994
13518;-80.0589655140409;(_a6_ * ((_a6_ * x) * (-((x * _a1_)) + pow2(((_a1_ + x) * (-((_a0_ / _a4_)) * _a4_))))));{'d0': {'_a0_': 0.9367670591089275, '_a1_': 0.7250460471141407, '_a6_': -1.9616365424560538, '_a2_': 1.0, '_a3_': 1.0, '_a4_': 1.0, '_a5_': 1.0, '_a7_': 1.0}};{'d0': 0.024905832919416667};-276.475521886821;58.17879542936994
13519;-80.0589655140409;(_a6_ * ((_a6_ * x) * (-((x * _a1_)) + pow2(((_a1_ + x) * (-((_a0_ / _a4_)) * _a4_))))));{'d0': {'_a0_': 0.9367670591089275, '_a1_': 0.7250460471141407, '_a6_': -1.9616365424560538, '_a2_': 1.0, '_a3_': 1.0, '_a4_': 1.0, '_a5_': 1.0, '_a7_': 1.0}};{'d0': 0.024905832919416667};-276.475521886821;58.17879542936994
13520;-80.0589655140409;(_a1_ * ((_a6_ * x) * (-((x * _a1_)) + pow2(((_a1_ + x) * (-((_a0_ / _a4_)) * _a4_))))));{'d0': {'_a0_': 0.9367670591512625, '_a1_': 0.7250460469901253, '_a6_': 5.3072738499337335, '_a2_': 1.0, '_a3_': 1.0, '_a4_': 1.0, '_a5_': 1.0, '_a7_': 1.0}};{'d0': 0.024905832919416664};-276.475521886821;58.17879542936994
13521;-80.0589655140409;(_a1_ * ((_a6_ * x) * (-((x * _a1_)) + pow2(((_a1_ + x) * (-((_a0_ / _a4_)) * _a4_))))));{'d0': {'_a0_': 0.9367670591512625, '_a1_': 0.7250460469901253, '_a6_': 5.3072738499337335, '_a2_': 1.0, '_a3_': 1.0, '_a4_': 1.0, '_a5_': 1.0, '_a7_': 1.0}};{'d0': 0.024905832919416664};-276.475521886821;58.17879542936994
13522;-80.0589655140409;(_a1_ * ((_a6_ * x) * (-((x * _a1_)) + pow2(((_a1_ + x) * (-((_a0_ / _a4_)) * _a4_))))));{'d0': {'_a0_': 0.9367670591512625, '_a1_': 0.7250460469901253, '_a6_': 5.3072738499337335, '_a2_': 1.0, '_a3_': 1.0, '_a4_': 1.0, '_a5_': 1.0, '_a7_': 1.0}};{'d0': 0.024905832919416664};-276.475521886821;58.17879542936994
13523;-80.0589655140409;(_a1_ * ((_a6_ * x) * (-((x * _a1_)) + pow2(((_a1_ + x) * (-((_a0_ / _a4_)) * _a4_))))));{'d0': {'_a0_': 0.9367670591512625, '_a1_': 0.7250460469901253, '_a6_': 5.3072738499337335, '_a2_': 1.0, '_a3_': 1.0, '_a4_': 1.0, '_a5_': 1.0, '_a7_': 1.0}};{'d0': 0.024905832919416664};-276.475521886821;58.17879542936994
13524;-80.6928454960203;(_a1_ * ((_a6_ * x) * (-((x * _a1_)) + pow2(((_a1_ + x) * (-((_a0_ * _a4_)) * _a4_))))));{'d0': {'_a0_': 0.9367670591512625, '_a1_': 0.7250460469901253, '_a4_': 1.0, '_a6_': 5.3072738499337335, '_a2_': 1.0, '_a3_': 1.0, '_a5_': 1.0, '_a7_': 1.0}};{'d0': 0.024905832919416664};-276.475521886821;57.544915447390544
13525;-80.6928454960203;(_a1_ * ((_a6_ * x) * (-((x * _a1_)) + pow2(((_a1_ + x) * (-((_a0_ * _a4_)) * _a4_))))));{'d0': {'_a0_': 0.9367670591512625, '_a1_': 0.7250460469901253, '_a4_': 1.0, '_a6_': 5.3072738499337335, '_a2_': 1.0, '_a3_': 1.0, '_a5_': 1.0, '_a7_': 1.0}};{'d0': 0.024905832919416664};-276.475521886821;57.544915447390544
13526;-80.6928454960203;(_a1_ * ((_a6_ * x) * (-((x * _a1_)) + pow2(((_a1_ + x) * (-((_a0_ * _a4_)) * _a4_))))));{'d0': {'_a0_': 0.9367670591512625, '_a1_': 0.7250460469901253, '_a4_': 1.0, '_a6_': 5.3072738499337335, '_a2_': 1.0, '_a3_': 1.0, '_a5_': 1.0, '_a7_': 1.0}};{'d0': 0.024905832919416664};-276.475521886821;57.544915447390544
13527;-77.0118881732489;(_a1_ * ((_a6_ * x) * (-((x * -(x))) + pow2(((_a1_ + x) * (-((_a0_ * _a4_)) * _a4_))))));{'d0': {'_a0_': 0.6987531661585676, '_a1_': 1.68528920917618, '_a4_': 0.8258594982381994, '_a6_': 1.6328100467154063, '_a2_': 1.0, '_a3_': 1.0, '_a5_': 1.0, '_a7_': 1.0}};{'d0': 0.02490583292482077};-276.475521873803;61.2258727636525
13528;-77.0118881732489;(_a1_ * ((_a6_ * x) * (-((x * -(x))) + pow2(((_a1_ + x) * (-((_a0_ * _a4_)) * _a4_))))));{'d0': {'_a0_': 0.6987531661585676, '_a1_': 1.68528920917618, '_a4_': 0.8258594982381994, '_a6_': 1.6328100467154063, '_a2_': 1.0, '_a3_': 1.0, '_a5_': 1.0, '_a7_': 1.0}};{'d0': 0.02490583292482077};-276.475521873803;61.2258727636525
13529;-77.0118881732489;(_a1_ * ((_a6_ * x) * (-((x * -(x))) + pow2(((_a1_ + x) * (-((_a0_ * _a4_)) * _a4_))))));{'d0': {'_a0_': 0.6987531661585676, '_a1_': 1.68528920917618, '_a4_': 0.8258594982381994, '_a6_': 1.6328100467154063, '_a2_': 1.0, '_a3_': 1.0, '_a5_': 1.0, '_a7_': 1.0}};{'d0': 0.02490583292482077};-276.475521873803;61.2258727636525
13530;-76.8122318208164;(_a1_ * ((_a6_ * x) * (-((x * -(x))) + pow2(((_a1_ + x) * (-(exp(_a7_)) * _a4_))))));{'d0': {'_a1_': 1.6852892067820653, '_a4_': -0.13081007997580407, '_a6_': 1.6328100501230671, '_a7_': 1.2928897731860658, '_a0_': 1.0, '_a2_': 1.0, '_a3_': 1.0, '_a5_': 1.0}};{'d0': 0.024905832926643456};-276.475521869412;61.425529113889496
13531;-76.8122318208164;(_a1_ * ((_a6_ * x) * (-((x * -(x))) + pow2(((_a1_ + x) * (-(exp(_a7_)) * _a4_))))));{'d0': {'_a1_': 1.6852892067820653, '_a4_': -0.13081007997580407, '_a6_': 1.6328100501230671, '_a7_': 1.2928897731860658, '_a0_': 1.0, '_a2_': 1.0, '_a3_': 1.0, '_a5_': 1.0}};{'d0': 0.024905832926643456};-276.475521869412;61.425529113889496
13532;-76.8122318208164;(_a1_ * ((_a6_ * x) * (-((x * -(x))) + pow2(((_a1_ + x) * (-(exp(_a7_)) * _a4_))))));{'d0': {'_a1_': 1.6852892067820653, '_a4_': -0.13081007997580407, '_a6_': 1.6328100501230671, '_a7_': 1.2928897731860658, '_a0_': 1.0, '_a2_': 1.0, '_a3_': 1.0, '_a5_': 1.0}};{'d0': 0.024905832926643456};-276.475521869412;61.425529113889496
13533;-76.8122318208164;(_a1_ * ((_a6_ * x) * (-((x * -(x))) + pow2(((_a1_ + x) * (-(exp(_a7_)) * _a4_))))));{'d0': {'_a1_': 1.6852892067820653, '_a4_': -0.13081007997580407, '_a6_': 1.6328100501230671, '_a7_': 1.2928897731860658, '_a0_': 1.0, '_a2_': 1.0, '_a3_': 1.0, '_a5_': 1.0}};{'d0': 0.024905832926643456};-276.475521869412;61.425529113889496
13534;-76.8122318208164;(_a1_ * ((_a6_ * x) * (-((x * -(x))) + pow2(((_a1_ + x) * (-(exp(_a7_)) * _a4_))))));{'d0': {'_a1_': 1.6852892067820653, '_a4_': -0.13081007997580407, '_a6_': 1.6328100501230671, '_a7_': 1.2928897731860658, '_a0_': 1.0, '_a2_': 1.0, '_a3_': 1.0, '_a5_': 1.0}};{'d0': 0.024905832926643456};-276.475521869412;61.425529113889496
13535;-76.8122318208164;(_a1_ * ((_a6_ * x) * (-((x * -(x))) + pow2(((_a1_ + x) * (-(exp(_a7_)) * _a4_))))));{'d0': {'_a1_': 1.6852892067820653, '_a4_': -0.13081007997580407, '_a6_': 1.6328100501230671, '_a7_': 1.2928897731860658, '_a0_': 1.0, '_a2_': 1.0, '_a3_': 1.0, '_a5_': 1.0}};{'d0': 0.024905832926643456};-276.475521869412;61.425529113889496
13536;-76.8122318208164;(_a1_ * ((_a6_ * x) * (-((x * -(x))) + pow2(((_a1_ + x) * (-(exp(_a7_)) * _a4_))))));{'d0': {'_a1_': 1.6852892067820653, '_a4_': -0.13081007997580407, '_a6_': 1.6328100501230671, '_a7_': 1.2928897731860658, '_a0_': 1.0, '_a2_': 1.0, '_a3_': 1.0, '_a5_': 1.0}};{'d0': 0.024905832926643456};-276.475521869412;61.425529113889496
13537;-76.8122318208164;(_a1_ * ((_a6_ * x) * (-((x * -(x))) + pow2(((_a1_ + x) * (-(exp(_a7_)) * _a4_))))));{'d0': {'_a1_': 1.6852892067820653, '_a4_': -0.13081007997580407, '_a6_': 1.6328100501230671, '_a7_': 1.2928897731860658, '_a0_': 1.0, '_a2_': 1.0, '_a3_': 1.0, '_a5_': 1.0}};{'d0': 0.024905832926643456};-276.475521869412;61.425529113889496
13538;-76.8122318208164;(_a1_ * ((_a6_ * x) * (-((x * -(x))) + pow2(((_a1_ + x) * (-(exp(_a7_)) * _a4_))))));{'d0': {'_a1_': 1.6852892067820653, '_a4_': -0.13081007997580407, '_a6_': 1.6328100501230671, '_a7_': 1.2928897731860658, '_a0_': 1.0, '_a2_': 1.0, '_a3_': 1.0, '_a5_': 1.0}};{'d0': 0.024905832926643456};-276.475521869412;61.425529113889496
13539;-76.8122318208164;(_a1_ * ((_a6_ * x) * (-((x * -(x))) + pow2(((_a1_ + x) * (-(exp(_a7_)) * _a4_))))));{'d0': {'_a1_': 1.6852892067820653, '_a4_': -0.13081007997580407, '_a6_': 1.6328100501230671, '_a7_': 1.2928897731860658, '_a0_': 1.0, '_a2_': 1.0, '_a3_': 1.0, '_a5_': 1.0}};{'d0': 0.024905832926643456};-276.475521869412;61.425529113889496
13540;-76.8122318208164;(_a1_ * ((_a6_ * x) * (-((x * -(x))) + pow2(((_a1_ + x) * (-(exp(_a7_)) * _a4_))))));{'d0': {'_a1_': 1.6852892067820653, '_a4_': -0.13081007997580407, '_a6_': 1.6328100501230671, '_a7_': 1.2928897731860658, '_a0_': 1.0, '_a2_': 1.0, '_a3_': 1.0, '_a5_': 1.0}};{'d0': 0.024905832926643456};-276.475521869412;61.425529113889496
13541;-76.8122318208164;(_a1_ * ((_a6_ * x) * (-((x * -(x))) + pow2(((_a1_ + x) * (-(exp(_a7_)) * _a4_))))));{'d0': {'_a1_': 1.6852892067820653, '_a4_': -0.13081007997580407, '_a6_': 1.6328100501230671, '_a7_': 1.2928897731860658, '_a0_': 1.0, '_a2_': 1.0, '_a3_': 1.0, '_a5_': 1.0}};{'d0': 0.024905832926643456};-276.475521869412;61.425529113889496
13542;-76.8122318208164;(_a1_ * ((_a6_ * x) * (-((x * -(x))) + pow2(((_a1_ + x) * (-(exp(_a7_)) * _a4_))))));{'d0': {'_a1_': 1.6852892067820653, '_a4_': -0.13081007997580407, '_a6_': 1.6328100501230671, '_a7_': 1.2928897731860658, '_a0_': 1.0, '_a2_': 1.0, '_a3_': 1.0, '_a5_': 1.0}};{'d0': 0.024905832926643456};-276.475521869412;61.425529113889496
13543;-76.8122318208164;(_a1_ * ((_a6_ * x) * (-((x * -(x))) + pow2(((_a1_ + x) * (-(exp(_a7_)) * _a4_))))));{'d0': {'_a1_': 1.6852892067820653, '_a4_': -0.13081007997580407, '_a6_': 1.6328100501230671, '_a7_': 1.2928897731860658, '_a0_': 1.0, '_a2_': 1.0, '_a3_': 1.0, '_a5_': 1.0}};{'d0': 0.024905832926643456};-276.475521869412;61.425529113889496
13544;-76.8122318208164;(_a1_ * ((_a6_ * x) * (-((x * -(x))) + pow2(((_a1_ + x) * (-(exp(_a7_)) * _a4_))))));{'d0': {'_a1_': 1.6852892067820653, '_a4_': -0.13081007997580407, '_a6_': 1.6328100501230671, '_a7_': 1.2928897731860658, '_a0_': 1.0, '_a2_': 1.0, '_a3_': 1.0, '_a5_': 1.0}};{'d0': 0.024905832926643456};-276.475521869412;61.425529113889496
13545;-76.8122318208164;(_a1_ * ((_a6_ * x) * (-((x * -(x))) + pow2(((_a1_ + x) * (-(exp(_a7_)) * _a4_))))));{'d0': {'_a1_': 1.6852892067820653, '_a4_': -0.13081007997580407, '_a6_': 1.6328100501230671, '_a7_': 1.2928897731860658, '_a0_': 1.0, '_a2_': 1.0, '_a3_': 1.0, '_a5_': 1.0}};{'d0': 0.024905832926643456};-276.475521869412;61.425529113889496
13546;-76.8122318208164;(_a1_ * ((_a6_ * x) * (-((x * -(x))) + pow2(((_a1_ + x) * (-(exp(_a7_)) * _a4_))))));{'d0': {'_a1_': 1.6852892067820653, '_a4_': -0.13081007997580407, '_a6_': 1.6328100501230671, '_a7_': 1.2928897731860658, '_a0_': 1.0, '_a2_': 1.0, '_a3_': 1.0, '_a5_': 1.0}};{'d0': 0.024905832926643456};-276.475521869412;61.425529113889496
13547;-76.8122318208164;(_a1_ * ((_a6_ * x) * (-((x * -(x))) + pow2(((_a1_ + x) * (-(exp(_a7_)) * _a4_))))));{'d0': {'_a1_': 1.6852892067820653, '_a4_': -0.13081007997580407, '_a6_': 1.6328100501230671, '_a7_': 1.2928897731860658, '_a0_': 1.0, '_a2_': 1.0, '_a3_': 1.0, '_a5_': 1.0}};{'d0': 0.024905832926643456};-276.475521869412;61.425529113889496
13548;-76.8122318208164;(_a1_ * ((_a6_ * x) * (-((x * -(x))) + pow2(((_a1_ + x) * (-(exp(_a7_)) * _a4_))))));{'d0': {'_a1_': 1.6852892067820653, '_a4_': -0.13081007997580407, '_a6_': 1.6328100501230671, '_a7_': 1.2928897731860658, '_a0_': 1.0, '_a2_': 1.0, '_a3_': 1.0, '_a5_': 1.0}};{'d0': 0.024905832926643456};-276.475521869412;61.425529113889496
13549;-76.8122318208164;(_a1_ * ((_a6_ * x) * (-((x * -(x))) + pow2(((_a1_ + x) * (-(exp(_a7_)) * _a4_))))));{'d0': {'_a1_': 1.6852892067820653, '_a4_': -0.13081007997580407, '_a6_': 1.6328100501230671, '_a7_': 1.2928897731860658, '_a0_': 1.0, '_a2_': 1.0, '_a3_': 1.0, '_a5_': 1.0}};{'d0': 0.024905832926643456};-276.475521869412;61.425529113889496
13550;-76.8122318208164;(_a1_ * ((_a6_ * x) * (-((x * -(x))) + pow2(((_a1_ + x) * (-(exp(_a7_)) * _a4_))))));{'d0': {'_a1_': 1.6852892067820653, '_a4_': -0.13081007997580407, '_a6_': 1.6328100501230671, '_a7_': 1.2928897731860658, '_a0_': 1.0, '_a2_': 1.0, '_a3_': 1.0, '_a5_': 1.0}};{'d0': 0.024905832926643456};-276.475521869412;61.425529113889496
13551;-76.8122318208164;(_a1_ * ((_a6_ * x) * (-((x * -(x))) + pow2(((_a1_ + x) * (-(exp(_a7_)) * _a4_))))));{'d0': {'_a1_': 1.6852892067820653, '_a4_': -0.13081007997580407, '_a6_': 1.6328100501230671, '_a7_': 1.2928897731860658, '_a0_': 1.0, '_a2_': 1.0, '_a3_': 1.0, '_a5_': 1.0}};{'d0': 0.024905832926643456};-276.475521869412;61.425529113889496
13552;-76.8122318208164;(_a1_ * ((_a6_ * x) * (-((x * -(x))) + pow2(((_a1_ + x) * (-(exp(_a7_)) * _a4_))))));{'d0': {'_a1_': 1.6852892067820653, '_a4_': -0.13081007997580407, '_a6_': 1.6328100501230671, '_a7_': 1.2928897731860658, '_a0_': 1.0, '_a2_': 1.0, '_a3_': 1.0, '_a5_': 1.0}};{'d0': 0.024905832926643456};-276.475521869412;61.425529113889496
13553;-76.8189679287034;(_a1_ * ((_a6_ * x) * (-((x * -(x))) + pow2(((_a1_ + x) * (-(log(_a7_)) * _a4_))))));{'d0': {'_a1_': 1.6852892062350253, '_a4_': -0.5479724861691987, '_a6_': 1.632810050977132, '_a7_': 2.3862327040221625, '_a0_': 1.0, '_a2_': 1.0, '_a3_': 1.0, '_a5_': 1.0}};{'d0': 0.02490583292387312};-276.475521876085;61.418793009339495
13554;-76.8189679287034;(_a1_ * ((_a6_ * x) * (-((x * -(x))) + pow2(((_a1_ + x) * (-(log(_a7_)) * _a4_))))));{'d0': {'_a1_': 1.6852892062350253, '_a4_': -0.5479724861691987, '_a6_': 1.632810050977132, '_a7_': 2.3862327040221625, '_a0_': 1.0, '_a2_': 1.0, '_a3_': 1.0, '_a5_': 1.0}};{'d0': 0.02490583292387312};-276.475521876085;61.418793009339495
13555;-70.8983668725634;(_a1_ * ((_a6_ * x) * (-((x * -(x))) + pow2(((_a1_ + x) * (-(log(_a7_)) * (_a1_ + _a4_)))))));{'d0': {'_a1_': 1.6852892110682567, '_a4_': -1.2360874317826025, '_a6_': 1.6328100439993545, '_a7_': 2.88911216306563, '_a0_': 1.0, '_a2_': 1.0, '_a3_': 1.0, '_a5_': 1.0}};{'d0': 0.024905832929775783};-276.475521861866;67.33939405836949
13556;-70.8983668725634;(_a1_ * ((_a6_ * x) * (-((x * -(x))) + pow2(((_a1_ + x) * (-(log(_a7_)) * (_a1_ + _a4_)))))));{'d0': {'_a1_': 1.6852892110682567, '_a4_': -1.2360874317826025, '_a6_': 1.6328100439993545, '_a7_': 2.88911216306563, '_a0_': 1.0, '_a2_': 1.0, '_a3_': 1.0, '_a5_': 1.0}};{'d0': 0.024905832929775783};-276.475521861866;67.33939405836949
13557;-70.8983668725634;(_a1_ * ((_a6_ * x) * (-((x * -(x))) + pow2(((_a1_ + x) * (-(log(_a7_)) * (_a1_ + _a4_)))))));{'d0': {'_a1_': 1.6852892110682567, '_a4_': -1.2360874317826025, '_a6_': 1.6328100439993545, '_a7_': 2.88911216306563, '_a0_': 1.0, '_a2_': 1.0, '_a3_': 1.0, '_a5_': 1.0}};{'d0': 0.024905832929775783};-276.475521861866;67.33939405836949
13558;-70.8983668725634;(_a1_ * ((_a6_ * x) * (-((x * -(x))) + pow2(((_a1_ + x) * (-(log(_a7_)) * (_a1_ + _a4_)))))));{'d0': {'_a1_': 1.6852892110682567, '_a4_': -1.2360874317826025, '_a6_': 1.6328100439993545, '_a7_': 2.88911216306563, '_a0_': 1.0, '_a2_': 1.0, '_a3_': 1.0, '_a5_': 1.0}};{'d0': 0.024905832929775783};-276.475521861866;67.33939405836949
13559;-70.8983668725634;(_a1_ * ((_a6_ * x) * (-((x * -(x))) + pow2(((_a1_ + x) * (-(log(_a7_)) * (_a1_ + _a4_)))))));{'d0': {'_a1_': 1.6852892110682567, '_a4_': -1.2360874317826025, '_a6_': 1.6328100439993545, '_a7_': 2.88911216306563, '_a0_': 1.0, '_a2_': 1.0, '_a3_': 1.0, '_a5_': 1.0}};{'d0': 0.024905832929775783};-276.475521861866;67.33939405836949
13560;-70.8983668725634;(_a1_ * ((_a6_ * x) * (-((x * -(x))) + pow2(((_a1_ + x) * (-(log(_a7_)) * (_a1_ + _a4_)))))));{'d0': {'_a1_': 1.6852892110682567, '_a4_': -1.2360874317826025, '_a6_': 1.6328100439993545, '_a7_': 2.88911216306563, '_a0_': 1.0, '_a2_': 1.0, '_a3_': 1.0, '_a5_': 1.0}};{'d0': 0.024905832929775783};-276.475521861866;67.33939405836949
13561;-70.8983668725634;(_a1_ * ((_a6_ * x) * (-((x * -(x))) + pow2(((_a1_ + x) * (-(log(_a7_)) * (_a1_ + _a4_)))))));{'d0': {'_a1_': 1.6852892110682567, '_a4_': -1.2360874317826025, '_a6_': 1.6328100439993545, '_a7_': 2.88911216306563, '_a0_': 1.0, '_a2_': 1.0, '_a3_': 1.0, '_a5_': 1.0}};{'d0': 0.024905832929775783};-276.475521861866;67.33939405836949
13562;-70.8983668725634;(_a1_ * ((_a6_ * x) * (-((x * -(x))) + pow2(((_a1_ + x) * (-(log(_a7_)) * (_a1_ + _a4_)))))));{'d0': {'_a1_': 1.6852892110682567, '_a4_': -1.2360874317826025, '_a6_': 1.6328100439993545, '_a7_': 2.88911216306563, '_a0_': 1.0, '_a2_': 1.0, '_a3_': 1.0, '_a5_': 1.0}};{'d0': 0.024905832929775783};-276.475521861866;67.33939405836949
13563;-70.8983668725634;(_a1_ * ((_a6_ * x) * (-((x * -(x))) + pow2(((_a1_ + x) * (-(log(_a7_)) * (_a1_ + _a4_)))))));{'d0': {'_a1_': 1.6852892110682567, '_a4_': -1.2360874317826025, '_a6_': 1.6328100439993545, '_a7_': 2.88911216306563, '_a0_': 1.0, '_a2_': 1.0, '_a3_': 1.0, '_a5_': 1.0}};{'d0': 0.024905832929775783};-276.475521861866;67.33939405836949
13564;-70.8983668725634;(_a1_ * ((_a6_ * x) * (-((x * -(x))) + pow2(((_a1_ + x) * (-(log(_a7_)) * (_a1_ + _a4_)))))));{'d0': {'_a1_': 1.6852892110682567, '_a4_': -1.2360874317826025, '_a6_': 1.6328100439993545, '_a7_': 2.88911216306563, '_a0_': 1.0, '_a2_': 1.0, '_a3_': 1.0, '_a5_': 1.0}};{'d0': 0.024905832929775783};-276.475521861866;67.33939405836949
13565;-70.8983668725634;(_a1_ * ((_a6_ * x) * (-((x * -(x))) + pow2(((_a1_ + x) * (-(log(_a7_)) * (_a1_ + _a4_)))))));{'d0': {'_a1_': 1.6852892110682567, '_a4_': -1.2360874317826025, '_a6_': 1.6328100439993545, '_a7_': 2.88911216306563, '_a0_': 1.0, '_a2_': 1.0, '_a3_': 1.0, '_a5_': 1.0}};{'d0': 0.024905832929775783};-276.475521861866;67.33939405836949
13566;-70.8983668725634;(_a1_ * ((_a6_ * x) * (-((x * -(x))) + pow2(((_a1_ + x) * (-(log(_a7_)) * (_a1_ + _a4_)))))));{'d0': {'_a1_': 1.6852892110682567, '_a4_': -1.2360874317826025, '_a6_': 1.6328100439993545, '_a7_': 2.88911216306563, '_a0_': 1.0, '_a2_': 1.0, '_a3_': 1.0, '_a5_': 1.0}};{'d0': 0.024905832929775783};-276.475521861866;67.33939405836949
13567;-70.8983668725634;(_a1_ * ((_a6_ * x) * (-((x * -(x))) + pow2(((_a1_ + x) * (-(log(_a7_)) * (_a1_ + _a4_)))))));{'d0': {'_a1_': 1.6852892110682567, '_a4_': -1.2360874317826025, '_a6_': 1.6328100439993545, '_a7_': 2.88911216306563, '_a0_': 1.0, '_a2_': 1.0, '_a3_': 1.0, '_a5_': 1.0}};{'d0': 0.024905832929775783};-276.475521861866;67.33939405836949
13568;-70.8983668725634;(_a1_ * ((_a6_ * x) * (-((x * -(x))) + pow2(((_a1_ + x) * (-(log(_a7_)) * (_a1_ + _a4_)))))));{'d0': {'_a1_': 1.6852892110682567, '_a4_': -1.2360874317826025, '_a6_': 1.6328100439993545, '_a7_': 2.88911216306563, '_a0_': 1.0, '_a2_': 1.0, '_a3_': 1.0, '_a5_': 1.0}};{'d0': 0.024905832929775783};-276.475521861866;67.33939405836949
13569;-78.3048711962624;(_a1_ * ((_a6_ * x) * (-((x * -(x))) + pow2(((_a1_ + x) * (-(_a6_) * (_a1_ + _a4_)))))));{'d0': {'_a1_': 1.685289210026738, '_a4_': -1.3934117305796083, '_a6_': 1.6328100455535668, '_a0_': 1.0, '_a2_': 1.0, '_a3_': 1.0, '_a5_': 1.0, '_a7_': 1.0}};{'d0': 0.02490583291941664};-280.569866449044;61.980062028259496
13570;-77.5986339279609;(_a1_ * ((_a6_ * x) * (-((x / -(x))) + pow2(((_a1_ + x) * (-(_a6_) * (_a1_ + _a4_)))))));{'d0': {'_a1_': 0.3119297076977771, '_a4_': 0.017524432591675458, '_a6_': 4.637506629908985, '_a0_': 1.0, '_a2_': 1.0, '_a3_': 1.0, '_a5_': 1.0, '_a7_': 1.0}};{'d0': 0.02490583291941671};-280.569866449043;62.6862992965609
13571;-77.5986339279609;(_a1_ * ((_a6_ * x) * (-((x / -(x))) + pow2(((_a1_ + x) * (-(_a6_) * (_a1_ + _a4_)))))));{'d0': {'_a1_': 0.3119297076977771, '_a4_': 0.017524432591675458, '_a6_': 4.637506629908985, '_a0_': 1.0, '_a2_': 1.0, '_a3_': 1.0, '_a5_': 1.0, '_a7_': 1.0}};{'d0': 0.02490583291941671};-280.569866449043;62.6862992965609
13572;-77.5986339279609;(_a1_ * ((_a6_ * x) * (-((x / -(x))) + pow2(((_a1_ + x) * (-(_a6_) * (_a1_ + _a4_)))))));{'d0': {'_a1_': 0.3119297076977771, '_a4_': 0.017524432591675458, '_a6_': 4.637506629908985, '_a0_': 1.0, '_a2_': 1.0, '_a3_': 1.0, '_a5_': 1.0, '_a7_': 1.0}};{'d0': 0.02490583291941671};-280.569866449043;62.6862992965609
13573;-77.5986339279609;(_a1_ * ((_a6_ * x) * (-((x / -(x))) + pow2(((_a1_ + x) * (-(_a6_) * (_a1_ + _a4_)))))));{'d0': {'_a1_': 0.3119297076977771, '_a4_': 0.017524432591675458, '_a6_': 4.637506629908985, '_a0_': 1.0, '_a2_': 1.0, '_a3_': 1.0, '_a5_': 1.0, '_a7_': 1.0}};{'d0': 0.02490583291941671};-280.569866449043;62.6862992965609
13574;-77.5986339279609;(_a1_ * ((_a6_ * x) * (-((x / -(x))) + pow2(((_a1_ + x) * (-(_a6_) * (_a1_ + _a4_)))))));{'d0': {'_a1_': 0.3119297076977771, '_a4_': 0.017524432591675458, '_a6_': 4.637506629908985, '_a0_': 1.0, '_a2_': 1.0, '_a3_': 1.0, '_a5_': 1.0, '_a7_': 1.0}};{'d0': 0.02490583291941671};-280.569866449043;62.6862992965609
13575;-77.5986339279609;(_a1_ * ((_a6_ * x) * (-((x / -(x))) + pow2(((_a1_ + x) * (-(_a6_) * (_a1_ + _a4_)))))));{'d0': {'_a1_': 0.3119297076977771, '_a4_': 0.017524432591675458, '_a6_': 4.637506629908985, '_a0_': 1.0, '_a2_': 1.0, '_a3_': 1.0, '_a5_': 1.0, '_a7_': 1.0}};{'d0': 0.02490583291941671};-280.569866449043;62.6862992965609
13576;-78.3048711962624;(_a1_ * ((_a6_ * x) * (-((x * -(x))) + pow2(((_a1_ + x) * (-(_a6_) * (_a1_ + _a4_)))))));{'d0': {'_a1_': 1.685289210026738, '_a4_': -1.3934117305796083, '_a6_': 1.6328100455535668, '_a0_': 1.0, '_a2_': 1.0, '_a3_': 1.0, '_a5_': 1.0, '_a7_': 1.0}};{'d0': 0.02490583291941664};-280.569866449044;61.980062028259496
13577;-78.3048711962624;(_a1_ * ((_a6_ * x) * (-((x * -(x))) + pow2(((_a1_ + x) * (-(_a6_) * (_a1_ + _a4_)))))));{'d0': {'_a1_': 1.685289210026738, '_a4_': -1.3934117305796083, '_a6_': 1.6328100455535668, '_a0_': 1.0, '_a2_': 1.0, '_a3_': 1.0, '_a5_': 1.0, '_a7_': 1.0}};{'d0': 0.02490583291941664};-280.569866449044;61.980062028259496
13578;-78.3048711962624;(_a1_ * ((_a6_ * x) * (-((x * -(x))) + pow2(((_a1_ + x) * (-(_a6_) * (_a1_ + _a4_)))))));{'d0': {'_a1_': 1.685289210026738, '_a4_': -1.3934117305796083, '_a6_': 1.6328100455535668, '_a0_': 1.0, '_a2_': 1.0, '_a3_': 1.0, '_a5_': 1.0, '_a7_': 1.0}};{'d0': 0.02490583291941664};-280.569866449044;61.980062028259496
13579;-78.3048711962624;(_a1_ * ((_a6_ * x) * (-((x * -(x))) + pow2(((_a1_ + x) * (-(_a6_) * (_a1_ + _a4_)))))));{'d0': {'_a1_': 1.685289210026738, '_a4_': -1.3934117305796083, '_a6_': 1.6328100455535668, '_a0_': 1.0, '_a2_': 1.0, '_a3_': 1.0, '_a5_': 1.0, '_a7_': 1.0}};{'d0': 0.02490583291941664};-280.569866449044;61.980062028259496
13580;-74.6234088019997;-((_a1_ * ((_a6_ * x) * (-((x * -(x))) + pow2(((_a1_ + x) * (-(_a6_) * (_a1_ + _a4_))))))));{'d0': {'_a1_': 1.6852892057700144, '_a4_': -1.3934117269680124, '_a6_': -1.6328100517149249, '_a0_': 1.0, '_a2_': 1.0, '_a3_': 1.0, '_a5_': 1.0, '_a7_': 1.0}};{'d0': 0.024905832919416636};-280.569866449044;65.66152442252222
13581;-74.6234088019997;-((_a1_ * ((_a6_ * x) * (-((x * -(x))) + pow2(((_a1_ + x) * (-(_a6_) * (_a1_ + _a4_))))))));{'d0': {'_a1_': 1.6852892057700144, '_a4_': -1.3934117269680124, '_a6_': -1.6328100517149249, '_a0_': 1.0, '_a2_': 1.0, '_a3_': 1.0, '_a5_': 1.0, '_a7_': 1.0}};{'d0': 0.024905832919416636};-280.569866449044;65.66152442252222
13582;-74.6234088019997;-((_a1_ * ((_a6_ * x) * (-((x * -(x))) + pow2(((_a1_ + x) * (-(_a6_) * (_a1_ + _a4_))))))));{'d0': {'_a1_': 1.6852892057700144, '_a4_': -1.3934117269680124, '_a6_': -1.6328100517149249, '_a0_': 1.0, '_a2_': 1.0, '_a3_': 1.0, '_a5_': 1.0, '_a7_': 1.0}};{'d0': 0.024905832919416636};-280.569866449044;65.66152442252222
13583;-74.6234088019997;-((_a1_ * ((_a6_ * x) * (-((x * -(x))) + pow2(((_a1_ + x) * (-(_a6_) * (_a1_ + _a4_))))))));{'d0': {'_a1_': 1.6852892057700144, '_a4_': -1.3934117269680124, '_a6_': -1.6328100517149249, '_a0_': 1.0, '_a2_': 1.0, '_a3_': 1.0, '_a5_': 1.0, '_a7_': 1.0}};{'d0': 0.024905832919416636};-280.569866449044;65.66152442252222
13584;-74.6234088019997;-((_a1_ * ((_a6_ * x) * (-((x * -(x))) + pow2(((_a1_ + x) * (-(_a6_) * (_a1_ + _a4_))))))));{'d0': {'_a1_': 1.6852892057700144, '_a4_': -1.3934117269680124, '_a6_': -1.6328100517149249, '_a0_': 1.0, '_a2_': 1.0, '_a3_': 1.0, '_a5_': 1.0, '_a7_': 1.0}};{'d0': 0.024905832919416636};-280.569866449044;65.66152442252222
13585;-74.6234088019997;-((_a1_ * ((_a6_ * x) * (-((x * -(x))) + pow2(((_a1_ + x) * (-(_a6_) * (_a1_ + _a4_))))))));{'d0': {'_a1_': 1.6852892057700144, '_a4_': -1.3934117269680124, '_a6_': -1.6328100517149249, '_a0_': 1.0, '_a2_': 1.0, '_a3_': 1.0, '_a5_': 1.0, '_a7_': 1.0}};{'d0': 0.024905832919416636};-280.569866449044;65.66152442252222
13586;-74.6234088019997;-((_a1_ * ((_a6_ * x) * (-((x * -(x))) + pow2(((_a1_ + x) * (-(_a6_) * (_a1_ + _a4_))))))));{'d0': {'_a1_': 1.6852892057700144, '_a4_': -1.3934117269680124, '_a6_': -1.6328100517149249, '_a0_': 1.0, '_a2_': 1.0, '_a3_': 1.0, '_a5_': 1.0, '_a7_': 1.0}};{'d0': 0.024905832919416636};-280.569866449044;65.66152442252222
13587;-74.6234088019997;-((_a1_ * ((_a6_ * x) * (-((x * -(x))) + pow2(((_a1_ + x) * (-(_a6_) * (_a1_ + _a4_))))))));{'d0': {'_a1_': 1.6852892057700144, '_a4_': -1.3934117269680124, '_a6_': -1.6328100517149249, '_a0_': 1.0, '_a2_': 1.0, '_a3_': 1.0, '_a5_': 1.0, '_a7_': 1.0}};{'d0': 0.024905832919416636};-280.569866449044;65.66152442252222
13588;-74.6234088019997;-((_a1_ * ((_a6_ * x) * (-((x * -(x))) + pow2(((_a1_ + x) * (-(_a6_) * (_a1_ + _a4_))))))));{'d0': {'_a1_': 1.6852892057700144, '_a4_': -1.3934117269680124, '_a6_': -1.6328100517149249, '_a0_': 1.0, '_a2_': 1.0, '_a3_': 1.0, '_a5_': 1.0, '_a7_': 1.0}};{'d0': 0.024905832919416636};-280.569866449044;65.66152442252222
13589;-74.6234088019997;-((_a1_ * ((_a6_ * x) * (-((x * -(x))) + pow2(((_a1_ + x) * (-(_a6_) * (_a1_ + _a4_))))))));{'d0': {'_a1_': 1.6852892057700144, '_a4_': -1.3934117269680124, '_a6_': -1.6328100517149249, '_a0_': 1.0, '_a2_': 1.0, '_a3_': 1.0, '_a5_': 1.0, '_a7_': 1.0}};{'d0': 0.024905832919416636};-280.569866449044;65.66152442252222
13590;-74.6234088019997;-((_a1_ * ((_a6_ * x) * (-((x * -(x))) + pow2(((_a1_ + x) * (-(_a6_) * (_a1_ + _a4_))))))));{'d0': {'_a1_': 1.6852892057700144, '_a4_': -1.3934117269680124, '_a6_': -1.6328100517149249, '_a0_': 1.0, '_a2_': 1.0, '_a3_': 1.0, '_a5_': 1.0, '_a7_': 1.0}};{'d0': 0.024905832919416636};-280.569866449044;65.66152442252222
13591;-74.6234088019997;-((_a1_ * ((_a6_ * x) * (-((x * -(x))) + pow2(((_a1_ + x) * (-(_a6_) * (_a1_ + _a4_))))))));{'d0': {'_a1_': 1.6852892057700144, '_a4_': -1.3934117269680124, '_a6_': -1.6328100517149249, '_a0_': 1.0, '_a2_': 1.0, '_a3_': 1.0, '_a5_': 1.0, '_a7_': 1.0}};{'d0': 0.024905832919416636};-280.569866449044;65.66152442252222
13592;-74.6234088019997;-((_a1_ * ((_a6_ * x) * (-((x * -(x))) + pow2(((_a1_ + x) * (-(_a6_) * (_a1_ + _a4_))))))));{'d0': {'_a1_': 1.6852892057700144, '_a4_': -1.3934117269680124, '_a6_': -1.6328100517149249, '_a0_': 1.0, '_a2_': 1.0, '_a3_': 1.0, '_a5_': 1.0, '_a7_': 1.0}};{'d0': 0.024905832919416636};-280.569866449044;65.66152442252222
13593;-74.6234088019997;-((_a1_ * ((_a6_ * x) * (-((x * -(x))) + pow2(((_a1_ + x) * (-(_a6_) * (_a1_ + _a4_))))))));{'d0': {'_a1_': 1.6852892057700144, '_a4_': -1.3934117269680124, '_a6_': -1.6328100517149249, '_a0_': 1.0, '_a2_': 1.0, '_a3_': 1.0, '_a5_': 1.0, '_a7_': 1.0}};{'d0': 0.024905832919416636};-280.569866449044;65.66152442252222
13594;-74.6234088019997;-((_a1_ * ((_a6_ * x) * (-((x * -(x))) + pow2(((_a1_ + x) * (-(_a6_) * (_a1_ + _a4_))))))));{'d0': {'_a1_': 1.6852892057700144, '_a4_': -1.3934117269680124, '_a6_': -1.6328100517149249, '_a0_': 1.0, '_a2_': 1.0, '_a3_': 1.0, '_a5_': 1.0, '_a7_': 1.0}};{'d0': 0.024905832919416636};-280.569866449044;65.66152442252222
13595;-80.5440098510298;-((_a1_ * ((_a6_ * x) * (-((x * -(x))) + pow2(((_a1_ + x) * (-(_a6_) * _a4_)))))));{'d0': {'_a1_': 1.6852892076275436, '_a4_': -0.2918774791567639, '_a6_': -1.6328100488260116, '_a0_': 1.0, '_a2_': 1.0, '_a3_': 1.0, '_a5_': 1.0, '_a7_': 1.0}};{'d0': 0.024905832919416577};-280.569866449044;59.74092337349222
13596;-80.5440098510298;-((_a1_ * ((_a6_ * x) * (-((x * -(x))) + pow2(((_a1_ + x) * (-(_a6_) * _a4_)))))));{'d0': {'_a1_': 1.6852892076275436, '_a4_': -0.2918774791567639, '_a6_': -1.6328100488260116, '_a0_': 1.0, '_a2_': 1.0, '_a3_': 1.0, '_a5_': 1.0, '_a7_': 1.0}};{'d0': 0.024905832919416577};-280.569866449044;59.74092337349222
13597;-80.5440098510298;-((_a1_ * ((_a6_ * x) * (-((x * -(x))) + pow2(((_a1_ + x) * (-(_a6_) * _a4_)))))));{'d0': {'_a1_': 1.6852892076275436, '_a4_': -0.2918774791567639, '_a6_': -1.6328100488260116, '_a0_': 1.0, '_a2_': 1.0, '_a3_': 1.0, '_a5_': 1.0, '_a7_': 1.0}};{'d0': 0.024905832919416577};-280.569866449044;59.74092337349222
13598;-80.5440098510298;-((_a1_ * ((_a6_ * x) * (-((x * -(x))) + pow2(((_a1_ + x) * (-(_a6_) * _a4_)))))));{'d0': {'_a1_': 1.6852892076275436, '_a4_': -0.2918774791567639, '_a6_': -1.6328100488260116, '_a0_': 1.0, '_a2_': 1.0, '_a3_': 1.0, '_a5_': 1.0, '_a7_': 1.0}};{'d0': 0.024905832919416577};-280.569866449044;59.74092337349222
13599;-80.5440098510298;-((_a1_ * ((_a6_ * x) * (-((x * -(x))) + pow2(((_a1_ + x) * (-(_a6_) * _a4_)))))));{'d0': {'_a1_': 1.6852892076275436, '_a4_': -0.2918774791567639, '_a6_': -1.6328100488260116, '_a0_': 1.0, '_a2_': 1.0, '_a3_': 1.0, '_a5_': 1.0, '_a7_': 1.0}};{'d0': 0.024905832919416577};-280.569866449044;59.74092337349222
13600;-80.5440098510298;-((_a1_ * ((_a6_ * x) * (-((x * -(x))) + pow2(((_a1_ + x) * (-(_a6_) * _a4_)))))));{'d0': {'_a1_': 1.6852892076275436, '_a4_': -0.2918774791567639, '_a6_': -1.6328100488260116, '_a0_': 1.0, '_a2_': 1.0, '_a3_': 1.0, '_a5_': 1.0, '_a7_': 1.0}};{'d0': 0.024905832919416577};-280.569866449044;59.74092337349222
13601;-80.5440098510298;-((_a1_ * ((_a6_ * x) * (-((x * -(x))) + pow2(((_a1_ + x) * (-(_a6_) * _a4_)))))));{'d0': {'_a1_': 1.6852892076275436, '_a4_': -0.2918774791567639, '_a6_': -1.6328100488260116, '_a0_': 1.0, '_a2_': 1.0, '_a3_': 1.0, '_a5_': 1.0, '_a7_': 1.0}};{'d0': 0.024905832919416577};-280.569866449044;59.74092337349222
13602;-80.5440098510298;-((_a1_ * ((_a6_ * x) * (-((x * -(x))) + pow2(((_a1_ + x) * (-(_a6_) * _a4_)))))));{'d0': {'_a1_': 1.6852892076275436, '_a4_': -0.2918774791567639, '_a6_': -1.6328100488260116, '_a0_': 1.0, '_a2_': 1.0, '_a3_': 1.0, '_a5_': 1.0, '_a7_': 1.0}};{'d0': 0.024905832919416577};-280.569866449044;59.74092337349222
13603;-80.5440098510298;-((_a1_ * ((_a6_ * x) * (-((x * -(x))) + pow2(((_a1_ + x) * (-(_a6_) * _a4_)))))));{'d0': {'_a1_': 1.6852892076275436, '_a4_': -0.2918774791567639, '_a6_': -1.6328100488260116, '_a0_': 1.0, '_a2_': 1.0, '_a3_': 1.0, '_a5_': 1.0, '_a7_': 1.0}};{'d0': 0.024905832919416577};-280.569866449044;59.74092337349222
13604;-80.5440098510298;-((_a1_ * ((_a6_ * x) * (-((x * -(x))) + pow2(((_a1_ + x) * (-(_a6_) * _a4_)))))));{'d0': {'_a1_': 1.6852892076275436, '_a4_': -0.2918774791567639, '_a6_': -1.6328100488260116, '_a0_': 1.0, '_a2_': 1.0, '_a3_': 1.0, '_a5_': 1.0, '_a7_': 1.0}};{'d0': 0.024905832919416577};-280.569866449044;59.74092337349222
13605;-80.5440098510298;-((_a1_ * ((_a6_ * x) * (-((x * -(x))) + pow2(((_a1_ + x) * (-(_a6_) * _a4_)))))));{'d0': {'_a1_': 1.6852892076275436, '_a4_': -0.2918774791567639, '_a6_': -1.6328100488260116, '_a0_': 1.0, '_a2_': 1.0, '_a3_': 1.0, '_a5_': 1.0, '_a7_': 1.0}};{'d0': 0.024905832919416577};-280.569866449044;59.74092337349222
13606;-80.5440098510298;-((_a1_ * ((_a6_ * x) * (-((x * -(x))) + pow2(((_a1_ + x) * (-(_a6_) * _a4_)))))));{'d0': {'_a1_': 1.6852892076275436, '_a4_': -0.2918774791567639, '_a6_': -1.6328100488260116, '_a0_': 1.0, '_a2_': 1.0, '_a3_': 1.0, '_a5_': 1.0, '_a7_': 1.0}};{'d0': 0.024905832919416577};-280.569866449044;59.74092337349222
13607;-80.5440098510298;-((_a1_ * ((_a6_ * x) * (-((x * -(x))) + pow2(((_a1_ + x) * (-(_a6_) * _a4_)))))));{'d0': {'_a1_': 1.6852892076275436, '_a4_': -0.2918774791567639, '_a6_': -1.6328100488260116, '_a0_': 1.0, '_a2_': 1.0, '_a3_': 1.0, '_a5_': 1.0, '_a7_': 1.0}};{'d0': 0.024905832919416577};-280.569866449044;59.74092337349222
13608;-80.5440098510298;-((_a1_ * ((_a6_ * x) * (-((x * -(x))) + pow2(((_a1_ + x) * (-(_a6_) * _a4_)))))));{'d0': {'_a1_': 1.6852892076275436, '_a4_': -0.2918774791567639, '_a6_': -1.6328100488260116, '_a0_': 1.0, '_a2_': 1.0, '_a3_': 1.0, '_a5_': 1.0, '_a7_': 1.0}};{'d0': 0.024905832919416577};-280.569866449044;59.74092337349222
13609;-80.5440098510298;-((_a1_ * ((_a6_ * x) * (-((x * -(x))) + pow2(((_a1_ + x) * (-(_a6_) * _a4_)))))));{'d0': {'_a1_': 1.6852892076275436, '_a4_': -0.2918774791567639, '_a6_': -1.6328100488260116, '_a0_': 1.0, '_a2_': 1.0, '_a3_': 1.0, '_a5_': 1.0, '_a7_': 1.0}};{'d0': 0.024905832919416577};-280.569866449044;59.74092337349222
13610;-80.5440098510298;-((_a1_ * ((_a6_ * x) * (-((x * -(x))) + pow2(((_a1_ + x) * (-(_a6_) * _a4_)))))));{'d0': {'_a1_': 1.6852892076275436, '_a4_': -0.2918774791567639, '_a6_': -1.6328100488260116, '_a0_': 1.0, '_a2_': 1.0, '_a3_': 1.0, '_a5_': 1.0, '_a7_': 1.0}};{'d0': 0.024905832919416577};-280.569866449044;59.74092337349222
13611;-79.7174633001007;-((_a1_ * ((_a6_ * x) * (-((x * -(x))) + pow2(((_a1_ + x) * (-(_a6_) + _a4_)))))));{'d0': {'_a1_': 1.6852892106470532, '_a4_': -1.1562295641214477, '_a6_': -1.6328100445789653, '_a0_': 1.0, '_a2_': 1.0, '_a3_': 1.0, '_a5_': 1.0, '_a7_': 1.0}};{'d0': 0.024905832919416594};-280.569866449044;60.567469924421225
13612;-79.7174633001007;-((_a1_ * ((_a6_ * x) * (-((x * -(x))) + pow2(((_a1_ + x) * (-(_a6_) + _a4_)))))));{'d0': {'_a1_': 1.6852892106470532, '_a4_': -1.1562295641214477, '_a6_': -1.6328100445789653, '_a0_': 1.0, '_a2_': 1.0, '_a3_': 1.0, '_a5_': 1.0, '_a7_': 1.0}};{'d0': 0.024905832919416594};-280.569866449044;60.567469924421225
13613;-79.7174633001007;-((_a1_ * ((_a6_ * x) * (-((x * -(x))) + pow2(((_a1_ + x) * (-(_a6_) + _a4_)))))));{'d0': {'_a1_': 1.6852892106470532, '_a4_': -1.1562295641214477, '_a6_': -1.6328100445789653, '_a0_': 1.0, '_a2_': 1.0, '_a3_': 1.0, '_a5_': 1.0, '_a7_': 1.0}};{'d0': 0.024905832919416594};-280.569866449044;60.567469924421225
13614;-79.7174633001007;-((_a1_ * ((_a6_ * x) * (-((x * -(x))) + pow2(((_a1_ + x) * (-(_a6_) + _a4_)))))));{'d0': {'_a1_': 1.6852892106470532, '_a4_': -1.1562295641214477, '_a6_': -1.6328100445789653, '_a0_': 1.0, '_a2_': 1.0, '_a3_': 1.0, '_a5_': 1.0, '_a7_': 1.0}};{'d0': 0.024905832919416594};-280.569866449044;60.567469924421225
13615;-79.7174633001007;-((_a1_ * ((_a6_ * x) * (-((x * -(x))) + pow2(((_a1_ + x) * (-(_a6_) + _a4_)))))));{'d0': {'_a1_': 1.6852892106470532, '_a4_': -1.1562295641214477, '_a6_': -1.6328100445789653, '_a0_': 1.0, '_a2_': 1.0, '_a3_': 1.0, '_a5_': 1.0, '_a7_': 1.0}};{'d0': 0.024905832919416594};-280.569866449044;60.567469924421225
13616;-79.7174633001007;-((_a1_ * ((_a6_ * x) * (-((x * -(x))) + pow2(((_a1_ + x) * (-(_a6_) + _a4_)))))));{'d0': {'_a1_': 1.6852892106470532, '_a4_': -1.1562295641214477, '_a6_': -1.6328100445789653, '_a0_': 1.0, '_a2_': 1.0, '_a3_': 1.0, '_a5_': 1.0, '_a7_': 1.0}};{'d0': 0.024905832919416594};-280.569866449044;60.567469924421225
13617;-79.7174633001007;-((_a1_ * ((_a6_ * x) * (-((x * -(x))) + pow2(((_a1_ + x) * (-(_a6_) + _a4_)))))));{'d0': {'_a1_': 1.6852892106470532, '_a4_': -1.1562295641214477, '_a6_': -1.6328100445789653, '_a0_': 1.0, '_a2_': 1.0, '_a3_': 1.0, '_a5_': 1.0, '_a7_': 1.0}};{'d0': 0.024905832919416594};-280.569866449044;60.567469924421225
13618;-96.1101287862451;-(((((pow2(((pow2(_a6_) + x) + _a6_)) * _a1_) + x) / _a5_) * x));{'d0': {'_a1_': -1.2103128165196644, '_a5_': 0.35842419992033225, '_a6_': 0.4874441993975469, '_a0_': 1.0, '_a2_': 1.0, '_a3_': 1.0, '_a4_': 1.0, '_a7_': 1.0}};{'d0': 0.02490583291941662};-280.569866449044;44.1748044382768
13619;-96.1101287862451;-(((((pow2(((pow2(_a6_) + x) + _a6_)) * _a1_) + x) / _a5_) * x));{'d0': {'_a1_': -1.2103128165196644, '_a5_': 0.35842419992033225, '_a6_': 0.4874441993975469, '_a0_': 1.0, '_a2_': 1.0, '_a3_': 1.0, '_a4_': 1.0, '_a7_': 1.0}};{'d0': 0.02490583291941662};-280.569866449044;44.1748044382768
13620;-94.0629565050227;-(((((pow2(((pow2(_a6_) + x) + _a3_)) * _a1_) + x) / _a5_) * x));{'d0': {'_a1_': -1.2103128152768614, '_a3_': 0.30836562159044106, '_a5_': 0.3584241998754168, '_a6_': 0.6455079045624245, '_a0_': 1.0, '_a2_': 1.0, '_a4_': 1.0, '_a7_': 1.0}};{'d0': 0.02490583291950905};-276.475521886599;44.1748044382768
13621;-94.0629565050227;-(((((pow2(((pow2(_a6_) + x) + _a3_)) * _a1_) + x) / _a5_) * x));{'d0': {'_a1_': -1.2103128152768614, '_a3_': 0.30836562159044106, '_a5_': 0.3584241998754168, '_a6_': 0.6455079045624245, '_a0_': 1.0, '_a2_': 1.0, '_a4_': 1.0, '_a7_': 1.0}};{'d0': 0.02490583291950905};-276.475521886599;44.1748044382768
13622;-94.0629565050227;-(((((pow2(((pow2(_a6_) + x) + _a3_)) * _a1_) + x) / _a5_) * x));{'d0': {'_a1_': -1.2103128152768614, '_a3_': 0.30836562159044106, '_a5_': 0.3584241998754168, '_a6_': 0.6455079045624245, '_a0_': 1.0, '_a2_': 1.0, '_a4_': 1.0, '_a7_': 1.0}};{'d0': 0.02490583291950905};-276.475521886599;44.1748044382768
13623;-92.0157842239513;-(((((pow2(((pow2(_a6_) + x) + _a3_)) * _a1_) + _a0_) / _a5_) * x));{'d0': {'_a0_': -1.7912926651605388, '_a1_': -4.181437120585472, '_a3_': -0.7616027723794487, '_a5_': 1.238298266716397, '_a6_': 1.036114133394659, '_a2_': 1.0, '_a4_': 1.0, '_a7_': 1.0}};{'d0': 0.024905832919476182};-272.381177324456;44.1748044382768
13624;-97.7608909735869;-(((((pow2(((_a5_ + x) + _a3_)) * _a1_) + _a0_) / _a5_) * x));{'d0': {'_a0_': -703.629805679446, '_a1_': -1642.4917877564815, '_a3_': -486.09852306747337, '_a5_': 486.41045267169875, '_a2_': 1.0, '_a4_': 1.0, '_a6_': 1.0, '_a7_': 1.0}};{'d0': 0.02490583292286785};-276.475521878507;40.4768699656668
13625;-97.7608909735869;-(((((pow2(((_a5_ + x) + _a3_)) * _a1_) + _a0_) / _a5_) * x));{'d0': {'_a0_': -703.629805679446, '_a1_': -1642.4917877564815, '_a3_': -486.09852306747337, '_a5_': 486.41045267169875, '_a2_': 1.0, '_a4_': 1.0, '_a6_': 1.0, '_a7_': 1.0}};{'d0': 0.02490583292286785};-276.475521878507;40.4768699656668
13626;-97.7608909735869;-(((((pow2(((_a5_ + x) + _a3_)) * _a1_) + _a0_) / _a5_) * x));{'d0': {'_a0_': -703.629805679446, '_a1_': -1642.4917877564815, '_a3_': -486.09852306747337, '_a5_': 486.41045267169875, '_a2_': 1.0, '_a4_': 1.0, '_a6_': 1.0, '_a7_': 1.0}};{'d0': 0.02490583292286785};-276.475521878507;40.4768699656668
13627;-97.7608909735869;-(((((pow2(((_a5_ + x) + _a3_)) * _a1_) + _a0_) / _a5_) * x));{'d0': {'_a0_': -703.629805679446, '_a1_': -1642.4917877564815, '_a3_': -486.09852306747337, '_a5_': 486.41045267169875, '_a2_': 1.0, '_a4_': 1.0, '_a6_': 1.0, '_a7_': 1.0}};{'d0': 0.02490583292286785};-276.475521878507;40.4768699656668
13628;-97.7608909735869;-(((((pow2(((_a5_ + x) + _a3_)) * _a1_) + _a0_) / _a5_) * x));{'d0': {'_a0_': -703.629805679446, '_a1_': -1642.4917877564815, '_a3_': -486.09852306747337, '_a5_': 486.41045267169875, '_a2_': 1.0, '_a4_': 1.0, '_a6_': 1.0, '_a7_': 1.0}};{'d0': 0.02490583292286785};-276.475521878507;40.4768699656668
13629;-97.7608909735869;-(((((pow2(((_a5_ + x) + _a3_)) * _a1_) + _a0_) / _a5_) * x));{'d0': {'_a0_': -703.629805679446, '_a1_': -1642.4917877564815, '_a3_': -486.09852306747337, '_a5_': 486.41045267169875, '_a2_': 1.0, '_a4_': 1.0, '_a6_': 1.0, '_a7_': 1.0}};{'d0': 0.02490583292286785};-276.475521878507;40.4768699656668
13630;-97.7608909735869;-(((((pow2(((_a5_ + x) + _a3_)) * _a1_) + _a0_) / _a5_) * x));{'d0': {'_a0_': -703.629805679446, '_a1_': -1642.4917877564815, '_a3_': -486.09852306747337, '_a5_': 486.41045267169875, '_a2_': 1.0, '_a4_': 1.0, '_a6_': 1.0, '_a7_': 1.0}};{'d0': 0.02490583292286785};-276.475521878507;40.4768699656668
13631;-97.7608909735869;-(((((pow2(((_a5_ + x) + _a3_)) * _a1_) + _a0_) / _a5_) * x));{'d0': {'_a0_': -703.629805679446, '_a1_': -1642.4917877564815, '_a3_': -486.09852306747337, '_a5_': 486.41045267169875, '_a2_': 1.0, '_a4_': 1.0, '_a6_': 1.0, '_a7_': 1.0}};{'d0': 0.02490583292286785};-276.475521878507;40.4768699656668
13632;-97.7608909735869;-(((((pow2(((_a5_ + x) + _a3_)) * _a1_) + _a0_) / _a5_) * x));{'d0': {'_a0_': -703.629805679446, '_a1_': -1642.4917877564815, '_a3_': -486.09852306747337, '_a5_': 486.41045267169875, '_a2_': 1.0, '_a4_': 1.0, '_a6_': 1.0, '_a7_': 1.0}};{'d0': 0.02490583292286785};-276.475521878507;40.4768699656668
13633;-97.7608909735869;-(((((pow2(((_a5_ + x) + _a3_)) * _a1_) + _a0_) / _a5_) * x));{'d0': {'_a0_': -703.629805679446, '_a1_': -1642.4917877564815, '_a3_': -486.09852306747337, '_a5_': 486.41045267169875, '_a2_': 1.0, '_a4_': 1.0, '_a6_': 1.0, '_a7_': 1.0}};{'d0': 0.02490583292286785};-276.475521878507;40.4768699656668
13634;-91.8402898800184;-(((((pow2((((_a0_ + x) + x) + _a3_)) * _a1_) + _a0_) / _a5_) * x));{'d0': {'_a0_': -10612.572238109287, '_a1_': -6193.262559393718, '_a3_': 10613.1960968874, '_a5_': 7336.335360269857, '_a2_': 1.0, '_a4_': 1.0, '_a6_': 1.0, '_a7_': 1.0}};{'d0': 0.02490583295984352};-276.475521789430;46.3974710146968
13635;-91.8402898800184;-(((((pow2((((_a0_ + x) + x) + _a3_)) * _a1_) + _a0_) / _a5_) * x));{'d0': {'_a0_': -10612.572238109287, '_a1_': -6193.262559393718, '_a3_': 10613.1960968874, '_a5_': 7336.335360269857, '_a2_': 1.0, '_a4_': 1.0, '_a6_': 1.0, '_a7_': 1.0}};{'d0': 0.02490583295984352};-276.475521789430;46.3974710146968
13636;-91.8402898800184;-(((((pow2((((_a0_ + x) + x) + _a3_)) * _a1_) + _a0_) / _a5_) * x));{'d0': {'_a0_': -10612.572238109287, '_a1_': -6193.262559393718, '_a3_': 10613.1960968874, '_a5_': 7336.335360269857, '_a2_': 1.0, '_a4_': 1.0, '_a6_': 1.0, '_a7_': 1.0}};{'d0': 0.02490583295984352};-276.475521789430;46.3974710146968
13637;-91.8402898800184;-(((((pow2((((_a0_ + x) + x) + _a3_)) * _a1_) + _a0_) / _a5_) * x));{'d0': {'_a0_': -10612.572238109287, '_a1_': -6193.262559393718, '_a3_': 10613.1960968874, '_a5_': 7336.335360269857, '_a2_': 1.0, '_a4_': 1.0, '_a6_': 1.0, '_a7_': 1.0}};{'d0': 0.02490583295984352};-276.475521789430;46.3974710146968
13638;-91.8402898800184;-(((((pow2((((_a0_ + x) + x) + _a3_)) * _a1_) + _a0_) / _a5_) * x));{'d0': {'_a0_': -10612.572238109287, '_a1_': -6193.262559393718, '_a3_': 10613.1960968874, '_a5_': 7336.335360269857, '_a2_': 1.0, '_a4_': 1.0, '_a6_': 1.0, '_a7_': 1.0}};{'d0': 0.02490583295984352};-276.475521789430;46.3974710146968
13639;-91.8402898800184;-(((((pow2((((_a0_ + x) + x) + _a3_)) * _a1_) + _a0_) / _a5_) * x));{'d0': {'_a0_': -10612.572238109287, '_a1_': -6193.262559393718, '_a3_': 10613.1960968874, '_a5_': 7336.335360269857, '_a2_': 1.0, '_a4_': 1.0, '_a6_': 1.0, '_a7_': 1.0}};{'d0': 0.02490583295984352};-276.475521789430;46.3974710146968
13640;-91.8402898800184;-(((((pow2((((_a0_ + x) + x) + _a3_)) * _a1_) + _a0_) / _a5_) * x));{'d0': {'_a0_': -10612.572238109287, '_a1_': -6193.262559393718, '_a3_': 10613.1960968874, '_a5_': 7336.335360269857, '_a2_': 1.0, '_a4_': 1.0, '_a6_': 1.0, '_a7_': 1.0}};{'d0': 0.02490583295984352};-276.475521789430;46.3974710146968
13641;-91.8402898800184;-(((((pow2((((_a0_ + x) + x) + _a3_)) * _a1_) + _a0_) / _a5_) * x));{'d0': {'_a0_': -10612.572238109287, '_a1_': -6193.262559393718, '_a3_': 10613.1960968874, '_a5_': 7336.335360269857, '_a2_': 1.0, '_a4_': 1.0, '_a6_': 1.0, '_a7_': 1.0}};{'d0': 0.02490583295984352};-276.475521789430;46.3974710146968
13642;-91.8402898800184;-(((((pow2((((_a0_ + x) + x) + _a3_)) * _a1_) + _a0_) / _a5_) * x));{'d0': {'_a0_': -10612.572238109287, '_a1_': -6193.262559393718, '_a3_': 10613.1960968874, '_a5_': 7336.335360269857, '_a2_': 1.0, '_a4_': 1.0, '_a6_': 1.0, '_a7_': 1.0}};{'d0': 0.02490583295984352};-276.475521789430;46.3974710146968
13643;-91.8402898800184;-(((((pow2((((_a0_ + x) + x) + _a3_)) * _a1_) + _a0_) / _a5_) * x));{'d0': {'_a0_': -10612.572238109287, '_a1_': -6193.262559393718, '_a3_': 10613.1960968874, '_a5_': 7336.335360269857, '_a2_': 1.0, '_a4_': 1.0, '_a6_': 1.0, '_a7_': 1.0}};{'d0': 0.02490583295984352};-276.475521789430;46.3974710146968
13644;-91.8402898800184;-(((((pow2((((_a0_ + x) + x) + _a3_)) * _a1_) + _a0_) / _a5_) * x));{'d0': {'_a0_': -10612.572238109287, '_a1_': -6193.262559393718, '_a3_': 10613.1960968874, '_a5_': 7336.335360269857, '_a2_': 1.0, '_a4_': 1.0, '_a6_': 1.0, '_a7_': 1.0}};{'d0': 0.02490583295984352};-276.475521789430;46.3974710146968
13645;-91.8402898800184;-(((((pow2((((_a0_ + x) + x) + _a3_)) * _a1_) + _a0_) / _a5_) * x));{'d0': {'_a0_': -10612.572238109287, '_a1_': -6193.262559393718, '_a3_': 10613.1960968874, '_a5_': 7336.335360269857, '_a2_': 1.0, '_a4_': 1.0, '_a6_': 1.0, '_a7_': 1.0}};{'d0': 0.02490583295984352};-276.475521789430;46.3974710146968
13646;-91.8402898800184;-(((((pow2((((_a0_ + x) + x) + _a3_)) * _a1_) + _a0_) / _a5_) * x));{'d0': {'_a0_': -10612.572238109287, '_a1_': -6193.262559393718, '_a3_': 10613.1960968874, '_a5_': 7336.335360269857, '_a2_': 1.0, '_a4_': 1.0, '_a6_': 1.0, '_a7_': 1.0}};{'d0': 0.02490583295984352};-276.475521789430;46.3974710146968
13647;-100.833694356401;(((pow2((x + pow2(_a3_))) * (_a1_ / (_a3_ * _a7_))) + _a7_) * x);{'d0': {'_a1_': 2.7281607663306424, '_a3_': 0.5585066765607805, '_a7_': 1.4465760893343405, '_a0_': 1.0, '_a2_': 1.0, '_a4_': 1.0, '_a5_': 1.0, '_a6_': 1.0}};{'d0': 0.024905832919416608};-280.569866449044;39.451238868121365
13648;-98.6110277799805;(((pow2((x + (x + _a3_))) * (_a1_ / (_a3_ * _a7_))) + _a7_) * x);{'d0': {'_a1_': 0.761848001798279, '_a3_': 0.6238594157186733, '_a7_': 1.4465760894259643, '_a0_': 1.0, '_a2_': 1.0, '_a4_': 1.0, '_a5_': 1.0, '_a6_': 1.0}};{'d0': 0.024905832919416587};-280.569866449044;41.67390544454136
13649;-98.6110277799805;(((pow2((x + (x + _a3_))) * (_a1_ / (_a3_ * _a3_))) + _a7_) * x);{'d0': {'_a1_': 0.3285593150085993, '_a3_': 0.6238594155069097, '_a7_': 1.4465760889605002, '_a0_': 1.0, '_a2_': 1.0, '_a4_': 1.0, '_a5_': 1.0, '_a6_': 1.0}};{'d0': 0.024905832919416625};-280.569866449044;41.67390544454136
13650;-98.6110277799805;(((pow2((x + (x + _a3_))) * (_a1_ / (_a3_ * _a3_))) + _a7_) * x);{'d0': {'_a1_': 0.3285593150085993, '_a3_': 0.6238594155069097, '_a7_': 1.4465760889605002, '_a0_': 1.0, '_a2_': 1.0, '_a4_': 1.0, '_a5_': 1.0, '_a6_': 1.0}};{'d0': 0.024905832919416625};-280.569866449044;41.67390544454136
13651;-98.6110277799805;(((pow2((x + (x + _a3_))) * (_a1_ / (_a3_ * _a3_))) + _a7_) * x);{'d0': {'_a1_': 0.3285593150085993, '_a3_': 0.6238594155069097, '_a7_': 1.4465760889605002, '_a0_': 1.0, '_a2_': 1.0, '_a4_': 1.0, '_a5_': 1.0, '_a6_': 1.0}};{'d0': 0.024905832919416625};-280.569866449044;41.67390544454136
13652;-98.6110277799805;(((pow2((x + (x + _a3_))) * (_a1_ / (_a3_ * _a3_))) + _a7_) * x);{'d0': {'_a1_': 0.3285593150085993, '_a3_': 0.6238594155069097, '_a7_': 1.4465760889605002, '_a0_': 1.0, '_a2_': 1.0, '_a4_': 1.0, '_a5_': 1.0, '_a6_': 1.0}};{'d0': 0.024905832919416625};-280.569866449044;41.67390544454136
13653;-98.6110277799805;(((pow2((x + (x + _a3_))) * (_a1_ / (_a3_ * _a3_))) + _a7_) * x);{'d0': {'_a1_': 0.3285593150085993, '_a3_': 0.6238594155069097, '_a7_': 1.4465760889605002, '_a0_': 1.0, '_a2_': 1.0, '_a4_': 1.0, '_a5_': 1.0, '_a6_': 1.0}};{'d0': 0.024905832919416625};-280.569866449044;41.67390544454136
13654;-98.1286783890054;(((pow2((x + (x + _a3_))) * (_a1_ / log(_a3_))) + _a7_) * x);{'d0': {'_a1_': -0.398314467276552, '_a3_': 0.6238594153200152, '_a7_': 1.4465760886735226, '_a0_': 1.0, '_a2_': 1.0, '_a4_': 1.0, '_a5_': 1.0, '_a6_': 1.0}};{'d0': 0.024905832919416674};-280.569866449043;42.156254835516364
13655;-103.488010419115;(((pow2((x + (x + _a3_))) * (_a1_ / _a7_)) + _a7_) * x);{'d0': {'_a1_': 1.2211853861469812, '_a3_': 0.6238594153045173, '_a7_': 1.446576088674558, '_a0_': 1.0, '_a2_': 1.0, '_a4_': 1.0, '_a5_': 1.0, '_a6_': 1.0}};{'d0': 0.024905832919416653};-280.569866449044;36.79692280540637
13656;-103.488010419115;(((pow2((x + (x + _a3_))) * (_a1_ / _a7_)) + _a7_) * x);{'d0': {'_a1_': 1.2211853861469812, '_a3_': 0.6238594153045173, '_a7_': 1.446576088674558, '_a0_': 1.0, '_a2_': 1.0, '_a4_': 1.0, '_a5_': 1.0, '_a6_': 1.0}};{'d0': 0.024905832919416653};-280.569866449044;36.79692280540637
13657;-103.488010419115;(((pow2((x + (x + _a3_))) * (_a1_ / _a7_)) + _a7_) * x);{'d0': {'_a1_': 1.2211853861469812, '_a3_': 0.6238594153045173, '_a7_': 1.446576088674558, '_a0_': 1.0, '_a2_': 1.0, '_a4_': 1.0, '_a5_': 1.0, '_a6_': 1.0}};{'d0': 0.024905832919416653};-280.569866449044;36.79692280540637
13658;-103.488010419115;(((pow2((x + (x + _a3_))) * (_a1_ / _a7_)) + _a7_) * x);{'d0': {'_a1_': 1.2211853861469812, '_a3_': 0.6238594153045173, '_a7_': 1.446576088674558, '_a0_': 1.0, '_a2_': 1.0, '_a4_': 1.0, '_a5_': 1.0, '_a6_': 1.0}};{'d0': 0.024905832919416653};-280.569866449044;36.79692280540637
13659;-103.488010419115;(((pow2((x + (x + _a3_))) * (_a1_ / _a7_)) + _a7_) * x);{'d0': {'_a1_': 1.2211853861469812, '_a3_': 0.6238594153045173, '_a7_': 1.446576088674558, '_a0_': 1.0, '_a2_': 1.0, '_a4_': 1.0, '_a5_': 1.0, '_a6_': 1.0}};{'d0': 0.024905832919416653};-280.569866449044;36.79692280540637
13660;-103.488010419115;(((pow2((x + (x + _a3_))) * (_a1_ / _a7_)) + _a7_) * x);{'d0': {'_a1_': 1.2211853861469812, '_a3_': 0.6238594153045173, '_a7_': 1.446576088674558, '_a0_': 1.0, '_a2_': 1.0, '_a4_': 1.0, '_a5_': 1.0, '_a6_': 1.0}};{'d0': 0.024905832919416653};-280.569866449044;36.79692280540637
13661;-103.488010419115;(((pow2((x + (x + _a3_))) * (_a1_ / _a7_)) + _a7_) * x);{'d0': {'_a1_': 1.2211853861469812, '_a3_': 0.6238594153045173, '_a7_': 1.446576088674558, '_a0_': 1.0, '_a2_': 1.0, '_a4_': 1.0, '_a5_': 1.0, '_a6_': 1.0}};{'d0': 0.024905832919416653};-280.569866449044;36.79692280540637
13662;-103.488010419115;(((pow2((x + (x + _a3_))) * (_a1_ / _a7_)) + _a7_) * x);{'d0': {'_a1_': 1.2211853861469812, '_a3_': 0.6238594153045173, '_a7_': 1.446576088674558, '_a0_': 1.0, '_a2_': 1.0, '_a4_': 1.0, '_a5_': 1.0, '_a6_': 1.0}};{'d0': 0.024905832919416653};-280.569866449044;36.79692280540637
13663;-103.488010419115;(((pow2((x + (x + _a3_))) * (_a1_ / _a7_)) + _a7_) * x);{'d0': {'_a1_': 1.2211853861469812, '_a3_': 0.6238594153045173, '_a7_': 1.446576088674558, '_a0_': 1.0, '_a2_': 1.0, '_a4_': 1.0, '_a5_': 1.0, '_a6_': 1.0}};{'d0': 0.024905832919416653};-280.569866449044;36.79692280540637
13664;-103.488010419115;(((pow2((x + (x + _a3_))) * (_a1_ / _a7_)) + _a7_) * x);{'d0': {'_a1_': 1.2211853861469812, '_a3_': 0.6238594153045173, '_a7_': 1.446576088674558, '_a0_': 1.0, '_a2_': 1.0, '_a4_': 1.0, '_a5_': 1.0, '_a6_': 1.0}};{'d0': 0.024905832919416653};-280.569866449044;36.79692280540637
13665;-103.488010419115;(((pow2((x + (x + _a3_))) * (_a1_ / _a7_)) + _a7_) * x);{'d0': {'_a1_': 1.2211853861469812, '_a3_': 0.6238594153045173, '_a7_': 1.446576088674558, '_a0_': 1.0, '_a2_': 1.0, '_a4_': 1.0, '_a5_': 1.0, '_a6_': 1.0}};{'d0': 0.024905832919416653};-280.569866449044;36.79692280540637
13666;-103.488010419115;(((pow2((x + (x + _a3_))) * (_a1_ / _a7_)) + _a7_) * x);{'d0': {'_a1_': 1.2211853861469812, '_a3_': 0.6238594153045173, '_a7_': 1.446576088674558, '_a0_': 1.0, '_a2_': 1.0, '_a4_': 1.0, '_a5_': 1.0, '_a6_': 1.0}};{'d0': 0.024905832919416653};-280.569866449044;36.79692280540637
13667;-103.488010419115;(((pow2((x + (x + _a3_))) * (_a1_ / _a7_)) + _a7_) * x);{'d0': {'_a1_': 1.2211853861469812, '_a3_': 0.6238594153045173, '_a7_': 1.446576088674558, '_a0_': 1.0, '_a2_': 1.0, '_a4_': 1.0, '_a5_': 1.0, '_a6_': 1.0}};{'d0': 0.024905832919416653};-280.569866449044;36.79692280540637
13668;-103.488010419116;(((pow2((x + (_a1_ + _a3_))) * (_a1_ / _a7_)) + _a7_) * x);{'d0': {'_a1_': 4.884741545080445, '_a3_': -4.572811837323619, '_a7_': 1.4465760893113664, '_a0_': 1.0, '_a2_': 1.0, '_a4_': 1.0, '_a5_': 1.0, '_a6_': 1.0}};{'d0': 0.024905832919416625};-280.569866449044;36.79692280540637
13669;-103.488010419116;(((pow2((x + (_a1_ + _a3_))) * (_a1_ / _a7_)) + _a7_) * x);{'d0': {'_a1_': 4.884741545080445, '_a3_': -4.572811837323619, '_a7_': 1.4465760893113664, '_a0_': 1.0, '_a2_': 1.0, '_a4_': 1.0, '_a5_': 1.0, '_a6_': 1.0}};{'d0': 0.024905832919416625};-280.569866449044;36.79692280540637
13670;-103.488010419116;(((pow2((x + (_a1_ + _a3_))) * (_a1_ / _a7_)) + _a7_) * x);{'d0': {'_a1_': 4.884741545080445, '_a3_': -4.572811837323619, '_a7_': 1.4465760893113664, '_a0_': 1.0, '_a2_': 1.0, '_a4_': 1.0, '_a5_': 1.0, '_a6_': 1.0}};{'d0': 0.024905832919416625};-280.569866449044;36.79692280540637
13671;-103.488010419116;(((pow2((x + (_a1_ + _a3_))) * (_a1_ / _a7_)) + _a7_) * x);{'d0': {'_a1_': 4.884741545080445, '_a3_': -4.572811837323619, '_a7_': 1.4465760893113664, '_a0_': 1.0, '_a2_': 1.0, '_a4_': 1.0, '_a5_': 1.0, '_a6_': 1.0}};{'d0': 0.024905832919416625};-280.569866449044;36.79692280540637
13672;-103.488010419116;(((pow2((x + (_a1_ + _a3_))) * (_a1_ / _a7_)) + _a7_) * x);{'d0': {'_a1_': 4.884741545080445, '_a3_': -4.572811837323619, '_a7_': 1.4465760893113664, '_a0_': 1.0, '_a2_': 1.0, '_a4_': 1.0, '_a5_': 1.0, '_a6_': 1.0}};{'d0': 0.024905832919416625};-280.569866449044;36.79692280540637
13673;-103.488010419116;(((pow2((x + (_a1_ + _a3_))) * (_a1_ / _a7_)) + _a7_) * x);{'d0': {'_a1_': 4.884741545080445, '_a3_': -4.572811837323619, '_a7_': 1.4465760893113664, '_a0_': 1.0, '_a2_': 1.0, '_a4_': 1.0, '_a5_': 1.0, '_a6_': 1.0}};{'d0': 0.024905832919416625};-280.569866449044;36.79692280540637
13674;-103.488010419116;(((pow2((x + (_a1_ + _a3_))) * (_a1_ / _a7_)) + _a7_) * x);{'d0': {'_a1_': 4.884741545080445, '_a3_': -4.572811837323619, '_a7_': 1.4465760893113664, '_a0_': 1.0, '_a2_': 1.0, '_a4_': 1.0, '_a5_': 1.0, '_a6_': 1.0}};{'d0': 0.024905832919416625};-280.569866449044;36.79692280540637
13675;-103.488010419116;(((pow2((x + (_a1_ + _a3_))) * (_a1_ / _a7_)) + _a7_) * x);{'d0': {'_a1_': 4.884741545080445, '_a3_': -4.572811837323619, '_a7_': 1.4465760893113664, '_a0_': 1.0, '_a2_': 1.0, '_a4_': 1.0, '_a5_': 1.0, '_a6_': 1.0}};{'d0': 0.024905832919416625};-280.569866449044;36.79692280540637
13676;-103.488010419116;(((pow2((x + (_a1_ + _a3_))) * (_a1_ / _a7_)) + _a7_) * x);{'d0': {'_a1_': 4.884741545080445, '_a3_': -4.572811837323619, '_a7_': 1.4465760893113664, '_a0_': 1.0, '_a2_': 1.0, '_a4_': 1.0, '_a5_': 1.0, '_a6_': 1.0}};{'d0': 0.024905832919416625};-280.569866449044;36.79692280540637
13677;-104.049279438035;(((pow2((x + log(_a5_))) * (_a1_ / _a7_)) + _a7_) * x);{'d0': {'_a1_': 4.884741545512846, '_a5_': 1.3660586663509222, '_a7_': 1.4465760892965243, '_a0_': 1.0, '_a2_': 1.0, '_a3_': 1.0, '_a4_': 1.0, '_a6_': 1.0}};{'d0': 0.02490583291941667};-280.569866449043;36.23565378648637
13678;-104.049279438035;(((pow2((x + log(_a5_))) * (_a1_ / _a7_)) + _a7_) * x);{'d0': {'_a1_': 4.884741545512846, '_a5_': 1.3660586663509222, '_a7_': 1.4465760892965243, '_a0_': 1.0, '_a2_': 1.0, '_a3_': 1.0, '_a4_': 1.0, '_a6_': 1.0}};{'d0': 0.02490583291941667};-280.569866449043;36.23565378648637
13679;-104.049279438035;(((pow2((x + log(_a5_))) * (_a1_ / _a7_)) + _a7_) * x);{'d0': {'_a1_': 4.884741545512846, '_a5_': 1.3660586663509222, '_a7_': 1.4465760892965243, '_a0_': 1.0, '_a2_': 1.0, '_a3_': 1.0, '_a4_': 1.0, '_a6_': 1.0}};{'d0': 0.02490583291941667};-280.569866449043;36.23565378648637
13680;-109.408611468146;(((pow2((x + _a5_)) * (_a1_ / _a7_)) + _a7_) * x);{'d0': {'_a1_': 4.884741546554119, '_a5_': 0.31192970789184704, '_a7_': 1.4465760898292457, '_a0_': 1.0, '_a2_': 1.0, '_a3_': 1.0, '_a4_': 1.0, '_a6_': 1.0}};{'d0': 0.024905832919416625};-280.569866449044;30.876321756376367
13681;-84.9161349978519;-(((((pow2((((_a0_ + x) + x) + (_a4_ * _a6_))) * _a1_) + _a0_) / _a5_) * x));{'d0': {'_a0_': -12863.241522134042, '_a1_': -7506.706776202816, '_a4_': 113.41809322505333, '_a5_': 8892.198289934873, '_a6_': 113.41986993613267, '_a2_': 1.0, '_a3_': 1.0, '_a7_': 1.0}};{'d0': 0.024905832928230114};-272.381177303367;51.2744536538318
13682;-79.5568029763297;-(((((pow2((((log(_a6_) + x) + x) + (_a4_ * _a6_))) * _a1_) + _a0_) / _a5_) * x));{'d0': {'_a0_': -59392.66725303809, '_a1_': -34660.263741914496, '_a4_': -0.02451706444116192, '_a5_': 41057.4097539343, '_a6_': 188.1757380419828, '_a2_': 1.0, '_a3_': 1.0, '_a7_': 1.0}};{'d0': 0.024905832921100594};-272.381177320543;56.633785683941795
13683;-79.5568029763297;-(((((pow2((((log(_a6_) + x) + x) + (_a4_ * _a6_))) * _a1_) + _a0_) / _a5_) * x));{'d0': {'_a0_': -59392.66725303809, '_a1_': -34660.263741914496, '_a4_': -0.02451706444116192, '_a5_': 41057.4097539343, '_a6_': 188.1757380419828, '_a2_': 1.0, '_a3_': 1.0, '_a7_': 1.0}};{'d0': 0.024905832921100594};-272.381177320543;56.633785683941795
13684;-79.5568029763297;-(((((pow2((((log(_a6_) + x) + x) + (_a4_ * _a6_))) * _a1_) + _a0_) / _a5_) * x));{'d0': {'_a0_': -59392.66725303809, '_a1_': -34660.263741914496, '_a4_': -0.02451706444116192, '_a5_': 41057.4097539343, '_a6_': 188.1757380419828, '_a2_': 1.0, '_a3_': 1.0, '_a7_': 1.0}};{'d0': 0.024905832921100594};-272.381177320543;56.633785683941795
13685;-79.5568029763297;-(((((pow2((((log(_a6_) + x) + x) + (_a4_ * _a6_))) * _a1_) + _a0_) / _a5_) * x));{'d0': {'_a0_': -59392.66725303809, '_a1_': -34660.263741914496, '_a4_': -0.02451706444116192, '_a5_': 41057.4097539343, '_a6_': 188.1757380419828, '_a2_': 1.0, '_a3_': 1.0, '_a7_': 1.0}};{'d0': 0.024905832921100594};-272.381177320543;56.633785683941795
13686;-79.5568029763297;-(((((pow2((((log(_a6_) + x) + x) + (_a4_ * _a6_))) * _a1_) + _a0_) / _a5_) * x));{'d0': {'_a0_': -59392.66725303809, '_a1_': -34660.263741914496, '_a4_': -0.02451706444116192, '_a5_': 41057.4097539343, '_a6_': 188.1757380419828, '_a2_': 1.0, '_a3_': 1.0, '_a7_': 1.0}};{'d0': 0.024905832921100594};-272.381177320543;56.633785683941795
13687;-79.5568029763297;-(((((pow2((((log(_a6_) + x) + x) + (_a4_ * _a6_))) * _a1_) + _a0_) / _a5_) * x));{'d0': {'_a0_': -59392.66725303809, '_a1_': -34660.263741914496, '_a4_': -0.02451706444116192, '_a5_': 41057.4097539343, '_a6_': 188.1757380419828, '_a2_': 1.0, '_a3_': 1.0, '_a7_': 1.0}};{'d0': 0.024905832921100594};-272.381177320543;56.633785683941795
13688;-79.5568029763297;-(((((pow2((((log(_a6_) + x) + x) + (_a4_ * _a6_))) * _a1_) + _a0_) / _a5_) * x));{'d0': {'_a0_': -59392.66725303809, '_a1_': -34660.263741914496, '_a4_': -0.02451706444116192, '_a5_': 41057.4097539343, '_a6_': 188.1757380419828, '_a2_': 1.0, '_a3_': 1.0, '_a7_': 1.0}};{'d0': 0.024905832921100594};-272.381177320543;56.633785683941795
13689;-79.5568029763297;-(((((pow2((((log(_a6_) + x) + x) + (_a4_ * _a6_))) * _a1_) + _a0_) / _a5_) * x));{'d0': {'_a0_': -59392.66725303809, '_a1_': -34660.263741914496, '_a4_': -0.02451706444116192, '_a5_': 41057.4097539343, '_a6_': 188.1757380419828, '_a2_': 1.0, '_a3_': 1.0, '_a7_': 1.0}};{'d0': 0.024905832921100594};-272.381177320543;56.633785683941795
13690;-79.5568029763297;-(((((pow2((((log(_a6_) + x) + x) + (_a4_ * _a6_))) * _a1_) + _a0_) / _a5_) * x));{'d0': {'_a0_': -59392.66725303809, '_a1_': -34660.263741914496, '_a4_': -0.02451706444116192, '_a5_': 41057.4097539343, '_a6_': 188.1757380419828, '_a2_': 1.0, '_a3_': 1.0, '_a7_': 1.0}};{'d0': 0.024905832921100594};-272.381177320543;56.633785683941795
13691;-80.4077548189083;-(((((pow2((((log(_a6_) + x) + x) + (_a4_ * _a6_))) * _a1_) + _a0_) * _a5_) * x));{'d0': {'_a0_': 224.1379522164251, '_a1_': 130.80201478607566, '_a4_': -0.02435600643965651, '_a5_': -0.006453953857404509, '_a6_': 189.76549705279092, '_a2_': 1.0, '_a3_': 1.0, '_a7_': 1.0}};{'d0': 0.024905832919744623};-272.381177323809;55.782833842996396
13692;-79.9667950825867;-(((((pow2(((((x / x) + x) + x) + (_a4_ * _a6_))) * _a1_) + _a0_) * _a5_) * x));{'d0': {'_a0_': 520.0103213648899, '_a1_': 303.4666687780682, '_a4_': -0.0014637090910193335, '_a5_': -0.0027818217156090203, '_a6_': 256.97768649527563, '_a2_': 1.0, '_a3_': 1.0, '_a7_': 1.0}};{'d0': 0.024905832919768944};-272.381177323751;56.223793579288795
13693;-79.9667950825867;-(((((pow2(((((x / x) + x) + x) + (_a4_ * _a6_))) * _a1_) + _a0_) * _a5_) * x));{'d0': {'_a0_': 520.0103213648899, '_a1_': 303.4666687780682, '_a4_': -0.0014637090910193335, '_a5_': -0.0027818217156090203, '_a6_': 256.97768649527563, '_a2_': 1.0, '_a3_': 1.0, '_a7_': 1.0}};{'d0': 0.024905832919768944};-272.381177323751;56.223793579288795
13694;-79.9667950825867;-(((((pow2(((((x / x) + x) + x) + (_a4_ * _a6_))) * _a1_) + _a0_) * _a5_) * x));{'d0': {'_a0_': 520.0103213648899, '_a1_': 303.4666687780682, '_a4_': -0.0014637090910193335, '_a5_': -0.0027818217156090203, '_a6_': 256.97768649527563, '_a2_': 1.0, '_a3_': 1.0, '_a7_': 1.0}};{'d0': 0.024905832919768944};-272.381177323751;56.223793579288795
13695;-79.9667950825867;-(((((pow2(((((x / x) + x) + x) + (_a4_ * _a6_))) * _a1_) + _a0_) * _a5_) * x));{'d0': {'_a0_': 520.0103213648899, '_a1_': 303.4666687780682, '_a4_': -0.0014637090910193335, '_a5_': -0.0027818217156090203, '_a6_': 256.97768649527563, '_a2_': 1.0, '_a3_': 1.0, '_a7_': 1.0}};{'d0': 0.024905832919768944};-272.381177323751;56.223793579288795
13696;-79.9667950825867;-(((((pow2(((((x / x) + x) + x) + (_a4_ * _a6_))) * _a1_) + _a0_) * _a5_) * x));{'d0': {'_a0_': 520.0103213648899, '_a1_': 303.4666687780682, '_a4_': -0.0014637090910193335, '_a5_': -0.0027818217156090203, '_a6_': 256.97768649527563, '_a2_': 1.0, '_a3_': 1.0, '_a7_': 1.0}};{'d0': 0.024905832919768944};-272.381177323751;56.223793579288795
13697;-79.9667950825867;-(((((pow2(((((x / x) + x) + x) + (_a4_ * _a6_))) * _a1_) + _a0_) * _a5_) * x));{'d0': {'_a0_': 520.0103213648899, '_a1_': 303.4666687780682, '_a4_': -0.0014637090910193335, '_a5_': -0.0027818217156090203, '_a6_': 256.97768649527563, '_a2_': 1.0, '_a3_': 1.0, '_a7_': 1.0}};{'d0': 0.024905832919768944};-272.381177323751;56.223793579288795
13698;-79.9667950825867;-(((((pow2(((((x / x) + x) + x) + (_a4_ * _a6_))) * _a1_) + _a0_) * _a5_) * x));{'d0': {'_a0_': 520.0103213648899, '_a1_': 303.4666687780682, '_a4_': -0.0014637090910193335, '_a5_': -0.0027818217156090203, '_a6_': 256.97768649527563, '_a2_': 1.0, '_a3_': 1.0, '_a7_': 1.0}};{'d0': 0.024905832919768944};-272.381177323751;56.223793579288795
13699;-79.9667950825867;-(((((pow2(((((x / x) + x) + x) + (_a4_ * _a6_))) * _a1_) + _a0_) * _a5_) * x));{'d0': {'_a0_': 520.0103213648899, '_a1_': 303.4666687780682, '_a4_': -0.0014637090910193335, '_a5_': -0.0027818217156090203, '_a6_': 256.97768649527563, '_a2_': 1.0, '_a3_': 1.0, '_a7_': 1.0}};{'d0': 0.024905832919768944};-272.381177323751;56.223793579288795
13700;-79.9667950825220;-(((((pow2(((((x / x) + _a5_) + x) + (_a4_ * _a6_))) * _a1_) + _a0_) * _a5_) * x));{'d0': {'_a0_': 479.64223983598026, '_a1_': 1119.6349524540508, '_a4_': -0.0019378296370703091, '_a5_': -0.0030159480735901458, '_a6_': 353.5162658404493, '_a2_': 1.0, '_a3_': 1.0, '_a7_': 1.0}};{'d0': 0.02490583291982266};-272.381177323621;56.223793579288795
13701;-78.3160328911360;-(((((pow2(((((x / x) + _a5_) + x) + (_a4_ * pow2(_a4_)))) * _a1_) + _a0_) * _a5_) * x));{'d0': {'_a0_': 544.9861482495854, '_a1_': 1272.16806422927, '_a4_': -0.8816943753297483, '_a5_': -0.002654335359326514, '_a2_': 1.0, '_a3_': 1.0, '_a6_': 1.0, '_a7_': 1.0}};{'d0': 0.024905832919728872};-276.475521886069;59.921728051898796
13702;-78.3160328911360;-(((((pow2(((((x / x) + _a5_) + x) + (_a4_ * pow2(_a4_)))) * _a1_) + _a0_) * _a5_) * x));{'d0': {'_a0_': 544.9861482495854, '_a1_': 1272.16806422927, '_a4_': -0.8816943753297483, '_a5_': -0.002654335359326514, '_a2_': 1.0, '_a3_': 1.0, '_a6_': 1.0, '_a7_': 1.0}};{'d0': 0.024905832919728872};-276.475521886069;59.921728051898796
13703;-81.9959800516822;((((pow2(((((x / x) + _a5_) + x) + (_a4_ * pow2(_a4_)))) * _a1_) + _a0_) * _a5_) * x);{'d0': {'_a0_': -359.86294031938394, '_a1_': -840.0326176288087, '_a4_': -0.8811084924795565, '_a5_': -0.004019797219478438, '_a2_': 1.0, '_a3_': 1.0, '_a6_': 1.0, '_a7_': 1.0}};{'d0': 0.024905832919491614};-276.475521886641;56.241780891638406
13704;-81.9959800516822;((((pow2(((((x / x) + _a5_) + x) + (_a4_ * pow2(_a4_)))) * _a1_) + _a0_) * _a5_) * x);{'d0': {'_a0_': -359.86294031938394, '_a1_': -840.0326176288087, '_a4_': -0.8811084924795565, '_a5_': -0.004019797219478438, '_a2_': 1.0, '_a3_': 1.0, '_a6_': 1.0, '_a7_': 1.0}};{'d0': 0.024905832919491614};-276.475521886641;56.241780891638406
13705;-81.9959800516822;((((pow2(((((x / x) + _a5_) + x) + (_a4_ * pow2(_a4_)))) * _a1_) + _a0_) * _a5_) * x);{'d0': {'_a0_': -359.86294031938394, '_a1_': -840.0326176288087, '_a4_': -0.8811084924795565, '_a5_': -0.004019797219478438, '_a2_': 1.0, '_a3_': 1.0, '_a6_': 1.0, '_a7_': 1.0}};{'d0': 0.024905832919491614};-276.475521886641;56.241780891638406
13706;-81.9959800516822;((((pow2(((((x / x) + _a5_) + x) + (_a4_ * pow2(_a4_)))) * _a1_) + _a0_) * _a5_) * x);{'d0': {'_a0_': -359.86294031938394, '_a1_': -840.0326176288087, '_a4_': -0.8811084924795565, '_a5_': -0.004019797219478438, '_a2_': 1.0, '_a3_': 1.0, '_a6_': 1.0, '_a7_': 1.0}};{'d0': 0.024905832919491614};-276.475521886641;56.241780891638406
13707;-81.9959800516822;((((pow2(((((x / x) + _a5_) + x) + (_a4_ * pow2(_a4_)))) * _a1_) + _a0_) * _a5_) * x);{'d0': {'_a0_': -359.86294031938394, '_a1_': -840.0326176288087, '_a4_': -0.8811084924795565, '_a5_': -0.004019797219478438, '_a2_': 1.0, '_a3_': 1.0, '_a6_': 1.0, '_a7_': 1.0}};{'d0': 0.024905832919491614};-276.475521886641;56.241780891638406
13708;-81.9959800516822;((((pow2(((((x / x) + _a5_) + x) + (_a4_ * pow2(_a4_)))) * _a1_) + _a0_) * _a5_) * x);{'d0': {'_a0_': -359.86294031938394, '_a1_': -840.0326176288087, '_a4_': -0.8811084924795565, '_a5_': -0.004019797219478438, '_a2_': 1.0, '_a3_': 1.0, '_a6_': 1.0, '_a7_': 1.0}};{'d0': 0.024905832919491614};-276.475521886641;56.241780891638406
13709;-81.9959800516822;((((pow2(((((x / x) + _a5_) + x) + (_a4_ * pow2(_a4_)))) * _a1_) + _a0_) * _a5_) * x);{'d0': {'_a0_': -359.86294031938394, '_a1_': -840.0326176288087, '_a4_': -0.8811084924795565, '_a5_': -0.004019797219478438, '_a2_': 1.0, '_a3_': 1.0, '_a6_': 1.0, '_a7_': 1.0}};{'d0': 0.024905832919491614};-276.475521886641;56.241780891638406
13710;-81.9959800516822;((((pow2(((((x / x) + _a5_) + x) + (_a4_ * pow2(_a4_)))) * _a1_) + _a0_) * _a5_) * x);{'d0': {'_a0_': -359.86294031938394, '_a1_': -840.0326176288087, '_a4_': -0.8811084924795565, '_a5_': -0.004019797219478438, '_a2_': 1.0, '_a3_': 1.0, '_a6_': 1.0, '_a7_': 1.0}};{'d0': 0.024905832919491614};-276.475521886641;56.241780891638406
13711;-81.9959800516822;((((pow2(((((x / x) + _a5_) + x) + (_a4_ * pow2(_a4_)))) * _a1_) + _a0_) * _a5_) * x);{'d0': {'_a0_': -359.86294031938394, '_a1_': -840.0326176288087, '_a4_': -0.8811084924795565, '_a5_': -0.004019797219478438, '_a2_': 1.0, '_a3_': 1.0, '_a6_': 1.0, '_a7_': 1.0}};{'d0': 0.024905832919491614};-276.475521886641;56.241780891638406
13712;-81.9959800516822;((((pow2(((((x / x) + _a5_) + x) + (_a4_ * pow2(_a4_)))) * _a1_) + _a0_) * _a5_) * x);{'d0': {'_a0_': -359.86294031938394, '_a1_': -840.0326176288087, '_a4_': -0.8811084924795565, '_a5_': -0.004019797219478438, '_a2_': 1.0, '_a3_': 1.0, '_a6_': 1.0, '_a7_': 1.0}};{'d0': 0.024905832919491614};-276.475521886641;56.241780891638406
13713;-81.9959800516822;((((pow2(((((x / x) + _a5_) + x) + (_a4_ * pow2(_a4_)))) * _a1_) + _a0_) * _a5_) * x);{'d0': {'_a0_': -359.86294031938394, '_a1_': -840.0326176288087, '_a4_': -0.8811084924795565, '_a5_': -0.004019797219478438, '_a2_': 1.0, '_a3_': 1.0, '_a6_': 1.0, '_a7_': 1.0}};{'d0': 0.024905832919491614};-276.475521886641;56.241780891638406
13714;-81.9959800516822;((((pow2(((((x / x) + _a5_) + x) + (_a4_ * pow2(_a4_)))) * _a1_) + _a0_) * _a5_) * x);{'d0': {'_a0_': -359.86294031938394, '_a1_': -840.0326176288087, '_a4_': -0.8811084924795565, '_a5_': -0.004019797219478438, '_a2_': 1.0, '_a3_': 1.0, '_a6_': 1.0, '_a7_': 1.0}};{'d0': 0.024905832919491614};-276.475521886641;56.241780891638406
13715;-81.9959800516822;((((pow2(((((x / x) + _a5_) + x) + (_a4_ * pow2(_a4_)))) * _a1_) + _a0_) * _a5_) * x);{'d0': {'_a0_': -359.86294031938394, '_a1_': -840.0326176288087, '_a4_': -0.8811084924795565, '_a5_': -0.004019797219478438, '_a2_': 1.0, '_a3_': 1.0, '_a6_': 1.0, '_a7_': 1.0}};{'d0': 0.024905832919491614};-276.475521886641;56.241780891638406
13716;-81.9959800516822;((((pow2(((((x / x) + _a5_) + x) + (_a4_ * pow2(_a4_)))) * _a1_) + _a0_) * _a5_) * x);{'d0': {'_a0_': -359.86294031938394, '_a1_': -840.0326176288087, '_a4_': -0.8811084924795565, '_a5_': -0.004019797219478438, '_a2_': 1.0, '_a3_': 1.0, '_a6_': 1.0, '_a7_': 1.0}};{'d0': 0.024905832919491614};-276.475521886641;56.241780891638406
13717;-85.6939145128380;((((pow2(((((x / x) + _a5_) + x) + (_a4_ * _a5_))) * _a1_) + _a0_) * _a5_) * x);{'d0': {'_a0_': -304.72946091586994, '_a1_': -711.3338381081774, '_a4_': 143.94591107772936, '_a5_': -0.0047470822826938585, '_a2_': 1.0, '_a3_': 1.0, '_a6_': 1.0, '_a7_': 1.0}};{'d0': 0.0249058329290008};-276.475521863733;52.543846419028405
13718;-85.6939145128380;((((pow2(((((x / x) + _a5_) + x) + (_a4_ * _a5_))) * _a1_) + _a0_) * _a5_) * x);{'d0': {'_a0_': -304.72946091586994, '_a1_': -711.3338381081774, '_a4_': 143.94591107772936, '_a5_': -0.0047470822826938585, '_a2_': 1.0, '_a3_': 1.0, '_a6_': 1.0, '_a7_': 1.0}};{'d0': 0.0249058329290008};-276.475521863733;52.543846419028405
13719;-85.6939145128380;((((pow2(((((x / x) + _a5_) + x) + (_a4_ * _a5_))) * _a1_) + _a0_) * _a5_) * x);{'d0': {'_a0_': -304.72946091586994, '_a1_': -711.3338381081774, '_a4_': 143.94591107772936, '_a5_': -0.0047470822826938585, '_a2_': 1.0, '_a3_': 1.0, '_a6_': 1.0, '_a7_': 1.0}};{'d0': 0.0249058329290008};-276.475521863733;52.543846419028405
13720;-85.6939145128380;((((pow2(((((x / x) + _a5_) + x) + (_a4_ * _a5_))) * _a1_) + _a0_) * _a5_) * x);{'d0': {'_a0_': -304.72946091586994, '_a1_': -711.3338381081774, '_a4_': 143.94591107772936, '_a5_': -0.0047470822826938585, '_a2_': 1.0, '_a3_': 1.0, '_a6_': 1.0, '_a7_': 1.0}};{'d0': 0.0249058329290008};-276.475521863733;52.543846419028405
13721;-86.6110169383806;((((pow2(((((x / x) + _a5_) + x) + cos(_a1_))) * _a1_) + _a0_) * _a5_) * x);{'d0': {'_a0_': -305.15323146313955, '_a1_': -712.3230496817065, '_a5_': -0.0047404908138107445, '_a2_': 1.0, '_a3_': 1.0, '_a4_': 1.0, '_a6_': 1.0, '_a7_': 1.0}};{'d0': 0.02490583291941656};-280.569866449044;53.673916286141406
13722;-86.6110169383806;((((pow2(((((x / x) + _a5_) + x) + cos(_a1_))) * _a1_) + _a0_) * _a5_) * x);{'d0': {'_a0_': -305.15323146313955, '_a1_': -712.3230496817065, '_a5_': -0.0047404908138107445, '_a2_': 1.0, '_a3_': 1.0, '_a4_': 1.0, '_a6_': 1.0, '_a7_': 1.0}};{'d0': 0.02490583291941656};-280.569866449044;53.673916286141406
13723;-86.6110169383806;((((pow2(((((x / x) + _a5_) + x) + cos(_a1_))) * _a1_) + _a0_) * _a5_) * x);{'d0': {'_a0_': -305.15323146313955, '_a1_': -712.3230496817065, '_a5_': -0.0047404908138107445, '_a2_': 1.0, '_a3_': 1.0, '_a4_': 1.0, '_a6_': 1.0, '_a7_': 1.0}};{'d0': 0.02490583291941656};-280.569866449044;53.673916286141406
13724;-86.6110169383806;((((pow2(((((x / x) + _a5_) + x) + cos(_a1_))) * _a1_) + _a0_) * _a5_) * x);{'d0': {'_a0_': -305.15323146313955, '_a1_': -712.3230496817065, '_a5_': -0.0047404908138107445, '_a2_': 1.0, '_a3_': 1.0, '_a4_': 1.0, '_a6_': 1.0, '_a7_': 1.0}};{'d0': 0.02490583291941656};-280.569866449044;53.673916286141406
13725;-86.6110169383806;((((pow2(((((x / x) + _a5_) + x) + cos(_a1_))) * _a1_) + _a0_) * _a5_) * x);{'d0': {'_a0_': -305.15323146313955, '_a1_': -712.3230496817065, '_a5_': -0.0047404908138107445, '_a2_': 1.0, '_a3_': 1.0, '_a4_': 1.0, '_a6_': 1.0, '_a7_': 1.0}};{'d0': 0.02490583291941656};-280.569866449044;53.673916286141406
13726;-86.6110169383806;((((pow2(((((x / x) + _a5_) + x) + cos(_a1_))) * _a1_) + _a0_) * _a5_) * x);{'d0': {'_a0_': -305.15323146313955, '_a1_': -712.3230496817065, '_a5_': -0.0047404908138107445, '_a2_': 1.0, '_a3_': 1.0, '_a4_': 1.0, '_a6_': 1.0, '_a7_': 1.0}};{'d0': 0.02490583291941656};-280.569866449044;53.673916286141406
13727;-86.6110169383806;((((pow2(((((x / x) + _a5_) + x) + cos(_a1_))) * _a1_) + _a0_) * _a5_) * x);{'d0': {'_a0_': -305.15323146313955, '_a1_': -712.3230496817065, '_a5_': -0.0047404908138107445, '_a2_': 1.0, '_a3_': 1.0, '_a4_': 1.0, '_a6_': 1.0, '_a7_': 1.0}};{'d0': 0.02490583291941656};-280.569866449044;53.673916286141406
13728;-86.6110169383806;((((pow2(((((x / x) + _a5_) + x) + cos(_a1_))) * _a1_) + _a0_) * _a5_) * x);{'d0': {'_a0_': -305.15323146313955, '_a1_': -712.3230496817065, '_a5_': -0.0047404908138107445, '_a2_': 1.0, '_a3_': 1.0, '_a4_': 1.0, '_a6_': 1.0, '_a7_': 1.0}};{'d0': 0.02490583291941656};-280.569866449044;53.673916286141406
13729;-86.6110169383806;((((pow2(((((x / x) + _a5_) + x) + cos(_a1_))) * _a1_) + _a0_) * _a5_) * x);{'d0': {'_a0_': -305.15323146313955, '_a1_': -712.3230496817065, '_a5_': -0.0047404908138107445, '_a2_': 1.0, '_a3_': 1.0, '_a4_': 1.0, '_a6_': 1.0, '_a7_': 1.0}};{'d0': 0.02490583291941656};-280.569866449044;53.673916286141406
13730;-86.6110169383806;((((pow2(((((x / x) + _a5_) + x) + cos(_a1_))) * _a1_) + _a0_) * _a5_) * x);{'d0': {'_a0_': -305.15323146313955, '_a1_': -712.3230496817065, '_a5_': -0.0047404908138107445, '_a2_': 1.0, '_a3_': 1.0, '_a4_': 1.0, '_a6_': 1.0, '_a7_': 1.0}};{'d0': 0.02490583291941656};-280.569866449044;53.673916286141406
13731;-92.4113087047829;((((pow2((((_a5_ + _a5_) + x) + cos(_a1_))) * _a1_) + _a0_) * _a5_) * x);{'d0': {'_a0_': -304.6907616577326, '_a1_': -711.2435019948562, '_a5_': -0.004747686085440304, '_a2_': 1.0, '_a3_': 1.0, '_a4_': 1.0, '_a6_': 1.0, '_a7_': 1.0}};{'d0': 0.02490583291941662};-280.569866449044;47.873624519739
13732;-92.4113087047829;((((pow2((((_a5_ + _a5_) + x) + cos(_a1_))) * _a1_) + _a0_) * _a5_) * x);{'d0': {'_a0_': -304.6907616577326, '_a1_': -711.2435019948562, '_a5_': -0.004747686085440304, '_a2_': 1.0, '_a3_': 1.0, '_a4_': 1.0, '_a6_': 1.0, '_a7_': 1.0}};{'d0': 0.02490583291941662};-280.569866449044;47.873624519739
13733;-96.4435462146423;((((pow2((((_a5_ + _a5_) + x) + _a6_)) * _a1_) + _a0_) * _a5_) * x);{'d0': {'_a0_': -70.22686388690838, '_a1_': -163.9314574569492, '_a5_': -0.02059861186364582, '_a6_': 0.3531269315733268, '_a2_': 1.0, '_a3_': 1.0, '_a4_': 1.0, '_a7_': 1.0}};{'d0': 0.02490583292074461};-276.475521883622;41.794214727169006
13734;-96.4435462146423;((((pow2((((_a5_ + _a5_) + x) + _a6_)) * _a1_) + _a0_) * _a5_) * x);{'d0': {'_a0_': -70.22686388690838, '_a1_': -163.9314574569492, '_a5_': -0.02059861186364582, '_a6_': 0.3531269315733268, '_a2_': 1.0, '_a3_': 1.0, '_a4_': 1.0, '_a7_': 1.0}};{'d0': 0.02490583292074461};-276.475521883622;41.794214727169006
13735;-96.4435462145386;((((pow2((((_a0_ + _a5_) + x) + _a6_)) * _a1_) + _a0_) * _a5_) * x);{'d0': {'_a0_': -103.94496444756757, '_a1_': -242.64004624624386, '_a5_': -0.013916748295704917, '_a6_': 104.27081090395338, '_a2_': 1.0, '_a3_': 1.0, '_a4_': 1.0, '_a7_': 1.0}};{'d0': 0.024905832920830685};-276.475521883415;41.794214727169006
13736;-96.4435462145386;((((pow2((((_a0_ + _a5_) + x) + _a6_)) * _a1_) + _a0_) * _a5_) * x);{'d0': {'_a0_': -103.94496444756757, '_a1_': -242.64004624624386, '_a5_': -0.013916748295704917, '_a6_': 104.27081090395338, '_a2_': 1.0, '_a3_': 1.0, '_a4_': 1.0, '_a7_': 1.0}};{'d0': 0.024905832920830685};-276.475521883415;41.794214727169006
13737;-96.4435462145386;((((pow2((((_a0_ + _a5_) + x) + _a6_)) * _a1_) + _a0_) * _a5_) * x);{'d0': {'_a0_': -103.94496444756757, '_a1_': -242.64004624624386, '_a5_': -0.013916748295704917, '_a6_': 104.27081090395338, '_a2_': 1.0, '_a3_': 1.0, '_a4_': 1.0, '_a7_': 1.0}};{'d0': 0.024905832920830685};-276.475521883415;41.794214727169006
13738;-96.9980791186158;((((pow2(((exp(_a1_) + x) + _a6_)) * _a1_) + _a0_) * _a5_) * x);{'d0': {'_a0_': -512.8711257865162, '_a1_': -1197.2015612045209, '_a5_': -0.002820544051653413, '_a6_': 0.31192970780259005, '_a2_': 1.0, '_a3_': 1.0, '_a4_': 1.0, '_a7_': 1.0}};{'d0': 0.024905832929375666};-276.475521862829;41.239681812799006
13739;-102.364147258167;((((pow2(((x + x) + _a6_)) * _a1_) + _a0_) * _a5_) * x);{'d0': {'_a0_': -748.2669703499728, '_a1_': -436.6722654912082, '_a5_': -0.001933234757212197, '_a6_': 0.6238594154781835, '_a2_': 1.0, '_a3_': 1.0, '_a4_': 1.0, '_a7_': 1.0}};{'d0': 0.024905832925315344};-276.475521872611;35.87361367813901
13740;-98.6842000881173;((((pow2(((x + x) + _a6_)) * _a1_) + _a0_) * -(_a4_)) * x);{'d0': {'_a0_': -640.0931805997658, '_a1_': -373.54440381560016, '_a4_': 0.0022599452013396934, '_a6_': 0.6238594156850301, '_a2_': 1.0, '_a3_': 1.0, '_a5_': 1.0, '_a7_': 1.0}};{'d0': 0.02490583293344212};-276.475521853033;39.5535608383994
13741;-98.6842000881173;((((pow2(((x + x) + _a6_)) * _a1_) + _a0_) * -(_a4_)) * x);{'d0': {'_a0_': -640.0931805997658, '_a1_': -373.54440381560016, '_a4_': 0.0022599452013396934, '_a6_': 0.6238594156850301, '_a2_': 1.0, '_a3_': 1.0, '_a5_': 1.0, '_a7_': 1.0}};{'d0': 0.02490583293344212};-276.475521853033;39.5535608383994
13742;-98.6842000881173;((((pow2(((x + x) + _a6_)) * _a1_) + _a0_) * -(_a4_)) * x);{'d0': {'_a0_': -640.0931805997658, '_a1_': -373.54440381560016, '_a4_': 0.0022599452013396934, '_a6_': 0.6238594156850301, '_a2_': 1.0, '_a3_': 1.0, '_a5_': 1.0, '_a7_': 1.0}};{'d0': 0.02490583293344212};-276.475521853033;39.5535608383994
13743;-98.6842000881173;((((pow2(((x + x) + _a6_)) * _a1_) + _a0_) * -(_a4_)) * x);{'d0': {'_a0_': -640.0931805997658, '_a1_': -373.54440381560016, '_a4_': 0.0022599452013396934, '_a6_': 0.6238594156850301, '_a2_': 1.0, '_a3_': 1.0, '_a5_': 1.0, '_a7_': 1.0}};{'d0': 0.02490583293344212};-276.475521853033;39.5535608383994
13744;-97.6405816083553;((((pow2(((x + x) + _a6_)) * _a1_) + _a0_) + -(_a4_)) * x);{'d0': {'_a0_': -2230.5001464753, '_a1_': 0.8441902221293768, '_a4_': -2231.946724716127, '_a6_': 0.6238594068348531, '_a2_': 1.0, '_a3_': 1.0, '_a5_': 1.0, '_a7_': 1.0}};{'d0': 0.024905832991445293};-276.475521713299;40.597179248294395
13745;-97.6405816083553;((((pow2(((x + x) + _a6_)) * _a1_) + _a0_) + -(_a4_)) * x);{'d0': {'_a0_': -2230.5001464753, '_a1_': 0.8441902221293768, '_a4_': -2231.946724716127, '_a6_': 0.6238594068348531, '_a2_': 1.0, '_a3_': 1.0, '_a5_': 1.0, '_a7_': 1.0}};{'d0': 0.024905832991445293};-276.475521713299;40.597179248294395
13746;-97.6405816083553;((((pow2(((x + x) + _a6_)) * _a1_) + _a0_) + -(_a4_)) * x);{'d0': {'_a0_': -2230.5001464753, '_a1_': 0.8441902221293768, '_a4_': -2231.946724716127, '_a6_': 0.6238594068348531, '_a2_': 1.0, '_a3_': 1.0, '_a5_': 1.0, '_a7_': 1.0}};{'d0': 0.024905832991445293};-276.475521713299;40.597179248294395
13747;-97.6405816083553;((((pow2(((x + x) + _a6_)) * _a1_) + _a0_) + -(_a4_)) * x);{'d0': {'_a0_': -2230.5001464753, '_a1_': 0.8441902221293768, '_a4_': -2231.946724716127, '_a6_': 0.6238594068348531, '_a2_': 1.0, '_a3_': 1.0, '_a5_': 1.0, '_a7_': 1.0}};{'d0': 0.024905832991445293};-276.475521713299;40.597179248294395
13748;-101.320528844576;((((pow2(((x + x) + _a6_)) * _a1_) + _a0_) + _a5_) * x);{'d0': {'_a0_': -2916.9450378372076, '_a1_': 0.8441903997295116, '_a5_': 2918.391614552695, '_a6_': 0.6238594719054835, '_a2_': 1.0, '_a3_': 1.0, '_a4_': 1.0, '_a7_': 1.0}};{'d0': 0.02490583292838338};-276.475521865220;36.917232088034005
13749;-101.320528844576;((((pow2(((x + x) + _a6_)) * _a1_) + _a0_) + _a5_) * x);{'d0': {'_a0_': -2916.9450378372076, '_a1_': 0.8441903997295116, '_a5_': 2918.391614552695, '_a6_': 0.6238594719054835, '_a2_': 1.0, '_a3_': 1.0, '_a4_': 1.0, '_a7_': 1.0}};{'d0': 0.02490583292838338};-276.475521865220;36.917232088034005
13750;-101.320528844576;((((pow2(((x + x) + _a6_)) * _a1_) + _a0_) + _a5_) * x);{'d0': {'_a0_': -2916.9450378372076, '_a1_': 0.8441903997295116, '_a5_': 2918.391614552695, '_a6_': 0.6238594719054835, '_a2_': 1.0, '_a3_': 1.0, '_a4_': 1.0, '_a7_': 1.0}};{'d0': 0.02490583292838338};-276.475521865220;36.917232088034005
13751;-101.320528844576;((((pow2(((x + x) + _a6_)) * _a1_) + _a0_) + _a5_) * x);{'d0': {'_a0_': -2916.9450378372076, '_a1_': 0.8441903997295116, '_a5_': 2918.391614552695, '_a6_': 0.6238594719054835, '_a2_': 1.0, '_a3_': 1.0, '_a4_': 1.0, '_a7_': 1.0}};{'d0': 0.02490583292838338};-276.475521865220;36.917232088034005
13752;-101.320528844576;((((pow2(((x + x) + _a6_)) * _a1_) + _a0_) + _a5_) * x);{'d0': {'_a0_': -2916.9450378372076, '_a1_': 0.8441903997295116, '_a5_': 2918.391614552695, '_a6_': 0.6238594719054835, '_a2_': 1.0, '_a3_': 1.0, '_a4_': 1.0, '_a7_': 1.0}};{'d0': 0.02490583292838338};-276.475521865220;36.917232088034005
13753;-101.320528844576;((((pow2(((x + x) + _a6_)) * _a1_) + _a0_) + _a5_) * x);{'d0': {'_a0_': -2916.9450378372076, '_a1_': 0.8441903997295116, '_a5_': 2918.391614552695, '_a6_': 0.6238594719054835, '_a2_': 1.0, '_a3_': 1.0, '_a4_': 1.0, '_a7_': 1.0}};{'d0': 0.02490583292838338};-276.475521865220;36.917232088034005
13754;-101.320528844576;((((pow2(((x + x) + _a6_)) * _a1_) + _a0_) + _a5_) * x);{'d0': {'_a0_': -2916.9450378372076, '_a1_': 0.8441903997295116, '_a5_': 2918.391614552695, '_a6_': 0.6238594719054835, '_a2_': 1.0, '_a3_': 1.0, '_a4_': 1.0, '_a7_': 1.0}};{'d0': 0.02490583292838338};-276.475521865220;36.917232088034005
13755;-101.320528844576;((((pow2(((x + x) + _a6_)) * _a1_) + _a0_) + _a5_) * x);{'d0': {'_a0_': -2916.9450378372076, '_a1_': 0.8441903997295116, '_a5_': 2918.391614552695, '_a6_': 0.6238594719054835, '_a2_': 1.0, '_a3_': 1.0, '_a4_': 1.0, '_a7_': 1.0}};{'d0': 0.02490583292838338};-276.475521865220;36.917232088034005
13756;-101.320528844576;((((pow2(((x + x) + _a6_)) * _a1_) + _a0_) + _a5_) * x);{'d0': {'_a0_': -2916.9450378372076, '_a1_': 0.8441903997295116, '_a5_': 2918.391614552695, '_a6_': 0.6238594719054835, '_a2_': 1.0, '_a3_': 1.0, '_a4_': 1.0, '_a7_': 1.0}};{'d0': 0.02490583292838338};-276.475521865220;36.917232088034005
13757;-101.320528844576;((((pow2(((x + x) + _a6_)) * _a1_) + _a0_) + _a5_) * x);{'d0': {'_a0_': -2916.9450378372076, '_a1_': 0.8441903997295116, '_a5_': 2918.391614552695, '_a6_': 0.6238594719054835, '_a2_': 1.0, '_a3_': 1.0, '_a4_': 1.0, '_a7_': 1.0}};{'d0': 0.02490583292838338};-276.475521865220;36.917232088034005
13758;-101.320528844576;((((pow2(((x + x) + _a6_)) * _a1_) + _a0_) + _a5_) * x);{'d0': {'_a0_': -2916.9450378372076, '_a1_': 0.8441903997295116, '_a5_': 2918.391614552695, '_a6_': 0.6238594719054835, '_a2_': 1.0, '_a3_': 1.0, '_a4_': 1.0, '_a7_': 1.0}};{'d0': 0.02490583292838338};-276.475521865220;36.917232088034005
13759;-101.320528844576;((((pow2(((x + x) + _a6_)) * _a1_) + _a0_) + _a5_) * x);{'d0': {'_a0_': -2916.9450378372076, '_a1_': 0.8441903997295116, '_a5_': 2918.391614552695, '_a6_': 0.6238594719054835, '_a2_': 1.0, '_a3_': 1.0, '_a4_': 1.0, '_a7_': 1.0}};{'d0': 0.02490583292838338};-276.475521865220;36.917232088034005
13760;-101.320528844576;((((pow2(((x + x) + _a6_)) * _a1_) + _a0_) + _a5_) * x);{'d0': {'_a0_': -2916.9450378372076, '_a1_': 0.8441903997295116, '_a5_': 2918.391614552695, '_a6_': 0.6238594719054835, '_a2_': 1.0, '_a3_': 1.0, '_a4_': 1.0, '_a7_': 1.0}};{'d0': 0.02490583292838338};-276.475521865220;36.917232088034005
13761;-97.6405762768291;((((pow2(((x + x) + _a6_)) * -(_a4_)) + _a0_) + _a5_) * x);{'d0': {'_a0_': -288618.43639261246, '_a4_': -0.8441872193908154, '_a5_': 288619.8829934216, '_a6_': 0.6238648755790348, '_a1_': 1.0, '_a2_': 1.0, '_a3_': 1.0, '_a7_': 1.0}};{'d0': 0.02490583741764908};-276.475511050247;40.597179248294395
13762;-97.6405762768291;((((pow2(((x + x) + _a6_)) * -(_a4_)) + _a0_) + _a5_) * x);{'d0': {'_a0_': -288618.43639261246, '_a4_': -0.8441872193908154, '_a5_': 288619.8829934216, '_a6_': 0.6238648755790348, '_a1_': 1.0, '_a2_': 1.0, '_a3_': 1.0, '_a7_': 1.0}};{'d0': 0.02490583741764908};-276.475511050247;40.597179248294395
13763;-97.6405762768291;((((pow2(((x + x) + _a6_)) * -(_a4_)) + _a0_) + _a5_) * x);{'d0': {'_a0_': -288618.43639261246, '_a4_': -0.8441872193908154, '_a5_': 288619.8829934216, '_a6_': 0.6238648755790348, '_a1_': 1.0, '_a2_': 1.0, '_a3_': 1.0, '_a7_': 1.0}};{'d0': 0.02490583741764908};-276.475511050247;40.597179248294395
13764;-97.6405762768291;((((pow2(((x + x) + _a6_)) * -(_a4_)) + _a0_) + _a5_) * x);{'d0': {'_a0_': -288618.43639261246, '_a4_': -0.8441872193908154, '_a5_': 288619.8829934216, '_a6_': 0.6238648755790348, '_a1_': 1.0, '_a2_': 1.0, '_a3_': 1.0, '_a7_': 1.0}};{'d0': 0.02490583741764908};-276.475511050247;40.597179248294395
13765;-97.6405762768291;((((pow2(((x + x) + _a6_)) * -(_a4_)) + _a0_) + _a5_) * x);{'d0': {'_a0_': -288618.43639261246, '_a4_': -0.8441872193908154, '_a5_': 288619.8829934216, '_a6_': 0.6238648755790348, '_a1_': 1.0, '_a2_': 1.0, '_a3_': 1.0, '_a7_': 1.0}};{'d0': 0.02490583741764908};-276.475511050247;40.597179248294395
13766;-103.561178094787;((((pow2((x + _a6_)) * -(_a4_)) + _a0_) + _a5_) * x);{'d0': {'_a0_': -288614.2241754818, '_a4_': -3.3766822062264445, '_a5_': 288615.6707638503, '_a6_': 0.3119260435862681, '_a1_': 1.0, '_a2_': 1.0, '_a3_': 1.0, '_a7_': 1.0}};{'d0': 0.024905836779289557};-276.475512588102;34.6765781992644
13767;-103.561178094787;((((pow2((x + _a6_)) * -(_a4_)) + _a0_) + _a5_) * x);{'d0': {'_a0_': -288614.2241754818, '_a4_': -3.3766822062264445, '_a5_': 288615.6707638503, '_a6_': 0.3119260435862681, '_a1_': 1.0, '_a2_': 1.0, '_a3_': 1.0, '_a7_': 1.0}};{'d0': 0.024905836779289557};-276.475512588102;34.6765781992644
13768;-103.561178094787;((((pow2((x + _a6_)) * -(_a4_)) + _a0_) + _a5_) * x);{'d0': {'_a0_': -288614.2241754818, '_a4_': -3.3766822062264445, '_a5_': 288615.6707638503, '_a6_': 0.3119260435862681, '_a1_': 1.0, '_a2_': 1.0, '_a3_': 1.0, '_a7_': 1.0}};{'d0': 0.024905836779289557};-276.475512588102;34.6765781992644
13769;-103.561178094787;((((pow2((x + _a6_)) * -(_a4_)) + _a0_) + _a5_) * x);{'d0': {'_a0_': -288614.2241754818, '_a4_': -3.3766822062264445, '_a5_': 288615.6707638503, '_a6_': 0.3119260435862681, '_a1_': 1.0, '_a2_': 1.0, '_a3_': 1.0, '_a7_': 1.0}};{'d0': 0.024905836779289557};-276.475512588102;34.6765781992644
13770;-103.561178094787;((((pow2((x + _a6_)) * -(_a4_)) + _a0_) + _a5_) * x);{'d0': {'_a0_': -288614.2241754818, '_a4_': -3.3766822062264445, '_a5_': 288615.6707638503, '_a6_': 0.3119260435862681, '_a1_': 1.0, '_a2_': 1.0, '_a3_': 1.0, '_a7_': 1.0}};{'d0': 0.024905836779289557};-276.475512588102;34.6765781992644
13771;-103.561178094787;((((pow2((x + _a6_)) * -(_a4_)) + _a0_) + _a5_) * x);{'d0': {'_a0_': -288614.2241754818, '_a4_': -3.3766822062264445, '_a5_': 288615.6707638503, '_a6_': 0.3119260435862681, '_a1_': 1.0, '_a2_': 1.0, '_a3_': 1.0, '_a7_': 1.0}};{'d0': 0.024905836779289557};-276.475512588102;34.6765781992644
13772;-103.561178094787;((((pow2((x + _a6_)) * -(_a4_)) + _a0_) + _a5_) * x);{'d0': {'_a0_': -288614.2241754818, '_a4_': -3.3766822062264445, '_a5_': 288615.6707638503, '_a6_': 0.3119260435862681, '_a1_': 1.0, '_a2_': 1.0, '_a3_': 1.0, '_a7_': 1.0}};{'d0': 0.024905836779289557};-276.475512588102;34.6765781992644
13773;-103.681492023204;((((pow2((x + _a6_)) * -(_a4_)) + _a0_) / _a5_) * x);{'d0': {'_a0_': 2335.096357090516, '_a4_': -5450.837794961403, '_a5_': 1614.2221332665927, '_a6_': 0.31192970802387104, '_a1_': 1.0, '_a2_': 1.0, '_a3_': 1.0, '_a7_': 1.0}};{'d0': 0.024905832922380248};-276.475521879682;34.556268916636796
13774;-103.681492023204;((((pow2((x + _a6_)) * -(_a4_)) + _a0_) / _a5_) * x);{'d0': {'_a0_': 2335.096357090516, '_a4_': -5450.837794961403, '_a5_': 1614.2221332665927, '_a6_': 0.31192970802387104, '_a1_': 1.0, '_a2_': 1.0, '_a3_': 1.0, '_a7_': 1.0}};{'d0': 0.024905832922380248};-276.475521879682;34.556268916636796
13775;-103.681492023204;((((pow2((x + _a6_)) * -(_a4_)) + _a0_) / _a5_) * x);{'d0': {'_a0_': 2335.096357090516, '_a4_': -5450.837794961403, '_a5_': 1614.2221332665927, '_a6_': 0.31192970802387104, '_a1_': 1.0, '_a2_': 1.0, '_a3_': 1.0, '_a7_': 1.0}};{'d0': 0.024905832922380248};-276.475521879682;34.556268916636796
13776;-103.681492023204;((((pow2((x + _a6_)) * -(_a4_)) + _a0_) / _a5_) * x);{'d0': {'_a0_': 2335.096357090516, '_a4_': -5450.837794961403, '_a5_': 1614.2221332665927, '_a6_': 0.31192970802387104, '_a1_': 1.0, '_a2_': 1.0, '_a3_': 1.0, '_a7_': 1.0}};{'d0': 0.024905832922380248};-276.475521879682;34.556268916636796
13777;-103.681492023204;((((pow2((x + _a6_)) * -(_a4_)) + _a0_) / _a5_) * x);{'d0': {'_a0_': 2335.096357090516, '_a4_': -5450.837794961403, '_a5_': 1614.2221332665927, '_a6_': 0.31192970802387104, '_a1_': 1.0, '_a2_': 1.0, '_a3_': 1.0, '_a7_': 1.0}};{'d0': 0.024905832922380248};-276.475521879682;34.556268916636796
13778;-103.681492023204;((((pow2((x + _a6_)) * -(_a4_)) + _a0_) / _a5_) * x);{'d0': {'_a0_': 2335.096357090516, '_a4_': -5450.837794961403, '_a5_': 1614.2221332665927, '_a6_': 0.31192970802387104, '_a1_': 1.0, '_a2_': 1.0, '_a3_': 1.0, '_a7_': 1.0}};{'d0': 0.024905832922380248};-276.475521879682;34.556268916636796
13779;-103.681492023204;((((pow2((x + _a6_)) * -(_a4_)) + _a0_) / _a5_) * x);{'d0': {'_a0_': 2335.096357090516, '_a4_': -5450.837794961403, '_a5_': 1614.2221332665927, '_a6_': 0.31192970802387104, '_a1_': 1.0, '_a2_': 1.0, '_a3_': 1.0, '_a7_': 1.0}};{'d0': 0.024905832922380248};-276.475521879682;34.556268916636796
13780;-103.681492023204;((((pow2((x + _a6_)) * -(_a4_)) + _a0_) / _a5_) * x);{'d0': {'_a0_': 2335.096357090516, '_a4_': -5450.837794961403, '_a5_': 1614.2221332665927, '_a6_': 0.31192970802387104, '_a1_': 1.0, '_a2_': 1.0, '_a3_': 1.0, '_a7_': 1.0}};{'d0': 0.024905832922380248};-276.475521879682;34.556268916636796
13781;-103.681492023204;((((pow2((x + _a6_)) * -(_a4_)) + _a0_) / _a5_) * x);{'d0': {'_a0_': 2335.096357090516, '_a4_': -5450.837794961403, '_a5_': 1614.2221332665927, '_a6_': 0.31192970802387104, '_a1_': 1.0, '_a2_': 1.0, '_a3_': 1.0, '_a7_': 1.0}};{'d0': 0.024905832922380248};-276.475521879682;34.556268916636796
13782;-103.681492023204;((((pow2((x + _a6_)) * -(_a4_)) + _a0_) / _a5_) * x);{'d0': {'_a0_': 2335.096357090516, '_a4_': -5450.837794961403, '_a5_': 1614.2221332665927, '_a6_': 0.31192970802387104, '_a1_': 1.0, '_a2_': 1.0, '_a3_': 1.0, '_a7_': 1.0}};{'d0': 0.024905832922380248};-276.475521879682;34.556268916636796
13783;-103.681492023204;((((pow2((x + _a6_)) * -(_a4_)) + _a0_) / _a5_) * x);{'d0': {'_a0_': 2335.096357090516, '_a4_': -5450.837794961403, '_a5_': 1614.2221332665927, '_a6_': 0.31192970802387104, '_a1_': 1.0, '_a2_': 1.0, '_a3_': 1.0, '_a7_': 1.0}};{'d0': 0.024905832922380248};-276.475521879682;34.556268916636796
13784;-103.681492023204;((((pow2((x + _a6_)) * -(_a4_)) + _a0_) / _a5_) * x);{'d0': {'_a0_': 2335.096357090516, '_a4_': -5450.837794961403, '_a5_': 1614.2221332665927, '_a6_': 0.31192970802387104, '_a1_': 1.0, '_a2_': 1.0, '_a3_': 1.0, '_a7_': 1.0}};{'d0': 0.024905832922380248};-276.475521879682;34.556268916636796
13785;-103.681492023204;((((pow2((x + _a6_)) * -(_a4_)) + _a0_) / _a5_) * x);{'d0': {'_a0_': 2335.096357090516, '_a4_': -5450.837794961403, '_a5_': 1614.2221332665927, '_a6_': 0.31192970802387104, '_a1_': 1.0, '_a2_': 1.0, '_a3_': 1.0, '_a7_': 1.0}};{'d0': 0.024905832922380248};-276.475521879682;34.556268916636796
13786;-103.681492023204;((((pow2((x + _a6_)) * -(_a4_)) + _a0_) / _a5_) * x);{'d0': {'_a0_': 2335.096357090516, '_a4_': -5450.837794961403, '_a5_': 1614.2221332665927, '_a6_': 0.31192970802387104, '_a1_': 1.0, '_a2_': 1.0, '_a3_': 1.0, '_a7_': 1.0}};{'d0': 0.024905832922380248};-276.475521879682;34.556268916636796
13787;-103.681492023204;((((pow2((x + _a6_)) * -(_a4_)) + _a0_) / _a5_) * x);{'d0': {'_a0_': 2335.096357090516, '_a4_': -5450.837794961403, '_a5_': 1614.2221332665927, '_a6_': 0.31192970802387104, '_a1_': 1.0, '_a2_': 1.0, '_a3_': 1.0, '_a7_': 1.0}};{'d0': 0.024905832922380248};-276.475521879682;34.556268916636796
13788;-109.288302185518;((((_a6_ + _a4_) * pow2((x + _a4_))) + _a0_) * x);{'d0': {'_a0_': 1.4465760893095378, '_a4_': 0.31192970776600304, '_a6_': 3.0648311703327633, '_a1_': 1.0, '_a2_': 1.0, '_a3_': 1.0, '_a5_': 1.0, '_a7_': 1.0}};{'d0': 0.02490583291941664};-280.569866449044;30.99663103900405
13789;-109.288302185518;((((_a6_ + _a4_) * pow2((x + _a4_))) + _a0_) * x);{'d0': {'_a0_': 1.4465760893095378, '_a4_': 0.31192970776600304, '_a6_': 3.0648311703327633, '_a1_': 1.0, '_a2_': 1.0, '_a3_': 1.0, '_a5_': 1.0, '_a7_': 1.0}};{'d0': 0.02490583291941664};-280.569866449044;30.99663103900405
13790;-109.288302185518;((((_a6_ + _a4_) * pow2((x + _a4_))) + _a0_) * x);{'d0': {'_a0_': 1.4465760893095378, '_a4_': 0.31192970776600304, '_a6_': 3.0648311703327633, '_a1_': 1.0, '_a2_': 1.0, '_a3_': 1.0, '_a5_': 1.0, '_a7_': 1.0}};{'d0': 0.02490583291941664};-280.569866449044;30.99663103900405
13791;-109.288302185518;((((_a6_ + _a4_) * pow2((x + _a4_))) + _a0_) * x);{'d0': {'_a0_': 1.4465760893095378, '_a4_': 0.31192970776600304, '_a6_': 3.0648311703327633, '_a1_': 1.0, '_a2_': 1.0, '_a3_': 1.0, '_a5_': 1.0, '_a7_': 1.0}};{'d0': 0.02490583291941664};-280.569866449044;30.99663103900405
13792;-109.288302185518;((((_a6_ + _a4_) * pow2((x + _a4_))) + _a0_) * x);{'d0': {'_a0_': 1.4465760893095378, '_a4_': 0.31192970776600304, '_a6_': 3.0648311703327633, '_a1_': 1.0, '_a2_': 1.0, '_a3_': 1.0, '_a5_': 1.0, '_a7_': 1.0}};{'d0': 0.02490583291941664};-280.569866449044;30.99663103900405
13793;-109.288302185518;((((_a6_ + _a4_) * pow2((x + _a4_))) + _a0_) * x);{'d0': {'_a0_': 1.4465760893095378, '_a4_': 0.31192970776600304, '_a6_': 3.0648311703327633, '_a1_': 1.0, '_a2_': 1.0, '_a3_': 1.0, '_a5_': 1.0, '_a7_': 1.0}};{'d0': 0.02490583291941664};-280.569866449044;30.99663103900405
13794;-109.288302185518;((((_a6_ + _a4_) * pow2((x + _a4_))) + _a0_) * x);{'d0': {'_a0_': 1.4465760893095378, '_a4_': 0.31192970776600304, '_a6_': 3.0648311703327633, '_a1_': 1.0, '_a2_': 1.0, '_a3_': 1.0, '_a5_': 1.0, '_a7_': 1.0}};{'d0': 0.02490583291941664};-280.569866449044;30.99663103900405
13795;-109.288302185518;((((_a6_ + _a4_) * pow2((x + _a4_))) + _a0_) * x);{'d0': {'_a0_': 1.4465760893095378, '_a4_': 0.31192970776600304, '_a6_': 3.0648311703327633, '_a1_': 1.0, '_a2_': 1.0, '_a3_': 1.0, '_a5_': 1.0, '_a7_': 1.0}};{'d0': 0.02490583291941664};-280.569866449044;30.99663103900405
13796;-109.288302185518;((((_a6_ + _a4_) * pow2((x + _a4_))) + _a0_) * x);{'d0': {'_a0_': 1.4465760893095378, '_a4_': 0.31192970776600304, '_a6_': 3.0648311703327633, '_a1_': 1.0, '_a2_': 1.0, '_a3_': 1.0, '_a5_': 1.0, '_a7_': 1.0}};{'d0': 0.02490583291941664};-280.569866449044;30.99663103900405
13797;-104.411319546383;((((_a6_ + (_a4_ * _a6_)) * pow2((x + _a4_))) + _a0_) * x);{'d0': {'_a0_': 1.4465760901666471, '_a4_': 0.31192970787958846, '_a6_': 2.573888569909843, '_a1_': 1.0, '_a2_': 1.0, '_a3_': 1.0, '_a5_': 1.0, '_a7_': 1.0}};{'d0': 0.024905832919416587};-280.569866449044;35.87361367813905
13798;-104.411319546383;((((_a6_ + (_a4_ * _a6_)) * pow2((x + _a4_))) + _a0_) * x);{'d0': {'_a0_': 1.4465760901666471, '_a4_': 0.31192970787958846, '_a6_': 2.573888569909843, '_a1_': 1.0, '_a2_': 1.0, '_a3_': 1.0, '_a5_': 1.0, '_a7_': 1.0}};{'d0': 0.024905832919416587};-280.569866449044;35.87361367813905
13799;-104.411319546383;((((_a6_ + (_a4_ * _a6_)) * pow2((x + _a4_))) + _a0_) * x);{'d0': {'_a0_': 1.4465760901666471, '_a4_': 0.31192970787958846, '_a6_': 2.573888569909843, '_a1_': 1.0, '_a2_': 1.0, '_a3_': 1.0, '_a5_': 1.0, '_a7_': 1.0}};{'d0': 0.024905832919416587};-280.569866449044;35.87361367813905
13800;-102.364147265271;((((_a1_ + (_a4_ * _a6_)) * pow2((x + _a4_))) + _a0_) * x);{'d0': {'_a0_': 1.4465760840669966, '_a1_': 362.84547693334486, '_a4_': 0.31192970693380706, '_a6_': -1152.4029551524163, '_a2_': 1.0, '_a3_': 1.0, '_a5_': 1.0, '_a7_': 1.0}};{'d0': 0.0249058329194176};-276.475521886819;35.87361367813905
13801;-102.364147265271;((((_a1_ + (_a4_ * _a6_)) * pow2((x + _a4_))) + _a0_) * x);{'d0': {'_a0_': 1.4465760840669966, '_a1_': 362.84547693334486, '_a4_': 0.31192970693380706, '_a6_': -1152.4029551524163, '_a2_': 1.0, '_a3_': 1.0, '_a5_': 1.0, '_a7_': 1.0}};{'d0': 0.0249058329194176};-276.475521886819;35.87361367813905
13802;-102.364147265271;((((_a1_ + (_a4_ * _a6_)) * pow2((x + _a4_))) + _a0_) * x);{'d0': {'_a0_': 1.4465760840669966, '_a1_': 362.84547693334486, '_a4_': 0.31192970693380706, '_a6_': -1152.4029551524163, '_a2_': 1.0, '_a3_': 1.0, '_a5_': 1.0, '_a7_': 1.0}};{'d0': 0.0249058329194176};-276.475521886819;35.87361367813905
13803;-102.364147265271;((((_a1_ + (_a4_ * _a6_)) * pow2((x + _a4_))) + _a0_) * x);{'d0': {'_a0_': 1.4465760840669966, '_a1_': 362.84547693334486, '_a4_': 0.31192970693380706, '_a6_': -1152.4029551524163, '_a2_': 1.0, '_a3_': 1.0, '_a5_': 1.0, '_a7_': 1.0}};{'d0': 0.0249058329194176};-276.475521886819;35.87361367813905
13804;-100.731372386123;((((_a1_ + (_a4_ * _a6_)) * pow2((x + _a4_))) + -(_a1_)) * x);{'d0': {'_a1_': -1.4465760892757635, '_a4_': 0.31192970773481776, '_a6_': 15.462897081482554, '_a0_': 1.0, '_a2_': 1.0, '_a3_': 1.0, '_a5_': 1.0, '_a7_': 1.0}};{'d0': 0.02490583291941662};-280.569866449044;39.55356083839944
13805;-105.608355025257;((((_a1_ + _a0_) * pow2((x + _a4_))) + -(_a1_)) * x);{'d0': {'_a0_': 4.823336966931947, '_a1_': -1.4465760896328128, '_a4_': 0.3119297077927945, '_a2_': 1.0, '_a3_': 1.0, '_a5_': 1.0, '_a6_': 1.0, '_a7_': 1.0}};{'d0': 0.024905832919416667};-280.569866449044;34.67657819926444
13806;-105.608355025257;((((_a1_ + _a0_) * pow2((x + _a4_))) + -(_a1_)) * x);{'d0': {'_a0_': 4.823336966931947, '_a1_': -1.4465760896328128, '_a4_': 0.3119297077927945, '_a2_': 1.0, '_a3_': 1.0, '_a5_': 1.0, '_a6_': 1.0, '_a7_': 1.0}};{'d0': 0.024905832919416667};-280.569866449044;34.67657819926444
13807;-105.608355025257;((((_a1_ + _a0_) * pow2((x + _a4_))) + -(_a1_)) * x);{'d0': {'_a0_': 4.823336966931947, '_a1_': -1.4465760896328128, '_a4_': 0.3119297077927945, '_a2_': 1.0, '_a3_': 1.0, '_a5_': 1.0, '_a6_': 1.0, '_a7_': 1.0}};{'d0': 0.024905832919416667};-280.569866449044;34.67657819926444
13808;-105.608355025257;((((_a1_ + _a0_) * pow2((x + _a4_))) + -(_a1_)) * x);{'d0': {'_a0_': 4.823336966931947, '_a1_': -1.4465760896328128, '_a4_': 0.3119297077927945, '_a2_': 1.0, '_a3_': 1.0, '_a5_': 1.0, '_a6_': 1.0, '_a7_': 1.0}};{'d0': 0.024905832919416667};-280.569866449044;34.67657819926444
13809;-105.608355025257;((((_a1_ + _a0_) * pow2((x + _a4_))) + -(_a1_)) * x);{'d0': {'_a0_': 4.823336966931947, '_a1_': -1.4465760896328128, '_a4_': 0.3119297077927945, '_a2_': 1.0, '_a3_': 1.0, '_a5_': 1.0, '_a6_': 1.0, '_a7_': 1.0}};{'d0': 0.024905832919416667};-280.569866449044;34.67657819926444
13810;-105.608355025257;((((_a1_ + _a0_) * pow2((x + _a4_))) + -(_a1_)) * x);{'d0': {'_a0_': 4.823336966931947, '_a1_': -1.4465760896328128, '_a4_': 0.3119297077927945, '_a2_': 1.0, '_a3_': 1.0, '_a5_': 1.0, '_a6_': 1.0, '_a7_': 1.0}};{'d0': 0.024905832919416667};-280.569866449044;34.67657819926444
13811;-105.608355025257;((((_a1_ + _a0_) * pow2((x + _a4_))) + -(_a1_)) * x);{'d0': {'_a0_': 4.823336966931947, '_a1_': -1.4465760896328128, '_a4_': 0.3119297077927945, '_a2_': 1.0, '_a3_': 1.0, '_a5_': 1.0, '_a6_': 1.0, '_a7_': 1.0}};{'d0': 0.024905832919416667};-280.569866449044;34.67657819926444
13812;-105.608355025257;((((_a1_ + _a0_) * pow2((x + _a4_))) + -(_a1_)) * x);{'d0': {'_a0_': 4.823336966931947, '_a1_': -1.4465760896328128, '_a4_': 0.3119297077927945, '_a2_': 1.0, '_a3_': 1.0, '_a5_': 1.0, '_a6_': 1.0, '_a7_': 1.0}};{'d0': 0.024905832919416667};-280.569866449044;34.67657819926444
13813;-105.608355025257;((((_a1_ + _a0_) * pow2((x + _a4_))) + -(_a1_)) * x);{'d0': {'_a0_': 4.823336966931947, '_a1_': -1.4465760896328128, '_a4_': 0.3119297077927945, '_a2_': 1.0, '_a3_': 1.0, '_a5_': 1.0, '_a6_': 1.0, '_a7_': 1.0}};{'d0': 0.024905832919416667};-280.569866449044;34.67657819926444
13814;-105.608355025257;((((_a1_ + _a0_) * pow2((x + _a4_))) + -(_a1_)) * x);{'d0': {'_a0_': 4.823336966931947, '_a1_': -1.4465760896328128, '_a4_': 0.3119297077927945, '_a2_': 1.0, '_a3_': 1.0, '_a5_': 1.0, '_a6_': 1.0, '_a7_': 1.0}};{'d0': 0.024905832919416667};-280.569866449044;34.67657819926444
13815;-105.608355025257;((((_a1_ + _a0_) * pow2((x + _a4_))) + -(_a1_)) * x);{'d0': {'_a0_': 4.823336966931947, '_a1_': -1.4465760896328128, '_a4_': 0.3119297077927945, '_a2_': 1.0, '_a3_': 1.0, '_a5_': 1.0, '_a6_': 1.0, '_a7_': 1.0}};{'d0': 0.024905832919416667};-280.569866449044;34.67657819926444
13816;-105.608355025257;((((_a1_ + _a0_) * pow2((x + _a4_))) + -(_a1_)) * x);{'d0': {'_a0_': 4.823336966931947, '_a1_': -1.4465760896328128, '_a4_': 0.3119297077927945, '_a2_': 1.0, '_a3_': 1.0, '_a5_': 1.0, '_a6_': 1.0, '_a7_': 1.0}};{'d0': 0.024905832919416667};-280.569866449044;34.67657819926444
13817;-105.608355025257;((((_a1_ + _a0_) * pow2((x + _a4_))) + -(_a1_)) * x);{'d0': {'_a0_': 4.823336966931947, '_a1_': -1.4465760896328128, '_a4_': 0.3119297077927945, '_a2_': 1.0, '_a3_': 1.0, '_a5_': 1.0, '_a6_': 1.0, '_a7_': 1.0}};{'d0': 0.024905832919416667};-280.569866449044;34.67657819926444
13818;-105.608355025257;((((_a1_ + _a0_) * pow2((x + _a4_))) + -(_a1_)) * x);{'d0': {'_a0_': 4.823336966931947, '_a1_': -1.4465760896328128, '_a4_': 0.3119297077927945, '_a2_': 1.0, '_a3_': 1.0, '_a5_': 1.0, '_a6_': 1.0, '_a7_': 1.0}};{'d0': 0.024905832919416667};-280.569866449044;34.67657819926444
13819;-105.608355025257;((((_a1_ + _a0_) * pow2((x + _a4_))) + -(_a1_)) * x);{'d0': {'_a0_': 4.823336966931947, '_a1_': -1.4465760896328128, '_a4_': 0.3119297077927945, '_a2_': 1.0, '_a3_': 1.0, '_a5_': 1.0, '_a6_': 1.0, '_a7_': 1.0}};{'d0': 0.024905832919416667};-280.569866449044;34.67657819926444
13820;-105.608355025257;((((_a1_ + _a0_) * pow2((x + _a4_))) + -(_a1_)) * x);{'d0': {'_a0_': 4.823336966931947, '_a1_': -1.4465760896328128, '_a4_': 0.3119297077927945, '_a2_': 1.0, '_a3_': 1.0, '_a5_': 1.0, '_a6_': 1.0, '_a7_': 1.0}};{'d0': 0.024905832919416667};-280.569866449044;34.67657819926444
13821;-105.608355025257;((((_a1_ + _a0_) * pow2((x + _a4_))) + -(_a1_)) * x);{'d0': {'_a0_': 4.823336966931947, '_a1_': -1.4465760896328128, '_a4_': 0.3119297077927945, '_a2_': 1.0, '_a3_': 1.0, '_a5_': 1.0, '_a6_': 1.0, '_a7_': 1.0}};{'d0': 0.024905832919416667};-280.569866449044;34.67657819926444
13822;-105.608355025257;((((_a1_ + _a0_) * pow2((x + _a4_))) + -(_a1_)) * x);{'d0': {'_a0_': 4.823336966931947, '_a1_': -1.4465760896328128, '_a4_': 0.3119297077927945, '_a2_': 1.0, '_a3_': 1.0, '_a5_': 1.0, '_a6_': 1.0, '_a7_': 1.0}};{'d0': 0.024905832919416667};-280.569866449044;34.67657819926444
13823;-105.608355025257;((((_a1_ + _a0_) * pow2((x + _a4_))) + -(_a1_)) * x);{'d0': {'_a0_': 4.823336966931947, '_a1_': -1.4465760896328128, '_a4_': 0.3119297077927945, '_a2_': 1.0, '_a3_': 1.0, '_a5_': 1.0, '_a6_': 1.0, '_a7_': 1.0}};{'d0': 0.024905832919416667};-280.569866449044;34.67657819926444
13824;-105.608355025257;((((_a1_ + _a0_) * pow2((x + _a4_))) + -(_a1_)) * x);{'d0': {'_a0_': 4.823336966931947, '_a1_': -1.4465760896328128, '_a4_': 0.3119297077927945, '_a2_': 1.0, '_a3_': 1.0, '_a5_': 1.0, '_a6_': 1.0, '_a7_': 1.0}};{'d0': 0.024905832919416667};-280.569866449044;34.67657819926444
13825;-105.608355025257;((((_a1_ + _a0_) * pow2((x + _a4_))) + -(_a1_)) * x);{'d0': {'_a0_': 4.823336966931947, '_a1_': -1.4465760896328128, '_a4_': 0.3119297077927945, '_a2_': 1.0, '_a3_': 1.0, '_a5_': 1.0, '_a6_': 1.0, '_a7_': 1.0}};{'d0': 0.024905832919416667};-280.569866449044;34.67657819926444
13826;-105.608355025257;((((_a1_ + _a0_) * pow2((x + _a4_))) + -(_a1_)) * x);{'d0': {'_a0_': 4.823336966931947, '_a1_': -1.4465760896328128, '_a4_': 0.3119297077927945, '_a2_': 1.0, '_a3_': 1.0, '_a5_': 1.0, '_a6_': 1.0, '_a7_': 1.0}};{'d0': 0.024905832919416667};-280.569866449044;34.67657819926444
13827;-88.4206229061425;(_a2_ * (-(x) * (-((_a2_ + _a1_)) + pow2(((_a1_ + x) * (_a1_ * -(_a3_)))))));{'d0': {'_a1_': 0.31192970771802214, '_a2_': -1.3687719797699411, '_a3_': 5.035329122861447, '_a0_': 1.0, '_a4_': 1.0, '_a5_': 1.0, '_a6_': 1.0, '_a7_': 1.0}};{'d0': 0.024905832919416542};-280.569866449044;51.864310318379495
13828;-88.4206229061425;(_a2_ * (-(x) * (-((_a2_ + _a1_)) + pow2(((_a1_ + x) * (_a1_ * -(_a3_)))))));{'d0': {'_a1_': 0.31192970771802214, '_a2_': -1.3687719797699411, '_a3_': 5.035329122861447, '_a0_': 1.0, '_a4_': 1.0, '_a5_': 1.0, '_a6_': 1.0, '_a7_': 1.0}};{'d0': 0.024905832919416542};-280.569866449044;51.864310318379495
13829;-88.4206229061425;(_a2_ * (-(x) * (-((_a2_ + _a1_)) + pow2(((_a1_ + x) * (_a1_ * -(_a3_)))))));{'d0': {'_a1_': 0.31192970771802214, '_a2_': -1.3687719797699411, '_a3_': 5.035329122861447, '_a0_': 1.0, '_a4_': 1.0, '_a5_': 1.0, '_a6_': 1.0, '_a7_': 1.0}};{'d0': 0.024905832919416542};-280.569866449044;51.864310318379495
13830;-89.3195267433934;(_a2_ * (-(x) * (-((_a2_ * _a1_)) + pow2(((_a1_ + x) * (_a1_ * -(_a3_)))))));{'d0': {'_a1_': 0.3119297078689437, '_a2_': -2.1534870868358356, '_a3_': 4.014415117180876, '_a0_': 1.0, '_a4_': 1.0, '_a5_': 1.0, '_a6_': 1.0, '_a7_': 1.0}};{'d0': 0.024905832919416657};-280.569866449044;50.9654064811285
13831;-89.3195267433934;(_a2_ * (-(x) * (-((_a2_ * _a1_)) + pow2(((_a1_ + x) * (_a1_ * -(_a3_)))))));{'d0': {'_a1_': 0.3119297078689437, '_a2_': -2.1534870868358356, '_a3_': 4.014415117180876, '_a0_': 1.0, '_a4_': 1.0, '_a5_': 1.0, '_a6_': 1.0, '_a7_': 1.0}};{'d0': 0.024905832919416657};-280.569866449044;50.9654064811285
13832;-89.3025495870453;(_a2_ * (-(x) * (-((_a2_ * _a1_)) + pow2(((_a1_ + x) * (_a1_ * pow2(_a3_)))))));{'d0': {'_a1_': 0.3119297077315161, '_a2_': -2.1534870872114573, '_a3_': 2.0036005386072024, '_a0_': 1.0, '_a4_': 1.0, '_a5_': 1.0, '_a6_': 1.0, '_a7_': 1.0}};{'d0': 0.024905832919416677};-280.569866449043;50.982383637476545
13833;-89.3025495870453;(_a2_ * (-(x) * (-((_a2_ * _a1_)) + pow2(((_a1_ + x) * (_a1_ * pow2(_a3_)))))));{'d0': {'_a1_': 0.3119297077315161, '_a2_': -2.1534870872114573, '_a3_': 2.0036005386072024, '_a0_': 1.0, '_a4_': 1.0, '_a5_': 1.0, '_a6_': 1.0, '_a7_': 1.0}};{'d0': 0.024905832919416677};-280.569866449043;50.982383637476545
13834;-89.3025495870453;(_a2_ * (-(x) * (-((_a2_ * _a1_)) + pow2(((_a1_ + x) * (_a1_ * pow2(_a3_)))))));{'d0': {'_a1_': 0.3119297077315161, '_a2_': -2.1534870872114573, '_a3_': 2.0036005386072024, '_a0_': 1.0, '_a4_': 1.0, '_a5_': 1.0, '_a6_': 1.0, '_a7_': 1.0}};{'d0': 0.024905832919416677};-280.569866449043;50.982383637476545
13835;-89.3025495870453;(_a2_ * (-(x) * (-((_a2_ * _a1_)) + pow2(((_a1_ + x) * (_a1_ * pow2(_a3_)))))));{'d0': {'_a1_': 0.3119297077315161, '_a2_': -2.1534870872114573, '_a3_': 2.0036005386072024, '_a0_': 1.0, '_a4_': 1.0, '_a5_': 1.0, '_a6_': 1.0, '_a7_': 1.0}};{'d0': 0.024905832919416677};-280.569866449043;50.982383637476545
13836;-89.3025495870453;(_a2_ * (-(x) * (-((_a2_ * _a1_)) + pow2(((_a1_ + x) * (_a1_ * pow2(_a3_)))))));{'d0': {'_a1_': 0.3119297077315161, '_a2_': -2.1534870872114573, '_a3_': 2.0036005386072024, '_a0_': 1.0, '_a4_': 1.0, '_a5_': 1.0, '_a6_': 1.0, '_a7_': 1.0}};{'d0': 0.024905832919416677};-280.569866449043;50.982383637476545
13837;-89.3025495870453;(_a2_ * (-(x) * (-((_a2_ * _a1_)) + pow2(((_a1_ + x) * (_a1_ * pow2(_a3_)))))));{'d0': {'_a1_': 0.3119297077315161, '_a2_': -2.1534870872114573, '_a3_': 2.0036005386072024, '_a0_': 1.0, '_a4_': 1.0, '_a5_': 1.0, '_a6_': 1.0, '_a7_': 1.0}};{'d0': 0.024905832919416677};-280.569866449043;50.982383637476545
13838;-89.3025495870453;(_a2_ * (-(x) * (-((_a2_ * _a1_)) + pow2(((_a1_ + x) * (_a1_ * pow2(_a3_)))))));{'d0': {'_a1_': 0.3119297077315161, '_a2_': -2.1534870872114573, '_a3_': 2.0036005386072024, '_a0_': 1.0, '_a4_': 1.0, '_a5_': 1.0, '_a6_': 1.0, '_a7_': 1.0}};{'d0': 0.024905832919416677};-280.569866449043;50.982383637476545
13839;-94.3242467988244;(_a2_ * (-(x) * (-(_a2_) + pow2(((_a1_ + x) * (_a1_ * pow2(_a3_)))))));{'d0': {'_a1_': 0.31192970777372, '_a2_': -1.202736916048256, '_a3_': 2.3176830650283464, '_a0_': 1.0, '_a4_': 1.0, '_a5_': 1.0, '_a6_': 1.0, '_a7_': 1.0}};{'d0': 0.024905832919416646};-280.569866449044;45.960686425697546
13840;-94.3242467988244;(_a2_ * (-(x) * (-(_a2_) + pow2(((_a1_ + x) * (_a1_ * pow2(_a3_)))))));{'d0': {'_a1_': 0.31192970777372, '_a2_': -1.202736916048256, '_a3_': 2.3176830650283464, '_a0_': 1.0, '_a4_': 1.0, '_a5_': 1.0, '_a6_': 1.0, '_a7_': 1.0}};{'d0': 0.024905832919416646};-280.569866449044;45.960686425697546
13841;-94.3242467988244;(_a2_ * (-(x) * (-(_a2_) + pow2(((_a1_ + x) * (_a1_ * pow2(_a3_)))))));{'d0': {'_a1_': 0.31192970777372, '_a2_': -1.202736916048256, '_a3_': 2.3176830650283464, '_a0_': 1.0, '_a4_': 1.0, '_a5_': 1.0, '_a6_': 1.0, '_a7_': 1.0}};{'d0': 0.024905832919416646};-280.569866449044;45.960686425697546
13842;-94.3242467988244;(_a2_ * (-(x) * (-(_a2_) + pow2(((_a1_ + x) * (_a1_ * pow2(_a3_)))))));{'d0': {'_a1_': 0.31192970777372, '_a2_': -1.202736916048256, '_a3_': 2.3176830650283464, '_a0_': 1.0, '_a4_': 1.0, '_a5_': 1.0, '_a6_': 1.0, '_a7_': 1.0}};{'d0': 0.024905832919416646};-280.569866449044;45.960686425697546
13843;-94.3242467988244;(_a2_ * (-(x) * (-(_a2_) + pow2(((_a1_ + x) * (_a1_ * pow2(_a3_)))))));{'d0': {'_a1_': 0.31192970777372, '_a2_': -1.202736916048256, '_a3_': 2.3176830650283464, '_a0_': 1.0, '_a4_': 1.0, '_a5_': 1.0, '_a6_': 1.0, '_a7_': 1.0}};{'d0': 0.024905832919416646};-280.569866449044;45.960686425697546
13844;-94.3242467988244;(_a2_ * (-(x) * (-(_a2_) + pow2(((_a1_ + x) * (_a1_ * pow2(_a3_)))))));{'d0': {'_a1_': 0.31192970777372, '_a2_': -1.202736916048256, '_a3_': 2.3176830650283464, '_a0_': 1.0, '_a4_': 1.0, '_a5_': 1.0, '_a6_': 1.0, '_a7_': 1.0}};{'d0': 0.024905832919416646};-280.569866449044;45.960686425697546
13845;-94.3242467988244;(_a2_ * (-(x) * (-(_a2_) + pow2(((_a1_ + x) * (_a1_ * pow2(_a3_)))))));{'d0': {'_a1_': 0.31192970777372, '_a2_': -1.202736916048256, '_a3_': 2.3176830650283464, '_a0_': 1.0, '_a4_': 1.0, '_a5_': 1.0, '_a6_': 1.0, '_a7_': 1.0}};{'d0': 0.024905832919416646};-280.569866449044;45.960686425697546
13846;-94.3242467988244;(_a2_ * (-(x) * (-(_a2_) + pow2(((_a1_ + x) * (_a1_ * pow2(_a3_)))))));{'d0': {'_a1_': 0.31192970777372, '_a2_': -1.202736916048256, '_a3_': 2.3176830650283464, '_a0_': 1.0, '_a4_': 1.0, '_a5_': 1.0, '_a6_': 1.0, '_a7_': 1.0}};{'d0': 0.024905832919416646};-280.569866449044;45.960686425697546
13847;-94.3242467988244;(_a2_ * (-(x) * (-(_a2_) + pow2(((_a1_ + x) * (_a1_ * pow2(_a3_)))))));{'d0': {'_a1_': 0.31192970777372, '_a2_': -1.202736916048256, '_a3_': 2.3176830650283464, '_a0_': 1.0, '_a4_': 1.0, '_a5_': 1.0, '_a6_': 1.0, '_a7_': 1.0}};{'d0': 0.024905832919416646};-280.569866449044;45.960686425697546
13848;-94.3242467988244;(_a2_ * (-(x) * (-(_a2_) + pow2(((_a1_ + x) * (_a1_ * pow2(_a3_)))))));{'d0': {'_a1_': 0.31192970777372, '_a2_': -1.202736916048256, '_a3_': 2.3176830650283464, '_a0_': 1.0, '_a4_': 1.0, '_a5_': 1.0, '_a6_': 1.0, '_a7_': 1.0}};{'d0': 0.024905832919416646};-280.569866449044;45.960686425697546
13849;-105.728664307885;((((_a1_ / _a0_) * pow2((x + _a4_))) + -(_a0_)) * x);{'d0': {'_a0_': -1.44657608932177, '_a1_': -4.884741546041156, '_a4_': 0.31192970780604734, '_a2_': 1.0, '_a3_': 1.0, '_a5_': 1.0, '_a6_': 1.0, '_a7_': 1.0}};{'d0': 0.024905832919416625};-280.569866449044;34.55626891663684
13850;-105.728664307885;((((_a1_ / _a0_) * pow2((x + _a4_))) + -(_a0_)) * x);{'d0': {'_a0_': -1.44657608932177, '_a1_': -4.884741546041156, '_a4_': 0.31192970780604734, '_a2_': 1.0, '_a3_': 1.0, '_a5_': 1.0, '_a6_': 1.0, '_a7_': 1.0}};{'d0': 0.024905832919416625};-280.569866449044;34.55626891663684
13851;-105.728664307885;((((_a1_ / _a0_) * pow2((x + _a4_))) + -(_a0_)) * x);{'d0': {'_a0_': -1.44657608932177, '_a1_': -4.884741546041156, '_a4_': 0.31192970780604734, '_a2_': 1.0, '_a3_': 1.0, '_a5_': 1.0, '_a6_': 1.0, '_a7_': 1.0}};{'d0': 0.024905832919416625};-280.569866449044;34.55626891663684
13852;-105.728664307885;((((_a1_ / _a0_) * pow2((x + _a4_))) + -(_a0_)) * x);{'d0': {'_a0_': -1.44657608932177, '_a1_': -4.884741546041156, '_a4_': 0.31192970780604734, '_a2_': 1.0, '_a3_': 1.0, '_a5_': 1.0, '_a6_': 1.0, '_a7_': 1.0}};{'d0': 0.024905832919416625};-280.569866449044;34.55626891663684
13853;-105.728664307885;((((_a1_ / _a0_) * pow2((x + _a4_))) + -(_a0_)) * x);{'d0': {'_a0_': -1.44657608932177, '_a1_': -4.884741546041156, '_a4_': 0.31192970780604734, '_a2_': 1.0, '_a3_': 1.0, '_a5_': 1.0, '_a6_': 1.0, '_a7_': 1.0}};{'d0': 0.024905832919416625};-280.569866449044;34.55626891663684
13854;-105.728664307885;((((_a1_ / _a0_) * pow2((x + _a4_))) + -(_a0_)) * x);{'d0': {'_a0_': -1.44657608932177, '_a1_': -4.884741546041156, '_a4_': 0.31192970780604734, '_a2_': 1.0, '_a3_': 1.0, '_a5_': 1.0, '_a6_': 1.0, '_a7_': 1.0}};{'d0': 0.024905832919416625};-280.569866449044;34.55626891663684
13855;-105.728664307885;((((_a1_ / _a0_) * pow2((x + _a4_))) + -(_a0_)) * x);{'d0': {'_a0_': -1.44657608932177, '_a1_': -4.884741546041156, '_a4_': 0.31192970780604734, '_a2_': 1.0, '_a3_': 1.0, '_a5_': 1.0, '_a6_': 1.0, '_a7_': 1.0}};{'d0': 0.024905832919416625};-280.569866449044;34.55626891663684
13856;-105.728664307885;((((_a1_ / _a0_) * pow2((x + _a4_))) + -(_a0_)) * x);{'d0': {'_a0_': -1.44657608932177, '_a1_': -4.884741546041156, '_a4_': 0.31192970780604734, '_a2_': 1.0, '_a3_': 1.0, '_a5_': 1.0, '_a6_': 1.0, '_a7_': 1.0}};{'d0': 0.024905832919416625};-280.569866449044;34.55626891663684
13857;-105.728664307885;((((_a1_ / _a0_) * pow2((x + _a4_))) + -(_a0_)) * x);{'d0': {'_a0_': -1.44657608932177, '_a1_': -4.884741546041156, '_a4_': 0.31192970780604734, '_a2_': 1.0, '_a3_': 1.0, '_a5_': 1.0, '_a6_': 1.0, '_a7_': 1.0}};{'d0': 0.024905832919416625};-280.569866449044;34.55626891663684
13858;-105.728664307885;((((_a1_ / _a0_) * pow2((x + _a4_))) + -(_a0_)) * x);{'d0': {'_a0_': -1.44657608932177, '_a1_': -4.884741546041156, '_a4_': 0.31192970780604734, '_a2_': 1.0, '_a3_': 1.0, '_a5_': 1.0, '_a6_': 1.0, '_a7_': 1.0}};{'d0': 0.024905832919416625};-280.569866449044;34.55626891663684
13859;-105.728664307885;((((_a1_ / _a0_) * pow2((x + _a4_))) + -(_a0_)) * x);{'d0': {'_a0_': -1.44657608932177, '_a1_': -4.884741546041156, '_a4_': 0.31192970780604734, '_a2_': 1.0, '_a3_': 1.0, '_a5_': 1.0, '_a6_': 1.0, '_a7_': 1.0}};{'d0': 0.024905832919416625};-280.569866449044;34.55626891663684
13860;-105.728664307885;((((_a1_ / _a0_) * pow2((x + _a4_))) + -(_a0_)) * x);{'d0': {'_a0_': -1.44657608932177, '_a1_': -4.884741546041156, '_a4_': 0.31192970780604734, '_a2_': 1.0, '_a3_': 1.0, '_a5_': 1.0, '_a6_': 1.0, '_a7_': 1.0}};{'d0': 0.024905832919416625};-280.569866449044;34.55626891663684
13861;-105.728664307885;((((_a1_ / _a0_) * pow2((x + _a4_))) + -(_a0_)) * x);{'d0': {'_a0_': -1.44657608932177, '_a1_': -4.884741546041156, '_a4_': 0.31192970780604734, '_a2_': 1.0, '_a3_': 1.0, '_a5_': 1.0, '_a6_': 1.0, '_a7_': 1.0}};{'d0': 0.024905832919416625};-280.569866449044;34.55626891663684
13862;-105.728664307885;((((_a1_ / _a0_) * pow2((x + _a4_))) + -(_a0_)) * x);{'d0': {'_a0_': -1.44657608932177, '_a1_': -4.884741546041156, '_a4_': 0.31192970780604734, '_a2_': 1.0, '_a3_': 1.0, '_a5_': 1.0, '_a6_': 1.0, '_a7_': 1.0}};{'d0': 0.024905832919416625};-280.569866449044;34.55626891663684
13863;-105.728664307885;((((_a1_ / _a0_) * pow2((x + _a4_))) + -(_a0_)) * x);{'d0': {'_a0_': -1.44657608932177, '_a1_': -4.884741546041156, '_a4_': 0.31192970780604734, '_a2_': 1.0, '_a3_': 1.0, '_a5_': 1.0, '_a6_': 1.0, '_a7_': 1.0}};{'d0': 0.024905832919416625};-280.569866449044;34.55626891663684
13864;-105.728664307885;((((_a1_ / _a0_) * pow2((x + _a4_))) + -(_a0_)) * x);{'d0': {'_a0_': -1.44657608932177, '_a1_': -4.884741546041156, '_a4_': 0.31192970780604734, '_a2_': 1.0, '_a3_': 1.0, '_a5_': 1.0, '_a6_': 1.0, '_a7_': 1.0}};{'d0': 0.024905832919416625};-280.569866449044;34.55626891663684
13865;-105.728664307885;((((_a1_ / _a0_) * pow2((x + _a4_))) + -(_a0_)) * x);{'d0': {'_a0_': -1.44657608932177, '_a1_': -4.884741546041156, '_a4_': 0.31192970780604734, '_a2_': 1.0, '_a3_': 1.0, '_a5_': 1.0, '_a6_': 1.0, '_a7_': 1.0}};{'d0': 0.024905832919416625};-280.569866449044;34.55626891663684
13866;-105.728664307885;((((_a1_ / _a0_) * pow2((x + _a4_))) + -(_a1_)) * x);{'d0': {'_a0_': -0.42839162748856036, '_a1_': -1.4465760888060224, '_a4_': 0.31192970772660034, '_a2_': 1.0, '_a3_': 1.0, '_a5_': 1.0, '_a6_': 1.0, '_a7_': 1.0}};{'d0': 0.024905832919416594};-280.569866449044;34.55626891663684
13867;-105.728664307885;((((_a1_ / _a0_) * pow2((x + _a4_))) + -(_a1_)) * x);{'d0': {'_a0_': -0.42839162748856036, '_a1_': -1.4465760888060224, '_a4_': 0.31192970772660034, '_a2_': 1.0, '_a3_': 1.0, '_a5_': 1.0, '_a6_': 1.0, '_a7_': 1.0}};{'d0': 0.024905832919416594};-280.569866449044;34.55626891663684
13868;-105.728664307885;((((_a1_ / _a0_) * pow2((x + _a4_))) + -(_a1_)) * x);{'d0': {'_a0_': -0.42839162748856036, '_a1_': -1.4465760888060224, '_a4_': 0.31192970772660034, '_a2_': 1.0, '_a3_': 1.0, '_a5_': 1.0, '_a6_': 1.0, '_a7_': 1.0}};{'d0': 0.024905832919416594};-280.569866449044;34.55626891663684
13869;-105.728664307885;((((_a1_ / _a0_) * pow2((x + _a4_))) + -(_a1_)) * x);{'d0': {'_a0_': -0.42839162748856036, '_a1_': -1.4465760888060224, '_a4_': 0.31192970772660034, '_a2_': 1.0, '_a3_': 1.0, '_a5_': 1.0, '_a6_': 1.0, '_a7_': 1.0}};{'d0': 0.024905832919416594};-280.569866449044;34.55626891663684
13870;-105.728664307885;((((_a1_ / _a0_) * pow2((x + _a4_))) + -(_a1_)) * x);{'d0': {'_a0_': -0.42839162748856036, '_a1_': -1.4465760888060224, '_a4_': 0.31192970772660034, '_a2_': 1.0, '_a3_': 1.0, '_a5_': 1.0, '_a6_': 1.0, '_a7_': 1.0}};{'d0': 0.024905832919416594};-280.569866449044;34.55626891663684
13871;-105.728664307885;((((_a1_ / _a0_) * pow2((x + _a4_))) + -(_a1_)) * x);{'d0': {'_a0_': -0.42839162748856036, '_a1_': -1.4465760888060224, '_a4_': 0.31192970772660034, '_a2_': 1.0, '_a3_': 1.0, '_a5_': 1.0, '_a6_': 1.0, '_a7_': 1.0}};{'d0': 0.024905832919416594};-280.569866449044;34.55626891663684
13872;-105.728664307885;((((_a1_ / _a0_) * pow2((x + _a4_))) + -(_a1_)) * x);{'d0': {'_a0_': -0.42839162748856036, '_a1_': -1.4465760888060224, '_a4_': 0.31192970772660034, '_a2_': 1.0, '_a3_': 1.0, '_a5_': 1.0, '_a6_': 1.0, '_a7_': 1.0}};{'d0': 0.024905832919416594};-280.569866449044;34.55626891663684
13873;-105.728664307885;((((_a1_ / _a0_) * pow2((x + _a4_))) + -(_a1_)) * x);{'d0': {'_a0_': -0.42839162748856036, '_a1_': -1.4465760888060224, '_a4_': 0.31192970772660034, '_a2_': 1.0, '_a3_': 1.0, '_a5_': 1.0, '_a6_': 1.0, '_a7_': 1.0}};{'d0': 0.024905832919416594};-280.569866449044;34.55626891663684
13874;-105.728664307885;((((_a1_ / _a0_) * pow2((x + _a4_))) + -(_a1_)) * x);{'d0': {'_a0_': -0.42839162748856036, '_a1_': -1.4465760888060224, '_a4_': 0.31192970772660034, '_a2_': 1.0, '_a3_': 1.0, '_a5_': 1.0, '_a6_': 1.0, '_a7_': 1.0}};{'d0': 0.024905832919416594};-280.569866449044;34.55626891663684
13875;-105.728664307885;((((_a1_ / _a0_) * pow2((x + _a4_))) + -(_a1_)) * x);{'d0': {'_a0_': -0.42839162748856036, '_a1_': -1.4465760888060224, '_a4_': 0.31192970772660034, '_a2_': 1.0, '_a3_': 1.0, '_a5_': 1.0, '_a6_': 1.0, '_a7_': 1.0}};{'d0': 0.024905832919416594};-280.569866449044;34.55626891663684
13876;-105.728664307885;((((_a1_ / _a0_) * pow2((x + _a4_))) + -(_a1_)) * x);{'d0': {'_a0_': -0.42839162748856036, '_a1_': -1.4465760888060224, '_a4_': 0.31192970772660034, '_a2_': 1.0, '_a3_': 1.0, '_a5_': 1.0, '_a6_': 1.0, '_a7_': 1.0}};{'d0': 0.024905832919416594};-280.569866449044;34.55626891663684
13877;-105.728664307885;((((_a1_ / _a0_) * pow2((x + _a4_))) + -(_a1_)) * x);{'d0': {'_a0_': -0.42839162748856036, '_a1_': -1.4465760888060224, '_a4_': 0.31192970772660034, '_a2_': 1.0, '_a3_': 1.0, '_a5_': 1.0, '_a6_': 1.0, '_a7_': 1.0}};{'d0': 0.024905832919416594};-280.569866449044;34.55626891663684
13878;-105.728664307885;((((_a1_ / _a0_) * pow2((x + _a4_))) + -(_a1_)) * x);{'d0': {'_a0_': -0.42839162748856036, '_a1_': -1.4465760888060224, '_a4_': 0.31192970772660034, '_a2_': 1.0, '_a3_': 1.0, '_a5_': 1.0, '_a6_': 1.0, '_a7_': 1.0}};{'d0': 0.024905832919416594};-280.569866449044;34.55626891663684
13879;-105.728664307885;((((_a1_ / _a0_) * pow2((x + _a4_))) + -(_a1_)) * x);{'d0': {'_a0_': -0.42839162748856036, '_a1_': -1.4465760888060224, '_a4_': 0.31192970772660034, '_a2_': 1.0, '_a3_': 1.0, '_a5_': 1.0, '_a6_': 1.0, '_a7_': 1.0}};{'d0': 0.024905832919416594};-280.569866449044;34.55626891663684
13880;-105.728664307885;((((_a1_ / _a0_) * pow2((x + _a4_))) + -(_a1_)) * x);{'d0': {'_a0_': -0.42839162748856036, '_a1_': -1.4465760888060224, '_a4_': 0.31192970772660034, '_a2_': 1.0, '_a3_': 1.0, '_a5_': 1.0, '_a6_': 1.0, '_a7_': 1.0}};{'d0': 0.024905832919416594};-280.569866449044;34.55626891663684
13881;-105.728664307885;((((_a1_ / _a0_) * pow2((x + _a4_))) + -(_a1_)) * x);{'d0': {'_a0_': -0.42839162748856036, '_a1_': -1.4465760888060224, '_a4_': 0.31192970772660034, '_a2_': 1.0, '_a3_': 1.0, '_a5_': 1.0, '_a6_': 1.0, '_a7_': 1.0}};{'d0': 0.024905832919416594};-280.569866449044;34.55626891663684
13882;-105.728664307885;((((_a1_ / _a0_) * pow2((x + _a4_))) + -(_a1_)) * x);{'d0': {'_a0_': -0.42839162748856036, '_a1_': -1.4465760888060224, '_a4_': 0.31192970772660034, '_a2_': 1.0, '_a3_': 1.0, '_a5_': 1.0, '_a6_': 1.0, '_a7_': 1.0}};{'d0': 0.024905832919416594};-280.569866449044;34.55626891663684
13883;-105.728664307885;((((_a1_ / _a0_) * pow2((x + _a4_))) + -(_a1_)) * x);{'d0': {'_a0_': -0.42839162748856036, '_a1_': -1.4465760888060224, '_a4_': 0.31192970772660034, '_a2_': 1.0, '_a3_': 1.0, '_a5_': 1.0, '_a6_': 1.0, '_a7_': 1.0}};{'d0': 0.024905832919416594};-280.569866449044;34.55626891663684
13884;-105.728664307885;((((_a1_ / _a0_) * pow2((x + _a4_))) + -(_a1_)) * x);{'d0': {'_a0_': -0.42839162748856036, '_a1_': -1.4465760888060224, '_a4_': 0.31192970772660034, '_a2_': 1.0, '_a3_': 1.0, '_a5_': 1.0, '_a6_': 1.0, '_a7_': 1.0}};{'d0': 0.024905832919416594};-280.569866449044;34.55626891663684
13885;-105.728664307885;((((_a1_ / _a0_) * pow2((x + _a4_))) + -(_a1_)) * x);{'d0': {'_a0_': -0.42839162748856036, '_a1_': -1.4465760888060224, '_a4_': 0.31192970772660034, '_a2_': 1.0, '_a3_': 1.0, '_a5_': 1.0, '_a6_': 1.0, '_a7_': 1.0}};{'d0': 0.024905832919416594};-280.569866449044;34.55626891663684
13886;-108.545354888448;(((pow2((x + _a5_)) * (_a1_ ** _a7_)) + _a7_) * x);{'d0': {'_a1_': 2.3192398682078985, '_a5_': 0.3119297077290171, '_a7_': 1.4465760891639134, '_a0_': 1.0, '_a2_': 1.0, '_a3_': 1.0, '_a4_': 1.0, '_a6_': 1.0}};{'d0': 0.024905832919416577};-280.569866449044;31.739578336073965
13887;-108.545354888448;(((pow2((x + _a5_)) * (_a1_ ** _a7_)) + _a7_) * x);{'d0': {'_a1_': 2.3192398682078985, '_a5_': 0.3119297077290171, '_a7_': 1.4465760891639134, '_a0_': 1.0, '_a2_': 1.0, '_a3_': 1.0, '_a4_': 1.0, '_a6_': 1.0}};{'d0': 0.024905832919416577};-280.569866449044;31.739578336073965
13888;-108.545354888448;(((pow2((x + _a5_)) * (_a1_ ** _a7_)) + _a7_) * x);{'d0': {'_a1_': 2.3192398682078985, '_a5_': 0.3119297077290171, '_a7_': 1.4465760891639134, '_a0_': 1.0, '_a2_': 1.0, '_a3_': 1.0, '_a4_': 1.0, '_a6_': 1.0}};{'d0': 0.024905832919416577};-280.569866449044;31.739578336073965
13889;-108.545354888448;(((pow2((x + _a5_)) * (_a1_ ** _a7_)) + _a7_) * x);{'d0': {'_a1_': 2.3192398682078985, '_a5_': 0.3119297077290171, '_a7_': 1.4465760891639134, '_a0_': 1.0, '_a2_': 1.0, '_a3_': 1.0, '_a4_': 1.0, '_a6_': 1.0}};{'d0': 0.024905832919416577};-280.569866449044;31.739578336073965
13890;-108.545354888448;(((pow2((x + _a5_)) * (_a1_ ** _a7_)) + _a7_) * x);{'d0': {'_a1_': 2.3192398682078985, '_a5_': 0.3119297077290171, '_a7_': 1.4465760891639134, '_a0_': 1.0, '_a2_': 1.0, '_a3_': 1.0, '_a4_': 1.0, '_a6_': 1.0}};{'d0': 0.024905832919416577};-280.569866449044;31.739578336073965
13891;-108.545354888448;(((pow2((x + _a5_)) * (_a1_ ** _a7_)) + _a7_) * x);{'d0': {'_a1_': 2.3192398682078985, '_a5_': 0.3119297077290171, '_a7_': 1.4465760891639134, '_a0_': 1.0, '_a2_': 1.0, '_a3_': 1.0, '_a4_': 1.0, '_a6_': 1.0}};{'d0': 0.024905832919416577};-280.569866449044;31.739578336073965
13892;-105.728664307885;((((_a1_ / _a0_) * pow2((x + _a4_))) + -(_a1_)) * x);{'d0': {'_a0_': -0.42839162748856036, '_a1_': -1.4465760888060224, '_a4_': 0.31192970772660034, '_a2_': 1.0, '_a3_': 1.0, '_a5_': 1.0, '_a6_': 1.0, '_a7_': 1.0}};{'d0': 0.024905832919416594};-280.569866449044;34.55626891663684
13893;-105.728664307885;((((_a1_ / _a0_) * pow2((x + _a4_))) + -(_a1_)) * x);{'d0': {'_a0_': -0.42839162748856036, '_a1_': -1.4465760888060224, '_a4_': 0.31192970772660034, '_a2_': 1.0, '_a3_': 1.0, '_a5_': 1.0, '_a6_': 1.0, '_a7_': 1.0}};{'d0': 0.024905832919416594};-280.569866449044;34.55626891663684
13894;-105.728664307885;((((_a1_ / _a0_) * pow2((x + _a4_))) + -(_a1_)) * x);{'d0': {'_a0_': -0.42839162748856036, '_a1_': -1.4465760888060224, '_a4_': 0.31192970772660034, '_a2_': 1.0, '_a3_': 1.0, '_a5_': 1.0, '_a6_': 1.0, '_a7_': 1.0}};{'d0': 0.024905832919416594};-280.569866449044;34.55626891663684
13895;-105.728664307885;((((_a1_ / _a0_) * pow2((x + _a4_))) + -(_a1_)) * x);{'d0': {'_a0_': -0.42839162748856036, '_a1_': -1.4465760888060224, '_a4_': 0.31192970772660034, '_a2_': 1.0, '_a3_': 1.0, '_a5_': 1.0, '_a6_': 1.0, '_a7_': 1.0}};{'d0': 0.024905832919416594};-280.569866449044;34.55626891663684
13896;-105.728664307885;((((_a1_ / _a0_) * pow2((x + _a4_))) + -(_a1_)) * x);{'d0': {'_a0_': -0.42839162748856036, '_a1_': -1.4465760888060224, '_a4_': 0.31192970772660034, '_a2_': 1.0, '_a3_': 1.0, '_a5_': 1.0, '_a6_': 1.0, '_a7_': 1.0}};{'d0': 0.024905832919416594};-280.569866449044;34.55626891663684
13897;-105.728664307885;((((_a1_ / _a0_) * pow2((x + _a4_))) + -(_a1_)) * x);{'d0': {'_a0_': -0.42839162748856036, '_a1_': -1.4465760888060224, '_a4_': 0.31192970772660034, '_a2_': 1.0, '_a3_': 1.0, '_a5_': 1.0, '_a6_': 1.0, '_a7_': 1.0}};{'d0': 0.024905832919416594};-280.569866449044;34.55626891663684
13898;-105.728664307885;((((_a1_ / _a0_) * pow2((x + _a4_))) + -(_a1_)) * x);{'d0': {'_a0_': -0.42839162748856036, '_a1_': -1.4465760888060224, '_a4_': 0.31192970772660034, '_a2_': 1.0, '_a3_': 1.0, '_a5_': 1.0, '_a6_': 1.0, '_a7_': 1.0}};{'d0': 0.024905832919416594};-280.569866449044;34.55626891663684
13899;-105.728664307885;((((_a1_ / _a0_) * pow2((x + _a4_))) + -(_a1_)) * x);{'d0': {'_a0_': -0.42839162748856036, '_a1_': -1.4465760888060224, '_a4_': 0.31192970772660034, '_a2_': 1.0, '_a3_': 1.0, '_a5_': 1.0, '_a6_': 1.0, '_a7_': 1.0}};{'d0': 0.024905832919416594};-280.569866449044;34.55626891663684
13900;-105.728664307885;((((_a1_ / _a0_) * pow2((x + _a4_))) + -(_a1_)) * x);{'d0': {'_a0_': -0.42839162748856036, '_a1_': -1.4465760888060224, '_a4_': 0.31192970772660034, '_a2_': 1.0, '_a3_': 1.0, '_a5_': 1.0, '_a6_': 1.0, '_a7_': 1.0}};{'d0': 0.024905832919416594};-280.569866449044;34.55626891663684
13901;-105.728664307885;((((_a1_ / _a0_) * pow2((x + _a4_))) + -(_a1_)) * x);{'d0': {'_a0_': -0.42839162748856036, '_a1_': -1.4465760888060224, '_a4_': 0.31192970772660034, '_a2_': 1.0, '_a3_': 1.0, '_a5_': 1.0, '_a6_': 1.0, '_a7_': 1.0}};{'d0': 0.024905832919416594};-280.569866449044;34.55626891663684
13902;-105.728664307885;((((_a1_ / _a0_) * pow2((x + _a4_))) + -(_a1_)) * x);{'d0': {'_a0_': -0.42839162748856036, '_a1_': -1.4465760888060224, '_a4_': 0.31192970772660034, '_a2_': 1.0, '_a3_': 1.0, '_a5_': 1.0, '_a6_': 1.0, '_a7_': 1.0}};{'d0': 0.024905832919416594};-280.569866449044;34.55626891663684
13903;-105.728664307885;((((_a1_ / _a0_) * pow2((x + _a4_))) + -(_a1_)) * x);{'d0': {'_a0_': -0.42839162748856036, '_a1_': -1.4465760888060224, '_a4_': 0.31192970772660034, '_a2_': 1.0, '_a3_': 1.0, '_a5_': 1.0, '_a6_': 1.0, '_a7_': 1.0}};{'d0': 0.024905832919416594};-280.569866449044;34.55626891663684
13904;-102.971521196891;(_a2_ * (-(x) * (-(_a2_) + pow2(((_a1_ + x) * _a3_)))));{'d0': {'_a1_': 0.3119297077149566, '_a2_': -1.2027369160252852, '_a3_': 1.6755787088269156, '_a0_': 1.0, '_a4_': 1.0, '_a5_': 1.0, '_a6_': 1.0, '_a7_': 1.0}};{'d0': 0.02490583291941659};-280.569866449044;37.31341202763055
13905;-102.971521196891;(_a2_ * (-(x) * (-(_a2_) + pow2(((_a1_ + x) * _a3_)))));{'d0': {'_a1_': 0.3119297077149566, '_a2_': -1.2027369160252852, '_a3_': 1.6755787088269156, '_a0_': 1.0, '_a4_': 1.0, '_a5_': 1.0, '_a6_': 1.0, '_a7_': 1.0}};{'d0': 0.02490583291941659};-280.569866449044;37.31341202763055
13906;-102.971521196891;(_a2_ * (-(x) * (-(_a2_) + pow2(((_a1_ + x) * _a3_)))));{'d0': {'_a1_': 0.3119297077149566, '_a2_': -1.2027369160252852, '_a3_': 1.6755787088269156, '_a0_': 1.0, '_a4_': 1.0, '_a5_': 1.0, '_a6_': 1.0, '_a7_': 1.0}};{'d0': 0.02490583291941659};-280.569866449044;37.31341202763055
13907;-102.971521196891;(_a2_ * (-(x) * (-(_a2_) + pow2(((_a1_ + x) * _a3_)))));{'d0': {'_a1_': 0.3119297077149566, '_a2_': -1.2027369160252852, '_a3_': 1.6755787088269156, '_a0_': 1.0, '_a4_': 1.0, '_a5_': 1.0, '_a6_': 1.0, '_a7_': 1.0}};{'d0': 0.02490583291941659};-280.569866449044;37.31341202763055
13908;-102.971521196891;(_a2_ * (-(x) * (-(_a2_) + pow2(((_a1_ + x) * _a3_)))));{'d0': {'_a1_': 0.3119297077149566, '_a2_': -1.2027369160252852, '_a3_': 1.6755787088269156, '_a0_': 1.0, '_a4_': 1.0, '_a5_': 1.0, '_a6_': 1.0, '_a7_': 1.0}};{'d0': 0.02490583291941659};-280.569866449044;37.31341202763055
13909;-102.971521196891;(_a2_ * (-(x) * (-(_a2_) + pow2(((_a1_ + x) * _a3_)))));{'d0': {'_a1_': 0.3119297077149566, '_a2_': -1.2027369160252852, '_a3_': 1.6755787088269156, '_a0_': 1.0, '_a4_': 1.0, '_a5_': 1.0, '_a6_': 1.0, '_a7_': 1.0}};{'d0': 0.02490583291941659};-280.569866449044;37.31341202763055
13910;-102.971521196891;(_a2_ * (-(x) * (-(_a2_) + pow2(((_a1_ + x) * _a3_)))));{'d0': {'_a1_': 0.3119297077149566, '_a2_': -1.2027369160252852, '_a3_': 1.6755787088269156, '_a0_': 1.0, '_a4_': 1.0, '_a5_': 1.0, '_a6_': 1.0, '_a7_': 1.0}};{'d0': 0.02490583291941659};-280.569866449044;37.31341202763055
13911;-102.971521196891;(_a2_ * (-(x) * (-(_a2_) + pow2(((_a1_ + x) * _a3_)))));{'d0': {'_a1_': 0.3119297077149566, '_a2_': -1.2027369160252852, '_a3_': 1.6755787088269156, '_a0_': 1.0, '_a4_': 1.0, '_a5_': 1.0, '_a6_': 1.0, '_a7_': 1.0}};{'d0': 0.02490583291941659};-280.569866449044;37.31341202763055
13912;-102.971521196891;(_a2_ * (-(x) * (-(x) + pow2(((_a1_ + x) * _a3_)))));{'d0': {'_a1_': 0.7250460472306528, '_a2_': -2.7899901856013627, '_a3_': 1.10014217979125, '_a0_': 1.0, '_a4_': 1.0, '_a5_': 1.0, '_a6_': 1.0, '_a7_': 1.0}};{'d0': 0.02490583291941663};-280.569866449044;37.31341202763055
13913;-102.971521196891;(_a2_ * (-(x) * (-(x) + pow2(((_a1_ + x) * _a3_)))));{'d0': {'_a1_': 0.7250460472306528, '_a2_': -2.7899901856013627, '_a3_': 1.10014217979125, '_a0_': 1.0, '_a4_': 1.0, '_a5_': 1.0, '_a6_': 1.0, '_a7_': 1.0}};{'d0': 0.02490583291941663};-280.569866449044;37.31341202763055
13914;-102.971521196891;(_a2_ * (-(x) * (-(x) + pow2(((_a1_ + x) * _a3_)))));{'d0': {'_a1_': 0.7250460472306528, '_a2_': -2.7899901856013627, '_a3_': 1.10014217979125, '_a0_': 1.0, '_a4_': 1.0, '_a5_': 1.0, '_a6_': 1.0, '_a7_': 1.0}};{'d0': 0.02490583291941663};-280.569866449044;37.31341202763055
13915;-102.971521196891;(_a2_ * (-(x) * (-(x) + pow2(((_a1_ + x) * _a3_)))));{'d0': {'_a1_': 0.7250460472306528, '_a2_': -2.7899901856013627, '_a3_': 1.10014217979125, '_a0_': 1.0, '_a4_': 1.0, '_a5_': 1.0, '_a6_': 1.0, '_a7_': 1.0}};{'d0': 0.02490583291941663};-280.569866449044;37.31341202763055
13916;-102.971521196891;(_a2_ * (-(x) * (-(x) + pow2(((_a1_ + x) * _a3_)))));{'d0': {'_a1_': 0.7250460472306528, '_a2_': -2.7899901856013627, '_a3_': 1.10014217979125, '_a0_': 1.0, '_a4_': 1.0, '_a5_': 1.0, '_a6_': 1.0, '_a7_': 1.0}};{'d0': 0.02490583291941663};-280.569866449044;37.31341202763055
13917;-102.971521196891;(_a2_ * (-(x) * (-(x) + pow2(((_a1_ + x) * _a3_)))));{'d0': {'_a1_': 0.7250460472306528, '_a2_': -2.7899901856013627, '_a3_': 1.10014217979125, '_a0_': 1.0, '_a4_': 1.0, '_a5_': 1.0, '_a6_': 1.0, '_a7_': 1.0}};{'d0': 0.02490583291941663};-280.569866449044;37.31341202763055
13918;-102.971521196891;(_a2_ * (-(x) * (-(x) + pow2(((_a1_ + x) * _a3_)))));{'d0': {'_a1_': 0.7250460472306528, '_a2_': -2.7899901856013627, '_a3_': 1.10014217979125, '_a0_': 1.0, '_a4_': 1.0, '_a5_': 1.0, '_a6_': 1.0, '_a7_': 1.0}};{'d0': 0.02490583291941663};-280.569866449044;37.31341202763055
13919;-102.971521196891;(_a2_ * (-(x) * (-(x) + pow2(((_a1_ + x) * _a3_)))));{'d0': {'_a1_': 0.7250460472306528, '_a2_': -2.7899901856013627, '_a3_': 1.10014217979125, '_a0_': 1.0, '_a4_': 1.0, '_a5_': 1.0, '_a6_': 1.0, '_a7_': 1.0}};{'d0': 0.02490583291941663};-280.569866449044;37.31341202763055
13920;-102.971521196891;(_a2_ * (-(x) * (-(x) + pow2(((_a1_ + x) * _a3_)))));{'d0': {'_a1_': 0.7250460472306528, '_a2_': -2.7899901856013627, '_a3_': 1.10014217979125, '_a0_': 1.0, '_a4_': 1.0, '_a5_': 1.0, '_a6_': 1.0, '_a7_': 1.0}};{'d0': 0.02490583291941663};-280.569866449044;37.31341202763055
13921;-102.971521196891;(_a2_ * (-(x) * (-(x) + pow2(((_a1_ + x) * _a3_)))));{'d0': {'_a1_': 0.7250460472306528, '_a2_': -2.7899901856013627, '_a3_': 1.10014217979125, '_a0_': 1.0, '_a4_': 1.0, '_a5_': 1.0, '_a6_': 1.0, '_a7_': 1.0}};{'d0': 0.02490583291941663};-280.569866449044;37.31341202763055
13922;-102.971521196891;(_a2_ * (-(x) * (-(x) + pow2(((_a1_ + x) * _a3_)))));{'d0': {'_a1_': 0.7250460472306528, '_a2_': -2.7899901856013627, '_a3_': 1.10014217979125, '_a0_': 1.0, '_a4_': 1.0, '_a5_': 1.0, '_a6_': 1.0, '_a7_': 1.0}};{'d0': 0.02490583291941663};-280.569866449044;37.31341202763055
13923;-102.971521196891;(_a2_ * (-(x) * (-(x) + pow2(((_a1_ + x) * _a3_)))));{'d0': {'_a1_': 0.7250460472306528, '_a2_': -2.7899901856013627, '_a3_': 1.10014217979125, '_a0_': 1.0, '_a4_': 1.0, '_a5_': 1.0, '_a6_': 1.0, '_a7_': 1.0}};{'d0': 0.02490583291941663};-280.569866449044;37.31341202763055
13924;-102.971521196891;(_a2_ * (-(x) * (-(_a2_) + pow2(((_a1_ + x) * _a3_)))));{'d0': {'_a1_': 0.3119297077149566, '_a2_': -1.2027369160252852, '_a3_': 1.6755787088269156, '_a0_': 1.0, '_a4_': 1.0, '_a5_': 1.0, '_a6_': 1.0, '_a7_': 1.0}};{'d0': 0.02490583291941659};-280.569866449044;37.31341202763055
13925;-102.971521196891;(_a2_ * (-(x) * (-(_a2_) + pow2(((_a1_ + x) * _a3_)))));{'d0': {'_a1_': 0.3119297077149566, '_a2_': -1.2027369160252852, '_a3_': 1.6755787088269156, '_a0_': 1.0, '_a4_': 1.0, '_a5_': 1.0, '_a6_': 1.0, '_a7_': 1.0}};{'d0': 0.02490583291941659};-280.569866449044;37.31341202763055
13926;-102.971521196891;(_a2_ * (-(x) * (-(_a2_) + pow2(((_a1_ + x) * _a3_)))));{'d0': {'_a1_': 0.3119297077149566, '_a2_': -1.2027369160252852, '_a3_': 1.6755787088269156, '_a0_': 1.0, '_a4_': 1.0, '_a5_': 1.0, '_a6_': 1.0, '_a7_': 1.0}};{'d0': 0.02490583291941659};-280.569866449044;37.31341202763055
13927;-97.2433915994465;(-(_a0_) * (-(x) * (-(_a2_) + pow2(((_a1_ + x) * _a3_)))));{'d0': {'_a0_': 1.0038992263614541, '_a1_': 0.31192970773259915, '_a2_': -1.4409574283151334, '_a3_': 1.8340243155640197, '_a4_': 1.0, '_a5_': 1.0, '_a6_': 1.0, '_a7_': 1.0}};{'d0': 0.02490583291947626};-276.475521886678;40.9943693438925
13928;-97.2433915994465;(-(_a0_) * (-(x) * (-(_a2_) + pow2(((_a1_ + x) * _a3_)))));{'d0': {'_a0_': 1.0038992263614541, '_a1_': 0.31192970773259915, '_a2_': -1.4409574283151334, '_a3_': 1.8340243155640197, '_a4_': 1.0, '_a5_': 1.0, '_a6_': 1.0, '_a7_': 1.0}};{'d0': 0.02490583291947626};-276.475521886678;40.9943693438925
13929;-97.2433915994465;(-(_a0_) * (-(x) * (-(_a2_) + pow2(((_a1_ + x) * _a3_)))));{'d0': {'_a0_': 1.0038992263614541, '_a1_': 0.31192970773259915, '_a2_': -1.4409574283151334, '_a3_': 1.8340243155640197, '_a4_': 1.0, '_a5_': 1.0, '_a6_': 1.0, '_a7_': 1.0}};{'d0': 0.02490583291947626};-276.475521886678;40.9943693438925
13930;-97.2433915994465;(-(_a0_) * (-(x) * (-(_a2_) + pow2(((_a1_ + x) * _a3_)))));{'d0': {'_a0_': 1.0038992263614541, '_a1_': 0.31192970773259915, '_a2_': -1.4409574283151334, '_a3_': 1.8340243155640197, '_a4_': 1.0, '_a5_': 1.0, '_a6_': 1.0, '_a7_': 1.0}};{'d0': 0.02490583291947626};-276.475521886678;40.9943693438925
13931;-97.2433915994465;(-(_a0_) * (-(x) * (-(_a2_) + pow2(((_a1_ + x) * _a3_)))));{'d0': {'_a0_': 1.0038992263614541, '_a1_': 0.31192970773259915, '_a2_': -1.4409574283151334, '_a3_': 1.8340243155640197, '_a4_': 1.0, '_a5_': 1.0, '_a6_': 1.0, '_a7_': 1.0}};{'d0': 0.02490583291947626};-276.475521886678;40.9943693438925
13932;-97.2433915994465;(-(_a0_) * (-(x) * (-(_a2_) + pow2(((_a1_ + x) * _a3_)))));{'d0': {'_a0_': 1.0038992263614541, '_a1_': 0.31192970773259915, '_a2_': -1.4409574283151334, '_a3_': 1.8340243155640197, '_a4_': 1.0, '_a5_': 1.0, '_a6_': 1.0, '_a7_': 1.0}};{'d0': 0.02490583291947626};-276.475521886678;40.9943693438925
13933;-97.2433915994465;(-(_a0_) * (-(x) * (-(_a2_) + pow2(((_a1_ + x) * _a3_)))));{'d0': {'_a0_': 1.0038992263614541, '_a1_': 0.31192970773259915, '_a2_': -1.4409574283151334, '_a3_': 1.8340243155640197, '_a4_': 1.0, '_a5_': 1.0, '_a6_': 1.0, '_a7_': 1.0}};{'d0': 0.02490583291947626};-276.475521886678;40.9943693438925
13934;-97.2433915994465;(-(_a0_) * (-(x) * (-(_a2_) + pow2(((_a1_ + x) * _a3_)))));{'d0': {'_a0_': 1.0038992263614541, '_a1_': 0.31192970773259915, '_a2_': -1.4409574283151334, '_a3_': 1.8340243155640197, '_a4_': 1.0, '_a5_': 1.0, '_a6_': 1.0, '_a7_': 1.0}};{'d0': 0.02490583291947626};-276.475521886678;40.9943693438925
13935;-97.2433915994465;(-(_a0_) * (-(x) * (-(_a2_) + pow2(((_a1_ + x) * _a3_)))));{'d0': {'_a0_': 1.0038992263614541, '_a1_': 0.31192970773259915, '_a2_': -1.4409574283151334, '_a3_': 1.8340243155640197, '_a4_': 1.0, '_a5_': 1.0, '_a6_': 1.0, '_a7_': 1.0}};{'d0': 0.02490583291947626};-276.475521886678;40.9943693438925
13936;-97.2433915994465;(-(_a0_) * (-(x) * (-(_a2_) + pow2(((_a1_ + x) * _a3_)))));{'d0': {'_a0_': 1.0038992263614541, '_a1_': 0.31192970773259915, '_a2_': -1.4409574283151334, '_a3_': 1.8340243155640197, '_a4_': 1.0, '_a5_': 1.0, '_a6_': 1.0, '_a7_': 1.0}};{'d0': 0.02490583291947626};-276.475521886678;40.9943693438925
13937;-97.2433915994465;(-(_a0_) * (-(x) * (-(_a2_) + pow2(((_a1_ + x) * _a3_)))));{'d0': {'_a0_': 1.0038992263614541, '_a1_': 0.31192970773259915, '_a2_': -1.4409574283151334, '_a3_': 1.8340243155640197, '_a4_': 1.0, '_a5_': 1.0, '_a6_': 1.0, '_a7_': 1.0}};{'d0': 0.02490583291947626};-276.475521886678;40.9943693438925
13938;-102.012742522926;((((pow2((x + _a0_)) / pow2(pow2(_a7_))) + _a6_) * _a6_) * x);{'d0': {'_a0_': 0.3119297077280614, '_a6_': 1.2027369159956884, '_a7_': 0.7725339663920734, '_a1_': 1.0, '_a2_': 1.0, '_a3_': 1.0, '_a4_': 1.0, '_a5_': 1.0}};{'d0': 0.024905832919416594};-280.569866449044;38.27219070159641
13939;-102.012742522926;((((pow2((x + _a0_)) / pow2(pow2(_a7_))) + _a6_) * _a6_) * x);{'d0': {'_a0_': 0.3119297077280614, '_a6_': 1.2027369159956884, '_a7_': 0.7725339663920734, '_a1_': 1.0, '_a2_': 1.0, '_a3_': 1.0, '_a4_': 1.0, '_a5_': 1.0}};{'d0': 0.024905832919416594};-280.569866449044;38.27219070159641
13940;-102.012742522926;((((pow2((x + _a0_)) / pow2(pow2(_a7_))) + _a6_) * _a6_) * x);{'d0': {'_a0_': 0.3119297077280614, '_a6_': 1.2027369159956884, '_a7_': 0.7725339663920734, '_a1_': 1.0, '_a2_': 1.0, '_a3_': 1.0, '_a4_': 1.0, '_a5_': 1.0}};{'d0': 0.024905832919416594};-280.569866449044;38.27219070159641
13941;-102.012742522926;((((pow2((x + _a0_)) / pow2(pow2(_a7_))) + _a6_) * _a6_) * x);{'d0': {'_a0_': 0.3119297077280614, '_a6_': 1.2027369159956884, '_a7_': 0.7725339663920734, '_a1_': 1.0, '_a2_': 1.0, '_a3_': 1.0, '_a4_': 1.0, '_a5_': 1.0}};{'d0': 0.024905832919416594};-280.569866449044;38.27219070159641
13942;-102.012742522926;((((pow2((x + _a0_)) / pow2(pow2(_a7_))) + _a6_) * _a6_) * x);{'d0': {'_a0_': 0.3119297077280614, '_a6_': 1.2027369159956884, '_a7_': 0.7725339663920734, '_a1_': 1.0, '_a2_': 1.0, '_a3_': 1.0, '_a4_': 1.0, '_a5_': 1.0}};{'d0': 0.024905832919416594};-280.569866449044;38.27219070159641
13943;-102.012742522926;((((pow2((x + _a0_)) / pow2(pow2(_a7_))) + _a6_) * _a6_) * x);{'d0': {'_a0_': 0.3119297077280614, '_a6_': 1.2027369159956884, '_a7_': 0.7725339663920734, '_a1_': 1.0, '_a2_': 1.0, '_a3_': 1.0, '_a4_': 1.0, '_a5_': 1.0}};{'d0': 0.024905832919416594};-280.569866449044;38.27219070159641
13944;-102.012742522926;((((pow2((x + _a0_)) / pow2(pow2(_a7_))) + _a6_) * _a6_) * x);{'d0': {'_a0_': 0.3119297077280614, '_a6_': 1.2027369159956884, '_a7_': 0.7725339663920734, '_a1_': 1.0, '_a2_': 1.0, '_a3_': 1.0, '_a4_': 1.0, '_a5_': 1.0}};{'d0': 0.024905832919416594};-280.569866449044;38.27219070159641
13945;-102.012742522926;((((pow2((x + _a0_)) / pow2(pow2(_a7_))) + _a6_) * _a6_) * x);{'d0': {'_a0_': 0.3119297077280614, '_a6_': 1.2027369159956884, '_a7_': 0.7725339663920734, '_a1_': 1.0, '_a2_': 1.0, '_a3_': 1.0, '_a4_': 1.0, '_a5_': 1.0}};{'d0': 0.024905832919416594};-280.569866449044;38.27219070159641
13946;-102.012742522926;((((pow2((x + _a0_)) / pow2(pow2(_a7_))) + _a6_) * _a6_) * x);{'d0': {'_a0_': 0.3119297077280614, '_a6_': 1.2027369159956884, '_a7_': 0.7725339663920734, '_a1_': 1.0, '_a2_': 1.0, '_a3_': 1.0, '_a4_': 1.0, '_a5_': 1.0}};{'d0': 0.024905832919416594};-280.569866449044;38.27219070159641
13947;-102.012742522926;((((pow2((x + _a0_)) / pow2(pow2(_a7_))) + _a6_) * _a6_) * x);{'d0': {'_a0_': 0.3119297077280614, '_a6_': 1.2027369159956884, '_a7_': 0.7725339663920734, '_a1_': 1.0, '_a2_': 1.0, '_a3_': 1.0, '_a4_': 1.0, '_a5_': 1.0}};{'d0': 0.024905832919416594};-280.569866449044;38.27219070159641
13948;-102.012742522926;((((pow2((x + _a0_)) / pow2(pow2(_a7_))) + _a6_) * _a6_) * x);{'d0': {'_a0_': 0.3119297077280614, '_a6_': 1.2027369159956884, '_a7_': 0.7725339663920734, '_a1_': 1.0, '_a2_': 1.0, '_a3_': 1.0, '_a4_': 1.0, '_a5_': 1.0}};{'d0': 0.024905832919416594};-280.569866449044;38.27219070159641
13949;-97.2433915994465;(-(_a0_) * (-(x) * (-(_a2_) + pow2(((_a1_ + x) * _a3_)))));{'d0': {'_a0_': 1.0038992263614541, '_a1_': 0.31192970773259915, '_a2_': -1.4409574283151334, '_a3_': 1.8340243155640197, '_a4_': 1.0, '_a5_': 1.0, '_a6_': 1.0, '_a7_': 1.0}};{'d0': 0.02490583291947626};-276.475521886678;40.9943693438925
13950;-97.2433915994465;(-(_a0_) * (-(x) * (-(_a2_) + pow2(((_a1_ + x) * _a3_)))));{'d0': {'_a0_': 1.0038992263614541, '_a1_': 0.31192970773259915, '_a2_': -1.4409574283151334, '_a3_': 1.8340243155640197, '_a4_': 1.0, '_a5_': 1.0, '_a6_': 1.0, '_a7_': 1.0}};{'d0': 0.02490583291947626};-276.475521886678;40.9943693438925
13951;-97.2433915994465;(-(_a0_) * (-(x) * (-(_a2_) + pow2(((_a1_ + x) * _a3_)))));{'d0': {'_a0_': 1.0038992263614541, '_a1_': 0.31192970773259915, '_a2_': -1.4409574283151334, '_a3_': 1.8340243155640197, '_a4_': 1.0, '_a5_': 1.0, '_a6_': 1.0, '_a7_': 1.0}};{'d0': 0.02490583291947626};-276.475521886678;40.9943693438925
13952;-97.2433915994465;(-(_a0_) * (-(x) * (-(_a2_) + pow2(((_a1_ + x) * _a3_)))));{'d0': {'_a0_': 1.0038992263614541, '_a1_': 0.31192970773259915, '_a2_': -1.4409574283151334, '_a3_': 1.8340243155640197, '_a4_': 1.0, '_a5_': 1.0, '_a6_': 1.0, '_a7_': 1.0}};{'d0': 0.02490583291947626};-276.475521886678;40.9943693438925
13953;-97.2433915994465;(-(_a0_) * (-(x) * (-(_a2_) + pow2(((_a1_ + x) * _a3_)))));{'d0': {'_a0_': 1.0038992263614541, '_a1_': 0.31192970773259915, '_a2_': -1.4409574283151334, '_a3_': 1.8340243155640197, '_a4_': 1.0, '_a5_': 1.0, '_a6_': 1.0, '_a7_': 1.0}};{'d0': 0.02490583291947626};-276.475521886678;40.9943693438925
13954;-97.2433915994465;(-(_a0_) * (-(x) * (-(_a2_) + pow2(((_a1_ + x) * _a3_)))));{'d0': {'_a0_': 1.0038992263614541, '_a1_': 0.31192970773259915, '_a2_': -1.4409574283151334, '_a3_': 1.8340243155640197, '_a4_': 1.0, '_a5_': 1.0, '_a6_': 1.0, '_a7_': 1.0}};{'d0': 0.02490583291947626};-276.475521886678;40.9943693438925
13955;-97.2433915990331;(-(_a0_) * (-(x) * (-(_a5_) + pow2(((_a1_ + x) * _a3_)))));{'d0': {'_a0_': 1.0826782590194979, '_a1_': 0.3119297078229408, '_a3_': 1.7660395838454674, '_a5_': -1.3361088286459397, '_a2_': 1.0, '_a4_': 1.0, '_a6_': 1.0, '_a7_': 1.0}};{'d0': 0.024905832919819453};-276.475521885851;40.9943693438925
13956;-97.2433915990331;(-(_a0_) * (-(x) * (-(_a5_) + pow2(((_a1_ + x) * _a3_)))));{'d0': {'_a0_': 1.0826782590194979, '_a1_': 0.3119297078229408, '_a3_': 1.7660395838454674, '_a5_': -1.3361088286459397, '_a2_': 1.0, '_a4_': 1.0, '_a6_': 1.0, '_a7_': 1.0}};{'d0': 0.024905832919819453};-276.475521885851;40.9943693438925
13957;-97.2433915990331;(-(_a0_) * (-(x) * (-(_a5_) + pow2(((_a1_ + x) * _a3_)))));{'d0': {'_a0_': 1.0826782590194979, '_a1_': 0.3119297078229408, '_a3_': 1.7660395838454674, '_a5_': -1.3361088286459397, '_a2_': 1.0, '_a4_': 1.0, '_a6_': 1.0, '_a7_': 1.0}};{'d0': 0.024905832919819453};-276.475521885851;40.9943693438925
13958;-97.2433915990331;(-(_a0_) * (-(x) * (-(_a5_) + pow2(((_a1_ + x) * _a3_)))));{'d0': {'_a0_': 1.0826782590194979, '_a1_': 0.3119297078229408, '_a3_': 1.7660395838454674, '_a5_': -1.3361088286459397, '_a2_': 1.0, '_a4_': 1.0, '_a6_': 1.0, '_a7_': 1.0}};{'d0': 0.024905832919819453};-276.475521885851;40.9943693438925
13959;-97.2433915990331;(-(_a0_) * (-(x) * (-(_a5_) + pow2(((_a1_ + x) * _a3_)))));{'d0': {'_a0_': 1.0826782590194979, '_a1_': 0.3119297078229408, '_a3_': 1.7660395838454674, '_a5_': -1.3361088286459397, '_a2_': 1.0, '_a4_': 1.0, '_a6_': 1.0, '_a7_': 1.0}};{'d0': 0.024905832919819453};-276.475521885851;40.9943693438925
13960;-97.2433915990331;(-(_a0_) * (-(x) * (-(_a5_) + pow2(((_a1_ + x) * _a3_)))));{'d0': {'_a0_': 1.0826782590194979, '_a1_': 0.3119297078229408, '_a3_': 1.7660395838454674, '_a5_': -1.3361088286459397, '_a2_': 1.0, '_a4_': 1.0, '_a6_': 1.0, '_a7_': 1.0}};{'d0': 0.024905832919819453};-276.475521885851;40.9943693438925
13961;-97.2433915990331;(-(_a0_) * (-(x) * (-(_a5_) + pow2(((_a1_ + x) * _a3_)))));{'d0': {'_a0_': 1.0826782590194979, '_a1_': 0.3119297078229408, '_a3_': 1.7660395838454674, '_a5_': -1.3361088286459397, '_a2_': 1.0, '_a4_': 1.0, '_a6_': 1.0, '_a7_': 1.0}};{'d0': 0.024905832919819453};-276.475521885851;40.9943693438925
13962;-97.2433915990331;(-(_a0_) * (-(x) * (-(_a5_) + pow2(((_a1_ + x) * _a3_)))));{'d0': {'_a0_': 1.0826782590194979, '_a1_': 0.3119297078229408, '_a3_': 1.7660395838454674, '_a5_': -1.3361088286459397, '_a2_': 1.0, '_a4_': 1.0, '_a6_': 1.0, '_a7_': 1.0}};{'d0': 0.024905832919819453};-276.475521885851;40.9943693438925
13963;-97.2433915990331;(-(_a0_) * (-(x) * (-(_a5_) + pow2(((_a1_ + x) * _a3_)))));{'d0': {'_a0_': 1.0826782590194979, '_a1_': 0.3119297078229408, '_a3_': 1.7660395838454674, '_a5_': -1.3361088286459397, '_a2_': 1.0, '_a4_': 1.0, '_a6_': 1.0, '_a7_': 1.0}};{'d0': 0.024905832919819453};-276.475521885851;40.9943693438925
13964;-97.2433915990331;(-(_a0_) * (-(x) * (-(_a5_) + pow2(((_a1_ + x) * _a3_)))));{'d0': {'_a0_': 1.0826782590194979, '_a1_': 0.3119297078229408, '_a3_': 1.7660395838454674, '_a5_': -1.3361088286459397, '_a2_': 1.0, '_a4_': 1.0, '_a6_': 1.0, '_a7_': 1.0}};{'d0': 0.024905832919819453};-276.475521885851;40.9943693438925
13965;-97.2433915990331;(-(_a0_) * (-(x) * (-(_a5_) + pow2(((_a1_ + x) * _a3_)))));{'d0': {'_a0_': 1.0826782590194979, '_a1_': 0.3119297078229408, '_a3_': 1.7660395838454674, '_a5_': -1.3361088286459397, '_a2_': 1.0, '_a4_': 1.0, '_a6_': 1.0, '_a7_': 1.0}};{'d0': 0.024905832919819453};-276.475521885851;40.9943693438925
13966;-97.2433915990331;(-(_a0_) * (-(x) * (-(_a5_) + pow2(((_a1_ + x) * _a3_)))));{'d0': {'_a0_': 1.0826782590194979, '_a1_': 0.3119297078229408, '_a3_': 1.7660395838454674, '_a5_': -1.3361088286459397, '_a2_': 1.0, '_a4_': 1.0, '_a6_': 1.0, '_a7_': 1.0}};{'d0': 0.024905832919819453};-276.475521885851;40.9943693438925
13967;-97.2433915990331;(-(_a0_) * (-(x) * (-(_a5_) + pow2(((_a1_ + x) * _a3_)))));{'d0': {'_a0_': 1.0826782590194979, '_a1_': 0.3119297078229408, '_a3_': 1.7660395838454674, '_a5_': -1.3361088286459397, '_a2_': 1.0, '_a4_': 1.0, '_a6_': 1.0, '_a7_': 1.0}};{'d0': 0.024905832919819453};-276.475521885851;40.9943693438925
13968;-97.2433915990331;(-(_a0_) * (-(x) * (-(_a5_) + pow2(((_a1_ + x) * _a3_)))));{'d0': {'_a0_': 1.0826782590194979, '_a1_': 0.3119297078229408, '_a3_': 1.7660395838454674, '_a5_': -1.3361088286459397, '_a2_': 1.0, '_a4_': 1.0, '_a6_': 1.0, '_a7_': 1.0}};{'d0': 0.024905832919819453};-276.475521885851;40.9943693438925
13969;-97.2433915990331;(-(_a0_) * (-(x) * (-(_a5_) + pow2(((_a1_ + x) * _a3_)))));{'d0': {'_a0_': 1.0826782590194979, '_a1_': 0.3119297078229408, '_a3_': 1.7660395838454674, '_a5_': -1.3361088286459397, '_a2_': 1.0, '_a4_': 1.0, '_a6_': 1.0, '_a7_': 1.0}};{'d0': 0.024905832919819453};-276.475521885851;40.9943693438925
13970;-102.936051650193;((((pow2((x + _a0_)) * pow2(pow2(_a7_))) + _a6_) * _a6_) * x);{'d0': {'_a0_': 0.3119297077381025, '_a6_': 1.2027369160689558, '_a7_': 1.2944414659520476, '_a1_': 1.0, '_a2_': 1.0, '_a3_': 1.0, '_a4_': 1.0, '_a5_': 1.0}};{'d0': 0.024905832919416587};-280.569866449044;37.348881574329006
13971;-102.936051650193;((((pow2((x + _a0_)) * pow2(pow2(_a7_))) + _a6_) * _a6_) * x);{'d0': {'_a0_': 0.3119297077381025, '_a6_': 1.2027369160689558, '_a7_': 1.2944414659520476, '_a1_': 1.0, '_a2_': 1.0, '_a3_': 1.0, '_a4_': 1.0, '_a5_': 1.0}};{'d0': 0.024905832919416587};-280.569866449044;37.348881574329006
13972;-102.936051650193;((((pow2((x + _a0_)) * pow2(pow2(_a7_))) + _a6_) * _a6_) * x);{'d0': {'_a0_': 0.3119297077381025, '_a6_': 1.2027369160689558, '_a7_': 1.2944414659520476, '_a1_': 1.0, '_a2_': 1.0, '_a3_': 1.0, '_a4_': 1.0, '_a5_': 1.0}};{'d0': 0.024905832919416587};-280.569866449044;37.348881574329006
13973;-102.936051650193;((((pow2((x + _a0_)) * pow2(pow2(_a7_))) + _a6_) * _a6_) * x);{'d0': {'_a0_': 0.3119297077381025, '_a6_': 1.2027369160689558, '_a7_': 1.2944414659520476, '_a1_': 1.0, '_a2_': 1.0, '_a3_': 1.0, '_a4_': 1.0, '_a5_': 1.0}};{'d0': 0.024905832919416587};-280.569866449044;37.348881574329006
13974;-102.936051650193;((((pow2((x + _a0_)) * pow2(pow2(_a7_))) + _a6_) * _a6_) * x);{'d0': {'_a0_': 0.3119297077381025, '_a6_': 1.2027369160689558, '_a7_': 1.2944414659520476, '_a1_': 1.0, '_a2_': 1.0, '_a3_': 1.0, '_a4_': 1.0, '_a5_': 1.0}};{'d0': 0.024905832919416587};-280.569866449044;37.348881574329006
13975;-102.936051650193;((((pow2((x + _a0_)) * pow2(pow2(_a7_))) + _a6_) * _a6_) * x);{'d0': {'_a0_': 0.3119297077381025, '_a6_': 1.2027369160689558, '_a7_': 1.2944414659520476, '_a1_': 1.0, '_a2_': 1.0, '_a3_': 1.0, '_a4_': 1.0, '_a5_': 1.0}};{'d0': 0.024905832919416587};-280.569866449044;37.348881574329006
13976;-102.936051650193;((((pow2((x + _a0_)) * pow2(pow2(_a7_))) + _a6_) * _a6_) * x);{'d0': {'_a0_': 0.3119297077381025, '_a6_': 1.2027369160689558, '_a7_': 1.2944414659520476, '_a1_': 1.0, '_a2_': 1.0, '_a3_': 1.0, '_a4_': 1.0, '_a5_': 1.0}};{'d0': 0.024905832919416587};-280.569866449044;37.348881574329006
13977;-102.936051650193;((((pow2((x + _a0_)) * pow2(pow2(_a7_))) + _a6_) * _a6_) * x);{'d0': {'_a0_': 0.3119297077381025, '_a6_': 1.2027369160689558, '_a7_': 1.2944414659520476, '_a1_': 1.0, '_a2_': 1.0, '_a3_': 1.0, '_a4_': 1.0, '_a5_': 1.0}};{'d0': 0.024905832919416587};-280.569866449044;37.348881574329006
13978;-102.936051650193;((((pow2((x + _a0_)) * pow2(pow2(_a7_))) + _a6_) * _a6_) * x);{'d0': {'_a0_': 0.3119297077381025, '_a6_': 1.2027369160689558, '_a7_': 1.2944414659520476, '_a1_': 1.0, '_a2_': 1.0, '_a3_': 1.0, '_a4_': 1.0, '_a5_': 1.0}};{'d0': 0.024905832919416587};-280.569866449044;37.348881574329006
13979;-102.936051650193;((((pow2((x + _a0_)) * pow2(pow2(_a7_))) + _a6_) * _a6_) * x);{'d0': {'_a0_': 0.3119297077381025, '_a6_': 1.2027369160689558, '_a7_': 1.2944414659520476, '_a1_': 1.0, '_a2_': 1.0, '_a3_': 1.0, '_a4_': 1.0, '_a5_': 1.0}};{'d0': 0.024905832919416587};-280.569866449044;37.348881574329006
13980;-102.936051650193;((((pow2((x + _a0_)) * pow2(pow2(_a7_))) + _a6_) * _a6_) * x);{'d0': {'_a0_': 0.3119297077381025, '_a6_': 1.2027369160689558, '_a7_': 1.2944414659520476, '_a1_': 1.0, '_a2_': 1.0, '_a3_': 1.0, '_a4_': 1.0, '_a5_': 1.0}};{'d0': 0.024905832919416587};-280.569866449044;37.348881574329006
13981;-98.7865220752894;(((pow2((x + _a4_)) * (_a3_ / _a7_)) + pow2((_a6_ * _a4_))) * x);{'d0': {'_a3_': -2174.1509278330304, '_a4_': 0.31192970795969366, '_a6_': 3.855794704870953, '_a7_': -643.856939471644, '_a0_': 1.0, '_a1_': 1.0, '_a2_': 1.0, '_a5_': 1.0}};{'d0': 0.024905832919416632};-276.475521886821;39.451238868121365
13982;-98.7865220752894;(((pow2((x + _a4_)) * (_a3_ / _a7_)) + pow2((_a6_ * _a4_))) * x);{'d0': {'_a3_': -2174.1509278330304, '_a4_': 0.31192970795969366, '_a6_': 3.855794704870953, '_a7_': -643.856939471644, '_a0_': 1.0, '_a1_': 1.0, '_a2_': 1.0, '_a5_': 1.0}};{'d0': 0.024905832919416632};-276.475521886821;39.451238868121365
13983;-98.7865220752894;(((pow2((x + _a4_)) * (_a3_ / _a7_)) + pow2((_a6_ * _a4_))) * x);{'d0': {'_a3_': -2174.1509278330304, '_a4_': 0.31192970795969366, '_a6_': 3.855794704870953, '_a7_': -643.856939471644, '_a0_': 1.0, '_a1_': 1.0, '_a2_': 1.0, '_a5_': 1.0}};{'d0': 0.024905832919416632};-276.475521886821;39.451238868121365
13984;-98.7865220701262;(((pow2((x + _a4_)) * (_a3_ / _a2_)) + pow2((_a6_ * _a4_))) * x);{'d0': {'_a2_': 1.4994848805318366, '_a3_': 5.063404458948695, '_a4_': 0.3119297086693177, '_a6_': 3.8557946974902126, '_a0_': 1.0, '_a1_': 1.0, '_a5_': 1.0, '_a7_': 1.0}};{'d0': 0.024905832923703176};-276.475521876495;39.451238868121365
13985;-98.7865220701262;(((pow2((x + _a4_)) * (_a3_ / _a2_)) + pow2((_a6_ * _a4_))) * x);{'d0': {'_a2_': 1.4994848805318366, '_a3_': 5.063404458948695, '_a4_': 0.3119297086693177, '_a6_': 3.8557946974902126, '_a0_': 1.0, '_a1_': 1.0, '_a5_': 1.0, '_a7_': 1.0}};{'d0': 0.024905832923703176};-276.475521876495;39.451238868121365
13986;-98.7865220701262;(((pow2((x + _a4_)) * (_a3_ / _a2_)) + pow2((_a6_ * _a4_))) * x);{'d0': {'_a2_': 1.4994848805318366, '_a3_': 5.063404458948695, '_a4_': 0.3119297086693177, '_a6_': 3.8557946974902126, '_a0_': 1.0, '_a1_': 1.0, '_a5_': 1.0, '_a7_': 1.0}};{'d0': 0.024905832923703176};-276.475521876495;39.451238868121365
13987;-98.7865220701262;(((pow2((x + _a4_)) * (_a3_ / _a2_)) + pow2((_a6_ * _a4_))) * x);{'d0': {'_a2_': 1.4994848805318366, '_a3_': 5.063404458948695, '_a4_': 0.3119297086693177, '_a6_': 3.8557946974902126, '_a0_': 1.0, '_a1_': 1.0, '_a5_': 1.0, '_a7_': 1.0}};{'d0': 0.024905832923703176};-276.475521876495;39.451238868121365
13988;-98.7865220701262;(((pow2((x + _a4_)) * (_a3_ / _a2_)) + pow2((_a6_ * _a4_))) * x);{'d0': {'_a2_': 1.4994848805318366, '_a3_': 5.063404458948695, '_a4_': 0.3119297086693177, '_a6_': 3.8557946974902126, '_a0_': 1.0, '_a1_': 1.0, '_a5_': 1.0, '_a7_': 1.0}};{'d0': 0.024905832923703176};-276.475521876495;39.451238868121365
13989;-98.7865220701262;(((pow2((x + _a4_)) * (_a3_ / _a2_)) + pow2((_a6_ * _a4_))) * x);{'d0': {'_a2_': 1.4994848805318366, '_a3_': 5.063404458948695, '_a4_': 0.3119297086693177, '_a6_': 3.8557946974902126, '_a0_': 1.0, '_a1_': 1.0, '_a5_': 1.0, '_a7_': 1.0}};{'d0': 0.024905832923703176};-276.475521876495;39.451238868121365
13990;-98.7865220701262;(((pow2((x + _a4_)) * (_a3_ / _a2_)) + pow2((_a6_ * _a4_))) * x);{'d0': {'_a2_': 1.4994848805318366, '_a3_': 5.063404458948695, '_a4_': 0.3119297086693177, '_a6_': 3.8557946974902126, '_a0_': 1.0, '_a1_': 1.0, '_a5_': 1.0, '_a7_': 1.0}};{'d0': 0.024905832923703176};-276.475521876495;39.451238868121365
13991;-98.7865220701262;(((pow2((x + _a4_)) * (_a3_ / _a2_)) + pow2((_a6_ * _a4_))) * x);{'d0': {'_a2_': 1.4994848805318366, '_a3_': 5.063404458948695, '_a4_': 0.3119297086693177, '_a6_': 3.8557946974902126, '_a0_': 1.0, '_a1_': 1.0, '_a5_': 1.0, '_a7_': 1.0}};{'d0': 0.024905832923703176};-276.475521876495;39.451238868121365
13992;-98.7865220701262;(((pow2((x + _a4_)) * (_a3_ / _a2_)) + pow2((_a6_ * _a4_))) * x);{'d0': {'_a2_': 1.4994848805318366, '_a3_': 5.063404458948695, '_a4_': 0.3119297086693177, '_a6_': 3.8557946974902126, '_a0_': 1.0, '_a1_': 1.0, '_a5_': 1.0, '_a7_': 1.0}};{'d0': 0.024905832923703176};-276.475521876495;39.451238868121365
13993;-98.7865220701262;(((pow2((x + _a4_)) * (_a3_ / _a2_)) + pow2((_a6_ * _a4_))) * x);{'d0': {'_a2_': 1.4994848805318366, '_a3_': 5.063404458948695, '_a4_': 0.3119297086693177, '_a6_': 3.8557946974902126, '_a0_': 1.0, '_a1_': 1.0, '_a5_': 1.0, '_a7_': 1.0}};{'d0': 0.024905832923703176};-276.475521876495;39.451238868121365
13994;-98.7865220701262;(((pow2((x + _a4_)) * (_a3_ / _a2_)) + pow2((_a6_ * _a4_))) * x);{'d0': {'_a2_': 1.4994848805318366, '_a3_': 5.063404458948695, '_a4_': 0.3119297086693177, '_a6_': 3.8557946974902126, '_a0_': 1.0, '_a1_': 1.0, '_a5_': 1.0, '_a7_': 1.0}};{'d0': 0.024905832923703176};-276.475521876495;39.451238868121365
13995;-102.971521196891;(_a5_ * (-(x) * (-(_a5_) + pow2(((_a1_ + x) * _a3_)))));{'d0': {'_a1_': 0.31192970788424385, '_a3_': 1.6755787085756342, '_a5_': -1.2027369162416357, '_a0_': 1.0, '_a2_': 1.0, '_a4_': 1.0, '_a6_': 1.0, '_a7_': 1.0}};{'d0': 0.024905832919416608};-280.569866449044;37.31341202763055
13996;-102.971521196891;(_a5_ * (-(x) * (-(_a5_) + pow2(((_a1_ + x) * _a3_)))));{'d0': {'_a1_': 0.31192970788424385, '_a3_': 1.6755787085756342, '_a5_': -1.2027369162416357, '_a0_': 1.0, '_a2_': 1.0, '_a4_': 1.0, '_a6_': 1.0, '_a7_': 1.0}};{'d0': 0.024905832919416608};-280.569866449044;37.31341202763055
13997;-102.971521196891;(_a5_ * (-(x) * (-(_a5_) + pow2(((_a1_ + x) * _a3_)))));{'d0': {'_a1_': 0.31192970788424385, '_a3_': 1.6755787085756342, '_a5_': -1.2027369162416357, '_a0_': 1.0, '_a2_': 1.0, '_a4_': 1.0, '_a6_': 1.0, '_a7_': 1.0}};{'d0': 0.024905832919416608};-280.569866449044;37.31341202763055
13998;-102.971521196891;(_a5_ * (-(x) * (-(_a5_) + pow2(((_a1_ + x) * _a3_)))));{'d0': {'_a1_': 0.31192970788424385, '_a3_': 1.6755787085756342, '_a5_': -1.2027369162416357, '_a0_': 1.0, '_a2_': 1.0, '_a4_': 1.0, '_a6_': 1.0, '_a7_': 1.0}};{'d0': 0.024905832919416608};-280.569866449044;37.31341202763055
13999;-102.971521196891;(_a5_ * (-(x) * (-(_a5_) + pow2(((_a1_ + x) * _a3_)))));{'d0': {'_a1_': 0.31192970788424385, '_a3_': 1.6755787085756342, '_a5_': -1.2027369162416357, '_a0_': 1.0, '_a2_': 1.0, '_a4_': 1.0, '_a6_': 1.0, '_a7_': 1.0}};{'d0': 0.024905832919416608};-280.569866449044;37.31341202763055
14000;-102.971521196891;(_a5_ * (-(x) * (-(_a5_) + pow2(((_a1_ + x) * _a3_)))));{'d0': {'_a1_': 0.31192970788424385, '_a3_': 1.6755787085756342, '_a5_': -1.2027369162416357, '_a0_': 1.0, '_a2_': 1.0, '_a4_': 1.0, '_a6_': 1.0, '_a7_': 1.0}};{'d0': 0.024905832919416608};-280.569866449044;37.31341202763055
14001;-93.8371821492521;(((pow2((x + _a4_)) * (_a3_ / (_a2_ * _a6_))) + pow2((_a6_ * _a4_))) * x);{'d0': {'_a2_': 242.507578818683, '_a3_': 3157.472667438828, '_a4_': 0.31192970815735394, '_a6_': 3.8557947025066883, '_a0_': 1.0, '_a1_': 1.0, '_a5_': 1.0, '_a7_': 1.0}};{'d0': 0.024905832919898407};-276.475521885661;44.40057879357836
14002;-92.1864199583335;(((pow2((x + _a4_)) * (_a3_ / (pow2(_a6_) * _a6_))) + pow2((_a6_ * _a4_))) * x);{'d0': {'_a3_': 193.5717676191978, '_a4_': 0.31192970780848495, '_a6_': 3.8557947062387035, '_a0_': 1.0, '_a1_': 1.0, '_a2_': 1.0, '_a5_': 1.0, '_a7_': 1.0}};{'d0': 0.024905832919416653};-280.569866449044;48.09851326618836
14003;-90.1392476752162;(((pow2((x + _a4_)) * (_a3_ / (pow2(_a6_) * _a6_))) + pow2((_a6_ * _a5_))) * x);{'d0': {'_a3_': 1107.6896684278802, '_a4_': 0.31192970781892104, '_a5_': -0.1743939144184665, '_a6_': 6.896667528983673, '_a0_': 1.0, '_a1_': 1.0, '_a2_': 1.0, '_a7_': 1.0}};{'d0': 0.024905832921082224};-276.475521882809;48.09851326618836
14004;-87.1647227465545;(((pow2((x + _a4_)) * (_a3_ / (pow2(_a6_) * _a6_))) + pow2((_a6_ * (_a4_ * _a6_)))) * x);{'d0': {'_a3_': 25.566493165334737, '_a4_': 0.3119297077155028, '_a6_': 1.963617759892691, '_a0_': 1.0, '_a1_': 1.0, '_a2_': 1.0, '_a5_': 1.0, '_a7_': 1.0}};{'d0': 0.024905832919416632};-280.569866449044;53.12021047796736
14005;-87.1647227465545;(((pow2((x + _a4_)) * (_a3_ / (pow2(_a6_) * _a6_))) + pow2((_a6_ * (_a4_ * _a6_)))) * x);{'d0': {'_a3_': 25.566493165334737, '_a4_': 0.3119297077155028, '_a6_': 1.963617759892691, '_a0_': 1.0, '_a1_': 1.0, '_a2_': 1.0, '_a5_': 1.0, '_a7_': 1.0}};{'d0': 0.024905832919416632};-280.569866449044;53.12021047796736
14006;-87.1647227465545;(((pow2((x + _a4_)) * (_a3_ / (pow2(_a6_) * _a6_))) + pow2((_a6_ * (_a4_ * _a6_)))) * x);{'d0': {'_a3_': 25.566493165334737, '_a4_': 0.3119297077155028, '_a6_': 1.963617759892691, '_a0_': 1.0, '_a1_': 1.0, '_a2_': 1.0, '_a5_': 1.0, '_a7_': 1.0}};{'d0': 0.024905832919416632};-280.569866449044;53.12021047796736
14007;-87.1647227465545;(((pow2((x + _a4_)) * (_a3_ / (pow2(_a6_) * _a6_))) + pow2((_a6_ * (_a4_ * _a6_)))) * x);{'d0': {'_a3_': 25.566493165334737, '_a4_': 0.3119297077155028, '_a6_': 1.963617759892691, '_a0_': 1.0, '_a1_': 1.0, '_a2_': 1.0, '_a5_': 1.0, '_a7_': 1.0}};{'d0': 0.024905832919416632};-280.569866449044;53.12021047796736
14008;-87.1647227465544;(((pow2((x + _a3_)) * (_a3_ / (pow2(_a6_) * _a6_))) + pow2((_a6_ * (_a4_ * _a6_)))) * x);{'d0': {'_a3_': 0.31192970787849206, '_a4_': -5.885721213676211, '_a6_': 0.45204896267160516, '_a0_': 1.0, '_a1_': 1.0, '_a2_': 1.0, '_a5_': 1.0, '_a7_': 1.0}};{'d0': 0.024905832919416674};-280.569866449043;53.12021047796736
14009;-87.1647227465544;(((pow2((x + _a3_)) * (_a3_ / (pow2(_a6_) * _a6_))) + pow2((_a6_ * (_a4_ * _a6_)))) * x);{'d0': {'_a3_': 0.31192970787849206, '_a4_': -5.885721213676211, '_a6_': 0.45204896267160516, '_a0_': 1.0, '_a1_': 1.0, '_a2_': 1.0, '_a5_': 1.0, '_a7_': 1.0}};{'d0': 0.024905832919416674};-280.569866449043;53.12021047796736
14010;-87.1647227465544;(((pow2((x + _a3_)) * (_a3_ / (pow2(_a6_) * _a6_))) + pow2((_a6_ * (_a4_ * _a6_)))) * x);{'d0': {'_a3_': 0.31192970787849206, '_a4_': -5.885721213676211, '_a6_': 0.45204896267160516, '_a0_': 1.0, '_a1_': 1.0, '_a2_': 1.0, '_a5_': 1.0, '_a7_': 1.0}};{'d0': 0.024905832919416674};-280.569866449043;53.12021047796736
14011;-87.1647227465544;(((pow2((x + _a3_)) * (_a3_ / (pow2(_a6_) * _a6_))) + pow2((_a6_ * (_a4_ * _a6_)))) * x);{'d0': {'_a3_': 0.31192970787849206, '_a4_': -5.885721213676211, '_a6_': 0.45204896267160516, '_a0_': 1.0, '_a1_': 1.0, '_a2_': 1.0, '_a5_': 1.0, '_a7_': 1.0}};{'d0': 0.024905832919416674};-280.569866449043;53.12021047796736
14012;-90.8626572191645;(((pow2((x + _a3_)) * (_a3_ / (_a3_ * _a6_))) + pow2((_a6_ * (_a4_ * _a6_)))) * x);{'d0': {'_a3_': 0.31192970775804835, '_a4_': -13.714224570277727, '_a6_': 0.29614178662821916, '_a0_': 1.0, '_a1_': 1.0, '_a2_': 1.0, '_a5_': 1.0, '_a7_': 1.0}};{'d0': 0.02490583291941659};-280.569866449044;49.42227600535736
14013;-90.8626572191645;(((pow2((x + _a3_)) * (_a3_ / (_a3_ * _a6_))) + pow2((_a4_ * (_a4_ * _a6_)))) * x);{'d0': {'_a3_': 0.3119297076578552, '_a4_': -2.0152803690167613, '_a6_': 0.2961417866649814, '_a0_': 1.0, '_a1_': 1.0, '_a2_': 1.0, '_a5_': 1.0, '_a7_': 1.0}};{'d0': 0.024905832919416657};-280.569866449044;49.42227600535736
14014;-90.8626572191645;(((pow2((x + _a3_)) * (_a3_ / (_a3_ * _a6_))) + pow2((_a4_ * (_a4_ * _a6_)))) * x);{'d0': {'_a3_': 0.3119297076578552, '_a4_': -2.0152803690167613, '_a6_': 0.2961417866649814, '_a0_': 1.0, '_a1_': 1.0, '_a2_': 1.0, '_a5_': 1.0, '_a7_': 1.0}};{'d0': 0.024905832919416657};-280.569866449044;49.42227600535736
14015;-90.8626572191645;(((pow2((x + _a3_)) * (_a3_ / (_a3_ * _a6_))) + pow2((_a4_ * (_a4_ * _a6_)))) * x);{'d0': {'_a3_': 0.3119297076578552, '_a4_': -2.0152803690167613, '_a6_': 0.2961417866649814, '_a0_': 1.0, '_a1_': 1.0, '_a2_': 1.0, '_a5_': 1.0, '_a7_': 1.0}};{'d0': 0.024905832919416657};-280.569866449044;49.42227600535736
14016;-90.8626572191645;(((pow2((x + _a3_)) * (_a3_ / (_a3_ * _a6_))) + pow2((_a4_ * (_a4_ * _a6_)))) * x);{'d0': {'_a3_': 0.3119297076578552, '_a4_': -2.0152803690167613, '_a6_': 0.2961417866649814, '_a0_': 1.0, '_a1_': 1.0, '_a2_': 1.0, '_a5_': 1.0, '_a7_': 1.0}};{'d0': 0.024905832919416657};-280.569866449044;49.42227600535736
14017;-90.8626572191645;(((pow2((x + _a3_)) * (_a3_ / (_a3_ * _a6_))) + pow2((_a4_ * (_a4_ * _a6_)))) * x);{'d0': {'_a3_': 0.3119297076578552, '_a4_': -2.0152803690167613, '_a6_': 0.2961417866649814, '_a0_': 1.0, '_a1_': 1.0, '_a2_': 1.0, '_a5_': 1.0, '_a7_': 1.0}};{'d0': 0.024905832919416657};-280.569866449044;49.42227600535736
14018;-90.8626572191645;(((pow2((x + _a3_)) * (_a3_ / (_a3_ * _a6_))) + pow2((_a4_ * (_a4_ * _a6_)))) * x);{'d0': {'_a3_': 0.3119297076578552, '_a4_': -2.0152803690167613, '_a6_': 0.2961417866649814, '_a0_': 1.0, '_a1_': 1.0, '_a2_': 1.0, '_a5_': 1.0, '_a7_': 1.0}};{'d0': 0.024905832919416657};-280.569866449044;49.42227600535736
14019;-90.8626572191645;(((pow2((x + _a3_)) * (_a3_ / (_a3_ * _a6_))) + pow2((_a3_ * (_a4_ * _a6_)))) * x);{'d0': {'_a3_': 0.31192970772067563, '_a4_': -13.020096722078444, '_a6_': 0.29614178676289993, '_a0_': 1.0, '_a1_': 1.0, '_a2_': 1.0, '_a5_': 1.0, '_a7_': 1.0}};{'d0': 0.024905832919416653};-280.569866449044;49.42227600535736
14020;-90.8626572191645;(((pow2((x + _a3_)) * (_a3_ / (_a3_ * _a6_))) + pow2((_a3_ * (_a4_ * _a6_)))) * x);{'d0': {'_a3_': 0.31192970772067563, '_a4_': -13.020096722078444, '_a6_': 0.29614178676289993, '_a0_': 1.0, '_a1_': 1.0, '_a2_': 1.0, '_a5_': 1.0, '_a7_': 1.0}};{'d0': 0.024905832919416653};-280.569866449044;49.42227600535736
14021;-90.8626572191645;(((pow2((x + _a3_)) * (_a3_ / (_a3_ * _a6_))) + pow2((_a3_ * (_a4_ * _a6_)))) * x);{'d0': {'_a3_': 0.31192970772067563, '_a4_': -13.020096722078444, '_a6_': 0.29614178676289993, '_a0_': 1.0, '_a1_': 1.0, '_a2_': 1.0, '_a5_': 1.0, '_a7_': 1.0}};{'d0': 0.024905832919416653};-280.569866449044;49.42227600535736
14022;-90.8626572191645;(((pow2((x + _a3_)) * (_a3_ / (_a3_ * _a6_))) + pow2((_a3_ * (_a4_ * _a6_)))) * x);{'d0': {'_a3_': 0.31192970772067563, '_a4_': -13.020096722078444, '_a6_': 0.29614178676289993, '_a0_': 1.0, '_a1_': 1.0, '_a2_': 1.0, '_a5_': 1.0, '_a7_': 1.0}};{'d0': 0.024905832919416653};-280.569866449044;49.42227600535736
14023;-90.8626572191645;(((pow2((x + _a3_)) * (_a3_ / (_a3_ * _a6_))) + pow2((_a3_ * (_a4_ * _a6_)))) * x);{'d0': {'_a3_': 0.31192970772067563, '_a4_': -13.020096722078444, '_a6_': 0.29614178676289993, '_a0_': 1.0, '_a1_': 1.0, '_a2_': 1.0, '_a5_': 1.0, '_a7_': 1.0}};{'d0': 0.024905832919416653};-280.569866449044;49.42227600535736
14024;-90.8626572191645;(((pow2((x + _a3_)) * (_a3_ / (_a3_ * _a6_))) + pow2((_a3_ * (_a4_ * _a6_)))) * x);{'d0': {'_a3_': 0.31192970772067563, '_a4_': -13.020096722078444, '_a6_': 0.29614178676289993, '_a0_': 1.0, '_a1_': 1.0, '_a2_': 1.0, '_a5_': 1.0, '_a7_': 1.0}};{'d0': 0.024905832919416653};-280.569866449044;49.42227600535736
14025;-90.8626572191645;(((pow2((x + _a3_)) * (_a3_ / (_a3_ * _a6_))) + pow2((_a3_ * (_a4_ * _a6_)))) * x);{'d0': {'_a3_': 0.31192970772067563, '_a4_': -13.020096722078444, '_a6_': 0.29614178676289993, '_a0_': 1.0, '_a1_': 1.0, '_a2_': 1.0, '_a5_': 1.0, '_a7_': 1.0}};{'d0': 0.024905832919416653};-280.569866449044;49.42227600535736
14026;-90.8626572191645;(((pow2((x + _a3_)) * (_a3_ / (_a3_ * _a6_))) + pow2((_a3_ * (_a4_ * _a6_)))) * x);{'d0': {'_a3_': 0.31192970772067563, '_a4_': -13.020096722078444, '_a6_': 0.29614178676289993, '_a0_': 1.0, '_a1_': 1.0, '_a2_': 1.0, '_a5_': 1.0, '_a7_': 1.0}};{'d0': 0.024905832919416653};-280.569866449044;49.42227600535736
14027;-90.8626572191645;(((pow2((x + _a3_)) * (_a3_ / (_a3_ * _a6_))) + pow2((_a3_ * (_a4_ * _a6_)))) * x);{'d0': {'_a3_': 0.31192970772067563, '_a4_': -13.020096722078444, '_a6_': 0.29614178676289993, '_a0_': 1.0, '_a1_': 1.0, '_a2_': 1.0, '_a5_': 1.0, '_a7_': 1.0}};{'d0': 0.024905832919416653};-280.569866449044;49.42227600535736
14028;-90.8626572191645;(((pow2((x + _a3_)) * (_a3_ / (_a3_ * _a6_))) + pow2((_a3_ * (_a4_ * _a6_)))) * x);{'d0': {'_a3_': 0.31192970772067563, '_a4_': -13.020096722078444, '_a6_': 0.29614178676289993, '_a0_': 1.0, '_a1_': 1.0, '_a2_': 1.0, '_a5_': 1.0, '_a7_': 1.0}};{'d0': 0.024905832919416653};-280.569866449044;49.42227600535736
14029;-90.8626572191645;(((pow2((x + _a3_)) * (_a3_ / (_a3_ * _a6_))) + pow2((_a3_ * (_a4_ * _a6_)))) * x);{'d0': {'_a3_': 0.31192970772067563, '_a4_': -13.020096722078444, '_a6_': 0.29614178676289993, '_a0_': 1.0, '_a1_': 1.0, '_a2_': 1.0, '_a5_': 1.0, '_a7_': 1.0}};{'d0': 0.024905832919416653};-280.569866449044;49.42227600535736
14030;-90.8626572191645;(((pow2((x + _a3_)) * (_a3_ / (_a3_ * _a6_))) + pow2((_a3_ * (_a4_ * _a6_)))) * x);{'d0': {'_a3_': 0.31192970772067563, '_a4_': -13.020096722078444, '_a6_': 0.29614178676289993, '_a0_': 1.0, '_a1_': 1.0, '_a2_': 1.0, '_a5_': 1.0, '_a7_': 1.0}};{'d0': 0.024905832919416653};-280.569866449044;49.42227600535736
14031;-86.9086420879545;(((pow2((x + _a3_)) * (_a3_ / (_a3_ * _a6_))) + pow2((_a3_ * cosh(_a1_)))) * x);{'d0': {'_a1_': 2.0254679913620897, '_a3_': 0.31192970770706163, '_a6_': 0.2961417867742304, '_a0_': 1.0, '_a2_': 1.0, '_a4_': 1.0, '_a5_': 1.0, '_a7_': 1.0}};{'d0': 0.024905832919416636};-280.569866449044;53.37629113656736
14032;-95.8843544309436;(((pow2((x + _a3_)) * (_a3_ / (_a3_ * _a6_))) + pow2((_a3_ * _a1_))) * x);{'d0': {'_a1_': 3.855794705868816, '_a3_': 0.3119297078705994, '_a6_': 0.2961417868022573, '_a0_': 1.0, '_a2_': 1.0, '_a4_': 1.0, '_a5_': 1.0, '_a7_': 1.0}};{'d0': 0.02490583291941655};-280.569866449044;44.40057879357836
14033;-95.8843544309436;(((pow2((x + _a3_)) * (_a3_ / (_a3_ * _a6_))) + pow2((_a3_ * _a1_))) * x);{'d0': {'_a1_': 3.855794705868816, '_a3_': 0.3119297078705994, '_a6_': 0.2961417868022573, '_a0_': 1.0, '_a2_': 1.0, '_a4_': 1.0, '_a5_': 1.0, '_a7_': 1.0}};{'d0': 0.02490583291941655};-280.569866449044;44.40057879357836
14034;-95.8843544309436;(((pow2((x + _a3_)) * (_a3_ / (_a3_ * _a6_))) + pow2((_a3_ * _a1_))) * x);{'d0': {'_a1_': 3.855794705868816, '_a3_': 0.3119297078705994, '_a6_': 0.2961417868022573, '_a0_': 1.0, '_a2_': 1.0, '_a4_': 1.0, '_a5_': 1.0, '_a7_': 1.0}};{'d0': 0.02490583291941655};-280.569866449044;44.40057879357836
14035;-95.8843544309436;(((pow2((x + _a3_)) * (_a3_ / (_a3_ * _a6_))) + pow2((_a3_ * _a1_))) * x);{'d0': {'_a1_': 3.855794705868816, '_a3_': 0.3119297078705994, '_a6_': 0.2961417868022573, '_a0_': 1.0, '_a2_': 1.0, '_a4_': 1.0, '_a5_': 1.0, '_a7_': 1.0}};{'d0': 0.02490583291941655};-280.569866449044;44.40057879357836
14036;-95.8843544309436;(((pow2((x + _a3_)) * (_a3_ / (_a3_ * _a6_))) + pow2((_a3_ * _a1_))) * x);{'d0': {'_a1_': 3.855794705868816, '_a3_': 0.3119297078705994, '_a6_': 0.2961417868022573, '_a0_': 1.0, '_a2_': 1.0, '_a4_': 1.0, '_a5_': 1.0, '_a7_': 1.0}};{'d0': 0.02490583291941655};-280.569866449044;44.40057879357836
14037;-95.8843544309436;(((pow2((x + _a3_)) * (_a3_ / (_a3_ * _a6_))) + pow2((_a3_ * _a1_))) * x);{'d0': {'_a1_': 3.855794705868816, '_a3_': 0.3119297078705994, '_a6_': 0.2961417868022573, '_a0_': 1.0, '_a2_': 1.0, '_a4_': 1.0, '_a5_': 1.0, '_a7_': 1.0}};{'d0': 0.02490583291941655};-280.569866449044;44.40057879357836
14038;-95.8843544309436;(((pow2((x + _a3_)) * (_a3_ / (_a3_ * _a6_))) + pow2((_a3_ * _a1_))) * x);{'d0': {'_a1_': 3.855794705868816, '_a3_': 0.3119297078705994, '_a6_': 0.2961417868022573, '_a0_': 1.0, '_a2_': 1.0, '_a4_': 1.0, '_a5_': 1.0, '_a7_': 1.0}};{'d0': 0.02490583291941655};-280.569866449044;44.40057879357836
14039;-95.8843544309436;(((pow2((x + _a3_)) * (_a3_ / (_a3_ * _a6_))) + pow2((_a3_ * _a1_))) * x);{'d0': {'_a1_': 3.855794705868816, '_a3_': 0.3119297078705994, '_a6_': 0.2961417868022573, '_a0_': 1.0, '_a2_': 1.0, '_a4_': 1.0, '_a5_': 1.0, '_a7_': 1.0}};{'d0': 0.02490583291941655};-280.569866449044;44.40057879357836
14040;-95.8843544309436;(((pow2((x + _a3_)) * (_a3_ / (_a3_ * _a6_))) + pow2((_a3_ * _a1_))) * x);{'d0': {'_a1_': 3.855794705868816, '_a3_': 0.3119297078705994, '_a6_': 0.2961417868022573, '_a0_': 1.0, '_a2_': 1.0, '_a4_': 1.0, '_a5_': 1.0, '_a7_': 1.0}};{'d0': 0.02490583291941655};-280.569866449044;44.40057879357836
14041;-95.8843544309436;(((pow2((x + _a3_)) * (_a3_ / (_a3_ * _a6_))) + pow2((_a3_ * _a1_))) * x);{'d0': {'_a1_': 3.855794705868816, '_a3_': 0.3119297078705994, '_a6_': 0.2961417868022573, '_a0_': 1.0, '_a2_': 1.0, '_a4_': 1.0, '_a5_': 1.0, '_a7_': 1.0}};{'d0': 0.02490583291941655};-280.569866449044;44.40057879357836
14042;-95.8843544309436;(((pow2((x + _a3_)) * (_a3_ / (_a3_ * _a6_))) + pow2((_a3_ * _a1_))) * x);{'d0': {'_a1_': 3.855794705868816, '_a3_': 0.3119297078705994, '_a6_': 0.2961417868022573, '_a0_': 1.0, '_a2_': 1.0, '_a4_': 1.0, '_a5_': 1.0, '_a7_': 1.0}};{'d0': 0.02490583291941655};-280.569866449044;44.40057879357836
14043;-95.8843544309436;(((pow2((x + _a3_)) * (_a3_ / (_a3_ * _a6_))) + pow2((_a3_ * _a1_))) * x);{'d0': {'_a1_': 3.855794705868816, '_a3_': 0.3119297078705994, '_a6_': 0.2961417868022573, '_a0_': 1.0, '_a2_': 1.0, '_a4_': 1.0, '_a5_': 1.0, '_a7_': 1.0}};{'d0': 0.02490583291941655};-280.569866449044;44.40057879357836
14044;-95.8843544309436;(((pow2((x + _a3_)) * (_a3_ / (_a3_ * _a6_))) + pow2((_a3_ * _a1_))) * x);{'d0': {'_a1_': 3.855794705868816, '_a3_': 0.3119297078705994, '_a6_': 0.2961417868022573, '_a0_': 1.0, '_a2_': 1.0, '_a4_': 1.0, '_a5_': 1.0, '_a7_': 1.0}};{'d0': 0.02490583291941655};-280.569866449044;44.40057879357836
14045;-95.8843544309436;(((pow2((x + _a3_)) * (_a3_ / (_a3_ * _a6_))) + pow2((_a3_ * _a1_))) * x);{'d0': {'_a1_': 3.855794705868816, '_a3_': 0.3119297078705994, '_a6_': 0.2961417868022573, '_a0_': 1.0, '_a2_': 1.0, '_a4_': 1.0, '_a5_': 1.0, '_a7_': 1.0}};{'d0': 0.02490583291941655};-280.569866449044;44.40057879357836
14046;-95.8843544309436;(((pow2((x + _a3_)) * (_a3_ / (_a3_ * _a6_))) + pow2((_a3_ * _a1_))) * x);{'d0': {'_a1_': 3.855794705868816, '_a3_': 0.3119297078705994, '_a6_': 0.2961417868022573, '_a0_': 1.0, '_a2_': 1.0, '_a4_': 1.0, '_a5_': 1.0, '_a7_': 1.0}};{'d0': 0.02490583291941655};-280.569866449044;44.40057879357836
14047;-95.8843544309436;(((pow2((x + _a3_)) * (_a3_ / (_a3_ * _a6_))) + pow2((_a3_ * _a1_))) * x);{'d0': {'_a1_': 3.855794705868816, '_a3_': 0.3119297078705994, '_a6_': 0.2961417868022573, '_a0_': 1.0, '_a2_': 1.0, '_a4_': 1.0, '_a5_': 1.0, '_a7_': 1.0}};{'d0': 0.02490583291941655};-280.569866449044;44.40057879357836
14048;-95.8843544309436;(((pow2((x + _a3_)) * (_a3_ / (_a3_ * _a6_))) + pow2((_a3_ * _a1_))) * x);{'d0': {'_a1_': 3.855794705868816, '_a3_': 0.3119297078705994, '_a6_': 0.2961417868022573, '_a0_': 1.0, '_a2_': 1.0, '_a4_': 1.0, '_a5_': 1.0, '_a7_': 1.0}};{'d0': 0.02490583291941655};-280.569866449044;44.40057879357836
14049;-95.8843544309436;(((pow2((x + _a3_)) * (_a3_ / (_a3_ * _a6_))) + pow2((_a3_ * _a1_))) * x);{'d0': {'_a1_': 3.855794705868816, '_a3_': 0.3119297078705994, '_a6_': 0.2961417868022573, '_a0_': 1.0, '_a2_': 1.0, '_a4_': 1.0, '_a5_': 1.0, '_a7_': 1.0}};{'d0': 0.02490583291941655};-280.569866449044;44.40057879357836
14050;-95.8843544309436;(((pow2((x + _a3_)) * (_a3_ / (_a3_ * _a6_))) + pow2((_a3_ * _a1_))) * x);{'d0': {'_a1_': 3.855794705868816, '_a3_': 0.3119297078705994, '_a6_': 0.2961417868022573, '_a0_': 1.0, '_a2_': 1.0, '_a4_': 1.0, '_a5_': 1.0, '_a7_': 1.0}};{'d0': 0.02490583291941655};-280.569866449044;44.40057879357836
14051;-95.8843544309436;(((pow2((x + _a3_)) * (_a3_ / (_a3_ * _a6_))) + pow2((_a3_ * _a1_))) * x);{'d0': {'_a1_': 3.855794705868816, '_a3_': 0.3119297078705994, '_a6_': 0.2961417868022573, '_a0_': 1.0, '_a2_': 1.0, '_a4_': 1.0, '_a5_': 1.0, '_a7_': 1.0}};{'d0': 0.02490583291941655};-280.569866449044;44.40057879357836
14052;-95.8843544309436;(((pow2((x + _a3_)) * (_a3_ / (_a3_ * _a6_))) + pow2((_a3_ * _a1_))) * x);{'d0': {'_a1_': 3.855794705868816, '_a3_': 0.3119297078705994, '_a6_': 0.2961417868022573, '_a0_': 1.0, '_a2_': 1.0, '_a4_': 1.0, '_a5_': 1.0, '_a7_': 1.0}};{'d0': 0.02490583291941655};-280.569866449044;44.40057879357836
14053;-95.8843544309436;(((pow2((x + _a3_)) * (_a3_ / (_a3_ * _a6_))) + pow2((_a3_ * _a1_))) * x);{'d0': {'_a1_': 3.855794705868816, '_a3_': 0.3119297078705994, '_a6_': 0.2961417868022573, '_a0_': 1.0, '_a2_': 1.0, '_a4_': 1.0, '_a5_': 1.0, '_a7_': 1.0}};{'d0': 0.02490583291941655};-280.569866449044;44.40057879357836
14054;-95.8843544309436;(((pow2((x + _a3_)) * (_a3_ / (_a3_ * _a6_))) + pow2((_a3_ * _a1_))) * x);{'d0': {'_a1_': 3.855794705868816, '_a3_': 0.3119297078705994, '_a6_': 0.2961417868022573, '_a0_': 1.0, '_a2_': 1.0, '_a4_': 1.0, '_a5_': 1.0, '_a7_': 1.0}};{'d0': 0.02490583291941655};-280.569866449044;44.40057879357836
14055;-95.8843544309436;(((pow2((x + _a3_)) * (_a3_ / (_a3_ * _a6_))) + pow2((_a3_ * _a1_))) * x);{'d0': {'_a1_': 3.855794705868816, '_a3_': 0.3119297078705994, '_a6_': 0.2961417868022573, '_a0_': 1.0, '_a2_': 1.0, '_a4_': 1.0, '_a5_': 1.0, '_a7_': 1.0}};{'d0': 0.02490583291941655};-280.569866449044;44.40057879357836
14056;-90.0471316227963;((((pow2((x + _a3_)) * (_a3_ / (_a3_ * _a6_))) + pow2((_a3_ * _a1_))) * x) / _a3_);{'d0': {'_a1_': 2.1534870872043568, '_a3_': 0.31192970784984186, '_a6_': 0.9493862860476402, '_a0_': 1.0, '_a2_': 1.0, '_a4_': 1.0, '_a5_': 1.0, '_a7_': 1.0}};{'d0': 0.024905832919416643};-280.569866449044;50.237801601725565
14057;-90.0471316227963;((((pow2((x + _a3_)) * (_a3_ / (_a3_ * _a6_))) + pow2((_a3_ * _a1_))) * x) / _a3_);{'d0': {'_a1_': 2.1534870872043568, '_a3_': 0.31192970784984186, '_a6_': 0.9493862860476402, '_a0_': 1.0, '_a2_': 1.0, '_a4_': 1.0, '_a5_': 1.0, '_a7_': 1.0}};{'d0': 0.024905832919416643};-280.569866449044;50.237801601725565
14058;-90.0471316227963;((((pow2((x + _a3_)) * (_a3_ / (_a3_ * _a6_))) + pow2((_a3_ * _a1_))) * x) / _a3_);{'d0': {'_a1_': 2.1534870872043568, '_a3_': 0.31192970784984186, '_a6_': 0.9493862860476402, '_a0_': 1.0, '_a2_': 1.0, '_a4_': 1.0, '_a5_': 1.0, '_a7_': 1.0}};{'d0': 0.024905832919416643};-280.569866449044;50.237801601725565
14059;-90.0471316227963;((((pow2((x + _a3_)) * (_a3_ / (_a3_ * _a6_))) + pow2((_a3_ * _a1_))) * x) / _a3_);{'d0': {'_a1_': 2.1534870872043568, '_a3_': 0.31192970784984186, '_a6_': 0.9493862860476402, '_a0_': 1.0, '_a2_': 1.0, '_a4_': 1.0, '_a5_': 1.0, '_a7_': 1.0}};{'d0': 0.024905832919416643};-280.569866449044;50.237801601725565
14060;-90.0471316227963;((((pow2((x + _a3_)) * (_a3_ / (_a3_ * _a6_))) + pow2((_a3_ * _a1_))) * x) / _a3_);{'d0': {'_a1_': 2.1534870872043568, '_a3_': 0.31192970784984186, '_a6_': 0.9493862860476402, '_a0_': 1.0, '_a2_': 1.0, '_a4_': 1.0, '_a5_': 1.0, '_a7_': 1.0}};{'d0': 0.024905832919416643};-280.569866449044;50.237801601725565
14061;-94.9964715482534;((((pow2((x + _a3_)) * (_a3_ / _a0_)) + pow2((_a3_ * _a1_))) * x) / _a3_);{'d0': {'_a0_': 0.2961417869699283, '_a1_': 2.153487087519745, '_a3_': 0.3119297078203964, '_a2_': 1.0, '_a4_': 1.0, '_a5_': 1.0, '_a6_': 1.0, '_a7_': 1.0}};{'d0': 0.02490583291941657};-280.569866449044;45.28846167626857
14062;-94.9964715482534;((((pow2((x + _a3_)) * (_a3_ / _a0_)) + pow2((_a3_ * _a1_))) * x) / _a3_);{'d0': {'_a0_': 0.2961417869699283, '_a1_': 2.153487087519745, '_a3_': 0.3119297078203964, '_a2_': 1.0, '_a4_': 1.0, '_a5_': 1.0, '_a6_': 1.0, '_a7_': 1.0}};{'d0': 0.02490583291941657};-280.569866449044;45.28846167626857
14063;-94.9964715482534;((((pow2((x + _a3_)) * (_a3_ / _a0_)) + pow2((_a3_ * _a1_))) * x) / _a3_);{'d0': {'_a0_': 0.2961417869699283, '_a1_': 2.153487087519745, '_a3_': 0.3119297078203964, '_a2_': 1.0, '_a4_': 1.0, '_a5_': 1.0, '_a6_': 1.0, '_a7_': 1.0}};{'d0': 0.02490583291941657};-280.569866449044;45.28846167626857
14064;-94.9964715482534;((((pow2((x + _a3_)) * (_a3_ / _a0_)) + pow2((_a3_ * _a1_))) * x) / _a3_);{'d0': {'_a0_': 0.2961417869699283, '_a1_': 2.153487087519745, '_a3_': 0.3119297078203964, '_a2_': 1.0, '_a4_': 1.0, '_a5_': 1.0, '_a6_': 1.0, '_a7_': 1.0}};{'d0': 0.02490583291941657};-280.569866449044;45.28846167626857
14065;-94.9964715482534;((((pow2((x + _a3_)) * (_a3_ / _a0_)) + pow2((_a3_ * _a1_))) * x) / _a3_);{'d0': {'_a0_': 0.2961417869699283, '_a1_': 2.153487087519745, '_a3_': 0.3119297078203964, '_a2_': 1.0, '_a4_': 1.0, '_a5_': 1.0, '_a6_': 1.0, '_a7_': 1.0}};{'d0': 0.02490583291941657};-280.569866449044;45.28846167626857
14066;-102.012742522926;((((pow2((x + _a0_)) / pow2(pow2(_a5_))) + _a0_) * _a6_) * x);{'d0': {'_a0_': 0.3119297078784814, '_a5_': 1.0825452506214055, '_a6_': 4.637506632762347, '_a1_': 1.0, '_a2_': 1.0, '_a3_': 1.0, '_a4_': 1.0, '_a7_': 1.0}};{'d0': 0.02490583291941657};-280.569866449044;38.27219070159641
14067;-102.012742522926;((((pow2((x + _a0_)) / pow2(pow2(_a5_))) + _a0_) * _a6_) * x);{'d0': {'_a0_': 0.3119297078784814, '_a5_': 1.0825452506214055, '_a6_': 4.637506632762347, '_a1_': 1.0, '_a2_': 1.0, '_a3_': 1.0, '_a4_': 1.0, '_a7_': 1.0}};{'d0': 0.02490583291941657};-280.569866449044;38.27219070159641
14068;-99.9655702407618;((((pow2((x + _a0_)) / pow2(pow2(_a5_))) + _a7_) * _a6_) * x);{'d0': {'_a0_': 0.3119297078804956, '_a5_': 1.096101956748336, '_a6_': 4.874208450245693, '_a7_': 0.29678170544099447, '_a1_': 1.0, '_a2_': 1.0, '_a3_': 1.0, '_a4_': 1.0}};{'d0': 0.02490583292029057};-276.475521884716;38.27219070159641
14069;-99.9655702407618;((((pow2((x + _a0_)) / pow2(pow2(_a5_))) + _a7_) * _a6_) * x);{'d0': {'_a0_': 0.3119297078804956, '_a5_': 1.096101956748336, '_a6_': 4.874208450245693, '_a7_': 0.29678170544099447, '_a1_': 1.0, '_a2_': 1.0, '_a3_': 1.0, '_a4_': 1.0}};{'d0': 0.02490583292029057};-276.475521884716;38.27219070159641
14070;-99.9655702407618;((((pow2((x + _a0_)) / pow2(pow2(_a5_))) + _a7_) * _a6_) * x);{'d0': {'_a0_': 0.3119297078804956, '_a5_': 1.096101956748336, '_a6_': 4.874208450245693, '_a7_': 0.29678170544099447, '_a1_': 1.0, '_a2_': 1.0, '_a3_': 1.0, '_a4_': 1.0}};{'d0': 0.02490583292029057};-276.475521884716;38.27219070159641
14071;-99.9655702407618;((((pow2((x + _a0_)) / pow2(pow2(_a5_))) + _a7_) * _a6_) * x);{'d0': {'_a0_': 0.3119297078804956, '_a5_': 1.096101956748336, '_a6_': 4.874208450245693, '_a7_': 0.29678170544099447, '_a1_': 1.0, '_a2_': 1.0, '_a3_': 1.0, '_a4_': 1.0}};{'d0': 0.02490583292029057};-276.475521884716;38.27219070159641
14072;-99.9655702407618;((((pow2((x + _a0_)) / pow2(pow2(_a5_))) + _a7_) * _a6_) * x);{'d0': {'_a0_': 0.3119297078804956, '_a5_': 1.096101956748336, '_a6_': 4.874208450245693, '_a7_': 0.29678170544099447, '_a1_': 1.0, '_a2_': 1.0, '_a3_': 1.0, '_a4_': 1.0}};{'d0': 0.02490583292029057};-276.475521884716;38.27219070159641
14073;-102.012742522926;((((pow2((x + _a0_)) / pow2(pow2(_a6_))) + _a7_) * _a6_) * x);{'d0': {'_a0_': 0.31192970782931306, '_a6_': 0.6665507643845853, '_a7_': 2.170241438128638, '_a1_': 1.0, '_a2_': 1.0, '_a3_': 1.0, '_a4_': 1.0, '_a5_': 1.0}};{'d0': 0.024905832919416636};-280.569866449044;38.27219070159641
14074;-100.980145067591;((((pow2((x + _a0_)) / pow2(pow2(_a6_))) + _a7_) / _a6_) * x);{'d0': {'_a0_': 0.3119297077940453, '_a6_': 0.7839708926333958, '_a7_': 1.1340735477627661, '_a1_': 1.0, '_a2_': 1.0, '_a3_': 1.0, '_a4_': 1.0, '_a5_': 1.0}};{'d0': 0.024905832919416684};-280.569866449043;39.304788156930606
14075;-100.980145067591;((((pow2((x + _a0_)) / pow2(pow2(_a6_))) + _a7_) / _a6_) * x);{'d0': {'_a0_': 0.3119297077940453, '_a6_': 0.7839708926333958, '_a7_': 1.1340735477627661, '_a1_': 1.0, '_a2_': 1.0, '_a3_': 1.0, '_a4_': 1.0, '_a5_': 1.0}};{'d0': 0.024905832919416684};-280.569866449043;39.304788156930606
14076;-100.980145067591;((((pow2((x + _a0_)) / pow2(pow2(_a6_))) + _a7_) / _a6_) * x);{'d0': {'_a0_': 0.3119297077940453, '_a6_': 0.7839708926333958, '_a7_': 1.1340735477627661, '_a1_': 1.0, '_a2_': 1.0, '_a3_': 1.0, '_a4_': 1.0, '_a5_': 1.0}};{'d0': 0.024905832919416684};-280.569866449043;39.304788156930606
14077;-100.980145067591;((((pow2((x + _a0_)) / pow2(pow2(_a6_))) + _a7_) / _a6_) * x);{'d0': {'_a0_': 0.3119297077940453, '_a6_': 0.7839708926333958, '_a7_': 1.1340735477627661, '_a1_': 1.0, '_a2_': 1.0, '_a3_': 1.0, '_a4_': 1.0, '_a5_': 1.0}};{'d0': 0.024905832919416684};-280.569866449043;39.304788156930606
14078;-100.980145067591;((((pow2((x + _a0_)) / pow2(pow2(_a6_))) + _a7_) / _a6_) * x);{'d0': {'_a0_': 0.3119297077940453, '_a6_': 0.7839708926333958, '_a7_': 1.1340735477627661, '_a1_': 1.0, '_a2_': 1.0, '_a3_': 1.0, '_a4_': 1.0, '_a5_': 1.0}};{'d0': 0.024905832919416684};-280.569866449043;39.304788156930606
14079;-100.980145067591;((((pow2((x + _a0_)) / pow2(pow2(_a6_))) + _a7_) / _a6_) * x);{'d0': {'_a0_': 0.3119297077940453, '_a6_': 0.7839708926333958, '_a7_': 1.1340735477627661, '_a1_': 1.0, '_a2_': 1.0, '_a3_': 1.0, '_a4_': 1.0, '_a5_': 1.0}};{'d0': 0.024905832919416684};-280.569866449043;39.304788156930606
14080;-100.980145067591;((((pow2((x + _a0_)) / pow2(pow2(_a6_))) + _a7_) / _a6_) * x);{'d0': {'_a0_': 0.3119297077940453, '_a6_': 0.7839708926333958, '_a7_': 1.1340735477627661, '_a1_': 1.0, '_a2_': 1.0, '_a3_': 1.0, '_a4_': 1.0, '_a5_': 1.0}};{'d0': 0.024905832919416684};-280.569866449043;39.304788156930606
14081;-100.980145067591;((((pow2((x + _a0_)) / pow2(pow2(_a6_))) + _a7_) / _a6_) * x);{'d0': {'_a0_': 0.3119297077940453, '_a6_': 0.7839708926333958, '_a7_': 1.1340735477627661, '_a1_': 1.0, '_a2_': 1.0, '_a3_': 1.0, '_a4_': 1.0, '_a5_': 1.0}};{'d0': 0.024905832919416684};-280.569866449043;39.304788156930606
14082;-99.5822889035534;(((((_a0_ * _a6_) * pow2((x + (_a2_ / _a0_)))) + _a6_) * x) * _a0_);{'d0': {'_a0_': 2.334312656718974, '_a2_': 0.7281414647282974, '_a6_': 0.619701086640727, '_a1_': 1.0, '_a3_': 1.0, '_a4_': 1.0, '_a5_': 1.0, '_a7_': 1.0}};{'d0': 0.02490583291941669};-280.569866449043;40.702644320968446
14083;-99.5822889035534;(((((_a0_ * _a6_) * pow2((x + (_a2_ / _a0_)))) + _a6_) * x) * _a0_);{'d0': {'_a0_': 2.334312656718974, '_a2_': 0.7281414647282974, '_a6_': 0.619701086640727, '_a1_': 1.0, '_a3_': 1.0, '_a4_': 1.0, '_a5_': 1.0, '_a7_': 1.0}};{'d0': 0.02490583291941669};-280.569866449043;40.702644320968446
14084;-99.5822889035534;(((((_a0_ * _a6_) * pow2((x + (_a2_ / _a0_)))) + _a6_) * x) * _a0_);{'d0': {'_a0_': 2.334312656718974, '_a2_': 0.7281414647282974, '_a6_': 0.619701086640727, '_a1_': 1.0, '_a3_': 1.0, '_a4_': 1.0, '_a5_': 1.0, '_a7_': 1.0}};{'d0': 0.02490583291941669};-280.569866449043;40.702644320968446
14085;-99.5822889035534;(((((_a0_ * _a6_) * pow2((x + (_a2_ / _a0_)))) + _a6_) * x) * _a0_);{'d0': {'_a0_': 2.334312656718974, '_a2_': 0.7281414647282974, '_a6_': 0.619701086640727, '_a1_': 1.0, '_a3_': 1.0, '_a4_': 1.0, '_a5_': 1.0, '_a7_': 1.0}};{'d0': 0.02490583291941669};-280.569866449043;40.702644320968446
14086;-99.5822889035534;(((((_a0_ * _a6_) * pow2((x + (_a2_ / _a0_)))) + _a6_) * x) * _a0_);{'d0': {'_a0_': 2.334312656718974, '_a2_': 0.7281414647282974, '_a6_': 0.619701086640727, '_a1_': 1.0, '_a3_': 1.0, '_a4_': 1.0, '_a5_': 1.0, '_a7_': 1.0}};{'d0': 0.02490583291941669};-280.569866449043;40.702644320968446
14087;-99.5822889035534;(((((_a0_ * _a6_) * pow2((x + (_a2_ / _a0_)))) + _a6_) * x) * _a0_);{'d0': {'_a0_': 2.334312656718974, '_a2_': 0.7281414647282974, '_a6_': 0.619701086640727, '_a1_': 1.0, '_a3_': 1.0, '_a4_': 1.0, '_a5_': 1.0, '_a7_': 1.0}};{'d0': 0.02490583291941669};-280.569866449043;40.702644320968446
14088;-99.5822889035534;(((((_a0_ * _a6_) * pow2((x + (_a2_ / _a0_)))) + _a6_) * x) * _a0_);{'d0': {'_a0_': 2.334312656718974, '_a2_': 0.7281414647282974, '_a6_': 0.619701086640727, '_a1_': 1.0, '_a3_': 1.0, '_a4_': 1.0, '_a5_': 1.0, '_a7_': 1.0}};{'d0': 0.02490583291941669};-280.569866449043;40.702644320968446
14089;-104.531628829011;((((_a0_ * pow2((x + (_a2_ / _a0_)))) + _a6_) * x) * _a0_);{'d0': {'_a0_': 1.8375964952377486, '_a2_': 0.573200938305141, '_a6_': 0.7872109538806569, '_a1_': 1.0, '_a3_': 1.0, '_a4_': 1.0, '_a5_': 1.0, '_a7_': 1.0}};{'d0': 0.024905832919416573};-280.569866449044;35.75330439551145
14090;-104.531628829011;((((_a0_ * pow2((x + (_a2_ / _a0_)))) + _a6_) * x) * _a0_);{'d0': {'_a0_': 1.8375964952377486, '_a2_': 0.573200938305141, '_a6_': 0.7872109538806569, '_a1_': 1.0, '_a3_': 1.0, '_a4_': 1.0, '_a5_': 1.0, '_a7_': 1.0}};{'d0': 0.024905832919416573};-280.569866449044;35.75330439551145
14091;-104.531628829011;((((_a0_ * pow2((x + (_a2_ / _a0_)))) + _a6_) * x) * _a0_);{'d0': {'_a0_': 1.8375964952377486, '_a2_': 0.573200938305141, '_a6_': 0.7872109538806569, '_a1_': 1.0, '_a3_': 1.0, '_a4_': 1.0, '_a5_': 1.0, '_a7_': 1.0}};{'d0': 0.024905832919416573};-280.569866449044;35.75330439551145
14092;-104.531628829011;((((_a0_ * pow2((x + (_a2_ / _a0_)))) + _a6_) * x) * _a0_);{'d0': {'_a0_': 1.8375964952377486, '_a2_': 0.573200938305141, '_a6_': 0.7872109538806569, '_a1_': 1.0, '_a3_': 1.0, '_a4_': 1.0, '_a5_': 1.0, '_a7_': 1.0}};{'d0': 0.024905832919416573};-280.569866449044;35.75330439551145
14093;-104.531628829011;((((_a0_ * pow2((x + (_a2_ / _a0_)))) + _a6_) * x) * _a0_);{'d0': {'_a0_': 1.8375964952377486, '_a2_': 0.573200938305141, '_a6_': 0.7872109538806569, '_a1_': 1.0, '_a3_': 1.0, '_a4_': 1.0, '_a5_': 1.0, '_a7_': 1.0}};{'d0': 0.024905832919416573};-280.569866449044;35.75330439551145
14094;-104.531628829011;((((_a0_ * pow2((x + (_a2_ / _a0_)))) + _a6_) * x) * _a0_);{'d0': {'_a0_': 1.8375964952377486, '_a2_': 0.573200938305141, '_a6_': 0.7872109538806569, '_a1_': 1.0, '_a3_': 1.0, '_a4_': 1.0, '_a5_': 1.0, '_a7_': 1.0}};{'d0': 0.024905832919416573};-280.569866449044;35.75330439551145
14095;-104.531628829011;((((_a0_ * pow2((x + (_a2_ / _a0_)))) + _a6_) * x) * _a0_);{'d0': {'_a0_': 1.8375964952377486, '_a2_': 0.573200938305141, '_a6_': 0.7872109538806569, '_a1_': 1.0, '_a3_': 1.0, '_a4_': 1.0, '_a5_': 1.0, '_a7_': 1.0}};{'d0': 0.024905832919416573};-280.569866449044;35.75330439551145
14096;-104.531628829011;((((_a0_ * pow2((x + (_a2_ / _a0_)))) + _a6_) * x) * _a0_);{'d0': {'_a0_': 1.8375964952377486, '_a2_': 0.573200938305141, '_a6_': 0.7872109538806569, '_a1_': 1.0, '_a3_': 1.0, '_a4_': 1.0, '_a5_': 1.0, '_a7_': 1.0}};{'d0': 0.024905832919416573};-280.569866449044;35.75330439551145
14097;-100.980145067591;((((pow2((x + _a0_)) / pow2(pow2(_a6_))) + _a7_) / _a6_) * x);{'d0': {'_a0_': 0.3119297077940453, '_a6_': 0.7839708926333958, '_a7_': 1.1340735477627661, '_a1_': 1.0, '_a2_': 1.0, '_a3_': 1.0, '_a4_': 1.0, '_a5_': 1.0}};{'d0': 0.024905832919416684};-280.569866449043;39.304788156930606
14098;-96.1755197147782;((((pow2((x + (_a1_ * _a1_))) / pow2(pow2(_a6_))) + _a7_) / _a6_) * x);{'d0': {'_a1_': 0.5585066765708357, '_a6_': 0.7839708926195209, '_a7_': 1.1340735476050083, '_a0_': 1.0, '_a2_': 1.0, '_a3_': 1.0, '_a4_': 1.0, '_a5_': 1.0}};{'d0': 0.02490583291941671};-280.569866449043;44.109413509743604
14099;-96.1755197147782;((((pow2((x + (_a1_ * _a1_))) / pow2(pow2(_a6_))) + _a7_) / _a6_) * x);{'d0': {'_a1_': 0.5585066765708357, '_a6_': 0.7839708926195209, '_a7_': 1.1340735476050083, '_a0_': 1.0, '_a2_': 1.0, '_a3_': 1.0, '_a4_': 1.0, '_a5_': 1.0}};{'d0': 0.02490583291941671};-280.569866449043;44.109413509743604
14100;-94.1283474305941;((((pow2((x + (_a5_ * _a1_))) / pow2(pow2(_a6_))) + _a7_) / _a6_) * x);{'d0': {'_a1_': 0.3393860964828219, '_a5_': 0.9190994948559512, '_a6_': 0.7839708926841618, '_a7_': 1.1340735479986253, '_a0_': 1.0, '_a2_': 1.0, '_a3_': 1.0, '_a4_': 1.0}};{'d0': 0.024905832921967946};-276.475521880675;44.109413509743604
14101;-94.1283474305941;((((pow2((x + (_a5_ * _a1_))) / pow2(pow2(_a6_))) + _a7_) / _a6_) * x);{'d0': {'_a1_': 0.3393860964828219, '_a5_': 0.9190994948559512, '_a6_': 0.7839708926841618, '_a7_': 1.1340735479986253, '_a0_': 1.0, '_a2_': 1.0, '_a3_': 1.0, '_a4_': 1.0}};{'d0': 0.024905832921967946};-276.475521880675;44.109413509743604
14102;-94.1283474305941;((((pow2((x + (_a5_ * _a1_))) / pow2(pow2(_a6_))) + _a7_) / _a6_) * x);{'d0': {'_a1_': 0.3393860964828219, '_a5_': 0.9190994948559512, '_a6_': 0.7839708926841618, '_a7_': 1.1340735479986253, '_a0_': 1.0, '_a2_': 1.0, '_a3_': 1.0, '_a4_': 1.0}};{'d0': 0.024905832921967946};-276.475521880675;44.109413509743604
14103;-100.980145067591;((((pow2((x + _a0_)) / pow2(pow2(_a6_))) + _a7_) / _a6_) * x);{'d0': {'_a0_': 0.3119297077940453, '_a6_': 0.7839708926333958, '_a7_': 1.1340735477627661, '_a1_': 1.0, '_a2_': 1.0, '_a3_': 1.0, '_a4_': 1.0, '_a5_': 1.0}};{'d0': 0.024905832919416684};-280.569866449043;39.304788156930606
14104;-100.980145067591;((((pow2((x + _a0_)) / pow2(pow2(_a6_))) + _a7_) / _a6_) * x);{'d0': {'_a0_': 0.3119297077940453, '_a6_': 0.7839708926333958, '_a7_': 1.1340735477627661, '_a1_': 1.0, '_a2_': 1.0, '_a3_': 1.0, '_a4_': 1.0, '_a5_': 1.0}};{'d0': 0.024905832919416684};-280.569866449043;39.304788156930606
14105;-100.980145067591;((((pow2((x + _a0_)) / pow2(pow2(_a6_))) + _a7_) / _a6_) * x);{'d0': {'_a0_': 0.3119297077940453, '_a6_': 0.7839708926333958, '_a7_': 1.1340735477627661, '_a1_': 1.0, '_a2_': 1.0, '_a3_': 1.0, '_a4_': 1.0, '_a5_': 1.0}};{'d0': 0.024905832919416684};-280.569866449043;39.304788156930606
14106;-100.980145067591;((((pow2((x + _a0_)) / pow2(pow2(_a6_))) + _a7_) / _a6_) * x);{'d0': {'_a0_': 0.3119297077940453, '_a6_': 0.7839708926333958, '_a7_': 1.1340735477627661, '_a1_': 1.0, '_a2_': 1.0, '_a3_': 1.0, '_a4_': 1.0, '_a5_': 1.0}};{'d0': 0.024905832919416684};-280.569866449043;39.304788156930606
14107;-100.980145067591;((((pow2((x + _a0_)) / pow2(pow2(_a6_))) + _a7_) / _a6_) * x);{'d0': {'_a0_': 0.3119297077940453, '_a6_': 0.7839708926333958, '_a7_': 1.1340735477627661, '_a1_': 1.0, '_a2_': 1.0, '_a3_': 1.0, '_a4_': 1.0, '_a5_': 1.0}};{'d0': 0.024905832919416684};-280.569866449043;39.304788156930606
14108;-100.980145067591;((((pow2((x + _a0_)) / pow2(pow2(_a6_))) + _a7_) / _a6_) * x);{'d0': {'_a0_': 0.3119297077940453, '_a6_': 0.7839708926333958, '_a7_': 1.1340735477627661, '_a1_': 1.0, '_a2_': 1.0, '_a3_': 1.0, '_a4_': 1.0, '_a5_': 1.0}};{'d0': 0.024905832919416684};-280.569866449043;39.304788156930606
14109;-100.980145067591;((((pow2((x + _a0_)) / pow2(pow2(_a6_))) + _a7_) / _a6_) * x);{'d0': {'_a0_': 0.3119297077940453, '_a6_': 0.7839708926333958, '_a7_': 1.1340735477627661, '_a1_': 1.0, '_a2_': 1.0, '_a3_': 1.0, '_a4_': 1.0, '_a5_': 1.0}};{'d0': 0.024905832919416684};-280.569866449043;39.304788156930606
14110;-100.980145067591;((((pow2((x + _a0_)) / pow2(pow2(_a6_))) + _a7_) / _a6_) * x);{'d0': {'_a0_': 0.3119297077940453, '_a6_': 0.7839708926333958, '_a7_': 1.1340735477627661, '_a1_': 1.0, '_a2_': 1.0, '_a3_': 1.0, '_a4_': 1.0, '_a5_': 1.0}};{'d0': 0.024905832919416684};-280.569866449043;39.304788156930606
14111;-100.980145067591;((((pow2((x + _a0_)) / pow2(pow2(_a6_))) + _a7_) / _a6_) * x);{'d0': {'_a0_': 0.3119297077940453, '_a6_': 0.7839708926333958, '_a7_': 1.1340735477627661, '_a1_': 1.0, '_a2_': 1.0, '_a3_': 1.0, '_a4_': 1.0, '_a5_': 1.0}};{'d0': 0.024905832919416684};-280.569866449043;39.304788156930606
14112;-100.980145067591;((((pow2((x + _a0_)) / pow2(pow2(_a6_))) + _a7_) / _a6_) * x);{'d0': {'_a0_': 0.3119297077940453, '_a6_': 0.7839708926333958, '_a7_': 1.1340735477627661, '_a1_': 1.0, '_a2_': 1.0, '_a3_': 1.0, '_a4_': 1.0, '_a5_': 1.0}};{'d0': 0.024905832919416684};-280.569866449043;39.304788156930606
14113;-100.980145067591;((((pow2((x + _a0_)) / pow2(pow2(_a6_))) + _a7_) / _a6_) * x);{'d0': {'_a0_': 0.3119297077940453, '_a6_': 0.7839708926333958, '_a7_': 1.1340735477627661, '_a1_': 1.0, '_a2_': 1.0, '_a3_': 1.0, '_a4_': 1.0, '_a5_': 1.0}};{'d0': 0.024905832919416684};-280.569866449043;39.304788156930606
14114;-100.980145067591;((((pow2((x + _a0_)) / pow2(pow2(_a6_))) + _a7_) / _a6_) * x);{'d0': {'_a0_': 0.3119297077940453, '_a6_': 0.7839708926333958, '_a7_': 1.1340735477627661, '_a1_': 1.0, '_a2_': 1.0, '_a3_': 1.0, '_a4_': 1.0, '_a5_': 1.0}};{'d0': 0.024905832919416684};-280.569866449043;39.304788156930606
14115;-99.1722967989005;((((pow2((x + _a3_)) * _a7_) + log(_a5_)) * (x * _a3_)) / _a3_);{'d0': {'_a3_': 0.311929707901523, '_a5_': 4.248542952748851, '_a7_': 3.3767608786436654, '_a0_': 1.0, '_a1_': 1.0, '_a2_': 1.0, '_a4_': 1.0, '_a6_': 1.0}};{'d0': 0.024905832919416664};-280.569866449044;41.11263642562137
14116;-99.1722967989005;((((pow2((x + _a3_)) * _a7_) + log(_a5_)) * (x * _a3_)) / _a3_);{'d0': {'_a3_': 0.311929707901523, '_a5_': 4.248542952748851, '_a7_': 3.3767608786436654, '_a0_': 1.0, '_a1_': 1.0, '_a2_': 1.0, '_a4_': 1.0, '_a6_': 1.0}};{'d0': 0.024905832919416664};-280.569866449044;41.11263642562137
14117;-99.1722967989005;((((pow2((x + _a3_)) * _a7_) + log(_a5_)) * (x * _a3_)) / _a3_);{'d0': {'_a3_': 0.311929707901523, '_a5_': 4.248542952748851, '_a7_': 3.3767608786436654, '_a0_': 1.0, '_a1_': 1.0, '_a2_': 1.0, '_a4_': 1.0, '_a6_': 1.0}};{'d0': 0.024905832919416664};-280.569866449044;41.11263642562137
14118;-99.1722967989005;((((pow2((x + _a3_)) * _a7_) + log(_a5_)) * (x * _a3_)) / _a3_);{'d0': {'_a3_': 0.311929707901523, '_a5_': 4.248542952748851, '_a7_': 3.3767608786436654, '_a0_': 1.0, '_a1_': 1.0, '_a2_': 1.0, '_a4_': 1.0, '_a6_': 1.0}};{'d0': 0.024905832919416664};-280.569866449044;41.11263642562137
14119;-99.1722967989005;((((pow2((x + _a3_)) * _a7_) + log(_a5_)) * (x * _a3_)) / _a3_);{'d0': {'_a3_': 0.311929707901523, '_a5_': 4.248542952748851, '_a7_': 3.3767608786436654, '_a0_': 1.0, '_a1_': 1.0, '_a2_': 1.0, '_a4_': 1.0, '_a6_': 1.0}};{'d0': 0.024905832919416664};-280.569866449044;41.11263642562137
14120;-99.1722967989005;((((pow2((x + _a3_)) * _a7_) + log(_a5_)) * (x * _a3_)) / _a3_);{'d0': {'_a3_': 0.311929707901523, '_a5_': 4.248542952748851, '_a7_': 3.3767608786436654, '_a0_': 1.0, '_a1_': 1.0, '_a2_': 1.0, '_a4_': 1.0, '_a6_': 1.0}};{'d0': 0.024905832919416664};-280.569866449044;41.11263642562137
14121;-99.1722967989005;((((pow2((x + _a3_)) * _a7_) + log(_a5_)) * (x * _a3_)) / _a3_);{'d0': {'_a3_': 0.311929707901523, '_a5_': 4.248542952748851, '_a7_': 3.3767608786436654, '_a0_': 1.0, '_a1_': 1.0, '_a2_': 1.0, '_a4_': 1.0, '_a6_': 1.0}};{'d0': 0.024905832919416664};-280.569866449044;41.11263642562137
14122;-97.2822105949814;((((pow2((x + _a0_)) / pow2(pow2(_a6_))) + pow2(_a3_)) / _a6_) * x);{'d0': {'_a0_': 0.31192970778429957, '_a3_': 1.0649288935359915, '_a6_': 0.7839708927160458, '_a1_': 1.0, '_a2_': 1.0, '_a4_': 1.0, '_a5_': 1.0, '_a7_': 1.0}};{'d0': 0.02490583291941658};-280.569866449044;43.00272262954061
14123;-97.2822105949814;((((pow2((x + _a0_)) / pow2(pow2(_a6_))) + pow2(_a3_)) / _a6_) * x);{'d0': {'_a0_': 0.31192970778429957, '_a3_': 1.0649288935359915, '_a6_': 0.7839708927160458, '_a1_': 1.0, '_a2_': 1.0, '_a4_': 1.0, '_a5_': 1.0, '_a7_': 1.0}};{'d0': 0.02490583291941658};-280.569866449044;43.00272262954061
14124;-99.1722967989005;((((pow2((x + _a3_)) * _a7_) + log(_a5_)) * (x * _a3_)) / _a3_);{'d0': {'_a3_': 0.311929707901523, '_a5_': 4.248542952748851, '_a7_': 3.3767608786436654, '_a0_': 1.0, '_a1_': 1.0, '_a2_': 1.0, '_a4_': 1.0, '_a6_': 1.0}};{'d0': 0.024905832919416664};-280.569866449044;41.11263642562137
14125;-99.1722967989005;((((pow2((x + _a3_)) * _a7_) + log(_a5_)) * (x * _a3_)) / _a3_);{'d0': {'_a3_': 0.311929707901523, '_a5_': 4.248542952748851, '_a7_': 3.3767608786436654, '_a0_': 1.0, '_a1_': 1.0, '_a2_': 1.0, '_a4_': 1.0, '_a6_': 1.0}};{'d0': 0.024905832919416664};-280.569866449044;41.11263642562137
14126;-99.1722967989005;((((pow2((x + _a3_)) * _a7_) + log(_a5_)) * (x * _a3_)) / _a3_);{'d0': {'_a3_': 0.311929707901523, '_a5_': 4.248542952748851, '_a7_': 3.3767608786436654, '_a0_': 1.0, '_a1_': 1.0, '_a2_': 1.0, '_a4_': 1.0, '_a6_': 1.0}};{'d0': 0.024905832919416664};-280.569866449044;41.11263642562137
14127;-99.1722967989005;((((pow2((x + _a3_)) * _a7_) + log(_a5_)) * (x * _a3_)) / _a3_);{'d0': {'_a3_': 0.311929707901523, '_a5_': 4.248542952748851, '_a7_': 3.3767608786436654, '_a0_': 1.0, '_a1_': 1.0, '_a2_': 1.0, '_a4_': 1.0, '_a6_': 1.0}};{'d0': 0.024905832919416664};-280.569866449044;41.11263642562137
14128;-99.1722967989005;((((pow2((x + _a3_)) * _a7_) + log(_a5_)) * (x * _a3_)) / _a3_);{'d0': {'_a3_': 0.311929707901523, '_a5_': 4.248542952748851, '_a7_': 3.3767608786436654, '_a0_': 1.0, '_a1_': 1.0, '_a2_': 1.0, '_a4_': 1.0, '_a6_': 1.0}};{'d0': 0.024905832919416664};-280.569866449044;41.11263642562137
14129;-99.1722967989005;((((pow2((x + _a3_)) * _a7_) + log(_a5_)) * (x * _a3_)) / _a3_);{'d0': {'_a3_': 0.311929707901523, '_a5_': 4.248542952748851, '_a7_': 3.3767608786436654, '_a0_': 1.0, '_a1_': 1.0, '_a2_': 1.0, '_a4_': 1.0, '_a6_': 1.0}};{'d0': 0.024905832919416664};-280.569866449044;41.11263642562137
14130;-99.1722967989005;((((pow2((x + _a3_)) * _a7_) + log(_a5_)) * (x * _a3_)) / _a3_);{'d0': {'_a3_': 0.311929707901523, '_a5_': 4.248542952748851, '_a7_': 3.3767608786436654, '_a0_': 1.0, '_a1_': 1.0, '_a2_': 1.0, '_a4_': 1.0, '_a6_': 1.0}};{'d0': 0.024905832919416664};-280.569866449044;41.11263642562137
14131;-99.1722967989005;((((pow2((x + _a3_)) * _a7_) + log(_a5_)) * (x * _a3_)) / _a3_);{'d0': {'_a3_': 0.311929707901523, '_a5_': 4.248542952748851, '_a7_': 3.3767608786436654, '_a0_': 1.0, '_a1_': 1.0, '_a2_': 1.0, '_a4_': 1.0, '_a6_': 1.0}};{'d0': 0.024905832919416664};-280.569866449044;41.11263642562137
14132;-99.1722967989005;((((pow2((x + _a3_)) * _a7_) + log(_a5_)) * (x * _a3_)) / _a3_);{'d0': {'_a3_': 0.311929707901523, '_a5_': 4.248542952748851, '_a7_': 3.3767608786436654, '_a0_': 1.0, '_a1_': 1.0, '_a2_': 1.0, '_a4_': 1.0, '_a6_': 1.0}};{'d0': 0.024905832919416664};-280.569866449044;41.11263642562137
14133;-99.1722967989005;((((pow2((x + _a3_)) * _a7_) + log(_a5_)) * (x * _a3_)) / _a3_);{'d0': {'_a3_': 0.311929707901523, '_a5_': 4.248542952748851, '_a7_': 3.3767608786436654, '_a0_': 1.0, '_a1_': 1.0, '_a2_': 1.0, '_a4_': 1.0, '_a6_': 1.0}};{'d0': 0.024905832919416664};-280.569866449044;41.11263642562137
14134;-99.1722967989005;((((pow2((x + _a3_)) * _a7_) + log(_a5_)) * (x * _a3_)) / _a3_);{'d0': {'_a3_': 0.311929707901523, '_a5_': 4.248542952748851, '_a7_': 3.3767608786436654, '_a0_': 1.0, '_a1_': 1.0, '_a2_': 1.0, '_a4_': 1.0, '_a6_': 1.0}};{'d0': 0.024905832919416664};-280.569866449044;41.11263642562137
14135;-99.1722967989005;((((pow2((x + _a3_)) * _a7_) + log(_a5_)) * (x * _a3_)) / _a3_);{'d0': {'_a3_': 0.311929707901523, '_a5_': 4.248542952748851, '_a7_': 3.3767608786436654, '_a0_': 1.0, '_a1_': 1.0, '_a2_': 1.0, '_a4_': 1.0, '_a6_': 1.0}};{'d0': 0.024905832919416664};-280.569866449044;41.11263642562137
14136;-99.1722967989005;((((pow2((x + _a3_)) * _a7_) + log(_a5_)) * (x * _a3_)) / _a3_);{'d0': {'_a3_': 0.311929707901523, '_a5_': 4.248542952748851, '_a7_': 3.3767608786436654, '_a0_': 1.0, '_a1_': 1.0, '_a2_': 1.0, '_a4_': 1.0, '_a6_': 1.0}};{'d0': 0.024905832919416664};-280.569866449044;41.11263642562137
14137;-99.1722967989005;((((pow2((x + _a3_)) * _a7_) + log(_a5_)) * (x * _a3_)) / _a3_);{'d0': {'_a3_': 0.311929707901523, '_a5_': 4.248542952748851, '_a7_': 3.3767608786436654, '_a0_': 1.0, '_a1_': 1.0, '_a2_': 1.0, '_a4_': 1.0, '_a6_': 1.0}};{'d0': 0.024905832919416664};-280.569866449044;41.11263642562137
14138;-99.1722967989005;((((pow2((x + _a3_)) * _a7_) + log(_a5_)) * (x * _a3_)) / _a3_);{'d0': {'_a3_': 0.311929707901523, '_a5_': 4.248542952748851, '_a7_': 3.3767608786436654, '_a0_': 1.0, '_a1_': 1.0, '_a2_': 1.0, '_a4_': 1.0, '_a6_': 1.0}};{'d0': 0.024905832919416664};-280.569866449044;41.11263642562137
14139;-99.1722967989005;((((pow2((x + _a3_)) * _a7_) + log(_a5_)) * (x * _a3_)) / _a3_);{'d0': {'_a3_': 0.311929707901523, '_a5_': 4.248542952748851, '_a7_': 3.3767608786436654, '_a0_': 1.0, '_a1_': 1.0, '_a2_': 1.0, '_a4_': 1.0, '_a6_': 1.0}};{'d0': 0.024905832919416664};-280.569866449044;41.11263642562137
14140;-99.1722967989005;((((pow2((x + _a3_)) * _a7_) + log(_a5_)) * (x * _a3_)) / _a3_);{'d0': {'_a3_': 0.311929707901523, '_a5_': 4.248542952748851, '_a7_': 3.3767608786436654, '_a0_': 1.0, '_a1_': 1.0, '_a2_': 1.0, '_a4_': 1.0, '_a6_': 1.0}};{'d0': 0.024905832919416664};-280.569866449044;41.11263642562137
14141;-99.1722967989005;((((pow2((x + _a3_)) * _a7_) + log(_a5_)) * (x * _a3_)) / _a3_);{'d0': {'_a3_': 0.311929707901523, '_a5_': 4.248542952748851, '_a7_': 3.3767608786436654, '_a0_': 1.0, '_a1_': 1.0, '_a2_': 1.0, '_a4_': 1.0, '_a6_': 1.0}};{'d0': 0.024905832919416664};-280.569866449044;41.11263642562137
14142;-99.1722967989005;((((pow2((x + _a3_)) * _a7_) + log(_a5_)) * (x * _a3_)) / _a3_);{'d0': {'_a3_': 0.311929707901523, '_a5_': 4.248542952748851, '_a7_': 3.3767608786436654, '_a0_': 1.0, '_a1_': 1.0, '_a2_': 1.0, '_a4_': 1.0, '_a6_': 1.0}};{'d0': 0.024905832919416664};-280.569866449044;41.11263642562137
14143;-99.1722967989005;((((pow2((x + _a3_)) * _a7_) + log(_a5_)) * (x * _a3_)) / _a3_);{'d0': {'_a3_': 0.311929707901523, '_a5_': 4.248542952748851, '_a7_': 3.3767608786436654, '_a0_': 1.0, '_a1_': 1.0, '_a2_': 1.0, '_a4_': 1.0, '_a6_': 1.0}};{'d0': 0.024905832919416664};-280.569866449044;41.11263642562137
14144;-99.1722967989005;((((pow2((x + _a3_)) * _a7_) + log(_a5_)) * (x * _a3_)) / _a3_);{'d0': {'_a3_': 0.311929707901523, '_a5_': 4.248542952748851, '_a7_': 3.3767608786436654, '_a0_': 1.0, '_a1_': 1.0, '_a2_': 1.0, '_a4_': 1.0, '_a6_': 1.0}};{'d0': 0.024905832919416664};-280.569866449044;41.11263642562137
14145;-99.1722967989005;((((pow2((x + _a3_)) * _a7_) + log(_a5_)) * (x * _a3_)) / _a3_);{'d0': {'_a3_': 0.311929707901523, '_a5_': 4.248542952748851, '_a7_': 3.3767608786436654, '_a0_': 1.0, '_a1_': 1.0, '_a2_': 1.0, '_a4_': 1.0, '_a6_': 1.0}};{'d0': 0.024905832919416664};-280.569866449044;41.11263642562137
14146;-99.1722967989005;((((pow2((x + _a3_)) * _a7_) + log(_a5_)) * (x * _a3_)) / _a3_);{'d0': {'_a3_': 0.311929707901523, '_a5_': 4.248542952748851, '_a7_': 3.3767608786436654, '_a0_': 1.0, '_a1_': 1.0, '_a2_': 1.0, '_a4_': 1.0, '_a6_': 1.0}};{'d0': 0.024905832919416664};-280.569866449044;41.11263642562137
14147;-99.1722967989005;((((pow2((x + _a3_)) * _a7_) + log(_a5_)) * (x * _a3_)) / _a3_);{'d0': {'_a3_': 0.311929707901523, '_a5_': 4.248542952748851, '_a7_': 3.3767608786436654, '_a0_': 1.0, '_a1_': 1.0, '_a2_': 1.0, '_a4_': 1.0, '_a6_': 1.0}};{'d0': 0.024905832919416664};-280.569866449044;41.11263642562137
14148;-99.1722967989005;((((pow2((x + _a3_)) * _a7_) + log(_a5_)) * (x * _a3_)) / _a3_);{'d0': {'_a3_': 0.311929707901523, '_a5_': 4.248542952748851, '_a7_': 3.3767608786436654, '_a0_': 1.0, '_a1_': 1.0, '_a2_': 1.0, '_a4_': 1.0, '_a6_': 1.0}};{'d0': 0.024905832919416664};-280.569866449044;41.11263642562137
14149;-99.1722967989005;((((pow2((x + _a3_)) * _a7_) + log(_a5_)) * (x * _a3_)) / _a3_);{'d0': {'_a3_': 0.311929707901523, '_a5_': 4.248542952748851, '_a7_': 3.3767608786436654, '_a0_': 1.0, '_a1_': 1.0, '_a2_': 1.0, '_a4_': 1.0, '_a6_': 1.0}};{'d0': 0.024905832919416664};-280.569866449044;41.11263642562137
14150;-99.1722967989005;((((pow2((x + _a3_)) * _a7_) + log(_a5_)) * (x * _a3_)) / _a3_);{'d0': {'_a3_': 0.311929707901523, '_a5_': 4.248542952748851, '_a7_': 3.3767608786436654, '_a0_': 1.0, '_a1_': 1.0, '_a2_': 1.0, '_a4_': 1.0, '_a6_': 1.0}};{'d0': 0.024905832919416664};-280.569866449044;41.11263642562137
14151;-99.1722967989005;((((pow2((x + _a3_)) * _a7_) + log(_a5_)) * (x * _a3_)) / _a3_);{'d0': {'_a3_': 0.311929707901523, '_a5_': 4.248542952748851, '_a7_': 3.3767608786436654, '_a0_': 1.0, '_a1_': 1.0, '_a2_': 1.0, '_a4_': 1.0, '_a6_': 1.0}};{'d0': 0.024905832919416664};-280.569866449044;41.11263642562137
14152;-99.1722967989005;((((pow2((x + _a3_)) * _a7_) + log(_a5_)) * (x * _a3_)) / _a3_);{'d0': {'_a3_': 0.311929707901523, '_a5_': 4.248542952748851, '_a7_': 3.3767608786436654, '_a0_': 1.0, '_a1_': 1.0, '_a2_': 1.0, '_a4_': 1.0, '_a6_': 1.0}};{'d0': 0.024905832919416664};-280.569866449044;41.11263642562137
14153;-99.1722967989005;((((pow2((x + _a3_)) * _a7_) + log(_a5_)) * (x * _a3_)) / _a3_);{'d0': {'_a3_': 0.311929707901523, '_a5_': 4.248542952748851, '_a7_': 3.3767608786436654, '_a0_': 1.0, '_a1_': 1.0, '_a2_': 1.0, '_a4_': 1.0, '_a6_': 1.0}};{'d0': 0.024905832919416664};-280.569866449044;41.11263642562137
14154;-99.1722967989005;((((pow2((x + _a3_)) * _a7_) + log(_a5_)) * (x * _a3_)) / _a3_);{'d0': {'_a3_': 0.311929707901523, '_a5_': 4.248542952748851, '_a7_': 3.3767608786436654, '_a0_': 1.0, '_a1_': 1.0, '_a2_': 1.0, '_a4_': 1.0, '_a6_': 1.0}};{'d0': 0.024905832919416664};-280.569866449044;41.11263642562137
14155;-99.1722967989005;((((pow2((x + _a3_)) * _a7_) + log(_a5_)) * (x * _a3_)) / _a3_);{'d0': {'_a3_': 0.311929707901523, '_a5_': 4.248542952748851, '_a7_': 3.3767608786436654, '_a0_': 1.0, '_a1_': 1.0, '_a2_': 1.0, '_a4_': 1.0, '_a6_': 1.0}};{'d0': 0.024905832919416664};-280.569866449044;41.11263642562137
14156;-98.6944060208632;((((pow2((x + _a3_)) * _a7_) + (_a3_ / _a0_)) * (x * _a3_)) / _a3_);{'d0': {'_a0_': 0.21563311479346, '_a3_': 0.31192970789778757, '_a7_': 3.376760879528853, '_a1_': 1.0, '_a2_': 1.0, '_a4_': 1.0, '_a5_': 1.0, '_a6_': 1.0}};{'d0': 0.024905832919416677};-280.569866449043;41.59052720365857
14157;-98.6944060208632;((((pow2((x + _a3_)) * _a7_) + (_a3_ / _a0_)) * (x * _a3_)) / _a3_);{'d0': {'_a0_': 0.21563311479346, '_a3_': 0.31192970789778757, '_a7_': 3.376760879528853, '_a1_': 1.0, '_a2_': 1.0, '_a4_': 1.0, '_a5_': 1.0, '_a6_': 1.0}};{'d0': 0.024905832919416677};-280.569866449043;41.59052720365857
14158;-98.6944060208632;((((pow2((x + _a3_)) * _a7_) + (_a3_ / _a0_)) * (x * _a3_)) / _a3_);{'d0': {'_a0_': 0.21563311479346, '_a3_': 0.31192970789778757, '_a7_': 3.376760879528853, '_a1_': 1.0, '_a2_': 1.0, '_a4_': 1.0, '_a5_': 1.0, '_a6_': 1.0}};{'d0': 0.024905832919416677};-280.569866449043;41.59052720365857
14159;-98.6944060208632;((((pow2((x + _a3_)) * _a7_) + (_a3_ / _a0_)) * (x * _a3_)) / _a3_);{'d0': {'_a0_': 0.21563311479346, '_a3_': 0.31192970789778757, '_a7_': 3.376760879528853, '_a1_': 1.0, '_a2_': 1.0, '_a4_': 1.0, '_a5_': 1.0, '_a6_': 1.0}};{'d0': 0.024905832919416677};-280.569866449043;41.59052720365857
14160;-104.531628829011;(((pow2((x + _a3_)) * _a7_) + (_a3_ / _a0_)) * (x * _a3_));{'d0': {'_a0_': 0.06726237441167077, '_a3_': 0.3119297077060877, '_a7_': 10.82539044377185, '_a1_': 1.0, '_a2_': 1.0, '_a4_': 1.0, '_a5_': 1.0, '_a6_': 1.0}};{'d0': 0.024905832919416532};-280.569866449044;35.753304395511364
14161;-104.531628829011;(((pow2((x + _a3_)) * _a7_) + (_a3_ / _a0_)) * (x * _a7_));{'d0': {'_a0_': 0.39624665574441076, '_a3_': 0.3119297078426049, '_a7_': 1.8375964948598433, '_a1_': 1.0, '_a2_': 1.0, '_a4_': 1.0, '_a5_': 1.0, '_a6_': 1.0}};{'d0': 0.02490583291941662};-280.569866449044;35.753304395511364
14162;-104.531628829011;(((pow2((x + _a3_)) * _a7_) + (_a3_ / _a0_)) * (x * _a7_));{'d0': {'_a0_': 0.39624665574441076, '_a3_': 0.3119297078426049, '_a7_': 1.8375964948598433, '_a1_': 1.0, '_a2_': 1.0, '_a4_': 1.0, '_a5_': 1.0, '_a6_': 1.0}};{'d0': 0.02490583291941662};-280.569866449044;35.753304395511364
14163;-104.531628829011;(((pow2((x + _a3_)) * _a7_) + (_a3_ / _a0_)) * (x * _a7_));{'d0': {'_a0_': 0.39624665574441076, '_a3_': 0.3119297078426049, '_a7_': 1.8375964948598433, '_a1_': 1.0, '_a2_': 1.0, '_a4_': 1.0, '_a5_': 1.0, '_a6_': 1.0}};{'d0': 0.02490583291941662};-280.569866449044;35.753304395511364
14164;-104.531628829010;(((pow2((x + _a3_)) * _a3_) + (_a3_ / _a0_)) * (x * _a7_));{'d0': {'_a0_': 2.334312660873106, '_a3_': 0.3119297078235984, '_a7_': 10.825390448077945, '_a1_': 1.0, '_a2_': 1.0, '_a4_': 1.0, '_a5_': 1.0, '_a6_': 1.0}};{'d0': 0.02490583291941663};-280.569866449044;35.753304395511364
14165;-104.531628829010;(((pow2((x + _a3_)) * _a3_) + (_a3_ / _a0_)) * (x * _a7_));{'d0': {'_a0_': 2.334312660873106, '_a3_': 0.3119297078235984, '_a7_': 10.825390448077945, '_a1_': 1.0, '_a2_': 1.0, '_a4_': 1.0, '_a5_': 1.0, '_a6_': 1.0}};{'d0': 0.02490583291941663};-280.569866449044;35.753304395511364
14166;-104.531628829010;(((pow2((x + _a3_)) * _a3_) + (_a3_ / _a0_)) * (x * _a7_));{'d0': {'_a0_': 2.334312660873106, '_a3_': 0.3119297078235984, '_a7_': 10.825390448077945, '_a1_': 1.0, '_a2_': 1.0, '_a4_': 1.0, '_a5_': 1.0, '_a6_': 1.0}};{'d0': 0.02490583291941663};-280.569866449044;35.753304395511364
14167;-104.531628829010;(((pow2((x + _a3_)) * _a3_) + (_a3_ / _a0_)) * (x * _a7_));{'d0': {'_a0_': 2.334312660873106, '_a3_': 0.3119297078235984, '_a7_': 10.825390448077945, '_a1_': 1.0, '_a2_': 1.0, '_a4_': 1.0, '_a5_': 1.0, '_a6_': 1.0}};{'d0': 0.02490583291941663};-280.569866449044;35.753304395511364
14168;-104.531628829010;(((pow2((x + _a3_)) * _a3_) + (_a3_ / _a0_)) * (x * _a7_));{'d0': {'_a0_': 2.334312660873106, '_a3_': 0.3119297078235984, '_a7_': 10.825390448077945, '_a1_': 1.0, '_a2_': 1.0, '_a4_': 1.0, '_a5_': 1.0, '_a6_': 1.0}};{'d0': 0.02490583291941663};-280.569866449044;35.753304395511364
14169;-104.531628829010;(((pow2((x + _a3_)) * _a3_) + (_a3_ / _a0_)) * (x * _a7_));{'d0': {'_a0_': 2.334312660873106, '_a3_': 0.3119297078235984, '_a7_': 10.825390448077945, '_a1_': 1.0, '_a2_': 1.0, '_a4_': 1.0, '_a5_': 1.0, '_a6_': 1.0}};{'d0': 0.02490583291941663};-280.569866449044;35.753304395511364
14170;-104.531628829010;(((pow2((x + _a3_)) * _a3_) + (_a3_ / _a0_)) * (x * _a7_));{'d0': {'_a0_': 2.334312660873106, '_a3_': 0.3119297078235984, '_a7_': 10.825390448077945, '_a1_': 1.0, '_a2_': 1.0, '_a4_': 1.0, '_a5_': 1.0, '_a6_': 1.0}};{'d0': 0.02490583291941663};-280.569866449044;35.753304395511364
14171;-104.531628829010;(((pow2((x + _a3_)) * _a3_) + (_a3_ / _a0_)) * (x * _a7_));{'d0': {'_a0_': 2.334312660873106, '_a3_': 0.3119297078235984, '_a7_': 10.825390448077945, '_a1_': 1.0, '_a2_': 1.0, '_a4_': 1.0, '_a5_': 1.0, '_a6_': 1.0}};{'d0': 0.02490583291941663};-280.569866449044;35.753304395511364
14172;-104.531628829010;(((pow2((x + _a3_)) * _a3_) + (_a3_ / _a0_)) * (x * _a7_));{'d0': {'_a0_': 2.334312660873106, '_a3_': 0.3119297078235984, '_a7_': 10.825390448077945, '_a1_': 1.0, '_a2_': 1.0, '_a4_': 1.0, '_a5_': 1.0, '_a6_': 1.0}};{'d0': 0.02490583291941663};-280.569866449044;35.753304395511364
14173;-104.531628829010;(((pow2((x + _a3_)) * _a3_) + (_a3_ / _a0_)) * (x * _a7_));{'d0': {'_a0_': 2.334312660873106, '_a3_': 0.3119297078235984, '_a7_': 10.825390448077945, '_a1_': 1.0, '_a2_': 1.0, '_a4_': 1.0, '_a5_': 1.0, '_a6_': 1.0}};{'d0': 0.02490583291941663};-280.569866449044;35.753304395511364
14174;-104.531628829010;(((pow2((x + _a3_)) * _a3_) + (_a3_ / _a0_)) * (x * _a7_));{'d0': {'_a0_': 2.334312660873106, '_a3_': 0.3119297078235984, '_a7_': 10.825390448077945, '_a1_': 1.0, '_a2_': 1.0, '_a4_': 1.0, '_a5_': 1.0, '_a6_': 1.0}};{'d0': 0.02490583291941663};-280.569866449044;35.753304395511364
14175;-104.531628829010;(((pow2((x + _a3_)) * _a3_) + (_a3_ / _a0_)) * (x * _a7_));{'d0': {'_a0_': 2.334312660873106, '_a3_': 0.3119297078235984, '_a7_': 10.825390448077945, '_a1_': 1.0, '_a2_': 1.0, '_a4_': 1.0, '_a5_': 1.0, '_a6_': 1.0}};{'d0': 0.02490583291941663};-280.569866449044;35.753304395511364
14176;-104.531628829010;(((pow2((x + _a3_)) * _a3_) + (_a3_ / _a0_)) * (x * _a7_));{'d0': {'_a0_': 2.334312660873106, '_a3_': 0.3119297078235984, '_a7_': 10.825390448077945, '_a1_': 1.0, '_a2_': 1.0, '_a4_': 1.0, '_a5_': 1.0, '_a6_': 1.0}};{'d0': 0.02490583291941663};-280.569866449044;35.753304395511364
14177;-104.531628829010;(((pow2((x + _a3_)) * _a3_) + (_a3_ / _a0_)) * (x * _a7_));{'d0': {'_a0_': 2.334312660873106, '_a3_': 0.3119297078235984, '_a7_': 10.825390448077945, '_a1_': 1.0, '_a2_': 1.0, '_a4_': 1.0, '_a5_': 1.0, '_a6_': 1.0}};{'d0': 0.02490583291941663};-280.569866449044;35.753304395511364
14178;-104.531628829010;(((pow2((x + _a3_)) * _a3_) + (_a3_ / _a0_)) * (x * _a7_));{'d0': {'_a0_': 2.334312660873106, '_a3_': 0.3119297078235984, '_a7_': 10.825390448077945, '_a1_': 1.0, '_a2_': 1.0, '_a4_': 1.0, '_a5_': 1.0, '_a6_': 1.0}};{'d0': 0.02490583291941663};-280.569866449044;35.753304395511364
14179;-106.633986122803;(((pow2((x + _a3_)) * _a3_) + pow2(_a4_)) * (x * _a7_));{'d0': {'_a3_': 0.31192970784470764, '_a4_': 0.36555174096893256, '_a7_': 10.825390443415946, '_a0_': 1.0, '_a1_': 1.0, '_a2_': 1.0, '_a5_': 1.0, '_a6_': 1.0}};{'d0': 0.024905832919416636};-280.569866449044;33.65094710171896
14180;-106.633986122803;(((pow2((x + _a3_)) * _a3_) + pow2(_a4_)) * (x * _a7_));{'d0': {'_a3_': 0.31192970784470764, '_a4_': 0.36555174096893256, '_a7_': 10.825390443415946, '_a0_': 1.0, '_a1_': 1.0, '_a2_': 1.0, '_a5_': 1.0, '_a6_': 1.0}};{'d0': 0.024905832919416636};-280.569866449044;33.65094710171896
14181;-106.633986122803;(((pow2((x + _a3_)) * _a3_) + pow2(_a4_)) * (x * _a7_));{'d0': {'_a3_': 0.31192970784470764, '_a4_': 0.36555174096893256, '_a7_': 10.825390443415946, '_a0_': 1.0, '_a1_': 1.0, '_a2_': 1.0, '_a5_': 1.0, '_a6_': 1.0}};{'d0': 0.024905832919416636};-280.569866449044;33.65094710171896
14182;-106.633986122803;(((pow2((x + _a3_)) * _a3_) + pow2(_a4_)) * (x * _a7_));{'d0': {'_a3_': 0.31192970784470764, '_a4_': 0.36555174096893256, '_a7_': 10.825390443415946, '_a0_': 1.0, '_a1_': 1.0, '_a2_': 1.0, '_a5_': 1.0, '_a6_': 1.0}};{'d0': 0.024905832919416636};-280.569866449044;33.65094710171896
14183;-106.633986122803;(((pow2((x + _a3_)) * _a3_) + pow2(_a4_)) * (x * _a7_));{'d0': {'_a3_': 0.31192970784470764, '_a4_': 0.36555174096893256, '_a7_': 10.825390443415946, '_a0_': 1.0, '_a1_': 1.0, '_a2_': 1.0, '_a5_': 1.0, '_a6_': 1.0}};{'d0': 0.024905832919416636};-280.569866449044;33.65094710171896
14184;-106.633986122803;(((pow2((x + _a3_)) * _a3_) + pow2(_a4_)) * (x * _a7_));{'d0': {'_a3_': 0.31192970784470764, '_a4_': 0.36555174096893256, '_a7_': 10.825390443415946, '_a0_': 1.0, '_a1_': 1.0, '_a2_': 1.0, '_a5_': 1.0, '_a6_': 1.0}};{'d0': 0.024905832919416636};-280.569866449044;33.65094710171896
14185;-106.633986122803;(((pow2((x + _a3_)) * _a3_) + pow2(_a4_)) * (x * _a7_));{'d0': {'_a3_': 0.31192970784470764, '_a4_': 0.36555174096893256, '_a7_': 10.825390443415946, '_a0_': 1.0, '_a1_': 1.0, '_a2_': 1.0, '_a5_': 1.0, '_a6_': 1.0}};{'d0': 0.024905832919416636};-280.569866449044;33.65094710171896
14186;-106.633986122803;(((pow2((x + _a3_)) * _a3_) + pow2(_a4_)) * (x * _a7_));{'d0': {'_a3_': 0.31192970784470764, '_a4_': 0.36555174096893256, '_a7_': 10.825390443415946, '_a0_': 1.0, '_a1_': 1.0, '_a2_': 1.0, '_a5_': 1.0, '_a6_': 1.0}};{'d0': 0.024905832919416636};-280.569866449044;33.65094710171896
14187;-106.633986122803;(((pow2((x + _a3_)) * _a3_) + pow2(_a4_)) * (x * _a7_));{'d0': {'_a3_': 0.31192970784470764, '_a4_': 0.36555174096893256, '_a7_': 10.825390443415946, '_a0_': 1.0, '_a1_': 1.0, '_a2_': 1.0, '_a5_': 1.0, '_a6_': 1.0}};{'d0': 0.024905832919416636};-280.569866449044;33.65094710171896
14188;-106.633986122803;(((pow2((x + _a3_)) * _a3_) + pow2(_a4_)) * (x * _a7_));{'d0': {'_a3_': 0.31192970784470764, '_a4_': 0.36555174096893256, '_a7_': 10.825390443415946, '_a0_': 1.0, '_a1_': 1.0, '_a2_': 1.0, '_a5_': 1.0, '_a6_': 1.0}};{'d0': 0.024905832919416636};-280.569866449044;33.65094710171896
14189;-106.633986122803;(((pow2((x + _a3_)) * _a3_) + pow2(_a4_)) * (x * _a7_));{'d0': {'_a3_': 0.31192970784470764, '_a4_': 0.36555174096893256, '_a7_': 10.825390443415946, '_a0_': 1.0, '_a1_': 1.0, '_a2_': 1.0, '_a5_': 1.0, '_a6_': 1.0}};{'d0': 0.024905832919416636};-280.569866449044;33.65094710171896
14190;-101.684646197346;(((pow2((x + _a3_)) * _a3_) + pow2((_a7_ * _a4_))) * (x * _a7_));{'d0': {'_a3_': 0.31192970777469753, '_a4_': 0.03376799597153632, '_a7_': 10.825390445252529, '_a0_': 1.0, '_a1_': 1.0, '_a2_': 1.0, '_a5_': 1.0, '_a6_': 1.0}};{'d0': 0.024905832919416636};-280.569866449044;38.600287027175966
14191;-101.684646197346;(((pow2((x + _a3_)) * _a3_) + pow2((_a7_ * _a4_))) * (x * _a7_));{'d0': {'_a3_': 0.31192970777469753, '_a4_': 0.03376799597153632, '_a7_': 10.825390445252529, '_a0_': 1.0, '_a1_': 1.0, '_a2_': 1.0, '_a5_': 1.0, '_a6_': 1.0}};{'d0': 0.024905832919416636};-280.569866449044;38.600287027175966
14192;-101.684646197346;(((pow2((x + _a3_)) * _a3_) + pow2((_a7_ * _a4_))) * (x * _a7_));{'d0': {'_a3_': 0.31192970777469753, '_a4_': 0.03376799597153632, '_a7_': 10.825390445252529, '_a0_': 1.0, '_a1_': 1.0, '_a2_': 1.0, '_a5_': 1.0, '_a6_': 1.0}};{'d0': 0.024905832919416636};-280.569866449044;38.600287027175966
14193;-100.833694356401;(((pow2((x + _a3_)) * _a3_) + pow2((_a7_ / _a4_))) * (x * _a7_));{'d0': {'_a3_': 0.3119297076974726, '_a4_': 29.613839151118516, '_a7_': 10.82539045161412, '_a0_': 1.0, '_a1_': 1.0, '_a2_': 1.0, '_a5_': 1.0, '_a6_': 1.0}};{'d0': 0.024905832919416625};-280.569866449044;39.451238868121365
14194;-100.833694356401;(((pow2((x + _a3_)) * _a3_) + pow2((_a7_ / _a4_))) * (x * _a7_));{'d0': {'_a3_': 0.3119297076974726, '_a4_': 29.613839151118516, '_a7_': 10.82539045161412, '_a0_': 1.0, '_a1_': 1.0, '_a2_': 1.0, '_a5_': 1.0, '_a6_': 1.0}};{'d0': 0.024905832919416625};-280.569866449044;39.451238868121365
14195;-100.833694356401;(((pow2((x + _a3_)) * _a3_) + pow2((_a7_ / _a4_))) * (x * _a7_));{'d0': {'_a3_': 0.3119297076974726, '_a4_': 29.613839151118516, '_a7_': 10.82539045161412, '_a0_': 1.0, '_a1_': 1.0, '_a2_': 1.0, '_a5_': 1.0, '_a6_': 1.0}};{'d0': 0.024905832919416625};-280.569866449044;39.451238868121365
14196;-100.833694356401;(((pow2((x + _a3_)) * _a3_) + pow2((_a7_ / _a4_))) * (x * _a7_));{'d0': {'_a3_': 0.3119297076974726, '_a4_': 29.613839151118516, '_a7_': 10.82539045161412, '_a0_': 1.0, '_a1_': 1.0, '_a2_': 1.0, '_a5_': 1.0, '_a6_': 1.0}};{'d0': 0.024905832919416625};-280.569866449044;39.451238868121365
14197;-100.833694356401;(((pow2((x + _a3_)) * _a3_) + pow2((_a7_ / _a4_))) * (x * _a7_));{'d0': {'_a3_': 0.3119297076974726, '_a4_': 29.613839151118516, '_a7_': 10.82539045161412, '_a0_': 1.0, '_a1_': 1.0, '_a2_': 1.0, '_a5_': 1.0, '_a6_': 1.0}};{'d0': 0.024905832919416625};-280.569866449044;39.451238868121365
14198;-100.833694356401;(((pow2((x + _a3_)) * _a3_) + pow2((_a7_ / _a4_))) * (x * _a7_));{'d0': {'_a3_': 0.3119297076974726, '_a4_': 29.613839151118516, '_a7_': 10.82539045161412, '_a0_': 1.0, '_a1_': 1.0, '_a2_': 1.0, '_a5_': 1.0, '_a6_': 1.0}};{'d0': 0.024905832919416625};-280.569866449044;39.451238868121365
14199;-106.633986122803;(((pow2((x + _a3_)) * _a3_) + pow2(_a4_)) * (x * _a7_));{'d0': {'_a3_': 0.31192970784470764, '_a4_': 0.36555174096893256, '_a7_': 10.825390443415946, '_a0_': 1.0, '_a1_': 1.0, '_a2_': 1.0, '_a5_': 1.0, '_a6_': 1.0}};{'d0': 0.024905832919416636};-280.569866449044;33.65094710171896
14200;-106.633986122803;(((pow2((x + _a3_)) * _a3_) + pow2(_a4_)) * (x * _a7_));{'d0': {'_a3_': 0.31192970784470764, '_a4_': 0.36555174096893256, '_a7_': 10.825390443415946, '_a0_': 1.0, '_a1_': 1.0, '_a2_': 1.0, '_a5_': 1.0, '_a6_': 1.0}};{'d0': 0.024905832919416636};-280.569866449044;33.65094710171896
14201;-106.633986122803;(((pow2((x + _a3_)) * _a3_) + pow2(_a4_)) * (x * _a7_));{'d0': {'_a3_': 0.31192970784470764, '_a4_': 0.36555174096893256, '_a7_': 10.825390443415946, '_a0_': 1.0, '_a1_': 1.0, '_a2_': 1.0, '_a5_': 1.0, '_a6_': 1.0}};{'d0': 0.024905832919416636};-280.569866449044;33.65094710171896
14202;-106.633986122803;(((pow2((x + _a3_)) * _a3_) + pow2(_a4_)) * (x * _a7_));{'d0': {'_a3_': 0.31192970784470764, '_a4_': 0.36555174096893256, '_a7_': 10.825390443415946, '_a0_': 1.0, '_a1_': 1.0, '_a2_': 1.0, '_a5_': 1.0, '_a6_': 1.0}};{'d0': 0.024905832919416636};-280.569866449044;33.65094710171896
14203;-106.633986122803;(((pow2((x + _a3_)) * _a3_) + pow2(_a4_)) * (x * _a7_));{'d0': {'_a3_': 0.31192970784470764, '_a4_': 0.36555174096893256, '_a7_': 10.825390443415946, '_a0_': 1.0, '_a1_': 1.0, '_a2_': 1.0, '_a5_': 1.0, '_a6_': 1.0}};{'d0': 0.024905832919416636};-280.569866449044;33.65094710171896
14204;-106.633986122803;(((pow2((x + _a3_)) * _a3_) + pow2(_a4_)) * (x * _a7_));{'d0': {'_a3_': 0.31192970784470764, '_a4_': 0.36555174096893256, '_a7_': 10.825390443415946, '_a0_': 1.0, '_a1_': 1.0, '_a2_': 1.0, '_a5_': 1.0, '_a6_': 1.0}};{'d0': 0.024905832919416636};-280.569866449044;33.65094710171896
14205;-106.633986122803;(((pow2((x + _a3_)) * _a3_) + pow2(_a4_)) * (x * _a7_));{'d0': {'_a3_': 0.31192970784470764, '_a4_': 0.36555174096893256, '_a7_': 10.825390443415946, '_a0_': 1.0, '_a1_': 1.0, '_a2_': 1.0, '_a5_': 1.0, '_a6_': 1.0}};{'d0': 0.024905832919416636};-280.569866449044;33.65094710171896
14206;-106.633986122803;(((pow2((x + _a3_)) * _a3_) + pow2(_a4_)) * (x * _a7_));{'d0': {'_a3_': 0.31192970784470764, '_a4_': 0.36555174096893256, '_a7_': 10.825390443415946, '_a0_': 1.0, '_a1_': 1.0, '_a2_': 1.0, '_a5_': 1.0, '_a6_': 1.0}};{'d0': 0.024905832919416636};-280.569866449044;33.65094710171896
14207;-106.633986122803;(((pow2((x + _a3_)) * _a3_) + pow2(_a4_)) * (x * _a7_));{'d0': {'_a3_': 0.31192970784470764, '_a4_': 0.36555174096893256, '_a7_': 10.825390443415946, '_a0_': 1.0, '_a1_': 1.0, '_a2_': 1.0, '_a5_': 1.0, '_a6_': 1.0}};{'d0': 0.024905832919416636};-280.569866449044;33.65094710171896
14208;-106.633986122803;(((pow2((x + _a3_)) * _a3_) + pow2(_a4_)) * (x * _a7_));{'d0': {'_a3_': 0.31192970784470764, '_a4_': 0.36555174096893256, '_a7_': 10.825390443415946, '_a0_': 1.0, '_a1_': 1.0, '_a2_': 1.0, '_a5_': 1.0, '_a6_': 1.0}};{'d0': 0.024905832919416636};-280.569866449044;33.65094710171896
14209;-106.633986122803;(((pow2((x + _a3_)) * _a3_) + pow2(_a4_)) * (x * _a7_));{'d0': {'_a3_': 0.31192970784470764, '_a4_': 0.36555174096893256, '_a7_': 10.825390443415946, '_a0_': 1.0, '_a1_': 1.0, '_a2_': 1.0, '_a5_': 1.0, '_a6_': 1.0}};{'d0': 0.024905832919416636};-280.569866449044;33.65094710171896
14210;-106.651973435152;(((pow2((x + _a3_)) * _a3_) + -(_a4_)) * (x * _a7_));{'d0': {'_a3_': 0.31192970778333295, '_a4_': -0.13362807531487028, '_a7_': 10.825390443390312, '_a0_': 1.0, '_a1_': 1.0, '_a2_': 1.0, '_a5_': 1.0, '_a6_': 1.0}};{'d0': 0.024905832919416657};-280.569866449044;33.63295978936935
14211;-106.651973435152;(((pow2((x + _a3_)) * _a3_) + -(_a4_)) * (x * _a7_));{'d0': {'_a3_': 0.31192970778333295, '_a4_': -0.13362807531487028, '_a7_': 10.825390443390312, '_a0_': 1.0, '_a1_': 1.0, '_a2_': 1.0, '_a5_': 1.0, '_a6_': 1.0}};{'d0': 0.024905832919416657};-280.569866449044;33.63295978936935
14212;-106.651973435152;(((pow2((x + _a3_)) * _a3_) + -(_a4_)) * (x * _a7_));{'d0': {'_a3_': 0.31192970778333295, '_a4_': -0.13362807531487028, '_a7_': 10.825390443390312, '_a0_': 1.0, '_a1_': 1.0, '_a2_': 1.0, '_a5_': 1.0, '_a6_': 1.0}};{'d0': 0.024905832919416657};-280.569866449044;33.63295978936935
14213;-106.651973435152;(((pow2((x + _a3_)) * _a3_) + -(_a4_)) * (x * _a7_));{'d0': {'_a3_': 0.31192970778333295, '_a4_': -0.13362807531487028, '_a7_': 10.825390443390312, '_a0_': 1.0, '_a1_': 1.0, '_a2_': 1.0, '_a5_': 1.0, '_a6_': 1.0}};{'d0': 0.024905832919416657};-280.569866449044;33.63295978936935
14214;-106.651973435152;(((pow2((x + _a3_)) * _a3_) + -(_a4_)) * (x * _a7_));{'d0': {'_a3_': 0.31192970778333295, '_a4_': -0.13362807531487028, '_a7_': 10.825390443390312, '_a0_': 1.0, '_a1_': 1.0, '_a2_': 1.0, '_a5_': 1.0, '_a6_': 1.0}};{'d0': 0.024905832919416657};-280.569866449044;33.63295978936935
14215;-106.651973435152;(((pow2((x + _a3_)) * _a3_) + -(_a4_)) * (x * _a7_));{'d0': {'_a3_': 0.31192970778333295, '_a4_': -0.13362807531487028, '_a7_': 10.825390443390312, '_a0_': 1.0, '_a1_': 1.0, '_a2_': 1.0, '_a5_': 1.0, '_a6_': 1.0}};{'d0': 0.024905832919416657};-280.569866449044;33.63295978936935
14216;-105.728664307885;(((pow2((x + _a3_)) / _a3_) + -(_a4_)) * (x * _a7_));{'d0': {'_a3_': 0.31192970791236097, '_a4_': -1.373359500564462, '_a7_': 1.0533120344907698, '_a0_': 1.0, '_a1_': 1.0, '_a2_': 1.0, '_a5_': 1.0, '_a6_': 1.0}};{'d0': 0.024905832919416615};-280.569866449044;34.55626891663675
14217;-105.728664307885;(((pow2((x + _a3_)) / _a3_) + -(_a4_)) * (x * _a7_));{'d0': {'_a3_': 0.31192970791236097, '_a4_': -1.373359500564462, '_a7_': 1.0533120344907698, '_a0_': 1.0, '_a1_': 1.0, '_a2_': 1.0, '_a5_': 1.0, '_a6_': 1.0}};{'d0': 0.024905832919416615};-280.569866449044;34.55626891663675
14218;-105.728664307885;(((pow2((x + _a3_)) / _a3_) + -(_a4_)) * (x * _a7_));{'d0': {'_a3_': 0.31192970791236097, '_a4_': -1.373359500564462, '_a7_': 1.0533120344907698, '_a0_': 1.0, '_a1_': 1.0, '_a2_': 1.0, '_a5_': 1.0, '_a6_': 1.0}};{'d0': 0.024905832919416615};-280.569866449044;34.55626891663675
14219;-105.728664307885;(((pow2((x + _a3_)) / _a3_) + -(_a4_)) * (x * _a7_));{'d0': {'_a3_': 0.31192970791236097, '_a4_': -1.373359500564462, '_a7_': 1.0533120344907698, '_a0_': 1.0, '_a1_': 1.0, '_a2_': 1.0, '_a5_': 1.0, '_a6_': 1.0}};{'d0': 0.024905832919416615};-280.569866449044;34.55626891663675
14220;-103.668372249313;(_a0_ * (((x + (_a0_ ** _a1_)) * pow2((x * _a3_))) + x));{'d0': {'_a0_': 1.7751354059522413, '_a1_': -0.8221804899990008, '_a3_': 1.3792227451884493, '_a2_': 1.0, '_a4_': 1.0, '_a5_': 1.0, '_a6_': 1.0, '_a7_': 1.0}};{'d0': 0.02490583291941659};-280.569866449044;36.61656097520899
14221;-103.668372249313;(_a0_ * (((x + (_a0_ ** _a1_)) * pow2((x * _a3_))) + x));{'d0': {'_a0_': 1.7751354059522413, '_a1_': -0.8221804899990008, '_a3_': 1.3792227451884493, '_a2_': 1.0, '_a4_': 1.0, '_a5_': 1.0, '_a6_': 1.0, '_a7_': 1.0}};{'d0': 0.02490583291941659};-280.569866449044;36.61656097520899
14222;-103.668372249313;(_a0_ * (((x + (_a0_ ** _a1_)) * pow2((x * _a3_))) + x));{'d0': {'_a0_': 1.7751354059522413, '_a1_': -0.8221804899990008, '_a3_': 1.3792227451884493, '_a2_': 1.0, '_a4_': 1.0, '_a5_': 1.0, '_a6_': 1.0, '_a7_': 1.0}};{'d0': 0.02490583291941659};-280.569866449044;36.61656097520899
14223;-103.668372249313;(_a0_ * (((x + (_a0_ ** _a1_)) * pow2((x * _a3_))) + x));{'d0': {'_a0_': 1.7751354059522413, '_a1_': -0.8221804899990008, '_a3_': 1.3792227451884493, '_a2_': 1.0, '_a4_': 1.0, '_a5_': 1.0, '_a6_': 1.0, '_a7_': 1.0}};{'d0': 0.02490583291941659};-280.569866449044;36.61656097520899
14224;-103.668372249313;(_a0_ * (((x + (_a0_ ** _a1_)) * pow2((x * _a3_))) + x));{'d0': {'_a0_': 1.7751354059522413, '_a1_': -0.8221804899990008, '_a3_': 1.3792227451884493, '_a2_': 1.0, '_a4_': 1.0, '_a5_': 1.0, '_a6_': 1.0, '_a7_': 1.0}};{'d0': 0.02490583291941659};-280.569866449044;36.61656097520899
14225;-103.668372249313;(_a0_ * (((x + (_a0_ ** _a1_)) * pow2((x * _a3_))) + x));{'d0': {'_a0_': 1.7751354059522413, '_a1_': -0.8221804899990008, '_a3_': 1.3792227451884493, '_a2_': 1.0, '_a4_': 1.0, '_a5_': 1.0, '_a6_': 1.0, '_a7_': 1.0}};{'d0': 0.02490583291941659};-280.569866449044;36.61656097520899
14226;-103.668372249313;(_a0_ * (((x + (_a0_ ** _a1_)) * pow2((x * _a3_))) + x));{'d0': {'_a0_': 1.7751354059522413, '_a1_': -0.8221804899990008, '_a3_': 1.3792227451884493, '_a2_': 1.0, '_a4_': 1.0, '_a5_': 1.0, '_a6_': 1.0, '_a7_': 1.0}};{'d0': 0.02490583291941659};-280.569866449044;36.61656097520899
14227;-103.668372249313;(_a0_ * (((x + (_a0_ ** _a1_)) * pow2((x * _a3_))) + x));{'d0': {'_a0_': 1.7751354059522413, '_a1_': -0.8221804899990008, '_a3_': 1.3792227451884493, '_a2_': 1.0, '_a4_': 1.0, '_a5_': 1.0, '_a6_': 1.0, '_a7_': 1.0}};{'d0': 0.02490583291941659};-280.569866449044;36.61656097520899
14228;-103.668372249313;(_a0_ * (((x + (_a0_ ** _a1_)) * pow2((x * _a3_))) + x));{'d0': {'_a0_': 1.7751354059522413, '_a1_': -0.8221804899990008, '_a3_': 1.3792227451884493, '_a2_': 1.0, '_a4_': 1.0, '_a5_': 1.0, '_a6_': 1.0, '_a7_': 1.0}};{'d0': 0.02490583291941659};-280.569866449044;36.61656097520899
14229;-103.668372249313;(_a0_ * (((x + (_a0_ ** _a1_)) * pow2((x * _a3_))) + x));{'d0': {'_a0_': 1.7751354059522413, '_a1_': -0.8221804899990008, '_a3_': 1.3792227451884493, '_a2_': 1.0, '_a4_': 1.0, '_a5_': 1.0, '_a6_': 1.0, '_a7_': 1.0}};{'d0': 0.02490583291941659};-280.569866449044;36.61656097520899
14230;-103.668372249313;(_a0_ * (((x + (_a0_ ** _a1_)) * pow2((x * _a3_))) + x));{'d0': {'_a0_': 1.7751354059522413, '_a1_': -0.8221804899990008, '_a3_': 1.3792227451884493, '_a2_': 1.0, '_a4_': 1.0, '_a5_': 1.0, '_a6_': 1.0, '_a7_': 1.0}};{'d0': 0.02490583291941659};-280.569866449044;36.61656097520899
14231;-103.668372249313;(_a0_ * (((x + (_a0_ ** _a1_)) * pow2((x * _a3_))) + x));{'d0': {'_a0_': 1.7751354059522413, '_a1_': -0.8221804899990008, '_a3_': 1.3792227451884493, '_a2_': 1.0, '_a4_': 1.0, '_a5_': 1.0, '_a6_': 1.0, '_a7_': 1.0}};{'d0': 0.02490583291941659};-280.569866449044;36.61656097520899
14232;-103.668372249313;(_a0_ * (((x + (_a0_ ** _a1_)) * pow2((x * _a3_))) + x));{'d0': {'_a0_': 1.7751354059522413, '_a1_': -0.8221804899990008, '_a3_': 1.3792227451884493, '_a2_': 1.0, '_a4_': 1.0, '_a5_': 1.0, '_a6_': 1.0, '_a7_': 1.0}};{'d0': 0.02490583291941659};-280.569866449044;36.61656097520899
14233;-103.668372249313;(_a0_ * (((x + (_a0_ ** _a1_)) * pow2((x * _a3_))) + x));{'d0': {'_a0_': 1.7751354059522413, '_a1_': -0.8221804899990008, '_a3_': 1.3792227451884493, '_a2_': 1.0, '_a4_': 1.0, '_a5_': 1.0, '_a6_': 1.0, '_a7_': 1.0}};{'d0': 0.02490583291941659};-280.569866449044;36.61656097520899
14234;-103.668372249313;(_a0_ * (((x + (_a0_ ** _a1_)) * pow2((x * _a3_))) + x));{'d0': {'_a0_': 1.7751354059522413, '_a1_': -0.8221804899990008, '_a3_': 1.3792227451884493, '_a2_': 1.0, '_a4_': 1.0, '_a5_': 1.0, '_a6_': 1.0, '_a7_': 1.0}};{'d0': 0.02490583291941659};-280.569866449044;36.61656097520899
14235;-103.668372249313;(_a0_ * (((x + (_a0_ ** _a1_)) * pow2((x * _a3_))) + x));{'d0': {'_a0_': 1.7751354059522413, '_a1_': -0.8221804899990008, '_a3_': 1.3792227451884493, '_a2_': 1.0, '_a4_': 1.0, '_a5_': 1.0, '_a6_': 1.0, '_a7_': 1.0}};{'d0': 0.02490583291941659};-280.569866449044;36.61656097520899
14236;-103.668372249313;(_a0_ * (((x + (_a3_ ** _a1_)) * pow2((x * _a3_))) + x));{'d0': {'_a0_': 1.7751354040182428, '_a1_': -1.4674983374348585, '_a3_': 1.3792227463250684, '_a2_': 1.0, '_a4_': 1.0, '_a5_': 1.0, '_a6_': 1.0, '_a7_': 1.0}};{'d0': 0.02490583291941659};-280.569866449044;36.61656097520899
14237;-102.936051650193;((pow2(_a1_) + (pow2(((_a1_ * _a0_) + x)) * pow2(_a6_))) * x);{'d0': {'_a0_': 0.2593499074105921, '_a1_': 1.2027369160628014, '_a6_': 1.8375964950991515, '_a2_': 1.0, '_a3_': 1.0, '_a4_': 1.0, '_a5_': 1.0, '_a7_': 1.0}};{'d0': 0.024905832919416563};-280.569866449044;37.34888157432905
14238;-102.936051650193;((pow2(_a1_) + (pow2(((_a1_ * _a0_) + x)) * pow2(_a6_))) * x);{'d0': {'_a0_': 0.2593499074105921, '_a1_': 1.2027369160628014, '_a6_': 1.8375964950991515, '_a2_': 1.0, '_a3_': 1.0, '_a4_': 1.0, '_a5_': 1.0, '_a7_': 1.0}};{'d0': 0.024905832919416563};-280.569866449044;37.34888157432905
14239;-102.936051650193;((pow2(_a1_) + (pow2(((_a1_ * _a0_) + x)) * pow2(_a6_))) * x);{'d0': {'_a0_': 0.2593499074105921, '_a1_': 1.2027369160628014, '_a6_': 1.8375964950991515, '_a2_': 1.0, '_a3_': 1.0, '_a4_': 1.0, '_a5_': 1.0, '_a7_': 1.0}};{'d0': 0.024905832919416563};-280.569866449044;37.34888157432905
14240;-102.936051650193;((pow2(_a1_) + (pow2(((_a1_ * _a0_) + x)) * pow2(_a6_))) * x);{'d0': {'_a0_': 0.2593499074105921, '_a1_': 1.2027369160628014, '_a6_': 1.8375964950991515, '_a2_': 1.0, '_a3_': 1.0, '_a4_': 1.0, '_a5_': 1.0, '_a7_': 1.0}};{'d0': 0.024905832919416563};-280.569866449044;37.34888157432905
14241;-102.936051650193;((pow2(_a1_) + (pow2(((_a1_ * _a0_) + x)) * pow2(_a6_))) * x);{'d0': {'_a0_': 0.2593499074105921, '_a1_': 1.2027369160628014, '_a6_': 1.8375964950991515, '_a2_': 1.0, '_a3_': 1.0, '_a4_': 1.0, '_a5_': 1.0, '_a7_': 1.0}};{'d0': 0.024905832919416563};-280.569866449044;37.34888157432905
14242;-102.936051650193;((pow2(_a1_) + (pow2(((_a1_ * _a0_) + x)) * pow2(_a6_))) * x);{'d0': {'_a0_': 0.2593499074105921, '_a1_': 1.2027369160628014, '_a6_': 1.8375964950991515, '_a2_': 1.0, '_a3_': 1.0, '_a4_': 1.0, '_a5_': 1.0, '_a7_': 1.0}};{'d0': 0.024905832919416563};-280.569866449044;37.34888157432905
14243;-105.728664307885;(((pow2((x + _a3_)) / _a3_) + -(_a4_)) * (x * _a7_));{'d0': {'_a3_': 0.31192970791236097, '_a4_': -1.373359500564462, '_a7_': 1.0533120344907698, '_a0_': 1.0, '_a1_': 1.0, '_a2_': 1.0, '_a5_': 1.0, '_a6_': 1.0}};{'d0': 0.024905832919416615};-280.569866449044;34.55626891663675
14244;-105.728664307885;(((pow2((x + _a3_)) / _a3_) + -(_a4_)) * (x * _a7_));{'d0': {'_a3_': 0.31192970791236097, '_a4_': -1.373359500564462, '_a7_': 1.0533120344907698, '_a0_': 1.0, '_a1_': 1.0, '_a2_': 1.0, '_a5_': 1.0, '_a6_': 1.0}};{'d0': 0.024905832919416615};-280.569866449044;34.55626891663675
14245;-105.728664307885;(((pow2((x + _a3_)) / _a3_) + -(_a4_)) * (x * _a7_));{'d0': {'_a3_': 0.31192970791236097, '_a4_': -1.373359500564462, '_a7_': 1.0533120344907698, '_a0_': 1.0, '_a1_': 1.0, '_a2_': 1.0, '_a5_': 1.0, '_a6_': 1.0}};{'d0': 0.024905832919416615};-280.569866449044;34.55626891663675
14246;-105.728664307885;(((pow2((x + _a3_)) / _a3_) + -(_a4_)) * (x * _a7_));{'d0': {'_a3_': 0.31192970791236097, '_a4_': -1.373359500564462, '_a7_': 1.0533120344907698, '_a0_': 1.0, '_a1_': 1.0, '_a2_': 1.0, '_a5_': 1.0, '_a6_': 1.0}};{'d0': 0.024905832919416615};-280.569866449044;34.55626891663675
14247;-105.728664307885;(((pow2((x + _a3_)) / _a3_) + -(_a4_)) * (x * _a7_));{'d0': {'_a3_': 0.31192970791236097, '_a4_': -1.373359500564462, '_a7_': 1.0533120344907698, '_a0_': 1.0, '_a1_': 1.0, '_a2_': 1.0, '_a5_': 1.0, '_a6_': 1.0}};{'d0': 0.024905832919416615};-280.569866449044;34.55626891663675
14248;-105.728664307885;(((pow2((x + _a3_)) / _a3_) + -(_a4_)) * (x * _a7_));{'d0': {'_a3_': 0.31192970791236097, '_a4_': -1.373359500564462, '_a7_': 1.0533120344907698, '_a0_': 1.0, '_a1_': 1.0, '_a2_': 1.0, '_a5_': 1.0, '_a6_': 1.0}};{'d0': 0.024905832919416615};-280.569866449044;34.55626891663675
14249;-105.728664307885;(((pow2((x + _a3_)) / _a3_) + -(_a4_)) * (x * _a7_));{'d0': {'_a3_': 0.31192970791236097, '_a4_': -1.373359500564462, '_a7_': 1.0533120344907698, '_a0_': 1.0, '_a1_': 1.0, '_a2_': 1.0, '_a5_': 1.0, '_a6_': 1.0}};{'d0': 0.024905832919416615};-280.569866449044;34.55626891663675
14250;-105.728664307885;(((pow2((x + _a3_)) / _a3_) + -(_a4_)) * (x * _a7_));{'d0': {'_a3_': 0.31192970791236097, '_a4_': -1.373359500564462, '_a7_': 1.0533120344907698, '_a0_': 1.0, '_a1_': 1.0, '_a2_': 1.0, '_a5_': 1.0, '_a6_': 1.0}};{'d0': 0.024905832919416615};-280.569866449044;34.55626891663675
14251;-105.728664307885;(((pow2((x + _a3_)) / _a3_) + -(_a4_)) * (x * _a7_));{'d0': {'_a3_': 0.31192970791236097, '_a4_': -1.373359500564462, '_a7_': 1.0533120344907698, '_a0_': 1.0, '_a1_': 1.0, '_a2_': 1.0, '_a5_': 1.0, '_a6_': 1.0}};{'d0': 0.024905832919416615};-280.569866449044;34.55626891663675
14252;-105.728664307885;(((pow2((x + _a3_)) / _a3_) + -(_a4_)) * (x * _a7_));{'d0': {'_a3_': 0.31192970791236097, '_a4_': -1.373359500564462, '_a7_': 1.0533120344907698, '_a0_': 1.0, '_a1_': 1.0, '_a2_': 1.0, '_a5_': 1.0, '_a6_': 1.0}};{'d0': 0.024905832919416615};-280.569866449044;34.55626891663675
14253;-105.728664307885;(((pow2((x + _a3_)) / _a3_) + -(_a4_)) * (x * _a7_));{'d0': {'_a3_': 0.31192970791236097, '_a4_': -1.373359500564462, '_a7_': 1.0533120344907698, '_a0_': 1.0, '_a1_': 1.0, '_a2_': 1.0, '_a5_': 1.0, '_a6_': 1.0}};{'d0': 0.024905832919416615};-280.569866449044;34.55626891663675
14254;-105.728664307885;(((pow2((x + _a3_)) / _a3_) + -(_a4_)) * (x * _a7_));{'d0': {'_a3_': 0.31192970791236097, '_a4_': -1.373359500564462, '_a7_': 1.0533120344907698, '_a0_': 1.0, '_a1_': 1.0, '_a2_': 1.0, '_a5_': 1.0, '_a6_': 1.0}};{'d0': 0.024905832919416615};-280.569866449044;34.55626891663675
14255;-105.728664307885;(((pow2((x + _a3_)) / _a3_) + -(_a4_)) * (x * _a7_));{'d0': {'_a3_': 0.31192970791236097, '_a4_': -1.373359500564462, '_a7_': 1.0533120344907698, '_a0_': 1.0, '_a1_': 1.0, '_a2_': 1.0, '_a5_': 1.0, '_a6_': 1.0}};{'d0': 0.024905832919416615};-280.569866449044;34.55626891663675
14256;-105.728664307885;(((pow2((x + _a3_)) / _a3_) + -(_a4_)) * (x * _a7_));{'d0': {'_a3_': 0.31192970791236097, '_a4_': -1.373359500564462, '_a7_': 1.0533120344907698, '_a0_': 1.0, '_a1_': 1.0, '_a2_': 1.0, '_a5_': 1.0, '_a6_': 1.0}};{'d0': 0.024905832919416615};-280.569866449044;34.55626891663675
14257;-102.936051650193;((pow2(_a2_) + (pow2(((_a1_ * _a0_) + x)) * pow2(_a1_))) * x);{'d0': {'_a0_': 0.1697487499161489, '_a1_': 1.837596495115894, '_a2_': 1.2027369161270005, '_a3_': 1.0, '_a4_': 1.0, '_a5_': 1.0, '_a6_': 1.0, '_a7_': 1.0}};{'d0': 0.024905832919416677};-280.569866449043;37.348881574329056
14258;-102.936051650193;((pow2(_a2_) + (pow2(((_a1_ * _a0_) + x)) * pow2(_a1_))) * x);{'d0': {'_a0_': 0.1697487499161489, '_a1_': 1.837596495115894, '_a2_': 1.2027369161270005, '_a3_': 1.0, '_a4_': 1.0, '_a5_': 1.0, '_a6_': 1.0, '_a7_': 1.0}};{'d0': 0.024905832919416677};-280.569866449043;37.348881574329056
14259;-102.936051650193;((pow2(_a2_) + (pow2(((_a0_ * _a0_) + x)) * pow2(_a1_))) * x);{'d0': {'_a0_': 0.5585066765237527, '_a1_': 1.8375964950430517, '_a2_': 1.2027369159753687, '_a3_': 1.0, '_a4_': 1.0, '_a5_': 1.0, '_a6_': 1.0, '_a7_': 1.0}};{'d0': 0.024905832919416646};-280.569866449044;37.348881574329056
14260;-102.936051650193;((pow2(_a2_) + (pow2(((_a0_ * _a0_) + x)) * pow2(_a1_))) * x);{'d0': {'_a0_': 0.5585066765237527, '_a1_': 1.8375964950430517, '_a2_': 1.2027369159753687, '_a3_': 1.0, '_a4_': 1.0, '_a5_': 1.0, '_a6_': 1.0, '_a7_': 1.0}};{'d0': 0.024905832919416646};-280.569866449044;37.348881574329056
14261;-102.936051650193;((pow2(_a2_) + (pow2(((_a0_ * _a0_) + x)) * pow2(_a1_))) * x);{'d0': {'_a0_': 0.5585066765237527, '_a1_': 1.8375964950430517, '_a2_': 1.2027369159753687, '_a3_': 1.0, '_a4_': 1.0, '_a5_': 1.0, '_a6_': 1.0, '_a7_': 1.0}};{'d0': 0.024905832919416646};-280.569866449044;37.348881574329056
14262;-102.936051650193;((pow2(_a2_) + (pow2(((_a0_ * _a0_) + x)) * pow2(_a1_))) * x);{'d0': {'_a0_': 0.5585066765237527, '_a1_': 1.8375964950430517, '_a2_': 1.2027369159753687, '_a3_': 1.0, '_a4_': 1.0, '_a5_': 1.0, '_a6_': 1.0, '_a7_': 1.0}};{'d0': 0.024905832919416646};-280.569866449044;37.348881574329056
14263;-102.936051650193;((pow2(_a2_) + (pow2(((_a0_ * _a0_) + x)) * pow2(_a1_))) * x);{'d0': {'_a0_': 0.5585066765237527, '_a1_': 1.8375964950430517, '_a2_': 1.2027369159753687, '_a3_': 1.0, '_a4_': 1.0, '_a5_': 1.0, '_a6_': 1.0, '_a7_': 1.0}};{'d0': 0.024905832919416646};-280.569866449044;37.348881574329056
14264;-102.936051650193;((pow2(_a2_) + (pow2(((_a0_ * _a0_) + x)) * pow2(_a1_))) * x);{'d0': {'_a0_': 0.5585066765237527, '_a1_': 1.8375964950430517, '_a2_': 1.2027369159753687, '_a3_': 1.0, '_a4_': 1.0, '_a5_': 1.0, '_a6_': 1.0, '_a7_': 1.0}};{'d0': 0.024905832919416646};-280.569866449044;37.348881574329056
14265;-102.936051650193;((pow2(_a2_) + (pow2(((_a0_ * _a0_) + x)) * pow2(_a1_))) * x);{'d0': {'_a0_': 0.5585066765237527, '_a1_': 1.8375964950430517, '_a2_': 1.2027369159753687, '_a3_': 1.0, '_a4_': 1.0, '_a5_': 1.0, '_a6_': 1.0, '_a7_': 1.0}};{'d0': 0.024905832919416646};-280.569866449044;37.348881574329056
14266;-102.936051650193;((pow2(_a2_) + (pow2(((_a0_ * _a2_) + x)) * pow2(_a1_))) * x);{'d0': {'_a0_': 0.2593499074012251, '_a1_': 1.8375964952540926, '_a2_': 1.2027369159633945, '_a3_': 1.0, '_a4_': 1.0, '_a5_': 1.0, '_a6_': 1.0, '_a7_': 1.0}};{'d0': 0.024905832919416674};-280.569866449043;37.348881574329056
14267;-102.936051650193;((pow2(_a2_) + (pow2(((_a0_ * _a2_) + x)) * pow2(_a1_))) * x);{'d0': {'_a0_': 0.2593499074012251, '_a1_': 1.8375964952540926, '_a2_': 1.2027369159633945, '_a3_': 1.0, '_a4_': 1.0, '_a5_': 1.0, '_a6_': 1.0, '_a7_': 1.0}};{'d0': 0.024905832919416674};-280.569866449043;37.348881574329056
14268;-102.936051650193;((pow2(_a2_) + (pow2(((_a0_ * _a2_) + x)) * pow2(_a1_))) * x);{'d0': {'_a0_': 0.2593499074012251, '_a1_': 1.8375964952540926, '_a2_': 1.2027369159633945, '_a3_': 1.0, '_a4_': 1.0, '_a5_': 1.0, '_a6_': 1.0, '_a7_': 1.0}};{'d0': 0.024905832919416674};-280.569866449043;37.348881574329056
14269;-102.936051650193;((pow2(_a2_) + (pow2(((_a0_ * _a2_) + x)) * pow2(_a1_))) * x);{'d0': {'_a0_': 0.2593499074012251, '_a1_': 1.8375964952540926, '_a2_': 1.2027369159633945, '_a3_': 1.0, '_a4_': 1.0, '_a5_': 1.0, '_a6_': 1.0, '_a7_': 1.0}};{'d0': 0.024905832919416674};-280.569866449043;37.348881574329056
14270;-102.936051650193;((pow2(_a2_) + (pow2(((_a0_ * _a2_) + x)) * pow2(_a1_))) * x);{'d0': {'_a0_': 0.2593499074012251, '_a1_': 1.8375964952540926, '_a2_': 1.2027369159633945, '_a3_': 1.0, '_a4_': 1.0, '_a5_': 1.0, '_a6_': 1.0, '_a7_': 1.0}};{'d0': 0.024905832919416674};-280.569866449043;37.348881574329056
14271;-102.936051650193;((pow2(_a2_) + (pow2(((_a0_ * _a2_) + x)) * pow2(_a1_))) * x);{'d0': {'_a0_': 0.2593499074012251, '_a1_': 1.8375964952540926, '_a2_': 1.2027369159633945, '_a3_': 1.0, '_a4_': 1.0, '_a5_': 1.0, '_a6_': 1.0, '_a7_': 1.0}};{'d0': 0.024905832919416674};-280.569866449043;37.348881574329056
14272;-102.936051650193;((pow2(_a2_) + (pow2(((_a0_ * _a2_) + x)) * pow2(_a1_))) * x);{'d0': {'_a0_': 0.2593499074012251, '_a1_': 1.8375964952540926, '_a2_': 1.2027369159633945, '_a3_': 1.0, '_a4_': 1.0, '_a5_': 1.0, '_a6_': 1.0, '_a7_': 1.0}};{'d0': 0.024905832919416674};-280.569866449043;37.348881574329056
14273;-102.936051650193;((pow2(_a2_) + (pow2(((_a0_ * _a2_) + x)) * pow2(_a1_))) * x);{'d0': {'_a0_': 0.2593499074012251, '_a1_': 1.8375964952540926, '_a2_': 1.2027369159633945, '_a3_': 1.0, '_a4_': 1.0, '_a5_': 1.0, '_a6_': 1.0, '_a7_': 1.0}};{'d0': 0.024905832919416674};-280.569866449043;37.348881574329056
14274;-102.936051650193;((pow2(_a2_) + (pow2(((_a0_ * _a2_) + x)) * pow2(_a1_))) * x);{'d0': {'_a0_': 0.2593499074012251, '_a1_': 1.8375964952540926, '_a2_': 1.2027369159633945, '_a3_': 1.0, '_a4_': 1.0, '_a5_': 1.0, '_a6_': 1.0, '_a7_': 1.0}};{'d0': 0.024905832919416674};-280.569866449043;37.348881574329056
14275;-102.936051650193;((pow2(_a2_) + (pow2(((_a0_ * _a2_) + x)) * pow2(_a1_))) * x);{'d0': {'_a0_': 0.2593499074012251, '_a1_': 1.8375964952540926, '_a2_': 1.2027369159633945, '_a3_': 1.0, '_a4_': 1.0, '_a5_': 1.0, '_a6_': 1.0, '_a7_': 1.0}};{'d0': 0.024905832919416674};-280.569866449043;37.348881574329056
14276;-102.936051650193;((pow2(_a2_) + (pow2(((_a0_ * _a2_) + x)) * pow2(_a1_))) * x);{'d0': {'_a0_': 0.2593499074012251, '_a1_': 1.8375964952540926, '_a2_': 1.2027369159633945, '_a3_': 1.0, '_a4_': 1.0, '_a5_': 1.0, '_a6_': 1.0, '_a7_': 1.0}};{'d0': 0.024905832919416674};-280.569866449043;37.348881574329056
14277;-102.936051650193;((pow2(_a2_) + (pow2(((_a0_ * _a2_) + x)) * pow2(_a1_))) * x);{'d0': {'_a0_': 0.2593499074012251, '_a1_': 1.8375964952540926, '_a2_': 1.2027369159633945, '_a3_': 1.0, '_a4_': 1.0, '_a5_': 1.0, '_a6_': 1.0, '_a7_': 1.0}};{'d0': 0.024905832919416674};-280.569866449043;37.348881574329056
14278;-102.936051650193;((pow2(_a2_) + (pow2(((_a0_ * _a2_) + x)) * pow2(_a1_))) * x);{'d0': {'_a0_': 0.2593499074012251, '_a1_': 1.8375964952540926, '_a2_': 1.2027369159633945, '_a3_': 1.0, '_a4_': 1.0, '_a5_': 1.0, '_a6_': 1.0, '_a7_': 1.0}};{'d0': 0.024905832919416674};-280.569866449043;37.348881574329056
14279;-102.012742522925;((pow2(_a2_) + (pow2(((_a0_ / _a2_) + x)) * pow2(_a1_))) * x);{'d0': {'_a0_': 0.3751693745768558, '_a1_': 1.8375964953584436, '_a2_': 1.2027369158074412, '_a3_': 1.0, '_a4_': 1.0, '_a5_': 1.0, '_a6_': 1.0, '_a7_': 1.0}};{'d0': 0.02490583291941669};-280.569866449043;38.27219070159646
14280;-102.012742522925;((pow2(_a2_) + (pow2(((_a0_ / _a2_) + x)) * pow2(_a1_))) * x);{'d0': {'_a0_': 0.3751693745768558, '_a1_': 1.8375964953584436, '_a2_': 1.2027369158074412, '_a3_': 1.0, '_a4_': 1.0, '_a5_': 1.0, '_a6_': 1.0, '_a7_': 1.0}};{'d0': 0.02490583291941669};-280.569866449043;38.27219070159646
14281;-96.0921414738954;((pow2(_a2_) + (pow2((((x + _a6_) / _a2_) + x)) * pow2(_a1_))) * x);{'d0': {'_a1_': 1.0033631911335168, '_a2_': 1.2027369160514347, '_a6_': 0.6870990825279192, '_a0_': 1.0, '_a3_': 1.0, '_a4_': 1.0, '_a5_': 1.0, '_a7_': 1.0}};{'d0': 0.024905832919416677};-280.569866449043;44.192791750626455
14282;-102.012742522925;((pow2(_a2_) + (pow2(((_a0_ / _a2_) + x)) * pow2(_a1_))) * x);{'d0': {'_a0_': 0.3751693745768558, '_a1_': 1.8375964953584436, '_a2_': 1.2027369158074412, '_a3_': 1.0, '_a4_': 1.0, '_a5_': 1.0, '_a6_': 1.0, '_a7_': 1.0}};{'d0': 0.02490583291941669};-280.569866449043;38.27219070159646
14283;-102.012742522925;((pow2(_a2_) + (pow2(((_a0_ / _a2_) + x)) * pow2(_a1_))) * x);{'d0': {'_a0_': 0.3751693745768558, '_a1_': 1.8375964953584436, '_a2_': 1.2027369158074412, '_a3_': 1.0, '_a4_': 1.0, '_a5_': 1.0, '_a6_': 1.0, '_a7_': 1.0}};{'d0': 0.02490583291941669};-280.569866449043;38.27219070159646
14284;-102.012742522925;((pow2(_a2_) + (pow2(((_a0_ / _a2_) + x)) * pow2(_a1_))) * x);{'d0': {'_a0_': 0.3751693745768558, '_a1_': 1.8375964953584436, '_a2_': 1.2027369158074412, '_a3_': 1.0, '_a4_': 1.0, '_a5_': 1.0, '_a6_': 1.0, '_a7_': 1.0}};{'d0': 0.02490583291941669};-280.569866449043;38.27219070159646
14285;-102.012742522925;((pow2(_a2_) + (pow2(((_a0_ / _a2_) + x)) * pow2(_a6_))) * x);{'d0': {'_a0_': 0.3751693749040222, '_a2_': 1.2027369161349475, '_a6_': 1.8375964951123451, '_a1_': 1.0, '_a3_': 1.0, '_a4_': 1.0, '_a5_': 1.0, '_a7_': 1.0}};{'d0': 0.02490583291941665};-280.569866449044;38.27219070159646
14286;-101.733624496758;((pow2(_a2_) + (pow2((cos(_a1_) + x)) * pow2(_a6_))) * x);{'d0': {'_a1_': 1.2535729231880628, '_a2_': 1.2027369160021235, '_a6_': 1.8375964951806052, '_a0_': 1.0, '_a3_': 1.0, '_a4_': 1.0, '_a5_': 1.0, '_a7_': 1.0}};{'d0': 0.024905832919416622};-280.569866449044;38.55130872776406
14287;-101.733624496758;((pow2(_a2_) + (pow2((cos(_a1_) + x)) * pow2(_a6_))) * x);{'d0': {'_a1_': 1.2535729231880628, '_a2_': 1.2027369160021235, '_a6_': 1.8375964951806052, '_a0_': 1.0, '_a3_': 1.0, '_a4_': 1.0, '_a5_': 1.0, '_a7_': 1.0}};{'d0': 0.024905832919416622};-280.569866449044;38.55130872776406
14288;-101.733624496758;((pow2(_a2_) + (pow2((cos(_a1_) + x)) * pow2(_a6_))) * x);{'d0': {'_a1_': 1.2535729231880628, '_a2_': 1.2027369160021235, '_a6_': 1.8375964951806052, '_a0_': 1.0, '_a3_': 1.0, '_a4_': 1.0, '_a5_': 1.0, '_a7_': 1.0}};{'d0': 0.024905832919416622};-280.569866449044;38.55130872776406
14289;-101.733624496758;((pow2(_a2_) + (pow2((cos(_a1_) + x)) * pow2(_a6_))) * x);{'d0': {'_a1_': 1.2535729231880628, '_a2_': 1.2027369160021235, '_a6_': 1.8375964951806052, '_a0_': 1.0, '_a3_': 1.0, '_a4_': 1.0, '_a5_': 1.0, '_a7_': 1.0}};{'d0': 0.024905832919416622};-280.569866449044;38.55130872776406
14290;-101.733624496758;((pow2(_a2_) + (pow2((cos(_a1_) + x)) * pow2(_a6_))) * x);{'d0': {'_a1_': 1.2535729231880628, '_a2_': 1.2027369160021235, '_a6_': 1.8375964951806052, '_a0_': 1.0, '_a3_': 1.0, '_a4_': 1.0, '_a5_': 1.0, '_a7_': 1.0}};{'d0': 0.024905832919416622};-280.569866449044;38.55130872776406
14291;-101.733624496758;((pow2(_a2_) + (pow2((cos(_a1_) + x)) * pow2(_a6_))) * x);{'d0': {'_a1_': 1.2535729231880628, '_a2_': 1.2027369160021235, '_a6_': 1.8375964951806052, '_a0_': 1.0, '_a3_': 1.0, '_a4_': 1.0, '_a5_': 1.0, '_a7_': 1.0}};{'d0': 0.024905832919416622};-280.569866449044;38.55130872776406
14292;-101.733624496758;((pow2(_a2_) + (pow2((cos(_a1_) + x)) * pow2(_a6_))) * x);{'d0': {'_a1_': 1.2535729231880628, '_a2_': 1.2027369160021235, '_a6_': 1.8375964951806052, '_a0_': 1.0, '_a3_': 1.0, '_a4_': 1.0, '_a5_': 1.0, '_a7_': 1.0}};{'d0': 0.024905832919416622};-280.569866449044;38.55130872776406
14293;-101.733624496758;((pow2(_a2_) + (pow2((cos(_a1_) + x)) * pow2(_a6_))) * x);{'d0': {'_a1_': 1.2535729231880628, '_a2_': 1.2027369160021235, '_a6_': 1.8375964951806052, '_a0_': 1.0, '_a3_': 1.0, '_a4_': 1.0, '_a5_': 1.0, '_a7_': 1.0}};{'d0': 0.024905832919416622};-280.569866449044;38.55130872776406
14294;-101.733624496758;((pow2(_a2_) + (pow2((cos(_a1_) + x)) * pow2(_a6_))) * x);{'d0': {'_a1_': 1.2535729231880628, '_a2_': 1.2027369160021235, '_a6_': 1.8375964951806052, '_a0_': 1.0, '_a3_': 1.0, '_a4_': 1.0, '_a5_': 1.0, '_a7_': 1.0}};{'d0': 0.024905832919416622};-280.569866449044;38.55130872776406
14295;-101.733624496758;((pow2(_a2_) + (pow2((cos(_a1_) + x)) * pow2(_a6_))) * x);{'d0': {'_a1_': 1.2535729231880628, '_a2_': 1.2027369160021235, '_a6_': 1.8375964951806052, '_a0_': 1.0, '_a3_': 1.0, '_a4_': 1.0, '_a5_': 1.0, '_a7_': 1.0}};{'d0': 0.024905832919416622};-280.569866449044;38.55130872776406
14296;-101.733624496758;((pow2(_a2_) + (pow2((cos(_a1_) + x)) * pow2(_a6_))) * x);{'d0': {'_a1_': 1.2535729231880628, '_a2_': 1.2027369160021235, '_a6_': 1.8375964951806052, '_a0_': 1.0, '_a3_': 1.0, '_a4_': 1.0, '_a5_': 1.0, '_a7_': 1.0}};{'d0': 0.024905832919416622};-280.569866449044;38.55130872776406
14297;-101.733624496758;((pow2(_a2_) + (pow2((cos(_a1_) + x)) * pow2(_a6_))) * x);{'d0': {'_a1_': 1.2535729231880628, '_a2_': 1.2027369160021235, '_a6_': 1.8375964951806052, '_a0_': 1.0, '_a3_': 1.0, '_a4_': 1.0, '_a5_': 1.0, '_a7_': 1.0}};{'d0': 0.024905832919416622};-280.569866449044;38.55130872776406
14298;-101.733624496758;((pow2(_a2_) + (pow2((cos(_a1_) + x)) * pow2(_a6_))) * x);{'d0': {'_a1_': 1.2535729231880628, '_a2_': 1.2027369160021235, '_a6_': 1.8375964951806052, '_a0_': 1.0, '_a3_': 1.0, '_a4_': 1.0, '_a5_': 1.0, '_a7_': 1.0}};{'d0': 0.024905832919416622};-280.569866449044;38.55130872776406
14299;-101.733624496758;((pow2(_a2_) + (pow2((cos(_a1_) + x)) * pow2(_a6_))) * x);{'d0': {'_a1_': 1.2535729231880628, '_a2_': 1.2027369160021235, '_a6_': 1.8375964951806052, '_a0_': 1.0, '_a3_': 1.0, '_a4_': 1.0, '_a5_': 1.0, '_a7_': 1.0}};{'d0': 0.024905832919416622};-280.569866449044;38.55130872776406
14300;-101.733624496758;((pow2(_a2_) + (pow2((cos(_a1_) + x)) * pow2(_a6_))) * x);{'d0': {'_a1_': 1.2535729231880628, '_a2_': 1.2027369160021235, '_a6_': 1.8375964951806052, '_a0_': 1.0, '_a3_': 1.0, '_a4_': 1.0, '_a5_': 1.0, '_a7_': 1.0}};{'d0': 0.024905832919416622};-280.569866449044;38.55130872776406
14301;-101.733624496758;((pow2(_a2_) + (pow2((cos(_a1_) + x)) * pow2(_a6_))) * x);{'d0': {'_a1_': 1.2535729231880628, '_a2_': 1.2027369160021235, '_a6_': 1.8375964951806052, '_a0_': 1.0, '_a3_': 1.0, '_a4_': 1.0, '_a5_': 1.0, '_a7_': 1.0}};{'d0': 0.024905832919416622};-280.569866449044;38.55130872776406
14302;-101.733624496758;((pow2(_a2_) + (pow2((cos(_a1_) + x)) * pow2(_a6_))) * x);{'d0': {'_a1_': 1.2535729231880628, '_a2_': 1.2027369160021235, '_a6_': 1.8375964951806052, '_a0_': 1.0, '_a3_': 1.0, '_a4_': 1.0, '_a5_': 1.0, '_a7_': 1.0}};{'d0': 0.024905832919416622};-280.569866449044;38.55130872776406
14303;-101.733624496758;((pow2(_a2_) + (pow2((cos(_a1_) + x)) * pow2(_a6_))) * x);{'d0': {'_a1_': 1.2535729231880628, '_a2_': 1.2027369160021235, '_a6_': 1.8375964951806052, '_a0_': 1.0, '_a3_': 1.0, '_a4_': 1.0, '_a5_': 1.0, '_a7_': 1.0}};{'d0': 0.024905832919416622};-280.569866449044;38.55130872776406
14304;-101.733624496758;((pow2(_a2_) + (pow2((cos(_a1_) + x)) * pow2(_a6_))) * x);{'d0': {'_a1_': 1.2535729231880628, '_a2_': 1.2027369160021235, '_a6_': 1.8375964951806052, '_a0_': 1.0, '_a3_': 1.0, '_a4_': 1.0, '_a5_': 1.0, '_a7_': 1.0}};{'d0': 0.024905832919416622};-280.569866449044;38.55130872776406
14305;-101.733624496758;((pow2(_a2_) + (pow2((cos(_a1_) + x)) * pow2(_a6_))) * x);{'d0': {'_a1_': 1.2535729231880628, '_a2_': 1.2027369160021235, '_a6_': 1.8375964951806052, '_a0_': 1.0, '_a3_': 1.0, '_a4_': 1.0, '_a5_': 1.0, '_a7_': 1.0}};{'d0': 0.024905832919416622};-280.569866449044;38.55130872776406
14306;-101.733624496758;((pow2(_a2_) + (pow2((cos(_a1_) + x)) * pow2(_a6_))) * x);{'d0': {'_a1_': 1.2535729231880628, '_a2_': 1.2027369160021235, '_a6_': 1.8375964951806052, '_a0_': 1.0, '_a3_': 1.0, '_a4_': 1.0, '_a5_': 1.0, '_a7_': 1.0}};{'d0': 0.024905832919416622};-280.569866449044;38.55130872776406
14307;-101.733624496758;((pow2(_a2_) + (pow2((cos(_a1_) + x)) * pow2(_a6_))) * x);{'d0': {'_a1_': 1.2535729231880628, '_a2_': 1.2027369160021235, '_a6_': 1.8375964951806052, '_a0_': 1.0, '_a3_': 1.0, '_a4_': 1.0, '_a5_': 1.0, '_a7_': 1.0}};{'d0': 0.024905832919416622};-280.569866449044;38.55130872776406
14308;-101.733624496758;((pow2(_a2_) + (pow2((cos(_a1_) + x)) * pow2(_a6_))) * x);{'d0': {'_a1_': 1.2535729231880628, '_a2_': 1.2027369160021235, '_a6_': 1.8375964951806052, '_a0_': 1.0, '_a3_': 1.0, '_a4_': 1.0, '_a5_': 1.0, '_a7_': 1.0}};{'d0': 0.024905832919416622};-280.569866449044;38.55130872776406
14309;-105.728664307885;(((pow2((x + _a3_)) / _a3_) + -(_a4_)) * (x * _a7_));{'d0': {'_a3_': 0.31192970791236097, '_a4_': -1.373359500564462, '_a7_': 1.0533120344907698, '_a0_': 1.0, '_a1_': 1.0, '_a2_': 1.0, '_a5_': 1.0, '_a6_': 1.0}};{'d0': 0.024905832919416615};-280.569866449044;34.55626891663675
14310;-105.728664307885;(((pow2((x + _a3_)) / _a3_) + -(_a4_)) * (x * _a7_));{'d0': {'_a3_': 0.31192970791236097, '_a4_': -1.373359500564462, '_a7_': 1.0533120344907698, '_a0_': 1.0, '_a1_': 1.0, '_a2_': 1.0, '_a5_': 1.0, '_a6_': 1.0}};{'d0': 0.024905832919416615};-280.569866449044;34.55626891663675
14311;-105.728664307885;(((pow2((x + _a3_)) / _a3_) + -(_a4_)) * (x * _a7_));{'d0': {'_a3_': 0.31192970791236097, '_a4_': -1.373359500564462, '_a7_': 1.0533120344907698, '_a0_': 1.0, '_a1_': 1.0, '_a2_': 1.0, '_a5_': 1.0, '_a6_': 1.0}};{'d0': 0.024905832919416615};-280.569866449044;34.55626891663675
14312;-105.728664307885;(((pow2((x + _a3_)) / _a3_) + -(_a4_)) * (x * _a7_));{'d0': {'_a3_': 0.31192970791236097, '_a4_': -1.373359500564462, '_a7_': 1.0533120344907698, '_a0_': 1.0, '_a1_': 1.0, '_a2_': 1.0, '_a5_': 1.0, '_a6_': 1.0}};{'d0': 0.024905832919416615};-280.569866449044;34.55626891663675
14313;-105.728664307885;(((pow2((x + _a3_)) / _a3_) + -(_a4_)) * (x * _a7_));{'d0': {'_a3_': 0.31192970791236097, '_a4_': -1.373359500564462, '_a7_': 1.0533120344907698, '_a0_': 1.0, '_a1_': 1.0, '_a2_': 1.0, '_a5_': 1.0, '_a6_': 1.0}};{'d0': 0.024905832919416615};-280.569866449044;34.55626891663675
14314;-105.728664307885;(((pow2((x + _a3_)) / _a3_) + -(_a4_)) * (x * _a7_));{'d0': {'_a3_': 0.31192970791236097, '_a4_': -1.373359500564462, '_a7_': 1.0533120344907698, '_a0_': 1.0, '_a1_': 1.0, '_a2_': 1.0, '_a5_': 1.0, '_a6_': 1.0}};{'d0': 0.024905832919416615};-280.569866449044;34.55626891663675
14315;-105.728664307885;(((pow2((x + _a3_)) / _a3_) + -(_a4_)) * (x * _a7_));{'d0': {'_a3_': 0.31192970791236097, '_a4_': -1.373359500564462, '_a7_': 1.0533120344907698, '_a0_': 1.0, '_a1_': 1.0, '_a2_': 1.0, '_a5_': 1.0, '_a6_': 1.0}};{'d0': 0.024905832919416615};-280.569866449044;34.55626891663675
14316;-105.728664307885;(((pow2((x + _a3_)) / _a3_) + -(_a4_)) * (x * _a7_));{'d0': {'_a3_': 0.31192970791236097, '_a4_': -1.373359500564462, '_a7_': 1.0533120344907698, '_a0_': 1.0, '_a1_': 1.0, '_a2_': 1.0, '_a5_': 1.0, '_a6_': 1.0}};{'d0': 0.024905832919416615};-280.569866449044;34.55626891663675
14317;-105.728664307885;(((pow2((x + _a3_)) / _a3_) + -(_a4_)) * (x * _a7_));{'d0': {'_a3_': 0.31192970791236097, '_a4_': -1.373359500564462, '_a7_': 1.0533120344907698, '_a0_': 1.0, '_a1_': 1.0, '_a2_': 1.0, '_a5_': 1.0, '_a6_': 1.0}};{'d0': 0.024905832919416615};-280.569866449044;34.55626891663675
14318;-105.728664307885;(((pow2((x + _a3_)) / _a3_) + -(_a4_)) * (x * _a7_));{'d0': {'_a3_': 0.31192970791236097, '_a4_': -1.373359500564462, '_a7_': 1.0533120344907698, '_a0_': 1.0, '_a1_': 1.0, '_a2_': 1.0, '_a5_': 1.0, '_a6_': 1.0}};{'d0': 0.024905832919416615};-280.569866449044;34.55626891663675
14319;-105.728664307885;(((pow2((x + _a3_)) / _a3_) + -(_a4_)) * (x * _a7_));{'d0': {'_a3_': 0.31192970791236097, '_a4_': -1.373359500564462, '_a7_': 1.0533120344907698, '_a0_': 1.0, '_a1_': 1.0, '_a2_': 1.0, '_a5_': 1.0, '_a6_': 1.0}};{'d0': 0.024905832919416615};-280.569866449044;34.55626891663675
14320;-105.728664307885;(((pow2((x + _a3_)) / _a3_) + -(_a4_)) * (x * _a7_));{'d0': {'_a3_': 0.31192970791236097, '_a4_': -1.373359500564462, '_a7_': 1.0533120344907698, '_a0_': 1.0, '_a1_': 1.0, '_a2_': 1.0, '_a5_': 1.0, '_a6_': 1.0}};{'d0': 0.024905832919416615};-280.569866449044;34.55626891663675
14321;-105.728664307885;(((pow2((x + _a3_)) / _a3_) + -(_a4_)) * (x * _a7_));{'d0': {'_a3_': 0.31192970791236097, '_a4_': -1.373359500564462, '_a7_': 1.0533120344907698, '_a0_': 1.0, '_a1_': 1.0, '_a2_': 1.0, '_a5_': 1.0, '_a6_': 1.0}};{'d0': 0.024905832919416615};-280.569866449044;34.55626891663675
14322;-105.728664307885;(((pow2((x + _a3_)) / _a3_) + -(_a4_)) * (x * _a7_));{'d0': {'_a3_': 0.31192970791236097, '_a4_': -1.373359500564462, '_a7_': 1.0533120344907698, '_a0_': 1.0, '_a1_': 1.0, '_a2_': 1.0, '_a5_': 1.0, '_a6_': 1.0}};{'d0': 0.024905832919416615};-280.569866449044;34.55626891663675
14323;-105.728664307885;(((pow2((x + _a3_)) / _a3_) + -(_a4_)) * (x * _a7_));{'d0': {'_a3_': 0.31192970791236097, '_a4_': -1.373359500564462, '_a7_': 1.0533120344907698, '_a0_': 1.0, '_a1_': 1.0, '_a2_': 1.0, '_a5_': 1.0, '_a6_': 1.0}};{'d0': 0.024905832919416615};-280.569866449044;34.55626891663675
14324;-105.728664307885;(((pow2((x + _a3_)) / _a3_) + -(_a4_)) * (x * _a7_));{'d0': {'_a3_': 0.31192970791236097, '_a4_': -1.373359500564462, '_a7_': 1.0533120344907698, '_a0_': 1.0, '_a1_': 1.0, '_a2_': 1.0, '_a5_': 1.0, '_a6_': 1.0}};{'d0': 0.024905832919416615};-280.569866449044;34.55626891663675
14325;-105.728664307885;(((pow2((x + _a3_)) / _a3_) + -(_a4_)) * (x * _a7_));{'d0': {'_a3_': 0.31192970791236097, '_a4_': -1.373359500564462, '_a7_': 1.0533120344907698, '_a0_': 1.0, '_a1_': 1.0, '_a2_': 1.0, '_a5_': 1.0, '_a6_': 1.0}};{'d0': 0.024905832919416615};-280.569866449044;34.55626891663675
14326;-105.728664307885;(((pow2((x + _a3_)) / _a3_) + -(_a4_)) * (x * _a7_));{'d0': {'_a3_': 0.31192970791236097, '_a4_': -1.373359500564462, '_a7_': 1.0533120344907698, '_a0_': 1.0, '_a1_': 1.0, '_a2_': 1.0, '_a5_': 1.0, '_a6_': 1.0}};{'d0': 0.024905832919416615};-280.569866449044;34.55626891663675
14327;-105.728664307885;(((pow2((x + _a3_)) / _a3_) + -(_a4_)) * (x * _a7_));{'d0': {'_a3_': 0.31192970791236097, '_a4_': -1.373359500564462, '_a7_': 1.0533120344907698, '_a0_': 1.0, '_a1_': 1.0, '_a2_': 1.0, '_a5_': 1.0, '_a6_': 1.0}};{'d0': 0.024905832919416615};-280.569866449044;34.55626891663675
14328;-105.728664307885;(((pow2((x + _a3_)) / _a3_) + -(_a4_)) * (x * _a7_));{'d0': {'_a3_': 0.31192970791236097, '_a4_': -1.373359500564462, '_a7_': 1.0533120344907698, '_a0_': 1.0, '_a1_': 1.0, '_a2_': 1.0, '_a5_': 1.0, '_a6_': 1.0}};{'d0': 0.024905832919416615};-280.569866449044;34.55626891663675
14329;-105.728664307885;(((pow2((x + _a3_)) / _a3_) + -(_a4_)) * (x * _a7_));{'d0': {'_a3_': 0.31192970791236097, '_a4_': -1.373359500564462, '_a7_': 1.0533120344907698, '_a0_': 1.0, '_a1_': 1.0, '_a2_': 1.0, '_a5_': 1.0, '_a6_': 1.0}};{'d0': 0.024905832919416615};-280.569866449044;34.55626891663675
14330;-105.728664307885;(((pow2((x + _a3_)) / _a3_) + -(_a4_)) * (x * _a7_));{'d0': {'_a3_': 0.31192970791236097, '_a4_': -1.373359500564462, '_a7_': 1.0533120344907698, '_a0_': 1.0, '_a1_': 1.0, '_a2_': 1.0, '_a5_': 1.0, '_a6_': 1.0}};{'d0': 0.024905832919416615};-280.569866449044;34.55626891663675
14331;-105.728664307885;(((pow2((x + _a3_)) / _a3_) + -(_a4_)) * (x * _a7_));{'d0': {'_a3_': 0.31192970791236097, '_a4_': -1.373359500564462, '_a7_': 1.0533120344907698, '_a0_': 1.0, '_a1_': 1.0, '_a2_': 1.0, '_a5_': 1.0, '_a6_': 1.0}};{'d0': 0.024905832919416615};-280.569866449044;34.55626891663675
14332;-105.728664307885;(((pow2((x + _a3_)) / _a3_) + -(_a4_)) * (x * _a7_));{'d0': {'_a3_': 0.31192970791236097, '_a4_': -1.373359500564462, '_a7_': 1.0533120344907698, '_a0_': 1.0, '_a1_': 1.0, '_a2_': 1.0, '_a5_': 1.0, '_a6_': 1.0}};{'d0': 0.024905832919416615};-280.569866449044;34.55626891663675
14333;-105.728664307885;(((pow2((x + _a3_)) / _a3_) + -(_a4_)) * (x * _a7_));{'d0': {'_a3_': 0.31192970791236097, '_a4_': -1.373359500564462, '_a7_': 1.0533120344907698, '_a0_': 1.0, '_a1_': 1.0, '_a2_': 1.0, '_a5_': 1.0, '_a6_': 1.0}};{'d0': 0.024905832919416615};-280.569866449044;34.55626891663675
14334;-105.728664307885;(((pow2((x + _a3_)) / _a3_) + -(_a4_)) * (x * _a7_));{'d0': {'_a3_': 0.31192970791236097, '_a4_': -1.373359500564462, '_a7_': 1.0533120344907698, '_a0_': 1.0, '_a1_': 1.0, '_a2_': 1.0, '_a5_': 1.0, '_a6_': 1.0}};{'d0': 0.024905832919416615};-280.569866449044;34.55626891663675
14335;-105.728664307885;(((pow2((x + _a3_)) / _a3_) + -(_a4_)) * (x * _a7_));{'d0': {'_a3_': 0.31192970791236097, '_a4_': -1.373359500564462, '_a7_': 1.0533120344907698, '_a0_': 1.0, '_a1_': 1.0, '_a2_': 1.0, '_a5_': 1.0, '_a6_': 1.0}};{'d0': 0.024905832919416615};-280.569866449044;34.55626891663675
14336;-105.728664307885;(((pow2((x + _a3_)) / _a3_) + -(_a4_)) * (x * _a7_));{'d0': {'_a3_': 0.31192970791236097, '_a4_': -1.373359500564462, '_a7_': 1.0533120344907698, '_a0_': 1.0, '_a1_': 1.0, '_a2_': 1.0, '_a5_': 1.0, '_a6_': 1.0}};{'d0': 0.024905832919416615};-280.569866449044;34.55626891663675
14337;-105.728664307885;(((pow2((x + _a3_)) / _a3_) + -(_a4_)) * (x * _a7_));{'d0': {'_a3_': 0.31192970791236097, '_a4_': -1.373359500564462, '_a7_': 1.0533120344907698, '_a0_': 1.0, '_a1_': 1.0, '_a2_': 1.0, '_a5_': 1.0, '_a6_': 1.0}};{'d0': 0.024905832919416615};-280.569866449044;34.55626891663675
14338;-105.728664307885;(((pow2((x + _a3_)) / _a3_) + -(_a4_)) * (x * _a7_));{'d0': {'_a3_': 0.31192970791236097, '_a4_': -1.373359500564462, '_a7_': 1.0533120344907698, '_a0_': 1.0, '_a1_': 1.0, '_a2_': 1.0, '_a5_': 1.0, '_a6_': 1.0}};{'d0': 0.024905832919416615};-280.569866449044;34.55626891663675
14339;-101.733624496758;((pow2(_a2_) + (pow2((cos(_a1_) + x)) * pow2(_a6_))) * x);{'d0': {'_a1_': 1.2535729231880628, '_a2_': 1.2027369160021235, '_a6_': 1.8375964951806052, '_a0_': 1.0, '_a3_': 1.0, '_a4_': 1.0, '_a5_': 1.0, '_a7_': 1.0}};{'d0': 0.024905832919416622};-280.569866449044;38.55130872776406
14340;-101.733624496758;((pow2(_a2_) + (pow2((cos(_a1_) + x)) * pow2(_a6_))) * x);{'d0': {'_a1_': 1.2535729231880628, '_a2_': 1.2027369160021235, '_a6_': 1.8375964951806052, '_a0_': 1.0, '_a3_': 1.0, '_a4_': 1.0, '_a5_': 1.0, '_a7_': 1.0}};{'d0': 0.024905832919416622};-280.569866449044;38.55130872776406
14341;-101.733624496758;((pow2(_a2_) + (pow2((cos(_a1_) + x)) * pow2(_a6_))) * x);{'d0': {'_a1_': 1.2535729231880628, '_a2_': 1.2027369160021235, '_a6_': 1.8375964951806052, '_a0_': 1.0, '_a3_': 1.0, '_a4_': 1.0, '_a5_': 1.0, '_a7_': 1.0}};{'d0': 0.024905832919416622};-280.569866449044;38.55130872776406
14342;-101.733624496758;((pow2(_a2_) + (pow2((cos(_a1_) + x)) * pow2(_a6_))) * x);{'d0': {'_a1_': 1.2535729231880628, '_a2_': 1.2027369160021235, '_a6_': 1.8375964951806052, '_a0_': 1.0, '_a3_': 1.0, '_a4_': 1.0, '_a5_': 1.0, '_a7_': 1.0}};{'d0': 0.024905832919416622};-280.569866449044;38.55130872776406
14343;-101.733624496758;((pow2(_a2_) + (pow2((cos(_a1_) + x)) * pow2(_a6_))) * x);{'d0': {'_a1_': 1.2535729231880628, '_a2_': 1.2027369160021235, '_a6_': 1.8375964951806052, '_a0_': 1.0, '_a3_': 1.0, '_a4_': 1.0, '_a5_': 1.0, '_a7_': 1.0}};{'d0': 0.024905832919416622};-280.569866449044;38.55130872776406
14344;-101.733624496758;((pow2(_a2_) + (pow2((cos(_a1_) + x)) * pow2(_a6_))) * x);{'d0': {'_a1_': 1.2535729231880628, '_a2_': 1.2027369160021235, '_a6_': 1.8375964951806052, '_a0_': 1.0, '_a3_': 1.0, '_a4_': 1.0, '_a5_': 1.0, '_a7_': 1.0}};{'d0': 0.024905832919416622};-280.569866449044;38.55130872776406
14345;-101.733624496758;((pow2(_a2_) + (pow2((cos(_a1_) + x)) * pow2(_a6_))) * x);{'d0': {'_a1_': 1.2535729231880628, '_a2_': 1.2027369160021235, '_a6_': 1.8375964951806052, '_a0_': 1.0, '_a3_': 1.0, '_a4_': 1.0, '_a5_': 1.0, '_a7_': 1.0}};{'d0': 0.024905832919416622};-280.569866449044;38.55130872776406
14346;-101.733624496758;((pow2(_a2_) + (pow2((cos(_a1_) + x)) * pow2(_a6_))) * x);{'d0': {'_a1_': 1.2535729231880628, '_a2_': 1.2027369160021235, '_a6_': 1.8375964951806052, '_a0_': 1.0, '_a3_': 1.0, '_a4_': 1.0, '_a5_': 1.0, '_a7_': 1.0}};{'d0': 0.024905832919416622};-280.569866449044;38.55130872776406
14347;-105.431558969368;((pow2(_a2_) + (pow2((cos(_a1_) + x)) * _a4_)) * x);{'d0': {'_a1_': 1.2535729231955877, '_a2_': 1.2027369161287498, '_a4_': 3.3767608778972815, '_a0_': 1.0, '_a3_': 1.0, '_a5_': 1.0, '_a6_': 1.0, '_a7_': 1.0}};{'d0': 0.024905832919416594};-280.569866449044;34.85337425515406
14348;-105.431558969368;((pow2(_a2_) + (pow2((cos(_a1_) + x)) * _a4_)) * x);{'d0': {'_a1_': 1.2535729231955877, '_a2_': 1.2027369161287498, '_a4_': 3.3767608778972815, '_a0_': 1.0, '_a3_': 1.0, '_a5_': 1.0, '_a6_': 1.0, '_a7_': 1.0}};{'d0': 0.024905832919416594};-280.569866449044;34.85337425515406
14349;-105.431558969368;((pow2(_a2_) + (pow2((cos(_a1_) + x)) * _a4_)) * x);{'d0': {'_a1_': 1.2535729231955877, '_a2_': 1.2027369161287498, '_a4_': 3.3767608778972815, '_a0_': 1.0, '_a3_': 1.0, '_a5_': 1.0, '_a6_': 1.0, '_a7_': 1.0}};{'d0': 0.024905832919416594};-280.569866449044;34.85337425515406
14350;-105.431558969368;((pow2(_a2_) + (pow2((cos(_a1_) + x)) * _a4_)) * x);{'d0': {'_a1_': 1.2535729231955877, '_a2_': 1.2027369161287498, '_a4_': 3.3767608778972815, '_a0_': 1.0, '_a3_': 1.0, '_a5_': 1.0, '_a6_': 1.0, '_a7_': 1.0}};{'d0': 0.024905832919416594};-280.569866449044;34.85337425515406
14351;-105.431558969368;((pow2(_a2_) + (pow2((cos(_a1_) + x)) * _a4_)) * x);{'d0': {'_a1_': 1.2535729231955877, '_a2_': 1.2027369161287498, '_a4_': 3.3767608778972815, '_a0_': 1.0, '_a3_': 1.0, '_a5_': 1.0, '_a6_': 1.0, '_a7_': 1.0}};{'d0': 0.024905832919416594};-280.569866449044;34.85337425515406
14352;-105.431558969368;((pow2(_a2_) + (pow2((cos(_a1_) + x)) * _a4_)) * x);{'d0': {'_a1_': 1.2535729231955877, '_a2_': 1.2027369161287498, '_a4_': 3.3767608778972815, '_a0_': 1.0, '_a3_': 1.0, '_a5_': 1.0, '_a6_': 1.0, '_a7_': 1.0}};{'d0': 0.024905832919416594};-280.569866449044;34.85337425515406
14353;-104.918086699528;((pow2(_a2_) + (pow2((pow3(_a1_) + x)) * _a4_)) * x);{'d0': {'_a1_': 0.6781913497575377, '_a2_': 1.2027369160888908, '_a4_': 3.376760877833612, '_a0_': 1.0, '_a3_': 1.0, '_a5_': 1.0, '_a6_': 1.0, '_a7_': 1.0}};{'d0': 0.024905832919416615};-280.569866449044;35.36684652499406
14354;-104.918086699528;((pow2(_a2_) + (pow2((pow3(_a1_) + x)) * _a4_)) * x);{'d0': {'_a1_': 0.6781913497575377, '_a2_': 1.2027369160888908, '_a4_': 3.376760877833612, '_a0_': 1.0, '_a3_': 1.0, '_a5_': 1.0, '_a6_': 1.0, '_a7_': 1.0}};{'d0': 0.024905832919416615};-280.569866449044;35.36684652499406
14355;-104.918086699528;((pow2(_a2_) + (pow2((pow3(_a1_) + x)) * _a4_)) * x);{'d0': {'_a1_': 0.6781913497575377, '_a2_': 1.2027369160888908, '_a4_': 3.376760877833612, '_a0_': 1.0, '_a3_': 1.0, '_a5_': 1.0, '_a6_': 1.0, '_a7_': 1.0}};{'d0': 0.024905832919416615};-280.569866449044;35.36684652499406
14356;-104.918086699528;((pow2(_a2_) + (pow2((pow3(_a1_) + x)) * _a4_)) * x);{'d0': {'_a1_': 0.6781913497575377, '_a2_': 1.2027369160888908, '_a4_': 3.376760877833612, '_a0_': 1.0, '_a3_': 1.0, '_a5_': 1.0, '_a6_': 1.0, '_a7_': 1.0}};{'d0': 0.024905832919416615};-280.569866449044;35.36684652499406
14357;-104.918086699528;((pow2(_a2_) + (pow2((pow3(_a1_) + x)) * _a4_)) * x);{'d0': {'_a1_': 0.6781913497575377, '_a2_': 1.2027369160888908, '_a4_': 3.376760877833612, '_a0_': 1.0, '_a3_': 1.0, '_a5_': 1.0, '_a6_': 1.0, '_a7_': 1.0}};{'d0': 0.024905832919416615};-280.569866449044;35.36684652499406
14358;-104.918086699528;((pow2(_a2_) + (pow2((pow3(_a1_) + x)) * _a4_)) * x);{'d0': {'_a1_': 0.6781913497575377, '_a2_': 1.2027369160888908, '_a4_': 3.376760877833612, '_a0_': 1.0, '_a3_': 1.0, '_a5_': 1.0, '_a6_': 1.0, '_a7_': 1.0}};{'d0': 0.024905832919416615};-280.569866449044;35.36684652499406
14359;-104.918086699528;((pow2(_a2_) + (pow2((pow3(_a1_) + x)) * _a4_)) * x);{'d0': {'_a1_': 0.6781913497575377, '_a2_': 1.2027369160888908, '_a4_': 3.376760877833612, '_a0_': 1.0, '_a3_': 1.0, '_a5_': 1.0, '_a6_': 1.0, '_a7_': 1.0}};{'d0': 0.024905832919416615};-280.569866449044;35.36684652499406
14360;-104.918086699528;((pow2(_a2_) + (pow2((pow3(_a1_) + x)) * _a4_)) * x);{'d0': {'_a1_': 0.6781913497575377, '_a2_': 1.2027369160888908, '_a4_': 3.376760877833612, '_a0_': 1.0, '_a3_': 1.0, '_a5_': 1.0, '_a6_': 1.0, '_a7_': 1.0}};{'d0': 0.024905832919416615};-280.569866449044;35.36684652499406
14361;-103.663504714417;((pow2(_a2_) + (pow2(((_a7_ / _a3_) + x)) * _a4_)) * x);{'d0': {'_a2_': 1.202736916083288, '_a3_': 3.671009572445343, '_a4_': 3.376760881369539, '_a7_': 1.1450969220436082, '_a0_': 1.0, '_a1_': 1.0, '_a5_': 1.0, '_a6_': 1.0}};{'d0': 0.024905832919423086};-276.475521886806;34.57425622898646
14362;-103.663504714417;((pow2(_a2_) + (pow2(((_a7_ / _a3_) + x)) * _a4_)) * x);{'d0': {'_a2_': 1.202736916083288, '_a3_': 3.671009572445343, '_a4_': 3.376760881369539, '_a7_': 1.1450969220436082, '_a0_': 1.0, '_a1_': 1.0, '_a5_': 1.0, '_a6_': 1.0}};{'d0': 0.024905832919423086};-276.475521886806;34.57425622898646
14363;-109.408611468146;((_a3_ + (pow2(((_a7_ / _a3_) + x)) * _a4_)) * x);{'d0': {'_a3_': 1.4465760906334708, '_a4_': 3.376760875857543, '_a7_': 0.4512300574938879, '_a0_': 1.0, '_a1_': 1.0, '_a2_': 1.0, '_a5_': 1.0, '_a6_': 1.0}};{'d0': 0.024905832919416566};-280.569866449044;30.876321756376456
14364;-109.408611468146;((_a3_ + (pow2(((_a7_ / _a3_) + x)) * _a4_)) * x);{'d0': {'_a3_': 1.4465760906334708, '_a4_': 3.376760875857543, '_a7_': 0.4512300574938879, '_a0_': 1.0, '_a1_': 1.0, '_a2_': 1.0, '_a5_': 1.0, '_a6_': 1.0}};{'d0': 0.024905832919416566};-280.569866449044;30.876321756376456
14365;-109.408611468146;((_a3_ + (pow2(((_a7_ / _a3_) + x)) * _a4_)) * x);{'d0': {'_a3_': 1.4465760906334708, '_a4_': 3.376760875857543, '_a7_': 0.4512300574938879, '_a0_': 1.0, '_a1_': 1.0, '_a2_': 1.0, '_a5_': 1.0, '_a6_': 1.0}};{'d0': 0.024905832919416566};-280.569866449044;30.876321756376456
14366;-109.408611468146;((_a3_ + (pow2(((_a7_ / _a3_) + x)) * _a4_)) * x);{'d0': {'_a3_': 1.4465760906334708, '_a4_': 3.376760875857543, '_a7_': 0.4512300574938879, '_a0_': 1.0, '_a1_': 1.0, '_a2_': 1.0, '_a5_': 1.0, '_a6_': 1.0}};{'d0': 0.024905832919416566};-280.569866449044;30.876321756376456
14367;-109.408611468146;((_a3_ + (pow2(((_a7_ / _a3_) + x)) * _a4_)) * x);{'d0': {'_a3_': 1.4465760906334708, '_a4_': 3.376760875857543, '_a7_': 0.4512300574938879, '_a0_': 1.0, '_a1_': 1.0, '_a2_': 1.0, '_a5_': 1.0, '_a6_': 1.0}};{'d0': 0.024905832919416566};-280.569866449044;30.876321756376456
14368;-109.408611468146;((_a3_ + (pow2(((_a7_ / _a3_) + x)) * _a4_)) * x);{'d0': {'_a3_': 1.4465760906334708, '_a4_': 3.376760875857543, '_a7_': 0.4512300574938879, '_a0_': 1.0, '_a1_': 1.0, '_a2_': 1.0, '_a5_': 1.0, '_a6_': 1.0}};{'d0': 0.024905832919416566};-280.569866449044;30.876321756376456
14369;-109.408611468146;((_a3_ + (pow2(((_a7_ / _a3_) + x)) * _a4_)) * x);{'d0': {'_a3_': 1.4465760906334708, '_a4_': 3.376760875857543, '_a7_': 0.4512300574938879, '_a0_': 1.0, '_a1_': 1.0, '_a2_': 1.0, '_a5_': 1.0, '_a6_': 1.0}};{'d0': 0.024905832919416566};-280.569866449044;30.876321756376456
14370;-109.408611468146;((_a3_ + (pow2(((_a7_ / _a3_) + x)) * _a4_)) * x);{'d0': {'_a3_': 1.4465760906334708, '_a4_': 3.376760875857543, '_a7_': 0.4512300574938879, '_a0_': 1.0, '_a1_': 1.0, '_a2_': 1.0, '_a5_': 1.0, '_a6_': 1.0}};{'d0': 0.024905832919416566};-280.569866449044;30.876321756376456
14371;-109.408611468146;((_a3_ + (pow2(((_a7_ / _a3_) + x)) * _a4_)) * x);{'d0': {'_a3_': 1.4465760906334708, '_a4_': 3.376760875857543, '_a7_': 0.4512300574938879, '_a0_': 1.0, '_a1_': 1.0, '_a2_': 1.0, '_a5_': 1.0, '_a6_': 1.0}};{'d0': 0.024905832919416566};-280.569866449044;30.876321756376456
14372;-109.408611468146;((_a3_ + (pow2(((_a7_ / _a3_) + x)) * _a4_)) * x);{'d0': {'_a3_': 1.4465760906334708, '_a4_': 3.376760875857543, '_a7_': 0.4512300574938879, '_a0_': 1.0, '_a1_': 1.0, '_a2_': 1.0, '_a5_': 1.0, '_a6_': 1.0}};{'d0': 0.024905832919416566};-280.569866449044;30.876321756376456
14373;-109.408611468146;((_a3_ + (pow2(((_a7_ / _a3_) + x)) * _a4_)) * x);{'d0': {'_a3_': 1.4465760906334708, '_a4_': 3.376760875857543, '_a7_': 0.4512300574938879, '_a0_': 1.0, '_a1_': 1.0, '_a2_': 1.0, '_a5_': 1.0, '_a6_': 1.0}};{'d0': 0.024905832919416566};-280.569866449044;30.876321756376456
14374;-109.408611468146;((_a3_ + (pow2(((_a7_ / _a3_) + x)) * _a4_)) * x);{'d0': {'_a3_': 1.4465760906334708, '_a4_': 3.376760875857543, '_a7_': 0.4512300574938879, '_a0_': 1.0, '_a1_': 1.0, '_a2_': 1.0, '_a5_': 1.0, '_a6_': 1.0}};{'d0': 0.024905832919416566};-280.569866449044;30.876321756376456
14375;-109.408611468146;((_a3_ + (pow2(((_a7_ / _a3_) + x)) * _a4_)) * x);{'d0': {'_a3_': 1.4465760906334708, '_a4_': 3.376760875857543, '_a7_': 0.4512300574938879, '_a0_': 1.0, '_a1_': 1.0, '_a2_': 1.0, '_a5_': 1.0, '_a6_': 1.0}};{'d0': 0.024905832919416566};-280.569866449044;30.876321756376456
14376;-109.408611468146;((_a3_ + (pow2(((_a7_ / _a3_) + x)) * _a4_)) * x);{'d0': {'_a3_': 1.4465760906334708, '_a4_': 3.376760875857543, '_a7_': 0.4512300574938879, '_a0_': 1.0, '_a1_': 1.0, '_a2_': 1.0, '_a5_': 1.0, '_a6_': 1.0}};{'d0': 0.024905832919416566};-280.569866449044;30.876321756376456
14377;-109.408611468146;((_a3_ + (pow2(((_a7_ / _a3_) + x)) * _a4_)) * x);{'d0': {'_a3_': 1.4465760906334708, '_a4_': 3.376760875857543, '_a7_': 0.4512300574938879, '_a0_': 1.0, '_a1_': 1.0, '_a2_': 1.0, '_a5_': 1.0, '_a6_': 1.0}};{'d0': 0.024905832919416566};-280.569866449044;30.876321756376456
14378;-109.408611468146;((_a3_ + (pow2(((_a7_ / _a3_) + x)) * _a4_)) * x);{'d0': {'_a3_': 1.4465760906334708, '_a4_': 3.376760875857543, '_a7_': 0.4512300574938879, '_a0_': 1.0, '_a1_': 1.0, '_a2_': 1.0, '_a5_': 1.0, '_a6_': 1.0}};{'d0': 0.024905832919416566};-280.569866449044;30.876321756376456
14379;-109.408611468146;((_a3_ + (pow2(((_a7_ / _a3_) + x)) * _a4_)) * x);{'d0': {'_a3_': 1.4465760906334708, '_a4_': 3.376760875857543, '_a7_': 0.4512300574938879, '_a0_': 1.0, '_a1_': 1.0, '_a2_': 1.0, '_a5_': 1.0, '_a6_': 1.0}};{'d0': 0.024905832919416566};-280.569866449044;30.876321756376456
14380;-109.408611468146;((_a3_ + (pow2(((_a7_ / _a3_) + x)) * _a4_)) * x);{'d0': {'_a3_': 1.4465760906334708, '_a4_': 3.376760875857543, '_a7_': 0.4512300574938879, '_a0_': 1.0, '_a1_': 1.0, '_a2_': 1.0, '_a5_': 1.0, '_a6_': 1.0}};{'d0': 0.024905832919416566};-280.569866449044;30.876321756376456
14381;-109.408611468146;((_a3_ + (pow2(((_a7_ / _a3_) + x)) * _a4_)) * x);{'d0': {'_a3_': 1.4465760906334708, '_a4_': 3.376760875857543, '_a7_': 0.4512300574938879, '_a0_': 1.0, '_a1_': 1.0, '_a2_': 1.0, '_a5_': 1.0, '_a6_': 1.0}};{'d0': 0.024905832919416566};-280.569866449044;30.876321756376456
14382;-109.408611468146;((_a3_ + (pow2(((_a7_ / _a3_) + x)) * _a4_)) * x);{'d0': {'_a3_': 1.4465760906334708, '_a4_': 3.376760875857543, '_a7_': 0.4512300574938879, '_a0_': 1.0, '_a1_': 1.0, '_a2_': 1.0, '_a5_': 1.0, '_a6_': 1.0}};{'d0': 0.024905832919416566};-280.569866449044;30.876321756376456
14383;-109.408611468146;((_a3_ + (pow2(((_a7_ / _a3_) + x)) * _a4_)) * x);{'d0': {'_a3_': 1.4465760906334708, '_a4_': 3.376760875857543, '_a7_': 0.4512300574938879, '_a0_': 1.0, '_a1_': 1.0, '_a2_': 1.0, '_a5_': 1.0, '_a6_': 1.0}};{'d0': 0.024905832919416566};-280.569866449044;30.876321756376456
14384;-109.408611468146;((_a3_ + (pow2(((_a7_ / _a3_) + x)) * _a4_)) * x);{'d0': {'_a3_': 1.4465760906334708, '_a4_': 3.376760875857543, '_a7_': 0.4512300574938879, '_a0_': 1.0, '_a1_': 1.0, '_a2_': 1.0, '_a5_': 1.0, '_a6_': 1.0}};{'d0': 0.024905832919416566};-280.569866449044;30.876321756376456
14385;-102.364147265114;(((((pow2((x + _a1_)) + _a3_) + _a2_) * _a3_) * x) * _a0_);{'d0': {'_a0_': 3.5160383710745986, '_a1_': 0.3119297079015176, '_a2_': -0.5319962827028177, '_a3_': 0.9603879110002219, '_a4_': 1.0, '_a5_': 1.0, '_a6_': 1.0, '_a7_': 1.0}};{'d0': 0.024905832919547354};-276.475521886507;35.873613678139016
14386;-102.364147265114;(((((pow2((x + _a1_)) + _a3_) + _a2_) * _a3_) * x) * _a0_);{'d0': {'_a0_': 3.5160383710745986, '_a1_': 0.3119297079015176, '_a2_': -0.5319962827028177, '_a3_': 0.9603879110002219, '_a4_': 1.0, '_a5_': 1.0, '_a6_': 1.0, '_a7_': 1.0}};{'d0': 0.024905832919547354};-276.475521886507;35.873613678139016
14387;-102.364147265114;(((((pow2((x + _a1_)) + _a3_) + _a2_) * _a3_) * x) * _a0_);{'d0': {'_a0_': 3.5160383710745986, '_a1_': 0.3119297079015176, '_a2_': -0.5319962827028177, '_a3_': 0.9603879110002219, '_a4_': 1.0, '_a5_': 1.0, '_a6_': 1.0, '_a7_': 1.0}};{'d0': 0.024905832919547354};-276.475521886507;35.873613678139016
14388;-102.364147265114;(((((pow2((x + _a1_)) + _a3_) + _a2_) * _a3_) * x) * _a0_);{'d0': {'_a0_': 3.5160383710745986, '_a1_': 0.3119297079015176, '_a2_': -0.5319962827028177, '_a3_': 0.9603879110002219, '_a4_': 1.0, '_a5_': 1.0, '_a6_': 1.0, '_a7_': 1.0}};{'d0': 0.024905832919547354};-276.475521886507;35.873613678139016
14389;-102.364147265114;(((((pow2((x + _a1_)) + _a3_) + _a2_) * _a3_) * x) * _a0_);{'d0': {'_a0_': 3.5160383710745986, '_a1_': 0.3119297079015176, '_a2_': -0.5319962827028177, '_a3_': 0.9603879110002219, '_a4_': 1.0, '_a5_': 1.0, '_a6_': 1.0, '_a7_': 1.0}};{'d0': 0.024905832919547354};-276.475521886507;35.873613678139016
14390;-97.8442837102579;(((((pow2((x + _a1_)) + _a3_) + (_a1_ ** x)) * _a3_) * x) * _a0_);{'d0': {'_a0_': -3.861025215525, '_a1_': 0.6078497671309734, '_a3_': -0.7612265227398035, '_a2_': 1.0, '_a4_': 1.0, '_a5_': 1.0, '_a6_': 1.0, '_a7_': 1.0}};{'d0': 0.02482583751609384};-280.762891468994;42.53716202423902
14391;-97.8442837102579;(((((pow2((x + _a1_)) + _a3_) + (_a1_ ** x)) * _a3_) * x) * _a0_);{'d0': {'_a0_': -3.861025215525, '_a1_': 0.6078497671309734, '_a3_': -0.7612265227398035, '_a2_': 1.0, '_a4_': 1.0, '_a5_': 1.0, '_a6_': 1.0, '_a7_': 1.0}};{'d0': 0.02482583751609384};-280.762891468994;42.53716202423902
14392;-97.8442837102579;(((((pow2((x + _a1_)) + _a3_) + (_a1_ ** x)) * _a3_) * x) * _a0_);{'d0': {'_a0_': -3.861025215525, '_a1_': 0.6078497671309734, '_a3_': -0.7612265227398035, '_a2_': 1.0, '_a4_': 1.0, '_a5_': 1.0, '_a6_': 1.0, '_a7_': 1.0}};{'d0': 0.02482583751609384};-280.762891468994;42.53716202423902
14393;-97.8442837102579;(((((pow2((x + _a1_)) + _a3_) + (_a1_ ** x)) * _a3_) * x) * _a0_);{'d0': {'_a0_': -3.861025215525, '_a1_': 0.6078497671309734, '_a3_': -0.7612265227398035, '_a2_': 1.0, '_a4_': 1.0, '_a5_': 1.0, '_a6_': 1.0, '_a7_': 1.0}};{'d0': 0.02482583751609384};-280.762891468994;42.53716202423902
14394;-97.8442837102579;(((((pow2((x + _a1_)) + _a3_) + (_a1_ ** x)) * _a3_) * x) * _a0_);{'d0': {'_a0_': -3.861025215525, '_a1_': 0.6078497671309734, '_a3_': -0.7612265227398035, '_a2_': 1.0, '_a4_': 1.0, '_a5_': 1.0, '_a6_': 1.0, '_a7_': 1.0}};{'d0': 0.02482583751609384};-280.762891468994;42.53716202423902
14395;-97.8442837102579;(((((pow2((x + _a1_)) + _a3_) + (_a1_ ** x)) * _a3_) * x) * _a0_);{'d0': {'_a0_': -3.861025215525, '_a1_': 0.6078497671309734, '_a3_': -0.7612265227398035, '_a2_': 1.0, '_a4_': 1.0, '_a5_': 1.0, '_a6_': 1.0, '_a7_': 1.0}};{'d0': 0.02482583751609384};-280.762891468994;42.53716202423902
14396;-97.8442837102579;(((((pow2((x + _a1_)) + _a3_) + (_a1_ ** x)) * _a3_) * x) * _a0_);{'d0': {'_a0_': -3.861025215525, '_a1_': 0.6078497671309734, '_a3_': -0.7612265227398035, '_a2_': 1.0, '_a4_': 1.0, '_a5_': 1.0, '_a6_': 1.0, '_a7_': 1.0}};{'d0': 0.02482583751609384};-280.762891468994;42.53716202423902
14397;-97.8442837102579;(((((pow2((x + _a1_)) + _a3_) + (_a1_ ** x)) * _a3_) * x) * _a0_);{'d0': {'_a0_': -3.861025215525, '_a1_': 0.6078497671309734, '_a3_': -0.7612265227398035, '_a2_': 1.0, '_a4_': 1.0, '_a5_': 1.0, '_a6_': 1.0, '_a7_': 1.0}};{'d0': 0.02482583751609384};-280.762891468994;42.53716202423902
14398;-97.8442837102579;(((((pow2((x + _a1_)) + _a3_) + (_a1_ ** x)) * _a3_) * x) * _a0_);{'d0': {'_a0_': -3.861025215525, '_a1_': 0.6078497671309734, '_a3_': -0.7612265227398035, '_a2_': 1.0, '_a4_': 1.0, '_a5_': 1.0, '_a6_': 1.0, '_a7_': 1.0}};{'d0': 0.02482583751609384};-280.762891468994;42.53716202423902
14399;-97.8442837102579;(((((pow2((x + _a1_)) + _a3_) + (_a1_ ** x)) * _a3_) * x) * _a0_);{'d0': {'_a0_': -3.861025215525, '_a1_': 0.6078497671309734, '_a3_': -0.7612265227398035, '_a2_': 1.0, '_a4_': 1.0, '_a5_': 1.0, '_a6_': 1.0, '_a7_': 1.0}};{'d0': 0.02482583751609384};-280.762891468994;42.53716202423902
14400;-97.8442837102579;(((((pow2((x + _a1_)) + _a3_) + (_a1_ ** x)) * _a3_) * x) * _a0_);{'d0': {'_a0_': -3.861025215525, '_a1_': 0.6078497671309734, '_a3_': -0.7612265227398035, '_a2_': 1.0, '_a4_': 1.0, '_a5_': 1.0, '_a6_': 1.0, '_a7_': 1.0}};{'d0': 0.02482583751609384};-280.762891468994;42.53716202423902
14401;-97.8442837102579;(((((pow2((x + _a1_)) + _a3_) + (_a1_ ** x)) * _a3_) * x) * _a0_);{'d0': {'_a0_': -3.861025215525, '_a1_': 0.6078497671309734, '_a3_': -0.7612265227398035, '_a2_': 1.0, '_a4_': 1.0, '_a5_': 1.0, '_a6_': 1.0, '_a7_': 1.0}};{'d0': 0.02482583751609384};-280.762891468994;42.53716202423902
14402;-97.8442837102579;(((((pow2((x + _a1_)) + _a3_) + (_a1_ ** x)) * _a3_) * x) * _a0_);{'d0': {'_a0_': -3.861025215525, '_a1_': 0.6078497671309734, '_a3_': -0.7612265227398035, '_a2_': 1.0, '_a4_': 1.0, '_a5_': 1.0, '_a6_': 1.0, '_a7_': 1.0}};{'d0': 0.02482583751609384};-280.762891468994;42.53716202423902
14403;-97.8442837102579;(((((pow2((x + _a1_)) + _a3_) + (_a1_ ** x)) * _a3_) * x) * _a0_);{'d0': {'_a0_': -3.861025215525, '_a1_': 0.6078497671309734, '_a3_': -0.7612265227398035, '_a2_': 1.0, '_a4_': 1.0, '_a5_': 1.0, '_a6_': 1.0, '_a7_': 1.0}};{'d0': 0.02482583751609384};-280.762891468994;42.53716202423902
14404;-97.8442837102579;(((((pow2((x + _a1_)) + _a3_) + (_a1_ ** x)) * _a3_) * x) * _a0_);{'d0': {'_a0_': -3.861025215525, '_a1_': 0.6078497671309734, '_a3_': -0.7612265227398035, '_a2_': 1.0, '_a4_': 1.0, '_a5_': 1.0, '_a6_': 1.0, '_a7_': 1.0}};{'d0': 0.02482583751609384};-280.762891468994;42.53716202423902
14405;-97.8442837102579;(((((pow2((x + _a1_)) + _a3_) + (_a1_ ** x)) * _a3_) * x) * _a0_);{'d0': {'_a0_': -3.861025215525, '_a1_': 0.6078497671309734, '_a3_': -0.7612265227398035, '_a2_': 1.0, '_a4_': 1.0, '_a5_': 1.0, '_a6_': 1.0, '_a7_': 1.0}};{'d0': 0.02482583751609384};-280.762891468994;42.53716202423902
14406;-97.8442837102579;(((((pow2((x + _a1_)) + _a3_) + (_a1_ ** x)) * _a3_) * x) * _a0_);{'d0': {'_a0_': -3.861025215525, '_a1_': 0.6078497671309734, '_a3_': -0.7612265227398035, '_a2_': 1.0, '_a4_': 1.0, '_a5_': 1.0, '_a6_': 1.0, '_a7_': 1.0}};{'d0': 0.02482583751609384};-280.762891468994;42.53716202423902
14407;-97.8442837102579;(((((pow2((x + _a1_)) + _a3_) + (_a1_ ** x)) * _a3_) * x) * _a0_);{'d0': {'_a0_': -3.861025215525, '_a1_': 0.6078497671309734, '_a3_': -0.7612265227398035, '_a2_': 1.0, '_a4_': 1.0, '_a5_': 1.0, '_a6_': 1.0, '_a7_': 1.0}};{'d0': 0.02482583751609384};-280.762891468994;42.53716202423902
14408;-97.8442837102579;(((((pow2((x + _a1_)) + _a3_) + (_a1_ ** x)) * _a3_) * x) * _a0_);{'d0': {'_a0_': -3.861025215525, '_a1_': 0.6078497671309734, '_a3_': -0.7612265227398035, '_a2_': 1.0, '_a4_': 1.0, '_a5_': 1.0, '_a6_': 1.0, '_a7_': 1.0}};{'d0': 0.02482583751609384};-280.762891468994;42.53716202423902
14409;-99.0452514117229;(((((pow2((x + _a1_)) + _a3_) + exp(_a1_)) * _a3_) * x) * _a0_);{'d0': {'_a0_': -3.6012366217507616, '_a1_': 0.3119297077667541, '_a3_': -0.9376670385436928, '_a2_': 1.0, '_a4_': 1.0, '_a5_': 1.0, '_a6_': 1.0, '_a7_': 1.0}};{'d0': 0.024905832919416646};-280.569866449044;41.23968181279902
14410;-99.0452514117229;(((((pow2((x + _a1_)) + _a3_) + exp(_a1_)) * _a3_) * x) * _a0_);{'d0': {'_a0_': -3.6012366217507616, '_a1_': 0.3119297077667541, '_a3_': -0.9376670385436928, '_a2_': 1.0, '_a4_': 1.0, '_a5_': 1.0, '_a6_': 1.0, '_a7_': 1.0}};{'d0': 0.024905832919416646};-280.569866449044;41.23968181279902
14411;-99.0452514117229;(((((pow2((x + _a1_)) + _a3_) + exp(_a1_)) * _a3_) * x) * _a0_);{'d0': {'_a0_': -3.6012366217507616, '_a1_': 0.3119297077667541, '_a3_': -0.9376670385436928, '_a2_': 1.0, '_a4_': 1.0, '_a5_': 1.0, '_a6_': 1.0, '_a7_': 1.0}};{'d0': 0.024905832919416646};-280.569866449044;41.23968181279902
14412;-99.0452514117229;(((((pow2((x + _a1_)) + _a3_) + exp(_a1_)) * _a3_) * x) * _a0_);{'d0': {'_a0_': -3.6012366217507616, '_a1_': 0.3119297077667541, '_a3_': -0.9376670385436928, '_a2_': 1.0, '_a4_': 1.0, '_a5_': 1.0, '_a6_': 1.0, '_a7_': 1.0}};{'d0': 0.024905832919416646};-280.569866449044;41.23968181279902
14413;-99.0452514117229;(((((pow2((x + _a1_)) + _a3_) + exp(_a1_)) * _a3_) * x) * _a0_);{'d0': {'_a0_': -3.6012366217507616, '_a1_': 0.3119297077667541, '_a3_': -0.9376670385436928, '_a2_': 1.0, '_a4_': 1.0, '_a5_': 1.0, '_a6_': 1.0, '_a7_': 1.0}};{'d0': 0.024905832919416646};-280.569866449044;41.23968181279902
14414;-99.0452514117229;(((((pow2((x + _a1_)) + _a3_) + exp(_a1_)) * _a3_) * x) * _a0_);{'d0': {'_a0_': -3.6012366217507616, '_a1_': 0.3119297077667541, '_a3_': -0.9376670385436928, '_a2_': 1.0, '_a4_': 1.0, '_a5_': 1.0, '_a6_': 1.0, '_a7_': 1.0}};{'d0': 0.024905832919416646};-280.569866449044;41.23968181279902
14415;-99.0452514117229;(((((pow2((x + _a1_)) + _a3_) + exp(_a1_)) * _a3_) * x) * _a0_);{'d0': {'_a0_': -3.6012366217507616, '_a1_': 0.3119297077667541, '_a3_': -0.9376670385436928, '_a2_': 1.0, '_a4_': 1.0, '_a5_': 1.0, '_a6_': 1.0, '_a7_': 1.0}};{'d0': 0.024905832919416646};-280.569866449044;41.23968181279902
14416;-99.0452514117229;(((((pow2((x + _a1_)) + _a3_) + exp(_a1_)) * _a3_) * x) * _a0_);{'d0': {'_a0_': -3.6012366217507616, '_a1_': 0.3119297077667541, '_a3_': -0.9376670385436928, '_a2_': 1.0, '_a4_': 1.0, '_a5_': 1.0, '_a6_': 1.0, '_a7_': 1.0}};{'d0': 0.024905832919416646};-280.569866449044;41.23968181279902
14417;-99.0452514117229;(((((pow2((x + _a1_)) + _a3_) + exp(_a1_)) * _a3_) * x) * _a0_);{'d0': {'_a0_': -3.6012366217507616, '_a1_': 0.3119297077667541, '_a3_': -0.9376670385436928, '_a2_': 1.0, '_a4_': 1.0, '_a5_': 1.0, '_a6_': 1.0, '_a7_': 1.0}};{'d0': 0.024905832919416646};-280.569866449044;41.23968181279902
14418;-99.0452514117229;(((((pow2((x + _a1_)) + _a3_) + exp(_a1_)) * _a3_) * x) * _a0_);{'d0': {'_a0_': -3.6012366217507616, '_a1_': 0.3119297077667541, '_a3_': -0.9376670385436928, '_a2_': 1.0, '_a4_': 1.0, '_a5_': 1.0, '_a6_': 1.0, '_a7_': 1.0}};{'d0': 0.024905832919416646};-280.569866449044;41.23968181279902
14419;-99.0452514117229;(((((pow2((x + _a1_)) + _a3_) + exp(_a1_)) * _a3_) * x) * _a0_);{'d0': {'_a0_': -3.6012366217507616, '_a1_': 0.3119297077667541, '_a3_': -0.9376670385436928, '_a2_': 1.0, '_a4_': 1.0, '_a5_': 1.0, '_a6_': 1.0, '_a7_': 1.0}};{'d0': 0.024905832919416646};-280.569866449044;41.23968181279902
14420;-99.0452514117229;(((((pow2((x + _a1_)) + _a3_) + exp(_a1_)) * _a3_) * x) * _a0_);{'d0': {'_a0_': -3.6012366217507616, '_a1_': 0.3119297077667541, '_a3_': -0.9376670385436928, '_a2_': 1.0, '_a4_': 1.0, '_a5_': 1.0, '_a6_': 1.0, '_a7_': 1.0}};{'d0': 0.024905832919416646};-280.569866449044;41.23968181279902
14421;-99.0452514117229;(((((pow2((x + _a1_)) + _a3_) + exp(_a1_)) * _a3_) * x) * _a0_);{'d0': {'_a0_': -3.6012366217507616, '_a1_': 0.3119297077667541, '_a3_': -0.9376670385436928, '_a2_': 1.0, '_a4_': 1.0, '_a5_': 1.0, '_a6_': 1.0, '_a7_': 1.0}};{'d0': 0.024905832919416646};-280.569866449044;41.23968181279902
14422;-99.0452514117229;(((((pow2((x + _a1_)) + _a3_) + exp(_a1_)) * _a3_) * x) * _a0_);{'d0': {'_a0_': -3.6012366217507616, '_a1_': 0.3119297077667541, '_a3_': -0.9376670385436928, '_a2_': 1.0, '_a4_': 1.0, '_a5_': 1.0, '_a6_': 1.0, '_a7_': 1.0}};{'d0': 0.024905832919416646};-280.569866449044;41.23968181279902
14423;-99.0452514117229;(((((pow2((x + _a1_)) + _a3_) + exp(_a1_)) * _a3_) * x) * _a0_);{'d0': {'_a0_': -3.6012366217507616, '_a1_': 0.3119297077667541, '_a3_': -0.9376670385436928, '_a2_': 1.0, '_a4_': 1.0, '_a5_': 1.0, '_a6_': 1.0, '_a7_': 1.0}};{'d0': 0.024905832919416646};-280.569866449044;41.23968181279902
14424;-99.0452514117229;(((((pow2((x + _a1_)) + _a3_) + exp(_a1_)) * _a3_) * x) * _a0_);{'d0': {'_a0_': -3.6012366217507616, '_a1_': 0.3119297077667541, '_a3_': -0.9376670385436928, '_a2_': 1.0, '_a4_': 1.0, '_a5_': 1.0, '_a6_': 1.0, '_a7_': 1.0}};{'d0': 0.024905832919416646};-280.569866449044;41.23968181279902
14425;-99.4619796209258;(((((pow2((x + _a1_)) + _a3_) + (_a0_ * x)) * _a3_) * x) * _a0_);{'d0': {'_a0_': -2.2318072988726194, '_a1_': 1.4278333572169646, '_a3_': -1.5130163253804818, '_a2_': 1.0, '_a4_': 1.0, '_a5_': 1.0, '_a6_': 1.0, '_a7_': 1.0}};{'d0': 0.024905832919416705};-280.569866449043;40.82295360359602
14426;-99.4619796209258;(((((pow2((x + _a1_)) + _a3_) + (_a0_ * x)) * _a3_) * x) * _a0_);{'d0': {'_a0_': -2.2318072988726194, '_a1_': 1.4278333572169646, '_a3_': -1.5130163253804818, '_a2_': 1.0, '_a4_': 1.0, '_a5_': 1.0, '_a6_': 1.0, '_a7_': 1.0}};{'d0': 0.024905832919416705};-280.569866449043;40.82295360359602
14427;-99.4619796209258;(((((pow2((x + _a1_)) + _a3_) + (_a0_ * x)) * _a3_) * x) * _a0_);{'d0': {'_a0_': -2.2318072988726194, '_a1_': 1.4278333572169646, '_a3_': -1.5130163253804818, '_a2_': 1.0, '_a4_': 1.0, '_a5_': 1.0, '_a6_': 1.0, '_a7_': 1.0}};{'d0': 0.024905832919416705};-280.569866449043;40.82295360359602
14428;-99.4619796209258;(((((pow2((x + _a1_)) + _a3_) + (_a0_ * x)) * _a3_) * x) * _a0_);{'d0': {'_a0_': -2.2318072988726194, '_a1_': 1.4278333572169646, '_a3_': -1.5130163253804818, '_a2_': 1.0, '_a4_': 1.0, '_a5_': 1.0, '_a6_': 1.0, '_a7_': 1.0}};{'d0': 0.024905832919416705};-280.569866449043;40.82295360359602
14429;-99.4619796209258;(((((pow2((x + _a1_)) + _a3_) + (_a0_ * x)) * _a3_) * x) * _a0_);{'d0': {'_a0_': -2.2318072988726194, '_a1_': 1.4278333572169646, '_a3_': -1.5130163253804818, '_a2_': 1.0, '_a4_': 1.0, '_a5_': 1.0, '_a6_': 1.0, '_a7_': 1.0}};{'d0': 0.024905832919416705};-280.569866449043;40.82295360359602
14430;-99.4619796209258;(((((pow2((x + _a1_)) + _a3_) + (_a0_ * x)) * _a3_) * x) * _a0_);{'d0': {'_a0_': -2.2318072988726194, '_a1_': 1.4278333572169646, '_a3_': -1.5130163253804818, '_a2_': 1.0, '_a4_': 1.0, '_a5_': 1.0, '_a6_': 1.0, '_a7_': 1.0}};{'d0': 0.024905832919416705};-280.569866449043;40.82295360359602
14431;-106.633986122803;(((pow2((x + _a4_)) * _a3_) + pow2(x)) * (x * _a7_));{'d0': {'_a3_': 0.22712895462899885, '_a4_': 1.6852892085665003, '_a7_': 2.7517571529924663, '_a0_': 1.0, '_a1_': 1.0, '_a2_': 1.0, '_a5_': 1.0, '_a6_': 1.0}};{'d0': 0.02490583291941658};-280.569866449044;33.65094710171896
14432;-106.633986122803;(((pow2((x + _a4_)) * _a3_) + pow2(x)) * (x * _a7_));{'d0': {'_a3_': 0.22712895462899885, '_a4_': 1.6852892085665003, '_a7_': 2.7517571529924663, '_a0_': 1.0, '_a1_': 1.0, '_a2_': 1.0, '_a5_': 1.0, '_a6_': 1.0}};{'d0': 0.02490583291941658};-280.569866449044;33.65094710171896
14433;-106.633986122803;(((pow2((x + _a4_)) * _a3_) + pow2(x)) * (x * _a7_));{'d0': {'_a3_': 0.22712895462899885, '_a4_': 1.6852892085665003, '_a7_': 2.7517571529924663, '_a0_': 1.0, '_a1_': 1.0, '_a2_': 1.0, '_a5_': 1.0, '_a6_': 1.0}};{'d0': 0.02490583291941658};-280.569866449044;33.65094710171896
14434;-106.633986122803;(((pow2((x + _a4_)) * _a3_) + pow2(x)) * (x * _a7_));{'d0': {'_a3_': 0.22712895462899885, '_a4_': 1.6852892085665003, '_a7_': 2.7517571529924663, '_a0_': 1.0, '_a1_': 1.0, '_a2_': 1.0, '_a5_': 1.0, '_a6_': 1.0}};{'d0': 0.02490583291941658};-280.569866449044;33.65094710171896
14435;-106.633986122803;(((pow2((x + _a4_)) * _a3_) + pow2(x)) * (x * _a7_));{'d0': {'_a3_': 0.22712895462899885, '_a4_': 1.6852892085665003, '_a7_': 2.7517571529924663, '_a0_': 1.0, '_a1_': 1.0, '_a2_': 1.0, '_a5_': 1.0, '_a6_': 1.0}};{'d0': 0.02490583291941658};-280.569866449044;33.65094710171896
14436;-106.633986122803;(((pow2((x + _a4_)) * _a3_) + pow2(x)) * (x * _a7_));{'d0': {'_a3_': 0.22712895462899885, '_a4_': 1.6852892085665003, '_a7_': 2.7517571529924663, '_a0_': 1.0, '_a1_': 1.0, '_a2_': 1.0, '_a5_': 1.0, '_a6_': 1.0}};{'d0': 0.02490583291941658};-280.569866449044;33.65094710171896
14437;-106.633986122803;(((pow2((x + _a4_)) * _a3_) + pow2(x)) * (x * _a7_));{'d0': {'_a3_': 0.22712895462899885, '_a4_': 1.6852892085665003, '_a7_': 2.7517571529924663, '_a0_': 1.0, '_a1_': 1.0, '_a2_': 1.0, '_a5_': 1.0, '_a6_': 1.0}};{'d0': 0.02490583291941658};-280.569866449044;33.65094710171896
14438;-99.4619796209258;(((((pow2((x + _a1_)) + _a3_) + (_a0_ * x)) * _a3_) * x) * _a0_);{'d0': {'_a0_': -2.2318072988726194, '_a1_': 1.4278333572169646, '_a3_': -1.5130163253804818, '_a2_': 1.0, '_a4_': 1.0, '_a5_': 1.0, '_a6_': 1.0, '_a7_': 1.0}};{'d0': 0.024905832919416705};-280.569866449043;40.82295360359602
14439;-99.4619796209258;(((((pow2((x + _a1_)) + _a3_) + (_a0_ * x)) * _a3_) * x) * _a0_);{'d0': {'_a0_': -2.2318072988726194, '_a1_': 1.4278333572169646, '_a3_': -1.5130163253804818, '_a2_': 1.0, '_a4_': 1.0, '_a5_': 1.0, '_a6_': 1.0, '_a7_': 1.0}};{'d0': 0.024905832919416705};-280.569866449043;40.82295360359602
14440;-99.4619796209258;(((((pow2((x + _a1_)) + _a3_) + (_a0_ * x)) * _a3_) * x) * _a0_);{'d0': {'_a0_': -2.2318072988726194, '_a1_': 1.4278333572169646, '_a3_': -1.5130163253804818, '_a2_': 1.0, '_a4_': 1.0, '_a5_': 1.0, '_a6_': 1.0, '_a7_': 1.0}};{'d0': 0.024905832919416705};-280.569866449043;40.82295360359602
14441;-99.4619796209258;(((((pow2((x + _a1_)) + _a3_) + (_a0_ * x)) * _a3_) * x) * _a0_);{'d0': {'_a0_': -2.2318072988726194, '_a1_': 1.4278333572169646, '_a3_': -1.5130163253804818, '_a2_': 1.0, '_a4_': 1.0, '_a5_': 1.0, '_a6_': 1.0, '_a7_': 1.0}};{'d0': 0.024905832919416705};-280.569866449043;40.82295360359602
14442;-99.4619796209258;(((((pow2((x + _a1_)) + _a3_) + (_a0_ * x)) * _a3_) * x) * _a0_);{'d0': {'_a0_': -2.2318072988726194, '_a1_': 1.4278333572169646, '_a3_': -1.5130163253804818, '_a2_': 1.0, '_a4_': 1.0, '_a5_': 1.0, '_a6_': 1.0, '_a7_': 1.0}};{'d0': 0.024905832919416705};-280.569866449043;40.82295360359602
14443;-99.4619796209258;(((((pow2((x + _a1_)) + _a3_) + (_a0_ * x)) * _a3_) * x) * _a0_);{'d0': {'_a0_': -2.2318072988726194, '_a1_': 1.4278333572169646, '_a3_': -1.5130163253804818, '_a2_': 1.0, '_a4_': 1.0, '_a5_': 1.0, '_a6_': 1.0, '_a7_': 1.0}};{'d0': 0.024905832919416705};-280.569866449043;40.82295360359602
14444;-99.4619796209258;(((((pow2((x + _a1_)) + _a3_) + (_a0_ * x)) * _a3_) * x) * _a0_);{'d0': {'_a0_': -2.2318072988726194, '_a1_': 1.4278333572169646, '_a3_': -1.5130163253804818, '_a2_': 1.0, '_a4_': 1.0, '_a5_': 1.0, '_a6_': 1.0, '_a7_': 1.0}};{'d0': 0.024905832919416705};-280.569866449043;40.82295360359602
14445;-99.4619796209258;(((((pow2((x + _a1_)) + _a3_) + (_a0_ * x)) * _a3_) * x) * _a0_);{'d0': {'_a0_': -2.2318072988726194, '_a1_': 1.4278333572169646, '_a3_': -1.5130163253804818, '_a2_': 1.0, '_a4_': 1.0, '_a5_': 1.0, '_a6_': 1.0, '_a7_': 1.0}};{'d0': 0.024905832919416705};-280.569866449043;40.82295360359602
14446;-99.4619796209258;(((((pow2((x + _a1_)) + _a3_) + (_a0_ * x)) * _a3_) * x) * _a0_);{'d0': {'_a0_': -2.2318072988726194, '_a1_': 1.4278333572169646, '_a3_': -1.5130163253804818, '_a2_': 1.0, '_a4_': 1.0, '_a5_': 1.0, '_a6_': 1.0, '_a7_': 1.0}};{'d0': 0.024905832919416705};-280.569866449043;40.82295360359602
14447;-99.4619796209258;(((((pow2((x + _a1_)) + _a3_) + (_a0_ * x)) * _a3_) * x) * _a0_);{'d0': {'_a0_': -2.2318072988726194, '_a1_': 1.4278333572169646, '_a3_': -1.5130163253804818, '_a2_': 1.0, '_a4_': 1.0, '_a5_': 1.0, '_a6_': 1.0, '_a7_': 1.0}};{'d0': 0.024905832919416705};-280.569866449043;40.82295360359602
14448;-94.4402824091469;(((((pow2((x + _a1_)) + _a3_) + (_a0_ * x)) * (_a0_ * _a1_)) * x) * _a0_);{'d0': {'_a0_': -1.7034749759277068, '_a1_': 1.1636671957681366, '_a3_': -0.8284295725027333, '_a2_': 1.0, '_a4_': 1.0, '_a5_': 1.0, '_a6_': 1.0, '_a7_': 1.0}};{'d0': 0.02490583291941663};-280.569866449044;45.84465081537502
14449;-94.4402824091469;(((((pow2((x + _a1_)) + _a3_) + (_a0_ * x)) * (_a0_ * _a1_)) * x) * _a0_);{'d0': {'_a0_': -1.7034749759277068, '_a1_': 1.1636671957681366, '_a3_': -0.8284295725027333, '_a2_': 1.0, '_a4_': 1.0, '_a5_': 1.0, '_a6_': 1.0, '_a7_': 1.0}};{'d0': 0.02490583291941663};-280.569866449044;45.84465081537502
14450;-94.4402824091469;(((((pow2((x + _a1_)) + _a3_) + (_a0_ * x)) * (_a0_ * _a1_)) * x) * _a0_);{'d0': {'_a0_': -1.7034749759277068, '_a1_': 1.1636671957681366, '_a3_': -0.8284295725027333, '_a2_': 1.0, '_a4_': 1.0, '_a5_': 1.0, '_a6_': 1.0, '_a7_': 1.0}};{'d0': 0.02490583291941663};-280.569866449044;45.84465081537502
14451;-94.4402824091469;(((((pow2((x + _a1_)) + _a3_) + (_a0_ * x)) * (_a0_ * _a1_)) * x) * _a0_);{'d0': {'_a0_': -1.7034749759277068, '_a1_': 1.1636671957681366, '_a3_': -0.8284295725027333, '_a2_': 1.0, '_a4_': 1.0, '_a5_': 1.0, '_a6_': 1.0, '_a7_': 1.0}};{'d0': 0.02490583291941663};-280.569866449044;45.84465081537502
14452;-94.4402824091469;(((((pow2((x + _a1_)) + _a3_) + (_a0_ * x)) * (_a0_ * _a1_)) * x) * _a0_);{'d0': {'_a0_': -1.7034749759277068, '_a1_': 1.1636671957681366, '_a3_': -0.8284295725027333, '_a2_': 1.0, '_a4_': 1.0, '_a5_': 1.0, '_a6_': 1.0, '_a7_': 1.0}};{'d0': 0.02490583291941663};-280.569866449044;45.84465081537502
14453;-94.4402824091469;(((((pow2((x + _a1_)) + _a3_) + (_a0_ * x)) * (_a0_ * _a1_)) * x) * _a0_);{'d0': {'_a0_': -1.7034749759277068, '_a1_': 1.1636671957681366, '_a3_': -0.8284295725027333, '_a2_': 1.0, '_a4_': 1.0, '_a5_': 1.0, '_a6_': 1.0, '_a7_': 1.0}};{'d0': 0.02490583291941663};-280.569866449044;45.84465081537502
14454;-94.4402824091469;(((((pow2((x + _a1_)) + _a3_) + (_a0_ * x)) * (_a0_ * _a1_)) * x) * _a0_);{'d0': {'_a0_': -1.7034749759277068, '_a1_': 1.1636671957681366, '_a3_': -0.8284295725027333, '_a2_': 1.0, '_a4_': 1.0, '_a5_': 1.0, '_a6_': 1.0, '_a7_': 1.0}};{'d0': 0.02490583291941663};-280.569866449044;45.84465081537502
14455;-94.4402824091469;(((((pow2((x + _a1_)) + _a3_) + (_a0_ * x)) * (_a0_ * _a1_)) * x) * _a0_);{'d0': {'_a0_': -1.7034749759277068, '_a1_': 1.1636671957681366, '_a3_': -0.8284295725027333, '_a2_': 1.0, '_a4_': 1.0, '_a5_': 1.0, '_a6_': 1.0, '_a7_': 1.0}};{'d0': 0.02490583291941663};-280.569866449044;45.84465081537502
14456;-94.4402824091469;(((((pow2((x + _a1_)) + _a3_) + (_a0_ * x)) * (_a0_ * _a1_)) * x) * _a0_);{'d0': {'_a0_': -1.7034749759277068, '_a1_': 1.1636671957681366, '_a3_': -0.8284295725027333, '_a2_': 1.0, '_a4_': 1.0, '_a5_': 1.0, '_a6_': 1.0, '_a7_': 1.0}};{'d0': 0.02490583291941663};-280.569866449044;45.84465081537502
14457;-94.4402824091469;(((((pow2((x + _a1_)) + _a3_) + (_a0_ * x)) * (_a0_ * _a1_)) * x) * _a0_);{'d0': {'_a0_': -1.7034749759277068, '_a1_': 1.1636671957681366, '_a3_': -0.8284295725027333, '_a2_': 1.0, '_a4_': 1.0, '_a5_': 1.0, '_a6_': 1.0, '_a7_': 1.0}};{'d0': 0.02490583291941663};-280.569866449044;45.84465081537502
14458;-94.4402824091469;(((((pow2((x + _a1_)) + _a3_) + (_a0_ * x)) * (_a0_ * _a1_)) * x) * _a0_);{'d0': {'_a0_': -1.7034749759277068, '_a1_': 1.1636671957681366, '_a3_': -0.8284295725027333, '_a2_': 1.0, '_a4_': 1.0, '_a5_': 1.0, '_a6_': 1.0, '_a7_': 1.0}};{'d0': 0.02490583291941663};-280.569866449044;45.84465081537502
14459;-94.4402824091469;(((((pow2((x + _a1_)) + _a3_) + (_a0_ * x)) * (_a0_ * _a1_)) * x) * _a0_);{'d0': {'_a0_': -1.7034749759277068, '_a1_': 1.1636671957681366, '_a3_': -0.8284295725027333, '_a2_': 1.0, '_a4_': 1.0, '_a5_': 1.0, '_a6_': 1.0, '_a7_': 1.0}};{'d0': 0.02490583291941663};-280.569866449044;45.84465081537502
14460;-94.4402824091469;(((((pow2((x + _a1_)) + _a3_) + (_a0_ * x)) * (_a0_ * _a1_)) * x) * _a0_);{'d0': {'_a0_': -1.7034749759277068, '_a1_': 1.1636671957681366, '_a3_': -0.8284295725027333, '_a2_': 1.0, '_a4_': 1.0, '_a5_': 1.0, '_a6_': 1.0, '_a7_': 1.0}};{'d0': 0.02490583291941663};-280.569866449044;45.84465081537502
14461;-94.4402824091469;(((((pow2((x + _a1_)) + _a3_) + (_a0_ * x)) * (_a0_ * _a1_)) * x) * _a0_);{'d0': {'_a0_': -1.7034749759277068, '_a1_': 1.1636671957681366, '_a3_': -0.8284295725027333, '_a2_': 1.0, '_a4_': 1.0, '_a5_': 1.0, '_a6_': 1.0, '_a7_': 1.0}};{'d0': 0.02490583291941663};-280.569866449044;45.84465081537502
14462;-94.4402824091469;(((((pow2((x + _a1_)) + _a3_) + (_a0_ * x)) * (_a0_ * _a1_)) * x) * _a0_);{'d0': {'_a0_': -1.7034749759277068, '_a1_': 1.1636671957681366, '_a3_': -0.8284295725027333, '_a2_': 1.0, '_a4_': 1.0, '_a5_': 1.0, '_a6_': 1.0, '_a7_': 1.0}};{'d0': 0.02490583291941663};-280.569866449044;45.84465081537502
14463;-94.4402824091469;(((((pow2((x + _a1_)) + _a3_) + (_a0_ * x)) * (_a0_ * _a1_)) * x) * _a0_);{'d0': {'_a0_': -1.7034749759277068, '_a1_': 1.1636671957681366, '_a3_': -0.8284295725027333, '_a2_': 1.0, '_a4_': 1.0, '_a5_': 1.0, '_a6_': 1.0, '_a7_': 1.0}};{'d0': 0.02490583291941663};-280.569866449044;45.84465081537502
14464;-106.633986122803;(((pow2((x + _a4_)) * _a3_) + pow2(x)) * (x * _a7_));{'d0': {'_a3_': 0.22712895462899885, '_a4_': 1.6852892085665003, '_a7_': 2.7517571529924663, '_a0_': 1.0, '_a1_': 1.0, '_a2_': 1.0, '_a5_': 1.0, '_a6_': 1.0}};{'d0': 0.02490583291941658};-280.569866449044;33.65094710171896
14465;-106.633986122803;(((pow2((x + _a4_)) * _a3_) + pow2(x)) * (x * _a7_));{'d0': {'_a3_': 0.22712895462899885, '_a4_': 1.6852892085665003, '_a7_': 2.7517571529924663, '_a0_': 1.0, '_a1_': 1.0, '_a2_': 1.0, '_a5_': 1.0, '_a6_': 1.0}};{'d0': 0.02490583291941658};-280.569866449044;33.65094710171896
14466;-106.633986122803;(((pow2((x + _a4_)) * _a3_) + pow2(x)) * (x * _a7_));{'d0': {'_a3_': 0.22712895462899885, '_a4_': 1.6852892085665003, '_a7_': 2.7517571529924663, '_a0_': 1.0, '_a1_': 1.0, '_a2_': 1.0, '_a5_': 1.0, '_a6_': 1.0}};{'d0': 0.02490583291941658};-280.569866449044;33.65094710171896
14467;-106.633986122803;(((pow2((x + _a4_)) * _a3_) + pow2(x)) * (x * _a7_));{'d0': {'_a3_': 0.22712895462899885, '_a4_': 1.6852892085665003, '_a7_': 2.7517571529924663, '_a0_': 1.0, '_a1_': 1.0, '_a2_': 1.0, '_a5_': 1.0, '_a6_': 1.0}};{'d0': 0.02490583291941658};-280.569866449044;33.65094710171896
14468;-106.633986122803;(((pow2((x + _a4_)) * _a3_) + pow2(x)) * (x * _a7_));{'d0': {'_a3_': 0.22712895462899885, '_a4_': 1.6852892085665003, '_a7_': 2.7517571529924663, '_a0_': 1.0, '_a1_': 1.0, '_a2_': 1.0, '_a5_': 1.0, '_a6_': 1.0}};{'d0': 0.02490583291941658};-280.569866449044;33.65094710171896
14469;-106.633986122803;(((pow2((x + _a4_)) * _a3_) + pow2(x)) * (x * _a7_));{'d0': {'_a3_': 0.22712895462899885, '_a4_': 1.6852892085665003, '_a7_': 2.7517571529924663, '_a0_': 1.0, '_a1_': 1.0, '_a2_': 1.0, '_a5_': 1.0, '_a6_': 1.0}};{'d0': 0.02490583291941658};-280.569866449044;33.65094710171896
14470;-106.633986122803;(((pow2((x + _a4_)) * _a3_) + pow2(x)) * (x * _a7_));{'d0': {'_a3_': 0.22712895462899885, '_a4_': 1.6852892085665003, '_a7_': 2.7517571529924663, '_a0_': 1.0, '_a1_': 1.0, '_a2_': 1.0, '_a5_': 1.0, '_a6_': 1.0}};{'d0': 0.02490583291941658};-280.569866449044;33.65094710171896
14471;-106.633986122803;(((pow2((x + _a4_)) * _a3_) + pow2(x)) * (x * _a7_));{'d0': {'_a3_': 0.22712895462899885, '_a4_': 1.6852892085665003, '_a7_': 2.7517571529924663, '_a0_': 1.0, '_a1_': 1.0, '_a2_': 1.0, '_a5_': 1.0, '_a6_': 1.0}};{'d0': 0.02490583291941658};-280.569866449044;33.65094710171896
14472;-106.633986122803;(((pow2((x + _a4_)) * _a3_) + pow2(x)) * (x * _a7_));{'d0': {'_a3_': 0.22712895462899885, '_a4_': 1.6852892085665003, '_a7_': 2.7517571529924663, '_a0_': 1.0, '_a1_': 1.0, '_a2_': 1.0, '_a5_': 1.0, '_a6_': 1.0}};{'d0': 0.02490583291941658};-280.569866449044;33.65094710171896
14473;-106.633986122803;(((pow2((x + _a4_)) * _a3_) + pow2(x)) * (x * _a7_));{'d0': {'_a3_': 0.22712895462899885, '_a4_': 1.6852892085665003, '_a7_': 2.7517571529924663, '_a0_': 1.0, '_a1_': 1.0, '_a2_': 1.0, '_a5_': 1.0, '_a6_': 1.0}};{'d0': 0.02490583291941658};-280.569866449044;33.65094710171896
14474;-106.633986122803;(((pow2((x + _a4_)) * _a3_) + pow2(x)) * (x * _a7_));{'d0': {'_a3_': 0.22712895462899885, '_a4_': 1.6852892085665003, '_a7_': 2.7517571529924663, '_a0_': 1.0, '_a1_': 1.0, '_a2_': 1.0, '_a5_': 1.0, '_a6_': 1.0}};{'d0': 0.02490583291941658};-280.569866449044;33.65094710171896
14475;-106.633986122803;(((pow2((x + _a4_)) * _a3_) + pow2(x)) * (x * _a7_));{'d0': {'_a3_': 0.22712895462899885, '_a4_': 1.6852892085665003, '_a7_': 2.7517571529924663, '_a0_': 1.0, '_a1_': 1.0, '_a2_': 1.0, '_a5_': 1.0, '_a6_': 1.0}};{'d0': 0.02490583291941658};-280.569866449044;33.65094710171896
14476;-106.633986122803;(((pow2((x + _a4_)) * _a3_) + pow2(x)) * (x * _a7_));{'d0': {'_a3_': 0.22712895462899885, '_a4_': 1.6852892085665003, '_a7_': 2.7517571529924663, '_a0_': 1.0, '_a1_': 1.0, '_a2_': 1.0, '_a5_': 1.0, '_a6_': 1.0}};{'d0': 0.02490583291941658};-280.569866449044;33.65094710171896
14477;-106.633986122803;(((pow2((x + _a4_)) * _a3_) + pow2(x)) * (x * _a7_));{'d0': {'_a3_': 0.22712895462899885, '_a4_': 1.6852892085665003, '_a7_': 2.7517571529924663, '_a0_': 1.0, '_a1_': 1.0, '_a2_': 1.0, '_a5_': 1.0, '_a6_': 1.0}};{'d0': 0.02490583291941658};-280.569866449044;33.65094710171896
14478;-102.936051650193;(((pow2((x + _a4_)) * pow2(_a5_)) + pow2(x)) * (x * _a7_));{'d0': {'_a4_': 1.6852892077316193, '_a5_': 0.4765804808965767, '_a7_': 2.7517571536635006, '_a0_': 1.0, '_a1_': 1.0, '_a2_': 1.0, '_a3_': 1.0, '_a6_': 1.0}};{'d0': 0.02490583291941668};-280.569866449043;37.34888157432896
14479;-102.936051650193;(((pow2((x + _a4_)) * pow2(_a5_)) + pow2(x)) * (x * _a7_));{'d0': {'_a4_': 1.6852892077316193, '_a5_': 0.4765804808965767, '_a7_': 2.7517571536635006, '_a0_': 1.0, '_a1_': 1.0, '_a2_': 1.0, '_a3_': 1.0, '_a6_': 1.0}};{'d0': 0.02490583291941668};-280.569866449043;37.34888157432896
14480;-97.4148073396555;(((((pow2((x + _a1_)) + _a3_) + _a7_) * (_a7_ * _a1_)) * x) * _a0_);{'d0': {'_a0_': -0.5127713616003733, '_a1_': 0.31192970770325495, '_a3_': 21.539925615848833, '_a7_': -21.111533988097175, '_a2_': 1.0, '_a4_': 1.0, '_a5_': 1.0, '_a6_': 1.0}};{'d0': 0.024905832919548974};-276.475521886503;40.82295360359602
14481;-93.7348601794335;(((((pow2((x + _a1_)) + -(_a5_)) + _a7_) * (_a7_ * _a1_)) * x) * _a0_);{'d0': {'_a0_': 2.2405484536513103, '_a1_': 0.3119297077212775, '_a5_': 4.40318881297224, '_a7_': 4.83158044054211, '_a2_': 1.0, '_a3_': 1.0, '_a4_': 1.0, '_a6_': 1.0}};{'d0': 0.024905832919517062};-276.475521886580;44.50290076385641
14482;-102.936051650193;(((pow2((x + _a4_)) * pow2(_a5_)) + pow2(x)) * (x * _a7_));{'d0': {'_a4_': 1.6852892077316193, '_a5_': 0.4765804808965767, '_a7_': 2.7517571536635006, '_a0_': 1.0, '_a1_': 1.0, '_a2_': 1.0, '_a3_': 1.0, '_a6_': 1.0}};{'d0': 0.02490583291941668};-280.569866449043;37.34888157432896
14483;-102.936051650193;(((pow2((x + _a4_)) * pow2(_a5_)) + pow2(x)) * (x * _a7_));{'d0': {'_a4_': 1.6852892077316193, '_a5_': 0.4765804808965767, '_a7_': 2.7517571536635006, '_a0_': 1.0, '_a1_': 1.0, '_a2_': 1.0, '_a3_': 1.0, '_a6_': 1.0}};{'d0': 0.02490583291941668};-280.569866449043;37.34888157432896
14484;-102.936051650193;(((pow2((x + _a4_)) * pow2(_a5_)) + pow2(x)) * (x * _a7_));{'d0': {'_a4_': 1.6852892077316193, '_a5_': 0.4765804808965767, '_a7_': 2.7517571536635006, '_a0_': 1.0, '_a1_': 1.0, '_a2_': 1.0, '_a3_': 1.0, '_a6_': 1.0}};{'d0': 0.02490583291941668};-280.569866449043;37.34888157432896
14485;-102.936051650193;(((pow2((x + _a4_)) * pow2(_a5_)) + pow2(x)) * (x * _a7_));{'d0': {'_a4_': 1.6852892077316193, '_a5_': 0.4765804808965767, '_a7_': 2.7517571536635006, '_a0_': 1.0, '_a1_': 1.0, '_a2_': 1.0, '_a3_': 1.0, '_a6_': 1.0}};{'d0': 0.02490583291941668};-280.569866449043;37.34888157432896
14486;-102.936051650193;(((pow2((x + _a4_)) * pow2(_a5_)) + pow2(x)) * (x * _a7_));{'d0': {'_a4_': 1.6852892077316193, '_a5_': 0.4765804808965767, '_a7_': 2.7517571536635006, '_a0_': 1.0, '_a1_': 1.0, '_a2_': 1.0, '_a3_': 1.0, '_a6_': 1.0}};{'d0': 0.02490583291941668};-280.569866449043;37.34888157432896
14487;-102.936051650193;(((pow2((x + _a4_)) * pow2(_a5_)) + pow2(x)) * (x * _a7_));{'d0': {'_a4_': 1.6852892077316193, '_a5_': 0.4765804808965767, '_a7_': 2.7517571536635006, '_a0_': 1.0, '_a1_': 1.0, '_a2_': 1.0, '_a3_': 1.0, '_a6_': 1.0}};{'d0': 0.02490583291941668};-280.569866449043;37.34888157432896
14488;-102.936051650193;(((pow2((x + _a4_)) * pow2(_a5_)) + pow2(x)) * (x * _a7_));{'d0': {'_a4_': 1.6852892077316193, '_a5_': 0.4765804808965767, '_a7_': 2.7517571536635006, '_a0_': 1.0, '_a1_': 1.0, '_a2_': 1.0, '_a3_': 1.0, '_a6_': 1.0}};{'d0': 0.02490583291941668};-280.569866449043;37.34888157432896
14489;-102.936051650193;(((pow2((x + _a4_)) * pow2(_a5_)) + pow2(x)) * (x * _a7_));{'d0': {'_a4_': 1.6852892077316193, '_a5_': 0.4765804808965767, '_a7_': 2.7517571536635006, '_a0_': 1.0, '_a1_': 1.0, '_a2_': 1.0, '_a3_': 1.0, '_a6_': 1.0}};{'d0': 0.02490583291941668};-280.569866449043;37.34888157432896
14490;-102.936051650193;(((pow2((x + _a4_)) * pow2(_a5_)) + pow2(x)) * (x * _a7_));{'d0': {'_a4_': 1.6852892077316193, '_a5_': 0.4765804808965767, '_a7_': 2.7517571536635006, '_a0_': 1.0, '_a1_': 1.0, '_a2_': 1.0, '_a3_': 1.0, '_a6_': 1.0}};{'d0': 0.02490583291941668};-280.569866449043;37.34888157432896
14491;-102.936051650193;(((pow2((x + _a4_)) * pow2(_a5_)) + pow2(x)) * (x * _a7_));{'d0': {'_a4_': 1.6852892077316193, '_a5_': 0.4765804808965767, '_a7_': 2.7517571536635006, '_a0_': 1.0, '_a1_': 1.0, '_a2_': 1.0, '_a3_': 1.0, '_a6_': 1.0}};{'d0': 0.02490583291941668};-280.569866449043;37.34888157432896
14492;-102.936051650193;(((pow2((x + _a4_)) * pow2(_a5_)) + pow2(x)) * (x * _a7_));{'d0': {'_a4_': 1.6852892077316193, '_a5_': 0.4765804808965767, '_a7_': 2.7517571536635006, '_a0_': 1.0, '_a1_': 1.0, '_a2_': 1.0, '_a3_': 1.0, '_a6_': 1.0}};{'d0': 0.02490583291941668};-280.569866449043;37.34888157432896
14493;-102.936051650193;(((pow2((x + _a4_)) * pow2(_a5_)) + pow2(x)) * (x * _a7_));{'d0': {'_a4_': 1.6852892077316193, '_a5_': 0.4765804808965767, '_a7_': 2.7517571536635006, '_a0_': 1.0, '_a1_': 1.0, '_a2_': 1.0, '_a3_': 1.0, '_a6_': 1.0}};{'d0': 0.02490583291941668};-280.569866449043;37.34888157432896
14494;-102.936051650193;(((pow2((x + _a4_)) * pow2(_a5_)) + pow2(x)) * (x * _a7_));{'d0': {'_a4_': 1.6852892077316193, '_a5_': 0.4765804808965767, '_a7_': 2.7517571536635006, '_a0_': 1.0, '_a1_': 1.0, '_a2_': 1.0, '_a3_': 1.0, '_a6_': 1.0}};{'d0': 0.02490583291941668};-280.569866449043;37.34888157432896
14495;-102.936051650193;(((pow2((x + _a4_)) * pow2(_a5_)) + pow2(x)) * (x * _a7_));{'d0': {'_a4_': 1.6852892077316193, '_a5_': 0.4765804808965767, '_a7_': 2.7517571536635006, '_a0_': 1.0, '_a1_': 1.0, '_a2_': 1.0, '_a3_': 1.0, '_a6_': 1.0}};{'d0': 0.02490583291941668};-280.569866449043;37.34888157432896
14496;-102.936051650193;(((pow2((x + _a4_)) * pow2(_a5_)) + pow2(x)) * (x * _a7_));{'d0': {'_a4_': 1.6852892077316193, '_a5_': 0.4765804808965767, '_a7_': 2.7517571536635006, '_a0_': 1.0, '_a1_': 1.0, '_a2_': 1.0, '_a3_': 1.0, '_a6_': 1.0}};{'d0': 0.02490583291941668};-280.569866449043;37.34888157432896
14497;-102.936051650193;(((pow2((x + _a4_)) * pow2(_a5_)) + pow2(x)) * (x * _a7_));{'d0': {'_a4_': 1.6852892077316193, '_a5_': 0.4765804808965767, '_a7_': 2.7517571536635006, '_a0_': 1.0, '_a1_': 1.0, '_a2_': 1.0, '_a3_': 1.0, '_a6_': 1.0}};{'d0': 0.02490583291941668};-280.569866449043;37.34888157432896
14498;-102.936051650193;(((pow2((x + _a4_)) * pow2(_a5_)) + pow2(x)) * (x * _a7_));{'d0': {'_a4_': 1.6852892077316193, '_a5_': 0.4765804808965767, '_a7_': 2.7517571536635006, '_a0_': 1.0, '_a1_': 1.0, '_a2_': 1.0, '_a3_': 1.0, '_a6_': 1.0}};{'d0': 0.02490583291941668};-280.569866449043;37.34888157432896
14499;-102.936051650193;(((pow2((x + _a4_)) * pow2(_a5_)) + pow2(x)) * (x * _a7_));{'d0': {'_a4_': 1.6852892077316193, '_a5_': 0.4765804808965767, '_a7_': 2.7517571536635006, '_a0_': 1.0, '_a1_': 1.0, '_a2_': 1.0, '_a3_': 1.0, '_a6_': 1.0}};{'d0': 0.02490583291941668};-280.569866449043;37.34888157432896
14500;-102.936051650193;(((pow2((x + _a4_)) * pow2(_a5_)) + pow2(x)) * (x * _a7_));{'d0': {'_a4_': 1.6852892077316193, '_a5_': 0.4765804808965767, '_a7_': 2.7517571536635006, '_a0_': 1.0, '_a1_': 1.0, '_a2_': 1.0, '_a3_': 1.0, '_a6_': 1.0}};{'d0': 0.02490583291941668};-280.569866449043;37.34888157432896
14501;-102.936051650193;(((pow2((x + _a4_)) * pow2(_a5_)) + pow2(x)) * (x * _a7_));{'d0': {'_a4_': 1.6852892077316193, '_a5_': 0.4765804808965767, '_a7_': 2.7517571536635006, '_a0_': 1.0, '_a1_': 1.0, '_a2_': 1.0, '_a3_': 1.0, '_a6_': 1.0}};{'d0': 0.02490583291941668};-280.569866449043;37.34888157432896
14502;-102.936051650193;(((pow2((x + _a4_)) * pow2(_a5_)) + pow2(x)) * (x * _a7_));{'d0': {'_a4_': 1.6852892077316193, '_a5_': 0.4765804808965767, '_a7_': 2.7517571536635006, '_a0_': 1.0, '_a1_': 1.0, '_a2_': 1.0, '_a3_': 1.0, '_a6_': 1.0}};{'d0': 0.02490583291941668};-280.569866449043;37.34888157432896
14503;-102.936051650193;(((pow2((x + _a4_)) * pow2(_a5_)) + pow2(x)) * (x * _a7_));{'d0': {'_a4_': 1.6852892077316193, '_a5_': 0.4765804808965767, '_a7_': 2.7517571536635006, '_a0_': 1.0, '_a1_': 1.0, '_a2_': 1.0, '_a3_': 1.0, '_a6_': 1.0}};{'d0': 0.02490583291941668};-280.569866449043;37.34888157432896
14504;-102.936051650193;(((pow2((x + _a4_)) * pow2(_a5_)) + pow2(x)) * (x * _a7_));{'d0': {'_a4_': 1.6852892077316193, '_a5_': 0.4765804808965767, '_a7_': 2.7517571536635006, '_a0_': 1.0, '_a1_': 1.0, '_a2_': 1.0, '_a3_': 1.0, '_a6_': 1.0}};{'d0': 0.02490583291941668};-280.569866449043;37.34888157432896
14505;-102.954038962542;(((pow2((x + _a4_)) * -(_a5_)) + pow2(x)) * (x * _a7_));{'d0': {'_a4_': 1.685289210350415, '_a5_': -0.22712895429118504, '_a7_': 2.751757151681592, '_a0_': 1.0, '_a1_': 1.0, '_a2_': 1.0, '_a3_': 1.0, '_a6_': 1.0}};{'d0': 0.024905832919416653};-280.569866449044;37.33089426197935
14506;-100.731372386122;((((pow2((x + _a1_)) + -(_a5_)) + _a7_) * (_a7_ * _a1_)) * x);{'d0': {'_a1_': 0.3119297077180263, '_a5_': 10.39699881846194, '_a7_': 10.825390446302483, '_a0_': 1.0, '_a2_': 1.0, '_a3_': 1.0, '_a4_': 1.0, '_a6_': 1.0}};{'d0': 0.024905832919416677};-280.569866449043;39.553560838399406
14507;-100.731372386122;((((pow2((x + _a1_)) + -(_a5_)) + _a7_) * (_a7_ * _a1_)) * x);{'d0': {'_a1_': 0.3119297077180263, '_a5_': 10.39699881846194, '_a7_': 10.825390446302483, '_a0_': 1.0, '_a2_': 1.0, '_a3_': 1.0, '_a4_': 1.0, '_a6_': 1.0}};{'d0': 0.024905832919416677};-280.569866449043;39.553560838399406
14508;-100.731372386122;((((pow2((x + _a1_)) + -(_a5_)) + _a7_) * (_a7_ * _a1_)) * x);{'d0': {'_a1_': 0.3119297077180263, '_a5_': 10.39699881846194, '_a7_': 10.825390446302483, '_a0_': 1.0, '_a2_': 1.0, '_a3_': 1.0, '_a4_': 1.0, '_a6_': 1.0}};{'d0': 0.024905832919416677};-280.569866449043;39.553560838399406
14509;-100.731372386122;((((pow2((x + _a1_)) + -(_a5_)) + _a7_) * (_a7_ * _a1_)) * x);{'d0': {'_a1_': 0.3119297077180263, '_a5_': 10.39699881846194, '_a7_': 10.825390446302483, '_a0_': 1.0, '_a2_': 1.0, '_a3_': 1.0, '_a4_': 1.0, '_a6_': 1.0}};{'d0': 0.024905832919416677};-280.569866449043;39.553560838399406
14510;-100.731372386122;((((pow2((x + _a1_)) + -(_a5_)) + _a7_) * (_a7_ * _a1_)) * x);{'d0': {'_a1_': 0.3119297077180263, '_a5_': 10.39699881846194, '_a7_': 10.825390446302483, '_a0_': 1.0, '_a2_': 1.0, '_a3_': 1.0, '_a4_': 1.0, '_a6_': 1.0}};{'d0': 0.024905832919416677};-280.569866449043;39.553560838399406
14511;-100.731372386122;((((pow2((x + _a1_)) + -(_a5_)) + _a7_) * (_a7_ * _a1_)) * x);{'d0': {'_a1_': 0.3119297077180263, '_a5_': 10.39699881846194, '_a7_': 10.825390446302483, '_a0_': 1.0, '_a2_': 1.0, '_a3_': 1.0, '_a4_': 1.0, '_a6_': 1.0}};{'d0': 0.024905832919416677};-280.569866449043;39.553560838399406
14512;-100.731372386122;((((pow2((x + _a1_)) + -(_a5_)) + _a7_) * (_a7_ * _a1_)) * x);{'d0': {'_a1_': 0.3119297077180263, '_a5_': 10.39699881846194, '_a7_': 10.825390446302483, '_a0_': 1.0, '_a2_': 1.0, '_a3_': 1.0, '_a4_': 1.0, '_a6_': 1.0}};{'d0': 0.024905832919416677};-280.569866449043;39.553560838399406
14513;-100.731372386122;((((pow2((x + _a1_)) + -(_a5_)) + _a7_) * (_a7_ * _a1_)) * x);{'d0': {'_a1_': 0.3119297077180263, '_a5_': 10.39699881846194, '_a7_': 10.825390446302483, '_a0_': 1.0, '_a2_': 1.0, '_a3_': 1.0, '_a4_': 1.0, '_a6_': 1.0}};{'d0': 0.024905832919416677};-280.569866449043;39.553560838399406
14514;-100.731372386122;((((pow2((x + _a1_)) + -(_a5_)) + _a7_) * (_a7_ * _a1_)) * x);{'d0': {'_a1_': 0.3119297077180263, '_a5_': 10.39699881846194, '_a7_': 10.825390446302483, '_a0_': 1.0, '_a2_': 1.0, '_a3_': 1.0, '_a4_': 1.0, '_a6_': 1.0}};{'d0': 0.024905832919416677};-280.569866449043;39.553560838399406
14515;-91.9056808572175;((_a6_ + pow2((_a5_ + x))) * ((((pow2(_a4_) / _a4_) + _a5_) / _a1_) * x));{'d0': {'_a1_': 32276967652543.484, '_a4_': 108991601524798.97, '_a5_': 0.311929704223923, '_a6_': 0.4283916146405796, '_a0_': 1.0, '_a2_': 1.0, '_a3_': 1.0, '_a7_': 1.0}};{'d0': 0.02490583291944121};-276.475521886762;46.33208008616367
14516;-91.9056808572031;((_a6_ + pow2((_a5_ + x))) * ((((pow2(_a1_) / _a4_) + _a5_) / _a1_) * x));{'d0': {'_a1_': 2678163749029103.0, '_a4_': 793116182172896.4, '_a5_': 0.3119297079421689, '_a6_': 0.428391628279007, '_a0_': 1.0, '_a2_': 1.0, '_a3_': 1.0, '_a7_': 1.0}};{'d0': 0.02490583291945315};-276.475521886733;46.33208008616367
14517;-91.9056808572031;((_a6_ + pow2((_a5_ + x))) * ((((pow2(_a1_) / _a4_) + _a5_) / _a1_) * x));{'d0': {'_a1_': 2678163749029103.0, '_a4_': 793116182172896.4, '_a5_': 0.3119297079421689, '_a6_': 0.428391628279007, '_a0_': 1.0, '_a2_': 1.0, '_a3_': 1.0, '_a7_': 1.0}};{'d0': 0.02490583291945315};-276.475521886733;46.33208008616367
14518;-91.9056808572031;((_a6_ + pow2((_a5_ + x))) * ((((pow2(_a1_) / _a4_) + _a5_) / _a1_) * x));{'d0': {'_a1_': 2678163749029103.0, '_a4_': 793116182172896.4, '_a5_': 0.3119297079421689, '_a6_': 0.428391628279007, '_a0_': 1.0, '_a2_': 1.0, '_a3_': 1.0, '_a7_': 1.0}};{'d0': 0.02490583291945315};-276.475521886733;46.33208008616367
14519;-91.9056808572031;((_a6_ + pow2((_a5_ + x))) * ((((pow2(_a1_) / _a4_) + _a5_) / _a1_) * x));{'d0': {'_a1_': 2678163749029103.0, '_a4_': 793116182172896.4, '_a5_': 0.3119297079421689, '_a6_': 0.428391628279007, '_a0_': 1.0, '_a2_': 1.0, '_a3_': 1.0, '_a7_': 1.0}};{'d0': 0.02490583291945315};-276.475521886733;46.33208008616367
14520;-91.9056808572031;((_a6_ + pow2((_a5_ + x))) * ((((pow2(_a1_) / _a4_) + _a5_) / _a1_) * x));{'d0': {'_a1_': 2678163749029103.0, '_a4_': 793116182172896.4, '_a5_': 0.3119297079421689, '_a6_': 0.428391628279007, '_a0_': 1.0, '_a2_': 1.0, '_a3_': 1.0, '_a7_': 1.0}};{'d0': 0.02490583291945315};-276.475521886733;46.33208008616367
14521;-91.9056808572031;((_a6_ + pow2((_a5_ + x))) * ((((pow2(_a1_) / _a4_) + _a5_) / _a1_) * x));{'d0': {'_a1_': 2678163749029103.0, '_a4_': 793116182172896.4, '_a5_': 0.3119297079421689, '_a6_': 0.428391628279007, '_a0_': 1.0, '_a2_': 1.0, '_a3_': 1.0, '_a7_': 1.0}};{'d0': 0.02490583291945315};-276.475521886733;46.33208008616367
14522;-91.9056808572031;((_a6_ + pow2((_a5_ + x))) * ((((pow2(_a1_) / _a4_) + _a5_) / _a1_) * x));{'d0': {'_a1_': 2678163749029103.0, '_a4_': 793116182172896.4, '_a5_': 0.3119297079421689, '_a6_': 0.428391628279007, '_a0_': 1.0, '_a2_': 1.0, '_a3_': 1.0, '_a7_': 1.0}};{'d0': 0.02490583291945315};-276.475521886733;46.33208008616367
14523;-91.9056808572031;((_a6_ + pow2((_a5_ + x))) * ((((pow2(_a1_) / _a4_) + _a5_) / _a1_) * x));{'d0': {'_a1_': 2678163749029103.0, '_a4_': 793116182172896.4, '_a5_': 0.3119297079421689, '_a6_': 0.428391628279007, '_a0_': 1.0, '_a2_': 1.0, '_a3_': 1.0, '_a7_': 1.0}};{'d0': 0.02490583291945315};-276.475521886733;46.33208008616367
14524;-91.9056808572031;((_a6_ + pow2((_a5_ + x))) * ((((pow2(_a1_) / _a4_) + _a5_) / _a1_) * x));{'d0': {'_a1_': 2678163749029103.0, '_a4_': 793116182172896.4, '_a5_': 0.3119297079421689, '_a6_': 0.428391628279007, '_a0_': 1.0, '_a2_': 1.0, '_a3_': 1.0, '_a7_': 1.0}};{'d0': 0.02490583291945315};-276.475521886733;46.33208008616367
14525;-91.9056808572031;((_a6_ + pow2((_a5_ + x))) * ((((pow2(_a1_) / _a4_) + _a5_) / _a1_) * x));{'d0': {'_a1_': 2678163749029103.0, '_a4_': 793116182172896.4, '_a5_': 0.3119297079421689, '_a6_': 0.428391628279007, '_a0_': 1.0, '_a2_': 1.0, '_a3_': 1.0, '_a7_': 1.0}};{'d0': 0.02490583291945315};-276.475521886733;46.33208008616367
14526;-93.9524280156646;((_a6_ + pow2((_a5_ + x))) * ((((pow2(_a1_) / _a6_) + _a5_) / _a1_) * x));{'d0': {'_a1_': 1.3475002845830064, '_a5_': 0.3119297077308584, '_a6_': 0.42839162767704614, '_a0_': 1.0, '_a2_': 1.0, '_a3_': 1.0, '_a4_': 1.0, '_a7_': 1.0}};{'d0': 0.02490618585640985};-280.569016203656;46.33208008616367
14527;-93.9524280156646;((_a6_ + pow2((_a5_ + x))) * ((((pow2(_a1_) / _a6_) + _a5_) / _a1_) * x));{'d0': {'_a1_': 1.3475002845830064, '_a5_': 0.3119297077308584, '_a6_': 0.42839162767704614, '_a0_': 1.0, '_a2_': 1.0, '_a3_': 1.0, '_a4_': 1.0, '_a7_': 1.0}};{'d0': 0.02490618585640985};-280.569016203656;46.33208008616367
14528;-93.9524280156646;((_a6_ + pow2((_a5_ + x))) * ((((pow2(_a1_) / _a6_) + _a5_) / _a1_) * x));{'d0': {'_a1_': 1.3475002845830064, '_a5_': 0.3119297077308584, '_a6_': 0.42839162767704614, '_a0_': 1.0, '_a2_': 1.0, '_a3_': 1.0, '_a4_': 1.0, '_a7_': 1.0}};{'d0': 0.02490618585640985};-280.569016203656;46.33208008616367
14529;-93.9524280156646;((_a6_ + pow2((_a5_ + x))) * ((((pow2(_a1_) / _a6_) + _a5_) / _a1_) * x));{'d0': {'_a1_': 1.3475002845830064, '_a5_': 0.3119297077308584, '_a6_': 0.42839162767704614, '_a0_': 1.0, '_a2_': 1.0, '_a3_': 1.0, '_a4_': 1.0, '_a7_': 1.0}};{'d0': 0.02490618585640985};-280.569016203656;46.33208008616367
14530;-93.9524280156646;((_a6_ + pow2((_a5_ + x))) * ((((pow2(_a1_) / _a6_) + _a5_) / _a1_) * x));{'d0': {'_a1_': 1.3475002845830064, '_a5_': 0.3119297077308584, '_a6_': 0.42839162767704614, '_a0_': 1.0, '_a2_': 1.0, '_a3_': 1.0, '_a4_': 1.0, '_a7_': 1.0}};{'d0': 0.02490618585640985};-280.569016203656;46.33208008616367
14531;-93.9524280156646;((_a6_ + pow2((_a5_ + x))) * ((((pow2(_a1_) / _a6_) + _a5_) / _a1_) * x));{'d0': {'_a1_': 1.3475002845830064, '_a5_': 0.3119297077308584, '_a6_': 0.42839162767704614, '_a0_': 1.0, '_a2_': 1.0, '_a3_': 1.0, '_a4_': 1.0, '_a7_': 1.0}};{'d0': 0.02490618585640985};-280.569016203656;46.33208008616367
14532;-93.9524280156646;((_a6_ + pow2((_a5_ + x))) * ((((pow2(_a1_) / _a6_) + _a5_) / _a1_) * x));{'d0': {'_a1_': 1.3475002845830064, '_a5_': 0.3119297077308584, '_a6_': 0.42839162767704614, '_a0_': 1.0, '_a2_': 1.0, '_a3_': 1.0, '_a4_': 1.0, '_a7_': 1.0}};{'d0': 0.02490618585640985};-280.569016203656;46.33208008616367
14533;-93.9528531383581;((_a6_ + pow2((_a1_ + x))) * ((((pow2(_a1_) / _a6_) + _a5_) / _a1_) * x));{'d0': {'_a1_': 0.31192970774766093, '_a5_': 0.826183079266812, '_a6_': 0.42839162779412227, '_a0_': 1.0, '_a2_': 1.0, '_a3_': 1.0, '_a4_': 1.0, '_a7_': 1.0}};{'d0': 0.024905832919416677};-280.569866449043;46.33208008616367
14534;-93.9528531383581;((_a6_ + pow2((_a1_ + x))) * ((((pow2(_a1_) / _a6_) + _a5_) / _a1_) * x));{'d0': {'_a1_': 0.31192970774766093, '_a5_': 0.826183079266812, '_a6_': 0.42839162779412227, '_a0_': 1.0, '_a2_': 1.0, '_a3_': 1.0, '_a4_': 1.0, '_a7_': 1.0}};{'d0': 0.024905832919416677};-280.569866449043;46.33208008616367
14535;-93.9528531383581;((_a6_ + pow2((_a1_ + x))) * ((((pow2(_a1_) / _a6_) + _a5_) / _a1_) * x));{'d0': {'_a1_': 0.31192970774766093, '_a5_': 0.826183079266812, '_a6_': 0.42839162779412227, '_a0_': 1.0, '_a2_': 1.0, '_a3_': 1.0, '_a4_': 1.0, '_a7_': 1.0}};{'d0': 0.024905832919416677};-280.569866449043;46.33208008616367
14536;-93.9528531383581;((_a6_ + pow2((_a1_ + x))) * ((((pow2(_a1_) / _a6_) + _a0_) / _a1_) * x));{'d0': {'_a0_': 0.8261830799019669, '_a1_': 0.31192970778919127, '_a6_': 0.428391627249549, '_a2_': 1.0, '_a3_': 1.0, '_a4_': 1.0, '_a5_': 1.0, '_a7_': 1.0}};{'d0': 0.024905832919416643};-280.569866449044;46.33208008616367
14537;-93.9528531383581;((_a6_ + pow2((_a1_ + x))) * ((((pow2(_a1_) / _a6_) + _a0_) / _a1_) * x));{'d0': {'_a0_': 0.8261830799019669, '_a1_': 0.31192970778919127, '_a6_': 0.428391627249549, '_a2_': 1.0, '_a3_': 1.0, '_a4_': 1.0, '_a5_': 1.0, '_a7_': 1.0}};{'d0': 0.024905832919416643};-280.569866449044;46.33208008616367
14538;-97.6507876109682;((_a6_ + pow2((_a1_ + x))) * ((((_a0_ / _a6_) + _a0_) / _a1_) * x));{'d0': {'_a0_': 0.3159007989261294, '_a1_': 0.3119297075649386, '_a6_': 0.4283916276083682, '_a2_': 1.0, '_a3_': 1.0, '_a4_': 1.0, '_a5_': 1.0, '_a7_': 1.0}};{'d0': 0.0249058329194166};-280.569866449044;42.63414561355367
14539;-96.8244620730154;((_a6_ + pow2((_a1_ + x))) * ((((_a0_ ** _a6_) + _a0_) / _a1_) * x));{'d0': {'_a0_': 0.38726386631852566, '_a1_': 0.31192970800161396, '_a6_': 0.42839162838340966, '_a2_': 1.0, '_a3_': 1.0, '_a4_': 1.0, '_a5_': 1.0, '_a7_': 1.0}};{'d0': 0.02490583291941657};-280.569866449044;43.46047115150647
14540;-96.8244620730154;((_a6_ + pow2((_a1_ + x))) * ((((_a0_ ** _a6_) + _a0_) / _a1_) * x));{'d0': {'_a0_': 0.38726386631852566, '_a1_': 0.31192970800161396, '_a6_': 0.42839162838340966, '_a2_': 1.0, '_a3_': 1.0, '_a4_': 1.0, '_a5_': 1.0, '_a7_': 1.0}};{'d0': 0.02490583291941657};-280.569866449044;43.46047115150647
14541;-96.8244620730154;((_a6_ + pow2((_a1_ + x))) * ((((_a0_ ** _a6_) + _a0_) / _a1_) * x));{'d0': {'_a0_': 0.38726386631852566, '_a1_': 0.31192970800161396, '_a6_': 0.42839162838340966, '_a2_': 1.0, '_a3_': 1.0, '_a4_': 1.0, '_a5_': 1.0, '_a7_': 1.0}};{'d0': 0.02490583291941657};-280.569866449044;43.46047115150647
14542;-101.440838095859;((_a6_ + pow2((_a1_ + x))) * (((_a3_ + _a0_) / _a1_) * x));{'d0': {'_a0_': 44.307381669646134, '_a1_': 0.31192970832537203, '_a3_': -43.25407029740279, '_a6_': 0.4283916279378022, '_a2_': 1.0, '_a4_': 1.0, '_a5_': 1.0, '_a7_': 1.0}};{'d0': 0.02490583295440551};-276.475521802531;36.79692280540647
14543;-101.440838095859;((_a6_ + pow2((_a1_ + x))) * (((_a3_ + _a0_) / _a1_) * x));{'d0': {'_a0_': 44.307381669646134, '_a1_': 0.31192970832537203, '_a3_': -43.25407029740279, '_a6_': 0.4283916279378022, '_a2_': 1.0, '_a4_': 1.0, '_a5_': 1.0, '_a7_': 1.0}};{'d0': 0.02490583295440551};-276.475521802531;36.79692280540647
14544;-97.5879708278825;(((pow2((x + exp(_a2_))) * -(_a5_)) + pow2(x)) * (x * _a7_));{'d0': {'_a2_': 0.521937185652172, '_a5_': -0.22712895483033646, '_a7_': 2.75175715355855, '_a0_': 1.0, '_a1_': 1.0, '_a3_': 1.0, '_a4_': 1.0, '_a6_': 1.0}};{'d0': 0.024905832919416632};-280.569866449044;42.69696239663935
14545;-97.5879708278825;(((pow2((x + exp(_a2_))) * -(_a5_)) + pow2(x)) * (x * _a7_));{'d0': {'_a2_': 0.521937185652172, '_a5_': -0.22712895483033646, '_a7_': 2.75175715355855, '_a0_': 1.0, '_a1_': 1.0, '_a3_': 1.0, '_a4_': 1.0, '_a6_': 1.0}};{'d0': 0.024905832919416632};-280.569866449044;42.69696239663935
14546;-97.5879708278825;(((pow2((x + exp(_a2_))) * -(_a5_)) + pow2(x)) * (x * _a7_));{'d0': {'_a2_': 0.521937185652172, '_a5_': -0.22712895483033646, '_a7_': 2.75175715355855, '_a0_': 1.0, '_a1_': 1.0, '_a3_': 1.0, '_a4_': 1.0, '_a6_': 1.0}};{'d0': 0.024905832919416632};-280.569866449044;42.69696239663935
14547;-97.5879708278825;(((pow2((x + exp(_a2_))) * -(_a5_)) + pow2(x)) * (x * _a7_));{'d0': {'_a2_': 0.521937185652172, '_a5_': -0.22712895483033646, '_a7_': 2.75175715355855, '_a0_': 1.0, '_a1_': 1.0, '_a3_': 1.0, '_a4_': 1.0, '_a6_': 1.0}};{'d0': 0.024905832919416632};-280.569866449044;42.69696239663935
14548;-97.5879708278825;(((pow2((x + exp(_a2_))) * -(_a5_)) + pow2(x)) * (x * _a7_));{'d0': {'_a2_': 0.521937185652172, '_a5_': -0.22712895483033646, '_a7_': 2.75175715355855, '_a0_': 1.0, '_a1_': 1.0, '_a3_': 1.0, '_a4_': 1.0, '_a6_': 1.0}};{'d0': 0.024905832919416632};-280.569866449044;42.69696239663935
14549;-97.5879708278825;(((pow2((x + exp(_a2_))) * -(_a5_)) + pow2(x)) * (x * _a7_));{'d0': {'_a2_': 0.521937185652172, '_a5_': -0.22712895483033646, '_a7_': 2.75175715355855, '_a0_': 1.0, '_a1_': 1.0, '_a3_': 1.0, '_a4_': 1.0, '_a6_': 1.0}};{'d0': 0.024905832919416632};-280.569866449044;42.69696239663935
14550;-97.5879708278825;(((pow2((x + exp(_a2_))) * -(_a5_)) + pow2(x)) * (x * _a7_));{'d0': {'_a2_': 0.521937185652172, '_a5_': -0.22712895483033646, '_a7_': 2.75175715355855, '_a0_': 1.0, '_a1_': 1.0, '_a3_': 1.0, '_a4_': 1.0, '_a6_': 1.0}};{'d0': 0.024905832919416632};-280.569866449044;42.69696239663935
14551;-97.5879708278825;(((pow2((x + exp(_a2_))) * -(_a5_)) + pow2(x)) * (x * _a7_));{'d0': {'_a2_': 0.521937185652172, '_a5_': -0.22712895483033646, '_a7_': 2.75175715355855, '_a0_': 1.0, '_a1_': 1.0, '_a3_': 1.0, '_a4_': 1.0, '_a6_': 1.0}};{'d0': 0.024905832919416632};-280.569866449044;42.69696239663935
14552;-97.5879708278825;(((pow2((x + exp(_a2_))) * -(_a5_)) + pow2(x)) * (x * _a7_));{'d0': {'_a2_': 0.521937185652172, '_a5_': -0.22712895483033646, '_a7_': 2.75175715355855, '_a0_': 1.0, '_a1_': 1.0, '_a3_': 1.0, '_a4_': 1.0, '_a6_': 1.0}};{'d0': 0.024905832919416632};-280.569866449044;42.69696239663935
14553;-97.5879708278825;(((pow2((x + exp(_a2_))) * -(_a5_)) + pow2(x)) * (x * _a7_));{'d0': {'_a2_': 0.521937185652172, '_a5_': -0.22712895483033646, '_a7_': 2.75175715355855, '_a0_': 1.0, '_a1_': 1.0, '_a3_': 1.0, '_a4_': 1.0, '_a6_': 1.0}};{'d0': 0.024905832919416632};-280.569866449044;42.69696239663935
14554;-97.5879708278825;(((pow2((x + exp(_a2_))) * -(_a5_)) + pow2(x)) * (x * _a7_));{'d0': {'_a2_': 0.521937185652172, '_a5_': -0.22712895483033646, '_a7_': 2.75175715355855, '_a0_': 1.0, '_a1_': 1.0, '_a3_': 1.0, '_a4_': 1.0, '_a6_': 1.0}};{'d0': 0.024905832919416632};-280.569866449044;42.69696239663935
14555;-97.5879708278825;(((pow2((x + exp(_a2_))) * -(_a5_)) + pow2(x)) * (x * _a7_));{'d0': {'_a2_': 0.521937185652172, '_a5_': -0.22712895483033646, '_a7_': 2.75175715355855, '_a0_': 1.0, '_a1_': 1.0, '_a3_': 1.0, '_a4_': 1.0, '_a6_': 1.0}};{'d0': 0.024905832919416632};-280.569866449044;42.69696239663935
14556;-97.5879708278825;(((pow2((x + exp(_a2_))) * -(_a5_)) + pow2(x)) * (x * _a7_));{'d0': {'_a2_': 0.521937185652172, '_a5_': -0.22712895483033646, '_a7_': 2.75175715355855, '_a0_': 1.0, '_a1_': 1.0, '_a3_': 1.0, '_a4_': 1.0, '_a6_': 1.0}};{'d0': 0.024905832919416632};-280.569866449044;42.69696239663935
14557;-97.5879708278825;(((pow2((x + exp(_a2_))) * -(_a5_)) + pow2(x)) * (x * _a7_));{'d0': {'_a2_': 0.521937185652172, '_a5_': -0.22712895483033646, '_a7_': 2.75175715355855, '_a0_': 1.0, '_a1_': 1.0, '_a3_': 1.0, '_a4_': 1.0, '_a6_': 1.0}};{'d0': 0.024905832919416632};-280.569866449044;42.69696239663935
14558;-97.5879708278825;(((pow2((x + exp(_a2_))) * -(_a5_)) + pow2(x)) * (x * _a7_));{'d0': {'_a2_': 0.521937185652172, '_a5_': -0.22712895483033646, '_a7_': 2.75175715355855, '_a0_': 1.0, '_a1_': 1.0, '_a3_': 1.0, '_a4_': 1.0, '_a6_': 1.0}};{'d0': 0.024905832919416632};-280.569866449044;42.69696239663935
14559;-97.5879708278825;(((pow2((x + exp(_a2_))) * -(_a5_)) + pow2(x)) * (x * _a7_));{'d0': {'_a2_': 0.521937185652172, '_a5_': -0.22712895483033646, '_a7_': 2.75175715355855, '_a0_': 1.0, '_a1_': 1.0, '_a3_': 1.0, '_a4_': 1.0, '_a6_': 1.0}};{'d0': 0.024905832919416632};-280.569866449044;42.69696239663935
14560;-97.5879708278825;(((pow2((x + exp(_a2_))) * -(_a5_)) + pow2(x)) * (x * _a7_));{'d0': {'_a2_': 0.521937185652172, '_a5_': -0.22712895483033646, '_a7_': 2.75175715355855, '_a0_': 1.0, '_a1_': 1.0, '_a3_': 1.0, '_a4_': 1.0, '_a6_': 1.0}};{'d0': 0.024905832919416632};-280.569866449044;42.69696239663935
14561;-96.5443524179875;(((pow2((x + exp(_a2_))) + -(_a5_)) + pow2(x)) * (x * _a7_));{'d0': {'_a2_': -0.47183023159437715, '_a5_': -0.6621829708243495, '_a7_': 1.6883804386478973, '_a0_': 1.0, '_a1_': 1.0, '_a3_': 1.0, '_a4_': 1.0, '_a6_': 1.0}};{'d0': 0.024905832919416653};-280.569866449044;43.740580806534346
14562;-93.9426472175321;(((pow2((x + (_a2_ + _a1_))) + -(_a5_)) + pow2(x)) * (x * _a7_));{'d0': {'_a1_': 198.3474969724524, '_a2_': -197.7236374949215, '_a5_': -0.6621826699293525, '_a7_': 1.6883804392954516, '_a0_': 1.0, '_a3_': 1.0, '_a4_': 1.0, '_a6_': 1.0}};{'d0': 0.024905832923546308};-276.475521876873;44.29511372090435
14563;-82.7588593444931;(((_a6_ + pow2(((_a7_ / _a1_) + x))) * ((((_a0_ + _a3_) / _a0_) + _a1_) * x)) * _a6_);{'d0': {'_a0_': -5240.66769597157, '_a1_': 0.037925381443439314, '_a3_': -35869.683075958455, '_a6_': 0.4283916270679901, '_a7_': 0.011830053071377357, '_a2_': 1.0, '_a4_': 1.0, '_a5_': 1.0}};{'d0': 0.02490583293277276};-272.381177292423;53.43172930171867
14564;-83.3395973990909;(((_a6_ + pow2(((_a7_ / _a1_) + x))) * (((sqrt(_a4_) / _a0_) + _a1_) * x)) * _a6_);{'d0': {'_a0_': -682895408.9162432, '_a1_': 7.882417062373459, '_a4_': 937216.407943669, '_a6_': 0.4283916285424605, '_a7_': 2.458760051341241, '_a2_': 1.0, '_a3_': 1.0, '_a5_': 1.0}};{'d0': 0.024905832919416712};-272.381177324599;52.85099126320867
14565;-83.3395973990909;(((_a6_ + pow2(((_a7_ / _a1_) + x))) * (((sqrt(_a4_) / _a0_) + _a1_) * x)) * _a6_);{'d0': {'_a0_': -682895408.9162432, '_a1_': 7.882417062373459, '_a4_': 937216.407943669, '_a6_': 0.4283916285424605, '_a7_': 2.458760051341241, '_a2_': 1.0, '_a3_': 1.0, '_a5_': 1.0}};{'d0': 0.024905832919416712};-272.381177324599;52.85099126320867
14566;-83.3395973990909;(((_a6_ + pow2(((_a7_ / _a1_) + x))) * (((sqrt(_a4_) / _a0_) + _a1_) * x)) * _a6_);{'d0': {'_a0_': -682895408.9162432, '_a1_': 7.882417062373459, '_a4_': 937216.407943669, '_a6_': 0.4283916285424605, '_a7_': 2.458760051341241, '_a2_': 1.0, '_a3_': 1.0, '_a5_': 1.0}};{'d0': 0.024905832919416712};-272.381177324599;52.85099126320867
14567;-83.3395973990909;(((_a6_ + pow2(((_a7_ / _a1_) + x))) * (((sqrt(_a4_) / _a0_) + _a1_) * x)) * _a6_);{'d0': {'_a0_': -682895408.9162432, '_a1_': 7.882417062373459, '_a4_': 937216.407943669, '_a6_': 0.4283916285424605, '_a7_': 2.458760051341241, '_a2_': 1.0, '_a3_': 1.0, '_a5_': 1.0}};{'d0': 0.024905832919416712};-272.381177324599;52.85099126320867
14568;-83.3395973990909;(((_a6_ + pow2(((_a7_ / _a1_) + x))) * (((sqrt(_a4_) / _a0_) + _a1_) * x)) * _a6_);{'d0': {'_a0_': -682895408.9162432, '_a1_': 7.882417062373459, '_a4_': 937216.407943669, '_a6_': 0.4283916285424605, '_a7_': 2.458760051341241, '_a2_': 1.0, '_a3_': 1.0, '_a5_': 1.0}};{'d0': 0.024905832919416712};-272.381177324599;52.85099126320867
14569;-83.7301204807796;(((_a6_ + pow2(((_a7_ / _a1_) + x))) * ((((_a3_ * _a1_) / _a0_) + _a1_) * x)) * _a6_);{'d0': {'_a0_': -682895408.9162432, '_a1_': 7.882417062373459, '_a4_': 937216.407943669, '_a6_': 0.4283916285424605, '_a7_': 2.458760051341241, '_a2_': 1.0, '_a3_': 1.0, '_a5_': 1.0}};{'d0': 0.024905832922218034};-272.381177317851;52.46046817814567
14570;-83.7301204807796;(((_a6_ + pow2(((_a7_ / _a1_) + x))) * ((((_a3_ * _a1_) / _a0_) + _a1_) * x)) * _a6_);{'d0': {'_a0_': -682895408.9162432, '_a1_': 7.882417062373459, '_a4_': 937216.407943669, '_a6_': 0.4283916285424605, '_a7_': 2.458760051341241, '_a2_': 1.0, '_a3_': 1.0, '_a5_': 1.0}};{'d0': 0.024905832922218034};-272.381177317851;52.46046817814567
14571;-80.7555955503855;(((_a6_ + pow2(((_a7_ / _a1_) + x))) * (((((_a7_ * _a7_) * _a1_) / _a0_) + _a1_) * x)) * _a6_);{'d0': {'_a0_': -682895408.9162432, '_a1_': 7.882417062373459, '_a6_': 0.4283916285424605, '_a7_': 2.458760051341241, '_a2_': 1.0, '_a3_': 1.0, '_a4_': 1.0, '_a5_': 1.0}};{'d0': 0.02490583292199072};-276.475521880620;57.48216538992467
14572;-80.7555955503855;(((_a6_ + pow2(((_a7_ / _a1_) + x))) * (((((_a7_ * _a7_) * _a1_) / _a0_) + _a1_) * x)) * _a6_);{'d0': {'_a0_': -682895408.9162432, '_a1_': 7.882417062373459, '_a6_': 0.4283916285424605, '_a7_': 2.458760051341241, '_a2_': 1.0, '_a3_': 1.0, '_a4_': 1.0, '_a5_': 1.0}};{'d0': 0.02490583292199072};-276.475521880620;57.48216538992467
14573;-80.7555955503855;(((_a6_ + pow2(((_a7_ / _a1_) + x))) * (((((_a7_ * _a7_) * _a1_) / _a0_) + _a1_) * x)) * _a6_);{'d0': {'_a0_': -682895408.9162432, '_a1_': 7.882417062373459, '_a6_': 0.4283916285424605, '_a7_': 2.458760051341241, '_a2_': 1.0, '_a3_': 1.0, '_a4_': 1.0, '_a5_': 1.0}};{'d0': 0.02490583292199072};-276.475521880620;57.48216538992467
14574;-80.7555955503855;(((_a6_ + pow2(((_a7_ / _a1_) + x))) * (((((_a7_ * _a7_) * _a1_) / _a0_) + _a1_) * x)) * _a6_);{'d0': {'_a0_': -682895408.9162432, '_a1_': 7.882417062373459, '_a6_': 0.4283916285424605, '_a7_': 2.458760051341241, '_a2_': 1.0, '_a3_': 1.0, '_a4_': 1.0, '_a5_': 1.0}};{'d0': 0.02490583292199072};-276.475521880620;57.48216538992467
14575;-80.0321860081696;(((_a6_ + pow2(((_a7_ / _a1_) + x))) * ((((pow2(_a4_) * _a1_) / _a0_) + _a1_) * x)) * _a6_);{'d0': {'_a0_': -682895408.9162432, '_a1_': 7.882417062373459, '_a6_': 0.4283916285424605, '_a7_': 2.458760051341241, '_a2_': 1.0, '_a3_': 1.0, '_a4_': 1.0, '_a5_': 1.0}};{'d0': 0.024905832922218034};-272.381177317851;56.15840265075567
14576;-80.0321860081696;(((_a6_ + pow2(((_a7_ / _a1_) + x))) * ((((pow2(_a4_) * _a1_) / _a0_) + _a1_) * x)) * _a6_);{'d0': {'_a0_': -682895408.9162432, '_a1_': 7.882417062373459, '_a6_': 0.4283916285424605, '_a7_': 2.458760051341241, '_a2_': 1.0, '_a3_': 1.0, '_a4_': 1.0, '_a5_': 1.0}};{'d0': 0.024905832922218034};-272.381177317851;56.15840265075567
14577;-85.7772927652650;(((_a6_ + pow2(((_a7_ / _a1_) + x))) * ((((_a0_ * _a1_) / _a0_) + _a1_) * x)) * _a6_);{'d0': {'_a1_': 3.941207825256087, '_a6_': 0.4283916283433305, '_a7_': 1.2293798053578398, '_a0_': 1.0, '_a2_': 1.0, '_a3_': 1.0, '_a4_': 1.0, '_a5_': 1.0}};{'d0': 0.024905832919416688};-276.475521886821;52.46046817814567
14578;-85.7772927652650;(((_a6_ + pow2(((_a7_ / _a1_) + x))) * ((((_a0_ * _a1_) / _a0_) + _a1_) * x)) * _a6_);{'d0': {'_a1_': 3.941207825256087, '_a6_': 0.4283916283433305, '_a7_': 1.2293798053578398, '_a0_': 1.0, '_a2_': 1.0, '_a3_': 1.0, '_a4_': 1.0, '_a5_': 1.0}};{'d0': 0.024905832919416688};-276.475521886821;52.46046817814567
14579;-90.7266326907220;(((_a6_ + pow2(((_a7_ / _a1_) + x))) * (((_a1_ / _a0_) + _a1_) * x)) * _a6_);{'d0': {'_a0_': 1.0, '_a1_': 3.941207825256087, '_a6_': 0.4283916283433305, '_a7_': 1.2293798053578398, '_a2_': 1.0, '_a3_': 1.0, '_a4_': 1.0, '_a5_': 1.0}};{'d0': 0.0249058329194167};-276.475521886821;47.511128252688664
14580;-89.9836853854488;(((_a6_ + pow2(((_a7_ / _a1_) + x))) * (((_a1_ / _a0_) ** _a1_) * x)) * _a6_);{'d0': {'_a0_': 0.3699013634528107, '_a1_': 1.485244014088658, '_a6_': 0.4283916276886964, '_a7_': 0.4632917314884971, '_a2_': 1.0, '_a3_': 1.0, '_a4_': 1.0, '_a5_': 1.0}};{'d0': 0.02490583292622695};-276.475521870415;48.25407554975867
14581;-89.9836853854488;(((_a6_ + pow2(((_a7_ / _a1_) + x))) * (((_a1_ / _a0_) ** _a1_) * x)) * _a6_);{'d0': {'_a0_': 0.3699013634528107, '_a1_': 1.485244014088658, '_a6_': 0.4283916276886964, '_a7_': 0.4632917314884971, '_a2_': 1.0, '_a3_': 1.0, '_a4_': 1.0, '_a5_': 1.0}};{'d0': 0.02490583292622695};-276.475521870415;48.25407554975867
14582;-95.8209082008889;(((_a6_ + pow2((_a5_ + x))) * (((_a1_ / _a0_) ** _a1_) * x)) * _a6_);{'d0': {'_a0_': 0.40919927928056926, '_a1_': 1.550142463741438, '_a5_': 0.3119297078179846, '_a6_': 0.4283916275368975, '_a2_': 1.0, '_a3_': 1.0, '_a4_': 1.0, '_a7_': 1.0}};{'d0': 0.02490583292017245};-276.475521885001;42.416852741611464
14583;-95.8209082008889;(((_a6_ + pow2((_a5_ + x))) * (((_a1_ / _a0_) ** _a1_) * x)) * _a6_);{'d0': {'_a0_': 0.40919927928056926, '_a1_': 1.550142463741438, '_a5_': 0.3119297078179846, '_a6_': 0.4283916275368975, '_a2_': 1.0, '_a3_': 1.0, '_a4_': 1.0, '_a7_': 1.0}};{'d0': 0.02490583292017245};-276.475521885001;42.416852741611464
14584;-95.8209082008889;(((_a6_ + pow2((_a5_ + x))) * (((_a1_ / _a0_) ** _a1_) * x)) * _a6_);{'d0': {'_a0_': 0.40919927928056926, '_a1_': 1.550142463741438, '_a5_': 0.3119297078179846, '_a6_': 0.4283916275368975, '_a2_': 1.0, '_a3_': 1.0, '_a4_': 1.0, '_a7_': 1.0}};{'d0': 0.02490583292017245};-276.475521885001;42.416852741611464
14585;-104.411319546383;((((pow2((x + _a1_)) + _a4_) + _a7_) * (_a4_ * _a1_)) * x);{'d0': {'_a1_': 0.3119297078702609, '_a4_': 10.8253904459946, '_a7_': -10.396998818369559, '_a0_': 1.0, '_a2_': 1.0, '_a3_': 1.0, '_a5_': 1.0, '_a6_': 1.0}};{'d0': 0.024905832919416702};-280.569866449043;35.873613678139016
14586;-104.411319546383;((((pow2((x + _a1_)) + _a4_) + _a7_) * (_a4_ * _a1_)) * x);{'d0': {'_a1_': 0.3119297078702609, '_a4_': 10.8253904459946, '_a7_': -10.396998818369559, '_a0_': 1.0, '_a2_': 1.0, '_a3_': 1.0, '_a5_': 1.0, '_a6_': 1.0}};{'d0': 0.024905832919416702};-280.569866449043;35.873613678139016
14587;-104.411319546383;((((pow2((x + _a1_)) + _a4_) + _a7_) * (_a4_ * _a1_)) * x);{'d0': {'_a1_': 0.3119297078702609, '_a4_': 10.8253904459946, '_a7_': -10.396998818369559, '_a0_': 1.0, '_a2_': 1.0, '_a3_': 1.0, '_a5_': 1.0, '_a6_': 1.0}};{'d0': 0.024905832919416702};-280.569866449043;35.873613678139016
14588;-104.411319546383;((((pow2((x + _a1_)) + _a4_) + _a7_) * (_a4_ * _a1_)) * x);{'d0': {'_a1_': 0.3119297078702609, '_a4_': 10.8253904459946, '_a7_': -10.396998818369559, '_a0_': 1.0, '_a2_': 1.0, '_a3_': 1.0, '_a5_': 1.0, '_a6_': 1.0}};{'d0': 0.024905832919416702};-280.569866449043;35.873613678139016
14589;-104.411319546383;((((pow2((x + _a1_)) + _a4_) + _a7_) * (_a4_ * _a1_)) * x);{'d0': {'_a1_': 0.3119297078702609, '_a4_': 10.8253904459946, '_a7_': -10.396998818369559, '_a0_': 1.0, '_a2_': 1.0, '_a3_': 1.0, '_a5_': 1.0, '_a6_': 1.0}};{'d0': 0.024905832919416702};-280.569866449043;35.873613678139016
14590;-104.411319546383;((((pow2((x + _a1_)) + _a4_) + _a7_) * (_a4_ * _a1_)) * x);{'d0': {'_a1_': 0.3119297078702609, '_a4_': 10.8253904459946, '_a7_': -10.396998818369559, '_a0_': 1.0, '_a2_': 1.0, '_a3_': 1.0, '_a5_': 1.0, '_a6_': 1.0}};{'d0': 0.024905832919416702};-280.569866449043;35.873613678139016
14591;-95.8209082008889;(((_a6_ + pow2((_a5_ + x))) * (((_a1_ / _a0_) ** _a1_) * x)) * _a6_);{'d0': {'_a0_': 0.40919927928056926, '_a1_': 1.550142463741438, '_a5_': 0.3119297078179846, '_a6_': 0.4283916275368975, '_a2_': 1.0, '_a3_': 1.0, '_a4_': 1.0, '_a7_': 1.0}};{'d0': 0.02490583292017245};-276.475521885001;42.416852741611464
14592;-95.8209082008889;(((_a6_ + pow2((_a5_ + x))) * (((_a1_ / _a0_) ** _a1_) * x)) * _a6_);{'d0': {'_a0_': 0.40919927928056926, '_a1_': 1.550142463741438, '_a5_': 0.3119297078179846, '_a6_': 0.4283916275368975, '_a2_': 1.0, '_a3_': 1.0, '_a4_': 1.0, '_a7_': 1.0}};{'d0': 0.02490583292017245};-276.475521885001;42.416852741611464
14593;-95.8209082008889;(((_a6_ + pow2((_a5_ + x))) * (((_a1_ / _a0_) ** _a1_) * x)) * _a6_);{'d0': {'_a0_': 0.40919927928056926, '_a1_': 1.550142463741438, '_a5_': 0.3119297078179846, '_a6_': 0.4283916275368975, '_a2_': 1.0, '_a3_': 1.0, '_a4_': 1.0, '_a7_': 1.0}};{'d0': 0.02490583292017245};-276.475521885001;42.416852741611464
14594;-95.8209082008889;(((_a6_ + pow2((_a5_ + x))) * (((_a1_ / _a0_) ** _a1_) * x)) * _a6_);{'d0': {'_a0_': 0.40919927928056926, '_a1_': 1.550142463741438, '_a5_': 0.3119297078179846, '_a6_': 0.4283916275368975, '_a2_': 1.0, '_a3_': 1.0, '_a4_': 1.0, '_a7_': 1.0}};{'d0': 0.02490583292017245};-276.475521885001;42.416852741611464
14595;-95.8209082008889;(((_a6_ + pow2((_a5_ + x))) * (((_a1_ / _a0_) ** _a1_) * x)) * _a6_);{'d0': {'_a0_': 0.40919927928056926, '_a1_': 1.550142463741438, '_a5_': 0.3119297078179846, '_a6_': 0.4283916275368975, '_a2_': 1.0, '_a3_': 1.0, '_a4_': 1.0, '_a7_': 1.0}};{'d0': 0.02490583292017245};-276.475521885001;42.416852741611464
14596;-95.8209082008889;(((_a6_ + pow2((_a5_ + x))) * (((_a1_ / _a0_) ** _a1_) * x)) * _a6_);{'d0': {'_a0_': 0.40919927928056926, '_a1_': 1.550142463741438, '_a5_': 0.3119297078179846, '_a6_': 0.4283916275368975, '_a2_': 1.0, '_a3_': 1.0, '_a4_': 1.0, '_a7_': 1.0}};{'d0': 0.02490583292017245};-276.475521885001;42.416852741611464
14597;-95.8209082008889;(((_a6_ + pow2((_a5_ + x))) * (((_a1_ / _a0_) ** _a1_) * x)) * _a6_);{'d0': {'_a0_': 0.40919927928056926, '_a1_': 1.550142463741438, '_a5_': 0.3119297078179846, '_a6_': 0.4283916275368975, '_a2_': 1.0, '_a3_': 1.0, '_a4_': 1.0, '_a7_': 1.0}};{'d0': 0.02490583292017245};-276.475521885001;42.416852741611464
14598;-95.8209082008889;(((_a6_ + pow2((_a5_ + x))) * (((_a1_ / _a0_) ** _a1_) * x)) * _a6_);{'d0': {'_a0_': 0.40919927928056926, '_a1_': 1.550142463741438, '_a5_': 0.3119297078179846, '_a6_': 0.4283916275368975, '_a2_': 1.0, '_a3_': 1.0, '_a4_': 1.0, '_a7_': 1.0}};{'d0': 0.02490583292017245};-276.475521885001;42.416852741611464
14599;-95.8209082015769;(((_a6_ + pow2((_a5_ + x))) * (((_a1_ / _a0_) ** _a1_) * x)) * _a5_);{'d0': {'_a0_': 0.7690150496965402, '_a1_': 2.233743955302247, '_a5_': 0.3119297076812394, '_a6_': 0.4283916273952057, '_a2_': 1.0, '_a3_': 1.0, '_a4_': 1.0, '_a7_': 1.0}};{'d0': 0.024905832919601276};-276.475521886377;42.416852741611464
14600;-95.8209082015769;(((_a6_ + pow2((_a5_ + x))) * (((_a1_ / _a0_) ** _a1_) * x)) * _a5_);{'d0': {'_a0_': 0.7690150496965402, '_a1_': 2.233743955302247, '_a5_': 0.3119297076812394, '_a6_': 0.4283916273952057, '_a2_': 1.0, '_a3_': 1.0, '_a4_': 1.0, '_a7_': 1.0}};{'d0': 0.024905832919601276};-276.475521886377;42.416852741611464
14601;-95.8209082015769;(((_a6_ + pow2((_a5_ + x))) * (((_a1_ / _a0_) ** _a1_) * x)) * _a5_);{'d0': {'_a0_': 0.7690150496965402, '_a1_': 2.233743955302247, '_a5_': 0.3119297076812394, '_a6_': 0.4283916273952057, '_a2_': 1.0, '_a3_': 1.0, '_a4_': 1.0, '_a7_': 1.0}};{'d0': 0.024905832919601276};-276.475521886377;42.416852741611464
14602;-95.8209082015769;(((_a6_ + pow2((_a5_ + x))) * (((_a1_ / _a0_) ** _a1_) * x)) * _a5_);{'d0': {'_a0_': 0.7690150496965402, '_a1_': 2.233743955302247, '_a5_': 0.3119297076812394, '_a6_': 0.4283916273952057, '_a2_': 1.0, '_a3_': 1.0, '_a4_': 1.0, '_a7_': 1.0}};{'d0': 0.024905832919601276};-276.475521886377;42.416852741611464
14603;-95.8209082015769;(((_a6_ + pow2((_a5_ + x))) * (((_a1_ / _a0_) ** _a1_) * x)) * _a5_);{'d0': {'_a0_': 0.7690150496965402, '_a1_': 2.233743955302247, '_a5_': 0.3119297076812394, '_a6_': 0.4283916273952057, '_a2_': 1.0, '_a3_': 1.0, '_a4_': 1.0, '_a7_': 1.0}};{'d0': 0.024905832919601276};-276.475521886377;42.416852741611464
14604;-91.6145155734122;(((pow2((x * (_a2_ / _a1_))) + (_a6_ * _a6_)) + (x + x)) * (x * _a7_));{'d0': {'_a1_': -4142066.2406921163, '_a2_': 7416323.596410064, '_a6_': 1.2981868932056742, '_a7_': 1.0533120336635404, '_a0_': 1.0, '_a3_': 1.0, '_a4_': 1.0, '_a5_': 1.0}};{'d0': 0.02490583291941685};-276.475521886821;46.62324536999836
14605;-91.6145155734122;(((pow2((x * (_a2_ / _a1_))) + (_a6_ * _a6_)) + (x + x)) * (x * _a7_));{'d0': {'_a1_': -4142066.2406921163, '_a2_': 7416323.596410064, '_a6_': 1.2981868932056742, '_a7_': 1.0533120336635404, '_a0_': 1.0, '_a3_': 1.0, '_a4_': 1.0, '_a5_': 1.0}};{'d0': 0.02490583291941685};-276.475521886821;46.62324536999836
14606;-91.6145155734122;(((pow2((x * (_a2_ / _a1_))) + (_a6_ * _a6_)) + (x + x)) * (x * _a7_));{'d0': {'_a1_': -4142066.2406921163, '_a2_': 7416323.596410064, '_a6_': 1.2981868932056742, '_a7_': 1.0533120336635404, '_a0_': 1.0, '_a3_': 1.0, '_a4_': 1.0, '_a5_': 1.0}};{'d0': 0.02490583291941685};-276.475521886821;46.62324536999836
14607;-91.6145155734122;(((pow2((x * (_a2_ / _a1_))) + (_a6_ * _a6_)) + (x + x)) * (x * _a7_));{'d0': {'_a1_': -4142066.2406921163, '_a2_': 7416323.596410064, '_a6_': 1.2981868932056742, '_a7_': 1.0533120336635404, '_a0_': 1.0, '_a3_': 1.0, '_a4_': 1.0, '_a5_': 1.0}};{'d0': 0.02490583291941685};-276.475521886821;46.62324536999836
14608;-91.6145155734122;(((pow2((x * (_a2_ / _a1_))) + (_a6_ * _a6_)) + (x + x)) * (x * _a7_));{'d0': {'_a1_': -4142066.2406921163, '_a2_': 7416323.596410064, '_a6_': 1.2981868932056742, '_a7_': 1.0533120336635404, '_a0_': 1.0, '_a3_': 1.0, '_a4_': 1.0, '_a5_': 1.0}};{'d0': 0.02490583291941685};-276.475521886821;46.62324536999836
14609;-91.6145155734122;(((pow2((x * (_a2_ / _a1_))) + (_a6_ * _a6_)) + (x + x)) * (x * _a7_));{'d0': {'_a1_': -4142066.2406921163, '_a2_': 7416323.596410064, '_a6_': 1.2981868932056742, '_a7_': 1.0533120336635404, '_a0_': 1.0, '_a3_': 1.0, '_a4_': 1.0, '_a5_': 1.0}};{'d0': 0.02490583291941685};-276.475521886821;46.62324536999836
14610;-91.6145155734122;(((pow2((x * (_a2_ / _a1_))) + (_a6_ * _a6_)) + (x + x)) * (x * _a7_));{'d0': {'_a1_': -4142066.2406921163, '_a2_': 7416323.596410064, '_a6_': 1.2981868932056742, '_a7_': 1.0533120336635404, '_a0_': 1.0, '_a3_': 1.0, '_a4_': 1.0, '_a5_': 1.0}};{'d0': 0.02490583291941685};-276.475521886821;46.62324536999836
14611;-84.5456460804804;(((pow2((x * (_a2_ / _a1_))) + (_a6_ * _a6_)) + ((_a7_ * _a3_) + x)) * (x * _a7_));{'d0': {'_a1_': -4939153.4593948135, '_a2_': 6253298.398683145, '_a3_': -0.001905769287280911, '_a6_': 0.9201409591168654, '_a7_': 2.106624030444584, '_a0_': 1.0, '_a4_': 1.0, '_a5_': 1.0}};{'d0': 0.024905832919451455};-272.381177324515;51.64494258177736
14612;-84.5456460804804;(((pow2((x * (_a2_ / _a1_))) + (_a6_ * _a6_)) + ((_a7_ * _a3_) + x)) * (x * _a7_));{'d0': {'_a1_': -4939153.4593948135, '_a2_': 6253298.398683145, '_a3_': -0.001905769287280911, '_a6_': 0.9201409591168654, '_a7_': 2.106624030444584, '_a0_': 1.0, '_a4_': 1.0, '_a5_': 1.0}};{'d0': 0.024905832919451455};-272.381177324515;51.64494258177736
14613;-84.5456460804804;(((pow2((x * (_a2_ / _a1_))) + (_a6_ * _a6_)) + ((_a7_ * _a3_) + x)) * (x * _a7_));{'d0': {'_a1_': -4939153.4593948135, '_a2_': 6253298.398683145, '_a3_': -0.001905769287280911, '_a6_': 0.9201409591168654, '_a7_': 2.106624030444584, '_a0_': 1.0, '_a4_': 1.0, '_a5_': 1.0}};{'d0': 0.024905832919451455};-272.381177324515;51.64494258177736
14614;-84.5456460804804;(((pow2((x * (_a2_ / _a1_))) + (_a6_ * _a6_)) + ((_a7_ * _a3_) + x)) * (x * _a7_));{'d0': {'_a1_': -4939153.4593948135, '_a2_': 6253298.398683145, '_a3_': -0.001905769287280911, '_a6_': 0.9201409591168654, '_a7_': 2.106624030444584, '_a0_': 1.0, '_a4_': 1.0, '_a5_': 1.0}};{'d0': 0.024905832919451455};-272.381177324515;51.64494258177736
14615;-84.5456460804804;(((pow2((x * (_a2_ / _a1_))) + (_a6_ * _a6_)) + ((_a7_ * _a3_) + x)) * (x * _a7_));{'d0': {'_a1_': -4939153.4593948135, '_a2_': 6253298.398683145, '_a3_': -0.001905769287280911, '_a6_': 0.9201409591168654, '_a7_': 2.106624030444584, '_a0_': 1.0, '_a4_': 1.0, '_a5_': 1.0}};{'d0': 0.024905832919451455};-272.381177324515;51.64494258177736
14616;-84.5456460804804;(((pow2((x * (_a2_ / _a1_))) + (_a6_ * _a6_)) + ((_a7_ * _a3_) + x)) * (x * _a7_));{'d0': {'_a1_': -4939153.4593948135, '_a2_': 6253298.398683145, '_a3_': -0.001905769287280911, '_a6_': 0.9201409591168654, '_a7_': 2.106624030444584, '_a0_': 1.0, '_a4_': 1.0, '_a5_': 1.0}};{'d0': 0.024905832919451455};-272.381177324515;51.64494258177736
14617;-84.5456460804804;(((pow2((x * (_a2_ / _a1_))) + (_a6_ * _a6_)) + ((_a7_ * _a3_) + x)) * (x * _a7_));{'d0': {'_a1_': -4939153.4593948135, '_a2_': 6253298.398683145, '_a3_': -0.001905769287280911, '_a6_': 0.9201409591168654, '_a7_': 2.106624030444584, '_a0_': 1.0, '_a4_': 1.0, '_a5_': 1.0}};{'d0': 0.024905832919451455};-272.381177324515;51.64494258177736
14618;-84.5456460804804;(((pow2((x * (_a2_ / _a1_))) + (_a6_ * _a6_)) + ((_a7_ * _a3_) + x)) * (x * _a7_));{'d0': {'_a1_': -4939153.4593948135, '_a2_': 6253298.398683145, '_a3_': -0.001905769287280911, '_a6_': 0.9201409591168654, '_a7_': 2.106624030444584, '_a0_': 1.0, '_a4_': 1.0, '_a5_': 1.0}};{'d0': 0.024905832919451455};-272.381177324515;51.64494258177736
14619;-83.6467422359979;(((pow2((x * (_a2_ / _a1_))) + (_a6_ * _a6_)) + ((_a7_ + _a3_) + x)) * (x * _a7_));{'d0': {'_a1_': -4840564.6290405225, '_a2_': 6128478.346949832, '_a3_': -1.9880913011200476, '_a6_': 0.8509477863761562, '_a7_': 2.106624067819526, '_a0_': 1.0, '_a4_': 1.0, '_a5_': 1.0}};{'d0': 0.024905832925455063};-272.381177310052;52.543846419028355
14620;-83.6467422359979;(((pow2((x * (_a2_ / _a1_))) + (_a6_ * _a6_)) + ((_a7_ + _a3_) + x)) * (x * _a7_));{'d0': {'_a1_': -4840564.6290405225, '_a2_': 6128478.346949832, '_a3_': -1.9880913011200476, '_a6_': 0.8509477863761562, '_a7_': 2.106624067819526, '_a0_': 1.0, '_a4_': 1.0, '_a5_': 1.0}};{'d0': 0.024905832925455063};-272.381177310052;52.543846419028355
14621;-83.6467422359979;(((pow2((x * (_a2_ / _a1_))) + (_a6_ * _a6_)) + ((_a7_ + _a3_) + x)) * (x * _a7_));{'d0': {'_a1_': -4840564.6290405225, '_a2_': 6128478.346949832, '_a3_': -1.9880913011200476, '_a6_': 0.8509477863761562, '_a7_': 2.106624067819526, '_a0_': 1.0, '_a4_': 1.0, '_a5_': 1.0}};{'d0': 0.024905832925455063};-272.381177310052;52.543846419028355
14622;-95.8209082015769;(((_a6_ + pow2((_a5_ + x))) * (((_a1_ / _a0_) ** _a1_) * x)) * _a5_);{'d0': {'_a0_': 0.7690150496965402, '_a1_': 2.233743955302247, '_a5_': 0.3119297076812394, '_a6_': 0.4283916273952057, '_a2_': 1.0, '_a3_': 1.0, '_a4_': 1.0, '_a7_': 1.0}};{'d0': 0.024905832919601276};-276.475521886377;42.416852741611464
14623;-95.8209082015769;(((_a6_ + pow2((_a5_ + x))) * (((_a1_ / _a0_) ** _a1_) * x)) * _a5_);{'d0': {'_a0_': 0.7690150496965402, '_a1_': 2.233743955302247, '_a5_': 0.3119297076812394, '_a6_': 0.4283916273952057, '_a2_': 1.0, '_a3_': 1.0, '_a4_': 1.0, '_a7_': 1.0}};{'d0': 0.024905832919601276};-276.475521886377;42.416852741611464
14624;-95.8209082015769;(((_a6_ + pow2((_a5_ + x))) * (((_a1_ / _a0_) ** _a1_) * x)) * _a5_);{'d0': {'_a0_': 0.7690150496965402, '_a1_': 2.233743955302247, '_a5_': 0.3119297076812394, '_a6_': 0.4283916273952057, '_a2_': 1.0, '_a3_': 1.0, '_a4_': 1.0, '_a7_': 1.0}};{'d0': 0.024905832919601276};-276.475521886377;42.416852741611464
14625;-95.8209082015769;(((_a6_ + pow2((_a5_ + x))) * (((_a1_ / _a0_) ** _a1_) * x)) * _a5_);{'d0': {'_a0_': 0.7690150496965402, '_a1_': 2.233743955302247, '_a5_': 0.3119297076812394, '_a6_': 0.4283916273952057, '_a2_': 1.0, '_a3_': 1.0, '_a4_': 1.0, '_a7_': 1.0}};{'d0': 0.024905832919601276};-276.475521886377;42.416852741611464
14626;-91.2751984205003;(((_a6_ + pow2((_a5_ + x))) * (((_a1_ / pow3(_a6_)) ** _a1_) * x)) * _a5_);{'d0': {'_a1_': 0.9541865754234534, '_a5_': 0.31192970781213003, '_a6_': 0.42839162772006073, '_a0_': 1.0, '_a2_': 1.0, '_a3_': 1.0, '_a4_': 1.0, '_a7_': 1.0}};{'d0': 0.02490583291941668};-280.569866449043;49.00973480402146
14627;-83.6467422408212;(((pow2((x * (_a2_ / _a1_))) + (_a3_ * _a6_)) + ((_a7_ + _a3_) + x)) * (x * _a7_));{'d0': {'_a1_': -6840959.804960027, '_a2_': 8661112.33901645, '_a3_': -0.6397598980068885, '_a6_': 0.9757088479635097, '_a7_': 2.106624068022646, '_a0_': 1.0, '_a4_': 1.0, '_a5_': 1.0}};{'d0': 0.02490583292145079};-272.381177319699;52.543846419028355
14628;-83.6467422408212;(((pow2((x * (_a2_ / _a1_))) + (_a3_ * _a6_)) + ((_a7_ + _a3_) + x)) * (x * _a7_));{'d0': {'_a1_': -6840959.804960027, '_a2_': 8661112.33901645, '_a3_': -0.6397598980068885, '_a6_': 0.9757088479635097, '_a7_': 2.106624068022646, '_a0_': 1.0, '_a4_': 1.0, '_a5_': 1.0}};{'d0': 0.02490583292145079};-272.381177319699;52.543846419028355
14629;-83.6467422408212;(((pow2((x * (_a2_ / _a1_))) + (_a3_ * _a6_)) + ((_a7_ + _a3_) + x)) * (x * _a7_));{'d0': {'_a1_': -6840959.804960027, '_a2_': 8661112.33901645, '_a3_': -0.6397598980068885, '_a6_': 0.9757088479635097, '_a7_': 2.106624068022646, '_a0_': 1.0, '_a4_': 1.0, '_a5_': 1.0}};{'d0': 0.02490583292145079};-272.381177319699;52.543846419028355
14630;-91.4942062893527;(((pow2((x * _a5_)) + (_a3_ * _a6_)) + ((_a7_ + _a3_) + x)) * (x * _a7_));{'d0': {'_a3_': -0.6719990297849777, '_a5_': 1.2660668365789034, '_a6_': 0.8809243359947001, '_a7_': 2.1066240661149482, '_a0_': 1.0, '_a1_': 1.0, '_a2_': 1.0, '_a4_': 1.0}};{'d0': 0.024905832920605563};-276.475521883957;46.74355465262595
14631;-91.4942062893527;(((pow2((x * _a5_)) + (_a3_ * _a6_)) + ((_a7_ + _a3_) + x)) * (x * _a7_));{'d0': {'_a3_': -0.6719990297849777, '_a5_': 1.2660668365789034, '_a6_': 0.8809243359947001, '_a7_': 2.1066240661149482, '_a0_': 1.0, '_a1_': 1.0, '_a2_': 1.0, '_a4_': 1.0}};{'d0': 0.024905832920605563};-276.475521883957;46.74355465262595
14632;-93.5413785718959;(((pow2((x * _a5_)) + (_a3_ * _a7_)) + ((_a7_ + _a3_) + x)) * (x * _a7_));{'d0': {'_a3_': -0.40686592159219787, '_a5_': 1.2660668361310339, '_a7_': 2.1066240692836096, '_a0_': 1.0, '_a1_': 1.0, '_a2_': 1.0, '_a4_': 1.0, '_a6_': 1.0}};{'d0': 0.024905832919416625};-280.569866449044;46.74355465262595
14633;-93.5413785718959;(((pow2((x * _a5_)) + (_a3_ * _a7_)) + ((_a7_ + _a3_) + x)) * (x * _a7_));{'d0': {'_a3_': -0.40686592159219787, '_a5_': 1.2660668361310339, '_a7_': 2.1066240692836096, '_a0_': 1.0, '_a1_': 1.0, '_a2_': 1.0, '_a4_': 1.0, '_a6_': 1.0}};{'d0': 0.024905832919416625};-280.569866449044;46.74355465262595
14634;-93.5413785718959;(((pow2((x * _a5_)) + (_a3_ * _a7_)) + ((_a7_ + _a3_) + x)) * (x * _a7_));{'d0': {'_a3_': -0.40686592159219787, '_a5_': 1.2660668361310339, '_a7_': 2.1066240692836096, '_a0_': 1.0, '_a1_': 1.0, '_a2_': 1.0, '_a4_': 1.0, '_a6_': 1.0}};{'d0': 0.024905832919416625};-280.569866449044;46.74355465262595
14635;-93.5413785718959;(((pow2((x * _a5_)) + (_a3_ * _a7_)) + ((_a7_ + _a3_) + x)) * (x * _a7_));{'d0': {'_a3_': -0.40686592159219787, '_a5_': 1.2660668361310339, '_a7_': 2.1066240692836096, '_a0_': 1.0, '_a1_': 1.0, '_a2_': 1.0, '_a4_': 1.0, '_a6_': 1.0}};{'d0': 0.024905832919416625};-280.569866449044;46.74355465262595
14636;-93.5413785718959;(((pow2((x * _a5_)) + (_a3_ * _a7_)) + ((_a7_ + _a3_) + x)) * (x * _a7_));{'d0': {'_a3_': -0.40686592159219787, '_a5_': 1.2660668361310339, '_a7_': 2.1066240692836096, '_a0_': 1.0, '_a1_': 1.0, '_a2_': 1.0, '_a4_': 1.0, '_a6_': 1.0}};{'d0': 0.024905832919416625};-280.569866449044;46.74355465262595
14637;-93.5413785718959;(((pow2((x * _a5_)) + (_a3_ * _a7_)) + ((_a7_ + _a3_) + x)) * (x * _a7_));{'d0': {'_a3_': -0.40686592159219787, '_a5_': 1.2660668361310339, '_a7_': 2.1066240692836096, '_a0_': 1.0, '_a1_': 1.0, '_a2_': 1.0, '_a4_': 1.0, '_a6_': 1.0}};{'d0': 0.024905832919416625};-280.569866449044;46.74355465262595
14638;-93.5413785718959;(((pow2((x * _a5_)) + (_a3_ * _a7_)) + ((_a7_ + _a3_) + x)) * (x * _a7_));{'d0': {'_a3_': -0.40686592159219787, '_a5_': 1.2660668361310339, '_a7_': 2.1066240692836096, '_a0_': 1.0, '_a1_': 1.0, '_a2_': 1.0, '_a4_': 1.0, '_a6_': 1.0}};{'d0': 0.024905832919416625};-280.569866449044;46.74355465262595
14639;-93.5413785718959;(((pow2((x * _a5_)) + (_a3_ * _a7_)) + ((_a7_ + _a3_) + x)) * (x * _a7_));{'d0': {'_a3_': -0.40686592159219787, '_a5_': 1.2660668361310339, '_a7_': 2.1066240692836096, '_a0_': 1.0, '_a1_': 1.0, '_a2_': 1.0, '_a4_': 1.0, '_a6_': 1.0}};{'d0': 0.024905832919416625};-280.569866449044;46.74355465262595
14640;-97.4148073397438;(((pow2((x * _a5_)) + (_a3_ * _a7_)) + (_a2_ + x)) * (x * _a7_));{'d0': {'_a2_': 106.2745777460716, '_a3_': -50.047815715744086, '_a5_': 1.2660668366401746, '_a7_': 2.106624067492621, '_a0_': 1.0, '_a1_': 1.0, '_a4_': 1.0, '_a6_': 1.0}};{'d0': 0.024905832919475613};-276.475521886679;40.822953603595955
14641;-97.4148073397438;(((pow2((x * _a5_)) + (_a3_ * _a7_)) + (_a2_ + x)) * (x * _a7_));{'d0': {'_a2_': 106.2745777460716, '_a3_': -50.047815715744086, '_a5_': 1.2660668366401746, '_a7_': 2.106624067492621, '_a0_': 1.0, '_a1_': 1.0, '_a4_': 1.0, '_a6_': 1.0}};{'d0': 0.024905832919475613};-276.475521886679;40.822953603595955
14642;-97.4148073397438;(((pow2((x * _a5_)) + (_a3_ * _a7_)) + (_a2_ + x)) * (x * _a7_));{'d0': {'_a2_': 106.2745777460716, '_a3_': -50.047815715744086, '_a5_': 1.2660668366401746, '_a7_': 2.106624067492621, '_a0_': 1.0, '_a1_': 1.0, '_a4_': 1.0, '_a6_': 1.0}};{'d0': 0.024905832919475613};-276.475521886679;40.822953603595955
14643;-97.4148073397438;(((pow2((x * _a5_)) + (_a3_ * _a7_)) + (_a2_ + x)) * (x * _a7_));{'d0': {'_a2_': 106.2745777460716, '_a3_': -50.047815715744086, '_a5_': 1.2660668366401746, '_a7_': 2.106624067492621, '_a0_': 1.0, '_a1_': 1.0, '_a4_': 1.0, '_a6_': 1.0}};{'d0': 0.024905832919475613};-276.475521886679;40.822953603595955
14644;-98.7190323238557;(((_a6_ + pow2((_a5_ + x))) * (((_a1_ * _a6_) ** _a1_) * x)) * _a5_);{'d0': {'_a1_': 4.146204479721849, '_a5_': 0.3119297079066397, '_a6_': 0.4283916280869507, '_a0_': 1.0, '_a2_': 1.0, '_a3_': 1.0, '_a4_': 1.0, '_a7_': 1.0}};{'d0': 0.024905832919416608};-280.569866449044;41.565900900666065
14645;-98.7190323238557;(((_a6_ + pow2((_a5_ + x))) * (((_a1_ * _a6_) ** _a1_) * x)) * _a5_);{'d0': {'_a1_': 4.146204479721849, '_a5_': 0.3119297079066397, '_a6_': 0.4283916280869507, '_a0_': 1.0, '_a2_': 1.0, '_a3_': 1.0, '_a4_': 1.0, '_a7_': 1.0}};{'d0': 0.024905832919416608};-280.569866449044;41.565900900666065
14646;-98.7190323238557;(((_a6_ + pow2((_a5_ + x))) * (((_a1_ * _a6_) ** _a1_) * x)) * _a5_);{'d0': {'_a1_': 4.146204479721849, '_a5_': 0.3119297079066397, '_a6_': 0.4283916280869507, '_a0_': 1.0, '_a2_': 1.0, '_a3_': 1.0, '_a4_': 1.0, '_a7_': 1.0}};{'d0': 0.024905832919416608};-280.569866449044;41.565900900666065
14647;-98.7190323238557;(((_a6_ + pow2((_a5_ + x))) * (((_a1_ * _a6_) ** _a1_) * x)) * _a5_);{'d0': {'_a1_': 4.146204479721849, '_a5_': 0.3119297079066397, '_a6_': 0.4283916280869507, '_a0_': 1.0, '_a2_': 1.0, '_a3_': 1.0, '_a4_': 1.0, '_a7_': 1.0}};{'d0': 0.024905832919416608};-280.569866449044;41.565900900666065
14648;-103.668372249313;((_a6_ + pow2((_a5_ + x))) * (((_a1_ * _a6_) ** _a1_) * x));{'d0': {'_a1_': 3.3549584623347646, '_a5_': 0.3119297078713302, '_a6_': 0.4283916280990549, '_a0_': 1.0, '_a2_': 1.0, '_a3_': 1.0, '_a4_': 1.0, '_a7_': 1.0}};{'d0': 0.024905832919416667};-280.569866449044;36.61656097520907
14649;-103.668372249313;((_a6_ + pow2((_a5_ + x))) * (((_a1_ * _a6_) ** _a1_) * x));{'d0': {'_a1_': 3.3549584623347646, '_a5_': 0.3119297078713302, '_a6_': 0.4283916280990549, '_a0_': 1.0, '_a2_': 1.0, '_a3_': 1.0, '_a4_': 1.0, '_a7_': 1.0}};{'d0': 0.024905832919416667};-280.569866449044;36.61656097520907
14650;-103.668372249313;((_a6_ + pow2((_a5_ + x))) * (((_a1_ * _a6_) ** _a1_) * x));{'d0': {'_a1_': 3.3549584623347646, '_a5_': 0.3119297078713302, '_a6_': 0.4283916280990549, '_a0_': 1.0, '_a2_': 1.0, '_a3_': 1.0, '_a4_': 1.0, '_a7_': 1.0}};{'d0': 0.024905832919416667};-280.569866449044;36.61656097520907
14651;-103.668372249313;((_a6_ + pow2((_a5_ + x))) * (((_a1_ * _a6_) ** _a1_) * x));{'d0': {'_a1_': 3.3549584623347646, '_a5_': 0.3119297078713302, '_a6_': 0.4283916280990549, '_a0_': 1.0, '_a2_': 1.0, '_a3_': 1.0, '_a4_': 1.0, '_a7_': 1.0}};{'d0': 0.024905832919416667};-280.569866449044;36.61656097520907
14652;-103.668372249313;((_a6_ + pow2((_a5_ + x))) * (((_a1_ * _a6_) ** _a1_) * x));{'d0': {'_a1_': 3.3549584623347646, '_a5_': 0.3119297078713302, '_a6_': 0.4283916280990549, '_a0_': 1.0, '_a2_': 1.0, '_a3_': 1.0, '_a4_': 1.0, '_a7_': 1.0}};{'d0': 0.024905832919416667};-280.569866449044;36.61656097520907
14653;-103.668372249313;((_a6_ + pow2((_a5_ + x))) * (((_a1_ * _a6_) ** _a1_) * x));{'d0': {'_a1_': 3.3549584623347646, '_a5_': 0.3119297078713302, '_a6_': 0.4283916280990549, '_a0_': 1.0, '_a2_': 1.0, '_a3_': 1.0, '_a4_': 1.0, '_a7_': 1.0}};{'d0': 0.024905832919416667};-280.569866449044;36.61656097520907
14654;-103.668372249313;((_a6_ + pow2((_a5_ + x))) * (((_a1_ * _a6_) ** _a1_) * x));{'d0': {'_a1_': 3.3549584623347646, '_a5_': 0.3119297078713302, '_a6_': 0.4283916280990549, '_a0_': 1.0, '_a2_': 1.0, '_a3_': 1.0, '_a4_': 1.0, '_a7_': 1.0}};{'d0': 0.024905832919416667};-280.569866449044;36.61656097520907
14655;-103.668372249313;((_a6_ + pow2((_a5_ + x))) * (((_a1_ * _a6_) ** _a1_) * x));{'d0': {'_a1_': 3.3549584623347646, '_a5_': 0.3119297078713302, '_a6_': 0.4283916280990549, '_a0_': 1.0, '_a2_': 1.0, '_a3_': 1.0, '_a4_': 1.0, '_a7_': 1.0}};{'d0': 0.024905832919416667};-280.569866449044;36.61656097520907
14656;-103.668372249313;((_a6_ + pow2((_a5_ + x))) * (((_a1_ * _a6_) ** _a1_) * x));{'d0': {'_a1_': 3.3549584623347646, '_a5_': 0.3119297078713302, '_a6_': 0.4283916280990549, '_a0_': 1.0, '_a2_': 1.0, '_a3_': 1.0, '_a4_': 1.0, '_a7_': 1.0}};{'d0': 0.024905832919416667};-280.569866449044;36.61656097520907
14657;-102.624753839418;((_a6_ + pow2((_a5_ + x))) * (((_a1_ + _a6_) ** _a1_) * x));{'d0': {'_a1_': 1.6564074187716282, '_a5_': 0.31192970774916456, '_a6_': 0.4283916278707768, '_a0_': 1.0, '_a2_': 1.0, '_a3_': 1.0, '_a4_': 1.0, '_a7_': 1.0}};{'d0': 0.02490583291941663};-280.569866449044;37.660179385104065
14658;-102.624753839418;((_a6_ + pow2((_a5_ + x))) * (((_a1_ + _a6_) ** _a1_) * x));{'d0': {'_a1_': 1.6564074187716282, '_a5_': 0.31192970774916456, '_a6_': 0.4283916278707768, '_a0_': 1.0, '_a2_': 1.0, '_a3_': 1.0, '_a4_': 1.0, '_a7_': 1.0}};{'d0': 0.02490583291941663};-280.569866449044;37.660179385104065
14659;-102.624753839418;((_a6_ + pow2((_a5_ + x))) * (((_a1_ + _a6_) ** _a1_) * x));{'d0': {'_a1_': 1.6564074187716282, '_a5_': 0.31192970774916456, '_a6_': 0.4283916278707768, '_a0_': 1.0, '_a2_': 1.0, '_a3_': 1.0, '_a4_': 1.0, '_a7_': 1.0}};{'d0': 0.02490583291941663};-280.569866449044;37.660179385104065
14660;-102.624753839418;((_a6_ + pow2((_a5_ + x))) * (((_a1_ + _a6_) ** _a1_) * x));{'d0': {'_a1_': 1.6564074187716282, '_a5_': 0.31192970774916456, '_a6_': 0.4283916278707768, '_a0_': 1.0, '_a2_': 1.0, '_a3_': 1.0, '_a4_': 1.0, '_a7_': 1.0}};{'d0': 0.02490583291941663};-280.569866449044;37.660179385104065
14661;-102.624753839418;((_a6_ + pow2((_a5_ + x))) * (((_a1_ + _a6_) ** _a1_) * x));{'d0': {'_a1_': 1.6564074187716282, '_a5_': 0.31192970774916456, '_a6_': 0.4283916278707768, '_a0_': 1.0, '_a2_': 1.0, '_a3_': 1.0, '_a4_': 1.0, '_a7_': 1.0}};{'d0': 0.02490583291941663};-280.569866449044;37.660179385104065
14662;-102.624753839418;((_a6_ + pow2((_a5_ + x))) * (((_a1_ + _a6_) ** _a1_) * x));{'d0': {'_a1_': 1.6564074187716282, '_a5_': 0.31192970774916456, '_a6_': 0.4283916278707768, '_a0_': 1.0, '_a2_': 1.0, '_a3_': 1.0, '_a4_': 1.0, '_a7_': 1.0}};{'d0': 0.02490583291941663};-280.569866449044;37.660179385104065
14663;-102.624753839418;((_a6_ + pow2((_a5_ + x))) * (((_a1_ + _a6_) ** _a1_) * x));{'d0': {'_a1_': 1.6564074187716282, '_a5_': 0.31192970774916456, '_a6_': 0.4283916278707768, '_a0_': 1.0, '_a2_': 1.0, '_a3_': 1.0, '_a4_': 1.0, '_a7_': 1.0}};{'d0': 0.02490583291941663};-280.569866449044;37.660179385104065
14664;-102.624753839418;((_a6_ + pow2((_a5_ + x))) * (((_a1_ + _a6_) ** _a1_) * x));{'d0': {'_a1_': 1.6564074187716282, '_a5_': 0.31192970774916456, '_a6_': 0.4283916278707768, '_a0_': 1.0, '_a2_': 1.0, '_a3_': 1.0, '_a4_': 1.0, '_a7_': 1.0}};{'d0': 0.02490583291941663};-280.569866449044;37.660179385104065
14665;-102.624753839418;((_a6_ + pow2((_a5_ + x))) * (((_a1_ + _a6_) ** _a1_) * x));{'d0': {'_a1_': 1.6564074187716282, '_a5_': 0.31192970774916456, '_a6_': 0.4283916278707768, '_a0_': 1.0, '_a2_': 1.0, '_a3_': 1.0, '_a4_': 1.0, '_a7_': 1.0}};{'d0': 0.02490583291941663};-280.569866449044;37.660179385104065
14666;-102.624753839418;((_a6_ + pow2((_a5_ + x))) * (((_a1_ + _a6_) ** _a1_) * x));{'d0': {'_a1_': 1.6564074187716282, '_a5_': 0.31192970774916456, '_a6_': 0.4283916278707768, '_a0_': 1.0, '_a2_': 1.0, '_a3_': 1.0, '_a4_': 1.0, '_a7_': 1.0}};{'d0': 0.02490583291941663};-280.569866449044;37.660179385104065
14667;-102.624753839418;((_a6_ + pow2((_a5_ + x))) * (((_a1_ + _a6_) ** _a1_) * x));{'d0': {'_a1_': 1.6564074187716282, '_a5_': 0.31192970774916456, '_a6_': 0.4283916278707768, '_a0_': 1.0, '_a2_': 1.0, '_a3_': 1.0, '_a4_': 1.0, '_a7_': 1.0}};{'d0': 0.02490583291941663};-280.569866449044;37.660179385104065
14668;-102.624753839418;((_a6_ + pow2((_a5_ + x))) * (((_a1_ + _a6_) ** _a1_) * x));{'d0': {'_a1_': 1.6564074187716282, '_a5_': 0.31192970774916456, '_a6_': 0.4283916278707768, '_a0_': 1.0, '_a2_': 1.0, '_a3_': 1.0, '_a4_': 1.0, '_a7_': 1.0}};{'d0': 0.02490583291941663};-280.569866449044;37.660179385104065
14669;-102.624753839418;((_a6_ + pow2((_a5_ + x))) * (((_a1_ + _a6_) ** _a1_) * x));{'d0': {'_a1_': 1.6564074187716282, '_a5_': 0.31192970774916456, '_a6_': 0.4283916278707768, '_a0_': 1.0, '_a2_': 1.0, '_a3_': 1.0, '_a4_': 1.0, '_a7_': 1.0}};{'d0': 0.02490583291941663};-280.569866449044;37.660179385104065
14670;-102.624753839418;((_a6_ + pow2((_a5_ + x))) * (((_a1_ + _a6_) ** _a1_) * x));{'d0': {'_a1_': 1.6564074187716282, '_a5_': 0.31192970774916456, '_a6_': 0.4283916278707768, '_a0_': 1.0, '_a2_': 1.0, '_a3_': 1.0, '_a4_': 1.0, '_a7_': 1.0}};{'d0': 0.02490583291941663};-280.569866449044;37.660179385104065
14671;-102.624753839418;((_a6_ + pow2((_a5_ + x))) * (((_a1_ + _a6_) ** _a1_) * x));{'d0': {'_a1_': 1.6564074187716282, '_a5_': 0.31192970774916456, '_a6_': 0.4283916278707768, '_a0_': 1.0, '_a2_': 1.0, '_a3_': 1.0, '_a4_': 1.0, '_a7_': 1.0}};{'d0': 0.02490583291941663};-280.569866449044;37.660179385104065
14672;-102.624753839418;((_a6_ + pow2((_a5_ + x))) * (((_a1_ + _a6_) ** _a1_) * x));{'d0': {'_a1_': 1.6564074187716282, '_a5_': 0.31192970774916456, '_a6_': 0.4283916278707768, '_a0_': 1.0, '_a2_': 1.0, '_a3_': 1.0, '_a4_': 1.0, '_a7_': 1.0}};{'d0': 0.02490583291941663};-280.569866449044;37.660179385104065
14673;-102.624753839418;((_a6_ + pow2((_a5_ + x))) * (((_a1_ + _a6_) ** _a1_) * x));{'d0': {'_a1_': 1.6564074187716282, '_a5_': 0.31192970774916456, '_a6_': 0.4283916278707768, '_a0_': 1.0, '_a2_': 1.0, '_a3_': 1.0, '_a4_': 1.0, '_a7_': 1.0}};{'d0': 0.02490583291941663};-280.569866449044;37.660179385104065
14674;-106.651973435152;((((_a2_ + pow2((x + -(_a1_)))) * _a1_) * x) * _a6_);{'d0': {'_a1_': -0.31192970782129986, '_a2_': 0.4283916274664829, '_a6_': -10.825390449519391, '_a0_': 1.0, '_a3_': 1.0, '_a4_': 1.0, '_a5_': 1.0, '_a7_': 1.0}};{'d0': 0.02490583291941672};-280.569866449043;33.63295978936944
14675;-106.651973435152;((((_a2_ + pow2((x + -(_a1_)))) * _a1_) * x) * _a6_);{'d0': {'_a1_': -0.31192970782129986, '_a2_': 0.4283916274664829, '_a6_': -10.825390449519391, '_a0_': 1.0, '_a3_': 1.0, '_a4_': 1.0, '_a5_': 1.0, '_a7_': 1.0}};{'d0': 0.02490583291941672};-280.569866449043;33.63295978936944
14676;-103.668372249313;((_a6_ + pow2((_a5_ + x))) * (((_a1_ * _a6_) ** _a1_) * x));{'d0': {'_a1_': 3.3549584623347646, '_a5_': 0.3119297078713302, '_a6_': 0.4283916280990549, '_a0_': 1.0, '_a2_': 1.0, '_a3_': 1.0, '_a4_': 1.0, '_a7_': 1.0}};{'d0': 0.024905832919416667};-280.569866449044;36.61656097520907
14677;-103.668372249313;((_a6_ + pow2((_a5_ + x))) * (((_a1_ * _a6_) ** _a1_) * x));{'d0': {'_a1_': 3.3549584623347646, '_a5_': 0.3119297078713302, '_a6_': 0.4283916280990549, '_a0_': 1.0, '_a2_': 1.0, '_a3_': 1.0, '_a4_': 1.0, '_a7_': 1.0}};{'d0': 0.024905832919416667};-280.569866449044;36.61656097520907
14678;-98.7190323238557;((_a6_ + pow2((_a5_ + x))) * (((_a1_ * _a6_) ** (_a1_ * _a6_)) * x));{'d0': {'_a1_': 4.4314888029329715, '_a5_': 0.3119297078123934, '_a6_': 0.4283916271978902, '_a0_': 1.0, '_a2_': 1.0, '_a3_': 1.0, '_a4_': 1.0, '_a7_': 1.0}};{'d0': 0.02490583291941666};-280.569866449044;41.565900900666065
14679;-98.7190323238557;((_a6_ + pow2((_a5_ + x))) * (((_a1_ * _a6_) ** (_a1_ * _a6_)) * x));{'d0': {'_a1_': 4.4314888029329715, '_a5_': 0.3119297078123934, '_a6_': 0.4283916271978902, '_a0_': 1.0, '_a2_': 1.0, '_a3_': 1.0, '_a4_': 1.0, '_a7_': 1.0}};{'d0': 0.02490583291941666};-280.569866449044;41.565900900666065
14680;-98.7190323238557;((_a6_ + pow2((_a5_ + x))) * (((_a1_ * _a6_) ** (_a1_ * _a6_)) * x));{'d0': {'_a1_': 4.4314888029329715, '_a5_': 0.3119297078123934, '_a6_': 0.4283916271978902, '_a0_': 1.0, '_a2_': 1.0, '_a3_': 1.0, '_a4_': 1.0, '_a7_': 1.0}};{'d0': 0.02490583291941666};-280.569866449044;41.565900900666065
14681;-98.7190323238557;((_a6_ + pow2((_a5_ + x))) * (((_a1_ * _a6_) ** (_a1_ * _a6_)) * x));{'d0': {'_a1_': 4.4314888029329715, '_a5_': 0.3119297078123934, '_a6_': 0.4283916271978902, '_a0_': 1.0, '_a2_': 1.0, '_a3_': 1.0, '_a4_': 1.0, '_a7_': 1.0}};{'d0': 0.02490583291941666};-280.569866449044;41.565900900666065
14682;-98.7190323238557;((_a6_ + pow2((_a5_ + x))) * (((_a1_ * _a6_) ** (_a1_ * _a6_)) * x));{'d0': {'_a1_': 4.4314888029329715, '_a5_': 0.3119297078123934, '_a6_': 0.4283916271978902, '_a0_': 1.0, '_a2_': 1.0, '_a3_': 1.0, '_a4_': 1.0, '_a7_': 1.0}};{'d0': 0.02490583291941666};-280.569866449044;41.565900900666065
14683;-98.7190323238557;((_a6_ + pow2((_a5_ + x))) * (((_a1_ * _a6_) ** (_a1_ * _a6_)) * x));{'d0': {'_a1_': 4.4314888029329715, '_a5_': 0.3119297078123934, '_a6_': 0.4283916271978902, '_a0_': 1.0, '_a2_': 1.0, '_a3_': 1.0, '_a4_': 1.0, '_a7_': 1.0}};{'d0': 0.02490583291941666};-280.569866449044;41.565900900666065
14684;-98.7190323238557;((_a6_ + pow2((_a5_ + x))) * (((_a1_ * _a6_) ** (_a1_ * _a6_)) * x));{'d0': {'_a1_': 4.4314888029329715, '_a5_': 0.3119297078123934, '_a6_': 0.4283916271978902, '_a0_': 1.0, '_a2_': 1.0, '_a3_': 1.0, '_a4_': 1.0, '_a7_': 1.0}};{'d0': 0.02490583291941666};-280.569866449044;41.565900900666065
14685;-98.7190323238557;((_a6_ + pow2((_a5_ + x))) * (((_a1_ * _a6_) ** (_a1_ * _a6_)) * x));{'d0': {'_a1_': 4.4314888029329715, '_a5_': 0.3119297078123934, '_a6_': 0.4283916271978902, '_a0_': 1.0, '_a2_': 1.0, '_a3_': 1.0, '_a4_': 1.0, '_a7_': 1.0}};{'d0': 0.02490583291941666};-280.569866449044;41.565900900666065
14686;-98.7190323238557;((_a6_ + pow2((_a5_ + x))) * (((_a1_ * _a6_) ** (_a1_ * _a6_)) * x));{'d0': {'_a1_': 4.4314888029329715, '_a5_': 0.3119297078123934, '_a6_': 0.4283916271978902, '_a0_': 1.0, '_a2_': 1.0, '_a3_': 1.0, '_a4_': 1.0, '_a7_': 1.0}};{'d0': 0.02490583291941666};-280.569866449044;41.565900900666065
14687;-98.7190323238557;((_a6_ + pow2((_a5_ + x))) * (((_a1_ * _a6_) ** (_a1_ * _a6_)) * x));{'d0': {'_a1_': 4.4314888029329715, '_a5_': 0.3119297078123934, '_a6_': 0.4283916271978902, '_a0_': 1.0, '_a2_': 1.0, '_a3_': 1.0, '_a4_': 1.0, '_a7_': 1.0}};{'d0': 0.02490583291941666};-280.569866449044;41.565900900666065
14688;-98.7190323238557;((_a6_ + pow2((_a5_ + x))) * (((_a1_ * _a6_) ** (_a1_ * _a6_)) * x));{'d0': {'_a1_': 4.4314888029329715, '_a5_': 0.3119297078123934, '_a6_': 0.4283916271978902, '_a0_': 1.0, '_a2_': 1.0, '_a3_': 1.0, '_a4_': 1.0, '_a7_': 1.0}};{'d0': 0.02490583291941666};-280.569866449044;41.565900900666065
14689;-98.7190323238557;((_a6_ + pow2((_a5_ + x))) * (((_a1_ * _a6_) ** (_a1_ * _a6_)) * x));{'d0': {'_a1_': 4.4314888029329715, '_a5_': 0.3119297078123934, '_a6_': 0.4283916271978902, '_a0_': 1.0, '_a2_': 1.0, '_a3_': 1.0, '_a4_': 1.0, '_a7_': 1.0}};{'d0': 0.02490583291941666};-280.569866449044;41.565900900666065
14690;-98.7190323238557;((_a6_ + pow2((_a5_ + x))) * (((_a1_ * _a6_) ** (_a1_ * _a6_)) * x));{'d0': {'_a1_': 4.4314888029329715, '_a5_': 0.3119297078123934, '_a6_': 0.4283916271978902, '_a0_': 1.0, '_a2_': 1.0, '_a3_': 1.0, '_a4_': 1.0, '_a7_': 1.0}};{'d0': 0.02490583291941666};-280.569866449044;41.565900900666065
14691;-92.7984312748256;((_a6_ + pow2((_a5_ + x))) * (((_a1_ * _a6_) ** ((_a6_ + _a5_) * _a6_)) * x));{'d0': {'_a1_': 108.28722108539111, '_a5_': 0.31192970790223157, '_a6_': 0.4283916312763559, '_a0_': 1.0, '_a2_': 1.0, '_a3_': 1.0, '_a4_': 1.0, '_a7_': 1.0}};{'d0': 0.024905832919416757};-280.569866449043;47.48650194969606
14692;-92.7984312748256;((_a6_ + pow2((_a5_ + x))) * (((_a1_ * _a6_) ** ((_a6_ + _a5_) * _a6_)) * x));{'d0': {'_a1_': 108.28722108539111, '_a5_': 0.31192970790223157, '_a6_': 0.4283916312763559, '_a0_': 1.0, '_a2_': 1.0, '_a3_': 1.0, '_a4_': 1.0, '_a7_': 1.0}};{'d0': 0.024905832919416757};-280.569866449043;47.48650194969606
14693;-92.7984312748256;((_a6_ + pow2((_a5_ + x))) * (((_a1_ * _a6_) ** ((_a6_ + _a5_) * _a6_)) * x));{'d0': {'_a1_': 108.28722108539111, '_a5_': 0.31192970790223157, '_a6_': 0.4283916312763559, '_a0_': 1.0, '_a2_': 1.0, '_a3_': 1.0, '_a4_': 1.0, '_a7_': 1.0}};{'d0': 0.024905832919416757};-280.569866449043;47.48650194969606
14694;-92.7984312748256;((_a6_ + pow2((_a5_ + x))) * (((_a1_ * _a6_) ** ((_a6_ + _a5_) * _a6_)) * x));{'d0': {'_a1_': 108.28722108539111, '_a5_': 0.31192970790223157, '_a6_': 0.4283916312763559, '_a0_': 1.0, '_a2_': 1.0, '_a3_': 1.0, '_a4_': 1.0, '_a7_': 1.0}};{'d0': 0.024905832919416757};-280.569866449043;47.48650194969606
14695;-92.7984312748256;((_a6_ + pow2((_a5_ + x))) * (((_a1_ * _a6_) ** ((_a6_ + _a5_) * _a6_)) * x));{'d0': {'_a1_': 108.28722108539111, '_a5_': 0.31192970790223157, '_a6_': 0.4283916312763559, '_a0_': 1.0, '_a2_': 1.0, '_a3_': 1.0, '_a4_': 1.0, '_a7_': 1.0}};{'d0': 0.024905832919416757};-280.569866449043;47.48650194969606
14696;-92.7984312748256;((_a6_ + pow2((_a5_ + x))) * (((_a1_ * _a6_) ** ((_a6_ + _a5_) * _a6_)) * x));{'d0': {'_a1_': 108.28722108539111, '_a5_': 0.31192970790223157, '_a6_': 0.4283916312763559, '_a0_': 1.0, '_a2_': 1.0, '_a3_': 1.0, '_a4_': 1.0, '_a7_': 1.0}};{'d0': 0.024905832919416757};-280.569866449043;47.48650194969606
14697;-92.7984312748256;((_a6_ + pow2((_a5_ + x))) * (((_a1_ * _a6_) ** ((_a6_ + _a5_) * _a6_)) * x));{'d0': {'_a1_': 108.28722108539111, '_a5_': 0.31192970790223157, '_a6_': 0.4283916312763559, '_a0_': 1.0, '_a2_': 1.0, '_a3_': 1.0, '_a4_': 1.0, '_a7_': 1.0}};{'d0': 0.024905832919416757};-280.569866449043;47.48650194969606
14698;-92.7984312748256;((_a6_ + pow2((_a5_ + x))) * (((_a1_ * _a6_) ** ((_a6_ + _a5_) * _a6_)) * x));{'d0': {'_a1_': 108.28722108539111, '_a5_': 0.31192970790223157, '_a6_': 0.4283916312763559, '_a0_': 1.0, '_a2_': 1.0, '_a3_': 1.0, '_a4_': 1.0, '_a7_': 1.0}};{'d0': 0.024905832919416757};-280.569866449043;47.48650194969606
14699;-92.7984312748256;((_a6_ + pow2((_a5_ + x))) * (((_a1_ * _a6_) ** ((_a6_ + _a5_) * _a6_)) * x));{'d0': {'_a1_': 108.28722108539111, '_a5_': 0.31192970790223157, '_a6_': 0.4283916312763559, '_a0_': 1.0, '_a2_': 1.0, '_a3_': 1.0, '_a4_': 1.0, '_a7_': 1.0}};{'d0': 0.024905832919416757};-280.569866449043;47.48650194969606
14700;-105.382580669956;((((pow2((x * _a1_)) + x) + _a7_) * (_a4_ * _a1_)) * x);{'d0': {'_a1_': -1.2660668365092358, '_a4_': -1.6639122090973597, '_a7_': 0.8426446050118384, '_a0_': 1.0, '_a2_': 1.0, '_a3_': 1.0, '_a5_': 1.0, '_a6_': 1.0}};{'d0': 0.02490583291941657};-280.569866449044;34.902352554566015
14701;-92.7984312748256;((_a6_ + pow2((_a5_ + x))) * (((_a1_ * _a6_) ** ((_a6_ + _a5_) * _a6_)) * x));{'d0': {'_a1_': 108.28722108539111, '_a5_': 0.31192970790223157, '_a6_': 0.4283916312763559, '_a0_': 1.0, '_a2_': 1.0, '_a3_': 1.0, '_a4_': 1.0, '_a7_': 1.0}};{'d0': 0.024905832919416757};-280.569866449043;47.48650194969606
14702;-92.7984312748256;((_a6_ + pow2((_a5_ + x))) * (((_a1_ * _a6_) ** ((_a6_ + _a5_) * _a6_)) * x));{'d0': {'_a1_': 108.28722108539111, '_a5_': 0.31192970790223157, '_a6_': 0.4283916312763559, '_a0_': 1.0, '_a2_': 1.0, '_a3_': 1.0, '_a4_': 1.0, '_a7_': 1.0}};{'d0': 0.024905832919416757};-280.569866449043;47.48650194969606
14703;-93.5413785718957;((_a6_ + pow2((_a5_ + x))) * (((_a1_ * _a6_) + ((_a6_ + _a5_) * _a6_)) * x));{'d0': {'_a1_': 7.142094341040397, '_a5_': 0.311929707694313, '_a6_': 0.42839162744075504, '_a0_': 1.0, '_a2_': 1.0, '_a3_': 1.0, '_a4_': 1.0, '_a7_': 1.0}};{'d0': 0.024905832919416657};-280.569866449044;46.74355465262606
14704;-93.5413785718957;((_a6_ + pow2((_a5_ + x))) * (((_a1_ * _a6_) + ((_a6_ + _a5_) * _a6_)) * x));{'d0': {'_a1_': 7.142094341040397, '_a5_': 0.311929707694313, '_a6_': 0.42839162744075504, '_a0_': 1.0, '_a2_': 1.0, '_a3_': 1.0, '_a4_': 1.0, '_a7_': 1.0}};{'d0': 0.024905832919416657};-280.569866449044;46.74355465262606
14705;-93.5413785718957;((_a6_ + pow2((_a5_ + x))) * (((_a1_ * _a6_) + ((_a6_ + _a5_) * _a6_)) * x));{'d0': {'_a1_': 7.142094341040397, '_a5_': 0.311929707694313, '_a6_': 0.42839162744075504, '_a0_': 1.0, '_a2_': 1.0, '_a3_': 1.0, '_a4_': 1.0, '_a7_': 1.0}};{'d0': 0.024905832919416657};-280.569866449044;46.74355465262606
14706;-93.5413785718957;((_a6_ + pow2((_a5_ + x))) * (((_a1_ * _a6_) + ((_a6_ + _a5_) * _a6_)) * x));{'d0': {'_a1_': 7.142094341040397, '_a5_': 0.311929707694313, '_a6_': 0.42839162744075504, '_a0_': 1.0, '_a2_': 1.0, '_a3_': 1.0, '_a4_': 1.0, '_a7_': 1.0}};{'d0': 0.024905832919416657};-280.569866449044;46.74355465262606
14707;-93.5413785718957;((_a6_ + pow2((_a5_ + x))) * (((_a1_ * _a6_) + ((_a6_ + _a5_) * _a6_)) * x));{'d0': {'_a1_': 7.142094341040397, '_a5_': 0.311929707694313, '_a6_': 0.42839162744075504, '_a0_': 1.0, '_a2_': 1.0, '_a3_': 1.0, '_a4_': 1.0, '_a7_': 1.0}};{'d0': 0.024905832919416657};-280.569866449044;46.74355465262606
14708;-93.5413785718957;((_a6_ + pow2((_a5_ + x))) * (((_a1_ * _a6_) + ((_a6_ + _a5_) * _a6_)) * x));{'d0': {'_a1_': 7.142094341040397, '_a5_': 0.311929707694313, '_a6_': 0.42839162744075504, '_a0_': 1.0, '_a2_': 1.0, '_a3_': 1.0, '_a4_': 1.0, '_a7_': 1.0}};{'d0': 0.024905832919416657};-280.569866449044;46.74355465262606
14709;-93.5413785718957;((_a6_ + pow2((_a5_ + x))) * (((_a1_ * _a6_) + ((_a6_ + _a5_) * _a6_)) * x));{'d0': {'_a1_': 7.142094341040397, '_a5_': 0.311929707694313, '_a6_': 0.42839162744075504, '_a0_': 1.0, '_a2_': 1.0, '_a3_': 1.0, '_a4_': 1.0, '_a7_': 1.0}};{'d0': 0.024905832919416657};-280.569866449044;46.74355465262606
14710;-91.4942062907718;((_a6_ + pow2((_a5_ + x))) * (((_a1_ * _a6_) + ((_a6_ + _a5_) * _a2_)) * x));{'d0': {'_a1_': -385.90293328065525, '_a2_': 227.86638542991705, '_a5_': 0.3119297077605108, '_a6_': 0.4283916285459114, '_a0_': 1.0, '_a3_': 1.0, '_a4_': 1.0, '_a7_': 1.0}};{'d0': 0.024905832919427308};-276.475521886796;46.74355465262606
14711;-91.4942062907718;((_a6_ + pow2((_a5_ + x))) * (((_a1_ * _a6_) + ((_a6_ + _a5_) * _a2_)) * x));{'d0': {'_a1_': -385.90293328065525, '_a2_': 227.86638542991705, '_a5_': 0.3119297077605108, '_a6_': 0.4283916285459114, '_a0_': 1.0, '_a3_': 1.0, '_a4_': 1.0, '_a7_': 1.0}};{'d0': 0.024905832919427308};-276.475521886796;46.74355465262606
14712;-91.4942062907718;((_a6_ + pow2((_a5_ + x))) * (((_a1_ * _a6_) + ((_a6_ + _a5_) * _a2_)) * x));{'d0': {'_a1_': -385.90293328065525, '_a2_': 227.86638542991705, '_a5_': 0.3119297077605108, '_a6_': 0.4283916285459114, '_a0_': 1.0, '_a3_': 1.0, '_a4_': 1.0, '_a7_': 1.0}};{'d0': 0.024905832919427308};-276.475521886796;46.74355465262606
14713;-91.4942062907718;((_a6_ + pow2((_a5_ + x))) * (((_a1_ * _a6_) + ((_a6_ + _a5_) * _a2_)) * x));{'d0': {'_a1_': -385.90293328065525, '_a2_': 227.86638542991705, '_a5_': 0.3119297077605108, '_a6_': 0.4283916285459114, '_a0_': 1.0, '_a3_': 1.0, '_a4_': 1.0, '_a7_': 1.0}};{'d0': 0.024905832919427308};-276.475521886796;46.74355465262606
14714;-91.4942062907718;((_a6_ + pow2((_a5_ + x))) * (((_a1_ * _a6_) + ((_a6_ + _a5_) * _a2_)) * x));{'d0': {'_a1_': -385.90293328065525, '_a2_': 227.86638542991705, '_a5_': 0.3119297077605108, '_a6_': 0.4283916285459114, '_a0_': 1.0, '_a3_': 1.0, '_a4_': 1.0, '_a7_': 1.0}};{'d0': 0.024905832919427308};-276.475521886796;46.74355465262606
14715;-94.7927840247427;((_a6_ + pow2((_a5_ + x))) * ((pow2(_a6_) + ((_a6_ + _a5_) * _a2_)) * x));{'d0': {'_a2_': 4.313318192149221, '_a5_': 0.3119297078669344, '_a6_': 0.4283916284710384, '_a0_': 1.0, '_a1_': 1.0, '_a3_': 1.0, '_a4_': 1.0, '_a7_': 1.0}};{'d0': 0.024905832919416605};-280.569866449044;45.49214919977906
14716;-94.7927840247427;((_a6_ + pow2((_a5_ + x))) * ((pow2(_a6_) + ((_a6_ + _a5_) * _a2_)) * x));{'d0': {'_a2_': 4.313318192149221, '_a5_': 0.3119297078669344, '_a6_': 0.4283916284710384, '_a0_': 1.0, '_a1_': 1.0, '_a3_': 1.0, '_a4_': 1.0, '_a7_': 1.0}};{'d0': 0.024905832919416605};-280.569866449044;45.49214919977906
14717;-94.7927840247427;((_a6_ + pow2((_a5_ + x))) * ((pow2(_a6_) + ((_a6_ + _a5_) * _a2_)) * x));{'d0': {'_a2_': 4.313318192149221, '_a5_': 0.3119297078669344, '_a6_': 0.4283916284710384, '_a0_': 1.0, '_a1_': 1.0, '_a3_': 1.0, '_a4_': 1.0, '_a7_': 1.0}};{'d0': 0.024905832919416605};-280.569866449044;45.49214919977906
14718;-94.7927840247427;((_a6_ + pow2((_a5_ + x))) * ((pow2(_a6_) + ((_a6_ + _a5_) * _a2_)) * x));{'d0': {'_a2_': 4.313318192149221, '_a5_': 0.3119297078669344, '_a6_': 0.4283916284710384, '_a0_': 1.0, '_a1_': 1.0, '_a3_': 1.0, '_a4_': 1.0, '_a7_': 1.0}};{'d0': 0.024905832919416605};-280.569866449044;45.49214919977906
14719;-94.7927840247427;((_a6_ + pow2((_a5_ + x))) * ((pow2(_a6_) + ((_a6_ + _a5_) * _a2_)) * x));{'d0': {'_a2_': 4.313318192149221, '_a5_': 0.3119297078669344, '_a6_': 0.4283916284710384, '_a0_': 1.0, '_a1_': 1.0, '_a3_': 1.0, '_a4_': 1.0, '_a7_': 1.0}};{'d0': 0.024905832919416605};-280.569866449044;45.49214919977906
14720;-94.7927840247427;((_a6_ + pow2((_a5_ + x))) * ((pow2(_a6_) + ((_a6_ + _a5_) * _a2_)) * x));{'d0': {'_a2_': 4.313318192149221, '_a5_': 0.3119297078669344, '_a6_': 0.4283916284710384, '_a0_': 1.0, '_a1_': 1.0, '_a3_': 1.0, '_a4_': 1.0, '_a7_': 1.0}};{'d0': 0.024905832919416605};-280.569866449044;45.49214919977906
14721;-94.7927840247427;((_a6_ + pow2((_a5_ + x))) * ((pow2(_a6_) + ((_a6_ + _a5_) * _a2_)) * x));{'d0': {'_a2_': 4.313318192149221, '_a5_': 0.3119297078669344, '_a6_': 0.4283916284710384, '_a0_': 1.0, '_a1_': 1.0, '_a3_': 1.0, '_a4_': 1.0, '_a7_': 1.0}};{'d0': 0.024905832919416605};-280.569866449044;45.49214919977906
14722;-94.7927840247427;((_a6_ + pow2((_a5_ + x))) * ((pow2(_a6_) + ((_a6_ + _a5_) * _a2_)) * x));{'d0': {'_a2_': 4.313318192149221, '_a5_': 0.3119297078669344, '_a6_': 0.4283916284710384, '_a0_': 1.0, '_a1_': 1.0, '_a3_': 1.0, '_a4_': 1.0, '_a7_': 1.0}};{'d0': 0.024905832919416605};-280.569866449044;45.49214919977906
14723;-94.7927840247427;((_a6_ + pow2((_a5_ + x))) * ((pow2(_a6_) + ((_a6_ + _a5_) * _a2_)) * x));{'d0': {'_a2_': 4.313318192149221, '_a5_': 0.3119297078669344, '_a6_': 0.4283916284710384, '_a0_': 1.0, '_a1_': 1.0, '_a3_': 1.0, '_a4_': 1.0, '_a7_': 1.0}};{'d0': 0.024905832919416605};-280.569866449044;45.49214919977906
14724;-94.7927840247427;((_a6_ + pow2((_a5_ + x))) * ((pow2(_a6_) + ((_a6_ + _a5_) * _a2_)) * x));{'d0': {'_a2_': 4.313318192149221, '_a5_': 0.3119297078669344, '_a6_': 0.4283916284710384, '_a0_': 1.0, '_a1_': 1.0, '_a3_': 1.0, '_a4_': 1.0, '_a7_': 1.0}};{'d0': 0.024905832919416605};-280.569866449044;45.49214919977906
14725;-94.7927840247427;((_a6_ + pow2((_a5_ + x))) * ((pow2(_a6_) + ((_a6_ + _a5_) * _a2_)) * x));{'d0': {'_a2_': 4.313318192149221, '_a5_': 0.3119297078669344, '_a6_': 0.4283916284710384, '_a0_': 1.0, '_a1_': 1.0, '_a3_': 1.0, '_a4_': 1.0, '_a7_': 1.0}};{'d0': 0.024905832919416605};-280.569866449044;45.49214919977906
14726;-94.7927840247427;((_a6_ + pow2((_a5_ + x))) * ((pow2(_a6_) + ((_a6_ + _a5_) * _a2_)) * x));{'d0': {'_a2_': 4.313318192149221, '_a5_': 0.3119297078669344, '_a6_': 0.4283916284710384, '_a0_': 1.0, '_a1_': 1.0, '_a3_': 1.0, '_a4_': 1.0, '_a7_': 1.0}};{'d0': 0.024905832919416605};-280.569866449044;45.49214919977906
14727;-94.7927840247427;((_a6_ + pow2((_a5_ + x))) * ((pow2(_a6_) + ((_a6_ + _a5_) * _a2_)) * x));{'d0': {'_a2_': 4.313318192149221, '_a5_': 0.3119297078669344, '_a6_': 0.4283916284710384, '_a0_': 1.0, '_a1_': 1.0, '_a3_': 1.0, '_a4_': 1.0, '_a7_': 1.0}};{'d0': 0.024905832919416605};-280.569866449044;45.49214919977906
14728;-94.7927840247427;((_a6_ + pow2((_a5_ + x))) * ((pow2(_a6_) + ((_a6_ + _a5_) * _a2_)) * x));{'d0': {'_a2_': 4.313318192149221, '_a5_': 0.3119297078669344, '_a6_': 0.4283916284710384, '_a0_': 1.0, '_a1_': 1.0, '_a3_': 1.0, '_a4_': 1.0, '_a7_': 1.0}};{'d0': 0.024905832919416605};-280.569866449044;45.49214919977906
14729;-94.7927840247427;((_a6_ + pow2((_a5_ + x))) * ((pow2(_a6_) + ((_a6_ + _a5_) * _a2_)) * x));{'d0': {'_a2_': 4.313318192149221, '_a5_': 0.3119297078669344, '_a6_': 0.4283916284710384, '_a0_': 1.0, '_a1_': 1.0, '_a3_': 1.0, '_a4_': 1.0, '_a7_': 1.0}};{'d0': 0.024905832919416605};-280.569866449044;45.49214919977906
14730;-104.411319546383;(((pow2((x * _a1_)) + _a7_) + (_a6_ + x)) * (x * _a7_));{'d0': {'_a1_': -1.266066836460502, '_a6_': -1.2639794634661339, '_a7_': 2.1066240679376818, '_a0_': 1.0, '_a2_': 1.0, '_a3_': 1.0, '_a4_': 1.0, '_a5_': 1.0}};{'d0': 0.024905832919416622};-280.569866449044;35.87361367813895
14731;-104.411319546383;(((pow2((x * _a1_)) + _a7_) + (_a6_ + x)) * (x * _a7_));{'d0': {'_a1_': -1.266066836460502, '_a6_': -1.2639794634661339, '_a7_': 2.1066240679376818, '_a0_': 1.0, '_a2_': 1.0, '_a3_': 1.0, '_a4_': 1.0, '_a5_': 1.0}};{'d0': 0.024905832919416622};-280.569866449044;35.87361367813895
14732;-104.411319546383;(((pow2((x * _a1_)) + _a7_) + (_a6_ + x)) * (x * _a7_));{'d0': {'_a1_': -1.266066836460502, '_a6_': -1.2639794634661339, '_a7_': 2.1066240679376818, '_a0_': 1.0, '_a2_': 1.0, '_a3_': 1.0, '_a4_': 1.0, '_a5_': 1.0}};{'d0': 0.024905832919416622};-280.569866449044;35.87361367813895
14733;-104.411319546383;(((pow2((x * _a1_)) + _a7_) + (_a6_ + x)) * (x * _a7_));{'d0': {'_a1_': -1.266066836460502, '_a6_': -1.2639794634661339, '_a7_': 2.1066240679376818, '_a0_': 1.0, '_a2_': 1.0, '_a3_': 1.0, '_a4_': 1.0, '_a5_': 1.0}};{'d0': 0.024905832919416622};-280.569866449044;35.87361367813895
14734;-104.411319546383;(((pow2((x * _a1_)) + _a7_) + (_a6_ + x)) * (x * _a7_));{'d0': {'_a1_': -1.266066836460502, '_a6_': -1.2639794634661339, '_a7_': 2.1066240679376818, '_a0_': 1.0, '_a2_': 1.0, '_a3_': 1.0, '_a4_': 1.0, '_a5_': 1.0}};{'d0': 0.024905832919416622};-280.569866449044;35.87361367813895
14735;-104.411319546383;(((pow2((x * _a1_)) + _a7_) + (_a6_ + x)) * (x * _a7_));{'d0': {'_a1_': -1.266066836460502, '_a6_': -1.2639794634661339, '_a7_': 2.1066240679376818, '_a0_': 1.0, '_a2_': 1.0, '_a3_': 1.0, '_a4_': 1.0, '_a5_': 1.0}};{'d0': 0.024905832919416622};-280.569866449044;35.87361367813895
14736;-104.411319546383;(((pow2((x * _a1_)) + _a7_) + (_a6_ + x)) * (x * _a7_));{'d0': {'_a1_': -1.266066836460502, '_a6_': -1.2639794634661339, '_a7_': 2.1066240679376818, '_a0_': 1.0, '_a2_': 1.0, '_a3_': 1.0, '_a4_': 1.0, '_a5_': 1.0}};{'d0': 0.024905832919416622};-280.569866449044;35.87361367813895
14737;-104.411319546383;(((pow2((x * _a1_)) + _a7_) + (_a6_ + x)) * (x * _a7_));{'d0': {'_a1_': -1.266066836460502, '_a6_': -1.2639794634661339, '_a7_': 2.1066240679376818, '_a0_': 1.0, '_a2_': 1.0, '_a3_': 1.0, '_a4_': 1.0, '_a5_': 1.0}};{'d0': 0.024905832919416622};-280.569866449044;35.87361367813895
14738;-104.411319546383;(((pow2((x * _a1_)) + _a7_) + (_a6_ + x)) * (x * _a7_));{'d0': {'_a1_': -1.266066836460502, '_a6_': -1.2639794634661339, '_a7_': 2.1066240679376818, '_a0_': 1.0, '_a2_': 1.0, '_a3_': 1.0, '_a4_': 1.0, '_a5_': 1.0}};{'d0': 0.024905832919416622};-280.569866449044;35.87361367813895
14739;-104.411319546383;(((pow2((x * _a1_)) + _a7_) + (_a6_ + x)) * (x * _a7_));{'d0': {'_a1_': -1.266066836460502, '_a6_': -1.2639794634661339, '_a7_': 2.1066240679376818, '_a0_': 1.0, '_a2_': 1.0, '_a3_': 1.0, '_a4_': 1.0, '_a5_': 1.0}};{'d0': 0.024905832919416622};-280.569866449044;35.87361367813895
14740;-104.411319546383;(((pow2((x * _a1_)) + _a7_) + (_a6_ + x)) * (x * _a7_));{'d0': {'_a1_': -1.266066836460502, '_a6_': -1.2639794634661339, '_a7_': 2.1066240679376818, '_a0_': 1.0, '_a2_': 1.0, '_a3_': 1.0, '_a4_': 1.0, '_a5_': 1.0}};{'d0': 0.024905832919416622};-280.569866449044;35.87361367813895
14741;-104.411319546383;(((pow2((x * _a1_)) + _a7_) + (_a6_ + x)) * (x * _a7_));{'d0': {'_a1_': -1.266066836460502, '_a6_': -1.2639794634661339, '_a7_': 2.1066240679376818, '_a0_': 1.0, '_a2_': 1.0, '_a3_': 1.0, '_a4_': 1.0, '_a5_': 1.0}};{'d0': 0.024905832919416622};-280.569866449044;35.87361367813895
14742;-104.411319546383;(((pow2((x * _a1_)) + _a7_) + (_a6_ + x)) * (x * _a7_));{'d0': {'_a1_': -1.266066836460502, '_a6_': -1.2639794634661339, '_a7_': 2.1066240679376818, '_a0_': 1.0, '_a2_': 1.0, '_a3_': 1.0, '_a4_': 1.0, '_a5_': 1.0}};{'d0': 0.024905832919416622};-280.569866449044;35.87361367813895
14743;-104.411319546383;(((pow2((x * _a1_)) + _a7_) + (_a6_ + x)) * (x * _a7_));{'d0': {'_a1_': -1.266066836460502, '_a6_': -1.2639794634661339, '_a7_': 2.1066240679376818, '_a0_': 1.0, '_a2_': 1.0, '_a3_': 1.0, '_a4_': 1.0, '_a5_': 1.0}};{'d0': 0.024905832919416622};-280.569866449044;35.87361367813895
14744;-104.411319546383;(((pow2((x * _a1_)) + _a7_) + (_a6_ + x)) * (x * _a7_));{'d0': {'_a1_': -1.266066836460502, '_a6_': -1.2639794634661339, '_a7_': 2.1066240679376818, '_a0_': 1.0, '_a2_': 1.0, '_a3_': 1.0, '_a4_': 1.0, '_a5_': 1.0}};{'d0': 0.024905832919416622};-280.569866449044;35.87361367813895
14745;-104.411319546383;(((pow2((x * _a1_)) + _a7_) + (_a6_ + x)) * (x * _a7_));{'d0': {'_a1_': -1.266066836460502, '_a6_': -1.2639794634661339, '_a7_': 2.1066240679376818, '_a0_': 1.0, '_a2_': 1.0, '_a3_': 1.0, '_a4_': 1.0, '_a5_': 1.0}};{'d0': 0.024905832919416622};-280.569866449044;35.87361367813895
14746;-104.411319546383;(((pow2((x * _a1_)) + _a7_) + (_a6_ + x)) * (x * _a7_));{'d0': {'_a1_': -1.266066836460502, '_a6_': -1.2639794634661339, '_a7_': 2.1066240679376818, '_a0_': 1.0, '_a2_': 1.0, '_a3_': 1.0, '_a4_': 1.0, '_a5_': 1.0}};{'d0': 0.024905832919416622};-280.569866449044;35.87361367813895
14747;-104.411319546383;(((pow2((x * _a1_)) + _a7_) + (_a6_ + x)) * (x * _a7_));{'d0': {'_a1_': -1.266066836460502, '_a6_': -1.2639794634661339, '_a7_': 2.1066240679376818, '_a0_': 1.0, '_a2_': 1.0, '_a3_': 1.0, '_a4_': 1.0, '_a5_': 1.0}};{'d0': 0.024905832919416622};-280.569866449044;35.87361367813895
14748;-104.411319546383;(((pow2((x * _a1_)) + _a7_) + (_a6_ + x)) * (x * _a7_));{'d0': {'_a1_': -1.266066836460502, '_a6_': -1.2639794634661339, '_a7_': 2.1066240679376818, '_a0_': 1.0, '_a2_': 1.0, '_a3_': 1.0, '_a4_': 1.0, '_a5_': 1.0}};{'d0': 0.024905832919416622};-280.569866449044;35.87361367813895
14749;-104.411319546383;(((pow2((x * _a1_)) + _a7_) + (_a6_ + x)) * (x * _a7_));{'d0': {'_a1_': -1.266066836460502, '_a6_': -1.2639794634661339, '_a7_': 2.1066240679376818, '_a0_': 1.0, '_a2_': 1.0, '_a3_': 1.0, '_a4_': 1.0, '_a5_': 1.0}};{'d0': 0.024905832919416622};-280.569866449044;35.87361367813895
14750;-94.9130933073704;((_a2_ + pow2((_a5_ + x))) * ((pow2(_a6_) / ((_a6_ + _a5_) * _a5_)) * x));{'d0': {'_a2_': 0.4283916282341603, '_a5_': 0.3119297077872364, '_a6_': 1.3050684232719132, '_a0_': 1.0, '_a1_': 1.0, '_a3_': 1.0, '_a4_': 1.0, '_a7_': 1.0}};{'d0': 0.024905832919416553};-280.569866449044;45.371839917151455
14751;-95.0885876026601;((_a2_ + pow2((_a5_ + x))) * ((pow2(_a6_) / (pow2(_a4_) * _a5_)) * x));{'d0': {'_a2_': 0.42839162811126563, '_a4_': 0.4069739221628772, '_a5_': 0.311929708036858, '_a6_': 0.4176813728910564, '_a0_': 1.0, '_a1_': 1.0, '_a3_': 1.0, '_a7_': 1.0}};{'d0': 0.024905832919432533};-276.475521886783;43.14917334073145
14752;-95.0885876026601;((_a2_ + pow2((_a5_ + x))) * ((pow2(_a6_) / (pow2(_a4_) * _a5_)) * x));{'d0': {'_a2_': 0.42839162811126563, '_a4_': 0.4069739221628772, '_a5_': 0.311929708036858, '_a6_': 0.4176813728910564, '_a0_': 1.0, '_a1_': 1.0, '_a3_': 1.0, '_a7_': 1.0}};{'d0': 0.024905832919432533};-276.475521886783;43.14917334073145
14753;-95.0885876026601;((_a2_ + pow2((_a5_ + x))) * ((pow2(_a6_) / (pow2(_a4_) * _a5_)) * x));{'d0': {'_a2_': 0.42839162811126563, '_a4_': 0.4069739221628772, '_a5_': 0.311929708036858, '_a6_': 0.4176813728910564, '_a0_': 1.0, '_a1_': 1.0, '_a3_': 1.0, '_a7_': 1.0}};{'d0': 0.024905832919432533};-276.475521886783;43.14917334073145
14754;-95.0885876026601;((_a2_ + pow2((_a5_ + x))) * ((pow2(_a6_) / (pow2(_a4_) * _a5_)) * x));{'d0': {'_a2_': 0.42839162811126563, '_a4_': 0.4069739221628772, '_a5_': 0.311929708036858, '_a6_': 0.4176813728910564, '_a0_': 1.0, '_a1_': 1.0, '_a3_': 1.0, '_a7_': 1.0}};{'d0': 0.024905832919432533};-276.475521886783;43.14917334073145
14755;-95.0885876026777;((_a2_ + pow2((_a5_ + x))) * ((pow2(_a6_) / (pow2(_a4_) * _a2_)) * x));{'d0': {'_a2_': 0.428391627367173, '_a4_': 0.5140482108402508, '_a5_': 0.31192970766992706, '_a6_': 0.6182647608587276, '_a0_': 1.0, '_a1_': 1.0, '_a3_': 1.0, '_a7_': 1.0}};{'d0': 0.024905832919417923};-276.475521886818;43.14917334073145
14756;-95.0885876026777;((_a2_ + pow2((_a5_ + x))) * ((pow2(_a6_) / (pow2(_a4_) * _a2_)) * x));{'d0': {'_a2_': 0.428391627367173, '_a4_': 0.5140482108402508, '_a5_': 0.31192970766992706, '_a6_': 0.6182647608587276, '_a0_': 1.0, '_a1_': 1.0, '_a3_': 1.0, '_a7_': 1.0}};{'d0': 0.024905832919417923};-276.475521886818;43.14917334073145
14757;-95.9395394423247;((_a2_ + pow2((_a5_ + x))) * ((pow2(_a6_) * (pow2(_a4_) * _a2_)) * x));{'d0': {'_a2_': 0.42839162861221886, '_a4_': 1.4976875005390793, '_a5_': 0.3119297077960391, '_a6_': 1.8745992396084357, '_a0_': 1.0, '_a1_': 1.0, '_a3_': 1.0, '_a7_': 1.0}};{'d0': 0.024905832920495852};-276.475521884222;42.29822149978605
14758;-99.6374739154177;((_a2_ + pow2((_a5_ + x))) * ((pow2(_a6_) * (_a1_ * _a2_)) * x));{'d0': {'_a1_': 1.3134168613686357, '_a2_': 0.42839162731407404, '_a5_': 0.3119297077457073, '_a6_': 2.4497871603162893, '_a0_': 1.0, '_a3_': 1.0, '_a4_': 1.0, '_a7_': 1.0}};{'d0': 0.024905832920094913};-276.475521885187;38.60028702717605
14759;-99.6374739154177;((_a2_ + pow2((_a5_ + x))) * ((pow2(_a6_) * (_a1_ * _a2_)) * x));{'d0': {'_a1_': 1.3134168613686357, '_a2_': 0.42839162731407404, '_a5_': 0.3119297077457073, '_a6_': 2.4497871603162893, '_a0_': 1.0, '_a3_': 1.0, '_a4_': 1.0, '_a7_': 1.0}};{'d0': 0.024905832920094913};-276.475521885187;38.60028702717605
14760;-99.6374739154177;((_a2_ + pow2((_a5_ + x))) * ((pow2(_a6_) * (_a1_ * _a2_)) * x));{'d0': {'_a1_': 1.3134168613686357, '_a2_': 0.42839162731407404, '_a5_': 0.3119297077457073, '_a6_': 2.4497871603162893, '_a0_': 1.0, '_a3_': 1.0, '_a4_': 1.0, '_a7_': 1.0}};{'d0': 0.024905832920094913};-276.475521885187;38.60028702717605
14761;-99.6374739154177;((_a2_ + pow2((_a5_ + x))) * ((pow2(_a6_) * (_a1_ * _a2_)) * x));{'d0': {'_a1_': 1.3134168613686357, '_a2_': 0.42839162731407404, '_a5_': 0.3119297077457073, '_a6_': 2.4497871603162893, '_a0_': 1.0, '_a3_': 1.0, '_a4_': 1.0, '_a7_': 1.0}};{'d0': 0.024905832920094913};-276.475521885187;38.60028702717605
14762;-99.6374739154177;((_a2_ + pow2((_a5_ + x))) * ((pow2(_a6_) * (_a1_ * _a2_)) * x));{'d0': {'_a1_': 1.3134168613686357, '_a2_': 0.42839162731407404, '_a5_': 0.3119297077457073, '_a6_': 2.4497871603162893, '_a0_': 1.0, '_a3_': 1.0, '_a4_': 1.0, '_a7_': 1.0}};{'d0': 0.024905832920094913};-276.475521885187;38.60028702717605
14763;-99.6374739154177;((_a2_ + pow2((_a5_ + x))) * ((pow2(_a6_) * (_a1_ * _a2_)) * x));{'d0': {'_a1_': 1.3134168613686357, '_a2_': 0.42839162731407404, '_a5_': 0.3119297077457073, '_a6_': 2.4497871603162893, '_a0_': 1.0, '_a3_': 1.0, '_a4_': 1.0, '_a7_': 1.0}};{'d0': 0.024905832920094913};-276.475521885187;38.60028702717605
14764;-99.6374739154177;((_a2_ + pow2((_a5_ + x))) * ((pow2(_a6_) * (_a1_ * _a2_)) * x));{'d0': {'_a1_': 1.3134168613686357, '_a2_': 0.42839162731407404, '_a5_': 0.3119297077457073, '_a6_': 2.4497871603162893, '_a0_': 1.0, '_a3_': 1.0, '_a4_': 1.0, '_a7_': 1.0}};{'d0': 0.024905832920094913};-276.475521885187;38.60028702717605
14765;-99.6374739154177;((_a2_ + pow2((_a5_ + x))) * ((pow2(_a6_) * (_a1_ * _a2_)) * x));{'d0': {'_a1_': 1.3134168613686357, '_a2_': 0.42839162731407404, '_a5_': 0.3119297077457073, '_a6_': 2.4497871603162893, '_a0_': 1.0, '_a3_': 1.0, '_a4_': 1.0, '_a7_': 1.0}};{'d0': 0.024905832920094913};-276.475521885187;38.60028702717605
14766;-99.6374739154177;((_a2_ + pow2((_a5_ + x))) * ((pow2(_a6_) * (_a1_ * _a2_)) * x));{'d0': {'_a1_': 1.3134168613686357, '_a2_': 0.42839162731407404, '_a5_': 0.3119297077457073, '_a6_': 2.4497871603162893, '_a0_': 1.0, '_a3_': 1.0, '_a4_': 1.0, '_a7_': 1.0}};{'d0': 0.024905832920094913};-276.475521885187;38.60028702717605
14767;-99.6374739154177;((_a2_ + pow2((_a5_ + x))) * ((pow2(_a6_) * (_a1_ * _a2_)) * x));{'d0': {'_a1_': 1.3134168613686357, '_a2_': 0.42839162731407404, '_a5_': 0.3119297077457073, '_a6_': 2.4497871603162893, '_a0_': 1.0, '_a3_': 1.0, '_a4_': 1.0, '_a7_': 1.0}};{'d0': 0.024905832920094913};-276.475521885187;38.60028702717605
14768;-99.6374739154177;((_a2_ + pow2((_a5_ + x))) * ((pow2(_a6_) * (_a1_ * _a2_)) * x));{'d0': {'_a1_': 1.3134168613686357, '_a2_': 0.42839162731407404, '_a5_': 0.3119297077457073, '_a6_': 2.4497871603162893, '_a0_': 1.0, '_a3_': 1.0, '_a4_': 1.0, '_a7_': 1.0}};{'d0': 0.024905832920094913};-276.475521885187;38.60028702717605
14769;-99.6374739154177;((_a2_ + pow2((_a5_ + x))) * ((pow2(_a6_) * (_a1_ * _a2_)) * x));{'d0': {'_a1_': 1.3134168613686357, '_a2_': 0.42839162731407404, '_a5_': 0.3119297077457073, '_a6_': 2.4497871603162893, '_a0_': 1.0, '_a3_': 1.0, '_a4_': 1.0, '_a7_': 1.0}};{'d0': 0.024905832920094913};-276.475521885187;38.60028702717605
14770;-99.6374739154177;((_a2_ + pow2((_a5_ + x))) * ((pow2(_a6_) * (_a1_ * _a2_)) * x));{'d0': {'_a1_': 1.3134168613686357, '_a2_': 0.42839162731407404, '_a5_': 0.3119297077457073, '_a6_': 2.4497871603162893, '_a0_': 1.0, '_a3_': 1.0, '_a4_': 1.0, '_a7_': 1.0}};{'d0': 0.024905832920094913};-276.475521885187;38.60028702717605
14771;-99.6374739161176;((_a2_ + pow2((_a5_ + x))) * ((pow2(_a6_) * (_a1_ * _a1_)) * x));{'d0': {'_a1_': -0.43773925722781576, '_a2_': 0.4283916277972328, '_a5_': 0.31192970782270046, '_a6_': 4.197924755747883, '_a0_': 1.0, '_a3_': 1.0, '_a4_': 1.0, '_a7_': 1.0}};{'d0': 0.024905832919513794};-276.475521886587;38.60028702717605
14772;-99.6374739161176;((_a2_ + pow2((_a5_ + x))) * ((pow2(_a6_) * (_a1_ * _a1_)) * x));{'d0': {'_a1_': -0.43773925722781576, '_a2_': 0.4283916277972328, '_a5_': 0.31192970782270046, '_a6_': 4.197924755747883, '_a0_': 1.0, '_a3_': 1.0, '_a4_': 1.0, '_a7_': 1.0}};{'d0': 0.024905832919513794};-276.475521886587;38.60028702717605
14773;-99.6374739161176;((_a2_ + pow2((_a5_ + x))) * ((pow2(_a6_) * (_a1_ * _a1_)) * x));{'d0': {'_a1_': -0.43773925722781576, '_a2_': 0.4283916277972328, '_a5_': 0.31192970782270046, '_a6_': 4.197924755747883, '_a0_': 1.0, '_a3_': 1.0, '_a4_': 1.0, '_a7_': 1.0}};{'d0': 0.024905832919513794};-276.475521886587;38.60028702717605
14774;-100.360883458177;((_a2_ + pow2((_a5_ + x))) * (((_a1_ * _a1_) * (_a1_ * _a1_)) * x));{'d0': {'_a1_': -1.3555797632686915, '_a2_': 0.42839162817350235, '_a5_': 0.31192970790674185, '_a0_': 1.0, '_a3_': 1.0, '_a4_': 1.0, '_a6_': 1.0, '_a7_': 1.0}};{'d0': 0.024905832919416594};-280.569866449044;39.92404976634505
14775;-96.6809362979163;((_a2_ + pow2((-(_a6_) + x))) * (((_a1_ * _a1_) * (_a1_ * _a1_)) * x));{'d0': {'_a1_': -1.3555797635108442, '_a2_': 0.4283916275720467, '_a6_': -0.31192970777885715, '_a0_': 1.0, '_a3_': 1.0, '_a4_': 1.0, '_a5_': 1.0, '_a7_': 1.0}};{'d0': 0.02490583291941667};-280.569866449043;43.60399692660544
14776;-96.6809362979163;((_a2_ + pow2((-(_a6_) + x))) * (((_a1_ * _a1_) * (_a1_ * _a1_)) * x));{'d0': {'_a1_': -1.3555797635108442, '_a2_': 0.4283916275720467, '_a6_': -0.31192970777885715, '_a0_': 1.0, '_a3_': 1.0, '_a4_': 1.0, '_a5_': 1.0, '_a7_': 1.0}};{'d0': 0.02490583291941667};-280.569866449043;43.60399692660544
14777;-96.6809362979163;((_a2_ + pow2((-(_a6_) + x))) * (((_a1_ * _a1_) * (_a1_ * _a1_)) * x));{'d0': {'_a1_': -1.3555797635108442, '_a2_': 0.4283916275720467, '_a6_': -0.31192970777885715, '_a0_': 1.0, '_a3_': 1.0, '_a4_': 1.0, '_a5_': 1.0, '_a7_': 1.0}};{'d0': 0.02490583291941667};-280.569866449043;43.60399692660544
14778;-91.5868817998154;((_a2_ + pow2((-(_a6_) + x))) * (((_a1_ * _a1_) * (_a1_ * (_a2_ * _a6_))) * x));{'d0': {'_a1_': -2.9345005687263264, '_a2_': 0.42839162808749626, '_a6_': -0.3119297078289745, '_a0_': 1.0, '_a3_': 1.0, '_a4_': 1.0, '_a5_': 1.0, '_a7_': 1.0}};{'d0': 0.02490583291941656};-280.569866449044;48.69805142470644
14779;-91.5868817998154;((_a2_ + pow2((-(_a6_) + x))) * (((_a1_ * _a1_) * (_a1_ * (_a2_ * _a6_))) * x));{'d0': {'_a1_': -2.9345005687263264, '_a2_': 0.42839162808749626, '_a6_': -0.3119297078289745, '_a0_': 1.0, '_a3_': 1.0, '_a4_': 1.0, '_a5_': 1.0, '_a7_': 1.0}};{'d0': 0.02490583291941656};-280.569866449044;48.69805142470644
14780;-91.5868817998154;((_a2_ + pow2((-(_a6_) + x))) * (((_a1_ * _a1_) * (_a1_ * (_a2_ * _a6_))) * x));{'d0': {'_a1_': -2.9345005687263264, '_a2_': 0.42839162808749626, '_a6_': -0.3119297078289745, '_a0_': 1.0, '_a3_': 1.0, '_a4_': 1.0, '_a5_': 1.0, '_a7_': 1.0}};{'d0': 0.02490583291941656};-280.569866449044;48.69805142470644
14781;-90.0173879518164;((_a2_ + pow2((-(_a6_) + x))) * (((_a1_ * _a1_) ** (_a1_ * (_a2_ * _a6_))) * x));{'d0': {'_a1_': -3.5745371233306322, '_a2_': 0.4283916274346589, '_a6_': -0.3119297076912596, '_a0_': 1.0, '_a3_': 1.0, '_a4_': 1.0, '_a5_': 1.0, '_a7_': 1.0}};{'d0': 0.024905832919416587};-280.569866449044;50.26754527270544
14782;-90.0173879518164;((_a2_ + pow2((-(_a6_) + x))) * (((_a1_ * _a1_) ** (_a1_ * (_a2_ * _a6_))) * x));{'d0': {'_a1_': -3.5745371233306322, '_a2_': 0.4283916274346589, '_a6_': -0.3119297076912596, '_a0_': 1.0, '_a3_': 1.0, '_a4_': 1.0, '_a5_': 1.0, '_a7_': 1.0}};{'d0': 0.024905832919416587};-280.569866449044;50.26754527270544
14783;-104.411319546383;(((pow2((x * _a1_)) + _a1_) + (_a0_ + x)) * (x * _a7_));{'d0': {'_a0_': 2.108711441543131, '_a1_': -1.2660668366482914, '_a7_': 2.106624066629378, '_a2_': 1.0, '_a3_': 1.0, '_a4_': 1.0, '_a5_': 1.0, '_a6_': 1.0}};{'d0': 0.02490583291941663};-280.569866449044;35.87361367813895
14784;-104.411319546383;(((pow2((x * _a1_)) + _a1_) + (_a0_ + x)) * (x * _a7_));{'d0': {'_a0_': 2.108711441543131, '_a1_': -1.2660668366482914, '_a7_': 2.106624066629378, '_a2_': 1.0, '_a3_': 1.0, '_a4_': 1.0, '_a5_': 1.0, '_a6_': 1.0}};{'d0': 0.02490583291941663};-280.569866449044;35.87361367813895
14785;-104.411319546383;(((pow2((x * _a1_)) + _a1_) + (_a0_ + x)) * (x * _a7_));{'d0': {'_a0_': 2.108711441543131, '_a1_': -1.2660668366482914, '_a7_': 2.106624066629378, '_a2_': 1.0, '_a3_': 1.0, '_a4_': 1.0, '_a5_': 1.0, '_a6_': 1.0}};{'d0': 0.02490583291941663};-280.569866449044;35.87361367813895
14786;-104.411319546383;(((pow2((x * _a1_)) + _a1_) + (_a0_ + x)) * (x * _a7_));{'d0': {'_a0_': 2.108711441543131, '_a1_': -1.2660668366482914, '_a7_': 2.106624066629378, '_a2_': 1.0, '_a3_': 1.0, '_a4_': 1.0, '_a5_': 1.0, '_a6_': 1.0}};{'d0': 0.02490583291941663};-280.569866449044;35.87361367813895
14787;-104.411319546383;(((pow2((x * _a1_)) + _a1_) + (_a0_ + x)) * (x * _a7_));{'d0': {'_a0_': 2.108711441543131, '_a1_': -1.2660668366482914, '_a7_': 2.106624066629378, '_a2_': 1.0, '_a3_': 1.0, '_a4_': 1.0, '_a5_': 1.0, '_a6_': 1.0}};{'d0': 0.02490583291941663};-280.569866449044;35.87361367813895
14788;-104.411319546383;(((pow2((x * _a1_)) + _a1_) + (_a0_ + x)) * (x * _a7_));{'d0': {'_a0_': 2.108711441543131, '_a1_': -1.2660668366482914, '_a7_': 2.106624066629378, '_a2_': 1.0, '_a3_': 1.0, '_a4_': 1.0, '_a5_': 1.0, '_a6_': 1.0}};{'d0': 0.02490583291941663};-280.569866449044;35.87361367813895
14789;-104.411319546383;(((pow2((x * _a1_)) + _a1_) + (_a0_ + x)) * (x * _a7_));{'d0': {'_a0_': 2.108711441543131, '_a1_': -1.2660668366482914, '_a7_': 2.106624066629378, '_a2_': 1.0, '_a3_': 1.0, '_a4_': 1.0, '_a5_': 1.0, '_a6_': 1.0}};{'d0': 0.02490583291941663};-280.569866449044;35.87361367813895
14790;-85.6017984699561;((((_a5_ * _a1_) * ((((_a7_ + ((x / _a7_) + x)) / _a1_) * x) + _a7_)) + _a1_) * x);{'d0': {'_a1_': 0.5714033514663135, '_a5_': 1.8142709166420286, '_a7_': 1.1611408464021813, '_a0_': 1.0, '_a2_': 1.0, '_a3_': 1.0, '_a4_': 1.0, '_a6_': 1.0}};{'d0': 0.02490583291941672};-280.569866449043;54.68313475456564
14791;-85.6017984699561;((((_a5_ * _a1_) * ((((_a7_ + ((x / _a7_) + x)) / _a1_) * x) + _a7_)) + _a1_) * x);{'d0': {'_a1_': 0.5714033514663135, '_a5_': 1.8142709166420286, '_a7_': 1.1611408464021813, '_a0_': 1.0, '_a2_': 1.0, '_a3_': 1.0, '_a4_': 1.0, '_a6_': 1.0}};{'d0': 0.02490583291941672};-280.569866449043;54.68313475456564
14792;-85.6017984699561;((((_a5_ * _a1_) * ((((_a7_ + ((x / _a7_) + x)) / _a1_) * x) + _a7_)) + _a1_) * x);{'d0': {'_a1_': 0.5714033514663135, '_a5_': 1.8142709166420286, '_a7_': 1.1611408464021813, '_a0_': 1.0, '_a2_': 1.0, '_a3_': 1.0, '_a4_': 1.0, '_a6_': 1.0}};{'d0': 0.02490583291941672};-280.569866449043;54.68313475456564
14793;-85.6017984699561;((((_a5_ * _a1_) * ((((_a7_ + ((x / _a7_) + x)) / _a1_) * x) + _a7_)) + _a1_) * x);{'d0': {'_a1_': 0.5714033514663135, '_a5_': 1.8142709166420286, '_a7_': 1.1611408464021813, '_a0_': 1.0, '_a2_': 1.0, '_a3_': 1.0, '_a4_': 1.0, '_a6_': 1.0}};{'d0': 0.02490583291941672};-280.569866449043;54.68313475456564
14794;-85.6017984699561;((((_a5_ * _a1_) * ((((_a7_ + ((x / _a7_) + x)) / _a1_) * x) + _a7_)) + _a1_) * x);{'d0': {'_a1_': 0.5714033514663135, '_a5_': 1.8142709166420286, '_a7_': 1.1611408464021813, '_a0_': 1.0, '_a2_': 1.0, '_a3_': 1.0, '_a4_': 1.0, '_a6_': 1.0}};{'d0': 0.02490583291941672};-280.569866449043;54.68313475456564
14795;-85.6017984699560;((((_a5_ * _a1_) * ((((_a7_ + ((x / _a7_) + x)) / _a1_) * x) + _a7_)) + _a5_) * x);{'d0': {'_a1_': -0.01857736355308026, '_a5_': 1.8142709249849194, '_a7_': 1.1611408474097642, '_a0_': 1.0, '_a2_': 1.0, '_a3_': 1.0, '_a4_': 1.0, '_a6_': 1.0}};{'d0': 0.024905832919416747};-280.569866449043;54.68313475456564
14796;-85.6017984699560;((((_a5_ * _a1_) * ((((_a7_ + ((x / _a7_) + x)) / _a1_) * x) + _a7_)) + _a5_) * x);{'d0': {'_a1_': -0.01857736355308026, '_a5_': 1.8142709249849194, '_a7_': 1.1611408474097642, '_a0_': 1.0, '_a2_': 1.0, '_a3_': 1.0, '_a4_': 1.0, '_a6_': 1.0}};{'d0': 0.024905832919416747};-280.569866449043;54.68313475456564
14797;-85.6017984699560;((((_a5_ * _a1_) * ((((_a7_ + ((x / _a7_) + x)) / _a1_) * x) + _a7_)) + _a5_) * x);{'d0': {'_a1_': -0.01857736355308026, '_a5_': 1.8142709249849194, '_a7_': 1.1611408474097642, '_a0_': 1.0, '_a2_': 1.0, '_a3_': 1.0, '_a4_': 1.0, '_a6_': 1.0}};{'d0': 0.024905832919416747};-280.569866449043;54.68313475456564
14798;-85.6017984699560;((((_a5_ * _a1_) * ((((_a7_ + ((x / _a7_) + x)) / _a1_) * x) + _a7_)) + _a5_) * x);{'d0': {'_a1_': -0.01857736355308026, '_a5_': 1.8142709249849194, '_a7_': 1.1611408474097642, '_a0_': 1.0, '_a2_': 1.0, '_a3_': 1.0, '_a4_': 1.0, '_a6_': 1.0}};{'d0': 0.024905832919416747};-280.569866449043;54.68313475456564
14799;-85.6017984699560;((((_a5_ * _a1_) * ((((_a7_ + ((x / _a7_) + x)) / _a1_) * x) + _a7_)) + _a5_) * x);{'d0': {'_a1_': -0.01857736355308026, '_a5_': 1.8142709249849194, '_a7_': 1.1611408474097642, '_a0_': 1.0, '_a2_': 1.0, '_a3_': 1.0, '_a4_': 1.0, '_a6_': 1.0}};{'d0': 0.024905832919416747};-280.569866449043;54.68313475456564
14800;-85.6017984699560;((((_a5_ * _a1_) * ((((_a7_ + ((x / _a7_) + x)) / _a1_) * x) + _a7_)) + _a5_) * x);{'d0': {'_a1_': -0.01857736355308026, '_a5_': 1.8142709249849194, '_a7_': 1.1611408474097642, '_a0_': 1.0, '_a2_': 1.0, '_a3_': 1.0, '_a4_': 1.0, '_a6_': 1.0}};{'d0': 0.024905832919416747};-280.569866449043;54.68313475456564
14801;-85.6017984699560;((((_a5_ * _a1_) * ((((_a7_ + ((x / _a7_) + x)) / _a1_) * x) + _a7_)) + _a5_) * x);{'d0': {'_a1_': -0.01857736355308026, '_a5_': 1.8142709249849194, '_a7_': 1.1611408474097642, '_a0_': 1.0, '_a2_': 1.0, '_a3_': 1.0, '_a4_': 1.0, '_a6_': 1.0}};{'d0': 0.024905832919416747};-280.569866449043;54.68313475456564
14802;-85.6017984699560;((((_a5_ * _a1_) * ((((_a7_ + ((x / _a7_) + x)) / _a1_) * x) + _a7_)) + _a5_) * x);{'d0': {'_a1_': -0.01857736355308026, '_a5_': 1.8142709249849194, '_a7_': 1.1611408474097642, '_a0_': 1.0, '_a2_': 1.0, '_a3_': 1.0, '_a4_': 1.0, '_a6_': 1.0}};{'d0': 0.024905832919416747};-280.569866449043;54.68313475456564
14803;-85.6017984699560;((((_a5_ * _a1_) * ((((_a7_ + ((x / _a7_) + x)) / _a1_) * x) + _a7_)) + _a5_) * x);{'d0': {'_a1_': -0.01857736355308026, '_a5_': 1.8142709249849194, '_a7_': 1.1611408474097642, '_a0_': 1.0, '_a2_': 1.0, '_a3_': 1.0, '_a4_': 1.0, '_a6_': 1.0}};{'d0': 0.024905832919416747};-280.569866449043;54.68313475456564
14804;-85.6017984699560;((((_a5_ * _a1_) * ((((_a7_ + ((x / _a7_) + x)) / _a1_) * x) + _a7_)) + _a5_) * x);{'d0': {'_a1_': -0.01857736355308026, '_a5_': 1.8142709249849194, '_a7_': 1.1611408474097642, '_a0_': 1.0, '_a2_': 1.0, '_a3_': 1.0, '_a4_': 1.0, '_a6_': 1.0}};{'d0': 0.024905832919416747};-280.569866449043;54.68313475456564
14805;-91.4390212781034;((((_a5_ * _a1_) * ((((_a7_ + (x + x)) / _a1_) * x) + _a7_)) + _a5_) * x);{'d0': {'_a1_': 0.04118198610173495, '_a5_': 1.6883804403092184, '_a7_': 1.247718830792188, '_a0_': 1.0, '_a2_': 1.0, '_a3_': 1.0, '_a4_': 1.0, '_a6_': 1.0}};{'d0': 0.024905832919416632};-280.569866449044;48.84591194641844
14806;-92.2176158327267;((((_a5_ * _a1_) * ((((_a7_ + (x + x)) * _a1_) * x) + _a7_)) + _a5_) * x);{'d0': {'_a1_': 1.7349546568513725, '_a5_': 0.5609111252027538, '_a7_': 1.2477188310252154, '_a0_': 1.0, '_a2_': 1.0, '_a3_': 1.0, '_a4_': 1.0, '_a6_': 1.0}};{'d0': 0.02490583291941665};-280.569866449044;48.067317391795044
14807;-92.2176158327267;((((_a5_ * _a1_) * ((((_a7_ + (x + x)) * _a1_) * x) + _a7_)) + _a5_) * x);{'d0': {'_a1_': 1.7349546568513725, '_a5_': 0.5609111252027538, '_a7_': 1.2477188310252154, '_a0_': 1.0, '_a2_': 1.0, '_a3_': 1.0, '_a4_': 1.0, '_a6_': 1.0}};{'d0': 0.02490583291941665};-280.569866449044;48.067317391795044
14808;-92.2176158327267;((((_a5_ * _a1_) * ((((_a7_ + (x + x)) * _a1_) * x) + _a7_)) + _a5_) * x);{'d0': {'_a1_': 1.7349546568513725, '_a5_': 0.5609111252027538, '_a7_': 1.2477188310252154, '_a0_': 1.0, '_a2_': 1.0, '_a3_': 1.0, '_a4_': 1.0, '_a6_': 1.0}};{'d0': 0.02490583291941665};-280.569866449044;48.067317391795044
14809;-92.2176158327267;((((_a5_ * _a1_) * ((((_a7_ + (x + x)) * _a1_) * x) + _a7_)) + _a5_) * x);{'d0': {'_a1_': 1.7349546568513725, '_a5_': 0.5609111252027538, '_a7_': 1.2477188310252154, '_a0_': 1.0, '_a2_': 1.0, '_a3_': 1.0, '_a4_': 1.0, '_a6_': 1.0}};{'d0': 0.02490583291941665};-280.569866449044;48.067317391795044
14810;-92.2176158327267;((((_a5_ * _a1_) * ((((_a7_ + (x + x)) * _a1_) * x) + _a7_)) + _a5_) * x);{'d0': {'_a1_': 1.7349546568513725, '_a5_': 0.5609111252027538, '_a7_': 1.2477188310252154, '_a0_': 1.0, '_a2_': 1.0, '_a3_': 1.0, '_a4_': 1.0, '_a6_': 1.0}};{'d0': 0.02490583291941665};-280.569866449044;48.067317391795044
14811;-92.2176158327267;((((_a5_ * _a1_) * ((((_a7_ + (x + x)) * _a1_) * x) + _a7_)) + _a5_) * x);{'d0': {'_a1_': 1.7349546568513725, '_a5_': 0.5609111252027538, '_a7_': 1.2477188310252154, '_a0_': 1.0, '_a2_': 1.0, '_a3_': 1.0, '_a4_': 1.0, '_a6_': 1.0}};{'d0': 0.02490583291941665};-280.569866449044;48.067317391795044
14812;-92.2176158327267;((((_a5_ * _a1_) * ((((_a7_ + (x + x)) * _a1_) * x) + _a7_)) + _a5_) * x);{'d0': {'_a1_': 1.7349546568513725, '_a5_': 0.5609111252027538, '_a7_': 1.2477188310252154, '_a0_': 1.0, '_a2_': 1.0, '_a3_': 1.0, '_a4_': 1.0, '_a6_': 1.0}};{'d0': 0.02490583291941665};-280.569866449044;48.067317391795044
14813;-92.2176158327267;((((_a5_ * _a1_) * ((((_a7_ + (x + x)) * _a1_) * x) + _a7_)) + _a5_) * x);{'d0': {'_a1_': 1.7349546568513725, '_a5_': 0.5609111252027538, '_a7_': 1.2477188310252154, '_a0_': 1.0, '_a2_': 1.0, '_a3_': 1.0, '_a4_': 1.0, '_a6_': 1.0}};{'d0': 0.02490583291941665};-280.569866449044;48.067317391795044
14814;-92.2176158327267;((((_a5_ * _a1_) * ((((_a7_ + (x + x)) * _a1_) * x) + _a7_)) + _a5_) * x);{'d0': {'_a1_': 1.7349546568513725, '_a5_': 0.5609111252027538, '_a7_': 1.2477188310252154, '_a0_': 1.0, '_a2_': 1.0, '_a3_': 1.0, '_a4_': 1.0, '_a6_': 1.0}};{'d0': 0.02490583291941665};-280.569866449044;48.067317391795044
14815;-92.2176158327267;((((_a5_ * _a1_) * ((((_a7_ + (x + x)) * _a1_) * x) + _a7_)) + _a5_) * x);{'d0': {'_a1_': 1.7349546568513725, '_a5_': 0.5609111252027538, '_a7_': 1.2477188310252154, '_a0_': 1.0, '_a2_': 1.0, '_a3_': 1.0, '_a4_': 1.0, '_a6_': 1.0}};{'d0': 0.02490583291941665};-280.569866449044;48.067317391795044
14816;-92.2176158327267;((((_a5_ * _a1_) * ((((_a7_ + (x + x)) * _a1_) * x) + _a7_)) + _a5_) * x);{'d0': {'_a1_': 1.7349546568513725, '_a5_': 0.5609111252027538, '_a7_': 1.2477188310252154, '_a0_': 1.0, '_a2_': 1.0, '_a3_': 1.0, '_a4_': 1.0, '_a6_': 1.0}};{'d0': 0.02490583291941665};-280.569866449044;48.067317391795044
14817;-92.2176158327267;((((_a5_ * _a1_) * ((((_a7_ + (x + x)) * _a1_) * x) + _a7_)) + _a5_) * x);{'d0': {'_a1_': 1.7349546568513725, '_a5_': 0.5609111252027538, '_a7_': 1.2477188310252154, '_a0_': 1.0, '_a2_': 1.0, '_a3_': 1.0, '_a4_': 1.0, '_a6_': 1.0}};{'d0': 0.02490583291941665};-280.569866449044;48.067317391795044
14818;-92.2176158327267;((((_a5_ * _a1_) * ((((_a7_ + (x + x)) * _a1_) * x) + _a7_)) + _a5_) * x);{'d0': {'_a1_': 1.7349546568513725, '_a5_': 0.5609111252027538, '_a7_': 1.2477188310252154, '_a0_': 1.0, '_a2_': 1.0, '_a3_': 1.0, '_a4_': 1.0, '_a6_': 1.0}};{'d0': 0.02490583291941665};-280.569866449044;48.067317391795044
14819;-92.2176158327267;((((_a5_ * _a1_) * ((((_a7_ + (x + x)) * _a1_) * x) + _a7_)) + _a5_) * x);{'d0': {'_a1_': 1.7349546568513725, '_a5_': 0.5609111252027538, '_a7_': 1.2477188310252154, '_a0_': 1.0, '_a2_': 1.0, '_a3_': 1.0, '_a4_': 1.0, '_a6_': 1.0}};{'d0': 0.02490583291941665};-280.569866449044;48.067317391795044
14820;-92.2176158327267;((((_a5_ * _a1_) * ((((_a7_ + (x + x)) * _a1_) * x) + _a7_)) + _a5_) * x);{'d0': {'_a1_': 1.7349546568513725, '_a5_': 0.5609111252027538, '_a7_': 1.2477188310252154, '_a0_': 1.0, '_a2_': 1.0, '_a3_': 1.0, '_a4_': 1.0, '_a6_': 1.0}};{'d0': 0.02490583291941665};-280.569866449044;48.067317391795044
14821;-92.2176158327267;((((_a5_ * _a1_) * ((((_a7_ + (x + x)) * _a1_) * x) + _a7_)) + _a5_) * x);{'d0': {'_a1_': 1.7349546568513725, '_a5_': 0.5609111252027538, '_a7_': 1.2477188310252154, '_a0_': 1.0, '_a2_': 1.0, '_a3_': 1.0, '_a4_': 1.0, '_a6_': 1.0}};{'d0': 0.02490583291941665};-280.569866449044;48.067317391795044
14822;-92.2176158327267;((((_a5_ * _a1_) * ((((_a7_ + (x + x)) * _a1_) * x) + _a7_)) + _a5_) * x);{'d0': {'_a1_': 1.7349546568513725, '_a5_': 0.5609111252027538, '_a7_': 1.2477188310252154, '_a0_': 1.0, '_a2_': 1.0, '_a3_': 1.0, '_a4_': 1.0, '_a6_': 1.0}};{'d0': 0.02490583291941665};-280.569866449044;48.067317391795044
14823;-92.2176158327267;((((_a5_ * _a1_) * ((((_a7_ + (x + x)) * _a1_) * x) + _a7_)) + _a5_) * x);{'d0': {'_a1_': 1.7349546568513725, '_a5_': 0.5609111252027538, '_a7_': 1.2477188310252154, '_a0_': 1.0, '_a2_': 1.0, '_a3_': 1.0, '_a4_': 1.0, '_a6_': 1.0}};{'d0': 0.02490583291941665};-280.569866449044;48.067317391795044
14824;-92.2176158327267;((((_a5_ * _a1_) * ((((_a7_ + (x + x)) * _a1_) * x) + _a7_)) + _a5_) * x);{'d0': {'_a1_': 1.7349546568513725, '_a5_': 0.5609111252027538, '_a7_': 1.2477188310252154, '_a0_': 1.0, '_a2_': 1.0, '_a3_': 1.0, '_a4_': 1.0, '_a6_': 1.0}};{'d0': 0.02490583291941665};-280.569866449044;48.067317391795044
14825;-92.2176158327268;((((_a5_ * _a1_) * ((((_a7_ + (_a7_ + x)) * _a1_) * x) + _a7_)) + _a5_) * x);{'d0': {'_a1_': 1.7074568859037709, '_a5_': 1.1582460157682657, '_a7_': 0.31192970755712035, '_a0_': 1.0, '_a2_': 1.0, '_a3_': 1.0, '_a4_': 1.0, '_a6_': 1.0}};{'d0': 0.024905832919416608};-280.569866449044;48.067317391795044
14826;-97.2393130445057;(((_a1_ * ((((_a7_ + (_a7_ + x)) * _a1_) * x) + _a7_)) + _a5_) * x);{'d0': {'_a1_': 1.8375964950912134, '_a5_': 1.2019344665250589, '_a7_': 0.3119297078175516, '_a0_': 1.0, '_a2_': 1.0, '_a3_': 1.0, '_a4_': 1.0, '_a6_': 1.0}};{'d0': 0.024905832919416657};-280.569866449044;43.045620180016044
14827;-97.2393130445057;(((_a1_ * ((((_a7_ + (_a7_ + x)) * _a1_) * x) + _a7_)) + _a5_) * x);{'d0': {'_a1_': 1.8375964950912134, '_a5_': 1.2019344665250589, '_a7_': 0.3119297078175516, '_a0_': 1.0, '_a2_': 1.0, '_a3_': 1.0, '_a4_': 1.0, '_a6_': 1.0}};{'d0': 0.024905832919416657};-280.569866449044;43.045620180016044
14828;-97.2393130445057;(((_a1_ * ((((_a7_ + (_a7_ + x)) * _a1_) * x) + _a7_)) + _a5_) * x);{'d0': {'_a1_': 1.8375964950912134, '_a5_': 1.2019344665250589, '_a7_': 0.3119297078175516, '_a0_': 1.0, '_a2_': 1.0, '_a3_': 1.0, '_a4_': 1.0, '_a6_': 1.0}};{'d0': 0.024905832919416657};-280.569866449044;43.045620180016044
14829;-97.2393130445057;(((_a1_ * ((((_a7_ + (_a7_ + x)) * _a1_) * x) + _a7_)) + _a5_) * x);{'d0': {'_a1_': 1.8375964950912134, '_a5_': 1.2019344665250589, '_a7_': 0.3119297078175516, '_a0_': 1.0, '_a2_': 1.0, '_a3_': 1.0, '_a4_': 1.0, '_a6_': 1.0}};{'d0': 0.024905832919416657};-280.569866449044;43.045620180016044
14830;-97.2393130445057;(((_a1_ * ((((_a7_ + (_a7_ + x)) * _a1_) * x) + _a7_)) + _a5_) * x);{'d0': {'_a1_': 1.8375964950912134, '_a5_': 1.2019344665250589, '_a7_': 0.3119297078175516, '_a0_': 1.0, '_a2_': 1.0, '_a3_': 1.0, '_a4_': 1.0, '_a6_': 1.0}};{'d0': 0.024905832919416657};-280.569866449044;43.045620180016044
14831;-97.2393130445057;(((_a1_ * ((((_a7_ + (_a7_ + x)) * _a1_) * x) + _a7_)) + _a5_) * x);{'d0': {'_a1_': 1.8375964950912134, '_a5_': 1.2019344665250589, '_a7_': 0.3119297078175516, '_a0_': 1.0, '_a2_': 1.0, '_a3_': 1.0, '_a4_': 1.0, '_a6_': 1.0}};{'d0': 0.024905832919416657};-280.569866449044;43.045620180016044
14832;-97.2393130445057;(((_a1_ * ((((_a7_ + (_a7_ + x)) * _a1_) * x) + _a7_)) + _a5_) * x);{'d0': {'_a1_': 1.8375964950912134, '_a5_': 1.2019344665250589, '_a7_': 0.3119297078175516, '_a0_': 1.0, '_a2_': 1.0, '_a3_': 1.0, '_a4_': 1.0, '_a6_': 1.0}};{'d0': 0.024905832919416657};-280.569866449044;43.045620180016044
14833;-97.2393130445057;(((_a1_ * ((((_a7_ + (_a7_ + x)) * _a1_) * x) + _a7_)) + _a5_) * x);{'d0': {'_a1_': 1.8375964950912134, '_a5_': 1.2019344665250589, '_a7_': 0.3119297078175516, '_a0_': 1.0, '_a2_': 1.0, '_a3_': 1.0, '_a4_': 1.0, '_a6_': 1.0}};{'d0': 0.024905832919416657};-280.569866449044;43.045620180016044
14834;-97.2393130445057;(((_a1_ * ((((_a7_ + (_a7_ + x)) * _a1_) * x) + _a7_)) + _a5_) * x);{'d0': {'_a1_': 1.8375964950912134, '_a5_': 1.2019344665250589, '_a7_': 0.3119297078175516, '_a0_': 1.0, '_a2_': 1.0, '_a3_': 1.0, '_a4_': 1.0, '_a6_': 1.0}};{'d0': 0.024905832919416657};-280.569866449044;43.045620180016044
14835;-97.2393130445057;(((_a1_ * ((((_a7_ + (_a7_ + x)) * _a1_) * x) + _a7_)) + _a5_) * x);{'d0': {'_a1_': 1.8375964950912134, '_a5_': 1.2019344665250589, '_a7_': 0.3119297078175516, '_a0_': 1.0, '_a2_': 1.0, '_a3_': 1.0, '_a4_': 1.0, '_a6_': 1.0}};{'d0': 0.024905832919416657};-280.569866449044;43.045620180016044
14836;-95.1921407630919;(((_a1_ * ((((_a7_ + (_a7_ + x)) * _a1_) * x) + _a6_)) + _a5_) * x);{'d0': {'_a1_': 1.8375965229517937, '_a5_': 575.1112286414577, '_a6_': -312.00325311667876, '_a7_': 0.31192972047421036, '_a0_': 1.0, '_a2_': 1.0, '_a3_': 1.0, '_a4_': 1.0}};{'d0': 0.024905832919668077};-276.475521886216;43.045620180016044
14837;-88.1680752430348;(((_a1_ * ((((_a7_ + (_a7_ + x)) * _a1_) * x) + abs(_a3_))) + _a5_) * x);{'d0': {'_a1_': -1.8375965010769149, '_a3_': -80.73012712308955, '_a5_': 150.12453451150245, '_a7_': 0.31192970741048914, '_a0_': 1.0, '_a2_': 1.0, '_a4_': 1.0, '_a6_': 1.0}};{'d0': 0.024905832919424827};-276.475521886802;50.069685700366044
14838;-88.1680752430348;(((_a1_ * ((((_a7_ + (_a7_ + x)) * _a1_) * x) + abs(_a3_))) + _a5_) * x);{'d0': {'_a1_': -1.8375965010769149, '_a3_': -80.73012712308955, '_a5_': 150.12453451150245, '_a7_': 0.31192970741048914, '_a0_': 1.0, '_a2_': 1.0, '_a4_': 1.0, '_a6_': 1.0}};{'d0': 0.024905832919424827};-276.475521886802;50.069685700366044
14839;-94.0886762920737;(((_a1_ * ((((_a7_ + x) * _a1_) * x) + abs(_a3_))) + _a5_) * x);{'d0': {'_a1_': -1.837596495913602, '_a3_': -65.32870619184064, '_a5_': 121.82293699337643, '_a7_': 0.6238594171137877, '_a0_': 1.0, '_a2_': 1.0, '_a4_': 1.0, '_a6_': 1.0}};{'d0': 0.024905832919417465};-276.475521886819;44.14908465133605
14840;-94.0886762920737;(((_a1_ * ((((_a7_ + x) * _a1_) * x) + abs(_a3_))) + _a5_) * x);{'d0': {'_a1_': -1.837596495913602, '_a3_': -65.32870619184064, '_a5_': 121.82293699337643, '_a7_': 0.6238594171137877, '_a0_': 1.0, '_a2_': 1.0, '_a4_': 1.0, '_a6_': 1.0}};{'d0': 0.024905832919417465};-276.475521886819;44.14908465133605
14841;-94.0886762920737;(((_a1_ * ((((_a7_ + x) * _a1_) * x) + abs(_a3_))) + _a5_) * x);{'d0': {'_a1_': -1.837596495913602, '_a3_': -65.32870619184064, '_a5_': 121.82293699337643, '_a7_': 0.6238594171137877, '_a0_': 1.0, '_a2_': 1.0, '_a4_': 1.0, '_a6_': 1.0}};{'d0': 0.024905832919417465};-276.475521886819;44.14908465133605
14842;-94.2089855626729;(((_a1_ * ((((_a7_ + x) * _a1_) * x) / abs(_a3_))) + _a5_) * x);{'d0': {'_a1_': 2320.8747752614563, '_a3_': 1595154.155176154, '_a5_': 1.7751354043246073, '_a7_': 0.6238594156078133, '_a0_': 1.0, '_a2_': 1.0, '_a4_': 1.0, '_a6_': 1.0}};{'d0': 0.024905832929403352};-276.475521862763;44.028775368708445
14843;-94.2089855626729;(((_a1_ * ((((_a7_ + x) * _a1_) * x) / abs(_a3_))) + _a5_) * x);{'d0': {'_a1_': 2320.8747752614563, '_a3_': 1595154.155176154, '_a5_': 1.7751354043246073, '_a7_': 0.6238594156078133, '_a0_': 1.0, '_a2_': 1.0, '_a4_': 1.0, '_a6_': 1.0}};{'d0': 0.024905832929403352};-276.475521862763;44.028775368708445
14844;-94.2089855626729;(((_a1_ * ((((_a7_ + x) * _a1_) * x) / abs(_a3_))) + _a5_) * x);{'d0': {'_a1_': 2320.8747752614563, '_a3_': 1595154.155176154, '_a5_': 1.7751354043246073, '_a7_': 0.6238594156078133, '_a0_': 1.0, '_a2_': 1.0, '_a4_': 1.0, '_a6_': 1.0}};{'d0': 0.024905832929403352};-276.475521862763;44.028775368708445
14845;-94.2089855626729;(((_a1_ * ((((_a7_ + x) * _a1_) * x) / abs(_a3_))) + _a5_) * x);{'d0': {'_a1_': 2320.8747752614563, '_a3_': 1595154.155176154, '_a5_': 1.7751354043246073, '_a7_': 0.6238594156078133, '_a0_': 1.0, '_a2_': 1.0, '_a4_': 1.0, '_a6_': 1.0}};{'d0': 0.024905832929403352};-276.475521862763;44.028775368708445
14846;-94.2089855626729;(((_a1_ * ((((_a7_ + x) * _a1_) * x) / abs(_a3_))) + _a5_) * x);{'d0': {'_a1_': 2320.8747752614563, '_a3_': 1595154.155176154, '_a5_': 1.7751354043246073, '_a7_': 0.6238594156078133, '_a0_': 1.0, '_a2_': 1.0, '_a4_': 1.0, '_a6_': 1.0}};{'d0': 0.024905832929403352};-276.475521862763;44.028775368708445
14847;-94.2089855626729;(((_a1_ * ((((_a7_ + x) * _a1_) * x) / abs(_a3_))) + _a5_) * x);{'d0': {'_a1_': 2320.8747752614563, '_a3_': 1595154.155176154, '_a5_': 1.7751354043246073, '_a7_': 0.6238594156078133, '_a0_': 1.0, '_a2_': 1.0, '_a4_': 1.0, '_a6_': 1.0}};{'d0': 0.024905832929403352};-276.475521862763;44.028775368708445
14848;-94.2089855626729;(((_a1_ * ((((_a7_ + x) * _a1_) * x) / abs(_a3_))) + _a5_) * x);{'d0': {'_a1_': 2320.8747752614563, '_a3_': 1595154.155176154, '_a5_': 1.7751354043246073, '_a7_': 0.6238594156078133, '_a0_': 1.0, '_a2_': 1.0, '_a4_': 1.0, '_a6_': 1.0}};{'d0': 0.024905832929403352};-276.475521862763;44.028775368708445
14849;-94.2089855626729;(((_a1_ * ((((_a7_ + x) * _a1_) * x) / abs(_a3_))) + _a5_) * x);{'d0': {'_a1_': 2320.8747752614563, '_a3_': 1595154.155176154, '_a5_': 1.7751354043246073, '_a7_': 0.6238594156078133, '_a0_': 1.0, '_a2_': 1.0, '_a4_': 1.0, '_a6_': 1.0}};{'d0': 0.024905832929403352};-276.475521862763;44.028775368708445
14850;-94.2089855626729;(((_a1_ * ((((_a7_ + x) * _a1_) * x) / abs(_a3_))) + _a5_) * x);{'d0': {'_a1_': 2320.8747752614563, '_a3_': 1595154.155176154, '_a5_': 1.7751354043246073, '_a7_': 0.6238594156078133, '_a0_': 1.0, '_a2_': 1.0, '_a4_': 1.0, '_a6_': 1.0}};{'d0': 0.024905832929403352};-276.475521862763;44.028775368708445
14851;-94.2089855626729;(((_a1_ * ((((_a7_ + x) * _a1_) * x) / abs(_a3_))) + _a5_) * x);{'d0': {'_a1_': 2320.8747752614563, '_a3_': 1595154.155176154, '_a5_': 1.7751354043246073, '_a7_': 0.6238594156078133, '_a0_': 1.0, '_a2_': 1.0, '_a4_': 1.0, '_a6_': 1.0}};{'d0': 0.024905832929403352};-276.475521862763;44.028775368708445
14852;-94.2089855626729;(((_a1_ * ((((_a7_ + x) * _a1_) * x) / abs(_a3_))) + _a5_) * x);{'d0': {'_a1_': 2320.8747752614563, '_a3_': 1595154.155176154, '_a5_': 1.7751354043246073, '_a7_': 0.6238594156078133, '_a0_': 1.0, '_a2_': 1.0, '_a4_': 1.0, '_a6_': 1.0}};{'d0': 0.024905832929403352};-276.475521862763;44.028775368708445
14853;-94.2089855626729;(((_a1_ * ((((_a7_ + x) * _a1_) * x) / abs(_a3_))) + _a5_) * x);{'d0': {'_a1_': 2320.8747752614563, '_a3_': 1595154.155176154, '_a5_': 1.7751354043246073, '_a7_': 0.6238594156078133, '_a0_': 1.0, '_a2_': 1.0, '_a4_': 1.0, '_a6_': 1.0}};{'d0': 0.024905832929403352};-276.475521862763;44.028775368708445
14854;-94.2089855626729;(((_a1_ * ((((_a7_ + x) * _a1_) * x) / abs(_a3_))) + _a5_) * x);{'d0': {'_a1_': 2320.8747752614563, '_a3_': 1595154.155176154, '_a5_': 1.7751354043246073, '_a7_': 0.6238594156078133, '_a0_': 1.0, '_a2_': 1.0, '_a4_': 1.0, '_a6_': 1.0}};{'d0': 0.024905832929403352};-276.475521862763;44.028775368708445
14855;-94.2089855626729;(((_a1_ * ((((_a7_ + x) * _a1_) * x) / abs(_a3_))) + _a5_) * x);{'d0': {'_a1_': 2320.8747752614563, '_a3_': 1595154.155176154, '_a5_': 1.7751354043246073, '_a7_': 0.6238594156078133, '_a0_': 1.0, '_a2_': 1.0, '_a4_': 1.0, '_a6_': 1.0}};{'d0': 0.024905832929403352};-276.475521862763;44.028775368708445
14856;-92.1618132934571;(((_a1_ * ((((_a7_ + x) * _a6_) * x) / abs(_a3_))) + _a5_) * x);{'d0': {'_a1_': 5542271.049236036, '_a3_': 3905406355.431195, '_a5_': 1.7751354038841847, '_a6_': 2379.46226742675, '_a7_': 0.6238594154145329, '_a0_': 1.0, '_a2_': 1.0, '_a4_': 1.0}};{'d0': 0.02490583291952799};-272.381177324331;44.028775368708445
14857;-92.1618132934571;(((_a1_ * ((((_a7_ + x) * _a6_) * x) / abs(_a3_))) + _a5_) * x);{'d0': {'_a1_': 5542271.049236036, '_a3_': 3905406355.431195, '_a5_': 1.7751354038841847, '_a6_': 2379.46226742675, '_a7_': 0.6238594154145329, '_a0_': 1.0, '_a2_': 1.0, '_a4_': 1.0}};{'d0': 0.02490583291952799};-272.381177324331;44.028775368708445
14858;-92.1618132934571;(((_a1_ * ((((_a7_ + x) * _a6_) * x) / abs(_a3_))) + _a5_) * x);{'d0': {'_a1_': 5542271.049236036, '_a3_': 3905406355.431195, '_a5_': 1.7751354038841847, '_a6_': 2379.46226742675, '_a7_': 0.6238594154145329, '_a0_': 1.0, '_a2_': 1.0, '_a4_': 1.0}};{'d0': 0.02490583291952799};-272.381177324331;44.028775368708445
14859;-92.1618132934571;(((_a1_ * ((((_a7_ + x) * _a6_) * x) / abs(_a3_))) + _a5_) * x);{'d0': {'_a1_': 5542271.049236036, '_a3_': 3905406355.431195, '_a5_': 1.7751354038841847, '_a6_': 2379.46226742675, '_a7_': 0.6238594154145329, '_a0_': 1.0, '_a2_': 1.0, '_a4_': 1.0}};{'d0': 0.02490583291952799};-272.381177324331;44.028775368708445
14860;-93.8451172152432;(((_a1_ * ((((_a7_ + x) * _a6_) * x) / abs(_a6_))) + _a5_) * x);{'d0': {'_a1_': 3.3985699266195297, '_a5_': 1.774257992172715, '_a6_': 4178.875708616093, '_a7_': 0.6238594152198589, '_a0_': 1.0, '_a2_': 1.0, '_a3_': 1.0, '_a4_': 1.0}};{'d0': 0.025209753798951486};-275.747785167903;44.028775368708445
14861;-93.8451172152432;(((_a1_ * ((((_a7_ + x) * _a6_) * x) / abs(_a6_))) + _a5_) * x);{'d0': {'_a1_': 3.3985699266195297, '_a5_': 1.774257992172715, '_a6_': 4178.875708616093, '_a7_': 0.6238594152198589, '_a0_': 1.0, '_a2_': 1.0, '_a3_': 1.0, '_a4_': 1.0}};{'d0': 0.025209753798951486};-275.747785167903;44.028775368708445
14862;-93.8451172152432;(((_a1_ * ((((_a7_ + x) * _a6_) * x) / abs(_a6_))) + _a5_) * x);{'d0': {'_a1_': 3.3985699266195297, '_a5_': 1.774257992172715, '_a6_': 4178.875708616093, '_a7_': 0.6238594152198589, '_a0_': 1.0, '_a2_': 1.0, '_a3_': 1.0, '_a4_': 1.0}};{'d0': 0.025209753798951486};-275.747785167903;44.028775368708445
14863;-93.8451172152432;(((_a1_ * ((((_a7_ + x) * _a6_) * x) / abs(_a6_))) + _a5_) * x);{'d0': {'_a1_': 3.3985699266195297, '_a5_': 1.774257992172715, '_a6_': 4178.875708616093, '_a7_': 0.6238594152198589, '_a0_': 1.0, '_a2_': 1.0, '_a3_': 1.0, '_a4_': 1.0}};{'d0': 0.025209753798951486};-275.747785167903;44.028775368708445
14864;-88.8429174400288;(((_a1_ * ((((exp(_a3_) + x) * _a6_) * x) / abs(_a6_))) + _a5_) * x);{'d0': {'_a1_': 3.376760851944185, '_a3_': -0.471830215383326, '_a5_': 1.7751354074393462, '_a6_': 713253501336.8066, '_a0_': 1.0, '_a2_': 1.0, '_a4_': 1.0, '_a7_': 1.0}};{'d0': 0.02490583291942789};-276.475521886794;49.39484350336844
14865;-100.649409095945;(((pow2(((x + _a2_) * (_a3_ ** _a3_))) + _a5_) ** _a0_) * x);{'d0': {'_a0_': 1.1384871028527512, '_a2_': 0.31029640233628697, '_a3_': 1.4162802476424434, '_a5_': 1.3918296324442851, '_a1_': 1.0, '_a4_': 1.0, '_a6_': 1.0, '_a7_': 1.0}};{'d0': 0.02423851431463557};-278.105071556238;38.403126682174005
14866;-100.649409095945;(((pow2(((x + _a2_) * (_a3_ ** _a3_))) + _a5_) ** _a0_) * x);{'d0': {'_a0_': 1.1384871028527512, '_a2_': 0.31029640233628697, '_a3_': 1.4162802476424434, '_a5_': 1.3918296324442851, '_a1_': 1.0, '_a4_': 1.0, '_a6_': 1.0, '_a7_': 1.0}};{'d0': 0.02423851431463557};-278.105071556238;38.403126682174005
14867;-100.649409095945;(((pow2(((x + _a2_) * (_a3_ ** _a3_))) + _a5_) ** _a0_) * x);{'d0': {'_a0_': 1.1384871028527512, '_a2_': 0.31029640233628697, '_a3_': 1.4162802476424434, '_a5_': 1.3918296324442851, '_a1_': 1.0, '_a4_': 1.0, '_a6_': 1.0, '_a7_': 1.0}};{'d0': 0.02423851431463557};-278.105071556238;38.403126682174005
14868;-100.649409095945;(((pow2(((x + _a2_) * (_a3_ ** _a3_))) + _a5_) ** _a0_) * x);{'d0': {'_a0_': 1.1384871028527512, '_a2_': 0.31029640233628697, '_a3_': 1.4162802476424434, '_a5_': 1.3918296324442851, '_a1_': 1.0, '_a4_': 1.0, '_a6_': 1.0, '_a7_': 1.0}};{'d0': 0.02423851431463557};-278.105071556238;38.403126682174005
14869;-100.649409095945;(((pow2(((x + _a2_) * (_a3_ ** _a3_))) + _a5_) ** _a0_) * x);{'d0': {'_a0_': 1.1384871028527512, '_a2_': 0.31029640233628697, '_a3_': 1.4162802476424434, '_a5_': 1.3918296324442851, '_a1_': 1.0, '_a4_': 1.0, '_a6_': 1.0, '_a7_': 1.0}};{'d0': 0.02423851431463557};-278.105071556238;38.403126682174005
14870;-100.649409095945;(((pow2(((x + _a2_) * (_a3_ ** _a3_))) + _a5_) ** _a0_) * x);{'d0': {'_a0_': 1.1384871028527512, '_a2_': 0.31029640233628697, '_a3_': 1.4162802476424434, '_a5_': 1.3918296324442851, '_a1_': 1.0, '_a4_': 1.0, '_a6_': 1.0, '_a7_': 1.0}};{'d0': 0.02423851431463557};-278.105071556238;38.403126682174005
14871;-89.1872883629233;(((_a1_ * (((((_a5_ * _a2_) + x) * _a6_) * x) / abs(_a6_))) + _a5_) * x);{'d0': {'_a1_': -3.376760879301897, '_a2_': 0.35144328375800704, '_a5_': 1.7751354039856457, '_a6_': -1.328547642221584e+27, '_a0_': 1.0, '_a3_': 1.0, '_a4_': 1.0, '_a7_': 1.0}};{'d0': 0.024905832919416657};-276.475521886821;49.050472580487444
14872;-89.1872883629233;(((_a1_ * (((((_a5_ * _a2_) + x) * _a6_) * x) / abs(_a6_))) + _a5_) * x);{'d0': {'_a1_': -3.376760879301897, '_a2_': 0.35144328375800704, '_a5_': 1.7751354039856457, '_a6_': -1.328547642221584e+27, '_a0_': 1.0, '_a3_': 1.0, '_a4_': 1.0, '_a7_': 1.0}};{'d0': 0.024905832919416657};-276.475521886821;49.050472580487444
14873;-100.649409095945;(((pow2(((x + _a2_) * (_a3_ ** _a3_))) + _a5_) ** _a0_) * x);{'d0': {'_a0_': 1.1384871028527512, '_a2_': 0.31029640233628697, '_a3_': 1.4162802476424434, '_a5_': 1.3918296324442851, '_a1_': 1.0, '_a4_': 1.0, '_a6_': 1.0, '_a7_': 1.0}};{'d0': 0.02423851431463557};-278.105071556238;38.403126682174005
14874;-100.649409095945;(((pow2(((x + _a2_) * (_a3_ ** _a3_))) + _a5_) ** _a0_) * x);{'d0': {'_a0_': 1.1384871028527512, '_a2_': 0.31029640233628697, '_a3_': 1.4162802476424434, '_a5_': 1.3918296324442851, '_a1_': 1.0, '_a4_': 1.0, '_a6_': 1.0, '_a7_': 1.0}};{'d0': 0.02423851431463557};-278.105071556238;38.403126682174005
14875;-100.649409095945;(((pow2(((x + _a2_) * (_a3_ ** _a3_))) + _a5_) ** _a0_) * x);{'d0': {'_a0_': 1.1384871028527512, '_a2_': 0.31029640233628697, '_a3_': 1.4162802476424434, '_a5_': 1.3918296324442851, '_a1_': 1.0, '_a4_': 1.0, '_a6_': 1.0, '_a7_': 1.0}};{'d0': 0.02423851431463557};-278.105071556238;38.403126682174005
14876;-100.649409095945;(((pow2(((x + _a2_) * (_a3_ ** _a3_))) + _a5_) ** _a0_) * x);{'d0': {'_a0_': 1.1384871028527512, '_a2_': 0.31029640233628697, '_a3_': 1.4162802476424434, '_a5_': 1.3918296324442851, '_a1_': 1.0, '_a4_': 1.0, '_a6_': 1.0, '_a7_': 1.0}};{'d0': 0.02423851431463557};-278.105071556238;38.403126682174005
14877;-100.649409095945;(((pow2(((x + _a2_) * (_a3_ ** _a3_))) + _a5_) ** _a0_) * x);{'d0': {'_a0_': 1.1384871028527512, '_a2_': 0.31029640233628697, '_a3_': 1.4162802476424434, '_a5_': 1.3918296324442851, '_a1_': 1.0, '_a4_': 1.0, '_a6_': 1.0, '_a7_': 1.0}};{'d0': 0.02423851431463557};-278.105071556238;38.403126682174005
14878;-100.649409095945;(((pow2(((x + _a2_) * (_a3_ ** _a3_))) + _a5_) ** _a0_) * x);{'d0': {'_a0_': 1.1384871028527512, '_a2_': 0.31029640233628697, '_a3_': 1.4162802476424434, '_a5_': 1.3918296324442851, '_a1_': 1.0, '_a4_': 1.0, '_a6_': 1.0, '_a7_': 1.0}};{'d0': 0.02423851431463557};-278.105071556238;38.403126682174005
14879;-100.649409095945;(((pow2(((x + _a2_) * (_a3_ ** _a3_))) + _a5_) ** _a0_) * x);{'d0': {'_a0_': 1.1384871028527512, '_a2_': 0.31029640233628697, '_a3_': 1.4162802476424434, '_a5_': 1.3918296324442851, '_a1_': 1.0, '_a4_': 1.0, '_a6_': 1.0, '_a7_': 1.0}};{'d0': 0.02423851431463557};-278.105071556238;38.403126682174005
14880;-94.8491173296383;(((pow2(((x + _a2_) * (_a3_ ** _a3_))) + _a5_) ** (_a1_ / _a3_)) * x);{'d0': {'_a1_': 1.6124150826730577, '_a2_': 0.3102964234604532, '_a3_': 1.416281502140941, '_a5_': 1.391830399269487, '_a0_': 1.0, '_a4_': 1.0, '_a6_': 1.0, '_a7_': 1.0}};{'d0': 0.024238514314558375};-278.105071556429;44.20341844857641
14881;-94.6337640141683;((_a3_ * ((_a3_ * x) * (_a4_ + pow2(((_a0_ + x) * -(_a4_)))))) * _a7_);{'d0': {'_a0_': 0.31192970777564405, '_a3_': 0.7794067721924813, '_a4_': 2.334312656860559, '_a7_': 1.0201260530255363, '_a1_': 1.0, '_a2_': 1.0, '_a5_': 1.0, '_a6_': 1.0}};{'d0': 0.024905832921605996};-276.475521881547;43.60399692660537
14882;-94.8491173296383;(((pow2(((x + _a2_) * (_a3_ ** _a3_))) + _a5_) ** (_a1_ / _a3_)) * x);{'d0': {'_a1_': 1.6124150826730577, '_a2_': 0.3102964234604532, '_a3_': 1.416281502140941, '_a5_': 1.391830399269487, '_a0_': 1.0, '_a4_': 1.0, '_a6_': 1.0, '_a7_': 1.0}};{'d0': 0.024238514314558375};-278.105071556429;44.20341844857641
14883;-94.8491173296383;(((pow2(((x + _a2_) * (_a3_ ** _a3_))) + _a5_) ** (_a1_ / _a3_)) * x);{'d0': {'_a1_': 1.6124150826730577, '_a2_': 0.3102964234604532, '_a3_': 1.416281502140941, '_a5_': 1.391830399269487, '_a0_': 1.0, '_a4_': 1.0, '_a6_': 1.0, '_a7_': 1.0}};{'d0': 0.024238514314558375};-278.105071556429;44.20341844857641
14884;-94.8491173296383;(((pow2(((x + _a2_) * (_a3_ ** _a3_))) + _a5_) ** (_a1_ / _a3_)) * x);{'d0': {'_a1_': 1.6124150826730577, '_a2_': 0.3102964234604532, '_a3_': 1.416281502140941, '_a5_': 1.391830399269487, '_a0_': 1.0, '_a4_': 1.0, '_a6_': 1.0, '_a7_': 1.0}};{'d0': 0.024238514314558375};-278.105071556429;44.20341844857641
14885;-94.8491173296383;(((pow2(((x + _a2_) * (_a3_ ** _a3_))) + _a5_) ** (_a1_ / _a3_)) * x);{'d0': {'_a1_': 1.6124150826730577, '_a2_': 0.3102964234604532, '_a3_': 1.416281502140941, '_a5_': 1.391830399269487, '_a0_': 1.0, '_a4_': 1.0, '_a6_': 1.0, '_a7_': 1.0}};{'d0': 0.024238514314558375};-278.105071556429;44.20341844857641
14886;-94.8491173296383;(((pow2(((x + _a2_) * (_a3_ ** _a3_))) + _a5_) ** (_a1_ / _a3_)) * x);{'d0': {'_a1_': 1.6124150826730577, '_a2_': 0.3102964234604532, '_a3_': 1.416281502140941, '_a5_': 1.391830399269487, '_a0_': 1.0, '_a4_': 1.0, '_a6_': 1.0, '_a7_': 1.0}};{'d0': 0.024238514314558375};-278.105071556429;44.20341844857641
14887;-94.8491173296383;(((pow2(((x + _a2_) * (_a3_ ** _a3_))) + _a5_) ** (_a1_ / _a3_)) * x);{'d0': {'_a1_': 1.6124150826730577, '_a2_': 0.3102964234604532, '_a3_': 1.416281502140941, '_a5_': 1.391830399269487, '_a0_': 1.0, '_a4_': 1.0, '_a6_': 1.0, '_a7_': 1.0}};{'d0': 0.024238514314558375};-278.105071556429;44.20341844857641
14888;-95.4582508044416;(((pow2(((x + _a2_) * (_a3_ ** _a3_))) + _a5_) ** (_a5_ / _a3_)) * x);{'d0': {'_a2_': 0.3126118599224518, '_a3_': 1.5251377476324524, '_a5_': 1.4667057143688118, '_a0_': 1.0, '_a1_': 1.0, '_a4_': 1.0, '_a6_': 1.0, '_a7_': 1.0}};{'d0': 0.025428675541223224};-279.323338506036;44.20341844857641
14889;-95.4582508044416;(((pow2(((x + _a2_) * (_a3_ ** _a3_))) + _a5_) ** (_a5_ / _a3_)) * x);{'d0': {'_a2_': 0.3126118599224518, '_a3_': 1.5251377476324524, '_a5_': 1.4667057143688118, '_a0_': 1.0, '_a1_': 1.0, '_a4_': 1.0, '_a6_': 1.0, '_a7_': 1.0}};{'d0': 0.025428675541223224};-279.323338506036;44.20341844857641
14890;-95.4582508044416;(((pow2(((x + _a2_) * (_a3_ ** _a3_))) + _a5_) ** (_a5_ / _a3_)) * x);{'d0': {'_a2_': 0.3126118599224518, '_a3_': 1.5251377476324524, '_a5_': 1.4667057143688118, '_a0_': 1.0, '_a1_': 1.0, '_a4_': 1.0, '_a6_': 1.0, '_a7_': 1.0}};{'d0': 0.025428675541223224};-279.323338506036;44.20341844857641
14891;-95.4582508044416;(((pow2(((x + _a2_) * (_a3_ ** _a3_))) + _a5_) ** (_a5_ / _a3_)) * x);{'d0': {'_a2_': 0.3126118599224518, '_a3_': 1.5251377476324524, '_a5_': 1.4667057143688118, '_a0_': 1.0, '_a1_': 1.0, '_a4_': 1.0, '_a6_': 1.0, '_a7_': 1.0}};{'d0': 0.025428675541223224};-279.323338506036;44.20341844857641
14892;-95.4582508044416;(((pow2(((x + _a2_) * (_a3_ ** _a3_))) + _a5_) ** (_a5_ / _a3_)) * x);{'d0': {'_a2_': 0.3126118599224518, '_a3_': 1.5251377476324524, '_a5_': 1.4667057143688118, '_a0_': 1.0, '_a1_': 1.0, '_a4_': 1.0, '_a6_': 1.0, '_a7_': 1.0}};{'d0': 0.025428675541223224};-279.323338506036;44.20341844857641
14893;-95.4582508044416;(((pow2(((x + _a2_) * (_a3_ ** _a3_))) + _a5_) ** (_a5_ / _a3_)) * x);{'d0': {'_a2_': 0.3126118599224518, '_a3_': 1.5251377476324524, '_a5_': 1.4667057143688118, '_a0_': 1.0, '_a1_': 1.0, '_a4_': 1.0, '_a6_': 1.0, '_a7_': 1.0}};{'d0': 0.025428675541223224};-279.323338506036;44.20341844857641
14894;-95.4582508044416;(((pow2(((x + _a2_) * (_a3_ ** _a3_))) + _a5_) ** (_a5_ / _a3_)) * x);{'d0': {'_a2_': 0.3126118599224518, '_a3_': 1.5251377476324524, '_a5_': 1.4667057143688118, '_a0_': 1.0, '_a1_': 1.0, '_a4_': 1.0, '_a6_': 1.0, '_a7_': 1.0}};{'d0': 0.025428675541223224};-279.323338506036;44.20341844857641
14895;-95.4582508044416;(((pow2(((x + _a2_) * (_a3_ ** _a3_))) + _a5_) ** (_a5_ / _a3_)) * x);{'d0': {'_a2_': 0.3126118599224518, '_a3_': 1.5251377476324524, '_a5_': 1.4667057143688118, '_a0_': 1.0, '_a1_': 1.0, '_a4_': 1.0, '_a6_': 1.0, '_a7_': 1.0}};{'d0': 0.025428675541223224};-279.323338506036;44.20341844857641
14896;-95.4582508044416;(((pow2(((x + _a2_) * (_a3_ ** _a3_))) + _a5_) ** (_a5_ / _a3_)) * x);{'d0': {'_a2_': 0.3126118599224518, '_a3_': 1.5251377476324524, '_a5_': 1.4667057143688118, '_a0_': 1.0, '_a1_': 1.0, '_a4_': 1.0, '_a6_': 1.0, '_a7_': 1.0}};{'d0': 0.025428675541223224};-279.323338506036;44.20341844857641
14897;-95.4582508044416;(((pow2(((x + _a2_) * (_a3_ ** _a3_))) + _a5_) ** (_a5_ / _a3_)) * x);{'d0': {'_a2_': 0.3126118599224518, '_a3_': 1.5251377476324524, '_a5_': 1.4667057143688118, '_a0_': 1.0, '_a1_': 1.0, '_a4_': 1.0, '_a6_': 1.0, '_a7_': 1.0}};{'d0': 0.025428675541223224};-279.323338506036;44.20341844857641
14898;-88.9285162806107;(((pow2(((x + _a2_) * (_a3_ ** _a3_))) + _a5_) ** (_a5_ / (_a5_ + _a4_))) * x);{'d0': {'_a2_': 0.31029642263276613, '_a3_': 1.4162814547738292, '_a4_': -0.16930182677098057, '_a5_': 1.3918303704178974, '_a0_': 1.0, '_a1_': 1.0, '_a6_': 1.0, '_a7_': 1.0}};{'d0': 0.024238514314556463};-278.105071556434;50.124019497606405
14899;-88.9285162806107;(((pow2(((x + _a2_) * (_a3_ ** _a3_))) + _a5_) ** (_a5_ / (_a5_ + _a4_))) * x);{'d0': {'_a2_': 0.31029642263276613, '_a3_': 1.4162814547738292, '_a4_': -0.16930182677098057, '_a5_': 1.3918303704178974, '_a0_': 1.0, '_a1_': 1.0, '_a6_': 1.0, '_a7_': 1.0}};{'d0': 0.024238514314556463};-278.105071556434;50.124019497606405
14900;-88.9285162806107;(((pow2(((x + _a2_) * (_a3_ ** _a3_))) + _a5_) ** (_a5_ / (_a5_ + _a4_))) * x);{'d0': {'_a2_': 0.31029642263276613, '_a3_': 1.4162814547738292, '_a4_': -0.16930182677098057, '_a5_': 1.3918303704178974, '_a0_': 1.0, '_a1_': 1.0, '_a6_': 1.0, '_a7_': 1.0}};{'d0': 0.024238514314556463};-278.105071556434;50.124019497606405
14901;-88.9285162806107;(((pow2(((x + _a2_) * (_a3_ ** _a3_))) + _a5_) ** (_a5_ / (_a5_ + _a4_))) * x);{'d0': {'_a2_': 0.31029642263276613, '_a3_': 1.4162814547738292, '_a4_': -0.16930182677098057, '_a5_': 1.3918303704178974, '_a0_': 1.0, '_a1_': 1.0, '_a6_': 1.0, '_a7_': 1.0}};{'d0': 0.024238514314556463};-278.105071556434;50.124019497606405
14902;-88.9285162806107;(((pow2(((x + _a2_) * (_a3_ ** _a3_))) + _a5_) ** (_a5_ / (_a5_ + _a4_))) * x);{'d0': {'_a2_': 0.31029642263276613, '_a3_': 1.4162814547738292, '_a4_': -0.16930182677098057, '_a5_': 1.3918303704178974, '_a0_': 1.0, '_a1_': 1.0, '_a6_': 1.0, '_a7_': 1.0}};{'d0': 0.024238514314556463};-278.105071556434;50.124019497606405
14903;-88.9285162806107;(((pow2(((x + _a2_) * (_a3_ ** _a3_))) + _a5_) ** (_a5_ / (_a5_ + _a4_))) * x);{'d0': {'_a2_': 0.31029642263276613, '_a3_': 1.4162814547738292, '_a4_': -0.16930182677098057, '_a5_': 1.3918303704178974, '_a0_': 1.0, '_a1_': 1.0, '_a6_': 1.0, '_a7_': 1.0}};{'d0': 0.024238514314556463};-278.105071556434;50.124019497606405
14904;-90.7603352488865;((_a7_ * ((_a3_ * x) * ((_a3_ + x) + pow2(((_a0_ + x) * -(_a3_)))))) * _a7_);{'d0': {'_a0_': 0.19255835062431592, '_a3_': 2.0466092680423764, '_a7_': 0.6276214084693911, '_a1_': 1.0, '_a2_': 1.0, '_a4_': 1.0, '_a5_': 1.0, '_a6_': 1.0}};{'d0': 0.024905832919416657};-280.569866449044;49.524597975635366
14905;-90.7603352488865;((_a7_ * ((_a3_ * x) * ((_a3_ + x) + pow2(((_a0_ + x) * -(_a3_)))))) * _a7_);{'d0': {'_a0_': 0.19255835062431592, '_a3_': 2.0466092680423764, '_a7_': 0.6276214084693911, '_a1_': 1.0, '_a2_': 1.0, '_a4_': 1.0, '_a5_': 1.0, '_a6_': 1.0}};{'d0': 0.024905832919416657};-280.569866449044;49.524597975635366
14906;-90.7603352488865;((_a7_ * ((_a3_ * x) * ((_a3_ + x) + pow2(((_a0_ + x) * -(_a3_)))))) * _a7_);{'d0': {'_a0_': 0.19255835062431592, '_a3_': 2.0466092680423764, '_a7_': 0.6276214084693911, '_a1_': 1.0, '_a2_': 1.0, '_a4_': 1.0, '_a5_': 1.0, '_a6_': 1.0}};{'d0': 0.024905832919416657};-280.569866449044;49.524597975635366
14907;-90.7603352488865;((_a7_ * ((_a3_ * x) * ((_a3_ + x) + pow2(((_a0_ + x) * -(_a3_)))))) * _a7_);{'d0': {'_a0_': 0.19255835062431592, '_a3_': 2.0466092680423764, '_a7_': 0.6276214084693911, '_a1_': 1.0, '_a2_': 1.0, '_a4_': 1.0, '_a5_': 1.0, '_a6_': 1.0}};{'d0': 0.024905832919416657};-280.569866449044;49.524597975635366
14908;-90.7603352488865;((_a7_ * ((_a3_ * x) * ((_a3_ + x) + pow2(((_a0_ + x) * -(_a3_)))))) * _a7_);{'d0': {'_a0_': 0.19255835062431592, '_a3_': 2.0466092680423764, '_a7_': 0.6276214084693911, '_a1_': 1.0, '_a2_': 1.0, '_a4_': 1.0, '_a5_': 1.0, '_a6_': 1.0}};{'d0': 0.024905832919416657};-280.569866449044;49.524597975635366
14909;-90.7603352488865;((_a7_ * ((_a3_ * x) * ((_a3_ + x) + pow2(((_a0_ + x) * -(_a3_)))))) * _a7_);{'d0': {'_a0_': 0.19255835062431592, '_a3_': 2.0466092680423764, '_a7_': 0.6276214084693911, '_a1_': 1.0, '_a2_': 1.0, '_a4_': 1.0, '_a5_': 1.0, '_a6_': 1.0}};{'d0': 0.024905832919416657};-280.569866449044;49.524597975635366
14910;-90.7603352488865;((_a7_ * ((_a3_ * x) * ((_a3_ + x) + pow2(((_a0_ + x) * -(_a3_)))))) * _a7_);{'d0': {'_a0_': 0.19255835062431592, '_a3_': 2.0466092680423764, '_a7_': 0.6276214084693911, '_a1_': 1.0, '_a2_': 1.0, '_a4_': 1.0, '_a5_': 1.0, '_a6_': 1.0}};{'d0': 0.024905832919416657};-280.569866449044;49.524597975635366
14911;-90.7603352488865;((_a7_ * ((_a3_ * x) * ((_a3_ + x) + pow2(((_a0_ + x) * -(_a3_)))))) * _a7_);{'d0': {'_a0_': 0.19255835062431592, '_a3_': 2.0466092680423764, '_a7_': 0.6276214084693911, '_a1_': 1.0, '_a2_': 1.0, '_a4_': 1.0, '_a5_': 1.0, '_a6_': 1.0}};{'d0': 0.024905832919416657};-280.569866449044;49.524597975635366
14912;-104.058817930787;(((_a1_ * ((((_a1_ + x) * _a5_) * x) * _a0_)) + _a5_) * x);{'d0': {'_a0_': 3.0491731574445597, '_a1_': 0.6238594154505316, '_a5_': 1.7751354039471805, '_a2_': 1.0, '_a3_': 1.0, '_a4_': 1.0, '_a6_': 1.0, '_a7_': 1.0}};{'d0': 0.024905832919416636};-280.569866449044;36.22611529373504
14913;-104.058817930787;(((_a1_ * ((((_a1_ + x) * _a5_) * x) * _a0_)) + _a5_) * x);{'d0': {'_a0_': 3.0491731574445597, '_a1_': 0.6238594154505316, '_a5_': 1.7751354039471805, '_a2_': 1.0, '_a3_': 1.0, '_a4_': 1.0, '_a6_': 1.0, '_a7_': 1.0}};{'d0': 0.024905832919416636};-280.569866449044;36.22611529373504
14914;-104.058817930787;(((_a1_ * ((((_a1_ + x) * _a5_) * x) * _a0_)) + _a5_) * x);{'d0': {'_a0_': 3.0491731574445597, '_a1_': 0.6238594154505316, '_a5_': 1.7751354039471805, '_a2_': 1.0, '_a3_': 1.0, '_a4_': 1.0, '_a6_': 1.0, '_a7_': 1.0}};{'d0': 0.024905832919416636};-280.569866449044;36.22611529373504
14915;-104.058817930787;(((_a1_ * ((((_a1_ + x) * _a5_) * x) * _a0_)) + _a5_) * x);{'d0': {'_a0_': 3.0491731574445597, '_a1_': 0.6238594154505316, '_a5_': 1.7751354039471805, '_a2_': 1.0, '_a3_': 1.0, '_a4_': 1.0, '_a6_': 1.0, '_a7_': 1.0}};{'d0': 0.024905832919416636};-280.569866449044;36.22611529373504
14916;-104.058817930787;(((_a1_ * ((((_a1_ + x) * _a5_) * x) * _a0_)) + _a5_) * x);{'d0': {'_a0_': 3.0491731574445597, '_a1_': 0.6238594154505316, '_a5_': 1.7751354039471805, '_a2_': 1.0, '_a3_': 1.0, '_a4_': 1.0, '_a6_': 1.0, '_a7_': 1.0}};{'d0': 0.024905832919416636};-280.569866449044;36.22611529373504
14917;-104.058817930787;(((_a1_ * ((((_a1_ + x) * _a5_) * x) * _a0_)) + _a5_) * x);{'d0': {'_a0_': 3.0491731574445597, '_a1_': 0.6238594154505316, '_a5_': 1.7751354039471805, '_a2_': 1.0, '_a3_': 1.0, '_a4_': 1.0, '_a6_': 1.0, '_a7_': 1.0}};{'d0': 0.024905832919416636};-280.569866449044;36.22611529373504
14918;-104.058817930787;(((_a1_ * ((((_a1_ + x) * _a5_) * x) * _a0_)) + _a5_) * x);{'d0': {'_a0_': 3.0491731574445597, '_a1_': 0.6238594154505316, '_a5_': 1.7751354039471805, '_a2_': 1.0, '_a3_': 1.0, '_a4_': 1.0, '_a6_': 1.0, '_a7_': 1.0}};{'d0': 0.024905832919416636};-280.569866449044;36.22611529373504
14919;-104.058817930787;(((_a1_ * ((((_a1_ + x) * _a5_) * x) * _a0_)) + _a5_) * x);{'d0': {'_a0_': 3.0491731574445597, '_a1_': 0.6238594154505316, '_a5_': 1.7751354039471805, '_a2_': 1.0, '_a3_': 1.0, '_a4_': 1.0, '_a6_': 1.0, '_a7_': 1.0}};{'d0': 0.024905832919416636};-280.569866449044;36.22611529373504
14920;-104.058817930787;(((_a1_ * ((((_a1_ + x) * _a5_) * x) * _a0_)) + _a5_) * x);{'d0': {'_a0_': 3.0491731574445597, '_a1_': 0.6238594154505316, '_a5_': 1.7751354039471805, '_a2_': 1.0, '_a3_': 1.0, '_a4_': 1.0, '_a6_': 1.0, '_a7_': 1.0}};{'d0': 0.024905832919416636};-280.569866449044;36.22611529373504
14921;-104.058817930787;(((_a1_ * ((((_a1_ + x) * _a5_) * x) * _a0_)) + _a5_) * x);{'d0': {'_a0_': 3.0491731574445597, '_a1_': 0.6238594154505316, '_a5_': 1.7751354039471805, '_a2_': 1.0, '_a3_': 1.0, '_a4_': 1.0, '_a6_': 1.0, '_a7_': 1.0}};{'d0': 0.024905832919416636};-280.569866449044;36.22611529373504
14922;-104.058817930787;(((_a1_ * ((((_a1_ + x) * _a5_) * x) * _a0_)) + _a5_) * x);{'d0': {'_a0_': 3.0491731574445597, '_a1_': 0.6238594154505316, '_a5_': 1.7751354039471805, '_a2_': 1.0, '_a3_': 1.0, '_a4_': 1.0, '_a6_': 1.0, '_a7_': 1.0}};{'d0': 0.024905832919416636};-280.569866449044;36.22611529373504
14923;-104.058817930787;(((_a1_ * ((((_a1_ + x) * _a5_) * x) * _a0_)) + _a5_) * x);{'d0': {'_a0_': 3.0491731574445597, '_a1_': 0.6238594154505316, '_a5_': 1.7751354039471805, '_a2_': 1.0, '_a3_': 1.0, '_a4_': 1.0, '_a6_': 1.0, '_a7_': 1.0}};{'d0': 0.024905832919416636};-280.569866449044;36.22611529373504
14924;-104.058817930787;(((_a1_ * ((((_a1_ + x) * _a5_) * x) * _a0_)) + _a5_) * x);{'d0': {'_a0_': 3.0491731574445597, '_a1_': 0.6238594154505316, '_a5_': 1.7751354039471805, '_a2_': 1.0, '_a3_': 1.0, '_a4_': 1.0, '_a6_': 1.0, '_a7_': 1.0}};{'d0': 0.024905832919416636};-280.569866449044;36.22611529373504
14925;-104.058817930787;(((_a1_ * ((((_a1_ + x) * _a5_) * x) * _a0_)) + _a5_) * x);{'d0': {'_a0_': 3.0491731574445597, '_a1_': 0.6238594154505316, '_a5_': 1.7751354039471805, '_a2_': 1.0, '_a3_': 1.0, '_a4_': 1.0, '_a6_': 1.0, '_a7_': 1.0}};{'d0': 0.024905832919416636};-280.569866449044;36.22611529373504
14926;-104.058817930787;(((_a1_ * ((((_a1_ + x) * _a5_) * x) * _a0_)) + _a5_) * x);{'d0': {'_a0_': 3.0491731574445597, '_a1_': 0.6238594154505316, '_a5_': 1.7751354039471805, '_a2_': 1.0, '_a3_': 1.0, '_a4_': 1.0, '_a6_': 1.0, '_a7_': 1.0}};{'d0': 0.024905832919416636};-280.569866449044;36.22611529373504
14927;-104.058817930787;(((_a1_ * ((((_a1_ + x) * _a5_) * x) * _a0_)) + _a5_) * x);{'d0': {'_a0_': 3.0491731574445597, '_a1_': 0.6238594154505316, '_a5_': 1.7751354039471805, '_a2_': 1.0, '_a3_': 1.0, '_a4_': 1.0, '_a6_': 1.0, '_a7_': 1.0}};{'d0': 0.024905832919416636};-280.569866449044;36.22611529373504
14928;-103.280223376163;(((_a1_ * ((((_a1_ + x) / _a5_) * x) * _a0_)) + _a5_) * x);{'d0': {'_a0_': 9.608266924193027, '_a1_': 0.623859415723517, '_a5_': 1.7751354046799845, '_a2_': 1.0, '_a3_': 1.0, '_a4_': 1.0, '_a6_': 1.0, '_a7_': 1.0}};{'d0': 0.02490583291941663};-280.569866449044;37.00470984835844
14929;-104.058817930787;(((_a1_ * ((((_a1_ + x) * _a5_) * x) * _a0_)) + _a5_) * x);{'d0': {'_a0_': 3.0491731574445597, '_a1_': 0.6238594154505316, '_a5_': 1.7751354039471805, '_a2_': 1.0, '_a3_': 1.0, '_a4_': 1.0, '_a6_': 1.0, '_a7_': 1.0}};{'d0': 0.024905832919416636};-280.569866449044;36.22611529373504
14930;-104.058817930787;(((_a1_ * ((((_a1_ + x) * _a5_) * x) * _a0_)) + _a5_) * x);{'d0': {'_a0_': 3.0491731574445597, '_a1_': 0.6238594154505316, '_a5_': 1.7751354039471805, '_a2_': 1.0, '_a3_': 1.0, '_a4_': 1.0, '_a6_': 1.0, '_a7_': 1.0}};{'d0': 0.024905832919416636};-280.569866449044;36.22611529373504
14931;-104.058817930787;(((_a1_ * ((((_a1_ + x) * _a5_) * x) * _a0_)) + _a5_) * x);{'d0': {'_a0_': 3.0491731574445597, '_a1_': 0.6238594154505316, '_a5_': 1.7751354039471805, '_a2_': 1.0, '_a3_': 1.0, '_a4_': 1.0, '_a6_': 1.0, '_a7_': 1.0}};{'d0': 0.024905832919416636};-280.569866449044;36.22611529373504
14932;-104.058817930787;(((_a1_ * ((((_a1_ + x) * _a5_) * x) * _a0_)) + _a5_) * x);{'d0': {'_a0_': 3.0491731574445597, '_a1_': 0.6238594154505316, '_a5_': 1.7751354039471805, '_a2_': 1.0, '_a3_': 1.0, '_a4_': 1.0, '_a6_': 1.0, '_a7_': 1.0}};{'d0': 0.024905832919416636};-280.569866449044;36.22611529373504
14933;-104.058817930787;(((_a1_ * ((((_a1_ + x) * _a5_) * x) * _a0_)) + _a5_) * x);{'d0': {'_a0_': 3.0491731574445597, '_a1_': 0.6238594154505316, '_a5_': 1.7751354039471805, '_a2_': 1.0, '_a3_': 1.0, '_a4_': 1.0, '_a6_': 1.0, '_a7_': 1.0}};{'d0': 0.024905832919416636};-280.569866449044;36.22611529373504
14934;-104.058817930787;(((_a1_ * ((((_a1_ + x) * _a5_) * x) * _a0_)) + _a5_) * x);{'d0': {'_a0_': 3.0491731574445597, '_a1_': 0.6238594154505316, '_a5_': 1.7751354039471805, '_a2_': 1.0, '_a3_': 1.0, '_a4_': 1.0, '_a6_': 1.0, '_a7_': 1.0}};{'d0': 0.024905832919416636};-280.569866449044;36.22611529373504
14935;-104.058817930787;(((_a1_ * ((((_a1_ + x) * _a5_) * x) * _a0_)) + _a5_) * x);{'d0': {'_a0_': 3.0491731574445597, '_a1_': 0.6238594154505316, '_a5_': 1.7751354039471805, '_a2_': 1.0, '_a3_': 1.0, '_a4_': 1.0, '_a6_': 1.0, '_a7_': 1.0}};{'d0': 0.024905832919416636};-280.569866449044;36.22611529373504
14936;-104.058817930787;(((_a1_ * ((((_a1_ + x) * _a5_) * x) * _a0_)) + _a5_) * x);{'d0': {'_a0_': 3.0491731574445597, '_a1_': 0.6238594154505316, '_a5_': 1.7751354039471805, '_a2_': 1.0, '_a3_': 1.0, '_a4_': 1.0, '_a6_': 1.0, '_a7_': 1.0}};{'d0': 0.024905832919416636};-280.569866449044;36.22611529373504
14937;-108.292635771929;(((pow2(((x + _a2_) / _a1_)) + _a5_) + _a2_) * x);{'d0': {'_a1_': -0.5441891093905228, '_a2_': 0.31192970775478424, '_a5_': 1.1346463815829049, '_a0_': 1.0, '_a3_': 1.0, '_a4_': 1.0, '_a6_': 1.0, '_a7_': 1.0}};{'d0': 0.024905832919416615};-280.569866449044;31.992297452593412
14938;-109.288302185518;(((pow2(((x + _a2_) * _a1_)) + _a5_) + _a2_) * x);{'d0': {'_a1_': 1.8375964951515118, '_a2_': 0.3119297077492775, '_a5_': 1.1346463812943028, '_a0_': 1.0, '_a3_': 1.0, '_a4_': 1.0, '_a6_': 1.0, '_a7_': 1.0}};{'d0': 0.024905832919416657};-280.569866449044;30.99663103900401
14939;-109.288302185518;(((pow2(((x + _a2_) * _a1_)) + _a5_) + _a2_) * x);{'d0': {'_a1_': 1.8375964951515118, '_a2_': 0.3119297077492775, '_a5_': 1.1346463812943028, '_a0_': 1.0, '_a3_': 1.0, '_a4_': 1.0, '_a6_': 1.0, '_a7_': 1.0}};{'d0': 0.024905832919416657};-280.569866449044;30.99663103900401
14940;-104.058817930787;(((_a1_ * ((((_a1_ + x) * _a5_) * x) * _a0_)) + _a5_) * x);{'d0': {'_a0_': 3.0491731574445597, '_a1_': 0.6238594154505316, '_a5_': 1.7751354039471805, '_a2_': 1.0, '_a3_': 1.0, '_a4_': 1.0, '_a6_': 1.0, '_a7_': 1.0}};{'d0': 0.024905832919416636};-280.569866449044;36.22611529373504
14941;-104.058817930787;(((_a1_ * ((((_a1_ + x) * _a5_) * x) * _a0_)) + _a5_) * x);{'d0': {'_a0_': 3.0491731574445597, '_a1_': 0.6238594154505316, '_a5_': 1.7751354039471805, '_a2_': 1.0, '_a3_': 1.0, '_a4_': 1.0, '_a6_': 1.0, '_a7_': 1.0}};{'d0': 0.024905832919416636};-280.569866449044;36.22611529373504
14942;-104.058817930787;(((_a1_ * ((((_a1_ + x) * _a5_) * x) * _a0_)) + _a5_) * x);{'d0': {'_a0_': 3.0491731574445597, '_a1_': 0.6238594154505316, '_a5_': 1.7751354039471805, '_a2_': 1.0, '_a3_': 1.0, '_a4_': 1.0, '_a6_': 1.0, '_a7_': 1.0}};{'d0': 0.024905832919416636};-280.569866449044;36.22611529373504
14943;-104.058817930787;(((_a1_ * ((((_a1_ + x) * _a5_) * x) * _a0_)) + _a5_) * x);{'d0': {'_a0_': 3.0491731574445597, '_a1_': 0.6238594154505316, '_a5_': 1.7751354039471805, '_a2_': 1.0, '_a3_': 1.0, '_a4_': 1.0, '_a6_': 1.0, '_a7_': 1.0}};{'d0': 0.024905832919416636};-280.569866449044;36.22611529373504
14944;-104.058817930787;(((_a1_ * ((((_a1_ + x) * _a5_) * x) * _a0_)) + _a5_) * x);{'d0': {'_a0_': 3.0491731574445597, '_a1_': 0.6238594154505316, '_a5_': 1.7751354039471805, '_a2_': 1.0, '_a3_': 1.0, '_a4_': 1.0, '_a6_': 1.0, '_a7_': 1.0}};{'d0': 0.024905832919416636};-280.569866449044;36.22611529373504
14945;-109.288302185518;(((pow2(((x + _a2_) * _a1_)) + _a5_) + _a2_) * x);{'d0': {'_a1_': 1.8375964951515118, '_a2_': 0.3119297077492775, '_a5_': 1.1346463812943028, '_a0_': 1.0, '_a3_': 1.0, '_a4_': 1.0, '_a6_': 1.0, '_a7_': 1.0}};{'d0': 0.024905832919416657};-280.569866449044;30.99663103900401
14946;-109.288302185518;(((pow2(((x + _a2_) * _a1_)) + _a5_) + _a2_) * x);{'d0': {'_a1_': 1.8375964951515118, '_a2_': 0.3119297077492775, '_a5_': 1.1346463812943028, '_a0_': 1.0, '_a3_': 1.0, '_a4_': 1.0, '_a6_': 1.0, '_a7_': 1.0}};{'d0': 0.024905832919416657};-280.569866449044;30.99663103900401
14947;-108.292635771929;(((pow2(((x + _a2_) / _a1_)) + _a5_) + _a2_) * x);{'d0': {'_a1_': -0.5441891093905228, '_a2_': 0.31192970775478424, '_a5_': 1.1346463815829049, '_a0_': 1.0, '_a3_': 1.0, '_a4_': 1.0, '_a6_': 1.0, '_a7_': 1.0}};{'d0': 0.024905832919416615};-280.569866449044;31.992297452593412
14948;-108.292635771929;(((pow2(((x + _a2_) / _a1_)) + _a5_) + _a2_) * x);{'d0': {'_a1_': -0.5441891093905228, '_a2_': 0.31192970775478424, '_a5_': 1.1346463815829049, '_a0_': 1.0, '_a3_': 1.0, '_a4_': 1.0, '_a6_': 1.0, '_a7_': 1.0}};{'d0': 0.024905832919416615};-280.569866449044;31.992297452593412
14949;-108.292635771929;(((pow2(((x + _a2_) / _a1_)) + _a5_) + x) * x);{'d0': {'_a1_': -0.5441891094950569, '_a2_': 0.1638588143560394, '_a5_': 1.6844703504307452, '_a0_': 1.0, '_a3_': 1.0, '_a4_': 1.0, '_a6_': 1.0, '_a7_': 1.0}};{'d0': 0.02490583291941665};-280.569866449044;31.992297452593412
14950;-108.292635771929;(((pow2(((x + _a2_) / _a1_)) + _a5_) + x) * x);{'d0': {'_a1_': -0.5441891094950569, '_a2_': 0.1638588143560394, '_a5_': 1.6844703504307452, '_a0_': 1.0, '_a3_': 1.0, '_a4_': 1.0, '_a6_': 1.0, '_a7_': 1.0}};{'d0': 0.02490583291941665};-280.569866449044;31.992297452593412
14951;-108.292635771929;(((pow2(((x + _a2_) / _a1_)) + _a5_) + x) * x);{'d0': {'_a1_': -0.5441891094950569, '_a2_': 0.1638588143560394, '_a5_': 1.6844703504307452, '_a0_': 1.0, '_a3_': 1.0, '_a4_': 1.0, '_a6_': 1.0, '_a7_': 1.0}};{'d0': 0.02490583291941665};-280.569866449044;31.992297452593412
14952;-108.292635771929;(((pow2(((x + _a2_) / _a1_)) + _a5_) + x) * x);{'d0': {'_a1_': -0.5441891094950569, '_a2_': 0.1638588143560394, '_a5_': 1.6844703504307452, '_a0_': 1.0, '_a3_': 1.0, '_a4_': 1.0, '_a6_': 1.0, '_a7_': 1.0}};{'d0': 0.02490583291941665};-280.569866449044;31.992297452593412
14953;-108.292635771929;(((pow2(((x + _a2_) / _a1_)) + _a5_) + x) * x);{'d0': {'_a1_': -0.5441891094950569, '_a2_': 0.1638588143560394, '_a5_': 1.6844703504307452, '_a0_': 1.0, '_a3_': 1.0, '_a4_': 1.0, '_a6_': 1.0, '_a7_': 1.0}};{'d0': 0.02490583291941665};-280.569866449044;31.992297452593412
14954;-108.292635771929;(((pow2(((x + _a2_) / _a1_)) + _a5_) + x) * x);{'d0': {'_a1_': -0.5441891094950569, '_a2_': 0.1638588143560394, '_a5_': 1.6844703504307452, '_a0_': 1.0, '_a3_': 1.0, '_a4_': 1.0, '_a6_': 1.0, '_a7_': 1.0}};{'d0': 0.02490583291941665};-280.569866449044;31.992297452593412
14955;-108.292635771929;(((pow2(((x + _a2_) / _a1_)) + _a5_) + x) * x);{'d0': {'_a1_': -0.5441891094950569, '_a2_': 0.1638588143560394, '_a5_': 1.6844703504307452, '_a0_': 1.0, '_a3_': 1.0, '_a4_': 1.0, '_a6_': 1.0, '_a7_': 1.0}};{'d0': 0.02490583291941665};-280.569866449044;31.992297452593412
14956;-108.292635771929;(((pow2(((x + _a2_) / _a1_)) + _a5_) + x) * x);{'d0': {'_a1_': -0.5441891094950569, '_a2_': 0.1638588143560394, '_a5_': 1.6844703504307452, '_a0_': 1.0, '_a3_': 1.0, '_a4_': 1.0, '_a6_': 1.0, '_a7_': 1.0}};{'d0': 0.02490583291941665};-280.569866449044;31.992297452593412
14957;-108.292635771929;(((pow2(((x + _a2_) / _a1_)) + _a5_) + x) * x);{'d0': {'_a1_': -0.5441891094950569, '_a2_': 0.1638588143560394, '_a5_': 1.6844703504307452, '_a0_': 1.0, '_a3_': 1.0, '_a4_': 1.0, '_a6_': 1.0, '_a7_': 1.0}};{'d0': 0.02490583291941665};-280.569866449044;31.992297452593412
14958;-108.292635771929;(((pow2(((x + _a2_) / _a1_)) + _a5_) + x) * x);{'d0': {'_a1_': -0.5441891094950569, '_a2_': 0.1638588143560394, '_a5_': 1.6844703504307452, '_a0_': 1.0, '_a3_': 1.0, '_a4_': 1.0, '_a6_': 1.0, '_a7_': 1.0}};{'d0': 0.02490583291941665};-280.569866449044;31.992297452593412
14959;-108.292635771929;(((pow2(((x + _a2_) / _a1_)) + _a5_) + x) * x);{'d0': {'_a1_': -0.5441891094950569, '_a2_': 0.1638588143560394, '_a5_': 1.6844703504307452, '_a0_': 1.0, '_a3_': 1.0, '_a4_': 1.0, '_a6_': 1.0, '_a7_': 1.0}};{'d0': 0.02490583291941665};-280.569866449044;31.992297452593412
14960;-108.292635771929;(((pow2(((x + _a2_) / _a1_)) + _a5_) + x) * x);{'d0': {'_a1_': -0.5441891094950569, '_a2_': 0.1638588143560394, '_a5_': 1.6844703504307452, '_a0_': 1.0, '_a3_': 1.0, '_a4_': 1.0, '_a6_': 1.0, '_a7_': 1.0}};{'d0': 0.02490583291941665};-280.569866449044;31.992297452593412
14961;-108.292635771929;(((pow2(((x + _a2_) / _a1_)) + _a5_) + x) * x);{'d0': {'_a1_': -0.5441891094950569, '_a2_': 0.1638588143560394, '_a5_': 1.6844703504307452, '_a0_': 1.0, '_a3_': 1.0, '_a4_': 1.0, '_a6_': 1.0, '_a7_': 1.0}};{'d0': 0.02490583291941665};-280.569866449044;31.992297452593412
14962;-108.292635771929;(((pow2(((x + _a2_) / _a1_)) + _a5_) + x) * x);{'d0': {'_a1_': -0.5441891094950569, '_a2_': 0.1638588143560394, '_a5_': 1.6844703504307452, '_a0_': 1.0, '_a3_': 1.0, '_a4_': 1.0, '_a6_': 1.0, '_a7_': 1.0}};{'d0': 0.02490583291941665};-280.569866449044;31.992297452593412
14963;-108.292635771929;(((pow2(((x + _a2_) / _a1_)) + _a5_) + x) * x);{'d0': {'_a1_': -0.5441891094950569, '_a2_': 0.1638588143560394, '_a5_': 1.6844703504307452, '_a0_': 1.0, '_a3_': 1.0, '_a4_': 1.0, '_a6_': 1.0, '_a7_': 1.0}};{'d0': 0.02490583291941665};-280.569866449044;31.992297452593412
14964;-108.292635771929;(((pow2(((x + _a2_) / _a1_)) + _a5_) + x) * x);{'d0': {'_a1_': -0.5441891094950569, '_a2_': 0.1638588143560394, '_a5_': 1.6844703504307452, '_a0_': 1.0, '_a3_': 1.0, '_a4_': 1.0, '_a6_': 1.0, '_a7_': 1.0}};{'d0': 0.02490583291941665};-280.569866449044;31.992297452593412
14965;-108.292635771929;(((pow2(((x + _a2_) / _a1_)) + _a5_) + x) * x);{'d0': {'_a1_': -0.5441891094950569, '_a2_': 0.1638588143560394, '_a5_': 1.6844703504307452, '_a0_': 1.0, '_a3_': 1.0, '_a4_': 1.0, '_a6_': 1.0, '_a7_': 1.0}};{'d0': 0.02490583291941665};-280.569866449044;31.992297452593412
14966;-108.292635771929;(((pow2(((x + _a2_) / _a1_)) + _a5_) + x) * x);{'d0': {'_a1_': -0.5441891094950569, '_a2_': 0.1638588143560394, '_a5_': 1.6844703504307452, '_a0_': 1.0, '_a3_': 1.0, '_a4_': 1.0, '_a6_': 1.0, '_a7_': 1.0}};{'d0': 0.02490583291941665};-280.569866449044;31.992297452593412
14967;-108.292635771929;(((pow2(((x + _a2_) / _a1_)) + _a5_) + x) * x);{'d0': {'_a1_': -0.5441891094950569, '_a2_': 0.1638588143560394, '_a5_': 1.6844703504307452, '_a0_': 1.0, '_a3_': 1.0, '_a4_': 1.0, '_a6_': 1.0, '_a7_': 1.0}};{'d0': 0.02490583291941665};-280.569866449044;31.992297452593412
14968;-108.292635771929;(((pow2(((x + _a2_) / _a1_)) + _a5_) + x) * x);{'d0': {'_a1_': -0.5441891094950569, '_a2_': 0.1638588143560394, '_a5_': 1.6844703504307452, '_a0_': 1.0, '_a3_': 1.0, '_a4_': 1.0, '_a6_': 1.0, '_a7_': 1.0}};{'d0': 0.02490583291941665};-280.569866449044;31.992297452593412
14969;-108.292635771929;(((pow2(((x + _a2_) / _a1_)) + _a5_) + x) * x);{'d0': {'_a1_': -0.5441891094950569, '_a2_': 0.1638588143560394, '_a5_': 1.6844703504307452, '_a0_': 1.0, '_a3_': 1.0, '_a4_': 1.0, '_a6_': 1.0, '_a7_': 1.0}};{'d0': 0.02490583291941665};-280.569866449044;31.992297452593412
14970;-108.292635771929;(((pow2(((x + _a2_) / _a1_)) + _a5_) + x) * x);{'d0': {'_a1_': -0.5441891094950569, '_a2_': 0.1638588143560394, '_a5_': 1.6844703504307452, '_a0_': 1.0, '_a3_': 1.0, '_a4_': 1.0, '_a6_': 1.0, '_a7_': 1.0}};{'d0': 0.02490583291941665};-280.569866449044;31.992297452593412
14971;-108.292635771929;(((pow2(((x + _a2_) / _a1_)) + _a5_) + x) * x);{'d0': {'_a1_': -0.5441891094950569, '_a2_': 0.1638588143560394, '_a5_': 1.6844703504307452, '_a0_': 1.0, '_a3_': 1.0, '_a4_': 1.0, '_a6_': 1.0, '_a7_': 1.0}};{'d0': 0.02490583291941665};-280.569866449044;31.992297452593412
14972;-108.292635771929;(((pow2(((x + _a2_) / _a1_)) + _a5_) + x) * x);{'d0': {'_a1_': -0.5441891094950569, '_a2_': 0.1638588143560394, '_a5_': 1.6844703504307452, '_a0_': 1.0, '_a3_': 1.0, '_a4_': 1.0, '_a6_': 1.0, '_a7_': 1.0}};{'d0': 0.02490583291941665};-280.569866449044;31.992297452593412
14973;-104.058817930787;(((_a1_ * ((((_a1_ + x) * _a5_) * x) * _a0_)) + _a5_) * x);{'d0': {'_a0_': 3.0491731574445597, '_a1_': 0.6238594154505316, '_a5_': 1.7751354039471805, '_a2_': 1.0, '_a3_': 1.0, '_a4_': 1.0, '_a6_': 1.0, '_a7_': 1.0}};{'d0': 0.024905832919416636};-280.569866449044;36.22611529373504
14974;-104.058817930787;(((_a1_ * ((((_a1_ + x) * _a5_) * x) * _a0_)) + _a5_) * x);{'d0': {'_a0_': 3.0491731574445597, '_a1_': 0.6238594154505316, '_a5_': 1.7751354039471805, '_a2_': 1.0, '_a3_': 1.0, '_a4_': 1.0, '_a6_': 1.0, '_a7_': 1.0}};{'d0': 0.024905832919416636};-280.569866449044;36.22611529373504
14975;-104.058817930787;(((_a1_ * ((((_a1_ + x) * _a5_) * x) * _a0_)) + _a5_) * x);{'d0': {'_a0_': 3.0491731574445597, '_a1_': 0.6238594154505316, '_a5_': 1.7751354039471805, '_a2_': 1.0, '_a3_': 1.0, '_a4_': 1.0, '_a6_': 1.0, '_a7_': 1.0}};{'d0': 0.024905832919416636};-280.569866449044;36.22611529373504
14976;-104.058817930787;(((_a1_ * ((((_a1_ + x) * _a5_) * x) * _a0_)) + _a5_) * x);{'d0': {'_a0_': 3.0491731574445597, '_a1_': 0.6238594154505316, '_a5_': 1.7751354039471805, '_a2_': 1.0, '_a3_': 1.0, '_a4_': 1.0, '_a6_': 1.0, '_a7_': 1.0}};{'d0': 0.024905832919416636};-280.569866449044;36.22611529373504
14977;-104.058817930787;(((_a1_ * ((((_a1_ + x) * _a5_) * x) * _a0_)) + _a5_) * x);{'d0': {'_a0_': 3.0491731574445597, '_a1_': 0.6238594154505316, '_a5_': 1.7751354039471805, '_a2_': 1.0, '_a3_': 1.0, '_a4_': 1.0, '_a6_': 1.0, '_a7_': 1.0}};{'d0': 0.024905832919416636};-280.569866449044;36.22611529373504
14978;-104.058817930787;(((_a1_ * ((((_a1_ + x) * _a5_) * x) * _a0_)) + _a5_) * x);{'d0': {'_a0_': 3.0491731574445597, '_a1_': 0.6238594154505316, '_a5_': 1.7751354039471805, '_a2_': 1.0, '_a3_': 1.0, '_a4_': 1.0, '_a6_': 1.0, '_a7_': 1.0}};{'d0': 0.024905832919416636};-280.569866449044;36.22611529373504
14979;-104.058817930787;(((_a1_ * ((((_a1_ + x) * _a5_) * x) * _a0_)) + _a5_) * x);{'d0': {'_a0_': 3.0491731574445597, '_a1_': 0.6238594154505316, '_a5_': 1.7751354039471805, '_a2_': 1.0, '_a3_': 1.0, '_a4_': 1.0, '_a6_': 1.0, '_a7_': 1.0}};{'d0': 0.024905832919416636};-280.569866449044;36.22611529373504
14980;-104.058817930787;(((_a1_ * ((((_a1_ + x) * _a5_) * x) * _a0_)) + _a5_) * x);{'d0': {'_a0_': 3.0491731574445597, '_a1_': 0.6238594154505316, '_a5_': 1.7751354039471805, '_a2_': 1.0, '_a3_': 1.0, '_a4_': 1.0, '_a6_': 1.0, '_a7_': 1.0}};{'d0': 0.024905832919416636};-280.569866449044;36.22611529373504
14981;-104.058817930787;(((_a1_ * ((((_a1_ + x) * _a5_) * x) * _a0_)) + _a5_) * x);{'d0': {'_a0_': 3.0491731574445597, '_a1_': 0.6238594154505316, '_a5_': 1.7751354039471805, '_a2_': 1.0, '_a3_': 1.0, '_a4_': 1.0, '_a6_': 1.0, '_a7_': 1.0}};{'d0': 0.024905832919416636};-280.569866449044;36.22611529373504
14982;-104.058817930787;(((_a1_ * ((((_a1_ + x) * _a5_) * x) * _a0_)) + _a5_) * x);{'d0': {'_a0_': 3.0491731574445597, '_a1_': 0.6238594154505316, '_a5_': 1.7751354039471805, '_a2_': 1.0, '_a3_': 1.0, '_a4_': 1.0, '_a6_': 1.0, '_a7_': 1.0}};{'d0': 0.024905832919416636};-280.569866449044;36.22611529373504
14983;-104.058817930787;(((_a1_ * ((((_a1_ + x) * _a5_) * x) * _a0_)) + _a5_) * x);{'d0': {'_a0_': 3.0491731574445597, '_a1_': 0.6238594154505316, '_a5_': 1.7751354039471805, '_a2_': 1.0, '_a3_': 1.0, '_a4_': 1.0, '_a6_': 1.0, '_a7_': 1.0}};{'d0': 0.024905832919416636};-280.569866449044;36.22611529373504
14984;-104.058817930787;(((_a1_ * ((((_a1_ + x) * _a5_) * x) * _a0_)) + _a5_) * x);{'d0': {'_a0_': 3.0491731574445597, '_a1_': 0.6238594154505316, '_a5_': 1.7751354039471805, '_a2_': 1.0, '_a3_': 1.0, '_a4_': 1.0, '_a6_': 1.0, '_a7_': 1.0}};{'d0': 0.024905832919416636};-280.569866449044;36.22611529373504
14985;-104.058817930787;(((_a1_ * ((((_a1_ + x) * _a5_) * x) * _a0_)) + _a5_) * x);{'d0': {'_a0_': 3.0491731574445597, '_a1_': 0.6238594154505316, '_a5_': 1.7751354039471805, '_a2_': 1.0, '_a3_': 1.0, '_a4_': 1.0, '_a6_': 1.0, '_a7_': 1.0}};{'d0': 0.024905832919416636};-280.569866449044;36.22611529373504
14986;-104.058817930787;(((_a1_ * ((((_a1_ + x) * _a5_) * x) * _a0_)) + _a5_) * x);{'d0': {'_a0_': 3.0491731574445597, '_a1_': 0.6238594154505316, '_a5_': 1.7751354039471805, '_a2_': 1.0, '_a3_': 1.0, '_a4_': 1.0, '_a6_': 1.0, '_a7_': 1.0}};{'d0': 0.024905832919416636};-280.569866449044;36.22611529373504
14987;-104.058817930787;(((_a1_ * ((((_a1_ + x) * _a5_) * x) * _a0_)) + _a5_) * x);{'d0': {'_a0_': 3.0491731574445597, '_a1_': 0.6238594154505316, '_a5_': 1.7751354039471805, '_a2_': 1.0, '_a3_': 1.0, '_a4_': 1.0, '_a6_': 1.0, '_a7_': 1.0}};{'d0': 0.024905832919416636};-280.569866449044;36.22611529373504
14988;-104.058817930787;(((_a1_ * ((((_a1_ + x) * _a5_) * x) * _a0_)) + _a5_) * x);{'d0': {'_a0_': 3.0491731574445597, '_a1_': 0.6238594154505316, '_a5_': 1.7751354039471805, '_a2_': 1.0, '_a3_': 1.0, '_a4_': 1.0, '_a6_': 1.0, '_a7_': 1.0}};{'d0': 0.024905832919416636};-280.569866449044;36.22611529373504
14989;-104.058817930787;(((_a1_ * ((((_a1_ + x) * _a5_) * x) * _a0_)) + _a5_) * x);{'d0': {'_a0_': 3.0491731574445597, '_a1_': 0.6238594154505316, '_a5_': 1.7751354039471805, '_a2_': 1.0, '_a3_': 1.0, '_a4_': 1.0, '_a6_': 1.0, '_a7_': 1.0}};{'d0': 0.024905832919416636};-280.569866449044;36.22611529373504
14990;-104.058817930787;(((_a1_ * ((((_a1_ + x) * _a5_) * x) * _a0_)) + _a5_) * x);{'d0': {'_a0_': 3.0491731574445597, '_a1_': 0.6238594154505316, '_a5_': 1.7751354039471805, '_a2_': 1.0, '_a3_': 1.0, '_a4_': 1.0, '_a6_': 1.0, '_a7_': 1.0}};{'d0': 0.024905832919416636};-280.569866449044;36.22611529373504
14991;-104.058817930787;(((_a1_ * ((((_a1_ + x) * _a5_) * x) * _a0_)) + _a5_) * x);{'d0': {'_a0_': 3.0491731574445597, '_a1_': 0.6238594154505316, '_a5_': 1.7751354039471805, '_a2_': 1.0, '_a3_': 1.0, '_a4_': 1.0, '_a6_': 1.0, '_a7_': 1.0}};{'d0': 0.024905832919416636};-280.569866449044;36.22611529373504
14992;-104.058817930787;(((_a1_ * ((((_a1_ + x) * _a5_) * x) * _a0_)) + _a5_) * x);{'d0': {'_a0_': 3.0491731574445597, '_a1_': 0.6238594154505316, '_a5_': 1.7751354039471805, '_a2_': 1.0, '_a3_': 1.0, '_a4_': 1.0, '_a6_': 1.0, '_a7_': 1.0}};{'d0': 0.024905832919416636};-280.569866449044;36.22611529373504
14993;-104.058817930787;(((_a1_ * ((((_a1_ + x) * _a5_) * x) * _a0_)) + _a5_) * x);{'d0': {'_a0_': 3.0491731574445597, '_a1_': 0.6238594154505316, '_a5_': 1.7751354039471805, '_a2_': 1.0, '_a3_': 1.0, '_a4_': 1.0, '_a6_': 1.0, '_a7_': 1.0}};{'d0': 0.024905832919416636};-280.569866449044;36.22611529373504
14994;-104.058817930787;(((_a1_ * ((((_a1_ + x) * _a5_) * x) * _a0_)) + _a5_) * x);{'d0': {'_a0_': 3.0491731574445597, '_a1_': 0.6238594154505316, '_a5_': 1.7751354039471805, '_a2_': 1.0, '_a3_': 1.0, '_a4_': 1.0, '_a6_': 1.0, '_a7_': 1.0}};{'d0': 0.024905832919416636};-280.569866449044;36.22611529373504
14995;-104.058817930787;(((_a1_ * ((((_a1_ + x) * _a5_) * x) * _a0_)) + _a5_) * x);{'d0': {'_a0_': 3.0491731574445597, '_a1_': 0.6238594154505316, '_a5_': 1.7751354039471805, '_a2_': 1.0, '_a3_': 1.0, '_a4_': 1.0, '_a6_': 1.0, '_a7_': 1.0}};{'d0': 0.024905832919416636};-280.569866449044;36.22611529373504
14996;-104.058817930787;(((_a1_ * ((((_a1_ + x) * _a5_) * x) * _a0_)) + _a5_) * x);{'d0': {'_a0_': 3.0491731574445597, '_a1_': 0.6238594154505316, '_a5_': 1.7751354039471805, '_a2_': 1.0, '_a3_': 1.0, '_a4_': 1.0, '_a6_': 1.0, '_a7_': 1.0}};{'d0': 0.024905832919416636};-280.569866449044;36.22611529373504
14997;-104.058817930787;(((_a1_ * ((((_a1_ + x) * _a5_) * x) * _a0_)) + _a5_) * x);{'d0': {'_a0_': 3.0491731574445597, '_a1_': 0.6238594154505316, '_a5_': 1.7751354039471805, '_a2_': 1.0, '_a3_': 1.0, '_a4_': 1.0, '_a6_': 1.0, '_a7_': 1.0}};{'d0': 0.024905832919416636};-280.569866449044;36.22611529373504
14998;-104.058817930787;(((_a1_ * ((((_a1_ + x) * _a5_) * x) * _a0_)) + _a5_) * x);{'d0': {'_a0_': 3.0491731574445597, '_a1_': 0.6238594154505316, '_a5_': 1.7751354039471805, '_a2_': 1.0, '_a3_': 1.0, '_a4_': 1.0, '_a6_': 1.0, '_a7_': 1.0}};{'d0': 0.024905832919416636};-280.569866449044;36.22611529373504
14999;-104.058817930787;(((_a1_ * ((((_a1_ + x) * _a5_) * x) * _a0_)) + _a5_) * x);{'d0': {'_a0_': 3.0491731574445597, '_a1_': 0.6238594154505316, '_a5_': 1.7751354039471805, '_a2_': 1.0, '_a3_': 1.0, '_a4_': 1.0, '_a6_': 1.0, '_a7_': 1.0}};{'d0': 0.024905832919416636};-280.569866449044;36.22611529373504
15000;-104.058817930787;(((_a1_ * ((((_a1_ + x) * _a5_) * x) * _a0_)) + _a5_) * x);{'d0': {'_a0_': 3.0491731574445597, '_a1_': 0.6238594154505316, '_a5_': 1.7751354039471805, '_a2_': 1.0, '_a3_': 1.0, '_a4_': 1.0, '_a6_': 1.0, '_a7_': 1.0}};{'d0': 0.024905832919416636};-280.569866449044;36.22611529373504
15001;-104.058817930787;(((_a1_ * ((((_a1_ + x) * _a5_) * x) * _a0_)) + _a5_) * x);{'d0': {'_a0_': 3.0491731574445597, '_a1_': 0.6238594154505316, '_a5_': 1.7751354039471805, '_a2_': 1.0, '_a3_': 1.0, '_a4_': 1.0, '_a6_': 1.0, '_a7_': 1.0}};{'d0': 0.024905832919416636};-280.569866449044;36.22611529373504
15002;-104.058817930787;(((_a1_ * ((((_a1_ + x) * _a5_) * x) * _a0_)) + _a5_) * x);{'d0': {'_a0_': 3.0491731574445597, '_a1_': 0.6238594154505316, '_a5_': 1.7751354039471805, '_a2_': 1.0, '_a3_': 1.0, '_a4_': 1.0, '_a6_': 1.0, '_a7_': 1.0}};{'d0': 0.024905832919416636};-280.569866449044;36.22611529373504
15003;-104.058817930787;(((_a1_ * ((((_a1_ + x) * _a5_) * x) * _a0_)) + _a5_) * x);{'d0': {'_a0_': 3.0491731574445597, '_a1_': 0.6238594154505316, '_a5_': 1.7751354039471805, '_a2_': 1.0, '_a3_': 1.0, '_a4_': 1.0, '_a6_': 1.0, '_a7_': 1.0}};{'d0': 0.024905832919416636};-280.569866449044;36.22611529373504
15004;-108.292635771929;(((pow2(((x + _a2_) / _a1_)) + _a5_) + x) * x);{'d0': {'_a1_': -0.5441891094950569, '_a2_': 0.1638588143560394, '_a5_': 1.6844703504307452, '_a0_': 1.0, '_a3_': 1.0, '_a4_': 1.0, '_a6_': 1.0, '_a7_': 1.0}};{'d0': 0.02490583291941665};-280.569866449044;31.992297452593412
15005;-108.292635771929;(((pow2(((x + _a2_) / _a1_)) + _a5_) + x) * x);{'d0': {'_a1_': -0.5441891094950569, '_a2_': 0.1638588143560394, '_a5_': 1.6844703504307452, '_a0_': 1.0, '_a3_': 1.0, '_a4_': 1.0, '_a6_': 1.0, '_a7_': 1.0}};{'d0': 0.02490583291941665};-280.569866449044;31.992297452593412
15006;-108.292635771929;(((pow2(((x + _a2_) / _a1_)) + _a5_) + x) * x);{'d0': {'_a1_': -0.5441891094950569, '_a2_': 0.1638588143560394, '_a5_': 1.6844703504307452, '_a0_': 1.0, '_a3_': 1.0, '_a4_': 1.0, '_a6_': 1.0, '_a7_': 1.0}};{'d0': 0.02490583291941665};-280.569866449044;31.992297452593412
15007;-108.292635771929;(((pow2(((x + _a2_) / _a1_)) + _a5_) + x) * x);{'d0': {'_a1_': -0.5441891094950569, '_a2_': 0.1638588143560394, '_a5_': 1.6844703504307452, '_a0_': 1.0, '_a3_': 1.0, '_a4_': 1.0, '_a6_': 1.0, '_a7_': 1.0}};{'d0': 0.02490583291941665};-280.569866449044;31.992297452593412
15008;-108.292635771929;(((pow2(((x + _a2_) / _a1_)) + _a5_) + x) * x);{'d0': {'_a1_': -0.5441891094950569, '_a2_': 0.1638588143560394, '_a5_': 1.6844703504307452, '_a0_': 1.0, '_a3_': 1.0, '_a4_': 1.0, '_a6_': 1.0, '_a7_': 1.0}};{'d0': 0.02490583291941665};-280.569866449044;31.992297452593412
15009;-108.292635771929;(((pow2(((x + _a2_) / _a1_)) + _a5_) + x) * x);{'d0': {'_a1_': -0.5441891094950569, '_a2_': 0.1638588143560394, '_a5_': 1.6844703504307452, '_a0_': 1.0, '_a3_': 1.0, '_a4_': 1.0, '_a6_': 1.0, '_a7_': 1.0}};{'d0': 0.02490583291941665};-280.569866449044;31.992297452593412
15010;-108.292635771929;(((pow2(((x + _a2_) / _a1_)) + _a5_) + x) * x);{'d0': {'_a1_': -0.5441891094950569, '_a2_': 0.1638588143560394, '_a5_': 1.6844703504307452, '_a0_': 1.0, '_a3_': 1.0, '_a4_': 1.0, '_a6_': 1.0, '_a7_': 1.0}};{'d0': 0.02490583291941665};-280.569866449044;31.992297452593412
15011;-108.292635771929;(((pow2(((x + _a2_) / _a1_)) + _a5_) + x) * x);{'d0': {'_a1_': -0.5441891094950569, '_a2_': 0.1638588143560394, '_a5_': 1.6844703504307452, '_a0_': 1.0, '_a3_': 1.0, '_a4_': 1.0, '_a6_': 1.0, '_a7_': 1.0}};{'d0': 0.02490583291941665};-280.569866449044;31.992297452593412
15012;-108.292635771929;(((pow2(((x + _a2_) / _a1_)) + _a5_) + x) * x);{'d0': {'_a1_': -0.5441891094950569, '_a2_': 0.1638588143560394, '_a5_': 1.6844703504307452, '_a0_': 1.0, '_a3_': 1.0, '_a4_': 1.0, '_a6_': 1.0, '_a7_': 1.0}};{'d0': 0.02490583291941665};-280.569866449044;31.992297452593412
15013;-108.292635771929;(((pow2(((x + _a2_) / _a1_)) + _a5_) + x) * x);{'d0': {'_a1_': -0.5441891094950569, '_a2_': 0.1638588143560394, '_a5_': 1.6844703504307452, '_a0_': 1.0, '_a3_': 1.0, '_a4_': 1.0, '_a6_': 1.0, '_a7_': 1.0}};{'d0': 0.02490583291941665};-280.569866449044;31.992297452593412
15014;-108.292635771929;(((pow2(((x + _a2_) / _a1_)) + _a5_) + x) * x);{'d0': {'_a1_': -0.5441891094950569, '_a2_': 0.1638588143560394, '_a5_': 1.6844703504307452, '_a0_': 1.0, '_a3_': 1.0, '_a4_': 1.0, '_a6_': 1.0, '_a7_': 1.0}};{'d0': 0.02490583291941665};-280.569866449044;31.992297452593412
15015;-108.292635771929;(((pow2(((x + _a2_) / _a1_)) + _a5_) + x) * x);{'d0': {'_a1_': -0.5441891094950569, '_a2_': 0.1638588143560394, '_a5_': 1.6844703504307452, '_a0_': 1.0, '_a3_': 1.0, '_a4_': 1.0, '_a6_': 1.0, '_a7_': 1.0}};{'d0': 0.02490583291941665};-280.569866449044;31.992297452593412
15016;-108.292635771929;(((pow2(((x + _a2_) / _a1_)) + _a5_) + x) * x);{'d0': {'_a1_': -0.5441891094950569, '_a2_': 0.1638588143560394, '_a5_': 1.6844703504307452, '_a0_': 1.0, '_a3_': 1.0, '_a4_': 1.0, '_a6_': 1.0, '_a7_': 1.0}};{'d0': 0.02490583291941665};-280.569866449044;31.992297452593412
15017;-109.288302185518;(((pow2(((x + _a2_) * _a1_)) + _a5_) + x) * x);{'d0': {'_a1_': -1.8375964958453583, '_a2_': 0.16385881481082437, '_a5_': 1.6844703505252054, '_a0_': 1.0, '_a3_': 1.0, '_a4_': 1.0, '_a6_': 1.0, '_a7_': 1.0}};{'d0': 0.02490583291941668};-280.569866449043;30.99663103900401
15018;-109.288302185518;(((pow2(((x + _a2_) * _a1_)) + _a5_) + x) * x);{'d0': {'_a1_': -1.8375964958453583, '_a2_': 0.16385881481082437, '_a5_': 1.6844703505252054, '_a0_': 1.0, '_a3_': 1.0, '_a4_': 1.0, '_a6_': 1.0, '_a7_': 1.0}};{'d0': 0.02490583291941668};-280.569866449043;30.99663103900401
15019;-109.288302185518;(((pow2(((x + _a2_) * _a1_)) + _a5_) + x) * x);{'d0': {'_a1_': -1.8375964958453583, '_a2_': 0.16385881481082437, '_a5_': 1.6844703505252054, '_a0_': 1.0, '_a3_': 1.0, '_a4_': 1.0, '_a6_': 1.0, '_a7_': 1.0}};{'d0': 0.02490583291941668};-280.569866449043;30.99663103900401
15020;-109.288302185518;(((pow2(((x + _a2_) * _a1_)) + _a5_) + x) * x);{'d0': {'_a1_': -1.8375964958453583, '_a2_': 0.16385881481082437, '_a5_': 1.6844703505252054, '_a0_': 1.0, '_a3_': 1.0, '_a4_': 1.0, '_a6_': 1.0, '_a7_': 1.0}};{'d0': 0.02490583291941668};-280.569866449043;30.99663103900401
15021;-109.288302185518;(((pow2(((x + _a2_) * _a1_)) + _a5_) + x) * x);{'d0': {'_a1_': -1.8375964958453583, '_a2_': 0.16385881481082437, '_a5_': 1.6844703505252054, '_a0_': 1.0, '_a3_': 1.0, '_a4_': 1.0, '_a6_': 1.0, '_a7_': 1.0}};{'d0': 0.02490583291941668};-280.569866449043;30.99663103900401
15022;-109.288302185518;(((pow2(((x + _a2_) * _a1_)) + _a5_) + x) * x);{'d0': {'_a1_': -1.8375964958453583, '_a2_': 0.16385881481082437, '_a5_': 1.6844703505252054, '_a0_': 1.0, '_a3_': 1.0, '_a4_': 1.0, '_a6_': 1.0, '_a7_': 1.0}};{'d0': 0.02490583291941668};-280.569866449043;30.99663103900401
15023;-109.288302185518;(((pow2(((x + _a2_) * _a1_)) + _a5_) + x) * x);{'d0': {'_a1_': -1.8375964958453583, '_a2_': 0.16385881481082437, '_a5_': 1.6844703505252054, '_a0_': 1.0, '_a3_': 1.0, '_a4_': 1.0, '_a6_': 1.0, '_a7_': 1.0}};{'d0': 0.02490583291941668};-280.569866449043;30.99663103900401
15024;-109.288302185518;(((pow2(((x + _a2_) * _a1_)) + _a5_) + x) * x);{'d0': {'_a1_': -1.8375964958453583, '_a2_': 0.16385881481082437, '_a5_': 1.6844703505252054, '_a0_': 1.0, '_a3_': 1.0, '_a4_': 1.0, '_a6_': 1.0, '_a7_': 1.0}};{'d0': 0.02490583291941668};-280.569866449043;30.99663103900401
15025;-109.288302185518;(((pow2(((x + _a2_) * _a1_)) + _a5_) + x) * x);{'d0': {'_a1_': -1.8375964958453583, '_a2_': 0.16385881481082437, '_a5_': 1.6844703505252054, '_a0_': 1.0, '_a3_': 1.0, '_a4_': 1.0, '_a6_': 1.0, '_a7_': 1.0}};{'d0': 0.02490583291941668};-280.569866449043;30.99663103900401
15026;-109.288302185518;(((pow2(((x + _a2_) * _a1_)) + _a5_) + x) * x);{'d0': {'_a1_': -1.8375964958453583, '_a2_': 0.16385881481082437, '_a5_': 1.6844703505252054, '_a0_': 1.0, '_a3_': 1.0, '_a4_': 1.0, '_a6_': 1.0, '_a7_': 1.0}};{'d0': 0.02490583291941668};-280.569866449043;30.99663103900401
15027;-109.288302185518;(((pow2(((x + _a2_) * _a1_)) + _a5_) + x) * x);{'d0': {'_a1_': -1.8375964958453583, '_a2_': 0.16385881481082437, '_a5_': 1.6844703505252054, '_a0_': 1.0, '_a3_': 1.0, '_a4_': 1.0, '_a6_': 1.0, '_a7_': 1.0}};{'d0': 0.02490583291941668};-280.569866449043;30.99663103900401
15028;-109.288302185518;(((pow2(((x + _a2_) * _a1_)) + _a5_) + x) * x);{'d0': {'_a1_': -1.8375964958453583, '_a2_': 0.16385881481082437, '_a5_': 1.6844703505252054, '_a0_': 1.0, '_a3_': 1.0, '_a4_': 1.0, '_a6_': 1.0, '_a7_': 1.0}};{'d0': 0.02490583291941668};-280.569866449043;30.99663103900401
15029;-109.288302185518;(((pow2(((x + _a2_) * _a1_)) + _a5_) + x) * x);{'d0': {'_a1_': -1.8375964958453583, '_a2_': 0.16385881481082437, '_a5_': 1.6844703505252054, '_a0_': 1.0, '_a3_': 1.0, '_a4_': 1.0, '_a6_': 1.0, '_a7_': 1.0}};{'d0': 0.02490583291941668};-280.569866449043;30.99663103900401
15030;-109.288302185518;(((pow2(((x + _a2_) * _a1_)) + _a5_) + x) * x);{'d0': {'_a1_': -1.8375964958453583, '_a2_': 0.16385881481082437, '_a5_': 1.6844703505252054, '_a0_': 1.0, '_a3_': 1.0, '_a4_': 1.0, '_a6_': 1.0, '_a7_': 1.0}};{'d0': 0.02490583291941668};-280.569866449043;30.99663103900401
15031;-109.288302185518;(((pow2(((x + _a2_) * _a1_)) + _a5_) + x) * x);{'d0': {'_a1_': -1.8375964958453583, '_a2_': 0.16385881481082437, '_a5_': 1.6844703505252054, '_a0_': 1.0, '_a3_': 1.0, '_a4_': 1.0, '_a6_': 1.0, '_a7_': 1.0}};{'d0': 0.02490583291941668};-280.569866449043;30.99663103900401
15032;-109.288302185518;(((pow2(((x + _a2_) * _a1_)) + _a5_) + x) * x);{'d0': {'_a1_': -1.8375964958453583, '_a2_': 0.16385881481082437, '_a5_': 1.6844703505252054, '_a0_': 1.0, '_a3_': 1.0, '_a4_': 1.0, '_a6_': 1.0, '_a7_': 1.0}};{'d0': 0.02490583291941668};-280.569866449043;30.99663103900401
15033;-109.288302185518;(((pow2(((x + _a2_) * _a1_)) + _a5_) + x) * x);{'d0': {'_a1_': -1.8375964958453583, '_a2_': 0.16385881481082437, '_a5_': 1.6844703505252054, '_a0_': 1.0, '_a3_': 1.0, '_a4_': 1.0, '_a6_': 1.0, '_a7_': 1.0}};{'d0': 0.02490583291941668};-280.569866449043;30.99663103900401
15034;-104.411319546383;((((pow2(((x + _a2_) * _a1_)) + _a5_) + x) * x) * _a2_);{'d0': {'_a1_': -3.525381635326802, '_a2_': 0.2716989948998159, '_a5_': 5.616000737572232, '_a0_': 1.0, '_a3_': 1.0, '_a4_': 1.0, '_a6_': 1.0, '_a7_': 1.0}};{'d0': 0.02490583291941655};-280.569866449044;35.87361367813901
15035;-104.411319546383;((((pow2(((x + _a2_) * _a1_)) + _a5_) + x) * x) * _a2_);{'d0': {'_a1_': -3.525381635326802, '_a2_': 0.2716989948998159, '_a5_': 5.616000737572232, '_a0_': 1.0, '_a3_': 1.0, '_a4_': 1.0, '_a6_': 1.0, '_a7_': 1.0}};{'d0': 0.02490583291941655};-280.569866449044;35.87361367813901
15036;-104.531628829011;((((pow2(((x / _a2_) * _a1_)) + _a5_) + x) * x) * _a2_);{'d0': {'_a1_': -2.667126872345847, '_a2_': 2.106624070491159, '_a5_': 0.8426446032334729, '_a0_': 1.0, '_a3_': 1.0, '_a4_': 1.0, '_a6_': 1.0, '_a7_': 1.0}};{'d0': 0.024905832919416532};-280.569866449044;35.75330439551141
15037;-104.531628829011;((((pow2(((x / _a2_) * _a1_)) + _a5_) + x) * x) * _a2_);{'d0': {'_a1_': -2.667126872345847, '_a2_': 2.106624070491159, '_a5_': 0.8426446032334729, '_a0_': 1.0, '_a3_': 1.0, '_a4_': 1.0, '_a6_': 1.0, '_a7_': 1.0}};{'d0': 0.024905832919416532};-280.569866449044;35.75330439551141
15038;-104.531628829011;((((pow2(((x / _a2_) * _a1_)) + _a5_) + x) * x) * _a2_);{'d0': {'_a1_': -2.667126872345847, '_a2_': 2.106624070491159, '_a5_': 0.8426446032334729, '_a0_': 1.0, '_a3_': 1.0, '_a4_': 1.0, '_a6_': 1.0, '_a7_': 1.0}};{'d0': 0.024905832919416532};-280.569866449044;35.75330439551141
15039;-104.531628829011;((((pow2(((x / _a2_) * _a1_)) + _a5_) + x) * x) * _a2_);{'d0': {'_a1_': -2.667126872345847, '_a2_': 2.106624070491159, '_a5_': 0.8426446032334729, '_a0_': 1.0, '_a3_': 1.0, '_a4_': 1.0, '_a6_': 1.0, '_a7_': 1.0}};{'d0': 0.024905832919416532};-280.569866449044;35.75330439551141
15040;-104.531628829011;((((pow2(((x / _a2_) * _a1_)) + _a5_) + x) * x) * _a2_);{'d0': {'_a1_': -2.667126872345847, '_a2_': 2.106624070491159, '_a5_': 0.8426446032334729, '_a0_': 1.0, '_a3_': 1.0, '_a4_': 1.0, '_a6_': 1.0, '_a7_': 1.0}};{'d0': 0.024905832919416532};-280.569866449044;35.75330439551141
15041;-104.531628829011;((((pow2(((x / _a2_) * _a1_)) + _a5_) + x) * x) * _a2_);{'d0': {'_a1_': -2.667126872345847, '_a2_': 2.106624070491159, '_a5_': 0.8426446032334729, '_a0_': 1.0, '_a3_': 1.0, '_a4_': 1.0, '_a6_': 1.0, '_a7_': 1.0}};{'d0': 0.024905832919416532};-280.569866449044;35.75330439551141
15042;-104.531628829011;((((pow2(((x / _a2_) * _a1_)) + _a5_) + x) * x) * _a2_);{'d0': {'_a1_': -2.667126872345847, '_a2_': 2.106624070491159, '_a5_': 0.8426446032334729, '_a0_': 1.0, '_a3_': 1.0, '_a4_': 1.0, '_a6_': 1.0, '_a7_': 1.0}};{'d0': 0.024905832919416532};-280.569866449044;35.75330439551141
15043;-104.531628829011;((((pow2(((x / _a2_) * _a1_)) + _a5_) + x) * x) * _a2_);{'d0': {'_a1_': -2.667126872345847, '_a2_': 2.106624070491159, '_a5_': 0.8426446032334729, '_a0_': 1.0, '_a3_': 1.0, '_a4_': 1.0, '_a6_': 1.0, '_a7_': 1.0}};{'d0': 0.024905832919416532};-280.569866449044;35.75330439551141
15044;-104.531628829011;((((pow2(((x / _a2_) * _a1_)) + _a5_) + x) * x) * _a2_);{'d0': {'_a1_': -2.667126872345847, '_a2_': 2.106624070491159, '_a5_': 0.8426446032334729, '_a0_': 1.0, '_a3_': 1.0, '_a4_': 1.0, '_a6_': 1.0, '_a7_': 1.0}};{'d0': 0.024905832919416532};-280.569866449044;35.75330439551141
15045;-100.851681668750;((((pow2(((x / _a2_) * -(_a3_))) + _a5_) + x) * x) * _a2_);{'d0': {'_a2_': 2.1066240659636377, '_a3_': 2.6671268672279975, '_a5_': 0.8426446052156819, '_a0_': 1.0, '_a1_': 1.0, '_a4_': 1.0, '_a6_': 1.0, '_a7_': 1.0}};{'d0': 0.02490583291941663};-280.569866449044;39.4332515557718
15046;-100.851681668750;((((pow2(((x / _a2_) * -(_a3_))) + _a5_) + x) * x) * _a2_);{'d0': {'_a2_': 2.1066240659636377, '_a3_': 2.6671268672279975, '_a5_': 0.8426446052156819, '_a0_': 1.0, '_a1_': 1.0, '_a4_': 1.0, '_a6_': 1.0, '_a7_': 1.0}};{'d0': 0.02490583291941663};-280.569866449044;39.4332515557718
15047;-100.851681668750;((((pow2(((x / _a2_) * -(_a3_))) + _a5_) + x) * x) * _a2_);{'d0': {'_a2_': 2.1066240659636377, '_a3_': 2.6671268672279975, '_a5_': 0.8426446052156819, '_a0_': 1.0, '_a1_': 1.0, '_a4_': 1.0, '_a6_': 1.0, '_a7_': 1.0}};{'d0': 0.02490583291941663};-280.569866449044;39.4332515557718
15048;-100.851681668750;((((pow2(((x / _a2_) * -(_a3_))) + _a5_) + x) * x) * _a2_);{'d0': {'_a2_': 2.1066240659636377, '_a3_': 2.6671268672279975, '_a5_': 0.8426446052156819, '_a0_': 1.0, '_a1_': 1.0, '_a4_': 1.0, '_a6_': 1.0, '_a7_': 1.0}};{'d0': 0.02490583291941663};-280.569866449044;39.4332515557718
15049;-100.851681668750;((((pow2(((x / _a2_) * -(_a3_))) + _a5_) + x) * x) * _a2_);{'d0': {'_a2_': 2.1066240659636377, '_a3_': 2.6671268672279975, '_a5_': 0.8426446052156819, '_a0_': 1.0, '_a1_': 1.0, '_a4_': 1.0, '_a6_': 1.0, '_a7_': 1.0}};{'d0': 0.02490583291941663};-280.569866449044;39.4332515557718
15050;-100.851681668750;((((pow2(((x / _a2_) * -(_a3_))) + _a5_) + x) * x) * _a2_);{'d0': {'_a2_': 2.1066240659636377, '_a3_': 2.6671268672279975, '_a5_': 0.8426446052156819, '_a0_': 1.0, '_a1_': 1.0, '_a4_': 1.0, '_a6_': 1.0, '_a7_': 1.0}};{'d0': 0.02490583291941663};-280.569866449044;39.4332515557718
15051;-100.851681668750;((((pow2(((x / _a2_) * -(_a3_))) + _a5_) + x) * x) * _a2_);{'d0': {'_a2_': 2.1066240659636377, '_a3_': 2.6671268672279975, '_a5_': 0.8426446052156819, '_a0_': 1.0, '_a1_': 1.0, '_a4_': 1.0, '_a6_': 1.0, '_a7_': 1.0}};{'d0': 0.02490583291941663};-280.569866449044;39.4332515557718
15052;-100.851681668750;((((pow2(((x / _a2_) * -(_a3_))) + _a5_) + x) * x) * _a2_);{'d0': {'_a2_': 2.1066240659636377, '_a3_': 2.6671268672279975, '_a5_': 0.8426446052156819, '_a0_': 1.0, '_a1_': 1.0, '_a4_': 1.0, '_a6_': 1.0, '_a7_': 1.0}};{'d0': 0.02490583291941663};-280.569866449044;39.4332515557718
15053;-100.851681668750;((((pow2(((x / _a2_) * -(_a3_))) + _a5_) + x) * x) * _a2_);{'d0': {'_a2_': 2.1066240659636377, '_a3_': 2.6671268672279975, '_a5_': 0.8426446052156819, '_a0_': 1.0, '_a1_': 1.0, '_a4_': 1.0, '_a6_': 1.0, '_a7_': 1.0}};{'d0': 0.02490583291941663};-280.569866449044;39.4332515557718
15054;-100.851681668750;((((pow2(((x / _a2_) * -(_a3_))) + _a5_) + x) * x) * _a2_);{'d0': {'_a2_': 2.1066240659636377, '_a3_': 2.6671268672279975, '_a5_': 0.8426446052156819, '_a0_': 1.0, '_a1_': 1.0, '_a4_': 1.0, '_a6_': 1.0, '_a7_': 1.0}};{'d0': 0.02490583291941663};-280.569866449044;39.4332515557718
15055;-100.851681668750;((((pow2(((x / _a2_) * -(_a3_))) + _a5_) + x) * x) * _a2_);{'d0': {'_a2_': 2.1066240659636377, '_a3_': 2.6671268672279975, '_a5_': 0.8426446052156819, '_a0_': 1.0, '_a1_': 1.0, '_a4_': 1.0, '_a6_': 1.0, '_a7_': 1.0}};{'d0': 0.02490583291941663};-280.569866449044;39.4332515557718
15056;-100.851681668750;((((pow2(((x / _a2_) * -(_a3_))) + _a5_) + x) * x) * _a2_);{'d0': {'_a2_': 2.1066240659636377, '_a3_': 2.6671268672279975, '_a5_': 0.8426446052156819, '_a0_': 1.0, '_a1_': 1.0, '_a4_': 1.0, '_a6_': 1.0, '_a7_': 1.0}};{'d0': 0.02490583291941663};-280.569866449044;39.4332515557718
15057;-100.851681668750;((((pow2(((x / _a2_) * -(_a3_))) + _a5_) + x) * x) * _a2_);{'d0': {'_a2_': 2.1066240659636377, '_a3_': 2.6671268672279975, '_a5_': 0.8426446052156819, '_a0_': 1.0, '_a1_': 1.0, '_a4_': 1.0, '_a6_': 1.0, '_a7_': 1.0}};{'d0': 0.02490583291941663};-280.569866449044;39.4332515557718
15058;-100.851681668750;((((pow2(((x / _a2_) * -(_a3_))) + _a5_) + x) * x) * _a2_);{'d0': {'_a2_': 2.1066240659636377, '_a3_': 2.6671268672279975, '_a5_': 0.8426446052156819, '_a0_': 1.0, '_a1_': 1.0, '_a4_': 1.0, '_a6_': 1.0, '_a7_': 1.0}};{'d0': 0.02490583291941663};-280.569866449044;39.4332515557718
15059;-100.851681668750;((((pow2(((x / _a2_) * -(_a3_))) + _a5_) + x) * x) * _a2_);{'d0': {'_a2_': 2.1066240659636377, '_a3_': 2.6671268672279975, '_a5_': 0.8426446052156819, '_a0_': 1.0, '_a1_': 1.0, '_a4_': 1.0, '_a6_': 1.0, '_a7_': 1.0}};{'d0': 0.02490583291941663};-280.569866449044;39.4332515557718
15060;-100.851681668750;((((pow2(((x / _a2_) * -(_a3_))) + _a5_) + x) * x) * _a3_);{'d0': {'_a2_': 1.6639122114465317, '_a3_': 2.106624069512346, '_a5_': 0.8426446037914678, '_a0_': 1.0, '_a1_': 1.0, '_a4_': 1.0, '_a6_': 1.0, '_a7_': 1.0}};{'d0': 0.024905832919416632};-280.569866449044;39.4332515557718
15061;-109.408611468146;(((_a1_ * _a1_) + (pow2((_a2_ + x)) / _a3_)) * x);{'d0': {'_a1_': 1.2027369160217134, '_a2_': 0.31192970780899937, '_a3_': 0.2961417867072265, '_a0_': 1.0, '_a4_': 1.0, '_a5_': 1.0, '_a6_': 1.0, '_a7_': 1.0}};{'d0': 0.02490583291941655};-280.569866449044;30.876321756376463
15062;-109.408611468146;(((_a1_ * _a1_) + (pow2((_a2_ + x)) / _a3_)) * x);{'d0': {'_a1_': 1.2027369160217134, '_a2_': 0.31192970780899937, '_a3_': 0.2961417867072265, '_a0_': 1.0, '_a4_': 1.0, '_a5_': 1.0, '_a6_': 1.0, '_a7_': 1.0}};{'d0': 0.02490583291941655};-280.569866449044;30.876321756376463
15063;-109.408611468146;(((_a1_ * _a1_) + (pow2((_a2_ + x)) / _a3_)) * x);{'d0': {'_a1_': 1.2027369160217134, '_a2_': 0.31192970780899937, '_a3_': 0.2961417867072265, '_a0_': 1.0, '_a4_': 1.0, '_a5_': 1.0, '_a6_': 1.0, '_a7_': 1.0}};{'d0': 0.02490583291941655};-280.569866449044;30.876321756376463
15064;-109.408611468146;(((_a1_ * _a1_) + (pow2((_a2_ + x)) / _a3_)) * x);{'d0': {'_a1_': 1.2027369160217134, '_a2_': 0.31192970780899937, '_a3_': 0.2961417867072265, '_a0_': 1.0, '_a4_': 1.0, '_a5_': 1.0, '_a6_': 1.0, '_a7_': 1.0}};{'d0': 0.02490583291941655};-280.569866449044;30.876321756376463
15065;-109.408611468146;(((_a1_ * _a1_) + (pow2((_a2_ + x)) / _a3_)) * x);{'d0': {'_a1_': 1.2027369160217134, '_a2_': 0.31192970780899937, '_a3_': 0.2961417867072265, '_a0_': 1.0, '_a4_': 1.0, '_a5_': 1.0, '_a6_': 1.0, '_a7_': 1.0}};{'d0': 0.02490583291941655};-280.569866449044;30.876321756376463
15066;-109.408611468146;(((_a1_ * _a1_) + (pow2((_a2_ + x)) / _a3_)) * x);{'d0': {'_a1_': 1.2027369160217134, '_a2_': 0.31192970780899937, '_a3_': 0.2961417867072265, '_a0_': 1.0, '_a4_': 1.0, '_a5_': 1.0, '_a6_': 1.0, '_a7_': 1.0}};{'d0': 0.02490583291941655};-280.569866449044;30.876321756376463
15067;-109.408611468146;(((_a1_ * _a1_) + (pow2((_a2_ + x)) / _a3_)) * x);{'d0': {'_a1_': 1.2027369160217134, '_a2_': 0.31192970780899937, '_a3_': 0.2961417867072265, '_a0_': 1.0, '_a4_': 1.0, '_a5_': 1.0, '_a6_': 1.0, '_a7_': 1.0}};{'d0': 0.02490583291941655};-280.569866449044;30.876321756376463
15068;-100.851681668750;((((pow2(((x / _a2_) * -(_a3_))) + _a5_) + x) * x) * _a3_);{'d0': {'_a2_': 1.6639122114465317, '_a3_': 2.106624069512346, '_a5_': 0.8426446037914678, '_a0_': 1.0, '_a1_': 1.0, '_a4_': 1.0, '_a6_': 1.0, '_a7_': 1.0}};{'d0': 0.024905832919416632};-280.569866449044;39.4332515557718
15069;-100.851681668750;((((pow2(((x / _a2_) * -(_a3_))) + _a5_) + x) * x) * _a3_);{'d0': {'_a2_': 1.6639122114465317, '_a3_': 2.106624069512346, '_a5_': 0.8426446037914678, '_a0_': 1.0, '_a1_': 1.0, '_a4_': 1.0, '_a6_': 1.0, '_a7_': 1.0}};{'d0': 0.024905832919416632};-280.569866449044;39.4332515557718
15070;-100.851681668750;((((pow2(((x / _a2_) * -(_a3_))) + _a5_) + x) * x) * _a3_);{'d0': {'_a2_': 1.6639122114465317, '_a3_': 2.106624069512346, '_a5_': 0.8426446037914678, '_a0_': 1.0, '_a1_': 1.0, '_a4_': 1.0, '_a6_': 1.0, '_a7_': 1.0}};{'d0': 0.024905832919416632};-280.569866449044;39.4332515557718
15071;-100.851681668750;((((pow2(((x / _a2_) * -(_a3_))) + _a5_) + x) * x) * _a3_);{'d0': {'_a2_': 1.6639122114465317, '_a3_': 2.106624069512346, '_a5_': 0.8426446037914678, '_a0_': 1.0, '_a1_': 1.0, '_a4_': 1.0, '_a6_': 1.0, '_a7_': 1.0}};{'d0': 0.024905832919416632};-280.569866449044;39.4332515557718
15072;-100.851681668750;((((pow2(((x / _a2_) * -(_a3_))) + _a5_) + x) * x) * _a3_);{'d0': {'_a2_': 1.6639122114465317, '_a3_': 2.106624069512346, '_a5_': 0.8426446037914678, '_a0_': 1.0, '_a1_': 1.0, '_a4_': 1.0, '_a6_': 1.0, '_a7_': 1.0}};{'d0': 0.024905832919416632};-280.569866449044;39.4332515557718
15073;-100.851681668750;((((pow2(((x / _a2_) * -(_a3_))) + _a5_) + x) * x) * _a3_);{'d0': {'_a2_': 1.6639122114465317, '_a3_': 2.106624069512346, '_a5_': 0.8426446037914678, '_a0_': 1.0, '_a1_': 1.0, '_a4_': 1.0, '_a6_': 1.0, '_a7_': 1.0}};{'d0': 0.024905832919416632};-280.569866449044;39.4332515557718
15074;-100.851681668750;((((pow2(((x / _a2_) * -(_a3_))) + _a5_) + x) * x) * _a3_);{'d0': {'_a2_': 1.6639122114465317, '_a3_': 2.106624069512346, '_a5_': 0.8426446037914678, '_a0_': 1.0, '_a1_': 1.0, '_a4_': 1.0, '_a6_': 1.0, '_a7_': 1.0}};{'d0': 0.024905832919416632};-280.569866449044;39.4332515557718
15075;-100.851681668750;((((pow2(((x / _a2_) * -(_a3_))) + _a5_) + x) * x) * _a3_);{'d0': {'_a2_': 1.6639122114465317, '_a3_': 2.106624069512346, '_a5_': 0.8426446037914678, '_a0_': 1.0, '_a1_': 1.0, '_a4_': 1.0, '_a6_': 1.0, '_a7_': 1.0}};{'d0': 0.024905832919416632};-280.569866449044;39.4332515557718
15076;-100.851681668750;((((pow2(((x / _a2_) * -(_a3_))) + _a5_) + x) * x) * _a3_);{'d0': {'_a2_': 1.6639122114465317, '_a3_': 2.106624069512346, '_a5_': 0.8426446037914678, '_a0_': 1.0, '_a1_': 1.0, '_a4_': 1.0, '_a6_': 1.0, '_a7_': 1.0}};{'d0': 0.024905832919416632};-280.569866449044;39.4332515557718
15077;-100.851681668750;((((pow2(((x / _a2_) * -(_a3_))) + _a5_) + x) * x) * _a3_);{'d0': {'_a2_': 1.6639122114465317, '_a3_': 2.106624069512346, '_a5_': 0.8426446037914678, '_a0_': 1.0, '_a1_': 1.0, '_a4_': 1.0, '_a6_': 1.0, '_a7_': 1.0}};{'d0': 0.024905832919416632};-280.569866449044;39.4332515557718
15078;-100.851681668750;((((pow2(((x / _a2_) * -(_a3_))) + _a5_) + x) * x) * _a3_);{'d0': {'_a2_': 1.6639122114465317, '_a3_': 2.106624069512346, '_a5_': 0.8426446037914678, '_a0_': 1.0, '_a1_': 1.0, '_a4_': 1.0, '_a6_': 1.0, '_a7_': 1.0}};{'d0': 0.024905832919416632};-280.569866449044;39.4332515557718
15079;-100.851681668750;((((pow2(((x / _a2_) * -(_a3_))) + _a5_) + x) * x) * _a3_);{'d0': {'_a2_': 1.6639122114465317, '_a3_': 2.106624069512346, '_a5_': 0.8426446037914678, '_a0_': 1.0, '_a1_': 1.0, '_a4_': 1.0, '_a6_': 1.0, '_a7_': 1.0}};{'d0': 0.024905832919416632};-280.569866449044;39.4332515557718
15080;-100.851681668750;((((pow2(((x / _a2_) * -(_a3_))) + _a5_) + x) * x) * _a3_);{'d0': {'_a2_': 1.6639122114465317, '_a3_': 2.106624069512346, '_a5_': 0.8426446037914678, '_a0_': 1.0, '_a1_': 1.0, '_a4_': 1.0, '_a6_': 1.0, '_a7_': 1.0}};{'d0': 0.024905832919416632};-280.569866449044;39.4332515557718
15081;-100.851681668750;((((pow2(((x / _a2_) * -(_a3_))) + _a5_) + x) * x) * _a3_);{'d0': {'_a2_': 1.6639122114465317, '_a3_': 2.106624069512346, '_a5_': 0.8426446037914678, '_a0_': 1.0, '_a1_': 1.0, '_a4_': 1.0, '_a6_': 1.0, '_a7_': 1.0}};{'d0': 0.024905832919416632};-280.569866449044;39.4332515557718
15082;-100.851681668750;((((pow2(((x / _a2_) * -(_a3_))) + _a5_) + x) * x) * _a3_);{'d0': {'_a2_': 1.6639122114465317, '_a3_': 2.106624069512346, '_a5_': 0.8426446037914678, '_a0_': 1.0, '_a1_': 1.0, '_a4_': 1.0, '_a6_': 1.0, '_a7_': 1.0}};{'d0': 0.024905832919416632};-280.569866449044;39.4332515557718
15083;-100.851681668750;((((pow2(((x / _a2_) * -(_a3_))) + _a5_) + x) * x) * _a3_);{'d0': {'_a2_': 1.6639122114465317, '_a3_': 2.106624069512346, '_a5_': 0.8426446037914678, '_a0_': 1.0, '_a1_': 1.0, '_a4_': 1.0, '_a6_': 1.0, '_a7_': 1.0}};{'d0': 0.024905832919416632};-280.569866449044;39.4332515557718
15084;-100.851681668750;((((pow2(((x / _a2_) * -(_a3_))) + _a5_) + x) * x) * _a3_);{'d0': {'_a2_': 1.6639122114465317, '_a3_': 2.106624069512346, '_a5_': 0.8426446037914678, '_a0_': 1.0, '_a1_': 1.0, '_a4_': 1.0, '_a6_': 1.0, '_a7_': 1.0}};{'d0': 0.024905832919416632};-280.569866449044;39.4332515557718
15085;-100.851681668750;((((pow2(((x / _a2_) * -(_a3_))) + _a5_) + x) * x) * _a3_);{'d0': {'_a2_': 1.6639122114465317, '_a3_': 2.106624069512346, '_a5_': 0.8426446037914678, '_a0_': 1.0, '_a1_': 1.0, '_a4_': 1.0, '_a6_': 1.0, '_a7_': 1.0}};{'d0': 0.024905832919416632};-280.569866449044;39.4332515557718
15086;-100.851681668750;((((pow2(((x / _a2_) * -(_a3_))) + _a5_) + x) * x) * _a3_);{'d0': {'_a2_': 1.6639122114465317, '_a3_': 2.106624069512346, '_a5_': 0.8426446037914678, '_a0_': 1.0, '_a1_': 1.0, '_a4_': 1.0, '_a6_': 1.0, '_a7_': 1.0}};{'d0': 0.024905832919416632};-280.569866449044;39.4332515557718
15087;-100.851681668750;((((pow2(((x / _a2_) * -(_a3_))) + _a5_) + x) * x) * _a3_);{'d0': {'_a2_': 1.6639122114465317, '_a3_': 2.106624069512346, '_a5_': 0.8426446037914678, '_a0_': 1.0, '_a1_': 1.0, '_a4_': 1.0, '_a6_': 1.0, '_a7_': 1.0}};{'d0': 0.024905832919416632};-280.569866449044;39.4332515557718
15088;-100.851681668750;((((pow2(((x / _a2_) * -(_a3_))) + _a5_) + x) * x) * _a3_);{'d0': {'_a2_': 1.6639122114465317, '_a3_': 2.106624069512346, '_a5_': 0.8426446037914678, '_a0_': 1.0, '_a1_': 1.0, '_a4_': 1.0, '_a6_': 1.0, '_a7_': 1.0}};{'d0': 0.024905832919416632};-280.569866449044;39.4332515557718
15089;-100.851681668750;((((pow2(((x / _a2_) * -(_a3_))) + _a5_) + x) * x) * _a3_);{'d0': {'_a2_': 1.6639122114465317, '_a3_': 2.106624069512346, '_a5_': 0.8426446037914678, '_a0_': 1.0, '_a1_': 1.0, '_a4_': 1.0, '_a6_': 1.0, '_a7_': 1.0}};{'d0': 0.024905832919416632};-280.569866449044;39.4332515557718
15090;-100.851681668750;((((pow2(((x / _a2_) * -(_a3_))) + _a5_) + x) * x) * _a3_);{'d0': {'_a2_': 1.6639122114465317, '_a3_': 2.106624069512346, '_a5_': 0.8426446037914678, '_a0_': 1.0, '_a1_': 1.0, '_a4_': 1.0, '_a6_': 1.0, '_a7_': 1.0}};{'d0': 0.024905832919416632};-280.569866449044;39.4332515557718
15091;-100.851681668750;((((pow2(((x / _a2_) * -(_a3_))) + _a5_) + x) * x) * _a3_);{'d0': {'_a2_': 1.6639122114465317, '_a3_': 2.106624069512346, '_a5_': 0.8426446037914678, '_a0_': 1.0, '_a1_': 1.0, '_a4_': 1.0, '_a6_': 1.0, '_a7_': 1.0}};{'d0': 0.024905832919416632};-280.569866449044;39.4332515557718
15092;-100.851681668750;((((pow2(((x / _a2_) * -(_a3_))) + _a5_) + x) * x) * _a3_);{'d0': {'_a2_': 1.6639122114465317, '_a3_': 2.106624069512346, '_a5_': 0.8426446037914678, '_a0_': 1.0, '_a1_': 1.0, '_a4_': 1.0, '_a6_': 1.0, '_a7_': 1.0}};{'d0': 0.024905832919416632};-280.569866449044;39.4332515557718
15093;-100.851681668750;((((pow2(((x / _a2_) * -(_a3_))) + _a5_) + x) * x) * _a3_);{'d0': {'_a2_': 1.6639122114465317, '_a3_': 2.106624069512346, '_a5_': 0.8426446037914678, '_a0_': 1.0, '_a1_': 1.0, '_a4_': 1.0, '_a6_': 1.0, '_a7_': 1.0}};{'d0': 0.024905832919416632};-280.569866449044;39.4332515557718
15094;-100.851681668750;((((pow2(((x / _a2_) * -(_a3_))) + _a5_) + x) * x) * _a3_);{'d0': {'_a2_': 1.6639122114465317, '_a3_': 2.106624069512346, '_a5_': 0.8426446037914678, '_a0_': 1.0, '_a1_': 1.0, '_a4_': 1.0, '_a6_': 1.0, '_a7_': 1.0}};{'d0': 0.024905832919416632};-280.569866449044;39.4332515557718
15095;-100.851681668750;((((pow2(((x / _a2_) * -(_a3_))) + _a5_) + x) * x) * _a3_);{'d0': {'_a2_': 1.6639122114465317, '_a3_': 2.106624069512346, '_a5_': 0.8426446037914678, '_a0_': 1.0, '_a1_': 1.0, '_a4_': 1.0, '_a6_': 1.0, '_a7_': 1.0}};{'d0': 0.024905832919416632};-280.569866449044;39.4332515557718
15096;-100.851681668750;((((pow2(((x / _a2_) * -(_a3_))) + _a5_) + x) * x) * _a3_);{'d0': {'_a2_': 1.6639122114465317, '_a3_': 2.106624069512346, '_a5_': 0.8426446037914678, '_a0_': 1.0, '_a1_': 1.0, '_a4_': 1.0, '_a6_': 1.0, '_a7_': 1.0}};{'d0': 0.024905832919416632};-280.569866449044;39.4332515557718
15097;-100.851681668750;((((pow2(((x / _a2_) * -(_a3_))) + _a5_) + x) * x) * _a3_);{'d0': {'_a2_': 1.6639122114465317, '_a3_': 2.106624069512346, '_a5_': 0.8426446037914678, '_a0_': 1.0, '_a1_': 1.0, '_a4_': 1.0, '_a6_': 1.0, '_a7_': 1.0}};{'d0': 0.024905832919416632};-280.569866449044;39.4332515557718
15098;-100.851681668750;((((pow2(((x / _a2_) * -(_a3_))) + _a5_) + x) * x) * _a3_);{'d0': {'_a2_': 1.6639122114465317, '_a3_': 2.106624069512346, '_a5_': 0.8426446037914678, '_a0_': 1.0, '_a1_': 1.0, '_a4_': 1.0, '_a6_': 1.0, '_a7_': 1.0}};{'d0': 0.024905832919416632};-280.569866449044;39.4332515557718
15099;-100.851681668750;((((pow2(((x / _a2_) * -(_a3_))) + _a5_) + x) * x) * _a3_);{'d0': {'_a2_': 1.6639122114465317, '_a3_': 2.106624069512346, '_a5_': 0.8426446037914678, '_a0_': 1.0, '_a1_': 1.0, '_a4_': 1.0, '_a6_': 1.0, '_a7_': 1.0}};{'d0': 0.024905832919416632};-280.569866449044;39.4332515557718
15100;-100.851681668750;((((pow2(((x / _a2_) * -(_a3_))) + _a5_) + x) * x) * _a3_);{'d0': {'_a2_': 1.6639122114465317, '_a3_': 2.106624069512346, '_a5_': 0.8426446037914678, '_a0_': 1.0, '_a1_': 1.0, '_a4_': 1.0, '_a6_': 1.0, '_a7_': 1.0}};{'d0': 0.024905832919416632};-280.569866449044;39.4332515557718
15101;-100.851681668750;((((pow2(((x / _a2_) * -(_a5_))) + _a5_) + x) * x) * _a3_);{'d0': {'_a2_': 0.6655609171353021, '_a3_': 2.106624067154833, '_a5_': 0.8426446048536361, '_a0_': 1.0, '_a1_': 1.0, '_a4_': 1.0, '_a6_': 1.0, '_a7_': 1.0}};{'d0': 0.024905832919416573};-280.569866449044;39.4332515557718
15102;-100.851681668750;((((pow2(((x / _a2_) * -(_a5_))) + _a5_) + x) * x) * _a3_);{'d0': {'_a2_': 0.6655609171353021, '_a3_': 2.106624067154833, '_a5_': 0.8426446048536361, '_a0_': 1.0, '_a1_': 1.0, '_a4_': 1.0, '_a6_': 1.0, '_a7_': 1.0}};{'d0': 0.024905832919416573};-280.569866449044;39.4332515557718
15103;-100.851681668750;((((pow2(((x / _a2_) * -(_a5_))) + _a5_) + x) * x) * _a3_);{'d0': {'_a2_': 0.6655609171353021, '_a3_': 2.106624067154833, '_a5_': 0.8426446048536361, '_a0_': 1.0, '_a1_': 1.0, '_a4_': 1.0, '_a6_': 1.0, '_a7_': 1.0}};{'d0': 0.024905832919416573};-280.569866449044;39.4332515557718
15104;-100.851681668750;((((pow2(((x / _a2_) * -(_a5_))) + _a5_) + x) * x) * _a3_);{'d0': {'_a2_': 0.6655609171353021, '_a3_': 2.106624067154833, '_a5_': 0.8426446048536361, '_a0_': 1.0, '_a1_': 1.0, '_a4_': 1.0, '_a6_': 1.0, '_a7_': 1.0}};{'d0': 0.024905832919416573};-280.569866449044;39.4332515557718
15105;-100.851681668750;((((pow2(((x / _a2_) * -(_a5_))) + _a5_) + x) * x) * _a3_);{'d0': {'_a2_': 0.6655609171353021, '_a3_': 2.106624067154833, '_a5_': 0.8426446048536361, '_a0_': 1.0, '_a1_': 1.0, '_a4_': 1.0, '_a6_': 1.0, '_a7_': 1.0}};{'d0': 0.024905832919416573};-280.569866449044;39.4332515557718
15106;-100.851681668750;((((pow2(((x / _a2_) * -(_a5_))) + _a5_) + x) * x) * _a3_);{'d0': {'_a2_': 0.6655609171353021, '_a3_': 2.106624067154833, '_a5_': 0.8426446048536361, '_a0_': 1.0, '_a1_': 1.0, '_a4_': 1.0, '_a6_': 1.0, '_a7_': 1.0}};{'d0': 0.024905832919416573};-280.569866449044;39.4332515557718
15107;-100.851681668750;((((pow2(((x / _a2_) * -(_a5_))) + _a5_) + x) * x) * _a3_);{'d0': {'_a2_': 0.6655609171353021, '_a3_': 2.106624067154833, '_a5_': 0.8426446048536361, '_a0_': 1.0, '_a1_': 1.0, '_a4_': 1.0, '_a6_': 1.0, '_a7_': 1.0}};{'d0': 0.024905832919416573};-280.569866449044;39.4332515557718
15108;-100.851681668750;((((pow2(((x / _a2_) * -(_a5_))) + _a5_) + x) * x) * _a3_);{'d0': {'_a2_': 0.6655609171353021, '_a3_': 2.106624067154833, '_a5_': 0.8426446048536361, '_a0_': 1.0, '_a1_': 1.0, '_a4_': 1.0, '_a6_': 1.0, '_a7_': 1.0}};{'d0': 0.024905832919416573};-280.569866449044;39.4332515557718
15109;-100.851681668750;((((pow2(((x / _a2_) * -(_a5_))) + _a5_) + x) * x) * _a3_);{'d0': {'_a2_': 0.6655609171353021, '_a3_': 2.106624067154833, '_a5_': 0.8426446048536361, '_a0_': 1.0, '_a1_': 1.0, '_a4_': 1.0, '_a6_': 1.0, '_a7_': 1.0}};{'d0': 0.024905832919416573};-280.569866449044;39.4332515557718
15110;-100.851681668750;((((pow2(((x / _a2_) * -(_a5_))) + _a5_) + x) * x) * _a3_);{'d0': {'_a2_': 0.6655609171353021, '_a3_': 2.106624067154833, '_a5_': 0.8426446048536361, '_a0_': 1.0, '_a1_': 1.0, '_a4_': 1.0, '_a6_': 1.0, '_a7_': 1.0}};{'d0': 0.024905832919416573};-280.569866449044;39.4332515557718
15111;-100.851681668750;((((pow2(((x / _a2_) * -(_a5_))) + _a5_) + x) * x) * _a3_);{'d0': {'_a2_': 0.6655609171353021, '_a3_': 2.106624067154833, '_a5_': 0.8426446048536361, '_a0_': 1.0, '_a1_': 1.0, '_a4_': 1.0, '_a6_': 1.0, '_a7_': 1.0}};{'d0': 0.024905832919416573};-280.569866449044;39.4332515557718
15112;-100.851681668750;((((pow2(((x / _a2_) * -(_a5_))) + _a5_) + x) * x) * _a3_);{'d0': {'_a2_': 0.6655609171353021, '_a3_': 2.106624067154833, '_a5_': 0.8426446048536361, '_a0_': 1.0, '_a1_': 1.0, '_a4_': 1.0, '_a6_': 1.0, '_a7_': 1.0}};{'d0': 0.024905832919416573};-280.569866449044;39.4332515557718
15113;-100.731372386123;((((pow2(((x + _a2_) * -(_a5_))) + _a5_) + x) * x) * _a3_);{'d0': {'_a2_': 0.19255835123374576, '_a3_': 0.8061770554452182, '_a5_': 2.0466092723086966, '_a0_': 1.0, '_a1_': 1.0, '_a4_': 1.0, '_a6_': 1.0, '_a7_': 1.0}};{'d0': 0.024905832919416646};-280.569866449044;39.5535608383994
15114;-100.731372386123;((((pow2(((x + _a2_) * -(_a5_))) + _a5_) + x) * x) * _a3_);{'d0': {'_a2_': 0.19255835123374576, '_a3_': 0.8061770554452182, '_a5_': 2.0466092723086966, '_a0_': 1.0, '_a1_': 1.0, '_a4_': 1.0, '_a6_': 1.0, '_a7_': 1.0}};{'d0': 0.024905832919416646};-280.569866449044;39.5535608383994
15115;-100.731372386123;((((pow2(((x + _a2_) * -(_a5_))) + _a5_) + x) * x) * _a3_);{'d0': {'_a2_': 0.19255835123374576, '_a3_': 0.8061770554452182, '_a5_': 2.0466092723086966, '_a0_': 1.0, '_a1_': 1.0, '_a4_': 1.0, '_a6_': 1.0, '_a7_': 1.0}};{'d0': 0.024905832919416646};-280.569866449044;39.5535608383994
15116;-100.731372386123;((((pow2(((x + _a2_) * -(_a5_))) + _a5_) + x) * x) * _a3_);{'d0': {'_a2_': 0.19255835123374576, '_a3_': 0.8061770554452182, '_a5_': 2.0466092723086966, '_a0_': 1.0, '_a1_': 1.0, '_a4_': 1.0, '_a6_': 1.0, '_a7_': 1.0}};{'d0': 0.024905832919416646};-280.569866449044;39.5535608383994
15117;-100.731372386123;((((pow2(((x + _a2_) * -(_a5_))) + _a5_) + x) * x) * _a3_);{'d0': {'_a2_': 0.19255835123374576, '_a3_': 0.8061770554452182, '_a5_': 2.0466092723086966, '_a0_': 1.0, '_a1_': 1.0, '_a4_': 1.0, '_a6_': 1.0, '_a7_': 1.0}};{'d0': 0.024905832919416646};-280.569866449044;39.5535608383994
15118;-99.8734541873882;(((_a7_ / _a3_) + (pow2((pow2((_a3_ * _a4_)) + x)) / _a3_)) * x);{'d0': {'_a3_': 0.2961417867241335, '_a4_': 1.8859434959396197, '_a7_': 0.42839162764003713, '_a0_': 1.0, '_a1_': 1.0, '_a2_': 1.0, '_a5_': 1.0, '_a6_': 1.0}};{'d0': 0.024905832919416657};-280.569866449044;40.41147903713366
15119;-99.8734541873882;(((_a7_ / _a3_) + (pow2((pow2((_a3_ * _a4_)) + x)) / _a3_)) * x);{'d0': {'_a3_': 0.2961417867241335, '_a4_': 1.8859434959396197, '_a7_': 0.42839162764003713, '_a0_': 1.0, '_a1_': 1.0, '_a2_': 1.0, '_a5_': 1.0, '_a6_': 1.0}};{'d0': 0.024905832919416657};-280.569866449044;40.41147903713366
15120;-99.8734541873882;(((_a7_ / _a3_) + (pow2((pow2((_a3_ * _a4_)) + x)) / _a3_)) * x);{'d0': {'_a3_': 0.2961417867241335, '_a4_': 1.8859434959396197, '_a7_': 0.42839162764003713, '_a0_': 1.0, '_a1_': 1.0, '_a2_': 1.0, '_a5_': 1.0, '_a6_': 1.0}};{'d0': 0.024905832919416657};-280.569866449044;40.41147903713366
15121;-105.710676995535;((_a7_ + (pow2((pow2((_a3_ * _a4_)) + x)) / _a3_)) * x);{'d0': {'_a3_': 0.29614178657600004, '_a4_': 1.8859434971532631, '_a7_': 1.4465760889285215, '_a0_': 1.0, '_a1_': 1.0, '_a2_': 1.0, '_a5_': 1.0, '_a6_': 1.0}};{'d0': 0.024905832919416733};-280.569866449043;34.57425622898646
15122;-105.710676995535;((_a7_ + (pow2((pow2((_a3_ * _a4_)) + x)) / _a3_)) * x);{'d0': {'_a3_': 0.29614178657600004, '_a4_': 1.8859434971532631, '_a7_': 1.4465760889285215, '_a0_': 1.0, '_a1_': 1.0, '_a2_': 1.0, '_a5_': 1.0, '_a6_': 1.0}};{'d0': 0.024905832919416733};-280.569866449043;34.57425622898646
15123;-105.710676995535;((_a7_ + (pow2((pow2((_a3_ * _a4_)) + x)) / _a3_)) * x);{'d0': {'_a3_': 0.29614178657600004, '_a4_': 1.8859434971532631, '_a7_': 1.4465760889285215, '_a0_': 1.0, '_a1_': 1.0, '_a2_': 1.0, '_a5_': 1.0, '_a6_': 1.0}};{'d0': 0.024905832919416733};-280.569866449043;34.57425622898646
15124;-105.710676995535;((_a7_ + (pow2((pow2((_a3_ * _a4_)) + x)) / _a3_)) * x);{'d0': {'_a3_': 0.29614178657600004, '_a4_': 1.8859434971532631, '_a7_': 1.4465760889285215, '_a0_': 1.0, '_a1_': 1.0, '_a2_': 1.0, '_a5_': 1.0, '_a6_': 1.0}};{'d0': 0.024905832919416733};-280.569866449043;34.57425622898646
15125;-105.710676995535;((_a7_ + (pow2((pow2((_a3_ * _a4_)) + x)) / _a3_)) * x);{'d0': {'_a3_': 0.29614178657600004, '_a4_': 1.8859434971532631, '_a7_': 1.4465760889285215, '_a0_': 1.0, '_a1_': 1.0, '_a2_': 1.0, '_a5_': 1.0, '_a6_': 1.0}};{'d0': 0.024905832919416733};-280.569866449043;34.57425622898646
15126;-105.710676995535;((_a7_ + (pow2((pow2((_a3_ * _a4_)) + x)) / _a3_)) * x);{'d0': {'_a3_': 0.29614178657600004, '_a4_': 1.8859434971532631, '_a7_': 1.4465760889285215, '_a0_': 1.0, '_a1_': 1.0, '_a2_': 1.0, '_a5_': 1.0, '_a6_': 1.0}};{'d0': 0.024905832919416733};-280.569866449043;34.57425622898646
15127;-105.710676995535;((_a7_ + (pow2((pow2((_a3_ * _a4_)) + x)) / _a3_)) * x);{'d0': {'_a3_': 0.29614178657600004, '_a4_': 1.8859434971532631, '_a7_': 1.4465760889285215, '_a0_': 1.0, '_a1_': 1.0, '_a2_': 1.0, '_a5_': 1.0, '_a6_': 1.0}};{'d0': 0.024905832919416733};-280.569866449043;34.57425622898646
15128;-105.710676995535;((_a7_ + (pow2((pow2((_a3_ * _a4_)) + x)) / _a3_)) * x);{'d0': {'_a3_': 0.29614178657600004, '_a4_': 1.8859434971532631, '_a7_': 1.4465760889285215, '_a0_': 1.0, '_a1_': 1.0, '_a2_': 1.0, '_a5_': 1.0, '_a6_': 1.0}};{'d0': 0.024905832919416733};-280.569866449043;34.57425622898646
15129;-105.710676995535;((_a7_ + (pow2((pow2((_a3_ * _a4_)) + x)) / _a3_)) * x);{'d0': {'_a3_': 0.29614178657600004, '_a4_': 1.8859434971532631, '_a7_': 1.4465760889285215, '_a0_': 1.0, '_a1_': 1.0, '_a2_': 1.0, '_a5_': 1.0, '_a6_': 1.0}};{'d0': 0.024905832919416733};-280.569866449043;34.57425622898646
15130;-105.710676995535;((_a7_ + (pow2((pow2((_a3_ * _a4_)) + x)) / _a3_)) * x);{'d0': {'_a3_': 0.29614178657600004, '_a4_': 1.8859434971532631, '_a7_': 1.4465760889285215, '_a0_': 1.0, '_a1_': 1.0, '_a2_': 1.0, '_a5_': 1.0, '_a6_': 1.0}};{'d0': 0.024905832919416733};-280.569866449043;34.57425622898646
15131;-105.710676995535;((_a7_ + (pow2((pow2((_a3_ * _a4_)) + x)) / _a3_)) * x);{'d0': {'_a3_': 0.29614178657600004, '_a4_': 1.8859434971532631, '_a7_': 1.4465760889285215, '_a0_': 1.0, '_a1_': 1.0, '_a2_': 1.0, '_a5_': 1.0, '_a6_': 1.0}};{'d0': 0.024905832919416733};-280.569866449043;34.57425622898646
15132;-105.710676995535;((_a7_ + (pow2((pow2((_a3_ * _a4_)) + x)) / _a3_)) * x);{'d0': {'_a3_': 0.29614178657600004, '_a4_': 1.8859434971532631, '_a7_': 1.4465760889285215, '_a0_': 1.0, '_a1_': 1.0, '_a2_': 1.0, '_a5_': 1.0, '_a6_': 1.0}};{'d0': 0.024905832919416733};-280.569866449043;34.57425622898646
15133;-105.710676995535;((_a7_ + (pow2((pow2((_a3_ * _a4_)) + x)) / _a3_)) * x);{'d0': {'_a3_': 0.29614178657600004, '_a4_': 1.8859434971532631, '_a7_': 1.4465760889285215, '_a0_': 1.0, '_a1_': 1.0, '_a2_': 1.0, '_a5_': 1.0, '_a6_': 1.0}};{'d0': 0.024905832919416733};-280.569866449043;34.57425622898646
15134;-105.710676995535;((_a7_ + (pow2((pow2((_a3_ * _a4_)) + x)) / _a3_)) * x);{'d0': {'_a3_': 0.29614178657600004, '_a4_': 1.8859434971532631, '_a7_': 1.4465760889285215, '_a0_': 1.0, '_a1_': 1.0, '_a2_': 1.0, '_a5_': 1.0, '_a6_': 1.0}};{'d0': 0.024905832919416733};-280.569866449043;34.57425622898646
15135;-105.710676995535;((_a7_ + (pow2((pow2((_a3_ * _a4_)) + x)) / _a3_)) * x);{'d0': {'_a3_': 0.29614178657600004, '_a4_': 1.8859434971532631, '_a7_': 1.4465760889285215, '_a0_': 1.0, '_a1_': 1.0, '_a2_': 1.0, '_a5_': 1.0, '_a6_': 1.0}};{'d0': 0.024905832919416733};-280.569866449043;34.57425622898646
15136;-105.710676995535;((_a7_ + (pow2((pow2((_a3_ * _a4_)) + x)) / _a3_)) * x);{'d0': {'_a3_': 0.29614178657600004, '_a4_': 1.8859434971532631, '_a7_': 1.4465760889285215, '_a0_': 1.0, '_a1_': 1.0, '_a2_': 1.0, '_a5_': 1.0, '_a6_': 1.0}};{'d0': 0.024905832919416733};-280.569866449043;34.57425622898646
15137;-105.710676995535;((_a7_ + (pow2((pow2((_a3_ * _a4_)) + x)) / _a3_)) * x);{'d0': {'_a3_': 0.29614178657600004, '_a4_': 1.8859434971532631, '_a7_': 1.4465760889285215, '_a0_': 1.0, '_a1_': 1.0, '_a2_': 1.0, '_a5_': 1.0, '_a6_': 1.0}};{'d0': 0.024905832919416733};-280.569866449043;34.57425622898646
15138;-105.710676995535;((_a7_ + (pow2((pow2((_a3_ * _a4_)) + x)) / _a3_)) * x);{'d0': {'_a3_': 0.29614178657600004, '_a4_': 1.8859434971532631, '_a7_': 1.4465760889285215, '_a0_': 1.0, '_a1_': 1.0, '_a2_': 1.0, '_a5_': 1.0, '_a6_': 1.0}};{'d0': 0.024905832919416733};-280.569866449043;34.57425622898646
15139;-105.710676995535;((_a7_ + (pow2((pow2((_a3_ * _a4_)) + x)) / _a3_)) * x);{'d0': {'_a3_': 0.29614178657600004, '_a4_': 1.8859434971532631, '_a7_': 1.4465760889285215, '_a0_': 1.0, '_a1_': 1.0, '_a2_': 1.0, '_a5_': 1.0, '_a6_': 1.0}};{'d0': 0.024905832919416733};-280.569866449043;34.57425622898646
15140;-105.710676995535;((_a7_ + (pow2((pow2((_a3_ * _a4_)) + x)) / _a3_)) * x);{'d0': {'_a3_': 0.29614178657600004, '_a4_': 1.8859434971532631, '_a7_': 1.4465760889285215, '_a0_': 1.0, '_a1_': 1.0, '_a2_': 1.0, '_a5_': 1.0, '_a6_': 1.0}};{'d0': 0.024905832919416733};-280.569866449043;34.57425622898646
15141;-105.728664307885;((_a7_ + (pow2((-((_a3_ * _a4_)) + x)) / _a3_)) * x);{'d0': {'_a3_': 0.2961417867463744, '_a4_': -1.0533120339303441, '_a7_': 1.446576089126109, '_a0_': 1.0, '_a1_': 1.0, '_a2_': 1.0, '_a5_': 1.0, '_a6_': 1.0}};{'d0': 0.024905832919416723};-280.569866449043;34.556268916636846
15142;-105.728664307885;((_a7_ + (pow2((-((_a3_ * _a4_)) + x)) / _a3_)) * x);{'d0': {'_a3_': 0.2961417867463744, '_a4_': -1.0533120339303441, '_a7_': 1.446576089126109, '_a0_': 1.0, '_a1_': 1.0, '_a2_': 1.0, '_a5_': 1.0, '_a6_': 1.0}};{'d0': 0.024905832919416723};-280.569866449043;34.556268916636846
15143;-110.533289660698;((_a7_ + (pow2((-(_a0_) + x)) / _a3_)) * x);{'d0': {'_a0_': -0.3119297077507181, '_a3_': 0.29614178660953056, '_a7_': 1.4465760887036936, '_a1_': 1.0, '_a2_': 1.0, '_a4_': 1.0, '_a5_': 1.0, '_a6_': 1.0}};{'d0': 0.024905832919416705};-280.569866449043;29.751643563823848
15144;-110.533289660698;((_a7_ + (pow2((-(_a0_) + x)) / _a3_)) * x);{'d0': {'_a0_': -0.3119297077507181, '_a3_': 0.29614178660953056, '_a7_': 1.4465760887036936, '_a1_': 1.0, '_a2_': 1.0, '_a4_': 1.0, '_a5_': 1.0, '_a6_': 1.0}};{'d0': 0.024905832919416705};-280.569866449043;29.751643563823848
15145;-110.533289660698;((_a7_ + (pow2((-(_a0_) + x)) / _a3_)) * x);{'d0': {'_a0_': -0.3119297077507181, '_a3_': 0.29614178660953056, '_a7_': 1.4465760887036936, '_a1_': 1.0, '_a2_': 1.0, '_a4_': 1.0, '_a5_': 1.0, '_a6_': 1.0}};{'d0': 0.024905832919416705};-280.569866449043;29.751643563823848
15146;-110.533289660698;((_a7_ + (pow2((-(_a0_) + x)) / _a3_)) * x);{'d0': {'_a0_': -0.3119297077507181, '_a3_': 0.29614178660953056, '_a7_': 1.4465760887036936, '_a1_': 1.0, '_a2_': 1.0, '_a4_': 1.0, '_a5_': 1.0, '_a6_': 1.0}};{'d0': 0.024905832919416705};-280.569866449043;29.751643563823848
15147;-110.533289660698;((_a7_ + (pow2((-(_a0_) + x)) / _a3_)) * x);{'d0': {'_a0_': -0.3119297077507181, '_a3_': 0.29614178660953056, '_a7_': 1.4465760887036936, '_a1_': 1.0, '_a2_': 1.0, '_a4_': 1.0, '_a5_': 1.0, '_a6_': 1.0}};{'d0': 0.024905832919416705};-280.569866449043;29.751643563823848
15148;-110.533289660698;((_a7_ + (pow2((-(_a0_) + x)) / _a3_)) * x);{'d0': {'_a0_': -0.3119297077507181, '_a3_': 0.29614178660953056, '_a7_': 1.4465760887036936, '_a1_': 1.0, '_a2_': 1.0, '_a4_': 1.0, '_a5_': 1.0, '_a6_': 1.0}};{'d0': 0.024905832919416705};-280.569866449043;29.751643563823848
15149;-110.533289660698;((_a7_ + (pow2((-(_a0_) + x)) / _a3_)) * x);{'d0': {'_a0_': -0.3119297077507181, '_a3_': 0.29614178660953056, '_a7_': 1.4465760887036936, '_a1_': 1.0, '_a2_': 1.0, '_a4_': 1.0, '_a5_': 1.0, '_a6_': 1.0}};{'d0': 0.024905832919416705};-280.569866449043;29.751643563823848
15150;-110.533289660698;((_a7_ + (pow2((-(_a0_) + x)) / _a3_)) * x);{'d0': {'_a0_': -0.3119297077507181, '_a3_': 0.29614178660953056, '_a7_': 1.4465760887036936, '_a1_': 1.0, '_a2_': 1.0, '_a4_': 1.0, '_a5_': 1.0, '_a6_': 1.0}};{'d0': 0.024905832919416705};-280.569866449043;29.751643563823848
15151;-110.533289660698;((_a7_ + (pow2((-(_a0_) + x)) / _a3_)) * x);{'d0': {'_a0_': -0.3119297077507181, '_a3_': 0.29614178660953056, '_a7_': 1.4465760887036936, '_a1_': 1.0, '_a2_': 1.0, '_a4_': 1.0, '_a5_': 1.0, '_a6_': 1.0}};{'d0': 0.024905832919416705};-280.569866449043;29.751643563823848
15152;-110.533289660698;((_a7_ + (pow2((-(_a0_) + x)) / _a3_)) * x);{'d0': {'_a0_': -0.3119297077507181, '_a3_': 0.29614178660953056, '_a7_': 1.4465760887036936, '_a1_': 1.0, '_a2_': 1.0, '_a4_': 1.0, '_a5_': 1.0, '_a6_': 1.0}};{'d0': 0.024905832919416705};-280.569866449043;29.751643563823848
15153;-110.533289660698;((_a7_ + (pow2((-(_a0_) + x)) / _a3_)) * x);{'d0': {'_a0_': -0.3119297077507181, '_a3_': 0.29614178660953056, '_a7_': 1.4465760887036936, '_a1_': 1.0, '_a2_': 1.0, '_a4_': 1.0, '_a5_': 1.0, '_a6_': 1.0}};{'d0': 0.024905832919416705};-280.569866449043;29.751643563823848
15154;-110.533289660698;((_a7_ + (pow2((-(_a0_) + x)) / _a3_)) * x);{'d0': {'_a0_': -0.3119297077507181, '_a3_': 0.29614178660953056, '_a7_': 1.4465760887036936, '_a1_': 1.0, '_a2_': 1.0, '_a4_': 1.0, '_a5_': 1.0, '_a6_': 1.0}};{'d0': 0.024905832919416705};-280.569866449043;29.751643563823848
15155;-110.533289660698;((_a7_ + (pow2((-(_a0_) + x)) / _a3_)) * x);{'d0': {'_a0_': -0.3119297077507181, '_a3_': 0.29614178660953056, '_a7_': 1.4465760887036936, '_a1_': 1.0, '_a2_': 1.0, '_a4_': 1.0, '_a5_': 1.0, '_a6_': 1.0}};{'d0': 0.024905832919416705};-280.569866449043;29.751643563823848
15156;-110.533289660698;((_a7_ + (pow2((-(_a0_) + x)) / _a3_)) * x);{'d0': {'_a0_': -0.3119297077507181, '_a3_': 0.29614178660953056, '_a7_': 1.4465760887036936, '_a1_': 1.0, '_a2_': 1.0, '_a4_': 1.0, '_a5_': 1.0, '_a6_': 1.0}};{'d0': 0.024905832919416705};-280.569866449043;29.751643563823848
15157;-110.533289660698;((_a7_ + (pow2((-(_a0_) + x)) / _a3_)) * x);{'d0': {'_a0_': -0.3119297077507181, '_a3_': 0.29614178660953056, '_a7_': 1.4465760887036936, '_a1_': 1.0, '_a2_': 1.0, '_a4_': 1.0, '_a5_': 1.0, '_a6_': 1.0}};{'d0': 0.024905832919416705};-280.569866449043;29.751643563823848
15158;-110.533289660698;((_a7_ + (pow2((-(_a0_) + x)) / _a3_)) * x);{'d0': {'_a0_': -0.3119297077507181, '_a3_': 0.29614178660953056, '_a7_': 1.4465760887036936, '_a1_': 1.0, '_a2_': 1.0, '_a4_': 1.0, '_a5_': 1.0, '_a6_': 1.0}};{'d0': 0.024905832919416705};-280.569866449043;29.751643563823848
15159;-110.533289660698;((_a7_ + (pow2((-(_a0_) + x)) / _a3_)) * x);{'d0': {'_a0_': -0.3119297077507181, '_a3_': 0.29614178660953056, '_a7_': 1.4465760887036936, '_a1_': 1.0, '_a2_': 1.0, '_a4_': 1.0, '_a5_': 1.0, '_a6_': 1.0}};{'d0': 0.024905832919416705};-280.569866449043;29.751643563823848
15160;-110.533289660698;((_a7_ + (pow2((-(_a0_) + x)) / _a3_)) * x);{'d0': {'_a0_': -0.3119297077507181, '_a3_': 0.29614178660953056, '_a7_': 1.4465760887036936, '_a1_': 1.0, '_a2_': 1.0, '_a4_': 1.0, '_a5_': 1.0, '_a6_': 1.0}};{'d0': 0.024905832919416705};-280.569866449043;29.751643563823848
15161;-110.533289660698;((_a7_ + (pow2((-(_a0_) + x)) / _a3_)) * x);{'d0': {'_a0_': -0.3119297077507181, '_a3_': 0.29614178660953056, '_a7_': 1.4465760887036936, '_a1_': 1.0, '_a2_': 1.0, '_a4_': 1.0, '_a5_': 1.0, '_a6_': 1.0}};{'d0': 0.024905832919416705};-280.569866449043;29.751643563823848
15162;-110.533289660698;((_a7_ + (pow2((-(_a0_) + x)) / _a3_)) * x);{'d0': {'_a0_': -0.3119297077507181, '_a3_': 0.29614178660953056, '_a7_': 1.4465760887036936, '_a1_': 1.0, '_a2_': 1.0, '_a4_': 1.0, '_a5_': 1.0, '_a6_': 1.0}};{'d0': 0.024905832919416705};-280.569866449043;29.751643563823848
15163;-110.533289660698;((_a7_ + (pow2((-(_a0_) + x)) / _a3_)) * x);{'d0': {'_a0_': -0.3119297077507181, '_a3_': 0.29614178660953056, '_a7_': 1.4465760887036936, '_a1_': 1.0, '_a2_': 1.0, '_a4_': 1.0, '_a5_': 1.0, '_a6_': 1.0}};{'d0': 0.024905832919416705};-280.569866449043;29.751643563823848
15164;-110.533289660698;((_a7_ + (pow2((-(_a0_) + x)) / _a3_)) * x);{'d0': {'_a0_': -0.3119297077507181, '_a3_': 0.29614178660953056, '_a7_': 1.4465760887036936, '_a1_': 1.0, '_a2_': 1.0, '_a4_': 1.0, '_a5_': 1.0, '_a6_': 1.0}};{'d0': 0.024905832919416705};-280.569866449043;29.751643563823848
15165;-110.533289660698;((_a7_ + (pow2((-(_a0_) + x)) / _a3_)) * x);{'d0': {'_a0_': -0.3119297077507181, '_a3_': 0.29614178660953056, '_a7_': 1.4465760887036936, '_a1_': 1.0, '_a2_': 1.0, '_a4_': 1.0, '_a5_': 1.0, '_a6_': 1.0}};{'d0': 0.024905832919416705};-280.569866449043;29.751643563823848
15166;-110.533289660698;((_a7_ + (pow2((-(_a0_) + x)) / _a3_)) * x);{'d0': {'_a0_': -0.3119297077507181, '_a3_': 0.29614178660953056, '_a7_': 1.4465760887036936, '_a1_': 1.0, '_a2_': 1.0, '_a4_': 1.0, '_a5_': 1.0, '_a6_': 1.0}};{'d0': 0.024905832919416705};-280.569866449043;29.751643563823848
15167;-110.533289660698;((_a7_ + (pow2((-(_a0_) + x)) / _a3_)) * x);{'d0': {'_a0_': -0.3119297077507181, '_a3_': 0.29614178660953056, '_a7_': 1.4465760887036936, '_a1_': 1.0, '_a2_': 1.0, '_a4_': 1.0, '_a5_': 1.0, '_a6_': 1.0}};{'d0': 0.024905832919416705};-280.569866449043;29.751643563823848
15168;-110.533289660698;((_a7_ + (pow2((-(_a0_) + x)) / _a3_)) * x);{'d0': {'_a0_': -0.3119297077507181, '_a3_': 0.29614178660953056, '_a7_': 1.4465760887036936, '_a1_': 1.0, '_a2_': 1.0, '_a4_': 1.0, '_a5_': 1.0, '_a6_': 1.0}};{'d0': 0.024905832919416705};-280.569866449043;29.751643563823848
15169;-110.533289660698;((_a7_ + (pow2((-(_a0_) + x)) / _a3_)) * x);{'d0': {'_a0_': -0.3119297077507181, '_a3_': 0.29614178660953056, '_a7_': 1.4465760887036936, '_a1_': 1.0, '_a2_': 1.0, '_a4_': 1.0, '_a5_': 1.0, '_a6_': 1.0}};{'d0': 0.024905832919416705};-280.569866449043;29.751643563823848
15170;-110.533289660698;((_a7_ + (pow2((-(_a0_) + x)) / _a3_)) * x);{'d0': {'_a0_': -0.3119297077507181, '_a3_': 0.29614178660953056, '_a7_': 1.4465760887036936, '_a1_': 1.0, '_a2_': 1.0, '_a4_': 1.0, '_a5_': 1.0, '_a6_': 1.0}};{'d0': 0.024905832919416705};-280.569866449043;29.751643563823848
15171;-110.533289660698;((_a7_ + (pow2((-(_a0_) + x)) / _a3_)) * x);{'d0': {'_a0_': -0.3119297077507181, '_a3_': 0.29614178660953056, '_a7_': 1.4465760887036936, '_a1_': 1.0, '_a2_': 1.0, '_a4_': 1.0, '_a5_': 1.0, '_a6_': 1.0}};{'d0': 0.024905832919416705};-280.569866449043;29.751643563823848
15172;-110.533289660698;((_a7_ + (pow2((-(_a0_) + x)) / _a3_)) * x);{'d0': {'_a0_': -0.3119297077507181, '_a3_': 0.29614178660953056, '_a7_': 1.4465760887036936, '_a1_': 1.0, '_a2_': 1.0, '_a4_': 1.0, '_a5_': 1.0, '_a6_': 1.0}};{'d0': 0.024905832919416705};-280.569866449043;29.751643563823848
15173;-110.533289660698;((_a7_ + (pow2((-(_a0_) + x)) / _a3_)) * x);{'d0': {'_a0_': -0.3119297077507181, '_a3_': 0.29614178660953056, '_a7_': 1.4465760887036936, '_a1_': 1.0, '_a2_': 1.0, '_a4_': 1.0, '_a5_': 1.0, '_a6_': 1.0}};{'d0': 0.024905832919416705};-280.569866449043;29.751643563823848
15174;-110.331920595413;(((pow2(((_a0_ * x) + _a7_)) * _a5_) + _a5_) * x);{'d0': {'_a0_': 1.5278457555085543, '_a5_': 1.4465760910310592, '_a7_': 0.4765804798726077, '_a1_': 1.0, '_a2_': 1.0, '_a3_': 1.0, '_a4_': 1.0, '_a6_': 1.0}};{'d0': 0.02490583291941666};-280.569866449044;29.95301262910895
15175;-110.331920595413;(((pow2(((_a0_ * x) + _a7_)) * _a5_) + _a5_) * x);{'d0': {'_a0_': 1.5278457555085543, '_a5_': 1.4465760910310592, '_a7_': 0.4765804798726077, '_a1_': 1.0, '_a2_': 1.0, '_a3_': 1.0, '_a4_': 1.0, '_a6_': 1.0}};{'d0': 0.02490583291941666};-280.569866449044;29.95301262910895
15176;-110.331920595413;(((pow2(((_a0_ * x) + _a7_)) * _a5_) + _a5_) * x);{'d0': {'_a0_': 1.5278457555085543, '_a5_': 1.4465760910310592, '_a7_': 0.4765804798726077, '_a1_': 1.0, '_a2_': 1.0, '_a3_': 1.0, '_a4_': 1.0, '_a6_': 1.0}};{'d0': 0.02490583291941666};-280.569866449044;29.95301262910895
15177;-110.331920595413;(((pow2(((_a0_ * x) + _a7_)) * _a5_) + _a5_) * x);{'d0': {'_a0_': 1.5278457555085543, '_a5_': 1.4465760910310592, '_a7_': 0.4765804798726077, '_a1_': 1.0, '_a2_': 1.0, '_a3_': 1.0, '_a4_': 1.0, '_a6_': 1.0}};{'d0': 0.02490583291941666};-280.569866449044;29.95301262910895
15178;-110.331920595413;(((pow2(((_a0_ * x) + _a7_)) * _a5_) + _a5_) * x);{'d0': {'_a0_': 1.5278457555085543, '_a5_': 1.4465760910310592, '_a7_': 0.4765804798726077, '_a1_': 1.0, '_a2_': 1.0, '_a3_': 1.0, '_a4_': 1.0, '_a6_': 1.0}};{'d0': 0.02490583291941666};-280.569866449044;29.95301262910895
15179;-110.331920595413;(((pow2(((_a0_ * x) + _a7_)) * _a5_) + _a5_) * x);{'d0': {'_a0_': 1.5278457555085543, '_a5_': 1.4465760910310592, '_a7_': 0.4765804798726077, '_a1_': 1.0, '_a2_': 1.0, '_a3_': 1.0, '_a4_': 1.0, '_a6_': 1.0}};{'d0': 0.02490583291941666};-280.569866449044;29.95301262910895
15180;-110.331920595413;(((pow2(((_a0_ * x) + _a7_)) * _a5_) + _a5_) * x);{'d0': {'_a0_': 1.5278457555085543, '_a5_': 1.4465760910310592, '_a7_': 0.4765804798726077, '_a1_': 1.0, '_a2_': 1.0, '_a3_': 1.0, '_a4_': 1.0, '_a6_': 1.0}};{'d0': 0.02490583291941666};-280.569866449044;29.95301262910895
15181;-110.533289660698;((_a7_ + (pow2((-(_a0_) + x)) / _a3_)) * x);{'d0': {'_a0_': -0.3119297077507181, '_a3_': 0.29614178660953056, '_a7_': 1.4465760887036936, '_a1_': 1.0, '_a2_': 1.0, '_a4_': 1.0, '_a5_': 1.0, '_a6_': 1.0}};{'d0': 0.024905832919416705};-280.569866449043;29.751643563823848
15182;-110.533289660698;((_a7_ + (pow2((-(_a0_) + x)) / _a3_)) * x);{'d0': {'_a0_': -0.3119297077507181, '_a3_': 0.29614178660953056, '_a7_': 1.4465760887036936, '_a1_': 1.0, '_a2_': 1.0, '_a4_': 1.0, '_a5_': 1.0, '_a6_': 1.0}};{'d0': 0.024905832919416705};-280.569866449043;29.751643563823848
15183;-110.533289660698;((_a7_ + (pow2((-(_a0_) + x)) / _a3_)) * x);{'d0': {'_a0_': -0.3119297077507181, '_a3_': 0.29614178660953056, '_a7_': 1.4465760887036936, '_a1_': 1.0, '_a2_': 1.0, '_a4_': 1.0, '_a5_': 1.0, '_a6_': 1.0}};{'d0': 0.024905832919416705};-280.569866449043;29.751643563823848
15184;-110.331920595413;(((pow2(((_a0_ * x) + _a7_)) * _a5_) + _a5_) * x);{'d0': {'_a0_': 1.5278457555085543, '_a5_': 1.4465760910310592, '_a7_': 0.4765804798726077, '_a1_': 1.0, '_a2_': 1.0, '_a3_': 1.0, '_a4_': 1.0, '_a6_': 1.0}};{'d0': 0.02490583291941666};-280.569866449044;29.95301262910895
15185;-110.331920595413;(((pow2(((_a0_ * x) + _a7_)) * _a5_) + _a5_) * x);{'d0': {'_a0_': 1.5278457555085543, '_a5_': 1.4465760910310592, '_a7_': 0.4765804798726077, '_a1_': 1.0, '_a2_': 1.0, '_a3_': 1.0, '_a4_': 1.0, '_a6_': 1.0}};{'d0': 0.02490583291941666};-280.569866449044;29.95301262910895
15186;-110.331920595413;(((pow2(((_a0_ * x) + _a7_)) * _a5_) + _a5_) * x);{'d0': {'_a0_': 1.5278457555085543, '_a5_': 1.4465760910310592, '_a7_': 0.4765804798726077, '_a1_': 1.0, '_a2_': 1.0, '_a3_': 1.0, '_a4_': 1.0, '_a6_': 1.0}};{'d0': 0.02490583291941666};-280.569866449044;29.95301262910895
15187;-110.331920595413;(((pow2(((_a0_ * x) + _a7_)) * _a5_) + _a5_) * x);{'d0': {'_a0_': 1.5278457555085543, '_a5_': 1.4465760910310592, '_a7_': 0.4765804798726077, '_a1_': 1.0, '_a2_': 1.0, '_a3_': 1.0, '_a4_': 1.0, '_a6_': 1.0}};{'d0': 0.02490583291941666};-280.569866449044;29.95301262910895
15188;-110.331920595413;(((pow2(((_a0_ * x) + _a7_)) * _a5_) + _a5_) * x);{'d0': {'_a0_': 1.5278457555085543, '_a5_': 1.4465760910310592, '_a7_': 0.4765804798726077, '_a1_': 1.0, '_a2_': 1.0, '_a3_': 1.0, '_a4_': 1.0, '_a6_': 1.0}};{'d0': 0.02490583291941666};-280.569866449044;29.95301262910895
15189;-110.331920595413;(((pow2(((_a0_ * x) + _a7_)) * _a5_) + _a5_) * x);{'d0': {'_a0_': 1.5278457555085543, '_a5_': 1.4465760910310592, '_a7_': 0.4765804798726077, '_a1_': 1.0, '_a2_': 1.0, '_a3_': 1.0, '_a4_': 1.0, '_a6_': 1.0}};{'d0': 0.02490583291941666};-280.569866449044;29.95301262910895
15190;-110.331920595413;(((pow2(((_a0_ * x) + _a7_)) * _a5_) + _a5_) * x);{'d0': {'_a0_': 1.5278457555085543, '_a5_': 1.4465760910310592, '_a7_': 0.4765804798726077, '_a1_': 1.0, '_a2_': 1.0, '_a3_': 1.0, '_a4_': 1.0, '_a6_': 1.0}};{'d0': 0.02490583291941666};-280.569866449044;29.95301262910895
15191;-110.331920595413;(((pow2(((_a0_ * x) + _a7_)) * _a5_) + _a5_) * x);{'d0': {'_a0_': 1.5278457555085543, '_a5_': 1.4465760910310592, '_a7_': 0.4765804798726077, '_a1_': 1.0, '_a2_': 1.0, '_a3_': 1.0, '_a4_': 1.0, '_a6_': 1.0}};{'d0': 0.02490583291941666};-280.569866449044;29.95301262910895
15192;-110.331920595413;(((pow2(((_a0_ * x) + _a7_)) * _a5_) + _a5_) * x);{'d0': {'_a0_': 1.5278457555085543, '_a5_': 1.4465760910310592, '_a7_': 0.4765804798726077, '_a1_': 1.0, '_a2_': 1.0, '_a3_': 1.0, '_a4_': 1.0, '_a6_': 1.0}};{'d0': 0.02490583291941666};-280.569866449044;29.95301262910895
15193;-110.331920595413;(((pow2(((_a0_ * x) + _a7_)) * _a5_) + _a5_) * x);{'d0': {'_a0_': 1.5278457555085543, '_a5_': 1.4465760910310592, '_a7_': 0.4765804798726077, '_a1_': 1.0, '_a2_': 1.0, '_a3_': 1.0, '_a4_': 1.0, '_a6_': 1.0}};{'d0': 0.02490583291941666};-280.569866449044;29.95301262910895
15194;-110.331920595413;(((pow2(((_a0_ * x) + _a7_)) * _a5_) + _a5_) * x);{'d0': {'_a0_': 1.5278457555085543, '_a5_': 1.4465760910310592, '_a7_': 0.4765804798726077, '_a1_': 1.0, '_a2_': 1.0, '_a3_': 1.0, '_a4_': 1.0, '_a6_': 1.0}};{'d0': 0.02490583291941666};-280.569866449044;29.95301262910895
15195;-110.331920595413;(((pow2(((_a0_ * x) + _a7_)) * _a5_) + _a5_) * x);{'d0': {'_a0_': 1.5278457555085543, '_a5_': 1.4465760910310592, '_a7_': 0.4765804798726077, '_a1_': 1.0, '_a2_': 1.0, '_a3_': 1.0, '_a4_': 1.0, '_a6_': 1.0}};{'d0': 0.02490583291941666};-280.569866449044;29.95301262910895
15196;-109.288302185518;(((pow2(((_a0_ * x) + _a7_)) + _a5_) + _a5_) * x);{'d0': {'_a0_': 1.8375964947927974, '_a5_': 0.723288044639564, '_a7_': 0.573200937523599, '_a1_': 1.0, '_a2_': 1.0, '_a3_': 1.0, '_a4_': 1.0, '_a6_': 1.0}};{'d0': 0.02490583291941665};-280.569866449044;30.99663103900395
15197;-109.288302185518;(((pow2(((_a0_ * x) + _a7_)) + _a5_) + _a5_) * x);{'d0': {'_a0_': 1.8375964947927974, '_a5_': 0.723288044639564, '_a7_': 0.573200937523599, '_a1_': 1.0, '_a2_': 1.0, '_a3_': 1.0, '_a4_': 1.0, '_a6_': 1.0}};{'d0': 0.02490583291941665};-280.569866449044;30.99663103900395
15198;-109.288302185518;(((pow2(((_a0_ * x) + _a7_)) + _a5_) + _a5_) * x);{'d0': {'_a0_': 1.8375964947927974, '_a5_': 0.723288044639564, '_a7_': 0.573200937523599, '_a1_': 1.0, '_a2_': 1.0, '_a3_': 1.0, '_a4_': 1.0, '_a6_': 1.0}};{'d0': 0.02490583291941665};-280.569866449044;30.99663103900395
15199;-109.288302185518;(((pow2(((_a0_ * x) + _a7_)) + _a5_) + _a5_) * x);{'d0': {'_a0_': 1.8375964947927974, '_a5_': 0.723288044639564, '_a7_': 0.573200937523599, '_a1_': 1.0, '_a2_': 1.0, '_a3_': 1.0, '_a4_': 1.0, '_a6_': 1.0}};{'d0': 0.02490583291941665};-280.569866449044;30.99663103900395
15200;-109.288302185518;(((pow2(((_a0_ * x) + _a7_)) + _a5_) + _a5_) * x);{'d0': {'_a0_': 1.8375964947927974, '_a5_': 0.723288044639564, '_a7_': 0.573200937523599, '_a1_': 1.0, '_a2_': 1.0, '_a3_': 1.0, '_a4_': 1.0, '_a6_': 1.0}};{'d0': 0.02490583291941665};-280.569866449044;30.99663103900395
15201;-109.288302185518;(((pow2(((_a0_ * x) + _a7_)) + _a5_) + _a5_) * x);{'d0': {'_a0_': 1.8375964947927974, '_a5_': 0.723288044639564, '_a7_': 0.573200937523599, '_a1_': 1.0, '_a2_': 1.0, '_a3_': 1.0, '_a4_': 1.0, '_a6_': 1.0}};{'d0': 0.02490583291941665};-280.569866449044;30.99663103900395
15202;-109.288302185518;(((pow2(((_a0_ * x) + _a7_)) + _a5_) + _a5_) * x);{'d0': {'_a0_': 1.8375964947927974, '_a5_': 0.723288044639564, '_a7_': 0.573200937523599, '_a1_': 1.0, '_a2_': 1.0, '_a3_': 1.0, '_a4_': 1.0, '_a6_': 1.0}};{'d0': 0.02490583291941665};-280.569866449044;30.99663103900395
15203;-109.288302185518;(((pow2(((_a0_ * x) + _a7_)) + _a5_) + _a5_) * x);{'d0': {'_a0_': 1.8375964947927974, '_a5_': 0.723288044639564, '_a7_': 0.573200937523599, '_a1_': 1.0, '_a2_': 1.0, '_a3_': 1.0, '_a4_': 1.0, '_a6_': 1.0}};{'d0': 0.02490583291941665};-280.569866449044;30.99663103900395
15204;-105.728664307885;(((_a1_ * _a1_) + (pow2((-(_a0_) + x)) / _a3_)) * x);{'d0': {'_a0_': -0.3119297077583146, '_a1_': -1.202736915881479, '_a3_': 0.2961417866277888, '_a2_': 1.0, '_a4_': 1.0, '_a5_': 1.0, '_a6_': 1.0, '_a7_': 1.0}};{'d0': 0.024905832919416605};-280.569866449044;34.556268916636846
15205;-105.728664307885;(((_a1_ * _a1_) + (pow2((-(_a0_) + x)) / _a3_)) * x);{'d0': {'_a0_': -0.3119297077583146, '_a1_': -1.202736915881479, '_a3_': 0.2961417866277888, '_a2_': 1.0, '_a4_': 1.0, '_a5_': 1.0, '_a6_': 1.0, '_a7_': 1.0}};{'d0': 0.024905832919416605};-280.569866449044;34.556268916636846
15206;-109.288302185518;(((pow2(((_a0_ * x) + _a7_)) + _a5_) + _a5_) * x);{'d0': {'_a0_': 1.8375964947927974, '_a5_': 0.723288044639564, '_a7_': 0.573200937523599, '_a1_': 1.0, '_a2_': 1.0, '_a3_': 1.0, '_a4_': 1.0, '_a6_': 1.0}};{'d0': 0.02490583291941665};-280.569866449044;30.99663103900395
15207;-110.331920595413;(((pow2(((_a0_ * x) + _a7_)) * _a5_) + _a5_) * x);{'d0': {'_a0_': 1.5278457555085543, '_a5_': 1.4465760910310592, '_a7_': 0.4765804798726077, '_a1_': 1.0, '_a2_': 1.0, '_a3_': 1.0, '_a4_': 1.0, '_a6_': 1.0}};{'d0': 0.02490583291941666};-280.569866449044;29.95301262910895
15208;-110.331920595413;(((pow2(((_a0_ * x) + _a7_)) * _a5_) + _a5_) * x);{'d0': {'_a0_': 1.5278457555085543, '_a5_': 1.4465760910310592, '_a7_': 0.4765804798726077, '_a1_': 1.0, '_a2_': 1.0, '_a3_': 1.0, '_a4_': 1.0, '_a6_': 1.0}};{'d0': 0.02490583291941666};-280.569866449044;29.95301262910895
15209;-110.331920595413;(((pow2(((_a0_ * x) + _a7_)) * _a5_) + _a5_) * x);{'d0': {'_a0_': 1.5278457555085543, '_a5_': 1.4465760910310592, '_a7_': 0.4765804798726077, '_a1_': 1.0, '_a2_': 1.0, '_a3_': 1.0, '_a4_': 1.0, '_a6_': 1.0}};{'d0': 0.02490583291941666};-280.569866449044;29.95301262910895
15210;-110.331920595413;(((pow2(((_a0_ * x) + _a7_)) * _a5_) + _a5_) * x);{'d0': {'_a0_': 1.5278457555085543, '_a5_': 1.4465760910310592, '_a7_': 0.4765804798726077, '_a1_': 1.0, '_a2_': 1.0, '_a3_': 1.0, '_a4_': 1.0, '_a6_': 1.0}};{'d0': 0.02490583291941666};-280.569866449044;29.95301262910895
15211;-110.331920595413;(((pow2(((_a0_ * x) + _a7_)) * _a5_) + _a5_) * x);{'d0': {'_a0_': 1.5278457555085543, '_a5_': 1.4465760910310592, '_a7_': 0.4765804798726077, '_a1_': 1.0, '_a2_': 1.0, '_a3_': 1.0, '_a4_': 1.0, '_a6_': 1.0}};{'d0': 0.02490583291941666};-280.569866449044;29.95301262910895
15212;-109.288302185518;(((pow2(((_a0_ * x) + _a7_)) + _a5_) + _a5_) * x);{'d0': {'_a0_': 1.8375964947927974, '_a5_': 0.723288044639564, '_a7_': 0.573200937523599, '_a1_': 1.0, '_a2_': 1.0, '_a3_': 1.0, '_a4_': 1.0, '_a6_': 1.0}};{'d0': 0.02490583291941665};-280.569866449044;30.99663103900395
15213;-109.288302185518;(((pow2(((_a0_ * x) + _a7_)) + _a5_) + _a5_) * x);{'d0': {'_a0_': 1.8375964947927974, '_a5_': 0.723288044639564, '_a7_': 0.573200937523599, '_a1_': 1.0, '_a2_': 1.0, '_a3_': 1.0, '_a4_': 1.0, '_a6_': 1.0}};{'d0': 0.02490583291941665};-280.569866449044;30.99663103900395
15214;-109.288302185518;(((pow2(((_a0_ * x) + _a7_)) + _a5_) + _a5_) * x);{'d0': {'_a0_': 1.8375964947927974, '_a5_': 0.723288044639564, '_a7_': 0.573200937523599, '_a1_': 1.0, '_a2_': 1.0, '_a3_': 1.0, '_a4_': 1.0, '_a6_': 1.0}};{'d0': 0.02490583291941665};-280.569866449044;30.99663103900395
15215;-109.288302185518;(((pow2(((_a0_ * x) + _a7_)) + _a5_) + _a5_) * x);{'d0': {'_a0_': 1.8375964947927974, '_a5_': 0.723288044639564, '_a7_': 0.573200937523599, '_a1_': 1.0, '_a2_': 1.0, '_a3_': 1.0, '_a4_': 1.0, '_a6_': 1.0}};{'d0': 0.02490583291941665};-280.569866449044;30.99663103900395
15216;-109.288302185518;(((pow2(((_a0_ * x) + _a7_)) + _a5_) + _a5_) * x);{'d0': {'_a0_': 1.8375964947927974, '_a5_': 0.723288044639564, '_a7_': 0.573200937523599, '_a1_': 1.0, '_a2_': 1.0, '_a3_': 1.0, '_a4_': 1.0, '_a6_': 1.0}};{'d0': 0.02490583291941665};-280.569866449044;30.99663103900395
15217;-110.331920595413;(((pow2(((_a0_ * x) + _a7_)) + _a5_) * _a5_) * x);{'d0': {'_a0_': 1.6755787071153914, '_a5_': 1.2027369168794078, '_a7_': 0.5226627764913222, '_a1_': 1.0, '_a2_': 1.0, '_a3_': 1.0, '_a4_': 1.0, '_a6_': 1.0}};{'d0': 0.024905832919416594};-280.569866449044;29.95301262910895
15218;-110.331920595413;(((pow2(((_a0_ * x) + _a7_)) + _a5_) * _a5_) * x);{'d0': {'_a0_': 1.6755787071153914, '_a5_': 1.2027369168794078, '_a7_': 0.5226627764913222, '_a1_': 1.0, '_a2_': 1.0, '_a3_': 1.0, '_a4_': 1.0, '_a6_': 1.0}};{'d0': 0.024905832919416594};-280.569866449044;29.95301262910895
15219;-102.372034722898;(((((_a2_ + pow2((x + _a5_))) + x) * x) / _a4_) + x);{'d0': {'_a2_': 0.19417954829698514, '_a4_': 0.2961417867166043, '_a5_': -0.18807029247297122, '_a0_': 1.0, '_a1_': 1.0, '_a3_': 1.0, '_a6_': 1.0, '_a7_': 1.0}};{'d0': 0.0249058329194168};-280.569866449043;37.91289850162344
15220;-102.372034722898;(((((_a2_ + pow2((x + _a5_))) + x) * x) / _a4_) + x);{'d0': {'_a2_': 0.19417954829698514, '_a4_': 0.2961417867166043, '_a5_': -0.18807029247297122, '_a0_': 1.0, '_a1_': 1.0, '_a3_': 1.0, '_a6_': 1.0, '_a7_': 1.0}};{'d0': 0.0249058329194168};-280.569866449043;37.91289850162344
15221;-102.372034722898;(((((_a2_ + pow2((x + _a5_))) + x) * x) / _a4_) + x);{'d0': {'_a2_': 0.19417954829698514, '_a4_': 0.2961417867166043, '_a5_': -0.18807029247297122, '_a0_': 1.0, '_a1_': 1.0, '_a3_': 1.0, '_a6_': 1.0, '_a7_': 1.0}};{'d0': 0.0249058329194168};-280.569866449043;37.91289850162344
15222;-102.372034722898;(((((_a2_ + pow2((x + _a5_))) + x) * x) / _a4_) + x);{'d0': {'_a2_': 0.19417954829698514, '_a4_': 0.2961417867166043, '_a5_': -0.18807029247297122, '_a0_': 1.0, '_a1_': 1.0, '_a3_': 1.0, '_a6_': 1.0, '_a7_': 1.0}};{'d0': 0.0249058329194168};-280.569866449043;37.91289850162344
15223;-102.372034722898;(((((_a2_ + pow2((x + _a5_))) + x) * x) / _a4_) + x);{'d0': {'_a2_': 0.19417954829698514, '_a4_': 0.2961417867166043, '_a5_': -0.18807029247297122, '_a0_': 1.0, '_a1_': 1.0, '_a3_': 1.0, '_a6_': 1.0, '_a7_': 1.0}};{'d0': 0.0249058329194168};-280.569866449043;37.91289850162344
15224;-102.372034722898;(((((_a2_ + pow2((x + _a5_))) + x) * x) / _a4_) + x);{'d0': {'_a2_': 0.19417954829698514, '_a4_': 0.2961417867166043, '_a5_': -0.18807029247297122, '_a0_': 1.0, '_a1_': 1.0, '_a3_': 1.0, '_a6_': 1.0, '_a7_': 1.0}};{'d0': 0.0249058329194168};-280.569866449043;37.91289850162344
15225;-102.372034722898;(((((_a2_ + pow2((x + _a5_))) + x) * x) / _a4_) + x);{'d0': {'_a2_': 0.19417954829698514, '_a4_': 0.2961417867166043, '_a5_': -0.18807029247297122, '_a0_': 1.0, '_a1_': 1.0, '_a3_': 1.0, '_a6_': 1.0, '_a7_': 1.0}};{'d0': 0.0249058329194168};-280.569866449043;37.91289850162344
15226;-103.367701136488;(((((_a2_ + pow2((x + _a5_))) + x) * x) * _a4_) + x);{'d0': {'_a2_': 0.19417954881547478, '_a4_': 3.3767608780945966, '_a5_': -0.18807029223997074, '_a0_': 1.0, '_a1_': 1.0, '_a3_': 1.0, '_a6_': 1.0, '_a7_': 1.0}};{'d0': 0.024905832919416667};-280.569866449044;36.91723208803404
15227;-103.367701136488;(((((_a2_ + pow2((x + _a5_))) + x) * x) * _a4_) + x);{'d0': {'_a2_': 0.19417954881547478, '_a4_': 3.3767608780945966, '_a5_': -0.18807029223997074, '_a0_': 1.0, '_a1_': 1.0, '_a3_': 1.0, '_a6_': 1.0, '_a7_': 1.0}};{'d0': 0.024905832919416667};-280.569866449044;36.91723208803404
15228;-103.367701136488;(((((_a2_ + pow2((x + _a5_))) + x) * x) * _a4_) + x);{'d0': {'_a2_': 0.19417954881547478, '_a4_': 3.3767608780945966, '_a5_': -0.18807029223997074, '_a0_': 1.0, '_a1_': 1.0, '_a3_': 1.0, '_a6_': 1.0, '_a7_': 1.0}};{'d0': 0.024905832919416667};-280.569866449044;36.91723208803404
15229;-103.367701136488;(((((_a2_ + pow2((x + _a5_))) + x) * x) * _a4_) + x);{'d0': {'_a2_': 0.19417954881547478, '_a4_': 3.3767608780945966, '_a5_': -0.18807029223997074, '_a0_': 1.0, '_a1_': 1.0, '_a3_': 1.0, '_a6_': 1.0, '_a7_': 1.0}};{'d0': 0.024905832919416667};-280.569866449044;36.91723208803404
15230;-103.367701136488;(((((_a2_ + pow2((x + _a5_))) + x) * x) * _a4_) + x);{'d0': {'_a2_': 0.19417954881547478, '_a4_': 3.3767608780945966, '_a5_': -0.18807029223997074, '_a0_': 1.0, '_a1_': 1.0, '_a3_': 1.0, '_a6_': 1.0, '_a7_': 1.0}};{'d0': 0.024905832919416667};-280.569866449044;36.91723208803404
15231;-103.367701136488;(((((_a2_ + pow2((x + _a5_))) + _a2_) * x) * _a4_) + x);{'d0': {'_a2_': 0.06612492033591152, '_a4_': 3.3767608803587406, '_a5_': 0.31192970768445377, '_a0_': 1.0, '_a1_': 1.0, '_a3_': 1.0, '_a6_': 1.0, '_a7_': 1.0}};{'d0': 0.02490583291941671};-280.569866449043;36.91723208803404
15232;-103.367701136488;(((((_a2_ + pow2((x + _a5_))) + _a2_) * x) * _a4_) + x);{'d0': {'_a2_': 0.06612492033591152, '_a4_': 3.3767608803587406, '_a5_': 0.31192970768445377, '_a0_': 1.0, '_a1_': 1.0, '_a3_': 1.0, '_a6_': 1.0, '_a7_': 1.0}};{'d0': 0.02490583291941671};-280.569866449043;36.91723208803404
15233;-103.367701136488;(((((_a2_ + pow2((x + _a5_))) + _a2_) * x) * _a4_) + x);{'d0': {'_a2_': 0.06612492033591152, '_a4_': 3.3767608803587406, '_a5_': 0.31192970768445377, '_a0_': 1.0, '_a1_': 1.0, '_a3_': 1.0, '_a6_': 1.0, '_a7_': 1.0}};{'d0': 0.02490583291941671};-280.569866449043;36.91723208803404
15234;-103.367701136488;(((((_a2_ + pow2((x + _a5_))) + _a2_) * x) * _a4_) + x);{'d0': {'_a2_': 0.06612492033591152, '_a4_': 3.3767608803587406, '_a5_': 0.31192970768445377, '_a0_': 1.0, '_a1_': 1.0, '_a3_': 1.0, '_a6_': 1.0, '_a7_': 1.0}};{'d0': 0.02490583291941671};-280.569866449043;36.91723208803404
15235;-101.320528854027;(((((_a3_ + pow2((x + _a5_))) + _a2_) * x) * _a4_) + x);{'d0': {'_a2_': -233.71408779311562, '_a3_': 233.84633771406425, '_a4_': 3.3767608784598626, '_a5_': 0.3119297078080206, '_a0_': 1.0, '_a1_': 1.0, '_a6_': 1.0, '_a7_': 1.0}};{'d0': 0.024905832920537076};-276.475521884122;36.91723208803404
15236;-101.320528854027;(((((_a3_ + pow2((x + _a5_))) + _a2_) * x) * _a4_) + x);{'d0': {'_a2_': -233.71408779311562, '_a3_': 233.84633771406425, '_a4_': 3.3767608784598626, '_a5_': 0.3119297078080206, '_a0_': 1.0, '_a1_': 1.0, '_a6_': 1.0, '_a7_': 1.0}};{'d0': 0.024905832920537076};-276.475521884122;36.91723208803404
15237;-101.320528854027;(((((_a3_ + pow2((x + _a5_))) + _a2_) * x) * _a4_) + x);{'d0': {'_a2_': -233.71408779311562, '_a3_': 233.84633771406425, '_a4_': 3.3767608784598626, '_a5_': 0.3119297078080206, '_a0_': 1.0, '_a1_': 1.0, '_a6_': 1.0, '_a7_': 1.0}};{'d0': 0.024905832920537076};-276.475521884122;36.91723208803404
15238;-110.331920595413;(((pow2(((_a0_ * x) + _a7_)) + _a5_) * _a5_) * x);{'d0': {'_a0_': 1.6755787071153914, '_a5_': 1.2027369168794078, '_a7_': 0.5226627764913222, '_a1_': 1.0, '_a2_': 1.0, '_a3_': 1.0, '_a4_': 1.0, '_a6_': 1.0}};{'d0': 0.024905832919416594};-280.569866449044;29.95301262910895
15239;-110.331920595413;(((pow2(((_a0_ * x) + _a7_)) + _a5_) * _a5_) * x);{'d0': {'_a0_': 1.6755787071153914, '_a5_': 1.2027369168794078, '_a7_': 0.5226627764913222, '_a1_': 1.0, '_a2_': 1.0, '_a3_': 1.0, '_a4_': 1.0, '_a6_': 1.0}};{'d0': 0.024905832919416594};-280.569866449044;29.95301262910895
15240;-110.331920595413;(((pow2(((_a0_ * x) + _a7_)) + _a5_) * _a5_) * x);{'d0': {'_a0_': 1.6755787071153914, '_a5_': 1.2027369168794078, '_a7_': 0.5226627764913222, '_a1_': 1.0, '_a2_': 1.0, '_a3_': 1.0, '_a4_': 1.0, '_a6_': 1.0}};{'d0': 0.024905832919416594};-280.569866449044;29.95301262910895
15241;-110.331920595413;(((pow2(((_a0_ * x) + _a7_)) + _a5_) * _a5_) * x);{'d0': {'_a0_': 1.6755787071153914, '_a5_': 1.2027369168794078, '_a7_': 0.5226627764913222, '_a1_': 1.0, '_a2_': 1.0, '_a3_': 1.0, '_a4_': 1.0, '_a6_': 1.0}};{'d0': 0.024905832919416594};-280.569866449044;29.95301262910895
15242;-110.331920595413;(((pow2(((_a0_ * x) + _a7_)) + _a5_) * _a5_) * x);{'d0': {'_a0_': 1.6755787071153914, '_a5_': 1.2027369168794078, '_a7_': 0.5226627764913222, '_a1_': 1.0, '_a2_': 1.0, '_a3_': 1.0, '_a4_': 1.0, '_a6_': 1.0}};{'d0': 0.024905832919416594};-280.569866449044;29.95301262910895
15243;-110.331920595413;(((pow2(((_a0_ * x) + _a7_)) + _a5_) * _a5_) * x);{'d0': {'_a0_': 1.6755787071153914, '_a5_': 1.2027369168794078, '_a7_': 0.5226627764913222, '_a1_': 1.0, '_a2_': 1.0, '_a3_': 1.0, '_a4_': 1.0, '_a6_': 1.0}};{'d0': 0.024905832919416594};-280.569866449044;29.95301262910895
15244;-101.320528854027;(((((_a3_ + pow2((x + _a5_))) + _a2_) * x) * _a4_) + x);{'d0': {'_a2_': -233.71408779311562, '_a3_': 233.84633771406425, '_a4_': 3.3767608784598626, '_a5_': 0.3119297078080206, '_a0_': 1.0, '_a1_': 1.0, '_a6_': 1.0, '_a7_': 1.0}};{'d0': 0.024905832920537076};-276.475521884122;36.91723208803404
15245;-101.320528854027;(((((_a3_ + pow2((x + _a5_))) + _a2_) * x) * _a4_) + x);{'d0': {'_a2_': -233.71408779311562, '_a3_': 233.84633771406425, '_a4_': 3.3767608784598626, '_a5_': 0.3119297078080206, '_a0_': 1.0, '_a1_': 1.0, '_a6_': 1.0, '_a7_': 1.0}};{'d0': 0.024905832920537076};-276.475521884122;36.91723208803404
15246;-110.331920595413;(((pow2(((_a0_ * x) + _a7_)) + _a5_) * _a5_) * x);{'d0': {'_a0_': 1.6755787071153914, '_a5_': 1.2027369168794078, '_a7_': 0.5226627764913222, '_a1_': 1.0, '_a2_': 1.0, '_a3_': 1.0, '_a4_': 1.0, '_a6_': 1.0}};{'d0': 0.024905832919416594};-280.569866449044;29.95301262910895
15247;-110.331920595413;(((pow2(((_a0_ * x) + _a7_)) + _a5_) * _a5_) * x);{'d0': {'_a0_': 1.6755787071153914, '_a5_': 1.2027369168794078, '_a7_': 0.5226627764913222, '_a1_': 1.0, '_a2_': 1.0, '_a3_': 1.0, '_a4_': 1.0, '_a6_': 1.0}};{'d0': 0.024905832919416594};-280.569866449044;29.95301262910895
15248;-110.331920595413;(((pow2(((_a0_ * x) + _a7_)) + _a5_) * _a5_) * x);{'d0': {'_a0_': 1.6755787071153914, '_a5_': 1.2027369168794078, '_a7_': 0.5226627764913222, '_a1_': 1.0, '_a2_': 1.0, '_a3_': 1.0, '_a4_': 1.0, '_a6_': 1.0}};{'d0': 0.024905832919416594};-280.569866449044;29.95301262910895
15249;-110.331920595413;(((pow2(((_a0_ * x) + _a7_)) + _a5_) * _a5_) * x);{'d0': {'_a0_': 1.6755787071153914, '_a5_': 1.2027369168794078, '_a7_': 0.5226627764913222, '_a1_': 1.0, '_a2_': 1.0, '_a3_': 1.0, '_a4_': 1.0, '_a6_': 1.0}};{'d0': 0.024905832919416594};-280.569866449044;29.95301262910895
15250;-110.331920595413;(((pow2(((_a0_ * x) + _a7_)) + _a5_) * _a5_) * x);{'d0': {'_a0_': 1.6755787071153914, '_a5_': 1.2027369168794078, '_a7_': 0.5226627764913222, '_a1_': 1.0, '_a2_': 1.0, '_a3_': 1.0, '_a4_': 1.0, '_a6_': 1.0}};{'d0': 0.024905832919416594};-280.569866449044;29.95301262910895
15251;-110.331920595413;(((pow2(((_a0_ * x) + _a7_)) + _a5_) * _a5_) * x);{'d0': {'_a0_': 1.6755787071153914, '_a5_': 1.2027369168794078, '_a7_': 0.5226627764913222, '_a1_': 1.0, '_a2_': 1.0, '_a3_': 1.0, '_a4_': 1.0, '_a6_': 1.0}};{'d0': 0.024905832919416594};-280.569866449044;29.95301262910895
15252;-110.331920595413;(((pow2(((_a0_ * x) + _a7_)) + _a5_) * _a5_) * x);{'d0': {'_a0_': 1.6755787071153914, '_a5_': 1.2027369168794078, '_a7_': 0.5226627764913222, '_a1_': 1.0, '_a2_': 1.0, '_a3_': 1.0, '_a4_': 1.0, '_a6_': 1.0}};{'d0': 0.024905832919416594};-280.569866449044;29.95301262910895
15253;-110.331920595413;(((pow2(((_a0_ * x) + _a7_)) + _a5_) * _a5_) * x);{'d0': {'_a0_': 1.6755787071153914, '_a5_': 1.2027369168794078, '_a7_': 0.5226627764913222, '_a1_': 1.0, '_a2_': 1.0, '_a3_': 1.0, '_a4_': 1.0, '_a6_': 1.0}};{'d0': 0.024905832919416594};-280.569866449044;29.95301262910895
15254;-110.331920595413;(((pow2(((_a0_ * x) + _a7_)) + _a5_) * _a5_) * x);{'d0': {'_a0_': 1.6755787071153914, '_a5_': 1.2027369168794078, '_a7_': 0.5226627764913222, '_a1_': 1.0, '_a2_': 1.0, '_a3_': 1.0, '_a4_': 1.0, '_a6_': 1.0}};{'d0': 0.024905832919416594};-280.569866449044;29.95301262910895
15255;-110.331920595413;(((pow2(((_a0_ * x) + _a7_)) + _a5_) * _a5_) * x);{'d0': {'_a0_': 1.6755787071153914, '_a5_': 1.2027369168794078, '_a7_': 0.5226627764913222, '_a1_': 1.0, '_a2_': 1.0, '_a3_': 1.0, '_a4_': 1.0, '_a6_': 1.0}};{'d0': 0.024905832919416594};-280.569866449044;29.95301262910895
15256;-110.331920595413;(((pow2(((_a0_ * x) + _a7_)) + _a5_) * _a5_) * x);{'d0': {'_a0_': 1.6755787071153914, '_a5_': 1.2027369168794078, '_a7_': 0.5226627764913222, '_a1_': 1.0, '_a2_': 1.0, '_a3_': 1.0, '_a4_': 1.0, '_a6_': 1.0}};{'d0': 0.024905832919416594};-280.569866449044;29.95301262910895
15257;-110.331920595413;(((pow2(((_a0_ * x) + _a7_)) + _a5_) * _a5_) * x);{'d0': {'_a0_': 1.6755787071153914, '_a5_': 1.2027369168794078, '_a7_': 0.5226627764913222, '_a1_': 1.0, '_a2_': 1.0, '_a3_': 1.0, '_a4_': 1.0, '_a6_': 1.0}};{'d0': 0.024905832919416594};-280.569866449044;29.95301262910895
15258;-110.331920595413;(((pow2(((_a0_ * x) + _a7_)) + _a5_) * _a5_) * x);{'d0': {'_a0_': 1.6755787071153914, '_a5_': 1.2027369168794078, '_a7_': 0.5226627764913222, '_a1_': 1.0, '_a2_': 1.0, '_a3_': 1.0, '_a4_': 1.0, '_a6_': 1.0}};{'d0': 0.024905832919416594};-280.569866449044;29.95301262910895
15259;-110.331920595413;(((pow2(((_a0_ * x) + _a7_)) + _a5_) * _a5_) * x);{'d0': {'_a0_': 1.6755787071153914, '_a5_': 1.2027369168794078, '_a7_': 0.5226627764913222, '_a1_': 1.0, '_a2_': 1.0, '_a3_': 1.0, '_a4_': 1.0, '_a6_': 1.0}};{'d0': 0.024905832919416594};-280.569866449044;29.95301262910895
15260;-110.331920595413;(((pow2(((_a0_ * x) + _a7_)) + _a5_) * _a5_) * x);{'d0': {'_a0_': 1.6755787071153914, '_a5_': 1.2027369168794078, '_a7_': 0.5226627764913222, '_a1_': 1.0, '_a2_': 1.0, '_a3_': 1.0, '_a4_': 1.0, '_a6_': 1.0}};{'d0': 0.024905832919416594};-280.569866449044;29.95301262910895
15261;-110.331920595413;(((pow2(((_a0_ * x) + _a7_)) + _a5_) * _a5_) * x);{'d0': {'_a0_': 1.6755787071153914, '_a5_': 1.2027369168794078, '_a7_': 0.5226627764913222, '_a1_': 1.0, '_a2_': 1.0, '_a3_': 1.0, '_a4_': 1.0, '_a6_': 1.0}};{'d0': 0.024905832919416594};-280.569866449044;29.95301262910895
15262;-110.331920595413;(((pow2(((_a0_ * x) + _a7_)) + _a5_) * _a5_) * x);{'d0': {'_a0_': 1.6755787071153914, '_a5_': 1.2027369168794078, '_a7_': 0.5226627764913222, '_a1_': 1.0, '_a2_': 1.0, '_a3_': 1.0, '_a4_': 1.0, '_a6_': 1.0}};{'d0': 0.024905832919416594};-280.569866449044;29.95301262910895
15263;-110.331920595413;(((pow2(((_a0_ * x) + _a7_)) + _a5_) * _a5_) * x);{'d0': {'_a0_': 1.6755787071153914, '_a5_': 1.2027369168794078, '_a7_': 0.5226627764913222, '_a1_': 1.0, '_a2_': 1.0, '_a3_': 1.0, '_a4_': 1.0, '_a6_': 1.0}};{'d0': 0.024905832919416594};-280.569866449044;29.95301262910895
15264;-103.367701136488;(((((_a3_ + pow2((x + _a5_))) + _a5_) * x) * _a4_) + x);{'d0': {'_a3_': -0.17967986682613502, '_a4_': 3.3767608789890047, '_a5_': 0.3119297076505079, '_a0_': 1.0, '_a1_': 1.0, '_a2_': 1.0, '_a6_': 1.0, '_a7_': 1.0}};{'d0': 0.024905832919416608};-280.569866449044;36.91723208803404
15265;-103.367701136488;(((((_a3_ + pow2((x + _a5_))) + _a5_) * x) * _a4_) + x);{'d0': {'_a3_': -0.17967986682613502, '_a4_': 3.3767608789890047, '_a5_': 0.3119297076505079, '_a0_': 1.0, '_a1_': 1.0, '_a2_': 1.0, '_a6_': 1.0, '_a7_': 1.0}};{'d0': 0.024905832919416608};-280.569866449044;36.91723208803404
15266;-103.367701136488;(((((_a3_ + pow2((x + _a5_))) + _a5_) * x) * _a4_) + x);{'d0': {'_a3_': -0.17967986682613502, '_a4_': 3.3767608789890047, '_a5_': 0.3119297076505079, '_a0_': 1.0, '_a1_': 1.0, '_a2_': 1.0, '_a6_': 1.0, '_a7_': 1.0}};{'d0': 0.024905832919416608};-280.569866449044;36.91723208803404
15267;-103.367701136488;(((((_a3_ + pow2((x + _a5_))) + _a5_) * x) * _a4_) + x);{'d0': {'_a3_': -0.17967986682613502, '_a4_': 3.3767608789890047, '_a5_': 0.3119297076505079, '_a0_': 1.0, '_a1_': 1.0, '_a2_': 1.0, '_a6_': 1.0, '_a7_': 1.0}};{'d0': 0.024905832919416608};-280.569866449044;36.91723208803404
15268;-103.367701136488;(((((_a3_ + pow2((x + _a5_))) + _a5_) * x) * _a4_) + x);{'d0': {'_a3_': -0.17967986682613502, '_a4_': 3.3767608789890047, '_a5_': 0.3119297076505079, '_a0_': 1.0, '_a1_': 1.0, '_a2_': 1.0, '_a6_': 1.0, '_a7_': 1.0}};{'d0': 0.024905832919416608};-280.569866449044;36.91723208803404
15269;-103.367701136488;(((((_a3_ + pow2((x + _a5_))) + _a5_) * x) * _a4_) + x);{'d0': {'_a3_': -0.17967986682613502, '_a4_': 3.3767608789890047, '_a5_': 0.3119297076505079, '_a0_': 1.0, '_a1_': 1.0, '_a2_': 1.0, '_a6_': 1.0, '_a7_': 1.0}};{'d0': 0.024905832919416608};-280.569866449044;36.91723208803404
15270;-103.367701136488;(((((_a3_ + pow2((x + _a5_))) + _a5_) * x) * _a4_) + x);{'d0': {'_a3_': -0.17967986682613502, '_a4_': 3.3767608789890047, '_a5_': 0.3119297076505079, '_a0_': 1.0, '_a1_': 1.0, '_a2_': 1.0, '_a6_': 1.0, '_a7_': 1.0}};{'d0': 0.024905832919416608};-280.569866449044;36.91723208803404
15271;-103.367701136488;(((((_a3_ + pow2((x + _a5_))) + _a5_) * x) * _a4_) + x);{'d0': {'_a3_': -0.17967986682613502, '_a4_': 3.3767608789890047, '_a5_': 0.3119297076505079, '_a0_': 1.0, '_a1_': 1.0, '_a2_': 1.0, '_a6_': 1.0, '_a7_': 1.0}};{'d0': 0.024905832919416608};-280.569866449044;36.91723208803404
15272;-103.367701136488;(((((_a3_ + pow2((x + _a5_))) + _a5_) * x) * _a4_) + x);{'d0': {'_a3_': -0.17967986682613502, '_a4_': 3.3767608789890047, '_a5_': 0.3119297076505079, '_a0_': 1.0, '_a1_': 1.0, '_a2_': 1.0, '_a6_': 1.0, '_a7_': 1.0}};{'d0': 0.024905832919416608};-280.569866449044;36.91723208803404
15273;-103.367701136488;(((((_a3_ + pow2((x + _a5_))) + _a5_) * x) * _a4_) + x);{'d0': {'_a3_': -0.17967986682613502, '_a4_': 3.3767608789890047, '_a5_': 0.3119297076505079, '_a0_': 1.0, '_a1_': 1.0, '_a2_': 1.0, '_a6_': 1.0, '_a7_': 1.0}};{'d0': 0.024905832919416608};-280.569866449044;36.91723208803404
15274;-110.331920595413;(((pow2(((_a0_ * x) + _a7_)) + _a5_) * _a5_) * x);{'d0': {'_a0_': 1.6755787071153914, '_a5_': 1.2027369168794078, '_a7_': 0.5226627764913222, '_a1_': 1.0, '_a2_': 1.0, '_a3_': 1.0, '_a4_': 1.0, '_a6_': 1.0}};{'d0': 0.024905832919416594};-280.569866449044;29.95301262910895
15275;-110.331920595413;(((pow2(((_a0_ * x) + _a7_)) + _a5_) * _a5_) * x);{'d0': {'_a0_': 1.6755787071153914, '_a5_': 1.2027369168794078, '_a7_': 0.5226627764913222, '_a1_': 1.0, '_a2_': 1.0, '_a3_': 1.0, '_a4_': 1.0, '_a6_': 1.0}};{'d0': 0.024905832919416594};-280.569866449044;29.95301262910895
15276;-110.331920595413;(((pow2(((_a0_ * x) + _a7_)) + _a5_) * _a5_) * x);{'d0': {'_a0_': 1.6755787071153914, '_a5_': 1.2027369168794078, '_a7_': 0.5226627764913222, '_a1_': 1.0, '_a2_': 1.0, '_a3_': 1.0, '_a4_': 1.0, '_a6_': 1.0}};{'d0': 0.024905832919416594};-280.569866449044;29.95301262910895
15277;-110.331920595413;(((pow2(((_a0_ * x) + _a7_)) + _a5_) * _a5_) * x);{'d0': {'_a0_': 1.6755787071153914, '_a5_': 1.2027369168794078, '_a7_': 0.5226627764913222, '_a1_': 1.0, '_a2_': 1.0, '_a3_': 1.0, '_a4_': 1.0, '_a6_': 1.0}};{'d0': 0.024905832919416594};-280.569866449044;29.95301262910895
15278;-110.331920595413;(((pow2(((_a0_ * x) + _a7_)) + _a5_) * _a5_) * x);{'d0': {'_a0_': 1.6755787071153914, '_a5_': 1.2027369168794078, '_a7_': 0.5226627764913222, '_a1_': 1.0, '_a2_': 1.0, '_a3_': 1.0, '_a4_': 1.0, '_a6_': 1.0}};{'d0': 0.024905832919416594};-280.569866449044;29.95301262910895
15279;-110.331920595413;(((pow2(((_a0_ * x) + _a7_)) + _a5_) * _a5_) * x);{'d0': {'_a0_': 1.6755787071153914, '_a5_': 1.2027369168794078, '_a7_': 0.5226627764913222, '_a1_': 1.0, '_a2_': 1.0, '_a3_': 1.0, '_a4_': 1.0, '_a6_': 1.0}};{'d0': 0.024905832919416594};-280.569866449044;29.95301262910895
15280;-110.331920595413;(((pow2(((_a0_ * x) + _a7_)) + _a5_) * _a5_) * x);{'d0': {'_a0_': 1.6755787071153914, '_a5_': 1.2027369168794078, '_a7_': 0.5226627764913222, '_a1_': 1.0, '_a2_': 1.0, '_a3_': 1.0, '_a4_': 1.0, '_a6_': 1.0}};{'d0': 0.024905832919416594};-280.569866449044;29.95301262910895
15281;-110.331920595413;(((pow2(((_a0_ * x) + _a7_)) + _a5_) * _a5_) * x);{'d0': {'_a0_': 1.6755787071153914, '_a5_': 1.2027369168794078, '_a7_': 0.5226627764913222, '_a1_': 1.0, '_a2_': 1.0, '_a3_': 1.0, '_a4_': 1.0, '_a6_': 1.0}};{'d0': 0.024905832919416594};-280.569866449044;29.95301262910895
15282;-110.331920595413;(((pow2(((_a0_ * x) + _a7_)) + _a5_) * _a5_) * x);{'d0': {'_a0_': 1.6755787071153914, '_a5_': 1.2027369168794078, '_a7_': 0.5226627764913222, '_a1_': 1.0, '_a2_': 1.0, '_a3_': 1.0, '_a4_': 1.0, '_a6_': 1.0}};{'d0': 0.024905832919416594};-280.569866449044;29.95301262910895
15283;-110.331920595413;(((pow2(((_a0_ * x) + _a7_)) + _a5_) * _a5_) * x);{'d0': {'_a0_': 1.6755787071153914, '_a5_': 1.2027369168794078, '_a7_': 0.5226627764913222, '_a1_': 1.0, '_a2_': 1.0, '_a3_': 1.0, '_a4_': 1.0, '_a6_': 1.0}};{'d0': 0.024905832919416594};-280.569866449044;29.95301262910895
15284;-110.331920595413;(((pow2(((_a0_ * x) + _a7_)) + _a5_) * _a5_) * x);{'d0': {'_a0_': 1.6755787071153914, '_a5_': 1.2027369168794078, '_a7_': 0.5226627764913222, '_a1_': 1.0, '_a2_': 1.0, '_a3_': 1.0, '_a4_': 1.0, '_a6_': 1.0}};{'d0': 0.024905832919416594};-280.569866449044;29.95301262910895
15285;-110.331920595413;(((pow2(((_a0_ * x) + _a7_)) + _a5_) * _a5_) * x);{'d0': {'_a0_': 1.6755787071153914, '_a5_': 1.2027369168794078, '_a7_': 0.5226627764913222, '_a1_': 1.0, '_a2_': 1.0, '_a3_': 1.0, '_a4_': 1.0, '_a6_': 1.0}};{'d0': 0.024905832919416594};-280.569866449044;29.95301262910895
15286;-110.331920595413;(((pow2(((_a0_ * x) + _a7_)) + _a5_) * _a5_) * x);{'d0': {'_a0_': 1.6755787071153914, '_a5_': 1.2027369168794078, '_a7_': 0.5226627764913222, '_a1_': 1.0, '_a2_': 1.0, '_a3_': 1.0, '_a4_': 1.0, '_a6_': 1.0}};{'d0': 0.024905832919416594};-280.569866449044;29.95301262910895
15287;-110.331920595413;(((pow2(((_a0_ * x) + _a7_)) + _a5_) * _a5_) * x);{'d0': {'_a0_': 1.6755787071153914, '_a5_': 1.2027369168794078, '_a7_': 0.5226627764913222, '_a1_': 1.0, '_a2_': 1.0, '_a3_': 1.0, '_a4_': 1.0, '_a6_': 1.0}};{'d0': 0.024905832919416594};-280.569866449044;29.95301262910895
15288;-110.331920595413;(((pow2(((_a0_ * x) + _a7_)) + _a5_) * _a5_) * x);{'d0': {'_a0_': 1.6755787071153914, '_a5_': 1.2027369168794078, '_a7_': 0.5226627764913222, '_a1_': 1.0, '_a2_': 1.0, '_a3_': 1.0, '_a4_': 1.0, '_a6_': 1.0}};{'d0': 0.024905832919416594};-280.569866449044;29.95301262910895
15289;-110.331920595413;(((pow2(((_a0_ * x) + _a7_)) + _a5_) * _a5_) * x);{'d0': {'_a0_': 1.6755787071153914, '_a5_': 1.2027369168794078, '_a7_': 0.5226627764913222, '_a1_': 1.0, '_a2_': 1.0, '_a3_': 1.0, '_a4_': 1.0, '_a6_': 1.0}};{'d0': 0.024905832919416594};-280.569866449044;29.95301262910895
15290;-110.331920595413;(((pow2(((_a0_ * x) + _a7_)) + _a5_) * _a5_) * x);{'d0': {'_a0_': 1.6755787071153914, '_a5_': 1.2027369168794078, '_a7_': 0.5226627764913222, '_a1_': 1.0, '_a2_': 1.0, '_a3_': 1.0, '_a4_': 1.0, '_a6_': 1.0}};{'d0': 0.024905832919416594};-280.569866449044;29.95301262910895
15291;-110.331920595413;(((pow2(((_a0_ * x) + _a7_)) + _a5_) * _a5_) * x);{'d0': {'_a0_': 1.6755787071153914, '_a5_': 1.2027369168794078, '_a7_': 0.5226627764913222, '_a1_': 1.0, '_a2_': 1.0, '_a3_': 1.0, '_a4_': 1.0, '_a6_': 1.0}};{'d0': 0.024905832919416594};-280.569866449044;29.95301262910895
15292;-104.965852460753;(((pow2(((_a0_ * x) + exp(_a6_))) + _a5_) * _a5_) * x);{'d0': {'_a0_': 1.67557870803943, '_a5_': 1.2027369163544308, '_a6_': -0.6488188092222797, '_a1_': 1.0, '_a2_': 1.0, '_a3_': 1.0, '_a4_': 1.0, '_a7_': 1.0}};{'d0': 0.024905832919416664};-280.569866449044;35.31908076376895
15293;-104.965852460753;(((pow2(((_a0_ * x) + exp(_a6_))) + _a5_) * _a5_) * x);{'d0': {'_a0_': 1.67557870803943, '_a5_': 1.2027369163544308, '_a6_': -0.6488188092222797, '_a1_': 1.0, '_a2_': 1.0, '_a3_': 1.0, '_a4_': 1.0, '_a7_': 1.0}};{'d0': 0.024905832919416664};-280.569866449044;35.31908076376895
15294;-104.965852460753;(((pow2(((_a0_ * x) + exp(_a6_))) + _a5_) * _a5_) * x);{'d0': {'_a0_': 1.67557870803943, '_a5_': 1.2027369163544308, '_a6_': -0.6488188092222797, '_a1_': 1.0, '_a2_': 1.0, '_a3_': 1.0, '_a4_': 1.0, '_a7_': 1.0}};{'d0': 0.024905832919416664};-280.569866449044;35.31908076376895
15295;-104.965852460753;(((pow2(((_a0_ * x) + exp(_a6_))) + _a5_) * _a5_) * x);{'d0': {'_a0_': 1.67557870803943, '_a5_': 1.2027369163544308, '_a6_': -0.6488188092222797, '_a1_': 1.0, '_a2_': 1.0, '_a3_': 1.0, '_a4_': 1.0, '_a7_': 1.0}};{'d0': 0.024905832919416664};-280.569866449044;35.31908076376895
15296;-104.965852460753;(((pow2(((_a0_ * x) + exp(_a6_))) + _a5_) * _a5_) * x);{'d0': {'_a0_': 1.67557870803943, '_a5_': 1.2027369163544308, '_a6_': -0.6488188092222797, '_a1_': 1.0, '_a2_': 1.0, '_a3_': 1.0, '_a4_': 1.0, '_a7_': 1.0}};{'d0': 0.024905832919416664};-280.569866449044;35.31908076376895
15297;-104.965852460753;(((pow2(((_a0_ * x) + exp(_a6_))) + _a5_) * _a5_) * x);{'d0': {'_a0_': 1.67557870803943, '_a5_': 1.2027369163544308, '_a6_': -0.6488188092222797, '_a1_': 1.0, '_a2_': 1.0, '_a3_': 1.0, '_a4_': 1.0, '_a7_': 1.0}};{'d0': 0.024905832919416664};-280.569866449044;35.31908076376895
15298;-104.965852460753;(((pow2(((_a0_ * x) + exp(_a6_))) + _a5_) * _a5_) * x);{'d0': {'_a0_': 1.67557870803943, '_a5_': 1.2027369163544308, '_a6_': -0.6488188092222797, '_a1_': 1.0, '_a2_': 1.0, '_a3_': 1.0, '_a4_': 1.0, '_a7_': 1.0}};{'d0': 0.024905832919416664};-280.569866449044;35.31908076376895
15299;-100.016512535296;(((pow2(((_a0_ * x) + exp((_a4_ * _a5_)))) + _a5_) * _a5_) * x);{'d0': {'_a0_': 1.6755787086533718, '_a4_': -0.5394519785212084, '_a5_': 1.2027369160796821, '_a1_': 1.0, '_a2_': 1.0, '_a3_': 1.0, '_a6_': 1.0, '_a7_': 1.0}};{'d0': 0.024905832919416594};-280.569866449044;40.26842068922595
15300;-100.016512535296;(((pow2(((_a0_ * x) + exp((_a4_ * _a5_)))) + _a5_) * _a5_) * x);{'d0': {'_a0_': 1.6755787086533718, '_a4_': -0.5394519785212084, '_a5_': 1.2027369160796821, '_a1_': 1.0, '_a2_': 1.0, '_a3_': 1.0, '_a6_': 1.0, '_a7_': 1.0}};{'d0': 0.024905832919416594};-280.569866449044;40.26842068922595
15301;-100.016512535296;(((pow2(((_a0_ * x) + exp((_a4_ * _a5_)))) + _a5_) * _a5_) * x);{'d0': {'_a0_': 1.6755787086533718, '_a4_': -0.5394519785212084, '_a5_': 1.2027369160796821, '_a1_': 1.0, '_a2_': 1.0, '_a3_': 1.0, '_a6_': 1.0, '_a7_': 1.0}};{'d0': 0.024905832919416594};-280.569866449044;40.26842068922595
15302;-100.016512535296;(((pow2(((_a0_ * x) + exp((_a4_ * _a5_)))) + _a5_) * _a5_) * x);{'d0': {'_a0_': 1.6755787086533718, '_a4_': -0.5394519785212084, '_a5_': 1.2027369160796821, '_a1_': 1.0, '_a2_': 1.0, '_a3_': 1.0, '_a6_': 1.0, '_a7_': 1.0}};{'d0': 0.024905832919416594};-280.569866449044;40.26842068922595
15303;-100.016512535296;(((pow2(((_a0_ * x) + exp((_a4_ * _a5_)))) + _a5_) * _a5_) * x);{'d0': {'_a0_': 1.6755787086533718, '_a4_': -0.5394519785212084, '_a5_': 1.2027369160796821, '_a1_': 1.0, '_a2_': 1.0, '_a3_': 1.0, '_a6_': 1.0, '_a7_': 1.0}};{'d0': 0.024905832919416594};-280.569866449044;40.26842068922595
15304;-100.016512535296;(((pow2(((_a0_ * x) + exp((_a4_ * _a5_)))) + _a5_) * _a5_) * x);{'d0': {'_a0_': 1.6755787086533718, '_a4_': -0.5394519785212084, '_a5_': 1.2027369160796821, '_a1_': 1.0, '_a2_': 1.0, '_a3_': 1.0, '_a6_': 1.0, '_a7_': 1.0}};{'d0': 0.024905832919416594};-280.569866449044;40.26842068922595
15305;-100.016512535296;(((pow2(((_a0_ * x) + exp((_a4_ * _a5_)))) + _a5_) * _a5_) * x);{'d0': {'_a0_': 1.6755787086533718, '_a4_': -0.5394519785212084, '_a5_': 1.2027369160796821, '_a1_': 1.0, '_a2_': 1.0, '_a3_': 1.0, '_a6_': 1.0, '_a7_': 1.0}};{'d0': 0.024905832919416594};-280.569866449044;40.26842068922595
15306;-100.016512535296;(((pow2(((_a0_ * x) + exp((_a4_ * _a5_)))) + _a5_) * _a5_) * x);{'d0': {'_a0_': 1.6755787086533718, '_a4_': -0.5394519785212084, '_a5_': 1.2027369160796821, '_a1_': 1.0, '_a2_': 1.0, '_a3_': 1.0, '_a6_': 1.0, '_a7_': 1.0}};{'d0': 0.024905832919416594};-280.569866449044;40.26842068922595
15307;-100.016512535296;(((pow2(((_a0_ * x) + exp((_a4_ * _a5_)))) + _a5_) * _a5_) * x);{'d0': {'_a0_': 1.6755787086533718, '_a4_': -0.5394519785212084, '_a5_': 1.2027369160796821, '_a1_': 1.0, '_a2_': 1.0, '_a3_': 1.0, '_a6_': 1.0, '_a7_': 1.0}};{'d0': 0.024905832919416594};-280.569866449044;40.26842068922595
15308;-100.016512535296;(((pow2(((_a0_ * x) + exp((_a4_ * _a5_)))) + _a5_) * _a5_) * x);{'d0': {'_a0_': 1.6755787086533718, '_a4_': -0.5394519785212084, '_a5_': 1.2027369160796821, '_a1_': 1.0, '_a2_': 1.0, '_a3_': 1.0, '_a6_': 1.0, '_a7_': 1.0}};{'d0': 0.024905832919416594};-280.569866449044;40.26842068922595
15309;-100.016512535296;(((pow2(((_a0_ * x) + exp((_a4_ * _a5_)))) + _a5_) * _a5_) * x);{'d0': {'_a0_': 1.6755787086533718, '_a4_': -0.5394519785212084, '_a5_': 1.2027369160796821, '_a1_': 1.0, '_a2_': 1.0, '_a3_': 1.0, '_a6_': 1.0, '_a7_': 1.0}};{'d0': 0.024905832919416594};-280.569866449044;40.26842068922595
15310;-100.016512535296;(((pow2(((_a0_ * x) + exp((_a4_ * _a5_)))) + _a5_) * _a5_) * x);{'d0': {'_a0_': 1.6755787086533718, '_a4_': -0.5394519785212084, '_a5_': 1.2027369160796821, '_a1_': 1.0, '_a2_': 1.0, '_a3_': 1.0, '_a6_': 1.0, '_a7_': 1.0}};{'d0': 0.024905832919416594};-280.569866449044;40.26842068922595
15311;-100.016512535296;(((pow2(((_a0_ * x) + exp((_a4_ * _a5_)))) + _a5_) * _a5_) * x);{'d0': {'_a0_': 1.6755787086533718, '_a4_': -0.5394519785212084, '_a5_': 1.2027369160796821, '_a1_': 1.0, '_a2_': 1.0, '_a3_': 1.0, '_a6_': 1.0, '_a7_': 1.0}};{'d0': 0.024905832919416594};-280.569866449044;40.26842068922595
15312;-100.016512535296;(((pow2(((_a0_ * x) + exp((_a4_ * _a5_)))) + _a5_) * _a5_) * x);{'d0': {'_a0_': 1.6755787086533718, '_a4_': -0.5394519785212084, '_a5_': 1.2027369160796821, '_a1_': 1.0, '_a2_': 1.0, '_a3_': 1.0, '_a6_': 1.0, '_a7_': 1.0}};{'d0': 0.024905832919416594};-280.569866449044;40.26842068922595
15313;-100.016512535296;(((pow2(((_a0_ * x) + exp((_a4_ * _a5_)))) + _a5_) * _a5_) * x);{'d0': {'_a0_': 1.6755787086533718, '_a4_': -0.5394519785212084, '_a5_': 1.2027369160796821, '_a1_': 1.0, '_a2_': 1.0, '_a3_': 1.0, '_a6_': 1.0, '_a7_': 1.0}};{'d0': 0.024905832919416594};-280.569866449044;40.26842068922595
15314;-100.016512535296;(((pow2(((_a0_ * x) + exp((_a4_ * _a5_)))) + _a5_) * _a5_) * x);{'d0': {'_a0_': 1.6755787086533718, '_a4_': -0.5394519785212084, '_a5_': 1.2027369160796821, '_a1_': 1.0, '_a2_': 1.0, '_a3_': 1.0, '_a6_': 1.0, '_a7_': 1.0}};{'d0': 0.024905832919416594};-280.569866449044;40.26842068922595
15315;-101.285905300492;(((pow2(((_a0_ * x) + exp(-(_a3_)))) + _a5_) * _a5_) * x);{'d0': {'_a0_': 1.6755787086997433, '_a3_': 0.648818808730389, '_a5_': 1.202736916123334, '_a1_': 1.0, '_a2_': 1.0, '_a4_': 1.0, '_a6_': 1.0, '_a7_': 1.0}};{'d0': 0.02490583291941663};-280.569866449044;38.999027924029335
15316;-101.285905300492;(((pow2(((_a0_ * x) + exp(-(_a3_)))) + _a5_) * _a5_) * x);{'d0': {'_a0_': 1.6755787086997433, '_a3_': 0.648818808730389, '_a5_': 1.202736916123334, '_a1_': 1.0, '_a2_': 1.0, '_a4_': 1.0, '_a6_': 1.0, '_a7_': 1.0}};{'d0': 0.02490583291941663};-280.569866449044;38.999027924029335
15317;-101.285905300492;(((pow2(((_a0_ * x) + exp(-(_a3_)))) + _a5_) * _a5_) * x);{'d0': {'_a0_': 1.6755787086997433, '_a3_': 0.648818808730389, '_a5_': 1.202736916123334, '_a1_': 1.0, '_a2_': 1.0, '_a4_': 1.0, '_a6_': 1.0, '_a7_': 1.0}};{'d0': 0.02490583291941663};-280.569866449044;38.999027924029335
15318;-101.285905300492;(((pow2(((_a0_ * x) + exp(-(_a3_)))) + _a5_) * _a5_) * x);{'d0': {'_a0_': 1.6755787086997433, '_a3_': 0.648818808730389, '_a5_': 1.202736916123334, '_a1_': 1.0, '_a2_': 1.0, '_a4_': 1.0, '_a6_': 1.0, '_a7_': 1.0}};{'d0': 0.02490583291941663};-280.569866449044;38.999027924029335
15319;-101.285905300492;(((pow2(((_a0_ * x) + exp(-(_a3_)))) + _a5_) * _a5_) * x);{'d0': {'_a0_': 1.6755787086997433, '_a3_': 0.648818808730389, '_a5_': 1.202736916123334, '_a1_': 1.0, '_a2_': 1.0, '_a4_': 1.0, '_a6_': 1.0, '_a7_': 1.0}};{'d0': 0.02490583291941663};-280.569866449044;38.999027924029335
15320;-101.285905300492;(((pow2(((_a0_ * x) + exp(-(_a3_)))) + _a5_) * _a5_) * x);{'d0': {'_a0_': 1.6755787086997433, '_a3_': 0.648818808730389, '_a5_': 1.202736916123334, '_a1_': 1.0, '_a2_': 1.0, '_a4_': 1.0, '_a6_': 1.0, '_a7_': 1.0}};{'d0': 0.02490583291941663};-280.569866449044;38.999027924029335
15321;-101.285905300492;(((pow2(((_a0_ * x) + exp(-(_a3_)))) + _a5_) * _a5_) * x);{'d0': {'_a0_': 1.6755787086997433, '_a3_': 0.648818808730389, '_a5_': 1.202736916123334, '_a1_': 1.0, '_a2_': 1.0, '_a4_': 1.0, '_a6_': 1.0, '_a7_': 1.0}};{'d0': 0.02490583291941663};-280.569866449044;38.999027924029335
15322;-101.285905300492;(((pow2(((_a0_ * x) + exp(-(_a3_)))) + _a5_) * _a5_) * x);{'d0': {'_a0_': 1.6755787086997433, '_a3_': 0.648818808730389, '_a5_': 1.202736916123334, '_a1_': 1.0, '_a2_': 1.0, '_a4_': 1.0, '_a6_': 1.0, '_a7_': 1.0}};{'d0': 0.02490583291941663};-280.569866449044;38.999027924029335
15323;-101.285905300492;(((pow2(((_a0_ * x) + exp(-(_a3_)))) + _a5_) * _a5_) * x);{'d0': {'_a0_': 1.6755787086997433, '_a3_': 0.648818808730389, '_a5_': 1.202736916123334, '_a1_': 1.0, '_a2_': 1.0, '_a4_': 1.0, '_a6_': 1.0, '_a7_': 1.0}};{'d0': 0.02490583291941663};-280.569866449044;38.999027924029335
15324;-101.285905300492;(((pow2(((_a0_ * x) + exp(-(_a3_)))) + _a5_) * _a5_) * x);{'d0': {'_a0_': 1.6755787086997433, '_a3_': 0.648818808730389, '_a5_': 1.202736916123334, '_a1_': 1.0, '_a2_': 1.0, '_a4_': 1.0, '_a6_': 1.0, '_a7_': 1.0}};{'d0': 0.02490583291941663};-280.569866449044;38.999027924029335
15325;-101.285905300492;(((pow2(((_a0_ * x) + exp(-(_a3_)))) + _a5_) * _a5_) * x);{'d0': {'_a0_': 1.6755787086997433, '_a3_': 0.648818808730389, '_a5_': 1.202736916123334, '_a1_': 1.0, '_a2_': 1.0, '_a4_': 1.0, '_a6_': 1.0, '_a7_': 1.0}};{'d0': 0.02490583291941663};-280.569866449044;38.999027924029335
15326;-101.285905300492;(((pow2(((_a0_ * x) + exp(-(_a3_)))) + _a5_) * _a5_) * x);{'d0': {'_a0_': 1.6755787086997433, '_a3_': 0.648818808730389, '_a5_': 1.202736916123334, '_a1_': 1.0, '_a2_': 1.0, '_a4_': 1.0, '_a6_': 1.0, '_a7_': 1.0}};{'d0': 0.02490583291941663};-280.569866449044;38.999027924029335
15327;-101.285905300492;(((pow2(((_a0_ * x) + exp(-(_a3_)))) + _a5_) * _a5_) * x);{'d0': {'_a0_': 1.6755787086997433, '_a3_': 0.648818808730389, '_a5_': 1.202736916123334, '_a1_': 1.0, '_a2_': 1.0, '_a4_': 1.0, '_a6_': 1.0, '_a7_': 1.0}};{'d0': 0.02490583291941663};-280.569866449044;38.999027924029335
15328;-101.285905300492;(((pow2(((_a0_ * x) + exp(-(_a3_)))) + _a5_) * _a5_) * x);{'d0': {'_a0_': 1.6755787086997433, '_a3_': 0.648818808730389, '_a5_': 1.202736916123334, '_a1_': 1.0, '_a2_': 1.0, '_a4_': 1.0, '_a6_': 1.0, '_a7_': 1.0}};{'d0': 0.02490583291941663};-280.569866449044;38.999027924029335
15329;-101.285905300492;(((pow2(((_a0_ * x) + exp(-(_a3_)))) + _a5_) * _a5_) * x);{'d0': {'_a0_': 1.6755787086997433, '_a3_': 0.648818808730389, '_a5_': 1.202736916123334, '_a1_': 1.0, '_a2_': 1.0, '_a4_': 1.0, '_a6_': 1.0, '_a7_': 1.0}};{'d0': 0.02490583291941663};-280.569866449044;38.999027924029335
15330;-101.285905300492;(((pow2(((_a0_ * x) + exp(-(_a3_)))) + _a5_) * _a5_) * x);{'d0': {'_a0_': 1.6755787086997433, '_a3_': 0.648818808730389, '_a5_': 1.202736916123334, '_a1_': 1.0, '_a2_': 1.0, '_a4_': 1.0, '_a6_': 1.0, '_a7_': 1.0}};{'d0': 0.02490583291941663};-280.569866449044;38.999027924029335
15331;-101.285905300492;(((pow2(((_a0_ * x) + exp(-(_a3_)))) + _a5_) * _a5_) * x);{'d0': {'_a0_': 1.6755787086997433, '_a3_': 0.648818808730389, '_a5_': 1.202736916123334, '_a1_': 1.0, '_a2_': 1.0, '_a4_': 1.0, '_a6_': 1.0, '_a7_': 1.0}};{'d0': 0.02490583291941663};-280.569866449044;38.999027924029335
15332;-101.285905300492;(((pow2(((_a0_ * x) + exp(-(_a3_)))) + _a5_) * _a5_) * x);{'d0': {'_a0_': 1.6755787086997433, '_a3_': 0.648818808730389, '_a5_': 1.202736916123334, '_a1_': 1.0, '_a2_': 1.0, '_a4_': 1.0, '_a6_': 1.0, '_a7_': 1.0}};{'d0': 0.02490583291941663};-280.569866449044;38.999027924029335
15333;-101.285905300492;(((pow2(((_a0_ * x) + exp(-(_a3_)))) + _a5_) * _a5_) * x);{'d0': {'_a0_': 1.6755787086997433, '_a3_': 0.648818808730389, '_a5_': 1.202736916123334, '_a1_': 1.0, '_a2_': 1.0, '_a4_': 1.0, '_a6_': 1.0, '_a7_': 1.0}};{'d0': 0.02490583291941663};-280.569866449044;38.999027924029335
15334;-101.285905300492;(((pow2(((_a0_ * x) + exp(-(_a3_)))) + _a5_) * _a5_) * x);{'d0': {'_a0_': 1.6755787086997433, '_a3_': 0.648818808730389, '_a5_': 1.202736916123334, '_a1_': 1.0, '_a2_': 1.0, '_a4_': 1.0, '_a6_': 1.0, '_a7_': 1.0}};{'d0': 0.02490583291941663};-280.569866449044;38.999027924029335
15335;-92.5134194102950;((x / (_a6_ * _a6_)) * (_a2_ + pow2((((_a4_ * (x * _a6_)) + _a6_) * _a5_))));{'d0': {'_a2_': 43837.44594635598, '_a4_': 3.205850468678233, '_a5_': -0.5732009377881646, '_a6_': -174.0812520852464, '_a0_': 1.0, '_a1_': 1.0, '_a3_': 1.0, '_a7_': 1.0}};{'d0': 0.024905832919722405};-276.475521886085;45.724341532747324
15336;-92.5134194102950;((x / (_a6_ * _a6_)) * (_a2_ + pow2((((_a4_ * (x * _a6_)) + _a6_) * _a5_))));{'d0': {'_a2_': 43837.44594635598, '_a4_': 3.205850468678233, '_a5_': -0.5732009377881646, '_a6_': -174.0812520852464, '_a0_': 1.0, '_a1_': 1.0, '_a3_': 1.0, '_a7_': 1.0}};{'d0': 0.024905832919722405};-276.475521886085;45.724341532747324
15337;-92.5134194102950;((x / (_a6_ * _a6_)) * (_a2_ + pow2((((_a4_ * (x * _a6_)) + _a6_) * _a5_))));{'d0': {'_a2_': 43837.44594635598, '_a4_': 3.205850468678233, '_a5_': -0.5732009377881646, '_a6_': -174.0812520852464, '_a0_': 1.0, '_a1_': 1.0, '_a3_': 1.0, '_a7_': 1.0}};{'d0': 0.024905832919722405};-276.475521886085;45.724341532747324
15338;-92.5134194102950;((x / (_a6_ * _a6_)) * (_a2_ + pow2((((_a4_ * (x * _a6_)) + _a6_) * _a5_))));{'d0': {'_a2_': 43837.44594635598, '_a4_': 3.205850468678233, '_a5_': -0.5732009377881646, '_a6_': -174.0812520852464, '_a0_': 1.0, '_a1_': 1.0, '_a3_': 1.0, '_a7_': 1.0}};{'d0': 0.024905832919722405};-276.475521886085;45.724341532747324
15339;-92.5134194102950;((x / (_a6_ * _a6_)) * (_a2_ + pow2((((_a4_ * (x * _a6_)) + _a6_) * _a5_))));{'d0': {'_a2_': 43837.44594635598, '_a4_': 3.205850468678233, '_a5_': -0.5732009377881646, '_a6_': -174.0812520852464, '_a0_': 1.0, '_a1_': 1.0, '_a3_': 1.0, '_a7_': 1.0}};{'d0': 0.024905832919722405};-276.475521886085;45.724341532747324
15340;-92.5134194102950;((x / (_a6_ * _a6_)) * (_a2_ + pow2((((_a4_ * (x * _a6_)) + _a6_) * _a5_))));{'d0': {'_a2_': 43837.44594635598, '_a4_': 3.205850468678233, '_a5_': -0.5732009377881646, '_a6_': -174.0812520852464, '_a0_': 1.0, '_a1_': 1.0, '_a3_': 1.0, '_a7_': 1.0}};{'d0': 0.024905832919722405};-276.475521886085;45.724341532747324
15341;-92.5134194102950;((x / (_a6_ * _a6_)) * (_a2_ + pow2((((_a4_ * (x * _a6_)) + _a6_) * _a5_))));{'d0': {'_a2_': 43837.44594635598, '_a4_': 3.205850468678233, '_a5_': -0.5732009377881646, '_a6_': -174.0812520852464, '_a0_': 1.0, '_a1_': 1.0, '_a3_': 1.0, '_a7_': 1.0}};{'d0': 0.024905832919722405};-276.475521886085;45.724341532747324
15342;-92.5134194102950;((x / (_a6_ * _a6_)) * (_a2_ + pow2((((_a4_ * (x * _a6_)) + _a6_) * _a5_))));{'d0': {'_a2_': 43837.44594635598, '_a4_': 3.205850468678233, '_a5_': -0.5732009377881646, '_a6_': -174.0812520852464, '_a0_': 1.0, '_a1_': 1.0, '_a3_': 1.0, '_a7_': 1.0}};{'d0': 0.024905832919722405};-276.475521886085;45.724341532747324
15343;-92.5134194102950;((x / (_a6_ * _a6_)) * (_a2_ + pow2((((_a4_ * (x * _a6_)) + _a6_) * _a5_))));{'d0': {'_a2_': 43837.44594635598, '_a4_': 3.205850468678233, '_a5_': -0.5732009377881646, '_a6_': -174.0812520852464, '_a0_': 1.0, '_a1_': 1.0, '_a3_': 1.0, '_a7_': 1.0}};{'d0': 0.024905832919722405};-276.475521886085;45.724341532747324
15344;-92.5134194102950;((x / (_a6_ * _a6_)) * (_a2_ + pow2((((_a4_ * (x * _a6_)) + _a6_) * _a5_))));{'d0': {'_a2_': 43837.44594635598, '_a4_': 3.205850468678233, '_a5_': -0.5732009377881646, '_a6_': -174.0812520852464, '_a0_': 1.0, '_a1_': 1.0, '_a3_': 1.0, '_a7_': 1.0}};{'d0': 0.024905832919722405};-276.475521886085;45.724341532747324
15345;-92.5134194102950;((x / (_a6_ * _a6_)) * (_a2_ + pow2((((_a4_ * (x * _a6_)) + _a6_) * _a5_))));{'d0': {'_a2_': 43837.44594635598, '_a4_': 3.205850468678233, '_a5_': -0.5732009377881646, '_a6_': -174.0812520852464, '_a0_': 1.0, '_a1_': 1.0, '_a3_': 1.0, '_a7_': 1.0}};{'d0': 0.024905832919722405};-276.475521886085;45.724341532747324
15346;-92.5134194102950;((x / (_a6_ * _a6_)) * (_a2_ + pow2((((_a4_ * (x * _a6_)) + _a6_) * _a5_))));{'d0': {'_a2_': 43837.44594635598, '_a4_': 3.205850468678233, '_a5_': -0.5732009377881646, '_a6_': -174.0812520852464, '_a0_': 1.0, '_a1_': 1.0, '_a3_': 1.0, '_a7_': 1.0}};{'d0': 0.024905832919722405};-276.475521886085;45.724341532747324
15347;-92.5134194102950;((x / (_a6_ * _a6_)) * (_a2_ + pow2((((_a4_ * (x * _a6_)) + _a6_) * _a5_))));{'d0': {'_a2_': 43837.44594635598, '_a4_': 3.205850468678233, '_a5_': -0.5732009377881646, '_a6_': -174.0812520852464, '_a0_': 1.0, '_a1_': 1.0, '_a3_': 1.0, '_a7_': 1.0}};{'d0': 0.024905832919722405};-276.475521886085;45.724341532747324
15348;-96.3365653750355;(((pow2((((_a0_ * _a5_) * x) + exp(-(_a3_)))) + _a5_) * _a5_) * x);{'d0': {'_a0_': 1.3931381730392902, '_a3_': 0.6488188083460943, '_a5_': 1.2027369157935839, '_a1_': 1.0, '_a2_': 1.0, '_a4_': 1.0, '_a6_': 1.0, '_a7_': 1.0}};{'d0': 0.024905832919416598};-280.569866449044;43.94836784948633
15349;-96.3365653750355;(((pow2((((_a0_ * _a5_) * x) + exp(-(_a3_)))) + _a5_) * _a5_) * x);{'d0': {'_a0_': 1.3931381730392902, '_a3_': 0.6488188083460943, '_a5_': 1.2027369157935839, '_a1_': 1.0, '_a2_': 1.0, '_a4_': 1.0, '_a6_': 1.0, '_a7_': 1.0}};{'d0': 0.024905832919416598};-280.569866449044;43.94836784948633
15350;-95.9265732703825;(((pow2(((log(_a0_) * x) + exp(-(_a3_)))) + _a5_) * _a5_) * x);{'d0': {'_a0_': 5.341885650272891, '_a3_': 0.6488188085865848, '_a5_': 1.2027369161749886, '_a1_': 1.0, '_a2_': 1.0, '_a4_': 1.0, '_a6_': 1.0, '_a7_': 1.0}};{'d0': 0.024905832919416584};-280.569866449044;44.35835995413933
15351;-95.9265732703825;(((pow2(((log(_a0_) * x) + exp(-(_a3_)))) + _a5_) * _a5_) * x);{'d0': {'_a0_': 5.341885650272891, '_a3_': 0.6488188085865848, '_a5_': 1.2027369161749886, '_a1_': 1.0, '_a2_': 1.0, '_a4_': 1.0, '_a6_': 1.0, '_a7_': 1.0}};{'d0': 0.024905832919416584};-280.569866449044;44.35835995413933
15352;-95.9265732703825;(((pow2(((log(_a0_) * x) + exp(-(_a3_)))) + _a5_) * _a5_) * x);{'d0': {'_a0_': 5.341885650272891, '_a3_': 0.6488188085865848, '_a5_': 1.2027369161749886, '_a1_': 1.0, '_a2_': 1.0, '_a4_': 1.0, '_a6_': 1.0, '_a7_': 1.0}};{'d0': 0.024905832919416584};-280.569866449044;44.35835995413933
15353;-95.9265732703825;(((pow2(((log(_a0_) * x) + exp(-(_a3_)))) + _a5_) * _a5_) * x);{'d0': {'_a0_': 5.341885650272891, '_a3_': 0.6488188085865848, '_a5_': 1.2027369161749886, '_a1_': 1.0, '_a2_': 1.0, '_a4_': 1.0, '_a6_': 1.0, '_a7_': 1.0}};{'d0': 0.024905832919416584};-280.569866449044;44.35835995413933
15354;-95.9265732703825;(((pow2(((log(_a0_) * x) + exp(-(_a3_)))) + _a5_) * _a5_) * x);{'d0': {'_a0_': 5.341885650272891, '_a3_': 0.6488188085865848, '_a5_': 1.2027369161749886, '_a1_': 1.0, '_a2_': 1.0, '_a4_': 1.0, '_a6_': 1.0, '_a7_': 1.0}};{'d0': 0.024905832919416584};-280.569866449044;44.35835995413933
15355;-95.9265732703825;(((pow2(((log(_a0_) * x) + exp(-(_a3_)))) + _a5_) * _a5_) * x);{'d0': {'_a0_': 5.341885650272891, '_a3_': 0.6488188085865848, '_a5_': 1.2027369161749886, '_a1_': 1.0, '_a2_': 1.0, '_a4_': 1.0, '_a6_': 1.0, '_a7_': 1.0}};{'d0': 0.024905832919416584};-280.569866449044;44.35835995413933
15356;-95.9265732703825;(((pow2(((log(_a0_) * x) + exp(-(_a3_)))) + _a5_) * _a5_) * x);{'d0': {'_a0_': 5.341885650272891, '_a3_': 0.6488188085865848, '_a5_': 1.2027369161749886, '_a1_': 1.0, '_a2_': 1.0, '_a4_': 1.0, '_a6_': 1.0, '_a7_': 1.0}};{'d0': 0.024905832919416584};-280.569866449044;44.35835995413933
15357;-95.9265732703825;(((pow2(((log(_a0_) * x) + exp(-(_a3_)))) + _a5_) * _a5_) * x);{'d0': {'_a0_': 5.341885650272891, '_a3_': 0.6488188085865848, '_a5_': 1.2027369161749886, '_a1_': 1.0, '_a2_': 1.0, '_a4_': 1.0, '_a6_': 1.0, '_a7_': 1.0}};{'d0': 0.024905832919416584};-280.569866449044;44.35835995413933
15358;-95.9265732703825;(((pow2(((log(_a0_) * x) + exp(-(_a3_)))) + _a5_) * _a5_) * x);{'d0': {'_a0_': 5.341885650272891, '_a3_': 0.6488188085865848, '_a5_': 1.2027369161749886, '_a1_': 1.0, '_a2_': 1.0, '_a4_': 1.0, '_a6_': 1.0, '_a7_': 1.0}};{'d0': 0.024905832919416584};-280.569866449044;44.35835995413933
15359;-95.9265732703825;(((pow2(((log(_a0_) * x) + exp(-(_a3_)))) + _a5_) * _a5_) * x);{'d0': {'_a0_': 5.341885650272891, '_a3_': 0.6488188085865848, '_a5_': 1.2027369161749886, '_a1_': 1.0, '_a2_': 1.0, '_a4_': 1.0, '_a6_': 1.0, '_a7_': 1.0}};{'d0': 0.024905832919416584};-280.569866449044;44.35835995413933
15360;-95.9265732703825;(((pow2(((log(_a0_) * x) + exp(-(_a3_)))) + _a5_) * _a5_) * x);{'d0': {'_a0_': 5.341885650272891, '_a3_': 0.6488188085865848, '_a5_': 1.2027369161749886, '_a1_': 1.0, '_a2_': 1.0, '_a4_': 1.0, '_a6_': 1.0, '_a7_': 1.0}};{'d0': 0.024905832919416584};-280.569866449044;44.35835995413933
15361;-95.9265732703825;(((pow2(((log(_a0_) * x) + exp(-(_a3_)))) + _a5_) * _a5_) * x);{'d0': {'_a0_': 5.341885650272891, '_a3_': 0.6488188085865848, '_a5_': 1.2027369161749886, '_a1_': 1.0, '_a2_': 1.0, '_a4_': 1.0, '_a6_': 1.0, '_a7_': 1.0}};{'d0': 0.024905832919416584};-280.569866449044;44.35835995413933
15362;-95.9265732703825;(((pow2(((log(_a0_) * x) + exp(-(_a3_)))) + _a5_) * _a5_) * x);{'d0': {'_a0_': 5.341885650272891, '_a3_': 0.6488188085865848, '_a5_': 1.2027369161749886, '_a1_': 1.0, '_a2_': 1.0, '_a4_': 1.0, '_a6_': 1.0, '_a7_': 1.0}};{'d0': 0.024905832919416584};-280.569866449044;44.35835995413933
15363;-95.9265732703825;(((pow2(((log(_a0_) * x) + exp(-(_a3_)))) + _a5_) * _a5_) * x);{'d0': {'_a0_': 5.341885650272891, '_a3_': 0.6488188085865848, '_a5_': 1.2027369161749886, '_a1_': 1.0, '_a2_': 1.0, '_a4_': 1.0, '_a6_': 1.0, '_a7_': 1.0}};{'d0': 0.024905832919416584};-280.569866449044;44.35835995413933
15364;-96.3365653750356;(((pow2((((_a3_ * _a1_) * x) + exp(-(_a3_)))) + _a5_) * _a5_) * x);{'d0': {'_a1_': 2.582506374897738, '_a3_': 0.6488188084905337, '_a5_': 1.202736915993907, '_a0_': 1.0, '_a2_': 1.0, '_a4_': 1.0, '_a6_': 1.0, '_a7_': 1.0}};{'d0': 0.024905832919416573};-280.569866449044;43.94836784948633
15365;-96.3365653750356;(((pow2((((_a3_ * _a1_) * x) + exp(-(_a3_)))) + _a5_) * _a5_) * x);{'d0': {'_a1_': 2.582506374897738, '_a3_': 0.6488188084905337, '_a5_': 1.202736915993907, '_a0_': 1.0, '_a2_': 1.0, '_a4_': 1.0, '_a6_': 1.0, '_a7_': 1.0}};{'d0': 0.024905832919416573};-280.569866449044;43.94836784948633
15366;-96.3365653750356;(((pow2((((_a3_ * _a1_) * x) + exp(-(_a1_)))) + _a5_) * _a5_) * x);{'d0': {'_a1_': 0.6488188084215042, '_a3_': 2.5825063749774344, '_a5_': 1.2027369160827777, '_a0_': 1.0, '_a2_': 1.0, '_a4_': 1.0, '_a6_': 1.0, '_a7_': 1.0}};{'d0': 0.024905832919416573};-280.569866449044;43.94836784948633
15367;-96.3365653750356;(((pow2((((_a3_ * _a1_) * x) + exp(-(_a1_)))) + _a5_) * _a5_) * x);{'d0': {'_a1_': 0.6488188084215042, '_a3_': 2.5825063749774344, '_a5_': 1.2027369160827777, '_a0_': 1.0, '_a2_': 1.0, '_a4_': 1.0, '_a6_': 1.0, '_a7_': 1.0}};{'d0': 0.024905832919416573};-280.569866449044;43.94836784948633
15368;-96.3365653750356;(((pow2((((_a3_ * _a1_) * x) + exp(-(_a1_)))) + _a5_) * _a5_) * x);{'d0': {'_a1_': 0.6488188084215042, '_a3_': 2.5825063749774344, '_a5_': 1.2027369160827777, '_a0_': 1.0, '_a2_': 1.0, '_a4_': 1.0, '_a6_': 1.0, '_a7_': 1.0}};{'d0': 0.024905832919416573};-280.569866449044;43.94836784948633
15369;-96.3365653750356;(((pow2((((_a3_ * _a1_) * x) + exp(-(_a1_)))) + _a5_) * _a5_) * x);{'d0': {'_a1_': 0.6488188084215042, '_a3_': 2.5825063749774344, '_a5_': 1.2027369160827777, '_a0_': 1.0, '_a2_': 1.0, '_a4_': 1.0, '_a6_': 1.0, '_a7_': 1.0}};{'d0': 0.024905832919416573};-280.569866449044;43.94836784948633
15370;-96.3365653750356;(((pow2((((_a3_ * _a1_) * x) + exp(-(_a1_)))) + _a5_) * _a5_) * x);{'d0': {'_a1_': 0.6488188084215042, '_a3_': 2.5825063749774344, '_a5_': 1.2027369160827777, '_a0_': 1.0, '_a2_': 1.0, '_a4_': 1.0, '_a6_': 1.0, '_a7_': 1.0}};{'d0': 0.024905832919416573};-280.569866449044;43.94836784948633
15371;-96.3365653750356;(((pow2((((_a3_ * _a1_) * x) + exp(-(_a1_)))) + _a5_) * _a5_) * x);{'d0': {'_a1_': 0.6488188084215042, '_a3_': 2.5825063749774344, '_a5_': 1.2027369160827777, '_a0_': 1.0, '_a2_': 1.0, '_a4_': 1.0, '_a6_': 1.0, '_a7_': 1.0}};{'d0': 0.024905832919416573};-280.569866449044;43.94836784948633
15372;-96.3365653750356;(((pow2((((_a3_ * _a1_) * x) + exp(-(_a1_)))) + _a5_) * _a5_) * x);{'d0': {'_a1_': 0.6488188084215042, '_a3_': 2.5825063749774344, '_a5_': 1.2027369160827777, '_a0_': 1.0, '_a2_': 1.0, '_a4_': 1.0, '_a6_': 1.0, '_a7_': 1.0}};{'d0': 0.024905832919416573};-280.569866449044;43.94836784948633
15373;-96.3365653750356;(((pow2((((_a3_ * _a1_) * x) + exp(-(_a1_)))) + _a5_) * _a5_) * x);{'d0': {'_a1_': 0.6488188084215042, '_a3_': 2.5825063749774344, '_a5_': 1.2027369160827777, '_a0_': 1.0, '_a2_': 1.0, '_a4_': 1.0, '_a6_': 1.0, '_a7_': 1.0}};{'d0': 0.024905832919416573};-280.569866449044;43.94836784948633
15374;-96.3365653750356;(((pow2((((_a3_ * _a1_) * x) + exp(-(_a1_)))) + _a5_) * _a5_) * x);{'d0': {'_a1_': 0.6488188084215042, '_a3_': 2.5825063749774344, '_a5_': 1.2027369160827777, '_a0_': 1.0, '_a2_': 1.0, '_a4_': 1.0, '_a6_': 1.0, '_a7_': 1.0}};{'d0': 0.024905832919416573};-280.569866449044;43.94836784948633
15375;-95.3653042514624;(((pow2((((_a3_ * _a1_) * x) + exp(-(_a1_)))) + _a5_) + _a5_) * x);{'d0': {'_a1_': 0.5565189467343619, '_a3_': 3.301947769989576, '_a5_': 0.7232880447056604, '_a0_': 1.0, '_a2_': 1.0, '_a4_': 1.0, '_a6_': 1.0, '_a7_': 1.0}};{'d0': 0.02490583291941665};-280.569866449044;44.91962897305933
15376;-94.9964715482532;((x / pow2(_a6_)) * (_a2_ + pow2((((_a5_ * (x / _a6_)) + _a6_) * _a2_))));{'d0': {'_a2_': 0.5732009381605668, '_a5_': 1.270307528284902, '_a6_': 0.6294812596430803, '_a0_': 1.0, '_a1_': 1.0, '_a3_': 1.0, '_a4_': 1.0, '_a7_': 1.0}};{'d0': 0.024905832919416653};-280.569866449044;45.288461676268525
15377;-94.9964715482532;((x / pow2(_a6_)) * (_a2_ + pow2((((_a5_ * (x / _a6_)) + _a6_) * _a2_))));{'d0': {'_a2_': 0.5732009381605668, '_a5_': 1.270307528284902, '_a6_': 0.6294812596430803, '_a0_': 1.0, '_a1_': 1.0, '_a3_': 1.0, '_a4_': 1.0, '_a7_': 1.0}};{'d0': 0.024905832919416653};-280.569866449044;45.288461676268525
15378;-94.9964715482532;((x / pow2(_a6_)) * (_a2_ + pow2((((_a5_ * (x / _a6_)) + _a6_) * _a2_))));{'d0': {'_a2_': 0.5732009381605668, '_a5_': 1.270307528284902, '_a6_': 0.6294812596430803, '_a0_': 1.0, '_a1_': 1.0, '_a3_': 1.0, '_a4_': 1.0, '_a7_': 1.0}};{'d0': 0.024905832919416653};-280.569866449044;45.288461676268525
15379;-94.9964715482532;((x / pow2(_a6_)) * (_a2_ + pow2((((_a5_ * (x / _a6_)) + _a6_) * _a2_))));{'d0': {'_a2_': 0.5732009381605668, '_a5_': 1.270307528284902, '_a6_': 0.6294812596430803, '_a0_': 1.0, '_a1_': 1.0, '_a3_': 1.0, '_a4_': 1.0, '_a7_': 1.0}};{'d0': 0.024905832919416653};-280.569866449044;45.288461676268525
15380;-94.9964715482532;((x / pow2(_a6_)) * (_a2_ + pow2((((_a5_ * (x / _a6_)) + _a6_) * _a2_))));{'d0': {'_a2_': 0.5732009381605668, '_a5_': 1.270307528284902, '_a6_': 0.6294812596430803, '_a0_': 1.0, '_a1_': 1.0, '_a3_': 1.0, '_a4_': 1.0, '_a7_': 1.0}};{'d0': 0.024905832919416653};-280.569866449044;45.288461676268525
15381;-94.9964715482532;((x / pow2(_a6_)) * (_a2_ + pow2((((_a5_ * (x / _a6_)) + _a6_) * _a2_))));{'d0': {'_a2_': 0.5732009381605668, '_a5_': 1.270307528284902, '_a6_': 0.6294812596430803, '_a0_': 1.0, '_a1_': 1.0, '_a3_': 1.0, '_a4_': 1.0, '_a7_': 1.0}};{'d0': 0.024905832919416653};-280.569866449044;45.288461676268525
15382;-94.9964715482532;((x / pow2(_a6_)) * (_a2_ + pow2((((_a5_ * (x / _a6_)) + _a6_) * _a2_))));{'d0': {'_a2_': 0.5732009381605668, '_a5_': 1.270307528284902, '_a6_': 0.6294812596430803, '_a0_': 1.0, '_a1_': 1.0, '_a3_': 1.0, '_a4_': 1.0, '_a7_': 1.0}};{'d0': 0.024905832919416653};-280.569866449044;45.288461676268525
15383;-94.9964715482532;((x / pow2(_a6_)) * (_a2_ + pow2((((_a5_ * (x / _a6_)) + _a6_) * _a2_))));{'d0': {'_a2_': 0.5732009381605668, '_a5_': 1.270307528284902, '_a6_': 0.6294812596430803, '_a0_': 1.0, '_a1_': 1.0, '_a3_': 1.0, '_a4_': 1.0, '_a7_': 1.0}};{'d0': 0.024905832919416653};-280.569866449044;45.288461676268525
15384;-94.9964715482532;((x / pow2(_a6_)) * (_a2_ + pow2((((_a5_ * (x / _a6_)) + _a6_) * _a2_))));{'d0': {'_a2_': 0.5732009381605668, '_a5_': 1.270307528284902, '_a6_': 0.6294812596430803, '_a0_': 1.0, '_a1_': 1.0, '_a3_': 1.0, '_a4_': 1.0, '_a7_': 1.0}};{'d0': 0.024905832919416653};-280.569866449044;45.288461676268525
15385;-94.9964715482532;((x / pow2(_a6_)) * (_a2_ + pow2((((_a5_ * (x / _a6_)) + _a6_) * _a2_))));{'d0': {'_a2_': 0.5732009381605668, '_a5_': 1.270307528284902, '_a6_': 0.6294812596430803, '_a0_': 1.0, '_a1_': 1.0, '_a3_': 1.0, '_a4_': 1.0, '_a7_': 1.0}};{'d0': 0.024905832919416653};-280.569866449044;45.288461676268525
15386;-94.9964715482532;((x / pow2(_a6_)) * (_a2_ + pow2((((_a5_ * (x / _a6_)) + _a6_) * _a2_))));{'d0': {'_a2_': 0.5732009381605668, '_a5_': 1.270307528284902, '_a6_': 0.6294812596430803, '_a0_': 1.0, '_a1_': 1.0, '_a3_': 1.0, '_a4_': 1.0, '_a7_': 1.0}};{'d0': 0.024905832919416653};-280.569866449044;45.288461676268525
15387;-94.9964715482532;((x / pow2(_a6_)) * (_a2_ + pow2((((_a5_ * (x / _a6_)) + _a6_) * _a2_))));{'d0': {'_a2_': 0.5732009381605668, '_a5_': 1.270307528284902, '_a6_': 0.6294812596430803, '_a0_': 1.0, '_a1_': 1.0, '_a3_': 1.0, '_a4_': 1.0, '_a7_': 1.0}};{'d0': 0.024905832919416653};-280.569866449044;45.288461676268525
15388;-94.9964715482532;((x / pow2(_a6_)) * (_a2_ + pow2((((_a5_ * (x / _a6_)) + _a6_) * _a2_))));{'d0': {'_a2_': 0.5732009381605668, '_a5_': 1.270307528284902, '_a6_': 0.6294812596430803, '_a0_': 1.0, '_a1_': 1.0, '_a3_': 1.0, '_a4_': 1.0, '_a7_': 1.0}};{'d0': 0.024905832919416653};-280.569866449044;45.288461676268525
15389;-94.9964715482532;((x / pow2(_a6_)) * (_a2_ + pow2((((_a5_ * (x / _a6_)) + _a6_) * _a2_))));{'d0': {'_a2_': 0.5732009381605668, '_a5_': 1.270307528284902, '_a6_': 0.6294812596430803, '_a0_': 1.0, '_a1_': 1.0, '_a3_': 1.0, '_a4_': 1.0, '_a7_': 1.0}};{'d0': 0.024905832919416653};-280.569866449044;45.288461676268525
15390;-94.9964715482532;((x / pow2(_a6_)) * (_a2_ + pow2((((_a5_ * (x / _a6_)) + _a6_) * _a2_))));{'d0': {'_a2_': 0.5732009381605668, '_a5_': 1.270307528284902, '_a6_': 0.6294812596430803, '_a0_': 1.0, '_a1_': 1.0, '_a3_': 1.0, '_a4_': 1.0, '_a7_': 1.0}};{'d0': 0.024905832919416653};-280.569866449044;45.288461676268525
15391;-98.6944060208633;((x / _a5_) * (_a2_ + pow2((((_a5_ * (x / _a6_)) + _a6_) * _a2_))));{'d0': {'_a2_': 1.0263099107807852, '_a5_': 0.7094752346200556, '_a6_': 0.47043214447795545, '_a0_': 1.0, '_a1_': 1.0, '_a3_': 1.0, '_a4_': 1.0, '_a7_': 1.0}};{'d0': 0.024905832919416598};-280.569866449044;41.590527203658525
15392;-98.6944060208633;((x / _a5_) * (_a2_ + pow2((((_a5_ * (x / _a6_)) + _a6_) * _a2_))));{'d0': {'_a2_': 1.0263099107807852, '_a5_': 0.7094752346200556, '_a6_': 0.47043214447795545, '_a0_': 1.0, '_a1_': 1.0, '_a3_': 1.0, '_a4_': 1.0, '_a7_': 1.0}};{'d0': 0.024905832919416598};-280.569866449044;41.590527203658525
15393;-98.6944060208633;((x / _a5_) * (_a2_ + pow2((((_a5_ * (x / _a6_)) + _a6_) * _a2_))));{'d0': {'_a2_': 1.0263099107807852, '_a5_': 0.7094752346200556, '_a6_': 0.47043214447795545, '_a0_': 1.0, '_a1_': 1.0, '_a3_': 1.0, '_a4_': 1.0, '_a7_': 1.0}};{'d0': 0.024905832919416598};-280.569866449044;41.590527203658525
15394;-104.531628829010;(x * (_a2_ + pow2((((_a5_ * (x / _a6_)) + _a6_) * _a2_))));{'d0': {'_a2_': 1.4465760883452206, '_a5_': 0.5033551105550501, '_a6_': 0.3962466561924877, '_a0_': 1.0, '_a1_': 1.0, '_a3_': 1.0, '_a4_': 1.0, '_a7_': 1.0}};{'d0': 0.024905832919416608};-280.569866449044;35.75330439551132
15395;-104.531628829010;(x * (_a2_ + pow2((((_a5_ * (x / _a6_)) + _a6_) * _a2_))));{'d0': {'_a2_': 1.4465760883452206, '_a5_': 0.5033551105550501, '_a6_': 0.3962466561924877, '_a0_': 1.0, '_a1_': 1.0, '_a3_': 1.0, '_a4_': 1.0, '_a7_': 1.0}};{'d0': 0.024905832919416608};-280.569866449044;35.75330439551132
15396;-104.531628829010;(x * (_a2_ + pow2((((_a5_ * (x / _a6_)) + _a6_) * _a2_))));{'d0': {'_a2_': 1.4465760883452206, '_a5_': 0.5033551105550501, '_a6_': 0.3962466561924877, '_a0_': 1.0, '_a1_': 1.0, '_a3_': 1.0, '_a4_': 1.0, '_a7_': 1.0}};{'d0': 0.024905832919416608};-280.569866449044;35.75330439551132
15397;-104.531628829010;(x * (_a2_ + pow2((((_a5_ * (x / _a6_)) + _a6_) * _a2_))));{'d0': {'_a2_': 1.4465760883452206, '_a5_': 0.5033551105550501, '_a6_': 0.3962466561924877, '_a0_': 1.0, '_a1_': 1.0, '_a3_': 1.0, '_a4_': 1.0, '_a7_': 1.0}};{'d0': 0.024905832919416608};-280.569866449044;35.75330439551132
15398;-104.531628829010;(x * (_a2_ + pow2((((_a5_ * (x / _a6_)) + _a6_) * _a2_))));{'d0': {'_a2_': 1.4465760883452206, '_a5_': 0.5033551105550501, '_a6_': 0.3962466561924877, '_a0_': 1.0, '_a1_': 1.0, '_a3_': 1.0, '_a4_': 1.0, '_a7_': 1.0}};{'d0': 0.024905832919416608};-280.569866449044;35.75330439551132
15399;-104.531628829010;(x * (_a2_ + pow2((((_a5_ * (x / _a6_)) + _a6_) * _a2_))));{'d0': {'_a2_': 1.4465760883452206, '_a5_': 0.5033551105550501, '_a6_': 0.3962466561924877, '_a0_': 1.0, '_a1_': 1.0, '_a3_': 1.0, '_a4_': 1.0, '_a7_': 1.0}};{'d0': 0.024905832919416608};-280.569866449044;35.75330439551132
15400;-104.531628829010;(x * (_a2_ + pow2((((_a5_ * (x / _a6_)) + _a6_) * _a2_))));{'d0': {'_a2_': 1.4465760883452206, '_a5_': 0.5033551105550501, '_a6_': 0.3962466561924877, '_a0_': 1.0, '_a1_': 1.0, '_a3_': 1.0, '_a4_': 1.0, '_a7_': 1.0}};{'d0': 0.024905832919416608};-280.569866449044;35.75330439551132
15401;-104.531628829010;(x * (_a2_ + pow2((((_a5_ * (x / _a6_)) + _a6_) * _a2_))));{'d0': {'_a2_': 1.4465760883452206, '_a5_': 0.5033551105550501, '_a6_': 0.3962466561924877, '_a0_': 1.0, '_a1_': 1.0, '_a3_': 1.0, '_a4_': 1.0, '_a7_': 1.0}};{'d0': 0.024905832919416608};-280.569866449044;35.75330439551132
15402;-104.531628829010;(x * (_a2_ + pow2((((_a5_ * (x / _a6_)) + _a6_) * _a2_))));{'d0': {'_a2_': 1.4465760883452206, '_a5_': 0.5033551105550501, '_a6_': 0.3962466561924877, '_a0_': 1.0, '_a1_': 1.0, '_a3_': 1.0, '_a4_': 1.0, '_a7_': 1.0}};{'d0': 0.024905832919416608};-280.569866449044;35.75330439551132
15403;-104.531628829010;(x * (_a2_ + pow2((((_a5_ * (x / _a6_)) + _a6_) * _a2_))));{'d0': {'_a2_': 1.4465760883452206, '_a5_': 0.5033551105550501, '_a6_': 0.3962466561924877, '_a0_': 1.0, '_a1_': 1.0, '_a3_': 1.0, '_a4_': 1.0, '_a7_': 1.0}};{'d0': 0.024905832919416608};-280.569866449044;35.75330439551132
15404;-104.531628829010;(x * (_a2_ + pow2((((_a5_ * (x / _a6_)) + _a6_) * _a2_))));{'d0': {'_a2_': 1.4465760883452206, '_a5_': 0.5033551105550501, '_a6_': 0.3962466561924877, '_a0_': 1.0, '_a1_': 1.0, '_a3_': 1.0, '_a4_': 1.0, '_a7_': 1.0}};{'d0': 0.024905832919416608};-280.569866449044;35.75330439551132
15405;-104.531628829010;(x * (_a2_ + pow2((((_a5_ * (x / _a6_)) + _a6_) * _a2_))));{'d0': {'_a2_': 1.4465760883452206, '_a5_': 0.5033551105550501, '_a6_': 0.3962466561924877, '_a0_': 1.0, '_a1_': 1.0, '_a3_': 1.0, '_a4_': 1.0, '_a7_': 1.0}};{'d0': 0.024905832919416608};-280.569866449044;35.75330439551132
15406;-104.531628829010;(x * (_a2_ + pow2((((_a5_ * (x / _a6_)) + _a6_) * _a2_))));{'d0': {'_a2_': 1.4465760883452206, '_a5_': 0.5033551105550501, '_a6_': 0.3962466561924877, '_a0_': 1.0, '_a1_': 1.0, '_a3_': 1.0, '_a4_': 1.0, '_a7_': 1.0}};{'d0': 0.024905832919416608};-280.569866449044;35.75330439551132
15407;-104.531628829010;(x * (_a2_ + pow2((((_a5_ * (x / _a6_)) + _a6_) * _a2_))));{'d0': {'_a2_': 1.4465760883452206, '_a5_': 0.5033551105550501, '_a6_': 0.3962466561924877, '_a0_': 1.0, '_a1_': 1.0, '_a3_': 1.0, '_a4_': 1.0, '_a7_': 1.0}};{'d0': 0.024905832919416608};-280.569866449044;35.75330439551132
15408;-104.531628829010;(x * (_a2_ + pow2((((_a5_ * (x / _a6_)) + _a6_) * _a2_))));{'d0': {'_a2_': 1.4465760883452206, '_a5_': 0.5033551105550501, '_a6_': 0.3962466561924877, '_a0_': 1.0, '_a1_': 1.0, '_a3_': 1.0, '_a4_': 1.0, '_a7_': 1.0}};{'d0': 0.024905832919416608};-280.569866449044;35.75330439551132
15409;-104.531628829010;(x * (_a2_ + pow2((((_a5_ * (x / _a6_)) + _a6_) * _a2_))));{'d0': {'_a2_': 1.4465760883452206, '_a5_': 0.5033551105550501, '_a6_': 0.3962466561924877, '_a0_': 1.0, '_a1_': 1.0, '_a3_': 1.0, '_a4_': 1.0, '_a7_': 1.0}};{'d0': 0.024905832919416608};-280.569866449044;35.75330439551132
15410;-104.531628829010;(x * (_a2_ + pow2((((_a5_ * (x / _a6_)) + _a6_) * _a2_))));{'d0': {'_a2_': 1.4465760883452206, '_a5_': 0.5033551105550501, '_a6_': 0.3962466561924877, '_a0_': 1.0, '_a1_': 1.0, '_a3_': 1.0, '_a4_': 1.0, '_a7_': 1.0}};{'d0': 0.024905832919416608};-280.569866449044;35.75330439551132
15411;-104.531628829010;(x * (_a2_ + pow2((((_a5_ * (x / _a6_)) + _a6_) * _a2_))));{'d0': {'_a2_': 1.4465760883452206, '_a5_': 0.5033551105550501, '_a6_': 0.3962466561924877, '_a0_': 1.0, '_a1_': 1.0, '_a3_': 1.0, '_a4_': 1.0, '_a7_': 1.0}};{'d0': 0.024905832919416608};-280.569866449044;35.75330439551132
15412;-104.531628829010;(x * (_a2_ + pow2((((_a5_ * (x / _a6_)) + _a6_) * _a2_))));{'d0': {'_a2_': 1.4465760883452206, '_a5_': 0.5033551105550501, '_a6_': 0.3962466561924877, '_a0_': 1.0, '_a1_': 1.0, '_a3_': 1.0, '_a4_': 1.0, '_a7_': 1.0}};{'d0': 0.024905832919416608};-280.569866449044;35.75330439551132
15413;-104.531628829010;(x * (_a2_ + pow2((((_a5_ * (x / _a6_)) + _a6_) * _a2_))));{'d0': {'_a2_': 1.4465760883452206, '_a5_': 0.5033551105550501, '_a6_': 0.3962466561924877, '_a0_': 1.0, '_a1_': 1.0, '_a3_': 1.0, '_a4_': 1.0, '_a7_': 1.0}};{'d0': 0.024905832919416608};-280.569866449044;35.75330439551132
15414;-105.382580669956;(x * (_a2_ + pow2((((_a5_ * (x * _a6_)) + _a6_) * _a2_))));{'d0': {'_a2_': 1.4465760890291546, '_a5_': 3.2058504696973316, '_a6_': -0.3962466557850022, '_a0_': 1.0, '_a1_': 1.0, '_a3_': 1.0, '_a4_': 1.0, '_a7_': 1.0}};{'d0': 0.024905832919416677};-280.569866449043;34.90235255456592
15415;-105.382580669956;(x * (_a2_ + pow2((((_a5_ * (x * _a6_)) + _a6_) * _a2_))));{'d0': {'_a2_': 1.4465760890291546, '_a5_': 3.2058504696973316, '_a6_': -0.3962466557850022, '_a0_': 1.0, '_a1_': 1.0, '_a3_': 1.0, '_a4_': 1.0, '_a7_': 1.0}};{'d0': 0.024905832919416677};-280.569866449043;34.90235255456592
15416;-105.382580669956;(x * (_a2_ + pow2((((_a5_ * (x * _a6_)) + _a6_) * _a2_))));{'d0': {'_a2_': 1.4465760890291546, '_a5_': 3.2058504696973316, '_a6_': -0.3962466557850022, '_a0_': 1.0, '_a1_': 1.0, '_a3_': 1.0, '_a4_': 1.0, '_a7_': 1.0}};{'d0': 0.024905832919416677};-280.569866449043;34.90235255456592
15417;-105.382580669956;(x * (_a2_ + pow2((((_a5_ * (x * _a6_)) + _a6_) * _a2_))));{'d0': {'_a2_': 1.4465760890291546, '_a5_': 3.2058504696973316, '_a6_': -0.3962466557850022, '_a0_': 1.0, '_a1_': 1.0, '_a3_': 1.0, '_a4_': 1.0, '_a7_': 1.0}};{'d0': 0.024905832919416677};-280.569866449043;34.90235255456592
15418;-100.042717659436;(x * (_a2_ + pow2((((sqrt(_a0_) * (x * _a6_)) + _a6_) * _a2_))));{'d0': {'_a0_': 10.277477225619235, '_a2_': 1.4465760897236508, '_a6_': -0.396246655679533, '_a1_': 1.0, '_a3_': 1.0, '_a4_': 1.0, '_a5_': 1.0, '_a7_': 1.0}};{'d0': 0.02490583291941661};-280.569866449044;40.24221556508592
15419;-100.042717659436;(x * (_a2_ + pow2((((sqrt(_a0_) * (x * _a6_)) + _a6_) * _a2_))));{'d0': {'_a0_': 10.277477225619235, '_a2_': 1.4465760897236508, '_a6_': -0.396246655679533, '_a1_': 1.0, '_a3_': 1.0, '_a4_': 1.0, '_a5_': 1.0, '_a7_': 1.0}};{'d0': 0.02490583291941661};-280.569866449044;40.24221556508592
15420;-100.042717659436;(x * (_a2_ + pow2((((sqrt(_a0_) * (x * _a6_)) + _a6_) * _a2_))));{'d0': {'_a0_': 10.277477225619235, '_a2_': 1.4465760897236508, '_a6_': -0.396246655679533, '_a1_': 1.0, '_a3_': 1.0, '_a4_': 1.0, '_a5_': 1.0, '_a7_': 1.0}};{'d0': 0.02490583291941661};-280.569866449044;40.24221556508592
15421;-100.042717659436;(x * (_a2_ + pow2((((sqrt(_a0_) * (x * _a6_)) + _a6_) * _a2_))));{'d0': {'_a0_': 10.277477225619235, '_a2_': 1.4465760897236508, '_a6_': -0.396246655679533, '_a1_': 1.0, '_a3_': 1.0, '_a4_': 1.0, '_a5_': 1.0, '_a7_': 1.0}};{'d0': 0.02490583291941661};-280.569866449044;40.24221556508592
15422;-100.042717659436;(x * (_a2_ + pow2((((sqrt(_a0_) * (x * _a6_)) + _a6_) * _a2_))));{'d0': {'_a0_': 10.277477225619235, '_a2_': 1.4465760897236508, '_a6_': -0.396246655679533, '_a1_': 1.0, '_a3_': 1.0, '_a4_': 1.0, '_a5_': 1.0, '_a7_': 1.0}};{'d0': 0.02490583291941661};-280.569866449044;40.24221556508592
15423;-100.042717659436;(x * (_a2_ + pow2((((sqrt(_a0_) * (x * _a6_)) + _a6_) * _a2_))));{'d0': {'_a0_': 10.277477225619235, '_a2_': 1.4465760897236508, '_a6_': -0.396246655679533, '_a1_': 1.0, '_a3_': 1.0, '_a4_': 1.0, '_a5_': 1.0, '_a7_': 1.0}};{'d0': 0.02490583291941661};-280.569866449044;40.24221556508592
15424;-100.042717659436;(x * (_a2_ + pow2((((sqrt(_a0_) * (x * _a6_)) + _a6_) * _a2_))));{'d0': {'_a0_': 10.277477225619235, '_a2_': 1.4465760897236508, '_a6_': -0.396246655679533, '_a1_': 1.0, '_a3_': 1.0, '_a4_': 1.0, '_a5_': 1.0, '_a7_': 1.0}};{'d0': 0.02490583291941661};-280.569866449044;40.24221556508592
15425;-100.042717659436;(x * (_a2_ + pow2((((sqrt(_a0_) * (x * _a6_)) + _a6_) * _a2_))));{'d0': {'_a0_': 10.277477225619235, '_a2_': 1.4465760897236508, '_a6_': -0.396246655679533, '_a1_': 1.0, '_a3_': 1.0, '_a4_': 1.0, '_a5_': 1.0, '_a7_': 1.0}};{'d0': 0.02490583291941661};-280.569866449044;40.24221556508592
15426;-100.042717659436;(x * (_a2_ + pow2((((sqrt(_a0_) * (x * _a6_)) + _a6_) * _a2_))));{'d0': {'_a0_': 10.277477225619235, '_a2_': 1.4465760897236508, '_a6_': -0.396246655679533, '_a1_': 1.0, '_a3_': 1.0, '_a4_': 1.0, '_a5_': 1.0, '_a7_': 1.0}};{'d0': 0.02490583291941661};-280.569866449044;40.24221556508592
15427;-100.042717659436;(x * (_a2_ + pow2((((sqrt(_a0_) * (x * _a6_)) + _a6_) * _a2_))));{'d0': {'_a0_': 10.277477225619235, '_a2_': 1.4465760897236508, '_a6_': -0.396246655679533, '_a1_': 1.0, '_a3_': 1.0, '_a4_': 1.0, '_a5_': 1.0, '_a7_': 1.0}};{'d0': 0.02490583291941661};-280.569866449044;40.24221556508592
15428;-90.0134836020543;((_a7_ + (_a4_ * x)) + -(pow3((_a5_ * (x + ((_a5_ / _a5_) * _a1_))))));{'d0': {'_a1_': 0.20818372290188247, '_a4_': 1.3348540684442034, '_a5_': -1.5011129758422765, '_a7_': -0.031543898262391436, '_a0_': 1.0, '_a2_': 1.0, '_a3_': 1.0, '_a6_': 1.0}};{'d0': 0.024885482501866937};-276.524567593312;48.2488001946018
15429;-90.0134836020543;((_a7_ + (_a4_ * x)) + -(pow3((_a5_ * (x + ((_a5_ / _a5_) * _a1_))))));{'d0': {'_a1_': 0.20818372290188247, '_a4_': 1.3348540684442034, '_a5_': -1.5011129758422765, '_a7_': -0.031543898262391436, '_a0_': 1.0, '_a2_': 1.0, '_a3_': 1.0, '_a6_': 1.0}};{'d0': 0.024885482501866937};-276.524567593312;48.2488001946018
15430;-90.0134836020543;((_a7_ + (_a4_ * x)) + -(pow3((_a5_ * (x + ((_a5_ / _a5_) * _a1_))))));{'d0': {'_a1_': 0.20818372290188247, '_a4_': 1.3348540684442034, '_a5_': -1.5011129758422765, '_a7_': -0.031543898262391436, '_a0_': 1.0, '_a2_': 1.0, '_a3_': 1.0, '_a6_': 1.0}};{'d0': 0.024885482501866937};-276.524567593312;48.2488001946018
15431;-90.0134836020543;((_a7_ + (_a4_ * x)) + -(pow3((_a5_ * (x + ((_a5_ / _a5_) * _a1_))))));{'d0': {'_a1_': 0.20818372290188247, '_a4_': 1.3348540684442034, '_a5_': -1.5011129758422765, '_a7_': -0.031543898262391436, '_a0_': 1.0, '_a2_': 1.0, '_a3_': 1.0, '_a6_': 1.0}};{'d0': 0.024885482501866937};-276.524567593312;48.2488001946018
15432;-90.0134836020543;((_a7_ + (_a4_ * x)) + -(pow3((_a5_ * (x + ((_a5_ / _a5_) * _a1_))))));{'d0': {'_a1_': 0.20818372290188247, '_a4_': 1.3348540684442034, '_a5_': -1.5011129758422765, '_a7_': -0.031543898262391436, '_a0_': 1.0, '_a2_': 1.0, '_a3_': 1.0, '_a6_': 1.0}};{'d0': 0.024885482501866937};-276.524567593312;48.2488001946018
15433;-90.0134836020543;((_a7_ + (_a4_ * x)) + -(pow3((_a5_ * (x + ((_a5_ / _a5_) * _a1_))))));{'d0': {'_a1_': 0.20818372290188247, '_a4_': 1.3348540684442034, '_a5_': -1.5011129758422765, '_a7_': -0.031543898262391436, '_a0_': 1.0, '_a2_': 1.0, '_a3_': 1.0, '_a6_': 1.0}};{'d0': 0.024885482501866937};-276.524567593312;48.2488001946018
15434;-90.0134836020543;((_a7_ + (_a4_ * x)) + -(pow3((_a5_ * (x + ((_a5_ / _a5_) * _a1_))))));{'d0': {'_a1_': 0.20818372290188247, '_a4_': 1.3348540684442034, '_a5_': -1.5011129758422765, '_a7_': -0.031543898262391436, '_a0_': 1.0, '_a2_': 1.0, '_a3_': 1.0, '_a6_': 1.0}};{'d0': 0.024885482501866937};-276.524567593312;48.2488001946018
15435;-90.0134836020543;((_a7_ + (_a4_ * x)) + -(pow3((_a5_ * (x + ((_a5_ / _a5_) * _a1_))))));{'d0': {'_a1_': 0.20818372290188247, '_a4_': 1.3348540684442034, '_a5_': -1.5011129758422765, '_a7_': -0.031543898262391436, '_a0_': 1.0, '_a2_': 1.0, '_a3_': 1.0, '_a6_': 1.0}};{'d0': 0.024885482501866937};-276.524567593312;48.2488001946018
15436;-90.0134836020543;((_a7_ + (_a4_ * x)) + -(pow3((_a5_ * (x + ((_a5_ / _a5_) * _a1_))))));{'d0': {'_a1_': 0.20818372290188247, '_a4_': 1.3348540684442034, '_a5_': -1.5011129758422765, '_a7_': -0.031543898262391436, '_a0_': 1.0, '_a2_': 1.0, '_a3_': 1.0, '_a6_': 1.0}};{'d0': 0.024885482501866937};-276.524567593312;48.2488001946018
15437;-95.8137753684568;((_a7_ + (_a4_ * x)) + -(pow3((_a5_ * (x + (_a4_ * _a1_))))));{'d0': {'_a1_': 0.15595991160732867, '_a4_': 1.3348540700813805, '_a5_': -1.5011129752201484, '_a7_': -0.03154389746559949, '_a0_': 1.0, '_a2_': 1.0, '_a3_': 1.0, '_a6_': 1.0}};{'d0': 0.024885482501866885};-276.524567593312;42.448508428199396
15438;-95.8137753684569;((_a0_ + (_a4_ * x)) + -(pow3((_a5_ * (x + (_a4_ * _a1_))))));{'d0': {'_a0_': -0.031543895987242054, '_a1_': 0.15595991095652106, '_a4_': 1.3348540736701038, '_a5_': -1.5011129737724898, '_a2_': 1.0, '_a3_': 1.0, '_a6_': 1.0, '_a7_': 1.0}};{'d0': 0.024885482501866833};-276.524567593313;42.448508428199396
15439;-95.8137753684568;((_a0_ + (_a4_ * x)) + -(pow3((_a5_ * (x + (_a4_ * _a6_))))));{'d0': {'_a0_': -0.031543895295727015, '_a4_': 1.3348540748618911, '_a5_': -1.5011129733083999, '_a6_': 0.15595991069956602, '_a1_': 1.0, '_a2_': 1.0, '_a3_': 1.0, '_a7_': 1.0}};{'d0': 0.02488548250186688};-276.524567593312;42.448508428199396
15440;-95.8137753684568;((_a0_ + (_a4_ * x)) + -(pow3((_a5_ * (x + (_a4_ * _a6_))))));{'d0': {'_a0_': -0.031543895295727015, '_a4_': 1.3348540748618911, '_a5_': -1.5011129733083999, '_a6_': 0.15595991069956602, '_a1_': 1.0, '_a2_': 1.0, '_a3_': 1.0, '_a7_': 1.0}};{'d0': 0.02488548250186688};-276.524567593312;42.448508428199396
15441;-95.8137753684568;((_a0_ + (_a4_ * x)) + -(pow3((_a5_ * (x + (_a4_ * _a6_))))));{'d0': {'_a0_': -0.031543895295727015, '_a4_': 1.3348540748618911, '_a5_': -1.5011129733083999, '_a6_': 0.15595991069956602, '_a1_': 1.0, '_a2_': 1.0, '_a3_': 1.0, '_a7_': 1.0}};{'d0': 0.02488548250186688};-276.524567593312;42.448508428199396
15442;-95.8137753684568;((_a0_ + (_a4_ * x)) + -(pow3((_a5_ * (x + (_a4_ * _a6_))))));{'d0': {'_a0_': -0.031543895295727015, '_a4_': 1.3348540748618911, '_a5_': -1.5011129733083999, '_a6_': 0.15595991069956602, '_a1_': 1.0, '_a2_': 1.0, '_a3_': 1.0, '_a7_': 1.0}};{'d0': 0.02488548250186688};-276.524567593312;42.448508428199396
15443;-95.8137753684568;((_a0_ + (_a4_ * x)) + -(pow3((_a5_ * (x + (_a4_ * _a6_))))));{'d0': {'_a0_': -0.031543895295727015, '_a4_': 1.3348540748618911, '_a5_': -1.5011129733083999, '_a6_': 0.15595991069956602, '_a1_': 1.0, '_a2_': 1.0, '_a3_': 1.0, '_a7_': 1.0}};{'d0': 0.02488548250186688};-276.524567593312;42.448508428199396
15444;-95.8137753684568;((_a0_ + (_a4_ * x)) + -(pow3((_a5_ * (x + (_a4_ * _a6_))))));{'d0': {'_a0_': -0.031543895295727015, '_a4_': 1.3348540748618911, '_a5_': -1.5011129733083999, '_a6_': 0.15595991069956602, '_a1_': 1.0, '_a2_': 1.0, '_a3_': 1.0, '_a7_': 1.0}};{'d0': 0.02488548250186688};-276.524567593312;42.448508428199396
15445;-95.8137753684568;((_a0_ + (_a4_ * x)) + -(pow3((_a5_ * (x + (_a4_ * _a6_))))));{'d0': {'_a0_': -0.031543895295727015, '_a4_': 1.3348540748618911, '_a5_': -1.5011129733083999, '_a6_': 0.15595991069956602, '_a1_': 1.0, '_a2_': 1.0, '_a3_': 1.0, '_a7_': 1.0}};{'d0': 0.02488548250186688};-276.524567593312;42.448508428199396
15446;-95.8137753684568;((_a0_ + (_a4_ * x)) + -(pow3((_a5_ * (x + (_a4_ * _a6_))))));{'d0': {'_a0_': -0.031543895295727015, '_a4_': 1.3348540748618911, '_a5_': -1.5011129733083999, '_a6_': 0.15595991069956602, '_a1_': 1.0, '_a2_': 1.0, '_a3_': 1.0, '_a7_': 1.0}};{'d0': 0.02488548250186688};-276.524567593312;42.448508428199396
15447;-95.8137753684568;((_a0_ + (_a4_ * x)) + -(pow3((_a5_ * (x + (_a4_ * _a6_))))));{'d0': {'_a0_': -0.031543895295727015, '_a4_': 1.3348540748618911, '_a5_': -1.5011129733083999, '_a6_': 0.15595991069956602, '_a1_': 1.0, '_a2_': 1.0, '_a3_': 1.0, '_a7_': 1.0}};{'d0': 0.02488548250186688};-276.524567593312;42.448508428199396
15448;-95.8137753684569;((_a0_ + (_a4_ * x)) + -(pow3((_a5_ * (x + (_a5_ * _a6_))))));{'d0': {'_a0_': -0.03154389521153343, '_a4_': 1.334854074580932, '_a5_': -1.5011129733922226, '_a6_': -0.13868624544808705, '_a1_': 1.0, '_a2_': 1.0, '_a3_': 1.0, '_a7_': 1.0}};{'d0': 0.024885482501866788};-276.524567593313;42.448508428199396
15449;-95.8137753684569;((_a0_ + (_a4_ * x)) + -(pow3((_a5_ * (x + (_a5_ * _a6_))))));{'d0': {'_a0_': -0.03154389521153343, '_a4_': 1.334854074580932, '_a5_': -1.5011129733922226, '_a6_': -0.13868624544808705, '_a1_': 1.0, '_a2_': 1.0, '_a3_': 1.0, '_a7_': 1.0}};{'d0': 0.024885482501866788};-276.524567593313;42.448508428199396
15450;-95.8137753684569;((_a0_ + (_a4_ * x)) + -(pow3((_a5_ * (x + (_a5_ * _a6_))))));{'d0': {'_a0_': -0.03154389521153343, '_a4_': 1.334854074580932, '_a5_': -1.5011129733922226, '_a6_': -0.13868624544808705, '_a1_': 1.0, '_a2_': 1.0, '_a3_': 1.0, '_a7_': 1.0}};{'d0': 0.024885482501866788};-276.524567593313;42.448508428199396
15451;-95.8137753684569;((_a0_ + (_a4_ * x)) + -(pow3((_a5_ * (x + (_a5_ * _a6_))))));{'d0': {'_a0_': -0.03154389521153343, '_a4_': 1.334854074580932, '_a5_': -1.5011129733922226, '_a6_': -0.13868624544808705, '_a1_': 1.0, '_a2_': 1.0, '_a3_': 1.0, '_a7_': 1.0}};{'d0': 0.024885482501866788};-276.524567593313;42.448508428199396
15452;-95.8137753684569;((_a0_ + (_a4_ * x)) + -(pow3((_a5_ * (x + (_a5_ * _a6_))))));{'d0': {'_a0_': -0.03154389521153343, '_a4_': 1.334854074580932, '_a5_': -1.5011129733922226, '_a6_': -0.13868624544808705, '_a1_': 1.0, '_a2_': 1.0, '_a3_': 1.0, '_a7_': 1.0}};{'d0': 0.024885482501866788};-276.524567593313;42.448508428199396
15453;-95.8137753684569;((_a0_ + (_a4_ * x)) + -(pow3((_a5_ * (x + (_a5_ * _a6_))))));{'d0': {'_a0_': -0.03154389521153343, '_a4_': 1.334854074580932, '_a5_': -1.5011129733922226, '_a6_': -0.13868624544808705, '_a1_': 1.0, '_a2_': 1.0, '_a3_': 1.0, '_a7_': 1.0}};{'d0': 0.024885482501866788};-276.524567593313;42.448508428199396
15454;-95.8137753684569;((_a0_ + (_a4_ * x)) + -(pow3((_a5_ * (x + (_a5_ * _a6_))))));{'d0': {'_a0_': -0.03154389521153343, '_a4_': 1.334854074580932, '_a5_': -1.5011129733922226, '_a6_': -0.13868624544808705, '_a1_': 1.0, '_a2_': 1.0, '_a3_': 1.0, '_a7_': 1.0}};{'d0': 0.024885482501866788};-276.524567593313;42.448508428199396
15455;-95.8137753684569;((_a0_ + (_a4_ * x)) + -(pow3((_a5_ * (x + (_a5_ * _a6_))))));{'d0': {'_a0_': -0.03154389521153343, '_a4_': 1.334854074580932, '_a5_': -1.5011129733922226, '_a6_': -0.13868624544808705, '_a1_': 1.0, '_a2_': 1.0, '_a3_': 1.0, '_a7_': 1.0}};{'d0': 0.024885482501866788};-276.524567593313;42.448508428199396
15456;-95.8137753684569;((_a0_ + (_a4_ * x)) + -(pow3((_a5_ * (x + (_a5_ * _a6_))))));{'d0': {'_a0_': -0.03154389521153343, '_a4_': 1.334854074580932, '_a5_': -1.5011129733922226, '_a6_': -0.13868624544808705, '_a1_': 1.0, '_a2_': 1.0, '_a3_': 1.0, '_a7_': 1.0}};{'d0': 0.024885482501866788};-276.524567593313;42.448508428199396
15457;-95.8137753684569;((_a0_ + (_a4_ * x)) + -(pow3((_a5_ * (x + (_a5_ * _a6_))))));{'d0': {'_a0_': -0.03154389521153343, '_a4_': 1.334854074580932, '_a5_': -1.5011129733922226, '_a6_': -0.13868624544808705, '_a1_': 1.0, '_a2_': 1.0, '_a3_': 1.0, '_a7_': 1.0}};{'d0': 0.024885482501866788};-276.524567593313;42.448508428199396
15458;-95.8137753684569;((_a0_ + (_a4_ * x)) + -(pow3((_a5_ * (x + (_a5_ * _a6_))))));{'d0': {'_a0_': -0.03154389521153343, '_a4_': 1.334854074580932, '_a5_': -1.5011129733922226, '_a6_': -0.13868624544808705, '_a1_': 1.0, '_a2_': 1.0, '_a3_': 1.0, '_a7_': 1.0}};{'d0': 0.024885482501866788};-276.524567593313;42.448508428199396
15459;-95.8137753684569;((_a0_ + (_a4_ * x)) + -(pow3((_a5_ * (x + (_a5_ * _a6_))))));{'d0': {'_a0_': -0.03154389521153343, '_a4_': 1.334854074580932, '_a5_': -1.5011129733922226, '_a6_': -0.13868624544808705, '_a1_': 1.0, '_a2_': 1.0, '_a3_': 1.0, '_a7_': 1.0}};{'d0': 0.024885482501866788};-276.524567593313;42.448508428199396
15460;-95.8137753684569;((_a0_ + (_a4_ * x)) + -(pow3((_a5_ * (x + (_a5_ * _a6_))))));{'d0': {'_a0_': -0.03154389521153343, '_a4_': 1.334854074580932, '_a5_': -1.5011129733922226, '_a6_': -0.13868624544808705, '_a1_': 1.0, '_a2_': 1.0, '_a3_': 1.0, '_a7_': 1.0}};{'d0': 0.024885482501866788};-276.524567593313;42.448508428199396
15461;-95.8137753684569;((_a0_ + (_a4_ * x)) + -(pow3((_a5_ * (x + (_a5_ * _a6_))))));{'d0': {'_a0_': -0.03154389521153343, '_a4_': 1.334854074580932, '_a5_': -1.5011129733922226, '_a6_': -0.13868624544808705, '_a1_': 1.0, '_a2_': 1.0, '_a3_': 1.0, '_a7_': 1.0}};{'d0': 0.024885482501866788};-276.524567593313;42.448508428199396
15462;-95.8137753684569;((_a0_ + (_a4_ * x)) + -(pow3((_a5_ * (x + (_a5_ * _a6_))))));{'d0': {'_a0_': -0.03154389521153343, '_a4_': 1.334854074580932, '_a5_': -1.5011129733922226, '_a6_': -0.13868624544808705, '_a1_': 1.0, '_a2_': 1.0, '_a3_': 1.0, '_a7_': 1.0}};{'d0': 0.024885482501866788};-276.524567593313;42.448508428199396
15463;-95.8137753684569;((_a0_ + (_a4_ * x)) + -(pow3((_a5_ * (x + (_a5_ * _a6_))))));{'d0': {'_a0_': -0.03154389521153343, '_a4_': 1.334854074580932, '_a5_': -1.5011129733922226, '_a6_': -0.13868624544808705, '_a1_': 1.0, '_a2_': 1.0, '_a3_': 1.0, '_a7_': 1.0}};{'d0': 0.024885482501866788};-276.524567593313;42.448508428199396
15464;-95.8137753684569;((_a0_ + (_a4_ * x)) + -(pow3((_a5_ * (x + (_a5_ * _a6_))))));{'d0': {'_a0_': -0.03154389521153343, '_a4_': 1.334854074580932, '_a5_': -1.5011129733922226, '_a6_': -0.13868624544808705, '_a1_': 1.0, '_a2_': 1.0, '_a3_': 1.0, '_a7_': 1.0}};{'d0': 0.024885482501866788};-276.524567593313;42.448508428199396
15465;-95.8137753684569;((_a0_ + (_a4_ * x)) + -(pow3((_a5_ * (x + (_a5_ * _a6_))))));{'d0': {'_a0_': -0.03154389521153343, '_a4_': 1.334854074580932, '_a5_': -1.5011129733922226, '_a6_': -0.13868624544808705, '_a1_': 1.0, '_a2_': 1.0, '_a3_': 1.0, '_a7_': 1.0}};{'d0': 0.024885482501866788};-276.524567593313;42.448508428199396
15466;-95.8137753684569;((_a0_ + (_a4_ * x)) + -(pow3((_a5_ * (x + (_a5_ * _a6_))))));{'d0': {'_a0_': -0.03154389521153343, '_a4_': 1.334854074580932, '_a5_': -1.5011129733922226, '_a6_': -0.13868624544808705, '_a1_': 1.0, '_a2_': 1.0, '_a3_': 1.0, '_a7_': 1.0}};{'d0': 0.024885482501866788};-276.524567593313;42.448508428199396
15467;-95.8137753684569;((_a0_ + (_a4_ * x)) + -(pow3((_a5_ * (x + (_a5_ * _a6_))))));{'d0': {'_a0_': -0.03154389521153343, '_a4_': 1.334854074580932, '_a5_': -1.5011129733922226, '_a6_': -0.13868624544808705, '_a1_': 1.0, '_a2_': 1.0, '_a3_': 1.0, '_a7_': 1.0}};{'d0': 0.024885482501866788};-276.524567593313;42.448508428199396
15468;-95.8137753684569;((_a0_ + (_a4_ * x)) + -(pow3((_a5_ * (x + (_a5_ * _a6_))))));{'d0': {'_a0_': -0.03154389521153343, '_a4_': 1.334854074580932, '_a5_': -1.5011129733922226, '_a6_': -0.13868624544808705, '_a1_': 1.0, '_a2_': 1.0, '_a3_': 1.0, '_a7_': 1.0}};{'d0': 0.024885482501866788};-276.524567593313;42.448508428199396
15469;-95.8137753684569;((_a0_ + (_a4_ * x)) + -(pow3((_a6_ * (x + (_a5_ * _a6_))))));{'d0': {'_a0_': -0.03154389454152779, '_a4_': 1.3348540753461873, '_a5_': -0.13868624535974866, '_a6_': -1.5011129730582948, '_a1_': 1.0, '_a2_': 1.0, '_a3_': 1.0, '_a7_': 1.0}};{'d0': 0.02488548250186683};-276.524567593313;42.448508428199396
15470;-95.8137753684569;((_a0_ + (_a4_ * x)) + -(pow3((_a6_ * (x + (_a5_ * _a6_))))));{'d0': {'_a0_': -0.03154389454152779, '_a4_': 1.3348540753461873, '_a5_': -0.13868624535974866, '_a6_': -1.5011129730582948, '_a1_': 1.0, '_a2_': 1.0, '_a3_': 1.0, '_a7_': 1.0}};{'d0': 0.02488548250186683};-276.524567593313;42.448508428199396
15471;-105.382580669956;((_a4_ + (pow2(((_a2_ * _a4_) + x)) * (_a6_ * _a2_))) * x);{'d0': {'_a2_': 0.2156331147181576, '_a4_': 1.4465760890340753, '_a6_': 15.659750978018833, '_a0_': 1.0, '_a1_': 1.0, '_a3_': 1.0, '_a5_': 1.0, '_a7_': 1.0}};{'d0': 0.024905832919416636};-280.569866449044;34.902352554566036
15472;-105.382580669956;((_a4_ + (pow2(((_a2_ * _a4_) + x)) * (_a6_ * _a2_))) * x);{'d0': {'_a2_': 0.2156331147181576, '_a4_': 1.4465760890340753, '_a6_': 15.659750978018833, '_a0_': 1.0, '_a1_': 1.0, '_a3_': 1.0, '_a5_': 1.0, '_a7_': 1.0}};{'d0': 0.024905832919416636};-280.569866449044;34.902352554566036
15473;-105.382580669956;((_a4_ + (pow2(((_a2_ * _a4_) + x)) * (_a6_ * _a2_))) * x);{'d0': {'_a2_': 0.2156331147181576, '_a4_': 1.4465760890340753, '_a6_': 15.659750978018833, '_a0_': 1.0, '_a1_': 1.0, '_a3_': 1.0, '_a5_': 1.0, '_a7_': 1.0}};{'d0': 0.024905832919416636};-280.569866449044;34.902352554566036
15474;-105.382580669956;((_a4_ + (pow2(((_a2_ * _a4_) + x)) * (_a6_ * _a2_))) * x);{'d0': {'_a2_': 0.2156331147181576, '_a4_': 1.4465760890340753, '_a6_': 15.659750978018833, '_a0_': 1.0, '_a1_': 1.0, '_a3_': 1.0, '_a5_': 1.0, '_a7_': 1.0}};{'d0': 0.024905832919416636};-280.569866449044;34.902352554566036
15475;-105.382580669956;((_a4_ + (pow2(((_a2_ * _a4_) + x)) * (_a6_ * _a2_))) * x);{'d0': {'_a2_': 0.2156331147181576, '_a4_': 1.4465760890340753, '_a6_': 15.659750978018833, '_a0_': 1.0, '_a1_': 1.0, '_a3_': 1.0, '_a5_': 1.0, '_a7_': 1.0}};{'d0': 0.024905832919416636};-280.569866449044;34.902352554566036
15476;-105.382580669956;((_a4_ + (pow2(((_a2_ * _a4_) + x)) * (_a6_ * _a2_))) * x);{'d0': {'_a2_': 0.2156331147181576, '_a4_': 1.4465760890340753, '_a6_': 15.659750978018833, '_a0_': 1.0, '_a1_': 1.0, '_a3_': 1.0, '_a5_': 1.0, '_a7_': 1.0}};{'d0': 0.024905832919416636};-280.569866449044;34.902352554566036
15477;-110.331920595413;((_a4_ + (pow2(((_a2_ * _a4_) + x)) * _a0_)) * x);{'d0': {'_a0_': 3.3767608795587045, '_a2_': 0.21563311474093502, '_a4_': 1.4465760889120047, '_a1_': 1.0, '_a3_': 1.0, '_a5_': 1.0, '_a6_': 1.0, '_a7_': 1.0}};{'d0': 0.024905832919416632};-280.569866449044;29.953012629109036
15478;-110.331920595413;((_a4_ + (pow2(((_a2_ * _a4_) + x)) * _a0_)) * x);{'d0': {'_a0_': 3.3767608795587045, '_a2_': 0.21563311474093502, '_a4_': 1.4465760889120047, '_a1_': 1.0, '_a3_': 1.0, '_a5_': 1.0, '_a6_': 1.0, '_a7_': 1.0}};{'d0': 0.024905832919416632};-280.569866449044;29.953012629109036
15479;-110.331920595413;((_a4_ + (pow2(((_a2_ * _a4_) + x)) * _a0_)) * x);{'d0': {'_a0_': 3.3767608795587045, '_a2_': 0.21563311474093502, '_a4_': 1.4465760889120047, '_a1_': 1.0, '_a3_': 1.0, '_a5_': 1.0, '_a6_': 1.0, '_a7_': 1.0}};{'d0': 0.024905832919416632};-280.569866449044;29.953012629109036
15480;-110.331920595413;((_a4_ + (pow2(((_a2_ * _a4_) + x)) * _a0_)) * x);{'d0': {'_a0_': 3.3767608795587045, '_a2_': 0.21563311474093502, '_a4_': 1.4465760889120047, '_a1_': 1.0, '_a3_': 1.0, '_a5_': 1.0, '_a6_': 1.0, '_a7_': 1.0}};{'d0': 0.024905832919416632};-280.569866449044;29.953012629109036
15481;-110.331920595413;((_a4_ + (pow2(((_a2_ * _a4_) + x)) * _a0_)) * x);{'d0': {'_a0_': 3.3767608795587045, '_a2_': 0.21563311474093502, '_a4_': 1.4465760889120047, '_a1_': 1.0, '_a3_': 1.0, '_a5_': 1.0, '_a6_': 1.0, '_a7_': 1.0}};{'d0': 0.024905832919416632};-280.569866449044;29.953012629109036
15482;-110.331920595413;((_a4_ + (pow2(((_a2_ * _a4_) + x)) * _a0_)) * x);{'d0': {'_a0_': 3.3767608795587045, '_a2_': 0.21563311474093502, '_a4_': 1.4465760889120047, '_a1_': 1.0, '_a3_': 1.0, '_a5_': 1.0, '_a6_': 1.0, '_a7_': 1.0}};{'d0': 0.024905832919416632};-280.569866449044;29.953012629109036
15483;-110.331920595413;((_a4_ + (pow2(((_a2_ * _a4_) + x)) * _a0_)) * x);{'d0': {'_a0_': 3.3767608795587045, '_a2_': 0.21563311474093502, '_a4_': 1.4465760889120047, '_a1_': 1.0, '_a3_': 1.0, '_a5_': 1.0, '_a6_': 1.0, '_a7_': 1.0}};{'d0': 0.024905832919416632};-280.569866449044;29.953012629109036
15484;-110.331920595413;((_a4_ + (pow2(((_a2_ * _a4_) + x)) * _a0_)) * x);{'d0': {'_a0_': 3.3767608795587045, '_a2_': 0.21563311474093502, '_a4_': 1.4465760889120047, '_a1_': 1.0, '_a3_': 1.0, '_a5_': 1.0, '_a6_': 1.0, '_a7_': 1.0}};{'d0': 0.024905832919416632};-280.569866449044;29.953012629109036
15485;-110.331920595413;((_a4_ + (pow2(((_a2_ * _a4_) + x)) * _a0_)) * x);{'d0': {'_a0_': 3.3767608795587045, '_a2_': 0.21563311474093502, '_a4_': 1.4465760889120047, '_a1_': 1.0, '_a3_': 1.0, '_a5_': 1.0, '_a6_': 1.0, '_a7_': 1.0}};{'d0': 0.024905832919416632};-280.569866449044;29.953012629109036
15486;-110.331920595413;((_a4_ + (pow2(((_a2_ * _a4_) + x)) * _a0_)) * x);{'d0': {'_a0_': 3.3767608795587045, '_a2_': 0.21563311474093502, '_a4_': 1.4465760889120047, '_a1_': 1.0, '_a3_': 1.0, '_a5_': 1.0, '_a6_': 1.0, '_a7_': 1.0}};{'d0': 0.024905832919416632};-280.569866449044;29.953012629109036
15487;-110.331920595413;((_a4_ + (pow2(((_a2_ * _a4_) + x)) * _a0_)) * x);{'d0': {'_a0_': 3.3767608795587045, '_a2_': 0.21563311474093502, '_a4_': 1.4465760889120047, '_a1_': 1.0, '_a3_': 1.0, '_a5_': 1.0, '_a6_': 1.0, '_a7_': 1.0}};{'d0': 0.024905832919416632};-280.569866449044;29.953012629109036
15488;-110.331920595413;((_a4_ + (pow2(((_a2_ * _a4_) + x)) * _a0_)) * x);{'d0': {'_a0_': 3.3767608795587045, '_a2_': 0.21563311474093502, '_a4_': 1.4465760889120047, '_a1_': 1.0, '_a3_': 1.0, '_a5_': 1.0, '_a6_': 1.0, '_a7_': 1.0}};{'d0': 0.024905832919416632};-280.569866449044;29.953012629109036
15489;-110.331920595413;((_a4_ + (pow2(((_a2_ * _a4_) + x)) * _a0_)) * x);{'d0': {'_a0_': 3.3767608795587045, '_a2_': 0.21563311474093502, '_a4_': 1.4465760889120047, '_a1_': 1.0, '_a3_': 1.0, '_a5_': 1.0, '_a6_': 1.0, '_a7_': 1.0}};{'d0': 0.024905832919416632};-280.569866449044;29.953012629109036
15490;-110.331920595413;((_a4_ + (pow2(((_a2_ * _a4_) + x)) * _a0_)) * x);{'d0': {'_a0_': 3.3767608795587045, '_a2_': 0.21563311474093502, '_a4_': 1.4465760889120047, '_a1_': 1.0, '_a3_': 1.0, '_a5_': 1.0, '_a6_': 1.0, '_a7_': 1.0}};{'d0': 0.024905832919416632};-280.569866449044;29.953012629109036
15491;-110.331920595413;((_a4_ + (pow2(((_a2_ * _a4_) + x)) * _a0_)) * x);{'d0': {'_a0_': 3.3767608795587045, '_a2_': 0.21563311474093502, '_a4_': 1.4465760889120047, '_a1_': 1.0, '_a3_': 1.0, '_a5_': 1.0, '_a6_': 1.0, '_a7_': 1.0}};{'d0': 0.024905832919416632};-280.569866449044;29.953012629109036
15492;-110.331920595413;((_a4_ + (pow2(((_a2_ * _a4_) + x)) * _a0_)) * x);{'d0': {'_a0_': 3.3767608795587045, '_a2_': 0.21563311474093502, '_a4_': 1.4465760889120047, '_a1_': 1.0, '_a3_': 1.0, '_a5_': 1.0, '_a6_': 1.0, '_a7_': 1.0}};{'d0': 0.024905832919416632};-280.569866449044;29.953012629109036
15493;-110.331920595413;((_a4_ + (pow2(((_a2_ * _a4_) + x)) * _a0_)) * x);{'d0': {'_a0_': 3.3767608795587045, '_a2_': 0.21563311474093502, '_a4_': 1.4465760889120047, '_a1_': 1.0, '_a3_': 1.0, '_a5_': 1.0, '_a6_': 1.0, '_a7_': 1.0}};{'d0': 0.024905832919416632};-280.569866449044;29.953012629109036
15494;-110.331920595413;((_a4_ + (pow2(((_a2_ * _a4_) + x)) * _a0_)) * x);{'d0': {'_a0_': 3.3767608795587045, '_a2_': 0.21563311474093502, '_a4_': 1.4465760889120047, '_a1_': 1.0, '_a3_': 1.0, '_a5_': 1.0, '_a6_': 1.0, '_a7_': 1.0}};{'d0': 0.024905832919416632};-280.569866449044;29.953012629109036
15495;-110.331920595413;((_a4_ + (pow2(((_a2_ * _a4_) + x)) * _a0_)) * x);{'d0': {'_a0_': 3.3767608795587045, '_a2_': 0.21563311474093502, '_a4_': 1.4465760889120047, '_a1_': 1.0, '_a3_': 1.0, '_a5_': 1.0, '_a6_': 1.0, '_a7_': 1.0}};{'d0': 0.024905832919416632};-280.569866449044;29.953012629109036
15496;-110.331920595413;((_a4_ + (pow2(((_a2_ * _a4_) + x)) * _a0_)) * x);{'d0': {'_a0_': 3.3767608795587045, '_a2_': 0.21563311474093502, '_a4_': 1.4465760889120047, '_a1_': 1.0, '_a3_': 1.0, '_a5_': 1.0, '_a6_': 1.0, '_a7_': 1.0}};{'d0': 0.024905832919416632};-280.569866449044;29.953012629109036
15497;-110.331920595413;((_a4_ + (pow2(((_a2_ * _a4_) + x)) * _a0_)) * x);{'d0': {'_a0_': 3.3767608795587045, '_a2_': 0.21563311474093502, '_a4_': 1.4465760889120047, '_a1_': 1.0, '_a3_': 1.0, '_a5_': 1.0, '_a6_': 1.0, '_a7_': 1.0}};{'d0': 0.024905832919416632};-280.569866449044;29.953012629109036
15498;-110.331920595413;((_a4_ + (pow2(((_a2_ * _a4_) + x)) * _a0_)) * x);{'d0': {'_a0_': 3.3767608795587045, '_a2_': 0.21563311474093502, '_a4_': 1.4465760889120047, '_a1_': 1.0, '_a3_': 1.0, '_a5_': 1.0, '_a6_': 1.0, '_a7_': 1.0}};{'d0': 0.024905832919416632};-280.569866449044;29.953012629109036
15499;-110.331920595413;((_a4_ + (pow2(((_a2_ * _a4_) + x)) * _a0_)) * x);{'d0': {'_a0_': 3.3767608795587045, '_a2_': 0.21563311474093502, '_a4_': 1.4465760889120047, '_a1_': 1.0, '_a3_': 1.0, '_a5_': 1.0, '_a6_': 1.0, '_a7_': 1.0}};{'d0': 0.024905832919416632};-280.569866449044;29.953012629109036
15500;-110.331920595413;((_a4_ + (pow2(((_a2_ * _a4_) + x)) * _a0_)) * x);{'d0': {'_a0_': 3.3767608795587045, '_a2_': 0.21563311474093502, '_a4_': 1.4465760889120047, '_a1_': 1.0, '_a3_': 1.0, '_a5_': 1.0, '_a6_': 1.0, '_a7_': 1.0}};{'d0': 0.024905832919416632};-280.569866449044;29.953012629109036
15501;-106.651973435153;((_a4_ + (pow2(((-(_a3_) * _a4_) + x)) * _a0_)) * x);{'d0': {'_a0_': 3.376760879107775, '_a3_': -0.21563311473809124, '_a4_': 1.4465760891424329, '_a1_': 1.0, '_a2_': 1.0, '_a5_': 1.0, '_a6_': 1.0, '_a7_': 1.0}};{'d0': 0.02490583291941661};-280.569866449044;33.63295978936942
15502;-106.651973435153;((_a4_ + (pow2(((-(_a3_) * _a4_) + x)) * _a0_)) * x);{'d0': {'_a0_': 3.376760879107775, '_a3_': -0.21563311473809124, '_a4_': 1.4465760891424329, '_a1_': 1.0, '_a2_': 1.0, '_a5_': 1.0, '_a6_': 1.0, '_a7_': 1.0}};{'d0': 0.02490583291941661};-280.569866449044;33.63295978936942
15503;-106.651973435153;((_a4_ + (pow2(((-(_a3_) * _a4_) + x)) * _a0_)) * x);{'d0': {'_a0_': 3.376760879107775, '_a3_': -0.21563311473809124, '_a4_': 1.4465760891424329, '_a1_': 1.0, '_a2_': 1.0, '_a5_': 1.0, '_a6_': 1.0, '_a7_': 1.0}};{'d0': 0.02490583291941661};-280.569866449044;33.63295978936942
15504;-106.651973435153;((_a4_ + (pow2(((-(_a3_) * _a4_) + x)) * _a0_)) * x);{'d0': {'_a0_': 3.376760879107775, '_a3_': -0.21563311473809124, '_a4_': 1.4465760891424329, '_a1_': 1.0, '_a2_': 1.0, '_a5_': 1.0, '_a6_': 1.0, '_a7_': 1.0}};{'d0': 0.02490583291941661};-280.569866449044;33.63295978936942
15505;-106.651973435153;((_a4_ + (pow2(((-(_a3_) * _a4_) + x)) * _a0_)) * x);{'d0': {'_a0_': 3.376760879107775, '_a3_': -0.21563311473809124, '_a4_': 1.4465760891424329, '_a1_': 1.0, '_a2_': 1.0, '_a5_': 1.0, '_a6_': 1.0, '_a7_': 1.0}};{'d0': 0.02490583291941661};-280.569866449044;33.63295978936942
15506;-106.651973435153;((_a4_ + (pow2(((-(_a3_) * _a4_) + x)) * _a0_)) * x);{'d0': {'_a0_': 3.376760879107775, '_a3_': -0.21563311473809124, '_a4_': 1.4465760891424329, '_a1_': 1.0, '_a2_': 1.0, '_a5_': 1.0, '_a6_': 1.0, '_a7_': 1.0}};{'d0': 0.02490583291941661};-280.569866449044;33.63295978936942
15507;-104.199175045778;(((pow2(((_a0_ * x) + -(_a2_))) ** _a5_) + _a4_) * x);{'d0': {'_a0_': 1.8087115538318457, '_a2_': -0.5608655908773718, '_a4_': 1.4667757225227043, '_a5_': 1.047039913061664, '_a1_': 1.0, '_a3_': 1.0, '_a6_': 1.0, '_a7_': 1.0}};{'d0': 0.023785370572910795};-279.237401084224;35.41952549633433
15508;-104.199175045778;(((pow2(((_a0_ * x) + -(_a2_))) ** _a5_) + _a4_) * x);{'d0': {'_a0_': 1.8087115538318457, '_a2_': -0.5608655908773718, '_a4_': 1.4667757225227043, '_a5_': 1.047039913061664, '_a1_': 1.0, '_a3_': 1.0, '_a6_': 1.0, '_a7_': 1.0}};{'d0': 0.023785370572910795};-279.237401084224;35.41952549633433
15509;-104.199175045778;(((pow2(((_a0_ * x) + -(_a2_))) ** _a5_) + _a4_) * x);{'d0': {'_a0_': 1.8087115538318457, '_a2_': -0.5608655908773718, '_a4_': 1.4667757225227043, '_a5_': 1.047039913061664, '_a1_': 1.0, '_a3_': 1.0, '_a6_': 1.0, '_a7_': 1.0}};{'d0': 0.023785370572910795};-279.237401084224;35.41952549633433
15510;-104.199175045778;(((pow2(((_a0_ * x) + -(_a2_))) ** _a5_) + _a4_) * x);{'d0': {'_a0_': 1.8087115538318457, '_a2_': -0.5608655908773718, '_a4_': 1.4667757225227043, '_a5_': 1.047039913061664, '_a1_': 1.0, '_a3_': 1.0, '_a6_': 1.0, '_a7_': 1.0}};{'d0': 0.023785370572910795};-279.237401084224;35.41952549633433
15511;-104.199175045778;(((pow2(((_a0_ * x) + -(_a2_))) ** _a5_) + _a4_) * x);{'d0': {'_a0_': 1.8087115538318457, '_a2_': -0.5608655908773718, '_a4_': 1.4667757225227043, '_a5_': 1.047039913061664, '_a1_': 1.0, '_a3_': 1.0, '_a6_': 1.0, '_a7_': 1.0}};{'d0': 0.023785370572910795};-279.237401084224;35.41952549633433
15512;-104.199175045778;(((pow2(((_a0_ * x) + -(_a2_))) ** _a5_) + _a4_) * x);{'d0': {'_a0_': 1.8087115538318457, '_a2_': -0.5608655908773718, '_a4_': 1.4667757225227043, '_a5_': 1.047039913061664, '_a1_': 1.0, '_a3_': 1.0, '_a6_': 1.0, '_a7_': 1.0}};{'d0': 0.023785370572910795};-279.237401084224;35.41952549633433
15513;-106.651973435153;((_a4_ + (pow2(((-(_a3_) * _a4_) + x)) * _a0_)) * x);{'d0': {'_a0_': 3.376760879107775, '_a3_': -0.21563311473809124, '_a4_': 1.4465760891424329, '_a1_': 1.0, '_a2_': 1.0, '_a5_': 1.0, '_a6_': 1.0, '_a7_': 1.0}};{'d0': 0.02490583291941661};-280.569866449044;33.63295978936942
15514;-106.651973435153;((_a4_ + (pow2(((-(_a3_) * _a4_) + x)) * _a0_)) * x);{'d0': {'_a0_': 3.376760879107775, '_a3_': -0.21563311473809124, '_a4_': 1.4465760891424329, '_a1_': 1.0, '_a2_': 1.0, '_a5_': 1.0, '_a6_': 1.0, '_a7_': 1.0}};{'d0': 0.02490583291941661};-280.569866449044;33.63295978936942
15515;-106.651973435153;((_a4_ + (pow2(((-(_a3_) * _a4_) + x)) * _a0_)) * x);{'d0': {'_a0_': 3.376760879107775, '_a3_': -0.21563311473809124, '_a4_': 1.4465760891424329, '_a1_': 1.0, '_a2_': 1.0, '_a5_': 1.0, '_a6_': 1.0, '_a7_': 1.0}};{'d0': 0.02490583291941661};-280.569866449044;33.63295978936942
15516;-106.651973435153;((_a4_ + (pow2(((-(_a3_) * _a4_) + x)) * _a0_)) * x);{'d0': {'_a0_': 3.376760879107775, '_a3_': -0.21563311473809124, '_a4_': 1.4465760891424329, '_a1_': 1.0, '_a2_': 1.0, '_a5_': 1.0, '_a6_': 1.0, '_a7_': 1.0}};{'d0': 0.02490583291941661};-280.569866449044;33.63295978936942
15517;-106.651973435153;((_a4_ + (pow2(((-(_a3_) * _a4_) + x)) * _a0_)) * x);{'d0': {'_a0_': 3.376760879107775, '_a3_': -0.21563311473809124, '_a4_': 1.4465760891424329, '_a1_': 1.0, '_a2_': 1.0, '_a5_': 1.0, '_a6_': 1.0, '_a7_': 1.0}};{'d0': 0.02490583291941661};-280.569866449044;33.63295978936942
15518;-106.651973435153;((_a4_ + (pow2(((-(_a3_) * _a4_) + x)) * _a0_)) * x);{'d0': {'_a0_': 3.376760879107775, '_a3_': -0.21563311473809124, '_a4_': 1.4465760891424329, '_a1_': 1.0, '_a2_': 1.0, '_a5_': 1.0, '_a6_': 1.0, '_a7_': 1.0}};{'d0': 0.02490583291941661};-280.569866449044;33.63295978936942
15519;-106.651973435153;((_a4_ + (pow2(((-(_a3_) * _a4_) + x)) * _a0_)) * x);{'d0': {'_a0_': 3.376760879107775, '_a3_': -0.21563311473809124, '_a4_': 1.4465760891424329, '_a1_': 1.0, '_a2_': 1.0, '_a5_': 1.0, '_a6_': 1.0, '_a7_': 1.0}};{'d0': 0.02490583291941661};-280.569866449044;33.63295978936942
15520;-106.651973435153;((_a4_ + (pow2(((-(_a3_) * _a4_) + x)) * _a0_)) * x);{'d0': {'_a0_': 3.376760879107775, '_a3_': -0.21563311473809124, '_a4_': 1.4465760891424329, '_a1_': 1.0, '_a2_': 1.0, '_a5_': 1.0, '_a6_': 1.0, '_a7_': 1.0}};{'d0': 0.02490583291941661};-280.569866449044;33.63295978936942
15521;-106.651973435153;((_a4_ + (pow2(((-(_a3_) * _a4_) + x)) * _a0_)) * x);{'d0': {'_a0_': 3.376760879107775, '_a3_': -0.21563311473809124, '_a4_': 1.4465760891424329, '_a1_': 1.0, '_a2_': 1.0, '_a5_': 1.0, '_a6_': 1.0, '_a7_': 1.0}};{'d0': 0.02490583291941661};-280.569866449044;33.63295978936942
15522;-106.651973435153;((_a4_ + (pow2(((-(_a3_) * _a4_) + x)) * _a0_)) * x);{'d0': {'_a0_': 3.376760879107775, '_a3_': -0.21563311473809124, '_a4_': 1.4465760891424329, '_a1_': 1.0, '_a2_': 1.0, '_a5_': 1.0, '_a6_': 1.0, '_a7_': 1.0}};{'d0': 0.02490583291941661};-280.569866449044;33.63295978936942
15523;-106.651973435153;((_a4_ + (pow2(((-(_a3_) * _a4_) + x)) * _a0_)) * x);{'d0': {'_a0_': 3.376760879107775, '_a3_': -0.21563311473809124, '_a4_': 1.4465760891424329, '_a1_': 1.0, '_a2_': 1.0, '_a5_': 1.0, '_a6_': 1.0, '_a7_': 1.0}};{'d0': 0.02490583291941661};-280.569866449044;33.63295978936942
15524;-106.651973435153;((_a4_ + (pow2(((-(_a3_) * _a4_) + x)) * _a0_)) * x);{'d0': {'_a0_': 3.376760879107775, '_a3_': -0.21563311473809124, '_a4_': 1.4465760891424329, '_a1_': 1.0, '_a2_': 1.0, '_a5_': 1.0, '_a6_': 1.0, '_a7_': 1.0}};{'d0': 0.02490583291941661};-280.569866449044;33.63295978936942
15525;-106.651973435153;((_a4_ + (pow2(((-(_a3_) * _a4_) + x)) * _a0_)) * x);{'d0': {'_a0_': 3.376760879107775, '_a3_': -0.21563311473809124, '_a4_': 1.4465760891424329, '_a1_': 1.0, '_a2_': 1.0, '_a5_': 1.0, '_a6_': 1.0, '_a7_': 1.0}};{'d0': 0.02490583291941661};-280.569866449044;33.63295978936942
15526;-106.651973435153;((_a4_ + (pow2(((-(_a3_) * _a4_) + x)) * _a0_)) * x);{'d0': {'_a0_': 3.376760879107775, '_a3_': -0.21563311473809124, '_a4_': 1.4465760891424329, '_a1_': 1.0, '_a2_': 1.0, '_a5_': 1.0, '_a6_': 1.0, '_a7_': 1.0}};{'d0': 0.02490583291941661};-280.569866449044;33.63295978936942
15527;-106.651973435153;((_a4_ + (pow2(((-(_a3_) * _a4_) + x)) * _a0_)) * x);{'d0': {'_a0_': 3.376760879107775, '_a3_': -0.21563311473809124, '_a4_': 1.4465760891424329, '_a1_': 1.0, '_a2_': 1.0, '_a5_': 1.0, '_a6_': 1.0, '_a7_': 1.0}};{'d0': 0.02490583291941661};-280.569866449044;33.63295978936942
15528;-106.651973435153;((_a4_ + (pow2(((-(_a3_) * _a4_) + x)) * _a0_)) * x);{'d0': {'_a0_': 3.376760879107775, '_a3_': -0.21563311473809124, '_a4_': 1.4465760891424329, '_a1_': 1.0, '_a2_': 1.0, '_a5_': 1.0, '_a6_': 1.0, '_a7_': 1.0}};{'d0': 0.02490583291941661};-280.569866449044;33.63295978936942
15529;-106.651973435153;((_a4_ + (pow2(((-(_a3_) * _a4_) + x)) * _a0_)) * x);{'d0': {'_a0_': 3.376760879107775, '_a3_': -0.21563311473809124, '_a4_': 1.4465760891424329, '_a1_': 1.0, '_a2_': 1.0, '_a5_': 1.0, '_a6_': 1.0, '_a7_': 1.0}};{'d0': 0.02490583291941661};-280.569866449044;33.63295978936942
15530;-106.651973435153;((_a4_ + (pow2(((-(_a3_) * _a4_) + x)) * _a0_)) * x);{'d0': {'_a0_': 3.376760879107775, '_a3_': -0.21563311473809124, '_a4_': 1.4465760891424329, '_a1_': 1.0, '_a2_': 1.0, '_a5_': 1.0, '_a6_': 1.0, '_a7_': 1.0}};{'d0': 0.02490583291941661};-280.569866449044;33.63295978936942
15531;-106.651973435153;((_a4_ + (pow2(((-(_a3_) * _a4_) + x)) * _a0_)) * x);{'d0': {'_a0_': 3.376760879107775, '_a3_': -0.21563311473809124, '_a4_': 1.4465760891424329, '_a1_': 1.0, '_a2_': 1.0, '_a5_': 1.0, '_a6_': 1.0, '_a7_': 1.0}};{'d0': 0.02490583291941661};-280.569866449044;33.63295978936942
15532;-106.651973435153;((_a4_ + (pow2(((-(_a3_) * _a4_) + x)) * _a0_)) * x);{'d0': {'_a0_': 3.376760879107775, '_a3_': -0.21563311473809124, '_a4_': 1.4465760891424329, '_a1_': 1.0, '_a2_': 1.0, '_a5_': 1.0, '_a6_': 1.0, '_a7_': 1.0}};{'d0': 0.02490583291941661};-280.569866449044;33.63295978936942
15533;-103.681492021950;(((pow2(((_a0_ * x) + -(_a2_))) / _a5_) + _a4_) * x);{'d0': {'_a0_': 2.050719851857378, '_a2_': -0.639680444237752, '_a4_': 1.4465760891181418, '_a5_': 1.245409430698791, '_a1_': 1.0, '_a3_': 1.0, '_a6_': 1.0, '_a7_': 1.0}};{'d0': 0.02490583292342151};-276.475521877173;34.55626891663673
15534;-103.681492021950;(((pow2(((_a0_ * x) + -(_a2_))) / _a5_) + _a4_) * x);{'d0': {'_a0_': 2.050719851857378, '_a2_': -0.639680444237752, '_a4_': 1.4465760891181418, '_a5_': 1.245409430698791, '_a1_': 1.0, '_a3_': 1.0, '_a6_': 1.0, '_a7_': 1.0}};{'d0': 0.02490583292342151};-276.475521877173;34.55626891663673
15535;-107.361439186762;(((pow2(((_a0_ * x) + _a1_)) / _a5_) + _a4_) * x);{'d0': {'_a0_': 6.1194373366677794, '_a1_': 1.9088343002252766, '_a4_': 1.4465760892903494, '_a5_': 11.089772209797655, '_a2_': 1.0, '_a3_': 1.0, '_a6_': 1.0, '_a7_': 1.0}};{'d0': 0.024905832919642358};-276.475521886278;30.876321756376342
15536;-107.361439186762;(((pow2(((_a0_ * x) + _a1_)) / _a5_) + _a4_) * x);{'d0': {'_a0_': 6.1194373366677794, '_a1_': 1.9088343002252766, '_a4_': 1.4465760892903494, '_a5_': 11.089772209797655, '_a2_': 1.0, '_a3_': 1.0, '_a6_': 1.0, '_a7_': 1.0}};{'d0': 0.024905832919642358};-276.475521886278;30.876321756376342
15537;-107.361439186762;(((pow2(((_a0_ * x) + _a1_)) / _a5_) + _a4_) * x);{'d0': {'_a0_': 6.1194373366677794, '_a1_': 1.9088343002252766, '_a4_': 1.4465760892903494, '_a5_': 11.089772209797655, '_a2_': 1.0, '_a3_': 1.0, '_a6_': 1.0, '_a7_': 1.0}};{'d0': 0.024905832919642358};-276.475521886278;30.876321756376342
15538;-107.361439183926;(((pow2(((_a6_ * x) + _a1_)) / _a5_) + _a4_) * x);{'d0': {'_a1_': -2.805853416346389, '_a4_': 1.4465760889153558, '_a5_': 23.96161031798731, '_a6_': -8.995146484619381, '_a0_': 1.0, '_a2_': 1.0, '_a3_': 1.0, '_a7_': 1.0}};{'d0': 0.024905832921997058};-276.475521880605;30.876321756376342
15539;-107.361439183926;(((pow2(((_a6_ * x) + _a1_)) / _a5_) + _a4_) * x);{'d0': {'_a1_': -2.805853416346389, '_a4_': 1.4465760889153558, '_a5_': 23.96161031798731, '_a6_': -8.995146484619381, '_a0_': 1.0, '_a2_': 1.0, '_a3_': 1.0, '_a7_': 1.0}};{'d0': 0.024905832921997058};-276.475521880605;30.876321756376342
15540;-107.361439183926;(((pow2(((_a6_ * x) + _a1_)) / _a5_) + _a4_) * x);{'d0': {'_a1_': -2.805853416346389, '_a4_': 1.4465760889153558, '_a5_': 23.96161031798731, '_a6_': -8.995146484619381, '_a0_': 1.0, '_a2_': 1.0, '_a3_': 1.0, '_a7_': 1.0}};{'d0': 0.024905832921997058};-276.475521880605;30.876321756376342
15541;-107.361439183926;(((pow2(((_a6_ * x) + _a1_)) / _a5_) + _a4_) * x);{'d0': {'_a1_': -2.805853416346389, '_a4_': 1.4465760889153558, '_a5_': 23.96161031798731, '_a6_': -8.995146484619381, '_a0_': 1.0, '_a2_': 1.0, '_a3_': 1.0, '_a7_': 1.0}};{'d0': 0.024905832921997058};-276.475521880605;30.876321756376342
15542;-100.360883458177;(_a6_ * ((x * pow2((((_a1_ * _a6_) * _a1_) * (x + _a0_)))) + x));{'d0': {'_a0_': 0.3119297079443808, '_a1_': -1.027706527318285, '_a6_': 1.4465760903448142, '_a2_': 1.0, '_a3_': 1.0, '_a4_': 1.0, '_a5_': 1.0, '_a7_': 1.0}};{'d0': 0.02490583291941666};-280.569866449044;39.924049766345036
15543;-100.360883458177;(_a6_ * ((x * pow2((((_a1_ * _a6_) * _a1_) * (x + _a0_)))) + x));{'d0': {'_a0_': 0.3119297079443808, '_a1_': -1.027706527318285, '_a6_': 1.4465760903448142, '_a2_': 1.0, '_a3_': 1.0, '_a4_': 1.0, '_a5_': 1.0, '_a7_': 1.0}};{'d0': 0.02490583291941666};-280.569866449044;39.924049766345036
15544;-100.360883458177;(_a6_ * ((x * pow2((((_a1_ * _a6_) * _a1_) * (x + _a0_)))) + x));{'d0': {'_a0_': 0.3119297079443808, '_a1_': -1.027706527318285, '_a6_': 1.4465760903448142, '_a2_': 1.0, '_a3_': 1.0, '_a4_': 1.0, '_a5_': 1.0, '_a7_': 1.0}};{'d0': 0.02490583291941666};-280.569866449044;39.924049766345036
15545;-100.360883458177;(_a6_ * ((x * pow2((((_a1_ * _a6_) * _a1_) * (x + _a0_)))) + x));{'d0': {'_a0_': 0.3119297079443808, '_a1_': -1.027706527318285, '_a6_': 1.4465760903448142, '_a2_': 1.0, '_a3_': 1.0, '_a4_': 1.0, '_a5_': 1.0, '_a7_': 1.0}};{'d0': 0.02490583291941666};-280.569866449044;39.924049766345036
15546;-100.360883458177;(_a6_ * ((x * pow2((((_a1_ * _a6_) * _a1_) * (x + _a0_)))) + x));{'d0': {'_a0_': 0.3119297079443808, '_a1_': -1.027706527318285, '_a6_': 1.4465760903448142, '_a2_': 1.0, '_a3_': 1.0, '_a4_': 1.0, '_a5_': 1.0, '_a7_': 1.0}};{'d0': 0.02490583291941666};-280.569866449044;39.924049766345036
15547;-100.360883458177;(_a6_ * ((x * pow2((((_a1_ * _a6_) * _a1_) * (x + _a0_)))) + x));{'d0': {'_a0_': 0.3119297079443808, '_a1_': -1.027706527318285, '_a6_': 1.4465760903448142, '_a2_': 1.0, '_a3_': 1.0, '_a4_': 1.0, '_a5_': 1.0, '_a7_': 1.0}};{'d0': 0.02490583291941666};-280.569866449044;39.924049766345036
15548;-100.360883458177;(_a6_ * ((x * pow2((((_a1_ * _a6_) * _a1_) * (x + _a0_)))) + x));{'d0': {'_a0_': 0.3119297079443808, '_a1_': -1.027706527318285, '_a6_': 1.4465760903448142, '_a2_': 1.0, '_a3_': 1.0, '_a4_': 1.0, '_a5_': 1.0, '_a7_': 1.0}};{'d0': 0.02490583291941666};-280.569866449044;39.924049766345036
15549;-100.360883458177;(_a6_ * ((x * pow2((((_a1_ * _a6_) * _a1_) * (x + _a0_)))) + x));{'d0': {'_a0_': 0.3119297079443808, '_a1_': -1.027706527318285, '_a6_': 1.4465760903448142, '_a2_': 1.0, '_a3_': 1.0, '_a4_': 1.0, '_a5_': 1.0, '_a7_': 1.0}};{'d0': 0.02490583291941666};-280.569866449044;39.924049766345036
15550;-100.360883458177;(_a6_ * ((x * pow2((((_a1_ * _a6_) * _a1_) * (x + _a0_)))) + x));{'d0': {'_a0_': 0.3119297079443808, '_a1_': -1.027706527318285, '_a6_': 1.4465760903448142, '_a2_': 1.0, '_a3_': 1.0, '_a4_': 1.0, '_a5_': 1.0, '_a7_': 1.0}};{'d0': 0.02490583291941666};-280.569866449044;39.924049766345036
15551;-100.360883458177;(_a6_ * ((x * pow2((((_a1_ * _a6_) * _a1_) * (x + _a0_)))) + x));{'d0': {'_a0_': 0.3119297079443808, '_a1_': -1.027706527318285, '_a6_': 1.4465760903448142, '_a2_': 1.0, '_a3_': 1.0, '_a4_': 1.0, '_a5_': 1.0, '_a7_': 1.0}};{'d0': 0.02490583291941666};-280.569866449044;39.924049766345036
15552;-101.684646197346;(_a6_ * ((x * pow2(((pow2(_a0_) * _a1_) * (x + _a0_)))) + x));{'d0': {'_a0_': 0.311929707756301, '_a1_': -15.702399993701897, '_a6_': 1.4465760888936448, '_a2_': 1.0, '_a3_': 1.0, '_a4_': 1.0, '_a5_': 1.0, '_a7_': 1.0}};{'d0': 0.024905832919416653};-280.569866449044;38.60028702717604
15553;-101.684646197346;(_a6_ * ((x * pow2(((pow2(_a0_) * _a1_) * (x + _a0_)))) + x));{'d0': {'_a0_': 0.311929707756301, '_a1_': -15.702399993701897, '_a6_': 1.4465760888936448, '_a2_': 1.0, '_a3_': 1.0, '_a4_': 1.0, '_a5_': 1.0, '_a7_': 1.0}};{'d0': 0.024905832919416653};-280.569866449044;38.60028702717604
15554;-101.684646197346;(_a6_ * ((x * pow2(((pow2(_a0_) * _a1_) * (x + _a0_)))) + x));{'d0': {'_a0_': 0.311929707756301, '_a1_': -15.702399993701897, '_a6_': 1.4465760888936448, '_a2_': 1.0, '_a3_': 1.0, '_a4_': 1.0, '_a5_': 1.0, '_a7_': 1.0}};{'d0': 0.024905832919416653};-280.569866449044;38.60028702717604
15555;-101.684646197346;(_a6_ * ((x * pow2(((pow2(_a0_) * _a1_) * (x + _a0_)))) + x));{'d0': {'_a0_': 0.311929707756301, '_a1_': -15.702399993701897, '_a6_': 1.4465760888936448, '_a2_': 1.0, '_a3_': 1.0, '_a4_': 1.0, '_a5_': 1.0, '_a7_': 1.0}};{'d0': 0.024905832919416653};-280.569866449044;38.60028702717604
15556;-101.684646197346;(_a6_ * ((x * pow2(((pow2(_a0_) * _a1_) * (x + _a0_)))) + x));{'d0': {'_a0_': 0.311929707756301, '_a1_': -15.702399993701897, '_a6_': 1.4465760888936448, '_a2_': 1.0, '_a3_': 1.0, '_a4_': 1.0, '_a5_': 1.0, '_a7_': 1.0}};{'d0': 0.024905832919416653};-280.569866449044;38.60028702717604
15557;-101.684646197346;(_a6_ * ((x * pow2(((pow2(_a0_) * _a1_) * (x + _a0_)))) + x));{'d0': {'_a0_': 0.311929707756301, '_a1_': -15.702399993701897, '_a6_': 1.4465760888936448, '_a2_': 1.0, '_a3_': 1.0, '_a4_': 1.0, '_a5_': 1.0, '_a7_': 1.0}};{'d0': 0.024905832919416653};-280.569866449044;38.60028702717604
15558;-101.684646197346;(_a6_ * ((x * pow2(((pow2(_a0_) * _a1_) * (x + _a0_)))) + x));{'d0': {'_a0_': 0.311929707756301, '_a1_': -15.702399993701897, '_a6_': 1.4465760888936448, '_a2_': 1.0, '_a3_': 1.0, '_a4_': 1.0, '_a5_': 1.0, '_a7_': 1.0}};{'d0': 0.024905832919416653};-280.569866449044;38.60028702717604
15559;-101.684646197346;(_a6_ * ((x * pow2(((pow2(_a0_) * _a1_) * (x + _a0_)))) + x));{'d0': {'_a0_': 0.311929707756301, '_a1_': -15.702399993701897, '_a6_': 1.4465760888936448, '_a2_': 1.0, '_a3_': 1.0, '_a4_': 1.0, '_a5_': 1.0, '_a7_': 1.0}};{'d0': 0.024905832919416653};-280.569866449044;38.60028702717604
15560;-101.684646197346;(_a6_ * ((x * pow2(((pow2(_a0_) * _a1_) * (x + _a0_)))) + x));{'d0': {'_a0_': 0.311929707756301, '_a1_': -15.702399993701897, '_a6_': 1.4465760888936448, '_a2_': 1.0, '_a3_': 1.0, '_a4_': 1.0, '_a5_': 1.0, '_a7_': 1.0}};{'d0': 0.024905832919416653};-280.569866449044;38.60028702717604
15561;-109.288302185518;(((pow2(((_a6_ * x) + _a1_)) + _a1_) + _a4_) * x);{'d0': {'_a1_': 0.5732009378540422, '_a4_': 0.8733751508314723, '_a6_': 1.8375964955137178, '_a0_': 1.0, '_a2_': 1.0, '_a3_': 1.0, '_a5_': 1.0, '_a7_': 1.0}};{'d0': 0.024905832919416598};-280.569866449044;30.996631039003944
15562;-109.288302185518;(((pow2(((_a6_ * x) + _a1_)) + _a1_) + _a4_) * x);{'d0': {'_a1_': 0.5732009378540422, '_a4_': 0.8733751508314723, '_a6_': 1.8375964955137178, '_a0_': 1.0, '_a2_': 1.0, '_a3_': 1.0, '_a5_': 1.0, '_a7_': 1.0}};{'d0': 0.024905832919416598};-280.569866449044;30.996631039003944
15563;-109.288302185518;(((pow2(((_a6_ * x) + _a1_)) + _a1_) + _a4_) * x);{'d0': {'_a1_': 0.5732009378540422, '_a4_': 0.8733751508314723, '_a6_': 1.8375964955137178, '_a0_': 1.0, '_a2_': 1.0, '_a3_': 1.0, '_a5_': 1.0, '_a7_': 1.0}};{'d0': 0.024905832919416598};-280.569866449044;30.996631039003944
15564;-109.288302185518;(((pow2(((_a6_ * x) + _a1_)) + _a1_) + _a4_) * x);{'d0': {'_a1_': 0.5732009378540422, '_a4_': 0.8733751508314723, '_a6_': 1.8375964955137178, '_a0_': 1.0, '_a2_': 1.0, '_a3_': 1.0, '_a5_': 1.0, '_a7_': 1.0}};{'d0': 0.024905832919416598};-280.569866449044;30.996631039003944
15565;-101.684646197346;(_a6_ * ((x * pow2(((pow2(_a0_) * _a1_) * (x + _a0_)))) + x));{'d0': {'_a0_': 0.311929707756301, '_a1_': -15.702399993701897, '_a6_': 1.4465760888936448, '_a2_': 1.0, '_a3_': 1.0, '_a4_': 1.0, '_a5_': 1.0, '_a7_': 1.0}};{'d0': 0.024905832919416653};-280.569866449044;38.60028702717604
15566;-101.684646197346;(_a6_ * ((x * pow2(((pow2(_a0_) * _a1_) * (x + _a0_)))) + x));{'d0': {'_a0_': 0.311929707756301, '_a1_': -15.702399993701897, '_a6_': 1.4465760888936448, '_a2_': 1.0, '_a3_': 1.0, '_a4_': 1.0, '_a5_': 1.0, '_a7_': 1.0}};{'d0': 0.024905832919416653};-280.569866449044;38.60028702717604
15567;-101.684646197346;(_a6_ * ((x * pow2(((pow2(_a0_) * _a1_) * (x + _a0_)))) + x));{'d0': {'_a0_': 0.311929707756301, '_a1_': -15.702399993701897, '_a6_': 1.4465760888936448, '_a2_': 1.0, '_a3_': 1.0, '_a4_': 1.0, '_a5_': 1.0, '_a7_': 1.0}};{'d0': 0.024905832919416653};-280.569866449044;38.60028702717604
15568;-101.684646197346;(_a6_ * ((x * pow2(((pow2(_a0_) * _a1_) * (x + _a0_)))) + x));{'d0': {'_a0_': 0.311929707756301, '_a1_': -15.702399993701897, '_a6_': 1.4465760888936448, '_a2_': 1.0, '_a3_': 1.0, '_a4_': 1.0, '_a5_': 1.0, '_a7_': 1.0}};{'d0': 0.024905832919416653};-280.569866449044;38.60028702717604
15569;-101.684646197346;(_a6_ * ((x * pow2(((pow2(_a0_) * _a1_) * (x + _a0_)))) + x));{'d0': {'_a0_': 0.311929707756301, '_a1_': -15.702399993701897, '_a6_': 1.4465760888936448, '_a2_': 1.0, '_a3_': 1.0, '_a4_': 1.0, '_a5_': 1.0, '_a7_': 1.0}};{'d0': 0.024905832919416653};-280.569866449044;38.60028702717604
15570;-109.408611468146;(((pow2(((_a6_ * x) + _a1_)) / _a1_) + _a4_) * x);{'d0': {'_a1_': 0.3285593146924667, '_a4_': 1.4465760895238122, '_a6_': 1.0533120333483974, '_a0_': 1.0, '_a2_': 1.0, '_a3_': 1.0, '_a5_': 1.0, '_a7_': 1.0}};{'d0': 0.0249058329194166};-280.569866449044;30.876321756376342
15571;-109.408611468146;(((pow2(((_a6_ * x) + _a1_)) / _a1_) + _a4_) * x);{'d0': {'_a1_': 0.3285593146924667, '_a4_': 1.4465760895238122, '_a6_': 1.0533120333483974, '_a0_': 1.0, '_a2_': 1.0, '_a3_': 1.0, '_a5_': 1.0, '_a7_': 1.0}};{'d0': 0.0249058329194166};-280.569866449044;30.876321756376342
15572;-109.408611468146;(((pow2(((_a6_ * x) + _a1_)) / _a1_) + _a4_) * x);{'d0': {'_a1_': 0.3285593146924667, '_a4_': 1.4465760895238122, '_a6_': 1.0533120333483974, '_a0_': 1.0, '_a2_': 1.0, '_a3_': 1.0, '_a5_': 1.0, '_a7_': 1.0}};{'d0': 0.0249058329194166};-280.569866449044;30.876321756376342
15573;-109.408611468146;(((pow2(((_a6_ * x) + _a1_)) / _a1_) + _a4_) * x);{'d0': {'_a1_': 0.3285593146924667, '_a4_': 1.4465760895238122, '_a6_': 1.0533120333483974, '_a0_': 1.0, '_a2_': 1.0, '_a3_': 1.0, '_a5_': 1.0, '_a7_': 1.0}};{'d0': 0.0249058329194166};-280.569866449044;30.876321756376342
15574;-109.408611468146;(((pow2(((_a6_ * x) + _a1_)) / _a1_) + _a4_) * x);{'d0': {'_a1_': 0.3285593146924667, '_a4_': 1.4465760895238122, '_a6_': 1.0533120333483974, '_a0_': 1.0, '_a2_': 1.0, '_a3_': 1.0, '_a5_': 1.0, '_a7_': 1.0}};{'d0': 0.0249058329194166};-280.569866449044;30.876321756376342
15575;-109.408611468146;(((pow2(((_a6_ * x) + _a1_)) / _a1_) + _a4_) * x);{'d0': {'_a1_': 0.3285593146924667, '_a4_': 1.4465760895238122, '_a6_': 1.0533120333483974, '_a0_': 1.0, '_a2_': 1.0, '_a3_': 1.0, '_a5_': 1.0, '_a7_': 1.0}};{'d0': 0.0249058329194166};-280.569866449044;30.876321756376342
15576;-109.408611468146;(((pow2(((_a6_ * x) + _a1_)) / _a1_) + _a4_) * x);{'d0': {'_a1_': 0.3285593146924667, '_a4_': 1.4465760895238122, '_a6_': 1.0533120333483974, '_a0_': 1.0, '_a2_': 1.0, '_a3_': 1.0, '_a5_': 1.0, '_a7_': 1.0}};{'d0': 0.0249058329194166};-280.569866449044;30.876321756376342
15577;-92.7456117433930;(_a6_ * ((x * pow2(((pow2(_a0_) + _a1_) * (x + (_a5_ + _a5_))))) + x));{'d0': {'_a0_': 1.4233030823656776, '_a1_': -0.4979458229865999, '_a5_': 0.15596485391709808, '_a6_': 1.4465760893943922, '_a2_': 1.0, '_a3_': 1.0, '_a4_': 1.0, '_a7_': 1.0}};{'d0': 0.024905832919614807};-276.475521886344;45.492149199779035
15578;-92.7456117435135;(_a6_ * ((x * pow2(((pow2(_a3_) + _a1_) * (x + (_a5_ + _a5_))))) + x));{'d0': {'_a1_': -0.1489349430462389, '_a3_': 1.294905695834197, '_a5_': 0.15596485387548845, '_a6_': 1.4465760879804879, '_a0_': 1.0, '_a2_': 1.0, '_a4_': 1.0, '_a7_': 1.0}};{'d0': 0.02490583291951475};-276.475521886585;45.492149199779035
15579;-92.7456117435135;(_a6_ * ((x * pow2(((pow2(_a3_) + _a1_) * (x + (_a5_ + _a5_))))) + x));{'d0': {'_a1_': -0.1489349430462389, '_a3_': 1.294905695834197, '_a5_': 0.15596485387548845, '_a6_': 1.4465760879804879, '_a0_': 1.0, '_a2_': 1.0, '_a4_': 1.0, '_a7_': 1.0}};{'d0': 0.02490583291951475};-276.475521886585;45.492149199779035
15580;-92.7456117435135;(_a6_ * ((x * pow2(((pow2(_a3_) + _a1_) * (x + (_a5_ + _a5_))))) + x));{'d0': {'_a1_': -0.1489349430462389, '_a3_': 1.294905695834197, '_a5_': 0.15596485387548845, '_a6_': 1.4465760879804879, '_a0_': 1.0, '_a2_': 1.0, '_a4_': 1.0, '_a7_': 1.0}};{'d0': 0.02490583291951475};-276.475521886585;45.492149199779035
15581;-92.7456117435135;(_a6_ * ((x * pow2(((pow2(_a3_) + _a1_) * (x + (_a5_ + _a5_))))) + x));{'d0': {'_a1_': -0.1489349430462389, '_a3_': 1.294905695834197, '_a5_': 0.15596485387548845, '_a6_': 1.4465760879804879, '_a0_': 1.0, '_a2_': 1.0, '_a4_': 1.0, '_a7_': 1.0}};{'d0': 0.02490583291951475};-276.475521886585;45.492149199779035
15582;-92.7456117435135;(_a6_ * ((x * pow2(((pow2(_a3_) + _a1_) * (x + (_a5_ + _a5_))))) + x));{'d0': {'_a1_': -0.1489349430462389, '_a3_': 1.294905695834197, '_a5_': 0.15596485387548845, '_a6_': 1.4465760879804879, '_a0_': 1.0, '_a2_': 1.0, '_a4_': 1.0, '_a7_': 1.0}};{'d0': 0.02490583291951475};-276.475521886585;45.492149199779035
15583;-92.7456117435135;(_a6_ * ((x * pow2(((pow2(_a3_) + _a1_) * (x + (_a5_ + _a5_))))) + x));{'d0': {'_a1_': -0.1489349430462389, '_a3_': 1.294905695834197, '_a5_': 0.15596485387548845, '_a6_': 1.4465760879804879, '_a0_': 1.0, '_a2_': 1.0, '_a4_': 1.0, '_a7_': 1.0}};{'d0': 0.02490583291951475};-276.475521886585;45.492149199779035
15584;-92.7456117435135;(_a6_ * ((x * pow2(((pow2(_a3_) + _a1_) * (x + (_a5_ + _a5_))))) + x));{'d0': {'_a1_': -0.1489349430462389, '_a3_': 1.294905695834197, '_a5_': 0.15596485387548845, '_a6_': 1.4465760879804879, '_a0_': 1.0, '_a2_': 1.0, '_a4_': 1.0, '_a7_': 1.0}};{'d0': 0.02490583291951475};-276.475521886585;45.492149199779035
15585;-92.7456117435135;(_a6_ * ((x * pow2(((pow2(_a3_) + _a1_) * (x + (_a5_ + _a5_))))) + x));{'d0': {'_a1_': -0.1489349430462389, '_a3_': 1.294905695834197, '_a5_': 0.15596485387548845, '_a6_': 1.4465760879804879, '_a0_': 1.0, '_a2_': 1.0, '_a4_': 1.0, '_a7_': 1.0}};{'d0': 0.02490583291951475};-276.475521886585;45.492149199779035
15586;-92.7456117435135;(_a6_ * ((x * pow2(((pow2(_a3_) + _a1_) * (x + (_a5_ + _a5_))))) + x));{'d0': {'_a1_': -0.1489349430462389, '_a3_': 1.294905695834197, '_a5_': 0.15596485387548845, '_a6_': 1.4465760879804879, '_a0_': 1.0, '_a2_': 1.0, '_a4_': 1.0, '_a7_': 1.0}};{'d0': 0.02490583291951475};-276.475521886585;45.492149199779035
15587;-92.7456117435135;(_a6_ * ((x * pow2(((pow2(_a3_) + _a1_) * (x + (_a5_ + _a5_))))) + x));{'d0': {'_a1_': -0.1489349430462389, '_a3_': 1.294905695834197, '_a5_': 0.15596485387548845, '_a6_': 1.4465760879804879, '_a0_': 1.0, '_a2_': 1.0, '_a4_': 1.0, '_a7_': 1.0}};{'d0': 0.02490583291951475};-276.475521886585;45.492149199779035
15588;-92.7456117435135;(_a6_ * ((x * pow2(((pow2(_a3_) + _a1_) * (x + (_a5_ + _a5_))))) + x));{'d0': {'_a1_': -0.1489349430462389, '_a3_': 1.294905695834197, '_a5_': 0.15596485387548845, '_a6_': 1.4465760879804879, '_a0_': 1.0, '_a2_': 1.0, '_a4_': 1.0, '_a7_': 1.0}};{'d0': 0.02490583291951475};-276.475521886585;45.492149199779035
15589;-77.1320176035604;((((_a7_ * ((_a2_ ** _a4_) * _a7_)) * _a1_) + (_a4_ * x)) + -(pow3((_a1_ * (x + _a5_)))));{'d0': {'_a1_': -1.5011129738762745, '_a2_': 0.4348894102339177, '_a4_': 1.3348540734185927, '_a5_': 0.20818372238878227, '_a7_': -0.2527005444454185, '_a0_': 1.0, '_a3_': 1.0, '_a6_': 1.0}};{'d0': 0.02488548250223962};-272.430223030192;59.08309391153539
15590;-77.1320176035604;((((_a7_ * ((_a2_ ** _a4_) * _a7_)) * _a1_) + (_a4_ * x)) + -(pow3((_a1_ * (x + _a5_)))));{'d0': {'_a1_': -1.5011129738762745, '_a2_': 0.4348894102339177, '_a4_': 1.3348540734185927, '_a5_': 0.20818372238878227, '_a7_': -0.2527005444454185, '_a0_': 1.0, '_a3_': 1.0, '_a6_': 1.0}};{'d0': 0.02488548250223962};-272.430223030192;59.08309391153539
15591;-79.1791898851208;((((_a7_ * ((_a4_ ** _a4_) * _a7_)) * _a1_) + (_a4_ * x)) + -(pow3((_a1_ * (x + _a5_)))));{'d0': {'_a1_': -1.5011129726561612, '_a4_': 1.334854076548292, '_a5_': 0.20818372217043238, '_a7_': -0.1195454530504624, '_a0_': 1.0, '_a2_': 1.0, '_a3_': 1.0, '_a6_': 1.0}};{'d0': 0.024885482501866885};-276.524567593312;59.08309391153539
15592;-79.1791898851208;((((_a7_ * ((_a4_ ** _a4_) * _a7_)) * _a1_) + (_a4_ * x)) + -(pow3((_a1_ * (x + _a5_)))));{'d0': {'_a1_': -1.5011129726561612, '_a4_': 1.334854076548292, '_a5_': 0.20818372217043238, '_a7_': -0.1195454530504624, '_a0_': 1.0, '_a2_': 1.0, '_a3_': 1.0, '_a6_': 1.0}};{'d0': 0.024885482501866885};-276.524567593312;59.08309391153539
15593;-79.1791898851208;((((_a7_ * ((_a4_ ** _a5_) * _a7_)) * _a1_) + (_a4_ * x)) + -(pow3((_a1_ * (x + _a5_)))));{'d0': {'_a1_': -1.501112973864904, '_a4_': 1.3348540733221517, '_a5_': 0.20818372234476232, '_a7_': -0.14066768428580306, '_a0_': 1.0, '_a2_': 1.0, '_a3_': 1.0, '_a6_': 1.0}};{'d0': 0.024885482501866847};-276.524567593312;59.08309391153539
15594;-79.1791898851208;((((_a7_ * ((_a4_ ** _a5_) * _a7_)) * _a1_) + (_a4_ * x)) + -(pow3((_a1_ * (x + _a5_)))));{'d0': {'_a1_': -1.501112973864904, '_a4_': 1.3348540733221517, '_a5_': 0.20818372234476232, '_a7_': -0.14066768428580306, '_a0_': 1.0, '_a2_': 1.0, '_a3_': 1.0, '_a6_': 1.0}};{'d0': 0.024885482501866847};-276.524567593312;59.08309391153539
15595;-79.1791898851208;((((_a7_ * ((_a4_ ** _a5_) * _a7_)) * _a1_) + (_a4_ * x)) + -(pow3((_a1_ * (x + _a5_)))));{'d0': {'_a1_': -1.501112973864904, '_a4_': 1.3348540733221517, '_a5_': 0.20818372234476232, '_a7_': -0.14066768428580306, '_a0_': 1.0, '_a2_': 1.0, '_a3_': 1.0, '_a6_': 1.0}};{'d0': 0.024885482501866847};-276.524567593312;59.08309391153539
15596;-79.1791898851208;((((_a7_ * ((_a4_ ** _a5_) * _a7_)) * _a1_) + (_a4_ * x)) + -(pow3((_a1_ * (x + _a5_)))));{'d0': {'_a1_': -1.501112973864904, '_a4_': 1.3348540733221517, '_a5_': 0.20818372234476232, '_a7_': -0.14066768428580306, '_a0_': 1.0, '_a2_': 1.0, '_a3_': 1.0, '_a6_': 1.0}};{'d0': 0.024885482501866847};-276.524567593312;59.08309391153539
15597;-79.1791898851208;((((_a7_ * ((_a4_ ** _a5_) * _a7_)) * _a1_) + (_a4_ * x)) + -(pow3((_a1_ * (x + _a5_)))));{'d0': {'_a1_': -1.501112973864904, '_a4_': 1.3348540733221517, '_a5_': 0.20818372234476232, '_a7_': -0.14066768428580306, '_a0_': 1.0, '_a2_': 1.0, '_a3_': 1.0, '_a6_': 1.0}};{'d0': 0.024885482501866847};-276.524567593312;59.08309391153539
15598;-79.1791898851208;((((_a7_ * ((_a4_ ** _a5_) * _a7_)) * _a1_) + (_a4_ * x)) + -(pow3((_a1_ * (x + _a5_)))));{'d0': {'_a1_': -1.501112973864904, '_a4_': 1.3348540733221517, '_a5_': 0.20818372234476232, '_a7_': -0.14066768428580306, '_a0_': 1.0, '_a2_': 1.0, '_a3_': 1.0, '_a6_': 1.0}};{'d0': 0.024885482501866847};-276.524567593312;59.08309391153539
15599;-79.1792226114769;((((_a7_ * ((_a4_ ** x) * _a7_)) * _a1_) + (_a4_ * x)) + -(pow3((_a1_ * (x + _a5_)))));{'d0': {'_a1_': -1.50113160429204, '_a4_': 1.3436319789243603, '_a5_': 0.20831190330268864, '_a7_': -0.14509221833364133, '_a0_': 1.0, '_a2_': 1.0, '_a3_': 1.0, '_a6_': 1.0}};{'d0': 0.024885455354842927};-276.524633046025;59.08309391153539
15600;-79.1792226114769;((((_a7_ * ((_a4_ ** x) * _a7_)) * _a1_) + (_a4_ * x)) + -(pow3((_a1_ * (x + _a5_)))));{'d0': {'_a1_': -1.50113160429204, '_a4_': 1.3436319789243603, '_a5_': 0.20831190330268864, '_a7_': -0.14509221833364133, '_a0_': 1.0, '_a2_': 1.0, '_a3_': 1.0, '_a6_': 1.0}};{'d0': 0.024885455354842927};-276.524633046025;59.08309391153539
15601;-79.1792226114769;((((_a7_ * ((_a4_ ** x) * _a7_)) * _a1_) + (_a4_ * x)) + -(pow3((_a1_ * (x + _a5_)))));{'d0': {'_a1_': -1.50113160429204, '_a4_': 1.3436319789243603, '_a5_': 0.20831190330268864, '_a7_': -0.14509221833364133, '_a0_': 1.0, '_a2_': 1.0, '_a3_': 1.0, '_a6_': 1.0}};{'d0': 0.024885455354842927};-276.524633046025;59.08309391153539
15602;-79.1792226114769;((((_a7_ * ((_a4_ ** x) * _a7_)) * _a1_) + (_a4_ * x)) + -(pow3((_a1_ * (x + _a5_)))));{'d0': {'_a1_': -1.50113160429204, '_a4_': 1.3436319789243603, '_a5_': 0.20831190330268864, '_a7_': -0.14509221833364133, '_a0_': 1.0, '_a2_': 1.0, '_a3_': 1.0, '_a6_': 1.0}};{'d0': 0.024885455354842927};-276.524633046025;59.08309391153539
15603;-79.1792226114769;((((_a7_ * ((_a4_ ** x) * _a7_)) * _a1_) + (_a4_ * x)) + -(pow3((_a1_ * (x + _a5_)))));{'d0': {'_a1_': -1.50113160429204, '_a4_': 1.3436319789243603, '_a5_': 0.20831190330268864, '_a7_': -0.14509221833364133, '_a0_': 1.0, '_a2_': 1.0, '_a3_': 1.0, '_a6_': 1.0}};{'d0': 0.024885455354842927};-276.524633046025;59.08309391153539
15604;-77.1320503275538;((((_a7_ * ((_a4_ ** x) * _a7_)) * _a0_) + (_a4_ * x)) + -(pow3((_a1_ * (x + _a5_)))));{'d0': {'_a0_': -1.90659918768501, '_a1_': -1.5011316017007492, '_a4_': 1.3436319845778364, '_a5_': 0.20831190263036659, '_a7_': -0.12874262024656954, '_a2_': 1.0, '_a3_': 1.0, '_a6_': 1.0}};{'d0': 0.02488545535717556};-272.430288478178;59.08309391153539
15605;-77.1320503275538;((((_a7_ * ((_a4_ ** x) * _a7_)) * _a0_) + (_a4_ * x)) + -(pow3((_a1_ * (x + _a5_)))));{'d0': {'_a0_': -1.90659918768501, '_a1_': -1.5011316017007492, '_a4_': 1.3436319845778364, '_a5_': 0.20831190263036659, '_a7_': -0.12874262024656954, '_a2_': 1.0, '_a3_': 1.0, '_a6_': 1.0}};{'d0': 0.02488545535717556};-272.430288478178;59.08309391153539
15606;-77.1320503275538;((((_a7_ * ((_a4_ ** x) * _a7_)) * _a0_) + (_a4_ * x)) + -(pow3((_a1_ * (x + _a5_)))));{'d0': {'_a0_': -1.90659918768501, '_a1_': -1.5011316017007492, '_a4_': 1.3436319845778364, '_a5_': 0.20831190263036659, '_a7_': -0.12874262024656954, '_a2_': 1.0, '_a3_': 1.0, '_a6_': 1.0}};{'d0': 0.02488545535717556};-272.430288478178;59.08309391153539
15607;-77.1320503275538;((((_a7_ * ((_a4_ ** x) * _a7_)) * _a0_) + (_a4_ * x)) + -(pow3((_a1_ * (x + _a5_)))));{'d0': {'_a0_': -1.90659918768501, '_a1_': -1.5011316017007492, '_a4_': 1.3436319845778364, '_a5_': 0.20831190263036659, '_a7_': -0.12874262024656954, '_a2_': 1.0, '_a3_': 1.0, '_a6_': 1.0}};{'d0': 0.02488545535717556};-272.430288478178;59.08309391153539
15608;-77.1320503275538;((((_a7_ * ((_a4_ ** x) * _a7_)) * _a0_) + (_a4_ * x)) + -(pow3((_a1_ * (x + _a5_)))));{'d0': {'_a0_': -1.90659918768501, '_a1_': -1.5011316017007492, '_a4_': 1.3436319845778364, '_a5_': 0.20831190263036659, '_a7_': -0.12874262024656954, '_a2_': 1.0, '_a3_': 1.0, '_a6_': 1.0}};{'d0': 0.02488545535717556};-272.430288478178;59.08309391153539
15609;-77.1320503275538;((((_a7_ * ((_a4_ ** x) * _a7_)) * _a0_) + (_a4_ * x)) + -(pow3((_a1_ * (x + _a5_)))));{'d0': {'_a0_': -1.90659918768501, '_a1_': -1.5011316017007492, '_a4_': 1.3436319845778364, '_a5_': 0.20831190263036659, '_a7_': -0.12874262024656954, '_a2_': 1.0, '_a3_': 1.0, '_a6_': 1.0}};{'d0': 0.02488545535717556};-272.430288478178;59.08309391153539
15610;-77.1320503275538;((((_a7_ * ((_a4_ ** x) * _a7_)) * _a0_) + (_a4_ * x)) + -(pow3((_a1_ * (x + _a5_)))));{'d0': {'_a0_': -1.90659918768501, '_a1_': -1.5011316017007492, '_a4_': 1.3436319845778364, '_a5_': 0.20831190263036659, '_a7_': -0.12874262024656954, '_a2_': 1.0, '_a3_': 1.0, '_a6_': 1.0}};{'d0': 0.02488545535717556};-272.430288478178;59.08309391153539
15611;-77.1320503275538;((((_a7_ * ((_a4_ ** x) * _a7_)) * _a0_) + (_a4_ * x)) + -(pow3((_a1_ * (x + _a5_)))));{'d0': {'_a0_': -1.90659918768501, '_a1_': -1.5011316017007492, '_a4_': 1.3436319845778364, '_a5_': 0.20831190263036659, '_a7_': -0.12874262024656954, '_a2_': 1.0, '_a3_': 1.0, '_a6_': 1.0}};{'d0': 0.02488545535717556};-272.430288478178;59.08309391153539
15612;-77.1320503275538;((((_a7_ * ((_a4_ ** x) * _a7_)) * _a0_) + (_a4_ * x)) + -(pow3((_a1_ * (x + _a5_)))));{'d0': {'_a0_': -1.90659918768501, '_a1_': -1.5011316017007492, '_a4_': 1.3436319845778364, '_a5_': 0.20831190263036659, '_a7_': -0.12874262024656954, '_a2_': 1.0, '_a3_': 1.0, '_a6_': 1.0}};{'d0': 0.02488545535717556};-272.430288478178;59.08309391153539
15613;-77.1320503275538;((((_a7_ * ((_a4_ ** x) * _a7_)) * _a0_) + (_a4_ * x)) + -(pow3((_a1_ * (x + _a5_)))));{'d0': {'_a0_': -1.90659918768501, '_a1_': -1.5011316017007492, '_a4_': 1.3436319845778364, '_a5_': 0.20831190263036659, '_a7_': -0.12874262024656954, '_a2_': 1.0, '_a3_': 1.0, '_a6_': 1.0}};{'d0': 0.02488545535717556};-272.430288478178;59.08309391153539
15614;-77.1320503275538;((((_a7_ * ((_a4_ ** x) * _a7_)) * _a0_) + (_a4_ * x)) + -(pow3((_a1_ * (x + _a5_)))));{'d0': {'_a0_': -1.90659918768501, '_a1_': -1.5011316017007492, '_a4_': 1.3436319845778364, '_a5_': 0.20831190263036659, '_a7_': -0.12874262024656954, '_a2_': 1.0, '_a3_': 1.0, '_a6_': 1.0}};{'d0': 0.02488545535717556};-272.430288478178;59.08309391153539
15615;-77.1320503275538;((((_a7_ * ((_a4_ ** x) * _a7_)) * _a0_) + (_a4_ * x)) + -(pow3((_a1_ * (x + _a5_)))));{'d0': {'_a0_': -1.90659918768501, '_a1_': -1.5011316017007492, '_a4_': 1.3436319845778364, '_a5_': 0.20831190263036659, '_a7_': -0.12874262024656954, '_a2_': 1.0, '_a3_': 1.0, '_a6_': 1.0}};{'d0': 0.02488545535717556};-272.430288478178;59.08309391153539
15616;-77.1320503275538;((((_a7_ * ((_a4_ ** x) * _a7_)) * _a0_) + (_a4_ * x)) + -(pow3((_a1_ * (x + _a5_)))));{'d0': {'_a0_': -1.90659918768501, '_a1_': -1.5011316017007492, '_a4_': 1.3436319845778364, '_a5_': 0.20831190263036659, '_a7_': -0.12874262024656954, '_a2_': 1.0, '_a3_': 1.0, '_a6_': 1.0}};{'d0': 0.02488545535717556};-272.430288478178;59.08309391153539
15617;-77.1320503275538;((((_a7_ * ((_a4_ ** x) * _a7_)) * _a0_) + (_a4_ * x)) + -(pow3((_a1_ * (x + _a5_)))));{'d0': {'_a0_': -1.90659918768501, '_a1_': -1.5011316017007492, '_a4_': 1.3436319845778364, '_a5_': 0.20831190263036659, '_a7_': -0.12874262024656954, '_a2_': 1.0, '_a3_': 1.0, '_a6_': 1.0}};{'d0': 0.02488545535717556};-272.430288478178;59.08309391153539
15618;-77.1320503275538;((((_a7_ * ((_a4_ ** x) * _a7_)) * _a0_) + (_a4_ * x)) + -(pow3((_a1_ * (x + _a5_)))));{'d0': {'_a0_': -1.90659918768501, '_a1_': -1.5011316017007492, '_a4_': 1.3436319845778364, '_a5_': 0.20831190263036659, '_a7_': -0.12874262024656954, '_a2_': 1.0, '_a3_': 1.0, '_a6_': 1.0}};{'d0': 0.02488545535717556};-272.430288478178;59.08309391153539
15619;-77.1320503275538;((((_a7_ * ((_a4_ ** x) * _a7_)) * _a0_) + (_a4_ * x)) + -(pow3((_a1_ * (x + _a5_)))));{'d0': {'_a0_': -1.90659918768501, '_a1_': -1.5011316017007492, '_a4_': 1.3436319845778364, '_a5_': 0.20831190263036659, '_a7_': -0.12874262024656954, '_a2_': 1.0, '_a3_': 1.0, '_a6_': 1.0}};{'d0': 0.02488545535717556};-272.430288478178;59.08309391153539
15620;-77.1320503275538;((((_a7_ * ((_a4_ ** x) * _a7_)) * _a0_) + (_a4_ * x)) + -(pow3((_a1_ * (x + _a5_)))));{'d0': {'_a0_': -1.90659918768501, '_a1_': -1.5011316017007492, '_a4_': 1.3436319845778364, '_a5_': 0.20831190263036659, '_a7_': -0.12874262024656954, '_a2_': 1.0, '_a3_': 1.0, '_a6_': 1.0}};{'d0': 0.02488545535717556};-272.430288478178;59.08309391153539
15621;-76.3534557678935;((((_a7_ * ((_a4_ ** x) * _a7_)) / _a0_) + (_a4_ * x)) + -(pow3((_a1_ * (x + _a5_)))));{'d0': {'_a0_': -0.7925566675850086, '_a1_': -1.5011316028610324, '_a4_': 1.343631981832569, '_a5_': 0.2083119028395506, '_a7_': -0.15825996344520488, '_a2_': 1.0, '_a3_': 1.0, '_a6_': 1.0}};{'d0': 0.024885455361353753};-272.430288468105;59.86168846615879
15622;-76.3534557678935;((((_a7_ * ((_a4_ ** x) * _a7_)) / _a0_) + (_a4_ * x)) + -(pow3((_a1_ * (x + _a5_)))));{'d0': {'_a0_': -0.7925566675850086, '_a1_': -1.5011316028610324, '_a4_': 1.343631981832569, '_a5_': 0.2083119028395506, '_a7_': -0.15825996344520488, '_a2_': 1.0, '_a3_': 1.0, '_a6_': 1.0}};{'d0': 0.024885455361353753};-272.430288468105;59.86168846615879
15623;-81.9001936223055;(((((_a4_ * pow2(((x + (x + _a2_)) + _a2_))) + _a1_) * x) * _a4_) + (_a0_ * pow2(_a2_)));{'d0': {'_a0_': -0.010502099182418397, '_a1_': 1.571154579433319, '_a2_': 0.31227556365796116, '_a4_': 0.9195811293054793, '_a3_': 1.0, '_a5_': 1.0, '_a6_': 1.0, '_a7_': 1.0}};{'d0': 0.024885482501937197};-276.524567593143;56.36209017426604
15624;-81.9001936223055;(((((_a4_ * pow2(((x + (x + _a2_)) + _a2_))) + _a1_) * x) * _a4_) + (_a0_ * pow2(_a2_)));{'d0': {'_a0_': -0.010502099182418397, '_a1_': 1.571154579433319, '_a2_': 0.31227556365796116, '_a4_': 0.9195811293054793, '_a3_': 1.0, '_a5_': 1.0, '_a6_': 1.0, '_a7_': 1.0}};{'d0': 0.024885482501937197};-276.524567593143;56.36209017426604
15625;-81.9001936223055;(((((_a4_ * pow2(((x + (x + _a2_)) + _a2_))) + _a1_) * x) * _a4_) + (_a0_ * pow2(_a2_)));{'d0': {'_a0_': -0.010502099182418397, '_a1_': 1.571154579433319, '_a2_': 0.31227556365796116, '_a4_': 0.9195811293054793, '_a3_': 1.0, '_a5_': 1.0, '_a6_': 1.0, '_a7_': 1.0}};{'d0': 0.024885482501937197};-276.524567593143;56.36209017426604
15626;-81.9001936223670;(((((_a4_ * pow2(((_a0_ + (x + _a2_)) + _a2_))) + _a1_) * x) * _a4_) + (_a0_ * pow2(_a2_)));{'d0': {'_a0_': -0.03413951766595724, '_a1_': 0.7855771439396589, '_a2_': 0.1732075560486658, '_a4_': 1.8391623982010803, '_a3_': 1.0, '_a5_': 1.0, '_a6_': 1.0, '_a7_': 1.0}};{'d0': 0.024885482501886193};-276.524567593266;56.36209017426604
15627;-81.9001936223670;(((((_a4_ * pow2(((_a0_ + (x + _a2_)) + _a2_))) + _a1_) * x) * _a4_) + (_a0_ * pow2(_a2_)));{'d0': {'_a0_': -0.03413951766595724, '_a1_': 0.7855771439396589, '_a2_': 0.1732075560486658, '_a4_': 1.8391623982010803, '_a3_': 1.0, '_a5_': 1.0, '_a6_': 1.0, '_a7_': 1.0}};{'d0': 0.024885482501886193};-276.524567593266;56.36209017426604
15628;-81.9001936223670;(((((_a4_ * pow2(((_a0_ + (x + _a2_)) + _a2_))) + _a1_) * x) * _a4_) + (_a0_ * pow2(_a2_)));{'d0': {'_a0_': -0.03413951766595724, '_a1_': 0.7855771439396589, '_a2_': 0.1732075560486658, '_a4_': 1.8391623982010803, '_a3_': 1.0, '_a5_': 1.0, '_a6_': 1.0, '_a7_': 1.0}};{'d0': 0.024885482501886193};-276.524567593266;56.36209017426604
15629;-81.9001936223670;(((((_a4_ * pow2(((_a0_ + (x + _a2_)) + _a2_))) + _a1_) * x) * _a4_) + (_a0_ * pow2(_a2_)));{'d0': {'_a0_': -0.03413951766595724, '_a1_': 0.7855771439396589, '_a2_': 0.1732075560486658, '_a4_': 1.8391623982010803, '_a3_': 1.0, '_a5_': 1.0, '_a6_': 1.0, '_a7_': 1.0}};{'d0': 0.024885482501886193};-276.524567593266;56.36209017426604
15630;-81.9001936223670;(((((_a4_ * pow2(((_a0_ + (x + _a2_)) + _a2_))) + _a1_) * x) * _a4_) + (_a0_ * pow2(_a2_)));{'d0': {'_a0_': -0.03413951766595724, '_a1_': 0.7855771439396589, '_a2_': 0.1732075560486658, '_a4_': 1.8391623982010803, '_a3_': 1.0, '_a5_': 1.0, '_a6_': 1.0, '_a7_': 1.0}};{'d0': 0.024885482501886193};-276.524567593266;56.36209017426604
15631;-81.9001936223670;(((((_a4_ * pow2(((_a0_ + (x + _a2_)) + _a2_))) + _a1_) * x) * _a4_) + (_a0_ * pow2(_a2_)));{'d0': {'_a0_': -0.03413951766595724, '_a1_': 0.7855771439396589, '_a2_': 0.1732075560486658, '_a4_': 1.8391623982010803, '_a3_': 1.0, '_a5_': 1.0, '_a6_': 1.0, '_a7_': 1.0}};{'d0': 0.024885482501886193};-276.524567593266;56.36209017426604
15632;-81.9001936223670;(((((_a4_ * pow2(((_a0_ + (x + _a2_)) + _a2_))) + _a1_) * x) * _a4_) + (_a0_ * pow2(_a2_)));{'d0': {'_a0_': -0.03413951766595724, '_a1_': 0.7855771439396589, '_a2_': 0.1732075560486658, '_a4_': 1.8391623982010803, '_a3_': 1.0, '_a5_': 1.0, '_a6_': 1.0, '_a7_': 1.0}};{'d0': 0.024885482501886193};-276.524567593266;56.36209017426604
15633;-78.2202464621296;(((((_a4_ * pow2(((_a0_ + (x + _a2_)) + _a2_))) + _a1_) * x) * _a4_) + (_a0_ * pow2(-(_a0_))));{'d0': {'_a0_': 0.10079982546399248, '_a1_': 0.7855771874720137, '_a2_': 0.10573787982186308, '_a4_': 1.8391623564338995, '_a3_': 1.0, '_a5_': 1.0, '_a6_': 1.0, '_a7_': 1.0}};{'d0': 0.02488548250186711};-276.524567593312;60.04203733452643
15634;-73.1985492503476;(((((_a4_ * pow2(((_a0_ + (x + _a2_)) + _a2_))) + _a1_) * x) * _a4_) + ((_a1_ * _a2_) * pow2(-(_a0_))));{'d0': {'_a0_': 0.11495418361265777, '_a1_': 0.7855771745405357, '_a2_': 0.09866070202594086, '_a4_': 1.8391623687487026, '_a3_': 1.0, '_a5_': 1.0, '_a6_': 1.0, '_a7_': 1.0}};{'d0': 0.024885482501869574};-276.524567593306;65.06373454630543
15635;-73.1985492503476;(((((_a4_ * pow2(((_a0_ + (x + _a2_)) + _a2_))) + _a1_) * x) * _a4_) + ((_a1_ * _a2_) * pow2(-(_a0_))));{'d0': {'_a0_': 0.11495418361265777, '_a1_': 0.7855771745405357, '_a2_': 0.09866070202594086, '_a4_': 1.8391623687487026, '_a3_': 1.0, '_a5_': 1.0, '_a6_': 1.0, '_a7_': 1.0}};{'d0': 0.024885482501869574};-276.524567593306;65.06373454630543
15636;-73.1985492503476;(((((_a4_ * pow2(((_a0_ + (x + _a2_)) + _a2_))) + _a1_) * x) * _a4_) + ((_a1_ * _a2_) * pow2(-(_a0_))));{'d0': {'_a0_': 0.11495418361265777, '_a1_': 0.7855771745405357, '_a2_': 0.09866070202594086, '_a4_': 1.8391623687487026, '_a3_': 1.0, '_a5_': 1.0, '_a6_': 1.0, '_a7_': 1.0}};{'d0': 0.024885482501869574};-276.524567593306;65.06373454630543
15637;-84.1163246554293;((_a0_ * ((x * pow2(((pow2(_a7_) + _a1_) * (x + -(_a1_))))) + x)) * (_a7_ + _a2_));{'d0': {'_a0_': 0.9422412624251455, '_a1_': -0.3119297078660978, '_a2_': 0.17886673829677488, '_a7_': 1.3563832296714784, '_a3_': 1.0, '_a4_': 1.0, '_a5_': 1.0, '_a6_': 1.0}};{'d0': 0.024905832921479642};-276.475521881852;54.12143628549643
15638;-84.1163246554293;((_a0_ * ((x * pow2(((pow2(_a7_) + _a1_) * (x + -(_a1_))))) + x)) * (_a7_ + _a2_));{'d0': {'_a0_': 0.9422412624251455, '_a1_': -0.3119297078660978, '_a2_': 0.17886673829677488, '_a7_': 1.3563832296714784, '_a3_': 1.0, '_a4_': 1.0, '_a5_': 1.0, '_a6_': 1.0}};{'d0': 0.024905832921479642};-276.475521881852;54.12143628549643
15639;-84.1163246554293;((_a0_ * ((x * pow2(((pow2(_a7_) + _a1_) * (x + -(_a1_))))) + x)) * (_a7_ + _a2_));{'d0': {'_a0_': 0.9422412624251455, '_a1_': -0.3119297078660978, '_a2_': 0.17886673829677488, '_a7_': 1.3563832296714784, '_a3_': 1.0, '_a4_': 1.0, '_a5_': 1.0, '_a6_': 1.0}};{'d0': 0.024905832921479642};-276.475521881852;54.12143628549643
15640;-84.1163246554293;((_a0_ * ((x * pow2(((pow2(_a7_) + _a1_) * (x + -(_a1_))))) + x)) * (_a7_ + _a2_));{'d0': {'_a0_': 0.9422412624251455, '_a1_': -0.3119297078660978, '_a2_': 0.17886673829677488, '_a7_': 1.3563832296714784, '_a3_': 1.0, '_a4_': 1.0, '_a5_': 1.0, '_a6_': 1.0}};{'d0': 0.024905832921479642};-276.475521881852;54.12143628549643
15641;-84.1163246554293;((_a0_ * ((x * pow2(((pow2(_a7_) + _a1_) * (x + -(_a1_))))) + x)) * (_a7_ + _a2_));{'d0': {'_a0_': 0.9422412624251455, '_a1_': -0.3119297078660978, '_a2_': 0.17886673829677488, '_a7_': 1.3563832296714784, '_a3_': 1.0, '_a4_': 1.0, '_a5_': 1.0, '_a6_': 1.0}};{'d0': 0.024905832921479642};-276.475521881852;54.12143628549643
15642;-90.0369257069443;((_a0_ * ((x * pow2(((pow2(_a7_) + _a1_) * (x + -(_a1_))))) + x)) * _a4_);{'d0': {'_a0_': 1.4465760891223498, '_a1_': -0.3119297077866002, '_a4_': 1.0, '_a7_': 1.3563832297003542, '_a2_': 1.0, '_a3_': 1.0, '_a5_': 1.0, '_a6_': 1.0}};{'d0': 0.02490583291941661};-276.475521886822;48.20083523646643
15643;-95.7820324606654;((_a0_ * ((x * pow2(((_a4_ + _a1_) * (x + -(_a1_))))) + x)) * _a4_);{'d0': {'_a0_': 0.7862786065053661, '_a1_': -0.3119297077446573, '_a4_': 1.8397754654938971, '_a2_': 1.0, '_a3_': 1.0, '_a5_': 1.0, '_a6_': 1.0, '_a7_': 1.0}};{'d0': 0.02490583291941662};-280.569866449044;44.50290076385643
15644;-100.731372386122;(_a0_ * ((x * pow2(((_a4_ + _a1_) * (x + -(_a1_))))) + x));{'d0': {'_a0_': 1.4465760887991348, '_a1_': -0.311929707724196, '_a4_': 1.8397754660621732, '_a2_': 1.0, '_a3_': 1.0, '_a5_': 1.0, '_a6_': 1.0, '_a7_': 1.0}};{'d0': 0.02490583291941667};-280.569866449043;39.553560838399434
15645;-67.2779482013066;(((((_a4_ * pow2(((_a0_ + (x + _a2_)) + _a2_))) + _a1_) * x) * (_a4_ + _a1_)) + ((_a1_ * _a2_) * pow2(-(_a0_))));{'d0': {'_a0_': 0.1311372157379246, '_a1_': 0.6575908724324112, '_a2_': 0.09056918815620268, '_a4_': 1.5395259303550843, '_a3_': 1.0, '_a5_': 1.0, '_a6_': 1.0, '_a7_': 1.0}};{'d0': 0.02488548250187876};-276.524567593284;70.98433559533542
15646;-67.2779482013066;(((((_a4_ * pow2(((_a0_ + (x + _a2_)) + _a2_))) + _a1_) * x) * (_a4_ + _a1_)) + ((_a1_ * _a2_) * pow2(-(_a0_))));{'d0': {'_a0_': 0.1311372157379246, '_a1_': 0.6575908724324112, '_a2_': 0.09056918815620268, '_a4_': 1.5395259303550843, '_a3_': 1.0, '_a5_': 1.0, '_a6_': 1.0, '_a7_': 1.0}};{'d0': 0.02488548250187876};-276.524567593284;70.98433559533542
15647;-67.2779482013066;(((((_a4_ * pow2(((_a0_ + (x + _a2_)) + _a2_))) + _a1_) * x) * (_a4_ + _a1_)) + ((_a1_ * _a2_) * pow2(-(_a0_))));{'d0': {'_a0_': 0.1311372157379246, '_a1_': 0.6575908724324112, '_a2_': 0.09056918815620268, '_a4_': 1.5395259303550843, '_a3_': 1.0, '_a5_': 1.0, '_a6_': 1.0, '_a7_': 1.0}};{'d0': 0.02488548250187876};-276.524567593284;70.98433559533542
15648;-67.2779482013066;(((((_a4_ * pow2(((_a0_ + (x + _a2_)) + _a2_))) + _a1_) * x) * (_a4_ + _a1_)) + ((_a1_ * _a2_) * pow2(-(_a0_))));{'d0': {'_a0_': 0.1311372157379246, '_a1_': 0.6575908724324112, '_a2_': 0.09056918815620268, '_a4_': 1.5395259303550843, '_a3_': 1.0, '_a5_': 1.0, '_a6_': 1.0, '_a7_': 1.0}};{'d0': 0.02488548250187876};-276.524567593284;70.98433559533542
15649;-67.2779482013066;(((((_a4_ * pow2(((_a0_ + (x + _a2_)) + _a2_))) + _a1_) * x) * (_a4_ + _a1_)) + ((_a1_ * _a2_) * pow2(-(_a0_))));{'d0': {'_a0_': 0.1311372157379246, '_a1_': 0.6575908724324112, '_a2_': 0.09056918815620268, '_a4_': 1.5395259303550843, '_a3_': 1.0, '_a5_': 1.0, '_a6_': 1.0, '_a7_': 1.0}};{'d0': 0.02488548250187876};-276.524567593284;70.98433559533542
15650;-67.2779482013066;(((((_a4_ * pow2(((_a0_ + (x + _a2_)) + _a2_))) + _a1_) * x) * (_a4_ + _a1_)) + ((_a1_ * _a2_) * pow2(-(_a0_))));{'d0': {'_a0_': 0.1311372157379246, '_a1_': 0.6575908724324112, '_a2_': 0.09056918815620268, '_a4_': 1.5395259303550843, '_a3_': 1.0, '_a5_': 1.0, '_a6_': 1.0, '_a7_': 1.0}};{'d0': 0.02488548250187876};-276.524567593284;70.98433559533542
15651;-67.2779482013066;(((((_a4_ * pow2(((_a0_ + (x + _a2_)) + _a2_))) + _a1_) * x) * (_a4_ + _a1_)) + ((_a1_ * _a2_) * pow2(-(_a0_))));{'d0': {'_a0_': 0.1311372157379246, '_a1_': 0.6575908724324112, '_a2_': 0.09056918815620268, '_a4_': 1.5395259303550843, '_a3_': 1.0, '_a5_': 1.0, '_a6_': 1.0, '_a7_': 1.0}};{'d0': 0.02488548250187876};-276.524567593284;70.98433559533542
15652;-67.2779482013066;(((((_a4_ * pow2(((_a0_ + (x + _a2_)) + _a2_))) + _a1_) * x) * (_a4_ + _a1_)) + ((_a1_ * _a2_) * pow2(-(_a0_))));{'d0': {'_a0_': 0.1311372157379246, '_a1_': 0.6575908724324112, '_a2_': 0.09056918815620268, '_a4_': 1.5395259303550843, '_a3_': 1.0, '_a5_': 1.0, '_a6_': 1.0, '_a7_': 1.0}};{'d0': 0.02488548250187876};-276.524567593284;70.98433559533542
15653;-67.2779482013066;(((((_a4_ * pow2(((_a0_ + (x + _a2_)) + _a2_))) + _a1_) * x) * (_a4_ + _a1_)) + ((_a1_ * _a2_) * pow2(-(_a0_))));{'d0': {'_a0_': 0.1311372157379246, '_a1_': 0.6575908724324112, '_a2_': 0.09056918815620268, '_a4_': 1.5395259303550843, '_a3_': 1.0, '_a5_': 1.0, '_a6_': 1.0, '_a7_': 1.0}};{'d0': 0.02488548250187876};-276.524567593284;70.98433559533542
15654;-67.2779482013066;(((((_a4_ * pow2(((_a0_ + (x + _a2_)) + _a2_))) + _a1_) * x) * (_a4_ + _a1_)) + ((_a1_ * _a2_) * pow2(-(_a0_))));{'d0': {'_a0_': 0.1311372157379246, '_a1_': 0.6575908724324112, '_a2_': 0.09056918815620268, '_a4_': 1.5395259303550843, '_a3_': 1.0, '_a5_': 1.0, '_a6_': 1.0, '_a7_': 1.0}};{'d0': 0.02488548250187876};-276.524567593284;70.98433559533542
15655;-70.9578953615712;(((((_a4_ * pow2(((_a0_ + (x + _a2_)) + _a2_))) + _a1_) * x) * (_a4_ + _a1_)) + ((_a1_ * _a2_) * pow2(_a1_)));{'d0': {'_a0_': 0.3194790501952658, '_a1_': 0.6575908927822933, '_a2_': -0.0036017360474202287, '_a4_': 1.5395258922871706, '_a3_': 1.0, '_a5_': 1.0, '_a6_': 1.0, '_a7_': 1.0}};{'d0': 0.024885482501875205};-276.524567593292;67.30438843507504
15656;-70.9578953615712;(((((_a4_ * pow2(((_a0_ + (x + _a2_)) + _a2_))) + _a1_) * x) * (_a4_ + _a1_)) + ((_a1_ * _a2_) * pow2(_a1_)));{'d0': {'_a0_': 0.3194790501952658, '_a1_': 0.6575908927822933, '_a2_': -0.0036017360474202287, '_a4_': 1.5395258922871706, '_a3_': 1.0, '_a5_': 1.0, '_a6_': 1.0, '_a7_': 1.0}};{'d0': 0.024885482501875205};-276.524567593292;67.30438843507504
15657;-70.9578953610475;(((((_a4_ * pow2(((_a6_ + (x + _a2_)) + _a2_))) + _a1_) * x) * (_a4_ + _a1_)) + ((_a1_ * _a2_) * pow2(_a1_)));{'d0': {'_a1_': 0.6575910585296167, '_a2_': -0.0036011888121735168, '_a4_': 1.539525587982544, '_a6_': 0.31947791055678115, '_a0_': 1.0, '_a3_': 1.0, '_a5_': 1.0, '_a7_': 1.0}};{'d0': 0.024885482502309677};-276.524567592245;67.30438843507504
15658;-70.9578953610475;(((((_a4_ * pow2(((_a6_ + (x + _a2_)) + _a2_))) + _a1_) * x) * (_a4_ + _a1_)) + ((_a1_ * _a2_) * pow2(_a1_)));{'d0': {'_a1_': 0.6575910585296167, '_a2_': -0.0036011888121735168, '_a4_': 1.539525587982544, '_a6_': 0.31947791055678115, '_a0_': 1.0, '_a3_': 1.0, '_a5_': 1.0, '_a7_': 1.0}};{'d0': 0.024885482502309677};-276.524567592245;67.30438843507504
15659;-75.9795925732957;(((((_a4_ * pow2(((_a6_ + (x + _a2_)) + _a2_))) + _a1_) * x) * (_a4_ + _a1_)) + (_a6_ * pow2(_a1_)));{'d0': {'_a1_': 0.65759095400415, '_a2_': 0.15732195210801372, '_a4_': 1.5395257802997993, '_a6_': -0.0023683381485461704, '_a0_': 1.0, '_a3_': 1.0, '_a5_': 1.0, '_a7_': 1.0}};{'d0': 0.024885482501920436};-276.524567593183;62.28269122329604
15660;-75.9795925732957;(((((_a4_ * pow2(((_a6_ + (x + _a2_)) + _a2_))) + _a1_) * x) * (_a4_ + _a1_)) + (_a6_ * pow2(_a1_)));{'d0': {'_a1_': 0.65759095400415, '_a2_': 0.15732195210801372, '_a4_': 1.5395257802997993, '_a6_': -0.0023683381485461704, '_a0_': 1.0, '_a3_': 1.0, '_a5_': 1.0, '_a7_': 1.0}};{'d0': 0.024885482501920436};-276.524567593183;62.28269122329604
15661;-75.1286407323541;(((((_a4_ * pow2(((_a6_ + (x + _a2_)) + _a2_))) + _a1_) * x) * (_a4_ + _a1_)) + (_a6_ / pow2(_a1_)));{'d0': {'_a1_': 0.657590849220083, '_a2_': 0.15635925407391427, '_a4_': 1.5395259702566457, '_a6_': -0.00044290448772207067, '_a0_': 1.0, '_a3_': 1.0, '_a5_': 1.0, '_a7_': 1.0}};{'d0': 0.024885482501917293};-276.524567593191;63.13364306424144
15662;-75.1286407323541;(((((_a4_ * pow2(((_a6_ + (x + _a2_)) + _a2_))) + _a1_) * x) * (_a4_ + _a1_)) + (_a6_ / pow2(_a1_)));{'d0': {'_a1_': 0.657590849220083, '_a2_': 0.15635925407391427, '_a4_': 1.5395259702566457, '_a6_': -0.00044290448772207067, '_a0_': 1.0, '_a3_': 1.0, '_a5_': 1.0, '_a7_': 1.0}};{'d0': 0.024885482501917293};-276.524567593191;63.13364306424144
15663;-75.1286407323541;(((((_a4_ * pow2(((_a6_ + (x + _a2_)) + _a2_))) + _a1_) * x) * (_a4_ + _a1_)) + (_a6_ / pow2(_a1_)));{'d0': {'_a1_': 0.657590849220083, '_a2_': 0.15635925407391427, '_a4_': 1.5395259702566457, '_a6_': -0.00044290448772207067, '_a0_': 1.0, '_a3_': 1.0, '_a5_': 1.0, '_a7_': 1.0}};{'d0': 0.024885482501917293};-276.524567593191;63.13364306424144
15664;-94.9310806197200;(_a0_ * ((x * pow2(((_a4_ + _a1_) * (x + -(_a1_))))) + (x / _a4_)));{'d0': {'_a0_': 2.2309349149480346, '_a1_': -0.3119297077052006, '_a4_': 1.5422174687914358, '_a2_': 1.0, '_a3_': 1.0, '_a5_': 1.0, '_a6_': 1.0, '_a7_': 1.0}};{'d0': 0.024905832919416594};-280.569866449044;45.35385260480184
15665;-94.9310806197200;(_a0_ * ((x * pow2(((_a4_ + _a1_) * (x + -(_a1_))))) + (x / _a4_)));{'d0': {'_a0_': 2.2309349149480346, '_a1_': -0.3119297077052006, '_a4_': 1.5422174687914358, '_a2_': 1.0, '_a3_': 1.0, '_a5_': 1.0, '_a6_': 1.0, '_a7_': 1.0}};{'d0': 0.024905832919416594};-280.569866449044;45.35385260480184
15666;-94.9310806197200;(_a0_ * ((x * pow2(((_a4_ + _a1_) * (x + -(_a1_))))) + (x / _a4_)));{'d0': {'_a0_': 2.2309349149480346, '_a1_': -0.3119297077052006, '_a4_': 1.5422174687914358, '_a2_': 1.0, '_a3_': 1.0, '_a5_': 1.0, '_a6_': 1.0, '_a7_': 1.0}};{'d0': 0.024905832919416594};-280.569866449044;45.35385260480184
15667;-94.9310806197200;(_a0_ * ((x * pow2(((_a4_ + _a1_) * (x + -(_a1_))))) + (x / _a4_)));{'d0': {'_a0_': 2.2309349149480346, '_a1_': -0.3119297077052006, '_a4_': 1.5422174687914358, '_a2_': 1.0, '_a3_': 1.0, '_a5_': 1.0, '_a6_': 1.0, '_a7_': 1.0}};{'d0': 0.024905832919416594};-280.569866449044;45.35385260480184
15668;-94.9310806197200;(_a0_ * ((x * pow2(((_a4_ + _a1_) * (x + -(_a1_))))) + (x / _a4_)));{'d0': {'_a0_': 2.2309349149480346, '_a1_': -0.3119297077052006, '_a4_': 1.5422174687914358, '_a2_': 1.0, '_a3_': 1.0, '_a5_': 1.0, '_a6_': 1.0, '_a7_': 1.0}};{'d0': 0.024905832919416594};-280.569866449044;45.35385260480184
15669;-94.9310806197200;(_a0_ * ((x * pow2(((_a4_ + _a1_) * (x + -(_a1_))))) + (x / _a4_)));{'d0': {'_a0_': 2.2309349149480346, '_a1_': -0.3119297077052006, '_a4_': 1.5422174687914358, '_a2_': 1.0, '_a3_': 1.0, '_a5_': 1.0, '_a6_': 1.0, '_a7_': 1.0}};{'d0': 0.024905832919416594};-280.569866449044;45.35385260480184
15670;-94.9310806197200;(_a0_ * ((x * pow2(((_a4_ + _a1_) * (x + -(_a1_))))) + (x / _a4_)));{'d0': {'_a0_': 2.2309349149480346, '_a1_': -0.3119297077052006, '_a4_': 1.5422174687914358, '_a2_': 1.0, '_a3_': 1.0, '_a5_': 1.0, '_a6_': 1.0, '_a7_': 1.0}};{'d0': 0.024905832919416594};-280.569866449044;45.35385260480184
15671;-94.9310806197200;(_a0_ * ((x * pow2(((_a4_ + _a1_) * (x + -(_a1_))))) + (x / _a4_)));{'d0': {'_a0_': 2.2309349149480346, '_a1_': -0.3119297077052006, '_a4_': 1.5422174687914358, '_a2_': 1.0, '_a3_': 1.0, '_a5_': 1.0, '_a6_': 1.0, '_a7_': 1.0}};{'d0': 0.024905832919416594};-280.569866449044;45.35385260480184
15672;-94.9310806197200;(_a0_ * ((x * pow2(((_a4_ + _a1_) * (x + -(_a1_))))) + (x / _a4_)));{'d0': {'_a0_': 2.2309349149480346, '_a1_': -0.3119297077052006, '_a4_': 1.5422174687914358, '_a2_': 1.0, '_a3_': 1.0, '_a5_': 1.0, '_a6_': 1.0, '_a7_': 1.0}};{'d0': 0.024905832919416594};-280.569866449044;45.35385260480184
15673;-94.9310806197200;(_a0_ * ((x * pow2(((_a4_ + _a1_) * (x + -(_a1_))))) + (x / _a4_)));{'d0': {'_a0_': 2.2309349149480346, '_a1_': -0.3119297077052006, '_a4_': 1.5422174687914358, '_a2_': 1.0, '_a3_': 1.0, '_a5_': 1.0, '_a6_': 1.0, '_a7_': 1.0}};{'d0': 0.024905832919416594};-280.569866449044;45.35385260480184
15674;-94.9310806197200;(_a0_ * ((x * pow2(((_a4_ + _a1_) * (x + -(_a1_))))) + (x / _a4_)));{'d0': {'_a0_': 2.2309349149480346, '_a1_': -0.3119297077052006, '_a4_': 1.5422174687914358, '_a2_': 1.0, '_a3_': 1.0, '_a5_': 1.0, '_a6_': 1.0, '_a7_': 1.0}};{'d0': 0.024905832919416594};-280.569866449044;45.35385260480184
15675;-100.851681668750;(_a0_ * ((x * pow2((_a0_ * (x + -(_a1_))))) + (x / _a4_)));{'d0': {'_a0_': 1.5002608255719394, '_a1_': -0.31192970777795564, '_a4_': 1.0371115884066062, '_a2_': 1.0, '_a3_': 1.0, '_a5_': 1.0, '_a6_': 1.0, '_a7_': 1.0}};{'d0': 0.024905832919416712};-280.569866449043;39.43325155577184
15676;-100.851681668750;(_a0_ * ((x * pow2((_a0_ * (x + -(_a1_))))) + (x / _a4_)));{'d0': {'_a0_': 1.5002608255719394, '_a1_': -0.31192970777795564, '_a4_': 1.0371115884066062, '_a2_': 1.0, '_a3_': 1.0, '_a5_': 1.0, '_a6_': 1.0, '_a7_': 1.0}};{'d0': 0.024905832919416712};-280.569866449043;39.43325155577184
15677;-100.851681668750;(_a0_ * ((x * pow2((_a0_ * (x + -(_a1_))))) + (x / _a4_)));{'d0': {'_a0_': 1.5002608255719394, '_a1_': -0.31192970777795564, '_a4_': 1.0371115884066062, '_a2_': 1.0, '_a3_': 1.0, '_a5_': 1.0, '_a6_': 1.0, '_a7_': 1.0}};{'d0': 0.024905832919416712};-280.569866449043;39.43325155577184
15678;-100.851681668750;(_a0_ * ((x * pow2((_a0_ * (x + -(_a1_))))) + (x / _a4_)));{'d0': {'_a0_': 1.5002608255719394, '_a1_': -0.31192970777795564, '_a4_': 1.0371115884066062, '_a2_': 1.0, '_a3_': 1.0, '_a5_': 1.0, '_a6_': 1.0, '_a7_': 1.0}};{'d0': 0.024905832919416712};-280.569866449043;39.43325155577184
15679;-100.851681668750;(_a0_ * ((x * pow2((_a0_ * (x + -(_a1_))))) + (x / _a4_)));{'d0': {'_a0_': 1.5002608255719394, '_a1_': -0.31192970777795564, '_a4_': 1.0371115884066062, '_a2_': 1.0, '_a3_': 1.0, '_a5_': 1.0, '_a6_': 1.0, '_a7_': 1.0}};{'d0': 0.024905832919416712};-280.569866449043;39.43325155577184
15680;-99.5822889035533;(_a0_ * ((x * pow2((_a0_ * (x + (_a7_ * _a7_))))) + (x / _a4_)));{'d0': {'_a0_': 1.5002608253980434, '_a4_': 1.037111588009583, '_a7_': 0.5585066765797083, '_a1_': 1.0, '_a2_': 1.0, '_a3_': 1.0, '_a5_': 1.0, '_a6_': 1.0}};{'d0': 0.024905832919416632};-280.569866449044;40.70264432096845
15681;-99.5822889035533;(_a0_ * ((x * pow2((_a0_ * (x + (_a7_ * _a7_))))) + (x / _a4_)));{'d0': {'_a0_': 1.5002608253980434, '_a4_': 1.037111588009583, '_a7_': 0.5585066765797083, '_a1_': 1.0, '_a2_': 1.0, '_a3_': 1.0, '_a5_': 1.0, '_a6_': 1.0}};{'d0': 0.024905832919416632};-280.569866449044;40.70264432096845
15682;-99.5822889035533;(_a0_ * ((x * pow2((_a0_ * (x + (_a7_ * _a7_))))) + (x / _a4_)));{'d0': {'_a0_': 1.5002608253980434, '_a4_': 1.037111588009583, '_a7_': 0.5585066765797083, '_a1_': 1.0, '_a2_': 1.0, '_a3_': 1.0, '_a5_': 1.0, '_a6_': 1.0}};{'d0': 0.024905832919416632};-280.569866449044;40.70264432096845
15683;-99.5822889035533;(_a0_ * ((x * pow2((_a0_ * (x + (_a7_ * _a7_))))) + (x / _a4_)));{'d0': {'_a0_': 1.5002608253980434, '_a4_': 1.037111588009583, '_a7_': 0.5585066765797083, '_a1_': 1.0, '_a2_': 1.0, '_a3_': 1.0, '_a5_': 1.0, '_a6_': 1.0}};{'d0': 0.024905832919416632};-280.569866449044;40.70264432096845
15684;-99.5822889035533;(_a0_ * ((x * pow2((_a7_ * (x + (_a7_ * _a7_))))) + (x / _a4_)));{'d0': {'_a0_': 10.82539045388671, '_a4_': 7.4834573440208585, '_a7_': 0.5585066765371363, '_a1_': 1.0, '_a2_': 1.0, '_a3_': 1.0, '_a5_': 1.0, '_a6_': 1.0}};{'d0': 0.02490583291941661};-280.569866449044;40.70264432096845
15685;-99.5822889035533;(_a0_ * ((x * pow2((_a7_ * (x + (_a7_ * _a7_))))) + (x / _a4_)));{'d0': {'_a0_': 10.82539045388671, '_a4_': 7.4834573440208585, '_a7_': 0.5585066765371363, '_a1_': 1.0, '_a2_': 1.0, '_a3_': 1.0, '_a5_': 1.0, '_a6_': 1.0}};{'d0': 0.02490583291941661};-280.569866449044;40.70264432096845
15686;-99.5822889035533;(_a0_ * ((x * pow2((_a7_ * (x + (_a7_ * _a7_))))) + (x / _a4_)));{'d0': {'_a0_': 10.82539045388671, '_a4_': 7.4834573440208585, '_a7_': 0.5585066765371363, '_a1_': 1.0, '_a2_': 1.0, '_a3_': 1.0, '_a5_': 1.0, '_a6_': 1.0}};{'d0': 0.02490583291941661};-280.569866449044;40.70264432096845
15687;-98.6110277799803;(_a0_ * ((x * pow2((_a7_ * (x + (_a7_ + _a7_))))) + (x / _a4_)));{'d0': {'_a0_': 138.81833239572057, '_a4_': 95.96338107647077, '_a7_': 0.15596485382890887, '_a1_': 1.0, '_a2_': 1.0, '_a3_': 1.0, '_a5_': 1.0, '_a6_': 1.0}};{'d0': 0.02490583291941668};-280.569866449043;41.673905444541454
15688;-98.6110277799803;(_a0_ * ((x * pow2((_a7_ * (x + (_a7_ + _a7_))))) + (x / _a4_)));{'d0': {'_a0_': 138.81833239572057, '_a4_': 95.96338107647077, '_a7_': 0.15596485382890887, '_a1_': 1.0, '_a2_': 1.0, '_a3_': 1.0, '_a5_': 1.0, '_a6_': 1.0}};{'d0': 0.02490583291941668};-280.569866449043;41.673905444541454
15689;-98.6110277799803;(_a0_ * ((x * pow2((_a7_ * (x + (_a7_ + _a7_))))) + (x / _a4_)));{'d0': {'_a0_': 138.81833239572057, '_a4_': 95.96338107647077, '_a7_': 0.15596485382890887, '_a1_': 1.0, '_a2_': 1.0, '_a3_': 1.0, '_a5_': 1.0, '_a6_': 1.0}};{'d0': 0.02490583291941668};-280.569866449043;41.673905444541454
15690;-98.6110277799803;(_a0_ * ((x * pow2((_a7_ * (x + (_a7_ + _a7_))))) + (x / _a4_)));{'d0': {'_a0_': 138.81833239572057, '_a4_': 95.96338107647077, '_a7_': 0.15596485382890887, '_a1_': 1.0, '_a2_': 1.0, '_a3_': 1.0, '_a5_': 1.0, '_a6_': 1.0}};{'d0': 0.02490583291941668};-280.569866449043;41.673905444541454
15691;-98.6110277799803;(_a0_ * ((x * pow2((_a7_ * (x + (_a7_ + _a7_))))) + (x / _a4_)));{'d0': {'_a0_': 138.81833239572057, '_a4_': 95.96338107647077, '_a7_': 0.15596485382890887, '_a1_': 1.0, '_a2_': 1.0, '_a3_': 1.0, '_a5_': 1.0, '_a6_': 1.0}};{'d0': 0.02490583291941668};-280.569866449043;41.673905444541454
15692;-98.6110277799803;(_a0_ * ((x * pow2((_a7_ * (x + (_a7_ + _a7_))))) + (x / _a4_)));{'d0': {'_a0_': 138.81833239572057, '_a4_': 95.96338107647077, '_a7_': 0.15596485382890887, '_a1_': 1.0, '_a2_': 1.0, '_a3_': 1.0, '_a5_': 1.0, '_a6_': 1.0}};{'d0': 0.02490583291941668};-280.569866449043;41.673905444541454
15693;-98.6110277799803;(_a0_ * ((x * pow2((_a7_ * (x + (_a7_ + _a7_))))) + (x / _a4_)));{'d0': {'_a0_': 138.81833239572057, '_a4_': 95.96338107647077, '_a7_': 0.15596485382890887, '_a1_': 1.0, '_a2_': 1.0, '_a3_': 1.0, '_a5_': 1.0, '_a6_': 1.0}};{'d0': 0.02490583291941668};-280.569866449043;41.673905444541454
15694;-98.6110277799803;(_a0_ * ((x * pow2((_a7_ * (x + (_a7_ + _a7_))))) + (x / _a4_)));{'d0': {'_a0_': 138.81833239572057, '_a4_': 95.96338107647077, '_a7_': 0.15596485382890887, '_a1_': 1.0, '_a2_': 1.0, '_a3_': 1.0, '_a5_': 1.0, '_a6_': 1.0}};{'d0': 0.02490583291941668};-280.569866449043;41.673905444541454
15695;-98.6110277799803;(_a0_ * ((x * pow2((_a7_ * (x + (_a7_ + _a7_))))) + (x / _a4_)));{'d0': {'_a0_': 138.81833239572057, '_a4_': 95.96338107647077, '_a7_': 0.15596485382890887, '_a1_': 1.0, '_a2_': 1.0, '_a3_': 1.0, '_a5_': 1.0, '_a6_': 1.0}};{'d0': 0.02490583291941668};-280.569866449043;41.673905444541454
15696;-104.531628829010;(_a0_ * ((x * pow2((_a7_ * (x + _a7_)))) + (x / _a4_)));{'d0': {'_a0_': 34.70458304702438, '_a4_': 23.990845215131515, '_a7_': 0.31192970775353573, '_a1_': 1.0, '_a2_': 1.0, '_a3_': 1.0, '_a5_': 1.0, '_a6_': 1.0}};{'d0': 0.024905832919416556};-280.569866449044;35.75330439551146
15697;-104.531628829010;(_a0_ * ((x * pow2((_a7_ * (x + _a7_)))) + (x / _a4_)));{'d0': {'_a0_': 34.70458304702438, '_a4_': 23.990845215131515, '_a7_': 0.31192970775353573, '_a1_': 1.0, '_a2_': 1.0, '_a3_': 1.0, '_a5_': 1.0, '_a6_': 1.0}};{'d0': 0.024905832919416556};-280.569866449044;35.75330439551146
15698;-104.531628829010;(_a0_ * ((x * pow2((_a7_ * (x + _a7_)))) + (x / _a4_)));{'d0': {'_a0_': 34.70458304702438, '_a4_': 23.990845215131515, '_a7_': 0.31192970775353573, '_a1_': 1.0, '_a2_': 1.0, '_a3_': 1.0, '_a5_': 1.0, '_a6_': 1.0}};{'d0': 0.024905832919416556};-280.569866449044;35.75330439551146
15699;-104.531628829010;(_a0_ * ((x * pow2((_a7_ * (x + _a7_)))) + (x / _a4_)));{'d0': {'_a0_': 34.70458304702438, '_a4_': 23.990845215131515, '_a7_': 0.31192970775353573, '_a1_': 1.0, '_a2_': 1.0, '_a3_': 1.0, '_a5_': 1.0, '_a6_': 1.0}};{'d0': 0.024905832919416556};-280.569866449044;35.75330439551146
15700;-104.531628829010;(_a0_ * ((x * pow2((_a7_ * (x + _a7_)))) + (x / _a4_)));{'d0': {'_a0_': 34.70458304702438, '_a4_': 23.990845215131515, '_a7_': 0.31192970775353573, '_a1_': 1.0, '_a2_': 1.0, '_a3_': 1.0, '_a5_': 1.0, '_a6_': 1.0}};{'d0': 0.024905832919416556};-280.569866449044;35.75330439551146
15701;-99.1655606943502;(_a0_ * ((x * pow2((_a7_ * (x + _a7_)))) + (x / exp(_a2_))));{'d0': {'_a0_': 34.70458308522707, '_a2_': 3.1776723089491226, '_a7_': 0.31192970760099475, '_a1_': 1.0, '_a3_': 1.0, '_a4_': 1.0, '_a5_': 1.0, '_a6_': 1.0}};{'d0': 0.02490583291941672};-280.569866449043;41.119372530171454
15702;-99.1655606943502;(_a0_ * ((x * pow2((_a7_ * (x + _a7_)))) + (x / exp(_a2_))));{'d0': {'_a0_': 34.70458308522707, '_a2_': 3.1776723089491226, '_a7_': 0.31192970760099475, '_a1_': 1.0, '_a3_': 1.0, '_a4_': 1.0, '_a5_': 1.0, '_a6_': 1.0}};{'d0': 0.02490583291941672};-280.569866449043;41.119372530171454
15703;-90.9969901024839;(((_a3_ * (((x + _a3_) * x) * _a6_)) + (_a7_ * ((_a2_ + x) * _a7_))) * x);{'d0': {'_a2_': 7.293497326974804, '_a3_': 0.5517826428546384, '_a6_': 6.119730151531961, '_a7_': 0.49334169556106383, '_a0_': 1.0, '_a1_': 1.0, '_a4_': 1.0, '_a5_': 1.0}};{'d0': 0.02490583291946706};-276.475521886700;47.240770840866034
15704;-99.1655606943502;(_a0_ * ((x * pow2((_a7_ * (x + _a7_)))) + (x / exp(_a2_))));{'d0': {'_a0_': 34.70458308522707, '_a2_': 3.1776723089491226, '_a7_': 0.31192970760099475, '_a1_': 1.0, '_a3_': 1.0, '_a4_': 1.0, '_a5_': 1.0, '_a6_': 1.0}};{'d0': 0.02490583291941672};-280.569866449043;41.119372530171454
15705;-99.1655606943502;(_a0_ * ((x * pow2((_a7_ * (x + _a7_)))) + (x / exp(_a2_))));{'d0': {'_a0_': 34.70458308522707, '_a2_': 3.1776723089491226, '_a7_': 0.31192970760099475, '_a1_': 1.0, '_a3_': 1.0, '_a4_': 1.0, '_a5_': 1.0, '_a6_': 1.0}};{'d0': 0.02490583291941672};-280.569866449043;41.119372530171454
15706;-99.1655606943502;(_a0_ * ((x * pow2((_a7_ * (x + _a7_)))) + (x / exp(_a2_))));{'d0': {'_a0_': 34.70458308522707, '_a2_': 3.1776723089491226, '_a7_': 0.31192970760099475, '_a1_': 1.0, '_a3_': 1.0, '_a4_': 1.0, '_a5_': 1.0, '_a6_': 1.0}};{'d0': 0.02490583291941672};-280.569866449043;41.119372530171454
15707;-99.1655606943502;(_a0_ * ((x * pow2((_a7_ * (x + _a7_)))) + (x / exp(_a2_))));{'d0': {'_a0_': 34.70458308522707, '_a2_': 3.1776723089491226, '_a7_': 0.31192970760099475, '_a1_': 1.0, '_a3_': 1.0, '_a4_': 1.0, '_a5_': 1.0, '_a6_': 1.0}};{'d0': 0.02490583291941672};-280.569866449043;41.119372530171454
15708;-99.1655606943502;(_a0_ * ((x * pow2((_a7_ * (x + _a7_)))) + (x / exp(_a2_))));{'d0': {'_a0_': 34.70458308522707, '_a2_': 3.1776723089491226, '_a7_': 0.31192970760099475, '_a1_': 1.0, '_a3_': 1.0, '_a4_': 1.0, '_a5_': 1.0, '_a6_': 1.0}};{'d0': 0.02490583291941672};-280.569866449043;41.119372530171454
15709;-92.3718813702757;(((_a3_ * (((x + _a3_) * x) * _a6_)) + (_a7_ * (pow3(_a6_) * _a7_))) * x);{'d0': {'_a3_': 0.6238594155742037, '_a6_': 5.412695223768681, '_a7_': 0.10580236666675298, '_a0_': 1.0, '_a1_': 1.0, '_a2_': 1.0, '_a4_': 1.0, '_a5_': 1.0}};{'d0': 0.024905832919416632};-280.569866449044;47.913051854246035
15710;-92.3718813702757;(((_a3_ * (((x + _a3_) * x) * _a6_)) + (_a7_ * (pow3(_a6_) * _a7_))) * x);{'d0': {'_a3_': 0.6238594155742037, '_a6_': 5.412695223768681, '_a7_': 0.10580236666675298, '_a0_': 1.0, '_a1_': 1.0, '_a2_': 1.0, '_a4_': 1.0, '_a5_': 1.0}};{'d0': 0.024905832919416632};-280.569866449044;47.913051854246035
15711;-92.3718813702757;(((_a3_ * (((x + _a3_) * x) * _a6_)) + (_a7_ * (pow3(_a6_) * _a7_))) * x);{'d0': {'_a3_': 0.6238594155742037, '_a6_': 5.412695223768681, '_a7_': 0.10580236666675298, '_a0_': 1.0, '_a1_': 1.0, '_a2_': 1.0, '_a4_': 1.0, '_a5_': 1.0}};{'d0': 0.024905832919416632};-280.569866449044;47.913051854246035
15712;-92.3718813702757;(((_a3_ * (((x + _a3_) * x) * _a6_)) + (_a7_ * (pow3(_a6_) * _a7_))) * x);{'d0': {'_a3_': 0.6238594155742037, '_a6_': 5.412695223768681, '_a7_': 0.10580236666675298, '_a0_': 1.0, '_a1_': 1.0, '_a2_': 1.0, '_a4_': 1.0, '_a5_': 1.0}};{'d0': 0.024905832919416632};-280.569866449044;47.913051854246035
15713;-94.2162207688934;(_a0_ * ((x * pow2((_a7_ * (x + _a7_)))) + (x / exp((_a4_ * _a7_)))));{'d0': {'_a0_': 34.7045830643347, '_a4_': 10.187142265050205, '_a7_': 0.3119297076806904, '_a1_': 1.0, '_a2_': 1.0, '_a3_': 1.0, '_a5_': 1.0, '_a6_': 1.0}};{'d0': 0.0249058329194166};-280.569866449044;46.06871245562846
15714;-94.2162207688934;(_a0_ * ((x * pow2((_a7_ * (x + _a7_)))) + (x / exp((_a4_ * _a7_)))));{'d0': {'_a0_': 34.7045830643347, '_a4_': 10.187142265050205, '_a7_': 0.3119297076806904, '_a1_': 1.0, '_a2_': 1.0, '_a3_': 1.0, '_a5_': 1.0, '_a6_': 1.0}};{'d0': 0.0249058329194166};-280.569866449044;46.06871245562846
15715;-94.2162207688934;(_a0_ * ((x * pow2((_a7_ * (x + _a7_)))) + (x / exp((_a4_ * _a7_)))));{'d0': {'_a0_': 34.7045830643347, '_a4_': 10.187142265050205, '_a7_': 0.3119297076806904, '_a1_': 1.0, '_a2_': 1.0, '_a3_': 1.0, '_a5_': 1.0, '_a6_': 1.0}};{'d0': 0.0249058329194166};-280.569866449044;46.06871245562846
15716;-94.2162207688934;(_a0_ * ((x * pow2((_a7_ * (x + _a7_)))) + (x / exp((_a4_ * _a7_)))));{'d0': {'_a0_': 34.7045830643347, '_a4_': 10.187142265050205, '_a7_': 0.3119297076806904, '_a1_': 1.0, '_a2_': 1.0, '_a3_': 1.0, '_a5_': 1.0, '_a6_': 1.0}};{'d0': 0.0249058329194166};-280.569866449044;46.06871245562846
15717;-94.2162207688934;(_a0_ * ((x * pow2((_a7_ * (x + _a7_)))) + (x / exp((_a4_ * _a7_)))));{'d0': {'_a0_': 34.7045830643347, '_a4_': 10.187142265050205, '_a7_': 0.3119297076806904, '_a1_': 1.0, '_a2_': 1.0, '_a3_': 1.0, '_a5_': 1.0, '_a6_': 1.0}};{'d0': 0.0249058329194166};-280.569866449044;46.06871245562846
15718;-94.2162207688934;(_a0_ * ((x * pow2((_a7_ * (x + _a7_)))) + (x / exp((_a4_ * _a7_)))));{'d0': {'_a0_': 34.7045830643347, '_a4_': 10.187142265050205, '_a7_': 0.3119297076806904, '_a1_': 1.0, '_a2_': 1.0, '_a3_': 1.0, '_a5_': 1.0, '_a6_': 1.0}};{'d0': 0.0249058329194166};-280.569866449044;46.06871245562846
15719;-94.2162207688934;(_a0_ * ((x * pow2((_a7_ * (x + _a7_)))) + (x / exp((_a4_ * _a7_)))));{'d0': {'_a0_': 34.7045830643347, '_a4_': 10.187142265050205, '_a7_': 0.3119297076806904, '_a1_': 1.0, '_a2_': 1.0, '_a3_': 1.0, '_a5_': 1.0, '_a6_': 1.0}};{'d0': 0.0249058329194166};-280.569866449044;46.06871245562846
15720;-94.2162207688934;(_a0_ * ((x * pow2((_a7_ * (x + _a7_)))) + (x / exp((_a4_ * _a7_)))));{'d0': {'_a0_': 34.7045830643347, '_a4_': 10.187142265050205, '_a7_': 0.3119297076806904, '_a1_': 1.0, '_a2_': 1.0, '_a3_': 1.0, '_a5_': 1.0, '_a6_': 1.0}};{'d0': 0.0249058329194166};-280.569866449044;46.06871245562846
15721;-94.2162207688934;(_a0_ * ((x * pow2((_a7_ * (x + _a7_)))) + (x / exp((_a4_ * _a7_)))));{'d0': {'_a0_': 34.7045830643347, '_a4_': 10.187142265050205, '_a7_': 0.3119297076806904, '_a1_': 1.0, '_a2_': 1.0, '_a3_': 1.0, '_a5_': 1.0, '_a6_': 1.0}};{'d0': 0.0249058329194166};-280.569866449044;46.06871245562846
15722;-94.2162207688934;(_a0_ * ((x * pow2((_a7_ * (x + _a7_)))) + (x / exp((_a4_ * _a7_)))));{'d0': {'_a0_': 34.7045830643347, '_a4_': 10.187142265050205, '_a7_': 0.3119297076806904, '_a1_': 1.0, '_a2_': 1.0, '_a3_': 1.0, '_a5_': 1.0, '_a6_': 1.0}};{'d0': 0.0249058329194166};-280.569866449044;46.06871245562846
15723;-94.2162207688934;(_a0_ * ((x * pow2((_a7_ * (x + _a7_)))) + (x / exp((_a4_ * _a7_)))));{'d0': {'_a0_': 34.7045830643347, '_a4_': 10.187142265050205, '_a7_': 0.3119297076806904, '_a1_': 1.0, '_a2_': 1.0, '_a3_': 1.0, '_a5_': 1.0, '_a6_': 1.0}};{'d0': 0.0249058329194166};-280.569866449044;46.06871245562846
15724;-94.2162207688934;(_a0_ * ((x * pow2((_a7_ * (x + _a7_)))) + (x / exp((_a4_ * _a7_)))));{'d0': {'_a0_': 34.7045830643347, '_a4_': 10.187142265050205, '_a7_': 0.3119297076806904, '_a1_': 1.0, '_a2_': 1.0, '_a3_': 1.0, '_a5_': 1.0, '_a6_': 1.0}};{'d0': 0.0249058329194166};-280.569866449044;46.06871245562846
15725;-94.2162207688934;(_a0_ * ((x * pow2((_a7_ * (x + _a7_)))) + (x / exp((_a4_ * _a7_)))));{'d0': {'_a0_': 34.7045830643347, '_a4_': 10.187142265050205, '_a7_': 0.3119297076806904, '_a1_': 1.0, '_a2_': 1.0, '_a3_': 1.0, '_a5_': 1.0, '_a6_': 1.0}};{'d0': 0.0249058329194166};-280.569866449044;46.06871245562846
15726;-94.2162207688934;(_a0_ * ((x * pow2((_a7_ * (x + _a7_)))) + (x / exp((_a4_ * _a7_)))));{'d0': {'_a0_': 34.7045830643347, '_a4_': 10.187142265050205, '_a7_': 0.3119297076806904, '_a1_': 1.0, '_a2_': 1.0, '_a3_': 1.0, '_a5_': 1.0, '_a6_': 1.0}};{'d0': 0.0249058329194166};-280.569866449044;46.06871245562846
15727;-94.2162207688934;(_a0_ * ((x * pow2((_a7_ * (x + _a7_)))) + (x / exp((_a4_ * _a7_)))));{'d0': {'_a0_': 34.7045830643347, '_a4_': 10.187142265050205, '_a7_': 0.3119297076806904, '_a1_': 1.0, '_a2_': 1.0, '_a3_': 1.0, '_a5_': 1.0, '_a6_': 1.0}};{'d0': 0.0249058329194166};-280.569866449044;46.06871245562846
15728;-94.2162207688934;(_a0_ * ((x * pow2((_a7_ * (x + _a7_)))) + (x / exp((_a4_ * _a7_)))));{'d0': {'_a0_': 34.7045830643347, '_a4_': 10.187142265050205, '_a7_': 0.3119297076806904, '_a1_': 1.0, '_a2_': 1.0, '_a3_': 1.0, '_a5_': 1.0, '_a6_': 1.0}};{'d0': 0.0249058329194166};-280.569866449044;46.06871245562846
15729;-90.3247090621304;(((_a2_ * (((x + _a3_) * x) * _a6_)) + (_a2_ * (pow3(_a6_) * _a7_))) * x);{'d0': {'_a2_': 1.980098786200357, '_a3_': 0.6238594154927254, '_a6_': 1.7053494341073765, '_a7_': 0.1807607816695453, '_a0_': 1.0, '_a1_': 1.0, '_a4_': 1.0, '_a5_': 1.0}};{'d0': 0.024905832941860336};-276.475521832753;47.913051854246035
15730;-90.3247090621304;(((_a2_ * (((x + _a3_) * x) * _a6_)) + (_a2_ * (pow3(_a6_) * _a7_))) * x);{'d0': {'_a2_': 1.980098786200357, '_a3_': 0.6238594154927254, '_a6_': 1.7053494341073765, '_a7_': 0.1807607816695453, '_a0_': 1.0, '_a1_': 1.0, '_a4_': 1.0, '_a5_': 1.0}};{'d0': 0.024905832941860336};-276.475521832753;47.913051854246035
15731;-90.3247090621304;(((_a2_ * (((x + _a3_) * x) * _a6_)) + (_a2_ * (pow3(_a6_) * _a7_))) * x);{'d0': {'_a2_': 1.980098786200357, '_a3_': 0.6238594154927254, '_a6_': 1.7053494341073765, '_a7_': 0.1807607816695453, '_a0_': 1.0, '_a1_': 1.0, '_a4_': 1.0, '_a5_': 1.0}};{'d0': 0.024905832941860336};-276.475521832753;47.913051854246035
15732;-90.3247090621304;(((_a2_ * (((x + _a3_) * x) * _a6_)) + (_a2_ * (pow3(_a6_) * _a7_))) * x);{'d0': {'_a2_': 1.980098786200357, '_a3_': 0.6238594154927254, '_a6_': 1.7053494341073765, '_a7_': 0.1807607816695453, '_a0_': 1.0, '_a1_': 1.0, '_a4_': 1.0, '_a5_': 1.0}};{'d0': 0.024905832941860336};-276.475521832753;47.913051854246035
15733;-90.3247090621304;(((_a2_ * (((x + _a3_) * x) * _a6_)) + (_a2_ * (pow3(_a6_) * _a7_))) * x);{'d0': {'_a2_': 1.980098786200357, '_a3_': 0.6238594154927254, '_a6_': 1.7053494341073765, '_a7_': 0.1807607816695453, '_a0_': 1.0, '_a1_': 1.0, '_a4_': 1.0, '_a5_': 1.0}};{'d0': 0.024905832941860336};-276.475521832753;47.913051854246035
15734;-104.604801144311;((((pow2((-(x) + _a4_)) + _a6_) * _a7_) * x) * _a1_);{'d0': {'_a1_': 1.7695506836255344, '_a4_': -0.31192970785600854, '_a6_': 0.4283916278751414, '_a7_': 1.908258343023675, '_a0_': 1.0, '_a2_': 1.0, '_a3_': 1.0, '_a5_': 1.0}};{'d0': 0.024905832927494837};-276.475521867360;33.63295978936933
15735;-104.604801144311;((((pow2((-(x) + _a4_)) + _a6_) * _a7_) * x) * _a1_);{'d0': {'_a1_': 1.7695506836255344, '_a4_': -0.31192970785600854, '_a6_': 0.4283916278751414, '_a7_': 1.908258343023675, '_a0_': 1.0, '_a2_': 1.0, '_a3_': 1.0, '_a5_': 1.0}};{'d0': 0.024905832927494837};-276.475521867360;33.63295978936933
15736;-104.604801144311;((((pow2((-(x) + _a4_)) + _a6_) * _a7_) * x) * _a1_);{'d0': {'_a1_': 1.7695506836255344, '_a4_': -0.31192970785600854, '_a6_': 0.4283916278751414, '_a7_': 1.908258343023675, '_a0_': 1.0, '_a2_': 1.0, '_a3_': 1.0, '_a5_': 1.0}};{'d0': 0.024905832927494837};-276.475521867360;33.63295978936933
15737;-104.604801144311;((((pow2((-(x) + _a4_)) + _a6_) * _a7_) * x) * _a1_);{'d0': {'_a1_': 1.7695506836255344, '_a4_': -0.31192970785600854, '_a6_': 0.4283916278751414, '_a7_': 1.908258343023675, '_a0_': 1.0, '_a2_': 1.0, '_a3_': 1.0, '_a5_': 1.0}};{'d0': 0.024905832927494837};-276.475521867360;33.63295978936933
15738;-97.6082889377429;((((pow2((-((_a3_ * x)) + _a4_)) + _a6_) * _a7_) * x) * _a1_);{'d0': {'_a1_': 1.7695506836255344, '_a3_': 1.0, '_a4_': -0.31192970785600854, '_a6_': 0.4283916278751414, '_a7_': 1.908258343023675, '_a0_': 1.0, '_a2_': 1.0, '_a5_': 1.0}};{'d0': 0.024905832927494837};-272.381177305138;38.582299714826334
15739;-104.604801144311;((((pow2((-(x) + _a4_)) + _a6_) * _a7_) * x) * _a1_);{'d0': {'_a1_': 1.7695506836255344, '_a4_': -0.31192970785600854, '_a6_': 0.4283916278751414, '_a7_': 1.908258343023675, '_a0_': 1.0, '_a2_': 1.0, '_a3_': 1.0, '_a5_': 1.0}};{'d0': 0.024905832927494837};-276.475521867360;33.63295978936934
15740;-104.604801144311;((((pow2((-(x) + _a4_)) + _a6_) * _a7_) * x) * _a1_);{'d0': {'_a1_': 1.7695506836255344, '_a4_': -0.31192970785600854, '_a6_': 0.4283916278751414, '_a7_': 1.908258343023675, '_a0_': 1.0, '_a2_': 1.0, '_a3_': 1.0, '_a5_': 1.0}};{'d0': 0.024905832927494837};-276.475521867360;33.63295978936934
15741;-104.604801144311;((((pow2((-(x) + _a4_)) + _a6_) * _a7_) * x) * _a1_);{'d0': {'_a1_': 1.7695506836255344, '_a4_': -0.31192970785600854, '_a6_': 0.4283916278751414, '_a7_': 1.908258343023675, '_a0_': 1.0, '_a2_': 1.0, '_a3_': 1.0, '_a5_': 1.0}};{'d0': 0.024905832927494837};-276.475521867360;33.63295978936934
15742;-104.604801144311;((((pow2((-(x) + _a4_)) + _a6_) * _a7_) * x) * _a1_);{'d0': {'_a1_': 1.7695506836255344, '_a4_': -0.31192970785600854, '_a6_': 0.4283916278751414, '_a7_': 1.908258343023675, '_a0_': 1.0, '_a2_': 1.0, '_a3_': 1.0, '_a5_': 1.0}};{'d0': 0.024905832927494837};-276.475521867360;33.63295978936934
15743;-104.604801144311;((((pow2((-(x) + _a4_)) + _a6_) * _a7_) * x) * _a1_);{'d0': {'_a1_': 1.7695506836255344, '_a4_': -0.31192970785600854, '_a6_': 0.4283916278751414, '_a7_': 1.908258343023675, '_a0_': 1.0, '_a2_': 1.0, '_a3_': 1.0, '_a5_': 1.0}};{'d0': 0.024905832927494837};-276.475521867360;33.63295978936934
15744;-104.604801144311;((((pow2((-(x) + _a4_)) + _a6_) * _a7_) * x) * _a1_);{'d0': {'_a1_': 1.7695506836255344, '_a4_': -0.31192970785600854, '_a6_': 0.4283916278751414, '_a7_': 1.908258343023675, '_a0_': 1.0, '_a2_': 1.0, '_a3_': 1.0, '_a5_': 1.0}};{'d0': 0.024905832927494837};-276.475521867360;33.63295978936934
15745;-104.604801144311;((((pow2((-(x) + _a4_)) + _a6_) * _a7_) * x) * _a1_);{'d0': {'_a1_': 1.7695506836255344, '_a4_': -0.31192970785600854, '_a6_': 0.4283916278751414, '_a7_': 1.908258343023675, '_a0_': 1.0, '_a2_': 1.0, '_a3_': 1.0, '_a5_': 1.0}};{'d0': 0.024905832927494837};-276.475521867360;33.63295978936934
15746;-104.604801144311;((((pow2((-(x) + _a4_)) + _a6_) * _a7_) * x) * _a1_);{'d0': {'_a1_': 1.7695506836255344, '_a4_': -0.31192970785600854, '_a6_': 0.4283916278751414, '_a7_': 1.908258343023675, '_a0_': 1.0, '_a2_': 1.0, '_a3_': 1.0, '_a5_': 1.0}};{'d0': 0.024905832927494837};-276.475521867360;33.63295978936934
15747;-104.604801144311;((((pow2((-(x) + _a4_)) + _a6_) * _a7_) * x) * _a1_);{'d0': {'_a1_': 1.7695506836255344, '_a4_': -0.31192970785600854, '_a6_': 0.4283916278751414, '_a7_': 1.908258343023675, '_a0_': 1.0, '_a2_': 1.0, '_a3_': 1.0, '_a5_': 1.0}};{'d0': 0.024905832927494837};-276.475521867360;33.63295978936934
15748;-104.604801144311;((((pow2((-(x) + _a4_)) + _a6_) * _a7_) * x) * _a1_);{'d0': {'_a1_': 1.7695506836255344, '_a4_': -0.31192970785600854, '_a6_': 0.4283916278751414, '_a7_': 1.908258343023675, '_a0_': 1.0, '_a2_': 1.0, '_a3_': 1.0, '_a5_': 1.0}};{'d0': 0.024905832927494837};-276.475521867360;33.63295978936934
15749;-104.604801144311;((((pow2((-(x) + _a4_)) + _a6_) * _a7_) * x) * _a1_);{'d0': {'_a1_': 1.7695506836255344, '_a4_': -0.31192970785600854, '_a6_': 0.4283916278751414, '_a7_': 1.908258343023675, '_a0_': 1.0, '_a2_': 1.0, '_a3_': 1.0, '_a5_': 1.0}};{'d0': 0.024905832927494837};-276.475521867360;33.63295978936934
15750;-104.604801144311;((((pow2((-(x) + _a4_)) + _a6_) * _a7_) * x) * _a1_);{'d0': {'_a1_': 1.7695506836255344, '_a4_': -0.31192970785600854, '_a6_': 0.4283916278751414, '_a7_': 1.908258343023675, '_a0_': 1.0, '_a2_': 1.0, '_a3_': 1.0, '_a5_': 1.0}};{'d0': 0.024905832927494837};-276.475521867360;33.63295978936934
15751;-104.604801144311;((((pow2((-(x) + _a4_)) + _a6_) * _a7_) * x) * _a1_);{'d0': {'_a1_': 1.7695506836255344, '_a4_': -0.31192970785600854, '_a6_': 0.4283916278751414, '_a7_': 1.908258343023675, '_a0_': 1.0, '_a2_': 1.0, '_a3_': 1.0, '_a5_': 1.0}};{'d0': 0.024905832927494837};-276.475521867360;33.63295978936934
15752;-104.604801144311;((((pow2((-(x) + _a4_)) + _a6_) * _a7_) * x) * _a1_);{'d0': {'_a1_': 1.7695506836255344, '_a4_': -0.31192970785600854, '_a6_': 0.4283916278751414, '_a7_': 1.908258343023675, '_a0_': 1.0, '_a2_': 1.0, '_a3_': 1.0, '_a5_': 1.0}};{'d0': 0.024905832927494837};-276.475521867360;33.63295978936934
15753;-104.604801144311;((((pow2((-(x) + _a4_)) + _a6_) * _a7_) * x) * _a1_);{'d0': {'_a1_': 1.7695506836255344, '_a4_': -0.31192970785600854, '_a6_': 0.4283916278751414, '_a7_': 1.908258343023675, '_a0_': 1.0, '_a2_': 1.0, '_a3_': 1.0, '_a5_': 1.0}};{'d0': 0.024905832927494837};-276.475521867360;33.63295978936934
15754;-104.604801144311;((((pow2((-(x) + _a4_)) + _a6_) * _a7_) * x) * _a1_);{'d0': {'_a1_': 1.7695506836255344, '_a4_': -0.31192970785600854, '_a6_': 0.4283916278751414, '_a7_': 1.908258343023675, '_a0_': 1.0, '_a2_': 1.0, '_a3_': 1.0, '_a5_': 1.0}};{'d0': 0.024905832927494837};-276.475521867360;33.63295978936934
15755;-104.604801144311;((((pow2((-(x) + _a4_)) + _a6_) * _a7_) * x) * _a1_);{'d0': {'_a1_': 1.7695506836255344, '_a4_': -0.31192970785600854, '_a6_': 0.4283916278751414, '_a7_': 1.908258343023675, '_a0_': 1.0, '_a2_': 1.0, '_a3_': 1.0, '_a5_': 1.0}};{'d0': 0.024905832927494837};-276.475521867360;33.63295978936934
15756;-104.604801144311;((((pow2((-(x) + _a4_)) + _a6_) * _a7_) * x) * _a1_);{'d0': {'_a1_': 1.7695506836255344, '_a4_': -0.31192970785600854, '_a6_': 0.4283916278751414, '_a7_': 1.908258343023675, '_a0_': 1.0, '_a2_': 1.0, '_a3_': 1.0, '_a5_': 1.0}};{'d0': 0.024905832927494837};-276.475521867360;33.63295978936934
15757;-104.604801144311;((((pow2((-(x) + _a4_)) + _a6_) * _a7_) * x) * _a1_);{'d0': {'_a1_': 1.7695506836255344, '_a4_': -0.31192970785600854, '_a6_': 0.4283916278751414, '_a7_': 1.908258343023675, '_a0_': 1.0, '_a2_': 1.0, '_a3_': 1.0, '_a5_': 1.0}};{'d0': 0.024905832927494837};-276.475521867360;33.63295978936934
15758;-96.0910445987129;(((_a6_ * (((x + _a3_) * x) * _a3_)) + (_a2_ * (_a2_ + _a7_))) * x);{'d0': {'_a2_': 0.1518077177266839, '_a3_': 0.6238594156731145, '_a6_': 5.412695220979726, '_a7_': 11.541504771323714, '_a0_': 1.0, '_a1_': 1.0, '_a4_': 1.0, '_a5_': 1.0}};{'d0': 0.024905832921021203};-276.475521882956;42.14671634276504
15759;-96.0910445987129;(((_a6_ * (((x + _a3_) * x) * _a3_)) + (_a2_ * (_a2_ + _a7_))) * x);{'d0': {'_a2_': 0.1518077177266839, '_a3_': 0.6238594156731145, '_a6_': 5.412695220979726, '_a7_': 11.541504771323714, '_a0_': 1.0, '_a1_': 1.0, '_a4_': 1.0, '_a5_': 1.0}};{'d0': 0.024905832921021203};-276.475521882956;42.14671634276504
15760;-96.0910445987129;(((_a6_ * (((x + _a3_) * x) * _a3_)) + (_a2_ * (_a2_ + _a7_))) * x);{'d0': {'_a2_': 0.1518077177266839, '_a3_': 0.6238594156731145, '_a6_': 5.412695220979726, '_a7_': 11.541504771323714, '_a0_': 1.0, '_a1_': 1.0, '_a4_': 1.0, '_a5_': 1.0}};{'d0': 0.024905832921021203};-276.475521882956;42.14671634276504
15761;-96.0910445987129;(((_a6_ * (((x + _a3_) * x) * _a3_)) + (_a2_ * (_a2_ + _a7_))) * x);{'d0': {'_a2_': 0.1518077177266839, '_a3_': 0.6238594156731145, '_a6_': 5.412695220979726, '_a7_': 11.541504771323714, '_a0_': 1.0, '_a1_': 1.0, '_a4_': 1.0, '_a5_': 1.0}};{'d0': 0.024905832921021203};-276.475521882956;42.14671634276504
15762;-96.0910445987129;(((_a6_ * (((x + _a3_) * x) * _a3_)) + (_a2_ * (_a2_ + _a7_))) * x);{'d0': {'_a2_': 0.1518077177266839, '_a3_': 0.6238594156731145, '_a6_': 5.412695220979726, '_a7_': 11.541504771323714, '_a0_': 1.0, '_a1_': 1.0, '_a4_': 1.0, '_a5_': 1.0}};{'d0': 0.024905832921021203};-276.475521882956;42.14671634276504
15763;-98.1382168817567;(((_a7_ * (((x + _a3_) * x) * _a3_)) + (_a2_ * (_a2_ + _a7_))) * x);{'d0': {'_a2_': 0.31018231504648003, '_a3_': 0.6238594154427527, '_a7_': 5.412695224518321, '_a0_': 1.0, '_a1_': 1.0, '_a4_': 1.0, '_a5_': 1.0, '_a6_': 1.0}};{'d0': 0.024905832919416643};-280.569866449044;42.14671634276504
15764;-98.1382168817567;(((_a7_ * (((x + _a3_) * x) * _a3_)) + (_a2_ * (_a2_ + _a7_))) * x);{'d0': {'_a2_': 0.31018231504648003, '_a3_': 0.6238594154427527, '_a7_': 5.412695224518321, '_a0_': 1.0, '_a1_': 1.0, '_a4_': 1.0, '_a5_': 1.0, '_a6_': 1.0}};{'d0': 0.024905832919416643};-280.569866449044;42.14671634276504
15765;-98.1382168817567;(((_a7_ * (((x + _a3_) * x) * _a3_)) + (_a2_ * (_a2_ + _a7_))) * x);{'d0': {'_a2_': 0.31018231504648003, '_a3_': 0.6238594154427527, '_a7_': 5.412695224518321, '_a0_': 1.0, '_a1_': 1.0, '_a4_': 1.0, '_a5_': 1.0, '_a6_': 1.0}};{'d0': 0.024905832919416643};-280.569866449044;42.14671634276504
15766;-98.1382168817567;(((_a7_ * (((x + _a3_) * x) * _a3_)) + (_a2_ * (_a2_ + _a7_))) * x);{'d0': {'_a2_': 0.31018231504648003, '_a3_': 0.6238594154427527, '_a7_': 5.412695224518321, '_a0_': 1.0, '_a1_': 1.0, '_a4_': 1.0, '_a5_': 1.0, '_a6_': 1.0}};{'d0': 0.024905832919416643};-280.569866449044;42.14671634276504
15767;-98.1382168817567;(((_a7_ * (((x + _a3_) * x) * _a3_)) + (_a2_ * (_a2_ + _a7_))) * x);{'d0': {'_a2_': 0.31018231504648003, '_a3_': 0.6238594154427527, '_a7_': 5.412695224518321, '_a0_': 1.0, '_a1_': 1.0, '_a4_': 1.0, '_a5_': 1.0, '_a6_': 1.0}};{'d0': 0.024905832919416643};-280.569866449044;42.14671634276504
15768;-98.1382168817567;(((_a7_ * (((x + _a3_) * x) * _a3_)) + (_a2_ * (_a2_ + _a7_))) * x);{'d0': {'_a2_': 0.31018231504648003, '_a3_': 0.6238594154427527, '_a7_': 5.412695224518321, '_a0_': 1.0, '_a1_': 1.0, '_a4_': 1.0, '_a5_': 1.0, '_a6_': 1.0}};{'d0': 0.024905832919416643};-280.569866449044;42.14671634276504
15769;-98.1382168817567;(((_a7_ * (((x + _a3_) * x) * _a3_)) + (_a2_ * (_a2_ + _a7_))) * x);{'d0': {'_a2_': 0.31018231504648003, '_a3_': 0.6238594154427527, '_a7_': 5.412695224518321, '_a0_': 1.0, '_a1_': 1.0, '_a4_': 1.0, '_a5_': 1.0, '_a6_': 1.0}};{'d0': 0.024905832919416643};-280.569866449044;42.14671634276504
15770;-98.1382168817567;(((_a7_ * (((x + _a3_) * x) * _a3_)) + (_a2_ * (_a2_ + _a7_))) * x);{'d0': {'_a2_': 0.31018231504648003, '_a3_': 0.6238594154427527, '_a7_': 5.412695224518321, '_a0_': 1.0, '_a1_': 1.0, '_a4_': 1.0, '_a5_': 1.0, '_a6_': 1.0}};{'d0': 0.024905832919416643};-280.569866449044;42.14671634276504
15771;-98.1382168817567;(((_a7_ * (((x + _a3_) * x) * _a3_)) + (_a2_ * (_a2_ + _a7_))) * x);{'d0': {'_a2_': 0.31018231504648003, '_a3_': 0.6238594154427527, '_a7_': 5.412695224518321, '_a0_': 1.0, '_a1_': 1.0, '_a4_': 1.0, '_a5_': 1.0, '_a6_': 1.0}};{'d0': 0.024905832919416643};-280.569866449044;42.14671634276504
15772;-98.1382168817567;(((_a7_ * (((x + _a3_) * x) * _a3_)) + (_a2_ * (_a2_ + _a7_))) * x);{'d0': {'_a2_': 0.31018231504648003, '_a3_': 0.6238594154427527, '_a7_': 5.412695224518321, '_a0_': 1.0, '_a1_': 1.0, '_a4_': 1.0, '_a5_': 1.0, '_a6_': 1.0}};{'d0': 0.024905832919416643};-280.569866449044;42.14671634276504
15773;-98.1382168817567;(((_a7_ * (((x + _a3_) * x) * _a3_)) + (_a2_ * (_a2_ + _a7_))) * x);{'d0': {'_a2_': 0.31018231504648003, '_a3_': 0.6238594154427527, '_a7_': 5.412695224518321, '_a0_': 1.0, '_a1_': 1.0, '_a4_': 1.0, '_a5_': 1.0, '_a6_': 1.0}};{'d0': 0.024905832919416643};-280.569866449044;42.14671634276504
15774;-98.1382168817567;(((_a7_ * (((x + _a3_) * x) * _a3_)) + (_a2_ * (_a2_ + _a7_))) * x);{'d0': {'_a2_': 0.31018231504648003, '_a3_': 0.6238594154427527, '_a7_': 5.412695224518321, '_a0_': 1.0, '_a1_': 1.0, '_a4_': 1.0, '_a5_': 1.0, '_a6_': 1.0}};{'d0': 0.024905832919416643};-280.569866449044;42.14671634276504
15775;-98.1382168817567;(((_a7_ * (((x + _a3_) * x) * _a3_)) + (_a2_ * (_a2_ + _a7_))) * x);{'d0': {'_a2_': 0.31018231504648003, '_a3_': 0.6238594154427527, '_a7_': 5.412695224518321, '_a0_': 1.0, '_a1_': 1.0, '_a4_': 1.0, '_a5_': 1.0, '_a6_': 1.0}};{'d0': 0.024905832919416643};-280.569866449044;42.14671634276504
15776;-98.1382168817567;(((_a7_ * (((x + _a3_) * x) * _a3_)) + (_a2_ * (_a2_ + _a7_))) * x);{'d0': {'_a2_': 0.31018231504648003, '_a3_': 0.6238594154427527, '_a7_': 5.412695224518321, '_a0_': 1.0, '_a1_': 1.0, '_a4_': 1.0, '_a5_': 1.0, '_a6_': 1.0}};{'d0': 0.024905832919416643};-280.569866449044;42.14671634276504
15777;-98.1382168817567;(((_a7_ * (((x + _a3_) * x) * _a3_)) + (_a2_ * (_a2_ + _a7_))) * x);{'d0': {'_a2_': 0.31018231504648003, '_a3_': 0.6238594154427527, '_a7_': 5.412695224518321, '_a0_': 1.0, '_a1_': 1.0, '_a4_': 1.0, '_a5_': 1.0, '_a6_': 1.0}};{'d0': 0.024905832919416643};-280.569866449044;42.14671634276504
15778;-98.1382168817567;(((_a7_ * (((x + _a3_) * x) * _a3_)) + (_a2_ * (_a2_ + _a7_))) * x);{'d0': {'_a2_': 0.31018231504648003, '_a3_': 0.6238594154427527, '_a7_': 5.412695224518321, '_a0_': 1.0, '_a1_': 1.0, '_a4_': 1.0, '_a5_': 1.0, '_a6_': 1.0}};{'d0': 0.024905832919416643};-280.569866449044;42.14671634276504
15779;-98.1382168817567;(((_a7_ * (((x + _a3_) * x) * _a3_)) + (_a2_ * (_a2_ + _a7_))) * x);{'d0': {'_a2_': 0.31018231504648003, '_a3_': 0.6238594154427527, '_a7_': 5.412695224518321, '_a0_': 1.0, '_a1_': 1.0, '_a4_': 1.0, '_a5_': 1.0, '_a6_': 1.0}};{'d0': 0.024905832919416643};-280.569866449044;42.14671634276504
15780;-98.1382168817567;(((_a7_ * (((x + _a3_) * x) * _a3_)) + (_a2_ * (_a2_ + _a7_))) * x);{'d0': {'_a2_': 0.31018231504648003, '_a3_': 0.6238594154427527, '_a7_': 5.412695224518321, '_a0_': 1.0, '_a1_': 1.0, '_a4_': 1.0, '_a5_': 1.0, '_a6_': 1.0}};{'d0': 0.024905832919416643};-280.569866449044;42.14671634276504
15781;-98.1382168817567;(((_a7_ * (((x + _a3_) * x) * _a3_)) + (_a2_ * (_a2_ + _a7_))) * x);{'d0': {'_a2_': 0.31018231504648003, '_a3_': 0.6238594154427527, '_a7_': 5.412695224518321, '_a0_': 1.0, '_a1_': 1.0, '_a4_': 1.0, '_a5_': 1.0, '_a6_': 1.0}};{'d0': 0.024905832919416643};-280.569866449044;42.14671634276504
15782;-98.1382168817567;(((_a7_ * (((x + _a3_) * x) * _a3_)) + (_a2_ * (_a2_ + _a7_))) * x);{'d0': {'_a2_': 0.31018231504648003, '_a3_': 0.6238594154427527, '_a7_': 5.412695224518321, '_a0_': 1.0, '_a1_': 1.0, '_a4_': 1.0, '_a5_': 1.0, '_a6_': 1.0}};{'d0': 0.024905832919416643};-280.569866449044;42.14671634276504
15783;-98.1382168817567;(((_a7_ * (((x + _a3_) * x) * _a3_)) + (_a2_ * (_a2_ + _a7_))) * x);{'d0': {'_a2_': 0.31018231504648003, '_a3_': 0.6238594154427527, '_a7_': 5.412695224518321, '_a0_': 1.0, '_a1_': 1.0, '_a4_': 1.0, '_a5_': 1.0, '_a6_': 1.0}};{'d0': 0.024905832919416643};-280.569866449044;42.14671634276504
15784;-70.8116199201920;(((((((_a2_ / (_a3_ * _a3_)) / _a6_) * pow2(((x + _a4_) / _a2_))) + _a2_) * (_a0_ * x)) * _a1_) + _a2_);{'d0': {'_a0_': 0.9992769294529579, '_a1_': -1412.7486505372924, '_a2_': -0.0010234285536844636, '_a3_': 3.216460238255573, '_a4_': 0.31227532942172553, '_a6_': 39418.12975358377, '_a5_': 1.0, '_a7_': 1.0}};{'d0': 0.024885482563604105};-268.335878320017;63.35631923981664
15785;-70.8116199201920;(((((((_a2_ / (_a3_ * _a3_)) / _a6_) * pow2(((x + _a4_) / _a2_))) + _a2_) * (_a0_ * x)) * _a1_) + _a2_);{'d0': {'_a0_': 0.9992769294529579, '_a1_': -1412.7486505372924, '_a2_': -0.0010234285536844636, '_a3_': 3.216460238255573, '_a4_': 0.31227532942172553, '_a6_': 39418.12975358377, '_a5_': 1.0, '_a7_': 1.0}};{'d0': 0.024885482563604105};-268.335878320017;63.35631923981664
15786;-70.8116199201920;(((((((_a2_ / (_a3_ * _a3_)) / _a6_) * pow2(((x + _a4_) / _a2_))) + _a2_) * (_a0_ * x)) * _a1_) + _a2_);{'d0': {'_a0_': 0.9992769294529579, '_a1_': -1412.7486505372924, '_a2_': -0.0010234285536844636, '_a3_': 3.216460238255573, '_a4_': 0.31227532942172553, '_a6_': 39418.12975358377, '_a5_': 1.0, '_a7_': 1.0}};{'d0': 0.024885482563604105};-268.335878320017;63.35631923981664
15787;-70.8116199201920;(((((((_a2_ / (_a3_ * _a3_)) / _a6_) * pow2(((x + _a4_) / _a2_))) + _a2_) * (_a0_ * x)) * _a1_) + _a2_);{'d0': {'_a0_': 0.9992769294529579, '_a1_': -1412.7486505372924, '_a2_': -0.0010234285536844636, '_a3_': 3.216460238255573, '_a4_': 0.31227532942172553, '_a6_': 39418.12975358377, '_a5_': 1.0, '_a7_': 1.0}};{'d0': 0.024885482563604105};-268.335878320017;63.35631923981664
15788;-70.8116199201920;(((((((_a2_ / (_a3_ * _a3_)) / _a6_) * pow2(((x + _a4_) / _a2_))) + _a2_) * (_a0_ * x)) * _a1_) + _a2_);{'d0': {'_a0_': 0.9992769294529579, '_a1_': -1412.7486505372924, '_a2_': -0.0010234285536844636, '_a3_': 3.216460238255573, '_a4_': 0.31227532942172553, '_a6_': 39418.12975358377, '_a5_': 1.0, '_a7_': 1.0}};{'d0': 0.024885482563604105};-268.335878320017;63.35631923981664
15789;-70.8116199201920;(((((((_a2_ / (_a3_ * _a3_)) / _a6_) * pow2(((x + _a4_) / _a2_))) + _a2_) * (_a0_ * x)) * _a1_) + _a2_);{'d0': {'_a0_': 0.9992769294529579, '_a1_': -1412.7486505372924, '_a2_': -0.0010234285536844636, '_a3_': 3.216460238255573, '_a4_': 0.31227532942172553, '_a6_': 39418.12975358377, '_a5_': 1.0, '_a7_': 1.0}};{'d0': 0.024885482563604105};-268.335878320017;63.35631923981664
15790;-70.8116199201920;(((((((_a2_ / (_a3_ * _a3_)) / _a6_) * pow2(((x + _a4_) / _a2_))) + _a2_) * (_a0_ * x)) * _a1_) + _a2_);{'d0': {'_a0_': 0.9992769294529579, '_a1_': -1412.7486505372924, '_a2_': -0.0010234285536844636, '_a3_': 3.216460238255573, '_a4_': 0.31227532942172553, '_a6_': 39418.12975358377, '_a5_': 1.0, '_a7_': 1.0}};{'d0': 0.024885482563604105};-268.335878320017;63.35631923981664
15791;-70.8116199201920;(((((((_a2_ / (_a3_ * _a3_)) / _a6_) * pow2(((x + _a4_) / _a2_))) + _a2_) * (_a0_ * x)) * _a1_) + _a2_);{'d0': {'_a0_': 0.9992769294529579, '_a1_': -1412.7486505372924, '_a2_': -0.0010234285536844636, '_a3_': 3.216460238255573, '_a4_': 0.31227532942172553, '_a6_': 39418.12975358377, '_a5_': 1.0, '_a7_': 1.0}};{'d0': 0.024885482563604105};-268.335878320017;63.35631923981664
15792;-69.9127161478304;(((((((_a2_ / (_a3_ * _a3_)) / _a6_) * pow2(((x + _a4_) / _a2_))) + _a2_) * (_a0_ + x)) * _a1_) + _a2_);{'d0': {'_a0_': -6.0901219400424686e-05, '_a1_': -1577.2413349370347, '_a2_': -0.0009160723627459002, '_a3_': 3.720584736646829, '_a4_': 0.3123060260178775, '_a6_': 36771.01174591189, '_a5_': 1.0, '_a7_': 1.0}};{'d0': 0.0248854825097773};-268.335878449796;64.25522307706764
15793;-69.9127161478304;(((((((_a2_ / (_a3_ * _a3_)) / _a6_) * pow2(((x + _a4_) / _a2_))) + _a2_) * (_a0_ + x)) * _a1_) + _a2_);{'d0': {'_a0_': -6.0901219400424686e-05, '_a1_': -1577.2413349370347, '_a2_': -0.0009160723627459002, '_a3_': 3.720584736646829, '_a4_': 0.3123060260178775, '_a6_': 36771.01174591189, '_a5_': 1.0, '_a7_': 1.0}};{'d0': 0.0248854825097773};-268.335878449796;64.25522307706764
15794;-67.8655438755601;(((((((_a2_ / (_a3_ * _a5_)) / _a6_) * pow2(((x + _a4_) / _a2_))) + _a2_) * (_a0_ + x)) * _a1_) + _a2_);{'d0': {'_a0_': -0.00032310971964953926, '_a1_': -3207.460193820547, '_a2_': -0.00045055750122155225, '_a3_': 8.419221332988652, '_a4_': 0.3124371396083865, '_a5_': 2.6649050227518485, '_a6_': 93803.09970902708, '_a7_': 1.0}};{'d0': 0.02488548250244374};-264.241533905255;64.25522307706764
15795;-67.8655438755601;(((((((_a2_ / (_a3_ * _a5_)) / _a6_) * pow2(((x + _a4_) / _a2_))) + _a2_) * (_a0_ + x)) * _a1_) + _a2_);{'d0': {'_a0_': -0.00032310971964953926, '_a1_': -3207.460193820547, '_a2_': -0.00045055750122155225, '_a3_': 8.419221332988652, '_a4_': 0.3124371396083865, '_a5_': 2.6649050227518485, '_a6_': 93803.09970902708, '_a7_': 1.0}};{'d0': 0.02488548250244374};-264.241533905255;64.25522307706764
15796;-67.8655438755601;(((((((_a2_ / (_a3_ * _a5_)) / _a6_) * pow2(((x + _a4_) / _a2_))) + _a2_) * (_a0_ + x)) * _a1_) + _a2_);{'d0': {'_a0_': -0.00032310971964953926, '_a1_': -3207.460193820547, '_a2_': -0.00045055750122155225, '_a3_': 8.419221332988652, '_a4_': 0.3124371396083865, '_a5_': 2.6649050227518485, '_a6_': 93803.09970902708, '_a7_': 1.0}};{'d0': 0.02488548250244374};-264.241533905255;64.25522307706764
15797;-67.8655438755601;(((((((_a2_ / (_a3_ * _a5_)) / _a6_) * pow2(((x + _a4_) / _a2_))) + _a2_) * (_a0_ + x)) * _a1_) + _a2_);{'d0': {'_a0_': -0.00032310971964953926, '_a1_': -3207.460193820547, '_a2_': -0.00045055750122155225, '_a3_': 8.419221332988652, '_a4_': 0.3124371396083865, '_a5_': 2.6649050227518485, '_a6_': 93803.09970902708, '_a7_': 1.0}};{'d0': 0.02488548250244374};-264.241533905255;64.25522307706764
15798;-67.8655438755601;(((((((_a2_ / (_a3_ * _a5_)) / _a6_) * pow2(((x + _a4_) / _a2_))) + _a2_) * (_a0_ + x)) * _a1_) + _a2_);{'d0': {'_a0_': -0.00032310971964953926, '_a1_': -3207.460193820547, '_a2_': -0.00045055750122155225, '_a3_': 8.419221332988652, '_a4_': 0.3124371396083865, '_a5_': 2.6649050227518485, '_a6_': 93803.09970902708, '_a7_': 1.0}};{'d0': 0.02488548250244374};-264.241533905255;64.25522307706764
15799;-67.8655438755601;(((((((_a2_ / (_a3_ * _a5_)) / _a6_) * pow2(((x + _a4_) / _a2_))) + _a2_) * (_a0_ + x)) * _a1_) + _a2_);{'d0': {'_a0_': -0.00032310971964953926, '_a1_': -3207.460193820547, '_a2_': -0.00045055750122155225, '_a3_': 8.419221332988652, '_a4_': 0.3124371396083865, '_a5_': 2.6649050227518485, '_a6_': 93803.09970902708, '_a7_': 1.0}};{'d0': 0.02488548250244374};-264.241533905255;64.25522307706764
15800;-67.8655438755601;(((((((_a2_ / (_a3_ * _a5_)) / _a6_) * pow2(((x + _a4_) / _a2_))) + _a2_) * (_a0_ + x)) * _a1_) + _a2_);{'d0': {'_a0_': -0.00032310971964953926, '_a1_': -3207.460193820547, '_a2_': -0.00045055750122155225, '_a3_': 8.419221332988652, '_a4_': 0.3124371396083865, '_a5_': 2.6649050227518485, '_a6_': 93803.09970902708, '_a7_': 1.0}};{'d0': 0.02488548250244374};-264.241533905255;64.25522307706764
15801;-67.8655438755601;(((((((_a2_ / (_a3_ * _a5_)) / _a6_) * pow2(((x + _a4_) / _a2_))) + _a2_) * (_a0_ + x)) * _a1_) + _a2_);{'d0': {'_a0_': -0.00032310971964953926, '_a1_': -3207.460193820547, '_a2_': -0.00045055750122155225, '_a3_': 8.419221332988652, '_a4_': 0.3124371396083865, '_a5_': 2.6649050227518485, '_a6_': 93803.09970902708, '_a7_': 1.0}};{'d0': 0.02488548250244374};-264.241533905255;64.25522307706764
15802;-67.8655438755601;(((((((_a2_ / (_a3_ * _a5_)) / _a6_) * pow2(((x + _a4_) / _a2_))) + _a2_) * (_a0_ + x)) * _a1_) + _a2_);{'d0': {'_a0_': -0.00032310971964953926, '_a1_': -3207.460193820547, '_a2_': -0.00045055750122155225, '_a3_': 8.419221332988652, '_a4_': 0.3124371396083865, '_a5_': 2.6649050227518485, '_a6_': 93803.09970902708, '_a7_': 1.0}};{'d0': 0.02488548250244374};-264.241533905255;64.25522307706764
15803;-67.8655438755601;(((((((_a2_ / (_a3_ * _a5_)) / _a6_) * pow2(((x + _a4_) / _a2_))) + _a2_) * (_a0_ + x)) * _a1_) + _a2_);{'d0': {'_a0_': -0.00032310971964953926, '_a1_': -3207.460193820547, '_a2_': -0.00045055750122155225, '_a3_': 8.419221332988652, '_a4_': 0.3124371396083865, '_a5_': 2.6649050227518485, '_a6_': 93803.09970902708, '_a7_': 1.0}};{'d0': 0.02488548250244374};-264.241533905255;64.25522307706764
15804;-67.8655438755601;(((((((_a2_ / (_a3_ * _a5_)) / _a6_) * pow2(((x + _a4_) / _a2_))) + _a2_) * (_a0_ + x)) * _a1_) + _a2_);{'d0': {'_a0_': -0.00032310971964953926, '_a1_': -3207.460193820547, '_a2_': -0.00045055750122155225, '_a3_': 8.419221332988652, '_a4_': 0.3124371396083865, '_a5_': 2.6649050227518485, '_a6_': 93803.09970902708, '_a7_': 1.0}};{'d0': 0.02488548250244374};-264.241533905255;64.25522307706764
15805;-67.8655438755601;(((((((_a2_ / (_a3_ * _a5_)) / _a6_) * pow2(((x + _a4_) / _a2_))) + _a2_) * (_a0_ + x)) * _a1_) + _a2_);{'d0': {'_a0_': -0.00032310971964953926, '_a1_': -3207.460193820547, '_a2_': -0.00045055750122155225, '_a3_': 8.419221332988652, '_a4_': 0.3124371396083865, '_a5_': 2.6649050227518485, '_a6_': 93803.09970902708, '_a7_': 1.0}};{'d0': 0.02488548250244374};-264.241533905255;64.25522307706764
15806;-67.8655438755601;(((((((_a2_ / (_a3_ * _a5_)) / _a6_) * pow2(((x + _a4_) / _a2_))) + _a2_) * (_a0_ + x)) * _a1_) + _a2_);{'d0': {'_a0_': -0.00032310971964953926, '_a1_': -3207.460193820547, '_a2_': -0.00045055750122155225, '_a3_': 8.419221332988652, '_a4_': 0.3124371396083865, '_a5_': 2.6649050227518485, '_a6_': 93803.09970902708, '_a7_': 1.0}};{'d0': 0.02488548250244374};-264.241533905255;64.25522307706764
15807;-76.9092283638087;(((((((_a2_ / _a6_) / _a6_) * pow2(((x + _a4_) / _a2_))) + _a2_) * (_a0_ + x)) * _a1_) + _a2_);{'d0': {'_a0_': -0.0005663987813209654, '_a1_': -79034.21117214178, '_a2_': -1.8288321715250314e-05, '_a4_': 0.3125587646967077, '_a6_': 35743.787686934724, '_a3_': 1.0, '_a5_': 1.0, '_a7_': 1.0}};{'d0': 0.024885482501971302};-272.430223030839;59.305883151610644
15808;-76.9092283638087;(((((((_a2_ / _a6_) / _a6_) * pow2(((x + _a4_) / _a2_))) + _a2_) * (_a0_ + x)) * _a1_) + _a2_);{'d0': {'_a0_': -0.0005663987813209654, '_a1_': -79034.21117214178, '_a2_': -1.8288321715250314e-05, '_a4_': 0.3125587646967077, '_a6_': 35743.787686934724, '_a3_': 1.0, '_a5_': 1.0, '_a7_': 1.0}};{'d0': 0.024885482501971302};-272.430223030839;59.305883151610644
15809;-76.9092283638087;(((((((_a2_ / _a6_) / _a6_) * pow2(((x + _a4_) / _a2_))) + _a2_) * (_a0_ + x)) * _a1_) + _a2_);{'d0': {'_a0_': -0.0005663987813209654, '_a1_': -79034.21117214178, '_a2_': -1.8288321715250314e-05, '_a4_': 0.3125587646967077, '_a6_': 35743.787686934724, '_a3_': 1.0, '_a5_': 1.0, '_a7_': 1.0}};{'d0': 0.024885482501971302};-272.430223030839;59.305883151610644
15810;-76.9092283638087;(((((((_a2_ / _a6_) / _a6_) * pow2(((x + _a4_) / _a2_))) + _a2_) * (_a0_ + x)) * _a1_) + _a2_);{'d0': {'_a0_': -0.0005663987813209654, '_a1_': -79034.21117214178, '_a2_': -1.8288321715250314e-05, '_a4_': 0.3125587646967077, '_a6_': 35743.787686934724, '_a3_': 1.0, '_a5_': 1.0, '_a7_': 1.0}};{'d0': 0.024885482501971302};-272.430223030839;59.305883151610644
15811;-76.9092283638087;(((((((_a2_ / _a6_) / _a6_) * pow2(((x + _a4_) / _a2_))) + _a2_) * (_a0_ + x)) * _a1_) + _a2_);{'d0': {'_a0_': -0.0005663987813209654, '_a1_': -79034.21117214178, '_a2_': -1.8288321715250314e-05, '_a4_': 0.3125587646967077, '_a6_': 35743.787686934724, '_a3_': 1.0, '_a5_': 1.0, '_a7_': 1.0}};{'d0': 0.024885482501971302};-272.430223030839;59.305883151610644
15812;-76.9092283630498;(((((((_a2_ / _a6_) / _a6_) * pow2(((x + _a4_) / _a2_))) + _a2_) * (_a7_ + x)) * _a1_) + _a2_);{'d0': {'_a1_': -69060.51727838459, '_a2_': -2.0929485790439324e-05, '_a4_': 0.31255807250880413, '_a6_': 31233.129115727395, '_a7_': -0.0005649590355379577, '_a0_': 1.0, '_a3_': 1.0, '_a5_': 1.0}};{'d0': 0.0248854825026009};-272.430223029321;59.305883151610644
15813;-76.9092283630498;(((((((_a2_ / _a6_) / _a6_) * pow2(((x + _a4_) / _a2_))) + _a2_) * (_a7_ + x)) * _a1_) + _a2_);{'d0': {'_a1_': -69060.51727838459, '_a2_': -2.0929485790439324e-05, '_a4_': 0.31255807250880413, '_a6_': 31233.129115727395, '_a7_': -0.0005649590355379577, '_a0_': 1.0, '_a3_': 1.0, '_a5_': 1.0}};{'d0': 0.0248854825026009};-272.430223029321;59.305883151610644
15814;-76.9092283630498;(((((((_a2_ / _a6_) / _a6_) * pow2(((x + _a4_) / _a2_))) + _a2_) * (_a7_ + x)) * _a1_) + _a2_);{'d0': {'_a1_': -69060.51727838459, '_a2_': -2.0929485790439324e-05, '_a4_': 0.31255807250880413, '_a6_': 31233.129115727395, '_a7_': -0.0005649590355379577, '_a0_': 1.0, '_a3_': 1.0, '_a5_': 1.0}};{'d0': 0.0248854825026009};-272.430223029321;59.305883151610644
15815;-76.9092283630498;(((((((_a2_ / _a6_) / _a6_) * pow2(((x + _a4_) / _a2_))) + _a2_) * (_a7_ + x)) * _a1_) + _a2_);{'d0': {'_a1_': -69060.51727838459, '_a2_': -2.0929485790439324e-05, '_a4_': 0.31255807250880413, '_a6_': 31233.129115727395, '_a7_': -0.0005649590355379577, '_a0_': 1.0, '_a3_': 1.0, '_a5_': 1.0}};{'d0': 0.0248854825026009};-272.430223029321;59.305883151610644
15816;-76.9092283630498;(((((((_a2_ / _a6_) / _a6_) * pow2(((x + _a4_) / _a2_))) + _a2_) * (_a7_ + x)) * _a1_) + _a2_);{'d0': {'_a1_': -69060.51727838459, '_a2_': -2.0929485790439324e-05, '_a4_': 0.31255807250880413, '_a6_': 31233.129115727395, '_a7_': -0.0005649590355379577, '_a0_': 1.0, '_a3_': 1.0, '_a5_': 1.0}};{'d0': 0.0248854825026009};-272.430223029321;59.305883151610644
15817;-76.9092283630498;(((((((_a2_ / _a6_) / _a6_) * pow2(((x + _a4_) / _a2_))) + _a2_) * (_a7_ + x)) * _a1_) + _a2_);{'d0': {'_a1_': -69060.51727838459, '_a2_': -2.0929485790439324e-05, '_a4_': 0.31255807250880413, '_a6_': 31233.129115727395, '_a7_': -0.0005649590355379577, '_a0_': 1.0, '_a3_': 1.0, '_a5_': 1.0}};{'d0': 0.0248854825026009};-272.430223029321;59.305883151610644
15818;-76.9092283630498;(((((((_a2_ / _a6_) / _a6_) * pow2(((x + _a4_) / _a2_))) + _a2_) * (_a7_ + x)) * _a1_) + _a2_);{'d0': {'_a1_': -69060.51727838459, '_a2_': -2.0929485790439324e-05, '_a4_': 0.31255807250880413, '_a6_': 31233.129115727395, '_a7_': -0.0005649590355379577, '_a0_': 1.0, '_a3_': 1.0, '_a5_': 1.0}};{'d0': 0.0248854825026009};-272.430223029321;59.305883151610644
15819;-76.9092283630498;(((((((_a2_ / _a6_) / _a6_) * pow2(((x + _a4_) / _a2_))) + _a2_) * (_a7_ + x)) * _a1_) + _a2_);{'d0': {'_a1_': -69060.51727838459, '_a2_': -2.0929485790439324e-05, '_a4_': 0.31255807250880413, '_a6_': 31233.129115727395, '_a7_': -0.0005649590355379577, '_a0_': 1.0, '_a3_': 1.0, '_a5_': 1.0}};{'d0': 0.0248854825026009};-272.430223029321;59.305883151610644
15820;-76.9092283630498;(((((((_a2_ / _a6_) / _a6_) * pow2(((x + _a4_) / _a2_))) + _a2_) * (_a7_ + x)) * _a1_) + _a2_);{'d0': {'_a1_': -69060.51727838459, '_a2_': -2.0929485790439324e-05, '_a4_': 0.31255807250880413, '_a6_': 31233.129115727395, '_a7_': -0.0005649590355379577, '_a0_': 1.0, '_a3_': 1.0, '_a5_': 1.0}};{'d0': 0.0248854825026009};-272.430223029321;59.305883151610644
15821;-76.9092283630498;(((((((_a2_ / _a6_) / _a6_) * pow2(((x + _a4_) / _a2_))) + _a2_) * (_a7_ + x)) * _a1_) + _a2_);{'d0': {'_a1_': -69060.51727838459, '_a2_': -2.0929485790439324e-05, '_a4_': 0.31255807250880413, '_a6_': 31233.129115727395, '_a7_': -0.0005649590355379577, '_a0_': 1.0, '_a3_': 1.0, '_a5_': 1.0}};{'d0': 0.0248854825026009};-272.430223029321;59.305883151610644
15822;-73.2292811997331;-((((((((_a2_ / _a6_) / _a6_) * pow2(((x + _a4_) / _a2_))) + _a2_) * (_a7_ + x)) * _a1_) + _a2_));{'d0': {'_a1_': -91669.18417732883, '_a2_': 1.576760834075924e-05, '_a4_': 0.31255949732641714, '_a6_': 41458.02243427597, '_a7_': -0.0005678385889405772, '_a0_': 1.0, '_a3_': 1.0, '_a5_': 1.0}};{'d0': 0.02488548250513613};-272.430223023208;62.985830311871034
15823;-73.2292811997331;-((((((((_a2_ / _a6_) / _a6_) * pow2(((x + _a4_) / _a2_))) + _a2_) * (_a7_ + x)) * _a1_) + _a2_));{'d0': {'_a1_': -91669.18417732883, '_a2_': 1.576760834075924e-05, '_a4_': 0.31255949732641714, '_a6_': 41458.02243427597, '_a7_': -0.0005678385889405772, '_a0_': 1.0, '_a3_': 1.0, '_a5_': 1.0}};{'d0': 0.02488548250513613};-272.430223023208;62.985830311871034
15824;-73.2292811997331;-((((((((_a2_ / _a6_) / _a6_) * pow2(((x + _a4_) / _a2_))) + _a2_) * (_a7_ + x)) * _a1_) + _a2_));{'d0': {'_a1_': -91669.18417732883, '_a2_': 1.576760834075924e-05, '_a4_': 0.31255949732641714, '_a6_': 41458.02243427597, '_a7_': -0.0005678385889405772, '_a0_': 1.0, '_a3_': 1.0, '_a5_': 1.0}};{'d0': 0.02488548250513613};-272.430223023208;62.985830311871034
15825;-73.2292811997331;-((((((((_a2_ / _a6_) / _a6_) * pow2(((x + _a4_) / _a2_))) + _a2_) * (_a7_ + x)) * _a1_) + _a2_));{'d0': {'_a1_': -91669.18417732883, '_a2_': 1.576760834075924e-05, '_a4_': 0.31255949732641714, '_a6_': 41458.02243427597, '_a7_': -0.0005678385889405772, '_a0_': 1.0, '_a3_': 1.0, '_a5_': 1.0}};{'d0': 0.02488548250513613};-272.430223023208;62.985830311871034
15826;-73.2292811997331;-((((((((_a2_ / _a6_) / _a6_) * pow2(((x + _a4_) / _a2_))) + _a2_) * (_a7_ + x)) * _a1_) + _a2_));{'d0': {'_a1_': -91669.18417732883, '_a2_': 1.576760834075924e-05, '_a4_': 0.31255949732641714, '_a6_': 41458.02243427597, '_a7_': -0.0005678385889405772, '_a0_': 1.0, '_a3_': 1.0, '_a5_': 1.0}};{'d0': 0.02488548250513613};-272.430223023208;62.985830311871034
15827;-73.2292811997331;-((((((((_a2_ / _a6_) / _a6_) * pow2(((x + _a4_) / _a2_))) + _a2_) * (_a7_ + x)) * _a1_) + _a2_));{'d0': {'_a1_': -91669.18417732883, '_a2_': 1.576760834075924e-05, '_a4_': 0.31255949732641714, '_a6_': 41458.02243427597, '_a7_': -0.0005678385889405772, '_a0_': 1.0, '_a3_': 1.0, '_a5_': 1.0}};{'d0': 0.02488548250513613};-272.430223023208;62.985830311871034
15828;-73.2292811997331;-((((((((_a2_ / _a6_) / _a6_) * pow2(((x + _a4_) / _a2_))) + _a2_) * (_a7_ + x)) * _a1_) + _a2_));{'d0': {'_a1_': -91669.18417732883, '_a2_': 1.576760834075924e-05, '_a4_': 0.31255949732641714, '_a6_': 41458.02243427597, '_a7_': -0.0005678385889405772, '_a0_': 1.0, '_a3_': 1.0, '_a5_': 1.0}};{'d0': 0.02488548250513613};-272.430223023208;62.985830311871034
15829;-73.2292811997331;-((((((((_a2_ / _a6_) / _a6_) * pow2(((x + _a4_) / _a2_))) + _a2_) * (_a7_ + x)) * _a1_) + _a2_));{'d0': {'_a1_': -91669.18417732883, '_a2_': 1.576760834075924e-05, '_a4_': 0.31255949732641714, '_a6_': 41458.02243427597, '_a7_': -0.0005678385889405772, '_a0_': 1.0, '_a3_': 1.0, '_a5_': 1.0}};{'d0': 0.02488548250513613};-272.430223023208;62.985830311871034
15830;-73.2292811997331;-((((((((_a2_ / _a6_) / _a6_) * pow2(((x + _a4_) / _a2_))) + _a2_) * (_a7_ + x)) * _a1_) + _a2_));{'d0': {'_a1_': -91669.18417732883, '_a2_': 1.576760834075924e-05, '_a4_': 0.31255949732641714, '_a6_': 41458.02243427597, '_a7_': -0.0005678385889405772, '_a0_': 1.0, '_a3_': 1.0, '_a5_': 1.0}};{'d0': 0.02488548250513613};-272.430223023208;62.985830311871034
15831;-73.2292811997331;-((((((((_a2_ / _a6_) / _a6_) * pow2(((x + _a4_) / _a2_))) + _a2_) * (_a7_ + x)) * _a1_) + _a2_));{'d0': {'_a1_': -91669.18417732883, '_a2_': 1.576760834075924e-05, '_a4_': 0.31255949732641714, '_a6_': 41458.02243427597, '_a7_': -0.0005678385889405772, '_a0_': 1.0, '_a3_': 1.0, '_a5_': 1.0}};{'d0': 0.02488548250513613};-272.430223023208;62.985830311871034
15832;-76.9092283630498;(((((((_a2_ / _a6_) / _a6_) * pow2(((x + _a4_) / _a2_))) + _a2_) * (_a7_ + x)) * _a1_) + _a2_);{'d0': {'_a1_': -69060.51727838459, '_a2_': -2.0929485790439324e-05, '_a4_': 0.31255807250880413, '_a6_': 31233.129115727395, '_a7_': -0.0005649590355379577, '_a0_': 1.0, '_a3_': 1.0, '_a5_': 1.0}};{'d0': 0.0248854825026009};-272.430223029321;59.305883151610644
15833;-76.9092283630498;(((((((_a2_ / _a6_) / _a6_) * pow2(((x + _a4_) / _a2_))) + _a2_) * (_a7_ + x)) * _a1_) + _a2_);{'d0': {'_a1_': -69060.51727838459, '_a2_': -2.0929485790439324e-05, '_a4_': 0.31255807250880413, '_a6_': 31233.129115727395, '_a7_': -0.0005649590355379577, '_a0_': 1.0, '_a3_': 1.0, '_a5_': 1.0}};{'d0': 0.0248854825026009};-272.430223029321;59.305883151610644
15834;-105.728664307885;((((pow2((-(x) + _a2_)) + _a1_) * _a7_) * x) / _a1_);{'d0': {'_a1_': 0.42839162764211464, '_a2_': -0.31192970773554257, '_a7_': 1.4465760890732853, '_a0_': 1.0, '_a3_': 1.0, '_a4_': 1.0, '_a5_': 1.0, '_a6_': 1.0}};{'d0': 0.024905832919416542};-280.569866449044;34.556268916636725
15835;-105.728664307885;((((pow2((-(x) + _a2_)) + _a1_) * _a7_) * x) / _a1_);{'d0': {'_a1_': 0.42839162764211464, '_a2_': -0.31192970773554257, '_a7_': 1.4465760890732853, '_a0_': 1.0, '_a3_': 1.0, '_a4_': 1.0, '_a5_': 1.0, '_a6_': 1.0}};{'d0': 0.024905832919416542};-280.569866449044;34.556268916636725
15836;-105.728664307885;((((pow2((-(x) + _a2_)) + _a1_) * _a7_) * x) / _a1_);{'d0': {'_a1_': 0.42839162764211464, '_a2_': -0.31192970773554257, '_a7_': 1.4465760890732853, '_a0_': 1.0, '_a3_': 1.0, '_a4_': 1.0, '_a5_': 1.0, '_a6_': 1.0}};{'d0': 0.024905832919416542};-280.569866449044;34.556268916636725
15837;-105.728664307885;((((pow2((-(x) + _a2_)) + _a1_) * _a7_) * x) / _a1_);{'d0': {'_a1_': 0.42839162764211464, '_a2_': -0.31192970773554257, '_a7_': 1.4465760890732853, '_a0_': 1.0, '_a3_': 1.0, '_a4_': 1.0, '_a5_': 1.0, '_a6_': 1.0}};{'d0': 0.024905832919416542};-280.569866449044;34.556268916636725
15838;-105.728664307885;((((pow2((-(x) + _a2_)) + _a1_) * _a7_) * x) / _a1_);{'d0': {'_a1_': 0.42839162764211464, '_a2_': -0.31192970773554257, '_a7_': 1.4465760890732853, '_a0_': 1.0, '_a3_': 1.0, '_a4_': 1.0, '_a5_': 1.0, '_a6_': 1.0}};{'d0': 0.024905832919416542};-280.569866449044;34.556268916636725
15839;-105.728664307885;((((pow2((-(x) + _a2_)) + _a1_) * _a7_) * x) / _a1_);{'d0': {'_a1_': 0.42839162764211464, '_a2_': -0.31192970773554257, '_a7_': 1.4465760890732853, '_a0_': 1.0, '_a3_': 1.0, '_a4_': 1.0, '_a5_': 1.0, '_a6_': 1.0}};{'d0': 0.024905832919416542};-280.569866449044;34.556268916636725
15840;-105.728664307885;((((pow2((-(x) + _a2_)) + _a1_) * _a7_) * x) / _a1_);{'d0': {'_a1_': 0.42839162764211464, '_a2_': -0.31192970773554257, '_a7_': 1.4465760890732853, '_a0_': 1.0, '_a3_': 1.0, '_a4_': 1.0, '_a5_': 1.0, '_a6_': 1.0}};{'d0': 0.024905832919416542};-280.569866449044;34.556268916636725
15841;-105.728664307885;((((pow2((-(x) + _a2_)) + _a1_) * _a7_) * x) / _a1_);{'d0': {'_a1_': 0.42839162764211464, '_a2_': -0.31192970773554257, '_a7_': 1.4465760890732853, '_a0_': 1.0, '_a3_': 1.0, '_a4_': 1.0, '_a5_': 1.0, '_a6_': 1.0}};{'d0': 0.024905832919416542};-280.569866449044;34.556268916636725
15842;-105.728664307885;((((pow2((-(x) + _a2_)) + _a1_) * _a7_) * x) / _a1_);{'d0': {'_a1_': 0.42839162764211464, '_a2_': -0.31192970773554257, '_a7_': 1.4465760890732853, '_a0_': 1.0, '_a3_': 1.0, '_a4_': 1.0, '_a5_': 1.0, '_a6_': 1.0}};{'d0': 0.024905832919416542};-280.569866449044;34.556268916636725
15843;-105.728664307885;((((pow2((-(x) + _a2_)) + _a1_) * _a7_) * x) / _a1_);{'d0': {'_a1_': 0.42839162764211464, '_a2_': -0.31192970773554257, '_a7_': 1.4465760890732853, '_a0_': 1.0, '_a3_': 1.0, '_a4_': 1.0, '_a5_': 1.0, '_a6_': 1.0}};{'d0': 0.024905832919416542};-280.569866449044;34.556268916636725
15844;-105.728664307885;((((pow2((-(x) + _a2_)) + _a1_) * _a7_) * x) / _a1_);{'d0': {'_a1_': 0.42839162764211464, '_a2_': -0.31192970773554257, '_a7_': 1.4465760890732853, '_a0_': 1.0, '_a3_': 1.0, '_a4_': 1.0, '_a5_': 1.0, '_a6_': 1.0}};{'d0': 0.024905832919416542};-280.569866449044;34.556268916636725
15845;-105.728664307885;((((pow2((-(x) + _a2_)) + _a1_) * _a7_) * x) / _a1_);{'d0': {'_a1_': 0.42839162764211464, '_a2_': -0.31192970773554257, '_a7_': 1.4465760890732853, '_a0_': 1.0, '_a3_': 1.0, '_a4_': 1.0, '_a5_': 1.0, '_a6_': 1.0}};{'d0': 0.024905832919416542};-280.569866449044;34.556268916636725
15846;-105.728664307885;((((pow2((-(x) + _a2_)) + _a1_) * _a7_) * x) / _a1_);{'d0': {'_a1_': 0.42839162764211464, '_a2_': -0.31192970773554257, '_a7_': 1.4465760890732853, '_a0_': 1.0, '_a3_': 1.0, '_a4_': 1.0, '_a5_': 1.0, '_a6_': 1.0}};{'d0': 0.024905832919416542};-280.569866449044;34.556268916636725
15847;-105.728664307885;((((pow2((-(x) + _a2_)) + _a1_) * _a7_) * x) / _a1_);{'d0': {'_a1_': 0.42839162764211464, '_a2_': -0.31192970773554257, '_a7_': 1.4465760890732853, '_a0_': 1.0, '_a3_': 1.0, '_a4_': 1.0, '_a5_': 1.0, '_a6_': 1.0}};{'d0': 0.024905832919416542};-280.569866449044;34.556268916636725
15848;-105.728664307885;((((pow2((-(x) + _a2_)) + _a1_) * _a7_) * x) / _a1_);{'d0': {'_a1_': 0.42839162764211464, '_a2_': -0.31192970773554257, '_a7_': 1.4465760890732853, '_a0_': 1.0, '_a3_': 1.0, '_a4_': 1.0, '_a5_': 1.0, '_a6_': 1.0}};{'d0': 0.024905832919416542};-280.569866449044;34.556268916636725
15849;-105.728664307885;((((pow2((-(x) + _a2_)) + _a1_) * _a7_) * x) / _a1_);{'d0': {'_a1_': 0.42839162764211464, '_a2_': -0.31192970773554257, '_a7_': 1.4465760890732853, '_a0_': 1.0, '_a3_': 1.0, '_a4_': 1.0, '_a5_': 1.0, '_a6_': 1.0}};{'d0': 0.024905832919416542};-280.569866449044;34.556268916636725
15850;-105.728664307885;((((pow2((-(x) + _a2_)) + _a1_) * _a7_) * x) / _a1_);{'d0': {'_a1_': 0.42839162764211464, '_a2_': -0.31192970773554257, '_a7_': 1.4465760890732853, '_a0_': 1.0, '_a3_': 1.0, '_a4_': 1.0, '_a5_': 1.0, '_a6_': 1.0}};{'d0': 0.024905832919416542};-280.569866449044;34.556268916636725
15851;-105.728664307885;((((pow2((-(x) + _a2_)) + _a1_) * _a7_) * x) / _a1_);{'d0': {'_a1_': 0.42839162764211464, '_a2_': -0.31192970773554257, '_a7_': 1.4465760890732853, '_a0_': 1.0, '_a3_': 1.0, '_a4_': 1.0, '_a5_': 1.0, '_a6_': 1.0}};{'d0': 0.024905832919416542};-280.569866449044;34.556268916636725
15852;-80.0746961763595;((((((-(_a1_) / _a6_) * pow2(((x * _a4_) / _a2_))) + _a2_) * (_a7_ + x)) * _a1_) + _a2_);{'d0': {'_a1_': -1.5996716575063281, '_a2_': -1.1093862706275994, '_a4_': -8.597102665384346, '_a6_': -45.43181658496939, '_a7_': 0.624551167793788, '_a0_': 1.0, '_a3_': 1.0, '_a5_': 1.0}};{'d0': 0.024885482502513656};-272.430223029531;56.14041533840603
15853;-105.728664307885;((((pow2((-(x) + _a2_)) + _a1_) * _a7_) * x) / _a1_);{'d0': {'_a1_': 0.42839162764211464, '_a2_': -0.31192970773554257, '_a7_': 1.4465760890732853, '_a0_': 1.0, '_a3_': 1.0, '_a4_': 1.0, '_a5_': 1.0, '_a6_': 1.0}};{'d0': 0.024905832919416542};-280.569866449044;34.556268916636725
15854;-105.728664307885;((((pow2((-(x) + _a2_)) + _a1_) * _a7_) * x) / _a1_);{'d0': {'_a1_': 0.42839162764211464, '_a2_': -0.31192970773554257, '_a7_': 1.4465760890732853, '_a0_': 1.0, '_a3_': 1.0, '_a4_': 1.0, '_a5_': 1.0, '_a6_': 1.0}};{'d0': 0.024905832919416542};-280.569866449044;34.556268916636725
15855;-105.728664307885;((((pow2((-(x) + _a2_)) + _a1_) * _a7_) * x) / _a1_);{'d0': {'_a1_': 0.42839162764211464, '_a2_': -0.31192970773554257, '_a7_': 1.4465760890732853, '_a0_': 1.0, '_a3_': 1.0, '_a4_': 1.0, '_a5_': 1.0, '_a6_': 1.0}};{'d0': 0.024905832919416542};-280.569866449044;34.556268916636725
15856;-105.728664307885;((((pow2((-(x) + _a2_)) + _a1_) * _a7_) * x) / _a1_);{'d0': {'_a1_': 0.42839162764211464, '_a2_': -0.31192970773554257, '_a7_': 1.4465760890732853, '_a0_': 1.0, '_a3_': 1.0, '_a4_': 1.0, '_a5_': 1.0, '_a6_': 1.0}};{'d0': 0.024905832919416542};-280.569866449044;34.556268916636725
15857;-105.728664307885;((((pow2((-(x) + _a2_)) + _a1_) * _a7_) * x) / _a1_);{'d0': {'_a1_': 0.42839162764211464, '_a2_': -0.31192970773554257, '_a7_': 1.4465760890732853, '_a0_': 1.0, '_a3_': 1.0, '_a4_': 1.0, '_a5_': 1.0, '_a6_': 1.0}};{'d0': 0.024905832919416542};-280.569866449044;34.556268916636725
15858;-105.728664307885;((((pow2((-(x) + _a2_)) + _a1_) * _a7_) * x) / _a1_);{'d0': {'_a1_': 0.42839162764211464, '_a2_': -0.31192970773554257, '_a7_': 1.4465760890732853, '_a0_': 1.0, '_a3_': 1.0, '_a4_': 1.0, '_a5_': 1.0, '_a6_': 1.0}};{'d0': 0.024905832919416542};-280.569866449044;34.556268916636725
15859;-105.728664307885;((((pow2((-(x) + _a2_)) + _a1_) * _a7_) * x) / _a1_);{'d0': {'_a1_': 0.42839162764211464, '_a2_': -0.31192970773554257, '_a7_': 1.4465760890732853, '_a0_': 1.0, '_a3_': 1.0, '_a4_': 1.0, '_a5_': 1.0, '_a6_': 1.0}};{'d0': 0.024905832919416542};-280.569866449044;34.556268916636725
15860;-105.728664307885;((((pow2((-(x) + _a2_)) + _a1_) * _a7_) * x) / _a1_);{'d0': {'_a1_': 0.42839162764211464, '_a2_': -0.31192970773554257, '_a7_': 1.4465760890732853, '_a0_': 1.0, '_a3_': 1.0, '_a4_': 1.0, '_a5_': 1.0, '_a6_': 1.0}};{'d0': 0.024905832919416542};-280.569866449044;34.556268916636725
15861;-105.728664307885;((((pow2((-(x) + _a2_)) + _a1_) * _a7_) * x) / _a1_);{'d0': {'_a1_': 0.42839162764211464, '_a2_': -0.31192970773554257, '_a7_': 1.4465760890732853, '_a0_': 1.0, '_a3_': 1.0, '_a4_': 1.0, '_a5_': 1.0, '_a6_': 1.0}};{'d0': 0.024905832919416542};-280.569866449044;34.556268916636725
15862;-105.728664307885;((((pow2((-(x) + _a2_)) + _a1_) * _a7_) * x) / _a1_);{'d0': {'_a1_': 0.42839162764211464, '_a2_': -0.31192970773554257, '_a7_': 1.4465760890732853, '_a0_': 1.0, '_a3_': 1.0, '_a4_': 1.0, '_a5_': 1.0, '_a6_': 1.0}};{'d0': 0.024905832919416542};-280.569866449044;34.556268916636725
15863;-105.728664307885;((((pow2((-(x) + _a2_)) + _a1_) * _a7_) * x) / _a1_);{'d0': {'_a1_': 0.42839162764211464, '_a2_': -0.31192970773554257, '_a7_': 1.4465760890732853, '_a0_': 1.0, '_a3_': 1.0, '_a4_': 1.0, '_a5_': 1.0, '_a6_': 1.0}};{'d0': 0.024905832919416542};-280.569866449044;34.556268916636725
15864;-105.728664307885;((((pow2((-(x) + _a2_)) + _a1_) * _a7_) * x) / _a1_);{'d0': {'_a1_': 0.42839162764211464, '_a2_': -0.31192970773554257, '_a7_': 1.4465760890732853, '_a0_': 1.0, '_a3_': 1.0, '_a4_': 1.0, '_a5_': 1.0, '_a6_': 1.0}};{'d0': 0.024905832919416542};-280.569866449044;34.556268916636725
15865;-105.728664307885;((((pow2((-(x) + _a2_)) + _a1_) * _a7_) * x) / _a1_);{'d0': {'_a1_': 0.42839162764211464, '_a2_': -0.31192970773554257, '_a7_': 1.4465760890732853, '_a0_': 1.0, '_a3_': 1.0, '_a4_': 1.0, '_a5_': 1.0, '_a6_': 1.0}};{'d0': 0.024905832919416542};-280.569866449044;34.556268916636725
15866;-105.728664307885;((((pow2((-(x) + _a2_)) + _a1_) * _a7_) * x) / _a1_);{'d0': {'_a1_': 0.42839162764211464, '_a2_': -0.31192970773554257, '_a7_': 1.4465760890732853, '_a0_': 1.0, '_a3_': 1.0, '_a4_': 1.0, '_a5_': 1.0, '_a6_': 1.0}};{'d0': 0.024905832919416542};-280.569866449044;34.556268916636725
15867;-105.728664307885;((((pow2((-(x) + _a2_)) + _a1_) * _a7_) * x) / _a1_);{'d0': {'_a1_': 0.42839162764211464, '_a2_': -0.31192970773554257, '_a7_': 1.4465760890732853, '_a0_': 1.0, '_a3_': 1.0, '_a4_': 1.0, '_a5_': 1.0, '_a6_': 1.0}};{'d0': 0.024905832919416542};-280.569866449044;34.556268916636725
15868;-105.728664307885;((((pow2((-(x) + _a2_)) + _a1_) * _a7_) * x) / _a1_);{'d0': {'_a1_': 0.42839162764211464, '_a2_': -0.31192970773554257, '_a7_': 1.4465760890732853, '_a0_': 1.0, '_a3_': 1.0, '_a4_': 1.0, '_a5_': 1.0, '_a6_': 1.0}};{'d0': 0.024905832919416542};-280.569866449044;34.556268916636725
15869;-105.728664307885;((((pow2((-(x) + _a2_)) + _a1_) * _a7_) * x) / _a1_);{'d0': {'_a1_': 0.42839162764211464, '_a2_': -0.31192970773554257, '_a7_': 1.4465760890732853, '_a0_': 1.0, '_a3_': 1.0, '_a4_': 1.0, '_a5_': 1.0, '_a6_': 1.0}};{'d0': 0.024905832919416542};-280.569866449044;34.556268916636725
15870;-105.728664307885;((((pow2((-(x) + _a2_)) + _a1_) * _a7_) * x) / _a1_);{'d0': {'_a1_': 0.42839162764211464, '_a2_': -0.31192970773554257, '_a7_': 1.4465760890732853, '_a0_': 1.0, '_a3_': 1.0, '_a4_': 1.0, '_a5_': 1.0, '_a6_': 1.0}};{'d0': 0.024905832919416542};-280.569866449044;34.556268916636725
15871;-105.728664307885;((((pow2((-(x) + _a2_)) + _a1_) * _a7_) * x) / _a1_);{'d0': {'_a1_': 0.42839162764211464, '_a2_': -0.31192970773554257, '_a7_': 1.4465760890732853, '_a0_': 1.0, '_a3_': 1.0, '_a4_': 1.0, '_a5_': 1.0, '_a6_': 1.0}};{'d0': 0.024905832919416542};-280.569866449044;34.556268916636725
15872;-105.728664307885;((((pow2((-(x) + _a2_)) + _a1_) * _a7_) * x) / _a1_);{'d0': {'_a1_': 0.42839162764211464, '_a2_': -0.31192970773554257, '_a7_': 1.4465760890732853, '_a0_': 1.0, '_a3_': 1.0, '_a4_': 1.0, '_a5_': 1.0, '_a6_': 1.0}};{'d0': 0.024905832919416542};-280.569866449044;34.556268916636725
15873;-105.728664307885;((((pow2((-(x) + _a2_)) + _a1_) * _a7_) * x) / _a1_);{'d0': {'_a1_': 0.42839162764211464, '_a2_': -0.31192970773554257, '_a7_': 1.4465760890732853, '_a0_': 1.0, '_a3_': 1.0, '_a4_': 1.0, '_a5_': 1.0, '_a6_': 1.0}};{'d0': 0.024905832919416542};-280.569866449044;34.556268916636725
15874;-105.728664307885;((((pow2((-(x) + _a2_)) + _a1_) * _a7_) * x) / _a1_);{'d0': {'_a1_': 0.42839162764211464, '_a2_': -0.31192970773554257, '_a7_': 1.4465760890732853, '_a0_': 1.0, '_a3_': 1.0, '_a4_': 1.0, '_a5_': 1.0, '_a6_': 1.0}};{'d0': 0.024905832919416542};-280.569866449044;34.556268916636725
15875;-105.728664307885;((((pow2((-(x) + _a2_)) + _a1_) * _a7_) * x) / _a1_);{'d0': {'_a1_': 0.42839162764211464, '_a2_': -0.31192970773554257, '_a7_': 1.4465760890732853, '_a0_': 1.0, '_a3_': 1.0, '_a4_': 1.0, '_a5_': 1.0, '_a6_': 1.0}};{'d0': 0.024905832919416542};-280.569866449044;34.556268916636725
15876;-105.728664307885;((((pow2((-(x) + _a2_)) + _a1_) * _a7_) * x) / _a1_);{'d0': {'_a1_': 0.42839162764211464, '_a2_': -0.31192970773554257, '_a7_': 1.4465760890732853, '_a0_': 1.0, '_a3_': 1.0, '_a4_': 1.0, '_a5_': 1.0, '_a6_': 1.0}};{'d0': 0.024905832919416542};-280.569866449044;34.556268916636725
15877;-105.728664307885;((((pow2((-(x) + _a2_)) + _a1_) * _a7_) * x) / _a1_);{'d0': {'_a1_': 0.42839162764211464, '_a2_': -0.31192970773554257, '_a7_': 1.4465760890732853, '_a0_': 1.0, '_a3_': 1.0, '_a4_': 1.0, '_a5_': 1.0, '_a6_': 1.0}};{'d0': 0.024905832919416542};-280.569866449044;34.556268916636725
15878;-105.728664307885;((((pow2((-(x) + _a2_)) + _a1_) * _a7_) * x) / _a1_);{'d0': {'_a1_': 0.42839162764211464, '_a2_': -0.31192970773554257, '_a7_': 1.4465760890732853, '_a0_': 1.0, '_a3_': 1.0, '_a4_': 1.0, '_a5_': 1.0, '_a6_': 1.0}};{'d0': 0.024905832919416542};-280.569866449044;34.556268916636725
15879;-105.728664307885;((((pow2((-(x) + _a2_)) + _a1_) * _a7_) * x) / _a1_);{'d0': {'_a1_': 0.42839162764211464, '_a2_': -0.31192970773554257, '_a7_': 1.4465760890732853, '_a0_': 1.0, '_a3_': 1.0, '_a4_': 1.0, '_a5_': 1.0, '_a6_': 1.0}};{'d0': 0.024905832919416542};-280.569866449044;34.556268916636725
15880;-105.728664307885;((((pow2((-(x) + _a2_)) + _a1_) * _a7_) * x) / _a1_);{'d0': {'_a1_': 0.42839162764211464, '_a2_': -0.31192970773554257, '_a7_': 1.4465760890732853, '_a0_': 1.0, '_a3_': 1.0, '_a4_': 1.0, '_a5_': 1.0, '_a6_': 1.0}};{'d0': 0.024905832919416542};-280.569866449044;34.556268916636725
15881;-105.728664307885;((((pow2((-(x) + _a2_)) + _a1_) * _a7_) * x) / _a1_);{'d0': {'_a1_': 0.42839162764211464, '_a2_': -0.31192970773554257, '_a7_': 1.4465760890732853, '_a0_': 1.0, '_a3_': 1.0, '_a4_': 1.0, '_a5_': 1.0, '_a6_': 1.0}};{'d0': 0.024905832919416542};-280.569866449044;34.556268916636725
15882;-105.728664307885;((((pow2((-(x) + _a2_)) + _a1_) * _a7_) * x) / _a1_);{'d0': {'_a1_': 0.42839162764211464, '_a2_': -0.31192970773554257, '_a7_': 1.4465760890732853, '_a0_': 1.0, '_a3_': 1.0, '_a4_': 1.0, '_a5_': 1.0, '_a6_': 1.0}};{'d0': 0.024905832919416542};-280.569866449044;34.556268916636725
15883;-105.728664307885;((((pow2((-(x) + _a2_)) + _a1_) * _a7_) * x) / _a1_);{'d0': {'_a1_': 0.42839162764211464, '_a2_': -0.31192970773554257, '_a7_': 1.4465760890732853, '_a0_': 1.0, '_a3_': 1.0, '_a4_': 1.0, '_a5_': 1.0, '_a6_': 1.0}};{'d0': 0.024905832919416542};-280.569866449044;34.556268916636725
15884;-105.728664307885;((((pow2((-(x) + _a2_)) + _a1_) * _a7_) * x) / _a1_);{'d0': {'_a1_': 0.42839162764211464, '_a2_': -0.31192970773554257, '_a7_': 1.4465760890732853, '_a0_': 1.0, '_a3_': 1.0, '_a4_': 1.0, '_a5_': 1.0, '_a6_': 1.0}};{'d0': 0.024905832919416542};-280.569866449044;34.556268916636725
15885;-105.728664307885;((((pow2((-(x) + _a2_)) + _a1_) * _a7_) * x) / _a1_);{'d0': {'_a1_': 0.42839162764211464, '_a2_': -0.31192970773554257, '_a7_': 1.4465760890732853, '_a0_': 1.0, '_a3_': 1.0, '_a4_': 1.0, '_a5_': 1.0, '_a6_': 1.0}};{'d0': 0.024905832919416542};-280.569866449044;34.556268916636725
15886;-105.728664307885;((((pow2((-(x) + _a2_)) + _a1_) * _a7_) * x) / _a1_);{'d0': {'_a1_': 0.42839162764211464, '_a2_': -0.31192970773554257, '_a7_': 1.4465760890732853, '_a0_': 1.0, '_a3_': 1.0, '_a4_': 1.0, '_a5_': 1.0, '_a6_': 1.0}};{'d0': 0.024905832919416542};-280.569866449044;34.556268916636725
15887;-105.728664307885;((((pow2((-(x) + _a2_)) + _a1_) * _a7_) * x) / _a1_);{'d0': {'_a1_': 0.42839162764211464, '_a2_': -0.31192970773554257, '_a7_': 1.4465760890732853, '_a0_': 1.0, '_a3_': 1.0, '_a4_': 1.0, '_a5_': 1.0, '_a6_': 1.0}};{'d0': 0.024905832919416542};-280.569866449044;34.556268916636725
15888;-105.728664307885;((((pow2((-(x) + _a2_)) + _a1_) * _a7_) * x) / _a1_);{'d0': {'_a1_': 0.42839162764211464, '_a2_': -0.31192970773554257, '_a7_': 1.4465760890732853, '_a0_': 1.0, '_a3_': 1.0, '_a4_': 1.0, '_a5_': 1.0, '_a6_': 1.0}};{'d0': 0.024905832919416542};-280.569866449044;34.556268916636725
15889;-105.728664307885;((((pow2((-(x) + _a2_)) + _a1_) * _a7_) * x) / _a1_);{'d0': {'_a1_': 0.42839162764211464, '_a2_': -0.31192970773554257, '_a7_': 1.4465760890732853, '_a0_': 1.0, '_a3_': 1.0, '_a4_': 1.0, '_a5_': 1.0, '_a6_': 1.0}};{'d0': 0.024905832919416542};-280.569866449044;34.556268916636725
15890;-105.728664307885;((((pow2((-(x) + _a2_)) + _a1_) * _a7_) * x) / _a1_);{'d0': {'_a1_': 0.42839162764211464, '_a2_': -0.31192970773554257, '_a7_': 1.4465760890732853, '_a0_': 1.0, '_a3_': 1.0, '_a4_': 1.0, '_a5_': 1.0, '_a6_': 1.0}};{'d0': 0.024905832919416542};-280.569866449044;34.556268916636725
15891;-105.728664307885;((((pow2((-(x) + _a2_)) + _a1_) * _a7_) * x) / _a1_);{'d0': {'_a1_': 0.42839162764211464, '_a2_': -0.31192970773554257, '_a7_': 1.4465760890732853, '_a0_': 1.0, '_a3_': 1.0, '_a4_': 1.0, '_a5_': 1.0, '_a6_': 1.0}};{'d0': 0.024905832919416542};-280.569866449044;34.556268916636725
15892;-105.728664307885;((((pow2((-(x) + _a2_)) + _a1_) * _a7_) * x) / _a1_);{'d0': {'_a1_': 0.42839162764211464, '_a2_': -0.31192970773554257, '_a7_': 1.4465760890732853, '_a0_': 1.0, '_a3_': 1.0, '_a4_': 1.0, '_a5_': 1.0, '_a6_': 1.0}};{'d0': 0.024905832919416542};-280.569866449044;34.556268916636725
15893;-105.728664307885;((((pow2((-(x) + _a2_)) + _a1_) * _a7_) * x) / _a1_);{'d0': {'_a1_': 0.42839162764211464, '_a2_': -0.31192970773554257, '_a7_': 1.4465760890732853, '_a0_': 1.0, '_a3_': 1.0, '_a4_': 1.0, '_a5_': 1.0, '_a6_': 1.0}};{'d0': 0.024905832919416542};-280.569866449044;34.556268916636725
15894;-105.728664307885;((((pow2((-(x) + _a2_)) + _a1_) * _a7_) * x) / _a1_);{'d0': {'_a1_': 0.42839162764211464, '_a2_': -0.31192970773554257, '_a7_': 1.4465760890732853, '_a0_': 1.0, '_a3_': 1.0, '_a4_': 1.0, '_a5_': 1.0, '_a6_': 1.0}};{'d0': 0.024905832919416542};-280.569866449044;34.556268916636725
15895;-105.728664307885;((((pow2((-(x) + _a2_)) + _a1_) * _a7_) * x) / _a1_);{'d0': {'_a1_': 0.42839162764211464, '_a2_': -0.31192970773554257, '_a7_': 1.4465760890732853, '_a0_': 1.0, '_a3_': 1.0, '_a4_': 1.0, '_a5_': 1.0, '_a6_': 1.0}};{'d0': 0.024905832919416542};-280.569866449044;34.556268916636725
15896;-105.728664307885;((((pow2((-(x) + _a2_)) + _a1_) * _a7_) * x) / _a1_);{'d0': {'_a1_': 0.42839162764211464, '_a2_': -0.31192970773554257, '_a7_': 1.4465760890732853, '_a0_': 1.0, '_a3_': 1.0, '_a4_': 1.0, '_a5_': 1.0, '_a6_': 1.0}};{'d0': 0.024905832919416542};-280.569866449044;34.556268916636725
15897;-105.728664307885;((((pow2((-(x) + _a2_)) + _a1_) * _a7_) * x) / _a1_);{'d0': {'_a1_': 0.42839162764211464, '_a2_': -0.31192970773554257, '_a7_': 1.4465760890732853, '_a0_': 1.0, '_a3_': 1.0, '_a4_': 1.0, '_a5_': 1.0, '_a6_': 1.0}};{'d0': 0.024905832919416542};-280.569866449044;34.556268916636725
15898;-105.728664307885;((((pow2((-(x) + _a2_)) + _a1_) * _a7_) * x) / _a1_);{'d0': {'_a1_': 0.42839162764211464, '_a2_': -0.31192970773554257, '_a7_': 1.4465760890732853, '_a0_': 1.0, '_a3_': 1.0, '_a4_': 1.0, '_a5_': 1.0, '_a6_': 1.0}};{'d0': 0.024905832919416542};-280.569866449044;34.556268916636725
15899;-105.728664307885;((((pow2((-(x) + _a2_)) + _a1_) * _a7_) * x) / _a1_);{'d0': {'_a1_': 0.42839162764211464, '_a2_': -0.31192970773554257, '_a7_': 1.4465760890732853, '_a0_': 1.0, '_a3_': 1.0, '_a4_': 1.0, '_a5_': 1.0, '_a6_': 1.0}};{'d0': 0.024905832919416542};-280.569866449044;34.556268916636725
15900;-105.728664307885;((((pow2((-(x) + _a2_)) + _a1_) * _a7_) * x) / _a1_);{'d0': {'_a1_': 0.42839162764211464, '_a2_': -0.31192970773554257, '_a7_': 1.4465760890732853, '_a0_': 1.0, '_a3_': 1.0, '_a4_': 1.0, '_a5_': 1.0, '_a6_': 1.0}};{'d0': 0.024905832919416542};-280.569866449044;34.556268916636725
15901;-105.728664307885;((((pow2((-(x) + _a2_)) + _a1_) * _a7_) * x) / _a1_);{'d0': {'_a1_': 0.42839162764211464, '_a2_': -0.31192970773554257, '_a7_': 1.4465760890732853, '_a0_': 1.0, '_a3_': 1.0, '_a4_': 1.0, '_a5_': 1.0, '_a6_': 1.0}};{'d0': 0.024905832919416542};-280.569866449044;34.556268916636725
15902;-105.728664307885;((((pow2((-(x) + _a2_)) + _a1_) * _a7_) * x) / _a1_);{'d0': {'_a1_': 0.42839162764211464, '_a2_': -0.31192970773554257, '_a7_': 1.4465760890732853, '_a0_': 1.0, '_a3_': 1.0, '_a4_': 1.0, '_a5_': 1.0, '_a6_': 1.0}};{'d0': 0.024905832919416542};-280.569866449044;34.556268916636725
15903;-105.728664307885;((((pow2((-(x) + _a2_)) + _a1_) * _a7_) * x) / _a1_);{'d0': {'_a1_': 0.42839162764211464, '_a2_': -0.31192970773554257, '_a7_': 1.4465760890732853, '_a0_': 1.0, '_a3_': 1.0, '_a4_': 1.0, '_a5_': 1.0, '_a6_': 1.0}};{'d0': 0.024905832919416542};-280.569866449044;34.556268916636725
15904;-105.728664307885;((((pow2((-(x) + _a2_)) + _a1_) * _a7_) * x) / _a1_);{'d0': {'_a1_': 0.42839162764211464, '_a2_': -0.31192970773554257, '_a7_': 1.4465760890732853, '_a0_': 1.0, '_a3_': 1.0, '_a4_': 1.0, '_a5_': 1.0, '_a6_': 1.0}};{'d0': 0.024905832919416542};-280.569866449044;34.556268916636725
15905;-105.728664307885;((((pow2((-(x) + _a2_)) + _a1_) * _a7_) * x) / _a1_);{'d0': {'_a1_': 0.42839162764211464, '_a2_': -0.31192970773554257, '_a7_': 1.4465760890732853, '_a0_': 1.0, '_a3_': 1.0, '_a4_': 1.0, '_a5_': 1.0, '_a6_': 1.0}};{'d0': 0.024905832919416542};-280.569866449044;34.556268916636725
15906;-105.728664307885;((((pow2((-(x) + _a2_)) + _a1_) * _a7_) * x) / _a1_);{'d0': {'_a1_': 0.42839162764211464, '_a2_': -0.31192970773554257, '_a7_': 1.4465760890732853, '_a0_': 1.0, '_a3_': 1.0, '_a4_': 1.0, '_a5_': 1.0, '_a6_': 1.0}};{'d0': 0.024905832919416542};-280.569866449044;34.556268916636725
15907;-105.728664307885;((((pow2((-(x) + _a2_)) + _a1_) * _a7_) * x) / _a1_);{'d0': {'_a1_': 0.42839162764211464, '_a2_': -0.31192970773554257, '_a7_': 1.4465760890732853, '_a0_': 1.0, '_a3_': 1.0, '_a4_': 1.0, '_a5_': 1.0, '_a6_': 1.0}};{'d0': 0.024905832919416542};-280.569866449044;34.556268916636725
15908;-105.728664307885;((((pow2((-(x) + _a2_)) + _a1_) * _a7_) * x) / _a1_);{'d0': {'_a1_': 0.42839162764211464, '_a2_': -0.31192970773554257, '_a7_': 1.4465760890732853, '_a0_': 1.0, '_a3_': 1.0, '_a4_': 1.0, '_a5_': 1.0, '_a6_': 1.0}};{'d0': 0.024905832919416542};-280.569866449044;34.556268916636725
15909;-105.728664307885;((((pow2((-(x) + _a2_)) + _a1_) * _a7_) * x) / _a2_);{'d0': {'_a1_': 0.4283916272088507, '_a2_': -0.3119297077234087, '_a7_': -1.0533120346085763, '_a0_': 1.0, '_a3_': 1.0, '_a4_': 1.0, '_a5_': 1.0, '_a6_': 1.0}};{'d0': 0.02490583291941653};-280.569866449044;34.556268916636725
15910;-105.728664307885;((((pow2((-(x) + _a2_)) + _a1_) * _a7_) * x) / _a2_);{'d0': {'_a1_': 0.4283916272088507, '_a2_': -0.3119297077234087, '_a7_': -1.0533120346085763, '_a0_': 1.0, '_a3_': 1.0, '_a4_': 1.0, '_a5_': 1.0, '_a6_': 1.0}};{'d0': 0.02490583291941653};-280.569866449044;34.556268916636725
15911;-104.696066852551;((((pow2((-(x) + _a2_)) + _a1_) / _a7_) * x) / _a2_);{'d0': {'_a1_': 0.4283916278759556, '_a2_': -0.31192970772316664, '_a7_': -0.9493862863618582, '_a0_': 1.0, '_a3_': 1.0, '_a4_': 1.0, '_a5_': 1.0, '_a6_': 1.0}};{'d0': 0.024905832919416657};-280.569866449044;35.58886637197092
15912;-104.696066852551;((((pow2((-(x) + _a2_)) + _a1_) / _a7_) * x) / _a2_);{'d0': {'_a1_': 0.4283916278759556, '_a2_': -0.31192970772316664, '_a7_': -0.9493862863618582, '_a0_': 1.0, '_a3_': 1.0, '_a4_': 1.0, '_a5_': 1.0, '_a6_': 1.0}};{'d0': 0.024905832919416657};-280.569866449044;35.58886637197092
15913;-104.696066852551;((((pow2((-(x) + _a2_)) + _a1_) / _a7_) * x) / _a2_);{'d0': {'_a1_': 0.4283916278759556, '_a2_': -0.31192970772316664, '_a7_': -0.9493862863618582, '_a0_': 1.0, '_a3_': 1.0, '_a4_': 1.0, '_a5_': 1.0, '_a6_': 1.0}};{'d0': 0.024905832919416657};-280.569866449044;35.58886637197092
15914;-104.696066852551;((((pow2((-(x) + _a2_)) + _a1_) / _a7_) * x) / _a2_);{'d0': {'_a1_': 0.4283916278759556, '_a2_': -0.31192970772316664, '_a7_': -0.9493862863618582, '_a0_': 1.0, '_a3_': 1.0, '_a4_': 1.0, '_a5_': 1.0, '_a6_': 1.0}};{'d0': 0.024905832919416657};-280.569866449044;35.58886637197092
15915;-104.696066852551;((((pow2((-(x) + _a2_)) + _a1_) / _a7_) * x) / _a2_);{'d0': {'_a1_': 0.4283916278759556, '_a2_': -0.31192970772316664, '_a7_': -0.9493862863618582, '_a0_': 1.0, '_a3_': 1.0, '_a4_': 1.0, '_a5_': 1.0, '_a6_': 1.0}};{'d0': 0.024905832919416657};-280.569866449044;35.58886637197092
15916;-104.696066852551;((((pow2((-(x) + _a2_)) + _a1_) / _a7_) * x) / _a2_);{'d0': {'_a1_': 0.4283916278759556, '_a2_': -0.31192970772316664, '_a7_': -0.9493862863618582, '_a0_': 1.0, '_a3_': 1.0, '_a4_': 1.0, '_a5_': 1.0, '_a6_': 1.0}};{'d0': 0.024905832919416657};-280.569866449044;35.58886637197092
15917;-104.696066852551;((((pow2((-(x) + _a2_)) + _a1_) / _a7_) * x) / _a2_);{'d0': {'_a1_': 0.4283916278759556, '_a2_': -0.31192970772316664, '_a7_': -0.9493862863618582, '_a0_': 1.0, '_a3_': 1.0, '_a4_': 1.0, '_a5_': 1.0, '_a6_': 1.0}};{'d0': 0.024905832919416657};-280.569866449044;35.58886637197092
15918;-104.696066852551;((((pow2((-(x) + _a2_)) + _a1_) / _a7_) * x) / _a2_);{'d0': {'_a1_': 0.4283916278759556, '_a2_': -0.31192970772316664, '_a7_': -0.9493862863618582, '_a0_': 1.0, '_a3_': 1.0, '_a4_': 1.0, '_a5_': 1.0, '_a6_': 1.0}};{'d0': 0.024905832919416657};-280.569866449044;35.58886637197092
15919;-104.696066852551;((((pow2((-(x) + _a2_)) + _a1_) / _a7_) * x) / _a2_);{'d0': {'_a1_': 0.4283916278759556, '_a2_': -0.31192970772316664, '_a7_': -0.9493862863618582, '_a0_': 1.0, '_a3_': 1.0, '_a4_': 1.0, '_a5_': 1.0, '_a6_': 1.0}};{'d0': 0.024905832919416657};-280.569866449044;35.58886637197092
15920;-104.696066852551;((((pow2((-(x) + _a2_)) + _a1_) / _a7_) * x) / _a2_);{'d0': {'_a1_': 0.4283916278759556, '_a2_': -0.31192970772316664, '_a7_': -0.9493862863618582, '_a0_': 1.0, '_a3_': 1.0, '_a4_': 1.0, '_a5_': 1.0, '_a6_': 1.0}};{'d0': 0.024905832919416657};-280.569866449044;35.58886637197092
15921;-104.696066852551;((((pow2((-(x) + _a2_)) + _a1_) / _a7_) * x) / _a2_);{'d0': {'_a1_': 0.4283916278759556, '_a2_': -0.31192970772316664, '_a7_': -0.9493862863618582, '_a0_': 1.0, '_a3_': 1.0, '_a4_': 1.0, '_a5_': 1.0, '_a6_': 1.0}};{'d0': 0.024905832919416657};-280.569866449044;35.58886637197092
15922;-104.696066852551;((((pow2((-(x) + _a2_)) + _a1_) / _a7_) * x) / _a2_);{'d0': {'_a1_': 0.4283916278759556, '_a2_': -0.31192970772316664, '_a7_': -0.9493862863618582, '_a0_': 1.0, '_a3_': 1.0, '_a4_': 1.0, '_a5_': 1.0, '_a6_': 1.0}};{'d0': 0.024905832919416657};-280.569866449044;35.58886637197092
15923;-104.696066852551;((((pow2((-(x) + _a2_)) + _a1_) / _a7_) * x) / _a2_);{'d0': {'_a1_': 0.4283916278759556, '_a2_': -0.31192970772316664, '_a7_': -0.9493862863618582, '_a0_': 1.0, '_a3_': 1.0, '_a4_': 1.0, '_a5_': 1.0, '_a6_': 1.0}};{'d0': 0.024905832919416657};-280.569866449044;35.58886637197092
15924;-104.696066852551;((((pow2((-(x) + _a2_)) + _a1_) / _a7_) * x) / _a2_);{'d0': {'_a1_': 0.4283916278759556, '_a2_': -0.31192970772316664, '_a7_': -0.9493862863618582, '_a0_': 1.0, '_a3_': 1.0, '_a4_': 1.0, '_a5_': 1.0, '_a6_': 1.0}};{'d0': 0.024905832919416657};-280.569866449044;35.58886637197092
15925;-104.696066852551;((((pow2((-(x) + _a2_)) + _a1_) / _a7_) * x) / _a2_);{'d0': {'_a1_': 0.4283916278759556, '_a2_': -0.31192970772316664, '_a7_': -0.9493862863618582, '_a0_': 1.0, '_a3_': 1.0, '_a4_': 1.0, '_a5_': 1.0, '_a6_': 1.0}};{'d0': 0.024905832919416657};-280.569866449044;35.58886637197092
15926;-104.696066852551;((((pow2((-(x) + _a2_)) + _a1_) / _a7_) * x) / _a2_);{'d0': {'_a1_': 0.4283916278759556, '_a2_': -0.31192970772316664, '_a7_': -0.9493862863618582, '_a0_': 1.0, '_a3_': 1.0, '_a4_': 1.0, '_a5_': 1.0, '_a6_': 1.0}};{'d0': 0.024905832919416657};-280.569866449044;35.58886637197092
15927;-104.696066852551;((((pow2((-(x) + _a2_)) + _a1_) / _a7_) * x) / _a2_);{'d0': {'_a1_': 0.4283916278759556, '_a2_': -0.31192970772316664, '_a7_': -0.9493862863618582, '_a0_': 1.0, '_a3_': 1.0, '_a4_': 1.0, '_a5_': 1.0, '_a6_': 1.0}};{'d0': 0.024905832919416657};-280.569866449044;35.58886637197092
15928;-104.696066852551;((((pow2((-(x) + _a2_)) + _a1_) / _a7_) * x) / _a2_);{'d0': {'_a1_': 0.4283916278759556, '_a2_': -0.31192970772316664, '_a7_': -0.9493862863618582, '_a0_': 1.0, '_a3_': 1.0, '_a4_': 1.0, '_a5_': 1.0, '_a6_': 1.0}};{'d0': 0.024905832919416657};-280.569866449044;35.58886637197092
15929;-104.696066852551;((((pow2((-(x) + _a2_)) + _a1_) / _a7_) * x) / _a2_);{'d0': {'_a1_': 0.4283916278759556, '_a2_': -0.31192970772316664, '_a7_': -0.9493862863618582, '_a0_': 1.0, '_a3_': 1.0, '_a4_': 1.0, '_a5_': 1.0, '_a6_': 1.0}};{'d0': 0.024905832919416657};-280.569866449044;35.58886637197092
15930;-104.696066852551;((((pow2((-(x) + _a2_)) + _a1_) / _a7_) * x) / _a2_);{'d0': {'_a1_': 0.4283916278759556, '_a2_': -0.31192970772316664, '_a7_': -0.9493862863618582, '_a0_': 1.0, '_a3_': 1.0, '_a4_': 1.0, '_a5_': 1.0, '_a6_': 1.0}};{'d0': 0.024905832919416657};-280.569866449044;35.58886637197092
15931;-99.8914414997378;((((pow2((-(x) + _a2_)) + _a1_) / _a7_) * (x * _a1_)) / _a2_);{'d0': {'_a1_': 0.42839162840264183, '_a2_': -0.3119297077637046, '_a7_': -0.40670913742442266, '_a0_': 1.0, '_a3_': 1.0, '_a4_': 1.0, '_a5_': 1.0, '_a6_': 1.0}};{'d0': 0.024905832919416657};-280.569866449044;40.39349172478392
15932;-99.8914414997378;((((pow2((-(x) + _a2_)) + _a1_) / _a7_) * (x * _a1_)) / _a2_);{'d0': {'_a1_': 0.42839162840264183, '_a2_': -0.3119297077637046, '_a7_': -0.40670913742442266, '_a0_': 1.0, '_a3_': 1.0, '_a4_': 1.0, '_a5_': 1.0, '_a6_': 1.0}};{'d0': 0.024905832919416657};-280.569866449044;40.39349172478392
15933;-99.8914414997378;((((pow2((-(x) + _a2_)) + _a1_) / _a7_) * (x * _a1_)) / _a2_);{'d0': {'_a1_': 0.42839162840264183, '_a2_': -0.3119297077637046, '_a7_': -0.40670913742442266, '_a0_': 1.0, '_a3_': 1.0, '_a4_': 1.0, '_a5_': 1.0, '_a6_': 1.0}};{'d0': 0.024905832919416657};-280.569866449044;40.39349172478392
15934;-99.8914414997378;((((pow2((-(x) + _a2_)) + _a1_) / _a7_) * (x * _a1_)) / _a2_);{'d0': {'_a1_': 0.42839162840264183, '_a2_': -0.3119297077637046, '_a7_': -0.40670913742442266, '_a0_': 1.0, '_a3_': 1.0, '_a4_': 1.0, '_a5_': 1.0, '_a6_': 1.0}};{'d0': 0.024905832919416657};-280.569866449044;40.39349172478392
15935;-99.8914414997378;((((pow2((-(x) + _a2_)) + _a1_) / _a7_) * (x * _a1_)) / _a2_);{'d0': {'_a1_': 0.42839162840264183, '_a2_': -0.3119297077637046, '_a7_': -0.40670913742442266, '_a0_': 1.0, '_a3_': 1.0, '_a4_': 1.0, '_a5_': 1.0, '_a6_': 1.0}};{'d0': 0.024905832919416657};-280.569866449044;40.39349172478392
15936;-99.8914414997378;((((pow2((-(x) + _a2_)) + _a1_) / _a7_) * (x * _a1_)) / _a2_);{'d0': {'_a1_': 0.42839162840264183, '_a2_': -0.3119297077637046, '_a7_': -0.40670913742442266, '_a0_': 1.0, '_a3_': 1.0, '_a4_': 1.0, '_a5_': 1.0, '_a6_': 1.0}};{'d0': 0.024905832919416657};-280.569866449044;40.39349172478392
15937;-99.8914414997378;((((pow2((-(x) + _a2_)) + _a1_) / _a7_) * (x * _a1_)) / _a2_);{'d0': {'_a1_': 0.42839162840264183, '_a2_': -0.3119297077637046, '_a7_': -0.40670913742442266, '_a0_': 1.0, '_a3_': 1.0, '_a4_': 1.0, '_a5_': 1.0, '_a6_': 1.0}};{'d0': 0.024905832919416657};-280.569866449044;40.39349172478392
15938;-99.8914414997378;((((pow2((-(x) + _a2_)) + _a1_) / _a7_) * (x * _a1_)) / _a2_);{'d0': {'_a1_': 0.42839162840264183, '_a2_': -0.3119297077637046, '_a7_': -0.40670913742442266, '_a0_': 1.0, '_a3_': 1.0, '_a4_': 1.0, '_a5_': 1.0, '_a6_': 1.0}};{'d0': 0.024905832919416657};-280.569866449044;40.39349172478392
15939;-99.8914414997378;((((pow2((-(x) + _a2_)) + _a1_) / _a7_) * (x * _a1_)) / _a2_);{'d0': {'_a1_': 0.42839162840264183, '_a2_': -0.3119297077637046, '_a7_': -0.40670913742442266, '_a0_': 1.0, '_a3_': 1.0, '_a4_': 1.0, '_a5_': 1.0, '_a6_': 1.0}};{'d0': 0.024905832919416657};-280.569866449044;40.39349172478392
15940;-99.8914414997378;((((pow2((-(x) + _a2_)) + _a1_) / _a7_) * (x * _a1_)) / _a2_);{'d0': {'_a1_': 0.42839162840264183, '_a2_': -0.3119297077637046, '_a7_': -0.40670913742442266, '_a0_': 1.0, '_a3_': 1.0, '_a4_': 1.0, '_a5_': 1.0, '_a6_': 1.0}};{'d0': 0.024905832919416657};-280.569866449044;40.39349172478392
15941;-100.851681668750;((((pow2((-(x) + _a2_)) + _a1_) * _a7_) * (x * _a1_)) / _a2_);{'d0': {'_a1_': 0.4283916275691373, '_a2_': -0.31192970774257955, '_a7_': -2.458759617101429, '_a0_': 1.0, '_a3_': 1.0, '_a4_': 1.0, '_a5_': 1.0, '_a6_': 1.0}};{'d0': 0.024905832919416684};-280.569866449043;39.43325155577172
15942;-100.851681668750;((((pow2((-(x) + _a2_)) + _a1_) * _a7_) * (x * _a1_)) / _a2_);{'d0': {'_a1_': 0.4283916275691373, '_a2_': -0.31192970774257955, '_a7_': -2.458759617101429, '_a0_': 1.0, '_a3_': 1.0, '_a4_': 1.0, '_a5_': 1.0, '_a6_': 1.0}};{'d0': 0.024905832919416684};-280.569866449043;39.43325155577172
15943;-101.702633509695;((((pow2((-(x) + _a2_)) + _a1_) * _a7_) * (x * _a1_)) * _a2_);{'d0': {'_a1_': 0.42839162808127645, '_a2_': -0.3119297077646985, '_a7_': -25.26984593550311, '_a0_': 1.0, '_a3_': 1.0, '_a4_': 1.0, '_a5_': 1.0, '_a6_': 1.0}};{'d0': 0.024905832919416632};-280.569866449044;38.58229971482632
15944;-101.702633509695;((((pow2((-(x) + _a2_)) + _a1_) * _a7_) * (x * _a1_)) * _a2_);{'d0': {'_a1_': 0.42839162808127645, '_a2_': -0.3119297077646985, '_a7_': -25.26984593550311, '_a0_': 1.0, '_a3_': 1.0, '_a4_': 1.0, '_a5_': 1.0, '_a6_': 1.0}};{'d0': 0.024905832919416632};-280.569866449044;38.58229971482632
15945;-99.6554612284964;((((pow2((-(x) + _a2_)) + _a1_) * _a7_) * (x * _a6_)) * _a2_);{'d0': {'_a1_': 0.428391627836011, '_a2_': -0.31192970772601736, '_a6_': 0.9159471368938731, '_a7_': -11.818793572695649, '_a0_': 1.0, '_a3_': 1.0, '_a4_': 1.0, '_a5_': 1.0}};{'d0': 0.02490583291948965};-276.475521886646;38.58229971482632
15946;-99.6554612284964;((((pow2((-(x) + _a2_)) + _a1_) * _a7_) * (x * _a6_)) * _a2_);{'d0': {'_a1_': 0.428391627836011, '_a2_': -0.31192970772601736, '_a6_': 0.9159471368938731, '_a7_': -11.818793572695649, '_a0_': 1.0, '_a3_': 1.0, '_a4_': 1.0, '_a5_': 1.0}};{'d0': 0.02490583291948965};-276.475521886646;38.58229971482632
15947;-99.6554612284964;((((pow2((-(x) + _a2_)) + _a1_) * _a7_) * (x * _a6_)) * _a2_);{'d0': {'_a1_': 0.428391627836011, '_a2_': -0.31192970772601736, '_a6_': 0.9159471368938731, '_a7_': -11.818793572695649, '_a0_': 1.0, '_a3_': 1.0, '_a4_': 1.0, '_a5_': 1.0}};{'d0': 0.02490583291948965};-276.475521886646;38.58229971482632
15948;-99.6554612284964;((((pow2((-(x) + _a2_)) + _a1_) * _a7_) * (x * _a6_)) * _a2_);{'d0': {'_a1_': 0.428391627836011, '_a2_': -0.31192970772601736, '_a6_': 0.9159471368938731, '_a7_': -11.818793572695649, '_a0_': 1.0, '_a3_': 1.0, '_a4_': 1.0, '_a5_': 1.0}};{'d0': 0.02490583291948965};-276.475521886646;38.58229971482632
15949;-99.6554612284964;((((pow2((-(x) + _a2_)) + _a1_) * _a7_) * (x * _a6_)) * _a2_);{'d0': {'_a1_': 0.428391627836011, '_a2_': -0.31192970772601736, '_a6_': 0.9159471368938731, '_a7_': -11.818793572695649, '_a0_': 1.0, '_a3_': 1.0, '_a4_': 1.0, '_a5_': 1.0}};{'d0': 0.02490583291948965};-276.475521886646;38.58229971482632
15950;-99.6554612284964;((((pow2((-(x) + _a2_)) + _a1_) * _a7_) * (x * _a6_)) * _a2_);{'d0': {'_a1_': 0.428391627836011, '_a2_': -0.31192970772601736, '_a6_': 0.9159471368938731, '_a7_': -11.818793572695649, '_a0_': 1.0, '_a3_': 1.0, '_a4_': 1.0, '_a5_': 1.0}};{'d0': 0.02490583291948965};-276.475521886646;38.58229971482632
15951;-99.6554612284964;((((pow2((-(x) + _a2_)) + _a1_) * _a7_) * (x * _a6_)) * _a2_);{'d0': {'_a1_': 0.428391627836011, '_a2_': -0.31192970772601736, '_a6_': 0.9159471368938731, '_a7_': -11.818793572695649, '_a0_': 1.0, '_a3_': 1.0, '_a4_': 1.0, '_a5_': 1.0}};{'d0': 0.02490583291948965};-276.475521886646;38.58229971482632
15952;-98.7560276422384;((((pow2((-(x) + _a2_)) + _a1_) ** _a7_) * (x * _a6_)) * _a2_);{'d0': {'_a1_': 0.5193355257545279, '_a2_': -0.31029638153353567, '_a6_': -9.900419466264331, '_a7_': 1.1384892718618658, '_a0_': 1.0, '_a3_': 1.0, '_a4_': 1.0, '_a5_': 1.0}};{'d0': 0.024238514314967825};-278.105071555416;40.29650813546932
15953;-98.7560276422384;((((pow2((-(x) + _a2_)) + _a1_) ** _a7_) * (x * _a6_)) * _a2_);{'d0': {'_a1_': 0.5193355257545279, '_a2_': -0.31029638153353567, '_a6_': -9.900419466264331, '_a7_': 1.1384892718618658, '_a0_': 1.0, '_a3_': 1.0, '_a4_': 1.0, '_a5_': 1.0}};{'d0': 0.024238514314967825};-278.105071555416;40.29650813546932
15954;-98.7560276422384;((((pow2((-(x) + _a2_)) + _a1_) ** _a7_) * (x * _a6_)) * _a2_);{'d0': {'_a1_': 0.5193355257545279, '_a2_': -0.31029638153353567, '_a6_': -9.900419466264331, '_a7_': 1.1384892718618658, '_a0_': 1.0, '_a3_': 1.0, '_a4_': 1.0, '_a5_': 1.0}};{'d0': 0.024238514314967825};-278.105071555416;40.29650813546932
15955;-98.7560276422384;((((pow2((-(x) + _a2_)) + _a1_) ** _a7_) * (x * _a6_)) * _a2_);{'d0': {'_a1_': 0.5193355257545279, '_a2_': -0.31029638153353567, '_a6_': -9.900419466264331, '_a7_': 1.1384892718618658, '_a0_': 1.0, '_a3_': 1.0, '_a4_': 1.0, '_a5_': 1.0}};{'d0': 0.024238514314967825};-278.105071555416;40.29650813546932
15956;-98.7560276422384;((((pow2((-(x) + _a2_)) + _a1_) ** _a7_) * (x * _a6_)) * _a2_);{'d0': {'_a1_': 0.5193355257545279, '_a2_': -0.31029638153353567, '_a6_': -9.900419466264331, '_a7_': 1.1384892718618658, '_a0_': 1.0, '_a3_': 1.0, '_a4_': 1.0, '_a5_': 1.0}};{'d0': 0.024238514314967825};-278.105071555416;40.29650813546932
15957;-98.7560276422384;((((pow2((-(x) + _a2_)) + _a1_) ** _a7_) * (x * _a6_)) * _a2_);{'d0': {'_a1_': 0.5193355257545279, '_a2_': -0.31029638153353567, '_a6_': -9.900419466264331, '_a7_': 1.1384892718618658, '_a0_': 1.0, '_a3_': 1.0, '_a4_': 1.0, '_a5_': 1.0}};{'d0': 0.024238514314967825};-278.105071555416;40.29650813546932
15958;-98.7560276422384;((((pow2((-(x) + _a2_)) + _a1_) ** _a7_) * (x * _a6_)) * _a2_);{'d0': {'_a1_': 0.5193355257545279, '_a2_': -0.31029638153353567, '_a6_': -9.900419466264331, '_a7_': 1.1384892718618658, '_a0_': 1.0, '_a3_': 1.0, '_a4_': 1.0, '_a5_': 1.0}};{'d0': 0.024238514314967825};-278.105071555416;40.29650813546932
15959;-98.7560276422384;((((pow2((-(x) + _a2_)) + _a1_) ** _a7_) * (x * _a6_)) * _a2_);{'d0': {'_a1_': 0.5193355257545279, '_a2_': -0.31029638153353567, '_a6_': -9.900419466264331, '_a7_': 1.1384892718618658, '_a0_': 1.0, '_a3_': 1.0, '_a4_': 1.0, '_a5_': 1.0}};{'d0': 0.024238514314967825};-278.105071555416;40.29650813546932
15960;-98.6842001049106;((((pow2((-(x) + _a2_)) + _a1_) + _a7_) * (x * _a6_)) * _a2_);{'d0': {'_a1_': 1813.1981132454046, '_a2_': -0.31192970778827034, '_a6_': -10.82539045027699, '_a7_': -1812.7697216397687, '_a0_': 1.0, '_a3_': 1.0, '_a4_': 1.0, '_a5_': 1.0}};{'d0': 0.024905832919500312};-276.475521886620;39.55356083839932
15961;-98.6842001049106;((((pow2((-(x) + _a2_)) + _a1_) + _a7_) * (x * _a6_)) * _a2_);{'d0': {'_a1_': 1813.1981132454046, '_a2_': -0.31192970778827034, '_a6_': -10.82539045027699, '_a7_': -1812.7697216397687, '_a0_': 1.0, '_a3_': 1.0, '_a4_': 1.0, '_a5_': 1.0}};{'d0': 0.024905832919500312};-276.475521886620;39.55356083839932
15962;-98.6842001049106;((((pow2((-(x) + _a2_)) + _a1_) + _a7_) * (x * _a6_)) * _a2_);{'d0': {'_a1_': 1813.1981132454046, '_a2_': -0.31192970778827034, '_a6_': -10.82539045027699, '_a7_': -1812.7697216397687, '_a0_': 1.0, '_a3_': 1.0, '_a4_': 1.0, '_a5_': 1.0}};{'d0': 0.024905832919500312};-276.475521886620;39.55356083839932
15963;-98.6842001049106;((((pow2((-(x) + _a2_)) + _a1_) + _a7_) * (x * _a6_)) * _a2_);{'d0': {'_a1_': 1813.1981132454046, '_a2_': -0.31192970778827034, '_a6_': -10.82539045027699, '_a7_': -1812.7697216397687, '_a0_': 1.0, '_a3_': 1.0, '_a4_': 1.0, '_a5_': 1.0}};{'d0': 0.024905832919500312};-276.475521886620;39.55356083839932
15964;-98.6842001049106;((((pow2((-(x) + _a2_)) + _a1_) + _a7_) * (x * _a6_)) * _a2_);{'d0': {'_a1_': 1813.1981132454046, '_a2_': -0.31192970778827034, '_a6_': -10.82539045027699, '_a7_': -1812.7697216397687, '_a0_': 1.0, '_a3_': 1.0, '_a4_': 1.0, '_a5_': 1.0}};{'d0': 0.024905832919500312};-276.475521886620;39.55356083839932
15965;-98.6842001049106;((((pow2((-(x) + _a2_)) + _a1_) + _a7_) * (x * _a6_)) * _a2_);{'d0': {'_a1_': 1813.1981132454046, '_a2_': -0.31192970778827034, '_a6_': -10.82539045027699, '_a7_': -1812.7697216397687, '_a0_': 1.0, '_a3_': 1.0, '_a4_': 1.0, '_a5_': 1.0}};{'d0': 0.024905832919500312};-276.475521886620;39.55356083839932
15966;-73.0968344664433;((((pow2(((exp((_a6_ * _a0_)) * (x * (_a6_ / _a7_))) + (_a6_ * _a0_))) / (_a0_ * _a0_)) * _a7_) + _a0_) * x);{'d0': {'_a0_': 1.4465760894527977, '_a6_': 0.72870125886872, '_a7_': 0.6187493340526427, '_a1_': 1.0, '_a2_': 1.0, '_a3_': 1.0, '_a4_': 1.0, '_a5_': 1.0}};{'d0': 0.02490583291941667};-280.569866449043;67.18809875807861
15967;-73.0968344664433;((((pow2(((exp((_a6_ * _a0_)) * (x * (_a6_ / _a7_))) + (_a6_ * _a0_))) / (_a0_ * _a0_)) * _a7_) + _a0_) * x);{'d0': {'_a0_': 1.4465760894527977, '_a6_': 0.72870125886872, '_a7_': 0.6187493340526427, '_a1_': 1.0, '_a2_': 1.0, '_a3_': 1.0, '_a4_': 1.0, '_a5_': 1.0}};{'d0': 0.02490583291941667};-280.569866449043;67.18809875807861
15968;-73.0968344664433;((((pow2(((exp((_a6_ * _a0_)) * (x * (_a6_ / _a7_))) + (_a6_ * _a0_))) / (_a0_ * _a0_)) * _a7_) + _a0_) * x);{'d0': {'_a0_': 1.4465760894527977, '_a6_': 0.72870125886872, '_a7_': 0.6187493340526427, '_a1_': 1.0, '_a2_': 1.0, '_a3_': 1.0, '_a4_': 1.0, '_a5_': 1.0}};{'d0': 0.02490583291941667};-280.569866449043;67.18809875807861
15969;-78.2632462508663;((((pow2(((exp(_a7_) * (x * (_a6_ / _a7_))) + (_a6_ * _a0_))) / (_a0_ * _a0_)) * _a7_) + _a0_) * x);{'d0': {'_a0_': 1.4465760894128743, '_a6_': 1.069133619884356, '_a7_': 0.28744172559596887, '_a1_': 1.0, '_a2_': 1.0, '_a3_': 1.0, '_a4_': 1.0, '_a5_': 1.0}};{'d0': 0.024905832919416615};-280.569866449044;62.02168697365561
15970;-78.2632462508663;((((pow2(((exp(_a7_) * (x * (_a6_ / _a7_))) + (_a6_ * _a0_))) / (_a0_ * _a0_)) * _a7_) + _a0_) * x);{'d0': {'_a0_': 1.4465760894128743, '_a6_': 1.069133619884356, '_a7_': 0.28744172559596887, '_a1_': 1.0, '_a2_': 1.0, '_a3_': 1.0, '_a4_': 1.0, '_a5_': 1.0}};{'d0': 0.024905832919416615};-280.569866449044;62.02168697365561
15971;-78.2632462508663;((((pow2(((exp(_a7_) * (x * (_a6_ / _a7_))) + (_a6_ * _a0_))) / (_a0_ * _a0_)) * _a7_) + _a0_) * x);{'d0': {'_a0_': 1.4465760894128743, '_a6_': 1.069133619884356, '_a7_': 0.28744172559596887, '_a1_': 1.0, '_a2_': 1.0, '_a3_': 1.0, '_a4_': 1.0, '_a5_': 1.0}};{'d0': 0.024905832919416615};-280.569866449044;62.02168697365561
15972;-76.2160739696337;((((pow2(((exp(_a5_) * (x * (_a6_ / _a7_))) + (_a6_ * _a0_))) / (_a0_ * _a0_)) * _a7_) + _a0_) * x);{'d0': {'_a0_': 1.4465760891516295, '_a5_': 1.4430607857802717, '_a6_': 0.5999188248222512, '_a7_': 0.9129116890926304, '_a1_': 1.0, '_a2_': 1.0, '_a3_': 1.0, '_a4_': 1.0}};{'d0': 0.024905832919517545};-276.475521886578;62.02168697365561
15973;-81.3101284677698;((((pow2(((exp(_a5_) * (x * (_a6_ / _a7_))) + _a7_)) / (_a0_ * _a0_)) * _a7_) + _a0_) * x);{'d0': {'_a0_': 1.4465760882188419, '_a5_': 1.2711563818536664, '_a6_': 0.7005158203716468, '_a7_': 0.8826031017165048, '_a1_': 1.0, '_a2_': 1.0, '_a3_': 1.0, '_a4_': 1.0}};{'d0': 0.024905832919488426};-276.475521886648;56.92763247555461
15974;-81.3101284677698;((((pow2(((exp(_a5_) * (x * (_a6_ / _a7_))) + _a7_)) / (_a0_ * _a0_)) * _a7_) + _a0_) * x);{'d0': {'_a0_': 1.4465760882188419, '_a5_': 1.2711563818536664, '_a6_': 0.7005158203716468, '_a7_': 0.8826031017165048, '_a1_': 1.0, '_a2_': 1.0, '_a3_': 1.0, '_a4_': 1.0}};{'d0': 0.024905832919488426};-276.475521886648;56.92763247555461
15975;-81.3101284677698;((((pow2(((exp(_a5_) * (x * (_a6_ / _a7_))) + _a7_)) / (_a0_ * _a0_)) * _a7_) + _a0_) * x);{'d0': {'_a0_': 1.4465760882188419, '_a5_': 1.2711563818536664, '_a6_': 0.7005158203716468, '_a7_': 0.8826031017165048, '_a1_': 1.0, '_a2_': 1.0, '_a3_': 1.0, '_a4_': 1.0}};{'d0': 0.024905832919488426};-276.475521886648;56.92763247555461
15976;-81.3101284677698;((((pow2(((exp(_a5_) * (x * (_a6_ / _a7_))) + _a7_)) / (_a0_ * _a0_)) * _a7_) + _a0_) * x);{'d0': {'_a0_': 1.4465760882188419, '_a5_': 1.2711563818536664, '_a6_': 0.7005158203716468, '_a7_': 0.8826031017165048, '_a1_': 1.0, '_a2_': 1.0, '_a3_': 1.0, '_a4_': 1.0}};{'d0': 0.024905832919488426};-276.475521886648;56.92763247555461
15977;-81.3101284677698;((((pow2(((exp(_a5_) * (x * (_a6_ / _a7_))) + _a7_)) / (_a0_ * _a0_)) * _a7_) + _a0_) * x);{'d0': {'_a0_': 1.4465760882188419, '_a5_': 1.2711563818536664, '_a6_': 0.7005158203716468, '_a7_': 0.8826031017165048, '_a1_': 1.0, '_a2_': 1.0, '_a3_': 1.0, '_a4_': 1.0}};{'d0': 0.024905832919488426};-276.475521886648;56.92763247555461
15978;-86.6761966024289;((((pow2(((_a2_ * (x * (_a6_ / _a7_))) + _a7_)) / (_a0_ * _a0_)) * _a7_) + _a0_) * x);{'d0': {'_a0_': 1.4465760896147661, '_a2_': 2.0948324695994214, '_a6_': 1.1921333943730377, '_a7_': 0.8826031025474014, '_a1_': 1.0, '_a3_': 1.0, '_a4_': 1.0, '_a5_': 1.0}};{'d0': 0.024905832919489175};-276.475521886647;51.56156434089461
15979;-85.8963102155206;((((pow2(((_a2_ * (x * sin(_a3_))) + _a7_)) / (_a0_ * _a0_)) * _a7_) + _a0_) * x);{'d0': {'_a0_': 1.4465760890874448, '_a2_': 2.8302168942108312, '_a3_': 1.5481744742659431, '_a7_': 0.8826031022577143, '_a1_': 1.0, '_a4_': 1.0, '_a5_': 1.0, '_a6_': 1.0}};{'d0': 0.024905832929818447};-276.475521861763;52.341450715360935
15980;-87.4193648946693;((((pow2(((_a2_ * (x * (_a2_ * _a5_))) + _a7_)) / (_a0_ * _a0_)) * _a7_) + _a0_) * x);{'d0': {'_a0_': 1.446576089060021, '_a2_': 1.4584849781146232, '_a5_': 1.3301623143052832, '_a7_': 0.8826031021885987, '_a1_': 1.0, '_a3_': 1.0, '_a4_': 1.0, '_a6_': 1.0}};{'d0': 0.024905832934271472};-276.475521851035;50.81839603084841
15981;-98.6842001049106;((((pow2((-(x) + _a2_)) + _a1_) + _a7_) * (x * _a6_)) * _a2_);{'d0': {'_a1_': 1813.1981132454046, '_a2_': -0.31192970778827034, '_a6_': -10.82539045027699, '_a7_': -1812.7697216397687, '_a0_': 1.0, '_a3_': 1.0, '_a4_': 1.0, '_a5_': 1.0}};{'d0': 0.024905832919500312};-276.475521886620;39.55356083839932
15982;-98.6842001049106;((((pow2((-(x) + _a2_)) + _a1_) + _a7_) * (x * _a6_)) * _a2_);{'d0': {'_a1_': 1813.1981132454046, '_a2_': -0.31192970778827034, '_a6_': -10.82539045027699, '_a7_': -1812.7697216397687, '_a0_': 1.0, '_a3_': 1.0, '_a4_': 1.0, '_a5_': 1.0}};{'d0': 0.024905832919500312};-276.475521886620;39.55356083839932
15983;-98.6842001049106;((((pow2((-(x) + _a2_)) + _a1_) + _a7_) * (x * _a6_)) * _a2_);{'d0': {'_a1_': 1813.1981132454046, '_a2_': -0.31192970778827034, '_a6_': -10.82539045027699, '_a7_': -1812.7697216397687, '_a0_': 1.0, '_a3_': 1.0, '_a4_': 1.0, '_a5_': 1.0}};{'d0': 0.024905832919500312};-276.475521886620;39.55356083839932
15984;-98.6842001049106;((((pow2((-(x) + _a2_)) + _a1_) + _a7_) * (x * _a6_)) * _a2_);{'d0': {'_a1_': 1813.1981132454046, '_a2_': -0.31192970778827034, '_a6_': -10.82539045027699, '_a7_': -1812.7697216397687, '_a0_': 1.0, '_a3_': 1.0, '_a4_': 1.0, '_a5_': 1.0}};{'d0': 0.024905832919500312};-276.475521886620;39.55356083839932
15985;-98.6842001049106;((((pow2((-(x) + _a2_)) + _a1_) + _a7_) * (x * _a6_)) * _a2_);{'d0': {'_a1_': 1813.1981132454046, '_a2_': -0.31192970778827034, '_a6_': -10.82539045027699, '_a7_': -1812.7697216397687, '_a0_': 1.0, '_a3_': 1.0, '_a4_': 1.0, '_a5_': 1.0}};{'d0': 0.024905832919500312};-276.475521886620;39.55356083839932
15986;-98.6842001049106;((((pow2((-(x) + _a2_)) + _a1_) + _a7_) * (x * _a6_)) * _a2_);{'d0': {'_a1_': 1813.1981132454046, '_a2_': -0.31192970778827034, '_a6_': -10.82539045027699, '_a7_': -1812.7697216397687, '_a0_': 1.0, '_a3_': 1.0, '_a4_': 1.0, '_a5_': 1.0}};{'d0': 0.024905832919500312};-276.475521886620;39.55356083839932
15987;-98.6842001049106;((((pow2((-(x) + _a2_)) + _a1_) + _a7_) * (x * _a6_)) * _a2_);{'d0': {'_a1_': 1813.1981132454046, '_a2_': -0.31192970778827034, '_a6_': -10.82539045027699, '_a7_': -1812.7697216397687, '_a0_': 1.0, '_a3_': 1.0, '_a4_': 1.0, '_a5_': 1.0}};{'d0': 0.024905832919500312};-276.475521886620;39.55356083839932
15988;-98.6842001049106;((((pow2((-(x) + _a2_)) + _a1_) + _a7_) * (x * _a6_)) * _a2_);{'d0': {'_a1_': 1813.1981132454046, '_a2_': -0.31192970778827034, '_a6_': -10.82539045027699, '_a7_': -1812.7697216397687, '_a0_': 1.0, '_a3_': 1.0, '_a4_': 1.0, '_a5_': 1.0}};{'d0': 0.024905832919500312};-276.475521886620;39.55356083839932
15989;-98.6842001049106;((((pow2((-(x) + _a2_)) + _a1_) + _a7_) * (x * _a6_)) * _a2_);{'d0': {'_a1_': 1813.1981132454046, '_a2_': -0.31192970778827034, '_a6_': -10.82539045027699, '_a7_': -1812.7697216397687, '_a0_': 1.0, '_a3_': 1.0, '_a4_': 1.0, '_a5_': 1.0}};{'d0': 0.024905832919500312};-276.475521886620;39.55356083839932
15990;-98.6842001049106;((((pow2((-(x) + _a2_)) + _a1_) + _a7_) * (x * _a6_)) * _a2_);{'d0': {'_a1_': 1813.1981132454046, '_a2_': -0.31192970778827034, '_a6_': -10.82539045027699, '_a7_': -1812.7697216397687, '_a0_': 1.0, '_a3_': 1.0, '_a4_': 1.0, '_a5_': 1.0}};{'d0': 0.024905832919500312};-276.475521886620;39.55356083839932
15991;-98.6842001049106;((((pow2((-(x) + _a2_)) + _a1_) + _a7_) * (x * _a6_)) * _a2_);{'d0': {'_a1_': 1813.1981132454046, '_a2_': -0.31192970778827034, '_a6_': -10.82539045027699, '_a7_': -1812.7697216397687, '_a0_': 1.0, '_a3_': 1.0, '_a4_': 1.0, '_a5_': 1.0}};{'d0': 0.024905832919500312};-276.475521886620;39.55356083839932
15992;-100.360883458177;((((pow2(((_a2_ * (x * _a0_)) + _a7_)) * _a0_) * _a7_) + _a0_) * x);{'d0': {'_a0_': 1.4465760895706634, '_a2_': 1.3521539667003997, '_a7_': 0.6101325113393572, '_a1_': 1.0, '_a3_': 1.0, '_a4_': 1.0, '_a5_': 1.0, '_a6_': 1.0}};{'d0': 0.024905832919416695};-280.569866449043;39.92404976634501
15993;-100.360883458177;((((pow2(((_a2_ * (x * _a0_)) + _a7_)) * _a0_) * _a7_) + _a0_) * x);{'d0': {'_a0_': 1.4465760895706634, '_a2_': 1.3521539667003997, '_a7_': 0.6101325113393572, '_a1_': 1.0, '_a3_': 1.0, '_a4_': 1.0, '_a5_': 1.0, '_a6_': 1.0}};{'d0': 0.024905832919416695};-280.569866449043;39.92404976634501
15994;-100.731372386122;((((pow2((-(x) + _a2_)) + _a1_) + _a1_) * (x * _a6_)) * _a2_);{'d0': {'_a1_': 0.21419581394329987, '_a2_': -0.31192970770540007, '_a6_': -10.825390445902734, '_a0_': 1.0, '_a3_': 1.0, '_a4_': 1.0, '_a5_': 1.0, '_a7_': 1.0}};{'d0': 0.024905832919416716};-280.569866449043;39.55356083839932
15995;-100.731372386122;((((pow2((-(x) + _a2_)) + _a1_) + _a1_) * (x * _a6_)) * _a2_);{'d0': {'_a1_': 0.21419581394329987, '_a2_': -0.31192970770540007, '_a6_': -10.825390445902734, '_a0_': 1.0, '_a3_': 1.0, '_a4_': 1.0, '_a5_': 1.0, '_a7_': 1.0}};{'d0': 0.024905832919416716};-280.569866449043;39.55356083839932
15996;-100.731372386122;((((pow2((-(x) + _a2_)) + _a1_) + _a1_) * (x * _a6_)) * _a2_);{'d0': {'_a1_': 0.21419581394329987, '_a2_': -0.31192970770540007, '_a6_': -10.825390445902734, '_a0_': 1.0, '_a3_': 1.0, '_a4_': 1.0, '_a5_': 1.0, '_a7_': 1.0}};{'d0': 0.024905832919416716};-280.569866449043;39.55356083839932
15997;-100.731372386122;((((pow2((-(x) + _a2_)) + _a1_) + _a1_) * (x * _a6_)) * _a2_);{'d0': {'_a1_': 0.21419581394329987, '_a2_': -0.31192970770540007, '_a6_': -10.825390445902734, '_a0_': 1.0, '_a3_': 1.0, '_a4_': 1.0, '_a5_': 1.0, '_a7_': 1.0}};{'d0': 0.024905832919416716};-280.569866449043;39.55356083839932
15998;-100.731372386122;((((pow2((-(x) + _a2_)) + _a1_) + _a1_) * (x * _a6_)) * _a2_);{'d0': {'_a1_': 0.21419581394329987, '_a2_': -0.31192970770540007, '_a6_': -10.825390445902734, '_a0_': 1.0, '_a3_': 1.0, '_a4_': 1.0, '_a5_': 1.0, '_a7_': 1.0}};{'d0': 0.024905832919416716};-280.569866449043;39.55356083839932
15999;-91.3148681632565;((((pow2(((exp(_a0_) * (x * _a0_)) + _a7_)) * _a0_) * _a7_) + -(_a5_)) * x);{'d0': {'_a0_': 0.9139448481192939, '_a5_': -1.4465760893875907, '_a7_': 0.7110463833263484, '_a1_': 1.0, '_a2_': 1.0, '_a3_': 1.0, '_a4_': 1.0, '_a6_': 1.0}};{'d0': 0.024905832919416657};-280.569866449044;48.970065061265394
16000;-91.3148681632565;((((pow2(((exp(_a0_) * (x * _a0_)) + _a7_)) * _a0_) * _a7_) + -(_a5_)) * x);{'d0': {'_a0_': 0.9139448481192939, '_a5_': -1.4465760893875907, '_a7_': 0.7110463833263484, '_a1_': 1.0, '_a2_': 1.0, '_a3_': 1.0, '_a4_': 1.0, '_a6_': 1.0}};{'d0': 0.024905832919416657};-280.569866449044;48.970065061265394
16001;-91.5868817998156;((((pow2((((_a7_ * _a7_) * (x * _a0_)) + _a7_)) * _a0_) * _a7_) + -(_a5_)) * x);{'d0': {'_a0_': -10.014009530733825, '_a5_': -1.4465760894370294, '_a7_': -0.3201365506494181, '_a1_': 1.0, '_a2_': 1.0, '_a3_': 1.0, '_a4_': 1.0, '_a6_': 1.0}};{'d0': 0.024905832919416598};-280.569866449044;48.69805142470639
16002;-91.5868817998156;((((pow2((((_a7_ * _a7_) * (x * _a0_)) + _a7_)) * _a0_) * _a7_) + -(_a5_)) * x);{'d0': {'_a0_': -10.014009530733825, '_a5_': -1.4465760894370294, '_a7_': -0.3201365506494181, '_a1_': 1.0, '_a2_': 1.0, '_a3_': 1.0, '_a4_': 1.0, '_a6_': 1.0}};{'d0': 0.024905832919416598};-280.569866449044;48.69805142470639
16003;-100.731372386122;((((pow2((-(x) + _a2_)) + _a1_) + _a1_) * (x * _a6_)) * _a2_);{'d0': {'_a1_': 0.21419581394329987, '_a2_': -0.31192970770540007, '_a6_': -10.825390445902734, '_a0_': 1.0, '_a3_': 1.0, '_a4_': 1.0, '_a5_': 1.0, '_a7_': 1.0}};{'d0': 0.024905832919416716};-280.569866449043;39.55356083839932
16004;-100.731372386122;((((pow2((-(x) + _a2_)) + _a1_) + _a1_) * (x * _a6_)) * _a2_);{'d0': {'_a1_': 0.21419581394329987, '_a2_': -0.31192970770540007, '_a6_': -10.825390445902734, '_a0_': 1.0, '_a3_': 1.0, '_a4_': 1.0, '_a5_': 1.0, '_a7_': 1.0}};{'d0': 0.024905832919416716};-280.569866449043;39.55356083839932
16005;-100.731372386122;((((pow2((-(x) + _a2_)) + _a1_) + _a1_) * (x * _a6_)) * _a2_);{'d0': {'_a1_': 0.21419581394329987, '_a2_': -0.31192970770540007, '_a6_': -10.825390445902734, '_a0_': 1.0, '_a3_': 1.0, '_a4_': 1.0, '_a5_': 1.0, '_a7_': 1.0}};{'d0': 0.024905832919416716};-280.569866449043;39.55356083839932
16006;-100.731372386122;((((pow2((-(x) + _a2_)) + _a1_) + _a1_) * (x * _a6_)) * _a2_);{'d0': {'_a1_': 0.21419581394329987, '_a2_': -0.31192970770540007, '_a6_': -10.825390445902734, '_a0_': 1.0, '_a3_': 1.0, '_a4_': 1.0, '_a5_': 1.0, '_a7_': 1.0}};{'d0': 0.024905832919416716};-280.569866449043;39.55356083839932
16007;-100.731372386122;((((pow2((-(x) + _a2_)) + _a1_) + _a1_) * (x * _a6_)) * _a2_);{'d0': {'_a1_': 0.21419581394329987, '_a2_': -0.31192970770540007, '_a6_': -10.825390445902734, '_a0_': 1.0, '_a3_': 1.0, '_a4_': 1.0, '_a5_': 1.0, '_a7_': 1.0}};{'d0': 0.024905832919416716};-280.569866449043;39.55356083839932
16008;-100.731372386122;((((pow2((-(x) + _a2_)) + _a1_) + _a1_) * (x * _a6_)) * _a2_);{'d0': {'_a1_': 0.21419581394329987, '_a2_': -0.31192970770540007, '_a6_': -10.825390445902734, '_a0_': 1.0, '_a3_': 1.0, '_a4_': 1.0, '_a5_': 1.0, '_a7_': 1.0}};{'d0': 0.024905832919416716};-280.569866449043;39.55356083839932
16009;-100.731372386122;((((pow2((-(x) + _a2_)) + _a1_) + _a1_) * (x * _a6_)) * _a2_);{'d0': {'_a1_': 0.21419581394329987, '_a2_': -0.31192970770540007, '_a6_': -10.825390445902734, '_a0_': 1.0, '_a3_': 1.0, '_a4_': 1.0, '_a5_': 1.0, '_a7_': 1.0}};{'d0': 0.024905832919416716};-280.569866449043;39.55356083839932
16010;-100.731372386122;((((pow2((-(x) + _a2_)) + _a1_) + _a1_) * (x * _a6_)) * _a2_);{'d0': {'_a1_': 0.21419581394329987, '_a2_': -0.31192970770540007, '_a6_': -10.825390445902734, '_a0_': 1.0, '_a3_': 1.0, '_a4_': 1.0, '_a5_': 1.0, '_a7_': 1.0}};{'d0': 0.024905832919416716};-280.569866449043;39.55356083839932
16011;-100.731372386122;((((pow2((-(x) + _a2_)) + _a1_) + _a1_) * (x * _a6_)) * _a2_);{'d0': {'_a1_': 0.21419581394329987, '_a2_': -0.31192970770540007, '_a6_': -10.825390445902734, '_a0_': 1.0, '_a3_': 1.0, '_a4_': 1.0, '_a5_': 1.0, '_a7_': 1.0}};{'d0': 0.024905832919416716};-280.569866449043;39.55356083839932
16012;-100.731372386122;((((pow2((-(x) + _a2_)) + _a1_) + _a1_) * (x * _a6_)) * _a2_);{'d0': {'_a1_': 0.21419581394329987, '_a2_': -0.31192970770540007, '_a6_': -10.825390445902734, '_a0_': 1.0, '_a3_': 1.0, '_a4_': 1.0, '_a5_': 1.0, '_a7_': 1.0}};{'d0': 0.024905832919416716};-280.569866449043;39.55356083839932
16013;-100.731372386122;((((pow2((-(x) + _a2_)) + _a1_) + _a1_) * (x * _a6_)) * _a2_);{'d0': {'_a1_': 0.21419581394329987, '_a2_': -0.31192970770540007, '_a6_': -10.825390445902734, '_a0_': 1.0, '_a3_': 1.0, '_a4_': 1.0, '_a5_': 1.0, '_a7_': 1.0}};{'d0': 0.024905832919416716};-280.569866449043;39.55356083839932
16014;-100.731372386122;((((pow2((-(x) + _a2_)) + _a1_) + _a1_) * (x * _a6_)) * _a2_);{'d0': {'_a1_': 0.21419581394329987, '_a2_': -0.31192970770540007, '_a6_': -10.825390445902734, '_a0_': 1.0, '_a3_': 1.0, '_a4_': 1.0, '_a5_': 1.0, '_a7_': 1.0}};{'d0': 0.024905832919416716};-280.569866449043;39.55356083839932
16015;-100.731372386122;((((pow2((-(x) + _a2_)) + _a1_) + _a1_) * (x * _a6_)) * _a2_);{'d0': {'_a1_': 0.21419581394329987, '_a2_': -0.31192970770540007, '_a6_': -10.825390445902734, '_a0_': 1.0, '_a3_': 1.0, '_a4_': 1.0, '_a5_': 1.0, '_a7_': 1.0}};{'d0': 0.024905832919416716};-280.569866449043;39.55356083839932
16016;-100.731372386122;((((pow2((-(x) + _a2_)) + _a1_) + _a1_) * (x * _a6_)) * _a2_);{'d0': {'_a1_': 0.21419581394329987, '_a2_': -0.31192970770540007, '_a6_': -10.825390445902734, '_a0_': 1.0, '_a3_': 1.0, '_a4_': 1.0, '_a5_': 1.0, '_a7_': 1.0}};{'d0': 0.024905832919416716};-280.569866449043;39.55356083839932
16017;-100.731372386122;((((pow2((-(x) + _a2_)) + _a1_) + _a1_) * (x * _a6_)) * _a2_);{'d0': {'_a1_': 0.21419581394329987, '_a2_': -0.31192970770540007, '_a6_': -10.825390445902734, '_a0_': 1.0, '_a3_': 1.0, '_a4_': 1.0, '_a5_': 1.0, '_a7_': 1.0}};{'d0': 0.024905832919416716};-280.569866449043;39.55356083839932
16018;-100.731372386122;((((pow2((-(x) + _a2_)) + _a1_) + _a1_) * (x * _a6_)) * _a2_);{'d0': {'_a1_': 0.21419581394329987, '_a2_': -0.31192970770540007, '_a6_': -10.825390445902734, '_a0_': 1.0, '_a3_': 1.0, '_a4_': 1.0, '_a5_': 1.0, '_a7_': 1.0}};{'d0': 0.024905832919416716};-280.569866449043;39.55356083839932
16019;-100.731372386122;((((pow2((-(x) + _a2_)) + _a1_) + _a1_) * (x * _a6_)) * _a2_);{'d0': {'_a1_': 0.21419581394329987, '_a2_': -0.31192970770540007, '_a6_': -10.825390445902734, '_a0_': 1.0, '_a3_': 1.0, '_a4_': 1.0, '_a5_': 1.0, '_a7_': 1.0}};{'d0': 0.024905832919416716};-280.569866449043;39.55356083839932
16020;-100.731372386122;((((pow2((-(x) + _a2_)) + _a1_) + _a1_) * (x * _a6_)) * _a2_);{'d0': {'_a1_': 0.21419581394329987, '_a2_': -0.31192970770540007, '_a6_': -10.825390445902734, '_a0_': 1.0, '_a3_': 1.0, '_a4_': 1.0, '_a5_': 1.0, '_a7_': 1.0}};{'d0': 0.024905832919416716};-280.569866449043;39.55356083839932
16021;-100.731372386122;((((pow2((-(x) + _a2_)) + _a1_) + _a1_) * (x * _a6_)) * _a2_);{'d0': {'_a1_': 0.21419581394329987, '_a2_': -0.31192970770540007, '_a6_': -10.825390445902734, '_a0_': 1.0, '_a3_': 1.0, '_a4_': 1.0, '_a5_': 1.0, '_a7_': 1.0}};{'d0': 0.024905832919416716};-280.569866449043;39.55356083839932
16022;-91.5868817998156;((((pow2((((_a7_ * _a7_) * (x * _a0_)) + _a7_)) * _a0_) * _a7_) + -(_a5_)) * x);{'d0': {'_a0_': -10.014009530733825, '_a5_': -1.4465760894370294, '_a7_': -0.3201365506494181, '_a1_': 1.0, '_a2_': 1.0, '_a3_': 1.0, '_a4_': 1.0, '_a6_': 1.0}};{'d0': 0.024905832919416598};-280.569866449044;48.69805142470639
16023;-91.5868817998156;((((pow2((((_a7_ * _a7_) * (x * _a0_)) + _a7_)) * _a0_) * _a7_) + -(_a5_)) * x);{'d0': {'_a0_': -10.014009530733825, '_a5_': -1.4465760894370294, '_a7_': -0.3201365506494181, '_a1_': 1.0, '_a2_': 1.0, '_a3_': 1.0, '_a4_': 1.0, '_a6_': 1.0}};{'d0': 0.024905832919416598};-280.569866449044;48.69805142470639
16024;-91.5868817998156;((((pow2((((_a7_ * _a7_) * (x * _a0_)) + _a7_)) * _a0_) * _a7_) + -(_a5_)) * x);{'d0': {'_a0_': -10.014009530733825, '_a5_': -1.4465760894370294, '_a7_': -0.3201365506494181, '_a1_': 1.0, '_a2_': 1.0, '_a3_': 1.0, '_a4_': 1.0, '_a6_': 1.0}};{'d0': 0.024905832919416598};-280.569866449044;48.69805142470639
16025;-91.5868817998156;((((pow2((((_a7_ * _a7_) * (x * _a0_)) + _a7_)) * _a0_) * _a7_) + -(_a5_)) * x);{'d0': {'_a0_': -10.014009530733825, '_a5_': -1.4465760894370294, '_a7_': -0.3201365506494181, '_a1_': 1.0, '_a2_': 1.0, '_a3_': 1.0, '_a4_': 1.0, '_a6_': 1.0}};{'d0': 0.024905832919416598};-280.569866449044;48.69805142470639
16026;-91.5868817998156;((((pow2((((_a7_ * _a7_) * (x * _a0_)) + _a7_)) * _a0_) * _a7_) + -(_a5_)) * x);{'d0': {'_a0_': -10.014009530733825, '_a5_': -1.4465760894370294, '_a7_': -0.3201365506494181, '_a1_': 1.0, '_a2_': 1.0, '_a3_': 1.0, '_a4_': 1.0, '_a6_': 1.0}};{'d0': 0.024905832919416598};-280.569866449044;48.69805142470639
16027;-91.5868817998156;((((pow2((((_a7_ * _a7_) * (x * _a0_)) + _a7_)) * _a0_) * _a7_) + -(_a5_)) * x);{'d0': {'_a0_': -10.014009530733825, '_a5_': -1.4465760894370294, '_a7_': -0.3201365506494181, '_a1_': 1.0, '_a2_': 1.0, '_a3_': 1.0, '_a4_': 1.0, '_a6_': 1.0}};{'d0': 0.024905832919416598};-280.569866449044;48.69805142470639
16028;-91.5868817998156;((((pow2((((_a7_ * _a7_) * (x * _a0_)) + _a7_)) * _a0_) * _a7_) + -(_a5_)) * x);{'d0': {'_a0_': -10.014009530733825, '_a5_': -1.4465760894370294, '_a7_': -0.3201365506494181, '_a1_': 1.0, '_a2_': 1.0, '_a3_': 1.0, '_a4_': 1.0, '_a6_': 1.0}};{'d0': 0.024905832919416598};-280.569866449044;48.69805142470639
16029;-91.5868817998156;((((pow2((((_a7_ * _a7_) * (x * _a0_)) + _a7_)) * _a0_) * _a7_) + -(_a5_)) * x);{'d0': {'_a0_': -10.014009530733825, '_a5_': -1.4465760894370294, '_a7_': -0.3201365506494181, '_a1_': 1.0, '_a2_': 1.0, '_a3_': 1.0, '_a4_': 1.0, '_a6_': 1.0}};{'d0': 0.024905832919416598};-280.569866449044;48.69805142470639
16030;-91.5868817998156;((((pow2((((_a7_ * _a7_) * (x * _a0_)) + _a7_)) * _a0_) * _a7_) + -(_a5_)) * x);{'d0': {'_a0_': -10.014009530733825, '_a5_': -1.4465760894370294, '_a7_': -0.3201365506494181, '_a1_': 1.0, '_a2_': 1.0, '_a3_': 1.0, '_a4_': 1.0, '_a6_': 1.0}};{'d0': 0.024905832919416598};-280.569866449044;48.69805142470639
16031;-91.5868817998156;((((pow2((((_a7_ * _a7_) * (x * _a0_)) + _a7_)) * _a0_) * _a7_) + -(_a5_)) * x);{'d0': {'_a0_': -10.014009530733825, '_a5_': -1.4465760894370294, '_a7_': -0.3201365506494181, '_a1_': 1.0, '_a2_': 1.0, '_a3_': 1.0, '_a4_': 1.0, '_a6_': 1.0}};{'d0': 0.024905832919416598};-280.569866449044;48.69805142470639
16032;-91.5868817998156;((((pow2((((_a7_ * _a7_) * (x * _a0_)) + _a7_)) * _a0_) * _a7_) + -(_a5_)) * x);{'d0': {'_a0_': -10.014009530733825, '_a5_': -1.4465760894370294, '_a7_': -0.3201365506494181, '_a1_': 1.0, '_a2_': 1.0, '_a3_': 1.0, '_a4_': 1.0, '_a6_': 1.0}};{'d0': 0.024905832919416598};-280.569866449044;48.69805142470639
16033;-91.5868817998156;((((pow2((((_a7_ * _a7_) * (x * _a0_)) + _a7_)) * _a0_) * _a7_) + -(_a5_)) * x);{'d0': {'_a0_': -10.014009530733825, '_a5_': -1.4465760894370294, '_a7_': -0.3201365506494181, '_a1_': 1.0, '_a2_': 1.0, '_a3_': 1.0, '_a4_': 1.0, '_a6_': 1.0}};{'d0': 0.024905832919416598};-280.569866449044;48.69805142470639
16034;-91.5868817998156;((((pow2((((_a7_ * _a7_) * (x * _a0_)) + _a7_)) * _a0_) * _a7_) + -(_a5_)) * x);{'d0': {'_a0_': -10.014009530733825, '_a5_': -1.4465760894370294, '_a7_': -0.3201365506494181, '_a1_': 1.0, '_a2_': 1.0, '_a3_': 1.0, '_a4_': 1.0, '_a6_': 1.0}};{'d0': 0.024905832919416598};-280.569866449044;48.69805142470639
16035;-91.5868817998156;((((pow2((((_a7_ * _a7_) * (x * _a0_)) + _a7_)) * _a0_) * _a7_) + -(_a5_)) * x);{'d0': {'_a0_': -10.014009530733825, '_a5_': -1.4465760894370294, '_a7_': -0.3201365506494181, '_a1_': 1.0, '_a2_': 1.0, '_a3_': 1.0, '_a4_': 1.0, '_a6_': 1.0}};{'d0': 0.024905832919416598};-280.569866449044;48.69805142470639
16036;-91.5868817998156;((((pow2((((_a7_ * _a7_) * (x * _a0_)) + _a7_)) * _a0_) * _a7_) + -(_a5_)) * x);{'d0': {'_a0_': -10.014009530733825, '_a5_': -1.4465760894370294, '_a7_': -0.3201365506494181, '_a1_': 1.0, '_a2_': 1.0, '_a3_': 1.0, '_a4_': 1.0, '_a6_': 1.0}};{'d0': 0.024905832919416598};-280.569866449044;48.69805142470639
16037;-91.5868817998156;((((pow2((((_a7_ * _a7_) * (x * _a0_)) + _a7_)) * _a0_) * _a7_) + -(_a5_)) * x);{'d0': {'_a0_': -10.014009530733825, '_a5_': -1.4465760894370294, '_a7_': -0.3201365506494181, '_a1_': 1.0, '_a2_': 1.0, '_a3_': 1.0, '_a4_': 1.0, '_a6_': 1.0}};{'d0': 0.024905832919416598};-280.569866449044;48.69805142470639
16038;-91.5868817998156;((((pow2((((_a7_ * _a7_) * (x * _a0_)) + _a7_)) * _a0_) * _a7_) + -(_a5_)) * x);{'d0': {'_a0_': -10.014009530733825, '_a5_': -1.4465760894370294, '_a7_': -0.3201365506494181, '_a1_': 1.0, '_a2_': 1.0, '_a3_': 1.0, '_a4_': 1.0, '_a6_': 1.0}};{'d0': 0.024905832919416598};-280.569866449044;48.69805142470639
16039;-91.5868817998156;((((pow2((((_a7_ * _a7_) * (x * _a0_)) + _a7_)) * _a0_) * _a7_) + -(_a5_)) * x);{'d0': {'_a0_': -10.014009530733825, '_a5_': -1.4465760894370294, '_a7_': -0.3201365506494181, '_a1_': 1.0, '_a2_': 1.0, '_a3_': 1.0, '_a4_': 1.0, '_a6_': 1.0}};{'d0': 0.024905832919416598};-280.569866449044;48.69805142470639
16040;-91.5868817998156;((((pow2((((_a7_ * _a7_) * (x * _a0_)) + _a7_)) * _a0_) * _a7_) + -(_a5_)) * x);{'d0': {'_a0_': -10.014009530733825, '_a5_': -1.4465760894370294, '_a7_': -0.3201365506494181, '_a1_': 1.0, '_a2_': 1.0, '_a3_': 1.0, '_a4_': 1.0, '_a6_': 1.0}};{'d0': 0.024905832919416598};-280.569866449044;48.69805142470639
16041;-91.5868817998156;((((pow2((((_a7_ * _a7_) * (x * _a0_)) + _a7_)) * _a0_) * _a7_) + -(_a5_)) * x);{'d0': {'_a0_': -10.014009530733825, '_a5_': -1.4465760894370294, '_a7_': -0.3201365506494181, '_a1_': 1.0, '_a2_': 1.0, '_a3_': 1.0, '_a4_': 1.0, '_a6_': 1.0}};{'d0': 0.024905832919416598};-280.569866449044;48.69805142470639
16042;-91.5868817998156;((((pow2((((_a7_ * _a7_) * (x * _a0_)) + _a7_)) * _a0_) * _a7_) + -(_a5_)) * x);{'d0': {'_a0_': -10.014009530733825, '_a5_': -1.4465760894370294, '_a7_': -0.3201365506494181, '_a1_': 1.0, '_a2_': 1.0, '_a3_': 1.0, '_a4_': 1.0, '_a6_': 1.0}};{'d0': 0.024905832919416598};-280.569866449044;48.69805142470639
16043;-91.5868817998156;((((pow2((((_a7_ * _a7_) * (x * _a0_)) + _a7_)) * _a0_) * _a7_) + -(_a5_)) * x);{'d0': {'_a0_': -10.014009530733825, '_a5_': -1.4465760894370294, '_a7_': -0.3201365506494181, '_a1_': 1.0, '_a2_': 1.0, '_a3_': 1.0, '_a4_': 1.0, '_a6_': 1.0}};{'d0': 0.024905832919416598};-280.569866449044;48.69805142470639
16044;-91.5868817998156;((((pow2((((_a7_ * _a7_) * (x * _a0_)) + _a7_)) * _a0_) * _a7_) + -(_a5_)) * x);{'d0': {'_a0_': -10.014009530733825, '_a5_': -1.4465760894370294, '_a7_': -0.3201365506494181, '_a1_': 1.0, '_a2_': 1.0, '_a3_': 1.0, '_a4_': 1.0, '_a6_': 1.0}};{'d0': 0.024905832919416598};-280.569866449044;48.69805142470639
16045;-91.5868817998156;((((pow2((((_a7_ * _a7_) * (x * _a0_)) + _a7_)) * _a0_) * _a7_) + -(_a5_)) * x);{'d0': {'_a0_': -10.014009530733825, '_a5_': -1.4465760894370294, '_a7_': -0.3201365506494181, '_a1_': 1.0, '_a2_': 1.0, '_a3_': 1.0, '_a4_': 1.0, '_a6_': 1.0}};{'d0': 0.024905832919416598};-280.569866449044;48.69805142470639
16046;-91.5868817998156;((((pow2((((_a7_ * _a7_) * (x * _a0_)) + _a7_)) * _a0_) * _a7_) + -(_a5_)) * x);{'d0': {'_a0_': -10.014009530733825, '_a5_': -1.4465760894370294, '_a7_': -0.3201365506494181, '_a1_': 1.0, '_a2_': 1.0, '_a3_': 1.0, '_a4_': 1.0, '_a6_': 1.0}};{'d0': 0.024905832919416598};-280.569866449044;48.69805142470639
16047;-91.5868817998156;((((pow2((((_a7_ * _a7_) * (x * _a0_)) + _a7_)) * _a0_) * _a7_) + -(_a5_)) * x);{'d0': {'_a0_': -10.014009530733825, '_a5_': -1.4465760894370294, '_a7_': -0.3201365506494181, '_a1_': 1.0, '_a2_': 1.0, '_a3_': 1.0, '_a4_': 1.0, '_a6_': 1.0}};{'d0': 0.024905832919416598};-280.569866449044;48.69805142470639
16048;-89.5397094934996;((((pow2((((_a7_ * _a4_) * (x * _a0_)) + _a7_)) * _a0_) * _a7_) + -(_a5_)) * x);{'d0': {'_a0_': -21.24253799752122, '_a4_': -0.15091649575245492, '_a5_': -1.4465760892047417, '_a7_': -0.24915470620642816, '_a1_': 1.0, '_a2_': 1.0, '_a3_': 1.0, '_a6_': 1.0}};{'d0': 0.02490583294034159};-276.475521836412;48.69805142470639
16049;-89.5397094934996;((((pow2((((_a7_ * _a4_) * (x * _a0_)) + _a7_)) * _a0_) * _a7_) + -(_a5_)) * x);{'d0': {'_a0_': -21.24253799752122, '_a4_': -0.15091649575245492, '_a5_': -1.4465760892047417, '_a7_': -0.24915470620642816, '_a1_': 1.0, '_a2_': 1.0, '_a3_': 1.0, '_a6_': 1.0}};{'d0': 0.02490583294034159};-276.475521836412;48.69805142470639
16050;-89.5397094934996;((((pow2((((_a7_ * _a4_) * (x * _a0_)) + _a7_)) * _a0_) * _a7_) + -(_a5_)) * x);{'d0': {'_a0_': -21.24253799752122, '_a4_': -0.15091649575245492, '_a5_': -1.4465760892047417, '_a7_': -0.24915470620642816, '_a1_': 1.0, '_a2_': 1.0, '_a3_': 1.0, '_a6_': 1.0}};{'d0': 0.02490583294034159};-276.475521836412;48.69805142470639
16051;-89.5397094934996;((((pow2((((_a7_ * _a4_) * (x * _a0_)) + _a7_)) * _a0_) * _a7_) + -(_a5_)) * x);{'d0': {'_a0_': -21.24253799752122, '_a4_': -0.15091649575245492, '_a5_': -1.4465760892047417, '_a7_': -0.24915470620642816, '_a1_': 1.0, '_a2_': 1.0, '_a3_': 1.0, '_a6_': 1.0}};{'d0': 0.02490583294034159};-276.475521836412;48.69805142470639
16052;-89.5397094934996;((((pow2((((_a7_ * _a4_) * (x * _a0_)) + _a7_)) * _a0_) * _a7_) + -(_a5_)) * x);{'d0': {'_a0_': -21.24253799752122, '_a4_': -0.15091649575245492, '_a5_': -1.4465760892047417, '_a7_': -0.24915470620642816, '_a1_': 1.0, '_a2_': 1.0, '_a3_': 1.0, '_a6_': 1.0}};{'d0': 0.02490583294034159};-276.475521836412;48.69805142470639
16053;-89.5397094934996;((((pow2((((_a7_ * _a4_) * (x * _a0_)) + _a7_)) * _a0_) * _a7_) + -(_a5_)) * x);{'d0': {'_a0_': -21.24253799752122, '_a4_': -0.15091649575245492, '_a5_': -1.4465760892047417, '_a7_': -0.24915470620642816, '_a1_': 1.0, '_a2_': 1.0, '_a3_': 1.0, '_a6_': 1.0}};{'d0': 0.02490583294034159};-276.475521836412;48.69805142470639
16054;-89.5397094934996;((((pow2((((_a7_ * _a4_) * (x * _a0_)) + _a7_)) * _a0_) * _a7_) + -(_a5_)) * x);{'d0': {'_a0_': -21.24253799752122, '_a4_': -0.15091649575245492, '_a5_': -1.4465760892047417, '_a7_': -0.24915470620642816, '_a1_': 1.0, '_a2_': 1.0, '_a3_': 1.0, '_a6_': 1.0}};{'d0': 0.02490583294034159};-276.475521836412;48.69805142470639
16055;-89.5397095176958;((((pow2((((_a5_ * _a4_) * (x * _a0_)) + _a7_)) * _a0_) * _a7_) + -(_a5_)) * x);{'d0': {'_a0_': -3.000482597718763, '_a4_': -0.3533608157424829, '_a5_': -1.446576089311334, '_a7_': -0.4784180452659244, '_a1_': 1.0, '_a2_': 1.0, '_a3_': 1.0, '_a6_': 1.0}};{'d0': 0.02490583292025401};-276.475521884804;48.69805142470639
16056;-89.5397095176958;((((pow2((((_a5_ * _a4_) * (x * _a0_)) + _a7_)) * _a0_) * _a7_) + -(_a5_)) * x);{'d0': {'_a0_': -3.000482597718763, '_a4_': -0.3533608157424829, '_a5_': -1.446576089311334, '_a7_': -0.4784180452659244, '_a1_': 1.0, '_a2_': 1.0, '_a3_': 1.0, '_a6_': 1.0}};{'d0': 0.02490583292025401};-276.475521884804;48.69805142470639
16057;-89.5397095176958;((((pow2((((_a5_ * _a4_) * (x * _a0_)) + _a7_)) * _a0_) * _a7_) + -(_a5_)) * x);{'d0': {'_a0_': -3.000482597718763, '_a4_': -0.3533608157424829, '_a5_': -1.446576089311334, '_a7_': -0.4784180452659244, '_a1_': 1.0, '_a2_': 1.0, '_a3_': 1.0, '_a6_': 1.0}};{'d0': 0.02490583292025401};-276.475521884804;48.69805142470639
16058;-89.5397095176958;((((pow2((((_a5_ * _a4_) * (x * _a0_)) + _a7_)) * _a0_) * _a7_) + -(_a5_)) * x);{'d0': {'_a0_': -3.000482597718763, '_a4_': -0.3533608157424829, '_a5_': -1.446576089311334, '_a7_': -0.4784180452659244, '_a1_': 1.0, '_a2_': 1.0, '_a3_': 1.0, '_a6_': 1.0}};{'d0': 0.02490583292025401};-276.475521884804;48.69805142470639
16059;-89.5397095176958;((((pow2((((_a5_ * _a4_) * (x * _a0_)) + _a7_)) * _a0_) * _a7_) + -(_a5_)) * x);{'d0': {'_a0_': -3.000482597718763, '_a4_': -0.3533608157424829, '_a5_': -1.446576089311334, '_a7_': -0.4784180452659244, '_a1_': 1.0, '_a2_': 1.0, '_a3_': 1.0, '_a6_': 1.0}};{'d0': 0.02490583292025401};-276.475521884804;48.69805142470639
16060;-90.9358295437266;((((pow2(((pow2(_a6_) * (x * _a0_)) + _a7_)) * _a0_) * _a7_) + -(_a5_)) * x);{'d0': {'_a0_': -5.902685582551396, '_a5_': -1.4465760892788466, '_a6_': 0.45538020601197055, '_a7_': -0.3818165124764161, '_a1_': 1.0, '_a2_': 1.0, '_a3_': 1.0, '_a4_': 1.0}};{'d0': 0.024905832919805873};-276.475521885884;47.30193139921539
16061;-90.9358295437266;((((pow2(((pow2(_a6_) * (x * _a0_)) + _a7_)) * _a0_) * _a7_) + -(_a5_)) * x);{'d0': {'_a0_': -5.902685582551396, '_a5_': -1.4465760892788466, '_a6_': 0.45538020601197055, '_a7_': -0.3818165124764161, '_a1_': 1.0, '_a2_': 1.0, '_a3_': 1.0, '_a4_': 1.0}};{'d0': 0.024905832919805873};-276.475521885884;47.30193139921539
16062;-90.9358295437266;((((pow2(((pow2(_a6_) * (x * _a0_)) + _a7_)) * _a0_) * _a7_) + -(_a5_)) * x);{'d0': {'_a0_': -5.902685582551396, '_a5_': -1.4465760892788466, '_a6_': 0.45538020601197055, '_a7_': -0.3818165124764161, '_a1_': 1.0, '_a2_': 1.0, '_a3_': 1.0, '_a4_': 1.0}};{'d0': 0.024905832919805873};-276.475521885884;47.30193139921539
16063;-90.9358295437266;((((pow2(((pow2(_a6_) * (x * _a0_)) + _a7_)) * _a0_) * _a7_) + -(_a5_)) * x);{'d0': {'_a0_': -5.902685582551396, '_a5_': -1.4465760892788466, '_a6_': 0.45538020601197055, '_a7_': -0.3818165124764161, '_a1_': 1.0, '_a2_': 1.0, '_a3_': 1.0, '_a4_': 1.0}};{'d0': 0.024905832919805873};-276.475521885884;47.30193139921539
16064;-90.9358295437266;((((pow2(((pow2(_a6_) * (x * _a0_)) + _a7_)) * _a0_) * _a7_) + -(_a5_)) * x);{'d0': {'_a0_': -5.902685582551396, '_a5_': -1.4465760892788466, '_a6_': 0.45538020601197055, '_a7_': -0.3818165124764161, '_a1_': 1.0, '_a2_': 1.0, '_a3_': 1.0, '_a4_': 1.0}};{'d0': 0.024905832919805873};-276.475521885884;47.30193139921539
16065;-90.9358295437266;((((pow2(((pow2(_a6_) * (x * _a0_)) + _a7_)) * _a0_) * _a7_) + -(_a5_)) * x);{'d0': {'_a0_': -5.902685582551396, '_a5_': -1.4465760892788466, '_a6_': 0.45538020601197055, '_a7_': -0.3818165124764161, '_a1_': 1.0, '_a2_': 1.0, '_a3_': 1.0, '_a4_': 1.0}};{'d0': 0.024905832919805873};-276.475521885884;47.30193139921539
16066;-90.9358295437266;((((pow2(((pow2(_a6_) * (x * _a0_)) + _a7_)) * _a0_) * _a7_) + -(_a5_)) * x);{'d0': {'_a0_': -5.902685582551396, '_a5_': -1.4465760892788466, '_a6_': 0.45538020601197055, '_a7_': -0.3818165124764161, '_a1_': 1.0, '_a2_': 1.0, '_a3_': 1.0, '_a4_': 1.0}};{'d0': 0.024905832919805873};-276.475521885884;47.30193139921539
16067;-90.9358295437266;((((pow2(((pow2(_a6_) * (x * _a0_)) + _a7_)) * _a0_) * _a7_) + -(_a5_)) * x);{'d0': {'_a0_': -5.902685582551396, '_a5_': -1.4465760892788466, '_a6_': 0.45538020601197055, '_a7_': -0.3818165124764161, '_a1_': 1.0, '_a2_': 1.0, '_a3_': 1.0, '_a4_': 1.0}};{'d0': 0.024905832919805873};-276.475521885884;47.30193139921539
16068;-90.9358295437266;((((pow2(((pow2(_a6_) * (x * _a0_)) + _a7_)) * _a0_) * _a7_) + -(_a5_)) * x);{'d0': {'_a0_': -5.902685582551396, '_a5_': -1.4465760892788466, '_a6_': 0.45538020601197055, '_a7_': -0.3818165124764161, '_a1_': 1.0, '_a2_': 1.0, '_a3_': 1.0, '_a4_': 1.0}};{'d0': 0.024905832919805873};-276.475521885884;47.30193139921539
16069;-90.9358295437266;((((pow2(((pow2(_a6_) * (x * _a0_)) + _a7_)) * _a0_) * _a7_) + -(_a5_)) * x);{'d0': {'_a0_': -5.902685582551396, '_a5_': -1.4465760892788466, '_a6_': 0.45538020601197055, '_a7_': -0.3818165124764161, '_a1_': 1.0, '_a2_': 1.0, '_a3_': 1.0, '_a4_': 1.0}};{'d0': 0.024905832919805873};-276.475521885884;47.30193139921539
16070;-88.8886572617357;((((pow2(((pow2(_a6_) * (x * _a0_)) + _a1_)) * _a0_) * _a7_) + -(_a5_)) * x);{'d0': {'_a0_': -7.577898995066618, '_a1_': -0.5902009036145184, '_a5_': -1.4465760894486606, '_a6_': 0.4996859818056929, '_a7_': -0.12447011402872585, '_a2_': 1.0, '_a3_': 1.0, '_a4_': 1.0}};{'d0': 0.024905832920536355};-272.381177321902;47.30193139921539
16071;-90.9358295429109;((((pow2(((pow2(_a6_) * (x * _a0_)) + _a1_)) * _a0_) * _a7_) + -(_a0_)) * x);{'d0': {'_a0_': -1.4465760891575123, '_a1_': -0.7987992410454793, '_a6_': 1.3305151288639063, '_a7_': -0.3559566214978946, '_a2_': 1.0, '_a3_': 1.0, '_a4_': 1.0, '_a5_': 1.0}};{'d0': 0.02490583292048307};-276.475521884252;47.30193139921539
16072;-90.9358295429109;((((pow2(((pow2(_a6_) * (x * _a0_)) + _a1_)) * _a0_) * _a7_) + -(_a0_)) * x);{'d0': {'_a0_': -1.4465760891575123, '_a1_': -0.7987992410454793, '_a6_': 1.3305151288639063, '_a7_': -0.3559566214978946, '_a2_': 1.0, '_a3_': 1.0, '_a4_': 1.0, '_a5_': 1.0}};{'d0': 0.02490583292048307};-276.475521884252;47.30193139921539
16073;-90.9358295429109;((((pow2(((pow2(_a6_) * (x * _a0_)) + _a1_)) * _a0_) * _a7_) + -(_a0_)) * x);{'d0': {'_a0_': -1.4465760891575123, '_a1_': -0.7987992410454793, '_a6_': 1.3305151288639063, '_a7_': -0.3559566214978946, '_a2_': 1.0, '_a3_': 1.0, '_a4_': 1.0, '_a5_': 1.0}};{'d0': 0.02490583292048307};-276.475521884252;47.30193139921539
16074;-87.8889473272056;((((pow2(((pow2(_a6_) * (x * _a0_)) + (_a6_ * _a7_))) * _a0_) * _a7_) + -(_a0_)) * x);{'d0': {'_a0_': -1.4465760897780966, '_a6_': 1.198438322050047, '_a7_': -0.5407713924432153, '_a1_': 1.0, '_a2_': 1.0, '_a3_': 1.0, '_a4_': 1.0, '_a5_': 1.0}};{'d0': 0.02490583291941661};-280.569866449044;52.39598589731639
16075;-87.8889473272055;((((pow2(((pow2(_a6_) * (x * _a0_)) + (_a6_ * _a0_))) * _a0_) * _a7_) + -(_a0_)) * x);{'d0': {'_a0_': -1.4465760892731159, '_a6_': 3.2058504682788467, '_a7_': -0.010560960414533839, '_a1_': 1.0, '_a2_': 1.0, '_a3_': 1.0, '_a4_': 1.0, '_a5_': 1.0}};{'d0': 0.02490583291941663};-280.569866449044;52.39598589731639
16076;-87.8889473272055;((((pow2(((pow2(_a6_) * (x * _a0_)) + (_a6_ * _a0_))) * _a0_) * _a7_) + -(_a0_)) * x);{'d0': {'_a0_': -1.4465760892731159, '_a6_': 3.2058504682788467, '_a7_': -0.010560960414533839, '_a1_': 1.0, '_a2_': 1.0, '_a3_': 1.0, '_a4_': 1.0, '_a5_': 1.0}};{'d0': 0.02490583291941663};-280.569866449044;52.39598589731639
16077;-87.8889473272055;((((pow2(((pow2(_a6_) * (x * _a0_)) + (_a6_ * _a0_))) * _a0_) * _a7_) + -(_a0_)) * x);{'d0': {'_a0_': -1.4465760892731159, '_a6_': 3.2058504682788467, '_a7_': -0.010560960414533839, '_a1_': 1.0, '_a2_': 1.0, '_a3_': 1.0, '_a4_': 1.0, '_a5_': 1.0}};{'d0': 0.02490583291941663};-280.569866449044;52.39598589731639
16078;-87.8889473272055;((((pow2(((pow2(_a6_) * (x * _a0_)) + (_a6_ * _a0_))) * _a0_) * _a7_) + -(_a0_)) * x);{'d0': {'_a0_': -1.4465760892731159, '_a6_': 3.2058504682788467, '_a7_': -0.010560960414533839, '_a1_': 1.0, '_a2_': 1.0, '_a3_': 1.0, '_a4_': 1.0, '_a5_': 1.0}};{'d0': 0.02490583291941663};-280.569866449044;52.39598589731639
16079;-87.8889473272055;((((pow2(((pow2(_a6_) * (x * _a0_)) + (_a6_ * _a0_))) * _a0_) * _a7_) + -(_a0_)) * x);{'d0': {'_a0_': -1.4465760892731159, '_a6_': 3.2058504682788467, '_a7_': -0.010560960414533839, '_a1_': 1.0, '_a2_': 1.0, '_a3_': 1.0, '_a4_': 1.0, '_a5_': 1.0}};{'d0': 0.02490583291941663};-280.569866449044;52.39598589731639
16080;-87.8889473272055;((((pow2(((pow2(_a6_) * (x * _a0_)) + (_a6_ * _a0_))) * _a0_) * _a7_) + -(_a0_)) * x);{'d0': {'_a0_': -1.4465760892731159, '_a6_': 3.2058504682788467, '_a7_': -0.010560960414533839, '_a1_': 1.0, '_a2_': 1.0, '_a3_': 1.0, '_a4_': 1.0, '_a5_': 1.0}};{'d0': 0.02490583291941663};-280.569866449044;52.39598589731639
16081;-87.8889473272055;((((pow2(((pow2(_a6_) * (x * _a0_)) + (_a6_ * _a0_))) * _a0_) * _a7_) + -(_a0_)) * x);{'d0': {'_a0_': -1.4465760892731159, '_a6_': 3.2058504682788467, '_a7_': -0.010560960414533839, '_a1_': 1.0, '_a2_': 1.0, '_a3_': 1.0, '_a4_': 1.0, '_a5_': 1.0}};{'d0': 0.02490583291941663};-280.569866449044;52.39598589731639
16082;-87.8889473272055;((((pow2(((pow2(_a6_) * (x * _a0_)) + (_a6_ * _a0_))) * _a0_) * _a7_) + -(_a0_)) * x);{'d0': {'_a0_': -1.4465760892731159, '_a6_': 3.2058504682788467, '_a7_': -0.010560960414533839, '_a1_': 1.0, '_a2_': 1.0, '_a3_': 1.0, '_a4_': 1.0, '_a5_': 1.0}};{'d0': 0.02490583291941663};-280.569866449044;52.39598589731639
16083;-87.8889473272055;((((pow2(((pow2(_a6_) * (x * _a0_)) + (_a6_ * _a0_))) * _a0_) * _a7_) + -(_a0_)) * x);{'d0': {'_a0_': -1.4465760892731159, '_a6_': 3.2058504682788467, '_a7_': -0.010560960414533839, '_a1_': 1.0, '_a2_': 1.0, '_a3_': 1.0, '_a4_': 1.0, '_a5_': 1.0}};{'d0': 0.02490583291941663};-280.569866449044;52.39598589731639
16084;-87.8889473272055;((((pow2(((pow2(_a6_) * (x * _a0_)) + (_a6_ * _a0_))) * _a0_) * _a7_) + -(_a0_)) * x);{'d0': {'_a0_': -1.4465760892731159, '_a6_': 3.2058504682788467, '_a7_': -0.010560960414533839, '_a1_': 1.0, '_a2_': 1.0, '_a3_': 1.0, '_a4_': 1.0, '_a5_': 1.0}};{'d0': 0.02490583291941663};-280.569866449044;52.39598589731639
16085;-87.8889473272055;((((pow2(((pow2(_a6_) * (x * _a0_)) + (_a6_ * _a0_))) * _a0_) * _a7_) + -(_a0_)) * x);{'d0': {'_a0_': -1.4465760892731159, '_a6_': 3.2058504682788467, '_a7_': -0.010560960414533839, '_a1_': 1.0, '_a2_': 1.0, '_a3_': 1.0, '_a4_': 1.0, '_a5_': 1.0}};{'d0': 0.02490583291941663};-280.569866449044;52.39598589731639
16086;-87.8889473272055;((((pow2(((pow2(_a6_) * (x * _a0_)) + (_a6_ * _a0_))) * _a0_) * _a7_) + -(_a0_)) * x);{'d0': {'_a0_': -1.4465760892731159, '_a6_': 3.2058504682788467, '_a7_': -0.010560960414533839, '_a1_': 1.0, '_a2_': 1.0, '_a3_': 1.0, '_a4_': 1.0, '_a5_': 1.0}};{'d0': 0.02490583291941663};-280.569866449044;52.39598589731639
16087;-87.8889473272055;((((pow2(((pow2(_a6_) * (x * _a0_)) + (_a6_ * _a0_))) * _a0_) * _a7_) + -(_a0_)) * x);{'d0': {'_a0_': -1.4465760892731159, '_a6_': 3.2058504682788467, '_a7_': -0.010560960414533839, '_a1_': 1.0, '_a2_': 1.0, '_a3_': 1.0, '_a4_': 1.0, '_a5_': 1.0}};{'d0': 0.02490583291941663};-280.569866449044;52.39598589731639
16088;-87.8889473272055;((((pow2(((pow2(_a6_) * (x * _a0_)) + (_a6_ * _a0_))) * _a0_) * _a7_) + -(_a0_)) * x);{'d0': {'_a0_': -1.4465760892731159, '_a6_': 3.2058504682788467, '_a7_': -0.010560960414533839, '_a1_': 1.0, '_a2_': 1.0, '_a3_': 1.0, '_a4_': 1.0, '_a5_': 1.0}};{'d0': 0.02490583291941663};-280.569866449044;52.39598589731639
16089;-87.8889473272055;((((pow2(((pow2(_a6_) * (x * _a0_)) + (_a6_ * _a0_))) * _a0_) * _a7_) + -(_a0_)) * x);{'d0': {'_a0_': -1.4465760892731159, '_a6_': 3.2058504682788467, '_a7_': -0.010560960414533839, '_a1_': 1.0, '_a2_': 1.0, '_a3_': 1.0, '_a4_': 1.0, '_a5_': 1.0}};{'d0': 0.02490583291941663};-280.569866449044;52.39598589731639
16090;-87.8889473272055;((((pow2(((pow2(_a6_) * (x * _a0_)) + (_a6_ * _a0_))) * _a0_) * _a7_) + -(_a0_)) * x);{'d0': {'_a0_': -1.4465760892731159, '_a6_': 3.2058504682788467, '_a7_': -0.010560960414533839, '_a1_': 1.0, '_a2_': 1.0, '_a3_': 1.0, '_a4_': 1.0, '_a5_': 1.0}};{'d0': 0.02490583291941663};-280.569866449044;52.39598589731639
16091;-87.8889473272055;((((pow2(((pow2(_a6_) * (x * _a0_)) + (_a6_ * _a0_))) * _a0_) * _a7_) + -(_a0_)) * x);{'d0': {'_a0_': -1.4465760892731159, '_a6_': 3.2058504682788467, '_a7_': -0.010560960414533839, '_a1_': 1.0, '_a2_': 1.0, '_a3_': 1.0, '_a4_': 1.0, '_a5_': 1.0}};{'d0': 0.02490583291941663};-280.569866449044;52.39598589731639
16092;-87.8889473272055;((((pow2(((pow2(_a6_) * (x * _a0_)) + (_a6_ * _a0_))) * _a0_) * _a7_) + -(_a0_)) * x);{'d0': {'_a0_': -1.4465760892731159, '_a6_': 3.2058504682788467, '_a7_': -0.010560960414533839, '_a1_': 1.0, '_a2_': 1.0, '_a3_': 1.0, '_a4_': 1.0, '_a5_': 1.0}};{'d0': 0.02490583291941663};-280.569866449044;52.39598589731639
16093;-87.8889473272055;((((pow2(((pow2(_a6_) * (x * _a0_)) + (_a6_ * _a0_))) * _a0_) * _a7_) + -(_a0_)) * x);{'d0': {'_a0_': -1.4465760892731159, '_a6_': 3.2058504682788467, '_a7_': -0.010560960414533839, '_a1_': 1.0, '_a2_': 1.0, '_a3_': 1.0, '_a4_': 1.0, '_a5_': 1.0}};{'d0': 0.02490583291941663};-280.569866449044;52.39598589731639
16094;-87.8889473272055;((((pow2(((pow2(_a6_) * (x * _a0_)) + (_a6_ * _a0_))) * _a0_) * _a7_) + -(_a0_)) * x);{'d0': {'_a0_': -1.4465760892731159, '_a6_': 3.2058504682788467, '_a7_': -0.010560960414533839, '_a1_': 1.0, '_a2_': 1.0, '_a3_': 1.0, '_a4_': 1.0, '_a5_': 1.0}};{'d0': 0.02490583291941663};-280.569866449044;52.39598589731639
16095;-87.8889473272055;((((pow2(((pow2(_a6_) * (x * _a0_)) + (_a6_ * _a0_))) * _a0_) * _a7_) + -(_a0_)) * x);{'d0': {'_a0_': -1.4465760892731159, '_a6_': 3.2058504682788467, '_a7_': -0.010560960414533839, '_a1_': 1.0, '_a2_': 1.0, '_a3_': 1.0, '_a4_': 1.0, '_a5_': 1.0}};{'d0': 0.02490583291941663};-280.569866449044;52.39598589731639
16096;-87.8889473272055;((((pow2(((pow2(_a6_) * (x * _a0_)) + (_a6_ * _a0_))) * _a0_) * _a7_) + -(_a0_)) * x);{'d0': {'_a0_': -1.4465760892731159, '_a6_': 3.2058504682788467, '_a7_': -0.010560960414533839, '_a1_': 1.0, '_a2_': 1.0, '_a3_': 1.0, '_a4_': 1.0, '_a5_': 1.0}};{'d0': 0.02490583291941663};-280.569866449044;52.39598589731639
16097;-87.8889473272055;((((pow2(((pow2(_a6_) * (x * _a0_)) + (_a6_ * _a0_))) * _a0_) * _a7_) + -(_a0_)) * x);{'d0': {'_a0_': -1.4465760892731159, '_a6_': 3.2058504682788467, '_a7_': -0.010560960414533839, '_a1_': 1.0, '_a2_': 1.0, '_a3_': 1.0, '_a4_': 1.0, '_a5_': 1.0}};{'d0': 0.02490583291941663};-280.569866449044;52.39598589731639
16098;-87.8889473272055;((((pow2(((pow2(_a6_) * (x * _a0_)) + (_a6_ * _a0_))) * _a0_) * _a7_) + -(_a0_)) * x);{'d0': {'_a0_': -1.4465760892731159, '_a6_': 3.2058504682788467, '_a7_': -0.010560960414533839, '_a1_': 1.0, '_a2_': 1.0, '_a3_': 1.0, '_a4_': 1.0, '_a5_': 1.0}};{'d0': 0.02490583291941663};-280.569866449044;52.39598589731639
16099;-87.8889473272055;((((pow2(((pow2(_a6_) * (x * _a0_)) + (_a6_ * _a0_))) * _a0_) * _a7_) + -(_a0_)) * x);{'d0': {'_a0_': -1.4465760892731159, '_a6_': 3.2058504682788467, '_a7_': -0.010560960414533839, '_a1_': 1.0, '_a2_': 1.0, '_a3_': 1.0, '_a4_': 1.0, '_a5_': 1.0}};{'d0': 0.02490583291941663};-280.569866449044;52.39598589731639
16100;-87.8889473272055;((((pow2(((pow2(_a6_) * (x * _a0_)) + (_a6_ * _a0_))) * _a0_) * _a7_) + -(_a0_)) * x);{'d0': {'_a0_': -1.4465760892731159, '_a6_': 3.2058504682788467, '_a7_': -0.010560960414533839, '_a1_': 1.0, '_a2_': 1.0, '_a3_': 1.0, '_a4_': 1.0, '_a5_': 1.0}};{'d0': 0.02490583291941663};-280.569866449044;52.39598589731639
16101;-87.8889473272055;((((pow2(((pow2(_a6_) * (x * _a0_)) + (_a6_ * _a0_))) * _a0_) * _a7_) + -(_a0_)) * x);{'d0': {'_a0_': -1.4465760892731159, '_a6_': 3.2058504682788467, '_a7_': -0.010560960414533839, '_a1_': 1.0, '_a2_': 1.0, '_a3_': 1.0, '_a4_': 1.0, '_a5_': 1.0}};{'d0': 0.02490583291941663};-280.569866449044;52.39598589731639
16102;-87.8889473272055;((((pow2(((pow2(_a6_) * (x * _a0_)) + (_a6_ * _a0_))) * _a0_) * _a7_) + -(_a0_)) * x);{'d0': {'_a0_': -1.4465760892731159, '_a6_': 3.2058504682788467, '_a7_': -0.010560960414533839, '_a1_': 1.0, '_a2_': 1.0, '_a3_': 1.0, '_a4_': 1.0, '_a5_': 1.0}};{'d0': 0.02490583291941663};-280.569866449044;52.39598589731639
16103;-87.8889473272055;((((pow2(((pow2(_a6_) * (x * _a0_)) + (_a6_ * _a0_))) * _a0_) * _a7_) + -(_a0_)) * x);{'d0': {'_a0_': -1.4465760892731159, '_a6_': 3.2058504682788467, '_a7_': -0.010560960414533839, '_a1_': 1.0, '_a2_': 1.0, '_a3_': 1.0, '_a4_': 1.0, '_a5_': 1.0}};{'d0': 0.02490583291941663};-280.569866449044;52.39598589731639
16104;-87.8889473272055;((((pow2(((pow2(_a6_) * (x * _a0_)) + (_a6_ * _a0_))) * _a0_) * _a7_) + -(_a0_)) * x);{'d0': {'_a0_': -1.4465760892731159, '_a6_': 3.2058504682788467, '_a7_': -0.010560960414533839, '_a1_': 1.0, '_a2_': 1.0, '_a3_': 1.0, '_a4_': 1.0, '_a5_': 1.0}};{'d0': 0.02490583291941663};-280.569866449044;52.39598589731639
16105;-87.8889473272055;((((pow2(((pow2(_a6_) * (x * _a0_)) + (_a6_ * _a0_))) * _a0_) * _a7_) + -(_a0_)) * x);{'d0': {'_a0_': -1.4465760892731159, '_a6_': 3.2058504682788467, '_a7_': -0.010560960414533839, '_a1_': 1.0, '_a2_': 1.0, '_a3_': 1.0, '_a4_': 1.0, '_a5_': 1.0}};{'d0': 0.02490583291941663};-280.569866449044;52.39598589731639
16106;-87.8889473272055;((((pow2(((pow2(_a6_) * (x * _a0_)) + (_a6_ * _a0_))) * _a0_) * _a7_) + -(_a0_)) * x);{'d0': {'_a0_': -1.4465760892731159, '_a6_': 3.2058504682788467, '_a7_': -0.010560960414533839, '_a1_': 1.0, '_a2_': 1.0, '_a3_': 1.0, '_a4_': 1.0, '_a5_': 1.0}};{'d0': 0.02490583291941663};-280.569866449044;52.39598589731639
16107;-87.8889473272055;((((pow2(((pow2(_a6_) * (x * _a0_)) + (_a6_ * _a0_))) * _a0_) * _a7_) + -(_a0_)) * x);{'d0': {'_a0_': -1.4465760892731159, '_a6_': 3.2058504682788467, '_a7_': -0.010560960414533839, '_a1_': 1.0, '_a2_': 1.0, '_a3_': 1.0, '_a4_': 1.0, '_a5_': 1.0}};{'d0': 0.02490583291941663};-280.569866449044;52.39598589731639
16108;-87.8889473272055;((((pow2(((pow2(_a6_) * (x * _a0_)) + (_a6_ * _a0_))) * _a0_) * _a7_) + -(_a0_)) * x);{'d0': {'_a0_': -1.4465760892731159, '_a6_': 3.2058504682788467, '_a7_': -0.010560960414533839, '_a1_': 1.0, '_a2_': 1.0, '_a3_': 1.0, '_a4_': 1.0, '_a5_': 1.0}};{'d0': 0.02490583291941663};-280.569866449044;52.39598589731639
16109;-87.8889473272055;((((pow2(((pow2(_a6_) * (x * _a0_)) + (_a6_ * _a0_))) * _a0_) * _a7_) + -(_a0_)) * x);{'d0': {'_a0_': -1.4465760892731159, '_a6_': 3.2058504682788467, '_a7_': -0.010560960414533839, '_a1_': 1.0, '_a2_': 1.0, '_a3_': 1.0, '_a4_': 1.0, '_a5_': 1.0}};{'d0': 0.02490583291941663};-280.569866449044;52.39598589731639
16110;-87.8889473272055;((((pow2(((pow2(_a6_) * (x * _a0_)) + (_a6_ * _a0_))) * _a0_) * _a7_) + -(_a0_)) * x);{'d0': {'_a0_': -1.4465760892731159, '_a6_': 3.2058504682788467, '_a7_': -0.010560960414533839, '_a1_': 1.0, '_a2_': 1.0, '_a3_': 1.0, '_a4_': 1.0, '_a5_': 1.0}};{'d0': 0.02490583291941663};-280.569866449044;52.39598589731639
16111;-87.8889473272055;((((pow2(((pow2(_a6_) * (x * _a0_)) + (_a6_ * _a0_))) * _a0_) * _a7_) + -(_a0_)) * x);{'d0': {'_a0_': -1.4465760892731159, '_a6_': 3.2058504682788467, '_a7_': -0.010560960414533839, '_a1_': 1.0, '_a2_': 1.0, '_a3_': 1.0, '_a4_': 1.0, '_a5_': 1.0}};{'d0': 0.02490583291941663};-280.569866449044;52.39598589731639
16112;-95.8137753684566;((_a1_ + (_a7_ * x)) + -(pow3((_a6_ * (x + (_a2_ * _a2_))))));{'d0': {'_a1_': -0.0315438931663417, '_a2_': -0.45627154396445363, '_a6_': -1.5011129718349558, '_a7_': 1.3348540784296496, '_a0_': 1.0, '_a3_': 1.0, '_a4_': 1.0, '_a5_': 1.0}};{'d0': 0.024885482501867003};-276.524567593312;42.448508428199375
16113;-95.8137753684566;((_a1_ + (_a7_ * x)) + -(pow3((_a6_ * (x + (_a2_ * _a2_))))));{'d0': {'_a1_': -0.0315438931663417, '_a2_': -0.45627154396445363, '_a6_': -1.5011129718349558, '_a7_': 1.3348540784296496, '_a0_': 1.0, '_a3_': 1.0, '_a4_': 1.0, '_a5_': 1.0}};{'d0': 0.024885482501867003};-276.524567593312;42.448508428199375
16114;-95.8137753684566;((_a1_ + (_a7_ * x)) + -(pow3((_a6_ * (x + (_a2_ * _a2_))))));{'d0': {'_a1_': -0.0315438931663417, '_a2_': -0.45627154396445363, '_a6_': -1.5011129718349558, '_a7_': 1.3348540784296496, '_a0_': 1.0, '_a3_': 1.0, '_a4_': 1.0, '_a5_': 1.0}};{'d0': 0.024885482501867003};-276.524567593312;42.448508428199375
16115;-95.8137753684566;((_a1_ + (_a7_ * x)) + -(pow3((_a6_ * (x + (_a2_ * _a2_))))));{'d0': {'_a1_': -0.0315438931663417, '_a2_': -0.45627154396445363, '_a6_': -1.5011129718349558, '_a7_': 1.3348540784296496, '_a0_': 1.0, '_a3_': 1.0, '_a4_': 1.0, '_a5_': 1.0}};{'d0': 0.024885482501867003};-276.524567593312;42.448508428199375
16116;-95.8137753684566;((_a1_ + (_a7_ * x)) + -(pow3((_a6_ * (x + (_a2_ * _a2_))))));{'d0': {'_a1_': -0.0315438931663417, '_a2_': -0.45627154396445363, '_a6_': -1.5011129718349558, '_a7_': 1.3348540784296496, '_a0_': 1.0, '_a3_': 1.0, '_a4_': 1.0, '_a5_': 1.0}};{'d0': 0.024885482501867003};-276.524567593312;42.448508428199375
16117;-95.8137753684566;((_a1_ + (_a7_ * x)) + -(pow3((_a6_ * (x + (_a2_ * _a2_))))));{'d0': {'_a1_': -0.0315438931663417, '_a2_': -0.45627154396445363, '_a6_': -1.5011129718349558, '_a7_': 1.3348540784296496, '_a0_': 1.0, '_a3_': 1.0, '_a4_': 1.0, '_a5_': 1.0}};{'d0': 0.024885482501867003};-276.524567593312;42.448508428199375
16118;-95.8137753684566;((_a1_ + (_a7_ * x)) + -(pow3((_a6_ * (x + (_a2_ * _a2_))))));{'d0': {'_a1_': -0.0315438931663417, '_a2_': -0.45627154396445363, '_a6_': -1.5011129718349558, '_a7_': 1.3348540784296496, '_a0_': 1.0, '_a3_': 1.0, '_a4_': 1.0, '_a5_': 1.0}};{'d0': 0.024885482501867003};-276.524567593312;42.448508428199375
16119;-95.8137753684566;((_a1_ + (_a7_ * x)) + -(pow3((_a6_ * (x + (_a2_ * _a2_))))));{'d0': {'_a1_': -0.0315438931663417, '_a2_': -0.45627154396445363, '_a6_': -1.5011129718349558, '_a7_': 1.3348540784296496, '_a0_': 1.0, '_a3_': 1.0, '_a4_': 1.0, '_a5_': 1.0}};{'d0': 0.024885482501867003};-276.524567593312;42.448508428199375
16120;-95.8137753684566;((_a1_ + (_a7_ * x)) + -(pow3((_a6_ * (x + (_a2_ * _a2_))))));{'d0': {'_a1_': -0.0315438931663417, '_a2_': -0.45627154396445363, '_a6_': -1.5011129718349558, '_a7_': 1.3348540784296496, '_a0_': 1.0, '_a3_': 1.0, '_a4_': 1.0, '_a5_': 1.0}};{'d0': 0.024885482501867003};-276.524567593312;42.448508428199375
16121;-95.8137753684566;((_a1_ + (_a7_ * x)) + -(pow3((_a6_ * (x + (_a2_ * _a2_))))));{'d0': {'_a1_': -0.0315438931663417, '_a2_': -0.45627154396445363, '_a6_': -1.5011129718349558, '_a7_': 1.3348540784296496, '_a0_': 1.0, '_a3_': 1.0, '_a4_': 1.0, '_a5_': 1.0}};{'d0': 0.024885482501867003};-276.524567593312;42.448508428199375
16122;-95.8137753684566;((_a1_ + (_a7_ * x)) + -(pow3((_a6_ * (x + (_a2_ * _a2_))))));{'d0': {'_a1_': -0.0315438931663417, '_a2_': -0.45627154396445363, '_a6_': -1.5011129718349558, '_a7_': 1.3348540784296496, '_a0_': 1.0, '_a3_': 1.0, '_a4_': 1.0, '_a5_': 1.0}};{'d0': 0.024885482501867003};-276.524567593312;42.448508428199375
16123;-95.8137753684566;((_a1_ + (_a7_ * x)) + -(pow3((_a6_ * (x + (_a2_ * _a2_))))));{'d0': {'_a1_': -0.0315438931663417, '_a2_': -0.45627154396445363, '_a6_': -1.5011129718349558, '_a7_': 1.3348540784296496, '_a0_': 1.0, '_a3_': 1.0, '_a4_': 1.0, '_a5_': 1.0}};{'d0': 0.024885482501867003};-276.524567593312;42.448508428199375
16124;-95.8137753684566;((_a1_ + (_a7_ * x)) + -(pow3((_a6_ * (x + (_a2_ * _a2_))))));{'d0': {'_a1_': -0.0315438931663417, '_a2_': -0.45627154396445363, '_a6_': -1.5011129718349558, '_a7_': 1.3348540784296496, '_a0_': 1.0, '_a3_': 1.0, '_a4_': 1.0, '_a5_': 1.0}};{'d0': 0.024885482501867003};-276.524567593312;42.448508428199375
16125;-95.8137753684566;((_a1_ + (_a7_ * x)) + -(pow3((_a6_ * (x + (_a2_ * _a2_))))));{'d0': {'_a1_': -0.0315438931663417, '_a2_': -0.45627154396445363, '_a6_': -1.5011129718349558, '_a7_': 1.3348540784296496, '_a0_': 1.0, '_a3_': 1.0, '_a4_': 1.0, '_a5_': 1.0}};{'d0': 0.024885482501867003};-276.524567593312;42.448508428199375
16126;-95.8137753684566;((_a1_ + (_a7_ * x)) + -(pow3((_a6_ * (x + (_a2_ * _a2_))))));{'d0': {'_a1_': -0.0315438931663417, '_a2_': -0.45627154396445363, '_a6_': -1.5011129718349558, '_a7_': 1.3348540784296496, '_a0_': 1.0, '_a3_': 1.0, '_a4_': 1.0, '_a5_': 1.0}};{'d0': 0.024885482501867003};-276.524567593312;42.448508428199375
16127;-92.4176329812812;((((_a4_ * pow2(((x * _a4_) * _a7_))) + (_a3_ * _a7_)) * (_a7_ + x)) + _a6_);{'d0': {'_a3_': 2.8414866013723303, '_a4_': 2.0544773714029496, '_a6_': -1.1093862698930683, '_a7_': 0.6245511675189851, '_a0_': 1.0, '_a1_': 1.0, '_a2_': 1.0, '_a5_': 1.0}};{'d0': 0.024885482501866906};-276.524567593312;45.84465081537505
16128;-92.4176329812812;((((_a4_ * pow2(((x * _a4_) * _a7_))) + (_a3_ * _a7_)) * (_a7_ + x)) + _a6_);{'d0': {'_a3_': 2.8414866013723303, '_a4_': 2.0544773714029496, '_a6_': -1.1093862698930683, '_a7_': 0.6245511675189851, '_a0_': 1.0, '_a1_': 1.0, '_a2_': 1.0, '_a5_': 1.0}};{'d0': 0.024885482501866906};-276.524567593312;45.84465081537505
16129;-92.4176329812812;((((_a4_ * pow2(((x * _a4_) * _a7_))) + (_a3_ * _a7_)) * (_a7_ + x)) + _a6_);{'d0': {'_a3_': 2.8414866013723303, '_a4_': 2.0544773714029496, '_a6_': -1.1093862698930683, '_a7_': 0.6245511675189851, '_a0_': 1.0, '_a1_': 1.0, '_a2_': 1.0, '_a5_': 1.0}};{'d0': 0.024885482501866906};-276.524567593312;45.84465081537505
16130;-92.4176329812812;((((_a4_ * pow2(((x * _a4_) * _a7_))) + (_a3_ * _a7_)) * (_a7_ + x)) + _a6_);{'d0': {'_a3_': 2.8414866013723303, '_a4_': 2.0544773714029496, '_a6_': -1.1093862698930683, '_a7_': 0.6245511675189851, '_a0_': 1.0, '_a1_': 1.0, '_a2_': 1.0, '_a5_': 1.0}};{'d0': 0.024885482501866906};-276.524567593312;45.84465081537505
16131;-92.4176329812812;((((_a4_ * pow2(((x * _a4_) * _a7_))) + (_a3_ * _a7_)) * (_a7_ + x)) + _a6_);{'d0': {'_a3_': 2.8414866013723303, '_a4_': 2.0544773714029496, '_a6_': -1.1093862698930683, '_a7_': 0.6245511675189851, '_a0_': 1.0, '_a1_': 1.0, '_a2_': 1.0, '_a5_': 1.0}};{'d0': 0.024885482501866906};-276.524567593312;45.84465081537505
16132;-95.8137753684566;((_a1_ + (_a7_ * x)) + -(pow3((_a6_ * (x + (_a2_ * _a2_))))));{'d0': {'_a1_': -0.0315438931663417, '_a2_': -0.45627154396445363, '_a6_': -1.5011129718349558, '_a7_': 1.3348540784296496, '_a0_': 1.0, '_a3_': 1.0, '_a4_': 1.0, '_a5_': 1.0}};{'d0': 0.024885482501867003};-276.524567593312;42.448508428199375
16133;-95.8137753684566;((_a1_ + (_a7_ * x)) + -(pow3((_a6_ * (x + (_a2_ * _a2_))))));{'d0': {'_a1_': -0.0315438931663417, '_a2_': -0.45627154396445363, '_a6_': -1.5011129718349558, '_a7_': 1.3348540784296496, '_a0_': 1.0, '_a3_': 1.0, '_a4_': 1.0, '_a5_': 1.0}};{'d0': 0.024885482501867003};-276.524567593312;42.448508428199375
16134;-95.8137753684566;((_a1_ + (_a7_ * x)) + -(pow3((_a6_ * (x + (_a2_ * _a2_))))));{'d0': {'_a1_': -0.0315438931663417, '_a2_': -0.45627154396445363, '_a6_': -1.5011129718349558, '_a7_': 1.3348540784296496, '_a0_': 1.0, '_a3_': 1.0, '_a4_': 1.0, '_a5_': 1.0}};{'d0': 0.024885482501867003};-276.524567593312;42.448508428199375
16135;-95.8137753684566;((_a1_ + (_a7_ * x)) + -(pow3((_a6_ * (x + (_a2_ * _a2_))))));{'d0': {'_a1_': -0.0315438931663417, '_a2_': -0.45627154396445363, '_a6_': -1.5011129718349558, '_a7_': 1.3348540784296496, '_a0_': 1.0, '_a3_': 1.0, '_a4_': 1.0, '_a5_': 1.0}};{'d0': 0.024885482501867003};-276.524567593312;42.448508428199375
16136;-95.8137753684566;((_a1_ + (_a7_ * x)) + -(pow3((_a6_ * (x + (_a2_ * _a2_))))));{'d0': {'_a1_': -0.0315438931663417, '_a2_': -0.45627154396445363, '_a6_': -1.5011129718349558, '_a7_': 1.3348540784296496, '_a0_': 1.0, '_a3_': 1.0, '_a4_': 1.0, '_a5_': 1.0}};{'d0': 0.024885482501867003};-276.524567593312;42.448508428199375
16137;-95.8137753684566;((_a1_ + (_a7_ * x)) + -(pow3((_a6_ * (x + (_a2_ * _a2_))))));{'d0': {'_a1_': -0.0315438931663417, '_a2_': -0.45627154396445363, '_a6_': -1.5011129718349558, '_a7_': 1.3348540784296496, '_a0_': 1.0, '_a3_': 1.0, '_a4_': 1.0, '_a5_': 1.0}};{'d0': 0.024885482501867003};-276.524567593312;42.448508428199375
16138;-95.8137753684566;((_a1_ + (_a7_ * x)) + -(pow3((_a6_ * (x + (_a2_ * _a2_))))));{'d0': {'_a1_': -0.0315438931663417, '_a2_': -0.45627154396445363, '_a6_': -1.5011129718349558, '_a7_': 1.3348540784296496, '_a0_': 1.0, '_a3_': 1.0, '_a4_': 1.0, '_a5_': 1.0}};{'d0': 0.024885482501867003};-276.524567593312;42.448508428199375
16139;-95.8137753684566;((_a1_ + (_a7_ * x)) + -(pow3((_a6_ * (x + (_a2_ * _a2_))))));{'d0': {'_a1_': -0.0315438931663417, '_a2_': -0.45627154396445363, '_a6_': -1.5011129718349558, '_a7_': 1.3348540784296496, '_a0_': 1.0, '_a3_': 1.0, '_a4_': 1.0, '_a5_': 1.0}};{'d0': 0.024885482501867003};-276.524567593312;42.448508428199375
16140;-91.6390384266579;((((_a4_ * pow2(((x / _a4_) * _a6_))) + (_a3_ * _a7_)) * (_a7_ + x)) + _a6_);{'d0': {'_a3_': 2.841486600323007, '_a4_': 0.3638525617878814, '_a6_': -1.1093862695600456, '_a7_': 0.6245511674993103, '_a0_': 1.0, '_a1_': 1.0, '_a2_': 1.0, '_a5_': 1.0}};{'d0': 0.02488548250186684};-276.524567593312;46.62324536999844
16141;-91.6390384266579;((((_a4_ * pow2(((x / _a4_) * _a6_))) + (_a3_ * _a7_)) * (_a7_ + x)) + _a6_);{'d0': {'_a3_': 2.841486600323007, '_a4_': 0.3638525617878814, '_a6_': -1.1093862695600456, '_a7_': 0.6245511674993103, '_a0_': 1.0, '_a1_': 1.0, '_a2_': 1.0, '_a5_': 1.0}};{'d0': 0.02488548250186684};-276.524567593312;46.62324536999844
16142;-86.2729702919980;((((exp(_a6_) * pow2(((x / _a4_) * _a6_))) + (_a3_ * _a7_)) * (_a7_ + x)) + _a6_);{'d0': {'_a3_': 2.841486601180369, '_a4_': 0.34638777087575123, '_a6_': -1.1093862692556078, '_a7_': 0.624551167363787, '_a0_': 1.0, '_a1_': 1.0, '_a2_': 1.0, '_a5_': 1.0}};{'d0': 0.02488548250186681};-276.524567593313;51.98931350465844
16143;-86.2729702919980;((((exp(_a6_) * pow2(((x / _a4_) * _a6_))) + (_a3_ * _a7_)) * (_a7_ + x)) + _a6_);{'d0': {'_a3_': 2.841486601180369, '_a4_': 0.34638777087575123, '_a6_': -1.1093862692556078, '_a7_': 0.624551167363787, '_a0_': 1.0, '_a1_': 1.0, '_a2_': 1.0, '_a5_': 1.0}};{'d0': 0.02488548250186681};-276.524567593313;51.98931350465844
16144;-86.2729702919980;((((exp(_a6_) * pow2(((x / _a4_) * _a6_))) + (_a3_ * _a7_)) * (_a7_ + x)) + _a6_);{'d0': {'_a3_': 2.841486601180369, '_a4_': 0.34638777087575123, '_a6_': -1.1093862692556078, '_a7_': 0.624551167363787, '_a0_': 1.0, '_a1_': 1.0, '_a2_': 1.0, '_a5_': 1.0}};{'d0': 0.02488548250186681};-276.524567593313;51.98931350465844
16145;-86.2729702919980;((((exp(_a6_) * pow2(((x / _a4_) * _a6_))) + (_a3_ * _a7_)) * (_a7_ + x)) + _a6_);{'d0': {'_a3_': 2.841486601180369, '_a4_': 0.34638777087575123, '_a6_': -1.1093862692556078, '_a7_': 0.624551167363787, '_a0_': 1.0, '_a1_': 1.0, '_a2_': 1.0, '_a5_': 1.0}};{'d0': 0.02488548250186681};-276.524567593313;51.98931350465844
16146;-86.2729702919980;((((exp(_a6_) * pow2(((x / _a4_) * _a6_))) + (_a3_ * _a7_)) * (_a7_ + x)) + _a6_);{'d0': {'_a3_': 2.841486601180369, '_a4_': 0.34638777087575123, '_a6_': -1.1093862692556078, '_a7_': 0.624551167363787, '_a0_': 1.0, '_a1_': 1.0, '_a2_': 1.0, '_a5_': 1.0}};{'d0': 0.02488548250186681};-276.524567593313;51.98931350465844
16147;-86.2729702919980;((((exp(_a6_) * pow2(((x / _a4_) * _a6_))) + (_a3_ * _a7_)) * (_a7_ + x)) + _a6_);{'d0': {'_a3_': 2.841486601180369, '_a4_': 0.34638777087575123, '_a6_': -1.1093862692556078, '_a7_': 0.624551167363787, '_a0_': 1.0, '_a1_': 1.0, '_a2_': 1.0, '_a5_': 1.0}};{'d0': 0.02488548250186681};-276.524567593313;51.98931350465844
16148;-86.2729702919980;((((exp(_a6_) * pow2(((x / _a4_) * _a6_))) + (_a3_ * _a7_)) * (_a7_ + x)) + _a6_);{'d0': {'_a3_': 2.841486601180369, '_a4_': 0.34638777087575123, '_a6_': -1.1093862692556078, '_a7_': 0.624551167363787, '_a0_': 1.0, '_a1_': 1.0, '_a2_': 1.0, '_a5_': 1.0}};{'d0': 0.02488548250186681};-276.524567593313;51.98931350465844
16149;-86.2729702919980;((((exp(_a6_) * pow2(((x / _a4_) * _a6_))) + (_a3_ * _a7_)) * (_a7_ + x)) + _a6_);{'d0': {'_a3_': 2.841486601180369, '_a4_': 0.34638777087575123, '_a6_': -1.1093862692556078, '_a7_': 0.624551167363787, '_a0_': 1.0, '_a1_': 1.0, '_a2_': 1.0, '_a5_': 1.0}};{'d0': 0.02488548250186681};-276.524567593313;51.98931350465844
16150;-86.2729702919980;((((exp(_a6_) * pow2(((x / _a4_) * _a6_))) + (_a3_ * _a7_)) * (_a7_ + x)) + _a6_);{'d0': {'_a3_': 2.841486601180369, '_a4_': 0.34638777087575123, '_a6_': -1.1093862692556078, '_a7_': 0.624551167363787, '_a0_': 1.0, '_a1_': 1.0, '_a2_': 1.0, '_a5_': 1.0}};{'d0': 0.02488548250186681};-276.524567593313;51.98931350465844
16151;-86.2729702919980;((((exp(_a6_) * pow2(((x / _a4_) * _a6_))) + (_a3_ * _a7_)) * (_a7_ + x)) + _a6_);{'d0': {'_a3_': 2.841486601180369, '_a4_': 0.34638777087575123, '_a6_': -1.1093862692556078, '_a7_': 0.624551167363787, '_a0_': 1.0, '_a1_': 1.0, '_a2_': 1.0, '_a5_': 1.0}};{'d0': 0.02488548250186681};-276.524567593313;51.98931350465844
16152;-86.2729702919980;((((exp(_a6_) * pow2(((x / _a4_) * _a6_))) + (_a3_ * _a7_)) * (_a7_ + x)) + _a6_);{'d0': {'_a3_': 2.841486601180369, '_a4_': 0.34638777087575123, '_a6_': -1.1093862692556078, '_a7_': 0.624551167363787, '_a0_': 1.0, '_a1_': 1.0, '_a2_': 1.0, '_a5_': 1.0}};{'d0': 0.02488548250186681};-276.524567593313;51.98931350465844
16153;-86.2729702919980;((((exp(_a6_) * pow2(((x / _a4_) * _a6_))) + (_a3_ * _a7_)) * (_a7_ + x)) + _a6_);{'d0': {'_a3_': 2.841486601180369, '_a4_': 0.34638777087575123, '_a6_': -1.1093862692556078, '_a7_': 0.624551167363787, '_a0_': 1.0, '_a1_': 1.0, '_a2_': 1.0, '_a5_': 1.0}};{'d0': 0.02488548250186681};-276.524567593313;51.98931350465844
16154;-86.2729702919980;((((exp(_a6_) * pow2(((x / _a4_) * _a6_))) + (_a3_ * _a7_)) * (_a7_ + x)) + _a6_);{'d0': {'_a3_': 2.841486601180369, '_a4_': 0.34638777087575123, '_a6_': -1.1093862692556078, '_a7_': 0.624551167363787, '_a0_': 1.0, '_a1_': 1.0, '_a2_': 1.0, '_a5_': 1.0}};{'d0': 0.02488548250186681};-276.524567593313;51.98931350465844
16155;-86.2729702919980;((((exp(_a6_) * pow2(((x / _a4_) * _a6_))) + (_a3_ * _a7_)) * (_a7_ + x)) + _a6_);{'d0': {'_a3_': 2.841486601180369, '_a4_': 0.34638777087575123, '_a6_': -1.1093862692556078, '_a7_': 0.624551167363787, '_a0_': 1.0, '_a1_': 1.0, '_a2_': 1.0, '_a5_': 1.0}};{'d0': 0.02488548250186681};-276.524567593313;51.98931350465844
16156;-86.2729702919980;((((exp(_a6_) * pow2(((x / _a4_) * _a6_))) + (_a3_ * _a7_)) * (_a7_ + x)) + _a6_);{'d0': {'_a3_': 2.841486601180369, '_a4_': 0.34638777087575123, '_a6_': -1.1093862692556078, '_a7_': 0.624551167363787, '_a0_': 1.0, '_a1_': 1.0, '_a2_': 1.0, '_a5_': 1.0}};{'d0': 0.02488548250186681};-276.524567593313;51.98931350465844
16157;-86.2729702919980;((((exp(_a6_) * pow2(((x / _a4_) * _a6_))) + (_a3_ * _a7_)) * (_a7_ + x)) + _a6_);{'d0': {'_a3_': 2.841486601180369, '_a4_': 0.34638777087575123, '_a6_': -1.1093862692556078, '_a7_': 0.624551167363787, '_a0_': 1.0, '_a1_': 1.0, '_a2_': 1.0, '_a5_': 1.0}};{'d0': 0.02488548250186681};-276.524567593313;51.98931350465844
16158;-86.2729702919980;((((exp(_a6_) * pow2(((x / _a4_) * _a6_))) + (_a3_ * _a7_)) * (_a7_ + x)) + _a6_);{'d0': {'_a3_': 2.841486601180369, '_a4_': 0.34638777087575123, '_a6_': -1.1093862692556078, '_a7_': 0.624551167363787, '_a0_': 1.0, '_a1_': 1.0, '_a2_': 1.0, '_a5_': 1.0}};{'d0': 0.02488548250186681};-276.524567593313;51.98931350465844
16159;-86.2729702919980;((((exp(_a6_) * pow2(((x / _a4_) * _a6_))) + (_a3_ * _a7_)) * (_a7_ + x)) + _a6_);{'d0': {'_a3_': 2.841486601180369, '_a4_': 0.34638777087575123, '_a6_': -1.1093862692556078, '_a7_': 0.624551167363787, '_a0_': 1.0, '_a1_': 1.0, '_a2_': 1.0, '_a5_': 1.0}};{'d0': 0.02488548250186681};-276.524567593313;51.98931350465844
16160;-86.2729702919980;((((exp(_a6_) * pow2(((x / _a4_) * _a6_))) + (_a3_ * _a7_)) * (_a7_ + x)) + _a6_);{'d0': {'_a3_': 2.841486601180369, '_a4_': 0.34638777087575123, '_a6_': -1.1093862692556078, '_a7_': 0.624551167363787, '_a0_': 1.0, '_a1_': 1.0, '_a2_': 1.0, '_a5_': 1.0}};{'d0': 0.02488548250186681};-276.524567593313;51.98931350465844
16161;-87.0515648466213;((((exp(_a6_) * pow2(((x * _a4_) * _a6_))) + (_a3_ * _a7_)) * (_a7_ + x)) + _a6_);{'d0': {'_a3_': 2.841486600885368, '_a4_': 2.886937945992376, '_a6_': -1.109386269892346, '_a7_': 0.6245511675497956, '_a0_': 1.0, '_a1_': 1.0, '_a2_': 1.0, '_a5_': 1.0}};{'d0': 0.024885482501866816};-276.524567593313;51.210718950035044
16162;-87.0515648466213;((((exp(_a6_) * pow2(((x * _a4_) * _a6_))) + (_a3_ * _a7_)) * (_a7_ + x)) + _a6_);{'d0': {'_a3_': 2.841486600885368, '_a4_': 2.886937945992376, '_a6_': -1.109386269892346, '_a7_': 0.6245511675497956, '_a0_': 1.0, '_a1_': 1.0, '_a2_': 1.0, '_a5_': 1.0}};{'d0': 0.024885482501866816};-276.524567593313;51.210718950035044
16163;-87.0515648466213;((((exp(_a6_) * pow2(((x * _a4_) * _a6_))) + (_a3_ * _a7_)) * (_a7_ + x)) + _a6_);{'d0': {'_a3_': 2.841486600885368, '_a4_': 2.886937945992376, '_a6_': -1.109386269892346, '_a7_': 0.6245511675497956, '_a0_': 1.0, '_a1_': 1.0, '_a2_': 1.0, '_a5_': 1.0}};{'d0': 0.024885482501866816};-276.524567593313;51.210718950035044
16164;-87.0515648466213;((((exp(_a6_) * pow2(((x * _a4_) * _a6_))) + (_a3_ * _a7_)) * (_a7_ + x)) + _a6_);{'d0': {'_a3_': 2.841486600885368, '_a4_': 2.886937945992376, '_a6_': -1.109386269892346, '_a7_': 0.6245511675497956, '_a0_': 1.0, '_a1_': 1.0, '_a2_': 1.0, '_a5_': 1.0}};{'d0': 0.024885482501866816};-276.524567593313;51.210718950035044
16165;-87.0515648466213;((((exp(_a6_) * pow2(((x * _a4_) * _a6_))) + (_a3_ * _a7_)) * (_a7_ + x)) + _a6_);{'d0': {'_a3_': 2.841486600885368, '_a4_': 2.886937945992376, '_a6_': -1.109386269892346, '_a7_': 0.6245511675497956, '_a0_': 1.0, '_a1_': 1.0, '_a2_': 1.0, '_a5_': 1.0}};{'d0': 0.024885482501866816};-276.524567593313;51.210718950035044
16166;-87.0515648466213;((((exp(_a6_) * pow2(((x * _a4_) * _a6_))) + (_a3_ * _a7_)) * (_a7_ + x)) + _a6_);{'d0': {'_a3_': 2.841486600885368, '_a4_': 2.886937945992376, '_a6_': -1.109386269892346, '_a7_': 0.6245511675497956, '_a0_': 1.0, '_a1_': 1.0, '_a2_': 1.0, '_a5_': 1.0}};{'d0': 0.024885482501866816};-276.524567593313;51.210718950035044
16167;-87.0515648466213;((((exp(_a6_) * pow2(((x * _a4_) * _a6_))) + (_a3_ * _a7_)) * (_a7_ + x)) + _a6_);{'d0': {'_a3_': 2.841486600885368, '_a4_': 2.886937945992376, '_a6_': -1.109386269892346, '_a7_': 0.6245511675497956, '_a0_': 1.0, '_a1_': 1.0, '_a2_': 1.0, '_a5_': 1.0}};{'d0': 0.024885482501866816};-276.524567593313;51.210718950035044
16168;-87.0515648466213;((((exp(_a6_) * pow2(((x * _a4_) * _a6_))) + (_a3_ * _a7_)) * (_a7_ + x)) + _a6_);{'d0': {'_a3_': 2.841486600885368, '_a4_': 2.886937945992376, '_a6_': -1.109386269892346, '_a7_': 0.6245511675497956, '_a0_': 1.0, '_a1_': 1.0, '_a2_': 1.0, '_a5_': 1.0}};{'d0': 0.024885482501866816};-276.524567593313;51.210718950035044
16169;-87.0515648466213;((((exp(_a6_) * pow2(((x * _a4_) * _a6_))) + (_a3_ * _a7_)) * (_a7_ + x)) + _a6_);{'d0': {'_a3_': 2.841486600885368, '_a4_': 2.886937945992376, '_a6_': -1.109386269892346, '_a7_': 0.6245511675497956, '_a0_': 1.0, '_a1_': 1.0, '_a2_': 1.0, '_a5_': 1.0}};{'d0': 0.024885482501866816};-276.524567593313;51.210718950035044
16170;-87.0515648466213;((((exp(_a6_) * pow2(((x * _a4_) * _a6_))) + (_a3_ * _a7_)) * (_a7_ + x)) + _a6_);{'d0': {'_a3_': 2.841486600885368, '_a4_': 2.886937945992376, '_a6_': -1.109386269892346, '_a7_': 0.6245511675497956, '_a0_': 1.0, '_a1_': 1.0, '_a2_': 1.0, '_a5_': 1.0}};{'d0': 0.024885482501866816};-276.524567593313;51.210718950035044
16171;-92.4176329812813;((((_a7_ * pow2(((x * _a4_) * _a6_))) + (_a3_ * _a7_)) * (_a7_ + x)) + _a6_);{'d0': {'_a3_': 2.841486602161755, '_a4_': 2.0977477776759614, '_a6_': -1.1093862683622708, '_a7_': 0.6245511670618082, '_a0_': 1.0, '_a1_': 1.0, '_a2_': 1.0, '_a5_': 1.0}};{'d0': 0.02488548250186687};-276.524567593312;45.84465081537505
16172;-92.4176329812813;((((_a7_ * pow2(((x * _a4_) * _a6_))) + (_a3_ * _a7_)) * (_a7_ + x)) + _a6_);{'d0': {'_a3_': 2.841486602161755, '_a4_': 2.0977477776759614, '_a6_': -1.1093862683622708, '_a7_': 0.6245511670618082, '_a0_': 1.0, '_a1_': 1.0, '_a2_': 1.0, '_a5_': 1.0}};{'d0': 0.02488548250186687};-276.524567593312;45.84465081537505
16173;-92.4176329812813;((((_a7_ * pow2(((x * _a4_) * _a6_))) + (_a3_ * _a7_)) * (_a7_ + x)) + _a6_);{'d0': {'_a3_': 2.841486602161755, '_a4_': 2.0977477776759614, '_a6_': -1.1093862683622708, '_a7_': 0.6245511670618082, '_a0_': 1.0, '_a1_': 1.0, '_a2_': 1.0, '_a5_': 1.0}};{'d0': 0.02488548250186687};-276.524567593312;45.84465081537505
16174;-92.4176329812813;((((_a7_ * pow2(((x * _a4_) * _a6_))) + (_a3_ * _a7_)) * (_a7_ + x)) + _a6_);{'d0': {'_a3_': 2.841486602161755, '_a4_': 2.0977477776759614, '_a6_': -1.1093862683622708, '_a7_': 0.6245511670618082, '_a0_': 1.0, '_a1_': 1.0, '_a2_': 1.0, '_a5_': 1.0}};{'d0': 0.02488548250186687};-276.524567593312;45.84465081537505
16175;-92.4176329812813;((((_a7_ * pow2(((x * _a4_) * _a6_))) + (_a3_ * _a7_)) * (_a7_ + x)) + _a6_);{'d0': {'_a3_': 2.841486602161755, '_a4_': 2.0977477776759614, '_a6_': -1.1093862683622708, '_a7_': 0.6245511670618082, '_a0_': 1.0, '_a1_': 1.0, '_a2_': 1.0, '_a5_': 1.0}};{'d0': 0.02488548250186687};-276.524567593312;45.84465081537505
16176;-92.4176329812813;((((_a7_ * pow2(((x * _a4_) * _a6_))) + (_a3_ * _a7_)) * (_a7_ + x)) + _a6_);{'d0': {'_a3_': 2.841486602161755, '_a4_': 2.0977477776759614, '_a6_': -1.1093862683622708, '_a7_': 0.6245511670618082, '_a0_': 1.0, '_a1_': 1.0, '_a2_': 1.0, '_a5_': 1.0}};{'d0': 0.02488548250186687};-276.524567593312;45.84465081537505
16177;-92.4176329812813;((((_a7_ * pow2(((x * _a4_) * _a6_))) + (_a3_ * _a7_)) * (_a7_ + x)) + _a6_);{'d0': {'_a3_': 2.841486602161755, '_a4_': 2.0977477776759614, '_a6_': -1.1093862683622708, '_a7_': 0.6245511670618082, '_a0_': 1.0, '_a1_': 1.0, '_a2_': 1.0, '_a5_': 1.0}};{'d0': 0.02488548250186687};-276.524567593312;45.84465081537505
16178;-92.4176329812813;((((_a7_ * pow2(((x * _a4_) * _a6_))) + (_a3_ * _a7_)) * (_a7_ + x)) + _a6_);{'d0': {'_a3_': 2.841486602161755, '_a4_': 2.0977477776759614, '_a6_': -1.1093862683622708, '_a7_': 0.6245511670618082, '_a0_': 1.0, '_a1_': 1.0, '_a2_': 1.0, '_a5_': 1.0}};{'d0': 0.02488548250186687};-276.524567593312;45.84465081537505
16179;-92.4176329812813;((((_a7_ * pow2(((x * _a4_) * _a6_))) + (_a3_ * _a7_)) * (_a7_ + x)) + _a6_);{'d0': {'_a3_': 2.841486602161755, '_a4_': 2.0977477776759614, '_a6_': -1.1093862683622708, '_a7_': 0.6245511670618082, '_a0_': 1.0, '_a1_': 1.0, '_a2_': 1.0, '_a5_': 1.0}};{'d0': 0.02488548250186687};-276.524567593312;45.84465081537505
16180;-92.4176329812813;((((_a7_ * pow2(((x * _a4_) * _a6_))) + (_a3_ * _a7_)) * (_a7_ + x)) + _a6_);{'d0': {'_a3_': 2.841486602161755, '_a4_': 2.0977477776759614, '_a6_': -1.1093862683622708, '_a7_': 0.6245511670618082, '_a0_': 1.0, '_a1_': 1.0, '_a2_': 1.0, '_a5_': 1.0}};{'d0': 0.02488548250186687};-276.524567593312;45.84465081537505
16181;-98.0221812714343;(((pow2((-(x) + _a2_)) * _a1_) + (_a2_ * -(_a6_))) * (x * _a6_));{'d0': {'_a1_': -1.5680432440525782, '_a2_': -0.31192970775780016, '_a6_': -2.1534870871986955, '_a0_': 1.0, '_a3_': 1.0, '_a4_': 1.0, '_a5_': 1.0, '_a7_': 1.0}};{'d0': 0.02490583291941661};-280.569866449044;42.262751953087474
16182;-98.0221812714343;(((pow2((-(x) + _a2_)) * _a1_) + (_a2_ * -(_a6_))) * (x * _a6_));{'d0': {'_a1_': -1.5680432440525782, '_a2_': -0.31192970775780016, '_a6_': -2.1534870871986955, '_a0_': 1.0, '_a3_': 1.0, '_a4_': 1.0, '_a5_': 1.0, '_a7_': 1.0}};{'d0': 0.02490583291941661};-280.569866449044;42.262751953087474
16183;-98.0221812714343;(((pow2((-(x) + _a2_)) * _a1_) + (x * -(_a6_))) * (x * _a6_));{'d0': {'_a1_': -2.021617413344773, '_a2_': -0.7250460471909389, '_a6_': -1.6703263709698386, '_a0_': 1.0, '_a3_': 1.0, '_a4_': 1.0, '_a5_': 1.0, '_a7_': 1.0}};{'d0': 0.02490583291941664};-280.569866449044;42.262751953087474
16184;-98.0221812714343;(((pow2((-(x) + _a2_)) * _a1_) + (x * -(_a6_))) * (x * _a6_));{'d0': {'_a1_': -2.021617413344773, '_a2_': -0.7250460471909389, '_a6_': -1.6703263709698386, '_a0_': 1.0, '_a3_': 1.0, '_a4_': 1.0, '_a5_': 1.0, '_a7_': 1.0}};{'d0': 0.02490583291941664};-280.569866449044;42.262751953087474
16185;-98.0221812714343;(((pow2((-(x) + _a2_)) * _a1_) + (x * -(_a6_))) * (x * _a6_));{'d0': {'_a1_': -2.021617413344773, '_a2_': -0.7250460471909389, '_a6_': -1.6703263709698386, '_a0_': 1.0, '_a3_': 1.0, '_a4_': 1.0, '_a5_': 1.0, '_a7_': 1.0}};{'d0': 0.02490583291941664};-280.569866449044;42.262751953087474
16186;-98.0221812714343;(((pow2((-(x) + _a2_)) * _a1_) + (x * -(_a6_))) * (x * _a6_));{'d0': {'_a1_': -2.021617413344773, '_a2_': -0.7250460471909389, '_a6_': -1.6703263709698386, '_a0_': 1.0, '_a3_': 1.0, '_a4_': 1.0, '_a5_': 1.0, '_a7_': 1.0}};{'d0': 0.02490583291941664};-280.569866449044;42.262751953087474
16187;-98.0221812714343;(((pow2((-(x) + _a2_)) * _a1_) + (x * -(_a6_))) * (x * _a6_));{'d0': {'_a1_': -2.021617413344773, '_a2_': -0.7250460471909389, '_a6_': -1.6703263709698386, '_a0_': 1.0, '_a3_': 1.0, '_a4_': 1.0, '_a5_': 1.0, '_a7_': 1.0}};{'d0': 0.02490583291941664};-280.569866449044;42.262751953087474
16188;-98.0221812714344;(((pow2((-(x) + _a2_)) * _a1_) + (x * -(_a6_))) * (x * _a1_));{'d0': {'_a1_': -1.8375964946977157, '_a2_': -0.7250460473003342, '_a6_': -1.5182822747341478, '_a0_': 1.0, '_a3_': 1.0, '_a4_': 1.0, '_a5_': 1.0, '_a7_': 1.0}};{'d0': 0.024905832919416577};-280.569866449044;42.262751953087474
16189;-98.0221812714344;(((pow2((-(x) + _a2_)) * _a1_) + (x * -(_a6_))) * (x * _a1_));{'d0': {'_a1_': -1.8375964946977157, '_a2_': -0.7250460473003342, '_a6_': -1.5182822747341478, '_a0_': 1.0, '_a3_': 1.0, '_a4_': 1.0, '_a5_': 1.0, '_a7_': 1.0}};{'d0': 0.024905832919416577};-280.569866449044;42.262751953087474
16190;-98.0221812714344;(((pow2((-(x) + _a2_)) * _a1_) + (x * -(_a6_))) * (x * _a1_));{'d0': {'_a1_': -1.8375964946977157, '_a2_': -0.7250460473003342, '_a6_': -1.5182822747341478, '_a0_': 1.0, '_a3_': 1.0, '_a4_': 1.0, '_a5_': 1.0, '_a7_': 1.0}};{'d0': 0.024905832919416577};-280.569866449044;42.262751953087474
16191;-98.0221812714344;(((pow2((-(x) + _a2_)) * _a1_) + (x * -(_a6_))) * (x * _a1_));{'d0': {'_a1_': -1.8375964946977157, '_a2_': -0.7250460473003342, '_a6_': -1.5182822747341478, '_a0_': 1.0, '_a3_': 1.0, '_a4_': 1.0, '_a5_': 1.0, '_a7_': 1.0}};{'d0': 0.024905832919416577};-280.569866449044;42.262751953087474
16192;-98.0221812714344;(((pow2((-(x) + _a2_)) * _a1_) + (x * -(_a6_))) * (x * _a1_));{'d0': {'_a1_': -1.8375964946977157, '_a2_': -0.7250460473003342, '_a6_': -1.5182822747341478, '_a0_': 1.0, '_a3_': 1.0, '_a4_': 1.0, '_a5_': 1.0, '_a7_': 1.0}};{'d0': 0.024905832919416577};-280.569866449044;42.262751953087474
16193;-98.0221812714344;(((pow2((-(x) + _a2_)) * _a1_) + (x * -(_a6_))) * (x * _a1_));{'d0': {'_a1_': -1.8375964946977157, '_a2_': -0.7250460473003342, '_a6_': -1.5182822747341478, '_a0_': 1.0, '_a3_': 1.0, '_a4_': 1.0, '_a5_': 1.0, '_a7_': 1.0}};{'d0': 0.024905832919416577};-280.569866449044;42.262751953087474
16194;-98.0221812714344;(((pow2((-(x) + _a2_)) * _a1_) + (x * -(_a6_))) * (x * _a1_));{'d0': {'_a1_': -1.8375964946977157, '_a2_': -0.7250460473003342, '_a6_': -1.5182822747341478, '_a0_': 1.0, '_a3_': 1.0, '_a4_': 1.0, '_a5_': 1.0, '_a7_': 1.0}};{'d0': 0.024905832919416577};-280.569866449044;42.262751953087474
16195;-98.0221812714344;(((pow2((-(x) + _a2_)) * _a1_) + (x * -(_a6_))) * (x * _a1_));{'d0': {'_a1_': -1.8375964946977157, '_a2_': -0.7250460473003342, '_a6_': -1.5182822747341478, '_a0_': 1.0, '_a3_': 1.0, '_a4_': 1.0, '_a5_': 1.0, '_a7_': 1.0}};{'d0': 0.024905832919416577};-280.569866449044;42.262751953087474
16196;-102.971521196891;(((pow2((-(x) + _a2_)) * _a1_) + (x * -(_a6_))) * x);{'d0': {'_a1_': 3.376760878409469, '_a2_': -0.7250460470841709, '_a6_': 2.7899901854292377, '_a0_': 1.0, '_a3_': 1.0, '_a4_': 1.0, '_a5_': 1.0, '_a7_': 1.0}};{'d0': 0.02490583291941665};-280.569866449044;37.31341202763048
16197;-102.971521196891;(((pow2((-(x) + _a2_)) * _a1_) + (x * -(_a6_))) * x);{'d0': {'_a1_': 3.376760878409469, '_a2_': -0.7250460470841709, '_a6_': 2.7899901854292377, '_a0_': 1.0, '_a3_': 1.0, '_a4_': 1.0, '_a5_': 1.0, '_a7_': 1.0}};{'d0': 0.02490583291941665};-280.569866449044;37.31341202763048
16198;-102.971521196891;(((pow2((-(x) + _a2_)) * _a1_) + (x * -(_a6_))) * x);{'d0': {'_a1_': 3.376760878409469, '_a2_': -0.7250460470841709, '_a6_': 2.7899901854292377, '_a0_': 1.0, '_a3_': 1.0, '_a4_': 1.0, '_a5_': 1.0, '_a7_': 1.0}};{'d0': 0.02490583291941665};-280.569866449044;37.31341202763048
16199;-102.971521196891;(((pow2((-(x) + _a2_)) * _a1_) + (x * -(_a6_))) * x);{'d0': {'_a1_': 3.376760878409469, '_a2_': -0.7250460470841709, '_a6_': 2.7899901854292377, '_a0_': 1.0, '_a3_': 1.0, '_a4_': 1.0, '_a5_': 1.0, '_a7_': 1.0}};{'d0': 0.02490583291941665};-280.569866449044;37.31341202763048
16200;-102.971521196891;(((pow2((-(x) + _a2_)) * _a1_) + (x * -(_a6_))) * x);{'d0': {'_a1_': 3.376760878409469, '_a2_': -0.7250460470841709, '_a6_': 2.7899901854292377, '_a0_': 1.0, '_a3_': 1.0, '_a4_': 1.0, '_a5_': 1.0, '_a7_': 1.0}};{'d0': 0.02490583291941665};-280.569866449044;37.31341202763048
16201;-102.971521196891;(((pow2((-(x) + _a2_)) * _a1_) + (x * -(_a6_))) * x);{'d0': {'_a1_': 3.376760878409469, '_a2_': -0.7250460470841709, '_a6_': 2.7899901854292377, '_a0_': 1.0, '_a3_': 1.0, '_a4_': 1.0, '_a5_': 1.0, '_a7_': 1.0}};{'d0': 0.02490583291941665};-280.569866449044;37.31341202763048
16202;-102.971521196891;(((pow2((-(x) + _a2_)) * _a1_) + (x * -(_a6_))) * x);{'d0': {'_a1_': 3.376760878409469, '_a2_': -0.7250460470841709, '_a6_': 2.7899901854292377, '_a0_': 1.0, '_a3_': 1.0, '_a4_': 1.0, '_a5_': 1.0, '_a7_': 1.0}};{'d0': 0.02490583291941665};-280.569866449044;37.31341202763048
16203;-102.971521196891;(((pow2((-(x) + _a2_)) * _a1_) + (x * -(_a6_))) * x);{'d0': {'_a1_': 3.376760878409469, '_a2_': -0.7250460470841709, '_a6_': 2.7899901854292377, '_a0_': 1.0, '_a3_': 1.0, '_a4_': 1.0, '_a5_': 1.0, '_a7_': 1.0}};{'d0': 0.02490583291941665};-280.569866449044;37.31341202763048
16204;-102.971521196891;(((pow2((-(x) + _a2_)) * _a1_) + (x * -(_a6_))) * x);{'d0': {'_a1_': 3.376760878409469, '_a2_': -0.7250460470841709, '_a6_': 2.7899901854292377, '_a0_': 1.0, '_a3_': 1.0, '_a4_': 1.0, '_a5_': 1.0, '_a7_': 1.0}};{'d0': 0.02490583291941665};-280.569866449044;37.31341202763048
16205;-102.971521196891;(((pow2((-(x) + _a2_)) * _a1_) + (x * -(_a6_))) * x);{'d0': {'_a1_': 3.376760878409469, '_a2_': -0.7250460470841709, '_a6_': 2.7899901854292377, '_a0_': 1.0, '_a3_': 1.0, '_a4_': 1.0, '_a5_': 1.0, '_a7_': 1.0}};{'d0': 0.02490583291941665};-280.569866449044;37.31341202763048
16206;-102.971521196891;(((pow2((-(x) + _a2_)) * _a1_) + (x * -(_a6_))) * x);{'d0': {'_a1_': 3.376760878409469, '_a2_': -0.7250460470841709, '_a6_': 2.7899901854292377, '_a0_': 1.0, '_a3_': 1.0, '_a4_': 1.0, '_a5_': 1.0, '_a7_': 1.0}};{'d0': 0.02490583291941665};-280.569866449044;37.31341202763048
16207;-102.971521196891;(((pow2((-(x) + _a2_)) * _a1_) + (x * -(_a6_))) * x);{'d0': {'_a1_': 3.376760878409469, '_a2_': -0.7250460470841709, '_a6_': 2.7899901854292377, '_a0_': 1.0, '_a3_': 1.0, '_a4_': 1.0, '_a5_': 1.0, '_a7_': 1.0}};{'d0': 0.02490583291941665};-280.569866449044;37.31341202763048
16208;-102.971521196891;(((pow2((-(x) + _a2_)) * _a1_) + (x * -(_a6_))) * x);{'d0': {'_a1_': 3.376760878409469, '_a2_': -0.7250460470841709, '_a6_': 2.7899901854292377, '_a0_': 1.0, '_a3_': 1.0, '_a4_': 1.0, '_a5_': 1.0, '_a7_': 1.0}};{'d0': 0.02490583291941665};-280.569866449044;37.31341202763048
16209;-102.971521196891;(((pow2((-(x) + _a2_)) * _a1_) + (x * -(_a6_))) * x);{'d0': {'_a1_': 3.376760878409469, '_a2_': -0.7250460470841709, '_a6_': 2.7899901854292377, '_a0_': 1.0, '_a3_': 1.0, '_a4_': 1.0, '_a5_': 1.0, '_a7_': 1.0}};{'d0': 0.02490583291941665};-280.569866449044;37.31341202763048
16210;-102.971521196891;(((pow2((-(x) + _a2_)) * _a1_) + (x * -(_a6_))) * x);{'d0': {'_a1_': 3.376760878409469, '_a2_': -0.7250460470841709, '_a6_': 2.7899901854292377, '_a0_': 1.0, '_a3_': 1.0, '_a4_': 1.0, '_a5_': 1.0, '_a7_': 1.0}};{'d0': 0.02490583291941665};-280.569866449044;37.31341202763048
16211;-102.971521196891;(((pow2((-(x) + _a2_)) * _a1_) + (x * -(_a6_))) * x);{'d0': {'_a1_': 3.376760878409469, '_a2_': -0.7250460470841709, '_a6_': 2.7899901854292377, '_a0_': 1.0, '_a3_': 1.0, '_a4_': 1.0, '_a5_': 1.0, '_a7_': 1.0}};{'d0': 0.02490583291941665};-280.569866449044;37.31341202763048
16212;-102.971521196891;(((pow2((-(x) + _a2_)) * _a1_) + (x * -(_a6_))) * x);{'d0': {'_a1_': 3.376760878409469, '_a2_': -0.7250460470841709, '_a6_': 2.7899901854292377, '_a0_': 1.0, '_a3_': 1.0, '_a4_': 1.0, '_a5_': 1.0, '_a7_': 1.0}};{'d0': 0.02490583291941665};-280.569866449044;37.31341202763048
16213;-102.971521196891;(((pow2((-(x) + _a2_)) * _a1_) + (x * -(_a6_))) * x);{'d0': {'_a1_': 3.376760878409469, '_a2_': -0.7250460470841709, '_a6_': 2.7899901854292377, '_a0_': 1.0, '_a3_': 1.0, '_a4_': 1.0, '_a5_': 1.0, '_a7_': 1.0}};{'d0': 0.02490583291941665};-280.569866449044;37.31341202763048
16214;-102.971521196891;(((pow2((-(x) + _a2_)) * _a1_) + (x * -(_a6_))) * x);{'d0': {'_a1_': 3.376760878409469, '_a2_': -0.7250460470841709, '_a6_': 2.7899901854292377, '_a0_': 1.0, '_a3_': 1.0, '_a4_': 1.0, '_a5_': 1.0, '_a7_': 1.0}};{'d0': 0.02490583291941665};-280.569866449044;37.31341202763048
16215;-102.971521196891;(((pow2((-(x) + _a2_)) * _a1_) + (x * -(_a6_))) * x);{'d0': {'_a1_': 3.376760878409469, '_a2_': -0.7250460470841709, '_a6_': 2.7899901854292377, '_a0_': 1.0, '_a3_': 1.0, '_a4_': 1.0, '_a5_': 1.0, '_a7_': 1.0}};{'d0': 0.02490583291941665};-280.569866449044;37.31341202763048
16216;-102.971521196891;(((pow2((-(x) + _a2_)) * _a1_) + (x * -(_a6_))) * x);{'d0': {'_a1_': 3.376760878409469, '_a2_': -0.7250460470841709, '_a6_': 2.7899901854292377, '_a0_': 1.0, '_a3_': 1.0, '_a4_': 1.0, '_a5_': 1.0, '_a7_': 1.0}};{'d0': 0.02490583291941665};-280.569866449044;37.31341202763048
16217;-102.971521196891;(((pow2((-(x) + _a2_)) * _a1_) + (x * -(_a6_))) * x);{'d0': {'_a1_': 3.376760878409469, '_a2_': -0.7250460470841709, '_a6_': 2.7899901854292377, '_a0_': 1.0, '_a3_': 1.0, '_a4_': 1.0, '_a5_': 1.0, '_a7_': 1.0}};{'d0': 0.02490583291941665};-280.569866449044;37.31341202763048
16218;-102.971521196891;(((pow2((-(x) + _a2_)) * _a1_) + (x * -(_a6_))) * x);{'d0': {'_a1_': 3.376760878409469, '_a2_': -0.7250460470841709, '_a6_': 2.7899901854292377, '_a0_': 1.0, '_a3_': 1.0, '_a4_': 1.0, '_a5_': 1.0, '_a7_': 1.0}};{'d0': 0.02490583291941665};-280.569866449044;37.31341202763048
16219;-102.971521196891;(((pow2((-(x) + _a2_)) * _a1_) + (x * -(_a6_))) * x);{'d0': {'_a1_': 3.376760878409469, '_a2_': -0.7250460470841709, '_a6_': 2.7899901854292377, '_a0_': 1.0, '_a3_': 1.0, '_a4_': 1.0, '_a5_': 1.0, '_a7_': 1.0}};{'d0': 0.02490583291941665};-280.569866449044;37.31341202763048
16220;-102.971521196891;(((pow2((-(x) + _a2_)) * _a1_) + (x * -(_a6_))) * x);{'d0': {'_a1_': 3.376760878409469, '_a2_': -0.7250460470841709, '_a6_': 2.7899901854292377, '_a0_': 1.0, '_a3_': 1.0, '_a4_': 1.0, '_a5_': 1.0, '_a7_': 1.0}};{'d0': 0.02490583291941665};-280.569866449044;37.31341202763048
16221;-102.971521196891;(((pow2((-(x) + _a2_)) * _a1_) + (x * -(_a6_))) * x);{'d0': {'_a1_': 3.376760878409469, '_a2_': -0.7250460470841709, '_a6_': 2.7899901854292377, '_a0_': 1.0, '_a3_': 1.0, '_a4_': 1.0, '_a5_': 1.0, '_a7_': 1.0}};{'d0': 0.02490583291941665};-280.569866449044;37.31341202763048
16222;-102.971521196891;(((pow2((-(x) + _a2_)) * _a1_) + (x * -(_a6_))) * x);{'d0': {'_a1_': 3.376760878409469, '_a2_': -0.7250460470841709, '_a6_': 2.7899901854292377, '_a0_': 1.0, '_a3_': 1.0, '_a4_': 1.0, '_a5_': 1.0, '_a7_': 1.0}};{'d0': 0.02490583291941665};-280.569866449044;37.31341202763048
16223;-102.971521196891;(((pow2((-(x) + _a2_)) * _a1_) + (x * -(_a6_))) * x);{'d0': {'_a1_': 3.376760878409469, '_a2_': -0.7250460470841709, '_a6_': 2.7899901854292377, '_a0_': 1.0, '_a3_': 1.0, '_a4_': 1.0, '_a5_': 1.0, '_a7_': 1.0}};{'d0': 0.02490583291941665};-280.569866449044;37.31341202763048
16224;-102.971521196891;(((pow2((-(x) + _a2_)) * _a1_) + (x * -(_a6_))) * x);{'d0': {'_a1_': 3.376760878409469, '_a2_': -0.7250460470841709, '_a6_': 2.7899901854292377, '_a0_': 1.0, '_a3_': 1.0, '_a4_': 1.0, '_a5_': 1.0, '_a7_': 1.0}};{'d0': 0.02490583291941665};-280.569866449044;37.31341202763048
16225;-102.971521196891;(((pow2((-(x) + _a2_)) * _a1_) + (x * -(_a6_))) * x);{'d0': {'_a1_': 3.376760878409469, '_a2_': -0.7250460470841709, '_a6_': 2.7899901854292377, '_a0_': 1.0, '_a3_': 1.0, '_a4_': 1.0, '_a5_': 1.0, '_a7_': 1.0}};{'d0': 0.02490583291941665};-280.569866449044;37.31341202763048
16226;-102.971521196891;(((pow2((-(x) + _a2_)) * _a1_) + (x * -(_a6_))) * x);{'d0': {'_a1_': 3.376760878409469, '_a2_': -0.7250460470841709, '_a6_': 2.7899901854292377, '_a0_': 1.0, '_a3_': 1.0, '_a4_': 1.0, '_a5_': 1.0, '_a7_': 1.0}};{'d0': 0.02490583291941665};-280.569866449044;37.31341202763048
16227;-102.971521196891;(((pow2((-(x) + _a2_)) * _a1_) + (x * -(_a6_))) * x);{'d0': {'_a1_': 3.376760878409469, '_a2_': -0.7250460470841709, '_a6_': 2.7899901854292377, '_a0_': 1.0, '_a3_': 1.0, '_a4_': 1.0, '_a5_': 1.0, '_a7_': 1.0}};{'d0': 0.02490583291941665};-280.569866449044;37.31341202763048
16228;-102.971521196891;(((pow2((-(x) + _a2_)) * _a1_) + (x * -(_a6_))) * x);{'d0': {'_a1_': 3.376760878409469, '_a2_': -0.7250460470841709, '_a6_': 2.7899901854292377, '_a0_': 1.0, '_a3_': 1.0, '_a4_': 1.0, '_a5_': 1.0, '_a7_': 1.0}};{'d0': 0.02490583291941665};-280.569866449044;37.31341202763048
16229;-102.971521196891;(((pow2((-(x) + _a2_)) * _a1_) + (x * -(_a6_))) * x);{'d0': {'_a1_': 3.376760878409469, '_a2_': -0.7250460470841709, '_a6_': 2.7899901854292377, '_a0_': 1.0, '_a3_': 1.0, '_a4_': 1.0, '_a5_': 1.0, '_a7_': 1.0}};{'d0': 0.02490583291941665};-280.569866449044;37.31341202763048
16230;-102.971521196891;(((pow2((-(x) + _a2_)) * _a1_) + (x * -(_a6_))) * x);{'d0': {'_a1_': 3.376760878409469, '_a2_': -0.7250460470841709, '_a6_': 2.7899901854292377, '_a0_': 1.0, '_a3_': 1.0, '_a4_': 1.0, '_a5_': 1.0, '_a7_': 1.0}};{'d0': 0.02490583291941665};-280.569866449044;37.31341202763048
16231;-102.971521196891;(((pow2((-(x) + _a2_)) * _a1_) + (x * -(_a6_))) * x);{'d0': {'_a1_': 3.376760878409469, '_a2_': -0.7250460470841709, '_a6_': 2.7899901854292377, '_a0_': 1.0, '_a3_': 1.0, '_a4_': 1.0, '_a5_': 1.0, '_a7_': 1.0}};{'d0': 0.02490583291941665};-280.569866449044;37.31341202763048
16232;-102.971521196891;(((pow2((-(x) + _a2_)) * _a1_) + (x * -(_a6_))) * x);{'d0': {'_a1_': 3.376760878409469, '_a2_': -0.7250460470841709, '_a6_': 2.7899901854292377, '_a0_': 1.0, '_a3_': 1.0, '_a4_': 1.0, '_a5_': 1.0, '_a7_': 1.0}};{'d0': 0.02490583291941665};-280.569866449044;37.31341202763048
16233;-102.971521196891;(((pow2((-(x) + _a2_)) * _a1_) + (x * -(_a6_))) * x);{'d0': {'_a1_': 3.376760878409469, '_a2_': -0.7250460470841709, '_a6_': 2.7899901854292377, '_a0_': 1.0, '_a3_': 1.0, '_a4_': 1.0, '_a5_': 1.0, '_a7_': 1.0}};{'d0': 0.02490583291941665};-280.569866449044;37.31341202763048
16234;-102.971521196891;(((pow2((-(x) + _a2_)) * _a1_) + (x * -(_a6_))) * x);{'d0': {'_a1_': 3.376760878409469, '_a2_': -0.7250460470841709, '_a6_': 2.7899901854292377, '_a0_': 1.0, '_a3_': 1.0, '_a4_': 1.0, '_a5_': 1.0, '_a7_': 1.0}};{'d0': 0.02490583291941665};-280.569866449044;37.31341202763048
16235;-106.651973435152;(((pow2((-(x) + _a2_)) * _a1_) + (x * _a5_)) * x);{'d0': {'_a1_': 3.3767608800352304, '_a2_': -0.7250460468193937, '_a5_': -2.7899901852049274, '_a0_': 1.0, '_a3_': 1.0, '_a4_': 1.0, '_a6_': 1.0, '_a7_': 1.0}};{'d0': 0.02490583291941667};-280.569866449043;33.63295978936931
16236;-106.651973435152;(((pow2((-(x) + _a2_)) * _a1_) + (x * _a5_)) * x);{'d0': {'_a1_': 3.3767608800352304, '_a2_': -0.7250460468193937, '_a5_': -2.7899901852049274, '_a0_': 1.0, '_a3_': 1.0, '_a4_': 1.0, '_a6_': 1.0, '_a7_': 1.0}};{'d0': 0.02490583291941667};-280.569866449043;33.63295978936931
16237;-106.651973435152;(((pow2((-(x) + _a2_)) * _a1_) + (x * _a5_)) * x);{'d0': {'_a1_': 3.3767608800352304, '_a2_': -0.7250460468193937, '_a5_': -2.7899901852049274, '_a0_': 1.0, '_a3_': 1.0, '_a4_': 1.0, '_a6_': 1.0, '_a7_': 1.0}};{'d0': 0.02490583291941667};-280.569866449043;33.63295978936931
16238;-106.651973435152;(((pow2((-(x) + _a2_)) * _a1_) + (x * _a5_)) * x);{'d0': {'_a1_': 3.3767608800352304, '_a2_': -0.7250460468193937, '_a5_': -2.7899901852049274, '_a0_': 1.0, '_a3_': 1.0, '_a4_': 1.0, '_a6_': 1.0, '_a7_': 1.0}};{'d0': 0.02490583291941667};-280.569866449043;33.63295978936931
16239;-106.651973435152;(((pow2((-(x) + _a2_)) * _a1_) + (x * _a5_)) * x);{'d0': {'_a1_': 3.3767608800352304, '_a2_': -0.7250460468193937, '_a5_': -2.7899901852049274, '_a0_': 1.0, '_a3_': 1.0, '_a4_': 1.0, '_a6_': 1.0, '_a7_': 1.0}};{'d0': 0.02490583291941667};-280.569866449043;33.63295978936931
16240;-106.651973435152;(((pow2((-(x) + _a2_)) * _a1_) + (x * _a5_)) * x);{'d0': {'_a1_': 3.3767608800352304, '_a2_': -0.7250460468193937, '_a5_': -2.7899901852049274, '_a0_': 1.0, '_a3_': 1.0, '_a4_': 1.0, '_a6_': 1.0, '_a7_': 1.0}};{'d0': 0.02490583291941667};-280.569866449043;33.63295978936931
16241;-106.651973435152;(((pow2((-(x) + _a2_)) * _a1_) + (x * _a5_)) * x);{'d0': {'_a1_': 3.3767608800352304, '_a2_': -0.7250460468193937, '_a5_': -2.7899901852049274, '_a0_': 1.0, '_a3_': 1.0, '_a4_': 1.0, '_a6_': 1.0, '_a7_': 1.0}};{'d0': 0.02490583291941667};-280.569866449043;33.63295978936931
16242;-106.651973435152;(((pow2((-(x) + _a2_)) * _a1_) + (x * _a5_)) * x);{'d0': {'_a1_': 3.3767608800352304, '_a2_': -0.7250460468193937, '_a5_': -2.7899901852049274, '_a0_': 1.0, '_a3_': 1.0, '_a4_': 1.0, '_a6_': 1.0, '_a7_': 1.0}};{'d0': 0.02490583291941667};-280.569866449043;33.63295978936931
16243;-106.651973435152;(((pow2((-(x) + _a2_)) * _a1_) + (x * _a5_)) * x);{'d0': {'_a1_': 3.3767608800352304, '_a2_': -0.7250460468193937, '_a5_': -2.7899901852049274, '_a0_': 1.0, '_a3_': 1.0, '_a4_': 1.0, '_a6_': 1.0, '_a7_': 1.0}};{'d0': 0.02490583291941667};-280.569866449043;33.63295978936931
16244;-96.4680690694873;((((_a7_ + pow2(((x * _a7_) * _a3_))) + _a1_) * (_a7_ + x)) + _a6_);{'d0': {'_a1_': 1.150102606569751, '_a3_': 2.9447744978445214, '_a6_': -1.1093862694933905, '_a7_': 0.6245511674225209, '_a0_': 1.0, '_a2_': 1.0, '_a4_': 1.0, '_a5_': 1.0}};{'d0': 0.02488548250186683};-276.524567593313;41.79421472716905
16245;-96.4680690694873;((((_a7_ + pow2(((x * _a7_) * _a3_))) + _a1_) * (_a7_ + x)) + _a6_);{'d0': {'_a1_': 1.150102606569751, '_a3_': 2.9447744978445214, '_a6_': -1.1093862694933905, '_a7_': 0.6245511674225209, '_a0_': 1.0, '_a2_': 1.0, '_a4_': 1.0, '_a5_': 1.0}};{'d0': 0.02488548250186683};-276.524567593313;41.79421472716905
16246;-96.4680690694873;((((_a7_ + pow2(((x * _a7_) * _a3_))) + _a1_) * (_a7_ + x)) + _a6_);{'d0': {'_a1_': 1.150102606569751, '_a3_': 2.9447744978445214, '_a6_': -1.1093862694933905, '_a7_': 0.6245511674225209, '_a0_': 1.0, '_a2_': 1.0, '_a4_': 1.0, '_a5_': 1.0}};{'d0': 0.02488548250186683};-276.524567593313;41.79421472716905
16247;-96.4680690694873;((((_a7_ + pow2(((x * _a7_) * _a3_))) + _a1_) * (_a1_ + x)) + _a6_);{'d0': {'_a1_': 0.6245511674519015, '_a3_': 1.599128931658954, '_a6_': -1.1093862692421035, '_a7_': 1.1501026057142958, '_a0_': 1.0, '_a2_': 1.0, '_a4_': 1.0, '_a5_': 1.0}};{'d0': 0.02488548250186682};-276.524567593313;41.79421472716905
16248;-96.4680690694873;((((_a7_ + pow2(((x * _a7_) * _a3_))) + _a1_) * (_a1_ + x)) + _a6_);{'d0': {'_a1_': 0.6245511674519015, '_a3_': 1.599128931658954, '_a6_': -1.1093862692421035, '_a7_': 1.1501026057142958, '_a0_': 1.0, '_a2_': 1.0, '_a4_': 1.0, '_a5_': 1.0}};{'d0': 0.02488548250186682};-276.524567593313;41.79421472716905
16249;-96.4680690694873;((((_a7_ + pow2(((x * _a7_) * _a3_))) + _a1_) * (_a1_ + x)) + _a6_);{'d0': {'_a1_': 0.6245511674519015, '_a3_': 1.599128931658954, '_a6_': -1.1093862692421035, '_a7_': 1.1501026057142958, '_a0_': 1.0, '_a2_': 1.0, '_a4_': 1.0, '_a5_': 1.0}};{'d0': 0.02488548250186682};-276.524567593313;41.79421472716905
16250;-96.4680690694873;((((_a7_ + pow2(((x * _a7_) * _a3_))) + _a1_) * (_a1_ + x)) + _a6_);{'d0': {'_a1_': 0.6245511674519015, '_a3_': 1.599128931658954, '_a6_': -1.1093862692421035, '_a7_': 1.1501026057142958, '_a0_': 1.0, '_a2_': 1.0, '_a4_': 1.0, '_a5_': 1.0}};{'d0': 0.02488548250186682};-276.524567593313;41.79421472716905
16251;-96.4680690694873;((((_a7_ + pow2(((x * _a7_) * _a3_))) + _a1_) * (_a1_ + x)) + _a6_);{'d0': {'_a1_': 0.6245511674519015, '_a3_': 1.599128931658954, '_a6_': -1.1093862692421035, '_a7_': 1.1501026057142958, '_a0_': 1.0, '_a2_': 1.0, '_a4_': 1.0, '_a5_': 1.0}};{'d0': 0.02488548250186682};-276.524567593313;41.79421472716905
16252;-96.4680690694873;((((_a7_ + pow2(((x * _a7_) * _a3_))) + _a1_) * (_a1_ + x)) + _a6_);{'d0': {'_a1_': 0.6245511674519015, '_a3_': 1.599128931658954, '_a6_': -1.1093862692421035, '_a7_': 1.1501026057142958, '_a0_': 1.0, '_a2_': 1.0, '_a4_': 1.0, '_a5_': 1.0}};{'d0': 0.02488548250186682};-276.524567593313;41.79421472716905
16253;-96.4680690694873;((((_a7_ + pow2(((x * _a7_) * _a3_))) + _a1_) * (_a1_ + x)) + _a6_);{'d0': {'_a1_': 0.6245511674519015, '_a3_': 1.599128931658954, '_a6_': -1.1093862692421035, '_a7_': 1.1501026057142958, '_a0_': 1.0, '_a2_': 1.0, '_a4_': 1.0, '_a5_': 1.0}};{'d0': 0.02488548250186682};-276.524567593313;41.79421472716905
16254;-96.4680690694873;((((_a7_ + pow2(((x * _a7_) * _a3_))) + _a1_) * (_a1_ + x)) + _a6_);{'d0': {'_a1_': 0.6245511674519015, '_a3_': 1.599128931658954, '_a6_': -1.1093862692421035, '_a7_': 1.1501026057142958, '_a0_': 1.0, '_a2_': 1.0, '_a4_': 1.0, '_a5_': 1.0}};{'d0': 0.02488548250186682};-276.524567593313;41.79421472716905
16255;-96.4680690694873;((((_a7_ + pow2(((x * _a7_) * _a3_))) + _a1_) * (_a1_ + x)) + _a6_);{'d0': {'_a1_': 0.6245511674519015, '_a3_': 1.599128931658954, '_a6_': -1.1093862692421035, '_a7_': 1.1501026057142958, '_a0_': 1.0, '_a2_': 1.0, '_a4_': 1.0, '_a5_': 1.0}};{'d0': 0.02488548250186682};-276.524567593313;41.79421472716905
16256;-96.4680690694873;((((_a7_ + pow2(((x * _a7_) * _a3_))) + _a1_) * (_a1_ + x)) + _a6_);{'d0': {'_a1_': 0.6245511674519015, '_a3_': 1.599128931658954, '_a6_': -1.1093862692421035, '_a7_': 1.1501026057142958, '_a0_': 1.0, '_a2_': 1.0, '_a4_': 1.0, '_a5_': 1.0}};{'d0': 0.02488548250186682};-276.524567593313;41.79421472716905
16257;-96.4680690694873;((((_a7_ + pow2(((x * _a7_) * _a3_))) + _a1_) * (_a1_ + x)) + _a6_);{'d0': {'_a1_': 0.6245511674519015, '_a3_': 1.599128931658954, '_a6_': -1.1093862692421035, '_a7_': 1.1501026057142958, '_a0_': 1.0, '_a2_': 1.0, '_a4_': 1.0, '_a5_': 1.0}};{'d0': 0.02488548250186682};-276.524567593313;41.79421472716905
16258;-96.4680690694873;((((_a7_ + pow2(((x * _a7_) * _a3_))) + _a1_) * (_a1_ + x)) + _a6_);{'d0': {'_a1_': 0.6245511674519015, '_a3_': 1.599128931658954, '_a6_': -1.1093862692421035, '_a7_': 1.1501026057142958, '_a0_': 1.0, '_a2_': 1.0, '_a4_': 1.0, '_a5_': 1.0}};{'d0': 0.02488548250186682};-276.524567593313;41.79421472716905
16259;-96.4680690694873;((((_a7_ + pow2(((x * _a7_) * _a3_))) + _a1_) * (_a1_ + x)) + _a6_);{'d0': {'_a1_': 0.6245511674519015, '_a3_': 1.599128931658954, '_a6_': -1.1093862692421035, '_a7_': 1.1501026057142958, '_a0_': 1.0, '_a2_': 1.0, '_a4_': 1.0, '_a5_': 1.0}};{'d0': 0.02488548250186682};-276.524567593313;41.79421472716905
16260;-96.4680690694873;((((_a7_ + pow2(((x * _a7_) * _a3_))) + _a1_) * (_a1_ + x)) + _a6_);{'d0': {'_a1_': 0.6245511674519015, '_a3_': 1.599128931658954, '_a6_': -1.1093862692421035, '_a7_': 1.1501026057142958, '_a0_': 1.0, '_a2_': 1.0, '_a4_': 1.0, '_a5_': 1.0}};{'d0': 0.02488548250186682};-276.524567593313;41.79421472716905
16261;-97.4471000874577;(x * (_a0_ + pow2((((_a3_ * (_a0_ + x)) + (_a3_ + _a6_)) + x))));{'d0': {'_a0_': 1.446576088154333, '_a3_': -2.8375964957075506, '_a6_': 6.369194796449077, '_a1_': 1.0, '_a2_': 1.0, '_a4_': 1.0, '_a5_': 1.0, '_a7_': 1.0}};{'d0': 0.02490583291941671};-280.569866449043;42.837833137063924
16262;-97.4471000874577;(x * (_a0_ + pow2((((_a3_ * (_a0_ + x)) + (_a3_ + _a6_)) + x))));{'d0': {'_a0_': 1.446576088154333, '_a3_': -2.8375964957075506, '_a6_': 6.369194796449077, '_a1_': 1.0, '_a2_': 1.0, '_a4_': 1.0, '_a5_': 1.0, '_a7_': 1.0}};{'d0': 0.02490583291941671};-280.569866449043;42.837833137063924
16263;-97.4471000874577;(x * (_a0_ + pow2((((_a3_ * (_a0_ + x)) + (_a3_ + _a6_)) + x))));{'d0': {'_a0_': 1.446576088154333, '_a3_': -2.8375964957075506, '_a6_': 6.369194796449077, '_a1_': 1.0, '_a2_': 1.0, '_a4_': 1.0, '_a5_': 1.0, '_a7_': 1.0}};{'d0': 0.02490583291941671};-280.569866449043;42.837833137063924
16264;-97.4471000874577;(x * (_a0_ + pow2((((_a3_ * (_a0_ + x)) + (_a3_ + _a6_)) + x))));{'d0': {'_a0_': 1.446576088154333, '_a3_': -2.8375964957075506, '_a6_': 6.369194796449077, '_a1_': 1.0, '_a2_': 1.0, '_a4_': 1.0, '_a5_': 1.0, '_a7_': 1.0}};{'d0': 0.02490583291941671};-280.569866449043;42.837833137063924
16265;-97.4471000874577;(x * (_a0_ + pow2((((_a3_ * (_a0_ + x)) + (_a3_ + _a6_)) + x))));{'d0': {'_a0_': 1.446576088154333, '_a3_': -2.8375964957075506, '_a6_': 6.369194796449077, '_a1_': 1.0, '_a2_': 1.0, '_a4_': 1.0, '_a5_': 1.0, '_a7_': 1.0}};{'d0': 0.02490583291941671};-280.569866449043;42.837833137063924
16266;-97.4471000874577;(x * (_a0_ + pow2((((_a3_ * (_a0_ + x)) + (_a3_ + _a6_)) + x))));{'d0': {'_a0_': 1.446576088154333, '_a3_': -2.8375964957075506, '_a6_': 6.369194796449077, '_a1_': 1.0, '_a2_': 1.0, '_a4_': 1.0, '_a5_': 1.0, '_a7_': 1.0}};{'d0': 0.02490583291941671};-280.569866449043;42.837833137063924
16267;-97.4471000874577;(x * (_a0_ + pow2((((_a3_ * (_a0_ + x)) + (_a3_ + _a6_)) + x))));{'d0': {'_a0_': 1.446576088154333, '_a3_': -2.8375964957075506, '_a6_': 6.369194796449077, '_a1_': 1.0, '_a2_': 1.0, '_a4_': 1.0, '_a5_': 1.0, '_a7_': 1.0}};{'d0': 0.02490583291941671};-280.569866449043;42.837833137063924
16268;-97.4471000874577;(x * (_a0_ + pow2((((_a3_ * (_a0_ + x)) + (_a3_ + _a6_)) + x))));{'d0': {'_a0_': 1.446576088154333, '_a3_': -2.8375964957075506, '_a6_': 6.369194796449077, '_a1_': 1.0, '_a2_': 1.0, '_a4_': 1.0, '_a5_': 1.0, '_a7_': 1.0}};{'d0': 0.02490583291941671};-280.569866449043;42.837833137063924
16269;-97.4471000874577;(x * (_a0_ + pow2((((_a3_ * (_a0_ + x)) + (_a3_ + _a6_)) + x))));{'d0': {'_a0_': 1.446576088154333, '_a3_': -2.8375964957075506, '_a6_': 6.369194796449077, '_a1_': 1.0, '_a2_': 1.0, '_a4_': 1.0, '_a5_': 1.0, '_a7_': 1.0}};{'d0': 0.02490583291941671};-280.569866449043;42.837833137063924
16270;-97.4471000874577;(x * (_a0_ + pow2((((_a3_ * (_a0_ + x)) + (_a3_ + _a6_)) + x))));{'d0': {'_a0_': 1.446576088154333, '_a3_': -2.8375964957075506, '_a6_': 6.369194796449077, '_a1_': 1.0, '_a2_': 1.0, '_a4_': 1.0, '_a5_': 1.0, '_a7_': 1.0}};{'d0': 0.02490583291941671};-280.569866449043;42.837833137063924
16271;-97.4471000874577;(x * (_a0_ + pow2((((_a3_ * (_a0_ + x)) + (_a3_ + _a6_)) + x))));{'d0': {'_a0_': 1.446576088154333, '_a3_': -2.8375964957075506, '_a6_': 6.369194796449077, '_a1_': 1.0, '_a2_': 1.0, '_a4_': 1.0, '_a5_': 1.0, '_a7_': 1.0}};{'d0': 0.02490583291941671};-280.569866449043;42.837833137063924
16272;-97.4471000874577;(x * (_a0_ + pow2((((_a3_ * (_a0_ + x)) + (_a3_ + _a6_)) + x))));{'d0': {'_a0_': 1.446576088154333, '_a3_': -2.8375964957075506, '_a6_': 6.369194796449077, '_a1_': 1.0, '_a2_': 1.0, '_a4_': 1.0, '_a5_': 1.0, '_a7_': 1.0}};{'d0': 0.02490583291941671};-280.569866449043;42.837833137063924
16273;-97.4471000874577;(x * (_a0_ + pow2((((_a3_ * (_a0_ + x)) + (_a3_ + _a6_)) + x))));{'d0': {'_a0_': 1.446576088154333, '_a3_': -2.8375964957075506, '_a6_': 6.369194796449077, '_a1_': 1.0, '_a2_': 1.0, '_a4_': 1.0, '_a5_': 1.0, '_a7_': 1.0}};{'d0': 0.02490583291941671};-280.569866449043;42.837833137063924
16274;-97.4471000874577;(x * (_a0_ + pow2((((_a3_ * (_a0_ + x)) + (_a3_ + _a6_)) + x))));{'d0': {'_a0_': 1.446576088154333, '_a3_': -2.8375964957075506, '_a6_': 6.369194796449077, '_a1_': 1.0, '_a2_': 1.0, '_a4_': 1.0, '_a5_': 1.0, '_a7_': 1.0}};{'d0': 0.02490583291941671};-280.569866449043;42.837833137063924
16275;-97.4471000874577;(x * (_a0_ + pow2((((_a3_ * (_a0_ + x)) + (_a3_ + _a6_)) + x))));{'d0': {'_a0_': 1.446576088154333, '_a3_': -2.8375964957075506, '_a6_': 6.369194796449077, '_a1_': 1.0, '_a2_': 1.0, '_a4_': 1.0, '_a5_': 1.0, '_a7_': 1.0}};{'d0': 0.02490583291941671};-280.569866449043;42.837833137063924
16276;-97.4471000874577;(x * (_a0_ + pow2((((_a3_ * (_a0_ + x)) + (_a3_ + _a6_)) + x))));{'d0': {'_a0_': 1.446576088154333, '_a3_': -2.8375964957075506, '_a6_': 6.369194796449077, '_a1_': 1.0, '_a2_': 1.0, '_a4_': 1.0, '_a5_': 1.0, '_a7_': 1.0}};{'d0': 0.02490583291941671};-280.569866449043;42.837833137063924
16277;-97.4471000874577;(x * (_a0_ + pow2((((_a3_ * (_a0_ + x)) + (_a3_ + _a6_)) + x))));{'d0': {'_a0_': 1.446576088154333, '_a3_': -2.8375964957075506, '_a6_': 6.369194796449077, '_a1_': 1.0, '_a2_': 1.0, '_a4_': 1.0, '_a5_': 1.0, '_a7_': 1.0}};{'d0': 0.02490583291941671};-280.569866449043;42.837833137063924
16278;-97.4471000874577;(x * (_a0_ + pow2((((_a3_ * (_a0_ + x)) + (_a3_ + _a6_)) + x))));{'d0': {'_a0_': 1.446576088154333, '_a3_': -2.8375964957075506, '_a6_': 6.369194796449077, '_a1_': 1.0, '_a2_': 1.0, '_a4_': 1.0, '_a5_': 1.0, '_a7_': 1.0}};{'d0': 0.02490583291941671};-280.569866449043;42.837833137063924
16279;-92.7701345968773;((((_a7_ + pow2(((x * pow2(_a7_)) * _a0_))) + _a1_) * (_a1_ + x)) + _a6_);{'d0': {'_a0_': 1.3904228393125382, '_a1_': 0.624551167453169, '_a6_': -1.1093862695703436, '_a7_': 1.1501026065268207, '_a2_': 1.0, '_a3_': 1.0, '_a4_': 1.0, '_a5_': 1.0}};{'d0': 0.024885482501866864};-276.524567593312;45.49214919977905
16280;-92.7701345968773;((((_a7_ + pow2(((x * pow2(_a7_)) * _a0_))) + _a1_) * (_a1_ + x)) + _a6_);{'d0': {'_a0_': 1.3904228393125382, '_a1_': 0.624551167453169, '_a6_': -1.1093862695703436, '_a7_': 1.1501026065268207, '_a2_': 1.0, '_a3_': 1.0, '_a4_': 1.0, '_a5_': 1.0}};{'d0': 0.024885482501866864};-276.524567593312;45.49214919977905
16281;-92.7701345968773;((((_a7_ + pow2(((x * pow2(_a7_)) * _a0_))) + _a1_) * (_a1_ + x)) + _a6_);{'d0': {'_a0_': 1.3904228393125382, '_a1_': 0.624551167453169, '_a6_': -1.1093862695703436, '_a7_': 1.1501026065268207, '_a2_': 1.0, '_a3_': 1.0, '_a4_': 1.0, '_a5_': 1.0}};{'d0': 0.024885482501866864};-276.524567593312;45.49214919977905
16282;-92.7701345968773;((((_a7_ + pow2(((x * pow2(_a7_)) * _a0_))) + _a1_) * (_a1_ + x)) + _a6_);{'d0': {'_a0_': 1.3904228393125382, '_a1_': 0.624551167453169, '_a6_': -1.1093862695703436, '_a7_': 1.1501026065268207, '_a2_': 1.0, '_a3_': 1.0, '_a4_': 1.0, '_a5_': 1.0}};{'d0': 0.024885482501866864};-276.524567593312;45.49214919977905
16283;-92.7701345968773;((((_a7_ + pow2(((x * pow2(_a7_)) * _a0_))) + _a1_) * (_a1_ + x)) + _a6_);{'d0': {'_a0_': 1.3904228393125382, '_a1_': 0.624551167453169, '_a6_': -1.1093862695703436, '_a7_': 1.1501026065268207, '_a2_': 1.0, '_a3_': 1.0, '_a4_': 1.0, '_a5_': 1.0}};{'d0': 0.024885482501866864};-276.524567593312;45.49214919977905
16284;-92.7701345968773;((((_a7_ + pow2(((x * pow2(_a7_)) * _a0_))) + _a1_) * (_a1_ + x)) + _a6_);{'d0': {'_a0_': 1.3904228393125382, '_a1_': 0.624551167453169, '_a6_': -1.1093862695703436, '_a7_': 1.1501026065268207, '_a2_': 1.0, '_a3_': 1.0, '_a4_': 1.0, '_a5_': 1.0}};{'d0': 0.024885482501866864};-276.524567593312;45.49214919977905
16285;-93.7671529271972;(x * (-(_a6_) + pow2((((_a3_ * (_a0_ + x)) + (_a3_ + _a6_)) + x))));{'d0': {'_a0_': -1.307786943579878, '_a3_': -2.8375964945900902, '_a6_': -1.446576089789463, '_a1_': 1.0, '_a2_': 1.0, '_a4_': 1.0, '_a5_': 1.0, '_a7_': 1.0}};{'d0': 0.02490583291941677};-280.569866449043;46.517780297324315
16286;-93.7671529271972;(x * (-(_a6_) + pow2((((_a3_ * (_a0_ + x)) + (_a3_ + _a6_)) + x))));{'d0': {'_a0_': -1.307786943579878, '_a3_': -2.8375964945900902, '_a6_': -1.446576089789463, '_a1_': 1.0, '_a2_': 1.0, '_a4_': 1.0, '_a5_': 1.0, '_a7_': 1.0}};{'d0': 0.02490583291941677};-280.569866449043;46.517780297324315
16287;-93.7671529271972;(x * (-(_a6_) + pow2((((_a3_ * (_a0_ + x)) + (_a3_ + _a6_)) + x))));{'d0': {'_a0_': -1.307786943579878, '_a3_': -2.8375964945900902, '_a6_': -1.446576089789463, '_a1_': 1.0, '_a2_': 1.0, '_a4_': 1.0, '_a5_': 1.0, '_a7_': 1.0}};{'d0': 0.02490583291941677};-280.569866449043;46.517780297324315
16288;-93.7671529271972;(x * (-(_a6_) + pow2((((_a3_ * (_a0_ + x)) + (_a3_ + _a6_)) + x))));{'d0': {'_a0_': -1.307786943579878, '_a3_': -2.8375964945900902, '_a6_': -1.446576089789463, '_a1_': 1.0, '_a2_': 1.0, '_a4_': 1.0, '_a5_': 1.0, '_a7_': 1.0}};{'d0': 0.02490583291941677};-280.569866449043;46.517780297324315
16289;-93.7671529271972;(x * (-(_a6_) + pow2((((_a3_ * (_a0_ + x)) + (_a3_ + _a6_)) + x))));{'d0': {'_a0_': -1.307786943579878, '_a3_': -2.8375964945900902, '_a6_': -1.446576089789463, '_a1_': 1.0, '_a2_': 1.0, '_a4_': 1.0, '_a5_': 1.0, '_a7_': 1.0}};{'d0': 0.02490583291941677};-280.569866449043;46.517780297324315
16290;-90.5229451664177;(x * ((_a4_ * _a6_) + pow2((((_a3_ * (_a0_ + x)) + (_a3_ + _a6_)) + x))));{'d0': {'_a0_': 0.26681117100780355, '_a3_': -2.837596494191696, '_a4_': 0.4787611585661981, '_a6_': 3.0214980001247542, '_a1_': 1.0, '_a2_': 1.0, '_a5_': 1.0, '_a7_': 1.0}};{'d0': 0.024905832920075848};-276.475521885233;47.714815776198925
16291;-90.0405956425469;(x * (log(_a4_) + pow2((((_a3_ * (_a0_ + x)) + (_a3_ + _a6_)) + x))));{'d0': {'_a0_': 581.4130692761564, '_a3_': -2.837596522737931, '_a4_': 4.248531432124203, '_a6_': 1652.0800992273544, '_a1_': 1.0, '_a2_': 1.0, '_a5_': 1.0, '_a7_': 1.0}};{'d0': 0.024905833030405243};-276.475521619442;48.19716516717393
16292;-90.0405956425469;(x * (log(_a4_) + pow2((((_a3_ * (_a0_ + x)) + (_a3_ + _a6_)) + x))));{'d0': {'_a0_': 581.4130692761564, '_a3_': -2.837596522737931, '_a4_': 4.248531432124203, '_a6_': 1652.0800992273544, '_a1_': 1.0, '_a2_': 1.0, '_a5_': 1.0, '_a7_': 1.0}};{'d0': 0.024905833030405243};-276.475521619442;48.19716516717393
16293;-90.0405956425469;(x * (log(_a4_) + pow2((((_a3_ * (_a0_ + x)) + (_a3_ + _a6_)) + x))));{'d0': {'_a0_': 581.4130692761564, '_a3_': -2.837596522737931, '_a4_': 4.248531432124203, '_a6_': 1652.0800992273544, '_a1_': 1.0, '_a2_': 1.0, '_a5_': 1.0, '_a7_': 1.0}};{'d0': 0.024905833030405243};-276.475521619442;48.19716516717393
16294;-90.0405956425469;(x * (log(_a4_) + pow2((((_a3_ * (_a0_ + x)) + (_a3_ + _a6_)) + x))));{'d0': {'_a0_': 581.4130692761564, '_a3_': -2.837596522737931, '_a4_': 4.248531432124203, '_a6_': 1652.0800992273544, '_a1_': 1.0, '_a2_': 1.0, '_a5_': 1.0, '_a7_': 1.0}};{'d0': 0.024905833030405243};-276.475521619442;48.19716516717393
16295;-90.0405956425469;(x * (log(_a4_) + pow2((((_a3_ * (_a0_ + x)) + (_a3_ + _a6_)) + x))));{'d0': {'_a0_': 581.4130692761564, '_a3_': -2.837596522737931, '_a4_': 4.248531432124203, '_a6_': 1652.0800992273544, '_a1_': 1.0, '_a2_': 1.0, '_a5_': 1.0, '_a7_': 1.0}};{'d0': 0.024905833030405243};-276.475521619442;48.19716516717393
16296;-90.0405956425469;(x * (log(_a4_) + pow2((((_a3_ * (_a0_ + x)) + (_a3_ + _a6_)) + x))));{'d0': {'_a0_': 581.4130692761564, '_a3_': -2.837596522737931, '_a4_': 4.248531432124203, '_a6_': 1652.0800992273544, '_a1_': 1.0, '_a2_': 1.0, '_a5_': 1.0, '_a7_': 1.0}};{'d0': 0.024905833030405243};-276.475521619442;48.19716516717393
16297;-90.0405956425469;(x * (log(_a4_) + pow2((((_a3_ * (_a0_ + x)) + (_a3_ + _a6_)) + x))));{'d0': {'_a0_': 581.4130692761564, '_a3_': -2.837596522737931, '_a4_': 4.248531432124203, '_a6_': 1652.0800992273544, '_a1_': 1.0, '_a2_': 1.0, '_a5_': 1.0, '_a7_': 1.0}};{'d0': 0.024905833030405243};-276.475521619442;48.19716516717393
16298;-92.7701345968773;((((_a7_ + pow2(((x * pow2(_a7_)) * _a0_))) + _a6_) * (_a1_ + x)) + _a6_);{'d0': {'_a0_': 0.2211146389400033, '_a1_': 0.6245511673287786, '_a6_': -1.109386269058495, '_a7_': 2.884040042592624, '_a2_': 1.0, '_a3_': 1.0, '_a4_': 1.0, '_a5_': 1.0}};{'d0': 0.02488548250186686};-276.524567593312;45.49214919977905
16299;-92.7701345968773;((((_a7_ + pow2(((x * pow2(_a7_)) * _a0_))) + _a6_) * (_a1_ + x)) + _a6_);{'d0': {'_a0_': 0.2211146389400033, '_a1_': 0.6245511673287786, '_a6_': -1.109386269058495, '_a7_': 2.884040042592624, '_a2_': 1.0, '_a3_': 1.0, '_a4_': 1.0, '_a5_': 1.0}};{'d0': 0.02488548250186686};-276.524567593312;45.49214919977905
16300;-92.7701345968773;((((_a7_ + pow2(((x * pow2(_a7_)) * _a0_))) + _a6_) * (_a1_ + x)) + _a6_);{'d0': {'_a0_': 0.2211146389400033, '_a1_': 0.6245511673287786, '_a6_': -1.109386269058495, '_a7_': 2.884040042592624, '_a2_': 1.0, '_a3_': 1.0, '_a4_': 1.0, '_a5_': 1.0}};{'d0': 0.02488548250186686};-276.524567593312;45.49214919977905
16301;-92.7701345968773;((((_a7_ + pow2(((x * pow2(_a7_)) * _a0_))) + _a6_) * (_a1_ + x)) + _a6_);{'d0': {'_a0_': 0.2211146389400033, '_a1_': 0.6245511673287786, '_a6_': -1.109386269058495, '_a7_': 2.884040042592624, '_a2_': 1.0, '_a3_': 1.0, '_a4_': 1.0, '_a5_': 1.0}};{'d0': 0.02488548250186686};-276.524567593312;45.49214919977905
16302;-92.7701345968773;((((_a7_ + pow2(((x * pow2(_a7_)) * _a0_))) + _a6_) * (_a1_ + x)) + _a6_);{'d0': {'_a0_': 0.2211146389400033, '_a1_': 0.6245511673287786, '_a6_': -1.109386269058495, '_a7_': 2.884040042592624, '_a2_': 1.0, '_a3_': 1.0, '_a4_': 1.0, '_a5_': 1.0}};{'d0': 0.02488548250186686};-276.524567593312;45.49214919977905
16303;-100.851681668750;(((pow2((-(x) + _a2_)) * _a1_) + (x / (_a1_ * _a4_))) * x);{'d0': {'_a1_': 3.3767608761181367, '_a2_': -0.725046047415392, '_a4_': -0.10614438300616016, '_a0_': 1.0, '_a3_': 1.0, '_a5_': 1.0, '_a6_': 1.0, '_a7_': 1.0}};{'d0': 0.024905832919416677};-280.569866449043;39.433251555771704
16304;-100.851681668750;(((pow2((-(x) + _a2_)) * _a1_) + (x / (_a1_ * _a4_))) * x);{'d0': {'_a1_': 3.3767608761181367, '_a2_': -0.725046047415392, '_a4_': -0.10614438300616016, '_a0_': 1.0, '_a3_': 1.0, '_a5_': 1.0, '_a6_': 1.0, '_a7_': 1.0}};{'d0': 0.024905832919416677};-280.569866449043;39.433251555771704
16305;-100.851681668750;(((pow2((-(x) + _a2_)) * _a1_) + (x / (_a1_ * _a4_))) * x);{'d0': {'_a1_': 3.3767608761181367, '_a2_': -0.725046047415392, '_a4_': -0.10614438300616016, '_a0_': 1.0, '_a3_': 1.0, '_a5_': 1.0, '_a6_': 1.0, '_a7_': 1.0}};{'d0': 0.024905832919416677};-280.569866449043;39.433251555771704
16306;-100.851681668750;(((pow2((-(x) + _a2_)) * _a1_) + (x / (_a1_ * _a4_))) * x);{'d0': {'_a1_': 3.3767608761181367, '_a2_': -0.725046047415392, '_a4_': -0.10614438300616016, '_a0_': 1.0, '_a3_': 1.0, '_a5_': 1.0, '_a6_': 1.0, '_a7_': 1.0}};{'d0': 0.024905832919416677};-280.569866449043;39.433251555771704
16307;-93.8551694364191;(((pow2((-(x) + _a2_)) * (_a5_ * _a5_)) + (x / (_a1_ * _a4_))) * x);{'d0': {'_a1_': 2.6378308044215975, '_a2_': -0.7250460469483088, '_a4_': -0.1358783126756587, '_a5_': 1.8375964952069384, '_a0_': 1.0, '_a3_': 1.0, '_a6_': 1.0, '_a7_': 1.0}};{'d0': 0.024905832940804878};-276.475521835296;44.3825914812287
16308;-93.8551694364191;(((pow2((-(x) + _a2_)) * (_a5_ * _a5_)) + (x / (_a1_ * _a4_))) * x);{'d0': {'_a1_': 2.6378308044215975, '_a2_': -0.7250460469483088, '_a4_': -0.1358783126756587, '_a5_': 1.8375964952069384, '_a0_': 1.0, '_a3_': 1.0, '_a6_': 1.0, '_a7_': 1.0}};{'d0': 0.024905832940804878};-276.475521835296;44.3825914812287
16309;-93.8551694364191;(((pow2((-(x) + _a2_)) * (_a5_ * _a5_)) + (x / (_a1_ * _a4_))) * x);{'d0': {'_a1_': 2.6378308044215975, '_a2_': -0.7250460469483088, '_a4_': -0.1358783126756587, '_a5_': 1.8375964952069384, '_a0_': 1.0, '_a3_': 1.0, '_a6_': 1.0, '_a7_': 1.0}};{'d0': 0.024905832940804878};-276.475521835296;44.3825914812287
16310;-93.8551694364191;(((pow2((-(x) + _a2_)) * (_a5_ * _a5_)) + (x / (_a1_ * _a4_))) * x);{'d0': {'_a1_': 2.6378308044215975, '_a2_': -0.7250460469483088, '_a4_': -0.1358783126756587, '_a5_': 1.8375964952069384, '_a0_': 1.0, '_a3_': 1.0, '_a6_': 1.0, '_a7_': 1.0}};{'d0': 0.024905832940804878};-276.475521835296;44.3825914812287
16311;-93.8551694364191;(((pow2((-(x) + _a2_)) * (_a5_ * _a5_)) + (x / (_a1_ * _a4_))) * x);{'d0': {'_a1_': 2.6378308044215975, '_a2_': -0.7250460469483088, '_a4_': -0.1358783126756587, '_a5_': 1.8375964952069384, '_a0_': 1.0, '_a3_': 1.0, '_a6_': 1.0, '_a7_': 1.0}};{'d0': 0.024905832940804878};-276.475521835296;44.3825914812287
16312;-93.8551694364191;(((pow2((-(x) + _a2_)) * (_a5_ * _a5_)) + (x / (_a1_ * _a4_))) * x);{'d0': {'_a1_': 2.6378308044215975, '_a2_': -0.7250460469483088, '_a4_': -0.1358783126756587, '_a5_': 1.8375964952069384, '_a0_': 1.0, '_a3_': 1.0, '_a6_': 1.0, '_a7_': 1.0}};{'d0': 0.024905832940804878};-276.475521835296;44.3825914812287
16313;-88.0179466251709;(((pow2((-(x) + _a2_)) * ((_a1_ / _a1_) * _a5_)) + (x / (_a1_ * _a4_))) * x);{'d0': {'_a1_': 2.694605767032861, '_a2_': -0.7250460470499988, '_a4_': -0.13301537146644843, '_a5_': 3.3767608785152974, '_a0_': 1.0, '_a3_': 1.0, '_a6_': 1.0, '_a7_': 1.0}};{'d0': 0.024905832943379308};-276.475521829094;50.219814289375904
16314;-88.0179466251709;(((pow2((-(x) + _a2_)) * ((_a1_ / _a1_) * _a5_)) + (x / (_a1_ * _a4_))) * x);{'d0': {'_a1_': 2.694605767032861, '_a2_': -0.7250460470499988, '_a4_': -0.13301537146644843, '_a5_': 3.3767608785152974, '_a0_': 1.0, '_a3_': 1.0, '_a6_': 1.0, '_a7_': 1.0}};{'d0': 0.024905832943379308};-276.475521829094;50.219814289375904
16315;-88.0179466251709;(((pow2((-(x) + _a2_)) * ((_a1_ / _a1_) * _a5_)) + (x / (_a1_ * _a4_))) * x);{'d0': {'_a1_': 2.694605767032861, '_a2_': -0.7250460470499988, '_a4_': -0.13301537146644843, '_a5_': 3.3767608785152974, '_a0_': 1.0, '_a3_': 1.0, '_a6_': 1.0, '_a7_': 1.0}};{'d0': 0.024905832943379308};-276.475521829094;50.219814289375904
16316;-90.1572349783418;(((pow2((-(x) + _a2_)) * (pow2(_a4_) * _a5_)) + (x / (_a1_ * _a4_))) * x);{'d0': {'_a1_': 1.488596854998821, '_a2_': -0.7250460471115256, '_a4_': -0.24077985765205714, '_a5_': 58.245151770378584, '_a0_': 1.0, '_a3_': 1.0, '_a6_': 1.0, '_a7_': 1.0}};{'d0': 0.02490583292873986};-276.475521864361;48.0805259538387
16317;-90.1572349783418;(((pow2((-(x) + _a2_)) * (pow2(_a4_) * _a5_)) + (x / (_a1_ * _a4_))) * x);{'d0': {'_a1_': 1.488596854998821, '_a2_': -0.7250460471115256, '_a4_': -0.24077985765205714, '_a5_': 58.245151770378584, '_a0_': 1.0, '_a3_': 1.0, '_a6_': 1.0, '_a7_': 1.0}};{'d0': 0.02490583292873986};-276.475521864361;48.0805259538387
16318;-86.1249974781127;(((pow2((-(x) + _a2_)) * (pow2(_a4_) * _a5_)) + (x / (cos(_a5_) * _a4_))) * x);{'d0': {'_a2_': 0.725046048192809, '_a4_': -0.23972780509919214, '_a5_': 58.757524269745744, '_a0_': 1.0, '_a1_': 1.0, '_a3_': 1.0, '_a6_': 1.0, '_a7_': 1.0}};{'d0': 0.024905832919416934};-280.569866449043;54.1599357464087
16319;-86.1249974781127;(((pow2((-(x) + _a2_)) * (pow2(_a4_) * _a5_)) + (x / (cos(_a5_) * _a4_))) * x);{'d0': {'_a2_': 0.725046048192809, '_a4_': -0.23972780509919214, '_a5_': 58.757524269745744, '_a0_': 1.0, '_a1_': 1.0, '_a3_': 1.0, '_a6_': 1.0, '_a7_': 1.0}};{'d0': 0.024905832919416934};-280.569866449043;54.1599357464087
16320;-86.1249974781127;(((pow2((-(x) + _a2_)) * (pow2(_a4_) * _a5_)) + (x / (cos(_a5_) * _a4_))) * x);{'d0': {'_a2_': 0.725046048192809, '_a4_': -0.23972780509919214, '_a5_': 58.757524269745744, '_a0_': 1.0, '_a1_': 1.0, '_a3_': 1.0, '_a6_': 1.0, '_a7_': 1.0}};{'d0': 0.024905832919416934};-280.569866449043;54.1599357464087
16321;-86.1249974781127;(((pow2((-(x) + _a2_)) * (pow2(_a4_) * _a5_)) + (x / (cos(_a5_) * _a4_))) * x);{'d0': {'_a2_': 0.725046048192809, '_a4_': -0.23972780509919214, '_a5_': 58.757524269745744, '_a0_': 1.0, '_a1_': 1.0, '_a3_': 1.0, '_a6_': 1.0, '_a7_': 1.0}};{'d0': 0.024905832919416934};-280.569866449043;54.1599357464087
16322;-86.1249974781127;(((pow2((-(x) + _a2_)) * (pow2(_a4_) * _a5_)) + (x / (cos(_a5_) * _a4_))) * x);{'d0': {'_a2_': 0.725046048192809, '_a4_': -0.23972780509919214, '_a5_': 58.757524269745744, '_a0_': 1.0, '_a1_': 1.0, '_a3_': 1.0, '_a6_': 1.0, '_a7_': 1.0}};{'d0': 0.024905832919416934};-280.569866449043;54.1599357464087
16323;-86.1249974781127;(((pow2((-(x) + _a2_)) * (pow2(_a4_) * _a5_)) + (x / (cos(_a5_) * _a4_))) * x);{'d0': {'_a2_': 0.725046048192809, '_a4_': -0.23972780509919214, '_a5_': 58.757524269745744, '_a0_': 1.0, '_a1_': 1.0, '_a3_': 1.0, '_a6_': 1.0, '_a7_': 1.0}};{'d0': 0.024905832919416934};-280.569866449043;54.1599357464087
16324;-86.1249974781127;(((pow2((-(x) + _a2_)) * (pow2(_a4_) * _a5_)) + (x / (cos(_a5_) * _a4_))) * x);{'d0': {'_a2_': 0.725046048192809, '_a4_': -0.23972780509919214, '_a5_': 58.757524269745744, '_a0_': 1.0, '_a1_': 1.0, '_a3_': 1.0, '_a6_': 1.0, '_a7_': 1.0}};{'d0': 0.024905832919416934};-280.569866449043;54.1599357464087
16325;-86.1249974781127;(((pow2((-(x) + _a2_)) * (pow2(_a4_) * _a5_)) + (x / (cos(_a5_) * _a4_))) * x);{'d0': {'_a2_': 0.725046048192809, '_a4_': -0.23972780509919214, '_a5_': 58.757524269745744, '_a0_': 1.0, '_a1_': 1.0, '_a3_': 1.0, '_a6_': 1.0, '_a7_': 1.0}};{'d0': 0.024905832919416934};-280.569866449043;54.1599357464087
16326;-86.1249974781127;(((pow2((-(x) + _a2_)) * (pow2(_a4_) * _a5_)) + (x / (cos(_a5_) * _a4_))) * x);{'d0': {'_a2_': 0.725046048192809, '_a4_': -0.23972780509919214, '_a5_': 58.757524269745744, '_a0_': 1.0, '_a1_': 1.0, '_a3_': 1.0, '_a6_': 1.0, '_a7_': 1.0}};{'d0': 0.024905832919416934};-280.569866449043;54.1599357464087
16327;-86.1249974781130;(((pow2((-(x) + _a2_)) * (pow2(_a4_) * _a5_)) + (_a4_ / (cos(_a5_) * _a4_))) * x);{'d0': {'_a2_': -0.31192970783750007, '_a4_': -0.23332921857488775, '_a5_': 62.02432612290275, '_a0_': 1.0, '_a1_': 1.0, '_a3_': 1.0, '_a6_': 1.0, '_a7_': 1.0}};{'d0': 0.02490583291941665};-280.569866449044;54.1599357464087
16328;-86.1249974781130;(((pow2((-(x) + _a2_)) * (pow2(_a4_) * _a5_)) + (_a4_ / (cos(_a5_) * _a4_))) * x);{'d0': {'_a2_': -0.31192970783750007, '_a4_': -0.23332921857488775, '_a5_': 62.02432612290275, '_a0_': 1.0, '_a1_': 1.0, '_a3_': 1.0, '_a6_': 1.0, '_a7_': 1.0}};{'d0': 0.02490583291941665};-280.569866449044;54.1599357464087
16329;-86.1249974781130;(((pow2((-(x) + _a2_)) * (pow2(_a4_) * _a5_)) + (_a4_ / (cos(_a5_) * _a4_))) * x);{'d0': {'_a2_': -0.31192970783750007, '_a4_': -0.23332921857488775, '_a5_': 62.02432612290275, '_a0_': 1.0, '_a1_': 1.0, '_a3_': 1.0, '_a6_': 1.0, '_a7_': 1.0}};{'d0': 0.02490583291941665};-280.569866449044;54.1599357464087
16330;-96.4680690694871;((((_a7_ + pow2(((x * _a6_) * _a0_))) + _a0_) * (_a1_ + x)) + _a6_);{'d0': {'_a0_': 1.657819629181548, '_a1_': 0.6245511695669286, '_a6_': -1.1093862779092227, '_a7_': 0.11683415182312928, '_a2_': 1.0, '_a3_': 1.0, '_a4_': 1.0, '_a5_': 1.0}};{'d0': 0.02488548250186702};-276.524567593312;41.79421472716905
16331;-96.4680690694871;((((_a7_ + pow2(((x * _a6_) * _a0_))) + _a0_) * (_a1_ + x)) + _a6_);{'d0': {'_a0_': 1.657819629181548, '_a1_': 0.6245511695669286, '_a6_': -1.1093862779092227, '_a7_': 0.11683415182312928, '_a2_': 1.0, '_a3_': 1.0, '_a4_': 1.0, '_a5_': 1.0}};{'d0': 0.02488548250186702};-276.524567593312;41.79421472716905
16332;-96.4680690694871;((((_a7_ + pow2(((x * _a6_) * _a0_))) + _a0_) * (_a1_ + x)) + _a6_);{'d0': {'_a0_': 1.657819629181548, '_a1_': 0.6245511695669286, '_a6_': -1.1093862779092227, '_a7_': 0.11683415182312928, '_a2_': 1.0, '_a3_': 1.0, '_a4_': 1.0, '_a5_': 1.0}};{'d0': 0.02488548250186702};-276.524567593312;41.79421472716905
16333;-96.4680690694871;((((_a7_ + pow2(((x * _a6_) * _a0_))) + _a0_) * (_a1_ + x)) + _a6_);{'d0': {'_a0_': 1.657819629181548, '_a1_': 0.6245511695669286, '_a6_': -1.1093862779092227, '_a7_': 0.11683415182312928, '_a2_': 1.0, '_a3_': 1.0, '_a4_': 1.0, '_a5_': 1.0}};{'d0': 0.02488548250186702};-276.524567593312;41.79421472716905
16334;-86.1249974781130;(((pow2((-(x) + _a2_)) * (pow2(_a4_) * _a5_)) + (_a4_ / (cos(_a5_) * _a4_))) * x);{'d0': {'_a2_': -0.31192970783750007, '_a4_': -0.23332921857488775, '_a5_': 62.02432612290275, '_a0_': 1.0, '_a1_': 1.0, '_a3_': 1.0, '_a6_': 1.0, '_a7_': 1.0}};{'d0': 0.02490583291941665};-280.569866449044;54.1599357464087
16335;-86.1249974781130;(((pow2((-(x) + _a2_)) * (pow2(_a4_) * _a5_)) + (_a4_ / (cos(_a5_) * _a4_))) * x);{'d0': {'_a2_': -0.31192970783750007, '_a4_': -0.23332921857488775, '_a5_': 62.02432612290275, '_a0_': 1.0, '_a1_': 1.0, '_a3_': 1.0, '_a6_': 1.0, '_a7_': 1.0}};{'d0': 0.02490583291941665};-280.569866449044;54.1599357464087
16336;-86.1249974781130;(((pow2((-(x) + _a2_)) * (pow2(_a4_) * _a5_)) + (_a4_ / (cos(_a5_) * _a4_))) * x);{'d0': {'_a2_': -0.31192970783750007, '_a4_': -0.23332921857488775, '_a5_': 62.02432612290275, '_a0_': 1.0, '_a1_': 1.0, '_a3_': 1.0, '_a6_': 1.0, '_a7_': 1.0}};{'d0': 0.02490583291941665};-280.569866449044;54.1599357464087
16337;-86.1249974781130;(((pow2((-(x) + _a2_)) * (pow2(_a4_) * _a5_)) + (_a4_ / (cos(_a5_) * _a4_))) * x);{'d0': {'_a2_': -0.31192970783750007, '_a4_': -0.23332921857488775, '_a5_': 62.02432612290275, '_a0_': 1.0, '_a1_': 1.0, '_a3_': 1.0, '_a6_': 1.0, '_a7_': 1.0}};{'d0': 0.02490583291941665};-280.569866449044;54.1599357464087
16338;-86.1249974781130;(((pow2((-(x) + _a2_)) * (pow2(_a4_) * _a5_)) + (_a4_ / (cos(_a5_) * _a4_))) * x);{'d0': {'_a2_': -0.31192970783750007, '_a4_': -0.23332921857488775, '_a5_': 62.02432612290275, '_a0_': 1.0, '_a1_': 1.0, '_a3_': 1.0, '_a6_': 1.0, '_a7_': 1.0}};{'d0': 0.02490583291941665};-280.569866449044;54.1599357464087
16339;-86.1249974781130;(((pow2((-(x) + _a2_)) * (pow2(_a4_) * _a5_)) + (_a4_ / (cos(_a5_) * _a4_))) * x);{'d0': {'_a2_': -0.31192970783750007, '_a4_': -0.23332921857488775, '_a5_': 62.02432612290275, '_a0_': 1.0, '_a1_': 1.0, '_a3_': 1.0, '_a6_': 1.0, '_a7_': 1.0}};{'d0': 0.02490583291941665};-280.569866449044;54.1599357464087
16340;-86.1249974781130;(((pow2((-(x) + _a2_)) * (pow2(_a4_) * _a5_)) + (_a4_ / (cos(_a5_) * _a4_))) * x);{'d0': {'_a2_': -0.31192970783750007, '_a4_': -0.23332921857488775, '_a5_': 62.02432612290275, '_a0_': 1.0, '_a1_': 1.0, '_a3_': 1.0, '_a6_': 1.0, '_a7_': 1.0}};{'d0': 0.02490583291941665};-280.569866449044;54.1599357464087
16341;-86.1249974781130;(((pow2((-(x) + _a2_)) * (pow2(_a4_) * _a5_)) + (_a4_ / (cos(_a5_) * _a4_))) * x);{'d0': {'_a2_': -0.31192970783750007, '_a4_': -0.23332921857488775, '_a5_': 62.02432612290275, '_a0_': 1.0, '_a1_': 1.0, '_a3_': 1.0, '_a6_': 1.0, '_a7_': 1.0}};{'d0': 0.02490583291941665};-280.569866449044;54.1599357464087
16342;-86.1249974781131;(((pow2((-(x) + _a2_)) * (pow2(_a4_) * _a5_)) + (_a4_ / (cos(_a4_) * _a4_))) * x);{'d0': {'_a2_': -0.3119297077700589, '_a4_': -0.8075269489417728, '_a5_': 5.178288680787164, '_a0_': 1.0, '_a1_': 1.0, '_a3_': 1.0, '_a6_': 1.0, '_a7_': 1.0}};{'d0': 0.024905832919416605};-280.569866449044;54.1599357464087
16343;-86.1249974781131;(((pow2((-(x) + _a2_)) * (pow2(_a4_) * _a5_)) + (_a4_ / (cos(_a4_) * _a4_))) * x);{'d0': {'_a2_': -0.3119297077700589, '_a4_': -0.8075269489417728, '_a5_': 5.178288680787164, '_a0_': 1.0, '_a1_': 1.0, '_a3_': 1.0, '_a6_': 1.0, '_a7_': 1.0}};{'d0': 0.024905832919416605};-280.569866449044;54.1599357464087
16344;-86.1249974781131;(((pow2((-(x) + _a2_)) * (pow2(_a4_) * _a5_)) + (_a4_ / (cos(_a4_) * _a4_))) * x);{'d0': {'_a2_': -0.3119297077700589, '_a4_': -0.8075269489417728, '_a5_': 5.178288680787164, '_a0_': 1.0, '_a1_': 1.0, '_a3_': 1.0, '_a6_': 1.0, '_a7_': 1.0}};{'d0': 0.024905832919416605};-280.569866449044;54.1599357464087
16345;-86.1249974781131;(((pow2((-(x) + _a2_)) * (pow2(_a4_) * _a5_)) + (_a4_ / (cos(_a4_) * _a4_))) * x);{'d0': {'_a2_': -0.3119297077700589, '_a4_': -0.8075269489417728, '_a5_': 5.178288680787164, '_a0_': 1.0, '_a1_': 1.0, '_a3_': 1.0, '_a6_': 1.0, '_a7_': 1.0}};{'d0': 0.024905832919416605};-280.569866449044;54.1599357464087
16346;-86.1249974781131;(((pow2((-(x) + _a2_)) * (pow2(_a4_) * _a5_)) + (_a4_ / (cos(_a4_) * _a4_))) * x);{'d0': {'_a2_': -0.3119297077700589, '_a4_': -0.8075269489417728, '_a5_': 5.178288680787164, '_a0_': 1.0, '_a1_': 1.0, '_a3_': 1.0, '_a6_': 1.0, '_a7_': 1.0}};{'d0': 0.024905832919416605};-280.569866449044;54.1599357464087
16347;-86.1249974781131;(((pow2((-(x) + _a2_)) * (pow2(_a4_) * _a5_)) + (_a4_ / (cos(_a4_) * _a4_))) * x);{'d0': {'_a2_': -0.3119297077700589, '_a4_': -0.8075269489417728, '_a5_': 5.178288680787164, '_a0_': 1.0, '_a1_': 1.0, '_a3_': 1.0, '_a6_': 1.0, '_a7_': 1.0}};{'d0': 0.024905832919416605};-280.569866449044;54.1599357464087
16348;-86.1249974781131;(((pow2((-(x) + _a2_)) * (pow2(_a4_) * _a5_)) + (_a4_ / (cos(_a4_) * _a4_))) * x);{'d0': {'_a2_': -0.3119297077700589, '_a4_': -0.8075269489417728, '_a5_': 5.178288680787164, '_a0_': 1.0, '_a1_': 1.0, '_a3_': 1.0, '_a6_': 1.0, '_a7_': 1.0}};{'d0': 0.024905832919416605};-280.569866449044;54.1599357464087
16349;-86.1249974781131;(((pow2((-(x) + _a2_)) * (pow2(_a4_) * _a5_)) + (_a4_ / (cos(_a4_) * _a4_))) * x);{'d0': {'_a2_': -0.3119297077700589, '_a4_': -0.8075269489417728, '_a5_': 5.178288680787164, '_a0_': 1.0, '_a1_': 1.0, '_a3_': 1.0, '_a6_': 1.0, '_a7_': 1.0}};{'d0': 0.024905832919416605};-280.569866449044;54.1599357464087
16350;-86.1249974781131;(((pow2((-(x) + _a2_)) * (pow2(_a4_) * _a5_)) + (_a4_ / (cos(_a4_) * _a4_))) * x);{'d0': {'_a2_': -0.3119297077700589, '_a4_': -0.8075269489417728, '_a5_': 5.178288680787164, '_a0_': 1.0, '_a1_': 1.0, '_a3_': 1.0, '_a6_': 1.0, '_a7_': 1.0}};{'d0': 0.024905832919416605};-280.569866449044;54.1599357464087
16351;-86.1249974781131;(((pow2((-(x) + _a2_)) * (pow2(_a4_) * _a5_)) + (_a4_ / (cos(_a4_) * _a4_))) * x);{'d0': {'_a2_': -0.3119297077700589, '_a4_': -0.8075269489417728, '_a5_': 5.178288680787164, '_a0_': 1.0, '_a1_': 1.0, '_a3_': 1.0, '_a6_': 1.0, '_a7_': 1.0}};{'d0': 0.024905832919416605};-280.569866449044;54.1599357464087
16352;-86.1249974781131;(((pow2((-(x) + _a2_)) * (pow2(_a4_) * _a5_)) + (_a4_ / (cos(_a4_) * _a4_))) * x);{'d0': {'_a2_': -0.3119297077700589, '_a4_': -0.8075269489417728, '_a5_': 5.178288680787164, '_a0_': 1.0, '_a1_': 1.0, '_a3_': 1.0, '_a6_': 1.0, '_a7_': 1.0}};{'d0': 0.024905832919416605};-280.569866449044;54.1599357464087
16353;-86.1249974781131;(((pow2((-(x) + _a2_)) * (pow2(_a4_) * _a5_)) + (_a4_ / (cos(_a4_) * _a4_))) * x);{'d0': {'_a2_': -0.3119297077700589, '_a4_': -0.8075269489417728, '_a5_': 5.178288680787164, '_a0_': 1.0, '_a1_': 1.0, '_a3_': 1.0, '_a6_': 1.0, '_a7_': 1.0}};{'d0': 0.024905832919416605};-280.569866449044;54.1599357464087
16354;-86.1249974781131;(((pow2((-(x) + _a2_)) * (pow2(_a4_) * _a5_)) + (_a4_ / (cos(_a4_) * _a4_))) * x);{'d0': {'_a2_': -0.3119297077700589, '_a4_': -0.8075269489417728, '_a5_': 5.178288680787164, '_a0_': 1.0, '_a1_': 1.0, '_a3_': 1.0, '_a6_': 1.0, '_a7_': 1.0}};{'d0': 0.024905832919416605};-280.569866449044;54.1599357464087
16355;-86.1424797124619;(((pow2((-(x) + _a2_)) * (-(_a4_) * _a5_)) + (_a4_ / (cos(_a4_) * _a4_))) * x);{'d0': {'_a2_': -0.31192970783158624, '_a4_': -0.8075269492245153, '_a5_': 4.181607663132656, '_a0_': 1.0, '_a1_': 1.0, '_a3_': 1.0, '_a6_': 1.0, '_a7_': 1.0}};{'d0': 0.024905832919416622};-280.569866449044;54.142453512059866
16356;-86.1424797124619;(((pow2((-(x) + _a2_)) * (-(_a4_) * _a5_)) + (_a4_ / (cos(_a4_) * _a4_))) * x);{'d0': {'_a2_': -0.31192970783158624, '_a4_': -0.8075269492245153, '_a5_': 4.181607663132656, '_a0_': 1.0, '_a1_': 1.0, '_a3_': 1.0, '_a6_': 1.0, '_a7_': 1.0}};{'d0': 0.024905832919416622};-280.569866449044;54.142453512059866
16357;-86.1424797124619;(((pow2((-(x) + _a2_)) * (-(_a4_) * _a5_)) + (_a4_ / (cos(_a4_) * _a4_))) * x);{'d0': {'_a2_': -0.31192970783158624, '_a4_': -0.8075269492245153, '_a5_': 4.181607663132656, '_a0_': 1.0, '_a1_': 1.0, '_a3_': 1.0, '_a6_': 1.0, '_a7_': 1.0}};{'d0': 0.024905832919416622};-280.569866449044;54.142453512059866
16358;-86.1424797124619;(((pow2((-(x) + _a2_)) * (-(_a4_) * _a5_)) + (_a4_ / (cos(_a4_) * _a4_))) * x);{'d0': {'_a2_': -0.31192970783158624, '_a4_': -0.8075269492245153, '_a5_': 4.181607663132656, '_a0_': 1.0, '_a1_': 1.0, '_a3_': 1.0, '_a6_': 1.0, '_a7_': 1.0}};{'d0': 0.024905832919416622};-280.569866449044;54.142453512059866
16359;-86.1424797124619;(((pow2((-(x) + _a2_)) * (-(_a4_) * _a5_)) + (_a4_ / (cos(_a4_) * _a4_))) * x);{'d0': {'_a2_': -0.31192970783158624, '_a4_': -0.8075269492245153, '_a5_': 4.181607663132656, '_a0_': 1.0, '_a1_': 1.0, '_a3_': 1.0, '_a6_': 1.0, '_a7_': 1.0}};{'d0': 0.024905832919416622};-280.569866449044;54.142453512059866
16360;-86.1424797124619;(((pow2((-(x) + _a2_)) * (-(_a4_) * _a5_)) + (_a4_ / (cos(_a4_) * _a4_))) * x);{'d0': {'_a2_': -0.31192970783158624, '_a4_': -0.8075269492245153, '_a5_': 4.181607663132656, '_a0_': 1.0, '_a1_': 1.0, '_a3_': 1.0, '_a6_': 1.0, '_a7_': 1.0}};{'d0': 0.024905832919416622};-280.569866449044;54.142453512059866
16361;-86.1424797124619;(((pow2((-(x) + _a2_)) * (-(_a4_) * _a5_)) + (_a4_ / (cos(_a4_) * _a4_))) * x);{'d0': {'_a2_': -0.31192970783158624, '_a4_': -0.8075269492245153, '_a5_': 4.181607663132656, '_a0_': 1.0, '_a1_': 1.0, '_a3_': 1.0, '_a6_': 1.0, '_a7_': 1.0}};{'d0': 0.024905832919416622};-280.569866449044;54.142453512059866
16362;-86.1424797124619;(((pow2((-(x) + _a2_)) * (-(_a4_) * _a5_)) + (_a4_ / (cos(_a4_) * _a4_))) * x);{'d0': {'_a2_': -0.31192970783158624, '_a4_': -0.8075269492245153, '_a5_': 4.181607663132656, '_a0_': 1.0, '_a1_': 1.0, '_a3_': 1.0, '_a6_': 1.0, '_a7_': 1.0}};{'d0': 0.024905832919416622};-280.569866449044;54.142453512059866
16363;-86.1424797124619;(((pow2((-(x) + _a2_)) * (-(_a4_) * _a5_)) + (_a4_ / (cos(_a4_) * _a4_))) * x);{'d0': {'_a2_': -0.31192970783158624, '_a4_': -0.8075269492245153, '_a5_': 4.181607663132656, '_a0_': 1.0, '_a1_': 1.0, '_a3_': 1.0, '_a6_': 1.0, '_a7_': 1.0}};{'d0': 0.024905832919416622};-280.569866449044;54.142453512059866
16364;-86.1424797124619;(((pow2((-(x) + _a2_)) * (-(_a4_) * _a5_)) + (_a4_ / (cos(_a4_) * _a4_))) * x);{'d0': {'_a2_': -0.31192970783158624, '_a4_': -0.8075269492245153, '_a5_': 4.181607663132656, '_a0_': 1.0, '_a1_': 1.0, '_a3_': 1.0, '_a6_': 1.0, '_a7_': 1.0}};{'d0': 0.024905832919416622};-280.569866449044;54.142453512059866
16365;-86.1424797124619;(((pow2((-(x) + _a2_)) * (-(_a4_) * _a5_)) + (_a4_ / (cos(_a4_) * _a4_))) * x);{'d0': {'_a2_': -0.31192970783158624, '_a4_': -0.8075269492245153, '_a5_': 4.181607663132656, '_a0_': 1.0, '_a1_': 1.0, '_a3_': 1.0, '_a6_': 1.0, '_a7_': 1.0}};{'d0': 0.024905832919416622};-280.569866449044;54.142453512059866
16366;-86.1424797124619;(((pow2((-(x) + _a2_)) * (-(_a4_) * _a5_)) + (_a4_ / (cos(_a4_) * _a4_))) * x);{'d0': {'_a2_': -0.31192970783158624, '_a4_': -0.8075269492245153, '_a5_': 4.181607663132656, '_a0_': 1.0, '_a1_': 1.0, '_a3_': 1.0, '_a6_': 1.0, '_a7_': 1.0}};{'d0': 0.024905832919416622};-280.569866449044;54.142453512059866
16367;-86.1424797124619;(((pow2((-(x) + _a2_)) * (-(_a4_) * _a5_)) + (_a4_ / (cos(_a4_) * _a4_))) * x);{'d0': {'_a2_': -0.31192970783158624, '_a4_': -0.8075269492245153, '_a5_': 4.181607663132656, '_a0_': 1.0, '_a1_': 1.0, '_a3_': 1.0, '_a6_': 1.0, '_a7_': 1.0}};{'d0': 0.024905832919416622};-280.569866449044;54.142453512059866
16368;-86.1424797124619;(((pow2((-(x) + _a2_)) * (-(_a4_) * _a5_)) + (_a4_ / (cos(_a4_) * _a4_))) * x);{'d0': {'_a2_': -0.31192970783158624, '_a4_': -0.8075269492245153, '_a5_': 4.181607663132656, '_a0_': 1.0, '_a1_': 1.0, '_a3_': 1.0, '_a6_': 1.0, '_a7_': 1.0}};{'d0': 0.024905832919416622};-280.569866449044;54.142453512059866
16369;-86.1424797124619;(((pow2((-(x) + _a2_)) * (-(_a4_) * _a5_)) + (_a4_ / (cos(_a4_) * _a4_))) * x);{'d0': {'_a2_': -0.31192970783158624, '_a4_': -0.8075269492245153, '_a5_': 4.181607663132656, '_a0_': 1.0, '_a1_': 1.0, '_a3_': 1.0, '_a6_': 1.0, '_a7_': 1.0}};{'d0': 0.024905832919416622};-280.569866449044;54.142453512059866
16370;-86.1424797124619;(((pow2((-(x) + _a2_)) * (-(_a4_) * _a5_)) + (_a4_ / (cos(_a4_) * _a4_))) * x);{'d0': {'_a2_': -0.31192970783158624, '_a4_': -0.8075269492245153, '_a5_': 4.181607663132656, '_a0_': 1.0, '_a1_': 1.0, '_a3_': 1.0, '_a6_': 1.0, '_a7_': 1.0}};{'d0': 0.024905832919416622};-280.569866449044;54.142453512059866
16371;-86.1424797124619;(((pow2((-(x) + _a2_)) * (-(_a4_) * _a5_)) + (_a4_ / (cos(_a4_) * _a4_))) * x);{'d0': {'_a2_': -0.31192970783158624, '_a4_': -0.8075269492245153, '_a5_': 4.181607663132656, '_a0_': 1.0, '_a1_': 1.0, '_a3_': 1.0, '_a6_': 1.0, '_a7_': 1.0}};{'d0': 0.024905832919416622};-280.569866449044;54.142453512059866
16372;-89.8229319507230;(((pow2((-(x) + _a2_)) * (_a4_ * _a5_)) + (_a4_ / (cos(_a4_) * _a4_))) * x);{'d0': {'_a2_': -0.3119297078344705, '_a4_': -0.8075269488709711, '_a5_': -4.181607664304815, '_a0_': 1.0, '_a1_': 1.0, '_a3_': 1.0, '_a6_': 1.0, '_a7_': 1.0}};{'d0': 0.024905832919416667};-280.569866449044;50.4620012737987
16373;-89.8229319507230;(((pow2((-(x) + _a2_)) * (_a4_ * _a5_)) + (_a4_ / (cos(_a4_) * _a4_))) * x);{'d0': {'_a2_': -0.3119297078344705, '_a4_': -0.8075269488709711, '_a5_': -4.181607664304815, '_a0_': 1.0, '_a1_': 1.0, '_a3_': 1.0, '_a6_': 1.0, '_a7_': 1.0}};{'d0': 0.024905832919416667};-280.569866449044;50.4620012737987
16374;-89.8229319507230;(((pow2((-(x) + _a2_)) * (_a4_ * _a5_)) + (_a4_ / (cos(_a4_) * _a4_))) * x);{'d0': {'_a2_': -0.3119297078344705, '_a4_': -0.8075269488709711, '_a5_': -4.181607664304815, '_a0_': 1.0, '_a1_': 1.0, '_a3_': 1.0, '_a6_': 1.0, '_a7_': 1.0}};{'d0': 0.024905832919416667};-280.569866449044;50.4620012737987
16375;-89.8229319507230;(((pow2((-(x) + _a2_)) * (_a4_ * _a5_)) + (_a4_ / (cos(_a4_) * _a4_))) * x);{'d0': {'_a2_': -0.3119297078344705, '_a4_': -0.8075269488709711, '_a5_': -4.181607664304815, '_a0_': 1.0, '_a1_': 1.0, '_a3_': 1.0, '_a6_': 1.0, '_a7_': 1.0}};{'d0': 0.024905832919416667};-280.569866449044;50.4620012737987
16376;-89.8229319507230;(((pow2((-(x) + _a2_)) * (_a4_ * _a5_)) + (_a4_ / (cos(_a4_) * _a4_))) * x);{'d0': {'_a2_': -0.3119297078344705, '_a4_': -0.8075269488709711, '_a5_': -4.181607664304815, '_a0_': 1.0, '_a1_': 1.0, '_a3_': 1.0, '_a6_': 1.0, '_a7_': 1.0}};{'d0': 0.024905832919416667};-280.569866449044;50.4620012737987
16377;-89.8229319507230;(((pow2((-(x) + _a2_)) * (_a4_ * _a5_)) + (_a4_ / (cos(_a4_) * _a4_))) * x);{'d0': {'_a2_': -0.3119297078344705, '_a4_': -0.8075269488709711, '_a5_': -4.181607664304815, '_a0_': 1.0, '_a1_': 1.0, '_a3_': 1.0, '_a6_': 1.0, '_a7_': 1.0}};{'d0': 0.024905832919416667};-280.569866449044;50.4620012737987
16378;-89.8229319507230;(((pow2((-(x) + _a2_)) * (_a4_ * _a5_)) + (_a4_ / (cos(_a4_) * _a4_))) * x);{'d0': {'_a2_': -0.3119297078344705, '_a4_': -0.8075269488709711, '_a5_': -4.181607664304815, '_a0_': 1.0, '_a1_': 1.0, '_a3_': 1.0, '_a6_': 1.0, '_a7_': 1.0}};{'d0': 0.024905832919416667};-280.569866449044;50.4620012737987
16379;-89.8229319507230;(((pow2((-(x) + _a2_)) * (_a4_ * _a5_)) + (_a4_ / (cos(_a4_) * _a4_))) * x);{'d0': {'_a2_': -0.3119297078344705, '_a4_': -0.8075269488709711, '_a5_': -4.181607664304815, '_a0_': 1.0, '_a1_': 1.0, '_a3_': 1.0, '_a6_': 1.0, '_a7_': 1.0}};{'d0': 0.024905832919416667};-280.569866449044;50.4620012737987
16380;-89.8229319507230;(((pow2((-(x) + _a2_)) * (_a4_ * _a5_)) + (_a4_ / (cos(_a4_) * _a4_))) * x);{'d0': {'_a2_': -0.3119297078344705, '_a4_': -0.8075269488709711, '_a5_': -4.181607664304815, '_a0_': 1.0, '_a1_': 1.0, '_a3_': 1.0, '_a6_': 1.0, '_a7_': 1.0}};{'d0': 0.024905832919416667};-280.569866449044;50.4620012737987
16381;-89.8229319507230;(((pow2((-(x) + _a2_)) * (_a4_ * _a5_)) + (_a4_ / (cos(_a4_) * _a4_))) * x);{'d0': {'_a2_': -0.3119297078344705, '_a4_': -0.8075269488709711, '_a5_': -4.181607664304815, '_a0_': 1.0, '_a1_': 1.0, '_a3_': 1.0, '_a6_': 1.0, '_a7_': 1.0}};{'d0': 0.024905832919416667};-280.569866449044;50.4620012737987
16382;-89.8229319507230;(((pow2((-(x) + _a2_)) * (_a4_ * _a5_)) + (_a4_ / (cos(_a4_) * _a4_))) * x);{'d0': {'_a2_': -0.3119297078344705, '_a4_': -0.8075269488709711, '_a5_': -4.181607664304815, '_a0_': 1.0, '_a1_': 1.0, '_a3_': 1.0, '_a6_': 1.0, '_a7_': 1.0}};{'d0': 0.024905832919416667};-280.569866449044;50.4620012737987
16383;-89.8229319507230;(((pow2((-(x) + _a2_)) * (_a4_ * _a5_)) + (_a4_ / (cos(_a4_) * _a4_))) * x);{'d0': {'_a2_': -0.3119297078344705, '_a4_': -0.8075269488709711, '_a5_': -4.181607664304815, '_a0_': 1.0, '_a1_': 1.0, '_a3_': 1.0, '_a6_': 1.0, '_a7_': 1.0}};{'d0': 0.024905832919416667};-280.569866449044;50.4620012737987
16384;-89.8229319507230;(((pow2((-(x) + _a2_)) * (_a4_ * _a5_)) + (_a4_ / (cos(_a4_) * _a4_))) * x);{'d0': {'_a2_': -0.3119297078344705, '_a4_': -0.8075269488709711, '_a5_': -4.181607664304815, '_a0_': 1.0, '_a1_': 1.0, '_a3_': 1.0, '_a6_': 1.0, '_a7_': 1.0}};{'d0': 0.024905832919416667};-280.569866449044;50.4620012737987
16385;-89.8229319507230;(((pow2((-(x) + _a2_)) * (_a4_ * _a5_)) + (_a4_ / (cos(_a4_) * _a4_))) * x);{'d0': {'_a2_': -0.3119297078344705, '_a4_': -0.8075269488709711, '_a5_': -4.181607664304815, '_a0_': 1.0, '_a1_': 1.0, '_a3_': 1.0, '_a6_': 1.0, '_a7_': 1.0}};{'d0': 0.024905832919416667};-280.569866449044;50.4620012737987
16386;-89.8229319507230;(((pow2((-(x) + _a2_)) * (_a4_ * _a5_)) + (_a4_ / (cos(_a4_) * _a4_))) * x);{'d0': {'_a2_': -0.3119297078344705, '_a4_': -0.8075269488709711, '_a5_': -4.181607664304815, '_a0_': 1.0, '_a1_': 1.0, '_a3_': 1.0, '_a6_': 1.0, '_a7_': 1.0}};{'d0': 0.024905832919416667};-280.569866449044;50.4620012737987
16387;-89.8229319507230;(((pow2((-(x) + _a2_)) * (_a4_ * _a5_)) + (_a4_ / (cos(_a4_) * _a4_))) * x);{'d0': {'_a2_': -0.3119297078344705, '_a4_': -0.8075269488709711, '_a5_': -4.181607664304815, '_a0_': 1.0, '_a1_': 1.0, '_a3_': 1.0, '_a6_': 1.0, '_a7_': 1.0}};{'d0': 0.024905832919416667};-280.569866449044;50.4620012737987
16388;-89.8229319507230;(((pow2((-(x) + _a2_)) * (_a4_ * _a5_)) + (_a4_ / (cos(_a4_) * _a4_))) * x);{'d0': {'_a2_': -0.3119297078344705, '_a4_': -0.8075269488709711, '_a5_': -4.181607664304815, '_a0_': 1.0, '_a1_': 1.0, '_a3_': 1.0, '_a6_': 1.0, '_a7_': 1.0}};{'d0': 0.024905832919416667};-280.569866449044;50.4620012737987
16389;-89.8229319507230;(((pow2((-(x) + _a2_)) * (_a4_ * _a5_)) + (_a4_ / (cos(_a4_) * _a4_))) * x);{'d0': {'_a2_': -0.3119297078344705, '_a4_': -0.8075269488709711, '_a5_': -4.181607664304815, '_a0_': 1.0, '_a1_': 1.0, '_a3_': 1.0, '_a6_': 1.0, '_a7_': 1.0}};{'d0': 0.024905832919416667};-280.569866449044;50.4620012737987
16390;-83.2300498883130;(((pow2((-(x) + pow3(_a6_))) * (_a4_ * _a5_)) + (_a4_ / (cos(_a4_) * _a4_))) * x);{'d0': {'_a4_': -0.8075269488057348, '_a5_': -4.181607664442685, '_a6_': -0.6781913497831541, '_a0_': 1.0, '_a1_': 1.0, '_a2_': 1.0, '_a3_': 1.0, '_a7_': 1.0}};{'d0': 0.024905832919416695};-280.569866449043;57.0548833362087
16391;-83.2300498883130;(((pow2((-(x) + pow3(_a6_))) * (_a4_ * _a5_)) + (_a4_ / (cos(_a4_) * _a4_))) * x);{'d0': {'_a4_': -0.8075269488057348, '_a5_': -4.181607664442685, '_a6_': -0.6781913497831541, '_a0_': 1.0, '_a1_': 1.0, '_a2_': 1.0, '_a3_': 1.0, '_a7_': 1.0}};{'d0': 0.024905832919416695};-280.569866449043;57.0548833362087
16392;-83.2300498883130;(((pow2((-(x) + pow3(_a6_))) * (_a4_ * _a5_)) + (_a4_ / (cos(_a4_) * _a4_))) * x);{'d0': {'_a4_': -0.8075269488057348, '_a5_': -4.181607664442685, '_a6_': -0.6781913497831541, '_a0_': 1.0, '_a1_': 1.0, '_a2_': 1.0, '_a3_': 1.0, '_a7_': 1.0}};{'d0': 0.024905832919416695};-280.569866449043;57.0548833362087
16393;-83.2300498883130;(((pow2((-(x) + pow3(_a6_))) * (_a4_ * _a5_)) + (_a4_ / (cos(_a4_) * _a4_))) * x);{'d0': {'_a4_': -0.8075269488057348, '_a5_': -4.181607664442685, '_a6_': -0.6781913497831541, '_a0_': 1.0, '_a1_': 1.0, '_a2_': 1.0, '_a3_': 1.0, '_a7_': 1.0}};{'d0': 0.024905832919416695};-280.569866449043;57.0548833362087
16394;-83.2300498883130;(((pow2((-(x) + pow3(_a6_))) * (_a4_ * _a5_)) + (_a4_ / (cos(_a4_) * _a4_))) * x);{'d0': {'_a4_': -0.8075269488057348, '_a5_': -4.181607664442685, '_a6_': -0.6781913497831541, '_a0_': 1.0, '_a1_': 1.0, '_a2_': 1.0, '_a3_': 1.0, '_a7_': 1.0}};{'d0': 0.024905832919416695};-280.569866449043;57.0548833362087
16395;-83.2300498883130;(((pow2((-(x) + pow3(_a6_))) * (_a4_ * _a5_)) + (_a4_ / (cos(_a4_) * _a4_))) * x);{'d0': {'_a4_': -0.8075269488057348, '_a5_': -4.181607664442685, '_a6_': -0.6781913497831541, '_a0_': 1.0, '_a1_': 1.0, '_a2_': 1.0, '_a3_': 1.0, '_a7_': 1.0}};{'d0': 0.024905832919416695};-280.569866449043;57.0548833362087
16396;-83.2300498883130;(((pow2((-(x) + pow3(_a6_))) * (_a4_ * _a5_)) + (_a4_ / (cos(_a4_) * _a4_))) * x);{'d0': {'_a4_': -0.8075269488057348, '_a5_': -4.181607664442685, '_a6_': -0.6781913497831541, '_a0_': 1.0, '_a1_': 1.0, '_a2_': 1.0, '_a3_': 1.0, '_a7_': 1.0}};{'d0': 0.024905832919416695};-280.569866449043;57.0548833362087
16397;-83.2300498883130;(((pow2((-(x) + pow3(_a6_))) * (_a4_ * _a5_)) + (_a4_ / (cos(_a4_) * _a4_))) * x);{'d0': {'_a4_': -0.8075269488057348, '_a5_': -4.181607664442685, '_a6_': -0.6781913497831541, '_a0_': 1.0, '_a1_': 1.0, '_a2_': 1.0, '_a3_': 1.0, '_a7_': 1.0}};{'d0': 0.024905832919416695};-280.569866449043;57.0548833362087
16398;-83.2300498883130;(((pow2((-(x) + pow3(_a6_))) * (_a4_ * _a5_)) + (_a4_ / (cos(_a4_) * _a4_))) * x);{'d0': {'_a4_': -0.8075269488057348, '_a5_': -4.181607664442685, '_a6_': -0.6781913497831541, '_a0_': 1.0, '_a1_': 1.0, '_a2_': 1.0, '_a3_': 1.0, '_a7_': 1.0}};{'d0': 0.024905832919416695};-280.569866449043;57.0548833362087
16399;-83.2300498883130;(((pow2((-(x) + pow3(_a6_))) * (_a4_ * _a5_)) + (_a4_ / (cos(_a4_) * _a4_))) * x);{'d0': {'_a4_': -0.8075269488057348, '_a5_': -4.181607664442685, '_a6_': -0.6781913497831541, '_a0_': 1.0, '_a1_': 1.0, '_a2_': 1.0, '_a3_': 1.0, '_a7_': 1.0}};{'d0': 0.024905832919416695};-280.569866449043;57.0548833362087
16400;-83.2300498883130;(((pow2((-(x) + pow3(_a6_))) * (_a4_ * _a5_)) + (_a4_ / (cos(_a4_) * _a4_))) * x);{'d0': {'_a4_': -0.8075269488057348, '_a5_': -4.181607664442685, '_a6_': -0.6781913497831541, '_a0_': 1.0, '_a1_': 1.0, '_a2_': 1.0, '_a3_': 1.0, '_a7_': 1.0}};{'d0': 0.024905832919416695};-280.569866449043;57.0548833362087
16401;-83.2300498883130;(((pow2((-(x) + pow3(_a6_))) * (_a4_ * _a5_)) + (_a4_ / (cos(_a4_) * _a4_))) * x);{'d0': {'_a4_': -0.8075269488057348, '_a5_': -4.181607664442685, '_a6_': -0.6781913497831541, '_a0_': 1.0, '_a1_': 1.0, '_a2_': 1.0, '_a3_': 1.0, '_a7_': 1.0}};{'d0': 0.024905832919416695};-280.569866449043;57.0548833362087
16402;-83.2300498883130;(((pow2((-(x) + pow3(_a6_))) * (_a4_ * _a5_)) + (_a4_ / (cos(_a4_) * _a4_))) * x);{'d0': {'_a4_': -0.8075269488057348, '_a5_': -4.181607664442685, '_a6_': -0.6781913497831541, '_a0_': 1.0, '_a1_': 1.0, '_a2_': 1.0, '_a3_': 1.0, '_a7_': 1.0}};{'d0': 0.024905832919416695};-280.569866449043;57.0548833362087
16403;-83.2300498883130;(((pow2((-(x) + pow3(_a6_))) * (_a4_ * _a5_)) + (_a4_ / (cos(_a4_) * _a4_))) * x);{'d0': {'_a4_': -0.8075269488057348, '_a5_': -4.181607664442685, '_a6_': -0.6781913497831541, '_a0_': 1.0, '_a1_': 1.0, '_a2_': 1.0, '_a3_': 1.0, '_a7_': 1.0}};{'d0': 0.024905832919416695};-280.569866449043;57.0548833362087
16404;-83.2300498883130;(((pow2((-(x) + pow3(_a6_))) * (_a4_ * _a5_)) + (_a4_ / (cos(_a4_) * _a4_))) * x);{'d0': {'_a4_': -0.8075269488057348, '_a5_': -4.181607664442685, '_a6_': -0.6781913497831541, '_a0_': 1.0, '_a1_': 1.0, '_a2_': 1.0, '_a3_': 1.0, '_a7_': 1.0}};{'d0': 0.024905832919416695};-280.569866449043;57.0548833362087
16405;-83.2300498883130;(((pow2((-(x) + pow3(_a6_))) * (_a4_ * _a5_)) + (_a4_ / (cos(_a4_) * _a4_))) * x);{'d0': {'_a4_': -0.8075269488057348, '_a5_': -4.181607664442685, '_a6_': -0.6781913497831541, '_a0_': 1.0, '_a1_': 1.0, '_a2_': 1.0, '_a3_': 1.0, '_a7_': 1.0}};{'d0': 0.024905832919416695};-280.569866449043;57.0548833362087
16406;-83.2300498883130;(((pow2((-(x) + pow3(_a6_))) * (_a4_ * _a5_)) + (_a4_ / (cos(_a4_) * _a4_))) * x);{'d0': {'_a4_': -0.8075269488057348, '_a5_': -4.181607664442685, '_a6_': -0.6781913497831541, '_a0_': 1.0, '_a1_': 1.0, '_a2_': 1.0, '_a3_': 1.0, '_a7_': 1.0}};{'d0': 0.024905832919416695};-280.569866449043;57.0548833362087
16407;-83.2300498883130;(((pow2((-(x) + pow3(_a6_))) * (_a4_ * _a5_)) + (_a4_ / (cos(_a4_) * _a4_))) * x);{'d0': {'_a4_': -0.8075269488057348, '_a5_': -4.181607664442685, '_a6_': -0.6781913497831541, '_a0_': 1.0, '_a1_': 1.0, '_a2_': 1.0, '_a3_': 1.0, '_a7_': 1.0}};{'d0': 0.024905832919416695};-280.569866449043;57.0548833362087
16408;-83.2300498883130;(((pow2((-(x) + pow3(_a6_))) * (_a4_ * _a5_)) + (_a4_ / (cos(_a4_) * _a4_))) * x);{'d0': {'_a4_': -0.8075269488057348, '_a5_': -4.181607664442685, '_a6_': -0.6781913497831541, '_a0_': 1.0, '_a1_': 1.0, '_a2_': 1.0, '_a3_': 1.0, '_a7_': 1.0}};{'d0': 0.024905832919416695};-280.569866449043;57.0548833362087
16409;-83.2300498883130;(((pow2((-(x) + pow3(_a6_))) * (_a4_ * _a5_)) + (_a4_ / (cos(_a4_) * _a4_))) * x);{'d0': {'_a4_': -0.8075269488057348, '_a5_': -4.181607664442685, '_a6_': -0.6781913497831541, '_a0_': 1.0, '_a1_': 1.0, '_a2_': 1.0, '_a3_': 1.0, '_a7_': 1.0}};{'d0': 0.024905832919416695};-280.569866449043;57.0548833362087
16410;-88.1793898137699;(((pow2((-(x) + pow3(_a6_))) * _a1_) + (_a4_ / (cos(_a4_) * _a4_))) * x);{'d0': {'_a1_': 3.376760878195947, '_a4_': -0.8075269488312266, '_a6_': -0.6781913497784713, '_a0_': 1.0, '_a2_': 1.0, '_a3_': 1.0, '_a5_': 1.0, '_a7_': 1.0}};{'d0': 0.024905832919416736};-280.569866449043;52.10554341075169
16411;-88.1793898137699;(((pow2((-(x) + pow3(_a6_))) * _a1_) + (_a4_ / (cos(_a4_) * _a4_))) * x);{'d0': {'_a1_': 3.376760878195947, '_a4_': -0.8075269488312266, '_a6_': -0.6781913497784713, '_a0_': 1.0, '_a2_': 1.0, '_a3_': 1.0, '_a5_': 1.0, '_a7_': 1.0}};{'d0': 0.024905832919416736};-280.569866449043;52.10554341075169
16412;-88.1793898137699;(((pow2((-(x) + pow3(_a6_))) * _a1_) + (_a4_ / (cos(_a4_) * _a4_))) * x);{'d0': {'_a1_': 3.376760878195947, '_a4_': -0.8075269488312266, '_a6_': -0.6781913497784713, '_a0_': 1.0, '_a2_': 1.0, '_a3_': 1.0, '_a5_': 1.0, '_a7_': 1.0}};{'d0': 0.024905832919416736};-280.569866449043;52.10554341075169
16413;-88.1793898137699;(((pow2((-(x) + pow3(_a6_))) * _a1_) + (_a4_ / (cos(_a4_) * _a4_))) * x);{'d0': {'_a1_': 3.376760878195947, '_a4_': -0.8075269488312266, '_a6_': -0.6781913497784713, '_a0_': 1.0, '_a2_': 1.0, '_a3_': 1.0, '_a5_': 1.0, '_a7_': 1.0}};{'d0': 0.024905832919416736};-280.569866449043;52.10554341075169
16414;-88.1793898137699;(((pow2((-(x) + pow3(_a6_))) * _a1_) + (_a4_ / (cos(_a4_) * _a4_))) * x);{'d0': {'_a1_': 3.376760878195947, '_a4_': -0.8075269488312266, '_a6_': -0.6781913497784713, '_a0_': 1.0, '_a2_': 1.0, '_a3_': 1.0, '_a5_': 1.0, '_a7_': 1.0}};{'d0': 0.024905832919416736};-280.569866449043;52.10554341075169
16415;-88.1793898137699;(((pow2((-(x) + pow3(_a6_))) * _a1_) + (_a4_ / (cos(_a4_) * _a4_))) * x);{'d0': {'_a1_': 3.376760878195947, '_a4_': -0.8075269488312266, '_a6_': -0.6781913497784713, '_a0_': 1.0, '_a2_': 1.0, '_a3_': 1.0, '_a5_': 1.0, '_a7_': 1.0}};{'d0': 0.024905832919416736};-280.569866449043;52.10554341075169
16416;-88.1793898137699;(((pow2((-(x) + pow3(_a6_))) * _a1_) + (_a4_ / (cos(_a4_) * _a4_))) * x);{'d0': {'_a1_': 3.376760878195947, '_a4_': -0.8075269488312266, '_a6_': -0.6781913497784713, '_a0_': 1.0, '_a2_': 1.0, '_a3_': 1.0, '_a5_': 1.0, '_a7_': 1.0}};{'d0': 0.024905832919416736};-280.569866449043;52.10554341075169
16417;-88.1793898137699;(((pow2((-(x) + pow3(_a6_))) * _a1_) + (_a4_ / (cos(_a4_) * _a4_))) * x);{'d0': {'_a1_': 3.376760878195947, '_a4_': -0.8075269488312266, '_a6_': -0.6781913497784713, '_a0_': 1.0, '_a2_': 1.0, '_a3_': 1.0, '_a5_': 1.0, '_a7_': 1.0}};{'d0': 0.024905832919416736};-280.569866449043;52.10554341075169
16418;-88.1793898137699;(((pow2((-(x) + pow3(_a6_))) * _a1_) + (_a4_ / (cos(_a4_) * _a4_))) * x);{'d0': {'_a1_': 3.376760878195947, '_a4_': -0.8075269488312266, '_a6_': -0.6781913497784713, '_a0_': 1.0, '_a2_': 1.0, '_a3_': 1.0, '_a5_': 1.0, '_a7_': 1.0}};{'d0': 0.024905832919416736};-280.569866449043;52.10554341075169
16419;-88.1793898137699;(((pow2((-(x) + pow3(_a6_))) * _a1_) + (_a4_ / (cos(_a4_) * _a4_))) * x);{'d0': {'_a1_': 3.376760878195947, '_a4_': -0.8075269488312266, '_a6_': -0.6781913497784713, '_a0_': 1.0, '_a2_': 1.0, '_a3_': 1.0, '_a5_': 1.0, '_a7_': 1.0}};{'d0': 0.024905832919416736};-280.569866449043;52.10554341075169
16420;-88.1793898137699;(((pow2((-(x) + pow3(_a6_))) * _a1_) + (_a4_ / (cos(_a4_) * _a4_))) * x);{'d0': {'_a1_': 3.376760878195947, '_a4_': -0.8075269488312266, '_a6_': -0.6781913497784713, '_a0_': 1.0, '_a2_': 1.0, '_a3_': 1.0, '_a5_': 1.0, '_a7_': 1.0}};{'d0': 0.024905832919416736};-280.569866449043;52.10554341075169
16421;-88.1793898137699;(((pow2((-(x) + pow3(_a6_))) * _a1_) + (_a4_ / (cos(_a4_) * _a4_))) * x);{'d0': {'_a1_': 3.376760878195947, '_a4_': -0.8075269488312266, '_a6_': -0.6781913497784713, '_a0_': 1.0, '_a2_': 1.0, '_a3_': 1.0, '_a5_': 1.0, '_a7_': 1.0}};{'d0': 0.024905832919416736};-280.569866449043;52.10554341075169
16422;-88.1793898137699;(((pow2((-(x) + pow3(_a6_))) * _a1_) + (_a4_ / (cos(_a4_) * _a4_))) * x);{'d0': {'_a1_': 3.376760878195947, '_a4_': -0.8075269488312266, '_a6_': -0.6781913497784713, '_a0_': 1.0, '_a2_': 1.0, '_a3_': 1.0, '_a5_': 1.0, '_a7_': 1.0}};{'d0': 0.024905832919416736};-280.569866449043;52.10554341075169
16423;-88.1793898137699;(((pow2((-(x) + pow3(_a6_))) * _a1_) + (_a4_ / (cos(_a4_) * _a4_))) * x);{'d0': {'_a1_': 3.376760878195947, '_a4_': -0.8075269488312266, '_a6_': -0.6781913497784713, '_a0_': 1.0, '_a2_': 1.0, '_a3_': 1.0, '_a5_': 1.0, '_a7_': 1.0}};{'d0': 0.024905832919416736};-280.569866449043;52.10554341075169
16424;-88.1793898137699;(((pow2((-(x) + pow3(_a6_))) * _a1_) + (_a4_ / (cos(_a4_) * _a4_))) * x);{'d0': {'_a1_': 3.376760878195947, '_a4_': -0.8075269488312266, '_a6_': -0.6781913497784713, '_a0_': 1.0, '_a2_': 1.0, '_a3_': 1.0, '_a5_': 1.0, '_a7_': 1.0}};{'d0': 0.024905832919416736};-280.569866449043;52.10554341075169
16425;-88.1793898137699;(((pow2((-(x) + pow3(_a6_))) * _a1_) + (_a4_ / (cos(_a4_) * _a4_))) * x);{'d0': {'_a1_': 3.376760878195947, '_a4_': -0.8075269488312266, '_a6_': -0.6781913497784713, '_a0_': 1.0, '_a2_': 1.0, '_a3_': 1.0, '_a5_': 1.0, '_a7_': 1.0}};{'d0': 0.024905832919416736};-280.569866449043;52.10554341075169
16426;-88.1793898137699;(((pow2((-(x) + pow3(_a6_))) * _a1_) + (_a4_ / (cos(_a4_) * _a4_))) * x);{'d0': {'_a1_': 3.376760878195947, '_a4_': -0.8075269488312266, '_a6_': -0.6781913497784713, '_a0_': 1.0, '_a2_': 1.0, '_a3_': 1.0, '_a5_': 1.0, '_a7_': 1.0}};{'d0': 0.024905832919416736};-280.569866449043;52.10554341075169
16427;-88.1793898137699;(((pow2((-(x) + pow3(_a6_))) * _a1_) + (_a4_ / (cos(_a4_) * _a4_))) * x);{'d0': {'_a1_': 3.376760878195947, '_a4_': -0.8075269488312266, '_a6_': -0.6781913497784713, '_a0_': 1.0, '_a2_': 1.0, '_a3_': 1.0, '_a5_': 1.0, '_a7_': 1.0}};{'d0': 0.024905832919416736};-280.569866449043;52.10554341075169
16428;-88.1793898137699;(((pow2((-(x) + pow3(_a6_))) * _a1_) + (_a4_ / (cos(_a4_) * _a4_))) * x);{'d0': {'_a1_': 3.376760878195947, '_a4_': -0.8075269488312266, '_a6_': -0.6781913497784713, '_a0_': 1.0, '_a2_': 1.0, '_a3_': 1.0, '_a5_': 1.0, '_a7_': 1.0}};{'d0': 0.024905832919416736};-280.569866449043;52.10554341075169
16429;-88.1793898137699;(((pow2((-(x) + pow3(_a6_))) * _a1_) + (_a4_ / (cos(_a4_) * _a4_))) * x);{'d0': {'_a1_': 3.376760878195947, '_a4_': -0.8075269488312266, '_a6_': -0.6781913497784713, '_a0_': 1.0, '_a2_': 1.0, '_a3_': 1.0, '_a5_': 1.0, '_a7_': 1.0}};{'d0': 0.024905832919416736};-280.569866449043;52.10554341075169
16430;-88.1793898137699;(((pow2((-(x) + pow3(_a6_))) * _a1_) + (_a4_ / (cos(_a4_) * _a4_))) * x);{'d0': {'_a1_': 3.376760878195947, '_a4_': -0.8075269488312266, '_a6_': -0.6781913497784713, '_a0_': 1.0, '_a2_': 1.0, '_a3_': 1.0, '_a5_': 1.0, '_a7_': 1.0}};{'d0': 0.024905832919416736};-280.569866449043;52.10554341075169
16431;-88.1793898137699;(((pow2((-(x) + pow3(_a6_))) * _a1_) + (_a4_ / (cos(_a4_) * _a4_))) * x);{'d0': {'_a1_': 3.376760878195947, '_a4_': -0.8075269488312266, '_a6_': -0.6781913497784713, '_a0_': 1.0, '_a2_': 1.0, '_a3_': 1.0, '_a5_': 1.0, '_a7_': 1.0}};{'d0': 0.024905832919416736};-280.569866449043;52.10554341075169
16432;-88.1793898137699;(((pow2((-(x) + pow3(_a6_))) * _a1_) + (_a4_ / (cos(_a4_) * _a4_))) * x);{'d0': {'_a1_': 3.376760878195947, '_a4_': -0.8075269488312266, '_a6_': -0.6781913497784713, '_a0_': 1.0, '_a2_': 1.0, '_a3_': 1.0, '_a5_': 1.0, '_a7_': 1.0}};{'d0': 0.024905832919416736};-280.569866449043;52.10554341075169
16433;-88.1793898137700;(((pow2((-(x) + pow3(_a6_))) * _a1_) + (_a4_ / (cos(_a4_) * _a1_))) * x);{'d0': {'_a1_': 3.3767608794434865, '_a4_': 1.3011673497116878, '_a6_': -0.6781913497754567, '_a0_': 1.0, '_a2_': 1.0, '_a3_': 1.0, '_a5_': 1.0, '_a7_': 1.0}};{'d0': 0.02490583291941668};-280.569866449043;52.10554341075169
16434;-88.1793898137700;(((pow2((-(x) + pow3(_a6_))) * _a1_) + (_a4_ / (cos(_a4_) * _a1_))) * x);{'d0': {'_a1_': 3.3767608794434865, '_a4_': 1.3011673497116878, '_a6_': -0.6781913497754567, '_a0_': 1.0, '_a2_': 1.0, '_a3_': 1.0, '_a5_': 1.0, '_a7_': 1.0}};{'d0': 0.02490583291941668};-280.569866449043;52.10554341075169
16435;-88.1793898137700;(((pow2((-(x) + pow3(_a6_))) * _a1_) + (_a4_ / (cos(_a4_) * _a1_))) * x);{'d0': {'_a1_': 3.3767608794434865, '_a4_': 1.3011673497116878, '_a6_': -0.6781913497754567, '_a0_': 1.0, '_a2_': 1.0, '_a3_': 1.0, '_a5_': 1.0, '_a7_': 1.0}};{'d0': 0.02490583291941668};-280.569866449043;52.10554341075169
16436;-88.1793898137700;(((pow2((-(x) + pow3(_a6_))) * _a1_) + (_a4_ / (cos(_a4_) * _a1_))) * x);{'d0': {'_a1_': 3.3767608794434865, '_a4_': 1.3011673497116878, '_a6_': -0.6781913497754567, '_a0_': 1.0, '_a2_': 1.0, '_a3_': 1.0, '_a5_': 1.0, '_a7_': 1.0}};{'d0': 0.02490583291941668};-280.569866449043;52.10554341075169
16437;-94.7722718761801;(((pow2((-(x) + _a2_)) * _a1_) + (_a4_ / (cos(_a4_) * _a1_))) * x);{'d0': {'_a1_': 3.37676087837871, '_a2_': -0.3119297078235893, '_a4_': 1.301167349699699, '_a0_': 1.0, '_a3_': 1.0, '_a5_': 1.0, '_a6_': 1.0, '_a7_': 1.0}};{'d0': 0.024905832919416643};-280.569866449044;45.512661348341695
16438;-94.7722718761801;(((pow2((-(x) + _a2_)) * _a1_) + (_a4_ / (cos(_a4_) * _a1_))) * x);{'d0': {'_a1_': 3.37676087837871, '_a2_': -0.3119297078235893, '_a4_': 1.301167349699699, '_a0_': 1.0, '_a3_': 1.0, '_a5_': 1.0, '_a6_': 1.0, '_a7_': 1.0}};{'d0': 0.024905832919416643};-280.569866449044;45.512661348341695
16439;-94.7722718761801;(((pow2((-(x) + _a2_)) * _a1_) + (_a4_ / (cos(_a4_) * _a1_))) * x);{'d0': {'_a1_': 3.37676087837871, '_a2_': -0.3119297078235893, '_a4_': 1.301167349699699, '_a0_': 1.0, '_a3_': 1.0, '_a5_': 1.0, '_a6_': 1.0, '_a7_': 1.0}};{'d0': 0.024905832919416643};-280.569866449044;45.512661348341695
16440;-94.7722718761801;(((pow2((-(x) + _a2_)) * _a1_) + (_a4_ / (cos(_a4_) * _a1_))) * x);{'d0': {'_a1_': 3.37676087837871, '_a2_': -0.3119297078235893, '_a4_': 1.301167349699699, '_a0_': 1.0, '_a3_': 1.0, '_a5_': 1.0, '_a6_': 1.0, '_a7_': 1.0}};{'d0': 0.024905832919416643};-280.569866449044;45.512661348341695
16441;-94.7722718761801;(((pow2((-(x) + _a2_)) * _a1_) + (_a4_ / (cos(_a4_) * _a1_))) * x);{'d0': {'_a1_': 3.37676087837871, '_a2_': -0.3119297078235893, '_a4_': 1.301167349699699, '_a0_': 1.0, '_a3_': 1.0, '_a5_': 1.0, '_a6_': 1.0, '_a7_': 1.0}};{'d0': 0.024905832919416643};-280.569866449044;45.512661348341695
16442;-94.7722718761801;(((pow2((-(x) + _a2_)) * _a1_) + (_a4_ / (cos(_a4_) * _a1_))) * x);{'d0': {'_a1_': 3.37676087837871, '_a2_': -0.3119297078235893, '_a4_': 1.301167349699699, '_a0_': 1.0, '_a3_': 1.0, '_a5_': 1.0, '_a6_': 1.0, '_a7_': 1.0}};{'d0': 0.024905832919416643};-280.569866449044;45.512661348341695
16443;-94.7722718761801;(((pow2((-(x) + _a2_)) * _a1_) + (_a4_ / (cos(_a4_) * _a1_))) * x);{'d0': {'_a1_': 3.37676087837871, '_a2_': -0.3119297078235893, '_a4_': 1.301167349699699, '_a0_': 1.0, '_a3_': 1.0, '_a5_': 1.0, '_a6_': 1.0, '_a7_': 1.0}};{'d0': 0.024905832919416643};-280.569866449044;45.512661348341695
16444;-94.7722718761801;(((pow2((-(x) + _a2_)) * _a1_) + (_a4_ / (cos(_a4_) * _a1_))) * x);{'d0': {'_a1_': 3.37676087837871, '_a2_': -0.3119297078235893, '_a4_': 1.301167349699699, '_a0_': 1.0, '_a3_': 1.0, '_a5_': 1.0, '_a6_': 1.0, '_a7_': 1.0}};{'d0': 0.024905832919416643};-280.569866449044;45.512661348341695
16445;-89.8229319507231;(((pow2((-(x) + (_a4_ * _a2_))) * _a1_) + (_a4_ / (cos(_a4_) * _a1_))) * x);{'d0': {'_a1_': 3.3767608785901317, '_a2_': -0.23973066023477654, '_a4_': 1.3011673497021887, '_a0_': 1.0, '_a3_': 1.0, '_a5_': 1.0, '_a6_': 1.0, '_a7_': 1.0}};{'d0': 0.024905832919416566};-280.569866449044;50.46200127379869
16446;-89.8229319507231;(((pow2((-(x) + (_a4_ * _a2_))) * _a1_) + (_a4_ / (cos(_a4_) * _a1_))) * x);{'d0': {'_a1_': 3.3767608785901317, '_a2_': -0.23973066023477654, '_a4_': 1.3011673497021887, '_a0_': 1.0, '_a3_': 1.0, '_a5_': 1.0, '_a6_': 1.0, '_a7_': 1.0}};{'d0': 0.024905832919416566};-280.569866449044;50.46200127379869
16447;-89.8229319507231;(((pow2((-(x) + (_a4_ * _a2_))) * _a1_) + (_a4_ / (cos(_a4_) * _a1_))) * x);{'d0': {'_a1_': 3.3767608785901317, '_a2_': -0.23973066023477654, '_a4_': 1.3011673497021887, '_a0_': 1.0, '_a3_': 1.0, '_a5_': 1.0, '_a6_': 1.0, '_a7_': 1.0}};{'d0': 0.024905832919416566};-280.569866449044;50.46200127379869
16448;-83.9023309016931;(((pow2((-(x) + (_a4_ * _a2_))) * _a1_) + (_a4_ / (cos(_a4_) * (_a1_ + _a2_)))) * x);{'d0': {'_a1_': 3.37676088004302, '_a2_': -0.24299377721868087, '_a4_': 1.2836942221028163, '_a0_': 1.0, '_a3_': 1.0, '_a5_': 1.0, '_a6_': 1.0, '_a7_': 1.0}};{'d0': 0.02490583291941664};-280.569866449044;56.38260232282869
16449;-75.1916102744820;((((pow2((-(x) + (_a4_ * _a2_))) * _a1_) + (_a4_ / (cos(_a4_) * (_a1_ + _a2_)))) * x) ** _a0_);{'d0': {'_a1_': 3.37676088004302, '_a2_': -0.24299377721868087, '_a4_': 1.2836942221028163, '_a0_': 1.0, '_a3_': 1.0, '_a5_': 1.0, '_a6_': 1.0, '_a7_': 1.0}};{'d0': 0.02490583291941664};-276.475521886821;63.04615066892869
16450;-75.1916102744820;((((pow2((-(x) + (_a4_ * _a2_))) * _a1_) + (_a4_ / (cos(_a4_) * (_a1_ + _a2_)))) * x) ** _a0_);{'d0': {'_a1_': 3.37676088004302, '_a2_': -0.24299377721868087, '_a4_': 1.2836942221028163, '_a0_': 1.0, '_a3_': 1.0, '_a5_': 1.0, '_a6_': 1.0, '_a7_': 1.0}};{'d0': 0.02490583291941664};-276.475521886821;63.04615066892869
16451;-75.1916102744820;((((pow2((-(x) + (_a4_ * _a2_))) * _a1_) + (_a4_ / (cos(_a4_) * (_a1_ + _a2_)))) * x) ** _a0_);{'d0': {'_a1_': 3.37676088004302, '_a2_': -0.24299377721868087, '_a4_': 1.2836942221028163, '_a0_': 1.0, '_a3_': 1.0, '_a5_': 1.0, '_a6_': 1.0, '_a7_': 1.0}};{'d0': 0.02490583291941664};-276.475521886821;63.04615066892869
16452;-75.1916102744820;((((pow2((-(x) + (_a4_ * _a2_))) * _a1_) + (_a4_ / (cos(_a4_) * (_a1_ + _a2_)))) * x) ** _a0_);{'d0': {'_a1_': 3.37676088004302, '_a2_': -0.24299377721868087, '_a4_': 1.2836942221028163, '_a0_': 1.0, '_a3_': 1.0, '_a5_': 1.0, '_a6_': 1.0, '_a7_': 1.0}};{'d0': 0.02490583291941664};-276.475521886821;63.04615066892869
16453;-75.1916102744820;((((pow2((-(x) + (_a4_ * _a2_))) * _a1_) + (_a4_ / (cos(_a4_) * (_a1_ + _a2_)))) * x) ** _a0_);{'d0': {'_a1_': 3.37676088004302, '_a2_': -0.24299377721868087, '_a4_': 1.2836942221028163, '_a0_': 1.0, '_a3_': 1.0, '_a5_': 1.0, '_a6_': 1.0, '_a7_': 1.0}};{'d0': 0.02490583291941664};-276.475521886821;63.04615066892869
16454;-75.1916102744820;((((pow2((-(x) + (_a4_ * _a2_))) * _a1_) + (_a4_ / (cos(_a4_) * (_a1_ + _a2_)))) * x) ** _a0_);{'d0': {'_a1_': 3.37676088004302, '_a2_': -0.24299377721868087, '_a4_': 1.2836942221028163, '_a0_': 1.0, '_a3_': 1.0, '_a5_': 1.0, '_a6_': 1.0, '_a7_': 1.0}};{'d0': 0.02490583291941664};-276.475521886821;63.04615066892869
16455;-75.1916102744820;((((pow2((-(x) + (_a4_ * _a2_))) * _a1_) + (_a4_ / (cos(_a4_) * (_a1_ + _a2_)))) * x) ** _a0_);{'d0': {'_a1_': 3.37676088004302, '_a2_': -0.24299377721868087, '_a4_': 1.2836942221028163, '_a0_': 1.0, '_a3_': 1.0, '_a5_': 1.0, '_a6_': 1.0, '_a7_': 1.0}};{'d0': 0.02490583291941664};-276.475521886821;63.04615066892869
16456;-75.1916102744820;((((pow2((-(x) + (_a4_ * _a2_))) * _a1_) + (_a4_ / (cos(_a4_) * (_a1_ + _a2_)))) * x) ** _a0_);{'d0': {'_a1_': 3.37676088004302, '_a2_': -0.24299377721868087, '_a4_': 1.2836942221028163, '_a0_': 1.0, '_a3_': 1.0, '_a5_': 1.0, '_a6_': 1.0, '_a7_': 1.0}};{'d0': 0.02490583291941664};-276.475521886821;63.04615066892869
16457;-75.1916102744820;((((pow2((-(x) + (_a4_ * _a2_))) * _a1_) + (_a4_ / (cos(_a4_) * (_a1_ + _a2_)))) * x) ** _a0_);{'d0': {'_a1_': 3.37676088004302, '_a2_': -0.24299377721868087, '_a4_': 1.2836942221028163, '_a0_': 1.0, '_a3_': 1.0, '_a5_': 1.0, '_a6_': 1.0, '_a7_': 1.0}};{'d0': 0.02490583291941664};-276.475521886821;63.04615066892869
16458;-75.1916102744820;((((pow2((-(x) + (_a4_ * _a2_))) * _a1_) + (_a4_ / (cos(_a4_) * (_a1_ + _a2_)))) * x) ** _a0_);{'d0': {'_a1_': 3.37676088004302, '_a2_': -0.24299377721868087, '_a4_': 1.2836942221028163, '_a0_': 1.0, '_a3_': 1.0, '_a5_': 1.0, '_a6_': 1.0, '_a7_': 1.0}};{'d0': 0.02490583291941664};-276.475521886821;63.04615066892869
16459;-75.1916102744820;((((pow2((-(x) + (_a4_ * _a2_))) * _a1_) + (_a4_ / (cos(_a4_) * (_a1_ + _a2_)))) * x) ** _a0_);{'d0': {'_a1_': 3.37676088004302, '_a2_': -0.24299377721868087, '_a4_': 1.2836942221028163, '_a0_': 1.0, '_a3_': 1.0, '_a5_': 1.0, '_a6_': 1.0, '_a7_': 1.0}};{'d0': 0.02490583291941664};-276.475521886821;63.04615066892869
16460;-75.1916102744820;((((pow2((-(x) + (_a4_ * _a2_))) * _a1_) + (_a4_ / (cos(_a4_) * (_a1_ + _a2_)))) * x) ** _a0_);{'d0': {'_a1_': 3.37676088004302, '_a2_': -0.24299377721868087, '_a4_': 1.2836942221028163, '_a0_': 1.0, '_a3_': 1.0, '_a5_': 1.0, '_a6_': 1.0, '_a7_': 1.0}};{'d0': 0.02490583291941664};-276.475521886821;63.04615066892869
16461;-75.1916102744820;((((pow2((-(x) + (_a4_ * _a2_))) * _a1_) + (_a4_ / (cos(_a4_) * (_a1_ + _a2_)))) * x) ** _a0_);{'d0': {'_a1_': 3.37676088004302, '_a2_': -0.24299377721868087, '_a4_': 1.2836942221028163, '_a0_': 1.0, '_a3_': 1.0, '_a5_': 1.0, '_a6_': 1.0, '_a7_': 1.0}};{'d0': 0.02490583291941664};-276.475521886821;63.04615066892869
16462;-75.1916102744820;((((pow2((-(x) + (_a4_ * _a2_))) * _a1_) + (_a4_ / (cos(_a4_) * (_a1_ + _a2_)))) * x) ** _a0_);{'d0': {'_a1_': 3.37676088004302, '_a2_': -0.24299377721868087, '_a4_': 1.2836942221028163, '_a0_': 1.0, '_a3_': 1.0, '_a5_': 1.0, '_a6_': 1.0, '_a7_': 1.0}};{'d0': 0.02490583291941664};-276.475521886821;63.04615066892869
16463;-75.1916102744820;((((pow2((-(x) + (_a4_ * _a2_))) * _a1_) + (_a4_ / (cos(_a4_) * (_a1_ + _a2_)))) * x) ** _a0_);{'d0': {'_a1_': 3.37676088004302, '_a2_': -0.24299377721868087, '_a4_': 1.2836942221028163, '_a0_': 1.0, '_a3_': 1.0, '_a5_': 1.0, '_a6_': 1.0, '_a7_': 1.0}};{'d0': 0.02490583291941664};-276.475521886821;63.04615066892869
16464;-75.1916102744820;((((pow2((-(x) + (_a4_ * _a2_))) * _a1_) + (_a4_ / (cos(_a4_) * (_a1_ + _a2_)))) * x) ** _a0_);{'d0': {'_a1_': 3.37676088004302, '_a2_': -0.24299377721868087, '_a4_': 1.2836942221028163, '_a0_': 1.0, '_a3_': 1.0, '_a5_': 1.0, '_a6_': 1.0, '_a7_': 1.0}};{'d0': 0.02490583291941664};-276.475521886821;63.04615066892869
16465;-75.1916102744820;((((pow2((-(x) + (_a4_ * _a2_))) * _a1_) + (_a4_ / (cos(_a4_) * (_a1_ + _a2_)))) * x) ** _a0_);{'d0': {'_a1_': 3.37676088004302, '_a2_': -0.24299377721868087, '_a4_': 1.2836942221028163, '_a0_': 1.0, '_a3_': 1.0, '_a5_': 1.0, '_a6_': 1.0, '_a7_': 1.0}};{'d0': 0.02490583291941664};-276.475521886821;63.04615066892869
16466;-75.1916102744820;((((pow2((-(x) + (_a4_ * _a2_))) * _a1_) + (_a4_ / (cos(_a4_) * (_a1_ + _a2_)))) * x) ** _a0_);{'d0': {'_a1_': 3.37676088004302, '_a2_': -0.24299377721868087, '_a4_': 1.2836942221028163, '_a0_': 1.0, '_a3_': 1.0, '_a5_': 1.0, '_a6_': 1.0, '_a7_': 1.0}};{'d0': 0.02490583291941664};-276.475521886821;63.04615066892869
16467;-75.1916102744820;((((pow2((-(x) + (_a4_ * _a2_))) * _a1_) + (_a4_ / (cos(_a4_) * (_a1_ + _a2_)))) * x) ** _a0_);{'d0': {'_a1_': 3.37676088004302, '_a2_': -0.24299377721868087, '_a4_': 1.2836942221028163, '_a0_': 1.0, '_a3_': 1.0, '_a5_': 1.0, '_a6_': 1.0, '_a7_': 1.0}};{'d0': 0.02490583291941664};-276.475521886821;63.04615066892869
16468;-75.1916102744820;((((pow2((-(x) + (_a4_ * _a2_))) * _a1_) + (_a4_ / (cos(_a4_) * (_a1_ + _a2_)))) * x) ** _a0_);{'d0': {'_a1_': 3.37676088004302, '_a2_': -0.24299377721868087, '_a4_': 1.2836942221028163, '_a0_': 1.0, '_a3_': 1.0, '_a5_': 1.0, '_a6_': 1.0, '_a7_': 1.0}};{'d0': 0.02490583291941664};-276.475521886821;63.04615066892869
16469;-75.1916102744820;((((pow2((-(x) + (_a4_ * _a2_))) * _a1_) + (_a4_ / (cos(_a4_) * (_a1_ + _a2_)))) * x) ** _a0_);{'d0': {'_a1_': 3.37676088004302, '_a2_': -0.24299377721868087, '_a4_': 1.2836942221028163, '_a0_': 1.0, '_a3_': 1.0, '_a5_': 1.0, '_a6_': 1.0, '_a7_': 1.0}};{'d0': 0.02490583291941664};-276.475521886821;63.04615066892869
16470;-75.1916102744820;((((pow2((-(x) + (_a4_ * _a2_))) * _a1_) + (_a4_ / (cos(_a4_) * (_a1_ + _a2_)))) * x) ** _a0_);{'d0': {'_a1_': 3.37676088004302, '_a2_': -0.24299377721868087, '_a4_': 1.2836942221028163, '_a0_': 1.0, '_a3_': 1.0, '_a5_': 1.0, '_a6_': 1.0, '_a7_': 1.0}};{'d0': 0.02490583291941664};-276.475521886821;63.04615066892869
16471;-75.1916102744820;((((pow2((-(x) + (_a4_ * _a2_))) * _a1_) + (_a4_ / (cos(_a4_) * (_a1_ + _a2_)))) * x) ** _a0_);{'d0': {'_a1_': 3.37676088004302, '_a2_': -0.24299377721868087, '_a4_': 1.2836942221028163, '_a0_': 1.0, '_a3_': 1.0, '_a5_': 1.0, '_a6_': 1.0, '_a7_': 1.0}};{'d0': 0.02490583291941664};-276.475521886821;63.04615066892869
16472;-98.1382168817568;(((_a7_ * (((x + (_a3_ + x)) * x) * (_a3_ * _a7_))) + _a4_) * x);{'d0': {'_a3_': 1.2477188310995526, '_a4_': 1.7751354042294534, '_a7_': -1.163259990632778, '_a0_': 1.0, '_a1_': 1.0, '_a2_': 1.0, '_a5_': 1.0, '_a6_': 1.0}};{'d0': 0.024905832919416577};-280.569866449044;42.146716342765025
16473;-98.1382168817568;(((_a7_ * (((x + (_a3_ + x)) * x) * (_a3_ * _a7_))) + _a4_) * x);{'d0': {'_a3_': 1.2477188310995526, '_a4_': 1.7751354042294534, '_a7_': -1.163259990632778, '_a0_': 1.0, '_a1_': 1.0, '_a2_': 1.0, '_a5_': 1.0, '_a6_': 1.0}};{'d0': 0.024905832919416577};-280.569866449044;42.146716342765025
16474;-98.1382168817568;(((_a7_ * (((x + (_a3_ + x)) * x) * (_a3_ * _a7_))) + _a4_) * x);{'d0': {'_a3_': 1.2477188310995526, '_a4_': 1.7751354042294534, '_a7_': -1.163259990632778, '_a0_': 1.0, '_a1_': 1.0, '_a2_': 1.0, '_a5_': 1.0, '_a6_': 1.0}};{'d0': 0.024905832919416577};-280.569866449044;42.146716342765025
16475;-98.1382168817568;(((_a7_ * (((x + (_a3_ + x)) * x) * (_a3_ * _a7_))) + _a4_) * x);{'d0': {'_a3_': 1.2477188310995526, '_a4_': 1.7751354042294534, '_a7_': -1.163259990632778, '_a0_': 1.0, '_a1_': 1.0, '_a2_': 1.0, '_a5_': 1.0, '_a6_': 1.0}};{'d0': 0.024905832919416577};-280.569866449044;42.146716342765025
16476;-98.1382168817568;(((_a7_ * (((x + (_a3_ + x)) * x) * (_a3_ * _a7_))) + _a4_) * x);{'d0': {'_a3_': 1.2477188310995526, '_a4_': 1.7751354042294534, '_a7_': -1.163259990632778, '_a0_': 1.0, '_a1_': 1.0, '_a2_': 1.0, '_a5_': 1.0, '_a6_': 1.0}};{'d0': 0.024905832919416577};-280.569866449044;42.146716342765025
16477;-98.1382168817568;(((_a7_ * (((x + (_a3_ + x)) * x) * (_a3_ * _a7_))) + _a4_) * x);{'d0': {'_a3_': 1.2477188310995526, '_a4_': 1.7751354042294534, '_a7_': -1.163259990632778, '_a0_': 1.0, '_a1_': 1.0, '_a2_': 1.0, '_a5_': 1.0, '_a6_': 1.0}};{'d0': 0.024905832919416577};-280.569866449044;42.146716342765025
16478;-98.1382168817568;(((_a7_ * (((x + (_a3_ + x)) * x) * (_a3_ * _a7_))) + _a4_) * x);{'d0': {'_a3_': 1.2477188310995526, '_a4_': 1.7751354042294534, '_a7_': -1.163259990632778, '_a0_': 1.0, '_a1_': 1.0, '_a2_': 1.0, '_a5_': 1.0, '_a6_': 1.0}};{'d0': 0.024905832919416577};-280.569866449044;42.146716342765025
16479;-98.1382168817568;(((_a7_ * (((x + (_a3_ + x)) * x) * (_a3_ * _a7_))) + _a4_) * x);{'d0': {'_a3_': 1.2477188310995526, '_a4_': 1.7751354042294534, '_a7_': -1.163259990632778, '_a0_': 1.0, '_a1_': 1.0, '_a2_': 1.0, '_a5_': 1.0, '_a6_': 1.0}};{'d0': 0.024905832919416577};-280.569866449044;42.146716342765025
16480;-98.1382168817568;(((_a7_ * (((x + (_a3_ + x)) * x) * (_a3_ * _a7_))) + _a4_) * x);{'d0': {'_a3_': 1.2477188310995526, '_a4_': 1.7751354042294534, '_a7_': -1.163259990632778, '_a0_': 1.0, '_a1_': 1.0, '_a2_': 1.0, '_a5_': 1.0, '_a6_': 1.0}};{'d0': 0.024905832919416577};-280.569866449044;42.146716342765025
16481;-98.1382168817568;(((_a7_ * (((x + (_a3_ + x)) * x) * (_a3_ * _a7_))) + _a4_) * x);{'d0': {'_a3_': 1.2477188310995526, '_a4_': 1.7751354042294534, '_a7_': -1.163259990632778, '_a0_': 1.0, '_a1_': 1.0, '_a2_': 1.0, '_a5_': 1.0, '_a6_': 1.0}};{'d0': 0.024905832919416577};-280.569866449044;42.146716342765025
16482;-98.1382168817568;(((_a7_ * (((x + (_a3_ + x)) * x) * (_a3_ * _a7_))) + _a4_) * x);{'d0': {'_a3_': 1.2477188310995526, '_a4_': 1.7751354042294534, '_a7_': -1.163259990632778, '_a0_': 1.0, '_a1_': 1.0, '_a2_': 1.0, '_a5_': 1.0, '_a6_': 1.0}};{'d0': 0.024905832919416577};-280.569866449044;42.146716342765025
16483;-98.1382168817568;(((_a7_ * (((x + (_a3_ + x)) * x) * (_a3_ * _a7_))) + _a4_) * x);{'d0': {'_a3_': 1.2477188310995526, '_a4_': 1.7751354042294534, '_a7_': -1.163259990632778, '_a0_': 1.0, '_a1_': 1.0, '_a2_': 1.0, '_a5_': 1.0, '_a6_': 1.0}};{'d0': 0.024905832919416577};-280.569866449044;42.146716342765025
16484;-98.1382168817568;(((_a7_ * (((x + (_a3_ + x)) * x) * (_a3_ * _a7_))) + _a4_) * x);{'d0': {'_a3_': 1.2477188310995526, '_a4_': 1.7751354042294534, '_a7_': -1.163259990632778, '_a0_': 1.0, '_a1_': 1.0, '_a2_': 1.0, '_a5_': 1.0, '_a6_': 1.0}};{'d0': 0.024905832919416577};-280.569866449044;42.146716342765025
16485;-98.1382168817568;(((_a7_ * (((x + (_a3_ + x)) * x) * (_a3_ * _a7_))) + _a4_) * x);{'d0': {'_a3_': 1.2477188310995526, '_a4_': 1.7751354042294534, '_a7_': -1.163259990632778, '_a0_': 1.0, '_a1_': 1.0, '_a2_': 1.0, '_a5_': 1.0, '_a6_': 1.0}};{'d0': 0.024905832919416577};-280.569866449044;42.146716342765025
16486;-98.1382168817568;(((_a7_ * (((x + (_a3_ + x)) * x) * (_a3_ * _a7_))) + _a4_) * x);{'d0': {'_a3_': 1.2477188310995526, '_a4_': 1.7751354042294534, '_a7_': -1.163259990632778, '_a0_': 1.0, '_a1_': 1.0, '_a2_': 1.0, '_a5_': 1.0, '_a6_': 1.0}};{'d0': 0.024905832919416577};-280.569866449044;42.146716342765025
16487;-98.1382168817568;(((_a7_ * (((x + (_a3_ + x)) * x) * (_a3_ * _a7_))) + _a4_) * x);{'d0': {'_a3_': 1.2477188310995526, '_a4_': 1.7751354042294534, '_a7_': -1.163259990632778, '_a0_': 1.0, '_a1_': 1.0, '_a2_': 1.0, '_a5_': 1.0, '_a6_': 1.0}};{'d0': 0.024905832919416577};-280.569866449044;42.146716342765025
16488;-98.1382168817568;(((_a7_ * (((x + (_a3_ + x)) * x) * (_a3_ * _a7_))) + _a4_) * x);{'d0': {'_a3_': 1.2477188310995526, '_a4_': 1.7751354042294534, '_a7_': -1.163259990632778, '_a0_': 1.0, '_a1_': 1.0, '_a2_': 1.0, '_a5_': 1.0, '_a6_': 1.0}};{'d0': 0.024905832919416577};-280.569866449044;42.146716342765025
16489;-98.1382168817568;(((_a7_ * (((x + (_a3_ + x)) * x) * (_a3_ * _a7_))) + _a4_) * x);{'d0': {'_a3_': 1.2477188310995526, '_a4_': 1.7751354042294534, '_a7_': -1.163259990632778, '_a0_': 1.0, '_a1_': 1.0, '_a2_': 1.0, '_a5_': 1.0, '_a6_': 1.0}};{'d0': 0.024905832919416577};-280.569866449044;42.146716342765025
16490;-105.608355025258;((((pow2((_a2_ + -(x))) + _a5_) * _a0_) + _a0_) * x);{'d0': {'_a0_': 3.3767608783423224, '_a2_': -0.3119297076603639, '_a5_': -0.5716083723034961, '_a1_': 1.0, '_a3_': 1.0, '_a4_': 1.0, '_a6_': 1.0, '_a7_': 1.0}};{'d0': 0.02490583291941664};-280.569866449044;34.676578199264405
16491;-105.608355025258;((((pow2((_a2_ + -(x))) + _a5_) * _a0_) + _a0_) * x);{'d0': {'_a0_': 3.3767608783423224, '_a2_': -0.3119297076603639, '_a5_': -0.5716083723034961, '_a1_': 1.0, '_a3_': 1.0, '_a4_': 1.0, '_a6_': 1.0, '_a7_': 1.0}};{'d0': 0.02490583291941664};-280.569866449044;34.676578199264405
16492;-105.608355025258;((((pow2((_a2_ + -(x))) + _a5_) * _a0_) + _a0_) * x);{'d0': {'_a0_': 3.3767608783423224, '_a2_': -0.3119297076603639, '_a5_': -0.5716083723034961, '_a1_': 1.0, '_a3_': 1.0, '_a4_': 1.0, '_a6_': 1.0, '_a7_': 1.0}};{'d0': 0.02490583291941664};-280.569866449044;34.676578199264405
16493;-105.608355025258;((((pow2((_a2_ + -(x))) + _a5_) * _a0_) + _a0_) * x);{'d0': {'_a0_': 3.3767608783423224, '_a2_': -0.3119297076603639, '_a5_': -0.5716083723034961, '_a1_': 1.0, '_a3_': 1.0, '_a4_': 1.0, '_a6_': 1.0, '_a7_': 1.0}};{'d0': 0.02490583291941664};-280.569866449044;34.676578199264405
16494;-105.608355025258;((((pow2((_a2_ + -(x))) + _a5_) * _a0_) + _a0_) * x);{'d0': {'_a0_': 3.3767608783423224, '_a2_': -0.3119297076603639, '_a5_': -0.5716083723034961, '_a1_': 1.0, '_a3_': 1.0, '_a4_': 1.0, '_a6_': 1.0, '_a7_': 1.0}};{'d0': 0.02490583291941664};-280.569866449044;34.676578199264405
16495;-105.608355025258;((((pow2((_a2_ + -(x))) + _a5_) * _a0_) + _a0_) * x);{'d0': {'_a0_': 3.3767608783423224, '_a2_': -0.3119297076603639, '_a5_': -0.5716083723034961, '_a1_': 1.0, '_a3_': 1.0, '_a4_': 1.0, '_a6_': 1.0, '_a7_': 1.0}};{'d0': 0.02490583291941664};-280.569866449044;34.676578199264405
16496;-98.1382168817568;(((_a7_ * (((x + (_a3_ + x)) * x) * (_a3_ * _a7_))) + _a4_) * x);{'d0': {'_a3_': 1.2477188310995526, '_a4_': 1.7751354042294534, '_a7_': -1.163259990632778, '_a0_': 1.0, '_a1_': 1.0, '_a2_': 1.0, '_a5_': 1.0, '_a6_': 1.0}};{'d0': 0.024905832919416577};-280.569866449044;42.146716342765025
16497;-98.1382168817568;(((_a7_ * (((x + (_a3_ + x)) * x) * (_a3_ * _a7_))) + _a4_) * x);{'d0': {'_a3_': 1.2477188310995526, '_a4_': 1.7751354042294534, '_a7_': -1.163259990632778, '_a0_': 1.0, '_a1_': 1.0, '_a2_': 1.0, '_a5_': 1.0, '_a6_': 1.0}};{'d0': 0.024905832919416577};-280.569866449044;42.146716342765025
16498;-103.159914093536;(((_a7_ * (((x + (_a3_ + x)) * x) * _a3_)) + _a4_) * x);{'d0': {'_a3_': 1.2477188313527179, '_a4_': 1.7751354045333416, '_a7_': 1.3531738054492446, '_a0_': 1.0, '_a1_': 1.0, '_a2_': 1.0, '_a5_': 1.0, '_a6_': 1.0}};{'d0': 0.024905832919416632};-280.569866449044;37.125019130986026
16499;-103.159914093536;(((_a7_ * (((x + (_a3_ + x)) * x) * _a3_)) + _a4_) * x);{'d0': {'_a3_': 1.2477188313527179, '_a4_': 1.7751354045333416, '_a7_': 1.3531738054492446, '_a0_': 1.0, '_a1_': 1.0, '_a2_': 1.0, '_a5_': 1.0, '_a6_': 1.0}};{'d0': 0.024905832919416632};-280.569866449044;37.125019130986026
16500;-103.159914093536;(((_a7_ * (((x + (_a3_ + x)) * x) * _a3_)) + _a4_) * x);{'d0': {'_a3_': 1.2477188313527179, '_a4_': 1.7751354045333416, '_a7_': 1.3531738054492446, '_a0_': 1.0, '_a1_': 1.0, '_a2_': 1.0, '_a5_': 1.0, '_a6_': 1.0}};{'d0': 0.024905832919416632};-280.569866449044;37.125019130986026
16501;-103.159914093536;(((_a7_ * (((x + (_a3_ + x)) * x) * _a3_)) + _a4_) * x);{'d0': {'_a3_': 1.2477188313527179, '_a4_': 1.7751354045333416, '_a7_': 1.3531738054492446, '_a0_': 1.0, '_a1_': 1.0, '_a2_': 1.0, '_a5_': 1.0, '_a6_': 1.0}};{'d0': 0.024905832919416632};-280.569866449044;37.125019130986026
16502;-103.159914093536;(((_a7_ * (((x + (_a3_ + x)) * x) * _a3_)) + _a4_) * x);{'d0': {'_a3_': 1.2477188313527179, '_a4_': 1.7751354045333416, '_a7_': 1.3531738054492446, '_a0_': 1.0, '_a1_': 1.0, '_a2_': 1.0, '_a5_': 1.0, '_a6_': 1.0}};{'d0': 0.024905832919416632};-280.569866449044;37.125019130986026
16503;-105.608355025258;((((pow2((_a2_ + -(x))) + _a5_) * _a0_) + _a0_) * x);{'d0': {'_a0_': 3.3767608783423224, '_a2_': -0.3119297076603639, '_a5_': -0.5716083723034961, '_a1_': 1.0, '_a3_': 1.0, '_a4_': 1.0, '_a6_': 1.0, '_a7_': 1.0}};{'d0': 0.02490583291941664};-280.569866449044;34.676578199264405
16504;-105.608355025258;((((pow2((_a2_ + -(x))) + _a5_) * _a0_) + _a0_) * x);{'d0': {'_a0_': 3.3767608783423224, '_a2_': -0.3119297076603639, '_a5_': -0.5716083723034961, '_a1_': 1.0, '_a3_': 1.0, '_a4_': 1.0, '_a6_': 1.0, '_a7_': 1.0}};{'d0': 0.02490583291941664};-280.569866449044;34.676578199264405
16505;-105.608355025258;((((pow2((_a2_ + -(x))) + _a5_) * _a0_) + _a0_) * x);{'d0': {'_a0_': 3.3767608783423224, '_a2_': -0.3119297076603639, '_a5_': -0.5716083723034961, '_a1_': 1.0, '_a3_': 1.0, '_a4_': 1.0, '_a6_': 1.0, '_a7_': 1.0}};{'d0': 0.02490583291941664};-280.569866449044;34.676578199264405
16506;-105.608355025258;((((pow2((_a2_ + -(x))) + _a5_) * _a0_) + _a0_) * x);{'d0': {'_a0_': 3.3767608783423224, '_a2_': -0.3119297076603639, '_a5_': -0.5716083723034961, '_a1_': 1.0, '_a3_': 1.0, '_a4_': 1.0, '_a6_': 1.0, '_a7_': 1.0}};{'d0': 0.02490583291941664};-280.569866449044;34.676578199264405
16507;-105.608355025258;((((pow2((_a2_ + -(x))) + _a5_) * _a0_) + _a0_) * x);{'d0': {'_a0_': 3.3767608783423224, '_a2_': -0.3119297076603639, '_a5_': -0.5716083723034961, '_a1_': 1.0, '_a3_': 1.0, '_a4_': 1.0, '_a6_': 1.0, '_a7_': 1.0}};{'d0': 0.02490583291941664};-280.569866449044;34.676578199264405
16508;-105.608355025258;((((pow2((_a2_ + -(x))) + _a5_) * _a0_) + _a0_) * x);{'d0': {'_a0_': 3.3767608783423224, '_a2_': -0.3119297076603639, '_a5_': -0.5716083723034961, '_a1_': 1.0, '_a3_': 1.0, '_a4_': 1.0, '_a6_': 1.0, '_a7_': 1.0}};{'d0': 0.02490583291941664};-280.569866449044;34.676578199264405
16509;-105.608355025258;((((pow2((_a2_ + -(x))) + _a5_) * _a0_) + _a0_) * x);{'d0': {'_a0_': 3.3767608783423224, '_a2_': -0.3119297076603639, '_a5_': -0.5716083723034961, '_a1_': 1.0, '_a3_': 1.0, '_a4_': 1.0, '_a6_': 1.0, '_a7_': 1.0}};{'d0': 0.02490583291941664};-280.569866449044;34.676578199264405
16510;-105.608355025258;((((pow2((_a2_ + -(x))) + _a5_) * _a0_) + _a0_) * x);{'d0': {'_a0_': 3.3767608783423224, '_a2_': -0.3119297076603639, '_a5_': -0.5716083723034961, '_a1_': 1.0, '_a3_': 1.0, '_a4_': 1.0, '_a6_': 1.0, '_a7_': 1.0}};{'d0': 0.02490583291941664};-280.569866449044;34.676578199264405
16511;-105.608355025258;((((pow2((_a2_ + -(x))) + _a5_) * _a0_) + _a0_) * x);{'d0': {'_a0_': 3.3767608783423224, '_a2_': -0.3119297076603639, '_a5_': -0.5716083723034961, '_a1_': 1.0, '_a3_': 1.0, '_a4_': 1.0, '_a6_': 1.0, '_a7_': 1.0}};{'d0': 0.02490583291941664};-280.569866449044;34.676578199264405
16512;-105.608355025258;((((pow2((_a2_ + -(x))) + _a5_) * _a0_) + _a0_) * x);{'d0': {'_a0_': 3.3767608783423224, '_a2_': -0.3119297076603639, '_a5_': -0.5716083723034961, '_a1_': 1.0, '_a3_': 1.0, '_a4_': 1.0, '_a6_': 1.0, '_a7_': 1.0}};{'d0': 0.02490583291941664};-280.569866449044;34.676578199264405
16513;-105.608355025258;((((pow2((_a2_ + -(x))) + _a5_) * _a0_) + _a0_) * x);{'d0': {'_a0_': 3.3767608783423224, '_a2_': -0.3119297076603639, '_a5_': -0.5716083723034961, '_a1_': 1.0, '_a3_': 1.0, '_a4_': 1.0, '_a6_': 1.0, '_a7_': 1.0}};{'d0': 0.02490583291941664};-280.569866449044;34.676578199264405
16514;-106.651973435153;((((pow2((_a2_ + -(x))) + _a5_) * _a0_) * _a0_) * x);{'d0': {'_a0_': 1.8375964953893298, '_a2_': -0.31192970784086493, '_a5_': 0.4283916274904067, '_a1_': 1.0, '_a3_': 1.0, '_a4_': 1.0, '_a6_': 1.0, '_a7_': 1.0}};{'d0': 0.02490583291941664};-280.569866449044;33.63295978936941
16515;-106.651973435153;((((pow2((_a2_ + -(x))) + _a5_) * _a0_) * _a0_) * x);{'d0': {'_a0_': 1.8375964953893298, '_a2_': -0.31192970784086493, '_a5_': 0.4283916274904067, '_a1_': 1.0, '_a3_': 1.0, '_a4_': 1.0, '_a6_': 1.0, '_a7_': 1.0}};{'d0': 0.02490583291941664};-280.569866449044;33.63295978936941
16516;-106.651973435153;((((pow2((_a2_ + -(x))) + _a5_) * _a0_) * _a0_) * x);{'d0': {'_a0_': 1.8375964953893298, '_a2_': -0.31192970784086493, '_a5_': 0.4283916274904067, '_a1_': 1.0, '_a3_': 1.0, '_a4_': 1.0, '_a6_': 1.0, '_a7_': 1.0}};{'d0': 0.02490583291941664};-280.569866449044;33.63295978936941
16517;-106.651973435153;((((pow2((_a2_ + -(x))) + _a5_) * _a0_) * _a0_) * x);{'d0': {'_a0_': 1.8375964953893298, '_a2_': -0.31192970784086493, '_a5_': 0.4283916274904067, '_a1_': 1.0, '_a3_': 1.0, '_a4_': 1.0, '_a6_': 1.0, '_a7_': 1.0}};{'d0': 0.02490583291941664};-280.569866449044;33.63295978936941
16518;-106.651973435153;((((pow2((_a2_ + -(x))) + _a5_) * _a0_) * _a0_) * x);{'d0': {'_a0_': 1.8375964953893298, '_a2_': -0.31192970784086493, '_a5_': 0.4283916274904067, '_a1_': 1.0, '_a3_': 1.0, '_a4_': 1.0, '_a6_': 1.0, '_a7_': 1.0}};{'d0': 0.02490583291941664};-280.569866449044;33.63295978936941
16519;-106.651973435153;((((pow2((_a2_ + -(x))) + _a5_) * _a0_) * _a0_) * x);{'d0': {'_a0_': 1.8375964953893298, '_a2_': -0.31192970784086493, '_a5_': 0.4283916274904067, '_a1_': 1.0, '_a3_': 1.0, '_a4_': 1.0, '_a6_': 1.0, '_a7_': 1.0}};{'d0': 0.02490583291941664};-280.569866449044;33.63295978936941
16520;-106.651973435153;((((pow2((_a2_ + -(x))) + _a5_) * _a0_) * _a0_) * x);{'d0': {'_a0_': 1.8375964953893298, '_a2_': -0.31192970784086493, '_a5_': 0.4283916274904067, '_a1_': 1.0, '_a3_': 1.0, '_a4_': 1.0, '_a6_': 1.0, '_a7_': 1.0}};{'d0': 0.02490583291941664};-280.569866449044;33.63295978936941
16521;-106.651973435153;((((pow2((_a2_ + -(x))) + _a5_) * _a0_) * _a0_) * x);{'d0': {'_a0_': 1.8375964953893298, '_a2_': -0.31192970784086493, '_a5_': 0.4283916274904067, '_a1_': 1.0, '_a3_': 1.0, '_a4_': 1.0, '_a6_': 1.0, '_a7_': 1.0}};{'d0': 0.02490583291941664};-280.569866449044;33.63295978936941
16522;-106.651973435153;((((pow2((_a2_ + -(x))) + _a5_) * _a0_) * _a0_) * x);{'d0': {'_a0_': 1.8375964953893298, '_a2_': -0.31192970784086493, '_a5_': 0.4283916274904067, '_a1_': 1.0, '_a3_': 1.0, '_a4_': 1.0, '_a6_': 1.0, '_a7_': 1.0}};{'d0': 0.02490583291941664};-280.569866449044;33.63295978936941
16523;-106.651973435153;((((pow2((_a2_ + -(x))) + _a5_) * _a0_) * _a0_) * x);{'d0': {'_a0_': 1.8375964953893298, '_a2_': -0.31192970784086493, '_a5_': 0.4283916274904067, '_a1_': 1.0, '_a3_': 1.0, '_a4_': 1.0, '_a6_': 1.0, '_a7_': 1.0}};{'d0': 0.02490583291941664};-280.569866449044;33.63295978936941
16524;-106.651973435153;((((pow2((_a2_ + -(x))) + _a5_) * _a0_) * _a0_) * x);{'d0': {'_a0_': 1.8375964953893298, '_a2_': -0.31192970784086493, '_a5_': 0.4283916274904067, '_a1_': 1.0, '_a3_': 1.0, '_a4_': 1.0, '_a6_': 1.0, '_a7_': 1.0}};{'d0': 0.02490583291941664};-280.569866449044;33.63295978936941
16525;-106.651973435153;((((pow2((_a2_ + -(x))) + _a5_) * _a0_) * _a0_) * x);{'d0': {'_a0_': 1.8375964953893298, '_a2_': -0.31192970784086493, '_a5_': 0.4283916274904067, '_a1_': 1.0, '_a3_': 1.0, '_a4_': 1.0, '_a6_': 1.0, '_a7_': 1.0}};{'d0': 0.02490583291941664};-280.569866449044;33.63295978936941
16526;-106.651973435153;((((pow2((_a2_ + -(x))) + _a5_) * _a0_) * _a0_) * x);{'d0': {'_a0_': 1.8375964953893298, '_a2_': -0.31192970784086493, '_a5_': 0.4283916274904067, '_a1_': 1.0, '_a3_': 1.0, '_a4_': 1.0, '_a6_': 1.0, '_a7_': 1.0}};{'d0': 0.02490583291941664};-280.569866449044;33.63295978936941
16527;-106.651973435153;((((pow2((_a2_ + -(x))) + _a5_) * _a0_) * _a0_) * x);{'d0': {'_a0_': 1.8375964953893298, '_a2_': -0.31192970784086493, '_a5_': 0.4283916274904067, '_a1_': 1.0, '_a3_': 1.0, '_a4_': 1.0, '_a6_': 1.0, '_a7_': 1.0}};{'d0': 0.02490583291941664};-280.569866449044;33.63295978936941
16528;-106.651973435153;((((pow2((_a2_ + -(x))) + _a5_) * _a0_) * _a0_) * x);{'d0': {'_a0_': 1.8375964953893298, '_a2_': -0.31192970784086493, '_a5_': 0.4283916274904067, '_a1_': 1.0, '_a3_': 1.0, '_a4_': 1.0, '_a6_': 1.0, '_a7_': 1.0}};{'d0': 0.02490583291941664};-280.569866449044;33.63295978936941
16529;-97.2393130445057;(((_a7_ * (((x + (_a0_ + (x + _a0_))) * x) * _a7_)) + _a4_) * x);{'d0': {'_a0_': 0.6238594155485844, '_a4_': 1.775135404152752, '_a7_': 1.2993769427237145, '_a1_': 1.0, '_a2_': 1.0, '_a3_': 1.0, '_a5_': 1.0, '_a6_': 1.0}};{'d0': 0.024905832919416615};-280.569866449044;43.04562018001603
16530;-97.2393130445057;(((_a7_ * (((x + (_a0_ + (x + _a0_))) * x) * _a7_)) + _a4_) * x);{'d0': {'_a0_': 0.6238594155485844, '_a4_': 1.775135404152752, '_a7_': 1.2993769427237145, '_a1_': 1.0, '_a2_': 1.0, '_a3_': 1.0, '_a5_': 1.0, '_a6_': 1.0}};{'d0': 0.024905832919416615};-280.569866449044;43.04562018001603
16531;-97.2393130445057;(((_a7_ * (((x + (_a0_ + (x + _a0_))) * x) * _a7_)) + _a4_) * x);{'d0': {'_a0_': 0.6238594155485844, '_a4_': 1.775135404152752, '_a7_': 1.2993769427237145, '_a1_': 1.0, '_a2_': 1.0, '_a3_': 1.0, '_a5_': 1.0, '_a6_': 1.0}};{'d0': 0.024905832919416615};-280.569866449044;43.04562018001603
16532;-97.2393130445057;(((_a7_ * (((x + (_a0_ + (x + _a0_))) * x) * _a7_)) + _a4_) * x);{'d0': {'_a0_': 0.6238594155485844, '_a4_': 1.775135404152752, '_a7_': 1.2993769427237145, '_a1_': 1.0, '_a2_': 1.0, '_a3_': 1.0, '_a5_': 1.0, '_a6_': 1.0}};{'d0': 0.024905832919416615};-280.569866449044;43.04562018001603
16533;-98.1382168817567;(((_a7_ * (((x + (_a0_ + (x * _a0_))) * x) * _a7_)) + _a4_) * x);{'d0': {'_a0_': 1.6585804397121022, '_a4_': 1.775135404493174, '_a7_': 1.127003464938352, '_a1_': 1.0, '_a2_': 1.0, '_a3_': 1.0, '_a5_': 1.0, '_a6_': 1.0}};{'d0': 0.02490583291941665};-280.569866449044;42.14671634276503
16534;-98.1382168817567;(((_a7_ * (((x + (_a0_ + (x * _a0_))) * x) * _a7_)) + _a4_) * x);{'d0': {'_a0_': 1.6585804397121022, '_a4_': 1.775135404493174, '_a7_': 1.127003464938352, '_a1_': 1.0, '_a2_': 1.0, '_a3_': 1.0, '_a5_': 1.0, '_a6_': 1.0}};{'d0': 0.02490583291941665};-280.569866449044;42.14671634276503
16535;-98.1382168817567;(((_a7_ * (((x + (_a0_ + (x * _a0_))) * x) * _a7_)) + _a4_) * x);{'d0': {'_a0_': 1.6585804397121022, '_a4_': 1.775135404493174, '_a7_': 1.127003464938352, '_a1_': 1.0, '_a2_': 1.0, '_a3_': 1.0, '_a5_': 1.0, '_a6_': 1.0}};{'d0': 0.02490583291941665};-280.569866449044;42.14671634276503
16536;-98.1382168817567;(((_a7_ * (((x + (_a0_ + (x * _a0_))) * x) * _a7_)) + _a4_) * x);{'d0': {'_a0_': 1.6585804397121022, '_a4_': 1.775135404493174, '_a7_': 1.127003464938352, '_a1_': 1.0, '_a2_': 1.0, '_a3_': 1.0, '_a5_': 1.0, '_a6_': 1.0}};{'d0': 0.02490583291941665};-280.569866449044;42.14671634276503
16537;-98.1382168817567;(((_a7_ * (((x + (_a0_ + (x * _a0_))) * x) * _a7_)) + _a4_) * x);{'d0': {'_a0_': 1.6585804397121022, '_a4_': 1.775135404493174, '_a7_': 1.127003464938352, '_a1_': 1.0, '_a2_': 1.0, '_a3_': 1.0, '_a5_': 1.0, '_a6_': 1.0}};{'d0': 0.02490583291941665};-280.569866449044;42.14671634276503
16538;-98.1382168817567;(((_a7_ * (((x + (_a0_ + (x * _a0_))) * x) * _a7_)) + _a4_) * x);{'d0': {'_a0_': 1.6585804397121022, '_a4_': 1.775135404493174, '_a7_': 1.127003464938352, '_a1_': 1.0, '_a2_': 1.0, '_a3_': 1.0, '_a5_': 1.0, '_a6_': 1.0}};{'d0': 0.02490583291941665};-280.569866449044;42.14671634276503
16539;-98.1382168817567;(((_a7_ * (((x + (_a0_ + (x * _a0_))) * x) * _a7_)) + _a4_) * x);{'d0': {'_a0_': 1.6585804397121022, '_a4_': 1.775135404493174, '_a7_': 1.127003464938352, '_a1_': 1.0, '_a2_': 1.0, '_a3_': 1.0, '_a5_': 1.0, '_a6_': 1.0}};{'d0': 0.02490583291941665};-280.569866449044;42.14671634276503
16540;-98.1382168817567;(((_a7_ * (((x + (_a0_ + (x * _a0_))) * x) * _a7_)) + _a4_) * x);{'d0': {'_a0_': 1.6585804397121022, '_a4_': 1.775135404493174, '_a7_': 1.127003464938352, '_a1_': 1.0, '_a2_': 1.0, '_a3_': 1.0, '_a5_': 1.0, '_a6_': 1.0}};{'d0': 0.02490583291941665};-280.569866449044;42.14671634276503
16541;-98.1382168817567;(((_a7_ * (((x + (_a0_ + (x * _a0_))) * x) * _a7_)) + _a4_) * x);{'d0': {'_a0_': 1.6585804397121022, '_a4_': 1.775135404493174, '_a7_': 1.127003464938352, '_a1_': 1.0, '_a2_': 1.0, '_a3_': 1.0, '_a5_': 1.0, '_a6_': 1.0}};{'d0': 0.02490583291941665};-280.569866449044;42.14671634276503
16542;-98.1382168817567;(((_a7_ * (((x + (_a0_ + (x * _a0_))) * x) * _a7_)) + _a4_) * x);{'d0': {'_a0_': 1.6585804397121022, '_a4_': 1.775135404493174, '_a7_': 1.127003464938352, '_a1_': 1.0, '_a2_': 1.0, '_a3_': 1.0, '_a5_': 1.0, '_a6_': 1.0}};{'d0': 0.02490583291941665};-280.569866449044;42.14671634276503
16543;-98.1382168817567;(((_a7_ * (((x + (_a0_ + (x * _a0_))) * x) * _a7_)) + _a4_) * x);{'d0': {'_a0_': 1.6585804397121022, '_a4_': 1.775135404493174, '_a7_': 1.127003464938352, '_a1_': 1.0, '_a2_': 1.0, '_a3_': 1.0, '_a5_': 1.0, '_a6_': 1.0}};{'d0': 0.02490583291941665};-280.569866449044;42.14671634276503
16544;-98.1382168817567;(((_a7_ * (((x + (_a0_ + (x * _a0_))) * x) * _a7_)) + _a4_) * x);{'d0': {'_a0_': 1.6585804397121022, '_a4_': 1.775135404493174, '_a7_': 1.127003464938352, '_a1_': 1.0, '_a2_': 1.0, '_a3_': 1.0, '_a5_': 1.0, '_a6_': 1.0}};{'d0': 0.02490583291941665};-280.569866449044;42.14671634276503
16545;-98.1382168817567;(((_a7_ * (((x + (_a0_ + (x * _a0_))) * x) * _a7_)) + _a4_) * x);{'d0': {'_a0_': 1.6585804397121022, '_a4_': 1.775135404493174, '_a7_': 1.127003464938352, '_a1_': 1.0, '_a2_': 1.0, '_a3_': 1.0, '_a5_': 1.0, '_a6_': 1.0}};{'d0': 0.02490583291941665};-280.569866449044;42.14671634276503
16546;-98.1382168817567;(((_a7_ * (((x + (_a0_ + (x * _a0_))) * x) * _a7_)) + _a4_) * x);{'d0': {'_a0_': 1.6585804397121022, '_a4_': 1.775135404493174, '_a7_': 1.127003464938352, '_a1_': 1.0, '_a2_': 1.0, '_a3_': 1.0, '_a5_': 1.0, '_a6_': 1.0}};{'d0': 0.02490583291941665};-280.569866449044;42.14671634276503
16547;-98.1382168817567;(((_a7_ * (((x + (_a0_ + (x * _a0_))) * x) * _a7_)) + _a4_) * x);{'d0': {'_a0_': 1.6585804397121022, '_a4_': 1.775135404493174, '_a7_': 1.127003464938352, '_a1_': 1.0, '_a2_': 1.0, '_a3_': 1.0, '_a5_': 1.0, '_a6_': 1.0}};{'d0': 0.02490583291941665};-280.569866449044;42.14671634276503
16548;-98.1382168817567;(((_a7_ * (((x + (_a0_ + (x * _a0_))) * x) * _a7_)) + _a4_) * x);{'d0': {'_a0_': 1.6585804397121022, '_a4_': 1.775135404493174, '_a7_': 1.127003464938352, '_a1_': 1.0, '_a2_': 1.0, '_a3_': 1.0, '_a5_': 1.0, '_a6_': 1.0}};{'d0': 0.02490583291941665};-280.569866449044;42.14671634276503
16549;-98.1382168817567;(((_a7_ * (((x + (_a0_ + (x * _a0_))) * x) * _a7_)) + _a4_) * x);{'d0': {'_a0_': 1.6585804397121022, '_a4_': 1.775135404493174, '_a7_': 1.127003464938352, '_a1_': 1.0, '_a2_': 1.0, '_a3_': 1.0, '_a5_': 1.0, '_a6_': 1.0}};{'d0': 0.02490583291941665};-280.569866449044;42.14671634276503
16550;-98.1382168817567;(((_a7_ * (((x + (_a0_ + (x * _a0_))) * x) * _a7_)) + _a4_) * x);{'d0': {'_a0_': 1.6585804397121022, '_a4_': 1.775135404493174, '_a7_': 1.127003464938352, '_a1_': 1.0, '_a2_': 1.0, '_a3_': 1.0, '_a5_': 1.0, '_a6_': 1.0}};{'d0': 0.02490583291941665};-280.569866449044;42.14671634276503
16551;-98.1382168817567;(((_a7_ * (((x + (_a0_ + (x * _a0_))) * x) * _a7_)) + _a4_) * x);{'d0': {'_a0_': 1.6585804397121022, '_a4_': 1.775135404493174, '_a7_': 1.127003464938352, '_a1_': 1.0, '_a2_': 1.0, '_a3_': 1.0, '_a5_': 1.0, '_a6_': 1.0}};{'d0': 0.02490583291941665};-280.569866449044;42.14671634276503
16552;-98.3137111769566;(((_a3_ * ((pow2((_a6_ + x)) + _a4_) * (x * _a4_))) * _a6_) * _a0_);{'d0': {'_a0_': 0.9233920262859159, '_a3_': 27.36632375681287, '_a4_': 0.4283916278005888, '_a6_': 0.3119297078567386, '_a1_': 1.0, '_a2_': 1.0, '_a5_': 1.0, '_a7_': 1.0}};{'d0': 0.024905832919507306};-276.475521886603;39.92404976634506
16553;-98.3137111769566;(((_a3_ * ((pow2((_a6_ + x)) + _a4_) * (x * _a4_))) * _a6_) * _a0_);{'d0': {'_a0_': 0.9233920262859159, '_a3_': 27.36632375681287, '_a4_': 0.4283916278005888, '_a6_': 0.3119297078567386, '_a1_': 1.0, '_a2_': 1.0, '_a5_': 1.0, '_a7_': 1.0}};{'d0': 0.024905832919507306};-276.475521886603;39.92404976634506
16554;-98.3137111769566;(((_a3_ * ((pow2((_a6_ + x)) + _a4_) * (x * _a4_))) * _a6_) * _a0_);{'d0': {'_a0_': 0.9233920262859159, '_a3_': 27.36632375681287, '_a4_': 0.4283916278005888, '_a6_': 0.3119297078567386, '_a1_': 1.0, '_a2_': 1.0, '_a5_': 1.0, '_a7_': 1.0}};{'d0': 0.024905832919507306};-276.475521886603;39.92404976634506
16555;-98.3137111769566;(((_a3_ * ((pow2((_a6_ + x)) + _a4_) * (x * _a4_))) * _a6_) * _a0_);{'d0': {'_a0_': 0.9233920262859159, '_a3_': 27.36632375681287, '_a4_': 0.4283916278005888, '_a6_': 0.3119297078567386, '_a1_': 1.0, '_a2_': 1.0, '_a5_': 1.0, '_a7_': 1.0}};{'d0': 0.024905832919507306};-276.475521886603;39.92404976634506
16556;-98.3137111769566;(((_a3_ * ((pow2((_a6_ + x)) + _a4_) * (x * _a4_))) * _a6_) * _a0_);{'d0': {'_a0_': 0.9233920262859159, '_a3_': 27.36632375681287, '_a4_': 0.4283916278005888, '_a6_': 0.3119297078567386, '_a1_': 1.0, '_a2_': 1.0, '_a5_': 1.0, '_a7_': 1.0}};{'d0': 0.024905832919507306};-276.475521886603;39.92404976634506
16557;-98.3137111769566;(((_a3_ * ((pow2((_a6_ + x)) + _a4_) * (x * _a4_))) * _a6_) * _a0_);{'d0': {'_a0_': 0.9233920262859159, '_a3_': 27.36632375681287, '_a4_': 0.4283916278005888, '_a6_': 0.3119297078567386, '_a1_': 1.0, '_a2_': 1.0, '_a5_': 1.0, '_a7_': 1.0}};{'d0': 0.024905832919507306};-276.475521886603;39.92404976634506
16558;-98.3137111769566;(((_a3_ * ((pow2((_a6_ + x)) + _a4_) * (x * _a4_))) * _a6_) * _a0_);{'d0': {'_a0_': 0.9233920262859159, '_a3_': 27.36632375681287, '_a4_': 0.4283916278005888, '_a6_': 0.3119297078567386, '_a1_': 1.0, '_a2_': 1.0, '_a5_': 1.0, '_a7_': 1.0}};{'d0': 0.024905832919507306};-276.475521886603;39.92404976634506
16559;-106.651973435153;((((pow2((_a2_ + -(x))) + _a5_) * _a2_) * _a0_) * x);{'d0': {'_a0_': -10.825390448578414, '_a2_': -0.3119297077993151, '_a5_': 0.42839162757379, '_a1_': 1.0, '_a3_': 1.0, '_a4_': 1.0, '_a6_': 1.0, '_a7_': 1.0}};{'d0': 0.024905832919416563};-280.569866449044;33.63295978936941
16560;-106.651973435153;((((pow2((_a2_ + -(x))) + _a5_) * _a2_) * _a0_) * x);{'d0': {'_a0_': -10.825390448578414, '_a2_': -0.3119297077993151, '_a5_': 0.42839162757379, '_a1_': 1.0, '_a3_': 1.0, '_a4_': 1.0, '_a6_': 1.0, '_a7_': 1.0}};{'d0': 0.024905832919416563};-280.569866449044;33.63295978936941
16561;-106.651973435153;((((pow2((_a2_ + -(x))) + _a5_) * _a2_) * _a0_) * x);{'d0': {'_a0_': -10.825390448578414, '_a2_': -0.3119297077993151, '_a5_': 0.42839162757379, '_a1_': 1.0, '_a3_': 1.0, '_a4_': 1.0, '_a6_': 1.0, '_a7_': 1.0}};{'d0': 0.024905832919416563};-280.569866449044;33.63295978936941
16562;-106.651973435153;((((pow2((_a2_ + -(x))) + _a5_) * _a2_) * _a0_) * x);{'d0': {'_a0_': -10.825390448578414, '_a2_': -0.3119297077993151, '_a5_': 0.42839162757379, '_a1_': 1.0, '_a3_': 1.0, '_a4_': 1.0, '_a6_': 1.0, '_a7_': 1.0}};{'d0': 0.024905832919416563};-280.569866449044;33.63295978936941
16563;-106.651973435153;((((pow2((_a2_ + -(x))) + _a5_) * _a2_) * _a0_) * x);{'d0': {'_a0_': -10.825390448578414, '_a2_': -0.3119297077993151, '_a5_': 0.42839162757379, '_a1_': 1.0, '_a3_': 1.0, '_a4_': 1.0, '_a6_': 1.0, '_a7_': 1.0}};{'d0': 0.024905832919416563};-280.569866449044;33.63295978936941
16564;-106.651973435153;((((pow2((_a2_ + -(x))) + _a5_) * _a2_) * _a0_) * x);{'d0': {'_a0_': -10.825390448578414, '_a2_': -0.3119297077993151, '_a5_': 0.42839162757379, '_a1_': 1.0, '_a3_': 1.0, '_a4_': 1.0, '_a6_': 1.0, '_a7_': 1.0}};{'d0': 0.024905832919416563};-280.569866449044;33.63295978936941
16565;-106.651973435153;((((pow2((_a2_ + -(x))) + _a5_) * _a2_) * _a0_) * x);{'d0': {'_a0_': -10.825390448578414, '_a2_': -0.3119297077993151, '_a5_': 0.42839162757379, '_a1_': 1.0, '_a3_': 1.0, '_a4_': 1.0, '_a6_': 1.0, '_a7_': 1.0}};{'d0': 0.024905832919416563};-280.569866449044;33.63295978936941
16566;-106.651973435153;((((pow2((_a2_ + -(x))) + _a5_) * _a2_) * _a0_) * x);{'d0': {'_a0_': -10.825390448578414, '_a2_': -0.3119297077993151, '_a5_': 0.42839162757379, '_a1_': 1.0, '_a3_': 1.0, '_a4_': 1.0, '_a6_': 1.0, '_a7_': 1.0}};{'d0': 0.024905832919416563};-280.569866449044;33.63295978936941
16567;-106.651973435153;((((pow2((_a2_ + -(x))) + _a5_) * _a2_) * _a0_) * x);{'d0': {'_a0_': -10.825390448578414, '_a2_': -0.3119297077993151, '_a5_': 0.42839162757379, '_a1_': 1.0, '_a3_': 1.0, '_a4_': 1.0, '_a6_': 1.0, '_a7_': 1.0}};{'d0': 0.024905832919416563};-280.569866449044;33.63295978936941
16568;-106.651973435153;((((pow2((_a2_ + -(x))) + _a5_) * _a2_) * _a0_) * x);{'d0': {'_a0_': -10.825390448578414, '_a2_': -0.3119297077993151, '_a5_': 0.42839162757379, '_a1_': 1.0, '_a3_': 1.0, '_a4_': 1.0, '_a6_': 1.0, '_a7_': 1.0}};{'d0': 0.024905832919416563};-280.569866449044;33.63295978936941
16569;-106.651973435153;((((pow2((_a2_ + -(x))) + _a5_) * _a2_) * _a0_) * x);{'d0': {'_a0_': -10.825390448578414, '_a2_': -0.3119297077993151, '_a5_': 0.42839162757379, '_a1_': 1.0, '_a3_': 1.0, '_a4_': 1.0, '_a6_': 1.0, '_a7_': 1.0}};{'d0': 0.024905832919416563};-280.569866449044;33.63295978936941
16570;-106.651973435153;((((pow2((_a2_ + -(x))) + _a5_) * _a2_) * _a0_) * x);{'d0': {'_a0_': -10.825390448578414, '_a2_': -0.3119297077993151, '_a5_': 0.42839162757379, '_a1_': 1.0, '_a3_': 1.0, '_a4_': 1.0, '_a6_': 1.0, '_a7_': 1.0}};{'d0': 0.024905832919416563};-280.569866449044;33.63295978936941
16571;-106.651973435153;((((pow2((_a2_ + -(x))) + _a5_) * _a2_) * _a0_) * x);{'d0': {'_a0_': -10.825390448578414, '_a2_': -0.3119297077993151, '_a5_': 0.42839162757379, '_a1_': 1.0, '_a3_': 1.0, '_a4_': 1.0, '_a6_': 1.0, '_a7_': 1.0}};{'d0': 0.024905832919416563};-280.569866449044;33.63295978936941
16572;-106.651973435153;((((pow2((_a2_ + -(x))) + _a5_) * _a2_) * _a0_) * x);{'d0': {'_a0_': -10.825390448578414, '_a2_': -0.3119297077993151, '_a5_': 0.42839162757379, '_a1_': 1.0, '_a3_': 1.0, '_a4_': 1.0, '_a6_': 1.0, '_a7_': 1.0}};{'d0': 0.024905832919416563};-280.569866449044;33.63295978936941
16573;-106.651973435153;((((pow2((_a2_ + -(x))) + _a5_) * _a2_) * _a0_) * x);{'d0': {'_a0_': -10.825390448578414, '_a2_': -0.3119297077993151, '_a5_': 0.42839162757379, '_a1_': 1.0, '_a3_': 1.0, '_a4_': 1.0, '_a6_': 1.0, '_a7_': 1.0}};{'d0': 0.024905832919416563};-280.569866449044;33.63295978936941
16574;-106.651973435153;((((pow2((_a2_ + -(x))) + _a5_) * _a2_) * _a0_) * x);{'d0': {'_a0_': -10.825390448578414, '_a2_': -0.3119297077993151, '_a5_': 0.42839162757379, '_a1_': 1.0, '_a3_': 1.0, '_a4_': 1.0, '_a6_': 1.0, '_a7_': 1.0}};{'d0': 0.024905832919416563};-280.569866449044;33.63295978936941
16575;-106.651973435153;((((pow2((_a2_ + -(x))) + _a5_) * _a2_) * _a4_) * x);{'d0': {'_a2_': -0.3119297077427824, '_a4_': -10.82539044886705, '_a5_': 0.428391627636492, '_a0_': 1.0, '_a1_': 1.0, '_a3_': 1.0, '_a6_': 1.0, '_a7_': 1.0}};{'d0': 0.024905832919416632};-280.569866449044;33.63295978936941
16576;-106.651973435153;((((pow2((_a2_ + -(x))) + _a5_) * _a2_) * _a4_) * x);{'d0': {'_a2_': -0.3119297077427824, '_a4_': -10.82539044886705, '_a5_': 0.428391627636492, '_a0_': 1.0, '_a1_': 1.0, '_a3_': 1.0, '_a6_': 1.0, '_a7_': 1.0}};{'d0': 0.024905832919416632};-280.569866449044;33.63295978936941
16577;-106.651973435153;((((pow2((_a2_ + -(x))) + _a5_) * _a2_) * _a4_) * x);{'d0': {'_a2_': -0.3119297077427824, '_a4_': -10.82539044886705, '_a5_': 0.428391627636492, '_a0_': 1.0, '_a1_': 1.0, '_a3_': 1.0, '_a6_': 1.0, '_a7_': 1.0}};{'d0': 0.024905832919416632};-280.569866449044;33.63295978936941
16578;-106.651973435153;((((pow2((_a2_ + -(x))) + _a5_) * _a2_) * _a4_) * x);{'d0': {'_a2_': -0.3119297077427824, '_a4_': -10.82539044886705, '_a5_': 0.428391627636492, '_a0_': 1.0, '_a1_': 1.0, '_a3_': 1.0, '_a6_': 1.0, '_a7_': 1.0}};{'d0': 0.024905832919416632};-280.569866449044;33.63295978936941
16579;-106.651973435153;((((pow2((_a2_ + -(x))) + _a5_) * _a2_) * _a4_) * x);{'d0': {'_a2_': -0.3119297077427824, '_a4_': -10.82539044886705, '_a5_': 0.428391627636492, '_a0_': 1.0, '_a1_': 1.0, '_a3_': 1.0, '_a6_': 1.0, '_a7_': 1.0}};{'d0': 0.024905832919416632};-280.569866449044;33.63295978936941
16580;-106.651973435153;((((pow2((_a2_ + -(x))) + _a5_) * _a2_) * _a4_) * x);{'d0': {'_a2_': -0.3119297077427824, '_a4_': -10.82539044886705, '_a5_': 0.428391627636492, '_a0_': 1.0, '_a1_': 1.0, '_a3_': 1.0, '_a6_': 1.0, '_a7_': 1.0}};{'d0': 0.024905832919416632};-280.569866449044;33.63295978936941
16581;-106.651973435153;((((pow2((_a2_ + -(x))) + _a5_) * _a2_) * _a0_) * x);{'d0': {'_a0_': -10.825390448578414, '_a2_': -0.3119297077993151, '_a5_': 0.42839162757379, '_a1_': 1.0, '_a3_': 1.0, '_a4_': 1.0, '_a6_': 1.0, '_a7_': 1.0}};{'d0': 0.024905832919416563};-280.569866449044;33.63295978936941
16582;-106.651973435153;((((pow2((_a2_ + -(x))) + _a5_) * _a2_) * _a0_) * x);{'d0': {'_a0_': -10.825390448578414, '_a2_': -0.3119297077993151, '_a5_': 0.42839162757379, '_a1_': 1.0, '_a3_': 1.0, '_a4_': 1.0, '_a6_': 1.0, '_a7_': 1.0}};{'d0': 0.024905832919416563};-280.569866449044;33.63295978936941
16583;-106.651973435153;((((pow2((_a2_ + -(x))) + _a5_) * _a2_) * _a0_) * x);{'d0': {'_a0_': -10.825390448578414, '_a2_': -0.3119297077993151, '_a5_': 0.42839162757379, '_a1_': 1.0, '_a3_': 1.0, '_a4_': 1.0, '_a6_': 1.0, '_a7_': 1.0}};{'d0': 0.024905832919416563};-280.569866449044;33.63295978936941
16584;-106.651973435153;((((pow2((_a2_ + -(x))) + _a5_) * _a2_) * _a0_) * x);{'d0': {'_a0_': -10.825390448578414, '_a2_': -0.3119297077993151, '_a5_': 0.42839162757379, '_a1_': 1.0, '_a3_': 1.0, '_a4_': 1.0, '_a6_': 1.0, '_a7_': 1.0}};{'d0': 0.024905832919416563};-280.569866449044;33.63295978936941
16585;-106.651973435153;((((pow2((_a2_ + -(x))) + _a5_) * _a2_) * _a0_) * x);{'d0': {'_a0_': -10.825390448578414, '_a2_': -0.3119297077993151, '_a5_': 0.42839162757379, '_a1_': 1.0, '_a3_': 1.0, '_a4_': 1.0, '_a6_': 1.0, '_a7_': 1.0}};{'d0': 0.024905832919416563};-280.569866449044;33.63295978936941
16586;-106.651973435153;((((pow2((_a2_ + -(x))) + _a5_) * _a2_) * _a0_) * x);{'d0': {'_a0_': -10.825390448578414, '_a2_': -0.3119297077993151, '_a5_': 0.42839162757379, '_a1_': 1.0, '_a3_': 1.0, '_a4_': 1.0, '_a6_': 1.0, '_a7_': 1.0}};{'d0': 0.024905832919416563};-280.569866449044;33.63295978936941
16587;-106.651973435153;((((pow2((_a2_ + -(x))) + _a5_) * _a2_) * _a0_) * x);{'d0': {'_a0_': -10.825390448578414, '_a2_': -0.3119297077993151, '_a5_': 0.42839162757379, '_a1_': 1.0, '_a3_': 1.0, '_a4_': 1.0, '_a6_': 1.0, '_a7_': 1.0}};{'d0': 0.024905832919416563};-280.569866449044;33.63295978936941
16588;-106.651973435153;((((pow2((_a2_ + -(x))) + _a5_) * _a2_) * _a0_) * x);{'d0': {'_a0_': -10.825390448578414, '_a2_': -0.3119297077993151, '_a5_': 0.42839162757379, '_a1_': 1.0, '_a3_': 1.0, '_a4_': 1.0, '_a6_': 1.0, '_a7_': 1.0}};{'d0': 0.024905832919416563};-280.569866449044;33.63295978936941
16589;-103.280223376163;(((_a7_ * (((x + (_a0_ / _a4_)) * x) * _a7_)) + _a4_) * x);{'d0': {'_a0_': 1.1074349362429805, '_a4_': 1.7751354045881875, '_a7_': 1.8375964949509795, '_a1_': 1.0, '_a2_': 1.0, '_a3_': 1.0, '_a5_': 1.0, '_a6_': 1.0}};{'d0': 0.02490583291941664};-280.569866449044;37.00470984835843
16590;-103.280223376163;(((_a7_ * (((x + (_a0_ / _a4_)) * x) * _a7_)) + _a4_) * x);{'d0': {'_a0_': 1.1074349362429805, '_a4_': 1.7751354045881875, '_a7_': 1.8375964949509795, '_a1_': 1.0, '_a2_': 1.0, '_a3_': 1.0, '_a5_': 1.0, '_a6_': 1.0}};{'d0': 0.02490583291941664};-280.569866449044;37.00470984835843
16591;-103.280223376163;(((_a7_ * (((x + (_a0_ / _a4_)) * x) * _a7_)) + _a4_) * x);{'d0': {'_a0_': 1.1074349362429805, '_a4_': 1.7751354045881875, '_a7_': 1.8375964949509795, '_a1_': 1.0, '_a2_': 1.0, '_a3_': 1.0, '_a5_': 1.0, '_a6_': 1.0}};{'d0': 0.02490583291941664};-280.569866449044;37.00470984835843
16592;-104.058817930787;(((_a7_ * (((x + (_a0_ * _a4_)) * x) * _a7_)) + _a4_) * x);{'d0': {'_a0_': 0.35144328372691475, '_a4_': 1.7751354044197811, '_a7_': 1.8375964948445362, '_a1_': 1.0, '_a2_': 1.0, '_a3_': 1.0, '_a5_': 1.0, '_a6_': 1.0}};{'d0': 0.02490583291941662};-280.569866449044;36.226115293735035
16593;-104.058817930787;(((_a7_ * (((x + (_a0_ * _a4_)) * x) * _a7_)) + _a4_) * x);{'d0': {'_a0_': 0.35144328372691475, '_a4_': 1.7751354044197811, '_a7_': 1.8375964948445362, '_a1_': 1.0, '_a2_': 1.0, '_a3_': 1.0, '_a5_': 1.0, '_a6_': 1.0}};{'d0': 0.02490583291941662};-280.569866449044;36.226115293735035
16594;-104.058817930787;(((_a7_ * (((x + (_a0_ * _a4_)) * x) * _a7_)) + _a4_) * x);{'d0': {'_a0_': 0.35144328372691475, '_a4_': 1.7751354044197811, '_a7_': 1.8375964948445362, '_a1_': 1.0, '_a2_': 1.0, '_a3_': 1.0, '_a5_': 1.0, '_a6_': 1.0}};{'d0': 0.02490583291941662};-280.569866449044;36.226115293735035
16595;-104.058817930787;(((_a7_ * (((x + (_a0_ * _a4_)) * x) * _a7_)) + _a4_) * x);{'d0': {'_a0_': 0.35144328372691475, '_a4_': 1.7751354044197811, '_a7_': 1.8375964948445362, '_a1_': 1.0, '_a2_': 1.0, '_a3_': 1.0, '_a5_': 1.0, '_a6_': 1.0}};{'d0': 0.02490583291941662};-280.569866449044;36.226115293735035
16596;-104.058817930787;(((_a7_ * (((x + (_a0_ * _a4_)) * x) * _a7_)) + _a4_) * x);{'d0': {'_a0_': 0.35144328372691475, '_a4_': 1.7751354044197811, '_a7_': 1.8375964948445362, '_a1_': 1.0, '_a2_': 1.0, '_a3_': 1.0, '_a5_': 1.0, '_a6_': 1.0}};{'d0': 0.02490583291941662};-280.569866449044;36.226115293735035
16597;-103.280223376163;(((_a7_ * (((x + (_a0_ / _a4_)) * x) * _a7_)) + _a4_) * x);{'d0': {'_a0_': 1.1074349362429805, '_a4_': 1.7751354045881875, '_a7_': 1.8375964949509795, '_a1_': 1.0, '_a2_': 1.0, '_a3_': 1.0, '_a5_': 1.0, '_a6_': 1.0}};{'d0': 0.02490583291941664};-280.569866449044;37.00470984835843
16598;-103.280223376163;(((_a7_ * (((x + (_a0_ / _a4_)) * x) * _a7_)) + _a4_) * x);{'d0': {'_a0_': 1.1074349362429805, '_a4_': 1.7751354045881875, '_a7_': 1.8375964949509795, '_a1_': 1.0, '_a2_': 1.0, '_a3_': 1.0, '_a5_': 1.0, '_a6_': 1.0}};{'d0': 0.02490583291941664};-280.569866449044;37.00470984835843
16599;-103.280223376163;(((_a7_ * (((x + (_a0_ / _a4_)) * x) * _a7_)) + _a4_) * x);{'d0': {'_a0_': 1.1074349362429805, '_a4_': 1.7751354045881875, '_a7_': 1.8375964949509795, '_a1_': 1.0, '_a2_': 1.0, '_a3_': 1.0, '_a5_': 1.0, '_a6_': 1.0}};{'d0': 0.02490583291941664};-280.569866449044;37.00470984835843
16600;-103.280223376163;(((_a7_ * (((x + (_a0_ / _a4_)) * x) * _a7_)) + _a4_) * x);{'d0': {'_a0_': 1.1074349362429805, '_a4_': 1.7751354045881875, '_a7_': 1.8375964949509795, '_a1_': 1.0, '_a2_': 1.0, '_a3_': 1.0, '_a5_': 1.0, '_a6_': 1.0}};{'d0': 0.02490583291941664};-280.569866449044;37.00470984835843
16601;-103.280223376163;(((_a7_ * (((x + (_a0_ / _a4_)) * x) * _a7_)) + _a4_) * x);{'d0': {'_a0_': 1.1074349362429805, '_a4_': 1.7751354045881875, '_a7_': 1.8375964949509795, '_a1_': 1.0, '_a2_': 1.0, '_a3_': 1.0, '_a5_': 1.0, '_a6_': 1.0}};{'d0': 0.02490583291941664};-280.569866449044;37.00470984835843
16602;-103.280223376163;(((_a7_ * (((x + (_a0_ / _a4_)) * x) * _a7_)) + _a4_) * x);{'d0': {'_a0_': 1.1074349362429805, '_a4_': 1.7751354045881875, '_a7_': 1.8375964949509795, '_a1_': 1.0, '_a2_': 1.0, '_a3_': 1.0, '_a5_': 1.0, '_a6_': 1.0}};{'d0': 0.02490583291941664};-280.569866449044;37.00470984835843
16603;-103.280223376163;(((_a7_ * (((x + (_a0_ / _a4_)) * x) * _a7_)) + _a4_) * x);{'d0': {'_a0_': 1.1074349362429805, '_a4_': 1.7751354045881875, '_a7_': 1.8375964949509795, '_a1_': 1.0, '_a2_': 1.0, '_a3_': 1.0, '_a5_': 1.0, '_a6_': 1.0}};{'d0': 0.02490583291941664};-280.569866449044;37.00470984835843
16604;-103.280223376163;(((_a7_ * (((x + (_a0_ / _a4_)) * x) * _a7_)) + _a4_) * x);{'d0': {'_a0_': 1.1074349362429805, '_a4_': 1.7751354045881875, '_a7_': 1.8375964949509795, '_a1_': 1.0, '_a2_': 1.0, '_a3_': 1.0, '_a5_': 1.0, '_a6_': 1.0}};{'d0': 0.02490583291941664};-280.569866449044;37.00470984835843
16605;-103.280223376163;(((_a7_ * (((x + (_a0_ / _a4_)) * x) * _a7_)) + _a4_) * x);{'d0': {'_a0_': 1.1074349362429805, '_a4_': 1.7751354045881875, '_a7_': 1.8375964949509795, '_a1_': 1.0, '_a2_': 1.0, '_a3_': 1.0, '_a5_': 1.0, '_a6_': 1.0}};{'d0': 0.02490583291941664};-280.569866449044;37.00470984835843
16606;-103.280223376163;(((_a7_ * (((x + (_a0_ / _a4_)) * x) * _a7_)) + _a4_) * x);{'d0': {'_a0_': 1.1074349362429805, '_a4_': 1.7751354045881875, '_a7_': 1.8375964949509795, '_a1_': 1.0, '_a2_': 1.0, '_a3_': 1.0, '_a5_': 1.0, '_a6_': 1.0}};{'d0': 0.02490583291941664};-280.569866449044;37.00470984835843
16607;-106.651973435153;((((pow2((_a2_ + -(x))) + _a5_) * _a2_) * _a0_) * x);{'d0': {'_a0_': -10.825390448578414, '_a2_': -0.3119297077993151, '_a5_': 0.42839162757379, '_a1_': 1.0, '_a3_': 1.0, '_a4_': 1.0, '_a6_': 1.0, '_a7_': 1.0}};{'d0': 0.024905832919416563};-280.569866449044;33.63295978936941
16608;-106.651973435153;((((pow2((_a2_ + -(x))) + _a5_) * _a2_) * _a0_) * x);{'d0': {'_a0_': -10.825390448578414, '_a2_': -0.3119297077993151, '_a5_': 0.42839162757379, '_a1_': 1.0, '_a3_': 1.0, '_a4_': 1.0, '_a6_': 1.0, '_a7_': 1.0}};{'d0': 0.024905832919416563};-280.569866449044;33.63295978936941
16609;-106.651973435153;((((pow2((_a2_ + -(x))) + _a5_) * _a2_) * _a0_) * x);{'d0': {'_a0_': -10.825390448578414, '_a2_': -0.3119297077993151, '_a5_': 0.42839162757379, '_a1_': 1.0, '_a3_': 1.0, '_a4_': 1.0, '_a6_': 1.0, '_a7_': 1.0}};{'d0': 0.024905832919416563};-280.569866449044;33.63295978936941
16610;-101.702633509696;((((pow2((_a2_ + -(x))) + _a5_) * _a2_) * (_a5_ * _a1_)) * x);{'d0': {'_a1_': -25.2698460351405, '_a2_': -0.31192970769750145, '_a5_': 0.4283916270638491, '_a0_': 1.0, '_a3_': 1.0, '_a4_': 1.0, '_a6_': 1.0, '_a7_': 1.0}};{'d0': 0.02490583291941655};-280.569866449044;38.582299714826405
16611;-106.651973435153;((((pow2((_a2_ + -(x))) + _a5_) * _a2_) * _a4_) * x);{'d0': {'_a2_': -0.3119297077427824, '_a4_': -10.82539044886705, '_a5_': 0.428391627636492, '_a0_': 1.0, '_a1_': 1.0, '_a3_': 1.0, '_a6_': 1.0, '_a7_': 1.0}};{'d0': 0.024905832919416632};-280.569866449044;33.63295978936941
16612;-106.651973435153;((((pow2((_a2_ + -(x))) + _a5_) * _a2_) * _a4_) * x);{'d0': {'_a2_': -0.3119297077427824, '_a4_': -10.82539044886705, '_a5_': 0.428391627636492, '_a0_': 1.0, '_a1_': 1.0, '_a3_': 1.0, '_a6_': 1.0, '_a7_': 1.0}};{'d0': 0.024905832919416632};-280.569866449044;33.63295978936941
16613;-106.651973435153;((((pow2((_a2_ + -(x))) + _a5_) * _a2_) * _a4_) * x);{'d0': {'_a2_': -0.3119297077427824, '_a4_': -10.82539044886705, '_a5_': 0.428391627636492, '_a0_': 1.0, '_a1_': 1.0, '_a3_': 1.0, '_a6_': 1.0, '_a7_': 1.0}};{'d0': 0.024905832919416632};-280.569866449044;33.63295978936941
16614;-106.651973435153;((((pow2((_a2_ + -(x))) + _a5_) * _a2_) * _a4_) * x);{'d0': {'_a2_': -0.3119297077427824, '_a4_': -10.82539044886705, '_a5_': 0.428391627636492, '_a0_': 1.0, '_a1_': 1.0, '_a3_': 1.0, '_a6_': 1.0, '_a7_': 1.0}};{'d0': 0.024905832919416632};-280.569866449044;33.63295978936941
16615;-106.651973435153;((((pow2((_a2_ + -(x))) + _a5_) * _a2_) * _a4_) * x);{'d0': {'_a2_': -0.3119297077427824, '_a4_': -10.82539044886705, '_a5_': 0.428391627636492, '_a0_': 1.0, '_a1_': 1.0, '_a3_': 1.0, '_a6_': 1.0, '_a7_': 1.0}};{'d0': 0.024905832919416632};-280.569866449044;33.63295978936941
16616;-106.651973435153;((((pow2((_a2_ + -(x))) + _a5_) * _a2_) * _a4_) * x);{'d0': {'_a2_': -0.3119297077427824, '_a4_': -10.82539044886705, '_a5_': 0.428391627636492, '_a0_': 1.0, '_a1_': 1.0, '_a3_': 1.0, '_a6_': 1.0, '_a7_': 1.0}};{'d0': 0.024905832919416632};-280.569866449044;33.63295978936941
16617;-106.651973435153;((((pow2((_a2_ + -(x))) + _a5_) * _a2_) * _a4_) * x);{'d0': {'_a2_': -0.3119297077427824, '_a4_': -10.82539044886705, '_a5_': 0.428391627636492, '_a0_': 1.0, '_a1_': 1.0, '_a3_': 1.0, '_a6_': 1.0, '_a7_': 1.0}};{'d0': 0.024905832919416632};-280.569866449044;33.63295978936941
16618;-103.280223376163;(((_a7_ * (((x + (_a0_ / _a4_)) * x) * _a7_)) + _a4_) * x);{'d0': {'_a0_': 1.1074349362429805, '_a4_': 1.7751354045881875, '_a7_': 1.8375964949509795, '_a1_': 1.0, '_a2_': 1.0, '_a3_': 1.0, '_a5_': 1.0, '_a6_': 1.0}};{'d0': 0.02490583291941664};-280.569866449044;37.00470984835843
16619;-103.280223376163;(((_a7_ * (((x + (_a0_ / _a4_)) * x) * _a7_)) + _a4_) * x);{'d0': {'_a0_': 1.1074349362429805, '_a4_': 1.7751354045881875, '_a7_': 1.8375964949509795, '_a1_': 1.0, '_a2_': 1.0, '_a3_': 1.0, '_a5_': 1.0, '_a6_': 1.0}};{'d0': 0.02490583291941664};-280.569866449044;37.00470984835843
16620;-103.280223376163;(((_a7_ * (((x + (_a0_ / _a4_)) * x) * _a7_)) + _a4_) * x);{'d0': {'_a0_': 1.1074349362429805, '_a4_': 1.7751354045881875, '_a7_': 1.8375964949509795, '_a1_': 1.0, '_a2_': 1.0, '_a3_': 1.0, '_a5_': 1.0, '_a6_': 1.0}};{'d0': 0.02490583291941664};-280.569866449044;37.00470984835843
16621;-103.280223376163;(((_a7_ * (((x + (_a0_ / _a4_)) * x) * _a7_)) + _a4_) * x);{'d0': {'_a0_': 1.1074349362429805, '_a4_': 1.7751354045881875, '_a7_': 1.8375964949509795, '_a1_': 1.0, '_a2_': 1.0, '_a3_': 1.0, '_a5_': 1.0, '_a6_': 1.0}};{'d0': 0.02490583291941664};-280.569866449044;37.00470984835843
16622;-96.4817170344090;(((_a7_ * (((x + ((_a5_ ** x) / _a4_)) * x) * _a7_)) + _a4_) * x);{'d0': {'_a4_': 1.7700737463191563, '_a5_': 0.8584584666981296, '_a7_': 1.9301225026842703, '_a0_': 1.0, '_a1_': 1.0, '_a2_': 1.0, '_a3_': 1.0, '_a6_': 1.0}};{'d0': 0.02501812668876968};-280.299950457735;43.66825819445843
16623;-96.4817170344089;(((_a4_ * (((x + ((_a5_ ** x) / _a4_)) * x) * _a7_)) + _a4_) * x);{'d0': {'_a4_': 1.7700737468193373, '_a5_': 0.8584584661974951, '_a7_': 2.1046427482351917, '_a0_': 1.0, '_a1_': 1.0, '_a2_': 1.0, '_a3_': 1.0, '_a6_': 1.0}};{'d0': 0.02501812668876972};-280.299950457735;43.66825819445843
16624;-96.4817170344089;(((_a4_ * (((x + ((_a5_ ** x) / _a4_)) * x) * _a7_)) + _a4_) * x);{'d0': {'_a4_': 1.7700737468193373, '_a5_': 0.8584584661974951, '_a7_': 2.1046427482351917, '_a0_': 1.0, '_a1_': 1.0, '_a2_': 1.0, '_a3_': 1.0, '_a6_': 1.0}};{'d0': 0.02501812668876972};-280.299950457735;43.66825819445843
16625;-96.4817170344089;(((_a4_ * (((x + ((_a5_ ** x) / _a4_)) * x) * _a7_)) + _a4_) * x);{'d0': {'_a4_': 1.7700737468193373, '_a5_': 0.8584584661974951, '_a7_': 2.1046427482351917, '_a0_': 1.0, '_a1_': 1.0, '_a2_': 1.0, '_a3_': 1.0, '_a6_': 1.0}};{'d0': 0.02501812668876972};-280.299950457735;43.66825819445843
16626;-96.4817170344089;(((_a4_ * (((x + ((_a5_ ** x) / _a4_)) * x) * _a7_)) + _a4_) * x);{'d0': {'_a4_': 1.7700737468193373, '_a5_': 0.8584584661974951, '_a7_': 2.1046427482351917, '_a0_': 1.0, '_a1_': 1.0, '_a2_': 1.0, '_a3_': 1.0, '_a6_': 1.0}};{'d0': 0.02501812668876972};-280.299950457735;43.66825819445843
16627;-96.4817170344090;(((_a4_ * (((x + ((_a5_ ** x) / _a4_)) * x) * _a2_)) + _a4_) * x);{'d0': {'_a2_': 2.1046427521921047, '_a4_': 1.7700737485283522, '_a5_': 0.8584584632979736, '_a0_': 1.0, '_a1_': 1.0, '_a3_': 1.0, '_a6_': 1.0, '_a7_': 1.0}};{'d0': 0.025018126688769696};-280.299950457735;43.66825819445843
16628;-89.5478055362393;((((_a4_ * (((x + ((_a5_ ** x) / _a4_)) * x) * _a2_)) + _a4_) * x) * _a3_);{'d0': {'_a2_': 1.9022731131573511, '_a3_': 1.1074246427455687, '_a4_': 1.6029401821546556, '_a5_': 0.9999849836668946, '_a0_': 1.0, '_a1_': 1.0, '_a6_': 1.0, '_a7_': 1.0}};{'d0': 0.02490583292019199};-276.475521884954;48.68995540623743
16629;-89.5478055362393;((((_a4_ * (((x + ((_a5_ ** x) / _a4_)) * x) * _a2_)) + _a4_) * x) * _a3_);{'d0': {'_a2_': 1.9022731131573511, '_a3_': 1.1074246427455687, '_a4_': 1.6029401821546556, '_a5_': 0.9999849836668946, '_a0_': 1.0, '_a1_': 1.0, '_a6_': 1.0, '_a7_': 1.0}};{'d0': 0.02490583292019199};-276.475521884954;48.68995540623743
16630;-89.5478055362393;((((_a4_ * (((x + ((_a5_ ** x) / _a4_)) * x) * _a2_)) + _a4_) * x) * _a3_);{'d0': {'_a2_': 1.9022731131573511, '_a3_': 1.1074246427455687, '_a4_': 1.6029401821546556, '_a5_': 0.9999849836668946, '_a0_': 1.0, '_a1_': 1.0, '_a6_': 1.0, '_a7_': 1.0}};{'d0': 0.02490583292019199};-276.475521884954;48.68995540623743
16631;-89.5478055362393;((((_a4_ * (((x + ((_a5_ ** x) / _a4_)) * x) * _a2_)) + _a4_) * x) * _a3_);{'d0': {'_a2_': 1.9022731131573511, '_a3_': 1.1074246427455687, '_a4_': 1.6029401821546556, '_a5_': 0.9999849836668946, '_a0_': 1.0, '_a1_': 1.0, '_a6_': 1.0, '_a7_': 1.0}};{'d0': 0.02490583292019199};-276.475521884954;48.68995540623743
16632;-89.5478055362393;((((_a4_ * (((x + ((_a5_ ** x) / _a4_)) * x) * _a2_)) + _a4_) * x) * _a3_);{'d0': {'_a2_': 1.9022731131573511, '_a3_': 1.1074246427455687, '_a4_': 1.6029401821546556, '_a5_': 0.9999849836668946, '_a0_': 1.0, '_a1_': 1.0, '_a6_': 1.0, '_a7_': 1.0}};{'d0': 0.02490583292019199};-276.475521884954;48.68995540623743
16633;-89.5478055362393;((((_a4_ * (((x + ((_a5_ ** x) / _a4_)) * x) * _a2_)) + _a4_) * x) * _a3_);{'d0': {'_a2_': 1.9022731131573511, '_a3_': 1.1074246427455687, '_a4_': 1.6029401821546556, '_a5_': 0.9999849836668946, '_a0_': 1.0, '_a1_': 1.0, '_a6_': 1.0, '_a7_': 1.0}};{'d0': 0.02490583292019199};-276.475521884954;48.68995540623743
16634;-89.5478055371161;((((_a4_ * (((x + ((_a5_ ** _a3_) / _a4_)) * x) * _a2_)) + _a4_) * x) * _a3_);{'d0': {'_a2_': 1.9022553826871516, '_a3_': 1.1060720625598761, '_a4_': 1.6049002535073522, '_a5_': 1.0011138722125272, '_a0_': 1.0, '_a1_': 1.0, '_a6_': 1.0, '_a7_': 1.0}};{'d0': 0.024905832919464136};-276.475521886707;48.68995540623743
16635;-89.5478055197523;((((_a4_ * (((x + ((_a5_ ** _a3_) / _a4_)) * x) * _a2_)) + _a3_) * x) * _a3_);{'d0': {'_a2_': 1.4248754698550452, '_a3_': 1.3323420748888692, '_a4_': 1.7787183972262264, '_a5_': 1.081236532600248, '_a0_': 1.0, '_a1_': 1.0, '_a6_': 1.0, '_a7_': 1.0}};{'d0': 0.024905832933879452};-276.475521851979;48.68995540623743
16636;-92.8924580297243;((((_a4_ * (((x + (exp(_a2_) / _a4_)) * x) * _a2_)) + _a3_) * x) * _a3_);{'d0': {'_a2_': 0.7482142534794768, '_a3_': 1.3323420747320807, '_a4_': 3.3873384162913065, '_a0_': 1.0, '_a1_': 1.0, '_a5_': 1.0, '_a6_': 1.0, '_a7_': 1.0}};{'d0': 0.02490583291941665};-280.569866449044;47.39247519479743
16637;-92.8924580297243;((((_a4_ * (((x + (exp(_a2_) / _a4_)) * x) * _a2_)) + _a3_) * x) * _a3_);{'d0': {'_a2_': 0.7482142534794768, '_a3_': 1.3323420747320807, '_a4_': 3.3873384162913065, '_a0_': 1.0, '_a1_': 1.0, '_a5_': 1.0, '_a6_': 1.0, '_a7_': 1.0}};{'d0': 0.02490583291941665};-280.569866449044;47.39247519479743
16638;-92.8924580297243;((((_a4_ * (((x + (exp(_a2_) / _a4_)) * x) * _a2_)) + _a3_) * x) * _a3_);{'d0': {'_a2_': 0.7482142534794768, '_a3_': 1.3323420747320807, '_a4_': 3.3873384162913065, '_a0_': 1.0, '_a1_': 1.0, '_a5_': 1.0, '_a6_': 1.0, '_a7_': 1.0}};{'d0': 0.02490583291941665};-280.569866449044;47.39247519479743
16639;-92.8924580297243;((((_a4_ * (((x + (exp(_a2_) / _a4_)) * x) * _a2_)) + _a3_) * x) * _a3_);{'d0': {'_a2_': 0.7482142534794768, '_a3_': 1.3323420747320807, '_a4_': 3.3873384162913065, '_a0_': 1.0, '_a1_': 1.0, '_a5_': 1.0, '_a6_': 1.0, '_a7_': 1.0}};{'d0': 0.02490583291941665};-280.569866449044;47.39247519479743
16640;-86.9718569806944;((((_a4_ * (((x + (exp(_a2_) / _a4_)) * x) * _a2_)) + _a3_) * x) * (_a4_ + _a2_));{'d0': {'_a2_': 0.45161075427048936, '_a3_': 0.5977791703256271, '_a4_': 2.5179396953583697, '_a0_': 1.0, '_a1_': 1.0, '_a5_': 1.0, '_a6_': 1.0, '_a7_': 1.0}};{'d0': 0.0249058329194166};-280.569866449044;53.313076243827425
16641;-87.7984035316233;((((_a4_ * (((x + (exp(_a2_) / _a4_)) * x) * _a2_)) + _a3_) * x) * (_a4_ * _a2_));{'d0': {'_a2_': 0.6179599167510677, '_a3_': 0.9660093548383378, '_a4_': 2.9736499813289394, '_a0_': 1.0, '_a1_': 1.0, '_a5_': 1.0, '_a6_': 1.0, '_a7_': 1.0}};{'d0': 0.024905832919416667};-280.569866449044;52.48652969289842
16642;-87.7984035316233;((((_a4_ * (((x + (exp(_a2_) / _a4_)) * x) * _a2_)) + _a3_) * x) * (_a4_ * _a2_));{'d0': {'_a2_': 0.6179599167510677, '_a3_': 0.9660093548383378, '_a4_': 2.9736499813289394, '_a0_': 1.0, '_a1_': 1.0, '_a5_': 1.0, '_a6_': 1.0, '_a7_': 1.0}};{'d0': 0.024905832919416667};-280.569866449044;52.48652969289842
16643;-106.651973435152;(((pow2((-(x) + (_a4_ * _a2_))) * _a4_) + _a5_) * x);{'d0': {'_a2_': -0.09237542105882574, '_a4_': 3.3767608765844805, '_a5_': 1.4465760897669628, '_a0_': 1.0, '_a1_': 1.0, '_a3_': 1.0, '_a6_': 1.0, '_a7_': 1.0}};{'d0': 0.024905832919416702};-280.569866449043;33.632959789369295
16644;-106.651973435152;(((pow2((-(x) + (_a4_ * _a2_))) * _a4_) + _a5_) * x);{'d0': {'_a2_': -0.09237542105882574, '_a4_': 3.3767608765844805, '_a5_': 1.4465760897669628, '_a0_': 1.0, '_a1_': 1.0, '_a3_': 1.0, '_a6_': 1.0, '_a7_': 1.0}};{'d0': 0.024905832919416702};-280.569866449043;33.632959789369295
16645;-106.651973435152;(((pow2((-(x) + (_a4_ * _a2_))) * _a4_) + _a5_) * x);{'d0': {'_a2_': -0.09237542105882574, '_a4_': 3.3767608765844805, '_a5_': 1.4465760897669628, '_a0_': 1.0, '_a1_': 1.0, '_a3_': 1.0, '_a6_': 1.0, '_a7_': 1.0}};{'d0': 0.024905832919416702};-280.569866449043;33.632959789369295
16646;-106.651973435152;(((pow2((-(x) + (_a4_ * _a2_))) * _a4_) + _a5_) * x);{'d0': {'_a2_': -0.09237542105882574, '_a4_': 3.3767608765844805, '_a5_': 1.4465760897669628, '_a0_': 1.0, '_a1_': 1.0, '_a3_': 1.0, '_a6_': 1.0, '_a7_': 1.0}};{'d0': 0.024905832919416702};-280.569866449043;33.632959789369295
16647;-106.651973435152;(((pow2((-(x) + (_a4_ * _a2_))) * _a4_) + _a5_) * x);{'d0': {'_a2_': -0.09237542105882574, '_a4_': 3.3767608765844805, '_a5_': 1.4465760897669628, '_a0_': 1.0, '_a1_': 1.0, '_a3_': 1.0, '_a6_': 1.0, '_a7_': 1.0}};{'d0': 0.024905832919416702};-280.569866449043;33.632959789369295
16648;-106.651973435152;(((pow2((-(x) + (_a4_ * _a2_))) * _a4_) + _a5_) * x);{'d0': {'_a2_': -0.09237542105882574, '_a4_': 3.3767608765844805, '_a5_': 1.4465760897669628, '_a0_': 1.0, '_a1_': 1.0, '_a3_': 1.0, '_a6_': 1.0, '_a7_': 1.0}};{'d0': 0.024905832919416702};-280.569866449043;33.632959789369295
16649;-106.651973435152;(((pow2((-(x) + (_a4_ * _a2_))) * _a4_) + _a5_) * x);{'d0': {'_a2_': -0.09237542105882574, '_a4_': 3.3767608765844805, '_a5_': 1.4465760897669628, '_a0_': 1.0, '_a1_': 1.0, '_a3_': 1.0, '_a6_': 1.0, '_a7_': 1.0}};{'d0': 0.024905832919416702};-280.569866449043;33.632959789369295
16650;-106.651973435152;(((pow2((-(x) + (_a4_ * _a2_))) * _a4_) + _a5_) * x);{'d0': {'_a2_': -0.09237542105882574, '_a4_': 3.3767608765844805, '_a5_': 1.4465760897669628, '_a0_': 1.0, '_a1_': 1.0, '_a3_': 1.0, '_a6_': 1.0, '_a7_': 1.0}};{'d0': 0.024905832919416702};-280.569866449043;33.632959789369295
16651;-106.651973435152;(((pow2((-(x) + (_a4_ * _a2_))) * _a4_) + _a5_) * x);{'d0': {'_a2_': -0.09237542105882574, '_a4_': 3.3767608765844805, '_a5_': 1.4465760897669628, '_a0_': 1.0, '_a1_': 1.0, '_a3_': 1.0, '_a6_': 1.0, '_a7_': 1.0}};{'d0': 0.024905832919416702};-280.569866449043;33.632959789369295
16652;-106.651973435152;(((pow2((-(x) + (_a4_ * _a2_))) * _a4_) + _a5_) * x);{'d0': {'_a2_': -0.09237542105882574, '_a4_': 3.3767608765844805, '_a5_': 1.4465760897669628, '_a0_': 1.0, '_a1_': 1.0, '_a3_': 1.0, '_a6_': 1.0, '_a7_': 1.0}};{'d0': 0.024905832919416702};-280.569866449043;33.632959789369295
16653;-106.651973435152;(((pow2((-(x) + (_a4_ * _a2_))) * _a4_) + _a5_) * x);{'d0': {'_a2_': -0.09237542105882574, '_a4_': 3.3767608765844805, '_a5_': 1.4465760897669628, '_a0_': 1.0, '_a1_': 1.0, '_a3_': 1.0, '_a6_': 1.0, '_a7_': 1.0}};{'d0': 0.024905832919416702};-280.569866449043;33.632959789369295
16654;-106.651973435152;(((pow2((-(x) + (_a4_ * _a2_))) * _a4_) + _a5_) * x);{'d0': {'_a2_': -0.09237542105882574, '_a4_': 3.3767608765844805, '_a5_': 1.4465760897669628, '_a0_': 1.0, '_a1_': 1.0, '_a3_': 1.0, '_a6_': 1.0, '_a7_': 1.0}};{'d0': 0.024905832919416702};-280.569866449043;33.632959789369295
16655;-106.651973435152;(((pow2((-(x) + (_a4_ * _a2_))) * _a4_) + _a5_) * x);{'d0': {'_a2_': -0.09237542105882574, '_a4_': 3.3767608765844805, '_a5_': 1.4465760897669628, '_a0_': 1.0, '_a1_': 1.0, '_a3_': 1.0, '_a6_': 1.0, '_a7_': 1.0}};{'d0': 0.024905832919416702};-280.569866449043;33.632959789369295
16656;-106.651973435152;(((pow2((-(x) + (_a4_ * _a2_))) * _a4_) + _a5_) * x);{'d0': {'_a2_': -0.09237542105882574, '_a4_': 3.3767608765844805, '_a5_': 1.4465760897669628, '_a0_': 1.0, '_a1_': 1.0, '_a3_': 1.0, '_a6_': 1.0, '_a7_': 1.0}};{'d0': 0.024905832919416702};-280.569866449043;33.632959789369295
16657;-106.651973435152;(((pow2((-(x) + (_a4_ * _a2_))) * _a4_) + _a5_) * x);{'d0': {'_a2_': -0.09237542105882574, '_a4_': 3.3767608765844805, '_a5_': 1.4465760897669628, '_a0_': 1.0, '_a1_': 1.0, '_a3_': 1.0, '_a6_': 1.0, '_a7_': 1.0}};{'d0': 0.024905832919416702};-280.569866449043;33.632959789369295
16658;-97.9141552415033;(((_a4_ * (((x + (exp(_a2_) / _a4_)) * x) * _a2_)) + _a3_) * x);{'d0': {'_a2_': 0.8766893111232554, '_a3_': 1.7751354042581158, '_a4_': 3.851719002024947, '_a0_': 1.0, '_a1_': 1.0, '_a5_': 1.0, '_a6_': 1.0, '_a7_': 1.0}};{'d0': 0.024905832919416632};-280.569866449044;42.37077798301842
16659;-97.9141552415033;(((_a4_ * (((x + (exp(_a2_) / _a4_)) * x) * _a2_)) + _a3_) * x);{'d0': {'_a2_': 0.8766893111232554, '_a3_': 1.7751354042581158, '_a4_': 3.851719002024947, '_a0_': 1.0, '_a1_': 1.0, '_a5_': 1.0, '_a6_': 1.0, '_a7_': 1.0}};{'d0': 0.024905832919416632};-280.569866449044;42.37077798301842
16660;-97.9141552415033;(((_a4_ * (((x + (exp(_a2_) / _a4_)) * x) * _a2_)) + _a3_) * x);{'d0': {'_a2_': 0.8766893111232554, '_a3_': 1.7751354042581158, '_a4_': 3.851719002024947, '_a0_': 1.0, '_a1_': 1.0, '_a5_': 1.0, '_a6_': 1.0, '_a7_': 1.0}};{'d0': 0.024905832919416632};-280.569866449044;42.37077798301842
16661;-97.9141552415033;(((_a4_ * (((x + (exp(_a2_) / _a4_)) * x) * _a2_)) + _a3_) * x);{'d0': {'_a2_': 0.8766893111232554, '_a3_': 1.7751354042581158, '_a4_': 3.851719002024947, '_a0_': 1.0, '_a1_': 1.0, '_a5_': 1.0, '_a6_': 1.0, '_a7_': 1.0}};{'d0': 0.024905832919416632};-280.569866449044;42.37077798301842
16662;-106.651973435152;(((pow2((-(x) + (_a4_ * _a2_))) * _a4_) + _a5_) * x);{'d0': {'_a2_': -0.09237542105882574, '_a4_': 3.3767608765844805, '_a5_': 1.4465760897669628, '_a0_': 1.0, '_a1_': 1.0, '_a3_': 1.0, '_a6_': 1.0, '_a7_': 1.0}};{'d0': 0.024905832919416702};-280.569866449043;33.632959789369295
16663;-106.651973435152;(((pow2((-(x) + (_a4_ * _a2_))) * _a4_) + _a5_) * x);{'d0': {'_a2_': -0.09237542105882574, '_a4_': 3.3767608765844805, '_a5_': 1.4465760897669628, '_a0_': 1.0, '_a1_': 1.0, '_a3_': 1.0, '_a6_': 1.0, '_a7_': 1.0}};{'d0': 0.024905832919416702};-280.569866449043;33.632959789369295
16664;-106.651973435152;(((pow2((-(x) + (_a4_ * _a2_))) * _a4_) + _a5_) * x);{'d0': {'_a2_': -0.09237542105882574, '_a4_': 3.3767608765844805, '_a5_': 1.4465760897669628, '_a0_': 1.0, '_a1_': 1.0, '_a3_': 1.0, '_a6_': 1.0, '_a7_': 1.0}};{'d0': 0.024905832919416702};-280.569866449043;33.632959789369295
16665;-106.651973435152;(((pow2((-(x) + (_a4_ * _a2_))) * _a4_) + _a5_) * x);{'d0': {'_a2_': -0.09237542105882574, '_a4_': 3.3767608765844805, '_a5_': 1.4465760897669628, '_a0_': 1.0, '_a1_': 1.0, '_a3_': 1.0, '_a6_': 1.0, '_a7_': 1.0}};{'d0': 0.024905832919416702};-280.569866449043;33.632959789369295
16666;-106.651973435152;(((pow2((-(x) + (_a4_ * _a2_))) * _a4_) + _a5_) * x);{'d0': {'_a2_': -0.09237542105882574, '_a4_': 3.3767608765844805, '_a5_': 1.4465760897669628, '_a0_': 1.0, '_a1_': 1.0, '_a3_': 1.0, '_a6_': 1.0, '_a7_': 1.0}};{'d0': 0.024905832919416702};-280.569866449043;33.632959789369295
16667;-106.651973435152;(((pow2((-(x) + (_a4_ * _a2_))) * _a4_) + _a5_) * x);{'d0': {'_a2_': -0.09237542105882574, '_a4_': 3.3767608765844805, '_a5_': 1.4465760897669628, '_a0_': 1.0, '_a1_': 1.0, '_a3_': 1.0, '_a6_': 1.0, '_a7_': 1.0}};{'d0': 0.024905832919416702};-280.569866449043;33.632959789369295
16668;-91.1172993851086;(((_a4_ * (((x + ((_a3_ * _a1_) / (_a3_ * _a3_))) * x) * _a2_)) + _a3_) * x);{'d0': {'_a1_': 1.107434935975287, '_a2_': 0.7633661180846766, '_a3_': 1.7751354043281753, '_a4_': 4.42351388688292, '_a0_': 1.0, '_a5_': 1.0, '_a6_': 1.0, '_a7_': 1.0}};{'d0': 0.024905832919469535};-276.475521886694;47.120461558238425
16669;-91.1172993851086;(((_a4_ * (((x + ((_a3_ * _a1_) / (_a3_ * _a3_))) * x) * _a2_)) + _a3_) * x);{'d0': {'_a1_': 1.107434935975287, '_a2_': 0.7633661180846766, '_a3_': 1.7751354043281753, '_a4_': 4.42351388688292, '_a0_': 1.0, '_a5_': 1.0, '_a6_': 1.0, '_a7_': 1.0}};{'d0': 0.024905832919469535};-276.475521886694;47.120461558238425
16670;-91.1172993851086;(((_a4_ * (((x + ((_a3_ * _a1_) / (_a3_ * _a3_))) * x) * _a2_)) + _a3_) * x);{'d0': {'_a1_': 1.107434935975287, '_a2_': 0.7633661180846766, '_a3_': 1.7751354043281753, '_a4_': 4.42351388688292, '_a0_': 1.0, '_a5_': 1.0, '_a6_': 1.0, '_a7_': 1.0}};{'d0': 0.024905832919469535};-276.475521886694;47.120461558238425
16671;-85.7579673448419;(((_a4_ * (((x + ((_a3_ * log(_a0_)) / (_a3_ * _a3_))) * x) * _a2_)) + _a3_) * x);{'d0': {'_a0_': 3.026585044876704, '_a2_': 0.34543918268366297, '_a3_': 1.7751354043881176, '_a4_': 9.775259512117486, '_a1_': 1.0, '_a5_': 1.0, '_a6_': 1.0, '_a7_': 1.0}};{'d0': 0.024905832927901578};-276.475521866381;52.47979358834843
16672;-85.7579673448419;(((_a4_ * (((x + ((_a3_ * log(_a0_)) / (_a3_ * _a3_))) * x) * _a2_)) + _a3_) * x);{'d0': {'_a0_': 3.026585044876704, '_a2_': 0.34543918268366297, '_a3_': 1.7751354043881176, '_a4_': 9.775259512117486, '_a1_': 1.0, '_a5_': 1.0, '_a6_': 1.0, '_a7_': 1.0}};{'d0': 0.024905832927901578};-276.475521866381;52.47979358834843
16673;-85.7579673448419;(((_a4_ * (((x + ((_a3_ * log(_a0_)) / (_a3_ * _a3_))) * x) * _a2_)) + _a3_) * x);{'d0': {'_a0_': 3.026585044876704, '_a2_': 0.34543918268366297, '_a3_': 1.7751354043881176, '_a4_': 9.775259512117486, '_a1_': 1.0, '_a5_': 1.0, '_a6_': 1.0, '_a7_': 1.0}};{'d0': 0.024905832927901578};-276.475521866381;52.47979358834843
16674;-90.8520218409267;(((_a4_ * (((x + ((_a3_ * log(_a0_)) / _a0_)) * x) * _a2_)) + _a3_) * x);{'d0': {'_a0_': 3.7945126261269073, '_a2_': 0.35672838443818194, '_a3_': 1.7751354045650636, '_a4_': 9.465905992791566, '_a1_': 1.0, '_a5_': 1.0, '_a6_': 1.0, '_a7_': 1.0}};{'d0': 0.024905832929575367};-276.475521862348;47.38573909024743
16675;-90.8520218409267;(((_a4_ * (((x + ((_a3_ * log(_a0_)) / _a0_)) * x) * _a2_)) + _a3_) * x);{'d0': {'_a0_': 3.7945126261269073, '_a2_': 0.35672838443818194, '_a3_': 1.7751354045650636, '_a4_': 9.465905992791566, '_a1_': 1.0, '_a5_': 1.0, '_a6_': 1.0, '_a7_': 1.0}};{'d0': 0.024905832929575367};-276.475521862348;47.38573909024743
16676;-90.8520218409267;(((_a4_ * (((x + ((_a3_ * log(_a0_)) / _a0_)) * x) * _a2_)) + _a3_) * x);{'d0': {'_a0_': 3.7945126261269073, '_a2_': 0.35672838443818194, '_a3_': 1.7751354045650636, '_a4_': 9.465905992791566, '_a1_': 1.0, '_a5_': 1.0, '_a6_': 1.0, '_a7_': 1.0}};{'d0': 0.024905832929575367};-276.475521862348;47.38573909024743
16677;-90.8520218409267;(((_a4_ * (((x + ((_a3_ * log(_a0_)) / _a0_)) * x) * _a2_)) + _a3_) * x);{'d0': {'_a0_': 3.7945126261269073, '_a2_': 0.35672838443818194, '_a3_': 1.7751354045650636, '_a4_': 9.465905992791566, '_a1_': 1.0, '_a5_': 1.0, '_a6_': 1.0, '_a7_': 1.0}};{'d0': 0.024905832929575367};-276.475521862348;47.38573909024743
16678;-90.8520218409267;(((_a4_ * (((x + ((_a3_ * log(_a0_)) / _a0_)) * x) * _a2_)) + _a3_) * x);{'d0': {'_a0_': 3.7945126261269073, '_a2_': 0.35672838443818194, '_a3_': 1.7751354045650636, '_a4_': 9.465905992791566, '_a1_': 1.0, '_a5_': 1.0, '_a6_': 1.0, '_a7_': 1.0}};{'d0': 0.024905832929575367};-276.475521862348;47.38573909024743
16679;-90.8520218409267;(((_a4_ * (((x + ((_a3_ * log(_a0_)) / _a0_)) * x) * _a2_)) + _a3_) * x);{'d0': {'_a0_': 3.7945126261269073, '_a2_': 0.35672838443818194, '_a3_': 1.7751354045650636, '_a4_': 9.465905992791566, '_a1_': 1.0, '_a5_': 1.0, '_a6_': 1.0, '_a7_': 1.0}};{'d0': 0.024905832929575367};-276.475521862348;47.38573909024743
16680;-90.8520218409267;(((_a4_ * (((x + ((_a3_ * log(_a0_)) / _a0_)) * x) * _a2_)) + _a3_) * x);{'d0': {'_a0_': 3.7945126261269073, '_a2_': 0.35672838443818194, '_a3_': 1.7751354045650636, '_a4_': 9.465905992791566, '_a1_': 1.0, '_a5_': 1.0, '_a6_': 1.0, '_a7_': 1.0}};{'d0': 0.024905832929575367};-276.475521862348;47.38573909024743
16681;-90.8520218409267;(((_a4_ * (((x + ((_a3_ * log(_a0_)) / _a0_)) * x) * _a2_)) + _a3_) * x);{'d0': {'_a0_': 3.7945126261269073, '_a2_': 0.35672838443818194, '_a3_': 1.7751354045650636, '_a4_': 9.465905992791566, '_a1_': 1.0, '_a5_': 1.0, '_a6_': 1.0, '_a7_': 1.0}};{'d0': 0.024905832929575367};-276.475521862348;47.38573909024743
16682;-90.8520218409267;(((_a4_ * (((x + ((_a3_ * log(_a0_)) / _a0_)) * x) * _a2_)) + _a3_) * x);{'d0': {'_a0_': 3.7945126261269073, '_a2_': 0.35672838443818194, '_a3_': 1.7751354045650636, '_a4_': 9.465905992791566, '_a1_': 1.0, '_a5_': 1.0, '_a6_': 1.0, '_a7_': 1.0}};{'d0': 0.024905832929575367};-276.475521862348;47.38573909024743
16683;-90.8520218409267;(((_a4_ * (((x + ((_a3_ * log(_a0_)) / _a0_)) * x) * _a2_)) + _a3_) * x);{'d0': {'_a0_': 3.7945126261269073, '_a2_': 0.35672838443818194, '_a3_': 1.7751354045650636, '_a4_': 9.465905992791566, '_a1_': 1.0, '_a5_': 1.0, '_a6_': 1.0, '_a7_': 1.0}};{'d0': 0.024905832929575367};-276.475521862348;47.38573909024743
16684;-90.8520218409267;(((_a4_ * (((x + ((_a3_ * log(_a0_)) / _a0_)) * x) * _a2_)) + _a3_) * x);{'d0': {'_a0_': 3.7945126261269073, '_a2_': 0.35672838443818194, '_a3_': 1.7751354045650636, '_a4_': 9.465905992791566, '_a1_': 1.0, '_a5_': 1.0, '_a6_': 1.0, '_a7_': 1.0}};{'d0': 0.024905832929575367};-276.475521862348;47.38573909024743
16685;-90.8520218409267;(((_a4_ * (((x + ((_a3_ * log(_a0_)) / _a0_)) * x) * _a2_)) + _a3_) * x);{'d0': {'_a0_': 3.7945126261269073, '_a2_': 0.35672838443818194, '_a3_': 1.7751354045650636, '_a4_': 9.465905992791566, '_a1_': 1.0, '_a5_': 1.0, '_a6_': 1.0, '_a7_': 1.0}};{'d0': 0.024905832929575367};-276.475521862348;47.38573909024743
16686;-90.8520218409267;(((_a4_ * (((x + ((_a3_ * log(_a0_)) / _a0_)) * x) * _a2_)) + _a3_) * x);{'d0': {'_a0_': 3.7945126261269073, '_a2_': 0.35672838443818194, '_a3_': 1.7751354045650636, '_a4_': 9.465905992791566, '_a1_': 1.0, '_a5_': 1.0, '_a6_': 1.0, '_a7_': 1.0}};{'d0': 0.024905832929575367};-276.475521862348;47.38573909024743
16687;-91.1172993850281;(((_a4_ * (((x + ((_a3_ * (_a4_ * _a4_)) / _a0_)) * x) * _a2_)) + _a3_) * x);{'d0': {'_a0_': 26.36612406990374, '_a2_': 1.1093012720510382, '_a3_': 1.775135404280213, '_a4_': 3.0440429694125304, '_a1_': 1.0, '_a5_': 1.0, '_a6_': 1.0, '_a7_': 1.0}};{'d0': 0.024905832919536307};-276.475521886533;47.120461558238425
16688;-91.1172993850281;(((_a4_ * (((x + ((_a3_ * (_a4_ * _a4_)) / _a0_)) * x) * _a2_)) + _a3_) * x);{'d0': {'_a0_': 26.36612406990374, '_a2_': 1.1093012720510382, '_a3_': 1.775135404280213, '_a4_': 3.0440429694125304, '_a1_': 1.0, '_a5_': 1.0, '_a6_': 1.0, '_a7_': 1.0}};{'d0': 0.024905832919536307};-276.475521886533;47.120461558238425
16689;-91.1172993850281;(((_a4_ * (((x + ((_a3_ * (_a4_ * _a4_)) / _a0_)) * x) * _a2_)) + _a3_) * x);{'d0': {'_a0_': 26.36612406990374, '_a2_': 1.1093012720510382, '_a3_': 1.775135404280213, '_a4_': 3.0440429694125304, '_a1_': 1.0, '_a5_': 1.0, '_a6_': 1.0, '_a7_': 1.0}};{'d0': 0.024905832919536307};-276.475521886533;47.120461558238425
16690;-91.1172993850893;(((_a3_ * (((x + ((_a3_ * (_a4_ * _a4_)) / _a0_)) * x) * _a2_)) + _a3_) * x);{'d0': {'_a0_': 34.01347103766629, '_a2_': 1.90225538312237, '_a3_': 1.7751354042670389, '_a4_': 3.457427722638029, '_a1_': 1.0, '_a5_': 1.0, '_a6_': 1.0, '_a7_': 1.0}};{'d0': 0.024905832919485563};-276.475521886655;47.120461558238425
16691;-91.1172993850893;(((_a3_ * (((x + ((_a3_ * (_a4_ * _a4_)) / _a0_)) * x) * _a2_)) + _a3_) * x);{'d0': {'_a0_': 34.01347103766629, '_a2_': 1.90225538312237, '_a3_': 1.7751354042670389, '_a4_': 3.457427722638029, '_a1_': 1.0, '_a5_': 1.0, '_a6_': 1.0, '_a7_': 1.0}};{'d0': 0.024905832919485563};-276.475521886655;47.120461558238425
16692;-91.1172993850893;(((_a3_ * (((x + ((_a3_ * (_a4_ * _a4_)) / _a0_)) * x) * _a2_)) + _a3_) * x);{'d0': {'_a0_': 34.01347103766629, '_a2_': 1.90225538312237, '_a3_': 1.7751354042670389, '_a4_': 3.457427722638029, '_a1_': 1.0, '_a5_': 1.0, '_a6_': 1.0, '_a7_': 1.0}};{'d0': 0.024905832919485563};-276.475521886655;47.120461558238425
16693;-91.1172993850893;(((_a3_ * (((x + ((_a3_ * (_a4_ * _a4_)) / _a0_)) * x) * _a2_)) + _a3_) * x);{'d0': {'_a0_': 34.01347103766629, '_a2_': 1.90225538312237, '_a3_': 1.7751354042670389, '_a4_': 3.457427722638029, '_a1_': 1.0, '_a5_': 1.0, '_a6_': 1.0, '_a7_': 1.0}};{'d0': 0.024905832919485563};-276.475521886655;47.120461558238425
16694;-91.1172993850893;(((_a3_ * (((x + ((_a3_ * (_a4_ * _a4_)) / _a0_)) * x) * _a2_)) + _a3_) * x);{'d0': {'_a0_': 34.01347103766629, '_a2_': 1.90225538312237, '_a3_': 1.7751354042670389, '_a4_': 3.457427722638029, '_a1_': 1.0, '_a5_': 1.0, '_a6_': 1.0, '_a7_': 1.0}};{'d0': 0.024905832919485563};-276.475521886655;47.120461558238425
16695;-91.1172993850893;(((_a3_ * (((x + ((_a3_ * (_a4_ * _a4_)) / _a0_)) * x) * _a2_)) + _a3_) * x);{'d0': {'_a0_': 34.01347103766629, '_a2_': 1.90225538312237, '_a3_': 1.7751354042670389, '_a4_': 3.457427722638029, '_a1_': 1.0, '_a5_': 1.0, '_a6_': 1.0, '_a7_': 1.0}};{'d0': 0.024905832919485563};-276.475521886655;47.120461558238425
16696;-91.1172993850893;(((_a3_ * (((x + ((_a3_ * (_a4_ * _a4_)) / _a0_)) * x) * _a2_)) + _a3_) * x);{'d0': {'_a0_': 34.01347103766629, '_a2_': 1.90225538312237, '_a3_': 1.7751354042670389, '_a4_': 3.457427722638029, '_a1_': 1.0, '_a5_': 1.0, '_a6_': 1.0, '_a7_': 1.0}};{'d0': 0.024905832919485563};-276.475521886655;47.120461558238425
16697;-91.1172993850893;(((_a3_ * (((x + ((_a3_ * (_a4_ * _a4_)) / _a0_)) * x) * _a2_)) + _a3_) * x);{'d0': {'_a0_': 34.01347103766629, '_a2_': 1.90225538312237, '_a3_': 1.7751354042670389, '_a4_': 3.457427722638029, '_a1_': 1.0, '_a5_': 1.0, '_a6_': 1.0, '_a7_': 1.0}};{'d0': 0.024905832919485563};-276.475521886655;47.120461558238425
16698;-91.1172993850893;(((_a3_ * (((x + ((_a3_ * (_a4_ * _a4_)) / _a0_)) * x) * _a2_)) + _a3_) * x);{'d0': {'_a0_': 34.01347103766629, '_a2_': 1.90225538312237, '_a3_': 1.7751354042670389, '_a4_': 3.457427722638029, '_a1_': 1.0, '_a5_': 1.0, '_a6_': 1.0, '_a7_': 1.0}};{'d0': 0.024905832919485563};-276.475521886655;47.120461558238425
16699;-109.408611468145;(x * (_a2_ + pow2((((_a1_ * x) + _a7_) / _a2_))));{'d0': {'_a1_': -2.658223151044133, '_a2_': 1.4465760891054804, '_a7_': -0.8291787706154384, '_a0_': 1.0, '_a3_': 1.0, '_a4_': 1.0, '_a5_': 1.0, '_a6_': 1.0}};{'d0': 0.024905832919416653};-280.569866449044;30.87632175637634
16700;-109.408611468145;(x * (_a2_ + pow2((((_a1_ * x) + _a7_) / _a2_))));{'d0': {'_a1_': -2.658223151044133, '_a2_': 1.4465760891054804, '_a7_': -0.8291787706154384, '_a0_': 1.0, '_a3_': 1.0, '_a4_': 1.0, '_a5_': 1.0, '_a6_': 1.0}};{'d0': 0.024905832919416653};-280.569866449044;30.87632175637634
16701;-109.408611468145;(x * (_a2_ + pow2((((_a1_ * x) + _a7_) / _a2_))));{'d0': {'_a1_': -2.658223151044133, '_a2_': 1.4465760891054804, '_a7_': -0.8291787706154384, '_a0_': 1.0, '_a3_': 1.0, '_a4_': 1.0, '_a5_': 1.0, '_a6_': 1.0}};{'d0': 0.024905832919416653};-280.569866449044;30.87632175637634
16702;-109.408611468145;(x * (_a2_ + pow2((((_a1_ * x) + _a7_) / _a2_))));{'d0': {'_a1_': -2.658223151044133, '_a2_': 1.4465760891054804, '_a7_': -0.8291787706154384, '_a0_': 1.0, '_a3_': 1.0, '_a4_': 1.0, '_a5_': 1.0, '_a6_': 1.0}};{'d0': 0.024905832919416653};-280.569866449044;30.87632175637634
16703;-109.408611468145;(x * (_a2_ + pow2((((_a1_ * x) + _a7_) / _a2_))));{'d0': {'_a1_': -2.658223151044133, '_a2_': 1.4465760891054804, '_a7_': -0.8291787706154384, '_a0_': 1.0, '_a3_': 1.0, '_a4_': 1.0, '_a5_': 1.0, '_a6_': 1.0}};{'d0': 0.024905832919416653};-280.569866449044;30.87632175637634
16704;-109.408611468145;(x * (_a2_ + pow2((((_a1_ * x) + _a7_) / _a2_))));{'d0': {'_a1_': -2.658223151044133, '_a2_': 1.4465760891054804, '_a7_': -0.8291787706154384, '_a0_': 1.0, '_a3_': 1.0, '_a4_': 1.0, '_a5_': 1.0, '_a6_': 1.0}};{'d0': 0.024905832919416653};-280.569866449044;30.87632175637634
16705;-109.408611468145;(x * (_a2_ + pow2((((_a1_ * x) + _a7_) / _a2_))));{'d0': {'_a1_': -2.658223151044133, '_a2_': 1.4465760891054804, '_a7_': -0.8291787706154384, '_a0_': 1.0, '_a3_': 1.0, '_a4_': 1.0, '_a5_': 1.0, '_a6_': 1.0}};{'d0': 0.024905832919416653};-280.569866449044;30.87632175637634
16706;-109.408611468145;(x * (_a2_ + pow2((((_a1_ * x) + _a7_) / _a2_))));{'d0': {'_a1_': -2.658223151044133, '_a2_': 1.4465760891054804, '_a7_': -0.8291787706154384, '_a0_': 1.0, '_a3_': 1.0, '_a4_': 1.0, '_a5_': 1.0, '_a6_': 1.0}};{'d0': 0.024905832919416653};-280.569866449044;30.87632175637634
16707;-109.408611468145;(x * (_a2_ + pow2((((_a1_ * x) + _a7_) / _a2_))));{'d0': {'_a1_': -2.658223151044133, '_a2_': 1.4465760891054804, '_a7_': -0.8291787706154384, '_a0_': 1.0, '_a3_': 1.0, '_a4_': 1.0, '_a5_': 1.0, '_a6_': 1.0}};{'d0': 0.024905832919416653};-280.569866449044;30.87632175637634
16708;-109.408611468145;(x * (_a2_ + pow2((((_a1_ * x) + _a7_) / _a2_))));{'d0': {'_a1_': -2.658223151044133, '_a2_': 1.4465760891054804, '_a7_': -0.8291787706154384, '_a0_': 1.0, '_a3_': 1.0, '_a4_': 1.0, '_a5_': 1.0, '_a6_': 1.0}};{'d0': 0.024905832919416653};-280.569866449044;30.87632175637634
16709;-109.408611468145;(x * (_a2_ + pow2((((_a1_ * x) + _a7_) / _a2_))));{'d0': {'_a1_': -2.658223151044133, '_a2_': 1.4465760891054804, '_a7_': -0.8291787706154384, '_a0_': 1.0, '_a3_': 1.0, '_a4_': 1.0, '_a5_': 1.0, '_a6_': 1.0}};{'d0': 0.024905832919416653};-280.569866449044;30.87632175637634
16710;-109.408611468145;(x * (_a2_ + pow2((((_a1_ * x) + _a7_) / _a2_))));{'d0': {'_a1_': -2.658223151044133, '_a2_': 1.4465760891054804, '_a7_': -0.8291787706154384, '_a0_': 1.0, '_a3_': 1.0, '_a4_': 1.0, '_a5_': 1.0, '_a6_': 1.0}};{'d0': 0.024905832919416653};-280.569866449044;30.87632175637634
16711;-109.408611468145;(x * (_a2_ + pow2((((_a1_ * x) + _a7_) / _a2_))));{'d0': {'_a1_': -2.658223151044133, '_a2_': 1.4465760891054804, '_a7_': -0.8291787706154384, '_a0_': 1.0, '_a3_': 1.0, '_a4_': 1.0, '_a5_': 1.0, '_a6_': 1.0}};{'d0': 0.024905832919416653};-280.569866449044;30.87632175637634
16712;-109.408611468145;(x * (_a2_ + pow2((((_a1_ * x) + _a7_) / _a2_))));{'d0': {'_a1_': -2.658223151044133, '_a2_': 1.4465760891054804, '_a7_': -0.8291787706154384, '_a0_': 1.0, '_a3_': 1.0, '_a4_': 1.0, '_a5_': 1.0, '_a6_': 1.0}};{'d0': 0.024905832919416653};-280.569866449044;30.87632175637634
16713;-109.408611468145;(x * (_a2_ + pow2((((_a1_ * x) + _a7_) / _a2_))));{'d0': {'_a1_': -2.658223151044133, '_a2_': 1.4465760891054804, '_a7_': -0.8291787706154384, '_a0_': 1.0, '_a3_': 1.0, '_a4_': 1.0, '_a5_': 1.0, '_a6_': 1.0}};{'d0': 0.024905832919416653};-280.569866449044;30.87632175637634
16714;-109.408611468145;(x * (_a2_ + pow2((((_a1_ * x) + _a7_) / _a2_))));{'d0': {'_a1_': -2.658223151044133, '_a2_': 1.4465760891054804, '_a7_': -0.8291787706154384, '_a0_': 1.0, '_a3_': 1.0, '_a4_': 1.0, '_a5_': 1.0, '_a6_': 1.0}};{'d0': 0.024905832919416653};-280.569866449044;30.87632175637634
16715;-109.408611468145;(x * (_a2_ + pow2((((_a1_ * x) + _a7_) / _a2_))));{'d0': {'_a1_': -2.658223151044133, '_a2_': 1.4465760891054804, '_a7_': -0.8291787706154384, '_a0_': 1.0, '_a3_': 1.0, '_a4_': 1.0, '_a5_': 1.0, '_a6_': 1.0}};{'d0': 0.024905832919416653};-280.569866449044;30.87632175637634
16716;-109.408611468145;(x * (_a2_ + pow2((((_a1_ * x) + _a7_) / _a2_))));{'d0': {'_a1_': -2.658223151044133, '_a2_': 1.4465760891054804, '_a7_': -0.8291787706154384, '_a0_': 1.0, '_a3_': 1.0, '_a4_': 1.0, '_a5_': 1.0, '_a6_': 1.0}};{'d0': 0.024905832919416653};-280.569866449044;30.87632175637634
16717;-109.408611468145;(x * (_a2_ + pow2((((_a1_ * x) + _a7_) / _a2_))));{'d0': {'_a1_': -2.658223151044133, '_a2_': 1.4465760891054804, '_a7_': -0.8291787706154384, '_a0_': 1.0, '_a3_': 1.0, '_a4_': 1.0, '_a5_': 1.0, '_a6_': 1.0}};{'d0': 0.024905832919416653};-280.569866449044;30.87632175637634
16718;-109.408611468145;(x * (_a2_ + pow2((((_a1_ * x) + _a7_) / _a2_))));{'d0': {'_a1_': -2.658223151044133, '_a2_': 1.4465760891054804, '_a7_': -0.8291787706154384, '_a0_': 1.0, '_a3_': 1.0, '_a4_': 1.0, '_a5_': 1.0, '_a6_': 1.0}};{'d0': 0.024905832919416653};-280.569866449044;30.87632175637634
16719;-109.408611468145;(x * (_a2_ + pow2((((_a1_ * x) + _a7_) / _a2_))));{'d0': {'_a1_': -2.658223151044133, '_a2_': 1.4465760891054804, '_a7_': -0.8291787706154384, '_a0_': 1.0, '_a3_': 1.0, '_a4_': 1.0, '_a5_': 1.0, '_a6_': 1.0}};{'d0': 0.024905832919416653};-280.569866449044;30.87632175637634
16720;-109.408611468145;(x * (_a2_ + pow2((((_a1_ * x) + _a7_) / _a2_))));{'d0': {'_a1_': -2.658223151044133, '_a2_': 1.4465760891054804, '_a7_': -0.8291787706154384, '_a0_': 1.0, '_a3_': 1.0, '_a4_': 1.0, '_a5_': 1.0, '_a6_': 1.0}};{'d0': 0.024905832919416653};-280.569866449044;30.87632175637634
16721;-109.408611468145;(x * (_a2_ + pow2((((_a1_ * x) + _a7_) / _a2_))));{'d0': {'_a1_': -2.658223151044133, '_a2_': 1.4465760891054804, '_a7_': -0.8291787706154384, '_a0_': 1.0, '_a3_': 1.0, '_a4_': 1.0, '_a5_': 1.0, '_a6_': 1.0}};{'d0': 0.024905832919416653};-280.569866449044;30.87632175637634
16722;-109.408611468145;(x * (_a2_ + pow2((((_a1_ * x) + _a7_) / _a2_))));{'d0': {'_a1_': -2.658223151044133, '_a2_': 1.4465760891054804, '_a7_': -0.8291787706154384, '_a0_': 1.0, '_a3_': 1.0, '_a4_': 1.0, '_a5_': 1.0, '_a6_': 1.0}};{'d0': 0.024905832919416653};-280.569866449044;30.87632175637634
16723;-109.408611468145;(x * (_a2_ + pow2((((_a1_ * x) + _a7_) / _a2_))));{'d0': {'_a1_': -2.658223151044133, '_a2_': 1.4465760891054804, '_a7_': -0.8291787706154384, '_a0_': 1.0, '_a3_': 1.0, '_a4_': 1.0, '_a5_': 1.0, '_a6_': 1.0}};{'d0': 0.024905832919416653};-280.569866449044;30.87632175637634
16724;-109.408611468145;(x * (_a2_ + pow2((((_a1_ * x) + _a7_) / _a2_))));{'d0': {'_a1_': -2.658223151044133, '_a2_': 1.4465760891054804, '_a7_': -0.8291787706154384, '_a0_': 1.0, '_a3_': 1.0, '_a4_': 1.0, '_a5_': 1.0, '_a6_': 1.0}};{'d0': 0.024905832919416653};-280.569866449044;30.87632175637634
16725;-109.408611468145;(x * (_a2_ + pow2((((_a1_ * x) + _a7_) / _a2_))));{'d0': {'_a1_': -2.658223151044133, '_a2_': 1.4465760891054804, '_a7_': -0.8291787706154384, '_a0_': 1.0, '_a3_': 1.0, '_a4_': 1.0, '_a5_': 1.0, '_a6_': 1.0}};{'d0': 0.024905832919416653};-280.569866449044;30.87632175637634
16726;-109.408611468145;(x * (_a2_ + pow2((((_a1_ * x) + _a7_) / _a2_))));{'d0': {'_a1_': -2.658223151044133, '_a2_': 1.4465760891054804, '_a7_': -0.8291787706154384, '_a0_': 1.0, '_a3_': 1.0, '_a4_': 1.0, '_a5_': 1.0, '_a6_': 1.0}};{'d0': 0.024905832919416653};-280.569866449044;30.87632175637634
16727;-109.408611468145;(x * (_a2_ + pow2((((_a1_ * x) + _a7_) / _a2_))));{'d0': {'_a1_': -2.658223151044133, '_a2_': 1.4465760891054804, '_a7_': -0.8291787706154384, '_a0_': 1.0, '_a3_': 1.0, '_a4_': 1.0, '_a5_': 1.0, '_a6_': 1.0}};{'d0': 0.024905832919416653};-280.569866449044;30.87632175637634
16728;-109.408611468145;(x * (_a2_ + pow2((((_a1_ * x) + _a7_) / _a2_))));{'d0': {'_a1_': -2.658223151044133, '_a2_': 1.4465760891054804, '_a7_': -0.8291787706154384, '_a0_': 1.0, '_a3_': 1.0, '_a4_': 1.0, '_a5_': 1.0, '_a6_': 1.0}};{'d0': 0.024905832919416653};-280.569866449044;30.87632175637634
16729;-109.408611468145;(x * (_a2_ + pow2((((_a1_ * x) + _a7_) / _a2_))));{'d0': {'_a1_': -2.658223151044133, '_a2_': 1.4465760891054804, '_a7_': -0.8291787706154384, '_a0_': 1.0, '_a3_': 1.0, '_a4_': 1.0, '_a5_': 1.0, '_a6_': 1.0}};{'d0': 0.024905832919416653};-280.569866449044;30.87632175637634
16730;-109.408611468145;(x * (_a2_ + pow2((((_a1_ * x) + _a7_) / _a2_))));{'d0': {'_a1_': -2.658223151044133, '_a2_': 1.4465760891054804, '_a7_': -0.8291787706154384, '_a0_': 1.0, '_a3_': 1.0, '_a4_': 1.0, '_a5_': 1.0, '_a6_': 1.0}};{'d0': 0.024905832919416653};-280.569866449044;30.87632175637634
16731;-101.233051095001;(((_a3_ * (((x + (_a7_ / _a0_)) * x) * _a2_)) + _a3_) * x);{'d0': {'_a0_': 3581.0968316590834, '_a2_': 1.9022553916975153, '_a3_': 1.7751354004624882, '_a7_': 2234.1008994803415, '_a1_': 1.0, '_a4_': 1.0, '_a5_': 1.0, '_a6_': 1.0}};{'d0': 0.024905832919459227};-276.475521886719;37.004709848358424
16732;-101.233051095001;(((_a3_ * (((x + (_a7_ / _a0_)) * x) * _a2_)) + _a3_) * x);{'d0': {'_a0_': 3581.0968316590834, '_a2_': 1.9022553916975153, '_a3_': 1.7751354004624882, '_a7_': 2234.1008994803415, '_a1_': 1.0, '_a4_': 1.0, '_a5_': 1.0, '_a6_': 1.0}};{'d0': 0.024905832919459227};-276.475521886719;37.004709848358424
16733;-101.233051095001;(((_a3_ * (((x + (_a7_ / _a0_)) * x) * _a2_)) + _a3_) * x);{'d0': {'_a0_': 3581.0968316590834, '_a2_': 1.9022553916975153, '_a3_': 1.7751354004624882, '_a7_': 2234.1008994803415, '_a1_': 1.0, '_a4_': 1.0, '_a5_': 1.0, '_a6_': 1.0}};{'d0': 0.024905832919459227};-276.475521886719;37.004709848358424
16734;-101.233051095001;(((_a3_ * (((x + (_a7_ / _a0_)) * x) * _a2_)) + _a3_) * x);{'d0': {'_a0_': 3581.0968316590834, '_a2_': 1.9022553916975153, '_a3_': 1.7751354004624882, '_a7_': 2234.1008994803415, '_a1_': 1.0, '_a4_': 1.0, '_a5_': 1.0, '_a6_': 1.0}};{'d0': 0.024905832919459227};-276.475521886719;37.004709848358424
16735;-101.233051095001;(((_a3_ * (((x + (_a7_ / _a0_)) * x) * _a2_)) + _a3_) * x);{'d0': {'_a0_': 3581.0968316590834, '_a2_': 1.9022553916975153, '_a3_': 1.7751354004624882, '_a7_': 2234.1008994803415, '_a1_': 1.0, '_a4_': 1.0, '_a5_': 1.0, '_a6_': 1.0}};{'d0': 0.024905832919459227};-276.475521886719;37.004709848358424
16736;-101.233051095001;(((_a3_ * (((x + (_a7_ / _a0_)) * x) * _a2_)) + _a3_) * x);{'d0': {'_a0_': 3581.0968316590834, '_a2_': 1.9022553916975153, '_a3_': 1.7751354004624882, '_a7_': 2234.1008994803415, '_a1_': 1.0, '_a4_': 1.0, '_a5_': 1.0, '_a6_': 1.0}};{'d0': 0.024905832919459227};-276.475521886719;37.004709848358424
16737;-101.233051095001;(((_a3_ * (((x + (_a7_ / _a0_)) * x) * _a2_)) + _a3_) * x);{'d0': {'_a0_': 3581.0968316590834, '_a2_': 1.9022553916975153, '_a3_': 1.7751354004624882, '_a7_': 2234.1008994803415, '_a1_': 1.0, '_a4_': 1.0, '_a5_': 1.0, '_a6_': 1.0}};{'d0': 0.024905832919459227};-276.475521886719;37.004709848358424
16738;-101.233051095001;(((_a3_ * (((x + (_a7_ / _a0_)) * x) * _a2_)) + _a3_) * x);{'d0': {'_a0_': 3581.0968316590834, '_a2_': 1.9022553916975153, '_a3_': 1.7751354004624882, '_a7_': 2234.1008994803415, '_a1_': 1.0, '_a4_': 1.0, '_a5_': 1.0, '_a6_': 1.0}};{'d0': 0.024905832919459227};-276.475521886719;37.004709848358424
16739;-101.233051095001;(((_a3_ * (((x + (_a7_ / _a0_)) * x) * _a2_)) + _a3_) * x);{'d0': {'_a0_': 3581.0968316590834, '_a2_': 1.9022553916975153, '_a3_': 1.7751354004624882, '_a7_': 2234.1008994803415, '_a1_': 1.0, '_a4_': 1.0, '_a5_': 1.0, '_a6_': 1.0}};{'d0': 0.024905832919459227};-276.475521886719;37.004709848358424
16740;-101.233051095001;(((_a3_ * (((x + (_a7_ / _a0_)) * x) * _a2_)) + _a3_) * x);{'d0': {'_a0_': 3581.0968316590834, '_a2_': 1.9022553916975153, '_a3_': 1.7751354004624882, '_a7_': 2234.1008994803415, '_a1_': 1.0, '_a4_': 1.0, '_a5_': 1.0, '_a6_': 1.0}};{'d0': 0.024905832919459227};-276.475521886719;37.004709848358424
16741;-101.233051095001;(((_a3_ * (((x + (_a7_ / _a0_)) * x) * _a2_)) + _a3_) * x);{'d0': {'_a0_': 3581.0968316590834, '_a2_': 1.9022553916975153, '_a3_': 1.7751354004624882, '_a7_': 2234.1008994803415, '_a1_': 1.0, '_a4_': 1.0, '_a5_': 1.0, '_a6_': 1.0}};{'d0': 0.024905832919459227};-276.475521886719;37.004709848358424
16742;-101.233051095001;(((_a3_ * (((x + (_a7_ / _a0_)) * x) * _a2_)) + _a3_) * x);{'d0': {'_a0_': 3581.0968316590834, '_a2_': 1.9022553916975153, '_a3_': 1.7751354004624882, '_a7_': 2234.1008994803415, '_a1_': 1.0, '_a4_': 1.0, '_a5_': 1.0, '_a6_': 1.0}};{'d0': 0.024905832919459227};-276.475521886719;37.004709848358424
16743;-101.233051095001;(((_a3_ * (((x + (_a7_ / _a0_)) * x) * _a2_)) + _a3_) * x);{'d0': {'_a0_': 3581.0968316590834, '_a2_': 1.9022553916975153, '_a3_': 1.7751354004624882, '_a7_': 2234.1008994803415, '_a1_': 1.0, '_a4_': 1.0, '_a5_': 1.0, '_a6_': 1.0}};{'d0': 0.024905832919459227};-276.475521886719;37.004709848358424
16744;-101.233051095001;(((_a3_ * (((x + (_a7_ / _a0_)) * x) * _a2_)) + _a3_) * x);{'d0': {'_a0_': 3581.0968316590834, '_a2_': 1.9022553916975153, '_a3_': 1.7751354004624882, '_a7_': 2234.1008994803415, '_a1_': 1.0, '_a4_': 1.0, '_a5_': 1.0, '_a6_': 1.0}};{'d0': 0.024905832919459227};-276.475521886719;37.004709848358424
16745;-101.233051095001;(((_a3_ * (((x + (_a7_ / _a0_)) * x) * _a2_)) + _a3_) * x);{'d0': {'_a0_': 3581.0968316590834, '_a2_': 1.9022553916975153, '_a3_': 1.7751354004624882, '_a7_': 2234.1008994803415, '_a1_': 1.0, '_a4_': 1.0, '_a5_': 1.0, '_a6_': 1.0}};{'d0': 0.024905832919459227};-276.475521886719;37.004709848358424
16746;-101.233051095001;(((_a3_ * (((x + (_a7_ / _a0_)) * x) * _a2_)) + _a3_) * x);{'d0': {'_a0_': 3581.0968316590834, '_a2_': 1.9022553916975153, '_a3_': 1.7751354004624882, '_a7_': 2234.1008994803415, '_a1_': 1.0, '_a4_': 1.0, '_a5_': 1.0, '_a6_': 1.0}};{'d0': 0.024905832919459227};-276.475521886719;37.004709848358424
16747;-101.233051095001;(((_a3_ * (((x + (_a7_ / _a0_)) * x) * _a2_)) + _a3_) * x);{'d0': {'_a0_': 3581.0968316590834, '_a2_': 1.9022553916975153, '_a3_': 1.7751354004624882, '_a7_': 2234.1008994803415, '_a1_': 1.0, '_a4_': 1.0, '_a5_': 1.0, '_a6_': 1.0}};{'d0': 0.024905832919459227};-276.475521886719;37.004709848358424
16748;-101.233051095001;(((_a3_ * (((x + (_a7_ / _a0_)) * x) * _a2_)) + _a3_) * x);{'d0': {'_a0_': 3581.0968316590834, '_a2_': 1.9022553916975153, '_a3_': 1.7751354004624882, '_a7_': 2234.1008994803415, '_a1_': 1.0, '_a4_': 1.0, '_a5_': 1.0, '_a6_': 1.0}};{'d0': 0.024905832919459227};-276.475521886719;37.004709848358424
16749;-101.233051095001;(((_a3_ * (((x + (_a7_ / _a0_)) * x) * _a2_)) + _a3_) * x);{'d0': {'_a0_': 3581.0968316590834, '_a2_': 1.9022553916975153, '_a3_': 1.7751354004624882, '_a7_': 2234.1008994803415, '_a1_': 1.0, '_a4_': 1.0, '_a5_': 1.0, '_a6_': 1.0}};{'d0': 0.024905832919459227};-276.475521886719;37.004709848358424
16750;-101.233051095001;(((_a3_ * (((x + (_a7_ / _a0_)) * x) * _a2_)) + _a3_) * x);{'d0': {'_a0_': 3581.0968316590834, '_a2_': 1.9022553916975153, '_a3_': 1.7751354004624882, '_a7_': 2234.1008994803415, '_a1_': 1.0, '_a4_': 1.0, '_a5_': 1.0, '_a6_': 1.0}};{'d0': 0.024905832919459227};-276.475521886719;37.004709848358424
16751;-101.233051095001;(((_a3_ * (((x + (_a7_ / _a0_)) * x) * _a2_)) + _a3_) * x);{'d0': {'_a0_': 3581.0968316590834, '_a2_': 1.9022553916975153, '_a3_': 1.7751354004624882, '_a7_': 2234.1008994803415, '_a1_': 1.0, '_a4_': 1.0, '_a5_': 1.0, '_a6_': 1.0}};{'d0': 0.024905832919459227};-276.475521886719;37.004709848358424
16752;-101.233051095001;(((_a3_ * (((x + (_a7_ / _a0_)) * x) * _a2_)) + _a3_) * x);{'d0': {'_a0_': 3581.0968316590834, '_a2_': 1.9022553916975153, '_a3_': 1.7751354004624882, '_a7_': 2234.1008994803415, '_a1_': 1.0, '_a4_': 1.0, '_a5_': 1.0, '_a6_': 1.0}};{'d0': 0.024905832919459227};-276.475521886719;37.004709848358424
16753;-103.280223376163;(((_a3_ * (((x + (_a7_ / _a0_)) * x) * _a7_)) + _a3_) * x);{'d0': {'_a0_': 3.049173157163522, '_a3_': 1.7751354039976937, '_a7_': 1.902255383508022, '_a1_': 1.0, '_a2_': 1.0, '_a4_': 1.0, '_a5_': 1.0, '_a6_': 1.0}};{'d0': 0.024905832919416615};-280.569866449044;37.004709848358424
16754;-103.280223376163;(((_a3_ * (((x + (_a7_ / _a0_)) * x) * _a7_)) + _a3_) * x);{'d0': {'_a0_': 3.049173157163522, '_a3_': 1.7751354039976937, '_a7_': 1.902255383508022, '_a1_': 1.0, '_a2_': 1.0, '_a4_': 1.0, '_a5_': 1.0, '_a6_': 1.0}};{'d0': 0.024905832919416615};-280.569866449044;37.004709848358424
16755;-103.280223376163;(((_a3_ * (((x + (_a7_ / _a0_)) * x) * _a7_)) + _a3_) * x);{'d0': {'_a0_': 3.049173157163522, '_a3_': 1.7751354039976937, '_a7_': 1.902255383508022, '_a1_': 1.0, '_a2_': 1.0, '_a4_': 1.0, '_a5_': 1.0, '_a6_': 1.0}};{'d0': 0.024905832919416615};-280.569866449044;37.004709848358424
16756;-103.280223376163;(((_a3_ * (((x + (_a7_ / _a0_)) * x) * _a7_)) + _a3_) * x);{'d0': {'_a0_': 3.049173157163522, '_a3_': 1.7751354039976937, '_a7_': 1.902255383508022, '_a1_': 1.0, '_a2_': 1.0, '_a4_': 1.0, '_a5_': 1.0, '_a6_': 1.0}};{'d0': 0.024905832919416615};-280.569866449044;37.004709848358424
16757;-103.280223376163;(((_a3_ * (((x + (_a7_ / _a0_)) * x) * _a7_)) + _a3_) * x);{'d0': {'_a0_': 3.049173157163522, '_a3_': 1.7751354039976937, '_a7_': 1.902255383508022, '_a1_': 1.0, '_a2_': 1.0, '_a4_': 1.0, '_a5_': 1.0, '_a6_': 1.0}};{'d0': 0.024905832919416615};-280.569866449044;37.004709848358424
16758;-103.280223376163;(((_a3_ * (((x + (_a7_ / _a0_)) * x) * _a7_)) + _a7_) * x);{'d0': {'_a0_': 2.845409334652068, '_a3_': 1.9022553816571912, '_a7_': 1.7751354047693488, '_a1_': 1.0, '_a2_': 1.0, '_a4_': 1.0, '_a5_': 1.0, '_a6_': 1.0}};{'d0': 0.024905832919416625};-280.569866449044;37.004709848358424
16759;-103.280223376163;(((_a3_ * (((x + (_a7_ / _a0_)) * x) * _a7_)) + _a7_) * x);{'d0': {'_a0_': 2.845409334652068, '_a3_': 1.9022553816571912, '_a7_': 1.7751354047693488, '_a1_': 1.0, '_a2_': 1.0, '_a4_': 1.0, '_a5_': 1.0, '_a6_': 1.0}};{'d0': 0.024905832919416625};-280.569866449044;37.004709848358424
16760;-103.280223376163;(((_a3_ * (((x + (_a7_ / _a0_)) * x) * _a7_)) + _a7_) * x);{'d0': {'_a0_': 2.845409334652068, '_a3_': 1.9022553816571912, '_a7_': 1.7751354047693488, '_a1_': 1.0, '_a2_': 1.0, '_a4_': 1.0, '_a5_': 1.0, '_a6_': 1.0}};{'d0': 0.024905832919416625};-280.569866449044;37.004709848358424
16761;-103.280223376163;(((_a3_ * (((x + (_a7_ / _a0_)) * x) * _a7_)) + _a7_) * x);{'d0': {'_a0_': 2.845409334652068, '_a3_': 1.9022553816571912, '_a7_': 1.7751354047693488, '_a1_': 1.0, '_a2_': 1.0, '_a4_': 1.0, '_a5_': 1.0, '_a6_': 1.0}};{'d0': 0.024905832919416625};-280.569866449044;37.004709848358424
16762;-103.280223376163;(((_a3_ * (((x + (_a7_ / _a0_)) * x) * _a7_)) + _a7_) * x);{'d0': {'_a0_': 2.845409334652068, '_a3_': 1.9022553816571912, '_a7_': 1.7751354047693488, '_a1_': 1.0, '_a2_': 1.0, '_a4_': 1.0, '_a5_': 1.0, '_a6_': 1.0}};{'d0': 0.024905832919416625};-280.569866449044;37.004709848358424
16763;-109.408611468145;(x * (_a2_ + pow2((((_a1_ * x) + _a7_) / _a2_))));{'d0': {'_a1_': -2.658223151044133, '_a2_': 1.4465760891054804, '_a7_': -0.8291787706154384, '_a0_': 1.0, '_a3_': 1.0, '_a4_': 1.0, '_a5_': 1.0, '_a6_': 1.0}};{'d0': 0.024905832919416653};-280.569866449044;30.87632175637634
16764;-109.408611468145;(x * (_a2_ + pow2((((_a1_ * x) + _a7_) / _a2_))));{'d0': {'_a1_': -2.658223151044133, '_a2_': 1.4465760891054804, '_a7_': -0.8291787706154384, '_a0_': 1.0, '_a3_': 1.0, '_a4_': 1.0, '_a5_': 1.0, '_a6_': 1.0}};{'d0': 0.024905832919416653};-280.569866449044;30.87632175637634
16765;-109.408611468145;(x * (_a2_ + pow2((((_a1_ * x) + _a7_) / _a2_))));{'d0': {'_a1_': -2.658223151044133, '_a2_': 1.4465760891054804, '_a7_': -0.8291787706154384, '_a0_': 1.0, '_a3_': 1.0, '_a4_': 1.0, '_a5_': 1.0, '_a6_': 1.0}};{'d0': 0.024905832919416653};-280.569866449044;30.87632175637634
16766;-109.408611468145;(x * (_a2_ + pow2((((_a1_ * x) + _a7_) / _a2_))));{'d0': {'_a1_': -2.658223151044133, '_a2_': 1.4465760891054804, '_a7_': -0.8291787706154384, '_a0_': 1.0, '_a3_': 1.0, '_a4_': 1.0, '_a5_': 1.0, '_a6_': 1.0}};{'d0': 0.024905832919416653};-280.569866449044;30.87632175637634
16767;-103.280223376163;(((_a3_ * (((x + (_a7_ / _a0_)) * x) * _a7_)) + _a7_) * x);{'d0': {'_a0_': 2.845409334652068, '_a3_': 1.9022553816571912, '_a7_': 1.7751354047693488, '_a1_': 1.0, '_a2_': 1.0, '_a4_': 1.0, '_a5_': 1.0, '_a6_': 1.0}};{'d0': 0.024905832919416625};-280.569866449044;37.004709848358424
16768;-103.280223376163;(((_a3_ * (((x + (_a7_ / _a0_)) * x) * _a7_)) + _a7_) * x);{'d0': {'_a0_': 2.845409334652068, '_a3_': 1.9022553816571912, '_a7_': 1.7751354047693488, '_a1_': 1.0, '_a2_': 1.0, '_a4_': 1.0, '_a5_': 1.0, '_a6_': 1.0}};{'d0': 0.024905832919416625};-280.569866449044;37.004709848358424
16769;-103.280223376163;(((_a3_ * (((x + (_a7_ / _a0_)) * x) * _a7_)) + _a7_) * x);{'d0': {'_a0_': 2.845409334652068, '_a3_': 1.9022553816571912, '_a7_': 1.7751354047693488, '_a1_': 1.0, '_a2_': 1.0, '_a4_': 1.0, '_a5_': 1.0, '_a6_': 1.0}};{'d0': 0.024905832919416625};-280.569866449044;37.004709848358424
16770;-103.280223376163;(((_a3_ * (((x + (_a7_ / _a0_)) * x) * _a7_)) + _a7_) * x);{'d0': {'_a0_': 2.845409334652068, '_a3_': 1.9022553816571912, '_a7_': 1.7751354047693488, '_a1_': 1.0, '_a2_': 1.0, '_a4_': 1.0, '_a5_': 1.0, '_a6_': 1.0}};{'d0': 0.024905832919416625};-280.569866449044;37.004709848358424
16771;-103.280223376163;(((_a3_ * (((x + (_a7_ / _a0_)) * x) * _a7_)) + _a7_) * x);{'d0': {'_a0_': 2.845409334652068, '_a3_': 1.9022553816571912, '_a7_': 1.7751354047693488, '_a1_': 1.0, '_a2_': 1.0, '_a4_': 1.0, '_a5_': 1.0, '_a6_': 1.0}};{'d0': 0.024905832919416625};-280.569866449044;37.004709848358424
16772;-103.280223376163;(((_a3_ * (((x + (_a7_ / _a0_)) * x) * _a7_)) + _a7_) * x);{'d0': {'_a0_': 2.845409334652068, '_a3_': 1.9022553816571912, '_a7_': 1.7751354047693488, '_a1_': 1.0, '_a2_': 1.0, '_a4_': 1.0, '_a5_': 1.0, '_a6_': 1.0}};{'d0': 0.024905832919416625};-280.569866449044;37.004709848358424
16773;-103.280223376163;(((_a3_ * (((x + (_a7_ / _a0_)) * x) * _a7_)) + _a7_) * x);{'d0': {'_a0_': 2.845409334652068, '_a3_': 1.9022553816571912, '_a7_': 1.7751354047693488, '_a1_': 1.0, '_a2_': 1.0, '_a4_': 1.0, '_a5_': 1.0, '_a6_': 1.0}};{'d0': 0.024905832919416625};-280.569866449044;37.004709848358424
16774;-103.280223376163;(((_a3_ * (((x + (_a7_ / _a0_)) * x) * _a7_)) + _a7_) * x);{'d0': {'_a0_': 2.845409334652068, '_a3_': 1.9022553816571912, '_a7_': 1.7751354047693488, '_a1_': 1.0, '_a2_': 1.0, '_a4_': 1.0, '_a5_': 1.0, '_a6_': 1.0}};{'d0': 0.024905832919416625};-280.569866449044;37.004709848358424
16775;-99.5822889035533;(((_a3_ * (((x + (_a7_ / pow2(_a5_))) * x) * _a7_)) + _a7_) * x);{'d0': {'_a3_': 1.9022553819920436, '_a5_': 1.6868341158802498, '_a7_': 1.775135404654312, '_a0_': 1.0, '_a1_': 1.0, '_a2_': 1.0, '_a4_': 1.0, '_a6_': 1.0}};{'d0': 0.024905832919416643};-280.569866449044;40.702644320968425
16776;-99.5822889035533;(((_a3_ * (((x + (_a7_ / pow2(_a5_))) * x) * _a7_)) + _a7_) * x);{'d0': {'_a3_': 1.9022553819920436, '_a5_': 1.6868341158802498, '_a7_': 1.775135404654312, '_a0_': 1.0, '_a1_': 1.0, '_a2_': 1.0, '_a4_': 1.0, '_a6_': 1.0}};{'d0': 0.024905832919416643};-280.569866449044;40.702644320968425
16777;-99.5822889035533;(((_a3_ * (((x + (_a7_ / pow2(_a5_))) * x) * _a7_)) + _a7_) * x);{'d0': {'_a3_': 1.9022553819920436, '_a5_': 1.6868341158802498, '_a7_': 1.775135404654312, '_a0_': 1.0, '_a1_': 1.0, '_a2_': 1.0, '_a4_': 1.0, '_a6_': 1.0}};{'d0': 0.024905832919416643};-280.569866449044;40.702644320968425
16778;-99.5822889035533;(((_a3_ * (((x + (_a7_ / pow2(_a5_))) * x) * _a7_)) + _a7_) * x);{'d0': {'_a3_': 1.9022553819920436, '_a5_': 1.6868341158802498, '_a7_': 1.775135404654312, '_a0_': 1.0, '_a1_': 1.0, '_a2_': 1.0, '_a4_': 1.0, '_a6_': 1.0}};{'d0': 0.024905832919416643};-280.569866449044;40.702644320968425
16779;-99.5822889035533;(((_a3_ * (((x + (_a7_ / pow2(_a5_))) * x) * _a7_)) + _a7_) * x);{'d0': {'_a3_': 1.9022553819920436, '_a5_': 1.6868341158802498, '_a7_': 1.775135404654312, '_a0_': 1.0, '_a1_': 1.0, '_a2_': 1.0, '_a4_': 1.0, '_a6_': 1.0}};{'d0': 0.024905832919416643};-280.569866449044;40.702644320968425
16780;-99.5822889035533;(((_a3_ * (((x + (_a7_ / pow2(_a5_))) * x) * _a7_)) + _a7_) * x);{'d0': {'_a3_': 1.9022553819920436, '_a5_': 1.6868341158802498, '_a7_': 1.775135404654312, '_a0_': 1.0, '_a1_': 1.0, '_a2_': 1.0, '_a4_': 1.0, '_a6_': 1.0}};{'d0': 0.024905832919416643};-280.569866449044;40.702644320968425
16781;-99.5822889035533;(((_a3_ * (((x + (_a7_ / pow2(_a5_))) * x) * _a7_)) + _a7_) * x);{'d0': {'_a3_': 1.9022553819920436, '_a5_': 1.6868341158802498, '_a7_': 1.775135404654312, '_a0_': 1.0, '_a1_': 1.0, '_a2_': 1.0, '_a4_': 1.0, '_a6_': 1.0}};{'d0': 0.024905832919416643};-280.569866449044;40.702644320968425
16782;-99.5822889035533;(((_a3_ * (((x + (_a7_ / pow2(_a5_))) * x) * _a7_)) + _a7_) * x);{'d0': {'_a3_': 1.9022553819920436, '_a5_': 1.6868341158802498, '_a7_': 1.775135404654312, '_a0_': 1.0, '_a1_': 1.0, '_a2_': 1.0, '_a4_': 1.0, '_a6_': 1.0}};{'d0': 0.024905832919416643};-280.569866449044;40.702644320968425
16783;-99.5822889035533;(((_a3_ * (((x + (_a7_ / pow2(_a5_))) * x) * _a7_)) + _a7_) * x);{'d0': {'_a3_': 1.9022553819920436, '_a5_': 1.6868341158802498, '_a7_': 1.775135404654312, '_a0_': 1.0, '_a1_': 1.0, '_a2_': 1.0, '_a4_': 1.0, '_a6_': 1.0}};{'d0': 0.024905832919416643};-280.569866449044;40.702644320968425
16784;-99.5822889035533;(((_a3_ * (((x + (_a7_ / pow2(_a5_))) * x) * _a7_)) + _a7_) * x);{'d0': {'_a3_': 1.9022553819920436, '_a5_': 1.6868341158802498, '_a7_': 1.775135404654312, '_a0_': 1.0, '_a1_': 1.0, '_a2_': 1.0, '_a4_': 1.0, '_a6_': 1.0}};{'d0': 0.024905832919416643};-280.569866449044;40.702644320968425
16785;-99.5822889035533;(((_a3_ * (((x + (_a7_ / pow2(_a5_))) * x) * _a7_)) + _a7_) * x);{'d0': {'_a3_': 1.9022553819920436, '_a5_': 1.6868341158802498, '_a7_': 1.775135404654312, '_a0_': 1.0, '_a1_': 1.0, '_a2_': 1.0, '_a4_': 1.0, '_a6_': 1.0}};{'d0': 0.024905832919416643};-280.569866449044;40.702644320968425
16786;-99.5822889035533;(((_a3_ * (((x + (_a7_ / pow2(_a5_))) * x) * _a7_)) + _a7_) * x);{'d0': {'_a3_': 1.9022553819920436, '_a5_': 1.6868341158802498, '_a7_': 1.775135404654312, '_a0_': 1.0, '_a1_': 1.0, '_a2_': 1.0, '_a4_': 1.0, '_a6_': 1.0}};{'d0': 0.024905832919416643};-280.569866449044;40.702644320968425
16787;-99.5822889035533;(((_a3_ * (((x + (_a7_ / pow2(_a5_))) * x) * _a7_)) + _a7_) * x);{'d0': {'_a3_': 1.9022553819920436, '_a5_': 1.6868341158802498, '_a7_': 1.775135404654312, '_a0_': 1.0, '_a1_': 1.0, '_a2_': 1.0, '_a4_': 1.0, '_a6_': 1.0}};{'d0': 0.024905832919416643};-280.569866449044;40.702644320968425
16788;-99.5822889035533;(((_a3_ * (((x + (_a7_ / pow2(_a5_))) * x) * _a7_)) + _a7_) * x);{'d0': {'_a3_': 1.9022553819920436, '_a5_': 1.6868341158802498, '_a7_': 1.775135404654312, '_a0_': 1.0, '_a1_': 1.0, '_a2_': 1.0, '_a4_': 1.0, '_a6_': 1.0}};{'d0': 0.024905832919416643};-280.569866449044;40.702644320968425
16789;-99.5822889035533;(((_a3_ * (((x + (_a7_ / pow2(_a5_))) * x) * _a7_)) + _a7_) * x);{'d0': {'_a3_': 1.9022553819920436, '_a5_': 1.6868341158802498, '_a7_': 1.775135404654312, '_a0_': 1.0, '_a1_': 1.0, '_a2_': 1.0, '_a4_': 1.0, '_a6_': 1.0}};{'d0': 0.024905832919416643};-280.569866449044;40.702644320968425
16790;-99.5822889035533;(((_a3_ * (((x + (_a7_ / pow2(_a5_))) * x) * _a7_)) + _a7_) * x);{'d0': {'_a3_': 1.9022553819920436, '_a5_': 1.6868341158802498, '_a7_': 1.775135404654312, '_a0_': 1.0, '_a1_': 1.0, '_a2_': 1.0, '_a4_': 1.0, '_a6_': 1.0}};{'d0': 0.024905832919416643};-280.569866449044;40.702644320968425
16791;-99.5822889035533;(((_a3_ * (((x + (_a7_ / pow2(_a5_))) * x) * _a7_)) + _a7_) * x);{'d0': {'_a3_': 1.9022553819920436, '_a5_': 1.6868341158802498, '_a7_': 1.775135404654312, '_a0_': 1.0, '_a1_': 1.0, '_a2_': 1.0, '_a4_': 1.0, '_a6_': 1.0}};{'d0': 0.024905832919416643};-280.569866449044;40.702644320968425
16792;-99.5822889035533;(((_a3_ * (((x + (_a7_ / pow2(_a5_))) * x) * _a7_)) + _a7_) * x);{'d0': {'_a3_': 1.9022553819920436, '_a5_': 1.6868341158802498, '_a7_': 1.775135404654312, '_a0_': 1.0, '_a1_': 1.0, '_a2_': 1.0, '_a4_': 1.0, '_a6_': 1.0}};{'d0': 0.024905832919416643};-280.569866449044;40.702644320968425
16793;-99.5822889035533;(((_a3_ * (((x + (_a7_ / pow2(_a5_))) * x) * _a7_)) + _a7_) * x);{'d0': {'_a3_': 1.9022553819920436, '_a5_': 1.6868341158802498, '_a7_': 1.775135404654312, '_a0_': 1.0, '_a1_': 1.0, '_a2_': 1.0, '_a4_': 1.0, '_a6_': 1.0}};{'d0': 0.024905832919416643};-280.569866449044;40.702644320968425
16794;-99.5822889035533;(((_a3_ * (((x + (_a7_ / pow2(_a5_))) * x) * _a7_)) + _a7_) * x);{'d0': {'_a3_': 1.9022553819920436, '_a5_': 1.6868341158802498, '_a7_': 1.775135404654312, '_a0_': 1.0, '_a1_': 1.0, '_a2_': 1.0, '_a4_': 1.0, '_a6_': 1.0}};{'d0': 0.024905832919416643};-280.569866449044;40.702644320968425
16795;-99.5822889035533;(((_a3_ * (((x + (_a7_ / pow2(_a5_))) * x) * _a7_)) + _a7_) * x);{'d0': {'_a3_': 1.9022553819920436, '_a5_': 1.6868341158802498, '_a7_': 1.775135404654312, '_a0_': 1.0, '_a1_': 1.0, '_a2_': 1.0, '_a4_': 1.0, '_a6_': 1.0}};{'d0': 0.024905832919416643};-280.569866449044;40.702644320968425
16796;-99.5822889035533;(((_a3_ * (((x + (_a7_ / pow2(_a5_))) * x) * _a5_)) + _a7_) * x);{'d0': {'_a3_': 2.0018334010097423, '_a5_': 1.6868341159853208, '_a7_': 1.7751354045524739, '_a0_': 1.0, '_a1_': 1.0, '_a2_': 1.0, '_a4_': 1.0, '_a6_': 1.0}};{'d0': 0.024905832919416625};-280.569866449044;40.702644320968425
16797;-98.0459975152870;(((((pow2(_a4_) ** (x + _a2_)) + x) + pow2(x)) * x) / _a7_);{'d0': {'_a2_': 1.0097026604306083, '_a4_': 0.7651048961035288, '_a7_': 0.32629246519125565, '_a0_': 1.0, '_a1_': 1.0, '_a3_': 1.0, '_a5_': 1.0, '_a6_': 1.0}};{'d0': 0.024810671865303537};-280.799555573181;42.35378027130349
16798;-98.0459975152870;(((((pow2(_a4_) ** (x + _a2_)) + x) + pow2(x)) * x) / _a7_);{'d0': {'_a2_': 1.0097026604306083, '_a4_': 0.7651048961035288, '_a7_': 0.32629246519125565, '_a0_': 1.0, '_a1_': 1.0, '_a3_': 1.0, '_a5_': 1.0, '_a6_': 1.0}};{'d0': 0.024810671865303537};-280.799555573181;42.35378027130349
16799;-98.0459975152870;(((((pow2(_a4_) ** (x + _a2_)) + x) + pow2(x)) * x) / _a7_);{'d0': {'_a2_': 1.0097026604306083, '_a4_': 0.7651048961035288, '_a7_': 0.32629246519125565, '_a0_': 1.0, '_a1_': 1.0, '_a3_': 1.0, '_a5_': 1.0, '_a6_': 1.0}};{'d0': 0.024810671865303537};-280.799555573181;42.35378027130349
16800;-98.0459975152870;(((((pow2(_a4_) ** (x + _a2_)) + x) + pow2(x)) * x) / _a7_);{'d0': {'_a2_': 1.0097026604306083, '_a4_': 0.7651048961035288, '_a7_': 0.32629246519125565, '_a0_': 1.0, '_a1_': 1.0, '_a3_': 1.0, '_a5_': 1.0, '_a6_': 1.0}};{'d0': 0.024810671865303537};-280.799555573181;42.35378027130349
16801;-98.0459975152870;(((((pow2(_a4_) ** (x + _a2_)) + x) + pow2(x)) * x) / _a7_);{'d0': {'_a2_': 1.0097026604306083, '_a4_': 0.7651048961035288, '_a7_': 0.32629246519125565, '_a0_': 1.0, '_a1_': 1.0, '_a3_': 1.0, '_a5_': 1.0, '_a6_': 1.0}};{'d0': 0.024810671865303537};-280.799555573181;42.35378027130349
16802;-98.0459975152870;(((((pow2(_a4_) ** (x + _a2_)) + x) + pow2(x)) * x) / _a7_);{'d0': {'_a2_': 1.0097026604306083, '_a4_': 0.7651048961035288, '_a7_': 0.32629246519125565, '_a0_': 1.0, '_a1_': 1.0, '_a3_': 1.0, '_a5_': 1.0, '_a6_': 1.0}};{'d0': 0.024810671865303537};-280.799555573181;42.35378027130349
16803;-98.0459975152870;(((((pow2(_a4_) ** (x + _a2_)) + x) + pow2(x)) * x) / _a7_);{'d0': {'_a2_': 1.0097026604306083, '_a4_': 0.7651048961035288, '_a7_': 0.32629246519125565, '_a0_': 1.0, '_a1_': 1.0, '_a3_': 1.0, '_a5_': 1.0, '_a6_': 1.0}};{'d0': 0.024810671865303537};-280.799555573181;42.35378027130349
16804;-98.0459975152870;(((((pow2(_a4_) ** (x + _a2_)) + x) + pow2(x)) * x) / _a7_);{'d0': {'_a2_': 1.0097026604306083, '_a4_': 0.7651048961035288, '_a7_': 0.32629246519125565, '_a0_': 1.0, '_a1_': 1.0, '_a3_': 1.0, '_a5_': 1.0, '_a6_': 1.0}};{'d0': 0.024810671865303537};-280.799555573181;42.35378027130349
16805;-98.0459975152870;(((((pow2(_a4_) ** (x + _a2_)) + x) + pow2(x)) * x) / _a7_);{'d0': {'_a2_': 1.0097026604306083, '_a4_': 0.7651048961035288, '_a7_': 0.32629246519125565, '_a0_': 1.0, '_a1_': 1.0, '_a3_': 1.0, '_a5_': 1.0, '_a6_': 1.0}};{'d0': 0.024810671865303537};-280.799555573181;42.35378027130349
16806;-98.0459975152870;(((((pow2(_a4_) ** (x + _a2_)) + x) + pow2(x)) * x) / _a7_);{'d0': {'_a2_': 1.0097026604306083, '_a4_': 0.7651048961035288, '_a7_': 0.32629246519125565, '_a0_': 1.0, '_a1_': 1.0, '_a3_': 1.0, '_a5_': 1.0, '_a6_': 1.0}};{'d0': 0.024810671865303537};-280.799555573181;42.35378027130349
16807;-98.0459975152870;(((((pow2(_a4_) ** (x + _a2_)) + x) + pow2(x)) * x) / _a7_);{'d0': {'_a2_': 1.0097026604306083, '_a4_': 0.7651048961035288, '_a7_': 0.32629246519125565, '_a0_': 1.0, '_a1_': 1.0, '_a3_': 1.0, '_a5_': 1.0, '_a6_': 1.0}};{'d0': 0.024810671865303537};-280.799555573181;42.35378027130349
16808;-98.0459975152870;(((((pow2(_a4_) ** (x + _a2_)) + x) + pow2(x)) * x) / _a7_);{'d0': {'_a2_': 1.0097026604306083, '_a4_': 0.7651048961035288, '_a7_': 0.32629246519125565, '_a0_': 1.0, '_a1_': 1.0, '_a3_': 1.0, '_a5_': 1.0, '_a6_': 1.0}};{'d0': 0.024810671865303537};-280.799555573181;42.35378027130349
16809;-98.0459975152870;(((((pow2(_a4_) ** (x + _a2_)) + x) + pow2(x)) * x) / _a7_);{'d0': {'_a2_': 1.0097026604306083, '_a4_': 0.7651048961035288, '_a7_': 0.32629246519125565, '_a0_': 1.0, '_a1_': 1.0, '_a3_': 1.0, '_a5_': 1.0, '_a6_': 1.0}};{'d0': 0.024810671865303537};-280.799555573181;42.35378027130349
16810;-98.0459975152870;(((((pow2(_a4_) ** (x + _a2_)) + x) + pow2(x)) * x) / _a7_);{'d0': {'_a2_': 1.0097026604306083, '_a4_': 0.7651048961035288, '_a7_': 0.32629246519125565, '_a0_': 1.0, '_a1_': 1.0, '_a3_': 1.0, '_a5_': 1.0, '_a6_': 1.0}};{'d0': 0.024810671865303537};-280.799555573181;42.35378027130349
16811;-98.0459975152870;(((((pow2(_a4_) ** (x + _a2_)) + x) + pow2(x)) * x) / _a7_);{'d0': {'_a2_': 1.0097026604306083, '_a4_': 0.7651048961035288, '_a7_': 0.32629246519125565, '_a0_': 1.0, '_a1_': 1.0, '_a3_': 1.0, '_a5_': 1.0, '_a6_': 1.0}};{'d0': 0.024810671865303537};-280.799555573181;42.35378027130349
16812;-98.0459975152870;(((((pow2(_a4_) ** (x + _a2_)) + x) + pow2(x)) * x) / _a7_);{'d0': {'_a2_': 1.0097026604306083, '_a4_': 0.7651048961035288, '_a7_': 0.32629246519125565, '_a0_': 1.0, '_a1_': 1.0, '_a3_': 1.0, '_a5_': 1.0, '_a6_': 1.0}};{'d0': 0.024810671865303537};-280.799555573181;42.35378027130349
16813;-98.0459975152870;(((((pow2(_a4_) ** (x + _a2_)) + x) + pow2(x)) * x) / _a7_);{'d0': {'_a2_': 1.0097026604306083, '_a4_': 0.7651048961035288, '_a7_': 0.32629246519125565, '_a0_': 1.0, '_a1_': 1.0, '_a3_': 1.0, '_a5_': 1.0, '_a6_': 1.0}};{'d0': 0.024810671865303537};-280.799555573181;42.35378027130349
16814;-98.0459975152870;(((((pow2(_a4_) ** (x + _a2_)) + x) + pow2(x)) * x) / _a7_);{'d0': {'_a2_': 1.0097026604306083, '_a4_': 0.7651048961035288, '_a7_': 0.32629246519125565, '_a0_': 1.0, '_a1_': 1.0, '_a3_': 1.0, '_a5_': 1.0, '_a6_': 1.0}};{'d0': 0.024810671865303537};-280.799555573181;42.35378027130349
16815;-98.0459975152870;(((((pow2(_a4_) ** (x + _a2_)) + x) + pow2(x)) * x) / _a7_);{'d0': {'_a2_': 1.0097026604306083, '_a4_': 0.7651048961035288, '_a7_': 0.32629246519125565, '_a0_': 1.0, '_a1_': 1.0, '_a3_': 1.0, '_a5_': 1.0, '_a6_': 1.0}};{'d0': 0.024810671865303537};-280.799555573181;42.35378027130349
16816;-98.0459975152870;(((((pow2(_a4_) ** (x + _a2_)) + x) + pow2(x)) * x) / _a7_);{'d0': {'_a2_': 1.0097026604306083, '_a4_': 0.7651048961035288, '_a7_': 0.32629246519125565, '_a0_': 1.0, '_a1_': 1.0, '_a3_': 1.0, '_a5_': 1.0, '_a6_': 1.0}};{'d0': 0.024810671865303537};-280.799555573181;42.35378027130349
16817;-98.0459975152870;(((((pow2(_a4_) ** (x + _a2_)) + x) + pow2(x)) * x) / _a7_);{'d0': {'_a2_': 1.0097026604306083, '_a4_': 0.7651048961035288, '_a7_': 0.32629246519125565, '_a0_': 1.0, '_a1_': 1.0, '_a3_': 1.0, '_a5_': 1.0, '_a6_': 1.0}};{'d0': 0.024810671865303537};-280.799555573181;42.35378027130349
16818;-98.0459975152870;(((((pow2(_a4_) ** (x + _a2_)) + x) + pow2(x)) * x) / _a7_);{'d0': {'_a2_': 1.0097026604306083, '_a4_': 0.7651048961035288, '_a7_': 0.32629246519125565, '_a0_': 1.0, '_a1_': 1.0, '_a3_': 1.0, '_a5_': 1.0, '_a6_': 1.0}};{'d0': 0.024810671865303537};-280.799555573181;42.35378027130349
16819;-98.0459975152870;(((((pow2(_a4_) ** (x + _a2_)) + x) + pow2(x)) * x) / _a7_);{'d0': {'_a2_': 1.0097026604306083, '_a4_': 0.7651048961035288, '_a7_': 0.32629246519125565, '_a0_': 1.0, '_a1_': 1.0, '_a3_': 1.0, '_a5_': 1.0, '_a6_': 1.0}};{'d0': 0.024810671865303537};-280.799555573181;42.35378027130349
16820;-98.0459975152870;(((((pow2(_a4_) ** (x + _a2_)) + x) + pow2(x)) * x) / _a7_);{'d0': {'_a2_': 1.0097026604306083, '_a4_': 0.7651048961035288, '_a7_': 0.32629246519125565, '_a0_': 1.0, '_a1_': 1.0, '_a3_': 1.0, '_a5_': 1.0, '_a6_': 1.0}};{'d0': 0.024810671865303537};-280.799555573181;42.35378027130349
16821;-98.0459975152870;(((((pow2(_a4_) ** (x + _a2_)) + x) + pow2(x)) * x) / _a7_);{'d0': {'_a2_': 1.0097026604306083, '_a4_': 0.7651048961035288, '_a7_': 0.32629246519125565, '_a0_': 1.0, '_a1_': 1.0, '_a3_': 1.0, '_a5_': 1.0, '_a6_': 1.0}};{'d0': 0.024810671865303537};-280.799555573181;42.35378027130349
16822;-92.1253964662571;(((((pow2(_a4_) ** (x + (_a6_ + _a4_))) + x) + pow2(x)) * x) / _a7_);{'d0': {'_a4_': 0.7651048961369786, '_a6_': 0.24459776455056095, '_a7_': 0.32629246513524374, '_a0_': 1.0, '_a1_': 1.0, '_a2_': 1.0, '_a3_': 1.0, '_a5_': 1.0}};{'d0': 0.0248106718653035};-280.799555573181;48.27438132033349
16823;-92.1253964662571;(((((pow2(_a4_) ** (x + (_a6_ + _a4_))) + x) + pow2(x)) * x) / _a7_);{'d0': {'_a4_': 0.7651048961369786, '_a6_': 0.24459776455056095, '_a7_': 0.32629246513524374, '_a0_': 1.0, '_a1_': 1.0, '_a2_': 1.0, '_a3_': 1.0, '_a5_': 1.0}};{'d0': 0.0248106718653035};-280.799555573181;48.27438132033349
16824;-92.1253964662571;(((((pow2(_a4_) ** (x + (_a6_ + _a4_))) + x) + pow2(x)) * x) / _a7_);{'d0': {'_a4_': 0.7651048961369786, '_a6_': 0.24459776455056095, '_a7_': 0.32629246513524374, '_a0_': 1.0, '_a1_': 1.0, '_a2_': 1.0, '_a3_': 1.0, '_a5_': 1.0}};{'d0': 0.0248106718653035};-280.799555573181;48.27438132033349
16825;-92.1253964662571;(((((pow2(_a4_) ** (x + (_a6_ + _a4_))) + x) + pow2(x)) * x) / _a7_);{'d0': {'_a4_': 0.7651048961369786, '_a6_': 0.24459776455056095, '_a7_': 0.32629246513524374, '_a0_': 1.0, '_a1_': 1.0, '_a2_': 1.0, '_a3_': 1.0, '_a5_': 1.0}};{'d0': 0.0248106718653035};-280.799555573181;48.27438132033349
16826;-92.1253964662571;(((((pow2(_a4_) ** (x + (_a6_ + _a4_))) + x) + pow2(x)) * x) / _a7_);{'d0': {'_a4_': 0.7651048961369786, '_a6_': 0.24459776455056095, '_a7_': 0.32629246513524374, '_a0_': 1.0, '_a1_': 1.0, '_a2_': 1.0, '_a3_': 1.0, '_a5_': 1.0}};{'d0': 0.0248106718653035};-280.799555573181;48.27438132033349
16827;-92.1253964662571;(((((pow2(_a4_) ** (x + (_a6_ + _a4_))) + x) + pow2(x)) * x) / _a7_);{'d0': {'_a4_': 0.7651048961369786, '_a6_': 0.24459776455056095, '_a7_': 0.32629246513524374, '_a0_': 1.0, '_a1_': 1.0, '_a2_': 1.0, '_a3_': 1.0, '_a5_': 1.0}};{'d0': 0.0248106718653035};-280.799555573181;48.27438132033349
16828;-92.1253964662571;(((((pow2(_a4_) ** (x + (_a6_ + _a4_))) + x) + pow2(x)) * x) / _a7_);{'d0': {'_a4_': 0.7651048961369786, '_a6_': 0.24459776455056095, '_a7_': 0.32629246513524374, '_a0_': 1.0, '_a1_': 1.0, '_a2_': 1.0, '_a3_': 1.0, '_a5_': 1.0}};{'d0': 0.0248106718653035};-280.799555573181;48.27438132033349
16829;-92.1253964662571;(((((pow2(_a4_) ** (x + (_a6_ + _a4_))) + x) + pow2(x)) * x) / _a7_);{'d0': {'_a4_': 0.7651048961369786, '_a6_': 0.24459776455056095, '_a7_': 0.32629246513524374, '_a0_': 1.0, '_a1_': 1.0, '_a2_': 1.0, '_a3_': 1.0, '_a5_': 1.0}};{'d0': 0.0248106718653035};-280.799555573181;48.27438132033349
16830;-92.1253964662571;(((((pow2(_a4_) ** (x + (_a6_ + _a4_))) + x) + pow2(x)) * x) / _a7_);{'d0': {'_a4_': 0.7651048961369786, '_a6_': 0.24459776455056095, '_a7_': 0.32629246513524374, '_a0_': 1.0, '_a1_': 1.0, '_a2_': 1.0, '_a3_': 1.0, '_a5_': 1.0}};{'d0': 0.0248106718653035};-280.799555573181;48.27438132033349
16831;-98.0459975152870;(((((pow2(_a4_) ** (x + _a2_)) + x) + pow2(x)) * x) / _a7_);{'d0': {'_a2_': 1.0097026604306083, '_a4_': 0.7651048961035288, '_a7_': 0.32629246519125565, '_a0_': 1.0, '_a1_': 1.0, '_a3_': 1.0, '_a5_': 1.0, '_a6_': 1.0}};{'d0': 0.024810671865303537};-280.799555573181;42.35378027130349
16832;-98.0459975152870;(((((pow2(_a4_) ** (x + _a2_)) + x) + pow2(x)) * x) / _a7_);{'d0': {'_a2_': 1.0097026604306083, '_a4_': 0.7651048961035288, '_a7_': 0.32629246519125565, '_a0_': 1.0, '_a1_': 1.0, '_a3_': 1.0, '_a5_': 1.0, '_a6_': 1.0}};{'d0': 0.024810671865303537};-280.799555573181;42.35378027130349
16833;-98.0459975152870;(((((pow2(_a4_) ** (x + _a2_)) + x) + pow2(x)) * x) / _a7_);{'d0': {'_a2_': 1.0097026604306083, '_a4_': 0.7651048961035288, '_a7_': 0.32629246519125565, '_a0_': 1.0, '_a1_': 1.0, '_a3_': 1.0, '_a5_': 1.0, '_a6_': 1.0}};{'d0': 0.024810671865303537};-280.799555573181;42.35378027130349
16834;-98.0459975152870;(((((pow2(_a4_) ** (x + _a2_)) + x) + pow2(x)) * x) / _a7_);{'d0': {'_a2_': 1.0097026604306083, '_a4_': 0.7651048961035288, '_a7_': 0.32629246519125565, '_a0_': 1.0, '_a1_': 1.0, '_a3_': 1.0, '_a5_': 1.0, '_a6_': 1.0}};{'d0': 0.024810671865303537};-280.799555573181;42.35378027130349
16835;-98.0459975152870;(((((pow2(_a4_) ** (x + _a2_)) + x) + pow2(x)) * x) / _a7_);{'d0': {'_a2_': 1.0097026604306083, '_a4_': 0.7651048961035288, '_a7_': 0.32629246519125565, '_a0_': 1.0, '_a1_': 1.0, '_a3_': 1.0, '_a5_': 1.0, '_a6_': 1.0}};{'d0': 0.024810671865303537};-280.799555573181;42.35378027130349
16836;-98.0459975152870;(((((pow2(_a4_) ** (x + _a2_)) + x) + pow2(x)) * x) / _a7_);{'d0': {'_a2_': 1.0097026604306083, '_a4_': 0.7651048961035288, '_a7_': 0.32629246519125565, '_a0_': 1.0, '_a1_': 1.0, '_a3_': 1.0, '_a5_': 1.0, '_a6_': 1.0}};{'d0': 0.024810671865303537};-280.799555573181;42.35378027130349
16837;-98.0459975152870;(((((pow2(_a4_) ** (x + _a2_)) + x) + pow2(x)) * x) / _a7_);{'d0': {'_a2_': 1.0097026604306083, '_a4_': 0.7651048961035288, '_a7_': 0.32629246519125565, '_a0_': 1.0, '_a1_': 1.0, '_a3_': 1.0, '_a5_': 1.0, '_a6_': 1.0}};{'d0': 0.024810671865303537};-280.799555573181;42.35378027130349
16838;-98.0459975152870;(((((pow2(_a4_) ** (x + _a2_)) + x) + pow2(x)) * x) / _a7_);{'d0': {'_a2_': 1.0097026604306083, '_a4_': 0.7651048961035288, '_a7_': 0.32629246519125565, '_a0_': 1.0, '_a1_': 1.0, '_a3_': 1.0, '_a5_': 1.0, '_a6_': 1.0}};{'d0': 0.024810671865303537};-280.799555573181;42.35378027130349
16839;-98.0459975152870;(((((pow2(_a4_) ** (x + _a2_)) + x) + pow2(x)) * x) / _a7_);{'d0': {'_a2_': 1.0097026604306083, '_a4_': 0.7651048961035288, '_a7_': 0.32629246519125565, '_a0_': 1.0, '_a1_': 1.0, '_a3_': 1.0, '_a5_': 1.0, '_a6_': 1.0}};{'d0': 0.024810671865303537};-280.799555573181;42.35378027130349
16840;-98.0459975152870;(((((pow2(_a4_) ** (x + _a2_)) + x) + pow2(x)) * x) / _a7_);{'d0': {'_a2_': 1.0097026604306083, '_a4_': 0.7651048961035288, '_a7_': 0.32629246519125565, '_a0_': 1.0, '_a1_': 1.0, '_a3_': 1.0, '_a5_': 1.0, '_a6_': 1.0}};{'d0': 0.024810671865303537};-280.799555573181;42.35378027130349
16841;-98.0459975152870;(((((pow2(_a4_) ** (x + _a2_)) + x) + pow2(x)) * x) / _a7_);{'d0': {'_a2_': 1.0097026604306083, '_a4_': 0.7651048961035288, '_a7_': 0.32629246519125565, '_a0_': 1.0, '_a1_': 1.0, '_a3_': 1.0, '_a5_': 1.0, '_a6_': 1.0}};{'d0': 0.024810671865303537};-280.799555573181;42.35378027130349
16842;-98.0459975152870;(((((pow2(_a4_) ** (x + _a2_)) + x) + pow2(x)) * x) / _a7_);{'d0': {'_a2_': 1.0097026604306083, '_a4_': 0.7651048961035288, '_a7_': 0.32629246519125565, '_a0_': 1.0, '_a1_': 1.0, '_a3_': 1.0, '_a5_': 1.0, '_a6_': 1.0}};{'d0': 0.024810671865303537};-280.799555573181;42.35378027130349
16843;-93.2413721624740;(((((pow2(_a4_) ** (x + (_a2_ * _a4_))) + x) + pow2(x)) * x) / _a7_);{'d0': {'_a2_': 1.319691803372913, '_a4_': 0.7651048961185763, '_a7_': 0.32629246524309563, '_a0_': 1.0, '_a1_': 1.0, '_a3_': 1.0, '_a5_': 1.0, '_a6_': 1.0}};{'d0': 0.024810671865303512};-280.799555573181;47.15840562411649
16844;-93.2413721624740;(((((pow2(_a4_) ** (x + (_a2_ * _a4_))) + x) + pow2(x)) * x) / _a7_);{'d0': {'_a2_': 1.319691803372913, '_a4_': 0.7651048961185763, '_a7_': 0.32629246524309563, '_a0_': 1.0, '_a1_': 1.0, '_a3_': 1.0, '_a5_': 1.0, '_a6_': 1.0}};{'d0': 0.024810671865303512};-280.799555573181;47.15840562411649
16845;-93.2413721624740;(((((pow2(_a4_) ** (x + (_a2_ * _a4_))) + x) + pow2(x)) * x) / _a7_);{'d0': {'_a2_': 1.319691803372913, '_a4_': 0.7651048961185763, '_a7_': 0.32629246524309563, '_a0_': 1.0, '_a1_': 1.0, '_a3_': 1.0, '_a5_': 1.0, '_a6_': 1.0}};{'d0': 0.024810671865303512};-280.799555573181;47.15840562411649
16846;-93.2413721624740;(((((pow2(_a4_) ** (x + (_a2_ * _a4_))) + x) + pow2(x)) * x) / _a7_);{'d0': {'_a2_': 1.319691803372913, '_a4_': 0.7651048961185763, '_a7_': 0.32629246524309563, '_a0_': 1.0, '_a1_': 1.0, '_a3_': 1.0, '_a5_': 1.0, '_a6_': 1.0}};{'d0': 0.024810671865303512};-280.799555573181;47.15840562411649
16847;-93.2413721624740;(((((pow2(_a4_) ** (x + (_a2_ * _a4_))) + x) + pow2(x)) * x) / _a7_);{'d0': {'_a2_': 1.319691803372913, '_a4_': 0.7651048961185763, '_a7_': 0.32629246524309563, '_a0_': 1.0, '_a1_': 1.0, '_a3_': 1.0, '_a5_': 1.0, '_a6_': 1.0}};{'d0': 0.024810671865303512};-280.799555573181;47.15840562411649
16848;-93.2413721624740;(((((pow2(_a4_) ** (x + (_a2_ * _a4_))) + x) + pow2(x)) * x) / _a7_);{'d0': {'_a2_': 1.319691803372913, '_a4_': 0.7651048961185763, '_a7_': 0.32629246524309563, '_a0_': 1.0, '_a1_': 1.0, '_a3_': 1.0, '_a5_': 1.0, '_a6_': 1.0}};{'d0': 0.024810671865303512};-280.799555573181;47.15840562411649
16849;-93.2413721624740;(((((pow2(_a4_) ** (x + (_a2_ * _a4_))) + x) + pow2(x)) * x) / _a7_);{'d0': {'_a2_': 1.319691803372913, '_a4_': 0.7651048961185763, '_a7_': 0.32629246524309563, '_a0_': 1.0, '_a1_': 1.0, '_a3_': 1.0, '_a5_': 1.0, '_a6_': 1.0}};{'d0': 0.024810671865303512};-280.799555573181;47.15840562411649
16850;-87.9015091519541;(((((pow2(sqrt(_a4_)) ** (x + (_a2_ * _a4_))) + x) + pow2(x)) * x) / _a7_);{'d0': {'_a2_': 1.7248508137152532, '_a4_': 0.585385502280943, '_a7_': 0.32629246531344236, '_a0_': 1.0, '_a1_': 1.0, '_a3_': 1.0, '_a5_': 1.0, '_a6_': 1.0}};{'d0': 0.024810671865303467};-280.799555573181;52.49826863463649
16851;-87.9015091519541;(((((pow2(sqrt(_a4_)) ** (x + (_a2_ * _a4_))) + x) + pow2(x)) * x) / _a7_);{'d0': {'_a2_': 1.7248508137152532, '_a4_': 0.585385502280943, '_a7_': 0.32629246531344236, '_a0_': 1.0, '_a1_': 1.0, '_a3_': 1.0, '_a5_': 1.0, '_a6_': 1.0}};{'d0': 0.024810671865303467};-280.799555573181;52.49826863463649
16852;-87.9015091519541;(((((pow2(sqrt(_a4_)) ** (x + (_a2_ * _a4_))) + x) + pow2(x)) * x) / _a7_);{'d0': {'_a2_': 1.7248508137152532, '_a4_': 0.585385502280943, '_a7_': 0.32629246531344236, '_a0_': 1.0, '_a1_': 1.0, '_a3_': 1.0, '_a5_': 1.0, '_a6_': 1.0}};{'d0': 0.024810671865303467};-280.799555573181;52.49826863463649
16853;-87.9015091519541;(((((pow2(sqrt(_a4_)) ** (x + (_a2_ * _a4_))) + x) + pow2(x)) * x) / _a7_);{'d0': {'_a2_': 1.7248508137152532, '_a4_': 0.585385502280943, '_a7_': 0.32629246531344236, '_a0_': 1.0, '_a1_': 1.0, '_a3_': 1.0, '_a5_': 1.0, '_a6_': 1.0}};{'d0': 0.024810671865303467};-280.799555573181;52.49826863463649
16854;-87.9015091519541;(((((pow2(sqrt(_a4_)) ** (x + (_a2_ * _a4_))) + x) + pow2(x)) * x) / _a7_);{'d0': {'_a2_': 1.7248508137152532, '_a4_': 0.585385502280943, '_a7_': 0.32629246531344236, '_a0_': 1.0, '_a1_': 1.0, '_a3_': 1.0, '_a5_': 1.0, '_a6_': 1.0}};{'d0': 0.024810671865303467};-280.799555573181;52.49826863463649
16855;-93.2413721624741;(((((pow2(_a2_) ** (x + (_a2_ * _a4_))) + x) + pow2(x)) * x) / _a7_);{'d0': {'_a2_': 0.7651048959656179, '_a4_': 1.3196918051219964, '_a7_': 0.3262924649978506, '_a0_': 1.0, '_a1_': 1.0, '_a3_': 1.0, '_a5_': 1.0, '_a6_': 1.0}};{'d0': 0.024810671865303502};-280.799555573181;47.15840562411649
16856;-100.261789971478;(((_a3_ + (((x + (_a3_ / _a4_)) * x) * _a1_)) + _a7_) * x);{'d0': {'_a1_': 3.376760884111428, '_a3_': 10.503403553545015, '_a4_': 16.836170687431977, '_a7_': -8.728268151309276, '_a0_': 1.0, '_a2_': 1.0, '_a5_': 1.0, '_a6_': 1.0}};{'d0': 0.024905832919417482};-276.475521886819;37.97597097193143
16857;-100.261789971476;(((_a1_ + (((x + (_a3_ / _a4_)) * x) * _a1_)) + _a7_) * x);{'d0': {'_a1_': 3.3767608800969646, '_a3_': -4137.75874514127, '_a4_': -6632.517850190779, '_a7_': -1.6016254751463144, '_a0_': 1.0, '_a2_': 1.0, '_a5_': 1.0, '_a6_': 1.0}};{'d0': 0.024905832919419172};-276.475521886815;37.97597097193143
16858;-100.261789971476;(((_a1_ + (((x + (_a3_ / _a4_)) * x) * _a1_)) + _a7_) * x);{'d0': {'_a1_': 3.3767608800969646, '_a3_': -4137.75874514127, '_a4_': -6632.517850190779, '_a7_': -1.6016254751463144, '_a0_': 1.0, '_a2_': 1.0, '_a5_': 1.0, '_a6_': 1.0}};{'d0': 0.024905832919419172};-276.475521886815;37.97597097193143
16859;-100.261789971476;(((_a1_ + (((x + (_a3_ / _a4_)) * x) * _a1_)) + _a7_) * x);{'d0': {'_a1_': 3.3767608800969646, '_a3_': -4137.75874514127, '_a4_': -6632.517850190779, '_a7_': -1.6016254751463144, '_a0_': 1.0, '_a2_': 1.0, '_a5_': 1.0, '_a6_': 1.0}};{'d0': 0.024905832919419172};-276.475521886815;37.97597097193143
16860;-100.261789971476;(((_a1_ + (((x + (_a3_ / _a4_)) * x) * _a1_)) + _a7_) * x);{'d0': {'_a1_': 3.3767608800969646, '_a3_': -4137.75874514127, '_a4_': -6632.517850190779, '_a7_': -1.6016254751463144, '_a0_': 1.0, '_a2_': 1.0, '_a5_': 1.0, '_a6_': 1.0}};{'d0': 0.024905832919419172};-276.475521886815;37.97597097193143
16861;-100.261789971476;(((_a1_ + (((x + (_a3_ / _a4_)) * x) * _a1_)) + _a7_) * x);{'d0': {'_a1_': 3.3767608800969646, '_a3_': -4137.75874514127, '_a4_': -6632.517850190779, '_a7_': -1.6016254751463144, '_a0_': 1.0, '_a2_': 1.0, '_a5_': 1.0, '_a6_': 1.0}};{'d0': 0.024905832919419172};-276.475521886815;37.97597097193143
16862;-100.261789971476;(((_a1_ + (((x + (_a3_ / _a4_)) * x) * _a1_)) + _a7_) * x);{'d0': {'_a1_': 3.3767608800969646, '_a3_': -4137.75874514127, '_a4_': -6632.517850190779, '_a7_': -1.6016254751463144, '_a0_': 1.0, '_a2_': 1.0, '_a5_': 1.0, '_a6_': 1.0}};{'d0': 0.024905832919419172};-276.475521886815;37.97597097193143
16863;-100.261789971476;(((_a1_ + (((x + (_a3_ / _a4_)) * x) * _a1_)) + _a7_) * x);{'d0': {'_a1_': 3.3767608800969646, '_a3_': -4137.75874514127, '_a4_': -6632.517850190779, '_a7_': -1.6016254751463144, '_a0_': 1.0, '_a2_': 1.0, '_a5_': 1.0, '_a6_': 1.0}};{'d0': 0.024905832919419172};-276.475521886815;37.97597097193143
16864;-100.261789971476;(((_a1_ + (((x + (_a3_ / _a4_)) * x) * _a1_)) + _a7_) * x);{'d0': {'_a1_': 3.3767608800969646, '_a3_': -4137.75874514127, '_a4_': -6632.517850190779, '_a7_': -1.6016254751463144, '_a0_': 1.0, '_a2_': 1.0, '_a5_': 1.0, '_a6_': 1.0}};{'d0': 0.024905832919419172};-276.475521886815;37.97597097193143
16865;-100.261789971476;(((_a1_ + (((x + (_a3_ / _a4_)) * x) * _a1_)) + _a7_) * x);{'d0': {'_a1_': 3.3767608800969646, '_a3_': -4137.75874514127, '_a4_': -6632.517850190779, '_a7_': -1.6016254751463144, '_a0_': 1.0, '_a2_': 1.0, '_a5_': 1.0, '_a6_': 1.0}};{'d0': 0.024905832919419172};-276.475521886815;37.97597097193143
16866;-100.261789971476;(((_a1_ + (((x + (_a3_ / _a4_)) * x) * _a1_)) + _a7_) * x);{'d0': {'_a1_': 3.3767608800969646, '_a3_': -4137.75874514127, '_a4_': -6632.517850190779, '_a7_': -1.6016254751463144, '_a0_': 1.0, '_a2_': 1.0, '_a5_': 1.0, '_a6_': 1.0}};{'d0': 0.024905832919419172};-276.475521886815;37.97597097193143
16867;-100.261789971476;(((_a1_ + (((x + (_a3_ / _a4_)) * x) * _a1_)) + _a7_) * x);{'d0': {'_a1_': 3.3767608800969646, '_a3_': -4137.75874514127, '_a4_': -6632.517850190779, '_a7_': -1.6016254751463144, '_a0_': 1.0, '_a2_': 1.0, '_a5_': 1.0, '_a6_': 1.0}};{'d0': 0.024905832919419172};-276.475521886815;37.97597097193143
16868;-100.261789971476;(((_a1_ + (((x + (_a3_ / _a4_)) * x) * _a1_)) + _a7_) * x);{'d0': {'_a1_': 3.3767608800969646, '_a3_': -4137.75874514127, '_a4_': -6632.517850190779, '_a7_': -1.6016254751463144, '_a0_': 1.0, '_a2_': 1.0, '_a5_': 1.0, '_a6_': 1.0}};{'d0': 0.024905832919419172};-276.475521886815;37.97597097193143
16869;-100.261789971476;(((_a1_ + (((x + (_a3_ / _a4_)) * x) * _a1_)) + _a7_) * x);{'d0': {'_a1_': 3.3767608800969646, '_a3_': -4137.75874514127, '_a4_': -6632.517850190779, '_a7_': -1.6016254751463144, '_a0_': 1.0, '_a2_': 1.0, '_a5_': 1.0, '_a6_': 1.0}};{'d0': 0.024905832919419172};-276.475521886815;37.97597097193143
16870;-100.261789971476;(((_a1_ + (((x + (_a3_ / _a4_)) * x) * _a1_)) + _a7_) * x);{'d0': {'_a1_': 3.3767608800969646, '_a3_': -4137.75874514127, '_a4_': -6632.517850190779, '_a7_': -1.6016254751463144, '_a0_': 1.0, '_a2_': 1.0, '_a5_': 1.0, '_a6_': 1.0}};{'d0': 0.024905832919419172};-276.475521886815;37.97597097193143
16871;-108.109254018993;(((_a1_ + (((x + _a0_) * x) * _a1_)) + _a7_) * x);{'d0': {'_a0_': 0.6238594156895099, '_a1_': 3.376760878864296, '_a7_': -1.601625474374026, '_a2_': 1.0, '_a3_': 1.0, '_a4_': 1.0, '_a5_': 1.0, '_a6_': 1.0}};{'d0': 0.02490583291941666};-280.569866449044;32.17567920552903
16872;-93.5615767333160;(((((pow2(_a2_) / (x + (_a2_ * _a4_))) + x) + pow2(x)) * x) * _a7_);{'d0': {'_a2_': 1.2542560974900396, '_a4_': 1.9600407072741444, '_a7_': 2.839903492526029, '_a0_': 1.0, '_a1_': 1.0, '_a3_': 1.0, '_a5_': 1.0, '_a6_': 1.0}};{'d0': 0.026053512144002835};-277.866833300935;45.37183991715149
16873;-93.5615767333160;(((((pow2(_a2_) / (x + (_a2_ * _a4_))) + x) + pow2(x)) * x) * _a7_);{'d0': {'_a2_': 1.2542560974900396, '_a4_': 1.9600407072741444, '_a7_': 2.839903492526029, '_a0_': 1.0, '_a1_': 1.0, '_a3_': 1.0, '_a5_': 1.0, '_a6_': 1.0}};{'d0': 0.026053512144002835};-277.866833300935;45.37183991715149
16874;-93.5615767333160;(((((pow2(_a2_) / (x + (_a2_ * _a4_))) + x) + pow2(x)) * x) * _a7_);{'d0': {'_a2_': 1.2542560974900396, '_a4_': 1.9600407072741444, '_a7_': 2.839903492526029, '_a0_': 1.0, '_a1_': 1.0, '_a3_': 1.0, '_a5_': 1.0, '_a6_': 1.0}};{'d0': 0.026053512144002835};-277.866833300935;45.37183991715149
16875;-93.5615767333160;(((((pow2(_a2_) / (x + (_a2_ * _a4_))) + x) + pow2(x)) * x) * _a7_);{'d0': {'_a2_': 1.2542560974900396, '_a4_': 1.9600407072741444, '_a7_': 2.839903492526029, '_a0_': 1.0, '_a1_': 1.0, '_a3_': 1.0, '_a5_': 1.0, '_a6_': 1.0}};{'d0': 0.026053512144002835};-277.866833300935;45.37183991715149
16876;-93.5615767333160;(((((pow2(_a2_) / (x + (_a2_ * _a4_))) + x) + pow2(x)) * x) * _a7_);{'d0': {'_a2_': 1.2542560974900396, '_a4_': 1.9600407072741444, '_a7_': 2.839903492526029, '_a0_': 1.0, '_a1_': 1.0, '_a3_': 1.0, '_a5_': 1.0, '_a6_': 1.0}};{'d0': 0.026053512144002835};-277.866833300935;45.37183991715149
16877;-93.5615767333160;(((((pow2(_a2_) / (x + (_a2_ * _a4_))) + x) + pow2(x)) * x) * _a7_);{'d0': {'_a2_': 1.2542560974900396, '_a4_': 1.9600407072741444, '_a7_': 2.839903492526029, '_a0_': 1.0, '_a1_': 1.0, '_a3_': 1.0, '_a5_': 1.0, '_a6_': 1.0}};{'d0': 0.026053512144002835};-277.866833300935;45.37183991715149
16878;-93.5615767333160;(((((pow2(_a2_) / (x + (_a2_ * _a4_))) + x) + pow2(x)) * x) * _a7_);{'d0': {'_a2_': 1.2542560974900396, '_a4_': 1.9600407072741444, '_a7_': 2.839903492526029, '_a0_': 1.0, '_a1_': 1.0, '_a3_': 1.0, '_a5_': 1.0, '_a6_': 1.0}};{'d0': 0.026053512144002835};-277.866833300935;45.37183991715149
16879;-93.5615767333160;(((((pow2(_a2_) / (x + (_a2_ * _a4_))) + x) + pow2(x)) * x) * _a7_);{'d0': {'_a2_': 1.2542560974900396, '_a4_': 1.9600407072741444, '_a7_': 2.839903492526029, '_a0_': 1.0, '_a1_': 1.0, '_a3_': 1.0, '_a5_': 1.0, '_a6_': 1.0}};{'d0': 0.026053512144002835};-277.866833300935;45.37183991715149
16880;-102.971521196891;((((pow2((_a2_ + -(x))) + -(_a5_)) * _a2_) * _a4_) * x);{'d0': {'_a2_': -0.31192970766189276, '_a4_': -10.825390458961046, '_a5_': -0.4283916270793349, '_a0_': 1.0, '_a1_': 1.0, '_a3_': 1.0, '_a6_': 1.0, '_a7_': 1.0}};{'d0': 0.02490583291941666};-280.569866449044;37.31341202763058
16881;-102.971521196891;((((pow2((_a2_ + -(x))) + -(_a5_)) * _a2_) * _a0_) * x);{'d0': {'_a0_': -10.825390438122007, '_a2_': -0.3119297079312478, '_a5_': -0.42839162805023356, '_a1_': 1.0, '_a3_': 1.0, '_a4_': 1.0, '_a6_': 1.0, '_a7_': 1.0}};{'d0': 0.024905832919416577};-280.569866449044;37.31341202763058
16882;-102.971521196891;((((pow2((_a2_ + -(x))) + -(_a5_)) * _a2_) * _a0_) * x);{'d0': {'_a0_': -10.825390438122007, '_a2_': -0.3119297079312478, '_a5_': -0.42839162805023356, '_a1_': 1.0, '_a3_': 1.0, '_a4_': 1.0, '_a6_': 1.0, '_a7_': 1.0}};{'d0': 0.024905832919416577};-280.569866449044;37.31341202763058
16883;-102.971521196891;((((pow2((_a2_ + -(x))) + -(_a5_)) * _a2_) * _a0_) * x);{'d0': {'_a0_': -10.825390438122007, '_a2_': -0.3119297079312478, '_a5_': -0.42839162805023356, '_a1_': 1.0, '_a3_': 1.0, '_a4_': 1.0, '_a6_': 1.0, '_a7_': 1.0}};{'d0': 0.024905832919416577};-280.569866449044;37.31341202763058
16884;-102.971521196891;((((pow2((_a2_ + -(x))) + -(_a5_)) * _a2_) * _a0_) * x);{'d0': {'_a0_': -10.825390438122007, '_a2_': -0.3119297079312478, '_a5_': -0.42839162805023356, '_a1_': 1.0, '_a3_': 1.0, '_a4_': 1.0, '_a6_': 1.0, '_a7_': 1.0}};{'d0': 0.024905832919416577};-280.569866449044;37.31341202763058
16885;-102.971521196891;((((pow2((_a2_ + -(x))) + -(_a5_)) * _a2_) * _a0_) * x);{'d0': {'_a0_': -10.825390438122007, '_a2_': -0.3119297079312478, '_a5_': -0.42839162805023356, '_a1_': 1.0, '_a3_': 1.0, '_a4_': 1.0, '_a6_': 1.0, '_a7_': 1.0}};{'d0': 0.024905832919416577};-280.569866449044;37.31341202763058
16886;-102.971521196891;((((pow2((_a2_ + -(x))) + -(_a5_)) * _a2_) * _a0_) * x);{'d0': {'_a0_': -10.825390438122007, '_a2_': -0.3119297079312478, '_a5_': -0.42839162805023356, '_a1_': 1.0, '_a3_': 1.0, '_a4_': 1.0, '_a6_': 1.0, '_a7_': 1.0}};{'d0': 0.024905832919416577};-280.569866449044;37.31341202763058
16887;-102.971521196891;((((pow2((_a2_ + -(x))) + -(_a5_)) * _a2_) * _a0_) * x);{'d0': {'_a0_': -10.825390438122007, '_a2_': -0.3119297079312478, '_a5_': -0.42839162805023356, '_a1_': 1.0, '_a3_': 1.0, '_a4_': 1.0, '_a6_': 1.0, '_a7_': 1.0}};{'d0': 0.024905832919416577};-280.569866449044;37.31341202763058
16888;-102.971521196891;((((pow2((_a2_ + -(x))) + -(_a5_)) * _a2_) * _a0_) * x);{'d0': {'_a0_': -10.825390438122007, '_a2_': -0.3119297079312478, '_a5_': -0.42839162805023356, '_a1_': 1.0, '_a3_': 1.0, '_a4_': 1.0, '_a6_': 1.0, '_a7_': 1.0}};{'d0': 0.024905832919416577};-280.569866449044;37.31341202763058
16889;-102.971521196891;((((pow2((_a2_ + -(x))) + -(_a5_)) * _a2_) * _a0_) * x);{'d0': {'_a0_': -10.825390438122007, '_a2_': -0.3119297079312478, '_a5_': -0.42839162805023356, '_a1_': 1.0, '_a3_': 1.0, '_a4_': 1.0, '_a6_': 1.0, '_a7_': 1.0}};{'d0': 0.024905832919416577};-280.569866449044;37.31341202763058
16890;-102.971521196891;((((pow2((_a2_ + -(x))) + -(_a5_)) * _a2_) * _a0_) * x);{'d0': {'_a0_': -10.825390438122007, '_a2_': -0.3119297079312478, '_a5_': -0.42839162805023356, '_a1_': 1.0, '_a3_': 1.0, '_a4_': 1.0, '_a6_': 1.0, '_a7_': 1.0}};{'d0': 0.024905832919416577};-280.569866449044;37.31341202763058
16891;-102.971521196891;((((pow2((_a2_ + -(x))) + -(_a5_)) * _a2_) * _a0_) * x);{'d0': {'_a0_': -10.825390438122007, '_a2_': -0.3119297079312478, '_a5_': -0.42839162805023356, '_a1_': 1.0, '_a3_': 1.0, '_a4_': 1.0, '_a6_': 1.0, '_a7_': 1.0}};{'d0': 0.024905832919416577};-280.569866449044;37.31341202763058
16892;-102.971521196891;((((pow2((_a2_ + -(x))) + -(_a5_)) * _a2_) * _a0_) * x);{'d0': {'_a0_': -10.825390438122007, '_a2_': -0.3119297079312478, '_a5_': -0.42839162805023356, '_a1_': 1.0, '_a3_': 1.0, '_a4_': 1.0, '_a6_': 1.0, '_a7_': 1.0}};{'d0': 0.024905832919416577};-280.569866449044;37.31341202763058
16893;-102.971521196891;((((pow2((_a2_ + -(x))) + -(_a5_)) * _a2_) * _a0_) * x);{'d0': {'_a0_': -10.825390438122007, '_a2_': -0.3119297079312478, '_a5_': -0.42839162805023356, '_a1_': 1.0, '_a3_': 1.0, '_a4_': 1.0, '_a6_': 1.0, '_a7_': 1.0}};{'d0': 0.024905832919416577};-280.569866449044;37.31341202763058
16894;-102.971521196891;((((pow2((_a2_ + -(x))) + -(_a5_)) * _a2_) * _a0_) * x);{'d0': {'_a0_': -10.825390438122007, '_a2_': -0.3119297079312478, '_a5_': -0.42839162805023356, '_a1_': 1.0, '_a3_': 1.0, '_a4_': 1.0, '_a6_': 1.0, '_a7_': 1.0}};{'d0': 0.024905832919416577};-280.569866449044;37.31341202763058
16895;-102.971521196891;((((pow2((_a2_ + -(x))) + -(_a5_)) * _a2_) * _a0_) * x);{'d0': {'_a0_': -10.825390438122007, '_a2_': -0.3119297079312478, '_a5_': -0.42839162805023356, '_a1_': 1.0, '_a3_': 1.0, '_a4_': 1.0, '_a6_': 1.0, '_a7_': 1.0}};{'d0': 0.024905832919416577};-280.569866449044;37.31341202763058
16896;-93.5615767333160;(((((pow2(_a2_) / (x + (_a2_ * _a4_))) + x) + pow2(x)) * x) * _a7_);{'d0': {'_a2_': 1.2542560974900396, '_a4_': 1.9600407072741444, '_a7_': 2.839903492526029, '_a0_': 1.0, '_a1_': 1.0, '_a3_': 1.0, '_a5_': 1.0, '_a6_': 1.0}};{'d0': 0.026053512144002835};-277.866833300935;45.37183991715149
16897;-93.5615767333160;(((((pow2(_a2_) / (x + (_a2_ * _a4_))) + x) + pow2(x)) * x) * _a7_);{'d0': {'_a2_': 1.2542560974900396, '_a4_': 1.9600407072741444, '_a7_': 2.839903492526029, '_a0_': 1.0, '_a1_': 1.0, '_a3_': 1.0, '_a5_': 1.0, '_a6_': 1.0}};{'d0': 0.026053512144002835};-277.866833300935;45.37183991715149
16898;-93.5615767333160;(((((pow2(_a2_) / (x + (_a2_ * _a4_))) + x) + pow2(x)) * x) * _a7_);{'d0': {'_a2_': 1.2542560974900396, '_a4_': 1.9600407072741444, '_a7_': 2.839903492526029, '_a0_': 1.0, '_a1_': 1.0, '_a3_': 1.0, '_a5_': 1.0, '_a6_': 1.0}};{'d0': 0.026053512144002835};-277.866833300935;45.37183991715149
16899;-96.6530683107189;(((((pow2(_a2_) / (x + (_a2_ * _a4_))) + x) + _a1_) * x) * _a7_);{'d0': {'_a1_': -64.66549798761064, '_a2_': 64.98738818464152, '_a4_': 1.0048512117290969, '_a7_': 219.09392213364288, '_a0_': 1.0, '_a3_': 1.0, '_a5_': 1.0, '_a6_': 1.0}};{'d0': 0.024831878955061223};-276.653947510521;41.67390544454149
16900;-96.6530683107189;(((((pow2(_a2_) / (x + (_a2_ * _a4_))) + x) + _a1_) * x) * _a7_);{'d0': {'_a1_': -64.66549798761064, '_a2_': 64.98738818464152, '_a4_': 1.0048512117290969, '_a7_': 219.09392213364288, '_a0_': 1.0, '_a3_': 1.0, '_a5_': 1.0, '_a6_': 1.0}};{'d0': 0.024831878955061223};-276.653947510521;41.67390544454149
16901;-96.6530683107189;(((((pow2(_a2_) / (x + (_a2_ * _a4_))) + x) + _a1_) * x) * _a7_);{'d0': {'_a1_': -64.66549798761064, '_a2_': 64.98738818464152, '_a4_': 1.0048512117290969, '_a7_': 219.09392213364288, '_a0_': 1.0, '_a3_': 1.0, '_a5_': 1.0, '_a6_': 1.0}};{'d0': 0.024831878955061223};-276.653947510521;41.67390544454149
16902;-96.6530683107189;(((((pow2(_a2_) / (x + (_a2_ * _a4_))) + x) + _a1_) * x) * _a7_);{'d0': {'_a1_': -64.66549798761064, '_a2_': 64.98738818464152, '_a4_': 1.0048512117290969, '_a7_': 219.09392213364288, '_a0_': 1.0, '_a3_': 1.0, '_a5_': 1.0, '_a6_': 1.0}};{'d0': 0.024831878955061223};-276.653947510521;41.67390544454149
16903;-96.6530683107189;(((((pow2(_a2_) / (x + (_a2_ * _a4_))) + x) + _a1_) * x) * _a7_);{'d0': {'_a1_': -64.66549798761064, '_a2_': 64.98738818464152, '_a4_': 1.0048512117290969, '_a7_': 219.09392213364288, '_a0_': 1.0, '_a3_': 1.0, '_a5_': 1.0, '_a6_': 1.0}};{'d0': 0.024831878955061223};-276.653947510521;41.67390544454149
16904;-96.6530683107189;(((((pow2(_a2_) / (x + (_a2_ * _a4_))) + x) + _a1_) * x) * _a7_);{'d0': {'_a1_': -64.66549798761064, '_a2_': 64.98738818464152, '_a4_': 1.0048512117290969, '_a7_': 219.09392213364288, '_a0_': 1.0, '_a3_': 1.0, '_a5_': 1.0, '_a6_': 1.0}};{'d0': 0.024831878955061223};-276.653947510521;41.67390544454149
16905;-96.6530683107189;(((((pow2(_a2_) / (x + (_a2_ * _a4_))) + x) + _a1_) * x) * _a7_);{'d0': {'_a1_': -64.66549798761064, '_a2_': 64.98738818464152, '_a4_': 1.0048512117290969, '_a7_': 219.09392213364288, '_a0_': 1.0, '_a3_': 1.0, '_a5_': 1.0, '_a6_': 1.0}};{'d0': 0.024831878955061223};-276.653947510521;41.67390544454149
16906;-96.6530683107189;(((((pow2(_a2_) / (x + (_a2_ * _a4_))) + x) + _a1_) * x) * _a7_);{'d0': {'_a1_': -64.66549798761064, '_a2_': 64.98738818464152, '_a4_': 1.0048512117290969, '_a7_': 219.09392213364288, '_a0_': 1.0, '_a3_': 1.0, '_a5_': 1.0, '_a6_': 1.0}};{'d0': 0.024831878955061223};-276.653947510521;41.67390544454149
16907;-96.6530683107189;(((((pow2(_a2_) / (x + (_a2_ * _a4_))) + x) + _a1_) * x) * _a7_);{'d0': {'_a1_': -64.66549798761064, '_a2_': 64.98738818464152, '_a4_': 1.0048512117290969, '_a7_': 219.09392213364288, '_a0_': 1.0, '_a3_': 1.0, '_a5_': 1.0, '_a6_': 1.0}};{'d0': 0.024831878955061223};-276.653947510521;41.67390544454149
16908;-96.6530683107189;(((((pow2(_a2_) / (x + (_a2_ * _a4_))) + x) + _a1_) * x) * _a7_);{'d0': {'_a1_': -64.66549798761064, '_a2_': 64.98738818464152, '_a4_': 1.0048512117290969, '_a7_': 219.09392213364288, '_a0_': 1.0, '_a3_': 1.0, '_a5_': 1.0, '_a6_': 1.0}};{'d0': 0.024831878955061223};-276.653947510521;41.67390544454149
16909;-109.080515142566;(((_a1_ * (((x + _a0_) * x) * _a1_)) + _a7_) * x);{'d0': {'_a0_': 0.6238594155707596, '_a1_': 1.8375964949187087, '_a7_': 1.7751354043487675, '_a2_': 1.0, '_a3_': 1.0, '_a4_': 1.0, '_a5_': 1.0, '_a6_': 1.0}};{'d0': 0.024905832919416677};-280.569866449043;31.204418081956028
16910;-109.080515142566;(((_a1_ * (((x + _a0_) * x) * _a1_)) + _a7_) * x);{'d0': {'_a0_': 0.6238594155707596, '_a1_': 1.8375964949187087, '_a7_': 1.7751354043487675, '_a2_': 1.0, '_a3_': 1.0, '_a4_': 1.0, '_a5_': 1.0, '_a6_': 1.0}};{'d0': 0.024905832919416677};-280.569866449043;31.204418081956028
16911;-109.080515142566;(((_a1_ * (((x + _a0_) * x) * _a1_)) + _a7_) * x);{'d0': {'_a0_': 0.6238594155707596, '_a1_': 1.8375964949187087, '_a7_': 1.7751354043487675, '_a2_': 1.0, '_a3_': 1.0, '_a4_': 1.0, '_a5_': 1.0, '_a6_': 1.0}};{'d0': 0.024905832919416677};-280.569866449043;31.204418081956028
16912;-96.6530683107189;(((((pow2(_a2_) / (x + (_a2_ * _a4_))) + x) + _a1_) * x) * _a7_);{'d0': {'_a1_': -64.66549798761064, '_a2_': 64.98738818464152, '_a4_': 1.0048512117290969, '_a7_': 219.09392213364288, '_a0_': 1.0, '_a3_': 1.0, '_a5_': 1.0, '_a6_': 1.0}};{'d0': 0.024831878955061223};-276.653947510521;41.67390544454149
16913;-96.6530683107189;(((((pow2(_a2_) / (x + (_a2_ * _a4_))) + x) + _a1_) * x) * _a7_);{'d0': {'_a1_': -64.66549798761064, '_a2_': 64.98738818464152, '_a4_': 1.0048512117290969, '_a7_': 219.09392213364288, '_a0_': 1.0, '_a3_': 1.0, '_a5_': 1.0, '_a6_': 1.0}};{'d0': 0.024831878955061223};-276.653947510521;41.67390544454149
16914;-96.6530683107189;(((((pow2(_a2_) / (x + (_a2_ * _a4_))) + x) + _a1_) * x) * _a7_);{'d0': {'_a1_': -64.66549798761064, '_a2_': 64.98738818464152, '_a4_': 1.0048512117290969, '_a7_': 219.09392213364288, '_a0_': 1.0, '_a3_': 1.0, '_a5_': 1.0, '_a6_': 1.0}};{'d0': 0.024831878955061223};-276.653947510521;41.67390544454149
16915;-96.6530683107189;(((((pow2(_a2_) / (x + (_a2_ * _a4_))) + x) + _a1_) * x) * _a7_);{'d0': {'_a1_': -64.66549798761064, '_a2_': 64.98738818464152, '_a4_': 1.0048512117290969, '_a7_': 219.09392213364288, '_a0_': 1.0, '_a3_': 1.0, '_a5_': 1.0, '_a6_': 1.0}};{'d0': 0.024831878955061223};-276.653947510521;41.67390544454149
16916;-96.6530683107189;(((((pow2(_a2_) / (x + (_a2_ * _a4_))) + x) + _a1_) * x) * _a7_);{'d0': {'_a1_': -64.66549798761064, '_a2_': 64.98738818464152, '_a4_': 1.0048512117290969, '_a7_': 219.09392213364288, '_a0_': 1.0, '_a3_': 1.0, '_a5_': 1.0, '_a6_': 1.0}};{'d0': 0.024831878955061223};-276.653947510521;41.67390544454149
16917;-96.6530683107189;(((((pow2(_a2_) / (x + (_a2_ * _a4_))) + x) + _a1_) * x) * _a7_);{'d0': {'_a1_': -64.66549798761064, '_a2_': 64.98738818464152, '_a4_': 1.0048512117290969, '_a7_': 219.09392213364288, '_a0_': 1.0, '_a3_': 1.0, '_a5_': 1.0, '_a6_': 1.0}};{'d0': 0.024831878955061223};-276.653947510521;41.67390544454149
16918;-96.6530683107189;(((((pow2(_a2_) / (x + (_a2_ * _a4_))) + x) + _a1_) * x) * _a7_);{'d0': {'_a1_': -64.66549798761064, '_a2_': 64.98738818464152, '_a4_': 1.0048512117290969, '_a7_': 219.09392213364288, '_a0_': 1.0, '_a3_': 1.0, '_a5_': 1.0, '_a6_': 1.0}};{'d0': 0.024831878955061223};-276.653947510521;41.67390544454149
16919;-96.6530683107189;(((((pow2(_a2_) / (x + (_a2_ * _a4_))) + x) + _a1_) * x) * _a7_);{'d0': {'_a1_': -64.66549798761064, '_a2_': 64.98738818464152, '_a4_': 1.0048512117290969, '_a7_': 219.09392213364288, '_a0_': 1.0, '_a3_': 1.0, '_a5_': 1.0, '_a6_': 1.0}};{'d0': 0.024831878955061223};-276.653947510521;41.67390544454149
16920;-96.6530683107189;(((((pow2(_a2_) / (x + (_a2_ * _a4_))) + x) + _a1_) * x) * _a7_);{'d0': {'_a1_': -64.66549798761064, '_a2_': 64.98738818464152, '_a4_': 1.0048512117290969, '_a7_': 219.09392213364288, '_a0_': 1.0, '_a3_': 1.0, '_a5_': 1.0, '_a6_': 1.0}};{'d0': 0.024831878955061223};-276.653947510521;41.67390544454149
16921;-96.6530683107189;(((((pow2(_a2_) / (x + (_a2_ * _a4_))) + x) + _a1_) * x) * _a7_);{'d0': {'_a1_': -64.66549798761064, '_a2_': 64.98738818464152, '_a4_': 1.0048512117290969, '_a7_': 219.09392213364288, '_a0_': 1.0, '_a3_': 1.0, '_a5_': 1.0, '_a6_': 1.0}};{'d0': 0.024831878955061223};-276.653947510521;41.67390544454149
16922;-96.6530683107189;(((((pow2(_a2_) / (x + (_a2_ * _a4_))) + x) + _a1_) * x) * _a7_);{'d0': {'_a1_': -64.66549798761064, '_a2_': 64.98738818464152, '_a4_': 1.0048512117290969, '_a7_': 219.09392213364288, '_a0_': 1.0, '_a3_': 1.0, '_a5_': 1.0, '_a6_': 1.0}};{'d0': 0.024831878955061223};-276.653947510521;41.67390544454149
16923;-96.6530683107189;(((((pow2(_a2_) / (x + (_a2_ * _a4_))) + x) + _a1_) * x) * _a7_);{'d0': {'_a1_': -64.66549798761064, '_a2_': 64.98738818464152, '_a4_': 1.0048512117290969, '_a7_': 219.09392213364288, '_a0_': 1.0, '_a3_': 1.0, '_a5_': 1.0, '_a6_': 1.0}};{'d0': 0.024831878955061223};-276.653947510521;41.67390544454149
16924;-96.6530683107189;(((((pow2(_a2_) / (x + (_a2_ * _a4_))) + x) + _a1_) * x) * _a7_);{'d0': {'_a1_': -64.66549798761064, '_a2_': 64.98738818464152, '_a4_': 1.0048512117290969, '_a7_': 219.09392213364288, '_a0_': 1.0, '_a3_': 1.0, '_a5_': 1.0, '_a6_': 1.0}};{'d0': 0.024831878955061223};-276.653947510521;41.67390544454149
16925;-96.6530683107189;(((((pow2(_a2_) / (x + (_a2_ * _a4_))) + x) + _a1_) * x) * _a7_);{'d0': {'_a1_': -64.66549798761064, '_a2_': 64.98738818464152, '_a4_': 1.0048512117290969, '_a7_': 219.09392213364288, '_a0_': 1.0, '_a3_': 1.0, '_a5_': 1.0, '_a6_': 1.0}};{'d0': 0.024831878955061223};-276.653947510521;41.67390544454149
16926;-96.6530683107189;(((((pow2(_a2_) / (x + (_a2_ * _a4_))) + x) + _a1_) * x) * _a7_);{'d0': {'_a1_': -64.66549798761064, '_a2_': 64.98738818464152, '_a4_': 1.0048512117290969, '_a7_': 219.09392213364288, '_a0_': 1.0, '_a3_': 1.0, '_a5_': 1.0, '_a6_': 1.0}};{'d0': 0.024831878955061223};-276.653947510521;41.67390544454149
16927;-96.6530683107189;(((((pow2(_a2_) / (x + (_a2_ * _a4_))) + x) + _a1_) * x) * _a7_);{'d0': {'_a1_': -64.66549798761064, '_a2_': 64.98738818464152, '_a4_': 1.0048512117290969, '_a7_': 219.09392213364288, '_a0_': 1.0, '_a3_': 1.0, '_a5_': 1.0, '_a6_': 1.0}};{'d0': 0.024831878955061223};-276.653947510521;41.67390544454149
16928;-96.6530683107189;(((((pow2(_a2_) / (x + (_a2_ * _a4_))) + x) + _a1_) * x) * _a7_);{'d0': {'_a1_': -64.66549798761064, '_a2_': 64.98738818464152, '_a4_': 1.0048512117290969, '_a7_': 219.09392213364288, '_a0_': 1.0, '_a3_': 1.0, '_a5_': 1.0, '_a6_': 1.0}};{'d0': 0.024831878955061223};-276.653947510521;41.67390544454149
16929;-96.6530683107189;(((((pow2(_a2_) / (x + (_a2_ * _a4_))) + x) + _a1_) * x) * _a7_);{'d0': {'_a1_': -64.66549798761064, '_a2_': 64.98738818464152, '_a4_': 1.0048512117290969, '_a7_': 219.09392213364288, '_a0_': 1.0, '_a3_': 1.0, '_a5_': 1.0, '_a6_': 1.0}};{'d0': 0.024831878955061223};-276.653947510521;41.67390544454149
16930;-96.6530683107189;(((((pow2(_a2_) / (x + (_a2_ * _a4_))) + x) + _a1_) * x) * _a7_);{'d0': {'_a1_': -64.66549798761064, '_a2_': 64.98738818464152, '_a4_': 1.0048512117290969, '_a7_': 219.09392213364288, '_a0_': 1.0, '_a3_': 1.0, '_a5_': 1.0, '_a6_': 1.0}};{'d0': 0.024831878955061223};-276.653947510521;41.67390544454149
16931;-96.6530683107189;(((((pow2(_a2_) / (x + (_a2_ * _a4_))) + x) + _a1_) * x) * _a7_);{'d0': {'_a1_': -64.66549798761064, '_a2_': 64.98738818464152, '_a4_': 1.0048512117290969, '_a7_': 219.09392213364288, '_a0_': 1.0, '_a3_': 1.0, '_a5_': 1.0, '_a6_': 1.0}};{'d0': 0.024831878955061223};-276.653947510521;41.67390544454149
16932;-96.6530683107189;(((((pow2(_a2_) / (x + (_a2_ * _a4_))) + x) + _a1_) * x) * _a7_);{'d0': {'_a1_': -64.66549798761064, '_a2_': 64.98738818464152, '_a4_': 1.0048512117290969, '_a7_': 219.09392213364288, '_a0_': 1.0, '_a3_': 1.0, '_a5_': 1.0, '_a6_': 1.0}};{'d0': 0.024831878955061223};-276.653947510521;41.67390544454149
16933;-96.6530683107189;(((((pow2(_a2_) / (x + (_a2_ * _a4_))) + x) + _a1_) * x) * _a7_);{'d0': {'_a1_': -64.66549798761064, '_a2_': 64.98738818464152, '_a4_': 1.0048512117290969, '_a7_': 219.09392213364288, '_a0_': 1.0, '_a3_': 1.0, '_a5_': 1.0, '_a6_': 1.0}};{'d0': 0.024831878955061223};-276.653947510521;41.67390544454149
16934;-96.6530683107189;(((((pow2(_a2_) / (x + (_a2_ * _a4_))) + x) + _a1_) * x) * _a7_);{'d0': {'_a1_': -64.66549798761064, '_a2_': 64.98738818464152, '_a4_': 1.0048512117290969, '_a7_': 219.09392213364288, '_a0_': 1.0, '_a3_': 1.0, '_a5_': 1.0, '_a6_': 1.0}};{'d0': 0.024831878955061223};-276.653947510521;41.67390544454149
16935;-96.6530683107189;(((((pow2(_a2_) / (x + (_a2_ * _a4_))) + x) + _a1_) * x) * _a7_);{'d0': {'_a1_': -64.66549798761064, '_a2_': 64.98738818464152, '_a4_': 1.0048512117290969, '_a7_': 219.09392213364288, '_a0_': 1.0, '_a3_': 1.0, '_a5_': 1.0, '_a6_': 1.0}};{'d0': 0.024831878955061223};-276.653947510521;41.67390544454149
16936;-96.6530683107189;(((((pow2(_a2_) / (x + (_a2_ * _a4_))) + x) + _a1_) * x) * _a7_);{'d0': {'_a1_': -64.66549798761064, '_a2_': 64.98738818464152, '_a4_': 1.0048512117290969, '_a7_': 219.09392213364288, '_a0_': 1.0, '_a3_': 1.0, '_a5_': 1.0, '_a6_': 1.0}};{'d0': 0.024831878955061223};-276.653947510521;41.67390544454149
16937;-96.6530683107189;(((((pow2(_a2_) / (x + (_a2_ * _a4_))) + x) + _a1_) * x) * _a7_);{'d0': {'_a1_': -64.66549798761064, '_a2_': 64.98738818464152, '_a4_': 1.0048512117290969, '_a7_': 219.09392213364288, '_a0_': 1.0, '_a3_': 1.0, '_a5_': 1.0, '_a6_': 1.0}};{'d0': 0.024831878955061223};-276.653947510521;41.67390544454149
16938;-96.6530683107189;(((((pow2(_a2_) / (x + (_a2_ * _a4_))) + x) + _a1_) * x) * _a7_);{'d0': {'_a1_': -64.66549798761064, '_a2_': 64.98738818464152, '_a4_': 1.0048512117290969, '_a7_': 219.09392213364288, '_a0_': 1.0, '_a3_': 1.0, '_a5_': 1.0, '_a6_': 1.0}};{'d0': 0.024831878955061223};-276.653947510521;41.67390544454149
16939;-96.6530683107189;(((((pow2(_a2_) / (x + (_a2_ * _a4_))) + x) + _a1_) * x) * _a7_);{'d0': {'_a1_': -64.66549798761064, '_a2_': 64.98738818464152, '_a4_': 1.0048512117290969, '_a7_': 219.09392213364288, '_a0_': 1.0, '_a3_': 1.0, '_a5_': 1.0, '_a6_': 1.0}};{'d0': 0.024831878955061223};-276.653947510521;41.67390544454149
16940;-96.6530683107189;(((((pow2(_a2_) / (x + (_a2_ * _a4_))) + x) + _a1_) * x) * _a7_);{'d0': {'_a1_': -64.66549798761064, '_a2_': 64.98738818464152, '_a4_': 1.0048512117290969, '_a7_': 219.09392213364288, '_a0_': 1.0, '_a3_': 1.0, '_a5_': 1.0, '_a6_': 1.0}};{'d0': 0.024831878955061223};-276.653947510521;41.67390544454149
16941;-109.080515142566;(((_a1_ * (((x + _a0_) * x) * _a1_)) + _a7_) * x);{'d0': {'_a0_': 0.6238594155707596, '_a1_': 1.8375964949187087, '_a7_': 1.7751354043487675, '_a2_': 1.0, '_a3_': 1.0, '_a4_': 1.0, '_a5_': 1.0, '_a6_': 1.0}};{'d0': 0.024905832919416677};-280.569866449043;31.204418081956028
16942;-109.080515142566;(((_a1_ * (((x + _a0_) * x) * _a1_)) + _a7_) * x);{'d0': {'_a0_': 0.6238594155707596, '_a1_': 1.8375964949187087, '_a7_': 1.7751354043487675, '_a2_': 1.0, '_a3_': 1.0, '_a4_': 1.0, '_a5_': 1.0, '_a6_': 1.0}};{'d0': 0.024905832919416677};-280.569866449043;31.204418081956028
16943;-109.080515142566;(((_a1_ * (((x + _a0_) * x) * _a1_)) + _a7_) * x);{'d0': {'_a0_': 0.6238594155707596, '_a1_': 1.8375964949187087, '_a7_': 1.7751354043487675, '_a2_': 1.0, '_a3_': 1.0, '_a4_': 1.0, '_a5_': 1.0, '_a6_': 1.0}};{'d0': 0.024905832919416677};-280.569866449043;31.204418081956028
16944;-109.080515142566;(((_a1_ * (((x + _a0_) * x) * _a1_)) + _a7_) * x);{'d0': {'_a0_': 0.6238594155707596, '_a1_': 1.8375964949187087, '_a7_': 1.7751354043487675, '_a2_': 1.0, '_a3_': 1.0, '_a4_': 1.0, '_a5_': 1.0, '_a6_': 1.0}};{'d0': 0.024905832919416677};-280.569866449043;31.204418081956028
16945;-109.080515142566;(((_a1_ * (((x + _a0_) * x) * _a1_)) + _a7_) * x);{'d0': {'_a0_': 0.6238594155707596, '_a1_': 1.8375964949187087, '_a7_': 1.7751354043487675, '_a2_': 1.0, '_a3_': 1.0, '_a4_': 1.0, '_a5_': 1.0, '_a6_': 1.0}};{'d0': 0.024905832919416677};-280.569866449043;31.204418081956028
16946;-109.080515142566;(((_a1_ * (((x + _a0_) * x) * _a1_)) + _a7_) * x);{'d0': {'_a0_': 0.6238594155707596, '_a1_': 1.8375964949187087, '_a7_': 1.7751354043487675, '_a2_': 1.0, '_a3_': 1.0, '_a4_': 1.0, '_a5_': 1.0, '_a6_': 1.0}};{'d0': 0.024905832919416677};-280.569866449043;31.204418081956028
16947;-109.080515142566;(((_a1_ * (((x + _a0_) * x) * _a1_)) + _a7_) * x);{'d0': {'_a0_': 0.6238594155707596, '_a1_': 1.8375964949187087, '_a7_': 1.7751354043487675, '_a2_': 1.0, '_a3_': 1.0, '_a4_': 1.0, '_a5_': 1.0, '_a6_': 1.0}};{'d0': 0.024905832919416677};-280.569866449043;31.204418081956028
16948;-109.080515142566;(((_a1_ * (((x + _a0_) * x) * _a1_)) + _a7_) * x);{'d0': {'_a0_': 0.6238594155707596, '_a1_': 1.8375964949187087, '_a7_': 1.7751354043487675, '_a2_': 1.0, '_a3_': 1.0, '_a4_': 1.0, '_a5_': 1.0, '_a6_': 1.0}};{'d0': 0.024905832919416677};-280.569866449043;31.204418081956028
16949;-109.080515142566;(((_a1_ * (((x + _a0_) * x) * _a1_)) + _a7_) * x);{'d0': {'_a0_': 0.6238594155707596, '_a1_': 1.8375964949187087, '_a7_': 1.7751354043487675, '_a2_': 1.0, '_a3_': 1.0, '_a4_': 1.0, '_a5_': 1.0, '_a6_': 1.0}};{'d0': 0.024905832919416677};-280.569866449043;31.204418081956028
16950;-109.080515142566;(((_a1_ * (((x + _a0_) * x) * _a1_)) + _a7_) * x);{'d0': {'_a0_': 0.6238594155707596, '_a1_': 1.8375964949187087, '_a7_': 1.7751354043487675, '_a2_': 1.0, '_a3_': 1.0, '_a4_': 1.0, '_a5_': 1.0, '_a6_': 1.0}};{'d0': 0.024905832919416677};-280.569866449043;31.204418081956028
16951;-109.080515142566;(((_a1_ * (((x + _a0_) * x) * _a1_)) + _a7_) * x);{'d0': {'_a0_': 0.6238594155707596, '_a1_': 1.8375964949187087, '_a7_': 1.7751354043487675, '_a2_': 1.0, '_a3_': 1.0, '_a4_': 1.0, '_a5_': 1.0, '_a6_': 1.0}};{'d0': 0.024905832919416677};-280.569866449043;31.204418081956028
16952;-109.080515142566;(((_a1_ * (((x + _a0_) * x) * _a1_)) + _a7_) * x);{'d0': {'_a0_': 0.6238594155707596, '_a1_': 1.8375964949187087, '_a7_': 1.7751354043487675, '_a2_': 1.0, '_a3_': 1.0, '_a4_': 1.0, '_a5_': 1.0, '_a6_': 1.0}};{'d0': 0.024905832919416677};-280.569866449043;31.204418081956028
16953;-96.6530683107189;(((((pow2(_a2_) / (x + (_a2_ * _a4_))) + x) + _a1_) * x) * _a7_);{'d0': {'_a1_': -64.66549798761064, '_a2_': 64.98738818464152, '_a4_': 1.0048512117290969, '_a7_': 219.09392213364288, '_a0_': 1.0, '_a3_': 1.0, '_a5_': 1.0, '_a6_': 1.0}};{'d0': 0.024831878955061223};-276.653947510521;41.67390544454149
16954;-96.6530683107189;(((((pow2(_a2_) / (x + (_a2_ * _a4_))) + x) + _a1_) * x) * _a7_);{'d0': {'_a1_': -64.66549798761064, '_a2_': 64.98738818464152, '_a4_': 1.0048512117290969, '_a7_': 219.09392213364288, '_a0_': 1.0, '_a3_': 1.0, '_a5_': 1.0, '_a6_': 1.0}};{'d0': 0.024831878955061223};-276.653947510521;41.67390544454149
16955;-96.6530683107189;(((((pow2(_a2_) / (x + (_a2_ * _a4_))) + x) + _a1_) * x) * _a7_);{'d0': {'_a1_': -64.66549798761064, '_a2_': 64.98738818464152, '_a4_': 1.0048512117290969, '_a7_': 219.09392213364288, '_a0_': 1.0, '_a3_': 1.0, '_a5_': 1.0, '_a6_': 1.0}};{'d0': 0.024831878955061223};-276.653947510521;41.67390544454149
16956;-96.6530683107189;(((((pow2(_a2_) / (x + (_a2_ * _a4_))) + x) + _a1_) * x) * _a7_);{'d0': {'_a1_': -64.66549798761064, '_a2_': 64.98738818464152, '_a4_': 1.0048512117290969, '_a7_': 219.09392213364288, '_a0_': 1.0, '_a3_': 1.0, '_a5_': 1.0, '_a6_': 1.0}};{'d0': 0.024831878955061223};-276.653947510521;41.67390544454149
16957;-96.6530683107189;(((((pow2(_a2_) / (x + (_a2_ * _a4_))) + x) + _a1_) * x) * _a7_);{'d0': {'_a1_': -64.66549798761064, '_a2_': 64.98738818464152, '_a4_': 1.0048512117290969, '_a7_': 219.09392213364288, '_a0_': 1.0, '_a3_': 1.0, '_a5_': 1.0, '_a6_': 1.0}};{'d0': 0.024831878955061223};-276.653947510521;41.67390544454149
16958;-96.6530683107189;(((((pow2(_a2_) / (x + (_a2_ * _a4_))) + x) + _a1_) * x) * _a7_);{'d0': {'_a1_': -64.66549798761064, '_a2_': 64.98738818464152, '_a4_': 1.0048512117290969, '_a7_': 219.09392213364288, '_a0_': 1.0, '_a3_': 1.0, '_a5_': 1.0, '_a6_': 1.0}};{'d0': 0.024831878955061223};-276.653947510521;41.67390544454149
16959;-96.6530683107189;(((((pow2(_a2_) / (x + (_a2_ * _a4_))) + x) + _a1_) * x) * _a7_);{'d0': {'_a1_': -64.66549798761064, '_a2_': 64.98738818464152, '_a4_': 1.0048512117290969, '_a7_': 219.09392213364288, '_a0_': 1.0, '_a3_': 1.0, '_a5_': 1.0, '_a6_': 1.0}};{'d0': 0.024831878955061223};-276.653947510521;41.67390544454149
16960;-96.6530683107189;(((((pow2(_a2_) / (x + (_a2_ * _a4_))) + x) + _a1_) * x) * _a7_);{'d0': {'_a1_': -64.66549798761064, '_a2_': 64.98738818464152, '_a4_': 1.0048512117290969, '_a7_': 219.09392213364288, '_a0_': 1.0, '_a3_': 1.0, '_a5_': 1.0, '_a6_': 1.0}};{'d0': 0.024831878955061223};-276.653947510521;41.67390544454149
16961;-96.6530683107189;(((((pow2(_a2_) / (x + (_a2_ * _a4_))) + x) + _a1_) * x) * _a7_);{'d0': {'_a1_': -64.66549798761064, '_a2_': 64.98738818464152, '_a4_': 1.0048512117290969, '_a7_': 219.09392213364288, '_a0_': 1.0, '_a3_': 1.0, '_a5_': 1.0, '_a6_': 1.0}};{'d0': 0.024831878955061223};-276.653947510521;41.67390544454149
16962;-96.6530683107189;(((((pow2(_a2_) / (x + (_a2_ * _a4_))) + x) + _a1_) * x) * _a7_);{'d0': {'_a1_': -64.66549798761064, '_a2_': 64.98738818464152, '_a4_': 1.0048512117290969, '_a7_': 219.09392213364288, '_a0_': 1.0, '_a3_': 1.0, '_a5_': 1.0, '_a6_': 1.0}};{'d0': 0.024831878955061223};-276.653947510521;41.67390544454149
16963;-96.6530683107189;(((((pow2(_a2_) / (x + (_a2_ * _a4_))) + x) + _a1_) * x) * _a7_);{'d0': {'_a1_': -64.66549798761064, '_a2_': 64.98738818464152, '_a4_': 1.0048512117290969, '_a7_': 219.09392213364288, '_a0_': 1.0, '_a3_': 1.0, '_a5_': 1.0, '_a6_': 1.0}};{'d0': 0.024831878955061223};-276.653947510521;41.67390544454149
16964;-96.6530683107189;(((((pow2(_a2_) / (x + (_a2_ * _a4_))) + x) + _a1_) * x) * _a7_);{'d0': {'_a1_': -64.66549798761064, '_a2_': 64.98738818464152, '_a4_': 1.0048512117290969, '_a7_': 219.09392213364288, '_a0_': 1.0, '_a3_': 1.0, '_a5_': 1.0, '_a6_': 1.0}};{'d0': 0.024831878955061223};-276.653947510521;41.67390544454149
16965;-96.6530683107189;(((((pow2(_a2_) / (x + (_a2_ * _a4_))) + x) + _a1_) * x) * _a7_);{'d0': {'_a1_': -64.66549798761064, '_a2_': 64.98738818464152, '_a4_': 1.0048512117290969, '_a7_': 219.09392213364288, '_a0_': 1.0, '_a3_': 1.0, '_a5_': 1.0, '_a6_': 1.0}};{'d0': 0.024831878955061223};-276.653947510521;41.67390544454149
16966;-96.6530683107189;(((((pow2(_a2_) / (x + (_a2_ * _a4_))) + x) + _a1_) * x) * _a7_);{'d0': {'_a1_': -64.66549798761064, '_a2_': 64.98738818464152, '_a4_': 1.0048512117290969, '_a7_': 219.09392213364288, '_a0_': 1.0, '_a3_': 1.0, '_a5_': 1.0, '_a6_': 1.0}};{'d0': 0.024831878955061223};-276.653947510521;41.67390544454149
16967;-96.6530683107189;(((((pow2(_a2_) / (x + (_a2_ * _a4_))) + x) + _a1_) * x) * _a7_);{'d0': {'_a1_': -64.66549798761064, '_a2_': 64.98738818464152, '_a4_': 1.0048512117290969, '_a7_': 219.09392213364288, '_a0_': 1.0, '_a3_': 1.0, '_a5_': 1.0, '_a6_': 1.0}};{'d0': 0.024831878955061223};-276.653947510521;41.67390544454149
16968;-96.6530683107189;(((((pow2(_a2_) / (x + (_a2_ * _a4_))) + x) + _a1_) * x) * _a7_);{'d0': {'_a1_': -64.66549798761064, '_a2_': 64.98738818464152, '_a4_': 1.0048512117290969, '_a7_': 219.09392213364288, '_a0_': 1.0, '_a3_': 1.0, '_a5_': 1.0, '_a6_': 1.0}};{'d0': 0.024831878955061223};-276.653947510521;41.67390544454149
16969;-96.6530683107189;(((((pow2(_a2_) / (x + (_a2_ * _a4_))) + x) + _a1_) * x) * _a7_);{'d0': {'_a1_': -64.66549798761064, '_a2_': 64.98738818464152, '_a4_': 1.0048512117290969, '_a7_': 219.09392213364288, '_a0_': 1.0, '_a3_': 1.0, '_a5_': 1.0, '_a6_': 1.0}};{'d0': 0.024831878955061223};-276.653947510521;41.67390544454149
16970;-96.6530683107189;(((((pow2(_a2_) / (x + (_a2_ * _a4_))) + x) + _a1_) * x) * _a7_);{'d0': {'_a1_': -64.66549798761064, '_a2_': 64.98738818464152, '_a4_': 1.0048512117290969, '_a7_': 219.09392213364288, '_a0_': 1.0, '_a3_': 1.0, '_a5_': 1.0, '_a6_': 1.0}};{'d0': 0.024831878955061223};-276.653947510521;41.67390544454149
16971;-96.6530683107189;(((((pow2(_a2_) / (x + (_a2_ * _a4_))) + x) + _a1_) * x) * _a7_);{'d0': {'_a1_': -64.66549798761064, '_a2_': 64.98738818464152, '_a4_': 1.0048512117290969, '_a7_': 219.09392213364288, '_a0_': 1.0, '_a3_': 1.0, '_a5_': 1.0, '_a6_': 1.0}};{'d0': 0.024831878955061223};-276.653947510521;41.67390544454149
16972;-96.6530683107189;(((((pow2(_a2_) / (x + (_a2_ * _a4_))) + x) + _a1_) * x) * _a7_);{'d0': {'_a1_': -64.66549798761064, '_a2_': 64.98738818464152, '_a4_': 1.0048512117290969, '_a7_': 219.09392213364288, '_a0_': 1.0, '_a3_': 1.0, '_a5_': 1.0, '_a6_': 1.0}};{'d0': 0.024831878955061223};-276.653947510521;41.67390544454149
16973;-96.6530683107189;(((((pow2(_a2_) / (x + (_a2_ * _a4_))) + x) + _a1_) * x) * _a7_);{'d0': {'_a1_': -64.66549798761064, '_a2_': 64.98738818464152, '_a4_': 1.0048512117290969, '_a7_': 219.09392213364288, '_a0_': 1.0, '_a3_': 1.0, '_a5_': 1.0, '_a6_': 1.0}};{'d0': 0.024831878955061223};-276.653947510521;41.67390544454149
16974;-96.6530683107189;(((((pow2(_a2_) / (x + (_a2_ * _a4_))) + x) + _a1_) * x) * _a7_);{'d0': {'_a1_': -64.66549798761064, '_a2_': 64.98738818464152, '_a4_': 1.0048512117290969, '_a7_': 219.09392213364288, '_a0_': 1.0, '_a3_': 1.0, '_a5_': 1.0, '_a6_': 1.0}};{'d0': 0.024831878955061223};-276.653947510521;41.67390544454149
16975;-109.080515142566;(((_a1_ * (((x + _a0_) * x) * _a1_)) + _a7_) * x);{'d0': {'_a0_': 0.6238594155707596, '_a1_': 1.8375964949187087, '_a7_': 1.7751354043487675, '_a2_': 1.0, '_a3_': 1.0, '_a4_': 1.0, '_a5_': 1.0, '_a6_': 1.0}};{'d0': 0.024905832919416677};-280.569866449043;31.204418081956028
16976;-109.080515142566;(((_a1_ * (((x + _a0_) * x) * _a1_)) + _a7_) * x);{'d0': {'_a0_': 0.6238594155707596, '_a1_': 1.8375964949187087, '_a7_': 1.7751354043487675, '_a2_': 1.0, '_a3_': 1.0, '_a4_': 1.0, '_a5_': 1.0, '_a6_': 1.0}};{'d0': 0.024905832919416677};-280.569866449043;31.204418081956028
16977;-109.080515142566;(((_a1_ * (((x + _a0_) * x) * _a1_)) + _a7_) * x);{'d0': {'_a0_': 0.6238594155707596, '_a1_': 1.8375964949187087, '_a7_': 1.7751354043487675, '_a2_': 1.0, '_a3_': 1.0, '_a4_': 1.0, '_a5_': 1.0, '_a6_': 1.0}};{'d0': 0.024905832919416677};-280.569866449043;31.204418081956028
16978;-109.080515142566;(((_a1_ * (((x + _a0_) * x) * _a1_)) + _a7_) * x);{'d0': {'_a0_': 0.6238594155707596, '_a1_': 1.8375964949187087, '_a7_': 1.7751354043487675, '_a2_': 1.0, '_a3_': 1.0, '_a4_': 1.0, '_a5_': 1.0, '_a6_': 1.0}};{'d0': 0.024905832919416677};-280.569866449043;31.204418081956028
16979;-109.080515142566;(((_a1_ * (((x + _a0_) * x) * _a1_)) + _a7_) * x);{'d0': {'_a0_': 0.6238594155707596, '_a1_': 1.8375964949187087, '_a7_': 1.7751354043487675, '_a2_': 1.0, '_a3_': 1.0, '_a4_': 1.0, '_a5_': 1.0, '_a6_': 1.0}};{'d0': 0.024905832919416677};-280.569866449043;31.204418081956028
16980;-109.080515142566;(((_a1_ * (((x + _a0_) * x) * _a1_)) + _a7_) * x);{'d0': {'_a0_': 0.6238594155707596, '_a1_': 1.8375964949187087, '_a7_': 1.7751354043487675, '_a2_': 1.0, '_a3_': 1.0, '_a4_': 1.0, '_a5_': 1.0, '_a6_': 1.0}};{'d0': 0.024905832919416677};-280.569866449043;31.204418081956028
16981;-109.080515142566;(((_a1_ * (((x + _a0_) * x) * _a1_)) + _a7_) * x);{'d0': {'_a0_': 0.6238594155707596, '_a1_': 1.8375964949187087, '_a7_': 1.7751354043487675, '_a2_': 1.0, '_a3_': 1.0, '_a4_': 1.0, '_a5_': 1.0, '_a6_': 1.0}};{'d0': 0.024905832919416677};-280.569866449043;31.204418081956028
16982;-109.080515142566;(((_a1_ * (((x + _a0_) * x) * _a1_)) + _a7_) * x);{'d0': {'_a0_': 0.6238594155707596, '_a1_': 1.8375964949187087, '_a7_': 1.7751354043487675, '_a2_': 1.0, '_a3_': 1.0, '_a4_': 1.0, '_a5_': 1.0, '_a6_': 1.0}};{'d0': 0.024905832919416677};-280.569866449043;31.204418081956028
16983;-109.080515142566;(((_a1_ * (((x + _a0_) * x) * _a1_)) + _a7_) * x);{'d0': {'_a0_': 0.6238594155707596, '_a1_': 1.8375964949187087, '_a7_': 1.7751354043487675, '_a2_': 1.0, '_a3_': 1.0, '_a4_': 1.0, '_a5_': 1.0, '_a6_': 1.0}};{'d0': 0.024905832919416677};-280.569866449043;31.204418081956028
16984;-109.080515142566;(((_a1_ * (((x + _a0_) * x) * _a1_)) + _a7_) * x);{'d0': {'_a0_': 0.6238594155707596, '_a1_': 1.8375964949187087, '_a7_': 1.7751354043487675, '_a2_': 1.0, '_a3_': 1.0, '_a4_': 1.0, '_a5_': 1.0, '_a6_': 1.0}};{'d0': 0.024905832919416677};-280.569866449043;31.204418081956028
16985;-109.080515142566;(((_a1_ * (((x + _a0_) * x) * _a1_)) + _a7_) * x);{'d0': {'_a0_': 0.6238594155707596, '_a1_': 1.8375964949187087, '_a7_': 1.7751354043487675, '_a2_': 1.0, '_a3_': 1.0, '_a4_': 1.0, '_a5_': 1.0, '_a6_': 1.0}};{'d0': 0.024905832919416677};-280.569866449043;31.204418081956028
16986;-109.080515142566;(((_a1_ * (((x + _a0_) * x) * _a1_)) + _a7_) * x);{'d0': {'_a0_': 0.6238594155707596, '_a1_': 1.8375964949187087, '_a7_': 1.7751354043487675, '_a2_': 1.0, '_a3_': 1.0, '_a4_': 1.0, '_a5_': 1.0, '_a6_': 1.0}};{'d0': 0.024905832919416677};-280.569866449043;31.204418081956028
16987;-109.080515142566;(((_a1_ * (((x + _a0_) * x) * _a1_)) + _a7_) * x);{'d0': {'_a0_': 0.6238594155707596, '_a1_': 1.8375964949187087, '_a7_': 1.7751354043487675, '_a2_': 1.0, '_a3_': 1.0, '_a4_': 1.0, '_a5_': 1.0, '_a6_': 1.0}};{'d0': 0.024905832919416677};-280.569866449043;31.204418081956028
16988;-109.080515142566;(((_a1_ * (((x + _a0_) * x) * _a1_)) + _a7_) * x);{'d0': {'_a0_': 0.6238594155707596, '_a1_': 1.8375964949187087, '_a7_': 1.7751354043487675, '_a2_': 1.0, '_a3_': 1.0, '_a4_': 1.0, '_a5_': 1.0, '_a6_': 1.0}};{'d0': 0.024905832919416677};-280.569866449043;31.204418081956028
16989;-109.080515142566;(((_a1_ * (((x + _a0_) * x) * _a1_)) + _a7_) * x);{'d0': {'_a0_': 0.6238594155707596, '_a1_': 1.8375964949187087, '_a7_': 1.7751354043487675, '_a2_': 1.0, '_a3_': 1.0, '_a4_': 1.0, '_a5_': 1.0, '_a6_': 1.0}};{'d0': 0.024905832919416677};-280.569866449043;31.204418081956028
16990;-109.080515142566;(((_a1_ * (((x + _a0_) * x) * _a1_)) + _a7_) * x);{'d0': {'_a0_': 0.6238594155707596, '_a1_': 1.8375964949187087, '_a7_': 1.7751354043487675, '_a2_': 1.0, '_a3_': 1.0, '_a4_': 1.0, '_a5_': 1.0, '_a6_': 1.0}};{'d0': 0.024905832919416677};-280.569866449043;31.204418081956028
16991;-109.080515142566;(((_a1_ * (((x + _a0_) * x) * _a1_)) + _a7_) * x);{'d0': {'_a0_': 0.6238594155707596, '_a1_': 1.8375964949187087, '_a7_': 1.7751354043487675, '_a2_': 1.0, '_a3_': 1.0, '_a4_': 1.0, '_a5_': 1.0, '_a6_': 1.0}};{'d0': 0.024905832919416677};-280.569866449043;31.204418081956028
16992;-105.608355025258;((((pow2((_a3_ + x)) + -(_a5_)) + _a2_) * _a2_) * x);{'d0': {'_a2_': 3.3767608787806203, '_a3_': 0.3119297077993977, '_a5_': 2.948369251077114, '_a0_': 1.0, '_a1_': 1.0, '_a4_': 1.0, '_a6_': 1.0, '_a7_': 1.0}};{'d0': 0.024905832919416553};-280.569866449044;34.676578199264405
16993;-105.608355025258;((((pow2((_a3_ + x)) + -(_a5_)) + _a2_) * _a2_) * x);{'d0': {'_a2_': 3.3767608787806203, '_a3_': 0.3119297077993977, '_a5_': 2.948369251077114, '_a0_': 1.0, '_a1_': 1.0, '_a4_': 1.0, '_a6_': 1.0, '_a7_': 1.0}};{'d0': 0.024905832919416553};-280.569866449044;34.676578199264405
16994;-105.608355025258;((((pow2((_a3_ + x)) + -(_a5_)) + _a2_) * _a2_) * x);{'d0': {'_a2_': 3.3767608787806203, '_a3_': 0.3119297077993977, '_a5_': 2.948369251077114, '_a0_': 1.0, '_a1_': 1.0, '_a4_': 1.0, '_a6_': 1.0, '_a7_': 1.0}};{'d0': 0.024905832919416553};-280.569866449044;34.676578199264405
16995;-105.608355025258;((((pow2((_a3_ + x)) + -(_a5_)) + _a2_) * _a2_) * x);{'d0': {'_a2_': 3.3767608787806203, '_a3_': 0.3119297077993977, '_a5_': 2.948369251077114, '_a0_': 1.0, '_a1_': 1.0, '_a4_': 1.0, '_a6_': 1.0, '_a7_': 1.0}};{'d0': 0.024905832919416553};-280.569866449044;34.676578199264405
16996;-105.608355025258;((((pow2((_a3_ + x)) + -(_a5_)) + _a2_) * _a2_) * x);{'d0': {'_a2_': 3.3767608787806203, '_a3_': 0.3119297077993977, '_a5_': 2.948369251077114, '_a0_': 1.0, '_a1_': 1.0, '_a4_': 1.0, '_a6_': 1.0, '_a7_': 1.0}};{'d0': 0.024905832919416553};-280.569866449044;34.676578199264405
16997;-105.608355025258;((((pow2((_a3_ + x)) + -(_a5_)) + _a2_) * _a2_) * x);{'d0': {'_a2_': 3.3767608787806203, '_a3_': 0.3119297077993977, '_a5_': 2.948369251077114, '_a0_': 1.0, '_a1_': 1.0, '_a4_': 1.0, '_a6_': 1.0, '_a7_': 1.0}};{'d0': 0.024905832919416553};-280.569866449044;34.676578199264405
16998;-105.608355025258;((((pow2((_a3_ + x)) + -(_a5_)) + _a2_) * _a2_) * x);{'d0': {'_a2_': 3.3767608787806203, '_a3_': 0.3119297077993977, '_a5_': 2.948369251077114, '_a0_': 1.0, '_a1_': 1.0, '_a4_': 1.0, '_a6_': 1.0, '_a7_': 1.0}};{'d0': 0.024905832919416553};-280.569866449044;34.676578199264405
16999;-105.608355025258;((((pow2((_a3_ + x)) + -(_a5_)) + _a2_) * _a2_) * x);{'d0': {'_a2_': 3.3767608787806203, '_a3_': 0.3119297077993977, '_a5_': 2.948369251077114, '_a0_': 1.0, '_a1_': 1.0, '_a4_': 1.0, '_a6_': 1.0, '_a7_': 1.0}};{'d0': 0.024905832919416553};-280.569866449044;34.676578199264405
17000;-105.608355025258;((((pow2((_a3_ + x)) + -(_a5_)) + _a2_) * _a2_) * x);{'d0': {'_a2_': 3.3767608787806203, '_a3_': 0.3119297077993977, '_a5_': 2.948369251077114, '_a0_': 1.0, '_a1_': 1.0, '_a4_': 1.0, '_a6_': 1.0, '_a7_': 1.0}};{'d0': 0.024905832919416553};-280.569866449044;34.676578199264405
17001;-105.608355025258;((((pow2((_a3_ + x)) + -(_a5_)) + _a2_) * _a2_) * x);{'d0': {'_a2_': 3.3767608787806203, '_a3_': 0.3119297077993977, '_a5_': 2.948369251077114, '_a0_': 1.0, '_a1_': 1.0, '_a4_': 1.0, '_a6_': 1.0, '_a7_': 1.0}};{'d0': 0.024905832919416553};-280.569866449044;34.676578199264405
17002;-105.608355025258;((((pow2((_a3_ + x)) + -(_a5_)) + _a2_) * _a2_) * x);{'d0': {'_a2_': 3.3767608787806203, '_a3_': 0.3119297077993977, '_a5_': 2.948369251077114, '_a0_': 1.0, '_a1_': 1.0, '_a4_': 1.0, '_a6_': 1.0, '_a7_': 1.0}};{'d0': 0.024905832919416553};-280.569866449044;34.676578199264405
17003;-104.411319546383;((((pow2((_a3_ + x)) + (_a3_ * _a6_)) + _a2_) * _a2_) * x);{'d0': {'_a2_': 3.376760877382377, '_a3_': 0.3119297079222008, '_a6_': -9.452030936549683, '_a0_': 1.0, '_a1_': 1.0, '_a4_': 1.0, '_a5_': 1.0, '_a7_': 1.0}};{'d0': 0.024905832919416598};-280.569866449044;35.873613678139016
17004;-98.6842001049143;((((pow2((_a3_ + x)) + (-(_a4_) * _a6_)) + _a2_) * _a2_) * x);{'d0': {'_a2_': 3.3767608758500103, '_a3_': 0.31192970784639057, '_a4_': -0.523481635514256, '_a6_': -5.632230485343857, '_a0_': 1.0, '_a1_': 1.0, '_a5_': 1.0, '_a7_': 1.0}};{'d0': 0.024905832919497318};-276.475521886627;39.553560838399406
17005;-98.6842001049143;((((pow2((_a3_ + x)) + (-(_a4_) * _a6_)) + _a2_) * _a2_) * x);{'d0': {'_a2_': 3.3767608758500103, '_a3_': 0.31192970784639057, '_a4_': -0.523481635514256, '_a6_': -5.632230485343857, '_a0_': 1.0, '_a1_': 1.0, '_a5_': 1.0, '_a7_': 1.0}};{'d0': 0.024905832919497318};-276.475521886627;39.553560838399406
17006;-98.6842001049143;((((pow2((_a3_ + x)) + (-(_a4_) * _a6_)) + _a2_) * _a2_) * x);{'d0': {'_a2_': 3.3767608758500103, '_a3_': 0.31192970784639057, '_a4_': -0.523481635514256, '_a6_': -5.632230485343857, '_a0_': 1.0, '_a1_': 1.0, '_a5_': 1.0, '_a7_': 1.0}};{'d0': 0.024905832919497318};-276.475521886627;39.553560838399406
17007;-98.6842001049143;((((pow2((_a3_ + x)) + (-(_a4_) * _a6_)) + _a2_) * _a2_) * x);{'d0': {'_a2_': 3.3767608758500103, '_a3_': 0.31192970784639057, '_a4_': -0.523481635514256, '_a6_': -5.632230485343857, '_a0_': 1.0, '_a1_': 1.0, '_a5_': 1.0, '_a7_': 1.0}};{'d0': 0.024905832919497318};-276.475521886627;39.553560838399406
17008;-98.6842001049143;((((pow2((_a3_ + x)) + (-(_a4_) * _a6_)) + _a2_) * _a2_) * x);{'d0': {'_a2_': 3.3767608758500103, '_a3_': 0.31192970784639057, '_a4_': -0.523481635514256, '_a6_': -5.632230485343857, '_a0_': 1.0, '_a1_': 1.0, '_a5_': 1.0, '_a7_': 1.0}};{'d0': 0.024905832919497318};-276.475521886627;39.553560838399406
17009;-98.6842001049143;((((pow2((_a3_ + x)) + (-(_a4_) * _a6_)) + _a2_) * _a2_) * x);{'d0': {'_a2_': 3.3767608758500103, '_a3_': 0.31192970784639057, '_a4_': -0.523481635514256, '_a6_': -5.632230485343857, '_a0_': 1.0, '_a1_': 1.0, '_a5_': 1.0, '_a7_': 1.0}};{'d0': 0.024905832919497318};-276.475521886627;39.553560838399406
17010;-98.6842001049143;((((pow2((_a3_ + x)) + (-(_a4_) * _a6_)) + _a2_) * _a2_) * x);{'d0': {'_a2_': 3.3767608758500103, '_a3_': 0.31192970784639057, '_a4_': -0.523481635514256, '_a6_': -5.632230485343857, '_a0_': 1.0, '_a1_': 1.0, '_a5_': 1.0, '_a7_': 1.0}};{'d0': 0.024905832919497318};-276.475521886627;39.553560838399406
17011;-98.6842001049143;((((pow2((_a3_ + x)) + (-(_a4_) * _a6_)) + _a2_) * _a2_) * x);{'d0': {'_a2_': 3.3767608758500103, '_a3_': 0.31192970784639057, '_a4_': -0.523481635514256, '_a6_': -5.632230485343857, '_a0_': 1.0, '_a1_': 1.0, '_a5_': 1.0, '_a7_': 1.0}};{'d0': 0.024905832919497318};-276.475521886627;39.553560838399406
17012;-98.6842001049143;((((pow2((_a3_ + x)) + (-(_a4_) * _a6_)) + _a2_) * _a2_) * x);{'d0': {'_a2_': 3.3767608758500103, '_a3_': 0.31192970784639057, '_a4_': -0.523481635514256, '_a6_': -5.632230485343857, '_a0_': 1.0, '_a1_': 1.0, '_a5_': 1.0, '_a7_': 1.0}};{'d0': 0.024905832919497318};-276.475521886627;39.553560838399406
17013;-98.6842001049143;((((pow2((_a3_ + x)) + (-(_a4_) * _a6_)) + _a2_) * _a2_) * x);{'d0': {'_a2_': 3.3767608758500103, '_a3_': 0.31192970784639057, '_a4_': -0.523481635514256, '_a6_': -5.632230485343857, '_a0_': 1.0, '_a1_': 1.0, '_a5_': 1.0, '_a7_': 1.0}};{'d0': 0.024905832919497318};-276.475521886627;39.553560838399406
17014;-98.6842001049143;((((pow2((_a3_ + x)) + (-(_a4_) * _a6_)) + _a2_) * _a2_) * x);{'d0': {'_a2_': 3.3767608758500103, '_a3_': 0.31192970784639057, '_a4_': -0.523481635514256, '_a6_': -5.632230485343857, '_a0_': 1.0, '_a1_': 1.0, '_a5_': 1.0, '_a7_': 1.0}};{'d0': 0.024905832919497318};-276.475521886627;39.553560838399406
17015;-98.6842001049143;((((pow2((_a3_ + x)) + (-(_a4_) * _a6_)) + _a2_) * _a2_) * x);{'d0': {'_a2_': 3.3767608758500103, '_a3_': 0.31192970784639057, '_a4_': -0.523481635514256, '_a6_': -5.632230485343857, '_a0_': 1.0, '_a1_': 1.0, '_a5_': 1.0, '_a7_': 1.0}};{'d0': 0.024905832919497318};-276.475521886627;39.553560838399406
17016;-98.6842001049143;((((pow2((_a3_ + x)) + (-(_a4_) * _a6_)) + _a2_) * _a2_) * x);{'d0': {'_a2_': 3.3767608758500103, '_a3_': 0.31192970784639057, '_a4_': -0.523481635514256, '_a6_': -5.632230485343857, '_a0_': 1.0, '_a1_': 1.0, '_a5_': 1.0, '_a7_': 1.0}};{'d0': 0.024905832919497318};-276.475521886627;39.553560838399406
17017;-98.6842001049143;((((pow2((_a3_ + x)) + (-(_a4_) * _a6_)) + _a2_) * _a2_) * x);{'d0': {'_a2_': 3.3767608758500103, '_a3_': 0.31192970784639057, '_a4_': -0.523481635514256, '_a6_': -5.632230485343857, '_a0_': 1.0, '_a1_': 1.0, '_a5_': 1.0, '_a7_': 1.0}};{'d0': 0.024905832919497318};-276.475521886627;39.553560838399406
17018;-98.6842001049143;((((pow2((_a3_ + x)) + (-(_a4_) * _a6_)) + _a2_) * _a2_) * x);{'d0': {'_a2_': 3.3767608758500103, '_a3_': 0.31192970784639057, '_a4_': -0.523481635514256, '_a6_': -5.632230485343857, '_a0_': 1.0, '_a1_': 1.0, '_a5_': 1.0, '_a7_': 1.0}};{'d0': 0.024905832919497318};-276.475521886627;39.553560838399406
17019;-98.6842001049143;((((pow2((_a3_ + x)) + (-(_a4_) * _a6_)) + _a2_) * _a2_) * x);{'d0': {'_a2_': 3.3767608758500103, '_a3_': 0.31192970784639057, '_a4_': -0.523481635514256, '_a6_': -5.632230485343857, '_a0_': 1.0, '_a1_': 1.0, '_a5_': 1.0, '_a7_': 1.0}};{'d0': 0.024905832919497318};-276.475521886627;39.553560838399406
17020;-98.6842001049143;((((pow2((_a3_ + x)) + (-(_a4_) * _a6_)) + _a2_) * _a2_) * x);{'d0': {'_a2_': 3.3767608758500103, '_a3_': 0.31192970784639057, '_a4_': -0.523481635514256, '_a6_': -5.632230485343857, '_a0_': 1.0, '_a1_': 1.0, '_a5_': 1.0, '_a7_': 1.0}};{'d0': 0.024905832919497318};-276.475521886627;39.553560838399406
17021;-98.6842001049143;((((pow2((_a3_ + x)) + (-(_a4_) * _a6_)) + _a2_) * _a2_) * x);{'d0': {'_a2_': 3.3767608758500103, '_a3_': 0.31192970784639057, '_a4_': -0.523481635514256, '_a6_': -5.632230485343857, '_a0_': 1.0, '_a1_': 1.0, '_a5_': 1.0, '_a7_': 1.0}};{'d0': 0.024905832919497318};-276.475521886627;39.553560838399406
17022;-98.6842001049143;((((pow2((_a3_ + x)) + (-(_a4_) * _a6_)) + _a2_) * _a2_) * x);{'d0': {'_a2_': 3.3767608758500103, '_a3_': 0.31192970784639057, '_a4_': -0.523481635514256, '_a6_': -5.632230485343857, '_a0_': 1.0, '_a1_': 1.0, '_a5_': 1.0, '_a7_': 1.0}};{'d0': 0.024905832919497318};-276.475521886627;39.553560838399406
17023;-96.6370278227804;((((pow2((_a3_ + x)) + (-(_a4_) * _a6_)) + _a7_) * _a2_) * x);{'d0': {'_a2_': 3.3767608778381857, '_a3_': 0.3119297077458417, '_a4_': -0.8391006850928059, '_a6_': -7.001831517753133, '_a7_': 6.303633178499535, '_a0_': 1.0, '_a1_': 1.0, '_a5_': 1.0}};{'d0': 0.024905832920346482};-272.381177322359;39.553560838399406
17024;-96.6370278227804;((((pow2((_a3_ + x)) + (-(_a4_) * _a6_)) + _a7_) * _a2_) * x);{'d0': {'_a2_': 3.3767608778381857, '_a3_': 0.3119297077458417, '_a4_': -0.8391006850928059, '_a6_': -7.001831517753133, '_a7_': 6.303633178499535, '_a0_': 1.0, '_a1_': 1.0, '_a5_': 1.0}};{'d0': 0.024905832920346482};-272.381177322359;39.553560838399406
17025;-98.6842000920696;((((pow2((_a3_ + x)) + (-(_a4_) * _a6_)) + _a3_) * _a2_) * x);{'d0': {'_a2_': 3.3767608780060763, '_a3_': 0.3119297077409791, '_a4_': 0.04440235058738906, '_a6_': -2.622871785629795, '_a0_': 1.0, '_a1_': 1.0, '_a5_': 1.0, '_a7_': 1.0}};{'d0': 0.02490583293016095};-276.475521860938;39.553560838399406
17026;-98.6842000920696;((((pow2((_a3_ + x)) + (-(_a4_) * _a6_)) + _a3_) * _a2_) * x);{'d0': {'_a2_': 3.3767608780060763, '_a3_': 0.3119297077409791, '_a4_': 0.04440235058738906, '_a6_': -2.622871785629795, '_a0_': 1.0, '_a1_': 1.0, '_a5_': 1.0, '_a7_': 1.0}};{'d0': 0.02490583293016095};-276.475521860938;39.553560838399406
17027;-98.6842000920696;((((pow2((_a3_ + x)) + (-(_a4_) * _a6_)) + _a3_) * _a2_) * x);{'d0': {'_a2_': 3.3767608780060763, '_a3_': 0.3119297077409791, '_a4_': 0.04440235058738906, '_a6_': -2.622871785629795, '_a0_': 1.0, '_a1_': 1.0, '_a5_': 1.0, '_a7_': 1.0}};{'d0': 0.02490583293016095};-276.475521860938;39.553560838399406
17028;-104.411319546383;((((pow2((_a3_ + x)) + (_a2_ * _a6_)) + _a3_) * _a2_) * x);{'d0': {'_a2_': 3.376760865816732, '_a3_': 0.31192970773222867, '_a6_': 0.03448924200749391, '_a0_': 1.0, '_a1_': 1.0, '_a4_': 1.0, '_a5_': 1.0, '_a7_': 1.0}};{'d0': 0.024905832919416736};-280.569866449043;35.873613678139016
17029;-104.411319546383;((((pow2((_a3_ + x)) + (_a2_ * _a6_)) + _a3_) * _a2_) * x);{'d0': {'_a2_': 3.376760865816732, '_a3_': 0.31192970773222867, '_a6_': 0.03448924200749391, '_a0_': 1.0, '_a1_': 1.0, '_a4_': 1.0, '_a5_': 1.0, '_a7_': 1.0}};{'d0': 0.024905832919416736};-280.569866449043;35.873613678139016
17030;-104.411319546383;((((pow2((_a3_ + x)) + (_a2_ * _a6_)) + _a3_) * _a2_) * x);{'d0': {'_a2_': 3.376760865816732, '_a3_': 0.31192970773222867, '_a6_': 0.03448924200749391, '_a0_': 1.0, '_a1_': 1.0, '_a4_': 1.0, '_a5_': 1.0, '_a7_': 1.0}};{'d0': 0.024905832919416736};-280.569866449043;35.873613678139016
17031;-104.411319546383;((((pow2((_a3_ + x)) + (_a2_ * _a6_)) + _a3_) * _a2_) * x);{'d0': {'_a2_': 3.376760865816732, '_a3_': 0.31192970773222867, '_a6_': 0.03448924200749391, '_a0_': 1.0, '_a1_': 1.0, '_a4_': 1.0, '_a5_': 1.0, '_a7_': 1.0}};{'d0': 0.024905832919416736};-280.569866449043;35.873613678139016
17032;-104.411319546383;((((pow2((_a3_ + x)) + (_a2_ * _a6_)) + _a3_) * _a2_) * x);{'d0': {'_a2_': 3.376760865816732, '_a3_': 0.31192970773222867, '_a6_': 0.03448924200749391, '_a0_': 1.0, '_a1_': 1.0, '_a4_': 1.0, '_a5_': 1.0, '_a7_': 1.0}};{'d0': 0.024905832919416736};-280.569866449043;35.873613678139016
17033;-104.411319546383;((((pow2((_a3_ + x)) + (_a2_ * _a6_)) + _a3_) * _a2_) * x);{'d0': {'_a2_': 3.376760865816732, '_a3_': 0.31192970773222867, '_a6_': 0.03448924200749391, '_a0_': 1.0, '_a1_': 1.0, '_a4_': 1.0, '_a5_': 1.0, '_a7_': 1.0}};{'d0': 0.024905832919416736};-280.569866449043;35.873613678139016
17034;-104.411319546383;((((pow2((_a3_ + x)) + (_a2_ * _a6_)) + _a6_) * _a2_) * x);{'d0': {'_a2_': 3.3767608806966156, '_a3_': 0.31192970780237567, '_a6_': 0.0978786913372892, '_a0_': 1.0, '_a1_': 1.0, '_a4_': 1.0, '_a5_': 1.0, '_a7_': 1.0}};{'d0': 0.024905832919416688};-280.569866449043;35.873613678139016
17035;-104.411319546383;((((pow2((_a3_ + x)) + (_a2_ * _a6_)) + _a6_) * _a2_) * x);{'d0': {'_a2_': 3.3767608806966156, '_a3_': 0.31192970780237567, '_a6_': 0.0978786913372892, '_a0_': 1.0, '_a1_': 1.0, '_a4_': 1.0, '_a5_': 1.0, '_a7_': 1.0}};{'d0': 0.024905832919416688};-280.569866449043;35.873613678139016
17036;-104.411319546383;((((pow2((_a3_ + x)) + (_a2_ * _a6_)) + _a6_) * _a2_) * x);{'d0': {'_a2_': 3.3767608806966156, '_a3_': 0.31192970780237567, '_a6_': 0.0978786913372892, '_a0_': 1.0, '_a1_': 1.0, '_a4_': 1.0, '_a5_': 1.0, '_a7_': 1.0}};{'d0': 0.024905832919416688};-280.569866449043;35.873613678139016
17037;-104.411319546383;((((pow2((_a3_ + x)) + (_a2_ * _a6_)) + _a6_) * _a2_) * x);{'d0': {'_a2_': 3.3767608806966156, '_a3_': 0.31192970780237567, '_a6_': 0.0978786913372892, '_a0_': 1.0, '_a1_': 1.0, '_a4_': 1.0, '_a5_': 1.0, '_a7_': 1.0}};{'d0': 0.024905832919416688};-280.569866449043;35.873613678139016
17038;-98.6662127709453;((((pow2((_a3_ + x)) + (_a2_ * _a6_)) + _a6_) * pow2(_a0_)) * x);{'d0': {'_a0_': 1.8375964948379369, '_a2_': 6.338972156523846, '_a3_': 0.31192970789723856, '_a6_': 0.058372112362031596, '_a1_': 1.0, '_a4_': 1.0, '_a5_': 1.0, '_a7_': 1.0}};{'d0': 0.024905832937445593};-276.475521843388;39.57154815074902
17039;-99.3042050942197;((((pow2((_a3_ + x)) ** (_a2_ * _a6_)) + _a6_) * pow2(_a0_)) * x);{'d0': {'_a0_': 1.8598417411181287, '_a2_': 2.4691736342172055, '_a3_': 0.31009121186264066, '_a6_': 0.424044840567078, '_a1_': 1.0, '_a4_': 1.0, '_a5_': 1.0, '_a7_': 1.0}};{'d0': 0.023785370572969214};-279.237401084077;40.31449544781901
17040;-99.3042050942197;((((pow2((_a3_ + x)) ** (_a2_ * _a6_)) + _a6_) * pow2(_a0_)) * x);{'d0': {'_a0_': 1.8598417411181287, '_a2_': 2.4691736342172055, '_a3_': 0.31009121186264066, '_a6_': 0.424044840567078, '_a1_': 1.0, '_a4_': 1.0, '_a5_': 1.0, '_a7_': 1.0}};{'d0': 0.023785370572969214};-279.237401084077;40.31449544781901
17041;-99.3042050942197;((((pow2((_a3_ + x)) ** (_a2_ * _a6_)) + _a6_) * pow2(_a0_)) * x);{'d0': {'_a0_': 1.8598417411181287, '_a2_': 2.4691736342172055, '_a3_': 0.31009121186264066, '_a6_': 0.424044840567078, '_a1_': 1.0, '_a4_': 1.0, '_a5_': 1.0, '_a7_': 1.0}};{'d0': 0.023785370572969214};-279.237401084077;40.31449544781901
17042;-99.3042050942197;((((pow2((_a3_ + x)) ** (_a2_ * _a6_)) + _a6_) * pow2(_a0_)) * x);{'d0': {'_a0_': 1.8598417411181287, '_a2_': 2.4691736342172055, '_a3_': 0.31009121186264066, '_a6_': 0.424044840567078, '_a1_': 1.0, '_a4_': 1.0, '_a5_': 1.0, '_a7_': 1.0}};{'d0': 0.023785370572969214};-279.237401084077;40.31449544781901
17043;-99.3042050942197;((((pow2((_a3_ + x)) ** (_a2_ * _a6_)) + _a6_) * pow2(_a0_)) * x);{'d0': {'_a0_': 1.8598417411181287, '_a2_': 2.4691736342172055, '_a3_': 0.31009121186264066, '_a6_': 0.424044840567078, '_a1_': 1.0, '_a4_': 1.0, '_a5_': 1.0, '_a7_': 1.0}};{'d0': 0.023785370572969214};-279.237401084077;40.31449544781901
17044;-99.3042050942197;((((pow2((_a3_ + x)) ** (_a2_ * _a6_)) + _a6_) * pow2(_a0_)) * x);{'d0': {'_a0_': 1.8598417411181287, '_a2_': 2.4691736342172055, '_a3_': 0.31009121186264066, '_a6_': 0.424044840567078, '_a1_': 1.0, '_a4_': 1.0, '_a5_': 1.0, '_a7_': 1.0}};{'d0': 0.023785370572969214};-279.237401084077;40.31449544781901
17045;-99.3042050942197;((((pow2((_a3_ + x)) ** (_a2_ * _a6_)) + _a6_) * pow2(_a0_)) * x);{'d0': {'_a0_': 1.8598417411181287, '_a2_': 2.4691736342172055, '_a3_': 0.31009121186264066, '_a6_': 0.424044840567078, '_a1_': 1.0, '_a4_': 1.0, '_a5_': 1.0, '_a7_': 1.0}};{'d0': 0.023785370572969214};-279.237401084077;40.31449544781901
17046;-99.3042050942197;((((pow2((_a3_ + x)) ** (_a2_ * _a6_)) + _a6_) * pow2(_a0_)) * x);{'d0': {'_a0_': 1.8598417411181287, '_a2_': 2.4691736342172055, '_a3_': 0.31009121186264066, '_a6_': 0.424044840567078, '_a1_': 1.0, '_a4_': 1.0, '_a5_': 1.0, '_a7_': 1.0}};{'d0': 0.023785370572969214};-279.237401084077;40.31449544781901
17047;-99.3042050942197;((((pow2((_a3_ + x)) ** (_a2_ * _a6_)) + _a6_) * pow2(_a0_)) * x);{'d0': {'_a0_': 1.8598417411181287, '_a2_': 2.4691736342172055, '_a3_': 0.31009121186264066, '_a6_': 0.424044840567078, '_a1_': 1.0, '_a4_': 1.0, '_a5_': 1.0, '_a7_': 1.0}};{'d0': 0.023785370572969214};-279.237401084077;40.31449544781901
17048;-109.080515142566;(((_a1_ * (((x + _a0_) * x) * _a1_)) + _a7_) * x);{'d0': {'_a0_': 0.6238594155707596, '_a1_': 1.8375964949187087, '_a7_': 1.7751354043487675, '_a2_': 1.0, '_a3_': 1.0, '_a4_': 1.0, '_a5_': 1.0, '_a6_': 1.0}};{'d0': 0.024905832919416677};-280.569866449043;31.204418081956028
17049;-109.080515142566;(((_a1_ * (((x + _a0_) * x) * _a1_)) + _a7_) * x);{'d0': {'_a0_': 0.6238594155707596, '_a1_': 1.8375964949187087, '_a7_': 1.7751354043487675, '_a2_': 1.0, '_a3_': 1.0, '_a4_': 1.0, '_a5_': 1.0, '_a6_': 1.0}};{'d0': 0.024905832919416677};-280.569866449043;31.204418081956028
17050;-109.080515142566;(((_a1_ * (((x + _a0_) * x) * _a1_)) + _a7_) * x);{'d0': {'_a0_': 0.6238594155707596, '_a1_': 1.8375964949187087, '_a7_': 1.7751354043487675, '_a2_': 1.0, '_a3_': 1.0, '_a4_': 1.0, '_a5_': 1.0, '_a6_': 1.0}};{'d0': 0.024905832919416677};-280.569866449043;31.204418081956028
17051;-109.080515142566;(((_a1_ * (((x + _a0_) * x) * _a1_)) + _a7_) * x);{'d0': {'_a0_': 0.6238594155707596, '_a1_': 1.8375964949187087, '_a7_': 1.7751354043487675, '_a2_': 1.0, '_a3_': 1.0, '_a4_': 1.0, '_a5_': 1.0, '_a6_': 1.0}};{'d0': 0.024905832919416677};-280.569866449043;31.204418081956028
17052;-109.080515142566;(((_a1_ * (((x + _a0_) * x) * _a1_)) + _a7_) * x);{'d0': {'_a0_': 0.6238594155707596, '_a1_': 1.8375964949187087, '_a7_': 1.7751354043487675, '_a2_': 1.0, '_a3_': 1.0, '_a4_': 1.0, '_a5_': 1.0, '_a6_': 1.0}};{'d0': 0.024905832919416677};-280.569866449043;31.204418081956028
17053;-109.080515142566;(((_a1_ * (((x + _a0_) * x) * _a1_)) + _a7_) * x);{'d0': {'_a0_': 0.6238594155707596, '_a1_': 1.8375964949187087, '_a7_': 1.7751354043487675, '_a2_': 1.0, '_a3_': 1.0, '_a4_': 1.0, '_a5_': 1.0, '_a6_': 1.0}};{'d0': 0.024905832919416677};-280.569866449043;31.204418081956028
17054;-109.080515142566;(((_a1_ * (((x + _a0_) * x) * _a1_)) + _a7_) * x);{'d0': {'_a0_': 0.6238594155707596, '_a1_': 1.8375964949187087, '_a7_': 1.7751354043487675, '_a2_': 1.0, '_a3_': 1.0, '_a4_': 1.0, '_a5_': 1.0, '_a6_': 1.0}};{'d0': 0.024905832919416677};-280.569866449043;31.204418081956028
17055;-109.080515142566;(((_a1_ * (((x + _a0_) * x) * _a1_)) + _a7_) * x);{'d0': {'_a0_': 0.6238594155707596, '_a1_': 1.8375964949187087, '_a7_': 1.7751354043487675, '_a2_': 1.0, '_a3_': 1.0, '_a4_': 1.0, '_a5_': 1.0, '_a6_': 1.0}};{'d0': 0.024905832919416677};-280.569866449043;31.204418081956028
17056;-109.080515142566;(((_a1_ * (((x + _a0_) * x) * _a1_)) + _a7_) * x);{'d0': {'_a0_': 0.6238594155707596, '_a1_': 1.8375964949187087, '_a7_': 1.7751354043487675, '_a2_': 1.0, '_a3_': 1.0, '_a4_': 1.0, '_a5_': 1.0, '_a6_': 1.0}};{'d0': 0.024905832919416677};-280.569866449043;31.204418081956028
17057;-109.080515142566;(((_a1_ * (((x + _a0_) * x) * _a1_)) + _a7_) * x);{'d0': {'_a0_': 0.6238594155707596, '_a1_': 1.8375964949187087, '_a7_': 1.7751354043487675, '_a2_': 1.0, '_a3_': 1.0, '_a4_': 1.0, '_a5_': 1.0, '_a6_': 1.0}};{'d0': 0.024905832919416677};-280.569866449043;31.204418081956028
17058;-109.080515142566;(((_a1_ * (((x + _a0_) * x) * _a1_)) + _a7_) * x);{'d0': {'_a0_': 0.6238594155707596, '_a1_': 1.8375964949187087, '_a7_': 1.7751354043487675, '_a2_': 1.0, '_a3_': 1.0, '_a4_': 1.0, '_a5_': 1.0, '_a6_': 1.0}};{'d0': 0.024905832919416677};-280.569866449043;31.204418081956028
17059;-109.080515142566;(((_a1_ * (((x + _a0_) * x) * _a1_)) + _a7_) * x);{'d0': {'_a0_': 0.6238594155707596, '_a1_': 1.8375964949187087, '_a7_': 1.7751354043487675, '_a2_': 1.0, '_a3_': 1.0, '_a4_': 1.0, '_a5_': 1.0, '_a6_': 1.0}};{'d0': 0.024905832919416677};-280.569866449043;31.204418081956028
17060;-109.080515142566;(((_a1_ * (((x + _a0_) * x) * _a1_)) + _a7_) * x);{'d0': {'_a0_': 0.6238594155707596, '_a1_': 1.8375964949187087, '_a7_': 1.7751354043487675, '_a2_': 1.0, '_a3_': 1.0, '_a4_': 1.0, '_a5_': 1.0, '_a6_': 1.0}};{'d0': 0.024905832919416677};-280.569866449043;31.204418081956028
17061;-109.080515142566;(((_a1_ * (((x + _a0_) * x) * _a1_)) + _a7_) * x);{'d0': {'_a0_': 0.6238594155707596, '_a1_': 1.8375964949187087, '_a7_': 1.7751354043487675, '_a2_': 1.0, '_a3_': 1.0, '_a4_': 1.0, '_a5_': 1.0, '_a6_': 1.0}};{'d0': 0.024905832919416677};-280.569866449043;31.204418081956028
17062;-105.400567982305;(((_a1_ * (((x + -(_a6_)) * x) * _a1_)) + _a7_) * x);{'d0': {'_a1_': 1.8375964951106059, '_a6_': -0.6238594155918235, '_a7_': 1.7751354042908574, '_a0_': 1.0, '_a2_': 1.0, '_a3_': 1.0, '_a4_': 1.0, '_a5_': 1.0}};{'d0': 0.0249058329194166};-280.569866449044;34.88436524221642
17063;-105.400567982305;(((_a1_ * (((x + -(_a6_)) * x) * _a1_)) + _a7_) * x);{'d0': {'_a1_': 1.8375964951106059, '_a6_': -0.6238594155918235, '_a7_': 1.7751354042908574, '_a0_': 1.0, '_a2_': 1.0, '_a3_': 1.0, '_a4_': 1.0, '_a5_': 1.0}};{'d0': 0.0249058329194166};-280.569866449044;34.88436524221642
17064;-105.400567982305;(((_a1_ * (((x + -(_a6_)) * x) * _a1_)) + _a7_) * x);{'d0': {'_a1_': 1.8375964951106059, '_a6_': -0.6238594155918235, '_a7_': 1.7751354042908574, '_a0_': 1.0, '_a2_': 1.0, '_a3_': 1.0, '_a4_': 1.0, '_a5_': 1.0}};{'d0': 0.0249058329194166};-280.569866449044;34.88436524221642
17065;-105.400567982305;(((_a1_ * (((x + -(_a6_)) * x) * _a1_)) + _a7_) * x);{'d0': {'_a1_': 1.8375964951106059, '_a6_': -0.6238594155918235, '_a7_': 1.7751354042908574, '_a0_': 1.0, '_a2_': 1.0, '_a3_': 1.0, '_a4_': 1.0, '_a5_': 1.0}};{'d0': 0.0249058329194166};-280.569866449044;34.88436524221642
17066;-105.400567982305;(((_a1_ * (((x + -(_a6_)) * x) * _a1_)) + _a7_) * x);{'d0': {'_a1_': 1.8375964951106059, '_a6_': -0.6238594155918235, '_a7_': 1.7751354042908574, '_a0_': 1.0, '_a2_': 1.0, '_a3_': 1.0, '_a4_': 1.0, '_a5_': 1.0}};{'d0': 0.0249058329194166};-280.569866449044;34.88436524221642
17067;-105.400567982305;(((_a1_ * (((x + -(_a6_)) * x) * _a1_)) + _a7_) * x);{'d0': {'_a1_': 1.8375964951106059, '_a6_': -0.6238594155918235, '_a7_': 1.7751354042908574, '_a0_': 1.0, '_a2_': 1.0, '_a3_': 1.0, '_a4_': 1.0, '_a5_': 1.0}};{'d0': 0.0249058329194166};-280.569866449044;34.88436524221642
17068;-105.400567982305;(((_a1_ * (((x + -(_a6_)) * x) * _a1_)) + _a7_) * x);{'d0': {'_a1_': 1.8375964951106059, '_a6_': -0.6238594155918235, '_a7_': 1.7751354042908574, '_a0_': 1.0, '_a2_': 1.0, '_a3_': 1.0, '_a4_': 1.0, '_a5_': 1.0}};{'d0': 0.0249058329194166};-280.569866449044;34.88436524221642
17069;-105.400567982305;(((_a1_ * (((x + -(_a6_)) * x) * _a1_)) + _a7_) * x);{'d0': {'_a1_': 1.8375964951106059, '_a6_': -0.6238594155918235, '_a7_': 1.7751354042908574, '_a0_': 1.0, '_a2_': 1.0, '_a3_': 1.0, '_a4_': 1.0, '_a5_': 1.0}};{'d0': 0.0249058329194166};-280.569866449044;34.88436524221642
17070;-105.400567982305;(((_a1_ * (((x + -(_a6_)) * x) * _a1_)) + _a7_) * x);{'d0': {'_a1_': 1.8375964951106059, '_a6_': -0.6238594155918235, '_a7_': 1.7751354042908574, '_a0_': 1.0, '_a2_': 1.0, '_a3_': 1.0, '_a4_': 1.0, '_a5_': 1.0}};{'d0': 0.0249058329194166};-280.569866449044;34.88436524221642
17071;-105.400567982305;(((_a1_ * (((x + -(_a6_)) * x) * _a1_)) + _a7_) * x);{'d0': {'_a1_': 1.8375964951106059, '_a6_': -0.6238594155918235, '_a7_': 1.7751354042908574, '_a0_': 1.0, '_a2_': 1.0, '_a3_': 1.0, '_a4_': 1.0, '_a5_': 1.0}};{'d0': 0.0249058329194166};-280.569866449044;34.88436524221642
17072;-105.400567982305;(((_a1_ * (((x + -(_a6_)) * x) * _a1_)) + _a7_) * x);{'d0': {'_a1_': 1.8375964951106059, '_a6_': -0.6238594155918235, '_a7_': 1.7751354042908574, '_a0_': 1.0, '_a2_': 1.0, '_a3_': 1.0, '_a4_': 1.0, '_a5_': 1.0}};{'d0': 0.0249058329194166};-280.569866449044;34.88436524221642
17073;-96.6539250847110;(((((pow2(_a2_) / (x + (_a2_ * _a0_))) + x) + _a6_) * x) * _a7_);{'d0': {'_a0_': 1.0045154514507355, '_a2_': 69.76912850520884, '_a6_': -69.44792262255278, '_a7_': 235.2405532745244, '_a1_': 1.0, '_a3_': 1.0, '_a4_': 1.0, '_a5_': 1.0}};{'d0': 0.024831169788252425};-276.655661058505;41.67390544454149
17074;-96.6539250847110;(((((pow2(_a2_) / (x + (_a2_ * _a0_))) + x) + _a6_) * x) * _a7_);{'d0': {'_a0_': 1.0045154514507355, '_a2_': 69.76912850520884, '_a6_': -69.44792262255278, '_a7_': 235.2405532745244, '_a1_': 1.0, '_a3_': 1.0, '_a4_': 1.0, '_a5_': 1.0}};{'d0': 0.024831169788252425};-276.655661058505;41.67390544454149
17075;-96.6539250847110;(((((pow2(_a2_) / (x + (_a2_ * _a0_))) + x) + _a6_) * x) * _a7_);{'d0': {'_a0_': 1.0045154514507355, '_a2_': 69.76912850520884, '_a6_': -69.44792262255278, '_a7_': 235.2405532745244, '_a1_': 1.0, '_a3_': 1.0, '_a4_': 1.0, '_a5_': 1.0}};{'d0': 0.024831169788252425};-276.655661058505;41.67390544454149
17076;-96.6539250847110;(((((pow2(_a2_) / (x + (_a2_ * _a0_))) + x) + _a6_) * x) * _a7_);{'d0': {'_a0_': 1.0045154514507355, '_a2_': 69.76912850520884, '_a6_': -69.44792262255278, '_a7_': 235.2405532745244, '_a1_': 1.0, '_a3_': 1.0, '_a4_': 1.0, '_a5_': 1.0}};{'d0': 0.024831169788252425};-276.655661058505;41.67390544454149
17077;-96.6539250847110;(((((pow2(_a2_) / (x + (_a2_ * _a0_))) + x) + _a6_) * x) * _a7_);{'d0': {'_a0_': 1.0045154514507355, '_a2_': 69.76912850520884, '_a6_': -69.44792262255278, '_a7_': 235.2405532745244, '_a1_': 1.0, '_a3_': 1.0, '_a4_': 1.0, '_a5_': 1.0}};{'d0': 0.024831169788252425};-276.655661058505;41.67390544454149
17078;-96.6539250847110;(((((pow2(_a2_) / (x + (_a2_ * _a0_))) + x) + _a6_) * x) * _a7_);{'d0': {'_a0_': 1.0045154514507355, '_a2_': 69.76912850520884, '_a6_': -69.44792262255278, '_a7_': 235.2405532745244, '_a1_': 1.0, '_a3_': 1.0, '_a4_': 1.0, '_a5_': 1.0}};{'d0': 0.024831169788252425};-276.655661058505;41.67390544454149
17079;-96.6539250847110;(((((pow2(_a2_) / (x + (_a2_ * _a0_))) + x) + _a6_) * x) * _a7_);{'d0': {'_a0_': 1.0045154514507355, '_a2_': 69.76912850520884, '_a6_': -69.44792262255278, '_a7_': 235.2405532745244, '_a1_': 1.0, '_a3_': 1.0, '_a4_': 1.0, '_a5_': 1.0}};{'d0': 0.024831169788252425};-276.655661058505;41.67390544454149
17080;-96.6539250847110;(((((pow2(_a2_) / (x + (_a2_ * _a0_))) + x) + _a6_) * x) * _a7_);{'d0': {'_a0_': 1.0045154514507355, '_a2_': 69.76912850520884, '_a6_': -69.44792262255278, '_a7_': 235.2405532745244, '_a1_': 1.0, '_a3_': 1.0, '_a4_': 1.0, '_a5_': 1.0}};{'d0': 0.024831169788252425};-276.655661058505;41.67390544454149
17081;-96.6539250847110;(((((pow2(_a2_) / (x + (_a2_ * _a0_))) + x) + _a6_) * x) * _a7_);{'d0': {'_a0_': 1.0045154514507355, '_a2_': 69.76912850520884, '_a6_': -69.44792262255278, '_a7_': 235.2405532745244, '_a1_': 1.0, '_a3_': 1.0, '_a4_': 1.0, '_a5_': 1.0}};{'d0': 0.024831169788252425};-276.655661058505;41.67390544454149
17082;-96.6539250847110;(((((pow2(_a2_) / (x + (_a2_ * _a0_))) + x) + _a6_) * x) * _a7_);{'d0': {'_a0_': 1.0045154514507355, '_a2_': 69.76912850520884, '_a6_': -69.44792262255278, '_a7_': 235.2405532745244, '_a1_': 1.0, '_a3_': 1.0, '_a4_': 1.0, '_a5_': 1.0}};{'d0': 0.024831169788252425};-276.655661058505;41.67390544454149
17083;-96.6539250847110;(((((pow2(_a2_) / (x + (_a2_ * _a0_))) + x) + _a6_) * x) * _a7_);{'d0': {'_a0_': 1.0045154514507355, '_a2_': 69.76912850520884, '_a6_': -69.44792262255278, '_a7_': 235.2405532745244, '_a1_': 1.0, '_a3_': 1.0, '_a4_': 1.0, '_a5_': 1.0}};{'d0': 0.024831169788252425};-276.655661058505;41.67390544454149
17084;-96.6539250847110;(((((pow2(_a2_) / (x + (_a2_ * _a0_))) + x) + _a6_) * x) * _a7_);{'d0': {'_a0_': 1.0045154514507355, '_a2_': 69.76912850520884, '_a6_': -69.44792262255278, '_a7_': 235.2405532745244, '_a1_': 1.0, '_a3_': 1.0, '_a4_': 1.0, '_a5_': 1.0}};{'d0': 0.024831169788252425};-276.655661058505;41.67390544454149
17085;-96.6539250847110;(((((pow2(_a2_) / (x + (_a2_ * _a0_))) + x) + _a6_) * x) * _a7_);{'d0': {'_a0_': 1.0045154514507355, '_a2_': 69.76912850520884, '_a6_': -69.44792262255278, '_a7_': 235.2405532745244, '_a1_': 1.0, '_a3_': 1.0, '_a4_': 1.0, '_a5_': 1.0}};{'d0': 0.024831169788252425};-276.655661058505;41.67390544454149
17086;-96.6539250847110;(((((pow2(_a2_) / (x + (_a2_ * _a0_))) + x) + _a6_) * x) * _a7_);{'d0': {'_a0_': 1.0045154514507355, '_a2_': 69.76912850520884, '_a6_': -69.44792262255278, '_a7_': 235.2405532745244, '_a1_': 1.0, '_a3_': 1.0, '_a4_': 1.0, '_a5_': 1.0}};{'d0': 0.024831169788252425};-276.655661058505;41.67390544454149
17087;-96.6539250847110;(((((pow2(_a2_) / (x + (_a2_ * _a0_))) + x) + _a6_) * x) * _a7_);{'d0': {'_a0_': 1.0045154514507355, '_a2_': 69.76912850520884, '_a6_': -69.44792262255278, '_a7_': 235.2405532745244, '_a1_': 1.0, '_a3_': 1.0, '_a4_': 1.0, '_a5_': 1.0}};{'d0': 0.024831169788252425};-276.655661058505;41.67390544454149
17088;-96.2926249303285;((((pow2((_a7_ + x)) / (_a2_ + cos(_a2_))) + _a6_) + _a6_) * x);{'d0': {'_a2_': -0.5541868541325435, '_a6_': 0.7232880450367508, '_a7_': 0.3119297079428804, '_a0_': 1.0, '_a1_': 1.0, '_a3_': 1.0, '_a4_': 1.0, '_a5_': 1.0}};{'d0': 0.02490583291941669};-280.569866449043;43.99230829419341
17089;-96.2926249303286;((((pow2((_a7_ + x)) / (_a2_ + cos(_a2_))) + _a6_) + _a7_) * x);{'d0': {'_a2_': -0.5541868542642611, '_a6_': 1.1346463823342574, '_a7_': 0.31192970817993687, '_a0_': 1.0, '_a1_': 1.0, '_a3_': 1.0, '_a4_': 1.0, '_a5_': 1.0}};{'d0': 0.02490583291941658};-280.569866449044;43.99230829419341
17090;-96.2926249303286;((((pow2((_a7_ + x)) / (_a2_ + cos(_a2_))) + _a6_) + _a7_) * x);{'d0': {'_a2_': -0.5541868542642611, '_a6_': 1.1346463823342574, '_a7_': 0.31192970817993687, '_a0_': 1.0, '_a1_': 1.0, '_a3_': 1.0, '_a4_': 1.0, '_a5_': 1.0}};{'d0': 0.02490583291941658};-280.569866449044;43.99230829419341
17091;-96.2926249303286;((((pow2((_a7_ + x)) / (_a2_ + cos(_a2_))) + _a6_) + _a7_) * x);{'d0': {'_a2_': -0.5541868542642611, '_a6_': 1.1346463823342574, '_a7_': 0.31192970817993687, '_a0_': 1.0, '_a1_': 1.0, '_a3_': 1.0, '_a4_': 1.0, '_a5_': 1.0}};{'d0': 0.02490583291941658};-280.569866449044;43.99230829419341
17092;-96.2926249303286;((((pow2((_a7_ + x)) / (_a2_ + cos(_a2_))) + _a6_) + _a7_) * x);{'d0': {'_a2_': -0.5541868542642611, '_a6_': 1.1346463823342574, '_a7_': 0.31192970817993687, '_a0_': 1.0, '_a1_': 1.0, '_a3_': 1.0, '_a4_': 1.0, '_a5_': 1.0}};{'d0': 0.02490583291941658};-280.569866449044;43.99230829419341
17093;-96.2926249303286;((((pow2((_a7_ + x)) / (_a2_ + cos(_a2_))) + _a6_) + _a7_) * x);{'d0': {'_a2_': -0.5541868542642611, '_a6_': 1.1346463823342574, '_a7_': 0.31192970817993687, '_a0_': 1.0, '_a1_': 1.0, '_a3_': 1.0, '_a4_': 1.0, '_a5_': 1.0}};{'d0': 0.02490583291941658};-280.569866449044;43.99230829419341
17094;-96.2926249303286;((((pow2((_a7_ + x)) / (_a2_ + cos(_a2_))) + _a6_) + _a7_) * x);{'d0': {'_a2_': -0.5541868542642611, '_a6_': 1.1346463823342574, '_a7_': 0.31192970817993687, '_a0_': 1.0, '_a1_': 1.0, '_a3_': 1.0, '_a4_': 1.0, '_a5_': 1.0}};{'d0': 0.02490583291941658};-280.569866449044;43.99230829419341
17095;-96.2926249303286;((((pow2((_a7_ + x)) / (_a2_ + cos(_a2_))) + _a6_) + _a7_) * x);{'d0': {'_a2_': -0.5541868542642611, '_a6_': 1.1346463823342574, '_a7_': 0.31192970817993687, '_a0_': 1.0, '_a1_': 1.0, '_a3_': 1.0, '_a4_': 1.0, '_a5_': 1.0}};{'d0': 0.02490583291941658};-280.569866449044;43.99230829419341
17096;-96.2926249303286;((((pow2((_a7_ + x)) / (_a2_ + cos(_a2_))) + _a6_) + _a7_) * x);{'d0': {'_a2_': -0.5541868542642611, '_a6_': 1.1346463823342574, '_a7_': 0.31192970817993687, '_a0_': 1.0, '_a1_': 1.0, '_a3_': 1.0, '_a4_': 1.0, '_a5_': 1.0}};{'d0': 0.02490583291941658};-280.569866449044;43.99230829419341
17097;-96.6539250847110;(((((pow2(_a2_) / (x + (_a2_ * _a0_))) + x) + _a6_) * x) * _a7_);{'d0': {'_a0_': 1.0045154514507355, '_a2_': 69.76912850520884, '_a6_': -69.44792262255278, '_a7_': 235.2405532745244, '_a1_': 1.0, '_a3_': 1.0, '_a4_': 1.0, '_a5_': 1.0}};{'d0': 0.024831169788252425};-276.655661058505;41.67390544454149
17098;-96.6539250847110;(((((pow2(_a2_) / (x + (_a2_ * _a0_))) + x) + _a6_) * x) * _a7_);{'d0': {'_a0_': 1.0045154514507355, '_a2_': 69.76912850520884, '_a6_': -69.44792262255278, '_a7_': 235.2405532745244, '_a1_': 1.0, '_a3_': 1.0, '_a4_': 1.0, '_a5_': 1.0}};{'d0': 0.024831169788252425};-276.655661058505;41.67390544454149
17099;-96.6539250847110;(((((pow2(_a2_) / (x + (_a2_ * _a0_))) + x) + _a6_) * x) * _a7_);{'d0': {'_a0_': 1.0045154514507355, '_a2_': 69.76912850520884, '_a6_': -69.44792262255278, '_a7_': 235.2405532745244, '_a1_': 1.0, '_a3_': 1.0, '_a4_': 1.0, '_a5_': 1.0}};{'d0': 0.024831169788252425};-276.655661058505;41.67390544454149
17100;-96.6539250847110;(((((pow2(_a2_) / (x + (_a2_ * _a0_))) + x) + _a6_) * x) * _a7_);{'d0': {'_a0_': 1.0045154514507355, '_a2_': 69.76912850520884, '_a6_': -69.44792262255278, '_a7_': 235.2405532745244, '_a1_': 1.0, '_a3_': 1.0, '_a4_': 1.0, '_a5_': 1.0}};{'d0': 0.024831169788252425};-276.655661058505;41.67390544454149
17101;-96.6539250847110;(((((pow2(_a2_) / (x + (_a2_ * _a0_))) + x) + _a6_) * x) * _a7_);{'d0': {'_a0_': 1.0045154514507355, '_a2_': 69.76912850520884, '_a6_': -69.44792262255278, '_a7_': 235.2405532745244, '_a1_': 1.0, '_a3_': 1.0, '_a4_': 1.0, '_a5_': 1.0}};{'d0': 0.024831169788252425};-276.655661058505;41.67390544454149
17102;-96.6539250847110;(((((pow2(_a2_) / (x + (_a2_ * _a0_))) + x) + _a6_) * x) * _a7_);{'d0': {'_a0_': 1.0045154514507355, '_a2_': 69.76912850520884, '_a6_': -69.44792262255278, '_a7_': 235.2405532745244, '_a1_': 1.0, '_a3_': 1.0, '_a4_': 1.0, '_a5_': 1.0}};{'d0': 0.024831169788252425};-276.655661058505;41.67390544454149
17103;-96.6539250847110;(((((pow2(_a2_) / (x + (_a2_ * _a0_))) + x) + _a6_) * x) * _a7_);{'d0': {'_a0_': 1.0045154514507355, '_a2_': 69.76912850520884, '_a6_': -69.44792262255278, '_a7_': 235.2405532745244, '_a1_': 1.0, '_a3_': 1.0, '_a4_': 1.0, '_a5_': 1.0}};{'d0': 0.024831169788252425};-276.655661058505;41.67390544454149
17104;-96.6539250847110;(((((pow2(_a2_) / (x + (_a2_ * _a0_))) + x) + _a6_) * x) * _a7_);{'d0': {'_a0_': 1.0045154514507355, '_a2_': 69.76912850520884, '_a6_': -69.44792262255278, '_a7_': 235.2405532745244, '_a1_': 1.0, '_a3_': 1.0, '_a4_': 1.0, '_a5_': 1.0}};{'d0': 0.024831169788252425};-276.655661058505;41.67390544454149
17105;-96.6539250847110;(((((pow2(_a2_) / (x + (_a2_ * _a0_))) + x) + _a6_) * x) * _a7_);{'d0': {'_a0_': 1.0045154514507355, '_a2_': 69.76912850520884, '_a6_': -69.44792262255278, '_a7_': 235.2405532745244, '_a1_': 1.0, '_a3_': 1.0, '_a4_': 1.0, '_a5_': 1.0}};{'d0': 0.024831169788252425};-276.655661058505;41.67390544454149
17106;-96.6539250847110;(((((pow2(_a2_) / (x + (_a2_ * _a0_))) + x) + _a6_) * x) * _a7_);{'d0': {'_a0_': 1.0045154514507355, '_a2_': 69.76912850520884, '_a6_': -69.44792262255278, '_a7_': 235.2405532745244, '_a1_': 1.0, '_a3_': 1.0, '_a4_': 1.0, '_a5_': 1.0}};{'d0': 0.024831169788252425};-276.655661058505;41.67390544454149
17107;-96.6539250847110;(((((pow2(_a2_) / (x + (_a2_ * _a0_))) + x) + _a6_) * x) * _a7_);{'d0': {'_a0_': 1.0045154514507355, '_a2_': 69.76912850520884, '_a6_': -69.44792262255278, '_a7_': 235.2405532745244, '_a1_': 1.0, '_a3_': 1.0, '_a4_': 1.0, '_a5_': 1.0}};{'d0': 0.024831169788252425};-276.655661058505;41.67390544454149
17108;-102.863495166960;((x * (_a3_ + (((x + _a2_) * x) * _a7_))) / exp(_a2_));{'d0': {'_a2_': 0.6238594152751819, '_a3_': 3.3126090750375123, '_a7_': 6.301428445005264, '_a0_': 1.0, '_a1_': 1.0, '_a4_': 1.0, '_a5_': 1.0, '_a6_': 1.0}};{'d0': 0.024905832919416605};-280.569866449044;37.421438057561346
17109;-102.863495166960;((x * (_a3_ + (((x + _a2_) * x) * _a7_))) / exp(_a2_));{'d0': {'_a2_': 0.6238594152751819, '_a3_': 3.3126090750375123, '_a7_': 6.301428445005264, '_a0_': 1.0, '_a1_': 1.0, '_a4_': 1.0, '_a5_': 1.0, '_a6_': 1.0}};{'d0': 0.024905832919416605};-280.569866449044;37.421438057561346
17110;-102.863495166960;((x * (_a3_ + (((x + _a2_) * x) * _a7_))) / exp(_a2_));{'d0': {'_a2_': 0.6238594152751819, '_a3_': 3.3126090750375123, '_a7_': 6.301428445005264, '_a0_': 1.0, '_a1_': 1.0, '_a4_': 1.0, '_a5_': 1.0, '_a6_': 1.0}};{'d0': 0.024905832919416605};-280.569866449044;37.421438057561346
17111;-102.863495166960;((x * (_a3_ + (((x + _a2_) * x) * _a7_))) / exp(_a2_));{'d0': {'_a2_': 0.6238594152751819, '_a3_': 3.3126090750375123, '_a7_': 6.301428445005264, '_a0_': 1.0, '_a1_': 1.0, '_a4_': 1.0, '_a5_': 1.0, '_a6_': 1.0}};{'d0': 0.024905832919416605};-280.569866449044;37.421438057561346
17112;-102.863495166960;((x * (_a3_ + (((x + _a2_) * x) * _a7_))) / exp(_a2_));{'d0': {'_a2_': 0.6238594152751819, '_a3_': 3.3126090750375123, '_a7_': 6.301428445005264, '_a0_': 1.0, '_a1_': 1.0, '_a4_': 1.0, '_a5_': 1.0, '_a6_': 1.0}};{'d0': 0.024905832919416605};-280.569866449044;37.421438057561346
17113;-102.863495166960;((x * (_a3_ + (((x + _a2_) * x) * _a7_))) / exp(_a2_));{'d0': {'_a2_': 0.6238594152751819, '_a3_': 3.3126090750375123, '_a7_': 6.301428445005264, '_a0_': 1.0, '_a1_': 1.0, '_a4_': 1.0, '_a5_': 1.0, '_a6_': 1.0}};{'d0': 0.024905832919416605};-280.569866449044;37.421438057561346
17114;-102.863495166960;((x * (_a3_ + (((x + _a2_) * x) * _a7_))) / exp(_a2_));{'d0': {'_a2_': 0.6238594152751819, '_a3_': 3.3126090750375123, '_a7_': 6.301428445005264, '_a0_': 1.0, '_a1_': 1.0, '_a4_': 1.0, '_a5_': 1.0, '_a6_': 1.0}};{'d0': 0.024905832919416605};-280.569866449044;37.421438057561346
17115;-96.6539250847110;(((((pow2(_a2_) / (x + (_a2_ * _a0_))) + x) + _a6_) * x) * _a7_);{'d0': {'_a0_': 1.0045154514507355, '_a2_': 69.76912850520884, '_a6_': -69.44792262255278, '_a7_': 235.2405532745244, '_a1_': 1.0, '_a3_': 1.0, '_a4_': 1.0, '_a5_': 1.0}};{'d0': 0.024831169788252425};-276.655661058505;41.67390544454149
17116;-96.6539250847110;(((((pow2(_a2_) / (x + (_a2_ * _a0_))) + x) + _a6_) * x) * _a7_);{'d0': {'_a0_': 1.0045154514507355, '_a2_': 69.76912850520884, '_a6_': -69.44792262255278, '_a7_': 235.2405532745244, '_a1_': 1.0, '_a3_': 1.0, '_a4_': 1.0, '_a5_': 1.0}};{'d0': 0.024831169788252425};-276.655661058505;41.67390544454149
17117;-96.6539250847110;(((((pow2(_a2_) / (x + (_a2_ * _a0_))) + x) + _a6_) * x) * _a7_);{'d0': {'_a0_': 1.0045154514507355, '_a2_': 69.76912850520884, '_a6_': -69.44792262255278, '_a7_': 235.2405532745244, '_a1_': 1.0, '_a3_': 1.0, '_a4_': 1.0, '_a5_': 1.0}};{'d0': 0.024831169788252425};-276.655661058505;41.67390544454149
17118;-96.6539250847110;(((((pow2(_a2_) / (x + (_a2_ * _a0_))) + x) + _a6_) * x) * _a7_);{'d0': {'_a0_': 1.0045154514507355, '_a2_': 69.76912850520884, '_a6_': -69.44792262255278, '_a7_': 235.2405532745244, '_a1_': 1.0, '_a3_': 1.0, '_a4_': 1.0, '_a5_': 1.0}};{'d0': 0.024831169788252425};-276.655661058505;41.67390544454149
17119;-96.6539250847110;(((((pow2(_a2_) / (x + (_a2_ * _a0_))) + x) + _a6_) * x) * _a7_);{'d0': {'_a0_': 1.0045154514507355, '_a2_': 69.76912850520884, '_a6_': -69.44792262255278, '_a7_': 235.2405532745244, '_a1_': 1.0, '_a3_': 1.0, '_a4_': 1.0, '_a5_': 1.0}};{'d0': 0.024831169788252425};-276.655661058505;41.67390544454149
17120;-96.6539250847110;(((((pow2(_a2_) / (x + (_a2_ * _a0_))) + x) + _a6_) * x) * _a7_);{'d0': {'_a0_': 1.0045154514507355, '_a2_': 69.76912850520884, '_a6_': -69.44792262255278, '_a7_': 235.2405532745244, '_a1_': 1.0, '_a3_': 1.0, '_a4_': 1.0, '_a5_': 1.0}};{'d0': 0.024831169788252425};-276.655661058505;41.67390544454149
17121;-96.6539250847110;(((((pow2(_a2_) / (x + (_a2_ * _a0_))) + x) + _a6_) * x) * _a7_);{'d0': {'_a0_': 1.0045154514507355, '_a2_': 69.76912850520884, '_a6_': -69.44792262255278, '_a7_': 235.2405532745244, '_a1_': 1.0, '_a3_': 1.0, '_a4_': 1.0, '_a5_': 1.0}};{'d0': 0.024831169788252425};-276.655661058505;41.67390544454149
17122;-96.6539250847110;(((((pow2(_a2_) / (x + (_a2_ * _a0_))) + x) + _a6_) * x) * _a7_);{'d0': {'_a0_': 1.0045154514507355, '_a2_': 69.76912850520884, '_a6_': -69.44792262255278, '_a7_': 235.2405532745244, '_a1_': 1.0, '_a3_': 1.0, '_a4_': 1.0, '_a5_': 1.0}};{'d0': 0.024831169788252425};-276.655661058505;41.67390544454149
17123;-96.6539250847110;(((((pow2(_a2_) / (x + (_a2_ * _a0_))) + x) + _a6_) * x) * _a7_);{'d0': {'_a0_': 1.0045154514507355, '_a2_': 69.76912850520884, '_a6_': -69.44792262255278, '_a7_': 235.2405532745244, '_a1_': 1.0, '_a3_': 1.0, '_a4_': 1.0, '_a5_': 1.0}};{'d0': 0.024831169788252425};-276.655661058505;41.67390544454149
17124;-96.6539250847110;(((((pow2(_a2_) / (x + (_a2_ * _a0_))) + x) + _a6_) * x) * _a7_);{'d0': {'_a0_': 1.0045154514507355, '_a2_': 69.76912850520884, '_a6_': -69.44792262255278, '_a7_': 235.2405532745244, '_a1_': 1.0, '_a3_': 1.0, '_a4_': 1.0, '_a5_': 1.0}};{'d0': 0.024831169788252425};-276.655661058505;41.67390544454149
17125;-96.6539250847110;(((((pow2(_a2_) / (x + (_a2_ * _a0_))) + x) + _a6_) * x) * _a7_);{'d0': {'_a0_': 1.0045154514507355, '_a2_': 69.76912850520884, '_a6_': -69.44792262255278, '_a7_': 235.2405532745244, '_a1_': 1.0, '_a3_': 1.0, '_a4_': 1.0, '_a5_': 1.0}};{'d0': 0.024831169788252425};-276.655661058505;41.67390544454149
17126;-96.6539250847110;(((((pow2(_a2_) / (x + (_a2_ * _a0_))) + x) + _a6_) * x) * _a7_);{'d0': {'_a0_': 1.0045154514507355, '_a2_': 69.76912850520884, '_a6_': -69.44792262255278, '_a7_': 235.2405532745244, '_a1_': 1.0, '_a3_': 1.0, '_a4_': 1.0, '_a5_': 1.0}};{'d0': 0.024831169788252425};-276.655661058505;41.67390544454149
17127;-104.058817930787;(((_a4_ * (((x + (_a1_ * _a7_)) * x) * _a1_)) + _a7_) * x);{'d0': {'_a1_': 0.35144328378632006, '_a4_': 9.608266925515329, '_a7_': 1.7751354043240628, '_a0_': 1.0, '_a2_': 1.0, '_a3_': 1.0, '_a5_': 1.0, '_a6_': 1.0}};{'d0': 0.024905832919416615};-280.569866449044;36.22611529373503
17128;-104.058817930787;(((_a4_ * (((x + (_a1_ * _a7_)) * x) * _a1_)) + _a7_) * x);{'d0': {'_a1_': 0.35144328378632006, '_a4_': 9.608266925515329, '_a7_': 1.7751354043240628, '_a0_': 1.0, '_a2_': 1.0, '_a3_': 1.0, '_a5_': 1.0, '_a6_': 1.0}};{'d0': 0.024905832919416615};-280.569866449044;36.22611529373503
17129;-104.058817930787;(((_a4_ * (((x + (_a1_ * _a7_)) * x) * _a1_)) + _a7_) * x);{'d0': {'_a1_': 0.35144328378632006, '_a4_': 9.608266925515329, '_a7_': 1.7751354043240628, '_a0_': 1.0, '_a2_': 1.0, '_a3_': 1.0, '_a5_': 1.0, '_a6_': 1.0}};{'d0': 0.024905832919416615};-280.569866449044;36.22611529373503
17130;-104.058817930787;(((_a4_ * (((x + (_a1_ * _a7_)) * x) * _a1_)) + _a7_) * x);{'d0': {'_a1_': 0.35144328378632006, '_a4_': 9.608266925515329, '_a7_': 1.7751354043240628, '_a0_': 1.0, '_a2_': 1.0, '_a3_': 1.0, '_a5_': 1.0, '_a6_': 1.0}};{'d0': 0.024905832919416615};-280.569866449044;36.22611529373503
17131;-96.6539250847110;(((((pow2(_a2_) / (x + (_a2_ * _a0_))) + x) + _a6_) * x) * _a7_);{'d0': {'_a0_': 1.0045154514507355, '_a2_': 69.76912850520884, '_a6_': -69.44792262255278, '_a7_': 235.2405532745244, '_a1_': 1.0, '_a3_': 1.0, '_a4_': 1.0, '_a5_': 1.0}};{'d0': 0.024831169788252425};-276.655661058505;41.67390544454149
17132;-96.6539250847110;(((((pow2(_a2_) / (x + (_a2_ * _a0_))) + x) + _a6_) * x) * _a7_);{'d0': {'_a0_': 1.0045154514507355, '_a2_': 69.76912850520884, '_a6_': -69.44792262255278, '_a7_': 235.2405532745244, '_a1_': 1.0, '_a3_': 1.0, '_a4_': 1.0, '_a5_': 1.0}};{'d0': 0.024831169788252425};-276.655661058505;41.67390544454149
17133;-96.6539250847110;(((((pow2(_a2_) / (x + (_a2_ * _a0_))) + x) + _a6_) * x) * _a7_);{'d0': {'_a0_': 1.0045154514507355, '_a2_': 69.76912850520884, '_a6_': -69.44792262255278, '_a7_': 235.2405532745244, '_a1_': 1.0, '_a3_': 1.0, '_a4_': 1.0, '_a5_': 1.0}};{'d0': 0.024831169788252425};-276.655661058505;41.67390544454149
17134;-96.6539250847110;(((((pow2(_a2_) / (x + (_a2_ * _a0_))) + x) + _a6_) * x) * _a7_);{'d0': {'_a0_': 1.0045154514507355, '_a2_': 69.76912850520884, '_a6_': -69.44792262255278, '_a7_': 235.2405532745244, '_a1_': 1.0, '_a3_': 1.0, '_a4_': 1.0, '_a5_': 1.0}};{'d0': 0.024831169788252425};-276.655661058505;41.67390544454149
17135;-96.6539250847110;(((((pow2(_a2_) / (x + (_a2_ * _a0_))) + x) + _a6_) * x) * _a7_);{'d0': {'_a0_': 1.0045154514507355, '_a2_': 69.76912850520884, '_a6_': -69.44792262255278, '_a7_': 235.2405532745244, '_a1_': 1.0, '_a3_': 1.0, '_a4_': 1.0, '_a5_': 1.0}};{'d0': 0.024831169788252425};-276.655661058505;41.67390544454149
17136;-96.6539250847110;(((((pow2(_a2_) / (x + (_a2_ * _a0_))) + x) + _a6_) * x) * _a7_);{'d0': {'_a0_': 1.0045154514507355, '_a2_': 69.76912850520884, '_a6_': -69.44792262255278, '_a7_': 235.2405532745244, '_a1_': 1.0, '_a3_': 1.0, '_a4_': 1.0, '_a5_': 1.0}};{'d0': 0.024831169788252425};-276.655661058505;41.67390544454149
17137;-96.6539250847110;(((((pow2(_a2_) / (x + (_a2_ * _a0_))) + x) + _a6_) * x) * _a7_);{'d0': {'_a0_': 1.0045154514507355, '_a2_': 69.76912850520884, '_a6_': -69.44792262255278, '_a7_': 235.2405532745244, '_a1_': 1.0, '_a3_': 1.0, '_a4_': 1.0, '_a5_': 1.0}};{'d0': 0.024831169788252425};-276.655661058505;41.67390544454149
17138;-96.6539250847110;(((((pow2(_a2_) / (x + (_a2_ * _a0_))) + x) + _a6_) * x) * _a7_);{'d0': {'_a0_': 1.0045154514507355, '_a2_': 69.76912850520884, '_a6_': -69.44792262255278, '_a7_': 235.2405532745244, '_a1_': 1.0, '_a3_': 1.0, '_a4_': 1.0, '_a5_': 1.0}};{'d0': 0.024831169788252425};-276.655661058505;41.67390544454149
17139;-96.6539250847110;(((((pow2(_a2_) / (x + (_a2_ * _a0_))) + x) + _a6_) * x) * _a7_);{'d0': {'_a0_': 1.0045154514507355, '_a2_': 69.76912850520884, '_a6_': -69.44792262255278, '_a7_': 235.2405532745244, '_a1_': 1.0, '_a3_': 1.0, '_a4_': 1.0, '_a5_': 1.0}};{'d0': 0.024831169788252425};-276.655661058505;41.67390544454149
17140;-96.6539250847110;(((((pow2(_a2_) / (x + (_a2_ * _a0_))) + x) + _a6_) * x) * _a7_);{'d0': {'_a0_': 1.0045154514507355, '_a2_': 69.76912850520884, '_a6_': -69.44792262255278, '_a7_': 235.2405532745244, '_a1_': 1.0, '_a3_': 1.0, '_a4_': 1.0, '_a5_': 1.0}};{'d0': 0.024831169788252425};-276.655661058505;41.67390544454149
17141;-96.6539250847110;(((((pow2(_a2_) / (x + (_a2_ * _a0_))) + x) + _a6_) * x) * _a7_);{'d0': {'_a0_': 1.0045154514507355, '_a2_': 69.76912850520884, '_a6_': -69.44792262255278, '_a7_': 235.2405532745244, '_a1_': 1.0, '_a3_': 1.0, '_a4_': 1.0, '_a5_': 1.0}};{'d0': 0.024831169788252425};-276.655661058505;41.67390544454149
17142;-96.6539250847110;(((((pow2(_a2_) / (x + (_a2_ * _a0_))) + x) + _a6_) * x) * _a7_);{'d0': {'_a0_': 1.0045154514507355, '_a2_': 69.76912850520884, '_a6_': -69.44792262255278, '_a7_': 235.2405532745244, '_a1_': 1.0, '_a3_': 1.0, '_a4_': 1.0, '_a5_': 1.0}};{'d0': 0.024831169788252425};-276.655661058505;41.67390544454149
17143;-96.6539250847110;(((((pow2(_a2_) / (x + (_a2_ * _a0_))) + x) + _a6_) * x) * _a7_);{'d0': {'_a0_': 1.0045154514507355, '_a2_': 69.76912850520884, '_a6_': -69.44792262255278, '_a7_': 235.2405532745244, '_a1_': 1.0, '_a3_': 1.0, '_a4_': 1.0, '_a5_': 1.0}};{'d0': 0.024831169788252425};-276.655661058505;41.67390544454149
17144;-96.6539250847110;(((((pow2(_a2_) / (x + (_a2_ * _a0_))) + x) + _a6_) * x) * _a7_);{'d0': {'_a0_': 1.0045154514507355, '_a2_': 69.76912850520884, '_a6_': -69.44792262255278, '_a7_': 235.2405532745244, '_a1_': 1.0, '_a3_': 1.0, '_a4_': 1.0, '_a5_': 1.0}};{'d0': 0.024831169788252425};-276.655661058505;41.67390544454149
17145;-96.6539250847110;(((((pow2(_a2_) / (x + (_a2_ * _a0_))) + x) + _a6_) * x) * _a7_);{'d0': {'_a0_': 1.0045154514507355, '_a2_': 69.76912850520884, '_a6_': -69.44792262255278, '_a7_': 235.2405532745244, '_a1_': 1.0, '_a3_': 1.0, '_a4_': 1.0, '_a5_': 1.0}};{'d0': 0.024831169788252425};-276.655661058505;41.67390544454149
17146;-96.6539250847110;(((((pow2(_a2_) / (x + (_a2_ * _a0_))) + x) + _a6_) * x) * _a7_);{'d0': {'_a0_': 1.0045154514507355, '_a2_': 69.76912850520884, '_a6_': -69.44792262255278, '_a7_': 235.2405532745244, '_a1_': 1.0, '_a3_': 1.0, '_a4_': 1.0, '_a5_': 1.0}};{'d0': 0.024831169788252425};-276.655661058505;41.67390544454149
17147;-96.6539250847110;(((((pow2(_a2_) / (x + (_a2_ * _a0_))) + x) + _a6_) * x) * _a7_);{'d0': {'_a0_': 1.0045154514507355, '_a2_': 69.76912850520884, '_a6_': -69.44792262255278, '_a7_': 235.2405532745244, '_a1_': 1.0, '_a3_': 1.0, '_a4_': 1.0, '_a5_': 1.0}};{'d0': 0.024831169788252425};-276.655661058505;41.67390544454149
17148;-96.6539250847110;(((((pow2(_a2_) / (x + (_a2_ * _a0_))) + x) + _a6_) * x) * _a7_);{'d0': {'_a0_': 1.0045154514507355, '_a2_': 69.76912850520884, '_a6_': -69.44792262255278, '_a7_': 235.2405532745244, '_a1_': 1.0, '_a3_': 1.0, '_a4_': 1.0, '_a5_': 1.0}};{'d0': 0.024831169788252425};-276.655661058505;41.67390544454149
17149;-96.6539250847110;(((((pow2(_a2_) / (x + (_a2_ * _a0_))) + x) + _a6_) * x) * _a7_);{'d0': {'_a0_': 1.0045154514507355, '_a2_': 69.76912850520884, '_a6_': -69.44792262255278, '_a7_': 235.2405532745244, '_a1_': 1.0, '_a3_': 1.0, '_a4_': 1.0, '_a5_': 1.0}};{'d0': 0.024831169788252425};-276.655661058505;41.67390544454149
17150;-96.6539250847110;(((((pow2(_a2_) / (x + (_a2_ * _a0_))) + x) + _a6_) * x) * _a7_);{'d0': {'_a0_': 1.0045154514507355, '_a2_': 69.76912850520884, '_a6_': -69.44792262255278, '_a7_': 235.2405532745244, '_a1_': 1.0, '_a3_': 1.0, '_a4_': 1.0, '_a5_': 1.0}};{'d0': 0.024831169788252425};-276.655661058505;41.67390544454149
17151;-96.6539250847110;(((((pow2(_a2_) / (x + (_a2_ * _a0_))) + x) + _a6_) * x) * _a7_);{'d0': {'_a0_': 1.0045154514507355, '_a2_': 69.76912850520884, '_a6_': -69.44792262255278, '_a7_': 235.2405532745244, '_a1_': 1.0, '_a3_': 1.0, '_a4_': 1.0, '_a5_': 1.0}};{'d0': 0.024831169788252425};-276.655661058505;41.67390544454149
17152;-96.6539250847110;(((((pow2(_a2_) / (x + (_a2_ * _a0_))) + x) + _a6_) * x) * _a7_);{'d0': {'_a0_': 1.0045154514507355, '_a2_': 69.76912850520884, '_a6_': -69.44792262255278, '_a7_': 235.2405532745244, '_a1_': 1.0, '_a3_': 1.0, '_a4_': 1.0, '_a5_': 1.0}};{'d0': 0.024831169788252425};-276.655661058505;41.67390544454149
17153;-96.6539250847110;(((((pow2(_a2_) / (x + (_a2_ * _a0_))) + x) + _a6_) * x) * _a7_);{'d0': {'_a0_': 1.0045154514507355, '_a2_': 69.76912850520884, '_a6_': -69.44792262255278, '_a7_': 235.2405532745244, '_a1_': 1.0, '_a3_': 1.0, '_a4_': 1.0, '_a5_': 1.0}};{'d0': 0.024831169788252425};-276.655661058505;41.67390544454149
17154;-96.6539250847110;(((((pow2(_a2_) / (x + (_a2_ * _a0_))) + x) + _a6_) * x) * _a7_);{'d0': {'_a0_': 1.0045154514507355, '_a2_': 69.76912850520884, '_a6_': -69.44792262255278, '_a7_': 235.2405532745244, '_a1_': 1.0, '_a3_': 1.0, '_a4_': 1.0, '_a5_': 1.0}};{'d0': 0.024831169788252425};-276.655661058505;41.67390544454149
17155;-96.6539250847110;(((((pow2(_a2_) / (x + (_a2_ * _a0_))) + x) + _a6_) * x) * _a7_);{'d0': {'_a0_': 1.0045154514507355, '_a2_': 69.76912850520884, '_a6_': -69.44792262255278, '_a7_': 235.2405532745244, '_a1_': 1.0, '_a3_': 1.0, '_a4_': 1.0, '_a5_': 1.0}};{'d0': 0.024831169788252425};-276.655661058505;41.67390544454149
17156;-96.6539250847110;(((((pow2(_a2_) / (x + (_a2_ * _a0_))) + x) + _a6_) * x) * _a7_);{'d0': {'_a0_': 1.0045154514507355, '_a2_': 69.76912850520884, '_a6_': -69.44792262255278, '_a7_': 235.2405532745244, '_a1_': 1.0, '_a3_': 1.0, '_a4_': 1.0, '_a5_': 1.0}};{'d0': 0.024831169788252425};-276.655661058505;41.67390544454149
17157;-80.4295843834997;(((pow2((-(((((_a5_ * _a4_) * x) / _a6_) + _a4_)) / _a4_)) + (_a1_ ** _a4_)) / _a1_) * x);{'d0': {'_a1_': 3.043590460320452, '_a4_': 1.331704292799225, '_a5_': -14013579016.964209, '_a6_': -4371251609.451679, '_a0_': 1.0, '_a2_': 1.0, '_a3_': 1.0, '_a7_': 1.0}};{'d0': 0.024905832919416726};-276.475521886821;57.80817655991092
17158;-80.4295843834997;(((pow2((-(((((_a5_ * _a4_) * x) / _a6_) + _a4_)) / _a4_)) + (_a1_ ** _a4_)) / _a1_) * x);{'d0': {'_a1_': 3.043590460320452, '_a4_': 1.331704292799225, '_a5_': -14013579016.964209, '_a6_': -4371251609.451679, '_a0_': 1.0, '_a2_': 1.0, '_a3_': 1.0, '_a7_': 1.0}};{'d0': 0.024905832919416726};-276.475521886821;57.80817655991092
17159;-80.4295843834997;(((pow2((-(((((_a5_ * _a4_) * x) / _a6_) + _a4_)) / _a4_)) + (_a1_ ** _a4_)) / _a1_) * x);{'d0': {'_a1_': 3.043590460320452, '_a4_': 1.331704292799225, '_a5_': -14013579016.964209, '_a6_': -4371251609.451679, '_a0_': 1.0, '_a2_': 1.0, '_a3_': 1.0, '_a7_': 1.0}};{'d0': 0.024905832919416726};-276.475521886821;57.80817655991092
17160;-80.4295843834997;(((pow2((-(((((_a5_ * _a4_) * x) / _a6_) + _a4_)) / _a4_)) + (_a1_ ** _a4_)) / _a1_) * x);{'d0': {'_a1_': 3.043590460320452, '_a4_': 1.331704292799225, '_a5_': -14013579016.964209, '_a6_': -4371251609.451679, '_a0_': 1.0, '_a2_': 1.0, '_a3_': 1.0, '_a7_': 1.0}};{'d0': 0.024905832919416726};-276.475521886821;57.80817655991092
17161;-80.4295843834997;(((pow2((-(((((_a5_ * _a4_) * x) / _a6_) + _a4_)) / _a4_)) + (_a1_ ** _a4_)) / _a1_) * x);{'d0': {'_a1_': 3.043590460320452, '_a4_': 1.331704292799225, '_a5_': -14013579016.964209, '_a6_': -4371251609.451679, '_a0_': 1.0, '_a2_': 1.0, '_a3_': 1.0, '_a7_': 1.0}};{'d0': 0.024905832919416726};-276.475521886821;57.80817655991092
17162;-80.4295843834997;(((pow2((-(((((_a5_ * _a4_) * x) / _a6_) + _a4_)) / _a4_)) + (_a1_ ** _a4_)) / _a1_) * x);{'d0': {'_a1_': 3.043590460320452, '_a4_': 1.331704292799225, '_a5_': -14013579016.964209, '_a6_': -4371251609.451679, '_a0_': 1.0, '_a2_': 1.0, '_a3_': 1.0, '_a7_': 1.0}};{'d0': 0.024905832919416726};-276.475521886821;57.80817655991092
17163;-80.4295843834997;(((pow2((-(((((_a5_ * _a4_) * x) / _a6_) + _a4_)) / _a4_)) + (_a1_ ** _a4_)) / _a1_) * x);{'d0': {'_a1_': 3.043590460320452, '_a4_': 1.331704292799225, '_a5_': -14013579016.964209, '_a6_': -4371251609.451679, '_a0_': 1.0, '_a2_': 1.0, '_a3_': 1.0, '_a7_': 1.0}};{'d0': 0.024905832919416726};-276.475521886821;57.80817655991092
17164;-80.4295843834997;(((pow2((-(((((_a5_ * _a4_) * x) / _a6_) + _a4_)) / _a4_)) + (_a1_ ** _a4_)) / _a1_) * x);{'d0': {'_a1_': 3.043590460320452, '_a4_': 1.331704292799225, '_a5_': -14013579016.964209, '_a6_': -4371251609.451679, '_a0_': 1.0, '_a2_': 1.0, '_a3_': 1.0, '_a7_': 1.0}};{'d0': 0.024905832919416726};-276.475521886821;57.80817655991092
17165;-80.4295843834997;(((pow2((-(((((_a5_ * _a4_) * x) / _a6_) + _a4_)) / _a4_)) + (_a1_ ** _a4_)) / _a1_) * x);{'d0': {'_a1_': 3.043590460320452, '_a4_': 1.331704292799225, '_a5_': -14013579016.964209, '_a6_': -4371251609.451679, '_a0_': 1.0, '_a2_': 1.0, '_a3_': 1.0, '_a7_': 1.0}};{'d0': 0.024905832919416726};-276.475521886821;57.80817655991092
17166;-80.4295843834997;(((pow2((-(((((_a5_ * _a4_) * x) / _a6_) + _a4_)) / _a4_)) + (_a1_ ** _a4_)) / _a1_) * x);{'d0': {'_a1_': 3.043590460320452, '_a4_': 1.331704292799225, '_a5_': -14013579016.964209, '_a6_': -4371251609.451679, '_a0_': 1.0, '_a2_': 1.0, '_a3_': 1.0, '_a7_': 1.0}};{'d0': 0.024905832919416726};-276.475521886821;57.80817655991092
17167;-80.4295843834997;(((pow2((-(((((_a5_ * _a4_) * x) / _a6_) + _a4_)) / _a4_)) + (_a1_ ** _a4_)) / _a1_) * x);{'d0': {'_a1_': 3.043590460320452, '_a4_': 1.331704292799225, '_a5_': -14013579016.964209, '_a6_': -4371251609.451679, '_a0_': 1.0, '_a2_': 1.0, '_a3_': 1.0, '_a7_': 1.0}};{'d0': 0.024905832919416726};-276.475521886821;57.80817655991092
17168;-80.4295843834997;(((pow2((-(((((_a5_ * _a4_) * x) / _a6_) + _a4_)) / _a4_)) + (_a1_ ** _a4_)) / _a1_) * x);{'d0': {'_a1_': 3.043590460320452, '_a4_': 1.331704292799225, '_a5_': -14013579016.964209, '_a6_': -4371251609.451679, '_a0_': 1.0, '_a2_': 1.0, '_a3_': 1.0, '_a7_': 1.0}};{'d0': 0.024905832919416726};-276.475521886821;57.80817655991092
17169;-80.4295843834997;(((pow2((-(((((_a5_ * _a4_) * x) / _a6_) + _a4_)) / _a4_)) + (_a1_ ** _a4_)) / _a1_) * x);{'d0': {'_a1_': 3.043590460320452, '_a4_': 1.331704292799225, '_a5_': -14013579016.964209, '_a6_': -4371251609.451679, '_a0_': 1.0, '_a2_': 1.0, '_a3_': 1.0, '_a7_': 1.0}};{'d0': 0.024905832919416726};-276.475521886821;57.80817655991092
17170;-80.4295843834997;(((pow2((-(((((_a5_ * _a4_) * x) / _a6_) + _a4_)) / _a4_)) + (_a1_ ** _a4_)) / _a1_) * x);{'d0': {'_a1_': 3.043590460320452, '_a4_': 1.331704292799225, '_a5_': -14013579016.964209, '_a6_': -4371251609.451679, '_a0_': 1.0, '_a2_': 1.0, '_a3_': 1.0, '_a7_': 1.0}};{'d0': 0.024905832919416726};-276.475521886821;57.80817655991092
17171;-80.4295843834997;(((pow2((-(((((_a5_ * _a4_) * x) / _a6_) + _a4_)) / _a4_)) + (_a1_ ** _a4_)) / _a1_) * x);{'d0': {'_a1_': 3.043590460320452, '_a4_': 1.331704292799225, '_a5_': -14013579016.964209, '_a6_': -4371251609.451679, '_a0_': 1.0, '_a2_': 1.0, '_a3_': 1.0, '_a7_': 1.0}};{'d0': 0.024905832919416726};-276.475521886821;57.80817655991092
17172;-96.6539250847110;(((((pow2(_a2_) / (x + (_a2_ * _a0_))) + x) + _a6_) * x) * _a7_);{'d0': {'_a0_': 1.0045154514507355, '_a2_': 69.76912850520884, '_a6_': -69.44792262255278, '_a7_': 235.2405532745244, '_a1_': 1.0, '_a3_': 1.0, '_a4_': 1.0, '_a5_': 1.0}};{'d0': 0.024831169788252425};-276.655661058505;41.67390544454149
17173;-96.6539250847110;(((((pow2(_a2_) / (x + (_a2_ * _a0_))) + x) + _a6_) * x) * _a7_);{'d0': {'_a0_': 1.0045154514507355, '_a2_': 69.76912850520884, '_a6_': -69.44792262255278, '_a7_': 235.2405532745244, '_a1_': 1.0, '_a3_': 1.0, '_a4_': 1.0, '_a5_': 1.0}};{'d0': 0.024831169788252425};-276.655661058505;41.67390544454149
17174;-96.6539250847110;(((((pow2(_a2_) / (x + (_a2_ * _a0_))) + x) + _a6_) * x) * _a7_);{'d0': {'_a0_': 1.0045154514507355, '_a2_': 69.76912850520884, '_a6_': -69.44792262255278, '_a7_': 235.2405532745244, '_a1_': 1.0, '_a3_': 1.0, '_a4_': 1.0, '_a5_': 1.0}};{'d0': 0.024831169788252425};-276.655661058505;41.67390544454149
17175;-96.6539250847110;(((((pow2(_a2_) / (x + (_a2_ * _a0_))) + x) + _a6_) * x) * _a7_);{'d0': {'_a0_': 1.0045154514507355, '_a2_': 69.76912850520884, '_a6_': -69.44792262255278, '_a7_': 235.2405532745244, '_a1_': 1.0, '_a3_': 1.0, '_a4_': 1.0, '_a5_': 1.0}};{'d0': 0.024831169788252425};-276.655661058505;41.67390544454149
17176;-96.6539250847110;(((((pow2(_a2_) / (x + (_a2_ * _a0_))) + x) + _a6_) * x) * _a7_);{'d0': {'_a0_': 1.0045154514507355, '_a2_': 69.76912850520884, '_a6_': -69.44792262255278, '_a7_': 235.2405532745244, '_a1_': 1.0, '_a3_': 1.0, '_a4_': 1.0, '_a5_': 1.0}};{'d0': 0.024831169788252425};-276.655661058505;41.67390544454149
17177;-96.6539250847110;(((((pow2(_a2_) / (x + (_a2_ * _a0_))) + x) + _a6_) * x) * _a7_);{'d0': {'_a0_': 1.0045154514507355, '_a2_': 69.76912850520884, '_a6_': -69.44792262255278, '_a7_': 235.2405532745244, '_a1_': 1.0, '_a3_': 1.0, '_a4_': 1.0, '_a5_': 1.0}};{'d0': 0.024831169788252425};-276.655661058505;41.67390544454149
17178;-96.6539250847110;(((((pow2(_a2_) / (x + (_a2_ * _a0_))) + x) + _a6_) * x) * _a7_);{'d0': {'_a0_': 1.0045154514507355, '_a2_': 69.76912850520884, '_a6_': -69.44792262255278, '_a7_': 235.2405532745244, '_a1_': 1.0, '_a3_': 1.0, '_a4_': 1.0, '_a5_': 1.0}};{'d0': 0.024831169788252425};-276.655661058505;41.67390544454149
17179;-96.6539250847110;(((((pow2(_a2_) / (x + (_a2_ * _a0_))) + x) + _a6_) * x) * _a7_);{'d0': {'_a0_': 1.0045154514507355, '_a2_': 69.76912850520884, '_a6_': -69.44792262255278, '_a7_': 235.2405532745244, '_a1_': 1.0, '_a3_': 1.0, '_a4_': 1.0, '_a5_': 1.0}};{'d0': 0.024831169788252425};-276.655661058505;41.67390544454149
17180;-96.6539250847110;(((((pow2(_a2_) / (x + (_a2_ * _a0_))) + x) + _a6_) * x) * _a7_);{'d0': {'_a0_': 1.0045154514507355, '_a2_': 69.76912850520884, '_a6_': -69.44792262255278, '_a7_': 235.2405532745244, '_a1_': 1.0, '_a3_': 1.0, '_a4_': 1.0, '_a5_': 1.0}};{'d0': 0.024831169788252425};-276.655661058505;41.67390544454149
17181;-96.6539250847110;(((((pow2(_a2_) / (x + (_a2_ * _a0_))) + x) + _a6_) * x) * _a7_);{'d0': {'_a0_': 1.0045154514507355, '_a2_': 69.76912850520884, '_a6_': -69.44792262255278, '_a7_': 235.2405532745244, '_a1_': 1.0, '_a3_': 1.0, '_a4_': 1.0, '_a5_': 1.0}};{'d0': 0.024831169788252425};-276.655661058505;41.67390544454149
17182;-96.6539250847110;(((((pow2(_a2_) / (x + (_a2_ * _a0_))) + x) + _a6_) * x) * _a7_);{'d0': {'_a0_': 1.0045154514507355, '_a2_': 69.76912850520884, '_a6_': -69.44792262255278, '_a7_': 235.2405532745244, '_a1_': 1.0, '_a3_': 1.0, '_a4_': 1.0, '_a5_': 1.0}};{'d0': 0.024831169788252425};-276.655661058505;41.67390544454149
17183;-96.6539250847110;(((((pow2(_a2_) / (x + (_a2_ * _a0_))) + x) + _a6_) * x) * _a7_);{'d0': {'_a0_': 1.0045154514507355, '_a2_': 69.76912850520884, '_a6_': -69.44792262255278, '_a7_': 235.2405532745244, '_a1_': 1.0, '_a3_': 1.0, '_a4_': 1.0, '_a5_': 1.0}};{'d0': 0.024831169788252425};-276.655661058505;41.67390544454149
17184;-96.6539250847110;(((((pow2(_a2_) / (x + (_a2_ * _a0_))) + x) + _a6_) * x) * _a7_);{'d0': {'_a0_': 1.0045154514507355, '_a2_': 69.76912850520884, '_a6_': -69.44792262255278, '_a7_': 235.2405532745244, '_a1_': 1.0, '_a3_': 1.0, '_a4_': 1.0, '_a5_': 1.0}};{'d0': 0.024831169788252425};-276.655661058505;41.67390544454149
17185;-96.6539250847110;(((((pow2(_a2_) / (x + (_a2_ * _a0_))) + x) + _a6_) * x) * _a7_);{'d0': {'_a0_': 1.0045154514507355, '_a2_': 69.76912850520884, '_a6_': -69.44792262255278, '_a7_': 235.2405532745244, '_a1_': 1.0, '_a3_': 1.0, '_a4_': 1.0, '_a5_': 1.0}};{'d0': 0.024831169788252425};-276.655661058505;41.67390544454149
17186;-96.6539250847110;(((((pow2(_a2_) / (x + (_a2_ * _a0_))) + x) + _a6_) * x) * _a7_);{'d0': {'_a0_': 1.0045154514507355, '_a2_': 69.76912850520884, '_a6_': -69.44792262255278, '_a7_': 235.2405532745244, '_a1_': 1.0, '_a3_': 1.0, '_a4_': 1.0, '_a5_': 1.0}};{'d0': 0.024831169788252425};-276.655661058505;41.67390544454149
17187;-96.6539250847110;(((((pow2(_a2_) / (x + (_a2_ * _a0_))) + x) + _a6_) * x) * _a7_);{'d0': {'_a0_': 1.0045154514507355, '_a2_': 69.76912850520884, '_a6_': -69.44792262255278, '_a7_': 235.2405532745244, '_a1_': 1.0, '_a3_': 1.0, '_a4_': 1.0, '_a5_': 1.0}};{'d0': 0.024831169788252425};-276.655661058505;41.67390544454149
17188;-96.6539250847110;(((((pow2(_a2_) / (x + (_a2_ * _a0_))) + x) + _a6_) * x) * _a7_);{'d0': {'_a0_': 1.0045154514507355, '_a2_': 69.76912850520884, '_a6_': -69.44792262255278, '_a7_': 235.2405532745244, '_a1_': 1.0, '_a3_': 1.0, '_a4_': 1.0, '_a5_': 1.0}};{'d0': 0.024831169788252425};-276.655661058505;41.67390544454149
17189;-96.6539250847110;(((((pow2(_a2_) / (x + (_a2_ * _a0_))) + x) + _a6_) * x) * _a7_);{'d0': {'_a0_': 1.0045154514507355, '_a2_': 69.76912850520884, '_a6_': -69.44792262255278, '_a7_': 235.2405532745244, '_a1_': 1.0, '_a3_': 1.0, '_a4_': 1.0, '_a5_': 1.0}};{'d0': 0.024831169788252425};-276.655661058505;41.67390544454149
17190;-96.6539250847110;(((((pow2(_a2_) / (x + (_a2_ * _a0_))) + x) + _a6_) * x) * _a7_);{'d0': {'_a0_': 1.0045154514507355, '_a2_': 69.76912850520884, '_a6_': -69.44792262255278, '_a7_': 235.2405532745244, '_a1_': 1.0, '_a3_': 1.0, '_a4_': 1.0, '_a5_': 1.0}};{'d0': 0.024831169788252425};-276.655661058505;41.67390544454149
17191;-96.6539250847110;(((((pow2(_a2_) / (x + (_a2_ * _a0_))) + x) + _a6_) * x) * _a7_);{'d0': {'_a0_': 1.0045154514507355, '_a2_': 69.76912850520884, '_a6_': -69.44792262255278, '_a7_': 235.2405532745244, '_a1_': 1.0, '_a3_': 1.0, '_a4_': 1.0, '_a5_': 1.0}};{'d0': 0.024831169788252425};-276.655661058505;41.67390544454149
17192;-96.6539250847110;(((((pow2(_a2_) / (x + (_a2_ * _a0_))) + x) + _a6_) * x) * _a7_);{'d0': {'_a0_': 1.0045154514507355, '_a2_': 69.76912850520884, '_a6_': -69.44792262255278, '_a7_': 235.2405532745244, '_a1_': 1.0, '_a3_': 1.0, '_a4_': 1.0, '_a5_': 1.0}};{'d0': 0.024831169788252425};-276.655661058505;41.67390544454149
17193;-96.6539250847110;(((((pow2(_a2_) / (x + (_a2_ * _a0_))) + x) + _a6_) * x) * _a7_);{'d0': {'_a0_': 1.0045154514507355, '_a2_': 69.76912850520884, '_a6_': -69.44792262255278, '_a7_': 235.2405532745244, '_a1_': 1.0, '_a3_': 1.0, '_a4_': 1.0, '_a5_': 1.0}};{'d0': 0.024831169788252425};-276.655661058505;41.67390544454149
17194;-96.6539250847110;(((((pow2(_a2_) / (x + (_a2_ * _a0_))) + x) + _a6_) * x) * _a7_);{'d0': {'_a0_': 1.0045154514507355, '_a2_': 69.76912850520884, '_a6_': -69.44792262255278, '_a7_': 235.2405532745244, '_a1_': 1.0, '_a3_': 1.0, '_a4_': 1.0, '_a5_': 1.0}};{'d0': 0.024831169788252425};-276.655661058505;41.67390544454149
17195;-96.6539250847110;(((((pow2(_a2_) / (x + (_a2_ * _a0_))) + x) + _a6_) * x) * _a7_);{'d0': {'_a0_': 1.0045154514507355, '_a2_': 69.76912850520884, '_a6_': -69.44792262255278, '_a7_': 235.2405532745244, '_a1_': 1.0, '_a3_': 1.0, '_a4_': 1.0, '_a5_': 1.0}};{'d0': 0.024831169788252425};-276.655661058505;41.67390544454149
17196;-80.4295843834997;(((pow2((-(((((_a5_ * _a4_) * x) / _a6_) + _a4_)) / _a4_)) + (_a1_ ** _a4_)) / _a1_) * x);{'d0': {'_a1_': 3.043590460320452, '_a4_': 1.331704292799225, '_a5_': -14013579016.964209, '_a6_': -4371251609.451679, '_a0_': 1.0, '_a2_': 1.0, '_a3_': 1.0, '_a7_': 1.0}};{'d0': 0.024905832919416726};-276.475521886821;57.80817655991092
17197;-80.4295843834997;(((pow2((-(((((_a5_ * _a4_) * x) / _a6_) + _a4_)) / _a4_)) + (_a1_ ** _a4_)) / _a1_) * x);{'d0': {'_a1_': 3.043590460320452, '_a4_': 1.331704292799225, '_a5_': -14013579016.964209, '_a6_': -4371251609.451679, '_a0_': 1.0, '_a2_': 1.0, '_a3_': 1.0, '_a7_': 1.0}};{'d0': 0.024905832919416726};-276.475521886821;57.80817655991092
17198;-80.4295843834997;(((pow2((-(((((_a5_ * _a4_) * x) / _a6_) + _a4_)) / _a4_)) + (_a1_ ** _a4_)) / _a1_) * x);{'d0': {'_a1_': 3.043590460320452, '_a4_': 1.331704292799225, '_a5_': -14013579016.964209, '_a6_': -4371251609.451679, '_a0_': 1.0, '_a2_': 1.0, '_a3_': 1.0, '_a7_': 1.0}};{'d0': 0.024905832919416726};-276.475521886821;57.80817655991092
17199;-82.1437928039426;(((pow2((-(((((_a5_ * _a4_) * x) / _a6_) + _a4_)) / _a4_)) + (_a1_ * _a4_)) / _a1_) * x);{'d0': {'_a1_': 3.0435905968489845, '_a4_': 1.4465761253788088, '_a5_': -4578202343787.751, '_a6_': -1428077263001.8691, '_a0_': 1.0, '_a2_': 1.0, '_a3_': 1.0, '_a7_': 1.0}};{'d0': 0.024905832919582867};-276.475521886421;56.09396813926792
17200;-82.1437928039426;(((pow2((-(((((_a5_ * _a4_) * x) / _a6_) + _a4_)) / _a4_)) + (_a1_ * _a4_)) / _a1_) * x);{'d0': {'_a1_': 3.0435905968489845, '_a4_': 1.4465761253788088, '_a5_': -4578202343787.751, '_a6_': -1428077263001.8691, '_a0_': 1.0, '_a2_': 1.0, '_a3_': 1.0, '_a7_': 1.0}};{'d0': 0.024905832919582867};-276.475521886421;56.09396813926792
17201;-82.1437928039426;(((pow2((-(((((_a5_ * _a4_) * x) / _a6_) + _a4_)) / _a4_)) + (_a1_ * _a4_)) / _a1_) * x);{'d0': {'_a1_': 3.0435905968489845, '_a4_': 1.4465761253788088, '_a5_': -4578202343787.751, '_a6_': -1428077263001.8691, '_a0_': 1.0, '_a2_': 1.0, '_a3_': 1.0, '_a7_': 1.0}};{'d0': 0.024905832919582867};-276.475521886421;56.09396813926792
17202;-82.1437928039426;(((pow2((-(((((_a5_ * _a4_) * x) / _a6_) + _a4_)) / _a4_)) + (_a1_ * _a4_)) / _a1_) * x);{'d0': {'_a1_': 3.0435905968489845, '_a4_': 1.4465761253788088, '_a5_': -4578202343787.751, '_a6_': -1428077263001.8691, '_a0_': 1.0, '_a2_': 1.0, '_a3_': 1.0, '_a7_': 1.0}};{'d0': 0.024905832919582867};-276.475521886421;56.09396813926792
17203;-82.1437928039426;(((pow2((-(((((_a5_ * _a4_) * x) / _a6_) + _a4_)) / _a4_)) + (_a1_ * _a4_)) / _a1_) * x);{'d0': {'_a1_': 3.0435905968489845, '_a4_': 1.4465761253788088, '_a5_': -4578202343787.751, '_a6_': -1428077263001.8691, '_a0_': 1.0, '_a2_': 1.0, '_a3_': 1.0, '_a7_': 1.0}};{'d0': 0.024905832919582867};-276.475521886421;56.09396813926792
17204;-82.1437928039426;(((pow2((-(((((_a5_ * _a4_) * x) / _a6_) + _a4_)) / _a4_)) + (_a1_ * _a4_)) / _a1_) * x);{'d0': {'_a1_': 3.0435905968489845, '_a4_': 1.4465761253788088, '_a5_': -4578202343787.751, '_a6_': -1428077263001.8691, '_a0_': 1.0, '_a2_': 1.0, '_a3_': 1.0, '_a7_': 1.0}};{'d0': 0.024905832919582867};-276.475521886421;56.09396813926792
17205;-82.1437928039426;(((pow2((-(((((_a5_ * _a4_) * x) / _a6_) + _a4_)) / _a4_)) + (_a1_ * _a4_)) / _a1_) * x);{'d0': {'_a1_': 3.0435905968489845, '_a4_': 1.4465761253788088, '_a5_': -4578202343787.751, '_a6_': -1428077263001.8691, '_a0_': 1.0, '_a2_': 1.0, '_a3_': 1.0, '_a7_': 1.0}};{'d0': 0.024905832919582867};-276.475521886421;56.09396813926792
17206;-82.1437928039426;(((pow2((-(((((_a5_ * _a4_) * x) / _a6_) + _a4_)) / _a4_)) + (_a1_ * _a4_)) / _a1_) * x);{'d0': {'_a1_': 3.0435905968489845, '_a4_': 1.4465761253788088, '_a5_': -4578202343787.751, '_a6_': -1428077263001.8691, '_a0_': 1.0, '_a2_': 1.0, '_a3_': 1.0, '_a7_': 1.0}};{'d0': 0.024905832919582867};-276.475521886421;56.09396813926792
17207;-82.1437928039426;(((pow2((-(((((_a5_ * _a4_) * x) / _a6_) + _a4_)) / _a4_)) + (_a1_ * _a4_)) / _a1_) * x);{'d0': {'_a1_': 3.0435905968489845, '_a4_': 1.4465761253788088, '_a5_': -4578202343787.751, '_a6_': -1428077263001.8691, '_a0_': 1.0, '_a2_': 1.0, '_a3_': 1.0, '_a7_': 1.0}};{'d0': 0.024905832919582867};-276.475521886421;56.09396813926792
17208;-82.1437928039426;(((pow2((-(((((_a5_ * _a4_) * x) / _a6_) + _a4_)) / _a4_)) + (_a1_ * _a4_)) / _a1_) * x);{'d0': {'_a1_': 3.0435905968489845, '_a4_': 1.4465761253788088, '_a5_': -4578202343787.751, '_a6_': -1428077263001.8691, '_a0_': 1.0, '_a2_': 1.0, '_a3_': 1.0, '_a7_': 1.0}};{'d0': 0.024905832919582867};-276.475521886421;56.09396813926792
17209;-82.1437928039426;(((pow2((-(((((_a5_ * _a4_) * x) / _a6_) + _a4_)) / _a4_)) + (_a1_ * _a4_)) / _a1_) * x);{'d0': {'_a1_': 3.0435905968489845, '_a4_': 1.4465761253788088, '_a5_': -4578202343787.751, '_a6_': -1428077263001.8691, '_a0_': 1.0, '_a2_': 1.0, '_a3_': 1.0, '_a7_': 1.0}};{'d0': 0.024905832919582867};-276.475521886421;56.09396813926792
17210;-85.0459604484857;(((pow2((-(((((_a5_ * _a4_) * x) / _a6_) + _a4_)) / _a4_)) + _a3_) / _a1_) * x);{'d0': {'_a1_': 3.043590477644082, '_a3_': 4.4027852137541075, '_a4_': -20895803634.10253, '_a5_': -116681324069384.56, '_a6_': -36396371469020.21, '_a0_': 1.0, '_a2_': 1.0, '_a7_': 1.0}};{'d0': 0.024905832919419203};-272.381177324593;51.14462821381092
17211;-85.0459604484857;(((pow2((-(((((_a5_ * _a4_) * x) / _a6_) + _a4_)) / _a4_)) + _a3_) / _a1_) * x);{'d0': {'_a1_': 3.043590477644082, '_a3_': 4.4027852137541075, '_a4_': -20895803634.10253, '_a5_': -116681324069384.56, '_a6_': -36396371469020.21, '_a0_': 1.0, '_a2_': 1.0, '_a7_': 1.0}};{'d0': 0.024905832919419203};-272.381177324593;51.14462821381092
17212;-85.0459604484857;(((pow2((-(((((_a5_ * _a4_) * x) / _a6_) + _a4_)) / _a4_)) + _a3_) / _a1_) * x);{'d0': {'_a1_': 3.043590477644082, '_a3_': 4.4027852137541075, '_a4_': -20895803634.10253, '_a5_': -116681324069384.56, '_a6_': -36396371469020.21, '_a0_': 1.0, '_a2_': 1.0, '_a7_': 1.0}};{'d0': 0.024905832919419203};-272.381177324593;51.14462821381092
17213;-85.0459604484857;(((pow2((-(((((_a5_ * _a4_) * x) / _a6_) + _a4_)) / _a4_)) + _a3_) / _a1_) * x);{'d0': {'_a1_': 3.043590477644082, '_a3_': 4.4027852137541075, '_a4_': -20895803634.10253, '_a5_': -116681324069384.56, '_a6_': -36396371469020.21, '_a0_': 1.0, '_a2_': 1.0, '_a7_': 1.0}};{'d0': 0.024905832919419203};-272.381177324593;51.14462821381092
17214;-85.0459604484857;(((pow2((-(((((_a5_ * _a4_) * x) / _a6_) + _a4_)) / _a4_)) + _a3_) / _a1_) * x);{'d0': {'_a1_': 3.043590477644082, '_a3_': 4.4027852137541075, '_a4_': -20895803634.10253, '_a5_': -116681324069384.56, '_a6_': -36396371469020.21, '_a0_': 1.0, '_a2_': 1.0, '_a7_': 1.0}};{'d0': 0.024905832919419203};-272.381177324593;51.14462821381092
17215;-85.0459604484857;(((pow2((-(((((_a5_ * _a4_) * x) / _a6_) + _a4_)) / _a4_)) + _a3_) / _a1_) * x);{'d0': {'_a1_': 3.043590477644082, '_a3_': 4.4027852137541075, '_a4_': -20895803634.10253, '_a5_': -116681324069384.56, '_a6_': -36396371469020.21, '_a0_': 1.0, '_a2_': 1.0, '_a7_': 1.0}};{'d0': 0.024905832919419203};-272.381177324593;51.14462821381092
17216;-85.0459604484857;(((pow2((-(((((_a5_ * _a4_) * x) / _a6_) + _a4_)) / _a4_)) + _a3_) / _a1_) * x);{'d0': {'_a1_': 3.043590477644082, '_a3_': 4.4027852137541075, '_a4_': -20895803634.10253, '_a5_': -116681324069384.56, '_a6_': -36396371469020.21, '_a0_': 1.0, '_a2_': 1.0, '_a7_': 1.0}};{'d0': 0.024905832919419203};-272.381177324593;51.14462821381092
17217;-85.0459604484857;(((pow2((-(((((_a5_ * _a4_) * x) / _a6_) + _a4_)) / _a4_)) + _a3_) / _a1_) * x);{'d0': {'_a1_': 3.043590477644082, '_a3_': 4.4027852137541075, '_a4_': -20895803634.10253, '_a5_': -116681324069384.56, '_a6_': -36396371469020.21, '_a0_': 1.0, '_a2_': 1.0, '_a7_': 1.0}};{'d0': 0.024905832919419203};-272.381177324593;51.14462821381092
17218;-85.0459604484857;(((pow2((-(((((_a5_ * _a4_) * x) / _a6_) + _a4_)) / _a4_)) + _a3_) / _a1_) * x);{'d0': {'_a1_': 3.043590477644082, '_a3_': 4.4027852137541075, '_a4_': -20895803634.10253, '_a5_': -116681324069384.56, '_a6_': -36396371469020.21, '_a0_': 1.0, '_a2_': 1.0, '_a7_': 1.0}};{'d0': 0.024905832919419203};-272.381177324593;51.14462821381092
17219;-80.0690672092499;(((pow2((-(((((_a5_ * _a4_) * x) / _a6_) + _a4_)) / _a4_)) + abs(_a4_)) / _a1_) * x);{'d0': {'_a1_': 3.0435904729742322, '_a4_': 4.402785205236522, '_a5_': -119040652514074.4, '_a6_': -37132315946291.32, '_a0_': 1.0, '_a2_': 1.0, '_a3_': 1.0, '_a7_': 1.0}};{'d0': 0.024905832919416587};-276.475521886822;58.16869373416092
17220;-80.0690672092499;(((pow2((-(((((_a5_ * _a4_) * x) / _a6_) + _a4_)) / _a4_)) + abs(_a4_)) / _a1_) * x);{'d0': {'_a1_': 3.0435904729742322, '_a4_': 4.402785205236522, '_a5_': -119040652514074.4, '_a6_': -37132315946291.32, '_a0_': 1.0, '_a2_': 1.0, '_a3_': 1.0, '_a7_': 1.0}};{'d0': 0.024905832919416587};-276.475521886822;58.16869373416092
17221;-83.4126804913368;(((pow2((-(((((_a5_ * _a4_) * x) / _a6_) + _a4_)) / _a4_)) + -(_a4_)) / _a1_) * x);{'d0': {'_a1_': 3.043590463112807, '_a4_': -4.4027851834209075, '_a5_': -4.8399371225010264e+16, '_a6_': -1.509720177933191e+16, '_a0_': 1.0, '_a2_': 1.0, '_a3_': 1.0, '_a7_': 1.0}};{'d0': 0.024905832919418166};-276.475521886818;54.825080452072086
17222;-83.4126804913368;(((pow2((-(((((_a5_ * _a4_) * x) / _a6_) + _a4_)) / _a4_)) + -(_a4_)) / _a1_) * x);{'d0': {'_a1_': 3.043590463112807, '_a4_': -4.4027851834209075, '_a5_': -4.8399371225010264e+16, '_a6_': -1.509720177933191e+16, '_a0_': 1.0, '_a2_': 1.0, '_a3_': 1.0, '_a7_': 1.0}};{'d0': 0.024905832919418166};-276.475521886818;54.825080452072086
17223;-83.4126804913368;(((pow2((-(((((_a5_ * _a4_) * x) / _a6_) + _a4_)) / _a4_)) + -(_a4_)) / _a1_) * x);{'d0': {'_a1_': 3.043590463112807, '_a4_': -4.4027851834209075, '_a5_': -4.8399371225010264e+16, '_a6_': -1.509720177933191e+16, '_a0_': 1.0, '_a2_': 1.0, '_a3_': 1.0, '_a7_': 1.0}};{'d0': 0.024905832919418166};-276.475521886818;54.825080452072086
17224;-83.4126804913368;(((pow2((-(((((_a5_ * _a4_) * x) / _a6_) + _a4_)) / _a4_)) + -(_a4_)) / _a1_) * x);{'d0': {'_a1_': 3.043590463112807, '_a4_': -4.4027851834209075, '_a5_': -4.8399371225010264e+16, '_a6_': -1.509720177933191e+16, '_a0_': 1.0, '_a2_': 1.0, '_a3_': 1.0, '_a7_': 1.0}};{'d0': 0.024905832919418166};-276.475521886818;54.825080452072086
17225;-83.4126804913368;(((pow2((-(((((_a5_ * _a4_) * x) / _a6_) + _a4_)) / _a4_)) + -(_a4_)) / _a1_) * x);{'d0': {'_a1_': 3.043590463112807, '_a4_': -4.4027851834209075, '_a5_': -4.8399371225010264e+16, '_a6_': -1.509720177933191e+16, '_a0_': 1.0, '_a2_': 1.0, '_a3_': 1.0, '_a7_': 1.0}};{'d0': 0.024905832919418166};-276.475521886818;54.825080452072086
17226;-83.4126804913368;(((pow2((-(((((_a5_ * _a4_) * x) / _a6_) + _a4_)) / _a4_)) + -(_a4_)) / _a1_) * x);{'d0': {'_a1_': 3.043590463112807, '_a4_': -4.4027851834209075, '_a5_': -4.8399371225010264e+16, '_a6_': -1.509720177933191e+16, '_a0_': 1.0, '_a2_': 1.0, '_a3_': 1.0, '_a7_': 1.0}};{'d0': 0.024905832919418166};-276.475521886818;54.825080452072086
17227;-83.4126804913368;(((pow2((-(((((_a5_ * _a4_) * x) / _a6_) + _a4_)) / _a4_)) + -(_a4_)) / _a1_) * x);{'d0': {'_a1_': 3.043590463112807, '_a4_': -4.4027851834209075, '_a5_': -4.8399371225010264e+16, '_a6_': -1.509720177933191e+16, '_a0_': 1.0, '_a2_': 1.0, '_a3_': 1.0, '_a7_': 1.0}};{'d0': 0.024905832919418166};-276.475521886818;54.825080452072086
17228;-83.4126804913368;(((pow2((-(((((_a5_ * _a4_) * x) / _a6_) + _a4_)) / _a4_)) + -(_a4_)) / _a1_) * x);{'d0': {'_a1_': 3.043590463112807, '_a4_': -4.4027851834209075, '_a5_': -4.8399371225010264e+16, '_a6_': -1.509720177933191e+16, '_a0_': 1.0, '_a2_': 1.0, '_a3_': 1.0, '_a7_': 1.0}};{'d0': 0.024905832919418166};-276.475521886818;54.825080452072086
17229;-83.4126804913368;(((pow2((-(((((_a5_ * _a4_) * x) / _a6_) + _a4_)) / _a4_)) + -(_a4_)) / _a1_) * x);{'d0': {'_a1_': 3.043590463112807, '_a4_': -4.4027851834209075, '_a5_': -4.8399371225010264e+16, '_a6_': -1.509720177933191e+16, '_a0_': 1.0, '_a2_': 1.0, '_a3_': 1.0, '_a7_': 1.0}};{'d0': 0.024905832919418166};-276.475521886818;54.825080452072086
17230;-83.4126804913368;(((pow2((-(((((_a5_ * _a4_) * x) / _a6_) + _a4_)) / _a4_)) + -(_a4_)) / _a1_) * x);{'d0': {'_a1_': 3.043590463112807, '_a4_': -4.4027851834209075, '_a5_': -4.8399371225010264e+16, '_a6_': -1.509720177933191e+16, '_a0_': 1.0, '_a2_': 1.0, '_a3_': 1.0, '_a7_': 1.0}};{'d0': 0.024905832919418166};-276.475521886818;54.825080452072086
17231;-83.4126804913368;(((pow2((-(((((_a5_ * _a4_) * x) / _a6_) + _a4_)) / _a4_)) + -(_a4_)) / _a1_) * x);{'d0': {'_a1_': 3.043590463112807, '_a4_': -4.4027851834209075, '_a5_': -4.8399371225010264e+16, '_a6_': -1.509720177933191e+16, '_a0_': 1.0, '_a2_': 1.0, '_a3_': 1.0, '_a7_': 1.0}};{'d0': 0.024905832919418166};-276.475521886818;54.825080452072086
17232;-83.4126804913368;(((pow2((-(((((_a5_ * _a4_) * x) / _a6_) + _a4_)) / _a4_)) + -(_a4_)) / _a1_) * x);{'d0': {'_a1_': 3.043590463112807, '_a4_': -4.4027851834209075, '_a5_': -4.8399371225010264e+16, '_a6_': -1.509720177933191e+16, '_a0_': 1.0, '_a2_': 1.0, '_a3_': 1.0, '_a7_': 1.0}};{'d0': 0.024905832919418166};-276.475521886818;54.825080452072086
17233;-83.4126804913368;(((pow2((-(((((_a5_ * _a4_) * x) / _a6_) + _a4_)) / _a4_)) + -(_a4_)) / _a1_) * x);{'d0': {'_a1_': 3.043590463112807, '_a4_': -4.4027851834209075, '_a5_': -4.8399371225010264e+16, '_a6_': -1.509720177933191e+16, '_a0_': 1.0, '_a2_': 1.0, '_a3_': 1.0, '_a7_': 1.0}};{'d0': 0.024905832919418166};-276.475521886818;54.825080452072086
17234;-83.4126804913368;(((pow2((-(((((_a5_ * _a4_) * x) / _a6_) + _a4_)) / _a4_)) + -(_a4_)) / _a1_) * x);{'d0': {'_a1_': 3.043590463112807, '_a4_': -4.4027851834209075, '_a5_': -4.8399371225010264e+16, '_a6_': -1.509720177933191e+16, '_a0_': 1.0, '_a2_': 1.0, '_a3_': 1.0, '_a7_': 1.0}};{'d0': 0.024905832919418166};-276.475521886818;54.825080452072086
17235;-83.4126804913368;(((pow2((-(((((_a5_ * _a4_) * x) / _a6_) + _a4_)) / _a4_)) + -(_a4_)) / _a1_) * x);{'d0': {'_a1_': 3.043590463112807, '_a4_': -4.4027851834209075, '_a5_': -4.8399371225010264e+16, '_a6_': -1.509720177933191e+16, '_a0_': 1.0, '_a2_': 1.0, '_a3_': 1.0, '_a7_': 1.0}};{'d0': 0.024905832919418166};-276.475521886818;54.825080452072086
17236;-83.4126804913368;(((pow2((-(((((_a5_ * _a4_) * x) / _a6_) + _a4_)) / _a4_)) + -(_a4_)) / _a1_) * x);{'d0': {'_a1_': 3.043590463112807, '_a4_': -4.4027851834209075, '_a5_': -4.8399371225010264e+16, '_a6_': -1.509720177933191e+16, '_a0_': 1.0, '_a2_': 1.0, '_a3_': 1.0, '_a7_': 1.0}};{'d0': 0.024905832919418166};-276.475521886818;54.825080452072086
17237;-83.4126804913368;(((pow2((-(((((_a5_ * _a4_) * x) / _a6_) + _a4_)) / _a4_)) + -(_a4_)) / _a1_) * x);{'d0': {'_a1_': 3.043590463112807, '_a4_': -4.4027851834209075, '_a5_': -4.8399371225010264e+16, '_a6_': -1.509720177933191e+16, '_a0_': 1.0, '_a2_': 1.0, '_a3_': 1.0, '_a7_': 1.0}};{'d0': 0.024905832919418166};-276.475521886818;54.825080452072086
17238;-83.4126804913368;(((pow2((-(((((_a5_ * _a4_) * x) / _a6_) + _a4_)) / _a4_)) + -(_a4_)) / _a1_) * x);{'d0': {'_a1_': 3.043590463112807, '_a4_': -4.4027851834209075, '_a5_': -4.8399371225010264e+16, '_a6_': -1.509720177933191e+16, '_a0_': 1.0, '_a2_': 1.0, '_a3_': 1.0, '_a7_': 1.0}};{'d0': 0.024905832919418166};-276.475521886818;54.825080452072086
17239;-83.4126804913368;(((pow2((-(((((_a5_ * _a4_) * x) / _a6_) + _a4_)) / _a4_)) + -(_a4_)) / _a1_) * x);{'d0': {'_a1_': 3.043590463112807, '_a4_': -4.4027851834209075, '_a5_': -4.8399371225010264e+16, '_a6_': -1.509720177933191e+16, '_a0_': 1.0, '_a2_': 1.0, '_a3_': 1.0, '_a7_': 1.0}};{'d0': 0.024905832919418166};-276.475521886818;54.825080452072086
17240;-84.3374944157722;(((pow2((-(((((_a5_ * _a4_) * x) / _a6_) + _a4_)) / _a4_)) + -(_a4_)) * _a1_) * x);{'d0': {'_a1_': 0.3285593134738807, '_a4_': -4.402785223115932, '_a5_': 4.973493566484569e+18, '_a6_': 1.5513803880972088e+18, '_a0_': 1.0, '_a2_': 1.0, '_a3_': 1.0, '_a7_': 1.0}};{'d0': 0.02490583291941782};-276.475521886819;53.900266527637086
17241;-84.3374944157722;(((pow2((-(((((_a5_ * _a4_) * x) / _a6_) + _a4_)) / _a4_)) + -(_a4_)) * _a1_) * x);{'d0': {'_a1_': 0.3285593134738807, '_a4_': -4.402785223115932, '_a5_': 4.973493566484569e+18, '_a6_': 1.5513803880972088e+18, '_a0_': 1.0, '_a2_': 1.0, '_a3_': 1.0, '_a7_': 1.0}};{'d0': 0.02490583291941782};-276.475521886819;53.900266527637086
17242;-84.3374944157722;(((pow2((-(((((_a5_ * _a4_) * x) / _a6_) + _a4_)) / _a4_)) + -(_a4_)) * _a1_) * x);{'d0': {'_a1_': 0.3285593134738807, '_a4_': -4.402785223115932, '_a5_': 4.973493566484569e+18, '_a6_': 1.5513803880972088e+18, '_a0_': 1.0, '_a2_': 1.0, '_a3_': 1.0, '_a7_': 1.0}};{'d0': 0.02490583291941782};-276.475521886819;53.900266527637086
17243;-84.3374944157722;(((pow2((-(((((_a5_ * _a4_) * x) / _a6_) + _a4_)) / _a4_)) + -(_a4_)) * _a1_) * x);{'d0': {'_a1_': 0.3285593134738807, '_a4_': -4.402785223115932, '_a5_': 4.973493566484569e+18, '_a6_': 1.5513803880972088e+18, '_a0_': 1.0, '_a2_': 1.0, '_a3_': 1.0, '_a7_': 1.0}};{'d0': 0.02490583291941782};-276.475521886819;53.900266527637086
17244;-84.3374944157722;(((pow2((-(((((_a5_ * _a4_) * x) / _a6_) + _a4_)) / _a4_)) + -(_a4_)) * _a1_) * x);{'d0': {'_a1_': 0.3285593134738807, '_a4_': -4.402785223115932, '_a5_': 4.973493566484569e+18, '_a6_': 1.5513803880972088e+18, '_a0_': 1.0, '_a2_': 1.0, '_a3_': 1.0, '_a7_': 1.0}};{'d0': 0.02490583291941782};-276.475521886819;53.900266527637086
17245;-102.188652969963;((x * ((_a5_ + _a2_) + (((x + _a2_) * x) + _a1_))) * _a5_);{'d0': {'_a1_': -3.474928534175068, '_a2_': 0.6238594150621484, '_a5_': 3.3767608874371193, '_a0_': 1.0, '_a3_': 1.0, '_a4_': 1.0, '_a6_': 1.0, '_a7_': 1.0}};{'d0': 0.024905832919416653};-280.569866449044;38.096280254558955
17246;-102.188652969963;((x * ((_a5_ + _a2_) + (((x + _a2_) * x) + _a1_))) * _a5_);{'d0': {'_a1_': -3.474928534175068, '_a2_': 0.6238594150621484, '_a5_': 3.3767608874371193, '_a0_': 1.0, '_a3_': 1.0, '_a4_': 1.0, '_a6_': 1.0, '_a7_': 1.0}};{'d0': 0.024905832919416653};-280.569866449044;38.096280254558955
17247;-102.188652969963;((x * ((_a5_ + _a2_) + (((x + _a2_) * x) + _a1_))) * _a5_);{'d0': {'_a1_': -3.474928534175068, '_a2_': 0.6238594150621484, '_a5_': 3.3767608874371193, '_a0_': 1.0, '_a3_': 1.0, '_a4_': 1.0, '_a6_': 1.0, '_a7_': 1.0}};{'d0': 0.024905832919416653};-280.569866449044;38.096280254558955
17248;-102.188652969963;((x * ((_a5_ + _a2_) + (((x + _a2_) * x) + _a1_))) * _a5_);{'d0': {'_a1_': -3.474928534175068, '_a2_': 0.6238594150621484, '_a5_': 3.3767608874371193, '_a0_': 1.0, '_a3_': 1.0, '_a4_': 1.0, '_a6_': 1.0, '_a7_': 1.0}};{'d0': 0.024905832919416653};-280.569866449044;38.096280254558955
17249;-102.188652969963;((x * ((_a5_ + _a2_) + (((x + _a2_) * x) + _a1_))) * _a5_);{'d0': {'_a1_': -3.474928534175068, '_a2_': 0.6238594150621484, '_a5_': 3.3767608874371193, '_a0_': 1.0, '_a3_': 1.0, '_a4_': 1.0, '_a6_': 1.0, '_a7_': 1.0}};{'d0': 0.024905832919416653};-280.569866449044;38.096280254558955
17250;-102.188652969963;((x * ((_a5_ + _a2_) + (((x + _a2_) * x) + _a1_))) * _a5_);{'d0': {'_a1_': -3.474928534175068, '_a2_': 0.6238594150621484, '_a5_': 3.3767608874371193, '_a0_': 1.0, '_a3_': 1.0, '_a4_': 1.0, '_a6_': 1.0, '_a7_': 1.0}};{'d0': 0.024905832919416653};-280.569866449044;38.096280254558955
17251;-102.188652969963;((x * ((_a5_ + _a2_) + (((x + _a2_) * x) + _a1_))) * _a5_);{'d0': {'_a1_': -3.474928534175068, '_a2_': 0.6238594150621484, '_a5_': 3.3767608874371193, '_a0_': 1.0, '_a3_': 1.0, '_a4_': 1.0, '_a6_': 1.0, '_a7_': 1.0}};{'d0': 0.024905832919416653};-280.569866449044;38.096280254558955
17252;-102.188652969963;((x * ((_a5_ + _a2_) + (((x + _a2_) * x) + _a1_))) * _a5_);{'d0': {'_a1_': -3.474928534175068, '_a2_': 0.6238594150621484, '_a5_': 3.3767608874371193, '_a0_': 1.0, '_a3_': 1.0, '_a4_': 1.0, '_a6_': 1.0, '_a7_': 1.0}};{'d0': 0.024905832919416653};-280.569866449044;38.096280254558955
17253;-102.188652969963;((x * ((_a5_ + _a2_) + (((x + _a2_) * x) + _a1_))) * _a5_);{'d0': {'_a1_': -3.474928534175068, '_a2_': 0.6238594150621484, '_a5_': 3.3767608874371193, '_a0_': 1.0, '_a3_': 1.0, '_a4_': 1.0, '_a6_': 1.0, '_a7_': 1.0}};{'d0': 0.024905832919416653};-280.569866449044;38.096280254558955
17254;-102.188652969963;((x * ((_a5_ + _a2_) + (((x + _a2_) * x) + _a1_))) * _a5_);{'d0': {'_a1_': -3.474928534175068, '_a2_': 0.6238594150621484, '_a5_': 3.3767608874371193, '_a0_': 1.0, '_a3_': 1.0, '_a4_': 1.0, '_a6_': 1.0, '_a7_': 1.0}};{'d0': 0.024905832919416653};-280.569866449044;38.096280254558955
17255;-102.188652969963;((x * ((_a5_ + _a2_) + (((x + _a2_) * x) + _a1_))) * _a5_);{'d0': {'_a1_': -3.474928534175068, '_a2_': 0.6238594150621484, '_a5_': 3.3767608874371193, '_a0_': 1.0, '_a3_': 1.0, '_a4_': 1.0, '_a6_': 1.0, '_a7_': 1.0}};{'d0': 0.024905832919416653};-280.569866449044;38.096280254558955
17256;-102.188652969963;((x * ((_a5_ + _a2_) + (((x + _a2_) * x) + _a1_))) * _a5_);{'d0': {'_a1_': -3.474928534175068, '_a2_': 0.6238594150621484, '_a5_': 3.3767608874371193, '_a0_': 1.0, '_a3_': 1.0, '_a4_': 1.0, '_a6_': 1.0, '_a7_': 1.0}};{'d0': 0.024905832919416653};-280.569866449044;38.096280254558955
17257;-102.188652969963;((x * ((_a5_ + _a2_) + (((x + _a2_) * x) + _a1_))) * _a5_);{'d0': {'_a1_': -3.474928534175068, '_a2_': 0.6238594150621484, '_a5_': 3.3767608874371193, '_a0_': 1.0, '_a3_': 1.0, '_a4_': 1.0, '_a6_': 1.0, '_a7_': 1.0}};{'d0': 0.024905832919416653};-280.569866449044;38.096280254558955
17258;-102.188652969963;((x * ((_a5_ + _a2_) + (((x + _a2_) * x) + _a1_))) * _a5_);{'d0': {'_a1_': -3.474928534175068, '_a2_': 0.6238594150621484, '_a5_': 3.3767608874371193, '_a0_': 1.0, '_a3_': 1.0, '_a4_': 1.0, '_a6_': 1.0, '_a7_': 1.0}};{'d0': 0.024905832919416653};-280.569866449044;38.096280254558955
17259;-102.188652969963;((x * ((_a5_ + _a2_) + (((x + _a2_) * x) + _a1_))) * _a5_);{'d0': {'_a1_': -3.474928534175068, '_a2_': 0.6238594150621484, '_a5_': 3.3767608874371193, '_a0_': 1.0, '_a3_': 1.0, '_a4_': 1.0, '_a6_': 1.0, '_a7_': 1.0}};{'d0': 0.024905832919416653};-280.569866449044;38.096280254558955
17260;-102.188652969963;((x * ((_a5_ + _a2_) + (((x + _a2_) * x) + _a1_))) * _a5_);{'d0': {'_a1_': -3.474928534175068, '_a2_': 0.6238594150621484, '_a5_': 3.3767608874371193, '_a0_': 1.0, '_a3_': 1.0, '_a4_': 1.0, '_a6_': 1.0, '_a7_': 1.0}};{'d0': 0.024905832919416653};-280.569866449044;38.096280254558955
17261;-102.188652969963;((x * ((_a5_ + _a2_) + (((x + _a2_) * x) + _a1_))) * _a5_);{'d0': {'_a1_': -3.474928534175068, '_a2_': 0.6238594150621484, '_a5_': 3.3767608874371193, '_a0_': 1.0, '_a3_': 1.0, '_a4_': 1.0, '_a6_': 1.0, '_a7_': 1.0}};{'d0': 0.024905832919416653};-280.569866449044;38.096280254558955
17262;-102.188652969963;((x * ((_a5_ + _a2_) + (((x + _a2_) * x) + _a1_))) * _a5_);{'d0': {'_a1_': -3.474928534175068, '_a2_': 0.6238594150621484, '_a5_': 3.3767608874371193, '_a0_': 1.0, '_a3_': 1.0, '_a4_': 1.0, '_a6_': 1.0, '_a7_': 1.0}};{'d0': 0.024905832919416653};-280.569866449044;38.096280254558955
17263;-102.188652969963;((x * ((_a5_ + _a2_) + (((x + _a2_) * x) + _a1_))) * _a5_);{'d0': {'_a1_': -3.474928534175068, '_a2_': 0.6238594150621484, '_a5_': 3.3767608874371193, '_a0_': 1.0, '_a3_': 1.0, '_a4_': 1.0, '_a6_': 1.0, '_a7_': 1.0}};{'d0': 0.024905832919416653};-280.569866449044;38.096280254558955
17264;-102.188652969963;((x * ((_a5_ + _a2_) + (((x + _a2_) * x) + _a1_))) * _a5_);{'d0': {'_a1_': -3.474928534175068, '_a2_': 0.6238594150621484, '_a5_': 3.3767608874371193, '_a0_': 1.0, '_a3_': 1.0, '_a4_': 1.0, '_a6_': 1.0, '_a7_': 1.0}};{'d0': 0.024905832919416653};-280.569866449044;38.096280254558955
17265;-102.188652969963;((x * ((_a5_ + _a2_) + (((x + _a2_) * x) + _a1_))) * _a5_);{'d0': {'_a1_': -3.474928534175068, '_a2_': 0.6238594150621484, '_a5_': 3.3767608874371193, '_a0_': 1.0, '_a3_': 1.0, '_a4_': 1.0, '_a6_': 1.0, '_a7_': 1.0}};{'d0': 0.024905832919416653};-280.569866449044;38.096280254558955
17266;-102.188652969963;((x * ((_a5_ + _a2_) + (((x + _a2_) * x) + _a1_))) * _a5_);{'d0': {'_a1_': -3.474928534175068, '_a2_': 0.6238594150621484, '_a5_': 3.3767608874371193, '_a0_': 1.0, '_a3_': 1.0, '_a4_': 1.0, '_a6_': 1.0, '_a7_': 1.0}};{'d0': 0.024905832919416653};-280.569866449044;38.096280254558955
17267;-102.188652969963;((x * ((_a5_ + _a2_) + (((x + _a2_) * x) + _a1_))) * _a5_);{'d0': {'_a1_': -3.474928534175068, '_a2_': 0.6238594150621484, '_a5_': 3.3767608874371193, '_a0_': 1.0, '_a3_': 1.0, '_a4_': 1.0, '_a6_': 1.0, '_a7_': 1.0}};{'d0': 0.024905832919416653};-280.569866449044;38.096280254558955
17268;-102.188652969963;((x * ((_a5_ + _a2_) + (((x + _a2_) * x) + _a1_))) * _a5_);{'d0': {'_a1_': -3.474928534175068, '_a2_': 0.6238594150621484, '_a5_': 3.3767608874371193, '_a0_': 1.0, '_a3_': 1.0, '_a4_': 1.0, '_a6_': 1.0, '_a7_': 1.0}};{'d0': 0.024905832919416653};-280.569866449044;38.096280254558955
17269;-102.188652969963;((x * ((_a5_ + _a2_) + (((x + _a2_) * x) + _a1_))) * _a5_);{'d0': {'_a1_': -3.474928534175068, '_a2_': 0.6238594150621484, '_a5_': 3.3767608874371193, '_a0_': 1.0, '_a3_': 1.0, '_a4_': 1.0, '_a6_': 1.0, '_a7_': 1.0}};{'d0': 0.024905832919416653};-280.569866449044;38.096280254558955
17270;-102.188652969963;((x * ((_a5_ + _a2_) + (((x + _a2_) * x) + _a1_))) * _a5_);{'d0': {'_a1_': -3.474928534175068, '_a2_': 0.6238594150621484, '_a5_': 3.3767608874371193, '_a0_': 1.0, '_a3_': 1.0, '_a4_': 1.0, '_a6_': 1.0, '_a7_': 1.0}};{'d0': 0.024905832919416653};-280.569866449044;38.096280254558955
17271;-102.188652969963;((x * ((_a5_ + _a2_) + (((x + _a2_) * x) + _a1_))) * _a5_);{'d0': {'_a1_': -3.474928534175068, '_a2_': 0.6238594150621484, '_a5_': 3.3767608874371193, '_a0_': 1.0, '_a3_': 1.0, '_a4_': 1.0, '_a6_': 1.0, '_a7_': 1.0}};{'d0': 0.024905832919416653};-280.569866449044;38.096280254558955
17272;-102.188652969963;((x * ((_a5_ + _a2_) + (((x + _a2_) * x) + _a1_))) * _a5_);{'d0': {'_a1_': -3.474928534175068, '_a2_': 0.6238594150621484, '_a5_': 3.3767608874371193, '_a0_': 1.0, '_a3_': 1.0, '_a4_': 1.0, '_a6_': 1.0, '_a7_': 1.0}};{'d0': 0.024905832919416653};-280.569866449044;38.096280254558955
17273;-102.188652969963;((x * ((_a5_ + _a2_) + (((x + _a2_) * x) + _a1_))) * _a5_);{'d0': {'_a1_': -3.474928534175068, '_a2_': 0.6238594150621484, '_a5_': 3.3767608874371193, '_a0_': 1.0, '_a3_': 1.0, '_a4_': 1.0, '_a6_': 1.0, '_a7_': 1.0}};{'d0': 0.024905832919416653};-280.569866449044;38.096280254558955
17274;-102.188652969963;((x * ((_a5_ + _a2_) + (((x + _a2_) * x) + _a1_))) * _a5_);{'d0': {'_a1_': -3.474928534175068, '_a2_': 0.6238594150621484, '_a5_': 3.3767608874371193, '_a0_': 1.0, '_a3_': 1.0, '_a4_': 1.0, '_a6_': 1.0, '_a7_': 1.0}};{'d0': 0.024905832919416653};-280.569866449044;38.096280254558955
17275;-102.188652969963;((x * ((_a5_ + _a2_) + (((x + _a2_) * x) + _a1_))) * _a5_);{'d0': {'_a1_': -3.474928534175068, '_a2_': 0.6238594150621484, '_a5_': 3.3767608874371193, '_a0_': 1.0, '_a3_': 1.0, '_a4_': 1.0, '_a6_': 1.0, '_a7_': 1.0}};{'d0': 0.024905832919416653};-280.569866449044;38.096280254558955
17276;-102.188652969963;((x * ((_a5_ + _a2_) + (((x + _a2_) * x) + _a1_))) * _a5_);{'d0': {'_a1_': -3.474928534175068, '_a2_': 0.6238594150621484, '_a5_': 3.3767608874371193, '_a0_': 1.0, '_a3_': 1.0, '_a4_': 1.0, '_a6_': 1.0, '_a7_': 1.0}};{'d0': 0.024905832919416653};-280.569866449044;38.096280254558955
17277;-102.188652969963;((x * ((_a5_ + _a2_) + (((x + _a2_) * x) + _a1_))) * _a5_);{'d0': {'_a1_': -3.474928534175068, '_a2_': 0.6238594150621484, '_a5_': 3.3767608874371193, '_a0_': 1.0, '_a3_': 1.0, '_a4_': 1.0, '_a6_': 1.0, '_a7_': 1.0}};{'d0': 0.024905832919416653};-280.569866449044;38.096280254558955
17278;-102.188652969963;((x * ((_a5_ + _a2_) + (((x + _a2_) * x) + _a1_))) * _a5_);{'d0': {'_a1_': -3.474928534175068, '_a2_': 0.6238594150621484, '_a5_': 3.3767608874371193, '_a0_': 1.0, '_a3_': 1.0, '_a4_': 1.0, '_a6_': 1.0, '_a7_': 1.0}};{'d0': 0.024905832919416653};-280.569866449044;38.096280254558955
17279;-102.188652969963;((x * ((_a5_ + _a2_) + (((x + _a2_) * x) + _a1_))) * _a5_);{'d0': {'_a1_': -3.474928534175068, '_a2_': 0.6238594150621484, '_a5_': 3.3767608874371193, '_a0_': 1.0, '_a3_': 1.0, '_a4_': 1.0, '_a6_': 1.0, '_a7_': 1.0}};{'d0': 0.024905832919416653};-280.569866449044;38.096280254558955
17280;-102.188652969963;((x * ((_a5_ + _a2_) + (((x + _a2_) * x) + _a1_))) * _a5_);{'d0': {'_a1_': -3.474928534175068, '_a2_': 0.6238594150621484, '_a5_': 3.3767608874371193, '_a0_': 1.0, '_a3_': 1.0, '_a4_': 1.0, '_a6_': 1.0, '_a7_': 1.0}};{'d0': 0.024905832919416653};-280.569866449044;38.096280254558955
17281;-102.188652969963;((x * ((_a5_ + _a2_) + (((x + _a2_) * x) + _a1_))) * _a5_);{'d0': {'_a1_': -3.474928534175068, '_a2_': 0.6238594150621484, '_a5_': 3.3767608874371193, '_a0_': 1.0, '_a3_': 1.0, '_a4_': 1.0, '_a6_': 1.0, '_a7_': 1.0}};{'d0': 0.024905832919416653};-280.569866449044;38.096280254558955
17282;-101.265343842695;((x * ((_a5_ + _a2_) + (((x + _a2_) * x) + _a1_))) / _a5_);{'d0': {'_a1_': -0.39430943173835425, '_a2_': 0.6238594154642129, '_a5_': 0.2961417868820209, '_a0_': 1.0, '_a3_': 1.0, '_a4_': 1.0, '_a6_': 1.0, '_a7_': 1.0}};{'d0': 0.024905832919416636};-280.569866449044;39.01958938182636
17283;-101.265343842695;((x * ((_a5_ + _a2_) + (((x + _a2_) * x) + _a1_))) / _a5_);{'d0': {'_a1_': -0.39430943173835425, '_a2_': 0.6238594154642129, '_a5_': 0.2961417868820209, '_a0_': 1.0, '_a3_': 1.0, '_a4_': 1.0, '_a6_': 1.0, '_a7_': 1.0}};{'d0': 0.024905832919416636};-280.569866449044;39.01958938182636
17284;-101.265343842695;((x * ((_a5_ + _a2_) + (((x + _a2_) * x) + _a1_))) / _a5_);{'d0': {'_a1_': -0.39430943173835425, '_a2_': 0.6238594154642129, '_a5_': 0.2961417868820209, '_a0_': 1.0, '_a3_': 1.0, '_a4_': 1.0, '_a6_': 1.0, '_a7_': 1.0}};{'d0': 0.024905832919416636};-280.569866449044;39.01958938182636
17285;-101.265343842695;((x * ((_a5_ + _a2_) + (((x + _a2_) * x) + _a1_))) / _a5_);{'d0': {'_a1_': -0.39430943173835425, '_a2_': 0.6238594154642129, '_a5_': 0.2961417868820209, '_a0_': 1.0, '_a3_': 1.0, '_a4_': 1.0, '_a6_': 1.0, '_a7_': 1.0}};{'d0': 0.024905832919416636};-280.569866449044;39.01958938182636
17286;-101.265343842695;((x * ((_a5_ + _a2_) + (((x + _a2_) * x) + _a1_))) / _a5_);{'d0': {'_a1_': -0.39430943173835425, '_a2_': 0.6238594154642129, '_a5_': 0.2961417868820209, '_a0_': 1.0, '_a3_': 1.0, '_a4_': 1.0, '_a6_': 1.0, '_a7_': 1.0}};{'d0': 0.024905832919416636};-280.569866449044;39.01958938182636
17287;-101.265343842695;((x * ((_a5_ + _a2_) + (((x + _a2_) * x) + _a1_))) / _a5_);{'d0': {'_a1_': -0.39430943173835425, '_a2_': 0.6238594154642129, '_a5_': 0.2961417868820209, '_a0_': 1.0, '_a3_': 1.0, '_a4_': 1.0, '_a6_': 1.0, '_a7_': 1.0}};{'d0': 0.024905832919416636};-280.569866449044;39.01958938182636
17288;-101.265343842695;((x * ((_a5_ + _a2_) + (((x + _a2_) * x) + _a1_))) / _a5_);{'d0': {'_a1_': -0.39430943173835425, '_a2_': 0.6238594154642129, '_a5_': 0.2961417868820209, '_a0_': 1.0, '_a3_': 1.0, '_a4_': 1.0, '_a6_': 1.0, '_a7_': 1.0}};{'d0': 0.024905832919416636};-280.569866449044;39.01958938182636
17289;-101.265343842695;((x * ((_a5_ + _a2_) + (((x + _a2_) * x) + _a1_))) / _a5_);{'d0': {'_a1_': -0.39430943173835425, '_a2_': 0.6238594154642129, '_a5_': 0.2961417868820209, '_a0_': 1.0, '_a3_': 1.0, '_a4_': 1.0, '_a6_': 1.0, '_a7_': 1.0}};{'d0': 0.024905832919416636};-280.569866449044;39.01958938182636
17290;-101.265343842695;((x * ((_a5_ + _a2_) + (((x + _a2_) * x) + _a1_))) / _a5_);{'d0': {'_a1_': -0.39430943173835425, '_a2_': 0.6238594154642129, '_a5_': 0.2961417868820209, '_a0_': 1.0, '_a3_': 1.0, '_a4_': 1.0, '_a6_': 1.0, '_a7_': 1.0}};{'d0': 0.024905832919416636};-280.569866449044;39.01958938182636
17291;-101.265343842695;((x * ((_a5_ + _a2_) + (((x + _a2_) * x) + _a1_))) / _a5_);{'d0': {'_a1_': -0.39430943173835425, '_a2_': 0.6238594154642129, '_a5_': 0.2961417868820209, '_a0_': 1.0, '_a3_': 1.0, '_a4_': 1.0, '_a6_': 1.0, '_a7_': 1.0}};{'d0': 0.024905832919416636};-280.569866449044;39.01958938182636
17292;-101.265343842695;((x * ((_a5_ + _a2_) + (((x + _a2_) * x) + _a1_))) / _a5_);{'d0': {'_a1_': -0.39430943173835425, '_a2_': 0.6238594154642129, '_a5_': 0.2961417868820209, '_a0_': 1.0, '_a3_': 1.0, '_a4_': 1.0, '_a6_': 1.0, '_a7_': 1.0}};{'d0': 0.024905832919416636};-280.569866449044;39.01958938182636
17293;-101.265343842695;((x * ((_a5_ + _a2_) + (((x + _a2_) * x) + _a1_))) / _a5_);{'d0': {'_a1_': -0.39430943173835425, '_a2_': 0.6238594154642129, '_a5_': 0.2961417868820209, '_a0_': 1.0, '_a3_': 1.0, '_a4_': 1.0, '_a6_': 1.0, '_a7_': 1.0}};{'d0': 0.024905832919416636};-280.569866449044;39.01958938182636
17294;-101.265343842695;((x * ((_a5_ + _a2_) + (((x + _a2_) * x) + _a1_))) / _a5_);{'d0': {'_a1_': -0.39430943173835425, '_a2_': 0.6238594154642129, '_a5_': 0.2961417868820209, '_a0_': 1.0, '_a3_': 1.0, '_a4_': 1.0, '_a6_': 1.0, '_a7_': 1.0}};{'d0': 0.024905832919416636};-280.569866449044;39.01958938182636
17295;-101.265343842695;((x * ((_a5_ + _a2_) + (((x + _a2_) * x) + _a1_))) / _a5_);{'d0': {'_a1_': -0.39430943173835425, '_a2_': 0.6238594154642129, '_a5_': 0.2961417868820209, '_a0_': 1.0, '_a3_': 1.0, '_a4_': 1.0, '_a6_': 1.0, '_a7_': 1.0}};{'d0': 0.024905832919416636};-280.569866449044;39.01958938182636
17296;-101.265343842695;((x * ((_a5_ + _a2_) + (((x + _a2_) * x) + _a1_))) / _a5_);{'d0': {'_a1_': -0.39430943173835425, '_a2_': 0.6238594154642129, '_a5_': 0.2961417868820209, '_a0_': 1.0, '_a3_': 1.0, '_a4_': 1.0, '_a6_': 1.0, '_a7_': 1.0}};{'d0': 0.024905832919416636};-280.569866449044;39.01958938182636
17297;-101.265343842695;((x * ((_a5_ + _a2_) + (((x + _a2_) * x) + _a1_))) / _a5_);{'d0': {'_a1_': -0.39430943173835425, '_a2_': 0.6238594154642129, '_a5_': 0.2961417868820209, '_a0_': 1.0, '_a3_': 1.0, '_a4_': 1.0, '_a6_': 1.0, '_a7_': 1.0}};{'d0': 0.024905832919416636};-280.569866449044;39.01958938182636
17298;-101.265343842695;((x * ((_a5_ + _a2_) + (((x + _a2_) * x) + _a1_))) / _a5_);{'d0': {'_a1_': -0.39430943173835425, '_a2_': 0.6238594154642129, '_a5_': 0.2961417868820209, '_a0_': 1.0, '_a3_': 1.0, '_a4_': 1.0, '_a6_': 1.0, '_a7_': 1.0}};{'d0': 0.024905832919416636};-280.569866449044;39.01958938182636
17299;-101.265343842695;((x * ((_a5_ + _a2_) + (((x + _a2_) * x) + _a1_))) / _a5_);{'d0': {'_a1_': -0.39430943173835425, '_a2_': 0.6238594154642129, '_a5_': 0.2961417868820209, '_a0_': 1.0, '_a3_': 1.0, '_a4_': 1.0, '_a6_': 1.0, '_a7_': 1.0}};{'d0': 0.024905832919416636};-280.569866449044;39.01958938182636
17300;-101.265343842695;((x * ((_a5_ + _a2_) + (((x + _a2_) * x) + _a1_))) / _a5_);{'d0': {'_a1_': -0.39430943173835425, '_a2_': 0.6238594154642129, '_a5_': 0.2961417868820209, '_a0_': 1.0, '_a3_': 1.0, '_a4_': 1.0, '_a6_': 1.0, '_a7_': 1.0}};{'d0': 0.024905832919416636};-280.569866449044;39.01958938182636
17301;-101.458825450148;((x * (-(_a7_) + (((x + _a2_) * x) + _a1_))) / _a5_);{'d0': {'_a1_': 543.9134877363782, '_a2_': 0.6238594151044001, '_a5_': 0.2961417866258579, '_a7_': 543.3877959978846, '_a0_': 1.0, '_a3_': 1.0, '_a4_': 1.0, '_a6_': 1.0}};{'d0': 0.024905832919588};-276.475521886409;36.77893549305675
17302;-101.458825450148;((x * (-(_a7_) + (((x + _a2_) * x) + _a1_))) / _a5_);{'d0': {'_a1_': 543.9134877363782, '_a2_': 0.6238594151044001, '_a5_': 0.2961417866258579, '_a7_': 543.3877959978846, '_a0_': 1.0, '_a3_': 1.0, '_a4_': 1.0, '_a6_': 1.0}};{'d0': 0.024905832919588};-276.475521886409;36.77893549305675
17303;-101.458825450148;((x * (-(_a7_) + (((x + _a2_) * x) + _a1_))) / _a5_);{'d0': {'_a1_': 543.9134877363782, '_a2_': 0.6238594151044001, '_a5_': 0.2961417866258579, '_a7_': 543.3877959978846, '_a0_': 1.0, '_a3_': 1.0, '_a4_': 1.0, '_a6_': 1.0}};{'d0': 0.024905832919588};-276.475521886409;36.77893549305675
17304;-103.505997731465;((x * (-(_a7_) + (((x + _a1_) * x) + _a1_))) / _a5_);{'d0': {'_a1_': 0.6238594152574012, '_a5_': 0.2961417878506304, '_a7_': 0.09816764242821226, '_a0_': 1.0, '_a2_': 1.0, '_a3_': 1.0, '_a4_': 1.0, '_a6_': 1.0}};{'d0': 0.02490583291941669};-280.569866449043;36.77893549305675
17305;-103.505997731465;((x * (-(_a7_) + (((x + _a1_) * x) + _a1_))) / _a5_);{'d0': {'_a1_': 0.6238594152574012, '_a5_': 0.2961417878506304, '_a7_': 0.09816764242821226, '_a0_': 1.0, '_a2_': 1.0, '_a3_': 1.0, '_a4_': 1.0, '_a6_': 1.0}};{'d0': 0.02490583291941669};-280.569866449043;36.77893549305675
17306;-103.505997731465;((x * (-(_a7_) + (((x + _a1_) * x) + _a1_))) / _a5_);{'d0': {'_a1_': 0.6238594152574012, '_a5_': 0.2961417878506304, '_a7_': 0.09816764242821226, '_a0_': 1.0, '_a2_': 1.0, '_a3_': 1.0, '_a4_': 1.0, '_a6_': 1.0}};{'d0': 0.02490583291941669};-280.569866449043;36.77893549305675
17307;-103.505997731465;((x * (-(_a7_) + (((x + _a1_) * x) + _a1_))) / _a5_);{'d0': {'_a1_': 0.6238594152574012, '_a5_': 0.2961417878506304, '_a7_': 0.09816764242821226, '_a0_': 1.0, '_a2_': 1.0, '_a3_': 1.0, '_a4_': 1.0, '_a6_': 1.0}};{'d0': 0.02490583291941669};-280.569866449043;36.77893549305675
17308;-103.505997731465;((x * (-(_a7_) + (((x + _a1_) * x) + _a1_))) / _a5_);{'d0': {'_a1_': 0.6238594152574012, '_a5_': 0.2961417878506304, '_a7_': 0.09816764242821226, '_a0_': 1.0, '_a2_': 1.0, '_a3_': 1.0, '_a4_': 1.0, '_a6_': 1.0}};{'d0': 0.02490583291941669};-280.569866449043;36.77893549305675
17309;-103.505997731465;((x * (-(_a7_) + (((x + _a1_) * x) + _a1_))) / _a5_);{'d0': {'_a1_': 0.6238594152574012, '_a5_': 0.2961417878506304, '_a7_': 0.09816764242821226, '_a0_': 1.0, '_a2_': 1.0, '_a3_': 1.0, '_a4_': 1.0, '_a6_': 1.0}};{'d0': 0.02490583291941669};-280.569866449043;36.77893549305675
17310;-103.505997731465;((x * (-(_a7_) + (((x + _a1_) * x) + _a1_))) / _a5_);{'d0': {'_a1_': 0.6238594152574012, '_a5_': 0.2961417878506304, '_a7_': 0.09816764242821226, '_a0_': 1.0, '_a2_': 1.0, '_a3_': 1.0, '_a4_': 1.0, '_a6_': 1.0}};{'d0': 0.02490583291941669};-280.569866449043;36.77893549305675
17311;-103.505997731465;((x * (-(_a7_) + (((x + _a1_) * x) + _a1_))) / _a5_);{'d0': {'_a1_': 0.6238594152574012, '_a5_': 0.2961417878506304, '_a7_': 0.09816764242821226, '_a0_': 1.0, '_a2_': 1.0, '_a3_': 1.0, '_a4_': 1.0, '_a6_': 1.0}};{'d0': 0.02490583291941669};-280.569866449043;36.77893549305675
17312;-103.505997731465;((x * (-(_a7_) + (((x + _a1_) * x) + _a1_))) / _a5_);{'d0': {'_a1_': 0.6238594152574012, '_a5_': 0.2961417878506304, '_a7_': 0.09816764242821226, '_a0_': 1.0, '_a2_': 1.0, '_a3_': 1.0, '_a4_': 1.0, '_a6_': 1.0}};{'d0': 0.02490583291941669};-280.569866449043;36.77893549305675
17313;-103.505997731465;((x * (-(_a7_) + (((x + _a1_) * x) + _a1_))) / _a5_);{'d0': {'_a1_': 0.6238594152574012, '_a5_': 0.2961417878506304, '_a7_': 0.09816764242821226, '_a0_': 1.0, '_a2_': 1.0, '_a3_': 1.0, '_a4_': 1.0, '_a6_': 1.0}};{'d0': 0.02490583291941669};-280.569866449043;36.77893549305675
17314;-103.505997731465;((x * (-(_a7_) + (((x + _a1_) * x) + _a1_))) / _a5_);{'d0': {'_a1_': 0.6238594152574012, '_a5_': 0.2961417878506304, '_a7_': 0.09816764242821226, '_a0_': 1.0, '_a2_': 1.0, '_a3_': 1.0, '_a4_': 1.0, '_a6_': 1.0}};{'d0': 0.02490583291941669};-280.569866449043;36.77893549305675
17315;-103.505997731465;((x * (-(_a7_) + (((x + _a1_) * x) + _a1_))) / _a5_);{'d0': {'_a1_': 0.6238594152574012, '_a5_': 0.2961417878506304, '_a7_': 0.09816764242821226, '_a0_': 1.0, '_a2_': 1.0, '_a3_': 1.0, '_a4_': 1.0, '_a6_': 1.0}};{'d0': 0.02490583291941669};-280.569866449043;36.77893549305675
17316;-103.505997731465;((x * (-(_a7_) + (((x + _a1_) * x) + _a1_))) / _a5_);{'d0': {'_a1_': 0.6238594152574012, '_a5_': 0.2961417878506304, '_a7_': 0.09816764242821226, '_a0_': 1.0, '_a2_': 1.0, '_a3_': 1.0, '_a4_': 1.0, '_a6_': 1.0}};{'d0': 0.02490583291941669};-280.569866449043;36.77893549305675
17317;-103.505997731465;((x * (-(_a7_) + (((x + _a1_) * x) + _a1_))) / _a5_);{'d0': {'_a1_': 0.6238594152574012, '_a5_': 0.2961417878506304, '_a7_': 0.09816764242821226, '_a0_': 1.0, '_a2_': 1.0, '_a3_': 1.0, '_a4_': 1.0, '_a6_': 1.0}};{'d0': 0.02490583291941669};-280.569866449043;36.77893549305675
17318;-96.3883612035604;((((_a1_ / _a2_) + (((x + _a5_) * x) + _a1_)) * (_a5_ + _a1_)) * x);{'d0': {'_a1_': 2.7529014632566744, '_a2_': -1.2360315564343298, '_a5_': 0.6238594156701194, '_a0_': 1.0, '_a3_': 1.0, '_a4_': 1.0, '_a6_': 1.0, '_a7_': 1.0}};{'d0': 0.024905832919416608};-280.569866449044;43.89657202096141
17319;-97.2393130445057;((((_a1_ * _a2_) + (((x + _a5_) * x) + _a1_)) * (_a5_ + _a1_)) * x);{'d0': {'_a1_': 2.7529014641541587, '_a2_': -0.8090408332133616, '_a5_': 0.6238594156083677, '_a0_': 1.0, '_a3_': 1.0, '_a4_': 1.0, '_a6_': 1.0, '_a7_': 1.0}};{'d0': 0.024905832919416636};-280.569866449044;43.04562018001601
17320;-97.2393130445057;((((_a1_ * _a2_) + (((x + _a5_) * x) + _a1_)) * (_a5_ + _a1_)) * x);{'d0': {'_a1_': 2.7529014641541587, '_a2_': -0.8090408332133616, '_a5_': 0.6238594156083677, '_a0_': 1.0, '_a3_': 1.0, '_a4_': 1.0, '_a6_': 1.0, '_a7_': 1.0}};{'d0': 0.024905832919416636};-280.569866449044;43.04562018001601
17321;-97.2393130445057;((((_a1_ * _a2_) + (((x + _a5_) * x) + _a1_)) * (_a5_ + _a1_)) * x);{'d0': {'_a1_': 2.7529014641541587, '_a2_': -0.8090408332133616, '_a5_': 0.6238594156083677, '_a0_': 1.0, '_a3_': 1.0, '_a4_': 1.0, '_a6_': 1.0, '_a7_': 1.0}};{'d0': 0.024905832919416636};-280.569866449044;43.04562018001601
17322;-97.2393130445057;((((_a1_ * _a2_) + (((x + _a5_) * x) + _a1_)) * (_a5_ + _a1_)) * x);{'d0': {'_a1_': 2.7529014641541587, '_a2_': -0.8090408332133616, '_a5_': 0.6238594156083677, '_a0_': 1.0, '_a3_': 1.0, '_a4_': 1.0, '_a6_': 1.0, '_a7_': 1.0}};{'d0': 0.024905832919416636};-280.569866449044;43.04562018001601
17323;-97.2393130445057;((((_a1_ * _a2_) + (((x + _a5_) * x) + _a1_)) * (_a5_ + _a1_)) * x);{'d0': {'_a1_': 2.7529014641541587, '_a2_': -0.8090408332133616, '_a5_': 0.6238594156083677, '_a0_': 1.0, '_a3_': 1.0, '_a4_': 1.0, '_a6_': 1.0, '_a7_': 1.0}};{'d0': 0.024905832919416636};-280.569866449044;43.04562018001601
17324;-97.2393130445057;((((_a1_ * _a2_) + (((x + _a5_) * x) + _a1_)) * (_a5_ + _a1_)) * x);{'d0': {'_a1_': 2.7529014641541587, '_a2_': -0.8090408332133616, '_a5_': 0.6238594156083677, '_a0_': 1.0, '_a3_': 1.0, '_a4_': 1.0, '_a6_': 1.0, '_a7_': 1.0}};{'d0': 0.024905832919416636};-280.569866449044;43.04562018001601
17325;-97.2393130445057;((((_a1_ * _a2_) + (((x + _a5_) * x) + _a1_)) * (_a5_ + _a1_)) * x);{'d0': {'_a1_': 2.7529014641541587, '_a2_': -0.8090408332133616, '_a5_': 0.6238594156083677, '_a0_': 1.0, '_a3_': 1.0, '_a4_': 1.0, '_a6_': 1.0, '_a7_': 1.0}};{'d0': 0.024905832919416636};-280.569866449044;43.04562018001601
17326;-97.2393130445057;((((_a1_ * _a2_) + (((x + _a5_) * x) + _a1_)) * (_a5_ + _a1_)) * x);{'d0': {'_a1_': 2.7529014641541587, '_a2_': -0.8090408332133616, '_a5_': 0.6238594156083677, '_a0_': 1.0, '_a3_': 1.0, '_a4_': 1.0, '_a6_': 1.0, '_a7_': 1.0}};{'d0': 0.024905832919416636};-280.569866449044;43.04562018001601
17327;-97.2393130445057;((((_a1_ * _a2_) + (((x + _a5_) * x) + _a1_)) * (_a5_ + _a1_)) * x);{'d0': {'_a1_': 2.7529014641541587, '_a2_': -0.8090408332133616, '_a5_': 0.6238594156083677, '_a0_': 1.0, '_a3_': 1.0, '_a4_': 1.0, '_a6_': 1.0, '_a7_': 1.0}};{'d0': 0.024905832919416636};-280.569866449044;43.04562018001601
17328;-97.2393130445057;((((_a1_ * _a2_) + (((x + _a5_) * x) + _a1_)) * (_a5_ + _a1_)) * x);{'d0': {'_a1_': 2.7529014641541587, '_a2_': -0.8090408332133616, '_a5_': 0.6238594156083677, '_a0_': 1.0, '_a3_': 1.0, '_a4_': 1.0, '_a6_': 1.0, '_a7_': 1.0}};{'d0': 0.024905832919416636};-280.569866449044;43.04562018001601
17329;-97.2393130445057;((((_a1_ * _a2_) + (((x + _a5_) * x) + _a1_)) * (_a5_ + _a1_)) * x);{'d0': {'_a1_': 2.7529014641541587, '_a2_': -0.8090408332133616, '_a5_': 0.6238594156083677, '_a0_': 1.0, '_a3_': 1.0, '_a4_': 1.0, '_a6_': 1.0, '_a7_': 1.0}};{'d0': 0.024905832919416636};-280.569866449044;43.04562018001601
17330;-97.2393130445057;((((_a1_ * _a2_) + (((x + _a5_) * x) + _a1_)) * (_a5_ + _a1_)) * x);{'d0': {'_a1_': 2.7529014641541587, '_a2_': -0.8090408332133616, '_a5_': 0.6238594156083677, '_a0_': 1.0, '_a3_': 1.0, '_a4_': 1.0, '_a6_': 1.0, '_a7_': 1.0}};{'d0': 0.024905832919416636};-280.569866449044;43.04562018001601
17331;-97.2393130445057;((((_a1_ * _a2_) + (((x + _a5_) * x) + _a1_)) * (_a5_ + _a1_)) * x);{'d0': {'_a1_': 2.7529014641541587, '_a2_': -0.8090408332133616, '_a5_': 0.6238594156083677, '_a0_': 1.0, '_a3_': 1.0, '_a4_': 1.0, '_a6_': 1.0, '_a7_': 1.0}};{'d0': 0.024905832919416636};-280.569866449044;43.04562018001601
17332;-97.2393130445057;((((_a1_ * _a2_) + (((x + _a5_) * x) + _a1_)) * (_a5_ + _a1_)) * x);{'d0': {'_a1_': 2.7529014641541587, '_a2_': -0.8090408332133616, '_a5_': 0.6238594156083677, '_a0_': 1.0, '_a3_': 1.0, '_a4_': 1.0, '_a6_': 1.0, '_a7_': 1.0}};{'d0': 0.024905832919416636};-280.569866449044;43.04562018001601
17333;-97.2393130445057;((((_a1_ * _a2_) + (((x + _a5_) * x) + _a1_)) * (_a5_ + _a1_)) * x);{'d0': {'_a1_': 2.7529014641541587, '_a2_': -0.8090408332133616, '_a5_': 0.6238594156083677, '_a0_': 1.0, '_a3_': 1.0, '_a4_': 1.0, '_a6_': 1.0, '_a7_': 1.0}};{'d0': 0.024905832919416636};-280.569866449044;43.04562018001601
17334;-97.2393130445057;((((_a1_ * _a2_) + (((x + _a5_) * x) + _a1_)) * (_a5_ + _a1_)) * x);{'d0': {'_a1_': 2.7529014641541587, '_a2_': -0.8090408332133616, '_a5_': 0.6238594156083677, '_a0_': 1.0, '_a3_': 1.0, '_a4_': 1.0, '_a6_': 1.0, '_a7_': 1.0}};{'d0': 0.024905832919416636};-280.569866449044;43.04562018001601
17335;-97.2393130445057;((((_a1_ * _a2_) + (((x + _a5_) * x) + _a1_)) * (_a5_ + _a1_)) * x);{'d0': {'_a1_': 2.7529014641541587, '_a2_': -0.8090408332133616, '_a5_': 0.6238594156083677, '_a0_': 1.0, '_a3_': 1.0, '_a4_': 1.0, '_a6_': 1.0, '_a7_': 1.0}};{'d0': 0.024905832919416636};-280.569866449044;43.04562018001601
17336;-97.2393130445057;((((_a1_ * _a2_) + (((x + _a5_) * x) + _a1_)) * (_a5_ + _a1_)) * x);{'d0': {'_a1_': 2.7529014641541587, '_a2_': -0.8090408332133616, '_a5_': 0.6238594156083677, '_a0_': 1.0, '_a3_': 1.0, '_a4_': 1.0, '_a6_': 1.0, '_a7_': 1.0}};{'d0': 0.024905832919416636};-280.569866449044;43.04562018001601
17337;-97.2393130445057;((((_a1_ * _a2_) + (((x + _a5_) * x) + _a1_)) * (_a5_ + _a1_)) * x);{'d0': {'_a1_': 2.7529014641541587, '_a2_': -0.8090408332133616, '_a5_': 0.6238594156083677, '_a0_': 1.0, '_a3_': 1.0, '_a4_': 1.0, '_a6_': 1.0, '_a7_': 1.0}};{'d0': 0.024905832919416636};-280.569866449044;43.04562018001601
17338;-97.2393130445057;((((_a1_ * _a2_) + (((x + _a5_) * x) + _a1_)) * (_a5_ + _a1_)) * x);{'d0': {'_a1_': 2.7529014641541587, '_a2_': -0.8090408332133616, '_a5_': 0.6238594156083677, '_a0_': 1.0, '_a3_': 1.0, '_a4_': 1.0, '_a6_': 1.0, '_a7_': 1.0}};{'d0': 0.024905832919416636};-280.569866449044;43.04562018001601
17339;-97.2393130445057;((((_a1_ * _a2_) + (((x + _a5_) * x) + _a1_)) * (_a5_ + _a1_)) * x);{'d0': {'_a1_': 2.7529014641541587, '_a2_': -0.8090408332133616, '_a5_': 0.6238594156083677, '_a0_': 1.0, '_a3_': 1.0, '_a4_': 1.0, '_a6_': 1.0, '_a7_': 1.0}};{'d0': 0.024905832919416636};-280.569866449044;43.04562018001601
17340;-97.2393130445057;((((_a1_ * _a2_) + (((x + _a5_) * x) + _a1_)) * (_a5_ + _a1_)) * x);{'d0': {'_a1_': 2.7529014641541587, '_a2_': -0.8090408332133616, '_a5_': 0.6238594156083677, '_a0_': 1.0, '_a3_': 1.0, '_a4_': 1.0, '_a6_': 1.0, '_a7_': 1.0}};{'d0': 0.024905832919416636};-280.569866449044;43.04562018001601
17341;-97.2393130445057;((((_a1_ * _a2_) + (((x + _a5_) * x) + _a1_)) * (_a5_ + _a1_)) * x);{'d0': {'_a1_': 2.7529014641541587, '_a2_': -0.8090408332133616, '_a5_': 0.6238594156083677, '_a0_': 1.0, '_a3_': 1.0, '_a4_': 1.0, '_a6_': 1.0, '_a7_': 1.0}};{'d0': 0.024905832919416636};-280.569866449044;43.04562018001601
17342;-97.2393130445057;((((_a1_ * _a2_) + (((x + _a5_) * x) + _a1_)) * (_a5_ + _a1_)) * x);{'d0': {'_a1_': 2.7529014641541587, '_a2_': -0.8090408332133616, '_a5_': 0.6238594156083677, '_a0_': 1.0, '_a3_': 1.0, '_a4_': 1.0, '_a6_': 1.0, '_a7_': 1.0}};{'d0': 0.024905832919416636};-280.569866449044;43.04562018001601
17343;-97.2393130445057;((((_a1_ * _a2_) + (((x + _a5_) * x) + _a1_)) * (_a5_ + _a1_)) * x);{'d0': {'_a1_': 2.7529014641541587, '_a2_': -0.8090408332133616, '_a5_': 0.6238594156083677, '_a0_': 1.0, '_a3_': 1.0, '_a4_': 1.0, '_a6_': 1.0, '_a7_': 1.0}};{'d0': 0.024905832919416636};-280.569866449044;43.04562018001601
17344;-96.2680519209326;((((_a1_ + _a2_) + (((x + _a5_) * x) + _a1_)) * (_a5_ + _a1_)) * x);{'d0': {'_a1_': 2.752901463103281, '_a2_': -4.980111155925997, '_a5_': 0.6238594154924811, '_a0_': 1.0, '_a3_': 1.0, '_a4_': 1.0, '_a6_': 1.0, '_a7_': 1.0}};{'d0': 0.024905832919416702};-280.569866449043;44.01688130358901
17345;-96.2680519209326;((((_a1_ + _a2_) + (((x + _a5_) * x) + _a1_)) * (_a5_ + _a1_)) * x);{'d0': {'_a1_': 2.752901463103281, '_a2_': -4.980111155925997, '_a5_': 0.6238594154924811, '_a0_': 1.0, '_a3_': 1.0, '_a4_': 1.0, '_a6_': 1.0, '_a7_': 1.0}};{'d0': 0.024905832919416702};-280.569866449043;44.01688130358901
17346;-96.2680519209326;((((_a1_ + _a2_) + (((x + _a5_) * x) + _a1_)) * (_a5_ + _a1_)) * x);{'d0': {'_a1_': 2.752901463103281, '_a2_': -4.980111155925997, '_a5_': 0.6238594154924811, '_a0_': 1.0, '_a3_': 1.0, '_a4_': 1.0, '_a6_': 1.0, '_a7_': 1.0}};{'d0': 0.024905832919416702};-280.569866449043;44.01688130358901
17347;-102.188652969963;(((_a6_ + (((x + _a5_) * x) + _a1_)) * (_a5_ + _a1_)) * x);{'d0': {'_a1_': 2.7529014645183385, '_a5_': 0.6238594156029447, '_a6_': -2.227209694478239, '_a0_': 1.0, '_a2_': 1.0, '_a3_': 1.0, '_a4_': 1.0, '_a7_': 1.0}};{'d0': 0.024905832919416664};-280.569866449044;38.09628025455901
17348;-102.188652969963;(((_a6_ + (((x + _a5_) * x) + _a1_)) * (_a5_ + _a1_)) * x);{'d0': {'_a1_': 2.7529014645183385, '_a5_': 0.6238594156029447, '_a6_': -2.227209694478239, '_a0_': 1.0, '_a2_': 1.0, '_a3_': 1.0, '_a4_': 1.0, '_a7_': 1.0}};{'d0': 0.024905832919416664};-280.569866449044;38.09628025455901
17349;-102.188652969963;(((_a6_ + (((x + _a5_) * x) + _a1_)) * (_a5_ + _a1_)) * x);{'d0': {'_a1_': 2.7529014645183385, '_a5_': 0.6238594156029447, '_a6_': -2.227209694478239, '_a0_': 1.0, '_a2_': 1.0, '_a3_': 1.0, '_a4_': 1.0, '_a7_': 1.0}};{'d0': 0.024905832919416664};-280.569866449044;38.09628025455901
17350;-102.188652969963;(((_a6_ + (((x + _a5_) * x) + _a1_)) * (_a5_ + _a1_)) * x);{'d0': {'_a1_': 2.7529014645183385, '_a5_': 0.6238594156029447, '_a6_': -2.227209694478239, '_a0_': 1.0, '_a2_': 1.0, '_a3_': 1.0, '_a4_': 1.0, '_a7_': 1.0}};{'d0': 0.024905832919416664};-280.569866449044;38.09628025455901
17351;-102.188652969963;(((_a6_ + (((x + _a5_) * x) + _a1_)) * (_a5_ + _a1_)) * x);{'d0': {'_a1_': 2.7529014645183385, '_a5_': 0.6238594156029447, '_a6_': -2.227209694478239, '_a0_': 1.0, '_a2_': 1.0, '_a3_': 1.0, '_a4_': 1.0, '_a7_': 1.0}};{'d0': 0.024905832919416664};-280.569866449044;38.09628025455901
17352;-102.188652969963;(((_a6_ + (((x + _a5_) * x) + _a1_)) * (_a5_ + _a1_)) * x);{'d0': {'_a1_': 2.7529014645183385, '_a5_': 0.6238594156029447, '_a6_': -2.227209694478239, '_a0_': 1.0, '_a2_': 1.0, '_a3_': 1.0, '_a4_': 1.0, '_a7_': 1.0}};{'d0': 0.024905832919416664};-280.569866449044;38.09628025455901
17353;-102.188652969963;(((_a6_ + (((x + _a5_) * x) + _a1_)) * (_a5_ + _a1_)) * x);{'d0': {'_a1_': 2.7529014645183385, '_a5_': 0.6238594156029447, '_a6_': -2.227209694478239, '_a0_': 1.0, '_a2_': 1.0, '_a3_': 1.0, '_a4_': 1.0, '_a7_': 1.0}};{'d0': 0.024905832919416664};-280.569866449044;38.09628025455901
17354;-102.188652969963;(((_a6_ + (((x + _a5_) * x) + _a1_)) * (_a5_ + _a1_)) * x);{'d0': {'_a1_': 2.7529014645183385, '_a5_': 0.6238594156029447, '_a6_': -2.227209694478239, '_a0_': 1.0, '_a2_': 1.0, '_a3_': 1.0, '_a4_': 1.0, '_a7_': 1.0}};{'d0': 0.024905832919416664};-280.569866449044;38.09628025455901
17355;-102.188652969963;(((_a6_ + (((x + _a5_) * x) + _a1_)) * (_a5_ + _a1_)) * x);{'d0': {'_a1_': 2.7529014645183385, '_a5_': 0.6238594156029447, '_a6_': -2.227209694478239, '_a0_': 1.0, '_a2_': 1.0, '_a3_': 1.0, '_a4_': 1.0, '_a7_': 1.0}};{'d0': 0.024905832919416664};-280.569866449044;38.09628025455901
17356;-102.188652969963;(((_a6_ + (((x + _a5_) * x) + _a1_)) * (_a5_ + _a1_)) * x);{'d0': {'_a1_': 2.7529014645183385, '_a5_': 0.6238594156029447, '_a6_': -2.227209694478239, '_a0_': 1.0, '_a2_': 1.0, '_a3_': 1.0, '_a4_': 1.0, '_a7_': 1.0}};{'d0': 0.024905832919416664};-280.569866449044;38.09628025455901
17357;-82.2903220735360;(((pow2((-(((((_a5_ * _a4_) * x) / _a6_) + _a4_)) * _a3_)) + -(_a4_)) / _a1_) * x);{'d0': {'_a1_': 0.7239292481627504, '_a3_': 0.4657117206924275, '_a4_': -1.0472187409006342, '_a5_': 3.5512438950522804e+23, '_a6_': 1.107738470068826e+23, '_a0_': 1.0, '_a2_': 1.0, '_a7_': 1.0}};{'d0': 0.02490583297016358};-272.381177202346;53.900266527637086
17358;-82.2903220735360;(((pow2((-(((((_a5_ * _a4_) * x) / _a6_) + _a4_)) * _a3_)) + -(_a4_)) / _a1_) * x);{'d0': {'_a1_': 0.7239292481627504, '_a3_': 0.4657117206924275, '_a4_': -1.0472187409006342, '_a5_': 3.5512438950522804e+23, '_a6_': 1.107738470068826e+23, '_a0_': 1.0, '_a2_': 1.0, '_a7_': 1.0}};{'d0': 0.02490583297016358};-272.381177202346;53.900266527637086
17359;-103.159914093536;(((_a6_ + (((x + _a5_) * x) * _a1_)) * (_a5_ + _a1_)) * x);{'d0': {'_a1_': 1.5519536097295155, '_a5_': 0.6238594153487517, '_a6_': 0.8158492404145078, '_a0_': 1.0, '_a2_': 1.0, '_a3_': 1.0, '_a4_': 1.0, '_a7_': 1.0}};{'d0': 0.024905832919416622};-280.569866449044;37.12501913098601
17360;-103.159914093536;(((_a6_ + (((x + _a5_) * x) * _a1_)) * (_a5_ + _a1_)) * x);{'d0': {'_a1_': 1.5519536097295155, '_a5_': 0.6238594153487517, '_a6_': 0.8158492404145078, '_a0_': 1.0, '_a2_': 1.0, '_a3_': 1.0, '_a4_': 1.0, '_a7_': 1.0}};{'d0': 0.024905832919416622};-280.569866449044;37.12501913098601
17361;-103.159914093536;(((_a6_ + (((x + _a5_) * x) * _a1_)) * (_a5_ + _a1_)) * x);{'d0': {'_a1_': 1.5519536097295155, '_a5_': 0.6238594153487517, '_a6_': 0.8158492404145078, '_a0_': 1.0, '_a2_': 1.0, '_a3_': 1.0, '_a4_': 1.0, '_a7_': 1.0}};{'d0': 0.024905832919416622};-280.569866449044;37.12501913098601
17362;-103.159914093536;(((_a6_ + (((x + _a5_) * x) * _a1_)) * (_a5_ + _a1_)) * x);{'d0': {'_a1_': 1.5519536097295155, '_a5_': 0.6238594153487517, '_a6_': 0.8158492404145078, '_a0_': 1.0, '_a2_': 1.0, '_a3_': 1.0, '_a4_': 1.0, '_a7_': 1.0}};{'d0': 0.024905832919416622};-280.569866449044;37.12501913098601
17363;-103.159914093536;(((_a6_ + (((x + _a5_) * x) * _a1_)) * (_a5_ + _a1_)) * x);{'d0': {'_a1_': 1.5519536097295155, '_a5_': 0.6238594153487517, '_a6_': 0.8158492404145078, '_a0_': 1.0, '_a2_': 1.0, '_a3_': 1.0, '_a4_': 1.0, '_a7_': 1.0}};{'d0': 0.024905832919416622};-280.569866449044;37.12501913098601
17364;-103.159914093536;(((_a6_ + (((x + _a5_) * x) * _a1_)) * (_a5_ + _a1_)) * x);{'d0': {'_a1_': 1.5519536097295155, '_a5_': 0.6238594153487517, '_a6_': 0.8158492404145078, '_a0_': 1.0, '_a2_': 1.0, '_a3_': 1.0, '_a4_': 1.0, '_a7_': 1.0}};{'d0': 0.024905832919416622};-280.569866449044;37.12501913098601
17365;-103.159914093536;(((_a6_ + (((x + _a5_) * x) * _a1_)) * (_a5_ + _a1_)) * x);{'d0': {'_a1_': 1.5519536097295155, '_a5_': 0.6238594153487517, '_a6_': 0.8158492404145078, '_a0_': 1.0, '_a2_': 1.0, '_a3_': 1.0, '_a4_': 1.0, '_a7_': 1.0}};{'d0': 0.024905832919416622};-280.569866449044;37.12501913098601
17366;-102.308962252590;(((_a6_ + (((x + _a5_) * x) / _a1_)) * (_a5_ + _a1_)) * x);{'d0': {'_a1_': 0.26248303777998166, '_a5_': 0.6238594155830213, '_a6_': 2.002764729924883, '_a0_': 1.0, '_a2_': 1.0, '_a3_': 1.0, '_a4_': 1.0, '_a7_': 1.0}};{'d0': 0.0249058329194166};-280.569866449044;37.97597097193141
17367;-102.308962252590;(((_a6_ + (((x + _a5_) * x) / _a1_)) * (_a5_ + _a1_)) * x);{'d0': {'_a1_': 0.26248303777998166, '_a5_': 0.6238594155830213, '_a6_': 2.002764729924883, '_a0_': 1.0, '_a2_': 1.0, '_a3_': 1.0, '_a4_': 1.0, '_a7_': 1.0}};{'d0': 0.0249058329194166};-280.569866449044;37.97597097193141
17368;-103.159914093536;(((_a6_ + (((x + _a5_) * x) * _a1_)) * (_a5_ + _a1_)) * x);{'d0': {'_a1_': 1.5519536097295155, '_a5_': 0.6238594153487517, '_a6_': 0.8158492404145078, '_a0_': 1.0, '_a2_': 1.0, '_a3_': 1.0, '_a4_': 1.0, '_a7_': 1.0}};{'d0': 0.024905832919416622};-280.569866449044;37.12501913098601
17369;-103.159914093536;(((_a6_ + (((x + _a5_) * x) * _a1_)) * (_a5_ + _a1_)) * x);{'d0': {'_a1_': 1.5519536097295155, '_a5_': 0.6238594153487517, '_a6_': 0.8158492404145078, '_a0_': 1.0, '_a2_': 1.0, '_a3_': 1.0, '_a4_': 1.0, '_a7_': 1.0}};{'d0': 0.024905832919416622};-280.569866449044;37.12501913098601
17370;-103.159914093536;(((_a6_ + (((x + _a5_) * x) * _a1_)) * (_a5_ + _a1_)) * x);{'d0': {'_a1_': 1.5519536097295155, '_a5_': 0.6238594153487517, '_a6_': 0.8158492404145078, '_a0_': 1.0, '_a2_': 1.0, '_a3_': 1.0, '_a4_': 1.0, '_a7_': 1.0}};{'d0': 0.024905832919416622};-280.569866449044;37.12501913098601
17371;-103.159914093536;(((_a6_ + (((x + _a5_) * x) * _a1_)) * (_a5_ + _a1_)) * x);{'d0': {'_a1_': 1.5519536097295155, '_a5_': 0.6238594153487517, '_a6_': 0.8158492404145078, '_a0_': 1.0, '_a2_': 1.0, '_a3_': 1.0, '_a4_': 1.0, '_a7_': 1.0}};{'d0': 0.024905832919416622};-280.569866449044;37.12501913098601
17372;-103.159914093536;(((_a6_ + (((x + _a5_) * x) * _a1_)) * (_a5_ + _a1_)) * x);{'d0': {'_a1_': 1.5519536097295155, '_a5_': 0.6238594153487517, '_a6_': 0.8158492404145078, '_a0_': 1.0, '_a2_': 1.0, '_a3_': 1.0, '_a4_': 1.0, '_a7_': 1.0}};{'d0': 0.024905832919416622};-280.569866449044;37.12501913098601
17373;-103.159914093536;(((_a6_ + (((x + _a5_) * x) * _a1_)) * (_a5_ + _a1_)) * x);{'d0': {'_a1_': 1.5519536097295155, '_a5_': 0.6238594153487517, '_a6_': 0.8158492404145078, '_a0_': 1.0, '_a2_': 1.0, '_a3_': 1.0, '_a4_': 1.0, '_a7_': 1.0}};{'d0': 0.024905832919416622};-280.569866449044;37.12501913098601
17374;-103.159914093536;(((_a6_ + (((x + _a5_) * x) * _a1_)) * (_a5_ + _a1_)) * x);{'d0': {'_a1_': 1.5519536097295155, '_a5_': 0.6238594153487517, '_a6_': 0.8158492404145078, '_a0_': 1.0, '_a2_': 1.0, '_a3_': 1.0, '_a4_': 1.0, '_a7_': 1.0}};{'d0': 0.024905832919416622};-280.569866449044;37.12501913098601
17375;-103.159914093536;(((_a6_ + (((x + _a5_) * x) * _a1_)) * (_a5_ + _a1_)) * x);{'d0': {'_a1_': 1.5519536097295155, '_a5_': 0.6238594153487517, '_a6_': 0.8158492404145078, '_a0_': 1.0, '_a2_': 1.0, '_a3_': 1.0, '_a4_': 1.0, '_a7_': 1.0}};{'d0': 0.024905832919416622};-280.569866449044;37.12501913098601
17376;-103.159914093536;(((_a6_ + (((x + _a5_) * x) * _a1_)) * (_a5_ + _a1_)) * x);{'d0': {'_a1_': 1.5519536097295155, '_a5_': 0.6238594153487517, '_a6_': 0.8158492404145078, '_a0_': 1.0, '_a2_': 1.0, '_a3_': 1.0, '_a4_': 1.0, '_a7_': 1.0}};{'d0': 0.024905832919416622};-280.569866449044;37.12501913098601
17377;-103.159914093536;(((_a6_ + (((x + _a5_) * x) * _a1_)) * (_a5_ + _a1_)) * x);{'d0': {'_a1_': 1.5519536097295155, '_a5_': 0.6238594153487517, '_a6_': 0.8158492404145078, '_a0_': 1.0, '_a2_': 1.0, '_a3_': 1.0, '_a4_': 1.0, '_a7_': 1.0}};{'d0': 0.024905832919416622};-280.569866449044;37.12501913098601
17378;-104.531628829011;((((pow2((_a7_ * x)) * _a1_) + _a1_) + (x / _a3_)) * x);{'d0': {'_a1_': 1.7751354045865366, '_a3_': 0.4746931429405462, '_a7_': 1.3792227456928967, '_a0_': 1.0, '_a2_': 1.0, '_a4_': 1.0, '_a5_': 1.0, '_a6_': 1.0}};{'d0': 0.02490583291941658};-280.569866449044;35.75330439551142
17379;-104.531628829011;((((pow2((_a7_ * x)) * _a1_) + _a1_) + (x / _a3_)) * x);{'d0': {'_a1_': 1.7751354045865366, '_a3_': 0.4746931429405462, '_a7_': 1.3792227456928967, '_a0_': 1.0, '_a2_': 1.0, '_a4_': 1.0, '_a5_': 1.0, '_a6_': 1.0}};{'d0': 0.02490583291941658};-280.569866449044;35.75330439551142
17380;-104.531628829011;((((pow2((_a7_ * x)) * _a1_) + _a1_) + (x / _a3_)) * x);{'d0': {'_a1_': 1.7751354045865366, '_a3_': 0.4746931429405462, '_a7_': 1.3792227456928967, '_a0_': 1.0, '_a2_': 1.0, '_a4_': 1.0, '_a5_': 1.0, '_a6_': 1.0}};{'d0': 0.02490583291941658};-280.569866449044;35.75330439551142
17381;-104.531628829011;((((pow2((_a7_ * x)) * _a1_) + _a1_) + (x / _a3_)) * x);{'d0': {'_a1_': 1.7751354045865366, '_a3_': 0.4746931429405462, '_a7_': 1.3792227456928967, '_a0_': 1.0, '_a2_': 1.0, '_a4_': 1.0, '_a5_': 1.0, '_a6_': 1.0}};{'d0': 0.02490583291941658};-280.569866449044;35.75330439551142
17382;-104.531628829011;((((pow2((_a7_ * x)) * _a1_) + _a1_) + (x / _a3_)) * x);{'d0': {'_a1_': 1.7751354045865366, '_a3_': 0.4746931429405462, '_a7_': 1.3792227456928967, '_a0_': 1.0, '_a2_': 1.0, '_a4_': 1.0, '_a5_': 1.0, '_a6_': 1.0}};{'d0': 0.02490583291941658};-280.569866449044;35.75330439551142
17383;-104.531628829011;((((pow2((_a7_ * x)) * _a1_) + _a1_) + (x / _a3_)) * x);{'d0': {'_a1_': 1.7751354045865366, '_a3_': 0.4746931429405462, '_a7_': 1.3792227456928967, '_a0_': 1.0, '_a2_': 1.0, '_a4_': 1.0, '_a5_': 1.0, '_a6_': 1.0}};{'d0': 0.02490583291941658};-280.569866449044;35.75330439551142
17384;-104.531628829011;((((pow2((_a7_ * x)) * _a1_) + _a1_) + (x / _a3_)) * x);{'d0': {'_a1_': 1.7751354045865366, '_a3_': 0.4746931429405462, '_a7_': 1.3792227456928967, '_a0_': 1.0, '_a2_': 1.0, '_a4_': 1.0, '_a5_': 1.0, '_a6_': 1.0}};{'d0': 0.02490583291941658};-280.569866449044;35.75330439551142
17385;-104.531628829011;((((pow2((_a7_ * x)) * _a1_) + _a1_) + (x / _a3_)) * x);{'d0': {'_a1_': 1.7751354045865366, '_a3_': 0.4746931429405462, '_a7_': 1.3792227456928967, '_a0_': 1.0, '_a2_': 1.0, '_a4_': 1.0, '_a5_': 1.0, '_a6_': 1.0}};{'d0': 0.02490583291941658};-280.569866449044;35.75330439551142
17386;-104.531628829011;((((pow2((_a7_ * x)) * _a1_) + _a1_) + (x / _a3_)) * x);{'d0': {'_a1_': 1.7751354045865366, '_a3_': 0.4746931429405462, '_a7_': 1.3792227456928967, '_a0_': 1.0, '_a2_': 1.0, '_a4_': 1.0, '_a5_': 1.0, '_a6_': 1.0}};{'d0': 0.02490583291941658};-280.569866449044;35.75330439551142
17387;-104.531628829011;((((pow2((_a7_ * x)) * _a1_) + _a1_) + (x / _a3_)) * x);{'d0': {'_a1_': 1.7751354045865366, '_a3_': 0.4746931429405462, '_a7_': 1.3792227456928967, '_a0_': 1.0, '_a2_': 1.0, '_a4_': 1.0, '_a5_': 1.0, '_a6_': 1.0}};{'d0': 0.02490583291941658};-280.569866449044;35.75330439551142
17388;-104.531628829011;((((pow2((_a7_ * x)) * _a1_) + _a1_) + (x / _a3_)) * x);{'d0': {'_a1_': 1.7751354045865366, '_a3_': 0.4746931429405462, '_a7_': 1.3792227456928967, '_a0_': 1.0, '_a2_': 1.0, '_a4_': 1.0, '_a5_': 1.0, '_a6_': 1.0}};{'d0': 0.02490583291941658};-280.569866449044;35.75330439551142
17389;-104.531628829011;((((pow2((_a7_ * x)) * _a1_) + _a1_) + (x / _a3_)) * x);{'d0': {'_a1_': 1.7751354045865366, '_a3_': 0.4746931429405462, '_a7_': 1.3792227456928967, '_a0_': 1.0, '_a2_': 1.0, '_a4_': 1.0, '_a5_': 1.0, '_a6_': 1.0}};{'d0': 0.02490583291941658};-280.569866449044;35.75330439551142
17390;-104.531628829011;((((pow2((_a7_ * x)) * _a1_) + _a1_) + (x / _a3_)) * x);{'d0': {'_a1_': 1.7751354045865366, '_a3_': 0.4746931429405462, '_a7_': 1.3792227456928967, '_a0_': 1.0, '_a2_': 1.0, '_a4_': 1.0, '_a5_': 1.0, '_a6_': 1.0}};{'d0': 0.02490583291941658};-280.569866449044;35.75330439551142
17391;-104.531628829011;((((pow2((_a7_ * x)) * _a1_) + _a1_) + (x / _a3_)) * x);{'d0': {'_a1_': 1.7751354045865366, '_a3_': 0.4746931429405462, '_a7_': 1.3792227456928967, '_a0_': 1.0, '_a2_': 1.0, '_a4_': 1.0, '_a5_': 1.0, '_a6_': 1.0}};{'d0': 0.02490583291941658};-280.569866449044;35.75330439551142
17392;-77.2686249226869;(((pow2((-(((((_a5_ * _a6_) * x) / _a6_) + _a3_)) * _a1_)) + -((_a1_ * _a0_))) / _a1_) * x);{'d0': {'_a0_': -1.4465760894398072, '_a1_': 4.272406519520769, '_a3_': -0.2773132278955348, '_a5_': -0.8890247418092792, '_a2_': 1.0, '_a4_': 1.0, '_a6_': 1.0, '_a7_': 1.0}};{'d0': 0.024905832919579925};-272.381177324206;58.921963739416086
17393;-84.3374944157736;(((pow2((-(((((_a5_ * _a6_) * x) / _a6_) + _a3_)) * _a1_)) + -(_a5_)) / _a1_) * x);{'d0': {'_a1_': 1.172931314074489, '_a3_': -0.529261863659112, '_a5_': -1.6967343937017245, '_a0_': 1.0, '_a2_': 1.0, '_a4_': 1.0, '_a6_': 1.0, '_a7_': 1.0}};{'d0': 0.024905832919416688};-276.475521886821;53.900266527637086
17394;-84.3374944157736;(((pow2((-(((((_a5_ * _a6_) * x) / _a6_) + _a3_)) * _a1_)) + -(_a5_)) / _a1_) * x);{'d0': {'_a1_': 1.172931314074489, '_a3_': -0.529261863659112, '_a5_': -1.6967343937017245, '_a0_': 1.0, '_a2_': 1.0, '_a4_': 1.0, '_a6_': 1.0, '_a7_': 1.0}};{'d0': 0.024905832919416688};-276.475521886821;53.900266527637086
17395;-85.1530200121418;(((pow2((-(((((_a5_ * _a6_) * x) / _a6_) + _a3_)) * _a1_)) + -(_a5_)) * _a1_) * x);{'d0': {'_a1_': 1.6136812196606332, '_a3_': -0.2796277546318776, '_a5_': -0.8964447686456766, '_a0_': 1.0, '_a2_': 1.0, '_a4_': 1.0, '_a6_': 1.0, '_a7_': 1.0}};{'d0': 0.024905832919416688};-276.475521886821;53.08474093126889
17396;-85.1530200121418;(((pow2((-(((((_a5_ * _a6_) * x) / _a6_) + _a3_)) * _a1_)) + -(_a5_)) * _a1_) * x);{'d0': {'_a1_': 1.6136812196606332, '_a3_': -0.2796277546318776, '_a5_': -0.8964447686456766, '_a0_': 1.0, '_a2_': 1.0, '_a4_': 1.0, '_a6_': 1.0, '_a7_': 1.0}};{'d0': 0.024905832919416688};-276.475521886821;53.08474093126889
17397;-85.1530200121418;(((pow2((-(((((_a5_ * _a6_) * x) / _a6_) + _a3_)) * _a1_)) + -(_a5_)) * _a1_) * x);{'d0': {'_a1_': 1.6136812196606332, '_a3_': -0.2796277546318776, '_a5_': -0.8964447686456766, '_a0_': 1.0, '_a2_': 1.0, '_a4_': 1.0, '_a6_': 1.0, '_a7_': 1.0}};{'d0': 0.024905832919416688};-276.475521886821;53.08474093126889
17398;-85.1530200121418;(((pow2((-(((((_a5_ * _a6_) * x) / _a6_) + _a3_)) * _a1_)) + -(_a5_)) * _a1_) * x);{'d0': {'_a1_': 1.6136812196606332, '_a3_': -0.2796277546318776, '_a5_': -0.8964447686456766, '_a0_': 1.0, '_a2_': 1.0, '_a4_': 1.0, '_a6_': 1.0, '_a7_': 1.0}};{'d0': 0.024905832919416688};-276.475521886821;53.08474093126889
17399;-85.1530200121418;(((pow2((-(((((_a5_ * _a6_) * x) / _a6_) + _a3_)) * _a1_)) + -(_a5_)) * _a1_) * x);{'d0': {'_a1_': 1.6136812196606332, '_a3_': -0.2796277546318776, '_a5_': -0.8964447686456766, '_a0_': 1.0, '_a2_': 1.0, '_a4_': 1.0, '_a6_': 1.0, '_a7_': 1.0}};{'d0': 0.024905832919416688};-276.475521886821;53.08474093126889
17400;-90.1747172239209;(((pow2((-((((_a6_ * x) / _a6_) + _a3_)) * _a1_)) + -(_a5_)) * _a1_) * x);{'d0': {'_a1_': 1.5002608254985796, '_a3_': 0.31192970780041224, '_a5_': -0.9642163981051765, '_a0_': 1.0, '_a2_': 1.0, '_a4_': 1.0, '_a6_': 1.0, '_a7_': 1.0}};{'d0': 0.024905832919416587};-276.475521886822;48.06304371948989
17401;-88.1275449423197;(((pow2((-((((_a6_ * x) / _a6_) + _a3_)) * _a4_)) + -(_a5_)) * _a1_) * x);{'d0': {'_a1_': 1.889782866718711, '_a3_': 0.31192970785961444, '_a4_': 1.3367315170866056, '_a5_': -0.7654720579353114, '_a0_': 1.0, '_a2_': 1.0, '_a6_': 1.0, '_a7_': 1.0}};{'d0': 0.024905832919823522};-272.381177323619;48.06304371948989
17402;-88.1275449423197;(((pow2((-((((_a6_ * x) / _a6_) + _a3_)) * _a4_)) + -(_a5_)) * _a1_) * x);{'d0': {'_a1_': 1.889782866718711, '_a3_': 0.31192970785961444, '_a4_': 1.3367315170866056, '_a5_': -0.7654720579353114, '_a0_': 1.0, '_a2_': 1.0, '_a6_': 1.0, '_a7_': 1.0}};{'d0': 0.024905832919823522};-272.381177323619;48.06304371948989
17403;-104.531628829011;((((pow2((_a7_ * x)) * _a1_) + _a1_) + (x / _a3_)) * x);{'d0': {'_a1_': 1.7751354045865366, '_a3_': 0.4746931429405462, '_a7_': 1.3792227456928967, '_a0_': 1.0, '_a2_': 1.0, '_a4_': 1.0, '_a5_': 1.0, '_a6_': 1.0}};{'d0': 0.02490583291941658};-280.569866449044;35.75330439551142
17404;-99.5822889035536;((((pow2((_a7_ * x)) * _a1_) + _a1_) + (x / (_a4_ * _a1_))) * x);{'d0': {'_a1_': 1.7751354042020662, '_a4_': 0.26741235746238073, '_a7_': 1.3792227457666189, '_a0_': 1.0, '_a2_': 1.0, '_a3_': 1.0, '_a5_': 1.0, '_a6_': 1.0}};{'d0': 0.024905832919416598};-280.569866449044;40.70264432096842
17405;-99.5822889035536;((((pow2((_a7_ * x)) * _a1_) + _a1_) + (x / (_a4_ * _a1_))) * x);{'d0': {'_a1_': 1.7751354042020662, '_a4_': 0.26741235746238073, '_a7_': 1.3792227457666189, '_a0_': 1.0, '_a2_': 1.0, '_a3_': 1.0, '_a5_': 1.0, '_a6_': 1.0}};{'d0': 0.024905832919416598};-280.569866449044;40.70264432096842
17406;-99.5822889035536;((((pow2((_a7_ * x)) * _a1_) + _a1_) + (x / (_a4_ * _a1_))) * x);{'d0': {'_a1_': 1.7751354042020662, '_a4_': 0.26741235746238073, '_a7_': 1.3792227457666189, '_a0_': 1.0, '_a2_': 1.0, '_a3_': 1.0, '_a5_': 1.0, '_a6_': 1.0}};{'d0': 0.024905832919416598};-280.569866449044;40.70264432096842
17407;-99.5822889035536;((((pow2((_a7_ * x)) * _a1_) + _a1_) + (x / (_a4_ * _a1_))) * x);{'d0': {'_a1_': 1.7751354042020662, '_a4_': 0.26741235746238073, '_a7_': 1.3792227457666189, '_a0_': 1.0, '_a2_': 1.0, '_a3_': 1.0, '_a5_': 1.0, '_a6_': 1.0}};{'d0': 0.024905832919416598};-280.569866449044;40.70264432096842
17408;-99.5822889035536;((((pow2((_a7_ * x)) * _a1_) + _a1_) + (x / (_a4_ * _a1_))) * x);{'d0': {'_a1_': 1.7751354042020662, '_a4_': 0.26741235746238073, '_a7_': 1.3792227457666189, '_a0_': 1.0, '_a2_': 1.0, '_a3_': 1.0, '_a5_': 1.0, '_a6_': 1.0}};{'d0': 0.024905832919416598};-280.569866449044;40.70264432096842
17409;-99.5822889035536;((((pow2((_a7_ * x)) * _a1_) + _a1_) + (x / (_a4_ * _a1_))) * x);{'d0': {'_a1_': 1.7751354042020662, '_a4_': 0.26741235746238073, '_a7_': 1.3792227457666189, '_a0_': 1.0, '_a2_': 1.0, '_a3_': 1.0, '_a5_': 1.0, '_a6_': 1.0}};{'d0': 0.024905832919416598};-280.569866449044;40.70264432096842
17410;-99.5822889035536;((((pow2((_a7_ * x)) * _a1_) + _a1_) + (x / (_a4_ * _a1_))) * x);{'d0': {'_a1_': 1.7751354042020662, '_a4_': 0.26741235746238073, '_a7_': 1.3792227457666189, '_a0_': 1.0, '_a2_': 1.0, '_a3_': 1.0, '_a5_': 1.0, '_a6_': 1.0}};{'d0': 0.024905832919416598};-280.569866449044;40.70264432096842
17411;-99.5822889035536;((((pow2((_a7_ * x)) * _a1_) + _a1_) + (x / (_a4_ * _a1_))) * x);{'d0': {'_a1_': 1.7751354042020662, '_a4_': 0.26741235746238073, '_a7_': 1.3792227457666189, '_a0_': 1.0, '_a2_': 1.0, '_a3_': 1.0, '_a5_': 1.0, '_a6_': 1.0}};{'d0': 0.024905832919416598};-280.569866449044;40.70264432096842
17412;-99.5822889035536;((((pow2((_a7_ * x)) * _a1_) + _a1_) + (x / (_a4_ * _a1_))) * x);{'d0': {'_a1_': 1.7751354042020662, '_a4_': 0.26741235746238073, '_a7_': 1.3792227457666189, '_a0_': 1.0, '_a2_': 1.0, '_a3_': 1.0, '_a5_': 1.0, '_a6_': 1.0}};{'d0': 0.024905832919416598};-280.569866449044;40.70264432096842
17413;-99.5822889035536;((((pow2((_a7_ * x)) * _a1_) + _a1_) + (x / (_a4_ * _a1_))) * x);{'d0': {'_a1_': 1.7751354042020662, '_a4_': 0.26741235746238073, '_a7_': 1.3792227457666189, '_a0_': 1.0, '_a2_': 1.0, '_a3_': 1.0, '_a5_': 1.0, '_a6_': 1.0}};{'d0': 0.024905832919416598};-280.569866449044;40.70264432096842
17414;-99.5822889035536;((((pow2((_a7_ * x)) * _a1_) + _a1_) + (x / (_a4_ * _a1_))) * x);{'d0': {'_a1_': 1.7751354042020662, '_a4_': 0.26741235746238073, '_a7_': 1.3792227457666189, '_a0_': 1.0, '_a2_': 1.0, '_a3_': 1.0, '_a5_': 1.0, '_a6_': 1.0}};{'d0': 0.024905832919416598};-280.569866449044;40.70264432096842
17415;-99.5822889035536;((((pow2((_a7_ * x)) * _a1_) + _a1_) + (x / (_a4_ * _a1_))) * x);{'d0': {'_a1_': 1.7751354042020662, '_a4_': 0.26741235746238073, '_a7_': 1.3792227457666189, '_a0_': 1.0, '_a2_': 1.0, '_a3_': 1.0, '_a5_': 1.0, '_a6_': 1.0}};{'d0': 0.024905832919416598};-280.569866449044;40.70264432096842
17416;-99.5822889035536;((((pow2((_a7_ * x)) * _a1_) + _a1_) + (x / (_a4_ * _a1_))) * x);{'d0': {'_a1_': 1.7751354042020662, '_a4_': 0.26741235746238073, '_a7_': 1.3792227457666189, '_a0_': 1.0, '_a2_': 1.0, '_a3_': 1.0, '_a5_': 1.0, '_a6_': 1.0}};{'d0': 0.024905832919416598};-280.569866449044;40.70264432096842
17417;-99.5822889035536;((((pow2((_a7_ * x)) * _a1_) + _a1_) + (x / (_a4_ * _a1_))) * x);{'d0': {'_a1_': 1.7751354042020662, '_a4_': 0.26741235746238073, '_a7_': 1.3792227457666189, '_a0_': 1.0, '_a2_': 1.0, '_a3_': 1.0, '_a5_': 1.0, '_a6_': 1.0}};{'d0': 0.024905832919416598};-280.569866449044;40.70264432096842
17418;-99.5822889035536;((((pow2((_a7_ * x)) * _a1_) + _a1_) + (x / (_a4_ * _a1_))) * x);{'d0': {'_a1_': 1.7751354042020662, '_a4_': 0.26741235746238073, '_a7_': 1.3792227457666189, '_a0_': 1.0, '_a2_': 1.0, '_a3_': 1.0, '_a5_': 1.0, '_a6_': 1.0}};{'d0': 0.024905832919416598};-280.569866449044;40.70264432096842
17419;-99.5822889035536;((((pow2((_a7_ * x)) * _a1_) + _a1_) + (x / (_a4_ * _a1_))) * x);{'d0': {'_a1_': 1.7751354042020662, '_a4_': 0.26741235746238073, '_a7_': 1.3792227457666189, '_a0_': 1.0, '_a2_': 1.0, '_a3_': 1.0, '_a5_': 1.0, '_a6_': 1.0}};{'d0': 0.024905832919416598};-280.569866449044;40.70264432096842
17420;-99.5822889035536;((((pow2((_a7_ * x)) * _a1_) + _a1_) + (x / (_a4_ * _a1_))) * x);{'d0': {'_a1_': 1.7751354042020662, '_a4_': 0.26741235746238073, '_a7_': 1.3792227457666189, '_a0_': 1.0, '_a2_': 1.0, '_a3_': 1.0, '_a5_': 1.0, '_a6_': 1.0}};{'d0': 0.024905832919416598};-280.569866449044;40.70264432096842
17421;-99.5822889035536;((((pow2((_a7_ * x)) * _a1_) + _a1_) + (x / (_a4_ * _a1_))) * x);{'d0': {'_a1_': 1.7751354042020662, '_a4_': 0.26741235746238073, '_a7_': 1.3792227457666189, '_a0_': 1.0, '_a2_': 1.0, '_a3_': 1.0, '_a5_': 1.0, '_a6_': 1.0}};{'d0': 0.024905832919416598};-280.569866449044;40.70264432096842
17422;-99.5822889035536;((((pow2((_a7_ * x)) * _a1_) + _a1_) + (x / (_a4_ * _a1_))) * x);{'d0': {'_a1_': 1.7751354042020662, '_a4_': 0.26741235746238073, '_a7_': 1.3792227457666189, '_a0_': 1.0, '_a2_': 1.0, '_a3_': 1.0, '_a5_': 1.0, '_a6_': 1.0}};{'d0': 0.024905832919416598};-280.569866449044;40.70264432096842
17423;-99.5822889035536;((((pow2((_a7_ * x)) * _a1_) + _a1_) + (x / (_a4_ * _a1_))) * x);{'d0': {'_a1_': 1.7751354042020662, '_a4_': 0.26741235746238073, '_a7_': 1.3792227457666189, '_a0_': 1.0, '_a2_': 1.0, '_a3_': 1.0, '_a5_': 1.0, '_a6_': 1.0}};{'d0': 0.024905832919416598};-280.569866449044;40.70264432096842
17424;-99.5822889035536;((((pow2((_a7_ * x)) * _a1_) + _a1_) + (x / (_a4_ * _a1_))) * x);{'d0': {'_a1_': 1.7751354042020662, '_a4_': 0.26741235746238073, '_a7_': 1.3792227457666189, '_a0_': 1.0, '_a2_': 1.0, '_a3_': 1.0, '_a5_': 1.0, '_a6_': 1.0}};{'d0': 0.024905832919416598};-280.569866449044;40.70264432096842
17425;-99.5822889035536;((((pow2((_a7_ * x)) * _a1_) + _a1_) + (x / (_a4_ * _a1_))) * x);{'d0': {'_a1_': 1.7751354042020662, '_a4_': 0.26741235746238073, '_a7_': 1.3792227457666189, '_a0_': 1.0, '_a2_': 1.0, '_a3_': 1.0, '_a5_': 1.0, '_a6_': 1.0}};{'d0': 0.024905832919416598};-280.569866449044;40.70264432096842
17426;-99.5822889035536;((((pow2((_a7_ * x)) * _a1_) + _a1_) + (x / (_a4_ * _a1_))) * x);{'d0': {'_a1_': 1.7751354042020662, '_a4_': 0.26741235746238073, '_a7_': 1.3792227457666189, '_a0_': 1.0, '_a2_': 1.0, '_a3_': 1.0, '_a5_': 1.0, '_a6_': 1.0}};{'d0': 0.024905832919416598};-280.569866449044;40.70264432096842
17427;-99.5822889035536;((((pow2((_a7_ * x)) * _a1_) + _a1_) + (x / (_a4_ * _a1_))) * x);{'d0': {'_a1_': 1.7751354042020662, '_a4_': 0.26741235746238073, '_a7_': 1.3792227457666189, '_a0_': 1.0, '_a2_': 1.0, '_a3_': 1.0, '_a5_': 1.0, '_a6_': 1.0}};{'d0': 0.024905832919416598};-280.569866449044;40.70264432096842
17428;-100.360883458177;((((pow2((_a7_ * x)) * _a1_) + _a1_) + (x * (_a4_ * _a1_))) * x);{'d0': {'_a1_': 1.7751354043836798, '_a4_': 1.186739931418476, '_a7_': 1.3792227459038298, '_a0_': 1.0, '_a2_': 1.0, '_a3_': 1.0, '_a5_': 1.0, '_a6_': 1.0}};{'d0': 0.024905832919416646};-280.569866449044;39.92404976634502
17429;-93.2196566789649;((((pow2((_a7_ * (x * _a3_))) * _a1_) + _a1_) + (x * (_a4_ * _a1_))) * x);{'d0': {'_a1_': 1.7751354043836798, '_a3_': 1.0, '_a4_': 1.186739931418476, '_a7_': 1.3792227459038298, '_a0_': 1.0, '_a2_': 1.0, '_a5_': 1.0, '_a6_': 1.0}};{'d0': 0.024905832919416646};-276.475521886821;45.01810426444602
17430;-93.2196566771561;((((pow2((_a7_ * (x * _a3_))) * _a1_) + _a7_) + (x * (_a4_ * _a1_))) * x);{'d0': {'_a1_': 1.392691448218745, '_a3_': 0.8771848113244124, '_a4_': 1.512626975997452, '_a7_': 1.7751354040909362, '_a0_': 1.0, '_a2_': 1.0, '_a5_': 1.0, '_a6_': 1.0}};{'d0': 0.024905832920918306};-276.475521883204;45.01810426444602
17431;-95.2668289600760;((((pow2((_a7_ * (x * _a7_))) * _a1_) + _a7_) + (x * (_a4_ * _a1_))) * x);{'d0': {'_a1_': 0.3400747336615338, '_a4_': 6.1945915398447084, '_a7_': 1.7751354020981487, '_a0_': 1.0, '_a2_': 1.0, '_a3_': 1.0, '_a5_': 1.0, '_a6_': 1.0}};{'d0': 0.02490583291941657};-280.569866449044;45.01810426444602
17432;-95.2668289600760;((((pow2((_a7_ * (x * _a7_))) * _a1_) + _a7_) + (x * (_a4_ * _a1_))) * x);{'d0': {'_a1_': 0.3400747336615338, '_a4_': 6.1945915398447084, '_a7_': 1.7751354020981487, '_a0_': 1.0, '_a2_': 1.0, '_a3_': 1.0, '_a5_': 1.0, '_a6_': 1.0}};{'d0': 0.02490583291941657};-280.569866449044;45.01810426444602
17433;-95.2668289600760;((((pow2((_a7_ * (x * _a7_))) * _a1_) + _a7_) + (x * (_a4_ * _a1_))) * x);{'d0': {'_a1_': 0.3400747336615338, '_a4_': 6.1945915398447084, '_a7_': 1.7751354020981487, '_a0_': 1.0, '_a2_': 1.0, '_a3_': 1.0, '_a5_': 1.0, '_a6_': 1.0}};{'d0': 0.02490583291941657};-280.569866449044;45.01810426444602
17434;-106.651973435152;(_a6_ * ((x * pow2((_a3_ * (-(x) + _a2_)))) + x));{'d0': {'_a2_': -0.31192970766946565, '_a3_': 1.527845758421391, '_a6_': 1.4465760886893961, '_a0_': 1.0, '_a1_': 1.0, '_a4_': 1.0, '_a5_': 1.0, '_a7_': 1.0}};{'d0': 0.024905832919416598};-280.569866449044;33.63295978936943
17435;-95.2668289600760;((((pow2((_a7_ * (x * _a7_))) * _a1_) + _a7_) + (x * (_a4_ * _a1_))) * x);{'d0': {'_a1_': 0.3400747336615338, '_a4_': 6.1945915398447084, '_a7_': 1.7751354020981487, '_a0_': 1.0, '_a2_': 1.0, '_a3_': 1.0, '_a5_': 1.0, '_a6_': 1.0}};{'d0': 0.02490583291941657};-280.569866449044;45.01810426444602
17436;-95.2668289600760;((((pow2((_a7_ * (x * _a7_))) * _a1_) + _a7_) + (x * (_a4_ * _a1_))) * x);{'d0': {'_a1_': 0.3400747336615338, '_a4_': 6.1945915398447084, '_a7_': 1.7751354020981487, '_a0_': 1.0, '_a2_': 1.0, '_a3_': 1.0, '_a5_': 1.0, '_a6_': 1.0}};{'d0': 0.02490583291941657};-280.569866449044;45.01810426444602
17437;-95.2668289600760;((((pow2((_a7_ * (x * _a7_))) * _a1_) + _a7_) + (x * (_a4_ * _a1_))) * x);{'d0': {'_a1_': 0.3400747336615338, '_a4_': 6.1945915398447084, '_a7_': 1.7751354020981487, '_a0_': 1.0, '_a2_': 1.0, '_a3_': 1.0, '_a5_': 1.0, '_a6_': 1.0}};{'d0': 0.02490583291941657};-280.569866449044;45.01810426444602
17438;-95.2668289600760;((((pow2((_a7_ * (x * _a7_))) * _a1_) + _a7_) + (x * (_a4_ * _a1_))) * x);{'d0': {'_a1_': 0.3400747336615338, '_a4_': 6.1945915398447084, '_a7_': 1.7751354020981487, '_a0_': 1.0, '_a2_': 1.0, '_a3_': 1.0, '_a5_': 1.0, '_a6_': 1.0}};{'d0': 0.02490583291941657};-280.569866449044;45.01810426444602
17439;-95.2668289600760;((((pow2((_a7_ * (x * _a7_))) * _a1_) + _a7_) + (x * (_a4_ * _a1_))) * x);{'d0': {'_a1_': 0.3400747336615338, '_a4_': 6.1945915398447084, '_a7_': 1.7751354020981487, '_a0_': 1.0, '_a2_': 1.0, '_a3_': 1.0, '_a5_': 1.0, '_a6_': 1.0}};{'d0': 0.02490583291941657};-280.569866449044;45.01810426444602
17440;-95.2668289600760;((((pow2((_a7_ * (x * _a7_))) * _a1_) + _a7_) + (x * (_a4_ * _a1_))) * x);{'d0': {'_a1_': 0.3400747336615338, '_a4_': 6.1945915398447084, '_a7_': 1.7751354020981487, '_a0_': 1.0, '_a2_': 1.0, '_a3_': 1.0, '_a5_': 1.0, '_a6_': 1.0}};{'d0': 0.02490583291941657};-280.569866449044;45.01810426444602
17441;-95.2668289600760;((((pow2((_a7_ * (x * _a7_))) * _a1_) + _a7_) + (x * (_a4_ * _a1_))) * x);{'d0': {'_a1_': 0.3400747336615338, '_a4_': 6.1945915398447084, '_a7_': 1.7751354020981487, '_a0_': 1.0, '_a2_': 1.0, '_a3_': 1.0, '_a5_': 1.0, '_a6_': 1.0}};{'d0': 0.02490583291941657};-280.569866449044;45.01810426444602
17442;-95.2668289600760;((((pow2((_a7_ * (x * _a7_))) * _a1_) + _a7_) + (x * (_a4_ * _a1_))) * x);{'d0': {'_a1_': 0.3400747336615338, '_a4_': 6.1945915398447084, '_a7_': 1.7751354020981487, '_a0_': 1.0, '_a2_': 1.0, '_a3_': 1.0, '_a5_': 1.0, '_a6_': 1.0}};{'d0': 0.02490583291941657};-280.569866449044;45.01810426444602
17443;-100.360883458177;((((pow2((_a7_ * (x * _a7_))) * _a1_) + _a7_) + (x * _a3_)) * x);{'d0': {'_a1_': 0.3400747312723226, '_a3_': 2.106624067026916, '_a7_': 1.7751354045883034, '_a0_': 1.0, '_a2_': 1.0, '_a4_': 1.0, '_a5_': 1.0, '_a6_': 1.0}};{'d0': 0.02490583291941663};-280.569866449044;39.92404976634502
17444;-100.360883458177;((((pow2((_a7_ * (x * _a7_))) * _a1_) + _a7_) + (x * _a3_)) * x);{'d0': {'_a1_': 0.3400747312723226, '_a3_': 2.106624067026916, '_a7_': 1.7751354045883034, '_a0_': 1.0, '_a2_': 1.0, '_a4_': 1.0, '_a5_': 1.0, '_a6_': 1.0}};{'d0': 0.02490583291941663};-280.569866449044;39.92404976634502
17445;-100.360883458177;((((pow2((_a7_ * (x * _a7_))) * _a1_) + _a7_) + (x * _a3_)) * x);{'d0': {'_a1_': 0.3400747312723226, '_a3_': 2.106624067026916, '_a7_': 1.7751354045883034, '_a0_': 1.0, '_a2_': 1.0, '_a4_': 1.0, '_a5_': 1.0, '_a6_': 1.0}};{'d0': 0.02490583291941663};-280.569866449044;39.92404976634502
17446;-99.5822889035537;((((pow2((_a7_ * (x * _a7_))) * _a1_) + _a7_) + (x / _a3_)) * x);{'d0': {'_a1_': 0.34007473261089105, '_a3_': 0.4746931428021205, '_a7_': 1.7751354033643114, '_a0_': 1.0, '_a2_': 1.0, '_a4_': 1.0, '_a5_': 1.0, '_a6_': 1.0}};{'d0': 0.024905832919416494};-280.569866449044;40.70264432096842
17447;-99.5822889035537;((((pow2((_a7_ * (x * _a7_))) * _a1_) + _a7_) + (x / _a3_)) * x);{'d0': {'_a1_': 0.34007473261089105, '_a3_': 0.4746931428021205, '_a7_': 1.7751354033643114, '_a0_': 1.0, '_a2_': 1.0, '_a4_': 1.0, '_a5_': 1.0, '_a6_': 1.0}};{'d0': 0.024905832919416494};-280.569866449044;40.70264432096842
17448;-99.5822889035537;((((pow2((_a7_ * (x * _a7_))) * _a1_) + _a7_) + (x / _a3_)) * x);{'d0': {'_a1_': 0.34007473261089105, '_a3_': 0.4746931428021205, '_a7_': 1.7751354033643114, '_a0_': 1.0, '_a2_': 1.0, '_a4_': 1.0, '_a5_': 1.0, '_a6_': 1.0}};{'d0': 0.024905832919416494};-280.569866449044;40.70264432096842
17449;-99.5822889035537;((((pow2((_a7_ * (x * _a7_))) * _a1_) + _a7_) + (x / _a3_)) * x);{'d0': {'_a1_': 0.34007473261089105, '_a3_': 0.4746931428021205, '_a7_': 1.7751354033643114, '_a0_': 1.0, '_a2_': 1.0, '_a4_': 1.0, '_a5_': 1.0, '_a6_': 1.0}};{'d0': 0.024905832919416494};-280.569866449044;40.70264432096842
17450;-99.5822889035537;((((pow2((_a7_ * (x * _a7_))) * _a1_) + _a7_) + (x / _a3_)) * x);{'d0': {'_a1_': 0.34007473261089105, '_a3_': 0.4746931428021205, '_a7_': 1.7751354033643114, '_a0_': 1.0, '_a2_': 1.0, '_a4_': 1.0, '_a5_': 1.0, '_a6_': 1.0}};{'d0': 0.024905832919416494};-280.569866449044;40.70264432096842
17451;-99.5822889035537;((((pow2((_a7_ * (x * _a7_))) * _a1_) + _a7_) + (x / _a3_)) * x);{'d0': {'_a1_': 0.34007473261089105, '_a3_': 0.4746931428021205, '_a7_': 1.7751354033643114, '_a0_': 1.0, '_a2_': 1.0, '_a4_': 1.0, '_a5_': 1.0, '_a6_': 1.0}};{'d0': 0.024905832919416494};-280.569866449044;40.70264432096842
17452;-99.5822889035537;((((pow2((_a7_ * (x * _a7_))) * _a1_) + _a7_) + (x / _a3_)) * x);{'d0': {'_a1_': 0.34007473261089105, '_a3_': 0.4746931428021205, '_a7_': 1.7751354033643114, '_a0_': 1.0, '_a2_': 1.0, '_a4_': 1.0, '_a5_': 1.0, '_a6_': 1.0}};{'d0': 0.024905832919416494};-280.569866449044;40.70264432096842
17453;-99.5822889035535;((((pow2((_a7_ * (x * _a1_))) * _a1_) + _a7_) + (x / _a3_)) * x);{'d0': {'_a1_': 1.0233223162582488, '_a3_': 0.47469314288200753, '_a7_': 1.775135404881271, '_a0_': 1.0, '_a2_': 1.0, '_a4_': 1.0, '_a5_': 1.0, '_a6_': 1.0}};{'d0': 0.024905832919416677};-280.569866449043;40.70264432096842
17454;-99.5822889035535;((((pow2((_a7_ * (x * _a1_))) * _a1_) + _a7_) + (x / _a3_)) * x);{'d0': {'_a1_': 1.0233223162582488, '_a3_': 0.47469314288200753, '_a7_': 1.775135404881271, '_a0_': 1.0, '_a2_': 1.0, '_a4_': 1.0, '_a5_': 1.0, '_a6_': 1.0}};{'d0': 0.024905832919416677};-280.569866449043;40.70264432096842
17455;-99.5822889035535;((((pow2((_a7_ * (x * _a1_))) * _a1_) + _a7_) + (x / _a3_)) * x);{'d0': {'_a1_': 1.0233223162582488, '_a3_': 0.47469314288200753, '_a7_': 1.775135404881271, '_a0_': 1.0, '_a2_': 1.0, '_a4_': 1.0, '_a5_': 1.0, '_a6_': 1.0}};{'d0': 0.024905832919416677};-280.569866449043;40.70264432096842
17456;-99.5822889035535;((((pow2((_a7_ * (x * _a1_))) * _a1_) + _a7_) + (x / _a3_)) * x);{'d0': {'_a1_': 1.0233223162582488, '_a3_': 0.47469314288200753, '_a7_': 1.775135404881271, '_a0_': 1.0, '_a2_': 1.0, '_a4_': 1.0, '_a5_': 1.0, '_a6_': 1.0}};{'d0': 0.024905832919416677};-280.569866449043;40.70264432096842
17457;-99.5822889035535;((((pow2((_a7_ * (x * _a1_))) * _a1_) + _a7_) + (x / _a3_)) * x);{'d0': {'_a1_': 1.0233223162582488, '_a3_': 0.47469314288200753, '_a7_': 1.775135404881271, '_a0_': 1.0, '_a2_': 1.0, '_a4_': 1.0, '_a5_': 1.0, '_a6_': 1.0}};{'d0': 0.024905832919416677};-280.569866449043;40.70264432096842
17458;-103.159914093536;(((_a6_ + (((x + _a6_) * x) * _a7_)) * (_a1_ + _a7_)) * x);{'d0': {'_a1_': 1.6586694045894443, '_a6_': 0.6238594154627194, '_a7_': 1.1867399304799988, '_a0_': 1.0, '_a2_': 1.0, '_a3_': 1.0, '_a4_': 1.0, '_a5_': 1.0}};{'d0': 0.024905832919416643};-280.569866449044;37.125019130986004
17459;-103.159914093536;(((_a6_ + (((x + _a6_) * x) * _a7_)) * (_a1_ + _a7_)) * x);{'d0': {'_a1_': 1.6586694045894443, '_a6_': 0.6238594154627194, '_a7_': 1.1867399304799988, '_a0_': 1.0, '_a2_': 1.0, '_a3_': 1.0, '_a4_': 1.0, '_a5_': 1.0}};{'d0': 0.024905832919416643};-280.569866449044;37.125019130986004
17460;-97.4327946518503;(((_a6_ + (((x + -(_a3_)) * x) * _a7_)) * (_a1_ + _a7_)) * x);{'d0': {'_a1_': 4.430028144660072, '_a3_': -0.6238594154889665, '_a6_': 0.3485412272227, '_a7_': 0.6630144255227921, '_a0_': 1.0, '_a2_': 1.0, '_a4_': 1.0, '_a5_': 1.0}};{'d0': 0.02490583291967733};-276.475521886193;40.804966291246394
17461;-97.4327946518503;(((_a6_ + (((x + -(_a3_)) * x) * _a7_)) * (_a1_ + _a7_)) * x);{'d0': {'_a1_': 4.430028144660072, '_a3_': -0.6238594154889665, '_a6_': 0.3485412272227, '_a7_': 0.6630144255227921, '_a0_': 1.0, '_a2_': 1.0, '_a4_': 1.0, '_a5_': 1.0}};{'d0': 0.02490583291967733};-276.475521886193;40.804966291246394
17462;-97.4327946518503;(((_a6_ + (((x + -(_a3_)) * x) * _a7_)) * (_a1_ + _a7_)) * x);{'d0': {'_a1_': 4.430028144660072, '_a3_': -0.6238594154889665, '_a6_': 0.3485412272227, '_a7_': 0.6630144255227921, '_a0_': 1.0, '_a2_': 1.0, '_a4_': 1.0, '_a5_': 1.0}};{'d0': 0.02490583291967733};-276.475521886193;40.804966291246394
17463;-90.3639251589602;(((_a6_ + (((x + -(_a3_)) * x) * (_a2_ * _a7_))) * (_a1_ + _a7_)) * x);{'d0': {'_a1_': 4.430028144660072, '_a2_': 1.0, '_a3_': -0.6238594154889665, '_a6_': 0.3485412272227, '_a7_': 0.6630144255227921, '_a0_': 1.0, '_a4_': 1.0, '_a5_': 1.0}};{'d0': 0.02490583291967733};-272.381177323971;45.826663503025394
17464;-90.3639251589602;(((_a6_ + (((x + -(_a3_)) * x) * (_a2_ * _a7_))) * (_a1_ + _a7_)) * x);{'d0': {'_a1_': 4.430028144660072, '_a2_': 1.0, '_a3_': -0.6238594154889665, '_a6_': 0.3485412272227, '_a7_': 0.6630144255227921, '_a0_': 1.0, '_a4_': 1.0, '_a5_': 1.0}};{'d0': 0.02490583291967733};-272.381177323971;45.826663503025394
17465;-90.3639251589602;(((_a6_ + (((x + -(_a3_)) * x) * (_a2_ * _a7_))) * (_a1_ + _a7_)) * x);{'d0': {'_a1_': 4.430028144660072, '_a2_': 1.0, '_a3_': -0.6238594154889665, '_a6_': 0.3485412272227, '_a7_': 0.6630144255227921, '_a0_': 1.0, '_a4_': 1.0, '_a5_': 1.0}};{'d0': 0.02490583291967733};-272.381177323971;45.826663503025394
17466;-92.4110974353641;(((_a6_ + (((x + -(_a1_)) * x) * (_a2_ * _a7_))) * (_a1_ + _a7_)) * x);{'d0': {'_a1_': -0.6238594154960823, '_a2_': 2.600440716494819, '_a6_': 2.0415012096417176, '_a7_': 1.4933838074255286, '_a0_': 1.0, '_a3_': 1.0, '_a4_': 1.0, '_a5_': 1.0}};{'d0': 0.0249058329235852};-276.475521876779;45.826663503025394
17467;-92.4110974353641;(((_a6_ + (((x + -(_a1_)) * x) * (_a2_ * _a7_))) * (_a1_ + _a7_)) * x);{'d0': {'_a1_': -0.6238594154960823, '_a2_': 2.600440716494819, '_a6_': 2.0415012096417176, '_a7_': 1.4933838074255286, '_a0_': 1.0, '_a3_': 1.0, '_a4_': 1.0, '_a5_': 1.0}};{'d0': 0.0249058329235852};-276.475521876779;45.826663503025394
17468;-92.4110974353641;(((_a6_ + (((x + -(_a1_)) * x) * (_a2_ * _a7_))) * (_a1_ + _a7_)) * x);{'d0': {'_a1_': -0.6238594154960823, '_a2_': 2.600440716494819, '_a6_': 2.0415012096417176, '_a7_': 1.4933838074255286, '_a0_': 1.0, '_a3_': 1.0, '_a4_': 1.0, '_a5_': 1.0}};{'d0': 0.0249058329235852};-276.475521876779;45.826663503025394
17469;-92.4110974353641;(((_a6_ + (((x + -(_a1_)) * x) * (_a2_ * _a7_))) * (_a1_ + _a7_)) * x);{'d0': {'_a1_': -0.6238594154960823, '_a2_': 2.600440716494819, '_a6_': 2.0415012096417176, '_a7_': 1.4933838074255286, '_a0_': 1.0, '_a3_': 1.0, '_a4_': 1.0, '_a5_': 1.0}};{'d0': 0.0249058329235852};-276.475521876779;45.826663503025394
17470;-88.7306452020657;-((((_a6_ + (((x + -(_a1_)) * x) * (_a2_ * _a7_))) * (_a1_ + _a7_)) * x));{'d0': {'_a1_': -0.6238594155929459, '_a2_': -4.160583281814232, '_a6_': -2.7674361558919722, '_a7_': 1.2652962076452918, '_a0_': 1.0, '_a3_': 1.0, '_a4_': 1.0, '_a5_': 1.0}};{'d0': 0.02490583291946515};-276.475521886705;49.50711574128656
17471;-99.5822889035536;((((pow2((_a1_ * (x * _a1_))) * _a1_) + _a7_) + (x / _a3_)) * x);{'d0': {'_a1_': 1.2755575614269006, '_a3_': 0.4746931429065107, '_a7_': 1.7751354043188043, '_a0_': 1.0, '_a2_': 1.0, '_a4_': 1.0, '_a5_': 1.0, '_a6_': 1.0}};{'d0': 0.024905832919416563};-280.569866449044;40.70264432096842
17472;-99.5822889035536;((((pow2((_a1_ * (x * _a1_))) * _a1_) + _a7_) + (x / _a3_)) * x);{'d0': {'_a1_': 1.2755575614269006, '_a3_': 0.4746931429065107, '_a7_': 1.7751354043188043, '_a0_': 1.0, '_a2_': 1.0, '_a4_': 1.0, '_a5_': 1.0, '_a6_': 1.0}};{'d0': 0.024905832919416563};-280.569866449044;40.70264432096842
17473;-99.5822889035536;((((pow2((_a1_ * (x * _a1_))) * _a1_) + _a7_) + (x / _a3_)) * x);{'d0': {'_a1_': 1.2755575614269006, '_a3_': 0.4746931429065107, '_a7_': 1.7751354043188043, '_a0_': 1.0, '_a2_': 1.0, '_a4_': 1.0, '_a5_': 1.0, '_a6_': 1.0}};{'d0': 0.024905832919416563};-280.569866449044;40.70264432096842
17474;-99.5822889035536;((((pow2((_a1_ * (x * _a1_))) * _a1_) + _a7_) + (x / _a3_)) * x);{'d0': {'_a1_': 1.2755575614269006, '_a3_': 0.4746931429065107, '_a7_': 1.7751354043188043, '_a0_': 1.0, '_a2_': 1.0, '_a4_': 1.0, '_a5_': 1.0, '_a6_': 1.0}};{'d0': 0.024905832919416563};-280.569866449044;40.70264432096842
17475;-99.5822889035536;((((pow2((_a1_ * (x * _a1_))) * _a1_) + _a7_) + (x / _a3_)) * x);{'d0': {'_a1_': 1.2755575614269006, '_a3_': 0.4746931429065107, '_a7_': 1.7751354043188043, '_a0_': 1.0, '_a2_': 1.0, '_a4_': 1.0, '_a5_': 1.0, '_a6_': 1.0}};{'d0': 0.024905832919416563};-280.569866449044;40.70264432096842
17476;-99.5822889035536;((((pow2((_a1_ * (x * _a1_))) * _a1_) + _a7_) + (x / _a3_)) * x);{'d0': {'_a1_': 1.2755575614269006, '_a3_': 0.4746931429065107, '_a7_': 1.7751354043188043, '_a0_': 1.0, '_a2_': 1.0, '_a4_': 1.0, '_a5_': 1.0, '_a6_': 1.0}};{'d0': 0.024905832919416563};-280.569866449044;40.70264432096842
17477;-99.5822889035536;((((pow2((_a1_ * (x * _a1_))) * _a1_) + _a7_) + (x / _a3_)) * x);{'d0': {'_a1_': 1.2755575614269006, '_a3_': 0.4746931429065107, '_a7_': 1.7751354043188043, '_a0_': 1.0, '_a2_': 1.0, '_a4_': 1.0, '_a5_': 1.0, '_a6_': 1.0}};{'d0': 0.024905832919416563};-280.569866449044;40.70264432096842
17478;-99.5822889035536;((((pow2((_a1_ * (x * _a1_))) * _a1_) + _a7_) + (x / _a3_)) * x);{'d0': {'_a1_': 1.2755575614269006, '_a3_': 0.4746931429065107, '_a7_': 1.7751354043188043, '_a0_': 1.0, '_a2_': 1.0, '_a4_': 1.0, '_a5_': 1.0, '_a6_': 1.0}};{'d0': 0.024905832919416563};-280.569866449044;40.70264432096842
17479;-99.5822889035536;((((pow2((_a1_ * (x * _a1_))) * _a1_) + _a7_) + (x / _a3_)) * x);{'d0': {'_a1_': 1.2755575614269006, '_a3_': 0.4746931429065107, '_a7_': 1.7751354043188043, '_a0_': 1.0, '_a2_': 1.0, '_a4_': 1.0, '_a5_': 1.0, '_a6_': 1.0}};{'d0': 0.024905832919416563};-280.569866449044;40.70264432096842
17480;-99.5822889035536;((((pow2((_a1_ * (x * _a1_))) * _a1_) + _a7_) + (x / _a3_)) * x);{'d0': {'_a1_': 1.2755575614269006, '_a3_': 0.4746931429065107, '_a7_': 1.7751354043188043, '_a0_': 1.0, '_a2_': 1.0, '_a4_': 1.0, '_a5_': 1.0, '_a6_': 1.0}};{'d0': 0.024905832919416563};-280.569866449044;40.70264432096842
17481;-99.5822889035536;((((pow2((_a1_ * (x * _a1_))) * _a1_) + _a7_) + (x / _a3_)) * x);{'d0': {'_a1_': 1.2755575614269006, '_a3_': 0.4746931429065107, '_a7_': 1.7751354043188043, '_a0_': 1.0, '_a2_': 1.0, '_a4_': 1.0, '_a5_': 1.0, '_a6_': 1.0}};{'d0': 0.024905832919416563};-280.569866449044;40.70264432096842
17482;-99.5822889035536;((((pow2((_a1_ * (x * _a1_))) * _a1_) + _a7_) + (x / _a3_)) * x);{'d0': {'_a1_': 1.2755575614269006, '_a3_': 0.4746931429065107, '_a7_': 1.7751354043188043, '_a0_': 1.0, '_a2_': 1.0, '_a4_': 1.0, '_a5_': 1.0, '_a6_': 1.0}};{'d0': 0.024905832919416563};-280.569866449044;40.70264432096842
17483;-99.5822889035536;((((pow2((_a1_ * (x * _a1_))) * _a1_) + _a7_) + (x / _a3_)) * x);{'d0': {'_a1_': 1.2755575614269006, '_a3_': 0.4746931429065107, '_a7_': 1.7751354043188043, '_a0_': 1.0, '_a2_': 1.0, '_a4_': 1.0, '_a5_': 1.0, '_a6_': 1.0}};{'d0': 0.024905832919416563};-280.569866449044;40.70264432096842
17484;-95.8843544309435;((((pow2((_a1_ * (x * _a1_))) * _a1_) + _a7_) + (x / pow2(_a5_))) * x);{'d0': {'_a1_': 1.2755575613393226, '_a5_': 0.688979784093281, '_a7_': 1.7751354043046206, '_a0_': 1.0, '_a2_': 1.0, '_a3_': 1.0, '_a4_': 1.0, '_a6_': 1.0}};{'d0': 0.02490583291941665};-280.569866449044;44.40057879357842
17485;-95.8843544309435;((((pow2((_a1_ * (x * _a1_))) * _a1_) + _a7_) + (x / pow2(_a5_))) * x);{'d0': {'_a1_': 1.2755575613393226, '_a5_': 0.688979784093281, '_a7_': 1.7751354043046206, '_a0_': 1.0, '_a2_': 1.0, '_a3_': 1.0, '_a4_': 1.0, '_a6_': 1.0}};{'d0': 0.02490583291941665};-280.569866449044;44.40057879357842
17486;-95.8843544309435;((((pow2((_a1_ * (x * _a1_))) * _a1_) + _a7_) + (x / pow2(_a5_))) * x);{'d0': {'_a1_': 1.2755575613393226, '_a5_': 0.688979784093281, '_a7_': 1.7751354043046206, '_a0_': 1.0, '_a2_': 1.0, '_a3_': 1.0, '_a4_': 1.0, '_a6_': 1.0}};{'d0': 0.02490583291941665};-280.569866449044;44.40057879357842
17487;-95.8843544309435;((((pow2((_a1_ * (x * _a1_))) * _a1_) + _a7_) + (x / pow2(_a5_))) * x);{'d0': {'_a1_': 1.2755575613393226, '_a5_': 0.688979784093281, '_a7_': 1.7751354043046206, '_a0_': 1.0, '_a2_': 1.0, '_a3_': 1.0, '_a4_': 1.0, '_a6_': 1.0}};{'d0': 0.02490583291941665};-280.569866449044;44.40057879357842
17488;-95.8843544309435;((((pow2((_a1_ * (x * _a1_))) * _a1_) + _a7_) + (x / pow2(_a5_))) * x);{'d0': {'_a1_': 1.2755575613393226, '_a5_': 0.688979784093281, '_a7_': 1.7751354043046206, '_a0_': 1.0, '_a2_': 1.0, '_a3_': 1.0, '_a4_': 1.0, '_a6_': 1.0}};{'d0': 0.02490583291941665};-280.569866449044;44.40057879357842
17489;-95.8843544309435;((((pow2((_a1_ * (x * _a1_))) * _a1_) + _a7_) + (x / pow2(_a5_))) * x);{'d0': {'_a1_': 1.2755575613393226, '_a5_': 0.688979784093281, '_a7_': 1.7751354043046206, '_a0_': 1.0, '_a2_': 1.0, '_a3_': 1.0, '_a4_': 1.0, '_a6_': 1.0}};{'d0': 0.02490583291941665};-280.569866449044;44.40057879357842
17490;-95.8843544309435;((((pow2((_a1_ * (x * _a1_))) * _a1_) + _a7_) + (x / pow2(_a5_))) * x);{'d0': {'_a1_': 1.2755575613393226, '_a5_': 0.688979784093281, '_a7_': 1.7751354043046206, '_a0_': 1.0, '_a2_': 1.0, '_a3_': 1.0, '_a4_': 1.0, '_a6_': 1.0}};{'d0': 0.02490583291941665};-280.569866449044;44.40057879357842
17491;-95.8843544309435;((((pow2((_a1_ * (x * _a1_))) * _a1_) + _a7_) + (x / pow2(_a5_))) * x);{'d0': {'_a1_': 1.2755575613393226, '_a5_': 0.688979784093281, '_a7_': 1.7751354043046206, '_a0_': 1.0, '_a2_': 1.0, '_a3_': 1.0, '_a4_': 1.0, '_a6_': 1.0}};{'d0': 0.02490583291941665};-280.569866449044;44.40057879357842
17492;-92.5314067209121;(((_a6_ + (((x + -(_a1_)) * x) * (_a2_ * _a7_))) * (_a1_ / _a7_)) * x);{'d0': {'_a1_': -0.6238594145869895, '_a2_': -5.412695241831036, '_a6_': 2078657.214742512, '_a7_': -730530.256068267, '_a0_': 1.0, '_a3_': 1.0, '_a4_': 1.0, '_a5_': 1.0}};{'d0': 0.02490583292116067};-276.475521882620;45.70635422039779
17493;-92.5314067209121;(((_a6_ + (((x + -(_a1_)) * x) * (_a2_ * _a7_))) * (_a1_ / _a7_)) * x);{'d0': {'_a1_': -0.6238594145869895, '_a2_': -5.412695241831036, '_a6_': 2078657.214742512, '_a7_': -730530.256068267, '_a0_': 1.0, '_a3_': 1.0, '_a4_': 1.0, '_a5_': 1.0}};{'d0': 0.02490583292116067};-276.475521882620;45.70635422039779
17494;-92.5314067209121;(((_a6_ + (((x + -(_a1_)) * x) * (_a2_ * _a7_))) * (_a1_ / _a7_)) * x);{'d0': {'_a1_': -0.6238594145869895, '_a2_': -5.412695241831036, '_a6_': 2078657.214742512, '_a7_': -730530.256068267, '_a0_': 1.0, '_a3_': 1.0, '_a4_': 1.0, '_a5_': 1.0}};{'d0': 0.02490583292116067};-276.475521882620;45.70635422039779
17495;-92.5314067209121;(((_a6_ + (((x + -(_a1_)) * x) * (_a2_ * _a7_))) * (_a1_ / _a7_)) * x);{'d0': {'_a1_': -0.6238594145869895, '_a2_': -5.412695241831036, '_a6_': 2078657.214742512, '_a7_': -730530.256068267, '_a0_': 1.0, '_a3_': 1.0, '_a4_': 1.0, '_a5_': 1.0}};{'d0': 0.02490583292116067};-276.475521882620;45.70635422039779
17496;-92.5314067209121;(((_a6_ + (((x + -(_a1_)) * x) * (_a2_ * _a7_))) * (_a1_ / _a7_)) * x);{'d0': {'_a1_': -0.6238594145869895, '_a2_': -5.412695241831036, '_a6_': 2078657.214742512, '_a7_': -730530.256068267, '_a0_': 1.0, '_a3_': 1.0, '_a4_': 1.0, '_a5_': 1.0}};{'d0': 0.02490583292116067};-276.475521882620;45.70635422039779
17497;-92.5314067209121;(((_a6_ + (((x + -(_a1_)) * x) * (_a2_ * _a7_))) * (_a1_ / _a7_)) * x);{'d0': {'_a1_': -0.6238594145869895, '_a2_': -5.412695241831036, '_a6_': 2078657.214742512, '_a7_': -730530.256068267, '_a0_': 1.0, '_a3_': 1.0, '_a4_': 1.0, '_a5_': 1.0}};{'d0': 0.02490583292116067};-276.475521882620;45.70635422039779
17498;-92.5314067209121;(((_a6_ + (((x + -(_a1_)) * x) * (_a2_ * _a7_))) * (_a1_ / _a7_)) * x);{'d0': {'_a1_': -0.6238594145869895, '_a2_': -5.412695241831036, '_a6_': 2078657.214742512, '_a7_': -730530.256068267, '_a0_': 1.0, '_a3_': 1.0, '_a4_': 1.0, '_a5_': 1.0}};{'d0': 0.02490583292116067};-276.475521882620;45.70635422039779
17499;-92.5314067209121;(((_a6_ + (((x + -(_a1_)) * x) * (_a2_ * _a7_))) * (_a1_ / _a7_)) * x);{'d0': {'_a1_': -0.6238594145869895, '_a2_': -5.412695241831036, '_a6_': 2078657.214742512, '_a7_': -730530.256068267, '_a0_': 1.0, '_a3_': 1.0, '_a4_': 1.0, '_a5_': 1.0}};{'d0': 0.02490583292116067};-276.475521882620;45.70635422039779
17500;-90.4842344372841;(((_a6_ + (((x + -(_a1_)) * x) * (_a2_ * _a7_))) * (_a5_ / _a7_)) * x);{'d0': {'_a1_': -0.6238594155157022, '_a2_': -5.5010842635040715, '_a5_': -0.6138354504020608, '_a6_': 3667638.9739146307, '_a7_': -1268256.705523875, '_a0_': 1.0, '_a3_': 1.0, '_a4_': 1.0}};{'d0': 0.024905832923250302};-272.381177315364;45.70635422039779
17501;-98.3316981446193;(((_a6_ + (((x + -(_a1_)) * x) * (_a2_ * _a7_))) * _a6_) * x);{'d0': {'_a1_': -0.6238627183161666, '_a2_': -0.00010984083415089895, '_a6_': 1.3323447627890648, '_a7_': -23073.84136010436, '_a0_': 1.0, '_a3_': 1.0, '_a4_': 1.0, '_a5_': 1.0}};{'d0': 0.02490583320566435};-276.475521197230;39.90606245399539
17502;-98.3316981446193;(((_a6_ + (((x + -(_a1_)) * x) * (_a2_ * _a7_))) * _a6_) * x);{'d0': {'_a1_': -0.6238627183161666, '_a2_': -0.00010984083415089895, '_a6_': 1.3323447627890648, '_a7_': -23073.84136010436, '_a0_': 1.0, '_a3_': 1.0, '_a4_': 1.0, '_a5_': 1.0}};{'d0': 0.02490583320566435};-276.475521197230;39.90606245399539
17503;-98.3316981446193;(((_a6_ + (((x + -(_a1_)) * x) * (_a2_ * _a7_))) * _a6_) * x);{'d0': {'_a1_': -0.6238627183161666, '_a2_': -0.00010984083415089895, '_a6_': 1.3323447627890648, '_a7_': -23073.84136010436, '_a0_': 1.0, '_a3_': 1.0, '_a4_': 1.0, '_a5_': 1.0}};{'d0': 0.02490583320566435};-276.475521197230;39.90606245399539
17504;-98.3316981446193;(((_a6_ + (((x + -(_a1_)) * x) * (_a2_ * _a7_))) * _a6_) * x);{'d0': {'_a1_': -0.6238627183161666, '_a2_': -0.00010984083415089895, '_a6_': 1.3323447627890648, '_a7_': -23073.84136010436, '_a0_': 1.0, '_a3_': 1.0, '_a4_': 1.0, '_a5_': 1.0}};{'d0': 0.02490583320566435};-276.475521197230;39.90606245399539
17505;-105.400567982305;(((_a6_ + (((x + -(_a1_)) * x) * _a5_)) * _a6_) * x);{'d0': {'_a1_': -0.623859415569796, '_a5_': 2.5344548824263096, '_a6_': 1.332342074892465, '_a0_': 1.0, '_a2_': 1.0, '_a3_': 1.0, '_a4_': 1.0, '_a7_': 1.0}};{'d0': 0.024905832919416625};-280.569866449044;34.88436524221639
17506;-105.400567982305;(((_a6_ + (((x + -(_a1_)) * x) * _a5_)) * _a6_) * x);{'d0': {'_a1_': -0.623859415569796, '_a5_': 2.5344548824263096, '_a6_': 1.332342074892465, '_a0_': 1.0, '_a2_': 1.0, '_a3_': 1.0, '_a4_': 1.0, '_a7_': 1.0}};{'d0': 0.024905832919416625};-280.569866449044;34.88436524221639
17507;-105.400567982305;(((_a6_ + (((x + -(_a1_)) * x) * _a5_)) * _a6_) * x);{'d0': {'_a1_': -0.623859415569796, '_a5_': 2.5344548824263096, '_a6_': 1.332342074892465, '_a0_': 1.0, '_a2_': 1.0, '_a3_': 1.0, '_a4_': 1.0, '_a7_': 1.0}};{'d0': 0.024905832919416625};-280.569866449044;34.88436524221639
17508;-105.400567982305;(((_a6_ + (((x + -(_a1_)) * x) * _a5_)) * _a6_) * x);{'d0': {'_a1_': -0.623859415569796, '_a5_': 2.5344548824263096, '_a6_': 1.332342074892465, '_a0_': 1.0, '_a2_': 1.0, '_a3_': 1.0, '_a4_': 1.0, '_a7_': 1.0}};{'d0': 0.024905832919416625};-280.569866449044;34.88436524221639
17509;-103.353395681040;(((_a6_ + (((x + -(_a1_)) * x) * _a5_)) * _a2_) * x);{'d0': {'_a1_': -0.6238594155437023, '_a2_': 1.2507466881486682, '_a5_': 2.6997948014428963, '_a6_': 1.419259908719524, '_a0_': 1.0, '_a3_': 1.0, '_a4_': 1.0, '_a7_': 1.0}};{'d0': 0.024905832936148887};-276.475521846512;34.88436524221639
17510;-103.353395681040;(((_a6_ + (((x + -(_a1_)) * x) * _a5_)) * _a2_) * x);{'d0': {'_a1_': -0.6238594155437023, '_a2_': 1.2507466881486682, '_a5_': 2.6997948014428963, '_a6_': 1.419259908719524, '_a0_': 1.0, '_a3_': 1.0, '_a4_': 1.0, '_a7_': 1.0}};{'d0': 0.024905832936148887};-276.475521846512;34.88436524221639
17511;-103.353395681040;(((_a6_ + (((x + -(_a1_)) * x) * _a5_)) * _a2_) * x);{'d0': {'_a1_': -0.6238594155437023, '_a2_': 1.2507466881486682, '_a5_': 2.6997948014428963, '_a6_': 1.419259908719524, '_a0_': 1.0, '_a3_': 1.0, '_a4_': 1.0, '_a7_': 1.0}};{'d0': 0.024905832936148887};-276.475521846512;34.88436524221639
17512;-103.353395681040;(((_a6_ + (((x + -(_a1_)) * x) * _a5_)) * _a2_) * x);{'d0': {'_a1_': -0.6238594155437023, '_a2_': 1.2507466881486682, '_a5_': 2.6997948014428963, '_a6_': 1.419259908719524, '_a0_': 1.0, '_a3_': 1.0, '_a4_': 1.0, '_a7_': 1.0}};{'d0': 0.024905832936148887};-276.475521846512;34.88436524221639
17513;-103.335408388735;(((_a6_ + (((x + pow2(_a1_)) * x) * _a5_)) * _a2_) * x);{'d0': {'_a1_': -0.7898477167045127, '_a2_': 1.260044113523822, '_a5_': 2.679875040384546, '_a6_': 1.4087882545056984, '_a0_': 1.0, '_a3_': 1.0, '_a4_': 1.0, '_a7_': 1.0}};{'d0': 0.024905832919507678};-276.475521886602;34.902352554566
17514;-103.335408388735;(((_a6_ + (((x + pow2(_a1_)) * x) * _a5_)) * _a2_) * x);{'d0': {'_a1_': -0.7898477167045127, '_a2_': 1.260044113523822, '_a5_': 2.679875040384546, '_a6_': 1.4087882545056984, '_a0_': 1.0, '_a3_': 1.0, '_a4_': 1.0, '_a7_': 1.0}};{'d0': 0.024905832919507678};-276.475521886602;34.902352554566
17515;-103.335408388735;(((_a6_ + (((x + pow2(_a1_)) * x) * _a5_)) * _a2_) * x);{'d0': {'_a1_': -0.7898477167045127, '_a2_': 1.260044113523822, '_a5_': 2.679875040384546, '_a6_': 1.4087882545056984, '_a0_': 1.0, '_a3_': 1.0, '_a4_': 1.0, '_a7_': 1.0}};{'d0': 0.024905832919507678};-276.475521886602;34.902352554566
17516;-103.335408388735;(((_a6_ + (((x + pow2(_a1_)) * x) * _a5_)) * _a2_) * x);{'d0': {'_a1_': -0.7898477167045127, '_a2_': 1.260044113523822, '_a5_': 2.679875040384546, '_a6_': 1.4087882545056984, '_a0_': 1.0, '_a3_': 1.0, '_a4_': 1.0, '_a7_': 1.0}};{'d0': 0.024905832919507678};-276.475521886602;34.902352554566
17517;-103.335408388735;(((_a6_ + (((x + pow2(_a1_)) * x) * _a5_)) * _a2_) * x);{'d0': {'_a1_': -0.7898477167045127, '_a2_': 1.260044113523822, '_a5_': 2.679875040384546, '_a6_': 1.4087882545056984, '_a0_': 1.0, '_a3_': 1.0, '_a4_': 1.0, '_a7_': 1.0}};{'d0': 0.024905832919507678};-276.475521886602;34.902352554566
17518;-103.335408388735;(((_a6_ + (((x + pow2(_a1_)) * x) * _a5_)) * _a2_) * x);{'d0': {'_a1_': -0.7898477167045127, '_a2_': 1.260044113523822, '_a5_': 2.679875040384546, '_a6_': 1.4087882545056984, '_a0_': 1.0, '_a3_': 1.0, '_a4_': 1.0, '_a7_': 1.0}};{'d0': 0.024905832919507678};-276.475521886602;34.902352554566
17519;-103.335408388735;(((_a6_ + (((x + pow2(_a1_)) * x) * _a5_)) * _a2_) * x);{'d0': {'_a1_': -0.7898477167045127, '_a2_': 1.260044113523822, '_a5_': 2.679875040384546, '_a6_': 1.4087882545056984, '_a0_': 1.0, '_a3_': 1.0, '_a4_': 1.0, '_a7_': 1.0}};{'d0': 0.024905832919507678};-276.475521886602;34.902352554566
17520;-103.335408388735;(((_a6_ + (((x + pow2(_a1_)) * x) * _a5_)) * _a2_) * x);{'d0': {'_a1_': -0.7898477167045127, '_a2_': 1.260044113523822, '_a5_': 2.679875040384546, '_a6_': 1.4087882545056984, '_a0_': 1.0, '_a3_': 1.0, '_a4_': 1.0, '_a7_': 1.0}};{'d0': 0.024905832919507678};-276.475521886602;34.902352554566
17521;-103.335408388735;(((_a6_ + (((x + pow2(_a1_)) * x) * _a5_)) * _a2_) * x);{'d0': {'_a1_': -0.7898477167045127, '_a2_': 1.260044113523822, '_a5_': 2.679875040384546, '_a6_': 1.4087882545056984, '_a0_': 1.0, '_a3_': 1.0, '_a4_': 1.0, '_a7_': 1.0}};{'d0': 0.024905832919507678};-276.475521886602;34.902352554566
17522;-103.335408388735;(((_a6_ + (((x + pow2(_a1_)) * x) * _a5_)) * _a2_) * x);{'d0': {'_a1_': -0.7898477167045127, '_a2_': 1.260044113523822, '_a5_': 2.679875040384546, '_a6_': 1.4087882545056984, '_a0_': 1.0, '_a3_': 1.0, '_a4_': 1.0, '_a7_': 1.0}};{'d0': 0.024905832919507678};-276.475521886602;34.902352554566
17523;-103.335408388735;(((_a6_ + (((x + pow2(_a1_)) * x) * _a5_)) * _a2_) * x);{'d0': {'_a1_': -0.7898477167045127, '_a2_': 1.260044113523822, '_a5_': 2.679875040384546, '_a6_': 1.4087882545056984, '_a0_': 1.0, '_a3_': 1.0, '_a4_': 1.0, '_a7_': 1.0}};{'d0': 0.024905832919507678};-276.475521886602;34.902352554566
17524;-103.335408388735;(((_a6_ + (((x + pow2(_a1_)) * x) * _a5_)) * _a2_) * x);{'d0': {'_a1_': -0.7898477167045127, '_a2_': 1.260044113523822, '_a5_': 2.679875040384546, '_a6_': 1.4087882545056984, '_a0_': 1.0, '_a3_': 1.0, '_a4_': 1.0, '_a7_': 1.0}};{'d0': 0.024905832919507678};-276.475521886602;34.902352554566
17525;-103.335408388735;(((_a6_ + (((x + pow2(_a1_)) * x) * _a5_)) * _a2_) * x);{'d0': {'_a1_': -0.7898477167045127, '_a2_': 1.260044113523822, '_a5_': 2.679875040384546, '_a6_': 1.4087882545056984, '_a0_': 1.0, '_a3_': 1.0, '_a4_': 1.0, '_a7_': 1.0}};{'d0': 0.024905832919507678};-276.475521886602;34.902352554566
17526;-103.335408388735;(((_a6_ + (((x + pow2(_a1_)) * x) * _a5_)) * _a2_) * x);{'d0': {'_a1_': -0.7898477167045127, '_a2_': 1.260044113523822, '_a5_': 2.679875040384546, '_a6_': 1.4087882545056984, '_a0_': 1.0, '_a3_': 1.0, '_a4_': 1.0, '_a7_': 1.0}};{'d0': 0.024905832919507678};-276.475521886602;34.902352554566
17527;-103.335408388735;(((_a6_ + (((x + pow2(_a1_)) * x) * _a5_)) * _a2_) * x);{'d0': {'_a1_': -0.7898477167045127, '_a2_': 1.260044113523822, '_a5_': 2.679875040384546, '_a6_': 1.4087882545056984, '_a0_': 1.0, '_a3_': 1.0, '_a4_': 1.0, '_a7_': 1.0}};{'d0': 0.024905832919507678};-276.475521886602;34.902352554566
17528;-103.335408388735;(((_a6_ + (((x + pow2(_a1_)) * x) * _a5_)) * _a2_) * x);{'d0': {'_a1_': -0.7898477167045127, '_a2_': 1.260044113523822, '_a5_': 2.679875040384546, '_a6_': 1.4087882545056984, '_a0_': 1.0, '_a3_': 1.0, '_a4_': 1.0, '_a7_': 1.0}};{'d0': 0.024905832919507678};-276.475521886602;34.902352554566
17529;-87.1647227465546;((((pow2((_a1_ * (x * _a7_))) * _a1_) + _a7_) + (x / (pow2(_a6_) * pow2(_a6_)))) * x);{'d0': {'_a1_': 1.0233223165145773, '_a6_': 0.8300480613498107, '_a7_': 1.7751354043168999, '_a0_': 1.0, '_a2_': 1.0, '_a3_': 1.0, '_a4_': 1.0, '_a5_': 1.0}};{'d0': 0.0249058329194166};-280.569866449044;53.12021047796742
17530;-87.1647227465546;((((pow2((_a1_ * (x * _a7_))) * _a1_) + _a7_) + (x / (pow2(_a6_) * pow2(_a6_)))) * x);{'d0': {'_a1_': 1.0233223165145773, '_a6_': 0.8300480613498107, '_a7_': 1.7751354043168999, '_a0_': 1.0, '_a2_': 1.0, '_a3_': 1.0, '_a4_': 1.0, '_a5_': 1.0}};{'d0': 0.0249058329194166};-280.569866449044;53.12021047796742
17531;-87.1647227465546;((((pow2((_a1_ * (x * _a7_))) * _a1_) + _a7_) + (x / (pow2(_a6_) * pow2(_a6_)))) * x);{'d0': {'_a1_': 1.0233223165145773, '_a6_': 0.8300480613498107, '_a7_': 1.7751354043168999, '_a0_': 1.0, '_a2_': 1.0, '_a3_': 1.0, '_a4_': 1.0, '_a5_': 1.0}};{'d0': 0.0249058329194166};-280.569866449044;53.12021047796742
17532;-87.1647227465546;((((pow2((_a1_ * (x * _a7_))) * _a1_) + _a7_) + (x / (pow2(_a6_) * pow2(_a6_)))) * x);{'d0': {'_a1_': 1.0233223165145773, '_a6_': 0.8300480613498107, '_a7_': 1.7751354043168999, '_a0_': 1.0, '_a2_': 1.0, '_a3_': 1.0, '_a4_': 1.0, '_a5_': 1.0}};{'d0': 0.0249058329194166};-280.569866449044;53.12021047796742
17533;-87.1647227465546;((((pow2((_a1_ * (x * _a7_))) * _a1_) + _a7_) + (x / (pow2(_a6_) * pow2(_a6_)))) * x);{'d0': {'_a1_': 1.0233223165145773, '_a6_': 0.8300480613498107, '_a7_': 1.7751354043168999, '_a0_': 1.0, '_a2_': 1.0, '_a3_': 1.0, '_a4_': 1.0, '_a5_': 1.0}};{'d0': 0.0249058329194166};-280.569866449044;53.12021047796742
17534;-87.1647227465545;((((pow2((_a1_ * (x * _a6_))) * _a1_) + _a7_) + (x / (pow2(_a6_) * pow2(_a6_)))) * x);{'d0': {'_a1_': 1.6986266866638084, '_a6_': 0.8300480612982201, '_a7_': 1.7751354041987155, '_a0_': 1.0, '_a2_': 1.0, '_a3_': 1.0, '_a4_': 1.0, '_a5_': 1.0}};{'d0': 0.024905832919416657};-280.569866449044;53.12021047796742
17535;-87.1647227465545;((((pow2((_a1_ * (x * _a6_))) * _a1_) + _a7_) + (x / (pow2(_a6_) * pow2(_a6_)))) * x);{'d0': {'_a1_': 1.6986266866638084, '_a6_': 0.8300480612982201, '_a7_': 1.7751354041987155, '_a0_': 1.0, '_a2_': 1.0, '_a3_': 1.0, '_a4_': 1.0, '_a5_': 1.0}};{'d0': 0.024905832919416657};-280.569866449044;53.12021047796742
17536;-87.1647227465545;((((pow2((_a1_ * (x * _a6_))) * _a1_) + _a7_) + (x / (pow2(_a6_) * pow2(_a6_)))) * x);{'d0': {'_a1_': 1.6986266866638084, '_a6_': 0.8300480612982201, '_a7_': 1.7751354041987155, '_a0_': 1.0, '_a2_': 1.0, '_a3_': 1.0, '_a4_': 1.0, '_a5_': 1.0}};{'d0': 0.024905832919416657};-280.569866449044;53.12021047796742
17537;-87.1647227465545;((((pow2((_a1_ * (x * _a6_))) * _a1_) + _a7_) + (x / (pow2(_a6_) * pow2(_a6_)))) * x);{'d0': {'_a1_': 1.6986266866638084, '_a6_': 0.8300480612982201, '_a7_': 1.7751354041987155, '_a0_': 1.0, '_a2_': 1.0, '_a3_': 1.0, '_a4_': 1.0, '_a5_': 1.0}};{'d0': 0.024905832919416657};-280.569866449044;53.12021047796742
17538;-87.1647227465545;((((pow2((_a1_ * (x * _a6_))) * _a1_) + _a7_) + (x / (pow2(_a6_) * pow2(_a6_)))) * x);{'d0': {'_a1_': 1.6986266866638084, '_a6_': 0.8300480612982201, '_a7_': 1.7751354041987155, '_a0_': 1.0, '_a2_': 1.0, '_a3_': 1.0, '_a4_': 1.0, '_a5_': 1.0}};{'d0': 0.024905832919416657};-280.569866449044;53.12021047796742
17539;-87.1647227465545;((((pow2((_a1_ * (x * _a6_))) * _a1_) + _a7_) + (x / (pow2(_a6_) * pow2(_a6_)))) * x);{'d0': {'_a1_': 1.6986266866638084, '_a6_': 0.8300480612982201, '_a7_': 1.7751354041987155, '_a0_': 1.0, '_a2_': 1.0, '_a3_': 1.0, '_a4_': 1.0, '_a5_': 1.0}};{'d0': 0.024905832919416657};-280.569866449044;53.12021047796742
17540;-87.1647227465545;((((pow2((_a1_ * (x * _a6_))) * _a1_) + _a7_) + (x / (pow2(_a6_) * pow2(_a6_)))) * x);{'d0': {'_a1_': 1.6986266866638084, '_a6_': 0.8300480612982201, '_a7_': 1.7751354041987155, '_a0_': 1.0, '_a2_': 1.0, '_a3_': 1.0, '_a4_': 1.0, '_a5_': 1.0}};{'d0': 0.024905832919416657};-280.569866449044;53.12021047796742
17541;-87.1647227465545;((((pow2((_a1_ * (x * _a6_))) * _a1_) + _a7_) + (x / (pow2(_a6_) * pow2(_a6_)))) * x);{'d0': {'_a1_': 1.6986266866638084, '_a6_': 0.8300480612982201, '_a7_': 1.7751354041987155, '_a0_': 1.0, '_a2_': 1.0, '_a3_': 1.0, '_a4_': 1.0, '_a5_': 1.0}};{'d0': 0.024905832919416657};-280.569866449044;53.12021047796742
17542;-87.1647227465545;((((pow2((_a1_ * (x * _a6_))) * _a1_) + _a7_) + (x / (pow2(_a6_) * pow2(_a6_)))) * x);{'d0': {'_a1_': 1.6986266866638084, '_a6_': 0.8300480612982201, '_a7_': 1.7751354041987155, '_a0_': 1.0, '_a2_': 1.0, '_a3_': 1.0, '_a4_': 1.0, '_a5_': 1.0}};{'d0': 0.024905832919416657};-280.569866449044;53.12021047796742
17543;-87.1647227465545;((((pow2((_a1_ * (x * _a6_))) * _a1_) + _a7_) + (x / (pow2(_a6_) * pow2(_a6_)))) * x);{'d0': {'_a1_': 1.6986266866638084, '_a6_': 0.8300480612982201, '_a7_': 1.7751354041987155, '_a0_': 1.0, '_a2_': 1.0, '_a3_': 1.0, '_a4_': 1.0, '_a5_': 1.0}};{'d0': 0.024905832919416657};-280.569866449044;53.12021047796742
17544;-87.1647227465545;((((pow2((_a1_ * (x * _a6_))) * _a1_) + _a7_) + (x / (pow2(_a6_) * pow2(_a6_)))) * x);{'d0': {'_a1_': 1.6986266866638084, '_a6_': 0.8300480612982201, '_a7_': 1.7751354041987155, '_a0_': 1.0, '_a2_': 1.0, '_a3_': 1.0, '_a4_': 1.0, '_a5_': 1.0}};{'d0': 0.024905832919416657};-280.569866449044;53.12021047796742
17545;-87.1647227465545;((((pow2((_a1_ * (x * _a6_))) * _a1_) + _a7_) + (x / (pow2(_a6_) * pow2(_a6_)))) * x);{'d0': {'_a1_': 1.6986266866638084, '_a6_': 0.8300480612982201, '_a7_': 1.7751354041987155, '_a0_': 1.0, '_a2_': 1.0, '_a3_': 1.0, '_a4_': 1.0, '_a5_': 1.0}};{'d0': 0.024905832919416657};-280.569866449044;53.12021047796742
17546;-87.1647227465545;((((pow2((_a1_ * (x * _a6_))) * _a1_) + _a7_) + (x / (pow2(_a6_) * pow2(_a6_)))) * x);{'d0': {'_a1_': 1.6986266866638084, '_a6_': 0.8300480612982201, '_a7_': 1.7751354041987155, '_a0_': 1.0, '_a2_': 1.0, '_a3_': 1.0, '_a4_': 1.0, '_a5_': 1.0}};{'d0': 0.024905832919416657};-280.569866449044;53.12021047796742
17547;-87.1647227465545;((((pow2((_a1_ * (x * _a6_))) * _a1_) + _a7_) + (x / (pow2(_a6_) * pow2(_a6_)))) * x);{'d0': {'_a1_': 1.6986266866638084, '_a6_': 0.8300480612982201, '_a7_': 1.7751354041987155, '_a0_': 1.0, '_a2_': 1.0, '_a3_': 1.0, '_a4_': 1.0, '_a5_': 1.0}};{'d0': 0.024905832919416657};-280.569866449044;53.12021047796742
17548;-87.1647227465545;((((pow2((_a1_ * (x * _a6_))) * _a1_) + _a7_) + (x / (pow2(_a6_) * pow2(_a6_)))) * x);{'d0': {'_a1_': 1.6986266866638084, '_a6_': 0.8300480612982201, '_a7_': 1.7751354041987155, '_a0_': 1.0, '_a2_': 1.0, '_a3_': 1.0, '_a4_': 1.0, '_a5_': 1.0}};{'d0': 0.024905832919416657};-280.569866449044;53.12021047796742
17549;-87.1647227465545;((((pow2((_a1_ * (x * _a6_))) * _a1_) + _a7_) + (x / (pow2(_a6_) * pow2(_a6_)))) * x);{'d0': {'_a1_': 1.6986266866638084, '_a6_': 0.8300480612982201, '_a7_': 1.7751354041987155, '_a0_': 1.0, '_a2_': 1.0, '_a3_': 1.0, '_a4_': 1.0, '_a5_': 1.0}};{'d0': 0.024905832919416657};-280.569866449044;53.12021047796742
17550;-87.1647227465545;((((pow2((_a1_ * (x * _a6_))) * _a1_) + _a7_) + (x / (pow2(_a6_) * pow2(_a6_)))) * x);{'d0': {'_a1_': 1.6986266866638084, '_a6_': 0.8300480612982201, '_a7_': 1.7751354041987155, '_a0_': 1.0, '_a2_': 1.0, '_a3_': 1.0, '_a4_': 1.0, '_a5_': 1.0}};{'d0': 0.024905832919416657};-280.569866449044;53.12021047796742
17551;-87.1647227465545;((((pow2((_a1_ * (x * _a6_))) * _a1_) + _a7_) + (x / (pow2(_a6_) * pow2(_a6_)))) * x);{'d0': {'_a1_': 1.6986266866638084, '_a6_': 0.8300480612982201, '_a7_': 1.7751354041987155, '_a0_': 1.0, '_a2_': 1.0, '_a3_': 1.0, '_a4_': 1.0, '_a5_': 1.0}};{'d0': 0.024905832919416657};-280.569866449044;53.12021047796742
17552;-87.1647227465545;((((pow2((_a1_ * (x * _a6_))) * _a1_) + _a7_) + (x / (pow2(_a6_) * pow2(_a6_)))) * x);{'d0': {'_a1_': 1.6986266866638084, '_a6_': 0.8300480612982201, '_a7_': 1.7751354041987155, '_a0_': 1.0, '_a2_': 1.0, '_a3_': 1.0, '_a4_': 1.0, '_a5_': 1.0}};{'d0': 0.024905832919416657};-280.569866449044;53.12021047796742
17553;-87.1647227465545;((((pow2((_a1_ * (x * _a6_))) * _a1_) + _a7_) + (x / (pow2(_a6_) * pow2(_a6_)))) * x);{'d0': {'_a1_': 1.6986266866638084, '_a6_': 0.8300480612982201, '_a7_': 1.7751354041987155, '_a0_': 1.0, '_a2_': 1.0, '_a3_': 1.0, '_a4_': 1.0, '_a5_': 1.0}};{'d0': 0.024905832919416657};-280.569866449044;53.12021047796742
17554;-87.1647227465545;((((pow2((_a1_ * (x * _a6_))) * _a1_) + _a7_) + (x / (pow2(_a6_) * pow2(_a6_)))) * x);{'d0': {'_a1_': 1.6986266866638084, '_a6_': 0.8300480612982201, '_a7_': 1.7751354041987155, '_a0_': 1.0, '_a2_': 1.0, '_a3_': 1.0, '_a4_': 1.0, '_a5_': 1.0}};{'d0': 0.024905832919416657};-280.569866449044;53.12021047796742
17555;-87.1647227465545;((((pow2((_a1_ * (x * _a6_))) * _a1_) + _a7_) + (x / (pow2(_a6_) * pow2(_a6_)))) * x);{'d0': {'_a1_': 1.6986266866638084, '_a6_': 0.8300480612982201, '_a7_': 1.7751354041987155, '_a0_': 1.0, '_a2_': 1.0, '_a3_': 1.0, '_a4_': 1.0, '_a5_': 1.0}};{'d0': 0.024905832919416657};-280.569866449044;53.12021047796742
17556;-87.1647227465545;((((pow2((_a1_ * (x * _a6_))) * _a1_) + _a7_) + (x / (pow2(_a6_) * pow2(_a6_)))) * x);{'d0': {'_a1_': 1.6986266866638084, '_a6_': 0.8300480612982201, '_a7_': 1.7751354041987155, '_a0_': 1.0, '_a2_': 1.0, '_a3_': 1.0, '_a4_': 1.0, '_a5_': 1.0}};{'d0': 0.024905832919416657};-280.569866449044;53.12021047796742
17557;-87.1647227465545;((((pow2((_a1_ * (x * _a6_))) * _a1_) + _a7_) + (x / (pow2(_a6_) * pow2(_a6_)))) * x);{'d0': {'_a1_': 1.6986266866638084, '_a6_': 0.8300480612982201, '_a7_': 1.7751354041987155, '_a0_': 1.0, '_a2_': 1.0, '_a3_': 1.0, '_a4_': 1.0, '_a5_': 1.0}};{'d0': 0.024905832919416657};-280.569866449044;53.12021047796742
17558;-87.1647227465545;((((pow2((_a1_ * (x * _a6_))) * _a1_) + _a7_) + (x / (pow2(_a6_) * pow2(_a6_)))) * x);{'d0': {'_a1_': 1.6986266866638084, '_a6_': 0.8300480612982201, '_a7_': 1.7751354041987155, '_a0_': 1.0, '_a2_': 1.0, '_a3_': 1.0, '_a4_': 1.0, '_a5_': 1.0}};{'d0': 0.024905832919416657};-280.569866449044;53.12021047796742
17559;-87.1647227465545;((((pow2((_a1_ * (x * _a6_))) * _a1_) + _a7_) + (x / (pow2(_a6_) * pow2(_a6_)))) * x);{'d0': {'_a1_': 1.6986266866638084, '_a6_': 0.8300480612982201, '_a7_': 1.7751354041987155, '_a0_': 1.0, '_a2_': 1.0, '_a3_': 1.0, '_a4_': 1.0, '_a5_': 1.0}};{'d0': 0.024905832919416657};-280.569866449044;53.12021047796742
17560;-87.1647227465545;((((pow2((_a1_ * (x * _a6_))) * _a1_) + _a7_) + (x / (pow2(_a6_) * pow2(_a6_)))) * x);{'d0': {'_a1_': 1.6986266866638084, '_a6_': 0.8300480612982201, '_a7_': 1.7751354041987155, '_a0_': 1.0, '_a2_': 1.0, '_a3_': 1.0, '_a4_': 1.0, '_a5_': 1.0}};{'d0': 0.024905832919416657};-280.569866449044;53.12021047796742
17561;-87.1647227465545;((((pow2((_a1_ * (x * _a6_))) * _a1_) + _a7_) + (x / (pow2(_a6_) * pow2(_a6_)))) * x);{'d0': {'_a1_': 1.6986266866638084, '_a6_': 0.8300480612982201, '_a7_': 1.7751354041987155, '_a0_': 1.0, '_a2_': 1.0, '_a3_': 1.0, '_a4_': 1.0, '_a5_': 1.0}};{'d0': 0.024905832919416657};-280.569866449044;53.12021047796742
17562;-87.1647227465545;((((pow2((_a1_ * (x * _a6_))) * _a1_) + _a7_) + (x / (pow2(_a6_) * pow2(_a6_)))) * x);{'d0': {'_a1_': 1.6986266866638084, '_a6_': 0.8300480612982201, '_a7_': 1.7751354041987155, '_a0_': 1.0, '_a2_': 1.0, '_a3_': 1.0, '_a4_': 1.0, '_a5_': 1.0}};{'d0': 0.024905832919416657};-280.569866449044;53.12021047796742
17563;-87.1647227465545;((((pow2((_a1_ * (x * _a6_))) * _a1_) + _a7_) + (x / (pow2(_a6_) * pow2(_a6_)))) * x);{'d0': {'_a1_': 1.6986266866638084, '_a6_': 0.8300480612982201, '_a7_': 1.7751354041987155, '_a0_': 1.0, '_a2_': 1.0, '_a3_': 1.0, '_a4_': 1.0, '_a5_': 1.0}};{'d0': 0.024905832919416657};-280.569866449044;53.12021047796742
17564;-87.1647227465545;((((pow2((_a1_ * (x * _a6_))) * _a1_) + _a7_) + (x / (pow2(_a6_) * pow2(_a6_)))) * x);{'d0': {'_a1_': 1.6986266866638084, '_a6_': 0.8300480612982201, '_a7_': 1.7751354041987155, '_a0_': 1.0, '_a2_': 1.0, '_a3_': 1.0, '_a4_': 1.0, '_a5_': 1.0}};{'d0': 0.024905832919416657};-280.569866449044;53.12021047796742
17565;-87.1647227465545;((((pow2((_a1_ * (x * _a6_))) * _a1_) + _a7_) + (x / (pow2(_a6_) * pow2(_a6_)))) * x);{'d0': {'_a1_': 1.6986266866638084, '_a6_': 0.8300480612982201, '_a7_': 1.7751354041987155, '_a0_': 1.0, '_a2_': 1.0, '_a3_': 1.0, '_a4_': 1.0, '_a5_': 1.0}};{'d0': 0.024905832919416657};-280.569866449044;53.12021047796742
17566;-87.1647227465545;((((pow2((_a1_ * (x * _a6_))) * _a1_) + _a7_) + (x / (pow2(_a6_) * pow2(_a6_)))) * x);{'d0': {'_a1_': 1.6986266866638084, '_a6_': 0.8300480612982201, '_a7_': 1.7751354041987155, '_a0_': 1.0, '_a2_': 1.0, '_a3_': 1.0, '_a4_': 1.0, '_a5_': 1.0}};{'d0': 0.024905832919416657};-280.569866449044;53.12021047796742
17567;-87.1647227465545;((((pow2((_a1_ * (x * _a6_))) * _a1_) + _a7_) + (x / (pow2(_a6_) * pow2(_a6_)))) * x);{'d0': {'_a1_': 1.6986266866638084, '_a6_': 0.8300480612982201, '_a7_': 1.7751354041987155, '_a0_': 1.0, '_a2_': 1.0, '_a3_': 1.0, '_a4_': 1.0, '_a5_': 1.0}};{'d0': 0.024905832919416657};-280.569866449044;53.12021047796742
17568;-87.1647227465545;((((pow2((_a1_ * (x * _a6_))) * _a1_) + _a7_) + (x / (pow2(_a6_) * pow2(_a6_)))) * x);{'d0': {'_a1_': 1.6986266866638084, '_a6_': 0.8300480612982201, '_a7_': 1.7751354041987155, '_a0_': 1.0, '_a2_': 1.0, '_a3_': 1.0, '_a4_': 1.0, '_a5_': 1.0}};{'d0': 0.024905832919416657};-280.569866449044;53.12021047796742
17569;-87.1647227465545;((((pow2((_a1_ * (x * _a6_))) * _a1_) + _a7_) + (x / (pow2(_a6_) * pow2(_a6_)))) * x);{'d0': {'_a1_': 1.6986266866638084, '_a6_': 0.8300480612982201, '_a7_': 1.7751354041987155, '_a0_': 1.0, '_a2_': 1.0, '_a3_': 1.0, '_a4_': 1.0, '_a5_': 1.0}};{'d0': 0.024905832919416657};-280.569866449044;53.12021047796742
17570;-87.1647227465545;((((pow2((_a1_ * (x * _a6_))) * _a1_) + _a7_) + (x / (pow2(_a6_) * pow2(_a6_)))) * x);{'d0': {'_a1_': 1.6986266866638084, '_a6_': 0.8300480612982201, '_a7_': 1.7751354041987155, '_a0_': 1.0, '_a2_': 1.0, '_a3_': 1.0, '_a4_': 1.0, '_a5_': 1.0}};{'d0': 0.024905832919416657};-280.569866449044;53.12021047796742
17571;-97.5351166224424;((pow2(((x + _a4_) * (_a0_ / _a5_))) + _a7_) * (_a7_ * (_a4_ * x)));{'d0': {'_a0_': -759945.8450650556, '_a4_': 0.3119297075544894, '_a5_': -338947.1573780876, '_a7_': 2.153487086727096, '_a1_': 1.0, '_a2_': 1.0, '_a3_': 1.0, '_a6_': 1.0}};{'d0': 0.0249058329194166};-276.475521886822;40.70264432096841
17572;-97.5351166224424;((pow2(((x + _a4_) * (_a0_ / _a5_))) + _a7_) * (_a7_ * (_a4_ * x)));{'d0': {'_a0_': -759945.8450650556, '_a4_': 0.3119297075544894, '_a5_': -338947.1573780876, '_a7_': 2.153487086727096, '_a1_': 1.0, '_a2_': 1.0, '_a3_': 1.0, '_a6_': 1.0}};{'d0': 0.0249058329194166};-276.475521886822;40.70264432096841
17573;-97.5351166224424;((pow2(((x + _a4_) * (_a0_ / _a5_))) + _a7_) * (_a7_ * (_a4_ * x)));{'d0': {'_a0_': -759945.8450650556, '_a4_': 0.3119297075544894, '_a5_': -338947.1573780876, '_a7_': 2.153487086727096, '_a1_': 1.0, '_a2_': 1.0, '_a3_': 1.0, '_a6_': 1.0}};{'d0': 0.0249058329194166};-276.475521886822;40.70264432096841
17574;-99.6554612232686;(_a6_ * ((x * pow2(((_a1_ * _a0_) * (-(x) + _a2_)))) + x));{'d0': {'_a0_': 3.3621261692621567, '_a1_': -0.45442832505102315, '_a2_': -0.3119297076946831, '_a6_': 1.4465760892097885, '_a3_': 1.0, '_a4_': 1.0, '_a5_': 1.0, '_a7_': 1.0}};{'d0': 0.0249058329238297};-276.475521876190;38.58229971482643
17575;-99.6554612232686;(_a6_ * ((x * pow2(((_a1_ * _a0_) * (-(x) + _a2_)))) + x));{'d0': {'_a0_': 3.3621261692621567, '_a1_': -0.45442832505102315, '_a2_': -0.3119297076946831, '_a6_': 1.4465760892097885, '_a3_': 1.0, '_a4_': 1.0, '_a5_': 1.0, '_a7_': 1.0}};{'d0': 0.0249058329238297};-276.475521876190;38.58229971482643
17576;-99.6554612232686;(_a6_ * ((x * pow2(((_a1_ * _a0_) * (-(x) + _a2_)))) + x));{'d0': {'_a0_': 3.3621261692621567, '_a1_': -0.45442832505102315, '_a2_': -0.3119297076946831, '_a6_': 1.4465760892097885, '_a3_': 1.0, '_a4_': 1.0, '_a5_': 1.0, '_a7_': 1.0}};{'d0': 0.0249058329238297};-276.475521876190;38.58229971482643
17577;-99.6554612232686;(_a6_ * ((x * pow2(((_a1_ * _a0_) * (-(x) + _a2_)))) + x));{'d0': {'_a0_': 3.3621261692621567, '_a1_': -0.45442832505102315, '_a2_': -0.3119297076946831, '_a6_': 1.4465760892097885, '_a3_': 1.0, '_a4_': 1.0, '_a5_': 1.0, '_a7_': 1.0}};{'d0': 0.0249058329238297};-276.475521876190;38.58229971482643
17578;-99.6554612232686;(_a6_ * ((x * pow2(((_a1_ * _a0_) * (-(x) + _a2_)))) + x));{'d0': {'_a0_': 3.3621261692621567, '_a1_': -0.45442832505102315, '_a2_': -0.3119297076946831, '_a6_': 1.4465760892097885, '_a3_': 1.0, '_a4_': 1.0, '_a5_': 1.0, '_a7_': 1.0}};{'d0': 0.0249058329238297};-276.475521876190;38.58229971482643
17579;-99.6554612232686;(_a6_ * ((x * pow2(((_a1_ * _a0_) * (-(x) + _a2_)))) + x));{'d0': {'_a0_': 3.3621261692621567, '_a1_': -0.45442832505102315, '_a2_': -0.3119297076946831, '_a6_': 1.4465760892097885, '_a3_': 1.0, '_a4_': 1.0, '_a5_': 1.0, '_a7_': 1.0}};{'d0': 0.0249058329238297};-276.475521876190;38.58229971482643
17580;-99.6554612232686;(_a6_ * ((x * pow2(((_a1_ * _a0_) * (-(x) + _a2_)))) + x));{'d0': {'_a0_': 3.3621261692621567, '_a1_': -0.45442832505102315, '_a2_': -0.3119297076946831, '_a6_': 1.4465760892097885, '_a3_': 1.0, '_a4_': 1.0, '_a5_': 1.0, '_a7_': 1.0}};{'d0': 0.0249058329238297};-276.475521876190;38.58229971482643
17581;-99.6554612232686;(_a6_ * ((x * pow2(((_a1_ * _a0_) * (-(x) + _a2_)))) + x));{'d0': {'_a0_': 3.3621261692621567, '_a1_': -0.45442832505102315, '_a2_': -0.3119297076946831, '_a6_': 1.4465760892097885, '_a3_': 1.0, '_a4_': 1.0, '_a5_': 1.0, '_a7_': 1.0}};{'d0': 0.0249058329238297};-276.475521876190;38.58229971482643
17582;-99.6554612232686;(_a6_ * ((x * pow2(((_a1_ * _a0_) * (-(x) + _a2_)))) + x));{'d0': {'_a0_': 3.3621261692621567, '_a1_': -0.45442832505102315, '_a2_': -0.3119297076946831, '_a6_': 1.4465760892097885, '_a3_': 1.0, '_a4_': 1.0, '_a5_': 1.0, '_a7_': 1.0}};{'d0': 0.0249058329238297};-276.475521876190;38.58229971482643
17583;-99.6554612232686;(_a6_ * ((x * pow2(((_a1_ * _a0_) * (-(x) + _a2_)))) + x));{'d0': {'_a0_': 3.3621261692621567, '_a1_': -0.45442832505102315, '_a2_': -0.3119297076946831, '_a6_': 1.4465760892097885, '_a3_': 1.0, '_a4_': 1.0, '_a5_': 1.0, '_a7_': 1.0}};{'d0': 0.0249058329238297};-276.475521876190;38.58229971482643
17584;-99.6554612232686;(_a6_ * ((x * pow2(((_a1_ * _a0_) * (-(x) + _a2_)))) + x));{'d0': {'_a0_': 3.3621261692621567, '_a1_': -0.45442832505102315, '_a2_': -0.3119297076946831, '_a6_': 1.4465760892097885, '_a3_': 1.0, '_a4_': 1.0, '_a5_': 1.0, '_a7_': 1.0}};{'d0': 0.0249058329238297};-276.475521876190;38.58229971482643
17585;-99.6554612232686;(_a6_ * ((x * pow2(((_a1_ * _a0_) * (-(x) + _a2_)))) + x));{'d0': {'_a0_': 3.3621261692621567, '_a1_': -0.45442832505102315, '_a2_': -0.3119297076946831, '_a6_': 1.4465760892097885, '_a3_': 1.0, '_a4_': 1.0, '_a5_': 1.0, '_a7_': 1.0}};{'d0': 0.0249058329238297};-276.475521876190;38.58229971482643
17586;-99.6554612232686;(_a6_ * ((x * pow2(((_a1_ * _a0_) * (-(x) + _a2_)))) + x));{'d0': {'_a0_': 3.3621261692621567, '_a1_': -0.45442832505102315, '_a2_': -0.3119297076946831, '_a6_': 1.4465760892097885, '_a3_': 1.0, '_a4_': 1.0, '_a5_': 1.0, '_a7_': 1.0}};{'d0': 0.0249058329238297};-276.475521876190;38.58229971482643
17587;-99.6554612232686;(_a6_ * ((x * pow2(((_a1_ * _a0_) * (-(x) + _a2_)))) + x));{'d0': {'_a0_': 3.3621261692621567, '_a1_': -0.45442832505102315, '_a2_': -0.3119297076946831, '_a6_': 1.4465760892097885, '_a3_': 1.0, '_a4_': 1.0, '_a5_': 1.0, '_a7_': 1.0}};{'d0': 0.0249058329238297};-276.475521876190;38.58229971482643
17588;-99.6554612232686;(_a6_ * ((x * pow2(((_a1_ * _a0_) * (-(x) + _a2_)))) + x));{'d0': {'_a0_': 3.3621261692621567, '_a1_': -0.45442832505102315, '_a2_': -0.3119297076946831, '_a6_': 1.4465760892097885, '_a3_': 1.0, '_a4_': 1.0, '_a5_': 1.0, '_a7_': 1.0}};{'d0': 0.0249058329238297};-276.475521876190;38.58229971482643
17589;-99.6554612232686;(_a6_ * ((x * pow2(((_a1_ * _a0_) * (-(x) + _a2_)))) + x));{'d0': {'_a0_': 3.3621261692621567, '_a1_': -0.45442832505102315, '_a2_': -0.3119297076946831, '_a6_': 1.4465760892097885, '_a3_': 1.0, '_a4_': 1.0, '_a5_': 1.0, '_a7_': 1.0}};{'d0': 0.0249058329238297};-276.475521876190;38.58229971482643
17590;-99.6554612232686;(_a6_ * ((x * pow2(((_a1_ * _a0_) * (-(x) + _a2_)))) + x));{'d0': {'_a0_': 3.3621261692621567, '_a1_': -0.45442832505102315, '_a2_': -0.3119297076946831, '_a6_': 1.4465760892097885, '_a3_': 1.0, '_a4_': 1.0, '_a5_': 1.0, '_a7_': 1.0}};{'d0': 0.0249058329238297};-276.475521876190;38.58229971482643
17591;-99.6554612232686;(_a6_ * ((x * pow2(((_a1_ * _a0_) * (-(x) + _a2_)))) + x));{'d0': {'_a0_': 3.3621261692621567, '_a1_': -0.45442832505102315, '_a2_': -0.3119297076946831, '_a6_': 1.4465760892097885, '_a3_': 1.0, '_a4_': 1.0, '_a5_': 1.0, '_a7_': 1.0}};{'d0': 0.0249058329238297};-276.475521876190;38.58229971482643
17592;-99.6554612232686;(_a6_ * ((x * pow2(((_a1_ * _a0_) * (-(x) + _a2_)))) + x));{'d0': {'_a0_': 3.3621261692621567, '_a1_': -0.45442832505102315, '_a2_': -0.3119297076946831, '_a6_': 1.4465760892097885, '_a3_': 1.0, '_a4_': 1.0, '_a5_': 1.0, '_a7_': 1.0}};{'d0': 0.0249058329238297};-276.475521876190;38.58229971482643
17593;-99.6554612232686;(_a6_ * ((x * pow2(((_a1_ * _a0_) * (-(x) + _a2_)))) + x));{'d0': {'_a0_': 3.3621261692621567, '_a1_': -0.45442832505102315, '_a2_': -0.3119297076946831, '_a6_': 1.4465760892097885, '_a3_': 1.0, '_a4_': 1.0, '_a5_': 1.0, '_a7_': 1.0}};{'d0': 0.0249058329238297};-276.475521876190;38.58229971482643
17594;-99.6554612232686;(_a6_ * ((x * pow2(((_a1_ * _a0_) * (-(x) + _a2_)))) + x));{'d0': {'_a0_': 3.3621261692621567, '_a1_': -0.45442832505102315, '_a2_': -0.3119297076946831, '_a6_': 1.4465760892097885, '_a3_': 1.0, '_a4_': 1.0, '_a5_': 1.0, '_a7_': 1.0}};{'d0': 0.0249058329238297};-276.475521876190;38.58229971482643
17595;-99.6554612232686;(_a6_ * ((x * pow2(((_a1_ * _a0_) * (-(x) + _a2_)))) + x));{'d0': {'_a0_': 3.3621261692621567, '_a1_': -0.45442832505102315, '_a2_': -0.3119297076946831, '_a6_': 1.4465760892097885, '_a3_': 1.0, '_a4_': 1.0, '_a5_': 1.0, '_a7_': 1.0}};{'d0': 0.0249058329238297};-276.475521876190;38.58229971482643
17596;-99.6554612232686;(_a6_ * ((x * pow2(((_a1_ * _a0_) * (-(x) + _a2_)))) + x));{'d0': {'_a0_': 3.3621261692621567, '_a1_': -0.45442832505102315, '_a2_': -0.3119297076946831, '_a6_': 1.4465760892097885, '_a3_': 1.0, '_a4_': 1.0, '_a5_': 1.0, '_a7_': 1.0}};{'d0': 0.0249058329238297};-276.475521876190;38.58229971482643
17597;-99.6554612232686;(_a6_ * ((x * pow2(((_a1_ * _a0_) * (-(x) + _a2_)))) + x));{'d0': {'_a0_': 3.3621261692621567, '_a1_': -0.45442832505102315, '_a2_': -0.3119297076946831, '_a6_': 1.4465760892097885, '_a3_': 1.0, '_a4_': 1.0, '_a5_': 1.0, '_a7_': 1.0}};{'d0': 0.0249058329238297};-276.475521876190;38.58229971482643
17598;-99.6554612232686;(_a6_ * ((x * pow2(((_a1_ * _a0_) * (-(x) + _a2_)))) + x));{'d0': {'_a0_': 3.3621261692621567, '_a1_': -0.45442832505102315, '_a2_': -0.3119297076946831, '_a6_': 1.4465760892097885, '_a3_': 1.0, '_a4_': 1.0, '_a5_': 1.0, '_a7_': 1.0}};{'d0': 0.0249058329238297};-276.475521876190;38.58229971482643
17599;-102.776179744541;(_a6_ * ((x * pow2((_a6_ * (-(x) + _a2_)))) + x));{'d0': {'_a2_': -0.3140863592547833, '_a6_': 1.484825074033964, '_a0_': 1.0, '_a1_': 1.0, '_a3_': 1.0, '_a4_': 1.0, '_a5_': 1.0, '_a7_': 1.0}};{'d0': 0.03034204058429878};-272.818279067822;33.63295978936944
17600;-102.776179744541;(_a6_ * ((x * pow2((_a6_ * (-(x) + _a2_)))) + x));{'d0': {'_a2_': -0.3140863592547833, '_a6_': 1.484825074033964, '_a0_': 1.0, '_a1_': 1.0, '_a3_': 1.0, '_a4_': 1.0, '_a5_': 1.0, '_a7_': 1.0}};{'d0': 0.03034204058429878};-272.818279067822;33.63295978936944
17601;-98.6842001030273;(_a6_ * ((x * pow2(((_a7_ + _a0_) * (-(x) + _a2_)))) + x));{'d0': {'_a0_': -85.71875114475031, '_a2_': -0.31192970889572275, '_a6_': 1.4465760912465866, '_a7_': 87.24659714263615, '_a1_': 1.0, '_a3_': 1.0, '_a4_': 1.0, '_a5_': 1.0}};{'d0': 0.024905832921063763};-276.475521882853;39.553560838399434
17602;-92.7635990166092;(_a6_ * ((x * pow2(((_a7_ + (_a0_ + _a6_)) * (-(x) + _a2_)))) + x));{'d0': {'_a0_': -193673.17252525123, '_a2_': -0.31192970775844536, '_a6_': 1.4465760893060349, '_a7_': 193673.2537938472, '_a1_': 1.0, '_a3_': 1.0, '_a4_': 1.0, '_a5_': 1.0}};{'d0': 0.024905832952103153};-276.475521808077;45.47416188742943
17603;-92.7635990166092;(_a6_ * ((x * pow2(((_a7_ + (_a0_ + _a6_)) * (-(x) + _a2_)))) + x));{'d0': {'_a0_': -193673.17252525123, '_a2_': -0.31192970775844536, '_a6_': 1.4465760893060349, '_a7_': 193673.2537938472, '_a1_': 1.0, '_a3_': 1.0, '_a4_': 1.0, '_a5_': 1.0}};{'d0': 0.024905832952103153};-276.475521808077;45.47416188742943
17604;-92.7635990166092;(_a6_ * ((x * pow2(((_a7_ + (_a0_ + _a6_)) * (-(x) + _a2_)))) + x));{'d0': {'_a0_': -193673.17252525123, '_a2_': -0.31192970775844536, '_a6_': 1.4465760893060349, '_a7_': 193673.2537938472, '_a1_': 1.0, '_a3_': 1.0, '_a4_': 1.0, '_a5_': 1.0}};{'d0': 0.024905832952103153};-276.475521808077;45.47416188742943
17605;-92.7635990166092;(_a6_ * ((x * pow2(((_a7_ + (_a0_ + _a6_)) * (-(x) + _a2_)))) + x));{'d0': {'_a0_': -193673.17252525123, '_a2_': -0.31192970775844536, '_a6_': 1.4465760893060349, '_a7_': 193673.2537938472, '_a1_': 1.0, '_a3_': 1.0, '_a4_': 1.0, '_a5_': 1.0}};{'d0': 0.024905832952103153};-276.475521808077;45.47416188742943
17606;-98.6842000780940;(_a6_ * ((x * pow2(((_a7_ + _a3_) * (-(x) + _a2_)))) + x));{'d0': {'_a2_': -0.3119297076966695, '_a3_': -268767.2169493671, '_a6_': 1.4465760892816093, '_a7_': 268765.68910449615, '_a0_': 1.0, '_a1_': 1.0, '_a4_': 1.0, '_a5_': 1.0}};{'d0': 0.024905832941763198};-276.475521832987;39.553560838399434
17607;-98.6842000780940;(_a6_ * ((x * pow2(((_a7_ + _a3_) * (-(x) + _a2_)))) + x));{'d0': {'_a2_': -0.3119297076966695, '_a3_': -268767.2169493671, '_a6_': 1.4465760892816093, '_a7_': 268765.68910449615, '_a0_': 1.0, '_a1_': 1.0, '_a4_': 1.0, '_a5_': 1.0}};{'d0': 0.024905832941763198};-276.475521832987;39.553560838399434
17608;-98.6842000780940;(_a6_ * ((x * pow2(((_a7_ + _a3_) * (-(x) + _a2_)))) + x));{'d0': {'_a2_': -0.3119297076966695, '_a3_': -268767.2169493671, '_a6_': 1.4465760892816093, '_a7_': 268765.68910449615, '_a0_': 1.0, '_a1_': 1.0, '_a4_': 1.0, '_a5_': 1.0}};{'d0': 0.024905832941763198};-276.475521832987;39.553560838399434
17609;-98.6842000780940;(_a6_ * ((x * pow2(((_a7_ + _a3_) * (-(x) + _a2_)))) + x));{'d0': {'_a2_': -0.3119297076966695, '_a3_': -268767.2169493671, '_a6_': 1.4465760892816093, '_a7_': 268765.68910449615, '_a0_': 1.0, '_a1_': 1.0, '_a4_': 1.0, '_a5_': 1.0}};{'d0': 0.024905832941763198};-276.475521832987;39.553560838399434
17610;-98.6842000780940;(_a6_ * ((x * pow2(((_a7_ + _a3_) * (-(x) + _a2_)))) + x));{'d0': {'_a2_': -0.3119297076966695, '_a3_': -268767.2169493671, '_a6_': 1.4465760892816093, '_a7_': 268765.68910449615, '_a0_': 1.0, '_a1_': 1.0, '_a4_': 1.0, '_a5_': 1.0}};{'d0': 0.024905832941763198};-276.475521832987;39.553560838399434
17611;-93.7348601793933;(_a6_ * ((x * pow2(((_a7_ + (_a7_ * _a0_)) * (-(x) + _a2_)))) + x));{'d0': {'_a0_': 1.0126719194492546, '_a2_': -0.3119297077357229, '_a6_': 1.4465760893220334, '_a7_': 0.7591131343229957, '_a1_': 1.0, '_a3_': 1.0, '_a4_': 1.0, '_a5_': 1.0}};{'d0': 0.02490583291955027};-276.475521886500;44.50290076385643
17612;-93.7348601793933;(_a6_ * ((x * pow2(((_a7_ + (_a7_ * _a0_)) * (-(x) + _a2_)))) + x));{'d0': {'_a0_': 1.0126719194492546, '_a2_': -0.3119297077357229, '_a6_': 1.4465760893220334, '_a7_': 0.7591131343229957, '_a1_': 1.0, '_a3_': 1.0, '_a4_': 1.0, '_a5_': 1.0}};{'d0': 0.02490583291955027};-276.475521886500;44.50290076385643
17613;-98.6842000780940;(_a6_ * ((x * pow2(((_a7_ + _a3_) * (-(x) + _a2_)))) + x));{'d0': {'_a2_': -0.3119297076966695, '_a3_': -268767.2169493671, '_a6_': 1.4465760892816093, '_a7_': 268765.68910449615, '_a0_': 1.0, '_a1_': 1.0, '_a4_': 1.0, '_a5_': 1.0}};{'d0': 0.024905832941763198};-276.475521832987;39.553560838399434
17614;-98.6842000780940;(_a6_ * ((x * pow2(((_a7_ + _a3_) * (-(x) + _a2_)))) + x));{'d0': {'_a2_': -0.3119297076966695, '_a3_': -268767.2169493671, '_a6_': 1.4465760892816093, '_a7_': 268765.68910449615, '_a0_': 1.0, '_a1_': 1.0, '_a4_': 1.0, '_a5_': 1.0}};{'d0': 0.024905832941763198};-276.475521832987;39.553560838399434
17615;-98.6842000780940;(_a6_ * ((x * pow2(((_a7_ + _a3_) * (-(x) + _a2_)))) + x));{'d0': {'_a2_': -0.3119297076966695, '_a3_': -268767.2169493671, '_a6_': 1.4465760892816093, '_a7_': 268765.68910449615, '_a0_': 1.0, '_a1_': 1.0, '_a4_': 1.0, '_a5_': 1.0}};{'d0': 0.024905832941763198};-276.475521832987;39.553560838399434
17616;-98.6842000780940;(_a6_ * ((x * pow2(((_a7_ + _a3_) * (-(x) + _a2_)))) + x));{'d0': {'_a2_': -0.3119297076966695, '_a3_': -268767.2169493671, '_a6_': 1.4465760892816093, '_a7_': 268765.68910449615, '_a0_': 1.0, '_a1_': 1.0, '_a4_': 1.0, '_a5_': 1.0}};{'d0': 0.024905832941763198};-276.475521832987;39.553560838399434
17617;-98.6842000780940;(_a6_ * ((x * pow2(((_a7_ + _a3_) * (-(x) + _a2_)))) + x));{'d0': {'_a2_': -0.3119297076966695, '_a3_': -268767.2169493671, '_a6_': 1.4465760892816093, '_a7_': 268765.68910449615, '_a0_': 1.0, '_a1_': 1.0, '_a4_': 1.0, '_a5_': 1.0}};{'d0': 0.024905832941763198};-276.475521832987;39.553560838399434
17618;-98.6842000780940;(_a6_ * ((x * pow2(((_a7_ + _a3_) * (-(x) + _a2_)))) + x));{'d0': {'_a2_': -0.3119297076966695, '_a3_': -268767.2169493671, '_a6_': 1.4465760892816093, '_a7_': 268765.68910449615, '_a0_': 1.0, '_a1_': 1.0, '_a4_': 1.0, '_a5_': 1.0}};{'d0': 0.024905832941763198};-276.475521832987;39.553560838399434
17619;-98.6842000780940;(_a6_ * ((x * pow2(((_a7_ + _a3_) * (-(x) + _a2_)))) + x));{'d0': {'_a2_': -0.3119297076966695, '_a3_': -268767.2169493671, '_a6_': 1.4465760892816093, '_a7_': 268765.68910449615, '_a0_': 1.0, '_a1_': 1.0, '_a4_': 1.0, '_a5_': 1.0}};{'d0': 0.024905832941763198};-276.475521832987;39.553560838399434
17620;-98.6842000780940;(_a6_ * ((x * pow2(((_a7_ + _a3_) * (-(x) + _a2_)))) + x));{'d0': {'_a2_': -0.3119297076966695, '_a3_': -268767.2169493671, '_a6_': 1.4465760892816093, '_a7_': 268765.68910449615, '_a0_': 1.0, '_a1_': 1.0, '_a4_': 1.0, '_a5_': 1.0}};{'d0': 0.024905832941763198};-276.475521832987;39.553560838399434
17621;-98.6842000780940;(_a6_ * ((x * pow2(((_a7_ + _a3_) * (-(x) + _a2_)))) + x));{'d0': {'_a2_': -0.3119297076966695, '_a3_': -268767.2169493671, '_a6_': 1.4465760892816093, '_a7_': 268765.68910449615, '_a0_': 1.0, '_a1_': 1.0, '_a4_': 1.0, '_a5_': 1.0}};{'d0': 0.024905832941763198};-276.475521832987;39.553560838399434
17622;-98.6842000780940;(_a6_ * ((x * pow2(((_a7_ + _a3_) * (-(x) + _a2_)))) + x));{'d0': {'_a2_': -0.3119297076966695, '_a3_': -268767.2169493671, '_a6_': 1.4465760892816093, '_a7_': 268765.68910449615, '_a0_': 1.0, '_a1_': 1.0, '_a4_': 1.0, '_a5_': 1.0}};{'d0': 0.024905832941763198};-276.475521832987;39.553560838399434
17623;-98.6842000780940;(_a6_ * ((x * pow2(((_a7_ + _a3_) * (-(x) + _a2_)))) + x));{'d0': {'_a2_': -0.3119297076966695, '_a3_': -268767.2169493671, '_a6_': 1.4465760892816093, '_a7_': 268765.68910449615, '_a0_': 1.0, '_a1_': 1.0, '_a4_': 1.0, '_a5_': 1.0}};{'d0': 0.024905832941763198};-276.475521832987;39.553560838399434
17624;-98.6842000780940;(_a6_ * ((x * pow2(((_a7_ + _a3_) * (-(x) + _a2_)))) + x));{'d0': {'_a2_': -0.3119297076966695, '_a3_': -268767.2169493671, '_a6_': 1.4465760892816093, '_a7_': 268765.68910449615, '_a0_': 1.0, '_a1_': 1.0, '_a4_': 1.0, '_a5_': 1.0}};{'d0': 0.024905832941763198};-276.475521832987;39.553560838399434
17625;-98.6842000780940;(_a6_ * ((x * pow2(((_a7_ + _a3_) * (-(x) + _a2_)))) + x));{'d0': {'_a2_': -0.3119297076966695, '_a3_': -268767.2169493671, '_a6_': 1.4465760892816093, '_a7_': 268765.68910449615, '_a0_': 1.0, '_a1_': 1.0, '_a4_': 1.0, '_a5_': 1.0}};{'d0': 0.024905832941763198};-276.475521832987;39.553560838399434
17626;-98.6842000780940;(_a6_ * ((x * pow2(((_a7_ + _a3_) * (-(x) + _a2_)))) + x));{'d0': {'_a2_': -0.3119297076966695, '_a3_': -268767.2169493671, '_a6_': 1.4465760892816093, '_a7_': 268765.68910449615, '_a0_': 1.0, '_a1_': 1.0, '_a4_': 1.0, '_a5_': 1.0}};{'d0': 0.024905832941763198};-276.475521832987;39.553560838399434
17627;-98.6842000780940;(_a6_ * ((x * pow2(((_a7_ + _a3_) * (-(x) + _a2_)))) + x));{'d0': {'_a2_': -0.3119297076966695, '_a3_': -268767.2169493671, '_a6_': 1.4465760892816093, '_a7_': 268765.68910449615, '_a0_': 1.0, '_a1_': 1.0, '_a4_': 1.0, '_a5_': 1.0}};{'d0': 0.024905832941763198};-276.475521832987;39.553560838399434
17628;-98.6842000780940;(_a6_ * ((x * pow2(((_a7_ + _a3_) * (-(x) + _a2_)))) + x));{'d0': {'_a2_': -0.3119297076966695, '_a3_': -268767.2169493671, '_a6_': 1.4465760892816093, '_a7_': 268765.68910449615, '_a0_': 1.0, '_a1_': 1.0, '_a4_': 1.0, '_a5_': 1.0}};{'d0': 0.024905832941763198};-276.475521832987;39.553560838399434
17629;-98.6842000780940;(_a6_ * ((x * pow2(((_a7_ + _a3_) * (-(x) + _a2_)))) + x));{'d0': {'_a2_': -0.3119297076966695, '_a3_': -268767.2169493671, '_a6_': 1.4465760892816093, '_a7_': 268765.68910449615, '_a0_': 1.0, '_a1_': 1.0, '_a4_': 1.0, '_a5_': 1.0}};{'d0': 0.024905832941763198};-276.475521832987;39.553560838399434
17630;-98.6842000780940;(_a6_ * ((x * pow2(((_a7_ + _a3_) * (-(x) + _a2_)))) + x));{'d0': {'_a2_': -0.3119297076966695, '_a3_': -268767.2169493671, '_a6_': 1.4465760892816093, '_a7_': 268765.68910449615, '_a0_': 1.0, '_a1_': 1.0, '_a4_': 1.0, '_a5_': 1.0}};{'d0': 0.024905832941763198};-276.475521832987;39.553560838399434
17631;-106.651973435152;(_a6_ * ((x * pow2((_a3_ * (-(x) + _a2_)))) + x));{'d0': {'_a2_': -0.31192970766946565, '_a3_': 1.527845758421391, '_a6_': 1.4465760886893961, '_a0_': 1.0, '_a1_': 1.0, '_a4_': 1.0, '_a5_': 1.0, '_a7_': 1.0}};{'d0': 0.024905832919416598};-280.569866449044;33.63295978936944
17632;-106.651973435152;(_a6_ * ((x * pow2((_a3_ * (-(x) + _a2_)))) + x));{'d0': {'_a2_': -0.31192970766946565, '_a3_': 1.527845758421391, '_a6_': 1.4465760886893961, '_a0_': 1.0, '_a1_': 1.0, '_a4_': 1.0, '_a5_': 1.0, '_a7_': 1.0}};{'d0': 0.024905832919416598};-280.569866449044;33.63295978936944
17633;-106.651973435152;(_a6_ * ((x * pow2((_a3_ * (-(x) + _a2_)))) + x));{'d0': {'_a2_': -0.31192970766946565, '_a3_': 1.527845758421391, '_a6_': 1.4465760886893961, '_a0_': 1.0, '_a1_': 1.0, '_a4_': 1.0, '_a5_': 1.0, '_a7_': 1.0}};{'d0': 0.024905832919416598};-280.569866449044;33.63295978936944
17634;-106.651973435152;(_a6_ * ((x * pow2((_a3_ * (-(x) + _a2_)))) + x));{'d0': {'_a2_': -0.31192970766946565, '_a3_': 1.527845758421391, '_a6_': 1.4465760886893961, '_a0_': 1.0, '_a1_': 1.0, '_a4_': 1.0, '_a5_': 1.0, '_a7_': 1.0}};{'d0': 0.024905832919416598};-280.569866449044;33.63295978936944
17635;-106.651973435152;(_a6_ * ((x * pow2((_a3_ * (-(x) + _a2_)))) + x));{'d0': {'_a2_': -0.31192970766946565, '_a3_': 1.527845758421391, '_a6_': 1.4465760886893961, '_a0_': 1.0, '_a1_': 1.0, '_a4_': 1.0, '_a5_': 1.0, '_a7_': 1.0}};{'d0': 0.024905832919416598};-280.569866449044;33.63295978936944
17636;-106.651973435152;(_a6_ * ((x * pow2((_a3_ * (-(x) + _a2_)))) + x));{'d0': {'_a2_': -0.31192970766946565, '_a3_': 1.527845758421391, '_a6_': 1.4465760886893961, '_a0_': 1.0, '_a1_': 1.0, '_a4_': 1.0, '_a5_': 1.0, '_a7_': 1.0}};{'d0': 0.024905832919416598};-280.569866449044;33.63295978936944
17637;-106.651973435152;(_a6_ * ((x * pow2((_a3_ * (-(x) + _a2_)))) + x));{'d0': {'_a2_': -0.31192970766946565, '_a3_': 1.527845758421391, '_a6_': 1.4465760886893961, '_a0_': 1.0, '_a1_': 1.0, '_a4_': 1.0, '_a5_': 1.0, '_a7_': 1.0}};{'d0': 0.024905832919416598};-280.569866449044;33.63295978936944
17638;-90.8626572191645;((((pow2((_a0_ * (x * _a0_))) * _a1_) + _a0_) + (x / (pow2(_a6_) * _a6_))) * x);{'d0': {'_a0_': 1.775135404274228, '_a1_': 0.3400747316430058, '_a6_': 0.7800773225339596, '_a2_': 1.0, '_a3_': 1.0, '_a4_': 1.0, '_a5_': 1.0, '_a7_': 1.0}};{'d0': 0.02490583291941661};-280.569866449044;49.42227600535742
17639;-90.8626572191645;((((pow2((_a0_ * (x * _a0_))) * _a1_) + _a0_) + (x / (pow2(_a6_) * _a6_))) * x);{'d0': {'_a0_': 1.775135404274228, '_a1_': 0.3400747316430058, '_a6_': 0.7800773225339596, '_a2_': 1.0, '_a3_': 1.0, '_a4_': 1.0, '_a5_': 1.0, '_a7_': 1.0}};{'d0': 0.02490583291941661};-280.569866449044;49.42227600535742
17640;-90.8626572191645;((((pow2((_a0_ * (x * _a0_))) * _a1_) + _a0_) + (x / (pow2(_a6_) * _a6_))) * x);{'d0': {'_a0_': 1.775135404274228, '_a1_': 0.3400747316430058, '_a6_': 0.7800773225339596, '_a2_': 1.0, '_a3_': 1.0, '_a4_': 1.0, '_a5_': 1.0, '_a7_': 1.0}};{'d0': 0.02490583291941661};-280.569866449044;49.42227600535742
17641;-90.8626572191645;((((pow2((_a0_ * (x * _a0_))) * _a1_) + _a0_) + (x / (pow2(_a6_) * _a6_))) * x);{'d0': {'_a0_': 1.775135404274228, '_a1_': 0.3400747316430058, '_a6_': 0.7800773225339596, '_a2_': 1.0, '_a3_': 1.0, '_a4_': 1.0, '_a5_': 1.0, '_a7_': 1.0}};{'d0': 0.02490583291941661};-280.569866449044;49.42227600535742
17642;-90.8626572191645;((((pow2((_a0_ * (x * _a0_))) * _a1_) + _a0_) + (x / (pow2(_a6_) * _a6_))) * x);{'d0': {'_a0_': 1.775135404274228, '_a1_': 0.3400747316430058, '_a6_': 0.7800773225339596, '_a2_': 1.0, '_a3_': 1.0, '_a4_': 1.0, '_a5_': 1.0, '_a7_': 1.0}};{'d0': 0.02490583291941661};-280.569866449044;49.42227600535742
17643;-90.8626572191645;((((pow2((_a0_ * (x * _a0_))) * _a1_) + _a0_) + (x / (pow2(_a6_) * _a6_))) * x);{'d0': {'_a0_': 1.775135404274228, '_a1_': 0.3400747316430058, '_a6_': 0.7800773225339596, '_a2_': 1.0, '_a3_': 1.0, '_a4_': 1.0, '_a5_': 1.0, '_a7_': 1.0}};{'d0': 0.02490583291941661};-280.569866449044;49.42227600535742
17644;-90.8626572191645;((((pow2((_a0_ * (x * _a0_))) * _a1_) + _a0_) + (x / (pow2(_a6_) * _a6_))) * x);{'d0': {'_a0_': 1.775135404274228, '_a1_': 0.3400747316430058, '_a6_': 0.7800773225339596, '_a2_': 1.0, '_a3_': 1.0, '_a4_': 1.0, '_a5_': 1.0, '_a7_': 1.0}};{'d0': 0.02490583291941661};-280.569866449044;49.42227600535742
17645;-90.8626572191645;((((pow2((_a0_ * (x * _a0_))) * _a1_) + _a0_) + (x / (pow2(_a6_) * _a6_))) * x);{'d0': {'_a0_': 1.775135404274228, '_a1_': 0.3400747316430058, '_a6_': 0.7800773225339596, '_a2_': 1.0, '_a3_': 1.0, '_a4_': 1.0, '_a5_': 1.0, '_a7_': 1.0}};{'d0': 0.02490583291941661};-280.569866449044;49.42227600535742
17646;-90.8626572191645;((((pow2((_a0_ * (x * _a0_))) * _a1_) + _a0_) + (x / (pow2(_a6_) * _a6_))) * x);{'d0': {'_a0_': 1.775135404274228, '_a1_': 0.3400747316430058, '_a6_': 0.7800773225339596, '_a2_': 1.0, '_a3_': 1.0, '_a4_': 1.0, '_a5_': 1.0, '_a7_': 1.0}};{'d0': 0.02490583291941661};-280.569866449044;49.42227600535742
17647;-94.5605916917746;((((pow2((_a0_ * (x * _a0_))) * _a1_) + _a0_) + (x / (_a1_ * _a6_))) * x);{'d0': {'_a0_': 1.775135404647881, '_a1_': 0.34007473115173714, '_a6_': 1.395849499808782, '_a2_': 1.0, '_a3_': 1.0, '_a4_': 1.0, '_a5_': 1.0, '_a7_': 1.0}};{'d0': 0.024905832919416584};-280.569866449044;45.72434153274742
17648;-94.5605916917746;((((pow2((_a0_ * (x * _a0_))) * _a1_) + _a0_) + (x / (_a1_ * _a6_))) * x);{'d0': {'_a0_': 1.775135404647881, '_a1_': 0.34007473115173714, '_a6_': 1.395849499808782, '_a2_': 1.0, '_a3_': 1.0, '_a4_': 1.0, '_a5_': 1.0, '_a7_': 1.0}};{'d0': 0.024905832919416584};-280.569866449044;45.72434153274742
17649;-94.5605916917746;((((pow2((_a0_ * (x * _a0_))) * _a1_) + _a0_) + (x / (_a1_ * _a6_))) * x);{'d0': {'_a0_': 1.775135404647881, '_a1_': 0.34007473115173714, '_a6_': 1.395849499808782, '_a2_': 1.0, '_a3_': 1.0, '_a4_': 1.0, '_a5_': 1.0, '_a7_': 1.0}};{'d0': 0.024905832919416584};-280.569866449044;45.72434153274742
17650;-94.5605916917746;((((pow2((_a0_ * (x * _a0_))) * _a1_) + _a0_) + (x / (_a1_ * _a6_))) * x);{'d0': {'_a0_': 1.775135404647881, '_a1_': 0.34007473115173714, '_a6_': 1.395849499808782, '_a2_': 1.0, '_a3_': 1.0, '_a4_': 1.0, '_a5_': 1.0, '_a7_': 1.0}};{'d0': 0.024905832919416584};-280.569866449044;45.72434153274742
17651;-94.5605916917746;((((pow2((_a0_ * (x * _a0_))) * _a1_) + _a0_) + (x / (_a1_ * _a6_))) * x);{'d0': {'_a0_': 1.775135404647881, '_a1_': 0.34007473115173714, '_a6_': 1.395849499808782, '_a2_': 1.0, '_a3_': 1.0, '_a4_': 1.0, '_a5_': 1.0, '_a7_': 1.0}};{'d0': 0.024905832919416584};-280.569866449044;45.72434153274742
17652;-94.5605916917746;((((pow2((_a0_ * (x * _a0_))) * _a1_) + _a0_) + (x / (_a1_ * _a6_))) * x);{'d0': {'_a0_': 1.775135404647881, '_a1_': 0.34007473115173714, '_a6_': 1.395849499808782, '_a2_': 1.0, '_a3_': 1.0, '_a4_': 1.0, '_a5_': 1.0, '_a7_': 1.0}};{'d0': 0.024905832919416584};-280.569866449044;45.72434153274742
17653;-94.5605916917746;((((pow2((_a0_ * (x * _a0_))) * _a1_) + _a0_) + (x / (_a1_ * _a6_))) * x);{'d0': {'_a0_': 1.775135404647881, '_a1_': 0.34007473115173714, '_a6_': 1.395849499808782, '_a2_': 1.0, '_a3_': 1.0, '_a4_': 1.0, '_a5_': 1.0, '_a7_': 1.0}};{'d0': 0.024905832919416584};-280.569866449044;45.72434153274742
17654;-94.5605916917746;((((pow2((_a0_ * (x * _a0_))) * _a1_) + _a0_) + (x / (_a1_ * _a6_))) * x);{'d0': {'_a0_': 1.775135404647881, '_a1_': 0.34007473115173714, '_a6_': 1.395849499808782, '_a2_': 1.0, '_a3_': 1.0, '_a4_': 1.0, '_a5_': 1.0, '_a7_': 1.0}};{'d0': 0.024905832919416584};-280.569866449044;45.72434153274742
17655;-94.5605916917746;((((pow2((_a0_ * (x * _a0_))) * _a1_) + _a0_) + (x / (_a1_ * _a6_))) * x);{'d0': {'_a0_': 1.775135404647881, '_a1_': 0.34007473115173714, '_a6_': 1.395849499808782, '_a2_': 1.0, '_a3_': 1.0, '_a4_': 1.0, '_a5_': 1.0, '_a7_': 1.0}};{'d0': 0.024905832919416584};-280.569866449044;45.72434153274742
17656;-94.5605916917746;((((pow2((_a0_ * (x * _a0_))) * _a1_) + _a0_) + (x / (_a1_ * _a6_))) * x);{'d0': {'_a0_': 1.775135404647881, '_a1_': 0.34007473115173714, '_a6_': 1.395849499808782, '_a2_': 1.0, '_a3_': 1.0, '_a4_': 1.0, '_a5_': 1.0, '_a7_': 1.0}};{'d0': 0.024905832919416584};-280.569866449044;45.72434153274742
17657;-94.5605916917746;((((pow2((_a0_ * (x * _a0_))) * _a1_) + _a0_) + (x / (_a1_ * _a6_))) * x);{'d0': {'_a0_': 1.775135404647881, '_a1_': 0.34007473115173714, '_a6_': 1.395849499808782, '_a2_': 1.0, '_a3_': 1.0, '_a4_': 1.0, '_a5_': 1.0, '_a7_': 1.0}};{'d0': 0.024905832919416584};-280.569866449044;45.72434153274742
17658;-94.5605916917746;((((pow2((_a0_ * (x * _a0_))) * _a1_) + _a0_) + (x / (_a1_ * _a6_))) * x);{'d0': {'_a0_': 1.775135404647881, '_a1_': 0.34007473115173714, '_a6_': 1.395849499808782, '_a2_': 1.0, '_a3_': 1.0, '_a4_': 1.0, '_a5_': 1.0, '_a7_': 1.0}};{'d0': 0.024905832919416584};-280.569866449044;45.72434153274742
17659;-94.5605916917747;((((pow2((_a0_ * (x * _a1_))) * _a1_) + _a0_) + (x / (_a1_ * _a6_))) * x);{'d0': {'_a0_': 1.7751354039540814, '_a1_': 1.0233223168408423, '_a6_': 0.46387451426827353, '_a2_': 1.0, '_a3_': 1.0, '_a4_': 1.0, '_a5_': 1.0, '_a7_': 1.0}};{'d0': 0.024905832919416507};-280.569866449044;45.72434153274742
17660;-94.5605916917747;((((pow2((_a0_ * (x * _a1_))) * _a1_) + _a0_) + (x / (_a1_ * _a6_))) * x);{'d0': {'_a0_': 1.7751354039540814, '_a1_': 1.0233223168408423, '_a6_': 0.46387451426827353, '_a2_': 1.0, '_a3_': 1.0, '_a4_': 1.0, '_a5_': 1.0, '_a7_': 1.0}};{'d0': 0.024905832919416507};-280.569866449044;45.72434153274742
17661;-94.5605916917747;((((pow2((_a0_ * (x * _a1_))) * _a1_) + _a0_) + (x / (_a1_ * _a6_))) * x);{'d0': {'_a0_': 1.7751354039540814, '_a1_': 1.0233223168408423, '_a6_': 0.46387451426827353, '_a2_': 1.0, '_a3_': 1.0, '_a4_': 1.0, '_a5_': 1.0, '_a7_': 1.0}};{'d0': 0.024905832919416507};-280.569866449044;45.72434153274742
17662;-94.5605916917747;((((pow2((_a0_ * (x * _a1_))) * _a1_) + _a0_) + (x / (_a1_ * _a6_))) * x);{'d0': {'_a0_': 1.7751354039540814, '_a1_': 1.0233223168408423, '_a6_': 0.46387451426827353, '_a2_': 1.0, '_a3_': 1.0, '_a4_': 1.0, '_a5_': 1.0, '_a7_': 1.0}};{'d0': 0.024905832919416507};-280.569866449044;45.72434153274742
17663;-94.5605916917747;((((pow2((_a0_ * (x * _a1_))) * _a1_) + _a0_) + (x / (_a1_ * _a6_))) * x);{'d0': {'_a0_': 1.7751354039540814, '_a1_': 1.0233223168408423, '_a6_': 0.46387451426827353, '_a2_': 1.0, '_a3_': 1.0, '_a4_': 1.0, '_a5_': 1.0, '_a7_': 1.0}};{'d0': 0.024905832919416507};-280.569866449044;45.72434153274742
17664;-94.5605916917747;((((pow2((_a0_ * (x * _a1_))) * _a1_) + _a0_) + (x / (_a1_ * _a6_))) * x);{'d0': {'_a0_': 1.7751354039540814, '_a1_': 1.0233223168408423, '_a6_': 0.46387451426827353, '_a2_': 1.0, '_a3_': 1.0, '_a4_': 1.0, '_a5_': 1.0, '_a7_': 1.0}};{'d0': 0.024905832919416507};-280.569866449044;45.72434153274742
17665;-94.5605916917743;((((pow2((_a0_ * (x * _a6_))) * _a1_) + _a0_) + (x / (_a1_ * _a6_))) * x);{'d0': {'_a0_': 1.7751354022580534, '_a1_': 0.2102754519730692, '_a6_': 2.2574824434357215, '_a2_': 1.0, '_a3_': 1.0, '_a4_': 1.0, '_a5_': 1.0, '_a7_': 1.0}};{'d0': 0.02490583291941677};-280.569866449043;45.72434153274742
17666;-94.5605916917743;((((pow2((_a0_ * (x * _a6_))) * _a1_) + _a0_) + (x / (_a1_ * _a6_))) * x);{'d0': {'_a0_': 1.7751354022580534, '_a1_': 0.2102754519730692, '_a6_': 2.2574824434357215, '_a2_': 1.0, '_a3_': 1.0, '_a4_': 1.0, '_a5_': 1.0, '_a7_': 1.0}};{'d0': 0.02490583291941677};-280.569866449043;45.72434153274742
17667;-94.5605916917743;((((pow2((_a0_ * (x * _a6_))) * _a1_) + _a0_) + (x / (_a1_ * _a6_))) * x);{'d0': {'_a0_': 1.7751354022580534, '_a1_': 0.2102754519730692, '_a6_': 2.2574824434357215, '_a2_': 1.0, '_a3_': 1.0, '_a4_': 1.0, '_a5_': 1.0, '_a7_': 1.0}};{'d0': 0.02490583291941677};-280.569866449043;45.72434153274742
17668;-94.5605916917743;((((pow2((_a0_ * (x * _a6_))) * _a1_) + _a0_) + (x / (_a1_ * _a6_))) * x);{'d0': {'_a0_': 1.7751354022580534, '_a1_': 0.2102754519730692, '_a6_': 2.2574824434357215, '_a2_': 1.0, '_a3_': 1.0, '_a4_': 1.0, '_a5_': 1.0, '_a7_': 1.0}};{'d0': 0.02490583291941677};-280.569866449043;45.72434153274742
17669;-94.5605916917743;((((pow2((_a0_ * (x * _a6_))) * _a1_) + _a0_) + (x / (_a1_ * _a6_))) * x);{'d0': {'_a0_': 1.7751354022580534, '_a1_': 0.2102754519730692, '_a6_': 2.2574824434357215, '_a2_': 1.0, '_a3_': 1.0, '_a4_': 1.0, '_a5_': 1.0, '_a7_': 1.0}};{'d0': 0.02490583291941677};-280.569866449043;45.72434153274742
17670;-94.5605916917743;((((pow2((_a0_ * (x * _a6_))) * _a1_) + _a0_) + (x / (_a1_ * _a6_))) * x);{'d0': {'_a0_': 1.7751354022580534, '_a1_': 0.2102754519730692, '_a6_': 2.2574824434357215, '_a2_': 1.0, '_a3_': 1.0, '_a4_': 1.0, '_a5_': 1.0, '_a7_': 1.0}};{'d0': 0.02490583291941677};-280.569866449043;45.72434153274742
17671;-106.651973435152;(((pow2((-((x + _a3_)) * _a3_)) + _a4_) * _a1_) * x);{'d0': {'_a1_': 34.704583017250386, '_a3_': 0.3119297078605634, '_a4_': 0.04168256650382002, '_a0_': 1.0, '_a2_': 1.0, '_a5_': 1.0, '_a6_': 1.0, '_a7_': 1.0}};{'d0': 0.024905832919416643};-280.569866449044;33.63295978936932
17672;-106.651973435152;(((pow2((-((x + _a3_)) * _a3_)) + _a4_) * _a1_) * x);{'d0': {'_a1_': 34.704583017250386, '_a3_': 0.3119297078605634, '_a4_': 0.04168256650382002, '_a0_': 1.0, '_a2_': 1.0, '_a5_': 1.0, '_a6_': 1.0, '_a7_': 1.0}};{'d0': 0.024905832919416643};-280.569866449044;33.63295978936932
17673;-106.651973435152;(((pow2((-((x + _a3_)) * _a3_)) + _a4_) * _a1_) * x);{'d0': {'_a1_': 34.704583017250386, '_a3_': 0.3119297078605634, '_a4_': 0.04168256650382002, '_a0_': 1.0, '_a2_': 1.0, '_a5_': 1.0, '_a6_': 1.0, '_a7_': 1.0}};{'d0': 0.024905832919416643};-280.569866449044;33.63295978936932
17674;-106.651973435152;(((pow2((-((x + _a3_)) * _a3_)) + _a4_) * _a1_) * x);{'d0': {'_a1_': 34.704583017250386, '_a3_': 0.3119297078605634, '_a4_': 0.04168256650382002, '_a0_': 1.0, '_a2_': 1.0, '_a5_': 1.0, '_a6_': 1.0, '_a7_': 1.0}};{'d0': 0.024905832919416643};-280.569866449044;33.63295978936932
17675;-106.651973435153;(((pow2((-((x + _a3_)) * _a4_)) + _a4_) * _a1_) * x);{'d0': {'_a1_': 0.6197010857891396, '_a3_': 0.31192970775323486, '_a4_': 2.334312659078279, '_a0_': 1.0, '_a2_': 1.0, '_a5_': 1.0, '_a6_': 1.0, '_a7_': 1.0}};{'d0': 0.024905832919416566};-280.569866449044;33.63295978936932
17676;-106.651973435153;(((pow2((-((x + _a3_)) * _a4_)) + _a4_) * _a1_) * x);{'d0': {'_a1_': 0.6197010857891396, '_a3_': 0.31192970775323486, '_a4_': 2.334312659078279, '_a0_': 1.0, '_a2_': 1.0, '_a5_': 1.0, '_a6_': 1.0, '_a7_': 1.0}};{'d0': 0.024905832919416566};-280.569866449044;33.63295978936932
17677;-106.651973435153;(((pow2((-((x + _a3_)) * _a4_)) + _a4_) * _a1_) * x);{'d0': {'_a1_': 0.6197010857891396, '_a3_': 0.31192970775323486, '_a4_': 2.334312659078279, '_a0_': 1.0, '_a2_': 1.0, '_a5_': 1.0, '_a6_': 1.0, '_a7_': 1.0}};{'d0': 0.024905832919416566};-280.569866449044;33.63295978936932
17678;-106.651973435153;(((pow2((-((x + _a3_)) * _a4_)) + _a4_) * _a1_) * x);{'d0': {'_a1_': 0.6197010857891396, '_a3_': 0.31192970775323486, '_a4_': 2.334312659078279, '_a0_': 1.0, '_a2_': 1.0, '_a5_': 1.0, '_a6_': 1.0, '_a7_': 1.0}};{'d0': 0.024905832919416566};-280.569866449044;33.63295978936932
17679;-106.651973435153;(((pow2((-((x + _a3_)) * _a4_)) + _a4_) * _a1_) * x);{'d0': {'_a1_': 0.6197010857891396, '_a3_': 0.31192970775323486, '_a4_': 2.334312659078279, '_a0_': 1.0, '_a2_': 1.0, '_a5_': 1.0, '_a6_': 1.0, '_a7_': 1.0}};{'d0': 0.024905832919416566};-280.569866449044;33.63295978936932
17680;-106.651973435153;(((pow2((-((x + _a3_)) * _a4_)) + _a4_) * _a1_) * x);{'d0': {'_a1_': 0.6197010857891396, '_a3_': 0.31192970775323486, '_a4_': 2.334312659078279, '_a0_': 1.0, '_a2_': 1.0, '_a5_': 1.0, '_a6_': 1.0, '_a7_': 1.0}};{'d0': 0.024905832919416566};-280.569866449044;33.63295978936932
17681;-106.651973435153;(((pow2((-((x + _a3_)) * _a4_)) + _a4_) * _a1_) * x);{'d0': {'_a1_': 0.6197010857891396, '_a3_': 0.31192970775323486, '_a4_': 2.334312659078279, '_a0_': 1.0, '_a2_': 1.0, '_a5_': 1.0, '_a6_': 1.0, '_a7_': 1.0}};{'d0': 0.024905832919416566};-280.569866449044;33.63295978936932
17682;-106.651973435153;(((pow2((-((x + _a3_)) * _a4_)) + _a4_) * _a1_) * x);{'d0': {'_a1_': 0.6197010857891396, '_a3_': 0.31192970775323486, '_a4_': 2.334312659078279, '_a0_': 1.0, '_a2_': 1.0, '_a5_': 1.0, '_a6_': 1.0, '_a7_': 1.0}};{'d0': 0.024905832919416566};-280.569866449044;33.63295978936932
17683;-106.651973435153;(((pow2((-((x + _a3_)) * _a4_)) + _a4_) * _a1_) * x);{'d0': {'_a1_': 0.6197010857891396, '_a3_': 0.31192970775323486, '_a4_': 2.334312659078279, '_a0_': 1.0, '_a2_': 1.0, '_a5_': 1.0, '_a6_': 1.0, '_a7_': 1.0}};{'d0': 0.024905832919416566};-280.569866449044;33.63295978936932
17684;-101.702633509696;((((pow2((-((x + _a3_)) * _a4_)) + _a4_) * _a1_) * x) * _a1_);{'d0': {'_a1_': 0.7872109539643086, '_a3_': 0.31192970789204516, '_a4_': 2.334312658623448, '_a0_': 1.0, '_a2_': 1.0, '_a5_': 1.0, '_a6_': 1.0, '_a7_': 1.0}};{'d0': 0.024905832919416605};-280.569866449044;38.58229971482632
17685;-101.702633509696;((((pow2((-((x + _a3_)) * _a4_)) + _a4_) * _a1_) * x) * _a1_);{'d0': {'_a1_': 0.7872109539643086, '_a3_': 0.31192970789204516, '_a4_': 2.334312658623448, '_a0_': 1.0, '_a2_': 1.0, '_a5_': 1.0, '_a6_': 1.0, '_a7_': 1.0}};{'d0': 0.024905832919416605};-280.569866449044;38.58229971482632
17686;-101.702633509696;((((pow2((-((x + _a3_)) * _a4_)) + _a4_) * _a1_) * x) * _a1_);{'d0': {'_a1_': 0.7872109539643086, '_a3_': 0.31192970789204516, '_a4_': 2.334312658623448, '_a0_': 1.0, '_a2_': 1.0, '_a5_': 1.0, '_a6_': 1.0, '_a7_': 1.0}};{'d0': 0.024905832919416605};-280.569866449044;38.58229971482632
17687;-101.702633509696;((((pow2((-((x + _a3_)) * _a4_)) + _a4_) * _a1_) * x) * _a1_);{'d0': {'_a1_': 0.7872109539643086, '_a3_': 0.31192970789204516, '_a4_': 2.334312658623448, '_a0_': 1.0, '_a2_': 1.0, '_a5_': 1.0, '_a6_': 1.0, '_a7_': 1.0}};{'d0': 0.024905832919416605};-280.569866449044;38.58229971482632
17688;-93.6973351120770;((((pow2((_a0_ * (x * _a0_))) * (_a0_ ** _a1_)) + _a0_) + (x * _a6_)) * x);{'d0': {'_a0_': 1.775135404134587, '_a1_': -1.8794801723235857, '_a6_': 2.106624066572967, '_a2_': 1.0, '_a3_': 1.0, '_a4_': 1.0, '_a5_': 1.0, '_a7_': 1.0}};{'d0': 0.02490583291941658};-280.569866449044;46.587598112445015
17689;-93.6973351120770;((((pow2((_a0_ * (x * _a0_))) * (_a0_ ** _a1_)) + _a0_) + (x * _a6_)) * x);{'d0': {'_a0_': 1.775135404134587, '_a1_': -1.8794801723235857, '_a6_': 2.106624066572967, '_a2_': 1.0, '_a3_': 1.0, '_a4_': 1.0, '_a5_': 1.0, '_a7_': 1.0}};{'d0': 0.02490583291941658};-280.569866449044;46.587598112445015
17690;-93.6973351120770;((((pow2((_a0_ * (x * _a0_))) * (_a0_ ** _a1_)) + _a0_) + (x * _a6_)) * x);{'d0': {'_a0_': 1.775135404134587, '_a1_': -1.8794801723235857, '_a6_': 2.106624066572967, '_a2_': 1.0, '_a3_': 1.0, '_a4_': 1.0, '_a5_': 1.0, '_a7_': 1.0}};{'d0': 0.02490583291941658};-280.569866449044;46.587598112445015
17691;-93.6973351120770;((((pow2((_a0_ * (x * _a0_))) * (_a0_ ** _a1_)) + _a0_) + (x * _a6_)) * x);{'d0': {'_a0_': 1.775135404134587, '_a1_': -1.8794801723235857, '_a6_': 2.106624066572967, '_a2_': 1.0, '_a3_': 1.0, '_a4_': 1.0, '_a5_': 1.0, '_a7_': 1.0}};{'d0': 0.02490583291941658};-280.569866449044;46.587598112445015
17692;-93.6973351120770;((((pow2((_a0_ * (x * _a0_))) * (_a0_ ** _a1_)) + _a0_) + (x * _a6_)) * x);{'d0': {'_a0_': 1.775135404134587, '_a1_': -1.8794801723235857, '_a6_': 2.106624066572967, '_a2_': 1.0, '_a3_': 1.0, '_a4_': 1.0, '_a5_': 1.0, '_a7_': 1.0}};{'d0': 0.02490583291941658};-280.569866449044;46.587598112445015
17693;-93.6973351120770;((((pow2((_a0_ * (x * _a0_))) * (_a0_ ** _a1_)) + _a0_) + (x * _a6_)) * x);{'d0': {'_a0_': 1.775135404134587, '_a1_': -1.8794801723235857, '_a6_': 2.106624066572967, '_a2_': 1.0, '_a3_': 1.0, '_a4_': 1.0, '_a5_': 1.0, '_a7_': 1.0}};{'d0': 0.02490583291941658};-280.569866449044;46.587598112445015
17694;-95.2668289600759;((((pow2((_a0_ * (x * _a0_))) * (_a0_ * _a1_)) + _a0_) + (x * _a6_)) * x);{'d0': {'_a0_': 1.775135406053008, '_a1_': 0.19157678270529382, '_a6_': 2.1066240671953094, '_a2_': 1.0, '_a3_': 1.0, '_a4_': 1.0, '_a5_': 1.0, '_a7_': 1.0}};{'d0': 0.024905832919416605};-280.569866449044;45.018104264446016
17695;-95.2668289600759;((((pow2((_a0_ * (x * _a0_))) * (_a0_ * _a1_)) + _a0_) + (x * _a6_)) * x);{'d0': {'_a0_': 1.775135406053008, '_a1_': 0.19157678270529382, '_a6_': 2.1066240671953094, '_a2_': 1.0, '_a3_': 1.0, '_a4_': 1.0, '_a5_': 1.0, '_a7_': 1.0}};{'d0': 0.024905832919416605};-280.569866449044;45.018104264446016
17696;-95.2668289600759;((((pow2((_a0_ * (x * _a0_))) * (_a0_ * _a1_)) + _a0_) + (x * _a6_)) * x);{'d0': {'_a0_': 1.775135406053008, '_a1_': 0.19157678270529382, '_a6_': 2.1066240671953094, '_a2_': 1.0, '_a3_': 1.0, '_a4_': 1.0, '_a5_': 1.0, '_a7_': 1.0}};{'d0': 0.024905832919416605};-280.569866449044;45.018104264446016
17697;-93.2196566788339;((((pow2((_a0_ * (x * _a0_))) * (_a5_ * _a1_)) + _a0_) + (x * _a6_)) * x);{'d0': {'_a0_': 1.7751354041493324, '_a1_': 0.21908536137500195, '_a5_': 1.5522475637549187, '_a6_': 2.106624067425858, '_a2_': 1.0, '_a3_': 1.0, '_a4_': 1.0, '_a7_': 1.0}};{'d0': 0.024905832919525386};-276.475521886559;45.018104264446016
17698;-93.2196566788339;((((pow2((_a0_ * (x * _a0_))) * (_a5_ * _a1_)) + _a0_) + (x * _a6_)) * x);{'d0': {'_a0_': 1.7751354041493324, '_a1_': 0.21908536137500195, '_a5_': 1.5522475637549187, '_a6_': 2.106624067425858, '_a2_': 1.0, '_a3_': 1.0, '_a4_': 1.0, '_a7_': 1.0}};{'d0': 0.024905832919525386};-276.475521886559;45.018104264446016
17699;-93.2196566788339;((((pow2((_a0_ * (x * _a0_))) * (_a5_ * _a1_)) + _a0_) + (x * _a6_)) * x);{'d0': {'_a0_': 1.7751354041493324, '_a1_': 0.21908536137500195, '_a5_': 1.5522475637549187, '_a6_': 2.106624067425858, '_a2_': 1.0, '_a3_': 1.0, '_a4_': 1.0, '_a7_': 1.0}};{'d0': 0.024905832919525386};-276.475521886559;45.018104264446016
17700;-93.2196566788339;((((pow2((_a0_ * (x * _a0_))) * (_a5_ * _a1_)) + _a0_) + (x * _a6_)) * x);{'d0': {'_a0_': 1.7751354041493324, '_a1_': 0.21908536137500195, '_a5_': 1.5522475637549187, '_a6_': 2.106624067425858, '_a2_': 1.0, '_a3_': 1.0, '_a4_': 1.0, '_a7_': 1.0}};{'d0': 0.024905832919525386};-276.475521886559;45.018104264446016
17701;-93.2196566788339;((((pow2((_a0_ * (x * _a0_))) * (_a5_ * _a1_)) + _a0_) + (x * _a6_)) * x);{'d0': {'_a0_': 1.7751354041493324, '_a1_': 0.21908536137500195, '_a5_': 1.5522475637549187, '_a6_': 2.106624067425858, '_a2_': 1.0, '_a3_': 1.0, '_a4_': 1.0, '_a7_': 1.0}};{'d0': 0.024905832919525386};-276.475521886559;45.018104264446016
17702;-93.2196566788339;((((pow2((_a0_ * (x * _a0_))) * (_a5_ * _a1_)) + _a0_) + (x * _a6_)) * x);{'d0': {'_a0_': 1.7751354041493324, '_a1_': 0.21908536137500195, '_a5_': 1.5522475637549187, '_a6_': 2.106624067425858, '_a2_': 1.0, '_a3_': 1.0, '_a4_': 1.0, '_a7_': 1.0}};{'d0': 0.024905832919525386};-276.475521886559;45.018104264446016
17703;-93.2196566788339;((((pow2((_a0_ * (x * _a0_))) * (_a5_ * _a1_)) + _a0_) + (x * _a6_)) * x);{'d0': {'_a0_': 1.7751354041493324, '_a1_': 0.21908536137500195, '_a5_': 1.5522475637549187, '_a6_': 2.106624067425858, '_a2_': 1.0, '_a3_': 1.0, '_a4_': 1.0, '_a7_': 1.0}};{'d0': 0.024905832919525386};-276.475521886559;45.018104264446016
17704;-93.2196566788339;((((pow2((_a0_ * (x * _a0_))) * (_a5_ * _a1_)) + _a0_) + (x * _a6_)) * x);{'d0': {'_a0_': 1.7751354041493324, '_a1_': 0.21908536137500195, '_a5_': 1.5522475637549187, '_a6_': 2.106624067425858, '_a2_': 1.0, '_a3_': 1.0, '_a4_': 1.0, '_a7_': 1.0}};{'d0': 0.024905832919525386};-276.475521886559;45.018104264446016
17705;-93.2196566788339;((((pow2((_a0_ * (x * _a0_))) * (_a5_ * _a1_)) + _a0_) + (x * _a6_)) * x);{'d0': {'_a0_': 1.7751354041493324, '_a1_': 0.21908536137500195, '_a5_': 1.5522475637549187, '_a6_': 2.106624067425858, '_a2_': 1.0, '_a3_': 1.0, '_a4_': 1.0, '_a7_': 1.0}};{'d0': 0.024905832919525386};-276.475521886559;45.018104264446016
17706;-93.2196566788339;((((pow2((_a0_ * (x * _a0_))) * (_a5_ * _a1_)) + _a0_) + (x * _a6_)) * x);{'d0': {'_a0_': 1.7751354041493324, '_a1_': 0.21908536137500195, '_a5_': 1.5522475637549187, '_a6_': 2.106624067425858, '_a2_': 1.0, '_a3_': 1.0, '_a4_': 1.0, '_a7_': 1.0}};{'d0': 0.024905832919525386};-276.475521886559;45.018104264446016
17707;-93.2196566788339;((((pow2((_a0_ * (x * _a0_))) * (_a5_ * _a1_)) + _a0_) + (x * _a6_)) * x);{'d0': {'_a0_': 1.7751354041493324, '_a1_': 0.21908536137500195, '_a5_': 1.5522475637549187, '_a6_': 2.106624067425858, '_a2_': 1.0, '_a3_': 1.0, '_a4_': 1.0, '_a7_': 1.0}};{'d0': 0.024905832919525386};-276.475521886559;45.018104264446016
17708;-93.2196566788339;((((pow2((_a0_ * (x * _a0_))) * (_a5_ * _a1_)) + _a0_) + (x * _a6_)) * x);{'d0': {'_a0_': 1.7751354041493324, '_a1_': 0.21908536137500195, '_a5_': 1.5522475637549187, '_a6_': 2.106624067425858, '_a2_': 1.0, '_a3_': 1.0, '_a4_': 1.0, '_a7_': 1.0}};{'d0': 0.024905832919525386};-276.475521886559;45.018104264446016
17709;-93.2196566788339;((((pow2((_a0_ * (x * _a0_))) * (_a5_ * _a1_)) + _a0_) + (x * _a6_)) * x);{'d0': {'_a0_': 1.7751354041493324, '_a1_': 0.21908536137500195, '_a5_': 1.5522475637549187, '_a6_': 2.106624067425858, '_a2_': 1.0, '_a3_': 1.0, '_a4_': 1.0, '_a7_': 1.0}};{'d0': 0.024905832919525386};-276.475521886559;45.018104264446016
17710;-93.2196566788339;((((pow2((_a0_ * (x * _a0_))) * (_a5_ * _a1_)) + _a0_) + (x * _a6_)) * x);{'d0': {'_a0_': 1.7751354041493324, '_a1_': 0.21908536137500195, '_a5_': 1.5522475637549187, '_a6_': 2.106624067425858, '_a2_': 1.0, '_a3_': 1.0, '_a4_': 1.0, '_a7_': 1.0}};{'d0': 0.024905832919525386};-276.475521886559;45.018104264446016
17711;-93.2196566788339;((((pow2((_a0_ * (x * _a0_))) * (_a5_ * _a1_)) + _a0_) + (x * _a6_)) * x);{'d0': {'_a0_': 1.7751354041493324, '_a1_': 0.21908536137500195, '_a5_': 1.5522475637549187, '_a6_': 2.106624067425858, '_a2_': 1.0, '_a3_': 1.0, '_a4_': 1.0, '_a7_': 1.0}};{'d0': 0.024905832919525386};-276.475521886559;45.018104264446016
17712;-93.2196566788339;((((pow2((_a0_ * (x * _a0_))) * (_a5_ * _a1_)) + _a0_) + (x * _a6_)) * x);{'d0': {'_a0_': 1.7751354041493324, '_a1_': 0.21908536137500195, '_a5_': 1.5522475637549187, '_a6_': 2.106624067425858, '_a2_': 1.0, '_a3_': 1.0, '_a4_': 1.0, '_a7_': 1.0}};{'d0': 0.024905832919525386};-276.475521886559;45.018104264446016
17713;-93.2196566788339;((((pow2((_a0_ * (x * _a0_))) * (_a5_ * _a1_)) + _a0_) + (x * _a6_)) * x);{'d0': {'_a0_': 1.7751354041493324, '_a1_': 0.21908536137500195, '_a5_': 1.5522475637549187, '_a6_': 2.106624067425858, '_a2_': 1.0, '_a3_': 1.0, '_a4_': 1.0, '_a7_': 1.0}};{'d0': 0.024905832919525386};-276.475521886559;45.018104264446016
17714;-93.2196566788339;((((pow2((_a0_ * (x * _a0_))) * (_a5_ * _a1_)) + _a0_) + (x * _a6_)) * x);{'d0': {'_a0_': 1.7751354041493324, '_a1_': 0.21908536137500195, '_a5_': 1.5522475637549187, '_a6_': 2.106624067425858, '_a2_': 1.0, '_a3_': 1.0, '_a4_': 1.0, '_a7_': 1.0}};{'d0': 0.024905832919525386};-276.475521886559;45.018104264446016
17715;-93.2196566788339;((((pow2((_a0_ * (x * _a0_))) * (_a5_ * _a1_)) + _a0_) + (x * _a6_)) * x);{'d0': {'_a0_': 1.7751354041493324, '_a1_': 0.21908536137500195, '_a5_': 1.5522475637549187, '_a6_': 2.106624067425858, '_a2_': 1.0, '_a3_': 1.0, '_a4_': 1.0, '_a7_': 1.0}};{'d0': 0.024905832919525386};-276.475521886559;45.018104264446016
17716;-93.2196566788339;((((pow2((_a0_ * (x * _a0_))) * (_a5_ * _a1_)) + _a0_) + (x * _a6_)) * x);{'d0': {'_a0_': 1.7751354041493324, '_a1_': 0.21908536137500195, '_a5_': 1.5522475637549187, '_a6_': 2.106624067425858, '_a2_': 1.0, '_a3_': 1.0, '_a4_': 1.0, '_a7_': 1.0}};{'d0': 0.024905832919525386};-276.475521886559;45.018104264446016
17717;-93.2196566788339;((((pow2((_a0_ * (x * _a0_))) * (_a5_ * _a1_)) + _a0_) + (x * _a6_)) * x);{'d0': {'_a0_': 1.7751354041493324, '_a1_': 0.21908536137500195, '_a5_': 1.5522475637549187, '_a6_': 2.106624067425858, '_a2_': 1.0, '_a3_': 1.0, '_a4_': 1.0, '_a7_': 1.0}};{'d0': 0.024905832919525386};-276.475521886559;45.018104264446016
17718;-93.2196566498802;((((pow2((_a5_ * (x * _a0_))) * (_a5_ * _a1_)) + _a0_) + (x * _a6_)) * x);{'d0': {'_a0_': 1.7751354039632332, '_a1_': 0.20720163900217642, '_a5_': 1.72934363211438, '_a6_': 2.1066240684923048, '_a2_': 1.0, '_a3_': 1.0, '_a4_': 1.0, '_a7_': 1.0}};{'d0': 0.024905832943562602};-276.475521828652;45.018104264446016
17719;-93.2196566498802;((((pow2((_a5_ * (x * _a0_))) * (_a5_ * _a1_)) + _a0_) + (x * _a6_)) * x);{'d0': {'_a0_': 1.7751354039632332, '_a1_': 0.20720163900217642, '_a5_': 1.72934363211438, '_a6_': 2.1066240684923048, '_a2_': 1.0, '_a3_': 1.0, '_a4_': 1.0, '_a7_': 1.0}};{'d0': 0.024905832943562602};-276.475521828652;45.018104264446016
17720;-93.2196566498802;((((pow2((_a5_ * (x * _a0_))) * (_a5_ * _a1_)) + _a0_) + (x * _a6_)) * x);{'d0': {'_a0_': 1.7751354039632332, '_a1_': 0.20720163900217642, '_a5_': 1.72934363211438, '_a6_': 2.1066240684923048, '_a2_': 1.0, '_a3_': 1.0, '_a4_': 1.0, '_a7_': 1.0}};{'d0': 0.024905832943562602};-276.475521828652;45.018104264446016
17721;-93.2196566498802;((((pow2((_a5_ * (x * _a0_))) * (_a5_ * _a1_)) + _a0_) + (x * _a6_)) * x);{'d0': {'_a0_': 1.7751354039632332, '_a1_': 0.20720163900217642, '_a5_': 1.72934363211438, '_a6_': 2.1066240684923048, '_a2_': 1.0, '_a3_': 1.0, '_a4_': 1.0, '_a7_': 1.0}};{'d0': 0.024905832943562602};-276.475521828652;45.018104264446016
17722;-93.2196566498802;((((pow2((_a5_ * (x * _a0_))) * (_a5_ * _a1_)) + _a0_) + (x * _a6_)) * x);{'d0': {'_a0_': 1.7751354039632332, '_a1_': 0.20720163900217642, '_a5_': 1.72934363211438, '_a6_': 2.1066240684923048, '_a2_': 1.0, '_a3_': 1.0, '_a4_': 1.0, '_a7_': 1.0}};{'d0': 0.024905832943562602};-276.475521828652;45.018104264446016
17723;-93.2196566498802;((((pow2((_a5_ * (x * _a0_))) * (_a5_ * _a1_)) + _a0_) + (x * _a6_)) * x);{'d0': {'_a0_': 1.7751354039632332, '_a1_': 0.20720163900217642, '_a5_': 1.72934363211438, '_a6_': 2.1066240684923048, '_a2_': 1.0, '_a3_': 1.0, '_a4_': 1.0, '_a7_': 1.0}};{'d0': 0.024905832943562602};-276.475521828652;45.018104264446016
17724;-95.2668289600759;((((pow2((_a5_ * (x * _a0_))) * (_a5_ * _a1_)) + _a0_) + (x * _a5_)) * x);{'d0': {'_a0_': 1.775135403062731, '_a1_': 0.11462417215975254, '_a5_': 2.106624067109722, '_a2_': 1.0, '_a3_': 1.0, '_a4_': 1.0, '_a6_': 1.0, '_a7_': 1.0}};{'d0': 0.02490583291941661};-280.569866449044;45.018104264446016
17725;-95.2668289600759;((((pow2((_a5_ * (x * _a0_))) * (_a5_ * _a1_)) + _a0_) + (x * _a5_)) * x);{'d0': {'_a0_': 1.775135403062731, '_a1_': 0.11462417215975254, '_a5_': 2.106624067109722, '_a2_': 1.0, '_a3_': 1.0, '_a4_': 1.0, '_a6_': 1.0, '_a7_': 1.0}};{'d0': 0.02490583291941661};-280.569866449044;45.018104264446016
17726;-95.2668289600759;((((pow2((_a5_ * (x * _a0_))) * (_a5_ * _a1_)) + _a0_) + (x * _a5_)) * x);{'d0': {'_a0_': 1.775135403062731, '_a1_': 0.11462417215975254, '_a5_': 2.106624067109722, '_a2_': 1.0, '_a3_': 1.0, '_a4_': 1.0, '_a6_': 1.0, '_a7_': 1.0}};{'d0': 0.02490583291941661};-280.569866449044;45.018104264446016
17727;-91.5688944874659;((((pow2((_a5_ * (x * _a0_))) * (_a5_ * pow2(_a7_))) + _a0_) + (x * _a5_)) * x);{'d0': {'_a0_': 1.7751354041971374, '_a5_': 2.1066240667408516, '_a7_': 0.3385619176383128, '_a1_': 1.0, '_a2_': 1.0, '_a3_': 1.0, '_a4_': 1.0, '_a6_': 1.0}};{'d0': 0.02490583291941661};-280.569866449044;48.71603873705602
17728;-91.5688944874659;((((pow2((_a5_ * (x * _a0_))) * (_a5_ * pow2(_a7_))) + _a0_) + (x * _a5_)) * x);{'d0': {'_a0_': 1.7751354041971374, '_a5_': 2.1066240667408516, '_a7_': 0.3385619176383128, '_a1_': 1.0, '_a2_': 1.0, '_a3_': 1.0, '_a4_': 1.0, '_a6_': 1.0}};{'d0': 0.02490583291941661};-280.569866449044;48.71603873705602
17729;-91.5688944874659;((((pow2((_a5_ * (x * _a0_))) * (_a5_ * pow2(_a7_))) + _a0_) + (x * _a5_)) * x);{'d0': {'_a0_': 1.7751354041971374, '_a5_': 2.1066240667408516, '_a7_': 0.3385619176383128, '_a1_': 1.0, '_a2_': 1.0, '_a3_': 1.0, '_a4_': 1.0, '_a6_': 1.0}};{'d0': 0.02490583291941661};-280.569866449044;48.71603873705602
17730;-91.5688944874659;((((pow2((_a5_ * (x * _a0_))) * (_a5_ * pow2(_a7_))) + _a0_) + (x * _a5_)) * x);{'d0': {'_a0_': 1.7751354041971374, '_a5_': 2.1066240667408516, '_a7_': 0.3385619176383128, '_a1_': 1.0, '_a2_': 1.0, '_a3_': 1.0, '_a4_': 1.0, '_a6_': 1.0}};{'d0': 0.02490583291941661};-280.569866449044;48.71603873705602
17731;-91.5688944874659;((((pow2((_a5_ * (x * _a0_))) * (_a5_ * pow2(_a7_))) + _a0_) + (x * _a5_)) * x);{'d0': {'_a0_': 1.7751354041971374, '_a5_': 2.1066240667408516, '_a7_': 0.3385619176383128, '_a1_': 1.0, '_a2_': 1.0, '_a3_': 1.0, '_a4_': 1.0, '_a6_': 1.0}};{'d0': 0.02490583291941661};-280.569866449044;48.71603873705602
17732;-91.5688944874659;((((pow2((_a5_ * (x * _a0_))) * (_a5_ * pow2(_a7_))) + _a0_) + (x * _a5_)) * x);{'d0': {'_a0_': 1.7751354041971374, '_a5_': 2.1066240667408516, '_a7_': 0.3385619176383128, '_a1_': 1.0, '_a2_': 1.0, '_a3_': 1.0, '_a4_': 1.0, '_a6_': 1.0}};{'d0': 0.02490583291941661};-280.569866449044;48.71603873705602
17733;-91.5688944874659;((((pow2((_a5_ * (x * _a0_))) * (_a5_ * pow2(_a7_))) + _a0_) + (x * _a5_)) * x);{'d0': {'_a0_': 1.7751354041971374, '_a5_': 2.1066240667408516, '_a7_': 0.3385619176383128, '_a1_': 1.0, '_a2_': 1.0, '_a3_': 1.0, '_a4_': 1.0, '_a6_': 1.0}};{'d0': 0.02490583291941661};-280.569866449044;48.71603873705602
17734;-91.5688944874659;((((pow2((_a5_ * (x * _a0_))) * (_a5_ * pow2(_a7_))) + _a0_) + (x * _a5_)) * x);{'d0': {'_a0_': 1.7751354041971374, '_a5_': 2.1066240667408516, '_a7_': 0.3385619176383128, '_a1_': 1.0, '_a2_': 1.0, '_a3_': 1.0, '_a4_': 1.0, '_a6_': 1.0}};{'d0': 0.02490583291941661};-280.569866449044;48.71603873705602
17735;-91.5688944874659;((((pow2((_a5_ * (x * _a0_))) * (_a5_ * pow2(_a7_))) + _a0_) + (x * _a5_)) * x);{'d0': {'_a0_': 1.7751354041971374, '_a5_': 2.1066240667408516, '_a7_': 0.3385619176383128, '_a1_': 1.0, '_a2_': 1.0, '_a3_': 1.0, '_a4_': 1.0, '_a6_': 1.0}};{'d0': 0.02490583291941661};-280.569866449044;48.71603873705602
17736;-91.5688944874659;((((pow2((_a5_ * (x * _a0_))) * (_a5_ * pow2(_a7_))) + _a0_) + (x * _a5_)) * x);{'d0': {'_a0_': 1.7751354041971374, '_a5_': 2.1066240667408516, '_a7_': 0.3385619176383128, '_a1_': 1.0, '_a2_': 1.0, '_a3_': 1.0, '_a4_': 1.0, '_a6_': 1.0}};{'d0': 0.02490583291941661};-280.569866449044;48.71603873705602
17737;-91.5688944874659;((((pow2((_a5_ * (x * _a0_))) * (_a5_ * pow2(_a7_))) + _a0_) + (x * _a5_)) * x);{'d0': {'_a0_': 1.7751354041971374, '_a5_': 2.1066240667408516, '_a7_': 0.3385619176383128, '_a1_': 1.0, '_a2_': 1.0, '_a3_': 1.0, '_a4_': 1.0, '_a6_': 1.0}};{'d0': 0.02490583291941661};-280.569866449044;48.71603873705602
17738;-91.5688944874659;((((pow2((_a5_ * (x * _a0_))) * (_a5_ * pow2(_a7_))) + _a0_) + (x * _a5_)) * x);{'d0': {'_a0_': 1.7751354041971374, '_a5_': 2.1066240667408516, '_a7_': 0.3385619176383128, '_a1_': 1.0, '_a2_': 1.0, '_a3_': 1.0, '_a4_': 1.0, '_a6_': 1.0}};{'d0': 0.02490583291941661};-280.569866449044;48.71603873705602
17739;-91.5688944874659;((((pow2((_a5_ * (x * _a0_))) * (_a5_ * pow2(_a7_))) + _a0_) + (x * _a5_)) * x);{'d0': {'_a0_': 1.7751354041971374, '_a5_': 2.1066240667408516, '_a7_': 0.3385619176383128, '_a1_': 1.0, '_a2_': 1.0, '_a3_': 1.0, '_a4_': 1.0, '_a6_': 1.0}};{'d0': 0.02490583291941661};-280.569866449044;48.71603873705602
17740;-91.5688944874659;((((pow2((_a5_ * (x * _a0_))) * (_a5_ * pow2(_a7_))) + _a0_) + (x * _a5_)) * x);{'d0': {'_a0_': 1.7751354041971374, '_a5_': 2.1066240667408516, '_a7_': 0.3385619176383128, '_a1_': 1.0, '_a2_': 1.0, '_a3_': 1.0, '_a4_': 1.0, '_a6_': 1.0}};{'d0': 0.02490583291941661};-280.569866449044;48.71603873705602
17741;-91.5688944874659;((((pow2((_a5_ * (x * _a0_))) * (_a5_ * pow2(_a7_))) + _a0_) + (x * _a5_)) * x);{'d0': {'_a0_': 1.7751354041971374, '_a5_': 2.1066240667408516, '_a7_': 0.3385619176383128, '_a1_': 1.0, '_a2_': 1.0, '_a3_': 1.0, '_a4_': 1.0, '_a6_': 1.0}};{'d0': 0.02490583291941661};-280.569866449044;48.71603873705602
17742;-91.5688944874659;((((pow2((_a5_ * (x * _a0_))) * (_a5_ * pow2(_a7_))) + _a0_) + (x * _a5_)) * x);{'d0': {'_a0_': 1.7751354041971374, '_a5_': 2.1066240667408516, '_a7_': 0.3385619176383128, '_a1_': 1.0, '_a2_': 1.0, '_a3_': 1.0, '_a4_': 1.0, '_a6_': 1.0}};{'d0': 0.02490583291941661};-280.569866449044;48.71603873705602
17743;-91.5688944874659;((((pow2((_a5_ * (x * _a0_))) * (_a5_ * pow2(_a7_))) + _a0_) + (x * _a5_)) * x);{'d0': {'_a0_': 1.7751354041971374, '_a5_': 2.1066240667408516, '_a7_': 0.3385619176383128, '_a1_': 1.0, '_a2_': 1.0, '_a3_': 1.0, '_a4_': 1.0, '_a6_': 1.0}};{'d0': 0.02490583291941661};-280.569866449044;48.71603873705602
17744;-91.5688944874659;((((pow2((_a5_ * (x * _a0_))) * (_a5_ * pow2(_a7_))) + _a0_) + (x * _a5_)) * x);{'d0': {'_a0_': 1.7751354041971374, '_a5_': 2.1066240667408516, '_a7_': 0.3385619176383128, '_a1_': 1.0, '_a2_': 1.0, '_a3_': 1.0, '_a4_': 1.0, '_a6_': 1.0}};{'d0': 0.02490583291941661};-280.569866449044;48.71603873705602
17745;-91.5688944874659;((((pow2((_a5_ * (x * _a0_))) * (_a5_ * pow2(_a7_))) + _a0_) + (x * _a5_)) * x);{'d0': {'_a0_': 1.7751354041971374, '_a5_': 2.1066240667408516, '_a7_': 0.3385619176383128, '_a1_': 1.0, '_a2_': 1.0, '_a3_': 1.0, '_a4_': 1.0, '_a6_': 1.0}};{'d0': 0.02490583291941661};-280.569866449044;48.71603873705602
17746;-91.5688944874659;((((pow2((_a5_ * (x * _a0_))) * (_a5_ * pow2(_a7_))) + _a0_) + (x * _a5_)) * x);{'d0': {'_a0_': 1.7751354041971374, '_a5_': 2.1066240667408516, '_a7_': 0.3385619176383128, '_a1_': 1.0, '_a2_': 1.0, '_a3_': 1.0, '_a4_': 1.0, '_a6_': 1.0}};{'d0': 0.02490583291941661};-280.569866449044;48.71603873705602
17747;-91.5688944874659;((((pow2((_a5_ * (x * _a0_))) * (_a5_ * pow2(_a7_))) + _a0_) + (x * _a5_)) * x);{'d0': {'_a0_': 1.7751354041971374, '_a5_': 2.1066240667408516, '_a7_': 0.3385619176383128, '_a1_': 1.0, '_a2_': 1.0, '_a3_': 1.0, '_a4_': 1.0, '_a6_': 1.0}};{'d0': 0.02490583291941661};-280.569866449044;48.71603873705602
17748;-91.5688944874659;((((pow2((_a5_ * (x * _a0_))) * (_a5_ * pow2(_a7_))) + _a0_) + (x * _a5_)) * x);{'d0': {'_a0_': 1.7751354041971374, '_a5_': 2.1066240667408516, '_a7_': 0.3385619176383128, '_a1_': 1.0, '_a2_': 1.0, '_a3_': 1.0, '_a4_': 1.0, '_a6_': 1.0}};{'d0': 0.02490583291941661};-280.569866449044;48.71603873705602
17749;-91.5688944874659;((((pow2((_a5_ * (x * _a0_))) * (_a5_ * pow2(_a7_))) + _a0_) + (x * _a5_)) * x);{'d0': {'_a0_': 1.7751354041971374, '_a5_': 2.1066240667408516, '_a7_': 0.3385619176383128, '_a1_': 1.0, '_a2_': 1.0, '_a3_': 1.0, '_a4_': 1.0, '_a6_': 1.0}};{'d0': 0.02490583291941661};-280.569866449044;48.71603873705602
17750;-91.5688944874659;((((pow2((_a5_ * (x * _a0_))) * (_a5_ * pow2(_a7_))) + _a0_) + (x * _a5_)) * x);{'d0': {'_a0_': 1.7751354041971374, '_a5_': 2.1066240667408516, '_a7_': 0.3385619176383128, '_a1_': 1.0, '_a2_': 1.0, '_a3_': 1.0, '_a4_': 1.0, '_a6_': 1.0}};{'d0': 0.02490583291941661};-280.569866449044;48.71603873705602
17751;-91.5688944874659;((((pow2((_a5_ * (x * _a0_))) * (_a5_ * pow2(_a7_))) + _a0_) + (x * _a5_)) * x);{'d0': {'_a0_': 1.7751354041971374, '_a5_': 2.1066240667408516, '_a7_': 0.3385619176383128, '_a1_': 1.0, '_a2_': 1.0, '_a3_': 1.0, '_a4_': 1.0, '_a6_': 1.0}};{'d0': 0.02490583291941661};-280.569866449044;48.71603873705602
17752;-91.5688944874659;((((pow2((_a5_ * (x * _a0_))) * (_a5_ * pow2(_a7_))) + _a0_) + (x * _a5_)) * x);{'d0': {'_a0_': 1.7751354041971374, '_a5_': 2.1066240667408516, '_a7_': 0.3385619176383128, '_a1_': 1.0, '_a2_': 1.0, '_a3_': 1.0, '_a4_': 1.0, '_a6_': 1.0}};{'d0': 0.02490583291941661};-280.569866449044;48.71603873705602
17753;-91.5688944874659;((((pow2((_a5_ * (x * _a0_))) * (_a5_ * pow2(_a7_))) + _a0_) + (x * _a5_)) * x);{'d0': {'_a0_': 1.7751354041971374, '_a5_': 2.1066240667408516, '_a7_': 0.3385619176383128, '_a1_': 1.0, '_a2_': 1.0, '_a3_': 1.0, '_a4_': 1.0, '_a6_': 1.0}};{'d0': 0.02490583291941661};-280.569866449044;48.71603873705602
17754;-91.5688944874659;((((pow2((_a5_ * (x * _a0_))) * (_a5_ * pow2(_a7_))) + _a0_) + (x * _a5_)) * x);{'d0': {'_a0_': 1.7751354041971374, '_a5_': 2.1066240667408516, '_a7_': 0.3385619176383128, '_a1_': 1.0, '_a2_': 1.0, '_a3_': 1.0, '_a4_': 1.0, '_a6_': 1.0}};{'d0': 0.02490583291941661};-280.569866449044;48.71603873705602
17755;-91.5688944874659;((((pow2((_a5_ * (x * _a0_))) * (_a5_ * pow2(_a7_))) + _a0_) + (x * _a5_)) * x);{'d0': {'_a0_': 1.7751354041971374, '_a5_': 2.1066240667408516, '_a7_': 0.3385619176383128, '_a1_': 1.0, '_a2_': 1.0, '_a3_': 1.0, '_a4_': 1.0, '_a6_': 1.0}};{'d0': 0.02490583291941661};-280.569866449044;48.71603873705602
17756;-91.5688944874659;((((pow2((_a5_ * (x * _a0_))) * (_a5_ * pow2(_a7_))) + _a0_) + (x * _a5_)) * x);{'d0': {'_a0_': 1.7751354041971374, '_a5_': 2.1066240667408516, '_a7_': 0.3385619176383128, '_a1_': 1.0, '_a2_': 1.0, '_a3_': 1.0, '_a4_': 1.0, '_a6_': 1.0}};{'d0': 0.02490583291941661};-280.569866449044;48.71603873705602
17757;-91.5688944874659;((((pow2((_a5_ * (x * _a0_))) * (_a5_ * pow2(_a7_))) + _a0_) + (x * _a5_)) * x);{'d0': {'_a0_': 1.7751354041971374, '_a5_': 2.1066240667408516, '_a7_': 0.3385619176383128, '_a1_': 1.0, '_a2_': 1.0, '_a3_': 1.0, '_a4_': 1.0, '_a6_': 1.0}};{'d0': 0.02490583291941661};-280.569866449044;48.71603873705602
17758;-91.5688944874659;((((pow2((_a5_ * (x * _a0_))) * (_a5_ * pow2(_a7_))) + _a0_) + (x * _a5_)) * x);{'d0': {'_a0_': 1.7751354041971374, '_a5_': 2.1066240667408516, '_a7_': 0.3385619176383128, '_a1_': 1.0, '_a2_': 1.0, '_a3_': 1.0, '_a4_': 1.0, '_a6_': 1.0}};{'d0': 0.02490583291941661};-280.569866449044;48.71603873705602
17759;-91.5688944874659;((((pow2((_a5_ * (x * _a0_))) * (_a5_ * pow2(_a7_))) + _a0_) + (x * _a5_)) * x);{'d0': {'_a0_': 1.7751354041971374, '_a5_': 2.1066240667408516, '_a7_': 0.3385619176383128, '_a1_': 1.0, '_a2_': 1.0, '_a3_': 1.0, '_a4_': 1.0, '_a6_': 1.0}};{'d0': 0.02490583291941661};-280.569866449044;48.71603873705602
17760;-91.5688944874659;((((pow2((_a5_ * (x * _a7_))) * (_a5_ * pow2(_a7_))) + _a0_) + (x * _a5_)) * x);{'d0': {'_a0_': 1.775135404221949, '_a5_': 2.106624068720534, '_a7_': 0.7752375414494175, '_a1_': 1.0, '_a2_': 1.0, '_a3_': 1.0, '_a4_': 1.0, '_a6_': 1.0}};{'d0': 0.024905832919416636};-280.569866449044;48.71603873705602
17761;-91.5688944874659;((((pow2((_a5_ * (x * _a7_))) * (_a5_ * pow2(_a7_))) + _a0_) + (x * _a5_)) * x);{'d0': {'_a0_': 1.775135404221949, '_a5_': 2.106624068720534, '_a7_': 0.7752375414494175, '_a1_': 1.0, '_a2_': 1.0, '_a3_': 1.0, '_a4_': 1.0, '_a6_': 1.0}};{'d0': 0.024905832919416636};-280.569866449044;48.71603873705602
17762;-91.5688944874659;((((pow2((_a5_ * (x * _a7_))) * (_a5_ * pow2(_a7_))) + _a0_) + (x * _a5_)) * x);{'d0': {'_a0_': 1.775135404221949, '_a5_': 2.106624068720534, '_a7_': 0.7752375414494175, '_a1_': 1.0, '_a2_': 1.0, '_a3_': 1.0, '_a4_': 1.0, '_a6_': 1.0}};{'d0': 0.024905832919416636};-280.569866449044;48.71603873705602
17763;-91.5688944874659;((((pow2((_a5_ * (x * _a7_))) * (_a5_ * pow2(_a7_))) + _a0_) + (x * _a5_)) * x);{'d0': {'_a0_': 1.775135404221949, '_a5_': 2.106624068720534, '_a7_': 0.7752375414494175, '_a1_': 1.0, '_a2_': 1.0, '_a3_': 1.0, '_a4_': 1.0, '_a6_': 1.0}};{'d0': 0.024905832919416636};-280.569866449044;48.71603873705602
17764;-91.5688944874659;((((pow2((_a5_ * (x * _a7_))) * (_a5_ * pow2(_a7_))) + _a0_) + (x * _a5_)) * x);{'d0': {'_a0_': 1.775135404221949, '_a5_': 2.106624068720534, '_a7_': 0.7752375414494175, '_a1_': 1.0, '_a2_': 1.0, '_a3_': 1.0, '_a4_': 1.0, '_a6_': 1.0}};{'d0': 0.024905832919416636};-280.569866449044;48.71603873705602
17765;-91.5688944874659;((((pow2((_a5_ * (x * _a7_))) * (_a5_ * pow2(_a7_))) + _a0_) + (x * _a5_)) * x);{'d0': {'_a0_': 1.775135404221949, '_a5_': 2.106624068720534, '_a7_': 0.7752375414494175, '_a1_': 1.0, '_a2_': 1.0, '_a3_': 1.0, '_a4_': 1.0, '_a6_': 1.0}};{'d0': 0.024905832919416636};-280.569866449044;48.71603873705602
17766;-91.5688944874659;((((pow2((_a5_ * (x * _a7_))) * (_a5_ * pow2(_a7_))) + _a0_) + (x * _a5_)) * x);{'d0': {'_a0_': 1.775135404221949, '_a5_': 2.106624068720534, '_a7_': 0.7752375414494175, '_a1_': 1.0, '_a2_': 1.0, '_a3_': 1.0, '_a4_': 1.0, '_a6_': 1.0}};{'d0': 0.024905832919416636};-280.569866449044;48.71603873705602
17767;-91.5688944874659;((((pow2((_a5_ * (x * _a7_))) * (_a5_ * pow2(_a7_))) + _a0_) + (x * _a5_)) * x);{'d0': {'_a0_': 1.775135404221949, '_a5_': 2.106624068720534, '_a7_': 0.7752375414494175, '_a1_': 1.0, '_a2_': 1.0, '_a3_': 1.0, '_a4_': 1.0, '_a6_': 1.0}};{'d0': 0.024905832919416636};-280.569866449044;48.71603873705602
17768;-91.5688944874659;((((pow2((_a5_ * (x * _a7_))) * (_a5_ * pow2(_a7_))) + _a0_) + (x * _a5_)) * x);{'d0': {'_a0_': 1.775135404221949, '_a5_': 2.106624068720534, '_a7_': 0.7752375414494175, '_a1_': 1.0, '_a2_': 1.0, '_a3_': 1.0, '_a4_': 1.0, '_a6_': 1.0}};{'d0': 0.024905832919416636};-280.569866449044;48.71603873705602
17769;-91.5688944874659;((((pow2((_a5_ * (x * _a7_))) * (_a5_ * pow2(_a7_))) + _a0_) + (x * _a5_)) * x);{'d0': {'_a0_': 1.775135404221949, '_a5_': 2.106624068720534, '_a7_': 0.7752375414494175, '_a1_': 1.0, '_a2_': 1.0, '_a3_': 1.0, '_a4_': 1.0, '_a6_': 1.0}};{'d0': 0.024905832919416636};-280.569866449044;48.71603873705602
17770;-91.5688944874659;((((pow2((_a5_ * (x * _a7_))) * (_a5_ * pow2(_a7_))) + _a0_) + (x * _a5_)) * x);{'d0': {'_a0_': 1.775135404221949, '_a5_': 2.106624068720534, '_a7_': 0.7752375414494175, '_a1_': 1.0, '_a2_': 1.0, '_a3_': 1.0, '_a4_': 1.0, '_a6_': 1.0}};{'d0': 0.024905832919416636};-280.569866449044;48.71603873705602
17771;-91.5688944874659;((((pow2((_a5_ * (x * _a7_))) * (_a5_ * pow2(_a7_))) + _a0_) + (x * _a5_)) * x);{'d0': {'_a0_': 1.775135404221949, '_a5_': 2.106624068720534, '_a7_': 0.7752375414494175, '_a1_': 1.0, '_a2_': 1.0, '_a3_': 1.0, '_a4_': 1.0, '_a6_': 1.0}};{'d0': 0.024905832919416636};-280.569866449044;48.71603873705602
17772;-91.5688944874659;((((pow2((_a5_ * (x * _a7_))) * (_a5_ * pow2(_a7_))) + _a0_) + (x * _a5_)) * x);{'d0': {'_a0_': 1.775135404221949, '_a5_': 2.106624068720534, '_a7_': 0.7752375414494175, '_a1_': 1.0, '_a2_': 1.0, '_a3_': 1.0, '_a4_': 1.0, '_a6_': 1.0}};{'d0': 0.024905832919416636};-280.569866449044;48.71603873705602
17773;-91.5688944874659;((((pow2((_a5_ * (x * _a7_))) * (_a5_ * pow2(_a7_))) + _a0_) + (x * _a5_)) * x);{'d0': {'_a0_': 1.775135404221949, '_a5_': 2.106624068720534, '_a7_': 0.7752375414494175, '_a1_': 1.0, '_a2_': 1.0, '_a3_': 1.0, '_a4_': 1.0, '_a6_': 1.0}};{'d0': 0.024905832919416636};-280.569866449044;48.71603873705602
17774;-91.5688944874659;((((pow2((_a5_ * (x * _a7_))) * (_a5_ * pow2(_a7_))) + _a0_) + (x * _a5_)) * x);{'d0': {'_a0_': 1.775135404221949, '_a5_': 2.106624068720534, '_a7_': 0.7752375414494175, '_a1_': 1.0, '_a2_': 1.0, '_a3_': 1.0, '_a4_': 1.0, '_a6_': 1.0}};{'d0': 0.024905832919416636};-280.569866449044;48.71603873705602
17775;-91.5688944874659;((((pow2((_a5_ * (x * _a7_))) * (_a5_ * pow2(_a7_))) + _a0_) + (x * _a5_)) * x);{'d0': {'_a0_': 1.775135404221949, '_a5_': 2.106624068720534, '_a7_': 0.7752375414494175, '_a1_': 1.0, '_a2_': 1.0, '_a3_': 1.0, '_a4_': 1.0, '_a6_': 1.0}};{'d0': 0.024905832919416636};-280.569866449044;48.71603873705602
17776;-91.5688944874659;((((pow2((_a5_ * (x * _a7_))) * (_a5_ * pow2(_a7_))) + _a0_) + (x * _a5_)) * x);{'d0': {'_a0_': 1.775135404221949, '_a5_': 2.106624068720534, '_a7_': 0.7752375414494175, '_a1_': 1.0, '_a2_': 1.0, '_a3_': 1.0, '_a4_': 1.0, '_a6_': 1.0}};{'d0': 0.024905832919416636};-280.569866449044;48.71603873705602
17777;-89.5217222062135;((((pow2((_a6_ * (x * _a7_))) * (_a5_ * pow2(_a7_))) + _a0_) + (x * _a5_)) * x);{'d0': {'_a0_': 1.775135404495058, '_a5_': 2.106624069314748, '_a6_': -0.2956580597376255, '_a7_': 2.0693476148535455, '_a1_': 1.0, '_a2_': 1.0, '_a3_': 1.0, '_a4_': 1.0}};{'d0': 0.024905832919534004};-276.475521886539;48.71603873705602
17778;-89.5217222062135;((((pow2((_a6_ * (x * _a7_))) * (_a5_ * pow2(_a7_))) + _a0_) + (x * _a5_)) * x);{'d0': {'_a0_': 1.775135404495058, '_a5_': 2.106624069314748, '_a6_': -0.2956580597376255, '_a7_': 2.0693476148535455, '_a1_': 1.0, '_a2_': 1.0, '_a3_': 1.0, '_a4_': 1.0}};{'d0': 0.024905832919534004};-276.475521886539;48.71603873705602
17779;-89.5217222062135;((((pow2((_a6_ * (x * _a7_))) * (_a5_ * pow2(_a7_))) + _a0_) + (x * _a5_)) * x);{'d0': {'_a0_': 1.775135404495058, '_a5_': 2.106624069314748, '_a6_': -0.2956580597376255, '_a7_': 2.0693476148535455, '_a1_': 1.0, '_a2_': 1.0, '_a3_': 1.0, '_a4_': 1.0}};{'d0': 0.024905832919534004};-276.475521886539;48.71603873705602
17780;-89.5217222062135;((((pow2((_a6_ * (x * _a7_))) * (_a5_ * pow2(_a7_))) + _a0_) + (x * _a5_)) * x);{'d0': {'_a0_': 1.775135404495058, '_a5_': 2.106624069314748, '_a6_': -0.2956580597376255, '_a7_': 2.0693476148535455, '_a1_': 1.0, '_a2_': 1.0, '_a3_': 1.0, '_a4_': 1.0}};{'d0': 0.024905832919534004};-276.475521886539;48.71603873705602
17781;-89.5217222062135;((((pow2((_a6_ * (x * _a7_))) * (_a5_ * pow2(_a7_))) + _a0_) + (x * _a5_)) * x);{'d0': {'_a0_': 1.775135404495058, '_a5_': 2.106624069314748, '_a6_': -0.2956580597376255, '_a7_': 2.0693476148535455, '_a1_': 1.0, '_a2_': 1.0, '_a3_': 1.0, '_a4_': 1.0}};{'d0': 0.024905832919534004};-276.475521886539;48.71603873705602
17782;-89.5217222062135;((((pow2((_a6_ * (x * _a7_))) * (_a5_ * pow2(_a7_))) + _a0_) + (x * _a5_)) * x);{'d0': {'_a0_': 1.775135404495058, '_a5_': 2.106624069314748, '_a6_': -0.2956580597376255, '_a7_': 2.0693476148535455, '_a1_': 1.0, '_a2_': 1.0, '_a3_': 1.0, '_a4_': 1.0}};{'d0': 0.024905832919534004};-276.475521886539;48.71603873705602
17783;-89.5217222062135;((((pow2((_a6_ * (x * _a7_))) * (_a5_ * pow2(_a7_))) + _a0_) + (x * _a5_)) * x);{'d0': {'_a0_': 1.775135404495058, '_a5_': 2.106624069314748, '_a6_': -0.2956580597376255, '_a7_': 2.0693476148535455, '_a1_': 1.0, '_a2_': 1.0, '_a3_': 1.0, '_a4_': 1.0}};{'d0': 0.024905832919534004};-276.475521886539;48.71603873705602
17784;-95.6102636133487;(((((pow2(_a2_) / (x + (_a6_ + _a4_))) + x) + _a0_) * x) * _a4_);{'d0': {'_a0_': -73.68203009147425, '_a2_': 74.0027040977318, '_a4_': 249.5359529050272, '_a6_': -175.2183873502441, '_a1_': 1.0, '_a3_': 1.0, '_a5_': 1.0, '_a7_': 1.0}};{'d0': 0.024831205430498153};-276.655574935570;42.717523854436486
17785;-95.6102636133487;(((((pow2(_a2_) / (x + (_a6_ + _a4_))) + x) + _a0_) * x) * _a4_);{'d0': {'_a0_': -73.68203009147425, '_a2_': 74.0027040977318, '_a4_': 249.5359529050272, '_a6_': -175.2183873502441, '_a1_': 1.0, '_a3_': 1.0, '_a5_': 1.0, '_a7_': 1.0}};{'d0': 0.024831205430498153};-276.655574935570;42.717523854436486
17786;-95.6102636133487;(((((pow2(_a2_) / (x + (_a6_ + _a4_))) + x) + _a0_) * x) * _a4_);{'d0': {'_a0_': -73.68203009147425, '_a2_': 74.0027040977318, '_a4_': 249.5359529050272, '_a6_': -175.2183873502441, '_a1_': 1.0, '_a3_': 1.0, '_a5_': 1.0, '_a7_': 1.0}};{'d0': 0.024831205430498153};-276.655574935570;42.717523854436486
17787;-95.6102636133487;(((((pow2(_a2_) / (x + (_a6_ + _a4_))) + x) + _a0_) * x) * _a4_);{'d0': {'_a0_': -73.68203009147425, '_a2_': 74.0027040977318, '_a4_': 249.5359529050272, '_a6_': -175.2183873502441, '_a1_': 1.0, '_a3_': 1.0, '_a5_': 1.0, '_a7_': 1.0}};{'d0': 0.024831205430498153};-276.655574935570;42.717523854436486
17788;-95.6102636133487;(((((pow2(_a2_) / (x + (_a6_ + _a4_))) + x) + _a0_) * x) * _a4_);{'d0': {'_a0_': -73.68203009147425, '_a2_': 74.0027040977318, '_a4_': 249.5359529050272, '_a6_': -175.2183873502441, '_a1_': 1.0, '_a3_': 1.0, '_a5_': 1.0, '_a7_': 1.0}};{'d0': 0.024831205430498153};-276.655574935570;42.717523854436486
17789;-95.6098919610032;(((((pow2(_a2_) / (x + (_a6_ + _a0_))) + x) + _a0_) * x) * _a4_);{'d0': {'_a0_': -76.79067210481993, '_a2_': 77.11099285164404, '_a4_': 260.03233613626315, '_a6_': 154.21640838720634, '_a1_': 1.0, '_a3_': 1.0, '_a5_': 1.0, '_a7_': 1.0}};{'d0': 0.02483151305159499};-276.654831630879;42.717523854436486
17790;-95.6098919610032;(((((pow2(_a2_) / (x + (_a6_ + _a0_))) + x) + _a0_) * x) * _a4_);{'d0': {'_a0_': -76.79067210481993, '_a2_': 77.11099285164404, '_a4_': 260.03233613626315, '_a6_': 154.21640838720634, '_a1_': 1.0, '_a3_': 1.0, '_a5_': 1.0, '_a7_': 1.0}};{'d0': 0.02483151305159499};-276.654831630879;42.717523854436486
17791;-95.6098919610032;(((((pow2(_a2_) / (x + (_a6_ + _a0_))) + x) + _a0_) * x) * _a4_);{'d0': {'_a0_': -76.79067210481993, '_a2_': 77.11099285164404, '_a4_': 260.03233613626315, '_a6_': 154.21640838720634, '_a1_': 1.0, '_a3_': 1.0, '_a5_': 1.0, '_a7_': 1.0}};{'d0': 0.02483151305159499};-276.654831630879;42.717523854436486
17792;-95.6098919610032;(((((pow2(_a2_) / (x + (_a6_ + _a0_))) + x) + _a0_) * x) * _a4_);{'d0': {'_a0_': -76.79067210481993, '_a2_': 77.11099285164404, '_a4_': 260.03233613626315, '_a6_': 154.21640838720634, '_a1_': 1.0, '_a3_': 1.0, '_a5_': 1.0, '_a7_': 1.0}};{'d0': 0.02483151305159499};-276.654831630879;42.717523854436486
17793;-95.6098919610032;(((((pow2(_a2_) / (x + (_a6_ + _a0_))) + x) + _a0_) * x) * _a4_);{'d0': {'_a0_': -76.79067210481993, '_a2_': 77.11099285164404, '_a4_': 260.03233613626315, '_a6_': 154.21640838720634, '_a1_': 1.0, '_a3_': 1.0, '_a5_': 1.0, '_a7_': 1.0}};{'d0': 0.02483151305159499};-276.654831630879;42.717523854436486
17794;-91.7279041629316;(((((pow2(_a2_) / (x + (-(_a5_) + _a0_))) + x) + _a0_) * x) * _a4_);{'d0': {'_a0_': 143.35052815996866, '_a2_': 143.04310656757977, '_a4_': -483.375279849501, '_a5_': 286.083224603502, '_a1_': 1.0, '_a3_': 1.0, '_a6_': 1.0, '_a7_': 1.0}};{'d0': 0.024999309938371322};-276.250750355257;46.397471014696876
17795;-91.7279041629316;(((((pow2(_a2_) / (x + (-(_a5_) + _a0_))) + x) + _a0_) * x) * _a4_);{'d0': {'_a0_': 143.35052815996866, '_a2_': 143.04310656757977, '_a4_': -483.375279849501, '_a5_': 286.083224603502, '_a1_': 1.0, '_a3_': 1.0, '_a6_': 1.0, '_a7_': 1.0}};{'d0': 0.024999309938371322};-276.250750355257;46.397471014696876
17796;-86.0098156947659;(((((pow2((x + _a3_)) / (x + (-(_a5_) + _a0_))) + x) + _a0_) * x) * _a4_);{'d0': {'_a0_': -11.922972570616064, '_a3_': -29.259128012289118, '_a4_': 120.370726828297, '_a5_': -83.63612518035428, '_a1_': 1.0, '_a2_': 1.0, '_a6_': 1.0, '_a7_': 1.0}};{'d0': 0.024831122419331483};-276.655775516986;52.31807206372687
17797;-86.0098156947659;(((((pow2((x + _a3_)) / (x + (-(_a5_) + _a0_))) + x) + _a0_) * x) * _a4_);{'d0': {'_a0_': -11.922972570616064, '_a3_': -29.259128012289118, '_a4_': 120.370726828297, '_a5_': -83.63612518035428, '_a1_': 1.0, '_a2_': 1.0, '_a6_': 1.0, '_a7_': 1.0}};{'d0': 0.024831122419331483};-276.655775516986;52.31807206372687
17798;-86.0098156947659;(((((pow2((x + _a3_)) / (x + (-(_a5_) + _a0_))) + x) + _a0_) * x) * _a4_);{'d0': {'_a0_': -11.922972570616064, '_a3_': -29.259128012289118, '_a4_': 120.370726828297, '_a5_': -83.63612518035428, '_a1_': 1.0, '_a2_': 1.0, '_a6_': 1.0, '_a7_': 1.0}};{'d0': 0.024831122419331483};-276.655775516986;52.31807206372687
17799;-86.0098156947659;(((((pow2((x + _a3_)) / (x + (-(_a5_) + _a0_))) + x) + _a0_) * x) * _a4_);{'d0': {'_a0_': -11.922972570616064, '_a3_': -29.259128012289118, '_a4_': 120.370726828297, '_a5_': -83.63612518035428, '_a1_': 1.0, '_a2_': 1.0, '_a6_': 1.0, '_a7_': 1.0}};{'d0': 0.024831122419331483};-276.655775516986;52.31807206372687
17800;-89.5252583678001;(((((pow2((x + _a3_)) / (x + (_a1_ + _a0_))) + x) + _a0_) * x) * _a4_);{'d0': {'_a0_': 1185.8977181384378, '_a1_': -1389.0021242897315, '_a3_': -490.7770362065172, '_a4_': -343.62042038435004, '_a2_': 1.0, '_a5_': 1.0, '_a6_': 1.0, '_a7_': 1.0}};{'d0': 0.024967657456345993};-276.326766542533;48.63812490346648
17801;-89.5252583678001;(((((pow2((x + _a3_)) / (x + (_a1_ + _a0_))) + x) + _a0_) * x) * _a4_);{'d0': {'_a0_': 1185.8977181384378, '_a1_': -1389.0021242897315, '_a3_': -490.7770362065172, '_a4_': -343.62042038435004, '_a2_': 1.0, '_a5_': 1.0, '_a6_': 1.0, '_a7_': 1.0}};{'d0': 0.024967657456345993};-276.326766542533;48.63812490346648
17802;-89.5996359272599;(((((pow2((x + _a3_)) / (_a3_ + (_a1_ + _a0_))) + x) + _a0_) * x) * _a4_);{'d0': {'_a0_': -119.18944909948648, '_a1_': 118.872142201891, '_a3_': 0.31372210723184574, '_a4_': -0.012105008749839283, '_a2_': 1.0, '_a5_': 1.0, '_a6_': 1.0, '_a7_': 1.0}};{'d0': 0.024905833012966554};-276.475521661453;48.63812490346648
17803;-89.5996359272599;(((((pow2((x + _a3_)) / (_a3_ + (_a1_ + _a0_))) + x) + _a0_) * x) * _a4_);{'d0': {'_a0_': -119.18944909948648, '_a1_': 118.872142201891, '_a3_': 0.31372210723184574, '_a4_': -0.012105008749839283, '_a2_': 1.0, '_a5_': 1.0, '_a6_': 1.0, '_a7_': 1.0}};{'d0': 0.024905833012966554};-276.475521661453;48.63812490346648
17804;-95.2668289600759;((((pow2(((_a7_ * _a7_) * (x * _a7_))) * _a0_) + _a0_) + (x * _a5_)) * x);{'d0': {'_a0_': 1.7751354042503649, '_a5_': 2.106624068350016, '_a7_': 1.1131272217316646, '_a1_': 1.0, '_a2_': 1.0, '_a3_': 1.0, '_a4_': 1.0, '_a6_': 1.0}};{'d0': 0.024905832919416632};-280.569866449044;45.018104264446016
17805;-95.2668289600759;((((pow2(((_a7_ * _a7_) * (x * _a7_))) * _a0_) + _a0_) + (x * _a5_)) * x);{'d0': {'_a0_': 1.7751354042503649, '_a5_': 2.106624068350016, '_a7_': 1.1131272217316646, '_a1_': 1.0, '_a2_': 1.0, '_a3_': 1.0, '_a4_': 1.0, '_a6_': 1.0}};{'d0': 0.024905832919416632};-280.569866449044;45.018104264446016
17806;-95.2668289600759;((((pow2(((_a7_ * _a7_) * (x * _a7_))) * _a0_) + _a0_) + (x * _a5_)) * x);{'d0': {'_a0_': 1.7751354042503649, '_a5_': 2.106624068350016, '_a7_': 1.1131272217316646, '_a1_': 1.0, '_a2_': 1.0, '_a3_': 1.0, '_a4_': 1.0, '_a6_': 1.0}};{'d0': 0.024905832919416632};-280.569866449044;45.018104264446016
17807;-95.2668289600759;((((pow2(((_a7_ * _a7_) * (x * _a7_))) * _a0_) + _a0_) + (x * _a5_)) * x);{'d0': {'_a0_': 1.7751354042503649, '_a5_': 2.106624068350016, '_a7_': 1.1131272217316646, '_a1_': 1.0, '_a2_': 1.0, '_a3_': 1.0, '_a4_': 1.0, '_a6_': 1.0}};{'d0': 0.024905832919416632};-280.569866449044;45.018104264446016
17808;-95.2668289600759;((((pow2(((_a7_ * _a7_) * (x * _a7_))) * _a0_) + _a0_) + (x * _a5_)) * x);{'d0': {'_a0_': 1.7751354042503649, '_a5_': 2.106624068350016, '_a7_': 1.1131272217316646, '_a1_': 1.0, '_a2_': 1.0, '_a3_': 1.0, '_a4_': 1.0, '_a6_': 1.0}};{'d0': 0.024905832919416632};-280.569866449044;45.018104264446016
17809;-95.2668289600759;((((pow2(((_a7_ * _a7_) * (x * _a7_))) * _a0_) + _a0_) + (x * _a5_)) * x);{'d0': {'_a0_': 1.7751354042503649, '_a5_': 2.106624068350016, '_a7_': 1.1131272217316646, '_a1_': 1.0, '_a2_': 1.0, '_a3_': 1.0, '_a4_': 1.0, '_a6_': 1.0}};{'d0': 0.024905832919416632};-280.569866449044;45.018104264446016
17810;-95.2668289600759;((((pow2(((_a7_ * _a7_) * (x * _a7_))) * _a0_) + _a0_) + (x * _a5_)) * x);{'d0': {'_a0_': 1.7751354042503649, '_a5_': 2.106624068350016, '_a7_': 1.1131272217316646, '_a1_': 1.0, '_a2_': 1.0, '_a3_': 1.0, '_a4_': 1.0, '_a6_': 1.0}};{'d0': 0.024905832919416632};-280.569866449044;45.018104264446016
17811;-95.2668289600759;((((pow2(((_a7_ * _a7_) * (x * _a7_))) * _a0_) + _a0_) + (x * _a5_)) * x);{'d0': {'_a0_': 1.7751354042503649, '_a5_': 2.106624068350016, '_a7_': 1.1131272217316646, '_a1_': 1.0, '_a2_': 1.0, '_a3_': 1.0, '_a4_': 1.0, '_a6_': 1.0}};{'d0': 0.024905832919416632};-280.569866449044;45.018104264446016
17812;-95.2668289600759;((((pow2(((_a7_ * _a7_) * (x * _a7_))) * _a0_) + _a0_) + (x * _a5_)) * x);{'d0': {'_a0_': 1.7751354042503649, '_a5_': 2.106624068350016, '_a7_': 1.1131272217316646, '_a1_': 1.0, '_a2_': 1.0, '_a3_': 1.0, '_a4_': 1.0, '_a6_': 1.0}};{'d0': 0.024905832919416632};-280.569866449044;45.018104264446016
17813;-95.2668289600759;((((pow2(((_a7_ * _a7_) * (x * _a7_))) * _a0_) + _a0_) + (x * _a5_)) * x);{'d0': {'_a0_': 1.7751354042503649, '_a5_': 2.106624068350016, '_a7_': 1.1131272217316646, '_a1_': 1.0, '_a2_': 1.0, '_a3_': 1.0, '_a4_': 1.0, '_a6_': 1.0}};{'d0': 0.024905832919416632};-280.569866449044;45.018104264446016
17814;-95.2668289600759;((((pow2(((_a7_ * _a7_) * (x * _a7_))) * _a0_) + _a0_) + (x * _a5_)) * x);{'d0': {'_a0_': 1.7751354042503649, '_a5_': 2.106624068350016, '_a7_': 1.1131272217316646, '_a1_': 1.0, '_a2_': 1.0, '_a3_': 1.0, '_a4_': 1.0, '_a6_': 1.0}};{'d0': 0.024905832919416632};-280.569866449044;45.018104264446016
17815;-95.2668289600759;((((pow2(((_a0_ * _a7_) * (x * _a7_))) * _a0_) + _a0_) + (x * _a5_)) * x);{'d0': {'_a0_': 1.7751354041867875, '_a5_': 2.106624067599014, '_a7_': 0.8814576727620593, '_a1_': 1.0, '_a2_': 1.0, '_a3_': 1.0, '_a4_': 1.0, '_a6_': 1.0}};{'d0': 0.024905832919416615};-280.569866449044;45.018104264446016
17816;-95.2668289600759;((((pow2(((_a0_ * _a7_) * (x * _a7_))) * _a0_) + _a0_) + (x * _a5_)) * x);{'d0': {'_a0_': 1.7751354041867875, '_a5_': 2.106624067599014, '_a7_': 0.8814576727620593, '_a1_': 1.0, '_a2_': 1.0, '_a3_': 1.0, '_a4_': 1.0, '_a6_': 1.0}};{'d0': 0.024905832919416615};-280.569866449044;45.018104264446016
17817;-95.2668289600759;((((pow2(((_a0_ * _a7_) * (x * _a7_))) * _a0_) + _a0_) + (x * _a5_)) * x);{'d0': {'_a0_': 1.7751354041867875, '_a5_': 2.106624067599014, '_a7_': 0.8814576727620593, '_a1_': 1.0, '_a2_': 1.0, '_a3_': 1.0, '_a4_': 1.0, '_a6_': 1.0}};{'d0': 0.024905832919416615};-280.569866449044;45.018104264446016
17818;-95.2668289600759;((((pow2(((_a0_ * _a7_) * (x * _a7_))) * _a0_) + _a0_) + (x * _a5_)) * x);{'d0': {'_a0_': 1.7751354041867875, '_a5_': 2.106624067599014, '_a7_': 0.8814576727620593, '_a1_': 1.0, '_a2_': 1.0, '_a3_': 1.0, '_a4_': 1.0, '_a6_': 1.0}};{'d0': 0.024905832919416615};-280.569866449044;45.018104264446016
17819;-94.4402824091470;((((pow2(((_a0_ * _a7_) * (x * _a7_))) + _a0_) + _a0_) + (x * _a5_)) * x);{'d0': {'_a0_': 0.8875677022308747, '_a5_': 2.106624068444551, '_a7_': 1.4388791906288407, '_a1_': 1.0, '_a2_': 1.0, '_a3_': 1.0, '_a4_': 1.0, '_a6_': 1.0}};{'d0': 0.024905832919416577};-280.569866449044;45.84465081537502
17820;-94.4402824091470;((((pow2(((_a0_ * _a7_) * (x * _a7_))) + _a0_) + _a0_) + (x * _a5_)) * x);{'d0': {'_a0_': 0.8875677022308747, '_a5_': 2.106624068444551, '_a7_': 1.4388791906288407, '_a1_': 1.0, '_a2_': 1.0, '_a3_': 1.0, '_a4_': 1.0, '_a6_': 1.0}};{'d0': 0.024905832919416577};-280.569866449044;45.84465081537502
17821;-94.4402824091470;((((pow2(((_a0_ * _a7_) * (x * _a7_))) + _a0_) + _a0_) + (x * _a5_)) * x);{'d0': {'_a0_': 0.8875677022308747, '_a5_': 2.106624068444551, '_a7_': 1.4388791906288407, '_a1_': 1.0, '_a2_': 1.0, '_a3_': 1.0, '_a4_': 1.0, '_a6_': 1.0}};{'d0': 0.024905832919416577};-280.569866449044;45.84465081537502
17822;-94.4402824091470;((((pow2(((_a0_ * _a7_) * (x * _a7_))) + _a0_) + _a0_) + (x * _a5_)) * x);{'d0': {'_a0_': 0.8875677022308747, '_a5_': 2.106624068444551, '_a7_': 1.4388791906288407, '_a1_': 1.0, '_a2_': 1.0, '_a3_': 1.0, '_a4_': 1.0, '_a6_': 1.0}};{'d0': 0.024905832919416577};-280.569866449044;45.84465081537502
17823;-102.011645640093;((x * (_a5_ + (((x + (_a7_ * _a4_)) * x) * _a6_))) * _a4_);{'d0': {'_a4_': 0.6057002767109603, '_a5_': 2.930714321889016, '_a6_': 5.574967095415076, '_a7_': 1.0299798652360137, '_a0_': 1.0, '_a1_': 1.0, '_a2_': 1.0, '_a3_': 1.0}};{'d0': 0.024905832927371946};-276.475521867657;36.22611529373495
17824;-102.011645640093;((x * (_a5_ + (((x + (_a7_ * _a4_)) * x) * _a6_))) * _a4_);{'d0': {'_a4_': 0.6057002767109603, '_a5_': 2.930714321889016, '_a6_': 5.574967095415076, '_a7_': 1.0299798652360137, '_a0_': 1.0, '_a1_': 1.0, '_a2_': 1.0, '_a3_': 1.0}};{'d0': 0.024905832927371946};-276.475521867657;36.22611529373495
17825;-102.011645640093;((x * (_a5_ + (((x + (_a7_ * _a4_)) * x) * _a6_))) * _a4_);{'d0': {'_a4_': 0.6057002767109603, '_a5_': 2.930714321889016, '_a6_': 5.574967095415076, '_a7_': 1.0299798652360137, '_a0_': 1.0, '_a1_': 1.0, '_a2_': 1.0, '_a3_': 1.0}};{'d0': 0.024905832927371946};-276.475521867657;36.22611529373495
17826;-102.011645640093;((x * (_a5_ + (((x + (_a7_ * _a4_)) * x) * _a6_))) * _a4_);{'d0': {'_a4_': 0.6057002767109603, '_a5_': 2.930714321889016, '_a6_': 5.574967095415076, '_a7_': 1.0299798652360137, '_a0_': 1.0, '_a1_': 1.0, '_a2_': 1.0, '_a3_': 1.0}};{'d0': 0.024905832927371946};-276.475521867657;36.22611529373495
17827;-102.011645640093;((x * (_a5_ + (((x + (_a7_ * _a4_)) * x) * _a6_))) * _a4_);{'d0': {'_a4_': 0.6057002767109603, '_a5_': 2.930714321889016, '_a6_': 5.574967095415076, '_a7_': 1.0299798652360137, '_a0_': 1.0, '_a1_': 1.0, '_a2_': 1.0, '_a3_': 1.0}};{'d0': 0.024905832927371946};-276.475521867657;36.22611529373495
17828;-102.011645640093;((x * (_a5_ + (((x + (_a7_ * _a4_)) * x) * _a6_))) * _a4_);{'d0': {'_a4_': 0.6057002767109603, '_a5_': 2.930714321889016, '_a6_': 5.574967095415076, '_a7_': 1.0299798652360137, '_a0_': 1.0, '_a1_': 1.0, '_a2_': 1.0, '_a3_': 1.0}};{'d0': 0.024905832927371946};-276.475521867657;36.22611529373495
17829;-102.011645649193;((x * (_a5_ + (((x + (_a7_ * _a6_)) * x) * _a6_))) * _a4_);{'d0': {'_a4_': 0.3124980383711149, '_a5_': 5.680468285102098, '_a6_': 10.80570136767327, '_a7_': 0.05773427574256373, '_a0_': 1.0, '_a1_': 1.0, '_a2_': 1.0, '_a3_': 1.0}};{'d0': 0.0249058329198177};-276.475521885855;36.22611529373495
17830;-86.5928183609595;((((pow2(((_a0_ * _a7_) * (x * _a7_))) + _a0_) + (_a7_ / _a2_)) + (x * _a5_)) * x);{'d0': {'_a0_': 0.8501238785978447, '_a2_': 1.5894131553782536, '_a5_': 2.106624067844243, '_a7_': 1.47022552618151, '_a1_': 1.0, '_a3_': 1.0, '_a4_': 1.0, '_a6_': 1.0}};{'d0': 0.0249058329199762};-276.475521885473;51.64494258177742
17831;-86.5928183609595;((((pow2(((_a0_ * _a7_) * (x * _a7_))) + _a0_) + (_a7_ / _a2_)) + (x * _a5_)) * x);{'d0': {'_a0_': 0.8501238785978447, '_a2_': 1.5894131553782536, '_a5_': 2.106624067844243, '_a7_': 1.47022552618151, '_a1_': 1.0, '_a3_': 1.0, '_a4_': 1.0, '_a6_': 1.0}};{'d0': 0.0249058329199762};-276.475521885473;51.64494258177742
17832;-86.5928183609595;((((pow2(((_a0_ * _a7_) * (x * _a7_))) + _a0_) + (_a7_ / _a2_)) + (x * _a5_)) * x);{'d0': {'_a0_': 0.8501238785978447, '_a2_': 1.5894131553782536, '_a5_': 2.106624067844243, '_a7_': 1.47022552618151, '_a1_': 1.0, '_a3_': 1.0, '_a4_': 1.0, '_a6_': 1.0}};{'d0': 0.0249058329199762};-276.475521885473;51.64494258177742
17833;-87.3310947008403;(((((pow2((x + _a3_)) / (_a3_ * (_a1_ + _a0_))) + x) + _a0_) * x) * log(_a3_));{'d0': {'_a0_': -1.3649480068295636, '_a1_': 0.7986519605991386, '_a3_': 0.4351382400457381, '_a2_': 1.0, '_a4_': 1.0, '_a5_': 1.0, '_a6_': 1.0, '_a7_': 1.0}};{'d0': 0.024905832919416622};-280.569866449044;52.95383852368148
17834;-87.3310947008403;(((((pow2((x + _a3_)) / (_a3_ * (_a1_ + _a0_))) + x) + _a0_) * x) * log(_a3_));{'d0': {'_a0_': -1.3649480068295636, '_a1_': 0.7986519605991386, '_a3_': 0.4351382400457381, '_a2_': 1.0, '_a4_': 1.0, '_a5_': 1.0, '_a6_': 1.0, '_a7_': 1.0}};{'d0': 0.024905832919416622};-280.569866449044;52.95383852368148
17835;-87.3310947008403;(((((pow2((x + _a3_)) / (_a3_ * (_a1_ + _a0_))) + x) + _a0_) * x) * log(_a3_));{'d0': {'_a0_': -1.3649480068295636, '_a1_': 0.7986519605991386, '_a3_': 0.4351382400457381, '_a2_': 1.0, '_a4_': 1.0, '_a5_': 1.0, '_a6_': 1.0, '_a7_': 1.0}};{'d0': 0.024905832919416622};-280.569866449044;52.95383852368148
17836;-87.3310947008403;(((((pow2((x + _a3_)) / (_a3_ * (_a1_ + _a0_))) + x) + _a0_) * x) * log(_a3_));{'d0': {'_a0_': -1.3649480068295636, '_a1_': 0.7986519605991386, '_a3_': 0.4351382400457381, '_a2_': 1.0, '_a4_': 1.0, '_a5_': 1.0, '_a6_': 1.0, '_a7_': 1.0}};{'d0': 0.024905832919416622};-280.569866449044;52.95383852368148
17837;-87.3310947008403;(((((pow2((x + _a3_)) / (_a3_ * (_a1_ + _a0_))) + x) + _a0_) * x) * log(_a3_));{'d0': {'_a0_': -1.3649480068295636, '_a1_': 0.7986519605991386, '_a3_': 0.4351382400457381, '_a2_': 1.0, '_a4_': 1.0, '_a5_': 1.0, '_a6_': 1.0, '_a7_': 1.0}};{'d0': 0.024905832919416622};-280.569866449044;52.95383852368148
17838;-87.3310947008403;(((((pow2((x + _a3_)) / (_a3_ * (_a1_ + _a0_))) + x) + _a0_) * x) * log(_a3_));{'d0': {'_a0_': -1.3649480068295636, '_a1_': 0.7986519605991386, '_a3_': 0.4351382400457381, '_a2_': 1.0, '_a4_': 1.0, '_a5_': 1.0, '_a6_': 1.0, '_a7_': 1.0}};{'d0': 0.024905832919416622};-280.569866449044;52.95383852368148
17839;-87.3310947008403;(((((pow2((x + _a3_)) / (_a3_ * (_a1_ + _a0_))) + x) + _a0_) * x) * log(_a3_));{'d0': {'_a0_': -1.3649480068295636, '_a1_': 0.7986519605991386, '_a3_': 0.4351382400457381, '_a2_': 1.0, '_a4_': 1.0, '_a5_': 1.0, '_a6_': 1.0, '_a7_': 1.0}};{'d0': 0.024905832919416622};-280.569866449044;52.95383852368148
17840;-87.3310947008403;(((((pow2((x + _a3_)) / (_a3_ * (_a1_ + _a0_))) + x) + _a0_) * x) * log(_a3_));{'d0': {'_a0_': -1.3649480068295636, '_a1_': 0.7986519605991386, '_a3_': 0.4351382400457381, '_a2_': 1.0, '_a4_': 1.0, '_a5_': 1.0, '_a6_': 1.0, '_a7_': 1.0}};{'d0': 0.024905832919416622};-280.569866449044;52.95383852368148
17841;-99.4619796209259;((((pow2(((_a0_ * _a7_) * x)) + _a0_) + _a5_) + (x * _a5_)) * x);{'d0': {'_a0_': -0.33148866974443475, '_a5_': 2.106624072574387, '_a7_': 5.543466985834709, '_a1_': 1.0, '_a2_': 1.0, '_a3_': 1.0, '_a4_': 1.0, '_a6_': 1.0}};{'d0': 0.02490583291941666};-280.569866449044;40.82295360359602
17842;-104.411319546383;((((pow2((_a4_ * x)) + _a0_) + _a5_) + (x * _a5_)) * x);{'d0': {'_a0_': -0.331488665094537, '_a4_': 1.8375964953867625, '_a5_': 2.106624069252429, '_a1_': 1.0, '_a2_': 1.0, '_a3_': 1.0, '_a6_': 1.0, '_a7_': 1.0}};{'d0': 0.02490583291941659};-280.569866449044;35.87361367813902
17843;-104.411319546383;((((pow2((_a4_ * x)) + _a0_) + _a5_) + (x * _a5_)) * x);{'d0': {'_a0_': -0.331488665094537, '_a4_': 1.8375964953867625, '_a5_': 2.106624069252429, '_a1_': 1.0, '_a2_': 1.0, '_a3_': 1.0, '_a6_': 1.0, '_a7_': 1.0}};{'d0': 0.02490583291941659};-280.569866449044;35.87361367813902
17844;-104.411319546383;((((pow2((_a4_ * x)) + _a0_) + _a5_) + (x * _a5_)) * x);{'d0': {'_a0_': -0.331488665094537, '_a4_': 1.8375964953867625, '_a5_': 2.106624069252429, '_a1_': 1.0, '_a2_': 1.0, '_a3_': 1.0, '_a6_': 1.0, '_a7_': 1.0}};{'d0': 0.02490583291941659};-280.569866449044;35.87361367813902
17845;-104.411319546383;((((pow2((_a4_ * x)) + _a0_) + _a5_) + (x * _a5_)) * x);{'d0': {'_a0_': -0.331488665094537, '_a4_': 1.8375964953867625, '_a5_': 2.106624069252429, '_a1_': 1.0, '_a2_': 1.0, '_a3_': 1.0, '_a6_': 1.0, '_a7_': 1.0}};{'d0': 0.02490583291941659};-280.569866449044;35.87361367813902
17846;-104.411319546383;((((pow2((_a4_ * x)) + _a0_) + _a5_) + (x * _a5_)) * x);{'d0': {'_a0_': -0.331488665094537, '_a4_': 1.8375964953867625, '_a5_': 2.106624069252429, '_a1_': 1.0, '_a2_': 1.0, '_a3_': 1.0, '_a6_': 1.0, '_a7_': 1.0}};{'d0': 0.02490583291941659};-280.569866449044;35.87361367813902
17847;-104.411319546383;((((pow2((_a4_ * x)) + _a0_) + _a5_) + (x * _a5_)) * x);{'d0': {'_a0_': -0.331488665094537, '_a4_': 1.8375964953867625, '_a5_': 2.106624069252429, '_a1_': 1.0, '_a2_': 1.0, '_a3_': 1.0, '_a6_': 1.0, '_a7_': 1.0}};{'d0': 0.02490583291941659};-280.569866449044;35.87361367813902
17848;-104.411319546383;((((pow2((_a4_ * x)) + _a0_) + _a5_) + (x * _a5_)) * x);{'d0': {'_a0_': -0.331488665094537, '_a4_': 1.8375964953867625, '_a5_': 2.106624069252429, '_a1_': 1.0, '_a2_': 1.0, '_a3_': 1.0, '_a6_': 1.0, '_a7_': 1.0}};{'d0': 0.02490583291941659};-280.569866449044;35.87361367813902
17849;-104.411319546383;((((pow2((_a4_ * x)) + _a0_) + _a5_) + (x * _a5_)) * x);{'d0': {'_a0_': -0.331488665094537, '_a4_': 1.8375964953867625, '_a5_': 2.106624069252429, '_a1_': 1.0, '_a2_': 1.0, '_a3_': 1.0, '_a6_': 1.0, '_a7_': 1.0}};{'d0': 0.02490583291941659};-280.569866449044;35.87361367813902
17850;-104.411319546383;((((pow2((_a4_ * x)) + _a0_) + _a5_) + (x * _a5_)) * x);{'d0': {'_a0_': -0.331488665094537, '_a4_': 1.8375964953867625, '_a5_': 2.106624069252429, '_a1_': 1.0, '_a2_': 1.0, '_a3_': 1.0, '_a6_': 1.0, '_a7_': 1.0}};{'d0': 0.02490583291941659};-280.569866449044;35.87361367813902
17851;-104.411319546383;((((pow2((_a4_ * x)) + _a0_) + _a5_) + (x * _a5_)) * x);{'d0': {'_a0_': -0.331488665094537, '_a4_': 1.8375964953867625, '_a5_': 2.106624069252429, '_a1_': 1.0, '_a2_': 1.0, '_a3_': 1.0, '_a6_': 1.0, '_a7_': 1.0}};{'d0': 0.02490583291941659};-280.569866449044;35.87361367813902
17852;-79.3633213704717;(((((pow2((x + _a3_)) / (_a3_ * (_a1_ + _a0_))) + (x + _a2_)) + _a0_) * x) * log(_a3_));{'d0': {'_a0_': 60.83011511026024, '_a1_': -61.396411096205135, '_a2_': -62.195063141909735, '_a3_': 0.43513824025949976, '_a4_': 1.0, '_a5_': 1.0, '_a6_': 1.0, '_a7_': 1.0}};{'d0': 0.024905832919605523};-276.475521886366;58.87443957271148
17853;-79.3633213348579;(((((pow2((x + _a3_)) / (_a3_ * (_a1_ + _a0_))) + (_a3_ + _a2_)) + _a0_) * x) * log(_a3_));{'d0': {'_a0_': -61667.9820779494, '_a1_': 61666.87606596961, '_a2_': 61666.42842806608, '_a3_': 0.31192970770842, '_a4_': 1.0, '_a5_': 1.0, '_a6_': 1.0, '_a7_': 1.0}};{'d0': 0.02490583294917186};-276.475521815139;58.87443957271148
17854;-79.3633213348579;(((((pow2((x + _a3_)) / (_a3_ * (_a1_ + _a0_))) + (_a3_ + _a2_)) + _a0_) * x) * log(_a3_));{'d0': {'_a0_': -61667.9820779494, '_a1_': 61666.87606596961, '_a2_': 61666.42842806608, '_a3_': 0.31192970770842, '_a4_': 1.0, '_a5_': 1.0, '_a6_': 1.0, '_a7_': 1.0}};{'d0': 0.02490583294917186};-276.475521815139;58.87443957271148
17855;-79.3633213348579;(((((pow2((x + _a3_)) / (_a3_ * (_a1_ + _a0_))) + (_a3_ + _a2_)) + _a0_) * x) * log(_a3_));{'d0': {'_a0_': -61667.9820779494, '_a1_': 61666.87606596961, '_a2_': 61666.42842806608, '_a3_': 0.31192970770842, '_a4_': 1.0, '_a5_': 1.0, '_a6_': 1.0, '_a7_': 1.0}};{'d0': 0.02490583294917186};-276.475521815139;58.87443957271148
17856;-84.7226533333672;(((((pow2((x + _a3_)) / (_a3_ * (_a1_ + _a0_))) + (_a3_ + _a2_)) + _a0_) * x) * _a0_);{'d0': {'_a0_': -1542.3524544294003, '_a1_': 78.06419205091416, '_a2_': 1542.0395868200321, '_a3_': 0.3119297081927799, '_a4_': 1.0, '_a5_': 1.0, '_a6_': 1.0, '_a7_': 1.0}};{'d0': 0.024905832975406637};-276.475521751937;53.515107542601484
17857;-84.7226533333672;(((((pow2((x + _a3_)) / (_a3_ * (_a1_ + _a0_))) + (_a3_ + _a2_)) + _a0_) * x) * _a0_);{'d0': {'_a0_': -1542.3524544294003, '_a1_': 78.06419205091416, '_a2_': 1542.0395868200321, '_a3_': 0.3119297081927799, '_a4_': 1.0, '_a5_': 1.0, '_a6_': 1.0, '_a7_': 1.0}};{'d0': 0.024905832975406637};-276.475521751937;53.515107542601484
17858;-84.7226533333672;(((((pow2((x + _a3_)) / (_a3_ * (_a1_ + _a0_))) + (_a3_ + _a2_)) + _a0_) * x) * _a0_);{'d0': {'_a0_': -1542.3524544294003, '_a1_': 78.06419205091416, '_a2_': 1542.0395868200321, '_a3_': 0.3119297081927799, '_a4_': 1.0, '_a5_': 1.0, '_a6_': 1.0, '_a7_': 1.0}};{'d0': 0.024905832975406637};-276.475521751937;53.515107542601484
17859;-84.7226533333672;(((((pow2((x + _a3_)) / (_a3_ * (_a1_ + _a0_))) + (_a3_ + _a2_)) + _a0_) * x) * _a0_);{'d0': {'_a0_': -1542.3524544294003, '_a1_': 78.06419205091416, '_a2_': 1542.0395868200321, '_a3_': 0.3119297081927799, '_a4_': 1.0, '_a5_': 1.0, '_a6_': 1.0, '_a7_': 1.0}};{'d0': 0.024905832975406637};-276.475521751937;53.515107542601484
17860;-84.7226533333672;(((((pow2((x + _a3_)) / (_a3_ * (_a1_ + _a0_))) + (_a3_ + _a2_)) + _a0_) * x) * _a0_);{'d0': {'_a0_': -1542.3524544294003, '_a1_': 78.06419205091416, '_a2_': 1542.0395868200321, '_a3_': 0.3119297081927799, '_a4_': 1.0, '_a5_': 1.0, '_a6_': 1.0, '_a7_': 1.0}};{'d0': 0.024905832975406637};-276.475521751937;53.515107542601484
17861;-84.7226533333672;(((((pow2((x + _a3_)) / (_a3_ * (_a1_ + _a0_))) + (_a3_ + _a2_)) + _a0_) * x) * _a0_);{'d0': {'_a0_': -1542.3524544294003, '_a1_': 78.06419205091416, '_a2_': 1542.0395868200321, '_a3_': 0.3119297081927799, '_a4_': 1.0, '_a5_': 1.0, '_a6_': 1.0, '_a7_': 1.0}};{'d0': 0.024905832975406637};-276.475521751937;53.515107542601484
17862;-90.6432544497760;(((((pow2((x + _a3_)) / (_a3_ * _a7_)) + (_a3_ + _a2_)) + _a0_) * x) * _a0_);{'d0': {'_a0_': 324.19540873058605, '_a2_': -324.502876388393, '_a3_': 0.3119297078820616, '_a7_': 307.7866749009841, '_a1_': 1.0, '_a4_': 1.0, '_a5_': 1.0, '_a6_': 1.0}};{'d0': 0.024905832919469115};-276.475521886695;47.59450649357149
17863;-90.6432544497760;(((((pow2((x + _a3_)) / (_a3_ * _a7_)) + (_a3_ + _a2_)) + _a0_) * x) * _a0_);{'d0': {'_a0_': 324.19540873058605, '_a2_': -324.502876388393, '_a3_': 0.3119297078820616, '_a7_': 307.7866749009841, '_a1_': 1.0, '_a4_': 1.0, '_a5_': 1.0, '_a6_': 1.0}};{'d0': 0.024905832919469115};-276.475521886695;47.59450649357149
17864;-90.6432544497760;(((((pow2((x + _a3_)) / (_a3_ * _a7_)) + (_a3_ + _a2_)) + _a0_) * x) * _a0_);{'d0': {'_a0_': 324.19540873058605, '_a2_': -324.502876388393, '_a3_': 0.3119297078820616, '_a7_': 307.7866749009841, '_a1_': 1.0, '_a4_': 1.0, '_a5_': 1.0, '_a6_': 1.0}};{'d0': 0.024905832919469115};-276.475521886695;47.59450649357149
17865;-91.6145155723725;(((((pow2((x + _a3_)) / (_a3_ * _a7_)) + (_a3_ * _a2_)) + _a0_) * x) * _a0_);{'d0': {'_a0_': -44.250122609728706, '_a2_': 141.75447420288444, '_a3_': 0.31192970782218365, '_a7_': -42.010459553272455, '_a1_': 1.0, '_a4_': 1.0, '_a5_': 1.0, '_a6_': 1.0}};{'d0': 0.02490583292027982};-276.475521884742;46.623245369998486
17866;-91.6145155723725;(((((pow2((x + _a3_)) / (_a3_ * _a7_)) + (_a3_ * _a2_)) + _a0_) * x) * _a0_);{'d0': {'_a0_': -44.250122609728706, '_a2_': 141.75447420288444, '_a3_': 0.31192970782218365, '_a7_': -42.010459553272455, '_a1_': 1.0, '_a4_': 1.0, '_a5_': 1.0, '_a6_': 1.0}};{'d0': 0.02490583292027982};-276.475521884742;46.623245369998486
17867;-91.6145155723725;(((((pow2((x + _a3_)) / (_a3_ * _a7_)) + (_a3_ * _a2_)) + _a0_) * x) * _a0_);{'d0': {'_a0_': -44.250122609728706, '_a2_': 141.75447420288444, '_a3_': 0.31192970782218365, '_a7_': -42.010459553272455, '_a1_': 1.0, '_a4_': 1.0, '_a5_': 1.0, '_a6_': 1.0}};{'d0': 0.02490583292027982};-276.475521884742;46.623245369998486
17868;-89.5673432695900;(((((pow2((x + _a4_)) / (_a3_ * _a7_)) + (_a3_ * _a2_)) + _a0_) * x) * _a0_);{'d0': {'_a0_': -44.04991067179716, '_a2_': 141.33091964985778, '_a3_': 0.31144686051418996, '_a4_': 0.31192970782611246, '_a7_': -41.88521676228415, '_a1_': 1.0, '_a5_': 1.0, '_a6_': 1.0}};{'d0': 0.02490583293827129};-272.381177279177;46.623245369998486
17869;-89.5673432695900;(((((pow2((x + _a4_)) / (_a3_ * _a7_)) + (_a3_ * _a2_)) + _a0_) * x) * _a0_);{'d0': {'_a0_': -44.04991067179716, '_a2_': 141.33091964985778, '_a3_': 0.31144686051418996, '_a4_': 0.31192970782611246, '_a7_': -41.88521676228415, '_a1_': 1.0, '_a5_': 1.0, '_a6_': 1.0}};{'d0': 0.02490583293827129};-272.381177279177;46.623245369998486
17870;-89.5673432695900;(((((pow2((x + _a4_)) / (_a3_ * _a7_)) + (_a3_ * _a2_)) + _a0_) * x) * _a0_);{'d0': {'_a0_': -44.04991067179716, '_a2_': 141.33091964985778, '_a3_': 0.31144686051418996, '_a4_': 0.31192970782611246, '_a7_': -41.88521676228415, '_a1_': 1.0, '_a5_': 1.0, '_a6_': 1.0}};{'d0': 0.02490583293827129};-272.381177279177;46.623245369998486
17871;-89.5673432695900;(((((pow2((x + _a4_)) / (_a3_ * _a7_)) + (_a3_ * _a2_)) + _a0_) * x) * _a0_);{'d0': {'_a0_': -44.04991067179716, '_a2_': 141.33091964985778, '_a3_': 0.31144686051418996, '_a4_': 0.31192970782611246, '_a7_': -41.88521676228415, '_a1_': 1.0, '_a5_': 1.0, '_a6_': 1.0}};{'d0': 0.02490583293827129};-272.381177279177;46.623245369998486
17872;-89.5673432695900;(((((pow2((x + _a4_)) / (_a3_ * _a7_)) + (_a3_ * _a2_)) + _a0_) * x) * _a0_);{'d0': {'_a0_': -44.04991067179716, '_a2_': 141.33091964985778, '_a3_': 0.31144686051418996, '_a4_': 0.31192970782611246, '_a7_': -41.88521676228415, '_a1_': 1.0, '_a5_': 1.0, '_a6_': 1.0}};{'d0': 0.02490583293827129};-272.381177279177;46.623245369998486
17873;-89.5673432695900;(((((pow2((x + _a4_)) / (_a3_ * _a7_)) + (_a3_ * _a2_)) + _a0_) * x) * _a0_);{'d0': {'_a0_': -44.04991067179716, '_a2_': 141.33091964985778, '_a3_': 0.31144686051418996, '_a4_': 0.31192970782611246, '_a7_': -41.88521676228415, '_a1_': 1.0, '_a5_': 1.0, '_a6_': 1.0}};{'d0': 0.02490583293827129};-272.381177279177;46.623245369998486
17874;-89.5673432915719;(((((pow2((x + _a4_)) / (_a3_ * _a7_)) + (_a7_ * _a2_)) + _a0_) * x) * _a0_);{'d0': {'_a0_': -88.72568299970578, '_a2_': -2.2757426413407615, '_a3_': 0.6740663560050282, '_a4_': 0.3119297078265053, '_a7_': -38.98040906292088, '_a1_': 1.0, '_a5_': 1.0, '_a6_': 1.0}};{'d0': 0.024905832920022075};-272.381177323141;46.623245369998486
17875;-89.5673432915719;(((((pow2((x + _a4_)) / (_a3_ * _a7_)) + (_a7_ * _a2_)) + _a0_) * x) * _a0_);{'d0': {'_a0_': -88.72568299970578, '_a2_': -2.2757426413407615, '_a3_': 0.6740663560050282, '_a4_': 0.3119297078265053, '_a7_': -38.98040906292088, '_a1_': 1.0, '_a5_': 1.0, '_a6_': 1.0}};{'d0': 0.024905832920022075};-272.381177323141;46.623245369998486
17876;-89.5673432915719;(((((pow2((x + _a4_)) / (_a3_ * _a7_)) + (_a7_ * _a2_)) + _a0_) * x) * _a0_);{'d0': {'_a0_': -88.72568299970578, '_a2_': -2.2757426413407615, '_a3_': 0.6740663560050282, '_a4_': 0.3119297078265053, '_a7_': -38.98040906292088, '_a1_': 1.0, '_a5_': 1.0, '_a6_': 1.0}};{'d0': 0.024905832920022075};-272.381177323141;46.623245369998486
17877;-89.5673432915719;(((((pow2((x + _a4_)) / (_a3_ * _a7_)) + (_a7_ * _a2_)) + _a0_) * x) * _a0_);{'d0': {'_a0_': -88.72568299970578, '_a2_': -2.2757426413407615, '_a3_': 0.6740663560050282, '_a4_': 0.3119297078265053, '_a7_': -38.98040906292088, '_a1_': 1.0, '_a5_': 1.0, '_a6_': 1.0}};{'d0': 0.024905832920022075};-272.381177323141;46.623245369998486
17878;-98.4907184973530;(((((pow2((_a4_ * x)) + _a0_) + _a5_) + (x * _a5_)) * x) + x);{'d0': {'_a0_': -1.331488662939679, '_a4_': 1.8375964947284504, '_a5_': 2.106624067163837, '_a1_': 1.0, '_a2_': 1.0, '_a3_': 1.0, '_a6_': 1.0, '_a7_': 1.0}};{'d0': 0.024905832919416573};-280.569866449044;41.79421472716902
17879;-98.4907184973530;(((((pow2((_a4_ * x)) + _a0_) + _a5_) + (x * _a5_)) * x) + x);{'d0': {'_a0_': -1.331488662939679, '_a4_': 1.8375964947284504, '_a5_': 2.106624067163837, '_a1_': 1.0, '_a2_': 1.0, '_a3_': 1.0, '_a6_': 1.0, '_a7_': 1.0}};{'d0': 0.024905832919416573};-280.569866449044;41.79421472716902
17880;-98.4907184973530;(((((pow2((_a4_ * x)) + _a0_) + _a5_) + (x * _a5_)) * x) + x);{'d0': {'_a0_': -1.331488662939679, '_a4_': 1.8375964947284504, '_a5_': 2.106624067163837, '_a1_': 1.0, '_a2_': 1.0, '_a3_': 1.0, '_a6_': 1.0, '_a7_': 1.0}};{'d0': 0.024905832919416573};-280.569866449044;41.79421472716902
17881;-98.4907184973530;(((((pow2((_a4_ * x)) + _a0_) + _a5_) + (x * _a5_)) * x) + x);{'d0': {'_a0_': -1.331488662939679, '_a4_': 1.8375964947284504, '_a5_': 2.106624067163837, '_a1_': 1.0, '_a2_': 1.0, '_a3_': 1.0, '_a6_': 1.0, '_a7_': 1.0}};{'d0': 0.024905832919416573};-280.569866449044;41.79421472716902
17882;-96.4435462120814;(((((pow2((_a4_ * x)) + _a0_) + _a5_) + (x * _a1_)) * x) + x);{'d0': {'_a0_': -530.847817334825, '_a1_': 2.106623907303826, '_a4_': 1.8375964437395556, '_a5_': 531.622953215088, '_a2_': 1.0, '_a3_': 1.0, '_a6_': 1.0, '_a7_': 1.0}};{'d0': 0.024905832922870644};-276.475521878501;41.79421472716902
17883;-96.4435462120814;(((((pow2((_a4_ * x)) + _a0_) + _a5_) + (x * _a1_)) * x) + x);{'d0': {'_a0_': -530.847817334825, '_a1_': 2.106623907303826, '_a4_': 1.8375964437395556, '_a5_': 531.622953215088, '_a2_': 1.0, '_a3_': 1.0, '_a6_': 1.0, '_a7_': 1.0}};{'d0': 0.024905832922870644};-276.475521878501;41.79421472716902
17884;-96.4435462120814;(((((pow2((_a4_ * x)) + _a0_) + _a5_) + (x * _a1_)) * x) + x);{'d0': {'_a0_': -530.847817334825, '_a1_': 2.106623907303826, '_a4_': 1.8375964437395556, '_a5_': 531.622953215088, '_a2_': 1.0, '_a3_': 1.0, '_a6_': 1.0, '_a7_': 1.0}};{'d0': 0.024905832922870644};-276.475521878501;41.79421472716902
17885;-96.4435462120814;(((((pow2((_a4_ * x)) + _a0_) + _a5_) + (x * _a1_)) * x) + x);{'d0': {'_a0_': -530.847817334825, '_a1_': 2.106623907303826, '_a4_': 1.8375964437395556, '_a5_': 531.622953215088, '_a2_': 1.0, '_a3_': 1.0, '_a6_': 1.0, '_a7_': 1.0}};{'d0': 0.024905832922870644};-276.475521878501;41.79421472716902
17886;-97.4148073397145;(((((pow2((_a4_ * x)) + _a0_) * _a5_) + (x * _a1_)) * x) + x);{'d0': {'_a0_': 43.0938753082862, '_a1_': 2.106624068031472, '_a4_': 13.701532464098705, '_a5_': 0.01798713562357997, '_a2_': 1.0, '_a3_': 1.0, '_a6_': 1.0, '_a7_': 1.0}};{'d0': 0.02490583291949997};-276.475521886621;40.82295360359602
17887;-97.4148073397145;(((((pow2((_a4_ * x)) + _a0_) * _a5_) + (x * _a1_)) * x) + x);{'d0': {'_a0_': 43.0938753082862, '_a1_': 2.106624068031472, '_a4_': 13.701532464098705, '_a5_': 0.01798713562357997, '_a2_': 1.0, '_a3_': 1.0, '_a6_': 1.0, '_a7_': 1.0}};{'d0': 0.02490583291949997};-276.475521886621;40.82295360359602
17888;-97.4148073397145;(((((pow2((_a4_ * x)) + _a0_) * _a5_) + (x * _a1_)) * x) + x);{'d0': {'_a0_': 43.0938753082862, '_a1_': 2.106624068031472, '_a4_': 13.701532464098705, '_a5_': 0.01798713562357997, '_a2_': 1.0, '_a3_': 1.0, '_a6_': 1.0, '_a7_': 1.0}};{'d0': 0.02490583291949997};-276.475521886621;40.82295360359602
17889;-97.4148073397145;(((((pow2((_a4_ * x)) + _a0_) * _a5_) + (x * _a1_)) * x) + x);{'d0': {'_a0_': 43.0938753082862, '_a1_': 2.106624068031472, '_a4_': 13.701532464098705, '_a5_': 0.01798713562357997, '_a2_': 1.0, '_a3_': 1.0, '_a6_': 1.0, '_a7_': 1.0}};{'d0': 0.02490583291949997};-276.475521886621;40.82295360359602
17890;-97.4148073397145;(((((pow2((_a4_ * x)) + _a0_) * _a5_) + (x * _a1_)) * x) + x);{'d0': {'_a0_': 43.0938753082862, '_a1_': 2.106624068031472, '_a4_': 13.701532464098705, '_a5_': 0.01798713562357997, '_a2_': 1.0, '_a3_': 1.0, '_a6_': 1.0, '_a7_': 1.0}};{'d0': 0.02490583291949997};-276.475521886621;40.82295360359602
17891;-97.4148073397145;(((((pow2((_a4_ * x)) + _a0_) * _a5_) + (x * _a1_)) * x) + x);{'d0': {'_a0_': 43.0938753082862, '_a1_': 2.106624068031472, '_a4_': 13.701532464098705, '_a5_': 0.01798713562357997, '_a2_': 1.0, '_a3_': 1.0, '_a6_': 1.0, '_a7_': 1.0}};{'d0': 0.02490583291949997};-276.475521886621;40.82295360359602
17892;-97.4148073397145;(((((pow2((_a4_ * x)) + _a0_) * _a5_) + (x * _a1_)) * x) + x);{'d0': {'_a0_': 43.0938753082862, '_a1_': 2.106624068031472, '_a4_': 13.701532464098705, '_a5_': 0.01798713562357997, '_a2_': 1.0, '_a3_': 1.0, '_a6_': 1.0, '_a7_': 1.0}};{'d0': 0.02490583291949997};-276.475521886621;40.82295360359602
17893;-97.4148073397145;(((((pow2((_a4_ * x)) + _a0_) * _a5_) + (x * _a1_)) * x) + x);{'d0': {'_a0_': 43.0938753082862, '_a1_': 2.106624068031472, '_a4_': 13.701532464098705, '_a5_': 0.01798713562357997, '_a2_': 1.0, '_a3_': 1.0, '_a6_': 1.0, '_a7_': 1.0}};{'d0': 0.02490583291949997};-276.475521886621;40.82295360359602
17894;-97.4148073397145;(((((pow2((_a4_ * x)) + _a0_) * _a5_) + (x * _a1_)) * x) + x);{'d0': {'_a0_': 43.0938753082862, '_a1_': 2.106624068031472, '_a4_': 13.701532464098705, '_a5_': 0.01798713562357997, '_a2_': 1.0, '_a3_': 1.0, '_a6_': 1.0, '_a7_': 1.0}};{'d0': 0.02490583291949997};-276.475521886621;40.82295360359602
17895;-97.4148073397145;(((((pow2((_a4_ * x)) + _a0_) * _a5_) + (x * _a1_)) * x) + x);{'d0': {'_a0_': 43.0938753082862, '_a1_': 2.106624068031472, '_a4_': 13.701532464098705, '_a5_': 0.01798713562357997, '_a2_': 1.0, '_a3_': 1.0, '_a6_': 1.0, '_a7_': 1.0}};{'d0': 0.02490583291949997};-276.475521886621;40.82295360359602
17896;-97.4148073397145;(((((pow2((_a4_ * x)) + _a0_) * _a5_) + (x * _a1_)) * x) + x);{'d0': {'_a0_': 43.0938753082862, '_a1_': 2.106624068031472, '_a4_': 13.701532464098705, '_a5_': 0.01798713562357997, '_a2_': 1.0, '_a3_': 1.0, '_a6_': 1.0, '_a7_': 1.0}};{'d0': 0.02490583291949997};-276.475521886621;40.82295360359602
17897;-97.4148073397145;(((((pow2((_a4_ * x)) + _a0_) * _a5_) + (x * _a1_)) * x) + x);{'d0': {'_a0_': 43.0938753082862, '_a1_': 2.106624068031472, '_a4_': 13.701532464098705, '_a5_': 0.01798713562357997, '_a2_': 1.0, '_a3_': 1.0, '_a6_': 1.0, '_a7_': 1.0}};{'d0': 0.02490583291949997};-276.475521886621;40.82295360359602
17898;-97.4148073397145;(((((pow2((_a4_ * x)) + _a0_) * _a5_) + (x * _a1_)) * x) + x);{'d0': {'_a0_': 43.0938753082862, '_a1_': 2.106624068031472, '_a4_': 13.701532464098705, '_a5_': 0.01798713562357997, '_a2_': 1.0, '_a3_': 1.0, '_a6_': 1.0, '_a7_': 1.0}};{'d0': 0.02490583291949997};-276.475521886621;40.82295360359602
17899;-96.4435462160834;(((((pow2((_a4_ + x)) + _a0_) * _a5_) + (x * _a1_)) * x) + x);{'d0': {'_a0_': -71.11146791748861, '_a1_': -54.93606005283099, '_a4_': 8.44636122419378, '_a5_': 3.376760867799904, '_a2_': 1.0, '_a3_': 1.0, '_a6_': 1.0, '_a7_': 1.0}};{'d0': 0.024905832919548194};-276.475521886505;41.79421472716902
17900;-96.4435462160834;(((((pow2((_a4_ + x)) + _a0_) * _a5_) + (x * _a1_)) * x) + x);{'d0': {'_a0_': -71.11146791748861, '_a1_': -54.93606005283099, '_a4_': 8.44636122419378, '_a5_': 3.376760867799904, '_a2_': 1.0, '_a3_': 1.0, '_a6_': 1.0, '_a7_': 1.0}};{'d0': 0.024905832919548194};-276.475521886505;41.79421472716902
17901;-96.4435462160834;(((((pow2((_a4_ + x)) + _a0_) * _a5_) + (x * _a1_)) * x) + x);{'d0': {'_a0_': -71.11146791748861, '_a1_': -54.93606005283099, '_a4_': 8.44636122419378, '_a5_': 3.376760867799904, '_a2_': 1.0, '_a3_': 1.0, '_a6_': 1.0, '_a7_': 1.0}};{'d0': 0.024905832919548194};-276.475521886505;41.79421472716902
17902;-96.4435462160834;(((((pow2((_a4_ + x)) + _a0_) * _a5_) + (x * _a1_)) * x) + x);{'d0': {'_a0_': -71.11146791748861, '_a1_': -54.93606005283099, '_a4_': 8.44636122419378, '_a5_': 3.376760867799904, '_a2_': 1.0, '_a3_': 1.0, '_a6_': 1.0, '_a7_': 1.0}};{'d0': 0.024905832919548194};-276.475521886505;41.79421472716902
17903;-103.367701136488;(((((pow2((_a4_ + x)) + _a0_) * _a5_) + x) * x) + x);{'d0': {'_a0_': 0.20270027266087626, '_a4_': 0.163858814459382, '_a5_': 3.376760878209165, '_a1_': 1.0, '_a2_': 1.0, '_a3_': 1.0, '_a6_': 1.0, '_a7_': 1.0}};{'d0': 0.024905832919416632};-280.569866449044;36.91723208803402
17904;-103.367701136488;(((((pow2((_a4_ + x)) + _a0_) * _a5_) + x) * x) + x);{'d0': {'_a0_': 0.20270027266087626, '_a4_': 0.163858814459382, '_a5_': 3.376760878209165, '_a1_': 1.0, '_a2_': 1.0, '_a3_': 1.0, '_a6_': 1.0, '_a7_': 1.0}};{'d0': 0.024905832919416632};-280.569866449044;36.91723208803402
17905;-103.367701136488;(((((pow2((_a4_ + x)) + _a0_) * _a5_) + x) * x) + x);{'d0': {'_a0_': 0.20270027266087626, '_a4_': 0.163858814459382, '_a5_': 3.376760878209165, '_a1_': 1.0, '_a2_': 1.0, '_a3_': 1.0, '_a6_': 1.0, '_a7_': 1.0}};{'d0': 0.024905832919416632};-280.569866449044;36.91723208803402
17906;-103.367701136488;(((((pow2((_a4_ + x)) + _a0_) * _a5_) + x) * x) + x);{'d0': {'_a0_': 0.20270027266087626, '_a4_': 0.163858814459382, '_a5_': 3.376760878209165, '_a1_': 1.0, '_a2_': 1.0, '_a3_': 1.0, '_a6_': 1.0, '_a7_': 1.0}};{'d0': 0.024905832919416632};-280.569866449044;36.91723208803402
17907;-103.367701136488;(((((pow2((_a4_ + x)) + _a0_) * _a5_) + x) * x) + x);{'d0': {'_a0_': 0.20270027266087626, '_a4_': 0.163858814459382, '_a5_': 3.376760878209165, '_a1_': 1.0, '_a2_': 1.0, '_a3_': 1.0, '_a6_': 1.0, '_a7_': 1.0}};{'d0': 0.024905832919416632};-280.569866449044;36.91723208803402
17908;-103.367701136488;(((((pow2((_a4_ + x)) + _a0_) * _a5_) + x) * x) + x);{'d0': {'_a0_': 0.20270027266087626, '_a4_': 0.163858814459382, '_a5_': 3.376760878209165, '_a1_': 1.0, '_a2_': 1.0, '_a3_': 1.0, '_a6_': 1.0, '_a7_': 1.0}};{'d0': 0.024905832919416632};-280.569866449044;36.91723208803402
17909;-103.367701136488;(((((pow2((_a4_ + x)) + _a0_) * _a5_) + x) * x) + x);{'d0': {'_a0_': 0.20270027266087626, '_a4_': 0.163858814459382, '_a5_': 3.376760878209165, '_a1_': 1.0, '_a2_': 1.0, '_a3_': 1.0, '_a6_': 1.0, '_a7_': 1.0}};{'d0': 0.024905832919416632};-280.569866449044;36.91723208803402
17910;-103.367701136488;(((((pow2((_a4_ + x)) + _a0_) * _a5_) + x) * x) + x);{'d0': {'_a0_': 0.20270027266087626, '_a4_': 0.163858814459382, '_a5_': 3.376760878209165, '_a1_': 1.0, '_a2_': 1.0, '_a3_': 1.0, '_a6_': 1.0, '_a7_': 1.0}};{'d0': 0.024905832919416632};-280.569866449044;36.91723208803402
17911;-103.367701136488;(((((pow2((_a4_ + x)) + _a0_) * _a5_) + x) * x) + x);{'d0': {'_a0_': 0.20270027266087626, '_a4_': 0.163858814459382, '_a5_': 3.376760878209165, '_a1_': 1.0, '_a2_': 1.0, '_a3_': 1.0, '_a6_': 1.0, '_a7_': 1.0}};{'d0': 0.024905832919416632};-280.569866449044;36.91723208803402
17912;-103.367701136488;(((((pow2((_a4_ + x)) + _a0_) * _a5_) + x) * x) + x);{'d0': {'_a0_': 0.20270027266087626, '_a4_': 0.163858814459382, '_a5_': 3.376760878209165, '_a1_': 1.0, '_a2_': 1.0, '_a3_': 1.0, '_a6_': 1.0, '_a7_': 1.0}};{'d0': 0.024905832919416632};-280.569866449044;36.91723208803402
17913;-103.367701136488;(((((pow2((_a4_ + x)) + _a0_) * _a5_) + x) * x) + x);{'d0': {'_a0_': 0.20270027266087626, '_a4_': 0.163858814459382, '_a5_': 3.376760878209165, '_a1_': 1.0, '_a2_': 1.0, '_a3_': 1.0, '_a6_': 1.0, '_a7_': 1.0}};{'d0': 0.024905832919416632};-280.569866449044;36.91723208803402
17914;-103.367701136488;(((((pow2((_a4_ + x)) + _a0_) * _a5_) + x) * x) + x);{'d0': {'_a0_': 0.20270027266087626, '_a4_': 0.163858814459382, '_a5_': 3.376760878209165, '_a1_': 1.0, '_a2_': 1.0, '_a3_': 1.0, '_a6_': 1.0, '_a7_': 1.0}};{'d0': 0.024905832919416632};-280.569866449044;36.91723208803402
17915;-103.367701136488;(((((pow2((_a4_ + x)) + _a0_) * _a5_) + x) * x) + x);{'d0': {'_a0_': 0.20270027266087626, '_a4_': 0.163858814459382, '_a5_': 3.376760878209165, '_a1_': 1.0, '_a2_': 1.0, '_a3_': 1.0, '_a6_': 1.0, '_a7_': 1.0}};{'d0': 0.024905832919416632};-280.569866449044;36.91723208803402
17916;-103.367701136488;(((((pow2((_a4_ + x)) + _a0_) * _a5_) + x) * x) + x);{'d0': {'_a0_': 0.20270027266087626, '_a4_': 0.163858814459382, '_a5_': 3.376760878209165, '_a1_': 1.0, '_a2_': 1.0, '_a3_': 1.0, '_a6_': 1.0, '_a7_': 1.0}};{'d0': 0.024905832919416632};-280.569866449044;36.91723208803402
17917;-103.367701136488;(((((pow2((_a4_ + x)) + _a0_) * _a5_) + x) * x) + x);{'d0': {'_a0_': 0.20270027266087626, '_a4_': 0.163858814459382, '_a5_': 3.376760878209165, '_a1_': 1.0, '_a2_': 1.0, '_a3_': 1.0, '_a6_': 1.0, '_a7_': 1.0}};{'d0': 0.024905832919416632};-280.569866449044;36.91723208803402
17918;-103.367701136488;(((((pow2((_a4_ + x)) + _a0_) * _a5_) + x) * x) + x);{'d0': {'_a0_': 0.20270027266087626, '_a4_': 0.163858814459382, '_a5_': 3.376760878209165, '_a1_': 1.0, '_a2_': 1.0, '_a3_': 1.0, '_a6_': 1.0, '_a7_': 1.0}};{'d0': 0.024905832919416632};-280.569866449044;36.91723208803402
17919;-103.367701136488;(((((pow2((_a4_ + x)) + _a0_) * _a5_) + x) * x) + x);{'d0': {'_a0_': 0.20270027266087626, '_a4_': 0.163858814459382, '_a5_': 3.376760878209165, '_a1_': 1.0, '_a2_': 1.0, '_a3_': 1.0, '_a6_': 1.0, '_a7_': 1.0}};{'d0': 0.024905832919416632};-280.569866449044;36.91723208803402
17920;-103.367701136488;(((((pow2((_a4_ + x)) + _a0_) * _a5_) + x) * x) + x);{'d0': {'_a0_': 0.20270027266087626, '_a4_': 0.163858814459382, '_a5_': 3.376760878209165, '_a1_': 1.0, '_a2_': 1.0, '_a3_': 1.0, '_a6_': 1.0, '_a7_': 1.0}};{'d0': 0.024905832919416632};-280.569866449044;36.91723208803402
17921;-103.367701136488;(((((pow2((_a4_ + x)) + _a0_) * _a5_) + x) * x) + x);{'d0': {'_a0_': 0.20270027266087626, '_a4_': 0.163858814459382, '_a5_': 3.376760878209165, '_a1_': 1.0, '_a2_': 1.0, '_a3_': 1.0, '_a6_': 1.0, '_a7_': 1.0}};{'d0': 0.024905832919416632};-280.569866449044;36.91723208803402
17922;-103.367701136488;(((((pow2((_a4_ + x)) + _a0_) * _a5_) + x) * x) + x);{'d0': {'_a0_': 0.20270027266087626, '_a4_': 0.163858814459382, '_a5_': 3.376760878209165, '_a1_': 1.0, '_a2_': 1.0, '_a3_': 1.0, '_a6_': 1.0, '_a7_': 1.0}};{'d0': 0.024905832919416632};-280.569866449044;36.91723208803402
17923;-103.367701136488;(((((pow2((_a4_ + x)) + _a0_) * _a5_) + x) * x) + x);{'d0': {'_a0_': 0.20270027266087626, '_a4_': 0.163858814459382, '_a5_': 3.376760878209165, '_a1_': 1.0, '_a2_': 1.0, '_a3_': 1.0, '_a6_': 1.0, '_a7_': 1.0}};{'d0': 0.024905832919416632};-280.569866449044;36.91723208803402
17924;-103.367701136488;(((((pow2((_a4_ + x)) + _a0_) * _a5_) + x) * x) + x);{'d0': {'_a0_': 0.20270027266087626, '_a4_': 0.163858814459382, '_a5_': 3.376760878209165, '_a1_': 1.0, '_a2_': 1.0, '_a3_': 1.0, '_a6_': 1.0, '_a7_': 1.0}};{'d0': 0.024905832919416632};-280.569866449044;36.91723208803402
17925;-103.367701136488;(((((pow2((_a4_ + x)) + _a0_) * _a5_) + x) * x) + x);{'d0': {'_a0_': 0.20270027266087626, '_a4_': 0.163858814459382, '_a5_': 3.376760878209165, '_a1_': 1.0, '_a2_': 1.0, '_a3_': 1.0, '_a6_': 1.0, '_a7_': 1.0}};{'d0': 0.024905832919416632};-280.569866449044;36.91723208803402
17926;-99.5822889035534;((x * (_a3_ + (((x + (_a4_ * pow2(_a3_))) * x) * _a6_))) / _a4_);{'d0': {'_a3_': 1.0346006335473033, '_a4_': 0.5828291355859102, '_a6_': 1.9680746220894583, '_a0_': 1.0, '_a1_': 1.0, '_a2_': 1.0, '_a5_': 1.0, '_a7_': 1.0}};{'d0': 0.02490583291941662};-280.569866449044;40.70264432096835
17927;-99.5822889035534;((x * (_a3_ + (((x + (_a4_ * pow2(_a3_))) * x) * _a6_))) / _a4_);{'d0': {'_a3_': 1.0346006335473033, '_a4_': 0.5828291355859102, '_a6_': 1.9680746220894583, '_a0_': 1.0, '_a1_': 1.0, '_a2_': 1.0, '_a5_': 1.0, '_a7_': 1.0}};{'d0': 0.02490583291941662};-280.569866449044;40.70264432096835
17928;-99.5822889035534;((x * (_a3_ + (((x + (_a4_ * pow2(_a3_))) * x) * _a6_))) / _a4_);{'d0': {'_a3_': 1.0346006335473033, '_a4_': 0.5828291355859102, '_a6_': 1.9680746220894583, '_a0_': 1.0, '_a1_': 1.0, '_a2_': 1.0, '_a5_': 1.0, '_a7_': 1.0}};{'d0': 0.02490583291941662};-280.569866449044;40.70264432096835
17929;-99.5822889035534;((x * (_a3_ + (((x + (_a4_ * pow2(_a3_))) * x) * _a6_))) / _a4_);{'d0': {'_a3_': 1.0346006335473033, '_a4_': 0.5828291355859102, '_a6_': 1.9680746220894583, '_a0_': 1.0, '_a1_': 1.0, '_a2_': 1.0, '_a5_': 1.0, '_a7_': 1.0}};{'d0': 0.02490583291941662};-280.569866449044;40.70264432096835
17930;-99.5822889035534;((x * (_a3_ + (((x + (_a4_ * pow2(_a3_))) * x) * _a6_))) / _a4_);{'d0': {'_a3_': 1.0346006335473033, '_a4_': 0.5828291355859102, '_a6_': 1.9680746220894583, '_a0_': 1.0, '_a1_': 1.0, '_a2_': 1.0, '_a5_': 1.0, '_a7_': 1.0}};{'d0': 0.02490583291941662};-280.569866449044;40.70264432096835
17931;-99.5822889035534;((x * (_a3_ + (((x + (_a4_ * pow2(_a3_))) * x) * _a6_))) / _a4_);{'d0': {'_a3_': 1.0346006335473033, '_a4_': 0.5828291355859102, '_a6_': 1.9680746220894583, '_a0_': 1.0, '_a1_': 1.0, '_a2_': 1.0, '_a5_': 1.0, '_a7_': 1.0}};{'d0': 0.02490583291941662};-280.569866449044;40.70264432096835
17932;-99.5822889035534;((x * (_a3_ + (((x + (_a4_ * pow2(_a3_))) * x) * _a6_))) / _a4_);{'d0': {'_a3_': 1.0346006335473033, '_a4_': 0.5828291355859102, '_a6_': 1.9680746220894583, '_a0_': 1.0, '_a1_': 1.0, '_a2_': 1.0, '_a5_': 1.0, '_a7_': 1.0}};{'d0': 0.02490583291941662};-280.569866449044;40.70264432096835
17933;-99.5822889035534;((x * (_a3_ + (((x + (_a4_ * pow2(_a3_))) * x) * _a6_))) / _a4_);{'d0': {'_a3_': 1.0346006335473033, '_a4_': 0.5828291355859102, '_a6_': 1.9680746220894583, '_a0_': 1.0, '_a1_': 1.0, '_a2_': 1.0, '_a5_': 1.0, '_a7_': 1.0}};{'d0': 0.02490583291941662};-280.569866449044;40.70264432096835
17934;-99.5822889035534;((x * (_a3_ + (((x + (_a4_ * pow2(_a3_))) * x) * _a6_))) / _a4_);{'d0': {'_a3_': 1.0346006335473033, '_a4_': 0.5828291355859102, '_a6_': 1.9680746220894583, '_a0_': 1.0, '_a1_': 1.0, '_a2_': 1.0, '_a5_': 1.0, '_a7_': 1.0}};{'d0': 0.02490583291941662};-280.569866449044;40.70264432096835
17935;-99.5822889035534;((x * (_a3_ + (((x + (_a4_ * pow2(_a3_))) * x) * _a6_))) / _a4_);{'d0': {'_a3_': 1.0346006335473033, '_a4_': 0.5828291355859102, '_a6_': 1.9680746220894583, '_a0_': 1.0, '_a1_': 1.0, '_a2_': 1.0, '_a5_': 1.0, '_a7_': 1.0}};{'d0': 0.02490583291941662};-280.569866449044;40.70264432096835
17936;-99.5822889035534;((x * (_a3_ + (((x + (_a4_ * pow2(_a3_))) * x) * _a6_))) / _a4_);{'d0': {'_a3_': 1.0346006335473033, '_a4_': 0.5828291355859102, '_a6_': 1.9680746220894583, '_a0_': 1.0, '_a1_': 1.0, '_a2_': 1.0, '_a5_': 1.0, '_a7_': 1.0}};{'d0': 0.02490583291941662};-280.569866449044;40.70264432096835
17937;-99.5822889035534;((x * (_a3_ + (((x + (_a4_ * pow2(_a3_))) * x) * _a6_))) / _a4_);{'d0': {'_a3_': 1.0346006335473033, '_a4_': 0.5828291355859102, '_a6_': 1.9680746220894583, '_a0_': 1.0, '_a1_': 1.0, '_a2_': 1.0, '_a5_': 1.0, '_a7_': 1.0}};{'d0': 0.02490583291941662};-280.569866449044;40.70264432096835
17938;-97.3596223271334;((x * (_a3_ + (((x + (_a4_ * (x + _a6_))) * x) * _a6_))) / _a4_);{'d0': {'_a3_': 1.3381897226176442, '_a4_': 0.7538521956511962, '_a6_': 1.451421395572861, '_a0_': 1.0, '_a1_': 1.0, '_a2_': 1.0, '_a5_': 1.0, '_a7_': 1.0}};{'d0': 0.02490583291941665};-280.569866449044;42.92531089738836
17939;-97.3596223271334;((x * (_a3_ + (((x + (_a4_ * (x + _a6_))) * x) * _a6_))) / _a4_);{'d0': {'_a3_': 1.3381897226176442, '_a4_': 0.7538521956511962, '_a6_': 1.451421395572861, '_a0_': 1.0, '_a1_': 1.0, '_a2_': 1.0, '_a5_': 1.0, '_a7_': 1.0}};{'d0': 0.02490583291941665};-280.569866449044;42.92531089738836
17940;-97.3596223271334;((x * (_a3_ + (((x + (_a4_ * (x + _a6_))) * x) * _a6_))) / _a4_);{'d0': {'_a3_': 1.3381897226176442, '_a4_': 0.7538521956511962, '_a6_': 1.451421395572861, '_a0_': 1.0, '_a1_': 1.0, '_a2_': 1.0, '_a5_': 1.0, '_a7_': 1.0}};{'d0': 0.02490583291941665};-280.569866449044;42.92531089738836
17941;-97.3596223271334;((x * (_a3_ + (((x + (_a4_ * (x + _a6_))) * x) * _a6_))) / _a4_);{'d0': {'_a3_': 1.3381897226176442, '_a4_': 0.7538521956511962, '_a6_': 1.451421395572861, '_a0_': 1.0, '_a1_': 1.0, '_a2_': 1.0, '_a5_': 1.0, '_a7_': 1.0}};{'d0': 0.02490583291941665};-280.569866449044;42.92531089738836
17942;-97.3596223271333;((x * (_a3_ + (((x + (_a3_ * (x + _a6_))) * x) * _a6_))) / _a4_);{'d0': {'_a3_': 1.340144520903216, '_a4_': 0.7549534068822559, '_a6_': 1.089375936826196, '_a0_': 1.0, '_a1_': 1.0, '_a2_': 1.0, '_a5_': 1.0, '_a7_': 1.0}};{'d0': 0.02490583291941669};-280.569866449043;42.92531089738836
17943;-97.3596223271333;((x * (_a3_ + (((x + (_a3_ * (x + _a6_))) * x) * _a6_))) / _a4_);{'d0': {'_a3_': 1.340144520903216, '_a4_': 0.7549534068822559, '_a6_': 1.089375936826196, '_a0_': 1.0, '_a1_': 1.0, '_a2_': 1.0, '_a5_': 1.0, '_a7_': 1.0}};{'d0': 0.02490583291941669};-280.569866449043;42.92531089738836
17944;-97.3596223271333;((x * (_a3_ + (((x + (_a3_ * (x + _a6_))) * x) * _a6_))) / _a4_);{'d0': {'_a3_': 1.340144520903216, '_a4_': 0.7549534068822559, '_a6_': 1.089375936826196, '_a0_': 1.0, '_a1_': 1.0, '_a2_': 1.0, '_a5_': 1.0, '_a7_': 1.0}};{'d0': 0.02490583291941669};-280.569866449043;42.92531089738836
17945;-97.3596223271333;((x * (_a3_ + (((x + (_a3_ * (x + _a6_))) * x) * _a6_))) / _a4_);{'d0': {'_a3_': 1.340144520903216, '_a4_': 0.7549534068822559, '_a6_': 1.089375936826196, '_a0_': 1.0, '_a1_': 1.0, '_a2_': 1.0, '_a5_': 1.0, '_a7_': 1.0}};{'d0': 0.02490583291941669};-280.569866449043;42.92531089738836
17946;-97.3596223271333;((x * (_a3_ + (((x + (_a3_ * (x + _a6_))) * x) * _a6_))) / _a4_);{'d0': {'_a3_': 1.340144520903216, '_a4_': 0.7549534068822559, '_a6_': 1.089375936826196, '_a0_': 1.0, '_a1_': 1.0, '_a2_': 1.0, '_a5_': 1.0, '_a7_': 1.0}};{'d0': 0.02490583291941669};-280.569866449043;42.92531089738836
17947;-97.3596223271333;((x * (_a3_ + (((x + (_a3_ * (x + _a6_))) * x) * _a6_))) / _a4_);{'d0': {'_a3_': 1.340144520903216, '_a4_': 0.7549534068822559, '_a6_': 1.089375936826196, '_a0_': 1.0, '_a1_': 1.0, '_a2_': 1.0, '_a5_': 1.0, '_a7_': 1.0}};{'d0': 0.02490583291941669};-280.569866449043;42.92531089738836
17948;-97.3596223271333;((x * (_a3_ + (((x + (_a3_ * (x + _a6_))) * x) * _a6_))) / _a4_);{'d0': {'_a3_': 1.340144520903216, '_a4_': 0.7549534068822559, '_a6_': 1.089375936826196, '_a0_': 1.0, '_a1_': 1.0, '_a2_': 1.0, '_a5_': 1.0, '_a7_': 1.0}};{'d0': 0.02490583291941669};-280.569866449043;42.92531089738836
17949;-101.233051069359;((x * (_a3_ + (((x + (_a3_ * _a7_)) * x) * _a6_))) / _a4_);{'d0': {'_a3_': 1.1968837157267178, '_a4_': 0.6742492505068325, '_a6_': 2.2767784923854464, '_a7_': 0.5212360602914404, '_a0_': 1.0, '_a1_': 1.0, '_a2_': 1.0, '_a5_': 1.0}};{'d0': 0.024905832940747344};-276.475521835434;37.00470984835836
17950;-101.233051069359;((x * (_a3_ + (((x + (_a3_ * _a7_)) * x) * _a6_))) / _a4_);{'d0': {'_a3_': 1.1968837157267178, '_a4_': 0.6742492505068325, '_a6_': 2.2767784923854464, '_a7_': 0.5212360602914404, '_a0_': 1.0, '_a1_': 1.0, '_a2_': 1.0, '_a5_': 1.0}};{'d0': 0.024905832940747344};-276.475521835434;37.00470984835836
17951;-101.233051069359;((x * (_a3_ + (((x + (_a3_ * _a7_)) * x) * _a6_))) / _a4_);{'d0': {'_a3_': 1.1968837157267178, '_a4_': 0.6742492505068325, '_a6_': 2.2767784923854464, '_a7_': 0.5212360602914404, '_a0_': 1.0, '_a1_': 1.0, '_a2_': 1.0, '_a5_': 1.0}};{'d0': 0.024905832940747344};-276.475521835434;37.00470984835836
17952;-101.233051094819;((x * (_a3_ + (((x + (_a3_ * _a7_)) * x) * _a1_))) / _a4_);{'d0': {'_a1_': 2.6851358563149392, '_a3_': 1.4115538224153696, '_a4_': 0.7951809304029225, '_a7_': 0.44196640714383084, '_a0_': 1.0, '_a2_': 1.0, '_a5_': 1.0, '_a6_': 1.0}};{'d0': 0.02490583291961066};-276.475521886354;37.00470984835836
17953;-101.233051094819;((x * (_a3_ + (((x + (_a3_ * _a7_)) * x) * _a1_))) / _a4_);{'d0': {'_a1_': 2.6851358563149392, '_a3_': 1.4115538224153696, '_a4_': 0.7951809304029225, '_a7_': 0.44196640714383084, '_a0_': 1.0, '_a2_': 1.0, '_a5_': 1.0, '_a6_': 1.0}};{'d0': 0.02490583291961066};-276.475521886354;37.00470984835836
17954;-101.233051094819;((x * (_a3_ + (((x + (_a3_ * _a7_)) * x) * _a1_))) / _a4_);{'d0': {'_a1_': 2.6851358563149392, '_a3_': 1.4115538224153696, '_a4_': 0.7951809304029225, '_a7_': 0.44196640714383084, '_a0_': 1.0, '_a2_': 1.0, '_a5_': 1.0, '_a6_': 1.0}};{'d0': 0.02490583291961066};-276.475521886354;37.00470984835836
17955;-82.0793582924284;(((_a3_ + ((x * ((pow2(_a7_) * _a0_) + x)) / pow2(_a3_))) * (x / _a7_)) + (_a6_ * x));{'d0': {'_a0_': 0.6355515758783936, '_a3_': 0.5467211383417977, '_a6_': 1.2233148177672772, '_a7_': 0.9907588373430297, '_a1_': 1.0, '_a2_': 1.0, '_a4_': 1.0, '_a5_': 1.0}};{'d0': 0.02490583291960472};-276.475521886368;56.15840265075557
17956;-82.0793582924284;(((_a3_ + ((x * ((pow2(_a7_) * _a0_) + x)) / pow2(_a3_))) * (x / _a7_)) + (_a6_ * x));{'d0': {'_a0_': 0.6355515758783936, '_a3_': 0.5467211383417977, '_a6_': 1.2233148177672772, '_a7_': 0.9907588373430297, '_a1_': 1.0, '_a2_': 1.0, '_a4_': 1.0, '_a5_': 1.0}};{'d0': 0.02490583291960472};-276.475521886368;56.15840265075557
17957;-82.0793582924284;(((_a3_ + ((x * ((pow2(_a7_) * _a0_) + x)) / pow2(_a3_))) * (x / _a7_)) + (_a6_ * x));{'d0': {'_a0_': 0.6355515758783936, '_a3_': 0.5467211383417977, '_a6_': 1.2233148177672772, '_a7_': 0.9907588373430297, '_a1_': 1.0, '_a2_': 1.0, '_a4_': 1.0, '_a5_': 1.0}};{'d0': 0.02490583291960472};-276.475521886368;56.15840265075557
17958;-82.8948838883796;(((_a3_ + ((x * ((pow2(_a7_) * _a0_) + x)) / pow2(_a3_))) * (x * _a7_)) + (_a6_ * x));{'d0': {'_a0_': 0.6107224086744826, '_a3_': 0.5470922407641912, '_a6_': 1.222190370508651, '_a7_': 1.0106980187887717, '_a1_': 1.0, '_a2_': 1.0, '_a4_': 1.0, '_a5_': 1.0}};{'d0': 0.02490583291995098};-276.475521885534;55.34287705438737
17959;-82.0205029049302;(((_a3_ + ((x * ((pow2(_a7_) * _a0_) + x)) / pow2(_a3_))) * (x * _a7_)) + (_a6_ + x));{'d0': {'_a0_': 0.38958099862499657, '_a3_': 0.6118183264661435, '_a6_': -0.0010242443808022536, '_a7_': 1.266149953548754, '_a1_': 1.0, '_a2_': 1.0, '_a4_': 1.0, '_a5_': 1.0}};{'d0': 0.024885482501939435};-276.524567593137;56.24178089163837
17960;-82.0205029049302;(((_a3_ + ((x * ((pow2(_a7_) * _a0_) + x)) / pow2(_a3_))) * (x * _a7_)) + (_a6_ + x));{'d0': {'_a0_': 0.38958099862499657, '_a3_': 0.6118183264661435, '_a6_': -0.0010242443808022536, '_a7_': 1.266149953548754, '_a1_': 1.0, '_a2_': 1.0, '_a4_': 1.0, '_a5_': 1.0}};{'d0': 0.024885482501939435};-276.524567593137;56.24178089163837
17961;-82.0205029049302;(((_a3_ + ((x * ((pow2(_a7_) * _a0_) + x)) / pow2(_a3_))) * (x * _a7_)) + (_a6_ + x));{'d0': {'_a0_': 0.38958099862499657, '_a3_': 0.6118183264661435, '_a6_': -0.0010242443808022536, '_a7_': 1.266149953548754, '_a1_': 1.0, '_a2_': 1.0, '_a4_': 1.0, '_a5_': 1.0}};{'d0': 0.024885482501939435};-276.524567593137;56.24178089163837
17962;-82.0205029049302;(((_a3_ + ((x * ((pow2(_a7_) * _a0_) + x)) / pow2(_a3_))) * (x * _a7_)) + (_a6_ + x));{'d0': {'_a0_': 0.38958099862499657, '_a3_': 0.6118183264661435, '_a6_': -0.0010242443808022536, '_a7_': 1.266149953548754, '_a1_': 1.0, '_a2_': 1.0, '_a4_': 1.0, '_a5_': 1.0}};{'d0': 0.024885482501939435};-276.524567593137;56.24178089163837
17963;-82.0205029049302;(((_a3_ + ((x * ((pow2(_a7_) * _a0_) + x)) / pow2(_a3_))) * (x * _a7_)) + (_a6_ + x));{'d0': {'_a0_': 0.38958099862499657, '_a3_': 0.6118183264661435, '_a6_': -0.0010242443808022536, '_a7_': 1.266149953548754, '_a1_': 1.0, '_a2_': 1.0, '_a4_': 1.0, '_a5_': 1.0}};{'d0': 0.024885482501939435};-276.524567593137;56.24178089163837
17964;-82.0205029049302;(((_a3_ + ((x * ((pow2(_a7_) * _a0_) + x)) / pow2(_a3_))) * (x * _a7_)) + (_a6_ + x));{'d0': {'_a0_': 0.38958099862499657, '_a3_': 0.6118183264661435, '_a6_': -0.0010242443808022536, '_a7_': 1.266149953548754, '_a1_': 1.0, '_a2_': 1.0, '_a4_': 1.0, '_a5_': 1.0}};{'d0': 0.024885482501939435};-276.524567593137;56.24178089163837
17965;-82.7990974596214;(((_a3_ + ((x * ((pow2(_a7_) * _a0_) + x)) * pow2(_a3_))) * (x * _a7_)) + (_a6_ + x));{'d0': {'_a0_': 19.843471240235225, '_a3_': 4.366489963200134, '_a6_': -0.0010241542337422098, '_a7_': 0.17740880984784144, '_a1_': 1.0, '_a2_': 1.0, '_a4_': 1.0, '_a5_': 1.0}};{'d0': 0.0248854825018832};-276.524567593273;55.463186337014974
17966;-82.7990974596214;(((_a3_ + ((x * ((pow2(_a7_) * _a0_) + x)) * pow2(_a3_))) * (x * _a7_)) + (_a6_ + x));{'d0': {'_a0_': 19.843471240235225, '_a3_': 4.366489963200134, '_a6_': -0.0010241542337422098, '_a7_': 0.17740880984784144, '_a1_': 1.0, '_a2_': 1.0, '_a4_': 1.0, '_a5_': 1.0}};{'d0': 0.0248854825018832};-276.524567593273;55.463186337014974
17967;-82.7990974596214;(((_a3_ + ((x * ((pow2(_a7_) * _a0_) + x)) * pow2(_a3_))) * (x * _a7_)) + (_a6_ + x));{'d0': {'_a0_': 19.843471240235225, '_a3_': 4.366489963200134, '_a6_': -0.0010241542337422098, '_a7_': 0.17740880984784144, '_a1_': 1.0, '_a2_': 1.0, '_a4_': 1.0, '_a5_': 1.0}};{'d0': 0.0248854825018832};-276.524567593273;55.463186337014974
17968;-82.7990974596214;(((_a3_ + ((x * ((pow2(_a7_) * _a0_) + x)) * pow2(_a3_))) * (x * _a7_)) + (_a6_ + x));{'d0': {'_a0_': 19.843471240235225, '_a3_': 4.366489963200134, '_a6_': -0.0010241542337422098, '_a7_': 0.17740880984784144, '_a1_': 1.0, '_a2_': 1.0, '_a4_': 1.0, '_a5_': 1.0}};{'d0': 0.0248854825018832};-276.524567593273;55.463186337014974
17969;-82.7990974596393;(((_a3_ + ((x * ((pow2(_a7_) * _a0_) + x)) * pow2(_a7_))) * (x * _a7_)) + (_a6_ + x));{'d0': {'_a0_': 0.27716683799390057, '_a3_': 0.5160529519179826, '_a6_': -0.0010241743706428824, '_a7_': 1.5011129669207508, '_a1_': 1.0, '_a2_': 1.0, '_a4_': 1.0, '_a5_': 1.0}};{'d0': 0.02488548250186837};-276.524567593309;55.463186337014974
17970;-82.7990974596393;(((_a3_ + ((x * ((pow2(_a7_) * _a0_) + x)) * pow2(_a7_))) * (x * _a7_)) + (_a6_ + x));{'d0': {'_a0_': 0.27716683799390057, '_a3_': 0.5160529519179826, '_a6_': -0.0010241743706428824, '_a7_': 1.5011129669207508, '_a1_': 1.0, '_a2_': 1.0, '_a4_': 1.0, '_a5_': 1.0}};{'d0': 0.02488548250186837};-276.524567593309;55.463186337014974
17971;-82.7990974596393;(((_a3_ + ((x * ((pow2(_a7_) * _a0_) + x)) * pow2(_a7_))) * (x * _a7_)) + (_a6_ + x));{'d0': {'_a0_': 0.27716683799390057, '_a3_': 0.5160529519179826, '_a6_': -0.0010241743706428824, '_a7_': 1.5011129669207508, '_a1_': 1.0, '_a2_': 1.0, '_a4_': 1.0, '_a5_': 1.0}};{'d0': 0.02488548250186837};-276.524567593309;55.463186337014974
17972;-90.7423479365366;(((_a3_ + ((x * ((pow2(_a7_) * _a0_) + x)) * pow2(_a7_))) * (x * _a7_)) + x);{'d0': {'_a0_': 0.27717445090718146, '_a3_': 0.5166670967482612, '_a7_': 1.500260825343866, '_a1_': 1.0, '_a2_': 1.0, '_a4_': 1.0, '_a5_': 1.0, '_a6_': 1.0}};{'d0': 0.024905832919416632};-280.569866449044;49.54258528798498
17973;-84.9972411825661;(((_a3_ + ((x * ((pow2(pow2(_a4_)) * _a0_) + x)) * pow2(_a7_))) * (x * _a7_)) + x);{'d0': {'_a0_': 0.43368684642712657, '_a3_': 0.5166670967664192, '_a4_': 1.0951601006780933, '_a7_': 1.500260825373221, '_a1_': 1.0, '_a2_': 1.0, '_a5_': 1.0, '_a6_': 1.0}};{'d0': 0.02490583291962374};-276.475521886323;53.24051976059498
17974;-81.9503589658256;(((_a3_ + ((x * ((pow2(pow2((_a0_ * _a0_))) * _a0_) + x)) * pow2(_a7_))) * (x * _a7_)) + x);{'d0': {'_a0_': 0.9489249362022687, '_a3_': 0.5166670962043223, '_a7_': 1.5002608255170917, '_a1_': 1.0, '_a2_': 1.0, '_a4_': 1.0, '_a5_': 1.0, '_a6_': 1.0}};{'d0': 0.02490583291941664};-280.569866449044;58.33457425869598
17975;-81.9503589658256;(((_a3_ + ((x * ((pow2(pow2((_a0_ * _a0_))) * _a0_) + x)) * pow2(_a7_))) * (x * _a7_)) + x);{'d0': {'_a0_': 0.9489249362022687, '_a3_': 0.5166670962043223, '_a7_': 1.5002608255170917, '_a1_': 1.0, '_a2_': 1.0, '_a4_': 1.0, '_a5_': 1.0, '_a6_': 1.0}};{'d0': 0.02490583291941664};-280.569866449044;58.33457425869598
17976;-87.8709600148556;((_a3_ + ((x * ((pow2(pow2((_a0_ * _a0_))) * _a0_) + x)) * pow2(_a7_))) * (x * _a7_));{'d0': {'_a0_': 0.9489249361999855, '_a3_': 1.1832178604536543, '_a7_': 1.5002608255745082, '_a1_': 1.0, '_a2_': 1.0, '_a4_': 1.0, '_a5_': 1.0, '_a6_': 1.0}};{'d0': 0.024905832919416664};-280.569866449044;52.41397320966598
17977;-87.8709600148556;((_a3_ + ((x * ((pow2(pow2((_a0_ * _a0_))) * _a0_) + x)) * pow2(_a7_))) * (x * _a7_));{'d0': {'_a0_': 0.9489249361999855, '_a3_': 1.1832178604536543, '_a7_': 1.5002608255745082, '_a1_': 1.0, '_a2_': 1.0, '_a4_': 1.0, '_a5_': 1.0, '_a6_': 1.0}};{'d0': 0.024905832919416664};-280.569866449044;52.41397320966598
17978;-104.411319546383;((((pow2((x + _a7_)) + (x * _a0_)) + _a4_) * _a0_) * x);{'d0': {'_a0_': 3.3767608581320454, '_a4_': -1.3689248132222038, '_a7_': -1.376450721183895, '_a1_': 1.0, '_a2_': 1.0, '_a3_': 1.0, '_a5_': 1.0, '_a6_': 1.0}};{'d0': 0.02490583291941642};-280.569866449044;35.87361367813909
17979;-104.411319546383;((((pow2((x + _a7_)) + (x * _a0_)) + _a4_) * _a0_) * x);{'d0': {'_a0_': 3.3767608581320454, '_a4_': -1.3689248132222038, '_a7_': -1.376450721183895, '_a1_': 1.0, '_a2_': 1.0, '_a3_': 1.0, '_a5_': 1.0, '_a6_': 1.0}};{'d0': 0.02490583291941642};-280.569866449044;35.87361367813909
17980;-104.411319546383;((((pow2((x + _a7_)) + (x * _a0_)) + _a4_) * _a0_) * x);{'d0': {'_a0_': 3.3767608581320454, '_a4_': -1.3689248132222038, '_a7_': -1.376450721183895, '_a1_': 1.0, '_a2_': 1.0, '_a3_': 1.0, '_a5_': 1.0, '_a6_': 1.0}};{'d0': 0.02490583291941642};-280.569866449044;35.87361367813909
17981;-104.531628829010;((((pow2((x / _a7_)) + (x * _a0_)) + _a4_) * _a0_) * x);{'d0': {'_a0_': 1.4514213959507651, '_a4_': 1.2230324074325571, '_a7_': -0.655611565967564, '_a1_': 1.0, '_a2_': 1.0, '_a3_': 1.0, '_a5_': 1.0, '_a6_': 1.0}};{'d0': 0.024905832919416605};-280.569866449044;35.753304395511485
17982;-104.531628829010;((((pow2((x / _a7_)) + (x * _a0_)) + _a4_) * _a0_) * x);{'d0': {'_a0_': 1.4514213959507651, '_a4_': 1.2230324074325571, '_a7_': -0.655611565967564, '_a1_': 1.0, '_a2_': 1.0, '_a3_': 1.0, '_a5_': 1.0, '_a6_': 1.0}};{'d0': 0.024905832919416605};-280.569866449044;35.753304395511485
17983;-104.531628829010;((((pow2((x / _a7_)) + (x * _a0_)) + _a4_) * _a0_) * x);{'d0': {'_a0_': 1.4514213959507651, '_a4_': 1.2230324074325571, '_a7_': -0.655611565967564, '_a1_': 1.0, '_a2_': 1.0, '_a3_': 1.0, '_a5_': 1.0, '_a6_': 1.0}};{'d0': 0.024905832919416605};-280.569866449044;35.753304395511485
17984;-104.411319546383;((((pow2((x + _a7_)) + (x * _a0_)) + _a4_) * _a0_) * x);{'d0': {'_a0_': 3.3767608581320454, '_a4_': -1.3689248132222038, '_a7_': -1.376450721183895, '_a1_': 1.0, '_a2_': 1.0, '_a3_': 1.0, '_a5_': 1.0, '_a6_': 1.0}};{'d0': 0.02490583291941642};-280.569866449044;35.87361367813909
17985;-104.411319546383;((((pow2((x + _a7_)) + (x * _a0_)) + _a4_) * _a0_) * x);{'d0': {'_a0_': 3.3767608581320454, '_a4_': -1.3689248132222038, '_a7_': -1.376450721183895, '_a1_': 1.0, '_a2_': 1.0, '_a3_': 1.0, '_a5_': 1.0, '_a6_': 1.0}};{'d0': 0.02490583291941642};-280.569866449044;35.87361367813909
17986;-104.411319546383;((((pow2((x + _a7_)) + (x * _a0_)) + _a4_) * _a0_) * x);{'d0': {'_a0_': 3.3767608581320454, '_a4_': -1.3689248132222038, '_a7_': -1.376450721183895, '_a1_': 1.0, '_a2_': 1.0, '_a3_': 1.0, '_a5_': 1.0, '_a6_': 1.0}};{'d0': 0.02490583291941642};-280.569866449044;35.87361367813909
17987;-104.411319546383;((((pow2((x + _a7_)) + (x * _a0_)) + _a4_) * _a0_) * x);{'d0': {'_a0_': 3.3767608581320454, '_a4_': -1.3689248132222038, '_a7_': -1.376450721183895, '_a1_': 1.0, '_a2_': 1.0, '_a3_': 1.0, '_a5_': 1.0, '_a6_': 1.0}};{'d0': 0.02490583291941642};-280.569866449044;35.87361367813909
17988;-104.411319546383;((((pow2((x + _a7_)) + (x * _a0_)) + _a4_) * _a0_) * x);{'d0': {'_a0_': 3.3767608581320454, '_a4_': -1.3689248132222038, '_a7_': -1.376450721183895, '_a1_': 1.0, '_a2_': 1.0, '_a3_': 1.0, '_a5_': 1.0, '_a6_': 1.0}};{'d0': 0.02490583291941642};-280.569866449044;35.87361367813909
17989;-104.411319546383;((((pow2((x + _a7_)) + (x * _a0_)) + _a4_) * _a0_) * x);{'d0': {'_a0_': 3.3767608581320454, '_a4_': -1.3689248132222038, '_a7_': -1.376450721183895, '_a1_': 1.0, '_a2_': 1.0, '_a3_': 1.0, '_a5_': 1.0, '_a6_': 1.0}};{'d0': 0.02490583291941642};-280.569866449044;35.87361367813909
17990;-104.531628829010;((x * (_a3_ + (((x + _a1_) * x) * _a1_))) / pow2(_a7_));{'d0': {'_a1_': 0.6238594153995911, '_a3_': 0.3279577603110479, '_a7_': -0.4298265253773598, '_a0_': 1.0, '_a2_': 1.0, '_a4_': 1.0, '_a5_': 1.0, '_a6_': 1.0}};{'d0': 0.02490583291941667};-280.569866449043;35.753304395511364
17991;-104.411319546383;((((pow2((x + _a7_)) + (x * _a0_)) + _a4_) * _a0_) * x);{'d0': {'_a0_': 3.3767608581320454, '_a4_': -1.3689248132222038, '_a7_': -1.376450721183895, '_a1_': 1.0, '_a2_': 1.0, '_a3_': 1.0, '_a5_': 1.0, '_a6_': 1.0}};{'d0': 0.02490583291941642};-280.569866449044;35.87361367813909
17992;-104.411319546383;((((pow2((x + _a7_)) + (x * _a0_)) + _a4_) * _a0_) * x);{'d0': {'_a0_': 3.3767608581320454, '_a4_': -1.3689248132222038, '_a7_': -1.376450721183895, '_a1_': 1.0, '_a2_': 1.0, '_a3_': 1.0, '_a5_': 1.0, '_a6_': 1.0}};{'d0': 0.02490583291941642};-280.569866449044;35.87361367813909
17993;-104.411319546383;((((pow2((x + _a7_)) + (x * _a0_)) + _a4_) * _a0_) * x);{'d0': {'_a0_': 3.3767608581320454, '_a4_': -1.3689248132222038, '_a7_': -1.376450721183895, '_a1_': 1.0, '_a2_': 1.0, '_a3_': 1.0, '_a5_': 1.0, '_a6_': 1.0}};{'d0': 0.02490583291941642};-280.569866449044;35.87361367813909
17994;-104.531628829010;((((pow2((x / _a7_)) + (x * _a0_)) + _a4_) * _a0_) * x);{'d0': {'_a0_': 1.4514213959507651, '_a4_': 1.2230324074325571, '_a7_': -0.655611565967564, '_a1_': 1.0, '_a2_': 1.0, '_a3_': 1.0, '_a5_': 1.0, '_a6_': 1.0}};{'d0': 0.024905832919416605};-280.569866449044;35.753304395511485
17995;-104.531628829010;((x * (_a3_ + (((x + _a1_) * x) * _a1_))) / pow2(_a7_));{'d0': {'_a1_': 0.6238594153995911, '_a3_': 0.3279577603110479, '_a7_': -0.4298265253773598, '_a0_': 1.0, '_a2_': 1.0, '_a4_': 1.0, '_a5_': 1.0, '_a6_': 1.0}};{'d0': 0.02490583291941667};-280.569866449043;35.753304395511364
17996;-101.566014955520;((x * (_a3_ + (((x + _a1_) * x) * _a1_))) / (_a1_ ** _a4_));{'d0': {'_a1_': 0.6238594158135152, '_a3_': 0.3279577610996897, '_a4_': 3.5791414985799115, '_a0_': 1.0, '_a2_': 1.0, '_a5_': 1.0, '_a6_': 1.0, '_a7_': 1.0}};{'d0': 0.024905832919416646};-280.569866449044;38.718918269001364
17997;-101.566014955520;((x * (_a3_ + (((x + _a1_) * x) * _a1_))) / (_a1_ ** _a4_));{'d0': {'_a1_': 0.6238594158135152, '_a3_': 0.3279577610996897, '_a4_': 3.5791414985799115, '_a0_': 1.0, '_a2_': 1.0, '_a5_': 1.0, '_a6_': 1.0, '_a7_': 1.0}};{'d0': 0.024905832919416646};-280.569866449044;38.718918269001364
17998;-101.566014955520;((x * (_a3_ + (((x + _a1_) * x) * _a1_))) / (_a1_ ** _a4_));{'d0': {'_a1_': 0.6238594158135152, '_a3_': 0.3279577610996897, '_a4_': 3.5791414985799115, '_a0_': 1.0, '_a2_': 1.0, '_a5_': 1.0, '_a6_': 1.0, '_a7_': 1.0}};{'d0': 0.024905832919416646};-280.569866449044;38.718918269001364
17999;-101.566014955520;((x * (_a3_ + (((x + _a1_) * x) * _a1_))) / (_a1_ ** _a4_));{'d0': {'_a1_': 0.6238594158135152, '_a3_': 0.3279577610996897, '_a4_': 3.5791414985799115, '_a0_': 1.0, '_a2_': 1.0, '_a5_': 1.0, '_a6_': 1.0, '_a7_': 1.0}};{'d0': 0.024905832919416646};-280.569866449044;38.718918269001364
18000;-101.566014955520;((x * (_a3_ + (((x + _a1_) * x) * _a1_))) / (_a1_ ** _a4_));{'d0': {'_a1_': 0.6238594158135152, '_a3_': 0.3279577610996897, '_a4_': 3.5791414985799115, '_a0_': 1.0, '_a2_': 1.0, '_a5_': 1.0, '_a6_': 1.0, '_a7_': 1.0}};{'d0': 0.024905832919416646};-280.569866449044;38.718918269001364
18001;-101.566014955520;((x * (_a3_ + (((x + _a1_) * x) * _a1_))) / (_a1_ ** _a4_));{'d0': {'_a1_': 0.6238594158135152, '_a3_': 0.3279577610996897, '_a4_': 3.5791414985799115, '_a0_': 1.0, '_a2_': 1.0, '_a5_': 1.0, '_a6_': 1.0, '_a7_': 1.0}};{'d0': 0.024905832919416646};-280.569866449044;38.718918269001364
18002;-101.566014955520;((x * (_a3_ + (((x + _a1_) * x) * _a1_))) / (_a1_ ** _a4_));{'d0': {'_a1_': 0.6238594158135152, '_a3_': 0.3279577610996897, '_a4_': 3.5791414985799115, '_a0_': 1.0, '_a2_': 1.0, '_a5_': 1.0, '_a6_': 1.0, '_a7_': 1.0}};{'d0': 0.024905832919416646};-280.569866449044;38.718918269001364
18003;-101.566014955520;((x * (_a3_ + (((x + _a1_) * x) * _a1_))) / (_a1_ ** _a4_));{'d0': {'_a1_': 0.6238594158135152, '_a3_': 0.3279577610996897, '_a4_': 3.5791414985799115, '_a0_': 1.0, '_a2_': 1.0, '_a5_': 1.0, '_a6_': 1.0, '_a7_': 1.0}};{'d0': 0.024905832919416646};-280.569866449044;38.718918269001364
18004;-101.566014955520;((x * (_a3_ + (((x + _a1_) * x) * _a1_))) / (_a1_ ** _a4_));{'d0': {'_a1_': 0.6238594158135152, '_a3_': 0.3279577610996897, '_a4_': 3.5791414985799115, '_a0_': 1.0, '_a2_': 1.0, '_a5_': 1.0, '_a6_': 1.0, '_a7_': 1.0}};{'d0': 0.024905832919416646};-280.569866449044;38.718918269001364
18005;-101.566014955520;((x * (_a3_ + (((x + _a1_) * x) * _a1_))) / (_a1_ ** _a4_));{'d0': {'_a1_': 0.6238594158135152, '_a3_': 0.3279577610996897, '_a4_': 3.5791414985799115, '_a0_': 1.0, '_a2_': 1.0, '_a5_': 1.0, '_a6_': 1.0, '_a7_': 1.0}};{'d0': 0.024905832919416646};-280.569866449044;38.718918269001364
18006;-101.566014955520;((x * (_a3_ + (((x + _a1_) * x) * _a1_))) / (_a1_ ** _a4_));{'d0': {'_a1_': 0.6238594158135152, '_a3_': 0.3279577610996897, '_a4_': 3.5791414985799115, '_a0_': 1.0, '_a2_': 1.0, '_a5_': 1.0, '_a6_': 1.0, '_a7_': 1.0}};{'d0': 0.024905832919416646};-280.569866449044;38.718918269001364
18007;-101.566014955520;((x * (_a3_ + (((x + _a1_) * x) * _a1_))) / (_a1_ ** _a4_));{'d0': {'_a1_': 0.6238594158135152, '_a3_': 0.3279577610996897, '_a4_': 3.5791414985799115, '_a0_': 1.0, '_a2_': 1.0, '_a5_': 1.0, '_a6_': 1.0, '_a7_': 1.0}};{'d0': 0.024905832919416646};-280.569866449044;38.718918269001364
18008;-101.566014955520;((x * (_a3_ + (((x + _a1_) * x) * _a1_))) / (_a1_ ** _a4_));{'d0': {'_a1_': 0.6238594158135152, '_a3_': 0.3279577610996897, '_a4_': 3.5791414985799115, '_a0_': 1.0, '_a2_': 1.0, '_a5_': 1.0, '_a6_': 1.0, '_a7_': 1.0}};{'d0': 0.024905832919416646};-280.569866449044;38.718918269001364
18009;-101.566014955520;((x * (_a3_ + (((x + _a1_) * x) * _a1_))) / (_a1_ ** _a4_));{'d0': {'_a1_': 0.6238594158135152, '_a3_': 0.3279577610996897, '_a4_': 3.5791414985799115, '_a0_': 1.0, '_a2_': 1.0, '_a5_': 1.0, '_a6_': 1.0, '_a7_': 1.0}};{'d0': 0.024905832919416646};-280.569866449044;38.718918269001364
18010;-101.566014955520;((x * (_a3_ + (((x + _a1_) * x) * _a1_))) / (_a1_ ** _a4_));{'d0': {'_a1_': 0.6238594158135152, '_a3_': 0.3279577610996897, '_a4_': 3.5791414985799115, '_a0_': 1.0, '_a2_': 1.0, '_a5_': 1.0, '_a6_': 1.0, '_a7_': 1.0}};{'d0': 0.024905832919416646};-280.569866449044;38.718918269001364
18011;-101.566014955520;((x * (_a3_ + (((x + _a1_) * x) * _a1_))) / (_a1_ ** _a4_));{'d0': {'_a1_': 0.6238594158135152, '_a3_': 0.3279577610996897, '_a4_': 3.5791414985799115, '_a0_': 1.0, '_a2_': 1.0, '_a5_': 1.0, '_a6_': 1.0, '_a7_': 1.0}};{'d0': 0.024905832919416646};-280.569866449044;38.718918269001364
18012;-101.566014955520;((x * (_a3_ + (((x + _a1_) * x) * _a1_))) / (_a1_ ** _a4_));{'d0': {'_a1_': 0.6238594158135152, '_a3_': 0.3279577610996897, '_a4_': 3.5791414985799115, '_a0_': 1.0, '_a2_': 1.0, '_a5_': 1.0, '_a6_': 1.0, '_a7_': 1.0}};{'d0': 0.024905832919416646};-280.569866449044;38.718918269001364
18013;-101.566014955520;((x * (_a3_ + (((x + _a1_) * x) * _a1_))) / (_a1_ ** _a4_));{'d0': {'_a1_': 0.6238594158135152, '_a3_': 0.3279577610996897, '_a4_': 3.5791414985799115, '_a0_': 1.0, '_a2_': 1.0, '_a5_': 1.0, '_a6_': 1.0, '_a7_': 1.0}};{'d0': 0.024905832919416646};-280.569866449044;38.718918269001364
18014;-101.566014955520;((x * (_a3_ + (((x + _a1_) * x) * _a1_))) / (_a1_ ** _a4_));{'d0': {'_a1_': 0.6238594158135152, '_a3_': 0.3279577610996897, '_a4_': 3.5791414985799115, '_a0_': 1.0, '_a2_': 1.0, '_a5_': 1.0, '_a6_': 1.0, '_a7_': 1.0}};{'d0': 0.024905832919416646};-280.569866449044;38.718918269001364
18015;-101.566014955520;((x * (_a3_ + (((x + _a1_) * x) * _a1_))) / (_a1_ ** _a4_));{'d0': {'_a1_': 0.6238594158135152, '_a3_': 0.3279577610996897, '_a4_': 3.5791414985799115, '_a0_': 1.0, '_a2_': 1.0, '_a5_': 1.0, '_a6_': 1.0, '_a7_': 1.0}};{'d0': 0.024905832919416646};-280.569866449044;38.718918269001364
18016;-101.566014955520;((x * (_a3_ + (((x + _a1_) * x) * _a1_))) / (_a1_ ** _a4_));{'d0': {'_a1_': 0.6238594158135152, '_a3_': 0.3279577610996897, '_a4_': 3.5791414985799115, '_a0_': 1.0, '_a2_': 1.0, '_a5_': 1.0, '_a6_': 1.0, '_a7_': 1.0}};{'d0': 0.024905832919416646};-280.569866449044;38.718918269001364
18017;-101.566014955520;((x * (_a3_ + (((x + _a1_) * x) * _a1_))) / (_a1_ ** _a4_));{'d0': {'_a1_': 0.6238594158135152, '_a3_': 0.3279577610996897, '_a4_': 3.5791414985799115, '_a0_': 1.0, '_a2_': 1.0, '_a5_': 1.0, '_a6_': 1.0, '_a7_': 1.0}};{'d0': 0.024905832919416646};-280.569866449044;38.718918269001364
18018;-101.566014955520;((x * (_a3_ + (((x + _a1_) * x) * _a1_))) / (_a1_ ** _a4_));{'d0': {'_a1_': 0.6238594158135152, '_a3_': 0.3279577610996897, '_a4_': 3.5791414985799115, '_a0_': 1.0, '_a2_': 1.0, '_a5_': 1.0, '_a6_': 1.0, '_a7_': 1.0}};{'d0': 0.024905832919416646};-280.569866449044;38.718918269001364
18019;-101.566014955520;((x * (_a3_ + (((x + _a1_) * x) * _a1_))) / (_a1_ ** _a4_));{'d0': {'_a1_': 0.6238594158135152, '_a3_': 0.3279577610996897, '_a4_': 3.5791414985799115, '_a0_': 1.0, '_a2_': 1.0, '_a5_': 1.0, '_a6_': 1.0, '_a7_': 1.0}};{'d0': 0.024905832919416646};-280.569866449044;38.718918269001364
18020;-101.566014955520;((x * (_a3_ + (((x + _a1_) * x) * _a1_))) / (_a1_ ** _a4_));{'d0': {'_a1_': 0.6238594158135152, '_a3_': 0.3279577610996897, '_a4_': 3.5791414985799115, '_a0_': 1.0, '_a2_': 1.0, '_a5_': 1.0, '_a6_': 1.0, '_a7_': 1.0}};{'d0': 0.024905832919416646};-280.569866449044;38.718918269001364
18021;-101.566014955520;((x * (_a3_ + (((x + _a1_) * x) * _a1_))) / (_a1_ ** _a4_));{'d0': {'_a1_': 0.6238594158135152, '_a3_': 0.3279577610996897, '_a4_': 3.5791414985799115, '_a0_': 1.0, '_a2_': 1.0, '_a5_': 1.0, '_a6_': 1.0, '_a7_': 1.0}};{'d0': 0.024905832919416646};-280.569866449044;38.718918269001364
18022;-101.566014955520;((x * (_a3_ + (((x + _a1_) * x) * _a1_))) / (_a1_ ** _a4_));{'d0': {'_a1_': 0.6238594158135152, '_a3_': 0.3279577610996897, '_a4_': 3.5791414985799115, '_a0_': 1.0, '_a2_': 1.0, '_a5_': 1.0, '_a6_': 1.0, '_a7_': 1.0}};{'d0': 0.024905832919416646};-280.569866449044;38.718918269001364
18023;-101.566014955520;((x * (_a3_ + (((x + _a1_) * x) * _a1_))) / (_a1_ ** _a4_));{'d0': {'_a1_': 0.6238594158135152, '_a3_': 0.3279577610996897, '_a4_': 3.5791414985799115, '_a0_': 1.0, '_a2_': 1.0, '_a5_': 1.0, '_a6_': 1.0, '_a7_': 1.0}};{'d0': 0.024905832919416646};-280.569866449044;38.718918269001364
18024;-101.566014955520;((x * (_a3_ + (((x + _a1_) * x) * _a1_))) / (_a1_ ** _a4_));{'d0': {'_a1_': 0.6238594158135152, '_a3_': 0.3279577610996897, '_a4_': 3.5791414985799115, '_a0_': 1.0, '_a2_': 1.0, '_a5_': 1.0, '_a6_': 1.0, '_a7_': 1.0}};{'d0': 0.024905832919416646};-280.569866449044;38.718918269001364
18025;-101.566014955520;((x * (_a3_ + (((x + _a1_) * x) * _a1_))) / (_a1_ ** _a4_));{'d0': {'_a1_': 0.6238594158135152, '_a3_': 0.3279577610996897, '_a4_': 3.5791414985799115, '_a0_': 1.0, '_a2_': 1.0, '_a5_': 1.0, '_a6_': 1.0, '_a7_': 1.0}};{'d0': 0.024905832919416646};-280.569866449044;38.718918269001364
18026;-101.566014955520;((x * (_a3_ + (((x + _a1_) * x) * _a1_))) / (_a1_ ** _a4_));{'d0': {'_a1_': 0.6238594158135152, '_a3_': 0.3279577610996897, '_a4_': 3.5791414985799115, '_a0_': 1.0, '_a2_': 1.0, '_a5_': 1.0, '_a6_': 1.0, '_a7_': 1.0}};{'d0': 0.024905832919416646};-280.569866449044;38.718918269001364
18027;-101.566014955520;((x * (_a3_ + (((x + _a1_) * x) * _a1_))) / (_a1_ ** _a4_));{'d0': {'_a1_': 0.6238594158135152, '_a3_': 0.3279577610996897, '_a4_': 3.5791414985799115, '_a0_': 1.0, '_a2_': 1.0, '_a5_': 1.0, '_a6_': 1.0, '_a7_': 1.0}};{'d0': 0.024905832919416646};-280.569866449044;38.718918269001364
18028;-101.566014955520;((x * (_a3_ + (((x + _a1_) * x) * _a1_))) / (_a1_ ** _a4_));{'d0': {'_a1_': 0.6238594158135152, '_a3_': 0.3279577610996897, '_a4_': 3.5791414985799115, '_a0_': 1.0, '_a2_': 1.0, '_a5_': 1.0, '_a6_': 1.0, '_a7_': 1.0}};{'d0': 0.024905832919416646};-280.569866449044;38.718918269001364
18029;-101.566014955520;((x * (_a3_ + (((x + _a1_) * x) * _a1_))) / (_a1_ ** _a4_));{'d0': {'_a1_': 0.6238594158135152, '_a3_': 0.3279577610996897, '_a4_': 3.5791414985799115, '_a0_': 1.0, '_a2_': 1.0, '_a5_': 1.0, '_a6_': 1.0, '_a7_': 1.0}};{'d0': 0.024905832919416646};-280.569866449044;38.718918269001364
18030;-101.566014955520;((x * (_a3_ + (((x + _a1_) * x) * _a1_))) / (_a1_ ** _a4_));{'d0': {'_a1_': 0.6238594158135152, '_a3_': 0.3279577610996897, '_a4_': 3.5791414985799115, '_a0_': 1.0, '_a2_': 1.0, '_a5_': 1.0, '_a6_': 1.0, '_a7_': 1.0}};{'d0': 0.024905832919416646};-280.569866449044;38.718918269001364
18031;-101.566014955520;((x * (_a3_ + (((x + _a1_) * x) * _a1_))) / (_a1_ ** _a4_));{'d0': {'_a1_': 0.6238594158135152, '_a3_': 0.3279577610996897, '_a4_': 3.5791414985799115, '_a0_': 1.0, '_a2_': 1.0, '_a5_': 1.0, '_a6_': 1.0, '_a7_': 1.0}};{'d0': 0.024905832919416646};-280.569866449044;38.718918269001364
18032;-101.566014955520;((x * (_a3_ + (((x + _a1_) * x) * _a1_))) / (_a1_ ** _a4_));{'d0': {'_a1_': 0.6238594158135152, '_a3_': 0.3279577610996897, '_a4_': 3.5791414985799115, '_a0_': 1.0, '_a2_': 1.0, '_a5_': 1.0, '_a6_': 1.0, '_a7_': 1.0}};{'d0': 0.024905832919416646};-280.569866449044;38.718918269001364
18033;-101.566014955520;((x * (_a3_ + (((x + _a1_) * x) * _a1_))) / (_a1_ ** _a4_));{'d0': {'_a1_': 0.6238594158135152, '_a3_': 0.3279577610996897, '_a4_': 3.5791414985799115, '_a0_': 1.0, '_a2_': 1.0, '_a5_': 1.0, '_a6_': 1.0, '_a7_': 1.0}};{'d0': 0.024905832919416646};-280.569866449044;38.718918269001364
18034;-101.566014955520;((x * (_a3_ + (((x + _a1_) * x) * _a1_))) / (_a1_ ** _a4_));{'d0': {'_a1_': 0.6238594158135152, '_a3_': 0.3279577610996897, '_a4_': 3.5791414985799115, '_a0_': 1.0, '_a2_': 1.0, '_a5_': 1.0, '_a6_': 1.0, '_a7_': 1.0}};{'d0': 0.024905832919416646};-280.569866449044;38.718918269001364
18035;-101.566014955520;((x * (_a3_ + (((x + _a1_) * x) * _a1_))) / (_a1_ ** _a4_));{'d0': {'_a1_': 0.6238594158135152, '_a3_': 0.3279577610996897, '_a4_': 3.5791414985799115, '_a0_': 1.0, '_a2_': 1.0, '_a5_': 1.0, '_a6_': 1.0, '_a7_': 1.0}};{'d0': 0.024905832919416646};-280.569866449044;38.718918269001364
18036;-101.566014955520;((x * (_a3_ + (((x + _a1_) * x) * _a1_))) / (_a1_ ** _a4_));{'d0': {'_a1_': 0.6238594158135152, '_a3_': 0.3279577610996897, '_a4_': 3.5791414985799115, '_a0_': 1.0, '_a2_': 1.0, '_a5_': 1.0, '_a6_': 1.0, '_a7_': 1.0}};{'d0': 0.024905832919416646};-280.569866449044;38.718918269001364
18037;-101.566014955520;((x * (_a3_ + (((x + _a1_) * x) * _a1_))) / (_a1_ ** _a4_));{'d0': {'_a1_': 0.6238594158135152, '_a3_': 0.3279577610996897, '_a4_': 3.5791414985799115, '_a0_': 1.0, '_a2_': 1.0, '_a5_': 1.0, '_a6_': 1.0, '_a7_': 1.0}};{'d0': 0.024905832919416646};-280.569866449044;38.718918269001364
18038;-101.566014955520;((x * (_a3_ + (((x + _a1_) * x) * _a1_))) / (_a1_ ** _a4_));{'d0': {'_a1_': 0.6238594158135152, '_a3_': 0.3279577610996897, '_a4_': 3.5791414985799115, '_a0_': 1.0, '_a2_': 1.0, '_a5_': 1.0, '_a6_': 1.0, '_a7_': 1.0}};{'d0': 0.024905832919416646};-280.569866449044;38.718918269001364
18039;-101.566014955520;((x * (_a3_ + (((x + _a1_) * x) * _a1_))) / (_a1_ ** _a4_));{'d0': {'_a1_': 0.6238594158135152, '_a3_': 0.3279577610996897, '_a4_': 3.5791414985799115, '_a0_': 1.0, '_a2_': 1.0, '_a5_': 1.0, '_a6_': 1.0, '_a7_': 1.0}};{'d0': 0.024905832919416646};-280.569866449044;38.718918269001364
18040;-101.566014955520;((x * (_a3_ + (((x + _a1_) * x) * _a1_))) / (_a1_ ** _a4_));{'d0': {'_a1_': 0.6238594158135152, '_a3_': 0.3279577610996897, '_a4_': 3.5791414985799115, '_a0_': 1.0, '_a2_': 1.0, '_a5_': 1.0, '_a6_': 1.0, '_a7_': 1.0}};{'d0': 0.024905832919416646};-280.569866449044;38.718918269001364
18041;-101.566014955520;((x * (_a3_ + (((x + _a1_) * x) * _a1_))) / (_a3_ ** _a4_));{'d0': {'_a1_': 0.6238594153753727, '_a3_': 0.3279577603322305, '_a4_': 1.5147474304939468, '_a0_': 1.0, '_a2_': 1.0, '_a5_': 1.0, '_a6_': 1.0, '_a7_': 1.0}};{'d0': 0.02490583291941667};-280.569866449043;38.718918269001364
18042;-101.566014955520;((x * (_a3_ + (((x + _a1_) * x) * _a1_))) / (_a3_ ** _a4_));{'d0': {'_a1_': 0.6238594153753727, '_a3_': 0.3279577603322305, '_a4_': 1.5147474304939468, '_a0_': 1.0, '_a2_': 1.0, '_a5_': 1.0, '_a6_': 1.0, '_a7_': 1.0}};{'d0': 0.02490583291941667};-280.569866449043;38.718918269001364
18043;-96.2261519450003;((x * (_a3_ + (((x + _a1_) * x) * _a1_))) / (_a3_ ** sqrt(_a6_)));{'d0': {'_a1_': 0.6238594156522971, '_a3_': 0.3279577607031464, '_a6_': 2.2944597809606377, '_a0_': 1.0, '_a2_': 1.0, '_a4_': 1.0, '_a5_': 1.0, '_a7_': 1.0}};{'d0': 0.024905832919416667};-280.569866449044;44.05878127952136
18044;-96.2261519450003;((x * (_a3_ + (((x + _a1_) * x) * _a1_))) / (_a3_ ** sqrt(_a6_)));{'d0': {'_a1_': 0.6238594156522971, '_a3_': 0.3279577607031464, '_a6_': 2.2944597809606377, '_a0_': 1.0, '_a2_': 1.0, '_a4_': 1.0, '_a5_': 1.0, '_a7_': 1.0}};{'d0': 0.024905832919416667};-280.569866449044;44.05878127952136
18045;-96.2261519450003;((x * (_a3_ + (((x + _a1_) * x) * _a1_))) / (_a3_ ** sqrt(_a6_)));{'d0': {'_a1_': 0.6238594156522971, '_a3_': 0.3279577607031464, '_a6_': 2.2944597809606377, '_a0_': 1.0, '_a2_': 1.0, '_a4_': 1.0, '_a5_': 1.0, '_a7_': 1.0}};{'d0': 0.024905832919416667};-280.569866449044;44.05878127952136
18046;-96.2261519450003;((x * (_a3_ + (((x + _a1_) * x) * _a1_))) / (_a3_ ** sqrt(_a6_)));{'d0': {'_a1_': 0.6238594156522971, '_a3_': 0.3279577607031464, '_a6_': 2.2944597809606377, '_a0_': 1.0, '_a2_': 1.0, '_a4_': 1.0, '_a5_': 1.0, '_a7_': 1.0}};{'d0': 0.024905832919416667};-280.569866449044;44.05878127952136
18047;-96.2261519450003;((x * (_a3_ + (((x + _a1_) * x) * _a1_))) / (_a3_ ** sqrt(_a6_)));{'d0': {'_a1_': 0.6238594156522971, '_a3_': 0.3279577607031464, '_a6_': 2.2944597809606377, '_a0_': 1.0, '_a2_': 1.0, '_a4_': 1.0, '_a5_': 1.0, '_a7_': 1.0}};{'d0': 0.024905832919416667};-280.569866449044;44.05878127952136
18048;-96.2261519450003;((x * (_a3_ + (((x + _a1_) * x) * _a1_))) / (_a3_ ** sqrt(_a6_)));{'d0': {'_a1_': 0.6238594156522971, '_a3_': 0.3279577607031464, '_a6_': 2.2944597809606377, '_a0_': 1.0, '_a2_': 1.0, '_a4_': 1.0, '_a5_': 1.0, '_a7_': 1.0}};{'d0': 0.024905832919416667};-280.569866449044;44.05878127952136
18049;-96.2261519450003;((x * (_a3_ + (((x + _a1_) * x) * _a1_))) / (_a3_ ** sqrt(_a6_)));{'d0': {'_a1_': 0.6238594156522971, '_a3_': 0.3279577607031464, '_a6_': 2.2944597809606377, '_a0_': 1.0, '_a2_': 1.0, '_a4_': 1.0, '_a5_': 1.0, '_a7_': 1.0}};{'d0': 0.024905832919416667};-280.569866449044;44.05878127952136
18050;-74.1028949009795;(((_a3_ + ((x * ((pow2(pow2(((_a4_ * _a3_) * _a0_))) + _a0_) + x)) / pow2(_a7_))) * (x * _a7_)) * _a4_);{'d0': {'_a0_': 0.06798054958452958, '_a3_': 26.914656828286127, '_a4_': 0.47192330326651505, '_a7_': 0.13975621020351672, '_a1_': 1.0, '_a2_': 1.0, '_a5_': 1.0, '_a6_': 1.0}};{'d0': 0.024905832933806167};-276.475521852156;64.13486602509839
18051;-96.2261519450003;((x * (_a3_ + (((x + _a1_) * x) * _a1_))) / (_a3_ ** sqrt(_a6_)));{'d0': {'_a1_': 0.6238594156522971, '_a3_': 0.3279577607031464, '_a6_': 2.2944597809606377, '_a0_': 1.0, '_a2_': 1.0, '_a4_': 1.0, '_a5_': 1.0, '_a7_': 1.0}};{'d0': 0.024905832919416667};-280.569866449044;44.05878127952136
18052;-96.2261519450003;((x * (_a3_ + (((x + _a1_) * x) * _a1_))) / (_a3_ ** sqrt(_a6_)));{'d0': {'_a1_': 0.6238594156522971, '_a3_': 0.3279577607031464, '_a6_': 2.2944597809606377, '_a0_': 1.0, '_a2_': 1.0, '_a4_': 1.0, '_a5_': 1.0, '_a7_': 1.0}};{'d0': 0.024905832919416667};-280.569866449044;44.05878127952136
18053;-96.2261519450003;((x * (_a3_ + (((x + _a1_) * x) * _a1_))) / (_a3_ ** sqrt(_a6_)));{'d0': {'_a1_': 0.6238594156522971, '_a3_': 0.3279577607031464, '_a6_': 2.2944597809606377, '_a0_': 1.0, '_a2_': 1.0, '_a4_': 1.0, '_a5_': 1.0, '_a7_': 1.0}};{'d0': 0.024905832919416667};-280.569866449044;44.05878127952136
18054;-96.2066829254104;((x * (_a3_ + (((x + _a1_) * x) * _a1_))) / (_a3_ ** log(_a6_)));{'d0': {'_a1_': 0.6238594156180628, '_a3_': 0.3279577606161525, '_a6_': 4.548272230187331, '_a0_': 1.0, '_a2_': 1.0, '_a4_': 1.0, '_a5_': 1.0, '_a7_': 1.0}};{'d0': 0.02490583291941661};-280.569866449044;44.07825029911136
18055;-96.2066829254104;((x * (_a3_ + (((x + _a1_) * x) * _a1_))) / (_a3_ ** log(_a6_)));{'d0': {'_a1_': 0.6238594156180628, '_a3_': 0.3279577606161525, '_a6_': 4.548272230187331, '_a0_': 1.0, '_a2_': 1.0, '_a4_': 1.0, '_a5_': 1.0, '_a7_': 1.0}};{'d0': 0.02490583291941661};-280.569866449044;44.07825029911136
18056;-96.2066829254104;((x * (_a3_ + (((x + _a1_) * x) * _a1_))) / (_a3_ ** log(_a6_)));{'d0': {'_a1_': 0.6238594156180628, '_a3_': 0.3279577606161525, '_a6_': 4.548272230187331, '_a0_': 1.0, '_a2_': 1.0, '_a4_': 1.0, '_a5_': 1.0, '_a7_': 1.0}};{'d0': 0.02490583291941661};-280.569866449044;44.07825029911136
18057;-94.1595106439404;((x * (_a3_ + (((x + _a1_) * x) * _a5_))) / (_a3_ ** log(_a6_)));{'d0': {'_a1_': 0.6238594155939031, '_a3_': 0.4943242497954216, '_a5_': 0.94033096517942, '_a6_': 6.138089979067928, '_a0_': 1.0, '_a2_': 1.0, '_a4_': 1.0, '_a7_': 1.0}};{'d0': 0.024905832919714627};-276.475521886104;44.07825029911136
18058;-66.2184998222252;(((_a3_ + ((x * ((pow2(pow2(((_a4_ * _a3_) * _a0_))) + (_a2_ / _a3_)) + x)) / pow2(_a7_))) * (x * _a7_)) * _a4_);{'d0': {'_a0_': 0.06893445347948093, '_a2_': 0.7166544640174485, '_a3_': 27.136029396098763, '_a4_': 0.4699944650037922, '_a7_': 0.139185000792012, '_a1_': 1.0, '_a5_': 1.0, '_a6_': 1.0}};{'d0': 0.024905832925085778};-272.381177310942;69.97208883324559
18059;-68.2656720995516;(((_a3_ + ((x * ((pow2(pow2(((_a4_ * _a3_) * _a2_))) + (_a2_ / _a3_)) + x)) / pow2(_a7_))) * (x * _a7_)) * _a4_);{'d0': {'_a2_': -0.04017145277333841, '_a3_': 81.6859825211662, '_a4_': 0.27088945208246934, '_a7_': 0.08022168635065953, '_a0_': 1.0, '_a1_': 1.0, '_a5_': 1.0, '_a6_': 1.0}};{'d0': 0.02490583292822782};-276.475521865595;69.97208883324559
18060;-66.2184998289872;(((_a3_ + ((x * ((pow2(pow2(((_a4_ * _a6_) * _a2_))) + (_a2_ / _a3_)) + x)) / pow2(_a7_))) * (x * _a7_)) * _a4_);{'d0': {'_a2_': -0.08717043206270861, '_a3_': 72.88732800419453, '_a4_': 0.28677406888773577, '_a6_': 35.56890874655243, '_a7_': 0.08492578515112789, '_a0_': 1.0, '_a1_': 1.0, '_a5_': 1.0}};{'d0': 0.024905832919472008};-272.381177324466;69.97208883324559
18061;-66.2184998289872;(((_a3_ + ((x * ((pow2(pow2(((_a4_ * _a6_) * _a2_))) + (_a2_ / _a3_)) + x)) / pow2(_a7_))) * (x * _a7_)) * _a4_);{'d0': {'_a2_': -0.08717043206270861, '_a3_': 72.88732800419453, '_a4_': 0.28677406888773577, '_a6_': 35.56890874655243, '_a7_': 0.08492578515112789, '_a0_': 1.0, '_a1_': 1.0, '_a5_': 1.0}};{'d0': 0.024905832919472008};-272.381177324466;69.97208883324559
18062;-66.2184998289872;(((_a3_ + ((x * ((pow2(pow2(((_a4_ * _a6_) * _a2_))) + (_a2_ / _a3_)) + x)) / pow2(_a7_))) * (x * _a7_)) * _a4_);{'d0': {'_a2_': -0.08717043206270861, '_a3_': 72.88732800419453, '_a4_': 0.28677406888773577, '_a6_': 35.56890874655243, '_a7_': 0.08492578515112789, '_a0_': 1.0, '_a1_': 1.0, '_a5_': 1.0}};{'d0': 0.024905832919472008};-272.381177324466;69.97208883324559
18063;-66.2184998289872;(((_a3_ + ((x * ((pow2(pow2(((_a4_ * _a6_) * _a2_))) + (_a2_ / _a3_)) + x)) / pow2(_a7_))) * (x * _a7_)) * _a4_);{'d0': {'_a2_': -0.08717043206270861, '_a3_': 72.88732800419453, '_a4_': 0.28677406888773577, '_a6_': 35.56890874655243, '_a7_': 0.08492578515112789, '_a0_': 1.0, '_a1_': 1.0, '_a5_': 1.0}};{'d0': 0.024905832919472008};-272.381177324466;69.97208883324559
18064;-66.2184998289872;(((_a3_ + ((x * ((pow2(pow2(((_a4_ * _a6_) * _a2_))) + (_a2_ / _a3_)) + x)) / pow2(_a7_))) * (x * _a7_)) * _a4_);{'d0': {'_a2_': -0.08717043206270861, '_a3_': 72.88732800419453, '_a4_': 0.28677406888773577, '_a6_': 35.56890874655243, '_a7_': 0.08492578515112789, '_a0_': 1.0, '_a1_': 1.0, '_a5_': 1.0}};{'d0': 0.024905832919472008};-272.381177324466;69.97208883324559
18065;-66.2184998289872;(((_a3_ + ((x * ((pow2(pow2(((_a4_ * _a6_) * _a2_))) + (_a2_ / _a3_)) + x)) / pow2(_a7_))) * (x * _a7_)) * _a4_);{'d0': {'_a2_': -0.08717043206270861, '_a3_': 72.88732800419453, '_a4_': 0.28677406888773577, '_a6_': 35.56890874655243, '_a7_': 0.08492578515112789, '_a0_': 1.0, '_a1_': 1.0, '_a5_': 1.0}};{'d0': 0.024905832919472008};-272.381177324466;69.97208883324559
18066;-66.2184998289872;(((_a3_ + ((x * ((pow2(pow2(((_a4_ * _a6_) * _a2_))) + (_a2_ / _a3_)) + x)) / pow2(_a7_))) * (x * _a7_)) * _a4_);{'d0': {'_a2_': -0.08717043206270861, '_a3_': 72.88732800419453, '_a4_': 0.28677406888773577, '_a6_': 35.56890874655243, '_a7_': 0.08492578515112789, '_a0_': 1.0, '_a1_': 1.0, '_a5_': 1.0}};{'d0': 0.024905832919472008};-272.381177324466;69.97208883324559
18067;-66.2184998289872;(((_a3_ + ((x * ((pow2(pow2(((_a4_ * _a6_) * _a2_))) + (_a2_ / _a3_)) + x)) / pow2(_a7_))) * (x * _a7_)) * _a4_);{'d0': {'_a2_': -0.08717043206270861, '_a3_': 72.88732800419453, '_a4_': 0.28677406888773577, '_a6_': 35.56890874655243, '_a7_': 0.08492578515112789, '_a0_': 1.0, '_a1_': 1.0, '_a5_': 1.0}};{'d0': 0.024905832919472008};-272.381177324466;69.97208883324559
18068;-66.2184998288142;(((_a3_ + ((x * ((pow2(pow2(((_a4_ * _a6_) * _a2_))) + (_a2_ / _a3_)) + x)) / pow2(_a7_))) * (x * _a7_)) * _a3_);{'d0': {'_a2_': 0.6141827739198013, '_a3_': 1.8165356739186245, '_a4_': 0.05448009647669677, '_a6_': 21.850536143140708, '_a7_': 0.5379521202609566, '_a0_': 1.0, '_a1_': 1.0, '_a5_': 1.0}};{'d0': 0.024905832919615678};-272.381177324120;69.97208883324559
18069;-66.2184998288142;(((_a3_ + ((x * ((pow2(pow2(((_a4_ * _a6_) * _a2_))) + (_a2_ / _a3_)) + x)) / pow2(_a7_))) * (x * _a7_)) * _a3_);{'d0': {'_a2_': 0.6141827739198013, '_a3_': 1.8165356739186245, '_a4_': 0.05448009647669677, '_a6_': 21.850536143140708, '_a7_': 0.5379521202609566, '_a0_': 1.0, '_a1_': 1.0, '_a5_': 1.0}};{'d0': 0.024905832919615678};-272.381177324120;69.97208883324559
18070;-66.2184998288142;(((_a3_ + ((x * ((pow2(pow2(((_a4_ * _a6_) * _a2_))) + (_a2_ / _a3_)) + x)) / pow2(_a7_))) * (x * _a7_)) * _a3_);{'d0': {'_a2_': 0.6141827739198013, '_a3_': 1.8165356739186245, '_a4_': 0.05448009647669677, '_a6_': 21.850536143140708, '_a7_': 0.5379521202609566, '_a0_': 1.0, '_a1_': 1.0, '_a5_': 1.0}};{'d0': 0.024905832919615678};-272.381177324120;69.97208883324559
18071;-66.2184998288142;(((_a3_ + ((x * ((pow2(pow2(((_a4_ * _a6_) * _a2_))) + (_a2_ / _a3_)) + x)) / pow2(_a7_))) * (x * _a7_)) * _a3_);{'d0': {'_a2_': 0.6141827739198013, '_a3_': 1.8165356739186245, '_a4_': 0.05448009647669677, '_a6_': 21.850536143140708, '_a7_': 0.5379521202609566, '_a0_': 1.0, '_a1_': 1.0, '_a5_': 1.0}};{'d0': 0.024905832919615678};-272.381177324120;69.97208883324559
18072;-66.2184998288142;(((_a3_ + ((x * ((pow2(pow2(((_a4_ * _a6_) * _a2_))) + (_a2_ / _a3_)) + x)) / pow2(_a7_))) * (x * _a7_)) * _a3_);{'d0': {'_a2_': 0.6141827739198013, '_a3_': 1.8165356739186245, '_a4_': 0.05448009647669677, '_a6_': 21.850536143140708, '_a7_': 0.5379521202609566, '_a0_': 1.0, '_a1_': 1.0, '_a5_': 1.0}};{'d0': 0.024905832919615678};-272.381177324120;69.97208883324559
18073;-66.2184998144220;(((_a3_ + ((x * ((pow2(pow2(((_a4_ * _a6_) * _a2_))) + (_a6_ / _a3_)) + x)) / pow2(_a7_))) * (x * _a7_)) * _a3_);{'d0': {'_a2_': 8.593329847825459, '_a3_': 1.8165356739967375, '_a4_': -0.23128249188099143, '_a6_': 0.40092452938777445, '_a7_': 0.5379521202682023, '_a0_': 1.0, '_a1_': 1.0, '_a5_': 1.0}};{'d0': 0.024905832931563975};-272.381177295336;69.97208883324559
18074;-66.2184998144220;(((_a3_ + ((x * ((pow2(pow2(((_a4_ * _a6_) * _a2_))) + (_a6_ / _a3_)) + x)) / pow2(_a7_))) * (x * _a7_)) * _a3_);{'d0': {'_a2_': 8.593329847825459, '_a3_': 1.8165356739967375, '_a4_': -0.23128249188099143, '_a6_': 0.40092452938777445, '_a7_': 0.5379521202682023, '_a0_': 1.0, '_a1_': 1.0, '_a5_': 1.0}};{'d0': 0.024905832931563975};-272.381177295336;69.97208883324559
18075;-94.1595106439404;((x * (_a3_ + (((x + _a1_) * x) * _a5_))) / (_a3_ ** log(_a6_)));{'d0': {'_a1_': 0.6238594155939031, '_a3_': 0.4943242497954216, '_a5_': 0.94033096517942, '_a6_': 6.138089979067928, '_a0_': 1.0, '_a2_': 1.0, '_a4_': 1.0, '_a7_': 1.0}};{'d0': 0.024905832919714627};-276.475521886104;44.07825029911136
18076;-94.1595106436321;((x * (_a1_ + (((x + _a1_) * x) * _a5_))) / (_a3_ ** log(_a6_)));{'d0': {'_a1_': 0.6238594155592214, '_a3_': 0.5659696933458787, '_a5_': 1.1867399312552023, '_a6_': 6.27833170530102, '_a0_': 1.0, '_a2_': 1.0, '_a4_': 1.0, '_a7_': 1.0}};{'d0': 0.024905832919970537};-276.475521885487;44.07825029911136
18077;-94.1595106436321;((x * (_a1_ + (((x + _a1_) * x) * _a5_))) / (_a3_ ** log(_a6_)));{'d0': {'_a1_': 0.6238594155592214, '_a3_': 0.5659696933458787, '_a5_': 1.1867399312552023, '_a6_': 6.27833170530102, '_a0_': 1.0, '_a2_': 1.0, '_a4_': 1.0, '_a7_': 1.0}};{'d0': 0.024905832919970537};-276.475521885487;44.07825029911136
18078;-94.1595106436321;((x * (_a1_ + (((x + _a1_) * x) * _a5_))) / (_a3_ ** log(_a6_)));{'d0': {'_a1_': 0.6238594155592214, '_a3_': 0.5659696933458787, '_a5_': 1.1867399312552023, '_a6_': 6.27833170530102, '_a0_': 1.0, '_a2_': 1.0, '_a4_': 1.0, '_a7_': 1.0}};{'d0': 0.024905832919970537};-276.475521885487;44.07825029911136
18079;-94.1595106436321;((x * (_a1_ + (((x + _a1_) * x) * _a5_))) / (_a3_ ** log(_a6_)));{'d0': {'_a1_': 0.6238594155592214, '_a3_': 0.5659696933458787, '_a5_': 1.1867399312552023, '_a6_': 6.27833170530102, '_a0_': 1.0, '_a2_': 1.0, '_a4_': 1.0, '_a7_': 1.0}};{'d0': 0.024905832919970537};-276.475521885487;44.07825029911136
18080;-94.1595106436321;((x * (_a1_ + (((x + _a1_) * x) * _a5_))) / (_a3_ ** log(_a6_)));{'d0': {'_a1_': 0.6238594155592214, '_a3_': 0.5659696933458787, '_a5_': 1.1867399312552023, '_a6_': 6.27833170530102, '_a0_': 1.0, '_a2_': 1.0, '_a4_': 1.0, '_a7_': 1.0}};{'d0': 0.024905832919970537};-276.475521885487;44.07825029911136
18081;-94.5695027488986;((x * (_a1_ + (((x + _a1_) * x) * _a5_))) / (_a3_ ** (_a1_ * _a4_)));{'d0': {'_a1_': 0.6238594154572, '_a3_': 0.2675918228672882, '_a4_': 1.2714856444561105, '_a5_': 1.1867399305546307, '_a0_': 1.0, '_a2_': 1.0, '_a6_': 1.0, '_a7_': 1.0}};{'d0': 0.0249058329194612};-276.475521886714;43.66825819445836
18082;-94.5695027488986;((x * (_a1_ + (((x + _a1_) * x) * _a5_))) / (_a3_ ** (_a1_ * _a4_)));{'d0': {'_a1_': 0.6238594154572, '_a3_': 0.2675918228672882, '_a4_': 1.2714856444561105, '_a5_': 1.1867399305546307, '_a0_': 1.0, '_a2_': 1.0, '_a6_': 1.0, '_a7_': 1.0}};{'d0': 0.0249058329194612};-276.475521886714;43.66825819445836
18083;-94.5695027488986;((x * (_a1_ + (((x + _a1_) * x) * _a5_))) / (_a3_ ** (_a1_ * _a4_)));{'d0': {'_a1_': 0.6238594154572, '_a3_': 0.2675918228672882, '_a4_': 1.2714856444561105, '_a5_': 1.1867399305546307, '_a0_': 1.0, '_a2_': 1.0, '_a6_': 1.0, '_a7_': 1.0}};{'d0': 0.0249058329194612};-276.475521886714;43.66825819445836
18084;-94.5695027488986;((x * (_a1_ + (((x + _a1_) * x) * _a5_))) / (_a3_ ** (_a1_ * _a4_)));{'d0': {'_a1_': 0.6238594154572, '_a3_': 0.2675918228672882, '_a4_': 1.2714856444561105, '_a5_': 1.1867399305546307, '_a0_': 1.0, '_a2_': 1.0, '_a6_': 1.0, '_a7_': 1.0}};{'d0': 0.0249058329194612};-276.475521886714;43.66825819445836
18085;-94.5695027488986;((x * (_a1_ + (((x + _a1_) * x) * _a5_))) / (_a3_ ** (_a1_ * _a4_)));{'d0': {'_a1_': 0.6238594154572, '_a3_': 0.2675918228672882, '_a4_': 1.2714856444561105, '_a5_': 1.1867399305546307, '_a0_': 1.0, '_a2_': 1.0, '_a6_': 1.0, '_a7_': 1.0}};{'d0': 0.0249058329194612};-276.475521886714;43.66825819445836
18086;-94.5695027488986;((x * (_a1_ + (((x + _a1_) * x) * _a5_))) / (_a3_ ** (_a1_ * _a4_)));{'d0': {'_a1_': 0.6238594154572, '_a3_': 0.2675918228672882, '_a4_': 1.2714856444561105, '_a5_': 1.1867399305546307, '_a0_': 1.0, '_a2_': 1.0, '_a6_': 1.0, '_a7_': 1.0}};{'d0': 0.0249058329194612};-276.475521886714;43.66825819445836
18087;-94.5695027488986;((x * (_a1_ + (((x + _a1_) * x) * _a5_))) / (_a3_ ** (_a1_ * _a4_)));{'d0': {'_a1_': 0.6238594154572, '_a3_': 0.2675918228672882, '_a4_': 1.2714856444561105, '_a5_': 1.1867399305546307, '_a0_': 1.0, '_a2_': 1.0, '_a6_': 1.0, '_a7_': 1.0}};{'d0': 0.0249058329194612};-276.475521886714;43.66825819445836
18088;-94.5695027488986;((x * (_a1_ + (((x + _a1_) * x) * _a5_))) / (_a3_ ** (_a1_ * _a4_)));{'d0': {'_a1_': 0.6238594154572, '_a3_': 0.2675918228672882, '_a4_': 1.2714856444561105, '_a5_': 1.1867399305546307, '_a0_': 1.0, '_a2_': 1.0, '_a6_': 1.0, '_a7_': 1.0}};{'d0': 0.0249058329194612};-276.475521886714;43.66825819445836
18089;-94.5695027488986;((x * (_a1_ + (((x + _a1_) * x) * _a5_))) / (_a3_ ** (_a1_ * _a4_)));{'d0': {'_a1_': 0.6238594154572, '_a3_': 0.2675918228672882, '_a4_': 1.2714856444561105, '_a5_': 1.1867399305546307, '_a0_': 1.0, '_a2_': 1.0, '_a6_': 1.0, '_a7_': 1.0}};{'d0': 0.0249058329194612};-276.475521886714;43.66825819445836
18090;-94.5695027488986;((x * (_a1_ + (((x + _a1_) * x) * _a5_))) / (_a3_ ** (_a1_ * _a4_)));{'d0': {'_a1_': 0.6238594154572, '_a3_': 0.2675918228672882, '_a4_': 1.2714856444561105, '_a5_': 1.1867399305546307, '_a0_': 1.0, '_a2_': 1.0, '_a6_': 1.0, '_a7_': 1.0}};{'d0': 0.0249058329194612};-276.475521886714;43.66825819445836
18091;-94.5695027488986;((x * (_a1_ + (((x + _a1_) * x) * _a5_))) / (_a3_ ** (_a1_ * _a4_)));{'d0': {'_a1_': 0.6238594154572, '_a3_': 0.2675918228672882, '_a4_': 1.2714856444561105, '_a5_': 1.1867399305546307, '_a0_': 1.0, '_a2_': 1.0, '_a6_': 1.0, '_a7_': 1.0}};{'d0': 0.0249058329194612};-276.475521886714;43.66825819445836
18092;-94.5695027488986;((x * (_a1_ + (((x + _a1_) * x) * _a5_))) / (_a3_ ** (_a1_ * _a4_)));{'d0': {'_a1_': 0.6238594154572, '_a3_': 0.2675918228672882, '_a4_': 1.2714856444561105, '_a5_': 1.1867399305546307, '_a0_': 1.0, '_a2_': 1.0, '_a6_': 1.0, '_a7_': 1.0}};{'d0': 0.0249058329194612};-276.475521886714;43.66825819445836
18093;-101.566014955520;((x * (_a1_ + (((x + _a1_) * x) * _a5_))) / (_a3_ ** _a5_));{'d0': {'_a1_': 0.6238594155936024, '_a3_': 0.4143023294743575, '_a5_': 1.1867399312924796, '_a0_': 1.0, '_a2_': 1.0, '_a4_': 1.0, '_a6_': 1.0, '_a7_': 1.0}};{'d0': 0.02490583291941658};-280.569866449044;38.718918269001364
18094;-101.566014955520;((x * (_a1_ + (((x + _a1_) * x) * _a5_))) / (_a3_ ** _a5_));{'d0': {'_a1_': 0.6238594155936024, '_a3_': 0.4143023294743575, '_a5_': 1.1867399312924796, '_a0_': 1.0, '_a2_': 1.0, '_a4_': 1.0, '_a6_': 1.0, '_a7_': 1.0}};{'d0': 0.02490583291941658};-280.569866449044;38.718918269001364
18095;-101.566014955520;((x * (_a1_ + (((x + _a1_) * x) * _a5_))) / (_a3_ ** _a5_));{'d0': {'_a1_': 0.6238594155936024, '_a3_': 0.4143023294743575, '_a5_': 1.1867399312924796, '_a0_': 1.0, '_a2_': 1.0, '_a4_': 1.0, '_a6_': 1.0, '_a7_': 1.0}};{'d0': 0.02490583291941658};-280.569866449044;38.718918269001364
18096;-101.566014955520;((x * (_a1_ + (((x + _a1_) * x) * _a5_))) / (_a3_ ** _a5_));{'d0': {'_a1_': 0.6238594155936024, '_a3_': 0.4143023294743575, '_a5_': 1.1867399312924796, '_a0_': 1.0, '_a2_': 1.0, '_a4_': 1.0, '_a6_': 1.0, '_a7_': 1.0}};{'d0': 0.02490583291941658};-280.569866449044;38.718918269001364
18097;-101.566014955520;((x * (_a1_ + (((x + _a1_) * x) * _a5_))) / (_a3_ ** _a5_));{'d0': {'_a1_': 0.6238594155936024, '_a3_': 0.4143023294743575, '_a5_': 1.1867399312924796, '_a0_': 1.0, '_a2_': 1.0, '_a4_': 1.0, '_a6_': 1.0, '_a7_': 1.0}};{'d0': 0.02490583291941658};-280.569866449044;38.718918269001364
18098;-101.566014955520;((x * (_a1_ + (((x + _a1_) * x) * _a5_))) / (_a3_ ** _a5_));{'d0': {'_a1_': 0.6238594155936024, '_a3_': 0.4143023294743575, '_a5_': 1.1867399312924796, '_a0_': 1.0, '_a2_': 1.0, '_a4_': 1.0, '_a6_': 1.0, '_a7_': 1.0}};{'d0': 0.02490583291941658};-280.569866449044;38.718918269001364
18099;-101.566014955520;((x * (_a1_ + (((x + _a1_) * x) * _a5_))) / (_a3_ ** _a5_));{'d0': {'_a1_': 0.6238594155936024, '_a3_': 0.4143023294743575, '_a5_': 1.1867399312924796, '_a0_': 1.0, '_a2_': 1.0, '_a4_': 1.0, '_a6_': 1.0, '_a7_': 1.0}};{'d0': 0.02490583291941658};-280.569866449044;38.718918269001364
18100;-101.566014955520;((x * (_a1_ + (((x + _a1_) * x) * _a5_))) / (_a3_ ** _a5_));{'d0': {'_a1_': 0.6238594155936024, '_a3_': 0.4143023294743575, '_a5_': 1.1867399312924796, '_a0_': 1.0, '_a2_': 1.0, '_a4_': 1.0, '_a6_': 1.0, '_a7_': 1.0}};{'d0': 0.02490583291941658};-280.569866449044;38.718918269001364
18101;-101.566014955520;((x * (_a1_ + (((x + _a1_) * x) * _a5_))) / (_a3_ ** _a5_));{'d0': {'_a1_': 0.6238594155936024, '_a3_': 0.4143023294743575, '_a5_': 1.1867399312924796, '_a0_': 1.0, '_a2_': 1.0, '_a4_': 1.0, '_a6_': 1.0, '_a7_': 1.0}};{'d0': 0.02490583291941658};-280.569866449044;38.718918269001364
18102;-101.566014955520;((x * (_a1_ + (((x + _a1_) * x) * _a5_))) / (_a3_ ** _a5_));{'d0': {'_a1_': 0.6238594155936024, '_a3_': 0.4143023294743575, '_a5_': 1.1867399312924796, '_a0_': 1.0, '_a2_': 1.0, '_a4_': 1.0, '_a6_': 1.0, '_a7_': 1.0}};{'d0': 0.02490583291941658};-280.569866449044;38.718918269001364
18103;-101.566014955520;((x * (_a1_ + (((x + _a1_) * x) * _a5_))) / (_a3_ ** _a5_));{'d0': {'_a1_': 0.6238594155936024, '_a3_': 0.4143023294743575, '_a5_': 1.1867399312924796, '_a0_': 1.0, '_a2_': 1.0, '_a4_': 1.0, '_a6_': 1.0, '_a7_': 1.0}};{'d0': 0.02490583291941658};-280.569866449044;38.718918269001364
18104;-101.566014955520;((x * (_a1_ + (((x + _a1_) * x) * _a5_))) / (_a3_ ** _a5_));{'d0': {'_a1_': 0.6238594155936024, '_a3_': 0.4143023294743575, '_a5_': 1.1867399312924796, '_a0_': 1.0, '_a2_': 1.0, '_a4_': 1.0, '_a6_': 1.0, '_a7_': 1.0}};{'d0': 0.02490583291941658};-280.569866449044;38.718918269001364
18105;-101.566014955520;((x * (_a1_ + (((x + _a1_) * x) * _a5_))) / (_a3_ ** _a5_));{'d0': {'_a1_': 0.6238594155936024, '_a3_': 0.4143023294743575, '_a5_': 1.1867399312924796, '_a0_': 1.0, '_a2_': 1.0, '_a4_': 1.0, '_a6_': 1.0, '_a7_': 1.0}};{'d0': 0.02490583291941658};-280.569866449044;38.718918269001364
18106;-101.566014955520;((x * (_a1_ + (((x + _a1_) * x) * _a5_))) / (_a3_ ** _a5_));{'d0': {'_a1_': 0.6238594155936024, '_a3_': 0.4143023294743575, '_a5_': 1.1867399312924796, '_a0_': 1.0, '_a2_': 1.0, '_a4_': 1.0, '_a6_': 1.0, '_a7_': 1.0}};{'d0': 0.02490583291941658};-280.569866449044;38.718918269001364
18107;-101.566014955520;((x * (_a1_ + (((x + _a1_) * x) * _a5_))) / (_a3_ ** _a5_));{'d0': {'_a1_': 0.6238594155936024, '_a3_': 0.4143023294743575, '_a5_': 1.1867399312924796, '_a0_': 1.0, '_a2_': 1.0, '_a4_': 1.0, '_a6_': 1.0, '_a7_': 1.0}};{'d0': 0.02490583291941658};-280.569866449044;38.718918269001364
18108;-101.566014955520;((x * (_a1_ + (((x + _a1_) * x) * _a5_))) / (_a3_ ** _a5_));{'d0': {'_a1_': 0.6238594155936024, '_a3_': 0.4143023294743575, '_a5_': 1.1867399312924796, '_a0_': 1.0, '_a2_': 1.0, '_a4_': 1.0, '_a6_': 1.0, '_a7_': 1.0}};{'d0': 0.02490583291941658};-280.569866449044;38.718918269001364
18109;-101.566014955520;((x * (_a1_ + (((x + _a1_) * x) * _a5_))) / (_a3_ ** _a5_));{'d0': {'_a1_': 0.6238594155936024, '_a3_': 0.4143023294743575, '_a5_': 1.1867399312924796, '_a0_': 1.0, '_a2_': 1.0, '_a4_': 1.0, '_a6_': 1.0, '_a7_': 1.0}};{'d0': 0.02490583291941658};-280.569866449044;38.718918269001364
18110;-101.566014955520;((x * (_a1_ + (((x + _a1_) * x) * _a5_))) / (_a3_ ** _a5_));{'d0': {'_a1_': 0.6238594155936024, '_a3_': 0.4143023294743575, '_a5_': 1.1867399312924796, '_a0_': 1.0, '_a2_': 1.0, '_a4_': 1.0, '_a6_': 1.0, '_a7_': 1.0}};{'d0': 0.02490583291941658};-280.569866449044;38.718918269001364
18111;-101.566014955520;((x * (_a1_ + (((x + _a1_) * x) * _a5_))) / (_a3_ ** _a5_));{'d0': {'_a1_': 0.6238594155936024, '_a3_': 0.4143023294743575, '_a5_': 1.1867399312924796, '_a0_': 1.0, '_a2_': 1.0, '_a4_': 1.0, '_a6_': 1.0, '_a7_': 1.0}};{'d0': 0.02490583291941658};-280.569866449044;38.718918269001364
18112;-101.566014955520;((x * (_a1_ + (((x + _a1_) * x) * _a5_))) / (_a3_ ** _a5_));{'d0': {'_a1_': 0.6238594155936024, '_a3_': 0.4143023294743575, '_a5_': 1.1867399312924796, '_a0_': 1.0, '_a2_': 1.0, '_a4_': 1.0, '_a6_': 1.0, '_a7_': 1.0}};{'d0': 0.02490583291941658};-280.569866449044;38.718918269001364
18113;-102.392340493473;((x * (_a1_ + (((x + _a1_) * x) * _a5_))) / (_a3_ / _a5_));{'d0': {'_a1_': 0.6238594155196768, '_a3_': 0.41707177835458215, '_a5_': 1.1867399312553124, '_a0_': 1.0, '_a2_': 1.0, '_a4_': 1.0, '_a6_': 1.0, '_a7_': 1.0}};{'d0': 0.02490583291941661};-280.569866449044;37.892592731048566
18114;-102.392340493473;((x * (_a1_ + (((x + _a3_) * x) * _a5_))) / (_a3_ / _a5_));{'d0': {'_a1_': 0.7630002828574162, '_a3_': 0.6238594155272031, '_a5_': 1.4514213959167022, '_a0_': 1.0, '_a2_': 1.0, '_a4_': 1.0, '_a6_': 1.0, '_a7_': 1.0}};{'d0': 0.024905832919416705};-280.569866449043;37.892592731048566
18115;-102.392340493473;((x * (_a1_ + (((x + _a3_) * x) * _a5_))) / (_a3_ / _a5_));{'d0': {'_a1_': 0.7630002828574162, '_a3_': 0.6238594155272031, '_a5_': 1.4514213959167022, '_a0_': 1.0, '_a2_': 1.0, '_a4_': 1.0, '_a6_': 1.0, '_a7_': 1.0}};{'d0': 0.024905832919416705};-280.569866449043;37.892592731048566
18116;-100.345168191044;((x * (_a1_ + (((x + _a6_) * x) * _a5_))) / (_a3_ / _a5_));{'d0': {'_a1_': 0.9500175671869016, '_a3_': 0.9671646485211474, '_a5_': 1.80717603286814, '_a6_': 0.6238594153518884, '_a0_': 1.0, '_a2_': 1.0, '_a4_': 1.0, '_a7_': 1.0}};{'d0': 0.024905832937114507};-276.475521844186;37.892592731048566
18117;-100.345168191044;((x * (_a1_ + (((x + _a6_) * x) * _a5_))) / (_a3_ / _a5_));{'d0': {'_a1_': 0.9500175671869016, '_a3_': 0.9671646485211474, '_a5_': 1.80717603286814, '_a6_': 0.6238594153518884, '_a0_': 1.0, '_a2_': 1.0, '_a4_': 1.0, '_a7_': 1.0}};{'d0': 0.024905832937114507};-276.475521844186;37.892592731048566
18118;-100.345168191044;((x * (_a1_ + (((x + _a6_) * x) * _a5_))) / (_a3_ / _a5_));{'d0': {'_a1_': 0.9500175671869016, '_a3_': 0.9671646485211474, '_a5_': 1.80717603286814, '_a6_': 0.6238594153518884, '_a0_': 1.0, '_a2_': 1.0, '_a4_': 1.0, '_a7_': 1.0}};{'d0': 0.024905832937114507};-276.475521844186;37.892592731048566
18119;-76.7380135660152;((_a3_ + ((x * ((pow2(-((log(_a7_) * _a4_))) + (_a6_ / _a4_)) + x)) / _a3_)) * (x * _a7_));{'d0': {'_a3_': 0.7250460471032107, '_a4_': 3.461374799686708, '_a6_': 35.408286827546114, '_a7_': 2.448307126717071, '_a0_': 1.0, '_a1_': 1.0, '_a2_': 1.0, '_a5_': 1.0}};{'d0': 0.024905832926788222};-276.475521869063;61.49974736851598
18120;-76.7380135660152;((_a3_ + ((x * ((pow2(-((log(_a7_) * _a4_))) + (_a6_ / _a4_)) + x)) / _a3_)) * (x * _a7_));{'d0': {'_a3_': 0.7250460471032107, '_a4_': 3.461374799686708, '_a6_': 35.408286827546114, '_a7_': 2.448307126717071, '_a0_': 1.0, '_a1_': 1.0, '_a2_': 1.0, '_a5_': 1.0}};{'d0': 0.024905832926788222};-276.475521869063;61.49974736851598
18121;-76.7380135660152;((_a3_ + ((x * ((pow2(-((log(_a7_) * _a4_))) + (_a6_ / _a4_)) + x)) / _a3_)) * (x * _a7_));{'d0': {'_a3_': 0.7250460471032107, '_a4_': 3.461374799686708, '_a6_': 35.408286827546114, '_a7_': 2.448307126717071, '_a0_': 1.0, '_a1_': 1.0, '_a2_': 1.0, '_a5_': 1.0}};{'d0': 0.024905832926788222};-276.475521869063;61.49974736851598
18122;-76.7380135660152;((_a3_ + ((x * ((pow2(-((log(_a7_) * _a4_))) + (_a6_ / _a4_)) + x)) / _a3_)) * (x * _a7_));{'d0': {'_a3_': 0.7250460471032107, '_a4_': 3.461374799686708, '_a6_': 35.408286827546114, '_a7_': 2.448307126717071, '_a0_': 1.0, '_a1_': 1.0, '_a2_': 1.0, '_a5_': 1.0}};{'d0': 0.024905832926788222};-276.475521869063;61.49974736851598
18123;-76.7380135660152;((_a3_ + ((x * ((pow2(-((log(_a7_) * _a4_))) + (_a6_ / _a4_)) + x)) / _a3_)) * (x * _a7_));{'d0': {'_a3_': 0.7250460471032107, '_a4_': 3.461374799686708, '_a6_': 35.408286827546114, '_a7_': 2.448307126717071, '_a0_': 1.0, '_a1_': 1.0, '_a2_': 1.0, '_a5_': 1.0}};{'d0': 0.024905832926788222};-276.475521869063;61.49974736851598
18124;-76.7380135660152;((_a3_ + ((x * ((pow2(-((log(_a7_) * _a4_))) + (_a6_ / _a4_)) + x)) / _a3_)) * (x * _a7_));{'d0': {'_a3_': 0.7250460471032107, '_a4_': 3.461374799686708, '_a6_': 35.408286827546114, '_a7_': 2.448307126717071, '_a0_': 1.0, '_a1_': 1.0, '_a2_': 1.0, '_a5_': 1.0}};{'d0': 0.024905832926788222};-276.475521869063;61.49974736851598
18125;-76.7380135660152;((_a3_ + ((x * ((pow2(-((log(_a7_) * _a4_))) + (_a6_ / _a4_)) + x)) / _a3_)) * (x * _a7_));{'d0': {'_a3_': 0.7250460471032107, '_a4_': 3.461374799686708, '_a6_': 35.408286827546114, '_a7_': 2.448307126717071, '_a0_': 1.0, '_a1_': 1.0, '_a2_': 1.0, '_a5_': 1.0}};{'d0': 0.024905832926788222};-276.475521869063;61.49974736851598
18126;-76.7380135660152;((_a3_ + ((x * ((pow2(-((log(_a7_) * _a4_))) + (_a6_ / _a4_)) + x)) / _a3_)) * (x * _a7_));{'d0': {'_a3_': 0.7250460471032107, '_a4_': 3.461374799686708, '_a6_': 35.408286827546114, '_a7_': 2.448307126717071, '_a0_': 1.0, '_a1_': 1.0, '_a2_': 1.0, '_a5_': 1.0}};{'d0': 0.024905832926788222};-276.475521869063;61.49974736851598
18127;-69.6691440731252;((_a3_ + ((x * ((pow2(-((log(_a7_) * _a4_))) + (_a6_ / _a4_)) + x)) / _a3_)) * (x * (_a5_ * _a7_)));{'d0': {'_a3_': 0.7250460471032107, '_a4_': 3.461374799686708, '_a5_': 1.0, '_a6_': 35.408286827546114, '_a7_': 2.448307126717071, '_a0_': 1.0, '_a1_': 1.0, '_a2_': 1.0}};{'d0': 0.024905832926788222};-272.381177306841;66.52144458029498
18128;-69.9344216061938;((_a3_ + ((x * ((pow2(-(((_a4_ * _a6_) * _a4_))) + (_a6_ / _a4_)) + x)) / _a3_)) * (x * (_a5_ * _a7_)));{'d0': {'_a3_': 0.7250460470121878, '_a4_': 0.7819058472172605, '_a5_': 1.5355735948222746, '_a6_': 0.5892912301823365, '_a7_': 1.5943925676962316, '_a0_': 1.0, '_a1_': 1.0, '_a2_': 1.0}};{'d0': 0.024905832925908575};-272.381177308960;66.25616704828599
18129;-69.9344216061938;((_a3_ + ((x * ((pow2(-(((_a4_ * _a6_) * _a4_))) + (_a6_ / _a4_)) + x)) / _a3_)) * (x * (_a5_ * _a7_)));{'d0': {'_a3_': 0.7250460470121878, '_a4_': 0.7819058472172605, '_a5_': 1.5355735948222746, '_a6_': 0.5892912301823365, '_a7_': 1.5943925676962316, '_a0_': 1.0, '_a1_': 1.0, '_a2_': 1.0}};{'d0': 0.024905832925908575};-272.381177308960;66.25616704828599
18130;-65.3887118250322;((_a3_ + ((x * ((pow2(-(((_a4_ * _a6_) * _a4_))) + (_a6_ / _a4_)) + x)) / _a3_)) * (x * (pow3(_a3_) * _a7_)));{'d0': {'_a3_': 0.7250460469129366, '_a4_': 0.8431817212037194, '_a6_': 0.7962149891824567, '_a7_': 6.423461562038405, '_a0_': 1.0, '_a1_': 1.0, '_a2_': 1.0, '_a5_': 1.0}};{'d0': 0.024905832925794527};-276.475521871457;72.84904911069599
18131;-65.3887118250322;((_a3_ + ((x * ((pow2(-(((_a4_ * _a6_) * _a4_))) + (_a6_ / _a4_)) + x)) / _a3_)) * (x * (pow3(_a3_) * _a7_)));{'d0': {'_a3_': 0.7250460469129366, '_a4_': 0.8431817212037194, '_a6_': 0.7962149891824567, '_a7_': 6.423461562038405, '_a0_': 1.0, '_a1_': 1.0, '_a2_': 1.0, '_a5_': 1.0}};{'d0': 0.024905832925794527};-276.475521871457;72.84904911069599
18132;-65.3887118250322;((_a3_ + ((x * ((pow2(-(((_a4_ * _a6_) * _a4_))) + (_a6_ / _a4_)) + x)) / _a3_)) * (x * (pow3(_a3_) * _a7_)));{'d0': {'_a3_': 0.7250460469129366, '_a4_': 0.8431817212037194, '_a6_': 0.7962149891824567, '_a7_': 6.423461562038405, '_a0_': 1.0, '_a1_': 1.0, '_a2_': 1.0, '_a5_': 1.0}};{'d0': 0.024905832925794527};-276.475521871457;72.84904911069599
18133;-65.3887118250322;((_a3_ + ((x * ((pow2(-(((_a4_ * _a6_) * _a4_))) + (_a6_ / _a4_)) + x)) / _a3_)) * (x * (pow3(_a3_) * _a7_)));{'d0': {'_a3_': 0.7250460469129366, '_a4_': 0.8431817212037194, '_a6_': 0.7962149891824567, '_a7_': 6.423461562038405, '_a0_': 1.0, '_a1_': 1.0, '_a2_': 1.0, '_a5_': 1.0}};{'d0': 0.024905832925794527};-276.475521871457;72.84904911069599
18134;-99.5822889035533;((pow2((((x / _a3_) + _a5_) * _a7_)) + _a3_) * (_a5_ * (_a5_ * x)));{'d0': {'_a3_': 0.06726237452666606, '_a5_': 4.637506631360128, '_a7_': 0.026652490990275404, '_a0_': 1.0, '_a1_': 1.0, '_a2_': 1.0, '_a4_': 1.0, '_a6_': 1.0}};{'d0': 0.024905832919416677};-280.569866449043;40.70264432096842
18135;-99.5822889035533;((pow2((((x / _a3_) + _a5_) * _a7_)) + _a3_) * (_a5_ * (_a5_ * x)));{'d0': {'_a3_': 0.06726237452666606, '_a5_': 4.637506631360128, '_a7_': 0.026652490990275404, '_a0_': 1.0, '_a1_': 1.0, '_a2_': 1.0, '_a4_': 1.0, '_a6_': 1.0}};{'d0': 0.024905832919416677};-280.569866449043;40.70264432096842
18136;-99.5822889035533;((pow2((((x / _a3_) + _a5_) * _a7_)) + _a3_) * (_a5_ * (_a5_ * x)));{'d0': {'_a3_': 0.06726237452666606, '_a5_': 4.637506631360128, '_a7_': 0.026652490990275404, '_a0_': 1.0, '_a1_': 1.0, '_a2_': 1.0, '_a4_': 1.0, '_a6_': 1.0}};{'d0': 0.024905832919416677};-280.569866449043;40.70264432096842
18137;-99.5822889035533;((pow2((((x / _a3_) + _a5_) * _a7_)) + _a3_) * (_a5_ * (_a5_ * x)));{'d0': {'_a3_': 0.06726237452666606, '_a5_': 4.637506631360128, '_a7_': 0.026652490990275404, '_a0_': 1.0, '_a1_': 1.0, '_a2_': 1.0, '_a4_': 1.0, '_a6_': 1.0}};{'d0': 0.024905832919416677};-280.569866449043;40.70264432096842
18138;-99.5822889035533;((pow2((((x / _a3_) + _a5_) * _a7_)) + _a3_) * (_a5_ * (_a5_ * x)));{'d0': {'_a3_': 0.06726237452666606, '_a5_': 4.637506631360128, '_a7_': 0.026652490990275404, '_a0_': 1.0, '_a1_': 1.0, '_a2_': 1.0, '_a4_': 1.0, '_a6_': 1.0}};{'d0': 0.024905832919416677};-280.569866449043;40.70264432096842
18139;-99.5822889035533;((pow2((((x / _a3_) + _a5_) * _a7_)) + _a3_) * (_a5_ * (_a5_ * x)));{'d0': {'_a3_': 0.06726237452666606, '_a5_': 4.637506631360128, '_a7_': 0.026652490990275404, '_a0_': 1.0, '_a1_': 1.0, '_a2_': 1.0, '_a4_': 1.0, '_a6_': 1.0}};{'d0': 0.024905832919416677};-280.569866449043;40.70264432096842
18140;-99.5822889035533;((pow2((((x / _a3_) + _a5_) * _a7_)) + _a3_) * (_a5_ * (_a5_ * x)));{'d0': {'_a3_': 0.06726237452666606, '_a5_': 4.637506631360128, '_a7_': 0.026652490990275404, '_a0_': 1.0, '_a1_': 1.0, '_a2_': 1.0, '_a4_': 1.0, '_a6_': 1.0}};{'d0': 0.024905832919416677};-280.569866449043;40.70264432096842
18141;-99.5822889035533;((pow2((((x / _a3_) + _a5_) * _a7_)) + _a3_) * (_a5_ * (_a5_ * x)));{'d0': {'_a3_': 0.06726237452666606, '_a5_': 4.637506631360128, '_a7_': 0.026652490990275404, '_a0_': 1.0, '_a1_': 1.0, '_a2_': 1.0, '_a4_': 1.0, '_a6_': 1.0}};{'d0': 0.024905832919416677};-280.569866449043;40.70264432096842
18142;-99.5822889035533;((pow2((((x / _a3_) + _a5_) * _a7_)) + _a3_) * (_a5_ * (_a5_ * x)));{'d0': {'_a3_': 0.06726237452666606, '_a5_': 4.637506631360128, '_a7_': 0.026652490990275404, '_a0_': 1.0, '_a1_': 1.0, '_a2_': 1.0, '_a4_': 1.0, '_a6_': 1.0}};{'d0': 0.024905832919416677};-280.569866449043;40.70264432096842
18143;-99.5822889035533;((pow2((((x / _a3_) + _a5_) * _a7_)) + _a3_) * (_a5_ * (_a5_ * x)));{'d0': {'_a3_': 0.06726237452666606, '_a5_': 4.637506631360128, '_a7_': 0.026652490990275404, '_a0_': 1.0, '_a1_': 1.0, '_a2_': 1.0, '_a4_': 1.0, '_a6_': 1.0}};{'d0': 0.024905832919416677};-280.569866449043;40.70264432096842
18144;-99.5822889035533;((pow2((((x / _a3_) + _a5_) * _a7_)) + _a3_) * (_a5_ * (_a5_ * x)));{'d0': {'_a3_': 0.06726237452666606, '_a5_': 4.637506631360128, '_a7_': 0.026652490990275404, '_a0_': 1.0, '_a1_': 1.0, '_a2_': 1.0, '_a4_': 1.0, '_a6_': 1.0}};{'d0': 0.024905832919416677};-280.569866449043;40.70264432096842
18145;-99.5822889035533;((pow2((((x / _a3_) + _a5_) * _a7_)) + _a3_) * (_a5_ * (_a5_ * x)));{'d0': {'_a3_': 0.06726237452666606, '_a5_': 4.637506631360128, '_a7_': 0.026652490990275404, '_a0_': 1.0, '_a1_': 1.0, '_a2_': 1.0, '_a4_': 1.0, '_a6_': 1.0}};{'d0': 0.024905832919416677};-280.569866449043;40.70264432096842
18146;-98.6944060208631;((x * (_a3_ + (((x + pow2(_a4_)) * x) * _a5_))) / (_a3_ / _a5_));{'d0': {'_a3_': 0.9331740727495312, '_a4_': 0.7898477166095147, '_a5_': 1.775135403865433, '_a0_': 1.0, '_a1_': 1.0, '_a2_': 1.0, '_a6_': 1.0, '_a7_': 1.0}};{'d0': 0.024905832919416667};-280.569866449044;41.59052720365857
18147;-99.5822889035534;((x * (_a3_ + (((x + pow2(_a4_)) * x) * _a5_))) / (_a3_ * _a5_));{'d0': {'_a3_': 0.29614178676255826, '_a4_': 0.789847716659063, '_a5_': 0.5633373080474482, '_a0_': 1.0, '_a1_': 1.0, '_a2_': 1.0, '_a6_': 1.0, '_a7_': 1.0}};{'d0': 0.02490583291941661};-280.569866449044;40.70264432096837
18148;-99.5822889035534;((x * (_a3_ + (((x + pow2(_a4_)) * x) * _a5_))) / (_a3_ * _a5_));{'d0': {'_a3_': 0.29614178676255826, '_a4_': 0.789847716659063, '_a5_': 0.5633373080474482, '_a0_': 1.0, '_a1_': 1.0, '_a2_': 1.0, '_a6_': 1.0, '_a7_': 1.0}};{'d0': 0.02490583291941661};-280.569866449044;40.70264432096837
18149;-99.5822889035534;((x * (_a3_ + (((x + pow2(_a4_)) * x) * _a5_))) / (_a3_ * _a5_));{'d0': {'_a3_': 0.29614178676255826, '_a4_': 0.789847716659063, '_a5_': 0.5633373080474482, '_a0_': 1.0, '_a1_': 1.0, '_a2_': 1.0, '_a6_': 1.0, '_a7_': 1.0}};{'d0': 0.02490583291941661};-280.569866449044;40.70264432096837
18150;-99.5822889035534;((x * (_a3_ + (((x + pow2(_a4_)) * x) * _a5_))) / (_a3_ * _a5_));{'d0': {'_a3_': 0.29614178676255826, '_a4_': 0.789847716659063, '_a5_': 0.5633373080474482, '_a0_': 1.0, '_a1_': 1.0, '_a2_': 1.0, '_a6_': 1.0, '_a7_': 1.0}};{'d0': 0.02490583291941661};-280.569866449044;40.70264432096837
18151;-99.5822889035534;((x * (_a3_ + (((x + pow2(_a4_)) * x) * _a5_))) / (_a3_ * _a5_));{'d0': {'_a3_': 0.29614178676255826, '_a4_': 0.789847716659063, '_a5_': 0.5633373080474482, '_a0_': 1.0, '_a1_': 1.0, '_a2_': 1.0, '_a6_': 1.0, '_a7_': 1.0}};{'d0': 0.02490583291941661};-280.569866449044;40.70264432096837
18152;-99.5822889035534;((x * (_a3_ + (((x + pow2(_a4_)) * x) * _a5_))) / (_a3_ * _a5_));{'d0': {'_a3_': 0.29614178676255826, '_a4_': 0.789847716659063, '_a5_': 0.5633373080474482, '_a0_': 1.0, '_a1_': 1.0, '_a2_': 1.0, '_a6_': 1.0, '_a7_': 1.0}};{'d0': 0.02490583291941661};-280.569866449044;40.70264432096837
18153;-99.5822889035534;((x * (_a3_ + (((x + pow2(_a4_)) * x) * _a5_))) / (_a3_ * _a5_));{'d0': {'_a3_': 0.29614178676255826, '_a4_': 0.789847716659063, '_a5_': 0.5633373080474482, '_a0_': 1.0, '_a1_': 1.0, '_a2_': 1.0, '_a6_': 1.0, '_a7_': 1.0}};{'d0': 0.02490583291941661};-280.569866449044;40.70264432096837
18154;-99.5822889035534;((x * (_a3_ + (((x + pow2(_a4_)) * x) * _a5_))) / (_a3_ * _a5_));{'d0': {'_a3_': 0.29614178676255826, '_a4_': 0.789847716659063, '_a5_': 0.5633373080474482, '_a0_': 1.0, '_a1_': 1.0, '_a2_': 1.0, '_a6_': 1.0, '_a7_': 1.0}};{'d0': 0.02490583291941661};-280.569866449044;40.70264432096837
18155;-99.5822889035534;((x * (_a3_ + (((x + pow2(_a4_)) * x) * _a5_))) / (_a3_ * _a5_));{'d0': {'_a3_': 0.29614178676255826, '_a4_': 0.789847716659063, '_a5_': 0.5633373080474482, '_a0_': 1.0, '_a1_': 1.0, '_a2_': 1.0, '_a6_': 1.0, '_a7_': 1.0}};{'d0': 0.02490583291941661};-280.569866449044;40.70264432096837
18156;-99.5822889035534;((x * (_a3_ + (((x + pow2(_a4_)) * x) * _a5_))) / (_a3_ * _a5_));{'d0': {'_a3_': 0.29614178676255826, '_a4_': 0.789847716659063, '_a5_': 0.5633373080474482, '_a0_': 1.0, '_a1_': 1.0, '_a2_': 1.0, '_a6_': 1.0, '_a7_': 1.0}};{'d0': 0.02490583291941661};-280.569866449044;40.70264432096837
18157;-99.5822889035534;((x * (_a3_ + (((x + pow2(_a4_)) * x) * _a5_))) / (_a3_ * _a5_));{'d0': {'_a3_': 0.29614178676255826, '_a4_': 0.789847716659063, '_a5_': 0.5633373080474482, '_a0_': 1.0, '_a1_': 1.0, '_a2_': 1.0, '_a6_': 1.0, '_a7_': 1.0}};{'d0': 0.02490583291941661};-280.569866449044;40.70264432096837
18158;-99.5822889035534;((x * (_a3_ + (((x + pow2(_a4_)) * x) * _a5_))) / (_a3_ * _a5_));{'d0': {'_a3_': 0.29614178676255826, '_a4_': 0.789847716659063, '_a5_': 0.5633373080474482, '_a0_': 1.0, '_a1_': 1.0, '_a2_': 1.0, '_a6_': 1.0, '_a7_': 1.0}};{'d0': 0.02490583291941661};-280.569866449044;40.70264432096837
18159;-99.5822889035534;((x * (_a3_ + (((x + pow2(_a4_)) * x) * _a5_))) / (_a3_ * _a5_));{'d0': {'_a3_': 0.29614178676255826, '_a4_': 0.789847716659063, '_a5_': 0.5633373080474482, '_a0_': 1.0, '_a1_': 1.0, '_a2_': 1.0, '_a6_': 1.0, '_a7_': 1.0}};{'d0': 0.02490583291941661};-280.569866449044;40.70264432096837
18160;-99.5822889035534;((x * (_a3_ + (((x + pow2(_a4_)) * x) * _a5_))) / (_a3_ * _a5_));{'d0': {'_a3_': 0.29614178676255826, '_a4_': 0.789847716659063, '_a5_': 0.5633373080474482, '_a0_': 1.0, '_a1_': 1.0, '_a2_': 1.0, '_a6_': 1.0, '_a7_': 1.0}};{'d0': 0.02490583291941661};-280.569866449044;40.70264432096837
18161;-99.5822889035534;((x * (_a3_ + (((x + pow2(_a4_)) * x) * _a5_))) / (_a3_ * _a5_));{'d0': {'_a3_': 0.29614178676255826, '_a4_': 0.789847716659063, '_a5_': 0.5633373080474482, '_a0_': 1.0, '_a1_': 1.0, '_a2_': 1.0, '_a6_': 1.0, '_a7_': 1.0}};{'d0': 0.02490583291941661};-280.569866449044;40.70264432096837
18162;-99.5822889035534;((x * (_a3_ + (((x + pow2(_a4_)) * x) * _a5_))) / (_a3_ * _a5_));{'d0': {'_a3_': 0.29614178676255826, '_a4_': 0.789847716659063, '_a5_': 0.5633373080474482, '_a0_': 1.0, '_a1_': 1.0, '_a2_': 1.0, '_a6_': 1.0, '_a7_': 1.0}};{'d0': 0.02490583291941661};-280.569866449044;40.70264432096837
18163;-99.5822889035534;((x * (_a3_ + (((x + pow2(_a4_)) * x) * _a5_))) / (_a3_ * _a5_));{'d0': {'_a3_': 0.29614178676255826, '_a4_': 0.789847716659063, '_a5_': 0.5633373080474482, '_a0_': 1.0, '_a1_': 1.0, '_a2_': 1.0, '_a6_': 1.0, '_a7_': 1.0}};{'d0': 0.02490583291941661};-280.569866449044;40.70264432096837
18164;-99.5822889035534;((x * (_a3_ + (((x + pow2(_a4_)) * x) * _a5_))) / (_a3_ * _a5_));{'d0': {'_a3_': 0.29614178676255826, '_a4_': 0.789847716659063, '_a5_': 0.5633373080474482, '_a0_': 1.0, '_a1_': 1.0, '_a2_': 1.0, '_a6_': 1.0, '_a7_': 1.0}};{'d0': 0.02490583291941661};-280.569866449044;40.70264432096837
18165;-111.528956074287;(x * (_a7_ + pow2(((x + -(_a3_)) * _a6_))));{'d0': {'_a3_': -0.31192970784239066, '_a6_': -1.8375964953249075, '_a7_': 1.4465760890912667, '_a0_': 1.0, '_a1_': 1.0, '_a2_': 1.0, '_a4_': 1.0, '_a5_': 1.0}};{'d0': 0.02490583291941657};-280.569866449044;28.7559771502343
18166;-111.528956074287;(x * (_a7_ + pow2(((x + -(_a3_)) * _a6_))));{'d0': {'_a3_': -0.31192970784239066, '_a6_': -1.8375964953249075, '_a7_': 1.4465760890912667, '_a0_': 1.0, '_a1_': 1.0, '_a2_': 1.0, '_a4_': 1.0, '_a5_': 1.0}};{'d0': 0.02490583291941657};-280.569866449044;28.7559771502343
18167;-99.5822889035534;((x * (_a3_ + (((x + pow2(_a4_)) * x) * _a5_))) / (_a3_ * _a5_));{'d0': {'_a3_': 0.29614178676255826, '_a4_': 0.789847716659063, '_a5_': 0.5633373080474482, '_a0_': 1.0, '_a1_': 1.0, '_a2_': 1.0, '_a6_': 1.0, '_a7_': 1.0}};{'d0': 0.02490583291941661};-280.569866449044;40.70264432096837
18168;-99.5822889035534;((x * (_a3_ + (((x + pow2(_a4_)) * x) * _a5_))) / (_a3_ * _a5_));{'d0': {'_a3_': 0.29614178676255826, '_a4_': 0.789847716659063, '_a5_': 0.5633373080474482, '_a0_': 1.0, '_a1_': 1.0, '_a2_': 1.0, '_a6_': 1.0, '_a7_': 1.0}};{'d0': 0.02490583291941661};-280.569866449044;40.70264432096837
18169;-99.5822889035534;((x * (_a3_ + (((x + pow2(_a4_)) * x) * _a5_))) / (_a3_ * _a5_));{'d0': {'_a3_': 0.29614178676255826, '_a4_': 0.789847716659063, '_a5_': 0.5633373080474482, '_a0_': 1.0, '_a1_': 1.0, '_a2_': 1.0, '_a6_': 1.0, '_a7_': 1.0}};{'d0': 0.02490583291941661};-280.569866449044;40.70264432096837
18170;-99.5822889035534;((x * (_a3_ + (((x + pow2(_a4_)) * x) * _a5_))) / (_a3_ * _a5_));{'d0': {'_a3_': 0.29614178676255826, '_a4_': 0.789847716659063, '_a5_': 0.5633373080474482, '_a0_': 1.0, '_a1_': 1.0, '_a2_': 1.0, '_a6_': 1.0, '_a7_': 1.0}};{'d0': 0.02490583291941661};-280.569866449044;40.70264432096837
18171;-99.5822889035534;((x * (_a3_ + (((x + pow2(_a4_)) * x) * _a5_))) / (_a3_ * _a5_));{'d0': {'_a3_': 0.29614178676255826, '_a4_': 0.789847716659063, '_a5_': 0.5633373080474482, '_a0_': 1.0, '_a1_': 1.0, '_a2_': 1.0, '_a6_': 1.0, '_a7_': 1.0}};{'d0': 0.02490583291941661};-280.569866449044;40.70264432096837
18172;-99.5822889035534;((x * (_a3_ + (((x + pow2(_a4_)) * x) * _a5_))) / (_a3_ * _a5_));{'d0': {'_a3_': 0.29614178676255826, '_a4_': 0.789847716659063, '_a5_': 0.5633373080474482, '_a0_': 1.0, '_a1_': 1.0, '_a2_': 1.0, '_a6_': 1.0, '_a7_': 1.0}};{'d0': 0.02490583291941661};-280.569866449044;40.70264432096837
18173;-99.5822889035534;((x * (_a3_ + (((x + pow2(_a4_)) * x) * _a5_))) / (_a3_ * _a5_));{'d0': {'_a3_': 0.29614178676255826, '_a4_': 0.789847716659063, '_a5_': 0.5633373080474482, '_a0_': 1.0, '_a1_': 1.0, '_a2_': 1.0, '_a6_': 1.0, '_a7_': 1.0}};{'d0': 0.02490583291941661};-280.569866449044;40.70264432096837
18174;-99.5822889035534;((x * (_a3_ + (((x + pow2(_a4_)) * x) * _a5_))) / (_a3_ * _a5_));{'d0': {'_a3_': 0.29614178676255826, '_a4_': 0.789847716659063, '_a5_': 0.5633373080474482, '_a0_': 1.0, '_a1_': 1.0, '_a2_': 1.0, '_a6_': 1.0, '_a7_': 1.0}};{'d0': 0.02490583291941661};-280.569866449044;40.70264432096837
18175;-99.5822889035534;((x * (_a3_ + (((x + pow2(_a4_)) * x) * _a5_))) / (_a3_ * _a5_));{'d0': {'_a3_': 0.29614178676255826, '_a4_': 0.789847716659063, '_a5_': 0.5633373080474482, '_a0_': 1.0, '_a1_': 1.0, '_a2_': 1.0, '_a6_': 1.0, '_a7_': 1.0}};{'d0': 0.02490583291941661};-280.569866449044;40.70264432096837
18176;-99.5822889035534;((x * (_a3_ + (((x + pow2(_a4_)) * x) * _a5_))) / (_a3_ * _a5_));{'d0': {'_a3_': 0.29614178676255826, '_a4_': 0.789847716659063, '_a5_': 0.5633373080474482, '_a0_': 1.0, '_a1_': 1.0, '_a2_': 1.0, '_a6_': 1.0, '_a7_': 1.0}};{'d0': 0.02490583291941661};-280.569866449044;40.70264432096837
18177;-99.5822889035534;((x * (_a3_ + (((x + pow2(_a4_)) * x) * _a5_))) / (_a3_ * _a5_));{'d0': {'_a3_': 0.29614178676255826, '_a4_': 0.789847716659063, '_a5_': 0.5633373080474482, '_a0_': 1.0, '_a1_': 1.0, '_a2_': 1.0, '_a6_': 1.0, '_a7_': 1.0}};{'d0': 0.02490583291941661};-280.569866449044;40.70264432096837
18178;-99.5822889035534;((x * (_a3_ + (((x + pow2(_a4_)) * x) * _a5_))) / (_a3_ * _a5_));{'d0': {'_a3_': 0.29614178676255826, '_a4_': 0.789847716659063, '_a5_': 0.5633373080474482, '_a0_': 1.0, '_a1_': 1.0, '_a2_': 1.0, '_a6_': 1.0, '_a7_': 1.0}};{'d0': 0.02490583291941661};-280.569866449044;40.70264432096837
18179;-99.5822889035534;((x * (_a3_ + (((x + pow2(_a4_)) * x) * _a5_))) / (_a3_ * _a5_));{'d0': {'_a3_': 0.29614178676255826, '_a4_': 0.789847716659063, '_a5_': 0.5633373080474482, '_a0_': 1.0, '_a1_': 1.0, '_a2_': 1.0, '_a6_': 1.0, '_a7_': 1.0}};{'d0': 0.02490583291941661};-280.569866449044;40.70264432096837
18180;-99.5822889035534;((x * (_a3_ + (((x + pow2(_a4_)) * x) * _a5_))) / (_a3_ * _a5_));{'d0': {'_a3_': 0.29614178676255826, '_a4_': 0.789847716659063, '_a5_': 0.5633373080474482, '_a0_': 1.0, '_a1_': 1.0, '_a2_': 1.0, '_a6_': 1.0, '_a7_': 1.0}};{'d0': 0.02490583291941661};-280.569866449044;40.70264432096837
18181;-99.5822889035534;((x * (_a3_ + (((x + pow2(_a4_)) * x) * _a5_))) / (_a3_ * _a5_));{'d0': {'_a3_': 0.29614178676255826, '_a4_': 0.789847716659063, '_a5_': 0.5633373080474482, '_a0_': 1.0, '_a1_': 1.0, '_a2_': 1.0, '_a6_': 1.0, '_a7_': 1.0}};{'d0': 0.02490583291941661};-280.569866449044;40.70264432096837
18182;-99.5822889035534;((x * (_a3_ + (((x + pow2(_a4_)) * x) * _a5_))) / (_a3_ * _a5_));{'d0': {'_a3_': 0.29614178676255826, '_a4_': 0.789847716659063, '_a5_': 0.5633373080474482, '_a0_': 1.0, '_a1_': 1.0, '_a2_': 1.0, '_a6_': 1.0, '_a7_': 1.0}};{'d0': 0.02490583291941661};-280.569866449044;40.70264432096837
18183;-99.5822889035534;((x * (_a3_ + (((x + pow2(_a4_)) * x) * _a5_))) / (_a3_ * _a5_));{'d0': {'_a3_': 0.29614178676255826, '_a4_': 0.789847716659063, '_a5_': 0.5633373080474482, '_a0_': 1.0, '_a1_': 1.0, '_a2_': 1.0, '_a6_': 1.0, '_a7_': 1.0}};{'d0': 0.02490583291941661};-280.569866449044;40.70264432096837
18184;-99.5822889035534;((x * (_a3_ + (((x + pow2(_a4_)) * x) * _a5_))) / (_a3_ * _a5_));{'d0': {'_a3_': 0.29614178676255826, '_a4_': 0.789847716659063, '_a5_': 0.5633373080474482, '_a0_': 1.0, '_a1_': 1.0, '_a2_': 1.0, '_a6_': 1.0, '_a7_': 1.0}};{'d0': 0.02490583291941661};-280.569866449044;40.70264432096837
18185;-99.5822889035534;((x * (_a3_ + (((x + pow2(_a4_)) * x) * _a5_))) / (_a3_ * _a5_));{'d0': {'_a3_': 0.29614178676255826, '_a4_': 0.789847716659063, '_a5_': 0.5633373080474482, '_a0_': 1.0, '_a1_': 1.0, '_a2_': 1.0, '_a6_': 1.0, '_a7_': 1.0}};{'d0': 0.02490583291941661};-280.569866449044;40.70264432096837
18186;-99.5822889035534;((x * (_a3_ + (((x + pow2(_a4_)) * x) * _a5_))) / (_a3_ * _a5_));{'d0': {'_a3_': 0.29614178676255826, '_a4_': 0.789847716659063, '_a5_': 0.5633373080474482, '_a0_': 1.0, '_a1_': 1.0, '_a2_': 1.0, '_a6_': 1.0, '_a7_': 1.0}};{'d0': 0.02490583291941661};-280.569866449044;40.70264432096837
18187;-99.5822889035534;((x * (_a3_ + (((x + pow2(_a4_)) * x) * _a5_))) / (_a3_ * _a5_));{'d0': {'_a3_': 0.29614178676255826, '_a4_': 0.789847716659063, '_a5_': 0.5633373080474482, '_a0_': 1.0, '_a1_': 1.0, '_a2_': 1.0, '_a6_': 1.0, '_a7_': 1.0}};{'d0': 0.02490583291941661};-280.569866449044;40.70264432096837
18188;-99.5822889035534;((x * (_a3_ + (((x + pow2(_a4_)) * x) * _a5_))) / (_a3_ * _a5_));{'d0': {'_a3_': 0.29614178676255826, '_a4_': 0.789847716659063, '_a5_': 0.5633373080474482, '_a0_': 1.0, '_a1_': 1.0, '_a2_': 1.0, '_a6_': 1.0, '_a7_': 1.0}};{'d0': 0.02490583291941661};-280.569866449044;40.70264432096837
18189;-99.5822889035534;((x * (_a3_ + (((x + pow2(_a4_)) * x) * _a5_))) / (_a3_ * _a5_));{'d0': {'_a3_': 0.29614178676255826, '_a4_': 0.789847716659063, '_a5_': 0.5633373080474482, '_a0_': 1.0, '_a1_': 1.0, '_a2_': 1.0, '_a6_': 1.0, '_a7_': 1.0}};{'d0': 0.02490583291941661};-280.569866449044;40.70264432096837
18190;-99.5822889035534;((x * (_a3_ + (((x + pow2(_a4_)) * x) * _a5_))) / (_a3_ * _a5_));{'d0': {'_a3_': 0.29614178676255826, '_a4_': 0.789847716659063, '_a5_': 0.5633373080474482, '_a0_': 1.0, '_a1_': 1.0, '_a2_': 1.0, '_a6_': 1.0, '_a7_': 1.0}};{'d0': 0.02490583291941661};-280.569866449044;40.70264432096837
18191;-99.5822889035534;((x * (_a3_ + (((x + pow2(_a4_)) * x) * _a5_))) / (_a3_ * _a5_));{'d0': {'_a3_': 0.29614178676255826, '_a4_': 0.789847716659063, '_a5_': 0.5633373080474482, '_a0_': 1.0, '_a1_': 1.0, '_a2_': 1.0, '_a6_': 1.0, '_a7_': 1.0}};{'d0': 0.02490583291941661};-280.569866449044;40.70264432096837
18192;-99.5822889035534;((x * (_a3_ + (((x + pow2(_a4_)) * x) * _a5_))) / (_a3_ * _a5_));{'d0': {'_a3_': 0.29614178676255826, '_a4_': 0.789847716659063, '_a5_': 0.5633373080474482, '_a0_': 1.0, '_a1_': 1.0, '_a2_': 1.0, '_a6_': 1.0, '_a7_': 1.0}};{'d0': 0.02490583291941661};-280.569866449044;40.70264432096837
18193;-99.5822889035534;((x * (_a3_ + (((x + pow2(_a4_)) * x) * _a5_))) / (_a3_ * _a5_));{'d0': {'_a3_': 0.29614178676255826, '_a4_': 0.789847716659063, '_a5_': 0.5633373080474482, '_a0_': 1.0, '_a1_': 1.0, '_a2_': 1.0, '_a6_': 1.0, '_a7_': 1.0}};{'d0': 0.02490583291941661};-280.569866449044;40.70264432096837
18194;-105.710676995535;(x * (_a7_ + pow2(((x + (_a2_ / _a5_)) * pow2(_a5_)))));{'d0': {'_a2_': 0.42284559940188765, '_a5_': 1.3555797634228852, '_a7_': 1.4465760891315225, '_a0_': 1.0, '_a1_': 1.0, '_a3_': 1.0, '_a4_': 1.0, '_a6_': 1.0}};{'d0': 0.02490583291941666};-280.569866449044;34.574256228986314
18195;-105.710676995535;(x * (_a7_ + pow2(((x + (_a2_ / _a5_)) * pow2(_a5_)))));{'d0': {'_a2_': 0.42284559940188765, '_a5_': 1.3555797634228852, '_a7_': 1.4465760891315225, '_a0_': 1.0, '_a1_': 1.0, '_a3_': 1.0, '_a4_': 1.0, '_a6_': 1.0}};{'d0': 0.02490583291941666};-280.569866449044;34.574256228986314
18196;-105.710676995535;(x * (_a7_ + pow2(((x + (_a2_ / _a5_)) * pow2(_a5_)))));{'d0': {'_a2_': 0.42284559940188765, '_a5_': 1.3555797634228852, '_a7_': 1.4465760891315225, '_a0_': 1.0, '_a1_': 1.0, '_a3_': 1.0, '_a4_': 1.0, '_a6_': 1.0}};{'d0': 0.02490583291941666};-280.569866449044;34.574256228986314
18197;-105.710676995535;(x * (_a7_ + pow2(((x + (_a2_ / _a5_)) * pow2(_a5_)))));{'d0': {'_a2_': 0.42284559940188765, '_a5_': 1.3555797634228852, '_a7_': 1.4465760891315225, '_a0_': 1.0, '_a1_': 1.0, '_a3_': 1.0, '_a4_': 1.0, '_a6_': 1.0}};{'d0': 0.02490583291941666};-280.569866449044;34.574256228986314
18198;-105.710676995535;(x * (_a7_ + pow2(((x + (_a2_ / _a5_)) * pow2(_a5_)))));{'d0': {'_a2_': 0.42284559940188765, '_a5_': 1.3555797634228852, '_a7_': 1.4465760891315225, '_a0_': 1.0, '_a1_': 1.0, '_a3_': 1.0, '_a4_': 1.0, '_a6_': 1.0}};{'d0': 0.02490583291941666};-280.569866449044;34.574256228986314
18199;-105.710676995535;(x * (_a7_ + pow2(((x + (_a2_ / _a5_)) * pow2(_a5_)))));{'d0': {'_a2_': 0.42284559940188765, '_a5_': 1.3555797634228852, '_a7_': 1.4465760891315225, '_a0_': 1.0, '_a1_': 1.0, '_a3_': 1.0, '_a4_': 1.0, '_a6_': 1.0}};{'d0': 0.02490583291941666};-280.569866449044;34.574256228986314
18200;-105.710676995535;(x * (_a7_ + pow2(((x + (_a2_ / _a5_)) * pow2(_a5_)))));{'d0': {'_a2_': 0.42284559940188765, '_a5_': 1.3555797634228852, '_a7_': 1.4465760891315225, '_a0_': 1.0, '_a1_': 1.0, '_a3_': 1.0, '_a4_': 1.0, '_a6_': 1.0}};{'d0': 0.02490583291941666};-280.569866449044;34.574256228986314
18201;-105.710676995535;(x * (_a7_ + pow2(((x + (_a2_ / _a5_)) * pow2(_a5_)))));{'d0': {'_a2_': 0.42284559940188765, '_a5_': 1.3555797634228852, '_a7_': 1.4465760891315225, '_a0_': 1.0, '_a1_': 1.0, '_a3_': 1.0, '_a4_': 1.0, '_a6_': 1.0}};{'d0': 0.02490583291941666};-280.569866449044;34.574256228986314
18202;-105.710676995535;(x * (_a7_ + pow2(((x + (_a2_ / _a5_)) * pow2(_a5_)))));{'d0': {'_a2_': 0.42284559940188765, '_a5_': 1.3555797634228852, '_a7_': 1.4465760891315225, '_a0_': 1.0, '_a1_': 1.0, '_a3_': 1.0, '_a4_': 1.0, '_a6_': 1.0}};{'d0': 0.02490583291941666};-280.569866449044;34.574256228986314
18203;-98.6944060208632;((pow2((((x / _a3_) + _a5_) / _a7_)) + _a7_) * (_a3_ * (_a3_ * x)));{'d0': {'_a3_': 1.6304058241676969, '_a5_': 0.19132028553218305, '_a7_': 0.5441891093433905, '_a0_': 1.0, '_a1_': 1.0, '_a2_': 1.0, '_a4_': 1.0, '_a6_': 1.0}};{'d0': 0.024905832919416643};-280.569866449044;41.59052720365862
18204;-98.6944060208632;((pow2((((x / _a3_) + _a5_) / _a7_)) + _a7_) * (_a3_ * (_a3_ * x)));{'d0': {'_a3_': 1.6304058241676969, '_a5_': 0.19132028553218305, '_a7_': 0.5441891093433905, '_a0_': 1.0, '_a1_': 1.0, '_a2_': 1.0, '_a4_': 1.0, '_a6_': 1.0}};{'d0': 0.024905832919416643};-280.569866449044;41.59052720365862
18205;-98.6944060208632;((pow2((((x / _a3_) + _a5_) / _a7_)) + _a7_) * (_a3_ * (_a3_ * x)));{'d0': {'_a3_': 1.6304058241676969, '_a5_': 0.19132028553218305, '_a7_': 0.5441891093433905, '_a0_': 1.0, '_a1_': 1.0, '_a2_': 1.0, '_a4_': 1.0, '_a6_': 1.0}};{'d0': 0.024905832919416643};-280.569866449044;41.59052720365862
18206;-98.6944060208632;((pow2((((x / _a3_) + _a5_) / _a7_)) + _a7_) * (_a3_ * (_a3_ * x)));{'d0': {'_a3_': 1.6304058241676969, '_a5_': 0.19132028553218305, '_a7_': 0.5441891093433905, '_a0_': 1.0, '_a1_': 1.0, '_a2_': 1.0, '_a4_': 1.0, '_a6_': 1.0}};{'d0': 0.024905832919416643};-280.569866449044;41.59052720365862
18207;-105.710676995535;(x * (_a7_ + pow2(((x + (_a2_ / _a5_)) * pow2(_a5_)))));{'d0': {'_a2_': 0.42284559940188765, '_a5_': 1.3555797634228852, '_a7_': 1.4465760891315225, '_a0_': 1.0, '_a1_': 1.0, '_a3_': 1.0, '_a4_': 1.0, '_a6_': 1.0}};{'d0': 0.02490583291941666};-280.569866449044;34.574256228986314
18208;-105.710676995535;(x * (_a7_ + pow2(((x + (_a2_ / _a5_)) * pow2(_a5_)))));{'d0': {'_a2_': 0.42284559940188765, '_a5_': 1.3555797634228852, '_a7_': 1.4465760891315225, '_a0_': 1.0, '_a1_': 1.0, '_a3_': 1.0, '_a4_': 1.0, '_a6_': 1.0}};{'d0': 0.02490583291941666};-280.569866449044;34.574256228986314
18209;-105.710676995535;(x * (_a7_ + pow2(((x + (_a2_ / _a5_)) * pow2(_a5_)))));{'d0': {'_a2_': 0.42284559940188765, '_a5_': 1.3555797634228852, '_a7_': 1.4465760891315225, '_a0_': 1.0, '_a1_': 1.0, '_a3_': 1.0, '_a4_': 1.0, '_a6_': 1.0}};{'d0': 0.02490583291941666};-280.569866449044;34.574256228986314
18210;-105.710676995535;(x * (_a7_ + pow2(((x + (_a2_ / _a5_)) * pow2(_a5_)))));{'d0': {'_a2_': 0.42284559940188765, '_a5_': 1.3555797634228852, '_a7_': 1.4465760891315225, '_a0_': 1.0, '_a1_': 1.0, '_a3_': 1.0, '_a4_': 1.0, '_a6_': 1.0}};{'d0': 0.02490583291941666};-280.569866449044;34.574256228986314
18211;-105.710676995535;(x * (_a7_ + pow2(((x + (_a2_ / _a5_)) * pow2(_a5_)))));{'d0': {'_a2_': 0.42284559940188765, '_a5_': 1.3555797634228852, '_a7_': 1.4465760891315225, '_a0_': 1.0, '_a1_': 1.0, '_a3_': 1.0, '_a4_': 1.0, '_a6_': 1.0}};{'d0': 0.02490583291941666};-280.569866449044;34.574256228986314
18212;-105.710676995535;(x * (_a7_ + pow2(((x + (_a2_ / _a5_)) * pow2(_a5_)))));{'d0': {'_a2_': 0.42284559940188765, '_a5_': 1.3555797634228852, '_a7_': 1.4465760891315225, '_a0_': 1.0, '_a1_': 1.0, '_a3_': 1.0, '_a4_': 1.0, '_a6_': 1.0}};{'d0': 0.02490583291941666};-280.569866449044;34.574256228986314
18213;-105.710676995535;(x * (_a7_ + pow2(((x + (_a2_ / _a5_)) * pow2(_a5_)))));{'d0': {'_a2_': 0.42284559940188765, '_a5_': 1.3555797634228852, '_a7_': 1.4465760891315225, '_a0_': 1.0, '_a1_': 1.0, '_a3_': 1.0, '_a4_': 1.0, '_a6_': 1.0}};{'d0': 0.02490583291941666};-280.569866449044;34.574256228986314
18214;-105.710676995535;(x * (_a7_ + pow2(((x + (_a2_ / _a5_)) * pow2(_a5_)))));{'d0': {'_a2_': 0.42284559940188765, '_a5_': 1.3555797634228852, '_a7_': 1.4465760891315225, '_a0_': 1.0, '_a1_': 1.0, '_a3_': 1.0, '_a4_': 1.0, '_a6_': 1.0}};{'d0': 0.02490583291941666};-280.569866449044;34.574256228986314
18215;-105.710676995535;(x * (_a7_ + pow2(((x + (_a2_ / _a5_)) * pow2(_a5_)))));{'d0': {'_a2_': 0.42284559940188765, '_a5_': 1.3555797634228852, '_a7_': 1.4465760891315225, '_a0_': 1.0, '_a1_': 1.0, '_a3_': 1.0, '_a4_': 1.0, '_a6_': 1.0}};{'d0': 0.02490583291941666};-280.569866449044;34.574256228986314
18216;-105.710676995535;(x * (_a7_ + pow2(((x + (_a2_ / _a5_)) * pow2(_a5_)))));{'d0': {'_a2_': 0.42284559940188765, '_a5_': 1.3555797634228852, '_a7_': 1.4465760891315225, '_a0_': 1.0, '_a1_': 1.0, '_a3_': 1.0, '_a4_': 1.0, '_a6_': 1.0}};{'d0': 0.02490583291941666};-280.569866449044;34.574256228986314
18217;-105.710676995535;(x * (_a7_ + pow2(((x + (_a2_ / _a5_)) * pow2(_a5_)))));{'d0': {'_a2_': 0.42284559940188765, '_a5_': 1.3555797634228852, '_a7_': 1.4465760891315225, '_a0_': 1.0, '_a1_': 1.0, '_a3_': 1.0, '_a4_': 1.0, '_a6_': 1.0}};{'d0': 0.02490583291941666};-280.569866449044;34.574256228986314
18218;-107.813034289328;(x * (_a7_ + pow2(((x + pow2(_a1_)) * pow2(_a5_)))));{'d0': {'_a1_': 0.5585066765382386, '_a5_': 1.355579763474487, '_a7_': 1.4465760889537334, '_a0_': 1.0, '_a2_': 1.0, '_a3_': 1.0, '_a4_': 1.0, '_a6_': 1.0}};{'d0': 0.024905832919416705};-280.569866449043;32.47189893519391
18219;-107.813034289328;(x * (_a7_ + pow2(((x + pow2(_a1_)) * pow2(_a5_)))));{'d0': {'_a1_': 0.5585066765382386, '_a5_': 1.355579763474487, '_a7_': 1.4465760889537334, '_a0_': 1.0, '_a2_': 1.0, '_a3_': 1.0, '_a4_': 1.0, '_a6_': 1.0}};{'d0': 0.024905832919416705};-280.569866449043;32.47189893519391
18220;-107.813034289328;(x * (_a7_ + pow2(((x + pow2(_a1_)) * pow2(_a5_)))));{'d0': {'_a1_': 0.5585066765382386, '_a5_': 1.355579763474487, '_a7_': 1.4465760889537334, '_a0_': 1.0, '_a2_': 1.0, '_a3_': 1.0, '_a4_': 1.0, '_a6_': 1.0}};{'d0': 0.024905832919416705};-280.569866449043;32.47189893519391
18221;-107.813034289328;(x * (_a7_ + pow2(((x + pow2(_a1_)) * pow2(_a5_)))));{'d0': {'_a1_': 0.5585066765382386, '_a5_': 1.355579763474487, '_a7_': 1.4465760889537334, '_a0_': 1.0, '_a2_': 1.0, '_a3_': 1.0, '_a4_': 1.0, '_a6_': 1.0}};{'d0': 0.024905832919416705};-280.569866449043;32.47189893519391
18222;-107.813034289328;(x * (_a7_ + pow2(((x + pow2(_a1_)) * pow2(_a5_)))));{'d0': {'_a1_': 0.5585066765382386, '_a5_': 1.355579763474487, '_a7_': 1.4465760889537334, '_a0_': 1.0, '_a2_': 1.0, '_a3_': 1.0, '_a4_': 1.0, '_a6_': 1.0}};{'d0': 0.024905832919416705};-280.569866449043;32.47189893519391
18223;-107.813034289328;(x * (_a7_ + pow2(((x + pow2(_a1_)) * pow2(_a5_)))));{'d0': {'_a1_': 0.5585066765382386, '_a5_': 1.355579763474487, '_a7_': 1.4465760889537334, '_a0_': 1.0, '_a2_': 1.0, '_a3_': 1.0, '_a4_': 1.0, '_a6_': 1.0}};{'d0': 0.024905832919416705};-280.569866449043;32.47189893519391
18224;-107.813034289328;(x * (_a7_ + pow2(((x + pow2(_a1_)) * pow2(_a5_)))));{'d0': {'_a1_': 0.5585066765382386, '_a5_': 1.355579763474487, '_a7_': 1.4465760889537334, '_a0_': 1.0, '_a2_': 1.0, '_a3_': 1.0, '_a4_': 1.0, '_a6_': 1.0}};{'d0': 0.024905832919416705};-280.569866449043;32.47189893519391
18225;-107.813034289328;(x * (_a7_ + pow2(((x + pow2(_a1_)) * pow2(_a5_)))));{'d0': {'_a1_': 0.5585066765382386, '_a5_': 1.355579763474487, '_a7_': 1.4465760889537334, '_a0_': 1.0, '_a2_': 1.0, '_a3_': 1.0, '_a4_': 1.0, '_a6_': 1.0}};{'d0': 0.024905832919416705};-280.569866449043;32.47189893519391
18226;-107.813034289328;(x * (_a7_ + pow2(((x + pow2(_a1_)) * pow2(_a5_)))));{'d0': {'_a1_': 0.5585066765382386, '_a5_': 1.355579763474487, '_a7_': 1.4465760889537334, '_a0_': 1.0, '_a2_': 1.0, '_a3_': 1.0, '_a4_': 1.0, '_a6_': 1.0}};{'d0': 0.024905832919416705};-280.569866449043;32.47189893519391
18227;-107.813034289328;(x * (_a7_ + pow2(((x + pow2(_a1_)) * pow2(_a5_)))));{'d0': {'_a1_': 0.5585066765382386, '_a5_': 1.355579763474487, '_a7_': 1.4465760889537334, '_a0_': 1.0, '_a2_': 1.0, '_a3_': 1.0, '_a4_': 1.0, '_a6_': 1.0}};{'d0': 0.024905832919416705};-280.569866449043;32.47189893519391
18228;-107.813034289328;(x * (_a7_ + pow2(((x + pow2(_a1_)) * pow2(_a5_)))));{'d0': {'_a1_': 0.5585066765382386, '_a5_': 1.355579763474487, '_a7_': 1.4465760889537334, '_a0_': 1.0, '_a2_': 1.0, '_a3_': 1.0, '_a4_': 1.0, '_a6_': 1.0}};{'d0': 0.024905832919416705};-280.569866449043;32.47189893519391
18229;-107.813034289328;(x * (_a7_ + pow2(((x + pow2(_a1_)) * pow2(_a5_)))));{'d0': {'_a1_': 0.5585066765382386, '_a5_': 1.355579763474487, '_a7_': 1.4465760889537334, '_a0_': 1.0, '_a2_': 1.0, '_a3_': 1.0, '_a4_': 1.0, '_a6_': 1.0}};{'d0': 0.024905832919416705};-280.569866449043;32.47189893519391
18230;-107.813034289328;(x * (_a7_ + pow2(((x + pow2(_a1_)) * pow2(_a5_)))));{'d0': {'_a1_': 0.5585066765382386, '_a5_': 1.355579763474487, '_a7_': 1.4465760889537334, '_a0_': 1.0, '_a2_': 1.0, '_a3_': 1.0, '_a4_': 1.0, '_a6_': 1.0}};{'d0': 0.024905832919416705};-280.569866449043;32.47189893519391
18231;-107.813034289328;(x * (_a7_ + pow2(((x + pow2(_a1_)) * pow2(_a5_)))));{'d0': {'_a1_': 0.5585066765382386, '_a5_': 1.355579763474487, '_a7_': 1.4465760889537334, '_a0_': 1.0, '_a2_': 1.0, '_a3_': 1.0, '_a4_': 1.0, '_a6_': 1.0}};{'d0': 0.024905832919416705};-280.569866449043;32.47189893519391
18232;-107.813034289328;(x * (_a7_ + pow2(((x + pow2(_a1_)) * pow2(_a5_)))));{'d0': {'_a1_': 0.5585066765382386, '_a5_': 1.355579763474487, '_a7_': 1.4465760889537334, '_a0_': 1.0, '_a2_': 1.0, '_a3_': 1.0, '_a4_': 1.0, '_a6_': 1.0}};{'d0': 0.024905832919416705};-280.569866449043;32.47189893519391
18233;-99.5822889035534;((pow2((((x / _a3_) + _a5_) * _a3_)) + _a7_) * (_a3_ * (_a3_ * x)));{'d0': {'_a3_': 1.837596493928357, '_a5_': 0.1697487500226026, '_a7_': 0.4283916286704827, '_a0_': 1.0, '_a1_': 1.0, '_a2_': 1.0, '_a4_': 1.0, '_a6_': 1.0}};{'d0': 0.024905832919416657};-280.569866449044;40.70264432096842
18234;-99.5822889035533;((pow2((((x / _a3_) + _a5_) * _a3_)) + _a7_) * (_a3_ * (_a7_ * x)));{'d0': {'_a3_': 7.882415690511947, '_a5_': 0.039572856840277226, '_a7_': 0.42839162694883176, '_a0_': 1.0, '_a1_': 1.0, '_a2_': 1.0, '_a4_': 1.0, '_a6_': 1.0}};{'d0': 0.024905832919416674};-280.569866449043;40.70264432096842
18235;-99.5822889035533;((pow2((((x / _a3_) + _a5_) * _a3_)) + _a7_) * (_a3_ * (_a7_ * x)));{'d0': {'_a3_': 7.882415690511947, '_a5_': 0.039572856840277226, '_a7_': 0.42839162694883176, '_a0_': 1.0, '_a1_': 1.0, '_a2_': 1.0, '_a4_': 1.0, '_a6_': 1.0}};{'d0': 0.024905832919416674};-280.569866449043;40.70264432096842
18236;-99.5822889035533;((pow2((((x / _a3_) + _a5_) * _a3_)) + _a7_) * (_a3_ * (_a7_ * x)));{'d0': {'_a3_': 7.882415690511947, '_a5_': 0.039572856840277226, '_a7_': 0.42839162694883176, '_a0_': 1.0, '_a1_': 1.0, '_a2_': 1.0, '_a4_': 1.0, '_a6_': 1.0}};{'d0': 0.024905832919416674};-280.569866449043;40.70264432096842
18237;-107.813034289328;(x * (_a7_ + pow2(((x + pow2(_a1_)) * pow2(_a5_)))));{'d0': {'_a1_': 0.5585066765382386, '_a5_': 1.355579763474487, '_a7_': 1.4465760889537334, '_a0_': 1.0, '_a2_': 1.0, '_a3_': 1.0, '_a4_': 1.0, '_a6_': 1.0}};{'d0': 0.024905832919416705};-280.569866449043;32.47189893519391
18238;-107.813034289328;(x * (_a7_ + pow2(((x + pow2(_a1_)) * pow2(_a5_)))));{'d0': {'_a1_': 0.5585066765382386, '_a5_': 1.355579763474487, '_a7_': 1.4465760889537334, '_a0_': 1.0, '_a2_': 1.0, '_a3_': 1.0, '_a4_': 1.0, '_a6_': 1.0}};{'d0': 0.024905832919416705};-280.569866449043;32.47189893519391
18239;-107.813034289328;(x * (_a7_ + pow2(((x + pow2(_a1_)) * pow2(_a5_)))));{'d0': {'_a1_': 0.5585066765382386, '_a5_': 1.355579763474487, '_a7_': 1.4465760889537334, '_a0_': 1.0, '_a2_': 1.0, '_a3_': 1.0, '_a4_': 1.0, '_a6_': 1.0}};{'d0': 0.024905832919416705};-280.569866449043;32.47189893519391
18240;-107.813034289328;(x * (_a7_ + pow2(((x + pow2(_a1_)) * pow2(_a5_)))));{'d0': {'_a1_': 0.5585066765382386, '_a5_': 1.355579763474487, '_a7_': 1.4465760889537334, '_a0_': 1.0, '_a2_': 1.0, '_a3_': 1.0, '_a4_': 1.0, '_a6_': 1.0}};{'d0': 0.024905832919416705};-280.569866449043;32.47189893519391
18241;-107.813034289328;(x * (_a7_ + pow2(((x + pow2(_a1_)) * pow2(_a5_)))));{'d0': {'_a1_': 0.5585066765382386, '_a5_': 1.355579763474487, '_a7_': 1.4465760889537334, '_a0_': 1.0, '_a2_': 1.0, '_a3_': 1.0, '_a4_': 1.0, '_a6_': 1.0}};{'d0': 0.024905832919416705};-280.569866449043;32.47189893519391
18242;-99.5822889035534;((x * (_a3_ + (((x + pow2(_a4_)) * x) * _a5_))) / (_a3_ * _a5_));{'d0': {'_a3_': 0.29614178676255826, '_a4_': 0.789847716659063, '_a5_': 0.5633373080474482, '_a0_': 1.0, '_a1_': 1.0, '_a2_': 1.0, '_a6_': 1.0, '_a7_': 1.0}};{'d0': 0.02490583291941661};-280.569866449044;40.70264432096837
18243;-99.5822889035534;((x * (_a3_ + (((x + pow2(_a4_)) * x) * _a5_))) / (_a3_ * _a5_));{'d0': {'_a3_': 0.29614178676255826, '_a4_': 0.789847716659063, '_a5_': 0.5633373080474482, '_a0_': 1.0, '_a1_': 1.0, '_a2_': 1.0, '_a6_': 1.0, '_a7_': 1.0}};{'d0': 0.02490583291941661};-280.569866449044;40.70264432096837
18244;-99.5822889035534;((x * (_a3_ + (((x + pow2(_a4_)) * x) * _a5_))) / (_a3_ * _a5_));{'d0': {'_a3_': 0.29614178676255826, '_a4_': 0.789847716659063, '_a5_': 0.5633373080474482, '_a0_': 1.0, '_a1_': 1.0, '_a2_': 1.0, '_a6_': 1.0, '_a7_': 1.0}};{'d0': 0.02490583291941661};-280.569866449044;40.70264432096837
18245;-99.5822889035534;((x * (_a3_ + (((x + pow2(_a4_)) * x) * _a5_))) / (_a3_ * _a5_));{'d0': {'_a3_': 0.29614178676255826, '_a4_': 0.789847716659063, '_a5_': 0.5633373080474482, '_a0_': 1.0, '_a1_': 1.0, '_a2_': 1.0, '_a6_': 1.0, '_a7_': 1.0}};{'d0': 0.02490583291941661};-280.569866449044;40.70264432096837
18246;-99.5822889035534;((x * (_a3_ + (((x + pow2(_a4_)) * x) * _a5_))) / (_a3_ * _a5_));{'d0': {'_a3_': 0.29614178676255826, '_a4_': 0.789847716659063, '_a5_': 0.5633373080474482, '_a0_': 1.0, '_a1_': 1.0, '_a2_': 1.0, '_a6_': 1.0, '_a7_': 1.0}};{'d0': 0.02490583291941661};-280.569866449044;40.70264432096837
18247;-99.5822889035534;((x * (_a3_ + (((x + pow2(_a4_)) * x) * _a5_))) / (_a3_ * _a5_));{'d0': {'_a3_': 0.29614178676255826, '_a4_': 0.789847716659063, '_a5_': 0.5633373080474482, '_a0_': 1.0, '_a1_': 1.0, '_a2_': 1.0, '_a6_': 1.0, '_a7_': 1.0}};{'d0': 0.02490583291941661};-280.569866449044;40.70264432096837
18248;-99.5822889035534;((x * (_a3_ + (((x + pow2(_a4_)) * x) * _a5_))) / (_a3_ * _a5_));{'d0': {'_a3_': 0.29614178676255826, '_a4_': 0.789847716659063, '_a5_': 0.5633373080474482, '_a0_': 1.0, '_a1_': 1.0, '_a2_': 1.0, '_a6_': 1.0, '_a7_': 1.0}};{'d0': 0.02490583291941661};-280.569866449044;40.70264432096837
18249;-99.5822889035534;((x * (_a3_ + (((x + pow2(_a4_)) * x) * _a5_))) / (_a3_ * _a5_));{'d0': {'_a3_': 0.29614178676255826, '_a4_': 0.789847716659063, '_a5_': 0.5633373080474482, '_a0_': 1.0, '_a1_': 1.0, '_a2_': 1.0, '_a6_': 1.0, '_a7_': 1.0}};{'d0': 0.02490583291941661};-280.569866449044;40.70264432096837
18250;-107.813034289328;(x * (_a7_ + pow2(((x + pow2(_a1_)) * pow2(_a5_)))));{'d0': {'_a1_': 0.5585066765382386, '_a5_': 1.355579763474487, '_a7_': 1.4465760889537334, '_a0_': 1.0, '_a2_': 1.0, '_a3_': 1.0, '_a4_': 1.0, '_a6_': 1.0}};{'d0': 0.024905832919416705};-280.569866449043;32.47189893519391
18251;-107.813034289328;(x * (_a7_ + pow2(((x + pow2(_a1_)) * pow2(_a5_)))));{'d0': {'_a1_': 0.5585066765382386, '_a5_': 1.355579763474487, '_a7_': 1.4465760889537334, '_a0_': 1.0, '_a2_': 1.0, '_a3_': 1.0, '_a4_': 1.0, '_a6_': 1.0}};{'d0': 0.024905832919416705};-280.569866449043;32.47189893519391
18252;-107.813034289328;(x * (_a7_ + pow2(((x + pow2(_a1_)) * pow2(_a5_)))));{'d0': {'_a1_': 0.5585066765382386, '_a5_': 1.355579763474487, '_a7_': 1.4465760889537334, '_a0_': 1.0, '_a2_': 1.0, '_a3_': 1.0, '_a4_': 1.0, '_a6_': 1.0}};{'d0': 0.024905832919416705};-280.569866449043;32.47189893519391
18253;-107.813034289328;(x * (_a7_ + pow2(((x + pow2(_a1_)) * pow2(_a5_)))));{'d0': {'_a1_': 0.5585066765382386, '_a5_': 1.355579763474487, '_a7_': 1.4465760889537334, '_a0_': 1.0, '_a2_': 1.0, '_a3_': 1.0, '_a4_': 1.0, '_a6_': 1.0}};{'d0': 0.024905832919416705};-280.569866449043;32.47189893519391
18254;-107.813034289328;(x * (_a7_ + pow2(((x + pow2(_a1_)) * pow2(_a5_)))));{'d0': {'_a1_': 0.5585066765382386, '_a5_': 1.355579763474487, '_a7_': 1.4465760889537334, '_a0_': 1.0, '_a2_': 1.0, '_a3_': 1.0, '_a4_': 1.0, '_a6_': 1.0}};{'d0': 0.024905832919416705};-280.569866449043;32.47189893519391
18255;-107.813034289328;(x * (_a7_ + pow2(((x + pow2(_a1_)) * pow2(_a5_)))));{'d0': {'_a1_': 0.5585066765382386, '_a5_': 1.355579763474487, '_a7_': 1.4465760889537334, '_a0_': 1.0, '_a2_': 1.0, '_a3_': 1.0, '_a4_': 1.0, '_a6_': 1.0}};{'d0': 0.024905832919416705};-280.569866449043;32.47189893519391
18256;-107.813034289328;(x * (_a7_ + pow2(((x + pow2(_a1_)) * pow2(_a5_)))));{'d0': {'_a1_': 0.5585066765382386, '_a5_': 1.355579763474487, '_a7_': 1.4465760889537334, '_a0_': 1.0, '_a2_': 1.0, '_a3_': 1.0, '_a4_': 1.0, '_a6_': 1.0}};{'d0': 0.024905832919416705};-280.569866449043;32.47189893519391
18257;-107.813034289328;(x * (_a7_ + pow2(((x + pow2(_a1_)) * pow2(_a5_)))));{'d0': {'_a1_': 0.5585066765382386, '_a5_': 1.355579763474487, '_a7_': 1.4465760889537334, '_a0_': 1.0, '_a2_': 1.0, '_a3_': 1.0, '_a4_': 1.0, '_a6_': 1.0}};{'d0': 0.024905832919416705};-280.569866449043;32.47189893519391
18258;-107.813034289328;(x * (_a7_ + pow2(((x + pow2(_a1_)) * pow2(_a5_)))));{'d0': {'_a1_': 0.5585066765382386, '_a5_': 1.355579763474487, '_a7_': 1.4465760889537334, '_a0_': 1.0, '_a2_': 1.0, '_a3_': 1.0, '_a4_': 1.0, '_a6_': 1.0}};{'d0': 0.024905832919416705};-280.569866449043;32.47189893519391
18259;-107.813034289328;(x * (_a7_ + pow2(((x + pow2(_a1_)) * pow2(_a5_)))));{'d0': {'_a1_': 0.5585066765382386, '_a5_': 1.355579763474487, '_a7_': 1.4465760889537334, '_a0_': 1.0, '_a2_': 1.0, '_a3_': 1.0, '_a4_': 1.0, '_a6_': 1.0}};{'d0': 0.024905832919416705};-280.569866449043;32.47189893519391
18260;-107.813034289328;(x * (_a7_ + pow2(((x + pow2(_a1_)) * pow2(_a5_)))));{'d0': {'_a1_': 0.5585066765382386, '_a5_': 1.355579763474487, '_a7_': 1.4465760889537334, '_a0_': 1.0, '_a2_': 1.0, '_a3_': 1.0, '_a4_': 1.0, '_a6_': 1.0}};{'d0': 0.024905832919416705};-280.569866449043;32.47189893519391
18261;-107.813034289328;(x * (_a7_ + pow2(((x + pow2(_a1_)) * pow2(_a5_)))));{'d0': {'_a1_': 0.5585066765382386, '_a5_': 1.355579763474487, '_a7_': 1.4465760889537334, '_a0_': 1.0, '_a2_': 1.0, '_a3_': 1.0, '_a4_': 1.0, '_a6_': 1.0}};{'d0': 0.024905832919416705};-280.569866449043;32.47189893519391
18262;-107.813034289328;(x * (_a7_ + pow2(((x + pow2(_a1_)) * pow2(_a5_)))));{'d0': {'_a1_': 0.5585066765382386, '_a5_': 1.355579763474487, '_a7_': 1.4465760889537334, '_a0_': 1.0, '_a2_': 1.0, '_a3_': 1.0, '_a4_': 1.0, '_a6_': 1.0}};{'d0': 0.024905832919416705};-280.569866449043;32.47189893519391
18263;-103.159914093536;((_a0_ + ((x * ((_a0_ * _a0_) + x)) + _a6_)) * (x * _a7_));{'d0': {'_a0_': -0.7898477166839857, '_a6_': 1.31553948680411, '_a7_': 3.3767608795707607, '_a1_': 1.0, '_a2_': 1.0, '_a3_': 1.0, '_a4_': 1.0, '_a5_': 1.0}};{'d0': 0.02490583291941662};-280.569866449044;37.125019130986004
18264;-103.159914093536;((_a0_ + ((x * ((_a0_ * _a0_) + x)) + _a6_)) * (x * _a7_));{'d0': {'_a0_': -0.7898477166839857, '_a6_': 1.31553948680411, '_a7_': 3.3767608795707607, '_a1_': 1.0, '_a2_': 1.0, '_a3_': 1.0, '_a4_': 1.0, '_a5_': 1.0}};{'d0': 0.02490583291941662};-280.569866449044;37.125019130986004
18265;-103.159914093536;((_a7_ + ((x * ((_a0_ * _a0_) + x)) + _a6_)) * (x * _a7_));{'d0': {'_a0_': -0.7898477166867731, '_a6_': -2.851069110320553, '_a7_': 3.3767608802946802, '_a1_': 1.0, '_a2_': 1.0, '_a3_': 1.0, '_a4_': 1.0, '_a5_': 1.0}};{'d0': 0.024905832919416587};-280.569866449044;37.125019130986004
18266;-103.159914093536;((_a7_ + ((x * ((_a0_ * _a0_) + x)) + _a6_)) * (x * _a7_));{'d0': {'_a0_': -0.7898477166867731, '_a6_': -2.851069110320553, '_a7_': 3.3767608802946802, '_a1_': 1.0, '_a2_': 1.0, '_a3_': 1.0, '_a4_': 1.0, '_a5_': 1.0}};{'d0': 0.024905832919416587};-280.569866449044;37.125019130986004
18267;-103.159914093536;((_a7_ + ((x * ((_a0_ * _a0_) + x)) + _a6_)) * (x * _a7_));{'d0': {'_a0_': -0.7898477166867731, '_a6_': -2.851069110320553, '_a7_': 3.3767608802946802, '_a1_': 1.0, '_a2_': 1.0, '_a3_': 1.0, '_a4_': 1.0, '_a5_': 1.0}};{'d0': 0.024905832919416587};-280.569866449044;37.125019130986004
18268;-103.159914093536;((_a7_ + ((x * ((_a0_ * _a0_) + x)) + _a6_)) * (x * _a7_));{'d0': {'_a0_': -0.7898477166867731, '_a6_': -2.851069110320553, '_a7_': 3.3767608802946802, '_a1_': 1.0, '_a2_': 1.0, '_a3_': 1.0, '_a4_': 1.0, '_a5_': 1.0}};{'d0': 0.024905832919416587};-280.569866449044;37.125019130986004
18269;-103.159914093536;((_a7_ + ((x * ((_a0_ * _a0_) + x)) + _a6_)) * (x * _a7_));{'d0': {'_a0_': -0.7898477166867731, '_a6_': -2.851069110320553, '_a7_': 3.3767608802946802, '_a1_': 1.0, '_a2_': 1.0, '_a3_': 1.0, '_a4_': 1.0, '_a5_': 1.0}};{'d0': 0.024905832919416587};-280.569866449044;37.125019130986004
18270;-103.159914093536;((_a7_ + ((x * ((_a0_ * _a0_) + x)) + _a6_)) * (x * _a7_));{'d0': {'_a0_': -0.7898477166867731, '_a6_': -2.851069110320553, '_a7_': 3.3767608802946802, '_a1_': 1.0, '_a2_': 1.0, '_a3_': 1.0, '_a4_': 1.0, '_a5_': 1.0}};{'d0': 0.024905832919416587};-280.569866449044;37.125019130986004
18271;-103.159914093536;((_a7_ + ((x * ((_a0_ * _a0_) + x)) + _a6_)) * (x * _a7_));{'d0': {'_a0_': -0.7898477166867731, '_a6_': -2.851069110320553, '_a7_': 3.3767608802946802, '_a1_': 1.0, '_a2_': 1.0, '_a3_': 1.0, '_a4_': 1.0, '_a5_': 1.0}};{'d0': 0.024905832919416587};-280.569866449044;37.125019130986004
18272;-103.159914093536;((_a7_ + ((x * ((_a0_ * _a0_) + x)) + _a6_)) * (x * _a7_));{'d0': {'_a0_': -0.7898477166867731, '_a6_': -2.851069110320553, '_a7_': 3.3767608802946802, '_a1_': 1.0, '_a2_': 1.0, '_a3_': 1.0, '_a4_': 1.0, '_a5_': 1.0}};{'d0': 0.024905832919416587};-280.569866449044;37.125019130986004
18273;-103.159914093536;((_a7_ + ((x * ((_a0_ * _a0_) + x)) + _a6_)) * (x * _a7_));{'d0': {'_a0_': -0.7898477166867731, '_a6_': -2.851069110320553, '_a7_': 3.3767608802946802, '_a1_': 1.0, '_a2_': 1.0, '_a3_': 1.0, '_a4_': 1.0, '_a5_': 1.0}};{'d0': 0.024905832919416587};-280.569866449044;37.125019130986004
18274;-103.159914093536;((_a7_ + ((x * ((_a0_ * _a0_) + x)) + _a6_)) * (x * _a7_));{'d0': {'_a0_': -0.7898477166867731, '_a6_': -2.851069110320553, '_a7_': 3.3767608802946802, '_a1_': 1.0, '_a2_': 1.0, '_a3_': 1.0, '_a4_': 1.0, '_a5_': 1.0}};{'d0': 0.024905832919416587};-280.569866449044;37.125019130986004
18275;-103.159914093536;((_a7_ + ((x * ((_a0_ * _a0_) + x)) + _a6_)) * (x * _a7_));{'d0': {'_a0_': -0.7898477166867731, '_a6_': -2.851069110320553, '_a7_': 3.3767608802946802, '_a1_': 1.0, '_a2_': 1.0, '_a3_': 1.0, '_a4_': 1.0, '_a5_': 1.0}};{'d0': 0.024905832919416587};-280.569866449044;37.125019130986004
18276;-103.159914093536;((_a7_ + ((x * ((_a0_ * _a0_) + x)) + _a6_)) * (x * _a7_));{'d0': {'_a0_': -0.7898477166867731, '_a6_': -2.851069110320553, '_a7_': 3.3767608802946802, '_a1_': 1.0, '_a2_': 1.0, '_a3_': 1.0, '_a4_': 1.0, '_a5_': 1.0}};{'d0': 0.024905832919416587};-280.569866449044;37.125019130986004
18277;-107.813034289328;(x * (_a7_ + pow2(((x + pow2(_a1_)) * pow2(_a5_)))));{'d0': {'_a1_': 0.5585066765382386, '_a5_': 1.355579763474487, '_a7_': 1.4465760889537334, '_a0_': 1.0, '_a2_': 1.0, '_a3_': 1.0, '_a4_': 1.0, '_a6_': 1.0}};{'d0': 0.024905832919416705};-280.569866449043;32.47189893519391
18278;-107.813034289328;(x * (_a7_ + pow2(((x + pow2(_a1_)) * pow2(_a5_)))));{'d0': {'_a1_': 0.5585066765382386, '_a5_': 1.355579763474487, '_a7_': 1.4465760889537334, '_a0_': 1.0, '_a2_': 1.0, '_a3_': 1.0, '_a4_': 1.0, '_a6_': 1.0}};{'d0': 0.024905832919416705};-280.569866449043;32.47189893519391
18279;-107.813034289328;(x * (_a7_ + pow2(((x + pow2(_a1_)) * pow2(_a5_)))));{'d0': {'_a1_': 0.5585066765382386, '_a5_': 1.355579763474487, '_a7_': 1.4465760889537334, '_a0_': 1.0, '_a2_': 1.0, '_a3_': 1.0, '_a4_': 1.0, '_a6_': 1.0}};{'d0': 0.024905832919416705};-280.569866449043;32.47189893519391
18280;-107.813034289328;(x * (_a7_ + pow2(((x + pow2(_a1_)) * pow2(_a5_)))));{'d0': {'_a1_': 0.5585066765382386, '_a5_': 1.355579763474487, '_a7_': 1.4465760889537334, '_a0_': 1.0, '_a2_': 1.0, '_a3_': 1.0, '_a4_': 1.0, '_a6_': 1.0}};{'d0': 0.024905832919416705};-280.569866449043;32.47189893519391
18281;-107.813034289328;(x * (_a7_ + pow2(((x + pow2(_a1_)) * pow2(_a5_)))));{'d0': {'_a1_': 0.5585066765382386, '_a5_': 1.355579763474487, '_a7_': 1.4465760889537334, '_a0_': 1.0, '_a2_': 1.0, '_a3_': 1.0, '_a4_': 1.0, '_a6_': 1.0}};{'d0': 0.024905832919416705};-280.569866449043;32.47189893519391
18282;-107.813034289328;(x * (_a7_ + pow2(((x + pow2(_a1_)) * pow2(_a5_)))));{'d0': {'_a1_': 0.5585066765382386, '_a5_': 1.355579763474487, '_a7_': 1.4465760889537334, '_a0_': 1.0, '_a2_': 1.0, '_a3_': 1.0, '_a4_': 1.0, '_a6_': 1.0}};{'d0': 0.024905832919416705};-280.569866449043;32.47189893519391
18283;-103.159914093536;((_a7_ + ((x * ((_a0_ * _a0_) + x)) + _a6_)) * (x * _a7_));{'d0': {'_a0_': -0.7898477166867731, '_a6_': -2.851069110320553, '_a7_': 3.3767608802946802, '_a1_': 1.0, '_a2_': 1.0, '_a3_': 1.0, '_a4_': 1.0, '_a5_': 1.0}};{'d0': 0.024905832919416587};-280.569866449044;37.125019130986004
18284;-103.159914093536;((_a7_ + ((x * ((_a0_ * _a0_) + x)) + _a6_)) * (x * _a7_));{'d0': {'_a0_': -0.7898477166867731, '_a6_': -2.851069110320553, '_a7_': 3.3767608802946802, '_a1_': 1.0, '_a2_': 1.0, '_a3_': 1.0, '_a4_': 1.0, '_a5_': 1.0}};{'d0': 0.024905832919416587};-280.569866449044;37.125019130986004
18285;-103.159914093536;((_a7_ + ((x * ((_a0_ * _a0_) + x)) + _a6_)) * (x * _a7_));{'d0': {'_a0_': -0.7898477166867731, '_a6_': -2.851069110320553, '_a7_': 3.3767608802946802, '_a1_': 1.0, '_a2_': 1.0, '_a3_': 1.0, '_a4_': 1.0, '_a5_': 1.0}};{'d0': 0.024905832919416587};-280.569866449044;37.125019130986004
18286;-103.159914093536;((_a7_ + ((x * ((_a0_ * _a0_) + x)) + _a6_)) * (x * _a7_));{'d0': {'_a0_': -0.7898477166867731, '_a6_': -2.851069110320553, '_a7_': 3.3767608802946802, '_a1_': 1.0, '_a2_': 1.0, '_a3_': 1.0, '_a4_': 1.0, '_a5_': 1.0}};{'d0': 0.024905832919416587};-280.569866449044;37.125019130986004
18287;-107.813034289328;(x * (_a7_ + pow2(((x + pow2(_a1_)) * pow2(_a5_)))));{'d0': {'_a1_': 0.5585066765382386, '_a5_': 1.355579763474487, '_a7_': 1.4465760889537334, '_a0_': 1.0, '_a2_': 1.0, '_a3_': 1.0, '_a4_': 1.0, '_a6_': 1.0}};{'d0': 0.024905832919416705};-280.569866449043;32.47189893519391
18288;-107.813034289328;(x * (_a7_ + pow2(((x + pow2(_a1_)) * pow2(_a5_)))));{'d0': {'_a1_': 0.5585066765382386, '_a5_': 1.355579763474487, '_a7_': 1.4465760889537334, '_a0_': 1.0, '_a2_': 1.0, '_a3_': 1.0, '_a4_': 1.0, '_a6_': 1.0}};{'d0': 0.024905832919416705};-280.569866449043;32.47189893519391
18289;-107.813034289328;(x * (_a7_ + pow2(((x + pow2(_a1_)) * pow2(_a5_)))));{'d0': {'_a1_': 0.5585066765382386, '_a5_': 1.355579763474487, '_a7_': 1.4465760889537334, '_a0_': 1.0, '_a2_': 1.0, '_a3_': 1.0, '_a4_': 1.0, '_a6_': 1.0}};{'d0': 0.024905832919416705};-280.569866449043;32.47189893519391
18290;-107.813034289328;(x * (_a7_ + pow2(((x + pow2(_a1_)) * pow2(_a5_)))));{'d0': {'_a1_': 0.5585066765382386, '_a5_': 1.355579763474487, '_a7_': 1.4465760889537334, '_a0_': 1.0, '_a2_': 1.0, '_a3_': 1.0, '_a4_': 1.0, '_a6_': 1.0}};{'d0': 0.024905832919416705};-280.569866449043;32.47189893519391
18291;-107.813034289328;(x * (_a7_ + pow2(((x + pow2(_a1_)) * pow2(_a5_)))));{'d0': {'_a1_': 0.5585066765382386, '_a5_': 1.355579763474487, '_a7_': 1.4465760889537334, '_a0_': 1.0, '_a2_': 1.0, '_a3_': 1.0, '_a4_': 1.0, '_a6_': 1.0}};{'d0': 0.024905832919416705};-280.569866449043;32.47189893519391
18292;-107.813034289328;(x * (_a7_ + pow2(((x + pow2(_a1_)) * pow2(_a5_)))));{'d0': {'_a1_': 0.5585066765382386, '_a5_': 1.355579763474487, '_a7_': 1.4465760889537334, '_a0_': 1.0, '_a2_': 1.0, '_a3_': 1.0, '_a4_': 1.0, '_a6_': 1.0}};{'d0': 0.024905832919416705};-280.569866449043;32.47189893519391
18293;-107.813034289328;(x * (_a7_ + pow2(((x + pow2(_a1_)) * pow2(_a5_)))));{'d0': {'_a1_': 0.5585066765382386, '_a5_': 1.355579763474487, '_a7_': 1.4465760889537334, '_a0_': 1.0, '_a2_': 1.0, '_a3_': 1.0, '_a4_': 1.0, '_a6_': 1.0}};{'d0': 0.024905832919416705};-280.569866449043;32.47189893519391
18294;-107.813034289328;(x * (_a7_ + pow2(((x + pow2(_a1_)) * pow2(_a5_)))));{'d0': {'_a1_': 0.5585066765382386, '_a5_': 1.355579763474487, '_a7_': 1.4465760889537334, '_a0_': 1.0, '_a2_': 1.0, '_a3_': 1.0, '_a4_': 1.0, '_a6_': 1.0}};{'d0': 0.024905832919416705};-280.569866449043;32.47189893519391
18295;-107.813034289328;(x * (_a7_ + pow2(((x + pow2(_a1_)) * pow2(_a5_)))));{'d0': {'_a1_': 0.5585066765382386, '_a5_': 1.355579763474487, '_a7_': 1.4465760889537334, '_a0_': 1.0, '_a2_': 1.0, '_a3_': 1.0, '_a4_': 1.0, '_a6_': 1.0}};{'d0': 0.024905832919416705};-280.569866449043;32.47189893519391
18296;-103.159914093536;((_a7_ + ((x * ((_a0_ * _a0_) + x)) + _a6_)) * (x * _a7_));{'d0': {'_a0_': -0.7898477166867731, '_a6_': -2.851069110320553, '_a7_': 3.3767608802946802, '_a1_': 1.0, '_a2_': 1.0, '_a3_': 1.0, '_a4_': 1.0, '_a5_': 1.0}};{'d0': 0.024905832919416587};-280.569866449044;37.125019130986004
18297;-103.159914093536;((_a7_ + ((x * ((_a0_ * _a0_) + x)) + _a6_)) * (x * _a7_));{'d0': {'_a0_': -0.7898477166867731, '_a6_': -2.851069110320553, '_a7_': 3.3767608802946802, '_a1_': 1.0, '_a2_': 1.0, '_a3_': 1.0, '_a4_': 1.0, '_a5_': 1.0}};{'d0': 0.024905832919416587};-280.569866449044;37.125019130986004
18298;-103.159914093536;((_a7_ + ((x * ((_a0_ * _a0_) + x)) + _a6_)) * (x * _a7_));{'d0': {'_a0_': -0.7898477166867731, '_a6_': -2.851069110320553, '_a7_': 3.3767608802946802, '_a1_': 1.0, '_a2_': 1.0, '_a3_': 1.0, '_a4_': 1.0, '_a5_': 1.0}};{'d0': 0.024905832919416587};-280.569866449044;37.125019130986004
18299;-103.159914093536;((_a7_ + ((x * ((_a0_ * _a0_) + x)) + _a6_)) * (x * _a7_));{'d0': {'_a0_': -0.7898477166867731, '_a6_': -2.851069110320553, '_a7_': 3.3767608802946802, '_a1_': 1.0, '_a2_': 1.0, '_a3_': 1.0, '_a4_': 1.0, '_a5_': 1.0}};{'d0': 0.024905832919416587};-280.569866449044;37.125019130986004
18300;-103.159914093536;((_a7_ + ((x * ((_a0_ * _a0_) + x)) + _a6_)) * (x * _a7_));{'d0': {'_a0_': -0.7898477166867731, '_a6_': -2.851069110320553, '_a7_': 3.3767608802946802, '_a1_': 1.0, '_a2_': 1.0, '_a3_': 1.0, '_a4_': 1.0, '_a5_': 1.0}};{'d0': 0.024905832919416587};-280.569866449044;37.125019130986004
18301;-103.159914093536;((_a7_ + ((x * ((_a0_ * _a0_) + x)) + _a6_)) * (x * _a7_));{'d0': {'_a0_': -0.7898477166867731, '_a6_': -2.851069110320553, '_a7_': 3.3767608802946802, '_a1_': 1.0, '_a2_': 1.0, '_a3_': 1.0, '_a4_': 1.0, '_a5_': 1.0}};{'d0': 0.024905832919416587};-280.569866449044;37.125019130986004
18302;-103.159914093536;((_a7_ + ((x * ((_a0_ * _a0_) + x)) + _a6_)) * (x * _a7_));{'d0': {'_a0_': -0.7898477166867731, '_a6_': -2.851069110320553, '_a7_': 3.3767608802946802, '_a1_': 1.0, '_a2_': 1.0, '_a3_': 1.0, '_a4_': 1.0, '_a5_': 1.0}};{'d0': 0.024905832919416587};-280.569866449044;37.125019130986004
18303;-103.159914093536;((_a7_ + ((x * ((_a0_ * _a0_) + x)) + _a6_)) * (x * _a7_));{'d0': {'_a0_': -0.7898477166867731, '_a6_': -2.851069110320553, '_a7_': 3.3767608802946802, '_a1_': 1.0, '_a2_': 1.0, '_a3_': 1.0, '_a4_': 1.0, '_a5_': 1.0}};{'d0': 0.024905832919416587};-280.569866449044;37.125019130986004
18304;-107.813034289328;(x * (_a7_ + pow2(((x + pow2(_a1_)) * pow2(_a5_)))));{'d0': {'_a1_': 0.5585066765382386, '_a5_': 1.355579763474487, '_a7_': 1.4465760889537334, '_a0_': 1.0, '_a2_': 1.0, '_a3_': 1.0, '_a4_': 1.0, '_a6_': 1.0}};{'d0': 0.024905832919416705};-280.569866449043;32.47189893519391
18305;-107.813034289328;(x * (_a7_ + pow2(((x + pow2(_a1_)) * pow2(_a5_)))));{'d0': {'_a1_': 0.5585066765382386, '_a5_': 1.355579763474487, '_a7_': 1.4465760889537334, '_a0_': 1.0, '_a2_': 1.0, '_a3_': 1.0, '_a4_': 1.0, '_a6_': 1.0}};{'d0': 0.024905832919416705};-280.569866449043;32.47189893519391
18306;-107.813034289328;(x * (_a7_ + pow2(((x + pow2(_a1_)) * pow2(_a5_)))));{'d0': {'_a1_': 0.5585066765382386, '_a5_': 1.355579763474487, '_a7_': 1.4465760889537334, '_a0_': 1.0, '_a2_': 1.0, '_a3_': 1.0, '_a4_': 1.0, '_a6_': 1.0}};{'d0': 0.024905832919416705};-280.569866449043;32.47189893519391
18307;-107.813034289328;(x * (_a7_ + pow2(((x + pow2(_a1_)) * pow2(_a5_)))));{'d0': {'_a1_': 0.5585066765382386, '_a5_': 1.355579763474487, '_a7_': 1.4465760889537334, '_a0_': 1.0, '_a2_': 1.0, '_a3_': 1.0, '_a4_': 1.0, '_a6_': 1.0}};{'d0': 0.024905832919416705};-280.569866449043;32.47189893519391
18308;-107.813034289328;(x * (_a7_ + pow2(((x + pow2(_a1_)) * pow2(_a5_)))));{'d0': {'_a1_': 0.5585066765382386, '_a5_': 1.355579763474487, '_a7_': 1.4465760889537334, '_a0_': 1.0, '_a2_': 1.0, '_a3_': 1.0, '_a4_': 1.0, '_a6_': 1.0}};{'d0': 0.024905832919416705};-280.569866449043;32.47189893519391
18309;-101.892433240298;(x * (_a7_ + pow2(((x + pow2(_a1_)) * pow2((_a7_ + _a2_))))));{'d0': {'_a1_': 0.5585066768029509, '_a2_': -0.09099633154835832, '_a7_': 1.4465760937893237, '_a0_': 1.0, '_a3_': 1.0, '_a4_': 1.0, '_a5_': 1.0, '_a6_': 1.0}};{'d0': 0.024905832919416646};-280.569866449044;38.39249998422391
18310;-103.159914093536;((_a7_ + ((x * ((_a0_ * _a0_) + x)) + _a6_)) * (x * _a7_));{'d0': {'_a0_': -0.7898477166867731, '_a6_': -2.851069110320553, '_a7_': 3.3767608802946802, '_a1_': 1.0, '_a2_': 1.0, '_a3_': 1.0, '_a4_': 1.0, '_a5_': 1.0}};{'d0': 0.024905832919416587};-280.569866449044;37.125019130986004
18311;-103.159914093536;((_a7_ + ((x * ((_a0_ * _a0_) + x)) + _a6_)) * (x * _a7_));{'d0': {'_a0_': -0.7898477166867731, '_a6_': -2.851069110320553, '_a7_': 3.3767608802946802, '_a1_': 1.0, '_a2_': 1.0, '_a3_': 1.0, '_a4_': 1.0, '_a5_': 1.0}};{'d0': 0.024905832919416587};-280.569866449044;37.125019130986004
18312;-103.159914093536;((_a7_ + ((x * ((_a0_ * _a7_) + x)) + _a6_)) * (x * _a7_));{'d0': {'_a0_': 0.18475084199279979, '_a6_': -2.851069108322696, '_a7_': 3.376760878624076, '_a1_': 1.0, '_a2_': 1.0, '_a3_': 1.0, '_a4_': 1.0, '_a5_': 1.0}};{'d0': 0.024905832919416657};-280.569866449044;37.125019130986004
18313;-103.159914093536;((_a7_ + ((x * ((_a0_ * _a7_) + x)) + _a6_)) * (x * _a7_));{'d0': {'_a0_': 0.18475084199279979, '_a6_': -2.851069108322696, '_a7_': 3.376760878624076, '_a1_': 1.0, '_a2_': 1.0, '_a3_': 1.0, '_a4_': 1.0, '_a5_': 1.0}};{'d0': 0.024905832919416657};-280.569866449044;37.125019130986004
18314;-103.159914093536;((_a7_ + ((x * ((_a0_ * _a7_) + x)) + _a6_)) * (x * _a7_));{'d0': {'_a0_': 0.18475084199279979, '_a6_': -2.851069108322696, '_a7_': 3.376760878624076, '_a1_': 1.0, '_a2_': 1.0, '_a3_': 1.0, '_a4_': 1.0, '_a5_': 1.0}};{'d0': 0.024905832919416657};-280.569866449044;37.125019130986004
18315;-103.159914093536;((_a7_ + ((x * ((_a0_ * _a7_) + x)) + _a6_)) * (x * _a7_));{'d0': {'_a0_': 0.18475084199279979, '_a6_': -2.851069108322696, '_a7_': 3.376760878624076, '_a1_': 1.0, '_a2_': 1.0, '_a3_': 1.0, '_a4_': 1.0, '_a5_': 1.0}};{'d0': 0.024905832919416657};-280.569866449044;37.125019130986004
18316;-84.8306578074404;(((pow2(((_a0_ * (((_a5_ + _a4_) ** _a5_) * x)) + (_a4_ + x))) + _a1_) * _a5_) * x);{'d0': {'_a0_': -8.572308038494652e-06, '_a1_': 0.4277832656868892, '_a4_': 0.31170819457607635, '_a5_': 3.3815618995058996, '_a2_': 1.0, '_a3_': 1.0, '_a6_': 1.0, '_a7_': 1.0}};{'d0': 0.024905833033356212};-276.475521612333;53.407102998725875
18317;-84.8306578074404;(((pow2(((_a0_ * (((_a5_ + _a4_) ** _a5_) * x)) + (_a4_ + x))) + _a1_) * _a5_) * x);{'d0': {'_a0_': -8.572308038494652e-06, '_a1_': 0.4277832656868892, '_a4_': 0.31170819457607635, '_a5_': 3.3815618995058996, '_a2_': 1.0, '_a3_': 1.0, '_a6_': 1.0, '_a7_': 1.0}};{'d0': 0.024905833033356212};-276.475521612333;53.407102998725875
18318;-84.8306578074404;(((pow2(((_a0_ * (((_a5_ + _a4_) ** _a5_) * x)) + (_a4_ + x))) + _a1_) * _a5_) * x);{'d0': {'_a0_': -8.572308038494652e-06, '_a1_': 0.4277832656868892, '_a4_': 0.31170819457607635, '_a5_': 3.3815618995058996, '_a2_': 1.0, '_a3_': 1.0, '_a6_': 1.0, '_a7_': 1.0}};{'d0': 0.024905833033356212};-276.475521612333;53.407102998725875
18319;-84.8306578074404;(((pow2(((_a0_ * (((_a5_ + _a4_) ** _a5_) * x)) + (_a4_ + x))) + _a1_) * _a5_) * x);{'d0': {'_a0_': -8.572308038494652e-06, '_a1_': 0.4277832656868892, '_a4_': 0.31170819457607635, '_a5_': 3.3815618995058996, '_a2_': 1.0, '_a3_': 1.0, '_a6_': 1.0, '_a7_': 1.0}};{'d0': 0.024905833033356212};-276.475521612333;53.407102998725875
18320;-86.8778302257958;(((pow2(((_a4_ * (((_a5_ + _a4_) ** _a5_) * x)) + (_a4_ + x))) + _a1_) * _a5_) * x);{'d0': {'_a1_': 1.522637859775661, '_a4_': 0.5880774996212186, '_a5_': 0.9500460534419295, '_a0_': 1.0, '_a2_': 1.0, '_a3_': 1.0, '_a6_': 1.0, '_a7_': 1.0}};{'d0': 0.02490583291941665};-280.569866449044;53.407102998725875
18321;-86.8778302257958;(((pow2(((_a4_ * (((_a5_ + _a4_) ** _a5_) * x)) + (_a4_ + x))) + _a1_) * _a5_) * x);{'d0': {'_a1_': 1.522637859775661, '_a4_': 0.5880774996212186, '_a5_': 0.9500460534419295, '_a0_': 1.0, '_a2_': 1.0, '_a3_': 1.0, '_a6_': 1.0, '_a7_': 1.0}};{'d0': 0.02490583291941665};-280.569866449044;53.407102998725875
18322;-86.8778302257958;(((pow2(((_a4_ * (((_a5_ + _a4_) ** _a5_) * x)) + (_a4_ + x))) + _a1_) * _a5_) * x);{'d0': {'_a1_': 1.522637859775661, '_a4_': 0.5880774996212186, '_a5_': 0.9500460534419295, '_a0_': 1.0, '_a2_': 1.0, '_a3_': 1.0, '_a6_': 1.0, '_a7_': 1.0}};{'d0': 0.02490583291941665};-280.569866449044;53.407102998725875
18323;-86.8778302257958;(((pow2(((_a4_ * (((_a5_ + _a4_) ** _a5_) * x)) + (_a4_ + x))) + _a1_) * _a5_) * x);{'d0': {'_a1_': 1.522637859775661, '_a4_': 0.5880774996212186, '_a5_': 0.9500460534419295, '_a0_': 1.0, '_a2_': 1.0, '_a3_': 1.0, '_a6_': 1.0, '_a7_': 1.0}};{'d0': 0.02490583291941665};-280.569866449044;53.407102998725875
18324;-86.8778302257958;(((pow2(((_a4_ * (((_a5_ + _a4_) ** _a5_) * x)) + (_a4_ + x))) + _a1_) * _a5_) * x);{'d0': {'_a1_': 1.522637859775661, '_a4_': 0.5880774996212186, '_a5_': 0.9500460534419295, '_a0_': 1.0, '_a2_': 1.0, '_a3_': 1.0, '_a6_': 1.0, '_a7_': 1.0}};{'d0': 0.02490583291941665};-280.569866449044;53.407102998725875
18325;-86.8778302257958;(((pow2(((_a4_ * (((_a5_ + _a4_) ** _a5_) * x)) + (_a4_ + x))) + _a1_) * _a5_) * x);{'d0': {'_a1_': 1.522637859775661, '_a4_': 0.5880774996212186, '_a5_': 0.9500460534419295, '_a0_': 1.0, '_a2_': 1.0, '_a3_': 1.0, '_a6_': 1.0, '_a7_': 1.0}};{'d0': 0.02490583291941665};-280.569866449044;53.407102998725875
18326;-85.9065691022229;(((pow2(((_a4_ * (((_a5_ + _a4_) ** _a5_) + x)) + (_a4_ + x))) + _a1_) * _a5_) * x);{'d0': {'_a1_': 0.4330794390731416, '_a4_': 0.005456522520360242, '_a5_': 3.340209573657692, '_a0_': 1.0, '_a2_': 1.0, '_a3_': 1.0, '_a6_': 1.0, '_a7_': 1.0}};{'d0': 0.024905832919416608};-280.569866449044;54.378364122298876
18327;-85.9065691022229;(((pow2(((_a4_ * (((_a5_ + _a4_) ** _a5_) + _a1_)) + (_a4_ + x))) + _a1_) * _a5_) * x);{'d0': {'_a1_': 0.4283916274947064, '_a4_': 0.004980317946816505, '_a5_': 3.3767608799282183, '_a0_': 1.0, '_a2_': 1.0, '_a3_': 1.0, '_a6_': 1.0, '_a7_': 1.0}};{'d0': 0.024905832919416587};-280.569866449044;54.378364122298876
18328;-85.9065691022229;(((pow2(((_a4_ * (((_a5_ + _a4_) ** _a5_) + _a1_)) + (_a4_ + x))) + _a1_) * _a5_) * x);{'d0': {'_a1_': 0.4283916274947064, '_a4_': 0.004980317946816505, '_a5_': 3.3767608799282183, '_a0_': 1.0, '_a2_': 1.0, '_a3_': 1.0, '_a6_': 1.0, '_a7_': 1.0}};{'d0': 0.024905832919416587};-280.569866449044;54.378364122298876
18329;-85.9065691022229;(((pow2(((_a4_ * (((_a5_ + _a4_) ** _a5_) + _a1_)) + (_a4_ + x))) + _a1_) * _a5_) * x);{'d0': {'_a1_': 0.4283916274947064, '_a4_': 0.004980317946816505, '_a5_': 3.3767608799282183, '_a0_': 1.0, '_a2_': 1.0, '_a3_': 1.0, '_a6_': 1.0, '_a7_': 1.0}};{'d0': 0.024905832919416587};-280.569866449044;54.378364122298876
18330;-85.9065691022229;(((pow2(((_a4_ * (((_a5_ + _a4_) ** _a5_) + _a1_)) + (_a4_ + x))) + _a1_) * _a5_) * x);{'d0': {'_a1_': 0.4283916274947064, '_a4_': 0.004980317946816505, '_a5_': 3.3767608799282183, '_a0_': 1.0, '_a2_': 1.0, '_a3_': 1.0, '_a6_': 1.0, '_a7_': 1.0}};{'d0': 0.024905832919416587};-280.569866449044;54.378364122298876
18331;-85.9065691022229;(((pow2(((_a4_ * (((_a5_ + _a4_) ** _a5_) + _a1_)) + (_a4_ + x))) + _a1_) * _a5_) * x);{'d0': {'_a1_': 0.4283916274947064, '_a4_': 0.004980317946816505, '_a5_': 3.3767608799282183, '_a0_': 1.0, '_a2_': 1.0, '_a3_': 1.0, '_a6_': 1.0, '_a7_': 1.0}};{'d0': 0.024905832919416587};-280.569866449044;54.378364122298876
18332;-85.9065691022229;(((pow2(((_a4_ * (((_a5_ + _a4_) ** _a5_) + _a1_)) + (_a4_ + x))) + _a1_) * _a5_) * x);{'d0': {'_a1_': 0.4283916274947064, '_a4_': 0.004980317946816505, '_a5_': 3.3767608799282183, '_a0_': 1.0, '_a2_': 1.0, '_a3_': 1.0, '_a6_': 1.0, '_a7_': 1.0}};{'d0': 0.024905832919416587};-280.569866449044;54.378364122298876
18333;-85.9065691022229;(((pow2(((_a4_ * (((_a5_ + _a4_) ** _a5_) + _a1_)) + (_a4_ + x))) + _a1_) * _a5_) * x);{'d0': {'_a1_': 0.4283916274947064, '_a4_': 0.004980317946816505, '_a5_': 3.3767608799282183, '_a0_': 1.0, '_a2_': 1.0, '_a3_': 1.0, '_a6_': 1.0, '_a7_': 1.0}};{'d0': 0.024905832919416587};-280.569866449044;54.378364122298876
18334;-91.8271701512529;(((pow2(((_a4_ * ((_a5_ ** _a5_) + _a1_)) + (_a4_ + x))) + _a1_) * _a5_) * x);{'d0': {'_a1_': 0.42839162697954114, '_a4_': 0.0050045955706225, '_a5_': 3.3767608820376336, '_a0_': 1.0, '_a2_': 1.0, '_a3_': 1.0, '_a6_': 1.0, '_a7_': 1.0}};{'d0': 0.02490583291941662};-280.569866449044;48.45776307326888
18335;-88.1292356786428;(((pow2(((pow2(_a4_) * ((_a5_ ** _a5_) + _a1_)) + (_a4_ + x))) + _a1_) * _a5_) * x);{'d0': {'_a1_': 0.42839162823427557, '_a4_': 0.06362928124235973, '_a5_': 3.376760876511785, '_a0_': 1.0, '_a2_': 1.0, '_a3_': 1.0, '_a6_': 1.0, '_a7_': 1.0}};{'d0': 0.02490583291941666};-280.569866449044;52.15569754587888
18336;-88.1292356786428;(((pow2(((pow2(_a4_) * ((_a5_ ** _a5_) + _a1_)) + (_a4_ + x))) + _a1_) * _a5_) * x);{'d0': {'_a1_': 0.42839162823427557, '_a4_': 0.06362928124235973, '_a5_': 3.376760876511785, '_a0_': 1.0, '_a2_': 1.0, '_a3_': 1.0, '_a6_': 1.0, '_a7_': 1.0}};{'d0': 0.02490583291941666};-280.569866449044;52.15569754587888
18337;-88.1292356786428;(((pow2(((pow2(_a4_) * ((_a5_ ** _a5_) + _a1_)) + (_a4_ + x))) + _a1_) * _a5_) * x);{'d0': {'_a1_': 0.42839162823427557, '_a4_': 0.06362928124235973, '_a5_': 3.376760876511785, '_a0_': 1.0, '_a2_': 1.0, '_a3_': 1.0, '_a6_': 1.0, '_a7_': 1.0}};{'d0': 0.02490583291941666};-280.569866449044;52.15569754587888
18338;-88.1292356786428;(((pow2(((pow2(_a4_) * ((_a5_ ** _a5_) + _a1_)) + (_a4_ + x))) + _a1_) * _a5_) * x);{'d0': {'_a1_': 0.42839162823427557, '_a4_': 0.06362928124235973, '_a5_': 3.376760876511785, '_a0_': 1.0, '_a2_': 1.0, '_a3_': 1.0, '_a6_': 1.0, '_a7_': 1.0}};{'d0': 0.02490583291941666};-280.569866449044;52.15569754587888
18339;-88.1292356786428;(((pow2(((pow2(_a4_) * ((_a5_ ** _a5_) + _a1_)) + (_a4_ + x))) + _a1_) * _a5_) * x);{'d0': {'_a1_': 0.42839162823427557, '_a4_': 0.06362928124235973, '_a5_': 3.376760876511785, '_a0_': 1.0, '_a2_': 1.0, '_a3_': 1.0, '_a6_': 1.0, '_a7_': 1.0}};{'d0': 0.02490583291941666};-280.569866449044;52.15569754587888
18340;-88.1292356786428;(((pow2(((pow2(_a4_) * ((_a5_ ** _a5_) + _a1_)) + (_a4_ + x))) + _a1_) * _a5_) * x);{'d0': {'_a1_': 0.42839162823427557, '_a4_': 0.06362928124235973, '_a5_': 3.376760876511785, '_a0_': 1.0, '_a2_': 1.0, '_a3_': 1.0, '_a6_': 1.0, '_a7_': 1.0}};{'d0': 0.02490583291941666};-280.569866449044;52.15569754587888
18341;-88.1292356786428;(((pow2(((pow2(_a4_) * ((_a5_ ** _a5_) + _a1_)) + (_a4_ + x))) + _a1_) * _a5_) * x);{'d0': {'_a1_': 0.42839162823427557, '_a4_': 0.06362928124235973, '_a5_': 3.376760876511785, '_a0_': 1.0, '_a2_': 1.0, '_a3_': 1.0, '_a6_': 1.0, '_a7_': 1.0}};{'d0': 0.02490583291941666};-280.569866449044;52.15569754587888
18342;-88.1292356786429;(((pow2(((pow2(_a4_) * ((_a1_ ** _a5_) + _a1_)) + (_a4_ + x))) + _a1_) * _a5_) * x);{'d0': {'_a1_': 0.4283916285741452, '_a4_': 0.2751678018144883, '_a5_': 3.3767608745456132, '_a0_': 1.0, '_a2_': 1.0, '_a3_': 1.0, '_a6_': 1.0, '_a7_': 1.0}};{'d0': 0.024905832919416598};-280.569866449044;52.15569754587888
18343;-88.1292356786428;(((pow2(((pow2(_a4_) * ((_a1_ ** _a5_) + _a5_)) + (_a4_ + x))) + _a1_) * _a5_) * x);{'d0': {'_a1_': 0.4283916272054196, '_a4_': 0.18911656882989678, '_a5_': 3.376760880627667, '_a0_': 1.0, '_a2_': 1.0, '_a3_': 1.0, '_a6_': 1.0, '_a7_': 1.0}};{'d0': 0.024905832919416695};-280.569866449043;52.15569754587888
18344;-88.1292356786428;(((pow2(((pow2(_a4_) * ((_a1_ ** _a5_) + _a5_)) + (_a4_ + x))) + _a1_) * _a5_) * x);{'d0': {'_a1_': 0.4283916272054196, '_a4_': 0.18911656882989678, '_a5_': 3.376760880627667, '_a0_': 1.0, '_a2_': 1.0, '_a3_': 1.0, '_a6_': 1.0, '_a7_': 1.0}};{'d0': 0.024905832919416695};-280.569866449043;52.15569754587888
18345;-88.1292356786428;(((pow2(((pow2(_a4_) * ((_a1_ ** _a5_) + _a5_)) + (_a4_ + x))) + _a1_) * _a5_) * x);{'d0': {'_a1_': 0.4283916272054196, '_a4_': 0.18911656882989678, '_a5_': 3.376760880627667, '_a0_': 1.0, '_a2_': 1.0, '_a3_': 1.0, '_a6_': 1.0, '_a7_': 1.0}};{'d0': 0.024905832919416695};-280.569866449043;52.15569754587888
18346;-88.1292356786428;(((pow2(((pow2(_a4_) * ((_a1_ ** _a5_) + _a5_)) + (_a4_ + x))) + _a1_) * _a5_) * x);{'d0': {'_a1_': 0.4283916272054196, '_a4_': 0.18911656882989678, '_a5_': 3.376760880627667, '_a0_': 1.0, '_a2_': 1.0, '_a3_': 1.0, '_a6_': 1.0, '_a7_': 1.0}};{'d0': 0.024905832919416695};-280.569866449043;52.15569754587888
18347;-88.1292356786428;(((pow2(((pow2(_a4_) * ((_a1_ ** _a5_) + _a5_)) + (_a4_ + x))) + _a1_) * _a5_) * x);{'d0': {'_a1_': 0.4283916272054196, '_a4_': 0.18911656882989678, '_a5_': 3.376760880627667, '_a0_': 1.0, '_a2_': 1.0, '_a3_': 1.0, '_a6_': 1.0, '_a7_': 1.0}};{'d0': 0.024905832919416695};-280.569866449043;52.15569754587888
18348;-88.1292356786428;(((pow2(((pow2(_a4_) * ((_a1_ ** _a5_) + _a5_)) + (_a4_ + x))) + _a1_) * _a5_) * x);{'d0': {'_a1_': 0.4283916272054196, '_a4_': 0.18911656882989678, '_a5_': 3.376760880627667, '_a0_': 1.0, '_a2_': 1.0, '_a3_': 1.0, '_a6_': 1.0, '_a7_': 1.0}};{'d0': 0.024905832919416695};-280.569866449043;52.15569754587888
18349;-88.1292356786428;(((pow2(((pow2(_a4_) * ((_a1_ ** _a5_) + _a5_)) + (_a4_ + x))) + _a1_) * _a5_) * x);{'d0': {'_a1_': 0.4283916272054196, '_a4_': 0.18911656882989678, '_a5_': 3.376760880627667, '_a0_': 1.0, '_a2_': 1.0, '_a3_': 1.0, '_a6_': 1.0, '_a7_': 1.0}};{'d0': 0.024905832919416695};-280.569866449043;52.15569754587888
18350;-88.1292356786428;(((pow2(((pow2(_a4_) * ((_a1_ ** _a5_) + _a5_)) + (_a4_ + x))) + _a1_) * _a5_) * x);{'d0': {'_a1_': 0.4283916272054196, '_a4_': 0.18911656882989678, '_a5_': 3.376760880627667, '_a0_': 1.0, '_a2_': 1.0, '_a3_': 1.0, '_a6_': 1.0, '_a7_': 1.0}};{'d0': 0.024905832919416695};-280.569866449043;52.15569754587888
18351;-88.1292356786428;(((pow2(((pow2(_a4_) * ((_a1_ ** _a5_) + _a5_)) + (_a4_ + x))) + _a1_) * _a5_) * x);{'d0': {'_a1_': 0.4283916272054196, '_a4_': 0.18911656882989678, '_a5_': 3.376760880627667, '_a0_': 1.0, '_a2_': 1.0, '_a3_': 1.0, '_a6_': 1.0, '_a7_': 1.0}};{'d0': 0.024905832919416695};-280.569866449043;52.15569754587888
18352;-88.1292356786428;(((pow2(((pow2(_a4_) * ((_a1_ ** _a5_) + _a5_)) + (_a4_ + x))) + _a1_) * _a5_) * x);{'d0': {'_a1_': 0.4283916272054196, '_a4_': 0.18911656882989678, '_a5_': 3.376760880627667, '_a0_': 1.0, '_a2_': 1.0, '_a3_': 1.0, '_a6_': 1.0, '_a7_': 1.0}};{'d0': 0.024905832919416695};-280.569866449043;52.15569754587888
18353;-88.1292356786428;(((pow2(((pow2(_a4_) * ((_a1_ ** _a5_) + _a5_)) + (_a4_ + x))) + _a1_) * _a5_) * x);{'d0': {'_a1_': 0.4283916272054196, '_a4_': 0.18911656882989678, '_a5_': 3.376760880627667, '_a0_': 1.0, '_a2_': 1.0, '_a3_': 1.0, '_a6_': 1.0, '_a7_': 1.0}};{'d0': 0.024905832919416695};-280.569866449043;52.15569754587888
18354;-88.1292356786428;(((pow2(((pow2(_a4_) * ((_a1_ ** _a5_) + _a5_)) + (_a4_ + x))) + _a1_) * _a5_) * x);{'d0': {'_a1_': 0.4283916272054196, '_a4_': 0.18911656882989678, '_a5_': 3.376760880627667, '_a0_': 1.0, '_a2_': 1.0, '_a3_': 1.0, '_a6_': 1.0, '_a7_': 1.0}};{'d0': 0.024905832919416695};-280.569866449043;52.15569754587888
18355;-88.1292356786428;(((pow2(((pow2(_a4_) * ((_a1_ ** _a5_) + _a5_)) + (_a4_ + x))) + _a1_) * _a5_) * x);{'d0': {'_a1_': 0.4283916272054196, '_a4_': 0.18911656882989678, '_a5_': 3.376760880627667, '_a0_': 1.0, '_a2_': 1.0, '_a3_': 1.0, '_a6_': 1.0, '_a7_': 1.0}};{'d0': 0.024905832919416695};-280.569866449043;52.15569754587888
18356;-88.1292356786428;(((pow2(((pow2(_a4_) * ((_a1_ ** _a5_) + _a5_)) + (_a4_ + x))) + _a1_) * _a5_) * x);{'d0': {'_a1_': 0.4283916272054196, '_a4_': 0.18911656882989678, '_a5_': 3.376760880627667, '_a0_': 1.0, '_a2_': 1.0, '_a3_': 1.0, '_a6_': 1.0, '_a7_': 1.0}};{'d0': 0.024905832919416695};-280.569866449043;52.15569754587888
18357;-88.1292356786428;(((pow2(((pow2(_a4_) * ((_a1_ ** _a5_) + _a5_)) + (_a4_ + x))) + _a1_) * _a5_) * x);{'d0': {'_a1_': 0.4283916272054196, '_a4_': 0.18911656882989678, '_a5_': 3.376760880627667, '_a0_': 1.0, '_a2_': 1.0, '_a3_': 1.0, '_a6_': 1.0, '_a7_': 1.0}};{'d0': 0.024905832919416695};-280.569866449043;52.15569754587888
18358;-88.1292356786428;(((pow2(((pow2(_a4_) * ((_a1_ ** _a5_) + _a5_)) + (_a4_ + x))) + _a1_) * _a5_) * x);{'d0': {'_a1_': 0.4283916272054196, '_a4_': 0.18911656882989678, '_a5_': 3.376760880627667, '_a0_': 1.0, '_a2_': 1.0, '_a3_': 1.0, '_a6_': 1.0, '_a7_': 1.0}};{'d0': 0.024905832919416695};-280.569866449043;52.15569754587888
18359;-96.4717394444435;((((x * (((x + _a3_) * (_a2_ / _a5_)) + _a3_)) + _a3_) * x) / _a2_);{'d0': {'_a2_': 0.05530149619746121, '_a3_': 0.0981676438755549, '_a5_': 0.2961417872827833, '_a0_': 1.0, '_a1_': 1.0, '_a4_': 1.0, '_a6_': 1.0, '_a7_': 1.0}};{'d0': 0.0249058329194166};-280.569866449044;43.81319378007863
18360;-96.4717394444435;((((x * (((x + _a3_) * (_a2_ / _a5_)) + _a3_)) + _a3_) * x) / _a2_);{'d0': {'_a2_': 0.05530149619746121, '_a3_': 0.0981676438755549, '_a5_': 0.2961417872827833, '_a0_': 1.0, '_a1_': 1.0, '_a4_': 1.0, '_a6_': 1.0, '_a7_': 1.0}};{'d0': 0.0249058329194166};-280.569866449044;43.81319378007863
18361;-102.308962252590;((((x * (((x + _a3_) * _a7_) + _a3_)) + _a3_) * x) / _a2_);{'d0': {'_a2_': 0.05530149947220987, '_a3_': 0.0981676494744938, '_a7_': 0.18673994098207394, '_a0_': 1.0, '_a1_': 1.0, '_a4_': 1.0, '_a5_': 1.0, '_a6_': 1.0}};{'d0': 0.02490583291941686};-280.569866449043;37.97597097193143
18362;-88.2495449612705;(((pow2(((pow2(_a4_) * ((_a1_ ** _a5_) / _a5_)) + (_a4_ + x))) + _a1_) * _a5_) * x);{'d0': {'_a1_': 0.42839162805346687, '_a4_': 0.3103008594290962, '_a5_': 3.3767608771374924, '_a0_': 1.0, '_a2_': 1.0, '_a3_': 1.0, '_a6_': 1.0, '_a7_': 1.0}};{'d0': 0.024905832919416577};-280.569866449044;52.03538826325128
18363;-89.1004968022157;(((pow2(((pow2(_a4_) * ((_a1_ ** _a5_) * _a5_)) + (_a4_ + x))) + _a1_) * _a5_) * x);{'d0': {'_a1_': 0.42839162792005947, '_a4_': 0.29512860026662757, '_a5_': 3.3767608776234086, '_a0_': 1.0, '_a2_': 1.0, '_a3_': 1.0, '_a6_': 1.0, '_a7_': 1.0}};{'d0': 0.024905832919416747};-280.569866449043;51.18443642230588
18364;-89.1004968022157;(((pow2(((pow2(_a4_) * ((_a1_ ** _a5_) * _a5_)) + (_a4_ + x))) + _a1_) * _a5_) * x);{'d0': {'_a1_': 0.42839162792005947, '_a4_': 0.29512860026662757, '_a5_': 3.3767608776234086, '_a0_': 1.0, '_a2_': 1.0, '_a3_': 1.0, '_a6_': 1.0, '_a7_': 1.0}};{'d0': 0.024905832919416747};-280.569866449043;51.18443642230588
18365;-89.1004968022157;(((pow2(((pow2(_a4_) * ((_a1_ ** _a5_) * _a5_)) + (_a4_ + x))) + _a1_) * _a5_) * x);{'d0': {'_a1_': 0.42839162792005947, '_a4_': 0.29512860026662757, '_a5_': 3.3767608776234086, '_a0_': 1.0, '_a2_': 1.0, '_a3_': 1.0, '_a6_': 1.0, '_a7_': 1.0}};{'d0': 0.024905832919416747};-280.569866449043;51.18443642230588
18366;-89.1004968022157;(((pow2(((pow2(_a4_) * ((_a1_ ** _a5_) * _a5_)) + (_a4_ + x))) + _a1_) * _a5_) * x);{'d0': {'_a1_': 0.42839162792005947, '_a4_': 0.29512860026662757, '_a5_': 3.3767608776234086, '_a0_': 1.0, '_a2_': 1.0, '_a3_': 1.0, '_a6_': 1.0, '_a7_': 1.0}};{'d0': 0.024905832919416747};-280.569866449043;51.18443642230588
18367;-89.1004968022157;(((pow2(((pow2(_a4_) * ((_a1_ ** _a5_) * _a5_)) + (_a4_ + x))) + _a1_) * _a5_) * x);{'d0': {'_a1_': 0.42839162792005947, '_a4_': 0.29512860026662757, '_a5_': 3.3767608776234086, '_a0_': 1.0, '_a2_': 1.0, '_a3_': 1.0, '_a6_': 1.0, '_a7_': 1.0}};{'d0': 0.024905832919416747};-280.569866449043;51.18443642230588
18368;-89.1004968022157;(((pow2(((pow2(_a4_) * ((_a1_ ** _a5_) * _a5_)) + (_a4_ + x))) + _a1_) * _a5_) * x);{'d0': {'_a1_': 0.42839162792005947, '_a4_': 0.29512860026662757, '_a5_': 3.3767608776234086, '_a0_': 1.0, '_a2_': 1.0, '_a3_': 1.0, '_a6_': 1.0, '_a7_': 1.0}};{'d0': 0.024905832919416747};-280.569866449043;51.18443642230588
18369;-89.1004968022157;(((pow2(((pow2(_a4_) * ((_a1_ ** _a5_) * _a5_)) + (_a4_ + x))) + _a1_) * _a5_) * x);{'d0': {'_a1_': 0.42839162792005947, '_a4_': 0.29512860026662757, '_a5_': 3.3767608776234086, '_a0_': 1.0, '_a2_': 1.0, '_a3_': 1.0, '_a6_': 1.0, '_a7_': 1.0}};{'d0': 0.024905832919416747};-280.569866449043;51.18443642230588
18370;-87.0533245195296;(((pow2(((pow2(_a4_) * ((_a1_ ** _a5_) * _a5_)) + (_a4_ + x))) + _a1_) * _a2_) * x);{'d0': {'_a1_': 0.4283916278030622, '_a2_': 3.37676087797151, '_a4_': 0.27885536766553987, '_a5_': 0.9587399838808032, '_a0_': 1.0, '_a3_': 1.0, '_a6_': 1.0, '_a7_': 1.0}};{'d0': 0.024905832920724378};-276.475521883671;51.18443642230588
18371;-87.0533245195296;(((pow2(((pow2(_a4_) * ((_a1_ ** _a5_) * _a5_)) + (_a4_ + x))) + _a1_) * _a2_) * x);{'d0': {'_a1_': 0.4283916278030622, '_a2_': 3.37676087797151, '_a4_': 0.27885536766553987, '_a5_': 0.9587399838808032, '_a0_': 1.0, '_a3_': 1.0, '_a6_': 1.0, '_a7_': 1.0}};{'d0': 0.024905832920724378};-276.475521883671;51.18443642230588
18372;-87.0533245195296;(((pow2(((pow2(_a4_) * ((_a1_ ** _a5_) * _a5_)) + (_a4_ + x))) + _a1_) * _a2_) * x);{'d0': {'_a1_': 0.4283916278030622, '_a2_': 3.37676087797151, '_a4_': 0.27885536766553987, '_a5_': 0.9587399838808032, '_a0_': 1.0, '_a3_': 1.0, '_a6_': 1.0, '_a7_': 1.0}};{'d0': 0.024905832920724378};-276.475521883671;51.18443642230588
18373;-87.0533245195296;(((pow2(((pow2(_a4_) * ((_a1_ ** _a5_) * _a5_)) + (_a4_ + x))) + _a1_) * _a2_) * x);{'d0': {'_a1_': 0.4283916278030622, '_a2_': 3.37676087797151, '_a4_': 0.27885536766553987, '_a5_': 0.9587399838808032, '_a0_': 1.0, '_a3_': 1.0, '_a6_': 1.0, '_a7_': 1.0}};{'d0': 0.024905832920724378};-276.475521883671;51.18443642230588
18374;-87.0533245118318;(((pow2(((pow2(_a1_) * ((_a1_ ** _a5_) * _a5_)) + (_a4_ + x))) + _a1_) * _a2_) * x);{'d0': {'_a1_': 0.4283916274306349, '_a2_': 3.3767608775915043, '_a4_': 0.293083008524173, '_a5_': 0.11302076388190463, '_a0_': 1.0, '_a3_': 1.0, '_a6_': 1.0, '_a7_': 1.0}};{'d0': 0.02490583292711501};-276.475521868276;51.18443642230588
18375;-87.0533245118318;(((pow2(((pow2(_a1_) * ((_a1_ ** _a5_) * _a5_)) + (_a4_ + x))) + _a1_) * _a2_) * x);{'d0': {'_a1_': 0.4283916274306349, '_a2_': 3.3767608775915043, '_a4_': 0.293083008524173, '_a5_': 0.11302076388190463, '_a0_': 1.0, '_a3_': 1.0, '_a6_': 1.0, '_a7_': 1.0}};{'d0': 0.02490583292711501};-276.475521868276;51.18443642230588
18376;-87.0533245118318;(((pow2(((pow2(_a1_) * ((_a1_ ** _a5_) * _a5_)) + (_a4_ + x))) + _a1_) * _a2_) * x);{'d0': {'_a1_': 0.4283916274306349, '_a2_': 3.3767608775915043, '_a4_': 0.293083008524173, '_a5_': 0.11302076388190463, '_a0_': 1.0, '_a3_': 1.0, '_a6_': 1.0, '_a7_': 1.0}};{'d0': 0.02490583292711501};-276.475521868276;51.18443642230588
18377;-87.0533245118318;(((pow2(((pow2(_a1_) * ((_a1_ ** _a5_) * _a5_)) + (_a4_ + x))) + _a1_) * _a2_) * x);{'d0': {'_a1_': 0.4283916274306349, '_a2_': 3.3767608775915043, '_a4_': 0.293083008524173, '_a5_': 0.11302076388190463, '_a0_': 1.0, '_a3_': 1.0, '_a6_': 1.0, '_a7_': 1.0}};{'d0': 0.02490583292711501};-276.475521868276;51.18443642230588
18378;-87.0533245118318;(((pow2(((pow2(_a1_) * ((_a1_ ** _a5_) * _a5_)) + (_a4_ + x))) + _a1_) * _a2_) * x);{'d0': {'_a1_': 0.4283916274306349, '_a2_': 3.3767608775915043, '_a4_': 0.293083008524173, '_a5_': 0.11302076388190463, '_a0_': 1.0, '_a3_': 1.0, '_a6_': 1.0, '_a7_': 1.0}};{'d0': 0.02490583292711501};-276.475521868276;51.18443642230588
18379;-87.0533245118318;(((pow2(((pow2(_a1_) * ((_a1_ ** _a5_) * _a5_)) + (_a4_ + x))) + _a1_) * _a2_) * x);{'d0': {'_a1_': 0.4283916274306349, '_a2_': 3.3767608775915043, '_a4_': 0.293083008524173, '_a5_': 0.11302076388190463, '_a0_': 1.0, '_a3_': 1.0, '_a6_': 1.0, '_a7_': 1.0}};{'d0': 0.02490583292711501};-276.475521868276;51.18443642230588
18380;-87.0533245118318;(((pow2(((pow2(_a1_) * ((_a1_ ** _a5_) * _a5_)) + (_a4_ + x))) + _a1_) * _a2_) * x);{'d0': {'_a1_': 0.4283916274306349, '_a2_': 3.3767608775915043, '_a4_': 0.293083008524173, '_a5_': 0.11302076388190463, '_a0_': 1.0, '_a3_': 1.0, '_a6_': 1.0, '_a7_': 1.0}};{'d0': 0.02490583292711501};-276.475521868276;51.18443642230588
18381;-89.1004968022159;(((pow2(((pow2(_a1_) * ((_a1_ ** _a5_) * _a5_)) + (_a1_ + x))) + _a1_) * _a2_) * x);{'d0': {'_a1_': 0.4283916274975829, '_a2_': 3.3767608799105564, '_a5_': -0.43783398016552016, '_a0_': 1.0, '_a3_': 1.0, '_a4_': 1.0, '_a6_': 1.0, '_a7_': 1.0}};{'d0': 0.024905832919416625};-280.569866449044;51.18443642230588
18382;-87.9369714201926;(((pow2(((pow2(_a1_) * ((_a1_ ** x) * _a5_)) + (_a1_ + x))) + _a1_) * _a2_) * x);{'d0': {'_a1_': 0.5686814251578559, '_a2_': 2.580962045344439, '_a5_': -0.622757619179995, '_a0_': 1.0, '_a3_': 1.0, '_a4_': 1.0, '_a6_': 1.0, '_a7_': 1.0}};{'d0': 0.02589076157763361};-278.242815684997;51.18443642230588
18383;-87.9369714201926;(((pow2(((pow2(_a1_) * ((_a1_ ** x) * _a5_)) + (_a1_ + x))) + _a1_) * _a2_) * x);{'d0': {'_a1_': 0.5686814251578559, '_a2_': 2.580962045344439, '_a5_': -0.622757619179995, '_a0_': 1.0, '_a3_': 1.0, '_a4_': 1.0, '_a6_': 1.0, '_a7_': 1.0}};{'d0': 0.02589076157763361};-278.242815684997;51.18443642230588
18384;-87.9369714201926;(((pow2(((pow2(_a1_) * ((_a1_ ** x) * _a5_)) + (_a1_ + x))) + _a1_) * _a2_) * x);{'d0': {'_a1_': 0.5686814251578559, '_a2_': 2.580962045344439, '_a5_': -0.622757619179995, '_a0_': 1.0, '_a3_': 1.0, '_a4_': 1.0, '_a6_': 1.0, '_a7_': 1.0}};{'d0': 0.02589076157763361};-278.242815684997;51.18443642230588
18385;-106.633986122803;(x * (_a7_ + pow2(((x + _a3_) * pow2((_a2_ * _a2_))))));{'d0': {'_a2_': 1.1642936757655338, '_a3_': 0.31192970772451406, '_a7_': 1.4465760891201362, '_a0_': 1.0, '_a1_': 1.0, '_a4_': 1.0, '_a5_': 1.0, '_a6_': 1.0}};{'d0': 0.024905832919416605};-280.569866449044;33.65094710171891
18386;-106.633986122803;(x * (_a7_ + pow2(((x + _a3_) * pow2((_a2_ * _a2_))))));{'d0': {'_a2_': 1.1642936757655338, '_a3_': 0.31192970772451406, '_a7_': 1.4465760891201362, '_a0_': 1.0, '_a1_': 1.0, '_a4_': 1.0, '_a5_': 1.0, '_a6_': 1.0}};{'d0': 0.024905832919416605};-280.569866449044;33.65094710171891
18387;-106.633986122803;(x * (_a7_ + pow2(((x + _a3_) * pow2((_a2_ * _a2_))))));{'d0': {'_a2_': 1.1642936757655338, '_a3_': 0.31192970772451406, '_a7_': 1.4465760891201362, '_a0_': 1.0, '_a1_': 1.0, '_a4_': 1.0, '_a5_': 1.0, '_a6_': 1.0}};{'d0': 0.024905832919416605};-280.569866449044;33.65094710171891
18388;-106.633986122803;(x * (_a7_ + pow2(((x + _a3_) * pow2((_a2_ * _a2_))))));{'d0': {'_a2_': 1.1642936757655338, '_a3_': 0.31192970772451406, '_a7_': 1.4465760891201362, '_a0_': 1.0, '_a1_': 1.0, '_a4_': 1.0, '_a5_': 1.0, '_a6_': 1.0}};{'d0': 0.024905832919416605};-280.569866449044;33.65094710171891
18389;-106.633986122803;(x * (_a7_ + pow2(((x + _a3_) * pow2((_a2_ * _a2_))))));{'d0': {'_a2_': 1.1642936757655338, '_a3_': 0.31192970772451406, '_a7_': 1.4465760891201362, '_a0_': 1.0, '_a1_': 1.0, '_a4_': 1.0, '_a5_': 1.0, '_a6_': 1.0}};{'d0': 0.024905832919416605};-280.569866449044;33.65094710171891
18390;-106.633986122803;(x * (_a7_ + pow2(((x + _a3_) * pow2((_a2_ * _a2_))))));{'d0': {'_a2_': 1.1642936757655338, '_a3_': 0.31192970772451406, '_a7_': 1.4465760891201362, '_a0_': 1.0, '_a1_': 1.0, '_a4_': 1.0, '_a5_': 1.0, '_a6_': 1.0}};{'d0': 0.024905832919416605};-280.569866449044;33.65094710171891
18391;-106.633986122803;(x * (_a7_ + pow2(((x + _a3_) * pow2((_a2_ * _a2_))))));{'d0': {'_a2_': 1.1642936757655338, '_a3_': 0.31192970772451406, '_a7_': 1.4465760891201362, '_a0_': 1.0, '_a1_': 1.0, '_a4_': 1.0, '_a5_': 1.0, '_a6_': 1.0}};{'d0': 0.024905832919416605};-280.569866449044;33.65094710171891
18392;-106.633986122803;(x * (_a7_ + pow2(((x + _a3_) * pow2((_a2_ * _a2_))))));{'d0': {'_a2_': 1.1642936757655338, '_a3_': 0.31192970772451406, '_a7_': 1.4465760891201362, '_a0_': 1.0, '_a1_': 1.0, '_a4_': 1.0, '_a5_': 1.0, '_a6_': 1.0}};{'d0': 0.024905832919416605};-280.569866449044;33.65094710171891
18393;-106.633986122803;(x * (_a7_ + pow2(((x + _a3_) * pow2((_a2_ * _a2_))))));{'d0': {'_a2_': 1.1642936757655338, '_a3_': 0.31192970772451406, '_a7_': 1.4465760891201362, '_a0_': 1.0, '_a1_': 1.0, '_a4_': 1.0, '_a5_': 1.0, '_a6_': 1.0}};{'d0': 0.024905832919416605};-280.569866449044;33.65094710171891
18394;-106.633986122803;(x * (_a7_ + pow2(((x + _a3_) * pow2((_a2_ * _a2_))))));{'d0': {'_a2_': 1.1642936757655338, '_a3_': 0.31192970772451406, '_a7_': 1.4465760891201362, '_a0_': 1.0, '_a1_': 1.0, '_a4_': 1.0, '_a5_': 1.0, '_a6_': 1.0}};{'d0': 0.024905832919416605};-280.569866449044;33.65094710171891
18395;-106.633986122803;(x * (_a7_ + pow2(((x + _a3_) * pow2((_a2_ * _a2_))))));{'d0': {'_a2_': 1.1642936757655338, '_a3_': 0.31192970772451406, '_a7_': 1.4465760891201362, '_a0_': 1.0, '_a1_': 1.0, '_a4_': 1.0, '_a5_': 1.0, '_a6_': 1.0}};{'d0': 0.024905832919416605};-280.569866449044;33.65094710171891
18396;-106.633986122803;(x * (_a7_ + pow2(((x + _a3_) * pow2((_a2_ * _a2_))))));{'d0': {'_a2_': 1.1642936757655338, '_a3_': 0.31192970772451406, '_a7_': 1.4465760891201362, '_a0_': 1.0, '_a1_': 1.0, '_a4_': 1.0, '_a5_': 1.0, '_a6_': 1.0}};{'d0': 0.024905832919416605};-280.569866449044;33.65094710171891
18397;-106.633986122803;(x * (_a7_ + pow2(((x + _a3_) * pow2((_a2_ * _a2_))))));{'d0': {'_a2_': 1.1642936757655338, '_a3_': 0.31192970772451406, '_a7_': 1.4465760891201362, '_a0_': 1.0, '_a1_': 1.0, '_a4_': 1.0, '_a5_': 1.0, '_a6_': 1.0}};{'d0': 0.024905832919416605};-280.569866449044;33.65094710171891
18398;-106.633986122803;(x * (_a7_ + pow2(((x + _a3_) * pow2((_a2_ * _a2_))))));{'d0': {'_a2_': 1.1642936757655338, '_a3_': 0.31192970772451406, '_a7_': 1.4465760891201362, '_a0_': 1.0, '_a1_': 1.0, '_a4_': 1.0, '_a5_': 1.0, '_a6_': 1.0}};{'d0': 0.024905832919416605};-280.569866449044;33.65094710171891
18399;-106.633986122803;(x * (_a7_ + pow2(((x + _a3_) * pow2((_a2_ * _a2_))))));{'d0': {'_a2_': 1.1642936757655338, '_a3_': 0.31192970772451406, '_a7_': 1.4465760891201362, '_a0_': 1.0, '_a1_': 1.0, '_a4_': 1.0, '_a5_': 1.0, '_a6_': 1.0}};{'d0': 0.024905832919416605};-280.569866449044;33.65094710171891
18400;-106.633986122803;(x * (_a7_ + pow2(((x + _a3_) * pow2((_a2_ * _a2_))))));{'d0': {'_a2_': 1.1642936757655338, '_a3_': 0.31192970772451406, '_a7_': 1.4465760891201362, '_a0_': 1.0, '_a1_': 1.0, '_a4_': 1.0, '_a5_': 1.0, '_a6_': 1.0}};{'d0': 0.024905832919416605};-280.569866449044;33.65094710171891
18401;-106.633986122803;(x * (_a7_ + pow2(((x + _a3_) * pow2((_a2_ * _a2_))))));{'d0': {'_a2_': 1.1642936757655338, '_a3_': 0.31192970772451406, '_a7_': 1.4465760891201362, '_a0_': 1.0, '_a1_': 1.0, '_a4_': 1.0, '_a5_': 1.0, '_a6_': 1.0}};{'d0': 0.024905832919416605};-280.569866449044;33.65094710171891
18402;-106.633986122803;(x * (_a7_ + pow2(((x + _a3_) * pow2((_a2_ * _a2_))))));{'d0': {'_a2_': 1.1642936757655338, '_a3_': 0.31192970772451406, '_a7_': 1.4465760891201362, '_a0_': 1.0, '_a1_': 1.0, '_a4_': 1.0, '_a5_': 1.0, '_a6_': 1.0}};{'d0': 0.024905832919416605};-280.569866449044;33.65094710171891
18403;-106.633986122803;(x * (_a7_ + pow2(((x + _a3_) * pow2((_a2_ * _a2_))))));{'d0': {'_a2_': 1.1642936757655338, '_a3_': 0.31192970772451406, '_a7_': 1.4465760891201362, '_a0_': 1.0, '_a1_': 1.0, '_a4_': 1.0, '_a5_': 1.0, '_a6_': 1.0}};{'d0': 0.024905832919416605};-280.569866449044;33.65094710171891
18404;-106.633986122803;(x * (_a7_ + pow2(((x + _a3_) * pow2((_a2_ * _a2_))))));{'d0': {'_a2_': 1.1642936757655338, '_a3_': 0.31192970772451406, '_a7_': 1.4465760891201362, '_a0_': 1.0, '_a1_': 1.0, '_a4_': 1.0, '_a5_': 1.0, '_a6_': 1.0}};{'d0': 0.024905832919416605};-280.569866449044;33.65094710171891
18405;-106.633986122803;(x * (_a7_ + pow2(((x + _a3_) * pow2((_a2_ * _a2_))))));{'d0': {'_a2_': 1.1642936757655338, '_a3_': 0.31192970772451406, '_a7_': 1.4465760891201362, '_a0_': 1.0, '_a1_': 1.0, '_a4_': 1.0, '_a5_': 1.0, '_a6_': 1.0}};{'d0': 0.024905832919416605};-280.569866449044;33.65094710171891
18406;-106.633986122803;(x * (_a7_ + pow2(((x + _a3_) * pow2((_a2_ * _a2_))))));{'d0': {'_a2_': 1.1642936757655338, '_a3_': 0.31192970772451406, '_a7_': 1.4465760891201362, '_a0_': 1.0, '_a1_': 1.0, '_a4_': 1.0, '_a5_': 1.0, '_a6_': 1.0}};{'d0': 0.024905832919416605};-280.569866449044;33.65094710171891
18407;-93.7168728670423;(((pow2(((pow2(_a1_) * (_a3_ * _a5_)) + (_a3_ + x))) + _a1_) * _a2_) * x);{'d0': {'_a1_': 0.42839162811692794, '_a2_': 3.3767608774991946, '_a3_': 0.37309635060452606, '_a5_': -0.8933299310091927, '_a0_': 1.0, '_a4_': 1.0, '_a6_': 1.0, '_a7_': 1.0}};{'d0': 0.024905832919551542};-276.475521886496;44.52088807620588
18408;-93.7168728670423;(((pow2(((pow2(_a1_) * (_a3_ * _a5_)) + (_a3_ + x))) + _a1_) * _a2_) * x);{'d0': {'_a1_': 0.42839162811692794, '_a2_': 3.3767608774991946, '_a3_': 0.37309635060452606, '_a5_': -0.8933299310091927, '_a0_': 1.0, '_a4_': 1.0, '_a6_': 1.0, '_a7_': 1.0}};{'d0': 0.024905832919551542};-276.475521886496;44.52088807620588
18409;-94.6157767043229;(((pow2(((pow2(_a1_) * (_a3_ * _a5_)) * (_a3_ + x))) + _a1_) * _a2_) * x);{'d0': {'_a1_': 0.6269580260317824, '_a2_': 2.3072933259564463, '_a3_': 0.3119297076380669, '_a5_': -9.866544157338671, '_a0_': 1.0, '_a4_': 1.0, '_a6_': 1.0, '_a7_': 1.0}};{'d0': 0.024905832919527};-276.475521886556;43.62198423895488
18410;-94.6157767043229;(((pow2(((pow2(_a1_) * (_a3_ * _a5_)) * (_a3_ + x))) + _a1_) * _a2_) * x);{'d0': {'_a1_': 0.6269580260317824, '_a2_': 2.3072933259564463, '_a3_': 0.3119297076380669, '_a5_': -9.866544157338671, '_a0_': 1.0, '_a4_': 1.0, '_a6_': 1.0, '_a7_': 1.0}};{'d0': 0.024905832919527};-276.475521886556;43.62198423895488
18411;-94.6157767043229;(((pow2(((pow2(_a1_) * (_a3_ * _a5_)) * (_a3_ + x))) + _a1_) * _a2_) * x);{'d0': {'_a1_': 0.6269580260317824, '_a2_': 2.3072933259564463, '_a3_': 0.3119297076380669, '_a5_': -9.866544157338671, '_a0_': 1.0, '_a4_': 1.0, '_a6_': 1.0, '_a7_': 1.0}};{'d0': 0.024905832919527};-276.475521886556;43.62198423895488
18412;-94.6157767043229;(((pow2(((pow2(_a1_) * (_a3_ * _a5_)) * (_a3_ + x))) + _a1_) * _a2_) * x);{'d0': {'_a1_': 0.6269580260317824, '_a2_': 2.3072933259564463, '_a3_': 0.3119297076380669, '_a5_': -9.866544157338671, '_a0_': 1.0, '_a4_': 1.0, '_a6_': 1.0, '_a7_': 1.0}};{'d0': 0.024905832919527};-276.475521886556;43.62198423895488
18413;-94.6157767043229;(((pow2(((pow2(_a1_) * (_a3_ * _a5_)) * (_a3_ + x))) + _a1_) * _a2_) * x);{'d0': {'_a1_': 0.6269580260317824, '_a2_': 2.3072933259564463, '_a3_': 0.3119297076380669, '_a5_': -9.866544157338671, '_a0_': 1.0, '_a4_': 1.0, '_a6_': 1.0, '_a7_': 1.0}};{'d0': 0.024905832919527};-276.475521886556;43.62198423895488
18414;-94.6157767043229;(((pow2(((pow2(_a1_) * (_a3_ * _a5_)) * (_a3_ + x))) + _a1_) * _a2_) * x);{'d0': {'_a1_': 0.6269580260317824, '_a2_': 2.3072933259564463, '_a3_': 0.3119297076380669, '_a5_': -9.866544157338671, '_a0_': 1.0, '_a4_': 1.0, '_a6_': 1.0, '_a7_': 1.0}};{'d0': 0.024905832919527};-276.475521886556;43.62198423895488
18415;-94.6157767043229;(((pow2(((pow2(_a1_) * (_a3_ * _a5_)) * (_a3_ + x))) + _a1_) * _a2_) * x);{'d0': {'_a1_': 0.6269580260317824, '_a2_': 2.3072933259564463, '_a3_': 0.3119297076380669, '_a5_': -9.866544157338671, '_a0_': 1.0, '_a4_': 1.0, '_a6_': 1.0, '_a7_': 1.0}};{'d0': 0.024905832919527};-276.475521886556;43.62198423895488
18416;-94.6157767043229;(((pow2(((pow2(_a1_) * (_a3_ * _a5_)) * (_a3_ + x))) + _a1_) * _a2_) * x);{'d0': {'_a1_': 0.6269580260317824, '_a2_': 2.3072933259564463, '_a3_': 0.3119297076380669, '_a5_': -9.866544157338671, '_a0_': 1.0, '_a4_': 1.0, '_a6_': 1.0, '_a7_': 1.0}};{'d0': 0.024905832919527};-276.475521886556;43.62198423895488
18417;-96.2665388958454;(((pow2(((_a6_ * (_a3_ * _a5_)) * (_a3_ + x))) + _a1_) * _a2_) * x);{'d0': {'_a1_': 0.5833950321150986, '_a2_': 2.479582373584145, '_a3_': 0.3119297077232105, '_a5_': -9.995042807299148, '_a6_': 0.3742997015084748, '_a0_': 1.0, '_a4_': 1.0, '_a7_': 1.0}};{'d0': 0.0249058329195074};-272.381177324381;39.92404976634488
18418;-96.2665388958454;(((pow2(((_a6_ * (_a3_ * _a5_)) * (_a3_ + x))) + _a1_) * _a2_) * x);{'d0': {'_a1_': 0.5833950321150986, '_a2_': 2.479582373584145, '_a3_': 0.3119297077232105, '_a5_': -9.995042807299148, '_a6_': 0.3742997015084748, '_a0_': 1.0, '_a4_': 1.0, '_a7_': 1.0}};{'d0': 0.0249058329195074};-272.381177324381;39.92404976634488
18419;-96.2665388958454;(((pow2(((_a6_ * (_a3_ * _a5_)) * (_a3_ + x))) + _a1_) * _a2_) * x);{'d0': {'_a1_': 0.5833950321150986, '_a2_': 2.479582373584145, '_a3_': 0.3119297077232105, '_a5_': -9.995042807299148, '_a6_': 0.3742997015084748, '_a0_': 1.0, '_a4_': 1.0, '_a7_': 1.0}};{'d0': 0.0249058329195074};-272.381177324381;39.92404976634488
18420;-96.2665388958454;(((pow2(((_a6_ * (_a3_ * _a5_)) * (_a3_ + x))) + _a1_) * _a2_) * x);{'d0': {'_a1_': 0.5833950321150986, '_a2_': 2.479582373584145, '_a3_': 0.3119297077232105, '_a5_': -9.995042807299148, '_a6_': 0.3742997015084748, '_a0_': 1.0, '_a4_': 1.0, '_a7_': 1.0}};{'d0': 0.0249058329195074};-272.381177324381;39.92404976634488
18421;-96.2665388958454;(((pow2(((_a6_ * (_a3_ * _a5_)) * (_a3_ + x))) + _a1_) * _a2_) * x);{'d0': {'_a1_': 0.5833950321150986, '_a2_': 2.479582373584145, '_a3_': 0.3119297077232105, '_a5_': -9.995042807299148, '_a6_': 0.3742997015084748, '_a0_': 1.0, '_a4_': 1.0, '_a7_': 1.0}};{'d0': 0.0249058329195074};-272.381177324381;39.92404976634488
18422;-96.2665388958454;(((pow2(((_a6_ * (_a3_ * _a5_)) * (_a3_ + x))) + _a1_) * _a2_) * x);{'d0': {'_a1_': 0.5833950321150986, '_a2_': 2.479582373584145, '_a3_': 0.3119297077232105, '_a5_': -9.995042807299148, '_a6_': 0.3742997015084748, '_a0_': 1.0, '_a4_': 1.0, '_a7_': 1.0}};{'d0': 0.0249058329195074};-272.381177324381;39.92404976634488
18423;-95.3676350460903;(((pow2(((_a6_ + (_a3_ * _a5_)) * (_a3_ + x))) + _a1_) * _a2_) * x);{'d0': {'_a1_': 0.3429446092665296, '_a2_': 4.21810255930784, '_a3_': 0.31192970770269735, '_a5_': -14.002352205661635, '_a6_': 3.473020610672279, '_a0_': 1.0, '_a4_': 1.0, '_a7_': 1.0}};{'d0': 0.02490583292988825};-272.381177299372;40.82295360359588
18424;-95.3676350460903;(((pow2(((_a6_ + (_a3_ * _a5_)) * (_a3_ + x))) + _a1_) * _a2_) * x);{'d0': {'_a1_': 0.3429446092665296, '_a2_': 4.21810255930784, '_a3_': 0.31192970770269735, '_a5_': -14.002352205661635, '_a6_': 3.473020610672279, '_a0_': 1.0, '_a4_': 1.0, '_a7_': 1.0}};{'d0': 0.02490583292988825};-272.381177299372;40.82295360359588
18425;-95.3676350460903;(((pow2(((_a6_ + (_a3_ * _a5_)) * (_a3_ + x))) + _a1_) * _a2_) * x);{'d0': {'_a1_': 0.3429446092665296, '_a2_': 4.21810255930784, '_a3_': 0.31192970770269735, '_a5_': -14.002352205661635, '_a6_': 3.473020610672279, '_a0_': 1.0, '_a4_': 1.0, '_a7_': 1.0}};{'d0': 0.02490583292988825};-272.381177299372;40.82295360359588
18426;-95.3676350460903;(((pow2(((_a6_ + (_a3_ * _a5_)) * (_a3_ + x))) + _a1_) * _a2_) * x);{'d0': {'_a1_': 0.3429446092665296, '_a2_': 4.21810255930784, '_a3_': 0.31192970770269735, '_a5_': -14.002352205661635, '_a6_': 3.473020610672279, '_a0_': 1.0, '_a4_': 1.0, '_a7_': 1.0}};{'d0': 0.02490583292988825};-272.381177299372;40.82295360359588
18427;-95.3676350460903;(((pow2(((_a6_ + (_a3_ * _a5_)) * (_a3_ + x))) + _a1_) * _a2_) * x);{'d0': {'_a1_': 0.3429446092665296, '_a2_': 4.21810255930784, '_a3_': 0.31192970770269735, '_a5_': -14.002352205661635, '_a6_': 3.473020610672279, '_a0_': 1.0, '_a4_': 1.0, '_a7_': 1.0}};{'d0': 0.02490583292988825};-272.381177299372;40.82295360359588
18428;-100.316974983926;(((pow2(((_a6_ + _a0_) * (_a3_ + x))) + _a1_) * _a2_) * x);{'d0': {'_a0_': -5.7640228045338775, '_a1_': 0.17259628233330143, '_a2_': 8.381269826766829, '_a3_': 0.3119297077988099, '_a6_': 6.398761878703438, '_a4_': 1.0, '_a5_': 1.0, '_a7_': 1.0}};{'d0': 0.024905832919611435};-272.381177324130;35.87361367813888
18429;-99.3936658262274;(((pow2(((_a6_ + _a0_) * (_a3_ + x))) + _a1_) / _a2_) * x);{'d0': {'_a0_': -92.03517025152352, '_a1_': 460.3714793410295, '_a2_': 318.2490590007169, '_a3_': 0.3119297078163702, '_a6_': 124.81706011740118, '_a4_': 1.0, '_a5_': 1.0, '_a7_': 1.0}};{'d0': 0.024905832944875358};-272.381177263267;36.79692280540628
18430;-99.3936658262274;(((pow2(((_a6_ + _a0_) * (_a3_ + x))) + _a1_) / _a2_) * x);{'d0': {'_a0_': -92.03517025152352, '_a1_': 460.3714793410295, '_a2_': 318.2490590007169, '_a3_': 0.3119297078163702, '_a6_': 124.81706011740118, '_a4_': 1.0, '_a5_': 1.0, '_a7_': 1.0}};{'d0': 0.024905832944875358};-272.381177263267;36.79692280540628
18431;-99.3936658567221;(((pow2(((_a6_ + _a5_) * (_a3_ + x))) + _a1_) / _a2_) * x);{'d0': {'_a1_': 4296.338455510712, '_a2_': 2970.0051646000575, '_a3_': 0.3119297077276755, '_a5_': 561.5944301709229, '_a6_': -461.449544240352, '_a0_': 1.0, '_a4_': 1.0, '_a7_': 1.0}};{'d0': 0.024905832919558817};-272.381177324257;36.79692280540628
18432;-99.3936658567221;(((pow2(((_a6_ + _a5_) * (_a3_ + x))) + _a1_) / _a2_) * x);{'d0': {'_a1_': 4296.338455510712, '_a2_': 2970.0051646000575, '_a3_': 0.3119297077276755, '_a5_': 561.5944301709229, '_a6_': -461.449544240352, '_a0_': 1.0, '_a4_': 1.0, '_a7_': 1.0}};{'d0': 0.024905832919558817};-272.381177324257;36.79692280540628
18433;-99.3936658567221;(((pow2(((_a6_ + _a5_) * (_a3_ + x))) + _a1_) / _a2_) * x);{'d0': {'_a1_': 4296.338455510712, '_a2_': 2970.0051646000575, '_a3_': 0.3119297077276755, '_a5_': 561.5944301709229, '_a6_': -461.449544240352, '_a0_': 1.0, '_a4_': 1.0, '_a7_': 1.0}};{'d0': 0.024905832919558817};-272.381177324257;36.79692280540628
18434;-99.3936658567221;(((pow2(((_a6_ + _a5_) * (_a3_ + x))) + _a1_) / _a2_) * x);{'d0': {'_a1_': 4296.338455510712, '_a2_': 2970.0051646000575, '_a3_': 0.3119297077276755, '_a5_': 561.5944301709229, '_a6_': -461.449544240352, '_a0_': 1.0, '_a4_': 1.0, '_a7_': 1.0}};{'d0': 0.024905832919558817};-272.381177324257;36.79692280540628
18435;-99.3936658567221;(((pow2(((_a6_ + _a5_) * (_a3_ + x))) + _a1_) / _a2_) * x);{'d0': {'_a1_': 4296.338455510712, '_a2_': 2970.0051646000575, '_a3_': 0.3119297077276755, '_a5_': 561.5944301709229, '_a6_': -461.449544240352, '_a0_': 1.0, '_a4_': 1.0, '_a7_': 1.0}};{'d0': 0.024905832919558817};-272.381177324257;36.79692280540628
18436;-99.3936658567221;(((pow2(((_a6_ + _a5_) * (_a3_ + x))) + _a1_) / _a2_) * x);{'d0': {'_a1_': 4296.338455510712, '_a2_': 2970.0051646000575, '_a3_': 0.3119297077276755, '_a5_': 561.5944301709229, '_a6_': -461.449544240352, '_a0_': 1.0, '_a4_': 1.0, '_a7_': 1.0}};{'d0': 0.024905832919558817};-272.381177324257;36.79692280540628
18437;-99.3936658567221;(((pow2(((_a6_ + _a5_) * (_a3_ + x))) + _a1_) / _a2_) * x);{'d0': {'_a1_': 4296.338455510712, '_a2_': 2970.0051646000575, '_a3_': 0.3119297077276755, '_a5_': 561.5944301709229, '_a6_': -461.449544240352, '_a0_': 1.0, '_a4_': 1.0, '_a7_': 1.0}};{'d0': 0.024905832919558817};-272.381177324257;36.79692280540628
18438;-99.3936658567221;(((pow2(((_a6_ + _a5_) * (_a3_ + x))) + _a1_) / _a2_) * x);{'d0': {'_a1_': 4296.338455510712, '_a2_': 2970.0051646000575, '_a3_': 0.3119297077276755, '_a5_': 561.5944301709229, '_a6_': -461.449544240352, '_a0_': 1.0, '_a4_': 1.0, '_a7_': 1.0}};{'d0': 0.024905832919558817};-272.381177324257;36.79692280540628
18439;-99.3936658567221;(((pow2(((_a6_ + _a5_) * (_a3_ + x))) + _a1_) / _a2_) * x);{'d0': {'_a1_': 4296.338455510712, '_a2_': 2970.0051646000575, '_a3_': 0.3119297077276755, '_a5_': 561.5944301709229, '_a6_': -461.449544240352, '_a0_': 1.0, '_a4_': 1.0, '_a7_': 1.0}};{'d0': 0.024905832919558817};-272.381177324257;36.79692280540628
18440;-101.440838134038;(((pow2(((_a3_ + _a5_) * (_a3_ + x))) + _a1_) / _a2_) * x);{'d0': {'_a1_': 17450.215711699646, '_a2_': 12063.11637489382, '_a3_': 0.31192970788377633, '_a5_': 201.51541631150442, '_a0_': 1.0, '_a4_': 1.0, '_a6_': 1.0, '_a7_': 1.0}};{'d0': 0.02490583292270957};-276.475521878889;36.79692280540628
18441;-101.440838134038;(((pow2(((_a3_ + _a5_) * (_a3_ + x))) + _a1_) / _a2_) * x);{'d0': {'_a1_': 17450.215711699646, '_a2_': 12063.11637489382, '_a3_': 0.31192970788377633, '_a5_': 201.51541631150442, '_a0_': 1.0, '_a4_': 1.0, '_a6_': 1.0, '_a7_': 1.0}};{'d0': 0.02490583292270957};-276.475521878889;36.79692280540628
18442;-101.440838134038;(((pow2(((_a3_ + _a5_) * (_a3_ + x))) + _a1_) / _a2_) * x);{'d0': {'_a1_': 17450.215711699646, '_a2_': 12063.11637489382, '_a3_': 0.31192970788377633, '_a5_': 201.51541631150442, '_a0_': 1.0, '_a4_': 1.0, '_a6_': 1.0, '_a7_': 1.0}};{'d0': 0.02490583292270957};-276.475521878889;36.79692280540628
18443;-101.440838134038;(((pow2(((_a3_ + _a5_) * (_a3_ + x))) + _a1_) / _a2_) * x);{'d0': {'_a1_': 17450.215711699646, '_a2_': 12063.11637489382, '_a3_': 0.31192970788377633, '_a5_': 201.51541631150442, '_a0_': 1.0, '_a4_': 1.0, '_a6_': 1.0, '_a7_': 1.0}};{'d0': 0.02490583292270957};-276.475521878889;36.79692280540628
18444;-101.440838134038;(((pow2(((_a3_ + _a5_) * (_a3_ + x))) + _a1_) / _a2_) * x);{'d0': {'_a1_': 17450.215711699646, '_a2_': 12063.11637489382, '_a3_': 0.31192970788377633, '_a5_': 201.51541631150442, '_a0_': 1.0, '_a4_': 1.0, '_a6_': 1.0, '_a7_': 1.0}};{'d0': 0.02490583292270957};-276.475521878889;36.79692280540628
18445;-101.440838134038;(((pow2(((_a3_ + _a5_) * (_a3_ + x))) + _a1_) / _a2_) * x);{'d0': {'_a1_': 17450.215711699646, '_a2_': 12063.11637489382, '_a3_': 0.31192970788377633, '_a5_': 201.51541631150442, '_a0_': 1.0, '_a4_': 1.0, '_a6_': 1.0, '_a7_': 1.0}};{'d0': 0.02490583292270957};-276.475521878889;36.79692280540628
18446;-101.440838134038;(((pow2(((_a3_ + _a5_) * (_a3_ + x))) + _a1_) / _a2_) * x);{'d0': {'_a1_': 17450.215711699646, '_a2_': 12063.11637489382, '_a3_': 0.31192970788377633, '_a5_': 201.51541631150442, '_a0_': 1.0, '_a4_': 1.0, '_a6_': 1.0, '_a7_': 1.0}};{'d0': 0.02490583292270957};-276.475521878889;36.79692280540628
18447;-101.440838134038;(((pow2(((_a3_ + _a5_) * (_a3_ + x))) + _a1_) / _a2_) * x);{'d0': {'_a1_': 17450.215711699646, '_a2_': 12063.11637489382, '_a3_': 0.31192970788377633, '_a5_': 201.51541631150442, '_a0_': 1.0, '_a4_': 1.0, '_a6_': 1.0, '_a7_': 1.0}};{'d0': 0.02490583292270957};-276.475521878889;36.79692280540628
18448;-103.280223376164;((((x * (((x * _a3_) * _a7_) + _a3_)) + _a7_) * x) / _a1_);{'d0': {'_a1_': 0.9029875864674898, '_a3_': 1.902255382885884, '_a7_': 1.602925234436808, '_a0_': 1.0, '_a2_': 1.0, '_a4_': 1.0, '_a5_': 1.0, '_a6_': 1.0}};{'d0': 0.024905832919416622};-280.569866449044;37.004709848358424
18449;-103.280223376164;((((x * (((x * _a3_) * _a7_) + _a3_)) + _a7_) * x) / _a1_);{'d0': {'_a1_': 0.9029875864674898, '_a3_': 1.902255382885884, '_a7_': 1.602925234436808, '_a0_': 1.0, '_a2_': 1.0, '_a4_': 1.0, '_a5_': 1.0, '_a6_': 1.0}};{'d0': 0.024905832919416622};-280.569866449044;37.004709848358424
18450;-103.280223376164;((((x * (((x * _a3_) * _a7_) + _a3_)) + _a7_) * x) / _a1_);{'d0': {'_a1_': 0.9029875864674898, '_a3_': 1.902255382885884, '_a7_': 1.602925234436808, '_a0_': 1.0, '_a2_': 1.0, '_a4_': 1.0, '_a5_': 1.0, '_a6_': 1.0}};{'d0': 0.024905832919416622};-280.569866449044;37.004709848358424
18451;-103.280223376164;((((x * (((x * _a3_) * _a7_) + _a3_)) + _a7_) * x) / _a1_);{'d0': {'_a1_': 0.9029875864674898, '_a3_': 1.902255382885884, '_a7_': 1.602925234436808, '_a0_': 1.0, '_a2_': 1.0, '_a4_': 1.0, '_a5_': 1.0, '_a6_': 1.0}};{'d0': 0.024905832919416622};-280.569866449044;37.004709848358424
18452;-103.280223376164;((((x * (((x * _a3_) * _a7_) + _a3_)) + _a7_) * x) / _a1_);{'d0': {'_a1_': 0.9029875864674898, '_a3_': 1.902255382885884, '_a7_': 1.602925234436808, '_a0_': 1.0, '_a2_': 1.0, '_a4_': 1.0, '_a5_': 1.0, '_a6_': 1.0}};{'d0': 0.024905832919416622};-280.569866449044;37.004709848358424
18453;-103.280223376164;((((x * (((x * _a3_) * _a7_) + _a3_)) + _a7_) * x) / _a1_);{'d0': {'_a1_': 0.9029875864674898, '_a3_': 1.902255382885884, '_a7_': 1.602925234436808, '_a0_': 1.0, '_a2_': 1.0, '_a4_': 1.0, '_a5_': 1.0, '_a6_': 1.0}};{'d0': 0.024905832919416622};-280.569866449044;37.004709848358424
18454;-103.280223376164;((((x * (((x * _a3_) * _a7_) + _a3_)) + _a7_) * x) / _a1_);{'d0': {'_a1_': 0.9029875864674898, '_a3_': 1.902255382885884, '_a7_': 1.602925234436808, '_a0_': 1.0, '_a2_': 1.0, '_a4_': 1.0, '_a5_': 1.0, '_a6_': 1.0}};{'d0': 0.024905832919416622};-280.569866449044;37.004709848358424
18455;-103.280223376164;((((x * (((x * _a3_) * _a7_) + _a3_)) + _a7_) * x) / _a1_);{'d0': {'_a1_': 0.9029875864674898, '_a3_': 1.902255382885884, '_a7_': 1.602925234436808, '_a0_': 1.0, '_a2_': 1.0, '_a4_': 1.0, '_a5_': 1.0, '_a6_': 1.0}};{'d0': 0.024905832919416622};-280.569866449044;37.004709848358424
18456;-103.280223376164;((((x * (((x * _a3_) * _a7_) + _a3_)) + _a7_) * x) / _a1_);{'d0': {'_a1_': 0.9029875864674898, '_a3_': 1.902255382885884, '_a7_': 1.602925234436808, '_a0_': 1.0, '_a2_': 1.0, '_a4_': 1.0, '_a5_': 1.0, '_a6_': 1.0}};{'d0': 0.024905832919416622};-280.569866449044;37.004709848358424
18457;-103.280223376164;((((x * (((x * _a3_) * _a7_) + _a3_)) + _a7_) * x) / _a1_);{'d0': {'_a1_': 0.9029875864674898, '_a3_': 1.902255382885884, '_a7_': 1.602925234436808, '_a0_': 1.0, '_a2_': 1.0, '_a4_': 1.0, '_a5_': 1.0, '_a6_': 1.0}};{'d0': 0.024905832919416622};-280.569866449044;37.004709848358424
18458;-103.280223376164;((((x * (((x * _a3_) * _a7_) + _a3_)) + _a7_) * x) / _a1_);{'d0': {'_a1_': 0.9029875864674898, '_a3_': 1.902255382885884, '_a7_': 1.602925234436808, '_a0_': 1.0, '_a2_': 1.0, '_a4_': 1.0, '_a5_': 1.0, '_a6_': 1.0}};{'d0': 0.024905832919416622};-280.569866449044;37.004709848358424
18459;-97.9403603656436;((((x * (((x * _a3_) * sqrt(_a7_)) + _a3_)) + _a7_) * x) / _a1_);{'d0': {'_a1_': 1.4474215896463918, '_a3_': 3.0491731555081554, '_a7_': 2.569369308612149, '_a0_': 1.0, '_a2_': 1.0, '_a4_': 1.0, '_a5_': 1.0, '_a6_': 1.0}};{'d0': 0.024905832919416667};-280.569866449044;42.34457285887842
18460;-97.9403603656436;((((x * (((x * _a3_) * sqrt(_a7_)) + _a3_)) + _a7_) * x) / _a1_);{'d0': {'_a1_': 1.4474215896463918, '_a3_': 3.0491731555081554, '_a7_': 2.569369308612149, '_a0_': 1.0, '_a2_': 1.0, '_a4_': 1.0, '_a5_': 1.0, '_a6_': 1.0}};{'d0': 0.024905832919416667};-280.569866449044;42.34457285887842
18461;-97.9403603656436;((((x * (((x * _a3_) * sqrt(_a7_)) + _a3_)) + _a7_) * x) / _a1_);{'d0': {'_a1_': 1.4474215896463918, '_a3_': 3.0491731555081554, '_a7_': 2.569369308612149, '_a0_': 1.0, '_a2_': 1.0, '_a4_': 1.0, '_a5_': 1.0, '_a6_': 1.0}};{'d0': 0.024905832919416667};-280.569866449044;42.34457285887842
18462;-97.9403603656436;((((x * (((x * _a3_) * sqrt(_a7_)) + _a3_)) + _a7_) * x) / _a1_);{'d0': {'_a1_': 1.4474215896463918, '_a3_': 3.0491731555081554, '_a7_': 2.569369308612149, '_a0_': 1.0, '_a2_': 1.0, '_a4_': 1.0, '_a5_': 1.0, '_a6_': 1.0}};{'d0': 0.024905832919416667};-280.569866449044;42.34457285887842
18463;-98.7189549202671;((((x * (((x * _a3_) * sqrt(_a7_)) + _a3_)) + _a7_) * x) * _a1_);{'d0': {'_a1_': 0.690883713008859, '_a3_': 3.0491731504812565, '_a7_': 2.5693693048621613, '_a0_': 1.0, '_a2_': 1.0, '_a4_': 1.0, '_a5_': 1.0, '_a6_': 1.0}};{'d0': 0.02490583291941658};-280.569866449044;41.565978304255026
18464;-98.7189549202671;((((x * (((x * _a3_) * sqrt(_a7_)) + _a3_)) + _a7_) * x) * _a1_);{'d0': {'_a1_': 0.690883713008859, '_a3_': 3.0491731504812565, '_a7_': 2.5693693048621613, '_a0_': 1.0, '_a2_': 1.0, '_a4_': 1.0, '_a5_': 1.0, '_a6_': 1.0}};{'d0': 0.02490583291941658};-280.569866449044;41.565978304255026
18465;-98.7189549202671;((((x * (((x * _a3_) * sqrt(_a7_)) + _a3_)) + _a7_) * x) * _a1_);{'d0': {'_a1_': 0.690883713008859, '_a3_': 3.0491731504812565, '_a7_': 2.5693693048621613, '_a0_': 1.0, '_a2_': 1.0, '_a4_': 1.0, '_a5_': 1.0, '_a6_': 1.0}};{'d0': 0.02490583291941658};-280.569866449044;41.565978304255026
18466;-102.011645649612;((((x * (((x * _a3_) * _a0_) + _a3_)) + _a7_) * x) * _a1_);{'d0': {'_a0_': 1.6029252344145895, '_a1_': 0.7225417513983619, '_a3_': 2.91557410007941, '_a7_': 2.4567927837239396, '_a2_': 1.0, '_a4_': 1.0, '_a5_': 1.0, '_a6_': 1.0}};{'d0': 0.024905832919469646};-276.475521886694;36.22611529373503
18467;-102.011645649612;((((x * (((x * _a3_) * _a0_) + _a3_)) + _a7_) * x) * _a1_);{'d0': {'_a0_': 1.6029252344145895, '_a1_': 0.7225417513983619, '_a3_': 2.91557410007941, '_a7_': 2.4567927837239396, '_a2_': 1.0, '_a4_': 1.0, '_a5_': 1.0, '_a6_': 1.0}};{'d0': 0.024905832919469646};-276.475521886694;36.22611529373503
18468;-102.011645649612;((((x * (((x * _a3_) * _a0_) + _a3_)) + _a7_) * x) * _a1_);{'d0': {'_a0_': 1.6029252344145895, '_a1_': 0.7225417513983619, '_a3_': 2.91557410007941, '_a7_': 2.4567927837239396, '_a2_': 1.0, '_a4_': 1.0, '_a5_': 1.0, '_a6_': 1.0}};{'d0': 0.024905832919469646};-276.475521886694;36.22611529373503
18469;-97.4417087481735;((((x * (((x * _a3_) * _a0_) + _a3_)) + sin(_a3_)) * x) * _a1_);{'d0': {'_a0_': 1.6029252347038359, '_a1_': 2.114878301703798, '_a3_': 0.996097065115776, '_a2_': 1.0, '_a4_': 1.0, '_a5_': 1.0, '_a6_': 1.0, '_a7_': 1.0}};{'d0': 0.024905832919416674};-280.569866449043;42.843224476348546
18470;-97.4417087481735;((((x * (((x * _a3_) * _a0_) + _a3_)) + sin(_a3_)) * x) * _a1_);{'d0': {'_a0_': 1.6029252347038359, '_a1_': 2.114878301703798, '_a3_': 0.996097065115776, '_a2_': 1.0, '_a4_': 1.0, '_a5_': 1.0, '_a6_': 1.0, '_a7_': 1.0}};{'d0': 0.024905832919416674};-280.569866449043;42.843224476348546
18471;-97.4417087481735;((((x * (((x * _a3_) * _a0_) + _a3_)) + sin(_a3_)) * x) * _a1_);{'d0': {'_a0_': 1.6029252347038359, '_a1_': 2.114878301703798, '_a3_': 0.996097065115776, '_a2_': 1.0, '_a4_': 1.0, '_a5_': 1.0, '_a6_': 1.0, '_a7_': 1.0}};{'d0': 0.024905832919416674};-280.569866449043;42.843224476348546
18472;-97.4417087481735;((((x * (((x * _a3_) * _a0_) + _a3_)) + sin(_a3_)) * x) * _a1_);{'d0': {'_a0_': 1.6029252347038359, '_a1_': 2.114878301703798, '_a3_': 0.996097065115776, '_a2_': 1.0, '_a4_': 1.0, '_a5_': 1.0, '_a6_': 1.0, '_a7_': 1.0}};{'d0': 0.024905832919416674};-280.569866449043;42.843224476348546
18473;-97.4417087481735;((((x * (((x * _a3_) * _a0_) + _a3_)) + sin(_a3_)) * x) * _a1_);{'d0': {'_a0_': 1.6029252347038359, '_a1_': 2.114878301703798, '_a3_': 0.996097065115776, '_a2_': 1.0, '_a4_': 1.0, '_a5_': 1.0, '_a6_': 1.0, '_a7_': 1.0}};{'d0': 0.024905832919416674};-280.569866449043;42.843224476348546
18474;-97.4417087481735;((((x * (((x * _a3_) * _a0_) + _a3_)) + sin(_a3_)) * x) * _a1_);{'d0': {'_a0_': 1.6029252347038359, '_a1_': 2.114878301703798, '_a3_': 0.996097065115776, '_a2_': 1.0, '_a4_': 1.0, '_a5_': 1.0, '_a6_': 1.0, '_a7_': 1.0}};{'d0': 0.024905832919416674};-280.569866449043;42.843224476348546
18475;-97.4417087481735;((((x * (((x * _a3_) * _a0_) + _a3_)) + sin(_a3_)) * x) * _a1_);{'d0': {'_a0_': 1.6029252347038359, '_a1_': 2.114878301703798, '_a3_': 0.996097065115776, '_a2_': 1.0, '_a4_': 1.0, '_a5_': 1.0, '_a6_': 1.0, '_a7_': 1.0}};{'d0': 0.024905832919416674};-280.569866449043;42.843224476348546
18476;-97.4417087481735;((((x * (((x * _a3_) * _a0_) + _a3_)) + sin(_a3_)) * x) * _a1_);{'d0': {'_a0_': 1.6029252347038359, '_a1_': 2.114878301703798, '_a3_': 0.996097065115776, '_a2_': 1.0, '_a4_': 1.0, '_a5_': 1.0, '_a6_': 1.0, '_a7_': 1.0}};{'d0': 0.024905832919416674};-280.569866449043;42.843224476348546
18477;-97.4417087481735;((((x * (((x * _a3_) * _a0_) + _a3_)) + sin(_a3_)) * x) * _a1_);{'d0': {'_a0_': 1.6029252347038359, '_a1_': 2.114878301703798, '_a3_': 0.996097065115776, '_a2_': 1.0, '_a4_': 1.0, '_a5_': 1.0, '_a6_': 1.0, '_a7_': 1.0}};{'d0': 0.024905832919416674};-280.569866449043;42.843224476348546
18478;-97.4417087481735;((((x * (((x * _a3_) * _a0_) + _a3_)) + sin(_a3_)) * x) * _a1_);{'d0': {'_a0_': 1.6029252347038359, '_a1_': 2.114878301703798, '_a3_': 0.996097065115776, '_a2_': 1.0, '_a4_': 1.0, '_a5_': 1.0, '_a6_': 1.0, '_a7_': 1.0}};{'d0': 0.024905832919416674};-280.569866449043;42.843224476348546
18479;-97.4417087481735;((((x * (((x * _a3_) * _a0_) + _a3_)) + sin(_a3_)) * x) * _a1_);{'d0': {'_a0_': 1.6029252347038359, '_a1_': 2.114878301703798, '_a3_': 0.996097065115776, '_a2_': 1.0, '_a4_': 1.0, '_a5_': 1.0, '_a6_': 1.0, '_a7_': 1.0}};{'d0': 0.024905832919416674};-280.569866449043;42.843224476348546
18480;-97.4417087481735;((((x * (((x * _a3_) * _a0_) + _a3_)) + sin(_a3_)) * x) * _a1_);{'d0': {'_a0_': 1.6029252347038359, '_a1_': 2.114878301703798, '_a3_': 0.996097065115776, '_a2_': 1.0, '_a4_': 1.0, '_a5_': 1.0, '_a6_': 1.0, '_a7_': 1.0}};{'d0': 0.024905832919416674};-280.569866449043;42.843224476348546
18481;-97.4417087481735;((((x * (((x * _a3_) * _a0_) + _a3_)) + sin(_a3_)) * x) * _a1_);{'d0': {'_a0_': 1.6029252347038359, '_a1_': 2.114878301703798, '_a3_': 0.996097065115776, '_a2_': 1.0, '_a4_': 1.0, '_a5_': 1.0, '_a6_': 1.0, '_a7_': 1.0}};{'d0': 0.024905832919416674};-280.569866449043;42.843224476348546
18482;-97.4417087481735;((((x * (((x * _a3_) * _a0_) + _a3_)) + sin(_a3_)) * x) * _a1_);{'d0': {'_a0_': 1.6029252347038359, '_a1_': 2.114878301703798, '_a3_': 0.996097065115776, '_a2_': 1.0, '_a4_': 1.0, '_a5_': 1.0, '_a6_': 1.0, '_a7_': 1.0}};{'d0': 0.024905832919416674};-280.569866449043;42.843224476348546
18483;-97.4417087481735;((((x * (((x * _a3_) * _a0_) + _a3_)) + sin(_a3_)) * x) * _a1_);{'d0': {'_a0_': 1.6029252347038359, '_a1_': 2.114878301703798, '_a3_': 0.996097065115776, '_a2_': 1.0, '_a4_': 1.0, '_a5_': 1.0, '_a6_': 1.0, '_a7_': 1.0}};{'d0': 0.024905832919416674};-280.569866449043;42.843224476348546
18484;-97.4417087481735;((((x * (((x * _a3_) * _a0_) + _a3_)) + sin(_a3_)) * x) * _a1_);{'d0': {'_a0_': 1.6029252347038359, '_a1_': 2.114878301703798, '_a3_': 0.996097065115776, '_a2_': 1.0, '_a4_': 1.0, '_a5_': 1.0, '_a6_': 1.0, '_a7_': 1.0}};{'d0': 0.024905832919416674};-280.569866449043;42.843224476348546
18485;-97.4417087481735;((((x * (((x * _a3_) * _a0_) + _a3_)) + sin(_a3_)) * x) * _a1_);{'d0': {'_a0_': 1.6029252347038359, '_a1_': 2.114878301703798, '_a3_': 0.996097065115776, '_a2_': 1.0, '_a4_': 1.0, '_a5_': 1.0, '_a6_': 1.0, '_a7_': 1.0}};{'d0': 0.024905832919416674};-280.569866449043;42.843224476348546
18486;-97.4417087481735;((((x * (((x * _a3_) * _a0_) + _a3_)) + sin(_a3_)) * x) * _a1_);{'d0': {'_a0_': 1.6029252347038359, '_a1_': 2.114878301703798, '_a3_': 0.996097065115776, '_a2_': 1.0, '_a4_': 1.0, '_a5_': 1.0, '_a6_': 1.0, '_a7_': 1.0}};{'d0': 0.024905832919416674};-280.569866449043;42.843224476348546
18487;-97.4417087481735;((((x * (((x * _a3_) * _a0_) + _a3_)) + sin(_a3_)) * x) * _a1_);{'d0': {'_a0_': 1.6029252347038359, '_a1_': 2.114878301703798, '_a3_': 0.996097065115776, '_a2_': 1.0, '_a4_': 1.0, '_a5_': 1.0, '_a6_': 1.0, '_a7_': 1.0}};{'d0': 0.024905832919416674};-280.569866449043;42.843224476348546
18488;-97.4417087481735;((((x * (((x * _a3_) * _a0_) + _a3_)) + sin(_a3_)) * x) * _a1_);{'d0': {'_a0_': 1.6029252347038359, '_a1_': 2.114878301703798, '_a3_': 0.996097065115776, '_a2_': 1.0, '_a4_': 1.0, '_a5_': 1.0, '_a6_': 1.0, '_a7_': 1.0}};{'d0': 0.024905832919416674};-280.569866449043;42.843224476348546
18489;-97.4417087481735;((((x * (((x * _a3_) * _a0_) + _a3_)) + sin(_a3_)) * x) * _a1_);{'d0': {'_a0_': 1.6029252347038359, '_a1_': 2.114878301703798, '_a3_': 0.996097065115776, '_a2_': 1.0, '_a4_': 1.0, '_a5_': 1.0, '_a6_': 1.0, '_a7_': 1.0}};{'d0': 0.024905832919416674};-280.569866449043;42.843224476348546
18490;-97.4417087481735;((((x * (((x * _a3_) * _a0_) + _a3_)) + sin(_a3_)) * x) * _a1_);{'d0': {'_a0_': 1.6029252347038359, '_a1_': 2.114878301703798, '_a3_': 0.996097065115776, '_a2_': 1.0, '_a4_': 1.0, '_a5_': 1.0, '_a6_': 1.0, '_a7_': 1.0}};{'d0': 0.024905832919416674};-280.569866449043;42.843224476348546
18491;-97.4417087481735;((((x * (((x * _a3_) * _a0_) + _a3_)) + sin(_a3_)) * x) * _a1_);{'d0': {'_a0_': 1.6029252347038359, '_a1_': 2.114878301703798, '_a3_': 0.996097065115776, '_a2_': 1.0, '_a4_': 1.0, '_a5_': 1.0, '_a6_': 1.0, '_a7_': 1.0}};{'d0': 0.024905832919416674};-280.569866449043;42.843224476348546
18492;-97.4417087481735;((((x * (((x * _a3_) * _a0_) + _a3_)) + sin(_a3_)) * x) * _a1_);{'d0': {'_a0_': 1.6029252347038359, '_a1_': 2.114878301703798, '_a3_': 0.996097065115776, '_a2_': 1.0, '_a4_': 1.0, '_a5_': 1.0, '_a6_': 1.0, '_a7_': 1.0}};{'d0': 0.024905832919416674};-280.569866449043;42.843224476348546
18493;-97.4417087481735;((((x * (((x * _a3_) * _a0_) + _a3_)) + sin(_a3_)) * x) * _a1_);{'d0': {'_a0_': 1.6029252347038359, '_a1_': 2.114878301703798, '_a3_': 0.996097065115776, '_a2_': 1.0, '_a4_': 1.0, '_a5_': 1.0, '_a6_': 1.0, '_a7_': 1.0}};{'d0': 0.024905832919416674};-280.569866449043;42.843224476348546
18494;-97.4417087481735;((((x * (((x * _a3_) * _a0_) + _a3_)) + sin(_a3_)) * x) * _a1_);{'d0': {'_a0_': 1.6029252347038359, '_a1_': 2.114878301703798, '_a3_': 0.996097065115776, '_a2_': 1.0, '_a4_': 1.0, '_a5_': 1.0, '_a6_': 1.0, '_a7_': 1.0}};{'d0': 0.024905832919416674};-280.569866449043;42.843224476348546
18495;-97.4417087481735;((((x * (((x * _a3_) * _a0_) + _a3_)) + sin(_a3_)) * x) * _a1_);{'d0': {'_a0_': 1.6029252347038359, '_a1_': 2.114878301703798, '_a3_': 0.996097065115776, '_a2_': 1.0, '_a4_': 1.0, '_a5_': 1.0, '_a6_': 1.0, '_a7_': 1.0}};{'d0': 0.024905832919416674};-280.569866449043;42.843224476348546
18496;-97.4417087481735;((((x * (((x * _a3_) * _a0_) + _a3_)) + sin(_a3_)) * x) * _a1_);{'d0': {'_a0_': 1.6029252347038359, '_a1_': 2.114878301703798, '_a3_': 0.996097065115776, '_a2_': 1.0, '_a4_': 1.0, '_a5_': 1.0, '_a6_': 1.0, '_a7_': 1.0}};{'d0': 0.024905832919416674};-280.569866449043;42.843224476348546
18497;-97.4417087481735;((((x * (((x * _a3_) * _a0_) + _a3_)) + sin(_a3_)) * x) * _a1_);{'d0': {'_a0_': 1.6029252347038359, '_a1_': 2.114878301703798, '_a3_': 0.996097065115776, '_a2_': 1.0, '_a4_': 1.0, '_a5_': 1.0, '_a6_': 1.0, '_a7_': 1.0}};{'d0': 0.024905832919416674};-280.569866449043;42.843224476348546
18498;-97.4417087481735;((((x * (((x * _a3_) * _a0_) + _a3_)) + sin(_a3_)) * x) * _a1_);{'d0': {'_a0_': 1.6029252347038359, '_a1_': 2.114878301703798, '_a3_': 0.996097065115776, '_a2_': 1.0, '_a4_': 1.0, '_a5_': 1.0, '_a6_': 1.0, '_a7_': 1.0}};{'d0': 0.024905832919416674};-280.569866449043;42.843224476348546
18499;-97.4659358683771;((((x * (((x * _a3_) * _a0_) + _a3_)) + pow3(_a3_)) * x) * _a1_);{'d0': {'_a0_': 1.6029252342485782, '_a1_': 2.294905570063642, '_a3_': 0.917956754779199, '_a2_': 1.0, '_a4_': 1.0, '_a5_': 1.0, '_a6_': 1.0, '_a7_': 1.0}};{'d0': 0.024905832919416587};-280.569866449044;42.818997356145026
18500;-97.4659358683771;((((x * (((x * _a3_) * _a0_) + _a3_)) + pow3(_a3_)) * x) * _a1_);{'d0': {'_a0_': 1.6029252342485782, '_a1_': 2.294905570063642, '_a3_': 0.917956754779199, '_a2_': 1.0, '_a4_': 1.0, '_a5_': 1.0, '_a6_': 1.0, '_a7_': 1.0}};{'d0': 0.024905832919416587};-280.569866449044;42.818997356145026
18501;-97.4659358683771;((((x * (((x * _a3_) * _a0_) + _a3_)) + pow3(_a3_)) * x) * _a1_);{'d0': {'_a0_': 1.6029252342485782, '_a1_': 2.294905570063642, '_a3_': 0.917956754779199, '_a2_': 1.0, '_a4_': 1.0, '_a5_': 1.0, '_a6_': 1.0, '_a7_': 1.0}};{'d0': 0.024905832919416587};-280.569866449044;42.818997356145026
18502;-99.9835575411516;-((((pow2((pow2(_a4_) * (_a3_ + x))) + _a7_) / _a2_) * x));{'d0': {'_a2_': -1511103.8207757187, '_a3_': 0.3119297077361586, '_a4_': 47.527912579042294, '_a7_': 2185926.65394379, '_a0_': 1.0, '_a1_': 1.0, '_a5_': 1.0, '_a6_': 1.0}};{'d0': 0.024905832930219498};-276.475521860797;38.25420338924667
18503;-99.9835575411516;-((((pow2((pow2(_a4_) * (_a3_ + x))) + _a7_) / _a2_) * x));{'d0': {'_a2_': -1511103.8207757187, '_a3_': 0.3119297077361586, '_a4_': 47.527912579042294, '_a7_': 2185926.65394379, '_a0_': 1.0, '_a1_': 1.0, '_a5_': 1.0, '_a6_': 1.0}};{'d0': 0.024905832930219498};-276.475521860797;38.25420338924667
18504;-97.4659358683770;((((x * (((x * _a3_) * _a4_) + _a3_)) + pow3(_a3_)) * x) * _a1_);{'d0': {'_a1_': 2.2949055708728006, '_a3_': 0.9179567549188136, '_a4_': 1.6029252327772023, '_a0_': 1.0, '_a2_': 1.0, '_a5_': 1.0, '_a6_': 1.0, '_a7_': 1.0}};{'d0': 0.02490583291941663};-280.569866449044;42.818997356145026
18505;-97.4659358683770;((((x * (((x * _a3_) * _a4_) + _a3_)) + pow3(_a3_)) * x) * _a1_);{'d0': {'_a1_': 2.2949055708728006, '_a3_': 0.9179567549188136, '_a4_': 1.6029252327772023, '_a0_': 1.0, '_a2_': 1.0, '_a5_': 1.0, '_a6_': 1.0, '_a7_': 1.0}};{'d0': 0.02490583291941663};-280.569866449044;42.818997356145026
18506;-97.4659358683770;((((x * (((x * _a3_) * _a4_) + _a3_)) + pow3(_a3_)) * x) * _a1_);{'d0': {'_a1_': 2.2949055708728006, '_a3_': 0.9179567549188136, '_a4_': 1.6029252327772023, '_a0_': 1.0, '_a2_': 1.0, '_a5_': 1.0, '_a6_': 1.0, '_a7_': 1.0}};{'d0': 0.02490583291941663};-280.569866449044;42.818997356145026
18507;-97.4659358683770;((((x * (((x * _a3_) * _a4_) + _a3_)) + pow3(_a3_)) * x) * _a1_);{'d0': {'_a1_': 2.2949055708728006, '_a3_': 0.9179567549188136, '_a4_': 1.6029252327772023, '_a0_': 1.0, '_a2_': 1.0, '_a5_': 1.0, '_a6_': 1.0, '_a7_': 1.0}};{'d0': 0.02490583291941663};-280.569866449044;42.818997356145026
18508;-97.4659358683770;((((x * (((x * _a3_) * _a4_) + _a3_)) + pow3(_a3_)) * x) * _a1_);{'d0': {'_a1_': 2.2949055708728006, '_a3_': 0.9179567549188136, '_a4_': 1.6029252327772023, '_a0_': 1.0, '_a2_': 1.0, '_a5_': 1.0, '_a6_': 1.0, '_a7_': 1.0}};{'d0': 0.02490583291941663};-280.569866449044;42.818997356145026
18509;-97.4659358683770;((((x * (((x * _a3_) * _a4_) + _a3_)) + pow3(_a3_)) * x) * _a1_);{'d0': {'_a1_': 2.2949055708728006, '_a3_': 0.9179567549188136, '_a4_': 1.6029252327772023, '_a0_': 1.0, '_a2_': 1.0, '_a5_': 1.0, '_a6_': 1.0, '_a7_': 1.0}};{'d0': 0.02490583291941663};-280.569866449044;42.818997356145026
18510;-97.4659358683770;((((x * (((x * _a3_) * _a4_) + _a3_)) + pow3(_a3_)) * x) * _a1_);{'d0': {'_a1_': 2.2949055708728006, '_a3_': 0.9179567549188136, '_a4_': 1.6029252327772023, '_a0_': 1.0, '_a2_': 1.0, '_a5_': 1.0, '_a6_': 1.0, '_a7_': 1.0}};{'d0': 0.02490583291941663};-280.569866449044;42.818997356145026
18511;-97.4659358683770;((((x * (((x * _a3_) * _a4_) + _a3_)) + pow3(_a3_)) * x) * _a1_);{'d0': {'_a1_': 2.2949055708728006, '_a3_': 0.9179567549188136, '_a4_': 1.6029252327772023, '_a0_': 1.0, '_a2_': 1.0, '_a5_': 1.0, '_a6_': 1.0, '_a7_': 1.0}};{'d0': 0.02490583291941663};-280.569866449044;42.818997356145026
18512;-97.4659358683770;((((x * (((x * _a3_) * _a4_) + _a3_)) + pow3(_a3_)) * x) * _a1_);{'d0': {'_a1_': 2.2949055708728006, '_a3_': 0.9179567549188136, '_a4_': 1.6029252327772023, '_a0_': 1.0, '_a2_': 1.0, '_a5_': 1.0, '_a6_': 1.0, '_a7_': 1.0}};{'d0': 0.02490583291941663};-280.569866449044;42.818997356145026
18513;-97.4659358683770;((((x * (((x * _a3_) * _a4_) + _a3_)) + pow3(_a3_)) * x) * _a1_);{'d0': {'_a1_': 2.2949055708728006, '_a3_': 0.9179567549188136, '_a4_': 1.6029252327772023, '_a0_': 1.0, '_a2_': 1.0, '_a5_': 1.0, '_a6_': 1.0, '_a7_': 1.0}};{'d0': 0.02490583291941663};-280.569866449044;42.818997356145026
18514;-95.4187635864798;((((x * (((x * _a7_) * _a4_) + _a3_)) + pow3(_a3_)) * x) * _a1_);{'d0': {'_a1_': 2.2949055697603815, '_a3_': 0.9179567548497674, '_a4_': 1.3343202745444949, '_a7_': 1.1027456703012848, '_a0_': 1.0, '_a2_': 1.0, '_a5_': 1.0, '_a6_': 1.0}};{'d0': 0.024905832920069326};-276.475521885249;42.818997356145026
18515;-95.4187635867698;((((x * (((x * _a0_) * _a4_) + _a3_)) + pow3(_a3_)) * x) * _a1_);{'d0': {'_a0_': 0.9046208202157112, '_a1_': 2.2949055712716433, '_a3_': 0.9179567546431352, '_a4_': 1.6265554595703358, '_a2_': 1.0, '_a5_': 1.0, '_a6_': 1.0, '_a7_': 1.0}};{'d0': 0.024905832919828588};-276.475521885829;42.818997356145026
18516;-95.4187635867698;((((x * (((x * _a0_) * _a4_) + _a3_)) + pow3(_a3_)) * x) * _a1_);{'d0': {'_a0_': 0.9046208202157112, '_a1_': 2.2949055712716433, '_a3_': 0.9179567546431352, '_a4_': 1.6265554595703358, '_a2_': 1.0, '_a5_': 1.0, '_a6_': 1.0, '_a7_': 1.0}};{'d0': 0.024905832919828588};-276.475521885829;42.818997356145026
18517;-95.4187635867698;((((x * (((x * _a0_) * _a4_) + _a3_)) + pow3(_a3_)) * x) * _a1_);{'d0': {'_a0_': 0.9046208202157112, '_a1_': 2.2949055712716433, '_a3_': 0.9179567546431352, '_a4_': 1.6265554595703358, '_a2_': 1.0, '_a5_': 1.0, '_a6_': 1.0, '_a7_': 1.0}};{'d0': 0.024905832919828588};-276.475521885829;42.818997356145026
18518;-95.4187635867698;((((x * (((x * _a0_) * _a4_) + _a3_)) + pow3(_a3_)) * x) * _a1_);{'d0': {'_a0_': 0.9046208202157112, '_a1_': 2.2949055712716433, '_a3_': 0.9179567546431352, '_a4_': 1.6265554595703358, '_a2_': 1.0, '_a5_': 1.0, '_a6_': 1.0, '_a7_': 1.0}};{'d0': 0.024905832919828588};-276.475521885829;42.818997356145026
18519;-95.4187635776608;((((x * (((x * _a0_) * _a4_) + _a3_)) + pow3(_a0_)) * x) * _a1_);{'d0': {'_a0_': 0.9461636201223728, '_a1_': 2.095716827518414, '_a3_': 1.0052040270778542, '_a4_': 1.7029476126314207, '_a2_': 1.0, '_a5_': 1.0, '_a6_': 1.0, '_a7_': 1.0}};{'d0': 0.02490583292739083};-276.475521867611;42.818997356145026
18520;-99.9835575411516;-((((pow2((pow2(_a4_) * (_a3_ + x))) + _a7_) / _a2_) * x));{'d0': {'_a2_': -1511103.8207757187, '_a3_': 0.3119297077361586, '_a4_': 47.527912579042294, '_a7_': 2185926.65394379, '_a0_': 1.0, '_a1_': 1.0, '_a5_': 1.0, '_a6_': 1.0}};{'d0': 0.024905832930219498};-276.475521860797;38.25420338924667
18521;-99.9835575411516;-((((pow2((pow2(_a4_) * (_a3_ + x))) + _a7_) / _a2_) * x));{'d0': {'_a2_': -1511103.8207757187, '_a3_': 0.3119297077361586, '_a4_': 47.527912579042294, '_a7_': 2185926.65394379, '_a0_': 1.0, '_a1_': 1.0, '_a5_': 1.0, '_a6_': 1.0}};{'d0': 0.024905832930219498};-276.475521860797;38.25420338924667
18522;-99.9835575411516;-((((pow2((pow2(_a4_) * (_a3_ + x))) + _a7_) / _a2_) * x));{'d0': {'_a2_': -1511103.8207757187, '_a3_': 0.3119297077361586, '_a4_': 47.527912579042294, '_a7_': 2185926.65394379, '_a0_': 1.0, '_a1_': 1.0, '_a5_': 1.0, '_a6_': 1.0}};{'d0': 0.024905832930219498};-276.475521860797;38.25420338924667
18523;-99.9835575411516;-((((pow2((pow2(_a4_) * (_a3_ + x))) + _a7_) / _a2_) * x));{'d0': {'_a2_': -1511103.8207757187, '_a3_': 0.3119297077361586, '_a4_': 47.527912579042294, '_a7_': 2185926.65394379, '_a0_': 1.0, '_a1_': 1.0, '_a5_': 1.0, '_a6_': 1.0}};{'d0': 0.024905832930219498};-276.475521860797;38.25420338924667
18524;-99.9835575411516;-((((pow2((pow2(_a4_) * (_a3_ + x))) + _a7_) / _a2_) * x));{'d0': {'_a2_': -1511103.8207757187, '_a3_': 0.3119297077361586, '_a4_': 47.527912579042294, '_a7_': 2185926.65394379, '_a0_': 1.0, '_a1_': 1.0, '_a5_': 1.0, '_a6_': 1.0}};{'d0': 0.024905832930219498};-276.475521860797;38.25420338924667
18525;-99.9835575411516;-((((pow2((pow2(_a4_) * (_a3_ + x))) + _a7_) / _a2_) * x));{'d0': {'_a2_': -1511103.8207757187, '_a3_': 0.3119297077361586, '_a4_': 47.527912579042294, '_a7_': 2185926.65394379, '_a0_': 1.0, '_a1_': 1.0, '_a5_': 1.0, '_a6_': 1.0}};{'d0': 0.024905832930219498};-276.475521860797;38.25420338924667
18526;-99.9835575411516;-((((pow2((pow2(_a4_) * (_a3_ + x))) + _a7_) / _a2_) * x));{'d0': {'_a2_': -1511103.8207757187, '_a3_': 0.3119297077361586, '_a4_': 47.527912579042294, '_a7_': 2185926.65394379, '_a0_': 1.0, '_a1_': 1.0, '_a5_': 1.0, '_a6_': 1.0}};{'d0': 0.024905832930219498};-276.475521860797;38.25420338924667
18527;-102.487633080156;(((x * (((x * _a0_) * _a4_) + _a3_)) + pow3(_a0_)) * x);{'d0': {'_a0_': 1.2108132423944944, '_a3_': 2.106624068078281, '_a4_': 2.788837088095122, '_a1_': 1.0, '_a2_': 1.0, '_a5_': 1.0, '_a6_': 1.0, '_a7_': 1.0}};{'d0': 0.02490583291941665};-280.569866449044;37.79730014436603
18528;-102.487633080156;(((x * (((x * _a0_) * _a4_) + _a3_)) + pow3(_a0_)) * x);{'d0': {'_a0_': 1.2108132423944944, '_a3_': 2.106624068078281, '_a4_': 2.788837088095122, '_a1_': 1.0, '_a2_': 1.0, '_a5_': 1.0, '_a6_': 1.0, '_a7_': 1.0}};{'d0': 0.02490583291941665};-280.569866449044;37.79730014436603
18529;-99.9835575411516;-((((pow2((pow2(_a4_) * (_a3_ + x))) + _a7_) / _a2_) * x));{'d0': {'_a2_': -1511103.8207757187, '_a3_': 0.3119297077361586, '_a4_': 47.527912579042294, '_a7_': 2185926.65394379, '_a0_': 1.0, '_a1_': 1.0, '_a5_': 1.0, '_a6_': 1.0}};{'d0': 0.024905832930219498};-276.475521860797;38.25420338924667
18530;-99.9835575411516;-((((pow2((pow2(_a4_) * (_a3_ + x))) + _a7_) / _a2_) * x));{'d0': {'_a2_': -1511103.8207757187, '_a3_': 0.3119297077361586, '_a4_': 47.527912579042294, '_a7_': 2185926.65394379, '_a0_': 1.0, '_a1_': 1.0, '_a5_': 1.0, '_a6_': 1.0}};{'d0': 0.024905832930219498};-276.475521860797;38.25420338924667
18531;-99.9835575411516;-((((pow2((pow2(_a4_) * (_a3_ + x))) + _a7_) / _a2_) * x));{'d0': {'_a2_': -1511103.8207757187, '_a3_': 0.3119297077361586, '_a4_': 47.527912579042294, '_a7_': 2185926.65394379, '_a0_': 1.0, '_a1_': 1.0, '_a5_': 1.0, '_a6_': 1.0}};{'d0': 0.024905832930219498};-276.475521860797;38.25420338924667
18532;-99.9835575411516;-((((pow2((pow2(_a4_) * (_a3_ + x))) + _a7_) / _a2_) * x));{'d0': {'_a2_': -1511103.8207757187, '_a3_': 0.3119297077361586, '_a4_': 47.527912579042294, '_a7_': 2185926.65394379, '_a0_': 1.0, '_a1_': 1.0, '_a5_': 1.0, '_a6_': 1.0}};{'d0': 0.024905832930219498};-276.475521860797;38.25420338924667
18533;-99.9835575411516;-((((pow2((pow2(_a4_) * (_a3_ + x))) + _a7_) / _a2_) * x));{'d0': {'_a2_': -1511103.8207757187, '_a3_': 0.3119297077361586, '_a4_': 47.527912579042294, '_a7_': 2185926.65394379, '_a0_': 1.0, '_a1_': 1.0, '_a5_': 1.0, '_a6_': 1.0}};{'d0': 0.024905832930219498};-276.475521860797;38.25420338924667
18534;-99.9835575411516;-((((pow2((pow2(_a4_) * (_a3_ + x))) + _a7_) / _a2_) * x));{'d0': {'_a2_': -1511103.8207757187, '_a3_': 0.3119297077361586, '_a4_': 47.527912579042294, '_a7_': 2185926.65394379, '_a0_': 1.0, '_a1_': 1.0, '_a5_': 1.0, '_a6_': 1.0}};{'d0': 0.024905832930219498};-276.475521860797;38.25420338924667
18535;-99.9835575411516;-((((pow2((pow2(_a4_) * (_a3_ + x))) + _a7_) / _a2_) * x));{'d0': {'_a2_': -1511103.8207757187, '_a3_': 0.3119297077361586, '_a4_': 47.527912579042294, '_a7_': 2185926.65394379, '_a0_': 1.0, '_a1_': 1.0, '_a5_': 1.0, '_a6_': 1.0}};{'d0': 0.024905832930219498};-276.475521860797;38.25420338924667
18536;-100.498095154445;((x * (_a3_ + (((x + _a4_) * x) * _a0_))) * tanh(_a3_));{'d0': {'_a0_': 3.5435290757516613, '_a3_': 1.8628040729433821, '_a4_': 0.623859415729849, '_a1_': 1.0, '_a2_': 1.0, '_a5_': 1.0, '_a6_': 1.0, '_a7_': 1.0}};{'d0': 0.02490583291941661};-280.569866449044;39.78683807007696
18537;-100.498095154445;((x * (_a3_ + (((x + _a4_) * x) * _a0_))) * tanh(_a3_));{'d0': {'_a0_': 3.5435290757516613, '_a3_': 1.8628040729433821, '_a4_': 0.623859415729849, '_a1_': 1.0, '_a2_': 1.0, '_a5_': 1.0, '_a6_': 1.0, '_a7_': 1.0}};{'d0': 0.02490583291941661};-280.569866449044;39.78683807007696
18538;-100.498095154445;((x * (_a3_ + (((x + _a4_) * x) * _a0_))) * tanh(_a3_));{'d0': {'_a0_': 3.5435290757516613, '_a3_': 1.8628040729433821, '_a4_': 0.623859415729849, '_a1_': 1.0, '_a2_': 1.0, '_a5_': 1.0, '_a6_': 1.0, '_a7_': 1.0}};{'d0': 0.02490583291941661};-280.569866449044;39.78683807007696
18539;-100.498095154445;((x * (_a3_ + (((x + _a4_) * x) * _a0_))) * tanh(_a3_));{'d0': {'_a0_': 3.5435290757516613, '_a3_': 1.8628040729433821, '_a4_': 0.623859415729849, '_a1_': 1.0, '_a2_': 1.0, '_a5_': 1.0, '_a6_': 1.0, '_a7_': 1.0}};{'d0': 0.02490583291941661};-280.569866449044;39.78683807007696
18540;-100.498095154445;((x * (_a3_ + (((x + _a4_) * x) * _a0_))) * tanh(_a3_));{'d0': {'_a0_': 3.5435290757516613, '_a3_': 1.8628040729433821, '_a4_': 0.623859415729849, '_a1_': 1.0, '_a2_': 1.0, '_a5_': 1.0, '_a6_': 1.0, '_a7_': 1.0}};{'d0': 0.02490583291941661};-280.569866449044;39.78683807007696
18541;-99.9835575411516;-((((pow2((pow2(_a4_) * (_a3_ + x))) + _a7_) / _a2_) * x));{'d0': {'_a2_': -1511103.8207757187, '_a3_': 0.3119297077361586, '_a4_': 47.527912579042294, '_a7_': 2185926.65394379, '_a0_': 1.0, '_a1_': 1.0, '_a5_': 1.0, '_a6_': 1.0}};{'d0': 0.024905832930219498};-276.475521860797;38.25420338924667
18542;-99.9835575411516;-((((pow2((pow2(_a4_) * (_a3_ + x))) + _a7_) / _a2_) * x));{'d0': {'_a2_': -1511103.8207757187, '_a3_': 0.3119297077361586, '_a4_': 47.527912579042294, '_a7_': 2185926.65394379, '_a0_': 1.0, '_a1_': 1.0, '_a5_': 1.0, '_a6_': 1.0}};{'d0': 0.024905832930219498};-276.475521860797;38.25420338924667
18543;-99.9835575411516;-((((pow2((pow2(_a4_) * (_a3_ + x))) + _a7_) / _a2_) * x));{'d0': {'_a2_': -1511103.8207757187, '_a3_': 0.3119297077361586, '_a4_': 47.527912579042294, '_a7_': 2185926.65394379, '_a0_': 1.0, '_a1_': 1.0, '_a5_': 1.0, '_a6_': 1.0}};{'d0': 0.024905832930219498};-276.475521860797;38.25420338924667
18544;-99.9835575411516;-((((pow2((pow2(_a4_) * (_a3_ + x))) + _a7_) / _a2_) * x));{'d0': {'_a2_': -1511103.8207757187, '_a3_': 0.3119297077361586, '_a4_': 47.527912579042294, '_a7_': 2185926.65394379, '_a0_': 1.0, '_a1_': 1.0, '_a5_': 1.0, '_a6_': 1.0}};{'d0': 0.024905832930219498};-276.475521860797;38.25420338924667
18545;-99.9835575411516;-((((pow2((pow2(_a4_) * (_a3_ + x))) + _a7_) / _a2_) * x));{'d0': {'_a2_': -1511103.8207757187, '_a3_': 0.3119297077361586, '_a4_': 47.527912579042294, '_a7_': 2185926.65394379, '_a0_': 1.0, '_a1_': 1.0, '_a5_': 1.0, '_a6_': 1.0}};{'d0': 0.024905832930219498};-276.475521860797;38.25420338924667
18546;-99.9835575411516;-((((pow2((pow2(_a4_) * (_a3_ + x))) + _a7_) / _a2_) * x));{'d0': {'_a2_': -1511103.8207757187, '_a3_': 0.3119297077361586, '_a4_': 47.527912579042294, '_a7_': 2185926.65394379, '_a0_': 1.0, '_a1_': 1.0, '_a5_': 1.0, '_a6_': 1.0}};{'d0': 0.024905832930219498};-276.475521860797;38.25420338924667
18547;-99.9835575411516;-((((pow2((pow2(_a4_) * (_a3_ + x))) + _a7_) / _a2_) * x));{'d0': {'_a2_': -1511103.8207757187, '_a3_': 0.3119297077361586, '_a4_': 47.527912579042294, '_a7_': 2185926.65394379, '_a0_': 1.0, '_a1_': 1.0, '_a5_': 1.0, '_a6_': 1.0}};{'d0': 0.024905832930219498};-276.475521860797;38.25420338924667
18548;-99.9835575411516;-((((pow2((pow2(_a4_) * (_a3_ + x))) + _a7_) / _a2_) * x));{'d0': {'_a2_': -1511103.8207757187, '_a3_': 0.3119297077361586, '_a4_': 47.527912579042294, '_a7_': 2185926.65394379, '_a0_': 1.0, '_a1_': 1.0, '_a5_': 1.0, '_a6_': 1.0}};{'d0': 0.024905832930219498};-276.475521860797;38.25420338924667
18549;-99.9835575411516;-((((pow2((pow2(_a4_) * (_a3_ + x))) + _a7_) / _a2_) * x));{'d0': {'_a2_': -1511103.8207757187, '_a3_': 0.3119297077361586, '_a4_': 47.527912579042294, '_a7_': 2185926.65394379, '_a0_': 1.0, '_a1_': 1.0, '_a5_': 1.0, '_a6_': 1.0}};{'d0': 0.024905832930219498};-276.475521860797;38.25420338924667
18550;-105.728664307885;-((((pow2((_a2_ * (_a3_ + x))) + _a7_) / _a2_) * x));{'d0': {'_a2_': -3.3767608800805795, '_a3_': 0.3119297082254061, '_a7_': 4.88474154632076, '_a0_': 1.0, '_a1_': 1.0, '_a4_': 1.0, '_a5_': 1.0, '_a6_': 1.0}};{'d0': 0.024905832919416664};-280.569866449044;34.55626891663667
18551;-105.728664307885;-((((pow2((_a2_ * (_a3_ + x))) + _a7_) / _a2_) * x));{'d0': {'_a2_': -3.3767608800805795, '_a3_': 0.3119297082254061, '_a7_': 4.88474154632076, '_a0_': 1.0, '_a1_': 1.0, '_a4_': 1.0, '_a5_': 1.0, '_a6_': 1.0}};{'d0': 0.024905832919416664};-280.569866449044;34.55626891663667
18552;-105.728664307885;-((((pow2((_a2_ * (_a3_ + x))) + _a7_) / _a2_) * x));{'d0': {'_a2_': -3.3767608800805795, '_a3_': 0.3119297082254061, '_a7_': 4.88474154632076, '_a0_': 1.0, '_a1_': 1.0, '_a4_': 1.0, '_a5_': 1.0, '_a6_': 1.0}};{'d0': 0.024905832919416664};-280.569866449044;34.55626891663667
18553;-105.728664307885;-((((pow2((_a2_ * (_a3_ + x))) + _a7_) / _a2_) * x));{'d0': {'_a2_': -3.3767608800805795, '_a3_': 0.3119297082254061, '_a7_': 4.88474154632076, '_a0_': 1.0, '_a1_': 1.0, '_a4_': 1.0, '_a5_': 1.0, '_a6_': 1.0}};{'d0': 0.024905832919416664};-280.569866449044;34.55626891663667
18554;-105.728664307885;-((((pow2((_a2_ * (_a3_ + x))) + _a7_) / _a2_) * x));{'d0': {'_a2_': -3.3767608800805795, '_a3_': 0.3119297082254061, '_a7_': 4.88474154632076, '_a0_': 1.0, '_a1_': 1.0, '_a4_': 1.0, '_a5_': 1.0, '_a6_': 1.0}};{'d0': 0.024905832919416664};-280.569866449044;34.55626891663667
18555;-105.728664307885;-((((pow2((_a2_ * (_a3_ + x))) + _a7_) / _a2_) * x));{'d0': {'_a2_': -3.3767608800805795, '_a3_': 0.3119297082254061, '_a7_': 4.88474154632076, '_a0_': 1.0, '_a1_': 1.0, '_a4_': 1.0, '_a5_': 1.0, '_a6_': 1.0}};{'d0': 0.024905832919416664};-280.569866449044;34.55626891663667
18556;-105.728664307885;-((((pow2((_a2_ * (_a3_ + x))) + _a7_) / _a2_) * x));{'d0': {'_a2_': -3.3767608800805795, '_a3_': 0.3119297082254061, '_a7_': 4.88474154632076, '_a0_': 1.0, '_a1_': 1.0, '_a4_': 1.0, '_a5_': 1.0, '_a6_': 1.0}};{'d0': 0.024905832919416664};-280.569866449044;34.55626891663667
18557;-105.728664307885;-((((pow2((_a2_ * (_a3_ + x))) + _a7_) / _a2_) * x));{'d0': {'_a2_': -3.3767608800805795, '_a3_': 0.3119297082254061, '_a7_': 4.88474154632076, '_a0_': 1.0, '_a1_': 1.0, '_a4_': 1.0, '_a5_': 1.0, '_a6_': 1.0}};{'d0': 0.024905832919416664};-280.569866449044;34.55626891663667
18558;-105.728664307885;-((((pow2((_a2_ * (_a3_ + x))) + _a7_) / _a2_) * x));{'d0': {'_a2_': -3.3767608800805795, '_a3_': 0.3119297082254061, '_a7_': 4.88474154632076, '_a0_': 1.0, '_a1_': 1.0, '_a4_': 1.0, '_a5_': 1.0, '_a6_': 1.0}};{'d0': 0.024905832919416664};-280.569866449044;34.55626891663667
18559;-105.728664307885;-((((pow2((_a2_ * (_a3_ + x))) + _a7_) / _a2_) * x));{'d0': {'_a2_': -3.3767608800805795, '_a3_': 0.3119297082254061, '_a7_': 4.88474154632076, '_a0_': 1.0, '_a1_': 1.0, '_a4_': 1.0, '_a5_': 1.0, '_a6_': 1.0}};{'d0': 0.024905832919416664};-280.569866449044;34.55626891663667
18560;-105.728664307885;-((((pow2((_a2_ * (_a3_ + x))) + _a7_) / _a2_) * x));{'d0': {'_a2_': -3.3767608800805795, '_a3_': 0.3119297082254061, '_a7_': 4.88474154632076, '_a0_': 1.0, '_a1_': 1.0, '_a4_': 1.0, '_a5_': 1.0, '_a6_': 1.0}};{'d0': 0.024905832919416664};-280.569866449044;34.55626891663667
18561;-105.728664307885;-((((pow2((_a2_ * (_a3_ + x))) + _a7_) / _a2_) * x));{'d0': {'_a2_': -3.3767608800805795, '_a3_': 0.3119297082254061, '_a7_': 4.88474154632076, '_a0_': 1.0, '_a1_': 1.0, '_a4_': 1.0, '_a5_': 1.0, '_a6_': 1.0}};{'d0': 0.024905832919416664};-280.569866449044;34.55626891663667
18562;-73.5309905322795;(((_a1_ + ((x * (((_a5_ * (_a0_ * _a7_)) * x) + (_a5_ * _a1_))) + _a6_)) * (x / pow2(_a6_))) + x);{'d0': {'_a0_': -0.9314662577148114, '_a1_': -0.28608477947829253, '_a5_': -5.4698255536456255, '_a6_': 0.861867690059284, '_a7_': 0.4923124821346293, '_a2_': 1.0, '_a3_': 1.0, '_a4_': 1.0}};{'d0': 0.024905832920339526};-272.381177322376;62.6595981289084
18563;-73.5309905322795;(((_a1_ + ((x * (((_a5_ * (_a0_ * _a7_)) * x) + (_a5_ * _a1_))) + _a6_)) * (x / pow2(_a6_))) + x);{'d0': {'_a0_': -0.9314662577148114, '_a1_': -0.28608477947829253, '_a5_': -5.4698255536456255, '_a6_': 0.861867690059284, '_a7_': 0.4923124821346293, '_a2_': 1.0, '_a3_': 1.0, '_a4_': 1.0}};{'d0': 0.024905832920339526};-272.381177322376;62.6595981289084
18564;-73.5309905322795;(((_a1_ + ((x * (((_a5_ * (_a0_ * _a7_)) * x) + (_a5_ * _a1_))) + _a6_)) * (x / pow2(_a6_))) + x);{'d0': {'_a0_': -0.9314662577148114, '_a1_': -0.28608477947829253, '_a5_': -5.4698255536456255, '_a6_': 0.861867690059284, '_a7_': 0.4923124821346293, '_a2_': 1.0, '_a3_': 1.0, '_a4_': 1.0}};{'d0': 0.024905832920339526};-272.381177322376;62.6595981289084
18565;-73.5309905322795;(((_a1_ + ((x * (((_a5_ * (_a0_ * _a7_)) * x) + (_a5_ * _a1_))) + _a6_)) * (x / pow2(_a6_))) + x);{'d0': {'_a0_': -0.9314662577148114, '_a1_': -0.28608477947829253, '_a5_': -5.4698255536456255, '_a6_': 0.861867690059284, '_a7_': 0.4923124821346293, '_a2_': 1.0, '_a3_': 1.0, '_a4_': 1.0}};{'d0': 0.024905832920339526};-272.381177322376;62.6595981289084
18566;-73.5309905322795;(((_a1_ + ((x * (((_a5_ * (_a0_ * _a7_)) * x) + (_a5_ * _a1_))) + _a6_)) * (x / pow2(_a6_))) + x);{'d0': {'_a0_': -0.9314662577148114, '_a1_': -0.28608477947829253, '_a5_': -5.4698255536456255, '_a6_': 0.861867690059284, '_a7_': 0.4923124821346293, '_a2_': 1.0, '_a3_': 1.0, '_a4_': 1.0}};{'d0': 0.024905832920339526};-272.381177322376;62.6595981289084
18567;-73.5309905322795;(((_a1_ + ((x * (((_a5_ * (_a0_ * _a7_)) * x) + (_a5_ * _a1_))) + _a6_)) * (x / pow2(_a6_))) + x);{'d0': {'_a0_': -0.9314662577148114, '_a1_': -0.28608477947829253, '_a5_': -5.4698255536456255, '_a6_': 0.861867690059284, '_a7_': 0.4923124821346293, '_a2_': 1.0, '_a3_': 1.0, '_a4_': 1.0}};{'d0': 0.024905832920339526};-272.381177322376;62.6595981289084
18568;-73.5309905332371;(((_a1_ + ((x * (((_a0_ * (_a0_ * _a7_)) * x) + (_a5_ * _a1_))) + _a6_)) * (x / pow2(_a6_))) + x);{'d0': {'_a0_': -1.4586521847666027, '_a1_': -0.2969904300852198, '_a5_': -4.8459422646632255, '_a6_': 0.8265456121507327, '_a7_': 1.0842525322977326, '_a2_': 1.0, '_a3_': 1.0, '_a4_': 1.0}};{'d0': 0.024905832919544478};-272.381177324291;62.6595981289084
18569;-104.612688611668;-((((pow2((_a2_ + (_a3_ + x))) + _a7_) / _a2_) * x));{'d0': {'_a2_': -0.2961417867803306, '_a3_': 0.6080714946252646, '_a7_': 0.42839162787556895, '_a0_': 1.0, '_a1_': 1.0, '_a4_': 1.0, '_a5_': 1.0, '_a6_': 1.0}};{'d0': 0.024905832919416587};-280.569866449044;35.67224461285367
18570;-104.612688611668;-((((pow2((_a2_ + (_a3_ + x))) + _a7_) / _a2_) * x));{'d0': {'_a2_': -0.2961417867803306, '_a3_': 0.6080714946252646, '_a7_': 0.42839162787556895, '_a0_': 1.0, '_a1_': 1.0, '_a4_': 1.0, '_a5_': 1.0, '_a6_': 1.0}};{'d0': 0.024905832919416587};-280.569866449044;35.67224461285367
18571;-102.565516330525;-((((pow2((_a5_ + (_a3_ + x))) + _a7_) / _a2_) * x));{'d0': {'_a2_': -0.29614178890390164, '_a3_': -5.932275413021277, '_a5_': 6.244205126138867, '_a7_': 0.4283916248134348, '_a0_': 1.0, '_a1_': 1.0, '_a4_': 1.0, '_a6_': 1.0}};{'d0': 0.024905832919443135};-276.475521886758;35.67224461285367
18572;-102.565516330525;-((((pow2((_a5_ + (_a3_ + x))) + _a7_) / _a2_) * x));{'d0': {'_a2_': -0.29614178890390164, '_a3_': -5.932275413021277, '_a5_': 6.244205126138867, '_a7_': 0.4283916248134348, '_a0_': 1.0, '_a1_': 1.0, '_a4_': 1.0, '_a6_': 1.0}};{'d0': 0.024905832919443135};-276.475521886758;35.67224461285367
18573;-102.565516330525;-((((pow2((_a5_ + (_a3_ + x))) + _a7_) / _a2_) * x));{'d0': {'_a2_': -0.29614178890390164, '_a3_': -5.932275413021277, '_a5_': 6.244205126138867, '_a7_': 0.4283916248134348, '_a0_': 1.0, '_a1_': 1.0, '_a4_': 1.0, '_a6_': 1.0}};{'d0': 0.024905832919443135};-276.475521886758;35.67224461285367
18574;-102.565516330525;-((((pow2((_a5_ + (_a3_ + x))) + _a7_) / _a2_) * x));{'d0': {'_a2_': -0.29614178890390164, '_a3_': -5.932275413021277, '_a5_': 6.244205126138867, '_a7_': 0.4283916248134348, '_a0_': 1.0, '_a1_': 1.0, '_a4_': 1.0, '_a6_': 1.0}};{'d0': 0.024905832919443135};-276.475521886758;35.67224461285367
18575;-81.4987638619613;((_a1_ + ((x * (((_a0_ * (_a0_ * _a6_)) * x) + (_a5_ * _a1_))) + _a0_)) * (x / pow2(_a6_)));{'d0': {'_a0_': -3.053687430528707, '_a1_': 16.590891514717164, '_a5_': 0.968311028618202, '_a6_': 2.7615239750680054, '_a2_': 1.0, '_a3_': 1.0, '_a4_': 1.0, '_a7_': 1.0}};{'d0': 0.02490583292072079};-276.475521883680;56.7389970798784
18576;-81.4987638619613;((_a1_ + ((x * (((_a0_ * (_a0_ * _a6_)) * x) + (_a5_ * _a1_))) + _a0_)) * (x / pow2(_a6_)));{'d0': {'_a0_': -3.053687430528707, '_a1_': 16.590891514717164, '_a5_': 0.968311028618202, '_a6_': 2.7615239750680054, '_a2_': 1.0, '_a3_': 1.0, '_a4_': 1.0, '_a7_': 1.0}};{'d0': 0.02490583292072079};-276.475521883680;56.7389970798784
18577;-81.4987638619613;((_a1_ + ((x * (((_a0_ * (_a0_ * _a6_)) * x) + (_a5_ * _a1_))) + _a0_)) * (x / pow2(_a6_)));{'d0': {'_a0_': -3.053687430528707, '_a1_': 16.590891514717164, '_a5_': 0.968311028618202, '_a6_': 2.7615239750680054, '_a2_': 1.0, '_a3_': 1.0, '_a4_': 1.0, '_a7_': 1.0}};{'d0': 0.02490583292072079};-276.475521883680;56.7389970798784
18578;-81.4987638619613;((_a1_ + ((x * (((_a0_ * (_a0_ * _a6_)) * x) + (_a5_ * _a1_))) + _a0_)) * (x / pow2(_a6_)));{'d0': {'_a0_': -3.053687430528707, '_a1_': 16.590891514717164, '_a5_': 0.968311028618202, '_a6_': 2.7615239750680054, '_a2_': 1.0, '_a3_': 1.0, '_a4_': 1.0, '_a7_': 1.0}};{'d0': 0.02490583292072079};-276.475521883680;56.7389970798784
18579;-81.4987638619613;((_a1_ + ((x * (((_a0_ * (_a0_ * _a6_)) * x) + (_a5_ * _a1_))) + _a0_)) * (x / pow2(_a6_)));{'d0': {'_a0_': -3.053687430528707, '_a1_': 16.590891514717164, '_a5_': 0.968311028618202, '_a6_': 2.7615239750680054, '_a2_': 1.0, '_a3_': 1.0, '_a4_': 1.0, '_a7_': 1.0}};{'d0': 0.02490583292072079};-276.475521883680;56.7389970798784
18580;-81.4987638631472;((_a1_ + ((x * (((_a6_ * (_a0_ * _a6_)) * x) + (_a5_ * _a1_))) + _a0_)) * (x / pow2(_a6_)));{'d0': {'_a0_': 3.376760880127512, '_a1_': 4564.311537050837, '_a5_': 1.1876179036592585, '_a6_': 50.72622236864913, '_a2_': 1.0, '_a3_': 1.0, '_a4_': 1.0, '_a7_': 1.0}};{'d0': 0.02490583291973626};-276.475521886051;56.7389970798784
18581;-81.4987638631472;((_a1_ + ((x * (((_a6_ * (_a0_ * _a6_)) * x) + (_a5_ * _a1_))) + _a0_)) * (x / pow2(_a6_)));{'d0': {'_a0_': 3.376760880127512, '_a1_': 4564.311537050837, '_a5_': 1.1876179036592585, '_a6_': 50.72622236864913, '_a2_': 1.0, '_a3_': 1.0, '_a4_': 1.0, '_a7_': 1.0}};{'d0': 0.02490583291973626};-276.475521886051;56.7389970798784
18582;-81.4987638631472;((_a1_ + ((x * (((_a6_ * (_a0_ * _a6_)) * x) + (_a5_ * _a1_))) + _a0_)) * (x / pow2(_a6_)));{'d0': {'_a0_': 3.376760880127512, '_a1_': 4564.311537050837, '_a5_': 1.1876179036592585, '_a6_': 50.72622236864913, '_a2_': 1.0, '_a3_': 1.0, '_a4_': 1.0, '_a7_': 1.0}};{'d0': 0.02490583291973626};-276.475521886051;56.7389970798784
18583;-81.4987638631472;((_a1_ + ((x * (((_a6_ * (_a0_ * _a6_)) * x) + (_a5_ * _a1_))) + _a0_)) * (x / pow2(_a6_)));{'d0': {'_a0_': 3.376760880127512, '_a1_': 4564.311537050837, '_a5_': 1.1876179036592585, '_a6_': 50.72622236864913, '_a2_': 1.0, '_a3_': 1.0, '_a4_': 1.0, '_a7_': 1.0}};{'d0': 0.02490583291973626};-276.475521886051;56.7389970798784
18584;-103.681492021512;-((((pow2((_a5_ + (_a3_ * x))) + _a7_) / _a2_) * x));{'d0': {'_a2_': -0.5496920857764612, '_a3_': -1.362416853614191, '_a5_': -0.4249782910807062, '_a7_': 0.7951714278444958, '_a0_': 1.0, '_a1_': 1.0, '_a4_': 1.0, '_a6_': 1.0}};{'d0': 0.024905832923785357};-276.475521876297;34.55626891663667
18585;-103.681492021512;-((((pow2((_a5_ + (_a3_ * x))) + _a7_) / _a2_) * x));{'d0': {'_a2_': -0.5496920857764612, '_a3_': -1.362416853614191, '_a5_': -0.4249782910807062, '_a7_': 0.7951714278444958, '_a0_': 1.0, '_a1_': 1.0, '_a4_': 1.0, '_a6_': 1.0}};{'d0': 0.024905832923785357};-276.475521876297;34.55626891663667
18586;-103.681492021512;-((((pow2((_a5_ + (_a3_ * x))) + _a7_) / _a2_) * x));{'d0': {'_a2_': -0.5496920857764612, '_a3_': -1.362416853614191, '_a5_': -0.4249782910807062, '_a7_': 0.7951714278444958, '_a0_': 1.0, '_a1_': 1.0, '_a4_': 1.0, '_a6_': 1.0}};{'d0': 0.024905832923785357};-276.475521876297;34.55626891663667
18587;-103.681492021512;-((((pow2((_a5_ + (_a3_ * x))) + _a7_) / _a2_) * x));{'d0': {'_a2_': -0.5496920857764612, '_a3_': -1.362416853614191, '_a5_': -0.4249782910807062, '_a7_': 0.7951714278444958, '_a0_': 1.0, '_a1_': 1.0, '_a4_': 1.0, '_a6_': 1.0}};{'d0': 0.024905832923785357};-276.475521876297;34.55626891663667
18588;-103.681492021512;-((((pow2((_a5_ + (_a3_ * x))) + _a7_) / _a2_) * x));{'d0': {'_a2_': -0.5496920857764612, '_a3_': -1.362416853614191, '_a5_': -0.4249782910807062, '_a7_': 0.7951714278444958, '_a0_': 1.0, '_a1_': 1.0, '_a4_': 1.0, '_a6_': 1.0}};{'d0': 0.024905832923785357};-276.475521876297;34.55626891663667
18589;-103.681492021512;-((((pow2((_a5_ + (_a3_ * x))) + _a7_) / _a2_) * x));{'d0': {'_a2_': -0.5496920857764612, '_a3_': -1.362416853614191, '_a5_': -0.4249782910807062, '_a7_': 0.7951714278444958, '_a0_': 1.0, '_a1_': 1.0, '_a4_': 1.0, '_a6_': 1.0}};{'d0': 0.024905832923785357};-276.475521876297;34.55626891663667
18590;-103.681492021512;-((((pow2((_a5_ + (_a3_ * x))) + _a7_) / _a2_) * x));{'d0': {'_a2_': -0.5496920857764612, '_a3_': -1.362416853614191, '_a5_': -0.4249782910807062, '_a7_': 0.7951714278444958, '_a0_': 1.0, '_a1_': 1.0, '_a4_': 1.0, '_a6_': 1.0}};{'d0': 0.024905832923785357};-276.475521876297;34.55626891663667
18591;-103.681492021512;-((((pow2((_a5_ + (_a3_ * x))) + _a7_) / _a2_) * x));{'d0': {'_a2_': -0.5496920857764612, '_a3_': -1.362416853614191, '_a5_': -0.4249782910807062, '_a7_': 0.7951714278444958, '_a0_': 1.0, '_a1_': 1.0, '_a4_': 1.0, '_a6_': 1.0}};{'d0': 0.024905832923785357};-276.475521876297;34.55626891663667
18592;-103.681492021512;-((((pow2((_a5_ + (_a3_ * x))) + _a7_) / _a2_) * x));{'d0': {'_a2_': -0.5496920857764612, '_a3_': -1.362416853614191, '_a5_': -0.4249782910807062, '_a7_': 0.7951714278444958, '_a0_': 1.0, '_a1_': 1.0, '_a4_': 1.0, '_a6_': 1.0}};{'d0': 0.024905832923785357};-276.475521876297;34.55626891663667
18593;-102.308962252591;(((x * (((x / _a0_) * _a4_) + _a0_)) + (_a3_ + _a3_)) * x);{'d0': {'_a0_': 2.1066240691173186, '_a3_': 0.8875677020882564, '_a4_': 7.113565744904959, '_a1_': 1.0, '_a2_': 1.0, '_a5_': 1.0, '_a6_': 1.0, '_a7_': 1.0}};{'d0': 0.02490583291941664};-280.569866449044;37.975970971931424
18594;-102.308962252591;(((x * (((x / _a0_) * _a4_) + _a0_)) + (_a3_ + _a3_)) * x);{'d0': {'_a0_': 2.1066240691173186, '_a3_': 0.8875677020882564, '_a4_': 7.113565744904959, '_a1_': 1.0, '_a2_': 1.0, '_a5_': 1.0, '_a6_': 1.0, '_a7_': 1.0}};{'d0': 0.02490583291941664};-280.569866449044;37.975970971931424
18595;-102.308962252591;(((x * (((x / _a0_) * _a4_) + _a0_)) + (_a3_ + _a3_)) * x);{'d0': {'_a0_': 2.1066240691173186, '_a3_': 0.8875677020882564, '_a4_': 7.113565744904959, '_a1_': 1.0, '_a2_': 1.0, '_a5_': 1.0, '_a6_': 1.0, '_a7_': 1.0}};{'d0': 0.02490583291941664};-280.569866449044;37.975970971931424
18596;-102.308962252591;(((x * (((x / _a0_) * _a4_) + _a0_)) + (_a3_ + _a3_)) * x);{'d0': {'_a0_': 2.1066240691173186, '_a3_': 0.8875677020882564, '_a4_': 7.113565744904959, '_a1_': 1.0, '_a2_': 1.0, '_a5_': 1.0, '_a6_': 1.0, '_a7_': 1.0}};{'d0': 0.02490583291941664};-280.569866449044;37.975970971931424
18597;-103.280223376164;(((x * (((x / _a0_) * _a4_) + _a0_)) + (_a3_ * _a3_)) * x);{'d0': {'_a0_': 2.106624068387247, '_a3_': 1.3323420748773227, '_a4_': 7.1135657396204435, '_a1_': 1.0, '_a2_': 1.0, '_a5_': 1.0, '_a6_': 1.0, '_a7_': 1.0}};{'d0': 0.0249058329194166};-280.569866449044;37.004709848358424
18598;-103.280223376164;(((x * (((x / _a0_) * _a4_) + _a0_)) + (_a3_ * _a3_)) * x);{'d0': {'_a0_': 2.106624068387247, '_a3_': 1.3323420748773227, '_a4_': 7.1135657396204435, '_a1_': 1.0, '_a2_': 1.0, '_a5_': 1.0, '_a6_': 1.0, '_a7_': 1.0}};{'d0': 0.0249058329194166};-280.569866449044;37.004709848358424
18599;-103.280223376164;(((x * (((x / _a0_) * _a4_) + _a0_)) + (_a3_ * _a3_)) * x);{'d0': {'_a0_': 2.106624068387247, '_a3_': 1.3323420748773227, '_a4_': 7.1135657396204435, '_a1_': 1.0, '_a2_': 1.0, '_a5_': 1.0, '_a6_': 1.0, '_a7_': 1.0}};{'d0': 0.0249058329194166};-280.569866449044;37.004709848358424
18600;-103.280223376164;(((x * (((x / _a0_) * _a4_) + _a0_)) + (_a3_ * _a3_)) * x);{'d0': {'_a0_': 2.106624068387247, '_a3_': 1.3323420748773227, '_a4_': 7.1135657396204435, '_a1_': 1.0, '_a2_': 1.0, '_a5_': 1.0, '_a6_': 1.0, '_a7_': 1.0}};{'d0': 0.0249058329194166};-280.569866449044;37.004709848358424
18601;-103.280223376164;(((x * (((x / _a0_) * _a4_) + _a0_)) + (_a3_ * _a3_)) * x);{'d0': {'_a0_': 2.106624068387247, '_a3_': 1.3323420748773227, '_a4_': 7.1135657396204435, '_a1_': 1.0, '_a2_': 1.0, '_a5_': 1.0, '_a6_': 1.0, '_a7_': 1.0}};{'d0': 0.0249058329194166};-280.569866449044;37.004709848358424
18602;-103.280223376164;(((x * (((x / _a0_) * _a4_) + _a0_)) + (_a3_ * _a3_)) * x);{'d0': {'_a0_': 2.106624068387247, '_a3_': 1.3323420748773227, '_a4_': 7.1135657396204435, '_a1_': 1.0, '_a2_': 1.0, '_a5_': 1.0, '_a6_': 1.0, '_a7_': 1.0}};{'d0': 0.0249058329194166};-280.569866449044;37.004709848358424
18603;-103.280223376164;(((x * (((x / _a0_) * _a4_) + _a0_)) + (_a3_ * _a3_)) * x);{'d0': {'_a0_': 2.106624068387247, '_a3_': 1.3323420748773227, '_a4_': 7.1135657396204435, '_a1_': 1.0, '_a2_': 1.0, '_a5_': 1.0, '_a6_': 1.0, '_a7_': 1.0}};{'d0': 0.0249058329194166};-280.569866449044;37.004709848358424
18604;-103.280223376164;(((x * (((x / _a0_) * _a4_) + _a0_)) + (_a3_ * _a3_)) * x);{'d0': {'_a0_': 2.106624068387247, '_a3_': 1.3323420748773227, '_a4_': 7.1135657396204435, '_a1_': 1.0, '_a2_': 1.0, '_a5_': 1.0, '_a6_': 1.0, '_a7_': 1.0}};{'d0': 0.0249058329194166};-280.569866449044;37.004709848358424
18605;-103.280223376164;(((x * (((x / _a0_) * _a4_) + _a0_)) + (_a3_ * _a3_)) * x);{'d0': {'_a0_': 2.106624068387247, '_a3_': 1.3323420748773227, '_a4_': 7.1135657396204435, '_a1_': 1.0, '_a2_': 1.0, '_a5_': 1.0, '_a6_': 1.0, '_a7_': 1.0}};{'d0': 0.0249058329194166};-280.569866449044;37.004709848358424
18606;-103.280223376164;(((x * (((x / _a0_) * _a4_) + _a0_)) + (_a3_ * _a3_)) * x);{'d0': {'_a0_': 2.106624068387247, '_a3_': 1.3323420748773227, '_a4_': 7.1135657396204435, '_a1_': 1.0, '_a2_': 1.0, '_a5_': 1.0, '_a6_': 1.0, '_a7_': 1.0}};{'d0': 0.0249058329194166};-280.569866449044;37.004709848358424
18607;-103.280223376164;(((x * (((x / _a0_) * _a4_) + _a0_)) + (_a3_ * _a3_)) * x);{'d0': {'_a0_': 2.106624068387247, '_a3_': 1.3323420748773227, '_a4_': 7.1135657396204435, '_a1_': 1.0, '_a2_': 1.0, '_a5_': 1.0, '_a6_': 1.0, '_a7_': 1.0}};{'d0': 0.0249058329194166};-280.569866449044;37.004709848358424
18608;-103.280223376164;(((x * (((x / _a0_) * _a4_) + _a0_)) + (_a3_ * _a3_)) * x);{'d0': {'_a0_': 2.106624068387247, '_a3_': 1.3323420748773227, '_a4_': 7.1135657396204435, '_a1_': 1.0, '_a2_': 1.0, '_a5_': 1.0, '_a6_': 1.0, '_a7_': 1.0}};{'d0': 0.0249058329194166};-280.569866449044;37.004709848358424
18609;-103.280223376164;(((x * (((x / _a0_) * _a4_) + _a0_)) + (_a3_ * _a3_)) * x);{'d0': {'_a0_': 2.106624068387247, '_a3_': 1.3323420748773227, '_a4_': 7.1135657396204435, '_a1_': 1.0, '_a2_': 1.0, '_a5_': 1.0, '_a6_': 1.0, '_a7_': 1.0}};{'d0': 0.0249058329194166};-280.569866449044;37.004709848358424
18610;-103.280223376164;(((x * (((x / _a0_) * _a4_) + _a0_)) + (_a3_ * _a3_)) * x);{'d0': {'_a0_': 2.106624068387247, '_a3_': 1.3323420748773227, '_a4_': 7.1135657396204435, '_a1_': 1.0, '_a2_': 1.0, '_a5_': 1.0, '_a6_': 1.0, '_a7_': 1.0}};{'d0': 0.0249058329194166};-280.569866449044;37.004709848358424
18611;-103.280223376164;(((x * (((x / _a0_) * _a4_) + _a0_)) + (_a3_ * _a3_)) * x);{'d0': {'_a0_': 2.106624068387247, '_a3_': 1.3323420748773227, '_a4_': 7.1135657396204435, '_a1_': 1.0, '_a2_': 1.0, '_a5_': 1.0, '_a6_': 1.0, '_a7_': 1.0}};{'d0': 0.0249058329194166};-280.569866449044;37.004709848358424
18612;-104.549616141360;(((x * (((x / _a0_) * _a4_) + _a0_)) + -(_a7_)) * x);{'d0': {'_a0_': 2.10662406757761, '_a4_': 7.113565735406583, '_a7_': -1.775135404320812, '_a1_': 1.0, '_a2_': 1.0, '_a3_': 1.0, '_a5_': 1.0, '_a6_': 1.0}};{'d0': 0.024905832919416625};-280.569866449044;35.73531708316181
18613;-104.549616141360;(((x * (((x / _a0_) * _a4_) + _a0_)) + -(_a7_)) * x);{'d0': {'_a0_': 2.10662406757761, '_a4_': 7.113565735406583, '_a7_': -1.775135404320812, '_a1_': 1.0, '_a2_': 1.0, '_a3_': 1.0, '_a5_': 1.0, '_a6_': 1.0}};{'d0': 0.024905832919416625};-280.569866449044;35.73531708316181
18614;-104.549616141360;(((x * (((x / _a0_) * _a4_) + _a0_)) + -(_a7_)) * x);{'d0': {'_a0_': 2.10662406757761, '_a4_': 7.113565735406583, '_a7_': -1.775135404320812, '_a1_': 1.0, '_a2_': 1.0, '_a3_': 1.0, '_a5_': 1.0, '_a6_': 1.0}};{'d0': 0.024905832919416625};-280.569866449044;35.73531708316181
18615;-104.549616141360;(((x * (((x / _a0_) * _a4_) + _a0_)) + -(_a7_)) * x);{'d0': {'_a0_': 2.10662406757761, '_a4_': 7.113565735406583, '_a7_': -1.775135404320812, '_a1_': 1.0, '_a2_': 1.0, '_a3_': 1.0, '_a5_': 1.0, '_a6_': 1.0}};{'d0': 0.024905832919416625};-280.569866449044;35.73531708316181
18616;-104.549616141360;(((x * (((x / _a0_) * _a4_) + _a0_)) + -(_a7_)) * x);{'d0': {'_a0_': 2.10662406757761, '_a4_': 7.113565735406583, '_a7_': -1.775135404320812, '_a1_': 1.0, '_a2_': 1.0, '_a3_': 1.0, '_a5_': 1.0, '_a6_': 1.0}};{'d0': 0.024905832919416625};-280.569866449044;35.73531708316181
18617;-104.549616141360;(((x * (((x / _a0_) * _a4_) + _a0_)) + -(_a7_)) * x);{'d0': {'_a0_': 2.10662406757761, '_a4_': 7.113565735406583, '_a7_': -1.775135404320812, '_a1_': 1.0, '_a2_': 1.0, '_a3_': 1.0, '_a5_': 1.0, '_a6_': 1.0}};{'d0': 0.024905832919416625};-280.569866449044;35.73531708316181
18618;-104.549616141360;(((x * (((x / _a0_) * _a4_) + _a0_)) + -(_a7_)) * x);{'d0': {'_a0_': 2.10662406757761, '_a4_': 7.113565735406583, '_a7_': -1.775135404320812, '_a1_': 1.0, '_a2_': 1.0, '_a3_': 1.0, '_a5_': 1.0, '_a6_': 1.0}};{'d0': 0.024905832919416625};-280.569866449044;35.73531708316181
18619;-104.549616141360;(((x * (((x / _a0_) * _a4_) + _a0_)) + -(_a7_)) * x);{'d0': {'_a0_': 2.10662406757761, '_a4_': 7.113565735406583, '_a7_': -1.775135404320812, '_a1_': 1.0, '_a2_': 1.0, '_a3_': 1.0, '_a5_': 1.0, '_a6_': 1.0}};{'d0': 0.024905832919416625};-280.569866449044;35.73531708316181
18620;-104.549616141360;(((x * (((x / _a0_) * _a4_) + _a0_)) + -(_a7_)) * x);{'d0': {'_a0_': 2.10662406757761, '_a4_': 7.113565735406583, '_a7_': -1.775135404320812, '_a1_': 1.0, '_a2_': 1.0, '_a3_': 1.0, '_a5_': 1.0, '_a6_': 1.0}};{'d0': 0.024905832919416625};-280.569866449044;35.73531708316181
18621;-104.549616141360;(((x * (((x / _a0_) * _a4_) + _a0_)) + -(_a7_)) * x);{'d0': {'_a0_': 2.10662406757761, '_a4_': 7.113565735406583, '_a7_': -1.775135404320812, '_a1_': 1.0, '_a2_': 1.0, '_a3_': 1.0, '_a5_': 1.0, '_a6_': 1.0}};{'d0': 0.024905832919416625};-280.569866449044;35.73531708316181
18622;-104.549616141360;(((x * (((x / _a0_) * _a4_) + _a0_)) + -(_a7_)) * x);{'d0': {'_a0_': 2.10662406757761, '_a4_': 7.113565735406583, '_a7_': -1.775135404320812, '_a1_': 1.0, '_a2_': 1.0, '_a3_': 1.0, '_a5_': 1.0, '_a6_': 1.0}};{'d0': 0.024905832919416625};-280.569866449044;35.73531708316181
18623;-104.549616141360;(((x * (((x / _a0_) * _a4_) + _a0_)) + -(_a7_)) * x);{'d0': {'_a0_': 2.10662406757761, '_a4_': 7.113565735406583, '_a7_': -1.775135404320812, '_a1_': 1.0, '_a2_': 1.0, '_a3_': 1.0, '_a5_': 1.0, '_a6_': 1.0}};{'d0': 0.024905832919416625};-280.569866449044;35.73531708316181
18624;-104.549616141360;(((x * (((x / _a0_) * _a4_) + _a0_)) + -(_a7_)) * x);{'d0': {'_a0_': 2.10662406757761, '_a4_': 7.113565735406583, '_a7_': -1.775135404320812, '_a1_': 1.0, '_a2_': 1.0, '_a3_': 1.0, '_a5_': 1.0, '_a6_': 1.0}};{'d0': 0.024905832919416625};-280.569866449044;35.73531708316181
18625;-104.549616141360;(((x * (((x / _a0_) * _a4_) + _a0_)) + -(_a7_)) * x);{'d0': {'_a0_': 2.10662406757761, '_a4_': 7.113565735406583, '_a7_': -1.775135404320812, '_a1_': 1.0, '_a2_': 1.0, '_a3_': 1.0, '_a5_': 1.0, '_a6_': 1.0}};{'d0': 0.024905832919416625};-280.569866449044;35.73531708316181
18626;-104.549616141360;(((x * (((x / _a0_) * _a4_) + _a0_)) + -(_a7_)) * x);{'d0': {'_a0_': 2.10662406757761, '_a4_': 7.113565735406583, '_a7_': -1.775135404320812, '_a1_': 1.0, '_a2_': 1.0, '_a3_': 1.0, '_a5_': 1.0, '_a6_': 1.0}};{'d0': 0.024905832919416625};-280.569866449044;35.73531708316181
18627;-104.549616141360;(((x * (((x / _a0_) * _a4_) + _a0_)) + -(_a7_)) * x);{'d0': {'_a0_': 2.10662406757761, '_a4_': 7.113565735406583, '_a7_': -1.775135404320812, '_a1_': 1.0, '_a2_': 1.0, '_a3_': 1.0, '_a5_': 1.0, '_a6_': 1.0}};{'d0': 0.024905832919416625};-280.569866449044;35.73531708316181
18628;-104.549616141360;(((x * (((x / _a0_) * _a4_) + _a0_)) + -(_a7_)) * x);{'d0': {'_a0_': 2.10662406757761, '_a4_': 7.113565735406583, '_a7_': -1.775135404320812, '_a1_': 1.0, '_a2_': 1.0, '_a3_': 1.0, '_a5_': 1.0, '_a6_': 1.0}};{'d0': 0.024905832919416625};-280.569866449044;35.73531708316181
18629;-104.549616141360;(((x * (((x / _a0_) * _a4_) + _a0_)) + -(_a7_)) * x);{'d0': {'_a0_': 2.10662406757761, '_a4_': 7.113565735406583, '_a7_': -1.775135404320812, '_a1_': 1.0, '_a2_': 1.0, '_a3_': 1.0, '_a5_': 1.0, '_a6_': 1.0}};{'d0': 0.024905832919416625};-280.569866449044;35.73531708316181
18630;-104.549616141360;(((x * (((x / _a0_) * _a4_) + _a0_)) + -(_a7_)) * x);{'d0': {'_a0_': 2.10662406757761, '_a4_': 7.113565735406583, '_a7_': -1.775135404320812, '_a1_': 1.0, '_a2_': 1.0, '_a3_': 1.0, '_a5_': 1.0, '_a6_': 1.0}};{'d0': 0.024905832919416625};-280.569866449044;35.73531708316181
18631;-92.8870848708654;(((((x * x) * (_a0_ + _a1_)) + x) + -(pow3((_a7_ * x)))) * _a0_);{'d0': {'_a0_': 1.7751354046749472, '_a1_': -0.5883954735631485, '_a7_': -1.239052211517367, '_a2_': 1.0, '_a3_': 1.0, '_a4_': 1.0, '_a5_': 1.0, '_a6_': 1.0}};{'d0': 0.024905832919416632};-280.569866449044;47.39784835365633
18632;-92.8870848708654;(((((x * x) * (_a0_ + _a1_)) + x) + -(pow3((_a7_ * x)))) * _a0_);{'d0': {'_a0_': 1.7751354046749472, '_a1_': -0.5883954735631485, '_a7_': -1.239052211517367, '_a2_': 1.0, '_a3_': 1.0, '_a4_': 1.0, '_a5_': 1.0, '_a6_': 1.0}};{'d0': 0.024905832919416632};-280.569866449044;47.39784835365633
18633;-92.8870848708654;(((((x * x) * (_a0_ + _a1_)) + x) + -(pow3((_a7_ * x)))) * _a0_);{'d0': {'_a0_': 1.7751354046749472, '_a1_': -0.5883954735631485, '_a7_': -1.239052211517367, '_a2_': 1.0, '_a3_': 1.0, '_a4_': 1.0, '_a5_': 1.0, '_a6_': 1.0}};{'d0': 0.024905832919416632};-280.569866449044;47.39784835365633
18634;-104.549616141360;(((x * (((x / _a0_) * _a4_) + _a0_)) + -(_a7_)) * x);{'d0': {'_a0_': 2.10662406757761, '_a4_': 7.113565735406583, '_a7_': -1.775135404320812, '_a1_': 1.0, '_a2_': 1.0, '_a3_': 1.0, '_a5_': 1.0, '_a6_': 1.0}};{'d0': 0.024905832919416625};-280.569866449044;35.73531708316181
18635;-92.8870848708654;(((((x * x) * (_a0_ + _a1_)) + x) + -(pow3((_a7_ * x)))) * _a0_);{'d0': {'_a0_': 1.7751354046749472, '_a1_': -0.5883954735631485, '_a7_': -1.239052211517367, '_a2_': 1.0, '_a3_': 1.0, '_a4_': 1.0, '_a5_': 1.0, '_a6_': 1.0}};{'d0': 0.024905832919416632};-280.569866449044;47.39784835365633
18636;-92.8870848708654;(((((x * x) * (_a0_ + _a1_)) + x) + -(pow3((_a7_ * x)))) * _a0_);{'d0': {'_a0_': 1.7751354046749472, '_a1_': -0.5883954735631485, '_a7_': -1.239052211517367, '_a2_': 1.0, '_a3_': 1.0, '_a4_': 1.0, '_a5_': 1.0, '_a6_': 1.0}};{'d0': 0.024905832919416632};-280.569866449044;47.39784835365633
18637;-92.8870848708654;(((((x * x) * (_a0_ + _a1_)) + x) + -(pow3((_a7_ * x)))) * _a0_);{'d0': {'_a0_': 1.7751354046749472, '_a1_': -0.5883954735631485, '_a7_': -1.239052211517367, '_a2_': 1.0, '_a3_': 1.0, '_a4_': 1.0, '_a5_': 1.0, '_a6_': 1.0}};{'d0': 0.024905832919416632};-280.569866449044;47.39784835365633
18638;-92.8870848708654;(((((x * x) * (_a0_ + _a1_)) + x) + -(pow3((_a7_ * x)))) * _a0_);{'d0': {'_a0_': 1.7751354046749472, '_a1_': -0.5883954735631485, '_a7_': -1.239052211517367, '_a2_': 1.0, '_a3_': 1.0, '_a4_': 1.0, '_a5_': 1.0, '_a6_': 1.0}};{'d0': 0.024905832919416632};-280.569866449044;47.39784835365633
18639;-92.8870848708654;(((((x * x) * (_a0_ + _a1_)) + x) + -(pow3((_a7_ * x)))) * _a0_);{'d0': {'_a0_': 1.7751354046749472, '_a1_': -0.5883954735631485, '_a7_': -1.239052211517367, '_a2_': 1.0, '_a3_': 1.0, '_a4_': 1.0, '_a5_': 1.0, '_a6_': 1.0}};{'d0': 0.024905832919416632};-280.569866449044;47.39784835365633
18640;-92.8870848708654;(((((x * x) * (_a0_ + _a1_)) + x) + -(pow3((_a7_ * x)))) * _a0_);{'d0': {'_a0_': 1.7751354046749472, '_a1_': -0.5883954735631485, '_a7_': -1.239052211517367, '_a2_': 1.0, '_a3_': 1.0, '_a4_': 1.0, '_a5_': 1.0, '_a6_': 1.0}};{'d0': 0.024905832919416632};-280.569866449044;47.39784835365633
18641;-92.8870848708654;(((((x * x) * (_a0_ + _a1_)) + x) + -(pow3((_a7_ * x)))) * _a0_);{'d0': {'_a0_': 1.7751354046749472, '_a1_': -0.5883954735631485, '_a7_': -1.239052211517367, '_a2_': 1.0, '_a3_': 1.0, '_a4_': 1.0, '_a5_': 1.0, '_a6_': 1.0}};{'d0': 0.024905832919416632};-280.569866449044;47.39784835365633
18642;-103.159914093536;((x * (_a3_ + (((x + _a4_) * x) * _a7_))) * (_a3_ + _a4_));{'d0': {'_a3_': 1.0564399597205099, '_a4_': 0.6238594155520859, '_a7_': 2.009618599882643, '_a0_': 1.0, '_a1_': 1.0, '_a2_': 1.0, '_a5_': 1.0, '_a6_': 1.0}};{'d0': 0.02490583291941664};-280.569866449044;37.12501913098596
18643;-103.159914093536;((x * (_a3_ + (((x + _a4_) * x) * _a7_))) * (_a3_ + _a4_));{'d0': {'_a3_': 1.0564399597205099, '_a4_': 0.6238594155520859, '_a7_': 2.009618599882643, '_a0_': 1.0, '_a1_': 1.0, '_a2_': 1.0, '_a5_': 1.0, '_a6_': 1.0}};{'d0': 0.02490583291941664};-280.569866449044;37.12501913098596
18644;-103.159914093536;((x * (_a3_ + (((x + _a4_) * x) * _a7_))) * (_a3_ + _a4_));{'d0': {'_a3_': 1.0564399597205099, '_a4_': 0.6238594155520859, '_a7_': 2.009618599882643, '_a0_': 1.0, '_a1_': 1.0, '_a2_': 1.0, '_a5_': 1.0, '_a6_': 1.0}};{'d0': 0.02490583291941664};-280.569866449044;37.12501913098596
18645;-103.159914093536;((x * (_a3_ + (((x + _a4_) * x) * _a7_))) * (_a3_ + _a4_));{'d0': {'_a3_': 1.0564399597205099, '_a4_': 0.6238594155520859, '_a7_': 2.009618599882643, '_a0_': 1.0, '_a1_': 1.0, '_a2_': 1.0, '_a5_': 1.0, '_a6_': 1.0}};{'d0': 0.02490583291941664};-280.569866449044;37.12501913098596
18646;-92.8870848708654;(((((x * x) * (_a0_ + _a1_)) + x) + -(pow3((_a7_ * x)))) * _a0_);{'d0': {'_a0_': 1.7751354046749472, '_a1_': -0.5883954735631485, '_a7_': -1.239052211517367, '_a2_': 1.0, '_a3_': 1.0, '_a4_': 1.0, '_a5_': 1.0, '_a6_': 1.0}};{'d0': 0.024905832919416632};-280.569866449044;47.39784835365633
18647;-92.8870848708654;(((((x * x) * (_a0_ + _a1_)) + x) + -(pow3((_a7_ * x)))) * _a0_);{'d0': {'_a0_': 1.7751354046749472, '_a1_': -0.5883954735631485, '_a7_': -1.239052211517367, '_a2_': 1.0, '_a3_': 1.0, '_a4_': 1.0, '_a5_': 1.0, '_a6_': 1.0}};{'d0': 0.024905832919416632};-280.569866449044;47.39784835365633
18648;-92.8870848708654;(((((x * x) * (_a0_ + _a1_)) + x) + -(pow3((_a7_ * x)))) * _a0_);{'d0': {'_a0_': 1.7751354046749472, '_a1_': -0.5883954735631485, '_a7_': -1.239052211517367, '_a2_': 1.0, '_a3_': 1.0, '_a4_': 1.0, '_a5_': 1.0, '_a6_': 1.0}};{'d0': 0.024905832919416632};-280.569866449044;47.39784835365633
18649;-92.8870848708654;(((((x * x) * (_a0_ + _a1_)) + x) + -(pow3((_a7_ * x)))) * _a0_);{'d0': {'_a0_': 1.7751354046749472, '_a1_': -0.5883954735631485, '_a7_': -1.239052211517367, '_a2_': 1.0, '_a3_': 1.0, '_a4_': 1.0, '_a5_': 1.0, '_a6_': 1.0}};{'d0': 0.024905832919416632};-280.569866449044;47.39784835365633
18650;-92.8870848708654;(((((x * x) * (_a0_ + _a1_)) + x) + -(pow3((_a7_ * x)))) * _a0_);{'d0': {'_a0_': 1.7751354046749472, '_a1_': -0.5883954735631485, '_a7_': -1.239052211517367, '_a2_': 1.0, '_a3_': 1.0, '_a4_': 1.0, '_a5_': 1.0, '_a6_': 1.0}};{'d0': 0.024905832919416632};-280.569866449044;47.39784835365633
18651;-92.8870848708654;(((((x * x) * (_a0_ + _a1_)) + x) + -(pow3((_a7_ * x)))) * _a0_);{'d0': {'_a0_': 1.7751354046749472, '_a1_': -0.5883954735631485, '_a7_': -1.239052211517367, '_a2_': 1.0, '_a3_': 1.0, '_a4_': 1.0, '_a5_': 1.0, '_a6_': 1.0}};{'d0': 0.024905832919416632};-280.569866449044;47.39784835365633
18652;-92.8870848708654;(((((x * x) * (_a0_ + _a1_)) + x) + -(pow3((_a7_ * x)))) * _a0_);{'d0': {'_a0_': 1.7751354046749472, '_a1_': -0.5883954735631485, '_a7_': -1.239052211517367, '_a2_': 1.0, '_a3_': 1.0, '_a4_': 1.0, '_a5_': 1.0, '_a6_': 1.0}};{'d0': 0.024905832919416632};-280.569866449044;47.39784835365633
18653;-92.8870848708654;(((((x * x) * (_a0_ + _a1_)) + x) + -(pow3((_a7_ * x)))) * _a0_);{'d0': {'_a0_': 1.7751354046749472, '_a1_': -0.5883954735631485, '_a7_': -1.239052211517367, '_a2_': 1.0, '_a3_': 1.0, '_a4_': 1.0, '_a5_': 1.0, '_a6_': 1.0}};{'d0': 0.024905832919416632};-280.569866449044;47.39784835365633
18654;-92.8870848708654;(((((x * x) * (_a0_ + _a1_)) + x) + -(pow3((_a7_ * x)))) * _a0_);{'d0': {'_a0_': 1.7751354046749472, '_a1_': -0.5883954735631485, '_a7_': -1.239052211517367, '_a2_': 1.0, '_a3_': 1.0, '_a4_': 1.0, '_a5_': 1.0, '_a6_': 1.0}};{'d0': 0.024905832919416632};-280.569866449044;47.39784835365633
18655;-92.8870848708654;(((((x * x) * (_a0_ + _a1_)) + x) + -(pow3((_a7_ * x)))) * _a0_);{'d0': {'_a0_': 1.7751354046749472, '_a1_': -0.5883954735631485, '_a7_': -1.239052211517367, '_a2_': 1.0, '_a3_': 1.0, '_a4_': 1.0, '_a5_': 1.0, '_a6_': 1.0}};{'d0': 0.024905832919416632};-280.569866449044;47.39784835365633
18656;-92.8870848708654;(((((x * x) * (_a0_ + _a1_)) + x) + -(pow3((_a7_ * x)))) * _a0_);{'d0': {'_a0_': 1.7751354046749472, '_a1_': -0.5883954735631485, '_a7_': -1.239052211517367, '_a2_': 1.0, '_a3_': 1.0, '_a4_': 1.0, '_a5_': 1.0, '_a6_': 1.0}};{'d0': 0.024905832919416632};-280.569866449044;47.39784835365633
18657;-92.8870848708654;(((((x * x) * (_a0_ + _a1_)) + x) + -(pow3((_a7_ * x)))) * _a0_);{'d0': {'_a0_': 1.7751354046749472, '_a1_': -0.5883954735631485, '_a7_': -1.239052211517367, '_a2_': 1.0, '_a3_': 1.0, '_a4_': 1.0, '_a5_': 1.0, '_a6_': 1.0}};{'d0': 0.024905832919416632};-280.569866449044;47.39784835365633
18658;-92.8870848708654;(((((x * x) * (_a0_ + _a1_)) + x) + -(pow3((_a7_ * x)))) * _a0_);{'d0': {'_a0_': 1.7751354046749472, '_a1_': -0.5883954735631485, '_a7_': -1.239052211517367, '_a2_': 1.0, '_a3_': 1.0, '_a4_': 1.0, '_a5_': 1.0, '_a6_': 1.0}};{'d0': 0.024905832919416632};-280.569866449044;47.39784835365633
18659;-92.8870848708654;(((((x * x) * (_a0_ + _a1_)) + x) + -(pow3((_a7_ * x)))) * _a0_);{'d0': {'_a0_': 1.7751354046749472, '_a1_': -0.5883954735631485, '_a7_': -1.239052211517367, '_a2_': 1.0, '_a3_': 1.0, '_a4_': 1.0, '_a5_': 1.0, '_a6_': 1.0}};{'d0': 0.024905832919416632};-280.569866449044;47.39784835365633
18660;-92.8870848708654;(((((x * x) * (_a0_ + _a1_)) + x) + -(pow3((_a7_ * x)))) * _a0_);{'d0': {'_a0_': 1.7751354046749472, '_a1_': -0.5883954735631485, '_a7_': -1.239052211517367, '_a2_': 1.0, '_a3_': 1.0, '_a4_': 1.0, '_a5_': 1.0, '_a6_': 1.0}};{'d0': 0.024905832919416632};-280.569866449044;47.39784835365633
18661;-92.8870848708654;(((((x * x) * (_a0_ + _a1_)) + x) + -(pow3((_a7_ * x)))) * _a0_);{'d0': {'_a0_': 1.7751354046749472, '_a1_': -0.5883954735631485, '_a7_': -1.239052211517367, '_a2_': 1.0, '_a3_': 1.0, '_a4_': 1.0, '_a5_': 1.0, '_a6_': 1.0}};{'d0': 0.024905832919416632};-280.569866449044;47.39784835365633
18662;-101.112741789559;((x * (_a1_ + (((x + _a4_) * x) * _a7_))) * (_a3_ + _a4_));{'d0': {'_a1_': 0.9730854751804049, '_a3_': 1.200373527298858, '_a4_': 0.6238594155904751, '_a7_': 1.8510570836218152, '_a0_': 1.0, '_a2_': 1.0, '_a5_': 1.0, '_a6_': 1.0}};{'d0': 0.024905832938399826};-276.475521841090;37.12501913098596
18663;-101.112741789559;((x * (_a1_ + (((x + _a4_) * x) * _a7_))) * (_a3_ + _a4_));{'d0': {'_a1_': 0.9730854751804049, '_a3_': 1.200373527298858, '_a4_': 0.6238594155904751, '_a7_': 1.8510570836218152, '_a0_': 1.0, '_a2_': 1.0, '_a5_': 1.0, '_a6_': 1.0}};{'d0': 0.024905832938399826};-276.475521841090;37.12501913098596
18664;-95.7466736775001;((x * (exp(_a0_) + (((x + _a4_) * x) * _a7_))) * (_a3_ + _a4_));{'d0': {'_a0_': 0.8357136167187906, '_a3_': 0.14577708592555108, '_a4_': 0.6238594154462027, '_a7_': 4.387474623009924, '_a1_': 1.0, '_a2_': 1.0, '_a5_': 1.0, '_a6_': 1.0}};{'d0': 0.024905832919636297};-276.475521886292;42.49108726564596
18665;-95.7728788016815;((x * (sqrt(_a0_) + (((x + _a4_) * x) * _a7_))) * (_a3_ + _a4_));{'d0': {'_a0_': 3.656757263515109, '_a3_': 0.30442999800455345, '_a4_': 0.6238594155864956, '_a7_': 3.6376163663544165, '_a1_': 1.0, '_a2_': 1.0, '_a5_': 1.0, '_a6_': 1.0}};{'d0': 0.024905832919601946};-276.475521886375;42.46488214150596
18666;-95.1921407622736;((x * ((_a7_ + _a1_) + (((x + _a4_) * x) * _a7_))) * (_a3_ + _a4_));{'d0': {'_a1_': -9.135072347639582, '_a3_': -0.4485323630765322, '_a4_': 0.6238594155959933, '_a7_': 19.25978040816722, '_a0_': 1.0, '_a2_': 1.0, '_a5_': 1.0, '_a6_': 1.0}};{'d0': 0.02490583292034739};-276.475521884579;43.04562018001596
18667;-95.1921407622736;((x * ((_a7_ + _a1_) + (((x + _a4_) * x) * _a7_))) * (_a3_ + _a4_));{'d0': {'_a1_': -9.135072347639582, '_a3_': -0.4485323630765322, '_a4_': 0.6238594155959933, '_a7_': 19.25978040816722, '_a0_': 1.0, '_a2_': 1.0, '_a5_': 1.0, '_a6_': 1.0}};{'d0': 0.02490583292034739};-276.475521884579;43.04562018001596
18668;-95.1921407622736;((x * ((_a7_ + _a1_) + (((x + _a4_) * x) * _a7_))) * (_a3_ + _a4_));{'d0': {'_a1_': -9.135072347639582, '_a3_': -0.4485323630765322, '_a4_': 0.6238594155959933, '_a7_': 19.25978040816722, '_a0_': 1.0, '_a2_': 1.0, '_a5_': 1.0, '_a6_': 1.0}};{'d0': 0.02490583292034739};-276.475521884579;43.04562018001596
18669;-103.159914093536;((x * ((_a7_ + _a1_) + (((x + _a4_) * x) * _a7_))) * _a4_);{'d0': {'_a1_': -2.5672858949526476, '_a4_': 0.6238594153751702, '_a7_': 5.412695228572463, '_a0_': 1.0, '_a2_': 1.0, '_a3_': 1.0, '_a5_': 1.0, '_a6_': 1.0}};{'d0': 0.02490583291941664};-280.569866449044;37.12501913098596
18670;-103.159914093536;((x * ((_a7_ + _a1_) + (((x + _a4_) * x) * _a7_))) * _a4_);{'d0': {'_a1_': -2.5672858949526476, '_a4_': 0.6238594153751702, '_a7_': 5.412695228572463, '_a0_': 1.0, '_a2_': 1.0, '_a3_': 1.0, '_a5_': 1.0, '_a6_': 1.0}};{'d0': 0.02490583291941664};-280.569866449044;37.12501913098596
18671;-103.159914093536;((x * ((_a7_ + _a1_) + (((x + _a4_) * x) * _a7_))) * _a4_);{'d0': {'_a1_': -2.5672858949526476, '_a4_': 0.6238594153751702, '_a7_': 5.412695228572463, '_a0_': 1.0, '_a2_': 1.0, '_a3_': 1.0, '_a5_': 1.0, '_a6_': 1.0}};{'d0': 0.02490583291941664};-280.569866449044;37.12501913098596
18672;-103.159914093536;((x * ((_a7_ + _a1_) + (((x + _a4_) * x) * _a7_))) * _a4_);{'d0': {'_a1_': -2.5672858949526476, '_a4_': 0.6238594153751702, '_a7_': 5.412695228572463, '_a0_': 1.0, '_a2_': 1.0, '_a3_': 1.0, '_a5_': 1.0, '_a6_': 1.0}};{'d0': 0.02490583291941664};-280.569866449044;37.12501913098596
18673;-103.159914093536;((x * ((_a7_ + _a1_) + (((x + _a4_) * x) * _a7_))) * _a4_);{'d0': {'_a1_': -2.5672858949526476, '_a4_': 0.6238594153751702, '_a7_': 5.412695228572463, '_a0_': 1.0, '_a2_': 1.0, '_a3_': 1.0, '_a5_': 1.0, '_a6_': 1.0}};{'d0': 0.02490583291941664};-280.569866449044;37.12501913098596
18674;-103.159914093536;((x * ((_a7_ + _a1_) + (((x + _a4_) * x) * _a7_))) * _a4_);{'d0': {'_a1_': -2.5672858949526476, '_a4_': 0.6238594153751702, '_a7_': 5.412695228572463, '_a0_': 1.0, '_a2_': 1.0, '_a3_': 1.0, '_a5_': 1.0, '_a6_': 1.0}};{'d0': 0.02490583291941664};-280.569866449044;37.12501913098596
18675;-103.159914093536;((x * ((_a7_ + _a1_) + (((x + _a4_) * x) * _a7_))) * _a4_);{'d0': {'_a1_': -2.5672858949526476, '_a4_': 0.6238594153751702, '_a7_': 5.412695228572463, '_a0_': 1.0, '_a2_': 1.0, '_a3_': 1.0, '_a5_': 1.0, '_a6_': 1.0}};{'d0': 0.02490583291941664};-280.569866449044;37.12501913098596
18676;-103.159914093536;((x * ((_a7_ + _a1_) + (((x + _a4_) * x) * _a7_))) * _a4_);{'d0': {'_a1_': -2.5672858949526476, '_a4_': 0.6238594153751702, '_a7_': 5.412695228572463, '_a0_': 1.0, '_a2_': 1.0, '_a3_': 1.0, '_a5_': 1.0, '_a6_': 1.0}};{'d0': 0.02490583291941664};-280.569866449044;37.12501913098596
18677;-103.159914093536;((x * ((_a7_ + _a1_) + (((x + _a4_) * x) * _a7_))) * _a4_);{'d0': {'_a1_': -2.5672858949526476, '_a4_': 0.6238594153751702, '_a7_': 5.412695228572463, '_a0_': 1.0, '_a2_': 1.0, '_a3_': 1.0, '_a5_': 1.0, '_a6_': 1.0}};{'d0': 0.02490583291941664};-280.569866449044;37.12501913098596
18678;-103.159914093536;((x * ((_a7_ + _a1_) + (((x + _a4_) * x) * _a7_))) * _a4_);{'d0': {'_a1_': -2.5672858949526476, '_a4_': 0.6238594153751702, '_a7_': 5.412695228572463, '_a0_': 1.0, '_a2_': 1.0, '_a3_': 1.0, '_a5_': 1.0, '_a6_': 1.0}};{'d0': 0.02490583291941664};-280.569866449044;37.12501913098596
18679;-103.159914093536;((x * ((_a7_ + _a1_) + (((x + _a4_) * x) * _a7_))) * _a4_);{'d0': {'_a1_': -2.5672858949526476, '_a4_': 0.6238594153751702, '_a7_': 5.412695228572463, '_a0_': 1.0, '_a2_': 1.0, '_a3_': 1.0, '_a5_': 1.0, '_a6_': 1.0}};{'d0': 0.02490583291941664};-280.569866449044;37.12501913098596
18680;-103.159914093536;((x * ((_a7_ + _a1_) + (((x + _a4_) * x) * _a7_))) * _a4_);{'d0': {'_a1_': -2.5672858949526476, '_a4_': 0.6238594153751702, '_a7_': 5.412695228572463, '_a0_': 1.0, '_a2_': 1.0, '_a3_': 1.0, '_a5_': 1.0, '_a6_': 1.0}};{'d0': 0.02490583291941664};-280.569866449044;37.12501913098596
18681;-103.159914093536;((x * ((_a7_ + _a1_) + (((x + _a4_) * x) * _a7_))) * _a4_);{'d0': {'_a1_': -2.5672858949526476, '_a4_': 0.6238594153751702, '_a7_': 5.412695228572463, '_a0_': 1.0, '_a2_': 1.0, '_a3_': 1.0, '_a5_': 1.0, '_a6_': 1.0}};{'d0': 0.02490583291941664};-280.569866449044;37.12501913098596
18682;-103.159914093536;((x * ((_a7_ + _a1_) + (((x + _a4_) * x) * _a7_))) * _a4_);{'d0': {'_a1_': -2.5672858949526476, '_a4_': 0.6238594153751702, '_a7_': 5.412695228572463, '_a0_': 1.0, '_a2_': 1.0, '_a3_': 1.0, '_a5_': 1.0, '_a6_': 1.0}};{'d0': 0.02490583291941664};-280.569866449044;37.12501913098596
18683;-103.159914093536;((x * ((_a7_ + _a1_) + (((x + _a4_) * x) * _a7_))) * _a4_);{'d0': {'_a1_': -2.5672858949526476, '_a4_': 0.6238594153751702, '_a7_': 5.412695228572463, '_a0_': 1.0, '_a2_': 1.0, '_a3_': 1.0, '_a5_': 1.0, '_a6_': 1.0}};{'d0': 0.02490583291941664};-280.569866449044;37.12501913098596
18684;-103.159914093536;((x * ((_a7_ + _a1_) + (((x + _a4_) * x) * _a7_))) * _a4_);{'d0': {'_a1_': -2.5672858949526476, '_a4_': 0.6238594153751702, '_a7_': 5.412695228572463, '_a0_': 1.0, '_a2_': 1.0, '_a3_': 1.0, '_a5_': 1.0, '_a6_': 1.0}};{'d0': 0.02490583291941664};-280.569866449044;37.12501913098596
18685;-103.159914093536;((x * ((_a7_ + _a1_) + (((x + _a4_) * x) * _a7_))) * _a4_);{'d0': {'_a1_': -2.5672858949526476, '_a4_': 0.6238594153751702, '_a7_': 5.412695228572463, '_a0_': 1.0, '_a2_': 1.0, '_a3_': 1.0, '_a5_': 1.0, '_a6_': 1.0}};{'d0': 0.02490583291941664};-280.569866449044;37.12501913098596
18686;-103.159914093536;((x * ((_a4_ + _a1_) + (((x + _a4_) * x) * _a7_))) * _a4_);{'d0': {'_a1_': 2.2215499184664864, '_a4_': 0.6238594156134808, '_a7_': 5.412695223432509, '_a0_': 1.0, '_a2_': 1.0, '_a3_': 1.0, '_a5_': 1.0, '_a6_': 1.0}};{'d0': 0.024905832919416664};-280.569866449044;37.12501913098596
18687;-103.159914093536;((x * ((_a4_ + _a1_) + (((x + _a4_) * x) * _a7_))) * _a4_);{'d0': {'_a1_': 2.2215499184664864, '_a4_': 0.6238594156134808, '_a7_': 5.412695223432509, '_a0_': 1.0, '_a2_': 1.0, '_a3_': 1.0, '_a5_': 1.0, '_a6_': 1.0}};{'d0': 0.024905832919416664};-280.569866449044;37.12501913098596
18688;-103.159914093536;((x * ((_a4_ + _a1_) + (((x + _a1_) * x) * _a7_))) * _a4_);{'d0': {'_a1_': 0.6238594156187699, '_a4_': 1.0564399601243795, '_a7_': 3.1963585298777026, '_a0_': 1.0, '_a2_': 1.0, '_a3_': 1.0, '_a5_': 1.0, '_a6_': 1.0}};{'d0': 0.02490583291941664};-280.569866449044;37.12501913098596
18689;-103.159914093536;((x * ((_a4_ + _a1_) + (((x + _a1_) * x) * _a7_))) * _a4_);{'d0': {'_a1_': 0.6238594156187699, '_a4_': 1.0564399601243795, '_a7_': 3.1963585298777026, '_a0_': 1.0, '_a2_': 1.0, '_a3_': 1.0, '_a5_': 1.0, '_a6_': 1.0}};{'d0': 0.02490583291941664};-280.569866449044;37.12501913098596
18690;-103.159914093536;((x * ((_a4_ + x) + (((x + _a1_) * x) * _a7_))) * _a4_);{'d0': {'_a1_': 0.22929725232806897, '_a4_': 1.3323420748954309, '_a7_': 2.5344548809247125, '_a0_': 1.0, '_a2_': 1.0, '_a3_': 1.0, '_a5_': 1.0, '_a6_': 1.0}};{'d0': 0.02490583291941657};-280.569866449044;37.12501913098596
18691;-103.159914093536;((x * ((_a4_ + x) + (((x + _a1_) * x) * _a7_))) * _a4_);{'d0': {'_a1_': 0.22929725232806897, '_a4_': 1.3323420748954309, '_a7_': 2.5344548809247125, '_a0_': 1.0, '_a2_': 1.0, '_a3_': 1.0, '_a5_': 1.0, '_a6_': 1.0}};{'d0': 0.02490583291941657};-280.569866449044;37.12501913098596
18692;-103.159914093536;((x * ((_a4_ + x) + (((x + _a1_) * x) * _a7_))) * _a4_);{'d0': {'_a1_': 0.22929725232806897, '_a4_': 1.3323420748954309, '_a7_': 2.5344548809247125, '_a0_': 1.0, '_a2_': 1.0, '_a3_': 1.0, '_a5_': 1.0, '_a6_': 1.0}};{'d0': 0.02490583291941657};-280.569866449044;37.12501913098596
18693;-103.159914093536;((x * ((_a4_ + x) + (((x + _a1_) * x) * _a7_))) * _a4_);{'d0': {'_a1_': 0.22929725232806897, '_a4_': 1.3323420748954309, '_a7_': 2.5344548809247125, '_a0_': 1.0, '_a2_': 1.0, '_a3_': 1.0, '_a5_': 1.0, '_a6_': 1.0}};{'d0': 0.02490583291941657};-280.569866449044;37.12501913098596
18694;-103.159914093536;((x * ((_a4_ + x) + (((x + _a1_) * x) * _a7_))) * _a4_);{'d0': {'_a1_': 0.22929725232806897, '_a4_': 1.3323420748954309, '_a7_': 2.5344548809247125, '_a0_': 1.0, '_a2_': 1.0, '_a3_': 1.0, '_a5_': 1.0, '_a6_': 1.0}};{'d0': 0.02490583291941657};-280.569866449044;37.12501913098596
18695;-103.159914093536;((x * ((_a4_ + x) + (((x + _a1_) * x) * _a7_))) * _a4_);{'d0': {'_a1_': 0.22929725232806897, '_a4_': 1.3323420748954309, '_a7_': 2.5344548809247125, '_a0_': 1.0, '_a2_': 1.0, '_a3_': 1.0, '_a5_': 1.0, '_a6_': 1.0}};{'d0': 0.02490583291941657};-280.569866449044;37.12501913098596
18696;-103.159914093536;((x * ((_a4_ + x) + (((x + _a1_) * x) * _a7_))) * _a4_);{'d0': {'_a1_': 0.22929725232806897, '_a4_': 1.3323420748954309, '_a7_': 2.5344548809247125, '_a0_': 1.0, '_a2_': 1.0, '_a3_': 1.0, '_a5_': 1.0, '_a6_': 1.0}};{'d0': 0.02490583291941657};-280.569866449044;37.12501913098596
18697;-100.378870770527;(((x * ((((_a0_ + x) * _a0_) * _a4_) * _a0_)) + -(_a7_)) * x);{'d0': {'_a0_': 0.6238594155098349, '_a4_': 8.676145763997216, '_a7_': -1.7751354039566964, '_a1_': 1.0, '_a2_': 1.0, '_a3_': 1.0, '_a5_': 1.0, '_a6_': 1.0}};{'d0': 0.02490583291941664};-280.569866449044;39.90606245399541
18698;-100.378870770527;(((x * ((((_a0_ + x) * _a0_) * _a4_) * _a0_)) + -(_a7_)) * x);{'d0': {'_a0_': 0.6238594155098349, '_a4_': 8.676145763997216, '_a7_': -1.7751354039566964, '_a1_': 1.0, '_a2_': 1.0, '_a3_': 1.0, '_a5_': 1.0, '_a6_': 1.0}};{'d0': 0.02490583291941664};-280.569866449044;39.90606245399541
18699;-100.378870770527;(((x * ((((_a0_ + x) * _a0_) * _a4_) * _a0_)) + -(_a7_)) * x);{'d0': {'_a0_': 0.6238594155098349, '_a4_': 8.676145763997216, '_a7_': -1.7751354039566964, '_a1_': 1.0, '_a2_': 1.0, '_a3_': 1.0, '_a5_': 1.0, '_a6_': 1.0}};{'d0': 0.02490583291941664};-280.569866449044;39.90606245399541
18700;-100.378870770527;(((x * ((((_a0_ + x) * _a0_) * _a4_) * _a0_)) + -(_a7_)) * x);{'d0': {'_a0_': 0.6238594155098349, '_a4_': 8.676145763997216, '_a7_': -1.7751354039566964, '_a1_': 1.0, '_a2_': 1.0, '_a3_': 1.0, '_a5_': 1.0, '_a6_': 1.0}};{'d0': 0.02490583291941664};-280.569866449044;39.90606245399541
18701;-100.378870770527;(((x * ((((_a0_ + x) * _a0_) * _a4_) * _a0_)) + -(_a7_)) * x);{'d0': {'_a0_': 0.6238594155098349, '_a4_': 8.676145763997216, '_a7_': -1.7751354039566964, '_a1_': 1.0, '_a2_': 1.0, '_a3_': 1.0, '_a5_': 1.0, '_a6_': 1.0}};{'d0': 0.02490583291941664};-280.569866449044;39.90606245399541
18702;-100.378870770527;(((x * ((((_a0_ + x) * _a0_) * _a4_) * _a0_)) + -(_a7_)) * x);{'d0': {'_a0_': 0.6238594155098349, '_a4_': 8.676145763997216, '_a7_': -1.7751354039566964, '_a1_': 1.0, '_a2_': 1.0, '_a3_': 1.0, '_a5_': 1.0, '_a6_': 1.0}};{'d0': 0.02490583291941664};-280.569866449044;39.90606245399541
18703;-100.378870770527;(((x * ((((_a0_ + x) * _a0_) * _a4_) * _a4_)) + -(_a7_)) * x);{'d0': {'_a0_': 0.623859415567858, '_a4_': 2.326519981259515, '_a7_': -1.7751354042372294, '_a1_': 1.0, '_a2_': 1.0, '_a3_': 1.0, '_a5_': 1.0, '_a6_': 1.0}};{'d0': 0.02490583291941666};-280.569866449044;39.90606245399541
18704;-100.378870770527;(((x * ((((_a0_ + x) * _a0_) * _a4_) * _a4_)) + -(_a7_)) * x);{'d0': {'_a0_': 0.623859415567858, '_a4_': 2.326519981259515, '_a7_': -1.7751354042372294, '_a1_': 1.0, '_a2_': 1.0, '_a3_': 1.0, '_a5_': 1.0, '_a6_': 1.0}};{'d0': 0.02490583291941666};-280.569866449044;39.90606245399541
18705;-100.378870770527;(((x * ((((_a0_ + x) * _a0_) * _a4_) * _a4_)) + -(_a7_)) * x);{'d0': {'_a0_': 0.623859415567858, '_a4_': 2.326519981259515, '_a7_': -1.7751354042372294, '_a1_': 1.0, '_a2_': 1.0, '_a3_': 1.0, '_a5_': 1.0, '_a6_': 1.0}};{'d0': 0.02490583291941666};-280.569866449044;39.90606245399541
18706;-100.378870770527;(((x * ((((_a0_ + x) * _a0_) * _a4_) * _a4_)) + -(_a7_)) * x);{'d0': {'_a0_': 0.623859415567858, '_a4_': 2.326519981259515, '_a7_': -1.7751354042372294, '_a1_': 1.0, '_a2_': 1.0, '_a3_': 1.0, '_a5_': 1.0, '_a6_': 1.0}};{'d0': 0.02490583291941666};-280.569866449044;39.90606245399541
18707;-100.378870770527;(((x * ((((_a0_ + x) * _a0_) * _a4_) * _a4_)) + -(_a7_)) * x);{'d0': {'_a0_': 0.623859415567858, '_a4_': 2.326519981259515, '_a7_': -1.7751354042372294, '_a1_': 1.0, '_a2_': 1.0, '_a3_': 1.0, '_a5_': 1.0, '_a6_': 1.0}};{'d0': 0.02490583291941666};-280.569866449044;39.90606245399541
18708;-92.5314067230132;(((x * (((((_a0_ / _a1_) + x) * _a0_) * _a4_) * _a4_)) + -(_a7_)) * x);{'d0': {'_a0_': 0.623859415567858, '_a1_': 1.0, '_a4_': 2.326519981259515, '_a7_': -1.7751354042372294, '_a2_': 1.0, '_a3_': 1.0, '_a5_': 1.0, '_a6_': 1.0}};{'d0': 0.02490583291941666};-276.475521886821;45.70635422039781
18709;-91.7158811266450;(((x * (((((_a0_ / _a1_) + x) * _a0_) / _a4_) * _a4_)) + -(_a7_)) * x);{'d0': {'_a0_': 3.3767608805564717, '_a1_': 5.412695227320359, '_a7_': -1.7751354036701283, '_a2_': 1.0, '_a3_': 1.0, '_a4_': 1.0, '_a5_': 1.0, '_a6_': 1.0}};{'d0': 0.02490583291941666};-276.475521886821;46.52187981676601
18710;-91.7158811266450;(((x * (((((_a0_ / _a1_) + x) * _a0_) / _a4_) * _a4_)) + -(_a7_)) * x);{'d0': {'_a0_': 3.3767608805564717, '_a1_': 5.412695227320359, '_a7_': -1.7751354036701283, '_a2_': 1.0, '_a3_': 1.0, '_a4_': 1.0, '_a5_': 1.0, '_a6_': 1.0}};{'d0': 0.02490583291941666};-276.475521886821;46.52187981676601
18711;-91.7158811266450;(((x * (((((_a0_ / _a1_) + x) * _a0_) / _a4_) * _a4_)) + -(_a7_)) * x);{'d0': {'_a0_': 3.3767608805564717, '_a1_': 5.412695227320359, '_a7_': -1.7751354036701283, '_a2_': 1.0, '_a3_': 1.0, '_a4_': 1.0, '_a5_': 1.0, '_a6_': 1.0}};{'d0': 0.02490583291941666};-276.475521886821;46.52187981676601
18712;-91.7158811266450;(((x * (((((_a0_ / _a1_) + x) * _a0_) / _a4_) * _a4_)) + -(_a7_)) * x);{'d0': {'_a0_': 3.3767608805564717, '_a1_': 5.412695227320359, '_a7_': -1.7751354036701283, '_a2_': 1.0, '_a3_': 1.0, '_a4_': 1.0, '_a5_': 1.0, '_a6_': 1.0}};{'d0': 0.02490583291941666};-276.475521886821;46.52187981676601
18713;-91.7158811266450;(((x * (((((_a0_ / _a1_) + x) * _a0_) / _a4_) * _a4_)) + -(_a7_)) * x);{'d0': {'_a0_': 3.3767608805564717, '_a1_': 5.412695227320359, '_a7_': -1.7751354036701283, '_a2_': 1.0, '_a3_': 1.0, '_a4_': 1.0, '_a5_': 1.0, '_a6_': 1.0}};{'d0': 0.02490583291941666};-276.475521886821;46.52187981676601
18714;-91.7158811266450;(((x * (((((_a0_ / _a1_) + x) * _a0_) / _a4_) * _a4_)) + -(_a7_)) * x);{'d0': {'_a0_': 3.3767608805564717, '_a1_': 5.412695227320359, '_a7_': -1.7751354036701283, '_a2_': 1.0, '_a3_': 1.0, '_a4_': 1.0, '_a5_': 1.0, '_a6_': 1.0}};{'d0': 0.02490583291941666};-276.475521886821;46.52187981676601
18715;-91.7158811266450;(((x * (((((_a0_ / _a1_) + x) * _a0_) / _a4_) * _a4_)) + -(_a7_)) * x);{'d0': {'_a0_': 3.3767608805564717, '_a1_': 5.412695227320359, '_a7_': -1.7751354036701283, '_a2_': 1.0, '_a3_': 1.0, '_a4_': 1.0, '_a5_': 1.0, '_a6_': 1.0}};{'d0': 0.02490583291941666};-276.475521886821;46.52187981676601
18716;-91.7158811266450;(((x * (((((_a0_ / _a1_) + x) * _a0_) / _a4_) * _a4_)) + -(_a7_)) * x);{'d0': {'_a0_': 3.3767608805564717, '_a1_': 5.412695227320359, '_a7_': -1.7751354036701283, '_a2_': 1.0, '_a3_': 1.0, '_a4_': 1.0, '_a5_': 1.0, '_a6_': 1.0}};{'d0': 0.02490583291941666};-276.475521886821;46.52187981676601
18717;-103.159914093536;((x * ((_a4_ + _a4_) + (((x + _a1_) * x) * _a7_))) * _a4_);{'d0': {'_a1_': 0.6238594155654659, '_a4_': 0.9421081159099622, '_a7_': 3.584260470666668, '_a0_': 1.0, '_a2_': 1.0, '_a3_': 1.0, '_a5_': 1.0, '_a6_': 1.0}};{'d0': 0.024905832919416625};-280.569866449044;37.12501913098596
18718;-103.159914093536;((x * ((_a4_ + _a4_) + (((x + _a1_) * x) * _a7_))) * _a4_);{'d0': {'_a1_': 0.6238594155654659, '_a4_': 0.9421081159099622, '_a7_': 3.584260470666668, '_a0_': 1.0, '_a2_': 1.0, '_a3_': 1.0, '_a5_': 1.0, '_a6_': 1.0}};{'d0': 0.024905832919416625};-280.569866449044;37.12501913098596
18719;-103.159914093536;((x * ((_a4_ + _a4_) + (((x + _a1_) * x) * _a7_))) * _a4_);{'d0': {'_a1_': 0.6238594155654659, '_a4_': 0.9421081159099622, '_a7_': 3.584260470666668, '_a0_': 1.0, '_a2_': 1.0, '_a3_': 1.0, '_a5_': 1.0, '_a6_': 1.0}};{'d0': 0.024905832919416625};-280.569866449044;37.12501913098596
18720;-103.159914093536;((x * ((_a4_ + _a4_) + (((x + _a1_) * x) * _a7_))) * _a4_);{'d0': {'_a1_': 0.6238594155654659, '_a4_': 0.9421081159099622, '_a7_': 3.584260470666668, '_a0_': 1.0, '_a2_': 1.0, '_a3_': 1.0, '_a5_': 1.0, '_a6_': 1.0}};{'d0': 0.024905832919416625};-280.569866449044;37.12501913098596
18721;-103.159914093536;((x * ((_a4_ + _a4_) + (((x + _a1_) * x) * _a7_))) * _a4_);{'d0': {'_a1_': 0.6238594155654659, '_a4_': 0.9421081159099622, '_a7_': 3.584260470666668, '_a0_': 1.0, '_a2_': 1.0, '_a3_': 1.0, '_a5_': 1.0, '_a6_': 1.0}};{'d0': 0.024905832919416625};-280.569866449044;37.12501913098596
18722;-103.159914093536;((x * ((_a4_ + _a4_) + (((x + _a1_) * x) * _a7_))) * _a4_);{'d0': {'_a1_': 0.6238594155654659, '_a4_': 0.9421081159099622, '_a7_': 3.584260470666668, '_a0_': 1.0, '_a2_': 1.0, '_a3_': 1.0, '_a5_': 1.0, '_a6_': 1.0}};{'d0': 0.024905832919416625};-280.569866449044;37.12501913098596
18723;-103.159914093536;((x * ((_a4_ + _a4_) + (((x + _a1_) * x) * _a7_))) * _a4_);{'d0': {'_a1_': 0.6238594155654659, '_a4_': 0.9421081159099622, '_a7_': 3.584260470666668, '_a0_': 1.0, '_a2_': 1.0, '_a3_': 1.0, '_a5_': 1.0, '_a6_': 1.0}};{'d0': 0.024905832919416625};-280.569866449044;37.12501913098596
18724;-85.5245724324774;((((((x * x) * sqrt(_a4_)) + x) + -(pow3((_a7_ * x)))) * _a1_) + _a6_);{'d0': {'_a1_': 1.774653769780147, '_a4_': 1.4170627026735554, '_a6_': -0.0010241922732038774, '_a7_': -1.2398681449945517, '_a0_': 1.0, '_a2_': 1.0, '_a3_': 1.0, '_a5_': 1.0}};{'d0': 0.024885482501868894};-276.524567593308;52.73771136417633
18725;-85.5245724324774;((((((x * x) * sqrt(_a4_)) + x) + -(pow3((_a7_ * x)))) * _a1_) + _a6_);{'d0': {'_a1_': 1.774653769780147, '_a4_': 1.4170627026735554, '_a6_': -0.0010241922732038774, '_a7_': -1.2398681449945517, '_a0_': 1.0, '_a2_': 1.0, '_a3_': 1.0, '_a5_': 1.0}};{'d0': 0.024885482501868894};-276.524567593308;52.73771136417633
18726;-85.5245724324774;((((((x * x) * sqrt(_a4_)) + x) + -(pow3((_a7_ * x)))) * _a1_) + _a6_);{'d0': {'_a1_': 1.774653769780147, '_a4_': 1.4170627026735554, '_a6_': -0.0010241922732038774, '_a7_': -1.2398681449945517, '_a0_': 1.0, '_a2_': 1.0, '_a3_': 1.0, '_a5_': 1.0}};{'d0': 0.024885482501868894};-276.524567593308;52.73771136417633
18727;-85.5245724324774;((((((x * x) * sqrt(_a4_)) + x) + -(pow3((_a7_ * x)))) * _a1_) + _a6_);{'d0': {'_a1_': 1.774653769780147, '_a4_': 1.4170627026735554, '_a6_': -0.0010241922732038774, '_a7_': -1.2398681449945517, '_a0_': 1.0, '_a2_': 1.0, '_a3_': 1.0, '_a5_': 1.0}};{'d0': 0.024885482501868894};-276.524567593308;52.73771136417633
18728;-85.5245724324774;((((((x * x) * sqrt(_a4_)) + x) + -(pow3((_a7_ * x)))) * _a1_) + _a6_);{'d0': {'_a1_': 1.774653769780147, '_a4_': 1.4170627026735554, '_a6_': -0.0010241922732038774, '_a7_': -1.2398681449945517, '_a0_': 1.0, '_a2_': 1.0, '_a3_': 1.0, '_a5_': 1.0}};{'d0': 0.024885482501868894};-276.524567593308;52.73771136417633
18729;-103.159914093536;((x * ((_a4_ + _a4_) + (((x + _a1_) * x) * _a7_))) * _a4_);{'d0': {'_a1_': 0.6238594155654659, '_a4_': 0.9421081159099622, '_a7_': 3.584260470666668, '_a0_': 1.0, '_a2_': 1.0, '_a3_': 1.0, '_a5_': 1.0, '_a6_': 1.0}};{'d0': 0.024905832919416625};-280.569866449044;37.12501913098596
18730;-103.159914093536;((x * ((_a4_ + _a4_) + (((x + _a1_) * x) * _a7_))) * _a4_);{'d0': {'_a1_': 0.6238594155654659, '_a4_': 0.9421081159099622, '_a7_': 3.584260470666668, '_a0_': 1.0, '_a2_': 1.0, '_a3_': 1.0, '_a5_': 1.0, '_a6_': 1.0}};{'d0': 0.024905832919416625};-280.569866449044;37.12501913098596
18731;-103.159914093536;((x * ((_a4_ + _a4_) + (((x + _a1_) * x) * _a7_))) * _a4_);{'d0': {'_a1_': 0.6238594155654659, '_a4_': 0.9421081159099622, '_a7_': 3.584260470666668, '_a0_': 1.0, '_a2_': 1.0, '_a3_': 1.0, '_a5_': 1.0, '_a6_': 1.0}};{'d0': 0.024905832919416625};-280.569866449044;37.12501913098596
18732;-103.159914093536;((x * ((_a4_ + _a4_) + (((x + _a1_) * x) * _a7_))) * _a1_);{'d0': {'_a1_': 0.6238594155736278, '_a4_': 1.422704667147471, '_a7_': 5.4126952223022124, '_a0_': 1.0, '_a2_': 1.0, '_a3_': 1.0, '_a5_': 1.0, '_a6_': 1.0}};{'d0': 0.024905832919416695};-280.569866449043;37.12501913098596
18733;-104.058817930787;((x * ((_a4_ * _a4_) + (((x + _a1_) * x) * _a7_))) * _a1_);{'d0': {'_a1_': 0.6238594155998199, '_a4_': 1.6868341158127766, '_a7_': 5.41269522201493, '_a0_': 1.0, '_a2_': 1.0, '_a3_': 1.0, '_a5_': 1.0, '_a6_': 1.0}};{'d0': 0.02490583291941665};-280.569866449044;36.22611529373496
18734;-104.058817930787;((x * ((_a4_ * _a4_) + (((x + _a1_) * x) * _a7_))) * _a1_);{'d0': {'_a1_': 0.6238594155998199, '_a4_': 1.6868341158127766, '_a7_': 5.41269522201493, '_a0_': 1.0, '_a2_': 1.0, '_a3_': 1.0, '_a5_': 1.0, '_a6_': 1.0}};{'d0': 0.02490583291941665};-280.569866449044;36.22611529373496
18735;-104.058817930787;((x * ((_a4_ * _a4_) + (((x + _a1_) * x) * _a7_))) * _a1_);{'d0': {'_a1_': 0.6238594155998199, '_a4_': 1.6868341158127766, '_a7_': 5.41269522201493, '_a0_': 1.0, '_a2_': 1.0, '_a3_': 1.0, '_a5_': 1.0, '_a6_': 1.0}};{'d0': 0.02490583291941665};-280.569866449044;36.22611529373496
18736;-104.058817930787;((x * ((_a4_ * _a4_) + (((x + _a1_) * x) * _a7_))) * _a1_);{'d0': {'_a1_': 0.6238594155998199, '_a4_': 1.6868341158127766, '_a7_': 5.41269522201493, '_a0_': 1.0, '_a2_': 1.0, '_a3_': 1.0, '_a5_': 1.0, '_a6_': 1.0}};{'d0': 0.02490583291941665};-280.569866449044;36.22611529373496
18737;-104.058817930787;((x * ((_a4_ * _a4_) + (((x + _a1_) * x) * _a7_))) * _a1_);{'d0': {'_a1_': 0.6238594155998199, '_a4_': 1.6868341158127766, '_a7_': 5.41269522201493, '_a0_': 1.0, '_a2_': 1.0, '_a3_': 1.0, '_a5_': 1.0, '_a6_': 1.0}};{'d0': 0.02490583291941665};-280.569866449044;36.22611529373496
18738;-104.058817930787;((x * ((_a4_ * _a4_) + (((x + _a1_) * x) * _a7_))) * _a1_);{'d0': {'_a1_': 0.6238594155998199, '_a4_': 1.6868341158127766, '_a7_': 5.41269522201493, '_a0_': 1.0, '_a2_': 1.0, '_a3_': 1.0, '_a5_': 1.0, '_a6_': 1.0}};{'d0': 0.02490583291941665};-280.569866449044;36.22611529373496
18739;-104.058817930787;((x * ((_a4_ * _a4_) + (((x + _a1_) * x) * _a7_))) * _a1_);{'d0': {'_a1_': 0.6238594155998199, '_a4_': 1.6868341158127766, '_a7_': 5.41269522201493, '_a0_': 1.0, '_a2_': 1.0, '_a3_': 1.0, '_a5_': 1.0, '_a6_': 1.0}};{'d0': 0.02490583291941665};-280.569866449044;36.22611529373496
18740;-98.6927497961267;((x * ((_a4_ * exp(_a1_)) + (((x + _a1_) * x) * _a7_))) * _a1_);{'d0': {'_a1_': 0.6238594157314147, '_a4_': 1.5247760089755746, '_a7_': 5.4126952206452215, '_a0_': 1.0, '_a2_': 1.0, '_a3_': 1.0, '_a5_': 1.0, '_a6_': 1.0}};{'d0': 0.024905832919416622};-280.569866449044;41.59218342839496
18741;-90.8644354429992;((((((x * x) * _a0_) + x) + -(pow3((_a7_ * x)))) * _a1_) + _a6_);{'d0': {'_a0_': 1.1904043835969285, '_a1_': 1.7746537752755993, '_a6_': -0.0010241783870192681, '_a7_': -1.2398681344232003, '_a2_': 1.0, '_a3_': 1.0, '_a4_': 1.0, '_a5_': 1.0}};{'d0': 0.02488548250186739};-276.524567593311;47.39784835365633
18742;-90.8644354429992;((((((x * x) * _a0_) + x) + -(pow3((_a7_ * x)))) * _a1_) + _a6_);{'d0': {'_a0_': 1.1904043835969285, '_a1_': 1.7746537752755993, '_a6_': -0.0010241783870192681, '_a7_': -1.2398681344232003, '_a2_': 1.0, '_a3_': 1.0, '_a4_': 1.0, '_a5_': 1.0}};{'d0': 0.02488548250186739};-276.524567593311;47.39784835365633
18743;-90.8644354429992;((((((x * x) * _a0_) + x) + -(pow3((_a7_ * x)))) * _a1_) + _a6_);{'d0': {'_a0_': 1.1904043835969285, '_a1_': 1.7746537752755993, '_a6_': -0.0010241783870192681, '_a7_': -1.2398681344232003, '_a2_': 1.0, '_a3_': 1.0, '_a4_': 1.0, '_a5_': 1.0}};{'d0': 0.02488548250186739};-276.524567593311;47.39784835365633
18744;-90.8644354429992;((((((x * x) * _a0_) + x) + -(pow3((_a7_ * x)))) * _a1_) + _a6_);{'d0': {'_a0_': 1.1904043835969285, '_a1_': 1.7746537752755993, '_a6_': -0.0010241783870192681, '_a7_': -1.2398681344232003, '_a2_': 1.0, '_a3_': 1.0, '_a4_': 1.0, '_a5_': 1.0}};{'d0': 0.02488548250186739};-276.524567593311;47.39784835365633
18745;-90.8644354429992;((((((x * x) * _a0_) + x) + -(pow3((_a7_ * x)))) * _a1_) + _a6_);{'d0': {'_a0_': 1.1904043835969285, '_a1_': 1.7746537752755993, '_a6_': -0.0010241783870192681, '_a7_': -1.2398681344232003, '_a2_': 1.0, '_a3_': 1.0, '_a4_': 1.0, '_a5_': 1.0}};{'d0': 0.02488548250186739};-276.524567593311;47.39784835365633
18746;-90.8644354429992;((((((x * x) * _a0_) + x) + -(pow3((_a7_ * x)))) * _a1_) + _a6_);{'d0': {'_a0_': 1.1904043835969285, '_a1_': 1.7746537752755993, '_a6_': -0.0010241783870192681, '_a7_': -1.2398681344232003, '_a2_': 1.0, '_a3_': 1.0, '_a4_': 1.0, '_a5_': 1.0}};{'d0': 0.02488548250186739};-276.524567593311;47.39784835365633
18747;-90.8644354429992;((((((x * x) * _a0_) + x) + -(pow3((_a7_ * x)))) * _a1_) + _a6_);{'d0': {'_a0_': 1.1904043835969285, '_a1_': 1.7746537752755993, '_a6_': -0.0010241783870192681, '_a7_': -1.2398681344232003, '_a2_': 1.0, '_a3_': 1.0, '_a4_': 1.0, '_a5_': 1.0}};{'d0': 0.02488548250186739};-276.524567593311;47.39784835365633
18748;-90.8644354429992;((((((x * x) * _a0_) + x) + -(pow3((_a7_ * x)))) * _a1_) + _a6_);{'d0': {'_a0_': 1.1904043835969285, '_a1_': 1.7746537752755993, '_a6_': -0.0010241783870192681, '_a7_': -1.2398681344232003, '_a2_': 1.0, '_a3_': 1.0, '_a4_': 1.0, '_a5_': 1.0}};{'d0': 0.02488548250186739};-276.524567593311;47.39784835365633
18749;-90.8644354429992;((((((x * x) * _a0_) + x) + -(pow3((_a7_ * x)))) * _a1_) + _a6_);{'d0': {'_a0_': 1.1904043835969285, '_a1_': 1.7746537752755993, '_a6_': -0.0010241783870192681, '_a7_': -1.2398681344232003, '_a2_': 1.0, '_a3_': 1.0, '_a4_': 1.0, '_a5_': 1.0}};{'d0': 0.02488548250186739};-276.524567593311;47.39784835365633
18750;-90.8644354429992;((((((x * x) * _a0_) + x) + -(pow3((_a7_ * x)))) * _a1_) + _a6_);{'d0': {'_a0_': 1.1904043835969285, '_a1_': 1.7746537752755993, '_a6_': -0.0010241783870192681, '_a7_': -1.2398681344232003, '_a2_': 1.0, '_a3_': 1.0, '_a4_': 1.0, '_a5_': 1.0}};{'d0': 0.02488548250186739};-276.524567593311;47.39784835365633
18751;-90.8644354429992;((((((x * x) * _a0_) + x) + -(pow3((_a7_ * x)))) * _a1_) + _a6_);{'d0': {'_a0_': 1.1904043835969285, '_a1_': 1.7746537752755993, '_a6_': -0.0010241783870192681, '_a7_': -1.2398681344232003, '_a2_': 1.0, '_a3_': 1.0, '_a4_': 1.0, '_a5_': 1.0}};{'d0': 0.02488548250186739};-276.524567593311;47.39784835365633
18752;-90.8644354429992;((((((x * x) * _a0_) + x) + -(pow3((_a7_ * x)))) * _a1_) + _a6_);{'d0': {'_a0_': 1.1904043835969285, '_a1_': 1.7746537752755993, '_a6_': -0.0010241783870192681, '_a7_': -1.2398681344232003, '_a2_': 1.0, '_a3_': 1.0, '_a4_': 1.0, '_a5_': 1.0}};{'d0': 0.02488548250186739};-276.524567593311;47.39784835365633
18753;-90.8644354429992;((((((x * x) * _a0_) + x) + -(pow3((_a7_ * x)))) * _a1_) + _a6_);{'d0': {'_a0_': 1.1904043835969285, '_a1_': 1.7746537752755993, '_a6_': -0.0010241783870192681, '_a7_': -1.2398681344232003, '_a2_': 1.0, '_a3_': 1.0, '_a4_': 1.0, '_a5_': 1.0}};{'d0': 0.02488548250186739};-276.524567593311;47.39784835365633
18754;-90.8644354429992;((((((x * x) * _a0_) + x) + -(pow3((_a7_ * x)))) * _a1_) + _a6_);{'d0': {'_a0_': 1.1904043835969285, '_a1_': 1.7746537752755993, '_a6_': -0.0010241783870192681, '_a7_': -1.2398681344232003, '_a2_': 1.0, '_a3_': 1.0, '_a4_': 1.0, '_a5_': 1.0}};{'d0': 0.02488548250186739};-276.524567593311;47.39784835365633
18755;-90.8644354429992;((((((x * x) * _a0_) + x) + -(pow3((_a7_ * x)))) * _a1_) + _a6_);{'d0': {'_a0_': 1.1904043835969285, '_a1_': 1.7746537752755993, '_a6_': -0.0010241783870192681, '_a7_': -1.2398681344232003, '_a2_': 1.0, '_a3_': 1.0, '_a4_': 1.0, '_a5_': 1.0}};{'d0': 0.02488548250186739};-276.524567593311;47.39784835365633
18756;-90.8644354429992;((((((x * x) * _a0_) + x) + -(pow3((_a7_ * x)))) * _a1_) + _a6_);{'d0': {'_a0_': 1.1904043835969285, '_a1_': 1.7746537752755993, '_a6_': -0.0010241783870192681, '_a7_': -1.2398681344232003, '_a2_': 1.0, '_a3_': 1.0, '_a4_': 1.0, '_a5_': 1.0}};{'d0': 0.02488548250186739};-276.524567593311;47.39784835365633
18757;-90.8644354429992;((((((x * x) * _a0_) + x) + -(pow3((_a7_ * x)))) * _a1_) + _a6_);{'d0': {'_a0_': 1.1904043835969285, '_a1_': 1.7746537752755993, '_a6_': -0.0010241783870192681, '_a7_': -1.2398681344232003, '_a2_': 1.0, '_a3_': 1.0, '_a4_': 1.0, '_a5_': 1.0}};{'d0': 0.02488548250186739};-276.524567593311;47.39784835365633
18758;-90.8644354429992;((((((x * x) * _a0_) + x) + -(pow3((_a7_ * x)))) * _a1_) + _a6_);{'d0': {'_a0_': 1.1904043835969285, '_a1_': 1.7746537752755993, '_a6_': -0.0010241783870192681, '_a7_': -1.2398681344232003, '_a2_': 1.0, '_a3_': 1.0, '_a4_': 1.0, '_a5_': 1.0}};{'d0': 0.02488548250186739};-276.524567593311;47.39784835365633
18759;-90.8644354429992;((((((x * x) * _a0_) + x) + -(pow3((_a7_ * x)))) * _a1_) + _a6_);{'d0': {'_a0_': 1.1904043835969285, '_a1_': 1.7746537752755993, '_a6_': -0.0010241783870192681, '_a7_': -1.2398681344232003, '_a2_': 1.0, '_a3_': 1.0, '_a4_': 1.0, '_a5_': 1.0}};{'d0': 0.02488548250186739};-276.524567593311;47.39784835365633
18760;-90.8644354429992;((((((x * x) * _a0_) + x) + -(pow3((_a7_ * x)))) * _a1_) + _a6_);{'d0': {'_a0_': 1.1904043835969285, '_a1_': 1.7746537752755993, '_a6_': -0.0010241783870192681, '_a7_': -1.2398681344232003, '_a2_': 1.0, '_a3_': 1.0, '_a4_': 1.0, '_a5_': 1.0}};{'d0': 0.02488548250186739};-276.524567593311;47.39784835365633
18761;-90.8644354429992;((((((x * x) * _a0_) + x) + -(pow3((_a7_ * x)))) * _a1_) + _a6_);{'d0': {'_a0_': 1.1904043835969285, '_a1_': 1.7746537752755993, '_a6_': -0.0010241783870192681, '_a7_': -1.2398681344232003, '_a2_': 1.0, '_a3_': 1.0, '_a4_': 1.0, '_a5_': 1.0}};{'d0': 0.02488548250186739};-276.524567593311;47.39784835365633
18762;-90.8644354429992;((((((x * x) * _a0_) + x) + -(pow3((_a7_ * x)))) * _a1_) + _a6_);{'d0': {'_a0_': 1.1904043835969285, '_a1_': 1.7746537752755993, '_a6_': -0.0010241783870192681, '_a7_': -1.2398681344232003, '_a2_': 1.0, '_a3_': 1.0, '_a4_': 1.0, '_a5_': 1.0}};{'d0': 0.02488548250186739};-276.524567593311;47.39784835365633
18763;-90.8644354429992;((((((x * x) * _a0_) + x) + -(pow3((_a7_ * x)))) * _a1_) + _a6_);{'d0': {'_a0_': 1.1904043835969285, '_a1_': 1.7746537752755993, '_a6_': -0.0010241783870192681, '_a7_': -1.2398681344232003, '_a2_': 1.0, '_a3_': 1.0, '_a4_': 1.0, '_a5_': 1.0}};{'d0': 0.02488548250186739};-276.524567593311;47.39784835365633
18764;-90.8644354429992;((((((x * x) * _a0_) + x) + -(pow3((_a7_ * x)))) * _a1_) + _a6_);{'d0': {'_a0_': 1.1904043835969285, '_a1_': 1.7746537752755993, '_a6_': -0.0010241783870192681, '_a7_': -1.2398681344232003, '_a2_': 1.0, '_a3_': 1.0, '_a4_': 1.0, '_a5_': 1.0}};{'d0': 0.02488548250186739};-276.524567593311;47.39784835365633
18765;-90.8644354429992;((((((x * x) * _a0_) + x) + -(pow3((_a7_ * x)))) * _a1_) + _a6_);{'d0': {'_a0_': 1.1904043835969285, '_a1_': 1.7746537752755993, '_a6_': -0.0010241783870192681, '_a7_': -1.2398681344232003, '_a2_': 1.0, '_a3_': 1.0, '_a4_': 1.0, '_a5_': 1.0}};{'d0': 0.02488548250186739};-276.524567593311;47.39784835365633
18766;-99.6002762159028;((((_a2_ + (x * (x + _a1_))) * _a6_) / (_a2_ * _a2_)) * -(x));{'d0': {'_a1_': 0.6238594153594595, '_a2_': 0.5256917698040446, '_a6_': -0.9331740718399688, '_a0_': 1.0, '_a3_': 1.0, '_a4_': 1.0, '_a5_': 1.0, '_a7_': 1.0}};{'d0': 0.02490583291941663};-280.569866449044;40.684657008618856
18767;-99.6002762159028;((((_a2_ + (x * (x + _a1_))) * _a6_) / (_a2_ * _a2_)) * -(x));{'d0': {'_a1_': 0.6238594153594595, '_a2_': 0.5256917698040446, '_a6_': -0.9331740718399688, '_a0_': 1.0, '_a3_': 1.0, '_a4_': 1.0, '_a5_': 1.0, '_a7_': 1.0}};{'d0': 0.02490583291941663};-280.569866449044;40.684657008618856
18768;-99.6002762159028;((((_a2_ + (x * (x + _a1_))) * _a6_) / (_a2_ * _a2_)) * -(x));{'d0': {'_a1_': 0.6238594153594595, '_a2_': 0.5256917698040446, '_a6_': -0.9331740718399688, '_a0_': 1.0, '_a3_': 1.0, '_a4_': 1.0, '_a5_': 1.0, '_a7_': 1.0}};{'d0': 0.02490583291941663};-280.569866449044;40.684657008618856
18769;-99.6002762159028;((((_a2_ + (x * (x + _a1_))) * _a6_) / (_a2_ * _a2_)) * -(x));{'d0': {'_a1_': 0.6238594153594595, '_a2_': 0.5256917698040446, '_a6_': -0.9331740718399688, '_a0_': 1.0, '_a3_': 1.0, '_a4_': 1.0, '_a5_': 1.0, '_a7_': 1.0}};{'d0': 0.02490583291941663};-280.569866449044;40.684657008618856
18770;-99.6002762159028;((((_a2_ + (x * (x + _a1_))) * _a6_) / (_a2_ * _a2_)) * -(x));{'d0': {'_a1_': 0.6238594153594595, '_a2_': 0.5256917698040446, '_a6_': -0.9331740718399688, '_a0_': 1.0, '_a3_': 1.0, '_a4_': 1.0, '_a5_': 1.0, '_a7_': 1.0}};{'d0': 0.02490583291941663};-280.569866449044;40.684657008618856
18771;-99.6002762159028;((((_a2_ + (x * (x + _a1_))) * _a6_) / (_a2_ * _a2_)) * -(x));{'d0': {'_a1_': 0.6238594153594595, '_a2_': 0.5256917698040446, '_a6_': -0.9331740718399688, '_a0_': 1.0, '_a3_': 1.0, '_a4_': 1.0, '_a5_': 1.0, '_a7_': 1.0}};{'d0': 0.02490583291941663};-280.569866449044;40.684657008618856
18772;-99.6002762159028;((((_a2_ + (x * (x + _a1_))) * _a6_) / (_a2_ * _a2_)) * -(x));{'d0': {'_a1_': 0.6238594153594595, '_a2_': 0.5256917698040446, '_a6_': -0.9331740718399688, '_a0_': 1.0, '_a3_': 1.0, '_a4_': 1.0, '_a5_': 1.0, '_a7_': 1.0}};{'d0': 0.02490583291941663};-280.569866449044;40.684657008618856
18773;-99.6002762159028;((((_a2_ + (x * (x + _a1_))) * _a6_) / (_a2_ * _a2_)) * -(x));{'d0': {'_a1_': 0.6238594153594595, '_a2_': 0.5256917698040446, '_a6_': -0.9331740718399688, '_a0_': 1.0, '_a3_': 1.0, '_a4_': 1.0, '_a5_': 1.0, '_a7_': 1.0}};{'d0': 0.02490583291941663};-280.569866449044;40.684657008618856
18774;-99.6002762159028;((((_a2_ + (x * (x + _a1_))) * _a6_) / (_a2_ * _a2_)) * -(x));{'d0': {'_a1_': 0.6238594153594595, '_a2_': 0.5256917698040446, '_a6_': -0.9331740718399688, '_a0_': 1.0, '_a3_': 1.0, '_a4_': 1.0, '_a5_': 1.0, '_a7_': 1.0}};{'d0': 0.02490583291941663};-280.569866449044;40.684657008618856
18775;-99.6002762159028;((((_a2_ + (x * (x + _a1_))) * _a6_) / (_a2_ * _a2_)) * -(x));{'d0': {'_a1_': 0.6238594153594595, '_a2_': 0.5256917698040446, '_a6_': -0.9331740718399688, '_a0_': 1.0, '_a3_': 1.0, '_a4_': 1.0, '_a5_': 1.0, '_a7_': 1.0}};{'d0': 0.02490583291941663};-280.569866449044;40.684657008618856
18776;-99.6002762159028;((((_a2_ + (x * (x + _a1_))) * _a6_) / (_a2_ * _a2_)) * -(x));{'d0': {'_a1_': 0.6238594153594595, '_a2_': 0.5256917698040446, '_a6_': -0.9331740718399688, '_a0_': 1.0, '_a3_': 1.0, '_a4_': 1.0, '_a5_': 1.0, '_a7_': 1.0}};{'d0': 0.02490583291941663};-280.569866449044;40.684657008618856
18777;-99.6002762159028;((((_a2_ + (x * (x + _a1_))) * _a6_) / (_a2_ * _a2_)) * -(x));{'d0': {'_a1_': 0.6238594153594595, '_a2_': 0.5256917698040446, '_a6_': -0.9331740718399688, '_a0_': 1.0, '_a3_': 1.0, '_a4_': 1.0, '_a5_': 1.0, '_a7_': 1.0}};{'d0': 0.02490583291941663};-280.569866449044;40.684657008618856
18778;-99.6002762159028;((((_a2_ + (x * (x + _a1_))) * _a6_) / (_a2_ * _a2_)) * -(x));{'d0': {'_a1_': 0.6238594153594595, '_a2_': 0.5256917698040446, '_a6_': -0.9331740718399688, '_a0_': 1.0, '_a3_': 1.0, '_a4_': 1.0, '_a5_': 1.0, '_a7_': 1.0}};{'d0': 0.02490583291941663};-280.569866449044;40.684657008618856
18779;-99.6002762159028;((((_a2_ + (x * (x + _a1_))) * _a6_) / (_a2_ * _a2_)) * -(x));{'d0': {'_a1_': 0.6238594153594595, '_a2_': 0.5256917698040446, '_a6_': -0.9331740718399688, '_a0_': 1.0, '_a3_': 1.0, '_a4_': 1.0, '_a5_': 1.0, '_a7_': 1.0}};{'d0': 0.02490583291941663};-280.569866449044;40.684657008618856
18780;-99.6002762159028;((((_a2_ + (x * (x + _a1_))) * _a6_) / (_a2_ * _a2_)) * -(x));{'d0': {'_a1_': 0.6238594153594595, '_a2_': 0.5256917698040446, '_a6_': -0.9331740718399688, '_a0_': 1.0, '_a3_': 1.0, '_a4_': 1.0, '_a5_': 1.0, '_a7_': 1.0}};{'d0': 0.02490583291941663};-280.569866449044;40.684657008618856
18781;-99.6002762159028;((((_a2_ + (x * (x + _a1_))) * _a6_) / (_a2_ * _a2_)) * -(x));{'d0': {'_a1_': 0.6238594153594595, '_a2_': 0.5256917698040446, '_a6_': -0.9331740718399688, '_a0_': 1.0, '_a3_': 1.0, '_a4_': 1.0, '_a5_': 1.0, '_a7_': 1.0}};{'d0': 0.02490583291941663};-280.569866449044;40.684657008618856
18782;-99.6002762159028;((((_a2_ + (x * (x + _a1_))) * _a6_) / (_a2_ * _a2_)) * -(x));{'d0': {'_a1_': 0.6238594153594595, '_a2_': 0.5256917698040446, '_a6_': -0.9331740718399688, '_a0_': 1.0, '_a3_': 1.0, '_a4_': 1.0, '_a5_': 1.0, '_a7_': 1.0}};{'d0': 0.02490583291941663};-280.569866449044;40.684657008618856
18783;-99.6002762159028;((((_a2_ + (x * (x + _a1_))) * _a6_) / (_a2_ * _a2_)) * -(x));{'d0': {'_a1_': 0.6238594153594595, '_a2_': 0.5256917698040446, '_a6_': -0.9331740718399688, '_a0_': 1.0, '_a3_': 1.0, '_a4_': 1.0, '_a5_': 1.0, '_a7_': 1.0}};{'d0': 0.02490583291941663};-280.569866449044;40.684657008618856
18784;-89.8931743194270;((((((x * x) * _a0_) + x) + -(pow3((_a7_ + x)))) * _a1_) + _a6_);{'d0': {'_a0_': -2.7632339057335003, '_a1_': -3.3825181581639625, '_a6_': 1.2244818813888256, '_a7_': -0.7128942460400887, '_a2_': 1.0, '_a3_': 1.0, '_a4_': 1.0, '_a5_': 1.0}};{'d0': 0.024885482501866698};-276.524567593313;48.36910947722933
18785;-89.8931743194270;((((((x * x) * _a0_) + x) + -(pow3((_a7_ + x)))) * _a1_) + _a6_);{'d0': {'_a0_': -2.7632339057335003, '_a1_': -3.3825181581639625, '_a6_': 1.2244818813888256, '_a7_': -0.7128942460400887, '_a2_': 1.0, '_a3_': 1.0, '_a4_': 1.0, '_a5_': 1.0}};{'d0': 0.024885482501866698};-276.524567593313;48.36910947722933
18786;-94.7701569585616;(((((x * _a0_) + x) + -(pow3((_a7_ + x)))) * _a1_) + _a6_);{'d0': {'_a0_': -1.394633236181913, '_a1_': -3.382518135824154, '_a6_': -0.031543893021653745, '_a7_': 0.20818372180735656, '_a2_': 1.0, '_a3_': 1.0, '_a4_': 1.0, '_a5_': 1.0}};{'d0': 0.024885482501867055};-276.524567593312;43.49212683809433
18787;-94.7701569585616;(((((x * _a0_) + x) + -(pow3((_a7_ + x)))) * _a1_) + _a6_);{'d0': {'_a0_': -1.394633236181913, '_a1_': -3.382518135824154, '_a6_': -0.031543893021653745, '_a7_': 0.20818372180735656, '_a2_': 1.0, '_a3_': 1.0, '_a4_': 1.0, '_a5_': 1.0}};{'d0': 0.024885482501867055};-276.524567593312;43.49212683809433
18788;-94.7701569585616;(((((x * _a0_) + x) + -(pow3((_a7_ + x)))) * _a1_) + _a6_);{'d0': {'_a0_': -1.394633236181913, '_a1_': -3.382518135824154, '_a6_': -0.031543893021653745, '_a7_': 0.20818372180735656, '_a2_': 1.0, '_a3_': 1.0, '_a4_': 1.0, '_a5_': 1.0}};{'d0': 0.024885482501867055};-276.524567593312;43.49212683809433
18789;-94.7701569585616;(((((x * _a0_) + x) + -(pow3((_a7_ + x)))) * _a1_) + _a6_);{'d0': {'_a0_': -1.394633236181913, '_a1_': -3.382518135824154, '_a6_': -0.031543893021653745, '_a7_': 0.20818372180735656, '_a2_': 1.0, '_a3_': 1.0, '_a4_': 1.0, '_a5_': 1.0}};{'d0': 0.024885482501867055};-276.524567593312;43.49212683809433
18790;-94.7701569585616;(((((x * _a0_) + x) + -(pow3((_a7_ + x)))) * _a1_) + _a6_);{'d0': {'_a0_': -1.394633236181913, '_a1_': -3.382518135824154, '_a6_': -0.031543893021653745, '_a7_': 0.20818372180735656, '_a2_': 1.0, '_a3_': 1.0, '_a4_': 1.0, '_a5_': 1.0}};{'d0': 0.024885482501867055};-276.524567593312;43.49212683809433
18791;-94.7701569585616;(((((x * _a0_) + x) + -(pow3((_a7_ + x)))) * _a1_) + _a6_);{'d0': {'_a0_': -1.394633236181913, '_a1_': -3.382518135824154, '_a6_': -0.031543893021653745, '_a7_': 0.20818372180735656, '_a2_': 1.0, '_a3_': 1.0, '_a4_': 1.0, '_a5_': 1.0}};{'d0': 0.024885482501867055};-276.524567593312;43.49212683809433
18792;-94.7701569585616;(((((x * _a0_) + x) + -(pow3((_a7_ + x)))) * _a1_) + _a6_);{'d0': {'_a0_': -1.394633236181913, '_a1_': -3.382518135824154, '_a6_': -0.031543893021653745, '_a7_': 0.20818372180735656, '_a2_': 1.0, '_a3_': 1.0, '_a4_': 1.0, '_a5_': 1.0}};{'d0': 0.024885482501867055};-276.524567593312;43.49212683809433
18793;-94.7701569585616;(((((x * _a0_) + x) + -(pow3((_a7_ + x)))) * _a1_) + _a6_);{'d0': {'_a0_': -1.394633236181913, '_a1_': -3.382518135824154, '_a6_': -0.031543893021653745, '_a7_': 0.20818372180735656, '_a2_': 1.0, '_a3_': 1.0, '_a4_': 1.0, '_a5_': 1.0}};{'d0': 0.024885482501867055};-276.524567593312;43.49212683809433
18794;-94.7701569585616;(((((x * _a0_) + x) + -(pow3((_a7_ + x)))) * _a1_) + _a6_);{'d0': {'_a0_': -1.394633236181913, '_a1_': -3.382518135824154, '_a6_': -0.031543893021653745, '_a7_': 0.20818372180735656, '_a2_': 1.0, '_a3_': 1.0, '_a4_': 1.0, '_a5_': 1.0}};{'d0': 0.024885482501867055};-276.524567593312;43.49212683809433
18795;-94.7701569585616;(((((x * _a0_) + x) + -(pow3((_a7_ + x)))) * _a1_) + _a6_);{'d0': {'_a0_': -1.394633236181913, '_a1_': -3.382518135824154, '_a6_': -0.031543893021653745, '_a7_': 0.20818372180735656, '_a2_': 1.0, '_a3_': 1.0, '_a4_': 1.0, '_a5_': 1.0}};{'d0': 0.024885482501867055};-276.524567593312;43.49212683809433
18796;-94.7701569585616;(((((x * _a0_) + x) + -(pow3((_a7_ + x)))) * _a1_) + _a6_);{'d0': {'_a0_': -1.394633236181913, '_a1_': -3.382518135824154, '_a6_': -0.031543893021653745, '_a7_': 0.20818372180735656, '_a2_': 1.0, '_a3_': 1.0, '_a4_': 1.0, '_a5_': 1.0}};{'d0': 0.024885482501867055};-276.524567593312;43.49212683809433
18797;-94.7701569585616;(((((x * _a0_) + x) + -(pow3((_a7_ + x)))) * _a1_) + _a6_);{'d0': {'_a0_': -1.394633236181913, '_a1_': -3.382518135824154, '_a6_': -0.031543893021653745, '_a7_': 0.20818372180735656, '_a2_': 1.0, '_a3_': 1.0, '_a4_': 1.0, '_a5_': 1.0}};{'d0': 0.024885482501867055};-276.524567593312;43.49212683809433
18798;-94.7701569585617;(((((x * _a0_) + _a1_) + -(pow3((_a7_ + x)))) * _a1_) + _a6_);{'d0': {'_a0_': -0.39463322514158305, '_a1_': -3.382518185077497, '_a6_': -11.472973171695791, '_a7_': 0.20818372298170632, '_a2_': 1.0, '_a3_': 1.0, '_a4_': 1.0, '_a5_': 1.0}};{'d0': 0.024885482501866972};-276.524567593312;43.49212683809433
18799;-94.7701569585617;(((((x * _a0_) + _a1_) + -(pow3((_a7_ + x)))) * _a1_) + _a6_);{'d0': {'_a0_': -0.39463322514158305, '_a1_': -3.382518185077497, '_a6_': -11.472973171695791, '_a7_': 0.20818372298170632, '_a2_': 1.0, '_a3_': 1.0, '_a4_': 1.0, '_a5_': 1.0}};{'d0': 0.024885482501866972};-276.524567593312;43.49212683809433
18800;-94.7701569585617;(((((x * _a0_) + _a1_) + -(pow3((_a7_ + x)))) * _a1_) + _a6_);{'d0': {'_a0_': -0.39463322514158305, '_a1_': -3.382518185077497, '_a6_': -11.472973171695791, '_a7_': 0.20818372298170632, '_a2_': 1.0, '_a3_': 1.0, '_a4_': 1.0, '_a5_': 1.0}};{'d0': 0.024885482501866972};-276.524567593312;43.49212683809433
18801;-94.7701569585617;(((((x * _a0_) + _a1_) + -(pow3((_a7_ + x)))) * _a1_) + _a6_);{'d0': {'_a0_': -0.39463322514158305, '_a1_': -3.382518185077497, '_a6_': -11.472973171695791, '_a7_': 0.20818372298170632, '_a2_': 1.0, '_a3_': 1.0, '_a4_': 1.0, '_a5_': 1.0}};{'d0': 0.024885482501866972};-276.524567593312;43.49212683809433
18802;-94.7701569585617;(((((x * _a0_) + _a1_) + -(pow3((_a7_ + x)))) * _a1_) + _a6_);{'d0': {'_a0_': -0.39463322514158305, '_a1_': -3.382518185077497, '_a6_': -11.472973171695791, '_a7_': 0.20818372298170632, '_a2_': 1.0, '_a3_': 1.0, '_a4_': 1.0, '_a5_': 1.0}};{'d0': 0.024885482501866972};-276.524567593312;43.49212683809433
18803;-94.7701569585617;(((((x * _a0_) + _a1_) + -(pow3((_a7_ + x)))) * _a1_) + _a6_);{'d0': {'_a0_': -0.39463322514158305, '_a1_': -3.382518185077497, '_a6_': -11.472973171695791, '_a7_': 0.20818372298170632, '_a2_': 1.0, '_a3_': 1.0, '_a4_': 1.0, '_a5_': 1.0}};{'d0': 0.024885482501866972};-276.524567593312;43.49212683809433
18804;-94.7701569585617;(((((x * _a0_) + _a1_) + -(pow3((_a7_ + x)))) * _a1_) + _a6_);{'d0': {'_a0_': -0.39463322514158305, '_a1_': -3.382518185077497, '_a6_': -11.472973171695791, '_a7_': 0.20818372298170632, '_a2_': 1.0, '_a3_': 1.0, '_a4_': 1.0, '_a5_': 1.0}};{'d0': 0.024885482501866972};-276.524567593312;43.49212683809433
18805;-94.7701569585617;(((((x * _a0_) + _a1_) + -(pow3((_a7_ + x)))) * _a1_) + _a6_);{'d0': {'_a0_': -0.39463322514158305, '_a1_': -3.382518185077497, '_a6_': -11.472973171695791, '_a7_': 0.20818372298170632, '_a2_': 1.0, '_a3_': 1.0, '_a4_': 1.0, '_a5_': 1.0}};{'d0': 0.024885482501866972};-276.524567593312;43.49212683809433
18806;-94.7701569585617;(((((x * _a0_) + _a1_) + -(pow3((_a7_ + x)))) * _a1_) + _a6_);{'d0': {'_a0_': -0.39463322514158305, '_a1_': -3.382518185077497, '_a6_': -11.472973171695791, '_a7_': 0.20818372298170632, '_a2_': 1.0, '_a3_': 1.0, '_a4_': 1.0, '_a5_': 1.0}};{'d0': 0.024885482501866972};-276.524567593312;43.49212683809433
18807;-94.7701569585617;(((((x * _a0_) + _a1_) + -(pow3((_a7_ + x)))) * _a1_) + _a6_);{'d0': {'_a0_': -0.39463322514158305, '_a1_': -3.382518185077497, '_a6_': -11.472973171695791, '_a7_': 0.20818372298170632, '_a2_': 1.0, '_a3_': 1.0, '_a4_': 1.0, '_a5_': 1.0}};{'d0': 0.024885482501866972};-276.524567593312;43.49212683809433
18808;-94.7701569585617;(((((x * _a0_) + _a1_) + -(pow3((_a7_ + x)))) * _a1_) + _a6_);{'d0': {'_a0_': -0.39463322514158305, '_a1_': -3.382518185077497, '_a6_': -11.472973171695791, '_a7_': 0.20818372298170632, '_a2_': 1.0, '_a3_': 1.0, '_a4_': 1.0, '_a5_': 1.0}};{'d0': 0.024885482501866972};-276.524567593312;43.49212683809433
18809;-95.8137753684567;(((((x * _a0_) * _a1_) + -(pow3((_a7_ + x)))) * _a1_) + _a6_);{'d0': {'_a0_': 0.11666847397087458, '_a1_': -3.382518156555708, '_a6_': -0.031543896379634916, '_a7_': 0.2081837224383271, '_a2_': 1.0, '_a3_': 1.0, '_a4_': 1.0, '_a5_': 1.0}};{'d0': 0.02488548250186696};-276.524567593312;42.44850842819933
18810;-95.8137753684567;(((((x * _a0_) * _a1_) + -(pow3((_a7_ + x)))) * _a1_) + _a6_);{'d0': {'_a0_': 0.11666847397087458, '_a1_': -3.382518156555708, '_a6_': -0.031543896379634916, '_a7_': 0.2081837224383271, '_a2_': 1.0, '_a3_': 1.0, '_a4_': 1.0, '_a5_': 1.0}};{'d0': 0.02488548250186696};-276.524567593312;42.44850842819933
18811;-95.8137753684567;(((((x * _a0_) * _a1_) + -(pow3((_a7_ + x)))) * _a1_) + _a6_);{'d0': {'_a0_': 0.11666847397087458, '_a1_': -3.382518156555708, '_a6_': -0.031543896379634916, '_a7_': 0.2081837224383271, '_a2_': 1.0, '_a3_': 1.0, '_a4_': 1.0, '_a5_': 1.0}};{'d0': 0.02488548250186696};-276.524567593312;42.44850842819933
18812;-95.8137753684567;(((((x * _a0_) * _a1_) + -(pow3((_a7_ + x)))) * _a1_) + _a6_);{'d0': {'_a0_': 0.11666847397087458, '_a1_': -3.382518156555708, '_a6_': -0.031543896379634916, '_a7_': 0.2081837224383271, '_a2_': 1.0, '_a3_': 1.0, '_a4_': 1.0, '_a5_': 1.0}};{'d0': 0.02488548250186696};-276.524567593312;42.44850842819933
18813;-95.8137753684567;(((((x * _a0_) * _a1_) + -(pow3((_a7_ + x)))) * _a1_) + _a6_);{'d0': {'_a0_': 0.11666847397087458, '_a1_': -3.382518156555708, '_a6_': -0.031543896379634916, '_a7_': 0.2081837224383271, '_a2_': 1.0, '_a3_': 1.0, '_a4_': 1.0, '_a5_': 1.0}};{'d0': 0.02488548250186696};-276.524567593312;42.44850842819933
18814;-95.8137753684567;(((((x * _a0_) * _a1_) + -(pow3((_a7_ + x)))) * _a1_) + _a6_);{'d0': {'_a0_': 0.11666847397087458, '_a1_': -3.382518156555708, '_a6_': -0.031543896379634916, '_a7_': 0.2081837224383271, '_a2_': 1.0, '_a3_': 1.0, '_a4_': 1.0, '_a5_': 1.0}};{'d0': 0.02488548250186696};-276.524567593312;42.44850842819933
18815;-95.8137753684567;(((((x * _a0_) * _a1_) + -(pow3((_a7_ + x)))) * _a1_) + _a6_);{'d0': {'_a0_': 0.11666847397087458, '_a1_': -3.382518156555708, '_a6_': -0.031543896379634916, '_a7_': 0.2081837224383271, '_a2_': 1.0, '_a3_': 1.0, '_a4_': 1.0, '_a5_': 1.0}};{'d0': 0.02488548250186696};-276.524567593312;42.44850842819933
18816;-95.8137753684567;(((((x * _a0_) * _a1_) + -(pow3((_a7_ + x)))) * _a1_) + _a6_);{'d0': {'_a0_': 0.11666847397087458, '_a1_': -3.382518156555708, '_a6_': -0.031543896379634916, '_a7_': 0.2081837224383271, '_a2_': 1.0, '_a3_': 1.0, '_a4_': 1.0, '_a5_': 1.0}};{'d0': 0.02488548250186696};-276.524567593312;42.44850842819933
18817;-95.8137753684567;(((((x * _a0_) * _a1_) + -(pow3((_a7_ + x)))) * _a1_) + _a6_);{'d0': {'_a0_': 0.11666847397087458, '_a1_': -3.382518156555708, '_a6_': -0.031543896379634916, '_a7_': 0.2081837224383271, '_a2_': 1.0, '_a3_': 1.0, '_a4_': 1.0, '_a5_': 1.0}};{'d0': 0.02488548250186696};-276.524567593312;42.44850842819933
18818;-95.8137753684567;(((((x * _a0_) * _a1_) + -(pow3((_a7_ + x)))) * _a1_) + _a6_);{'d0': {'_a0_': 0.11666847397087458, '_a1_': -3.382518156555708, '_a6_': -0.031543896379634916, '_a7_': 0.2081837224383271, '_a2_': 1.0, '_a3_': 1.0, '_a4_': 1.0, '_a5_': 1.0}};{'d0': 0.02488548250186696};-276.524567593312;42.44850842819933
18819;-95.8137753684567;(((((x * _a0_) * _a1_) + -(pow3((_a7_ + x)))) * _a1_) + _a6_);{'d0': {'_a0_': 0.11666847397087458, '_a1_': -3.382518156555708, '_a6_': -0.031543896379634916, '_a7_': 0.2081837224383271, '_a2_': 1.0, '_a3_': 1.0, '_a4_': 1.0, '_a5_': 1.0}};{'d0': 0.02488548250186696};-276.524567593312;42.44850842819933
18820;-98.2585261643847;(((x * ((((_a7_ * x) * _a4_) / _a4_) + _a0_)) + _a4_) * (_a7_ * x));{'d0': {'_a0_': 1.1464018754123972, '_a4_': 0.9660093548069848, '_a7_': 1.8375964948884564, '_a1_': 1.0, '_a2_': 1.0, '_a3_': 1.0, '_a5_': 1.0, '_a6_': 1.0}};{'d0': 0.024905832919416553};-280.569866449044;42.026407060137416
18821;-98.2585261643847;(((x * ((((_a7_ * x) * _a4_) / _a4_) + _a0_)) + _a4_) * (_a7_ * x));{'d0': {'_a0_': 1.1464018754123972, '_a4_': 0.9660093548069848, '_a7_': 1.8375964948884564, '_a1_': 1.0, '_a2_': 1.0, '_a3_': 1.0, '_a5_': 1.0, '_a6_': 1.0}};{'d0': 0.024905832919416553};-280.569866449044;42.026407060137416
18822;-98.2585261643847;(((x * ((((_a7_ * x) * _a4_) / _a4_) + _a0_)) + _a4_) * (_a7_ * x));{'d0': {'_a0_': 1.1464018754123972, '_a4_': 0.9660093548069848, '_a7_': 1.8375964948884564, '_a1_': 1.0, '_a2_': 1.0, '_a3_': 1.0, '_a5_': 1.0, '_a6_': 1.0}};{'d0': 0.024905832919416553};-280.569866449044;42.026407060137416
18823;-98.2585261643847;(((x * ((((_a7_ * x) * _a4_) / _a4_) + _a0_)) + _a4_) * (_a7_ * x));{'d0': {'_a0_': 1.1464018754123972, '_a4_': 0.9660093548069848, '_a7_': 1.8375964948884564, '_a1_': 1.0, '_a2_': 1.0, '_a3_': 1.0, '_a5_': 1.0, '_a6_': 1.0}};{'d0': 0.024905832919416553};-280.569866449044;42.026407060137416
18824;-98.2585261643847;(((x * ((((_a7_ * x) * _a4_) / _a4_) + _a0_)) + _a4_) * (_a7_ * x));{'d0': {'_a0_': 1.1464018754123972, '_a4_': 0.9660093548069848, '_a7_': 1.8375964948884564, '_a1_': 1.0, '_a2_': 1.0, '_a3_': 1.0, '_a5_': 1.0, '_a6_': 1.0}};{'d0': 0.024905832919416553};-280.569866449044;42.026407060137416
18825;-98.2585261643847;(((x * ((((_a7_ * x) * _a4_) / _a4_) + _a0_)) + _a4_) * (_a7_ * x));{'d0': {'_a0_': 1.1464018754123972, '_a4_': 0.9660093548069848, '_a7_': 1.8375964948884564, '_a1_': 1.0, '_a2_': 1.0, '_a3_': 1.0, '_a5_': 1.0, '_a6_': 1.0}};{'d0': 0.024905832919416553};-280.569866449044;42.026407060137416
18826;-98.2585261643847;(((x * ((((_a7_ * x) * _a4_) / _a4_) + _a0_)) + _a4_) * (_a7_ * x));{'d0': {'_a0_': 1.1464018754123972, '_a4_': 0.9660093548069848, '_a7_': 1.8375964948884564, '_a1_': 1.0, '_a2_': 1.0, '_a3_': 1.0, '_a5_': 1.0, '_a6_': 1.0}};{'d0': 0.024905832919416553};-280.569866449044;42.026407060137416
18827;-98.2585261643847;(((x * ((((_a7_ * x) * _a4_) / _a4_) + _a0_)) + _a4_) * (_a7_ * x));{'d0': {'_a0_': 1.1464018754123972, '_a4_': 0.9660093548069848, '_a7_': 1.8375964948884564, '_a1_': 1.0, '_a2_': 1.0, '_a3_': 1.0, '_a5_': 1.0, '_a6_': 1.0}};{'d0': 0.024905832919416553};-280.569866449044;42.026407060137416
18828;-98.2585261643847;(((x * ((((_a7_ * x) * _a4_) / _a4_) + _a0_)) + _a4_) * (_a7_ * x));{'d0': {'_a0_': 1.1464018754123972, '_a4_': 0.9660093548069848, '_a7_': 1.8375964948884564, '_a1_': 1.0, '_a2_': 1.0, '_a3_': 1.0, '_a5_': 1.0, '_a6_': 1.0}};{'d0': 0.024905832919416553};-280.569866449044;42.026407060137416
18829;-98.2585261643847;(((x * ((((_a7_ * x) * _a4_) / _a4_) + _a0_)) + _a4_) * (_a7_ * x));{'d0': {'_a0_': 1.1464018754123972, '_a4_': 0.9660093548069848, '_a7_': 1.8375964948884564, '_a1_': 1.0, '_a2_': 1.0, '_a3_': 1.0, '_a5_': 1.0, '_a6_': 1.0}};{'d0': 0.024905832919416553};-280.569866449044;42.026407060137416
18830;-98.2585261643847;(((x * ((((_a7_ * x) * _a4_) / _a4_) + _a0_)) + _a4_) * (_a7_ * x));{'d0': {'_a0_': 1.1464018754123972, '_a4_': 0.9660093548069848, '_a7_': 1.8375964948884564, '_a1_': 1.0, '_a2_': 1.0, '_a3_': 1.0, '_a5_': 1.0, '_a6_': 1.0}};{'d0': 0.024905832919416553};-280.569866449044;42.026407060137416
18831;-98.2585261643847;(((x * ((((_a7_ * x) * _a4_) / _a4_) + _a0_)) + _a4_) * (_a7_ * x));{'d0': {'_a0_': 1.1464018754123972, '_a4_': 0.9660093548069848, '_a7_': 1.8375964948884564, '_a1_': 1.0, '_a2_': 1.0, '_a3_': 1.0, '_a5_': 1.0, '_a6_': 1.0}};{'d0': 0.024905832919416553};-280.569866449044;42.026407060137416
18832;-98.2585261643847;(((x * ((((_a7_ * x) * _a4_) / _a4_) + _a0_)) + _a4_) * (_a7_ * x));{'d0': {'_a0_': 1.1464018754123972, '_a4_': 0.9660093548069848, '_a7_': 1.8375964948884564, '_a1_': 1.0, '_a2_': 1.0, '_a3_': 1.0, '_a5_': 1.0, '_a6_': 1.0}};{'d0': 0.024905832919416553};-280.569866449044;42.026407060137416
18833;-98.2585261643847;(((x * ((((_a7_ * x) * _a4_) / _a4_) + _a0_)) + _a4_) * (_a7_ * x));{'d0': {'_a0_': 1.1464018754123972, '_a4_': 0.9660093548069848, '_a7_': 1.8375964948884564, '_a1_': 1.0, '_a2_': 1.0, '_a3_': 1.0, '_a5_': 1.0, '_a6_': 1.0}};{'d0': 0.024905832919416553};-280.569866449044;42.026407060137416
18834;-98.2585261643847;(((x * ((((_a7_ * x) * _a4_) / _a4_) + _a0_)) + _a4_) * (_a7_ * x));{'d0': {'_a0_': 1.1464018754123972, '_a4_': 0.9660093548069848, '_a7_': 1.8375964948884564, '_a1_': 1.0, '_a2_': 1.0, '_a3_': 1.0, '_a5_': 1.0, '_a6_': 1.0}};{'d0': 0.024905832919416553};-280.569866449044;42.026407060137416
18835;-98.2585261643847;(((x * ((((_a7_ * x) * _a4_) / _a4_) + _a0_)) + _a4_) * (_a7_ * x));{'d0': {'_a0_': 1.1464018754123972, '_a4_': 0.9660093548069848, '_a7_': 1.8375964948884564, '_a1_': 1.0, '_a2_': 1.0, '_a3_': 1.0, '_a5_': 1.0, '_a6_': 1.0}};{'d0': 0.024905832919416553};-280.569866449044;42.026407060137416
18836;-98.2585261643847;(((x * ((((_a7_ * x) * _a4_) / _a4_) + _a0_)) + _a4_) * (_a7_ * x));{'d0': {'_a0_': 1.1464018754123972, '_a4_': 0.9660093548069848, '_a7_': 1.8375964948884564, '_a1_': 1.0, '_a2_': 1.0, '_a3_': 1.0, '_a5_': 1.0, '_a6_': 1.0}};{'d0': 0.024905832919416553};-280.569866449044;42.026407060137416
18837;-98.2585261643847;(((x * ((((_a7_ * x) * _a4_) / _a4_) + _a0_)) + _a4_) * (_a7_ * x));{'d0': {'_a0_': 1.1464018754123972, '_a4_': 0.9660093548069848, '_a7_': 1.8375964948884564, '_a1_': 1.0, '_a2_': 1.0, '_a3_': 1.0, '_a5_': 1.0, '_a6_': 1.0}};{'d0': 0.024905832919416553};-280.569866449044;42.026407060137416
18838;-98.2585261643847;(((x * ((((_a7_ * x) * _a4_) / _a4_) + _a0_)) + _a4_) * (_a7_ * x));{'d0': {'_a0_': 1.1464018754123972, '_a4_': 0.9660093548069848, '_a7_': 1.8375964948884564, '_a1_': 1.0, '_a2_': 1.0, '_a3_': 1.0, '_a5_': 1.0, '_a6_': 1.0}};{'d0': 0.024905832919416553};-280.569866449044;42.026407060137416
18839;-98.2585261643847;(((x * ((((_a7_ * x) * _a4_) / _a4_) + _a0_)) + _a4_) * (_a7_ * x));{'d0': {'_a0_': 1.1464018754123972, '_a4_': 0.9660093548069848, '_a7_': 1.8375964948884564, '_a1_': 1.0, '_a2_': 1.0, '_a3_': 1.0, '_a5_': 1.0, '_a6_': 1.0}};{'d0': 0.024905832919416553};-280.569866449044;42.026407060137416
18840;-98.2585261643847;(((x * ((((_a7_ * x) * _a4_) / _a4_) + _a0_)) + _a4_) * (_a7_ * x));{'d0': {'_a0_': 1.1464018754123972, '_a4_': 0.9660093548069848, '_a7_': 1.8375964948884564, '_a1_': 1.0, '_a2_': 1.0, '_a3_': 1.0, '_a5_': 1.0, '_a6_': 1.0}};{'d0': 0.024905832919416553};-280.569866449044;42.026407060137416
18841;-98.2585261643847;(((x * ((((_a7_ * x) * _a4_) / _a4_) + _a0_)) + _a4_) * (_a7_ * x));{'d0': {'_a0_': 1.1464018754123972, '_a4_': 0.9660093548069848, '_a7_': 1.8375964948884564, '_a1_': 1.0, '_a2_': 1.0, '_a3_': 1.0, '_a5_': 1.0, '_a6_': 1.0}};{'d0': 0.024905832919416553};-280.569866449044;42.026407060137416
18842;-91.2100140029282;(((((x / _a0_) * _a1_) + -(pow3((_a7_ + x)))) * _a1_) + -(_a3_));{'d0': {'_a0_': 8.571295785382134, '_a1_': -3.3825181555751023, '_a3_': 0.031543897558554454, '_a7_': 0.20818372282310452, '_a2_': 1.0, '_a4_': 1.0, '_a5_': 1.0, '_a6_': 1.0}};{'d0': 0.02488548250186689};-276.524567593312;47.0522697937279
18843;-91.2100140029282;(((((x / _a0_) * _a1_) + -(pow3((_a7_ + x)))) * _a1_) + -(_a3_));{'d0': {'_a0_': 8.571295785382134, '_a1_': -3.3825181555751023, '_a3_': 0.031543897558554454, '_a7_': 0.20818372282310452, '_a2_': 1.0, '_a4_': 1.0, '_a5_': 1.0, '_a6_': 1.0}};{'d0': 0.02488548250186689};-276.524567593312;47.0522697937279
18844;-91.2100140029282;(((((x / _a0_) * _a1_) + -(pow3((_a7_ + x)))) * _a1_) + -(_a3_));{'d0': {'_a0_': 8.571295785382134, '_a1_': -3.3825181555751023, '_a3_': 0.031543897558554454, '_a7_': 0.20818372282310452, '_a2_': 1.0, '_a4_': 1.0, '_a5_': 1.0, '_a6_': 1.0}};{'d0': 0.02488548250186689};-276.524567593312;47.0522697937279
18845;-91.2100140029282;(((((x / _a0_) * _a1_) + -(pow3((_a7_ + x)))) * _a1_) + -(_a3_));{'d0': {'_a0_': 8.571295785382134, '_a1_': -3.3825181555751023, '_a3_': 0.031543897558554454, '_a7_': 0.20818372282310452, '_a2_': 1.0, '_a4_': 1.0, '_a5_': 1.0, '_a6_': 1.0}};{'d0': 0.02488548250186689};-276.524567593312;47.0522697937279
18846;-91.2100140029282;(((((x / _a0_) * _a1_) + -(pow3((_a7_ + x)))) * _a1_) + -(_a3_));{'d0': {'_a0_': 8.571295785382134, '_a1_': -3.3825181555751023, '_a3_': 0.031543897558554454, '_a7_': 0.20818372282310452, '_a2_': 1.0, '_a4_': 1.0, '_a5_': 1.0, '_a6_': 1.0}};{'d0': 0.02488548250186689};-276.524567593312;47.0522697937279
18847;-91.2100140029282;(((((x / _a0_) * _a1_) + -(pow3((_a7_ + x)))) * _a1_) + -(_a3_));{'d0': {'_a0_': 8.571295785382134, '_a1_': -3.3825181555751023, '_a3_': 0.031543897558554454, '_a7_': 0.20818372282310452, '_a2_': 1.0, '_a4_': 1.0, '_a5_': 1.0, '_a6_': 1.0}};{'d0': 0.02488548250186689};-276.524567593312;47.0522697937279
18848;-85.2894129538983;(((((x / (_a3_ + _a4_)) * _a1_) + -(pow3((_a7_ + x)))) * _a1_) + -(_a3_));{'d0': {'_a1_': -3.382518151239284, '_a3_': 0.03154389646420492, '_a4_': 8.5397518576129, '_a7_': 0.2081837224902905, '_a0_': 1.0, '_a2_': 1.0, '_a5_': 1.0, '_a6_': 1.0}};{'d0': 0.024885482501866816};-276.524567593313;52.9728708427579
18849;-85.2894129538983;(((((x / (_a3_ + _a4_)) * _a1_) + -(pow3((_a7_ + x)))) * _a1_) + -(_a3_));{'d0': {'_a1_': -3.382518151239284, '_a3_': 0.03154389646420492, '_a4_': 8.5397518576129, '_a7_': 0.2081837224902905, '_a0_': 1.0, '_a2_': 1.0, '_a5_': 1.0, '_a6_': 1.0}};{'d0': 0.024885482501866816};-276.524567593313;52.9728708427579
18850;-85.2894129538983;(((((x / (_a3_ + _a4_)) * _a1_) + -(pow3((_a7_ + x)))) * _a1_) + -(_a3_));{'d0': {'_a1_': -3.382518151239284, '_a3_': 0.03154389646420492, '_a4_': 8.5397518576129, '_a7_': 0.2081837224902905, '_a0_': 1.0, '_a2_': 1.0, '_a5_': 1.0, '_a6_': 1.0}};{'d0': 0.024885482501866816};-276.524567593313;52.9728708427579
18851;-85.2894129538983;(((((x / (_a3_ + _a4_)) * _a1_) + -(pow3((_a7_ + x)))) * _a1_) + -(_a3_));{'d0': {'_a1_': -3.382518151239284, '_a3_': 0.03154389646420492, '_a4_': 8.5397518576129, '_a7_': 0.2081837224902905, '_a0_': 1.0, '_a2_': 1.0, '_a5_': 1.0, '_a6_': 1.0}};{'d0': 0.024885482501866816};-276.524567593313;52.9728708427579
18852;-85.2894129538983;(((((x / (_a3_ + _a4_)) * _a1_) + -(pow3((_a7_ + x)))) * _a1_) + -(_a3_));{'d0': {'_a1_': -3.382518151239284, '_a3_': 0.03154389646420492, '_a4_': 8.5397518576129, '_a7_': 0.2081837224902905, '_a0_': 1.0, '_a2_': 1.0, '_a5_': 1.0, '_a6_': 1.0}};{'d0': 0.024885482501866816};-276.524567593313;52.9728708427579
18853;-85.2894129538983;(((((x / (_a3_ + _a4_)) * _a1_) + -(pow3((_a7_ + x)))) * _a1_) + -(_a3_));{'d0': {'_a1_': -3.382518151239284, '_a3_': 0.03154389646420492, '_a4_': 8.5397518576129, '_a7_': 0.2081837224902905, '_a0_': 1.0, '_a2_': 1.0, '_a5_': 1.0, '_a6_': 1.0}};{'d0': 0.024885482501866816};-276.524567593313;52.9728708427579
18854;-85.2894129538983;(((((x / (_a3_ + _a4_)) * _a1_) + -(pow3((_a7_ + x)))) * _a1_) + -(_a3_));{'d0': {'_a1_': -3.382518151239284, '_a3_': 0.03154389646420492, '_a4_': 8.5397518576129, '_a7_': 0.2081837224902905, '_a0_': 1.0, '_a2_': 1.0, '_a5_': 1.0, '_a6_': 1.0}};{'d0': 0.024885482501866816};-276.524567593313;52.9728708427579
18855;-87.5120795303181;(((((x / pow2(_a6_)) * _a1_) + -(pow3((_a7_ + x)))) * _a1_) + -(_a3_));{'d0': {'_a1_': -3.3825181449643473, '_a3_': 0.03154389479083724, '_a6_': 2.927677527786661, '_a7_': 0.20818372212604602, '_a0_': 1.0, '_a2_': 1.0, '_a4_': 1.0, '_a5_': 1.0}};{'d0': 0.024885482501866955};-276.524567593312;50.7502042663379
18856;-91.2100140029283;(((((x / _a6_) * _a1_) + -(pow3((_a7_ + x)))) * _a1_) + -(_a3_));{'d0': {'_a1_': -3.382518152700382, '_a3_': 0.03154389709902876, '_a6_': 8.571295763813849, '_a7_': 0.2081837227258533, '_a0_': 1.0, '_a2_': 1.0, '_a4_': 1.0, '_a5_': 1.0}};{'d0': 0.024885482501866833};-276.524567593313;47.0522697937279
18857;-86.3330313637932;(((((x / _a6_) * _a1_) + -(pow3(((_a3_ * _a5_) + x)))) * _a1_) + -(_a3_));{'d0': {'_a1_': -3.382518146007972, '_a3_': 0.0315438952375685, '_a5_': 6.599810223285384, '_a6_': 8.571295714013365, '_a0_': 1.0, '_a2_': 1.0, '_a4_': 1.0, '_a7_': 1.0}};{'d0': 0.024885482501866896};-276.524567593312;51.9292524328629
18858;-86.3330313637932;(((((x / _a6_) * _a1_) + -(pow3(((_a3_ * _a5_) + x)))) * _a1_) + -(_a3_));{'d0': {'_a1_': -3.382518146007972, '_a3_': 0.0315438952375685, '_a5_': 6.599810223285384, '_a6_': 8.571295714013365, '_a0_': 1.0, '_a2_': 1.0, '_a4_': 1.0, '_a7_': 1.0}};{'d0': 0.024885482501866896};-276.524567593312;51.9292524328629
18859;-102.364147183205;(((pow2((_a4_ + ((_a7_ + _a2_) * x))) + _a4_) * _a1_) * x);{'d0': {'_a1_': 6.368971776292452, '_a2_': -109.21651382451725, '_a4_': 0.2271287141806406, '_a7_': 109.94465521263838, '_a0_': 1.0, '_a3_': 1.0, '_a5_': 1.0, '_a6_': 1.0}};{'d0': 0.02490583298754837};-276.475521722687;35.87361367813888
18860;-86.3330313637932;(((((x / _a6_) * _a1_) + -(pow3(((_a3_ * _a5_) + x)))) * _a1_) + -(_a3_));{'d0': {'_a1_': -3.382518146007972, '_a3_': 0.0315438952375685, '_a5_': 6.599810223285384, '_a6_': 8.571295714013365, '_a0_': 1.0, '_a2_': 1.0, '_a4_': 1.0, '_a7_': 1.0}};{'d0': 0.024885482501866896};-276.524567593312;51.9292524328629
18861;-86.3330313637932;(((((x / _a6_) * _a1_) + -(pow3(((_a3_ * _a5_) + x)))) * _a1_) + -(_a3_));{'d0': {'_a1_': -3.382518146007972, '_a3_': 0.0315438952375685, '_a5_': 6.599810223285384, '_a6_': 8.571295714013365, '_a0_': 1.0, '_a2_': 1.0, '_a4_': 1.0, '_a7_': 1.0}};{'d0': 0.024885482501866896};-276.524567593312;51.9292524328629
18862;-86.3330313637932;(((((x / _a6_) * _a1_) + -(pow3(((_a3_ * _a5_) + x)))) * _a1_) + -(_a3_));{'d0': {'_a1_': -3.382518146007972, '_a3_': 0.0315438952375685, '_a5_': 6.599810223285384, '_a6_': 8.571295714013365, '_a0_': 1.0, '_a2_': 1.0, '_a4_': 1.0, '_a7_': 1.0}};{'d0': 0.024885482501866896};-276.524567593312;51.9292524328629
18863;-86.3330313637932;(((((x / _a6_) * _a1_) + -(pow3(((_a3_ * _a5_) + x)))) * _a1_) + -(_a3_));{'d0': {'_a1_': -3.382518146007972, '_a3_': 0.0315438952375685, '_a5_': 6.599810223285384, '_a6_': 8.571295714013365, '_a0_': 1.0, '_a2_': 1.0, '_a4_': 1.0, '_a7_': 1.0}};{'d0': 0.024885482501866896};-276.524567593312;51.9292524328629
18864;-86.3330313637932;(((((x / _a6_) * _a1_) + -(pow3(((_a3_ * _a5_) + x)))) * _a1_) + -(_a3_));{'d0': {'_a1_': -3.382518146007972, '_a3_': 0.0315438952375685, '_a5_': 6.599810223285384, '_a6_': 8.571295714013365, '_a0_': 1.0, '_a2_': 1.0, '_a4_': 1.0, '_a7_': 1.0}};{'d0': 0.024885482501866896};-276.524567593312;51.9292524328629
18865;-86.3330313637932;(((((x / _a6_) * _a1_) + -(pow3(((_a3_ * _a5_) + x)))) * _a1_) + -(_a3_));{'d0': {'_a1_': -3.382518146007972, '_a3_': 0.0315438952375685, '_a5_': 6.599810223285384, '_a6_': 8.571295714013365, '_a0_': 1.0, '_a2_': 1.0, '_a4_': 1.0, '_a7_': 1.0}};{'d0': 0.024885482501866896};-276.524567593312;51.9292524328629
18866;-86.3330313637932;(((((x / _a6_) * _a1_) + -(pow3(((_a3_ * _a5_) + x)))) * _a1_) + -(_a3_));{'d0': {'_a1_': -3.382518146007972, '_a3_': 0.0315438952375685, '_a5_': 6.599810223285384, '_a6_': 8.571295714013365, '_a0_': 1.0, '_a2_': 1.0, '_a4_': 1.0, '_a7_': 1.0}};{'d0': 0.024885482501866896};-276.524567593312;51.9292524328629
18867;-86.3330313637932;(((((x / _a6_) * _a1_) + -(pow3(((_a3_ * _a5_) + x)))) * _a1_) + -(_a3_));{'d0': {'_a1_': -3.382518146007972, '_a3_': 0.0315438952375685, '_a5_': 6.599810223285384, '_a6_': 8.571295714013365, '_a0_': 1.0, '_a2_': 1.0, '_a4_': 1.0, '_a7_': 1.0}};{'d0': 0.024885482501866896};-276.524567593312;51.9292524328629
18868;-86.3330313637932;(((((x / _a6_) * _a1_) + -(pow3(((_a3_ * _a5_) + x)))) * _a1_) + -(_a3_));{'d0': {'_a1_': -3.382518146007972, '_a3_': 0.0315438952375685, '_a5_': 6.599810223285384, '_a6_': 8.571295714013365, '_a0_': 1.0, '_a2_': 1.0, '_a4_': 1.0, '_a7_': 1.0}};{'d0': 0.024885482501866896};-276.524567593312;51.9292524328629
18869;-86.3330313637932;(((((x / _a6_) * _a1_) + -(pow3(((_a3_ * _a5_) + x)))) * _a1_) + -(_a3_));{'d0': {'_a1_': -3.382518146007972, '_a3_': 0.0315438952375685, '_a5_': 6.599810223285384, '_a6_': 8.571295714013365, '_a0_': 1.0, '_a2_': 1.0, '_a4_': 1.0, '_a7_': 1.0}};{'d0': 0.024885482501866896};-276.524567593312;51.9292524328629
18870;-103.714811412799;(((pow2((_a4_ + (sin(_a3_) * x))) + _a4_) * _a1_) * x);{'d0': {'_a1_': 6.368963810138629, '_a3_': 0.8156065303439629, '_a4_': 0.22712895427366153, '_a0_': 1.0, '_a2_': 1.0, '_a5_': 1.0, '_a6_': 1.0, '_a7_': 1.0}};{'d0': 0.02490583291941667};-280.569866449043;36.5701218117224
18871;-103.714811412799;(((pow2((_a4_ + (sin(_a3_) * x))) + _a4_) * _a1_) * x);{'d0': {'_a1_': 6.368963810138629, '_a3_': 0.8156065303439629, '_a4_': 0.22712895427366153, '_a0_': 1.0, '_a2_': 1.0, '_a5_': 1.0, '_a6_': 1.0, '_a7_': 1.0}};{'d0': 0.02490583291941667};-280.569866449043;36.5701218117224
18872;-86.3330313637932;(((((x / _a6_) * _a1_) + -(pow3(((_a3_ * _a5_) + x)))) * _a1_) + -(_a3_));{'d0': {'_a1_': -3.382518146007972, '_a3_': 0.0315438952375685, '_a5_': 6.599810223285384, '_a6_': 8.571295714013365, '_a0_': 1.0, '_a2_': 1.0, '_a4_': 1.0, '_a7_': 1.0}};{'d0': 0.024885482501866896};-276.524567593312;51.9292524328629
18873;-86.3330313637932;(((((x / _a6_) * _a1_) + -(pow3(((_a3_ * _a5_) + x)))) * _a1_) + -(_a3_));{'d0': {'_a1_': -3.382518146007972, '_a3_': 0.0315438952375685, '_a5_': 6.599810223285384, '_a6_': 8.571295714013365, '_a0_': 1.0, '_a2_': 1.0, '_a4_': 1.0, '_a7_': 1.0}};{'d0': 0.024885482501866896};-276.524567593312;51.9292524328629
18874;-86.3330313637932;(((((x / _a6_) * _a1_) + -(pow3(((_a3_ * _a5_) + x)))) * _a1_) + -(_a3_));{'d0': {'_a1_': -3.382518146007972, '_a3_': 0.0315438952375685, '_a5_': 6.599810223285384, '_a6_': 8.571295714013365, '_a0_': 1.0, '_a2_': 1.0, '_a4_': 1.0, '_a7_': 1.0}};{'d0': 0.024885482501866896};-276.524567593312;51.9292524328629
18875;-86.3330313637932;(((((x / _a6_) * _a1_) + -(pow3(((_a3_ * _a5_) + x)))) * _a1_) + -(_a3_));{'d0': {'_a1_': -3.382518146007972, '_a3_': 0.0315438952375685, '_a5_': 6.599810223285384, '_a6_': 8.571295714013365, '_a0_': 1.0, '_a2_': 1.0, '_a4_': 1.0, '_a7_': 1.0}};{'d0': 0.024885482501866896};-276.524567593312;51.9292524328629
18876;-86.3330313637932;(((((x / _a6_) * _a1_) + -(pow3(((_a3_ * _a5_) + x)))) * _a1_) + -(_a3_));{'d0': {'_a1_': -3.382518146007972, '_a3_': 0.0315438952375685, '_a5_': 6.599810223285384, '_a6_': 8.571295714013365, '_a0_': 1.0, '_a2_': 1.0, '_a4_': 1.0, '_a7_': 1.0}};{'d0': 0.024885482501866896};-276.524567593312;51.9292524328629
18877;-86.3330313637932;(((((x / _a6_) * _a1_) + -(pow3(((_a3_ * _a5_) + x)))) * _a1_) + -(_a3_));{'d0': {'_a1_': -3.382518146007972, '_a3_': 0.0315438952375685, '_a5_': 6.599810223285384, '_a6_': 8.571295714013365, '_a0_': 1.0, '_a2_': 1.0, '_a4_': 1.0, '_a7_': 1.0}};{'d0': 0.024885482501866896};-276.524567593312;51.9292524328629
18878;-86.3330313637932;(((((x / _a6_) * _a1_) + -(pow3(((_a3_ * _a5_) + x)))) * _a1_) + -(_a3_));{'d0': {'_a1_': -3.382518146007972, '_a3_': 0.0315438952375685, '_a5_': 6.599810223285384, '_a6_': 8.571295714013365, '_a0_': 1.0, '_a2_': 1.0, '_a4_': 1.0, '_a7_': 1.0}};{'d0': 0.024885482501866896};-276.524567593312;51.9292524328629
18879;-86.3330313637932;(((((x / _a6_) * _a1_) + -(pow3(((_a3_ * _a5_) + x)))) * _a1_) + -(_a3_));{'d0': {'_a1_': -3.382518146007972, '_a3_': 0.0315438952375685, '_a5_': 6.599810223285384, '_a6_': 8.571295714013365, '_a0_': 1.0, '_a2_': 1.0, '_a4_': 1.0, '_a7_': 1.0}};{'d0': 0.024885482501866896};-276.524567593312;51.9292524328629
18880;-86.3330313637932;(((((x / _a6_) * _a1_) + -(pow3(((_a3_ * _a5_) + x)))) * _a1_) + -(_a3_));{'d0': {'_a1_': -3.382518146007972, '_a3_': 0.0315438952375685, '_a5_': 6.599810223285384, '_a6_': 8.571295714013365, '_a0_': 1.0, '_a2_': 1.0, '_a4_': 1.0, '_a7_': 1.0}};{'d0': 0.024885482501866896};-276.524567593312;51.9292524328629
18881;-86.3330313637932;(((((x / _a6_) * _a1_) + -(pow3(((_a3_ * _a5_) + x)))) * _a1_) + -(_a3_));{'d0': {'_a1_': -3.382518146007972, '_a3_': 0.0315438952375685, '_a5_': 6.599810223285384, '_a6_': 8.571295714013365, '_a0_': 1.0, '_a2_': 1.0, '_a4_': 1.0, '_a7_': 1.0}};{'d0': 0.024885482501866896};-276.524567593312;51.9292524328629
18882;-86.3330313637932;(((((x / _a6_) * _a1_) + -(pow3(((_a3_ * _a5_) + x)))) * _a1_) + -(_a3_));{'d0': {'_a1_': -3.382518146007972, '_a3_': 0.0315438952375685, '_a5_': 6.599810223285384, '_a6_': 8.571295714013365, '_a0_': 1.0, '_a2_': 1.0, '_a4_': 1.0, '_a7_': 1.0}};{'d0': 0.024885482501866896};-276.524567593312;51.9292524328629
18883;-86.3330313637932;(((((x / _a6_) * _a1_) + -(pow3(((_a3_ * _a5_) + x)))) * _a1_) + -(_a3_));{'d0': {'_a1_': -3.382518146007972, '_a3_': 0.0315438952375685, '_a5_': 6.599810223285384, '_a6_': 8.571295714013365, '_a0_': 1.0, '_a2_': 1.0, '_a4_': 1.0, '_a7_': 1.0}};{'d0': 0.024885482501866896};-276.524567593312;51.9292524328629
18884;-86.3330313637932;(((((x / _a6_) * _a1_) + -(pow3(((_a3_ * _a5_) + x)))) * _a1_) + -(_a3_));{'d0': {'_a1_': -3.382518146007972, '_a3_': 0.0315438952375685, '_a5_': 6.599810223285384, '_a6_': 8.571295714013365, '_a0_': 1.0, '_a2_': 1.0, '_a4_': 1.0, '_a7_': 1.0}};{'d0': 0.024885482501866896};-276.524567593312;51.9292524328629
18885;-81.3836914383363;(((((x / _a6_) * _a1_) + -(pow3(((_a3_ * (_a7_ * _a6_)) + x)))) * _a1_) + -(_a3_));{'d0': {'_a1_': -3.3825181575491126, '_a3_': 0.031543897119488615, '_a6_': 8.571295798500058, '_a7_': 0.7699897423699422, '_a0_': 1.0, '_a2_': 1.0, '_a4_': 1.0, '_a5_': 1.0}};{'d0': 0.02488548250186682};-276.524567593313;56.87859235831991
18886;-81.3836914383363;(((((x / _a6_) * _a1_) + -(pow3(((_a3_ * (_a7_ * _a6_)) + x)))) * _a1_) + -(_a3_));{'d0': {'_a1_': -3.3825181575491126, '_a3_': 0.031543897119488615, '_a6_': 8.571295798500058, '_a7_': 0.7699897423699422, '_a0_': 1.0, '_a2_': 1.0, '_a4_': 1.0, '_a5_': 1.0}};{'d0': 0.02488548250186682};-276.524567593313;56.87859235831991
18887;-81.3836914383363;(((((x / _a6_) * _a1_) + -(pow3(((_a3_ * (_a7_ * _a6_)) + x)))) * _a1_) + -(_a3_));{'d0': {'_a1_': -3.3825181575491126, '_a3_': 0.031543897119488615, '_a6_': 8.571295798500058, '_a7_': 0.7699897423699422, '_a0_': 1.0, '_a2_': 1.0, '_a4_': 1.0, '_a5_': 1.0}};{'d0': 0.02488548250186682};-276.524567593313;56.87859235831991
18888;-81.3836914383363;(((((x / _a6_) * _a1_) + -(pow3(((_a3_ * (_a7_ * _a6_)) + x)))) * _a1_) + -(_a3_));{'d0': {'_a1_': -3.3825181575491126, '_a3_': 0.031543897119488615, '_a6_': 8.571295798500058, '_a7_': 0.7699897423699422, '_a0_': 1.0, '_a2_': 1.0, '_a4_': 1.0, '_a5_': 1.0}};{'d0': 0.02488548250186682};-276.524567593313;56.87859235831991
18889;-81.3836914383363;(((((x / _a6_) * _a1_) + -(pow3(((_a3_ * (_a7_ * _a6_)) + x)))) * _a1_) + -(_a3_));{'d0': {'_a1_': -3.3825181575491126, '_a3_': 0.031543897119488615, '_a6_': 8.571295798500058, '_a7_': 0.7699897423699422, '_a0_': 1.0, '_a2_': 1.0, '_a4_': 1.0, '_a5_': 1.0}};{'d0': 0.02488548250186682};-276.524567593313;56.87859235831991
18890;-81.3836914383363;(((((x / _a6_) * _a1_) + -(pow3(((_a3_ * (_a7_ * _a6_)) + x)))) * _a1_) + -(_a3_));{'d0': {'_a1_': -3.3825181575491126, '_a3_': 0.031543897119488615, '_a6_': 8.571295798500058, '_a7_': 0.7699897423699422, '_a0_': 1.0, '_a2_': 1.0, '_a4_': 1.0, '_a5_': 1.0}};{'d0': 0.02488548250186682};-276.524567593313;56.87859235831991
18891;-81.3836914383363;(((((x / _a6_) * _a1_) + -(pow3(((_a3_ * (_a7_ * _a6_)) + x)))) * _a1_) + -(_a3_));{'d0': {'_a1_': -3.3825181575491126, '_a3_': 0.031543897119488615, '_a6_': 8.571295798500058, '_a7_': 0.7699897423699422, '_a0_': 1.0, '_a2_': 1.0, '_a4_': 1.0, '_a5_': 1.0}};{'d0': 0.02488548250186682};-276.524567593313;56.87859235831991
18892;-81.3836914383363;(((((x / _a6_) * _a1_) + -(pow3(((_a3_ * (_a7_ * _a6_)) + x)))) * _a1_) + -(_a3_));{'d0': {'_a1_': -3.3825181575491126, '_a3_': 0.031543897119488615, '_a6_': 8.571295798500058, '_a7_': 0.7699897423699422, '_a0_': 1.0, '_a2_': 1.0, '_a4_': 1.0, '_a5_': 1.0}};{'d0': 0.02488548250186682};-276.524567593313;56.87859235831991
18893;-81.3836914383363;(((((x / _a6_) * _a1_) + -(pow3(((_a3_ * (_a7_ * _a6_)) + x)))) * _a1_) + -(_a3_));{'d0': {'_a1_': -3.3825181575491126, '_a3_': 0.031543897119488615, '_a6_': 8.571295798500058, '_a7_': 0.7699897423699422, '_a0_': 1.0, '_a2_': 1.0, '_a4_': 1.0, '_a5_': 1.0}};{'d0': 0.02488548250186682};-276.524567593313;56.87859235831991
18894;-81.3836914383363;(((((x / _a6_) * _a1_) + -(pow3(((_a3_ * (_a7_ * _a6_)) + x)))) * _a1_) + -(_a3_));{'d0': {'_a1_': -3.3825181575491126, '_a3_': 0.031543897119488615, '_a6_': 8.571295798500058, '_a7_': 0.7699897423699422, '_a0_': 1.0, '_a2_': 1.0, '_a4_': 1.0, '_a5_': 1.0}};{'d0': 0.02488548250186682};-276.524567593313;56.87859235831991
18895;-81.3836914383363;(((((x / _a6_) * _a1_) + -(pow3(((_a3_ * (_a7_ * _a6_)) + x)))) * _a1_) + -(_a3_));{'d0': {'_a1_': -3.3825181575491126, '_a3_': 0.031543897119488615, '_a6_': 8.571295798500058, '_a7_': 0.7699897423699422, '_a0_': 1.0, '_a2_': 1.0, '_a4_': 1.0, '_a5_': 1.0}};{'d0': 0.02488548250186682};-276.524567593313;56.87859235831991
18896;-81.3836914383363;(((((x / _a6_) * _a1_) + -(pow3(((_a3_ * (_a7_ * _a6_)) + x)))) * _a1_) + -(_a3_));{'d0': {'_a1_': -3.3825181575491126, '_a3_': 0.031543897119488615, '_a6_': 8.571295798500058, '_a7_': 0.7699897423699422, '_a0_': 1.0, '_a2_': 1.0, '_a4_': 1.0, '_a5_': 1.0}};{'d0': 0.02488548250186682};-276.524567593313;56.87859235831991
18897;-81.3836914383363;(((((x / _a6_) * _a1_) + -(pow3(((_a3_ * (_a7_ * _a6_)) + x)))) * _a1_) + -(_a3_));{'d0': {'_a1_': -3.3825181575491126, '_a3_': 0.031543897119488615, '_a6_': 8.571295798500058, '_a7_': 0.7699897423699422, '_a0_': 1.0, '_a2_': 1.0, '_a4_': 1.0, '_a5_': 1.0}};{'d0': 0.02488548250186682};-276.524567593313;56.87859235831991
18898;-81.3836914383363;(((((x / _a6_) * _a1_) + -(pow3(((_a3_ * (_a7_ * _a6_)) + x)))) * _a1_) + -(_a3_));{'d0': {'_a1_': -3.3825181575491126, '_a3_': 0.031543897119488615, '_a6_': 8.571295798500058, '_a7_': 0.7699897423699422, '_a0_': 1.0, '_a2_': 1.0, '_a4_': 1.0, '_a5_': 1.0}};{'d0': 0.02488548250186682};-276.524567593313;56.87859235831991
18899;-81.3836914383363;(((((x / _a6_) * _a1_) + -(pow3(((_a3_ * (_a7_ * _a6_)) + x)))) * _a1_) + -(_a3_));{'d0': {'_a1_': -3.3825181575491126, '_a3_': 0.031543897119488615, '_a6_': 8.571295798500058, '_a7_': 0.7699897423699422, '_a0_': 1.0, '_a2_': 1.0, '_a4_': 1.0, '_a5_': 1.0}};{'d0': 0.02488548250186682};-276.524567593313;56.87859235831991
18900;-81.3836914383363;(((((x / _a6_) * _a1_) + -(pow3(((_a3_ * (_a7_ * _a6_)) + x)))) * _a1_) + -(_a3_));{'d0': {'_a1_': -3.3825181575491126, '_a3_': 0.031543897119488615, '_a6_': 8.571295798500058, '_a7_': 0.7699897423699422, '_a0_': 1.0, '_a2_': 1.0, '_a4_': 1.0, '_a5_': 1.0}};{'d0': 0.02488548250186682};-276.524567593313;56.87859235831991
18901;-81.3836914383363;(((((x / _a6_) * _a1_) + -(pow3(((_a3_ * (_a7_ * _a6_)) + x)))) * _a1_) + -(_a3_));{'d0': {'_a1_': -3.3825181575491126, '_a3_': 0.031543897119488615, '_a6_': 8.571295798500058, '_a7_': 0.7699897423699422, '_a0_': 1.0, '_a2_': 1.0, '_a4_': 1.0, '_a5_': 1.0}};{'d0': 0.02488548250186682};-276.524567593313;56.87859235831991
18902;-81.3836914383363;(((((x / _a6_) * _a1_) + -(pow3(((_a3_ * (_a7_ * _a6_)) + x)))) * _a1_) + -(_a3_));{'d0': {'_a1_': -3.3825181575491126, '_a3_': 0.031543897119488615, '_a6_': 8.571295798500058, '_a7_': 0.7699897423699422, '_a0_': 1.0, '_a2_': 1.0, '_a4_': 1.0, '_a5_': 1.0}};{'d0': 0.02488548250186682};-276.524567593313;56.87859235831991
18903;-81.3836914383363;(((((x / _a6_) * _a1_) + -(pow3(((_a3_ * (_a7_ * _a6_)) + x)))) * _a1_) + -(_a3_));{'d0': {'_a1_': -3.3825181575491126, '_a3_': 0.031543897119488615, '_a6_': 8.571295798500058, '_a7_': 0.7699897423699422, '_a0_': 1.0, '_a2_': 1.0, '_a4_': 1.0, '_a5_': 1.0}};{'d0': 0.02488548250186682};-276.524567593313;56.87859235831991
18904;-81.3836914383363;(((((x / _a6_) * _a1_) + -(pow3(((_a3_ * (_a7_ * _a6_)) + x)))) * _a1_) + -(_a3_));{'d0': {'_a1_': -3.3825181575491126, '_a3_': 0.031543897119488615, '_a6_': 8.571295798500058, '_a7_': 0.7699897423699422, '_a0_': 1.0, '_a2_': 1.0, '_a4_': 1.0, '_a5_': 1.0}};{'d0': 0.02488548250186682};-276.524567593313;56.87859235831991
18905;-77.9952741593328;(((((x / _a6_) * _a1_) + -(pow3(((_a3_ * (_a7_ * _a6_)) + x)))) * _a1_) + (_a4_ * _a3_));{'d0': {'_a1_': -3.3825181664727144, '_a3_': 0.027389913250667763, '_a4_': -1.1516598328243957, '_a6_': 8.571295863107137, '_a7_': 0.8867662274950733, '_a0_': 1.0, '_a2_': 1.0, '_a5_': 1.0}};{'d0': 0.024885482522086014};-272.430222982341;58.21983733183774
18906;-77.9952741593328;(((((x / _a6_) * _a1_) + -(pow3(((_a3_ * (_a7_ * _a6_)) + x)))) * _a1_) + (_a4_ * _a3_));{'d0': {'_a1_': -3.3825181664727144, '_a3_': 0.027389913250667763, '_a4_': -1.1516598328243957, '_a6_': 8.571295863107137, '_a7_': 0.8867662274950733, '_a0_': 1.0, '_a2_': 1.0, '_a5_': 1.0}};{'d0': 0.024885482522086014};-272.430222982341;58.21983733183774
18907;-77.9952741593328;(((((x / _a6_) * _a1_) + -(pow3(((_a3_ * (_a7_ * _a6_)) + x)))) * _a1_) + (_a4_ * _a3_));{'d0': {'_a1_': -3.3825181664727144, '_a3_': 0.027389913250667763, '_a4_': -1.1516598328243957, '_a6_': 8.571295863107137, '_a7_': 0.8867662274950733, '_a0_': 1.0, '_a2_': 1.0, '_a5_': 1.0}};{'d0': 0.024885482522086014};-272.430222982341;58.21983733183774
18908;-77.9952741593328;(((((x / _a6_) * _a1_) + -(pow3(((_a3_ * (_a7_ * _a6_)) + x)))) * _a1_) + (_a4_ * _a3_));{'d0': {'_a1_': -3.3825181664727144, '_a3_': 0.027389913250667763, '_a4_': -1.1516598328243957, '_a6_': 8.571295863107137, '_a7_': 0.8867662274950733, '_a0_': 1.0, '_a2_': 1.0, '_a5_': 1.0}};{'d0': 0.024885482522086014};-272.430222982341;58.21983733183774
18909;-72.0746731212344;((((((_a4_ + x) / _a6_) * _a1_) + -(pow3(((_a3_ * (_a7_ * _a6_)) + x)))) * _a1_) + (_a4_ * _a3_));{'d0': {'_a1_': -3.3825182018870654, '_a3_': 0.026290746453427508, '_a4_': -0.023174540180180336, '_a6_': 8.571296127262649, '_a7_': 0.9238405347018972, '_a0_': 1.0, '_a2_': 1.0, '_a5_': 1.0}};{'d0': 0.024885482513018004};-272.430223004204;64.14043838086774
18910;-72.0746731212344;((((((_a4_ + x) / _a6_) * _a1_) + -(pow3(((_a3_ * (_a7_ * _a6_)) + x)))) * _a1_) + (_a4_ * _a3_));{'d0': {'_a1_': -3.3825182018870654, '_a3_': 0.026290746453427508, '_a4_': -0.023174540180180336, '_a6_': 8.571296127262649, '_a7_': 0.9238405347018972, '_a0_': 1.0, '_a2_': 1.0, '_a5_': 1.0}};{'d0': 0.024885482513018004};-272.430223004204;64.14043838086774
18911;-72.0746731212344;((((((_a4_ + x) / _a6_) * _a1_) + -(pow3(((_a3_ * (_a7_ * _a6_)) + x)))) * _a1_) + (_a4_ * _a3_));{'d0': {'_a1_': -3.3825182018870654, '_a3_': 0.026290746453427508, '_a4_': -0.023174540180180336, '_a6_': 8.571296127262649, '_a7_': 0.9238405347018972, '_a0_': 1.0, '_a2_': 1.0, '_a5_': 1.0}};{'d0': 0.024885482513018004};-272.430223004204;64.14043838086774
18912;-72.0746731212344;((((((_a4_ + x) / _a6_) * _a1_) + -(pow3(((_a3_ * (_a7_ * _a6_)) + x)))) * _a1_) + (_a4_ * _a3_));{'d0': {'_a1_': -3.3825182018870654, '_a3_': 0.026290746453427508, '_a4_': -0.023174540180180336, '_a6_': 8.571296127262649, '_a7_': 0.9238405347018972, '_a0_': 1.0, '_a2_': 1.0, '_a5_': 1.0}};{'d0': 0.024885482513018004};-272.430223004204;64.14043838086774
18913;-72.0746731212344;((((((_a4_ + x) / _a6_) * _a1_) + -(pow3(((_a3_ * (_a7_ * _a6_)) + x)))) * _a1_) + (_a4_ * _a3_));{'d0': {'_a1_': -3.3825182018870654, '_a3_': 0.026290746453427508, '_a4_': -0.023174540180180336, '_a6_': 8.571296127262649, '_a7_': 0.9238405347018972, '_a0_': 1.0, '_a2_': 1.0, '_a5_': 1.0}};{'d0': 0.024885482513018004};-272.430223004204;64.14043838086774
18914;-72.0746731346094;((((((_a4_ + x) / _a6_) * _a1_) + -(pow3(((_a3_ * (_a7_ * _a6_)) + x)))) * _a1_) + (_a4_ * _a4_));{'d0': {'_a1_': -3.382518126566076, '_a3_': 0.027214930319886577, '_a4_': -0.02406480792766099, '_a6_': 8.571295569586821, '_a7_': 0.8924688062975462, '_a0_': 1.0, '_a2_': 1.0, '_a5_': 1.0}};{'d0': 0.024885482501923267};-272.430223030954;64.14043838086774
18915;-72.0746731346094;((((((_a4_ + x) / _a6_) * _a1_) + -(pow3(((_a3_ * (_a7_ * _a6_)) + x)))) * _a1_) + (_a4_ * _a4_));{'d0': {'_a1_': -3.382518126566076, '_a3_': 0.027214930319886577, '_a4_': -0.02406480792766099, '_a6_': 8.571295569586821, '_a7_': 0.8924688062975462, '_a0_': 1.0, '_a2_': 1.0, '_a5_': 1.0}};{'d0': 0.024885482501923267};-272.430223030954;64.14043838086774
18916;-72.0746731346094;((((((_a4_ + x) / _a6_) * _a1_) + -(pow3(((_a3_ * (_a7_ * _a6_)) + x)))) * _a1_) + (_a4_ * _a4_));{'d0': {'_a1_': -3.382518126566076, '_a3_': 0.027214930319886577, '_a4_': -0.02406480792766099, '_a6_': 8.571295569586821, '_a7_': 0.8924688062975462, '_a0_': 1.0, '_a2_': 1.0, '_a5_': 1.0}};{'d0': 0.024885482501923267};-272.430223030954;64.14043838086774
18917;-79.1435426275670;((((((_a4_ + x) / _a6_) * _a1_) + -(pow3(((_a3_ * _a1_) + x)))) * _a1_) + (_a4_ * _a4_));{'d0': {'_a1_': -3.3825181295231697, '_a3_': -0.061546963951162284, '_a4_': -0.02406480731422157, '_a6_': 8.571295590690152, '_a0_': 1.0, '_a2_': 1.0, '_a5_': 1.0, '_a7_': 1.0}};{'d0': 0.024885482501867263};-276.524567593311;59.118741169088736
18918;-75.4630903893061;((((((_a4_ + x) / _a6_) * _a1_) + -(pow3(((-(_a3_) * _a1_) + x)))) * _a1_) + (_a4_ * _a4_));{'d0': {'_a1_': -3.382518173893769, '_a3_': 0.06154696363626553, '_a4_': -0.024064813778039623, '_a6_': 8.571295919391225, '_a0_': 1.0, '_a2_': 1.0, '_a5_': 1.0, '_a7_': 1.0}};{'d0': 0.024885482501867024};-276.524567593312;62.799193407349904
18919;-75.4630903893061;((((((_a4_ + x) / _a6_) * _a1_) + -(pow3(((-(_a3_) * _a1_) + x)))) * _a1_) + (_a4_ * _a4_));{'d0': {'_a1_': -3.382518173893769, '_a3_': 0.06154696363626553, '_a4_': -0.024064813778039623, '_a6_': 8.571295919391225, '_a0_': 1.0, '_a2_': 1.0, '_a5_': 1.0, '_a7_': 1.0}};{'d0': 0.024885482501867024};-276.524567593312;62.799193407349904
18920;-75.4630903893061;((((((_a4_ + x) / _a6_) * _a1_) + -(pow3(((-(_a3_) * _a1_) + x)))) * _a1_) + (_a4_ * _a4_));{'d0': {'_a1_': -3.382518173893769, '_a3_': 0.06154696363626553, '_a4_': -0.024064813778039623, '_a6_': 8.571295919391225, '_a0_': 1.0, '_a2_': 1.0, '_a5_': 1.0, '_a7_': 1.0}};{'d0': 0.024885482501867024};-276.524567593312;62.799193407349904
18921;-75.4630903893061;((((((_a4_ + x) / _a6_) * _a1_) + -(pow3(((-(_a3_) * _a1_) + x)))) * _a1_) + (_a4_ * _a4_));{'d0': {'_a1_': -3.382518173893769, '_a3_': 0.06154696363626553, '_a4_': -0.024064813778039623, '_a6_': 8.571295919391225, '_a0_': 1.0, '_a2_': 1.0, '_a5_': 1.0, '_a7_': 1.0}};{'d0': 0.024885482501867024};-276.524567593312;62.799193407349904
18922;-80.4124303147632;((((((_a4_ + x) / _a6_) * _a1_) + -(pow3(((-(_a3_) * _a1_) + x)))) * _a1_) + _a1_);{'d0': {'_a1_': -3.3825181393990142, '_a3_': 0.061546964081922735, '_a4_': 2.510367464290777, '_a6_': 8.571295665943207, '_a0_': 1.0, '_a2_': 1.0, '_a5_': 1.0, '_a7_': 1.0}};{'d0': 0.024885482501866885};-276.524567593312;57.84985348189291
18923;-80.4124303147632;((((((_a4_ + x) / _a6_) * _a1_) + -(pow3(((-(_a3_) * _a1_) + x)))) * _a1_) + _a1_);{'d0': {'_a1_': -3.3825181393990142, '_a3_': 0.061546964081922735, '_a4_': 2.510367464290777, '_a6_': 8.571295665943207, '_a0_': 1.0, '_a2_': 1.0, '_a5_': 1.0, '_a7_': 1.0}};{'d0': 0.024885482501866885};-276.524567593312;57.84985348189291
18924;-80.4124303147632;((((((_a4_ + x) / _a6_) * _a1_) + -(pow3(((-(_a3_) * _a1_) + x)))) * _a1_) + _a1_);{'d0': {'_a1_': -3.3825181393990142, '_a3_': 0.061546964081922735, '_a4_': 2.510367464290777, '_a6_': 8.571295665943207, '_a0_': 1.0, '_a2_': 1.0, '_a5_': 1.0, '_a7_': 1.0}};{'d0': 0.024885482501866885};-276.524567593312;57.84985348189291
18925;-80.4124303147632;((((((_a4_ + x) / _a6_) * _a1_) + -(pow3(((-(_a3_) * _a1_) + x)))) * _a1_) + _a1_);{'d0': {'_a1_': -3.3825181393990142, '_a3_': 0.061546964081922735, '_a4_': 2.510367464290777, '_a6_': 8.571295665943207, '_a0_': 1.0, '_a2_': 1.0, '_a5_': 1.0, '_a7_': 1.0}};{'d0': 0.024885482501866885};-276.524567593312;57.84985348189291
18926;-86.3330313637933;(((((_a4_ + x) / _a6_) * _a1_) + -(pow3(((-(_a3_) * _a1_) + x)))) * _a1_);{'d0': {'_a1_': -3.3825181484107563, '_a3_': 0.06154696387845311, '_a4_': -0.023630969207711384, '_a6_': 8.571295731819987, '_a0_': 1.0, '_a2_': 1.0, '_a5_': 1.0, '_a7_': 1.0}};{'d0': 0.024885482501866837};-276.524567593312;51.92925243286291
18927;-86.3330313637933;(((((_a4_ + x) / _a6_) * _a1_) + -(pow3(((-(_a3_) * _a1_) + x)))) * _a1_);{'d0': {'_a1_': -3.3825181484107563, '_a3_': 0.06154696387845311, '_a4_': -0.023630969207711384, '_a6_': 8.571295731819987, '_a0_': 1.0, '_a2_': 1.0, '_a5_': 1.0, '_a7_': 1.0}};{'d0': 0.024885482501866837};-276.524567593312;51.92925243286291
18928;-86.3330313637933;(((((_a4_ + x) / _a6_) * _a1_) + -(pow3(((-(_a3_) * _a1_) + x)))) * _a1_);{'d0': {'_a1_': -3.3825181484107563, '_a3_': 0.06154696387845311, '_a4_': -0.023630969207711384, '_a6_': 8.571295731819987, '_a0_': 1.0, '_a2_': 1.0, '_a5_': 1.0, '_a7_': 1.0}};{'d0': 0.024885482501866837};-276.524567593312;51.92925243286291
18929;-86.3330313637933;(((((_a4_ + x) / _a6_) * _a1_) + -(pow3(((-(_a3_) * _a1_) + x)))) * _a1_);{'d0': {'_a1_': -3.3825181484107563, '_a3_': 0.06154696387845311, '_a4_': -0.023630969207711384, '_a6_': 8.571295731819987, '_a0_': 1.0, '_a2_': 1.0, '_a5_': 1.0, '_a7_': 1.0}};{'d0': 0.024885482501866837};-276.524567593312;51.92925243286291
18930;-86.3330313637933;(((((_a4_ + x) / _a6_) * _a1_) + -(pow3(((-(_a3_) * _a1_) + x)))) * _a1_);{'d0': {'_a1_': -3.3825181484107563, '_a3_': 0.06154696387845311, '_a4_': -0.023630969207711384, '_a6_': 8.571295731819987, '_a0_': 1.0, '_a2_': 1.0, '_a5_': 1.0, '_a7_': 1.0}};{'d0': 0.024885482501866837};-276.524567593312;51.92925243286291
18931;-86.3330313637933;(((((_a4_ + x) / _a6_) * _a1_) + -(pow3(((-(_a3_) * _a1_) + x)))) * _a1_);{'d0': {'_a1_': -3.3825181484107563, '_a3_': 0.06154696387845311, '_a4_': -0.023630969207711384, '_a6_': 8.571295731819987, '_a0_': 1.0, '_a2_': 1.0, '_a5_': 1.0, '_a7_': 1.0}};{'d0': 0.024885482501866837};-276.524567593312;51.92925243286291
18932;-99.6374739161514;(((pow2((_a4_ * (_a1_ * (_a2_ + x)))) + _a4_) * pow2(_a3_)) * x);{'d0': {'_a1_': -1.0999131628510197, '_a2_': 0.3119297077038555, '_a3_': 0.8658636895332471, '_a4_': 1.9294886058056704, '_a0_': 1.0, '_a5_': 1.0, '_a6_': 1.0, '_a7_': 1.0}};{'d0': 0.02490583291948585};-276.475521886655;38.60028702717588
18933;-99.6374739161514;(((pow2((_a4_ * (_a1_ * (_a2_ + x)))) + _a4_) * pow2(_a3_)) * x);{'d0': {'_a1_': -1.0999131628510197, '_a2_': 0.3119297077038555, '_a3_': 0.8658636895332471, '_a4_': 1.9294886058056704, '_a0_': 1.0, '_a5_': 1.0, '_a6_': 1.0, '_a7_': 1.0}};{'d0': 0.02490583291948585};-276.475521886655;38.60028702717588
18934;-99.6374739161514;(((pow2((_a4_ * (_a1_ * (_a2_ + x)))) + _a4_) * pow2(_a3_)) * x);{'d0': {'_a1_': -1.0999131628510197, '_a2_': 0.3119297077038555, '_a3_': 0.8658636895332471, '_a4_': 1.9294886058056704, '_a0_': 1.0, '_a5_': 1.0, '_a6_': 1.0, '_a7_': 1.0}};{'d0': 0.02490583291948585};-276.475521886655;38.60028702717588
18935;-99.6374739161514;(((pow2((_a4_ * (_a1_ * (_a2_ + x)))) + _a4_) * pow2(_a3_)) * x);{'d0': {'_a1_': -1.0999131628510197, '_a2_': 0.3119297077038555, '_a3_': 0.8658636895332471, '_a4_': 1.9294886058056704, '_a0_': 1.0, '_a5_': 1.0, '_a6_': 1.0, '_a7_': 1.0}};{'d0': 0.02490583291948585};-276.475521886655;38.60028702717588
18936;-99.6374739161514;(((pow2((_a4_ * (_a1_ * (_a2_ + x)))) + _a4_) * pow2(_a3_)) * x);{'d0': {'_a1_': -1.0999131628510197, '_a2_': 0.3119297077038555, '_a3_': 0.8658636895332471, '_a4_': 1.9294886058056704, '_a0_': 1.0, '_a5_': 1.0, '_a6_': 1.0, '_a7_': 1.0}};{'d0': 0.02490583291948585};-276.475521886655;38.60028702717588
18937;-99.6374739161514;(((pow2((_a4_ * (_a1_ * (_a2_ + x)))) + _a4_) * pow2(_a3_)) * x);{'d0': {'_a1_': -1.0999131628510197, '_a2_': 0.3119297077038555, '_a3_': 0.8658636895332471, '_a4_': 1.9294886058056704, '_a0_': 1.0, '_a5_': 1.0, '_a6_': 1.0, '_a7_': 1.0}};{'d0': 0.02490583291948585};-276.475521886655;38.60028702717588
18938;-99.6374739161514;(((pow2((_a4_ * (_a1_ * (_a2_ + x)))) + _a4_) * pow2(_a3_)) * x);{'d0': {'_a1_': -1.0999131628510197, '_a2_': 0.3119297077038555, '_a3_': 0.8658636895332471, '_a4_': 1.9294886058056704, '_a0_': 1.0, '_a5_': 1.0, '_a6_': 1.0, '_a7_': 1.0}};{'d0': 0.02490583291948585};-276.475521886655;38.60028702717588
18939;-99.6374739161514;(((pow2((_a4_ * (_a1_ * (_a2_ + x)))) + _a4_) * pow2(_a3_)) * x);{'d0': {'_a1_': -1.0999131628510197, '_a2_': 0.3119297077038555, '_a3_': 0.8658636895332471, '_a4_': 1.9294886058056704, '_a0_': 1.0, '_a5_': 1.0, '_a6_': 1.0, '_a7_': 1.0}};{'d0': 0.02490583291948585};-276.475521886655;38.60028702717588
18940;-99.6374739161514;(((pow2((_a4_ * (_a1_ * (_a2_ + x)))) + _a4_) * pow2(_a3_)) * x);{'d0': {'_a1_': -1.0999131628510197, '_a2_': 0.3119297077038555, '_a3_': 0.8658636895332471, '_a4_': 1.9294886058056704, '_a0_': 1.0, '_a5_': 1.0, '_a6_': 1.0, '_a7_': 1.0}};{'d0': 0.02490583291948585};-276.475521886655;38.60028702717588
18941;-99.6374739161514;(((pow2((_a4_ * (_a1_ * (_a2_ + x)))) + _a4_) * pow2(_a3_)) * x);{'d0': {'_a1_': -1.0999131628510197, '_a2_': 0.3119297077038555, '_a3_': 0.8658636895332471, '_a4_': 1.9294886058056704, '_a0_': 1.0, '_a5_': 1.0, '_a6_': 1.0, '_a7_': 1.0}};{'d0': 0.02490583291948585};-276.475521886655;38.60028702717588
18942;-99.6374739161514;(((pow2((_a4_ * (_a1_ * (_a2_ + x)))) + _a4_) * pow2(_a3_)) * x);{'d0': {'_a1_': -1.0999131628510197, '_a2_': 0.3119297077038555, '_a3_': 0.8658636895332471, '_a4_': 1.9294886058056704, '_a0_': 1.0, '_a5_': 1.0, '_a6_': 1.0, '_a7_': 1.0}};{'d0': 0.02490583291948585};-276.475521886655;38.60028702717588
18943;-99.6374739161514;(((pow2((_a4_ * (_a1_ * (_a2_ + x)))) + _a4_) * pow2(_a3_)) * x);{'d0': {'_a1_': -1.0999131628510197, '_a2_': 0.3119297077038555, '_a3_': 0.8658636895332471, '_a4_': 1.9294886058056704, '_a0_': 1.0, '_a5_': 1.0, '_a6_': 1.0, '_a7_': 1.0}};{'d0': 0.02490583291948585};-276.475521886655;38.60028702717588
18944;-99.6374739161514;(((pow2((_a4_ * (_a1_ * (_a2_ + x)))) + _a4_) * pow2(_a3_)) * x);{'d0': {'_a1_': -1.0999131628510197, '_a2_': 0.3119297077038555, '_a3_': 0.8658636895332471, '_a4_': 1.9294886058056704, '_a0_': 1.0, '_a5_': 1.0, '_a6_': 1.0, '_a7_': 1.0}};{'d0': 0.02490583291948585};-276.475521886655;38.60028702717588
18945;-99.6374739161514;(((pow2((_a4_ * (_a1_ * (_a2_ + x)))) + _a4_) * pow2(_a3_)) * x);{'d0': {'_a1_': -1.0999131628510197, '_a2_': 0.3119297077038555, '_a3_': 0.8658636895332471, '_a4_': 1.9294886058056704, '_a0_': 1.0, '_a5_': 1.0, '_a6_': 1.0, '_a7_': 1.0}};{'d0': 0.02490583291948585};-276.475521886655;38.60028702717588
18946;-99.6374739161514;(((pow2((_a4_ * (_a1_ * (_a2_ + x)))) + _a4_) * pow2(_a3_)) * x);{'d0': {'_a1_': -1.0999131628510197, '_a2_': 0.3119297077038555, '_a3_': 0.8658636895332471, '_a4_': 1.9294886058056704, '_a0_': 1.0, '_a5_': 1.0, '_a6_': 1.0, '_a7_': 1.0}};{'d0': 0.02490583291948585};-276.475521886655;38.60028702717588
18947;-99.6374739161514;(((pow2((_a4_ * (_a1_ * (_a2_ + x)))) + _a4_) * pow2(_a3_)) * x);{'d0': {'_a1_': -1.0999131628510197, '_a2_': 0.3119297077038555, '_a3_': 0.8658636895332471, '_a4_': 1.9294886058056704, '_a0_': 1.0, '_a5_': 1.0, '_a6_': 1.0, '_a7_': 1.0}};{'d0': 0.02490583291948585};-276.475521886655;38.60028702717588
18948;-99.6374739161514;(((pow2((_a4_ * (_a1_ * (_a2_ + x)))) + _a4_) * pow2(_a3_)) * x);{'d0': {'_a1_': -1.0999131628510197, '_a2_': 0.3119297077038555, '_a3_': 0.8658636895332471, '_a4_': 1.9294886058056704, '_a0_': 1.0, '_a5_': 1.0, '_a6_': 1.0, '_a7_': 1.0}};{'d0': 0.02490583291948585};-276.475521886655;38.60028702717588
18949;-99.6374739161514;(((pow2((_a4_ * (_a1_ * (_a2_ + x)))) + _a4_) * pow2(_a3_)) * x);{'d0': {'_a1_': -1.0999131628510197, '_a2_': 0.3119297077038555, '_a3_': 0.8658636895332471, '_a4_': 1.9294886058056704, '_a0_': 1.0, '_a5_': 1.0, '_a6_': 1.0, '_a7_': 1.0}};{'d0': 0.02490583291948585};-276.475521886655;38.60028702717588
18950;-99.6374739161514;(((pow2((_a4_ * (_a1_ * (_a2_ + x)))) + _a4_) * pow2(_a3_)) * x);{'d0': {'_a1_': -1.0999131628510197, '_a2_': 0.3119297077038555, '_a3_': 0.8658636895332471, '_a4_': 1.9294886058056704, '_a0_': 1.0, '_a5_': 1.0, '_a6_': 1.0, '_a7_': 1.0}};{'d0': 0.02490583291948585};-276.475521886655;38.60028702717588
18951;-99.6374739161514;(((pow2((_a4_ * (_a1_ * (_a2_ + x)))) + _a4_) * pow2(_a3_)) * x);{'d0': {'_a1_': -1.0999131628510197, '_a2_': 0.3119297077038555, '_a3_': 0.8658636895332471, '_a4_': 1.9294886058056704, '_a0_': 1.0, '_a5_': 1.0, '_a6_': 1.0, '_a7_': 1.0}};{'d0': 0.02490583291948585};-276.475521886655;38.60028702717588
18952;-99.6374739161514;(((pow2((_a4_ * (_a1_ * (_a2_ + x)))) + _a4_) * pow2(_a3_)) * x);{'d0': {'_a1_': -1.0999131628510197, '_a2_': 0.3119297077038555, '_a3_': 0.8658636895332471, '_a4_': 1.9294886058056704, '_a0_': 1.0, '_a5_': 1.0, '_a6_': 1.0, '_a7_': 1.0}};{'d0': 0.02490583291948585};-276.475521886655;38.60028702717588
18953;-99.6374739161514;(((pow2((_a4_ * (_a1_ * (_a2_ + x)))) + _a4_) * pow2(_a3_)) * x);{'d0': {'_a1_': -1.0999131628510197, '_a2_': 0.3119297077038555, '_a3_': 0.8658636895332471, '_a4_': 1.9294886058056704, '_a0_': 1.0, '_a5_': 1.0, '_a6_': 1.0, '_a7_': 1.0}};{'d0': 0.02490583291948585};-276.475521886655;38.60028702717588
18954;-99.6374739161514;(((pow2((_a4_ * (_a1_ * (_a2_ + x)))) + _a4_) * pow2(_a3_)) * x);{'d0': {'_a1_': -1.0999131628510197, '_a2_': 0.3119297077038555, '_a3_': 0.8658636895332471, '_a4_': 1.9294886058056704, '_a0_': 1.0, '_a5_': 1.0, '_a6_': 1.0, '_a7_': 1.0}};{'d0': 0.02490583291948585};-276.475521886655;38.60028702717588
18955;-99.6374739161514;(((pow2((_a4_ * (_a1_ * (_a2_ + x)))) + _a4_) * pow2(_a3_)) * x);{'d0': {'_a1_': -1.0999131628510197, '_a2_': 0.3119297077038555, '_a3_': 0.8658636895332471, '_a4_': 1.9294886058056704, '_a0_': 1.0, '_a5_': 1.0, '_a6_': 1.0, '_a7_': 1.0}};{'d0': 0.02490583291948585};-276.475521886655;38.60028702717588
18956;-99.6374739161514;(((pow2((_a4_ * (_a1_ * (_a2_ + x)))) + _a4_) * pow2(_a3_)) * x);{'d0': {'_a1_': -1.0999131628510197, '_a2_': 0.3119297077038555, '_a3_': 0.8658636895332471, '_a4_': 1.9294886058056704, '_a0_': 1.0, '_a5_': 1.0, '_a6_': 1.0, '_a7_': 1.0}};{'d0': 0.02490583291948585};-276.475521886655;38.60028702717588
18957;-99.6374739161514;(((pow2((_a4_ * (_a1_ * (_a2_ + x)))) + _a4_) * pow2(_a3_)) * x);{'d0': {'_a1_': -1.0999131628510197, '_a2_': 0.3119297077038555, '_a3_': 0.8658636895332471, '_a4_': 1.9294886058056704, '_a0_': 1.0, '_a5_': 1.0, '_a6_': 1.0, '_a7_': 1.0}};{'d0': 0.02490583291948585};-276.475521886655;38.60028702717588
18958;-99.6374739161514;(((pow2((_a4_ * (_a1_ * (_a2_ + x)))) + _a4_) * pow2(_a3_)) * x);{'d0': {'_a1_': -1.0999131628510197, '_a2_': 0.3119297077038555, '_a3_': 0.8658636895332471, '_a4_': 1.9294886058056704, '_a0_': 1.0, '_a5_': 1.0, '_a6_': 1.0, '_a7_': 1.0}};{'d0': 0.02490583291948585};-276.475521886655;38.60028702717588
18959;-95.9395394431472;(((pow2((_a4_ * (pow2(_a7_) * (_a2_ + x)))) + _a4_) * pow2(_a3_)) * x);{'d0': {'_a2_': 0.31192970779412543, '_a3_': 0.9522575261726032, '_a4_': 1.595263516766411, '_a7_': 1.0998454019784276, '_a0_': 1.0, '_a1_': 1.0, '_a5_': 1.0, '_a6_': 1.0}};{'d0': 0.02490583291981317};-276.475521885866;42.29822149978588
18960;-95.9395394431472;(((pow2((_a4_ * (pow2(_a7_) * (_a2_ + x)))) + _a4_) * pow2(_a3_)) * x);{'d0': {'_a2_': 0.31192970779412543, '_a3_': 0.9522575261726032, '_a4_': 1.595263516766411, '_a7_': 1.0998454019784276, '_a0_': 1.0, '_a1_': 1.0, '_a5_': 1.0, '_a6_': 1.0}};{'d0': 0.02490583291981317};-276.475521885866;42.29822149978588
18961;-95.9395394431472;(((pow2((_a4_ * (pow2(_a7_) * (_a2_ + x)))) + _a4_) * pow2(_a3_)) * x);{'d0': {'_a2_': 0.31192970779412543, '_a3_': 0.9522575261726032, '_a4_': 1.595263516766411, '_a7_': 1.0998454019784276, '_a0_': 1.0, '_a1_': 1.0, '_a5_': 1.0, '_a6_': 1.0}};{'d0': 0.02490583291981317};-276.475521885866;42.29822149978588
18962;-95.9395394431472;(((pow2((_a4_ * (pow2(_a7_) * (_a2_ + x)))) + _a4_) * pow2(_a3_)) * x);{'d0': {'_a2_': 0.31192970779412543, '_a3_': 0.9522575261726032, '_a4_': 1.595263516766411, '_a7_': 1.0998454019784276, '_a0_': 1.0, '_a1_': 1.0, '_a5_': 1.0, '_a6_': 1.0}};{'d0': 0.02490583291981317};-276.475521885866;42.29822149978588
18963;-95.9395394431472;(((pow2((_a4_ * (pow2(_a7_) * (_a2_ + x)))) + _a4_) * pow2(_a3_)) * x);{'d0': {'_a2_': 0.31192970779412543, '_a3_': 0.9522575261726032, '_a4_': 1.595263516766411, '_a7_': 1.0998454019784276, '_a0_': 1.0, '_a1_': 1.0, '_a5_': 1.0, '_a6_': 1.0}};{'d0': 0.02490583291981317};-276.475521885866;42.29822149978588
18964;-95.9395394431472;(((pow2((_a4_ * (pow2(_a7_) * (_a2_ + x)))) + _a4_) * pow2(_a3_)) * x);{'d0': {'_a2_': 0.31192970779412543, '_a3_': 0.9522575261726032, '_a4_': 1.595263516766411, '_a7_': 1.0998454019784276, '_a0_': 1.0, '_a1_': 1.0, '_a5_': 1.0, '_a6_': 1.0}};{'d0': 0.02490583291981317};-276.475521885866;42.29822149978588
18965;-95.9395394431472;(((pow2((_a4_ * (pow2(_a7_) * (_a2_ + x)))) + _a4_) * pow2(_a3_)) * x);{'d0': {'_a2_': 0.31192970779412543, '_a3_': 0.9522575261726032, '_a4_': 1.595263516766411, '_a7_': 1.0998454019784276, '_a0_': 1.0, '_a1_': 1.0, '_a5_': 1.0, '_a6_': 1.0}};{'d0': 0.02490583291981317};-276.475521885866;42.29822149978588
18966;-95.9395394431472;(((pow2((_a4_ * (pow2(_a7_) * (_a2_ + x)))) + _a4_) * pow2(_a3_)) * x);{'d0': {'_a2_': 0.31192970779412543, '_a3_': 0.9522575261726032, '_a4_': 1.595263516766411, '_a7_': 1.0998454019784276, '_a0_': 1.0, '_a1_': 1.0, '_a5_': 1.0, '_a6_': 1.0}};{'d0': 0.02490583291981317};-276.475521885866;42.29822149978588
18967;-95.9395394431472;(((pow2((_a4_ * (pow2(_a7_) * (_a2_ + x)))) + _a4_) * pow2(_a3_)) * x);{'d0': {'_a2_': 0.31192970779412543, '_a3_': 0.9522575261726032, '_a4_': 1.595263516766411, '_a7_': 1.0998454019784276, '_a0_': 1.0, '_a1_': 1.0, '_a5_': 1.0, '_a6_': 1.0}};{'d0': 0.02490583291981317};-276.475521885866;42.29822149978588
18968;-95.9395394431472;(((pow2((_a4_ * (pow2(_a7_) * (_a2_ + x)))) + _a4_) * pow2(_a3_)) * x);{'d0': {'_a2_': 0.31192970779412543, '_a3_': 0.9522575261726032, '_a4_': 1.595263516766411, '_a7_': 1.0998454019784276, '_a0_': 1.0, '_a1_': 1.0, '_a5_': 1.0, '_a6_': 1.0}};{'d0': 0.02490583291981317};-276.475521885866;42.29822149978588
18969;-95.9395394431472;(((pow2((_a4_ * (pow2(_a7_) * (_a2_ + x)))) + _a4_) * pow2(_a3_)) * x);{'d0': {'_a2_': 0.31192970779412543, '_a3_': 0.9522575261726032, '_a4_': 1.595263516766411, '_a7_': 1.0998454019784276, '_a0_': 1.0, '_a1_': 1.0, '_a5_': 1.0, '_a6_': 1.0}};{'d0': 0.02490583291981317};-276.475521885866;42.29822149978588
18970;-95.9395394431472;(((pow2((_a4_ * (pow2(_a7_) * (_a2_ + x)))) + _a4_) * pow2(_a3_)) * x);{'d0': {'_a2_': 0.31192970779412543, '_a3_': 0.9522575261726032, '_a4_': 1.595263516766411, '_a7_': 1.0998454019784276, '_a0_': 1.0, '_a1_': 1.0, '_a5_': 1.0, '_a6_': 1.0}};{'d0': 0.02490583291981317};-276.475521885866;42.29822149978588
18971;-95.9395394431472;(((pow2((_a4_ * (pow2(_a7_) * (_a2_ + x)))) + _a4_) * pow2(_a3_)) * x);{'d0': {'_a2_': 0.31192970779412543, '_a3_': 0.9522575261726032, '_a4_': 1.595263516766411, '_a7_': 1.0998454019784276, '_a0_': 1.0, '_a1_': 1.0, '_a5_': 1.0, '_a6_': 1.0}};{'d0': 0.02490583291981317};-276.475521885866;42.29822149978588
18972;-95.9395394431472;(((pow2((_a4_ * (pow2(_a7_) * (_a2_ + x)))) + _a4_) * pow2(_a3_)) * x);{'d0': {'_a2_': 0.31192970779412543, '_a3_': 0.9522575261726032, '_a4_': 1.595263516766411, '_a7_': 1.0998454019784276, '_a0_': 1.0, '_a1_': 1.0, '_a5_': 1.0, '_a6_': 1.0}};{'d0': 0.02490583291981317};-276.475521885866;42.29822149978588
18973;-95.9395394431472;(((pow2((_a4_ * (pow2(_a7_) * (_a2_ + x)))) + _a4_) * pow2(_a3_)) * x);{'d0': {'_a2_': 0.31192970779412543, '_a3_': 0.9522575261726032, '_a4_': 1.595263516766411, '_a7_': 1.0998454019784276, '_a0_': 1.0, '_a1_': 1.0, '_a5_': 1.0, '_a6_': 1.0}};{'d0': 0.02490583291981317};-276.475521885866;42.29822149978588
18974;-95.9395394431472;(((pow2((_a4_ * (pow2(_a7_) * (_a2_ + x)))) + _a4_) * pow2(_a3_)) * x);{'d0': {'_a2_': 0.31192970779412543, '_a3_': 0.9522575261726032, '_a4_': 1.595263516766411, '_a7_': 1.0998454019784276, '_a0_': 1.0, '_a1_': 1.0, '_a5_': 1.0, '_a6_': 1.0}};{'d0': 0.02490583291981317};-276.475521885866;42.29822149978588
18975;-95.9395394431472;(((pow2((_a4_ * (pow2(_a7_) * (_a2_ + x)))) + _a4_) * pow2(_a3_)) * x);{'d0': {'_a2_': 0.31192970779412543, '_a3_': 0.9522575261726032, '_a4_': 1.595263516766411, '_a7_': 1.0998454019784276, '_a0_': 1.0, '_a1_': 1.0, '_a5_': 1.0, '_a6_': 1.0}};{'d0': 0.02490583291981317};-276.475521885866;42.29822149978588
18976;-95.9395394431472;(((pow2((_a4_ * (pow2(_a7_) * (_a2_ + x)))) + _a4_) * pow2(_a3_)) * x);{'d0': {'_a2_': 0.31192970779412543, '_a3_': 0.9522575261726032, '_a4_': 1.595263516766411, '_a7_': 1.0998454019784276, '_a0_': 1.0, '_a1_': 1.0, '_a5_': 1.0, '_a6_': 1.0}};{'d0': 0.02490583291981317};-276.475521885866;42.29822149978588
18977;-95.9395394431472;(((pow2((_a4_ * (pow2(_a7_) * (_a2_ + x)))) + _a4_) * pow2(_a3_)) * x);{'d0': {'_a2_': 0.31192970779412543, '_a3_': 0.9522575261726032, '_a4_': 1.595263516766411, '_a7_': 1.0998454019784276, '_a0_': 1.0, '_a1_': 1.0, '_a5_': 1.0, '_a6_': 1.0}};{'d0': 0.02490583291981317};-276.475521885866;42.29822149978588
18978;-95.9395394431472;(((pow2((_a4_ * (pow2(_a7_) * (_a2_ + x)))) + _a4_) * pow2(_a3_)) * x);{'d0': {'_a2_': 0.31192970779412543, '_a3_': 0.9522575261726032, '_a4_': 1.595263516766411, '_a7_': 1.0998454019784276, '_a0_': 1.0, '_a1_': 1.0, '_a5_': 1.0, '_a6_': 1.0}};{'d0': 0.02490583291981317};-276.475521885866;42.29822149978588
18979;-95.9395394431472;(((pow2((_a4_ * (pow2(_a7_) * (_a2_ + x)))) + _a4_) * pow2(_a3_)) * x);{'d0': {'_a2_': 0.31192970779412543, '_a3_': 0.9522575261726032, '_a4_': 1.595263516766411, '_a7_': 1.0998454019784276, '_a0_': 1.0, '_a1_': 1.0, '_a5_': 1.0, '_a6_': 1.0}};{'d0': 0.02490583291981317};-276.475521885866;42.29822149978588
18980;-95.9395394431472;(((pow2((_a4_ * (pow2(_a7_) * (_a2_ + x)))) + _a4_) * pow2(_a3_)) * x);{'d0': {'_a2_': 0.31192970779412543, '_a3_': 0.9522575261726032, '_a4_': 1.595263516766411, '_a7_': 1.0998454019784276, '_a0_': 1.0, '_a1_': 1.0, '_a5_': 1.0, '_a6_': 1.0}};{'d0': 0.02490583291981317};-276.475521885866;42.29822149978588
18981;-95.9395394431472;(((pow2((_a4_ * (pow2(_a7_) * (_a2_ + x)))) + _a4_) * pow2(_a3_)) * x);{'d0': {'_a2_': 0.31192970779412543, '_a3_': 0.9522575261726032, '_a4_': 1.595263516766411, '_a7_': 1.0998454019784276, '_a0_': 1.0, '_a1_': 1.0, '_a5_': 1.0, '_a6_': 1.0}};{'d0': 0.02490583291981317};-276.475521885866;42.29822149978588
18982;-95.9395394431472;(((pow2((_a4_ * (pow2(_a7_) * (_a2_ + x)))) + _a4_) * pow2(_a3_)) * x);{'d0': {'_a2_': 0.31192970779412543, '_a3_': 0.9522575261726032, '_a4_': 1.595263516766411, '_a7_': 1.0998454019784276, '_a0_': 1.0, '_a1_': 1.0, '_a5_': 1.0, '_a6_': 1.0}};{'d0': 0.02490583291981317};-276.475521885866;42.29822149978588
18983;-95.9395394431472;(((pow2((_a4_ * (pow2(_a7_) * (_a2_ + x)))) + _a4_) * pow2(_a3_)) * x);{'d0': {'_a2_': 0.31192970779412543, '_a3_': 0.9522575261726032, '_a4_': 1.595263516766411, '_a7_': 1.0998454019784276, '_a0_': 1.0, '_a1_': 1.0, '_a5_': 1.0, '_a6_': 1.0}};{'d0': 0.02490583291981317};-276.475521885866;42.29822149978588
18984;-95.9395394431472;(((pow2((_a4_ * (pow2(_a7_) * (_a2_ + x)))) + _a4_) * pow2(_a3_)) * x);{'d0': {'_a2_': 0.31192970779412543, '_a3_': 0.9522575261726032, '_a4_': 1.595263516766411, '_a7_': 1.0998454019784276, '_a0_': 1.0, '_a1_': 1.0, '_a5_': 1.0, '_a6_': 1.0}};{'d0': 0.02490583291981317};-276.475521885866;42.29822149978588
18985;-95.9395394431472;(((pow2((_a4_ * (pow2(_a7_) * (_a2_ + x)))) + _a4_) * pow2(_a3_)) * x);{'d0': {'_a2_': 0.31192970779412543, '_a3_': 0.9522575261726032, '_a4_': 1.595263516766411, '_a7_': 1.0998454019784276, '_a0_': 1.0, '_a1_': 1.0, '_a5_': 1.0, '_a6_': 1.0}};{'d0': 0.02490583291981317};-276.475521885866;42.29822149978588
18986;-95.9395394342981;(((pow2((_a4_ * (pow2(_a7_) * (_a2_ + x)))) + _a3_) * pow2(_a3_)) * x);{'d0': {'_a2_': 0.31192970770428574, '_a3_': 1.130959606994837, '_a4_': 2.689220455932778, '_a7_': 0.7772992570981213, '_a0_': 1.0, '_a1_': 1.0, '_a5_': 1.0, '_a6_': 1.0}};{'d0': 0.02490583292715964};-276.475521868168;42.29822149978588
18987;-95.9395394342981;(((pow2((_a4_ * (pow2(_a7_) * (_a2_ + x)))) + _a3_) * pow2(_a3_)) * x);{'d0': {'_a2_': 0.31192970770428574, '_a3_': 1.130959606994837, '_a4_': 2.689220455932778, '_a7_': 0.7772992570981213, '_a0_': 1.0, '_a1_': 1.0, '_a5_': 1.0, '_a6_': 1.0}};{'d0': 0.02490583292715964};-276.475521868168;42.29822149978588
18988;-95.9395394431472;(((pow2((_a4_ * (pow2(_a7_) * (_a2_ + x)))) + _a4_) * pow2(_a3_)) * x);{'d0': {'_a2_': 0.31192970779412543, '_a3_': 0.9522575261726032, '_a4_': 1.595263516766411, '_a7_': 1.0998454019784276, '_a0_': 1.0, '_a1_': 1.0, '_a5_': 1.0, '_a6_': 1.0}};{'d0': 0.02490583291981317};-276.475521885866;42.29822149978588
18989;-95.9395394431472;(((pow2((_a4_ * (pow2(_a7_) * (_a2_ + x)))) + _a4_) * pow2(_a3_)) * x);{'d0': {'_a2_': 0.31192970779412543, '_a3_': 0.9522575261726032, '_a4_': 1.595263516766411, '_a7_': 1.0998454019784276, '_a0_': 1.0, '_a1_': 1.0, '_a5_': 1.0, '_a6_': 1.0}};{'d0': 0.02490583291981317};-276.475521885866;42.29822149978588
18990;-95.9395394431472;(((pow2((_a4_ * (pow2(_a7_) * (_a2_ + x)))) + _a4_) * pow2(_a3_)) * x);{'d0': {'_a2_': 0.31192970779412543, '_a3_': 0.9522575261726032, '_a4_': 1.595263516766411, '_a7_': 1.0998454019784276, '_a0_': 1.0, '_a1_': 1.0, '_a5_': 1.0, '_a6_': 1.0}};{'d0': 0.02490583291981317};-276.475521885866;42.29822149978588
18991;-95.9395394431472;(((pow2((_a4_ * (pow2(_a7_) * (_a2_ + x)))) + _a4_) * pow2(_a3_)) * x);{'d0': {'_a2_': 0.31192970779412543, '_a3_': 0.9522575261726032, '_a4_': 1.595263516766411, '_a7_': 1.0998454019784276, '_a0_': 1.0, '_a1_': 1.0, '_a5_': 1.0, '_a6_': 1.0}};{'d0': 0.02490583291981317};-276.475521885866;42.29822149978588
18992;-95.9395394431472;(((pow2((_a4_ * (pow2(_a7_) * (_a2_ + x)))) + _a4_) * pow2(_a3_)) * x);{'d0': {'_a2_': 0.31192970779412543, '_a3_': 0.9522575261726032, '_a4_': 1.595263516766411, '_a7_': 1.0998454019784276, '_a0_': 1.0, '_a1_': 1.0, '_a5_': 1.0, '_a6_': 1.0}};{'d0': 0.02490583291981317};-276.475521885866;42.29822149978588
18993;-95.9395394431472;(((pow2((_a4_ * (pow2(_a7_) * (_a2_ + x)))) + _a4_) * pow2(_a3_)) * x);{'d0': {'_a2_': 0.31192970779412543, '_a3_': 0.9522575261726032, '_a4_': 1.595263516766411, '_a7_': 1.0998454019784276, '_a0_': 1.0, '_a1_': 1.0, '_a5_': 1.0, '_a6_': 1.0}};{'d0': 0.02490583291981317};-276.475521885866;42.29822149978588
18994;-95.9395394431472;(((pow2((_a4_ * (pow2(_a7_) * (_a2_ + x)))) + _a4_) * pow2(_a3_)) * x);{'d0': {'_a2_': 0.31192970779412543, '_a3_': 0.9522575261726032, '_a4_': 1.595263516766411, '_a7_': 1.0998454019784276, '_a0_': 1.0, '_a1_': 1.0, '_a5_': 1.0, '_a6_': 1.0}};{'d0': 0.02490583291981317};-276.475521885866;42.29822149978588
18995;-95.9395394431472;(((pow2((_a4_ * (pow2(_a7_) * (_a2_ + x)))) + _a4_) * pow2(_a3_)) * x);{'d0': {'_a2_': 0.31192970779412543, '_a3_': 0.9522575261726032, '_a4_': 1.595263516766411, '_a7_': 1.0998454019784276, '_a0_': 1.0, '_a1_': 1.0, '_a5_': 1.0, '_a6_': 1.0}};{'d0': 0.02490583291981317};-276.475521885866;42.29822149978588
18996;-95.9395394431472;(((pow2((_a4_ * (pow2(_a7_) * (_a2_ + x)))) + _a4_) * pow2(_a3_)) * x);{'d0': {'_a2_': 0.31192970779412543, '_a3_': 0.9522575261726032, '_a4_': 1.595263516766411, '_a7_': 1.0998454019784276, '_a0_': 1.0, '_a1_': 1.0, '_a5_': 1.0, '_a6_': 1.0}};{'d0': 0.02490583291981317};-276.475521885866;42.29822149978588
18997;-95.9395394431472;(((pow2((_a4_ * (pow2(_a7_) * (_a2_ + x)))) + _a4_) * pow2(_a3_)) * x);{'d0': {'_a2_': 0.31192970779412543, '_a3_': 0.9522575261726032, '_a4_': 1.595263516766411, '_a7_': 1.0998454019784276, '_a0_': 1.0, '_a1_': 1.0, '_a5_': 1.0, '_a6_': 1.0}};{'d0': 0.02490583291981317};-276.475521885866;42.29822149978588
18998;-95.9395394431472;(((pow2((_a4_ * (pow2(_a7_) * (_a2_ + x)))) + _a4_) * pow2(_a3_)) * x);{'d0': {'_a2_': 0.31192970779412543, '_a3_': 0.9522575261726032, '_a4_': 1.595263516766411, '_a7_': 1.0998454019784276, '_a0_': 1.0, '_a1_': 1.0, '_a5_': 1.0, '_a6_': 1.0}};{'d0': 0.02490583291981317};-276.475521885866;42.29822149978588
18999;-95.9395394431472;(((pow2((_a4_ * (pow2(_a7_) * (_a2_ + x)))) + _a4_) * pow2(_a3_)) * x);{'d0': {'_a2_': 0.31192970779412543, '_a3_': 0.9522575261726032, '_a4_': 1.595263516766411, '_a7_': 1.0998454019784276, '_a0_': 1.0, '_a1_': 1.0, '_a5_': 1.0, '_a6_': 1.0}};{'d0': 0.02490583291981317};-276.475521885866;42.29822149978588
19000;-95.9395394431472;(((pow2((_a4_ * (pow2(_a7_) * (_a2_ + x)))) + _a4_) * pow2(_a3_)) * x);{'d0': {'_a2_': 0.31192970779412543, '_a3_': 0.9522575261726032, '_a4_': 1.595263516766411, '_a7_': 1.0998454019784276, '_a0_': 1.0, '_a1_': 1.0, '_a5_': 1.0, '_a6_': 1.0}};{'d0': 0.02490583291981317};-276.475521885866;42.29822149978588
19001;-95.9395394431472;(((pow2((_a4_ * (pow2(_a7_) * (_a2_ + x)))) + _a4_) * pow2(_a3_)) * x);{'d0': {'_a2_': 0.31192970779412543, '_a3_': 0.9522575261726032, '_a4_': 1.595263516766411, '_a7_': 1.0998454019784276, '_a0_': 1.0, '_a1_': 1.0, '_a5_': 1.0, '_a6_': 1.0}};{'d0': 0.02490583291981317};-276.475521885866;42.29822149978588
19002;-95.9395394431472;(((pow2((_a4_ * (pow2(_a7_) * (_a2_ + x)))) + _a4_) * pow2(_a3_)) * x);{'d0': {'_a2_': 0.31192970779412543, '_a3_': 0.9522575261726032, '_a4_': 1.595263516766411, '_a7_': 1.0998454019784276, '_a0_': 1.0, '_a1_': 1.0, '_a5_': 1.0, '_a6_': 1.0}};{'d0': 0.02490583291981317};-276.475521885866;42.29822149978588
19003;-95.9395394431472;(((pow2((_a4_ * (pow2(_a7_) * (_a2_ + x)))) + _a4_) * pow2(_a3_)) * x);{'d0': {'_a2_': 0.31192970779412543, '_a3_': 0.9522575261726032, '_a4_': 1.595263516766411, '_a7_': 1.0998454019784276, '_a0_': 1.0, '_a1_': 1.0, '_a5_': 1.0, '_a6_': 1.0}};{'d0': 0.02490583291981317};-276.475521885866;42.29822149978588
19004;-95.9395394431472;(((pow2((_a4_ * (pow2(_a7_) * (_a2_ + x)))) + _a4_) * pow2(_a3_)) * x);{'d0': {'_a2_': 0.31192970779412543, '_a3_': 0.9522575261726032, '_a4_': 1.595263516766411, '_a7_': 1.0998454019784276, '_a0_': 1.0, '_a1_': 1.0, '_a5_': 1.0, '_a6_': 1.0}};{'d0': 0.02490583291981317};-276.475521885866;42.29822149978588
19005;-95.9395394431472;(((pow2((_a4_ * (pow2(_a7_) * (_a2_ + x)))) + _a4_) * pow2(_a3_)) * x);{'d0': {'_a2_': 0.31192970779412543, '_a3_': 0.9522575261726032, '_a4_': 1.595263516766411, '_a7_': 1.0998454019784276, '_a0_': 1.0, '_a1_': 1.0, '_a5_': 1.0, '_a6_': 1.0}};{'d0': 0.02490583291981317};-276.475521885866;42.29822149978588
19006;-95.9395394431472;(((pow2((_a4_ * (pow2(_a7_) * (_a2_ + x)))) + _a4_) * pow2(_a3_)) * x);{'d0': {'_a2_': 0.31192970779412543, '_a3_': 0.9522575261726032, '_a4_': 1.595263516766411, '_a7_': 1.0998454019784276, '_a0_': 1.0, '_a1_': 1.0, '_a5_': 1.0, '_a6_': 1.0}};{'d0': 0.02490583291981317};-276.475521885866;42.29822149978588
19007;-95.9395394431472;(((pow2((_a4_ * (pow2(_a7_) * (_a2_ + x)))) + _a4_) * pow2(_a3_)) * x);{'d0': {'_a2_': 0.31192970779412543, '_a3_': 0.9522575261726032, '_a4_': 1.595263516766411, '_a7_': 1.0998454019784276, '_a0_': 1.0, '_a1_': 1.0, '_a5_': 1.0, '_a6_': 1.0}};{'d0': 0.02490583291981317};-276.475521885866;42.29822149978588
19008;-98.6290150923298;((((_a2_ + (x * (_a0_ + (x + _a0_)))) * _a6_) / _a0_) * -(x));{'d0': {'_a0_': 0.31192970783341367, '_a2_': 0.5256917705752994, '_a6_': -1.0533120340172228, '_a1_': 1.0, '_a3_': 1.0, '_a4_': 1.0, '_a5_': 1.0, '_a7_': 1.0}};{'d0': 0.024905832919416653};-280.569866449044;41.65591813219186
19009;-98.6290150923298;((((_a2_ + (x * (_a0_ + (x + _a0_)))) * _a6_) / _a0_) * -(x));{'d0': {'_a0_': 0.31192970783341367, '_a2_': 0.5256917705752994, '_a6_': -1.0533120340172228, '_a1_': 1.0, '_a3_': 1.0, '_a4_': 1.0, '_a5_': 1.0, '_a7_': 1.0}};{'d0': 0.024905832919416653};-280.569866449044;41.65591813219186
19010;-104.058817930787;(x * (_a4_ + (((x + (_a5_ * _a4_)) * x) * (_a5_ * _a6_))));{'d0': {'_a4_': 1.7751354042813035, '_a5_': 0.3514432837623849, '_a6_': 9.608266923072712, '_a0_': 1.0, '_a1_': 1.0, '_a2_': 1.0, '_a3_': 1.0, '_a7_': 1.0}};{'d0': 0.024905832919416625};-280.569866449044;36.226115293734956
19011;-104.058817930787;(x * (_a4_ + (((x + (_a5_ * _a4_)) * x) * (_a5_ * _a6_))));{'d0': {'_a4_': 1.7751354042813035, '_a5_': 0.3514432837623849, '_a6_': 9.608266923072712, '_a0_': 1.0, '_a1_': 1.0, '_a2_': 1.0, '_a3_': 1.0, '_a7_': 1.0}};{'d0': 0.024905832919416625};-280.569866449044;36.226115293734956
19012;-104.058817930787;(x * (_a4_ + (((x + (_a5_ * _a4_)) * x) * (_a5_ * _a6_))));{'d0': {'_a4_': 1.7751354042813035, '_a5_': 0.3514432837623849, '_a6_': 9.608266923072712, '_a0_': 1.0, '_a1_': 1.0, '_a2_': 1.0, '_a3_': 1.0, '_a7_': 1.0}};{'d0': 0.024905832919416625};-280.569866449044;36.226115293734956
19013;-104.058817930787;(x * (_a4_ + (((x + (_a5_ * _a4_)) * x) * (_a5_ * _a6_))));{'d0': {'_a4_': 1.7751354042813035, '_a5_': 0.3514432837623849, '_a6_': 9.608266923072712, '_a0_': 1.0, '_a1_': 1.0, '_a2_': 1.0, '_a3_': 1.0, '_a7_': 1.0}};{'d0': 0.024905832919416625};-280.569866449044;36.226115293734956
19014;-104.058817930787;(x * (_a4_ + (((x + (_a5_ * _a4_)) * x) * (_a5_ * _a6_))));{'d0': {'_a4_': 1.7751354042813035, '_a5_': 0.3514432837623849, '_a6_': 9.608266923072712, '_a0_': 1.0, '_a1_': 1.0, '_a2_': 1.0, '_a3_': 1.0, '_a7_': 1.0}};{'d0': 0.024905832919416625};-280.569866449044;36.226115293734956
19015;-104.058817930787;(x * (_a4_ + (((x + (_a5_ * _a4_)) * x) * (_a5_ * _a6_))));{'d0': {'_a4_': 1.7751354042813035, '_a5_': 0.3514432837623849, '_a6_': 9.608266923072712, '_a0_': 1.0, '_a1_': 1.0, '_a2_': 1.0, '_a3_': 1.0, '_a7_': 1.0}};{'d0': 0.024905832919416625};-280.569866449044;36.226115293734956
19016;-104.058817930787;(x * (_a4_ + (((x + (_a5_ * _a4_)) * x) * (_a5_ * _a6_))));{'d0': {'_a4_': 1.7751354042813035, '_a5_': 0.3514432837623849, '_a6_': 9.608266923072712, '_a0_': 1.0, '_a1_': 1.0, '_a2_': 1.0, '_a3_': 1.0, '_a7_': 1.0}};{'d0': 0.024905832919416625};-280.569866449044;36.226115293734956
19017;-104.058817930787;(x * (_a4_ + (((x + (_a5_ * _a4_)) * x) * (_a5_ * _a6_))));{'d0': {'_a4_': 1.7751354042813035, '_a5_': 0.3514432837623849, '_a6_': 9.608266923072712, '_a0_': 1.0, '_a1_': 1.0, '_a2_': 1.0, '_a3_': 1.0, '_a7_': 1.0}};{'d0': 0.024905832919416625};-280.569866449044;36.226115293734956
19018;-104.058817930787;(x * (_a4_ + (((x + (_a5_ * _a4_)) * x) * (_a5_ * _a6_))));{'d0': {'_a4_': 1.7751354042813035, '_a5_': 0.3514432837623849, '_a6_': 9.608266923072712, '_a0_': 1.0, '_a1_': 1.0, '_a2_': 1.0, '_a3_': 1.0, '_a7_': 1.0}};{'d0': 0.024905832919416625};-280.569866449044;36.226115293734956
19019;-104.058817930787;(x * (_a4_ + (((x + (_a5_ * _a4_)) * x) * (_a5_ * _a6_))));{'d0': {'_a4_': 1.7751354042813035, '_a5_': 0.3514432837623849, '_a6_': 9.608266923072712, '_a0_': 1.0, '_a1_': 1.0, '_a2_': 1.0, '_a3_': 1.0, '_a7_': 1.0}};{'d0': 0.024905832919416625};-280.569866449044;36.226115293734956
19020;-104.058817930787;(x * (_a4_ + (((x + (_a5_ * _a4_)) * x) * (_a5_ * _a6_))));{'d0': {'_a4_': 1.7751354042813035, '_a5_': 0.3514432837623849, '_a6_': 9.608266923072712, '_a0_': 1.0, '_a1_': 1.0, '_a2_': 1.0, '_a3_': 1.0, '_a7_': 1.0}};{'d0': 0.024905832919416625};-280.569866449044;36.226115293734956
19021;-99.6002762159029;((((_a2_ + (x * (_a0_ * (x + _a0_)))) * _a6_) / _a0_) * -(x));{'d0': {'_a0_': 0.6238594153996682, '_a2_': 0.3279577604101534, '_a6_': -3.3767608788343613, '_a1_': 1.0, '_a3_': 1.0, '_a4_': 1.0, '_a5_': 1.0, '_a7_': 1.0}};{'d0': 0.024905832919416605};-280.569866449044;40.684657008618856
19022;-99.6002762159029;((((_a2_ + (x * (_a0_ * (x + _a0_)))) * _a6_) / _a0_) * -(x));{'d0': {'_a0_': 0.6238594153996682, '_a2_': 0.3279577604101534, '_a6_': -3.3767608788343613, '_a1_': 1.0, '_a3_': 1.0, '_a4_': 1.0, '_a5_': 1.0, '_a7_': 1.0}};{'d0': 0.024905832919416605};-280.569866449044;40.684657008618856
19023;-99.6002762159029;((((_a2_ + (x * (_a0_ * (x + _a0_)))) * _a6_) / _a0_) * -(x));{'d0': {'_a0_': 0.6238594153996682, '_a2_': 0.3279577604101534, '_a6_': -3.3767608788343613, '_a1_': 1.0, '_a3_': 1.0, '_a4_': 1.0, '_a5_': 1.0, '_a7_': 1.0}};{'d0': 0.024905832919416605};-280.569866449044;40.684657008618856
19024;-99.6002762159029;((((_a2_ + (x * (_a0_ * (x + _a0_)))) * _a6_) / _a0_) * -(x));{'d0': {'_a0_': 0.6238594153996682, '_a2_': 0.3279577604101534, '_a6_': -3.3767608788343613, '_a1_': 1.0, '_a3_': 1.0, '_a4_': 1.0, '_a5_': 1.0, '_a7_': 1.0}};{'d0': 0.024905832919416605};-280.569866449044;40.684657008618856
19025;-99.6002762159029;((((_a2_ + (x * (_a0_ * (x + _a0_)))) * _a6_) / _a0_) * -(x));{'d0': {'_a0_': 0.6238594153996682, '_a2_': 0.3279577604101534, '_a6_': -3.3767608788343613, '_a1_': 1.0, '_a3_': 1.0, '_a4_': 1.0, '_a5_': 1.0, '_a7_': 1.0}};{'d0': 0.024905832919416605};-280.569866449044;40.684657008618856
19026;-99.6002762159029;((((_a2_ + (x * (_a0_ * (x + _a0_)))) * _a6_) / _a0_) * -(x));{'d0': {'_a0_': 0.6238594153996682, '_a2_': 0.3279577604101534, '_a6_': -3.3767608788343613, '_a1_': 1.0, '_a3_': 1.0, '_a4_': 1.0, '_a5_': 1.0, '_a7_': 1.0}};{'d0': 0.024905832919416605};-280.569866449044;40.684657008618856
19027;-99.6002762159029;((((_a2_ + (x * (_a0_ * (x + _a0_)))) * _a6_) / _a0_) * -(x));{'d0': {'_a0_': 0.6238594153996682, '_a2_': 0.3279577604101534, '_a6_': -3.3767608788343613, '_a1_': 1.0, '_a3_': 1.0, '_a4_': 1.0, '_a5_': 1.0, '_a7_': 1.0}};{'d0': 0.024905832919416605};-280.569866449044;40.684657008618856
19028;-99.6002762159029;((((_a2_ + (x * (_a0_ * (x + _a0_)))) * _a6_) / _a0_) * -(x));{'d0': {'_a0_': 0.6238594153996682, '_a2_': 0.3279577604101534, '_a6_': -3.3767608788343613, '_a1_': 1.0, '_a3_': 1.0, '_a4_': 1.0, '_a5_': 1.0, '_a7_': 1.0}};{'d0': 0.024905832919416605};-280.569866449044;40.684657008618856
19029;-99.6002762159029;((((_a2_ + (x * (_a0_ * (x + _a0_)))) * _a6_) / _a0_) * -(x));{'d0': {'_a0_': 0.6238594153996682, '_a2_': 0.3279577604101534, '_a6_': -3.3767608788343613, '_a1_': 1.0, '_a3_': 1.0, '_a4_': 1.0, '_a5_': 1.0, '_a7_': 1.0}};{'d0': 0.024905832919416605};-280.569866449044;40.684657008618856
19030;-99.6002762159029;((((_a2_ + (x * (_a0_ * (x + _a0_)))) * _a6_) / _a0_) * -(x));{'d0': {'_a0_': 0.6238594153996682, '_a2_': 0.3279577604101534, '_a6_': -3.3767608788343613, '_a1_': 1.0, '_a3_': 1.0, '_a4_': 1.0, '_a5_': 1.0, '_a7_': 1.0}};{'d0': 0.024905832919416605};-280.569866449044;40.684657008618856
19031;-100.378870770526;((((_a2_ + (x * (_a0_ * (x + _a0_)))) * _a6_) * _a0_) * -(x));{'d0': {'_a0_': 0.6238594153813234, '_a2_': 0.32795776037628366, '_a6_': -8.67614576636523, '_a1_': 1.0, '_a3_': 1.0, '_a4_': 1.0, '_a5_': 1.0, '_a7_': 1.0}};{'d0': 0.024905832919416705};-280.569866449043;39.90606245399546
19032;-100.378870770526;((((_a2_ + (x * (_a0_ * (x + _a0_)))) * _a6_) * _a0_) * -(x));{'d0': {'_a0_': 0.6238594153813234, '_a2_': 0.32795776037628366, '_a6_': -8.67614576636523, '_a1_': 1.0, '_a3_': 1.0, '_a4_': 1.0, '_a5_': 1.0, '_a7_': 1.0}};{'d0': 0.024905832919416705};-280.569866449043;39.90606245399546
19033;-100.378870770526;((((_a2_ + (x * (_a0_ * (x + _a0_)))) * _a6_) * _a0_) * -(x));{'d0': {'_a0_': 0.6238594153813234, '_a2_': 0.32795776037628366, '_a6_': -8.67614576636523, '_a1_': 1.0, '_a3_': 1.0, '_a4_': 1.0, '_a5_': 1.0, '_a7_': 1.0}};{'d0': 0.024905832919416705};-280.569866449043;39.90606245399546
19034;-100.378870770526;((((_a2_ + (x * (_a0_ * (x + _a0_)))) * _a6_) * _a0_) * -(x));{'d0': {'_a0_': 0.6238594153813234, '_a2_': 0.32795776037628366, '_a6_': -8.67614576636523, '_a1_': 1.0, '_a3_': 1.0, '_a4_': 1.0, '_a5_': 1.0, '_a7_': 1.0}};{'d0': 0.024905832919416705};-280.569866449043;39.90606245399546
19035;-78.2556597448773;(((((_a5_ + x) / (_a1_ * _a5_)) * _a1_) + -(pow3((((_a2_ + x) / _a1_) + _a6_)))) * _a6_);{'d0': {'_a1_': 0.21048689737769732, '_a2_': 0.21482329932494793, '_a5_': -0.023630969770760187, '_a6_': -0.03154389623780007, '_a0_': 1.0, '_a3_': 1.0, '_a4_': 1.0, '_a7_': 1.0}};{'d0': 0.024885482501866805};-276.524567593313;60.00662405177894
19036;-78.2556597448773;(((((_a5_ + x) / (_a1_ * _a5_)) * _a1_) + -(pow3((((_a2_ + x) / _a1_) + _a6_)))) * _a6_);{'d0': {'_a1_': 0.21048689737769732, '_a2_': 0.21482329932494793, '_a5_': -0.023630969770760187, '_a6_': -0.03154389623780007, '_a0_': 1.0, '_a3_': 1.0, '_a4_': 1.0, '_a7_': 1.0}};{'d0': 0.024885482501866805};-276.524567593313;60.00662405177894
19037;-78.2556597448773;(((((_a5_ + x) / (_a1_ * _a5_)) * _a1_) + -(pow3((((_a2_ + x) / _a1_) + _a6_)))) * _a6_);{'d0': {'_a1_': 0.21048689737769732, '_a2_': 0.21482329932494793, '_a5_': -0.023630969770760187, '_a6_': -0.03154389623780007, '_a0_': 1.0, '_a3_': 1.0, '_a4_': 1.0, '_a7_': 1.0}};{'d0': 0.024885482501866805};-276.524567593313;60.00662405177894
19038;-78.2556597448773;(((((_a5_ + x) / (_a1_ * _a5_)) * _a1_) + -(pow3((((_a2_ + x) / _a1_) + _a6_)))) * _a6_);{'d0': {'_a1_': 0.21048689737769732, '_a2_': 0.21482329932494793, '_a5_': -0.023630969770760187, '_a6_': -0.03154389623780007, '_a0_': 1.0, '_a3_': 1.0, '_a4_': 1.0, '_a7_': 1.0}};{'d0': 0.024885482501866805};-276.524567593313;60.00662405177894
19039;-78.2556597448773;(((((_a5_ + x) / (_a1_ * _a5_)) * _a1_) + -(pow3((((_a2_ + x) / _a1_) + _a6_)))) * _a6_);{'d0': {'_a1_': 0.21048689737769732, '_a2_': 0.21482329932494793, '_a5_': -0.023630969770760187, '_a6_': -0.03154389623780007, '_a0_': 1.0, '_a3_': 1.0, '_a4_': 1.0, '_a7_': 1.0}};{'d0': 0.024885482501866805};-276.524567593313;60.00662405177894
19040;-78.2556597448773;(((((_a5_ + x) / (_a1_ * _a5_)) * _a1_) + -(pow3((((_a2_ + x) / _a1_) + _a6_)))) * _a6_);{'d0': {'_a1_': 0.21048689737769732, '_a2_': 0.21482329932494793, '_a5_': -0.023630969770760187, '_a6_': -0.03154389623780007, '_a0_': 1.0, '_a3_': 1.0, '_a4_': 1.0, '_a7_': 1.0}};{'d0': 0.024885482501866805};-276.524567593313;60.00662405177894
19041;-78.2556597448773;(((((_a5_ + x) / (_a1_ * _a5_)) * _a1_) + -(pow3((((_a2_ + x) / _a1_) + _a6_)))) * _a6_);{'d0': {'_a1_': 0.21048689737769732, '_a2_': 0.21482329932494793, '_a5_': -0.023630969770760187, '_a6_': -0.03154389623780007, '_a0_': 1.0, '_a3_': 1.0, '_a4_': 1.0, '_a7_': 1.0}};{'d0': 0.024885482501866805};-276.524567593313;60.00662405177894
19042;-78.2556597448773;(((((_a5_ + x) / (_a1_ * _a5_)) * _a1_) + -(pow3((((_a2_ + x) / _a1_) + _a6_)))) * _a6_);{'d0': {'_a1_': 0.21048689737769732, '_a2_': 0.21482329932494793, '_a5_': -0.023630969770760187, '_a6_': -0.03154389623780007, '_a0_': 1.0, '_a3_': 1.0, '_a4_': 1.0, '_a7_': 1.0}};{'d0': 0.024885482501866805};-276.524567593313;60.00662405177894
19043;-78.2556597448773;(((((_a5_ + x) / (_a1_ * _a5_)) * _a1_) + -(pow3((((_a2_ + x) / _a1_) + _a6_)))) * _a6_);{'d0': {'_a1_': 0.21048689737769732, '_a2_': 0.21482329932494793, '_a5_': -0.023630969770760187, '_a6_': -0.03154389623780007, '_a0_': 1.0, '_a3_': 1.0, '_a4_': 1.0, '_a7_': 1.0}};{'d0': 0.024885482501866805};-276.524567593313;60.00662405177894
19044;-78.2556597448773;(((((_a5_ + x) / (_a1_ * _a5_)) * _a1_) + -(pow3((((_a2_ + x) / _a1_) + _a6_)))) * _a6_);{'d0': {'_a1_': 0.21048689737769732, '_a2_': 0.21482329932494793, '_a5_': -0.023630969770760187, '_a6_': -0.03154389623780007, '_a0_': 1.0, '_a3_': 1.0, '_a4_': 1.0, '_a7_': 1.0}};{'d0': 0.024885482501866805};-276.524567593313;60.00662405177894
19045;-78.2556597448773;(((((_a5_ + x) / (_a1_ * _a5_)) * _a1_) + -(pow3((((_a2_ + x) / _a1_) + _a6_)))) * _a6_);{'d0': {'_a1_': 0.21048689737769732, '_a2_': 0.21482329932494793, '_a5_': -0.023630969770760187, '_a6_': -0.03154389623780007, '_a0_': 1.0, '_a3_': 1.0, '_a4_': 1.0, '_a7_': 1.0}};{'d0': 0.024885482501866805};-276.524567593313;60.00662405177894
19046;-78.2556597448773;(((((_a5_ + x) / (_a1_ * _a5_)) * _a1_) + -(pow3((((_a2_ + x) / _a1_) + _a6_)))) * _a6_);{'d0': {'_a1_': 0.21048689737769732, '_a2_': 0.21482329932494793, '_a5_': -0.023630969770760187, '_a6_': -0.03154389623780007, '_a0_': 1.0, '_a3_': 1.0, '_a4_': 1.0, '_a7_': 1.0}};{'d0': 0.024885482501866805};-276.524567593313;60.00662405177894
19047;-78.2556597448773;(((((_a5_ + x) / (_a1_ * _a5_)) * _a1_) + -(pow3((((_a2_ + x) / _a1_) + _a6_)))) * _a6_);{'d0': {'_a1_': 0.21048689737769732, '_a2_': 0.21482329932494793, '_a5_': -0.023630969770760187, '_a6_': -0.03154389623780007, '_a0_': 1.0, '_a3_': 1.0, '_a4_': 1.0, '_a7_': 1.0}};{'d0': 0.024885482501866805};-276.524567593313;60.00662405177894
19048;-78.2556597448773;(((((_a5_ + x) / (_a1_ * _a5_)) * _a1_) + -(pow3((((_a2_ + x) / _a1_) + _a6_)))) * _a6_);{'d0': {'_a1_': 0.21048689737769732, '_a2_': 0.21482329932494793, '_a5_': -0.023630969770760187, '_a6_': -0.03154389623780007, '_a0_': 1.0, '_a3_': 1.0, '_a4_': 1.0, '_a7_': 1.0}};{'d0': 0.024885482501866805};-276.524567593313;60.00662405177894
19049;-78.2556597448771;(((((_a5_ + x) / (_a1_ * _a5_)) * _a2_) + -(pow3((((_a2_ + x) / _a1_) + _a6_)))) * _a6_);{'d0': {'_a1_': 0.20847320636763947, '_a2_': 0.214572844456993, '_a5_': -0.02363097282363846, '_a6_': -0.03064720522807053, '_a0_': 1.0, '_a3_': 1.0, '_a4_': 1.0, '_a7_': 1.0}};{'d0': 0.024885482501867045};-276.524567593312;60.00662405177894
19050;-78.2556597448771;(((((_a5_ + x) / (_a1_ * _a5_)) * _a2_) + -(pow3((((_a2_ + x) / _a1_) + _a6_)))) * _a6_);{'d0': {'_a1_': 0.20847320636763947, '_a2_': 0.214572844456993, '_a5_': -0.02363097282363846, '_a6_': -0.03064720522807053, '_a0_': 1.0, '_a3_': 1.0, '_a4_': 1.0, '_a7_': 1.0}};{'d0': 0.024885482501867045};-276.524567593312;60.00662405177894
19051;-78.2556597448771;(((((_a5_ + x) / (_a1_ * _a5_)) * _a2_) + -(pow3((((_a2_ + x) / _a1_) + _a6_)))) * _a6_);{'d0': {'_a1_': 0.20847320636763947, '_a2_': 0.214572844456993, '_a5_': -0.02363097282363846, '_a6_': -0.03064720522807053, '_a0_': 1.0, '_a3_': 1.0, '_a4_': 1.0, '_a7_': 1.0}};{'d0': 0.024885482501867045};-276.524567593312;60.00662405177894
19052;-78.2556597448771;(((((_a5_ + x) / (_a1_ * _a5_)) * _a2_) + -(pow3((((_a2_ + x) / _a1_) + _a6_)))) * _a6_);{'d0': {'_a1_': 0.20847320636763947, '_a2_': 0.214572844456993, '_a5_': -0.02363097282363846, '_a6_': -0.03064720522807053, '_a0_': 1.0, '_a3_': 1.0, '_a4_': 1.0, '_a7_': 1.0}};{'d0': 0.024885482501867045};-276.524567593312;60.00662405177894
19053;-78.2556597448771;(((((_a5_ + x) / (_a1_ * _a5_)) * _a2_) + -(pow3((((_a2_ + x) / _a1_) + _a6_)))) * _a6_);{'d0': {'_a1_': 0.20847320636763947, '_a2_': 0.214572844456993, '_a5_': -0.02363097282363846, '_a6_': -0.03064720522807053, '_a0_': 1.0, '_a3_': 1.0, '_a4_': 1.0, '_a7_': 1.0}};{'d0': 0.024885482501867045};-276.524567593312;60.00662405177894
19054;-78.2556597448771;(((((_a5_ + x) / (_a1_ * _a5_)) * _a2_) + -(pow3((((_a2_ + x) / _a1_) + _a6_)))) * _a6_);{'d0': {'_a1_': 0.20847320636763947, '_a2_': 0.214572844456993, '_a5_': -0.02363097282363846, '_a6_': -0.03064720522807053, '_a0_': 1.0, '_a3_': 1.0, '_a4_': 1.0, '_a7_': 1.0}};{'d0': 0.024885482501867045};-276.524567593312;60.00662405177894
19055;-78.2556597448771;(((((_a5_ + x) / (_a1_ * _a5_)) * _a2_) + -(pow3((((_a2_ + x) / _a1_) + _a6_)))) * _a6_);{'d0': {'_a1_': 0.20847320636763947, '_a2_': 0.214572844456993, '_a5_': -0.02363097282363846, '_a6_': -0.03064720522807053, '_a0_': 1.0, '_a3_': 1.0, '_a4_': 1.0, '_a7_': 1.0}};{'d0': 0.024885482501867045};-276.524567593312;60.00662405177894
19056;-78.2556597448771;(((((_a5_ + x) / (_a1_ * _a5_)) * _a2_) + -(pow3((((_a2_ + x) / _a1_) + _a6_)))) * _a6_);{'d0': {'_a1_': 0.20847320636763947, '_a2_': 0.214572844456993, '_a5_': -0.02363097282363846, '_a6_': -0.03064720522807053, '_a0_': 1.0, '_a3_': 1.0, '_a4_': 1.0, '_a7_': 1.0}};{'d0': 0.024885482501867045};-276.524567593312;60.00662405177894
19057;-78.2556597448771;(((((_a5_ + x) / (_a1_ * _a5_)) * _a2_) + -(pow3((((_a2_ + x) / _a1_) + _a6_)))) * _a6_);{'d0': {'_a1_': 0.20847320636763947, '_a2_': 0.214572844456993, '_a5_': -0.02363097282363846, '_a6_': -0.03064720522807053, '_a0_': 1.0, '_a3_': 1.0, '_a4_': 1.0, '_a7_': 1.0}};{'d0': 0.024885482501867045};-276.524567593312;60.00662405177894
19058;-78.2556597448771;(((((_a5_ + x) / (_a1_ * _a5_)) * _a2_) + -(pow3((((_a2_ + x) / _a1_) + _a6_)))) * _a6_);{'d0': {'_a1_': 0.20847320636763947, '_a2_': 0.214572844456993, '_a5_': -0.02363097282363846, '_a6_': -0.03064720522807053, '_a0_': 1.0, '_a3_': 1.0, '_a4_': 1.0, '_a7_': 1.0}};{'d0': 0.024885482501867045};-276.524567593312;60.00662405177894
19059;-78.2556597448771;(((((_a5_ + x) / (_a1_ * _a5_)) * _a2_) + -(pow3((((_a2_ + x) / _a1_) + _a6_)))) * _a6_);{'d0': {'_a1_': 0.20847320636763947, '_a2_': 0.214572844456993, '_a5_': -0.02363097282363846, '_a6_': -0.03064720522807053, '_a0_': 1.0, '_a3_': 1.0, '_a4_': 1.0, '_a7_': 1.0}};{'d0': 0.024885482501867045};-276.524567593312;60.00662405177894
19060;-78.2556597448771;(((((_a5_ + x) / (_a1_ * _a5_)) * _a2_) + -(pow3((((_a2_ + x) / _a1_) + _a6_)))) * _a6_);{'d0': {'_a1_': 0.20847320636763947, '_a2_': 0.214572844456993, '_a5_': -0.02363097282363846, '_a6_': -0.03064720522807053, '_a0_': 1.0, '_a3_': 1.0, '_a4_': 1.0, '_a7_': 1.0}};{'d0': 0.024885482501867045};-276.524567593312;60.00662405177894
19061;-78.2556597448771;(((((_a5_ + x) / (_a1_ * _a5_)) * _a2_) + -(pow3((((_a2_ + x) / _a1_) + _a6_)))) * _a6_);{'d0': {'_a1_': 0.20847320636763947, '_a2_': 0.214572844456993, '_a5_': -0.02363097282363846, '_a6_': -0.03064720522807053, '_a0_': 1.0, '_a3_': 1.0, '_a4_': 1.0, '_a7_': 1.0}};{'d0': 0.024885482501867045};-276.524567593312;60.00662405177894
19062;-78.2556597448771;(((((_a5_ + x) / (_a1_ * _a5_)) * _a2_) + -(pow3((((_a2_ + x) / _a1_) + _a6_)))) * _a6_);{'d0': {'_a1_': 0.20847320636763947, '_a2_': 0.214572844456993, '_a5_': -0.02363097282363846, '_a6_': -0.03064720522807053, '_a0_': 1.0, '_a3_': 1.0, '_a4_': 1.0, '_a7_': 1.0}};{'d0': 0.024885482501867045};-276.524567593312;60.00662405177894
19063;-78.2556597448771;(((((_a5_ + x) / (_a1_ * _a5_)) * _a2_) + -(pow3((((_a2_ + x) / _a1_) + _a6_)))) * _a6_);{'d0': {'_a1_': 0.20847320636763947, '_a2_': 0.214572844456993, '_a5_': -0.02363097282363846, '_a6_': -0.03064720522807053, '_a0_': 1.0, '_a3_': 1.0, '_a4_': 1.0, '_a7_': 1.0}};{'d0': 0.024885482501867045};-276.524567593312;60.00662405177894
19064;-78.2556597448771;(((((_a5_ + x) / (_a1_ * _a5_)) * _a2_) + -(pow3((((_a2_ + x) / _a1_) + _a6_)))) * _a6_);{'d0': {'_a1_': 0.20847320636763947, '_a2_': 0.214572844456993, '_a5_': -0.02363097282363846, '_a6_': -0.03064720522807053, '_a0_': 1.0, '_a3_': 1.0, '_a4_': 1.0, '_a7_': 1.0}};{'d0': 0.024885482501867045};-276.524567593312;60.00662405177894
19065;-98.7865220732428;(((pow2((_a4_ * (pow2(_a7_) * (_a3_ + x)))) + _a4_) / _a6_) * x);{'d0': {'_a3_': 0.31192970771727707, '_a4_': 0.9437829865795458, '_a6_': 0.6524254019347007, '_a7_': 1.2540697308309978, '_a0_': 1.0, '_a1_': 1.0, '_a2_': 1.0, '_a5_': 1.0}};{'d0': 0.024905832921115752};-276.475521882728;39.45123886812128
19066;-98.7865220732428;(((pow2((_a4_ * (pow2(_a7_) * (_a3_ + x)))) + _a4_) / _a6_) * x);{'d0': {'_a3_': 0.31192970771727707, '_a4_': 0.9437829865795458, '_a6_': 0.6524254019347007, '_a7_': 1.2540697308309978, '_a0_': 1.0, '_a1_': 1.0, '_a2_': 1.0, '_a5_': 1.0}};{'d0': 0.024905832921115752};-276.475521882728;39.45123886812128
19067;-98.7865220732428;(((pow2((_a4_ * (pow2(_a7_) * (_a3_ + x)))) + _a4_) / _a6_) * x);{'d0': {'_a3_': 0.31192970771727707, '_a4_': 0.9437829865795458, '_a6_': 0.6524254019347007, '_a7_': 1.2540697308309978, '_a0_': 1.0, '_a1_': 1.0, '_a2_': 1.0, '_a5_': 1.0}};{'d0': 0.024905832921115752};-276.475521882728;39.45123886812128
19068;-98.7865220732428;(((pow2((_a4_ * (pow2(_a7_) * (_a3_ + x)))) + _a4_) / _a6_) * x);{'d0': {'_a3_': 0.31192970771727707, '_a4_': 0.9437829865795458, '_a6_': 0.6524254019347007, '_a7_': 1.2540697308309978, '_a0_': 1.0, '_a1_': 1.0, '_a2_': 1.0, '_a5_': 1.0}};{'d0': 0.024905832921115752};-276.475521882728;39.45123886812128
19069;-98.7865220732428;(((pow2((_a4_ * (pow2(_a7_) * (_a3_ + x)))) + _a4_) / _a6_) * x);{'d0': {'_a3_': 0.31192970771727707, '_a4_': 0.9437829865795458, '_a6_': 0.6524254019347007, '_a7_': 1.2540697308309978, '_a0_': 1.0, '_a1_': 1.0, '_a2_': 1.0, '_a5_': 1.0}};{'d0': 0.024905832921115752};-276.475521882728;39.45123886812128
19070;-98.7865220732428;(((pow2((_a4_ * (pow2(_a7_) * (_a3_ + x)))) + _a4_) / _a6_) * x);{'d0': {'_a3_': 0.31192970771727707, '_a4_': 0.9437829865795458, '_a6_': 0.6524254019347007, '_a7_': 1.2540697308309978, '_a0_': 1.0, '_a1_': 1.0, '_a2_': 1.0, '_a5_': 1.0}};{'d0': 0.024905832921115752};-276.475521882728;39.45123886812128
19071;-98.7865220732428;(((pow2((_a4_ * (pow2(_a7_) * (_a3_ + x)))) + _a4_) / _a6_) * x);{'d0': {'_a3_': 0.31192970771727707, '_a4_': 0.9437829865795458, '_a6_': 0.6524254019347007, '_a7_': 1.2540697308309978, '_a0_': 1.0, '_a1_': 1.0, '_a2_': 1.0, '_a5_': 1.0}};{'d0': 0.024905832921115752};-276.475521882728;39.45123886812128
19072;-98.7865220732428;(((pow2((_a4_ * (pow2(_a7_) * (_a3_ + x)))) + _a4_) / _a6_) * x);{'d0': {'_a3_': 0.31192970771727707, '_a4_': 0.9437829865795458, '_a6_': 0.6524254019347007, '_a7_': 1.2540697308309978, '_a0_': 1.0, '_a1_': 1.0, '_a2_': 1.0, '_a5_': 1.0}};{'d0': 0.024905832921115752};-276.475521882728;39.45123886812128
19073;-98.7865220732428;(((pow2((_a4_ * (pow2(_a7_) * (_a3_ + x)))) + _a4_) / _a6_) * x);{'d0': {'_a3_': 0.31192970771727707, '_a4_': 0.9437829865795458, '_a6_': 0.6524254019347007, '_a7_': 1.2540697308309978, '_a0_': 1.0, '_a1_': 1.0, '_a2_': 1.0, '_a5_': 1.0}};{'d0': 0.024905832921115752};-276.475521882728;39.45123886812128
19074;-98.7865220732428;(((pow2((_a4_ * (pow2(_a7_) * (_a3_ + x)))) + _a4_) / _a6_) * x);{'d0': {'_a3_': 0.31192970771727707, '_a4_': 0.9437829865795458, '_a6_': 0.6524254019347007, '_a7_': 1.2540697308309978, '_a0_': 1.0, '_a1_': 1.0, '_a2_': 1.0, '_a5_': 1.0}};{'d0': 0.024905832921115752};-276.475521882728;39.45123886812128
19075;-98.7865220732428;(((pow2((_a4_ * (pow2(_a7_) * (_a3_ + x)))) + _a4_) / _a6_) * x);{'d0': {'_a3_': 0.31192970771727707, '_a4_': 0.9437829865795458, '_a6_': 0.6524254019347007, '_a7_': 1.2540697308309978, '_a0_': 1.0, '_a1_': 1.0, '_a2_': 1.0, '_a5_': 1.0}};{'d0': 0.024905832921115752};-276.475521882728;39.45123886812128
19076;-98.7865220732428;(((pow2((_a4_ * (pow2(_a7_) * (_a3_ + x)))) + _a4_) / _a6_) * x);{'d0': {'_a3_': 0.31192970771727707, '_a4_': 0.9437829865795458, '_a6_': 0.6524254019347007, '_a7_': 1.2540697308309978, '_a0_': 1.0, '_a1_': 1.0, '_a2_': 1.0, '_a5_': 1.0}};{'d0': 0.024905832921115752};-276.475521882728;39.45123886812128
19077;-98.7865220732428;(((pow2((_a4_ * (pow2(_a7_) * (_a3_ + x)))) + _a4_) / _a6_) * x);{'d0': {'_a3_': 0.31192970771727707, '_a4_': 0.9437829865795458, '_a6_': 0.6524254019347007, '_a7_': 1.2540697308309978, '_a0_': 1.0, '_a1_': 1.0, '_a2_': 1.0, '_a5_': 1.0}};{'d0': 0.024905832921115752};-276.475521882728;39.45123886812128
19078;-98.7865220752318;(((pow2((_a3_ * (pow2(_a7_) * (_a3_ + x)))) + _a4_) / _a6_) * x);{'d0': {'_a3_': 0.3119297076564342, '_a4_': 0.7227634204211848, '_a6_': 0.4996373339365417, '_a7_': 2.040611990544815, '_a0_': 1.0, '_a1_': 1.0, '_a2_': 1.0, '_a5_': 1.0}};{'d0': 0.02490583291946449};-276.475521886706;39.45123886812128
19079;-98.7865220752318;(((pow2((_a3_ * (pow2(_a7_) * (_a3_ + x)))) + _a4_) / _a6_) * x);{'d0': {'_a3_': 0.3119297076564342, '_a4_': 0.7227634204211848, '_a6_': 0.4996373339365417, '_a7_': 2.040611990544815, '_a0_': 1.0, '_a1_': 1.0, '_a2_': 1.0, '_a5_': 1.0}};{'d0': 0.02490583291946449};-276.475521886706;39.45123886812128
19080;-98.7865220752318;(((pow2((_a3_ * (pow2(_a7_) * (_a3_ + x)))) + _a4_) / _a6_) * x);{'d0': {'_a3_': 0.3119297076564342, '_a4_': 0.7227634204211848, '_a6_': 0.4996373339365417, '_a7_': 2.040611990544815, '_a0_': 1.0, '_a1_': 1.0, '_a2_': 1.0, '_a5_': 1.0}};{'d0': 0.02490583291946449};-276.475521886706;39.45123886812128
19081;-98.7865220752318;(((pow2((_a3_ * (pow2(_a7_) * (_a3_ + x)))) + _a4_) / _a6_) * x);{'d0': {'_a3_': 0.3119297076564342, '_a4_': 0.7227634204211848, '_a6_': 0.4996373339365417, '_a7_': 2.040611990544815, '_a0_': 1.0, '_a1_': 1.0, '_a2_': 1.0, '_a5_': 1.0}};{'d0': 0.02490583291946449};-276.475521886706;39.45123886812128
19082;-98.7865220752318;(((pow2((_a3_ * (pow2(_a7_) * (_a3_ + x)))) + _a4_) / _a6_) * x);{'d0': {'_a3_': 0.3119297076564342, '_a4_': 0.7227634204211848, '_a6_': 0.4996373339365417, '_a7_': 2.040611990544815, '_a0_': 1.0, '_a1_': 1.0, '_a2_': 1.0, '_a5_': 1.0}};{'d0': 0.02490583291946449};-276.475521886706;39.45123886812128
19083;-98.7865220752318;(((pow2((_a3_ * (pow2(_a7_) * (_a3_ + x)))) + _a4_) / _a6_) * x);{'d0': {'_a3_': 0.3119297076564342, '_a4_': 0.7227634204211848, '_a6_': 0.4996373339365417, '_a7_': 2.040611990544815, '_a0_': 1.0, '_a1_': 1.0, '_a2_': 1.0, '_a5_': 1.0}};{'d0': 0.02490583291946449};-276.475521886706;39.45123886812128
19084;-98.7865220752318;(((pow2((_a3_ * (pow2(_a7_) * (_a3_ + x)))) + _a4_) / _a6_) * x);{'d0': {'_a3_': 0.3119297076564342, '_a4_': 0.7227634204211848, '_a6_': 0.4996373339365417, '_a7_': 2.040611990544815, '_a0_': 1.0, '_a1_': 1.0, '_a2_': 1.0, '_a5_': 1.0}};{'d0': 0.02490583291946449};-276.475521886706;39.45123886812128
19085;-98.7865220752318;(((pow2((_a3_ * (pow2(_a7_) * (_a3_ + x)))) + _a4_) / _a6_) * x);{'d0': {'_a3_': 0.3119297076564342, '_a4_': 0.7227634204211848, '_a6_': 0.4996373339365417, '_a7_': 2.040611990544815, '_a0_': 1.0, '_a1_': 1.0, '_a2_': 1.0, '_a5_': 1.0}};{'d0': 0.02490583291946449};-276.475521886706;39.45123886812128
19086;-98.7865220752318;(((pow2((_a3_ * (pow2(_a7_) * (_a3_ + x)))) + _a4_) / _a6_) * x);{'d0': {'_a3_': 0.3119297076564342, '_a4_': 0.7227634204211848, '_a6_': 0.4996373339365417, '_a7_': 2.040611990544815, '_a0_': 1.0, '_a1_': 1.0, '_a2_': 1.0, '_a5_': 1.0}};{'d0': 0.02490583291946449};-276.475521886706;39.45123886812128
19087;-98.7865220752318;(((pow2((_a3_ * (pow2(_a7_) * (_a3_ + x)))) + _a4_) / _a6_) * x);{'d0': {'_a3_': 0.3119297076564342, '_a4_': 0.7227634204211848, '_a6_': 0.4996373339365417, '_a7_': 2.040611990544815, '_a0_': 1.0, '_a1_': 1.0, '_a2_': 1.0, '_a5_': 1.0}};{'d0': 0.02490583291946449};-276.475521886706;39.45123886812128
19088;-98.7865220752318;(((pow2((_a3_ * (pow2(_a7_) * (_a3_ + x)))) + _a4_) / _a6_) * x);{'d0': {'_a3_': 0.3119297076564342, '_a4_': 0.7227634204211848, '_a6_': 0.4996373339365417, '_a7_': 2.040611990544815, '_a0_': 1.0, '_a1_': 1.0, '_a2_': 1.0, '_a5_': 1.0}};{'d0': 0.02490583291946449};-276.475521886706;39.45123886812128
19089;-96.6472337363690;(((pow2((_a3_ * ((_a7_ / _a6_) * (_a3_ + x)))) + _a4_) / _a6_) * x);{'d0': {'_a3_': 0.311929707815795, '_a4_': 0.6352018706723741, '_a6_': 0.4391071270073636, '_a7_': 1.7141509159554962, '_a0_': 1.0, '_a1_': 1.0, '_a2_': 1.0, '_a5_': 1.0}};{'d0': 0.024905832922225382};-276.475521880055;41.59052720365848
19090;-77.0963703462793;(((((_a5_ + x) / (_a1_ * _a5_)) * _a2_) + -(pow3((((_a2_ + x) * _a4_) + _a6_)))) * _a5_);{'d0': {'_a1_': 5.17487441000793, '_a2_': 6.9077022414439035, '_a4_': 5.231018065614963, '_a5_': -0.023630965918209186, '_a6_': -35.04530250550079, '_a0_': 1.0, '_a3_': 1.0, '_a7_': 1.0}};{'d0': 0.024885482502013775};-272.430223030736;59.11874116908874
19091;-77.0963703462793;(((((_a5_ + x) / (_a1_ * _a5_)) * _a2_) + -(pow3((((_a2_ + x) * _a4_) + _a6_)))) * _a5_);{'d0': {'_a1_': 5.17487441000793, '_a2_': 6.9077022414439035, '_a4_': 5.231018065614963, '_a5_': -0.023630965918209186, '_a6_': -35.04530250550079, '_a0_': 1.0, '_a3_': 1.0, '_a7_': 1.0}};{'d0': 0.024885482502013775};-272.430223030736;59.11874116908874
19092;-77.0963703462793;(((((_a5_ + x) / (_a1_ * _a5_)) * _a2_) + -(pow3((((_a2_ + x) * _a4_) + _a6_)))) * _a5_);{'d0': {'_a1_': 5.17487441000793, '_a2_': 6.9077022414439035, '_a4_': 5.231018065614963, '_a5_': -0.023630965918209186, '_a6_': -35.04530250550079, '_a0_': 1.0, '_a3_': 1.0, '_a7_': 1.0}};{'d0': 0.024885482502013775};-272.430223030736;59.11874116908874
19093;-77.0963703462793;(((((_a5_ + x) / (_a1_ * _a5_)) * _a2_) + -(pow3((((_a2_ + x) * _a4_) + _a6_)))) * _a5_);{'d0': {'_a1_': 5.17487441000793, '_a2_': 6.9077022414439035, '_a4_': 5.231018065614963, '_a5_': -0.023630965918209186, '_a6_': -35.04530250550079, '_a0_': 1.0, '_a3_': 1.0, '_a7_': 1.0}};{'d0': 0.024885482502013775};-272.430223030736;59.11874116908874
19094;-77.0963703462793;(((((_a5_ + x) / (_a1_ * _a5_)) * _a2_) + -(pow3((((_a2_ + x) * _a4_) + _a6_)))) * _a5_);{'d0': {'_a1_': 5.17487441000793, '_a2_': 6.9077022414439035, '_a4_': 5.231018065614963, '_a5_': -0.023630965918209186, '_a6_': -35.04530250550079, '_a0_': 1.0, '_a3_': 1.0, '_a7_': 1.0}};{'d0': 0.024885482502013775};-272.430223030736;59.11874116908874
19095;-77.0963703462793;(((((_a5_ + x) / (_a1_ * _a5_)) * _a2_) + -(pow3((((_a2_ + x) * _a4_) + _a6_)))) * _a5_);{'d0': {'_a1_': 5.17487441000793, '_a2_': 6.9077022414439035, '_a4_': 5.231018065614963, '_a5_': -0.023630965918209186, '_a6_': -35.04530250550079, '_a0_': 1.0, '_a3_': 1.0, '_a7_': 1.0}};{'d0': 0.024885482502013775};-272.430223030736;59.11874116908874
19096;-77.0963703462793;(((((_a5_ + x) / (_a1_ * _a5_)) * _a2_) + -(pow3((((_a2_ + x) * _a4_) + _a6_)))) * _a5_);{'d0': {'_a1_': 5.17487441000793, '_a2_': 6.9077022414439035, '_a4_': 5.231018065614963, '_a5_': -0.023630965918209186, '_a6_': -35.04530250550079, '_a0_': 1.0, '_a3_': 1.0, '_a7_': 1.0}};{'d0': 0.024885482502013775};-272.430223030736;59.11874116908874
19097;-79.1435426275631;(((((_a5_ + x) / (_a1_ * _a5_)) * _a2_) + -(pow3((((_a2_ + x) * _a1_) + _a6_)))) * _a5_);{'d0': {'_a1_': 5.231018707443778, '_a2_': 6.982646793315666, '_a5_': -0.02363095674177629, '_a6_': -35.43734307505743, '_a0_': 1.0, '_a3_': 1.0, '_a4_': 1.0, '_a7_': 1.0}};{'d0': 0.024885482501870525};-276.524567593304;59.11874116908874
19098;-79.1435426275631;(((((_a5_ + x) / (_a1_ * _a5_)) * _a2_) + -(pow3((((_a2_ + x) * _a1_) + _a6_)))) * _a5_);{'d0': {'_a1_': 5.231018707443778, '_a2_': 6.982646793315666, '_a5_': -0.02363095674177629, '_a6_': -35.43734307505743, '_a0_': 1.0, '_a3_': 1.0, '_a4_': 1.0, '_a7_': 1.0}};{'d0': 0.024885482501870525};-276.524567593304;59.11874116908874
19099;-79.1435426275631;(((((_a5_ + x) / (_a1_ * _a5_)) * _a2_) + -(pow3((((_a2_ + x) * _a1_) + _a6_)))) * _a5_);{'d0': {'_a1_': 5.231018707443778, '_a2_': 6.982646793315666, '_a5_': -0.02363095674177629, '_a6_': -35.43734307505743, '_a0_': 1.0, '_a3_': 1.0, '_a4_': 1.0, '_a7_': 1.0}};{'d0': 0.024885482501870525};-276.524567593304;59.11874116908874
19100;-96.6472337331202;(((pow2((_a3_ * ((_a7_ / _a0_) * (_a3_ + x)))) + _a0_) / _a6_) * x);{'d0': {'_a0_': 50.61800446516988, '_a3_': 0.3119297078775499, '_a6_': 34.99159486195856, '_a7_': 1763.9252565134152, '_a1_': 1.0, '_a2_': 1.0, '_a4_': 1.0, '_a5_': 1.0}};{'d0': 0.024905832924922513};-276.475521873557;41.59052720365848
19101;-96.6472337331202;(((pow2((_a3_ * ((_a7_ / _a0_) * (_a3_ + x)))) + _a0_) / _a6_) * x);{'d0': {'_a0_': 50.61800446516988, '_a3_': 0.3119297078775499, '_a6_': 34.99159486195856, '_a7_': 1763.9252565134152, '_a1_': 1.0, '_a2_': 1.0, '_a4_': 1.0, '_a5_': 1.0}};{'d0': 0.024905832924922513};-276.475521873557;41.59052720365848
19102;-96.6472337331202;(((pow2((_a3_ * ((_a7_ / _a0_) * (_a3_ + x)))) + _a0_) / _a6_) * x);{'d0': {'_a0_': 50.61800446516988, '_a3_': 0.3119297078775499, '_a6_': 34.99159486195856, '_a7_': 1763.9252565134152, '_a1_': 1.0, '_a2_': 1.0, '_a4_': 1.0, '_a5_': 1.0}};{'d0': 0.024905832924922513};-276.475521873557;41.59052720365848
19103;-96.6472337331202;(((pow2((_a3_ * ((_a7_ / _a0_) * (_a3_ + x)))) + _a0_) / _a6_) * x);{'d0': {'_a0_': 50.61800446516988, '_a3_': 0.3119297078775499, '_a6_': 34.99159486195856, '_a7_': 1763.9252565134152, '_a1_': 1.0, '_a2_': 1.0, '_a4_': 1.0, '_a5_': 1.0}};{'d0': 0.024905832924922513};-276.475521873557;41.59052720365848
19104;-96.6472337331202;(((pow2((_a3_ * ((_a7_ / _a0_) * (_a3_ + x)))) + _a0_) / _a6_) * x);{'d0': {'_a0_': 50.61800446516988, '_a3_': 0.3119297078775499, '_a6_': 34.99159486195856, '_a7_': 1763.9252565134152, '_a1_': 1.0, '_a2_': 1.0, '_a4_': 1.0, '_a5_': 1.0}};{'d0': 0.024905832924922513};-276.475521873557;41.59052720365848
19105;-96.6472337331202;(((pow2((_a3_ * ((_a7_ / _a0_) * (_a3_ + x)))) + _a0_) / _a6_) * x);{'d0': {'_a0_': 50.61800446516988, '_a3_': 0.3119297078775499, '_a6_': 34.99159486195856, '_a7_': 1763.9252565134152, '_a1_': 1.0, '_a2_': 1.0, '_a4_': 1.0, '_a5_': 1.0}};{'d0': 0.024905832924922513};-276.475521873557;41.59052720365848
19106;-79.1435426275631;(((((_a5_ + x) / (_a1_ * _a5_)) * _a2_) + -(pow3((((_a2_ + x) * _a1_) + _a6_)))) * _a5_);{'d0': {'_a1_': 5.231018707443778, '_a2_': 6.982646793315666, '_a5_': -0.02363095674177629, '_a6_': -35.43734307505743, '_a0_': 1.0, '_a3_': 1.0, '_a4_': 1.0, '_a7_': 1.0}};{'d0': 0.024885482501870525};-276.524567593304;59.11874116908874
19107;-79.1435426275631;(((((_a5_ + x) / (_a1_ * _a5_)) * _a2_) + -(pow3((((_a2_ + x) * _a1_) + _a6_)))) * _a5_);{'d0': {'_a1_': 5.231018707443778, '_a2_': 6.982646793315666, '_a5_': -0.02363095674177629, '_a6_': -35.43734307505743, '_a0_': 1.0, '_a3_': 1.0, '_a4_': 1.0, '_a7_': 1.0}};{'d0': 0.024885482501870525};-276.524567593304;59.11874116908874
19108;-79.1435426275631;(((((_a5_ + x) / (_a1_ * _a5_)) * _a2_) + -(pow3((((_a2_ + x) * _a1_) + _a6_)))) * _a5_);{'d0': {'_a1_': 5.231018707443778, '_a2_': 6.982646793315666, '_a5_': -0.02363095674177629, '_a6_': -35.43734307505743, '_a0_': 1.0, '_a3_': 1.0, '_a4_': 1.0, '_a7_': 1.0}};{'d0': 0.024885482501870525};-276.524567593304;59.11874116908874
19109;-79.1435426275631;(((((_a5_ + x) / (_a1_ * _a5_)) * _a2_) + -(pow3((((_a2_ + x) * _a1_) + _a6_)))) * _a5_);{'d0': {'_a1_': 5.231018707443778, '_a2_': 6.982646793315666, '_a5_': -0.02363095674177629, '_a6_': -35.43734307505743, '_a0_': 1.0, '_a3_': 1.0, '_a4_': 1.0, '_a7_': 1.0}};{'d0': 0.024885482501870525};-276.524567593304;59.11874116908874
19110;-79.1435426275631;(((((_a5_ + x) / (_a1_ * _a5_)) * _a2_) + -(pow3((((_a2_ + x) * _a1_) + _a6_)))) * _a5_);{'d0': {'_a1_': 5.231018707443778, '_a2_': 6.982646793315666, '_a5_': -0.02363095674177629, '_a6_': -35.43734307505743, '_a0_': 1.0, '_a3_': 1.0, '_a4_': 1.0, '_a7_': 1.0}};{'d0': 0.024885482501870525};-276.524567593304;59.11874116908874
19111;-79.1435426275631;(((((_a5_ + x) / (_a1_ * _a5_)) * _a2_) + -(pow3((((_a2_ + x) * _a1_) + _a6_)))) * _a5_);{'d0': {'_a1_': 5.231018707443778, '_a2_': 6.982646793315666, '_a5_': -0.02363095674177629, '_a6_': -35.43734307505743, '_a0_': 1.0, '_a3_': 1.0, '_a4_': 1.0, '_a7_': 1.0}};{'d0': 0.024885482501870525};-276.524567593304;59.11874116908874
19112;-79.1435426275631;(((((_a5_ + x) / (_a1_ * _a5_)) * _a2_) + -(pow3((((_a2_ + x) * _a1_) + _a6_)))) * _a5_);{'d0': {'_a1_': 5.231018707443778, '_a2_': 6.982646793315666, '_a5_': -0.02363095674177629, '_a6_': -35.43734307505743, '_a0_': 1.0, '_a3_': 1.0, '_a4_': 1.0, '_a7_': 1.0}};{'d0': 0.024885482501870525};-276.524567593304;59.11874116908874
19113;-79.1435426275631;(((((_a5_ + x) / (_a1_ * _a5_)) * _a2_) + -(pow3((((_a2_ + x) * _a1_) + _a6_)))) * _a5_);{'d0': {'_a1_': 5.231018707443778, '_a2_': 6.982646793315666, '_a5_': -0.02363095674177629, '_a6_': -35.43734307505743, '_a0_': 1.0, '_a3_': 1.0, '_a4_': 1.0, '_a7_': 1.0}};{'d0': 0.024885482501870525};-276.524567593304;59.11874116908874
19114;-79.1435426275631;(((((_a5_ + x) / (_a1_ * _a5_)) * _a2_) + -(pow3((((_a2_ + x) * _a1_) + _a6_)))) * _a5_);{'d0': {'_a1_': 5.231018707443778, '_a2_': 6.982646793315666, '_a5_': -0.02363095674177629, '_a6_': -35.43734307505743, '_a0_': 1.0, '_a3_': 1.0, '_a4_': 1.0, '_a7_': 1.0}};{'d0': 0.024885482501870525};-276.524567593304;59.11874116908874
19115;-79.1435426275631;(((((_a5_ + x) / (_a1_ * _a5_)) * _a2_) + -(pow3((((_a2_ + x) * _a1_) + _a6_)))) * _a5_);{'d0': {'_a1_': 5.231018707443778, '_a2_': 6.982646793315666, '_a5_': -0.02363095674177629, '_a6_': -35.43734307505743, '_a0_': 1.0, '_a3_': 1.0, '_a4_': 1.0, '_a7_': 1.0}};{'d0': 0.024885482501870525};-276.524567593304;59.11874116908874
19116;-79.1435426275631;(((((_a5_ + x) / (_a1_ * _a5_)) * _a2_) + -(pow3((((_a2_ + x) * _a1_) + _a6_)))) * _a5_);{'d0': {'_a1_': 5.231018707443778, '_a2_': 6.982646793315666, '_a5_': -0.02363095674177629, '_a6_': -35.43734307505743, '_a0_': 1.0, '_a3_': 1.0, '_a4_': 1.0, '_a7_': 1.0}};{'d0': 0.024885482501870525};-276.524567593304;59.11874116908874
19117;-79.1435426275631;(((((_a5_ + x) / (_a1_ * _a5_)) * _a2_) + -(pow3((((_a2_ + x) * _a1_) + _a6_)))) * _a5_);{'d0': {'_a1_': 5.231018707443778, '_a2_': 6.982646793315666, '_a5_': -0.02363095674177629, '_a6_': -35.43734307505743, '_a0_': 1.0, '_a3_': 1.0, '_a4_': 1.0, '_a7_': 1.0}};{'d0': 0.024885482501870525};-276.524567593304;59.11874116908874
19118;-79.1435426275631;(((((_a5_ + x) / (_a1_ * _a5_)) * _a2_) + -(pow3((((_a2_ + x) * _a1_) + _a6_)))) * _a5_);{'d0': {'_a1_': 5.231018707443778, '_a2_': 6.982646793315666, '_a5_': -0.02363095674177629, '_a6_': -35.43734307505743, '_a0_': 1.0, '_a3_': 1.0, '_a4_': 1.0, '_a7_': 1.0}};{'d0': 0.024885482501870525};-276.524567593304;59.11874116908874
19119;-79.1435426275631;(((((_a5_ + x) / (_a1_ * _a5_)) * _a2_) + -(pow3((((_a2_ + x) * _a1_) + _a6_)))) * _a5_);{'d0': {'_a1_': 5.231018707443778, '_a2_': 6.982646793315666, '_a5_': -0.02363095674177629, '_a6_': -35.43734307505743, '_a0_': 1.0, '_a3_': 1.0, '_a4_': 1.0, '_a7_': 1.0}};{'d0': 0.024885482501870525};-276.524567593304;59.11874116908874
19120;-79.1435426275631;(((((_a5_ + x) / (_a1_ * _a5_)) * _a2_) + -(pow3((((_a2_ + x) * _a1_) + _a6_)))) * _a5_);{'d0': {'_a1_': 5.231018707443778, '_a2_': 6.982646793315666, '_a5_': -0.02363095674177629, '_a6_': -35.43734307505743, '_a0_': 1.0, '_a3_': 1.0, '_a4_': 1.0, '_a7_': 1.0}};{'d0': 0.024885482501870525};-276.524567593304;59.11874116908874
19121;-79.1435426275631;(((((_a5_ + x) / (_a1_ * _a5_)) * _a2_) + -(pow3((((_a2_ + x) * _a1_) + _a6_)))) * _a5_);{'d0': {'_a1_': 5.231018707443778, '_a2_': 6.982646793315666, '_a5_': -0.02363095674177629, '_a6_': -35.43734307505743, '_a0_': 1.0, '_a3_': 1.0, '_a4_': 1.0, '_a7_': 1.0}};{'d0': 0.024885482501870525};-276.524567593304;59.11874116908874
19122;-80.3949480804114;(((((_a5_ + x) / pow2(_a5_)) * _a2_) + -(pow3((((_a2_ + x) * _a1_) + _a6_)))) * _a5_);{'d0': {'_a1_': 5.231018515562028, '_a2_': -0.031543883076062575, '_a5_': -0.023630959438056907, '_a6_': 1.2540195287141673, '_a0_': 1.0, '_a3_': 1.0, '_a4_': 1.0, '_a7_': 1.0}};{'d0': 0.02488548250186939};-276.524567593306;57.86733571624174
19123;-80.3949480804114;(((((_a5_ + x) / pow2(_a5_)) * _a2_) + -(pow3((((_a2_ + x) * _a1_) + _a6_)))) * _a5_);{'d0': {'_a1_': 5.231018515562028, '_a2_': -0.031543883076062575, '_a5_': -0.023630959438056907, '_a6_': 1.2540195287141673, '_a0_': 1.0, '_a3_': 1.0, '_a4_': 1.0, '_a7_': 1.0}};{'d0': 0.02488548250186939};-276.524567593306;57.86733571624174
19124;-80.3949480804114;(((((_a5_ + x) / pow2(_a5_)) * _a2_) + -(pow3((((_a2_ + x) * _a1_) + _a6_)))) * _a5_);{'d0': {'_a1_': 5.231018515562028, '_a2_': -0.031543883076062575, '_a5_': -0.023630959438056907, '_a6_': 1.2540195287141673, '_a0_': 1.0, '_a3_': 1.0, '_a4_': 1.0, '_a7_': 1.0}};{'d0': 0.02488548250186939};-276.524567593306;57.86733571624174
19125;-80.3949480804114;(((((_a5_ + x) / pow2(_a5_)) * _a2_) + -(pow3((((_a2_ + x) * _a1_) + _a6_)))) * _a5_);{'d0': {'_a1_': 5.231018515562028, '_a2_': -0.031543883076062575, '_a5_': -0.023630959438056907, '_a6_': 1.2540195287141673, '_a0_': 1.0, '_a3_': 1.0, '_a4_': 1.0, '_a7_': 1.0}};{'d0': 0.02488548250186939};-276.524567593306;57.86733571624174
19126;-80.3949480804114;(((((_a5_ + x) / pow2(_a5_)) * _a2_) + -(pow3((((_a2_ + x) * _a1_) + _a6_)))) * _a5_);{'d0': {'_a1_': 5.231018515562028, '_a2_': -0.031543883076062575, '_a5_': -0.023630959438056907, '_a6_': 1.2540195287141673, '_a0_': 1.0, '_a3_': 1.0, '_a4_': 1.0, '_a7_': 1.0}};{'d0': 0.02488548250186939};-276.524567593306;57.86733571624174
19127;-80.3949480804114;(((((_a5_ + x) / pow2(_a5_)) * _a2_) + -(pow3((((_a2_ + x) * _a1_) + _a6_)))) * _a5_);{'d0': {'_a1_': 5.231018515562028, '_a2_': -0.031543883076062575, '_a5_': -0.023630959438056907, '_a6_': 1.2540195287141673, '_a0_': 1.0, '_a3_': 1.0, '_a4_': 1.0, '_a7_': 1.0}};{'d0': 0.02488548250186939};-276.524567593306;57.86733571624174
19128;-80.3949480804114;(((((_a5_ + x) / pow2(_a5_)) * _a2_) + -(pow3((((_a2_ + x) * _a1_) + _a6_)))) * _a5_);{'d0': {'_a1_': 5.231018515562028, '_a2_': -0.031543883076062575, '_a5_': -0.023630959438056907, '_a6_': 1.2540195287141673, '_a0_': 1.0, '_a3_': 1.0, '_a4_': 1.0, '_a7_': 1.0}};{'d0': 0.02488548250186939};-276.524567593306;57.86733571624174
19129;-80.3949480804114;(((((_a5_ + x) / pow2(_a5_)) * _a2_) + -(pow3((((_a2_ + x) * _a1_) + _a6_)))) * _a5_);{'d0': {'_a1_': 5.231018515562028, '_a2_': -0.031543883076062575, '_a5_': -0.023630959438056907, '_a6_': 1.2540195287141673, '_a0_': 1.0, '_a3_': 1.0, '_a4_': 1.0, '_a7_': 1.0}};{'d0': 0.02488548250186939};-276.524567593306;57.86733571624174
19130;-80.3949480804114;(((((_a5_ + x) / pow2(_a5_)) * _a2_) + -(pow3((((_a2_ + x) * _a1_) + _a6_)))) * _a5_);{'d0': {'_a1_': 5.231018515562028, '_a2_': -0.031543883076062575, '_a5_': -0.023630959438056907, '_a6_': 1.2540195287141673, '_a0_': 1.0, '_a3_': 1.0, '_a4_': 1.0, '_a7_': 1.0}};{'d0': 0.02488548250186939};-276.524567593306;57.86733571624174
19131;-80.3949480804114;(((((_a5_ + x) / pow2(_a5_)) * _a2_) + -(pow3((((_a2_ + x) * _a1_) + _a6_)))) * _a5_);{'d0': {'_a1_': 5.231018515562028, '_a2_': -0.031543883076062575, '_a5_': -0.023630959438056907, '_a6_': 1.2540195287141673, '_a0_': 1.0, '_a3_': 1.0, '_a4_': 1.0, '_a7_': 1.0}};{'d0': 0.02488548250186939};-276.524567593306;57.86733571624174
19132;-80.3949480804114;(((((_a5_ + x) / pow2(_a5_)) * _a2_) + -(pow3((((_a2_ + x) * _a1_) + _a6_)))) * _a5_);{'d0': {'_a1_': 5.231018515562028, '_a2_': -0.031543883076062575, '_a5_': -0.023630959438056907, '_a6_': 1.2540195287141673, '_a0_': 1.0, '_a3_': 1.0, '_a4_': 1.0, '_a7_': 1.0}};{'d0': 0.02488548250186939};-276.524567593306;57.86733571624174
19133;-80.3949480804114;(((((_a5_ + x) / pow2(_a5_)) * _a2_) + -(pow3((((_a2_ + x) * _a1_) + _a6_)))) * _a5_);{'d0': {'_a1_': 5.231018515562028, '_a2_': -0.031543883076062575, '_a5_': -0.023630959438056907, '_a6_': 1.2540195287141673, '_a0_': 1.0, '_a3_': 1.0, '_a4_': 1.0, '_a7_': 1.0}};{'d0': 0.02488548250186939};-276.524567593306;57.86733571624174
19134;-80.3949480804114;(((((_a5_ + x) / pow2(_a5_)) * _a2_) + -(pow3((((_a2_ + x) * _a1_) + _a6_)))) * _a5_);{'d0': {'_a1_': 5.231018515562028, '_a2_': -0.031543883076062575, '_a5_': -0.023630959438056907, '_a6_': 1.2540195287141673, '_a0_': 1.0, '_a3_': 1.0, '_a4_': 1.0, '_a7_': 1.0}};{'d0': 0.02488548250186939};-276.524567593306;57.86733571624174
19135;-80.3949480804114;(((((_a5_ + x) / pow2(_a5_)) * _a2_) + -(pow3((((_a2_ + x) * _a1_) + _a6_)))) * _a5_);{'d0': {'_a1_': 5.231018515562028, '_a2_': -0.031543883076062575, '_a5_': -0.023630959438056907, '_a6_': 1.2540195287141673, '_a0_': 1.0, '_a3_': 1.0, '_a4_': 1.0, '_a7_': 1.0}};{'d0': 0.02488548250186939};-276.524567593306;57.86733571624174
19136;-80.3949480804144;(((((_a5_ + x) / pow2(_a5_)) * _a2_) + -(pow3((((_a5_ + x) * _a1_) + _a6_)))) * _a5_);{'d0': {'_a1_': 5.23101791345429, '_a2_': -0.0315438940106371, '_a5_': -0.02363096802111696, '_a6_': 1.2126267962096544, '_a0_': 1.0, '_a3_': 1.0, '_a4_': 1.0, '_a7_': 1.0}};{'d0': 0.024885482501866882};-276.524567593312;57.86733571624174
19137;-80.3949480804144;(((((_a5_ + x) / pow2(_a5_)) * _a2_) + -(pow3((((_a5_ + x) * _a1_) + _a6_)))) * _a5_);{'d0': {'_a1_': 5.23101791345429, '_a2_': -0.0315438940106371, '_a5_': -0.02363096802111696, '_a6_': 1.2126267962096544, '_a0_': 1.0, '_a3_': 1.0, '_a4_': 1.0, '_a7_': 1.0}};{'d0': 0.024885482501866882};-276.524567593312;57.86733571624174
19138;-100.360883458177;((((_a2_ + (x * (_a7_ * (x + _a0_)))) * pow2(_a7_)) * _a0_) * x);{'d0': {'_a0_': 0.6238594156688472, '_a2_': 0.9230014208346922, '_a7_': 1.755784420687993, '_a1_': 1.0, '_a3_': 1.0, '_a4_': 1.0, '_a5_': 1.0, '_a6_': 1.0}};{'d0': 0.02490583291941666};-280.569866449044;39.92404976634508
19139;-100.360883458177;((((_a2_ + (x * (_a7_ * (x + _a0_)))) * pow2(_a7_)) * _a0_) * x);{'d0': {'_a0_': 0.6238594156688472, '_a2_': 0.9230014208346922, '_a7_': 1.755784420687993, '_a1_': 1.0, '_a3_': 1.0, '_a4_': 1.0, '_a5_': 1.0, '_a6_': 1.0}};{'d0': 0.02490583291941666};-280.569866449044;39.92404976634508
19140;-100.360883458177;((((_a2_ + (x * (_a7_ * (x + _a0_)))) * pow2(_a7_)) * _a0_) * x);{'d0': {'_a0_': 0.6238594156688472, '_a2_': 0.9230014208346922, '_a7_': 1.755784420687993, '_a1_': 1.0, '_a3_': 1.0, '_a4_': 1.0, '_a5_': 1.0, '_a6_': 1.0}};{'d0': 0.02490583291941666};-280.569866449044;39.92404976634508
19141;-100.360883458177;((((_a2_ + (x * (_a7_ * (x + _a0_)))) * pow2(_a7_)) * _a0_) * x);{'d0': {'_a0_': 0.6238594156688472, '_a2_': 0.9230014208346922, '_a7_': 1.755784420687993, '_a1_': 1.0, '_a3_': 1.0, '_a4_': 1.0, '_a5_': 1.0, '_a6_': 1.0}};{'d0': 0.02490583291941666};-280.569866449044;39.92404976634508
19142;-100.360883458177;((((_a2_ + (x * (_a7_ * (x + _a0_)))) * pow2(_a7_)) * _a0_) * x);{'d0': {'_a0_': 0.6238594156688472, '_a2_': 0.9230014208346922, '_a7_': 1.755784420687993, '_a1_': 1.0, '_a3_': 1.0, '_a4_': 1.0, '_a5_': 1.0, '_a6_': 1.0}};{'d0': 0.02490583291941666};-280.569866449044;39.92404976634508
19143;-100.360883458177;((((_a2_ + (x * (_a7_ * (x + _a0_)))) * pow2(_a7_)) * _a0_) * x);{'d0': {'_a0_': 0.6238594156688472, '_a2_': 0.9230014208346922, '_a7_': 1.755784420687993, '_a1_': 1.0, '_a3_': 1.0, '_a4_': 1.0, '_a5_': 1.0, '_a6_': 1.0}};{'d0': 0.02490583291941666};-280.569866449044;39.92404976634508
19144;-100.360883458177;((((_a2_ + (x * (_a7_ * (x + _a0_)))) * pow2(_a7_)) * _a0_) * x);{'d0': {'_a0_': 0.6238594156688472, '_a2_': 0.9230014208346922, '_a7_': 1.755784420687993, '_a1_': 1.0, '_a3_': 1.0, '_a4_': 1.0, '_a5_': 1.0, '_a6_': 1.0}};{'d0': 0.02490583291941666};-280.569866449044;39.92404976634508
19145;-76.6970136078045;(((((_a5_ + x) / pow2(_a5_)) * _a2_) + -(pow3((((_a5_ + x) * _a1_) + pow2(_a4_))))) * _a5_);{'d0': {'_a1_': 5.231017866358134, '_a2_': -0.03154389486452828, '_a4_': 1.1011933480016434, '_a5_': -0.023630968709671615, '_a0_': 1.0, '_a3_': 1.0, '_a6_': 1.0, '_a7_': 1.0}};{'d0': 0.02488548250186688};-276.524567593312;61.56527018885174
19146;-76.6970136078045;(((((_a5_ + x) / pow2(_a5_)) * _a2_) + -(pow3((((_a5_ + x) * _a1_) + pow2(_a4_))))) * _a5_);{'d0': {'_a1_': 5.231017866358134, '_a2_': -0.03154389486452828, '_a4_': 1.1011933480016434, '_a5_': -0.023630968709671615, '_a0_': 1.0, '_a3_': 1.0, '_a6_': 1.0, '_a7_': 1.0}};{'d0': 0.02488548250186688};-276.524567593312;61.56527018885174
19147;-76.6970136078045;(((((_a5_ + x) / pow2(_a5_)) * _a2_) + -(pow3((((_a5_ + x) * _a1_) + pow2(_a4_))))) * _a5_);{'d0': {'_a1_': 5.231017866358134, '_a2_': -0.03154389486452828, '_a4_': 1.1011933480016434, '_a5_': -0.023630968709671615, '_a0_': 1.0, '_a3_': 1.0, '_a6_': 1.0, '_a7_': 1.0}};{'d0': 0.02488548250186688};-276.524567593312;61.56527018885174
19148;-100.360883458177;((((_a2_ + (x * (_a7_ * (x + _a0_)))) * pow2(_a7_)) * _a0_) * x);{'d0': {'_a0_': 0.6238594156688472, '_a2_': 0.9230014208346922, '_a7_': 1.755784420687993, '_a1_': 1.0, '_a3_': 1.0, '_a4_': 1.0, '_a5_': 1.0, '_a6_': 1.0}};{'d0': 0.02490583291941666};-280.569866449044;39.92404976634508
19149;-100.360883458177;((((_a2_ + (x * (_a7_ * (x + _a0_)))) * pow2(_a7_)) * _a0_) * x);{'d0': {'_a0_': 0.6238594156688472, '_a2_': 0.9230014208346922, '_a7_': 1.755784420687993, '_a1_': 1.0, '_a3_': 1.0, '_a4_': 1.0, '_a5_': 1.0, '_a6_': 1.0}};{'d0': 0.02490583291941666};-280.569866449044;39.92404976634508
19150;-100.360883458177;((((_a2_ + (x * (_a7_ * (x + _a0_)))) * pow2(_a7_)) * _a0_) * x);{'d0': {'_a0_': 0.6238594156688472, '_a2_': 0.9230014208346922, '_a7_': 1.755784420687993, '_a1_': 1.0, '_a3_': 1.0, '_a4_': 1.0, '_a5_': 1.0, '_a6_': 1.0}};{'d0': 0.02490583291941666};-280.569866449044;39.92404976634508
19151;-100.360883458177;((((_a2_ + (x * (_a7_ * (x + _a0_)))) * pow2(_a7_)) * _a0_) * x);{'d0': {'_a0_': 0.6238594156688472, '_a2_': 0.9230014208346922, '_a7_': 1.755784420687993, '_a1_': 1.0, '_a3_': 1.0, '_a4_': 1.0, '_a5_': 1.0, '_a6_': 1.0}};{'d0': 0.02490583291941666};-280.569866449044;39.92404976634508
19152;-100.360883458177;((((_a2_ + (x * (_a7_ * (x + _a0_)))) * pow2(_a7_)) * _a0_) * x);{'d0': {'_a0_': 0.6238594156688472, '_a2_': 0.9230014208346922, '_a7_': 1.755784420687993, '_a1_': 1.0, '_a3_': 1.0, '_a4_': 1.0, '_a5_': 1.0, '_a6_': 1.0}};{'d0': 0.02490583291941666};-280.569866449044;39.92404976634508
19153;-100.360883458177;((((_a2_ + (x * (_a7_ * (x + _a0_)))) * pow2(_a7_)) * _a0_) * x);{'d0': {'_a0_': 0.6238594156688472, '_a2_': 0.9230014208346922, '_a7_': 1.755784420687993, '_a1_': 1.0, '_a3_': 1.0, '_a4_': 1.0, '_a5_': 1.0, '_a6_': 1.0}};{'d0': 0.02490583291941666};-280.569866449044;39.92404976634508
19154;-100.360883458177;((((_a2_ + (x * (_a7_ * (x + _a0_)))) * pow2(_a7_)) * _a0_) * x);{'d0': {'_a0_': 0.6238594156688472, '_a2_': 0.9230014208346922, '_a7_': 1.755784420687993, '_a1_': 1.0, '_a3_': 1.0, '_a4_': 1.0, '_a5_': 1.0, '_a6_': 1.0}};{'d0': 0.02490583291941666};-280.569866449044;39.92404976634508
19155;-100.360883458177;((((_a2_ + (x * (_a7_ * (x + _a0_)))) * pow2(_a7_)) * _a0_) * x);{'d0': {'_a0_': 0.6238594156688472, '_a2_': 0.9230014208346922, '_a7_': 1.755784420687993, '_a1_': 1.0, '_a3_': 1.0, '_a4_': 1.0, '_a5_': 1.0, '_a6_': 1.0}};{'d0': 0.02490583291941666};-280.569866449044;39.92404976634508
19156;-100.360883458177;((((_a2_ + (x * (_a7_ * (x + _a0_)))) * pow2(_a7_)) * _a0_) * x);{'d0': {'_a0_': 0.6238594156688472, '_a2_': 0.9230014208346922, '_a7_': 1.755784420687993, '_a1_': 1.0, '_a3_': 1.0, '_a4_': 1.0, '_a5_': 1.0, '_a6_': 1.0}};{'d0': 0.02490583291941666};-280.569866449044;39.92404976634508
19157;-100.360883458177;((((_a2_ + (x * (_a7_ * (x + _a0_)))) * pow2(_a7_)) * _a0_) * x);{'d0': {'_a0_': 0.6238594156688472, '_a2_': 0.9230014208346922, '_a7_': 1.755784420687993, '_a1_': 1.0, '_a3_': 1.0, '_a4_': 1.0, '_a5_': 1.0, '_a6_': 1.0}};{'d0': 0.02490583291941666};-280.569866449044;39.92404976634508
19158;-100.360883458177;((((_a2_ + (x * (_a7_ * (x + _a0_)))) * pow2(_a7_)) * _a0_) * x);{'d0': {'_a0_': 0.6238594156688472, '_a2_': 0.9230014208346922, '_a7_': 1.755784420687993, '_a1_': 1.0, '_a3_': 1.0, '_a4_': 1.0, '_a5_': 1.0, '_a6_': 1.0}};{'d0': 0.02490583291941666};-280.569866449044;39.92404976634508
19159;-100.360883458177;((((_a2_ + (x * (_a7_ * (x + _a0_)))) * pow2(_a7_)) * _a0_) * x);{'d0': {'_a0_': 0.6238594156688472, '_a2_': 0.9230014208346922, '_a7_': 1.755784420687993, '_a1_': 1.0, '_a3_': 1.0, '_a4_': 1.0, '_a5_': 1.0, '_a6_': 1.0}};{'d0': 0.02490583291941666};-280.569866449044;39.92404976634508
19160;-100.360883458177;((((_a2_ + (x * (_a7_ * (x + _a0_)))) * pow2(_a7_)) * _a0_) * x);{'d0': {'_a0_': 0.6238594156688472, '_a2_': 0.9230014208346922, '_a7_': 1.755784420687993, '_a1_': 1.0, '_a3_': 1.0, '_a4_': 1.0, '_a5_': 1.0, '_a6_': 1.0}};{'d0': 0.02490583291941666};-280.569866449044;39.92404976634508
19161;-100.360883458177;((((_a2_ + (x * (_a7_ * (x + _a0_)))) * pow2(_a7_)) * _a0_) * x);{'d0': {'_a0_': 0.6238594156688472, '_a2_': 0.9230014208346922, '_a7_': 1.755784420687993, '_a1_': 1.0, '_a3_': 1.0, '_a4_': 1.0, '_a5_': 1.0, '_a6_': 1.0}};{'d0': 0.02490583291941666};-280.569866449044;39.92404976634508
19162;-68.8126185185445;((((((_a5_ + x) / pow2(_a1_)) * _a2_) + -(pow3((((_a5_ + x) * _a1_) + pow2(_a4_))))) / _a5_) * _a3_);{'d0': {'_a1_': 0.4307651995004986, '_a2_': -0.005853244879958556, '_a3_': 1.0, '_a4_': 0.3160027000970143, '_a5_': -0.023630977603963044, '_a0_': 1.0, '_a6_': 1.0, '_a7_': 1.0}};{'d0': 0.02488548250186827};-272.430223031087;67.40249299699894
19163;-67.8154473076054;((((((_a5_ + x) / pow2(_a1_)) * _a2_) + -(pow3((((_a5_ + x) / _a1_) + pow2(_a4_))))) / _a5_) * _a3_);{'d0': {'_a1_': 1.592496868490854, '_a2_': -0.2478078557796116, '_a3_': 0.32281770690680867, '_a4_': 0.38153218407659467, '_a5_': -0.023630965773090273, '_a0_': 1.0, '_a6_': 1.0, '_a7_': 1.0}};{'d0': 0.0248854825020193};-272.430223030723;68.39966420775595
19164;-69.8626195888973;((((((_a5_ + x) / pow2(_a1_)) * _a4_) + -(pow3((((_a5_ + x) / _a1_) + pow2(_a4_))))) / _a5_) * _a3_);{'d0': {'_a1_': 0.6718099283574066, '_a3_': 0.02423598838766801, '_a4_': -0.5874180103092322, '_a5_': -0.023630959580975802, '_a0_': 1.0, '_a2_': 1.0, '_a6_': 1.0, '_a7_': 1.0}};{'d0': 0.024885482501869352};-276.524567593306;68.39966420775595
19165;-69.8626195888973;((((((_a5_ + x) / pow2(_a1_)) * _a4_) + -(pow3((((_a5_ + x) / _a1_) + pow2(_a4_))))) / _a5_) * _a3_);{'d0': {'_a1_': 0.6718099283574066, '_a3_': 0.02423598838766801, '_a4_': -0.5874180103092322, '_a5_': -0.023630959580975802, '_a0_': 1.0, '_a2_': 1.0, '_a6_': 1.0, '_a7_': 1.0}};{'d0': 0.024885482501869352};-276.524567593306;68.39966420775595
19166;-69.8626195888973;((((((_a5_ + x) / pow2(_a1_)) * _a4_) + -(pow3((((_a5_ + x) / _a1_) + pow2(_a4_))))) / _a5_) * _a3_);{'d0': {'_a1_': 0.6718099283574066, '_a3_': 0.02423598838766801, '_a4_': -0.5874180103092322, '_a5_': -0.023630959580975802, '_a0_': 1.0, '_a2_': 1.0, '_a6_': 1.0, '_a7_': 1.0}};{'d0': 0.024885482501869352};-276.524567593306;68.39966420775595
19167;-69.8626195888973;((((((_a5_ + x) / pow2(_a1_)) * _a4_) + -(pow3((((_a5_ + x) / _a1_) + pow2(_a4_))))) / _a5_) * _a3_);{'d0': {'_a1_': 0.6718099283574066, '_a3_': 0.02423598838766801, '_a4_': -0.5874180103092322, '_a5_': -0.023630959580975802, '_a0_': 1.0, '_a2_': 1.0, '_a6_': 1.0, '_a7_': 1.0}};{'d0': 0.024885482501869352};-276.524567593306;68.39966420775595
19168;-73.5605540615095;((((((_a5_ + x) / _a1_) * _a4_) + -(pow3((((_a5_ + x) / _a1_) + pow2(_a4_))))) / _a5_) * _a3_);{'d0': {'_a1_': 0.8758211733598205, '_a3_': 0.053699236058649, '_a4_': -0.514473210678006, '_a5_': -0.023630975289734308, '_a0_': 1.0, '_a2_': 1.0, '_a6_': 1.0, '_a7_': 1.0}};{'d0': 0.024885482501867527};-276.524567593311;64.70172973514595
19169;-73.5605540615095;((((((_a5_ + x) / _a1_) * _a4_) + -(pow3((((_a5_ + x) / _a1_) + pow2(_a4_))))) / _a5_) * _a3_);{'d0': {'_a1_': 0.8758211733598205, '_a3_': 0.053699236058649, '_a4_': -0.514473210678006, '_a5_': -0.023630975289734308, '_a0_': 1.0, '_a2_': 1.0, '_a6_': 1.0, '_a7_': 1.0}};{'d0': 0.024885482501867527};-276.524567593311;64.70172973514595
19170;-73.5605540615095;((((((_a5_ + x) / _a1_) * _a4_) + -(pow3((((_a5_ + x) / _a1_) + pow2(_a4_))))) / _a5_) * _a3_);{'d0': {'_a1_': 0.8758211733598205, '_a3_': 0.053699236058649, '_a4_': -0.514473210678006, '_a5_': -0.023630975289734308, '_a0_': 1.0, '_a2_': 1.0, '_a6_': 1.0, '_a7_': 1.0}};{'d0': 0.024885482501867527};-276.524567593311;64.70172973514595
19171;-73.5605540615095;((((((_a5_ + x) / _a1_) * _a4_) + -(pow3((((_a5_ + x) / _a1_) + pow2(_a4_))))) / _a5_) * _a3_);{'d0': {'_a1_': 0.8758211733598205, '_a3_': 0.053699236058649, '_a4_': -0.514473210678006, '_a5_': -0.023630975289734308, '_a0_': 1.0, '_a2_': 1.0, '_a6_': 1.0, '_a7_': 1.0}};{'d0': 0.024885482501867527};-276.524567593311;64.70172973514595
19172;-73.5605540615095;((((((_a5_ + x) / _a1_) * _a4_) + -(pow3((((_a5_ + x) / _a1_) + pow2(_a4_))))) / _a5_) * _a3_);{'d0': {'_a1_': 0.8758211733598205, '_a3_': 0.053699236058649, '_a4_': -0.514473210678006, '_a5_': -0.023630975289734308, '_a0_': 1.0, '_a2_': 1.0, '_a6_': 1.0, '_a7_': 1.0}};{'d0': 0.024885482501867527};-276.524567593311;64.70172973514595
19173;-73.5605540615095;((((((_a5_ + x) / _a1_) * _a4_) + -(pow3((((_a5_ + x) / _a1_) + pow2(_a4_))))) / _a5_) * _a3_);{'d0': {'_a1_': 0.8758211733598205, '_a3_': 0.053699236058649, '_a4_': -0.514473210678006, '_a5_': -0.023630975289734308, '_a0_': 1.0, '_a2_': 1.0, '_a6_': 1.0, '_a7_': 1.0}};{'d0': 0.024885482501867527};-276.524567593311;64.70172973514595
19174;-73.5605540615095;((((((_a5_ + x) / _a1_) * _a4_) + -(pow3((((_a5_ + x) / _a1_) + pow2(_a4_))))) / _a5_) * _a3_);{'d0': {'_a1_': 0.8758211733598205, '_a3_': 0.053699236058649, '_a4_': -0.514473210678006, '_a5_': -0.023630975289734308, '_a0_': 1.0, '_a2_': 1.0, '_a6_': 1.0, '_a7_': 1.0}};{'d0': 0.024885482501867527};-276.524567593311;64.70172973514595
19175;-73.5605540615095;((((((_a5_ + x) / _a1_) * _a4_) + -(pow3((((_a5_ + x) / _a1_) + pow2(_a4_))))) / _a5_) * _a3_);{'d0': {'_a1_': 0.8758211733598205, '_a3_': 0.053699236058649, '_a4_': -0.514473210678006, '_a5_': -0.023630975289734308, '_a0_': 1.0, '_a2_': 1.0, '_a6_': 1.0, '_a7_': 1.0}};{'d0': 0.024885482501867527};-276.524567593311;64.70172973514595
19176;-100.360883458177;((((_a2_ + (x * (_a7_ * (x + _a0_)))) * pow2(_a7_)) * _a0_) * x);{'d0': {'_a0_': 0.6238594156688472, '_a2_': 0.9230014208346922, '_a7_': 1.755784420687993, '_a1_': 1.0, '_a3_': 1.0, '_a4_': 1.0, '_a5_': 1.0, '_a6_': 1.0}};{'d0': 0.02490583291941666};-280.569866449044;39.92404976634508
19177;-100.360883458177;((((_a2_ + (x * (_a7_ * (x + _a0_)))) * pow2(_a7_)) * _a0_) * x);{'d0': {'_a0_': 0.6238594156688472, '_a2_': 0.9230014208346922, '_a7_': 1.755784420687993, '_a1_': 1.0, '_a3_': 1.0, '_a4_': 1.0, '_a5_': 1.0, '_a6_': 1.0}};{'d0': 0.02490583291941666};-280.569866449044;39.92404976634508
19178;-100.360883458177;((((_a2_ + (x * (_a7_ * (x + _a0_)))) * pow2(_a7_)) * _a0_) * x);{'d0': {'_a0_': 0.6238594156688472, '_a2_': 0.9230014208346922, '_a7_': 1.755784420687993, '_a1_': 1.0, '_a3_': 1.0, '_a4_': 1.0, '_a5_': 1.0, '_a6_': 1.0}};{'d0': 0.02490583291941666};-280.569866449044;39.92404976634508
19179;-93.2196566789645;((((_a2_ + (x * (_a7_ * (x + (_a3_ * _a0_))))) * pow2(_a7_)) * _a0_) * x);{'d0': {'_a0_': 0.6238594156688472, '_a2_': 0.9230014208346922, '_a3_': 1.0, '_a7_': 1.755784420687993, '_a1_': 1.0, '_a4_': 1.0, '_a5_': 1.0, '_a6_': 1.0}};{'d0': 0.02490583291941666};-276.475521886821;45.01810426444608
19180;-93.2196566789645;((((_a2_ + (x * (_a7_ * (x + (_a3_ * _a0_))))) * pow2(_a7_)) * _a0_) * x);{'d0': {'_a0_': 0.6238594156688472, '_a2_': 0.9230014208346922, '_a3_': 1.0, '_a7_': 1.755784420687993, '_a1_': 1.0, '_a4_': 1.0, '_a5_': 1.0, '_a6_': 1.0}};{'d0': 0.02490583291941666};-276.475521886821;45.01810426444608
19181;-93.2196566789645;((((_a2_ + (x * (_a7_ * (x + (_a3_ * _a0_))))) * pow2(_a7_)) * _a0_) * x);{'d0': {'_a0_': 0.6238594156688472, '_a2_': 0.9230014208346922, '_a3_': 1.0, '_a7_': 1.755784420687993, '_a1_': 1.0, '_a4_': 1.0, '_a5_': 1.0, '_a6_': 1.0}};{'d0': 0.02490583291941666};-276.475521886821;45.01810426444608
19182;-93.2196566789645;((((_a2_ + (x * (_a7_ * (x + (_a3_ * _a0_))))) * pow2(_a7_)) * _a0_) * x);{'d0': {'_a0_': 0.6238594156688472, '_a2_': 0.9230014208346922, '_a3_': 1.0, '_a7_': 1.755784420687993, '_a1_': 1.0, '_a4_': 1.0, '_a5_': 1.0, '_a6_': 1.0}};{'d0': 0.02490583291941666};-276.475521886821;45.01810426444608
19183;-100.360883458177;((((_a2_ + (x * (_a7_ * (x + _a2_)))) * pow2(_a7_)) * _a0_) * x);{'d0': {'_a0_': 2.0203826985391333, '_a2_': 0.623859415572409, '_a7_': 1.1867399309073383, '_a1_': 1.0, '_a3_': 1.0, '_a4_': 1.0, '_a5_': 1.0, '_a6_': 1.0}};{'d0': 0.024905832919416577};-280.569866449044;39.92404976634508
19184;-100.360883458177;((((_a2_ + (x * (_a7_ * (x + _a2_)))) * pow2(_a7_)) * _a0_) * x);{'d0': {'_a0_': 2.0203826985391333, '_a2_': 0.623859415572409, '_a7_': 1.1867399309073383, '_a1_': 1.0, '_a3_': 1.0, '_a4_': 1.0, '_a5_': 1.0, '_a6_': 1.0}};{'d0': 0.024905832919416577};-280.569866449044;39.92404976634508
19185;-99.4871078681479;((((_a2_ + (x * (_a7_ * (x + _a2_)))) ** pow2(_a7_)) * _a0_) * x);{'d0': {'_a0_': 2.990216003944883, '_a2_': 0.6213643579030117, '_a7_': 1.049911941616412, '_a1_': 1.0, '_a3_': 1.0, '_a4_': 1.0, '_a5_': 1.0, '_a6_': 1.0}};{'d0': 0.024276274410479803};-282.106017537628;41.56590090066608
19186;-99.4871078681479;((((_a2_ + (x * (_a7_ * (x + _a2_)))) ** pow2(_a7_)) * _a0_) * x);{'d0': {'_a0_': 2.990216003944883, '_a2_': 0.6213643579030117, '_a7_': 1.049911941616412, '_a1_': 1.0, '_a3_': 1.0, '_a4_': 1.0, '_a5_': 1.0, '_a6_': 1.0}};{'d0': 0.024276274410479803};-282.106017537628;41.56590090066608
19187;-99.4871078681479;((((_a2_ + (x * (_a7_ * (x + _a2_)))) ** pow2(_a7_)) * _a0_) * x);{'d0': {'_a0_': 2.990216003944883, '_a2_': 0.6213643579030117, '_a7_': 1.049911941616412, '_a1_': 1.0, '_a3_': 1.0, '_a4_': 1.0, '_a5_': 1.0, '_a6_': 1.0}};{'d0': 0.024276274410479803};-282.106017537628;41.56590090066608
19188;-99.4871078681479;((((_a2_ + (x * (_a7_ * (x + _a2_)))) ** pow2(_a7_)) * _a0_) * x);{'d0': {'_a0_': 2.990216003944883, '_a2_': 0.6213643579030117, '_a7_': 1.049911941616412, '_a1_': 1.0, '_a3_': 1.0, '_a4_': 1.0, '_a5_': 1.0, '_a6_': 1.0}};{'d0': 0.024276274410479803};-282.106017537628;41.56590090066608
19189;-99.4871078681479;((((_a2_ + (x * (_a7_ * (x + _a2_)))) ** pow2(_a7_)) * _a0_) * x);{'d0': {'_a0_': 2.990216003944883, '_a2_': 0.6213643579030117, '_a7_': 1.049911941616412, '_a1_': 1.0, '_a3_': 1.0, '_a4_': 1.0, '_a5_': 1.0, '_a6_': 1.0}};{'d0': 0.024276274410479803};-282.106017537628;41.56590090066608
19190;-99.4871078681479;((((_a2_ + (x * (_a7_ * (x + _a2_)))) ** pow2(_a7_)) * _a0_) * x);{'d0': {'_a0_': 2.990216003944883, '_a2_': 0.6213643579030117, '_a7_': 1.049911941616412, '_a1_': 1.0, '_a3_': 1.0, '_a4_': 1.0, '_a5_': 1.0, '_a6_': 1.0}};{'d0': 0.024276274410479803};-282.106017537628;41.56590090066608
19191;-99.4871078681479;((((_a2_ + (x * (_a7_ * (x + _a2_)))) ** pow2(_a7_)) * _a0_) * x);{'d0': {'_a0_': 2.990216003944883, '_a2_': 0.6213643579030117, '_a7_': 1.049911941616412, '_a1_': 1.0, '_a3_': 1.0, '_a4_': 1.0, '_a5_': 1.0, '_a6_': 1.0}};{'d0': 0.024276274410479803};-282.106017537628;41.56590090066608
19192;-99.4871078681479;((((_a2_ + (x * (_a7_ * (x + _a2_)))) ** pow2(_a7_)) * _a0_) * x);{'d0': {'_a0_': 2.990216003944883, '_a2_': 0.6213643579030117, '_a7_': 1.049911941616412, '_a1_': 1.0, '_a3_': 1.0, '_a4_': 1.0, '_a5_': 1.0, '_a6_': 1.0}};{'d0': 0.024276274410479803};-282.106017537628;41.56590090066608
19193;-99.4871078681479;((((_a2_ + (x * (_a7_ * (x + _a2_)))) ** pow2(_a7_)) * _a0_) * x);{'d0': {'_a0_': 2.990216003944883, '_a2_': 0.6213643579030117, '_a7_': 1.049911941616412, '_a1_': 1.0, '_a3_': 1.0, '_a4_': 1.0, '_a5_': 1.0, '_a6_': 1.0}};{'d0': 0.024276274410479803};-282.106017537628;41.56590090066608
19194;-99.4871078681479;((((_a2_ + (x * (_a7_ * (x + _a2_)))) ** pow2(_a7_)) * _a0_) * x);{'d0': {'_a0_': 2.990216003944883, '_a2_': 0.6213643579030117, '_a7_': 1.049911941616412, '_a1_': 1.0, '_a3_': 1.0, '_a4_': 1.0, '_a5_': 1.0, '_a6_': 1.0}};{'d0': 0.024276274410479803};-282.106017537628;41.56590090066608
19195;-93.5665068191178;((((_a2_ + (x * (_a7_ * (x + _a2_)))) ** pow2(_a7_)) * (_a2_ + _a0_)) * x);{'d0': {'_a0_': 2.3688516440816882, '_a2_': 0.6213643587232403, '_a7_': 1.0499119406822308, '_a1_': 1.0, '_a3_': 1.0, '_a4_': 1.0, '_a5_': 1.0, '_a6_': 1.0}};{'d0': 0.02427627441047985};-282.106017537628;47.48650194969608
19196;-93.5665068191178;((((_a2_ + (x * (_a7_ * (x + _a2_)))) ** pow2(_a7_)) * (_a2_ + _a0_)) * x);{'d0': {'_a0_': 2.3688516440816882, '_a2_': 0.6213643587232403, '_a7_': 1.0499119406822308, '_a1_': 1.0, '_a3_': 1.0, '_a4_': 1.0, '_a5_': 1.0, '_a6_': 1.0}};{'d0': 0.02427627441047985};-282.106017537628;47.48650194969608
19197;-93.5665068191178;((((_a2_ + (x * (_a7_ * (x + _a2_)))) ** pow2(_a7_)) * (_a2_ + _a0_)) * x);{'d0': {'_a0_': 2.3688516440816882, '_a2_': 0.6213643587232403, '_a7_': 1.0499119406822308, '_a1_': 1.0, '_a3_': 1.0, '_a4_': 1.0, '_a5_': 1.0, '_a6_': 1.0}};{'d0': 0.02427627441047985};-282.106017537628;47.48650194969608
19198;-93.5665068191178;((((_a2_ + (x * (_a7_ * (x + _a2_)))) ** pow2(_a7_)) * (_a2_ + _a0_)) * x);{'d0': {'_a0_': 2.3688516440816882, '_a2_': 0.6213643587232403, '_a7_': 1.0499119406822308, '_a1_': 1.0, '_a3_': 1.0, '_a4_': 1.0, '_a5_': 1.0, '_a6_': 1.0}};{'d0': 0.02427627441047985};-282.106017537628;47.48650194969608
19199;-93.5665068191178;((((_a2_ + (x * (_a7_ * (x + _a2_)))) ** pow2(_a7_)) * (_a2_ + _a0_)) * x);{'d0': {'_a0_': 2.3688516440816882, '_a2_': 0.6213643587232403, '_a7_': 1.0499119406822308, '_a1_': 1.0, '_a3_': 1.0, '_a4_': 1.0, '_a5_': 1.0, '_a6_': 1.0}};{'d0': 0.02427627441047985};-282.106017537628;47.48650194969608
19200;-93.5665068191178;((((_a2_ + (x * (_a7_ * (x + _a2_)))) ** pow2(_a7_)) * (_a2_ + _a0_)) * x);{'d0': {'_a0_': 2.3688516440816882, '_a2_': 0.6213643587232403, '_a7_': 1.0499119406822308, '_a1_': 1.0, '_a3_': 1.0, '_a4_': 1.0, '_a5_': 1.0, '_a6_': 1.0}};{'d0': 0.02427627441047985};-282.106017537628;47.48650194969608
19201;-93.5665068191178;((((_a2_ + (x * (_a7_ * (x + _a2_)))) ** pow2(_a7_)) * (_a2_ + _a0_)) * x);{'d0': {'_a0_': 2.3688516440816882, '_a2_': 0.6213643587232403, '_a7_': 1.0499119406822308, '_a1_': 1.0, '_a3_': 1.0, '_a4_': 1.0, '_a5_': 1.0, '_a6_': 1.0}};{'d0': 0.02427627441047985};-282.106017537628;47.48650194969608
19202;-93.5665068191178;((((_a2_ + (x * (_a7_ * (x + _a2_)))) ** pow2(_a7_)) * (_a2_ + _a0_)) * x);{'d0': {'_a0_': 2.3688516440816882, '_a2_': 0.6213643587232403, '_a7_': 1.0499119406822308, '_a1_': 1.0, '_a3_': 1.0, '_a4_': 1.0, '_a5_': 1.0, '_a6_': 1.0}};{'d0': 0.02427627441047985};-282.106017537628;47.48650194969608
19203;-93.5665068191178;((((_a2_ + (x * (_a7_ * (x + _a2_)))) ** pow2(_a7_)) * (_a2_ + _a0_)) * x);{'d0': {'_a0_': 2.3688516440816882, '_a2_': 0.6213643587232403, '_a7_': 1.0499119406822308, '_a1_': 1.0, '_a3_': 1.0, '_a4_': 1.0, '_a5_': 1.0, '_a6_': 1.0}};{'d0': 0.02427627441047985};-282.106017537628;47.48650194969608
19204;-93.5665068191178;((((_a2_ + (x * (_a7_ * (x + _a2_)))) ** pow2(_a7_)) * (_a2_ + _a0_)) * x);{'d0': {'_a0_': 2.3688516440816882, '_a2_': 0.6213643587232403, '_a7_': 1.0499119406822308, '_a1_': 1.0, '_a3_': 1.0, '_a4_': 1.0, '_a5_': 1.0, '_a6_': 1.0}};{'d0': 0.02427627441047985};-282.106017537628;47.48650194969608
19205;-93.5665068191178;((((_a2_ + (x * (_a7_ * (x + _a2_)))) ** pow2(_a7_)) * (_a2_ + _a0_)) * x);{'d0': {'_a0_': 2.3688516440816882, '_a2_': 0.6213643587232403, '_a7_': 1.0499119406822308, '_a1_': 1.0, '_a3_': 1.0, '_a4_': 1.0, '_a5_': 1.0, '_a6_': 1.0}};{'d0': 0.02427627441047985};-282.106017537628;47.48650194969608
19206;-93.5665068191178;((((_a2_ + (x * (_a7_ * (x + _a2_)))) ** pow2(_a7_)) * (_a2_ + _a0_)) * x);{'d0': {'_a0_': 2.3688516440816882, '_a2_': 0.6213643587232403, '_a7_': 1.0499119406822308, '_a1_': 1.0, '_a3_': 1.0, '_a4_': 1.0, '_a5_': 1.0, '_a6_': 1.0}};{'d0': 0.02427627441047985};-282.106017537628;47.48650194969608
19207;-93.5665068191178;((((_a2_ + (x * (_a7_ * (x + _a2_)))) ** pow2(_a7_)) * (_a2_ + _a0_)) * x);{'d0': {'_a0_': 2.3688516440816882, '_a2_': 0.6213643587232403, '_a7_': 1.0499119406822308, '_a1_': 1.0, '_a3_': 1.0, '_a4_': 1.0, '_a5_': 1.0, '_a6_': 1.0}};{'d0': 0.02427627441047985};-282.106017537628;47.48650194969608
19208;-93.5665068191178;((((_a2_ + (x * (_a7_ * (x + _a2_)))) ** pow2(_a7_)) * (_a2_ + _a0_)) * x);{'d0': {'_a0_': 2.3688516440816882, '_a2_': 0.6213643587232403, '_a7_': 1.0499119406822308, '_a1_': 1.0, '_a3_': 1.0, '_a4_': 1.0, '_a5_': 1.0, '_a6_': 1.0}};{'d0': 0.02427627441047985};-282.106017537628;47.48650194969608
19209;-93.5665068191178;((((_a2_ + (x * (_a7_ * (x + _a2_)))) ** pow2(_a7_)) * (_a2_ + _a0_)) * x);{'d0': {'_a0_': 2.3688516440816882, '_a2_': 0.6213643587232403, '_a7_': 1.0499119406822308, '_a1_': 1.0, '_a3_': 1.0, '_a4_': 1.0, '_a5_': 1.0, '_a6_': 1.0}};{'d0': 0.02427627441047985};-282.106017537628;47.48650194969608
19210;-93.5665068191178;((((_a2_ + (x * (_a7_ * (x + _a2_)))) ** pow2(_a7_)) * (_a2_ + _a0_)) * x);{'d0': {'_a0_': 2.3688516440816882, '_a2_': 0.6213643587232403, '_a7_': 1.0499119406822308, '_a1_': 1.0, '_a3_': 1.0, '_a4_': 1.0, '_a5_': 1.0, '_a6_': 1.0}};{'d0': 0.02427627441047985};-282.106017537628;47.48650194969608
19211;-93.5665068191178;((((_a2_ + (x * (_a7_ * (x + _a2_)))) ** pow2(_a7_)) * (_a2_ + _a0_)) * x);{'d0': {'_a0_': 2.3688516440816882, '_a2_': 0.6213643587232403, '_a7_': 1.0499119406822308, '_a1_': 1.0, '_a3_': 1.0, '_a4_': 1.0, '_a5_': 1.0, '_a6_': 1.0}};{'d0': 0.02427627441047985};-282.106017537628;47.48650194969608
19212;-93.5665068191178;((((_a2_ + (x * (_a7_ * (x + _a2_)))) ** pow2(_a7_)) * (_a2_ + _a0_)) * x);{'d0': {'_a0_': 2.3688516440816882, '_a2_': 0.6213643587232403, '_a7_': 1.0499119406822308, '_a1_': 1.0, '_a3_': 1.0, '_a4_': 1.0, '_a5_': 1.0, '_a6_': 1.0}};{'d0': 0.02427627441047985};-282.106017537628;47.48650194969608
19213;-93.5665068191178;((((_a2_ + (x * (_a7_ * (x + _a2_)))) ** pow2(_a7_)) * (_a2_ + _a0_)) * x);{'d0': {'_a0_': 2.3688516440816882, '_a2_': 0.6213643587232403, '_a7_': 1.0499119406822308, '_a1_': 1.0, '_a3_': 1.0, '_a4_': 1.0, '_a5_': 1.0, '_a6_': 1.0}};{'d0': 0.02427627441047985};-282.106017537628;47.48650194969608
19214;-93.5665068191178;((((_a2_ + (x * (_a7_ * (x + _a2_)))) ** pow2(_a7_)) * (_a2_ + _a0_)) * x);{'d0': {'_a0_': 2.3688516440816882, '_a2_': 0.6213643587232403, '_a7_': 1.0499119406822308, '_a1_': 1.0, '_a3_': 1.0, '_a4_': 1.0, '_a5_': 1.0, '_a6_': 1.0}};{'d0': 0.02427627441047985};-282.106017537628;47.48650194969608
19215;-93.5665068191178;((((_a2_ + (x * (_a7_ * (x + _a2_)))) ** pow2(_a7_)) * (_a2_ + _a0_)) * x);{'d0': {'_a0_': 2.3688516440816882, '_a2_': 0.6213643587232403, '_a7_': 1.0499119406822308, '_a1_': 1.0, '_a3_': 1.0, '_a4_': 1.0, '_a5_': 1.0, '_a6_': 1.0}};{'d0': 0.02427627441047985};-282.106017537628;47.48650194969608
19216;-93.5665068191178;((((_a2_ + (x * (_a7_ * (x + _a2_)))) ** pow2(_a7_)) * (_a2_ + _a0_)) * x);{'d0': {'_a0_': 2.3688516440816882, '_a2_': 0.6213643587232403, '_a7_': 1.0499119406822308, '_a1_': 1.0, '_a3_': 1.0, '_a4_': 1.0, '_a5_': 1.0, '_a6_': 1.0}};{'d0': 0.02427627441047985};-282.106017537628;47.48650194969608
19217;-93.5665068191178;((((_a2_ + (x * (_a7_ * (x + _a2_)))) ** pow2(_a7_)) * (_a2_ + _a0_)) * x);{'d0': {'_a0_': 2.3688516440816882, '_a2_': 0.6213643587232403, '_a7_': 1.0499119406822308, '_a1_': 1.0, '_a3_': 1.0, '_a4_': 1.0, '_a5_': 1.0, '_a6_': 1.0}};{'d0': 0.02427627441047985};-282.106017537628;47.48650194969608
19218;-93.5665068191178;((((_a2_ + (x * (_a7_ * (x + _a2_)))) ** pow2(_a7_)) * (_a2_ + _a0_)) * x);{'d0': {'_a0_': 2.3688516440816882, '_a2_': 0.6213643587232403, '_a7_': 1.0499119406822308, '_a1_': 1.0, '_a3_': 1.0, '_a4_': 1.0, '_a5_': 1.0, '_a6_': 1.0}};{'d0': 0.02427627441047985};-282.106017537628;47.48650194969608
19219;-93.6868161017455;((((_a2_ + (x * (_a7_ * (x + _a2_)))) ** pow2(_a7_)) * (_a2_ / _a0_)) * x);{'d0': {'_a0_': 0.20779915497249798, '_a2_': 0.621364358598386, '_a7_': 1.0499119406487736, '_a1_': 1.0, '_a3_': 1.0, '_a4_': 1.0, '_a5_': 1.0, '_a6_': 1.0}};{'d0': 0.024276274410479786};-282.106017537628;47.366192667068475
19220;-93.6868161017455;((((_a2_ + (x * (_a7_ * (x + _a2_)))) ** pow2(_a7_)) * (_a2_ / _a0_)) * x);{'d0': {'_a0_': 0.20779915497249798, '_a2_': 0.621364358598386, '_a7_': 1.0499119406487736, '_a1_': 1.0, '_a3_': 1.0, '_a4_': 1.0, '_a5_': 1.0, '_a6_': 1.0}};{'d0': 0.024276274410479786};-282.106017537628;47.366192667068475
19221;-93.6868161017455;((((_a2_ + (x * (_a7_ * (x + _a2_)))) ** pow2(_a7_)) * (_a2_ / _a0_)) * x);{'d0': {'_a0_': 0.20779915497249798, '_a2_': 0.621364358598386, '_a7_': 1.0499119406487736, '_a1_': 1.0, '_a3_': 1.0, '_a4_': 1.0, '_a5_': 1.0, '_a6_': 1.0}};{'d0': 0.024276274410479786};-282.106017537628;47.366192667068475
19222;-93.6868161017455;((((_a2_ + (x * (_a7_ * (x + _a2_)))) ** pow2(_a7_)) * (_a2_ / _a0_)) * x);{'d0': {'_a0_': 0.20779915497249798, '_a2_': 0.621364358598386, '_a7_': 1.0499119406487736, '_a1_': 1.0, '_a3_': 1.0, '_a4_': 1.0, '_a5_': 1.0, '_a6_': 1.0}};{'d0': 0.024276274410479786};-282.106017537628;47.366192667068475
19223;-93.6868161017455;((((_a2_ + (x * (_a7_ * (x + _a2_)))) ** pow2(_a7_)) * (_a2_ / _a0_)) * x);{'d0': {'_a0_': 0.20779915497249798, '_a2_': 0.621364358598386, '_a7_': 1.0499119406487736, '_a1_': 1.0, '_a3_': 1.0, '_a4_': 1.0, '_a5_': 1.0, '_a6_': 1.0}};{'d0': 0.024276274410479786};-282.106017537628;47.366192667068475
19224;-93.6868161017455;((((_a2_ + (x * (_a7_ * (x + _a2_)))) ** pow2(_a7_)) * (_a2_ / _a0_)) * x);{'d0': {'_a0_': 0.20779915497249798, '_a2_': 0.621364358598386, '_a7_': 1.0499119406487736, '_a1_': 1.0, '_a3_': 1.0, '_a4_': 1.0, '_a5_': 1.0, '_a6_': 1.0}};{'d0': 0.024276274410479786};-282.106017537628;47.366192667068475
19225;-93.6868161017455;((((_a2_ + (x * (_a7_ * (x + _a2_)))) ** pow2(_a7_)) * (_a2_ / _a0_)) * x);{'d0': {'_a0_': 0.20779915497249798, '_a2_': 0.621364358598386, '_a7_': 1.0499119406487736, '_a1_': 1.0, '_a3_': 1.0, '_a4_': 1.0, '_a5_': 1.0, '_a6_': 1.0}};{'d0': 0.024276274410479786};-282.106017537628;47.366192667068475
19226;-93.6868161017455;((((_a2_ + (x * (_a7_ * (x + _a2_)))) ** pow2(_a7_)) * (_a2_ / _a0_)) * x);{'d0': {'_a0_': 0.20779915497249798, '_a2_': 0.621364358598386, '_a7_': 1.0499119406487736, '_a1_': 1.0, '_a3_': 1.0, '_a4_': 1.0, '_a5_': 1.0, '_a6_': 1.0}};{'d0': 0.024276274410479786};-282.106017537628;47.366192667068475
19227;-93.6868161017455;((((_a2_ + (x * (_a7_ * (x + _a2_)))) ** pow2(_a7_)) * (_a2_ / _a0_)) * x);{'d0': {'_a0_': 0.20779915497249798, '_a2_': 0.621364358598386, '_a7_': 1.0499119406487736, '_a1_': 1.0, '_a3_': 1.0, '_a4_': 1.0, '_a5_': 1.0, '_a6_': 1.0}};{'d0': 0.024276274410479786};-282.106017537628;47.366192667068475
19228;-93.6868161017455;((((_a2_ + (x * (_a7_ * (x + _a2_)))) ** pow2(_a7_)) * (_a2_ / _a0_)) * x);{'d0': {'_a0_': 0.20779915497249798, '_a2_': 0.621364358598386, '_a7_': 1.0499119406487736, '_a1_': 1.0, '_a3_': 1.0, '_a4_': 1.0, '_a5_': 1.0, '_a6_': 1.0}};{'d0': 0.024276274410479786};-282.106017537628;47.366192667068475
19229;-93.6868161017455;((((_a2_ + (x * (_a7_ * (x + _a2_)))) ** pow2(_a7_)) * (_a2_ / _a0_)) * x);{'d0': {'_a0_': 0.20779915497249798, '_a2_': 0.621364358598386, '_a7_': 1.0499119406487736, '_a1_': 1.0, '_a3_': 1.0, '_a4_': 1.0, '_a5_': 1.0, '_a6_': 1.0}};{'d0': 0.024276274410479786};-282.106017537628;47.366192667068475
19230;-93.6868161017455;((((_a2_ + (x * (_a7_ * (x + _a2_)))) ** pow2(_a7_)) * (_a2_ / _a0_)) * x);{'d0': {'_a0_': 0.20779915497249798, '_a2_': 0.621364358598386, '_a7_': 1.0499119406487736, '_a1_': 1.0, '_a3_': 1.0, '_a4_': 1.0, '_a5_': 1.0, '_a6_': 1.0}};{'d0': 0.024276274410479786};-282.106017537628;47.366192667068475
19231;-93.6868161017455;((((_a2_ + (x * (_a7_ * (x + _a2_)))) ** pow2(_a7_)) * (_a2_ / _a0_)) * x);{'d0': {'_a0_': 0.20779915497249798, '_a2_': 0.621364358598386, '_a7_': 1.0499119406487736, '_a1_': 1.0, '_a3_': 1.0, '_a4_': 1.0, '_a5_': 1.0, '_a6_': 1.0}};{'d0': 0.024276274410479786};-282.106017537628;47.366192667068475
19232;-93.6868161017455;((((_a2_ + (x * (_a7_ * (x + _a2_)))) ** pow2(_a7_)) * (_a2_ / _a0_)) * x);{'d0': {'_a0_': 0.20779915497249798, '_a2_': 0.621364358598386, '_a7_': 1.0499119406487736, '_a1_': 1.0, '_a3_': 1.0, '_a4_': 1.0, '_a5_': 1.0, '_a6_': 1.0}};{'d0': 0.024276274410479786};-282.106017537628;47.366192667068475
19233;-93.6868161017455;((((_a2_ + (x * (_a7_ * (x + _a2_)))) ** pow2(_a7_)) * (_a2_ / _a0_)) * x);{'d0': {'_a0_': 0.20779915497249798, '_a2_': 0.621364358598386, '_a7_': 1.0499119406487736, '_a1_': 1.0, '_a3_': 1.0, '_a4_': 1.0, '_a5_': 1.0, '_a6_': 1.0}};{'d0': 0.024276274410479786};-282.106017537628;47.366192667068475
19234;-93.6868161017455;((((_a2_ + (x * (_a7_ * (x + _a2_)))) ** pow2(_a7_)) * (_a2_ / _a0_)) * x);{'d0': {'_a0_': 0.20779915497249798, '_a2_': 0.621364358598386, '_a7_': 1.0499119406487736, '_a1_': 1.0, '_a3_': 1.0, '_a4_': 1.0, '_a5_': 1.0, '_a6_': 1.0}};{'d0': 0.024276274410479786};-282.106017537628;47.366192667068475
19235;-93.6868161017455;((((_a2_ + (x * (_a7_ * (x + _a2_)))) ** pow2(_a7_)) * (_a2_ / _a0_)) * x);{'d0': {'_a0_': 0.20779915497249798, '_a2_': 0.621364358598386, '_a7_': 1.0499119406487736, '_a1_': 1.0, '_a3_': 1.0, '_a4_': 1.0, '_a5_': 1.0, '_a6_': 1.0}};{'d0': 0.024276274410479786};-282.106017537628;47.366192667068475
19236;-93.6868161017455;((((_a2_ + (x * (_a7_ * (x + _a2_)))) ** pow2(_a7_)) * (_a2_ / _a0_)) * x);{'d0': {'_a0_': 0.20779915497249798, '_a2_': 0.621364358598386, '_a7_': 1.0499119406487736, '_a1_': 1.0, '_a3_': 1.0, '_a4_': 1.0, '_a5_': 1.0, '_a6_': 1.0}};{'d0': 0.024276274410479786};-282.106017537628;47.366192667068475
19237;-93.6868161017455;((((_a2_ + (x * (_a7_ * (x + _a2_)))) ** pow2(_a7_)) * (_a2_ / _a0_)) * x);{'d0': {'_a0_': 0.20779915497249798, '_a2_': 0.621364358598386, '_a7_': 1.0499119406487736, '_a1_': 1.0, '_a3_': 1.0, '_a4_': 1.0, '_a5_': 1.0, '_a6_': 1.0}};{'d0': 0.024276274410479786};-282.106017537628;47.366192667068475
19238;-87.7662150527155;((((_a2_ + (x * (_a7_ * (x + _a2_)))) ** pow2(_a7_)) * (_a2_ / (_a7_ + _a6_))) * x);{'d0': {'_a2_': 0.6213643585990133, '_a6_': -0.8421127856292868, '_a7_': 1.04991194060313, '_a0_': 1.0, '_a1_': 1.0, '_a3_': 1.0, '_a4_': 1.0, '_a5_': 1.0}};{'d0': 0.02427627441047979};-282.106017537628;53.28679371609847
19239;-87.7662150527155;((((_a2_ + (x * (_a7_ * (x + _a2_)))) ** pow2(_a7_)) * (_a2_ / (_a7_ + _a6_))) * x);{'d0': {'_a2_': 0.6213643585990133, '_a6_': -0.8421127856292868, '_a7_': 1.04991194060313, '_a0_': 1.0, '_a1_': 1.0, '_a3_': 1.0, '_a4_': 1.0, '_a5_': 1.0}};{'d0': 0.02427627441047979};-282.106017537628;53.28679371609847
19240;-87.7662150527155;((((_a2_ + (x * (_a7_ * (x + _a2_)))) ** pow2(_a7_)) * (_a2_ / (_a7_ + _a6_))) * x);{'d0': {'_a2_': 0.6213643585990133, '_a6_': -0.8421127856292868, '_a7_': 1.04991194060313, '_a0_': 1.0, '_a1_': 1.0, '_a3_': 1.0, '_a4_': 1.0, '_a5_': 1.0}};{'d0': 0.02427627441047979};-282.106017537628;53.28679371609847
19241;-87.7662150527155;((((_a2_ + (x * (_a7_ * (x + _a2_)))) ** pow2(_a7_)) * (_a2_ / (_a7_ + _a6_))) * x);{'d0': {'_a2_': 0.6213643585990133, '_a6_': -0.8421127856292868, '_a7_': 1.04991194060313, '_a0_': 1.0, '_a1_': 1.0, '_a3_': 1.0, '_a4_': 1.0, '_a5_': 1.0}};{'d0': 0.02427627441047979};-282.106017537628;53.28679371609847
19242;-87.7662150527155;((((_a2_ + (x * (_a7_ * (x + _a2_)))) ** pow2(_a7_)) * (_a2_ / (_a7_ + _a6_))) * x);{'d0': {'_a2_': 0.6213643585990133, '_a6_': -0.8421127856292868, '_a7_': 1.04991194060313, '_a0_': 1.0, '_a1_': 1.0, '_a3_': 1.0, '_a4_': 1.0, '_a5_': 1.0}};{'d0': 0.02427627441047979};-282.106017537628;53.28679371609847
19243;-87.7662150527155;((((_a2_ + (x * (_a7_ * (x + _a2_)))) ** pow2(_a7_)) * (_a2_ / (_a7_ + _a6_))) * x);{'d0': {'_a2_': 0.6213643585990133, '_a6_': -0.8421127856292868, '_a7_': 1.04991194060313, '_a0_': 1.0, '_a1_': 1.0, '_a3_': 1.0, '_a4_': 1.0, '_a5_': 1.0}};{'d0': 0.02427627441047979};-282.106017537628;53.28679371609847
19244;-87.7662150527155;((((_a2_ + (x * (_a7_ * (x + _a2_)))) ** pow2(_a7_)) * (_a2_ / (_a7_ + _a6_))) * x);{'d0': {'_a2_': 0.6213643585990133, '_a6_': -0.8421127856292868, '_a7_': 1.04991194060313, '_a0_': 1.0, '_a1_': 1.0, '_a3_': 1.0, '_a4_': 1.0, '_a5_': 1.0}};{'d0': 0.02427627441047979};-282.106017537628;53.28679371609847
19245;-87.7662150527155;((((_a2_ + (x * (_a7_ * (x + _a2_)))) ** pow2(_a7_)) * (_a2_ / (_a7_ + _a6_))) * x);{'d0': {'_a2_': 0.6213643585990133, '_a6_': -0.8421127856292868, '_a7_': 1.04991194060313, '_a0_': 1.0, '_a1_': 1.0, '_a3_': 1.0, '_a4_': 1.0, '_a5_': 1.0}};{'d0': 0.02427627441047979};-282.106017537628;53.28679371609847
19246;-87.8244650463760;((((_a2_ + (x * (_a7_ * (x + _a2_)))) / pow2(_a7_)) * (_a2_ / (_a7_ + _a6_))) * x);{'d0': {'_a2_': 0.6238594154250163, '_a6_': -1.031060631019385, '_a7_': 1.1867399312108864, '_a0_': 1.0, '_a1_': 1.0, '_a3_': 1.0, '_a4_': 1.0, '_a5_': 1.0}};{'d0': 0.024905832919416643};-280.569866449044;52.460468178145675
19247;-87.8244650463760;((((_a2_ + (x * (_a7_ * (x + _a2_)))) / pow2(_a7_)) * (_a2_ / (_a7_ + _a6_))) * x);{'d0': {'_a2_': 0.6238594154250163, '_a6_': -1.031060631019385, '_a7_': 1.1867399312108864, '_a0_': 1.0, '_a1_': 1.0, '_a3_': 1.0, '_a4_': 1.0, '_a5_': 1.0}};{'d0': 0.024905832919416643};-280.569866449044;52.460468178145675
19248;-93.0441623836557;(x * (_a4_ + (((x + (_a2_ * (_a4_ * (_a5_ + (_a5_ * _a5_))))) * x) * _a2_)));{'d0': {'_a2_': 3.3767608779287888, '_a4_': 1.7751354042659275, '_a5_': -1.0950437311689647, '_a0_': 1.0, '_a1_': 1.0, '_a3_': 1.0, '_a6_': 1.0, '_a7_': 1.0}};{'d0': 0.024905832919416653};-280.569866449044;47.24077084086595
19249;-93.0441623836557;(x * (_a4_ + (((x + (_a2_ * (_a4_ * (_a5_ + (_a5_ * _a5_))))) * x) * _a2_)));{'d0': {'_a2_': 3.3767608779287888, '_a4_': 1.7751354042659275, '_a5_': -1.0950437311689647, '_a0_': 1.0, '_a1_': 1.0, '_a3_': 1.0, '_a6_': 1.0, '_a7_': 1.0}};{'d0': 0.024905832919416653};-280.569866449044;47.24077084086595
19250;-93.0441623836557;(x * (_a4_ + (((x + (_a2_ * (_a4_ * (_a5_ + (_a5_ * _a5_))))) * x) * _a2_)));{'d0': {'_a2_': 3.3767608779287888, '_a4_': 1.7751354042659275, '_a5_': -1.0950437311689647, '_a0_': 1.0, '_a1_': 1.0, '_a3_': 1.0, '_a6_': 1.0, '_a7_': 1.0}};{'d0': 0.024905832919416653};-280.569866449044;47.24077084086595
19251;-93.0441623836557;(x * (_a4_ + (((x + (_a2_ * (_a4_ * (_a5_ + (_a5_ * _a5_))))) * x) * _a2_)));{'d0': {'_a2_': 3.3767608779287888, '_a4_': 1.7751354042659275, '_a5_': -1.0950437311689647, '_a0_': 1.0, '_a1_': 1.0, '_a3_': 1.0, '_a6_': 1.0, '_a7_': 1.0}};{'d0': 0.024905832919416653};-280.569866449044;47.24077084086595
19252;-93.0441623836557;(x * (_a4_ + (((x + (_a2_ * (_a4_ * (_a5_ + (_a5_ * _a5_))))) * x) * _a2_)));{'d0': {'_a2_': 3.3767608779287888, '_a4_': 1.7751354042659275, '_a5_': -1.0950437311689647, '_a0_': 1.0, '_a1_': 1.0, '_a3_': 1.0, '_a6_': 1.0, '_a7_': 1.0}};{'d0': 0.024905832919416653};-280.569866449044;47.24077084086595
19253;-93.0441623836557;(x * (_a4_ + (((x + (_a2_ * (_a4_ * (_a5_ + (_a5_ * _a5_))))) * x) * _a2_)));{'d0': {'_a2_': 3.3767608779287888, '_a4_': 1.7751354042659275, '_a5_': -1.0950437311689647, '_a0_': 1.0, '_a1_': 1.0, '_a3_': 1.0, '_a6_': 1.0, '_a7_': 1.0}};{'d0': 0.024905832919416653};-280.569866449044;47.24077084086595
19254;-93.0441623836557;(x * (_a4_ + (((x + (_a2_ * (_a4_ * (_a5_ + (_a5_ * _a5_))))) * x) * _a2_)));{'d0': {'_a2_': 3.3767608779287888, '_a4_': 1.7751354042659275, '_a5_': -1.0950437311689647, '_a0_': 1.0, '_a1_': 1.0, '_a3_': 1.0, '_a6_': 1.0, '_a7_': 1.0}};{'d0': 0.024905832919416653};-280.569866449044;47.24077084086595
19255;-93.0441623836557;(x * (_a4_ + (((x + (_a2_ * (_a4_ * (_a5_ + (_a5_ * _a5_))))) * x) * _a2_)));{'d0': {'_a2_': 3.3767608779287888, '_a4_': 1.7751354042659275, '_a5_': -1.0950437311689647, '_a0_': 1.0, '_a1_': 1.0, '_a3_': 1.0, '_a6_': 1.0, '_a7_': 1.0}};{'d0': 0.024905832919416653};-280.569866449044;47.24077084086595
19256;-93.0441623836557;(x * (_a4_ + (((x + (_a2_ * (_a4_ * (_a5_ + (_a5_ * _a5_))))) * x) * _a2_)));{'d0': {'_a2_': 3.3767608779287888, '_a4_': 1.7751354042659275, '_a5_': -1.0950437311689647, '_a0_': 1.0, '_a1_': 1.0, '_a3_': 1.0, '_a6_': 1.0, '_a7_': 1.0}};{'d0': 0.024905832919416653};-280.569866449044;47.24077084086595
19257;-93.0441623836557;(x * (_a4_ + (((x + (_a2_ * (_a4_ * (_a5_ + (_a5_ * _a5_))))) * x) * _a2_)));{'d0': {'_a2_': 3.3767608779287888, '_a4_': 1.7751354042659275, '_a5_': -1.0950437311689647, '_a0_': 1.0, '_a1_': 1.0, '_a3_': 1.0, '_a6_': 1.0, '_a7_': 1.0}};{'d0': 0.024905832919416653};-280.569866449044;47.24077084086595
19258;-98.1382168817567;(x * (_a4_ + (((x + (_a2_ * (_a4_ * (_a5_ + _a4_)))) * x) * _a2_)));{'d0': {'_a2_': 3.3767608777982203, '_a4_': 1.7751354044815344, '_a5_': -1.6710583624814772, '_a0_': 1.0, '_a1_': 1.0, '_a3_': 1.0, '_a6_': 1.0, '_a7_': 1.0}};{'d0': 0.02490583291941664};-280.569866449044;42.14671634276495
19259;-98.1382168817567;(x * (_a4_ + (((x + (_a2_ * (_a4_ * (_a5_ + _a4_)))) * x) * _a2_)));{'d0': {'_a2_': 3.3767608777982203, '_a4_': 1.7751354044815344, '_a5_': -1.6710583624814772, '_a0_': 1.0, '_a1_': 1.0, '_a3_': 1.0, '_a6_': 1.0, '_a7_': 1.0}};{'d0': 0.02490583291941664};-280.569866449044;42.14671634276495
19260;-98.1382168817567;(x * (_a4_ + (((x + (_a2_ * (_a4_ * (_a5_ + _a4_)))) * x) * _a2_)));{'d0': {'_a2_': 3.3767608777982203, '_a4_': 1.7751354044815344, '_a5_': -1.6710583624814772, '_a0_': 1.0, '_a1_': 1.0, '_a3_': 1.0, '_a6_': 1.0, '_a7_': 1.0}};{'d0': 0.02490583291941664};-280.569866449044;42.14671634276495
19261;-98.1382168817567;(x * (_a4_ + (((x + (_a2_ * (_a4_ * (_a5_ + _a4_)))) * x) * _a2_)));{'d0': {'_a2_': 3.3767608777982203, '_a4_': 1.7751354044815344, '_a5_': -1.6710583624814772, '_a0_': 1.0, '_a1_': 1.0, '_a3_': 1.0, '_a6_': 1.0, '_a7_': 1.0}};{'d0': 0.02490583291941664};-280.569866449044;42.14671634276495
19262;-98.1382168817567;(x * (_a4_ + (((x + (_a2_ * (_a4_ * (_a5_ + _a4_)))) * x) * _a2_)));{'d0': {'_a2_': 3.3767608777982203, '_a4_': 1.7751354044815344, '_a5_': -1.6710583624814772, '_a0_': 1.0, '_a1_': 1.0, '_a3_': 1.0, '_a6_': 1.0, '_a7_': 1.0}};{'d0': 0.02490583291941664};-280.569866449044;42.14671634276495
19263;-98.1382168817567;(x * (_a4_ + (((x + (_a2_ * (_a4_ * (_a5_ + _a4_)))) * x) * _a2_)));{'d0': {'_a2_': 3.3767608777982203, '_a4_': 1.7751354044815344, '_a5_': -1.6710583624814772, '_a0_': 1.0, '_a1_': 1.0, '_a3_': 1.0, '_a6_': 1.0, '_a7_': 1.0}};{'d0': 0.02490583291941664};-280.569866449044;42.14671634276495
19264;-98.1382168817567;(x * (_a4_ + (((x + (_a2_ * (_a4_ * (_a5_ + _a4_)))) * x) * _a2_)));{'d0': {'_a2_': 3.3767608777982203, '_a4_': 1.7751354044815344, '_a5_': -1.6710583624814772, '_a0_': 1.0, '_a1_': 1.0, '_a3_': 1.0, '_a6_': 1.0, '_a7_': 1.0}};{'d0': 0.02490583291941664};-280.569866449044;42.14671634276495
19265;-98.1382168817567;(x * (_a4_ + (((x + (_a2_ * (_a4_ * (_a5_ + _a4_)))) * x) * _a2_)));{'d0': {'_a2_': 3.3767608777982203, '_a4_': 1.7751354044815344, '_a5_': -1.6710583624814772, '_a0_': 1.0, '_a1_': 1.0, '_a3_': 1.0, '_a6_': 1.0, '_a7_': 1.0}};{'d0': 0.02490583291941664};-280.569866449044;42.14671634276495
19266;-100.360883458177;(x * (_a4_ + (((x + (_a2_ * (_a4_ * pow2(_a0_)))) * x) * _a2_)));{'d0': {'_a0_': 0.32260973634650697, '_a2_': 3.376760878733098, '_a4_': 1.7751354041937333, '_a1_': 1.0, '_a3_': 1.0, '_a5_': 1.0, '_a6_': 1.0, '_a7_': 1.0}};{'d0': 0.02490583291941668};-280.569866449043;39.92404976634495
19267;-100.360883458177;(x * (_a4_ + (((x + (_a2_ * (_a4_ * pow2(_a0_)))) * x) * _a2_)));{'d0': {'_a0_': 0.32260973634650697, '_a2_': 3.376760878733098, '_a4_': 1.7751354041937333, '_a1_': 1.0, '_a3_': 1.0, '_a5_': 1.0, '_a6_': 1.0, '_a7_': 1.0}};{'d0': 0.02490583291941668};-280.569866449043;39.92404976634495
19268;-100.360883458177;(x * (_a4_ + (((x + (_a2_ * (_a4_ * pow2(_a0_)))) * x) * _a2_)));{'d0': {'_a0_': 0.32260973634650697, '_a2_': 3.376760878733098, '_a4_': 1.7751354041937333, '_a1_': 1.0, '_a3_': 1.0, '_a5_': 1.0, '_a6_': 1.0, '_a7_': 1.0}};{'d0': 0.02490583291941668};-280.569866449043;39.92404976634495
19269;-100.360883458177;(x * (_a4_ + (((x + (_a2_ * (_a4_ * pow2(_a0_)))) * x) * _a2_)));{'d0': {'_a0_': 0.32260973634650697, '_a2_': 3.376760878733098, '_a4_': 1.7751354041937333, '_a1_': 1.0, '_a3_': 1.0, '_a5_': 1.0, '_a6_': 1.0, '_a7_': 1.0}};{'d0': 0.02490583291941668};-280.569866449043;39.92404976634495
19270;-100.360883458177;(x * (_a4_ + (((x + (_a2_ * (_a4_ * pow2(_a0_)))) * x) * _a2_)));{'d0': {'_a0_': 0.32260973634650697, '_a2_': 3.376760878733098, '_a4_': 1.7751354041937333, '_a1_': 1.0, '_a3_': 1.0, '_a5_': 1.0, '_a6_': 1.0, '_a7_': 1.0}};{'d0': 0.02490583291941668};-280.569866449043;39.92404976634495
19271;-100.360883458177;(x * (_a4_ + (((x + (_a2_ * (_a4_ * pow2(_a0_)))) * x) * _a2_)));{'d0': {'_a0_': 0.32260973634650697, '_a2_': 3.376760878733098, '_a4_': 1.7751354041937333, '_a1_': 1.0, '_a3_': 1.0, '_a5_': 1.0, '_a6_': 1.0, '_a7_': 1.0}};{'d0': 0.02490583291941668};-280.569866449043;39.92404976634495
19272;-100.360883458177;(x * (_a4_ + (((x + (_a2_ * (_a4_ * pow2(_a0_)))) * x) * _a2_)));{'d0': {'_a0_': 0.32260973634650697, '_a2_': 3.376760878733098, '_a4_': 1.7751354041937333, '_a1_': 1.0, '_a3_': 1.0, '_a5_': 1.0, '_a6_': 1.0, '_a7_': 1.0}};{'d0': 0.02490583291941668};-280.569866449043;39.92404976634495
19273;-100.360883458177;(x * (_a4_ + (((x + (_a2_ * (_a4_ * pow2(_a0_)))) * x) * _a2_)));{'d0': {'_a0_': 0.32260973634650697, '_a2_': 3.376760878733098, '_a4_': 1.7751354041937333, '_a1_': 1.0, '_a3_': 1.0, '_a5_': 1.0, '_a6_': 1.0, '_a7_': 1.0}};{'d0': 0.02490583291941668};-280.569866449043;39.92404976634495
19274;-100.360883458177;(x * (_a4_ + (((x + (_a2_ * (_a4_ * pow2(_a0_)))) * x) * _a2_)));{'d0': {'_a0_': 0.32260973634650697, '_a2_': 3.376760878733098, '_a4_': 1.7751354041937333, '_a1_': 1.0, '_a3_': 1.0, '_a5_': 1.0, '_a6_': 1.0, '_a7_': 1.0}};{'d0': 0.02490583291941668};-280.569866449043;39.92404976634495
19275;-100.360883458177;(x * (_a4_ + (((x + (_a2_ * (_a4_ * pow2(_a0_)))) * x) * _a2_)));{'d0': {'_a0_': 0.32260973634650697, '_a2_': 3.376760878733098, '_a4_': 1.7751354041937333, '_a1_': 1.0, '_a3_': 1.0, '_a5_': 1.0, '_a6_': 1.0, '_a7_': 1.0}};{'d0': 0.02490583291941668};-280.569866449043;39.92404976634495
19276;-100.360883458177;(x * (_a4_ + (((x + (_a2_ * (_a4_ * pow2(_a0_)))) * x) * _a2_)));{'d0': {'_a0_': 0.32260973634650697, '_a2_': 3.376760878733098, '_a4_': 1.7751354041937333, '_a1_': 1.0, '_a3_': 1.0, '_a5_': 1.0, '_a6_': 1.0, '_a7_': 1.0}};{'d0': 0.02490583291941668};-280.569866449043;39.92404976634495
19277;-100.360883458177;(x * (_a4_ + (((x + (_a2_ * (_a4_ * pow2(_a0_)))) * x) * _a2_)));{'d0': {'_a0_': 0.32260973634650697, '_a2_': 3.376760878733098, '_a4_': 1.7751354041937333, '_a1_': 1.0, '_a3_': 1.0, '_a5_': 1.0, '_a6_': 1.0, '_a7_': 1.0}};{'d0': 0.02490583291941668};-280.569866449043;39.92404976634495
19278;-100.360883458177;(x * (_a4_ + (((x + (_a2_ * (_a4_ * pow2(_a0_)))) * x) * _a2_)));{'d0': {'_a0_': 0.32260973634650697, '_a2_': 3.376760878733098, '_a4_': 1.7751354041937333, '_a1_': 1.0, '_a3_': 1.0, '_a5_': 1.0, '_a6_': 1.0, '_a7_': 1.0}};{'d0': 0.02490583291941668};-280.569866449043;39.92404976634495
19279;-100.360883458177;(x * (_a4_ + (((x + (_a2_ * (_a4_ * pow2(_a0_)))) * x) * _a2_)));{'d0': {'_a0_': 0.32260973634650697, '_a2_': 3.376760878733098, '_a4_': 1.7751354041937333, '_a1_': 1.0, '_a3_': 1.0, '_a5_': 1.0, '_a6_': 1.0, '_a7_': 1.0}};{'d0': 0.02490583291941668};-280.569866449043;39.92404976634495
19280;-100.360883458177;(x * (_a4_ + (((x + (_a2_ * (_a4_ * pow2(_a0_)))) * x) * _a2_)));{'d0': {'_a0_': 0.32260973634650697, '_a2_': 3.376760878733098, '_a4_': 1.7751354041937333, '_a1_': 1.0, '_a3_': 1.0, '_a5_': 1.0, '_a6_': 1.0, '_a7_': 1.0}};{'d0': 0.02490583291941668};-280.569866449043;39.92404976634495
19281;-100.360883458177;(x * (_a4_ + (((x + (_a2_ * (_a4_ * pow2(_a0_)))) * x) * _a2_)));{'d0': {'_a0_': 0.32260973634650697, '_a2_': 3.376760878733098, '_a4_': 1.7751354041937333, '_a1_': 1.0, '_a3_': 1.0, '_a5_': 1.0, '_a6_': 1.0, '_a7_': 1.0}};{'d0': 0.02490583291941668};-280.569866449043;39.92404976634495
19282;-100.360883458177;(x * (_a4_ + (((x + (_a2_ * (_a4_ * pow2(_a0_)))) * x) * _a2_)));{'d0': {'_a0_': 0.32260973634650697, '_a2_': 3.376760878733098, '_a4_': 1.7751354041937333, '_a1_': 1.0, '_a3_': 1.0, '_a5_': 1.0, '_a6_': 1.0, '_a7_': 1.0}};{'d0': 0.02490583291941668};-280.569866449043;39.92404976634495
19283;-100.360883458177;(x * (_a4_ + (((x + (_a2_ * (_a4_ * pow2(_a0_)))) * x) * _a2_)));{'d0': {'_a0_': 0.32260973634650697, '_a2_': 3.376760878733098, '_a4_': 1.7751354041937333, '_a1_': 1.0, '_a3_': 1.0, '_a5_': 1.0, '_a6_': 1.0, '_a7_': 1.0}};{'d0': 0.02490583291941668};-280.569866449043;39.92404976634495
19284;-100.360883458177;(x * (_a4_ + (((x + (_a2_ * (_a4_ * pow2(_a0_)))) * x) * _a2_)));{'d0': {'_a0_': 0.32260973634650697, '_a2_': 3.376760878733098, '_a4_': 1.7751354041937333, '_a1_': 1.0, '_a3_': 1.0, '_a5_': 1.0, '_a6_': 1.0, '_a7_': 1.0}};{'d0': 0.02490583291941668};-280.569866449043;39.92404976634495
19285;-100.360883458177;(x * (_a4_ + (((x + (_a2_ * (_a4_ * pow2(_a0_)))) * x) * _a2_)));{'d0': {'_a0_': 0.32260973634650697, '_a2_': 3.376760878733098, '_a4_': 1.7751354041937333, '_a1_': 1.0, '_a3_': 1.0, '_a5_': 1.0, '_a6_': 1.0, '_a7_': 1.0}};{'d0': 0.02490583291941668};-280.569866449043;39.92404976634495
19286;-100.360883458177;(x * (_a4_ + (((x + (_a2_ * (_a4_ * pow2(_a0_)))) * x) * _a2_)));{'d0': {'_a0_': 0.32260973634650697, '_a2_': 3.376760878733098, '_a4_': 1.7751354041937333, '_a1_': 1.0, '_a3_': 1.0, '_a5_': 1.0, '_a6_': 1.0, '_a7_': 1.0}};{'d0': 0.02490583291941668};-280.569866449043;39.92404976634495
19287;-100.360883458177;(x * (_a4_ + (((x + (_a2_ * (_a4_ * pow2(_a0_)))) * x) * _a2_)));{'d0': {'_a0_': 0.32260973634650697, '_a2_': 3.376760878733098, '_a4_': 1.7751354041937333, '_a1_': 1.0, '_a3_': 1.0, '_a5_': 1.0, '_a6_': 1.0, '_a7_': 1.0}};{'d0': 0.02490583291941668};-280.569866449043;39.92404976634495
19288;-100.360883458177;(x * (_a4_ + (((x + (_a2_ * (_a4_ * pow2(_a0_)))) * x) * _a2_)));{'d0': {'_a0_': 0.32260973634650697, '_a2_': 3.376760878733098, '_a4_': 1.7751354041937333, '_a1_': 1.0, '_a3_': 1.0, '_a5_': 1.0, '_a6_': 1.0, '_a7_': 1.0}};{'d0': 0.02490583291941668};-280.569866449043;39.92404976634495
19289;-100.360883458177;(x * (_a4_ + (((x + (_a2_ * (_a4_ * pow2(_a0_)))) * x) * _a2_)));{'d0': {'_a0_': 0.32260973634650697, '_a2_': 3.376760878733098, '_a4_': 1.7751354041937333, '_a1_': 1.0, '_a3_': 1.0, '_a5_': 1.0, '_a6_': 1.0, '_a7_': 1.0}};{'d0': 0.02490583291941668};-280.569866449043;39.92404976634495
19290;-100.360883458177;(x * (_a4_ + (((x + (_a2_ * (_a4_ * pow2(_a0_)))) * x) * _a2_)));{'d0': {'_a0_': 0.32260973634650697, '_a2_': 3.376760878733098, '_a4_': 1.7751354041937333, '_a1_': 1.0, '_a3_': 1.0, '_a5_': 1.0, '_a6_': 1.0, '_a7_': 1.0}};{'d0': 0.02490583291941668};-280.569866449043;39.92404976634495
19291;-96.1935070271281;(((pow2((_a3_ + x)) / pow2(_a2_)) + (-((_a7_ / _a2_)) * x)) * x);{'d0': {'_a2_': 0.5441891096747419, '_a3_': 0.725046047656608, '_a7_': 1.5182822753706477, '_a0_': 1.0, '_a1_': 1.0, '_a4_': 1.0, '_a5_': 1.0, '_a6_': 1.0}};{'d0': 0.024905832919416587};-280.569866449044;44.091426197394085
19292;-96.1935070271281;(((pow2((_a3_ + x)) / pow2(_a2_)) + (-((_a7_ / _a2_)) * x)) * x);{'d0': {'_a2_': 0.5441891096747419, '_a3_': 0.725046047656608, '_a7_': 1.5182822753706477, '_a0_': 1.0, '_a1_': 1.0, '_a4_': 1.0, '_a5_': 1.0, '_a6_': 1.0}};{'d0': 0.024905832919416587};-280.569866449044;44.091426197394085
19293;-96.1935070271281;(((pow2((_a3_ + x)) / pow2(_a2_)) + (-((_a7_ / _a2_)) * x)) * x);{'d0': {'_a2_': 0.5441891096747419, '_a3_': 0.725046047656608, '_a7_': 1.5182822753706477, '_a0_': 1.0, '_a1_': 1.0, '_a4_': 1.0, '_a5_': 1.0, '_a6_': 1.0}};{'d0': 0.024905832919416587};-280.569866449044;44.091426197394085
19294;-96.1935070271281;(((pow2((_a3_ + x)) / pow2(_a2_)) + (-((_a7_ / _a2_)) * x)) * x);{'d0': {'_a2_': 0.5441891096747419, '_a3_': 0.725046047656608, '_a7_': 1.5182822753706477, '_a0_': 1.0, '_a1_': 1.0, '_a4_': 1.0, '_a5_': 1.0, '_a6_': 1.0}};{'d0': 0.024905832919416587};-280.569866449044;44.091426197394085
19295;-96.1935070271281;(((pow2((_a3_ + x)) / pow2(_a2_)) + (-((_a7_ / _a2_)) * x)) * x);{'d0': {'_a2_': 0.5441891096747419, '_a3_': 0.725046047656608, '_a7_': 1.5182822753706477, '_a0_': 1.0, '_a1_': 1.0, '_a4_': 1.0, '_a5_': 1.0, '_a6_': 1.0}};{'d0': 0.024905832919416587};-280.569866449044;44.091426197394085
19296;-96.1101287862453;(((pow2((_a3_ + x)) / pow2(_a2_)) + (-((_a7_ + _a2_)) * x)) * x);{'d0': {'_a2_': 0.5441891094326322, '_a3_': 0.7250460471624751, '_a7_': 2.2458010761773815, '_a0_': 1.0, '_a1_': 1.0, '_a4_': 1.0, '_a5_': 1.0, '_a6_': 1.0}};{'d0': 0.024905832919416594};-280.569866449044;44.17480443827689
19297;-96.1101287862453;(((pow2((_a3_ + x)) / pow2(_a2_)) + (-((_a7_ + _a2_)) * x)) * x);{'d0': {'_a2_': 0.5441891094326322, '_a3_': 0.7250460471624751, '_a7_': 2.2458010761773815, '_a0_': 1.0, '_a1_': 1.0, '_a4_': 1.0, '_a5_': 1.0, '_a6_': 1.0}};{'d0': 0.024905832919416594};-280.569866449044;44.17480443827689
19298;-98.3327953626652;(((pow2((_a3_ + x)) / pow2(_a2_)) + (-(pow2(_a4_)) * x)) * x);{'d0': {'_a2_': 0.544189109426154, '_a3_': 0.7250460471661132, '_a4_': 1.6703263717871926, '_a0_': 1.0, '_a1_': 1.0, '_a5_': 1.0, '_a6_': 1.0, '_a7_': 1.0}};{'d0': 0.02490583291941663};-280.569866449044;41.95213786185688
19299;-98.3327953626652;(((pow2((_a3_ + x)) / pow2(_a2_)) + (-(pow2(_a4_)) * x)) * x);{'d0': {'_a2_': 0.544189109426154, '_a3_': 0.7250460471661132, '_a4_': 1.6703263717871926, '_a0_': 1.0, '_a1_': 1.0, '_a5_': 1.0, '_a6_': 1.0, '_a7_': 1.0}};{'d0': 0.02490583291941663};-280.569866449044;41.95213786185688
19300;-98.3327953626652;(((pow2((_a3_ + x)) / pow2(_a2_)) + (-(pow2(_a4_)) * x)) * x);{'d0': {'_a2_': 0.544189109426154, '_a3_': 0.7250460471661132, '_a4_': 1.6703263717871926, '_a0_': 1.0, '_a1_': 1.0, '_a5_': 1.0, '_a6_': 1.0, '_a7_': 1.0}};{'d0': 0.02490583291941663};-280.569866449044;41.95213786185688
19301;-98.3327953626652;(((pow2((_a3_ + x)) / pow2(_a2_)) + (-(pow2(_a4_)) * x)) * x);{'d0': {'_a2_': 0.544189109426154, '_a3_': 0.7250460471661132, '_a4_': 1.6703263717871926, '_a0_': 1.0, '_a1_': 1.0, '_a5_': 1.0, '_a6_': 1.0, '_a7_': 1.0}};{'d0': 0.02490583291941663};-280.569866449044;41.95213786185688
19302;-93.4558127235302;(((pow2((_a3_ + x)) / pow2((_a0_ * _a0_))) + (-(pow2(_a4_)) * x)) * x);{'d0': {'_a0_': 0.7376917442068656, '_a3_': 0.7250460472658088, '_a4_': 1.6703263710068899, '_a1_': 1.0, '_a2_': 1.0, '_a5_': 1.0, '_a6_': 1.0, '_a7_': 1.0}};{'d0': 0.024905832919416664};-280.569866449044;46.829120500991884
19303;-93.4558127235302;(((pow2((_a3_ + x)) / pow2((_a0_ * _a0_))) + (-(pow2(_a4_)) * x)) * x);{'d0': {'_a0_': 0.7376917442068656, '_a3_': 0.7250460472658088, '_a4_': 1.6703263710068899, '_a1_': 1.0, '_a2_': 1.0, '_a5_': 1.0, '_a6_': 1.0, '_a7_': 1.0}};{'d0': 0.024905832919416664};-280.569866449044;46.829120500991884
19304;-93.4558127235302;(((pow2((_a3_ + x)) / pow2((_a0_ * _a0_))) + (-(pow2(_a4_)) * x)) * x);{'d0': {'_a0_': 0.7376917442068656, '_a3_': 0.7250460472658088, '_a4_': 1.6703263710068899, '_a1_': 1.0, '_a2_': 1.0, '_a5_': 1.0, '_a6_': 1.0, '_a7_': 1.0}};{'d0': 0.024905832919416664};-280.569866449044;46.829120500991884
19305;-93.4558127235302;(((pow2((_a3_ + x)) / pow2((_a0_ * _a0_))) + (-(pow2(_a4_)) * x)) * x);{'d0': {'_a0_': 0.7376917442068656, '_a3_': 0.7250460472658088, '_a4_': 1.6703263710068899, '_a1_': 1.0, '_a2_': 1.0, '_a5_': 1.0, '_a6_': 1.0, '_a7_': 1.0}};{'d0': 0.024905832919416664};-280.569866449044;46.829120500991884
19306;-93.4558127235302;(((pow2((_a3_ + x)) / pow2((_a0_ * _a0_))) + (-(pow2(_a4_)) * x)) * x);{'d0': {'_a0_': 0.7376917442068656, '_a3_': 0.7250460472658088, '_a4_': 1.6703263710068899, '_a1_': 1.0, '_a2_': 1.0, '_a5_': 1.0, '_a6_': 1.0, '_a7_': 1.0}};{'d0': 0.024905832919416664};-280.569866449044;46.829120500991884
19307;-93.4558127235302;(((pow2((_a3_ + x)) / pow2((_a0_ * _a0_))) + (-(pow2(_a4_)) * x)) * x);{'d0': {'_a0_': 0.7376917442068656, '_a3_': 0.7250460472658088, '_a4_': 1.6703263710068899, '_a1_': 1.0, '_a2_': 1.0, '_a5_': 1.0, '_a6_': 1.0, '_a7_': 1.0}};{'d0': 0.024905832919416664};-280.569866449044;46.829120500991884
19308;-93.4558127235302;(((pow2((_a3_ + x)) / pow2((_a0_ * _a0_))) + (-(pow2(_a4_)) * x)) * x);{'d0': {'_a0_': 0.7376917442068656, '_a3_': 0.7250460472658088, '_a4_': 1.6703263710068899, '_a1_': 1.0, '_a2_': 1.0, '_a5_': 1.0, '_a6_': 1.0, '_a7_': 1.0}};{'d0': 0.024905832919416664};-280.569866449044;46.829120500991884
19309;-93.4558127235302;(((pow2((_a3_ + x)) / pow2((_a0_ * _a0_))) + (-(pow2(_a4_)) * x)) * x);{'d0': {'_a0_': 0.7376917442068656, '_a3_': 0.7250460472658088, '_a4_': 1.6703263710068899, '_a1_': 1.0, '_a2_': 1.0, '_a5_': 1.0, '_a6_': 1.0, '_a7_': 1.0}};{'d0': 0.024905832919416664};-280.569866449044;46.829120500991884
19310;-93.4558127235302;(((pow2((_a3_ + x)) / pow2((_a0_ * _a0_))) + (-(pow2(_a4_)) * x)) * x);{'d0': {'_a0_': 0.7376917442068656, '_a3_': 0.7250460472658088, '_a4_': 1.6703263710068899, '_a1_': 1.0, '_a2_': 1.0, '_a5_': 1.0, '_a6_': 1.0, '_a7_': 1.0}};{'d0': 0.024905832919416664};-280.569866449044;46.829120500991884
19311;-97.1537471961403;(((pow2((_a3_ + x)) / pow2((_a0_ * _a0_))) + (-(_a7_) * x)) * x);{'d0': {'_a0_': 0.737691744201429, '_a3_': 0.7250460472556253, '_a7_': 2.7899901856463307, '_a1_': 1.0, '_a2_': 1.0, '_a4_': 1.0, '_a5_': 1.0, '_a6_': 1.0}};{'d0': 0.024905832919416608};-280.569866449044;43.13118602838188
19312;-107.185944891726;(((x * ((x + _a5_) / _a2_)) + (x + _a4_)) * x);{'d0': {'_a2_': 0.2961417868779539, '_a4_': 1.7751354047547576, '_a5_': 0.327717628801271, '_a0_': 1.0, '_a1_': 1.0, '_a3_': 1.0, '_a6_': 1.0, '_a7_': 1.0}};{'d0': 0.024905832919416622};-280.569866449044;33.09898833279642
19313;-107.185944891726;(((x * ((x + _a5_) / _a2_)) + (x + _a4_)) * x);{'d0': {'_a2_': 0.2961417868779539, '_a4_': 1.7751354047547576, '_a5_': 0.327717628801271, '_a0_': 1.0, '_a1_': 1.0, '_a3_': 1.0, '_a6_': 1.0, '_a7_': 1.0}};{'d0': 0.024905832919416622};-280.569866449044;33.09898833279642
19314;-107.185944891726;(((x * ((x + _a5_) / _a2_)) + (x + _a4_)) * x);{'d0': {'_a2_': 0.2961417868779539, '_a4_': 1.7751354047547576, '_a5_': 0.327717628801271, '_a0_': 1.0, '_a1_': 1.0, '_a3_': 1.0, '_a6_': 1.0, '_a7_': 1.0}};{'d0': 0.024905832919416622};-280.569866449044;33.09898833279642
19315;-107.185944891726;(((x * ((x + _a5_) / _a2_)) + (x + _a4_)) * x);{'d0': {'_a2_': 0.2961417868779539, '_a4_': 1.7751354047547576, '_a5_': 0.327717628801271, '_a0_': 1.0, '_a1_': 1.0, '_a3_': 1.0, '_a6_': 1.0, '_a7_': 1.0}};{'d0': 0.024905832919416622};-280.569866449044;33.09898833279642
19316;-107.185944891726;(((x * ((x + _a5_) / _a2_)) + (x + _a4_)) * x);{'d0': {'_a2_': 0.2961417868779539, '_a4_': 1.7751354047547576, '_a5_': 0.327717628801271, '_a0_': 1.0, '_a1_': 1.0, '_a3_': 1.0, '_a6_': 1.0, '_a7_': 1.0}};{'d0': 0.024905832919416622};-280.569866449044;33.09898833279642
19317;-107.185944891726;(((x * ((x + _a5_) / _a2_)) + (x + _a4_)) * x);{'d0': {'_a2_': 0.2961417868779539, '_a4_': 1.7751354047547576, '_a5_': 0.327717628801271, '_a0_': 1.0, '_a1_': 1.0, '_a3_': 1.0, '_a6_': 1.0, '_a7_': 1.0}};{'d0': 0.024905832919416622};-280.569866449044;33.09898833279642
19318;-107.185944891726;(((x * ((x + _a5_) / _a2_)) + (x + _a4_)) * x);{'d0': {'_a2_': 0.2961417868779539, '_a4_': 1.7751354047547576, '_a5_': 0.327717628801271, '_a0_': 1.0, '_a1_': 1.0, '_a3_': 1.0, '_a6_': 1.0, '_a7_': 1.0}};{'d0': 0.024905832919416622};-280.569866449044;33.09898833279642
19319;-107.185944891726;(((x * ((x + _a5_) / _a2_)) + (x + _a4_)) * x);{'d0': {'_a2_': 0.2961417868779539, '_a4_': 1.7751354047547576, '_a5_': 0.327717628801271, '_a0_': 1.0, '_a1_': 1.0, '_a3_': 1.0, '_a6_': 1.0, '_a7_': 1.0}};{'d0': 0.024905832919416622};-280.569866449044;33.09898833279642
19320;-107.185944891726;(((x * ((x + _a5_) / _a2_)) + (x + _a4_)) * x);{'d0': {'_a2_': 0.2961417868779539, '_a4_': 1.7751354047547576, '_a5_': 0.327717628801271, '_a0_': 1.0, '_a1_': 1.0, '_a3_': 1.0, '_a6_': 1.0, '_a7_': 1.0}};{'d0': 0.024905832919416622};-280.569866449044;33.09898833279642
19321;-107.185944891726;(((x * ((x + _a5_) / _a2_)) + (x + _a4_)) * x);{'d0': {'_a2_': 0.2961417868779539, '_a4_': 1.7751354047547576, '_a5_': 0.327717628801271, '_a0_': 1.0, '_a1_': 1.0, '_a3_': 1.0, '_a6_': 1.0, '_a7_': 1.0}};{'d0': 0.024905832919416622};-280.569866449044;33.09898833279642
19322;-107.185944891726;(((x * ((x + _a5_) / _a2_)) + (x + _a4_)) * x);{'d0': {'_a2_': 0.2961417868779539, '_a4_': 1.7751354047547576, '_a5_': 0.327717628801271, '_a0_': 1.0, '_a1_': 1.0, '_a3_': 1.0, '_a6_': 1.0, '_a7_': 1.0}};{'d0': 0.024905832919416622};-280.569866449044;33.09898833279642
19323;-107.185944891726;(((x * ((x + _a5_) / _a2_)) + (x + _a4_)) * x);{'d0': {'_a2_': 0.2961417868779539, '_a4_': 1.7751354047547576, '_a5_': 0.327717628801271, '_a0_': 1.0, '_a1_': 1.0, '_a3_': 1.0, '_a6_': 1.0, '_a7_': 1.0}};{'d0': 0.024905832919416622};-280.569866449044;33.09898833279642
19324;-107.185944891726;(((x * ((x + _a5_) / _a2_)) + (x + _a4_)) * x);{'d0': {'_a2_': 0.2961417868779539, '_a4_': 1.7751354047547576, '_a5_': 0.327717628801271, '_a0_': 1.0, '_a1_': 1.0, '_a3_': 1.0, '_a6_': 1.0, '_a7_': 1.0}};{'d0': 0.024905832919416622};-280.569866449044;33.09898833279642
19325;-107.185944891726;(((x * ((x + _a5_) / _a2_)) + (x + _a4_)) * x);{'d0': {'_a2_': 0.2961417868779539, '_a4_': 1.7751354047547576, '_a5_': 0.327717628801271, '_a0_': 1.0, '_a1_': 1.0, '_a3_': 1.0, '_a6_': 1.0, '_a7_': 1.0}};{'d0': 0.024905832919416622};-280.569866449044;33.09898833279642
19326;-107.185944891726;(((x * ((x + _a5_) / _a2_)) + (x + _a4_)) * x);{'d0': {'_a2_': 0.2961417868779539, '_a4_': 1.7751354047547576, '_a5_': 0.327717628801271, '_a0_': 1.0, '_a1_': 1.0, '_a3_': 1.0, '_a6_': 1.0, '_a7_': 1.0}};{'d0': 0.024905832919416622};-280.569866449044;33.09898833279642
19327;-107.185944891726;(((x * ((x + _a5_) / _a2_)) + (x + _a4_)) * x);{'d0': {'_a2_': 0.2961417868779539, '_a4_': 1.7751354047547576, '_a5_': 0.327717628801271, '_a0_': 1.0, '_a1_': 1.0, '_a3_': 1.0, '_a6_': 1.0, '_a7_': 1.0}};{'d0': 0.024905832919416622};-280.569866449044;33.09898833279642
19328;-97.1537471961403;(((pow2((_a3_ + x)) / pow2((_a0_ * _a0_))) + (-(_a7_) * x)) * x);{'d0': {'_a0_': 0.737691744201429, '_a3_': 0.7250460472556253, '_a7_': 2.7899901856463307, '_a1_': 1.0, '_a2_': 1.0, '_a4_': 1.0, '_a5_': 1.0, '_a6_': 1.0}};{'d0': 0.024905832919416608};-280.569866449044;43.13118602838188
19329;-97.1537471961403;(((pow2((_a3_ + x)) / pow2((_a0_ * _a0_))) + (-(_a7_) * x)) * x);{'d0': {'_a0_': 0.737691744201429, '_a3_': 0.7250460472556253, '_a7_': 2.7899901856463307, '_a1_': 1.0, '_a2_': 1.0, '_a4_': 1.0, '_a5_': 1.0, '_a6_': 1.0}};{'d0': 0.024905832919416608};-280.569866449044;43.13118602838188
19330;-97.1537471961403;(((pow2((_a3_ + x)) / pow2((_a0_ * _a0_))) + (-(_a7_) * x)) * x);{'d0': {'_a0_': 0.737691744201429, '_a3_': 0.7250460472556253, '_a7_': 2.7899901856463307, '_a1_': 1.0, '_a2_': 1.0, '_a4_': 1.0, '_a5_': 1.0, '_a6_': 1.0}};{'d0': 0.024905832919416608};-280.569866449044;43.13118602838188
19331;-97.1537471961403;(((pow2((_a3_ + x)) / pow2((_a0_ * _a0_))) + (-(_a7_) * x)) * x);{'d0': {'_a0_': 0.737691744201429, '_a3_': 0.7250460472556253, '_a7_': 2.7899901856463307, '_a1_': 1.0, '_a2_': 1.0, '_a4_': 1.0, '_a5_': 1.0, '_a6_': 1.0}};{'d0': 0.024905832919416608};-280.569866449044;43.13118602838188
19332;-95.5118186582303;(((pow2((_a3_ + x)) / sqrt((_a0_ * _a0_))) + (-(_a7_) * x)) * x);{'d0': {'_a0_': -0.2961417866769364, '_a3_': 0.7250460469204287, '_a7_': 2.78999018526993, '_a1_': 1.0, '_a2_': 1.0, '_a4_': 1.0, '_a5_': 1.0, '_a6_': 1.0}};{'d0': 0.024905832919416605};-280.569866449044;44.77311456629188
19333;-95.5118186582303;(((pow2((_a3_ + x)) / sqrt((_a0_ * _a0_))) + (-(_a7_) * x)) * x);{'d0': {'_a0_': -0.2961417866769364, '_a3_': 0.7250460469204287, '_a7_': 2.78999018526993, '_a1_': 1.0, '_a2_': 1.0, '_a4_': 1.0, '_a5_': 1.0, '_a6_': 1.0}};{'d0': 0.024905832919416605};-280.569866449044;44.77311456629188
19334;-95.5118186582303;(((pow2((_a3_ + x)) / sqrt((_a0_ * _a0_))) + (-(_a7_) * x)) * x);{'d0': {'_a0_': -0.2961417866769364, '_a3_': 0.7250460469204287, '_a7_': 2.78999018526993, '_a1_': 1.0, '_a2_': 1.0, '_a4_': 1.0, '_a5_': 1.0, '_a6_': 1.0}};{'d0': 0.024905832919416605};-280.569866449044;44.77311456629188
19335;-95.5118186582303;(((pow2((_a3_ + x)) / sqrt((_a0_ * _a0_))) + (-(_a7_) * x)) * x);{'d0': {'_a0_': -0.2961417866769364, '_a3_': 0.7250460469204287, '_a7_': 2.78999018526993, '_a1_': 1.0, '_a2_': 1.0, '_a4_': 1.0, '_a5_': 1.0, '_a6_': 1.0}};{'d0': 0.024905832919416605};-280.569866449044;44.77311456629188
19336;-95.5118186582303;(((pow2((_a3_ + x)) / sqrt((_a0_ * _a0_))) + (-(_a7_) * x)) * x);{'d0': {'_a0_': -0.2961417866769364, '_a3_': 0.7250460469204287, '_a7_': 2.78999018526993, '_a1_': 1.0, '_a2_': 1.0, '_a4_': 1.0, '_a5_': 1.0, '_a6_': 1.0}};{'d0': 0.024905832919416605};-280.569866449044;44.77311456629188
19337;-95.5118186582303;(((pow2((_a3_ + x)) / sqrt((_a0_ * _a0_))) + (-(_a7_) * x)) * x);{'d0': {'_a0_': -0.2961417866769364, '_a3_': 0.7250460469204287, '_a7_': 2.78999018526993, '_a1_': 1.0, '_a2_': 1.0, '_a4_': 1.0, '_a5_': 1.0, '_a6_': 1.0}};{'d0': 0.024905832919416605};-280.569866449044;44.77311456629188
19338;-95.5118186582303;(((pow2((_a3_ + x)) / sqrt((_a0_ * _a0_))) + (-(_a7_) * _a0_)) * x);{'d0': {'_a0_': -0.29614178706524397, '_a3_': 0.31192970783544893, '_a7_': 4.884741546469621, '_a1_': 1.0, '_a2_': 1.0, '_a4_': 1.0, '_a5_': 1.0, '_a6_': 1.0}};{'d0': 0.024905832919416598};-280.569866449044;44.77311456629188
19339;-95.5118186582303;(((pow2((_a3_ + x)) / sqrt((_a0_ * _a0_))) + (-(_a7_) * _a0_)) * x);{'d0': {'_a0_': -0.29614178706524397, '_a3_': 0.31192970783544893, '_a7_': 4.884741546469621, '_a1_': 1.0, '_a2_': 1.0, '_a4_': 1.0, '_a5_': 1.0, '_a6_': 1.0}};{'d0': 0.024905832919416598};-280.569866449044;44.77311456629188
19340;-95.5118186582303;(((pow2((_a3_ + x)) / sqrt((_a0_ * _a0_))) + (-(_a7_) * _a0_)) * x);{'d0': {'_a0_': -0.29614178706524397, '_a3_': 0.31192970783544893, '_a7_': 4.884741546469621, '_a1_': 1.0, '_a2_': 1.0, '_a4_': 1.0, '_a5_': 1.0, '_a6_': 1.0}};{'d0': 0.024905832919416598};-280.569866449044;44.77311456629188
19341;-95.5118186582303;(((pow2((_a3_ + x)) / sqrt((_a0_ * _a0_))) + (-(_a7_) * _a0_)) * x);{'d0': {'_a0_': -0.29614178706524397, '_a3_': 0.31192970783544893, '_a7_': 4.884741546469621, '_a1_': 1.0, '_a2_': 1.0, '_a4_': 1.0, '_a5_': 1.0, '_a6_': 1.0}};{'d0': 0.024905832919416598};-280.569866449044;44.77311456629188
19342;-95.5118186582303;(((pow2((_a3_ + x)) / sqrt((_a0_ * _a0_))) + (-(_a7_) * _a0_)) * x);{'d0': {'_a0_': -0.29614178706524397, '_a3_': 0.31192970783544893, '_a7_': 4.884741546469621, '_a1_': 1.0, '_a2_': 1.0, '_a4_': 1.0, '_a5_': 1.0, '_a6_': 1.0}};{'d0': 0.024905832919416598};-280.569866449044;44.77311456629188
19343;-95.5118186582303;(((pow2((_a3_ + x)) / sqrt((_a0_ * _a0_))) + (-(_a7_) * _a0_)) * x);{'d0': {'_a0_': -0.29614178706524397, '_a3_': 0.31192970783544893, '_a7_': 4.884741546469621, '_a1_': 1.0, '_a2_': 1.0, '_a4_': 1.0, '_a5_': 1.0, '_a6_': 1.0}};{'d0': 0.024905832919416598};-280.569866449044;44.77311456629188
19344;-95.5118186582303;(((pow2((_a3_ + x)) / sqrt((_a0_ * _a0_))) + (-(_a7_) * _a0_)) * x);{'d0': {'_a0_': -0.29614178706524397, '_a3_': 0.31192970783544893, '_a7_': 4.884741546469621, '_a1_': 1.0, '_a2_': 1.0, '_a4_': 1.0, '_a5_': 1.0, '_a6_': 1.0}};{'d0': 0.024905832919416598};-280.569866449044;44.77311456629188
19345;-95.5118186582303;(((pow2((_a3_ + x)) / sqrt((_a0_ * _a0_))) + (-(_a7_) * _a0_)) * x);{'d0': {'_a0_': -0.29614178706524397, '_a3_': 0.31192970783544893, '_a7_': 4.884741546469621, '_a1_': 1.0, '_a2_': 1.0, '_a4_': 1.0, '_a5_': 1.0, '_a6_': 1.0}};{'d0': 0.024905832919416598};-280.569866449044;44.77311456629188
19346;-95.5118186582303;(((pow2((_a3_ + x)) / sqrt((_a0_ * _a0_))) + (-(_a7_) * _a0_)) * x);{'d0': {'_a0_': -0.29614178706524397, '_a3_': 0.31192970783544893, '_a7_': 4.884741546469621, '_a1_': 1.0, '_a2_': 1.0, '_a4_': 1.0, '_a5_': 1.0, '_a6_': 1.0}};{'d0': 0.024905832919416598};-280.569866449044;44.77311456629188
19347;-95.5118186582303;(((pow2((_a3_ + x)) / sqrt((_a0_ * _a0_))) + (-(_a7_) * _a0_)) * x);{'d0': {'_a0_': -0.29614178706524397, '_a3_': 0.31192970783544893, '_a7_': 4.884741546469621, '_a1_': 1.0, '_a2_': 1.0, '_a4_': 1.0, '_a5_': 1.0, '_a6_': 1.0}};{'d0': 0.024905832919416598};-280.569866449044;44.77311456629188
19348;-95.5118186582303;(((pow2((_a3_ + x)) / sqrt((_a0_ * _a0_))) + (-(_a7_) * _a0_)) * x);{'d0': {'_a0_': -0.29614178706524397, '_a3_': 0.31192970783544893, '_a7_': 4.884741546469621, '_a1_': 1.0, '_a2_': 1.0, '_a4_': 1.0, '_a5_': 1.0, '_a6_': 1.0}};{'d0': 0.024905832919416598};-280.569866449044;44.77311456629188
19349;-95.5118186582303;(((pow2((_a3_ + x)) / sqrt((_a0_ * _a0_))) + (-(_a7_) * _a0_)) * x);{'d0': {'_a0_': -0.29614178706524397, '_a3_': 0.31192970783544893, '_a7_': 4.884741546469621, '_a1_': 1.0, '_a2_': 1.0, '_a4_': 1.0, '_a5_': 1.0, '_a6_': 1.0}};{'d0': 0.024905832919416598};-280.569866449044;44.77311456629188
19350;-94.4682002483352;(((pow2((_a3_ + x)) / sqrt((_a0_ * _a0_))) + (-(_a7_) + _a0_)) * x);{'d0': {'_a0_': -0.29614178669214397, '_a3_': 0.3119297077513319, '_a7_': -1.7427178756518862, '_a1_': 1.0, '_a2_': 1.0, '_a4_': 1.0, '_a5_': 1.0, '_a6_': 1.0}};{'d0': 0.024905832919416684};-280.569866449043;45.81673297618688
19351;-94.4487312287452;(((pow2((_a3_ + x)) / log((_a0_ * _a0_))) + (-(_a7_) + _a0_)) * x);{'d0': {'_a0_': 1.1595951009740644, '_a3_': 0.3119297077531712, '_a7_': -0.2869809875273524, '_a1_': 1.0, '_a2_': 1.0, '_a4_': 1.0, '_a5_': 1.0, '_a6_': 1.0}};{'d0': 0.02490583291941669};-280.569866449043;45.836201995776875
19352;-94.4487312287452;(((pow2((_a3_ + x)) / log((_a0_ * _a0_))) + (-(_a7_) + _a0_)) * x);{'d0': {'_a0_': 1.1595951009740644, '_a3_': 0.3119297077531712, '_a7_': -0.2869809875273524, '_a1_': 1.0, '_a2_': 1.0, '_a4_': 1.0, '_a5_': 1.0, '_a6_': 1.0}};{'d0': 0.02490583291941669};-280.569866449043;45.836201995776875
19353;-94.4487312287452;(((pow2((_a3_ + x)) / log((_a0_ * _a0_))) + (-(_a7_) + _a0_)) * x);{'d0': {'_a0_': 1.1595951009740644, '_a3_': 0.3119297077531712, '_a7_': -0.2869809875273524, '_a1_': 1.0, '_a2_': 1.0, '_a4_': 1.0, '_a5_': 1.0, '_a6_': 1.0}};{'d0': 0.02490583291941669};-280.569866449043;45.836201995776875
19354;-103.505997731465;(((x * ((x + _a5_) / _a2_)) + (x + -(_a3_))) * x);{'d0': {'_a2_': 0.296141786791927, '_a3_': -1.7751354043705427, '_a5_': 0.3277176287946029, '_a0_': 1.0, '_a1_': 1.0, '_a4_': 1.0, '_a6_': 1.0, '_a7_': 1.0}};{'d0': 0.024905832919416605};-280.569866449044;36.77893549305681
19355;-94.4487312287452;(((pow2((_a3_ + x)) / log((_a0_ * _a0_))) + (-(_a7_) + _a0_)) * x);{'d0': {'_a0_': 1.1595951009740644, '_a3_': 0.3119297077531712, '_a7_': -0.2869809875273524, '_a1_': 1.0, '_a2_': 1.0, '_a4_': 1.0, '_a5_': 1.0, '_a6_': 1.0}};{'d0': 0.02490583291941669};-280.569866449043;45.836201995776875
19356;-94.4487312287452;(((pow2((_a3_ + x)) / log((_a0_ * _a0_))) + (-(_a7_) + _a0_)) * x);{'d0': {'_a0_': 1.1595951009740644, '_a3_': 0.3119297077531712, '_a7_': -0.2869809875273524, '_a1_': 1.0, '_a2_': 1.0, '_a4_': 1.0, '_a5_': 1.0, '_a6_': 1.0}};{'d0': 0.02490583291941669};-280.569866449043;45.836201995776875
19357;-94.4487312287452;(((pow2((_a3_ + x)) / log((_a0_ * _a0_))) + (-(_a7_) + _a0_)) * x);{'d0': {'_a0_': 1.1595951009740644, '_a3_': 0.3119297077531712, '_a7_': -0.2869809875273524, '_a1_': 1.0, '_a2_': 1.0, '_a4_': 1.0, '_a5_': 1.0, '_a6_': 1.0}};{'d0': 0.02490583291941669};-280.569866449043;45.836201995776875
19358;-94.4487312287452;(((pow2((_a3_ + x)) / log((_a0_ * _a0_))) + (-(_a7_) + _a0_)) * x);{'d0': {'_a0_': 1.1595951009740644, '_a3_': 0.3119297077531712, '_a7_': -0.2869809875273524, '_a1_': 1.0, '_a2_': 1.0, '_a4_': 1.0, '_a5_': 1.0, '_a6_': 1.0}};{'d0': 0.02490583291941669};-280.569866449043;45.836201995776875
19359;-94.4487312287452;(((pow2((_a3_ + x)) / log((_a0_ * _a0_))) + (-(_a7_) + _a0_)) * x);{'d0': {'_a0_': 1.1595951009740644, '_a3_': 0.3119297077531712, '_a7_': -0.2869809875273524, '_a1_': 1.0, '_a2_': 1.0, '_a4_': 1.0, '_a5_': 1.0, '_a6_': 1.0}};{'d0': 0.02490583291941669};-280.569866449043;45.836201995776875
19360;-94.4487312287452;(((pow2((_a3_ + x)) / log((_a0_ * _a0_))) + (-(_a7_) + _a0_)) * x);{'d0': {'_a0_': 1.1595951009740644, '_a3_': 0.3119297077531712, '_a7_': -0.2869809875273524, '_a1_': 1.0, '_a2_': 1.0, '_a4_': 1.0, '_a5_': 1.0, '_a6_': 1.0}};{'d0': 0.02490583291941669};-280.569866449043;45.836201995776875
19361;-94.4487312287452;(((pow2((_a3_ + x)) / log((_a0_ * _a0_))) + (-(_a7_) + _a0_)) * x);{'d0': {'_a0_': 1.1595951009740644, '_a3_': 0.3119297077531712, '_a7_': -0.2869809875273524, '_a1_': 1.0, '_a2_': 1.0, '_a4_': 1.0, '_a5_': 1.0, '_a6_': 1.0}};{'d0': 0.02490583291941669};-280.569866449043;45.836201995776875
19362;-94.4487312287452;(((pow2((_a3_ + x)) / log((_a0_ * _a0_))) + (-(_a7_) + _a0_)) * x);{'d0': {'_a0_': 1.1595951009740644, '_a3_': 0.3119297077531712, '_a7_': -0.2869809875273524, '_a1_': 1.0, '_a2_': 1.0, '_a4_': 1.0, '_a5_': 1.0, '_a6_': 1.0}};{'d0': 0.02490583291941669};-280.569866449043;45.836201995776875
19363;-94.4487312287452;(((pow2((_a3_ + x)) / log((_a0_ * _a0_))) + (-(_a7_) + _a3_)) * x);{'d0': {'_a0_': 1.1595951011028027, '_a3_': 0.3119297077981997, '_a7_': -1.13464638179501, '_a1_': 1.0, '_a2_': 1.0, '_a4_': 1.0, '_a5_': 1.0, '_a6_': 1.0}};{'d0': 0.024905832919416653};-280.569866449044;45.836201995776875
19364;-94.4487312287452;(((pow2((_a3_ + x)) / log((_a0_ * _a0_))) + (-(_a7_) + _a3_)) * x);{'d0': {'_a0_': 1.1595951011028027, '_a3_': 0.3119297077981997, '_a7_': -1.13464638179501, '_a1_': 1.0, '_a2_': 1.0, '_a4_': 1.0, '_a5_': 1.0, '_a6_': 1.0}};{'d0': 0.024905832919416653};-280.569866449044;45.836201995776875
19365;-94.4487312287452;(((pow2((_a3_ + x)) / log((_a0_ * _a0_))) + (-(_a7_) + _a3_)) * x);{'d0': {'_a0_': 1.1595951011028027, '_a3_': 0.3119297077981997, '_a7_': -1.13464638179501, '_a1_': 1.0, '_a2_': 1.0, '_a4_': 1.0, '_a5_': 1.0, '_a6_': 1.0}};{'d0': 0.024905832919416653};-280.569866449044;45.836201995776875
19366;-94.4487312287452;(((pow2((_a3_ + x)) / log((_a0_ * _a0_))) + (-(_a7_) + _a3_)) * x);{'d0': {'_a0_': 1.1595951011028027, '_a3_': 0.3119297077981997, '_a7_': -1.13464638179501, '_a1_': 1.0, '_a2_': 1.0, '_a4_': 1.0, '_a5_': 1.0, '_a6_': 1.0}};{'d0': 0.024905832919416653};-280.569866449044;45.836201995776875
19367;-94.4487312287452;(((pow2((_a3_ + x)) / log((_a0_ * _a0_))) + (-(_a7_) + _a3_)) * x);{'d0': {'_a0_': 1.1595951011028027, '_a3_': 0.3119297077981997, '_a7_': -1.13464638179501, '_a1_': 1.0, '_a2_': 1.0, '_a4_': 1.0, '_a5_': 1.0, '_a6_': 1.0}};{'d0': 0.024905832919416653};-280.569866449044;45.836201995776875
19368;-94.4487312287452;(((pow2((_a3_ + x)) / log((_a0_ * _a0_))) + (-(_a7_) + _a3_)) * x);{'d0': {'_a0_': 1.1595951011028027, '_a3_': 0.3119297077981997, '_a7_': -1.13464638179501, '_a1_': 1.0, '_a2_': 1.0, '_a4_': 1.0, '_a5_': 1.0, '_a6_': 1.0}};{'d0': 0.024905832919416653};-280.569866449044;45.836201995776875
19369;-94.4487312287452;(((pow2((_a3_ + x)) / log((_a0_ * _a0_))) + (-(_a7_) + _a3_)) * x);{'d0': {'_a0_': 1.1595951011028027, '_a3_': 0.3119297077981997, '_a7_': -1.13464638179501, '_a1_': 1.0, '_a2_': 1.0, '_a4_': 1.0, '_a5_': 1.0, '_a6_': 1.0}};{'d0': 0.024905832919416653};-280.569866449044;45.836201995776875
19370;-94.4487312287452;(((pow2((_a3_ + x)) / log((_a0_ * _a0_))) + (-(_a7_) + _a3_)) * x);{'d0': {'_a0_': 1.1595951011028027, '_a3_': 0.3119297077981997, '_a7_': -1.13464638179501, '_a1_': 1.0, '_a2_': 1.0, '_a4_': 1.0, '_a5_': 1.0, '_a6_': 1.0}};{'d0': 0.024905832919416653};-280.569866449044;45.836201995776875
19371;-94.4487312287452;(((pow2((_a3_ + x)) / log((_a0_ * _a0_))) + (-(_a7_) + _a3_)) * x);{'d0': {'_a0_': 1.1595951011028027, '_a3_': 0.3119297077981997, '_a7_': -1.13464638179501, '_a1_': 1.0, '_a2_': 1.0, '_a4_': 1.0, '_a5_': 1.0, '_a6_': 1.0}};{'d0': 0.024905832919416653};-280.569866449044;45.836201995776875
19372;-94.4487312287452;(((pow2((_a3_ + x)) / log((_a0_ * _a0_))) + (-(_a7_) + _a3_)) * x);{'d0': {'_a0_': 1.1595951011028027, '_a3_': 0.3119297077981997, '_a7_': -1.13464638179501, '_a1_': 1.0, '_a2_': 1.0, '_a4_': 1.0, '_a5_': 1.0, '_a6_': 1.0}};{'d0': 0.024905832919416653};-280.569866449044;45.836201995776875
19373;-94.4487312287452;(((pow2((_a3_ + x)) / log((_a0_ * _a0_))) + (-(_a7_) + _a3_)) * x);{'d0': {'_a0_': 1.1595951011028027, '_a3_': 0.3119297077981997, '_a7_': -1.13464638179501, '_a1_': 1.0, '_a2_': 1.0, '_a4_': 1.0, '_a5_': 1.0, '_a6_': 1.0}};{'d0': 0.024905832919416653};-280.569866449044;45.836201995776875
19374;-94.4487312287452;(((pow2((_a3_ + x)) / log((_a0_ * _a0_))) + (-(_a7_) + _a3_)) * x);{'d0': {'_a0_': 1.1595951011028027, '_a3_': 0.3119297077981997, '_a7_': -1.13464638179501, '_a1_': 1.0, '_a2_': 1.0, '_a4_': 1.0, '_a5_': 1.0, '_a6_': 1.0}};{'d0': 0.024905832919416653};-280.569866449044;45.836201995776875
19375;-94.4487312287452;(((pow2((_a3_ + x)) / log((_a0_ * _a0_))) + (-(_a7_) + _a3_)) * x);{'d0': {'_a0_': 1.1595951011028027, '_a3_': 0.3119297077981997, '_a7_': -1.13464638179501, '_a1_': 1.0, '_a2_': 1.0, '_a4_': 1.0, '_a5_': 1.0, '_a6_': 1.0}};{'d0': 0.024905832919416653};-280.569866449044;45.836201995776875
19376;-94.4487312287452;(((pow2((_a3_ + x)) / log((_a0_ * _a0_))) + (-(_a7_) + _a3_)) * x);{'d0': {'_a0_': 1.1595951011028027, '_a3_': 0.3119297077981997, '_a7_': -1.13464638179501, '_a1_': 1.0, '_a2_': 1.0, '_a4_': 1.0, '_a5_': 1.0, '_a6_': 1.0}};{'d0': 0.024905832919416653};-280.569866449044;45.836201995776875
19377;-94.4487312287452;(((pow2((_a3_ + x)) / log((_a0_ * _a0_))) + (-(_a7_) + _a3_)) * x);{'d0': {'_a0_': 1.1595951011028027, '_a3_': 0.3119297077981997, '_a7_': -1.13464638179501, '_a1_': 1.0, '_a2_': 1.0, '_a4_': 1.0, '_a5_': 1.0, '_a6_': 1.0}};{'d0': 0.024905832919416653};-280.569866449044;45.836201995776875
19378;-92.4015589446563;(((pow2((_a3_ + x)) / log((_a0_ * _a0_))) + (-(_a7_) + _a2_)) * x);{'d0': {'_a0_': 1.1595951008843774, '_a2_': 2052.4657012673215, '_a3_': 0.3119297082969237, '_a7_': 2051.0191247769008, '_a1_': 1.0, '_a4_': 1.0, '_a5_': 1.0, '_a6_': 1.0}};{'d0': 0.024905832921888808};-276.475521880866;45.836201995776875
19379;-92.4015589446563;(((pow2((_a3_ + x)) / log((_a0_ * _a0_))) + (-(_a7_) + _a2_)) * x);{'d0': {'_a0_': 1.1595951008843774, '_a2_': 2052.4657012673215, '_a3_': 0.3119297082969237, '_a7_': 2051.0191247769008, '_a1_': 1.0, '_a4_': 1.0, '_a5_': 1.0, '_a6_': 1.0}};{'d0': 0.024905832921888808};-276.475521880866;45.836201995776875
19380;-92.4015589446563;(((pow2((_a3_ + x)) / log((_a0_ * _a0_))) + (-(_a7_) + _a2_)) * x);{'d0': {'_a0_': 1.1595951008843774, '_a2_': 2052.4657012673215, '_a3_': 0.3119297082969237, '_a7_': 2051.0191247769008, '_a1_': 1.0, '_a4_': 1.0, '_a5_': 1.0, '_a6_': 1.0}};{'d0': 0.024905832921888808};-276.475521880866;45.836201995776875
19381;-92.4015589446563;(((pow2((_a3_ + x)) / log((_a0_ * _a0_))) + (-(_a7_) + _a2_)) * x);{'d0': {'_a0_': 1.1595951008843774, '_a2_': 2052.4657012673215, '_a3_': 0.3119297082969237, '_a7_': 2051.0191247769008, '_a1_': 1.0, '_a4_': 1.0, '_a5_': 1.0, '_a6_': 1.0}};{'d0': 0.024905832921888808};-276.475521880866;45.836201995776875
19382;-92.4015589446563;(((pow2((_a3_ + x)) / log((_a0_ * _a0_))) + (-(_a7_) + _a2_)) * x);{'d0': {'_a0_': 1.1595951008843774, '_a2_': 2052.4657012673215, '_a3_': 0.3119297082969237, '_a7_': 2051.0191247769008, '_a1_': 1.0, '_a4_': 1.0, '_a5_': 1.0, '_a6_': 1.0}};{'d0': 0.024905832921888808};-276.475521880866;45.836201995776875
19383;-92.4015589446563;(((pow2((_a3_ + x)) / log((_a0_ * _a0_))) + (-(_a7_) + _a2_)) * x);{'d0': {'_a0_': 1.1595951008843774, '_a2_': 2052.4657012673215, '_a3_': 0.3119297082969237, '_a7_': 2051.0191247769008, '_a1_': 1.0, '_a4_': 1.0, '_a5_': 1.0, '_a6_': 1.0}};{'d0': 0.024905832921888808};-276.475521880866;45.836201995776875
19384;-96.0815061011382;(((pow2((_a3_ + x)) / log((_a0_ * _a0_))) + (_a6_ + _a2_)) * x);{'d0': {'_a0_': 1.1595951015336123, '_a2_': -4222.391990686374, '_a3_': 0.31192970863780506, '_a6_': 4223.83856617612, '_a1_': 1.0, '_a4_': 1.0, '_a5_': 1.0, '_a7_': 1.0}};{'d0': 0.024905832925025736};-276.475521873309;42.156254835516485
19385;-96.0815061011382;(((pow2((_a3_ + x)) / log((_a0_ * _a0_))) + (_a6_ + _a2_)) * x);{'d0': {'_a0_': 1.1595951015336123, '_a2_': -4222.391990686374, '_a3_': 0.31192970863780506, '_a6_': 4223.83856617612, '_a1_': 1.0, '_a4_': 1.0, '_a5_': 1.0, '_a7_': 1.0}};{'d0': 0.024905832925025736};-276.475521873309;42.156254835516485
19386;-92.2080773399757;(((pow2((_a3_ + x)) / log((_a0_ * _a0_))) + (_a6_ + (_a6_ + _a0_))) * x);{'d0': {'_a0_': 1.1595951009418795, '_a3_': 0.3119297077650652, '_a6_': 0.14349049368222833, '_a1_': 1.0, '_a2_': 1.0, '_a4_': 1.0, '_a5_': 1.0, '_a7_': 1.0}};{'d0': 0.02490583291941659};-280.569866449044;48.07685588454648
19387;-92.2080773399757;(((pow2((_a3_ + x)) / log((_a0_ * _a0_))) + (_a6_ + (_a6_ + _a0_))) * x);{'d0': {'_a0_': 1.1595951009418795, '_a3_': 0.3119297077650652, '_a6_': 0.14349049368222833, '_a1_': 1.0, '_a2_': 1.0, '_a4_': 1.0, '_a5_': 1.0, '_a7_': 1.0}};{'d0': 0.02490583291941659};-280.569866449044;48.07685588454648
19388;-92.2080773399757;(((pow2((_a3_ + x)) / log((_a0_ * _a0_))) + (_a6_ + (_a6_ + _a0_))) * x);{'d0': {'_a0_': 1.1595951009418795, '_a3_': 0.3119297077650652, '_a6_': 0.14349049368222833, '_a1_': 1.0, '_a2_': 1.0, '_a4_': 1.0, '_a5_': 1.0, '_a7_': 1.0}};{'d0': 0.02490583291941659};-280.569866449044;48.07685588454648
19389;-92.2080773399757;(((pow2((_a3_ + x)) / log((_a0_ * _a0_))) + (_a6_ + (_a6_ + _a0_))) * x);{'d0': {'_a0_': 1.1595951009418795, '_a3_': 0.3119297077650652, '_a6_': 0.14349049368222833, '_a1_': 1.0, '_a2_': 1.0, '_a4_': 1.0, '_a5_': 1.0, '_a7_': 1.0}};{'d0': 0.02490583291941659};-280.569866449044;48.07685588454648
19390;-92.2080773399757;(((pow2((_a3_ + x)) / log((_a0_ * _a0_))) + (_a6_ + (_a6_ + _a0_))) * x);{'d0': {'_a0_': 1.1595951009418795, '_a3_': 0.3119297077650652, '_a6_': 0.14349049368222833, '_a1_': 1.0, '_a2_': 1.0, '_a4_': 1.0, '_a5_': 1.0, '_a7_': 1.0}};{'d0': 0.02490583291941659};-280.569866449044;48.07685588454648
19391;-92.2080773399757;(((pow2((_a3_ + x)) / log((_a0_ * _a0_))) + (_a6_ + (_a6_ + _a0_))) * x);{'d0': {'_a0_': 1.1595951009418795, '_a3_': 0.3119297077650652, '_a6_': 0.14349049368222833, '_a1_': 1.0, '_a2_': 1.0, '_a4_': 1.0, '_a5_': 1.0, '_a7_': 1.0}};{'d0': 0.02490583291941659};-280.569866449044;48.07685588454648
19392;-92.2080773399757;(((pow2((_a3_ + x)) / log((_a0_ * _a0_))) + (_a6_ + (_a6_ + _a0_))) * x);{'d0': {'_a0_': 1.1595951009418795, '_a3_': 0.3119297077650652, '_a6_': 0.14349049368222833, '_a1_': 1.0, '_a2_': 1.0, '_a4_': 1.0, '_a5_': 1.0, '_a7_': 1.0}};{'d0': 0.02490583291941659};-280.569866449044;48.07685588454648
19393;-97.0127026927886;(((pow2((_a3_ + x)) / log(_a0_)) + (_a6_ + (_a6_ + _a0_))) * x);{'d0': {'_a0_': 1.344660798886745, '_a3_': 0.3119297079551921, '_a6_': 0.05095764625796212, '_a1_': 1.0, '_a2_': 1.0, '_a4_': 1.0, '_a5_': 1.0, '_a7_': 1.0}};{'d0': 0.02490583291941669};-280.569866449043;43.272230531733484
19394;-97.0127026927886;(((pow2((_a3_ + x)) / log(_a0_)) + (_a6_ + (_a6_ + _a0_))) * x);{'d0': {'_a0_': 1.344660798886745, '_a3_': 0.3119297079551921, '_a6_': 0.05095764625796212, '_a1_': 1.0, '_a2_': 1.0, '_a4_': 1.0, '_a5_': 1.0, '_a7_': 1.0}};{'d0': 0.02490583291941669};-280.569866449043;43.272230531733484
19395;-97.0127026927886;(((pow2((_a3_ + x)) / log(_a0_)) + (_a6_ + (_a6_ + _a0_))) * x);{'d0': {'_a0_': 1.344660798886745, '_a3_': 0.3119297079551921, '_a6_': 0.05095764625796212, '_a1_': 1.0, '_a2_': 1.0, '_a4_': 1.0, '_a5_': 1.0, '_a7_': 1.0}};{'d0': 0.02490583291941669};-280.569866449043;43.272230531733484
19396;-97.0127026927886;(((pow2((_a3_ + x)) / log(_a0_)) + (_a6_ + (_a6_ + _a0_))) * x);{'d0': {'_a0_': 1.344660798886745, '_a3_': 0.3119297079551921, '_a6_': 0.05095764625796212, '_a1_': 1.0, '_a2_': 1.0, '_a4_': 1.0, '_a5_': 1.0, '_a7_': 1.0}};{'d0': 0.02490583291941669};-280.569866449043;43.272230531733484
19397;-97.0127026927886;(((pow2((_a3_ + x)) / log(_a0_)) + (_a6_ + (_a6_ + _a0_))) * x);{'d0': {'_a0_': 1.344660798886745, '_a3_': 0.3119297079551921, '_a6_': 0.05095764625796212, '_a1_': 1.0, '_a2_': 1.0, '_a4_': 1.0, '_a5_': 1.0, '_a7_': 1.0}};{'d0': 0.02490583291941669};-280.569866449043;43.272230531733484
19398;-97.0127026927886;(((pow2((_a3_ + x)) / log(_a0_)) + (_a6_ + (_a6_ + _a0_))) * x);{'d0': {'_a0_': 1.344660798886745, '_a3_': 0.3119297079551921, '_a6_': 0.05095764625796212, '_a1_': 1.0, '_a2_': 1.0, '_a4_': 1.0, '_a5_': 1.0, '_a7_': 1.0}};{'d0': 0.02490583291941669};-280.569866449043;43.272230531733484
19399;-97.0127026927886;(((pow2((_a3_ + x)) / log(_a0_)) + (_a6_ + (_a6_ + _a0_))) * x);{'d0': {'_a0_': 1.344660798886745, '_a3_': 0.3119297079551921, '_a6_': 0.05095764625796212, '_a1_': 1.0, '_a2_': 1.0, '_a4_': 1.0, '_a5_': 1.0, '_a7_': 1.0}};{'d0': 0.02490583291941669};-280.569866449043;43.272230531733484
19400;-100.886131460414;(((pow2((_a3_ + x)) / log(_a0_)) + (_a6_ + _a7_)) * x);{'d0': {'_a0_': 1.3446607982826104, '_a3_': 0.31192970803591336, '_a6_': 269.108615265004, '_a7_': -267.66203904948895, '_a1_': 1.0, '_a2_': 1.0, '_a4_': 1.0, '_a5_': 1.0}};{'d0': 0.0249058329196606};-276.475521886234;37.35162948270349
19401;-100.886131460414;(((pow2((_a3_ + x)) / log(_a0_)) + (_a6_ + _a7_)) * x);{'d0': {'_a0_': 1.3446607982826104, '_a3_': 0.31192970803591336, '_a6_': 269.108615265004, '_a7_': -267.66203904948895, '_a1_': 1.0, '_a2_': 1.0, '_a4_': 1.0, '_a5_': 1.0}};{'d0': 0.0249058329196606};-276.475521886234;37.35162948270349
19402;-102.933303741819;(((pow2((_a3_ + x)) / log(_a0_)) + (_a6_ + x)) * x);{'d0': {'_a0_': 1.3446607982370558, '_a3_': 0.16385881452004467, '_a6_': 1.6844703504919845, '_a1_': 1.0, '_a2_': 1.0, '_a4_': 1.0, '_a5_': 1.0, '_a7_': 1.0}};{'d0': 0.024905832919416598};-280.569866449044;37.35162948270349
19403;-102.933303741819;(((pow2((_a3_ + x)) / log(_a0_)) + (_a6_ + x)) * x);{'d0': {'_a0_': 1.3446607982370558, '_a3_': 0.16385881452004467, '_a6_': 1.6844703504919845, '_a1_': 1.0, '_a2_': 1.0, '_a4_': 1.0, '_a5_': 1.0, '_a7_': 1.0}};{'d0': 0.024905832919416598};-280.569866449044;37.35162948270349
19404;-102.933303741819;(((pow2((_a3_ + x)) / log(_a0_)) + (_a6_ + x)) * x);{'d0': {'_a0_': 1.3446607982370558, '_a3_': 0.16385881452004467, '_a6_': 1.6844703504919845, '_a1_': 1.0, '_a2_': 1.0, '_a4_': 1.0, '_a5_': 1.0, '_a7_': 1.0}};{'d0': 0.024905832919416598};-280.569866449044;37.35162948270349
19405;-102.933303741819;(((pow2((_a3_ + x)) / log(_a0_)) + (_a6_ + _a6_)) * x);{'d0': {'_a0_': 1.344660798458984, '_a3_': 0.31192970791791624, '_a6_': 0.7232880447722083, '_a1_': 1.0, '_a2_': 1.0, '_a4_': 1.0, '_a5_': 1.0, '_a7_': 1.0}};{'d0': 0.02490583291941663};-280.569866449044;37.35162948270349
19406;-102.933303741819;(((pow2((_a3_ + x)) / log(_a0_)) + (_a6_ + _a6_)) * x);{'d0': {'_a0_': 1.344660798458984, '_a3_': 0.31192970791791624, '_a6_': 0.7232880447722083, '_a1_': 1.0, '_a2_': 1.0, '_a4_': 1.0, '_a5_': 1.0, '_a7_': 1.0}};{'d0': 0.02490583291941663};-280.569866449044;37.35162948270349
19407;-102.933303741819;(((pow2((_a3_ + x)) / log(_a0_)) + (_a6_ + _a6_)) * x);{'d0': {'_a0_': 1.344660798458984, '_a3_': 0.31192970791791624, '_a6_': 0.7232880447722083, '_a1_': 1.0, '_a2_': 1.0, '_a4_': 1.0, '_a5_': 1.0, '_a7_': 1.0}};{'d0': 0.02490583291941663};-280.569866449044;37.35162948270349
19408;-102.933303741819;(((pow2((_a3_ + x)) / log(_a0_)) + (_a6_ + _a6_)) * x);{'d0': {'_a0_': 1.344660798458984, '_a3_': 0.31192970791791624, '_a6_': 0.7232880447722083, '_a1_': 1.0, '_a2_': 1.0, '_a4_': 1.0, '_a5_': 1.0, '_a7_': 1.0}};{'d0': 0.02490583291941663};-280.569866449044;37.35162948270349
19409;-102.933303741819;(((pow2((_a3_ + x)) / log(_a0_)) + (_a6_ + _a6_)) * x);{'d0': {'_a0_': 1.344660798458984, '_a3_': 0.31192970791791624, '_a6_': 0.7232880447722083, '_a1_': 1.0, '_a2_': 1.0, '_a4_': 1.0, '_a5_': 1.0, '_a7_': 1.0}};{'d0': 0.02490583291941663};-280.569866449044;37.35162948270349
19410;-102.933303741819;(((pow2((_a3_ + x)) / log(_a0_)) + (_a6_ + _a6_)) * x);{'d0': {'_a0_': 1.344660798458984, '_a3_': 0.31192970791791624, '_a6_': 0.7232880447722083, '_a1_': 1.0, '_a2_': 1.0, '_a4_': 1.0, '_a5_': 1.0, '_a7_': 1.0}};{'d0': 0.02490583291941663};-280.569866449044;37.35162948270349
19411;-102.933303741819;(((pow2((_a3_ + x)) / log(_a0_)) + (_a6_ + _a6_)) * x);{'d0': {'_a0_': 1.344660798458984, '_a3_': 0.31192970791791624, '_a6_': 0.7232880447722083, '_a1_': 1.0, '_a2_': 1.0, '_a4_': 1.0, '_a5_': 1.0, '_a7_': 1.0}};{'d0': 0.02490583291941663};-280.569866449044;37.35162948270349
19412;-102.933303741819;(((pow2((_a3_ + x)) / log(_a0_)) + (_a6_ + _a6_)) * x);{'d0': {'_a0_': 1.344660798458984, '_a3_': 0.31192970791791624, '_a6_': 0.7232880447722083, '_a1_': 1.0, '_a2_': 1.0, '_a4_': 1.0, '_a5_': 1.0, '_a7_': 1.0}};{'d0': 0.02490583291941663};-280.569866449044;37.35162948270349
19413;-102.933303741819;(((pow2((_a3_ + x)) / log(_a0_)) + (_a6_ + _a6_)) * x);{'d0': {'_a0_': 1.344660798458984, '_a3_': 0.31192970791791624, '_a6_': 0.7232880447722083, '_a1_': 1.0, '_a2_': 1.0, '_a4_': 1.0, '_a5_': 1.0, '_a7_': 1.0}};{'d0': 0.02490583291941663};-280.569866449044;37.35162948270349
19414;-102.933303741819;(((pow2((_a3_ + x)) / log(_a0_)) + (_a6_ + _a6_)) * x);{'d0': {'_a0_': 1.344660798458984, '_a3_': 0.31192970791791624, '_a6_': 0.7232880447722083, '_a1_': 1.0, '_a2_': 1.0, '_a4_': 1.0, '_a5_': 1.0, '_a7_': 1.0}};{'d0': 0.02490583291941663};-280.569866449044;37.35162948270349
19415;-102.933303741819;(((pow2((_a3_ + x)) / log(_a0_)) + (_a6_ + _a6_)) * x);{'d0': {'_a0_': 1.344660798458984, '_a3_': 0.31192970791791624, '_a6_': 0.7232880447722083, '_a1_': 1.0, '_a2_': 1.0, '_a4_': 1.0, '_a5_': 1.0, '_a7_': 1.0}};{'d0': 0.02490583291941663};-280.569866449044;37.35162948270349
19416;-102.933303741819;(((pow2((_a3_ + x)) / log(_a0_)) + (_a6_ + _a6_)) * x);{'d0': {'_a0_': 1.344660798458984, '_a3_': 0.31192970791791624, '_a6_': 0.7232880447722083, '_a1_': 1.0, '_a2_': 1.0, '_a4_': 1.0, '_a5_': 1.0, '_a7_': 1.0}};{'d0': 0.02490583291941663};-280.569866449044;37.35162948270349
19417;-102.933303741819;(((pow2((_a3_ + x)) / log(_a0_)) + (_a6_ + _a6_)) * x);{'d0': {'_a0_': 1.344660798458984, '_a3_': 0.31192970791791624, '_a6_': 0.7232880447722083, '_a1_': 1.0, '_a2_': 1.0, '_a4_': 1.0, '_a5_': 1.0, '_a7_': 1.0}};{'d0': 0.02490583291941663};-280.569866449044;37.35162948270349
19418;-102.933303741819;(((pow2((_a3_ + x)) / log(_a0_)) + (_a6_ + _a6_)) * x);{'d0': {'_a0_': 1.344660798458984, '_a3_': 0.31192970791791624, '_a6_': 0.7232880447722083, '_a1_': 1.0, '_a2_': 1.0, '_a4_': 1.0, '_a5_': 1.0, '_a7_': 1.0}};{'d0': 0.02490583291941663};-280.569866449044;37.35162948270349
19419;-94.6337640161345;(((pow2((_a6_ * (_a2_ * ((_a4_ + x) * _a2_)))) * _a3_) + _a3_) * -(x));{'d0': {'_a2_': -0.9558202910788463, '_a3_': -1.4465760898643627, '_a4_': 0.31192970783254204, '_a6_': 1.6723492544343868, '_a0_': 1.0, '_a1_': 1.0, '_a5_': 1.0, '_a7_': 1.0}};{'d0': 0.02490583291997361};-276.475521885480;43.60399692660527
19420;-94.6337640161345;(((pow2((_a6_ * (_a2_ * ((_a4_ + x) * _a2_)))) * _a3_) + _a3_) * -(x));{'d0': {'_a2_': -0.9558202910788463, '_a3_': -1.4465760898643627, '_a4_': 0.31192970783254204, '_a6_': 1.6723492544343868, '_a0_': 1.0, '_a1_': 1.0, '_a5_': 1.0, '_a7_': 1.0}};{'d0': 0.02490583291997361};-276.475521885480;43.60399692660527
19421;-94.6337640161345;(((pow2((_a6_ * (_a2_ * ((_a4_ + x) * _a2_)))) * _a3_) + _a3_) * -(x));{'d0': {'_a2_': -0.9558202910788463, '_a3_': -1.4465760898643627, '_a4_': 0.31192970783254204, '_a6_': 1.6723492544343868, '_a0_': 1.0, '_a1_': 1.0, '_a5_': 1.0, '_a7_': 1.0}};{'d0': 0.02490583291997361};-276.475521885480;43.60399692660527
19422;-94.6337640161345;(((pow2((_a6_ * (_a2_ * ((_a4_ + x) * _a2_)))) * _a3_) + _a3_) * -(x));{'d0': {'_a2_': -0.9558202910788463, '_a3_': -1.4465760898643627, '_a4_': 0.31192970783254204, '_a6_': 1.6723492544343868, '_a0_': 1.0, '_a1_': 1.0, '_a5_': 1.0, '_a7_': 1.0}};{'d0': 0.02490583291997361};-276.475521885480;43.60399692660527
19423;-94.6337640161345;(((pow2((_a6_ * (_a2_ * ((_a4_ + x) * _a2_)))) * _a3_) + _a3_) * -(x));{'d0': {'_a2_': -0.9558202910788463, '_a3_': -1.4465760898643627, '_a4_': 0.31192970783254204, '_a6_': 1.6723492544343868, '_a0_': 1.0, '_a1_': 1.0, '_a5_': 1.0, '_a7_': 1.0}};{'d0': 0.02490583291997361};-276.475521885480;43.60399692660527
19424;-94.6337640161345;(((pow2((_a6_ * (_a2_ * ((_a4_ + x) * _a2_)))) * _a3_) + _a3_) * -(x));{'d0': {'_a2_': -0.9558202910788463, '_a3_': -1.4465760898643627, '_a4_': 0.31192970783254204, '_a6_': 1.6723492544343868, '_a0_': 1.0, '_a1_': 1.0, '_a5_': 1.0, '_a7_': 1.0}};{'d0': 0.02490583291997361};-276.475521885480;43.60399692660527
19425;-94.6337640161345;(((pow2((_a6_ * (_a2_ * ((_a4_ + x) * _a2_)))) * _a3_) + _a3_) * -(x));{'d0': {'_a2_': -0.9558202910788463, '_a3_': -1.4465760898643627, '_a4_': 0.31192970783254204, '_a6_': 1.6723492544343868, '_a0_': 1.0, '_a1_': 1.0, '_a5_': 1.0, '_a7_': 1.0}};{'d0': 0.02490583291997361};-276.475521885480;43.60399692660527
19426;-94.6337640161345;(((pow2((_a6_ * (_a2_ * ((_a4_ + x) * _a2_)))) * _a3_) + _a3_) * -(x));{'d0': {'_a2_': -0.9558202910788463, '_a3_': -1.4465760898643627, '_a4_': 0.31192970783254204, '_a6_': 1.6723492544343868, '_a0_': 1.0, '_a1_': 1.0, '_a5_': 1.0, '_a7_': 1.0}};{'d0': 0.02490583291997361};-276.475521885480;43.60399692660527
19427;-94.6337640161345;(((pow2((_a6_ * (_a2_ * ((_a4_ + x) * _a2_)))) * _a3_) + _a3_) * -(x));{'d0': {'_a2_': -0.9558202910788463, '_a3_': -1.4465760898643627, '_a4_': 0.31192970783254204, '_a6_': 1.6723492544343868, '_a0_': 1.0, '_a1_': 1.0, '_a5_': 1.0, '_a7_': 1.0}};{'d0': 0.02490583291997361};-276.475521885480;43.60399692660527
19428;-94.6337640161345;(((pow2((_a6_ * (_a2_ * ((_a4_ + x) * _a2_)))) * _a3_) + _a3_) * -(x));{'d0': {'_a2_': -0.9558202910788463, '_a3_': -1.4465760898643627, '_a4_': 0.31192970783254204, '_a6_': 1.6723492544343868, '_a0_': 1.0, '_a1_': 1.0, '_a5_': 1.0, '_a7_': 1.0}};{'d0': 0.02490583291997361};-276.475521885480;43.60399692660527
19429;-101.542203691237;(((x * ((x + -(_a7_)) / _a2_)) + (_a1_ / _a6_)) * x);{'d0': {'_a1_': 2670.6828964595284, '_a2_': 0.29614178695534693, '_a6_': 1504.4953126469522, '_a7_': -0.6238594153807153, '_a0_': 1.0, '_a3_': 1.0, '_a4_': 1.0, '_a5_': 1.0}};{'d0': 0.02490583291941663};-276.475521886821;36.695557252174005
19430;-101.542203691237;(((x * ((x + -(_a7_)) / _a2_)) + (_a1_ / _a6_)) * x);{'d0': {'_a1_': 2670.6828964595284, '_a2_': 0.29614178695534693, '_a6_': 1504.4953126469522, '_a7_': -0.6238594153807153, '_a0_': 1.0, '_a3_': 1.0, '_a4_': 1.0, '_a5_': 1.0}};{'d0': 0.02490583291941663};-276.475521886821;36.695557252174005
19431;-94.6337640161345;(((pow2((_a6_ * (_a2_ * ((_a4_ + x) * _a2_)))) * _a3_) + _a3_) * -(x));{'d0': {'_a2_': -0.9558202910788463, '_a3_': -1.4465760898643627, '_a4_': 0.31192970783254204, '_a6_': 1.6723492544343868, '_a0_': 1.0, '_a1_': 1.0, '_a5_': 1.0, '_a7_': 1.0}};{'d0': 0.02490583291997361};-276.475521885480;43.60399692660527
19432;-94.6337640161345;(((pow2((_a6_ * (_a2_ * ((_a4_ + x) * _a2_)))) * _a3_) + _a3_) * -(x));{'d0': {'_a2_': -0.9558202910788463, '_a3_': -1.4465760898643627, '_a4_': 0.31192970783254204, '_a6_': 1.6723492544343868, '_a0_': 1.0, '_a1_': 1.0, '_a5_': 1.0, '_a7_': 1.0}};{'d0': 0.02490583291997361};-276.475521885480;43.60399692660527
19433;-91.3216042678065;(((pow2((_a6_ * (_a2_ * ((log(_a6_) + x) * _a2_)))) * _a3_) + _a3_) * -(x));{'d0': {'_a2_': -1.0575601576373983, '_a3_': -1.4465760893899278, '_a6_': 1.3660586663982797, '_a0_': 1.0, '_a1_': 1.0, '_a4_': 1.0, '_a5_': 1.0, '_a7_': 1.0}};{'d0': 0.024905832919416598};-280.569866449044;48.96332895671527
19434;-91.3216042678065;(((pow2((_a6_ * (_a2_ * ((log(_a6_) + x) * _a6_)))) * _a3_) + _a3_) * -(x));{'d0': {'_a2_': -0.8187302011406521, '_a3_': -1.4465760897286144, '_a6_': 1.3660586664031922, '_a0_': 1.0, '_a1_': 1.0, '_a4_': 1.0, '_a5_': 1.0, '_a7_': 1.0}};{'d0': 0.02490583291941661};-280.569866449044;48.96332895671527
19435;-91.3216042678065;(((pow2((_a6_ * (_a2_ * ((log(_a6_) + x) * _a6_)))) * _a3_) + _a3_) * -(x));{'d0': {'_a2_': -0.8187302011406521, '_a3_': -1.4465760897286144, '_a6_': 1.3660586664031922, '_a0_': 1.0, '_a1_': 1.0, '_a4_': 1.0, '_a5_': 1.0, '_a7_': 1.0}};{'d0': 0.02490583291941661};-280.569866449044;48.96332895671527
19436;-91.3216042678065;(((pow2((_a6_ * (_a2_ * ((log(_a6_) + x) * _a6_)))) * _a3_) + _a3_) * -(x));{'d0': {'_a2_': -0.8187302011406521, '_a3_': -1.4465760897286144, '_a6_': 1.3660586664031922, '_a0_': 1.0, '_a1_': 1.0, '_a4_': 1.0, '_a5_': 1.0, '_a7_': 1.0}};{'d0': 0.02490583291941661};-280.569866449044;48.96332895671527
19437;-91.3216042678065;(((pow2((_a6_ * (_a2_ * ((log(_a6_) + x) * _a6_)))) * _a3_) + _a3_) * -(x));{'d0': {'_a2_': -0.8187302011406521, '_a3_': -1.4465760897286144, '_a6_': 1.3660586664031922, '_a0_': 1.0, '_a1_': 1.0, '_a4_': 1.0, '_a5_': 1.0, '_a7_': 1.0}};{'d0': 0.02490583291941661};-280.569866449044;48.96332895671527
19438;-91.3216042678065;(((pow2((_a6_ * (_a2_ * ((log(_a6_) + x) * _a6_)))) * _a3_) + _a3_) * -(x));{'d0': {'_a2_': -0.8187302011406521, '_a3_': -1.4465760897286144, '_a6_': 1.3660586664031922, '_a0_': 1.0, '_a1_': 1.0, '_a4_': 1.0, '_a5_': 1.0, '_a7_': 1.0}};{'d0': 0.02490583291941661};-280.569866449044;48.96332895671527
19439;-91.3216042678065;(((pow2((_a6_ * (_a2_ * ((log(_a6_) + x) * _a6_)))) * _a3_) + _a3_) * -(x));{'d0': {'_a2_': -0.8187302011406521, '_a3_': -1.4465760897286144, '_a6_': 1.3660586664031922, '_a0_': 1.0, '_a1_': 1.0, '_a4_': 1.0, '_a5_': 1.0, '_a7_': 1.0}};{'d0': 0.02490583291941661};-280.569866449044;48.96332895671527
19440;-109.426598780495;(((x * ((x + -(_a7_)) / _a2_)) + _a4_) * x);{'d0': {'_a2_': 0.29614178688176584, '_a4_': 1.77513540414487, '_a7_': -0.6238594154050725, '_a0_': 1.0, '_a1_': 1.0, '_a3_': 1.0, '_a5_': 1.0, '_a6_': 1.0}};{'d0': 0.024905832919416636};-280.569866449044;30.858334444026806
19441;-109.426598780495;(((x * ((x + -(_a7_)) / _a2_)) + _a4_) * x);{'d0': {'_a2_': 0.29614178688176584, '_a4_': 1.77513540414487, '_a7_': -0.6238594154050725, '_a0_': 1.0, '_a1_': 1.0, '_a3_': 1.0, '_a5_': 1.0, '_a6_': 1.0}};{'d0': 0.024905832919416636};-280.569866449044;30.858334444026806
19442;-91.3216042678065;(((pow2((_a6_ * (_a2_ * ((log(_a6_) + x) * _a6_)))) * _a3_) + _a3_) * -(x));{'d0': {'_a2_': -0.8187302011406521, '_a3_': -1.4465760897286144, '_a6_': 1.3660586664031922, '_a0_': 1.0, '_a1_': 1.0, '_a4_': 1.0, '_a5_': 1.0, '_a7_': 1.0}};{'d0': 0.02490583291941661};-280.569866449044;48.96332895671527
19443;-91.3216042678065;(((pow2((_a6_ * (_a2_ * ((log(_a6_) + x) * _a6_)))) * _a3_) + _a3_) * -(x));{'d0': {'_a2_': -0.8187302011406521, '_a3_': -1.4465760897286144, '_a6_': 1.3660586664031922, '_a0_': 1.0, '_a1_': 1.0, '_a4_': 1.0, '_a5_': 1.0, '_a7_': 1.0}};{'d0': 0.02490583291941661};-280.569866449044;48.96332895671527
19444;-91.3216042678065;(((pow2((_a6_ * (_a2_ * ((log(_a6_) + x) * _a6_)))) * _a3_) + _a3_) * -(x));{'d0': {'_a2_': -0.8187302011406521, '_a3_': -1.4465760897286144, '_a6_': 1.3660586664031922, '_a0_': 1.0, '_a1_': 1.0, '_a4_': 1.0, '_a5_': 1.0, '_a7_': 1.0}};{'d0': 0.02490583291941661};-280.569866449044;48.96332895671527
19445;-91.3216042678065;(((pow2((_a6_ * (_a2_ * ((log(_a6_) + x) * _a6_)))) * _a3_) + _a3_) * -(x));{'d0': {'_a2_': -0.8187302011406521, '_a3_': -1.4465760897286144, '_a6_': 1.3660586664031922, '_a0_': 1.0, '_a1_': 1.0, '_a4_': 1.0, '_a5_': 1.0, '_a7_': 1.0}};{'d0': 0.02490583291941661};-280.569866449044;48.96332895671527
19446;-91.3216042678065;(((pow2((_a6_ * (_a2_ * ((log(_a6_) + x) * _a6_)))) * _a3_) + _a3_) * -(x));{'d0': {'_a2_': -0.8187302011406521, '_a3_': -1.4465760897286144, '_a6_': 1.3660586664031922, '_a0_': 1.0, '_a1_': 1.0, '_a4_': 1.0, '_a5_': 1.0, '_a7_': 1.0}};{'d0': 0.02490583291941661};-280.569866449044;48.96332895671527
19447;-91.3216042678065;(((pow2((_a6_ * (_a2_ * ((log(_a6_) + x) * _a6_)))) * _a3_) + _a3_) * -(x));{'d0': {'_a2_': -0.8187302011406521, '_a3_': -1.4465760897286144, '_a6_': 1.3660586664031922, '_a0_': 1.0, '_a1_': 1.0, '_a4_': 1.0, '_a5_': 1.0, '_a7_': 1.0}};{'d0': 0.02490583291941661};-280.569866449044;48.96332895671527
19448;-83.4741402197423;(((pow2((_a6_ * (_a2_ * ((log(_a6_) + x) * _a6_)))) * _a3_) + (_a4_ / _a6_)) * -(x));{'d0': {'_a2_': 0.4570873055619655, '_a3_': -4.641138321753831, '_a4_': -1.9761078035856285, '_a6_': 1.3660586663715697, '_a0_': 1.0, '_a1_': 1.0, '_a5_': 1.0, '_a7_': 1.0}};{'d0': 0.024905832919873878};-276.475521885720;54.763620723117675
19449;-83.4741402197423;(((pow2((_a6_ * (_a2_ * ((log(_a6_) + x) * _a6_)))) * _a3_) + (_a4_ / _a6_)) * -(x));{'d0': {'_a2_': 0.4570873055619655, '_a3_': -4.641138321753831, '_a4_': -1.9761078035856285, '_a6_': 1.3660586663715697, '_a0_': 1.0, '_a1_': 1.0, '_a5_': 1.0, '_a7_': 1.0}};{'d0': 0.024905832919873878};-276.475521885720;54.763620723117675
19450;-83.4741402197423;(((pow2((_a6_ * (_a2_ * ((log(_a6_) + x) * _a6_)))) * _a3_) + (_a4_ / _a6_)) * -(x));{'d0': {'_a2_': 0.4570873055619655, '_a3_': -4.641138321753831, '_a4_': -1.9761078035856285, '_a6_': 1.3660586663715697, '_a0_': 1.0, '_a1_': 1.0, '_a5_': 1.0, '_a7_': 1.0}};{'d0': 0.024905832919873878};-276.475521885720;54.763620723117675
19451;-83.4741402175555;(((pow2((_a6_ * (_a2_ * ((log(_a6_) + x) * _a4_)))) * _a3_) + (_a4_ / _a6_)) * -(x));{'d0': {'_a2_': 0.4206051163045993, '_a3_': -2.6193351813892662, '_a4_': -1.9761078038876279, '_a6_': 1.3660586664108885, '_a0_': 1.0, '_a1_': 1.0, '_a5_': 1.0, '_a7_': 1.0}};{'d0': 0.0249058329216893};-276.475521881346;54.763620723117675
19452;-83.4741402175555;(((pow2((_a6_ * (_a2_ * ((log(_a6_) + x) * _a4_)))) * _a3_) + (_a4_ / _a6_)) * -(x));{'d0': {'_a2_': 0.4206051163045993, '_a3_': -2.6193351813892662, '_a4_': -1.9761078038876279, '_a6_': 1.3660586664108885, '_a0_': 1.0, '_a1_': 1.0, '_a5_': 1.0, '_a7_': 1.0}};{'d0': 0.0249058329216893};-276.475521881346;54.763620723117675
19453;-83.4741402175555;(((pow2((_a6_ * (_a2_ * ((log(_a6_) + x) * _a4_)))) * _a3_) + (_a4_ / _a6_)) * -(x));{'d0': {'_a2_': 0.4206051163045993, '_a3_': -2.6193351813892662, '_a4_': -1.9761078038876279, '_a6_': 1.3660586664108885, '_a0_': 1.0, '_a1_': 1.0, '_a5_': 1.0, '_a7_': 1.0}};{'d0': 0.0249058329216893};-276.475521881346;54.763620723117675
19454;-83.4741402175555;(((pow2((_a6_ * (_a2_ * ((log(_a6_) + x) * _a4_)))) * _a3_) + (_a4_ / _a6_)) * -(x));{'d0': {'_a2_': 0.4206051163045993, '_a3_': -2.6193351813892662, '_a4_': -1.9761078038876279, '_a6_': 1.3660586664108885, '_a0_': 1.0, '_a1_': 1.0, '_a5_': 1.0, '_a7_': 1.0}};{'d0': 0.0249058329216893};-276.475521881346;54.763620723117675
19455;-83.4741402175555;(((pow2((_a6_ * (_a2_ * ((log(_a6_) + x) * _a4_)))) * _a3_) + (_a4_ / _a6_)) * -(x));{'d0': {'_a2_': 0.4206051163045993, '_a3_': -2.6193351813892662, '_a4_': -1.9761078038876279, '_a6_': 1.3660586664108885, '_a0_': 1.0, '_a1_': 1.0, '_a5_': 1.0, '_a7_': 1.0}};{'d0': 0.0249058329216893};-276.475521881346;54.763620723117675
19456;-83.4741402175555;(((pow2((_a6_ * (_a2_ * ((log(_a6_) + x) * _a4_)))) * _a3_) + (_a4_ / _a6_)) * -(x));{'d0': {'_a2_': 0.4206051163045993, '_a3_': -2.6193351813892662, '_a4_': -1.9761078038876279, '_a6_': 1.3660586664108885, '_a0_': 1.0, '_a1_': 1.0, '_a5_': 1.0, '_a7_': 1.0}};{'d0': 0.0249058329216893};-276.475521881346;54.763620723117675
19457;-83.4741402175555;(((pow2((_a6_ * (_a2_ * ((log(_a6_) + x) * _a4_)))) * _a3_) + (_a4_ / _a6_)) * -(x));{'d0': {'_a2_': 0.4206051163045993, '_a3_': -2.6193351813892662, '_a4_': -1.9761078038876279, '_a6_': 1.3660586664108885, '_a0_': 1.0, '_a1_': 1.0, '_a5_': 1.0, '_a7_': 1.0}};{'d0': 0.0249058329216893};-276.475521881346;54.763620723117675
19458;-82.1699239042110;(((pow2((_a6_ * (_a2_ * (((_a2_ ** _a3_) + x) * _a4_)))) * _a3_) + (_a4_ / _a6_)) * -(x));{'d0': {'_a2_': 1.7125103665259649, '_a3_': -2.1655450547745287, '_a4_': -1.0270398732891752, '_a6_': 0.7099798488275789, '_a0_': 1.0, '_a1_': 1.0, '_a5_': 1.0, '_a7_': 1.0}};{'d0': 0.024905832919493068};-276.475521886637;56.06783703910767
19459;-82.1699239042110;(((pow2((_a6_ * (_a2_ * (((_a2_ ** _a3_) + x) * _a4_)))) * _a3_) + (_a4_ / _a6_)) * -(x));{'d0': {'_a2_': 1.7125103665259649, '_a3_': -2.1655450547745287, '_a4_': -1.0270398732891752, '_a6_': 0.7099798488275789, '_a0_': 1.0, '_a1_': 1.0, '_a5_': 1.0, '_a7_': 1.0}};{'d0': 0.024905832919493068};-276.475521886637;56.06783703910767
19460;-104.549616141360;(((x * ((x + -(_a7_)) / _a5_)) + (_a2_ * _a5_)) * x);{'d0': {'_a2_': 5.994207788878897, '_a5_': 0.29614178670475705, '_a7_': -0.6238594157067462, '_a0_': 1.0, '_a1_': 1.0, '_a3_': 1.0, '_a4_': 1.0, '_a6_': 1.0}};{'d0': 0.024905832919416594};-280.569866449044;35.7353170831618
19461;-104.549616141360;(((x * ((x + -(_a7_)) / _a5_)) + (_a2_ * _a5_)) * x);{'d0': {'_a2_': 5.994207788878897, '_a5_': 0.29614178670475705, '_a7_': -0.6238594157067462, '_a0_': 1.0, '_a1_': 1.0, '_a3_': 1.0, '_a4_': 1.0, '_a6_': 1.0}};{'d0': 0.024905832919416594};-280.569866449044;35.7353170831618
19462;-104.549616141360;(((x * ((x + -(_a7_)) / _a5_)) + (_a2_ * _a5_)) * x);{'d0': {'_a2_': 5.994207788878897, '_a5_': 0.29614178670475705, '_a7_': -0.6238594157067462, '_a0_': 1.0, '_a1_': 1.0, '_a3_': 1.0, '_a4_': 1.0, '_a6_': 1.0}};{'d0': 0.024905832919416594};-280.569866449044;35.7353170831618
19463;-104.549616141360;(((x * ((x + -(_a7_)) / _a5_)) + (_a2_ * _a5_)) * x);{'d0': {'_a2_': 5.994207788878897, '_a5_': 0.29614178670475705, '_a7_': -0.6238594157067462, '_a0_': 1.0, '_a1_': 1.0, '_a3_': 1.0, '_a4_': 1.0, '_a6_': 1.0}};{'d0': 0.024905832919416594};-280.569866449044;35.7353170831618
19464;-104.549616141360;(((x * ((x + -(_a7_)) / _a5_)) + (_a2_ * _a5_)) * x);{'d0': {'_a2_': 5.994207788878897, '_a5_': 0.29614178670475705, '_a7_': -0.6238594157067462, '_a0_': 1.0, '_a1_': 1.0, '_a3_': 1.0, '_a4_': 1.0, '_a6_': 1.0}};{'d0': 0.024905832919416594};-280.569866449044;35.7353170831618
19465;-104.549616141360;(((x * ((x + -(_a7_)) / _a5_)) + (_a2_ * _a5_)) * x);{'d0': {'_a2_': 5.994207788878897, '_a5_': 0.29614178670475705, '_a7_': -0.6238594157067462, '_a0_': 1.0, '_a1_': 1.0, '_a3_': 1.0, '_a4_': 1.0, '_a6_': 1.0}};{'d0': 0.024905832919416594};-280.569866449044;35.7353170831618
19466;-104.549616141360;(((x * ((x + -(_a7_)) / _a5_)) + (_a2_ * _a5_)) * x);{'d0': {'_a2_': 5.994207788878897, '_a5_': 0.29614178670475705, '_a7_': -0.6238594157067462, '_a0_': 1.0, '_a1_': 1.0, '_a3_': 1.0, '_a4_': 1.0, '_a6_': 1.0}};{'d0': 0.024905832919416594};-280.569866449044;35.7353170831618
19467;-104.549616141360;(((x * ((x + -(_a7_)) / _a5_)) + (_a2_ * _a5_)) * x);{'d0': {'_a2_': 5.994207788878897, '_a5_': 0.29614178670475705, '_a7_': -0.6238594157067462, '_a0_': 1.0, '_a1_': 1.0, '_a3_': 1.0, '_a4_': 1.0, '_a6_': 1.0}};{'d0': 0.024905832919416594};-280.569866449044;35.7353170831618
19468;-104.549616141360;(((x * ((x + -(_a7_)) / _a5_)) + (_a2_ * _a5_)) * x);{'d0': {'_a2_': 5.994207788878897, '_a5_': 0.29614178670475705, '_a7_': -0.6238594157067462, '_a0_': 1.0, '_a1_': 1.0, '_a3_': 1.0, '_a4_': 1.0, '_a6_': 1.0}};{'d0': 0.024905832919416594};-280.569866449044;35.7353170831618
19469;-104.549616141360;(((x * ((x + -(_a7_)) / _a5_)) + (_a2_ * _a5_)) * x);{'d0': {'_a2_': 5.994207788878897, '_a5_': 0.29614178670475705, '_a7_': -0.6238594157067462, '_a0_': 1.0, '_a1_': 1.0, '_a3_': 1.0, '_a4_': 1.0, '_a6_': 1.0}};{'d0': 0.024905832919416594};-280.569866449044;35.7353170831618
19470;-104.549616141360;(((x * ((x + -(_a7_)) / _a5_)) + (_a2_ * _a5_)) * x);{'d0': {'_a2_': 5.994207788878897, '_a5_': 0.29614178670475705, '_a7_': -0.6238594157067462, '_a0_': 1.0, '_a1_': 1.0, '_a3_': 1.0, '_a4_': 1.0, '_a6_': 1.0}};{'d0': 0.024905832919416594};-280.569866449044;35.7353170831618
19471;-104.549616141360;(((x * ((x + -(_a7_)) / _a5_)) + (_a2_ * _a5_)) * x);{'d0': {'_a2_': 5.994207788878897, '_a5_': 0.29614178670475705, '_a7_': -0.6238594157067462, '_a0_': 1.0, '_a1_': 1.0, '_a3_': 1.0, '_a4_': 1.0, '_a6_': 1.0}};{'d0': 0.024905832919416594};-280.569866449044;35.7353170831618
19472;-104.549616141360;(((x * ((x + -(_a7_)) / _a5_)) + (_a2_ * _a5_)) * x);{'d0': {'_a2_': 5.994207788878897, '_a5_': 0.29614178670475705, '_a7_': -0.6238594157067462, '_a0_': 1.0, '_a1_': 1.0, '_a3_': 1.0, '_a4_': 1.0, '_a6_': 1.0}};{'d0': 0.024905832919416594};-280.569866449044;35.7353170831618
19473;-104.612688611668;(((pow2((_a2_ + x)) / _a1_) + -((_a7_ + x))) * x);{'d0': {'_a1_': 0.29614178662418783, '_a2_': 0.46000060107545215, '_a7_': -1.0606109344475494, '_a0_': 1.0, '_a3_': 1.0, '_a4_': 1.0, '_a5_': 1.0, '_a6_': 1.0}};{'d0': 0.02490583291941662};-280.569866449044;35.67224461285388
19474;-104.612688611668;(((pow2((_a2_ + x)) / _a1_) + -((_a7_ + x))) * x);{'d0': {'_a1_': 0.29614178662418783, '_a2_': 0.46000060107545215, '_a7_': -1.0606109344475494, '_a0_': 1.0, '_a3_': 1.0, '_a4_': 1.0, '_a5_': 1.0, '_a6_': 1.0}};{'d0': 0.02490583291941662};-280.569866449044;35.67224461285388
19475;-104.612688611668;(((pow2((_a2_ + x)) / _a1_) + -((_a7_ + x))) * x);{'d0': {'_a1_': 0.29614178662418783, '_a2_': 0.46000060107545215, '_a7_': -1.0606109344475494, '_a0_': 1.0, '_a3_': 1.0, '_a4_': 1.0, '_a5_': 1.0, '_a6_': 1.0}};{'d0': 0.02490583291941662};-280.569866449044;35.67224461285388
19476;-104.549616141360;(((x * ((x + -(_a7_)) / _a5_)) + (_a2_ * _a5_)) * x);{'d0': {'_a2_': 5.994207788878897, '_a5_': 0.29614178670475705, '_a7_': -0.6238594157067462, '_a0_': 1.0, '_a1_': 1.0, '_a3_': 1.0, '_a4_': 1.0, '_a6_': 1.0}};{'d0': 0.024905832919416594};-280.569866449044;35.7353170831618
19477;-104.549616141360;(((x * ((x + -(_a7_)) / _a5_)) + (_a2_ * _a5_)) * x);{'d0': {'_a2_': 5.994207788878897, '_a5_': 0.29614178670475705, '_a7_': -0.6238594157067462, '_a0_': 1.0, '_a1_': 1.0, '_a3_': 1.0, '_a4_': 1.0, '_a6_': 1.0}};{'d0': 0.024905832919416594};-280.569866449044;35.7353170831618
19478;-104.549616141360;(((x * ((x + -(_a7_)) / _a5_)) + (_a2_ * _a5_)) * x);{'d0': {'_a2_': 5.994207788878897, '_a5_': 0.29614178670475705, '_a7_': -0.6238594157067462, '_a0_': 1.0, '_a1_': 1.0, '_a3_': 1.0, '_a4_': 1.0, '_a6_': 1.0}};{'d0': 0.024905832919416594};-280.569866449044;35.7353170831618
19479;-104.549616141360;(((x * ((x + -(_a7_)) / _a5_)) + (_a2_ * _a5_)) * x);{'d0': {'_a2_': 5.994207788878897, '_a5_': 0.29614178670475705, '_a7_': -0.6238594157067462, '_a0_': 1.0, '_a1_': 1.0, '_a3_': 1.0, '_a4_': 1.0, '_a6_': 1.0}};{'d0': 0.024905832919416594};-280.569866449044;35.7353170831618
19480;-105.400567982306;(((x * ((x + -(_a7_)) * _a5_)) + (_a2_ * _a5_)) * x);{'d0': {'_a2_': 0.5256917702672238, '_a5_': 3.3767608790385313, '_a7_': -0.6238594156028533, '_a0_': 1.0, '_a1_': 1.0, '_a3_': 1.0, '_a4_': 1.0, '_a6_': 1.0}};{'d0': 0.024905832919416643};-280.569866449044;34.884365242216404
19481;-105.400567982306;(((x * ((x + -(_a7_)) * _a5_)) + (_a2_ * _a5_)) * x);{'d0': {'_a2_': 0.5256917702672238, '_a5_': 3.3767608790385313, '_a7_': -0.6238594156028533, '_a0_': 1.0, '_a1_': 1.0, '_a3_': 1.0, '_a4_': 1.0, '_a6_': 1.0}};{'d0': 0.024905832919416643};-280.569866449044;34.884365242216404
19482;-105.400567982306;(((x * ((x + -(_a7_)) * _a5_)) + (_a2_ * _a5_)) * x);{'d0': {'_a2_': 0.5256917702672238, '_a5_': 3.3767608790385313, '_a7_': -0.6238594156028533, '_a0_': 1.0, '_a1_': 1.0, '_a3_': 1.0, '_a4_': 1.0, '_a6_': 1.0}};{'d0': 0.024905832919416643};-280.569866449044;34.884365242216404
19483;-105.400567982306;(((x * ((x + -(_a7_)) * _a5_)) + (_a2_ * _a5_)) * x);{'d0': {'_a2_': 0.5256917702672238, '_a5_': 3.3767608790385313, '_a7_': -0.6238594156028533, '_a0_': 1.0, '_a1_': 1.0, '_a3_': 1.0, '_a4_': 1.0, '_a6_': 1.0}};{'d0': 0.024905832919416643};-280.569866449044;34.884365242216404
19484;-105.400567982306;(((x * ((x + -(_a7_)) * _a5_)) + (_a2_ * _a5_)) * x);{'d0': {'_a2_': 0.5256917702672238, '_a5_': 3.3767608790385313, '_a7_': -0.6238594156028533, '_a0_': 1.0, '_a1_': 1.0, '_a3_': 1.0, '_a4_': 1.0, '_a6_': 1.0}};{'d0': 0.024905832919416643};-280.569866449044;34.884365242216404
19485;-105.400567982306;(((x * ((x + -(_a7_)) * _a5_)) + (_a2_ * _a5_)) * x);{'d0': {'_a2_': 0.5256917702672238, '_a5_': 3.3767608790385313, '_a7_': -0.6238594156028533, '_a0_': 1.0, '_a1_': 1.0, '_a3_': 1.0, '_a4_': 1.0, '_a6_': 1.0}};{'d0': 0.024905832919416643};-280.569866449044;34.884365242216404
19486;-105.400567982306;(((x * ((x + -(_a7_)) * _a5_)) + (_a2_ * _a5_)) * x);{'d0': {'_a2_': 0.5256917702672238, '_a5_': 3.3767608790385313, '_a7_': -0.6238594156028533, '_a0_': 1.0, '_a1_': 1.0, '_a3_': 1.0, '_a4_': 1.0, '_a6_': 1.0}};{'d0': 0.024905832919416643};-280.569866449044;34.884365242216404
19487;-105.400567982306;(((x * ((x + -(_a7_)) * _a5_)) + (_a2_ * _a5_)) * x);{'d0': {'_a2_': 0.5256917702672238, '_a5_': 3.3767608790385313, '_a7_': -0.6238594156028533, '_a0_': 1.0, '_a1_': 1.0, '_a3_': 1.0, '_a4_': 1.0, '_a6_': 1.0}};{'d0': 0.024905832919416643};-280.569866449044;34.884365242216404
19488;-105.400567982306;(((x * ((x + -(_a7_)) * _a5_)) + (_a2_ * _a5_)) * x);{'d0': {'_a2_': 0.5256917702672238, '_a5_': 3.3767608790385313, '_a7_': -0.6238594156028533, '_a0_': 1.0, '_a1_': 1.0, '_a3_': 1.0, '_a4_': 1.0, '_a6_': 1.0}};{'d0': 0.024905832919416643};-280.569866449044;34.884365242216404
19489;-105.400567982306;(((x * ((x + -(_a7_)) * _a5_)) + (_a2_ * _a5_)) * x);{'d0': {'_a2_': 0.5256917702672238, '_a5_': 3.3767608790385313, '_a7_': -0.6238594156028533, '_a0_': 1.0, '_a1_': 1.0, '_a3_': 1.0, '_a4_': 1.0, '_a6_': 1.0}};{'d0': 0.024905832919416643};-280.569866449044;34.884365242216404
19490;-105.400567982306;(((x * ((x + -(_a7_)) * _a5_)) + (_a2_ * _a5_)) * x);{'d0': {'_a2_': 0.5256917702672238, '_a5_': 3.3767608790385313, '_a7_': -0.6238594156028533, '_a0_': 1.0, '_a1_': 1.0, '_a3_': 1.0, '_a4_': 1.0, '_a6_': 1.0}};{'d0': 0.024905832919416643};-280.569866449044;34.884365242216404
19491;-105.400567982306;(((x * ((x + -(_a7_)) * _a5_)) + (_a2_ * _a5_)) * x);{'d0': {'_a2_': 0.5256917702672238, '_a5_': 3.3767608790385313, '_a7_': -0.6238594156028533, '_a0_': 1.0, '_a1_': 1.0, '_a3_': 1.0, '_a4_': 1.0, '_a6_': 1.0}};{'d0': 0.024905832919416643};-280.569866449044;34.884365242216404
19492;-105.400567982306;(((x * ((x + -(_a7_)) * _a5_)) + (_a2_ * _a5_)) * x);{'d0': {'_a2_': 0.5256917702672238, '_a5_': 3.3767608790385313, '_a7_': -0.6238594156028533, '_a0_': 1.0, '_a1_': 1.0, '_a3_': 1.0, '_a4_': 1.0, '_a6_': 1.0}};{'d0': 0.024905832919416643};-280.569866449044;34.884365242216404
19493;-105.400567982306;(((x * ((x + -(_a7_)) * _a5_)) + (_a2_ * _a5_)) * x);{'d0': {'_a2_': 0.5256917702672238, '_a5_': 3.3767608790385313, '_a7_': -0.6238594156028533, '_a0_': 1.0, '_a1_': 1.0, '_a3_': 1.0, '_a4_': 1.0, '_a6_': 1.0}};{'d0': 0.024905832919416643};-280.569866449044;34.884365242216404
19494;-105.400567982306;(((x * ((x + -(_a7_)) * _a5_)) + (_a2_ * _a5_)) * x);{'d0': {'_a2_': 0.5256917702672238, '_a5_': 3.3767608790385313, '_a7_': -0.6238594156028533, '_a0_': 1.0, '_a1_': 1.0, '_a3_': 1.0, '_a4_': 1.0, '_a6_': 1.0}};{'d0': 0.024905832919416643};-280.569866449044;34.884365242216404
19495;-105.400567982306;(((x * ((x + -(_a7_)) * _a2_)) + (_a2_ * _a5_)) * x);{'d0': {'_a2_': 3.3767608778244997, '_a5_': 0.5256917704825741, '_a7_': -0.6238594155996372, '_a0_': 1.0, '_a1_': 1.0, '_a3_': 1.0, '_a4_': 1.0, '_a6_': 1.0}};{'d0': 0.024905832919416622};-280.569866449044;34.884365242216404
19496;-105.400567982306;(((x * ((x + -(_a7_)) * _a2_)) + (_a2_ * _a5_)) * x);{'d0': {'_a2_': 3.3767608778244997, '_a5_': 0.5256917704825741, '_a7_': -0.6238594155996372, '_a0_': 1.0, '_a1_': 1.0, '_a3_': 1.0, '_a4_': 1.0, '_a6_': 1.0}};{'d0': 0.024905832919416622};-280.569866449044;34.884365242216404
19497;-105.400567982306;(((x * ((x + -(_a7_)) * _a2_)) + (_a2_ * _a5_)) * x);{'d0': {'_a2_': 3.3767608778244997, '_a5_': 0.5256917704825741, '_a7_': -0.6238594155996372, '_a0_': 1.0, '_a1_': 1.0, '_a3_': 1.0, '_a4_': 1.0, '_a6_': 1.0}};{'d0': 0.024905832919416622};-280.569866449044;34.884365242216404
19498;-105.400567982306;(((x * ((x + -(_a7_)) * _a2_)) + (_a2_ * _a5_)) * x);{'d0': {'_a2_': 3.3767608778244997, '_a5_': 0.5256917704825741, '_a7_': -0.6238594155996372, '_a0_': 1.0, '_a1_': 1.0, '_a3_': 1.0, '_a4_': 1.0, '_a6_': 1.0}};{'d0': 0.024905832919416622};-280.569866449044;34.884365242216404
19499;-105.400567982306;(((x * ((x + -(_a7_)) * _a2_)) + (_a2_ * _a5_)) * x);{'d0': {'_a2_': 3.3767608778244997, '_a5_': 0.5256917704825741, '_a7_': -0.6238594155996372, '_a0_': 1.0, '_a1_': 1.0, '_a3_': 1.0, '_a4_': 1.0, '_a6_': 1.0}};{'d0': 0.024905832919416622};-280.569866449044;34.884365242216404
19500;-105.400567982306;(((x * ((x + -(_a7_)) * _a2_)) + (_a2_ * _a5_)) * x);{'d0': {'_a2_': 3.3767608778244997, '_a5_': 0.5256917704825741, '_a7_': -0.6238594155996372, '_a0_': 1.0, '_a1_': 1.0, '_a3_': 1.0, '_a4_': 1.0, '_a6_': 1.0}};{'d0': 0.024905832919416622};-280.569866449044;34.884365242216404
19501;-92.4176329812805;((_a5_ * ((_a3_ * x) * (x + pow2((_a1_ * (_a5_ + (x * _a1_))))))) + _a2_);{'d0': {'_a1_': 0.8333723101155145, '_a2_': -0.0010241773581736824, '_a3_': -11.617376013144003, '_a5_': -0.603636954964052, '_a0_': 1.0, '_a4_': 1.0, '_a6_': 1.0, '_a7_': 1.0}};{'d0': 0.024885482501867628};-276.524567593311;45.84465081537493
19502;-92.4176329812805;((_a5_ * ((_a3_ * x) * (x + pow2((_a1_ * (_a5_ + (x * _a1_))))))) + _a2_);{'d0': {'_a1_': 0.8333723101155145, '_a2_': -0.0010241773581736824, '_a3_': -11.617376013144003, '_a5_': -0.603636954964052, '_a0_': 1.0, '_a4_': 1.0, '_a6_': 1.0, '_a7_': 1.0}};{'d0': 0.024885482501867628};-276.524567593311;45.84465081537493
19503;-92.4176329812805;((_a5_ * ((_a3_ * x) * (x + pow2((_a1_ * (_a5_ + (x * _a1_))))))) + _a2_);{'d0': {'_a1_': 0.8333723101155145, '_a2_': -0.0010241773581736824, '_a3_': -11.617376013144003, '_a5_': -0.603636954964052, '_a0_': 1.0, '_a4_': 1.0, '_a6_': 1.0, '_a7_': 1.0}};{'d0': 0.024885482501867628};-276.524567593311;45.84465081537493
19504;-105.400567982306;(((x * ((x + -(_a7_)) * _a2_)) + (_a2_ * _a5_)) * x);{'d0': {'_a2_': 3.3767608778244997, '_a5_': 0.5256917704825741, '_a7_': -0.6238594155996372, '_a0_': 1.0, '_a1_': 1.0, '_a3_': 1.0, '_a4_': 1.0, '_a6_': 1.0}};{'d0': 0.024905832919416622};-280.569866449044;34.884365242216404
19505;-105.400567982306;(((x * ((x + -(_a7_)) * _a2_)) + (_a2_ * _a5_)) * x);{'d0': {'_a2_': 3.3767608778244997, '_a5_': 0.5256917704825741, '_a7_': -0.6238594155996372, '_a0_': 1.0, '_a1_': 1.0, '_a3_': 1.0, '_a4_': 1.0, '_a6_': 1.0}};{'d0': 0.024905832919416622};-280.569866449044;34.884365242216404
19506;-105.400567982306;(((x * ((x + -(_a7_)) * _a2_)) + (_a2_ * _a5_)) * x);{'d0': {'_a2_': 3.3767608778244997, '_a5_': 0.5256917704825741, '_a7_': -0.6238594155996372, '_a0_': 1.0, '_a1_': 1.0, '_a3_': 1.0, '_a4_': 1.0, '_a6_': 1.0}};{'d0': 0.024905832919416622};-280.569866449044;34.884365242216404
19507;-105.400567982306;(((x * ((x + -(_a7_)) * _a2_)) + (_a2_ * _a5_)) * x);{'d0': {'_a2_': 3.3767608778244997, '_a5_': 0.5256917704825741, '_a7_': -0.6238594155996372, '_a0_': 1.0, '_a1_': 1.0, '_a3_': 1.0, '_a4_': 1.0, '_a6_': 1.0}};{'d0': 0.024905832919416622};-280.569866449044;34.884365242216404
19508;-105.400567982306;(((x * ((x + -(_a7_)) * _a2_)) + (_a2_ * _a5_)) * x);{'d0': {'_a2_': 3.3767608778244997, '_a5_': 0.5256917704825741, '_a7_': -0.6238594155996372, '_a0_': 1.0, '_a1_': 1.0, '_a3_': 1.0, '_a4_': 1.0, '_a6_': 1.0}};{'d0': 0.024905832919416622};-280.569866449044;34.884365242216404
19509;-105.400567982306;(((x * ((x + -(_a7_)) * _a2_)) + (_a2_ * _a5_)) * x);{'d0': {'_a2_': 3.3767608778244997, '_a5_': 0.5256917704825741, '_a7_': -0.6238594155996372, '_a0_': 1.0, '_a1_': 1.0, '_a3_': 1.0, '_a4_': 1.0, '_a6_': 1.0}};{'d0': 0.024905832919416622};-280.569866449044;34.884365242216404
19510;-105.400567982306;(((x * ((x + -(_a7_)) * _a2_)) + (_a2_ * _a5_)) * x);{'d0': {'_a2_': 3.3767608778244997, '_a5_': 0.5256917704825741, '_a7_': -0.6238594155996372, '_a0_': 1.0, '_a1_': 1.0, '_a3_': 1.0, '_a4_': 1.0, '_a6_': 1.0}};{'d0': 0.024905832919416622};-280.569866449044;34.884365242216404
19511;-105.400567982306;(((x * ((x + -(_a7_)) * _a2_)) + (_a2_ * _a5_)) * x);{'d0': {'_a2_': 3.3767608778244997, '_a5_': 0.5256917704825741, '_a7_': -0.6238594155996372, '_a0_': 1.0, '_a1_': 1.0, '_a3_': 1.0, '_a4_': 1.0, '_a6_': 1.0}};{'d0': 0.024905832919416622};-280.569866449044;34.884365242216404
19512;-105.400567982306;(((x * ((x + -(_a7_)) * _a2_)) + (_a2_ * _a5_)) * x);{'d0': {'_a2_': 3.3767608778244997, '_a5_': 0.5256917704825741, '_a7_': -0.6238594155996372, '_a0_': 1.0, '_a1_': 1.0, '_a3_': 1.0, '_a4_': 1.0, '_a6_': 1.0}};{'d0': 0.024905832919416622};-280.569866449044;34.884365242216404
19513;-105.400567982306;(((x * ((x + -(_a7_)) * _a2_)) + (_a2_ * _a5_)) * x);{'d0': {'_a2_': 3.3767608778244997, '_a5_': 0.5256917704825741, '_a7_': -0.6238594155996372, '_a0_': 1.0, '_a1_': 1.0, '_a3_': 1.0, '_a4_': 1.0, '_a6_': 1.0}};{'d0': 0.024905832919416622};-280.569866449044;34.884365242216404
19514;-105.400567982306;(((x * ((x + -(_a7_)) * _a2_)) + (_a2_ * _a5_)) * x);{'d0': {'_a2_': 3.3767608778244997, '_a5_': 0.5256917704825741, '_a7_': -0.6238594155996372, '_a0_': 1.0, '_a1_': 1.0, '_a3_': 1.0, '_a4_': 1.0, '_a6_': 1.0}};{'d0': 0.024905832919416622};-280.569866449044;34.884365242216404
19515;-105.400567982306;(((x * ((x + -(_a7_)) * _a2_)) + (_a2_ * _a5_)) * x);{'d0': {'_a2_': 3.3767608778244997, '_a5_': 0.5256917704825741, '_a7_': -0.6238594155996372, '_a0_': 1.0, '_a1_': 1.0, '_a3_': 1.0, '_a4_': 1.0, '_a6_': 1.0}};{'d0': 0.024905832919416622};-280.569866449044;34.884365242216404
19516;-105.400567982306;(((x * ((x + -(_a7_)) * _a2_)) + (_a2_ * _a5_)) * x);{'d0': {'_a2_': 3.3767608778244997, '_a5_': 0.5256917704825741, '_a7_': -0.6238594155996372, '_a0_': 1.0, '_a1_': 1.0, '_a3_': 1.0, '_a4_': 1.0, '_a6_': 1.0}};{'d0': 0.024905832919416622};-280.569866449044;34.884365242216404
19517;-105.400567982306;(((x * ((x + -(_a7_)) * _a2_)) + (_a2_ * _a5_)) * x);{'d0': {'_a2_': 3.3767608778244997, '_a5_': 0.5256917704825741, '_a7_': -0.6238594155996372, '_a0_': 1.0, '_a1_': 1.0, '_a3_': 1.0, '_a4_': 1.0, '_a6_': 1.0}};{'d0': 0.024905832919416622};-280.569866449044;34.884365242216404
19518;-106.669455669502;(((x * ((x + -(_a7_)) * _a2_)) + -(_a5_)) * x);{'d0': {'_a2_': 3.3767608788094674, '_a5_': -1.7751354040397895, '_a7_': -0.6238594155033637, '_a0_': 1.0, '_a1_': 1.0, '_a3_': 1.0, '_a4_': 1.0, '_a6_': 1.0}};{'d0': 0.024905832919416608};-280.569866449044;33.615477555020576
19519;-106.669455669502;(((x * ((x + -(_a7_)) * _a2_)) + -(_a5_)) * x);{'d0': {'_a2_': 3.3767608788094674, '_a5_': -1.7751354040397895, '_a7_': -0.6238594155033637, '_a0_': 1.0, '_a1_': 1.0, '_a3_': 1.0, '_a4_': 1.0, '_a6_': 1.0}};{'d0': 0.024905832919416608};-280.569866449044;33.615477555020576
19520;-106.669455669502;(((x * ((x + -(_a7_)) * _a2_)) + -(_a5_)) * x);{'d0': {'_a2_': 3.3767608788094674, '_a5_': -1.7751354040397895, '_a7_': -0.6238594155033637, '_a0_': 1.0, '_a1_': 1.0, '_a3_': 1.0, '_a4_': 1.0, '_a6_': 1.0}};{'d0': 0.024905832919416608};-280.569866449044;33.615477555020576
19521;-106.669455669502;(((x * ((x + -(_a7_)) * _a2_)) + -(_a5_)) * x);{'d0': {'_a2_': 3.3767608788094674, '_a5_': -1.7751354040397895, '_a7_': -0.6238594155033637, '_a0_': 1.0, '_a1_': 1.0, '_a3_': 1.0, '_a4_': 1.0, '_a6_': 1.0}};{'d0': 0.024905832919416608};-280.569866449044;33.615477555020576
19522;-106.669455669502;(((x * ((x + -(_a7_)) * _a2_)) + -(_a5_)) * x);{'d0': {'_a2_': 3.3767608788094674, '_a5_': -1.7751354040397895, '_a7_': -0.6238594155033637, '_a0_': 1.0, '_a1_': 1.0, '_a3_': 1.0, '_a4_': 1.0, '_a6_': 1.0}};{'d0': 0.024905832919416608};-280.569866449044;33.615477555020576
19523;-106.669455669502;(((x * ((x + -(_a7_)) * _a2_)) + -(_a5_)) * x);{'d0': {'_a2_': 3.3767608788094674, '_a5_': -1.7751354040397895, '_a7_': -0.6238594155033637, '_a0_': 1.0, '_a1_': 1.0, '_a3_': 1.0, '_a4_': 1.0, '_a6_': 1.0}};{'d0': 0.024905832919416608};-280.569866449044;33.615477555020576
19524;-100.360883458177;(_a5_ * ((_a3_ * x) * (x + pow2((_a1_ * (_a5_ + (x * _a1_)))))));{'d0': {'_a1_': 0.8332980210190385, '_a3_': -11.591321876133595, '_a5_': -0.6041794365037139, '_a0_': 1.0, '_a2_': 1.0, '_a4_': 1.0, '_a6_': 1.0, '_a7_': 1.0}};{'d0': 0.024905832919416362};-280.569866449044;39.924049766344936
19525;-100.360883458177;(_a5_ * ((_a3_ * x) * (x + pow2((_a1_ * (_a5_ + (x * _a1_)))))));{'d0': {'_a1_': 0.8332980210190385, '_a3_': -11.591321876133595, '_a5_': -0.6041794365037139, '_a0_': 1.0, '_a2_': 1.0, '_a4_': 1.0, '_a6_': 1.0, '_a7_': 1.0}};{'d0': 0.024905832919416362};-280.569866449044;39.924049766344936
19526;-100.360883458177;(_a5_ * ((_a3_ * x) * (x + pow2((_a1_ * (_a5_ + (x * _a1_)))))));{'d0': {'_a1_': 0.8332980210190385, '_a3_': -11.591321876133595, '_a5_': -0.6041794365037139, '_a0_': 1.0, '_a2_': 1.0, '_a4_': 1.0, '_a6_': 1.0, '_a7_': 1.0}};{'d0': 0.024905832919416362};-280.569866449044;39.924049766344936
19527;-100.360883458177;(_a5_ * ((_a3_ * x) * (x + pow2((_a1_ * (_a5_ + (x * _a1_)))))));{'d0': {'_a1_': 0.8332980210190385, '_a3_': -11.591321876133595, '_a5_': -0.6041794365037139, '_a0_': 1.0, '_a2_': 1.0, '_a4_': 1.0, '_a6_': 1.0, '_a7_': 1.0}};{'d0': 0.024905832919416362};-280.569866449044;39.924049766344936
19528;-100.360883458177;(_a5_ * ((_a3_ * x) * (x + pow2((_a1_ * (_a5_ + (x * _a1_)))))));{'d0': {'_a1_': 0.8332980210190385, '_a3_': -11.591321876133595, '_a5_': -0.6041794365037139, '_a0_': 1.0, '_a2_': 1.0, '_a4_': 1.0, '_a6_': 1.0, '_a7_': 1.0}};{'d0': 0.024905832919416362};-280.569866449044;39.924049766344936
19529;-100.360883458177;(_a5_ * ((_a3_ * x) * (x + pow2((_a1_ * (_a5_ + (x * _a1_)))))));{'d0': {'_a1_': 0.8332980210190385, '_a3_': -11.591321876133595, '_a5_': -0.6041794365037139, '_a0_': 1.0, '_a2_': 1.0, '_a4_': 1.0, '_a6_': 1.0, '_a7_': 1.0}};{'d0': 0.024905832919416362};-280.569866449044;39.924049766344936
19530;-100.360883458177;(_a5_ * ((_a3_ * x) * (x + pow2((_a1_ * (_a5_ + (x * _a1_)))))));{'d0': {'_a1_': 0.8332980210190385, '_a3_': -11.591321876133595, '_a5_': -0.6041794365037139, '_a0_': 1.0, '_a2_': 1.0, '_a4_': 1.0, '_a6_': 1.0, '_a7_': 1.0}};{'d0': 0.024905832919416362};-280.569866449044;39.924049766344936
19531;-100.360883458177;(_a5_ * ((_a3_ * x) * (x + pow2((_a1_ * (_a5_ + (x * _a1_)))))));{'d0': {'_a1_': 0.8332980210190385, '_a3_': -11.591321876133595, '_a5_': -0.6041794365037139, '_a0_': 1.0, '_a2_': 1.0, '_a4_': 1.0, '_a6_': 1.0, '_a7_': 1.0}};{'d0': 0.024905832919416362};-280.569866449044;39.924049766344936
19532;-100.360883458177;(_a5_ * ((_a3_ * x) * (x + pow2((_a1_ * (_a5_ + (x * _a1_)))))));{'d0': {'_a1_': 0.8332980210190385, '_a3_': -11.591321876133595, '_a5_': -0.6041794365037139, '_a0_': 1.0, '_a2_': 1.0, '_a4_': 1.0, '_a6_': 1.0, '_a7_': 1.0}};{'d0': 0.024905832919416362};-280.569866449044;39.924049766344936
19533;-100.360883458177;(_a5_ * ((_a3_ * x) * (x + pow2((_a1_ * (_a5_ + (x * _a1_)))))));{'d0': {'_a1_': 0.8332980210190385, '_a3_': -11.591321876133595, '_a5_': -0.6041794365037139, '_a0_': 1.0, '_a2_': 1.0, '_a4_': 1.0, '_a6_': 1.0, '_a7_': 1.0}};{'d0': 0.024905832919416362};-280.569866449044;39.924049766344936
19534;-100.360883458177;(_a5_ * ((_a3_ * x) * (x + pow2((_a1_ * (_a5_ + (x * _a1_)))))));{'d0': {'_a1_': 0.8332980210190385, '_a3_': -11.591321876133595, '_a5_': -0.6041794365037139, '_a0_': 1.0, '_a2_': 1.0, '_a4_': 1.0, '_a6_': 1.0, '_a7_': 1.0}};{'d0': 0.024905832919416362};-280.569866449044;39.924049766344936
19535;-100.360883458177;(_a5_ * ((_a3_ * x) * (x + pow2((_a1_ * (_a5_ + (x * _a1_)))))));{'d0': {'_a1_': 0.8332980210190385, '_a3_': -11.591321876133595, '_a5_': -0.6041794365037139, '_a0_': 1.0, '_a2_': 1.0, '_a4_': 1.0, '_a6_': 1.0, '_a7_': 1.0}};{'d0': 0.024905832919416362};-280.569866449044;39.924049766344936
19536;-100.360883458177;(_a5_ * ((_a3_ * x) * (x + pow2((_a1_ * (_a5_ + (x * _a1_)))))));{'d0': {'_a1_': 0.8332980210190385, '_a3_': -11.591321876133595, '_a5_': -0.6041794365037139, '_a0_': 1.0, '_a2_': 1.0, '_a4_': 1.0, '_a6_': 1.0, '_a7_': 1.0}};{'d0': 0.024905832919416362};-280.569866449044;39.924049766344936
19537;-100.360883458177;(_a5_ * ((_a3_ * x) * (x + pow2((_a1_ * (_a5_ + (x * _a1_)))))));{'d0': {'_a1_': 0.8332980210190385, '_a3_': -11.591321876133595, '_a5_': -0.6041794365037139, '_a0_': 1.0, '_a2_': 1.0, '_a4_': 1.0, '_a6_': 1.0, '_a7_': 1.0}};{'d0': 0.024905832919416362};-280.569866449044;39.924049766344936
19538;-100.360883458177;(_a5_ * ((_a3_ * x) * (x + pow2((_a1_ * (_a5_ + (x * _a1_)))))));{'d0': {'_a1_': 0.8332980210190385, '_a3_': -11.591321876133595, '_a5_': -0.6041794365037139, '_a0_': 1.0, '_a2_': 1.0, '_a4_': 1.0, '_a6_': 1.0, '_a7_': 1.0}};{'d0': 0.024905832919416362};-280.569866449044;39.924049766344936
19539;-100.360883458177;(_a5_ * ((_a3_ * x) * (x + pow2((_a1_ * (_a5_ + (x * _a1_)))))));{'d0': {'_a1_': 0.8332980210190385, '_a3_': -11.591321876133595, '_a5_': -0.6041794365037139, '_a0_': 1.0, '_a2_': 1.0, '_a4_': 1.0, '_a6_': 1.0, '_a7_': 1.0}};{'d0': 0.024905832919416362};-280.569866449044;39.924049766344936
19540;-100.360883458177;(_a5_ * ((_a3_ * x) * (x + pow2((_a1_ * (_a5_ + (x * _a1_)))))));{'d0': {'_a1_': 0.8332980210190385, '_a3_': -11.591321876133595, '_a5_': -0.6041794365037139, '_a0_': 1.0, '_a2_': 1.0, '_a4_': 1.0, '_a6_': 1.0, '_a7_': 1.0}};{'d0': 0.024905832919416362};-280.569866449044;39.924049766344936
19541;-100.360883458177;(_a5_ * ((_a3_ * x) * (x + pow2((_a1_ * (_a5_ + (x * _a1_)))))));{'d0': {'_a1_': 0.8332980210190385, '_a3_': -11.591321876133595, '_a5_': -0.6041794365037139, '_a0_': 1.0, '_a2_': 1.0, '_a4_': 1.0, '_a6_': 1.0, '_a7_': 1.0}};{'d0': 0.024905832919416362};-280.569866449044;39.924049766344936
19542;-100.360883458177;(_a5_ * ((_a3_ * x) * (x + pow2((_a1_ * (_a5_ + (x * _a1_)))))));{'d0': {'_a1_': 0.8332980210190385, '_a3_': -11.591321876133595, '_a5_': -0.6041794365037139, '_a0_': 1.0, '_a2_': 1.0, '_a4_': 1.0, '_a6_': 1.0, '_a7_': 1.0}};{'d0': 0.024905832919416362};-280.569866449044;39.924049766344936
19543;-100.360883458177;(_a5_ * ((_a3_ * x) * (x + pow2((_a1_ * (_a5_ + (x * _a1_)))))));{'d0': {'_a1_': 0.8332980210190385, '_a3_': -11.591321876133595, '_a5_': -0.6041794365037139, '_a0_': 1.0, '_a2_': 1.0, '_a4_': 1.0, '_a6_': 1.0, '_a7_': 1.0}};{'d0': 0.024905832919416362};-280.569866449044;39.924049766344936
19544;-100.360883458177;(_a5_ * ((_a3_ * x) * (x + pow2((_a1_ * (_a5_ + (x * _a1_)))))));{'d0': {'_a1_': 0.8332980210190385, '_a3_': -11.591321876133595, '_a5_': -0.6041794365037139, '_a0_': 1.0, '_a2_': 1.0, '_a4_': 1.0, '_a6_': 1.0, '_a7_': 1.0}};{'d0': 0.024905832919416362};-280.569866449044;39.924049766344936
19545;-100.360883458177;(_a5_ * ((_a3_ * x) * (x + pow2((_a1_ * (_a5_ + (x * _a1_)))))));{'d0': {'_a1_': 0.8332980210190385, '_a3_': -11.591321876133595, '_a5_': -0.6041794365037139, '_a0_': 1.0, '_a2_': 1.0, '_a4_': 1.0, '_a6_': 1.0, '_a7_': 1.0}};{'d0': 0.024905832919416362};-280.569866449044;39.924049766344936
19546;-100.360883458177;(_a5_ * ((_a3_ * x) * (x + pow2((_a1_ * (_a5_ + (x * _a1_)))))));{'d0': {'_a1_': 0.8332980210190385, '_a3_': -11.591321876133595, '_a5_': -0.6041794365037139, '_a0_': 1.0, '_a2_': 1.0, '_a4_': 1.0, '_a6_': 1.0, '_a7_': 1.0}};{'d0': 0.024905832919416362};-280.569866449044;39.924049766344936
19547;-100.360883458177;(_a5_ * ((_a3_ * x) * (x + pow2((_a1_ * (_a5_ + (x * _a1_)))))));{'d0': {'_a1_': 0.8332980210190385, '_a3_': -11.591321876133595, '_a5_': -0.6041794365037139, '_a0_': 1.0, '_a2_': 1.0, '_a4_': 1.0, '_a6_': 1.0, '_a7_': 1.0}};{'d0': 0.024905832919416362};-280.569866449044;39.924049766344936
19548;-100.360883458177;(_a5_ * ((_a3_ * x) * (x + pow2((_a1_ * (_a5_ + (x * _a1_)))))));{'d0': {'_a1_': 0.8332980210190385, '_a3_': -11.591321876133595, '_a5_': -0.6041794365037139, '_a0_': 1.0, '_a2_': 1.0, '_a4_': 1.0, '_a6_': 1.0, '_a7_': 1.0}};{'d0': 0.024905832919416362};-280.569866449044;39.924049766344936
19549;-100.360883458177;(_a5_ * ((_a3_ * x) * (x + pow2((_a1_ * (_a5_ + (x * _a1_)))))));{'d0': {'_a1_': 0.8332980210190385, '_a3_': -11.591321876133595, '_a5_': -0.6041794365037139, '_a0_': 1.0, '_a2_': 1.0, '_a4_': 1.0, '_a6_': 1.0, '_a7_': 1.0}};{'d0': 0.024905832919416362};-280.569866449044;39.924049766344936
19550;-100.360883458177;(_a5_ * ((_a3_ * x) * (x + pow2((_a1_ * (_a5_ + (x * _a1_)))))));{'d0': {'_a1_': 0.8332980210190385, '_a3_': -11.591321876133595, '_a5_': -0.6041794365037139, '_a0_': 1.0, '_a2_': 1.0, '_a4_': 1.0, '_a6_': 1.0, '_a7_': 1.0}};{'d0': 0.024905832919416362};-280.569866449044;39.924049766344936
19551;-100.360883458177;(_a5_ * ((_a3_ * x) * (x + pow2((_a1_ * (_a5_ + (x * _a1_)))))));{'d0': {'_a1_': 0.8332980210190385, '_a3_': -11.591321876133595, '_a5_': -0.6041794365037139, '_a0_': 1.0, '_a2_': 1.0, '_a4_': 1.0, '_a6_': 1.0, '_a7_': 1.0}};{'d0': 0.024905832919416362};-280.569866449044;39.924049766344936
19552;-100.360883458177;(_a5_ * ((_a3_ * x) * (x + pow2((_a1_ * (_a5_ + (x * _a1_)))))));{'d0': {'_a1_': 0.8332980210190385, '_a3_': -11.591321876133595, '_a5_': -0.6041794365037139, '_a0_': 1.0, '_a2_': 1.0, '_a4_': 1.0, '_a6_': 1.0, '_a7_': 1.0}};{'d0': 0.024905832919416362};-280.569866449044;39.924049766344936
19553;-100.360883458177;(_a5_ * ((_a3_ * x) * (x + pow2((_a1_ * (_a5_ + (x * _a1_)))))));{'d0': {'_a1_': 0.8332980210190385, '_a3_': -11.591321876133595, '_a5_': -0.6041794365037139, '_a0_': 1.0, '_a2_': 1.0, '_a4_': 1.0, '_a6_': 1.0, '_a7_': 1.0}};{'d0': 0.024905832919416362};-280.569866449044;39.924049766344936
19554;-100.360883458177;(_a5_ * ((_a3_ * x) * (x + pow2((_a1_ * (_a5_ + (x * _a1_)))))));{'d0': {'_a1_': 0.8332980210190385, '_a3_': -11.591321876133595, '_a5_': -0.6041794365037139, '_a0_': 1.0, '_a2_': 1.0, '_a4_': 1.0, '_a6_': 1.0, '_a7_': 1.0}};{'d0': 0.024905832919416362};-280.569866449044;39.924049766344936
19555;-100.360883458177;(_a5_ * ((_a3_ * x) * (x + pow2((_a1_ * (_a5_ + (x * _a1_)))))));{'d0': {'_a1_': 0.8332980210190385, '_a3_': -11.591321876133595, '_a5_': -0.6041794365037139, '_a0_': 1.0, '_a2_': 1.0, '_a4_': 1.0, '_a6_': 1.0, '_a7_': 1.0}};{'d0': 0.024905832919416362};-280.569866449044;39.924049766344936
19556;-100.360883458177;(_a5_ * ((_a3_ * x) * (x + pow2((_a1_ * (_a5_ + (x * _a1_)))))));{'d0': {'_a1_': 0.8332980210190385, '_a3_': -11.591321876133595, '_a5_': -0.6041794365037139, '_a0_': 1.0, '_a2_': 1.0, '_a4_': 1.0, '_a6_': 1.0, '_a7_': 1.0}};{'d0': 0.024905832919416362};-280.569866449044;39.924049766344936
19557;-100.360883458177;(_a5_ * ((_a3_ * x) * (x + pow2((_a1_ * (_a5_ + (x * _a1_)))))));{'d0': {'_a1_': 0.8332980210190385, '_a3_': -11.591321876133595, '_a5_': -0.6041794365037139, '_a0_': 1.0, '_a2_': 1.0, '_a4_': 1.0, '_a6_': 1.0, '_a7_': 1.0}};{'d0': 0.024905832919416362};-280.569866449044;39.924049766344936
19558;-100.360883458177;(_a5_ * ((_a3_ * x) * (x + pow2((_a1_ * (_a5_ + (x * _a1_)))))));{'d0': {'_a1_': 0.8332980210190385, '_a3_': -11.591321876133595, '_a5_': -0.6041794365037139, '_a0_': 1.0, '_a2_': 1.0, '_a4_': 1.0, '_a6_': 1.0, '_a7_': 1.0}};{'d0': 0.024905832919416362};-280.569866449044;39.924049766344936
19559;-100.360883458177;(_a5_ * ((_a3_ * x) * (x + pow2((_a1_ * (_a5_ + (x * _a1_)))))));{'d0': {'_a1_': 0.8332980210190385, '_a3_': -11.591321876133595, '_a5_': -0.6041794365037139, '_a0_': 1.0, '_a2_': 1.0, '_a4_': 1.0, '_a6_': 1.0, '_a7_': 1.0}};{'d0': 0.024905832919416362};-280.569866449044;39.924049766344936
19560;-100.360883458177;(_a5_ * ((_a3_ * x) * (x + pow2((_a1_ * (_a5_ + (x * _a1_)))))));{'d0': {'_a1_': 0.8332980210190385, '_a3_': -11.591321876133595, '_a5_': -0.6041794365037139, '_a0_': 1.0, '_a2_': 1.0, '_a4_': 1.0, '_a6_': 1.0, '_a7_': 1.0}};{'d0': 0.024905832919416362};-280.569866449044;39.924049766344936
19561;-100.360883458177;(_a5_ * ((_a3_ * x) * (x + pow2((_a1_ * (_a5_ + (x * _a1_)))))));{'d0': {'_a1_': 0.8332980210190385, '_a3_': -11.591321876133595, '_a5_': -0.6041794365037139, '_a0_': 1.0, '_a2_': 1.0, '_a4_': 1.0, '_a6_': 1.0, '_a7_': 1.0}};{'d0': 0.024905832919416362};-280.569866449044;39.924049766344936
19562;-100.360883458177;(_a5_ * ((_a3_ * x) * (x + pow2((_a1_ * (_a5_ + (x * _a1_)))))));{'d0': {'_a1_': 0.8332980210190385, '_a3_': -11.591321876133595, '_a5_': -0.6041794365037139, '_a0_': 1.0, '_a2_': 1.0, '_a4_': 1.0, '_a6_': 1.0, '_a7_': 1.0}};{'d0': 0.024905832919416362};-280.569866449044;39.924049766344936
19563;-100.360883458177;(_a5_ * ((_a3_ * x) * (x + pow2((_a1_ * (_a5_ + (x * _a1_)))))));{'d0': {'_a1_': 0.8332980210190385, '_a3_': -11.591321876133595, '_a5_': -0.6041794365037139, '_a0_': 1.0, '_a2_': 1.0, '_a4_': 1.0, '_a6_': 1.0, '_a7_': 1.0}};{'d0': 0.024905832919416362};-280.569866449044;39.924049766344936
19564;-105.400567982306;(((x * ((x + _a4_) * (_a2_ * _a2_))) + -(_a0_)) * x);{'d0': {'_a0_': -1.7751354044025254, '_a2_': 1.8375964950662615, '_a4_': 0.6238594156445186, '_a1_': 1.0, '_a3_': 1.0, '_a5_': 1.0, '_a6_': 1.0, '_a7_': 1.0}};{'d0': 0.02490583291941664};-280.569866449044;34.884365242216404
19565;-100.360883458177;(_a5_ * ((_a3_ * x) * (x + pow2((_a1_ * (_a5_ + (x * _a1_)))))));{'d0': {'_a1_': 0.8332980210190385, '_a3_': -11.591321876133595, '_a5_': -0.6041794365037139, '_a0_': 1.0, '_a2_': 1.0, '_a4_': 1.0, '_a6_': 1.0, '_a7_': 1.0}};{'d0': 0.024905832919416362};-280.569866449044;39.924049766344936
19566;-100.360883458177;(_a5_ * ((_a3_ * x) * (x + pow2((_a1_ * (_a5_ + (x * _a1_)))))));{'d0': {'_a1_': 0.8332980210190385, '_a3_': -11.591321876133595, '_a5_': -0.6041794365037139, '_a0_': 1.0, '_a2_': 1.0, '_a4_': 1.0, '_a6_': 1.0, '_a7_': 1.0}};{'d0': 0.024905832919416362};-280.569866449044;39.924049766344936
19567;-100.360883458177;(_a5_ * ((_a3_ * x) * (x + pow2((_a1_ * (_a5_ + (x * _a1_)))))));{'d0': {'_a1_': 0.8332980210190385, '_a3_': -11.591321876133595, '_a5_': -0.6041794365037139, '_a0_': 1.0, '_a2_': 1.0, '_a4_': 1.0, '_a6_': 1.0, '_a7_': 1.0}};{'d0': 0.024905832919416362};-280.569866449044;39.924049766344936
19568;-100.360883458177;(_a5_ * ((_a3_ * x) * (x + pow2((_a1_ * (_a5_ + (x * _a1_)))))));{'d0': {'_a1_': 0.8332980210190385, '_a3_': -11.591321876133595, '_a5_': -0.6041794365037139, '_a0_': 1.0, '_a2_': 1.0, '_a4_': 1.0, '_a6_': 1.0, '_a7_': 1.0}};{'d0': 0.024905832919416362};-280.569866449044;39.924049766344936
19569;-105.400567982306;(((x * ((x + _a4_) * (_a2_ * _a2_))) + -(_a0_)) * x);{'d0': {'_a0_': -1.7751354044025254, '_a2_': 1.8375964950662615, '_a4_': 0.6238594156445186, '_a1_': 1.0, '_a3_': 1.0, '_a5_': 1.0, '_a6_': 1.0, '_a7_': 1.0}};{'d0': 0.02490583291941664};-280.569866449044;34.884365242216404
19570;-105.400567982306;(((x * ((x + _a4_) * (_a2_ * _a2_))) + -(_a0_)) * x);{'d0': {'_a0_': -1.7751354044025254, '_a2_': 1.8375964950662615, '_a4_': 0.6238594156445186, '_a1_': 1.0, '_a3_': 1.0, '_a5_': 1.0, '_a6_': 1.0, '_a7_': 1.0}};{'d0': 0.02490583291941664};-280.569866449044;34.884365242216404
19571;-105.400567982306;(((x * ((x + _a4_) * (_a2_ * _a2_))) + -(_a0_)) * x);{'d0': {'_a0_': -1.7751354044025254, '_a2_': 1.8375964950662615, '_a4_': 0.6238594156445186, '_a1_': 1.0, '_a3_': 1.0, '_a5_': 1.0, '_a6_': 1.0, '_a7_': 1.0}};{'d0': 0.02490583291941664};-280.569866449044;34.884365242216404
19572;-105.400567982306;(((x * ((x + _a4_) * (_a2_ * _a2_))) + -(_a0_)) * x);{'d0': {'_a0_': -1.7751354044025254, '_a2_': 1.8375964950662615, '_a4_': 0.6238594156445186, '_a1_': 1.0, '_a3_': 1.0, '_a5_': 1.0, '_a6_': 1.0, '_a7_': 1.0}};{'d0': 0.02490583291941664};-280.569866449044;34.884365242216404
19573;-105.400567982306;(((x * ((x + _a4_) * (_a2_ * _a2_))) + -(_a0_)) * x);{'d0': {'_a0_': -1.7751354044025254, '_a2_': 1.8375964950662615, '_a4_': 0.6238594156445186, '_a1_': 1.0, '_a3_': 1.0, '_a5_': 1.0, '_a6_': 1.0, '_a7_': 1.0}};{'d0': 0.02490583291941664};-280.569866449044;34.884365242216404
19574;-103.280223376164;(((x * ((x + _a4_) * (_a2_ * _a2_))) + (_a6_ / _a2_)) * x);{'d0': {'_a2_': 1.8375964951770043, '_a4_': 0.6238594156279946, '_a6_': 3.2619825974329553, '_a0_': 1.0, '_a1_': 1.0, '_a3_': 1.0, '_a5_': 1.0, '_a7_': 1.0}};{'d0': 0.02490583291941665};-280.569866449044;37.00470984835842
19575;-103.740652132046;(((x * ((x + _a4_) * (_a2_ * _a2_))) + sqrt(_a6_)) * x);{'d0': {'_a2_': 1.8375964949056491, '_a4_': 0.6238594155381509, '_a6_': 3.151105703460071, '_a0_': 1.0, '_a1_': 1.0, '_a3_': 1.0, '_a5_': 1.0, '_a7_': 1.0}};{'d0': 0.024905832919416667};-280.569866449044;36.54428109247602
19576;-103.740652132046;(((x * ((x + _a4_) * (_a2_ * _a2_))) + sqrt(_a6_)) * x);{'d0': {'_a2_': 1.8375964949056491, '_a4_': 0.6238594155381509, '_a6_': 3.151105703460071, '_a0_': 1.0, '_a1_': 1.0, '_a3_': 1.0, '_a5_': 1.0, '_a7_': 1.0}};{'d0': 0.024905832919416667};-280.569866449044;36.54428109247602
19577;-103.740652132046;(((x * ((x + _a4_) * (_a2_ * _a2_))) + sqrt(_a6_)) * x);{'d0': {'_a2_': 1.8375964949056491, '_a4_': 0.6238594155381509, '_a6_': 3.151105703460071, '_a0_': 1.0, '_a1_': 1.0, '_a3_': 1.0, '_a5_': 1.0, '_a7_': 1.0}};{'d0': 0.024905832919416667};-280.569866449044;36.54428109247602
19578;-100.360883458177;(_a5_ * ((_a3_ * x) * (x + pow2((_a1_ * (_a5_ + (x * _a1_)))))));{'d0': {'_a1_': 0.8332980210190385, '_a3_': -11.591321876133595, '_a5_': -0.6041794365037139, '_a0_': 1.0, '_a2_': 1.0, '_a4_': 1.0, '_a6_': 1.0, '_a7_': 1.0}};{'d0': 0.024905832919416362};-280.569866449044;39.924049766344936
19579;-100.360883458177;(_a5_ * ((_a3_ * x) * (x + pow2((_a1_ * (_a5_ + (x * _a1_)))))));{'d0': {'_a1_': 0.8332980210190385, '_a3_': -11.591321876133595, '_a5_': -0.6041794365037139, '_a0_': 1.0, '_a2_': 1.0, '_a4_': 1.0, '_a6_': 1.0, '_a7_': 1.0}};{'d0': 0.024905832919416362};-280.569866449044;39.924049766344936
19580;-100.360883458177;(_a5_ * ((_a3_ * x) * (x + pow2((_a1_ * (_a5_ + (x * _a1_)))))));{'d0': {'_a1_': 0.8332980210190385, '_a3_': -11.591321876133595, '_a5_': -0.6041794365037139, '_a0_': 1.0, '_a2_': 1.0, '_a4_': 1.0, '_a6_': 1.0, '_a7_': 1.0}};{'d0': 0.024905832919416362};-280.569866449044;39.924049766344936
19581;-100.360883458177;(_a5_ * ((_a3_ * x) * (x + pow2((_a1_ * (_a5_ + (x * _a1_)))))));{'d0': {'_a1_': 0.8332980210190385, '_a3_': -11.591321876133595, '_a5_': -0.6041794365037139, '_a0_': 1.0, '_a2_': 1.0, '_a4_': 1.0, '_a6_': 1.0, '_a7_': 1.0}};{'d0': 0.024905832919416362};-280.569866449044;39.924049766344936
19582;-100.360883458177;(_a5_ * ((_a3_ * x) * (x + pow2((_a1_ * (_a5_ + (x * _a1_)))))));{'d0': {'_a1_': 0.8332980210190385, '_a3_': -11.591321876133595, '_a5_': -0.6041794365037139, '_a0_': 1.0, '_a2_': 1.0, '_a4_': 1.0, '_a6_': 1.0, '_a7_': 1.0}};{'d0': 0.024905832919416362};-280.569866449044;39.924049766344936
19583;-100.360883458177;(_a5_ * ((_a3_ * x) * (x + pow2((_a1_ * (_a5_ + (x * _a1_)))))));{'d0': {'_a1_': 0.8332980210190385, '_a3_': -11.591321876133595, '_a5_': -0.6041794365037139, '_a0_': 1.0, '_a2_': 1.0, '_a4_': 1.0, '_a6_': 1.0, '_a7_': 1.0}};{'d0': 0.024905832919416362};-280.569866449044;39.924049766344936
19584;-100.360883458177;(_a5_ * ((_a3_ * x) * (x + pow2((_a1_ * (_a5_ + (x * _a1_)))))));{'d0': {'_a1_': 0.8332980210190385, '_a3_': -11.591321876133595, '_a5_': -0.6041794365037139, '_a0_': 1.0, '_a2_': 1.0, '_a4_': 1.0, '_a6_': 1.0, '_a7_': 1.0}};{'d0': 0.024905832919416362};-280.569866449044;39.924049766344936
19585;-100.360883458177;(_a5_ * ((_a3_ * x) * (x + pow2((_a1_ * (_a5_ + (x * _a1_)))))));{'d0': {'_a1_': 0.8332980210190385, '_a3_': -11.591321876133595, '_a5_': -0.6041794365037139, '_a0_': 1.0, '_a2_': 1.0, '_a4_': 1.0, '_a6_': 1.0, '_a7_': 1.0}};{'d0': 0.024905832919416362};-280.569866449044;39.924049766344936
19586;-103.740652132046;(((x * ((x + _a4_) * (_a2_ * _a2_))) + sqrt(_a6_)) * x);{'d0': {'_a2_': 1.8375964949056491, '_a4_': 0.6238594155381509, '_a6_': 3.151105703460071, '_a0_': 1.0, '_a1_': 1.0, '_a3_': 1.0, '_a5_': 1.0, '_a7_': 1.0}};{'d0': 0.024905832919416667};-280.569866449044;36.54428109247602
19587;-103.740652132046;(((x * ((x + _a4_) * (_a2_ * _a2_))) + sqrt(_a6_)) * x);{'d0': {'_a2_': 1.8375964949056491, '_a4_': 0.6238594155381509, '_a6_': 3.151105703460071, '_a0_': 1.0, '_a1_': 1.0, '_a3_': 1.0, '_a5_': 1.0, '_a7_': 1.0}};{'d0': 0.024905832919416667};-280.569866449044;36.54428109247602
19588;-103.740652132046;(((x * ((x + _a4_) * (_a2_ * _a2_))) + sqrt(_a6_)) * x);{'d0': {'_a2_': 1.8375964949056491, '_a4_': 0.6238594155381509, '_a6_': 3.151105703460071, '_a0_': 1.0, '_a1_': 1.0, '_a3_': 1.0, '_a5_': 1.0, '_a7_': 1.0}};{'d0': 0.024905832919416667};-280.569866449044;36.54428109247602
19589;-103.740652132046;(((x * ((x + _a4_) * (_a2_ * _a2_))) + sqrt(_a6_)) * x);{'d0': {'_a2_': 1.8375964949056491, '_a4_': 0.6238594155381509, '_a6_': 3.151105703460071, '_a0_': 1.0, '_a1_': 1.0, '_a3_': 1.0, '_a5_': 1.0, '_a7_': 1.0}};{'d0': 0.024905832919416667};-280.569866449044;36.54428109247602
19590;-103.740652132046;(((x * ((x + _a4_) * (_a2_ * _a2_))) + sqrt(_a6_)) * x);{'d0': {'_a2_': 1.8375964949056491, '_a4_': 0.6238594155381509, '_a6_': 3.151105703460071, '_a0_': 1.0, '_a1_': 1.0, '_a3_': 1.0, '_a5_': 1.0, '_a7_': 1.0}};{'d0': 0.024905832919416667};-280.569866449044;36.54428109247602
19591;-103.740652132046;(((x * ((x + _a4_) * (_a2_ * _a2_))) + sqrt(_a6_)) * x);{'d0': {'_a2_': 1.8375964949056491, '_a4_': 0.6238594155381509, '_a6_': 3.151105703460071, '_a0_': 1.0, '_a1_': 1.0, '_a3_': 1.0, '_a5_': 1.0, '_a7_': 1.0}};{'d0': 0.024905832919416667};-280.569866449044;36.54428109247602
19592;-103.740652132046;(((x * ((x + _a4_) * (_a2_ * _a2_))) + sqrt(_a6_)) * x);{'d0': {'_a2_': 1.8375964949056491, '_a4_': 0.6238594155381509, '_a6_': 3.151105703460071, '_a0_': 1.0, '_a1_': 1.0, '_a3_': 1.0, '_a5_': 1.0, '_a7_': 1.0}};{'d0': 0.024905832919416667};-280.569866449044;36.54428109247602
19593;-103.740652132046;(((x * ((x + _a4_) * (_a2_ * _a2_))) + sqrt(_a6_)) * x);{'d0': {'_a2_': 1.8375964949056491, '_a4_': 0.6238594155381509, '_a6_': 3.151105703460071, '_a0_': 1.0, '_a1_': 1.0, '_a3_': 1.0, '_a5_': 1.0, '_a7_': 1.0}};{'d0': 0.024905832919416667};-280.569866449044;36.54428109247602
19594;-103.740652132046;(((x * ((x + _a4_) * (_a2_ * _a2_))) + sqrt(_a6_)) * x);{'d0': {'_a2_': 1.8375964949056491, '_a4_': 0.6238594155381509, '_a6_': 3.151105703460071, '_a0_': 1.0, '_a1_': 1.0, '_a3_': 1.0, '_a5_': 1.0, '_a7_': 1.0}};{'d0': 0.024905832919416667};-280.569866449044;36.54428109247602
19595;-100.360883458177;(_a5_ * ((_a3_ * x) * (x + pow2((_a1_ * (_a5_ + (x * _a1_)))))));{'d0': {'_a1_': 0.8332980210190385, '_a3_': -11.591321876133595, '_a5_': -0.6041794365037139, '_a0_': 1.0, '_a2_': 1.0, '_a4_': 1.0, '_a6_': 1.0, '_a7_': 1.0}};{'d0': 0.024905832919416362};-280.569866449044;39.924049766344936
19596;-100.360883458177;(_a5_ * ((_a3_ * x) * (x + pow2((_a1_ * (_a5_ + (x * _a1_)))))));{'d0': {'_a1_': 0.8332980210190385, '_a3_': -11.591321876133595, '_a5_': -0.6041794365037139, '_a0_': 1.0, '_a2_': 1.0, '_a4_': 1.0, '_a6_': 1.0, '_a7_': 1.0}};{'d0': 0.024905832919416362};-280.569866449044;39.924049766344936
19597;-100.360883458177;(_a5_ * ((_a3_ * x) * (x + pow2((_a1_ * (_a5_ + (x * _a1_)))))));{'d0': {'_a1_': 0.8332980210190385, '_a3_': -11.591321876133595, '_a5_': -0.6041794365037139, '_a0_': 1.0, '_a2_': 1.0, '_a4_': 1.0, '_a6_': 1.0, '_a7_': 1.0}};{'d0': 0.024905832919416362};-280.569866449044;39.924049766344936
19598;-100.360883458177;(_a5_ * ((_a3_ * x) * (x + pow2((_a1_ * (_a5_ + (x * _a1_)))))));{'d0': {'_a1_': 0.8332980210190385, '_a3_': -11.591321876133595, '_a5_': -0.6041794365037139, '_a0_': 1.0, '_a2_': 1.0, '_a4_': 1.0, '_a6_': 1.0, '_a7_': 1.0}};{'d0': 0.024905832919416362};-280.569866449044;39.924049766344936
19599;-100.360883458177;(_a5_ * ((_a3_ * x) * (x + pow2((_a1_ * (_a5_ + (x * _a1_)))))));{'d0': {'_a1_': 0.8332980210190385, '_a3_': -11.591321876133595, '_a5_': -0.6041794365037139, '_a0_': 1.0, '_a2_': 1.0, '_a4_': 1.0, '_a6_': 1.0, '_a7_': 1.0}};{'d0': 0.024905832919416362};-280.569866449044;39.924049766344936
19600;-100.360883458177;(_a5_ * ((_a3_ * x) * (x + pow2((_a1_ * (_a5_ + (x * _a1_)))))));{'d0': {'_a1_': 0.8332980210190385, '_a3_': -11.591321876133595, '_a5_': -0.6041794365037139, '_a0_': 1.0, '_a2_': 1.0, '_a4_': 1.0, '_a6_': 1.0, '_a7_': 1.0}};{'d0': 0.024905832919416362};-280.569866449044;39.924049766344936
19601;-100.360883458177;(_a5_ * ((_a3_ * x) * (x + pow2((_a1_ * (_a5_ + (x * _a1_)))))));{'d0': {'_a1_': 0.8332980210190385, '_a3_': -11.591321876133595, '_a5_': -0.6041794365037139, '_a0_': 1.0, '_a2_': 1.0, '_a4_': 1.0, '_a6_': 1.0, '_a7_': 1.0}};{'d0': 0.024905832919416362};-280.569866449044;39.924049766344936
19602;-100.360883458177;(_a5_ * ((_a3_ * x) * (x + pow2((_a1_ * (_a5_ + (x * _a1_)))))));{'d0': {'_a1_': 0.8332980210190385, '_a3_': -11.591321876133595, '_a5_': -0.6041794365037139, '_a0_': 1.0, '_a2_': 1.0, '_a4_': 1.0, '_a6_': 1.0, '_a7_': 1.0}};{'d0': 0.024905832919416362};-280.569866449044;39.924049766344936
19603;-100.360883458177;(_a5_ * ((_a3_ * x) * (x + pow2((_a1_ * (_a5_ + (x * _a1_)))))));{'d0': {'_a1_': 0.8332980210190385, '_a3_': -11.591321876133595, '_a5_': -0.6041794365037139, '_a0_': 1.0, '_a2_': 1.0, '_a4_': 1.0, '_a6_': 1.0, '_a7_': 1.0}};{'d0': 0.024905832919416362};-280.569866449044;39.924049766344936
19604;-100.360883458177;(_a5_ * ((_a3_ * x) * (x + pow2((_a1_ * (_a5_ + (x * _a1_)))))));{'d0': {'_a1_': 0.8332980210190385, '_a3_': -11.591321876133595, '_a5_': -0.6041794365037139, '_a0_': 1.0, '_a2_': 1.0, '_a4_': 1.0, '_a6_': 1.0, '_a7_': 1.0}};{'d0': 0.024905832919416362};-280.569866449044;39.924049766344936
19605;-100.360883458177;(_a5_ * ((_a3_ * x) * (x + pow2((_a1_ * (_a5_ + (x * _a1_)))))));{'d0': {'_a1_': 0.8332980210190385, '_a3_': -11.591321876133595, '_a5_': -0.6041794365037139, '_a0_': 1.0, '_a2_': 1.0, '_a4_': 1.0, '_a6_': 1.0, '_a7_': 1.0}};{'d0': 0.024905832919416362};-280.569866449044;39.924049766344936
19606;-100.360883458177;(_a5_ * ((_a3_ * x) * (x + pow2((_a1_ * (_a5_ + (x * _a1_)))))));{'d0': {'_a1_': 0.8332980210190385, '_a3_': -11.591321876133595, '_a5_': -0.6041794365037139, '_a0_': 1.0, '_a2_': 1.0, '_a4_': 1.0, '_a6_': 1.0, '_a7_': 1.0}};{'d0': 0.024905832919416362};-280.569866449044;39.924049766344936
19607;-100.360883458177;(_a5_ * ((_a3_ * x) * (x + pow2((_a1_ * (_a5_ + (x * _a1_)))))));{'d0': {'_a1_': 0.8332980210190385, '_a3_': -11.591321876133595, '_a5_': -0.6041794365037139, '_a0_': 1.0, '_a2_': 1.0, '_a4_': 1.0, '_a6_': 1.0, '_a7_': 1.0}};{'d0': 0.024905832919416362};-280.569866449044;39.924049766344936
19608;-100.360883458177;(_a5_ * ((_a3_ * x) * (x + pow2((_a1_ * (_a5_ + (x * _a1_)))))));{'d0': {'_a1_': 0.8332980210190385, '_a3_': -11.591321876133595, '_a5_': -0.6041794365037139, '_a0_': 1.0, '_a2_': 1.0, '_a4_': 1.0, '_a6_': 1.0, '_a7_': 1.0}};{'d0': 0.024905832919416362};-280.569866449044;39.924049766344936
19609;-100.360883458177;(_a5_ * ((_a3_ * x) * (x + pow2((_a1_ * (_a5_ + (x * _a1_)))))));{'d0': {'_a1_': 0.8332980210190385, '_a3_': -11.591321876133595, '_a5_': -0.6041794365037139, '_a0_': 1.0, '_a2_': 1.0, '_a4_': 1.0, '_a6_': 1.0, '_a7_': 1.0}};{'d0': 0.024905832919416362};-280.569866449044;39.924049766344936
19610;-103.740652132046;(((x * ((x + _a4_) * (_a2_ * _a2_))) + sqrt(_a6_)) * x);{'d0': {'_a2_': 1.8375964949056491, '_a4_': 0.6238594155381509, '_a6_': 3.151105703460071, '_a0_': 1.0, '_a1_': 1.0, '_a3_': 1.0, '_a5_': 1.0, '_a7_': 1.0}};{'d0': 0.024905832919416667};-280.569866449044;36.54428109247602
19611;-103.740652132046;(((x * ((x + _a4_) * (_a2_ * _a2_))) + sqrt(_a6_)) * x);{'d0': {'_a2_': 1.8375964949056491, '_a4_': 0.6238594155381509, '_a6_': 3.151105703460071, '_a0_': 1.0, '_a1_': 1.0, '_a3_': 1.0, '_a5_': 1.0, '_a7_': 1.0}};{'d0': 0.024905832919416667};-280.569866449044;36.54428109247602
19612;-100.360883458177;(_a1_ * ((_a3_ * x) * (x + pow2((_a1_ * (_a5_ + (x * _a1_)))))));{'d0': {'_a1_': 0.8332980210174163, '_a3_': 8.4042421124132, '_a5_': -0.6041794364834066, '_a0_': 1.0, '_a2_': 1.0, '_a4_': 1.0, '_a6_': 1.0, '_a7_': 1.0}};{'d0': 0.02490583291941664};-280.569866449044;39.924049766344936
19613;-100.360883458177;(_a1_ * ((_a3_ * x) * (x + pow2((_a1_ * (_a5_ + (x * _a1_)))))));{'d0': {'_a1_': 0.8332980210174163, '_a3_': 8.4042421124132, '_a5_': -0.6041794364834066, '_a0_': 1.0, '_a2_': 1.0, '_a4_': 1.0, '_a6_': 1.0, '_a7_': 1.0}};{'d0': 0.02490583291941664};-280.569866449044;39.924049766344936
19614;-100.360883458177;(_a1_ * ((_a3_ * x) * (x + pow2((_a1_ * (_a5_ + (x * _a1_)))))));{'d0': {'_a1_': 0.8332980210174163, '_a3_': 8.4042421124132, '_a5_': -0.6041794364834066, '_a0_': 1.0, '_a2_': 1.0, '_a4_': 1.0, '_a6_': 1.0, '_a7_': 1.0}};{'d0': 0.02490583291941664};-280.569866449044;39.924049766344936
19615;-100.360883458177;(_a1_ * ((_a3_ * x) * (x + pow2((_a1_ * (_a5_ + (x * _a1_)))))));{'d0': {'_a1_': 0.8332980210174163, '_a3_': 8.4042421124132, '_a5_': -0.6041794364834066, '_a0_': 1.0, '_a2_': 1.0, '_a4_': 1.0, '_a6_': 1.0, '_a7_': 1.0}};{'d0': 0.02490583291941664};-280.569866449044;39.924049766344936
19616;-100.360883458177;(_a1_ * ((_a3_ * x) * (x + pow2((_a1_ * (_a5_ + (x * _a1_)))))));{'d0': {'_a1_': 0.8332980210174163, '_a3_': 8.4042421124132, '_a5_': -0.6041794364834066, '_a0_': 1.0, '_a2_': 1.0, '_a4_': 1.0, '_a6_': 1.0, '_a7_': 1.0}};{'d0': 0.02490583291941664};-280.569866449044;39.924049766344936
19617;-100.360883458177;(_a1_ * ((_a3_ * x) * (x + pow2((_a1_ * (_a5_ + (x * _a1_)))))));{'d0': {'_a1_': 0.8332980210174163, '_a3_': 8.4042421124132, '_a5_': -0.6041794364834066, '_a0_': 1.0, '_a2_': 1.0, '_a4_': 1.0, '_a6_': 1.0, '_a7_': 1.0}};{'d0': 0.02490583291941664};-280.569866449044;39.924049766344936
19618;-100.360883458177;(_a1_ * ((_a3_ * x) * (x + pow2((_a1_ * (_a5_ + (x * _a1_)))))));{'d0': {'_a1_': 0.8332980210174163, '_a3_': 8.4042421124132, '_a5_': -0.6041794364834066, '_a0_': 1.0, '_a2_': 1.0, '_a4_': 1.0, '_a6_': 1.0, '_a7_': 1.0}};{'d0': 0.02490583291941664};-280.569866449044;39.924049766344936
19619;-100.360883458177;(_a1_ * ((_a3_ * x) * (x + pow2((_a1_ * (_a5_ + (x * _a1_)))))));{'d0': {'_a1_': 0.8332980210174163, '_a3_': 8.4042421124132, '_a5_': -0.6041794364834066, '_a0_': 1.0, '_a2_': 1.0, '_a4_': 1.0, '_a6_': 1.0, '_a7_': 1.0}};{'d0': 0.02490583291941664};-280.569866449044;39.924049766344936
19620;-100.360883458177;(_a1_ * ((_a3_ * x) * (x + pow2((_a1_ * (_a5_ + (x * _a1_)))))));{'d0': {'_a1_': 0.8332980210174163, '_a3_': 8.4042421124132, '_a5_': -0.6041794364834066, '_a0_': 1.0, '_a2_': 1.0, '_a4_': 1.0, '_a6_': 1.0, '_a7_': 1.0}};{'d0': 0.02490583291941664};-280.569866449044;39.924049766344936
19621;-100.360883458177;(_a1_ * ((_a3_ * x) * (x + pow2((_a1_ * (_a5_ + (x * _a1_)))))));{'d0': {'_a1_': 0.8332980210174163, '_a3_': 8.4042421124132, '_a5_': -0.6041794364834066, '_a0_': 1.0, '_a2_': 1.0, '_a4_': 1.0, '_a6_': 1.0, '_a7_': 1.0}};{'d0': 0.02490583291941664};-280.569866449044;39.924049766344936
19622;-100.360883458177;(_a1_ * ((_a3_ * x) * (x + pow2((_a1_ * (_a5_ + (x * _a1_)))))));{'d0': {'_a1_': 0.8332980210174163, '_a3_': 8.4042421124132, '_a5_': -0.6041794364834066, '_a0_': 1.0, '_a2_': 1.0, '_a4_': 1.0, '_a6_': 1.0, '_a7_': 1.0}};{'d0': 0.02490583291941664};-280.569866449044;39.924049766344936
19623;-100.360883458177;(_a1_ * ((_a3_ * x) * (x + pow2((_a1_ * (_a5_ + (x * _a1_)))))));{'d0': {'_a1_': 0.8332980210174163, '_a3_': 8.4042421124132, '_a5_': -0.6041794364834066, '_a0_': 1.0, '_a2_': 1.0, '_a4_': 1.0, '_a6_': 1.0, '_a7_': 1.0}};{'d0': 0.02490583291941664};-280.569866449044;39.924049766344936
19624;-100.360883458177;(_a1_ * ((_a3_ * x) * (x + pow2((_a1_ * (_a5_ + (x * _a1_)))))));{'d0': {'_a1_': 0.8332980210174163, '_a3_': 8.4042421124132, '_a5_': -0.6041794364834066, '_a0_': 1.0, '_a2_': 1.0, '_a4_': 1.0, '_a6_': 1.0, '_a7_': 1.0}};{'d0': 0.02490583291941664};-280.569866449044;39.924049766344936
19625;-100.360883458177;(_a1_ * ((_a3_ * x) * (x + pow2((_a1_ * (_a5_ + (x * _a1_)))))));{'d0': {'_a1_': 0.8332980210174163, '_a3_': 8.4042421124132, '_a5_': -0.6041794364834066, '_a0_': 1.0, '_a2_': 1.0, '_a4_': 1.0, '_a6_': 1.0, '_a7_': 1.0}};{'d0': 0.02490583291941664};-280.569866449044;39.924049766344936
19626;-100.360883458177;(_a1_ * ((_a3_ * x) * (x + pow2((_a1_ * (_a5_ + (x * _a1_)))))));{'d0': {'_a1_': 0.8332980210174163, '_a3_': 8.4042421124132, '_a5_': -0.6041794364834066, '_a0_': 1.0, '_a2_': 1.0, '_a4_': 1.0, '_a6_': 1.0, '_a7_': 1.0}};{'d0': 0.02490583291941664};-280.569866449044;39.924049766344936
19627;-100.360883458177;(_a1_ * ((_a3_ * x) * (x + pow2((_a1_ * (_a5_ + (x * _a1_)))))));{'d0': {'_a1_': 0.8332980210174163, '_a3_': 8.4042421124132, '_a5_': -0.6041794364834066, '_a0_': 1.0, '_a2_': 1.0, '_a4_': 1.0, '_a6_': 1.0, '_a7_': 1.0}};{'d0': 0.02490583291941664};-280.569866449044;39.924049766344936
19628;-100.360883458177;(_a1_ * ((_a3_ * x) * (x + pow2((_a1_ * (_a5_ + (x * _a1_)))))));{'d0': {'_a1_': 0.8332980210174163, '_a3_': 8.4042421124132, '_a5_': -0.6041794364834066, '_a0_': 1.0, '_a2_': 1.0, '_a4_': 1.0, '_a6_': 1.0, '_a7_': 1.0}};{'d0': 0.02490583291941664};-280.569866449044;39.924049766344936
19629;-100.360883458177;(_a1_ * ((_a3_ * x) * (x + pow2((_a1_ * (_a5_ + (x * _a1_)))))));{'d0': {'_a1_': 0.8332980210174163, '_a3_': 8.4042421124132, '_a5_': -0.6041794364834066, '_a0_': 1.0, '_a2_': 1.0, '_a4_': 1.0, '_a6_': 1.0, '_a7_': 1.0}};{'d0': 0.02490583291941664};-280.569866449044;39.924049766344936
19630;-100.360883458177;(_a1_ * ((_a3_ * x) * (x + pow2((_a1_ * (_a5_ + (x * _a1_)))))));{'d0': {'_a1_': 0.8332980210174163, '_a3_': 8.4042421124132, '_a5_': -0.6041794364834066, '_a0_': 1.0, '_a2_': 1.0, '_a4_': 1.0, '_a6_': 1.0, '_a7_': 1.0}};{'d0': 0.02490583291941664};-280.569866449044;39.924049766344936
19631;-100.360883458177;(_a1_ * ((_a3_ * x) * (x + pow2((_a1_ * (_a5_ + (x * _a1_)))))));{'d0': {'_a1_': 0.8332980210174163, '_a3_': 8.4042421124132, '_a5_': -0.6041794364834066, '_a0_': 1.0, '_a2_': 1.0, '_a4_': 1.0, '_a6_': 1.0, '_a7_': 1.0}};{'d0': 0.02490583291941664};-280.569866449044;39.924049766344936
19632;-100.360883458177;(_a1_ * ((_a3_ * x) * (x + pow2((_a1_ * (_a5_ + (x * _a1_)))))));{'d0': {'_a1_': 0.8332980210174163, '_a3_': 8.4042421124132, '_a5_': -0.6041794364834066, '_a0_': 1.0, '_a2_': 1.0, '_a4_': 1.0, '_a6_': 1.0, '_a7_': 1.0}};{'d0': 0.02490583291941664};-280.569866449044;39.924049766344936
19633;-100.360883458177;(_a1_ * ((_a3_ * x) * (x + pow2((_a1_ * (_a5_ + (x * _a1_)))))));{'d0': {'_a1_': 0.8332980210174163, '_a3_': 8.4042421124132, '_a5_': -0.6041794364834066, '_a0_': 1.0, '_a2_': 1.0, '_a4_': 1.0, '_a6_': 1.0, '_a7_': 1.0}};{'d0': 0.02490583291941664};-280.569866449044;39.924049766344936
19634;-100.360883458177;(_a1_ * ((_a3_ * x) * (x + pow2((_a1_ * (_a5_ + (x * _a1_)))))));{'d0': {'_a1_': 0.8332980210174163, '_a3_': 8.4042421124132, '_a5_': -0.6041794364834066, '_a0_': 1.0, '_a2_': 1.0, '_a4_': 1.0, '_a6_': 1.0, '_a7_': 1.0}};{'d0': 0.02490583291941664};-280.569866449044;39.924049766344936
19635;-100.360883458177;(_a1_ * ((_a3_ * x) * (x + pow2((_a1_ * (_a5_ + (x * _a1_)))))));{'d0': {'_a1_': 0.8332980210174163, '_a3_': 8.4042421124132, '_a5_': -0.6041794364834066, '_a0_': 1.0, '_a2_': 1.0, '_a4_': 1.0, '_a6_': 1.0, '_a7_': 1.0}};{'d0': 0.02490583291941664};-280.569866449044;39.924049766344936
19636;-100.360883458177;(_a1_ * ((_a3_ * x) * (x + pow2((_a1_ * (_a5_ + (x * _a1_)))))));{'d0': {'_a1_': 0.8332980210174163, '_a3_': 8.4042421124132, '_a5_': -0.6041794364834066, '_a0_': 1.0, '_a2_': 1.0, '_a4_': 1.0, '_a6_': 1.0, '_a7_': 1.0}};{'d0': 0.02490583291941664};-280.569866449044;39.924049766344936
19637;-104.531628829010;(_a0_ * ((x * pow2(((_a7_ / _a5_) * (x + _a7_)))) + x));{'d0': {'_a0_': 1.4465760893017958, '_a5_': -0.2041630879204528, '_a7_': 0.31192970777733087, '_a1_': 1.0, '_a2_': 1.0, '_a3_': 1.0, '_a4_': 1.0, '_a6_': 1.0}};{'d0': 0.024905832919416625};-280.569866449044;35.75330439551141
19638;-104.531628829010;(_a0_ * ((x * pow2(((_a7_ / _a5_) * (x + _a7_)))) + x));{'d0': {'_a0_': 1.4465760893017958, '_a5_': -0.2041630879204528, '_a7_': 0.31192970777733087, '_a1_': 1.0, '_a2_': 1.0, '_a3_': 1.0, '_a4_': 1.0, '_a6_': 1.0}};{'d0': 0.024905832919416625};-280.569866449044;35.75330439551141
19639;-104.531628829010;(_a0_ * ((x * pow2(((_a7_ / _a5_) * (x + _a7_)))) + x));{'d0': {'_a0_': 1.4465760893017958, '_a5_': -0.2041630879204528, '_a7_': 0.31192970777733087, '_a1_': 1.0, '_a2_': 1.0, '_a3_': 1.0, '_a4_': 1.0, '_a6_': 1.0}};{'d0': 0.024905832919416625};-280.569866449044;35.75330439551141
19640;-104.531628829010;(_a0_ * ((x * pow2(((_a7_ / _a5_) * (x + _a7_)))) + x));{'d0': {'_a0_': 1.4465760893017958, '_a5_': -0.2041630879204528, '_a7_': 0.31192970777733087, '_a1_': 1.0, '_a2_': 1.0, '_a3_': 1.0, '_a4_': 1.0, '_a6_': 1.0}};{'d0': 0.024905832919416625};-280.569866449044;35.75330439551141
19641;-104.531628829010;(_a0_ * ((x * pow2(((_a7_ / _a5_) * (x + _a7_)))) + x));{'d0': {'_a0_': 1.4465760893017958, '_a5_': -0.2041630879204528, '_a7_': 0.31192970777733087, '_a1_': 1.0, '_a2_': 1.0, '_a3_': 1.0, '_a4_': 1.0, '_a6_': 1.0}};{'d0': 0.024905832919416625};-280.569866449044;35.75330439551141
19642;-104.531628829010;(_a0_ * ((x * pow2(((_a7_ / _a5_) * (x + _a7_)))) + x));{'d0': {'_a0_': 1.4465760893017958, '_a5_': -0.2041630879204528, '_a7_': 0.31192970777733087, '_a1_': 1.0, '_a2_': 1.0, '_a3_': 1.0, '_a4_': 1.0, '_a6_': 1.0}};{'d0': 0.024905832919416625};-280.569866449044;35.75330439551141
19643;-104.531628829010;(_a0_ * ((x * pow2(((_a7_ / _a5_) * (x + _a7_)))) + x));{'d0': {'_a0_': 1.4465760893017958, '_a5_': -0.2041630879204528, '_a7_': 0.31192970777733087, '_a1_': 1.0, '_a2_': 1.0, '_a3_': 1.0, '_a4_': 1.0, '_a6_': 1.0}};{'d0': 0.024905832919416625};-280.569866449044;35.75330439551141
19644;-104.531628829010;(_a0_ * ((x * pow2(((_a7_ / _a5_) * (x + _a7_)))) + x));{'d0': {'_a0_': 1.4465760893017958, '_a5_': -0.2041630879204528, '_a7_': 0.31192970777733087, '_a1_': 1.0, '_a2_': 1.0, '_a3_': 1.0, '_a4_': 1.0, '_a6_': 1.0}};{'d0': 0.024905832919416625};-280.569866449044;35.75330439551141
19645;-104.531628829010;(_a0_ * ((x * pow2(((_a7_ / _a5_) * (x + _a7_)))) + x));{'d0': {'_a0_': 1.4465760893017958, '_a5_': -0.2041630879204528, '_a7_': 0.31192970777733087, '_a1_': 1.0, '_a2_': 1.0, '_a3_': 1.0, '_a4_': 1.0, '_a6_': 1.0}};{'d0': 0.024905832919416625};-280.569866449044;35.75330439551141
19646;-104.531628829010;(_a0_ * ((x * pow2(((_a7_ / _a5_) * (x + _a7_)))) + x));{'d0': {'_a0_': 1.4465760893017958, '_a5_': -0.2041630879204528, '_a7_': 0.31192970777733087, '_a1_': 1.0, '_a2_': 1.0, '_a3_': 1.0, '_a4_': 1.0, '_a6_': 1.0}};{'d0': 0.024905832919416625};-280.569866449044;35.75330439551141
19647;-104.531628829010;(_a0_ * ((x * pow2(((_a7_ / _a5_) * (x + _a7_)))) + x));{'d0': {'_a0_': 1.4465760893017958, '_a5_': -0.2041630879204528, '_a7_': 0.31192970777733087, '_a1_': 1.0, '_a2_': 1.0, '_a3_': 1.0, '_a4_': 1.0, '_a6_': 1.0}};{'d0': 0.024905832919416625};-280.569866449044;35.75330439551141
19648;-104.531628829010;(_a0_ * ((x * pow2(((_a7_ / _a5_) * (x + _a7_)))) + x));{'d0': {'_a0_': 1.4465760893017958, '_a5_': -0.2041630879204528, '_a7_': 0.31192970777733087, '_a1_': 1.0, '_a2_': 1.0, '_a3_': 1.0, '_a4_': 1.0, '_a6_': 1.0}};{'d0': 0.024905832919416625};-280.569866449044;35.75330439551141
19649;-104.531628829010;(_a0_ * ((x * pow2(((_a7_ / _a5_) * (x + _a7_)))) + x));{'d0': {'_a0_': 1.4465760893017958, '_a5_': -0.2041630879204528, '_a7_': 0.31192970777733087, '_a1_': 1.0, '_a2_': 1.0, '_a3_': 1.0, '_a4_': 1.0, '_a6_': 1.0}};{'d0': 0.024905832919416625};-280.569866449044;35.75330439551141
19650;-104.531628829010;(_a0_ * ((x * pow2(((_a7_ / _a5_) * (x + _a7_)))) + x));{'d0': {'_a0_': 1.4465760893017958, '_a5_': -0.2041630879204528, '_a7_': 0.31192970777733087, '_a1_': 1.0, '_a2_': 1.0, '_a3_': 1.0, '_a4_': 1.0, '_a6_': 1.0}};{'d0': 0.024905832919416625};-280.569866449044;35.75330439551141
19651;-104.531628829010;(_a0_ * ((x * pow2(((_a7_ / _a5_) * (x + _a7_)))) + x));{'d0': {'_a0_': 1.4465760893017958, '_a5_': -0.2041630879204528, '_a7_': 0.31192970777733087, '_a1_': 1.0, '_a2_': 1.0, '_a3_': 1.0, '_a4_': 1.0, '_a6_': 1.0}};{'d0': 0.024905832919416625};-280.569866449044;35.75330439551141
19652;-104.531628829010;(_a0_ * ((x * pow2(((_a7_ / _a5_) * (x + _a7_)))) + x));{'d0': {'_a0_': 1.4465760893017958, '_a5_': -0.2041630879204528, '_a7_': 0.31192970777733087, '_a1_': 1.0, '_a2_': 1.0, '_a3_': 1.0, '_a4_': 1.0, '_a6_': 1.0}};{'d0': 0.024905832919416625};-280.569866449044;35.75330439551141
19653;-104.965852460753;(_a0_ * ((x * pow2((exp(_a4_) * (x + _a7_)))) + x));{'d0': {'_a0_': 1.446576088133077, '_a4_': 0.4238587427489099, '_a7_': 0.3119297077485569, '_a1_': 1.0, '_a2_': 1.0, '_a3_': 1.0, '_a5_': 1.0, '_a6_': 1.0}};{'d0': 0.02490583291941664};-280.569866449044;35.31908076376901
19654;-104.965852460753;(_a0_ * ((x * pow2((exp(_a4_) * (x + _a7_)))) + x));{'d0': {'_a0_': 1.446576088133077, '_a4_': 0.4238587427489099, '_a7_': 0.3119297077485569, '_a1_': 1.0, '_a2_': 1.0, '_a3_': 1.0, '_a5_': 1.0, '_a6_': 1.0}};{'d0': 0.02490583291941664};-280.569866449044;35.31908076376901
19655;-104.965852460753;(_a0_ * ((x * pow2((exp(_a4_) * (x + _a7_)))) + x));{'d0': {'_a0_': 1.446576088133077, '_a4_': 0.4238587427489099, '_a7_': 0.3119297077485569, '_a1_': 1.0, '_a2_': 1.0, '_a3_': 1.0, '_a5_': 1.0, '_a6_': 1.0}};{'d0': 0.02490583291941664};-280.569866449044;35.31908076376901
19656;-104.965852460753;(_a0_ * ((x * pow2((exp(_a4_) * (x + _a7_)))) + x));{'d0': {'_a0_': 1.446576088133077, '_a4_': 0.4238587427489099, '_a7_': 0.3119297077485569, '_a1_': 1.0, '_a2_': 1.0, '_a3_': 1.0, '_a5_': 1.0, '_a6_': 1.0}};{'d0': 0.02490583291941664};-280.569866449044;35.31908076376901
19657;-104.965852460753;(_a0_ * ((x * pow2((exp(_a4_) * (x + _a7_)))) + x));{'d0': {'_a0_': 1.446576088133077, '_a4_': 0.4238587427489099, '_a7_': 0.3119297077485569, '_a1_': 1.0, '_a2_': 1.0, '_a3_': 1.0, '_a5_': 1.0, '_a6_': 1.0}};{'d0': 0.02490583291941664};-280.569866449044;35.31908076376901
19658;-104.965852460753;(_a0_ * ((x * pow2((exp(_a4_) * (x + _a7_)))) + x));{'d0': {'_a0_': 1.446576088133077, '_a4_': 0.4238587427489099, '_a7_': 0.3119297077485569, '_a1_': 1.0, '_a2_': 1.0, '_a3_': 1.0, '_a5_': 1.0, '_a6_': 1.0}};{'d0': 0.02490583291941664};-280.569866449044;35.31908076376901
19659;-104.965852460753;(_a0_ * ((x * pow2((exp(_a4_) * (x + _a7_)))) + x));{'d0': {'_a0_': 1.446576088133077, '_a4_': 0.4238587427489099, '_a7_': 0.3119297077485569, '_a1_': 1.0, '_a2_': 1.0, '_a3_': 1.0, '_a5_': 1.0, '_a6_': 1.0}};{'d0': 0.02490583291941664};-280.569866449044;35.31908076376901
19660;-104.965852460753;(_a0_ * ((x * pow2((exp(_a4_) * (x + _a7_)))) + x));{'d0': {'_a0_': 1.446576088133077, '_a4_': 0.4238587427489099, '_a7_': 0.3119297077485569, '_a1_': 1.0, '_a2_': 1.0, '_a3_': 1.0, '_a5_': 1.0, '_a6_': 1.0}};{'d0': 0.02490583291941664};-280.569866449044;35.31908076376901
19661;-104.965852460753;(_a0_ * ((x * pow2((exp(_a4_) * (x + _a7_)))) + x));{'d0': {'_a0_': 1.446576088133077, '_a4_': 0.4238587427489099, '_a7_': 0.3119297077485569, '_a1_': 1.0, '_a2_': 1.0, '_a3_': 1.0, '_a5_': 1.0, '_a6_': 1.0}};{'d0': 0.02490583291941664};-280.569866449044;35.31908076376901
19662;-104.965852460753;(_a0_ * ((x * pow2((exp(_a4_) * (x + _a7_)))) + x));{'d0': {'_a0_': 1.446576088133077, '_a4_': 0.4238587427489099, '_a7_': 0.3119297077485569, '_a1_': 1.0, '_a2_': 1.0, '_a3_': 1.0, '_a5_': 1.0, '_a6_': 1.0}};{'d0': 0.02490583291941664};-280.569866449044;35.31908076376901
19663;-104.965852460753;(_a0_ * ((x * pow2((exp(_a4_) * (x + _a7_)))) + x));{'d0': {'_a0_': 1.446576088133077, '_a4_': 0.4238587427489099, '_a7_': 0.3119297077485569, '_a1_': 1.0, '_a2_': 1.0, '_a3_': 1.0, '_a5_': 1.0, '_a6_': 1.0}};{'d0': 0.02490583291941664};-280.569866449044;35.31908076376901
19664;-104.965852460753;(_a0_ * ((x * pow2((exp(_a4_) * (x + _a7_)))) + x));{'d0': {'_a0_': 1.446576088133077, '_a4_': 0.4238587427489099, '_a7_': 0.3119297077485569, '_a1_': 1.0, '_a2_': 1.0, '_a3_': 1.0, '_a5_': 1.0, '_a6_': 1.0}};{'d0': 0.02490583291941664};-280.569866449044;35.31908076376901
19665;-104.965852460753;(_a0_ * ((x * pow2((exp(_a4_) * (x + _a7_)))) + x));{'d0': {'_a0_': 1.446576088133077, '_a4_': 0.4238587427489099, '_a7_': 0.3119297077485569, '_a1_': 1.0, '_a2_': 1.0, '_a3_': 1.0, '_a5_': 1.0, '_a6_': 1.0}};{'d0': 0.02490583291941664};-280.569866449044;35.31908076376901
19666;-104.549616141360;(((x * ((x + _a4_) * -(_a3_))) + (_a2_ / _a3_)) * x);{'d0': {'_a2_': -5.994207787561675, '_a3_': -3.3767608785964955, '_a4_': 0.6238594156059268, '_a0_': 1.0, '_a1_': 1.0, '_a5_': 1.0, '_a6_': 1.0, '_a7_': 1.0}};{'d0': 0.024905832919416632};-280.569866449044;35.73531708316181
19667;-104.549616141360;(((x * ((x + _a4_) * -(_a3_))) + (_a2_ / _a3_)) * x);{'d0': {'_a2_': -5.994207787561675, '_a3_': -3.3767608785964955, '_a4_': 0.6238594156059268, '_a0_': 1.0, '_a1_': 1.0, '_a5_': 1.0, '_a6_': 1.0, '_a7_': 1.0}};{'d0': 0.024905832919416632};-280.569866449044;35.73531708316181
19668;-104.549616141360;(((x * ((x + _a4_) * -(_a3_))) + (_a2_ / _a3_)) * x);{'d0': {'_a2_': -5.994207787561675, '_a3_': -3.3767608785964955, '_a4_': 0.6238594156059268, '_a0_': 1.0, '_a1_': 1.0, '_a5_': 1.0, '_a6_': 1.0, '_a7_': 1.0}};{'d0': 0.024905832919416632};-280.569866449044;35.73531708316181
19669;-104.965852460753;(_a0_ * ((x * pow2((exp(_a4_) * (x + _a7_)))) + x));{'d0': {'_a0_': 1.446576088133077, '_a4_': 0.4238587427489099, '_a7_': 0.3119297077485569, '_a1_': 1.0, '_a2_': 1.0, '_a3_': 1.0, '_a5_': 1.0, '_a6_': 1.0}};{'d0': 0.02490583291941664};-280.569866449044;35.31908076376901
19670;-104.965852460753;(_a0_ * ((x * pow2((exp(_a4_) * (x + _a7_)))) + x));{'d0': {'_a0_': 1.446576088133077, '_a4_': 0.4238587427489099, '_a7_': 0.3119297077485569, '_a1_': 1.0, '_a2_': 1.0, '_a3_': 1.0, '_a5_': 1.0, '_a6_': 1.0}};{'d0': 0.02490583291941664};-280.569866449044;35.31908076376901
19671;-104.965852460753;(_a0_ * ((x * pow2((exp(_a4_) * (x + _a7_)))) + x));{'d0': {'_a0_': 1.446576088133077, '_a4_': 0.4238587427489099, '_a7_': 0.3119297077485569, '_a1_': 1.0, '_a2_': 1.0, '_a3_': 1.0, '_a5_': 1.0, '_a6_': 1.0}};{'d0': 0.02490583291941664};-280.569866449044;35.31908076376901
19672;-104.965852460753;(_a0_ * ((x * pow2((exp(_a4_) * (x + _a7_)))) + x));{'d0': {'_a0_': 1.446576088133077, '_a4_': 0.4238587427489099, '_a7_': 0.3119297077485569, '_a1_': 1.0, '_a2_': 1.0, '_a3_': 1.0, '_a5_': 1.0, '_a6_': 1.0}};{'d0': 0.02490583291941664};-280.569866449044;35.31908076376901
19673;-104.965852460753;(_a0_ * ((x * pow2((exp(_a4_) * (x + _a7_)))) + x));{'d0': {'_a0_': 1.446576088133077, '_a4_': 0.4238587427489099, '_a7_': 0.3119297077485569, '_a1_': 1.0, '_a2_': 1.0, '_a3_': 1.0, '_a5_': 1.0, '_a6_': 1.0}};{'d0': 0.02490583291941664};-280.569866449044;35.31908076376901
19674;-104.965852460753;(_a0_ * ((x * pow2((exp(_a4_) * (x + _a7_)))) + x));{'d0': {'_a0_': 1.446576088133077, '_a4_': 0.4238587427489099, '_a7_': 0.3119297077485569, '_a1_': 1.0, '_a2_': 1.0, '_a3_': 1.0, '_a5_': 1.0, '_a6_': 1.0}};{'d0': 0.02490583291941664};-280.569866449044;35.31908076376901
19675;-104.965852460753;(_a0_ * ((x * pow2((exp(_a4_) * (x + _a7_)))) + x));{'d0': {'_a0_': 1.446576088133077, '_a4_': 0.4238587427489099, '_a7_': 0.3119297077485569, '_a1_': 1.0, '_a2_': 1.0, '_a3_': 1.0, '_a5_': 1.0, '_a6_': 1.0}};{'d0': 0.02490583291941664};-280.569866449044;35.31908076376901
19676;-104.965852460753;(_a0_ * ((x * pow2((exp(_a4_) * (x + _a7_)))) + x));{'d0': {'_a0_': 1.446576088133077, '_a4_': 0.4238587427489099, '_a7_': 0.3119297077485569, '_a1_': 1.0, '_a2_': 1.0, '_a3_': 1.0, '_a5_': 1.0, '_a6_': 1.0}};{'d0': 0.02490583291941664};-280.569866449044;35.31908076376901
19677;-104.965852460753;(_a0_ * ((x * pow2((exp(_a4_) * (x + _a7_)))) + x));{'d0': {'_a0_': 1.446576088133077, '_a4_': 0.4238587427489099, '_a7_': 0.3119297077485569, '_a1_': 1.0, '_a2_': 1.0, '_a3_': 1.0, '_a5_': 1.0, '_a6_': 1.0}};{'d0': 0.02490583291941664};-280.569866449044;35.31908076376901
19678;-104.965852460753;(_a0_ * ((x * pow2((exp(_a4_) * (x + _a7_)))) + x));{'d0': {'_a0_': 1.446576088133077, '_a4_': 0.4238587427489099, '_a7_': 0.3119297077485569, '_a1_': 1.0, '_a2_': 1.0, '_a3_': 1.0, '_a5_': 1.0, '_a6_': 1.0}};{'d0': 0.02490583291941664};-280.569866449044;35.31908076376901
19679;-104.965852460753;(_a0_ * ((x * pow2((exp(_a4_) * (x + _a7_)))) + x));{'d0': {'_a0_': 1.446576088133077, '_a4_': 0.4238587427489099, '_a7_': 0.3119297077485569, '_a1_': 1.0, '_a2_': 1.0, '_a3_': 1.0, '_a5_': 1.0, '_a6_': 1.0}};{'d0': 0.02490583291941664};-280.569866449044;35.31908076376901
19680;-104.965852460753;(_a0_ * ((x * pow2((exp(_a4_) * (x + _a7_)))) + x));{'d0': {'_a0_': 1.446576088133077, '_a4_': 0.4238587427489099, '_a7_': 0.3119297077485569, '_a1_': 1.0, '_a2_': 1.0, '_a3_': 1.0, '_a5_': 1.0, '_a6_': 1.0}};{'d0': 0.02490583291941664};-280.569866449044;35.31908076376901
19681;-104.965852460753;(_a0_ * ((x * pow2((exp(_a4_) * (x + _a7_)))) + x));{'d0': {'_a0_': 1.446576088133077, '_a4_': 0.4238587427489099, '_a7_': 0.3119297077485569, '_a1_': 1.0, '_a2_': 1.0, '_a3_': 1.0, '_a5_': 1.0, '_a6_': 1.0}};{'d0': 0.02490583291941664};-280.569866449044;35.31908076376901
19682;-104.965852460753;(_a0_ * ((x * pow2((exp(_a4_) * (x + _a7_)))) + x));{'d0': {'_a0_': 1.446576088133077, '_a4_': 0.4238587427489099, '_a7_': 0.3119297077485569, '_a1_': 1.0, '_a2_': 1.0, '_a3_': 1.0, '_a5_': 1.0, '_a6_': 1.0}};{'d0': 0.02490583291941664};-280.569866449044;35.31908076376901
19683;-104.965852460753;(_a0_ * ((x * pow2((exp(_a4_) * (x + _a7_)))) + x));{'d0': {'_a0_': 1.446576088133077, '_a4_': 0.4238587427489099, '_a7_': 0.3119297077485569, '_a1_': 1.0, '_a2_': 1.0, '_a3_': 1.0, '_a5_': 1.0, '_a6_': 1.0}};{'d0': 0.02490583291941664};-280.569866449044;35.31908076376901
19684;-101.267917988143;(_a0_ * ((x * pow2((exp(pow2(_a4_)) * (x + _a7_)))) + x));{'d0': {'_a0_': 1.446576089636468, '_a4_': 0.6510443469287591, '_a7_': 0.31192970790314367, '_a1_': 1.0, '_a2_': 1.0, '_a3_': 1.0, '_a5_': 1.0, '_a6_': 1.0}};{'d0': 0.024905832919416664};-280.569866449044;39.01701523637901
19685;-101.267917988143;(_a0_ * ((x * pow2((exp(pow2(_a4_)) * (x + _a7_)))) + x));{'d0': {'_a0_': 1.446576089636468, '_a4_': 0.6510443469287591, '_a7_': 0.31192970790314367, '_a1_': 1.0, '_a2_': 1.0, '_a3_': 1.0, '_a5_': 1.0, '_a6_': 1.0}};{'d0': 0.024905832919416664};-280.569866449044;39.01701523637901
19686;-101.267917988143;(_a0_ * ((x * pow2((exp(pow2(_a4_)) * (x + _a7_)))) + x));{'d0': {'_a0_': 1.446576089636468, '_a4_': 0.6510443469287591, '_a7_': 0.31192970790314367, '_a1_': 1.0, '_a2_': 1.0, '_a3_': 1.0, '_a5_': 1.0, '_a6_': 1.0}};{'d0': 0.024905832919416664};-280.569866449044;39.01701523637901
19687;-102.936051650193;(_a0_ * ((x * pow2((pow2(pow2(_a4_)) * (x + _a7_)))) + x));{'d0': {'_a0_': 1.4465760895262416, '_a4_': 1.1117826136762672, '_a7_': 0.3119297078266543, '_a1_': 1.0, '_a2_': 1.0, '_a3_': 1.0, '_a5_': 1.0, '_a6_': 1.0}};{'d0': 0.024905832919416664};-280.569866449044;37.34888157432901
19688;-100.869163903099;(((x * ((x + _a4_) * -(-(_a2_)))) + (_a2_ / _a3_)) * x);{'d0': {'_a2_': 3.3767608791703743, '_a3_': 1.9022553835828877, '_a4_': 0.6238594155767927, '_a0_': 1.0, '_a1_': 1.0, '_a5_': 1.0, '_a6_': 1.0, '_a7_': 1.0}};{'d0': 0.024905832919416646};-280.569866449044;39.41576932142298
19689;-100.869163903099;(((x * ((x + _a4_) * -(-(_a2_)))) + (_a2_ / _a3_)) * x);{'d0': {'_a2_': 3.3767608791703743, '_a3_': 1.9022553835828877, '_a4_': 0.6238594155767927, '_a0_': 1.0, '_a1_': 1.0, '_a5_': 1.0, '_a6_': 1.0, '_a7_': 1.0}};{'d0': 0.024905832919416646};-280.569866449044;39.41576932142298
19690;-102.936051650193;(_a0_ * ((x * pow2((pow2(pow2(_a4_)) * (x + _a7_)))) + x));{'d0': {'_a0_': 1.4465760895262416, '_a4_': 1.1117826136762672, '_a7_': 0.3119297078266543, '_a1_': 1.0, '_a2_': 1.0, '_a3_': 1.0, '_a5_': 1.0, '_a6_': 1.0}};{'d0': 0.024905832919416664};-280.569866449044;37.34888157432901
19691;-102.936051650193;(_a0_ * ((x * pow2((pow2(pow2(_a4_)) * (x + _a7_)))) + x));{'d0': {'_a0_': 1.4465760895262416, '_a4_': 1.1117826136762672, '_a7_': 0.3119297078266543, '_a1_': 1.0, '_a2_': 1.0, '_a3_': 1.0, '_a5_': 1.0, '_a6_': 1.0}};{'d0': 0.024905832919416664};-280.569866449044;37.34888157432901
19692;-102.936051650193;(_a0_ * ((x * pow2((pow2(pow2(_a4_)) * (x + _a7_)))) + x));{'d0': {'_a0_': 1.4465760895262416, '_a4_': 1.1117826136762672, '_a7_': 0.3119297078266543, '_a1_': 1.0, '_a2_': 1.0, '_a3_': 1.0, '_a5_': 1.0, '_a6_': 1.0}};{'d0': 0.024905832919416664};-280.569866449044;37.34888157432901
19693;-102.936051650193;(_a0_ * ((x * pow2((pow2(pow2(_a4_)) * (x + _a7_)))) + x));{'d0': {'_a0_': 1.4465760895262416, '_a4_': 1.1117826136762672, '_a7_': 0.3119297078266543, '_a1_': 1.0, '_a2_': 1.0, '_a3_': 1.0, '_a5_': 1.0, '_a6_': 1.0}};{'d0': 0.024905832919416664};-280.569866449044;37.34888157432901
19694;-100.869163903099;(((x * ((x + _a4_) * -(-(_a2_)))) + (_a2_ / _a3_)) * x);{'d0': {'_a2_': 3.3767608791703743, '_a3_': 1.9022553835828877, '_a4_': 0.6238594155767927, '_a0_': 1.0, '_a1_': 1.0, '_a5_': 1.0, '_a6_': 1.0, '_a7_': 1.0}};{'d0': 0.024905832919416646};-280.569866449044;39.41576932142298
19695;-100.869163903099;(((x * ((x + _a4_) * -(-(_a2_)))) + (_a2_ / _a3_)) * x);{'d0': {'_a2_': 3.3767608791703743, '_a3_': 1.9022553835828877, '_a4_': 0.6238594155767927, '_a0_': 1.0, '_a1_': 1.0, '_a5_': 1.0, '_a6_': 1.0, '_a7_': 1.0}};{'d0': 0.024905832919416646};-280.569866449044;39.41576932142298
19696;-100.869163903099;(((x * ((x + _a4_) * -(-(_a2_)))) + (_a2_ / _a3_)) * x);{'d0': {'_a2_': 3.3767608791703743, '_a3_': 1.9022553835828877, '_a4_': 0.6238594155767927, '_a0_': 1.0, '_a1_': 1.0, '_a5_': 1.0, '_a6_': 1.0, '_a7_': 1.0}};{'d0': 0.024905832919416646};-280.569866449044;39.41576932142298
19697;-100.869163903099;(((x * ((x + _a4_) * -(-(_a2_)))) + (_a2_ / _a3_)) * x);{'d0': {'_a2_': 3.3767608791703743, '_a3_': 1.9022553835828877, '_a4_': 0.6238594155767927, '_a0_': 1.0, '_a1_': 1.0, '_a5_': 1.0, '_a6_': 1.0, '_a7_': 1.0}};{'d0': 0.024905832919416646};-280.569866449044;39.41576932142298
19698;-100.869163903099;(((x * ((x + _a4_) * -(-(_a2_)))) + (_a2_ / _a3_)) * x);{'d0': {'_a2_': 3.3767608791703743, '_a3_': 1.9022553835828877, '_a4_': 0.6238594155767927, '_a0_': 1.0, '_a1_': 1.0, '_a5_': 1.0, '_a6_': 1.0, '_a7_': 1.0}};{'d0': 0.024905832919416646};-280.569866449044;39.41576932142298
19699;-100.869163903099;(((x * ((x + _a4_) * -(-(_a2_)))) + (_a2_ / _a3_)) * x);{'d0': {'_a2_': 3.3767608791703743, '_a3_': 1.9022553835828877, '_a4_': 0.6238594155767927, '_a0_': 1.0, '_a1_': 1.0, '_a5_': 1.0, '_a6_': 1.0, '_a7_': 1.0}};{'d0': 0.024905832919416646};-280.569866449044;39.41576932142298
19700;-100.869163903099;(((x * ((x + _a4_) * -(-(_a2_)))) + (_a2_ / _a3_)) * x);{'d0': {'_a2_': 3.3767608791703743, '_a3_': 1.9022553835828877, '_a4_': 0.6238594155767927, '_a0_': 1.0, '_a1_': 1.0, '_a5_': 1.0, '_a6_': 1.0, '_a7_': 1.0}};{'d0': 0.024905832919416646};-280.569866449044;39.41576932142298
19701;-100.869163903099;(((x * ((x + _a4_) * -(-(_a2_)))) + (_a2_ / _a3_)) * x);{'d0': {'_a2_': 3.3767608791703743, '_a3_': 1.9022553835828877, '_a4_': 0.6238594155767927, '_a0_': 1.0, '_a1_': 1.0, '_a5_': 1.0, '_a6_': 1.0, '_a7_': 1.0}};{'d0': 0.024905832919416646};-280.569866449044;39.41576932142298
19702;-100.869163903099;(((x * ((x + _a4_) * -(-(_a2_)))) + (_a2_ / _a3_)) * x);{'d0': {'_a2_': 3.3767608791703743, '_a3_': 1.9022553835828877, '_a4_': 0.6238594155767927, '_a0_': 1.0, '_a1_': 1.0, '_a5_': 1.0, '_a6_': 1.0, '_a7_': 1.0}};{'d0': 0.024905832919416646};-280.569866449044;39.41576932142298
19703;-100.869163903099;(((x * ((x + _a4_) * -(-(_a2_)))) + (_a2_ / _a3_)) * x);{'d0': {'_a2_': 3.3767608791703743, '_a3_': 1.9022553835828877, '_a4_': 0.6238594155767927, '_a0_': 1.0, '_a1_': 1.0, '_a5_': 1.0, '_a6_': 1.0, '_a7_': 1.0}};{'d0': 0.024905832919416646};-280.569866449044;39.41576932142298
19704;-100.869163903099;(((x * ((x + _a4_) * -(-(_a2_)))) + (_a2_ / _a3_)) * x);{'d0': {'_a2_': 3.3767608791703743, '_a3_': 1.9022553835828877, '_a4_': 0.6238594155767927, '_a0_': 1.0, '_a1_': 1.0, '_a5_': 1.0, '_a6_': 1.0, '_a7_': 1.0}};{'d0': 0.024905832919416646};-280.569866449044;39.41576932142298
19705;-100.869163903099;(((x * ((x + _a4_) * -(-(_a2_)))) + (_a2_ / _a3_)) * x);{'d0': {'_a2_': 3.3767608791703743, '_a3_': 1.9022553835828877, '_a4_': 0.6238594155767927, '_a0_': 1.0, '_a1_': 1.0, '_a5_': 1.0, '_a6_': 1.0, '_a7_': 1.0}};{'d0': 0.024905832919416646};-280.569866449044;39.41576932142298
19706;-100.869163903099;(((x * ((x + _a4_) * -(-(_a2_)))) + (_a2_ / _a3_)) * x);{'d0': {'_a2_': 3.3767608791703743, '_a3_': 1.9022553835828877, '_a4_': 0.6238594155767927, '_a0_': 1.0, '_a1_': 1.0, '_a5_': 1.0, '_a6_': 1.0, '_a7_': 1.0}};{'d0': 0.024905832919416646};-280.569866449044;39.41576932142298
19707;-100.869163903099;(((x * ((x + _a4_) * -(-(_a2_)))) + (_a2_ / _a3_)) * x);{'d0': {'_a2_': 3.3767608791703743, '_a3_': 1.9022553835828877, '_a4_': 0.6238594155767927, '_a0_': 1.0, '_a1_': 1.0, '_a5_': 1.0, '_a6_': 1.0, '_a7_': 1.0}};{'d0': 0.024905832919416646};-280.569866449044;39.41576932142298
19708;-100.869163903099;(((x * ((x + _a4_) * -(-(_a2_)))) + (_a2_ / _a3_)) * x);{'d0': {'_a2_': 3.3767608791703743, '_a3_': 1.9022553835828877, '_a4_': 0.6238594155767927, '_a0_': 1.0, '_a1_': 1.0, '_a5_': 1.0, '_a6_': 1.0, '_a7_': 1.0}};{'d0': 0.024905832919416646};-280.569866449044;39.41576932142298
19709;-100.869163903099;(((x * ((x + _a4_) * -(-(_a2_)))) + (_a2_ / _a3_)) * x);{'d0': {'_a2_': 3.3767608791703743, '_a3_': 1.9022553835828877, '_a4_': 0.6238594155767927, '_a0_': 1.0, '_a1_': 1.0, '_a5_': 1.0, '_a6_': 1.0, '_a7_': 1.0}};{'d0': 0.024905832919416646};-280.569866449044;39.41576932142298
19710;-100.869163903099;(((x * ((x + _a4_) * -(-(_a2_)))) + (_a2_ / _a3_)) * x);{'d0': {'_a2_': 3.3767608791703743, '_a3_': 1.9022553835828877, '_a4_': 0.6238594155767927, '_a0_': 1.0, '_a1_': 1.0, '_a5_': 1.0, '_a6_': 1.0, '_a7_': 1.0}};{'d0': 0.024905832919416646};-280.569866449044;39.41576932142298
19711;-100.869163903099;(((x * ((x + _a4_) * -(-(_a2_)))) + (_a2_ / _a3_)) * x);{'d0': {'_a2_': 3.3767608791703743, '_a3_': 1.9022553835828877, '_a4_': 0.6238594155767927, '_a0_': 1.0, '_a1_': 1.0, '_a5_': 1.0, '_a6_': 1.0, '_a7_': 1.0}};{'d0': 0.024905832919416646};-280.569866449044;39.41576932142298
19712;-94.2056155569991;(((x * ((x + _a4_) * -(-(_a2_)))) + (_a2_ / (_a6_ ** _a2_))) * x);{'d0': {'_a2_': 3.3767608780937963, '_a4_': 0.6238594156816135, '_a6_': 1.209770995037891, '_a0_': 1.0, '_a1_': 1.0, '_a3_': 1.0, '_a5_': 1.0, '_a7_': 1.0}};{'d0': 0.02490583291941663};-280.569866449044;46.07931766752298
19713;-94.2056155569991;(((x * ((x + _a4_) * -(-(_a2_)))) + (_a2_ / (_a6_ ** _a2_))) * x);{'d0': {'_a2_': 3.3767608780937963, '_a4_': 0.6238594156816135, '_a6_': 1.209770995037891, '_a0_': 1.0, '_a1_': 1.0, '_a3_': 1.0, '_a5_': 1.0, '_a7_': 1.0}};{'d0': 0.02490583291941663};-280.569866449044;46.07931766752298
19714;-94.2056155569991;(((x * ((x + _a4_) * -(-(_a2_)))) + (_a2_ / (_a6_ ** _a2_))) * x);{'d0': {'_a2_': 3.3767608780937963, '_a4_': 0.6238594156816135, '_a6_': 1.209770995037891, '_a0_': 1.0, '_a1_': 1.0, '_a3_': 1.0, '_a5_': 1.0, '_a7_': 1.0}};{'d0': 0.02490583291941663};-280.569866449044;46.07931766752298
19715;-94.2056155569991;(((x * ((x + _a4_) * -(-(_a2_)))) + (_a2_ / (_a6_ ** _a2_))) * x);{'d0': {'_a2_': 3.3767608780937963, '_a4_': 0.6238594156816135, '_a6_': 1.209770995037891, '_a0_': 1.0, '_a1_': 1.0, '_a3_': 1.0, '_a5_': 1.0, '_a7_': 1.0}};{'d0': 0.02490583291941663};-280.569866449044;46.07931766752298
19716;-94.2056155569991;(((x * ((x + _a4_) * -(-(_a2_)))) + (_a2_ / (_a6_ ** _a2_))) * x);{'d0': {'_a2_': 3.3767608780937963, '_a4_': 0.6238594156816135, '_a6_': 1.209770995037891, '_a0_': 1.0, '_a1_': 1.0, '_a3_': 1.0, '_a5_': 1.0, '_a7_': 1.0}};{'d0': 0.02490583291941663};-280.569866449044;46.07931766752298
19717;-94.2056155569991;(((x * ((x + _a4_) * -(-(_a2_)))) + (_a2_ / (_a6_ ** _a2_))) * x);{'d0': {'_a2_': 3.3767608780937963, '_a4_': 0.6238594156816135, '_a6_': 1.209770995037891, '_a0_': 1.0, '_a1_': 1.0, '_a3_': 1.0, '_a5_': 1.0, '_a7_': 1.0}};{'d0': 0.02490583291941663};-280.569866449044;46.07931766752298
19718;-94.2056155569991;(((x * ((x + _a4_) * -(-(_a2_)))) + (_a2_ / (_a6_ ** _a2_))) * x);{'d0': {'_a2_': 3.3767608780937963, '_a4_': 0.6238594156816135, '_a6_': 1.209770995037891, '_a0_': 1.0, '_a1_': 1.0, '_a3_': 1.0, '_a5_': 1.0, '_a7_': 1.0}};{'d0': 0.02490583291941663};-280.569866449044;46.07931766752298
19719;-94.2056155569991;(((x * ((x + _a4_) * -(-(_a2_)))) + (_a2_ / (_a6_ ** _a2_))) * x);{'d0': {'_a2_': 3.3767608780937963, '_a4_': 0.6238594156816135, '_a6_': 1.209770995037891, '_a0_': 1.0, '_a1_': 1.0, '_a3_': 1.0, '_a5_': 1.0, '_a7_': 1.0}};{'d0': 0.02490583291941663};-280.569866449044;46.07931766752298
19720;-94.2056155569991;(((x * ((x + _a4_) * -(-(_a2_)))) + (_a2_ / (_a6_ ** _a2_))) * x);{'d0': {'_a2_': 3.3767608780937963, '_a4_': 0.6238594156816135, '_a6_': 1.209770995037891, '_a0_': 1.0, '_a1_': 1.0, '_a3_': 1.0, '_a5_': 1.0, '_a7_': 1.0}};{'d0': 0.02490583291941663};-280.569866449044;46.07931766752298
19721;-94.2056155569991;(((x * ((x + _a4_) * -(-(_a2_)))) + (_a2_ / (_a6_ ** _a2_))) * x);{'d0': {'_a2_': 3.3767608780937963, '_a4_': 0.6238594156816135, '_a6_': 1.209770995037891, '_a0_': 1.0, '_a1_': 1.0, '_a3_': 1.0, '_a5_': 1.0, '_a7_': 1.0}};{'d0': 0.02490583291941663};-280.569866449044;46.07931766752298
19722;-94.2056155569991;(((x * ((x + _a4_) * -(-(_a2_)))) + (_a2_ / (_a6_ ** _a2_))) * x);{'d0': {'_a2_': 3.3767608780937963, '_a4_': 0.6238594156816135, '_a6_': 1.209770995037891, '_a0_': 1.0, '_a1_': 1.0, '_a3_': 1.0, '_a5_': 1.0, '_a7_': 1.0}};{'d0': 0.02490583291941663};-280.569866449044;46.07931766752298
19723;-94.2056155569991;(((x * ((x + _a4_) * -(-(_a2_)))) + (_a2_ / (_a6_ ** _a2_))) * x);{'d0': {'_a2_': 3.3767608780937963, '_a4_': 0.6238594156816135, '_a6_': 1.209770995037891, '_a0_': 1.0, '_a1_': 1.0, '_a3_': 1.0, '_a5_': 1.0, '_a7_': 1.0}};{'d0': 0.02490583291941663};-280.569866449044;46.07931766752298
19724;-94.2056155569991;(((x * ((x + _a4_) * -(-(_a2_)))) + (_a2_ / (_a6_ ** _a2_))) * x);{'d0': {'_a2_': 3.3767608780937963, '_a4_': 0.6238594156816135, '_a6_': 1.209770995037891, '_a0_': 1.0, '_a1_': 1.0, '_a3_': 1.0, '_a5_': 1.0, '_a7_': 1.0}};{'d0': 0.02490583291941663};-280.569866449044;46.07931766752298
19725;-94.2056155569991;(((x * ((x + _a4_) * -(-(_a2_)))) + (_a2_ / (_a6_ ** _a2_))) * x);{'d0': {'_a2_': 3.3767608780937963, '_a4_': 0.6238594156816135, '_a6_': 1.209770995037891, '_a0_': 1.0, '_a1_': 1.0, '_a3_': 1.0, '_a5_': 1.0, '_a7_': 1.0}};{'d0': 0.02490583291941663};-280.569866449044;46.07931766752298
19726;-94.2056155569991;(((x * ((x + _a4_) * -(-(_a2_)))) + (_a2_ / (_a6_ ** _a2_))) * x);{'d0': {'_a2_': 3.3767608780937963, '_a4_': 0.6238594156816135, '_a6_': 1.209770995037891, '_a0_': 1.0, '_a1_': 1.0, '_a3_': 1.0, '_a5_': 1.0, '_a7_': 1.0}};{'d0': 0.02490583291941663};-280.569866449044;46.07931766752298
19727;-98.1382168817569;((((_a4_ + ((((_a4_ + x) + x) * _a5_) * x)) * _a0_) * _a4_) * x);{'d0': {'_a0_': 1.140244605627726, '_a4_': 1.2477188313234528, '_a5_': 1.1867399324061336, '_a1_': 1.0, '_a2_': 1.0, '_a3_': 1.0, '_a6_': 1.0, '_a7_': 1.0}};{'d0': 0.02490583291941663};-280.569866449044;42.14671634276503
19728;-98.1382168817569;((((_a4_ + ((((_a4_ + x) + x) * _a5_) * x)) * _a0_) * _a4_) * x);{'d0': {'_a0_': 1.140244605627726, '_a4_': 1.2477188313234528, '_a5_': 1.1867399324061336, '_a1_': 1.0, '_a2_': 1.0, '_a3_': 1.0, '_a6_': 1.0, '_a7_': 1.0}};{'d0': 0.02490583291941663};-280.569866449044;42.14671634276503
19729;-98.1382168817569;((((_a4_ + ((((_a4_ + x) + x) * _a5_) * x)) * _a0_) * _a4_) * x);{'d0': {'_a0_': 1.140244605627726, '_a4_': 1.2477188313234528, '_a5_': 1.1867399324061336, '_a1_': 1.0, '_a2_': 1.0, '_a3_': 1.0, '_a6_': 1.0, '_a7_': 1.0}};{'d0': 0.02490583291941663};-280.569866449044;42.14671634276503
19730;-98.1382168817569;((((_a4_ + ((((_a4_ + x) + x) * _a5_) * x)) * _a0_) * _a4_) * x);{'d0': {'_a0_': 1.140244605627726, '_a4_': 1.2477188313234528, '_a5_': 1.1867399324061336, '_a1_': 1.0, '_a2_': 1.0, '_a3_': 1.0, '_a6_': 1.0, '_a7_': 1.0}};{'d0': 0.02490583291941663};-280.569866449044;42.14671634276503
19731;-90.9969901023460;(((((_a1_ * _a0_) + ((((_a4_ + x) + x) * _a5_) * x)) * _a0_) * _a4_) * x);{'d0': {'_a0_': 1.2896699363189594, '_a1_': 0.8553770252015619, '_a4_': 1.2477188309768328, '_a5_': 1.0492403862086632, '_a2_': 1.0, '_a3_': 1.0, '_a6_': 1.0, '_a7_': 1.0}};{'d0': 0.02490583291958174};-276.475521886424;47.240770840866034
19732;-94.2056155569991;(((x * ((x + _a4_) * -(-(_a2_)))) + (_a2_ / (_a6_ ** _a2_))) * x);{'d0': {'_a2_': 3.3767608780937963, '_a4_': 0.6238594156816135, '_a6_': 1.209770995037891, '_a0_': 1.0, '_a1_': 1.0, '_a3_': 1.0, '_a5_': 1.0, '_a7_': 1.0}};{'d0': 0.02490583291941663};-280.569866449044;46.07931766752298
19733;-96.9175911467911;(((((_a1_ * _a0_) + (((_a1_ + x) * _a5_) * x)) * _a0_) * _a4_) * x);{'d0': {'_a0_': 1.2463730502098744, '_a1_': 0.623859415602676, '_a4_': 1.8316755984757276, '_a5_': 1.4791206693924404, '_a2_': 1.0, '_a3_': 1.0, '_a6_': 1.0, '_a7_': 1.0}};{'d0': 0.02490583292338807};-276.475521877254;41.32016979183604
19734;-96.9175911467911;(((((_a1_ * _a0_) + (((_a1_ + x) * _a5_) * x)) * _a0_) * _a4_) * x);{'d0': {'_a0_': 1.2463730502098744, '_a1_': 0.623859415602676, '_a4_': 1.8316755984757276, '_a5_': 1.4791206693924404, '_a2_': 1.0, '_a3_': 1.0, '_a6_': 1.0, '_a7_': 1.0}};{'d0': 0.02490583292338807};-276.475521877254;41.32016979183604
19735;-96.9175911467911;(((((_a1_ * _a0_) + (((_a1_ + x) * _a5_) * x)) * _a0_) * _a4_) * x);{'d0': {'_a0_': 1.2463730502098744, '_a1_': 0.623859415602676, '_a4_': 1.8316755984757276, '_a5_': 1.4791206693924404, '_a2_': 1.0, '_a3_': 1.0, '_a6_': 1.0, '_a7_': 1.0}};{'d0': 0.02490583292338807};-276.475521877254;41.32016979183604
19736;-96.9175911467911;(((((_a1_ * _a0_) + (((_a1_ + x) * _a5_) * x)) * _a0_) * _a4_) * x);{'d0': {'_a0_': 1.2463730502098744, '_a1_': 0.623859415602676, '_a4_': 1.8316755984757276, '_a5_': 1.4791206693924404, '_a2_': 1.0, '_a3_': 1.0, '_a6_': 1.0, '_a7_': 1.0}};{'d0': 0.02490583292338807};-276.475521877254;41.32016979183604
19737;-96.9175911467911;(((((_a1_ * _a0_) + (((_a1_ + x) * _a5_) * x)) * _a0_) * _a4_) * x);{'d0': {'_a0_': 1.2463730502098744, '_a1_': 0.623859415602676, '_a4_': 1.8316755984757276, '_a5_': 1.4791206693924404, '_a2_': 1.0, '_a3_': 1.0, '_a6_': 1.0, '_a7_': 1.0}};{'d0': 0.02490583292338807};-276.475521877254;41.32016979183604
19738;-96.9175911467911;(((((_a1_ * _a0_) + (((_a1_ + x) * _a5_) * x)) * _a0_) * _a4_) * x);{'d0': {'_a0_': 1.2463730502098744, '_a1_': 0.623859415602676, '_a4_': 1.8316755984757276, '_a5_': 1.4791206693924404, '_a2_': 1.0, '_a3_': 1.0, '_a6_': 1.0, '_a7_': 1.0}};{'d0': 0.02490583292338807};-276.475521877254;41.32016979183604
19739;-96.9175911467911;(((((_a1_ * _a0_) + (((_a1_ + x) * _a5_) * x)) * _a0_) * _a4_) * x);{'d0': {'_a0_': 1.2463730502098744, '_a1_': 0.623859415602676, '_a4_': 1.8316755984757276, '_a5_': 1.4791206693924404, '_a2_': 1.0, '_a3_': 1.0, '_a6_': 1.0, '_a7_': 1.0}};{'d0': 0.02490583292338807};-276.475521877254;41.32016979183604
19740;-96.9175911467911;(((((_a1_ * _a0_) + (((_a1_ + x) * _a5_) * x)) * _a0_) * _a4_) * x);{'d0': {'_a0_': 1.2463730502098744, '_a1_': 0.623859415602676, '_a4_': 1.8316755984757276, '_a5_': 1.4791206693924404, '_a2_': 1.0, '_a3_': 1.0, '_a6_': 1.0, '_a7_': 1.0}};{'d0': 0.02490583292338807};-276.475521877254;41.32016979183604
19741;-96.9175911504474;(((((_a1_ * _a4_) + (((_a1_ + x) * _a5_) * x)) * _a0_) * _a4_) * x);{'d0': {'_a0_': 1.1826751052279805, '_a1_': 0.6238594155291972, '_a4_': 1.5510993860730884, '_a5_': 1.8407515788765736, '_a2_': 1.0, '_a3_': 1.0, '_a6_': 1.0, '_a7_': 1.0}};{'d0': 0.024905832920352644};-276.475521884567;41.32016979183604
19742;-96.9175911504474;(((((_a1_ * _a4_) + (((_a1_ + x) * _a5_) * x)) * _a0_) * _a4_) * x);{'d0': {'_a0_': 1.1826751052279805, '_a1_': 0.6238594155291972, '_a4_': 1.5510993860730884, '_a5_': 1.8407515788765736, '_a2_': 1.0, '_a3_': 1.0, '_a6_': 1.0, '_a7_': 1.0}};{'d0': 0.024905832920352644};-276.475521884567;41.32016979183604
19743;-96.9175911504474;(((((_a1_ * _a4_) + (((_a1_ + x) * _a5_) * x)) * _a0_) * _a4_) * x);{'d0': {'_a0_': 1.1826751052279805, '_a1_': 0.6238594155291972, '_a4_': 1.5510993860730884, '_a5_': 1.8407515788765736, '_a2_': 1.0, '_a3_': 1.0, '_a6_': 1.0, '_a7_': 1.0}};{'d0': 0.024905832920352644};-276.475521884567;41.32016979183604
19744;-96.9175911504474;(((((_a1_ * _a4_) + (((_a1_ + x) * _a5_) * x)) * _a0_) * _a4_) * x);{'d0': {'_a0_': 1.1826751052279805, '_a1_': 0.6238594155291972, '_a4_': 1.5510993860730884, '_a5_': 1.8407515788765736, '_a2_': 1.0, '_a3_': 1.0, '_a6_': 1.0, '_a7_': 1.0}};{'d0': 0.024905832920352644};-276.475521884567;41.32016979183604
19745;-96.9175911504474;(((((_a1_ * _a4_) + (((_a1_ + x) * _a5_) * x)) * _a0_) * _a4_) * x);{'d0': {'_a0_': 1.1826751052279805, '_a1_': 0.6238594155291972, '_a4_': 1.5510993860730884, '_a5_': 1.8407515788765736, '_a2_': 1.0, '_a3_': 1.0, '_a6_': 1.0, '_a7_': 1.0}};{'d0': 0.024905832920352644};-276.475521884567;41.32016979183604
19746;-96.9175911504474;(((((_a1_ * _a4_) + (((_a1_ + x) * _a5_) * x)) * _a0_) * _a4_) * x);{'d0': {'_a0_': 1.1826751052279805, '_a1_': 0.6238594155291972, '_a4_': 1.5510993860730884, '_a5_': 1.8407515788765736, '_a2_': 1.0, '_a3_': 1.0, '_a6_': 1.0, '_a7_': 1.0}};{'d0': 0.024905832920352644};-276.475521884567;41.32016979183604
19747;-96.2113538831269;(((((_a1_ * _a4_) + (((_a1_ + x) * _a5_) * x)) / _a0_) * _a4_) * x);{'d0': {'_a0_': 0.7526580572342653, '_a1_': 0.6238594155430278, '_a4_': 1.4634276002689088, '_a5_': 1.7367079698769872, '_a2_': 1.0, '_a3_': 1.0, '_a6_': 1.0, '_a7_': 1.0}};{'d0': 0.024905832919538334};-276.475521886528;42.02640706013744
19748;-96.2113538831269;(((((_a1_ * _a4_) + (((_a1_ + x) * _a5_) * x)) / _a0_) * _a4_) * x);{'d0': {'_a0_': 0.7526580572342653, '_a1_': 0.6238594155430278, '_a4_': 1.4634276002689088, '_a5_': 1.7367079698769872, '_a2_': 1.0, '_a3_': 1.0, '_a6_': 1.0, '_a7_': 1.0}};{'d0': 0.024905832919538334};-276.475521886528;42.02640706013744
19749;-96.2113538831269;(((((_a1_ * _a4_) + (((_a1_ + x) * _a5_) * x)) / _a0_) * _a4_) * x);{'d0': {'_a0_': 0.7526580572342653, '_a1_': 0.6238594155430278, '_a4_': 1.4634276002689088, '_a5_': 1.7367079698769872, '_a2_': 1.0, '_a3_': 1.0, '_a6_': 1.0, '_a7_': 1.0}};{'d0': 0.024905832919538334};-276.475521886528;42.02640706013744
19750;-96.2113538831269;(((((_a1_ * _a4_) + (((_a1_ + x) * _a5_) * x)) / _a0_) * _a4_) * x);{'d0': {'_a0_': 0.7526580572342653, '_a1_': 0.6238594155430278, '_a4_': 1.4634276002689088, '_a5_': 1.7367079698769872, '_a2_': 1.0, '_a3_': 1.0, '_a6_': 1.0, '_a7_': 1.0}};{'d0': 0.024905832919538334};-276.475521886528;42.02640706013744
19751;-96.2113538831269;(((((_a1_ * _a4_) + (((_a1_ + x) * _a5_) * x)) / _a0_) * _a4_) * x);{'d0': {'_a0_': 0.7526580572342653, '_a1_': 0.6238594155430278, '_a4_': 1.4634276002689088, '_a5_': 1.7367079698769872, '_a2_': 1.0, '_a3_': 1.0, '_a6_': 1.0, '_a7_': 1.0}};{'d0': 0.024905832919538334};-276.475521886528;42.02640706013744
19752;-96.2113538831269;(((((_a1_ * _a4_) + (((_a1_ + x) * _a5_) * x)) / _a0_) * _a4_) * x);{'d0': {'_a0_': 0.7526580572342653, '_a1_': 0.6238594155430278, '_a4_': 1.4634276002689088, '_a5_': 1.7367079698769872, '_a2_': 1.0, '_a3_': 1.0, '_a6_': 1.0, '_a7_': 1.0}};{'d0': 0.024905832919538334};-276.475521886528;42.02640706013744
19753;-96.2113538831269;(((((_a1_ * _a4_) + (((_a1_ + x) * _a5_) * x)) / _a0_) * _a4_) * x);{'d0': {'_a0_': 0.7526580572342653, '_a1_': 0.6238594155430278, '_a4_': 1.4634276002689088, '_a5_': 1.7367079698769872, '_a2_': 1.0, '_a3_': 1.0, '_a6_': 1.0, '_a7_': 1.0}};{'d0': 0.024905832919538334};-276.475521886528;42.02640706013744
19754;-96.2113538831269;(((((_a1_ * _a4_) + (((_a1_ + x) * _a5_) * x)) / _a0_) * _a4_) * x);{'d0': {'_a0_': 0.7526580572342653, '_a1_': 0.6238594155430278, '_a4_': 1.4634276002689088, '_a5_': 1.7367079698769872, '_a2_': 1.0, '_a3_': 1.0, '_a6_': 1.0, '_a7_': 1.0}};{'d0': 0.024905832919538334};-276.475521886528;42.02640706013744
19755;-96.2113538831269;(((((_a1_ * _a4_) + (((_a1_ + x) * _a5_) * x)) / _a0_) * _a4_) * x);{'d0': {'_a0_': 0.7526580572342653, '_a1_': 0.6238594155430278, '_a4_': 1.4634276002689088, '_a5_': 1.7367079698769872, '_a2_': 1.0, '_a3_': 1.0, '_a6_': 1.0, '_a7_': 1.0}};{'d0': 0.024905832919538334};-276.475521886528;42.02640706013744
19756;-94.2056155569991;(((x * ((x + _a4_) * -(-(_a2_)))) + (_a2_ / (_a6_ ** _a4_))) * x);{'d0': {'_a2_': 3.3767608818412973, '_a4_': 0.623859415310501, '_a6_': 2.8031545501293182, '_a0_': 1.0, '_a1_': 1.0, '_a3_': 1.0, '_a5_': 1.0, '_a7_': 1.0}};{'d0': 0.024905832919416646};-280.569866449044;46.07931766752298
19757;-94.2056155569991;(((x * ((x + _a4_) * -(-(_a2_)))) + (_a2_ / (_a6_ ** _a4_))) * x);{'d0': {'_a2_': 3.3767608818412973, '_a4_': 0.623859415310501, '_a6_': 2.8031545501293182, '_a0_': 1.0, '_a1_': 1.0, '_a3_': 1.0, '_a5_': 1.0, '_a7_': 1.0}};{'d0': 0.024905832919416646};-280.569866449044;46.07931766752298
19758;-94.2056155569991;(((x * ((x + _a4_) * -(-(_a2_)))) + (_a2_ / (_a6_ ** _a4_))) * x);{'d0': {'_a2_': 3.3767608818412973, '_a4_': 0.623859415310501, '_a6_': 2.8031545501293182, '_a0_': 1.0, '_a1_': 1.0, '_a3_': 1.0, '_a5_': 1.0, '_a7_': 1.0}};{'d0': 0.024905832919416646};-280.569866449044;46.07931766752298
19759;-97.1712294304891;(((x * ((x + _a4_) * -(-(_a2_)))) + (_a2_ / pow2(_a3_))) * x);{'d0': {'_a2_': 3.3767608792850368, '_a3_': 1.3792227462634359, '_a4_': 0.6238594155165007, '_a0_': 1.0, '_a1_': 1.0, '_a5_': 1.0, '_a6_': 1.0, '_a7_': 1.0}};{'d0': 0.02490583291941661};-280.569866449044;43.11370379403298
19760;-97.1712294304891;(((x * ((x + _a4_) * -(-(_a2_)))) + (_a2_ / pow2(_a3_))) * x);{'d0': {'_a2_': 3.3767608792850368, '_a3_': 1.3792227462634359, '_a4_': 0.6238594155165007, '_a0_': 1.0, '_a1_': 1.0, '_a5_': 1.0, '_a6_': 1.0, '_a7_': 1.0}};{'d0': 0.02490583291941661};-280.569866449044;43.11370379403298
19761;-97.1712294304891;(((x * ((x + _a4_) * -(-(_a2_)))) + (_a2_ / pow2(_a3_))) * x);{'d0': {'_a2_': 3.3767608792850368, '_a3_': 1.3792227462634359, '_a4_': 0.6238594155165007, '_a0_': 1.0, '_a1_': 1.0, '_a5_': 1.0, '_a6_': 1.0, '_a7_': 1.0}};{'d0': 0.02490583291941661};-280.569866449044;43.11370379403298
19762;-97.1712294304891;(((x * ((x + _a4_) * -(-(_a2_)))) + (_a2_ / pow2(_a3_))) * x);{'d0': {'_a2_': 3.3767608792850368, '_a3_': 1.3792227462634359, '_a4_': 0.6238594155165007, '_a0_': 1.0, '_a1_': 1.0, '_a5_': 1.0, '_a6_': 1.0, '_a7_': 1.0}};{'d0': 0.02490583291941661};-280.569866449044;43.11370379403298
19763;-97.1712294304891;(((x * ((x + _a4_) * -(-(_a2_)))) + (_a2_ / pow2(_a3_))) * x);{'d0': {'_a2_': 3.3767608792850368, '_a3_': 1.3792227462634359, '_a4_': 0.6238594155165007, '_a0_': 1.0, '_a1_': 1.0, '_a5_': 1.0, '_a6_': 1.0, '_a7_': 1.0}};{'d0': 0.02490583291941661};-280.569866449044;43.11370379403298
19764;-91.1172993851724;((((((_a0_ * _a6_) * _a4_) + (((_a4_ + x) * _a5_) * x)) / _a0_) * _a4_) * x);{'d0': {'_a0_': 6900.473023775522, '_a4_': 0.623859415862985, '_a5_': 37350.1573966174, '_a6_': 4.560978420550496, '_a1_': 1.0, '_a2_': 1.0, '_a3_': 1.0, '_a7_': 1.0}};{'d0': 0.024905832919416632};-276.475521886821;47.12046155823844
19765;-91.1172993851724;((((((_a0_ * _a6_) * _a4_) + (((_a4_ + x) * _a5_) * x)) / _a0_) * _a4_) * x);{'d0': {'_a0_': 6900.473023775522, '_a4_': 0.623859415862985, '_a5_': 37350.1573966174, '_a6_': 4.560978420550496, '_a1_': 1.0, '_a2_': 1.0, '_a3_': 1.0, '_a7_': 1.0}};{'d0': 0.024905832919416632};-276.475521886821;47.12046155823844
19766;-91.1172993851724;((((((_a0_ * _a6_) * _a4_) + (((_a4_ + x) * _a5_) * x)) / _a0_) * _a4_) * x);{'d0': {'_a0_': 6900.473023775522, '_a4_': 0.623859415862985, '_a5_': 37350.1573966174, '_a6_': 4.560978420550496, '_a1_': 1.0, '_a2_': 1.0, '_a3_': 1.0, '_a7_': 1.0}};{'d0': 0.024905832919416632};-276.475521886821;47.12046155823844
19767;-91.1172993851724;((((((_a0_ * _a6_) * _a4_) + (((_a4_ + x) * _a5_) * x)) / _a0_) * _a4_) * x);{'d0': {'_a0_': 6900.473023775522, '_a4_': 0.623859415862985, '_a5_': 37350.1573966174, '_a6_': 4.560978420550496, '_a1_': 1.0, '_a2_': 1.0, '_a3_': 1.0, '_a7_': 1.0}};{'d0': 0.024905832919416632};-276.475521886821;47.12046155823844
19768;-91.1172993851724;((((((_a0_ * _a6_) * _a4_) + (((_a4_ + x) * _a5_) * x)) / _a0_) * _a4_) * x);{'d0': {'_a0_': 6900.473023775522, '_a4_': 0.623859415862985, '_a5_': 37350.1573966174, '_a6_': 4.560978420550496, '_a1_': 1.0, '_a2_': 1.0, '_a3_': 1.0, '_a7_': 1.0}};{'d0': 0.024905832919416632};-276.475521886821;47.12046155823844
19769;-91.1172993851724;((((((_a0_ * _a6_) * _a4_) + (((_a4_ + x) * _a5_) * x)) / _a0_) * _a4_) * x);{'d0': {'_a0_': 6900.473023775522, '_a4_': 0.623859415862985, '_a5_': 37350.1573966174, '_a6_': 4.560978420550496, '_a1_': 1.0, '_a2_': 1.0, '_a3_': 1.0, '_a7_': 1.0}};{'d0': 0.024905832919416632};-276.475521886821;47.12046155823844
19770;-91.1172993851724;((((((_a0_ * _a6_) * _a4_) + (((_a4_ + x) * _a5_) * x)) / _a0_) * _a4_) * x);{'d0': {'_a0_': 6900.473023775522, '_a4_': 0.623859415862985, '_a5_': 37350.1573966174, '_a6_': 4.560978420550496, '_a1_': 1.0, '_a2_': 1.0, '_a3_': 1.0, '_a7_': 1.0}};{'d0': 0.024905832919416632};-276.475521886821;47.12046155823844
19771;-91.1172993851724;((((((_a0_ * _a6_) * _a4_) + (((_a4_ + x) * _a5_) * x)) / _a0_) * _a4_) * x);{'d0': {'_a0_': 6900.473023775522, '_a4_': 0.623859415862985, '_a5_': 37350.1573966174, '_a6_': 4.560978420550496, '_a1_': 1.0, '_a2_': 1.0, '_a3_': 1.0, '_a7_': 1.0}};{'d0': 0.024905832919416632};-276.475521886821;47.12046155823844
19772;-90.2907528342365;((((((_a0_ * _a6_) * _a4_) + (((_a4_ + x) * _a5_) * x)) / _a0_) + _a4_) * x);{'d0': {'_a0_': 7784938.0966529995, '_a4_': 0.6238594154302805, '_a5_': 26287875.06512574, '_a6_': 1.845409333834866, '_a1_': 1.0, '_a2_': 1.0, '_a3_': 1.0, '_a7_': 1.0}};{'d0': 0.02490583291942238};-276.475521886808;47.94700810916744
19773;-90.2907528342365;((((((_a0_ * _a6_) * _a4_) + (((_a4_ + x) * _a5_) * x)) / _a0_) + _a4_) * x);{'d0': {'_a0_': 7784938.0966529995, '_a4_': 0.6238594154302805, '_a5_': 26287875.06512574, '_a6_': 1.845409333834866, '_a1_': 1.0, '_a2_': 1.0, '_a3_': 1.0, '_a7_': 1.0}};{'d0': 0.02490583291942238};-276.475521886808;47.94700810916744
19774;-90.3741310751257;((((((_a0_ * _a6_) * _a4_) + (((_a4_ + x) * _a5_) * x)) / _a0_) / _a4_) * x);{'d0': {'_a0_': 19906527535.188606, '_a4_': 0.6238594152809184, '_a5_': 41935570271.077774, '_a6_': 1.7751354040625655, '_a1_': 1.0, '_a2_': 1.0, '_a3_': 1.0, '_a7_': 1.0}};{'d0': 0.024905832919417066};-276.475521886820;47.86362986828464
19775;-90.3741310751257;((((((_a0_ * _a6_) * _a4_) + (((_a4_ + x) * _a5_) * x)) / _a0_) / _a4_) * x);{'d0': {'_a0_': 19906527535.188606, '_a4_': 0.6238594152809184, '_a5_': 41935570271.077774, '_a6_': 1.7751354040625655, '_a1_': 1.0, '_a2_': 1.0, '_a3_': 1.0, '_a7_': 1.0}};{'d0': 0.024905832919417066};-276.475521886820;47.86362986828464
19776;-90.3741310751257;((((((_a0_ * _a6_) * _a4_) + (((_a4_ + x) * _a5_) * x)) / _a0_) / _a4_) * x);{'d0': {'_a0_': 19906527535.188606, '_a4_': 0.6238594152809184, '_a5_': 41935570271.077774, '_a6_': 1.7751354040625655, '_a1_': 1.0, '_a2_': 1.0, '_a3_': 1.0, '_a7_': 1.0}};{'d0': 0.024905832919417066};-276.475521886820;47.86362986828464
19777;-90.3741310751257;((((((_a0_ * _a6_) * _a4_) + (((_a4_ + x) * _a5_) * x)) / _a0_) / _a4_) * x);{'d0': {'_a0_': 19906527535.188606, '_a4_': 0.6238594152809184, '_a5_': 41935570271.077774, '_a6_': 1.7751354040625655, '_a1_': 1.0, '_a2_': 1.0, '_a3_': 1.0, '_a7_': 1.0}};{'d0': 0.024905832919417066};-276.475521886820;47.86362986828464
19778;-90.3741310751257;((((((_a0_ * _a6_) * _a4_) + (((_a4_ + x) * _a5_) * x)) / _a0_) / _a4_) * x);{'d0': {'_a0_': 19906527535.188606, '_a4_': 0.6238594152809184, '_a5_': 41935570271.077774, '_a6_': 1.7751354040625655, '_a1_': 1.0, '_a2_': 1.0, '_a3_': 1.0, '_a7_': 1.0}};{'d0': 0.024905832919417066};-276.475521886820;47.86362986828464
19779;-90.3741310751257;((((((_a0_ * _a6_) * _a4_) + (((_a4_ + x) * _a5_) * x)) / _a0_) / _a4_) * x);{'d0': {'_a0_': 19906527535.188606, '_a4_': 0.6238594152809184, '_a5_': 41935570271.077774, '_a6_': 1.7751354040625655, '_a1_': 1.0, '_a2_': 1.0, '_a3_': 1.0, '_a7_': 1.0}};{'d0': 0.024905832919417066};-276.475521886820;47.86362986828464
19780;-90.3741310751257;((((((_a0_ * _a6_) * _a4_) + (((_a4_ + x) * _a5_) * x)) / _a0_) / _a4_) * x);{'d0': {'_a0_': 19906527535.188606, '_a4_': 0.6238594152809184, '_a5_': 41935570271.077774, '_a6_': 1.7751354040625655, '_a1_': 1.0, '_a2_': 1.0, '_a3_': 1.0, '_a7_': 1.0}};{'d0': 0.024905832919417066};-276.475521886820;47.86362986828464
19781;-69.1718044964736;((_a2_ + (((x * _a7_) * (((_a0_ / _a4_) / -((_a6_ * _a7_))) + ((_a4_ / _a6_) + x))) * -(_a4_))) * x);{'d0': {'_a0_': 23057918.116044346, '_a2_': 1.7751354043772318, '_a4_': 0.020641700430844786, '_a6_': 10945435.659236915, '_a7_': -163.58927282804123, '_a1_': 1.0, '_a3_': 1.0, '_a5_': 1.0}};{'d0': 0.02490583291949778};-272.381177324404;67.01878416572815
19782;-69.1718044964736;((_a2_ + (((x * _a7_) * (((_a0_ / _a4_) / -((_a6_ * _a7_))) + ((_a4_ / _a6_) + x))) * -(_a4_))) * x);{'d0': {'_a0_': 23057918.116044346, '_a2_': 1.7751354043772318, '_a4_': 0.020641700430844786, '_a6_': 10945435.659236915, '_a7_': -163.58927282804123, '_a1_': 1.0, '_a3_': 1.0, '_a5_': 1.0}};{'d0': 0.02490583291949778};-272.381177324404;67.01878416572815
19783;-69.1718044964736;((_a2_ + (((x * _a7_) * (((_a0_ / _a4_) / -((_a6_ * _a7_))) + ((_a4_ / _a6_) + x))) * -(_a4_))) * x);{'d0': {'_a0_': 23057918.116044346, '_a2_': 1.7751354043772318, '_a4_': 0.020641700430844786, '_a6_': 10945435.659236915, '_a7_': -163.58927282804123, '_a1_': 1.0, '_a3_': 1.0, '_a5_': 1.0}};{'d0': 0.02490583291949778};-272.381177324404;67.01878416572815
19784;-69.1718044964736;((_a2_ + (((x * _a7_) * (((_a0_ / _a4_) / -((_a6_ * _a7_))) + ((_a4_ / _a6_) + x))) * -(_a4_))) * x);{'d0': {'_a0_': 23057918.116044346, '_a2_': 1.7751354043772318, '_a4_': 0.020641700430844786, '_a6_': 10945435.659236915, '_a7_': -163.58927282804123, '_a1_': 1.0, '_a3_': 1.0, '_a5_': 1.0}};{'d0': 0.02490583291949778};-272.381177324404;67.01878416572815
19785;-69.1718044964736;((_a2_ + (((x * _a7_) * (((_a0_ / _a4_) / -((_a6_ * _a7_))) + ((_a4_ / _a6_) + x))) * -(_a4_))) * x);{'d0': {'_a0_': 23057918.116044346, '_a2_': 1.7751354043772318, '_a4_': 0.020641700430844786, '_a6_': 10945435.659236915, '_a7_': -163.58927282804123, '_a1_': 1.0, '_a3_': 1.0, '_a5_': 1.0}};{'d0': 0.02490583291949778};-272.381177324404;67.01878416572815
19786;-69.1718044964736;((_a2_ + (((x * _a7_) * (((_a0_ / _a4_) / -((_a6_ * _a7_))) + ((_a4_ / _a6_) + x))) * -(_a4_))) * x);{'d0': {'_a0_': 23057918.116044346, '_a2_': 1.7751354043772318, '_a4_': 0.020641700430844786, '_a6_': 10945435.659236915, '_a7_': -163.58927282804123, '_a1_': 1.0, '_a3_': 1.0, '_a5_': 1.0}};{'d0': 0.02490583291949778};-272.381177324404;67.01878416572815
19787;-69.1718044964736;((_a2_ + (((x * _a7_) * (((_a0_ / _a4_) / -((_a6_ * _a7_))) + ((_a4_ / _a6_) + x))) * -(_a4_))) * x);{'d0': {'_a0_': 23057918.116044346, '_a2_': 1.7751354043772318, '_a4_': 0.020641700430844786, '_a6_': 10945435.659236915, '_a7_': -163.58927282804123, '_a1_': 1.0, '_a3_': 1.0, '_a5_': 1.0}};{'d0': 0.02490583291949778};-272.381177324404;67.01878416572815
19788;-69.1718044964736;((_a2_ + (((x * _a7_) * (((_a0_ / _a4_) / -((_a6_ * _a7_))) + ((_a4_ / _a6_) + x))) * -(_a4_))) * x);{'d0': {'_a0_': 23057918.116044346, '_a2_': 1.7751354043772318, '_a4_': 0.020641700430844786, '_a6_': 10945435.659236915, '_a7_': -163.58927282804123, '_a1_': 1.0, '_a3_': 1.0, '_a5_': 1.0}};{'d0': 0.02490583291949778};-272.381177324404;67.01878416572815
19789;-90.3741310751252;((((((_a0_ * _a6_) * _a6_) + (((_a4_ + x) * _a5_) * x)) / _a0_) / _a4_) * x);{'d0': {'_a0_': -122914973314189.66, '_a4_': 0.6238594150956465, '_a5_': -258935638614481.06, '_a6_': 1.052347344709099, '_a1_': 1.0, '_a2_': 1.0, '_a3_': 1.0, '_a7_': 1.0}};{'d0': 0.024905832919417514};-276.475521886819;47.86362986828464
19790;-90.3741310751252;((((((_a0_ * _a6_) * _a6_) + (((_a4_ + x) * _a5_) * x)) / _a0_) / _a4_) * x);{'d0': {'_a0_': -122914973314189.66, '_a4_': 0.6238594150956465, '_a5_': -258935638614481.06, '_a6_': 1.052347344709099, '_a1_': 1.0, '_a2_': 1.0, '_a3_': 1.0, '_a7_': 1.0}};{'d0': 0.024905832919417514};-276.475521886819;47.86362986828464
19791;-91.1172993851655;((((((_a0_ * _a6_) * _a6_) + (((_a4_ + x) * _a5_) * x)) / _a0_) * _a4_) * x);{'d0': {'_a0_': 1.1038237294651696e+17, '_a4_': 0.6238594155491328, '_a5_': 5.974661570507898e+17, '_a6_': 1.6868341162550438, '_a1_': 1.0, '_a2_': 1.0, '_a3_': 1.0, '_a7_': 1.0}};{'d0': 0.02490583291942236};-276.475521886808;47.12046155823844
19792;-91.1172993851655;((((((_a0_ * _a6_) * _a6_) + (((_a4_ + x) * _a5_) * x)) / _a0_) * _a4_) * x);{'d0': {'_a0_': 1.1038237294651696e+17, '_a4_': 0.6238594155491328, '_a5_': 5.974661570507898e+17, '_a6_': 1.6868341162550438, '_a1_': 1.0, '_a2_': 1.0, '_a3_': 1.0, '_a7_': 1.0}};{'d0': 0.02490583291942236};-276.475521886808;47.12046155823844
19793;-91.1172993851655;((((((_a0_ * _a6_) * _a6_) + (((_a4_ + x) * _a5_) * x)) / _a0_) * _a4_) * x);{'d0': {'_a0_': 1.1038237294651696e+17, '_a4_': 0.6238594155491328, '_a5_': 5.974661570507898e+17, '_a6_': 1.6868341162550438, '_a1_': 1.0, '_a2_': 1.0, '_a3_': 1.0, '_a7_': 1.0}};{'d0': 0.02490583291942236};-276.475521886808;47.12046155823844
19794;-91.1172993851655;((((((_a0_ * _a6_) * _a6_) + (((_a4_ + x) * _a5_) * x)) / _a0_) * _a4_) * x);{'d0': {'_a0_': 1.1038237294651696e+17, '_a4_': 0.6238594155491328, '_a5_': 5.974661570507898e+17, '_a6_': 1.6868341162550438, '_a1_': 1.0, '_a2_': 1.0, '_a3_': 1.0, '_a7_': 1.0}};{'d0': 0.02490583291942236};-276.475521886808;47.12046155823844
19795;-91.1172993851655;((((((_a0_ * _a6_) * _a6_) + (((_a4_ + x) * _a5_) * x)) / _a0_) * _a4_) * x);{'d0': {'_a0_': 1.1038237294651696e+17, '_a4_': 0.6238594155491328, '_a5_': 5.974661570507898e+17, '_a6_': 1.6868341162550438, '_a1_': 1.0, '_a2_': 1.0, '_a3_': 1.0, '_a7_': 1.0}};{'d0': 0.02490583291942236};-276.475521886808;47.12046155823844
19796;-91.1172993851655;((((((_a0_ * _a6_) * _a6_) + (((_a4_ + x) * _a5_) * x)) / _a0_) * _a4_) * x);{'d0': {'_a0_': 1.1038237294651696e+17, '_a4_': 0.6238594155491328, '_a5_': 5.974661570507898e+17, '_a6_': 1.6868341162550438, '_a1_': 1.0, '_a2_': 1.0, '_a3_': 1.0, '_a7_': 1.0}};{'d0': 0.02490583291942236};-276.475521886808;47.12046155823844
19797;-91.1172993851655;((((((_a0_ * _a6_) * _a6_) + (((_a4_ + x) * _a5_) * x)) / _a0_) * _a4_) * x);{'d0': {'_a0_': 1.1038237294651696e+17, '_a4_': 0.6238594155491328, '_a5_': 5.974661570507898e+17, '_a6_': 1.6868341162550438, '_a1_': 1.0, '_a2_': 1.0, '_a3_': 1.0, '_a7_': 1.0}};{'d0': 0.02490583291942236};-276.475521886808;47.12046155823844
19798;-91.1172993851655;((((((_a0_ * _a6_) * _a6_) + (((_a4_ + x) * _a5_) * x)) / _a0_) * _a4_) * x);{'d0': {'_a0_': 1.1038237294651696e+17, '_a4_': 0.6238594155491328, '_a5_': 5.974661570507898e+17, '_a6_': 1.6868341162550438, '_a1_': 1.0, '_a2_': 1.0, '_a3_': 1.0, '_a7_': 1.0}};{'d0': 0.02490583291942236};-276.475521886808;47.12046155823844
19799;-91.1172993851655;((((((_a0_ * _a6_) * _a6_) + (((_a4_ + x) * _a5_) * x)) / _a0_) * _a4_) * x);{'d0': {'_a0_': 1.1038237294651696e+17, '_a4_': 0.6238594155491328, '_a5_': 5.974661570507898e+17, '_a6_': 1.6868341162550438, '_a1_': 1.0, '_a2_': 1.0, '_a3_': 1.0, '_a7_': 1.0}};{'d0': 0.02490583291942236};-276.475521886808;47.12046155823844
19800;-91.1172993851655;((((((_a0_ * _a6_) * _a6_) + (((_a4_ + x) * _a5_) * x)) / _a0_) * _a4_) * x);{'d0': {'_a0_': 1.1038237294651696e+17, '_a4_': 0.6238594155491328, '_a5_': 5.974661570507898e+17, '_a6_': 1.6868341162550438, '_a1_': 1.0, '_a2_': 1.0, '_a3_': 1.0, '_a7_': 1.0}};{'d0': 0.02490583291942236};-276.475521886808;47.12046155823844
19801;-91.1172993851655;((((((_a0_ * _a6_) * _a6_) + (((_a4_ + x) * _a5_) * x)) / _a0_) * _a4_) * x);{'d0': {'_a0_': 1.1038237294651696e+17, '_a4_': 0.6238594155491328, '_a5_': 5.974661570507898e+17, '_a6_': 1.6868341162550438, '_a1_': 1.0, '_a2_': 1.0, '_a3_': 1.0, '_a7_': 1.0}};{'d0': 0.02490583291942236};-276.475521886808;47.12046155823844
19802;-91.1172993851655;((((((_a0_ * _a6_) * _a6_) + (((_a4_ + x) * _a5_) * x)) / _a0_) * _a4_) * x);{'d0': {'_a0_': 1.1038237294651696e+17, '_a4_': 0.6238594155491328, '_a5_': 5.974661570507898e+17, '_a6_': 1.6868341162550438, '_a1_': 1.0, '_a2_': 1.0, '_a3_': 1.0, '_a7_': 1.0}};{'d0': 0.02490583291942236};-276.475521886808;47.12046155823844
19803;-91.1172993851655;((((((_a0_ * _a6_) * _a6_) + (((_a4_ + x) * _a5_) * x)) / _a0_) * _a4_) * x);{'d0': {'_a0_': 1.1038237294651696e+17, '_a4_': 0.6238594155491328, '_a5_': 5.974661570507898e+17, '_a6_': 1.6868341162550438, '_a1_': 1.0, '_a2_': 1.0, '_a3_': 1.0, '_a7_': 1.0}};{'d0': 0.02490583291942236};-276.475521886808;47.12046155823844
19804;-82.4065787526866;((((((_a0_ * (_a2_ ** _a4_)) * _a6_) + (((_a4_ + x) * _a5_) * x)) / _a0_) * _a4_) * x);{'d0': {'_a0_': 1.8048114254157168e+17, '_a2_': 2.7821658761413577, '_a4_': 0.6238594155359737, '_a5_': 9.768894183278866e+17, '_a6_': 1.5028377319114539, '_a1_': 1.0, '_a3_': 1.0, '_a7_': 1.0}};{'d0': 0.024905832923795713};-272.381177314050;53.78400990433844
19805;-82.4065787526866;((((((_a0_ * (_a2_ ** _a4_)) * _a6_) + (((_a4_ + x) * _a5_) * x)) / _a0_) * _a4_) * x);{'d0': {'_a0_': 1.8048114254157168e+17, '_a2_': 2.7821658761413577, '_a4_': 0.6238594155359737, '_a5_': 9.768894183278866e+17, '_a6_': 1.5028377319114539, '_a1_': 1.0, '_a3_': 1.0, '_a7_': 1.0}};{'d0': 0.024905832923795713};-272.381177314050;53.78400990433844
19806;-82.4065787526866;((((((_a0_ * (_a2_ ** _a4_)) * _a6_) + (((_a4_ + x) * _a5_) * x)) / _a0_) * _a4_) * x);{'d0': {'_a0_': 1.8048114254157168e+17, '_a2_': 2.7821658761413577, '_a4_': 0.6238594155359737, '_a5_': 9.768894183278866e+17, '_a6_': 1.5028377319114539, '_a1_': 1.0, '_a3_': 1.0, '_a7_': 1.0}};{'d0': 0.024905832923795713};-272.381177314050;53.78400990433844
19807;-82.4065787526866;((((((_a0_ * (_a2_ ** _a4_)) * _a6_) + (((_a4_ + x) * _a5_) * x)) / _a0_) * _a4_) * x);{'d0': {'_a0_': 1.8048114254157168e+17, '_a2_': 2.7821658761413577, '_a4_': 0.6238594155359737, '_a5_': 9.768894183278866e+17, '_a6_': 1.5028377319114539, '_a1_': 1.0, '_a3_': 1.0, '_a7_': 1.0}};{'d0': 0.024905832923795713};-272.381177314050;53.78400990433844
19808;-82.4065787526866;((((((_a0_ * (_a2_ ** _a4_)) * _a6_) + (((_a4_ + x) * _a5_) * x)) / _a0_) * _a4_) * x);{'d0': {'_a0_': 1.8048114254157168e+17, '_a2_': 2.7821658761413577, '_a4_': 0.6238594155359737, '_a5_': 9.768894183278866e+17, '_a6_': 1.5028377319114539, '_a1_': 1.0, '_a3_': 1.0, '_a7_': 1.0}};{'d0': 0.024905832923795713};-272.381177314050;53.78400990433844
19809;-89.0701271037785;((((((_a0_ * _a7_) * _a6_) + (((_a4_ + x) * _a5_) * x)) / _a0_) * _a4_) * x);{'d0': {'_a0_': 2.7261860405605098e+17, '_a4_': 0.6238594154055229, '_a5_': 1.475601416398436e+18, '_a6_': 2.8828457277549187, '_a7_': 0.9870140149370972, '_a1_': 1.0, '_a2_': 1.0, '_a3_': 1.0}};{'d0': 0.024905832919651497};-272.381177324034;47.12046155823844
19810;-89.0701271037785;((((((_a0_ * _a7_) * _a6_) + (((_a4_ + x) * _a5_) * x)) / _a0_) * _a4_) * x);{'d0': {'_a0_': 2.7261860405605098e+17, '_a4_': 0.6238594154055229, '_a5_': 1.475601416398436e+18, '_a6_': 2.8828457277549187, '_a7_': 0.9870140149370972, '_a1_': 1.0, '_a2_': 1.0, '_a3_': 1.0}};{'d0': 0.024905832919651497};-272.381177324034;47.12046155823844
19811;-89.0701271037785;((((((_a0_ * _a7_) * _a6_) + (((_a4_ + x) * _a5_) * x)) / _a0_) * _a4_) * x);{'d0': {'_a0_': 2.7261860405605098e+17, '_a4_': 0.6238594154055229, '_a5_': 1.475601416398436e+18, '_a6_': 2.8828457277549187, '_a7_': 0.9870140149370972, '_a1_': 1.0, '_a2_': 1.0, '_a3_': 1.0}};{'d0': 0.024905832919651497};-272.381177324034;47.12046155823844
19812;-89.0701271037785;((((((_a0_ * _a7_) * _a6_) + (((_a4_ + x) * _a5_) * x)) / _a0_) * _a4_) * x);{'d0': {'_a0_': 2.7261860405605098e+17, '_a4_': 0.6238594154055229, '_a5_': 1.475601416398436e+18, '_a6_': 2.8828457277549187, '_a7_': 0.9870140149370972, '_a1_': 1.0, '_a2_': 1.0, '_a3_': 1.0}};{'d0': 0.024905832919651497};-272.381177324034;47.12046155823844
19813;-89.0701271037785;((((((_a0_ * _a7_) * _a6_) + (((_a4_ + x) * _a5_) * x)) / _a0_) * _a4_) * x);{'d0': {'_a0_': 2.7261860405605098e+17, '_a4_': 0.6238594154055229, '_a5_': 1.475601416398436e+18, '_a6_': 2.8828457277549187, '_a7_': 0.9870140149370972, '_a1_': 1.0, '_a2_': 1.0, '_a3_': 1.0}};{'d0': 0.024905832919651497};-272.381177324034;47.12046155823844
19814;-89.0701271037785;((((((_a0_ * _a7_) * _a6_) + (((_a4_ + x) * _a5_) * x)) / _a0_) * _a4_) * x);{'d0': {'_a0_': 2.7261860405605098e+17, '_a4_': 0.6238594154055229, '_a5_': 1.475601416398436e+18, '_a6_': 2.8828457277549187, '_a7_': 0.9870140149370972, '_a1_': 1.0, '_a2_': 1.0, '_a3_': 1.0}};{'d0': 0.024905832919651497};-272.381177324034;47.12046155823844
19815;-83.1486692785429;((((((_a0_ * _a7_) * _a6_) + (((_a4_ + x) * _a5_) * x)) / (_a4_ + _a7_)) * _a4_) * x);{'d0': {'_a0_': 1.911769558069321e+16, '_a4_': 0.6238594155102937, '_a5_': 447726.3879599547, '_a6_': 1.488195100543706e-16, '_a7_': 82717.2033079706, '_a1_': 1.0, '_a2_': 1.0, '_a3_': 1.0}};{'d0': 0.02490654422064272};-272.379463771622;53.04106260726844
19816;-87.0229548219337;((((((_a0_ * _a7_) * _a6_) + (((_a4_ + x) * _a5_) * x)) / _a3_) * _a4_) * x);{'d0': {'_a0_': -3205710812820844.0, '_a3_': 0.6122044312805449, '_a4_': 0.6238594153379795, '_a5_': 3.313676002470337, '_a6_': -2.4912991687612728e-17, '_a7_': 21.811771439274157, '_a1_': 1.0, '_a2_': 1.0}};{'d0': 0.02490583292026061};-268.286832760344;47.12046155823844
19817;-87.0229548219337;((((((_a0_ * _a7_) * _a6_) + (((_a4_ + x) * _a5_) * x)) / _a3_) * _a4_) * x);{'d0': {'_a0_': -3205710812820844.0, '_a3_': 0.6122044312805449, '_a4_': 0.6238594153379795, '_a5_': 3.313676002470337, '_a6_': -2.4912991687612728e-17, '_a7_': 21.811771439274157, '_a1_': 1.0, '_a2_': 1.0}};{'d0': 0.02490583292026061};-268.286832760344;47.12046155823844
19818;-87.0229548219337;((((((_a0_ * _a7_) * _a6_) + (((_a4_ + x) * _a5_) * x)) / _a3_) * _a4_) * x);{'d0': {'_a0_': -3205710812820844.0, '_a3_': 0.6122044312805449, '_a4_': 0.6238594153379795, '_a5_': 3.313676002470337, '_a6_': -2.4912991687612728e-17, '_a7_': 21.811771439274157, '_a1_': 1.0, '_a2_': 1.0}};{'d0': 0.02490583292026061};-268.286832760344;47.12046155823844
19819;-87.0229548219337;((((((_a0_ * _a7_) * _a6_) + (((_a4_ + x) * _a5_) * x)) / _a3_) * _a4_) * x);{'d0': {'_a0_': -3205710812820844.0, '_a3_': 0.6122044312805449, '_a4_': 0.6238594153379795, '_a5_': 3.313676002470337, '_a6_': -2.4912991687612728e-17, '_a7_': 21.811771439274157, '_a1_': 1.0, '_a2_': 1.0}};{'d0': 0.02490583292026061};-268.286832760344;47.12046155823844
19820;-87.0229548219337;((((((_a0_ * _a7_) * _a6_) + (((_a4_ + x) * _a5_) * x)) / _a3_) * _a4_) * x);{'d0': {'_a0_': -3205710812820844.0, '_a3_': 0.6122044312805449, '_a4_': 0.6238594153379795, '_a5_': 3.313676002470337, '_a6_': -2.4912991687612728e-17, '_a7_': 21.811771439274157, '_a1_': 1.0, '_a2_': 1.0}};{'d0': 0.02490583292026061};-268.286832760344;47.12046155823844
19821;-87.0229548219337;((((((_a0_ * _a7_) * _a6_) + (((_a4_ + x) * _a5_) * x)) / _a3_) * _a4_) * x);{'d0': {'_a0_': -3205710812820844.0, '_a3_': 0.6122044312805449, '_a4_': 0.6238594153379795, '_a5_': 3.313676002470337, '_a6_': -2.4912991687612728e-17, '_a7_': 21.811771439274157, '_a1_': 1.0, '_a2_': 1.0}};{'d0': 0.02490583292026061};-268.286832760344;47.12046155823844
19822;-87.0229548219337;((((((_a0_ * _a7_) * _a6_) + (((_a4_ + x) * _a5_) * x)) / _a3_) * _a4_) * x);{'d0': {'_a0_': -3205710812820844.0, '_a3_': 0.6122044312805449, '_a4_': 0.6238594153379795, '_a5_': 3.313676002470337, '_a6_': -2.4912991687612728e-17, '_a7_': 21.811771439274157, '_a1_': 1.0, '_a2_': 1.0}};{'d0': 0.02490583292026061};-268.286832760344;47.12046155823844
19823;-87.0229548219337;((((((_a0_ * _a7_) * _a6_) + (((_a4_ + x) * _a5_) * x)) / _a3_) * _a4_) * x);{'d0': {'_a0_': -3205710812820844.0, '_a3_': 0.6122044312805449, '_a4_': 0.6238594153379795, '_a5_': 3.313676002470337, '_a6_': -2.4912991687612728e-17, '_a7_': 21.811771439274157, '_a1_': 1.0, '_a2_': 1.0}};{'d0': 0.02490583292026061};-268.286832760344;47.12046155823844
19824;-87.0229548219337;((((((_a0_ * _a7_) * _a6_) + (((_a4_ + x) * _a5_) * x)) / _a3_) * _a4_) * x);{'d0': {'_a0_': -3205710812820844.0, '_a3_': 0.6122044312805449, '_a4_': 0.6238594153379795, '_a5_': 3.313676002470337, '_a6_': -2.4912991687612728e-17, '_a7_': 21.811771439274157, '_a1_': 1.0, '_a2_': 1.0}};{'d0': 0.02490583292026061};-268.286832760344;47.12046155823844
19825;-87.0229548219337;((((((_a0_ * _a7_) * _a6_) + (((_a4_ + x) * _a5_) * x)) / _a3_) * _a4_) * x);{'d0': {'_a0_': -3205710812820844.0, '_a3_': 0.6122044312805449, '_a4_': 0.6238594153379795, '_a5_': 3.313676002470337, '_a6_': -2.4912991687612728e-17, '_a7_': 21.811771439274157, '_a1_': 1.0, '_a2_': 1.0}};{'d0': 0.02490583292026061};-268.286832760344;47.12046155823844
19826;-87.0229548219337;((((((_a0_ * _a7_) * _a6_) + (((_a4_ + x) * _a5_) * x)) / _a3_) * _a4_) * x);{'d0': {'_a0_': -3205710812820844.0, '_a3_': 0.6122044312805449, '_a4_': 0.6238594153379795, '_a5_': 3.313676002470337, '_a6_': -2.4912991687612728e-17, '_a7_': 21.811771439274157, '_a1_': 1.0, '_a2_': 1.0}};{'d0': 0.02490583292026061};-268.286832760344;47.12046155823844
19827;-87.0229548219337;((((((_a0_ * _a7_) * _a6_) + (((_a4_ + x) * _a5_) * x)) / _a3_) * _a4_) * x);{'d0': {'_a0_': -3205710812820844.0, '_a3_': 0.6122044312805449, '_a4_': 0.6238594153379795, '_a5_': 3.313676002470337, '_a6_': -2.4912991687612728e-17, '_a7_': 21.811771439274157, '_a1_': 1.0, '_a2_': 1.0}};{'d0': 0.02490583292026061};-268.286832760344;47.12046155823844
19828;-81.8565430384375;((((((_a0_ * _a7_) * _a6_) + (((_a4_ + x) * _a5_) * x)) / _a3_) * _a4_) * (x * _a5_));{'d0': {'_a0_': -3118714307727951.5, '_a3_': 0.678136169127694, '_a4_': 0.6238594156484173, '_a5_': 1.9158664888635502, '_a6_': -2.4063376048383366e-17, '_a7_': 13.42036264685615, '_a1_': 1.0, '_a2_': 1.0}};{'d0': 0.024905832919491194};-268.286832762198;52.28687334266144
19829;-74.9280029432298;((((((_a0_ * cosh(_a4_)) * _a6_) + (((_a4_ + x) * _a5_) * x)) / _a3_) * _a4_) * (x * _a5_));{'d0': {'_a0_': -9055850835654226.0, '_a3_': 0.3951714599103351, '_a4_': 0.6238594155535093, '_a5_': 1.4625128007163273, '_a6_': -7.069044316693793e-17, '_a1_': 1.0, '_a2_': 1.0, '_a7_': 1.0}};{'d0': 0.02490583294716139};-272.381177257760;61.262585685650436
19830;-74.9280029432298;((((((_a0_ * cosh(_a4_)) * _a6_) + (((_a4_ + x) * _a5_) * x)) / _a3_) * _a4_) * (x * _a5_));{'d0': {'_a0_': -9055850835654226.0, '_a3_': 0.3951714599103351, '_a4_': 0.6238594155535093, '_a5_': 1.4625128007163273, '_a6_': -7.069044316693793e-17, '_a1_': 1.0, '_a2_': 1.0, '_a7_': 1.0}};{'d0': 0.02490583294716139};-272.381177257760;61.262585685650436
19831;-74.9280029432298;((((((_a0_ * cosh(_a4_)) * _a6_) + (((_a4_ + x) * _a5_) * x)) / _a3_) * _a4_) * (x * _a5_));{'d0': {'_a0_': -9055850835654226.0, '_a3_': 0.3951714599103351, '_a4_': 0.6238594155535093, '_a5_': 1.4625128007163273, '_a6_': -7.069044316693793e-17, '_a1_': 1.0, '_a2_': 1.0, '_a7_': 1.0}};{'d0': 0.02490583294716139};-272.381177257760;61.262585685650436
19832;-74.9280029432298;((((((_a0_ * cosh(_a4_)) * _a6_) + (((_a4_ + x) * _a5_) * x)) / _a3_) * _a4_) * (x * _a5_));{'d0': {'_a0_': -9055850835654226.0, '_a3_': 0.3951714599103351, '_a4_': 0.6238594155535093, '_a5_': 1.4625128007163273, '_a6_': -7.069044316693793e-17, '_a1_': 1.0, '_a2_': 1.0, '_a7_': 1.0}};{'d0': 0.02490583294716139};-272.381177257760;61.262585685650436
19833;-74.9280029432298;((((((_a0_ * cosh(_a4_)) * _a6_) + (((_a4_ + x) * _a5_) * x)) / _a3_) * _a4_) * (x * _a5_));{'d0': {'_a0_': -9055850835654226.0, '_a3_': 0.3951714599103351, '_a4_': 0.6238594155535093, '_a5_': 1.4625128007163273, '_a6_': -7.069044316693793e-17, '_a1_': 1.0, '_a2_': 1.0, '_a7_': 1.0}};{'d0': 0.02490583294716139};-272.381177257760;61.262585685650436
19834;-74.9280029432298;((((((_a0_ * cosh(_a4_)) * _a6_) + (((_a4_ + x) * _a5_) * x)) / _a3_) * _a4_) * (x * _a5_));{'d0': {'_a0_': -9055850835654226.0, '_a3_': 0.3951714599103351, '_a4_': 0.6238594155535093, '_a5_': 1.4625128007163273, '_a6_': -7.069044316693793e-17, '_a1_': 1.0, '_a2_': 1.0, '_a7_': 1.0}};{'d0': 0.02490583294716139};-272.381177257760;61.262585685650436
19835;-83.9037152693695;((((((_a0_ * _a5_) * _a6_) + (((_a4_ + x) * _a5_) * x)) / _a3_) * _a4_) * (x * _a5_));{'d0': {'_a0_': -8183576346591794.0, '_a3_': 0.5175757001424937, '_a4_': 0.6238594155578484, '_a5_': 1.673762086271722, '_a6_': -6.42373529453026e-17, '_a1_': 1.0, '_a2_': 1.0, '_a7_': 1.0}};{'d0': 0.024905832961149628};-272.381177224062;52.28687334266144
19836;-83.9037152693695;((((((_a0_ * _a5_) * _a6_) + (((_a4_ + x) * _a5_) * x)) / _a3_) * _a4_) * (x * _a5_));{'d0': {'_a0_': -8183576346591794.0, '_a3_': 0.5175757001424937, '_a4_': 0.6238594155578484, '_a5_': 1.673762086271722, '_a6_': -6.42373529453026e-17, '_a1_': 1.0, '_a2_': 1.0, '_a7_': 1.0}};{'d0': 0.024905832961149628};-272.381177224062;52.28687334266144
19837;-83.9037152693695;((((((_a0_ * _a5_) * _a6_) + (((_a4_ + x) * _a5_) * x)) / _a3_) * _a4_) * (x * _a5_));{'d0': {'_a0_': -8183576346591794.0, '_a3_': 0.5175757001424937, '_a4_': 0.6238594155578484, '_a5_': 1.673762086271722, '_a6_': -6.42373529453026e-17, '_a1_': 1.0, '_a2_': 1.0, '_a7_': 1.0}};{'d0': 0.024905832961149628};-272.381177224062;52.28687334266144
19838;-83.9037152693695;((((((_a0_ * _a5_) * _a6_) + (((_a4_ + x) * _a5_) * x)) / _a3_) * _a4_) * (x * _a5_));{'d0': {'_a0_': -8183576346591794.0, '_a3_': 0.5175757001424937, '_a4_': 0.6238594155578484, '_a5_': 1.673762086271722, '_a6_': -6.42373529453026e-17, '_a1_': 1.0, '_a2_': 1.0, '_a7_': 1.0}};{'d0': 0.024905832961149628};-272.381177224062;52.28687334266144
19839;-83.9037152693695;((((((_a0_ * _a5_) * _a6_) + (((_a4_ + x) * _a5_) * x)) / _a3_) * _a4_) * (x * _a5_));{'d0': {'_a0_': -8183576346591794.0, '_a3_': 0.5175757001424937, '_a4_': 0.6238594155578484, '_a5_': 1.673762086271722, '_a6_': -6.42373529453026e-17, '_a1_': 1.0, '_a2_': 1.0, '_a7_': 1.0}};{'d0': 0.024905832961149628};-272.381177224062;52.28687334266144
19840;-83.9037152693695;((((((_a0_ * _a5_) * _a6_) + (((_a4_ + x) * _a5_) * x)) / _a3_) * _a4_) * (x * _a5_));{'d0': {'_a0_': -8183576346591794.0, '_a3_': 0.5175757001424937, '_a4_': 0.6238594155578484, '_a5_': 1.673762086271722, '_a6_': -6.42373529453026e-17, '_a1_': 1.0, '_a2_': 1.0, '_a7_': 1.0}};{'d0': 0.024905832961149628};-272.381177224062;52.28687334266144
19841;-83.9037152693695;((((((_a0_ * _a5_) * _a6_) + (((_a4_ + x) * _a5_) * x)) / _a3_) * _a4_) * (x * _a5_));{'d0': {'_a0_': -8183576346591794.0, '_a3_': 0.5175757001424937, '_a4_': 0.6238594155578484, '_a5_': 1.673762086271722, '_a6_': -6.42373529453026e-17, '_a1_': 1.0, '_a2_': 1.0, '_a7_': 1.0}};{'d0': 0.024905832961149628};-272.381177224062;52.28687334266144
19842;-83.9037152693695;((((((_a0_ * _a5_) * _a6_) + (((_a4_ + x) * _a5_) * x)) / _a3_) * _a4_) * (x * _a5_));{'d0': {'_a0_': -8183576346591794.0, '_a3_': 0.5175757001424937, '_a4_': 0.6238594155578484, '_a5_': 1.673762086271722, '_a6_': -6.42373529453026e-17, '_a1_': 1.0, '_a2_': 1.0, '_a7_': 1.0}};{'d0': 0.024905832961149628};-272.381177224062;52.28687334266144
19843;-83.9037152693695;((((((_a0_ * _a5_) * _a6_) + (((_a4_ + x) * _a5_) * x)) / _a3_) * _a4_) * (x * _a5_));{'d0': {'_a0_': -8183576346591794.0, '_a3_': 0.5175757001424937, '_a4_': 0.6238594155578484, '_a5_': 1.673762086271722, '_a6_': -6.42373529453026e-17, '_a1_': 1.0, '_a2_': 1.0, '_a7_': 1.0}};{'d0': 0.024905832961149628};-272.381177224062;52.28687334266144
19844;-83.9037152693695;((((((_a0_ * _a5_) * _a6_) + (((_a4_ + x) * _a5_) * x)) / _a3_) * _a4_) * (x * _a5_));{'d0': {'_a0_': -8183576346591794.0, '_a3_': 0.5175757001424937, '_a4_': 0.6238594155578484, '_a5_': 1.673762086271722, '_a6_': -6.42373529453026e-17, '_a1_': 1.0, '_a2_': 1.0, '_a7_': 1.0}};{'d0': 0.024905832961149628};-272.381177224062;52.28687334266144
19845;-83.9037152693695;((((((_a0_ * _a5_) * _a6_) + (((_a4_ + x) * _a5_) * x)) / _a3_) * _a4_) * (x * _a5_));{'d0': {'_a0_': -8183576346591794.0, '_a3_': 0.5175757001424937, '_a4_': 0.6238594155578484, '_a5_': 1.673762086271722, '_a6_': -6.42373529453026e-17, '_a1_': 1.0, '_a2_': 1.0, '_a7_': 1.0}};{'d0': 0.024905832961149628};-272.381177224062;52.28687334266144
19846;-93.3367491724779;(((pow3((_a2_ + x)) / _a1_) + pow2((-((_a3_ * _a3_)) * x))) * x);{'d0': {'_a1_': 9.0226839570291, '_a2_': 2.511329116267314, '_a3_': 1.2765620004982619, '_a0_': 1.0, '_a4_': 1.0, '_a5_': 1.0, '_a6_': 1.0, '_a7_': 1.0}};{'d0': 0.025683199040502157};-278.725765581319;46.02613361818189
19847;-93.3367491724779;(((pow3((_a2_ + x)) / _a1_) + pow2((-((_a3_ * _a3_)) * x))) * x);{'d0': {'_a1_': 9.0226839570291, '_a2_': 2.511329116267314, '_a3_': 1.2765620004982619, '_a0_': 1.0, '_a4_': 1.0, '_a5_': 1.0, '_a6_': 1.0, '_a7_': 1.0}};{'d0': 0.025683199040502157};-278.725765581319;46.02613361818189
19848;-93.3367491724779;(((pow3((_a2_ + x)) / _a1_) + pow2((-((_a3_ * _a3_)) * x))) * x);{'d0': {'_a1_': 9.0226839570291, '_a2_': 2.511329116267314, '_a3_': 1.2765620004982619, '_a0_': 1.0, '_a4_': 1.0, '_a5_': 1.0, '_a6_': 1.0, '_a7_': 1.0}};{'d0': 0.025683199040502157};-278.725765581319;46.02613361818189
19849;-93.3367491724779;(((pow3((_a2_ + x)) / _a1_) + pow2((-((_a3_ * _a3_)) * x))) * x);{'d0': {'_a1_': 9.0226839570291, '_a2_': 2.511329116267314, '_a3_': 1.2765620004982619, '_a0_': 1.0, '_a4_': 1.0, '_a5_': 1.0, '_a6_': 1.0, '_a7_': 1.0}};{'d0': 0.025683199040502157};-278.725765581319;46.02613361818189
19850;-93.3367491724779;(((pow3((_a2_ + x)) / _a1_) + pow2((-((_a3_ * _a3_)) * x))) * x);{'d0': {'_a1_': 9.0226839570291, '_a2_': 2.511329116267314, '_a3_': 1.2765620004982619, '_a0_': 1.0, '_a4_': 1.0, '_a5_': 1.0, '_a6_': 1.0, '_a7_': 1.0}};{'d0': 0.025683199040502157};-278.725765581319;46.02613361818189
19851;-93.3367491724779;(((pow3((_a2_ + x)) / _a1_) + pow2((-((_a3_ * _a3_)) * x))) * x);{'d0': {'_a1_': 9.0226839570291, '_a2_': 2.511329116267314, '_a3_': 1.2765620004982619, '_a0_': 1.0, '_a4_': 1.0, '_a5_': 1.0, '_a6_': 1.0, '_a7_': 1.0}};{'d0': 0.025683199040502157};-278.725765581319;46.02613361818189
19852;-93.3367491724779;(((pow3((_a2_ + x)) / _a1_) + pow2((-((_a3_ * _a3_)) * x))) * x);{'d0': {'_a1_': 9.0226839570291, '_a2_': 2.511329116267314, '_a3_': 1.2765620004982619, '_a0_': 1.0, '_a4_': 1.0, '_a5_': 1.0, '_a6_': 1.0, '_a7_': 1.0}};{'d0': 0.025683199040502157};-278.725765581319;46.02613361818189
19853;-93.3367491724779;(((pow3((_a2_ + x)) / _a1_) + pow2((-((_a3_ * _a3_)) * x))) * x);{'d0': {'_a1_': 9.0226839570291, '_a2_': 2.511329116267314, '_a3_': 1.2765620004982619, '_a0_': 1.0, '_a4_': 1.0, '_a5_': 1.0, '_a6_': 1.0, '_a7_': 1.0}};{'d0': 0.025683199040502157};-278.725765581319;46.02613361818189
19854;-93.3367491724779;(((pow3((_a2_ + x)) / _a1_) + pow2((-((_a3_ * _a3_)) * x))) * x);{'d0': {'_a1_': 9.0226839570291, '_a2_': 2.511329116267314, '_a3_': 1.2765620004982619, '_a0_': 1.0, '_a4_': 1.0, '_a5_': 1.0, '_a6_': 1.0, '_a7_': 1.0}};{'d0': 0.025683199040502157};-278.725765581319;46.02613361818189
19855;-93.3367491724779;(((pow3((_a2_ + x)) / _a1_) + pow2((-((_a3_ * _a3_)) * x))) * x);{'d0': {'_a1_': 9.0226839570291, '_a2_': 2.511329116267314, '_a3_': 1.2765620004982619, '_a0_': 1.0, '_a4_': 1.0, '_a5_': 1.0, '_a6_': 1.0, '_a7_': 1.0}};{'d0': 0.025683199040502157};-278.725765581319;46.02613361818189
19856;-93.3367491724779;(((pow3((_a2_ + x)) / _a1_) + pow2((-((_a3_ * _a3_)) * x))) * x);{'d0': {'_a1_': 9.0226839570291, '_a2_': 2.511329116267314, '_a3_': 1.2765620004982619, '_a0_': 1.0, '_a4_': 1.0, '_a5_': 1.0, '_a6_': 1.0, '_a7_': 1.0}};{'d0': 0.025683199040502157};-278.725765581319;46.02613361818189
19857;-93.3367491724779;(((pow3((_a2_ + x)) / _a1_) + pow2((-((_a3_ * _a3_)) * x))) * x);{'d0': {'_a1_': 9.0226839570291, '_a2_': 2.511329116267314, '_a3_': 1.2765620004982619, '_a0_': 1.0, '_a4_': 1.0, '_a5_': 1.0, '_a6_': 1.0, '_a7_': 1.0}};{'d0': 0.025683199040502157};-278.725765581319;46.02613361818189
19858;-94.1877010134232;(((pow3((_a2_ + x)) * _a1_) + pow2((-((_a3_ * _a3_)) * x))) * x);{'d0': {'_a1_': 0.11083176534690052, '_a2_': 2.511329124224773, '_a3_': 1.2765620000578055, '_a0_': 1.0, '_a4_': 1.0, '_a5_': 1.0, '_a6_': 1.0, '_a7_': 1.0}};{'d0': 0.025683199040502234};-278.725765581319;45.17518177723649
19859;-94.1877010134232;(((pow3((_a2_ + x)) * _a1_) + pow2((-((_a3_ * _a3_)) * x))) * x);{'d0': {'_a1_': 0.11083176534690052, '_a2_': 2.511329124224773, '_a3_': 1.2765620000578055, '_a0_': 1.0, '_a4_': 1.0, '_a5_': 1.0, '_a6_': 1.0, '_a7_': 1.0}};{'d0': 0.025683199040502234};-278.725765581319;45.17518177723649
19860;-94.1877010134232;(((pow3((_a2_ + x)) * _a1_) + pow2((-((_a3_ * _a3_)) * x))) * x);{'d0': {'_a1_': 0.11083176534690052, '_a2_': 2.511329124224773, '_a3_': 1.2765620000578055, '_a0_': 1.0, '_a4_': 1.0, '_a5_': 1.0, '_a6_': 1.0, '_a7_': 1.0}};{'d0': 0.025683199040502234};-278.725765581319;45.17518177723649
19861;-94.1877010134232;(((pow3((_a2_ + x)) * _a1_) + pow2((-((_a3_ * _a3_)) * x))) * x);{'d0': {'_a1_': 0.11083176534690052, '_a2_': 2.511329124224773, '_a3_': 1.2765620000578055, '_a0_': 1.0, '_a4_': 1.0, '_a5_': 1.0, '_a6_': 1.0, '_a7_': 1.0}};{'d0': 0.025683199040502234};-278.725765581319;45.17518177723649
19862;-94.1877010134232;(((pow3((_a2_ + x)) * _a1_) + pow2((-((_a3_ * _a3_)) * x))) * x);{'d0': {'_a1_': 0.11083176534690052, '_a2_': 2.511329124224773, '_a3_': 1.2765620000578055, '_a0_': 1.0, '_a4_': 1.0, '_a5_': 1.0, '_a6_': 1.0, '_a7_': 1.0}};{'d0': 0.025683199040502234};-278.725765581319;45.17518177723649
19863;-94.1877010134232;(((pow3((_a2_ + x)) * _a1_) + pow2((-((_a3_ * _a3_)) * x))) * x);{'d0': {'_a1_': 0.11083176534690052, '_a2_': 2.511329124224773, '_a3_': 1.2765620000578055, '_a0_': 1.0, '_a4_': 1.0, '_a5_': 1.0, '_a6_': 1.0, '_a7_': 1.0}};{'d0': 0.025683199040502234};-278.725765581319;45.17518177723649
19864;-94.1877010134232;(((pow3((_a2_ + x)) * _a1_) + pow2((-((_a3_ * _a3_)) * x))) * x);{'d0': {'_a1_': 0.11083176534690052, '_a2_': 2.511329124224773, '_a3_': 1.2765620000578055, '_a0_': 1.0, '_a4_': 1.0, '_a5_': 1.0, '_a6_': 1.0, '_a7_': 1.0}};{'d0': 0.025683199040502234};-278.725765581319;45.17518177723649
19865;-94.1877010134232;(((pow3((_a2_ + x)) * _a1_) + pow2((-((_a3_ * _a3_)) * x))) * x);{'d0': {'_a1_': 0.11083176534690052, '_a2_': 2.511329124224773, '_a3_': 1.2765620000578055, '_a0_': 1.0, '_a4_': 1.0, '_a5_': 1.0, '_a6_': 1.0, '_a7_': 1.0}};{'d0': 0.025683199040502234};-278.725765581319;45.17518177723649
19866;-94.1877010134232;(((pow3((_a2_ + x)) * _a1_) + pow2((-((_a3_ * _a3_)) * x))) * x);{'d0': {'_a1_': 0.11083176534690052, '_a2_': 2.511329124224773, '_a3_': 1.2765620000578055, '_a0_': 1.0, '_a4_': 1.0, '_a5_': 1.0, '_a6_': 1.0, '_a7_': 1.0}};{'d0': 0.025683199040502234};-278.725765581319;45.17518177723649
19867;-94.1877010134232;(((pow3((_a2_ + x)) * _a1_) + pow2((-((_a3_ * _a3_)) * x))) * x);{'d0': {'_a1_': 0.11083176534690052, '_a2_': 2.511329124224773, '_a3_': 1.2765620000578055, '_a0_': 1.0, '_a4_': 1.0, '_a5_': 1.0, '_a6_': 1.0, '_a7_': 1.0}};{'d0': 0.025683199040502234};-278.725765581319;45.17518177723649
19868;-94.1877010134232;(((pow3((_a2_ + x)) * _a1_) + pow2((-((_a3_ * _a3_)) * x))) * x);{'d0': {'_a1_': 0.11083176534690052, '_a2_': 2.511329124224773, '_a3_': 1.2765620000578055, '_a0_': 1.0, '_a4_': 1.0, '_a5_': 1.0, '_a6_': 1.0, '_a7_': 1.0}};{'d0': 0.025683199040502234};-278.725765581319;45.17518177723649
19869;-94.1877010134232;(((pow3((_a2_ + x)) * _a1_) + pow2((-((_a3_ * _a3_)) * x))) * x);{'d0': {'_a1_': 0.11083176534690052, '_a2_': 2.511329124224773, '_a3_': 1.2765620000578055, '_a0_': 1.0, '_a4_': 1.0, '_a5_': 1.0, '_a6_': 1.0, '_a7_': 1.0}};{'d0': 0.025683199040502234};-278.725765581319;45.17518177723649
19870;-94.1877010134232;(((pow3((_a2_ + x)) * _a1_) + pow2((-((_a3_ * _a3_)) * x))) * x);{'d0': {'_a1_': 0.11083176534690052, '_a2_': 2.511329124224773, '_a3_': 1.2765620000578055, '_a0_': 1.0, '_a4_': 1.0, '_a5_': 1.0, '_a6_': 1.0, '_a7_': 1.0}};{'d0': 0.025683199040502234};-278.725765581319;45.17518177723649
19871;-94.1877010134232;(((pow3((_a2_ + x)) * _a1_) + pow2((-((_a3_ * _a3_)) * x))) * x);{'d0': {'_a1_': 0.11083176534690052, '_a2_': 2.511329124224773, '_a3_': 1.2765620000578055, '_a0_': 1.0, '_a4_': 1.0, '_a5_': 1.0, '_a6_': 1.0, '_a7_': 1.0}};{'d0': 0.025683199040502234};-278.725765581319;45.17518177723649
19872;-94.1877010134232;(((pow3((_a2_ + x)) * _a1_) + pow2((-((_a3_ * _a3_)) * x))) * x);{'d0': {'_a1_': 0.11083176534690052, '_a2_': 2.511329124224773, '_a3_': 1.2765620000578055, '_a0_': 1.0, '_a4_': 1.0, '_a5_': 1.0, '_a6_': 1.0, '_a7_': 1.0}};{'d0': 0.025683199040502234};-278.725765581319;45.17518177723649
19873;-94.1877010134232;(((pow3((_a2_ + x)) * _a1_) + pow2((-((_a3_ * _a3_)) * x))) * x);{'d0': {'_a1_': 0.11083176534690052, '_a2_': 2.511329124224773, '_a3_': 1.2765620000578055, '_a0_': 1.0, '_a4_': 1.0, '_a5_': 1.0, '_a6_': 1.0, '_a7_': 1.0}};{'d0': 0.025683199040502234};-278.725765581319;45.17518177723649
19874;-94.1877010134232;(((pow3((_a2_ + x)) * _a1_) + pow2((-((_a3_ * _a3_)) * x))) * x);{'d0': {'_a1_': 0.11083176534690052, '_a2_': 2.511329124224773, '_a3_': 1.2765620000578055, '_a0_': 1.0, '_a4_': 1.0, '_a5_': 1.0, '_a6_': 1.0, '_a7_': 1.0}};{'d0': 0.025683199040502234};-278.725765581319;45.17518177723649
19875;-94.1877010134232;(((pow3((_a2_ + x)) * _a1_) + pow2((-((_a3_ * _a3_)) * x))) * x);{'d0': {'_a1_': 0.11083176534690052, '_a2_': 2.511329124224773, '_a3_': 1.2765620000578055, '_a0_': 1.0, '_a4_': 1.0, '_a5_': 1.0, '_a6_': 1.0, '_a7_': 1.0}};{'d0': 0.025683199040502234};-278.725765581319;45.17518177723649
19876;-94.1877010134232;(((pow3((_a2_ + x)) * _a1_) + pow2((-((_a3_ * _a3_)) * x))) * x);{'d0': {'_a1_': 0.11083176534690052, '_a2_': 2.511329124224773, '_a3_': 1.2765620000578055, '_a0_': 1.0, '_a4_': 1.0, '_a5_': 1.0, '_a6_': 1.0, '_a7_': 1.0}};{'d0': 0.025683199040502234};-278.725765581319;45.17518177723649
19877;-94.1877010134232;(((pow3((_a2_ + x)) * _a1_) + pow2((-((_a3_ * _a3_)) * x))) * x);{'d0': {'_a1_': 0.11083176534690052, '_a2_': 2.511329124224773, '_a3_': 1.2765620000578055, '_a0_': 1.0, '_a4_': 1.0, '_a5_': 1.0, '_a6_': 1.0, '_a7_': 1.0}};{'d0': 0.025683199040502234};-278.725765581319;45.17518177723649
19878;-94.1877010134232;(((pow3((_a2_ + x)) * _a1_) + pow2((-((_a3_ * _a3_)) * x))) * x);{'d0': {'_a1_': 0.11083176534690052, '_a2_': 2.511329124224773, '_a3_': 1.2765620000578055, '_a0_': 1.0, '_a4_': 1.0, '_a5_': 1.0, '_a6_': 1.0, '_a7_': 1.0}};{'d0': 0.025683199040502234};-278.725765581319;45.17518177723649
19879;-94.1877010134232;(((pow3((_a2_ + x)) * _a1_) + pow2((-((_a3_ * _a3_)) * x))) * x);{'d0': {'_a1_': 0.11083176534690052, '_a2_': 2.511329124224773, '_a3_': 1.2765620000578055, '_a0_': 1.0, '_a4_': 1.0, '_a5_': 1.0, '_a6_': 1.0, '_a7_': 1.0}};{'d0': 0.025683199040502234};-278.725765581319;45.17518177723649
19880;-94.1877010134232;(((pow3((_a2_ + x)) * _a1_) + pow2((-((_a3_ * _a3_)) * x))) * x);{'d0': {'_a1_': 0.11083176534690052, '_a2_': 2.511329124224773, '_a3_': 1.2765620000578055, '_a0_': 1.0, '_a4_': 1.0, '_a5_': 1.0, '_a6_': 1.0, '_a7_': 1.0}};{'d0': 0.025683199040502234};-278.725765581319;45.17518177723649
19881;-94.1877010134232;(((pow3((_a2_ + x)) * _a1_) + pow2((-((_a3_ * _a3_)) * x))) * x);{'d0': {'_a1_': 0.11083176534690052, '_a2_': 2.511329124224773, '_a3_': 1.2765620000578055, '_a0_': 1.0, '_a4_': 1.0, '_a5_': 1.0, '_a6_': 1.0, '_a7_': 1.0}};{'d0': 0.025683199040502234};-278.725765581319;45.17518177723649
19882;-94.1877010134232;(((pow3((_a2_ + x)) * _a1_) + pow2((-((_a3_ * _a3_)) * x))) * x);{'d0': {'_a1_': 0.11083176534690052, '_a2_': 2.511329124224773, '_a3_': 1.2765620000578055, '_a0_': 1.0, '_a4_': 1.0, '_a5_': 1.0, '_a6_': 1.0, '_a7_': 1.0}};{'d0': 0.025683199040502234};-278.725765581319;45.17518177723649
19883;-94.1877010134232;(((pow3((_a2_ + x)) * _a1_) + pow2((-((_a3_ * _a3_)) * x))) * x);{'d0': {'_a1_': 0.11083176534690052, '_a2_': 2.511329124224773, '_a3_': 1.2765620000578055, '_a0_': 1.0, '_a4_': 1.0, '_a5_': 1.0, '_a6_': 1.0, '_a7_': 1.0}};{'d0': 0.025683199040502234};-278.725765581319;45.17518177723649
19884;-94.1877010134232;(((pow3((_a2_ + x)) * _a1_) + pow2((-((_a3_ * _a3_)) * x))) * x);{'d0': {'_a1_': 0.11083176534690052, '_a2_': 2.511329124224773, '_a3_': 1.2765620000578055, '_a0_': 1.0, '_a4_': 1.0, '_a5_': 1.0, '_a6_': 1.0, '_a7_': 1.0}};{'d0': 0.025683199040502234};-278.725765581319;45.17518177723649
19885;-94.1877010134232;(((pow3((_a2_ + x)) * _a1_) + pow2((-((_a3_ * _a3_)) * x))) * x);{'d0': {'_a1_': 0.11083176534690052, '_a2_': 2.511329124224773, '_a3_': 1.2765620000578055, '_a0_': 1.0, '_a4_': 1.0, '_a5_': 1.0, '_a6_': 1.0, '_a7_': 1.0}};{'d0': 0.025683199040502234};-278.725765581319;45.17518177723649
19886;-94.1877010134232;(((pow3((_a2_ + x)) * _a1_) + pow2((-((_a3_ * _a3_)) * x))) * x);{'d0': {'_a1_': 0.11083176534690052, '_a2_': 2.511329124224773, '_a3_': 1.2765620000578055, '_a0_': 1.0, '_a4_': 1.0, '_a5_': 1.0, '_a6_': 1.0, '_a7_': 1.0}};{'d0': 0.025683199040502234};-278.725765581319;45.17518177723649
19887;-94.1877010134232;(((pow3((_a2_ + x)) * _a1_) + pow2((-((_a3_ * _a3_)) * x))) * x);{'d0': {'_a1_': 0.11083176534690052, '_a2_': 2.511329124224773, '_a3_': 1.2765620000578055, '_a0_': 1.0, '_a4_': 1.0, '_a5_': 1.0, '_a6_': 1.0, '_a7_': 1.0}};{'d0': 0.025683199040502234};-278.725765581319;45.17518177723649
19888;-94.1877010134232;(((pow3((_a2_ + x)) * _a1_) + pow2((-((_a3_ * _a3_)) * x))) * x);{'d0': {'_a1_': 0.11083176534690052, '_a2_': 2.511329124224773, '_a3_': 1.2765620000578055, '_a0_': 1.0, '_a4_': 1.0, '_a5_': 1.0, '_a6_': 1.0, '_a7_': 1.0}};{'d0': 0.025683199040502234};-278.725765581319;45.17518177723649
19889;-90.5072487751621;(((pow3((-(_a7_) + x)) * _a1_) + pow2((-((_a3_ * _a3_)) * x))) * x);{'d0': {'_a1_': 0.11083176667947608, '_a3_': 1.2765620006558707, '_a7_': -2.511329113449443, '_a0_': 1.0, '_a2_': 1.0, '_a4_': 1.0, '_a5_': 1.0, '_a6_': 1.0}};{'d0': 0.0256831990405022};-278.725765581319;48.85563401549766
19890;-98.7896986075458;((_a4_ * _a7_) * ((x * pow2((pow3(_a6_) * (x + _a7_)))) + x));{'d0': {'_a4_': 4.637506633441619, '_a6_': 1.151754287376941, '_a7_': 0.3119297078086143, '_a0_': 1.0, '_a1_': 1.0, '_a2_': 1.0, '_a3_': 1.0, '_a5_': 1.0}};{'d0': 0.024905832919416625};-280.569866449044;41.495234616976006
19891;-98.7896986075458;((_a4_ * _a7_) * ((x * pow2((pow3(_a6_) * (x + _a7_)))) + x));{'d0': {'_a4_': 4.637506633441619, '_a6_': 1.151754287376941, '_a7_': 0.3119297078086143, '_a0_': 1.0, '_a1_': 1.0, '_a2_': 1.0, '_a3_': 1.0, '_a5_': 1.0}};{'d0': 0.024905832919416625};-280.569866449044;41.495234616976006
19892;-98.7896986075458;((_a4_ * _a4_) * ((x * pow2((pow3(_a6_) * (x + _a7_)))) + x));{'d0': {'_a4_': 1.2027369161220358, '_a6_': 1.1517542873250048, '_a7_': 0.311929707870271, '_a0_': 1.0, '_a1_': 1.0, '_a2_': 1.0, '_a3_': 1.0, '_a5_': 1.0}};{'d0': 0.024905832919416608};-280.569866449044;41.495234616976006
19893;-98.7896986075458;((_a4_ * _a4_) * ((x * pow2((pow3(_a6_) * (x + _a7_)))) + x));{'d0': {'_a4_': 1.2027369161220358, '_a6_': 1.1517542873250048, '_a7_': 0.311929707870271, '_a0_': 1.0, '_a1_': 1.0, '_a2_': 1.0, '_a3_': 1.0, '_a5_': 1.0}};{'d0': 0.024905832919416608};-280.569866449044;41.495234616976006
19894;-98.7896986075458;((_a4_ * _a4_) * ((x * pow2((pow3(_a6_) * (x + _a7_)))) + x));{'d0': {'_a4_': 1.2027369161220358, '_a6_': 1.1517542873250048, '_a7_': 0.311929707870271, '_a0_': 1.0, '_a1_': 1.0, '_a2_': 1.0, '_a3_': 1.0, '_a5_': 1.0}};{'d0': 0.024905832919416608};-280.569866449044;41.495234616976006
19895;-98.7896986075458;((_a4_ * _a4_) * ((x * pow2((pow3(_a6_) * (x + _a7_)))) + x));{'d0': {'_a4_': 1.2027369161220358, '_a6_': 1.1517542873250048, '_a7_': 0.311929707870271, '_a0_': 1.0, '_a1_': 1.0, '_a2_': 1.0, '_a3_': 1.0, '_a5_': 1.0}};{'d0': 0.024905832919416608};-280.569866449044;41.495234616976006
19896;-98.7896986075458;((_a4_ * _a4_) * ((x * pow2((pow3(_a6_) * (x + _a7_)))) + x));{'d0': {'_a4_': 1.2027369161220358, '_a6_': 1.1517542873250048, '_a7_': 0.311929707870271, '_a0_': 1.0, '_a1_': 1.0, '_a2_': 1.0, '_a3_': 1.0, '_a5_': 1.0}};{'d0': 0.024905832919416608};-280.569866449044;41.495234616976006
19897;-98.7896986075458;((_a4_ * _a4_) * ((x * pow2((pow3(_a6_) * (x + _a7_)))) + x));{'d0': {'_a4_': 1.2027369161220358, '_a6_': 1.1517542873250048, '_a7_': 0.311929707870271, '_a0_': 1.0, '_a1_': 1.0, '_a2_': 1.0, '_a3_': 1.0, '_a5_': 1.0}};{'d0': 0.024905832919416608};-280.569866449044;41.495234616976006
19898;-98.7896986075458;((_a4_ * _a4_) * ((x * pow2((pow3(_a6_) * (x + _a7_)))) + x));{'d0': {'_a4_': 1.2027369161220358, '_a6_': 1.1517542873250048, '_a7_': 0.311929707870271, '_a0_': 1.0, '_a1_': 1.0, '_a2_': 1.0, '_a3_': 1.0, '_a5_': 1.0}};{'d0': 0.024905832919416608};-280.569866449044;41.495234616976006
19899;-98.7896986075458;((_a4_ * _a4_) * ((x * pow2((pow3(_a6_) * (x + _a7_)))) + x));{'d0': {'_a4_': 1.2027369161220358, '_a6_': 1.1517542873250048, '_a7_': 0.311929707870271, '_a0_': 1.0, '_a1_': 1.0, '_a2_': 1.0, '_a3_': 1.0, '_a5_': 1.0}};{'d0': 0.024905832919416608};-280.569866449044;41.495234616976006
19900;-103.739038533003;(_a2_ * ((x * pow2((pow3(_a6_) * (x + _a7_)))) + x));{'d0': {'_a2_': 1.4465760895091815, '_a6_': 1.151754287264747, '_a7_': 0.3119297077973252, '_a0_': 1.0, '_a1_': 1.0, '_a3_': 1.0, '_a4_': 1.0, '_a5_': 1.0}};{'d0': 0.024905832919416615};-280.569866449044;36.54589469151901
19901;-103.739038533003;(_a2_ * ((x * pow2((pow3(_a6_) * (x + _a7_)))) + x));{'d0': {'_a2_': 1.4465760895091815, '_a6_': 1.151754287264747, '_a7_': 0.3119297077973252, '_a0_': 1.0, '_a1_': 1.0, '_a3_': 1.0, '_a4_': 1.0, '_a5_': 1.0}};{'d0': 0.024905832919416615};-280.569866449044;36.54589469151901
19902;-103.739038533003;(_a2_ * ((x * pow2((pow3(_a6_) * (x + _a7_)))) + x));{'d0': {'_a2_': 1.4465760895091815, '_a6_': 1.151754287264747, '_a7_': 0.3119297077973252, '_a0_': 1.0, '_a1_': 1.0, '_a3_': 1.0, '_a4_': 1.0, '_a5_': 1.0}};{'d0': 0.024905832919416615};-280.569866449044;36.54589469151901
19903;-103.739038533003;(_a2_ * ((x * pow2((pow3(_a6_) * (x + _a7_)))) + x));{'d0': {'_a2_': 1.4465760895091815, '_a6_': 1.151754287264747, '_a7_': 0.3119297077973252, '_a0_': 1.0, '_a1_': 1.0, '_a3_': 1.0, '_a4_': 1.0, '_a5_': 1.0}};{'d0': 0.024905832919416615};-280.569866449044;36.54589469151901
19904;-103.739038533003;(_a2_ * ((x * pow2((pow3(_a6_) * (x + _a7_)))) + x));{'d0': {'_a2_': 1.4465760895091815, '_a6_': 1.151754287264747, '_a7_': 0.3119297077973252, '_a0_': 1.0, '_a1_': 1.0, '_a3_': 1.0, '_a4_': 1.0, '_a5_': 1.0}};{'d0': 0.024905832919416615};-280.569866449044;36.54589469151901
19905;-103.739038533003;(_a2_ * ((x * pow2((pow3(_a6_) * (x + _a7_)))) + x));{'d0': {'_a2_': 1.4465760895091815, '_a6_': 1.151754287264747, '_a7_': 0.3119297077973252, '_a0_': 1.0, '_a1_': 1.0, '_a3_': 1.0, '_a4_': 1.0, '_a5_': 1.0}};{'d0': 0.024905832919416615};-280.569866449044;36.54589469151901
19906;-103.739038533003;(_a2_ * ((x * pow2((pow3(_a6_) * (x + _a7_)))) + x));{'d0': {'_a2_': 1.4465760895091815, '_a6_': 1.151754287264747, '_a7_': 0.3119297077973252, '_a0_': 1.0, '_a1_': 1.0, '_a3_': 1.0, '_a4_': 1.0, '_a5_': 1.0}};{'d0': 0.024905832919416615};-280.569866449044;36.54589469151901
19907;-103.739038533003;(_a2_ * ((x * pow2((pow3(_a6_) * (x + _a7_)))) + x));{'d0': {'_a2_': 1.4465760895091815, '_a6_': 1.151754287264747, '_a7_': 0.3119297077973252, '_a0_': 1.0, '_a1_': 1.0, '_a3_': 1.0, '_a4_': 1.0, '_a5_': 1.0}};{'d0': 0.024905832919416615};-280.569866449044;36.54589469151901
19908;-103.739038533003;(_a2_ * ((x * pow2((pow3(_a6_) * (x + _a7_)))) + x));{'d0': {'_a2_': 1.4465760895091815, '_a6_': 1.151754287264747, '_a7_': 0.3119297077973252, '_a0_': 1.0, '_a1_': 1.0, '_a3_': 1.0, '_a4_': 1.0, '_a5_': 1.0}};{'d0': 0.024905832919416615};-280.569866449044;36.54589469151901
19909;-103.739038533003;(_a2_ * ((x * pow2((pow3(_a6_) * (x + _a7_)))) + x));{'d0': {'_a2_': 1.4465760895091815, '_a6_': 1.151754287264747, '_a7_': 0.3119297077973252, '_a0_': 1.0, '_a1_': 1.0, '_a3_': 1.0, '_a4_': 1.0, '_a5_': 1.0}};{'d0': 0.024905832919416615};-280.569866449044;36.54589469151901
19910;-103.739038533003;(_a2_ * ((x * pow2((pow3(_a6_) * (x + _a7_)))) + x));{'d0': {'_a2_': 1.4465760895091815, '_a6_': 1.151754287264747, '_a7_': 0.3119297077973252, '_a0_': 1.0, '_a1_': 1.0, '_a3_': 1.0, '_a4_': 1.0, '_a5_': 1.0}};{'d0': 0.024905832919416615};-280.569866449044;36.54589469151901
19911;-103.739038533003;(_a2_ * ((x * pow2((pow3(_a6_) * (x + _a7_)))) + x));{'d0': {'_a2_': 1.4465760895091815, '_a6_': 1.151754287264747, '_a7_': 0.3119297077973252, '_a0_': 1.0, '_a1_': 1.0, '_a3_': 1.0, '_a4_': 1.0, '_a5_': 1.0}};{'d0': 0.024905832919416615};-280.569866449044;36.54589469151901
19912;-103.739038533003;(_a2_ * ((x * pow2((pow3(_a6_) * (x + _a7_)))) + x));{'d0': {'_a2_': 1.4465760895091815, '_a6_': 1.151754287264747, '_a7_': 0.3119297077973252, '_a0_': 1.0, '_a1_': 1.0, '_a3_': 1.0, '_a4_': 1.0, '_a5_': 1.0}};{'d0': 0.024905832919416615};-280.569866449044;36.54589469151901
19913;-103.739038533003;(_a2_ * ((x * pow2((pow3(_a6_) * (x + _a7_)))) + x));{'d0': {'_a2_': 1.4465760895091815, '_a6_': 1.151754287264747, '_a7_': 0.3119297077973252, '_a0_': 1.0, '_a1_': 1.0, '_a3_': 1.0, '_a4_': 1.0, '_a5_': 1.0}};{'d0': 0.024905832919416615};-280.569866449044;36.54589469151901
19914;-103.739038533003;(_a2_ * ((x * pow2((pow3(_a6_) * (x + _a7_)))) + x));{'d0': {'_a2_': 1.4465760895091815, '_a6_': 1.151754287264747, '_a7_': 0.3119297077973252, '_a0_': 1.0, '_a1_': 1.0, '_a3_': 1.0, '_a4_': 1.0, '_a5_': 1.0}};{'d0': 0.024905832919416615};-280.569866449044;36.54589469151901
19915;-103.739038533003;(_a2_ * ((x * pow2((pow3(_a6_) * (x + _a7_)))) + x));{'d0': {'_a2_': 1.4465760895091815, '_a6_': 1.151754287264747, '_a7_': 0.3119297077973252, '_a0_': 1.0, '_a1_': 1.0, '_a3_': 1.0, '_a4_': 1.0, '_a5_': 1.0}};{'d0': 0.024905832919416615};-280.569866449044;36.54589469151901
19916;-103.739038533003;(_a2_ * ((x * pow2((pow3(_a6_) * (x + _a7_)))) + x));{'d0': {'_a2_': 1.4465760895091815, '_a6_': 1.151754287264747, '_a7_': 0.3119297077973252, '_a0_': 1.0, '_a1_': 1.0, '_a3_': 1.0, '_a4_': 1.0, '_a5_': 1.0}};{'d0': 0.024905832919416615};-280.569866449044;36.54589469151901
19917;-103.739038533003;(_a2_ * ((x * pow2((pow3(_a6_) * (x + _a7_)))) + x));{'d0': {'_a2_': 1.4465760895091815, '_a6_': 1.151754287264747, '_a7_': 0.3119297077973252, '_a0_': 1.0, '_a1_': 1.0, '_a3_': 1.0, '_a4_': 1.0, '_a5_': 1.0}};{'d0': 0.024905832919416615};-280.569866449044;36.54589469151901
19918;-103.739038533003;(_a2_ * ((x * pow2((pow3(_a6_) * (x + _a7_)))) + x));{'d0': {'_a2_': 1.4465760895091815, '_a6_': 1.151754287264747, '_a7_': 0.3119297077973252, '_a0_': 1.0, '_a1_': 1.0, '_a3_': 1.0, '_a4_': 1.0, '_a5_': 1.0}};{'d0': 0.024905832919416615};-280.569866449044;36.54589469151901
19919;-103.739038533003;(_a2_ * ((x * pow2((pow3(_a6_) * (x + _a7_)))) + x));{'d0': {'_a2_': 1.4465760895091815, '_a6_': 1.151754287264747, '_a7_': 0.3119297077973252, '_a0_': 1.0, '_a1_': 1.0, '_a3_': 1.0, '_a4_': 1.0, '_a5_': 1.0}};{'d0': 0.024905832919416615};-280.569866449044;36.54589469151901
19920;-102.816988099141;(((pow3((_a2_ + x)) * _a1_) + pow2((_a7_ * x))) * x);{'d0': {'_a1_': 0.110831766080243, '_a2_': 2.5113291182677715, '_a7_': 1.6296105408414325, '_a0_': 1.0, '_a3_': 1.0, '_a4_': 1.0, '_a5_': 1.0, '_a6_': 1.0}};{'d0': 0.02568319904050216};-278.725765581319;36.5458946915191
19921;-99.1190536265307;(((pow3((_a2_ + x)) * pow2(_a5_)) + pow2((_a7_ * x))) * x);{'d0': {'_a2_': 2.511329117555193, '_a5_': 0.33291405223411485, '_a7_': 1.629610540924727, '_a0_': 1.0, '_a1_': 1.0, '_a3_': 1.0, '_a4_': 1.0, '_a6_': 1.0}};{'d0': 0.02568319904050217};-278.725765581319;40.2438291641291
19922;-103.739038533003;(_a2_ * ((x * pow2((pow3(_a6_) * (x + _a7_)))) + x));{'d0': {'_a2_': 1.4465760895091815, '_a6_': 1.151754287264747, '_a7_': 0.3119297077973252, '_a0_': 1.0, '_a1_': 1.0, '_a3_': 1.0, '_a4_': 1.0, '_a5_': 1.0}};{'d0': 0.024905832919416615};-280.569866449044;36.54589469151901
19923;-98.7896986075458;(_a2_ * ((x * pow2((pow3((_a0_ * _a2_)) * (x + _a7_)))) + x));{'d0': {'_a0_': 0.7961933672319051, '_a2_': 1.446576089131416, '_a7_': 0.31192970771356837, '_a1_': 1.0, '_a3_': 1.0, '_a4_': 1.0, '_a5_': 1.0, '_a6_': 1.0}};{'d0': 0.024905832919416563};-280.569866449044;41.495234616976006
19924;-98.7896986075458;(_a2_ * ((x * pow2((pow3((_a0_ * _a2_)) * (x + _a7_)))) + x));{'d0': {'_a0_': 0.7961933672319051, '_a2_': 1.446576089131416, '_a7_': 0.31192970771356837, '_a1_': 1.0, '_a3_': 1.0, '_a4_': 1.0, '_a5_': 1.0, '_a6_': 1.0}};{'d0': 0.024905832919416563};-280.569866449044;41.495234616976006
19925;-98.7896986075458;(_a2_ * ((x * pow2((pow3((_a0_ * _a2_)) * (x + _a7_)))) + x));{'d0': {'_a0_': 0.7961933672319051, '_a2_': 1.446576089131416, '_a7_': 0.31192970771356837, '_a1_': 1.0, '_a3_': 1.0, '_a4_': 1.0, '_a5_': 1.0, '_a6_': 1.0}};{'d0': 0.024905832919416563};-280.569866449044;41.495234616976006
19926;-98.7896986075458;(_a2_ * ((x * pow2((pow3((_a0_ * _a2_)) * (x + _a7_)))) + x));{'d0': {'_a0_': 0.7961933672319051, '_a2_': 1.446576089131416, '_a7_': 0.31192970771356837, '_a1_': 1.0, '_a3_': 1.0, '_a4_': 1.0, '_a5_': 1.0, '_a6_': 1.0}};{'d0': 0.024905832919416563};-280.569866449044;41.495234616976006
19927;-98.7896986075458;(_a2_ * ((x * pow2((pow3((_a0_ * _a2_)) * (x + _a7_)))) + x));{'d0': {'_a0_': 0.7961933672319051, '_a2_': 1.446576089131416, '_a7_': 0.31192970771356837, '_a1_': 1.0, '_a3_': 1.0, '_a4_': 1.0, '_a5_': 1.0, '_a6_': 1.0}};{'d0': 0.024905832919416563};-280.569866449044;41.495234616976006
19928;-98.7896986075458;(_a2_ * ((x * pow2((pow3((_a0_ * _a2_)) * (x + _a7_)))) + x));{'d0': {'_a0_': 0.7961933672319051, '_a2_': 1.446576089131416, '_a7_': 0.31192970771356837, '_a1_': 1.0, '_a3_': 1.0, '_a4_': 1.0, '_a5_': 1.0, '_a6_': 1.0}};{'d0': 0.024905832919416563};-280.569866449044;41.495234616976006
19929;-98.7896986075458;(_a2_ * ((x * pow2((pow3((_a0_ * _a2_)) * (x + _a7_)))) + x));{'d0': {'_a0_': 0.7961933672319051, '_a2_': 1.446576089131416, '_a7_': 0.31192970771356837, '_a1_': 1.0, '_a3_': 1.0, '_a4_': 1.0, '_a5_': 1.0, '_a6_': 1.0}};{'d0': 0.024905832919416563};-280.569866449044;41.495234616976006
19930;-98.7896986075458;(_a2_ * ((x * pow2((pow3((_a0_ * _a2_)) * (x + _a7_)))) + x));{'d0': {'_a0_': 0.7961933672319051, '_a2_': 1.446576089131416, '_a7_': 0.31192970771356837, '_a1_': 1.0, '_a3_': 1.0, '_a4_': 1.0, '_a5_': 1.0, '_a6_': 1.0}};{'d0': 0.024905832919416563};-280.569866449044;41.495234616976006
19931;-98.7896986075458;(_a2_ * ((x * pow2((pow3((_a0_ * _a2_)) * (x + _a7_)))) + x));{'d0': {'_a0_': 0.7961933672319051, '_a2_': 1.446576089131416, '_a7_': 0.31192970771356837, '_a1_': 1.0, '_a3_': 1.0, '_a4_': 1.0, '_a5_': 1.0, '_a6_': 1.0}};{'d0': 0.024905832919416563};-280.569866449044;41.495234616976006
19932;-98.7896986075458;(_a2_ * ((x * pow2((pow3((_a0_ * _a2_)) * (x + _a7_)))) + x));{'d0': {'_a0_': 0.7961933672319051, '_a2_': 1.446576089131416, '_a7_': 0.31192970771356837, '_a1_': 1.0, '_a3_': 1.0, '_a4_': 1.0, '_a5_': 1.0, '_a6_': 1.0}};{'d0': 0.024905832919416563};-280.569866449044;41.495234616976006
19933;-98.7896986075458;(_a2_ * ((x * pow2((pow3((_a0_ * _a2_)) * (x + _a7_)))) + x));{'d0': {'_a0_': 0.7961933672319051, '_a2_': 1.446576089131416, '_a7_': 0.31192970771356837, '_a1_': 1.0, '_a3_': 1.0, '_a4_': 1.0, '_a5_': 1.0, '_a6_': 1.0}};{'d0': 0.024905832919416563};-280.569866449044;41.495234616976006
19934;-98.7896986075458;(_a2_ * ((x * pow2((pow3((_a0_ * _a2_)) * (x + _a7_)))) + x));{'d0': {'_a0_': 0.7961933672319051, '_a2_': 1.446576089131416, '_a7_': 0.31192970771356837, '_a1_': 1.0, '_a3_': 1.0, '_a4_': 1.0, '_a5_': 1.0, '_a6_': 1.0}};{'d0': 0.024905832919416563};-280.569866449044;41.495234616976006
19935;-98.7896986075458;(_a2_ * ((x * pow2((pow3((_a0_ * _a2_)) * (x + _a7_)))) + x));{'d0': {'_a0_': 0.7961933672319051, '_a2_': 1.446576089131416, '_a7_': 0.31192970771356837, '_a1_': 1.0, '_a3_': 1.0, '_a4_': 1.0, '_a5_': 1.0, '_a6_': 1.0}};{'d0': 0.024905832919416563};-280.569866449044;41.495234616976006
19936;-92.8690975585158;(_a2_ * ((x * pow2((pow3(((_a4_ + _a7_) * _a2_)) * (x + _a7_)))) + x));{'d0': {'_a2_': 1.4465760896540703, '_a4_': 0.48426365895684503, '_a7_': 0.31192970792663904, '_a0_': 1.0, '_a1_': 1.0, '_a3_': 1.0, '_a5_': 1.0, '_a6_': 1.0}};{'d0': 0.02490583291941656};-280.569866449044;47.415835666006004
19937;-92.8690975585158;(_a2_ * ((x * pow2((pow3(((_a4_ + _a7_) * _a2_)) * (x + _a7_)))) + x));{'d0': {'_a2_': 1.4465760896540703, '_a4_': 0.48426365895684503, '_a7_': 0.31192970792663904, '_a0_': 1.0, '_a1_': 1.0, '_a3_': 1.0, '_a5_': 1.0, '_a6_': 1.0}};{'d0': 0.02490583291941656};-280.569866449044;47.415835666006004
19938;-92.8690975585158;(_a2_ * ((x * pow2((pow3(((_a4_ + _a7_) * _a2_)) * (x + _a7_)))) + x));{'d0': {'_a2_': 1.4465760896540703, '_a4_': 0.48426365895684503, '_a7_': 0.31192970792663904, '_a0_': 1.0, '_a1_': 1.0, '_a3_': 1.0, '_a5_': 1.0, '_a6_': 1.0}};{'d0': 0.02490583291941656};-280.569866449044;47.415835666006004
19939;-92.8690975585158;(_a2_ * ((x * pow2((pow3(((_a4_ + _a7_) * _a2_)) * (x + _a7_)))) + x));{'d0': {'_a2_': 1.4465760896540703, '_a4_': 0.48426365895684503, '_a7_': 0.31192970792663904, '_a0_': 1.0, '_a1_': 1.0, '_a3_': 1.0, '_a5_': 1.0, '_a6_': 1.0}};{'d0': 0.02490583291941656};-280.569866449044;47.415835666006004
19940;-92.8690975585158;(_a2_ * ((x * pow2((pow3(((_a4_ + _a7_) * _a2_)) * (x + _a7_)))) + x));{'d0': {'_a2_': 1.4465760896540703, '_a4_': 0.48426365895684503, '_a7_': 0.31192970792663904, '_a0_': 1.0, '_a1_': 1.0, '_a3_': 1.0, '_a5_': 1.0, '_a6_': 1.0}};{'d0': 0.02490583291941656};-280.569866449044;47.415835666006004
19941;-92.8690975585158;(_a2_ * ((x * pow2((pow3(((_a4_ + _a7_) * _a2_)) * (x + _a7_)))) + x));{'d0': {'_a2_': 1.4465760896540703, '_a4_': 0.48426365895684503, '_a7_': 0.31192970792663904, '_a0_': 1.0, '_a1_': 1.0, '_a3_': 1.0, '_a5_': 1.0, '_a6_': 1.0}};{'d0': 0.02490583291941656};-280.569866449044;47.415835666006004
19942;-92.8690975585158;(_a2_ * ((x * pow2((pow3(((_a4_ + _a7_) * _a2_)) * (x + _a7_)))) + x));{'d0': {'_a2_': 1.4465760896540703, '_a4_': 0.48426365895684503, '_a7_': 0.31192970792663904, '_a0_': 1.0, '_a1_': 1.0, '_a3_': 1.0, '_a5_': 1.0, '_a6_': 1.0}};{'d0': 0.02490583291941656};-280.569866449044;47.415835666006004
19943;-92.8690975585158;(_a2_ * ((x * pow2((pow3(((_a4_ + _a7_) * _a2_)) * (x + _a7_)))) + x));{'d0': {'_a2_': 1.4465760896540703, '_a4_': 0.48426365895684503, '_a7_': 0.31192970792663904, '_a0_': 1.0, '_a1_': 1.0, '_a3_': 1.0, '_a5_': 1.0, '_a6_': 1.0}};{'d0': 0.02490583291941656};-280.569866449044;47.415835666006004
19944;-92.8690975585158;(_a2_ * ((x * pow2((pow3(((_a4_ + _a7_) * _a2_)) * (x + _a7_)))) + x));{'d0': {'_a2_': 1.4465760896540703, '_a4_': 0.48426365895684503, '_a7_': 0.31192970792663904, '_a0_': 1.0, '_a1_': 1.0, '_a3_': 1.0, '_a5_': 1.0, '_a6_': 1.0}};{'d0': 0.02490583291941656};-280.569866449044;47.415835666006004
19945;-92.8690975585158;(_a2_ * ((x * pow2((pow3(((_a4_ + _a7_) * _a2_)) * (x + _a7_)))) + x));{'d0': {'_a2_': 1.4465760896540703, '_a4_': 0.48426365895684503, '_a7_': 0.31192970792663904, '_a0_': 1.0, '_a1_': 1.0, '_a3_': 1.0, '_a5_': 1.0, '_a6_': 1.0}};{'d0': 0.02490583291941656};-280.569866449044;47.415835666006004
19946;-92.8690975585158;(_a2_ * ((x * pow2((pow3(((_a4_ + _a7_) * _a2_)) * (x + _a7_)))) + x));{'d0': {'_a2_': 1.4465760896540703, '_a4_': 0.48426365895684503, '_a7_': 0.31192970792663904, '_a0_': 1.0, '_a1_': 1.0, '_a3_': 1.0, '_a5_': 1.0, '_a6_': 1.0}};{'d0': 0.02490583291941656};-280.569866449044;47.415835666006004
19947;-92.8690975585158;(_a2_ * ((x * pow2((pow3(((_a4_ + _a7_) * _a2_)) * (x + _a7_)))) + x));{'d0': {'_a2_': 1.4465760896540703, '_a4_': 0.48426365895684503, '_a7_': 0.31192970792663904, '_a0_': 1.0, '_a1_': 1.0, '_a3_': 1.0, '_a5_': 1.0, '_a6_': 1.0}};{'d0': 0.02490583291941656};-280.569866449044;47.415835666006004
19948;-92.8690975585158;(_a2_ * ((x * pow2((pow3(((_a4_ + _a7_) * _a2_)) * (x + _a7_)))) + x));{'d0': {'_a2_': 1.4465760896540703, '_a4_': 0.48426365895684503, '_a7_': 0.31192970792663904, '_a0_': 1.0, '_a1_': 1.0, '_a3_': 1.0, '_a5_': 1.0, '_a6_': 1.0}};{'d0': 0.02490583291941656};-280.569866449044;47.415835666006004
19949;-92.8690975585158;(_a2_ * ((x * pow2((pow3(((_a4_ + _a7_) * _a2_)) * (x + _a7_)))) + x));{'d0': {'_a2_': 1.4465760896540703, '_a4_': 0.48426365895684503, '_a7_': 0.31192970792663904, '_a0_': 1.0, '_a1_': 1.0, '_a3_': 1.0, '_a5_': 1.0, '_a6_': 1.0}};{'d0': 0.02490583291941656};-280.569866449044;47.415835666006004
19950;-92.8690975585158;(_a2_ * ((x * pow2((pow3(((_a4_ + _a7_) * _a2_)) * (x + _a7_)))) + x));{'d0': {'_a2_': 1.4465760896540703, '_a4_': 0.48426365895684503, '_a7_': 0.31192970792663904, '_a0_': 1.0, '_a1_': 1.0, '_a3_': 1.0, '_a5_': 1.0, '_a6_': 1.0}};{'d0': 0.02490583291941656};-280.569866449044;47.415835666006004
19951;-92.8690975585158;(_a2_ * ((x * pow2((pow3(((_a4_ + _a7_) * _a2_)) * (x + _a7_)))) + x));{'d0': {'_a2_': 1.4465760896540703, '_a4_': 0.48426365895684503, '_a7_': 0.31192970792663904, '_a0_': 1.0, '_a1_': 1.0, '_a3_': 1.0, '_a5_': 1.0, '_a6_': 1.0}};{'d0': 0.02490583291941656};-280.569866449044;47.415835666006004
19952;-92.8690975585158;(_a2_ * ((x * pow2((pow3(((_a4_ + _a7_) * _a2_)) * (x + _a7_)))) + x));{'d0': {'_a2_': 1.4465760896540703, '_a4_': 0.48426365895684503, '_a7_': 0.31192970792663904, '_a0_': 1.0, '_a1_': 1.0, '_a3_': 1.0, '_a5_': 1.0, '_a6_': 1.0}};{'d0': 0.02490583291941656};-280.569866449044;47.415835666006004
19953;-92.8690975585158;(_a2_ * ((x * pow2((pow3(((_a4_ + _a7_) * _a2_)) * (x + _a7_)))) + x));{'d0': {'_a2_': 1.4465760896540703, '_a4_': 0.48426365895684503, '_a7_': 0.31192970792663904, '_a0_': 1.0, '_a1_': 1.0, '_a3_': 1.0, '_a5_': 1.0, '_a6_': 1.0}};{'d0': 0.02490583291941656};-280.569866449044;47.415835666006004
19954;-91.0325630771758;(_a2_ * ((x * pow2((fac(((_a4_ + _a7_) * _a2_)) * (x + _a7_)))) + x));{'d0': {'_a2_': 1.4465760885902816, '_a4_': 0.8537115531321722, '_a7_': 0.31192970771975564, '_a0_': 1.0, '_a1_': 1.0, '_a3_': 1.0, '_a5_': 1.0, '_a6_': 1.0}};{'d0': 0.024905832919416584};-280.569866449044;49.252370147346
19955;-84.3690147310757;(_a2_ * ((x * pow2((fac(((_a4_ + _a7_) * (_a2_ ** _a4_))) * (x + _a7_)))) + x));{'d0': {'_a2_': 1.4465760890209227, '_a4_': 0.8983073397147728, '_a7_': 0.31192970782465296, '_a0_': 1.0, '_a1_': 1.0, '_a3_': 1.0, '_a5_': 1.0, '_a6_': 1.0}};{'d0': 0.024905832919416643};-280.569866449044;55.915918493446
19956;-85.1119620281458;(_a2_ * ((x * pow2((fac(((_a4_ + _a7_) * (_a2_ + _a4_))) * (x + _a7_)))) + x));{'d0': {'_a2_': 1.4465760894941262, '_a4_': 0.5378019266452649, '_a7_': 0.31192970785841345, '_a0_': 1.0, '_a1_': 1.0, '_a3_': 1.0, '_a5_': 1.0, '_a6_': 1.0}};{'d0': 0.02490583291941658};-280.569866449044;55.172971196376
19957;-85.1119620281458;(_a2_ * ((x * pow2((fac(((_a4_ + _a7_) * (_a2_ + _a4_))) * (x + _a7_)))) + x));{'d0': {'_a2_': 1.4465760894941262, '_a4_': 0.5378019266452649, '_a7_': 0.31192970785841345, '_a0_': 1.0, '_a1_': 1.0, '_a3_': 1.0, '_a5_': 1.0, '_a6_': 1.0}};{'d0': 0.02490583291941658};-280.569866449044;55.172971196376
19958;-84.1407009045727;(_a2_ * ((x * pow2((fac(((_a4_ + _a7_) + (_a2_ + _a4_))) * (x + _a7_)))) + x));{'d0': {'_a2_': 1.4465760872987103, '_a4_': -0.036158508939621074, '_a7_': 0.3119297076624441, '_a0_': 1.0, '_a1_': 1.0, '_a3_': 1.0, '_a5_': 1.0, '_a6_': 1.0}};{'d0': 0.024905832919416632};-280.569866449044;56.144232319949
19959;-84.1407009045727;(_a2_ * ((x * pow2((fac(((_a4_ + _a7_) + (_a2_ + _a4_))) * (x + _a7_)))) + x));{'d0': {'_a2_': 1.4465760872987103, '_a4_': -0.036158508939621074, '_a7_': 0.3119297076624441, '_a0_': 1.0, '_a1_': 1.0, '_a3_': 1.0, '_a5_': 1.0, '_a6_': 1.0}};{'d0': 0.024905832919416632};-280.569866449044;56.144232319949
19960;-84.1407009045727;(_a2_ * ((x * pow2((fac(((_a4_ + _a7_) + (_a2_ + _a4_))) * (x + _a7_)))) + x));{'d0': {'_a2_': 1.4465760872987103, '_a4_': -0.036158508939621074, '_a7_': 0.3119297076624441, '_a0_': 1.0, '_a1_': 1.0, '_a3_': 1.0, '_a5_': 1.0, '_a6_': 1.0}};{'d0': 0.024905832919416632};-280.569866449044;56.144232319949
19961;-84.1407009045727;(_a2_ * ((x * pow2((fac(((_a4_ + _a7_) + (_a2_ + _a4_))) * (x + _a7_)))) + x));{'d0': {'_a2_': 1.4465760872987103, '_a4_': -0.036158508939621074, '_a7_': 0.3119297076624441, '_a0_': 1.0, '_a1_': 1.0, '_a3_': 1.0, '_a5_': 1.0, '_a6_': 1.0}};{'d0': 0.024905832919416632};-280.569866449044;56.144232319949
19962;-84.1407009045727;(_a2_ * ((x * pow2((fac(((_a4_ + _a7_) + (_a2_ + _a4_))) * (x + _a7_)))) + x));{'d0': {'_a2_': 1.4465760872987103, '_a4_': -0.036158508939621074, '_a7_': 0.3119297076624441, '_a0_': 1.0, '_a1_': 1.0, '_a3_': 1.0, '_a5_': 1.0, '_a6_': 1.0}};{'d0': 0.024905832919416632};-280.569866449044;56.144232319949
19963;-84.1407009045727;(_a2_ * ((x * pow2((fac(((_a4_ + _a7_) + (_a2_ + _a4_))) * (x + _a7_)))) + x));{'d0': {'_a2_': 1.4465760872987103, '_a4_': -0.036158508939621074, '_a7_': 0.3119297076624441, '_a0_': 1.0, '_a1_': 1.0, '_a3_': 1.0, '_a5_': 1.0, '_a6_': 1.0}};{'d0': 0.024905832919416632};-280.569866449044;56.144232319949
19964;-84.1407009045727;(_a2_ * ((x * pow2((fac(((_a4_ + _a7_) + (_a2_ + _a4_))) * (x + _a7_)))) + x));{'d0': {'_a2_': 1.4465760872987103, '_a4_': -0.036158508939621074, '_a7_': 0.3119297076624441, '_a0_': 1.0, '_a1_': 1.0, '_a3_': 1.0, '_a5_': 1.0, '_a6_': 1.0}};{'d0': 0.024905832919416632};-280.569866449044;56.144232319949
19965;-84.1407009045727;(_a2_ * ((x * pow2((fac(((_a4_ + _a7_) + (_a2_ + _a4_))) * (x + _a7_)))) + x));{'d0': {'_a2_': 1.4465760872987103, '_a4_': -0.036158508939621074, '_a7_': 0.3119297076624441, '_a0_': 1.0, '_a1_': 1.0, '_a3_': 1.0, '_a5_': 1.0, '_a6_': 1.0}};{'d0': 0.024905832919416632};-280.569866449044;56.144232319949
19966;-84.1407009045727;(_a2_ * ((x * pow2((fac(((_a4_ + _a7_) + (_a2_ + _a4_))) * (x + _a7_)))) + x));{'d0': {'_a2_': 1.4465760872987103, '_a4_': -0.036158508939621074, '_a7_': 0.3119297076624441, '_a0_': 1.0, '_a1_': 1.0, '_a3_': 1.0, '_a5_': 1.0, '_a6_': 1.0}};{'d0': 0.024905832919416632};-280.569866449044;56.144232319949
19967;-84.1407009045727;(_a2_ * ((x * pow2((fac(((_a4_ + _a7_) + (_a2_ + _a4_))) * (x + _a7_)))) + x));{'d0': {'_a2_': 1.4465760872987103, '_a4_': -0.036158508939621074, '_a7_': 0.3119297076624441, '_a0_': 1.0, '_a1_': 1.0, '_a3_': 1.0, '_a5_': 1.0, '_a6_': 1.0}};{'d0': 0.024905832919416632};-280.569866449044;56.144232319949
19968;-83.4441927709892;(_a2_ * ((x * pow2((fac(((_a4_ + _a7_) + sin(_a2_))) * (x + _a7_)))) + x));{'d0': {'_a2_': 1.4465760889875765, '_a4_': 0.3819644855325877, '_a7_': 0.3119297077611884, '_a0_': 1.0, '_a1_': 1.0, '_a3_': 1.0, '_a5_': 1.0, '_a6_': 1.0}};{'d0': 0.024905832919416677};-280.569866449043;56.84074045353252
19969;-83.4441927709892;(_a2_ * ((x * pow2((fac(((_a4_ + _a7_) + sin(_a2_))) * (x + _a7_)))) + x));{'d0': {'_a2_': 1.4465760889875765, '_a4_': 0.3819644855325877, '_a7_': 0.3119297077611884, '_a0_': 1.0, '_a1_': 1.0, '_a3_': 1.0, '_a5_': 1.0, '_a6_': 1.0}};{'d0': 0.024905832919416677};-280.569866449043;56.84074045353252
19970;-90.0613019536027;(_a2_ * ((x * pow2((fac(((_a4_ + _a7_) + _a7_)) * (x + _a7_)))) + x));{'d0': {'_a2_': 1.446576089629263, '_a4_': 1.0623293592714362, '_a7_': 0.31192970786703506, '_a0_': 1.0, '_a1_': 1.0, '_a3_': 1.0, '_a5_': 1.0, '_a6_': 1.0}};{'d0': 0.024905832919416653};-280.569866449044;50.223631270919
19971;-90.0613019536027;(_a2_ * ((x * pow2((fac(((_a4_ + _a7_) + _a7_)) * (x + _a7_)))) + x));{'d0': {'_a2_': 1.446576089629263, '_a4_': 1.0623293592714362, '_a7_': 0.31192970786703506, '_a0_': 1.0, '_a1_': 1.0, '_a3_': 1.0, '_a5_': 1.0, '_a6_': 1.0}};{'d0': 0.024905832919416653};-280.569866449044;50.223631270919
19972;-90.2907528341432;(((_a6_ * _a0_) + (((x * _a0_) * ((_a6_ + _a3_) + x)) * (_a6_ / _a5_))) * x);{'d0': {'_a0_': -4.114077146241306, '_a3_': 1.0553377974705769, '_a5_': 0.5256917704080173, '_a6_': -0.4314783818590611, '_a1_': 1.0, '_a2_': 1.0, '_a4_': 1.0, '_a7_': 1.0}};{'d0': 0.024905832919499587};-276.475521886622;47.9470081091674
19973;-90.2907528341432;(((_a6_ * _a0_) + (((x * _a0_) * ((_a6_ + _a3_) + x)) * (_a6_ / _a5_))) * x);{'d0': {'_a0_': -4.114077146241306, '_a3_': 1.0553377974705769, '_a5_': 0.5256917704080173, '_a6_': -0.4314783818590611, '_a1_': 1.0, '_a2_': 1.0, '_a4_': 1.0, '_a7_': 1.0}};{'d0': 0.024905832919499587};-276.475521886622;47.9470081091674
19974;-90.2907528341432;(((_a6_ * _a0_) + (((x * _a0_) * ((_a6_ + _a3_) + x)) * (_a6_ / _a5_))) * x);{'d0': {'_a0_': -4.114077146241306, '_a3_': 1.0553377974705769, '_a5_': 0.5256917704080173, '_a6_': -0.4314783818590611, '_a1_': 1.0, '_a2_': 1.0, '_a4_': 1.0, '_a7_': 1.0}};{'d0': 0.024905832919499587};-276.475521886622;47.9470081091674
19975;-90.2907528341432;(((_a6_ * _a0_) + (((x * _a0_) * ((_a6_ + _a3_) + x)) * (_a6_ / _a5_))) * x);{'d0': {'_a0_': -4.114077146241306, '_a3_': 1.0553377974705769, '_a5_': 0.5256917704080173, '_a6_': -0.4314783818590611, '_a1_': 1.0, '_a2_': 1.0, '_a4_': 1.0, '_a7_': 1.0}};{'d0': 0.024905832919499587};-276.475521886622;47.9470081091674
19976;-90.2907528341432;(((_a6_ * _a0_) + (((x * _a0_) * ((_a6_ + _a3_) + x)) * (_a6_ / _a5_))) * x);{'d0': {'_a0_': -4.114077146241306, '_a3_': 1.0553377974705769, '_a5_': 0.5256917704080173, '_a6_': -0.4314783818590611, '_a1_': 1.0, '_a2_': 1.0, '_a4_': 1.0, '_a7_': 1.0}};{'d0': 0.024905832919499587};-276.475521886622;47.9470081091674
19977;-90.2907528341432;(((_a6_ * _a0_) + (((x * _a0_) * ((_a6_ + _a3_) + x)) * (_a6_ / _a5_))) * x);{'d0': {'_a0_': -4.114077146241306, '_a3_': 1.0553377974705769, '_a5_': 0.5256917704080173, '_a6_': -0.4314783818590611, '_a1_': 1.0, '_a2_': 1.0, '_a4_': 1.0, '_a7_': 1.0}};{'d0': 0.024905832919499587};-276.475521886622;47.9470081091674
19978;-90.2907528341432;(((_a6_ * _a0_) + (((x * _a0_) * ((_a6_ + _a3_) + x)) * (_a6_ / _a5_))) * x);{'d0': {'_a0_': -4.114077146241306, '_a3_': 1.0553377974705769, '_a5_': 0.5256917704080173, '_a6_': -0.4314783818590611, '_a1_': 1.0, '_a2_': 1.0, '_a4_': 1.0, '_a7_': 1.0}};{'d0': 0.024905832919499587};-276.475521886622;47.9470081091674
19979;-90.2907528341432;(((_a6_ * _a0_) + (((x * _a0_) * ((_a6_ + _a3_) + x)) * (_a6_ / _a5_))) * x);{'d0': {'_a0_': -4.114077146241306, '_a3_': 1.0553377974705769, '_a5_': 0.5256917704080173, '_a6_': -0.4314783818590611, '_a1_': 1.0, '_a2_': 1.0, '_a4_': 1.0, '_a7_': 1.0}};{'d0': 0.024905832919499587};-276.475521886622;47.9470081091674
19980;-90.2907528341432;(((_a6_ * _a0_) + (((x * _a0_) * ((_a6_ + _a3_) + x)) * (_a6_ / _a5_))) * x);{'d0': {'_a0_': -4.114077146241306, '_a3_': 1.0553377974705769, '_a5_': 0.5256917704080173, '_a6_': -0.4314783818590611, '_a1_': 1.0, '_a2_': 1.0, '_a4_': 1.0, '_a7_': 1.0}};{'d0': 0.024905832919499587};-276.475521886622;47.9470081091674
19981;-90.2907528341432;(((_a6_ * _a0_) + (((x * _a0_) * ((_a6_ + _a3_) + x)) * (_a6_ / _a5_))) * x);{'d0': {'_a0_': -4.114077146241306, '_a3_': 1.0553377974705769, '_a5_': 0.5256917704080173, '_a6_': -0.4314783818590611, '_a1_': 1.0, '_a2_': 1.0, '_a4_': 1.0, '_a7_': 1.0}};{'d0': 0.024905832919499587};-276.475521886622;47.9470081091674
19982;-90.2907528341432;(((_a6_ * _a0_) + (((x * _a0_) * ((_a6_ + _a3_) + x)) * (_a6_ / _a5_))) * x);{'d0': {'_a0_': -4.114077146241306, '_a3_': 1.0553377974705769, '_a5_': 0.5256917704080173, '_a6_': -0.4314783818590611, '_a1_': 1.0, '_a2_': 1.0, '_a4_': 1.0, '_a7_': 1.0}};{'d0': 0.024905832919499587};-276.475521886622;47.9470081091674
19983;-90.2907528341432;(((_a6_ * _a0_) + (((x * _a0_) * ((_a6_ + _a3_) + x)) * (_a6_ / _a5_))) * x);{'d0': {'_a0_': -4.114077146241306, '_a3_': 1.0553377974705769, '_a5_': 0.5256917704080173, '_a6_': -0.4314783818590611, '_a1_': 1.0, '_a2_': 1.0, '_a4_': 1.0, '_a7_': 1.0}};{'d0': 0.024905832919499587};-276.475521886622;47.9470081091674
19984;-90.2907528341432;(((_a6_ * _a0_) + (((x * _a0_) * ((_a6_ + _a3_) + x)) * (_a6_ / _a5_))) * x);{'d0': {'_a0_': -4.114077146241306, '_a3_': 1.0553377974705769, '_a5_': 0.5256917704080173, '_a6_': -0.4314783818590611, '_a1_': 1.0, '_a2_': 1.0, '_a4_': 1.0, '_a7_': 1.0}};{'d0': 0.024905832919499587};-276.475521886622;47.9470081091674
19985;-90.2907528341432;(((_a6_ * _a0_) + (((x * _a0_) * ((_a6_ + _a3_) + x)) * (_a6_ / _a5_))) * x);{'d0': {'_a0_': -4.114077146241306, '_a3_': 1.0553377974705769, '_a5_': 0.5256917704080173, '_a6_': -0.4314783818590611, '_a1_': 1.0, '_a2_': 1.0, '_a4_': 1.0, '_a7_': 1.0}};{'d0': 0.024905832919499587};-276.475521886622;47.9470081091674
19986;-96.0910445985304;(((_a6_ * _a0_) + (((x * _a0_) * ((_a6_ + _a3_) + x)) * _a2_)) * x);{'d0': {'_a0_': -4.566497796987667, '_a2_': -0.7394639286468822, '_a3_': 1.0125895174938833, '_a6_': -0.38873010187408125, '_a1_': 1.0, '_a4_': 1.0, '_a5_': 1.0, '_a7_': 1.0}};{'d0': 0.024905832921172606};-276.475521882591;42.146716342765
19987;-96.0910445985304;(((_a6_ * _a0_) + (((x * _a0_) * ((_a6_ + _a3_) + x)) * _a2_)) * x);{'d0': {'_a0_': -4.566497796987667, '_a2_': -0.7394639286468822, '_a3_': 1.0125895174938833, '_a6_': -0.38873010187408125, '_a1_': 1.0, '_a4_': 1.0, '_a5_': 1.0, '_a7_': 1.0}};{'d0': 0.024905832921172606};-276.475521882591;42.146716342765
19988;-96.0910445985304;(((_a6_ * _a0_) + (((x * _a0_) * ((_a6_ + _a3_) + x)) * _a2_)) * x);{'d0': {'_a0_': -4.566497796987667, '_a2_': -0.7394639286468822, '_a3_': 1.0125895174938833, '_a6_': -0.38873010187408125, '_a1_': 1.0, '_a4_': 1.0, '_a5_': 1.0, '_a7_': 1.0}};{'d0': 0.024905832921172606};-276.475521882591;42.146716342765
19989;-96.0910445985304;(((_a6_ * _a0_) + (((x * _a0_) * ((_a6_ + _a3_) + x)) * _a2_)) * x);{'d0': {'_a0_': -4.566497796987667, '_a2_': -0.7394639286468822, '_a3_': 1.0125895174938833, '_a6_': -0.38873010187408125, '_a1_': 1.0, '_a4_': 1.0, '_a5_': 1.0, '_a7_': 1.0}};{'d0': 0.024905832921172606};-276.475521882591;42.146716342765
19990;-86.6376223341733;(_a2_ * ((x * pow2((abs((((_a7_ * _a4_) / _a7_) + _a7_)) * (x + _a7_)))) + x));{'d0': {'_a2_': 1.4465760888622619, '_a4_': 1.2159160504928677, '_a7_': 0.31192970767774897, '_a0_': 1.0, '_a1_': 1.0, '_a3_': 1.0, '_a5_': 1.0, '_a6_': 1.0}};{'d0': 0.02490583291941664};-280.569866449044;53.64731089034839
19991;-86.6376223341733;(_a2_ * ((x * pow2((abs((((_a7_ * _a4_) / _a7_) + _a7_)) * (x + _a7_)))) + x));{'d0': {'_a2_': 1.4465760888622619, '_a4_': 1.2159160504928677, '_a7_': 0.31192970767774897, '_a0_': 1.0, '_a1_': 1.0, '_a3_': 1.0, '_a5_': 1.0, '_a6_': 1.0}};{'d0': 0.02490583291941664};-280.569866449044;53.64731089034839
19992;-87.5365261714244;(_a2_ * ((x * pow2((abs((((_a7_ * _a4_) / _a7_) * _a7_)) * (x + _a7_)))) + x));{'d0': {'_a2_': 1.4465760893785518, '_a4_': 4.8980450387860675, '_a7_': 0.311929707786746, '_a0_': 1.0, '_a1_': 1.0, '_a3_': 1.0, '_a5_': 1.0, '_a6_': 1.0}};{'d0': 0.02490583291941661};-280.569866449044;52.748407053097395
19993;-87.5365261714244;(_a2_ * ((x * pow2((abs((((_a7_ * _a4_) / _a7_) * _a7_)) * (x + _a7_)))) + x));{'d0': {'_a2_': 1.4465760893785518, '_a4_': 4.8980450387860675, '_a7_': 0.311929707786746, '_a0_': 1.0, '_a1_': 1.0, '_a3_': 1.0, '_a5_': 1.0, '_a6_': 1.0}};{'d0': 0.02490583291941661};-280.569866449044;52.748407053097395
19994;-95.3124500277150;(((_a6_ / _a0_) + (((x * _a0_) * ((_a6_ + _a3_) + x)) * _a2_)) * x);{'d0': {'_a0_': -0.7812281435349129, '_a2_': -4.322369329690539, '_a3_': 2.0106451517782262, '_a6_': -1.3867857361909994, '_a1_': 1.0, '_a4_': 1.0, '_a5_': 1.0, '_a7_': 1.0}};{'d0': 0.024905832934615096};-276.475521850207;42.92531089738839
19995;-95.3124500277150;(((_a6_ / _a0_) + (((x * _a0_) * ((_a6_ + _a3_) + x)) * _a2_)) * x);{'d0': {'_a0_': -0.7812281435349129, '_a2_': -4.322369329690539, '_a3_': 2.0106451517782262, '_a6_': -1.3867857361909994, '_a1_': 1.0, '_a4_': 1.0, '_a5_': 1.0, '_a7_': 1.0}};{'d0': 0.024905832934615096};-276.475521850207;42.92531089738839
19996;-95.3124500277150;(((_a6_ / _a0_) + (((x * _a0_) * ((_a6_ + _a3_) + x)) * _a2_)) * x);{'d0': {'_a0_': -0.7812281435349129, '_a2_': -4.322369329690539, '_a3_': 2.0106451517782262, '_a6_': -1.3867857361909994, '_a1_': 1.0, '_a4_': 1.0, '_a5_': 1.0, '_a7_': 1.0}};{'d0': 0.024905832934615096};-276.475521850207;42.92531089738839
19997;-95.3124500277150;(((_a6_ / _a0_) + (((x * _a0_) * ((_a6_ + _a3_) + x)) * _a2_)) * x);{'d0': {'_a0_': -0.7812281435349129, '_a2_': -4.322369329690539, '_a3_': 2.0106451517782262, '_a6_': -1.3867857361909994, '_a1_': 1.0, '_a4_': 1.0, '_a5_': 1.0, '_a7_': 1.0}};{'d0': 0.024905832934615096};-276.475521850207;42.92531089738839
19998;-95.3124500277150;(((_a6_ / _a0_) + (((x * _a0_) * ((_a6_ + _a3_) + x)) * _a2_)) * x);{'d0': {'_a0_': -0.7812281435349129, '_a2_': -4.322369329690539, '_a3_': 2.0106451517782262, '_a6_': -1.3867857361909994, '_a1_': 1.0, '_a4_': 1.0, '_a5_': 1.0, '_a7_': 1.0}};{'d0': 0.024905832934615096};-276.475521850207;42.92531089738839
19999;-95.3124500277150;(((_a6_ / _a0_) + (((x * _a0_) * ((_a6_ + _a3_) + x)) * _a2_)) * x);{'d0': {'_a0_': -0.7812281435349129, '_a2_': -4.322369329690539, '_a3_': 2.0106451517782262, '_a6_': -1.3867857361909994, '_a1_': 1.0, '_a4_': 1.0, '_a5_': 1.0, '_a7_': 1.0}};{'d0': 0.024905832934615096};-276.475521850207;42.92531089738839
20000;-95.3124500277150;(((_a6_ / _a0_) + (((x * _a0_) * ((_a6_ + _a3_) + x)) * _a2_)) * x);{'d0': {'_a0_': -0.7812281435349129, '_a2_': -4.322369329690539, '_a3_': 2.0106451517782262, '_a6_': -1.3867857361909994, '_a1_': 1.0, '_a4_': 1.0, '_a5_': 1.0, '_a7_': 1.0}};{'d0': 0.024905832934615096};-276.475521850207;42.92531089738839
20001;-95.3124500277150;(((_a6_ / _a0_) + (((x * _a0_) * ((_a6_ + _a3_) + x)) * _a2_)) * x);{'d0': {'_a0_': -0.7812281435349129, '_a2_': -4.322369329690539, '_a3_': 2.0106451517782262, '_a6_': -1.3867857361909994, '_a1_': 1.0, '_a4_': 1.0, '_a5_': 1.0, '_a7_': 1.0}};{'d0': 0.024905832934615096};-276.475521850207;42.92531089738839
20002;-95.3124500277150;(((_a6_ / _a0_) + (((x * _a0_) * ((_a6_ + _a3_) + x)) * _a2_)) * x);{'d0': {'_a0_': -0.7812281435349129, '_a2_': -4.322369329690539, '_a3_': 2.0106451517782262, '_a6_': -1.3867857361909994, '_a1_': 1.0, '_a4_': 1.0, '_a5_': 1.0, '_a7_': 1.0}};{'d0': 0.024905832934615096};-276.475521850207;42.92531089738839
20003;-87.8992096280382;(((_a6_ / _a0_) + (((x * exp(_a1_)) * ((_a6_ + _a3_) + x)) * _a2_)) * x);{'d0': {'_a0_': -0.8298475013314677, '_a1_': -0.3396109289425475, '_a2_': 4.742324494928107, '_a3_': 2.096951094978481, '_a6_': -1.4730916794348452, '_a4_': 1.0, '_a5_': 1.0, '_a7_': 1.0}};{'d0': 0.024905832921253823};-272.381177320173;48.29137903204839
20004;-87.8992096280382;(((_a6_ / _a0_) + (((x * exp(_a1_)) * ((_a6_ + _a3_) + x)) * _a2_)) * x);{'d0': {'_a0_': -0.8298475013314677, '_a1_': -0.3396109289425475, '_a2_': 4.742324494928107, '_a3_': 2.096951094978481, '_a6_': -1.4730916794348452, '_a4_': 1.0, '_a5_': 1.0, '_a7_': 1.0}};{'d0': 0.024905832921253823};-272.381177320173;48.29137903204839
20005;-87.8992096280382;(((_a6_ / _a0_) + (((x * exp(_a1_)) * ((_a6_ + _a3_) + x)) * _a2_)) * x);{'d0': {'_a0_': -0.8298475013314677, '_a1_': -0.3396109289425475, '_a2_': 4.742324494928107, '_a3_': 2.096951094978481, '_a6_': -1.4730916794348452, '_a4_': 1.0, '_a5_': 1.0, '_a7_': 1.0}};{'d0': 0.024905832921253823};-272.381177320173;48.29137903204839
20006;-82.5593466193638;(((_a6_ / sqrt(_a5_)) + (((x * exp(_a1_)) * ((_a6_ + _a3_) + x)) * _a2_)) * x);{'d0': {'_a1_': -0.489218041686565, '_a2_': 5.507632131442139, '_a3_': -3.294710388095445, '_a5_': 4.872952781228672, '_a6_': 3.918569803669375, '_a0_': 1.0, '_a4_': 1.0, '_a7_': 1.0}};{'d0': 0.024905832919721618};-272.381177323865;53.63124204256839
20007;-82.5593466193638;(((_a6_ / sqrt(_a5_)) + (((x * exp(_a1_)) * ((_a6_ + _a3_) + x)) * _a2_)) * x);{'d0': {'_a1_': -0.489218041686565, '_a2_': 5.507632131442139, '_a3_': -3.294710388095445, '_a5_': 4.872952781228672, '_a6_': 3.918569803669375, '_a0_': 1.0, '_a4_': 1.0, '_a7_': 1.0}};{'d0': 0.024905832919721618};-272.381177323865;53.63124204256839
20008;-82.5593466193638;(((_a6_ / sqrt(_a5_)) + (((x * exp(_a1_)) * ((_a6_ + _a3_) + x)) * _a2_)) * x);{'d0': {'_a1_': -0.489218041686565, '_a2_': 5.507632131442139, '_a3_': -3.294710388095445, '_a5_': 4.872952781228672, '_a6_': 3.918569803669375, '_a0_': 1.0, '_a4_': 1.0, '_a7_': 1.0}};{'d0': 0.024905832919721618};-272.381177323865;53.63124204256839
20009;-82.5593466193638;(((_a6_ / sqrt(_a5_)) + (((x * exp(_a1_)) * ((_a6_ + _a3_) + x)) * _a2_)) * x);{'d0': {'_a1_': -0.489218041686565, '_a2_': 5.507632131442139, '_a3_': -3.294710388095445, '_a5_': 4.872952781228672, '_a6_': 3.918569803669375, '_a0_': 1.0, '_a4_': 1.0, '_a7_': 1.0}};{'d0': 0.024905832919721618};-272.381177323865;53.63124204256839
20010;-82.5593466193638;(((_a6_ / sqrt(_a5_)) + (((x * exp(_a1_)) * ((_a6_ + _a3_) + x)) * _a2_)) * x);{'d0': {'_a1_': -0.489218041686565, '_a2_': 5.507632131442139, '_a3_': -3.294710388095445, '_a5_': 4.872952781228672, '_a6_': 3.918569803669375, '_a0_': 1.0, '_a4_': 1.0, '_a7_': 1.0}};{'d0': 0.024905832919721618};-272.381177323865;53.63124204256839
20011;-82.5593466193638;(((_a6_ / sqrt(_a5_)) + (((x * exp(_a1_)) * ((_a6_ + _a3_) + x)) * _a2_)) * x);{'d0': {'_a1_': -0.489218041686565, '_a2_': 5.507632131442139, '_a3_': -3.294710388095445, '_a5_': 4.872952781228672, '_a6_': 3.918569803669375, '_a0_': 1.0, '_a4_': 1.0, '_a7_': 1.0}};{'d0': 0.024905832919721618};-272.381177323865;53.63124204256839
20012;-82.5593466193638;(((_a6_ / sqrt(_a5_)) + (((x * exp(_a1_)) * ((_a6_ + _a3_) + x)) * _a2_)) * x);{'d0': {'_a1_': -0.489218041686565, '_a2_': 5.507632131442139, '_a3_': -3.294710388095445, '_a5_': 4.872952781228672, '_a6_': 3.918569803669375, '_a0_': 1.0, '_a4_': 1.0, '_a7_': 1.0}};{'d0': 0.024905832919721618};-272.381177323865;53.63124204256839
20013;-82.5593466193638;(((_a6_ / sqrt(_a5_)) + (((x * exp(_a1_)) * ((_a6_ + _a3_) + x)) * _a2_)) * x);{'d0': {'_a1_': -0.489218041686565, '_a2_': 5.507632131442139, '_a3_': -3.294710388095445, '_a5_': 4.872952781228672, '_a6_': 3.918569803669375, '_a0_': 1.0, '_a4_': 1.0, '_a7_': 1.0}};{'d0': 0.024905832919721618};-272.381177323865;53.63124204256839
20014;-89.9725870349000;(((_a6_ / sqrt(_a5_)) + (((x * _a2_) * ((_a6_ + _a3_) + x)) * _a2_)) * x);{'d0': {'_a2_': 1.8375964948696275, '_a3_': -165.75136498823775, '_a5_': 8784.44339029334, '_a6_': 166.37522440382665, '_a0_': 1.0, '_a1_': 1.0, '_a4_': 1.0, '_a7_': 1.0}};{'d0': 0.024905832919916524};-276.475521885617;48.26517390790839
20015;-89.9725870349000;(((_a6_ / sqrt(_a5_)) + (((x * _a2_) * ((_a6_ + _a3_) + x)) * _a2_)) * x);{'d0': {'_a2_': 1.8375964948696275, '_a3_': -165.75136498823775, '_a5_': 8784.44339029334, '_a6_': 166.37522440382665, '_a0_': 1.0, '_a1_': 1.0, '_a4_': 1.0, '_a7_': 1.0}};{'d0': 0.024905832919916524};-276.475521885617;48.26517390790839
20016;-89.9725870349000;(((_a6_ / sqrt(_a5_)) + (((x * _a2_) * ((_a6_ + _a3_) + x)) * _a2_)) * x);{'d0': {'_a2_': 1.8375964948696275, '_a3_': -165.75136498823775, '_a5_': 8784.44339029334, '_a6_': 166.37522440382665, '_a0_': 1.0, '_a1_': 1.0, '_a4_': 1.0, '_a7_': 1.0}};{'d0': 0.024905832919916524};-276.475521885617;48.26517390790839
20017;-89.9725870349000;(((_a6_ / sqrt(_a5_)) + (((x * _a2_) * ((_a6_ + _a3_) + x)) * _a2_)) * x);{'d0': {'_a2_': 1.8375964948696275, '_a3_': -165.75136498823775, '_a5_': 8784.44339029334, '_a6_': 166.37522440382665, '_a0_': 1.0, '_a1_': 1.0, '_a4_': 1.0, '_a7_': 1.0}};{'d0': 0.024905832919916524};-276.475521885617;48.26517390790839
20018;-89.9725870349000;(((_a6_ / sqrt(_a5_)) + (((x * _a2_) * ((_a6_ + _a3_) + x)) * _a2_)) * x);{'d0': {'_a2_': 1.8375964948696275, '_a3_': -165.75136498823775, '_a5_': 8784.44339029334, '_a6_': 166.37522440382665, '_a0_': 1.0, '_a1_': 1.0, '_a4_': 1.0, '_a7_': 1.0}};{'d0': 0.024905832919916524};-276.475521885617;48.26517390790839
20019;-89.9725870349000;(((_a6_ / sqrt(_a5_)) + (((x * _a2_) * ((_a6_ + _a3_) + x)) * _a2_)) * x);{'d0': {'_a2_': 1.8375964948696275, '_a3_': -165.75136498823775, '_a5_': 8784.44339029334, '_a6_': 166.37522440382665, '_a0_': 1.0, '_a1_': 1.0, '_a4_': 1.0, '_a7_': 1.0}};{'d0': 0.024905832919916524};-276.475521885617;48.26517390790839
20020;-89.9725870349000;(((_a6_ / sqrt(_a5_)) + (((x * _a2_) * ((_a6_ + _a3_) + x)) * _a2_)) * x);{'d0': {'_a2_': 1.8375964948696275, '_a3_': -165.75136498823775, '_a5_': 8784.44339029334, '_a6_': 166.37522440382665, '_a0_': 1.0, '_a1_': 1.0, '_a4_': 1.0, '_a7_': 1.0}};{'d0': 0.024905832919916524};-276.475521885617;48.26517390790839
20021;-89.9725870349000;(((_a6_ / sqrt(_a5_)) + (((x * _a2_) * ((_a6_ + _a3_) + x)) * _a2_)) * x);{'d0': {'_a2_': 1.8375964948696275, '_a3_': -165.75136498823775, '_a5_': 8784.44339029334, '_a6_': 166.37522440382665, '_a0_': 1.0, '_a1_': 1.0, '_a4_': 1.0, '_a7_': 1.0}};{'d0': 0.024905832919916524};-276.475521885617;48.26517390790839
20022;-89.9725870349000;(((_a6_ / sqrt(_a5_)) + (((x * _a2_) * ((_a6_ + _a3_) + x)) * _a2_)) * x);{'d0': {'_a2_': 1.8375964948696275, '_a3_': -165.75136498823775, '_a5_': 8784.44339029334, '_a6_': 166.37522440382665, '_a0_': 1.0, '_a1_': 1.0, '_a4_': 1.0, '_a7_': 1.0}};{'d0': 0.024905832919916524};-276.475521885617;48.26517390790839
20023;-89.9725870349000;(((_a6_ / sqrt(_a5_)) + (((x * _a2_) * ((_a6_ + _a3_) + x)) * _a2_)) * x);{'d0': {'_a2_': 1.8375964948696275, '_a3_': -165.75136498823775, '_a5_': 8784.44339029334, '_a6_': 166.37522440382665, '_a0_': 1.0, '_a1_': 1.0, '_a4_': 1.0, '_a7_': 1.0}};{'d0': 0.024905832919916524};-276.475521885617;48.26517390790839
20024;-89.9725870349000;(((_a6_ / sqrt(_a5_)) + (((x * _a2_) * ((_a6_ + _a3_) + x)) * _a2_)) * x);{'d0': {'_a2_': 1.8375964948696275, '_a3_': -165.75136498823775, '_a5_': 8784.44339029334, '_a6_': 166.37522440382665, '_a0_': 1.0, '_a1_': 1.0, '_a4_': 1.0, '_a7_': 1.0}};{'d0': 0.024905832919916524};-276.475521885617;48.26517390790839
20025;-89.9725870349000;(((_a6_ / sqrt(_a5_)) + (((x * _a2_) * ((_a6_ + _a3_) + x)) * _a2_)) * x);{'d0': {'_a2_': 1.8375964948696275, '_a3_': -165.75136498823775, '_a5_': 8784.44339029334, '_a6_': 166.37522440382665, '_a0_': 1.0, '_a1_': 1.0, '_a4_': 1.0, '_a7_': 1.0}};{'d0': 0.024905832919916524};-276.475521885617;48.26517390790839
20026;-89.9725870349000;(((_a6_ / sqrt(_a5_)) + (((x * _a2_) * ((_a6_ + _a3_) + x)) * _a2_)) * x);{'d0': {'_a2_': 1.8375964948696275, '_a3_': -165.75136498823775, '_a5_': 8784.44339029334, '_a6_': 166.37522440382665, '_a0_': 1.0, '_a1_': 1.0, '_a4_': 1.0, '_a7_': 1.0}};{'d0': 0.024905832919916524};-276.475521885617;48.26517390790839
20027;-89.9725870349000;(((_a6_ / sqrt(_a5_)) + (((x * _a2_) * ((_a6_ + _a3_) + x)) * _a2_)) * x);{'d0': {'_a2_': 1.8375964948696275, '_a3_': -165.75136498823775, '_a5_': 8784.44339029334, '_a6_': 166.37522440382665, '_a0_': 1.0, '_a1_': 1.0, '_a4_': 1.0, '_a7_': 1.0}};{'d0': 0.024905832919916524};-276.475521885617;48.26517390790839
20028;-89.9725870349000;(((_a6_ / sqrt(_a5_)) + (((x * _a2_) * ((_a6_ + _a3_) + x)) * _a2_)) * x);{'d0': {'_a2_': 1.8375964948696275, '_a3_': -165.75136498823775, '_a5_': 8784.44339029334, '_a6_': 166.37522440382665, '_a0_': 1.0, '_a1_': 1.0, '_a4_': 1.0, '_a7_': 1.0}};{'d0': 0.024905832919916524};-276.475521885617;48.26517390790839
20029;-89.9725870349000;(((_a6_ / sqrt(_a5_)) + (((x * _a2_) * ((_a6_ + _a3_) + x)) * _a2_)) * x);{'d0': {'_a2_': 1.8375964948696275, '_a3_': -165.75136498823775, '_a5_': 8784.44339029334, '_a6_': 166.37522440382665, '_a0_': 1.0, '_a1_': 1.0, '_a4_': 1.0, '_a7_': 1.0}};{'d0': 0.024905832919916524};-276.475521885617;48.26517390790839
20030;-89.9725870349000;(((_a6_ / sqrt(_a5_)) + (((x * _a2_) * ((_a6_ + _a3_) + x)) * _a2_)) * x);{'d0': {'_a2_': 1.8375964948696275, '_a3_': -165.75136498823775, '_a5_': 8784.44339029334, '_a6_': 166.37522440382665, '_a0_': 1.0, '_a1_': 1.0, '_a4_': 1.0, '_a7_': 1.0}};{'d0': 0.024905832919916524};-276.475521885617;48.26517390790839
20031;-86.6017294187513;(((_a6_ / (_a1_ ** _a0_)) + (((x * _a2_) * ((_a6_ + _a3_) + x)) * _a2_)) * x);{'d0': {'_a0_': 10.332490984914172, '_a1_': 1.5533793818044819, '_a2_': -1.8375964950071182, '_a3_': -167.49054269271124, '_a6_': 168.11440210828306, '_a4_': 1.0, '_a5_': 1.0, '_a7_': 1.0}};{'d0': 0.024905832919466245};-272.381177324480;49.58885924348839
20032;-95.3124500424829;(((_a6_ / _a1_) + (((x * _a2_) * ((_a6_ + _a3_) + x)) * _a2_)) * x);{'d0': {'_a1_': 1166.9852897148896, '_a2_': -1.8375964948588464, '_a3_': -2070.9330422885287, '_a6_': 2071.5569018752662, '_a0_': 1.0, '_a4_': 1.0, '_a5_': 1.0, '_a7_': 1.0}};{'d0': 0.024905832922354872};-276.475521879743;42.92531089738839
20033;-95.3124500424829;(((_a6_ / _a1_) + (((x * _a2_) * ((_a6_ + _a3_) + x)) * _a2_)) * x);{'d0': {'_a1_': 1166.9852897148896, '_a2_': -1.8375964948588464, '_a3_': -2070.9330422885287, '_a6_': 2071.5569018752662, '_a0_': 1.0, '_a4_': 1.0, '_a5_': 1.0, '_a7_': 1.0}};{'d0': 0.024905832922354872};-276.475521879743;42.92531089738839
20034;-95.3124500424829;(((_a6_ / _a1_) + (((x * _a2_) * ((_a6_ + _a3_) + x)) * _a2_)) * x);{'d0': {'_a1_': 1166.9852897148896, '_a2_': -1.8375964948588464, '_a3_': -2070.9330422885287, '_a6_': 2071.5569018752662, '_a0_': 1.0, '_a4_': 1.0, '_a5_': 1.0, '_a7_': 1.0}};{'d0': 0.024905832922354872};-276.475521879743;42.92531089738839
20035;-95.3124500424829;(((_a6_ / _a1_) + (((x * _a2_) * ((_a6_ + _a3_) + x)) * _a2_)) * x);{'d0': {'_a1_': 1166.9852897148896, '_a2_': -1.8375964948588464, '_a3_': -2070.9330422885287, '_a6_': 2071.5569018752662, '_a0_': 1.0, '_a4_': 1.0, '_a5_': 1.0, '_a7_': 1.0}};{'d0': 0.024905832922354872};-276.475521879743;42.92531089738839
20036;-99.1722967989005;((_a6_ * (pow2((x / _a6_)) + ((_a1_ * x) + log(_a0_)))) * x);{'d0': {'_a0_': 401.09880019491544, '_a1_': 7.113565724565477, '_a6_': 0.2961417870026308, '_a2_': 1.0, '_a3_': 1.0, '_a4_': 1.0, '_a5_': 1.0, '_a7_': 1.0}};{'d0': 0.024905832919416605};-280.569866449044;41.112636425621446
20037;-99.1722967989005;((_a6_ * (pow2((x / _a6_)) + ((_a1_ * x) + log(_a0_)))) * x);{'d0': {'_a0_': 401.09880019491544, '_a1_': 7.113565724565477, '_a6_': 0.2961417870026308, '_a2_': 1.0, '_a3_': 1.0, '_a4_': 1.0, '_a5_': 1.0, '_a7_': 1.0}};{'d0': 0.024905832919416605};-280.569866449044;41.112636425621446
20038;-100.833694356401;((_a6_ * (pow2((x / _a6_)) + ((_a1_ * x) + pow2(_a0_)))) * x);{'d0': {'_a0_': 2.4483071268027845, '_a1_': 7.113565739073852, '_a6_': 0.2961417867349803, '_a2_': 1.0, '_a3_': 1.0, '_a4_': 1.0, '_a5_': 1.0, '_a7_': 1.0}};{'d0': 0.024905832919416566};-280.569866449044;39.45123886812144
20039;-100.833694356401;((_a6_ * (pow2((x / _a6_)) + ((_a1_ * x) + pow2(_a0_)))) * x);{'d0': {'_a0_': 2.4483071268027845, '_a1_': 7.113565739073852, '_a6_': 0.2961417867349803, '_a2_': 1.0, '_a3_': 1.0, '_a4_': 1.0, '_a5_': 1.0, '_a7_': 1.0}};{'d0': 0.024905832919416566};-280.569866449044;39.45123886812144
20040;-95.3124500424829;(((_a6_ / _a1_) + (((x * _a2_) * ((_a6_ + _a3_) + x)) * _a2_)) * x);{'d0': {'_a1_': 1166.9852897148896, '_a2_': -1.8375964948588464, '_a3_': -2070.9330422885287, '_a6_': 2071.5569018752662, '_a0_': 1.0, '_a4_': 1.0, '_a5_': 1.0, '_a7_': 1.0}};{'d0': 0.024905832922354872};-276.475521879743;42.92531089738839
20041;-95.3124500424829;(((_a6_ / _a1_) + (((x * _a2_) * ((_a6_ + _a3_) + x)) * _a2_)) * x);{'d0': {'_a1_': 1166.9852897148896, '_a2_': -1.8375964948588464, '_a3_': -2070.9330422885287, '_a6_': 2071.5569018752662, '_a0_': 1.0, '_a4_': 1.0, '_a5_': 1.0, '_a7_': 1.0}};{'d0': 0.024905832922354872};-276.475521879743;42.92531089738839
20042;-95.3124500424829;(((_a6_ / _a1_) + (((x * _a2_) * ((_a6_ + _a3_) + x)) * _a2_)) * x);{'d0': {'_a1_': 1166.9852897148896, '_a2_': -1.8375964948588464, '_a3_': -2070.9330422885287, '_a6_': 2071.5569018752662, '_a0_': 1.0, '_a4_': 1.0, '_a5_': 1.0, '_a7_': 1.0}};{'d0': 0.024905832922354872};-276.475521879743;42.92531089738839
20043;-95.3124500424829;(((_a6_ / _a1_) + (((x * _a2_) * ((_a6_ + _a3_) + x)) * _a2_)) * x);{'d0': {'_a1_': 1166.9852897148896, '_a2_': -1.8375964948588464, '_a3_': -2070.9330422885287, '_a6_': 2071.5569018752662, '_a0_': 1.0, '_a4_': 1.0, '_a5_': 1.0, '_a7_': 1.0}};{'d0': 0.024905832922354872};-276.475521879743;42.92531089738839
20044;-95.3124500424829;(((_a6_ / _a1_) + (((x * _a2_) * ((_a6_ + _a3_) + x)) * _a2_)) * x);{'d0': {'_a1_': 1166.9852897148896, '_a2_': -1.8375964948588464, '_a3_': -2070.9330422885287, '_a6_': 2071.5569018752662, '_a0_': 1.0, '_a4_': 1.0, '_a5_': 1.0, '_a7_': 1.0}};{'d0': 0.024905832922354872};-276.475521879743;42.92531089738839
20045;-95.3124500424829;(((_a6_ / _a1_) + (((x * _a2_) * ((_a6_ + _a3_) + x)) * _a2_)) * x);{'d0': {'_a1_': 1166.9852897148896, '_a2_': -1.8375964948588464, '_a3_': -2070.9330422885287, '_a6_': 2071.5569018752662, '_a0_': 1.0, '_a4_': 1.0, '_a5_': 1.0, '_a7_': 1.0}};{'d0': 0.024905832922354872};-276.475521879743;42.92531089738839
20046;-99.1190536265307;(((pow3((_a2_ + x)) * pow2(_a5_)) + pow2((_a1_ * x))) * x);{'d0': {'_a1_': 1.6296105411883608, '_a2_': 2.5113291185702806, '_a5_': 0.3329140520312003, '_a0_': 1.0, '_a3_': 1.0, '_a4_': 1.0, '_a6_': 1.0, '_a7_': 1.0}};{'d0': 0.02568319904050216};-278.725765581319;40.2438291641291
20047;-99.1190536265307;(((pow3((_a2_ + x)) * pow2(_a5_)) + pow2((_a1_ * x))) * x);{'d0': {'_a1_': 1.6296105411883608, '_a2_': 2.5113291185702806, '_a5_': 0.3329140520312003, '_a0_': 1.0, '_a3_': 1.0, '_a4_': 1.0, '_a6_': 1.0, '_a7_': 1.0}};{'d0': 0.02568319904050216};-278.725765581319;40.2438291641291
20048;-99.1190536265307;(((pow3((_a2_ + x)) * pow2(_a5_)) + pow2((_a1_ * x))) * x);{'d0': {'_a1_': 1.6296105411883608, '_a2_': 2.5113291185702806, '_a5_': 0.3329140520312003, '_a0_': 1.0, '_a3_': 1.0, '_a4_': 1.0, '_a6_': 1.0, '_a7_': 1.0}};{'d0': 0.02568319904050216};-278.725765581319;40.2438291641291
20049;-99.1190536265307;(((pow3((_a2_ + x)) * pow2(_a5_)) + pow2((_a1_ * x))) * x);{'d0': {'_a1_': 1.6296105411883608, '_a2_': 2.5113291185702806, '_a5_': 0.3329140520312003, '_a0_': 1.0, '_a3_': 1.0, '_a4_': 1.0, '_a6_': 1.0, '_a7_': 1.0}};{'d0': 0.02568319904050216};-278.725765581319;40.2438291641291
20050;-99.1190536265307;(((pow3((_a2_ + x)) * pow2(_a5_)) + pow2((_a1_ * x))) * x);{'d0': {'_a1_': 1.6296105411883608, '_a2_': 2.5113291185702806, '_a5_': 0.3329140520312003, '_a0_': 1.0, '_a3_': 1.0, '_a4_': 1.0, '_a6_': 1.0, '_a7_': 1.0}};{'d0': 0.02568319904050216};-278.725765581319;40.2438291641291
20051;-99.1190536265307;(((pow3((_a2_ + x)) * pow2(_a5_)) + pow2((_a1_ * x))) * x);{'d0': {'_a1_': 1.6296105411883608, '_a2_': 2.5113291185702806, '_a5_': 0.3329140520312003, '_a0_': 1.0, '_a3_': 1.0, '_a4_': 1.0, '_a6_': 1.0, '_a7_': 1.0}};{'d0': 0.02568319904050216};-278.725765581319;40.2438291641291
20052;-99.1190536265307;(((pow3((_a2_ + x)) * pow2(_a5_)) + pow2((_a1_ * x))) * x);{'d0': {'_a1_': 1.6296105411883608, '_a2_': 2.5113291185702806, '_a5_': 0.3329140520312003, '_a0_': 1.0, '_a3_': 1.0, '_a4_': 1.0, '_a6_': 1.0, '_a7_': 1.0}};{'d0': 0.02568319904050216};-278.725765581319;40.2438291641291
20053;-99.1190536265307;(((pow3((_a2_ + x)) * pow2(_a5_)) + pow2((_a1_ * x))) * x);{'d0': {'_a1_': 1.6296105411883608, '_a2_': 2.5113291185702806, '_a5_': 0.3329140520312003, '_a0_': 1.0, '_a3_': 1.0, '_a4_': 1.0, '_a6_': 1.0, '_a7_': 1.0}};{'d0': 0.02568319904050216};-278.725765581319;40.2438291641291
20054;-99.1190536265307;(((pow3((_a2_ + x)) * pow2(_a5_)) + pow2((_a1_ * x))) * x);{'d0': {'_a1_': 1.6296105411883608, '_a2_': 2.5113291185702806, '_a5_': 0.3329140520312003, '_a0_': 1.0, '_a3_': 1.0, '_a4_': 1.0, '_a6_': 1.0, '_a7_': 1.0}};{'d0': 0.02568319904050216};-278.725765581319;40.2438291641291
20055;-99.1190536265307;(((pow3((_a2_ + x)) * pow2(_a5_)) + pow2((_a1_ * x))) * x);{'d0': {'_a1_': 1.6296105411883608, '_a2_': 2.5113291185702806, '_a5_': 0.3329140520312003, '_a0_': 1.0, '_a3_': 1.0, '_a4_': 1.0, '_a6_': 1.0, '_a7_': 1.0}};{'d0': 0.02568319904050216};-278.725765581319;40.2438291641291
20056;-99.1190536265307;(((pow3((_a2_ + x)) * pow2(_a5_)) + pow2((_a1_ * x))) * x);{'d0': {'_a1_': 1.6296105411883608, '_a2_': 2.5113291185702806, '_a5_': 0.3329140520312003, '_a0_': 1.0, '_a3_': 1.0, '_a4_': 1.0, '_a6_': 1.0, '_a7_': 1.0}};{'d0': 0.02568319904050216};-278.725765581319;40.2438291641291
20057;-99.1190536265307;(((pow3((_a2_ + x)) * pow2(_a5_)) + pow2((_a1_ * x))) * x);{'d0': {'_a1_': 1.6296105411883608, '_a2_': 2.5113291185702806, '_a5_': 0.3329140520312003, '_a0_': 1.0, '_a3_': 1.0, '_a4_': 1.0, '_a6_': 1.0, '_a7_': 1.0}};{'d0': 0.02568319904050216};-278.725765581319;40.2438291641291
20058;-99.1190536265307;(((pow3((_a2_ + x)) * pow2(_a5_)) + pow2((_a1_ * x))) * x);{'d0': {'_a1_': 1.6296105411883608, '_a2_': 2.5113291185702806, '_a5_': 0.3329140520312003, '_a0_': 1.0, '_a3_': 1.0, '_a4_': 1.0, '_a6_': 1.0, '_a7_': 1.0}};{'d0': 0.02568319904050216};-278.725765581319;40.2438291641291
20059;-99.1190536265307;(((pow3((_a2_ + x)) * pow2(_a5_)) + pow2((_a1_ * x))) * x);{'d0': {'_a1_': 1.6296105411883608, '_a2_': 2.5113291185702806, '_a5_': 0.3329140520312003, '_a0_': 1.0, '_a3_': 1.0, '_a4_': 1.0, '_a6_': 1.0, '_a7_': 1.0}};{'d0': 0.02568319904050216};-278.725765581319;40.2438291641291
20060;-99.1190536265307;(((pow3((_a2_ + x)) * pow2(_a5_)) + pow2((_a1_ * x))) * x);{'d0': {'_a1_': 1.6296105411883608, '_a2_': 2.5113291185702806, '_a5_': 0.3329140520312003, '_a0_': 1.0, '_a3_': 1.0, '_a4_': 1.0, '_a6_': 1.0, '_a7_': 1.0}};{'d0': 0.02568319904050216};-278.725765581319;40.2438291641291
20061;-99.1190536265307;(((pow3((_a2_ + x)) * pow2(_a5_)) + pow2((_a1_ * x))) * x);{'d0': {'_a1_': 1.6296105411883608, '_a2_': 2.5113291185702806, '_a5_': 0.3329140520312003, '_a0_': 1.0, '_a3_': 1.0, '_a4_': 1.0, '_a6_': 1.0, '_a7_': 1.0}};{'d0': 0.02568319904050216};-278.725765581319;40.2438291641291
20062;-91.6145155731870;(((_a6_ / _a1_) + (((x * pow2(_a6_)) * ((_a6_ + _a3_) + x)) * _a2_)) * x);{'d0': {'_a1_': 0.11119945075725975, '_a2_': 86.66265497299989, '_a3_': 0.4264653335616463, '_a6_': 0.19739408200147948, '_a0_': 1.0, '_a4_': 1.0, '_a5_': 1.0, '_a7_': 1.0}};{'d0': 0.024905832919603545};-276.475521886371;46.62324536999839
20063;-91.6145155731870;(((_a6_ / _a1_) + (((x * pow2(_a6_)) * ((_a6_ + _a3_) + x)) * _a2_)) * x);{'d0': {'_a1_': 0.11119945075725975, '_a2_': 86.66265497299989, '_a3_': 0.4264653335616463, '_a6_': 0.19739408200147948, '_a0_': 1.0, '_a4_': 1.0, '_a5_': 1.0, '_a7_': 1.0}};{'d0': 0.024905832919603545};-276.475521886371;46.62324536999839
20064;-91.6145155731870;(((_a6_ / _a1_) + (((x * pow2(_a6_)) * ((_a6_ + _a3_) + x)) * _a2_)) * x);{'d0': {'_a1_': 0.11119945075725975, '_a2_': 86.66265497299989, '_a3_': 0.4264653335616463, '_a6_': 0.19739408200147948, '_a0_': 1.0, '_a4_': 1.0, '_a5_': 1.0, '_a7_': 1.0}};{'d0': 0.024905832919603545};-276.475521886371;46.62324536999839
20065;-91.6145155731870;(((_a6_ / _a1_) + (((x * pow2(_a6_)) * ((_a6_ + _a3_) + x)) * _a2_)) * x);{'d0': {'_a1_': 0.11119945075725975, '_a2_': 86.66265497299989, '_a3_': 0.4264653335616463, '_a6_': 0.19739408200147948, '_a0_': 1.0, '_a4_': 1.0, '_a5_': 1.0, '_a7_': 1.0}};{'d0': 0.024905832919603545};-276.475521886371;46.62324536999839
20066;-92.4379141005756;((abs(_a2_) + (((x * pow2(_a6_)) * ((_a6_ + _a3_) + x)) * _a2_)) * x);{'d0': {'_a2_': 1.7751354040813658, '_a3_': -0.7553633306291662, '_a6_': 1.3792227461626865, '_a0_': 1.0, '_a1_': 1.0, '_a4_': 1.0, '_a5_': 1.0, '_a7_': 1.0}};{'d0': 0.02490583291941664};-280.569866449044;47.84701912394599
20067;-92.4379141005756;((abs(_a2_) + (((x * pow2(_a6_)) * ((_a6_ + _a3_) + x)) * _a2_)) * x);{'d0': {'_a2_': 1.7751354040813658, '_a3_': -0.7553633306291662, '_a6_': 1.3792227461626865, '_a0_': 1.0, '_a1_': 1.0, '_a4_': 1.0, '_a5_': 1.0, '_a7_': 1.0}};{'d0': 0.02490583291941664};-280.569866449044;47.84701912394599
20068;-92.4379141005756;((abs(_a2_) + (((x * pow2(_a6_)) * ((_a6_ + _a3_) + x)) * _a2_)) * x);{'d0': {'_a2_': 1.7751354040813658, '_a3_': -0.7553633306291662, '_a6_': 1.3792227461626865, '_a0_': 1.0, '_a1_': 1.0, '_a4_': 1.0, '_a5_': 1.0, '_a7_': 1.0}};{'d0': 0.02490583291941664};-280.569866449044;47.84701912394599
20069;-92.4379141005756;((abs(_a2_) + (((x * pow2(_a6_)) * ((_a6_ + _a3_) + x)) * _a2_)) * x);{'d0': {'_a2_': 1.7751354040813658, '_a3_': -0.7553633306291662, '_a6_': 1.3792227461626865, '_a0_': 1.0, '_a1_': 1.0, '_a4_': 1.0, '_a5_': 1.0, '_a7_': 1.0}};{'d0': 0.02490583291941664};-280.569866449044;47.84701912394599
20070;-97.4148073394937;((_a4_ + (((x * pow2(_a6_)) * ((_a6_ + _a3_) + x)) * _a2_)) * x);{'d0': {'_a2_': 5.5405216045893635, '_a3_': -0.15682370752556382, '_a4_': 1.7751354039752705, '_a6_': 0.7806831229866824, '_a0_': 1.0, '_a1_': 1.0, '_a5_': 1.0, '_a7_': 1.0}};{'d0': 0.024905832919683023};-276.475521886180;40.82295360359599
20071;-99.1190536265307;(((pow3((_a2_ + x)) * pow2(_a5_)) + pow2((_a1_ * x))) * x);{'d0': {'_a1_': 1.6296105411883608, '_a2_': 2.5113291185702806, '_a5_': 0.3329140520312003, '_a0_': 1.0, '_a3_': 1.0, '_a4_': 1.0, '_a6_': 1.0, '_a7_': 1.0}};{'d0': 0.02568319904050216};-278.725765581319;40.2438291641291
20072;-99.1190536265307;(((pow3((_a2_ + x)) * pow2(_a5_)) + pow2((_a1_ * x))) * x);{'d0': {'_a1_': 1.6296105411883608, '_a2_': 2.5113291185702806, '_a5_': 0.3329140520312003, '_a0_': 1.0, '_a3_': 1.0, '_a4_': 1.0, '_a6_': 1.0, '_a7_': 1.0}};{'d0': 0.02568319904050216};-278.725765581319;40.2438291641291
20073;-99.1190536265307;(((pow3((_a2_ + x)) * pow2(_a5_)) + pow2((_a1_ * x))) * x);{'d0': {'_a1_': 1.6296105411883608, '_a2_': 2.5113291185702806, '_a5_': 0.3329140520312003, '_a0_': 1.0, '_a3_': 1.0, '_a4_': 1.0, '_a6_': 1.0, '_a7_': 1.0}};{'d0': 0.02568319904050216};-278.725765581319;40.2438291641291
20074;-99.1190536265307;(((pow3((_a2_ + x)) * pow2(_a5_)) + pow2((_a1_ * x))) * x);{'d0': {'_a1_': 1.6296105411883608, '_a2_': 2.5113291185702806, '_a5_': 0.3329140520312003, '_a0_': 1.0, '_a3_': 1.0, '_a4_': 1.0, '_a6_': 1.0, '_a7_': 1.0}};{'d0': 0.02568319904050216};-278.725765581319;40.2438291641291
20075;-99.1190536265307;(((pow3((_a2_ + x)) * pow2(_a5_)) + pow2((_a1_ * x))) * x);{'d0': {'_a1_': 1.6296105411883608, '_a2_': 2.5113291185702806, '_a5_': 0.3329140520312003, '_a0_': 1.0, '_a3_': 1.0, '_a4_': 1.0, '_a6_': 1.0, '_a7_': 1.0}};{'d0': 0.02568319904050216};-278.725765581319;40.2438291641291
20076;-99.1190536265307;(((pow3((_a2_ + x)) * pow2(_a5_)) + pow2((_a1_ * x))) * x);{'d0': {'_a1_': 1.6296105411883608, '_a2_': 2.5113291185702806, '_a5_': 0.3329140520312003, '_a0_': 1.0, '_a3_': 1.0, '_a4_': 1.0, '_a6_': 1.0, '_a7_': 1.0}};{'d0': 0.02568319904050216};-278.725765581319;40.2438291641291
20077;-99.1190536265307;(((pow3((_a2_ + x)) * pow2(_a5_)) + pow2((_a1_ * x))) * x);{'d0': {'_a1_': 1.6296105411883608, '_a2_': 2.5113291185702806, '_a5_': 0.3329140520312003, '_a0_': 1.0, '_a3_': 1.0, '_a4_': 1.0, '_a6_': 1.0, '_a7_': 1.0}};{'d0': 0.02568319904050216};-278.725765581319;40.2438291641291
20078;-99.1190536265307;(((pow3((_a2_ + x)) * pow2(_a5_)) + pow2((_a1_ * x))) * x);{'d0': {'_a1_': 1.6296105411883608, '_a2_': 2.5113291185702806, '_a5_': 0.3329140520312003, '_a0_': 1.0, '_a3_': 1.0, '_a4_': 1.0, '_a6_': 1.0, '_a7_': 1.0}};{'d0': 0.02568319904050216};-278.725765581319;40.2438291641291
20079;-94.1697137010736;(((pow3((_a2_ + x)) * pow2((_a2_ * _a4_))) + pow2((_a1_ * x))) * x);{'d0': {'_a1_': 1.6296105404842072, '_a2_': 2.511329120667164, '_a4_': 0.13256488323892018, '_a0_': 1.0, '_a3_': 1.0, '_a5_': 1.0, '_a6_': 1.0, '_a7_': 1.0}};{'d0': 0.02568319904050222};-278.725765581319;45.19316908958611
20080;-94.1697137010736;(((pow3((_a2_ + x)) * pow2((_a2_ * _a4_))) + pow2((_a1_ * x))) * x);{'d0': {'_a1_': 1.6296105404842072, '_a2_': 2.511329120667164, '_a4_': 0.13256488323892018, '_a0_': 1.0, '_a3_': 1.0, '_a5_': 1.0, '_a6_': 1.0, '_a7_': 1.0}};{'d0': 0.02568319904050222};-278.725765581319;45.19316908958611
20081;-94.1697137010736;(((pow3((_a2_ + x)) * pow2((_a2_ * _a4_))) + pow2((_a1_ * x))) * x);{'d0': {'_a1_': 1.6296105404842072, '_a2_': 2.511329120667164, '_a4_': 0.13256488323892018, '_a0_': 1.0, '_a3_': 1.0, '_a5_': 1.0, '_a6_': 1.0, '_a7_': 1.0}};{'d0': 0.02568319904050222};-278.725765581319;45.19316908958611
20082;-88.7365794561557;(_a2_ * ((x * pow2((exp(((log(_a5_) + _a7_) * _a7_)) * (x + _a7_)))) + x));{'d0': {'_a2_': 1.4465760878360738, '_a5_': 2.8488005406692016, '_a7_': 0.31192970757514493, '_a0_': 1.0, '_a1_': 1.0, '_a3_': 1.0, '_a4_': 1.0, '_a6_': 1.0}};{'d0': 0.0249058329194167};-280.569866449043;51.548353768366
20083;-88.7365794561557;(_a2_ * ((x * pow2((exp(((log(_a5_) + _a7_) * _a7_)) * (x + _a7_)))) + x));{'d0': {'_a2_': 1.4465760878360738, '_a5_': 2.8488005406692016, '_a7_': 0.31192970757514493, '_a0_': 1.0, '_a1_': 1.0, '_a3_': 1.0, '_a4_': 1.0, '_a6_': 1.0}};{'d0': 0.0249058329194167};-280.569866449043;51.548353768366
20084;-88.7365794561557;(_a2_ * ((x * pow2((exp(((log(_a5_) + _a7_) * _a7_)) * (x + _a7_)))) + x));{'d0': {'_a2_': 1.4465760878360738, '_a5_': 2.8488005406692016, '_a7_': 0.31192970757514493, '_a0_': 1.0, '_a1_': 1.0, '_a3_': 1.0, '_a4_': 1.0, '_a6_': 1.0}};{'d0': 0.0249058329194167};-280.569866449043;51.548353768366
20085;-88.7365794561557;(_a2_ * ((x * pow2((exp(((log(_a5_) + _a7_) * _a7_)) * (x + _a7_)))) + x));{'d0': {'_a2_': 1.4465760878360738, '_a5_': 2.8488005406692016, '_a7_': 0.31192970757514493, '_a0_': 1.0, '_a1_': 1.0, '_a3_': 1.0, '_a4_': 1.0, '_a6_': 1.0}};{'d0': 0.0249058329194167};-280.569866449043;51.548353768366
20086;-88.7365794561557;(_a2_ * ((x * pow2((exp(((log(_a5_) + _a7_) * _a7_)) * (x + _a7_)))) + x));{'d0': {'_a2_': 1.4465760878360738, '_a5_': 2.8488005406692016, '_a7_': 0.31192970757514493, '_a0_': 1.0, '_a1_': 1.0, '_a3_': 1.0, '_a4_': 1.0, '_a6_': 1.0}};{'d0': 0.0249058329194167};-280.569866449043;51.548353768366
20087;-88.7365794561557;(_a2_ * ((x * pow2((exp(((log(_a5_) + _a7_) * _a7_)) * (x + _a7_)))) + x));{'d0': {'_a2_': 1.4465760878360738, '_a5_': 2.8488005406692016, '_a7_': 0.31192970757514493, '_a0_': 1.0, '_a1_': 1.0, '_a3_': 1.0, '_a4_': 1.0, '_a6_': 1.0}};{'d0': 0.0249058329194167};-280.569866449043;51.548353768366
20088;-88.7365794561557;(_a2_ * ((x * pow2((exp(((log(_a5_) + _a7_) * _a7_)) * (x + _a7_)))) + x));{'d0': {'_a2_': 1.4465760878360738, '_a5_': 2.8488005406692016, '_a7_': 0.31192970757514493, '_a0_': 1.0, '_a1_': 1.0, '_a3_': 1.0, '_a4_': 1.0, '_a6_': 1.0}};{'d0': 0.0249058329194167};-280.569866449043;51.548353768366
20089;-88.7365794561557;(_a2_ * ((x * pow2((exp(((log(_a5_) + _a7_) * _a7_)) * (x + _a7_)))) + x));{'d0': {'_a2_': 1.4465760878360738, '_a5_': 2.8488005406692016, '_a7_': 0.31192970757514493, '_a0_': 1.0, '_a1_': 1.0, '_a3_': 1.0, '_a4_': 1.0, '_a6_': 1.0}};{'d0': 0.0249058329194167};-280.569866449043;51.548353768366
20090;-88.7365794561557;(_a2_ * ((x * pow2((exp(((log(_a5_) + _a7_) * _a7_)) * (x + _a7_)))) + x));{'d0': {'_a2_': 1.4465760878360738, '_a5_': 2.8488005406692016, '_a7_': 0.31192970757514493, '_a0_': 1.0, '_a1_': 1.0, '_a3_': 1.0, '_a4_': 1.0, '_a6_': 1.0}};{'d0': 0.0249058329194167};-280.569866449043;51.548353768366
20091;-88.7365794561557;(_a2_ * ((x * pow2((exp(((log(_a5_) + _a7_) * _a7_)) * (x + _a7_)))) + x));{'d0': {'_a2_': 1.4465760878360738, '_a5_': 2.8488005406692016, '_a7_': 0.31192970757514493, '_a0_': 1.0, '_a1_': 1.0, '_a3_': 1.0, '_a4_': 1.0, '_a6_': 1.0}};{'d0': 0.0249058329194167};-280.569866449043;51.548353768366
20092;-88.7365794561557;(_a2_ * ((x * pow2((exp(((log(_a5_) + _a7_) * _a7_)) * (x + _a7_)))) + x));{'d0': {'_a2_': 1.4465760878360738, '_a5_': 2.8488005406692016, '_a7_': 0.31192970757514493, '_a0_': 1.0, '_a1_': 1.0, '_a3_': 1.0, '_a4_': 1.0, '_a6_': 1.0}};{'d0': 0.0249058329194167};-280.569866449043;51.548353768366
20093;-88.7365794561557;(_a2_ * ((x * pow2((exp(((log(_a5_) + _a7_) * _a7_)) * (x + _a7_)))) + x));{'d0': {'_a2_': 1.4465760878360738, '_a5_': 2.8488005406692016, '_a7_': 0.31192970757514493, '_a0_': 1.0, '_a1_': 1.0, '_a3_': 1.0, '_a4_': 1.0, '_a6_': 1.0}};{'d0': 0.0249058329194167};-280.569866449043;51.548353768366
20094;-94.1697137010736;(((pow3((_a2_ + x)) * pow2((_a2_ * _a4_))) + pow2((_a1_ * x))) * x);{'d0': {'_a1_': 1.6296105404842072, '_a2_': 2.511329120667164, '_a4_': 0.13256488323892018, '_a0_': 1.0, '_a3_': 1.0, '_a5_': 1.0, '_a6_': 1.0, '_a7_': 1.0}};{'d0': 0.02568319904050222};-278.725765581319;45.19316908958611
20095;-93.3187618601282;(((pow3((_a2_ + x)) / pow2((_a2_ * _a4_))) + pow2((_a1_ * x))) * x);{'d0': {'_a1_': 1.6296105406994819, '_a2_': 2.5113291191284977, '_a4_': 1.1960910507998994, '_a0_': 1.0, '_a3_': 1.0, '_a5_': 1.0, '_a6_': 1.0, '_a7_': 1.0}};{'d0': 0.025683199040502216};-278.725765581319;46.044120930531506
20096;-93.3187618601282;(((pow3((_a2_ + x)) / pow2((_a2_ * _a4_))) + pow2((_a1_ * x))) * x);{'d0': {'_a1_': 1.6296105406994819, '_a2_': 2.5113291191284977, '_a4_': 1.1960910507998994, '_a0_': 1.0, '_a3_': 1.0, '_a5_': 1.0, '_a6_': 1.0, '_a7_': 1.0}};{'d0': 0.025683199040502216};-278.725765581319;46.044120930531506
20097;-93.3187618601282;(((pow3((_a2_ + x)) / pow2((_a2_ * _a4_))) + pow2((_a1_ * x))) * x);{'d0': {'_a1_': 1.6296105406994819, '_a2_': 2.5113291191284977, '_a4_': 1.1960910507998994, '_a0_': 1.0, '_a3_': 1.0, '_a5_': 1.0, '_a6_': 1.0, '_a7_': 1.0}};{'d0': 0.025683199040502216};-278.725765581319;46.044120930531506
20098;-93.3187618601282;(((pow3((_a2_ + x)) / pow2((_a2_ * _a4_))) + pow2((_a1_ * x))) * x);{'d0': {'_a1_': 1.6296105406994819, '_a2_': 2.5113291191284977, '_a4_': 1.1960910507998994, '_a0_': 1.0, '_a3_': 1.0, '_a5_': 1.0, '_a6_': 1.0, '_a7_': 1.0}};{'d0': 0.025683199040502216};-278.725765581319;46.044120930531506
20099;-93.3187618601282;(((pow3((_a2_ + x)) / pow2((_a2_ * _a4_))) + pow2((_a1_ * x))) * x);{'d0': {'_a1_': 1.6296105406994819, '_a2_': 2.5113291191284977, '_a4_': 1.1960910507998994, '_a0_': 1.0, '_a3_': 1.0, '_a5_': 1.0, '_a6_': 1.0, '_a7_': 1.0}};{'d0': 0.025683199040502216};-278.725765581319;46.044120930531506
20100;-93.3187618601282;(((pow3((_a2_ + x)) / pow2((_a2_ * _a4_))) + pow2((_a1_ * x))) * x);{'d0': {'_a1_': 1.6296105406994819, '_a2_': 2.5113291191284977, '_a4_': 1.1960910507998994, '_a0_': 1.0, '_a3_': 1.0, '_a5_': 1.0, '_a6_': 1.0, '_a7_': 1.0}};{'d0': 0.025683199040502216};-278.725765581319;46.044120930531506
20101;-98.1957444992632;(((pow3((_a2_ + x)) / pow2(_a6_)) + pow2((_a1_ * x))) * x);{'d0': {'_a1_': 1.629610541325236, '_a2_': 2.511329114777767, '_a6_': 3.003778277742619, '_a0_': 1.0, '_a3_': 1.0, '_a4_': 1.0, '_a5_': 1.0, '_a7_': 1.0}};{'d0': 0.025683199040502203};-278.725765581319;41.167138291396505
20102;-98.1957444992632;(((pow3((_a2_ + x)) / pow2(_a6_)) + pow2((_a1_ * x))) * x);{'d0': {'_a1_': 1.629610541325236, '_a2_': 2.511329114777767, '_a6_': 3.003778277742619, '_a0_': 1.0, '_a3_': 1.0, '_a4_': 1.0, '_a5_': 1.0, '_a7_': 1.0}};{'d0': 0.025683199040502203};-278.725765581319;41.167138291396505
20103;-98.1957444992632;(((pow3((_a2_ + x)) / pow2(_a6_)) + pow2((_a1_ * x))) * x);{'d0': {'_a1_': 1.629610541325236, '_a2_': 2.511329114777767, '_a6_': 3.003778277742619, '_a0_': 1.0, '_a3_': 1.0, '_a4_': 1.0, '_a5_': 1.0, '_a7_': 1.0}};{'d0': 0.025683199040502203};-278.725765581319;41.167138291396505
20104;-98.1957444992632;(((pow3((_a2_ + x)) / pow2(_a6_)) + pow2((_a1_ * x))) * x);{'d0': {'_a1_': 1.629610541325236, '_a2_': 2.511329114777767, '_a6_': 3.003778277742619, '_a0_': 1.0, '_a3_': 1.0, '_a4_': 1.0, '_a5_': 1.0, '_a7_': 1.0}};{'d0': 0.025683199040502203};-278.725765581319;41.167138291396505
20105;-98.1957444992632;(((pow3((_a2_ + x)) / pow2(_a6_)) + pow2((_a1_ * x))) * x);{'d0': {'_a1_': 1.629610541325236, '_a2_': 2.511329114777767, '_a6_': 3.003778277742619, '_a0_': 1.0, '_a3_': 1.0, '_a4_': 1.0, '_a5_': 1.0, '_a7_': 1.0}};{'d0': 0.025683199040502203};-278.725765581319;41.167138291396505
20106;-98.1957444992632;(((pow3((_a2_ + x)) / pow2(_a6_)) + pow2((_a1_ * x))) * x);{'d0': {'_a1_': 1.629610541325236, '_a2_': 2.511329114777767, '_a6_': 3.003778277742619, '_a0_': 1.0, '_a3_': 1.0, '_a4_': 1.0, '_a5_': 1.0, '_a7_': 1.0}};{'d0': 0.025683199040502203};-278.725765581319;41.167138291396505
20107;-98.1957444992632;(((pow3((_a2_ + x)) / pow2(_a6_)) + pow2((_a1_ * x))) * x);{'d0': {'_a1_': 1.629610541325236, '_a2_': 2.511329114777767, '_a6_': 3.003778277742619, '_a0_': 1.0, '_a3_': 1.0, '_a4_': 1.0, '_a5_': 1.0, '_a7_': 1.0}};{'d0': 0.025683199040502203};-278.725765581319;41.167138291396505
20108;-98.1957444992632;(((pow3((_a2_ + x)) / pow2(_a6_)) + pow2((_a1_ * x))) * x);{'d0': {'_a1_': 1.629610541325236, '_a2_': 2.511329114777767, '_a6_': 3.003778277742619, '_a0_': 1.0, '_a3_': 1.0, '_a4_': 1.0, '_a5_': 1.0, '_a7_': 1.0}};{'d0': 0.025683199040502203};-278.725765581319;41.167138291396505
20109;-98.1957444992632;(((pow3((_a2_ + x)) / pow2(_a6_)) + pow2((_a1_ * x))) * x);{'d0': {'_a1_': 1.629610541325236, '_a2_': 2.511329114777767, '_a6_': 3.003778277742619, '_a0_': 1.0, '_a3_': 1.0, '_a4_': 1.0, '_a5_': 1.0, '_a7_': 1.0}};{'d0': 0.025683199040502203};-278.725765581319;41.167138291396505
20110;-98.1957444992632;(((pow3((_a2_ + x)) / pow2(_a6_)) + pow2((_a1_ * x))) * x);{'d0': {'_a1_': 1.629610541325236, '_a2_': 2.511329114777767, '_a6_': 3.003778277742619, '_a0_': 1.0, '_a3_': 1.0, '_a4_': 1.0, '_a5_': 1.0, '_a7_': 1.0}};{'d0': 0.025683199040502203};-278.725765581319;41.167138291396505
20111;-98.1957444992632;(((pow3((_a2_ + x)) / pow2(_a6_)) + pow2((_a1_ * x))) * x);{'d0': {'_a1_': 1.629610541325236, '_a2_': 2.511329114777767, '_a6_': 3.003778277742619, '_a0_': 1.0, '_a3_': 1.0, '_a4_': 1.0, '_a5_': 1.0, '_a7_': 1.0}};{'d0': 0.025683199040502203};-278.725765581319;41.167138291396505
20112;-98.1957444992632;(((pow3((_a2_ + x)) / pow2(_a6_)) + pow2((_a1_ * x))) * x);{'d0': {'_a1_': 1.629610541325236, '_a2_': 2.511329114777767, '_a6_': 3.003778277742619, '_a0_': 1.0, '_a3_': 1.0, '_a4_': 1.0, '_a5_': 1.0, '_a7_': 1.0}};{'d0': 0.025683199040502203};-278.725765581319;41.167138291396505
20113;-98.1957444992632;(((pow3((_a2_ + x)) / pow2(_a6_)) + pow2((_a1_ * x))) * x);{'d0': {'_a1_': 1.629610541325236, '_a2_': 2.511329114777767, '_a6_': 3.003778277742619, '_a0_': 1.0, '_a3_': 1.0, '_a4_': 1.0, '_a5_': 1.0, '_a7_': 1.0}};{'d0': 0.025683199040502203};-278.725765581319;41.167138291396505
20114;-98.1957444992632;(((pow3((_a2_ + x)) / pow2(_a6_)) + pow2((_a1_ * x))) * x);{'d0': {'_a1_': 1.629610541325236, '_a2_': 2.511329114777767, '_a6_': 3.003778277742619, '_a0_': 1.0, '_a3_': 1.0, '_a4_': 1.0, '_a5_': 1.0, '_a7_': 1.0}};{'d0': 0.025683199040502203};-278.725765581319;41.167138291396505
20115;-98.1957444992632;(((pow3((_a2_ + x)) / pow2(_a6_)) + pow2((_a1_ * x))) * x);{'d0': {'_a1_': 1.629610541325236, '_a2_': 2.511329114777767, '_a6_': 3.003778277742619, '_a0_': 1.0, '_a3_': 1.0, '_a4_': 1.0, '_a5_': 1.0, '_a7_': 1.0}};{'d0': 0.025683199040502203};-278.725765581319;41.167138291396505
20116;-98.1957444992632;(((pow3((_a2_ + x)) / pow2(_a6_)) + pow2((_a1_ * x))) * x);{'d0': {'_a1_': 1.629610541325236, '_a2_': 2.511329114777767, '_a6_': 3.003778277742619, '_a0_': 1.0, '_a3_': 1.0, '_a4_': 1.0, '_a5_': 1.0, '_a7_': 1.0}};{'d0': 0.025683199040502203};-278.725765581319;41.167138291396505
20117;-98.1957444992632;(((pow3((_a2_ + x)) / pow2(_a6_)) + pow2((_a1_ * x))) * x);{'d0': {'_a1_': 1.629610541325236, '_a2_': 2.511329114777767, '_a6_': 3.003778277742619, '_a0_': 1.0, '_a3_': 1.0, '_a4_': 1.0, '_a5_': 1.0, '_a7_': 1.0}};{'d0': 0.025683199040502203};-278.725765581319;41.167138291396505
20118;-98.1957444992632;(((pow3((_a2_ + x)) / pow2(_a6_)) + pow2((_a1_ * x))) * x);{'d0': {'_a1_': 1.629610541325236, '_a2_': 2.511329114777767, '_a6_': 3.003778277742619, '_a0_': 1.0, '_a3_': 1.0, '_a4_': 1.0, '_a5_': 1.0, '_a7_': 1.0}};{'d0': 0.025683199040502203};-278.725765581319;41.167138291396505
20119;-98.1957444992632;(((pow3((_a2_ + x)) / pow2(_a6_)) + pow2((_a1_ * x))) * x);{'d0': {'_a1_': 1.629610541325236, '_a2_': 2.511329114777767, '_a6_': 3.003778277742619, '_a0_': 1.0, '_a3_': 1.0, '_a4_': 1.0, '_a5_': 1.0, '_a7_': 1.0}};{'d0': 0.025683199040502203};-278.725765581319;41.167138291396505
20120;-76.1326957288723;((_a6_ * _a4_) * ((x * pow2((exp(((((_a1_ / _a1_) * _a4_) * _a7_) + _a7_)) * (x + _a7_)))) + x));{'d0': {'_a4_': 0.3588277441745009, '_a6_': 4.031394209492477, '_a7_': 0.3119297077808492, '_a0_': 1.0, '_a1_': 1.0, '_a2_': 1.0, '_a3_': 1.0, '_a5_': 1.0}};{'d0': 0.024905832919416587};-276.475521886822;62.1050652145384
20121;-76.1326957288723;((_a6_ * _a4_) * ((x * pow2((exp(((((_a1_ / _a1_) * _a4_) * _a7_) + _a7_)) * (x + _a7_)))) + x));{'d0': {'_a4_': 0.3588277441745009, '_a6_': 4.031394209492477, '_a7_': 0.3119297077808492, '_a0_': 1.0, '_a1_': 1.0, '_a2_': 1.0, '_a3_': 1.0, '_a5_': 1.0}};{'d0': 0.024905832919416587};-276.475521886822;62.1050652145384
20122;-76.1326957009944;((_a6_ * _a4_) * ((x * pow2((exp(((((_a1_ / _a1_) * _a4_) * _a7_) + _a7_)) * (x + _a1_)))) + x));{'d0': {'_a1_': 0.3119297077438333, '_a4_': 0.5796955570791188, '_a6_': 2.495405324644736, '_a7_': 0.26831671011793845, '_a0_': 1.0, '_a2_': 1.0, '_a3_': 1.0, '_a5_': 1.0}};{'d0': 0.02490583294256073};-276.475521831066;62.1050652145384
20123;-76.1326957009944;((_a6_ * _a4_) * ((x * pow2((exp(((((_a1_ / _a1_) * _a4_) * _a7_) + _a7_)) * (x + _a1_)))) + x));{'d0': {'_a1_': 0.3119297077438333, '_a4_': 0.5796955570791188, '_a6_': 2.495405324644736, '_a7_': 0.26831671011793845, '_a0_': 1.0, '_a2_': 1.0, '_a3_': 1.0, '_a5_': 1.0}};{'d0': 0.02490583294256073};-276.475521831066;62.1050652145384
20124;-97.2008135835936;(((x * ((cos(_a6_) + ((_a2_ * x) / _a1_)) * _a2_)) + _a6_) * x);{'d0': {'_a1_': 31.91713723621868, '_a2_': -10.38154807114713, '_a6_': 1.7751354043201089, '_a0_': 1.0, '_a3_': 1.0, '_a4_': 1.0, '_a5_': 1.0, '_a7_': 1.0}};{'d0': 0.024905832919416674};-280.569866449043;43.08411964092845
20125;-76.1326957009944;((_a6_ * _a4_) * ((x * pow2((exp(((((_a1_ / _a1_) * _a4_) * _a7_) + _a7_)) * (x + _a1_)))) + x));{'d0': {'_a1_': 0.3119297077438333, '_a4_': 0.5796955570791188, '_a6_': 2.495405324644736, '_a7_': 0.26831671011793845, '_a0_': 1.0, '_a2_': 1.0, '_a3_': 1.0, '_a5_': 1.0}};{'d0': 0.02490583294256073};-276.475521831066;62.1050652145384
20126;-76.1326957009944;((_a6_ * _a4_) * ((x * pow2((exp(((((_a1_ / _a1_) * _a4_) * _a7_) + _a7_)) * (x + _a1_)))) + x));{'d0': {'_a1_': 0.3119297077438333, '_a4_': 0.5796955570791188, '_a6_': 2.495405324644736, '_a7_': 0.26831671011793845, '_a0_': 1.0, '_a2_': 1.0, '_a3_': 1.0, '_a5_': 1.0}};{'d0': 0.02490583294256073};-276.475521831066;62.1050652145384
20127;-76.1326957009944;((_a6_ * _a4_) * ((x * pow2((exp(((((_a1_ / _a1_) * _a4_) * _a7_) + _a7_)) * (x + _a1_)))) + x));{'d0': {'_a1_': 0.3119297077438333, '_a4_': 0.5796955570791188, '_a6_': 2.495405324644736, '_a7_': 0.26831671011793845, '_a0_': 1.0, '_a2_': 1.0, '_a3_': 1.0, '_a5_': 1.0}};{'d0': 0.02490583294256073};-276.475521831066;62.1050652145384
20128;-76.1326957009944;((_a6_ * _a4_) * ((x * pow2((exp(((((_a1_ / _a1_) * _a4_) * _a7_) + _a7_)) * (x + _a1_)))) + x));{'d0': {'_a1_': 0.3119297077438333, '_a4_': 0.5796955570791188, '_a6_': 2.495405324644736, '_a7_': 0.26831671011793845, '_a0_': 1.0, '_a2_': 1.0, '_a3_': 1.0, '_a5_': 1.0}};{'d0': 0.02490583294256073};-276.475521831066;62.1050652145384
20129;-76.2160739697552;((_a6_ * _a4_) * ((x * pow2((exp(((((_a1_ / _a1_) * _a4_) * _a7_) / _a7_)) * (x + _a1_)))) + x));{'d0': {'_a1_': 0.3119297078913608, '_a4_': 0.42385874147353214, '_a6_': 3.4128730831194987, '_a0_': 1.0, '_a2_': 1.0, '_a3_': 1.0, '_a5_': 1.0, '_a7_': 1.0}};{'d0': 0.024905832919416525};-276.475521886822;62.0216869736556
20130;-76.2160739697552;((_a6_ * _a4_) * ((x * pow2((exp(((((_a1_ / _a1_) * _a4_) * _a7_) / _a7_)) * (x + _a1_)))) + x));{'d0': {'_a1_': 0.3119297078913608, '_a4_': 0.42385874147353214, '_a6_': 3.4128730831194987, '_a0_': 1.0, '_a2_': 1.0, '_a3_': 1.0, '_a5_': 1.0, '_a7_': 1.0}};{'d0': 0.024905832919416525};-276.475521886822;62.0216869736556
20131;-76.2160739697552;((_a6_ * _a4_) * ((x * pow2((exp(((((_a1_ / _a1_) * _a4_) * _a7_) / _a7_)) * (x + _a1_)))) + x));{'d0': {'_a1_': 0.3119297078913608, '_a4_': 0.42385874147353214, '_a6_': 3.4128730831194987, '_a0_': 1.0, '_a2_': 1.0, '_a3_': 1.0, '_a5_': 1.0, '_a7_': 1.0}};{'d0': 0.024905832919416525};-276.475521886822;62.0216869736556
20132;-76.2160739697552;((_a6_ * _a4_) * ((x * pow2((exp(((((_a1_ / _a1_) * _a4_) * _a7_) / _a7_)) * (x + _a1_)))) + x));{'d0': {'_a1_': 0.3119297078913608, '_a4_': 0.42385874147353214, '_a6_': 3.4128730831194987, '_a0_': 1.0, '_a2_': 1.0, '_a3_': 1.0, '_a5_': 1.0, '_a7_': 1.0}};{'d0': 0.024905832919416525};-276.475521886822;62.0216869736556
20133;-76.2160739697552;((_a6_ * _a4_) * ((x * pow2((exp(((((_a1_ / _a1_) * _a4_) * _a7_) / _a7_)) * (x + _a1_)))) + x));{'d0': {'_a1_': 0.3119297078913608, '_a4_': 0.42385874147353214, '_a6_': 3.4128730831194987, '_a0_': 1.0, '_a2_': 1.0, '_a3_': 1.0, '_a5_': 1.0, '_a7_': 1.0}};{'d0': 0.024905832919416525};-276.475521886822;62.0216869736556
20134;-76.2160739697552;((_a6_ * _a4_) * ((x * pow2((exp(((((_a1_ / _a1_) * _a4_) * _a7_) / _a7_)) * (x + _a1_)))) + x));{'d0': {'_a1_': 0.3119297078913608, '_a4_': 0.42385874147353214, '_a6_': 3.4128730831194987, '_a0_': 1.0, '_a2_': 1.0, '_a3_': 1.0, '_a5_': 1.0, '_a7_': 1.0}};{'d0': 0.024905832919416525};-276.475521886822;62.0216869736556
20135;-76.2160739697552;((_a6_ * _a4_) * ((x * pow2((exp(((((_a1_ / _a1_) * _a4_) * _a7_) / _a7_)) * (x + _a1_)))) + x));{'d0': {'_a1_': 0.3119297078913608, '_a4_': 0.42385874147353214, '_a6_': 3.4128730831194987, '_a0_': 1.0, '_a2_': 1.0, '_a3_': 1.0, '_a5_': 1.0, '_a7_': 1.0}};{'d0': 0.024905832919416525};-276.475521886822;62.0216869736556
20136;-76.2160739697552;((_a6_ * _a4_) * ((x * pow2((exp(((((_a1_ / _a1_) * _a4_) * _a7_) / _a7_)) * (x + _a1_)))) + x));{'d0': {'_a1_': 0.3119297078913608, '_a4_': 0.42385874147353214, '_a6_': 3.4128730831194987, '_a0_': 1.0, '_a2_': 1.0, '_a3_': 1.0, '_a5_': 1.0, '_a7_': 1.0}};{'d0': 0.024905832919416525};-276.475521886822;62.0216869736556
20137;-76.2160739697552;((_a6_ * _a4_) * ((x * pow2((exp(((((_a1_ / _a1_) * _a4_) * _a7_) / _a7_)) * (x + _a1_)))) + x));{'d0': {'_a1_': 0.3119297078913608, '_a4_': 0.42385874147353214, '_a6_': 3.4128730831194987, '_a0_': 1.0, '_a2_': 1.0, '_a3_': 1.0, '_a5_': 1.0, '_a7_': 1.0}};{'d0': 0.024905832919416525};-276.475521886822;62.0216869736556
20138;-76.2160739697552;((_a6_ * _a4_) * ((x * pow2((exp(((((_a1_ / _a1_) * _a4_) * _a7_) / _a7_)) * (x + _a1_)))) + x));{'d0': {'_a1_': 0.3119297078913608, '_a4_': 0.42385874147353214, '_a6_': 3.4128730831194987, '_a0_': 1.0, '_a2_': 1.0, '_a3_': 1.0, '_a5_': 1.0, '_a7_': 1.0}};{'d0': 0.024905832919416525};-276.475521886822;62.0216869736556
20139;-76.2160739697552;((_a6_ * _a4_) * ((x * pow2((exp(((((_a1_ / _a1_) * _a4_) * _a7_) / _a7_)) * (x + _a1_)))) + x));{'d0': {'_a1_': 0.3119297078913608, '_a4_': 0.42385874147353214, '_a6_': 3.4128730831194987, '_a0_': 1.0, '_a2_': 1.0, '_a3_': 1.0, '_a5_': 1.0, '_a7_': 1.0}};{'d0': 0.024905832919416525};-276.475521886822;62.0216869736556
20140;-76.2160739697552;((_a6_ * _a4_) * ((x * pow2((exp(((((_a1_ / _a1_) * _a4_) * _a7_) / _a7_)) * (x + _a1_)))) + x));{'d0': {'_a1_': 0.3119297078913608, '_a4_': 0.42385874147353214, '_a6_': 3.4128730831194987, '_a0_': 1.0, '_a2_': 1.0, '_a3_': 1.0, '_a5_': 1.0, '_a7_': 1.0}};{'d0': 0.024905832919416525};-276.475521886822;62.0216869736556
20141;-76.2160739697552;((_a6_ * _a4_) * ((x * pow2((exp(((((_a1_ / _a1_) * _a4_) * _a7_) / _a7_)) * (x + _a1_)))) + x));{'d0': {'_a1_': 0.3119297078913608, '_a4_': 0.42385874147353214, '_a6_': 3.4128730831194987, '_a0_': 1.0, '_a2_': 1.0, '_a3_': 1.0, '_a5_': 1.0, '_a7_': 1.0}};{'d0': 0.024905832919416525};-276.475521886822;62.0216869736556
20142;-76.2160739697552;((_a6_ * _a4_) * ((x * pow2((exp(((((_a1_ / _a1_) * _a4_) * _a7_) / _a7_)) * (x + _a1_)))) + x));{'d0': {'_a1_': 0.3119297078913608, '_a4_': 0.42385874147353214, '_a6_': 3.4128730831194987, '_a0_': 1.0, '_a2_': 1.0, '_a3_': 1.0, '_a5_': 1.0, '_a7_': 1.0}};{'d0': 0.024905832919416525};-276.475521886822;62.0216869736556
20143;-76.2160739697552;((_a6_ * _a4_) * ((x * pow2((exp(((((_a1_ / _a1_) * _a4_) * _a7_) / _a7_)) * (x + _a1_)))) + x));{'d0': {'_a1_': 0.3119297078913608, '_a4_': 0.42385874147353214, '_a6_': 3.4128730831194987, '_a0_': 1.0, '_a2_': 1.0, '_a3_': 1.0, '_a5_': 1.0, '_a7_': 1.0}};{'d0': 0.024905832919416525};-276.475521886822;62.0216869736556
20144;-76.2160739697552;((_a6_ * _a4_) * ((x * pow2((exp(((((_a1_ / _a1_) * _a4_) * _a7_) / _a7_)) * (x + _a1_)))) + x));{'d0': {'_a1_': 0.3119297078913608, '_a4_': 0.42385874147353214, '_a6_': 3.4128730831194987, '_a0_': 1.0, '_a2_': 1.0, '_a3_': 1.0, '_a5_': 1.0, '_a7_': 1.0}};{'d0': 0.024905832919416525};-276.475521886822;62.0216869736556
20145;-80.0061244967914;((_a6_ * _a4_) * ((x * pow2((exp((((_a5_ * _a4_) * _a7_) / _a7_)) * (x + _a1_)))) + x));{'d0': {'_a1_': 0.3119297078913608, '_a4_': 0.42385874147353214, '_a5_': 1.0, '_a6_': 3.4128730831194987, '_a0_': 1.0, '_a2_': 1.0, '_a3_': 1.0, '_a7_': 1.0}};{'d0': 0.024905832919416525};-272.381177324600;56.1844641655084
20146;-80.0061244967914;((_a6_ * _a4_) * ((x * pow2((exp((((_a5_ * _a4_) * _a7_) / _a7_)) * (x + _a1_)))) + x));{'d0': {'_a1_': 0.3119297078913608, '_a4_': 0.42385874147353214, '_a5_': 1.0, '_a6_': 3.4128730831194987, '_a0_': 1.0, '_a2_': 1.0, '_a3_': 1.0, '_a7_': 1.0}};{'d0': 0.024905832919416525};-272.381177324600;56.1844641655084
20147;-80.0061244967914;((_a6_ * _a4_) * ((x * pow2((exp((((_a5_ * _a4_) * _a7_) / _a7_)) * (x + _a1_)))) + x));{'d0': {'_a1_': 0.3119297078913608, '_a4_': 0.42385874147353214, '_a5_': 1.0, '_a6_': 3.4128730831194987, '_a0_': 1.0, '_a2_': 1.0, '_a3_': 1.0, '_a7_': 1.0}};{'d0': 0.024905832919416525};-272.381177324600;56.1844641655084
20148;-98.1957444992632;(((pow3((_a2_ + x)) / pow2(_a6_)) + pow2((_a1_ * x))) * x);{'d0': {'_a1_': 1.629610541325236, '_a2_': 2.511329114777767, '_a6_': 3.003778277742619, '_a0_': 1.0, '_a3_': 1.0, '_a4_': 1.0, '_a5_': 1.0, '_a7_': 1.0}};{'d0': 0.025683199040502203};-278.725765581319;41.167138291396505
20149;-98.1957444992632;(((pow3((_a2_ + x)) / pow2(_a6_)) + pow2((_a1_ * x))) * x);{'d0': {'_a1_': 1.629610541325236, '_a2_': 2.511329114777767, '_a6_': 3.003778277742619, '_a0_': 1.0, '_a3_': 1.0, '_a4_': 1.0, '_a5_': 1.0, '_a7_': 1.0}};{'d0': 0.025683199040502203};-278.725765581319;41.167138291396505
20150;-87.1473512760034;((_a6_ * _a4_) * ((x * pow2((exp(((_a6_ * _a7_) / _a7_)) * (x + _a1_)))) + x));{'d0': {'_a1_': 0.31192970782519486, '_a4_': 3.412873073746421, '_a6_': 0.423858742314452, '_a0_': 1.0, '_a2_': 1.0, '_a3_': 1.0, '_a5_': 1.0, '_a7_': 1.0}};{'d0': 0.02490583291941657};-276.475521886822;51.0904096674074
20151;-87.1473512760034;((_a6_ * _a4_) * ((x * pow2((exp(((_a6_ * _a7_) / _a7_)) * (x + _a1_)))) + x));{'d0': {'_a1_': 0.31192970782519486, '_a4_': 3.412873073746421, '_a6_': 0.423858742314452, '_a0_': 1.0, '_a2_': 1.0, '_a3_': 1.0, '_a5_': 1.0, '_a7_': 1.0}};{'d0': 0.02490583291941657};-276.475521886822;51.0904096674074
20152;-87.1473512760034;((_a6_ * _a4_) * ((x * pow2((exp(((_a6_ * _a7_) / _a7_)) * (x + _a1_)))) + x));{'d0': {'_a1_': 0.31192970782519486, '_a4_': 3.412873073746421, '_a6_': 0.423858742314452, '_a0_': 1.0, '_a2_': 1.0, '_a3_': 1.0, '_a5_': 1.0, '_a7_': 1.0}};{'d0': 0.02490583291941657};-276.475521886822;51.0904096674074
20153;-87.1473512760034;((_a6_ * _a4_) * ((x * pow2((exp(((_a6_ * _a7_) / _a7_)) * (x + _a1_)))) + x));{'d0': {'_a1_': 0.31192970782519486, '_a4_': 3.412873073746421, '_a6_': 0.423858742314452, '_a0_': 1.0, '_a2_': 1.0, '_a3_': 1.0, '_a5_': 1.0, '_a7_': 1.0}};{'d0': 0.02490583291941657};-276.475521886822;51.0904096674074
20154;-87.1473512760034;((_a6_ * _a4_) * ((x * pow2((exp(((_a6_ * _a7_) / _a7_)) * (x + _a1_)))) + x));{'d0': {'_a1_': 0.31192970782519486, '_a4_': 3.412873073746421, '_a6_': 0.423858742314452, '_a0_': 1.0, '_a2_': 1.0, '_a3_': 1.0, '_a5_': 1.0, '_a7_': 1.0}};{'d0': 0.02490583291941657};-276.475521886822;51.0904096674074
20155;-87.1473512760034;((_a6_ * _a4_) * ((x * pow2((exp(((_a6_ * _a7_) / _a7_)) * (x + _a1_)))) + x));{'d0': {'_a1_': 0.31192970782519486, '_a4_': 3.412873073746421, '_a6_': 0.423858742314452, '_a0_': 1.0, '_a2_': 1.0, '_a3_': 1.0, '_a5_': 1.0, '_a7_': 1.0}};{'d0': 0.02490583291941657};-276.475521886822;51.0904096674074
20156;-87.1473512760034;((_a6_ * _a4_) * ((x * pow2((exp(((_a6_ * _a7_) / _a7_)) * (x + _a1_)))) + x));{'d0': {'_a1_': 0.31192970782519486, '_a4_': 3.412873073746421, '_a6_': 0.423858742314452, '_a0_': 1.0, '_a2_': 1.0, '_a3_': 1.0, '_a5_': 1.0, '_a7_': 1.0}};{'d0': 0.02490583291941657};-276.475521886822;51.0904096674074
20157;-87.1473512760034;((_a6_ * _a4_) * ((x * pow2((exp(((_a6_ * _a7_) / _a7_)) * (x + _a1_)))) + x));{'d0': {'_a1_': 0.31192970782519486, '_a4_': 3.412873073746421, '_a6_': 0.423858742314452, '_a0_': 1.0, '_a2_': 1.0, '_a3_': 1.0, '_a5_': 1.0, '_a7_': 1.0}};{'d0': 0.02490583291941657};-276.475521886822;51.0904096674074
20158;-87.1473512760034;((_a6_ * _a4_) * ((x * pow2((exp(((_a6_ * _a7_) / _a7_)) * (x + _a1_)))) + x));{'d0': {'_a1_': 0.31192970782519486, '_a4_': 3.412873073746421, '_a6_': 0.423858742314452, '_a0_': 1.0, '_a2_': 1.0, '_a3_': 1.0, '_a5_': 1.0, '_a7_': 1.0}};{'d0': 0.02490583291941657};-276.475521886822;51.0904096674074
20159;-87.1473512760034;((_a6_ * _a4_) * ((x * pow2((exp(((_a6_ * _a7_) / _a7_)) * (x + _a1_)))) + x));{'d0': {'_a1_': 0.31192970782519486, '_a4_': 3.412873073746421, '_a6_': 0.423858742314452, '_a0_': 1.0, '_a2_': 1.0, '_a3_': 1.0, '_a5_': 1.0, '_a7_': 1.0}};{'d0': 0.02490583291941657};-276.475521886822;51.0904096674074
20160;-87.1473512760034;((_a6_ * _a4_) * ((x * pow2((exp(((_a6_ * _a7_) / _a7_)) * (x + _a1_)))) + x));{'d0': {'_a1_': 0.31192970782519486, '_a4_': 3.412873073746421, '_a6_': 0.423858742314452, '_a0_': 1.0, '_a2_': 1.0, '_a3_': 1.0, '_a5_': 1.0, '_a7_': 1.0}};{'d0': 0.02490583291941657};-276.475521886822;51.0904096674074
20161;-87.1473512760034;((_a6_ * _a4_) * ((x * pow2((exp(((_a6_ * _a7_) / _a7_)) * (x + _a1_)))) + x));{'d0': {'_a1_': 0.31192970782519486, '_a4_': 3.412873073746421, '_a6_': 0.423858742314452, '_a0_': 1.0, '_a2_': 1.0, '_a3_': 1.0, '_a5_': 1.0, '_a7_': 1.0}};{'d0': 0.02490583291941657};-276.475521886822;51.0904096674074
20162;-87.1473512760034;((_a6_ * _a4_) * ((x * pow2((exp(((_a6_ * _a7_) / _a7_)) * (x + _a1_)))) + x));{'d0': {'_a1_': 0.31192970782519486, '_a4_': 3.412873073746421, '_a6_': 0.423858742314452, '_a0_': 1.0, '_a2_': 1.0, '_a3_': 1.0, '_a5_': 1.0, '_a7_': 1.0}};{'d0': 0.02490583291941657};-276.475521886822;51.0904096674074
20163;-87.1473512760034;((_a6_ * _a4_) * ((x * pow2((exp(((_a6_ * _a7_) / _a7_)) * (x + _a1_)))) + x));{'d0': {'_a1_': 0.31192970782519486, '_a4_': 3.412873073746421, '_a6_': 0.423858742314452, '_a0_': 1.0, '_a2_': 1.0, '_a3_': 1.0, '_a5_': 1.0, '_a7_': 1.0}};{'d0': 0.02490583291941657};-276.475521886822;51.0904096674074
20164;-87.1473512760034;((_a6_ * _a4_) * ((x * pow2((exp(((_a6_ * _a7_) / _a7_)) * (x + _a1_)))) + x));{'d0': {'_a1_': 0.31192970782519486, '_a4_': 3.412873073746421, '_a6_': 0.423858742314452, '_a0_': 1.0, '_a2_': 1.0, '_a3_': 1.0, '_a5_': 1.0, '_a7_': 1.0}};{'d0': 0.02490583291941657};-276.475521886822;51.0904096674074
20165;-87.1473512760034;((_a6_ * _a4_) * ((x * pow2((exp(((_a6_ * _a7_) / _a7_)) * (x + _a1_)))) + x));{'d0': {'_a1_': 0.31192970782519486, '_a4_': 3.412873073746421, '_a6_': 0.423858742314452, '_a0_': 1.0, '_a2_': 1.0, '_a3_': 1.0, '_a5_': 1.0, '_a7_': 1.0}};{'d0': 0.02490583291941657};-276.475521886822;51.0904096674074
20166;-98.1957444992632;(((pow3((_a2_ + x)) / pow2(_a6_)) + pow2((_a1_ * x))) * x);{'d0': {'_a1_': 1.629610541325236, '_a2_': 2.511329114777767, '_a6_': 3.003778277742619, '_a0_': 1.0, '_a3_': 1.0, '_a4_': 1.0, '_a5_': 1.0, '_a7_': 1.0}};{'d0': 0.025683199040502203};-278.725765581319;41.167138291396505
20167;-98.1957444992632;(((pow3((_a2_ + x)) / pow2(_a6_)) + pow2((_a1_ * x))) * x);{'d0': {'_a1_': 1.629610541325236, '_a2_': 2.511329114777767, '_a6_': 3.003778277742619, '_a0_': 1.0, '_a3_': 1.0, '_a4_': 1.0, '_a5_': 1.0, '_a7_': 1.0}};{'d0': 0.025683199040502203};-278.725765581319;41.167138291396505
20168;-98.1957444992632;(((pow3((_a2_ + x)) / pow2(_a6_)) + pow2((_a1_ * x))) * x);{'d0': {'_a1_': 1.629610541325236, '_a2_': 2.511329114777767, '_a6_': 3.003778277742619, '_a0_': 1.0, '_a3_': 1.0, '_a4_': 1.0, '_a5_': 1.0, '_a7_': 1.0}};{'d0': 0.025683199040502203};-278.725765581319;41.167138291396505
20169;-98.1957444992632;(((pow3((_a2_ + x)) / pow2(_a6_)) + pow2((_a1_ * x))) * x);{'d0': {'_a1_': 1.629610541325236, '_a2_': 2.511329114777767, '_a6_': 3.003778277742619, '_a0_': 1.0, '_a3_': 1.0, '_a4_': 1.0, '_a5_': 1.0, '_a7_': 1.0}};{'d0': 0.025683199040502203};-278.725765581319;41.167138291396505
20170;-98.1957444992632;(((pow3((_a2_ + x)) / pow2(_a6_)) + pow2((_a1_ * x))) * x);{'d0': {'_a1_': 1.629610541325236, '_a2_': 2.511329114777767, '_a6_': 3.003778277742619, '_a0_': 1.0, '_a3_': 1.0, '_a4_': 1.0, '_a5_': 1.0, '_a7_': 1.0}};{'d0': 0.025683199040502203};-278.725765581319;41.167138291396505
20171;-98.1957444992632;(((pow3((_a2_ + x)) / pow2(_a6_)) + pow2((_a1_ * x))) * x);{'d0': {'_a1_': 1.629610541325236, '_a2_': 2.511329114777767, '_a6_': 3.003778277742619, '_a0_': 1.0, '_a3_': 1.0, '_a4_': 1.0, '_a5_': 1.0, '_a7_': 1.0}};{'d0': 0.025683199040502203};-278.725765581319;41.167138291396505
20172;-98.1957444992632;(((pow3((_a2_ + x)) / pow2(_a6_)) + pow2((_a1_ * x))) * x);{'d0': {'_a1_': 1.629610541325236, '_a2_': 2.511329114777767, '_a6_': 3.003778277742619, '_a0_': 1.0, '_a3_': 1.0, '_a4_': 1.0, '_a5_': 1.0, '_a7_': 1.0}};{'d0': 0.025683199040502203};-278.725765581319;41.167138291396505
20173;-98.1957444992632;(((pow3((_a2_ + x)) / pow2(_a6_)) + pow2((_a1_ * x))) * x);{'d0': {'_a1_': 1.629610541325236, '_a2_': 2.511329114777767, '_a6_': 3.003778277742619, '_a0_': 1.0, '_a3_': 1.0, '_a4_': 1.0, '_a5_': 1.0, '_a7_': 1.0}};{'d0': 0.025683199040502203};-278.725765581319;41.167138291396505
20174;-98.1957444992632;(((pow3((_a2_ + x)) / pow2(_a6_)) + pow2((_a1_ * x))) * x);{'d0': {'_a1_': 1.629610541325236, '_a2_': 2.511329114777767, '_a6_': 3.003778277742619, '_a0_': 1.0, '_a3_': 1.0, '_a4_': 1.0, '_a5_': 1.0, '_a7_': 1.0}};{'d0': 0.025683199040502203};-278.725765581319;41.167138291396505
20175;-98.1957444992632;(((pow3((_a2_ + x)) / pow2(_a6_)) + pow2((_a1_ * x))) * x);{'d0': {'_a1_': 1.629610541325236, '_a2_': 2.511329114777767, '_a6_': 3.003778277742619, '_a0_': 1.0, '_a3_': 1.0, '_a4_': 1.0, '_a5_': 1.0, '_a7_': 1.0}};{'d0': 0.025683199040502203};-278.725765581319;41.167138291396505
20176;-98.1957444992632;(((pow3((_a2_ + x)) / pow2(_a6_)) + pow2((_a1_ * x))) * x);{'d0': {'_a1_': 1.629610541325236, '_a2_': 2.511329114777767, '_a6_': 3.003778277742619, '_a0_': 1.0, '_a3_': 1.0, '_a4_': 1.0, '_a5_': 1.0, '_a7_': 1.0}};{'d0': 0.025683199040502203};-278.725765581319;41.167138291396505
20177;-98.1957444992632;(((pow3((_a2_ + x)) / pow2(_a6_)) + pow2((_a1_ * x))) * x);{'d0': {'_a1_': 1.629610541325236, '_a2_': 2.511329114777767, '_a6_': 3.003778277742619, '_a0_': 1.0, '_a3_': 1.0, '_a4_': 1.0, '_a5_': 1.0, '_a7_': 1.0}};{'d0': 0.025683199040502203};-278.725765581319;41.167138291396505
20178;-98.1957444992632;(((pow3((_a2_ + x)) / pow2(_a6_)) + pow2((_a1_ * x))) * x);{'d0': {'_a1_': 1.629610541325236, '_a2_': 2.511329114777767, '_a6_': 3.003778277742619, '_a0_': 1.0, '_a3_': 1.0, '_a4_': 1.0, '_a5_': 1.0, '_a7_': 1.0}};{'d0': 0.025683199040502203};-278.725765581319;41.167138291396505
20179;-98.1957444992632;(((pow3((_a2_ + x)) / pow2(_a6_)) + pow2((_a1_ * x))) * x);{'d0': {'_a1_': 1.629610541325236, '_a2_': 2.511329114777767, '_a6_': 3.003778277742619, '_a0_': 1.0, '_a3_': 1.0, '_a4_': 1.0, '_a5_': 1.0, '_a7_': 1.0}};{'d0': 0.025683199040502203};-278.725765581319;41.167138291396505
20180;-98.1957444992632;(((pow3((_a2_ + x)) / pow2(_a6_)) + pow2((_a1_ * x))) * x);{'d0': {'_a1_': 1.629610541325236, '_a2_': 2.511329114777767, '_a6_': 3.003778277742619, '_a0_': 1.0, '_a3_': 1.0, '_a4_': 1.0, '_a5_': 1.0, '_a7_': 1.0}};{'d0': 0.025683199040502203};-278.725765581319;41.167138291396505
20181;-98.1957444992632;(((pow3((_a2_ + x)) / pow2(_a6_)) + pow2((_a1_ * x))) * x);{'d0': {'_a1_': 1.629610541325236, '_a2_': 2.511329114777767, '_a6_': 3.003778277742619, '_a0_': 1.0, '_a3_': 1.0, '_a4_': 1.0, '_a5_': 1.0, '_a7_': 1.0}};{'d0': 0.025683199040502203};-278.725765581319;41.167138291396505
20182;-98.1957444992632;(((pow3((_a2_ + x)) / pow2(_a6_)) + pow2((_a1_ * x))) * x);{'d0': {'_a1_': 1.629610541325236, '_a2_': 2.511329114777767, '_a6_': 3.003778277742619, '_a0_': 1.0, '_a3_': 1.0, '_a4_': 1.0, '_a5_': 1.0, '_a7_': 1.0}};{'d0': 0.025683199040502203};-278.725765581319;41.167138291396505
20183;-98.1957444992632;(((pow3((_a2_ + x)) / pow2(_a6_)) + pow2((_a1_ * x))) * x);{'d0': {'_a1_': 1.629610541325236, '_a2_': 2.511329114777767, '_a6_': 3.003778277742619, '_a0_': 1.0, '_a3_': 1.0, '_a4_': 1.0, '_a5_': 1.0, '_a7_': 1.0}};{'d0': 0.025683199040502203};-278.725765581319;41.167138291396505
20184;-98.1957444992632;(((pow3((_a2_ + x)) / pow2(_a6_)) + pow2((_a1_ * x))) * x);{'d0': {'_a1_': 1.629610541325236, '_a2_': 2.511329114777767, '_a6_': 3.003778277742619, '_a0_': 1.0, '_a3_': 1.0, '_a4_': 1.0, '_a5_': 1.0, '_a7_': 1.0}};{'d0': 0.025683199040502203};-278.725765581319;41.167138291396505
20185;-98.1957444992632;(((pow3((_a2_ + x)) / pow2(_a6_)) + pow2((_a1_ * x))) * x);{'d0': {'_a1_': 1.629610541325236, '_a2_': 2.511329114777767, '_a6_': 3.003778277742619, '_a0_': 1.0, '_a3_': 1.0, '_a4_': 1.0, '_a5_': 1.0, '_a7_': 1.0}};{'d0': 0.025683199040502203};-278.725765581319;41.167138291396505
20186;-98.1957444992632;(((pow3((_a2_ + x)) / pow2(_a6_)) + pow2((_a1_ * x))) * x);{'d0': {'_a1_': 1.629610541325236, '_a2_': 2.511329114777767, '_a6_': 3.003778277742619, '_a0_': 1.0, '_a3_': 1.0, '_a4_': 1.0, '_a5_': 1.0, '_a7_': 1.0}};{'d0': 0.025683199040502203};-278.725765581319;41.167138291396505
20187;-98.1957444992632;(((pow3((_a2_ + x)) / pow2(_a6_)) + pow2((_a1_ * x))) * x);{'d0': {'_a1_': 1.629610541325236, '_a2_': 2.511329114777767, '_a6_': 3.003778277742619, '_a0_': 1.0, '_a3_': 1.0, '_a4_': 1.0, '_a5_': 1.0, '_a7_': 1.0}};{'d0': 0.025683199040502203};-278.725765581319;41.167138291396505
20188;-98.1957444992632;(((pow3((_a2_ + x)) / pow2(_a6_)) + pow2((_a1_ * x))) * x);{'d0': {'_a1_': 1.629610541325236, '_a2_': 2.511329114777767, '_a6_': 3.003778277742619, '_a0_': 1.0, '_a3_': 1.0, '_a4_': 1.0, '_a5_': 1.0, '_a7_': 1.0}};{'d0': 0.025683199040502203};-278.725765581319;41.167138291396505
20189;-98.1957444992632;(((pow3((_a2_ + x)) / pow2(_a6_)) + pow2((_a1_ * x))) * x);{'d0': {'_a1_': 1.629610541325236, '_a2_': 2.511329114777767, '_a6_': 3.003778277742619, '_a0_': 1.0, '_a3_': 1.0, '_a4_': 1.0, '_a5_': 1.0, '_a7_': 1.0}};{'d0': 0.025683199040502203};-278.725765581319;41.167138291396505
20190;-98.1957444992632;(((pow3((_a2_ + x)) / pow2(_a6_)) + pow2((_a1_ * x))) * x);{'d0': {'_a1_': 1.629610541325236, '_a2_': 2.511329114777767, '_a6_': 3.003778277742619, '_a0_': 1.0, '_a3_': 1.0, '_a4_': 1.0, '_a5_': 1.0, '_a7_': 1.0}};{'d0': 0.025683199040502203};-278.725765581319;41.167138291396505
20191;-98.1957444992632;(((pow3((_a2_ + x)) / pow2(_a6_)) + pow2((_a1_ * x))) * x);{'d0': {'_a1_': 1.629610541325236, '_a2_': 2.511329114777767, '_a6_': 3.003778277742619, '_a0_': 1.0, '_a3_': 1.0, '_a4_': 1.0, '_a5_': 1.0, '_a7_': 1.0}};{'d0': 0.025683199040502203};-278.725765581319;41.167138291396505
20192;-98.1957444992632;(((pow3((_a2_ + x)) / pow2(_a6_)) + pow2((_a1_ * x))) * x);{'d0': {'_a1_': 1.629610541325236, '_a2_': 2.511329114777767, '_a6_': 3.003778277742619, '_a0_': 1.0, '_a3_': 1.0, '_a4_': 1.0, '_a5_': 1.0, '_a7_': 1.0}};{'d0': 0.025683199040502203};-278.725765581319;41.167138291396505
20193;-98.1957444992632;(((pow3((_a2_ + x)) / pow2(_a6_)) + pow2((_a1_ * x))) * x);{'d0': {'_a1_': 1.629610541325236, '_a2_': 2.511329114777767, '_a6_': 3.003778277742619, '_a0_': 1.0, '_a3_': 1.0, '_a4_': 1.0, '_a5_': 1.0, '_a7_': 1.0}};{'d0': 0.025683199040502203};-278.725765581319;41.167138291396505
20194;-87.1473512760034;((_a6_ * _a4_) * ((x * pow2((exp(((_a6_ * _a7_) / _a7_)) * (x + _a1_)))) + x));{'d0': {'_a1_': 0.31192970782519486, '_a4_': 3.412873073746421, '_a6_': 0.423858742314452, '_a0_': 1.0, '_a2_': 1.0, '_a3_': 1.0, '_a5_': 1.0, '_a7_': 1.0}};{'d0': 0.02490583291941657};-276.475521886822;51.0904096674074
20195;-87.1473512760034;((_a6_ * _a4_) * ((x * pow2((exp(((_a6_ * _a7_) / _a7_)) * (x + _a1_)))) + x));{'d0': {'_a1_': 0.31192970782519486, '_a4_': 3.412873073746421, '_a6_': 0.423858742314452, '_a0_': 1.0, '_a2_': 1.0, '_a3_': 1.0, '_a5_': 1.0, '_a7_': 1.0}};{'d0': 0.02490583291941657};-276.475521886822;51.0904096674074
20196;-87.1473512760034;((_a6_ * _a4_) * ((x * pow2((exp(((_a6_ * _a7_) / _a7_)) * (x + _a1_)))) + x));{'d0': {'_a1_': 0.31192970782519486, '_a4_': 3.412873073746421, '_a6_': 0.423858742314452, '_a0_': 1.0, '_a2_': 1.0, '_a3_': 1.0, '_a5_': 1.0, '_a7_': 1.0}};{'d0': 0.02490583291941657};-276.475521886822;51.0904096674074
20197;-87.1473512760034;((_a6_ * _a4_) * ((x * pow2((exp(((_a6_ * _a7_) / _a7_)) * (x + _a1_)))) + x));{'d0': {'_a1_': 0.31192970782519486, '_a4_': 3.412873073746421, '_a6_': 0.423858742314452, '_a0_': 1.0, '_a2_': 1.0, '_a3_': 1.0, '_a5_': 1.0, '_a7_': 1.0}};{'d0': 0.02490583291941657};-276.475521886822;51.0904096674074
20198;-87.1473512760034;((_a6_ * _a4_) * ((x * pow2((exp(((_a6_ * _a7_) / _a7_)) * (x + _a1_)))) + x));{'d0': {'_a1_': 0.31192970782519486, '_a4_': 3.412873073746421, '_a6_': 0.423858742314452, '_a0_': 1.0, '_a2_': 1.0, '_a3_': 1.0, '_a5_': 1.0, '_a7_': 1.0}};{'d0': 0.02490583291941657};-276.475521886822;51.0904096674074
20199;-87.1473512760034;((_a6_ * _a4_) * ((x * pow2((exp(((_a6_ * _a7_) / _a7_)) * (x + _a1_)))) + x));{'d0': {'_a1_': 0.31192970782519486, '_a4_': 3.412873073746421, '_a6_': 0.423858742314452, '_a0_': 1.0, '_a2_': 1.0, '_a3_': 1.0, '_a5_': 1.0, '_a7_': 1.0}};{'d0': 0.02490583291941657};-276.475521886822;51.0904096674074
20200;-87.1473512760034;((_a6_ * _a4_) * ((x * pow2((exp(((_a6_ * _a7_) / _a7_)) * (x + _a1_)))) + x));{'d0': {'_a1_': 0.31192970782519486, '_a4_': 3.412873073746421, '_a6_': 0.423858742314452, '_a0_': 1.0, '_a2_': 1.0, '_a3_': 1.0, '_a5_': 1.0, '_a7_': 1.0}};{'d0': 0.02490583291941657};-276.475521886822;51.0904096674074
20201;-98.1957444992632;(((pow3((_a2_ + x)) / pow2(_a6_)) + pow2((_a1_ * x))) * x);{'d0': {'_a1_': 1.629610541325236, '_a2_': 2.511329114777767, '_a6_': 3.003778277742619, '_a0_': 1.0, '_a3_': 1.0, '_a4_': 1.0, '_a5_': 1.0, '_a7_': 1.0}};{'d0': 0.025683199040502203};-278.725765581319;41.167138291396505
20202;-98.1957444992632;(((pow3((_a2_ + x)) / pow2(_a6_)) + pow2((_a1_ * x))) * x);{'d0': {'_a1_': 1.629610541325236, '_a2_': 2.511329114777767, '_a6_': 3.003778277742619, '_a0_': 1.0, '_a3_': 1.0, '_a4_': 1.0, '_a5_': 1.0, '_a7_': 1.0}};{'d0': 0.025683199040502203};-278.725765581319;41.167138291396505
20203;-80.5302420933897;((sin(_a4_) * _a4_) * ((x * pow2((exp(((_a6_ * _a7_) / _a7_)) * (x + _a1_)))) + x));{'d0': {'_a1_': 0.3119297078634015, '_a4_': 2.5340436021222237, '_a6_': 0.42385874250448513, '_a0_': 1.0, '_a2_': 1.0, '_a3_': 1.0, '_a5_': 1.0, '_a7_': 1.0}};{'d0': 0.024905832919416723};-276.475521886821;57.70751885002092
20204;-98.1957444992632;(((pow3((_a2_ + x)) / pow2(_a6_)) + pow2((_a1_ * x))) * x);{'d0': {'_a1_': 1.629610541325236, '_a2_': 2.511329114777767, '_a6_': 3.003778277742619, '_a0_': 1.0, '_a3_': 1.0, '_a4_': 1.0, '_a5_': 1.0, '_a7_': 1.0}};{'d0': 0.025683199040502203};-278.725765581319;41.167138291396505
20205;-98.1957444992632;(((pow3((_a2_ + x)) / pow2(_a6_)) + pow2((_a1_ * x))) * x);{'d0': {'_a1_': 1.629610541325236, '_a2_': 2.511329114777767, '_a6_': 3.003778277742619, '_a0_': 1.0, '_a3_': 1.0, '_a4_': 1.0, '_a5_': 1.0, '_a7_': 1.0}};{'d0': 0.025683199040502203};-278.725765581319;41.167138291396505
20206;-98.1957444992632;(((pow3((_a2_ + x)) / pow2(_a6_)) + pow2((_a1_ * x))) * x);{'d0': {'_a1_': 1.629610541325236, '_a2_': 2.511329114777767, '_a6_': 3.003778277742619, '_a0_': 1.0, '_a3_': 1.0, '_a4_': 1.0, '_a5_': 1.0, '_a7_': 1.0}};{'d0': 0.025683199040502203};-278.725765581319;41.167138291396505
20207;-98.1957444992632;(((pow3((_a2_ + x)) / pow2(_a6_)) + pow2((_a1_ * x))) * x);{'d0': {'_a1_': 1.629610541325236, '_a2_': 2.511329114777767, '_a6_': 3.003778277742619, '_a0_': 1.0, '_a3_': 1.0, '_a4_': 1.0, '_a5_': 1.0, '_a7_': 1.0}};{'d0': 0.025683199040502203};-278.725765581319;41.167138291396505
20208;-98.1957444992632;(((pow3((_a2_ + x)) / pow2(_a6_)) + pow2((_a1_ * x))) * x);{'d0': {'_a1_': 1.629610541325236, '_a2_': 2.511329114777767, '_a6_': 3.003778277742619, '_a0_': 1.0, '_a3_': 1.0, '_a4_': 1.0, '_a5_': 1.0, '_a7_': 1.0}};{'d0': 0.025683199040502203};-278.725765581319;41.167138291396505
20209;-98.1957444992632;(((pow3((_a2_ + x)) / pow2(_a6_)) + pow2((_a1_ * x))) * x);{'d0': {'_a1_': 1.629610541325236, '_a2_': 2.511329114777767, '_a6_': 3.003778277742619, '_a0_': 1.0, '_a3_': 1.0, '_a4_': 1.0, '_a5_': 1.0, '_a7_': 1.0}};{'d0': 0.025683199040502203};-278.725765581319;41.167138291396505
20210;-87.1473512760032;((_a4_ * _a4_) * ((x * pow2((exp(((_a6_ * _a7_) / _a7_)) * (x + _a1_)))) + x));{'d0': {'_a1_': 0.3119297078873976, '_a4_': 1.202736915987399, '_a6_': 0.4238587421107542, '_a0_': 1.0, '_a2_': 1.0, '_a3_': 1.0, '_a5_': 1.0, '_a7_': 1.0}};{'d0': 0.02490583291941667};-276.475521886821;51.0904096674074
20211;-87.1473512760032;((_a4_ * _a4_) * ((x * pow2((exp(((_a6_ * _a7_) / _a7_)) * (x + _a1_)))) + x));{'d0': {'_a1_': 0.3119297078873976, '_a4_': 1.202736915987399, '_a6_': 0.4238587421107542, '_a0_': 1.0, '_a2_': 1.0, '_a3_': 1.0, '_a5_': 1.0, '_a7_': 1.0}};{'d0': 0.02490583291941667};-276.475521886821;51.0904096674074
20212;-87.1473512760032;((_a4_ * _a4_) * ((x * pow2((exp(((_a6_ * _a7_) / _a7_)) * (x + _a1_)))) + x));{'d0': {'_a1_': 0.3119297078873976, '_a4_': 1.202736915987399, '_a6_': 0.4238587421107542, '_a0_': 1.0, '_a2_': 1.0, '_a3_': 1.0, '_a5_': 1.0, '_a7_': 1.0}};{'d0': 0.02490583291941667};-276.475521886821;51.0904096674074
20213;-98.1957444992632;(((pow3((_a2_ + x)) / pow2(_a6_)) + pow2((_a1_ * x))) * x);{'d0': {'_a1_': 1.629610541325236, '_a2_': 2.511329114777767, '_a6_': 3.003778277742619, '_a0_': 1.0, '_a3_': 1.0, '_a4_': 1.0, '_a5_': 1.0, '_a7_': 1.0}};{'d0': 0.025683199040502203};-278.725765581319;41.167138291396505
20214;-98.1957444992632;(((pow3((_a2_ + x)) / pow2(_a6_)) + pow2((_a1_ * x))) * x);{'d0': {'_a1_': 1.629610541325236, '_a2_': 2.511329114777767, '_a6_': 3.003778277742619, '_a0_': 1.0, '_a3_': 1.0, '_a4_': 1.0, '_a5_': 1.0, '_a7_': 1.0}};{'d0': 0.025683199040502203};-278.725765581319;41.167138291396505
20215;-98.1957444992632;(((pow3((_a2_ + x)) / pow2(_a6_)) + pow2((_a1_ * x))) * x);{'d0': {'_a1_': 1.629610541325236, '_a2_': 2.511329114777767, '_a6_': 3.003778277742619, '_a0_': 1.0, '_a3_': 1.0, '_a4_': 1.0, '_a5_': 1.0, '_a7_': 1.0}};{'d0': 0.025683199040502203};-278.725765581319;41.167138291396505
20216;-98.1957444992632;(((pow3((_a2_ + x)) / pow2(_a6_)) + pow2((_a1_ * x))) * x);{'d0': {'_a1_': 1.629610541325236, '_a2_': 2.511329114777767, '_a6_': 3.003778277742619, '_a0_': 1.0, '_a3_': 1.0, '_a4_': 1.0, '_a5_': 1.0, '_a7_': 1.0}};{'d0': 0.025683199040502203};-278.725765581319;41.167138291396505
20217;-98.1957444992632;(((pow3((_a2_ + x)) / pow2(_a6_)) + pow2((_a1_ * x))) * x);{'d0': {'_a1_': 1.629610541325236, '_a2_': 2.511329114777767, '_a6_': 3.003778277742619, '_a0_': 1.0, '_a3_': 1.0, '_a4_': 1.0, '_a5_': 1.0, '_a7_': 1.0}};{'d0': 0.025683199040502203};-278.725765581319;41.167138291396505
20218;-98.1957444992632;(((pow3((_a2_ + x)) / pow2(_a6_)) + pow2((_a1_ * x))) * x);{'d0': {'_a1_': 1.629610541325236, '_a2_': 2.511329114777767, '_a6_': 3.003778277742619, '_a0_': 1.0, '_a3_': 1.0, '_a4_': 1.0, '_a5_': 1.0, '_a7_': 1.0}};{'d0': 0.025683199040502203};-278.725765581319;41.167138291396505
20219;-98.1957444992632;(((pow3((_a2_ + x)) / pow2(_a6_)) + pow2((_a1_ * x))) * x);{'d0': {'_a1_': 1.629610541325236, '_a2_': 2.511329114777767, '_a6_': 3.003778277742619, '_a0_': 1.0, '_a3_': 1.0, '_a4_': 1.0, '_a5_': 1.0, '_a7_': 1.0}};{'d0': 0.025683199040502203};-278.725765581319;41.167138291396505
20220;-98.1957444992632;(((pow3((_a2_ + x)) / pow2(_a6_)) + pow2((_a1_ * x))) * x);{'d0': {'_a1_': 1.629610541325236, '_a2_': 2.511329114777767, '_a6_': 3.003778277742619, '_a0_': 1.0, '_a3_': 1.0, '_a4_': 1.0, '_a5_': 1.0, '_a7_': 1.0}};{'d0': 0.025683199040502203};-278.725765581319;41.167138291396505
20221;-98.1957444992632;(((pow3((_a2_ + x)) / pow2(_a6_)) + pow2((_a1_ * x))) * x);{'d0': {'_a1_': 1.629610541325236, '_a2_': 2.511329114777767, '_a6_': 3.003778277742619, '_a0_': 1.0, '_a3_': 1.0, '_a4_': 1.0, '_a5_': 1.0, '_a7_': 1.0}};{'d0': 0.025683199040502203};-278.725765581319;41.167138291396505
20222;-98.1957444992632;(((pow3((_a2_ + x)) / pow2(_a6_)) + pow2((_a1_ * x))) * x);{'d0': {'_a1_': 1.629610541325236, '_a2_': 2.511329114777767, '_a6_': 3.003778277742619, '_a0_': 1.0, '_a3_': 1.0, '_a4_': 1.0, '_a5_': 1.0, '_a7_': 1.0}};{'d0': 0.025683199040502203};-278.725765581319;41.167138291396505
20223;-98.1957444992632;(((pow3((_a2_ + x)) / pow2(_a6_)) + pow2((_a1_ * x))) * x);{'d0': {'_a1_': 1.629610541325236, '_a2_': 2.511329114777767, '_a6_': 3.003778277742619, '_a0_': 1.0, '_a3_': 1.0, '_a4_': 1.0, '_a5_': 1.0, '_a7_': 1.0}};{'d0': 0.025683199040502203};-278.725765581319;41.167138291396505
20224;-98.1957444992632;(((pow3((_a2_ + x)) / pow2(_a6_)) + pow2((_a1_ * x))) * x);{'d0': {'_a1_': 1.629610541325236, '_a2_': 2.511329114777767, '_a6_': 3.003778277742619, '_a0_': 1.0, '_a3_': 1.0, '_a4_': 1.0, '_a5_': 1.0, '_a7_': 1.0}};{'d0': 0.025683199040502203};-278.725765581319;41.167138291396505
20225;-98.1957444992632;(((pow3((_a2_ + x)) / pow2(_a6_)) + pow2((_a1_ * x))) * x);{'d0': {'_a1_': 1.629610541325236, '_a2_': 2.511329114777767, '_a6_': 3.003778277742619, '_a0_': 1.0, '_a3_': 1.0, '_a4_': 1.0, '_a5_': 1.0, '_a7_': 1.0}};{'d0': 0.025683199040502203};-278.725765581319;41.167138291396505
20226;-98.1957444992632;(((pow3((_a2_ + x)) / pow2(_a6_)) + pow2((_a1_ * x))) * x);{'d0': {'_a1_': 1.629610541325236, '_a2_': 2.511329114777767, '_a6_': 3.003778277742619, '_a0_': 1.0, '_a3_': 1.0, '_a4_': 1.0, '_a5_': 1.0, '_a7_': 1.0}};{'d0': 0.025683199040502203};-278.725765581319;41.167138291396505
20227;-98.1957444992632;(((pow3((_a2_ + x)) / pow2(_a6_)) + pow2((_a1_ * x))) * x);{'d0': {'_a1_': 1.629610541325236, '_a2_': 2.511329114777767, '_a6_': 3.003778277742619, '_a0_': 1.0, '_a3_': 1.0, '_a4_': 1.0, '_a5_': 1.0, '_a7_': 1.0}};{'d0': 0.025683199040502203};-278.725765581319;41.167138291396505
20228;-98.1957444992632;(((pow3((_a2_ + x)) / pow2(_a6_)) + pow2((_a1_ * x))) * x);{'d0': {'_a1_': 1.629610541325236, '_a2_': 2.511329114777767, '_a6_': 3.003778277742619, '_a0_': 1.0, '_a3_': 1.0, '_a4_': 1.0, '_a5_': 1.0, '_a7_': 1.0}};{'d0': 0.025683199040502203};-278.725765581319;41.167138291396505
20229;-98.1957444992632;(((pow3((_a2_ + x)) / pow2(_a6_)) + pow2((_a1_ * x))) * x);{'d0': {'_a1_': 1.629610541325236, '_a2_': 2.511329114777767, '_a6_': 3.003778277742619, '_a0_': 1.0, '_a3_': 1.0, '_a4_': 1.0, '_a5_': 1.0, '_a7_': 1.0}};{'d0': 0.025683199040502203};-278.725765581319;41.167138291396505
20230;-98.1957444992632;(((pow3((_a2_ + x)) / pow2(_a6_)) + pow2((_a1_ * x))) * x);{'d0': {'_a1_': 1.629610541325236, '_a2_': 2.511329114777767, '_a6_': 3.003778277742619, '_a0_': 1.0, '_a3_': 1.0, '_a4_': 1.0, '_a5_': 1.0, '_a7_': 1.0}};{'d0': 0.025683199040502203};-278.725765581319;41.167138291396505
20231;-98.1957444992632;(((pow3((_a2_ + x)) / pow2(_a6_)) + pow2((_a1_ * x))) * x);{'d0': {'_a1_': 1.629610541325236, '_a2_': 2.511329114777767, '_a6_': 3.003778277742619, '_a0_': 1.0, '_a3_': 1.0, '_a4_': 1.0, '_a5_': 1.0, '_a7_': 1.0}};{'d0': 0.025683199040502203};-278.725765581319;41.167138291396505
20232;-87.0931327295416;(((x * (((x + pow2(_a5_)) * ((-(x) / _a5_) / _a5_)) + _a4_)) / _a3_) * _a1_);{'d0': {'_a1_': -3310.1262971815, '_a3_': 1571.2942926861608, '_a4_': -0.8426446041470661, '_a5_': -0.789847716570344, '_a0_': 1.0, '_a2_': 1.0, '_a6_': 1.0, '_a7_': 1.0}};{'d0': 0.02490583291946486};-276.475521886705;51.144628213811
20233;-87.0931327295416;(((x * (((x + pow2(_a5_)) * ((-(x) / _a5_) / _a5_)) + _a4_)) / _a3_) * _a1_);{'d0': {'_a1_': -3310.1262971815, '_a3_': 1571.2942926861608, '_a4_': -0.8426446041470661, '_a5_': -0.789847716570344, '_a0_': 1.0, '_a2_': 1.0, '_a6_': 1.0, '_a7_': 1.0}};{'d0': 0.02490583291946486};-276.475521886705;51.144628213811
20234;-87.0931327295416;(((x * (((x + pow2(_a5_)) * ((-(x) / _a5_) / _a5_)) + _a4_)) / _a3_) * _a1_);{'d0': {'_a1_': -3310.1262971815, '_a3_': 1571.2942926861608, '_a4_': -0.8426446041470661, '_a5_': -0.789847716570344, '_a0_': 1.0, '_a2_': 1.0, '_a6_': 1.0, '_a7_': 1.0}};{'d0': 0.02490583291946486};-276.475521886705;51.144628213811
20235;-87.0931327295416;(((x * (((x + pow2(_a5_)) * ((-(x) / _a5_) / _a5_)) + _a4_)) / _a3_) * _a1_);{'d0': {'_a1_': -3310.1262971815, '_a3_': 1571.2942926861608, '_a4_': -0.8426446041470661, '_a5_': -0.789847716570344, '_a0_': 1.0, '_a2_': 1.0, '_a6_': 1.0, '_a7_': 1.0}};{'d0': 0.02490583291946486};-276.475521886705;51.144628213811
20236;-87.0931327295416;(((x * (((x + pow2(_a5_)) * ((-(x) / _a5_) / _a5_)) + _a4_)) / _a3_) * _a1_);{'d0': {'_a1_': -3310.1262971815, '_a3_': 1571.2942926861608, '_a4_': -0.8426446041470661, '_a5_': -0.789847716570344, '_a0_': 1.0, '_a2_': 1.0, '_a6_': 1.0, '_a7_': 1.0}};{'d0': 0.02490583291946486};-276.475521886705;51.144628213811
20237;-87.0931327295416;(((x * (((x + pow2(_a5_)) * ((-(x) / _a5_) / _a5_)) + _a4_)) / _a3_) * _a1_);{'d0': {'_a1_': -3310.1262971815, '_a3_': 1571.2942926861608, '_a4_': -0.8426446041470661, '_a5_': -0.789847716570344, '_a0_': 1.0, '_a2_': 1.0, '_a6_': 1.0, '_a7_': 1.0}};{'d0': 0.02490583291946486};-276.475521886705;51.144628213811
20238;-87.0931327295416;(((x * (((x + pow2(_a5_)) * ((-(x) / _a5_) / _a5_)) + _a4_)) / _a3_) * _a1_);{'d0': {'_a1_': -3310.1262971815, '_a3_': 1571.2942926861608, '_a4_': -0.8426446041470661, '_a5_': -0.789847716570344, '_a0_': 1.0, '_a2_': 1.0, '_a6_': 1.0, '_a7_': 1.0}};{'d0': 0.02490583291946486};-276.475521886705;51.144628213811
20239;-87.0931327295416;(((x * (((x + pow2(_a5_)) * ((-(x) / _a5_) / _a5_)) + _a4_)) / _a3_) * _a1_);{'d0': {'_a1_': -3310.1262971815, '_a3_': 1571.2942926861608, '_a4_': -0.8426446041470661, '_a5_': -0.789847716570344, '_a0_': 1.0, '_a2_': 1.0, '_a6_': 1.0, '_a7_': 1.0}};{'d0': 0.02490583291946486};-276.475521886705;51.144628213811
20240;-87.0931327295416;(((x * (((x + pow2(_a5_)) * ((-(x) / _a5_) / _a5_)) + _a4_)) / _a3_) * _a1_);{'d0': {'_a1_': -3310.1262971815, '_a3_': 1571.2942926861608, '_a4_': -0.8426446041470661, '_a5_': -0.789847716570344, '_a0_': 1.0, '_a2_': 1.0, '_a6_': 1.0, '_a7_': 1.0}};{'d0': 0.02490583291946486};-276.475521886705;51.144628213811
20241;-87.0931327295416;(((x * (((x + pow2(_a5_)) * ((-(x) / _a5_) / _a5_)) + _a4_)) / _a3_) * _a1_);{'d0': {'_a1_': -3310.1262971815, '_a3_': 1571.2942926861608, '_a4_': -0.8426446041470661, '_a5_': -0.789847716570344, '_a0_': 1.0, '_a2_': 1.0, '_a6_': 1.0, '_a7_': 1.0}};{'d0': 0.02490583291946486};-276.475521886705;51.144628213811
20242;-87.0931327295416;(((x * (((x + pow2(_a5_)) * ((-(x) / _a5_) / _a5_)) + _a4_)) / _a3_) * _a1_);{'d0': {'_a1_': -3310.1262971815, '_a3_': 1571.2942926861608, '_a4_': -0.8426446041470661, '_a5_': -0.789847716570344, '_a0_': 1.0, '_a2_': 1.0, '_a6_': 1.0, '_a7_': 1.0}};{'d0': 0.02490583291946486};-276.475521886705;51.144628213811
20243;-98.1957444992632;(((pow3((_a2_ + x)) / pow2(_a6_)) + pow2((_a1_ * x))) * x);{'d0': {'_a1_': 1.629610541325236, '_a2_': 2.511329114777767, '_a6_': 3.003778277742619, '_a0_': 1.0, '_a3_': 1.0, '_a4_': 1.0, '_a5_': 1.0, '_a7_': 1.0}};{'d0': 0.025683199040502203};-278.725765581319;41.167138291396505
20244;-98.1957444992632;(((pow3((_a2_ + x)) / pow2(_a6_)) + pow2((_a1_ * x))) * x);{'d0': {'_a1_': 1.629610541325236, '_a2_': 2.511329114777767, '_a6_': 3.003778277742619, '_a0_': 1.0, '_a3_': 1.0, '_a4_': 1.0, '_a5_': 1.0, '_a7_': 1.0}};{'d0': 0.025683199040502203};-278.725765581319;41.167138291396505
20245;-98.1957444992632;(((pow3((_a2_ + x)) / pow2(_a6_)) + pow2((_a1_ * x))) * x);{'d0': {'_a1_': 1.629610541325236, '_a2_': 2.511329114777767, '_a6_': 3.003778277742619, '_a0_': 1.0, '_a3_': 1.0, '_a4_': 1.0, '_a5_': 1.0, '_a7_': 1.0}};{'d0': 0.025683199040502203};-278.725765581319;41.167138291396505
20246;-85.9205373481932;((_a6_ * _a3_) * ((x * pow2((pow3(((_a6_ * _a5_) / _a7_)) * (x + _a7_)))) + x));{'d0': {'_a3_': 0.5530833417941541, '_a5_': -0.1373617679387111, '_a6_': 2.6154757707675795, '_a7_': 0.31192970777667106, '_a0_': 1.0, '_a1_': 1.0, '_a2_': 1.0, '_a4_': 1.0}};{'d0': 0.024905832919466513};-276.475521886701;52.317223595157394
20247;-90.9422345598420;(_a1_ * ((x * pow2((pow3(((_a6_ * _a5_) / _a7_)) * (x + _a7_)))) + x));{'d0': {'_a1_': 1.4465760890014199, '_a5_': -0.15662190619226737, '_a6_': 2.293844974741078, '_a7_': 0.31192970777488643, '_a0_': 1.0, '_a2_': 1.0, '_a3_': 1.0, '_a4_': 1.0}};{'d0': 0.02490583291957464};-276.475521886441;47.295526383378395
20248;-90.9422345598420;(_a1_ * ((x * pow2((pow3(((_a6_ * _a5_) / _a7_)) * (x + _a7_)))) + x));{'d0': {'_a1_': 1.4465760890014199, '_a5_': -0.15662190619226737, '_a6_': 2.293844974741078, '_a7_': 0.31192970777488643, '_a0_': 1.0, '_a2_': 1.0, '_a3_': 1.0, '_a4_': 1.0}};{'d0': 0.02490583291957464};-276.475521886441;47.295526383378395
20249;-90.9422345598420;(_a1_ * ((x * pow2((pow3(((_a6_ * _a5_) / _a7_)) * (x + _a7_)))) + x));{'d0': {'_a1_': 1.4465760890014199, '_a5_': -0.15662190619226737, '_a6_': 2.293844974741078, '_a7_': 0.31192970777488643, '_a0_': 1.0, '_a2_': 1.0, '_a3_': 1.0, '_a4_': 1.0}};{'d0': 0.02490583291957464};-276.475521886441;47.295526383378395
20250;-90.9422345598420;(_a1_ * ((x * pow2((pow3(((_a6_ * _a5_) / _a7_)) * (x + _a7_)))) + x));{'d0': {'_a1_': 1.4465760890014199, '_a5_': -0.15662190619226737, '_a6_': 2.293844974741078, '_a7_': 0.31192970777488643, '_a0_': 1.0, '_a2_': 1.0, '_a3_': 1.0, '_a4_': 1.0}};{'d0': 0.02490583291957464};-276.475521886441;47.295526383378395
20251;-90.9422345598420;(_a1_ * ((x * pow2((pow3(((_a6_ * _a5_) / _a7_)) * (x + _a7_)))) + x));{'d0': {'_a1_': 1.4465760890014199, '_a5_': -0.15662190619226737, '_a6_': 2.293844974741078, '_a7_': 0.31192970777488643, '_a0_': 1.0, '_a2_': 1.0, '_a3_': 1.0, '_a4_': 1.0}};{'d0': 0.02490583291957464};-276.475521886441;47.295526383378395
20252;-90.9422345598420;(_a1_ * ((x * pow2((pow3(((_a6_ * _a5_) / _a7_)) * (x + _a7_)))) + x));{'d0': {'_a1_': 1.4465760890014199, '_a5_': -0.15662190619226737, '_a6_': 2.293844974741078, '_a7_': 0.31192970777488643, '_a0_': 1.0, '_a2_': 1.0, '_a3_': 1.0, '_a4_': 1.0}};{'d0': 0.02490583291957464};-276.475521886441;47.295526383378395
20253;-90.9422345598420;(_a1_ * ((x * pow2((pow3(((_a6_ * _a5_) / _a7_)) * (x + _a7_)))) + x));{'d0': {'_a1_': 1.4465760890014199, '_a5_': -0.15662190619226737, '_a6_': 2.293844974741078, '_a7_': 0.31192970777488643, '_a0_': 1.0, '_a2_': 1.0, '_a3_': 1.0, '_a4_': 1.0}};{'d0': 0.02490583291957464};-276.475521886441;47.295526383378395
20254;-90.9422345598420;(_a1_ * ((x * pow2((pow3(((_a6_ * _a5_) / _a7_)) * (x + _a7_)))) + x));{'d0': {'_a1_': 1.4465760890014199, '_a5_': -0.15662190619226737, '_a6_': 2.293844974741078, '_a7_': 0.31192970777488643, '_a0_': 1.0, '_a2_': 1.0, '_a3_': 1.0, '_a4_': 1.0}};{'d0': 0.02490583291957464};-276.475521886441;47.295526383378395
20255;-90.9422345598420;(_a1_ * ((x * pow2((pow3(((_a6_ * _a5_) / _a7_)) * (x + _a7_)))) + x));{'d0': {'_a1_': 1.4465760890014199, '_a5_': -0.15662190619226737, '_a6_': 2.293844974741078, '_a7_': 0.31192970777488643, '_a0_': 1.0, '_a2_': 1.0, '_a3_': 1.0, '_a4_': 1.0}};{'d0': 0.02490583291957464};-276.475521886441;47.295526383378395
20256;-90.9422345598420;(_a1_ * ((x * pow2((pow3(((_a6_ * _a5_) / _a7_)) * (x + _a7_)))) + x));{'d0': {'_a1_': 1.4465760890014199, '_a5_': -0.15662190619226737, '_a6_': 2.293844974741078, '_a7_': 0.31192970777488643, '_a0_': 1.0, '_a2_': 1.0, '_a3_': 1.0, '_a4_': 1.0}};{'d0': 0.02490583291957464};-276.475521886441;47.295526383378395
20257;-90.9422345598420;(_a1_ * ((x * pow2((pow3(((_a6_ * _a5_) / _a7_)) * (x + _a7_)))) + x));{'d0': {'_a1_': 1.4465760890014199, '_a5_': -0.15662190619226737, '_a6_': 2.293844974741078, '_a7_': 0.31192970777488643, '_a0_': 1.0, '_a2_': 1.0, '_a3_': 1.0, '_a4_': 1.0}};{'d0': 0.02490583291957464};-276.475521886441;47.295526383378395
20258;-90.9422345598420;(_a1_ * ((x * pow2((pow3(((_a6_ * _a5_) / _a7_)) * (x + _a7_)))) + x));{'d0': {'_a1_': 1.4465760890014199, '_a5_': -0.15662190619226737, '_a6_': 2.293844974741078, '_a7_': 0.31192970777488643, '_a0_': 1.0, '_a2_': 1.0, '_a3_': 1.0, '_a4_': 1.0}};{'d0': 0.02490583291957464};-276.475521886441;47.295526383378395
20259;-90.9422345598420;(_a1_ * ((x * pow2((pow3(((_a6_ * _a5_) / _a7_)) * (x + _a7_)))) + x));{'d0': {'_a1_': 1.4465760890014199, '_a5_': -0.15662190619226737, '_a6_': 2.293844974741078, '_a7_': 0.31192970777488643, '_a0_': 1.0, '_a2_': 1.0, '_a3_': 1.0, '_a4_': 1.0}};{'d0': 0.02490583291957464};-276.475521886441;47.295526383378395
20260;-92.9894068411433;(_a1_ * ((x * pow2((pow3(((_a6_ * _a6_) / _a7_)) * (x + _a7_)))) + x));{'d0': {'_a1_': 1.4465760894805122, '_a6_': 0.5993883368264228, '_a7_': 0.3119297078284495, '_a0_': 1.0, '_a2_': 1.0, '_a3_': 1.0, '_a4_': 1.0, '_a5_': 1.0}};{'d0': 0.024905832919416688};-280.569866449043;47.295526383378395
20261;-92.9894068411433;(_a1_ * ((x * pow2((pow3(((_a6_ * _a6_) / _a7_)) * (x + _a7_)))) + x));{'d0': {'_a1_': 1.4465760894805122, '_a6_': 0.5993883368264228, '_a7_': 0.3119297078284495, '_a0_': 1.0, '_a2_': 1.0, '_a3_': 1.0, '_a4_': 1.0, '_a5_': 1.0}};{'d0': 0.024905832919416688};-280.569866449043;47.295526383378395
20262;-92.9894068411433;(_a1_ * ((x * pow2((pow3(((_a6_ * _a6_) / _a7_)) * (x + _a7_)))) + x));{'d0': {'_a1_': 1.4465760894805122, '_a6_': 0.5993883368264228, '_a7_': 0.3119297078284495, '_a0_': 1.0, '_a2_': 1.0, '_a3_': 1.0, '_a4_': 1.0, '_a5_': 1.0}};{'d0': 0.024905832919416688};-280.569866449043;47.295526383378395
20263;-92.9894068411433;(_a1_ * ((x * pow2((pow3(((_a6_ * _a6_) / _a7_)) * (x + _a7_)))) + x));{'d0': {'_a1_': 1.4465760894805122, '_a6_': 0.5993883368264228, '_a7_': 0.3119297078284495, '_a0_': 1.0, '_a2_': 1.0, '_a3_': 1.0, '_a4_': 1.0, '_a5_': 1.0}};{'d0': 0.024905832919416688};-280.569866449043;47.295526383378395
20264;-92.9894068411433;(_a1_ * ((x * pow2((pow3(((_a6_ * _a6_) / _a7_)) * (x + _a7_)))) + x));{'d0': {'_a1_': 1.4465760894805122, '_a6_': 0.5993883368264228, '_a7_': 0.3119297078284495, '_a0_': 1.0, '_a2_': 1.0, '_a3_': 1.0, '_a4_': 1.0, '_a5_': 1.0}};{'d0': 0.024905832919416688};-280.569866449043;47.295526383378395
20265;-87.0688057921133;(_a1_ * ((x * pow2((pow3(((_a6_ * (_a7_ + _a7_)) / _a7_)) * (x + _a7_)))) + x));{'d0': {'_a1_': 1.4465760891734711, '_a6_': 0.5758771436641108, '_a7_': 0.31192970770253337, '_a0_': 1.0, '_a2_': 1.0, '_a3_': 1.0, '_a4_': 1.0, '_a5_': 1.0}};{'d0': 0.024905832919416632};-280.569866449044;53.21612743240839
20266;-87.0688057921133;(_a1_ * ((x * pow2((pow3(((_a6_ * (_a7_ + _a7_)) / _a7_)) * (x + _a7_)))) + x));{'d0': {'_a1_': 1.4465760891734711, '_a6_': 0.5758771436641108, '_a7_': 0.31192970770253337, '_a0_': 1.0, '_a2_': 1.0, '_a3_': 1.0, '_a4_': 1.0, '_a5_': 1.0}};{'d0': 0.024905832919416632};-280.569866449044;53.21612743240839
20267;-87.0688057921133;(_a1_ * ((x * pow2((pow3(((_a6_ * (_a7_ + _a7_)) / _a7_)) * (x + _a7_)))) + x));{'d0': {'_a1_': 1.4465760891734711, '_a6_': 0.5758771436641108, '_a7_': 0.31192970770253337, '_a0_': 1.0, '_a2_': 1.0, '_a3_': 1.0, '_a4_': 1.0, '_a5_': 1.0}};{'d0': 0.024905832919416632};-280.569866449044;53.21612743240839
20268;-87.0688057921133;(_a1_ * ((x * pow2((pow3(((_a6_ * (_a7_ + _a7_)) / _a7_)) * (x + _a7_)))) + x));{'d0': {'_a1_': 1.4465760891734711, '_a6_': 0.5758771436641108, '_a7_': 0.31192970770253337, '_a0_': 1.0, '_a2_': 1.0, '_a3_': 1.0, '_a4_': 1.0, '_a5_': 1.0}};{'d0': 0.024905832919416632};-280.569866449044;53.21612743240839
20269;-92.9894068411433;(_a1_ * ((x * pow2((pow3(((_a6_ * _a1_) / _a7_)) * (x + _a7_)))) + x));{'d0': {'_a1_': 1.4465760893048425, '_a6_': 0.2483563643175664, '_a7_': 0.3119297077568238, '_a0_': 1.0, '_a2_': 1.0, '_a3_': 1.0, '_a4_': 1.0, '_a5_': 1.0}};{'d0': 0.024905832919416646};-280.569866449044;47.295526383378395
20270;-87.6495438306233;(_a1_ * ((x * pow2((pow3(((sqrt(_a4_) * _a1_) / _a7_)) * (x + _a7_)))) + x));{'d0': {'_a1_': 1.4465760889866335, '_a4_': 0.061680883756622285, '_a7_': 0.3119297078082337, '_a0_': 1.0, '_a2_': 1.0, '_a3_': 1.0, '_a5_': 1.0, '_a6_': 1.0}};{'d0': 0.024905832919416625};-280.569866449044;52.63538939389839
20271;-87.6495438306233;(_a1_ * ((x * pow2((pow3(((sqrt(_a4_) * _a1_) / _a7_)) * (x + _a7_)))) + x));{'d0': {'_a1_': 1.4465760889866335, '_a4_': 0.061680883756622285, '_a7_': 0.3119297078082337, '_a0_': 1.0, '_a2_': 1.0, '_a3_': 1.0, '_a5_': 1.0, '_a6_': 1.0}};{'d0': 0.024905832919416625};-280.569866449044;52.63538939389839
20272;-87.6495438306233;(_a1_ * ((x * pow2((pow3(((sqrt(_a4_) * _a1_) / _a7_)) * (x + _a7_)))) + x));{'d0': {'_a1_': 1.4465760889866335, '_a4_': 0.061680883756622285, '_a7_': 0.3119297078082337, '_a0_': 1.0, '_a2_': 1.0, '_a3_': 1.0, '_a5_': 1.0, '_a6_': 1.0}};{'d0': 0.024905832919416625};-280.569866449044;52.63538939389839
20273;-87.6495438306233;(_a1_ * ((x * pow2((pow3(((sqrt(_a4_) * _a1_) / _a7_)) * (x + _a7_)))) + x));{'d0': {'_a1_': 1.4465760889866335, '_a4_': 0.061680883756622285, '_a7_': 0.3119297078082337, '_a0_': 1.0, '_a2_': 1.0, '_a3_': 1.0, '_a5_': 1.0, '_a6_': 1.0}};{'d0': 0.024905832919416625};-280.569866449044;52.63538939389839
20274;-87.6495438306233;(_a1_ * ((x * pow2((pow3(((sqrt(_a4_) * _a1_) / _a7_)) * (x + _a7_)))) + x));{'d0': {'_a1_': 1.4465760889866335, '_a4_': 0.061680883756622285, '_a7_': 0.3119297078082337, '_a0_': 1.0, '_a2_': 1.0, '_a3_': 1.0, '_a5_': 1.0, '_a6_': 1.0}};{'d0': 0.024905832919416625};-280.569866449044;52.63538939389839
20275;-87.6495438306233;(_a1_ * ((x * pow2((pow3(((sqrt(_a4_) * _a1_) / _a7_)) * (x + _a7_)))) + x));{'d0': {'_a1_': 1.4465760889866335, '_a4_': 0.061680883756622285, '_a7_': 0.3119297078082337, '_a0_': 1.0, '_a2_': 1.0, '_a3_': 1.0, '_a5_': 1.0, '_a6_': 1.0}};{'d0': 0.024905832919416625};-280.569866449044;52.63538939389839
20276;-86.3258584950432;(_a1_ * ((x * pow2((pow3((((_a6_ ** _a7_) * _a1_) / _a7_)) * (x + _a7_)))) + x));{'d0': {'_a1_': 1.446576089346877, '_a6_': 0.011500106167050415, '_a7_': 0.3119297080872416, '_a0_': 1.0, '_a2_': 1.0, '_a3_': 1.0, '_a4_': 1.0, '_a5_': 1.0}};{'d0': 0.024905832919416726};-280.569866449043;53.959074729478395
20277;-86.3258584950432;(_a1_ * ((x * pow2((pow3((((_a6_ ** _a7_) * _a1_) / _a7_)) * (x + _a7_)))) + x));{'d0': {'_a1_': 1.446576089346877, '_a6_': 0.011500106167050415, '_a7_': 0.3119297080872416, '_a0_': 1.0, '_a2_': 1.0, '_a3_': 1.0, '_a4_': 1.0, '_a5_': 1.0}};{'d0': 0.024905832919416726};-280.569866449043;53.959074729478395
20278;-86.3258584950432;(_a1_ * ((x * pow2((pow3((((_a6_ ** _a7_) * _a1_) / _a7_)) * (x + _a7_)))) + x));{'d0': {'_a1_': 1.446576089346877, '_a6_': 0.011500106167050415, '_a7_': 0.3119297080872416, '_a0_': 1.0, '_a2_': 1.0, '_a3_': 1.0, '_a4_': 1.0, '_a5_': 1.0}};{'d0': 0.024905832919416726};-280.569866449043;53.959074729478395
20279;-86.3258584950432;(_a1_ * ((x * pow2((pow3((((_a6_ ** _a7_) * _a1_) / _a7_)) * (x + _a7_)))) + x));{'d0': {'_a1_': 1.446576089346877, '_a6_': 0.011500106167050415, '_a7_': 0.3119297080872416, '_a0_': 1.0, '_a2_': 1.0, '_a3_': 1.0, '_a4_': 1.0, '_a5_': 1.0}};{'d0': 0.024905832919416726};-280.569866449043;53.959074729478395
20280;-86.3258584950432;(_a1_ * ((x * pow2((pow3((((_a6_ ** _a7_) * _a1_) / _a7_)) * (x + _a7_)))) + x));{'d0': {'_a1_': 1.446576089346877, '_a6_': 0.011500106167050415, '_a7_': 0.3119297080872416, '_a0_': 1.0, '_a2_': 1.0, '_a3_': 1.0, '_a4_': 1.0, '_a5_': 1.0}};{'d0': 0.024905832919416726};-280.569866449043;53.959074729478395
20281;-86.3258584950432;(_a1_ * ((x * pow2((pow3((((_a6_ ** _a7_) * _a1_) / _a7_)) * (x + _a7_)))) + x));{'d0': {'_a1_': 1.446576089346877, '_a6_': 0.011500106167050415, '_a7_': 0.3119297080872416, '_a0_': 1.0, '_a2_': 1.0, '_a3_': 1.0, '_a4_': 1.0, '_a5_': 1.0}};{'d0': 0.024905832919416726};-280.569866449043;53.959074729478395
20282;-86.3258584950432;(_a1_ * ((x * pow2((pow3((((_a6_ ** _a7_) * _a1_) / _a7_)) * (x + _a7_)))) + x));{'d0': {'_a1_': 1.446576089346877, '_a6_': 0.011500106167050415, '_a7_': 0.3119297080872416, '_a0_': 1.0, '_a2_': 1.0, '_a3_': 1.0, '_a4_': 1.0, '_a5_': 1.0}};{'d0': 0.024905832919416726};-280.569866449043;53.959074729478395
20283;-86.3258584950432;(_a1_ * ((x * pow2((pow3((((_a6_ ** _a7_) * _a1_) / _a7_)) * (x + _a7_)))) + x));{'d0': {'_a1_': 1.446576089346877, '_a6_': 0.011500106167050415, '_a7_': 0.3119297080872416, '_a0_': 1.0, '_a2_': 1.0, '_a3_': 1.0, '_a4_': 1.0, '_a5_': 1.0}};{'d0': 0.024905832919416726};-280.569866449043;53.959074729478395
20284;-86.3258584950432;(_a1_ * ((x * pow2((pow3((((_a6_ ** _a7_) * _a1_) / _a7_)) * (x + _a7_)))) + x));{'d0': {'_a1_': 1.446576089346877, '_a6_': 0.011500106167050415, '_a7_': 0.3119297080872416, '_a0_': 1.0, '_a2_': 1.0, '_a3_': 1.0, '_a4_': 1.0, '_a5_': 1.0}};{'d0': 0.024905832919416726};-280.569866449043;53.959074729478395
20285;-86.3258584950432;(_a1_ * ((x * pow2((pow3((((_a6_ ** _a7_) * _a1_) / _a7_)) * (x + _a7_)))) + x));{'d0': {'_a1_': 1.446576089346877, '_a6_': 0.011500106167050415, '_a7_': 0.3119297080872416, '_a0_': 1.0, '_a2_': 1.0, '_a3_': 1.0, '_a4_': 1.0, '_a5_': 1.0}};{'d0': 0.024905832919416726};-280.569866449043;53.959074729478395
20286;-86.3258584950432;(_a1_ * ((x * pow2((pow3((((_a6_ ** _a7_) * _a1_) / _a7_)) * (x + _a7_)))) + x));{'d0': {'_a1_': 1.446576089346877, '_a6_': 0.011500106167050415, '_a7_': 0.3119297080872416, '_a0_': 1.0, '_a2_': 1.0, '_a3_': 1.0, '_a4_': 1.0, '_a5_': 1.0}};{'d0': 0.024905832919416726};-280.569866449043;53.959074729478395
20287;-86.3258584950432;(_a1_ * ((x * pow2((pow3((((_a6_ ** _a7_) * _a1_) / _a7_)) * (x + _a7_)))) + x));{'d0': {'_a1_': 1.446576089346877, '_a6_': 0.011500106167050415, '_a7_': 0.3119297080872416, '_a0_': 1.0, '_a2_': 1.0, '_a3_': 1.0, '_a4_': 1.0, '_a5_': 1.0}};{'d0': 0.024905832919416726};-280.569866449043;53.959074729478395
20288;-86.3258584950432;(_a1_ * ((x * pow2((pow3((((_a6_ ** _a7_) * _a1_) / _a7_)) * (x + _a7_)))) + x));{'d0': {'_a1_': 1.446576089346877, '_a6_': 0.011500106167050415, '_a7_': 0.3119297080872416, '_a0_': 1.0, '_a2_': 1.0, '_a3_': 1.0, '_a4_': 1.0, '_a5_': 1.0}};{'d0': 0.024905832919416726};-280.569866449043;53.959074729478395
20289;-86.3258584950432;(_a1_ * ((x * pow2((pow3((((_a6_ ** _a7_) * _a1_) / _a7_)) * (x + _a7_)))) + x));{'d0': {'_a1_': 1.446576089346877, '_a6_': 0.011500106167050415, '_a7_': 0.3119297080872416, '_a0_': 1.0, '_a2_': 1.0, '_a3_': 1.0, '_a4_': 1.0, '_a5_': 1.0}};{'d0': 0.024905832919416726};-280.569866449043;53.959074729478395
20290;-86.3258584950432;(_a1_ * ((x * pow2((pow3((((_a6_ ** _a7_) * _a1_) / _a7_)) * (x + _a7_)))) + x));{'d0': {'_a1_': 1.446576089346877, '_a6_': 0.011500106167050415, '_a7_': 0.3119297080872416, '_a0_': 1.0, '_a2_': 1.0, '_a3_': 1.0, '_a4_': 1.0, '_a5_': 1.0}};{'d0': 0.024905832919416726};-280.569866449043;53.959074729478395
20291;-86.3258584950432;(_a1_ * ((x * pow2((pow3((((_a6_ ** _a7_) * _a1_) / _a7_)) * (x + _a7_)))) + x));{'d0': {'_a1_': 1.446576089346877, '_a6_': 0.011500106167050415, '_a7_': 0.3119297080872416, '_a0_': 1.0, '_a2_': 1.0, '_a3_': 1.0, '_a4_': 1.0, '_a5_': 1.0}};{'d0': 0.024905832919416726};-280.569866449043;53.959074729478395
20292;-86.3258584950432;(_a1_ * ((x * pow2((pow3((((_a6_ ** _a7_) * _a1_) / _a7_)) * (x + _a7_)))) + x));{'d0': {'_a1_': 1.446576089346877, '_a6_': 0.011500106167050415, '_a7_': 0.3119297080872416, '_a0_': 1.0, '_a2_': 1.0, '_a3_': 1.0, '_a4_': 1.0, '_a5_': 1.0}};{'d0': 0.024905832919416726};-280.569866449043;53.959074729478395
20293;-86.3258584950432;(_a1_ * ((x * pow2((pow3((((_a6_ ** _a7_) * _a1_) / _a7_)) * (x + _a7_)))) + x));{'d0': {'_a1_': 1.446576089346877, '_a6_': 0.011500106167050415, '_a7_': 0.3119297080872416, '_a0_': 1.0, '_a2_': 1.0, '_a3_': 1.0, '_a4_': 1.0, '_a5_': 1.0}};{'d0': 0.024905832919416726};-280.569866449043;53.959074729478395
20294;-86.3258584950432;(_a1_ * ((x * pow2((pow3((((_a6_ ** _a7_) * _a1_) / _a7_)) * (x + _a7_)))) + x));{'d0': {'_a1_': 1.446576089346877, '_a6_': 0.011500106167050415, '_a7_': 0.3119297080872416, '_a0_': 1.0, '_a2_': 1.0, '_a3_': 1.0, '_a4_': 1.0, '_a5_': 1.0}};{'d0': 0.024905832919416726};-280.569866449043;53.959074729478395
20295;-86.3258584950432;(_a1_ * ((x * pow2((pow3((((_a6_ ** _a7_) * _a1_) / _a7_)) * (x + _a7_)))) + x));{'d0': {'_a1_': 1.446576089346877, '_a6_': 0.011500106167050415, '_a7_': 0.3119297080872416, '_a0_': 1.0, '_a2_': 1.0, '_a3_': 1.0, '_a4_': 1.0, '_a5_': 1.0}};{'d0': 0.024905832919416726};-280.569866449043;53.959074729478395
20296;-86.3258584950432;(_a1_ * ((x * pow2((pow3((((_a6_ ** _a7_) * _a1_) / _a7_)) * (x + _a7_)))) + x));{'d0': {'_a1_': 1.446576089346877, '_a6_': 0.011500106167050415, '_a7_': 0.3119297080872416, '_a0_': 1.0, '_a2_': 1.0, '_a3_': 1.0, '_a4_': 1.0, '_a5_': 1.0}};{'d0': 0.024905832919416726};-280.569866449043;53.959074729478395
20297;-86.3258584950432;(_a1_ * ((x * pow2((pow3((((_a6_ ** _a7_) * _a1_) / _a7_)) * (x + _a7_)))) + x));{'d0': {'_a1_': 1.446576089346877, '_a6_': 0.011500106167050415, '_a7_': 0.3119297080872416, '_a0_': 1.0, '_a2_': 1.0, '_a3_': 1.0, '_a4_': 1.0, '_a5_': 1.0}};{'d0': 0.024905832919416726};-280.569866449043;53.959074729478395
20298;-86.3258584950432;(_a1_ * ((x * pow2((pow3((((_a6_ ** _a7_) * _a1_) / _a7_)) * (x + _a7_)))) + x));{'d0': {'_a1_': 1.446576089346877, '_a6_': 0.011500106167050415, '_a7_': 0.3119297080872416, '_a0_': 1.0, '_a2_': 1.0, '_a3_': 1.0, '_a4_': 1.0, '_a5_': 1.0}};{'d0': 0.024905832919416726};-280.569866449043;53.959074729478395
20299;-86.3258584950432;(_a1_ * ((x * pow2((pow3((((_a6_ ** _a7_) * _a1_) / _a7_)) * (x + _a7_)))) + x));{'d0': {'_a1_': 1.446576089346877, '_a6_': 0.011500106167050415, '_a7_': 0.3119297080872416, '_a0_': 1.0, '_a2_': 1.0, '_a3_': 1.0, '_a4_': 1.0, '_a5_': 1.0}};{'d0': 0.024905832919416726};-280.569866449043;53.959074729478395
20300;-86.3258584950432;(_a1_ * ((x * pow2((pow3((((_a6_ ** _a7_) * _a1_) / _a7_)) * (x + _a7_)))) + x));{'d0': {'_a1_': 1.446576089346877, '_a6_': 0.011500106167050415, '_a7_': 0.3119297080872416, '_a0_': 1.0, '_a2_': 1.0, '_a3_': 1.0, '_a4_': 1.0, '_a5_': 1.0}};{'d0': 0.024905832919416726};-280.569866449043;53.959074729478395
20301;-86.3258584950432;(_a1_ * ((x * pow2((pow3((((_a6_ ** _a7_) * _a1_) / _a7_)) * (x + _a7_)))) + x));{'d0': {'_a1_': 1.446576089346877, '_a6_': 0.011500106167050415, '_a7_': 0.3119297080872416, '_a0_': 1.0, '_a2_': 1.0, '_a3_': 1.0, '_a4_': 1.0, '_a5_': 1.0}};{'d0': 0.024905832919416726};-280.569866449043;53.959074729478395
20302;-86.3258584950432;(_a1_ * ((x * pow2((pow3((((_a6_ ** _a7_) * _a1_) / _a7_)) * (x + _a7_)))) + x));{'d0': {'_a1_': 1.446576089346877, '_a6_': 0.011500106167050415, '_a7_': 0.3119297080872416, '_a0_': 1.0, '_a2_': 1.0, '_a3_': 1.0, '_a4_': 1.0, '_a5_': 1.0}};{'d0': 0.024905832919416726};-280.569866449043;53.959074729478395
20303;-86.3258584950432;(_a1_ * ((x * pow2((pow3((((_a6_ ** _a7_) * _a1_) / _a7_)) * (x + _a7_)))) + x));{'d0': {'_a1_': 1.446576089346877, '_a6_': 0.011500106167050415, '_a7_': 0.3119297080872416, '_a0_': 1.0, '_a2_': 1.0, '_a3_': 1.0, '_a4_': 1.0, '_a5_': 1.0}};{'d0': 0.024905832919416726};-280.569866449043;53.959074729478395
20304;-86.3258584950432;(_a1_ * ((x * pow2((pow3((((_a6_ ** _a7_) * _a1_) / _a7_)) * (x + _a7_)))) + x));{'d0': {'_a1_': 1.446576089346877, '_a6_': 0.011500106167050415, '_a7_': 0.3119297080872416, '_a0_': 1.0, '_a2_': 1.0, '_a3_': 1.0, '_a4_': 1.0, '_a5_': 1.0}};{'d0': 0.024905832919416726};-280.569866449043;53.959074729478395
20305;-86.3258584950432;(_a1_ * ((x * pow2((pow3((((_a6_ ** _a7_) * _a1_) / _a7_)) * (x + _a7_)))) + x));{'d0': {'_a1_': 1.446576089346877, '_a6_': 0.011500106167050415, '_a7_': 0.3119297080872416, '_a0_': 1.0, '_a2_': 1.0, '_a3_': 1.0, '_a4_': 1.0, '_a5_': 1.0}};{'d0': 0.024905832919416726};-280.569866449043;53.959074729478395
20306;-86.3258584950432;(_a1_ * ((x * pow2((pow3((((_a6_ ** _a7_) * _a1_) / _a7_)) * (x + _a7_)))) + x));{'d0': {'_a1_': 1.446576089346877, '_a6_': 0.011500106167050415, '_a7_': 0.3119297080872416, '_a0_': 1.0, '_a2_': 1.0, '_a3_': 1.0, '_a4_': 1.0, '_a5_': 1.0}};{'d0': 0.024905832919416726};-280.569866449043;53.959074729478395
20307;-86.3258584950432;(_a1_ * ((x * pow2((pow3((((_a6_ ** _a7_) * _a1_) / _a7_)) * (x + _a7_)))) + x));{'d0': {'_a1_': 1.446576089346877, '_a6_': 0.011500106167050415, '_a7_': 0.3119297080872416, '_a0_': 1.0, '_a2_': 1.0, '_a3_': 1.0, '_a4_': 1.0, '_a5_': 1.0}};{'d0': 0.024905832919416726};-280.569866449043;53.959074729478395
20308;-86.3258584950432;(_a1_ * ((x * pow2((pow3((((_a6_ ** _a7_) * _a1_) / _a7_)) * (x + _a7_)))) + x));{'d0': {'_a1_': 1.446576089346877, '_a6_': 0.011500106167050415, '_a7_': 0.3119297080872416, '_a0_': 1.0, '_a2_': 1.0, '_a3_': 1.0, '_a4_': 1.0, '_a5_': 1.0}};{'d0': 0.024905832919416726};-280.569866449043;53.959074729478395
20309;-86.3258584950432;(_a1_ * ((x * pow2((pow3((((_a6_ ** _a7_) * _a1_) / _a7_)) * (x + _a7_)))) + x));{'d0': {'_a1_': 1.446576089346877, '_a6_': 0.011500106167050415, '_a7_': 0.3119297080872416, '_a0_': 1.0, '_a2_': 1.0, '_a3_': 1.0, '_a4_': 1.0, '_a5_': 1.0}};{'d0': 0.024905832919416726};-280.569866449043;53.959074729478395
20310;-86.3258584950432;(_a1_ * ((x * pow2((pow3((((_a6_ ** _a7_) * _a1_) / _a7_)) * (x + _a7_)))) + x));{'d0': {'_a1_': 1.446576089346877, '_a6_': 0.011500106167050415, '_a7_': 0.3119297080872416, '_a0_': 1.0, '_a2_': 1.0, '_a3_': 1.0, '_a4_': 1.0, '_a5_': 1.0}};{'d0': 0.024905832919416726};-280.569866449043;53.959074729478395
20311;-95.4211191539206;(((pow3((pow2(_a2_) + x)) * _a7_) + pow2((pow2(_a4_) * x))) * x);{'d0': {'_a2_': 1.5847173627089783, '_a4_': 1.2765620003110407, '_a7_': 0.1108317659085379, '_a0_': 1.0, '_a1_': 1.0, '_a3_': 1.0, '_a5_': 1.0, '_a6_': 1.0}};{'d0': 0.025683199040502192};-278.725765581319;43.941763636739104
20312;-95.4211191539206;(((pow3((pow2(_a2_) + x)) * _a7_) + pow2((pow2(_a4_) * x))) * x);{'d0': {'_a2_': 1.5847173627089783, '_a4_': 1.2765620003110407, '_a7_': 0.1108317659085379, '_a0_': 1.0, '_a1_': 1.0, '_a3_': 1.0, '_a5_': 1.0, '_a6_': 1.0}};{'d0': 0.025683199040502192};-278.725765581319;43.941763636739104
20313;-95.4211191539206;(((pow3((pow2(_a2_) + x)) * _a7_) + pow2((pow2(_a4_) * x))) * x);{'d0': {'_a2_': 1.5847173627089783, '_a4_': 1.2765620003110407, '_a7_': 0.1108317659085379, '_a0_': 1.0, '_a1_': 1.0, '_a3_': 1.0, '_a5_': 1.0, '_a6_': 1.0}};{'d0': 0.025683199040502192};-278.725765581319;43.941763636739104
20314;-95.4211191539206;(((pow3((pow2(_a2_) + x)) * _a7_) + pow2((pow2(_a4_) * x))) * x);{'d0': {'_a2_': 1.5847173627089783, '_a4_': 1.2765620003110407, '_a7_': 0.1108317659085379, '_a0_': 1.0, '_a1_': 1.0, '_a3_': 1.0, '_a5_': 1.0, '_a6_': 1.0}};{'d0': 0.025683199040502192};-278.725765581319;43.941763636739104
20315;-95.4211191539206;(((pow3((pow2(_a2_) + x)) * _a7_) + pow2((pow2(_a4_) * x))) * x);{'d0': {'_a2_': 1.5847173627089783, '_a4_': 1.2765620003110407, '_a7_': 0.1108317659085379, '_a0_': 1.0, '_a1_': 1.0, '_a3_': 1.0, '_a5_': 1.0, '_a6_': 1.0}};{'d0': 0.025683199040502192};-278.725765581319;43.941763636739104
20316;-105.382580669956;((_a6_ * (pow2((x * _a5_)) + ((_a0_ * x) + _a5_))) * x);{'d0': {'_a0_': 2.257482424989098, '_a5_': 1.902255383907094, '_a6_': 0.9331740727533668, '_a1_': 1.0, '_a2_': 1.0, '_a3_': 1.0, '_a4_': 1.0, '_a7_': 1.0}};{'d0': 0.024905832919416563};-280.569866449044;34.90235255456604
20317;-105.382580669956;((_a6_ * (pow2((x * _a5_)) + ((_a0_ * x) + _a5_))) * x);{'d0': {'_a0_': 2.257482424989098, '_a5_': 1.902255383907094, '_a6_': 0.9331740727533668, '_a1_': 1.0, '_a2_': 1.0, '_a3_': 1.0, '_a4_': 1.0, '_a7_': 1.0}};{'d0': 0.024905832919416563};-280.569866449044;34.90235255456604
20318;-105.382580669956;((_a6_ * (pow2((x * _a5_)) + ((_a0_ * x) + _a5_))) * x);{'d0': {'_a0_': 2.257482424989098, '_a5_': 1.902255383907094, '_a6_': 0.9331740727533668, '_a1_': 1.0, '_a2_': 1.0, '_a3_': 1.0, '_a4_': 1.0, '_a7_': 1.0}};{'d0': 0.024905832919416563};-280.569866449044;34.90235255456604
20319;-105.382580669956;((_a6_ * (pow2((x * _a5_)) + ((_a0_ * x) + _a5_))) * x);{'d0': {'_a0_': 2.257482424989098, '_a5_': 1.902255383907094, '_a6_': 0.9331740727533668, '_a1_': 1.0, '_a2_': 1.0, '_a3_': 1.0, '_a4_': 1.0, '_a7_': 1.0}};{'d0': 0.024905832919416563};-280.569866449044;34.90235255456604
20320;-105.382580669956;((_a6_ * (pow2((x * _a5_)) + ((_a0_ * x) + _a5_))) * x);{'d0': {'_a0_': 2.257482424989098, '_a5_': 1.902255383907094, '_a6_': 0.9331740727533668, '_a1_': 1.0, '_a2_': 1.0, '_a3_': 1.0, '_a4_': 1.0, '_a7_': 1.0}};{'d0': 0.024905832919416563};-280.569866449044;34.90235255456604
20321;-105.382580669956;((_a6_ * (pow2((x * _a5_)) + ((_a0_ * x) + _a5_))) * x);{'d0': {'_a0_': 2.257482424989098, '_a5_': 1.902255383907094, '_a6_': 0.9331740727533668, '_a1_': 1.0, '_a2_': 1.0, '_a3_': 1.0, '_a4_': 1.0, '_a7_': 1.0}};{'d0': 0.024905832919416563};-280.569866449044;34.90235255456604
20322;-105.382580669956;((_a6_ * (pow2((x * _a5_)) + ((_a0_ * x) + _a5_))) * x);{'d0': {'_a0_': 2.257482424989098, '_a5_': 1.902255383907094, '_a6_': 0.9331740727533668, '_a1_': 1.0, '_a2_': 1.0, '_a3_': 1.0, '_a4_': 1.0, '_a7_': 1.0}};{'d0': 0.024905832919416563};-280.569866449044;34.90235255456604
20323;-105.382580669956;((_a6_ * (pow2((x * _a5_)) + ((_a0_ * x) + _a5_))) * x);{'d0': {'_a0_': 2.257482424989098, '_a5_': 1.902255383907094, '_a6_': 0.9331740727533668, '_a1_': 1.0, '_a2_': 1.0, '_a3_': 1.0, '_a4_': 1.0, '_a7_': 1.0}};{'d0': 0.024905832919416563};-280.569866449044;34.90235255456604
20324;-105.382580669956;((_a6_ * (pow2((x * _a5_)) + ((_a0_ * x) + _a5_))) * x);{'d0': {'_a0_': 2.257482424989098, '_a5_': 1.902255383907094, '_a6_': 0.9331740727533668, '_a1_': 1.0, '_a2_': 1.0, '_a3_': 1.0, '_a4_': 1.0, '_a7_': 1.0}};{'d0': 0.024905832919416563};-280.569866449044;34.90235255456604
20325;-105.382580669956;((_a6_ * (pow2((x * _a5_)) + ((_a0_ * x) + _a5_))) * x);{'d0': {'_a0_': 2.257482424989098, '_a5_': 1.902255383907094, '_a6_': 0.9331740727533668, '_a1_': 1.0, '_a2_': 1.0, '_a3_': 1.0, '_a4_': 1.0, '_a7_': 1.0}};{'d0': 0.024905832919416563};-280.569866449044;34.90235255456604
20326;-105.382580669956;((_a6_ * (pow2((x * _a5_)) + ((_a0_ * x) + _a5_))) * x);{'d0': {'_a0_': 2.257482424989098, '_a5_': 1.902255383907094, '_a6_': 0.9331740727533668, '_a1_': 1.0, '_a2_': 1.0, '_a3_': 1.0, '_a4_': 1.0, '_a7_': 1.0}};{'d0': 0.024905832919416563};-280.569866449044;34.90235255456604
20327;-105.382580669956;((_a6_ * (pow2((x * _a5_)) + ((_a0_ * x) + _a5_))) * x);{'d0': {'_a0_': 2.257482424989098, '_a5_': 1.902255383907094, '_a6_': 0.9331740727533668, '_a1_': 1.0, '_a2_': 1.0, '_a3_': 1.0, '_a4_': 1.0, '_a7_': 1.0}};{'d0': 0.024905832919416563};-280.569866449044;34.90235255456604
20328;-105.382580669956;((_a6_ * (pow2((x * _a5_)) + ((_a0_ * x) + _a5_))) * x);{'d0': {'_a0_': 2.257482424989098, '_a5_': 1.902255383907094, '_a6_': 0.9331740727533668, '_a1_': 1.0, '_a2_': 1.0, '_a3_': 1.0, '_a4_': 1.0, '_a7_': 1.0}};{'d0': 0.024905832919416563};-280.569866449044;34.90235255456604
20329;-105.382580669956;((_a6_ * (pow2((x * _a5_)) + ((_a0_ * x) + _a5_))) * x);{'d0': {'_a0_': 2.257482424989098, '_a5_': 1.902255383907094, '_a6_': 0.9331740727533668, '_a1_': 1.0, '_a2_': 1.0, '_a3_': 1.0, '_a4_': 1.0, '_a7_': 1.0}};{'d0': 0.024905832919416563};-280.569866449044;34.90235255456604
20330;-105.382580669956;((_a6_ * (pow2((x * _a5_)) + ((_a0_ * x) + _a5_))) * x);{'d0': {'_a0_': 2.257482424989098, '_a5_': 1.902255383907094, '_a6_': 0.9331740727533668, '_a1_': 1.0, '_a2_': 1.0, '_a3_': 1.0, '_a4_': 1.0, '_a7_': 1.0}};{'d0': 0.024905832919416563};-280.569866449044;34.90235255456604
20331;-105.382580669956;((_a6_ * (pow2((x * _a5_)) + ((_a0_ * x) + _a5_))) * x);{'d0': {'_a0_': 2.257482424989098, '_a5_': 1.902255383907094, '_a6_': 0.9331740727533668, '_a1_': 1.0, '_a2_': 1.0, '_a3_': 1.0, '_a4_': 1.0, '_a7_': 1.0}};{'d0': 0.024905832919416563};-280.569866449044;34.90235255456604
20332;-105.382580669956;((_a6_ * (pow2((x * _a5_)) + ((_a0_ * x) + _a5_))) * x);{'d0': {'_a0_': 2.257482424989098, '_a5_': 1.902255383907094, '_a6_': 0.9331740727533668, '_a1_': 1.0, '_a2_': 1.0, '_a3_': 1.0, '_a4_': 1.0, '_a7_': 1.0}};{'d0': 0.024905832919416563};-280.569866449044;34.90235255456604
20333;-105.382580669956;((_a6_ * (pow2((x * _a5_)) + ((_a0_ * x) + _a5_))) * x);{'d0': {'_a0_': 2.257482424989098, '_a5_': 1.902255383907094, '_a6_': 0.9331740727533668, '_a1_': 1.0, '_a2_': 1.0, '_a3_': 1.0, '_a4_': 1.0, '_a7_': 1.0}};{'d0': 0.024905832919416563};-280.569866449044;34.90235255456604
20334;-105.382580669956;((_a6_ * (pow2((x * _a5_)) + ((_a0_ * x) + _a5_))) * x);{'d0': {'_a0_': 2.257482424989098, '_a5_': 1.902255383907094, '_a6_': 0.9331740727533668, '_a1_': 1.0, '_a2_': 1.0, '_a3_': 1.0, '_a4_': 1.0, '_a7_': 1.0}};{'d0': 0.024905832919416563};-280.569866449044;34.90235255456604
20335;-105.382580669956;((_a6_ * (pow2((x * _a5_)) + ((_a0_ * x) + _a5_))) * x);{'d0': {'_a0_': 2.257482424989098, '_a5_': 1.902255383907094, '_a6_': 0.9331740727533668, '_a1_': 1.0, '_a2_': 1.0, '_a3_': 1.0, '_a4_': 1.0, '_a7_': 1.0}};{'d0': 0.024905832919416563};-280.569866449044;34.90235255456604
20336;-105.382580669956;((_a6_ * (pow2((x * _a5_)) + ((_a0_ * x) + _a5_))) * x);{'d0': {'_a0_': 2.257482424989098, '_a5_': 1.902255383907094, '_a6_': 0.9331740727533668, '_a1_': 1.0, '_a2_': 1.0, '_a3_': 1.0, '_a4_': 1.0, '_a7_': 1.0}};{'d0': 0.024905832919416563};-280.569866449044;34.90235255456604
20337;-105.382580669956;((_a6_ * (pow2((x * _a5_)) + ((_a0_ * x) + _a5_))) * x);{'d0': {'_a0_': 2.257482424989098, '_a5_': 1.902255383907094, '_a6_': 0.9331740727533668, '_a1_': 1.0, '_a2_': 1.0, '_a3_': 1.0, '_a4_': 1.0, '_a7_': 1.0}};{'d0': 0.024905832919416563};-280.569866449044;34.90235255456604
20338;-105.382580669956;((_a6_ * (pow2((x * _a5_)) + ((_a0_ * x) + _a5_))) * x);{'d0': {'_a0_': 2.257482424989098, '_a5_': 1.902255383907094, '_a6_': 0.9331740727533668, '_a1_': 1.0, '_a2_': 1.0, '_a3_': 1.0, '_a4_': 1.0, '_a7_': 1.0}};{'d0': 0.024905832919416563};-280.569866449044;34.90235255456604
20339;-105.382580669956;((_a6_ * (pow2((x * _a5_)) + ((_a0_ * x) + _a5_))) * x);{'d0': {'_a0_': 2.257482424989098, '_a5_': 1.902255383907094, '_a6_': 0.9331740727533668, '_a1_': 1.0, '_a2_': 1.0, '_a3_': 1.0, '_a4_': 1.0, '_a7_': 1.0}};{'d0': 0.024905832919416563};-280.569866449044;34.90235255456604
20340;-105.382580669956;((_a6_ * (pow2((x * _a5_)) + ((_a0_ * x) + _a5_))) * x);{'d0': {'_a0_': 2.257482424989098, '_a5_': 1.902255383907094, '_a6_': 0.9331740727533668, '_a1_': 1.0, '_a2_': 1.0, '_a3_': 1.0, '_a4_': 1.0, '_a7_': 1.0}};{'d0': 0.024905832919416563};-280.569866449044;34.90235255456604
20341;-105.382580669956;((_a6_ * (pow2((x * _a5_)) + ((_a0_ * x) + _a5_))) * x);{'d0': {'_a0_': 2.257482424989098, '_a5_': 1.902255383907094, '_a6_': 0.9331740727533668, '_a1_': 1.0, '_a2_': 1.0, '_a3_': 1.0, '_a4_': 1.0, '_a7_': 1.0}};{'d0': 0.024905832919416563};-280.569866449044;34.90235255456604
20342;-105.382580669956;((_a6_ * (pow2((x * _a5_)) + ((_a0_ * x) + _a5_))) * x);{'d0': {'_a0_': 2.257482424989098, '_a5_': 1.902255383907094, '_a6_': 0.9331740727533668, '_a1_': 1.0, '_a2_': 1.0, '_a3_': 1.0, '_a4_': 1.0, '_a7_': 1.0}};{'d0': 0.024905832919416563};-280.569866449044;34.90235255456604
20343;-105.382580669956;((_a6_ * (pow2((x * _a5_)) + ((_a0_ * x) + _a5_))) * x);{'d0': {'_a0_': 2.257482424989098, '_a5_': 1.902255383907094, '_a6_': 0.9331740727533668, '_a1_': 1.0, '_a2_': 1.0, '_a3_': 1.0, '_a4_': 1.0, '_a7_': 1.0}};{'d0': 0.024905832919416563};-280.569866449044;34.90235255456604
20344;-105.382580669956;((_a6_ * (pow2((x * _a0_)) + ((_a0_ * x) + _a5_))) * x);{'d0': {'_a0_': 1.602925234825001, '_a5_': 1.350696300750729, '_a6_': 1.3142372593066372, '_a1_': 1.0, '_a2_': 1.0, '_a3_': 1.0, '_a4_': 1.0, '_a7_': 1.0}};{'d0': 0.02490583291941659};-280.569866449044;34.90235255456604
20345;-105.382580669956;((_a6_ * (pow2((x * _a0_)) + ((_a0_ * x) + _a5_))) * x);{'d0': {'_a0_': 1.602925234825001, '_a5_': 1.350696300750729, '_a6_': 1.3142372593066372, '_a1_': 1.0, '_a2_': 1.0, '_a3_': 1.0, '_a4_': 1.0, '_a7_': 1.0}};{'d0': 0.02490583291941659};-280.569866449044;34.90235255456604
20346;-105.382580669956;((_a6_ * (pow2((x * _a0_)) + ((_a0_ * x) + _a5_))) * x);{'d0': {'_a0_': 1.602925234825001, '_a5_': 1.350696300750729, '_a6_': 1.3142372593066372, '_a1_': 1.0, '_a2_': 1.0, '_a3_': 1.0, '_a4_': 1.0, '_a7_': 1.0}};{'d0': 0.02490583291941659};-280.569866449044;34.90235255456604
20347;-105.382580669956;((_a6_ * (pow2((x * _a0_)) + ((_a0_ * x) + _a5_))) * x);{'d0': {'_a0_': 1.602925234825001, '_a5_': 1.350696300750729, '_a6_': 1.3142372593066372, '_a1_': 1.0, '_a2_': 1.0, '_a3_': 1.0, '_a4_': 1.0, '_a7_': 1.0}};{'d0': 0.02490583291941659};-280.569866449044;34.90235255456604
20348;-105.382580669956;((_a6_ * (pow2((x * _a0_)) + ((_a0_ * x) + _a5_))) * x);{'d0': {'_a0_': 1.602925234825001, '_a5_': 1.350696300750729, '_a6_': 1.3142372593066372, '_a1_': 1.0, '_a2_': 1.0, '_a3_': 1.0, '_a4_': 1.0, '_a7_': 1.0}};{'d0': 0.02490583291941659};-280.569866449044;34.90235255456604
20349;-105.382580669956;((_a6_ * (pow2((x * _a0_)) + ((_a0_ * x) + _a5_))) * x);{'d0': {'_a0_': 1.602925234825001, '_a5_': 1.350696300750729, '_a6_': 1.3142372593066372, '_a1_': 1.0, '_a2_': 1.0, '_a3_': 1.0, '_a4_': 1.0, '_a7_': 1.0}};{'d0': 0.02490583291941659};-280.569866449044;34.90235255456604
20350;-105.382580669956;((_a6_ * (pow2((x * _a0_)) + ((_a0_ * x) + _a5_))) * x);{'d0': {'_a0_': 1.602925234825001, '_a5_': 1.350696300750729, '_a6_': 1.3142372593066372, '_a1_': 1.0, '_a2_': 1.0, '_a3_': 1.0, '_a4_': 1.0, '_a7_': 1.0}};{'d0': 0.02490583291941659};-280.569866449044;34.90235255456604
20351;-105.382580669956;((_a6_ * (pow2((x * _a0_)) + ((_a0_ * x) + _a5_))) * x);{'d0': {'_a0_': 1.602925234825001, '_a5_': 1.350696300750729, '_a6_': 1.3142372593066372, '_a1_': 1.0, '_a2_': 1.0, '_a3_': 1.0, '_a4_': 1.0, '_a7_': 1.0}};{'d0': 0.02490583291941659};-280.569866449044;34.90235255456604
20352;-105.382580669956;((_a6_ * (pow2((x * _a0_)) + ((_a0_ * x) + _a5_))) * x);{'d0': {'_a0_': 1.602925234825001, '_a5_': 1.350696300750729, '_a6_': 1.3142372593066372, '_a1_': 1.0, '_a2_': 1.0, '_a3_': 1.0, '_a4_': 1.0, '_a7_': 1.0}};{'d0': 0.02490583291941659};-280.569866449044;34.90235255456604
20353;-105.382580669956;((_a6_ * (pow2((x * _a0_)) + ((_a0_ * x) + _a5_))) * x);{'d0': {'_a0_': 1.602925234825001, '_a5_': 1.350696300750729, '_a6_': 1.3142372593066372, '_a1_': 1.0, '_a2_': 1.0, '_a3_': 1.0, '_a4_': 1.0, '_a7_': 1.0}};{'d0': 0.02490583291941659};-280.569866449044;34.90235255456604
20354;-105.382580669956;((_a6_ * (pow2((x * _a0_)) + ((_a0_ * x) + _a5_))) * x);{'d0': {'_a0_': 1.602925234825001, '_a5_': 1.350696300750729, '_a6_': 1.3142372593066372, '_a1_': 1.0, '_a2_': 1.0, '_a3_': 1.0, '_a4_': 1.0, '_a7_': 1.0}};{'d0': 0.02490583291941659};-280.569866449044;34.90235255456604
20355;-105.382580669956;((_a6_ * (pow2((x * _a0_)) + ((_a0_ * x) + _a5_))) * x);{'d0': {'_a0_': 1.602925234825001, '_a5_': 1.350696300750729, '_a6_': 1.3142372593066372, '_a1_': 1.0, '_a2_': 1.0, '_a3_': 1.0, '_a4_': 1.0, '_a7_': 1.0}};{'d0': 0.02490583291941659};-280.569866449044;34.90235255456604
20356;-105.382580669956;((_a6_ * (pow2((x * _a0_)) + ((_a0_ * x) + _a5_))) * x);{'d0': {'_a0_': 1.602925234825001, '_a5_': 1.350696300750729, '_a6_': 1.3142372593066372, '_a1_': 1.0, '_a2_': 1.0, '_a3_': 1.0, '_a4_': 1.0, '_a7_': 1.0}};{'d0': 0.02490583291941659};-280.569866449044;34.90235255456604
20357;-105.382580669956;((_a6_ * (pow2((x * _a0_)) + ((_a0_ * x) + _a5_))) * x);{'d0': {'_a0_': 1.602925234825001, '_a5_': 1.350696300750729, '_a6_': 1.3142372593066372, '_a1_': 1.0, '_a2_': 1.0, '_a3_': 1.0, '_a4_': 1.0, '_a7_': 1.0}};{'d0': 0.02490583291941659};-280.569866449044;34.90235255456604
20358;-105.382580669956;((_a6_ * (pow2((x * _a0_)) + ((_a0_ * x) + _a5_))) * x);{'d0': {'_a0_': 1.602925234825001, '_a5_': 1.350696300750729, '_a6_': 1.3142372593066372, '_a1_': 1.0, '_a2_': 1.0, '_a3_': 1.0, '_a4_': 1.0, '_a7_': 1.0}};{'d0': 0.02490583291941659};-280.569866449044;34.90235255456604
20359;-105.382580669956;((_a6_ * (pow2((x * _a0_)) + ((_a0_ * x) + _a5_))) * x);{'d0': {'_a0_': 1.602925234825001, '_a5_': 1.350696300750729, '_a6_': 1.3142372593066372, '_a1_': 1.0, '_a2_': 1.0, '_a3_': 1.0, '_a4_': 1.0, '_a7_': 1.0}};{'d0': 0.02490583291941659};-280.569866449044;34.90235255456604
20360;-105.382580669956;((_a6_ * (pow2((x * _a0_)) + ((_a0_ * x) + _a5_))) * x);{'d0': {'_a0_': 1.602925234825001, '_a5_': 1.350696300750729, '_a6_': 1.3142372593066372, '_a1_': 1.0, '_a2_': 1.0, '_a3_': 1.0, '_a4_': 1.0, '_a7_': 1.0}};{'d0': 0.02490583291941659};-280.569866449044;34.90235255456604
20361;-105.382580669956;((_a6_ * (pow2((x * _a0_)) + ((_a0_ * x) + _a5_))) * x);{'d0': {'_a0_': 1.602925234825001, '_a5_': 1.350696300750729, '_a6_': 1.3142372593066372, '_a1_': 1.0, '_a2_': 1.0, '_a3_': 1.0, '_a4_': 1.0, '_a7_': 1.0}};{'d0': 0.02490583291941659};-280.569866449044;34.90235255456604
20362;-105.382580669956;((_a6_ * (pow2((x * _a0_)) + ((_a0_ * x) + _a5_))) * x);{'d0': {'_a0_': 1.602925234825001, '_a5_': 1.350696300750729, '_a6_': 1.3142372593066372, '_a1_': 1.0, '_a2_': 1.0, '_a3_': 1.0, '_a4_': 1.0, '_a7_': 1.0}};{'d0': 0.02490583291941659};-280.569866449044;34.90235255456604
20363;-105.382580669956;((_a6_ * (pow2((x * _a0_)) + ((_a0_ * x) + _a5_))) * x);{'d0': {'_a0_': 1.602925234825001, '_a5_': 1.350696300750729, '_a6_': 1.3142372593066372, '_a1_': 1.0, '_a2_': 1.0, '_a3_': 1.0, '_a4_': 1.0, '_a7_': 1.0}};{'d0': 0.02490583291941659};-280.569866449044;34.90235255456604
20364;-105.382580669956;((_a6_ * (pow2((x * _a0_)) + ((_a0_ * x) + _a5_))) * x);{'d0': {'_a0_': 1.602925234825001, '_a5_': 1.350696300750729, '_a6_': 1.3142372593066372, '_a1_': 1.0, '_a2_': 1.0, '_a3_': 1.0, '_a4_': 1.0, '_a7_': 1.0}};{'d0': 0.02490583291941659};-280.569866449044;34.90235255456604
20365;-105.382580669956;((_a6_ * (pow2((x * _a0_)) + ((_a0_ * x) + _a5_))) * x);{'d0': {'_a0_': 1.602925234825001, '_a5_': 1.350696300750729, '_a6_': 1.3142372593066372, '_a1_': 1.0, '_a2_': 1.0, '_a3_': 1.0, '_a4_': 1.0, '_a7_': 1.0}};{'d0': 0.02490583291941659};-280.569866449044;34.90235255456604
20366;-105.382580669956;((_a6_ * (pow2((x * _a0_)) + ((_a0_ * x) + _a5_))) * x);{'d0': {'_a0_': 1.602925234825001, '_a5_': 1.350696300750729, '_a6_': 1.3142372593066372, '_a1_': 1.0, '_a2_': 1.0, '_a3_': 1.0, '_a4_': 1.0, '_a7_': 1.0}};{'d0': 0.02490583291941659};-280.569866449044;34.90235255456604
20367;-105.382580669956;((_a6_ * (pow2((x * _a0_)) + ((_a0_ * x) + _a5_))) * x);{'d0': {'_a0_': 1.602925234825001, '_a5_': 1.350696300750729, '_a6_': 1.3142372593066372, '_a1_': 1.0, '_a2_': 1.0, '_a3_': 1.0, '_a4_': 1.0, '_a7_': 1.0}};{'d0': 0.02490583291941659};-280.569866449044;34.90235255456604
20368;-105.382580669956;((_a6_ * (pow2((x * _a0_)) + ((_a0_ * x) + _a5_))) * x);{'d0': {'_a0_': 1.602925234825001, '_a5_': 1.350696300750729, '_a6_': 1.3142372593066372, '_a1_': 1.0, '_a2_': 1.0, '_a3_': 1.0, '_a4_': 1.0, '_a7_': 1.0}};{'d0': 0.02490583291941659};-280.569866449044;34.90235255456604
20369;-105.382580669956;((_a6_ * (pow2((x * _a0_)) + ((_a0_ * x) + _a5_))) * x);{'d0': {'_a0_': 1.602925234825001, '_a5_': 1.350696300750729, '_a6_': 1.3142372593066372, '_a1_': 1.0, '_a2_': 1.0, '_a3_': 1.0, '_a4_': 1.0, '_a7_': 1.0}};{'d0': 0.02490583291941659};-280.569866449044;34.90235255456604
20370;-105.382580669956;((_a6_ * (pow2((x * _a0_)) + ((_a0_ * x) + _a5_))) * x);{'d0': {'_a0_': 1.602925234825001, '_a5_': 1.350696300750729, '_a6_': 1.3142372593066372, '_a1_': 1.0, '_a2_': 1.0, '_a3_': 1.0, '_a4_': 1.0, '_a7_': 1.0}};{'d0': 0.02490583291941659};-280.569866449044;34.90235255456604
20371;-105.382580669956;((_a6_ * (pow2((x * _a0_)) + ((_a0_ * x) + _a5_))) * x);{'d0': {'_a0_': 1.602925234825001, '_a5_': 1.350696300750729, '_a6_': 1.3142372593066372, '_a1_': 1.0, '_a2_': 1.0, '_a3_': 1.0, '_a4_': 1.0, '_a7_': 1.0}};{'d0': 0.02490583291941659};-280.569866449044;34.90235255456604
20372;-105.382580669956;((_a6_ * (pow2((x * _a0_)) + ((_a0_ * x) + _a5_))) * x);{'d0': {'_a0_': 1.602925234825001, '_a5_': 1.350696300750729, '_a6_': 1.3142372593066372, '_a1_': 1.0, '_a2_': 1.0, '_a3_': 1.0, '_a4_': 1.0, '_a7_': 1.0}};{'d0': 0.02490583291941659};-280.569866449044;34.90235255456604
20373;-105.382580669956;((_a6_ * (pow2((x * _a0_)) + ((_a0_ * x) + _a5_))) * x);{'d0': {'_a0_': 1.602925234825001, '_a5_': 1.350696300750729, '_a6_': 1.3142372593066372, '_a1_': 1.0, '_a2_': 1.0, '_a3_': 1.0, '_a4_': 1.0, '_a7_': 1.0}};{'d0': 0.02490583291941659};-280.569866449044;34.90235255456604
20374;-105.382580669956;((_a6_ * (pow2((x * _a0_)) + ((_a0_ * x) + _a5_))) * x);{'d0': {'_a0_': 1.602925234825001, '_a5_': 1.350696300750729, '_a6_': 1.3142372593066372, '_a1_': 1.0, '_a2_': 1.0, '_a3_': 1.0, '_a4_': 1.0, '_a7_': 1.0}};{'d0': 0.02490583291941659};-280.569866449044;34.90235255456604
20375;-105.382580669956;((_a6_ * (pow2((x * _a0_)) + ((_a0_ * x) + _a5_))) * x);{'d0': {'_a0_': 1.602925234825001, '_a5_': 1.350696300750729, '_a6_': 1.3142372593066372, '_a1_': 1.0, '_a2_': 1.0, '_a3_': 1.0, '_a4_': 1.0, '_a7_': 1.0}};{'d0': 0.02490583291941659};-280.569866449044;34.90235255456604
20376;-105.382580669956;((_a6_ * (pow2((x * _a0_)) + ((_a0_ * x) + _a5_))) * x);{'d0': {'_a0_': 1.602925234825001, '_a5_': 1.350696300750729, '_a6_': 1.3142372593066372, '_a1_': 1.0, '_a2_': 1.0, '_a3_': 1.0, '_a4_': 1.0, '_a7_': 1.0}};{'d0': 0.02490583291941659};-280.569866449044;34.90235255456604
20377;-101.684646197346;((pow2(_a6_) * (pow2((x * _a0_)) + ((_a0_ * x) + _a5_))) * x);{'d0': {'_a0_': 1.6029252344080749, '_a5_': 1.3506962997636203, '_a6_': 1.1464018755134493, '_a1_': 1.0, '_a2_': 1.0, '_a3_': 1.0, '_a4_': 1.0, '_a7_': 1.0}};{'d0': 0.02490583291941667};-280.569866449043;38.600287027176044
20378;-107.023473013188;((_a5_ * (pow2((x * _a0_)) + ((_a0_ * x) + _a5_))) * x);{'d0': {'_a0_': 1.5966608491570515, '_a5_': 1.3328822310357056, '_a1_': 1.0, '_a2_': 1.0, '_a3_': 1.0, '_a4_': 1.0, '_a6_': 1.0, '_a7_': 1.0}};{'d0': 0.02524541851796834};-283.851651135508;34.90235255456604
20379;-107.023473013188;((_a5_ * (pow2((x * _a0_)) + ((_a0_ * x) + _a5_))) * x);{'d0': {'_a0_': 1.5966608491570515, '_a5_': 1.3328822310357056, '_a1_': 1.0, '_a2_': 1.0, '_a3_': 1.0, '_a4_': 1.0, '_a6_': 1.0, '_a7_': 1.0}};{'d0': 0.02524541851796834};-283.851651135508;34.90235255456604
20380;-107.023473013188;((_a5_ * (pow2((x * _a0_)) + ((_a0_ * x) + _a5_))) * x);{'d0': {'_a0_': 1.5966608491570515, '_a5_': 1.3328822310357056, '_a1_': 1.0, '_a2_': 1.0, '_a3_': 1.0, '_a4_': 1.0, '_a6_': 1.0, '_a7_': 1.0}};{'d0': 0.02524541851796834};-283.851651135508;34.90235255456604
20381;-107.023473013188;((_a5_ * (pow2((x * _a0_)) + ((_a0_ * x) + _a5_))) * x);{'d0': {'_a0_': 1.5966608491570515, '_a5_': 1.3328822310357056, '_a1_': 1.0, '_a2_': 1.0, '_a3_': 1.0, '_a4_': 1.0, '_a6_': 1.0, '_a7_': 1.0}};{'d0': 0.02524541851796834};-283.851651135508;34.90235255456604
20382;-107.023473013188;((_a5_ * (pow2((x * _a0_)) + ((_a0_ * x) + _a5_))) * x);{'d0': {'_a0_': 1.5966608491570515, '_a5_': 1.3328822310357056, '_a1_': 1.0, '_a2_': 1.0, '_a3_': 1.0, '_a4_': 1.0, '_a6_': 1.0, '_a7_': 1.0}};{'d0': 0.02524541851796834};-283.851651135508;34.90235255456604
20383;-107.023473013188;((_a5_ * (pow2((x * _a0_)) + ((_a0_ * x) + _a5_))) * x);{'d0': {'_a0_': 1.5966608491570515, '_a5_': 1.3328822310357056, '_a1_': 1.0, '_a2_': 1.0, '_a3_': 1.0, '_a4_': 1.0, '_a6_': 1.0, '_a7_': 1.0}};{'d0': 0.02524541851796834};-283.851651135508;34.90235255456604
20384;-107.023473013188;((_a5_ * (pow2((x * _a0_)) + ((_a0_ * x) + _a5_))) * x);{'d0': {'_a0_': 1.5966608491570515, '_a5_': 1.3328822310357056, '_a1_': 1.0, '_a2_': 1.0, '_a3_': 1.0, '_a4_': 1.0, '_a6_': 1.0, '_a7_': 1.0}};{'d0': 0.02524541851796834};-283.851651135508;34.90235255456604
20385;-107.023473013188;((_a5_ * (pow2((x * _a0_)) + ((_a0_ * x) + _a5_))) * x);{'d0': {'_a0_': 1.5966608491570515, '_a5_': 1.3328822310357056, '_a1_': 1.0, '_a2_': 1.0, '_a3_': 1.0, '_a4_': 1.0, '_a6_': 1.0, '_a7_': 1.0}};{'d0': 0.02524541851796834};-283.851651135508;34.90235255456604
20386;-107.023473013188;((_a5_ * (pow2((x * _a0_)) + ((_a0_ * x) + _a5_))) * x);{'d0': {'_a0_': 1.5966608491570515, '_a5_': 1.3328822310357056, '_a1_': 1.0, '_a2_': 1.0, '_a3_': 1.0, '_a4_': 1.0, '_a6_': 1.0, '_a7_': 1.0}};{'d0': 0.02524541851796834};-283.851651135508;34.90235255456604
20387;-96.6718600297965;((_a1_ * ((x * pow2(((_a3_ ** _a7_) * (x + _a7_)))) + x)) * _a2_);{'d0': {'_a1_': 2.779546266228773, '_a2_': 0.5204358719494484, '_a3_': 3.8916286418216566, '_a7_': 0.3119297078983091, '_a0_': 1.0, '_a4_': 1.0, '_a5_': 1.0, '_a6_': 1.0}};{'d0': 0.024905832930166145};-276.475521860925;41.565900900665994
20388;-96.6718600297965;((_a1_ * ((x * pow2(((_a3_ ** _a7_) * (x + _a7_)))) + x)) * _a2_);{'d0': {'_a1_': 2.779546266228773, '_a2_': 0.5204358719494484, '_a3_': 3.8916286418216566, '_a7_': 0.3119297078983091, '_a0_': 1.0, '_a4_': 1.0, '_a5_': 1.0, '_a6_': 1.0}};{'d0': 0.024905832930166145};-276.475521860925;41.565900900665994
20389;-96.6718600297965;((_a1_ * ((x * pow2(((_a3_ ** _a7_) * (x + _a7_)))) + x)) * _a2_);{'d0': {'_a1_': 2.779546266228773, '_a2_': 0.5204358719494484, '_a3_': 3.8916286418216566, '_a7_': 0.3119297078983091, '_a0_': 1.0, '_a4_': 1.0, '_a5_': 1.0, '_a6_': 1.0}};{'d0': 0.024905832930166145};-276.475521860925;41.565900900665994
20390;-96.6718600297965;((_a1_ * ((x * pow2(((_a3_ ** _a7_) * (x + _a7_)))) + x)) * _a2_);{'d0': {'_a1_': 2.779546266228773, '_a2_': 0.5204358719494484, '_a3_': 3.8916286418216566, '_a7_': 0.3119297078983091, '_a0_': 1.0, '_a4_': 1.0, '_a5_': 1.0, '_a6_': 1.0}};{'d0': 0.024905832930166145};-276.475521860925;41.565900900665994
20391;-98.7190323238557;((_a1_ * ((x * pow2(((_a3_ ** _a7_) * (x + _a7_)))) + x)) * _a1_);{'d0': {'_a1_': 1.2027369161688273, '_a3_': 3.8916286479489024, '_a7_': 0.311929707843066, '_a0_': 1.0, '_a2_': 1.0, '_a4_': 1.0, '_a5_': 1.0, '_a6_': 1.0}};{'d0': 0.024905832919416664};-280.569866449044;41.565900900665994
20392;-98.7190323238557;((_a1_ * ((x * pow2(((_a3_ ** _a7_) * (x + _a7_)))) + x)) * _a1_);{'d0': {'_a1_': 1.2027369161688273, '_a3_': 3.8916286479489024, '_a7_': 0.311929707843066, '_a0_': 1.0, '_a2_': 1.0, '_a4_': 1.0, '_a5_': 1.0, '_a6_': 1.0}};{'d0': 0.024905832919416664};-280.569866449044;41.565900900665994
20393;-98.7190323238557;((_a1_ * ((x * pow2(((_a3_ ** _a7_) * (x + _a7_)))) + x)) * _a1_);{'d0': {'_a1_': 1.2027369161688273, '_a3_': 3.8916286479489024, '_a7_': 0.311929707843066, '_a0_': 1.0, '_a2_': 1.0, '_a4_': 1.0, '_a5_': 1.0, '_a6_': 1.0}};{'d0': 0.024905832919416664};-280.569866449044;41.565900900665994
20394;-98.7190323238557;((_a1_ * ((x * pow2(((_a3_ ** _a7_) * (x + _a7_)))) + x)) * _a1_);{'d0': {'_a1_': 1.2027369161688273, '_a3_': 3.8916286479489024, '_a7_': 0.311929707843066, '_a0_': 1.0, '_a2_': 1.0, '_a4_': 1.0, '_a5_': 1.0, '_a6_': 1.0}};{'d0': 0.024905832919416664};-280.569866449044;41.565900900665994
20395;-98.7190323238557;((_a1_ * ((x * pow2(((_a3_ ** _a7_) * (x + _a7_)))) + x)) * _a1_);{'d0': {'_a1_': 1.2027369161688273, '_a3_': 3.8916286479489024, '_a7_': 0.311929707843066, '_a0_': 1.0, '_a2_': 1.0, '_a4_': 1.0, '_a5_': 1.0, '_a6_': 1.0}};{'d0': 0.024905832919416664};-280.569866449044;41.565900900665994
20396;-98.7190323238557;((_a1_ * ((x * pow2(((_a3_ ** _a7_) * (x + _a7_)))) + x)) * _a1_);{'d0': {'_a1_': 1.2027369161688273, '_a3_': 3.8916286479489024, '_a7_': 0.311929707843066, '_a0_': 1.0, '_a2_': 1.0, '_a4_': 1.0, '_a5_': 1.0, '_a6_': 1.0}};{'d0': 0.024905832919416664};-280.569866449044;41.565900900665994
20397;-98.7190323238557;((_a1_ * ((x * pow2(((_a3_ ** _a7_) * (x + _a7_)))) + x)) * _a1_);{'d0': {'_a1_': 1.2027369161688273, '_a3_': 3.8916286479489024, '_a7_': 0.311929707843066, '_a0_': 1.0, '_a2_': 1.0, '_a4_': 1.0, '_a5_': 1.0, '_a6_': 1.0}};{'d0': 0.024905832919416664};-280.569866449044;41.565900900665994
20398;-103.668372249313;(_a1_ * ((x * pow2(((_a3_ ** _a7_) * (x + _a7_)))) + x));{'d0': {'_a1_': 1.4465760897811257, '_a3_': 3.8916286469823747, '_a7_': 0.3119297080094984, '_a0_': 1.0, '_a2_': 1.0, '_a4_': 1.0, '_a5_': 1.0, '_a6_': 1.0}};{'d0': 0.024905832919416598};-280.569866449044;36.616560975209
20399;-103.668372249313;(_a1_ * ((x * pow2(((_a3_ ** _a7_) * (x + _a7_)))) + x));{'d0': {'_a1_': 1.4465760897811257, '_a3_': 3.8916286469823747, '_a7_': 0.3119297080094984, '_a0_': 1.0, '_a2_': 1.0, '_a4_': 1.0, '_a5_': 1.0, '_a6_': 1.0}};{'d0': 0.024905832919416598};-280.569866449044;36.616560975209
20400;-103.668372249313;(_a1_ * ((x * pow2(((_a3_ ** _a7_) * (x + _a7_)))) + x));{'d0': {'_a1_': 1.4465760897811257, '_a3_': 3.8916286469823747, '_a7_': 0.3119297080094984, '_a0_': 1.0, '_a2_': 1.0, '_a4_': 1.0, '_a5_': 1.0, '_a6_': 1.0}};{'d0': 0.024905832919416598};-280.569866449044;36.616560975209
20401;-103.668372249313;(_a1_ * ((x * pow2(((_a3_ ** _a7_) * (x + _a7_)))) + x));{'d0': {'_a1_': 1.4465760897811257, '_a3_': 3.8916286469823747, '_a7_': 0.3119297080094984, '_a0_': 1.0, '_a2_': 1.0, '_a4_': 1.0, '_a5_': 1.0, '_a6_': 1.0}};{'d0': 0.024905832919416598};-280.569866449044;36.616560975209
20402;-103.668372249313;(_a1_ * ((x * pow2(((_a3_ ** _a7_) * (x + _a7_)))) + x));{'d0': {'_a1_': 1.4465760897811257, '_a3_': 3.8916286469823747, '_a7_': 0.3119297080094984, '_a0_': 1.0, '_a2_': 1.0, '_a4_': 1.0, '_a5_': 1.0, '_a6_': 1.0}};{'d0': 0.024905832919416598};-280.569866449044;36.616560975209
20403;-103.668372249313;(_a1_ * ((x * pow2(((_a3_ ** _a7_) * (x + _a7_)))) + x));{'d0': {'_a1_': 1.4465760897811257, '_a3_': 3.8916286469823747, '_a7_': 0.3119297080094984, '_a0_': 1.0, '_a2_': 1.0, '_a4_': 1.0, '_a5_': 1.0, '_a6_': 1.0}};{'d0': 0.024905832919416598};-280.569866449044;36.616560975209
20404;-103.668372249313;(_a1_ * ((x * pow2(((_a3_ ** _a7_) * (x + _a7_)))) + x));{'d0': {'_a1_': 1.4465760897811257, '_a3_': 3.8916286469823747, '_a7_': 0.3119297080094984, '_a0_': 1.0, '_a2_': 1.0, '_a4_': 1.0, '_a5_': 1.0, '_a6_': 1.0}};{'d0': 0.024905832919416598};-280.569866449044;36.616560975209
20405;-103.668372249313;(_a1_ * ((x * pow2(((_a3_ ** _a7_) * (x + _a7_)))) + x));{'d0': {'_a1_': 1.4465760897811257, '_a3_': 3.8916286469823747, '_a7_': 0.3119297080094984, '_a0_': 1.0, '_a2_': 1.0, '_a4_': 1.0, '_a5_': 1.0, '_a6_': 1.0}};{'d0': 0.024905832919416598};-280.569866449044;36.616560975209
20406;-103.668372249313;(_a1_ * ((x * pow2(((_a3_ ** _a7_) * (x + _a7_)))) + x));{'d0': {'_a1_': 1.4465760897811257, '_a3_': 3.8916286469823747, '_a7_': 0.3119297080094984, '_a0_': 1.0, '_a2_': 1.0, '_a4_': 1.0, '_a5_': 1.0, '_a6_': 1.0}};{'d0': 0.024905832919416598};-280.569866449044;36.616560975209
20407;-103.668372249313;(_a1_ * ((x * pow2(((_a3_ ** _a7_) * (x + _a7_)))) + x));{'d0': {'_a1_': 1.4465760897811257, '_a3_': 3.8916286469823747, '_a7_': 0.3119297080094984, '_a0_': 1.0, '_a2_': 1.0, '_a4_': 1.0, '_a5_': 1.0, '_a6_': 1.0}};{'d0': 0.024905832919416598};-280.569866449044;36.616560975209
20408;-103.668372249313;(_a1_ * ((x * pow2(((_a3_ ** _a7_) * (x + _a7_)))) + x));{'d0': {'_a1_': 1.4465760897811257, '_a3_': 3.8916286469823747, '_a7_': 0.3119297080094984, '_a0_': 1.0, '_a2_': 1.0, '_a4_': 1.0, '_a5_': 1.0, '_a6_': 1.0}};{'d0': 0.024905832919416598};-280.569866449044;36.616560975209
20409;-103.668372249313;(_a1_ * ((x * pow2(((_a3_ ** _a7_) * (x + _a7_)))) + x));{'d0': {'_a1_': 1.4465760897811257, '_a3_': 3.8916286469823747, '_a7_': 0.3119297080094984, '_a0_': 1.0, '_a2_': 1.0, '_a4_': 1.0, '_a5_': 1.0, '_a6_': 1.0}};{'d0': 0.024905832919416598};-280.569866449044;36.616560975209
20410;-103.668372249313;(_a1_ * ((x * pow2(((_a3_ ** _a7_) * (x + _a7_)))) + x));{'d0': {'_a1_': 1.4465760897811257, '_a3_': 3.8916286469823747, '_a7_': 0.3119297080094984, '_a0_': 1.0, '_a2_': 1.0, '_a4_': 1.0, '_a5_': 1.0, '_a6_': 1.0}};{'d0': 0.024905832919416598};-280.569866449044;36.616560975209
20411;-103.668372249313;(_a1_ * ((x * pow2(((_a3_ ** _a7_) * (x + _a7_)))) + x));{'d0': {'_a1_': 1.4465760897811257, '_a3_': 3.8916286469823747, '_a7_': 0.3119297080094984, '_a0_': 1.0, '_a2_': 1.0, '_a4_': 1.0, '_a5_': 1.0, '_a6_': 1.0}};{'d0': 0.024905832919416598};-280.569866449044;36.616560975209
20412;-103.668372249313;(_a1_ * ((x * pow2(((_a3_ ** _a7_) * (x + _a7_)))) + x));{'d0': {'_a1_': 1.4465760897811257, '_a3_': 3.8916286469823747, '_a7_': 0.3119297080094984, '_a0_': 1.0, '_a2_': 1.0, '_a4_': 1.0, '_a5_': 1.0, '_a6_': 1.0}};{'d0': 0.024905832919416598};-280.569866449044;36.616560975209
20413;-103.668372249313;(_a1_ * ((x * pow2(((_a3_ ** _a7_) * (x + _a7_)))) + x));{'d0': {'_a1_': 1.4465760897811257, '_a3_': 3.8916286469823747, '_a7_': 0.3119297080094984, '_a0_': 1.0, '_a2_': 1.0, '_a4_': 1.0, '_a5_': 1.0, '_a6_': 1.0}};{'d0': 0.024905832919416598};-280.569866449044;36.616560975209
20414;-103.668372249313;(_a1_ * ((x * pow2(((_a3_ ** _a7_) * (x + _a7_)))) + x));{'d0': {'_a1_': 1.4465760897811257, '_a3_': 3.8916286469823747, '_a7_': 0.3119297080094984, '_a0_': 1.0, '_a2_': 1.0, '_a4_': 1.0, '_a5_': 1.0, '_a6_': 1.0}};{'d0': 0.024905832919416598};-280.569866449044;36.616560975209
20415;-103.668372249313;(_a1_ * ((x * pow2(((_a3_ ** _a3_) * (x + _a7_)))) + x));{'d0': {'_a1_': 1.4465760894303599, '_a3_': 1.3643385877568213, '_a7_': 0.31192970784907886, '_a0_': 1.0, '_a2_': 1.0, '_a4_': 1.0, '_a5_': 1.0, '_a6_': 1.0}};{'d0': 0.024905832919416622};-280.569866449044;36.616560975209
20416;-103.668372249313;(_a1_ * ((x * pow2(((_a3_ ** _a3_) * (x + _a7_)))) + x));{'d0': {'_a1_': 1.4465760894303599, '_a3_': 1.3643385877568213, '_a7_': 0.31192970784907886, '_a0_': 1.0, '_a2_': 1.0, '_a4_': 1.0, '_a5_': 1.0, '_a6_': 1.0}};{'d0': 0.024905832919416622};-280.569866449044;36.616560975209
20417;-103.668372249313;(_a1_ * ((x * pow2(((_a3_ ** _a3_) * (x + _a7_)))) + x));{'d0': {'_a1_': 1.4465760894303599, '_a3_': 1.3643385877568213, '_a7_': 0.31192970784907886, '_a0_': 1.0, '_a2_': 1.0, '_a4_': 1.0, '_a5_': 1.0, '_a6_': 1.0}};{'d0': 0.024905832919416622};-280.569866449044;36.616560975209
20418;-103.668372249313;(_a1_ * ((x * pow2(((_a3_ ** _a3_) * (x + _a7_)))) + x));{'d0': {'_a1_': 1.4465760894303599, '_a3_': 1.3643385877568213, '_a7_': 0.31192970784907886, '_a0_': 1.0, '_a2_': 1.0, '_a4_': 1.0, '_a5_': 1.0, '_a6_': 1.0}};{'d0': 0.024905832919416622};-280.569866449044;36.616560975209
20419;-103.668372249313;(_a1_ * ((x * pow2(((_a3_ ** _a3_) * (x + _a7_)))) + x));{'d0': {'_a1_': 1.4465760894303599, '_a3_': 1.3643385877568213, '_a7_': 0.31192970784907886, '_a0_': 1.0, '_a2_': 1.0, '_a4_': 1.0, '_a5_': 1.0, '_a6_': 1.0}};{'d0': 0.024905832919416622};-280.569866449044;36.616560975209
20420;-103.668372249313;(_a1_ * ((x * pow2(((_a3_ ** _a3_) * (x + _a7_)))) + x));{'d0': {'_a1_': 1.4465760894303599, '_a3_': 1.3643385877568213, '_a7_': 0.31192970784907886, '_a0_': 1.0, '_a2_': 1.0, '_a4_': 1.0, '_a5_': 1.0, '_a6_': 1.0}};{'d0': 0.024905832919416622};-280.569866449044;36.616560975209
20421;-103.668372249313;(_a1_ * ((x * pow2(((_a3_ ** _a3_) * (x + _a7_)))) + x));{'d0': {'_a1_': 1.4465760894303599, '_a3_': 1.3643385877568213, '_a7_': 0.31192970784907886, '_a0_': 1.0, '_a2_': 1.0, '_a4_': 1.0, '_a5_': 1.0, '_a6_': 1.0}};{'d0': 0.024905832919416622};-280.569866449044;36.616560975209
20422;-103.668372249313;(_a1_ * ((x * pow2(((_a3_ ** _a3_) * (x + _a7_)))) + x));{'d0': {'_a1_': 1.4465760894303599, '_a3_': 1.3643385877568213, '_a7_': 0.31192970784907886, '_a0_': 1.0, '_a2_': 1.0, '_a4_': 1.0, '_a5_': 1.0, '_a6_': 1.0}};{'d0': 0.024905832919416622};-280.569866449044;36.616560975209
20423;-103.668372249313;(_a1_ * ((x * pow2(((_a3_ ** _a3_) * (x + _a7_)))) + x));{'d0': {'_a1_': 1.4465760894303599, '_a3_': 1.3643385877568213, '_a7_': 0.31192970784907886, '_a0_': 1.0, '_a2_': 1.0, '_a4_': 1.0, '_a5_': 1.0, '_a6_': 1.0}};{'d0': 0.024905832919416622};-280.569866449044;36.616560975209
20424;-103.668372249313;(_a1_ * ((x * pow2(((_a3_ ** _a3_) * (x + _a7_)))) + x));{'d0': {'_a1_': 1.4465760894303599, '_a3_': 1.3643385877568213, '_a7_': 0.31192970784907886, '_a0_': 1.0, '_a2_': 1.0, '_a4_': 1.0, '_a5_': 1.0, '_a6_': 1.0}};{'d0': 0.024905832919416622};-280.569866449044;36.616560975209
20425;-103.668372249313;(_a1_ * ((x * pow2(((_a3_ ** _a3_) * (x + _a7_)))) + x));{'d0': {'_a1_': 1.4465760894303599, '_a3_': 1.3643385877568213, '_a7_': 0.31192970784907886, '_a0_': 1.0, '_a2_': 1.0, '_a4_': 1.0, '_a5_': 1.0, '_a6_': 1.0}};{'d0': 0.024905832919416622};-280.569866449044;36.616560975209
20426;-103.668372249313;(_a1_ * ((x * pow2(((_a3_ ** _a3_) * (x + _a7_)))) + x));{'d0': {'_a1_': 1.4465760894303599, '_a3_': 1.3643385877568213, '_a7_': 0.31192970784907886, '_a0_': 1.0, '_a2_': 1.0, '_a4_': 1.0, '_a5_': 1.0, '_a6_': 1.0}};{'d0': 0.024905832919416622};-280.569866449044;36.616560975209
20427;-103.668372249313;(_a1_ * ((x * pow2(((_a3_ ** _a3_) * (x + _a7_)))) + x));{'d0': {'_a1_': 1.4465760894303599, '_a3_': 1.3643385877568213, '_a7_': 0.31192970784907886, '_a0_': 1.0, '_a2_': 1.0, '_a4_': 1.0, '_a5_': 1.0, '_a6_': 1.0}};{'d0': 0.024905832919416622};-280.569866449044;36.616560975209
20428;-103.668372249313;(_a1_ * ((x * pow2(((_a3_ ** _a3_) * (x + _a7_)))) + x));{'d0': {'_a1_': 1.4465760894303599, '_a3_': 1.3643385877568213, '_a7_': 0.31192970784907886, '_a0_': 1.0, '_a2_': 1.0, '_a4_': 1.0, '_a5_': 1.0, '_a6_': 1.0}};{'d0': 0.024905832919416622};-280.569866449044;36.616560975209
20429;-103.668372249313;(_a1_ * ((x * pow2(((_a3_ ** _a3_) * (x + _a7_)))) + x));{'d0': {'_a1_': 1.4465760894303599, '_a3_': 1.3643385877568213, '_a7_': 0.31192970784907886, '_a0_': 1.0, '_a2_': 1.0, '_a4_': 1.0, '_a5_': 1.0, '_a6_': 1.0}};{'d0': 0.024905832919416622};-280.569866449044;36.616560975209
20430;-103.668372249313;(_a1_ * ((x * pow2(((_a3_ ** _a3_) * (x + _a7_)))) + x));{'d0': {'_a1_': 1.4465760894303599, '_a3_': 1.3643385877568213, '_a7_': 0.31192970784907886, '_a0_': 1.0, '_a2_': 1.0, '_a4_': 1.0, '_a5_': 1.0, '_a6_': 1.0}};{'d0': 0.024905832919416622};-280.569866449044;36.616560975209
20431;-103.668372249313;(_a1_ * ((x * pow2(((_a3_ ** _a3_) * (x + _a7_)))) + x));{'d0': {'_a1_': 1.4465760894303599, '_a3_': 1.3643385877568213, '_a7_': 0.31192970784907886, '_a0_': 1.0, '_a2_': 1.0, '_a4_': 1.0, '_a5_': 1.0, '_a6_': 1.0}};{'d0': 0.024905832919416622};-280.569866449044;36.616560975209
20432;-103.668372249313;(_a1_ * ((x * pow2(((_a3_ ** _a3_) * (x + _a7_)))) + x));{'d0': {'_a1_': 1.4465760894303599, '_a3_': 1.3643385877568213, '_a7_': 0.31192970784907886, '_a0_': 1.0, '_a2_': 1.0, '_a4_': 1.0, '_a5_': 1.0, '_a6_': 1.0}};{'d0': 0.024905832919416622};-280.569866449044;36.616560975209
20433;-103.668372249313;(_a1_ * ((x * pow2(((_a3_ ** _a3_) * (x + _a7_)))) + x));{'d0': {'_a1_': 1.4465760894303599, '_a3_': 1.3643385877568213, '_a7_': 0.31192970784907886, '_a0_': 1.0, '_a2_': 1.0, '_a4_': 1.0, '_a5_': 1.0, '_a6_': 1.0}};{'d0': 0.024905832919416622};-280.569866449044;36.616560975209
20434;-103.668372249313;(_a1_ * ((x * pow2(((_a3_ ** _a3_) * (x + _a7_)))) + x));{'d0': {'_a1_': 1.4465760894303599, '_a3_': 1.3643385877568213, '_a7_': 0.31192970784907886, '_a0_': 1.0, '_a2_': 1.0, '_a4_': 1.0, '_a5_': 1.0, '_a6_': 1.0}};{'d0': 0.024905832919416622};-280.569866449044;36.616560975209
20435;-103.668372249313;(_a1_ * ((x * pow2(((_a3_ ** _a3_) * (x + _a7_)))) + x));{'d0': {'_a1_': 1.4465760894303599, '_a3_': 1.3643385877568213, '_a7_': 0.31192970784907886, '_a0_': 1.0, '_a2_': 1.0, '_a4_': 1.0, '_a5_': 1.0, '_a6_': 1.0}};{'d0': 0.024905832919416622};-280.569866449044;36.616560975209
20436;-103.668372249313;(_a1_ * ((x * pow2(((_a3_ ** _a3_) * (x + _a7_)))) + x));{'d0': {'_a1_': 1.4465760894303599, '_a3_': 1.3643385877568213, '_a7_': 0.31192970784907886, '_a0_': 1.0, '_a2_': 1.0, '_a4_': 1.0, '_a5_': 1.0, '_a6_': 1.0}};{'d0': 0.024905832919416622};-280.569866449044;36.616560975209
20437;-103.668372249313;(_a1_ * ((x * pow2(((_a3_ ** _a3_) * (x + _a7_)))) + x));{'d0': {'_a1_': 1.4465760894303599, '_a3_': 1.3643385877568213, '_a7_': 0.31192970784907886, '_a0_': 1.0, '_a2_': 1.0, '_a4_': 1.0, '_a5_': 1.0, '_a6_': 1.0}};{'d0': 0.024905832919416622};-280.569866449044;36.616560975209
20438;-103.668372249313;(_a1_ * ((x * pow2(((_a3_ ** _a3_) * (x + _a7_)))) + x));{'d0': {'_a1_': 1.4465760894303599, '_a3_': 1.3643385877568213, '_a7_': 0.31192970784907886, '_a0_': 1.0, '_a2_': 1.0, '_a4_': 1.0, '_a5_': 1.0, '_a6_': 1.0}};{'d0': 0.024905832919416622};-280.569866449044;36.616560975209
20439;-103.668372249313;(_a1_ * ((x * pow2(((_a3_ ** _a3_) * (x + _a7_)))) + x));{'d0': {'_a1_': 1.4465760894303599, '_a3_': 1.3643385877568213, '_a7_': 0.31192970784907886, '_a0_': 1.0, '_a2_': 1.0, '_a4_': 1.0, '_a5_': 1.0, '_a6_': 1.0}};{'d0': 0.024905832919416622};-280.569866449044;36.616560975209
20440;-103.668372249313;(_a1_ * ((x * pow2(((_a3_ ** _a3_) * (x + _a7_)))) + x));{'d0': {'_a1_': 1.4465760894303599, '_a3_': 1.3643385877568213, '_a7_': 0.31192970784907886, '_a0_': 1.0, '_a2_': 1.0, '_a4_': 1.0, '_a5_': 1.0, '_a6_': 1.0}};{'d0': 0.024905832919416622};-280.569866449044;36.616560975209
20441;-103.668372249313;(_a1_ * ((x * pow2(((_a3_ ** _a3_) * (x + _a7_)))) + x));{'d0': {'_a1_': 1.4465760894303599, '_a3_': 1.3643385877568213, '_a7_': 0.31192970784907886, '_a0_': 1.0, '_a2_': 1.0, '_a4_': 1.0, '_a5_': 1.0, '_a6_': 1.0}};{'d0': 0.024905832919416622};-280.569866449044;36.616560975209
20442;-103.668372249313;(_a1_ * ((x * pow2(((_a3_ ** _a3_) * (x + _a7_)))) + x));{'d0': {'_a1_': 1.4465760894303599, '_a3_': 1.3643385877568213, '_a7_': 0.31192970784907886, '_a0_': 1.0, '_a2_': 1.0, '_a4_': 1.0, '_a5_': 1.0, '_a6_': 1.0}};{'d0': 0.024905832919416622};-280.569866449044;36.616560975209
20443;-103.668372249313;(_a1_ * ((x * pow2(((_a3_ ** _a3_) * (x + _a7_)))) + x));{'d0': {'_a1_': 1.4465760894303599, '_a3_': 1.3643385877568213, '_a7_': 0.31192970784907886, '_a0_': 1.0, '_a2_': 1.0, '_a4_': 1.0, '_a5_': 1.0, '_a6_': 1.0}};{'d0': 0.024905832919416622};-280.569866449044;36.616560975209
20444;-103.668372249313;(_a1_ * ((x * pow2(((_a3_ ** _a3_) * (x + _a7_)))) + x));{'d0': {'_a1_': 1.4465760894303599, '_a3_': 1.3643385877568213, '_a7_': 0.31192970784907886, '_a0_': 1.0, '_a2_': 1.0, '_a4_': 1.0, '_a5_': 1.0, '_a6_': 1.0}};{'d0': 0.024905832919416622};-280.569866449044;36.616560975209
20445;-103.668372249313;(_a1_ * ((x * pow2(((_a3_ ** _a3_) * (x + _a7_)))) + x));{'d0': {'_a1_': 1.4465760894303599, '_a3_': 1.3643385877568213, '_a7_': 0.31192970784907886, '_a0_': 1.0, '_a2_': 1.0, '_a4_': 1.0, '_a5_': 1.0, '_a6_': 1.0}};{'d0': 0.024905832919416622};-280.569866449044;36.616560975209
20446;-103.668372249313;(_a1_ * ((x * pow2(((_a3_ ** _a3_) * (x + _a7_)))) + x));{'d0': {'_a1_': 1.4465760894303599, '_a3_': 1.3643385877568213, '_a7_': 0.31192970784907886, '_a0_': 1.0, '_a2_': 1.0, '_a4_': 1.0, '_a5_': 1.0, '_a6_': 1.0}};{'d0': 0.024905832919416622};-280.569866449044;36.616560975209
20447;-101.348722083578;(x * (((x + _a5_) * (((_a6_ + x) / _a5_) / _a5_)) + _a3_));{'d0': {'_a3_': 3.9215372798196557, '_a5_': -0.5441891094003996, '_a6_': 1.1680485249959907, '_a0_': 1.0, '_a1_': 1.0, '_a2_': 1.0, '_a4_': 1.0, '_a7_': 1.0}};{'d0': 0.024905832919416615};-280.569866449044;38.93621114094361
20448;-101.348722083578;(x * (((x + _a5_) * (((_a6_ + x) / _a5_) / _a5_)) + _a3_));{'d0': {'_a3_': 3.9215372798196557, '_a5_': -0.5441891094003996, '_a6_': 1.1680485249959907, '_a0_': 1.0, '_a1_': 1.0, '_a2_': 1.0, '_a4_': 1.0, '_a7_': 1.0}};{'d0': 0.024905832919416615};-280.569866449044;38.93621114094361
20449;-101.348722083578;(x * (((x + _a5_) * (((_a6_ + x) / _a5_) / _a5_)) + _a3_));{'d0': {'_a3_': 3.9215372798196557, '_a5_': -0.5441891094003996, '_a6_': 1.1680485249959907, '_a0_': 1.0, '_a1_': 1.0, '_a2_': 1.0, '_a4_': 1.0, '_a7_': 1.0}};{'d0': 0.024905832919416615};-280.569866449044;38.93621114094361
20450;-101.348722083578;(x * (((x + _a5_) * (((_a6_ + x) / _a5_) / _a5_)) + _a3_));{'d0': {'_a3_': 3.9215372798196557, '_a5_': -0.5441891094003996, '_a6_': 1.1680485249959907, '_a0_': 1.0, '_a1_': 1.0, '_a2_': 1.0, '_a4_': 1.0, '_a7_': 1.0}};{'d0': 0.024905832919416615};-280.569866449044;38.93621114094361
20451;-101.348722083578;(x * (((x + _a5_) * (((_a6_ + x) / _a5_) / _a5_)) + _a3_));{'d0': {'_a3_': 3.9215372798196557, '_a5_': -0.5441891094003996, '_a6_': 1.1680485249959907, '_a0_': 1.0, '_a1_': 1.0, '_a2_': 1.0, '_a4_': 1.0, '_a7_': 1.0}};{'d0': 0.024905832919416615};-280.569866449044;38.93621114094361
20452;-101.348722083578;(x * (((x + _a5_) * (((_a6_ + x) / _a5_) / _a5_)) + _a3_));{'d0': {'_a3_': 3.9215372798196557, '_a5_': -0.5441891094003996, '_a6_': 1.1680485249959907, '_a0_': 1.0, '_a1_': 1.0, '_a2_': 1.0, '_a4_': 1.0, '_a7_': 1.0}};{'d0': 0.024905832919416615};-280.569866449044;38.93621114094361
20453;-101.348722083578;(x * (((x + _a5_) * (((_a6_ + x) / _a5_) / _a5_)) + _a3_));{'d0': {'_a3_': 3.9215372798196557, '_a5_': -0.5441891094003996, '_a6_': 1.1680485249959907, '_a0_': 1.0, '_a1_': 1.0, '_a2_': 1.0, '_a4_': 1.0, '_a7_': 1.0}};{'d0': 0.024905832919416615};-280.569866449044;38.93621114094361
20454;-101.348722083578;(x * (((x + _a5_) * (((_a6_ + x) / _a5_) / _a5_)) + _a3_));{'d0': {'_a3_': 3.9215372798196557, '_a5_': -0.5441891094003996, '_a6_': 1.1680485249959907, '_a0_': 1.0, '_a1_': 1.0, '_a2_': 1.0, '_a4_': 1.0, '_a7_': 1.0}};{'d0': 0.024905832919416615};-280.569866449044;38.93621114094361
20455;-101.348722083578;(x * (((x + _a5_) * (((_a6_ + x) / _a5_) / _a5_)) + _a3_));{'d0': {'_a3_': 3.9215372798196557, '_a5_': -0.5441891094003996, '_a6_': 1.1680485249959907, '_a0_': 1.0, '_a1_': 1.0, '_a2_': 1.0, '_a4_': 1.0, '_a7_': 1.0}};{'d0': 0.024905832919416615};-280.569866449044;38.93621114094361
20456;-101.348722083578;(x * (((x + _a5_) * (((_a6_ + x) / _a5_) / _a5_)) + _a3_));{'d0': {'_a3_': 3.9215372798196557, '_a5_': -0.5441891094003996, '_a6_': 1.1680485249959907, '_a0_': 1.0, '_a1_': 1.0, '_a2_': 1.0, '_a4_': 1.0, '_a7_': 1.0}};{'d0': 0.024905832919416615};-280.569866449044;38.93621114094361
20457;-101.348722083578;(x * (((x + _a5_) * (((_a6_ + x) / _a5_) / _a5_)) + _a3_));{'d0': {'_a3_': 3.9215372798196557, '_a5_': -0.5441891094003996, '_a6_': 1.1680485249959907, '_a0_': 1.0, '_a1_': 1.0, '_a2_': 1.0, '_a4_': 1.0, '_a7_': 1.0}};{'d0': 0.024905832919416615};-280.569866449044;38.93621114094361
20458;-101.348722083578;(x * (((x + _a5_) * (((_a6_ + x) / _a5_) / _a5_)) + _a3_));{'d0': {'_a3_': 3.9215372798196557, '_a5_': -0.5441891094003996, '_a6_': 1.1680485249959907, '_a0_': 1.0, '_a1_': 1.0, '_a2_': 1.0, '_a4_': 1.0, '_a7_': 1.0}};{'d0': 0.024905832919416615};-280.569866449044;38.93621114094361
20459;-101.348722083578;(x * (((x + _a5_) * (((_a6_ + x) / _a5_) / _a5_)) + _a3_));{'d0': {'_a3_': 3.9215372798196557, '_a5_': -0.5441891094003996, '_a6_': 1.1680485249959907, '_a0_': 1.0, '_a1_': 1.0, '_a2_': 1.0, '_a4_': 1.0, '_a7_': 1.0}};{'d0': 0.024905832919416615};-280.569866449044;38.93621114094361
20460;-101.348722083578;(x * (((x + _a5_) * (((_a6_ + x) / _a5_) / _a5_)) + _a3_));{'d0': {'_a3_': 3.9215372798196557, '_a5_': -0.5441891094003996, '_a6_': 1.1680485249959907, '_a0_': 1.0, '_a1_': 1.0, '_a2_': 1.0, '_a4_': 1.0, '_a7_': 1.0}};{'d0': 0.024905832919416615};-280.569866449044;38.93621114094361
20461;-101.348722083578;(x * (((x + _a5_) * (((_a6_ + x) / _a5_) / _a5_)) + _a3_));{'d0': {'_a3_': 3.9215372798196557, '_a5_': -0.5441891094003996, '_a6_': 1.1680485249959907, '_a0_': 1.0, '_a1_': 1.0, '_a2_': 1.0, '_a4_': 1.0, '_a7_': 1.0}};{'d0': 0.024905832919416615};-280.569866449044;38.93621114094361
20462;-101.348722083578;(x * (((x + _a5_) * (((_a6_ + x) / _a5_) / _a5_)) + _a3_));{'d0': {'_a3_': 3.9215372798196557, '_a5_': -0.5441891094003996, '_a6_': 1.1680485249959907, '_a0_': 1.0, '_a1_': 1.0, '_a2_': 1.0, '_a4_': 1.0, '_a7_': 1.0}};{'d0': 0.024905832919416615};-280.569866449044;38.93621114094361
20463;-101.348722083578;(x * (((x + _a5_) * (((_a6_ + x) / _a5_) / _a5_)) + _a3_));{'d0': {'_a3_': 3.9215372798196557, '_a5_': -0.5441891094003996, '_a6_': 1.1680485249959907, '_a0_': 1.0, '_a1_': 1.0, '_a2_': 1.0, '_a4_': 1.0, '_a7_': 1.0}};{'d0': 0.024905832919416615};-280.569866449044;38.93621114094361
20464;-101.348722083578;(x * (((x + _a5_) * (((_a6_ + x) / _a5_) / _a5_)) + _a3_));{'d0': {'_a3_': 3.9215372798196557, '_a5_': -0.5441891094003996, '_a6_': 1.1680485249959907, '_a0_': 1.0, '_a1_': 1.0, '_a2_': 1.0, '_a4_': 1.0, '_a7_': 1.0}};{'d0': 0.024905832919416615};-280.569866449044;38.93621114094361
20465;-101.348722083578;(x * (((x + _a5_) * (((_a6_ + x) / _a5_) / _a5_)) + _a3_));{'d0': {'_a3_': 3.9215372798196557, '_a5_': -0.5441891094003996, '_a6_': 1.1680485249959907, '_a0_': 1.0, '_a1_': 1.0, '_a2_': 1.0, '_a4_': 1.0, '_a7_': 1.0}};{'d0': 0.024905832919416615};-280.569866449044;38.93621114094361
20466;-101.348722083578;(x * (((x + _a5_) * (((_a6_ + x) / _a5_) / _a5_)) + _a3_));{'d0': {'_a3_': 3.9215372798196557, '_a5_': -0.5441891094003996, '_a6_': 1.1680485249959907, '_a0_': 1.0, '_a1_': 1.0, '_a2_': 1.0, '_a4_': 1.0, '_a7_': 1.0}};{'d0': 0.024905832919416615};-280.569866449044;38.93621114094361
20467;-101.348722083578;(x * (((x + _a5_) * (((_a6_ + x) / _a5_) / _a5_)) + _a3_));{'d0': {'_a3_': 3.9215372798196557, '_a5_': -0.5441891094003996, '_a6_': 1.1680485249959907, '_a0_': 1.0, '_a1_': 1.0, '_a2_': 1.0, '_a4_': 1.0, '_a7_': 1.0}};{'d0': 0.024905832919416615};-280.569866449044;38.93621114094361
20468;-101.348722083578;(x * (((x + _a5_) * (((_a6_ + x) / _a5_) / _a5_)) + _a3_));{'d0': {'_a3_': 3.9215372798196557, '_a5_': -0.5441891094003996, '_a6_': 1.1680485249959907, '_a0_': 1.0, '_a1_': 1.0, '_a2_': 1.0, '_a4_': 1.0, '_a7_': 1.0}};{'d0': 0.024905832919416615};-280.569866449044;38.93621114094361
20469;-101.348722083578;(x * (((x + _a5_) * (((_a6_ + x) / _a5_) / _a5_)) + _a3_));{'d0': {'_a3_': 3.9215372798196557, '_a5_': -0.5441891094003996, '_a6_': 1.1680485249959907, '_a0_': 1.0, '_a1_': 1.0, '_a2_': 1.0, '_a4_': 1.0, '_a7_': 1.0}};{'d0': 0.024905832919416615};-280.569866449044;38.93621114094361
20470;-101.348722083578;(x * (((x + _a5_) * (((_a6_ + x) / _a5_) / _a5_)) + _a3_));{'d0': {'_a3_': 3.9215372798196557, '_a5_': -0.5441891094003996, '_a6_': 1.1680485249959907, '_a0_': 1.0, '_a1_': 1.0, '_a2_': 1.0, '_a4_': 1.0, '_a7_': 1.0}};{'d0': 0.024905832919416615};-280.569866449044;38.93621114094361
20471;-101.348722083578;(x * (((x + _a5_) * (((_a6_ + x) / _a5_) / _a5_)) + _a3_));{'d0': {'_a3_': 3.9215372798196557, '_a5_': -0.5441891094003996, '_a6_': 1.1680485249959907, '_a0_': 1.0, '_a1_': 1.0, '_a2_': 1.0, '_a4_': 1.0, '_a7_': 1.0}};{'d0': 0.024905832919416615};-280.569866449044;38.93621114094361
20472;-101.348722083578;(x * (((x + _a5_) * (((_a6_ + x) / _a5_) / _a5_)) + _a3_));{'d0': {'_a3_': 3.9215372798196557, '_a5_': -0.5441891094003996, '_a6_': 1.1680485249959907, '_a0_': 1.0, '_a1_': 1.0, '_a2_': 1.0, '_a4_': 1.0, '_a7_': 1.0}};{'d0': 0.024905832919416615};-280.569866449044;38.93621114094361
20473;-101.348722083578;(x * (((x + _a5_) * (((_a6_ + x) / _a5_) / _a5_)) + _a3_));{'d0': {'_a3_': 3.9215372798196557, '_a5_': -0.5441891094003996, '_a6_': 1.1680485249959907, '_a0_': 1.0, '_a1_': 1.0, '_a2_': 1.0, '_a4_': 1.0, '_a7_': 1.0}};{'d0': 0.024905832919416615};-280.569866449044;38.93621114094361
20474;-101.348722083578;(x * (((x + _a5_) * (((_a6_ + x) / _a5_) / _a5_)) + _a3_));{'d0': {'_a3_': 3.9215372798196557, '_a5_': -0.5441891094003996, '_a6_': 1.1680485249959907, '_a0_': 1.0, '_a1_': 1.0, '_a2_': 1.0, '_a4_': 1.0, '_a7_': 1.0}};{'d0': 0.024905832919416615};-280.569866449044;38.93621114094361
20475;-101.348722083578;(x * (((x + _a5_) * (((_a6_ + x) / _a5_) / _a5_)) + _a3_));{'d0': {'_a3_': 3.9215372798196557, '_a5_': -0.5441891094003996, '_a6_': 1.1680485249959907, '_a0_': 1.0, '_a1_': 1.0, '_a2_': 1.0, '_a4_': 1.0, '_a7_': 1.0}};{'d0': 0.024905832919416615};-280.569866449044;38.93621114094361
20476;-101.348722083578;(x * (((x + _a5_) * (((_a6_ + x) / _a5_) / _a5_)) + _a3_));{'d0': {'_a3_': 3.9215372798196557, '_a5_': -0.5441891094003996, '_a6_': 1.1680485249959907, '_a0_': 1.0, '_a1_': 1.0, '_a2_': 1.0, '_a4_': 1.0, '_a7_': 1.0}};{'d0': 0.024905832919416615};-280.569866449044;38.93621114094361
20477;-101.348722083578;(x * (((x + _a5_) * (((_a6_ + x) / _a5_) / _a5_)) + _a3_));{'d0': {'_a3_': 3.9215372798196557, '_a5_': -0.5441891094003996, '_a6_': 1.1680485249959907, '_a0_': 1.0, '_a1_': 1.0, '_a2_': 1.0, '_a4_': 1.0, '_a7_': 1.0}};{'d0': 0.024905832919416615};-280.569866449044;38.93621114094361
20478;-101.348722083578;(x * (((x + _a5_) * (((_a6_ + x) / _a5_) / _a5_)) + _a3_));{'d0': {'_a3_': 3.9215372798196557, '_a5_': -0.5441891094003996, '_a6_': 1.1680485249959907, '_a0_': 1.0, '_a1_': 1.0, '_a2_': 1.0, '_a4_': 1.0, '_a7_': 1.0}};{'d0': 0.024905832919416615};-280.569866449044;38.93621114094361
20479;-101.348722083578;(x * (((x + _a5_) * (((_a6_ + x) / _a5_) / _a5_)) + _a3_));{'d0': {'_a3_': 3.9215372798196557, '_a5_': -0.5441891094003996, '_a6_': 1.1680485249959907, '_a0_': 1.0, '_a1_': 1.0, '_a2_': 1.0, '_a4_': 1.0, '_a7_': 1.0}};{'d0': 0.024905832919416615};-280.569866449044;38.93621114094361
20480;-101.348722083578;(x * (((x + _a5_) * (((_a6_ + x) / _a5_) / _a5_)) + _a3_));{'d0': {'_a3_': 3.9215372798196557, '_a5_': -0.5441891094003996, '_a6_': 1.1680485249959907, '_a0_': 1.0, '_a1_': 1.0, '_a2_': 1.0, '_a4_': 1.0, '_a7_': 1.0}};{'d0': 0.024905832919416615};-280.569866449044;38.93621114094361
20481;-101.348722083578;(x * (((x + _a5_) * (((_a6_ + x) / _a5_) / _a5_)) + _a3_));{'d0': {'_a3_': 3.9215372798196557, '_a5_': -0.5441891094003996, '_a6_': 1.1680485249959907, '_a0_': 1.0, '_a1_': 1.0, '_a2_': 1.0, '_a4_': 1.0, '_a7_': 1.0}};{'d0': 0.024905832919416615};-280.569866449044;38.93621114094361
20482;-101.348722083578;(x * (((x + _a5_) * (((_a6_ + x) / _a5_) / _a5_)) + _a3_));{'d0': {'_a3_': 3.9215372798196557, '_a5_': -0.5441891094003996, '_a6_': 1.1680485249959907, '_a0_': 1.0, '_a1_': 1.0, '_a2_': 1.0, '_a4_': 1.0, '_a7_': 1.0}};{'d0': 0.024905832919416615};-280.569866449044;38.93621114094361
20483;-101.348722083578;(x * (((x + _a5_) * (((_a6_ + x) / _a5_) / _a5_)) + _a3_));{'d0': {'_a3_': 3.9215372798196557, '_a5_': -0.5441891094003996, '_a6_': 1.1680485249959907, '_a0_': 1.0, '_a1_': 1.0, '_a2_': 1.0, '_a4_': 1.0, '_a7_': 1.0}};{'d0': 0.024905832919416615};-280.569866449044;38.93621114094361
20484;-101.348722083578;(x * (((x + _a5_) * (((_a6_ + x) / _a5_) / _a5_)) + _a3_));{'d0': {'_a3_': 3.9215372798196557, '_a5_': -0.5441891094003996, '_a6_': 1.1680485249959907, '_a0_': 1.0, '_a1_': 1.0, '_a2_': 1.0, '_a4_': 1.0, '_a7_': 1.0}};{'d0': 0.024905832919416615};-280.569866449044;38.93621114094361
20485;-101.348722083578;(x * (((x + _a5_) * (((_a6_ + x) / _a5_) / _a5_)) + _a3_));{'d0': {'_a3_': 3.9215372798196557, '_a5_': -0.5441891094003996, '_a6_': 1.1680485249959907, '_a0_': 1.0, '_a1_': 1.0, '_a2_': 1.0, '_a4_': 1.0, '_a7_': 1.0}};{'d0': 0.024905832919416615};-280.569866449044;38.93621114094361
20486;-101.348722083578;(x * (((x + _a5_) * (((_a6_ + x) / _a5_) / _a5_)) + _a3_));{'d0': {'_a3_': 3.9215372798196557, '_a5_': -0.5441891094003996, '_a6_': 1.1680485249959907, '_a0_': 1.0, '_a1_': 1.0, '_a2_': 1.0, '_a4_': 1.0, '_a7_': 1.0}};{'d0': 0.024905832919416615};-280.569866449044;38.93621114094361
20487;-101.348722083578;(x * (((x + _a5_) * (((_a6_ + x) / _a5_) / _a5_)) + _a3_));{'d0': {'_a3_': 3.9215372798196557, '_a5_': -0.5441891094003996, '_a6_': 1.1680485249959907, '_a0_': 1.0, '_a1_': 1.0, '_a2_': 1.0, '_a4_': 1.0, '_a7_': 1.0}};{'d0': 0.024905832919416615};-280.569866449044;38.93621114094361
20488;-101.348722083578;(x * (((x + _a5_) * (((_a6_ + x) / _a5_) / _a5_)) + _a3_));{'d0': {'_a3_': 3.9215372798196557, '_a5_': -0.5441891094003996, '_a6_': 1.1680485249959907, '_a0_': 1.0, '_a1_': 1.0, '_a2_': 1.0, '_a4_': 1.0, '_a7_': 1.0}};{'d0': 0.024905832919416615};-280.569866449044;38.93621114094361
20489;-101.348722083578;(x * (((x + _a5_) * (((_a6_ + x) / _a5_) / _a5_)) + _a3_));{'d0': {'_a3_': 3.9215372798196557, '_a5_': -0.5441891094003996, '_a6_': 1.1680485249959907, '_a0_': 1.0, '_a1_': 1.0, '_a2_': 1.0, '_a4_': 1.0, '_a7_': 1.0}};{'d0': 0.024905832919416615};-280.569866449044;38.93621114094361
20490;-101.348722083578;(x * (((x + _a5_) * (((_a6_ + x) / _a5_) / _a5_)) + _a3_));{'d0': {'_a3_': 3.9215372798196557, '_a5_': -0.5441891094003996, '_a6_': 1.1680485249959907, '_a0_': 1.0, '_a1_': 1.0, '_a2_': 1.0, '_a4_': 1.0, '_a7_': 1.0}};{'d0': 0.024905832919416615};-280.569866449044;38.93621114094361
20491;-101.348722083578;(x * (((x + _a5_) * (((_a6_ + x) / _a5_) / _a5_)) + _a3_));{'d0': {'_a3_': 3.9215372798196557, '_a5_': -0.5441891094003996, '_a6_': 1.1680485249959907, '_a0_': 1.0, '_a1_': 1.0, '_a2_': 1.0, '_a4_': 1.0, '_a7_': 1.0}};{'d0': 0.024905832919416615};-280.569866449044;38.93621114094361
20492;-101.348722083578;(x * (((x + _a5_) * (((_a6_ + x) / _a5_) / _a5_)) + _a3_));{'d0': {'_a3_': 3.9215372798196557, '_a5_': -0.5441891094003996, '_a6_': 1.1680485249959907, '_a0_': 1.0, '_a1_': 1.0, '_a2_': 1.0, '_a4_': 1.0, '_a7_': 1.0}};{'d0': 0.024905832919416615};-280.569866449044;38.93621114094361
20493;-101.348722083578;(x * (((x + _a5_) * (((_a6_ + x) / _a5_) / _a5_)) + _a3_));{'d0': {'_a3_': 3.9215372798196557, '_a5_': -0.5441891094003996, '_a6_': 1.1680485249959907, '_a0_': 1.0, '_a1_': 1.0, '_a2_': 1.0, '_a4_': 1.0, '_a7_': 1.0}};{'d0': 0.024905832919416615};-280.569866449044;38.93621114094361
20494;-101.348722083578;(x * (((x + _a5_) * (((_a6_ + x) / _a5_) / _a5_)) + _a3_));{'d0': {'_a3_': 3.9215372798196557, '_a5_': -0.5441891094003996, '_a6_': 1.1680485249959907, '_a0_': 1.0, '_a1_': 1.0, '_a2_': 1.0, '_a4_': 1.0, '_a7_': 1.0}};{'d0': 0.024905832919416615};-280.569866449044;38.93621114094361
20495;-101.348722083578;(x * (((x + _a5_) * (((_a6_ + x) / _a5_) / _a5_)) + _a3_));{'d0': {'_a3_': 3.9215372798196557, '_a5_': -0.5441891094003996, '_a6_': 1.1680485249959907, '_a0_': 1.0, '_a1_': 1.0, '_a2_': 1.0, '_a4_': 1.0, '_a7_': 1.0}};{'d0': 0.024905832919416615};-280.569866449044;38.93621114094361
20496;-101.348722083578;(x * (((x + _a5_) * (((_a6_ + x) / _a5_) / _a5_)) + _a3_));{'d0': {'_a3_': 3.9215372798196557, '_a5_': -0.5441891094003996, '_a6_': 1.1680485249959907, '_a0_': 1.0, '_a1_': 1.0, '_a2_': 1.0, '_a4_': 1.0, '_a7_': 1.0}};{'d0': 0.024905832919416615};-280.569866449044;38.93621114094361
20497;-101.348722083578;(x * (((x + _a5_) * (((_a6_ + x) / _a5_) / _a5_)) + _a3_));{'d0': {'_a3_': 3.9215372798196557, '_a5_': -0.5441891094003996, '_a6_': 1.1680485249959907, '_a0_': 1.0, '_a1_': 1.0, '_a2_': 1.0, '_a4_': 1.0, '_a7_': 1.0}};{'d0': 0.024905832919416615};-280.569866449044;38.93621114094361
20498;-101.348722083578;(x * (((x + _a5_) * (((_a6_ + x) / _a5_) / _a5_)) + _a3_));{'d0': {'_a3_': 3.9215372798196557, '_a5_': -0.5441891094003996, '_a6_': 1.1680485249959907, '_a0_': 1.0, '_a1_': 1.0, '_a2_': 1.0, '_a4_': 1.0, '_a7_': 1.0}};{'d0': 0.024905832919416615};-280.569866449044;38.93621114094361
20499;-101.348722083578;(x * (((x + _a5_) * (((_a6_ + x) / _a5_) / _a5_)) + _a3_));{'d0': {'_a3_': 3.9215372798196557, '_a5_': -0.5441891094003996, '_a6_': 1.1680485249959907, '_a0_': 1.0, '_a1_': 1.0, '_a2_': 1.0, '_a4_': 1.0, '_a7_': 1.0}};{'d0': 0.024905832919416615};-280.569866449044;38.93621114094361
20500;-101.348722083578;(x * (((x + _a5_) * (((_a6_ + x) / _a5_) / _a5_)) + _a3_));{'d0': {'_a3_': 3.9215372798196557, '_a5_': -0.5441891094003996, '_a6_': 1.1680485249959907, '_a0_': 1.0, '_a1_': 1.0, '_a2_': 1.0, '_a4_': 1.0, '_a7_': 1.0}};{'d0': 0.024905832919416615};-280.569866449044;38.93621114094361
20501;-101.348722083578;(x * (((x + _a5_) * (((_a6_ + x) / _a5_) / _a5_)) + _a3_));{'d0': {'_a3_': 3.9215372798196557, '_a5_': -0.5441891094003996, '_a6_': 1.1680485249959907, '_a0_': 1.0, '_a1_': 1.0, '_a2_': 1.0, '_a4_': 1.0, '_a7_': 1.0}};{'d0': 0.024905832919416615};-280.569866449044;38.93621114094361
20502;-101.348722083578;(x * (((x + _a5_) * (((_a6_ + x) / _a5_) / _a5_)) + _a3_));{'d0': {'_a3_': 3.9215372798196557, '_a5_': -0.5441891094003996, '_a6_': 1.1680485249959907, '_a0_': 1.0, '_a1_': 1.0, '_a2_': 1.0, '_a4_': 1.0, '_a7_': 1.0}};{'d0': 0.024905832919416615};-280.569866449044;38.93621114094361
20503;-101.348722083578;(x * (((x + _a5_) * (((_a6_ + x) / _a5_) / _a5_)) + _a3_));{'d0': {'_a3_': 3.9215372798196557, '_a5_': -0.5441891094003996, '_a6_': 1.1680485249959907, '_a0_': 1.0, '_a1_': 1.0, '_a2_': 1.0, '_a4_': 1.0, '_a7_': 1.0}};{'d0': 0.024905832919416615};-280.569866449044;38.93621114094361
20504;-101.348722083578;(x * (((x + _a5_) * (((_a6_ + x) / _a5_) / _a5_)) + _a3_));{'d0': {'_a3_': 3.9215372798196557, '_a5_': -0.5441891094003996, '_a6_': 1.1680485249959907, '_a0_': 1.0, '_a1_': 1.0, '_a2_': 1.0, '_a4_': 1.0, '_a7_': 1.0}};{'d0': 0.024905832919416615};-280.569866449044;38.93621114094361
20505;-101.348722083578;(x * (((x + _a5_) * (((_a6_ + x) / _a5_) / _a5_)) + _a3_));{'d0': {'_a3_': 3.9215372798196557, '_a5_': -0.5441891094003996, '_a6_': 1.1680485249959907, '_a0_': 1.0, '_a1_': 1.0, '_a2_': 1.0, '_a4_': 1.0, '_a7_': 1.0}};{'d0': 0.024905832919416615};-280.569866449044;38.93621114094361
20506;-101.348722083578;(x * (((x + _a5_) * (((_a6_ + x) / _a5_) / _a5_)) + _a3_));{'d0': {'_a3_': 3.9215372798196557, '_a5_': -0.5441891094003996, '_a6_': 1.1680485249959907, '_a0_': 1.0, '_a1_': 1.0, '_a2_': 1.0, '_a4_': 1.0, '_a7_': 1.0}};{'d0': 0.024905832919416615};-280.569866449044;38.93621114094361
20507;-101.348722083578;(x * (((x + _a5_) * (((_a6_ + x) / _a5_) / _a5_)) + _a3_));{'d0': {'_a3_': 3.9215372798196557, '_a5_': -0.5441891094003996, '_a6_': 1.1680485249959907, '_a0_': 1.0, '_a1_': 1.0, '_a2_': 1.0, '_a4_': 1.0, '_a7_': 1.0}};{'d0': 0.024905832919416615};-280.569866449044;38.93621114094361
20508;-101.348722083578;(x * (((x + _a5_) * (((_a6_ + x) / _a5_) / _a5_)) + _a3_));{'d0': {'_a3_': 3.9215372798196557, '_a5_': -0.5441891094003996, '_a6_': 1.1680485249959907, '_a0_': 1.0, '_a1_': 1.0, '_a2_': 1.0, '_a4_': 1.0, '_a7_': 1.0}};{'d0': 0.024905832919416615};-280.569866449044;38.93621114094361
20509;-101.348722083578;(x * (((x + _a5_) * (((_a6_ + x) / _a5_) / _a5_)) + _a3_));{'d0': {'_a3_': 3.9215372798196557, '_a5_': -0.5441891094003996, '_a6_': 1.1680485249959907, '_a0_': 1.0, '_a1_': 1.0, '_a2_': 1.0, '_a4_': 1.0, '_a7_': 1.0}};{'d0': 0.024905832919416615};-280.569866449044;38.93621114094361
20510;-101.348722083578;(x * (((x + _a5_) * (((_a6_ + x) / _a5_) / _a5_)) + _a3_));{'d0': {'_a3_': 3.9215372798196557, '_a5_': -0.5441891094003996, '_a6_': 1.1680485249959907, '_a0_': 1.0, '_a1_': 1.0, '_a2_': 1.0, '_a4_': 1.0, '_a7_': 1.0}};{'d0': 0.024905832919416615};-280.569866449044;38.93621114094361
20511;-101.348722083578;(x * (((x + _a5_) * (((_a6_ + x) / _a5_) / _a5_)) + _a3_));{'d0': {'_a3_': 3.9215372798196557, '_a5_': -0.5441891094003996, '_a6_': 1.1680485249959907, '_a0_': 1.0, '_a1_': 1.0, '_a2_': 1.0, '_a4_': 1.0, '_a7_': 1.0}};{'d0': 0.024905832919416615};-280.569866449044;38.93621114094361
20512;-101.348722083578;(x * (((x + _a5_) * (((_a6_ + x) / _a5_) / _a5_)) + _a3_));{'d0': {'_a3_': 3.9215372798196557, '_a5_': -0.5441891094003996, '_a6_': 1.1680485249959907, '_a0_': 1.0, '_a1_': 1.0, '_a2_': 1.0, '_a4_': 1.0, '_a7_': 1.0}};{'d0': 0.024905832919416615};-280.569866449044;38.93621114094361
20513;-101.348722083578;(x * (((x + _a5_) * (((_a6_ + x) / _a5_) / _a5_)) + _a3_));{'d0': {'_a3_': 3.9215372798196557, '_a5_': -0.5441891094003996, '_a6_': 1.1680485249959907, '_a0_': 1.0, '_a1_': 1.0, '_a2_': 1.0, '_a4_': 1.0, '_a7_': 1.0}};{'d0': 0.024905832919416615};-280.569866449044;38.93621114094361
20514;-101.348722083578;(x * (((x + _a5_) * (((_a6_ + x) / _a5_) / _a5_)) + _a3_));{'d0': {'_a3_': 3.9215372798196557, '_a5_': -0.5441891094003996, '_a6_': 1.1680485249959907, '_a0_': 1.0, '_a1_': 1.0, '_a2_': 1.0, '_a4_': 1.0, '_a7_': 1.0}};{'d0': 0.024905832919416615};-280.569866449044;38.93621114094361
20515;-101.348722083578;(x * (((x + _a5_) * (((_a6_ + x) / _a5_) / _a5_)) + _a3_));{'d0': {'_a3_': 3.9215372798196557, '_a5_': -0.5441891094003996, '_a6_': 1.1680485249959907, '_a0_': 1.0, '_a1_': 1.0, '_a2_': 1.0, '_a4_': 1.0, '_a7_': 1.0}};{'d0': 0.024905832919416615};-280.569866449044;38.93621114094361
20516;-101.348722083578;(x * (((x + _a5_) * (((_a6_ + x) / _a5_) / _a5_)) + _a3_));{'d0': {'_a3_': 3.9215372798196557, '_a5_': -0.5441891094003996, '_a6_': 1.1680485249959907, '_a0_': 1.0, '_a1_': 1.0, '_a2_': 1.0, '_a4_': 1.0, '_a7_': 1.0}};{'d0': 0.024905832919416615};-280.569866449044;38.93621114094361
20517;-101.348722083578;(x * (((x + _a5_) * (((_a6_ + x) / _a5_) / _a5_)) + _a3_));{'d0': {'_a3_': 3.9215372798196557, '_a5_': -0.5441891094003996, '_a6_': 1.1680485249959907, '_a0_': 1.0, '_a1_': 1.0, '_a2_': 1.0, '_a4_': 1.0, '_a7_': 1.0}};{'d0': 0.024905832919416615};-280.569866449044;38.93621114094361
20518;-101.348722083578;(x * (((x + _a5_) * (((_a6_ + x) / _a5_) / _a5_)) + _a3_));{'d0': {'_a3_': 3.9215372798196557, '_a5_': -0.5441891094003996, '_a6_': 1.1680485249959907, '_a0_': 1.0, '_a1_': 1.0, '_a2_': 1.0, '_a4_': 1.0, '_a7_': 1.0}};{'d0': 0.024905832919416615};-280.569866449044;38.93621114094361
20519;-101.348722083578;(x * (((x + _a5_) * (((_a6_ + x) / _a5_) / _a5_)) + _a3_));{'d0': {'_a3_': 3.9215372798196557, '_a5_': -0.5441891094003996, '_a6_': 1.1680485249959907, '_a0_': 1.0, '_a1_': 1.0, '_a2_': 1.0, '_a4_': 1.0, '_a7_': 1.0}};{'d0': 0.024905832919416615};-280.569866449044;38.93621114094361
20520;-101.348722083578;(x * (((x + _a5_) * (((_a6_ + x) / _a5_) / _a5_)) + _a3_));{'d0': {'_a3_': 3.9215372798196557, '_a5_': -0.5441891094003996, '_a6_': 1.1680485249959907, '_a0_': 1.0, '_a1_': 1.0, '_a2_': 1.0, '_a4_': 1.0, '_a7_': 1.0}};{'d0': 0.024905832919416615};-280.569866449044;38.93621114094361
20521;-101.348722083578;(x * (((x + _a5_) * (((_a6_ + x) / _a5_) / _a5_)) + _a3_));{'d0': {'_a3_': 3.9215372798196557, '_a5_': -0.5441891094003996, '_a6_': 1.1680485249959907, '_a0_': 1.0, '_a1_': 1.0, '_a2_': 1.0, '_a4_': 1.0, '_a7_': 1.0}};{'d0': 0.024905832919416615};-280.569866449044;38.93621114094361
20522;-101.348722083578;(x * (((x + _a5_) * (((_a6_ + x) / _a5_) / _a5_)) + _a3_));{'d0': {'_a3_': 3.9215372798196557, '_a5_': -0.5441891094003996, '_a6_': 1.1680485249959907, '_a0_': 1.0, '_a1_': 1.0, '_a2_': 1.0, '_a4_': 1.0, '_a7_': 1.0}};{'d0': 0.024905832919416615};-280.569866449044;38.93621114094361
20523;-101.348722083578;(x * (((x + _a5_) * (((_a6_ + x) / _a5_) / _a5_)) + _a3_));{'d0': {'_a3_': 3.9215372798196557, '_a5_': -0.5441891094003996, '_a6_': 1.1680485249959907, '_a0_': 1.0, '_a1_': 1.0, '_a2_': 1.0, '_a4_': 1.0, '_a7_': 1.0}};{'d0': 0.024905832919416615};-280.569866449044;38.93621114094361
20524;-101.348722083578;(x * (((x + _a5_) * (((_a6_ + x) / _a5_) / _a5_)) + _a3_));{'d0': {'_a3_': 3.9215372798196557, '_a5_': -0.5441891094003996, '_a6_': 1.1680485249959907, '_a0_': 1.0, '_a1_': 1.0, '_a2_': 1.0, '_a4_': 1.0, '_a7_': 1.0}};{'d0': 0.024905832919416615};-280.569866449044;38.93621114094361
20525;-97.5351166224417;((_a4_ + (((x / (_a1_ * pow2(_a4_))) * (_a6_ + x)) * _a5_)) * x);{'d0': {'_a1_': 397321224.63624674, '_a4_': 1.7751354025629615, '_a5_': 4227708560.649498, '_a6_': 0.6238594149583232, '_a0_': 1.0, '_a2_': 1.0, '_a3_': 1.0, '_a7_': 1.0}};{'d0': 0.024905832919417035};-276.475521886821;40.70264432096839
20526;-97.5351166224417;((_a4_ + (((x / (_a1_ * pow2(_a4_))) * (_a6_ + x)) * _a5_)) * x);{'d0': {'_a1_': 397321224.63624674, '_a4_': 1.7751354025629615, '_a5_': 4227708560.649498, '_a6_': 0.6238594149583232, '_a0_': 1.0, '_a2_': 1.0, '_a3_': 1.0, '_a7_': 1.0}};{'d0': 0.024905832919417035};-276.475521886821;40.70264432096839
20527;-97.5351166224417;((_a4_ + (((x / (_a1_ * pow2(_a4_))) * (_a6_ + x)) * _a5_)) * x);{'d0': {'_a1_': 397321224.63624674, '_a4_': 1.7751354025629615, '_a5_': 4227708560.649498, '_a6_': 0.6238594149583232, '_a0_': 1.0, '_a2_': 1.0, '_a3_': 1.0, '_a7_': 1.0}};{'d0': 0.024905832919417035};-276.475521886821;40.70264432096839
20528;-97.5351166224417;((_a4_ + (((x / (_a1_ * pow2(_a4_))) * (_a6_ + x)) * _a5_)) * x);{'d0': {'_a1_': 397321224.63624674, '_a4_': 1.7751354025629615, '_a5_': 4227708560.649498, '_a6_': 0.6238594149583232, '_a0_': 1.0, '_a2_': 1.0, '_a3_': 1.0, '_a7_': 1.0}};{'d0': 0.024905832919417035};-276.475521886821;40.70264432096839
20529;-97.5351166224417;((_a4_ + (((x / (_a1_ * pow2(_a4_))) * (_a6_ + x)) * _a5_)) * x);{'d0': {'_a1_': 397321224.63624674, '_a4_': 1.7751354025629615, '_a5_': 4227708560.649498, '_a6_': 0.6238594149583232, '_a0_': 1.0, '_a2_': 1.0, '_a3_': 1.0, '_a7_': 1.0}};{'d0': 0.024905832919417035};-276.475521886821;40.70264432096839
20530;-97.5351166224417;((_a4_ + (((x / (_a1_ * pow2(_a4_))) * (_a6_ + x)) * _a5_)) * x);{'d0': {'_a1_': 397321224.63624674, '_a4_': 1.7751354025629615, '_a5_': 4227708560.649498, '_a6_': 0.6238594149583232, '_a0_': 1.0, '_a2_': 1.0, '_a3_': 1.0, '_a7_': 1.0}};{'d0': 0.024905832919417035};-276.475521886821;40.70264432096839
20531;-97.5351166224417;((_a4_ + (((x / (_a1_ * pow2(_a4_))) * (_a6_ + x)) * _a5_)) * x);{'d0': {'_a1_': 397321224.63624674, '_a4_': 1.7751354025629615, '_a5_': 4227708560.649498, '_a6_': 0.6238594149583232, '_a0_': 1.0, '_a2_': 1.0, '_a3_': 1.0, '_a7_': 1.0}};{'d0': 0.024905832919417035};-276.475521886821;40.70264432096839
20532;-97.5351166224417;((_a4_ + (((x / (_a1_ * pow2(_a4_))) * (_a6_ + x)) * _a5_)) * x);{'d0': {'_a1_': 397321224.63624674, '_a4_': 1.7751354025629615, '_a5_': 4227708560.649498, '_a6_': 0.6238594149583232, '_a0_': 1.0, '_a2_': 1.0, '_a3_': 1.0, '_a7_': 1.0}};{'d0': 0.024905832919417035};-276.475521886821;40.70264432096839
20533;-101.348722083578;(x * (((x + _a5_) * (((_a6_ + x) / _a5_) / _a5_)) + _a3_));{'d0': {'_a3_': 3.9215372798196557, '_a5_': -0.5441891094003996, '_a6_': 1.1680485249959907, '_a0_': 1.0, '_a1_': 1.0, '_a2_': 1.0, '_a4_': 1.0, '_a7_': 1.0}};{'d0': 0.024905832919416615};-280.569866449044;38.93621114094361
20534;-101.348722083578;(x * (((x + _a5_) * (((_a6_ + x) / _a5_) / _a5_)) + _a3_));{'d0': {'_a3_': 3.9215372798196557, '_a5_': -0.5441891094003996, '_a6_': 1.1680485249959907, '_a0_': 1.0, '_a1_': 1.0, '_a2_': 1.0, '_a4_': 1.0, '_a7_': 1.0}};{'d0': 0.024905832919416615};-280.569866449044;38.93621114094361
20535;-101.348722083578;(x * (((x + _a5_) * (((_a6_ + x) / _a5_) / _a5_)) + _a3_));{'d0': {'_a3_': 3.9215372798196557, '_a5_': -0.5441891094003996, '_a6_': 1.1680485249959907, '_a0_': 1.0, '_a1_': 1.0, '_a2_': 1.0, '_a4_': 1.0, '_a7_': 1.0}};{'d0': 0.024905832919416615};-280.569866449044;38.93621114094361
20536;-101.348722083578;(x * (((x + _a5_) * (((_a6_ + x) / _a5_) / _a5_)) + _a3_));{'d0': {'_a3_': 3.9215372798196557, '_a5_': -0.5441891094003996, '_a6_': 1.1680485249959907, '_a0_': 1.0, '_a1_': 1.0, '_a2_': 1.0, '_a4_': 1.0, '_a7_': 1.0}};{'d0': 0.024905832919416615};-280.569866449044;38.93621114094361
20537;-101.348722083578;(x * (((x + _a5_) * (((_a6_ + x) / _a5_) / _a5_)) + _a3_));{'d0': {'_a3_': 3.9215372798196557, '_a5_': -0.5441891094003996, '_a6_': 1.1680485249959907, '_a0_': 1.0, '_a1_': 1.0, '_a2_': 1.0, '_a4_': 1.0, '_a7_': 1.0}};{'d0': 0.024905832919416615};-280.569866449044;38.93621114094361
20538;-101.348722083578;(x * (((x + _a5_) * (((_a6_ + x) / _a5_) / _a5_)) + _a3_));{'d0': {'_a3_': 3.9215372798196557, '_a5_': -0.5441891094003996, '_a6_': 1.1680485249959907, '_a0_': 1.0, '_a1_': 1.0, '_a2_': 1.0, '_a4_': 1.0, '_a7_': 1.0}};{'d0': 0.024905832919416615};-280.569866449044;38.93621114094361
20539;-101.348722083578;(x * (((x + _a5_) * (((_a6_ + x) / _a5_) / _a5_)) + _a3_));{'d0': {'_a3_': 3.9215372798196557, '_a5_': -0.5441891094003996, '_a6_': 1.1680485249959907, '_a0_': 1.0, '_a1_': 1.0, '_a2_': 1.0, '_a4_': 1.0, '_a7_': 1.0}};{'d0': 0.024905832919416615};-280.569866449044;38.93621114094361
20540;-101.348722083578;(x * (((x + _a5_) * (((_a6_ + x) / _a5_) / _a5_)) + _a3_));{'d0': {'_a3_': 3.9215372798196557, '_a5_': -0.5441891094003996, '_a6_': 1.1680485249959907, '_a0_': 1.0, '_a1_': 1.0, '_a2_': 1.0, '_a4_': 1.0, '_a7_': 1.0}};{'d0': 0.024905832919416615};-280.569866449044;38.93621114094361
20541;-101.348722083578;(x * (((x + _a5_) * (((_a6_ + x) / _a5_) / _a5_)) + _a3_));{'d0': {'_a3_': 3.9215372798196557, '_a5_': -0.5441891094003996, '_a6_': 1.1680485249959907, '_a0_': 1.0, '_a1_': 1.0, '_a2_': 1.0, '_a4_': 1.0, '_a7_': 1.0}};{'d0': 0.024905832919416615};-280.569866449044;38.93621114094361
20542;-101.348722083578;(x * (((x + _a5_) * (((_a6_ + x) / _a5_) / _a5_)) + _a3_));{'d0': {'_a3_': 3.9215372798196557, '_a5_': -0.5441891094003996, '_a6_': 1.1680485249959907, '_a0_': 1.0, '_a1_': 1.0, '_a2_': 1.0, '_a4_': 1.0, '_a7_': 1.0}};{'d0': 0.024905832919416615};-280.569866449044;38.93621114094361
20543;-101.348722083578;(x * (((x + _a5_) * (((_a6_ + x) / _a5_) / _a5_)) + _a3_));{'d0': {'_a3_': 3.9215372798196557, '_a5_': -0.5441891094003996, '_a6_': 1.1680485249959907, '_a0_': 1.0, '_a1_': 1.0, '_a2_': 1.0, '_a4_': 1.0, '_a7_': 1.0}};{'d0': 0.024905832919416615};-280.569866449044;38.93621114094361
20544;-101.348722083578;(x * (((x + _a5_) * (((_a6_ + x) / _a5_) / _a5_)) + _a3_));{'d0': {'_a3_': 3.9215372798196557, '_a5_': -0.5441891094003996, '_a6_': 1.1680485249959907, '_a0_': 1.0, '_a1_': 1.0, '_a2_': 1.0, '_a4_': 1.0, '_a7_': 1.0}};{'d0': 0.024905832919416615};-280.569866449044;38.93621114094361
20545;-101.348722083578;(x * (((x + _a5_) * (((_a6_ + x) / _a5_) / _a5_)) + _a3_));{'d0': {'_a3_': 3.9215372798196557, '_a5_': -0.5441891094003996, '_a6_': 1.1680485249959907, '_a0_': 1.0, '_a1_': 1.0, '_a2_': 1.0, '_a4_': 1.0, '_a7_': 1.0}};{'d0': 0.024905832919416615};-280.569866449044;38.93621114094361
20546;-101.348722083578;(x * (((x + _a5_) * (((_a6_ + x) / _a5_) / _a5_)) + _a3_));{'d0': {'_a3_': 3.9215372798196557, '_a5_': -0.5441891094003996, '_a6_': 1.1680485249959907, '_a0_': 1.0, '_a1_': 1.0, '_a2_': 1.0, '_a4_': 1.0, '_a7_': 1.0}};{'d0': 0.024905832919416615};-280.569866449044;38.93621114094361
20547;-101.348722083578;(x * (((x + _a5_) * (((_a6_ + x) / _a5_) / _a5_)) + _a3_));{'d0': {'_a3_': 3.9215372798196557, '_a5_': -0.5441891094003996, '_a6_': 1.1680485249959907, '_a0_': 1.0, '_a1_': 1.0, '_a2_': 1.0, '_a4_': 1.0, '_a7_': 1.0}};{'d0': 0.024905832919416615};-280.569866449044;38.93621114094361
20548;-101.348722083578;(x * (((x + _a5_) * (((_a6_ + x) / _a5_) / _a5_)) + _a3_));{'d0': {'_a3_': 3.9215372798196557, '_a5_': -0.5441891094003996, '_a6_': 1.1680485249959907, '_a0_': 1.0, '_a1_': 1.0, '_a2_': 1.0, '_a4_': 1.0, '_a7_': 1.0}};{'d0': 0.024905832919416615};-280.569866449044;38.93621114094361
20549;-101.348722083578;(x * (((x + _a5_) * (((_a6_ + x) / _a5_) / _a5_)) + _a3_));{'d0': {'_a3_': 3.9215372798196557, '_a5_': -0.5441891094003996, '_a6_': 1.1680485249959907, '_a0_': 1.0, '_a1_': 1.0, '_a2_': 1.0, '_a4_': 1.0, '_a7_': 1.0}};{'d0': 0.024905832919416615};-280.569866449044;38.93621114094361
20550;-101.348722083578;(x * (((x + _a5_) * (((_a6_ + x) / _a5_) / _a5_)) + _a3_));{'d0': {'_a3_': 3.9215372798196557, '_a5_': -0.5441891094003996, '_a6_': 1.1680485249959907, '_a0_': 1.0, '_a1_': 1.0, '_a2_': 1.0, '_a4_': 1.0, '_a7_': 1.0}};{'d0': 0.024905832919416615};-280.569866449044;38.93621114094361
20551;-101.348722083578;(x * (((x + _a5_) * (((_a6_ + x) / _a5_) / _a5_)) + _a3_));{'d0': {'_a3_': 3.9215372798196557, '_a5_': -0.5441891094003996, '_a6_': 1.1680485249959907, '_a0_': 1.0, '_a1_': 1.0, '_a2_': 1.0, '_a4_': 1.0, '_a7_': 1.0}};{'d0': 0.024905832919416615};-280.569866449044;38.93621114094361
20552;-101.348722083578;(x * (((x + _a5_) * (((_a6_ + x) / _a5_) / _a5_)) + _a3_));{'d0': {'_a3_': 3.9215372798196557, '_a5_': -0.5441891094003996, '_a6_': 1.1680485249959907, '_a0_': 1.0, '_a1_': 1.0, '_a2_': 1.0, '_a4_': 1.0, '_a7_': 1.0}};{'d0': 0.024905832919416615};-280.569866449044;38.93621114094361
20553;-105.382580669956;(_a1_ * ((x * pow2(((_a3_ * _a1_) * (x + _a7_)))) + x));{'d0': {'_a1_': 1.446576087839831, '_a3_': -1.0561807098841203, '_a7_': 0.3119297076396775, '_a0_': 1.0, '_a2_': 1.0, '_a4_': 1.0, '_a5_': 1.0, '_a6_': 1.0}};{'d0': 0.02490583291941659};-280.569866449044;34.902352554566
20554;-105.382580669956;(_a1_ * ((x * pow2(((_a3_ * _a1_) * (x + _a7_)))) + x));{'d0': {'_a1_': 1.446576087839831, '_a3_': -1.0561807098841203, '_a7_': 0.3119297076396775, '_a0_': 1.0, '_a2_': 1.0, '_a4_': 1.0, '_a5_': 1.0, '_a6_': 1.0}};{'d0': 0.02490583291941659};-280.569866449044;34.902352554566
20555;-105.382580669956;(_a1_ * ((x * pow2(((_a3_ * _a1_) * (x + _a7_)))) + x));{'d0': {'_a1_': 1.446576087839831, '_a3_': -1.0561807098841203, '_a7_': 0.3119297076396775, '_a0_': 1.0, '_a2_': 1.0, '_a4_': 1.0, '_a5_': 1.0, '_a6_': 1.0}};{'d0': 0.02490583291941659};-280.569866449044;34.902352554566
20556;-105.382580669956;(_a1_ * ((x * pow2(((_a3_ * _a1_) * (x + _a7_)))) + x));{'d0': {'_a1_': 1.446576087839831, '_a3_': -1.0561807098841203, '_a7_': 0.3119297076396775, '_a0_': 1.0, '_a2_': 1.0, '_a4_': 1.0, '_a5_': 1.0, '_a6_': 1.0}};{'d0': 0.02490583291941659};-280.569866449044;34.902352554566
20557;-105.382580669956;(_a1_ * ((x * pow2(((_a3_ * _a1_) * (x + _a7_)))) + x));{'d0': {'_a1_': 1.446576087839831, '_a3_': -1.0561807098841203, '_a7_': 0.3119297076396775, '_a0_': 1.0, '_a2_': 1.0, '_a4_': 1.0, '_a5_': 1.0, '_a6_': 1.0}};{'d0': 0.02490583291941659};-280.569866449044;34.902352554566
20558;-105.382580669956;(_a1_ * ((x * pow2(((_a3_ * _a1_) * (x + _a7_)))) + x));{'d0': {'_a1_': 1.446576087839831, '_a3_': -1.0561807098841203, '_a7_': 0.3119297076396775, '_a0_': 1.0, '_a2_': 1.0, '_a4_': 1.0, '_a5_': 1.0, '_a6_': 1.0}};{'d0': 0.02490583291941659};-280.569866449044;34.902352554566
20559;-105.382580669956;(_a1_ * ((x * pow2(((_a3_ * _a1_) * (x + _a7_)))) + x));{'d0': {'_a1_': 1.446576087839831, '_a3_': -1.0561807098841203, '_a7_': 0.3119297076396775, '_a0_': 1.0, '_a2_': 1.0, '_a4_': 1.0, '_a5_': 1.0, '_a6_': 1.0}};{'d0': 0.02490583291941659};-280.569866449044;34.902352554566
20560;-105.382580669956;(_a1_ * ((x * pow2(((_a3_ * _a1_) * (x + _a7_)))) + x));{'d0': {'_a1_': 1.446576087839831, '_a3_': -1.0561807098841203, '_a7_': 0.3119297076396775, '_a0_': 1.0, '_a2_': 1.0, '_a4_': 1.0, '_a5_': 1.0, '_a6_': 1.0}};{'d0': 0.02490583291941659};-280.569866449044;34.902352554566
20561;-105.382580669956;(_a1_ * ((x * pow2(((_a3_ * _a1_) * (x + _a7_)))) + x));{'d0': {'_a1_': 1.446576087839831, '_a3_': -1.0561807098841203, '_a7_': 0.3119297076396775, '_a0_': 1.0, '_a2_': 1.0, '_a4_': 1.0, '_a5_': 1.0, '_a6_': 1.0}};{'d0': 0.02490583291941659};-280.569866449044;34.902352554566
20562;-105.382580669956;(_a1_ * ((x * pow2(((_a3_ * _a1_) * (x + _a7_)))) + x));{'d0': {'_a1_': 1.446576087839831, '_a3_': -1.0561807098841203, '_a7_': 0.3119297076396775, '_a0_': 1.0, '_a2_': 1.0, '_a4_': 1.0, '_a5_': 1.0, '_a6_': 1.0}};{'d0': 0.02490583291941659};-280.569866449044;34.902352554566
20563;-105.382580669956;(_a1_ * ((x * pow2(((_a3_ * _a1_) * (x + _a7_)))) + x));{'d0': {'_a1_': 1.446576087839831, '_a3_': -1.0561807098841203, '_a7_': 0.3119297076396775, '_a0_': 1.0, '_a2_': 1.0, '_a4_': 1.0, '_a5_': 1.0, '_a6_': 1.0}};{'d0': 0.02490583291941659};-280.569866449044;34.902352554566
20564;-105.382580669956;(_a1_ * ((x * pow2(((_a3_ * _a1_) * (x + _a7_)))) + x));{'d0': {'_a1_': 1.446576087839831, '_a3_': -1.0561807098841203, '_a7_': 0.3119297076396775, '_a0_': 1.0, '_a2_': 1.0, '_a4_': 1.0, '_a5_': 1.0, '_a6_': 1.0}};{'d0': 0.02490583291941659};-280.569866449044;34.902352554566
20565;-105.382580669956;(_a1_ * ((x * pow2(((_a3_ * _a1_) * (x + _a7_)))) + x));{'d0': {'_a1_': 1.446576087839831, '_a3_': -1.0561807098841203, '_a7_': 0.3119297076396775, '_a0_': 1.0, '_a2_': 1.0, '_a4_': 1.0, '_a5_': 1.0, '_a6_': 1.0}};{'d0': 0.02490583291941659};-280.569866449044;34.902352554566
20566;-105.382580669956;(_a1_ * ((x * pow2(((_a3_ * _a1_) * (x + _a7_)))) + x));{'d0': {'_a1_': 1.446576087839831, '_a3_': -1.0561807098841203, '_a7_': 0.3119297076396775, '_a0_': 1.0, '_a2_': 1.0, '_a4_': 1.0, '_a5_': 1.0, '_a6_': 1.0}};{'d0': 0.02490583291941659};-280.569866449044;34.902352554566
20567;-105.382580669956;(_a1_ * ((x * pow2(((_a3_ * _a1_) * (x + _a7_)))) + x));{'d0': {'_a1_': 1.446576087839831, '_a3_': -1.0561807098841203, '_a7_': 0.3119297076396775, '_a0_': 1.0, '_a2_': 1.0, '_a4_': 1.0, '_a5_': 1.0, '_a6_': 1.0}};{'d0': 0.02490583291941659};-280.569866449044;34.902352554566
20568;-105.382580669956;(_a1_ * ((x * pow2(((_a3_ * _a1_) * (x + _a7_)))) + x));{'d0': {'_a1_': 1.446576087839831, '_a3_': -1.0561807098841203, '_a7_': 0.3119297076396775, '_a0_': 1.0, '_a2_': 1.0, '_a4_': 1.0, '_a5_': 1.0, '_a6_': 1.0}};{'d0': 0.02490583291941659};-280.569866449044;34.902352554566
20569;-105.382580669956;(_a1_ * ((x * pow2(((_a3_ * _a1_) * (x + _a7_)))) + x));{'d0': {'_a1_': 1.446576087839831, '_a3_': -1.0561807098841203, '_a7_': 0.3119297076396775, '_a0_': 1.0, '_a2_': 1.0, '_a4_': 1.0, '_a5_': 1.0, '_a6_': 1.0}};{'d0': 0.02490583291941659};-280.569866449044;34.902352554566
20570;-105.382580669956;(_a1_ * ((x * pow2(((_a3_ * _a1_) * (x + _a7_)))) + x));{'d0': {'_a1_': 1.446576087839831, '_a3_': -1.0561807098841203, '_a7_': 0.3119297076396775, '_a0_': 1.0, '_a2_': 1.0, '_a4_': 1.0, '_a5_': 1.0, '_a6_': 1.0}};{'d0': 0.02490583291941659};-280.569866449044;34.902352554566
20571;-105.382580669956;(_a1_ * ((x * pow2(((_a3_ * _a1_) * (x + _a7_)))) + x));{'d0': {'_a1_': 1.446576087839831, '_a3_': -1.0561807098841203, '_a7_': 0.3119297076396775, '_a0_': 1.0, '_a2_': 1.0, '_a4_': 1.0, '_a5_': 1.0, '_a6_': 1.0}};{'d0': 0.02490583291941659};-280.569866449044;34.902352554566
20572;-105.382580669956;(_a1_ * ((x * pow2(((_a3_ * _a1_) * (x + _a7_)))) + x));{'d0': {'_a1_': 1.446576087839831, '_a3_': -1.0561807098841203, '_a7_': 0.3119297076396775, '_a0_': 1.0, '_a2_': 1.0, '_a4_': 1.0, '_a5_': 1.0, '_a6_': 1.0}};{'d0': 0.02490583291941659};-280.569866449044;34.902352554566
20573;-105.382580669956;(_a1_ * ((x * pow2(((_a3_ * _a1_) * (x + _a7_)))) + x));{'d0': {'_a1_': 1.446576087839831, '_a3_': -1.0561807098841203, '_a7_': 0.3119297076396775, '_a0_': 1.0, '_a2_': 1.0, '_a4_': 1.0, '_a5_': 1.0, '_a6_': 1.0}};{'d0': 0.02490583291941659};-280.569866449044;34.902352554566
20574;-105.382580669956;(_a1_ * ((x * pow2(((_a3_ * _a1_) * (x + _a7_)))) + x));{'d0': {'_a1_': 1.446576087839831, '_a3_': -1.0561807098841203, '_a7_': 0.3119297076396775, '_a0_': 1.0, '_a2_': 1.0, '_a4_': 1.0, '_a5_': 1.0, '_a6_': 1.0}};{'d0': 0.02490583291941659};-280.569866449044;34.902352554566
20575;-105.382580669956;(_a1_ * ((x * pow2(((_a3_ * _a1_) * (x + _a7_)))) + x));{'d0': {'_a1_': 1.446576087839831, '_a3_': -1.0561807098841203, '_a7_': 0.3119297076396775, '_a0_': 1.0, '_a2_': 1.0, '_a4_': 1.0, '_a5_': 1.0, '_a6_': 1.0}};{'d0': 0.02490583291941659};-280.569866449044;34.902352554566
20576;-105.382580669956;(_a1_ * ((x * pow2(((_a3_ * _a1_) * (x + _a7_)))) + x));{'d0': {'_a1_': 1.446576087839831, '_a3_': -1.0561807098841203, '_a7_': 0.3119297076396775, '_a0_': 1.0, '_a2_': 1.0, '_a4_': 1.0, '_a5_': 1.0, '_a6_': 1.0}};{'d0': 0.02490583291941659};-280.569866449044;34.902352554566
20577;-104.972588565303;(_a1_ * ((x * pow2((log(_a4_) * (x + _a7_)))) + x));{'d0': {'_a1_': 1.4465760893371127, '_a4_': 4.608238859410434, '_a7_': 0.31192970784421215, '_a0_': 1.0, '_a2_': 1.0, '_a3_': 1.0, '_a5_': 1.0, '_a6_': 1.0}};{'d0': 0.024905832919416608};-280.569866449044;35.312344659219
20578;-104.972588565303;(_a1_ * ((x * pow2((log(_a4_) * (x + _a7_)))) + x));{'d0': {'_a1_': 1.4465760893371127, '_a4_': 4.608238859410434, '_a7_': 0.31192970784421215, '_a0_': 1.0, '_a2_': 1.0, '_a3_': 1.0, '_a5_': 1.0, '_a6_': 1.0}};{'d0': 0.024905832919416608};-280.569866449044;35.312344659219
20579;-99.6065204306427;(_a1_ * ((x * pow2((log(exp(_a5_)) * (x + _a7_)))) + x));{'d0': {'_a1_': 1.4465760888937538, '_a5_': 1.5278457583025917, '_a7_': 0.31192970775215223, '_a0_': 1.0, '_a2_': 1.0, '_a3_': 1.0, '_a4_': 1.0, '_a6_': 1.0}};{'d0': 0.024905832919416653};-280.569866449044;40.678412793879
20580;-99.6065204306427;(_a1_ * ((x * pow2((log(exp(_a5_)) * (x + _a7_)))) + x));{'d0': {'_a1_': 1.4465760888937538, '_a5_': 1.5278457583025917, '_a7_': 0.31192970775215223, '_a0_': 1.0, '_a2_': 1.0, '_a3_': 1.0, '_a4_': 1.0, '_a6_': 1.0}};{'d0': 0.024905832919416653};-280.569866449044;40.678412793879
20581;-99.6065204306427;(_a1_ * ((x * pow2((log(exp(_a5_)) * (x + _a7_)))) + x));{'d0': {'_a1_': 1.4465760888937538, '_a5_': 1.5278457583025917, '_a7_': 0.31192970775215223, '_a0_': 1.0, '_a2_': 1.0, '_a3_': 1.0, '_a4_': 1.0, '_a6_': 1.0}};{'d0': 0.024905832919416653};-280.569866449044;40.678412793879
20582;-99.6065204306427;(_a1_ * ((x * pow2((log(exp(_a5_)) * (x + _a7_)))) + x));{'d0': {'_a1_': 1.4465760888937538, '_a5_': 1.5278457583025917, '_a7_': 0.31192970775215223, '_a0_': 1.0, '_a2_': 1.0, '_a3_': 1.0, '_a4_': 1.0, '_a6_': 1.0}};{'d0': 0.024905832919416653};-280.569866449044;40.678412793879
20583;-88.4390590325416;(((x + (_a0_ / _a2_)) * (x * _a7_)) + -(pow3((x / -((_a0_ * _a7_))))));{'d0': {'_a0_': 0.3164070772383947, '_a2_': 0.3754929132316799, '_a7_': 2.106624068461218, '_a1_': 1.0, '_a3_': 1.0, '_a4_': 1.0, '_a5_': 1.0, '_a6_': 1.0}};{'d0': 0.024905832919416643};-280.569866449044;51.845874191980144
20584;-88.3556807916589;(((x + (_a0_ + _a2_)) * (x * _a7_)) + -(pow3((x / -((_a0_ * _a7_))))));{'d0': {'_a0_': 0.316407077466898, '_a2_': 0.5262375273071576, '_a7_': 2.1066240673022705, '_a1_': 1.0, '_a3_': 1.0, '_a4_': 1.0, '_a5_': 1.0, '_a6_': 1.0}};{'d0': 0.02490583291941662};-280.569866449044;51.929252432862945
20585;-88.3556807916589;(((x + (_a0_ + _a2_)) * (x * _a7_)) + -(pow3((x / -((_a0_ * _a7_))))));{'d0': {'_a0_': 0.316407077466898, '_a2_': 0.5262375273071576, '_a7_': 2.1066240673022705, '_a1_': 1.0, '_a3_': 1.0, '_a4_': 1.0, '_a5_': 1.0, '_a6_': 1.0}};{'d0': 0.02490583291941662};-280.569866449044;51.929252432862945
20586;-88.3556807916588;(((x + (_a0_ + _a2_)) * (x * _a0_)) + -(pow3((x / -((_a0_ * _a7_))))));{'d0': {'_a0_': 2.10662406845538, '_a2_': -1.2639794643152553, '_a7_': 0.3164070772369151, '_a1_': 1.0, '_a3_': 1.0, '_a4_': 1.0, '_a5_': 1.0, '_a6_': 1.0}};{'d0': 0.02490583291941665};-280.569866449044;51.929252432862945
20587;-88.3556807916588;(((x + (_a0_ + _a2_)) * (x * _a0_)) + -(pow3((x / -((_a0_ * _a7_))))));{'d0': {'_a0_': 2.10662406845538, '_a2_': -1.2639794643152553, '_a7_': 0.3164070772369151, '_a1_': 1.0, '_a3_': 1.0, '_a4_': 1.0, '_a5_': 1.0, '_a6_': 1.0}};{'d0': 0.02490583291941665};-280.569866449044;51.929252432862945
20588;-88.3556807916588;(((x + (_a0_ + _a2_)) * (x * _a0_)) + -(pow3((x / -((_a0_ * _a7_))))));{'d0': {'_a0_': 2.10662406845538, '_a2_': -1.2639794643152553, '_a7_': 0.3164070772369151, '_a1_': 1.0, '_a3_': 1.0, '_a4_': 1.0, '_a5_': 1.0, '_a6_': 1.0}};{'d0': 0.02490583291941665};-280.569866449044;51.929252432862945
20589;-88.3556807916588;(((x + (_a0_ + _a2_)) * (x * _a0_)) + -(pow3((x / -((_a0_ * _a7_))))));{'d0': {'_a0_': 2.10662406845538, '_a2_': -1.2639794643152553, '_a7_': 0.3164070772369151, '_a1_': 1.0, '_a3_': 1.0, '_a4_': 1.0, '_a5_': 1.0, '_a6_': 1.0}};{'d0': 0.02490583291941665};-280.569866449044;51.929252432862945
20590;-88.3556807916588;(((x + (_a0_ + _a2_)) * (x * _a0_)) + -(pow3((x / -((_a0_ * _a7_))))));{'d0': {'_a0_': 2.10662406845538, '_a2_': -1.2639794643152553, '_a7_': 0.3164070772369151, '_a1_': 1.0, '_a3_': 1.0, '_a4_': 1.0, '_a5_': 1.0, '_a6_': 1.0}};{'d0': 0.02490583291941665};-280.569866449044;51.929252432862945
20591;-88.3556807916588;(((x + (_a0_ + _a2_)) * (x * _a0_)) + -(pow3((x / -((_a0_ * _a7_))))));{'d0': {'_a0_': 2.10662406845538, '_a2_': -1.2639794643152553, '_a7_': 0.3164070772369151, '_a1_': 1.0, '_a3_': 1.0, '_a4_': 1.0, '_a5_': 1.0, '_a6_': 1.0}};{'d0': 0.02490583291941665};-280.569866449044;51.929252432862945
20592;-88.3556807916588;(((x + (_a0_ + _a2_)) * (x * _a0_)) + -(pow3((x / -((_a0_ * _a7_))))));{'d0': {'_a0_': 2.10662406845538, '_a2_': -1.2639794643152553, '_a7_': 0.3164070772369151, '_a1_': 1.0, '_a3_': 1.0, '_a4_': 1.0, '_a5_': 1.0, '_a6_': 1.0}};{'d0': 0.02490583291941665};-280.569866449044;51.929252432862945
20593;-88.3556807916588;(((x + (_a0_ + _a2_)) * (x * _a0_)) + -(pow3((x / -((_a0_ * _a7_))))));{'d0': {'_a0_': 2.10662406845538, '_a2_': -1.2639794643152553, '_a7_': 0.3164070772369151, '_a1_': 1.0, '_a3_': 1.0, '_a4_': 1.0, '_a5_': 1.0, '_a6_': 1.0}};{'d0': 0.02490583291941665};-280.569866449044;51.929252432862945
20594;-88.3556807916588;(((x + (_a0_ + _a2_)) * (x * _a0_)) + -(pow3((x / -((_a0_ * _a7_))))));{'d0': {'_a0_': 2.10662406845538, '_a2_': -1.2639794643152553, '_a7_': 0.3164070772369151, '_a1_': 1.0, '_a3_': 1.0, '_a4_': 1.0, '_a5_': 1.0, '_a6_': 1.0}};{'d0': 0.02490583291941665};-280.569866449044;51.929252432862945
20595;-88.3556807916588;(((x + (_a0_ + _a2_)) * (x * _a0_)) + -(pow3((x / -((_a0_ * _a7_))))));{'d0': {'_a0_': 2.10662406845538, '_a2_': -1.2639794643152553, '_a7_': 0.3164070772369151, '_a1_': 1.0, '_a3_': 1.0, '_a4_': 1.0, '_a5_': 1.0, '_a6_': 1.0}};{'d0': 0.02490583291941665};-280.569866449044;51.929252432862945
20596;-88.3556807916588;(((x + (_a0_ + _a2_)) * (x * _a0_)) + -(pow3((x / -((_a0_ * _a7_))))));{'d0': {'_a0_': 2.10662406845538, '_a2_': -1.2639794643152553, '_a7_': 0.3164070772369151, '_a1_': 1.0, '_a3_': 1.0, '_a4_': 1.0, '_a5_': 1.0, '_a6_': 1.0}};{'d0': 0.02490583291941665};-280.569866449044;51.929252432862945
20597;-94.2762818406888;(((x + _a5_) * (x * _a0_)) + -(pow3((x / -((_a0_ * _a7_))))));{'d0': {'_a0_': 2.106624069135984, '_a5_': 0.8426446033817415, '_a7_': 0.31640707705751014, '_a1_': 1.0, '_a2_': 1.0, '_a3_': 1.0, '_a4_': 1.0, '_a6_': 1.0}};{'d0': 0.024905832919416657};-280.569866449044;46.00865138383295
20598;-99.1532644798238;(((x + _a5_) * (x * _a0_)) + -(pow3((x / -(_a6_)))));{'d0': {'_a0_': 2.106624068750707, '_a5_': 0.8426446039660428, '_a6_': 0.6665507643046873, '_a1_': 1.0, '_a2_': 1.0, '_a3_': 1.0, '_a4_': 1.0, '_a7_': 1.0}};{'d0': 0.024905832919416653};-280.569866449044;41.13166874469795
20599;-99.1532644798238;(((x + _a5_) * (x * _a0_)) + -(pow3((x / -(_a6_)))));{'d0': {'_a0_': 2.106624068750707, '_a5_': 0.8426446039660428, '_a6_': 0.6665507643046873, '_a1_': 1.0, '_a2_': 1.0, '_a3_': 1.0, '_a4_': 1.0, '_a7_': 1.0}};{'d0': 0.024905832919416653};-280.569866449044;41.13166874469795
20600;-99.1532644798238;(((x + _a5_) * (x * _a0_)) + -(pow3((x / -(_a6_)))));{'d0': {'_a0_': 2.106624068750707, '_a5_': 0.8426446039660428, '_a6_': 0.6665507643046873, '_a1_': 1.0, '_a2_': 1.0, '_a3_': 1.0, '_a4_': 1.0, '_a7_': 1.0}};{'d0': 0.024905832919416653};-280.569866449044;41.13166874469795
20601;-99.1532644798238;(((x + _a5_) * (x * _a0_)) + -(pow3((x / -(_a6_)))));{'d0': {'_a0_': 2.106624068750707, '_a5_': 0.8426446039660428, '_a6_': 0.6665507643046873, '_a1_': 1.0, '_a2_': 1.0, '_a3_': 1.0, '_a4_': 1.0, '_a7_': 1.0}};{'d0': 0.024905832919416653};-280.569866449044;41.13166874469795
20602;-99.1532644798238;(((x + _a5_) * (x * _a0_)) + -(pow3((x / -(_a6_)))));{'d0': {'_a0_': 2.106624068750707, '_a5_': 0.8426446039660428, '_a6_': 0.6665507643046873, '_a1_': 1.0, '_a2_': 1.0, '_a3_': 1.0, '_a4_': 1.0, '_a7_': 1.0}};{'d0': 0.024905832919416653};-280.569866449044;41.13166874469795
20603;-99.1532644798238;(((x + _a5_) * (x * _a0_)) + -(pow3((x / -(_a6_)))));{'d0': {'_a0_': 2.106624068750707, '_a5_': 0.8426446039660428, '_a6_': 0.6665507643046873, '_a1_': 1.0, '_a2_': 1.0, '_a3_': 1.0, '_a4_': 1.0, '_a7_': 1.0}};{'d0': 0.024905832919416653};-280.569866449044;41.13166874469795
20604;-99.1532644798238;(((x + _a5_) * (x * _a0_)) + -(pow3((x / -(_a6_)))));{'d0': {'_a0_': 2.106624068750707, '_a5_': 0.8426446039660428, '_a6_': 0.6665507643046873, '_a1_': 1.0, '_a2_': 1.0, '_a3_': 1.0, '_a4_': 1.0, '_a7_': 1.0}};{'d0': 0.024905832919416653};-280.569866449044;41.13166874469795
20605;-99.1532644798238;(((x + _a5_) * (x * _a0_)) + -(pow3((x / -(_a6_)))));{'d0': {'_a0_': 2.106624068750707, '_a5_': 0.8426446039660428, '_a6_': 0.6665507643046873, '_a1_': 1.0, '_a2_': 1.0, '_a3_': 1.0, '_a4_': 1.0, '_a7_': 1.0}};{'d0': 0.024905832919416653};-280.569866449044;41.13166874469795
20606;-99.1532644798238;(((x + _a5_) * (x * _a0_)) + -(pow3((x / -(_a6_)))));{'d0': {'_a0_': 2.106624068750707, '_a5_': 0.8426446039660428, '_a6_': 0.6665507643046873, '_a1_': 1.0, '_a2_': 1.0, '_a3_': 1.0, '_a4_': 1.0, '_a7_': 1.0}};{'d0': 0.024905832919416653};-280.569866449044;41.13166874469795
20607;-99.1532644798238;(((x + _a5_) * (x * _a0_)) + -(pow3((x / -(_a6_)))));{'d0': {'_a0_': 2.106624068750707, '_a5_': 0.8426446039660428, '_a6_': 0.6665507643046873, '_a1_': 1.0, '_a2_': 1.0, '_a3_': 1.0, '_a4_': 1.0, '_a7_': 1.0}};{'d0': 0.024905832919416653};-280.569866449044;41.13166874469795
20608;-99.1532644798238;(((x + _a5_) * (x * _a0_)) + -(pow3((x / -(_a6_)))));{'d0': {'_a0_': 2.106624068750707, '_a5_': 0.8426446039660428, '_a6_': 0.6665507643046873, '_a1_': 1.0, '_a2_': 1.0, '_a3_': 1.0, '_a4_': 1.0, '_a7_': 1.0}};{'d0': 0.024905832919416653};-280.569866449044;41.13166874469795
20609;-99.1532644798238;(((x + _a5_) * (x * _a0_)) + -(pow3((x / -(_a6_)))));{'d0': {'_a0_': 2.106624068750707, '_a5_': 0.8426446039660428, '_a6_': 0.6665507643046873, '_a1_': 1.0, '_a2_': 1.0, '_a3_': 1.0, '_a4_': 1.0, '_a7_': 1.0}};{'d0': 0.024905832919416653};-280.569866449044;41.13166874469795
20610;-99.1532644798238;(((x + _a5_) * (x * _a0_)) + -(pow3((x / -(_a6_)))));{'d0': {'_a0_': 2.106624068750707, '_a5_': 0.8426446039660428, '_a6_': 0.6665507643046873, '_a1_': 1.0, '_a2_': 1.0, '_a3_': 1.0, '_a4_': 1.0, '_a7_': 1.0}};{'d0': 0.024905832919416653};-280.569866449044;41.13166874469795
20611;-99.1532644798238;(((x + _a5_) * (x * _a0_)) + -(pow3((x / -(_a6_)))));{'d0': {'_a0_': 2.106624068750707, '_a5_': 0.8426446039660428, '_a6_': 0.6665507643046873, '_a1_': 1.0, '_a2_': 1.0, '_a3_': 1.0, '_a4_': 1.0, '_a7_': 1.0}};{'d0': 0.024905832919416653};-280.569866449044;41.13166874469795
20612;-99.1532644798238;(((x + _a5_) * (x * _a0_)) + -(pow3((x / -(_a6_)))));{'d0': {'_a0_': 2.106624068750707, '_a5_': 0.8426446039660428, '_a6_': 0.6665507643046873, '_a1_': 1.0, '_a2_': 1.0, '_a3_': 1.0, '_a4_': 1.0, '_a7_': 1.0}};{'d0': 0.024905832919416653};-280.569866449044;41.13166874469795
20613;-99.1532644798238;(((x + _a5_) * (x * _a0_)) + -(pow3((x / -(_a6_)))));{'d0': {'_a0_': 2.106624068750707, '_a5_': 0.8426446039660428, '_a6_': 0.6665507643046873, '_a1_': 1.0, '_a2_': 1.0, '_a3_': 1.0, '_a4_': 1.0, '_a7_': 1.0}};{'d0': 0.024905832919416653};-280.569866449044;41.13166874469795
20614;-99.1532644798238;(((x + _a5_) * (x * _a0_)) + -(pow3((x / -(_a6_)))));{'d0': {'_a0_': 2.106624068750707, '_a5_': 0.8426446039660428, '_a6_': 0.6665507643046873, '_a1_': 1.0, '_a2_': 1.0, '_a3_': 1.0, '_a4_': 1.0, '_a7_': 1.0}};{'d0': 0.024905832919416653};-280.569866449044;41.13166874469795
20615;-99.1532644798238;(((x + _a5_) * (x * _a0_)) + -(pow3((x / -(_a6_)))));{'d0': {'_a0_': 2.106624068750707, '_a5_': 0.8426446039660428, '_a6_': 0.6665507643046873, '_a1_': 1.0, '_a2_': 1.0, '_a3_': 1.0, '_a4_': 1.0, '_a7_': 1.0}};{'d0': 0.024905832919416653};-280.569866449044;41.13166874469795
20616;-99.1532644798238;(((x + _a5_) * (x * _a0_)) + -(pow3((x / -(_a6_)))));{'d0': {'_a0_': 2.106624068750707, '_a5_': 0.8426446039660428, '_a6_': 0.6665507643046873, '_a1_': 1.0, '_a2_': 1.0, '_a3_': 1.0, '_a4_': 1.0, '_a7_': 1.0}};{'d0': 0.024905832919416653};-280.569866449044;41.13166874469795
20617;-99.1532644798238;(((x + _a5_) * (x * _a0_)) + -(pow3((x / -(_a6_)))));{'d0': {'_a0_': 2.106624068750707, '_a5_': 0.8426446039660428, '_a6_': 0.6665507643046873, '_a1_': 1.0, '_a2_': 1.0, '_a3_': 1.0, '_a4_': 1.0, '_a7_': 1.0}};{'d0': 0.024905832919416653};-280.569866449044;41.13166874469795
20618;-99.1532644798238;(((x + _a5_) * (x * _a0_)) + -(pow3((x / -(_a6_)))));{'d0': {'_a0_': 2.106624068750707, '_a5_': 0.8426446039660428, '_a6_': 0.6665507643046873, '_a1_': 1.0, '_a2_': 1.0, '_a3_': 1.0, '_a4_': 1.0, '_a7_': 1.0}};{'d0': 0.024905832919416653};-280.569866449044;41.13166874469795
20619;-99.1532644798238;(((x + _a5_) * (x * _a0_)) + -(pow3((x / -(_a6_)))));{'d0': {'_a0_': 2.106624068750707, '_a5_': 0.8426446039660428, '_a6_': 0.6665507643046873, '_a1_': 1.0, '_a2_': 1.0, '_a3_': 1.0, '_a4_': 1.0, '_a7_': 1.0}};{'d0': 0.024905832919416653};-280.569866449044;41.13166874469795
20620;-99.1532644798238;(((x + _a5_) * (x * _a0_)) + -(pow3((x / -(_a6_)))));{'d0': {'_a0_': 2.106624068750707, '_a5_': 0.8426446039660428, '_a6_': 0.6665507643046873, '_a1_': 1.0, '_a2_': 1.0, '_a3_': 1.0, '_a4_': 1.0, '_a7_': 1.0}};{'d0': 0.024905832919416653};-280.569866449044;41.13166874469795
20621;-99.1532644798238;(((x + _a5_) * (x * _a0_)) + -(pow3((x / -(_a6_)))));{'d0': {'_a0_': 2.106624068750707, '_a5_': 0.8426446039660428, '_a6_': 0.6665507643046873, '_a1_': 1.0, '_a2_': 1.0, '_a3_': 1.0, '_a4_': 1.0, '_a7_': 1.0}};{'d0': 0.024905832919416653};-280.569866449044;41.13166874469795
20622;-99.1532644798238;(((x + _a5_) * (x * _a0_)) + -(pow3((x / -(_a6_)))));{'d0': {'_a0_': 2.106624068750707, '_a5_': 0.8426446039660428, '_a6_': 0.6665507643046873, '_a1_': 1.0, '_a2_': 1.0, '_a3_': 1.0, '_a4_': 1.0, '_a7_': 1.0}};{'d0': 0.024905832919416653};-280.569866449044;41.13166874469795
20623;-99.1532644798238;(((x + _a5_) * (x * _a0_)) + -(pow3((x / -(_a6_)))));{'d0': {'_a0_': 2.106624068750707, '_a5_': 0.8426446039660428, '_a6_': 0.6665507643046873, '_a1_': 1.0, '_a2_': 1.0, '_a3_': 1.0, '_a4_': 1.0, '_a7_': 1.0}};{'d0': 0.024905832919416653};-280.569866449044;41.13166874469795
20624;-99.1532644798238;(((x + _a5_) * (x * _a0_)) + -(pow3((x / -(_a6_)))));{'d0': {'_a0_': 2.106624068750707, '_a5_': 0.8426446039660428, '_a6_': 0.6665507643046873, '_a1_': 1.0, '_a2_': 1.0, '_a3_': 1.0, '_a4_': 1.0, '_a7_': 1.0}};{'d0': 0.024905832919416653};-280.569866449044;41.13166874469795
20625;-99.1532644798238;(((x + _a5_) * (x * _a0_)) + -(pow3((x / -(_a6_)))));{'d0': {'_a0_': 2.106624068750707, '_a5_': 0.8426446039660428, '_a6_': 0.6665507643046873, '_a1_': 1.0, '_a2_': 1.0, '_a3_': 1.0, '_a4_': 1.0, '_a7_': 1.0}};{'d0': 0.024905832919416653};-280.569866449044;41.13166874469795
20626;-99.1532644798238;(((x + _a5_) * (x * _a0_)) + -(pow3((x / -(_a6_)))));{'d0': {'_a0_': 2.106624068750707, '_a5_': 0.8426446039660428, '_a6_': 0.6665507643046873, '_a1_': 1.0, '_a2_': 1.0, '_a3_': 1.0, '_a4_': 1.0, '_a7_': 1.0}};{'d0': 0.024905832919416653};-280.569866449044;41.13166874469795
20627;-99.1532644798238;(((x + _a5_) * (x * _a0_)) + -(pow3((x / -(_a6_)))));{'d0': {'_a0_': 2.106624068750707, '_a5_': 0.8426446039660428, '_a6_': 0.6665507643046873, '_a1_': 1.0, '_a2_': 1.0, '_a3_': 1.0, '_a4_': 1.0, '_a7_': 1.0}};{'d0': 0.024905832919416653};-280.569866449044;41.13166874469795
20628;-99.1532644798238;(((x + _a5_) * (x * _a0_)) + -(pow3((x / -(_a6_)))));{'d0': {'_a0_': 2.106624068750707, '_a5_': 0.8426446039660428, '_a6_': 0.6665507643046873, '_a1_': 1.0, '_a2_': 1.0, '_a3_': 1.0, '_a4_': 1.0, '_a7_': 1.0}};{'d0': 0.024905832919416653};-280.569866449044;41.13166874469795
20629;-99.1532644798238;(((x + _a5_) * (x * _a0_)) + -(pow3((x / -(_a6_)))));{'d0': {'_a0_': 2.106624068750707, '_a5_': 0.8426446039660428, '_a6_': 0.6665507643046873, '_a1_': 1.0, '_a2_': 1.0, '_a3_': 1.0, '_a4_': 1.0, '_a7_': 1.0}};{'d0': 0.024905832919416653};-280.569866449044;41.13166874469795
20630;-99.1532644798238;(((x + _a5_) * (x * _a0_)) + -(pow3((x / -(_a6_)))));{'d0': {'_a0_': 2.106624068750707, '_a5_': 0.8426446039660428, '_a6_': 0.6665507643046873, '_a1_': 1.0, '_a2_': 1.0, '_a3_': 1.0, '_a4_': 1.0, '_a7_': 1.0}};{'d0': 0.024905832919416653};-280.569866449044;41.13166874469795
20631;-99.1532644798238;(((x + _a5_) * (x * _a0_)) + -(pow3((x / -(_a6_)))));{'d0': {'_a0_': 2.106624068750707, '_a5_': 0.8426446039660428, '_a6_': 0.6665507643046873, '_a1_': 1.0, '_a2_': 1.0, '_a3_': 1.0, '_a4_': 1.0, '_a7_': 1.0}};{'d0': 0.024905832919416653};-280.569866449044;41.13166874469795
20632;-99.1532644798238;(((x + _a5_) * (x * _a0_)) + -(pow3((x / -(_a6_)))));{'d0': {'_a0_': 2.106624068750707, '_a5_': 0.8426446039660428, '_a6_': 0.6665507643046873, '_a1_': 1.0, '_a2_': 1.0, '_a3_': 1.0, '_a4_': 1.0, '_a7_': 1.0}};{'d0': 0.024905832919416653};-280.569866449044;41.13166874469795
20633;-99.1532644798238;(((x + _a5_) * (x * _a0_)) + -(pow3((x / -(_a6_)))));{'d0': {'_a0_': 2.106624068750707, '_a5_': 0.8426446039660428, '_a6_': 0.6665507643046873, '_a1_': 1.0, '_a2_': 1.0, '_a3_': 1.0, '_a4_': 1.0, '_a7_': 1.0}};{'d0': 0.024905832919416653};-280.569866449044;41.13166874469795
20634;-99.1532644798238;(((x + _a5_) * (x * _a0_)) + -(pow3((x / -(_a6_)))));{'d0': {'_a0_': 2.106624068750707, '_a5_': 0.8426446039660428, '_a6_': 0.6665507643046873, '_a1_': 1.0, '_a2_': 1.0, '_a3_': 1.0, '_a4_': 1.0, '_a7_': 1.0}};{'d0': 0.024905832919416653};-280.569866449044;41.13166874469795
20635;-99.1532644798238;(((x + _a5_) * (x * _a0_)) + -(pow3((x / -(_a6_)))));{'d0': {'_a0_': 2.106624068750707, '_a5_': 0.8426446039660428, '_a6_': 0.6665507643046873, '_a1_': 1.0, '_a2_': 1.0, '_a3_': 1.0, '_a4_': 1.0, '_a7_': 1.0}};{'d0': 0.024905832919416653};-280.569866449044;41.13166874469795
20636;-99.1532644798238;(((x + _a5_) * (x * _a0_)) + -(pow3((x / -(_a6_)))));{'d0': {'_a0_': 2.106624068750707, '_a5_': 0.8426446039660428, '_a6_': 0.6665507643046873, '_a1_': 1.0, '_a2_': 1.0, '_a3_': 1.0, '_a4_': 1.0, '_a7_': 1.0}};{'d0': 0.024905832919416653};-280.569866449044;41.13166874469795
20637;-99.1722967989003;(_a1_ * ((x * pow2((log((_a2_ / _a7_)) * (x + _a7_)))) + x));{'d0': {'_a1_': 1.4465760892631983, '_a2_': 1.4374466003647777, '_a7_': 0.3119297077458835, '_a0_': 1.0, '_a3_': 1.0, '_a4_': 1.0, '_a5_': 1.0, '_a6_': 1.0}};{'d0': 0.024905832919416643};-280.569866449044;41.112636425621396
20638;-99.1722967989003;(_a1_ * ((x * pow2((log((_a2_ / _a7_)) * (x + _a7_)))) + x));{'d0': {'_a1_': 1.4465760892631983, '_a2_': 1.4374466003647777, '_a7_': 0.3119297077458835, '_a0_': 1.0, '_a3_': 1.0, '_a4_': 1.0, '_a5_': 1.0, '_a6_': 1.0}};{'d0': 0.024905832919416643};-280.569866449044;41.112636425621396
20639;-99.1722967989003;(_a1_ * ((x * pow2((log((_a2_ / _a7_)) * (x + _a7_)))) + x));{'d0': {'_a1_': 1.4465760892631983, '_a2_': 1.4374466003647777, '_a7_': 0.3119297077458835, '_a0_': 1.0, '_a3_': 1.0, '_a4_': 1.0, '_a5_': 1.0, '_a6_': 1.0}};{'d0': 0.024905832919416643};-280.569866449044;41.112636425621396
20640;-99.1722967989003;(_a1_ * ((x * pow2((log((_a2_ / _a7_)) * (x + _a7_)))) + x));{'d0': {'_a1_': 1.4465760892631983, '_a2_': 1.4374466003647777, '_a7_': 0.3119297077458835, '_a0_': 1.0, '_a3_': 1.0, '_a4_': 1.0, '_a5_': 1.0, '_a6_': 1.0}};{'d0': 0.024905832919416643};-280.569866449044;41.112636425621396
20641;-99.1722967989003;(_a1_ * ((x * pow2((log((_a2_ / _a7_)) * (x + _a7_)))) + x));{'d0': {'_a1_': 1.4465760892631983, '_a2_': 1.4374466003647777, '_a7_': 0.3119297077458835, '_a0_': 1.0, '_a3_': 1.0, '_a4_': 1.0, '_a5_': 1.0, '_a6_': 1.0}};{'d0': 0.024905832919416643};-280.569866449044;41.112636425621396
20642;-99.1722967989003;(_a1_ * ((x * pow2((log((_a2_ / _a7_)) * (x + _a7_)))) + x));{'d0': {'_a1_': 1.4465760892631983, '_a2_': 1.4374466003647777, '_a7_': 0.3119297077458835, '_a0_': 1.0, '_a3_': 1.0, '_a4_': 1.0, '_a5_': 1.0, '_a6_': 1.0}};{'d0': 0.024905832919416643};-280.569866449044;41.112636425621396
20643;-99.1722967989003;(_a1_ * ((x * pow2((log((_a2_ / _a7_)) * (x + _a7_)))) + x));{'d0': {'_a1_': 1.4465760892631983, '_a2_': 1.4374466003647777, '_a7_': 0.3119297077458835, '_a0_': 1.0, '_a3_': 1.0, '_a4_': 1.0, '_a5_': 1.0, '_a6_': 1.0}};{'d0': 0.024905832919416643};-280.569866449044;41.112636425621396
20644;-99.1722967989003;(_a1_ * ((x * pow2((log((_a2_ / _a7_)) * (x + _a7_)))) + x));{'d0': {'_a1_': 1.4465760892631983, '_a2_': 1.4374466003647777, '_a7_': 0.3119297077458835, '_a0_': 1.0, '_a3_': 1.0, '_a4_': 1.0, '_a5_': 1.0, '_a6_': 1.0}};{'d0': 0.024905832919416643};-280.569866449044;41.112636425621396
20645;-99.1722967989003;(_a1_ * ((x * pow2((log((_a2_ / _a7_)) * (x + _a7_)))) + x));{'d0': {'_a1_': 1.4465760892631983, '_a2_': 1.4374466003647777, '_a7_': 0.3119297077458835, '_a0_': 1.0, '_a3_': 1.0, '_a4_': 1.0, '_a5_': 1.0, '_a6_': 1.0}};{'d0': 0.024905832919416643};-280.569866449044;41.112636425621396
20646;-99.1722967989003;(_a1_ * ((x * pow2((log((_a2_ / _a7_)) * (x + _a7_)))) + x));{'d0': {'_a1_': 1.4465760892631983, '_a2_': 1.4374466003647777, '_a7_': 0.3119297077458835, '_a0_': 1.0, '_a3_': 1.0, '_a4_': 1.0, '_a5_': 1.0, '_a6_': 1.0}};{'d0': 0.024905832919416643};-280.569866449044;41.112636425621396
20647;-99.1722967989003;(_a1_ * ((x * pow2((log((_a2_ / _a7_)) * (x + _a7_)))) + x));{'d0': {'_a1_': 1.4465760892631983, '_a2_': 1.4374466003647777, '_a7_': 0.3119297077458835, '_a0_': 1.0, '_a3_': 1.0, '_a4_': 1.0, '_a5_': 1.0, '_a6_': 1.0}};{'d0': 0.024905832919416643};-280.569866449044;41.112636425621396
20648;-99.1722967989003;(_a1_ * ((x * pow2((log((_a2_ / _a7_)) * (x + _a7_)))) + x));{'d0': {'_a1_': 1.4465760892631983, '_a2_': 1.4374466003647777, '_a7_': 0.3119297077458835, '_a0_': 1.0, '_a3_': 1.0, '_a4_': 1.0, '_a5_': 1.0, '_a6_': 1.0}};{'d0': 0.024905832919416643};-280.569866449044;41.112636425621396
20649;-99.1722967989003;(_a1_ * ((x * pow2((log((_a2_ / _a7_)) * (x + _a7_)))) + x));{'d0': {'_a1_': 1.4465760892631983, '_a2_': 1.4374466003647777, '_a7_': 0.3119297077458835, '_a0_': 1.0, '_a3_': 1.0, '_a4_': 1.0, '_a5_': 1.0, '_a6_': 1.0}};{'d0': 0.024905832919416643};-280.569866449044;41.112636425621396
20650;-99.1722967989003;(_a1_ * ((x * pow2((log((_a2_ / _a7_)) * (x + _a7_)))) + x));{'d0': {'_a1_': 1.4465760892631983, '_a2_': 1.4374466003647777, '_a7_': 0.3119297077458835, '_a0_': 1.0, '_a3_': 1.0, '_a4_': 1.0, '_a5_': 1.0, '_a6_': 1.0}};{'d0': 0.024905832919416643};-280.569866449044;41.112636425621396
20651;-94.5605916917742;((_a4_ + (((x / (_a4_ * (_a4_ * _a4_))) * (_a6_ + x)) * pow2(_a7_))) * x);{'d0': {'_a4_': 1.775135404058933, '_a6_': 0.6238594154645846, '_a7_': 4.346076660392782, '_a0_': 1.0, '_a1_': 1.0, '_a2_': 1.0, '_a3_': 1.0, '_a5_': 1.0}};{'d0': 0.02490583291941664};-280.569866449044;45.72434153274739
20652;-94.5605916917742;((_a4_ + (((x / (_a4_ * (_a4_ * _a4_))) * (_a6_ + x)) * pow2(_a7_))) * x);{'d0': {'_a4_': 1.775135404058933, '_a6_': 0.6238594154645846, '_a7_': 4.346076660392782, '_a0_': 1.0, '_a1_': 1.0, '_a2_': 1.0, '_a3_': 1.0, '_a5_': 1.0}};{'d0': 0.02490583291941664};-280.569866449044;45.72434153274739
20653;-94.5605916917742;((_a4_ + (((x / (_a4_ * (_a4_ * _a4_))) * (_a6_ + x)) * pow2(_a7_))) * x);{'d0': {'_a4_': 1.775135404058933, '_a6_': 0.6238594154645846, '_a7_': 4.346076660392782, '_a0_': 1.0, '_a1_': 1.0, '_a2_': 1.0, '_a3_': 1.0, '_a5_': 1.0}};{'d0': 0.02490583291941664};-280.569866449044;45.72434153274739
20654;-94.5605916917742;((_a4_ + (((x / (_a4_ * (_a4_ * _a4_))) * (_a6_ + x)) * pow2(_a7_))) * x);{'d0': {'_a4_': 1.775135404058933, '_a6_': 0.6238594154645846, '_a7_': 4.346076660392782, '_a0_': 1.0, '_a1_': 1.0, '_a2_': 1.0, '_a3_': 1.0, '_a5_': 1.0}};{'d0': 0.02490583291941664};-280.569866449044;45.72434153274739
20655;-94.5605916917742;((_a4_ + (((x / (_a4_ * (_a4_ * _a4_))) * (_a6_ + x)) * pow2(_a7_))) * x);{'d0': {'_a4_': 1.775135404058933, '_a6_': 0.6238594154645846, '_a7_': 4.346076660392782, '_a0_': 1.0, '_a1_': 1.0, '_a2_': 1.0, '_a3_': 1.0, '_a5_': 1.0}};{'d0': 0.02490583291941664};-280.569866449044;45.72434153274739
20656;-94.5605916917742;((_a4_ + (((x / (_a4_ * (_a4_ * _a4_))) * (_a6_ + x)) * pow2(_a7_))) * x);{'d0': {'_a4_': 1.775135404058933, '_a6_': 0.6238594154645846, '_a7_': 4.346076660392782, '_a0_': 1.0, '_a1_': 1.0, '_a2_': 1.0, '_a3_': 1.0, '_a5_': 1.0}};{'d0': 0.02490583291941664};-280.569866449044;45.72434153274739
20657;-98.2585261643842;((_a4_ + (((x / (_a4_ * (_a4_ * _a4_))) * (_a6_ + x)) * _a5_)) * x);{'d0': {'_a4_': 1.7751354039736496, '_a5_': 18.888382334904623, '_a6_': 0.6238594154623552, '_a0_': 1.0, '_a1_': 1.0, '_a2_': 1.0, '_a3_': 1.0, '_a7_': 1.0}};{'d0': 0.024905832919416664};-280.569866449044;42.02640706013739
20658;-98.2585261643842;((_a4_ + (((x / (_a4_ * (_a4_ * _a4_))) * (_a6_ + x)) * _a5_)) * x);{'d0': {'_a4_': 1.7751354039736496, '_a5_': 18.888382334904623, '_a6_': 0.6238594154623552, '_a0_': 1.0, '_a1_': 1.0, '_a2_': 1.0, '_a3_': 1.0, '_a7_': 1.0}};{'d0': 0.024905832919416664};-280.569866449044;42.02640706013739
20659;-98.2585261643842;((_a4_ + (((x / (_a4_ * (_a4_ * _a4_))) * (_a6_ + x)) * _a5_)) * x);{'d0': {'_a4_': 1.7751354039736496, '_a5_': 18.888382334904623, '_a6_': 0.6238594154623552, '_a0_': 1.0, '_a1_': 1.0, '_a2_': 1.0, '_a3_': 1.0, '_a7_': 1.0}};{'d0': 0.024905832919416664};-280.569866449044;42.02640706013739
20660;-96.2113538832179;((_a3_ + (((x / (_a4_ * (_a4_ * _a4_))) * (_a6_ + x)) * _a5_)) * x);{'d0': {'_a3_': 1.7751354042633012, '_a4_': 7.323001896791214, '_a5_': 1326.0738687469423, '_a6_': 0.623859415563877, '_a0_': 1.0, '_a1_': 1.0, '_a2_': 1.0, '_a7_': 1.0}};{'d0': 0.024905832919462495};-276.475521886711;42.02640706013739
20661;-96.2113538832179;((_a3_ + (((x / (_a4_ * (_a4_ * _a4_))) * (_a6_ + x)) * _a5_)) * x);{'d0': {'_a3_': 1.7751354042633012, '_a4_': 7.323001896791214, '_a5_': 1326.0738687469423, '_a6_': 0.623859415563877, '_a0_': 1.0, '_a1_': 1.0, '_a2_': 1.0, '_a7_': 1.0}};{'d0': 0.024905832919462495};-276.475521886711;42.02640706013739
20662;-99.1722967989003;(_a1_ * ((x * pow2((log((_a2_ / _a7_)) * (x + _a7_)))) + x));{'d0': {'_a1_': 1.4465760892631983, '_a2_': 1.4374466003647777, '_a7_': 0.3119297077458835, '_a0_': 1.0, '_a3_': 1.0, '_a4_': 1.0, '_a5_': 1.0, '_a6_': 1.0}};{'d0': 0.024905832919416643};-280.569866449044;41.112636425621396
20663;-99.1722967989003;(_a1_ * ((x * pow2((log((_a2_ / _a7_)) * (x + _a7_)))) + x));{'d0': {'_a1_': 1.4465760892631983, '_a2_': 1.4374466003647777, '_a7_': 0.3119297077458835, '_a0_': 1.0, '_a3_': 1.0, '_a4_': 1.0, '_a5_': 1.0, '_a6_': 1.0}};{'d0': 0.024905832919416643};-280.569866449044;41.112636425621396
20664;-99.1722967989003;(_a1_ * ((x * pow2((log((_a2_ / _a7_)) * (x + _a7_)))) + x));{'d0': {'_a1_': 1.4465760892631983, '_a2_': 1.4374466003647777, '_a7_': 0.3119297077458835, '_a0_': 1.0, '_a3_': 1.0, '_a4_': 1.0, '_a5_': 1.0, '_a6_': 1.0}};{'d0': 0.024905832919416643};-280.569866449044;41.112636425621396
20665;-99.1722967989003;(_a1_ * ((x * pow2((log((_a2_ / _a7_)) * (x + _a7_)))) + x));{'d0': {'_a1_': 1.4465760892631983, '_a2_': 1.4374466003647777, '_a7_': 0.3119297077458835, '_a0_': 1.0, '_a3_': 1.0, '_a4_': 1.0, '_a5_': 1.0, '_a6_': 1.0}};{'d0': 0.024905832919416643};-280.569866449044;41.112636425621396
20666;-99.1722967989003;(_a1_ * ((x * pow2((log((_a2_ / _a7_)) * (x + _a7_)))) + x));{'d0': {'_a1_': 1.4465760892631983, '_a2_': 1.4374466003647777, '_a7_': 0.3119297077458835, '_a0_': 1.0, '_a3_': 1.0, '_a4_': 1.0, '_a5_': 1.0, '_a6_': 1.0}};{'d0': 0.024905832919416643};-280.569866449044;41.112636425621396
20667;-99.1722967989003;(_a1_ * ((x * pow2((log((_a2_ / _a7_)) * (x + _a7_)))) + x));{'d0': {'_a1_': 1.4465760892631983, '_a2_': 1.4374466003647777, '_a7_': 0.3119297077458835, '_a0_': 1.0, '_a3_': 1.0, '_a4_': 1.0, '_a5_': 1.0, '_a6_': 1.0}};{'d0': 0.024905832919416643};-280.569866449044;41.112636425621396
20668;-96.9175911513531;((_a3_ + (((x * (_a4_ * (_a4_ * _a4_))) * (_a6_ + x)) * _a5_)) * x);{'d0': {'_a3_': 1.7751354042181422, '_a4_': 0.061344386903792236, '_a5_': 14627.690261497552, '_a6_': 0.6238594155714373, '_a0_': 1.0, '_a1_': 1.0, '_a2_': 1.0, '_a7_': 1.0}};{'d0': 0.024905832919600513};-276.475521886378;41.32016979183599
20669;-96.9175911513531;((_a3_ + (((x * (_a4_ * (_a4_ * _a4_))) * (_a6_ + x)) * _a5_)) * x);{'d0': {'_a3_': 1.7751354042181422, '_a4_': 0.061344386903792236, '_a5_': 14627.690261497552, '_a6_': 0.6238594155714373, '_a0_': 1.0, '_a1_': 1.0, '_a2_': 1.0, '_a7_': 1.0}};{'d0': 0.024905832919600513};-276.475521886378;41.32016979183599
20670;-96.9175911513531;((_a3_ + (((x * (_a4_ * (_a4_ * _a4_))) * (_a6_ + x)) * _a5_)) * x);{'d0': {'_a3_': 1.7751354042181422, '_a4_': 0.061344386903792236, '_a5_': 14627.690261497552, '_a6_': 0.6238594155714373, '_a0_': 1.0, '_a1_': 1.0, '_a2_': 1.0, '_a7_': 1.0}};{'d0': 0.024905832919600513};-276.475521886378;41.32016979183599
20671;-96.9175911513531;((_a3_ + (((x * (_a4_ * (_a4_ * _a4_))) * (_a6_ + x)) * _a5_)) * x);{'d0': {'_a3_': 1.7751354042181422, '_a4_': 0.061344386903792236, '_a5_': 14627.690261497552, '_a6_': 0.6238594155714373, '_a0_': 1.0, '_a1_': 1.0, '_a2_': 1.0, '_a7_': 1.0}};{'d0': 0.024905832919600513};-276.475521886378;41.32016979183599
20672;-96.9175911513531;((_a3_ + (((x * (_a4_ * (_a4_ * _a4_))) * (_a6_ + x)) * _a5_)) * x);{'d0': {'_a3_': 1.7751354042181422, '_a4_': 0.061344386903792236, '_a5_': 14627.690261497552, '_a6_': 0.6238594155714373, '_a0_': 1.0, '_a1_': 1.0, '_a2_': 1.0, '_a7_': 1.0}};{'d0': 0.024905832919600513};-276.475521886378;41.32016979183599
20673;-96.9175911513531;((_a3_ + (((x * (_a4_ * (_a4_ * _a4_))) * (_a6_ + x)) * _a5_)) * x);{'d0': {'_a3_': 1.7751354042181422, '_a4_': 0.061344386903792236, '_a5_': 14627.690261497552, '_a6_': 0.6238594155714373, '_a0_': 1.0, '_a1_': 1.0, '_a2_': 1.0, '_a7_': 1.0}};{'d0': 0.024905832919600513};-276.475521886378;41.32016979183599
20674;-96.9175911513531;((_a3_ + (((x * (_a4_ * (_a4_ * _a4_))) * (_a6_ + x)) * _a5_)) * x);{'d0': {'_a3_': 1.7751354042181422, '_a4_': 0.061344386903792236, '_a5_': 14627.690261497552, '_a6_': 0.6238594155714373, '_a0_': 1.0, '_a1_': 1.0, '_a2_': 1.0, '_a7_': 1.0}};{'d0': 0.024905832919600513};-276.475521886378;41.32016979183599
20675;-96.9175911513531;((_a3_ + (((x * (_a4_ * (_a4_ * _a4_))) * (_a6_ + x)) * _a5_)) * x);{'d0': {'_a3_': 1.7751354042181422, '_a4_': 0.061344386903792236, '_a5_': 14627.690261497552, '_a6_': 0.6238594155714373, '_a0_': 1.0, '_a1_': 1.0, '_a2_': 1.0, '_a7_': 1.0}};{'d0': 0.024905832919600513};-276.475521886378;41.32016979183599
20676;-96.9175911513531;((_a3_ + (((x * (_a4_ * (_a4_ * _a4_))) * (_a6_ + x)) * _a5_)) * x);{'d0': {'_a3_': 1.7751354042181422, '_a4_': 0.061344386903792236, '_a5_': 14627.690261497552, '_a6_': 0.6238594155714373, '_a0_': 1.0, '_a1_': 1.0, '_a2_': 1.0, '_a7_': 1.0}};{'d0': 0.024905832919600513};-276.475521886378;41.32016979183599
20677;-96.9175911513531;((_a3_ + (((x * (_a4_ * (_a4_ * _a4_))) * (_a6_ + x)) * _a5_)) * x);{'d0': {'_a3_': 1.7751354042181422, '_a4_': 0.061344386903792236, '_a5_': 14627.690261497552, '_a6_': 0.6238594155714373, '_a0_': 1.0, '_a1_': 1.0, '_a2_': 1.0, '_a7_': 1.0}};{'d0': 0.024905832919600513};-276.475521886378;41.32016979183599
20678;-96.9175911513531;((_a3_ + (((x * (_a4_ * (_a4_ * _a4_))) * (_a6_ + x)) * _a5_)) * x);{'d0': {'_a3_': 1.7751354042181422, '_a4_': 0.061344386903792236, '_a5_': 14627.690261497552, '_a6_': 0.6238594155714373, '_a0_': 1.0, '_a1_': 1.0, '_a2_': 1.0, '_a7_': 1.0}};{'d0': 0.024905832919600513};-276.475521886378;41.32016979183599
20679;-96.0910445999587;((_a3_ + (((x * (_a4_ + (_a4_ * _a4_))) * (_a6_ + x)) * _a5_)) * x);{'d0': {'_a3_': 1.775135404353112, '_a4_': 0.004398732140828849, '_a5_': 764.3046957652703, '_a6_': 0.6238594156257995, '_a0_': 1.0, '_a1_': 1.0, '_a2_': 1.0, '_a7_': 1.0}};{'d0': 0.02490583291998684};-276.475521885448;42.14671634276499
20680;-96.0910445999587;((_a3_ + (((x * (_a4_ + (_a4_ * _a4_))) * (_a6_ + x)) * _a5_)) * x);{'d0': {'_a3_': 1.775135404353112, '_a4_': 0.004398732140828849, '_a5_': 764.3046957652703, '_a6_': 0.6238594156257995, '_a0_': 1.0, '_a1_': 1.0, '_a2_': 1.0, '_a7_': 1.0}};{'d0': 0.02490583291998684};-276.475521885448;42.14671634276499
20681;-96.0910445999587;((_a3_ + (((x * (_a4_ + (_a4_ * _a4_))) * (_a6_ + x)) * _a5_)) * x);{'d0': {'_a3_': 1.775135404353112, '_a4_': 0.004398732140828849, '_a5_': 764.3046957652703, '_a6_': 0.6238594156257995, '_a0_': 1.0, '_a1_': 1.0, '_a2_': 1.0, '_a7_': 1.0}};{'d0': 0.02490583291998684};-276.475521885448;42.14671634276499
20682;-96.0910445999587;((_a3_ + (((x * (_a4_ + (_a4_ * _a4_))) * (_a6_ + x)) * _a5_)) * x);{'d0': {'_a3_': 1.775135404353112, '_a4_': 0.004398732140828849, '_a5_': 764.3046957652703, '_a6_': 0.6238594156257995, '_a0_': 1.0, '_a1_': 1.0, '_a2_': 1.0, '_a7_': 1.0}};{'d0': 0.02490583291998684};-276.475521885448;42.14671634276499
20683;-96.0910445999587;((_a3_ + (((x * (_a4_ + (_a4_ * _a4_))) * (_a6_ + x)) * _a5_)) * x);{'d0': {'_a3_': 1.775135404353112, '_a4_': 0.004398732140828849, '_a5_': 764.3046957652703, '_a6_': 0.6238594156257995, '_a0_': 1.0, '_a1_': 1.0, '_a2_': 1.0, '_a7_': 1.0}};{'d0': 0.02490583291998684};-276.475521885448;42.14671634276499
20684;-96.0910445999587;((_a3_ + (((x * (_a4_ + (_a4_ * _a4_))) * (_a6_ + x)) * _a5_)) * x);{'d0': {'_a3_': 1.775135404353112, '_a4_': 0.004398732140828849, '_a5_': 764.3046957652703, '_a6_': 0.6238594156257995, '_a0_': 1.0, '_a1_': 1.0, '_a2_': 1.0, '_a7_': 1.0}};{'d0': 0.02490583291998684};-276.475521885448;42.14671634276499
20685;-101.112741812349;((_a3_ + (((x * (_a4_ + _a6_)) * (_a6_ + x)) * _a5_)) * x);{'d0': {'_a3_': 1.7751354039190532, '_a4_': -0.5114981123723866, '_a5_': 30.05270060681291, '_a6_': 0.6238594154310307, '_a0_': 1.0, '_a1_': 1.0, '_a2_': 1.0, '_a7_': 1.0}};{'d0': 0.02490583291947979};-276.475521886669;37.12501913098599
20686;-101.112741812349;((_a3_ + (((x * (_a4_ + _a6_)) * (_a6_ + x)) * _a5_)) * x);{'d0': {'_a3_': 1.7751354039190532, '_a4_': -0.5114981123723866, '_a5_': 30.05270060681291, '_a6_': 0.6238594154310307, '_a0_': 1.0, '_a1_': 1.0, '_a2_': 1.0, '_a7_': 1.0}};{'d0': 0.02490583291947979};-276.475521886669;37.12501913098599
20687;-101.112741811843;((_a3_ + (((x * (_a4_ + _a5_)) * (_a6_ + x)) * _a5_)) * x);{'d0': {'_a3_': 1.7751354043329495, '_a4_': 2.808796596507415, '_a5_': 0.9084126948384946, '_a6_': 0.6238594156092059, '_a0_': 1.0, '_a1_': 1.0, '_a2_': 1.0, '_a7_': 1.0}};{'d0': 0.02490583291989981};-276.475521885657;37.12501913098599
20688;-101.112741811843;((_a3_ + (((x * (_a4_ + _a5_)) * (_a6_ + x)) * _a5_)) * x);{'d0': {'_a3_': 1.7751354043329495, '_a4_': 2.808796596507415, '_a5_': 0.9084126948384946, '_a6_': 0.6238594156092059, '_a0_': 1.0, '_a1_': 1.0, '_a2_': 1.0, '_a7_': 1.0}};{'d0': 0.02490583291989981};-276.475521885657;37.12501913098599
20689;-101.112741811843;((_a3_ + (((x * (_a4_ + _a5_)) * (_a6_ + x)) * _a5_)) * x);{'d0': {'_a3_': 1.7751354043329495, '_a4_': 2.808796596507415, '_a5_': 0.9084126948384946, '_a6_': 0.6238594156092059, '_a0_': 1.0, '_a1_': 1.0, '_a2_': 1.0, '_a7_': 1.0}};{'d0': 0.02490583291989981};-276.475521885657;37.12501913098599
20690;-101.112741811843;((_a3_ + (((x * (_a4_ + _a5_)) * (_a6_ + x)) * _a5_)) * x);{'d0': {'_a3_': 1.7751354043329495, '_a4_': 2.808796596507415, '_a5_': 0.9084126948384946, '_a6_': 0.6238594156092059, '_a0_': 1.0, '_a1_': 1.0, '_a2_': 1.0, '_a7_': 1.0}};{'d0': 0.02490583291989981};-276.475521885657;37.12501913098599
20691;-101.112741811843;((_a3_ + (((x * (_a4_ + _a5_)) * (_a6_ + x)) * _a5_)) * x);{'d0': {'_a3_': 1.7751354043329495, '_a4_': 2.808796596507415, '_a5_': 0.9084126948384946, '_a6_': 0.6238594156092059, '_a0_': 1.0, '_a1_': 1.0, '_a2_': 1.0, '_a7_': 1.0}};{'d0': 0.02490583291989981};-276.475521885657;37.12501913098599
20692;-101.112741811843;((_a3_ + (((x * (_a4_ + _a5_)) * (_a6_ + x)) * _a5_)) * x);{'d0': {'_a3_': 1.7751354043329495, '_a4_': 2.808796596507415, '_a5_': 0.9084126948384946, '_a6_': 0.6238594156092059, '_a0_': 1.0, '_a1_': 1.0, '_a2_': 1.0, '_a7_': 1.0}};{'d0': 0.02490583291989981};-276.475521885657;37.12501913098599
20693;-101.112741811843;((_a3_ + (((x * (_a4_ + _a5_)) * (_a6_ + x)) * _a5_)) * x);{'d0': {'_a3_': 1.7751354043329495, '_a4_': 2.808796596507415, '_a5_': 0.9084126948384946, '_a6_': 0.6238594156092059, '_a0_': 1.0, '_a1_': 1.0, '_a2_': 1.0, '_a7_': 1.0}};{'d0': 0.02490583291989981};-276.475521885657;37.12501913098599
20694;-101.112741811843;((_a3_ + (((x * (_a4_ + _a5_)) * (_a6_ + x)) * _a5_)) * x);{'d0': {'_a3_': 1.7751354043329495, '_a4_': 2.808796596507415, '_a5_': 0.9084126948384946, '_a6_': 0.6238594156092059, '_a0_': 1.0, '_a1_': 1.0, '_a2_': 1.0, '_a7_': 1.0}};{'d0': 0.02490583291989981};-276.475521885657;37.12501913098599
20695;-97.0805043009656;((_a3_ + (((x * (cos(_a3_) + _a5_)) * (_a6_ + x)) * _a5_)) * x);{'d0': {'_a3_': 1.775135404094984, '_a5_': 1.9418553576130906, '_a6_': 0.6238594155322695, '_a0_': 1.0, '_a1_': 1.0, '_a2_': 1.0, '_a4_': 1.0, '_a7_': 1.0}};{'d0': 0.02490583291941667};-280.569866449043;43.20442892355599
20696;-95.0333320180980;((_a2_ + (((x * (cos(_a3_) + _a5_)) * (_a6_ + x)) * _a5_)) * x);{'d0': {'_a2_': 1.7751354042359824, '_a3_': 1.5635764533687506, '_a5_': 1.8339897720007705, '_a6_': 0.623859415570208, '_a0_': 1.0, '_a1_': 1.0, '_a4_': 1.0, '_a7_': 1.0}};{'d0': 0.024905832920874924};-276.475521883308;43.20442892355599
20697;-95.0333320180980;((_a2_ + (((x * (cos(_a3_) + _a5_)) * (_a6_ + x)) * _a5_)) * x);{'d0': {'_a2_': 1.7751354042359824, '_a3_': 1.5635764533687506, '_a5_': 1.8339897720007705, '_a6_': 0.623859415570208, '_a0_': 1.0, '_a1_': 1.0, '_a4_': 1.0, '_a7_': 1.0}};{'d0': 0.024905832920874924};-276.475521883308;43.20442892355599
20698;-95.0333320180980;((_a2_ + (((x * (cos(_a3_) + _a5_)) * (_a6_ + x)) * _a5_)) * x);{'d0': {'_a2_': 1.7751354042359824, '_a3_': 1.5635764533687506, '_a5_': 1.8339897720007705, '_a6_': 0.623859415570208, '_a0_': 1.0, '_a1_': 1.0, '_a4_': 1.0, '_a7_': 1.0}};{'d0': 0.024905832920874924};-276.475521883308;43.20442892355599
20699;-95.0333320180980;((_a2_ + (((x * (cos(_a3_) + _a5_)) * (_a6_ + x)) * _a5_)) * x);{'d0': {'_a2_': 1.7751354042359824, '_a3_': 1.5635764533687506, '_a5_': 1.8339897720007705, '_a6_': 0.623859415570208, '_a0_': 1.0, '_a1_': 1.0, '_a4_': 1.0, '_a7_': 1.0}};{'d0': 0.024905832920874924};-276.475521883308;43.20442892355599
20700;-95.0333320180980;((_a2_ + (((x * (cos(_a3_) + _a5_)) * (_a6_ + x)) * _a5_)) * x);{'d0': {'_a2_': 1.7751354042359824, '_a3_': 1.5635764533687506, '_a5_': 1.8339897720007705, '_a6_': 0.623859415570208, '_a0_': 1.0, '_a1_': 1.0, '_a4_': 1.0, '_a7_': 1.0}};{'d0': 0.024905832920874924};-276.475521883308;43.20442892355599
20701;-95.0333320180980;((_a2_ + (((x * (cos(_a3_) + _a5_)) * (_a6_ + x)) * _a5_)) * x);{'d0': {'_a2_': 1.7751354042359824, '_a3_': 1.5635764533687506, '_a5_': 1.8339897720007705, '_a6_': 0.623859415570208, '_a0_': 1.0, '_a1_': 1.0, '_a4_': 1.0, '_a7_': 1.0}};{'d0': 0.024905832920874924};-276.475521883308;43.20442892355599
20702;-95.0333320180980;((_a2_ + (((x * (cos(_a3_) + _a5_)) * (_a6_ + x)) * _a5_)) * x);{'d0': {'_a2_': 1.7751354042359824, '_a3_': 1.5635764533687506, '_a5_': 1.8339897720007705, '_a6_': 0.623859415570208, '_a0_': 1.0, '_a1_': 1.0, '_a4_': 1.0, '_a7_': 1.0}};{'d0': 0.024905832920874924};-276.475521883308;43.20442892355599
20703;-95.0333320180980;((_a2_ + (((x * (cos(_a3_) + _a5_)) * (_a6_ + x)) * _a5_)) * x);{'d0': {'_a2_': 1.7751354042359824, '_a3_': 1.5635764533687506, '_a5_': 1.8339897720007705, '_a6_': 0.623859415570208, '_a0_': 1.0, '_a1_': 1.0, '_a4_': 1.0, '_a7_': 1.0}};{'d0': 0.024905832920874924};-276.475521883308;43.20442892355599
20704;-95.0333320180980;((_a2_ + (((x * (cos(_a3_) + _a5_)) * (_a6_ + x)) * _a5_)) * x);{'d0': {'_a2_': 1.7751354042359824, '_a3_': 1.5635764533687506, '_a5_': 1.8339897720007705, '_a6_': 0.623859415570208, '_a0_': 1.0, '_a1_': 1.0, '_a4_': 1.0, '_a7_': 1.0}};{'d0': 0.024905832920874924};-276.475521883308;43.20442892355599
20705;-95.0333320180980;((_a2_ + (((x * (cos(_a3_) + _a5_)) * (_a6_ + x)) * _a5_)) * x);{'d0': {'_a2_': 1.7751354042359824, '_a3_': 1.5635764533687506, '_a5_': 1.8339897720007705, '_a6_': 0.623859415570208, '_a0_': 1.0, '_a1_': 1.0, '_a4_': 1.0, '_a7_': 1.0}};{'d0': 0.024905832920874924};-276.475521883308;43.20442892355599
20706;-95.0333320180980;((_a2_ + (((x * (cos(_a3_) + _a5_)) * (_a6_ + x)) * _a5_)) * x);{'d0': {'_a2_': 1.7751354042359824, '_a3_': 1.5635764533687506, '_a5_': 1.8339897720007705, '_a6_': 0.623859415570208, '_a0_': 1.0, '_a1_': 1.0, '_a4_': 1.0, '_a7_': 1.0}};{'d0': 0.024905832920874924};-276.475521883308;43.20442892355599
20707;-95.0333320180980;((_a2_ + (((x * (cos(_a3_) + _a5_)) * (_a6_ + x)) * _a5_)) * x);{'d0': {'_a2_': 1.7751354042359824, '_a3_': 1.5635764533687506, '_a5_': 1.8339897720007705, '_a6_': 0.623859415570208, '_a0_': 1.0, '_a1_': 1.0, '_a4_': 1.0, '_a7_': 1.0}};{'d0': 0.024905832920874924};-276.475521883308;43.20442892355599
20708;-95.0333320180980;((_a2_ + (((x * (cos(_a3_) + _a5_)) * (_a6_ + x)) * _a5_)) * x);{'d0': {'_a2_': 1.7751354042359824, '_a3_': 1.5635764533687506, '_a5_': 1.8339897720007705, '_a6_': 0.623859415570208, '_a0_': 1.0, '_a1_': 1.0, '_a4_': 1.0, '_a7_': 1.0}};{'d0': 0.024905832920874924};-276.475521883308;43.20442892355599
20709;-95.0333320180980;((_a2_ + (((x * (cos(_a3_) + _a5_)) * (_a6_ + x)) * _a5_)) * x);{'d0': {'_a2_': 1.7751354042359824, '_a3_': 1.5635764533687506, '_a5_': 1.8339897720007705, '_a6_': 0.623859415570208, '_a0_': 1.0, '_a1_': 1.0, '_a4_': 1.0, '_a7_': 1.0}};{'d0': 0.024905832920874924};-276.475521883308;43.20442892355599
20710;-95.0333320180980;((_a2_ + (((x * (cos(_a3_) + _a5_)) * (_a6_ + x)) * _a5_)) * x);{'d0': {'_a2_': 1.7751354042359824, '_a3_': 1.5635764533687506, '_a5_': 1.8339897720007705, '_a6_': 0.623859415570208, '_a0_': 1.0, '_a1_': 1.0, '_a4_': 1.0, '_a7_': 1.0}};{'d0': 0.024905832920874924};-276.475521883308;43.20442892355599
20711;-95.0333320180980;((_a2_ + (((x * (cos(_a3_) + _a5_)) * (_a6_ + x)) * _a5_)) * x);{'d0': {'_a2_': 1.7751354042359824, '_a3_': 1.5635764533687506, '_a5_': 1.8339897720007705, '_a6_': 0.623859415570208, '_a0_': 1.0, '_a1_': 1.0, '_a4_': 1.0, '_a7_': 1.0}};{'d0': 0.024905832920874924};-276.475521883308;43.20442892355599
20712;-95.0333320180980;((_a2_ + (((x * (cos(_a3_) + _a5_)) * (_a6_ + x)) * _a5_)) * x);{'d0': {'_a2_': 1.7751354042359824, '_a3_': 1.5635764533687506, '_a5_': 1.8339897720007705, '_a6_': 0.623859415570208, '_a0_': 1.0, '_a1_': 1.0, '_a4_': 1.0, '_a7_': 1.0}};{'d0': 0.024905832920874924};-276.475521883308;43.20442892355599
20713;-95.0333320180980;((_a2_ + (((x * (cos(_a3_) + _a5_)) * (_a6_ + x)) * _a5_)) * x);{'d0': {'_a2_': 1.7751354042359824, '_a3_': 1.5635764533687506, '_a5_': 1.8339897720007705, '_a6_': 0.623859415570208, '_a0_': 1.0, '_a1_': 1.0, '_a4_': 1.0, '_a7_': 1.0}};{'d0': 0.024905832920874924};-276.475521883308;43.20442892355599
20714;-95.0333320180980;((_a2_ + (((x * (cos(_a3_) + _a5_)) * (_a6_ + x)) * _a5_)) * x);{'d0': {'_a2_': 1.7751354042359824, '_a3_': 1.5635764533687506, '_a5_': 1.8339897720007705, '_a6_': 0.623859415570208, '_a0_': 1.0, '_a1_': 1.0, '_a4_': 1.0, '_a7_': 1.0}};{'d0': 0.024905832920874924};-276.475521883308;43.20442892355599
20715;-95.0333320180980;((_a2_ + (((x * (cos(_a3_) + _a5_)) * (_a6_ + x)) * _a5_)) * x);{'d0': {'_a2_': 1.7751354042359824, '_a3_': 1.5635764533687506, '_a5_': 1.8339897720007705, '_a6_': 0.623859415570208, '_a0_': 1.0, '_a1_': 1.0, '_a4_': 1.0, '_a7_': 1.0}};{'d0': 0.024905832920874924};-276.475521883308;43.20442892355599
20716;-95.0333320180980;((_a2_ + (((x * (cos(_a3_) + _a5_)) * (_a6_ + x)) * _a5_)) * x);{'d0': {'_a2_': 1.7751354042359824, '_a3_': 1.5635764533687506, '_a5_': 1.8339897720007705, '_a6_': 0.623859415570208, '_a0_': 1.0, '_a1_': 1.0, '_a4_': 1.0, '_a7_': 1.0}};{'d0': 0.024905832920874924};-276.475521883308;43.20442892355599
20717;-95.0333320180980;((_a2_ + (((x * (cos(_a3_) + _a5_)) * (_a6_ + x)) * _a5_)) * x);{'d0': {'_a2_': 1.7751354042359824, '_a3_': 1.5635764533687506, '_a5_': 1.8339897720007705, '_a6_': 0.623859415570208, '_a0_': 1.0, '_a1_': 1.0, '_a4_': 1.0, '_a7_': 1.0}};{'d0': 0.024905832920874924};-276.475521883308;43.20442892355599
20718;-97.3596223271332;((_a2_ + (((x * ((_a6_ / x) + _a5_)) * (_a6_ + x)) * _a5_)) * x);{'d0': {'_a2_': 1.475203509370653, '_a5_': 1.837596494896925, '_a6_': 0.40400454311019907, '_a0_': 1.0, '_a1_': 1.0, '_a3_': 1.0, '_a4_': 1.0, '_a7_': 1.0}};{'d0': 0.024905832919416605};-280.569866449044;42.925310897388385
20719;-100.833694356400;(_a1_ * ((x * pow2((pow2((_a2_ / _a7_)) * (x + _a2_)))) + x));{'d0': {'_a1_': 1.4465760890559682, '_a2_': 0.3119297077022923, '_a7_': 0.2523579447483247, '_a0_': 1.0, '_a3_': 1.0, '_a4_': 1.0, '_a5_': 1.0, '_a6_': 1.0}};{'d0': 0.024905832919416598};-280.569866449044;39.45123886812139
20720;-100.833694356400;(_a1_ * ((x * pow2((pow2((_a2_ / _a7_)) * (x + _a2_)))) + x));{'d0': {'_a1_': 1.4465760890559682, '_a2_': 0.3119297077022923, '_a7_': 0.2523579447483247, '_a0_': 1.0, '_a3_': 1.0, '_a4_': 1.0, '_a5_': 1.0, '_a6_': 1.0}};{'d0': 0.024905832919416598};-280.569866449044;39.45123886812139
20721;-100.833694356400;(_a1_ * ((x * pow2((pow2((_a2_ / _a7_)) * (x + _a2_)))) + x));{'d0': {'_a1_': 1.4465760890559682, '_a2_': 0.3119297077022923, '_a7_': 0.2523579447483247, '_a0_': 1.0, '_a3_': 1.0, '_a4_': 1.0, '_a5_': 1.0, '_a6_': 1.0}};{'d0': 0.024905832919416598};-280.569866449044;39.45123886812139
20722;-100.833694356400;(_a1_ * ((x * pow2((pow2((_a2_ / _a7_)) * (x + _a2_)))) + x));{'d0': {'_a1_': 1.4465760890559682, '_a2_': 0.3119297077022923, '_a7_': 0.2523579447483247, '_a0_': 1.0, '_a3_': 1.0, '_a4_': 1.0, '_a5_': 1.0, '_a6_': 1.0}};{'d0': 0.024905832919416598};-280.569866449044;39.45123886812139
20723;-99.9704377767027;(_a1_ * ((x * pow2((pow2((_a2_ ** _a7_)) * (x + _a2_)))) + x));{'d0': {'_a1_': 1.4465760893674877, '_a2_': 0.31192970782093665, '_a7_': -0.18191715024207777, '_a0_': 1.0, '_a3_': 1.0, '_a4_': 1.0, '_a5_': 1.0, '_a6_': 1.0}};{'d0': 0.024905832919416653};-280.569866449044;40.31449544781899
20724;-99.9704377767027;(_a1_ * ((x * pow2((pow2((_a2_ ** _a7_)) * (x + _a2_)))) + x));{'d0': {'_a1_': 1.4465760893674877, '_a2_': 0.31192970782093665, '_a7_': -0.18191715024207777, '_a0_': 1.0, '_a3_': 1.0, '_a4_': 1.0, '_a5_': 1.0, '_a6_': 1.0}};{'d0': 0.024905832919416653};-280.569866449044;40.31449544781899
20725;-99.9704377767027;(_a1_ * ((x * pow2((pow2((_a2_ ** _a7_)) * (x + _a2_)))) + x));{'d0': {'_a1_': 1.4465760893674877, '_a2_': 0.31192970782093665, '_a7_': -0.18191715024207777, '_a0_': 1.0, '_a3_': 1.0, '_a4_': 1.0, '_a5_': 1.0, '_a6_': 1.0}};{'d0': 0.024905832919416653};-280.569866449044;40.31449544781899
20726;-99.9704377767027;(_a1_ * ((x * pow2((pow2((_a2_ ** _a7_)) * (x + _a2_)))) + x));{'d0': {'_a1_': 1.4465760893674877, '_a2_': 0.31192970782093665, '_a7_': -0.18191715024207777, '_a0_': 1.0, '_a3_': 1.0, '_a4_': 1.0, '_a5_': 1.0, '_a6_': 1.0}};{'d0': 0.024905832919416653};-280.569866449044;40.31449544781899
20727;-99.9704377767027;(_a1_ * ((x * pow2((pow2((_a2_ ** _a7_)) * (x + _a2_)))) + x));{'d0': {'_a1_': 1.4465760893674877, '_a2_': 0.31192970782093665, '_a7_': -0.18191715024207777, '_a0_': 1.0, '_a3_': 1.0, '_a4_': 1.0, '_a5_': 1.0, '_a6_': 1.0}};{'d0': 0.024905832919416653};-280.569866449044;40.31449544781899
20728;-99.9704377767027;(_a1_ * ((x * pow2((pow2((_a2_ ** _a7_)) * (x + _a2_)))) + x));{'d0': {'_a1_': 1.4465760893674877, '_a2_': 0.31192970782093665, '_a7_': -0.18191715024207777, '_a0_': 1.0, '_a3_': 1.0, '_a4_': 1.0, '_a5_': 1.0, '_a6_': 1.0}};{'d0': 0.024905832919416653};-280.569866449044;40.31449544781899
20729;-99.9704377767027;(_a1_ * ((x * pow2((pow2((_a2_ ** _a7_)) * (x + _a2_)))) + x));{'d0': {'_a1_': 1.4465760893674877, '_a2_': 0.31192970782093665, '_a7_': -0.18191715024207777, '_a0_': 1.0, '_a3_': 1.0, '_a4_': 1.0, '_a5_': 1.0, '_a6_': 1.0}};{'d0': 0.024905832919416653};-280.569866449044;40.31449544781899
20730;-99.9704377767027;(_a1_ * ((x * pow2((pow2((_a2_ ** _a7_)) * (x + _a2_)))) + x));{'d0': {'_a1_': 1.4465760893674877, '_a2_': 0.31192970782093665, '_a7_': -0.18191715024207777, '_a0_': 1.0, '_a3_': 1.0, '_a4_': 1.0, '_a5_': 1.0, '_a6_': 1.0}};{'d0': 0.024905832919416653};-280.569866449044;40.31449544781899
20731;-99.9704377767027;(_a1_ * ((x * pow2((pow2((_a2_ ** _a7_)) * (x + _a2_)))) + x));{'d0': {'_a1_': 1.4465760893674877, '_a2_': 0.31192970782093665, '_a7_': -0.18191715024207777, '_a0_': 1.0, '_a3_': 1.0, '_a4_': 1.0, '_a5_': 1.0, '_a6_': 1.0}};{'d0': 0.024905832919416653};-280.569866449044;40.31449544781899
20732;-99.9704377767027;(_a1_ * ((x * pow2((pow2((_a2_ ** _a7_)) * (x + _a2_)))) + x));{'d0': {'_a1_': 1.4465760893674877, '_a2_': 0.31192970782093665, '_a7_': -0.18191715024207777, '_a0_': 1.0, '_a3_': 1.0, '_a4_': 1.0, '_a5_': 1.0, '_a6_': 1.0}};{'d0': 0.024905832919416653};-280.569866449044;40.31449544781899
20733;-99.9704377767027;(_a1_ * ((x * pow2((pow2((_a2_ ** _a7_)) * (x + _a2_)))) + x));{'d0': {'_a1_': 1.4465760893674877, '_a2_': 0.31192970782093665, '_a7_': -0.18191715024207777, '_a0_': 1.0, '_a3_': 1.0, '_a4_': 1.0, '_a5_': 1.0, '_a6_': 1.0}};{'d0': 0.024905832919416653};-280.569866449044;40.31449544781899
20734;-99.9704377767027;(_a1_ * ((x * pow2((pow2((_a2_ ** _a7_)) * (x + _a2_)))) + x));{'d0': {'_a1_': 1.4465760893674877, '_a2_': 0.31192970782093665, '_a7_': -0.18191715024207777, '_a0_': 1.0, '_a3_': 1.0, '_a4_': 1.0, '_a5_': 1.0, '_a6_': 1.0}};{'d0': 0.024905832919416653};-280.569866449044;40.31449544781899
20735;-99.9704377767027;(_a1_ * ((x * pow2((pow2((_a2_ ** _a7_)) * (x + _a2_)))) + x));{'d0': {'_a1_': 1.4465760893674877, '_a2_': 0.31192970782093665, '_a7_': -0.18191715024207777, '_a0_': 1.0, '_a3_': 1.0, '_a4_': 1.0, '_a5_': 1.0, '_a6_': 1.0}};{'d0': 0.024905832919416653};-280.569866449044;40.31449544781899
20736;-99.9704377767027;(_a1_ * ((x * pow2((pow2((_a2_ ** _a7_)) * (x + _a2_)))) + x));{'d0': {'_a1_': 1.4465760893674877, '_a2_': 0.31192970782093665, '_a7_': -0.18191715024207777, '_a0_': 1.0, '_a3_': 1.0, '_a4_': 1.0, '_a5_': 1.0, '_a6_': 1.0}};{'d0': 0.024905832919416653};-280.569866449044;40.31449544781899
20737;-99.9704377767027;(_a1_ * ((x * pow2((pow2((_a2_ ** _a7_)) * (x + _a2_)))) + x));{'d0': {'_a1_': 1.4465760893674877, '_a2_': 0.31192970782093665, '_a7_': -0.18191715024207777, '_a0_': 1.0, '_a3_': 1.0, '_a4_': 1.0, '_a5_': 1.0, '_a6_': 1.0}};{'d0': 0.024905832919416653};-280.569866449044;40.31449544781899
20738;-99.9704377767027;(_a1_ * ((x * pow2((pow2((_a2_ ** _a7_)) * (x + _a2_)))) + x));{'d0': {'_a1_': 1.4465760893674877, '_a2_': 0.31192970782093665, '_a7_': -0.18191715024207777, '_a0_': 1.0, '_a3_': 1.0, '_a4_': 1.0, '_a5_': 1.0, '_a6_': 1.0}};{'d0': 0.024905832919416653};-280.569866449044;40.31449544781899
20739;-101.702633509695;((x * -(_a7_)) * (_a5_ + pow2(((x + (_a7_ * _a0_)) * _a7_))));{'d0': {'_a0_': -0.20791698524612512, '_a5_': 0.9642163982653184, '_a7_': -1.5002608255090049, '_a1_': 1.0, '_a2_': 1.0, '_a3_': 1.0, '_a4_': 1.0, '_a6_': 1.0}};{'d0': 0.024905832919416598};-280.569866449044;38.582299714826306
20740;-101.702633509695;((x * -(_a7_)) * (_a5_ + pow2(((x + (_a7_ * _a0_)) * _a7_))));{'d0': {'_a0_': -0.20791698524612512, '_a5_': 0.9642163982653184, '_a7_': -1.5002608255090049, '_a1_': 1.0, '_a2_': 1.0, '_a3_': 1.0, '_a4_': 1.0, '_a6_': 1.0}};{'d0': 0.024905832919416598};-280.569866449044;38.582299714826306
20741;-101.702633509695;((x * -(_a7_)) * (_a5_ + pow2(((x + (_a7_ * _a0_)) * _a7_))));{'d0': {'_a0_': -0.20791698524612512, '_a5_': 0.9642163982653184, '_a7_': -1.5002608255090049, '_a1_': 1.0, '_a2_': 1.0, '_a3_': 1.0, '_a4_': 1.0, '_a6_': 1.0}};{'d0': 0.024905832919416598};-280.569866449044;38.582299714826306
20742;-101.702633509695;((x * -(_a7_)) * (_a5_ + pow2(((x + (_a7_ * _a0_)) * _a7_))));{'d0': {'_a0_': -0.20791698524612512, '_a5_': 0.9642163982653184, '_a7_': -1.5002608255090049, '_a1_': 1.0, '_a2_': 1.0, '_a3_': 1.0, '_a4_': 1.0, '_a6_': 1.0}};{'d0': 0.024905832919416598};-280.569866449044;38.582299714826306
20743;-101.702633509695;((x * -(_a7_)) * (_a5_ + pow2(((x + (_a7_ * _a0_)) * _a7_))));{'d0': {'_a0_': -0.20791698524612512, '_a5_': 0.9642163982653184, '_a7_': -1.5002608255090049, '_a1_': 1.0, '_a2_': 1.0, '_a3_': 1.0, '_a4_': 1.0, '_a6_': 1.0}};{'d0': 0.024905832919416598};-280.569866449044;38.582299714826306
20744;-101.702633509695;((x * -(_a7_)) * (_a5_ + pow2(((x + (_a7_ * _a0_)) * _a7_))));{'d0': {'_a0_': -0.20791698524612512, '_a5_': 0.9642163982653184, '_a7_': -1.5002608255090049, '_a1_': 1.0, '_a2_': 1.0, '_a3_': 1.0, '_a4_': 1.0, '_a6_': 1.0}};{'d0': 0.024905832919416598};-280.569866449044;38.582299714826306
20745;-101.702633509695;((x * -(_a7_)) * (_a5_ + pow2(((x + (_a7_ * _a0_)) * _a7_))));{'d0': {'_a0_': -0.20791698524612512, '_a5_': 0.9642163982653184, '_a7_': -1.5002608255090049, '_a1_': 1.0, '_a2_': 1.0, '_a3_': 1.0, '_a4_': 1.0, '_a6_': 1.0}};{'d0': 0.024905832919416598};-280.569866449044;38.582299714826306
20746;-101.702633509695;((x * -(_a7_)) * (_a5_ + pow2(((x + (_a7_ * _a0_)) * _a7_))));{'d0': {'_a0_': -0.20791698524612512, '_a5_': 0.9642163982653184, '_a7_': -1.5002608255090049, '_a1_': 1.0, '_a2_': 1.0, '_a3_': 1.0, '_a4_': 1.0, '_a6_': 1.0}};{'d0': 0.024905832919416598};-280.569866449044;38.582299714826306
20747;-101.702633509695;((x * -(_a7_)) * (_a5_ + pow2(((x + (_a7_ * _a0_)) * _a7_))));{'d0': {'_a0_': -0.20791698524612512, '_a5_': 0.9642163982653184, '_a7_': -1.5002608255090049, '_a1_': 1.0, '_a2_': 1.0, '_a3_': 1.0, '_a4_': 1.0, '_a6_': 1.0}};{'d0': 0.024905832919416598};-280.569866449044;38.582299714826306
20748;-97.3596223271332;((_a2_ + (((x * ((_a6_ / x) + _a5_)) * (_a6_ + x)) * _a5_)) * x);{'d0': {'_a2_': 1.475203509370653, '_a5_': 1.837596494896925, '_a6_': 0.40400454311019907, '_a0_': 1.0, '_a1_': 1.0, '_a3_': 1.0, '_a4_': 1.0, '_a7_': 1.0}};{'d0': 0.024905832919416605};-280.569866449044;42.925310897388385
20749;-97.3596223271332;((_a2_ + (((x * ((_a6_ / x) + _a5_)) * (_a6_ + x)) * _a5_)) * x);{'d0': {'_a2_': 1.475203509370653, '_a5_': 1.837596494896925, '_a6_': 0.40400454311019907, '_a0_': 1.0, '_a1_': 1.0, '_a3_': 1.0, '_a4_': 1.0, '_a7_': 1.0}};{'d0': 0.024905832919416605};-280.569866449044;42.925310897388385
20750;-97.3596223271332;((_a2_ + (((x * ((_a6_ / x) + _a5_)) * (_a6_ + x)) * _a6_)) * x);{'d0': {'_a2_': 1.6193203813964523, '_a5_': 6.275242765464473, '_a6_': 0.5381084055118162, '_a0_': 1.0, '_a1_': 1.0, '_a3_': 1.0, '_a4_': 1.0, '_a7_': 1.0}};{'d0': 0.024905832919416632};-280.569866449044;42.925310897388385
20751;-101.702633509695;((x * -(_a7_)) * (_a5_ + pow2(((x + (_a7_ * _a0_)) * _a7_))));{'d0': {'_a0_': -0.20791698524612512, '_a5_': 0.9642163982653184, '_a7_': -1.5002608255090049, '_a1_': 1.0, '_a2_': 1.0, '_a3_': 1.0, '_a4_': 1.0, '_a6_': 1.0}};{'d0': 0.024905832919416598};-280.569866449044;38.582299714826306
20752;-101.702633509695;((x * -(_a7_)) * (_a5_ + pow2(((x + (_a7_ * _a0_)) * _a7_))));{'d0': {'_a0_': -0.20791698524612512, '_a5_': 0.9642163982653184, '_a7_': -1.5002608255090049, '_a1_': 1.0, '_a2_': 1.0, '_a3_': 1.0, '_a4_': 1.0, '_a6_': 1.0}};{'d0': 0.024905832919416598};-280.569866449044;38.582299714826306
20753;-101.702633509695;((x * -(_a7_)) * (_a5_ + pow2(((x + (_a7_ * _a0_)) * _a7_))));{'d0': {'_a0_': -0.20791698524612512, '_a5_': 0.9642163982653184, '_a7_': -1.5002608255090049, '_a1_': 1.0, '_a2_': 1.0, '_a3_': 1.0, '_a4_': 1.0, '_a6_': 1.0}};{'d0': 0.024905832919416598};-280.569866449044;38.582299714826306
20754;-101.702633509695;((x * -(_a7_)) * (_a5_ + pow2(((x + (_a7_ * _a0_)) * _a7_))));{'d0': {'_a0_': -0.20791698524612512, '_a5_': 0.9642163982653184, '_a7_': -1.5002608255090049, '_a1_': 1.0, '_a2_': 1.0, '_a3_': 1.0, '_a4_': 1.0, '_a6_': 1.0}};{'d0': 0.024905832919416598};-280.569866449044;38.582299714826306
20755;-101.702633509695;((x * -(_a7_)) * (_a5_ + pow2(((x + (_a7_ * _a0_)) * _a7_))));{'d0': {'_a0_': -0.20791698524612512, '_a5_': 0.9642163982653184, '_a7_': -1.5002608255090049, '_a1_': 1.0, '_a2_': 1.0, '_a3_': 1.0, '_a4_': 1.0, '_a6_': 1.0}};{'d0': 0.024905832919416598};-280.569866449044;38.582299714826306
20756;-99.9704377767027;(_a1_ * ((x * pow2((pow2((_a2_ ** _a7_)) * (x + _a2_)))) + x));{'d0': {'_a1_': 1.4465760893674877, '_a2_': 0.31192970782093665, '_a7_': -0.18191715024207777, '_a0_': 1.0, '_a3_': 1.0, '_a4_': 1.0, '_a5_': 1.0, '_a6_': 1.0}};{'d0': 0.024905832919416653};-280.569866449044;40.31449544781899
20757;-99.9704377767027;(_a1_ * ((x * pow2((pow2((_a2_ ** _a7_)) * (x + _a2_)))) + x));{'d0': {'_a1_': 1.4465760893674877, '_a2_': 0.31192970782093665, '_a7_': -0.18191715024207777, '_a0_': 1.0, '_a3_': 1.0, '_a4_': 1.0, '_a5_': 1.0, '_a6_': 1.0}};{'d0': 0.024905832919416653};-280.569866449044;40.31449544781899
20758;-99.9704377767027;(_a1_ * ((x * pow2((pow2((_a2_ ** _a7_)) * (x + _a2_)))) + x));{'d0': {'_a1_': 1.4465760893674877, '_a2_': 0.31192970782093665, '_a7_': -0.18191715024207777, '_a0_': 1.0, '_a3_': 1.0, '_a4_': 1.0, '_a5_': 1.0, '_a6_': 1.0}};{'d0': 0.024905832919416653};-280.569866449044;40.31449544781899
20759;-99.9704377767027;(_a1_ * ((x * pow2((pow2((_a2_ ** _a7_)) * (x + _a2_)))) + x));{'d0': {'_a1_': 1.4465760893674877, '_a2_': 0.31192970782093665, '_a7_': -0.18191715024207777, '_a0_': 1.0, '_a3_': 1.0, '_a4_': 1.0, '_a5_': 1.0, '_a6_': 1.0}};{'d0': 0.024905832919416653};-280.569866449044;40.31449544781899
20760;-99.9704377767027;(_a1_ * ((x * pow2((pow2((_a2_ ** _a7_)) * (x + _a2_)))) + x));{'d0': {'_a1_': 1.4465760893674877, '_a2_': 0.31192970782093665, '_a7_': -0.18191715024207777, '_a0_': 1.0, '_a3_': 1.0, '_a4_': 1.0, '_a5_': 1.0, '_a6_': 1.0}};{'d0': 0.024905832919416653};-280.569866449044;40.31449544781899
20761;-99.9704377767027;(_a1_ * ((x * pow2((pow2((_a2_ ** _a7_)) * (x + _a2_)))) + x));{'d0': {'_a1_': 1.4465760893674877, '_a2_': 0.31192970782093665, '_a7_': -0.18191715024207777, '_a0_': 1.0, '_a3_': 1.0, '_a4_': 1.0, '_a5_': 1.0, '_a6_': 1.0}};{'d0': 0.024905832919416653};-280.569866449044;40.31449544781899
20762;-99.9704377767027;(_a1_ * ((x * pow2((pow2((_a2_ ** _a7_)) * (x + _a2_)))) + x));{'d0': {'_a1_': 1.4465760893674877, '_a2_': 0.31192970782093665, '_a7_': -0.18191715024207777, '_a0_': 1.0, '_a3_': 1.0, '_a4_': 1.0, '_a5_': 1.0, '_a6_': 1.0}};{'d0': 0.024905832919416653};-280.569866449044;40.31449544781899
20763;-99.9704377767027;(_a1_ * ((x * pow2((pow2((_a2_ ** _a7_)) * (x + _a2_)))) + x));{'d0': {'_a1_': 1.4465760893674877, '_a2_': 0.31192970782093665, '_a7_': -0.18191715024207777, '_a0_': 1.0, '_a3_': 1.0, '_a4_': 1.0, '_a5_': 1.0, '_a6_': 1.0}};{'d0': 0.024905832919416653};-280.569866449044;40.31449544781899
20764;-99.9704377767027;(_a1_ * ((x * pow2((pow2((_a2_ ** _a7_)) * (x + _a2_)))) + x));{'d0': {'_a1_': 1.4465760893674877, '_a2_': 0.31192970782093665, '_a7_': -0.18191715024207777, '_a0_': 1.0, '_a3_': 1.0, '_a4_': 1.0, '_a5_': 1.0, '_a6_': 1.0}};{'d0': 0.024905832919416653};-280.569866449044;40.31449544781899
20765;-99.9704377767027;(_a1_ * ((x * pow2((pow2((_a2_ ** _a7_)) * (x + _a2_)))) + x));{'d0': {'_a1_': 1.4465760893674877, '_a2_': 0.31192970782093665, '_a7_': -0.18191715024207777, '_a0_': 1.0, '_a3_': 1.0, '_a4_': 1.0, '_a5_': 1.0, '_a6_': 1.0}};{'d0': 0.024905832919416653};-280.569866449044;40.31449544781899
20766;-99.9704377767027;(_a1_ * ((x * pow2((pow2((_a2_ ** _a7_)) * (x + _a2_)))) + x));{'d0': {'_a1_': 1.4465760893674877, '_a2_': 0.31192970782093665, '_a7_': -0.18191715024207777, '_a0_': 1.0, '_a3_': 1.0, '_a4_': 1.0, '_a5_': 1.0, '_a6_': 1.0}};{'d0': 0.024905832919416653};-280.569866449044;40.31449544781899
20767;-99.9704377767027;(_a1_ * ((x * pow2((pow2((_a2_ ** _a7_)) * (x + _a2_)))) + x));{'d0': {'_a1_': 1.4465760893674877, '_a2_': 0.31192970782093665, '_a7_': -0.18191715024207777, '_a0_': 1.0, '_a3_': 1.0, '_a4_': 1.0, '_a5_': 1.0, '_a6_': 1.0}};{'d0': 0.024905832919416653};-280.569866449044;40.31449544781899
20768;-99.9704377767027;(_a1_ * ((x * pow2((pow2((_a2_ ** _a7_)) * (x + _a2_)))) + x));{'d0': {'_a1_': 1.4465760893674877, '_a2_': 0.31192970782093665, '_a7_': -0.18191715024207777, '_a0_': 1.0, '_a3_': 1.0, '_a4_': 1.0, '_a5_': 1.0, '_a6_': 1.0}};{'d0': 0.024905832919416653};-280.569866449044;40.31449544781899
20769;-99.9704377767027;(_a1_ * ((x * pow2((pow2((_a2_ ** _a7_)) * (x + _a2_)))) + x));{'d0': {'_a1_': 1.4465760893674877, '_a2_': 0.31192970782093665, '_a7_': -0.18191715024207777, '_a0_': 1.0, '_a3_': 1.0, '_a4_': 1.0, '_a5_': 1.0, '_a6_': 1.0}};{'d0': 0.024905832919416653};-280.569866449044;40.31449544781899
20770;-99.9704377767027;(_a1_ * ((x * pow2((pow2((_a2_ ** _a7_)) * (x + _a2_)))) + x));{'d0': {'_a1_': 1.4465760893674877, '_a2_': 0.31192970782093665, '_a7_': -0.18191715024207777, '_a0_': 1.0, '_a3_': 1.0, '_a4_': 1.0, '_a5_': 1.0, '_a6_': 1.0}};{'d0': 0.024905832919416653};-280.569866449044;40.31449544781899
20771;-99.9704377767027;(_a1_ * ((x * pow2((pow2((_a2_ ** _a7_)) * (x + _a2_)))) + x));{'d0': {'_a1_': 1.4465760893674877, '_a2_': 0.31192970782093665, '_a7_': -0.18191715024207777, '_a0_': 1.0, '_a3_': 1.0, '_a4_': 1.0, '_a5_': 1.0, '_a6_': 1.0}};{'d0': 0.024905832919416653};-280.569866449044;40.31449544781899
20772;-99.9704377767027;(_a1_ * ((x * pow2((pow2((_a2_ ** _a7_)) * (x + _a2_)))) + x));{'d0': {'_a1_': 1.4465760893674877, '_a2_': 0.31192970782093665, '_a7_': -0.18191715024207777, '_a0_': 1.0, '_a3_': 1.0, '_a4_': 1.0, '_a5_': 1.0, '_a6_': 1.0}};{'d0': 0.024905832919416653};-280.569866449044;40.31449544781899
20773;-99.9704377767027;(_a1_ * ((x * pow2((pow2((_a2_ ** _a7_)) * (x + _a2_)))) + x));{'d0': {'_a1_': 1.4465760893674877, '_a2_': 0.31192970782093665, '_a7_': -0.18191715024207777, '_a0_': 1.0, '_a3_': 1.0, '_a4_': 1.0, '_a5_': 1.0, '_a6_': 1.0}};{'d0': 0.024905832919416653};-280.569866449044;40.31449544781899
20774;-98.3023041146527;(_a1_ * ((x * pow2((exp((_a2_ ** _a7_)) * (x + _a2_)))) + x));{'d0': {'_a1_': 1.4465760897121522, '_a2_': 0.3119297077807238, '_a7_': 0.7367997244395263, '_a0_': 1.0, '_a3_': 1.0, '_a4_': 1.0, '_a5_': 1.0, '_a6_': 1.0}};{'d0': 0.02490583291941665};-280.569866449044;41.982629109868995
20775;-106.651973435152;(x * (_a5_ + pow2(((-(x) + (_a7_ * _a0_)) * _a7_))));{'d0': {'_a0_': 0.1697487498991629, '_a5_': 1.4465760896859243, '_a7_': -1.8375964946291719, '_a1_': 1.0, '_a2_': 1.0, '_a3_': 1.0, '_a4_': 1.0, '_a6_': 1.0}};{'d0': 0.024905832919416577};-280.569866449044;33.63295978936931
20776;-106.651973435152;(x * (_a5_ + pow2(((-(x) + (_a7_ * _a0_)) * _a7_))));{'d0': {'_a0_': 0.1697487498991629, '_a5_': 1.4465760896859243, '_a7_': -1.8375964946291719, '_a1_': 1.0, '_a2_': 1.0, '_a3_': 1.0, '_a4_': 1.0, '_a6_': 1.0}};{'d0': 0.024905832919416577};-280.569866449044;33.63295978936931
20777;-106.651973435152;(x * (_a5_ + pow2(((-(x) + (_a7_ * _a0_)) * _a7_))));{'d0': {'_a0_': 0.1697487498991629, '_a5_': 1.4465760896859243, '_a7_': -1.8375964946291719, '_a1_': 1.0, '_a2_': 1.0, '_a3_': 1.0, '_a4_': 1.0, '_a6_': 1.0}};{'d0': 0.024905832919416577};-280.569866449044;33.63295978936931
20778;-106.651973435152;(x * (_a5_ + pow2(((-(x) + (_a7_ * _a0_)) * _a7_))));{'d0': {'_a0_': 0.1697487498991629, '_a5_': 1.4465760896859243, '_a7_': -1.8375964946291719, '_a1_': 1.0, '_a2_': 1.0, '_a3_': 1.0, '_a4_': 1.0, '_a6_': 1.0}};{'d0': 0.024905832919416577};-280.569866449044;33.63295978936931
20779;-106.651973435152;(x * (_a5_ + pow2(((-(x) + (_a7_ * _a0_)) * _a7_))));{'d0': {'_a0_': 0.1697487498991629, '_a5_': 1.4465760896859243, '_a7_': -1.8375964946291719, '_a1_': 1.0, '_a2_': 1.0, '_a3_': 1.0, '_a4_': 1.0, '_a6_': 1.0}};{'d0': 0.024905832919416577};-280.569866449044;33.63295978936931
20780;-106.651973435152;(x * (_a5_ + pow2(((-(x) + (_a7_ * _a0_)) * _a7_))));{'d0': {'_a0_': 0.1697487498991629, '_a5_': 1.4465760896859243, '_a7_': -1.8375964946291719, '_a1_': 1.0, '_a2_': 1.0, '_a3_': 1.0, '_a4_': 1.0, '_a6_': 1.0}};{'d0': 0.024905832919416577};-280.569866449044;33.63295978936931
20781;-106.651973435152;(x * (_a5_ + pow2(((-(x) + (_a7_ * _a0_)) * _a7_))));{'d0': {'_a0_': 0.1697487498991629, '_a5_': 1.4465760896859243, '_a7_': -1.8375964946291719, '_a1_': 1.0, '_a2_': 1.0, '_a3_': 1.0, '_a4_': 1.0, '_a6_': 1.0}};{'d0': 0.024905832919416577};-280.569866449044;33.63295978936931
20782;-106.651973435152;(x * (_a5_ + pow2(((-(x) + (_a7_ * _a0_)) * _a7_))));{'d0': {'_a0_': 0.1697487498991629, '_a5_': 1.4465760896859243, '_a7_': -1.8375964946291719, '_a1_': 1.0, '_a2_': 1.0, '_a3_': 1.0, '_a4_': 1.0, '_a6_': 1.0}};{'d0': 0.024905832919416577};-280.569866449044;33.63295978936931
20783;-106.651973435152;(x * (_a5_ + pow2(((-(x) + (_a7_ * _a0_)) * _a7_))));{'d0': {'_a0_': 0.1697487498991629, '_a5_': 1.4465760896859243, '_a7_': -1.8375964946291719, '_a1_': 1.0, '_a2_': 1.0, '_a3_': 1.0, '_a4_': 1.0, '_a6_': 1.0}};{'d0': 0.024905832919416577};-280.569866449044;33.63295978936931
20784;-106.651973435152;(x * (_a5_ + pow2(((-(x) + (_a7_ * _a0_)) * _a7_))));{'d0': {'_a0_': 0.1697487498991629, '_a5_': 1.4465760896859243, '_a7_': -1.8375964946291719, '_a1_': 1.0, '_a2_': 1.0, '_a3_': 1.0, '_a4_': 1.0, '_a6_': 1.0}};{'d0': 0.024905832919416577};-280.569866449044;33.63295978936931
20785;-106.651973435152;(x * (_a5_ + pow2(((-(x) + (_a7_ * _a0_)) * _a7_))));{'d0': {'_a0_': 0.1697487498991629, '_a5_': 1.4465760896859243, '_a7_': -1.8375964946291719, '_a1_': 1.0, '_a2_': 1.0, '_a3_': 1.0, '_a4_': 1.0, '_a6_': 1.0}};{'d0': 0.024905832919416577};-280.569866449044;33.63295978936931
20786;-106.651973435152;(x * (_a5_ + pow2(((-(x) + (_a7_ * _a0_)) * _a7_))));{'d0': {'_a0_': 0.1697487498991629, '_a5_': 1.4465760896859243, '_a7_': -1.8375964946291719, '_a1_': 1.0, '_a2_': 1.0, '_a3_': 1.0, '_a4_': 1.0, '_a6_': 1.0}};{'d0': 0.024905832919416577};-280.569866449044;33.63295978936931
20787;-101.702633509695;((_a0_ * x) * (_a5_ + pow2(((-(x) + (_a7_ * _a0_)) * _a7_))));{'d0': {'_a0_': 0.028814638064679987, '_a5_': 50.20282000639409, '_a7_': -10.825390446336948, '_a1_': 1.0, '_a2_': 1.0, '_a3_': 1.0, '_a4_': 1.0, '_a6_': 1.0}};{'d0': 0.024905832919416695};-280.569866449043;38.582299714826306
20788;-101.702633509695;((_a0_ * x) * (_a5_ + pow2(((-(x) + (_a7_ * _a0_)) * _a7_))));{'d0': {'_a0_': 0.028814638064679987, '_a5_': 50.20282000639409, '_a7_': -10.825390446336948, '_a1_': 1.0, '_a2_': 1.0, '_a3_': 1.0, '_a4_': 1.0, '_a6_': 1.0}};{'d0': 0.024905832919416695};-280.569866449043;38.582299714826306
20789;-101.702633509695;((_a0_ * x) * (_a5_ + pow2(((-(x) + (_a7_ * _a0_)) * _a7_))));{'d0': {'_a0_': 0.028814638064679987, '_a5_': 50.20282000639409, '_a7_': -10.825390446336948, '_a1_': 1.0, '_a2_': 1.0, '_a3_': 1.0, '_a4_': 1.0, '_a6_': 1.0}};{'d0': 0.024905832919416695};-280.569866449043;38.582299714826306
20790;-101.702633509695;((_a0_ * x) * (_a5_ + pow2(((-(x) + (_a7_ * _a0_)) * _a7_))));{'d0': {'_a0_': 0.028814638064679987, '_a5_': 50.20282000639409, '_a7_': -10.825390446336948, '_a1_': 1.0, '_a2_': 1.0, '_a3_': 1.0, '_a4_': 1.0, '_a6_': 1.0}};{'d0': 0.024905832919416695};-280.569866449043;38.582299714826306
20791;-101.702633509695;((_a0_ * x) * (_a5_ + pow2(((-(x) + (_a7_ * _a0_)) * _a7_))));{'d0': {'_a0_': 0.028814638064679987, '_a5_': 50.20282000639409, '_a7_': -10.825390446336948, '_a1_': 1.0, '_a2_': 1.0, '_a3_': 1.0, '_a4_': 1.0, '_a6_': 1.0}};{'d0': 0.024905832919416695};-280.569866449043;38.582299714826306
20792;-101.702633509695;((_a0_ * x) * (_a5_ + pow2(((-(x) + (_a7_ * _a0_)) * _a7_))));{'d0': {'_a0_': 0.028814638064679987, '_a5_': 50.20282000639409, '_a7_': -10.825390446336948, '_a1_': 1.0, '_a2_': 1.0, '_a3_': 1.0, '_a4_': 1.0, '_a6_': 1.0}};{'d0': 0.024905832919416695};-280.569866449043;38.582299714826306
20793;-101.702633509695;((_a0_ * x) * (_a5_ + pow2(((-(x) + (_a7_ * _a0_)) * _a7_))));{'d0': {'_a0_': 0.028814638064679987, '_a5_': 50.20282000639409, '_a7_': -10.825390446336948, '_a1_': 1.0, '_a2_': 1.0, '_a3_': 1.0, '_a4_': 1.0, '_a6_': 1.0}};{'d0': 0.024905832919416695};-280.569866449043;38.582299714826306
20794;-101.702633509695;((_a0_ * x) * (_a5_ + pow2(((-(x) + (_a7_ * _a0_)) * _a7_))));{'d0': {'_a0_': 0.028814638064679987, '_a5_': 50.20282000639409, '_a7_': -10.825390446336948, '_a1_': 1.0, '_a2_': 1.0, '_a3_': 1.0, '_a4_': 1.0, '_a6_': 1.0}};{'d0': 0.024905832919416695};-280.569866449043;38.582299714826306
20795;-101.702633509695;((_a0_ * x) * (_a5_ + pow2(((-(x) + (_a7_ * _a0_)) * _a7_))));{'d0': {'_a0_': 0.028814638064679987, '_a5_': 50.20282000639409, '_a7_': -10.825390446336948, '_a1_': 1.0, '_a2_': 1.0, '_a3_': 1.0, '_a4_': 1.0, '_a6_': 1.0}};{'d0': 0.024905832919416695};-280.569866449043;38.582299714826306
20796;-101.702633509695;((_a0_ * x) * (_a5_ + pow2(((-(x) + (_a7_ * _a0_)) * _a7_))));{'d0': {'_a0_': 0.028814638064679987, '_a5_': 50.20282000639409, '_a7_': -10.825390446336948, '_a1_': 1.0, '_a2_': 1.0, '_a3_': 1.0, '_a4_': 1.0, '_a6_': 1.0}};{'d0': 0.024905832919416695};-280.569866449043;38.582299714826306
20797;-101.702633509695;((_a0_ * x) * (_a5_ + pow2(((-(x) + (_a7_ * _a0_)) * _a7_))));{'d0': {'_a0_': 0.028814638064679987, '_a5_': 50.20282000639409, '_a7_': -10.825390446336948, '_a1_': 1.0, '_a2_': 1.0, '_a3_': 1.0, '_a4_': 1.0, '_a6_': 1.0}};{'d0': 0.024905832919416695};-280.569866449043;38.582299714826306
20798;-101.702633509695;((_a0_ * x) * (_a5_ + pow2(((-(x) + (_a7_ * _a0_)) * _a7_))));{'d0': {'_a0_': 0.028814638064679987, '_a5_': 50.20282000639409, '_a7_': -10.825390446336948, '_a1_': 1.0, '_a2_': 1.0, '_a3_': 1.0, '_a4_': 1.0, '_a6_': 1.0}};{'d0': 0.024905832919416695};-280.569866449043;38.582299714826306
20799;-101.702633509695;((_a0_ * x) * (_a5_ + pow2(((-(x) + (_a7_ * _a0_)) * _a7_))));{'d0': {'_a0_': 0.028814638064679987, '_a5_': 50.20282000639409, '_a7_': -10.825390446336948, '_a1_': 1.0, '_a2_': 1.0, '_a3_': 1.0, '_a4_': 1.0, '_a6_': 1.0}};{'d0': 0.024905832919416695};-280.569866449043;38.582299714826306
20800;-101.702633509695;((_a0_ * x) * (_a5_ + pow2(((-(x) + (_a7_ * _a0_)) * _a7_))));{'d0': {'_a0_': 0.028814638064679987, '_a5_': 50.20282000639409, '_a7_': -10.825390446336948, '_a1_': 1.0, '_a2_': 1.0, '_a3_': 1.0, '_a4_': 1.0, '_a6_': 1.0}};{'d0': 0.024905832919416695};-280.569866449043;38.582299714826306
20801;-105.382580669956;((pow2(_a3_) + (((x * _a1_) * (_a6_ + x)) * _a6_)) * x);{'d0': {'_a1_': 5.412695220541523, '_a3_': -1.3323420749113783, '_a6_': 0.623859415592783, '_a0_': 1.0, '_a2_': 1.0, '_a4_': 1.0, '_a5_': 1.0, '_a7_': 1.0}};{'d0': 0.024905832919416625};-280.569866449044;34.90235255456598
20802;-101.702633509695;((_a0_ * x) * (_a5_ + pow2(((-(x) + (_a7_ * _a0_)) * _a7_))));{'d0': {'_a0_': 0.028814638064679987, '_a5_': 50.20282000639409, '_a7_': -10.825390446336948, '_a1_': 1.0, '_a2_': 1.0, '_a3_': 1.0, '_a4_': 1.0, '_a6_': 1.0}};{'d0': 0.024905832919416695};-280.569866449043;38.582299714826306
20803;-101.702633509695;((_a0_ * x) * (_a5_ + pow2(((-(x) + (_a7_ * _a0_)) * _a7_))));{'d0': {'_a0_': 0.028814638064679987, '_a5_': 50.20282000639409, '_a7_': -10.825390446336948, '_a1_': 1.0, '_a2_': 1.0, '_a3_': 1.0, '_a4_': 1.0, '_a6_': 1.0}};{'d0': 0.024905832919416695};-280.569866449043;38.582299714826306
20804;-101.702633509695;((_a0_ * x) * (_a5_ + pow2(((-(x) + (_a7_ * _a0_)) * _a7_))));{'d0': {'_a0_': 0.028814638064679987, '_a5_': 50.20282000639409, '_a7_': -10.825390446336948, '_a1_': 1.0, '_a2_': 1.0, '_a3_': 1.0, '_a4_': 1.0, '_a6_': 1.0}};{'d0': 0.024905832919416695};-280.569866449043;38.582299714826306
20805;-101.702633509695;((_a0_ * x) * (_a5_ + pow2(((-(x) + (_a7_ * _a0_)) * _a7_))));{'d0': {'_a0_': 0.028814638064679987, '_a5_': 50.20282000639409, '_a7_': -10.825390446336948, '_a1_': 1.0, '_a2_': 1.0, '_a3_': 1.0, '_a4_': 1.0, '_a6_': 1.0}};{'d0': 0.024905832919416695};-280.569866449043;38.582299714826306
20806;-101.702633509695;((_a0_ * x) * (_a5_ + pow2(((-(x) + (_a7_ * _a0_)) * _a7_))));{'d0': {'_a0_': 0.028814638064679987, '_a5_': 50.20282000639409, '_a7_': -10.825390446336948, '_a1_': 1.0, '_a2_': 1.0, '_a3_': 1.0, '_a4_': 1.0, '_a6_': 1.0}};{'d0': 0.024905832919416695};-280.569866449043;38.582299714826306
20807;-99.6554612185247;((pow2(_a3_) + (((x * _a1_) * (-(_a7_) + x)) * _a6_)) * x);{'d0': {'_a1_': 1.6924097963363882, '_a3_': -1.332342074917366, '_a6_': 1.9952364306592443, '_a7_': -0.6238594156247524, '_a0_': 1.0, '_a2_': 1.0, '_a4_': 1.0, '_a5_': 1.0}};{'d0': 0.02490583292776789};-276.475521866703;38.58229971482637
20808;-99.6554612185247;((pow2(_a3_) + (((x * _a1_) * (-(_a7_) + x)) * _a6_)) * x);{'d0': {'_a1_': 1.6924097963363882, '_a3_': -1.332342074917366, '_a6_': 1.9952364306592443, '_a7_': -0.6238594156247524, '_a0_': 1.0, '_a2_': 1.0, '_a4_': 1.0, '_a5_': 1.0}};{'d0': 0.02490583292776789};-276.475521866703;38.58229971482637
20809;-99.6554612185247;((pow2(_a3_) + (((x * _a1_) * (-(_a7_) + x)) * _a6_)) * x);{'d0': {'_a1_': 1.6924097963363882, '_a3_': -1.332342074917366, '_a6_': 1.9952364306592443, '_a7_': -0.6238594156247524, '_a0_': 1.0, '_a2_': 1.0, '_a4_': 1.0, '_a5_': 1.0}};{'d0': 0.02490583292776789};-276.475521866703;38.58229971482637
20810;-99.6554612185247;((pow2(_a3_) + (((x * _a1_) * (-(_a7_) + x)) * _a6_)) * x);{'d0': {'_a1_': 1.6924097963363882, '_a3_': -1.332342074917366, '_a6_': 1.9952364306592443, '_a7_': -0.6238594156247524, '_a0_': 1.0, '_a2_': 1.0, '_a4_': 1.0, '_a5_': 1.0}};{'d0': 0.02490583292776789};-276.475521866703;38.58229971482637
20811;-99.6554612185247;((pow2(_a3_) + (((x * _a1_) * (-(_a7_) + x)) * _a6_)) * x);{'d0': {'_a1_': 1.6924097963363882, '_a3_': -1.332342074917366, '_a6_': 1.9952364306592443, '_a7_': -0.6238594156247524, '_a0_': 1.0, '_a2_': 1.0, '_a4_': 1.0, '_a5_': 1.0}};{'d0': 0.02490583292776789};-276.475521866703;38.58229971482637
20812;-99.6554612185247;((pow2(_a3_) + (((x * _a1_) * (-(_a7_) + x)) * _a6_)) * x);{'d0': {'_a1_': 1.6924097963363882, '_a3_': -1.332342074917366, '_a6_': 1.9952364306592443, '_a7_': -0.6238594156247524, '_a0_': 1.0, '_a2_': 1.0, '_a4_': 1.0, '_a5_': 1.0}};{'d0': 0.02490583292776789};-276.475521866703;38.58229971482637
20813;-99.6554612185247;((pow2(_a3_) + (((x * _a1_) * (-(_a7_) + x)) * _a6_)) * x);{'d0': {'_a1_': 1.6924097963363882, '_a3_': -1.332342074917366, '_a6_': 1.9952364306592443, '_a7_': -0.6238594156247524, '_a0_': 1.0, '_a2_': 1.0, '_a4_': 1.0, '_a5_': 1.0}};{'d0': 0.02490583292776789};-276.475521866703;38.58229971482637
20814;-99.6554612185247;((pow2(_a3_) + (((x * _a1_) * (-(_a7_) + x)) * _a6_)) * x);{'d0': {'_a1_': 1.6924097963363882, '_a3_': -1.332342074917366, '_a6_': 1.9952364306592443, '_a7_': -0.6238594156247524, '_a0_': 1.0, '_a2_': 1.0, '_a4_': 1.0, '_a5_': 1.0}};{'d0': 0.02490583292776789};-276.475521866703;38.58229971482637
20815;-99.6554612185247;((pow2(_a3_) + (((x * _a1_) * (-(_a7_) + x)) * _a6_)) * x);{'d0': {'_a1_': 1.6924097963363882, '_a3_': -1.332342074917366, '_a6_': 1.9952364306592443, '_a7_': -0.6238594156247524, '_a0_': 1.0, '_a2_': 1.0, '_a4_': 1.0, '_a5_': 1.0}};{'d0': 0.02490583292776789};-276.475521866703;38.58229971482637
20816;-99.6554612275479;((pow2(_a3_) + (((x * _a5_) * (-(_a7_) + x)) * _a6_)) * x);{'d0': {'_a3_': -1.332342074776751, '_a5_': 0.8429745842678619, '_a6_': 4.005767096019731, '_a7_': -0.6238594155465305, '_a0_': 1.0, '_a1_': 1.0, '_a2_': 1.0, '_a4_': 1.0}};{'d0': 0.024905832920276958};-276.475521884749;38.58229971482637
20817;-99.6554612275479;((pow2(_a3_) + (((x * _a5_) * (-(_a7_) + x)) * _a6_)) * x);{'d0': {'_a3_': -1.332342074776751, '_a5_': 0.8429745842678619, '_a6_': 4.005767096019731, '_a7_': -0.6238594155465305, '_a0_': 1.0, '_a1_': 1.0, '_a2_': 1.0, '_a4_': 1.0}};{'d0': 0.024905832920276958};-276.475521884749;38.58229971482637
20818;-99.6554612275479;((pow2(_a3_) + (((x * _a5_) * (-(_a7_) + x)) * _a6_)) * x);{'d0': {'_a3_': -1.332342074776751, '_a5_': 0.8429745842678619, '_a6_': 4.005767096019731, '_a7_': -0.6238594155465305, '_a0_': 1.0, '_a1_': 1.0, '_a2_': 1.0, '_a4_': 1.0}};{'d0': 0.024905832920276958};-276.475521884749;38.58229971482637
20819;-101.702633509695;((_a0_ * x) * (_a5_ + pow2(((-(x) + (_a7_ * _a0_)) * _a7_))));{'d0': {'_a0_': 0.028814638064679987, '_a5_': 50.20282000639409, '_a7_': -10.825390446336948, '_a1_': 1.0, '_a2_': 1.0, '_a3_': 1.0, '_a4_': 1.0, '_a6_': 1.0}};{'d0': 0.024905832919416695};-280.569866449043;38.582299714826306
20820;-101.702633509695;((_a0_ * x) * (_a5_ + pow2(((-(x) + (_a7_ * _a0_)) * _a7_))));{'d0': {'_a0_': 0.028814638064679987, '_a5_': 50.20282000639409, '_a7_': -10.825390446336948, '_a1_': 1.0, '_a2_': 1.0, '_a3_': 1.0, '_a4_': 1.0, '_a6_': 1.0}};{'d0': 0.024905832919416695};-280.569866449043;38.582299714826306
20821;-101.702633509695;((_a0_ * x) * (_a5_ + pow2(((-(x) + (_a7_ * _a0_)) * _a7_))));{'d0': {'_a0_': 0.028814638064679987, '_a5_': 50.20282000639409, '_a7_': -10.825390446336948, '_a1_': 1.0, '_a2_': 1.0, '_a3_': 1.0, '_a4_': 1.0, '_a6_': 1.0}};{'d0': 0.024905832919416695};-280.569866449043;38.582299714826306
20822;-101.702633509695;((_a0_ * x) * (_a5_ + pow2(((-(x) + (_a7_ * _a0_)) * _a7_))));{'d0': {'_a0_': 0.028814638064679987, '_a5_': 50.20282000639409, '_a7_': -10.825390446336948, '_a1_': 1.0, '_a2_': 1.0, '_a3_': 1.0, '_a4_': 1.0, '_a6_': 1.0}};{'d0': 0.024905832919416695};-280.569866449043;38.582299714826306
20823;-101.702633509695;((_a0_ * x) * (_a5_ + pow2(((-(x) + (_a7_ * _a0_)) * _a7_))));{'d0': {'_a0_': 0.028814638064679987, '_a5_': 50.20282000639409, '_a7_': -10.825390446336948, '_a1_': 1.0, '_a2_': 1.0, '_a3_': 1.0, '_a4_': 1.0, '_a6_': 1.0}};{'d0': 0.024905832919416695};-280.569866449043;38.582299714826306
20824;-101.702633509695;((_a0_ * x) * (_a5_ + pow2(((-(x) + (_a7_ * _a0_)) * _a7_))));{'d0': {'_a0_': 0.028814638064679987, '_a5_': 50.20282000639409, '_a7_': -10.825390446336948, '_a1_': 1.0, '_a2_': 1.0, '_a3_': 1.0, '_a4_': 1.0, '_a6_': 1.0}};{'d0': 0.024905832919416695};-280.569866449043;38.582299714826306
20825;-101.702633509695;((_a0_ * x) * (_a5_ + pow2(((-(x) + (_a7_ * _a0_)) * _a7_))));{'d0': {'_a0_': 0.028814638064679987, '_a5_': 50.20282000639409, '_a7_': -10.825390446336948, '_a1_': 1.0, '_a2_': 1.0, '_a3_': 1.0, '_a4_': 1.0, '_a6_': 1.0}};{'d0': 0.024905832919416695};-280.569866449043;38.582299714826306
20826;-106.651973435152;((_a0_ * x) * (_a5_ + pow2(((-(x) + _a7_) * _a7_))));{'d0': {'_a0_': 34.70458299843283, '_a5_': 0.04168256651510959, '_a7_': -0.311929707884397, '_a1_': 1.0, '_a2_': 1.0, '_a3_': 1.0, '_a4_': 1.0, '_a6_': 1.0}};{'d0': 0.024905832919416667};-280.569866449044;33.63295978936931
20827;-106.651973435152;((_a0_ * x) * (_a5_ + pow2(((-(x) + _a7_) * _a7_))));{'d0': {'_a0_': 34.70458299843283, '_a5_': 0.04168256651510959, '_a7_': -0.311929707884397, '_a1_': 1.0, '_a2_': 1.0, '_a3_': 1.0, '_a4_': 1.0, '_a6_': 1.0}};{'d0': 0.024905832919416667};-280.569866449044;33.63295978936931
20828;-106.651973435152;((_a0_ * x) * (_a5_ + pow2(((-(x) + _a7_) * _a7_))));{'d0': {'_a0_': 34.70458299843283, '_a5_': 0.04168256651510959, '_a7_': -0.311929707884397, '_a1_': 1.0, '_a2_': 1.0, '_a3_': 1.0, '_a4_': 1.0, '_a6_': 1.0}};{'d0': 0.024905832919416667};-280.569866449044;33.63295978936931
20829;-100.034499847645;((_a3_ + (((x * _a5_) * (-(_a7_) + x)) * exp(_a7_))) * x);{'d0': {'_a3_': 1.775135404468744, '_a5_': 6.3014284480323335, '_a7_': -0.6238594156054105, '_a0_': 1.0, '_a1_': 1.0, '_a2_': 1.0, '_a4_': 1.0, '_a6_': 1.0}};{'d0': 0.02490583291941661};-280.569866449044;40.250433376876366
20830;-100.034499847645;((_a3_ + (((x * _a5_) * (-(_a7_) + x)) * exp(_a7_))) * x);{'d0': {'_a3_': 1.775135404468744, '_a5_': 6.3014284480323335, '_a7_': -0.6238594156054105, '_a0_': 1.0, '_a1_': 1.0, '_a2_': 1.0, '_a4_': 1.0, '_a6_': 1.0}};{'d0': 0.02490583291941661};-280.569866449044;40.250433376876366
20831;-100.034499847645;((_a3_ + (((x * _a5_) * (-(_a7_) + x)) * exp(_a7_))) * x);{'d0': {'_a3_': 1.775135404468744, '_a5_': 6.3014284480323335, '_a7_': -0.6238594156054105, '_a0_': 1.0, '_a1_': 1.0, '_a2_': 1.0, '_a4_': 1.0, '_a6_': 1.0}};{'d0': 0.02490583291941661};-280.569866449044;40.250433376876366
20832;-100.034499847645;((_a3_ + (((x * _a5_) * (-(_a7_) + x)) * exp(_a7_))) * x);{'d0': {'_a3_': 1.775135404468744, '_a5_': 6.3014284480323335, '_a7_': -0.6238594156054105, '_a0_': 1.0, '_a1_': 1.0, '_a2_': 1.0, '_a4_': 1.0, '_a6_': 1.0}};{'d0': 0.02490583291941661};-280.569866449044;40.250433376876366
20833;-100.034499847645;((_a3_ + (((x * _a5_) * (-(_a7_) + x)) * exp(_a7_))) * x);{'d0': {'_a3_': 1.775135404468744, '_a5_': 6.3014284480323335, '_a7_': -0.6238594156054105, '_a0_': 1.0, '_a1_': 1.0, '_a2_': 1.0, '_a4_': 1.0, '_a6_': 1.0}};{'d0': 0.02490583291941661};-280.569866449044;40.250433376876366
20834;-100.034499847645;((_a3_ + (((x * _a5_) * (-(_a7_) + x)) * exp(_a7_))) * x);{'d0': {'_a3_': 1.775135404468744, '_a5_': 6.3014284480323335, '_a7_': -0.6238594156054105, '_a0_': 1.0, '_a1_': 1.0, '_a2_': 1.0, '_a4_': 1.0, '_a6_': 1.0}};{'d0': 0.02490583291941661};-280.569866449044;40.250433376876366
20835;-100.034499847645;((_a3_ + (((x * _a5_) * (-(_a7_) + x)) * exp(_a7_))) * x);{'d0': {'_a3_': 1.775135404468744, '_a5_': 6.3014284480323335, '_a7_': -0.6238594156054105, '_a0_': 1.0, '_a1_': 1.0, '_a2_': 1.0, '_a4_': 1.0, '_a6_': 1.0}};{'d0': 0.02490583291941661};-280.569866449044;40.250433376876366
20836;-100.034499847645;((_a3_ + (((x * _a5_) * (-(_a7_) + x)) * exp(_a7_))) * x);{'d0': {'_a3_': 1.775135404468744, '_a5_': 6.3014284480323335, '_a7_': -0.6238594156054105, '_a0_': 1.0, '_a1_': 1.0, '_a2_': 1.0, '_a4_': 1.0, '_a6_': 1.0}};{'d0': 0.02490583291941661};-280.569866449044;40.250433376876366
20837;-99.1835480066998;((_a3_ + (((x * _a5_) * (-(_a7_) + x)) / exp(_a7_))) * x);{'d0': {'_a3_': 1.7751354045419079, '_a5_': 1.8095125763938082, '_a7_': -0.6238594156333586, '_a0_': 1.0, '_a1_': 1.0, '_a2_': 1.0, '_a4_': 1.0, '_a6_': 1.0}};{'d0': 0.024905832919416615};-280.569866449044;41.101385217821765
20838;-99.1835480066998;((_a3_ + (((x * _a5_) * (-(_a7_) + x)) / exp(_a7_))) * x);{'d0': {'_a3_': 1.7751354045419079, '_a5_': 1.8095125763938082, '_a7_': -0.6238594156333586, '_a0_': 1.0, '_a1_': 1.0, '_a2_': 1.0, '_a4_': 1.0, '_a6_': 1.0}};{'d0': 0.024905832919416615};-280.569866449044;41.101385217821765
20839;-99.1835480066998;((_a3_ + (((x * _a5_) * (-(_a7_) + x)) / exp(_a7_))) * x);{'d0': {'_a3_': 1.7751354045419079, '_a5_': 1.8095125763938082, '_a7_': -0.6238594156333586, '_a0_': 1.0, '_a1_': 1.0, '_a2_': 1.0, '_a4_': 1.0, '_a6_': 1.0}};{'d0': 0.024905832919416615};-280.569866449044;41.101385217821765
20840;-99.1835480066998;((_a3_ + (((x * _a5_) * (-(_a7_) + x)) / exp(_a7_))) * x);{'d0': {'_a3_': 1.7751354045419079, '_a5_': 1.8095125763938082, '_a7_': -0.6238594156333586, '_a0_': 1.0, '_a1_': 1.0, '_a2_': 1.0, '_a4_': 1.0, '_a6_': 1.0}};{'d0': 0.024905832919416615};-280.569866449044;41.101385217821765
20841;-99.1835480066998;((_a3_ + (((x * _a5_) * (-(_a7_) + x)) / exp(_a7_))) * x);{'d0': {'_a3_': 1.7751354045419079, '_a5_': 1.8095125763938082, '_a7_': -0.6238594156333586, '_a0_': 1.0, '_a1_': 1.0, '_a2_': 1.0, '_a4_': 1.0, '_a6_': 1.0}};{'d0': 0.024905832919416615};-280.569866449044;41.101385217821765
20842;-96.2309673272528;(_a1_ * ((x * pow2((sqrt(sinh(_a6_)) * (x + _a2_)))) + x));{'d0': {'_a1_': 1.4465760893723003, '_a2_': 0.3119297078686936, '_a6_': 1.583874713824577, '_a0_': 1.0, '_a3_': 1.0, '_a4_': 1.0, '_a5_': 1.0, '_a7_': 1.0}};{'d0': 0.024905832919416556};-280.569866449044;44.053965897268995
20843;-96.2309673272528;(_a1_ * ((x * pow2((sqrt(sinh(_a6_)) * (x + _a2_)))) + x));{'d0': {'_a1_': 1.4465760893723003, '_a2_': 0.3119297078686936, '_a6_': 1.583874713824577, '_a0_': 1.0, '_a3_': 1.0, '_a4_': 1.0, '_a5_': 1.0, '_a7_': 1.0}};{'d0': 0.024905832919416556};-280.569866449044;44.053965897268995
20844;-96.2309673272528;(_a1_ * ((x * pow2((sqrt(sinh(_a6_)) * (x + _a2_)))) + x));{'d0': {'_a1_': 1.4465760893723003, '_a2_': 0.3119297078686936, '_a6_': 1.583874713824577, '_a0_': 1.0, '_a3_': 1.0, '_a4_': 1.0, '_a5_': 1.0, '_a7_': 1.0}};{'d0': 0.024905832919416556};-280.569866449044;44.053965897268995
20845;-96.2309673272528;(_a1_ * ((x * pow2((sqrt(sinh(_a6_)) * (x + _a2_)))) + x));{'d0': {'_a1_': 1.4465760893723003, '_a2_': 0.3119297078686936, '_a6_': 1.583874713824577, '_a0_': 1.0, '_a3_': 1.0, '_a4_': 1.0, '_a5_': 1.0, '_a7_': 1.0}};{'d0': 0.024905832919416556};-280.569866449044;44.053965897268995
20846;-96.2309673272528;(_a1_ * ((x * pow2((sqrt(sinh(_a6_)) * (x + _a2_)))) + x));{'d0': {'_a1_': 1.4465760893723003, '_a2_': 0.3119297078686936, '_a6_': 1.583874713824577, '_a0_': 1.0, '_a3_': 1.0, '_a4_': 1.0, '_a5_': 1.0, '_a7_': 1.0}};{'d0': 0.024905832919416556};-280.569866449044;44.053965897268995
20847;-96.2309673272528;(_a1_ * ((x * pow2((sqrt(sinh(_a6_)) * (x + _a2_)))) + x));{'d0': {'_a1_': 1.4465760893723003, '_a2_': 0.3119297078686936, '_a6_': 1.583874713824577, '_a0_': 1.0, '_a3_': 1.0, '_a4_': 1.0, '_a5_': 1.0, '_a7_': 1.0}};{'d0': 0.024905832919416556};-280.569866449044;44.053965897268995
20848;-96.2309673272528;(_a1_ * ((x * pow2((sqrt(sinh(_a6_)) * (x + _a2_)))) + x));{'d0': {'_a1_': 1.4465760893723003, '_a2_': 0.3119297078686936, '_a6_': 1.583874713824577, '_a0_': 1.0, '_a3_': 1.0, '_a4_': 1.0, '_a5_': 1.0, '_a7_': 1.0}};{'d0': 0.024905832919416556};-280.569866449044;44.053965897268995
20849;-96.2309673272528;(_a1_ * ((x * pow2((sqrt(sinh(_a6_)) * (x + _a2_)))) + x));{'d0': {'_a1_': 1.4465760893723003, '_a2_': 0.3119297078686936, '_a6_': 1.583874713824577, '_a0_': 1.0, '_a3_': 1.0, '_a4_': 1.0, '_a5_': 1.0, '_a7_': 1.0}};{'d0': 0.024905832919416556};-280.569866449044;44.053965897268995
20850;-96.2309673272528;(_a1_ * ((x * pow2((sqrt(sinh(_a6_)) * (x + _a2_)))) + x));{'d0': {'_a1_': 1.4465760893723003, '_a2_': 0.3119297078686936, '_a6_': 1.583874713824577, '_a0_': 1.0, '_a3_': 1.0, '_a4_': 1.0, '_a5_': 1.0, '_a7_': 1.0}};{'d0': 0.024905832919416556};-280.569866449044;44.053965897268995
20851;-96.2309673272528;(_a1_ * ((x * pow2((sqrt(sinh(_a6_)) * (x + _a2_)))) + x));{'d0': {'_a1_': 1.4465760893723003, '_a2_': 0.3119297078686936, '_a6_': 1.583874713824577, '_a0_': 1.0, '_a3_': 1.0, '_a4_': 1.0, '_a5_': 1.0, '_a7_': 1.0}};{'d0': 0.024905832919416556};-280.569866449044;44.053965897268995
20852;-96.2309673272528;(_a1_ * ((x * pow2((sqrt(sinh(_a6_)) * (x + _a2_)))) + x));{'d0': {'_a1_': 1.4465760893723003, '_a2_': 0.3119297078686936, '_a6_': 1.583874713824577, '_a0_': 1.0, '_a3_': 1.0, '_a4_': 1.0, '_a5_': 1.0, '_a7_': 1.0}};{'d0': 0.024905832919416556};-280.569866449044;44.053965897268995
20853;-96.2309673272528;(_a1_ * ((x * pow2((sqrt(sinh(_a6_)) * (x + _a2_)))) + x));{'d0': {'_a1_': 1.4465760893723003, '_a2_': 0.3119297078686936, '_a6_': 1.583874713824577, '_a0_': 1.0, '_a3_': 1.0, '_a4_': 1.0, '_a5_': 1.0, '_a7_': 1.0}};{'d0': 0.024905832919416556};-280.569866449044;44.053965897268995
20854;-94.5467648174226;(_a1_ * ((x * pow2((abs(sinh(_a6_)) * (x + _a2_)))) + x));{'d0': {'_a1_': 1.4465760895896722, '_a2_': 0.3119297079019182, '_a6_': 1.2101106677588902, '_a0_': 1.0, '_a3_': 1.0, '_a4_': 1.0, '_a5_': 1.0, '_a7_': 1.0}};{'d0': 0.024905832919416702};-280.569866449043;45.738168407098996
20855;-88.6261637683927;(_a1_ * ((x * pow2((abs(sinh((_a2_ + _a7_))) * (x + _a2_)))) + x));{'d0': {'_a1_': 1.446576088687089, '_a2_': 0.3119297077073897, '_a7_': 0.8981809604836375, '_a0_': 1.0, '_a3_': 1.0, '_a4_': 1.0, '_a5_': 1.0, '_a6_': 1.0}};{'d0': 0.024905832919416677};-280.569866449043;51.658769456128994
20856;-88.6261637683927;(_a1_ * ((x * pow2((abs(sinh((_a2_ + _a7_))) * (x + _a2_)))) + x));{'d0': {'_a1_': 1.446576088687089, '_a2_': 0.3119297077073897, '_a7_': 0.8981809604836375, '_a0_': 1.0, '_a3_': 1.0, '_a4_': 1.0, '_a5_': 1.0, '_a6_': 1.0}};{'d0': 0.024905832919416677};-280.569866449043;51.658769456128994
20857;-88.6261637683927;(_a1_ * ((x * pow2((abs(sinh((_a2_ + _a7_))) * (x + _a2_)))) + x));{'d0': {'_a1_': 1.446576088687089, '_a2_': 0.3119297077073897, '_a7_': 0.8981809604836375, '_a0_': 1.0, '_a3_': 1.0, '_a4_': 1.0, '_a5_': 1.0, '_a6_': 1.0}};{'d0': 0.024905832919416677};-280.569866449043;51.658769456128994
20858;-88.6261637683927;(_a1_ * ((x * pow2((abs(sinh((_a2_ + _a7_))) * (x + _a2_)))) + x));{'d0': {'_a1_': 1.446576088687089, '_a2_': 0.3119297077073897, '_a7_': 0.8981809604836375, '_a0_': 1.0, '_a3_': 1.0, '_a4_': 1.0, '_a5_': 1.0, '_a6_': 1.0}};{'d0': 0.024905832919416677};-280.569866449043;51.658769456128994
20859;-102.863495166960;((_a3_ + (((x * _a5_) * (_a5_ + x)) / exp(_a7_))) * x);{'d0': {'_a3_': 1.7751354038693012, '_a5_': 0.6238594154494945, '_a7_': -1.6887471620689734, '_a0_': 1.0, '_a1_': 1.0, '_a2_': 1.0, '_a4_': 1.0, '_a6_': 1.0}};{'d0': 0.024905832919416598};-280.569866449044;37.421438057561375
20860;-102.863495166960;((_a3_ + (((x * _a5_) * (_a5_ + x)) / exp(_a7_))) * x);{'d0': {'_a3_': 1.7751354038693012, '_a5_': 0.6238594154494945, '_a7_': -1.6887471620689734, '_a0_': 1.0, '_a1_': 1.0, '_a2_': 1.0, '_a4_': 1.0, '_a6_': 1.0}};{'d0': 0.024905832919416598};-280.569866449044;37.421438057561375
20861;-101.903254997948;((_a3_ + (((x / _a5_) * (_a5_ + x)) / exp(_a7_))) * x);{'d0': {'_a3_': 1.7751354045541232, '_a5_': 0.6238594156695085, '_a7_': -0.7450866985350093, '_a0_': 1.0, '_a1_': 1.0, '_a2_': 1.0, '_a4_': 1.0, '_a6_': 1.0}};{'d0': 0.024905832919416667};-280.569866449044;38.38167822657358
20862;-101.903254997948;((_a3_ + (((x / _a5_) * (_a5_ + x)) / exp(_a7_))) * x);{'d0': {'_a3_': 1.7751354045541232, '_a5_': 0.6238594156695085, '_a7_': -0.7450866985350093, '_a0_': 1.0, '_a1_': 1.0, '_a2_': 1.0, '_a4_': 1.0, '_a6_': 1.0}};{'d0': 0.024905832919416667};-280.569866449044;38.38167822657358
20863;-101.903254997948;((_a3_ + (((x / _a5_) * (_a5_ + x)) / exp(_a7_))) * x);{'d0': {'_a3_': 1.7751354045541232, '_a5_': 0.6238594156695085, '_a7_': -0.7450866985350093, '_a0_': 1.0, '_a1_': 1.0, '_a2_': 1.0, '_a4_': 1.0, '_a6_': 1.0}};{'d0': 0.024905832919416667};-280.569866449044;38.38167822657358
20864;-101.903254997948;((_a3_ + (((x / _a5_) * (_a5_ + x)) / exp(_a7_))) * x);{'d0': {'_a3_': 1.7751354045541232, '_a5_': 0.6238594156695085, '_a7_': -0.7450866985350093, '_a0_': 1.0, '_a1_': 1.0, '_a2_': 1.0, '_a4_': 1.0, '_a6_': 1.0}};{'d0': 0.024905832919416667};-280.569866449044;38.38167822657358
20865;-101.903254997948;((_a3_ + (((x / _a5_) * (_a5_ + x)) / exp(_a7_))) * x);{'d0': {'_a3_': 1.7751354045541232, '_a5_': 0.6238594156695085, '_a7_': -0.7450866985350093, '_a0_': 1.0, '_a1_': 1.0, '_a2_': 1.0, '_a4_': 1.0, '_a6_': 1.0}};{'d0': 0.024905832919416667};-280.569866449044;38.38167822657358
20866;-101.903254997948;((_a3_ + (((x / _a5_) * (_a5_ + x)) / exp(_a7_))) * x);{'d0': {'_a3_': 1.7751354045541232, '_a5_': 0.6238594156695085, '_a7_': -0.7450866985350093, '_a0_': 1.0, '_a1_': 1.0, '_a2_': 1.0, '_a4_': 1.0, '_a6_': 1.0}};{'d0': 0.024905832919416667};-280.569866449044;38.38167822657358
20867;-101.903254997948;((_a3_ + (((x / _a5_) * (_a5_ + x)) / exp(_a7_))) * x);{'d0': {'_a3_': 1.7751354045541232, '_a5_': 0.6238594156695085, '_a7_': -0.7450866985350093, '_a0_': 1.0, '_a1_': 1.0, '_a2_': 1.0, '_a4_': 1.0, '_a6_': 1.0}};{'d0': 0.024905832919416667};-280.569866449044;38.38167822657358
20868;-101.903254997948;((_a3_ + (((x / _a5_) * (_a5_ + x)) / exp(_a7_))) * x);{'d0': {'_a3_': 1.7751354045541232, '_a5_': 0.6238594156695085, '_a7_': -0.7450866985350093, '_a0_': 1.0, '_a1_': 1.0, '_a2_': 1.0, '_a4_': 1.0, '_a6_': 1.0}};{'d0': 0.024905832919416667};-280.569866449044;38.38167822657358
20869;-101.903254997948;((_a3_ + (((x / _a5_) * (_a5_ + x)) / exp(_a7_))) * x);{'d0': {'_a3_': 1.7751354045541232, '_a5_': 0.6238594156695085, '_a7_': -0.7450866985350093, '_a0_': 1.0, '_a1_': 1.0, '_a2_': 1.0, '_a4_': 1.0, '_a6_': 1.0}};{'d0': 0.024905832919416667};-280.569866449044;38.38167822657358
20870;-101.903254997948;((_a3_ + (((x / _a5_) * (_a5_ + x)) / exp(_a7_))) * x);{'d0': {'_a3_': 1.7751354045541232, '_a5_': 0.6238594156695085, '_a7_': -0.7450866985350093, '_a0_': 1.0, '_a1_': 1.0, '_a2_': 1.0, '_a4_': 1.0, '_a6_': 1.0}};{'d0': 0.024905832919416667};-280.569866449044;38.38167822657358
20871;-101.903254997948;((_a3_ + (((x / _a5_) * (_a5_ + x)) / exp(_a7_))) * x);{'d0': {'_a3_': 1.7751354045541232, '_a5_': 0.6238594156695085, '_a7_': -0.7450866985350093, '_a0_': 1.0, '_a1_': 1.0, '_a2_': 1.0, '_a4_': 1.0, '_a6_': 1.0}};{'d0': 0.024905832919416667};-280.569866449044;38.38167822657358
20872;-101.903254997948;((_a3_ + (((x / _a5_) * (_a5_ + x)) / exp(_a7_))) * x);{'d0': {'_a3_': 1.7751354045541232, '_a5_': 0.6238594156695085, '_a7_': -0.7450866985350093, '_a0_': 1.0, '_a1_': 1.0, '_a2_': 1.0, '_a4_': 1.0, '_a6_': 1.0}};{'d0': 0.024905832919416667};-280.569866449044;38.38167822657358
20873;-101.903254997948;((_a3_ + (((x / _a5_) * (_a5_ + x)) / exp(_a7_))) * x);{'d0': {'_a3_': 1.7751354045541232, '_a5_': 0.6238594156695085, '_a7_': -0.7450866985350093, '_a0_': 1.0, '_a1_': 1.0, '_a2_': 1.0, '_a4_': 1.0, '_a6_': 1.0}};{'d0': 0.024905832919416667};-280.569866449044;38.38167822657358
20874;-101.903254997948;((_a3_ + (((x / _a5_) * (_a5_ + x)) / exp(_a7_))) * x);{'d0': {'_a3_': 1.7751354045541232, '_a5_': 0.6238594156695085, '_a7_': -0.7450866985350093, '_a0_': 1.0, '_a1_': 1.0, '_a2_': 1.0, '_a4_': 1.0, '_a6_': 1.0}};{'d0': 0.024905832919416667};-280.569866449044;38.38167822657358
20875;-101.903254997948;((_a3_ + (((x / _a5_) * (_a5_ + x)) / exp(_a7_))) * x);{'d0': {'_a3_': 1.7751354045541232, '_a5_': 0.6238594156695085, '_a7_': -0.7450866985350093, '_a0_': 1.0, '_a1_': 1.0, '_a2_': 1.0, '_a4_': 1.0, '_a6_': 1.0}};{'d0': 0.024905832919416667};-280.569866449044;38.38167822657358
20876;-101.903254997948;((_a3_ + (((x / _a5_) * (_a5_ + x)) / exp(_a7_))) * x);{'d0': {'_a3_': 1.7751354045541232, '_a5_': 0.6238594156695085, '_a7_': -0.7450866985350093, '_a0_': 1.0, '_a1_': 1.0, '_a2_': 1.0, '_a4_': 1.0, '_a6_': 1.0}};{'d0': 0.024905832919416667};-280.569866449044;38.38167822657358
20877;-101.903254997948;((_a3_ + (((x / _a5_) * (_a5_ + x)) / exp(_a7_))) * x);{'d0': {'_a3_': 1.7751354045541232, '_a5_': 0.6238594156695085, '_a7_': -0.7450866985350093, '_a0_': 1.0, '_a1_': 1.0, '_a2_': 1.0, '_a4_': 1.0, '_a6_': 1.0}};{'d0': 0.024905832919416667};-280.569866449044;38.38167822657358
20878;-101.189913340038;((_a3_ + (((x / _a5_) * (_a5_ + x)) / cos(_a7_))) * x);{'d0': {'_a3_': 1.7751354041005232, '_a5_': 0.6238594154970656, '_a7_': -1.0761809690232031, '_a0_': 1.0, '_a1_': 1.0, '_a2_': 1.0, '_a4_': 1.0, '_a6_': 1.0}};{'d0': 0.024905832919416605};-280.569866449044;39.09501988448358
20879;-101.189913340038;((_a3_ + (((x / _a5_) * (_a5_ + x)) / cos(_a7_))) * x);{'d0': {'_a3_': 1.7751354041005232, '_a5_': 0.6238594154970656, '_a7_': -1.0761809690232031, '_a0_': 1.0, '_a1_': 1.0, '_a2_': 1.0, '_a4_': 1.0, '_a6_': 1.0}};{'d0': 0.024905832919416605};-280.569866449044;39.09501988448358
20880;-101.189913340038;((_a3_ + (((x / _a5_) * (_a5_ + x)) / cos(_a7_))) * x);{'d0': {'_a3_': 1.7751354041005232, '_a5_': 0.6238594154970656, '_a7_': -1.0761809690232031, '_a0_': 1.0, '_a1_': 1.0, '_a2_': 1.0, '_a4_': 1.0, '_a6_': 1.0}};{'d0': 0.024905832919416605};-280.569866449044;39.09501988448358
20881;-101.189913340038;((_a3_ + (((x / _a5_) * (_a5_ + x)) / cos(_a7_))) * x);{'d0': {'_a3_': 1.7751354041005232, '_a5_': 0.6238594154970656, '_a7_': -1.0761809690232031, '_a0_': 1.0, '_a1_': 1.0, '_a2_': 1.0, '_a4_': 1.0, '_a6_': 1.0}};{'d0': 0.024905832919416605};-280.569866449044;39.09501988448358
20882;-101.189913340038;((_a3_ + (((x / _a5_) * (_a5_ + x)) / cos(_a7_))) * x);{'d0': {'_a3_': 1.7751354041005232, '_a5_': 0.6238594154970656, '_a7_': -1.0761809690232031, '_a0_': 1.0, '_a1_': 1.0, '_a2_': 1.0, '_a4_': 1.0, '_a6_': 1.0}};{'d0': 0.024905832919416605};-280.569866449044;39.09501988448358
20883;-101.189913340038;((_a3_ + (((x / _a5_) * (_a5_ + x)) / cos(_a7_))) * x);{'d0': {'_a3_': 1.7751354041005232, '_a5_': 0.6238594154970656, '_a7_': -1.0761809690232031, '_a0_': 1.0, '_a1_': 1.0, '_a2_': 1.0, '_a4_': 1.0, '_a6_': 1.0}};{'d0': 0.024905832919416605};-280.569866449044;39.09501988448358
20884;-101.189913340038;((_a3_ + (((x / _a5_) * (_a5_ + x)) / cos(_a7_))) * x);{'d0': {'_a3_': 1.7751354041005232, '_a5_': 0.6238594154970656, '_a7_': -1.0761809690232031, '_a0_': 1.0, '_a1_': 1.0, '_a2_': 1.0, '_a4_': 1.0, '_a6_': 1.0}};{'d0': 0.024905832919416605};-280.569866449044;39.09501988448358
20885;-101.189913340038;((_a3_ + (((x / _a5_) * (_a5_ + x)) / cos(_a7_))) * x);{'d0': {'_a3_': 1.7751354041005232, '_a5_': 0.6238594154970656, '_a7_': -1.0761809690232031, '_a0_': 1.0, '_a1_': 1.0, '_a2_': 1.0, '_a4_': 1.0, '_a6_': 1.0}};{'d0': 0.024905832919416605};-280.569866449044;39.09501988448358
20886;-101.189913340038;((_a3_ + (((x / _a5_) * (_a5_ + x)) / cos(_a7_))) * x);{'d0': {'_a3_': 1.7751354041005232, '_a5_': 0.6238594154970656, '_a7_': -1.0761809690232031, '_a0_': 1.0, '_a1_': 1.0, '_a2_': 1.0, '_a4_': 1.0, '_a6_': 1.0}};{'d0': 0.024905832919416605};-280.569866449044;39.09501988448358
20887;-101.189913340038;((_a3_ + (((x / _a5_) * (_a5_ + x)) / cos(_a7_))) * x);{'d0': {'_a3_': 1.7751354041005232, '_a5_': 0.6238594154970656, '_a7_': -1.0761809690232031, '_a0_': 1.0, '_a1_': 1.0, '_a2_': 1.0, '_a4_': 1.0, '_a6_': 1.0}};{'d0': 0.024905832919416605};-280.569866449044;39.09501988448358
20888;-101.189913340038;((_a3_ + (((x / _a5_) * (_a5_ + x)) / cos(_a7_))) * x);{'d0': {'_a3_': 1.7751354041005232, '_a5_': 0.6238594154970656, '_a7_': -1.0761809690232031, '_a0_': 1.0, '_a1_': 1.0, '_a2_': 1.0, '_a4_': 1.0, '_a6_': 1.0}};{'d0': 0.024905832919416605};-280.569866449044;39.09501988448358
20889;-95.2693122910080;(((x + _a0_) + (((x / _a5_) * (_a5_ + x)) / cos(_a7_))) * x);{'d0': {'_a0_': 1.775135404050405, '_a5_': 0.3277176280348182, '_a7_': -0.44258113134200644, '_a1_': 1.0, '_a2_': 1.0, '_a3_': 1.0, '_a4_': 1.0, '_a6_': 1.0}};{'d0': 0.024905832919416646};-280.569866449044;45.015620933513574
20890;-95.2693122910080;(((x + _a0_) + (((x / _a5_) * (_a5_ + x)) / cos(_a7_))) * x);{'d0': {'_a0_': 1.775135404050405, '_a5_': 0.3277176280348182, '_a7_': -0.44258113134200644, '_a1_': 1.0, '_a2_': 1.0, '_a3_': 1.0, '_a4_': 1.0, '_a6_': 1.0}};{'d0': 0.024905832919416646};-280.569866449044;45.015620933513574
20891;-95.2693122910080;(((x + _a0_) + (((x / _a5_) * (_a5_ + x)) / cos(_a7_))) * x);{'d0': {'_a0_': 1.775135404050405, '_a5_': 0.3277176280348182, '_a7_': -0.44258113134200644, '_a1_': 1.0, '_a2_': 1.0, '_a3_': 1.0, '_a4_': 1.0, '_a6_': 1.0}};{'d0': 0.024905832919416646};-280.569866449044;45.015620933513574
20892;-95.2693122910080;(((x + _a0_) + (((x / _a5_) * (_a5_ + x)) / cos(_a7_))) * x);{'d0': {'_a0_': 1.775135404050405, '_a5_': 0.3277176280348182, '_a7_': -0.44258113134200644, '_a1_': 1.0, '_a2_': 1.0, '_a3_': 1.0, '_a4_': 1.0, '_a6_': 1.0}};{'d0': 0.024905832919416646};-280.569866449044;45.015620933513574
20893;-95.2693122910080;(((x + _a0_) + (((x / _a5_) * (_a5_ + x)) / cos(_a7_))) * x);{'d0': {'_a0_': 1.775135404050405, '_a5_': 0.3277176280348182, '_a7_': -0.44258113134200644, '_a1_': 1.0, '_a2_': 1.0, '_a3_': 1.0, '_a4_': 1.0, '_a6_': 1.0}};{'d0': 0.024905832919416646};-280.569866449044;45.015620933513574
20894;-95.2693122910080;(((x + _a0_) + (((x / _a5_) * (_a5_ + x)) / cos(_a7_))) * x);{'d0': {'_a0_': 1.775135404050405, '_a5_': 0.3277176280348182, '_a7_': -0.44258113134200644, '_a1_': 1.0, '_a2_': 1.0, '_a3_': 1.0, '_a4_': 1.0, '_a6_': 1.0}};{'d0': 0.024905832919416646};-280.569866449044;45.015620933513574
20895;-95.2693122910080;(((x + _a0_) + (((x / _a5_) * (_a5_ + x)) / cos(_a7_))) * x);{'d0': {'_a0_': 1.775135404050405, '_a5_': 0.3277176280348182, '_a7_': -0.44258113134200644, '_a1_': 1.0, '_a2_': 1.0, '_a3_': 1.0, '_a4_': 1.0, '_a6_': 1.0}};{'d0': 0.024905832919416646};-280.569866449044;45.015620933513574
20896;-95.2693122910080;(((x + _a0_) + (((x / _a5_) * (_a5_ + x)) / cos(_a7_))) * x);{'d0': {'_a0_': 1.775135404050405, '_a5_': 0.3277176280348182, '_a7_': -0.44258113134200644, '_a1_': 1.0, '_a2_': 1.0, '_a3_': 1.0, '_a4_': 1.0, '_a6_': 1.0}};{'d0': 0.024905832919416646};-280.569866449044;45.015620933513574
20897;-95.2693122910080;(((x + _a0_) + (((x / _a5_) * (_a5_ + x)) / cos(_a7_))) * x);{'d0': {'_a0_': 1.775135404050405, '_a5_': 0.3277176280348182, '_a7_': -0.44258113134200644, '_a1_': 1.0, '_a2_': 1.0, '_a3_': 1.0, '_a4_': 1.0, '_a6_': 1.0}};{'d0': 0.024905832919416646};-280.569866449044;45.015620933513574
20898;-95.2693122910080;(((x + _a0_) + (((x / _a5_) * (_a5_ + x)) / cos(_a7_))) * x);{'d0': {'_a0_': 1.775135404050405, '_a5_': 0.3277176280348182, '_a7_': -0.44258113134200644, '_a1_': 1.0, '_a2_': 1.0, '_a3_': 1.0, '_a4_': 1.0, '_a6_': 1.0}};{'d0': 0.024905832919416646};-280.569866449044;45.015620933513574
20899;-95.2693122910080;(((x + _a0_) + (((x / _a7_) * (_a5_ + x)) / cos(_a7_))) * x);{'d0': {'_a0_': 1.775135404348012, '_a5_': 0.3277176288802992, '_a7_': -1.7416606496337121, '_a1_': 1.0, '_a2_': 1.0, '_a3_': 1.0, '_a4_': 1.0, '_a6_': 1.0}};{'d0': 0.02490583291941665};-280.569866449044;45.015620933513574
20900;-84.5757276801867;(_a1_ * ((x * pow2((abs(sinh((_a2_ * (_a6_ * _a2_)))) * (x + _a2_)))) + x));{'d0': {'_a1_': 1.4465760891793868, '_a2_': 0.31192970770509765, '_a6_': 12.43688484078031, '_a0_': 1.0, '_a3_': 1.0, '_a4_': 1.0, '_a5_': 1.0, '_a7_': 1.0}};{'d0': 0.024905832919416625};-280.569866449044;55.709205544335
20901;-84.5757276801867;(_a1_ * ((x * pow2((abs(sinh((_a2_ * (_a6_ * _a2_)))) * (x + _a2_)))) + x));{'d0': {'_a1_': 1.4465760891793868, '_a2_': 0.31192970770509765, '_a6_': 12.43688484078031, '_a0_': 1.0, '_a3_': 1.0, '_a4_': 1.0, '_a5_': 1.0, '_a7_': 1.0}};{'d0': 0.024905832919416625};-280.569866449044;55.709205544335
20902;-84.5757276801867;(_a1_ * ((x * pow2((abs(sinh((_a2_ * (_a6_ * _a2_)))) * (x + _a2_)))) + x));{'d0': {'_a1_': 1.4465760891793868, '_a2_': 0.31192970770509765, '_a6_': 12.43688484078031, '_a0_': 1.0, '_a3_': 1.0, '_a4_': 1.0, '_a5_': 1.0, '_a7_': 1.0}};{'d0': 0.024905832919416625};-280.569866449044;55.709205544335
20903;-84.5757276801867;(_a1_ * ((x * pow2((abs(sinh((_a2_ * (_a6_ * _a2_)))) * (x + _a2_)))) + x));{'d0': {'_a1_': 1.4465760891793868, '_a2_': 0.31192970770509765, '_a6_': 12.43688484078031, '_a0_': 1.0, '_a3_': 1.0, '_a4_': 1.0, '_a5_': 1.0, '_a7_': 1.0}};{'d0': 0.024905832919416625};-280.569866449044;55.709205544335
20904;-84.5757276801867;(_a1_ * ((x * pow2((abs(sinh((_a2_ * (_a6_ * _a2_)))) * (x + _a2_)))) + x));{'d0': {'_a1_': 1.4465760891793868, '_a2_': 0.31192970770509765, '_a6_': 12.43688484078031, '_a0_': 1.0, '_a3_': 1.0, '_a4_': 1.0, '_a5_': 1.0, '_a7_': 1.0}};{'d0': 0.024905832919416625};-280.569866449044;55.709205544335
20905;-84.5757276801867;(_a1_ * ((x * pow2((abs(sinh((_a2_ * (_a6_ * _a2_)))) * (x + _a2_)))) + x));{'d0': {'_a1_': 1.4465760891793868, '_a2_': 0.31192970770509765, '_a6_': 12.43688484078031, '_a0_': 1.0, '_a3_': 1.0, '_a4_': 1.0, '_a5_': 1.0, '_a7_': 1.0}};{'d0': 0.024905832919416625};-280.569866449044;55.709205544335
20906;-83.6768238429357;(_a1_ * ((x * pow2((abs(sinh((_a2_ + (_a6_ * _a2_)))) * (x + _a2_)))) + x));{'d0': {'_a1_': 1.4465760887983616, '_a2_': 0.31192970773758194, '_a6_': 2.8794338536099153, '_a0_': 1.0, '_a3_': 1.0, '_a4_': 1.0, '_a5_': 1.0, '_a7_': 1.0}};{'d0': 0.02490583291941669};-280.569866449043;56.608109381586
20907;-83.6768238429357;(_a1_ * ((x * pow2((abs(sinh((_a2_ + (_a6_ * _a2_)))) * (x + _a2_)))) + x));{'d0': {'_a1_': 1.4465760887983616, '_a2_': 0.31192970773758194, '_a6_': 2.8794338536099153, '_a0_': 1.0, '_a3_': 1.0, '_a4_': 1.0, '_a5_': 1.0, '_a7_': 1.0}};{'d0': 0.02490583291941669};-280.569866449043;56.608109381586
20908;-83.6768238429357;(_a1_ * ((x * pow2((abs(sinh((_a2_ + (_a6_ * _a2_)))) * (x + _a2_)))) + x));{'d0': {'_a1_': 1.4465760887983616, '_a2_': 0.31192970773758194, '_a6_': 2.8794338536099153, '_a0_': 1.0, '_a3_': 1.0, '_a4_': 1.0, '_a5_': 1.0, '_a7_': 1.0}};{'d0': 0.02490583291941669};-280.569866449043;56.608109381586
20909;-83.6768238429357;(_a1_ * ((x * pow2((abs(sinh((_a2_ + (_a6_ * _a2_)))) * (x + _a2_)))) + x));{'d0': {'_a1_': 1.4465760887983616, '_a2_': 0.31192970773758194, '_a6_': 2.8794338536099153, '_a0_': 1.0, '_a3_': 1.0, '_a4_': 1.0, '_a5_': 1.0, '_a7_': 1.0}};{'d0': 0.02490583291941669};-280.569866449043;56.608109381586
20910;-83.6768238429357;(_a1_ * ((x * pow2((abs(sinh((_a2_ + (_a6_ * _a2_)))) * (x + _a2_)))) + x));{'d0': {'_a1_': 1.4465760887983616, '_a2_': 0.31192970773758194, '_a6_': 2.8794338536099153, '_a0_': 1.0, '_a3_': 1.0, '_a4_': 1.0, '_a5_': 1.0, '_a7_': 1.0}};{'d0': 0.02490583291941669};-280.569866449043;56.608109381586
20911;-83.6768238429357;(_a1_ * ((x * pow2((abs(sinh((_a2_ + (_a6_ * _a2_)))) * (x + _a2_)))) + x));{'d0': {'_a1_': 1.4465760887983616, '_a2_': 0.31192970773758194, '_a6_': 2.8794338536099153, '_a0_': 1.0, '_a3_': 1.0, '_a4_': 1.0, '_a5_': 1.0, '_a7_': 1.0}};{'d0': 0.02490583291941669};-280.569866449043;56.608109381586
20912;-83.6768238429357;(_a1_ * ((x * pow2((abs(sinh((_a2_ + (_a0_ * _a2_)))) * (x + _a2_)))) + x));{'d0': {'_a0_': 2.8794338539678415, '_a1_': 1.446576089037659, '_a2_': 0.3119297076493586, '_a3_': 1.0, '_a4_': 1.0, '_a5_': 1.0, '_a6_': 1.0, '_a7_': 1.0}};{'d0': 0.02490583291941662};-280.569866449044;56.608109381586
20913;-83.6768238429357;(_a1_ * ((x * pow2((abs(sinh((_a2_ + (_a0_ * _a2_)))) * (x + _a2_)))) + x));{'d0': {'_a0_': 2.8794338539678415, '_a1_': 1.446576089037659, '_a2_': 0.3119297076493586, '_a3_': 1.0, '_a4_': 1.0, '_a5_': 1.0, '_a6_': 1.0, '_a7_': 1.0}};{'d0': 0.02490583291941662};-280.569866449044;56.608109381586
20914;-83.6768238429357;(_a1_ * ((x * pow2((abs(sinh((_a2_ + (_a0_ * _a2_)))) * (x + _a2_)))) + x));{'d0': {'_a0_': 2.8794338539678415, '_a1_': 1.446576089037659, '_a2_': 0.3119297076493586, '_a3_': 1.0, '_a4_': 1.0, '_a5_': 1.0, '_a6_': 1.0, '_a7_': 1.0}};{'d0': 0.02490583291941662};-280.569866449044;56.608109381586
20915;-83.6768238429357;(_a1_ * ((x * pow2((abs(sinh((_a2_ + (_a0_ * _a2_)))) * (x + _a2_)))) + x));{'d0': {'_a0_': 2.8794338539678415, '_a1_': 1.446576089037659, '_a2_': 0.3119297076493586, '_a3_': 1.0, '_a4_': 1.0, '_a5_': 1.0, '_a6_': 1.0, '_a7_': 1.0}};{'d0': 0.02490583291941662};-280.569866449044;56.608109381586
20916;-83.6768238429357;(_a1_ * ((x * pow2((abs(sinh((_a2_ + (_a0_ * _a2_)))) * (x + _a2_)))) + x));{'d0': {'_a0_': 2.8794338539678415, '_a1_': 1.446576089037659, '_a2_': 0.3119297076493586, '_a3_': 1.0, '_a4_': 1.0, '_a5_': 1.0, '_a6_': 1.0, '_a7_': 1.0}};{'d0': 0.02490583291941662};-280.569866449044;56.608109381586
20917;-101.702633509695;(((_a5_ * _a1_) * x) * (_a5_ + pow2(((-(x) + _a7_) * _a7_))));{'d0': {'_a1_': 832.5922795284612, '_a5_': 0.04168256647133952, '_a7_': -0.3119297078188644, '_a0_': 1.0, '_a2_': 1.0, '_a3_': 1.0, '_a4_': 1.0, '_a6_': 1.0}};{'d0': 0.02490583291941667};-280.569866449043;38.582299714826306
20918;-101.702633509695;(((_a5_ * _a1_) * x) * (_a5_ + pow2(((-(x) + _a7_) * _a7_))));{'d0': {'_a1_': 832.5922795284612, '_a5_': 0.04168256647133952, '_a7_': -0.3119297078188644, '_a0_': 1.0, '_a2_': 1.0, '_a3_': 1.0, '_a4_': 1.0, '_a6_': 1.0}};{'d0': 0.02490583291941667};-280.569866449043;38.582299714826306
20919;-101.702633509695;(((_a5_ * _a1_) * x) * (_a5_ + pow2(((-(x) + _a7_) * _a7_))));{'d0': {'_a1_': 832.5922795284612, '_a5_': 0.04168256647133952, '_a7_': -0.3119297078188644, '_a0_': 1.0, '_a2_': 1.0, '_a3_': 1.0, '_a4_': 1.0, '_a6_': 1.0}};{'d0': 0.02490583291941667};-280.569866449043;38.582299714826306
20920;-101.702633509695;(((_a5_ * _a1_) * x) * (_a5_ + pow2(((-(x) + _a7_) * _a7_))));{'d0': {'_a1_': 832.5922795284612, '_a5_': 0.04168256647133952, '_a7_': -0.3119297078188644, '_a0_': 1.0, '_a2_': 1.0, '_a3_': 1.0, '_a4_': 1.0, '_a6_': 1.0}};{'d0': 0.02490583291941667};-280.569866449043;38.582299714826306
20921;-101.702633509695;(((_a5_ * _a1_) * x) * (_a5_ + pow2(((-(x) + _a7_) * _a7_))));{'d0': {'_a1_': 832.5922795284612, '_a5_': 0.04168256647133952, '_a7_': -0.3119297078188644, '_a0_': 1.0, '_a2_': 1.0, '_a3_': 1.0, '_a4_': 1.0, '_a6_': 1.0}};{'d0': 0.02490583291941667};-280.569866449043;38.582299714826306
20922;-101.702633509695;(((_a5_ * _a1_) * x) * (_a5_ + pow2(((-(x) + _a7_) * _a7_))));{'d0': {'_a1_': 832.5922795284612, '_a5_': 0.04168256647133952, '_a7_': -0.3119297078188644, '_a0_': 1.0, '_a2_': 1.0, '_a3_': 1.0, '_a4_': 1.0, '_a6_': 1.0}};{'d0': 0.02490583291941667};-280.569866449043;38.582299714826306
20923;-101.702633509695;(((_a5_ * _a1_) * x) * (_a5_ + pow2(((-(x) + _a7_) * _a7_))));{'d0': {'_a1_': 832.5922795284612, '_a5_': 0.04168256647133952, '_a7_': -0.3119297078188644, '_a0_': 1.0, '_a2_': 1.0, '_a3_': 1.0, '_a4_': 1.0, '_a6_': 1.0}};{'d0': 0.02490583291941667};-280.569866449043;38.582299714826306
20924;-101.702633509695;(((_a5_ * _a1_) * x) * (_a5_ + pow2(((-(x) + _a7_) * _a7_))));{'d0': {'_a1_': 832.5922795284612, '_a5_': 0.04168256647133952, '_a7_': -0.3119297078188644, '_a0_': 1.0, '_a2_': 1.0, '_a3_': 1.0, '_a4_': 1.0, '_a6_': 1.0}};{'d0': 0.02490583291941667};-280.569866449043;38.582299714826306
20925;-101.702633509695;(((_a5_ * _a1_) * x) * (_a5_ + pow2(((-(x) + _a7_) * _a7_))));{'d0': {'_a1_': 832.5922795284612, '_a5_': 0.04168256647133952, '_a7_': -0.3119297078188644, '_a0_': 1.0, '_a2_': 1.0, '_a3_': 1.0, '_a4_': 1.0, '_a6_': 1.0}};{'d0': 0.02490583291941667};-280.569866449043;38.582299714826306
20926;-101.702633509695;(((_a5_ * _a1_) * x) * (_a5_ + pow2(((-(x) + _a7_) * _a7_))));{'d0': {'_a1_': 832.5922795284612, '_a5_': 0.04168256647133952, '_a7_': -0.3119297078188644, '_a0_': 1.0, '_a2_': 1.0, '_a3_': 1.0, '_a4_': 1.0, '_a6_': 1.0}};{'d0': 0.02490583291941667};-280.569866449043;38.582299714826306
20927;-101.702633509695;(((_a5_ * _a1_) * x) * (_a5_ + pow2(((-(x) + _a7_) * _a7_))));{'d0': {'_a1_': 832.5922795284612, '_a5_': 0.04168256647133952, '_a7_': -0.3119297078188644, '_a0_': 1.0, '_a2_': 1.0, '_a3_': 1.0, '_a4_': 1.0, '_a6_': 1.0}};{'d0': 0.02490583291941667};-280.569866449043;38.582299714826306
20928;-101.702633509695;(((_a5_ * _a1_) * x) * (_a5_ + pow2(((-(x) + _a7_) * _a7_))));{'d0': {'_a1_': 832.5922795284612, '_a5_': 0.04168256647133952, '_a7_': -0.3119297078188644, '_a0_': 1.0, '_a2_': 1.0, '_a3_': 1.0, '_a4_': 1.0, '_a6_': 1.0}};{'d0': 0.02490583291941667};-280.569866449043;38.582299714826306
20929;-101.702633509695;(((_a5_ * _a1_) * x) * (_a5_ + pow2(((-(x) + _a7_) * _a7_))));{'d0': {'_a1_': 832.5922795284612, '_a5_': 0.04168256647133952, '_a7_': -0.3119297078188644, '_a0_': 1.0, '_a2_': 1.0, '_a3_': 1.0, '_a4_': 1.0, '_a6_': 1.0}};{'d0': 0.02490583291941667};-280.569866449043;38.582299714826306
20930;-103.571388659998;((_a3_ + (((x / _a5_) * (_a5_ + x)) / pow2(_a0_))) * x);{'d0': {'_a0_': 0.6889797840834578, '_a3_': 1.7751354042682448, '_a5_': 0.6238594156129256, '_a1_': 1.0, '_a2_': 1.0, '_a4_': 1.0, '_a6_': 1.0, '_a7_': 1.0}};{'d0': 0.02490583291941662};-280.569866449044;36.71354456452358
20931;-103.571388659998;((_a3_ + (((x / _a5_) * (_a5_ + x)) / pow2(_a0_))) * x);{'d0': {'_a0_': 0.6889797840834578, '_a3_': 1.7751354042682448, '_a5_': 0.6238594156129256, '_a1_': 1.0, '_a2_': 1.0, '_a4_': 1.0, '_a6_': 1.0, '_a7_': 1.0}};{'d0': 0.02490583291941662};-280.569866449044;36.71354456452358
20932;-103.571388659998;((_a3_ + (((x / _a5_) * (_a5_ + x)) / pow2(_a0_))) * x);{'d0': {'_a0_': 0.6889797840834578, '_a3_': 1.7751354042682448, '_a5_': 0.6238594156129256, '_a1_': 1.0, '_a2_': 1.0, '_a4_': 1.0, '_a6_': 1.0, '_a7_': 1.0}};{'d0': 0.02490583291941662};-280.569866449044;36.71354456452358
20933;-103.571388659998;((_a3_ + (((x / _a5_) * (_a5_ + x)) / pow2(_a0_))) * x);{'d0': {'_a0_': 0.6889797840834578, '_a3_': 1.7751354042682448, '_a5_': 0.6238594156129256, '_a1_': 1.0, '_a2_': 1.0, '_a4_': 1.0, '_a6_': 1.0, '_a7_': 1.0}};{'d0': 0.02490583291941662};-280.569866449044;36.71354456452358
20934;-103.571388659998;((_a3_ + (((x / _a5_) * (_a5_ + x)) / pow2(_a0_))) * x);{'d0': {'_a0_': 0.6889797840834578, '_a3_': 1.7751354042682448, '_a5_': 0.6238594156129256, '_a1_': 1.0, '_a2_': 1.0, '_a4_': 1.0, '_a6_': 1.0, '_a7_': 1.0}};{'d0': 0.02490583291941662};-280.569866449044;36.71354456452358
20935;-101.702633509695;(((_a5_ * _a1_) * x) * (_a5_ + pow2(((-(x) + _a7_) * _a7_))));{'d0': {'_a1_': 832.5922795284612, '_a5_': 0.04168256647133952, '_a7_': -0.3119297078188644, '_a0_': 1.0, '_a2_': 1.0, '_a3_': 1.0, '_a4_': 1.0, '_a6_': 1.0}};{'d0': 0.02490583291941667};-280.569866449043;38.582299714826306
20936;-101.702633509695;(((_a5_ * _a1_) * x) * (_a5_ + pow2(((-(x) + _a7_) * _a7_))));{'d0': {'_a1_': 832.5922795284612, '_a5_': 0.04168256647133952, '_a7_': -0.3119297078188644, '_a0_': 1.0, '_a2_': 1.0, '_a3_': 1.0, '_a4_': 1.0, '_a6_': 1.0}};{'d0': 0.02490583291941667};-280.569866449043;38.582299714826306
20937;-101.702633509695;(((_a5_ * _a1_) * x) * (_a5_ + pow2(((-(x) + _a7_) * _a7_))));{'d0': {'_a1_': 832.5922795284612, '_a5_': 0.04168256647133952, '_a7_': -0.3119297078188644, '_a0_': 1.0, '_a2_': 1.0, '_a3_': 1.0, '_a4_': 1.0, '_a6_': 1.0}};{'d0': 0.02490583291941667};-280.569866449043;38.582299714826306
20938;-101.702633509695;(((_a5_ * _a1_) * x) * (_a5_ + pow2(((-(x) + _a7_) * _a7_))));{'d0': {'_a1_': 832.5922795284612, '_a5_': 0.04168256647133952, '_a7_': -0.3119297078188644, '_a0_': 1.0, '_a2_': 1.0, '_a3_': 1.0, '_a4_': 1.0, '_a6_': 1.0}};{'d0': 0.02490583291941667};-280.569866449043;38.582299714826306
20939;-101.702633509695;(((_a5_ * _a1_) * x) * (_a5_ + pow2(((-(x) + _a7_) * _a7_))));{'d0': {'_a1_': 832.5922795284612, '_a5_': 0.04168256647133952, '_a7_': -0.3119297078188644, '_a0_': 1.0, '_a2_': 1.0, '_a3_': 1.0, '_a4_': 1.0, '_a6_': 1.0}};{'d0': 0.02490583291941667};-280.569866449043;38.582299714826306
20940;-101.702633509695;(((_a5_ * _a1_) * x) * (_a5_ + pow2(((-(x) + _a7_) * _a7_))));{'d0': {'_a1_': 832.5922795284612, '_a5_': 0.04168256647133952, '_a7_': -0.3119297078188644, '_a0_': 1.0, '_a2_': 1.0, '_a3_': 1.0, '_a4_': 1.0, '_a6_': 1.0}};{'d0': 0.02490583291941667};-280.569866449043;38.582299714826306
20941;-101.702633509695;(((_a5_ * _a1_) * x) * (_a5_ + pow2(((-(x) + _a7_) * _a7_))));{'d0': {'_a1_': 832.5922795284612, '_a5_': 0.04168256647133952, '_a7_': -0.3119297078188644, '_a0_': 1.0, '_a2_': 1.0, '_a3_': 1.0, '_a4_': 1.0, '_a6_': 1.0}};{'d0': 0.02490583291941667};-280.569866449043;38.582299714826306
20942;-101.702633509695;(((_a5_ * _a1_) * x) * (_a5_ + pow2(((-(x) + _a7_) * _a7_))));{'d0': {'_a1_': 832.5922795284612, '_a5_': 0.04168256647133952, '_a7_': -0.3119297078188644, '_a0_': 1.0, '_a2_': 1.0, '_a3_': 1.0, '_a4_': 1.0, '_a6_': 1.0}};{'d0': 0.02490583291941667};-280.569866449043;38.582299714826306
20943;-101.702633509695;(((_a5_ * _a1_) * x) * (_a5_ + pow2(((-(x) + _a7_) * _a7_))));{'d0': {'_a1_': 832.5922795284612, '_a5_': 0.04168256647133952, '_a7_': -0.3119297078188644, '_a0_': 1.0, '_a2_': 1.0, '_a3_': 1.0, '_a4_': 1.0, '_a6_': 1.0}};{'d0': 0.02490583291941667};-280.569866449043;38.582299714826306
20944;-101.702633509695;(((_a5_ * _a1_) * x) * (_a5_ + pow2(((-(x) + _a7_) * _a7_))));{'d0': {'_a1_': 832.5922795284612, '_a5_': 0.04168256647133952, '_a7_': -0.3119297078188644, '_a0_': 1.0, '_a2_': 1.0, '_a3_': 1.0, '_a4_': 1.0, '_a6_': 1.0}};{'d0': 0.02490583291941667};-280.569866449043;38.582299714826306
20945;-101.702633509695;(((_a5_ * _a1_) * x) * (_a5_ + pow2(((-(x) + _a7_) * _a7_))));{'d0': {'_a1_': 832.5922795284612, '_a5_': 0.04168256647133952, '_a7_': -0.3119297078188644, '_a0_': 1.0, '_a2_': 1.0, '_a3_': 1.0, '_a4_': 1.0, '_a6_': 1.0}};{'d0': 0.02490583291941667};-280.569866449043;38.582299714826306
20946;-101.702633509695;(((_a5_ * _a1_) * x) * (_a5_ + pow2(((-(x) + _a7_) * _a7_))));{'d0': {'_a1_': 832.5922795284612, '_a5_': 0.04168256647133952, '_a7_': -0.3119297078188644, '_a0_': 1.0, '_a2_': 1.0, '_a3_': 1.0, '_a4_': 1.0, '_a6_': 1.0}};{'d0': 0.02490583291941667};-280.569866449043;38.582299714826306
20947;-101.702633509695;(((_a5_ * _a1_) * x) * (_a5_ + pow2(((-(x) + _a7_) * _a7_))));{'d0': {'_a1_': 832.5922795284612, '_a5_': 0.04168256647133952, '_a7_': -0.3119297078188644, '_a0_': 1.0, '_a2_': 1.0, '_a3_': 1.0, '_a4_': 1.0, '_a6_': 1.0}};{'d0': 0.02490583291941667};-280.569866449043;38.582299714826306
20948;-96.3365653750353;(((_a5_ * exp(_a2_)) * x) * (_a5_ + pow2(((-(x) + _a7_) * _a7_))));{'d0': {'_a2_': 6.724544064887904, '_a5_': 0.04168256639178147, '_a7_': -0.3119297076658627, '_a0_': 1.0, '_a1_': 1.0, '_a3_': 1.0, '_a4_': 1.0, '_a6_': 1.0}};{'d0': 0.024905832919416643};-280.569866449044;43.9483678494863
20949;-96.3365653750353;(((_a5_ * exp(_a2_)) * x) * (_a5_ + pow2(((-(x) + _a7_) * _a7_))));{'d0': {'_a2_': 6.724544064887904, '_a5_': 0.04168256639178147, '_a7_': -0.3119297076658627, '_a0_': 1.0, '_a1_': 1.0, '_a3_': 1.0, '_a4_': 1.0, '_a6_': 1.0}};{'d0': 0.024905832919416643};-280.569866449044;43.9483678494863
20950;-96.3365653750353;(((_a5_ * exp(_a2_)) * x) * (_a5_ + pow2(((-(x) + _a7_) * _a7_))));{'d0': {'_a2_': 6.724544064887904, '_a5_': 0.04168256639178147, '_a7_': -0.3119297076658627, '_a0_': 1.0, '_a1_': 1.0, '_a3_': 1.0, '_a4_': 1.0, '_a6_': 1.0}};{'d0': 0.024905832919416643};-280.569866449044;43.9483678494863
20951;-104.531628829010;((_a3_ + (((x / _a5_) * (_a5_ + x)) * pow2(_a0_))) * x);{'d0': {'_a0_': 1.4514213958222892, '_a3_': 1.7751354042559837, '_a5_': 0.6238594155707031, '_a1_': 1.0, '_a2_': 1.0, '_a4_': 1.0, '_a6_': 1.0, '_a7_': 1.0}};{'d0': 0.02490583291941662};-280.569866449044;35.75330439551138
20952;-104.531628829010;((_a3_ + (((x / _a5_) * (_a5_ + x)) * pow2(_a0_))) * x);{'d0': {'_a0_': 1.4514213958222892, '_a3_': 1.7751354042559837, '_a5_': 0.6238594155707031, '_a1_': 1.0, '_a2_': 1.0, '_a4_': 1.0, '_a6_': 1.0, '_a7_': 1.0}};{'d0': 0.02490583291941662};-280.569866449044;35.75330439551138
20953;-96.3365653750353;(((_a5_ * exp(_a2_)) * x) * (_a5_ + pow2(((-(x) + _a7_) * _a7_))));{'d0': {'_a2_': 6.724544064887904, '_a5_': 0.04168256639178147, '_a7_': -0.3119297076658627, '_a0_': 1.0, '_a1_': 1.0, '_a3_': 1.0, '_a4_': 1.0, '_a6_': 1.0}};{'d0': 0.024905832919416643};-280.569866449044;43.9483678494863
20954;-96.3365653750353;(((_a5_ * exp(_a2_)) * x) * (_a5_ + pow2(((-(x) + _a7_) * _a7_))));{'d0': {'_a2_': 6.724544064887904, '_a5_': 0.04168256639178147, '_a7_': -0.3119297076658627, '_a0_': 1.0, '_a1_': 1.0, '_a3_': 1.0, '_a4_': 1.0, '_a6_': 1.0}};{'d0': 0.024905832919416643};-280.569866449044;43.9483678494863
20955;-96.3365653750353;(((_a5_ * exp(_a2_)) * x) * (_a5_ + pow2(((-(x) + _a7_) * _a7_))));{'d0': {'_a2_': 6.724544064887904, '_a5_': 0.04168256639178147, '_a7_': -0.3119297076658627, '_a0_': 1.0, '_a1_': 1.0, '_a3_': 1.0, '_a4_': 1.0, '_a6_': 1.0}};{'d0': 0.024905832919416643};-280.569866449044;43.9483678494863
20956;-96.3365653750353;(((_a5_ * exp(_a2_)) * x) * (_a5_ + pow2(((-(x) + _a7_) * _a7_))));{'d0': {'_a2_': 6.724544064887904, '_a5_': 0.04168256639178147, '_a7_': -0.3119297076658627, '_a0_': 1.0, '_a1_': 1.0, '_a3_': 1.0, '_a4_': 1.0, '_a6_': 1.0}};{'d0': 0.024905832919416643};-280.569866449044;43.9483678494863
20957;-104.531628829010;((_a3_ + (((x / _a5_) * (_a5_ + x)) * pow2(_a0_))) * x);{'d0': {'_a0_': 1.4514213958222892, '_a3_': 1.7751354042559837, '_a5_': 0.6238594155707031, '_a1_': 1.0, '_a2_': 1.0, '_a4_': 1.0, '_a6_': 1.0, '_a7_': 1.0}};{'d0': 0.02490583291941662};-280.569866449044;35.75330439551138
20958;-104.531628829010;((_a3_ + (((x / _a5_) * (_a5_ + x)) * pow2(_a0_))) * x);{'d0': {'_a0_': 1.4514213958222892, '_a3_': 1.7751354042559837, '_a5_': 0.6238594155707031, '_a1_': 1.0, '_a2_': 1.0, '_a4_': 1.0, '_a6_': 1.0, '_a7_': 1.0}};{'d0': 0.02490583291941662};-280.569866449044;35.75330439551138
20959;-104.531628829010;((_a3_ + (((x / _a5_) * (_a5_ + x)) * pow2(_a0_))) * x);{'d0': {'_a0_': 1.4514213958222892, '_a3_': 1.7751354042559837, '_a5_': 0.6238594155707031, '_a1_': 1.0, '_a2_': 1.0, '_a4_': 1.0, '_a6_': 1.0, '_a7_': 1.0}};{'d0': 0.02490583291941662};-280.569866449044;35.75330439551138
20960;-104.531628829010;((_a3_ + (((x / _a5_) * (_a5_ + x)) * pow2(_a0_))) * x);{'d0': {'_a0_': 1.4514213958222892, '_a3_': 1.7751354042559837, '_a5_': 0.6238594155707031, '_a1_': 1.0, '_a2_': 1.0, '_a4_': 1.0, '_a6_': 1.0, '_a7_': 1.0}};{'d0': 0.02490583291941662};-280.569866449044;35.75330439551138
20961;-104.531628829010;((_a3_ + (((x / _a5_) * (_a5_ + x)) * pow2(_a0_))) * x);{'d0': {'_a0_': 1.4514213958222892, '_a3_': 1.7751354042559837, '_a5_': 0.6238594155707031, '_a1_': 1.0, '_a2_': 1.0, '_a4_': 1.0, '_a6_': 1.0, '_a7_': 1.0}};{'d0': 0.02490583291941662};-280.569866449044;35.75330439551138
20962;-101.702633509695;(((_a5_ * _a1_) * x) * (_a5_ + pow2(((-(x) + _a7_) * _a7_))));{'d0': {'_a1_': 832.5922795284612, '_a5_': 0.04168256647133952, '_a7_': -0.3119297078188644, '_a0_': 1.0, '_a2_': 1.0, '_a3_': 1.0, '_a4_': 1.0, '_a6_': 1.0}};{'d0': 0.02490583291941667};-280.569866449043;38.582299714826306
20963;-101.702633509695;(((_a5_ * _a1_) * x) * (_a5_ + pow2(((-(x) + _a7_) * _a7_))));{'d0': {'_a1_': 832.5922795284612, '_a5_': 0.04168256647133952, '_a7_': -0.3119297078188644, '_a0_': 1.0, '_a2_': 1.0, '_a3_': 1.0, '_a4_': 1.0, '_a6_': 1.0}};{'d0': 0.02490583291941667};-280.569866449043;38.582299714826306
20964;-101.702633509695;(((_a5_ * _a1_) * x) * (_a5_ + pow2(((-(x) + _a7_) * _a7_))));{'d0': {'_a1_': 832.5922795284612, '_a5_': 0.04168256647133952, '_a7_': -0.3119297078188644, '_a0_': 1.0, '_a2_': 1.0, '_a3_': 1.0, '_a4_': 1.0, '_a6_': 1.0}};{'d0': 0.02490583291941667};-280.569866449043;38.582299714826306
20965;-101.702633509695;(((_a5_ * _a1_) * x) * (_a5_ + pow2(((-(x) + _a7_) * _a7_))));{'d0': {'_a1_': 832.5922795284612, '_a5_': 0.04168256647133952, '_a7_': -0.3119297078188644, '_a0_': 1.0, '_a2_': 1.0, '_a3_': 1.0, '_a4_': 1.0, '_a6_': 1.0}};{'d0': 0.02490583291941667};-280.569866449043;38.582299714826306
20966;-101.702633509695;(((_a5_ * _a1_) * x) * (_a5_ + pow2(((-(x) + _a7_) * _a7_))));{'d0': {'_a1_': 832.5922795284612, '_a5_': 0.04168256647133952, '_a7_': -0.3119297078188644, '_a0_': 1.0, '_a2_': 1.0, '_a3_': 1.0, '_a4_': 1.0, '_a6_': 1.0}};{'d0': 0.02490583291941667};-280.569866449043;38.582299714826306
20967;-104.531628829010;((_a3_ + (((x / _a5_) * (_a5_ + x)) * pow2(_a0_))) * x);{'d0': {'_a0_': 1.4514213958222892, '_a3_': 1.7751354042559837, '_a5_': 0.6238594155707031, '_a1_': 1.0, '_a2_': 1.0, '_a4_': 1.0, '_a6_': 1.0, '_a7_': 1.0}};{'d0': 0.02490583291941662};-280.569866449044;35.75330439551138
20968;-104.531628829010;((_a3_ + (((x / _a5_) * (_a5_ + x)) * pow2(_a0_))) * x);{'d0': {'_a0_': 1.4514213958222892, '_a3_': 1.7751354042559837, '_a5_': 0.6238594155707031, '_a1_': 1.0, '_a2_': 1.0, '_a4_': 1.0, '_a6_': 1.0, '_a7_': 1.0}};{'d0': 0.02490583291941662};-280.569866449044;35.75330439551138
20969;-104.531628829010;((_a3_ + (((x / _a5_) * (_a5_ + x)) * pow2(_a0_))) * x);{'d0': {'_a0_': 1.4514213958222892, '_a3_': 1.7751354042559837, '_a5_': 0.6238594155707031, '_a1_': 1.0, '_a2_': 1.0, '_a4_': 1.0, '_a6_': 1.0, '_a7_': 1.0}};{'d0': 0.02490583291941662};-280.569866449044;35.75330439551138
20970;-104.531628829010;((_a3_ + (((x / _a5_) * (_a5_ + x)) * pow2(_a0_))) * x);{'d0': {'_a0_': 1.4514213958222892, '_a3_': 1.7751354042559837, '_a5_': 0.6238594155707031, '_a1_': 1.0, '_a2_': 1.0, '_a4_': 1.0, '_a6_': 1.0, '_a7_': 1.0}};{'d0': 0.02490583291941662};-280.569866449044;35.75330439551138
20971;-104.531628829010;((_a3_ + (((x / _a5_) * (_a5_ + x)) * pow2(_a0_))) * x);{'d0': {'_a0_': 1.4514213958222892, '_a3_': 1.7751354042559837, '_a5_': 0.6238594155707031, '_a1_': 1.0, '_a2_': 1.0, '_a4_': 1.0, '_a6_': 1.0, '_a7_': 1.0}};{'d0': 0.02490583291941662};-280.569866449044;35.75330439551138
20972;-104.531628829010;((_a3_ + (((x / _a5_) * (_a5_ + x)) * pow2(_a0_))) * x);{'d0': {'_a0_': 1.4514213958222892, '_a3_': 1.7751354042559837, '_a5_': 0.6238594155707031, '_a1_': 1.0, '_a2_': 1.0, '_a4_': 1.0, '_a6_': 1.0, '_a7_': 1.0}};{'d0': 0.02490583291941662};-280.569866449044;35.75330439551138
20973;-104.531628829010;((_a3_ + (((x / _a5_) * (_a5_ + x)) * pow2(_a0_))) * x);{'d0': {'_a0_': 1.4514213958222892, '_a3_': 1.7751354042559837, '_a5_': 0.6238594155707031, '_a1_': 1.0, '_a2_': 1.0, '_a4_': 1.0, '_a6_': 1.0, '_a7_': 1.0}};{'d0': 0.02490583291941662};-280.569866449044;35.75330439551138
20974;-104.531628829010;((_a3_ + (((x / _a5_) * (_a5_ + x)) * pow2(_a0_))) * x);{'d0': {'_a0_': 1.4514213958222892, '_a3_': 1.7751354042559837, '_a5_': 0.6238594155707031, '_a1_': 1.0, '_a2_': 1.0, '_a4_': 1.0, '_a6_': 1.0, '_a7_': 1.0}};{'d0': 0.02490583291941662};-280.569866449044;35.75330439551138
20975;-104.531628829010;((_a3_ + (((x / _a5_) * (_a5_ + x)) * pow2(_a0_))) * x);{'d0': {'_a0_': 1.4514213958222892, '_a3_': 1.7751354042559837, '_a5_': 0.6238594155707031, '_a1_': 1.0, '_a2_': 1.0, '_a4_': 1.0, '_a6_': 1.0, '_a7_': 1.0}};{'d0': 0.02490583291941662};-280.569866449044;35.75330439551138
20976;-102.971521196891;((-(_a2_) * x) * (_a5_ + pow2(((-(x) + _a7_) * _a7_))));{'d0': {'_a2_': -34.70458306185842, '_a5_': 0.041682566432585035, '_a7_': -0.3119297076980399, '_a0_': 1.0, '_a1_': 1.0, '_a3_': 1.0, '_a4_': 1.0, '_a6_': 1.0}};{'d0': 0.024905832919416594};-280.569866449044;37.31341202763048
20977;-102.971521196891;((-(_a2_) * x) * (_a5_ + pow2(((-(x) + _a7_) * _a7_))));{'d0': {'_a2_': -34.70458306185842, '_a5_': 0.041682566432585035, '_a7_': -0.3119297076980399, '_a0_': 1.0, '_a1_': 1.0, '_a3_': 1.0, '_a4_': 1.0, '_a6_': 1.0}};{'d0': 0.024905832919416594};-280.569866449044;37.31341202763048
20978;-102.971521196891;((-(_a2_) * x) * (_a5_ + pow2(((-(x) + _a7_) * _a7_))));{'d0': {'_a2_': -34.70458306185842, '_a5_': 0.041682566432585035, '_a7_': -0.3119297076980399, '_a0_': 1.0, '_a1_': 1.0, '_a3_': 1.0, '_a4_': 1.0, '_a6_': 1.0}};{'d0': 0.024905832919416594};-280.569866449044;37.31341202763048
20979;-102.971521196891;((-(_a2_) * x) * (_a5_ + pow2(((-(x) + _a7_) * _a7_))));{'d0': {'_a2_': -34.70458306185842, '_a5_': 0.041682566432585035, '_a7_': -0.3119297076980399, '_a0_': 1.0, '_a1_': 1.0, '_a3_': 1.0, '_a4_': 1.0, '_a6_': 1.0}};{'d0': 0.024905832919416594};-280.569866449044;37.31341202763048
20980;-102.971521196891;((-(_a2_) * x) * (_a5_ + pow2(((-(x) + _a7_) * _a7_))));{'d0': {'_a2_': -34.70458306185842, '_a5_': 0.041682566432585035, '_a7_': -0.3119297076980399, '_a0_': 1.0, '_a1_': 1.0, '_a3_': 1.0, '_a4_': 1.0, '_a6_': 1.0}};{'d0': 0.024905832919416594};-280.569866449044;37.31341202763048
20981;-95.0917641349357;(_a0_ * ((x * pow2((pow2(pow3((_a0_ * _a6_))) * (x + _a2_)))) + x));{'d0': {'_a0_': 1.446576089305359, '_a2_': 0.31192970780578055, '_a6_': -0.7418884954597554, '_a1_': 1.0, '_a3_': 1.0, '_a4_': 1.0, '_a5_': 1.0, '_a7_': 1.0}};{'d0': 0.02490583291941662};-280.569866449044;45.193169089586
20982;-95.0917641349357;(_a0_ * ((x * pow2((pow2(pow3((_a0_ * _a6_))) * (x + _a2_)))) + x));{'d0': {'_a0_': 1.446576089305359, '_a2_': 0.31192970780578055, '_a6_': -0.7418884954597554, '_a1_': 1.0, '_a3_': 1.0, '_a4_': 1.0, '_a5_': 1.0, '_a7_': 1.0}};{'d0': 0.02490583291941662};-280.569866449044;45.193169089586
20983;-91.3938296623258;(_a0_ * ((x * pow2((pow2(pow3((_a0_ * pow2(_a7_)))) * (x + _a2_)))) + x));{'d0': {'_a0_': 1.4465760892076196, '_a2_': 0.31192970769206224, '_a7_': 0.8613294929964715, '_a1_': 1.0, '_a3_': 1.0, '_a4_': 1.0, '_a5_': 1.0, '_a6_': 1.0}};{'d0': 0.024905832919416598};-280.569866449044;48.891103562196
20984;-91.3938296623258;(_a0_ * ((x * pow2((pow2(pow3((_a0_ * pow2(_a7_)))) * (x + _a2_)))) + x));{'d0': {'_a0_': 1.4465760892076196, '_a2_': 0.31192970769206224, '_a7_': 0.8613294929964715, '_a1_': 1.0, '_a3_': 1.0, '_a4_': 1.0, '_a5_': 1.0, '_a6_': 1.0}};{'d0': 0.024905832919416598};-280.569866449044;48.891103562196
20985;-91.3938296623258;(_a0_ * ((x * pow2((pow2(pow3((_a0_ * pow2(_a7_)))) * (x + _a2_)))) + x));{'d0': {'_a0_': 1.4465760892076196, '_a2_': 0.31192970769206224, '_a7_': 0.8613294929964715, '_a1_': 1.0, '_a3_': 1.0, '_a4_': 1.0, '_a5_': 1.0, '_a6_': 1.0}};{'d0': 0.024905832919416598};-280.569866449044;48.891103562196
20986;-91.3938296623258;(_a0_ * ((x * pow2((pow2(pow3((_a0_ * pow2(_a7_)))) * (x + _a2_)))) + x));{'d0': {'_a0_': 1.4465760892076196, '_a2_': 0.31192970769206224, '_a7_': 0.8613294929964715, '_a1_': 1.0, '_a3_': 1.0, '_a4_': 1.0, '_a5_': 1.0, '_a6_': 1.0}};{'d0': 0.024905832919416598};-280.569866449044;48.891103562196
20987;-90.0700669231567;(_a0_ * ((x * pow2((pow2(pow3((_a0_ * (_a1_ * _a2_)))) * (x + _a2_)))) + x));{'d0': {'_a0_': 1.4465760892501478, '_a1_': 2.378383581136668, '_a2_': 0.31192970779656315, '_a3_': 1.0, '_a4_': 1.0, '_a5_': 1.0, '_a6_': 1.0, '_a7_': 1.0}};{'d0': 0.024905832919416636};-280.569866449044;50.214866301365
20988;-90.0700669231567;(_a0_ * ((x * pow2((pow2(pow3((_a0_ * (_a1_ * _a2_)))) * (x + _a2_)))) + x));{'d0': {'_a0_': 1.4465760892501478, '_a1_': 2.378383581136668, '_a2_': 0.31192970779656315, '_a3_': 1.0, '_a4_': 1.0, '_a5_': 1.0, '_a6_': 1.0, '_a7_': 1.0}};{'d0': 0.024905832919416636};-280.569866449044;50.214866301365
20989;-95.0917641349357;(_a0_ * ((x * pow2((pow2(pow3((_a0_ * _a6_))) * (x + _a2_)))) + x));{'d0': {'_a0_': 1.446576089305359, '_a2_': 0.31192970780578055, '_a6_': -0.7418884954597554, '_a1_': 1.0, '_a3_': 1.0, '_a4_': 1.0, '_a5_': 1.0, '_a7_': 1.0}};{'d0': 0.02490583291941662};-280.569866449044;45.193169089586
20990;-95.0917641349357;(_a0_ * ((x * pow2((pow2(pow3((_a0_ * _a6_))) * (x + _a2_)))) + x));{'d0': {'_a0_': 1.446576089305359, '_a2_': 0.31192970780578055, '_a6_': -0.7418884954597554, '_a1_': 1.0, '_a3_': 1.0, '_a4_': 1.0, '_a5_': 1.0, '_a7_': 1.0}};{'d0': 0.02490583291941662};-280.569866449044;45.193169089586
20991;-95.0917641349357;(_a0_ * ((x * pow2((pow2(pow3((_a0_ * _a6_))) * (x + _a2_)))) + x));{'d0': {'_a0_': 1.446576089305359, '_a2_': 0.31192970780578055, '_a6_': -0.7418884954597554, '_a1_': 1.0, '_a3_': 1.0, '_a4_': 1.0, '_a5_': 1.0, '_a7_': 1.0}};{'d0': 0.02490583291941662};-280.569866449044;45.193169089586
20992;-95.0917641349357;(_a0_ * ((x * pow2((pow2(pow3((_a2_ * _a6_))) * (x + _a2_)))) + x));{'d0': {'_a0_': 1.4465760894387445, '_a2_': 0.3119297078022657, '_a6_': -3.440512819396555, '_a1_': 1.0, '_a3_': 1.0, '_a4_': 1.0, '_a5_': 1.0, '_a7_': 1.0}};{'d0': 0.02490583291941665};-280.569866449044;45.193169089586
20993;-95.0917641349357;(_a0_ * ((x * pow2((pow2(pow3((_a2_ * _a6_))) * (x + _a2_)))) + x));{'d0': {'_a0_': 1.4465760894387445, '_a2_': 0.3119297078022657, '_a6_': -3.440512819396555, '_a1_': 1.0, '_a3_': 1.0, '_a4_': 1.0, '_a5_': 1.0, '_a7_': 1.0}};{'d0': 0.02490583291941665};-280.569866449044;45.193169089586
20994;-95.0917641349357;(_a0_ * ((x * pow2((pow2(pow3((_a2_ * _a6_))) * (x + _a2_)))) + x));{'d0': {'_a0_': 1.4465760894387445, '_a2_': 0.3119297078022657, '_a6_': -3.440512819396555, '_a1_': 1.0, '_a3_': 1.0, '_a4_': 1.0, '_a5_': 1.0, '_a7_': 1.0}};{'d0': 0.02490583291941665};-280.569866449044;45.193169089586
20995;-95.0917641349357;(_a0_ * ((x * pow2((pow2(pow3((_a2_ * _a6_))) * (x + _a2_)))) + x));{'d0': {'_a0_': 1.4465760894387445, '_a2_': 0.3119297078022657, '_a6_': -3.440512819396555, '_a1_': 1.0, '_a3_': 1.0, '_a4_': 1.0, '_a5_': 1.0, '_a7_': 1.0}};{'d0': 0.02490583291941665};-280.569866449044;45.193169089586
20996;-95.0917641349357;(_a0_ * ((x * pow2((pow2(pow3((_a2_ * _a6_))) * (x + _a2_)))) + x));{'d0': {'_a0_': 1.4465760894387445, '_a2_': 0.3119297078022657, '_a6_': -3.440512819396555, '_a1_': 1.0, '_a3_': 1.0, '_a4_': 1.0, '_a5_': 1.0, '_a7_': 1.0}};{'d0': 0.02490583291941665};-280.569866449044;45.193169089586
20997;-95.0917641349357;(_a0_ * ((x * pow2((pow2(pow3((_a2_ * _a6_))) * (x + _a2_)))) + x));{'d0': {'_a0_': 1.4465760894387445, '_a2_': 0.3119297078022657, '_a6_': -3.440512819396555, '_a1_': 1.0, '_a3_': 1.0, '_a4_': 1.0, '_a5_': 1.0, '_a7_': 1.0}};{'d0': 0.02490583291941665};-280.569866449044;45.193169089586
20998;-95.0917641349357;(_a0_ * ((x * pow2((pow2(pow3((_a2_ * _a6_))) * (x + _a2_)))) + x));{'d0': {'_a0_': 1.4465760894387445, '_a2_': 0.3119297078022657, '_a6_': -3.440512819396555, '_a1_': 1.0, '_a3_': 1.0, '_a4_': 1.0, '_a5_': 1.0, '_a7_': 1.0}};{'d0': 0.02490583291941665};-280.569866449044;45.193169089586
20999;-95.0917641349357;(_a0_ * ((x * pow2((pow2(pow3((_a2_ * _a6_))) * (x + _a2_)))) + x));{'d0': {'_a0_': 1.4465760894387445, '_a2_': 0.3119297078022657, '_a6_': -3.440512819396555, '_a1_': 1.0, '_a3_': 1.0, '_a4_': 1.0, '_a5_': 1.0, '_a7_': 1.0}};{'d0': 0.02490583291941665};-280.569866449044;45.193169089586
21000;-95.0917641349357;(_a0_ * ((x * pow2((pow2(pow3((_a2_ * _a6_))) * (x + _a2_)))) + x));{'d0': {'_a0_': 1.4465760894387445, '_a2_': 0.3119297078022657, '_a6_': -3.440512819396555, '_a1_': 1.0, '_a3_': 1.0, '_a4_': 1.0, '_a5_': 1.0, '_a7_': 1.0}};{'d0': 0.02490583291941665};-280.569866449044;45.193169089586
21001;-90.0700669231567;((_a0_ * ((x * pow2((pow2(pow3((_a2_ * _a6_))) * (x + _a2_)))) + x)) * _a6_);{'d0': {'_a0_': -0.4204536261309745, '_a2_': 0.3119297079661094, '_a6_': -3.4405128174891764, '_a1_': 1.0, '_a3_': 1.0, '_a4_': 1.0, '_a5_': 1.0, '_a7_': 1.0}};{'d0': 0.024905832919416608};-280.569866449044;50.214866301365
21002;-90.0700669231567;((_a0_ * ((x * pow2((pow2(pow3((_a2_ * _a6_))) * (x + _a2_)))) + x)) * _a6_);{'d0': {'_a0_': -0.4204536261309745, '_a2_': 0.3119297079661094, '_a6_': -3.4405128174891764, '_a1_': 1.0, '_a3_': 1.0, '_a4_': 1.0, '_a5_': 1.0, '_a7_': 1.0}};{'d0': 0.024905832919416608};-280.569866449044;50.214866301365
21003;-90.0700669231567;((_a0_ * ((x * pow2((pow2(pow3((_a2_ * _a6_))) * (x + _a2_)))) + x)) * _a6_);{'d0': {'_a0_': -0.4204536261309745, '_a2_': 0.3119297079661094, '_a6_': -3.4405128174891764, '_a1_': 1.0, '_a3_': 1.0, '_a4_': 1.0, '_a5_': 1.0, '_a7_': 1.0}};{'d0': 0.024905832919416608};-280.569866449044;50.214866301365
21004;-90.0700669231567;((_a0_ * ((x * pow2((pow2(pow3((_a2_ * _a6_))) * (x + _a2_)))) + x)) * _a6_);{'d0': {'_a0_': -0.4204536261309745, '_a2_': 0.3119297079661094, '_a6_': -3.4405128174891764, '_a1_': 1.0, '_a3_': 1.0, '_a4_': 1.0, '_a5_': 1.0, '_a7_': 1.0}};{'d0': 0.024905832919416608};-280.569866449044;50.214866301365
21005;-90.0700669231567;((_a0_ * ((x * pow2((pow2(pow3((_a2_ * _a6_))) * (x + _a2_)))) + x)) * _a6_);{'d0': {'_a0_': -0.4204536261309745, '_a2_': 0.3119297079661094, '_a6_': -3.4405128174891764, '_a1_': 1.0, '_a3_': 1.0, '_a4_': 1.0, '_a5_': 1.0, '_a7_': 1.0}};{'d0': 0.024905832919416608};-280.569866449044;50.214866301365
21006;-90.0700669231567;((_a0_ * ((x * pow2((pow2(pow3((_a2_ * _a6_))) * (x + _a2_)))) + x)) * _a6_);{'d0': {'_a0_': -0.4204536261309745, '_a2_': 0.3119297079661094, '_a6_': -3.4405128174891764, '_a1_': 1.0, '_a3_': 1.0, '_a4_': 1.0, '_a5_': 1.0, '_a7_': 1.0}};{'d0': 0.024905832919416608};-280.569866449044;50.214866301365
21007;-90.0700669231567;((_a0_ * ((x * pow2((pow2(pow3((_a2_ * _a6_))) * (x + _a2_)))) + x)) * _a6_);{'d0': {'_a0_': -0.4204536261309745, '_a2_': 0.3119297079661094, '_a6_': -3.4405128174891764, '_a1_': 1.0, '_a3_': 1.0, '_a4_': 1.0, '_a5_': 1.0, '_a7_': 1.0}};{'d0': 0.024905832919416608};-280.569866449044;50.214866301365
21008;-90.0700669231567;((_a0_ * ((x * pow2((pow2(pow3((_a2_ * _a6_))) * (x + _a2_)))) + x)) * _a6_);{'d0': {'_a0_': -0.4204536261309745, '_a2_': 0.3119297079661094, '_a6_': -3.4405128174891764, '_a1_': 1.0, '_a3_': 1.0, '_a4_': 1.0, '_a5_': 1.0, '_a7_': 1.0}};{'d0': 0.024905832919416608};-280.569866449044;50.214866301365
21009;-90.0700669231567;((_a0_ * ((x * pow2((pow2(pow3((_a2_ * _a6_))) * (x + _a2_)))) + x)) * _a6_);{'d0': {'_a0_': -0.4204536261309745, '_a2_': 0.3119297079661094, '_a6_': -3.4405128174891764, '_a1_': 1.0, '_a3_': 1.0, '_a4_': 1.0, '_a5_': 1.0, '_a7_': 1.0}};{'d0': 0.024905832919416608};-280.569866449044;50.214866301365
21010;-90.0700669231567;((_a0_ * ((x * pow2((pow2(pow3((_a2_ * _a6_))) * (x + _a2_)))) + x)) * _a6_);{'d0': {'_a0_': -0.4204536261309745, '_a2_': 0.3119297079661094, '_a6_': -3.4405128174891764, '_a1_': 1.0, '_a3_': 1.0, '_a4_': 1.0, '_a5_': 1.0, '_a7_': 1.0}};{'d0': 0.024905832919416608};-280.569866449044;50.214866301365
21011;-90.0700669231567;((_a0_ * ((x * pow2((pow2(pow3((_a2_ * _a6_))) * (x + _a2_)))) + x)) * _a6_);{'d0': {'_a0_': -0.4204536261309745, '_a2_': 0.3119297079661094, '_a6_': -3.4405128174891764, '_a1_': 1.0, '_a3_': 1.0, '_a4_': 1.0, '_a5_': 1.0, '_a7_': 1.0}};{'d0': 0.024905832919416608};-280.569866449044;50.214866301365
21012;-90.0700669231567;((_a0_ * ((x * pow2((pow2(pow3((_a2_ * _a6_))) * (x + _a2_)))) + x)) * _a6_);{'d0': {'_a0_': -0.4204536261309745, '_a2_': 0.3119297079661094, '_a6_': -3.4405128174891764, '_a1_': 1.0, '_a3_': 1.0, '_a4_': 1.0, '_a5_': 1.0, '_a7_': 1.0}};{'d0': 0.024905832919416608};-280.569866449044;50.214866301365
21013;-90.0700669231567;((_a0_ * ((x * pow2((pow2(pow3((_a2_ * _a6_))) * (x + _a2_)))) + x)) * _a6_);{'d0': {'_a0_': -0.4204536261309745, '_a2_': 0.3119297079661094, '_a6_': -3.4405128174891764, '_a1_': 1.0, '_a3_': 1.0, '_a4_': 1.0, '_a5_': 1.0, '_a7_': 1.0}};{'d0': 0.024905832919416608};-280.569866449044;50.214866301365
21014;-90.0700669231567;((_a0_ * ((x * pow2((pow2(pow3((_a2_ * _a6_))) * (x + _a2_)))) + x)) * _a6_);{'d0': {'_a0_': -0.4204536261309745, '_a2_': 0.3119297079661094, '_a6_': -3.4405128174891764, '_a1_': 1.0, '_a3_': 1.0, '_a4_': 1.0, '_a5_': 1.0, '_a7_': 1.0}};{'d0': 0.024905832919416608};-280.569866449044;50.214866301365
21015;-90.0700669231567;((_a0_ * ((x * pow2((pow2(pow3((_a2_ * _a6_))) * (x + _a2_)))) + x)) * _a6_);{'d0': {'_a0_': -0.4204536261309745, '_a2_': 0.3119297079661094, '_a6_': -3.4405128174891764, '_a1_': 1.0, '_a3_': 1.0, '_a4_': 1.0, '_a5_': 1.0, '_a7_': 1.0}};{'d0': 0.024905832919416608};-280.569866449044;50.214866301365
21016;-90.0700669231567;((_a0_ * ((x * pow2((pow2(pow3((_a2_ * _a6_))) * (x + _a2_)))) + x)) * _a6_);{'d0': {'_a0_': -0.4204536261309745, '_a2_': 0.3119297079661094, '_a6_': -3.4405128174891764, '_a1_': 1.0, '_a3_': 1.0, '_a4_': 1.0, '_a5_': 1.0, '_a7_': 1.0}};{'d0': 0.024905832919416608};-280.569866449044;50.214866301365
21017;-90.0700669231567;((_a0_ * ((x * pow2((pow2(pow3((_a2_ * _a6_))) * (x + _a2_)))) + x)) * _a6_);{'d0': {'_a0_': -0.4204536261309745, '_a2_': 0.3119297079661094, '_a6_': -3.4405128174891764, '_a1_': 1.0, '_a3_': 1.0, '_a4_': 1.0, '_a5_': 1.0, '_a7_': 1.0}};{'d0': 0.024905832919416608};-280.569866449044;50.214866301365
21018;-90.0700669231567;((_a0_ * ((x * pow2((pow2(pow3((_a2_ * _a6_))) * (x + _a2_)))) + x)) * _a6_);{'d0': {'_a0_': -0.4204536261309745, '_a2_': 0.3119297079661094, '_a6_': -3.4405128174891764, '_a1_': 1.0, '_a3_': 1.0, '_a4_': 1.0, '_a5_': 1.0, '_a7_': 1.0}};{'d0': 0.024905832919416608};-280.569866449044;50.214866301365
21019;-90.0700669231567;((_a0_ * ((x * pow2((pow2(pow3((_a2_ * _a6_))) * (x + _a2_)))) + x)) * _a6_);{'d0': {'_a0_': -0.4204536261309745, '_a2_': 0.3119297079661094, '_a6_': -3.4405128174891764, '_a1_': 1.0, '_a3_': 1.0, '_a4_': 1.0, '_a5_': 1.0, '_a7_': 1.0}};{'d0': 0.024905832919416608};-280.569866449044;50.214866301365
21020;-90.0700669231567;((_a0_ * ((x * pow2((pow2(pow3((_a2_ * _a6_))) * (x + _a2_)))) + x)) * _a6_);{'d0': {'_a0_': -0.4204536261309745, '_a2_': 0.3119297079661094, '_a6_': -3.4405128174891764, '_a1_': 1.0, '_a3_': 1.0, '_a4_': 1.0, '_a5_': 1.0, '_a7_': 1.0}};{'d0': 0.024905832919416608};-280.569866449044;50.214866301365
21021;-90.0700669231567;((_a0_ * ((x * pow2((pow2(pow3((_a2_ * _a6_))) * (x + _a2_)))) + x)) * _a6_);{'d0': {'_a0_': -0.4204536261309745, '_a2_': 0.3119297079661094, '_a6_': -3.4405128174891764, '_a1_': 1.0, '_a3_': 1.0, '_a4_': 1.0, '_a5_': 1.0, '_a7_': 1.0}};{'d0': 0.024905832919416608};-280.569866449044;50.214866301365
21022;-90.0700669231567;((_a0_ * ((x * pow2((pow2(pow3((_a2_ * _a6_))) * (x + _a2_)))) + x)) * _a6_);{'d0': {'_a0_': -0.4204536261309745, '_a2_': 0.3119297079661094, '_a6_': -3.4405128174891764, '_a1_': 1.0, '_a3_': 1.0, '_a4_': 1.0, '_a5_': 1.0, '_a7_': 1.0}};{'d0': 0.024905832919416608};-280.569866449044;50.214866301365
21023;-90.0700669231567;((_a0_ * ((x * pow2((pow2(pow3((_a2_ * _a6_))) * (x + _a2_)))) + x)) * _a6_);{'d0': {'_a0_': -0.4204536261309745, '_a2_': 0.3119297079661094, '_a6_': -3.4405128174891764, '_a1_': 1.0, '_a3_': 1.0, '_a4_': 1.0, '_a5_': 1.0, '_a7_': 1.0}};{'d0': 0.024905832919416608};-280.569866449044;50.214866301365
21024;-98.0221812714343;(_a7_ * -(((_a5_ * x) * (x + ((pow2(-(x)) + _a2_) * _a5_)))));{'d0': {'_a2_': -0.5256917695072166, '_a5_': -1.6029252347573473, '_a7_': 1.3142372609942614, '_a0_': 1.0, '_a1_': 1.0, '_a3_': 1.0, '_a4_': 1.0, '_a6_': 1.0}};{'d0': 0.02490583291941661};-280.569866449044;42.26275195308743
21025;-98.0221812714343;(_a7_ * -(((_a5_ * x) * (x + ((pow2(-(x)) + _a2_) * _a5_)))));{'d0': {'_a2_': -0.5256917695072166, '_a5_': -1.6029252347573473, '_a7_': 1.3142372609942614, '_a0_': 1.0, '_a1_': 1.0, '_a3_': 1.0, '_a4_': 1.0, '_a6_': 1.0}};{'d0': 0.02490583291941661};-280.569866449044;42.26275195308743
21026;-98.0221812714343;(_a7_ * -(((_a5_ * x) * (x + ((pow2(-(x)) + _a2_) * _a5_)))));{'d0': {'_a2_': -0.5256917695072166, '_a5_': -1.6029252347573473, '_a7_': 1.3142372609942614, '_a0_': 1.0, '_a1_': 1.0, '_a3_': 1.0, '_a4_': 1.0, '_a6_': 1.0}};{'d0': 0.02490583291941661};-280.569866449044;42.26275195308743
21027;-88.0228946400880;((_a0_ * ((x * pow2((pow2(pow3((_a2_ * _a6_))) * (x + _a2_)))) + x)) * _a3_);{'d0': {'_a0_': -0.8285319651300038, '_a2_': 0.31192970766666506, '_a3_': -1.7459506130933056, '_a6_': -3.440512821009103, '_a1_': 1.0, '_a4_': 1.0, '_a5_': 1.0, '_a7_': 1.0}};{'d0': 0.02490583292104189};-276.475521882906;50.214866301365
21028;-88.0228946400880;((_a0_ * ((x * pow2((pow2(pow3((_a2_ * _a6_))) * (x + _a2_)))) + x)) * _a3_);{'d0': {'_a0_': -0.8285319651300038, '_a2_': 0.31192970766666506, '_a3_': -1.7459506130933056, '_a6_': -3.440512821009103, '_a1_': 1.0, '_a4_': 1.0, '_a5_': 1.0, '_a7_': 1.0}};{'d0': 0.02490583292104189};-276.475521882906;50.214866301365
21029;-88.0228946400880;((_a0_ * ((x * pow2((pow2(pow3((_a2_ * _a6_))) * (x + _a2_)))) + x)) * _a3_);{'d0': {'_a0_': -0.8285319651300038, '_a2_': 0.31192970766666506, '_a3_': -1.7459506130933056, '_a6_': -3.440512821009103, '_a1_': 1.0, '_a4_': 1.0, '_a5_': 1.0, '_a7_': 1.0}};{'d0': 0.02490583292104189};-276.475521882906;50.214866301365
21030;-88.0228946400880;((_a0_ * ((x * pow2((pow2(pow3((_a2_ * _a6_))) * (x + _a2_)))) + x)) * _a3_);{'d0': {'_a0_': -0.8285319651300038, '_a2_': 0.31192970766666506, '_a3_': -1.7459506130933056, '_a6_': -3.440512821009103, '_a1_': 1.0, '_a4_': 1.0, '_a5_': 1.0, '_a7_': 1.0}};{'d0': 0.02490583292104189};-276.475521882906;50.214866301365
21031;-88.0228946400880;((_a0_ * ((x * pow2((pow2(pow3((_a2_ * _a6_))) * (x + _a2_)))) + x)) * _a3_);{'d0': {'_a0_': -0.8285319651300038, '_a2_': 0.31192970766666506, '_a3_': -1.7459506130933056, '_a6_': -3.440512821009103, '_a1_': 1.0, '_a4_': 1.0, '_a5_': 1.0, '_a7_': 1.0}};{'d0': 0.02490583292104189};-276.475521882906;50.214866301365
21032;-88.0228946400880;((_a0_ * ((x * pow2((pow2(pow3((_a2_ * _a6_))) * (x + _a2_)))) + x)) * _a3_);{'d0': {'_a0_': -0.8285319651300038, '_a2_': 0.31192970766666506, '_a3_': -1.7459506130933056, '_a6_': -3.440512821009103, '_a1_': 1.0, '_a4_': 1.0, '_a5_': 1.0, '_a7_': 1.0}};{'d0': 0.02490583292104189};-276.475521882906;50.214866301365
21033;-88.0228946400880;((_a0_ * ((x * pow2((pow2(pow3((_a2_ * _a6_))) * (x + _a2_)))) + x)) * _a3_);{'d0': {'_a0_': -0.8285319651300038, '_a2_': 0.31192970766666506, '_a3_': -1.7459506130933056, '_a6_': -3.440512821009103, '_a1_': 1.0, '_a4_': 1.0, '_a5_': 1.0, '_a7_': 1.0}};{'d0': 0.02490583292104189};-276.475521882906;50.214866301365
21034;-88.0228946400880;((_a0_ * ((x * pow2((pow2(pow3((_a2_ * _a6_))) * (x + _a2_)))) + x)) * _a3_);{'d0': {'_a0_': -0.8285319651300038, '_a2_': 0.31192970766666506, '_a3_': -1.7459506130933056, '_a6_': -3.440512821009103, '_a1_': 1.0, '_a4_': 1.0, '_a5_': 1.0, '_a7_': 1.0}};{'d0': 0.02490583292104189};-276.475521882906;50.214866301365
21035;-88.0228946400880;((_a0_ * ((x * pow2((pow2(pow3((_a2_ * _a6_))) * (x + _a2_)))) + x)) * _a3_);{'d0': {'_a0_': -0.8285319651300038, '_a2_': 0.31192970766666506, '_a3_': -1.7459506130933056, '_a6_': -3.440512821009103, '_a1_': 1.0, '_a4_': 1.0, '_a5_': 1.0, '_a7_': 1.0}};{'d0': 0.02490583292104189};-276.475521882906;50.214866301365
21036;-88.0228946400880;((_a0_ * ((x * pow2((pow2(pow3((_a2_ * _a6_))) * (x + _a2_)))) + x)) * _a3_);{'d0': {'_a0_': -0.8285319651300038, '_a2_': 0.31192970766666506, '_a3_': -1.7459506130933056, '_a6_': -3.440512821009103, '_a1_': 1.0, '_a4_': 1.0, '_a5_': 1.0, '_a7_': 1.0}};{'d0': 0.02490583292104189};-276.475521882906;50.214866301365
21037;-95.0917641349358;((_a0_ * ((x * pow2((pow2(pow3(_a0_)) * (x + _a2_)))) + x)) * _a3_);{'d0': {'_a0_': -1.0731981584533272, '_a2_': 0.3119297078211837, '_a3_': -1.3479114532571037, '_a1_': 1.0, '_a4_': 1.0, '_a5_': 1.0, '_a6_': 1.0, '_a7_': 1.0}};{'d0': 0.0249058329194166};-280.569866449044;45.193169089586
21038;-95.0917641349358;((_a0_ * ((x * pow2((pow2(pow3(_a0_)) * (x + _a2_)))) + x)) * _a3_);{'d0': {'_a0_': -1.0731981584533272, '_a2_': 0.3119297078211837, '_a3_': -1.3479114532571037, '_a1_': 1.0, '_a4_': 1.0, '_a5_': 1.0, '_a6_': 1.0, '_a7_': 1.0}};{'d0': 0.0249058329194166};-280.569866449044;45.193169089586
21039;-95.0917641349358;((_a0_ * ((x * pow2((pow2(pow3(_a0_)) * (x + _a2_)))) + x)) * _a3_);{'d0': {'_a0_': -1.0731981584533272, '_a2_': 0.3119297078211837, '_a3_': -1.3479114532571037, '_a1_': 1.0, '_a4_': 1.0, '_a5_': 1.0, '_a6_': 1.0, '_a7_': 1.0}};{'d0': 0.0249058329194166};-280.569866449044;45.193169089586
21040;-95.0917641349358;((_a0_ * ((x * pow2((pow2(pow3(_a0_)) * (x + _a2_)))) + x)) * _a3_);{'d0': {'_a0_': -1.0731981584533272, '_a2_': 0.3119297078211837, '_a3_': -1.3479114532571037, '_a1_': 1.0, '_a4_': 1.0, '_a5_': 1.0, '_a6_': 1.0, '_a7_': 1.0}};{'d0': 0.0249058329194166};-280.569866449044;45.193169089586
21041;-95.0917641349358;((_a0_ * ((x * pow2((pow2(pow3(_a0_)) * (x + _a2_)))) + x)) * _a3_);{'d0': {'_a0_': -1.0731981584533272, '_a2_': 0.3119297078211837, '_a3_': -1.3479114532571037, '_a1_': 1.0, '_a4_': 1.0, '_a5_': 1.0, '_a6_': 1.0, '_a7_': 1.0}};{'d0': 0.0249058329194166};-280.569866449044;45.193169089586
21042;-95.0917641349358;((_a0_ * ((x * pow2((pow2(pow3(_a0_)) * (x + _a2_)))) + x)) * _a3_);{'d0': {'_a0_': -1.0731981584533272, '_a2_': 0.3119297078211837, '_a3_': -1.3479114532571037, '_a1_': 1.0, '_a4_': 1.0, '_a5_': 1.0, '_a6_': 1.0, '_a7_': 1.0}};{'d0': 0.0249058329194166};-280.569866449044;45.193169089586
21043;-95.0917641349358;((_a0_ * ((x * pow2((pow2(pow3(_a0_)) * (x + _a2_)))) + x)) * _a3_);{'d0': {'_a0_': -1.0731981584533272, '_a2_': 0.3119297078211837, '_a3_': -1.3479114532571037, '_a1_': 1.0, '_a4_': 1.0, '_a5_': 1.0, '_a6_': 1.0, '_a7_': 1.0}};{'d0': 0.0249058329194166};-280.569866449044;45.193169089586
21044;-95.0917641349358;((_a0_ * ((x * pow2((pow2(pow3(_a0_)) * (x + _a2_)))) + x)) * _a3_);{'d0': {'_a0_': -1.0731981584533272, '_a2_': 0.3119297078211837, '_a3_': -1.3479114532571037, '_a1_': 1.0, '_a4_': 1.0, '_a5_': 1.0, '_a6_': 1.0, '_a7_': 1.0}};{'d0': 0.0249058329194166};-280.569866449044;45.193169089586
21045;-95.0917641349358;((_a0_ * ((x * pow2((pow2(pow3(_a0_)) * (x + _a2_)))) + x)) * _a3_);{'d0': {'_a0_': -1.0731981584533272, '_a2_': 0.3119297078211837, '_a3_': -1.3479114532571037, '_a1_': 1.0, '_a4_': 1.0, '_a5_': 1.0, '_a6_': 1.0, '_a7_': 1.0}};{'d0': 0.0249058329194166};-280.569866449044;45.193169089586
21046;-95.0917641349358;((_a0_ * ((x * pow2((pow2(pow3(_a0_)) * (x + _a2_)))) + x)) * _a3_);{'d0': {'_a0_': -1.0731981584533272, '_a2_': 0.3119297078211837, '_a3_': -1.3479114532571037, '_a1_': 1.0, '_a4_': 1.0, '_a5_': 1.0, '_a6_': 1.0, '_a7_': 1.0}};{'d0': 0.0249058329194166};-280.569866449044;45.193169089586
21047;-95.0917641349358;((_a0_ * ((x * pow2((pow2(pow3(_a0_)) * (x + _a2_)))) + x)) * _a3_);{'d0': {'_a0_': -1.0731981584533272, '_a2_': 0.3119297078211837, '_a3_': -1.3479114532571037, '_a1_': 1.0, '_a4_': 1.0, '_a5_': 1.0, '_a6_': 1.0, '_a7_': 1.0}};{'d0': 0.0249058329194166};-280.569866449044;45.193169089586
21048;-95.0917641349358;((_a0_ * ((x * pow2((pow2(pow3(_a0_)) * (x + _a2_)))) + x)) * _a3_);{'d0': {'_a0_': -1.0731981584533272, '_a2_': 0.3119297078211837, '_a3_': -1.3479114532571037, '_a1_': 1.0, '_a4_': 1.0, '_a5_': 1.0, '_a6_': 1.0, '_a7_': 1.0}};{'d0': 0.0249058329194166};-280.569866449044;45.193169089586
21049;-93.0004840596553;(_a7_ * -(((_a5_ * (_a5_ * x)) * (x + ((pow2(-(x)) + _a2_) * _a5_)))));{'d0': {'_a2_': -0.5256917708902588, '_a5_': -1.6029252336860134, '_a7_': -0.8198992898310727, '_a0_': 1.0, '_a1_': 1.0, '_a3_': 1.0, '_a4_': 1.0, '_a6_': 1.0}};{'d0': 0.02490583291941661};-280.569866449044;47.28444916486643
21050;-93.0004840596553;(_a7_ * -(((_a5_ * (_a5_ * x)) * (x + ((pow2(-(x)) + _a2_) * _a5_)))));{'d0': {'_a2_': -0.5256917708902588, '_a5_': -1.6029252336860134, '_a7_': -0.8198992898310727, '_a0_': 1.0, '_a1_': 1.0, '_a3_': 1.0, '_a4_': 1.0, '_a6_': 1.0}};{'d0': 0.02490583291941661};-280.569866449044;47.28444916486643
21051;-95.0917641349358;((_a0_ * ((x * pow2((pow2(pow3(_a0_)) * (x + _a2_)))) + x)) * _a3_);{'d0': {'_a0_': -1.0731981584533272, '_a2_': 0.3119297078211837, '_a3_': -1.3479114532571037, '_a1_': 1.0, '_a4_': 1.0, '_a5_': 1.0, '_a6_': 1.0, '_a7_': 1.0}};{'d0': 0.0249058329194166};-280.569866449044;45.193169089586
21052;-95.0917641349358;((_a0_ * ((x * pow2((pow2(pow3(_a0_)) * (x + _a2_)))) + x)) * _a3_);{'d0': {'_a0_': -1.0731981584533272, '_a2_': 0.3119297078211837, '_a3_': -1.3479114532571037, '_a1_': 1.0, '_a4_': 1.0, '_a5_': 1.0, '_a6_': 1.0, '_a7_': 1.0}};{'d0': 0.0249058329194166};-280.569866449044;45.193169089586
21053;-95.0917641349358;((_a0_ * ((x * pow2((pow2(pow3(_a0_)) * (x + _a2_)))) + x)) * _a3_);{'d0': {'_a0_': -1.0731981584533272, '_a2_': 0.3119297078211837, '_a3_': -1.3479114532571037, '_a1_': 1.0, '_a4_': 1.0, '_a5_': 1.0, '_a6_': 1.0, '_a7_': 1.0}};{'d0': 0.0249058329194166};-280.569866449044;45.193169089586
21054;-95.0917641349358;((_a0_ * ((x * pow2((pow2(pow3(_a0_)) * (x + _a2_)))) + x)) * _a3_);{'d0': {'_a0_': -1.0731981584533272, '_a2_': 0.3119297078211837, '_a3_': -1.3479114532571037, '_a1_': 1.0, '_a4_': 1.0, '_a5_': 1.0, '_a6_': 1.0, '_a7_': 1.0}};{'d0': 0.0249058329194166};-280.569866449044;45.193169089586
21055;-95.0917641349358;((_a0_ * ((x * pow2((pow2(pow3(_a0_)) * (x + _a2_)))) + x)) * _a3_);{'d0': {'_a0_': -1.0731981584533272, '_a2_': 0.3119297078211837, '_a3_': -1.3479114532571037, '_a1_': 1.0, '_a4_': 1.0, '_a5_': 1.0, '_a6_': 1.0, '_a7_': 1.0}};{'d0': 0.0249058329194166};-280.569866449044;45.193169089586
21056;-95.0917641349358;((_a0_ * ((x * pow2((pow2(pow3(_a0_)) * (x + _a2_)))) + x)) * _a3_);{'d0': {'_a0_': -1.0731981584533272, '_a2_': 0.3119297078211837, '_a3_': -1.3479114532571037, '_a1_': 1.0, '_a4_': 1.0, '_a5_': 1.0, '_a6_': 1.0, '_a7_': 1.0}};{'d0': 0.0249058329194166};-280.569866449044;45.193169089586
21057;-95.0917641349358;((_a0_ * ((x * pow2((pow2(pow3(_a0_)) * (x + _a2_)))) + x)) * _a3_);{'d0': {'_a0_': -1.0731981584533272, '_a2_': 0.3119297078211837, '_a3_': -1.3479114532571037, '_a1_': 1.0, '_a4_': 1.0, '_a5_': 1.0, '_a6_': 1.0, '_a7_': 1.0}};{'d0': 0.0249058329194166};-280.569866449044;45.193169089586
21058;-93.8371821491785;((_a0_ * ((x * pow2((pow2((_a7_ / _a3_)) * (x + _a2_)))) + x)) * _a3_);{'d0': {'_a0_': -1.485820592030506, '_a2_': 0.3119297078183839, '_a3_': -0.9735872444596676, '_a7_': 1.2034128141230207, '_a1_': 1.0, '_a4_': 1.0, '_a5_': 1.0, '_a6_': 1.0}};{'d0': 0.024905832919959396};-276.475521885514;44.4005787935784
21059;-93.8371821491785;((_a0_ * ((x * pow2((pow2((_a7_ / _a3_)) * (x + _a2_)))) + x)) * _a3_);{'d0': {'_a0_': -1.485820592030506, '_a2_': 0.3119297078183839, '_a3_': -0.9735872444596676, '_a7_': 1.2034128141230207, '_a1_': 1.0, '_a4_': 1.0, '_a5_': 1.0, '_a6_': 1.0}};{'d0': 0.024905832919959396};-276.475521885514;44.4005787935784
21060;-93.8371821491785;((_a0_ * ((x * pow2((pow2((_a7_ / _a3_)) * (x + _a2_)))) + x)) * _a3_);{'d0': {'_a0_': -1.485820592030506, '_a2_': 0.3119297078183839, '_a3_': -0.9735872444596676, '_a7_': 1.2034128141230207, '_a1_': 1.0, '_a4_': 1.0, '_a5_': 1.0, '_a6_': 1.0}};{'d0': 0.024905832919959396};-276.475521885514;44.4005787935784
21061;-93.8371821491785;((_a0_ * ((x * pow2((pow2((_a7_ / _a3_)) * (x + _a2_)))) + x)) * _a3_);{'d0': {'_a0_': -1.485820592030506, '_a2_': 0.3119297078183839, '_a3_': -0.9735872444596676, '_a7_': 1.2034128141230207, '_a1_': 1.0, '_a4_': 1.0, '_a5_': 1.0, '_a6_': 1.0}};{'d0': 0.024905832919959396};-276.475521885514;44.4005787935784
21062;-93.8371821491785;((_a0_ * ((x * pow2((pow2((_a7_ / _a3_)) * (x + _a2_)))) + x)) * _a3_);{'d0': {'_a0_': -1.485820592030506, '_a2_': 0.3119297078183839, '_a3_': -0.9735872444596676, '_a7_': 1.2034128141230207, '_a1_': 1.0, '_a4_': 1.0, '_a5_': 1.0, '_a6_': 1.0}};{'d0': 0.024905832919959396};-276.475521885514;44.4005787935784
21063;-93.8371821491785;((_a0_ * ((x * pow2((pow2((_a7_ / _a3_)) * (x + _a2_)))) + x)) * _a3_);{'d0': {'_a0_': -1.485820592030506, '_a2_': 0.3119297078183839, '_a3_': -0.9735872444596676, '_a7_': 1.2034128141230207, '_a1_': 1.0, '_a4_': 1.0, '_a5_': 1.0, '_a6_': 1.0}};{'d0': 0.024905832919959396};-276.475521885514;44.4005787935784
21064;-93.8371821491785;((_a0_ * ((x * pow2((pow2((_a7_ / _a3_)) * (x + _a2_)))) + x)) * _a3_);{'d0': {'_a0_': -1.485820592030506, '_a2_': 0.3119297078183839, '_a3_': -0.9735872444596676, '_a7_': 1.2034128141230207, '_a1_': 1.0, '_a4_': 1.0, '_a5_': 1.0, '_a6_': 1.0}};{'d0': 0.024905832919959396};-276.475521885514;44.4005787935784
21065;-98.7865220752846;(_a0_ * ((x * pow2((pow2((_a7_ / _a3_)) * (x + _a2_)))) + x));{'d0': {'_a0_': 1.4465760891043131, '_a2_': 0.31192970757192023, '_a3_': 158.98247858705494, '_a7_': -196.5119739658722, '_a1_': 1.0, '_a4_': 1.0, '_a5_': 1.0, '_a6_': 1.0}};{'d0': 0.024905832919420494};-276.475521886812;39.45123886812139
21066;-93.0004840596553;(_a7_ * -(((_a5_ * (_a5_ * x)) * (x + ((pow2(-(x)) + _a2_) * _a5_)))));{'d0': {'_a2_': -0.5256917708902588, '_a5_': -1.6029252336860134, '_a7_': -0.8198992898310727, '_a0_': 1.0, '_a1_': 1.0, '_a3_': 1.0, '_a4_': 1.0, '_a6_': 1.0}};{'d0': 0.02490583291941661};-280.569866449044;47.28444916486643
21067;-98.7865220752846;(_a0_ * ((x * pow2((pow2((_a7_ / _a3_)) * (x + _a2_)))) + x));{'d0': {'_a0_': 1.4465760891043131, '_a2_': 0.31192970757192023, '_a3_': 158.98247858705494, '_a7_': -196.5119739658722, '_a1_': 1.0, '_a4_': 1.0, '_a5_': 1.0, '_a6_': 1.0}};{'d0': 0.024905832919420494};-276.475521886812;39.45123886812139
21068;-100.833694356400;(_a0_ * ((x * pow2((pow2((_a7_ / _a0_)) * (x + _a2_)))) + x));{'d0': {'_a0_': 1.4465760891412713, '_a2_': 0.31192970776375917, '_a7_': -1.7880556800644227, '_a1_': 1.0, '_a3_': 1.0, '_a4_': 1.0, '_a5_': 1.0, '_a6_': 1.0}};{'d0': 0.02490583291941664};-280.569866449044;39.45123886812139
21069;-100.833694356400;(_a0_ * ((x * pow2((pow2((_a7_ / _a0_)) * (x + _a2_)))) + x));{'d0': {'_a0_': 1.4465760891412713, '_a2_': 0.31192970776375917, '_a7_': -1.7880556800644227, '_a1_': 1.0, '_a3_': 1.0, '_a4_': 1.0, '_a5_': 1.0, '_a6_': 1.0}};{'d0': 0.02490583291941664};-280.569866449044;39.45123886812139
21070;-100.833694356400;(_a0_ * ((x * pow2((pow2((_a7_ / _a0_)) * (x + _a2_)))) + x));{'d0': {'_a0_': 1.4465760891412713, '_a2_': 0.31192970776375917, '_a7_': -1.7880556800644227, '_a1_': 1.0, '_a3_': 1.0, '_a4_': 1.0, '_a5_': 1.0, '_a6_': 1.0}};{'d0': 0.02490583291941664};-280.569866449044;39.45123886812139
21071;-100.833694356400;(_a0_ * ((x * pow2((pow2((_a7_ / _a0_)) * (x + _a2_)))) + x));{'d0': {'_a0_': 1.4465760891412713, '_a2_': 0.31192970776375917, '_a7_': -1.7880556800644227, '_a1_': 1.0, '_a3_': 1.0, '_a4_': 1.0, '_a5_': 1.0, '_a6_': 1.0}};{'d0': 0.02490583291941664};-280.569866449044;39.45123886812139
21072;-100.833694356400;(_a0_ * ((x * pow2((pow2((_a7_ / _a0_)) * (x + _a2_)))) + x));{'d0': {'_a0_': 1.4465760891412713, '_a2_': 0.31192970776375917, '_a7_': -1.7880556800644227, '_a1_': 1.0, '_a3_': 1.0, '_a4_': 1.0, '_a5_': 1.0, '_a6_': 1.0}};{'d0': 0.02490583291941664};-280.569866449044;39.45123886812139
21073;-100.833694356400;(_a0_ * ((x * pow2((pow2((_a7_ / _a0_)) * (x + _a2_)))) + x));{'d0': {'_a0_': 1.4465760891412713, '_a2_': 0.31192970776375917, '_a7_': -1.7880556800644227, '_a1_': 1.0, '_a3_': 1.0, '_a4_': 1.0, '_a5_': 1.0, '_a6_': 1.0}};{'d0': 0.02490583291941664};-280.569866449044;39.45123886812139
21074;-100.833694356400;(_a0_ * ((x * pow2((pow2((_a7_ / _a0_)) * (x + _a2_)))) + x));{'d0': {'_a0_': 1.4465760891412713, '_a2_': 0.31192970776375917, '_a7_': -1.7880556800644227, '_a1_': 1.0, '_a3_': 1.0, '_a4_': 1.0, '_a5_': 1.0, '_a6_': 1.0}};{'d0': 0.02490583291941664};-280.569866449044;39.45123886812139
21075;-100.833694356400;(_a0_ * ((x * pow2((pow2((_a7_ / _a0_)) * (x + _a2_)))) + x));{'d0': {'_a0_': 1.4465760891412713, '_a2_': 0.31192970776375917, '_a7_': -1.7880556800644227, '_a1_': 1.0, '_a3_': 1.0, '_a4_': 1.0, '_a5_': 1.0, '_a6_': 1.0}};{'d0': 0.02490583291941664};-280.569866449044;39.45123886812139
21076;-100.833694356400;(_a0_ * ((x * pow2((pow2((_a7_ / _a0_)) * (x + _a2_)))) + x));{'d0': {'_a0_': 1.4465760891412713, '_a2_': 0.31192970776375917, '_a7_': -1.7880556800644227, '_a1_': 1.0, '_a3_': 1.0, '_a4_': 1.0, '_a5_': 1.0, '_a6_': 1.0}};{'d0': 0.02490583291941664};-280.569866449044;39.45123886812139
21077;-100.833694356400;(_a0_ * ((x * pow2((pow2((_a7_ / _a0_)) * (x + _a2_)))) + x));{'d0': {'_a0_': 1.4465760891412713, '_a2_': 0.31192970776375917, '_a7_': -1.7880556800644227, '_a1_': 1.0, '_a3_': 1.0, '_a4_': 1.0, '_a5_': 1.0, '_a6_': 1.0}};{'d0': 0.02490583291941664};-280.569866449044;39.45123886812139
21078;-100.833694356400;(_a0_ * ((x * pow2((pow2((_a7_ / _a0_)) * (x + _a2_)))) + x));{'d0': {'_a0_': 1.4465760891412713, '_a2_': 0.31192970776375917, '_a7_': -1.7880556800644227, '_a1_': 1.0, '_a3_': 1.0, '_a4_': 1.0, '_a5_': 1.0, '_a6_': 1.0}};{'d0': 0.02490583291941664};-280.569866449044;39.45123886812139
21079;-100.833694356400;(_a0_ * ((x * pow2((pow2((_a7_ / _a0_)) * (x + _a2_)))) + x));{'d0': {'_a0_': 1.4465760891412713, '_a2_': 0.31192970776375917, '_a7_': -1.7880556800644227, '_a1_': 1.0, '_a3_': 1.0, '_a4_': 1.0, '_a5_': 1.0, '_a6_': 1.0}};{'d0': 0.02490583291941664};-280.569866449044;39.45123886812139
21080;-100.833694356400;(_a0_ * ((x * pow2((pow2((_a7_ / _a0_)) * (x + _a2_)))) + x));{'d0': {'_a0_': 1.4465760891412713, '_a2_': 0.31192970776375917, '_a7_': -1.7880556800644227, '_a1_': 1.0, '_a3_': 1.0, '_a4_': 1.0, '_a5_': 1.0, '_a6_': 1.0}};{'d0': 0.02490583291941664};-280.569866449044;39.45123886812139
21081;-100.833694356400;(_a0_ * ((x * pow2((pow2((_a7_ / _a0_)) * (x + _a2_)))) + x));{'d0': {'_a0_': 1.4465760891412713, '_a2_': 0.31192970776375917, '_a7_': -1.7880556800644227, '_a1_': 1.0, '_a3_': 1.0, '_a4_': 1.0, '_a5_': 1.0, '_a6_': 1.0}};{'d0': 0.02490583291941664};-280.569866449044;39.45123886812139
21082;-100.833694356400;(_a0_ * ((x * pow2((pow2((_a7_ / _a0_)) * (x + _a2_)))) + x));{'d0': {'_a0_': 1.4465760891412713, '_a2_': 0.31192970776375917, '_a7_': -1.7880556800644227, '_a1_': 1.0, '_a3_': 1.0, '_a4_': 1.0, '_a5_': 1.0, '_a6_': 1.0}};{'d0': 0.02490583291941664};-280.569866449044;39.45123886812139
21083;-93.0004840596553;(_a7_ * -(((_a5_ * (_a5_ * x)) * (x + ((pow2(-(x)) + _a2_) * _a5_)))));{'d0': {'_a2_': -0.5256917708902588, '_a5_': -1.6029252336860134, '_a7_': -0.8198992898310727, '_a0_': 1.0, '_a1_': 1.0, '_a3_': 1.0, '_a4_': 1.0, '_a6_': 1.0}};{'d0': 0.02490583291941661};-280.569866449044;47.28444916486643
21084;-93.0004840596553;(_a7_ * -(((_a5_ * (_a5_ * x)) * (x + ((pow2(-(x)) + _a2_) * _a5_)))));{'d0': {'_a2_': -0.5256917708902588, '_a5_': -1.6029252336860134, '_a7_': -0.8198992898310727, '_a0_': 1.0, '_a1_': 1.0, '_a3_': 1.0, '_a4_': 1.0, '_a6_': 1.0}};{'d0': 0.02490583291941661};-280.569866449044;47.28444916486643
21085;-93.0004840596553;(_a7_ * -(((_a5_ * (_a5_ * x)) * (x + ((pow2(-(x)) + _a2_) * _a5_)))));{'d0': {'_a2_': -0.5256917708902588, '_a5_': -1.6029252336860134, '_a7_': -0.8198992898310727, '_a0_': 1.0, '_a1_': 1.0, '_a3_': 1.0, '_a4_': 1.0, '_a6_': 1.0}};{'d0': 0.02490583291941661};-280.569866449044;47.28444916486643
21086;-93.0004840596553;(_a7_ * -(((_a5_ * (_a5_ * x)) * (x + ((pow2(-(x)) + _a2_) * _a5_)))));{'d0': {'_a2_': -0.5256917708902588, '_a5_': -1.6029252336860134, '_a7_': -0.8198992898310727, '_a0_': 1.0, '_a1_': 1.0, '_a3_': 1.0, '_a4_': 1.0, '_a6_': 1.0}};{'d0': 0.02490583291941661};-280.569866449044;47.28444916486643
21087;-93.0004840596553;(_a7_ * -(((_a5_ * (_a5_ * x)) * (x + ((pow2(-(x)) + _a2_) * _a5_)))));{'d0': {'_a2_': -0.5256917708902588, '_a5_': -1.6029252336860134, '_a7_': -0.8198992898310727, '_a0_': 1.0, '_a1_': 1.0, '_a3_': 1.0, '_a4_': 1.0, '_a6_': 1.0}};{'d0': 0.02490583291941661};-280.569866449044;47.28444916486643
21088;-93.0004840596553;(_a7_ * -(((_a5_ * (_a5_ * x)) * (x + ((pow2(-(x)) + _a2_) * _a5_)))));{'d0': {'_a2_': -0.5256917708902588, '_a5_': -1.6029252336860134, '_a7_': -0.8198992898310727, '_a0_': 1.0, '_a1_': 1.0, '_a3_': 1.0, '_a4_': 1.0, '_a6_': 1.0}};{'d0': 0.02490583291941661};-280.569866449044;47.28444916486643
21089;-93.0004840596553;(_a7_ * -(((_a5_ * (_a5_ * x)) * (x + ((pow2(-(x)) + _a2_) * _a5_)))));{'d0': {'_a2_': -0.5256917708902588, '_a5_': -1.6029252336860134, '_a7_': -0.8198992898310727, '_a0_': 1.0, '_a1_': 1.0, '_a3_': 1.0, '_a4_': 1.0, '_a6_': 1.0}};{'d0': 0.02490583291941661};-280.569866449044;47.28444916486643
21090;-93.0004840596553;(_a7_ * -(((_a5_ * (_a5_ * x)) * (x + ((pow2(-(x)) + _a2_) * _a5_)))));{'d0': {'_a2_': -0.5256917708902588, '_a5_': -1.6029252336860134, '_a7_': -0.8198992898310727, '_a0_': 1.0, '_a1_': 1.0, '_a3_': 1.0, '_a4_': 1.0, '_a6_': 1.0}};{'d0': 0.02490583291941661};-280.569866449044;47.28444916486643
21091;-93.0004840596553;(_a7_ * -(((_a5_ * (_a5_ * x)) * (x + ((pow2(-(x)) + _a2_) * _a5_)))));{'d0': {'_a2_': -0.5256917708902588, '_a5_': -1.6029252336860134, '_a7_': -0.8198992898310727, '_a0_': 1.0, '_a1_': 1.0, '_a3_': 1.0, '_a4_': 1.0, '_a6_': 1.0}};{'d0': 0.02490583291941661};-280.569866449044;47.28444916486643
21092;-93.0004840596553;(_a7_ * -(((_a5_ * (_a5_ * x)) * (x + ((pow2(-(x)) + _a2_) * _a5_)))));{'d0': {'_a2_': -0.5256917708902588, '_a5_': -1.6029252336860134, '_a7_': -0.8198992898310727, '_a0_': 1.0, '_a1_': 1.0, '_a3_': 1.0, '_a4_': 1.0, '_a6_': 1.0}};{'d0': 0.02490583291941661};-280.569866449044;47.28444916486643
21093;-95.8843544309433;((_a0_ * ((x * pow2((pow2((_a7_ / _a0_)) * (x + _a0_)))) + x)) * _a5_);{'d0': {'_a0_': 0.3119297078400992, '_a5_': 4.637506633699837, '_a7_': -0.3855640156306761, '_a1_': 1.0, '_a2_': 1.0, '_a3_': 1.0, '_a4_': 1.0, '_a6_': 1.0}};{'d0': 0.024905832919416632};-280.569866449044;44.40057879357839
21094;-95.8843544309433;((_a0_ * ((x * pow2((pow2((_a7_ / _a0_)) * (x + _a0_)))) + x)) * _a5_);{'d0': {'_a0_': 0.3119297078400992, '_a5_': 4.637506633699837, '_a7_': -0.3855640156306761, '_a1_': 1.0, '_a2_': 1.0, '_a3_': 1.0, '_a4_': 1.0, '_a6_': 1.0}};{'d0': 0.024905832919416632};-280.569866449044;44.40057879357839
21095;-95.8843544309433;((_a0_ * ((x * pow2((pow2((_a7_ / _a0_)) * (x + _a0_)))) + x)) * _a5_);{'d0': {'_a0_': 0.3119297078400992, '_a5_': 4.637506633699837, '_a7_': -0.3855640156306761, '_a1_': 1.0, '_a2_': 1.0, '_a3_': 1.0, '_a4_': 1.0, '_a6_': 1.0}};{'d0': 0.024905832919416632};-280.569866449044;44.40057879357839
21096;-95.8843544309433;((_a0_ * ((x * pow2((pow2((_a7_ / _a0_)) * (x + _a0_)))) + x)) * _a5_);{'d0': {'_a0_': 0.3119297078400992, '_a5_': 4.637506633699837, '_a7_': -0.3855640156306761, '_a1_': 1.0, '_a2_': 1.0, '_a3_': 1.0, '_a4_': 1.0, '_a6_': 1.0}};{'d0': 0.024905832919416632};-280.569866449044;44.40057879357839
21097;-95.8843544309433;((_a0_ * ((x * pow2((pow2((_a7_ / _a0_)) * (x + _a0_)))) + x)) * _a5_);{'d0': {'_a0_': 0.3119297078400992, '_a5_': 4.637506633699837, '_a7_': -0.3855640156306761, '_a1_': 1.0, '_a2_': 1.0, '_a3_': 1.0, '_a4_': 1.0, '_a6_': 1.0}};{'d0': 0.024905832919416632};-280.569866449044;44.40057879357839
21098;-93.0004840596553;(_a3_ * -(((_a5_ * (_a5_ * x)) * (x + ((pow2(-(x)) + _a2_) * _a5_)))));{'d0': {'_a2_': -0.525691770656712, '_a3_': -0.8198992898012573, '_a5_': -1.6029252338507982, '_a0_': 1.0, '_a1_': 1.0, '_a4_': 1.0, '_a6_': 1.0, '_a7_': 1.0}};{'d0': 0.024905832919416594};-280.569866449044;47.28444916486643
21099;-93.0004840596553;(_a3_ * -(((_a5_ * (_a5_ * x)) * (x + ((pow2(-(x)) + _a2_) * _a5_)))));{'d0': {'_a2_': -0.525691770656712, '_a3_': -0.8198992898012573, '_a5_': -1.6029252338507982, '_a0_': 1.0, '_a1_': 1.0, '_a4_': 1.0, '_a6_': 1.0, '_a7_': 1.0}};{'d0': 0.024905832919416594};-280.569866449044;47.28444916486643
21100;-93.0004840596553;(_a3_ * -(((_a5_ * (_a5_ * x)) * (x + ((pow2(-(x)) + _a2_) * _a5_)))));{'d0': {'_a2_': -0.525691770656712, '_a3_': -0.8198992898012573, '_a5_': -1.6029252338507982, '_a0_': 1.0, '_a1_': 1.0, '_a4_': 1.0, '_a6_': 1.0, '_a7_': 1.0}};{'d0': 0.024905832919416594};-280.569866449044;47.28444916486643
21101;-93.0004840596553;(_a3_ * -(((_a5_ * (_a5_ * x)) * (x + ((pow2(-(x)) + _a2_) * _a5_)))));{'d0': {'_a2_': -0.525691770656712, '_a3_': -0.8198992898012573, '_a5_': -1.6029252338507982, '_a0_': 1.0, '_a1_': 1.0, '_a4_': 1.0, '_a6_': 1.0, '_a7_': 1.0}};{'d0': 0.024905832919416594};-280.569866449044;47.28444916486643
21102;-93.0004840596553;(_a3_ * -(((_a5_ * (_a5_ * x)) * (x + ((pow2(-(x)) + _a2_) * _a5_)))));{'d0': {'_a2_': -0.525691770656712, '_a3_': -0.8198992898012573, '_a5_': -1.6029252338507982, '_a0_': 1.0, '_a1_': 1.0, '_a4_': 1.0, '_a6_': 1.0, '_a7_': 1.0}};{'d0': 0.024905832919416594};-280.569866449044;47.28444916486643
21103;-93.0004840596553;(_a3_ * -(((_a5_ * (_a5_ * x)) * (x + ((pow2(-(x)) + _a2_) * _a5_)))));{'d0': {'_a2_': -0.525691770656712, '_a3_': -0.8198992898012573, '_a5_': -1.6029252338507982, '_a0_': 1.0, '_a1_': 1.0, '_a4_': 1.0, '_a6_': 1.0, '_a7_': 1.0}};{'d0': 0.024905832919416594};-280.569866449044;47.28444916486643
21104;-93.0004840596553;(_a3_ * -(((_a5_ * (_a5_ * x)) * (x + ((pow2(-(x)) + _a2_) * _a5_)))));{'d0': {'_a2_': -0.525691770656712, '_a3_': -0.8198992898012573, '_a5_': -1.6029252338507982, '_a0_': 1.0, '_a1_': 1.0, '_a4_': 1.0, '_a6_': 1.0, '_a7_': 1.0}};{'d0': 0.024905832919416594};-280.569866449044;47.28444916486643
21105;-93.0004840596553;(_a3_ * -(((_a5_ * (_a5_ * x)) * (x + ((pow2(-(x)) + _a2_) * _a5_)))));{'d0': {'_a2_': -0.525691770656712, '_a3_': -0.8198992898012573, '_a5_': -1.6029252338507982, '_a0_': 1.0, '_a1_': 1.0, '_a4_': 1.0, '_a6_': 1.0, '_a7_': 1.0}};{'d0': 0.024905832919416594};-280.569866449044;47.28444916486643
21106;-93.0004840596553;(_a3_ * -(((_a5_ * (_a5_ * x)) * (x + ((pow2(-(x)) + _a2_) * _a5_)))));{'d0': {'_a2_': -0.525691770656712, '_a3_': -0.8198992898012573, '_a5_': -1.6029252338507982, '_a0_': 1.0, '_a1_': 1.0, '_a4_': 1.0, '_a6_': 1.0, '_a7_': 1.0}};{'d0': 0.024905832919416594};-280.569866449044;47.28444916486643
21107;-93.0004840596553;(_a3_ * -(((_a5_ * (_a5_ * x)) * (x + ((pow2(-(x)) + _a2_) * _a5_)))));{'d0': {'_a2_': -0.525691770656712, '_a3_': -0.8198992898012573, '_a5_': -1.6029252338507982, '_a0_': 1.0, '_a1_': 1.0, '_a4_': 1.0, '_a6_': 1.0, '_a7_': 1.0}};{'d0': 0.024905832919416594};-280.569866449044;47.28444916486643
21108;-93.0004840596553;(_a3_ * -(((_a5_ * (_a5_ * x)) * (x + ((pow2(-(x)) + _a2_) * _a5_)))));{'d0': {'_a2_': -0.525691770656712, '_a3_': -0.8198992898012573, '_a5_': -1.6029252338507982, '_a0_': 1.0, '_a1_': 1.0, '_a4_': 1.0, '_a6_': 1.0, '_a7_': 1.0}};{'d0': 0.024905832919416594};-280.569866449044;47.28444916486643
21109;-93.0004840596553;(_a3_ * -(((_a5_ * (_a5_ * x)) * (x + ((pow2(-(x)) + _a2_) * _a5_)))));{'d0': {'_a2_': -0.525691770656712, '_a3_': -0.8198992898012573, '_a5_': -1.6029252338507982, '_a0_': 1.0, '_a1_': 1.0, '_a4_': 1.0, '_a6_': 1.0, '_a7_': 1.0}};{'d0': 0.024905832919416594};-280.569866449044;47.28444916486643
21110;-93.0004840596553;(_a3_ * -(((_a5_ * (_a5_ * x)) * (x + ((pow2(-(x)) + _a2_) * _a5_)))));{'d0': {'_a2_': -0.525691770656712, '_a3_': -0.8198992898012573, '_a5_': -1.6029252338507982, '_a0_': 1.0, '_a1_': 1.0, '_a4_': 1.0, '_a6_': 1.0, '_a7_': 1.0}};{'d0': 0.024905832919416594};-280.569866449044;47.28444916486643
21111;-95.8843544309433;((_a0_ * ((x * pow2((pow2((_a7_ / _a0_)) * (x + _a5_)))) + x)) * _a5_);{'d0': {'_a0_': 4.63750663387127, '_a5_': 0.311929707854195, '_a7_': -5.732239140141981, '_a1_': 1.0, '_a2_': 1.0, '_a3_': 1.0, '_a4_': 1.0, '_a6_': 1.0}};{'d0': 0.024905832919416615};-280.569866449044;44.40057879357839
21112;-95.8843544309433;((_a0_ * ((x * pow2((pow2((_a7_ / _a0_)) * (x + _a5_)))) + x)) * _a5_);{'d0': {'_a0_': 4.63750663387127, '_a5_': 0.311929707854195, '_a7_': -5.732239140141981, '_a1_': 1.0, '_a2_': 1.0, '_a3_': 1.0, '_a4_': 1.0, '_a6_': 1.0}};{'d0': 0.024905832919416615};-280.569866449044;44.40057879357839
21113;-93.0004840596553;(_a3_ * -(((_a5_ * (_a5_ * x)) * (x + ((pow2(-(x)) + _a2_) * _a5_)))));{'d0': {'_a2_': -0.525691770656712, '_a3_': -0.8198992898012573, '_a5_': -1.6029252338507982, '_a0_': 1.0, '_a1_': 1.0, '_a4_': 1.0, '_a6_': 1.0, '_a7_': 1.0}};{'d0': 0.024905832919416594};-280.569866449044;47.28444916486643
21114;-93.0004840596553;(_a3_ * -(((_a5_ * (_a5_ * x)) * (x + ((pow2(-(x)) + _a2_) * _a5_)))));{'d0': {'_a2_': -0.525691770656712, '_a3_': -0.8198992898012573, '_a5_': -1.6029252338507982, '_a0_': 1.0, '_a1_': 1.0, '_a4_': 1.0, '_a6_': 1.0, '_a7_': 1.0}};{'d0': 0.024905832919416594};-280.569866449044;47.28444916486643
21115;-93.0004840596553;(_a3_ * -(((_a5_ * (_a5_ * x)) * (x + ((pow2(-(x)) + _a2_) * _a5_)))));{'d0': {'_a2_': -0.525691770656712, '_a3_': -0.8198992898012573, '_a5_': -1.6029252338507982, '_a0_': 1.0, '_a1_': 1.0, '_a4_': 1.0, '_a6_': 1.0, '_a7_': 1.0}};{'d0': 0.024905832919416594};-280.569866449044;47.28444916486643
21116;-93.0004840596553;(_a3_ * -(((_a5_ * (_a5_ * x)) * (x + ((pow2(-(x)) + _a2_) * _a5_)))));{'d0': {'_a2_': -0.525691770656712, '_a3_': -0.8198992898012573, '_a5_': -1.6029252338507982, '_a0_': 1.0, '_a1_': 1.0, '_a4_': 1.0, '_a6_': 1.0, '_a7_': 1.0}};{'d0': 0.024905832919416594};-280.569866449044;47.28444916486643
21117;-93.0004840596553;(_a3_ * -(((_a5_ * (_a5_ * x)) * (x + ((pow2(-(x)) + _a2_) * _a5_)))));{'d0': {'_a2_': -0.525691770656712, '_a3_': -0.8198992898012573, '_a5_': -1.6029252338507982, '_a0_': 1.0, '_a1_': 1.0, '_a4_': 1.0, '_a6_': 1.0, '_a7_': 1.0}};{'d0': 0.024905832919416594};-280.569866449044;47.28444916486643
21118;-93.0004840596553;(_a3_ * -(((_a5_ * (_a5_ * x)) * (x + ((pow2(-(x)) + _a2_) * _a5_)))));{'d0': {'_a2_': -0.525691770656712, '_a3_': -0.8198992898012573, '_a5_': -1.6029252338507982, '_a0_': 1.0, '_a1_': 1.0, '_a4_': 1.0, '_a6_': 1.0, '_a7_': 1.0}};{'d0': 0.024905832919416594};-280.569866449044;47.28444916486643
21119;-93.0004840596553;(_a3_ * -(((_a5_ * (_a5_ * x)) * (x + ((pow2(-(x)) + _a2_) * _a5_)))));{'d0': {'_a2_': -0.525691770656712, '_a3_': -0.8198992898012573, '_a5_': -1.6029252338507982, '_a0_': 1.0, '_a1_': 1.0, '_a4_': 1.0, '_a6_': 1.0, '_a7_': 1.0}};{'d0': 0.024905832919416594};-280.569866449044;47.28444916486643
21120;-93.0004840596553;(_a3_ * -(((_a5_ * (_a5_ * x)) * (x + ((pow2(-(x)) + _a2_) * _a5_)))));{'d0': {'_a2_': -0.525691770656712, '_a3_': -0.8198992898012573, '_a5_': -1.6029252338507982, '_a0_': 1.0, '_a1_': 1.0, '_a4_': 1.0, '_a6_': 1.0, '_a7_': 1.0}};{'d0': 0.024905832919416594};-280.569866449044;47.28444916486643
21121;-93.0004840596553;(_a3_ * -(((_a5_ * (_a5_ * x)) * (x + ((pow2(-(x)) + _a2_) * _a5_)))));{'d0': {'_a2_': -0.525691770656712, '_a3_': -0.8198992898012573, '_a5_': -1.6029252338507982, '_a0_': 1.0, '_a1_': 1.0, '_a4_': 1.0, '_a6_': 1.0, '_a7_': 1.0}};{'d0': 0.024905832919416594};-280.569866449044;47.28444916486643
21122;-93.0004840596553;(_a3_ * -(((_a5_ * (_a5_ * x)) * (x + ((pow2(-(x)) + _a2_) * _a5_)))));{'d0': {'_a2_': -0.525691770656712, '_a3_': -0.8198992898012573, '_a5_': -1.6029252338507982, '_a0_': 1.0, '_a1_': 1.0, '_a4_': 1.0, '_a6_': 1.0, '_a7_': 1.0}};{'d0': 0.024905832919416594};-280.569866449044;47.28444916486643
21123;-93.0004840596553;(_a3_ * -(((_a5_ * (_a5_ * x)) * (x + ((pow2(-(x)) + _a2_) * _a5_)))));{'d0': {'_a2_': -0.525691770656712, '_a3_': -0.8198992898012573, '_a5_': -1.6029252338507982, '_a0_': 1.0, '_a1_': 1.0, '_a4_': 1.0, '_a6_': 1.0, '_a7_': 1.0}};{'d0': 0.024905832919416594};-280.569866449044;47.28444916486643
21124;-93.0004840596553;(_a3_ * -(((_a5_ * (_a5_ * x)) * (x + ((pow2(-(x)) + _a2_) * _a5_)))));{'d0': {'_a2_': -0.525691770656712, '_a3_': -0.8198992898012573, '_a5_': -1.6029252338507982, '_a0_': 1.0, '_a1_': 1.0, '_a4_': 1.0, '_a6_': 1.0, '_a7_': 1.0}};{'d0': 0.024905832919416594};-280.569866449044;47.28444916486643
21125;-93.0004840596553;(_a3_ * -(((_a5_ * (_a5_ * x)) * (x + ((pow2(-(x)) + _a2_) * _a5_)))));{'d0': {'_a2_': -0.525691770656712, '_a3_': -0.8198992898012573, '_a5_': -1.6029252338507982, '_a0_': 1.0, '_a1_': 1.0, '_a4_': 1.0, '_a6_': 1.0, '_a7_': 1.0}};{'d0': 0.024905832919416594};-280.569866449044;47.28444916486643
21126;-93.0004840596553;(_a3_ * -(((_a5_ * (_a5_ * x)) * (x + ((pow2(-(x)) + _a2_) * _a5_)))));{'d0': {'_a2_': -0.525691770656712, '_a3_': -0.8198992898012573, '_a5_': -1.6029252338507982, '_a0_': 1.0, '_a1_': 1.0, '_a4_': 1.0, '_a6_': 1.0, '_a7_': 1.0}};{'d0': 0.024905832919416594};-280.569866449044;47.28444916486643
21127;-93.0004840596553;(_a3_ * -(((_a5_ * (_a5_ * x)) * (x + ((pow2(-(x)) + _a2_) * _a5_)))));{'d0': {'_a2_': -0.525691770656712, '_a3_': -0.8198992898012573, '_a5_': -1.6029252338507982, '_a0_': 1.0, '_a1_': 1.0, '_a4_': 1.0, '_a6_': 1.0, '_a7_': 1.0}};{'d0': 0.024905832919416594};-280.569866449044;47.28444916486643
21128;-101.684646197346;((_a0_ * ((x * pow2((pow2(_a6_) * (x + _a5_)))) + x)) * _a5_);{'d0': {'_a0_': 4.637506634939207, '_a5_': 0.31192970771346745, '_a6_': 1.2360605801780937, '_a1_': 1.0, '_a2_': 1.0, '_a3_': 1.0, '_a4_': 1.0, '_a7_': 1.0}};{'d0': 0.024905832919416664};-280.569866449044;38.60028702717599
21129;-101.684646197346;((_a0_ * ((x * pow2((pow2(_a6_) * (x + _a5_)))) + x)) * _a5_);{'d0': {'_a0_': 4.637506634939207, '_a5_': 0.31192970771346745, '_a6_': 1.2360605801780937, '_a1_': 1.0, '_a2_': 1.0, '_a3_': 1.0, '_a4_': 1.0, '_a7_': 1.0}};{'d0': 0.024905832919416664};-280.569866449044;38.60028702717599
21130;-101.684646197346;((_a0_ * ((x * pow2((pow2(_a6_) * (x + _a5_)))) + x)) * _a5_);{'d0': {'_a0_': 4.637506634939207, '_a5_': 0.31192970771346745, '_a6_': 1.2360605801780937, '_a1_': 1.0, '_a2_': 1.0, '_a3_': 1.0, '_a4_': 1.0, '_a7_': 1.0}};{'d0': 0.024905832919416664};-280.569866449044;38.60028702717599
21131;-101.684646197346;((_a0_ * ((x * pow2((pow2(_a6_) * (x + _a5_)))) + x)) * _a5_);{'d0': {'_a0_': 4.637506634939207, '_a5_': 0.31192970771346745, '_a6_': 1.2360605801780937, '_a1_': 1.0, '_a2_': 1.0, '_a3_': 1.0, '_a4_': 1.0, '_a7_': 1.0}};{'d0': 0.024905832919416664};-280.569866449044;38.60028702717599
21132;-93.0004840596553;(_a7_ * -(((_a5_ * (_a5_ * x)) * (x + ((pow2(-(x)) + _a2_) * _a5_)))));{'d0': {'_a2_': -0.5256917708902588, '_a5_': -1.6029252336860134, '_a7_': -0.8198992898310727, '_a0_': 1.0, '_a1_': 1.0, '_a3_': 1.0, '_a4_': 1.0, '_a6_': 1.0}};{'d0': 0.02490583291941661};-280.569866449044;47.28444916486643
21133;-93.0004840596553;(_a7_ * -(((_a5_ * (_a5_ * x)) * (x + ((pow2(-(x)) + _a2_) * _a5_)))));{'d0': {'_a2_': -0.5256917708902588, '_a5_': -1.6029252336860134, '_a7_': -0.8198992898310727, '_a0_': 1.0, '_a1_': 1.0, '_a3_': 1.0, '_a4_': 1.0, '_a6_': 1.0}};{'d0': 0.02490583291941661};-280.569866449044;47.28444916486643
21134;-93.0004840596553;(_a7_ * -(((_a5_ * (_a5_ * x)) * (x + ((pow2(-(x)) + _a2_) * _a5_)))));{'d0': {'_a2_': -0.5256917708902588, '_a5_': -1.6029252336860134, '_a7_': -0.8198992898310727, '_a0_': 1.0, '_a1_': 1.0, '_a3_': 1.0, '_a4_': 1.0, '_a6_': 1.0}};{'d0': 0.02490583291941661};-280.569866449044;47.28444916486643
21135;-93.0004840596553;(_a7_ * -(((_a5_ * (_a5_ * x)) * (x + ((pow2(-(x)) + _a2_) * _a5_)))));{'d0': {'_a2_': -0.5256917708902588, '_a5_': -1.6029252336860134, '_a7_': -0.8198992898310727, '_a0_': 1.0, '_a1_': 1.0, '_a3_': 1.0, '_a4_': 1.0, '_a6_': 1.0}};{'d0': 0.02490583291941661};-280.569866449044;47.28444916486643
21136;-93.0004840596553;(_a7_ * -(((_a5_ * (_a5_ * x)) * (x + ((pow2(-(x)) + _a2_) * _a5_)))));{'d0': {'_a2_': -0.5256917708902588, '_a5_': -1.6029252336860134, '_a7_': -0.8198992898310727, '_a0_': 1.0, '_a1_': 1.0, '_a3_': 1.0, '_a4_': 1.0, '_a6_': 1.0}};{'d0': 0.02490583291941661};-280.569866449044;47.28444916486643
21137;-93.0004840596553;(_a7_ * -(((_a5_ * (_a5_ * x)) * (x + ((pow2(-(x)) + _a2_) * _a5_)))));{'d0': {'_a2_': -0.5256917708902588, '_a5_': -1.6029252336860134, '_a7_': -0.8198992898310727, '_a0_': 1.0, '_a1_': 1.0, '_a3_': 1.0, '_a4_': 1.0, '_a6_': 1.0}};{'d0': 0.02490583291941661};-280.569866449044;47.28444916486643
21138;-93.0004840596553;(_a7_ * -(((_a5_ * (_a5_ * x)) * (x + ((pow2(-(x)) + _a2_) * _a5_)))));{'d0': {'_a2_': -0.5256917708902588, '_a5_': -1.6029252336860134, '_a7_': -0.8198992898310727, '_a0_': 1.0, '_a1_': 1.0, '_a3_': 1.0, '_a4_': 1.0, '_a6_': 1.0}};{'d0': 0.02490583291941661};-280.569866449044;47.28444916486643
21139;-93.0004840596553;(_a7_ * -(((_a5_ * (_a5_ * x)) * (x + ((pow2(-(x)) + _a2_) * _a5_)))));{'d0': {'_a2_': -0.5256917708902588, '_a5_': -1.6029252336860134, '_a7_': -0.8198992898310727, '_a0_': 1.0, '_a1_': 1.0, '_a3_': 1.0, '_a4_': 1.0, '_a6_': 1.0}};{'d0': 0.02490583291941661};-280.569866449044;47.28444916486643
21140;-93.0004840596553;(_a7_ * -(((_a5_ * (_a5_ * x)) * (x + ((pow2(-(x)) + _a2_) * _a5_)))));{'d0': {'_a2_': -0.5256917708902588, '_a5_': -1.6029252336860134, '_a7_': -0.8198992898310727, '_a0_': 1.0, '_a1_': 1.0, '_a3_': 1.0, '_a4_': 1.0, '_a6_': 1.0}};{'d0': 0.02490583291941661};-280.569866449044;47.28444916486643
21141;-93.0004840596553;(_a7_ * -(((_a5_ * (_a5_ * x)) * (x + ((pow2(-(x)) + _a2_) * _a5_)))));{'d0': {'_a2_': -0.5256917708902588, '_a5_': -1.6029252336860134, '_a7_': -0.8198992898310727, '_a0_': 1.0, '_a1_': 1.0, '_a3_': 1.0, '_a4_': 1.0, '_a6_': 1.0}};{'d0': 0.02490583291941661};-280.569866449044;47.28444916486643
21142;-93.0004840596553;(_a7_ * -(((_a5_ * (_a5_ * x)) * (x + ((pow2(-(x)) + _a2_) * _a5_)))));{'d0': {'_a2_': -0.5256917708902588, '_a5_': -1.6029252336860134, '_a7_': -0.8198992898310727, '_a0_': 1.0, '_a1_': 1.0, '_a3_': 1.0, '_a4_': 1.0, '_a6_': 1.0}};{'d0': 0.02490583291941661};-280.569866449044;47.28444916486643
21143;-93.0004840596553;(_a7_ * -(((_a5_ * (_a5_ * x)) * (x + ((pow2(-(x)) + _a2_) * _a5_)))));{'d0': {'_a2_': -0.5256917708902588, '_a5_': -1.6029252336860134, '_a7_': -0.8198992898310727, '_a0_': 1.0, '_a1_': 1.0, '_a3_': 1.0, '_a4_': 1.0, '_a6_': 1.0}};{'d0': 0.02490583291941661};-280.569866449044;47.28444916486643
21144;-93.0004840596553;(_a7_ * -(((_a5_ * (_a5_ * x)) * (x + ((pow2(-(x)) + _a2_) * _a5_)))));{'d0': {'_a2_': -0.5256917708902588, '_a5_': -1.6029252336860134, '_a7_': -0.8198992898310727, '_a0_': 1.0, '_a1_': 1.0, '_a3_': 1.0, '_a4_': 1.0, '_a6_': 1.0}};{'d0': 0.02490583291941661};-280.569866449044;47.28444916486643
21145;-66.8917440214644;((((_a0_ + pow2((_a4_ + ((((_a1_ * x) * _a5_) + _a0_) / _a5_)))) * (x + x)) + (_a6_ * _a0_)) * (_a5_ / _a4_));{'d0': {'_a0_': 6.761037725604557e-39, '_a1_': -1.2581208272449257e-19, '_a4_': -3.928804420425077e-20, '_a5_': -4.1978394742280197e+18, '_a6_': -0.0014178329190411008, '_a2_': 1.0, '_a3_': 1.0, '_a7_': 1.0}};{'d0': 0.024885482506923635};-272.430223018898;69.32336748798467
21146;-66.8917440214644;((((_a0_ + pow2((_a4_ + ((((_a1_ * x) * _a5_) + _a0_) / _a5_)))) * (x + x)) + (_a6_ * _a0_)) * (_a5_ / _a4_));{'d0': {'_a0_': 6.761037725604557e-39, '_a1_': -1.2581208272449257e-19, '_a4_': -3.928804420425077e-20, '_a5_': -4.1978394742280197e+18, '_a6_': -0.0014178329190411008, '_a2_': 1.0, '_a3_': 1.0, '_a7_': 1.0}};{'d0': 0.024885482506923635};-272.430223018898;69.32336748798467
21147;-66.8917440214644;((((_a0_ + pow2((_a4_ + ((((_a1_ * x) * _a5_) + _a0_) / _a5_)))) * (x + x)) + (_a6_ * _a0_)) * (_a5_ / _a4_));{'d0': {'_a0_': 6.761037725604557e-39, '_a1_': -1.2581208272449257e-19, '_a4_': -3.928804420425077e-20, '_a5_': -4.1978394742280197e+18, '_a6_': -0.0014178329190411008, '_a2_': 1.0, '_a3_': 1.0, '_a7_': 1.0}};{'d0': 0.024885482506923635};-272.430223018898;69.32336748798467
21148;-66.8917440214644;((((_a0_ + pow2((_a4_ + ((((_a1_ * x) * _a5_) + _a0_) / _a5_)))) * (x + x)) + (_a6_ * _a0_)) * (_a5_ / _a4_));{'d0': {'_a0_': 6.761037725604557e-39, '_a1_': -1.2581208272449257e-19, '_a4_': -3.928804420425077e-20, '_a5_': -4.1978394742280197e+18, '_a6_': -0.0014178329190411008, '_a2_': 1.0, '_a3_': 1.0, '_a7_': 1.0}};{'d0': 0.024885482506923635};-272.430223018898;69.32336748798467
21149;-66.8917440214644;((((_a0_ + pow2((_a4_ + ((((_a1_ * x) * _a5_) + _a0_) / _a5_)))) * (x + x)) + (_a6_ * _a0_)) * (_a5_ / _a4_));{'d0': {'_a0_': 6.761037725604557e-39, '_a1_': -1.2581208272449257e-19, '_a4_': -3.928804420425077e-20, '_a5_': -4.1978394742280197e+18, '_a6_': -0.0014178329190411008, '_a2_': 1.0, '_a3_': 1.0, '_a7_': 1.0}};{'d0': 0.024885482506923635};-272.430223018898;69.32336748798467
21150;-66.8917440214644;((((_a0_ + pow2((_a4_ + ((((_a1_ * x) * _a5_) + _a0_) / _a5_)))) * (x + x)) + (_a6_ * _a0_)) * (_a5_ / _a4_));{'d0': {'_a0_': 6.761037725604557e-39, '_a1_': -1.2581208272449257e-19, '_a4_': -3.928804420425077e-20, '_a5_': -4.1978394742280197e+18, '_a6_': -0.0014178329190411008, '_a2_': 1.0, '_a3_': 1.0, '_a7_': 1.0}};{'d0': 0.024885482506923635};-272.430223018898;69.32336748798467
21151;-66.8917440214644;((((_a0_ + pow2((_a4_ + ((((_a1_ * x) * _a5_) + _a0_) / _a5_)))) * (x + x)) + (_a6_ * _a0_)) * (_a5_ / _a4_));{'d0': {'_a0_': 6.761037725604557e-39, '_a1_': -1.2581208272449257e-19, '_a4_': -3.928804420425077e-20, '_a5_': -4.1978394742280197e+18, '_a6_': -0.0014178329190411008, '_a2_': 1.0, '_a3_': 1.0, '_a7_': 1.0}};{'d0': 0.024885482506923635};-272.430223018898;69.32336748798467
21152;-66.8917440214644;((((_a0_ + pow2((_a4_ + ((((_a1_ * x) * _a5_) + _a0_) / _a5_)))) * (x + x)) + (_a6_ * _a0_)) * (_a5_ / _a4_));{'d0': {'_a0_': 6.761037725604557e-39, '_a1_': -1.2581208272449257e-19, '_a4_': -3.928804420425077e-20, '_a5_': -4.1978394742280197e+18, '_a6_': -0.0014178329190411008, '_a2_': 1.0, '_a3_': 1.0, '_a7_': 1.0}};{'d0': 0.024885482506923635};-272.430223018898;69.32336748798467
21153;-66.8917440214644;((((_a0_ + pow2((_a4_ + ((((_a1_ * x) * _a5_) + _a0_) / _a5_)))) * (x + x)) + (_a6_ * _a0_)) * (_a5_ / _a4_));{'d0': {'_a0_': 6.761037725604557e-39, '_a1_': -1.2581208272449257e-19, '_a4_': -3.928804420425077e-20, '_a5_': -4.1978394742280197e+18, '_a6_': -0.0014178329190411008, '_a2_': 1.0, '_a3_': 1.0, '_a7_': 1.0}};{'d0': 0.024885482506923635};-272.430223018898;69.32336748798467
21154;-66.8917440214644;((((_a0_ + pow2((_a4_ + ((((_a1_ * x) * _a5_) + _a0_) / _a5_)))) * (x + x)) + (_a6_ * _a0_)) * (_a5_ / _a4_));{'d0': {'_a0_': 6.761037725604557e-39, '_a1_': -1.2581208272449257e-19, '_a4_': -3.928804420425077e-20, '_a5_': -4.1978394742280197e+18, '_a6_': -0.0014178329190411008, '_a2_': 1.0, '_a3_': 1.0, '_a7_': 1.0}};{'d0': 0.024885482506923635};-272.430223018898;69.32336748798467
21155;-66.8917440214644;((((_a0_ + pow2((_a4_ + ((((_a1_ * x) * _a5_) + _a0_) / _a5_)))) * (x + x)) + (_a6_ * _a0_)) * (_a5_ / _a4_));{'d0': {'_a0_': 6.761037725604557e-39, '_a1_': -1.2581208272449257e-19, '_a4_': -3.928804420425077e-20, '_a5_': -4.1978394742280197e+18, '_a6_': -0.0014178329190411008, '_a2_': 1.0, '_a3_': 1.0, '_a7_': 1.0}};{'d0': 0.024885482506923635};-272.430223018898;69.32336748798467
21156;-66.8917440214644;((((_a0_ + pow2((_a4_ + ((((_a1_ * x) * _a5_) + _a0_) / _a5_)))) * (x + x)) + (_a6_ * _a0_)) * (_a5_ / _a4_));{'d0': {'_a0_': 6.761037725604557e-39, '_a1_': -1.2581208272449257e-19, '_a4_': -3.928804420425077e-20, '_a5_': -4.1978394742280197e+18, '_a6_': -0.0014178329190411008, '_a2_': 1.0, '_a3_': 1.0, '_a7_': 1.0}};{'d0': 0.024885482506923635};-272.430223018898;69.32336748798467
21157;-66.8917440214644;((((_a0_ + pow2((_a4_ + ((((_a1_ * x) * _a5_) + _a0_) / _a5_)))) * (x + x)) + (_a6_ * _a0_)) * (_a5_ / _a4_));{'d0': {'_a0_': 6.761037725604557e-39, '_a1_': -1.2581208272449257e-19, '_a4_': -3.928804420425077e-20, '_a5_': -4.1978394742280197e+18, '_a6_': -0.0014178329190411008, '_a2_': 1.0, '_a3_': 1.0, '_a7_': 1.0}};{'d0': 0.024885482506923635};-272.430223018898;69.32336748798467
21158;-66.8917440214644;((((_a0_ + pow2((_a4_ + ((((_a1_ * x) * _a5_) + _a0_) / _a5_)))) * (x + x)) + (_a6_ * _a0_)) * (_a5_ / _a4_));{'d0': {'_a0_': 6.761037725604557e-39, '_a1_': -1.2581208272449257e-19, '_a4_': -3.928804420425077e-20, '_a5_': -4.1978394742280197e+18, '_a6_': -0.0014178329190411008, '_a2_': 1.0, '_a3_': 1.0, '_a7_': 1.0}};{'d0': 0.024885482506923635};-272.430223018898;69.32336748798467
21159;-66.8917440214644;((((_a0_ + pow2((_a4_ + ((((_a1_ * x) * _a5_) + _a0_) / _a5_)))) * (x + x)) + (_a6_ * _a0_)) * (_a5_ / _a4_));{'d0': {'_a0_': 6.761037725604557e-39, '_a1_': -1.2581208272449257e-19, '_a4_': -3.928804420425077e-20, '_a5_': -4.1978394742280197e+18, '_a6_': -0.0014178329190411008, '_a2_': 1.0, '_a3_': 1.0, '_a7_': 1.0}};{'d0': 0.024885482506923635};-272.430223018898;69.32336748798467
21160;-66.8917440214644;((((_a0_ + pow2((_a4_ + ((((_a1_ * x) * _a5_) + _a0_) / _a5_)))) * (x + x)) + (_a6_ * _a0_)) * (_a5_ / _a4_));{'d0': {'_a0_': 6.761037725604557e-39, '_a1_': -1.2581208272449257e-19, '_a4_': -3.928804420425077e-20, '_a5_': -4.1978394742280197e+18, '_a6_': -0.0014178329190411008, '_a2_': 1.0, '_a3_': 1.0, '_a7_': 1.0}};{'d0': 0.024885482506923635};-272.430223018898;69.32336748798467
21161;-66.8917440214644;((((_a0_ + pow2((_a4_ + ((((_a1_ * x) * _a5_) + _a0_) / _a5_)))) * (x + x)) + (_a6_ * _a0_)) * (_a5_ / _a4_));{'d0': {'_a0_': 6.761037725604557e-39, '_a1_': -1.2581208272449257e-19, '_a4_': -3.928804420425077e-20, '_a5_': -4.1978394742280197e+18, '_a6_': -0.0014178329190411008, '_a2_': 1.0, '_a3_': 1.0, '_a7_': 1.0}};{'d0': 0.024885482506923635};-272.430223018898;69.32336748798467
21162;-66.8917440214644;((((_a0_ + pow2((_a4_ + ((((_a1_ * x) * _a5_) + _a0_) / _a5_)))) * (x + x)) + (_a6_ * _a0_)) * (_a5_ / _a4_));{'d0': {'_a0_': 6.761037725604557e-39, '_a1_': -1.2581208272449257e-19, '_a4_': -3.928804420425077e-20, '_a5_': -4.1978394742280197e+18, '_a6_': -0.0014178329190411008, '_a2_': 1.0, '_a3_': 1.0, '_a7_': 1.0}};{'d0': 0.024885482506923635};-272.430223018898;69.32336748798467
21163;-66.8917440214644;((((_a0_ + pow2((_a4_ + ((((_a1_ * x) * _a5_) + _a0_) / _a5_)))) * (x + x)) + (_a6_ * _a0_)) * (_a5_ / _a4_));{'d0': {'_a0_': 6.761037725604557e-39, '_a1_': -1.2581208272449257e-19, '_a4_': -3.928804420425077e-20, '_a5_': -4.1978394742280197e+18, '_a6_': -0.0014178329190411008, '_a2_': 1.0, '_a3_': 1.0, '_a7_': 1.0}};{'d0': 0.024885482506923635};-272.430223018898;69.32336748798467
21164;-66.8917440214644;((((_a0_ + pow2((_a4_ + ((((_a1_ * x) * _a5_) + _a0_) / _a5_)))) * (x + x)) + (_a6_ * _a0_)) * (_a5_ / _a4_));{'d0': {'_a0_': 6.761037725604557e-39, '_a1_': -1.2581208272449257e-19, '_a4_': -3.928804420425077e-20, '_a5_': -4.1978394742280197e+18, '_a6_': -0.0014178329190411008, '_a2_': 1.0, '_a3_': 1.0, '_a7_': 1.0}};{'d0': 0.024885482506923635};-272.430223018898;69.32336748798467
21165;-93.0004840596553;(_a7_ * -(((_a5_ * (_a5_ * x)) * (x + ((pow2(-(x)) + _a2_) * _a5_)))));{'d0': {'_a2_': -0.5256917708902588, '_a5_': -1.6029252336860134, '_a7_': -0.8198992898310727, '_a0_': 1.0, '_a1_': 1.0, '_a3_': 1.0, '_a4_': 1.0, '_a6_': 1.0}};{'d0': 0.02490583291941661};-280.569866449044;47.28444916486643
21166;-93.0004840596553;(_a7_ * -(((_a5_ * (_a5_ * x)) * (x + ((pow2(-(x)) + _a2_) * _a5_)))));{'d0': {'_a2_': -0.5256917708902588, '_a5_': -1.6029252336860134, '_a7_': -0.8198992898310727, '_a0_': 1.0, '_a1_': 1.0, '_a3_': 1.0, '_a4_': 1.0, '_a6_': 1.0}};{'d0': 0.02490583291941661};-280.569866449044;47.28444916486643
21167;-93.0004840596553;(_a7_ * -(((_a5_ * (_a5_ * x)) * (x + ((pow2(-(x)) + _a2_) * _a5_)))));{'d0': {'_a2_': -0.5256917708902588, '_a5_': -1.6029252336860134, '_a7_': -0.8198992898310727, '_a0_': 1.0, '_a1_': 1.0, '_a3_': 1.0, '_a4_': 1.0, '_a6_': 1.0}};{'d0': 0.02490583291941661};-280.569866449044;47.28444916486643
21168;-93.0004840596553;(_a7_ * -(((_a5_ * (_a5_ * x)) * (x + ((pow2(-(x)) + _a2_) * _a5_)))));{'d0': {'_a2_': -0.5256917708902588, '_a5_': -1.6029252336860134, '_a7_': -0.8198992898310727, '_a0_': 1.0, '_a1_': 1.0, '_a3_': 1.0, '_a4_': 1.0, '_a6_': 1.0}};{'d0': 0.02490583291941661};-280.569866449044;47.28444916486643
21169;-93.0004840596553;(_a7_ * -(((_a5_ * (_a5_ * x)) * (x + ((pow2(-(x)) + _a2_) * _a5_)))));{'d0': {'_a2_': -0.5256917708902588, '_a5_': -1.6029252336860134, '_a7_': -0.8198992898310727, '_a0_': 1.0, '_a1_': 1.0, '_a3_': 1.0, '_a4_': 1.0, '_a6_': 1.0}};{'d0': 0.02490583291941661};-280.569866449044;47.28444916486643
21170;-93.0004840596553;(_a7_ * -(((_a5_ * (_a5_ * x)) * (x + ((pow2(-(x)) + _a2_) * _a5_)))));{'d0': {'_a2_': -0.5256917708902588, '_a5_': -1.6029252336860134, '_a7_': -0.8198992898310727, '_a0_': 1.0, '_a1_': 1.0, '_a3_': 1.0, '_a4_': 1.0, '_a6_': 1.0}};{'d0': 0.02490583291941661};-280.569866449044;47.28444916486643
21171;-93.0004840596553;(_a7_ * -(((_a5_ * (_a5_ * x)) * (x + ((pow2(-(x)) + _a2_) * _a5_)))));{'d0': {'_a2_': -0.5256917708902588, '_a5_': -1.6029252336860134, '_a7_': -0.8198992898310727, '_a0_': 1.0, '_a1_': 1.0, '_a3_': 1.0, '_a4_': 1.0, '_a6_': 1.0}};{'d0': 0.02490583291941661};-280.569866449044;47.28444916486643
21172;-93.0004840596553;(_a7_ * -(((_a5_ * (_a5_ * x)) * (x + ((pow2(-(x)) + _a2_) * _a5_)))));{'d0': {'_a2_': -0.5256917708902588, '_a5_': -1.6029252336860134, '_a7_': -0.8198992898310727, '_a0_': 1.0, '_a1_': 1.0, '_a3_': 1.0, '_a4_': 1.0, '_a6_': 1.0}};{'d0': 0.02490583291941661};-280.569866449044;47.28444916486643
21173;-93.0004840596553;(_a7_ * -(((_a5_ * (_a5_ * x)) * (x + ((pow2(-(x)) + _a2_) * _a5_)))));{'d0': {'_a2_': -0.5256917708902588, '_a5_': -1.6029252336860134, '_a7_': -0.8198992898310727, '_a0_': 1.0, '_a1_': 1.0, '_a3_': 1.0, '_a4_': 1.0, '_a6_': 1.0}};{'d0': 0.02490583291941661};-280.569866449044;47.28444916486643
21174;-93.0004840596553;(_a7_ * -(((_a5_ * (_a5_ * x)) * (x + ((pow2(-(x)) + _a2_) * _a5_)))));{'d0': {'_a2_': -0.5256917708902588, '_a5_': -1.6029252336860134, '_a7_': -0.8198992898310727, '_a0_': 1.0, '_a1_': 1.0, '_a3_': 1.0, '_a4_': 1.0, '_a6_': 1.0}};{'d0': 0.02490583291941661};-280.569866449044;47.28444916486643
21175;-93.0004840596553;(_a7_ * -(((_a5_ * (_a5_ * x)) * (x + ((pow2(-(x)) + _a2_) * _a5_)))));{'d0': {'_a2_': -0.5256917708902588, '_a5_': -1.6029252336860134, '_a7_': -0.8198992898310727, '_a0_': 1.0, '_a1_': 1.0, '_a3_': 1.0, '_a4_': 1.0, '_a6_': 1.0}};{'d0': 0.02490583291941661};-280.569866449044;47.28444916486643
21176;-93.0004840596553;(_a7_ * -(((_a5_ * (_a5_ * x)) * (x + ((pow2(-(x)) + _a2_) * _a5_)))));{'d0': {'_a2_': -0.5256917708902588, '_a5_': -1.6029252336860134, '_a7_': -0.8198992898310727, '_a0_': 1.0, '_a1_': 1.0, '_a3_': 1.0, '_a4_': 1.0, '_a6_': 1.0}};{'d0': 0.02490583291941661};-280.569866449044;47.28444916486643
21177;-93.0004840596553;(_a7_ * -(((_a5_ * (_a5_ * x)) * (x + ((pow2(-(x)) + _a2_) * _a5_)))));{'d0': {'_a2_': -0.5256917708902588, '_a5_': -1.6029252336860134, '_a7_': -0.8198992898310727, '_a0_': 1.0, '_a1_': 1.0, '_a3_': 1.0, '_a4_': 1.0, '_a6_': 1.0}};{'d0': 0.02490583291941661};-280.569866449044;47.28444916486643
21178;-93.0004840596553;(_a7_ * -(((_a5_ * (_a5_ * x)) * (x + ((pow2(-(x)) + _a2_) * _a5_)))));{'d0': {'_a2_': -0.5256917708902588, '_a5_': -1.6029252336860134, '_a7_': -0.8198992898310727, '_a0_': 1.0, '_a1_': 1.0, '_a3_': 1.0, '_a4_': 1.0, '_a6_': 1.0}};{'d0': 0.02490583291941661};-280.569866449044;47.28444916486643
21179;-66.8917440214644;((((_a0_ + pow2((_a4_ + ((((_a1_ * x) * _a5_) + _a0_) / _a5_)))) * (x + x)) + (_a6_ * _a0_)) * (_a5_ / _a4_));{'d0': {'_a0_': 6.761037725604557e-39, '_a1_': -1.2581208272449257e-19, '_a4_': -3.928804420425077e-20, '_a5_': -4.1978394742280197e+18, '_a6_': -0.0014178329190411008, '_a2_': 1.0, '_a3_': 1.0, '_a7_': 1.0}};{'d0': 0.024885482506923635};-272.430223018898;69.32336748798467
21180;-66.8917440249458;((((_a0_ + pow2((_a4_ + ((((_a1_ * x) * _a5_) + _a0_) / _a5_)))) * (x + x)) + (_a6_ * _a0_)) * (_a5_ / _a1_));{'d0': {'_a0_': 1.6035567833735903e-38, '_a1_': -1.9375720425672714e-19, '_a4_': -6.050565110182306e-20, '_a5_': -8.72875528658183e+18, '_a6_': -0.0014178964442301155, '_a2_': 1.0, '_a3_': 1.0, '_a7_': 1.0}};{'d0': 0.02488548250403577};-272.430223025861;69.32336748798467
21181;-66.8917440249458;((((_a0_ + pow2((_a4_ + ((((_a1_ * x) * _a5_) + _a0_) / _a5_)))) * (x + x)) + (_a6_ * _a0_)) * (_a5_ / _a1_));{'d0': {'_a0_': 1.6035567833735903e-38, '_a1_': -1.9375720425672714e-19, '_a4_': -6.050565110182306e-20, '_a5_': -8.72875528658183e+18, '_a6_': -0.0014178964442301155, '_a2_': 1.0, '_a3_': 1.0, '_a7_': 1.0}};{'d0': 0.02488548250403577};-272.430223025861;69.32336748798467
21182;-66.8917440249458;((((_a0_ + pow2((_a4_ + ((((_a1_ * x) * _a5_) + _a0_) / _a5_)))) * (x + x)) + (_a6_ * _a0_)) * (_a5_ / _a1_));{'d0': {'_a0_': 1.6035567833735903e-38, '_a1_': -1.9375720425672714e-19, '_a4_': -6.050565110182306e-20, '_a5_': -8.72875528658183e+18, '_a6_': -0.0014178964442301155, '_a2_': 1.0, '_a3_': 1.0, '_a7_': 1.0}};{'d0': 0.02488548250403577};-272.430223025861;69.32336748798467
21183;-66.8917440249458;((((_a0_ + pow2((_a4_ + ((((_a1_ * x) * _a5_) + _a0_) / _a5_)))) * (x + x)) + (_a6_ * _a0_)) * (_a5_ / _a1_));{'d0': {'_a0_': 1.6035567833735903e-38, '_a1_': -1.9375720425672714e-19, '_a4_': -6.050565110182306e-20, '_a5_': -8.72875528658183e+18, '_a6_': -0.0014178964442301155, '_a2_': 1.0, '_a3_': 1.0, '_a7_': 1.0}};{'d0': 0.02488548250403577};-272.430223025861;69.32336748798467
21184;-66.8917440249458;((((_a0_ + pow2((_a4_ + ((((_a1_ * x) * _a5_) + _a0_) / _a5_)))) * (x + x)) + (_a6_ * _a0_)) * (_a5_ / _a1_));{'d0': {'_a0_': 1.6035567833735903e-38, '_a1_': -1.9375720425672714e-19, '_a4_': -6.050565110182306e-20, '_a5_': -8.72875528658183e+18, '_a6_': -0.0014178964442301155, '_a2_': 1.0, '_a3_': 1.0, '_a7_': 1.0}};{'d0': 0.02488548250403577};-272.430223025861;69.32336748798467
21185;-66.8917440249458;((((_a0_ + pow2((_a4_ + ((((_a1_ * x) * _a5_) + _a0_) / _a5_)))) * (x + x)) + (_a6_ * _a0_)) * (_a5_ / _a1_));{'d0': {'_a0_': 1.6035567833735903e-38, '_a1_': -1.9375720425672714e-19, '_a4_': -6.050565110182306e-20, '_a5_': -8.72875528658183e+18, '_a6_': -0.0014178964442301155, '_a2_': 1.0, '_a3_': 1.0, '_a7_': 1.0}};{'d0': 0.02488548250403577};-272.430223025861;69.32336748798467
21186;-66.8917440249458;((((_a0_ + pow2((_a4_ + ((((_a1_ * x) * _a5_) + _a0_) / _a5_)))) * (x + x)) + (_a6_ * _a0_)) * (_a5_ / _a1_));{'d0': {'_a0_': 1.6035567833735903e-38, '_a1_': -1.9375720425672714e-19, '_a4_': -6.050565110182306e-20, '_a5_': -8.72875528658183e+18, '_a6_': -0.0014178964442301155, '_a2_': 1.0, '_a3_': 1.0, '_a7_': 1.0}};{'d0': 0.02488548250403577};-272.430223025861;69.32336748798467
21187;-66.8917440249458;((((_a0_ + pow2((_a4_ + ((((_a1_ * x) * _a5_) + _a0_) / _a5_)))) * (x + x)) + (_a6_ * _a0_)) * (_a5_ / _a1_));{'d0': {'_a0_': 1.6035567833735903e-38, '_a1_': -1.9375720425672714e-19, '_a4_': -6.050565110182306e-20, '_a5_': -8.72875528658183e+18, '_a6_': -0.0014178964442301155, '_a2_': 1.0, '_a3_': 1.0, '_a7_': 1.0}};{'d0': 0.02488548250403577};-272.430223025861;69.32336748798467
21188;-66.8917440249458;((((_a0_ + pow2((_a4_ + ((((_a1_ * x) * _a5_) + _a0_) / _a5_)))) * (x + x)) + (_a6_ * _a0_)) * (_a5_ / _a1_));{'d0': {'_a0_': 1.6035567833735903e-38, '_a1_': -1.9375720425672714e-19, '_a4_': -6.050565110182306e-20, '_a5_': -8.72875528658183e+18, '_a6_': -0.0014178964442301155, '_a2_': 1.0, '_a3_': 1.0, '_a7_': 1.0}};{'d0': 0.02488548250403577};-272.430223025861;69.32336748798467
21189;-66.8917440249458;((((_a0_ + pow2((_a4_ + ((((_a1_ * x) * _a5_) + _a0_) / _a5_)))) * (x + x)) + (_a6_ * _a0_)) * (_a5_ / _a1_));{'d0': {'_a0_': 1.6035567833735903e-38, '_a1_': -1.9375720425672714e-19, '_a4_': -6.050565110182306e-20, '_a5_': -8.72875528658183e+18, '_a6_': -0.0014178964442301155, '_a2_': 1.0, '_a3_': 1.0, '_a7_': 1.0}};{'d0': 0.02488548250403577};-272.430223025861;69.32336748798467
21190;-66.8917440249458;((((_a0_ + pow2((_a4_ + ((((_a1_ * x) * _a5_) + _a0_) / _a5_)))) * (x + x)) + (_a6_ * _a0_)) * (_a5_ / _a1_));{'d0': {'_a0_': 1.6035567833735903e-38, '_a1_': -1.9375720425672714e-19, '_a4_': -6.050565110182306e-20, '_a5_': -8.72875528658183e+18, '_a6_': -0.0014178964442301155, '_a2_': 1.0, '_a3_': 1.0, '_a7_': 1.0}};{'d0': 0.02488548250403577};-272.430223025861;69.32336748798467
21191;-66.8917440249458;((((_a0_ + pow2((_a4_ + ((((_a1_ * x) * _a5_) + _a0_) / _a5_)))) * (x + x)) + (_a6_ * _a0_)) * (_a5_ / _a1_));{'d0': {'_a0_': 1.6035567833735903e-38, '_a1_': -1.9375720425672714e-19, '_a4_': -6.050565110182306e-20, '_a5_': -8.72875528658183e+18, '_a6_': -0.0014178964442301155, '_a2_': 1.0, '_a3_': 1.0, '_a7_': 1.0}};{'d0': 0.02488548250403577};-272.430223025861;69.32336748798467
21192;-66.8917440249458;((((_a0_ + pow2((_a4_ + ((((_a1_ * x) * _a5_) + _a0_) / _a5_)))) * (x + x)) + (_a6_ * _a0_)) * (_a5_ / _a1_));{'d0': {'_a0_': 1.6035567833735903e-38, '_a1_': -1.9375720425672714e-19, '_a4_': -6.050565110182306e-20, '_a5_': -8.72875528658183e+18, '_a6_': -0.0014178964442301155, '_a2_': 1.0, '_a3_': 1.0, '_a7_': 1.0}};{'d0': 0.02488548250403577};-272.430223025861;69.32336748798467
21193;-66.8917440249458;((((_a0_ + pow2((_a4_ + ((((_a1_ * x) * _a5_) + _a0_) / _a5_)))) * (x + x)) + (_a6_ * _a0_)) * (_a5_ / _a1_));{'d0': {'_a0_': 1.6035567833735903e-38, '_a1_': -1.9375720425672714e-19, '_a4_': -6.050565110182306e-20, '_a5_': -8.72875528658183e+18, '_a6_': -0.0014178964442301155, '_a2_': 1.0, '_a3_': 1.0, '_a7_': 1.0}};{'d0': 0.02488548250403577};-272.430223025861;69.32336748798467
21194;-66.8917440249458;((((_a0_ + pow2((_a4_ + ((((_a1_ * x) * _a5_) + _a0_) / _a5_)))) * (x + x)) + (_a6_ * _a0_)) * (_a5_ / _a1_));{'d0': {'_a0_': 1.6035567833735903e-38, '_a1_': -1.9375720425672714e-19, '_a4_': -6.050565110182306e-20, '_a5_': -8.72875528658183e+18, '_a6_': -0.0014178964442301155, '_a2_': 1.0, '_a3_': 1.0, '_a7_': 1.0}};{'d0': 0.02488548250403577};-272.430223025861;69.32336748798467
21195;-66.8917440249458;((((_a0_ + pow2((_a4_ + ((((_a1_ * x) * _a5_) + _a0_) / _a5_)))) * (x + x)) + (_a6_ * _a0_)) * (_a5_ / _a1_));{'d0': {'_a0_': 1.6035567833735903e-38, '_a1_': -1.9375720425672714e-19, '_a4_': -6.050565110182306e-20, '_a5_': -8.72875528658183e+18, '_a6_': -0.0014178964442301155, '_a2_': 1.0, '_a3_': 1.0, '_a7_': 1.0}};{'d0': 0.02488548250403577};-272.430223025861;69.32336748798467
21196;-67.3432086021845;((((_a0_ + pow2((_a4_ + ((((_a1_ * x) * _a5_) + _a0_) / _a5_)))) * (x + x)) + pow3(_a1_)) * (_a5_ / _a1_));{'d0': {'_a0_': 1.573191051301518e-38, '_a1_': -1.9163298611930898e-19, '_a4_': -5.977602133757601e-20, '_a5_': -8.810488757245059e+18, '_a2_': 1.0, '_a3_': 1.0, '_a6_': 1.0, '_a7_': 1.0}};{'d0': 0.024905832921583857};-276.475521881600;70.89455233861567
21197;-67.3432086021845;((((_a0_ + pow2((_a4_ + ((((_a1_ * x) * _a5_) + _a0_) / _a5_)))) * (x + x)) + pow3(_a1_)) * (_a5_ / _a1_));{'d0': {'_a0_': 1.573191051301518e-38, '_a1_': -1.9163298611930898e-19, '_a4_': -5.977602133757601e-20, '_a5_': -8.810488757245059e+18, '_a2_': 1.0, '_a3_': 1.0, '_a6_': 1.0, '_a7_': 1.0}};{'d0': 0.024905832921583857};-276.475521881600;70.89455233861567
21198;-67.3432086021845;((((_a0_ + pow2((_a4_ + ((((_a1_ * x) * _a5_) + _a0_) / _a5_)))) * (x + x)) + pow3(_a1_)) * (_a5_ / _a1_));{'d0': {'_a0_': 1.573191051301518e-38, '_a1_': -1.9163298611930898e-19, '_a4_': -5.977602133757601e-20, '_a5_': -8.810488757245059e+18, '_a2_': 1.0, '_a3_': 1.0, '_a6_': 1.0, '_a7_': 1.0}};{'d0': 0.024905832921583857};-276.475521881600;70.89455233861567
21199;-67.3432086021845;((((_a0_ + pow2((_a4_ + ((((_a1_ * x) * _a5_) + _a0_) / _a5_)))) * (x + x)) + pow3(_a1_)) * (_a5_ / _a1_));{'d0': {'_a0_': 1.573191051301518e-38, '_a1_': -1.9163298611930898e-19, '_a4_': -5.977602133757601e-20, '_a5_': -8.810488757245059e+18, '_a2_': 1.0, '_a3_': 1.0, '_a6_': 1.0, '_a7_': 1.0}};{'d0': 0.024905832921583857};-276.475521881600;70.89455233861567
21200;-67.3432086021845;((((_a0_ + pow2((_a4_ + ((((_a1_ * x) * _a5_) + _a0_) / _a5_)))) * (x + x)) + pow3(_a1_)) * (_a5_ / _a1_));{'d0': {'_a0_': 1.573191051301518e-38, '_a1_': -1.9163298611930898e-19, '_a4_': -5.977602133757601e-20, '_a5_': -8.810488757245059e+18, '_a2_': 1.0, '_a3_': 1.0, '_a6_': 1.0, '_a7_': 1.0}};{'d0': 0.024905832921583857};-276.475521881600;70.89455233861567
21201;-67.3432086021845;((((_a0_ + pow2((_a4_ + ((((_a1_ * x) * _a5_) + _a0_) / _a5_)))) * (x + x)) + pow3(_a1_)) * (_a5_ / _a1_));{'d0': {'_a0_': 1.573191051301518e-38, '_a1_': -1.9163298611930898e-19, '_a4_': -5.977602133757601e-20, '_a5_': -8.810488757245059e+18, '_a2_': 1.0, '_a3_': 1.0, '_a6_': 1.0, '_a7_': 1.0}};{'d0': 0.024905832921583857};-276.475521881600;70.89455233861567
21202;-104.549616141360;((_a3_ + (((x / _a5_) * (_a5_ + x)) * -(_a4_))) * x);{'d0': {'_a3_': 1.7751354040620784, '_a4_': -2.1066240685737516, '_a5_': 0.6238594155362871, '_a0_': 1.0, '_a1_': 1.0, '_a2_': 1.0, '_a6_': 1.0, '_a7_': 1.0}};{'d0': 0.024905832919416636};-280.569866449044;35.73531708316177
21203;-104.549616141360;((_a3_ + (((x / _a5_) * (_a5_ + x)) * -(_a4_))) * x);{'d0': {'_a3_': 1.7751354040620784, '_a4_': -2.1066240685737516, '_a5_': 0.6238594155362871, '_a0_': 1.0, '_a1_': 1.0, '_a2_': 1.0, '_a6_': 1.0, '_a7_': 1.0}};{'d0': 0.024905832919416636};-280.569866449044;35.73531708316177
21204;-104.549616141360;((_a3_ + (((x / _a5_) * (_a5_ + x)) * -(_a4_))) * x);{'d0': {'_a3_': 1.7751354040620784, '_a4_': -2.1066240685737516, '_a5_': 0.6238594155362871, '_a0_': 1.0, '_a1_': 1.0, '_a2_': 1.0, '_a6_': 1.0, '_a7_': 1.0}};{'d0': 0.024905832919416636};-280.569866449044;35.73531708316177
21205;-104.549616141360;((_a3_ + (((x / _a5_) * (_a5_ + x)) * -(_a4_))) * x);{'d0': {'_a3_': 1.7751354040620784, '_a4_': -2.1066240685737516, '_a5_': 0.6238594155362871, '_a0_': 1.0, '_a1_': 1.0, '_a2_': 1.0, '_a6_': 1.0, '_a7_': 1.0}};{'d0': 0.024905832919416636};-280.569866449044;35.73531708316177
21206;-104.549616141360;((_a3_ + (((x / _a5_) * (_a5_ + x)) * -(_a4_))) * x);{'d0': {'_a3_': 1.7751354040620784, '_a4_': -2.1066240685737516, '_a5_': 0.6238594155362871, '_a0_': 1.0, '_a1_': 1.0, '_a2_': 1.0, '_a6_': 1.0, '_a7_': 1.0}};{'d0': 0.024905832919416636};-280.569866449044;35.73531708316177
21207;-104.549616141360;((_a3_ + (((x / _a5_) * (_a5_ + x)) * -(_a4_))) * x);{'d0': {'_a3_': 1.7751354040620784, '_a4_': -2.1066240685737516, '_a5_': 0.6238594155362871, '_a0_': 1.0, '_a1_': 1.0, '_a2_': 1.0, '_a6_': 1.0, '_a7_': 1.0}};{'d0': 0.024905832919416636};-280.569866449044;35.73531708316177
21208;-104.549616141360;((_a3_ + (((x / _a5_) * (_a5_ + x)) * -(_a4_))) * x);{'d0': {'_a3_': 1.7751354040620784, '_a4_': -2.1066240685737516, '_a5_': 0.6238594155362871, '_a0_': 1.0, '_a1_': 1.0, '_a2_': 1.0, '_a6_': 1.0, '_a7_': 1.0}};{'d0': 0.024905832919416636};-280.569866449044;35.73531708316177
21209;-104.549616141360;((_a3_ + (((x / _a5_) * (_a5_ + x)) * -(_a4_))) * x);{'d0': {'_a3_': 1.7751354040620784, '_a4_': -2.1066240685737516, '_a5_': 0.6238594155362871, '_a0_': 1.0, '_a1_': 1.0, '_a2_': 1.0, '_a6_': 1.0, '_a7_': 1.0}};{'d0': 0.024905832919416636};-280.569866449044;35.73531708316177
21210;-104.549616141360;((_a3_ + (((x / _a5_) * (_a5_ + x)) * -(_a4_))) * x);{'d0': {'_a3_': 1.7751354040620784, '_a4_': -2.1066240685737516, '_a5_': 0.6238594155362871, '_a0_': 1.0, '_a1_': 1.0, '_a2_': 1.0, '_a6_': 1.0, '_a7_': 1.0}};{'d0': 0.024905832919416636};-280.569866449044;35.73531708316177
21211;-104.549616141360;((_a3_ + (((x / _a5_) * (_a5_ + x)) * -(_a4_))) * x);{'d0': {'_a3_': 1.7751354040620784, '_a4_': -2.1066240685737516, '_a5_': 0.6238594155362871, '_a0_': 1.0, '_a1_': 1.0, '_a2_': 1.0, '_a6_': 1.0, '_a7_': 1.0}};{'d0': 0.024905832919416636};-280.569866449044;35.73531708316177
21212;-104.549616141360;((_a3_ + (((x / _a5_) * (_a5_ + x)) * -(_a4_))) * x);{'d0': {'_a3_': 1.7751354040620784, '_a4_': -2.1066240685737516, '_a5_': 0.6238594155362871, '_a0_': 1.0, '_a1_': 1.0, '_a2_': 1.0, '_a6_': 1.0, '_a7_': 1.0}};{'d0': 0.024905832919416636};-280.569866449044;35.73531708316177
21213;-104.549616141360;((_a3_ + (((x / _a5_) * (_a5_ + x)) * -(_a4_))) * x);{'d0': {'_a3_': 1.7751354040620784, '_a4_': -2.1066240685737516, '_a5_': 0.6238594155362871, '_a0_': 1.0, '_a1_': 1.0, '_a2_': 1.0, '_a6_': 1.0, '_a7_': 1.0}};{'d0': 0.024905832919416636};-280.569866449044;35.73531708316177
21214;-104.549616141360;((_a3_ + (((x / _a5_) * (_a5_ + x)) * -(_a4_))) * x);{'d0': {'_a3_': 1.7751354040620784, '_a4_': -2.1066240685737516, '_a5_': 0.6238594155362871, '_a0_': 1.0, '_a1_': 1.0, '_a2_': 1.0, '_a6_': 1.0, '_a7_': 1.0}};{'d0': 0.024905832919416636};-280.569866449044;35.73531708316177
21215;-104.549616141360;((_a3_ + (((x / _a5_) * (_a5_ + x)) * -(_a4_))) * x);{'d0': {'_a3_': 1.7751354040620784, '_a4_': -2.1066240685737516, '_a5_': 0.6238594155362871, '_a0_': 1.0, '_a1_': 1.0, '_a2_': 1.0, '_a6_': 1.0, '_a7_': 1.0}};{'d0': 0.024905832919416636};-280.569866449044;35.73531708316177
21216;-104.549616141360;((_a3_ + (((x / _a5_) * (_a5_ + x)) * -(_a4_))) * x);{'d0': {'_a3_': 1.7751354040620784, '_a4_': -2.1066240685737516, '_a5_': 0.6238594155362871, '_a0_': 1.0, '_a1_': 1.0, '_a2_': 1.0, '_a6_': 1.0, '_a7_': 1.0}};{'d0': 0.024905832919416636};-280.569866449044;35.73531708316177
21217;-104.549616141360;((_a3_ + (((x / _a5_) * (_a5_ + x)) * -(_a4_))) * x);{'d0': {'_a3_': 1.7751354040620784, '_a4_': -2.1066240685737516, '_a5_': 0.6238594155362871, '_a0_': 1.0, '_a1_': 1.0, '_a2_': 1.0, '_a6_': 1.0, '_a7_': 1.0}};{'d0': 0.024905832919416636};-280.569866449044;35.73531708316177
21218;-104.549616141360;((_a3_ + (((x / _a5_) * (_a5_ + x)) * -(_a4_))) * x);{'d0': {'_a3_': 1.7751354040620784, '_a4_': -2.1066240685737516, '_a5_': 0.6238594155362871, '_a0_': 1.0, '_a1_': 1.0, '_a2_': 1.0, '_a6_': 1.0, '_a7_': 1.0}};{'d0': 0.024905832919416636};-280.569866449044;35.73531708316177
21219;-104.549616141360;((_a3_ + (((x / _a5_) * (_a5_ + x)) * -(_a4_))) * x);{'d0': {'_a3_': 1.7751354040620784, '_a4_': -2.1066240685737516, '_a5_': 0.6238594155362871, '_a0_': 1.0, '_a1_': 1.0, '_a2_': 1.0, '_a6_': 1.0, '_a7_': 1.0}};{'d0': 0.024905832919416636};-280.569866449044;35.73531708316177
21220;-104.549616141360;((_a3_ + (((x / _a5_) * (_a5_ + x)) * -(_a4_))) * x);{'d0': {'_a3_': 1.7751354040620784, '_a4_': -2.1066240685737516, '_a5_': 0.6238594155362871, '_a0_': 1.0, '_a1_': 1.0, '_a2_': 1.0, '_a6_': 1.0, '_a7_': 1.0}};{'d0': 0.024905832919416636};-280.569866449044;35.73531708316177
21221;-104.549616141360;((_a3_ + (((x / _a5_) * (_a5_ + x)) * -(_a4_))) * x);{'d0': {'_a3_': 1.7751354040620784, '_a4_': -2.1066240685737516, '_a5_': 0.6238594155362871, '_a0_': 1.0, '_a1_': 1.0, '_a2_': 1.0, '_a6_': 1.0, '_a7_': 1.0}};{'d0': 0.024905832919416636};-280.569866449044;35.73531708316177
21222;-104.549616141360;((_a3_ + (((x / _a5_) * (_a5_ + x)) * -(_a4_))) * x);{'d0': {'_a3_': 1.7751354040620784, '_a4_': -2.1066240685737516, '_a5_': 0.6238594155362871, '_a0_': 1.0, '_a1_': 1.0, '_a2_': 1.0, '_a6_': 1.0, '_a7_': 1.0}};{'d0': 0.024905832919416636};-280.569866449044;35.73531708316177
21223;-104.549616141360;((_a3_ + (((x / _a5_) * (_a5_ + x)) * -(_a4_))) * x);{'d0': {'_a3_': 1.7751354040620784, '_a4_': -2.1066240685737516, '_a5_': 0.6238594155362871, '_a0_': 1.0, '_a1_': 1.0, '_a2_': 1.0, '_a6_': 1.0, '_a7_': 1.0}};{'d0': 0.024905832919416636};-280.569866449044;35.73531708316177
21224;-104.549616141360;((_a3_ + (((x / _a5_) * (_a5_ + x)) * -(_a4_))) * x);{'d0': {'_a3_': 1.7751354040620784, '_a4_': -2.1066240685737516, '_a5_': 0.6238594155362871, '_a0_': 1.0, '_a1_': 1.0, '_a2_': 1.0, '_a6_': 1.0, '_a7_': 1.0}};{'d0': 0.024905832919416636};-280.569866449044;35.73531708316177
21225;-103.668372249313;(_a0_ * ((x * pow2(((_a0_ ** _a4_) * (x + _a5_)))) + x));{'d0': {'_a0_': 1.4465760897718847, '_a4_': 1.148048149144397, '_a5_': 0.31192970784177976, '_a1_': 1.0, '_a2_': 1.0, '_a3_': 1.0, '_a6_': 1.0, '_a7_': 1.0}};{'d0': 0.024905832919416605};-280.569866449044;36.616560975208984
21226;-103.668372249313;(_a0_ * ((x * pow2(((_a0_ ** _a4_) * (x + _a5_)))) + x));{'d0': {'_a0_': 1.4465760897718847, '_a4_': 1.148048149144397, '_a5_': 0.31192970784177976, '_a1_': 1.0, '_a2_': 1.0, '_a3_': 1.0, '_a6_': 1.0, '_a7_': 1.0}};{'d0': 0.024905832919416605};-280.569866449044;36.616560975208984
21227;-103.668372249313;(_a0_ * ((x * pow2(((_a0_ ** _a4_) * (x + _a5_)))) + x));{'d0': {'_a0_': 1.4465760897718847, '_a4_': 1.148048149144397, '_a5_': 0.31192970784177976, '_a1_': 1.0, '_a2_': 1.0, '_a3_': 1.0, '_a6_': 1.0, '_a7_': 1.0}};{'d0': 0.024905832919416605};-280.569866449044;36.616560975208984
21228;-103.668372249313;(_a0_ * ((x * pow2(((_a0_ ** _a4_) * (x + _a5_)))) + x));{'d0': {'_a0_': 1.4465760897718847, '_a4_': 1.148048149144397, '_a5_': 0.31192970784177976, '_a1_': 1.0, '_a2_': 1.0, '_a3_': 1.0, '_a6_': 1.0, '_a7_': 1.0}};{'d0': 0.024905832919416605};-280.569866449044;36.616560975208984
21229;-103.668372249313;(_a0_ * ((x * pow2(((_a0_ ** _a4_) * (x + _a5_)))) + x));{'d0': {'_a0_': 1.4465760897718847, '_a4_': 1.148048149144397, '_a5_': 0.31192970784177976, '_a1_': 1.0, '_a2_': 1.0, '_a3_': 1.0, '_a6_': 1.0, '_a7_': 1.0}};{'d0': 0.024905832919416605};-280.569866449044;36.616560975208984
21230;-103.668372249313;(_a0_ * ((x * pow2(((_a0_ ** _a4_) * (x + _a5_)))) + x));{'d0': {'_a0_': 1.4465760897718847, '_a4_': 1.148048149144397, '_a5_': 0.31192970784177976, '_a1_': 1.0, '_a2_': 1.0, '_a3_': 1.0, '_a6_': 1.0, '_a7_': 1.0}};{'d0': 0.024905832919416605};-280.569866449044;36.616560975208984
21231;-103.668372249313;(_a0_ * ((x * pow2(((_a0_ ** _a4_) * (x + _a5_)))) + x));{'d0': {'_a0_': 1.4465760897718847, '_a4_': 1.148048149144397, '_a5_': 0.31192970784177976, '_a1_': 1.0, '_a2_': 1.0, '_a3_': 1.0, '_a6_': 1.0, '_a7_': 1.0}};{'d0': 0.024905832919416605};-280.569866449044;36.616560975208984
21232;-103.668372249313;(_a0_ * ((x * pow2(((_a0_ ** _a4_) * (x + _a5_)))) + x));{'d0': {'_a0_': 1.4465760897718847, '_a4_': 1.148048149144397, '_a5_': 0.31192970784177976, '_a1_': 1.0, '_a2_': 1.0, '_a3_': 1.0, '_a6_': 1.0, '_a7_': 1.0}};{'d0': 0.024905832919416605};-280.569866449044;36.616560975208984
21233;-104.549616141360;((_a3_ + (((x / _a5_) * (_a5_ + x)) * -(_a4_))) * x);{'d0': {'_a3_': 1.7751354040620784, '_a4_': -2.1066240685737516, '_a5_': 0.6238594155362871, '_a0_': 1.0, '_a1_': 1.0, '_a2_': 1.0, '_a6_': 1.0, '_a7_': 1.0}};{'d0': 0.024905832919416636};-280.569866449044;35.73531708316177
21234;-104.549616141360;((_a3_ + (((x / _a5_) * (_a5_ + x)) * -(_a4_))) * x);{'d0': {'_a3_': 1.7751354040620784, '_a4_': -2.1066240685737516, '_a5_': 0.6238594155362871, '_a0_': 1.0, '_a1_': 1.0, '_a2_': 1.0, '_a6_': 1.0, '_a7_': 1.0}};{'d0': 0.024905832919416636};-280.569866449044;35.73531708316177
21235;-104.549616141360;((_a3_ + (((x / _a5_) * (_a5_ + x)) * -(_a4_))) * x);{'d0': {'_a3_': 1.7751354040620784, '_a4_': -2.1066240685737516, '_a5_': 0.6238594155362871, '_a0_': 1.0, '_a1_': 1.0, '_a2_': 1.0, '_a6_': 1.0, '_a7_': 1.0}};{'d0': 0.024905832919416636};-280.569866449044;35.73531708316177
21236;-104.549616141360;((_a3_ + (((x / _a5_) * (_a5_ + x)) * -(_a4_))) * x);{'d0': {'_a3_': 1.7751354040620784, '_a4_': -2.1066240685737516, '_a5_': 0.6238594155362871, '_a0_': 1.0, '_a1_': 1.0, '_a2_': 1.0, '_a6_': 1.0, '_a7_': 1.0}};{'d0': 0.024905832919416636};-280.569866449044;35.73531708316177
21237;-104.549616141360;((_a3_ + (((x / _a5_) * (_a5_ + x)) * -(_a4_))) * x);{'d0': {'_a3_': 1.7751354040620784, '_a4_': -2.1066240685737516, '_a5_': 0.6238594155362871, '_a0_': 1.0, '_a1_': 1.0, '_a2_': 1.0, '_a6_': 1.0, '_a7_': 1.0}};{'d0': 0.024905832919416636};-280.569866449044;35.73531708316177
21238;-104.549616141360;((_a3_ + (((x / _a5_) * (_a5_ + x)) * -(_a4_))) * x);{'d0': {'_a3_': 1.7751354040620784, '_a4_': -2.1066240685737516, '_a5_': 0.6238594155362871, '_a0_': 1.0, '_a1_': 1.0, '_a2_': 1.0, '_a6_': 1.0, '_a7_': 1.0}};{'d0': 0.024905832919416636};-280.569866449044;35.73531708316177
21239;-104.549616141360;((_a3_ + (((x / _a5_) * (_a5_ + x)) * -(_a4_))) * x);{'d0': {'_a3_': 1.7751354040620784, '_a4_': -2.1066240685737516, '_a5_': 0.6238594155362871, '_a0_': 1.0, '_a1_': 1.0, '_a2_': 1.0, '_a6_': 1.0, '_a7_': 1.0}};{'d0': 0.024905832919416636};-280.569866449044;35.73531708316177
21240;-104.549616141360;((_a3_ + (((x / _a5_) * (_a5_ + x)) * -(_a4_))) * x);{'d0': {'_a3_': 1.7751354040620784, '_a4_': -2.1066240685737516, '_a5_': 0.6238594155362871, '_a0_': 1.0, '_a1_': 1.0, '_a2_': 1.0, '_a6_': 1.0, '_a7_': 1.0}};{'d0': 0.024905832919416636};-280.569866449044;35.73531708316177
21241;-104.549616141360;((_a3_ + (((x / _a5_) * (_a5_ + x)) * -(_a4_))) * x);{'d0': {'_a3_': 1.7751354040620784, '_a4_': -2.1066240685737516, '_a5_': 0.6238594155362871, '_a0_': 1.0, '_a1_': 1.0, '_a2_': 1.0, '_a6_': 1.0, '_a7_': 1.0}};{'d0': 0.024905832919416636};-280.569866449044;35.73531708316177
21242;-104.549616141360;((_a3_ + (((x / _a5_) * (_a5_ + x)) * -(_a4_))) * x);{'d0': {'_a3_': 1.7751354040620784, '_a4_': -2.1066240685737516, '_a5_': 0.6238594155362871, '_a0_': 1.0, '_a1_': 1.0, '_a2_': 1.0, '_a6_': 1.0, '_a7_': 1.0}};{'d0': 0.024905832919416636};-280.569866449044;35.73531708316177
21243;-104.549616141360;((_a3_ + (((x / _a5_) * (_a5_ + x)) * -(_a4_))) * x);{'d0': {'_a3_': 1.7751354040620784, '_a4_': -2.1066240685737516, '_a5_': 0.6238594155362871, '_a0_': 1.0, '_a1_': 1.0, '_a2_': 1.0, '_a6_': 1.0, '_a7_': 1.0}};{'d0': 0.024905832919416636};-280.569866449044;35.73531708316177
21244;-104.549616141360;((_a3_ + (((x / _a5_) * (_a5_ + x)) * -(_a4_))) * x);{'d0': {'_a3_': 1.7751354040620784, '_a4_': -2.1066240685737516, '_a5_': 0.6238594155362871, '_a0_': 1.0, '_a1_': 1.0, '_a2_': 1.0, '_a6_': 1.0, '_a7_': 1.0}};{'d0': 0.024905832919416636};-280.569866449044;35.73531708316177
21245;-104.549616141360;((_a3_ + (((x / _a5_) * (_a5_ + x)) * -(_a4_))) * x);{'d0': {'_a3_': 1.7751354040620784, '_a4_': -2.1066240685737516, '_a5_': 0.6238594155362871, '_a0_': 1.0, '_a1_': 1.0, '_a2_': 1.0, '_a6_': 1.0, '_a7_': 1.0}};{'d0': 0.024905832919416636};-280.569866449044;35.73531708316177
21246;-104.549616141360;((_a3_ + (((x / _a5_) * (_a5_ + x)) * -(_a4_))) * x);{'d0': {'_a3_': 1.7751354040620784, '_a4_': -2.1066240685737516, '_a5_': 0.6238594155362871, '_a0_': 1.0, '_a1_': 1.0, '_a2_': 1.0, '_a6_': 1.0, '_a7_': 1.0}};{'d0': 0.024905832919416636};-280.569866449044;35.73531708316177
21247;-104.549616141360;((_a3_ + (((x / _a5_) * (_a5_ + x)) * -(_a4_))) * x);{'d0': {'_a3_': 1.7751354040620784, '_a4_': -2.1066240685737516, '_a5_': 0.6238594155362871, '_a0_': 1.0, '_a1_': 1.0, '_a2_': 1.0, '_a6_': 1.0, '_a7_': 1.0}};{'d0': 0.024905832919416636};-280.569866449044;35.73531708316177
21248;-104.549616141360;((_a3_ + (((x / _a5_) * (_a5_ + x)) * -(_a4_))) * x);{'d0': {'_a3_': 1.7751354040620784, '_a4_': -2.1066240685737516, '_a5_': 0.6238594155362871, '_a0_': 1.0, '_a1_': 1.0, '_a2_': 1.0, '_a6_': 1.0, '_a7_': 1.0}};{'d0': 0.024905832919416636};-280.569866449044;35.73531708316177
21249;-104.549616141360;((_a3_ + (((x / _a5_) * (_a5_ + x)) * -(_a4_))) * x);{'d0': {'_a3_': 1.7751354040620784, '_a4_': -2.1066240685737516, '_a5_': 0.6238594155362871, '_a0_': 1.0, '_a1_': 1.0, '_a2_': 1.0, '_a6_': 1.0, '_a7_': 1.0}};{'d0': 0.024905832919416636};-280.569866449044;35.73531708316177
21250;-104.549616141360;((_a3_ + (((x / _a5_) * (_a5_ + x)) * -(_a4_))) * x);{'d0': {'_a3_': 1.7751354040620784, '_a4_': -2.1066240685737516, '_a5_': 0.6238594155362871, '_a0_': 1.0, '_a1_': 1.0, '_a2_': 1.0, '_a6_': 1.0, '_a7_': 1.0}};{'d0': 0.024905832919416636};-280.569866449044;35.73531708316177
21251;-104.549616141360;((_a3_ + (((x / _a5_) * (_a5_ + x)) * -(_a4_))) * x);{'d0': {'_a3_': 1.7751354040620784, '_a4_': -2.1066240685737516, '_a5_': 0.6238594155362871, '_a0_': 1.0, '_a1_': 1.0, '_a2_': 1.0, '_a6_': 1.0, '_a7_': 1.0}};{'d0': 0.024905832919416636};-280.569866449044;35.73531708316177
21252;-104.549616141360;((_a3_ + (((x / _a5_) * (_a5_ + x)) * -(_a4_))) * x);{'d0': {'_a3_': 1.7751354040620784, '_a4_': -2.1066240685737516, '_a5_': 0.6238594155362871, '_a0_': 1.0, '_a1_': 1.0, '_a2_': 1.0, '_a6_': 1.0, '_a7_': 1.0}};{'d0': 0.024905832919416636};-280.569866449044;35.73531708316177
21253;-104.549616141360;((_a3_ + (((x / _a5_) * (_a5_ + x)) * -(_a4_))) * x);{'d0': {'_a3_': 1.7751354040620784, '_a4_': -2.1066240685737516, '_a5_': 0.6238594155362871, '_a0_': 1.0, '_a1_': 1.0, '_a2_': 1.0, '_a6_': 1.0, '_a7_': 1.0}};{'d0': 0.024905832919416636};-280.569866449044;35.73531708316177
21254;-104.549616141360;((_a3_ + (((x / _a5_) * (_a5_ + x)) * -(_a4_))) * x);{'d0': {'_a3_': 1.7751354040620784, '_a4_': -2.1066240685737516, '_a5_': 0.6238594155362871, '_a0_': 1.0, '_a1_': 1.0, '_a2_': 1.0, '_a6_': 1.0, '_a7_': 1.0}};{'d0': 0.024905832919416636};-280.569866449044;35.73531708316177
21255;-104.549616141360;((_a3_ + (((x / _a5_) * (_a5_ + x)) * -(_a4_))) * x);{'d0': {'_a3_': 1.7751354040620784, '_a4_': -2.1066240685737516, '_a5_': 0.6238594155362871, '_a0_': 1.0, '_a1_': 1.0, '_a2_': 1.0, '_a6_': 1.0, '_a7_': 1.0}};{'d0': 0.024905832919416636};-280.569866449044;35.73531708316177
21256;-104.549616141360;((_a3_ + (((x / _a5_) * (_a5_ + x)) * -(_a4_))) * x);{'d0': {'_a3_': 1.7751354040620784, '_a4_': -2.1066240685737516, '_a5_': 0.6238594155362871, '_a0_': 1.0, '_a1_': 1.0, '_a2_': 1.0, '_a6_': 1.0, '_a7_': 1.0}};{'d0': 0.024905832919416636};-280.569866449044;35.73531708316177
21257;-104.549616141360;((_a3_ + (((x / _a5_) * (_a5_ + x)) * -(_a4_))) * x);{'d0': {'_a3_': 1.7751354040620784, '_a4_': -2.1066240685737516, '_a5_': 0.6238594155362871, '_a0_': 1.0, '_a1_': 1.0, '_a2_': 1.0, '_a6_': 1.0, '_a7_': 1.0}};{'d0': 0.024905832919416636};-280.569866449044;35.73531708316177
21258;-104.549616141360;((_a3_ + (((x / _a5_) * (_a5_ + x)) * -(_a4_))) * x);{'d0': {'_a3_': 1.7751354040620784, '_a4_': -2.1066240685737516, '_a5_': 0.6238594155362871, '_a0_': 1.0, '_a1_': 1.0, '_a2_': 1.0, '_a6_': 1.0, '_a7_': 1.0}};{'d0': 0.024905832919416636};-280.569866449044;35.73531708316177
21259;-104.549616141360;((_a3_ + (((x / _a5_) * (_a5_ + x)) * -(_a4_))) * x);{'d0': {'_a3_': 1.7751354040620784, '_a4_': -2.1066240685737516, '_a5_': 0.6238594155362871, '_a0_': 1.0, '_a1_': 1.0, '_a2_': 1.0, '_a6_': 1.0, '_a7_': 1.0}};{'d0': 0.024905832919416636};-280.569866449044;35.73531708316177
21260;-103.589375972348;((_a3_ + (((x / _a5_) * (_a5_ + x)) / -(_a4_))) * x);{'d0': {'_a3_': 1.7751354044312895, '_a4_': -0.47469314299329346, '_a5_': 0.6238594156114015, '_a0_': 1.0, '_a1_': 1.0, '_a2_': 1.0, '_a6_': 1.0, '_a7_': 1.0}};{'d0': 0.024905832919416598};-280.569866449044;36.69555725217397
21261;-103.589375972348;((_a3_ + (((x / _a5_) * (_a5_ + x)) / -(_a4_))) * x);{'d0': {'_a3_': 1.7751354044312895, '_a4_': -0.47469314299329346, '_a5_': 0.6238594156114015, '_a0_': 1.0, '_a1_': 1.0, '_a2_': 1.0, '_a6_': 1.0, '_a7_': 1.0}};{'d0': 0.024905832919416598};-280.569866449044;36.69555725217397
21262;-103.589375972348;((_a3_ + (((x / _a5_) * (_a5_ + x)) / -(_a4_))) * x);{'d0': {'_a3_': 1.7751354044312895, '_a4_': -0.47469314299329346, '_a5_': 0.6238594156114015, '_a0_': 1.0, '_a1_': 1.0, '_a2_': 1.0, '_a6_': 1.0, '_a7_': 1.0}};{'d0': 0.024905832919416598};-280.569866449044;36.69555725217397
21263;-103.589375972348;((_a3_ + (((x / _a5_) * (_a5_ + x)) / -(_a4_))) * x);{'d0': {'_a3_': 1.7751354044312895, '_a4_': -0.47469314299329346, '_a5_': 0.6238594156114015, '_a0_': 1.0, '_a1_': 1.0, '_a2_': 1.0, '_a6_': 1.0, '_a7_': 1.0}};{'d0': 0.024905832919416598};-280.569866449044;36.69555725217397
21264;-103.589375972348;((_a3_ + (((x / _a5_) * (_a5_ + x)) / -(_a4_))) * x);{'d0': {'_a3_': 1.7751354044312895, '_a4_': -0.47469314299329346, '_a5_': 0.6238594156114015, '_a0_': 1.0, '_a1_': 1.0, '_a2_': 1.0, '_a6_': 1.0, '_a7_': 1.0}};{'d0': 0.024905832919416598};-280.569866449044;36.69555725217397
21265;-104.549616141360;((_a3_ + (((x * _a5_) * (_a5_ + x)) / -(_a4_))) * x);{'d0': {'_a3_': 1.7751354043189218, '_a4_': -0.18475084204874118, '_a5_': 0.623859415528428, '_a0_': 1.0, '_a1_': 1.0, '_a2_': 1.0, '_a6_': 1.0, '_a7_': 1.0}};{'d0': 0.02490583291941665};-280.569866449044;35.73531708316177
21266;-104.549616141360;((_a3_ + (((x * _a5_) * (_a5_ + x)) / -(_a4_))) * x);{'d0': {'_a3_': 1.7751354043189218, '_a4_': -0.18475084204874118, '_a5_': 0.623859415528428, '_a0_': 1.0, '_a1_': 1.0, '_a2_': 1.0, '_a6_': 1.0, '_a7_': 1.0}};{'d0': 0.02490583291941665};-280.569866449044;35.73531708316177
21267;-104.549616141360;((_a3_ + (((x * _a5_) * (_a5_ + x)) / -(_a4_))) * x);{'d0': {'_a3_': 1.7751354043189218, '_a4_': -0.18475084204874118, '_a5_': 0.623859415528428, '_a0_': 1.0, '_a1_': 1.0, '_a2_': 1.0, '_a6_': 1.0, '_a7_': 1.0}};{'d0': 0.02490583291941665};-280.569866449044;35.73531708316177
21268;-104.549616141360;((_a3_ + (((x * _a5_) * (_a5_ + x)) / -(_a4_))) * x);{'d0': {'_a3_': 1.7751354043189218, '_a4_': -0.18475084204874118, '_a5_': 0.623859415528428, '_a0_': 1.0, '_a1_': 1.0, '_a2_': 1.0, '_a6_': 1.0, '_a7_': 1.0}};{'d0': 0.02490583291941665};-280.569866449044;35.73531708316177
21269;-104.549616141360;((_a3_ + (((x * _a5_) * (_a5_ + x)) / -(_a4_))) * x);{'d0': {'_a3_': 1.7751354043189218, '_a4_': -0.18475084204874118, '_a5_': 0.623859415528428, '_a0_': 1.0, '_a1_': 1.0, '_a2_': 1.0, '_a6_': 1.0, '_a7_': 1.0}};{'d0': 0.02490583291941665};-280.569866449044;35.73531708316177
21270;-104.549616141360;((_a3_ + (((x * _a5_) * (_a5_ + x)) / -(_a4_))) * x);{'d0': {'_a3_': 1.7751354043189218, '_a4_': -0.18475084204874118, '_a5_': 0.623859415528428, '_a0_': 1.0, '_a1_': 1.0, '_a2_': 1.0, '_a6_': 1.0, '_a7_': 1.0}};{'d0': 0.02490583291941665};-280.569866449044;35.73531708316177
21271;-104.549616141360;((_a3_ + (((x * _a5_) * (_a5_ + x)) / -(_a4_))) * x);{'d0': {'_a3_': 1.7751354043189218, '_a4_': -0.18475084204874118, '_a5_': 0.623859415528428, '_a0_': 1.0, '_a1_': 1.0, '_a2_': 1.0, '_a6_': 1.0, '_a7_': 1.0}};{'d0': 0.02490583291941665};-280.569866449044;35.73531708316177
21272;-93.0004840596553;(_a7_ * -(((_a7_ * (_a5_ * x)) * (x + ((pow2(-(x)) + _a2_) * _a5_)))));{'d0': {'_a2_': -0.5256917713701543, '_a5_': -1.6029252340250237, '_a7_': -1.1464018750765204, '_a0_': 1.0, '_a1_': 1.0, '_a3_': 1.0, '_a4_': 1.0, '_a6_': 1.0}};{'d0': 0.02490583291941657};-280.569866449044;47.28444916486643
21273;-93.0004840596553;(_a7_ * -(((_a7_ * (_a5_ * x)) * (x + ((pow2(-(x)) + _a2_) * _a5_)))));{'d0': {'_a2_': -0.5256917713701543, '_a5_': -1.6029252340250237, '_a7_': -1.1464018750765204, '_a0_': 1.0, '_a1_': 1.0, '_a3_': 1.0, '_a4_': 1.0, '_a6_': 1.0}};{'d0': 0.02490583291941657};-280.569866449044;47.28444916486643
21274;-93.0004840596553;(_a7_ * -(((_a7_ * (_a5_ * x)) * (x + ((pow2(-(x)) + _a2_) * _a5_)))));{'d0': {'_a2_': -0.5256917713701543, '_a5_': -1.6029252340250237, '_a7_': -1.1464018750765204, '_a0_': 1.0, '_a1_': 1.0, '_a3_': 1.0, '_a4_': 1.0, '_a6_': 1.0}};{'d0': 0.02490583291941657};-280.569866449044;47.28444916486643
21275;-93.0004840596553;(_a7_ * -(((_a7_ * (_a5_ * x)) * (x + ((pow2(-(x)) + _a2_) * _a5_)))));{'d0': {'_a2_': -0.5256917713701543, '_a5_': -1.6029252340250237, '_a7_': -1.1464018750765204, '_a0_': 1.0, '_a1_': 1.0, '_a3_': 1.0, '_a4_': 1.0, '_a6_': 1.0}};{'d0': 0.02490583291941657};-280.569866449044;47.28444916486643
21276;-93.0004840596553;(_a7_ * -(((_a7_ * (_a5_ * x)) * (x + ((pow2(-(x)) + _a2_) * _a5_)))));{'d0': {'_a2_': -0.5256917713701543, '_a5_': -1.6029252340250237, '_a7_': -1.1464018750765204, '_a0_': 1.0, '_a1_': 1.0, '_a3_': 1.0, '_a4_': 1.0, '_a6_': 1.0}};{'d0': 0.02490583291941657};-280.569866449044;47.28444916486643
21277;-93.0004840596553;(_a7_ * -(((_a7_ * (_a5_ * x)) * (x + ((pow2(-(x)) + _a2_) * _a5_)))));{'d0': {'_a2_': -0.5256917713701543, '_a5_': -1.6029252340250237, '_a7_': -1.1464018750765204, '_a0_': 1.0, '_a1_': 1.0, '_a3_': 1.0, '_a4_': 1.0, '_a6_': 1.0}};{'d0': 0.02490583291941657};-280.569866449044;47.28444916486643
21278;-93.0004840596553;(_a7_ * -(((_a7_ * (_a5_ * x)) * (x + ((pow2(-(x)) + _a2_) * _a5_)))));{'d0': {'_a2_': -0.5256917713701543, '_a5_': -1.6029252340250237, '_a7_': -1.1464018750765204, '_a0_': 1.0, '_a1_': 1.0, '_a3_': 1.0, '_a4_': 1.0, '_a6_': 1.0}};{'d0': 0.02490583291941657};-280.569866449044;47.28444916486643
21279;-93.0004840596553;(_a7_ * -(((_a7_ * (_a5_ * x)) * (x + ((pow2(-(x)) + _a2_) * _a5_)))));{'d0': {'_a2_': -0.5256917713701543, '_a5_': -1.6029252340250237, '_a7_': -1.1464018750765204, '_a0_': 1.0, '_a1_': 1.0, '_a3_': 1.0, '_a4_': 1.0, '_a6_': 1.0}};{'d0': 0.02490583291941657};-280.569866449044;47.28444916486643
21280;-93.0004840596553;(_a7_ * -(((_a7_ * (_a5_ * x)) * (x + ((pow2(-(x)) + _a2_) * _a5_)))));{'d0': {'_a2_': -0.5256917713701543, '_a5_': -1.6029252340250237, '_a7_': -1.1464018750765204, '_a0_': 1.0, '_a1_': 1.0, '_a3_': 1.0, '_a4_': 1.0, '_a6_': 1.0}};{'d0': 0.02490583291941657};-280.569866449044;47.28444916486643
21281;-107.265652757630;((x * (_a3_ + pow2(((x + _a5_) * _a2_)))) + _a7_);{'d0': {'_a2_': -1.839162302752568, '_a3_': 1.4448040521040282, '_a5_': 0.3122755732705187, '_a7_': -0.001024152116614193, '_a0_': 1.0, '_a1_': 1.0, '_a4_': 1.0, '_a6_': 1.0}};{'d0': 0.024885482501885645};-276.524567593267;30.996631039003923
21282;-107.265652757630;((x * (_a3_ + pow2(((x + _a5_) * _a2_)))) + _a7_);{'d0': {'_a2_': -1.839162302752568, '_a3_': 1.4448040521040282, '_a5_': 0.3122755732705187, '_a7_': -0.001024152116614193, '_a0_': 1.0, '_a1_': 1.0, '_a4_': 1.0, '_a6_': 1.0}};{'d0': 0.024885482501885645};-276.524567593267;30.996631039003923
21283;-107.265652757630;((x * (_a3_ + pow2(((x + _a5_) * _a2_)))) + _a7_);{'d0': {'_a2_': -1.839162302752568, '_a3_': 1.4448040521040282, '_a5_': 0.3122755732705187, '_a7_': -0.001024152116614193, '_a0_': 1.0, '_a1_': 1.0, '_a4_': 1.0, '_a6_': 1.0}};{'d0': 0.024885482501885645};-276.524567593267;30.996631039003923
21284;-107.265652757630;((x * (_a3_ + pow2(((x + _a5_) * _a2_)))) + _a7_);{'d0': {'_a2_': -1.839162302752568, '_a3_': 1.4448040521040282, '_a5_': 0.3122755732705187, '_a7_': -0.001024152116614193, '_a0_': 1.0, '_a1_': 1.0, '_a4_': 1.0, '_a6_': 1.0}};{'d0': 0.024885482501885645};-276.524567593267;30.996631039003923
21285;-107.265652757630;((x * (_a3_ + pow2(((x + _a5_) * _a2_)))) + _a7_);{'d0': {'_a2_': -1.839162302752568, '_a3_': 1.4448040521040282, '_a5_': 0.3122755732705187, '_a7_': -0.001024152116614193, '_a0_': 1.0, '_a1_': 1.0, '_a4_': 1.0, '_a6_': 1.0}};{'d0': 0.024885482501885645};-276.524567593267;30.996631039003923
21286;-107.265652757630;((x * (_a3_ + pow2(((x + _a5_) * _a2_)))) + _a7_);{'d0': {'_a2_': -1.839162302752568, '_a3_': 1.4448040521040282, '_a5_': 0.3122755732705187, '_a7_': -0.001024152116614193, '_a0_': 1.0, '_a1_': 1.0, '_a4_': 1.0, '_a6_': 1.0}};{'d0': 0.024885482501885645};-276.524567593267;30.996631039003923
21287;-107.265652757630;((x * (_a3_ + pow2(((x + _a5_) * _a2_)))) + _a7_);{'d0': {'_a2_': -1.839162302752568, '_a3_': 1.4448040521040282, '_a5_': 0.3122755732705187, '_a7_': -0.001024152116614193, '_a0_': 1.0, '_a1_': 1.0, '_a4_': 1.0, '_a6_': 1.0}};{'d0': 0.024885482501885645};-276.524567593267;30.996631039003923
21288;-107.265652757630;((x * (_a3_ + pow2(((x + _a5_) * _a2_)))) + _a7_);{'d0': {'_a2_': -1.839162302752568, '_a3_': 1.4448040521040282, '_a5_': 0.3122755732705187, '_a7_': -0.001024152116614193, '_a0_': 1.0, '_a1_': 1.0, '_a4_': 1.0, '_a6_': 1.0}};{'d0': 0.024885482501885645};-276.524567593267;30.996631039003923
21289;-107.265652757630;((x * (_a3_ + pow2(((x + _a5_) * _a2_)))) + _a7_);{'d0': {'_a2_': -1.839162302752568, '_a3_': 1.4448040521040282, '_a5_': 0.3122755732705187, '_a7_': -0.001024152116614193, '_a0_': 1.0, '_a1_': 1.0, '_a4_': 1.0, '_a6_': 1.0}};{'d0': 0.024885482501885645};-276.524567593267;30.996631039003923
21290;-107.265652757630;((x * (_a3_ + pow2(((x + _a5_) * _a2_)))) + _a7_);{'d0': {'_a2_': -1.839162302752568, '_a3_': 1.4448040521040282, '_a5_': 0.3122755732705187, '_a7_': -0.001024152116614193, '_a0_': 1.0, '_a1_': 1.0, '_a4_': 1.0, '_a6_': 1.0}};{'d0': 0.024885482501885645};-276.524567593267;30.996631039003923
21291;-107.265652757630;((x * (_a3_ + pow2(((x + _a5_) * _a2_)))) + _a7_);{'d0': {'_a2_': -1.839162302752568, '_a3_': 1.4448040521040282, '_a5_': 0.3122755732705187, '_a7_': -0.001024152116614193, '_a0_': 1.0, '_a1_': 1.0, '_a4_': 1.0, '_a6_': 1.0}};{'d0': 0.024885482501885645};-276.524567593267;30.996631039003923
21292;-107.265652757630;((x * (_a3_ + pow2(((x + _a5_) * _a2_)))) + _a7_);{'d0': {'_a2_': -1.839162302752568, '_a3_': 1.4448040521040282, '_a5_': 0.3122755732705187, '_a7_': -0.001024152116614193, '_a0_': 1.0, '_a1_': 1.0, '_a4_': 1.0, '_a6_': 1.0}};{'d0': 0.024885482501885645};-276.524567593267;30.996631039003923
21293;-107.265652757630;((x * (_a3_ + pow2(((x + _a5_) * _a2_)))) + _a7_);{'d0': {'_a2_': -1.839162302752568, '_a3_': 1.4448040521040282, '_a5_': 0.3122755732705187, '_a7_': -0.001024152116614193, '_a0_': 1.0, '_a1_': 1.0, '_a4_': 1.0, '_a6_': 1.0}};{'d0': 0.024885482501885645};-276.524567593267;30.996631039003923
21294;-93.0004840596553;(_a7_ * -(((_a7_ * (_a5_ * x)) * (x + ((pow2(-(x)) + _a2_) * _a5_)))));{'d0': {'_a2_': -0.5256917713701543, '_a5_': -1.6029252340250237, '_a7_': -1.1464018750765204, '_a0_': 1.0, '_a1_': 1.0, '_a3_': 1.0, '_a4_': 1.0, '_a6_': 1.0}};{'d0': 0.02490583291941657};-280.569866449044;47.28444916486643
21295;-93.0004840596553;(_a7_ * -(((_a7_ * (_a5_ * x)) * (x + ((pow2(-(x)) + _a2_) * _a5_)))));{'d0': {'_a2_': -0.5256917713701543, '_a5_': -1.6029252340250237, '_a7_': -1.1464018750765204, '_a0_': 1.0, '_a1_': 1.0, '_a3_': 1.0, '_a4_': 1.0, '_a6_': 1.0}};{'d0': 0.02490583291941657};-280.569866449044;47.28444916486643
21296;-93.0004840596553;(_a7_ * -(((_a7_ * (_a5_ * x)) * (x + ((pow2(-(x)) + _a2_) * _a5_)))));{'d0': {'_a2_': -0.5256917713701543, '_a5_': -1.6029252340250237, '_a7_': -1.1464018750765204, '_a0_': 1.0, '_a1_': 1.0, '_a3_': 1.0, '_a4_': 1.0, '_a6_': 1.0}};{'d0': 0.02490583291941657};-280.569866449044;47.28444916486643
21297;-93.0004840596553;(_a7_ * -(((_a7_ * (_a5_ * x)) * (x + ((pow2(-(x)) + _a2_) * _a5_)))));{'d0': {'_a2_': -0.5256917713701543, '_a5_': -1.6029252340250237, '_a7_': -1.1464018750765204, '_a0_': 1.0, '_a1_': 1.0, '_a3_': 1.0, '_a4_': 1.0, '_a6_': 1.0}};{'d0': 0.02490583291941657};-280.569866449044;47.28444916486643
21298;-93.0004840596553;(_a7_ * -(((_a7_ * (_a5_ * x)) * (x + ((pow2(-(x)) + _a2_) * _a5_)))));{'d0': {'_a2_': -0.5256917713701543, '_a5_': -1.6029252340250237, '_a7_': -1.1464018750765204, '_a0_': 1.0, '_a1_': 1.0, '_a3_': 1.0, '_a4_': 1.0, '_a6_': 1.0}};{'d0': 0.02490583291941657};-280.569866449044;47.28444916486643
21299;-93.0004840596553;(_a7_ * -(((_a7_ * (_a5_ * x)) * (x + ((pow2(-(x)) + _a2_) * _a5_)))));{'d0': {'_a2_': -0.5256917713701543, '_a5_': -1.6029252340250237, '_a7_': -1.1464018750765204, '_a0_': 1.0, '_a1_': 1.0, '_a3_': 1.0, '_a4_': 1.0, '_a6_': 1.0}};{'d0': 0.02490583291941657};-280.569866449044;47.28444916486643
21300;-93.0004840596553;(_a7_ * -(((_a7_ * (_a5_ * x)) * (x + ((pow2(-(x)) + _a2_) * _a5_)))));{'d0': {'_a2_': -0.5256917713701543, '_a5_': -1.6029252340250237, '_a7_': -1.1464018750765204, '_a0_': 1.0, '_a1_': 1.0, '_a3_': 1.0, '_a4_': 1.0, '_a6_': 1.0}};{'d0': 0.02490583291941657};-280.569866449044;47.28444916486643
21301;-93.0004840596553;(_a7_ * -(((_a7_ * (_a5_ * x)) * (x + ((pow2(-(x)) + _a2_) * _a5_)))));{'d0': {'_a2_': -0.5256917713701543, '_a5_': -1.6029252340250237, '_a7_': -1.1464018750765204, '_a0_': 1.0, '_a1_': 1.0, '_a3_': 1.0, '_a4_': 1.0, '_a6_': 1.0}};{'d0': 0.02490583291941657};-280.569866449044;47.28444916486643
21302;-93.0004840596553;(_a7_ * -(((_a7_ * (_a5_ * x)) * (x + ((pow2(-(x)) + _a2_) * _a5_)))));{'d0': {'_a2_': -0.5256917713701543, '_a5_': -1.6029252340250237, '_a7_': -1.1464018750765204, '_a0_': 1.0, '_a1_': 1.0, '_a3_': 1.0, '_a4_': 1.0, '_a6_': 1.0}};{'d0': 0.02490583291941657};-280.569866449044;47.28444916486643
21303;-93.0004840596553;(_a7_ * -(((_a7_ * (_a5_ * x)) * (x + ((pow2(-(x)) + _a2_) * _a5_)))));{'d0': {'_a2_': -0.5256917713701543, '_a5_': -1.6029252340250237, '_a7_': -1.1464018750765204, '_a0_': 1.0, '_a1_': 1.0, '_a3_': 1.0, '_a4_': 1.0, '_a6_': 1.0}};{'d0': 0.02490583291941657};-280.569866449044;47.28444916486643
21304;-93.0004840596553;(_a7_ * -(((_a7_ * (_a5_ * x)) * (x + ((pow2(-(x)) + _a2_) * _a5_)))));{'d0': {'_a2_': -0.5256917713701543, '_a5_': -1.6029252340250237, '_a7_': -1.1464018750765204, '_a0_': 1.0, '_a1_': 1.0, '_a3_': 1.0, '_a4_': 1.0, '_a6_': 1.0}};{'d0': 0.02490583291941657};-280.569866449044;47.28444916486643
21305;-98.8076859198954;((((x + _a3_) * (x * _a7_)) + -(pow3((x * _a5_)))) * _a3_);{'d0': {'_a3_': 0.8426446035690263, '_a5_': -1.5883710198905112, '_a7_': 2.5000149060868306, '_a0_': 1.0, '_a1_': 1.0, '_a2_': 1.0, '_a4_': 1.0, '_a6_': 1.0}};{'d0': 0.024905832919416653};-280.569866449044;41.47724730462637
21306;-98.8076859198954;((((x + _a3_) * (x * _a7_)) + -(pow3((x * _a5_)))) * _a3_);{'d0': {'_a3_': 0.8426446035690263, '_a5_': -1.5883710198905112, '_a7_': 2.5000149060868306, '_a0_': 1.0, '_a1_': 1.0, '_a2_': 1.0, '_a4_': 1.0, '_a6_': 1.0}};{'d0': 0.024905832919416653};-280.569866449044;41.47724730462637
21307;-98.8076859198954;((((x + _a3_) * (x * _a7_)) + -(pow3((x * _a5_)))) * _a3_);{'d0': {'_a3_': 0.8426446035690263, '_a5_': -1.5883710198905112, '_a7_': 2.5000149060868306, '_a0_': 1.0, '_a1_': 1.0, '_a2_': 1.0, '_a4_': 1.0, '_a6_': 1.0}};{'d0': 0.024905832919416653};-280.569866449044;41.47724730462637
21308;-98.8076859198954;((((x + _a3_) * (x * _a7_)) + -(pow3((x * _a5_)))) * _a3_);{'d0': {'_a3_': 0.8426446035690263, '_a5_': -1.5883710198905112, '_a7_': 2.5000149060868306, '_a0_': 1.0, '_a1_': 1.0, '_a2_': 1.0, '_a4_': 1.0, '_a6_': 1.0}};{'d0': 0.024905832919416653};-280.569866449044;41.47724730462637
21309;-98.8076859198954;((((x + _a3_) * (x * _a7_)) + -(pow3((x * _a5_)))) * _a3_);{'d0': {'_a3_': 0.8426446035690263, '_a5_': -1.5883710198905112, '_a7_': 2.5000149060868306, '_a0_': 1.0, '_a1_': 1.0, '_a2_': 1.0, '_a4_': 1.0, '_a6_': 1.0}};{'d0': 0.024905832919416653};-280.569866449044;41.47724730462637
21310;-98.8076859198954;((((x + _a3_) * (x * _a7_)) + -(pow3((x * _a5_)))) * _a3_);{'d0': {'_a3_': 0.8426446035690263, '_a5_': -1.5883710198905112, '_a7_': 2.5000149060868306, '_a0_': 1.0, '_a1_': 1.0, '_a2_': 1.0, '_a4_': 1.0, '_a6_': 1.0}};{'d0': 0.024905832919416653};-280.569866449044;41.47724730462637
21311;-98.8076859198954;((((x + _a3_) * (x * _a7_)) + -(pow3((x * _a5_)))) * _a3_);{'d0': {'_a3_': 0.8426446035690263, '_a5_': -1.5883710198905112, '_a7_': 2.5000149060868306, '_a0_': 1.0, '_a1_': 1.0, '_a2_': 1.0, '_a4_': 1.0, '_a6_': 1.0}};{'d0': 0.024905832919416653};-280.569866449044;41.47724730462637
21312;-98.8076859198954;((((x + _a3_) * (x * _a7_)) + -(pow3((x * _a5_)))) * _a3_);{'d0': {'_a3_': 0.8426446035690263, '_a5_': -1.5883710198905112, '_a7_': 2.5000149060868306, '_a0_': 1.0, '_a1_': 1.0, '_a2_': 1.0, '_a4_': 1.0, '_a6_': 1.0}};{'d0': 0.024905832919416653};-280.569866449044;41.47724730462637
21313;-98.8076859198954;((((x + _a3_) * (x * _a7_)) + -(pow3((x * _a5_)))) * _a3_);{'d0': {'_a3_': 0.8426446035690263, '_a5_': -1.5883710198905112, '_a7_': 2.5000149060868306, '_a0_': 1.0, '_a1_': 1.0, '_a2_': 1.0, '_a4_': 1.0, '_a6_': 1.0}};{'d0': 0.024905832919416653};-280.569866449044;41.47724730462637
21314;-98.8076859198954;((((x + _a3_) * (x * _a7_)) + -(pow3((x * _a5_)))) * _a3_);{'d0': {'_a3_': 0.8426446035690263, '_a5_': -1.5883710198905112, '_a7_': 2.5000149060868306, '_a0_': 1.0, '_a1_': 1.0, '_a2_': 1.0, '_a4_': 1.0, '_a6_': 1.0}};{'d0': 0.024905832919416653};-280.569866449044;41.47724730462637
21315;-98.8076859198954;((((x + _a3_) * (x * _a7_)) + -(pow3((x * _a5_)))) * _a3_);{'d0': {'_a3_': 0.8426446035690263, '_a5_': -1.5883710198905112, '_a7_': 2.5000149060868306, '_a0_': 1.0, '_a1_': 1.0, '_a2_': 1.0, '_a4_': 1.0, '_a6_': 1.0}};{'d0': 0.024905832919416653};-280.569866449044;41.47724730462637
21316;-98.8076859198954;((((x + _a3_) * (x * _a7_)) + -(pow3((x * _a5_)))) * _a3_);{'d0': {'_a3_': 0.8426446035690263, '_a5_': -1.5883710198905112, '_a7_': 2.5000149060868306, '_a0_': 1.0, '_a1_': 1.0, '_a2_': 1.0, '_a4_': 1.0, '_a6_': 1.0}};{'d0': 0.024905832919416653};-280.569866449044;41.47724730462637
21317;-98.8076859198954;((((x + _a7_) * (x * _a7_)) + -(pow3((x * _a5_)))) * _a3_);{'d0': {'_a3_': 2.5000149031284002, '_a5_': -1.1053994309951412, '_a7_': 0.8426446041806166, '_a0_': 1.0, '_a1_': 1.0, '_a2_': 1.0, '_a4_': 1.0, '_a6_': 1.0}};{'d0': 0.02490583291941665};-280.569866449044;41.47724730462637
21318;-98.8076859198954;((((x + _a7_) * (x * _a7_)) + -(pow3((x * _a5_)))) * _a3_);{'d0': {'_a3_': 2.5000149031284002, '_a5_': -1.1053994309951412, '_a7_': 0.8426446041806166, '_a0_': 1.0, '_a1_': 1.0, '_a2_': 1.0, '_a4_': 1.0, '_a6_': 1.0}};{'d0': 0.02490583291941665};-280.569866449044;41.47724730462637
21319;-98.8076859198954;((((x + _a7_) * (x * _a7_)) + -(pow3((x * _a5_)))) * _a3_);{'d0': {'_a3_': 2.5000149031284002, '_a5_': -1.1053994309951412, '_a7_': 0.8426446041806166, '_a0_': 1.0, '_a1_': 1.0, '_a2_': 1.0, '_a4_': 1.0, '_a6_': 1.0}};{'d0': 0.02490583291941665};-280.569866449044;41.47724730462637
21320;-98.8076859198954;((((x + _a7_) * (x * _a7_)) + -(pow3((x * _a5_)))) * _a3_);{'d0': {'_a3_': 2.5000149031284002, '_a5_': -1.1053994309951412, '_a7_': 0.8426446041806166, '_a0_': 1.0, '_a1_': 1.0, '_a2_': 1.0, '_a4_': 1.0, '_a6_': 1.0}};{'d0': 0.02490583291941665};-280.569866449044;41.47724730462637
21321;-98.8076859198954;((((x + _a7_) * (x * _a7_)) + -(pow3((x * _a5_)))) * _a3_);{'d0': {'_a3_': 2.5000149031284002, '_a5_': -1.1053994309951412, '_a7_': 0.8426446041806166, '_a0_': 1.0, '_a1_': 1.0, '_a2_': 1.0, '_a4_': 1.0, '_a6_': 1.0}};{'d0': 0.02490583291941665};-280.569866449044;41.47724730462637
21322;-98.8076859198954;((((x + _a7_) * (x * _a7_)) + -(pow3((x * _a5_)))) * _a3_);{'d0': {'_a3_': 2.5000149031284002, '_a5_': -1.1053994309951412, '_a7_': 0.8426446041806166, '_a0_': 1.0, '_a1_': 1.0, '_a2_': 1.0, '_a4_': 1.0, '_a6_': 1.0}};{'d0': 0.02490583291941665};-280.569866449044;41.47724730462637
21323;-98.8076859198954;((((x + _a7_) * (x * _a7_)) + -(pow3((x * _a5_)))) * _a3_);{'d0': {'_a3_': 2.5000149031284002, '_a5_': -1.1053994309951412, '_a7_': 0.8426446041806166, '_a0_': 1.0, '_a1_': 1.0, '_a2_': 1.0, '_a4_': 1.0, '_a6_': 1.0}};{'d0': 0.02490583291941665};-280.569866449044;41.47724730462637
21324;-98.8076859198954;((((x + _a7_) * (x * _a7_)) + -(pow3((x * _a5_)))) * _a3_);{'d0': {'_a3_': 2.5000149031284002, '_a5_': -1.1053994309951412, '_a7_': 0.8426446041806166, '_a0_': 1.0, '_a1_': 1.0, '_a2_': 1.0, '_a4_': 1.0, '_a6_': 1.0}};{'d0': 0.02490583291941665};-280.569866449044;41.47724730462637
21325;-98.8076859198954;((((x + _a7_) * (x * _a7_)) + -(pow3((x * _a5_)))) * _a3_);{'d0': {'_a3_': 2.5000149031284002, '_a5_': -1.1053994309951412, '_a7_': 0.8426446041806166, '_a0_': 1.0, '_a1_': 1.0, '_a2_': 1.0, '_a4_': 1.0, '_a6_': 1.0}};{'d0': 0.02490583291941665};-280.569866449044;41.47724730462637
21326;-98.8076859198954;((((x + _a7_) * (x * _a7_)) + -(pow3((x * _a5_)))) * _a3_);{'d0': {'_a3_': 2.5000149031284002, '_a5_': -1.1053994309951412, '_a7_': 0.8426446041806166, '_a0_': 1.0, '_a1_': 1.0, '_a2_': 1.0, '_a4_': 1.0, '_a6_': 1.0}};{'d0': 0.02490583291941665};-280.569866449044;41.47724730462637
21327;-98.8076859198954;((((x + _a7_) * (x * _a7_)) + -(pow3((x * _a5_)))) * _a3_);{'d0': {'_a3_': 2.5000149031284002, '_a5_': -1.1053994309951412, '_a7_': 0.8426446041806166, '_a0_': 1.0, '_a1_': 1.0, '_a2_': 1.0, '_a4_': 1.0, '_a6_': 1.0}};{'d0': 0.02490583291941665};-280.569866449044;41.47724730462637
21328;-98.8076859198954;((((x + _a7_) * (x * _a7_)) + -(pow3((x * _a5_)))) * _a3_);{'d0': {'_a3_': 2.5000149031284002, '_a5_': -1.1053994309951412, '_a7_': 0.8426446041806166, '_a0_': 1.0, '_a1_': 1.0, '_a2_': 1.0, '_a4_': 1.0, '_a6_': 1.0}};{'d0': 0.02490583291941665};-280.569866449044;41.47724730462637
21329;-98.8076859198954;((((x + _a7_) * (x * _a7_)) + -(pow3((x * _a5_)))) * _a3_);{'d0': {'_a3_': 2.5000149031284002, '_a5_': -1.1053994309951412, '_a7_': 0.8426446041806166, '_a0_': 1.0, '_a1_': 1.0, '_a2_': 1.0, '_a4_': 1.0, '_a6_': 1.0}};{'d0': 0.02490583291941665};-280.569866449044;41.47724730462637
21330;-98.8076859198954;((((x + _a7_) * (x * _a7_)) + -(pow3((x * _a5_)))) * _a3_);{'d0': {'_a3_': 2.5000149031284002, '_a5_': -1.1053994309951412, '_a7_': 0.8426446041806166, '_a0_': 1.0, '_a1_': 1.0, '_a2_': 1.0, '_a4_': 1.0, '_a6_': 1.0}};{'d0': 0.02490583291941665};-280.569866449044;41.47724730462637
21331;-98.8076859198954;((((x + _a7_) * (x * _a7_)) + -(pow3((x * _a5_)))) * _a3_);{'d0': {'_a3_': 2.5000149031284002, '_a5_': -1.1053994309951412, '_a7_': 0.8426446041806166, '_a0_': 1.0, '_a1_': 1.0, '_a2_': 1.0, '_a4_': 1.0, '_a6_': 1.0}};{'d0': 0.02490583291941665};-280.569866449044;41.47724730462637
21332;-98.8076859198954;((((x + _a7_) * (x * _a7_)) + -(pow3((x * _a5_)))) * _a3_);{'d0': {'_a3_': 2.5000149031284002, '_a5_': -1.1053994309951412, '_a7_': 0.8426446041806166, '_a0_': 1.0, '_a1_': 1.0, '_a2_': 1.0, '_a4_': 1.0, '_a6_': 1.0}};{'d0': 0.02490583291941665};-280.569866449044;41.47724730462637
21333;-98.8076859198954;((((x + _a7_) * (x * _a7_)) + -(pow3((x * _a5_)))) * _a3_);{'d0': {'_a3_': 2.5000149031284002, '_a5_': -1.1053994309951412, '_a7_': 0.8426446041806166, '_a0_': 1.0, '_a1_': 1.0, '_a2_': 1.0, '_a4_': 1.0, '_a6_': 1.0}};{'d0': 0.02490583291941665};-280.569866449044;41.47724730462637
21334;-98.8076859198954;((((x + _a7_) * (x * _a7_)) + -(pow3((x * _a5_)))) * _a3_);{'d0': {'_a3_': 2.5000149031284002, '_a5_': -1.1053994309951412, '_a7_': 0.8426446041806166, '_a0_': 1.0, '_a1_': 1.0, '_a2_': 1.0, '_a4_': 1.0, '_a6_': 1.0}};{'d0': 0.02490583291941665};-280.569866449044;41.47724730462637
21335;-98.8076859198954;((((x + _a7_) * (x * _a7_)) + -(pow3((x * _a5_)))) * _a3_);{'d0': {'_a3_': 2.5000149031284002, '_a5_': -1.1053994309951412, '_a7_': 0.8426446041806166, '_a0_': 1.0, '_a1_': 1.0, '_a2_': 1.0, '_a4_': 1.0, '_a6_': 1.0}};{'d0': 0.02490583291941665};-280.569866449044;41.47724730462637
21336;-98.8076859198954;((((x + _a7_) * (x * _a7_)) + -(pow3((x * _a5_)))) * _a3_);{'d0': {'_a3_': 2.5000149031284002, '_a5_': -1.1053994309951412, '_a7_': 0.8426446041806166, '_a0_': 1.0, '_a1_': 1.0, '_a2_': 1.0, '_a4_': 1.0, '_a6_': 1.0}};{'d0': 0.02490583291941665};-280.569866449044;41.47724730462637
21337;-98.8076859198954;((((x + _a7_) * (x * _a7_)) + -(pow3((x * _a5_)))) * _a3_);{'d0': {'_a3_': 2.5000149031284002, '_a5_': -1.1053994309951412, '_a7_': 0.8426446041806166, '_a0_': 1.0, '_a1_': 1.0, '_a2_': 1.0, '_a4_': 1.0, '_a6_': 1.0}};{'d0': 0.02490583291941665};-280.569866449044;41.47724730462637
21338;-98.8076859198954;((((x + _a7_) * (x * _a7_)) + -(pow3((x * _a5_)))) * _a3_);{'d0': {'_a3_': 2.5000149031284002, '_a5_': -1.1053994309951412, '_a7_': 0.8426446041806166, '_a0_': 1.0, '_a1_': 1.0, '_a2_': 1.0, '_a4_': 1.0, '_a6_': 1.0}};{'d0': 0.02490583291941665};-280.569866449044;41.47724730462637
21339;-98.8076859198954;((((x + _a7_) * (x * _a7_)) + -(pow3((x * _a5_)))) * _a3_);{'d0': {'_a3_': 2.5000149031284002, '_a5_': -1.1053994309951412, '_a7_': 0.8426446041806166, '_a0_': 1.0, '_a1_': 1.0, '_a2_': 1.0, '_a4_': 1.0, '_a6_': 1.0}};{'d0': 0.02490583291941665};-280.569866449044;41.47724730462637
21340;-98.8076859198954;((((x + _a7_) * (x * _a7_)) + -(pow3((x * _a5_)))) * _a3_);{'d0': {'_a3_': 2.5000149031284002, '_a5_': -1.1053994309951412, '_a7_': 0.8426446041806166, '_a0_': 1.0, '_a1_': 1.0, '_a2_': 1.0, '_a4_': 1.0, '_a6_': 1.0}};{'d0': 0.02490583291941665};-280.569866449044;41.47724730462637
21341;-98.8076859198954;((((x + _a7_) * (x * _a7_)) + -(pow3((x * _a5_)))) * _a3_);{'d0': {'_a3_': 2.5000149031284002, '_a5_': -1.1053994309951412, '_a7_': 0.8426446041806166, '_a0_': 1.0, '_a1_': 1.0, '_a2_': 1.0, '_a4_': 1.0, '_a6_': 1.0}};{'d0': 0.02490583291941665};-280.569866449044;41.47724730462637
21342;-98.8076859198954;((((x + _a7_) * (x * _a7_)) + -(pow3((x * _a5_)))) * _a3_);{'d0': {'_a3_': 2.5000149031284002, '_a5_': -1.1053994309951412, '_a7_': 0.8426446041806166, '_a0_': 1.0, '_a1_': 1.0, '_a2_': 1.0, '_a4_': 1.0, '_a6_': 1.0}};{'d0': 0.02490583291941665};-280.569866449044;41.47724730462637
21343;-98.8076859198954;((((x + _a7_) * (x * _a7_)) + -(pow3((x * _a5_)))) * _a3_);{'d0': {'_a3_': 2.5000149031284002, '_a5_': -1.1053994309951412, '_a7_': 0.8426446041806166, '_a0_': 1.0, '_a1_': 1.0, '_a2_': 1.0, '_a4_': 1.0, '_a6_': 1.0}};{'d0': 0.02490583291941665};-280.569866449044;41.47724730462637
21344;-98.8076859198954;((((x + _a7_) * (x * _a7_)) + -(pow3((x * _a5_)))) * _a3_);{'d0': {'_a3_': 2.5000149031284002, '_a5_': -1.1053994309951412, '_a7_': 0.8426446041806166, '_a0_': 1.0, '_a1_': 1.0, '_a2_': 1.0, '_a4_': 1.0, '_a6_': 1.0}};{'d0': 0.02490583291941665};-280.569866449044;41.47724730462637
21345;-98.8076859198954;((((x + _a7_) * (x * _a7_)) + -(pow3((x * _a5_)))) * _a3_);{'d0': {'_a3_': 2.5000149031284002, '_a5_': -1.1053994309951412, '_a7_': 0.8426446041806166, '_a0_': 1.0, '_a1_': 1.0, '_a2_': 1.0, '_a4_': 1.0, '_a6_': 1.0}};{'d0': 0.02490583291941665};-280.569866449044;41.47724730462637
21346;-98.8076859198954;((((x + _a7_) * (x * _a7_)) + -(pow3((x * _a5_)))) * _a3_);{'d0': {'_a3_': 2.5000149031284002, '_a5_': -1.1053994309951412, '_a7_': 0.8426446041806166, '_a0_': 1.0, '_a1_': 1.0, '_a2_': 1.0, '_a4_': 1.0, '_a6_': 1.0}};{'d0': 0.02490583291941665};-280.569866449044;41.47724730462637
21347;-98.8076859198954;((((x + _a7_) * (x * _a7_)) + -(pow3((x * _a5_)))) * _a3_);{'d0': {'_a3_': 2.5000149031284002, '_a5_': -1.1053994309951412, '_a7_': 0.8426446041806166, '_a0_': 1.0, '_a1_': 1.0, '_a2_': 1.0, '_a4_': 1.0, '_a6_': 1.0}};{'d0': 0.02490583291941665};-280.569866449044;41.47724730462637
21348;-98.8076859198954;((((x + _a7_) * (x * _a7_)) + -(pow3((x * _a5_)))) * _a3_);{'d0': {'_a3_': 2.5000149031284002, '_a5_': -1.1053994309951412, '_a7_': 0.8426446041806166, '_a0_': 1.0, '_a1_': 1.0, '_a2_': 1.0, '_a4_': 1.0, '_a6_': 1.0}};{'d0': 0.02490583291941665};-280.569866449044;41.47724730462637
21349;-107.265652757630;((x * (_a3_ + pow2(((x + _a5_) * _a2_)))) + _a7_);{'d0': {'_a2_': -1.839162302752568, '_a3_': 1.4448040521040282, '_a5_': 0.3122755732705187, '_a7_': -0.001024152116614193, '_a0_': 1.0, '_a1_': 1.0, '_a4_': 1.0, '_a6_': 1.0}};{'d0': 0.024885482501885645};-276.524567593267;30.996631039003923
21350;-98.8076859198954;((((x + _a7_) * (x * _a7_)) + -(pow3((x * _a5_)))) * _a3_);{'d0': {'_a3_': 2.5000149031284002, '_a5_': -1.1053994309951412, '_a7_': 0.8426446041806166, '_a0_': 1.0, '_a1_': 1.0, '_a2_': 1.0, '_a4_': 1.0, '_a6_': 1.0}};{'d0': 0.02490583291941665};-280.569866449044;41.47724730462637
21351;-98.8076859198954;((((x + _a7_) * (x * _a7_)) + -(pow3((x * _a5_)))) * _a3_);{'d0': {'_a3_': 2.5000149031284002, '_a5_': -1.1053994309951412, '_a7_': 0.8426446041806166, '_a0_': 1.0, '_a1_': 1.0, '_a2_': 1.0, '_a4_': 1.0, '_a6_': 1.0}};{'d0': 0.02490583291941665};-280.569866449044;41.47724730462637
21352;-98.8076859198954;((((x + _a7_) * (x * _a7_)) + -(pow3((x * _a5_)))) * _a3_);{'d0': {'_a3_': 2.5000149031284002, '_a5_': -1.1053994309951412, '_a7_': 0.8426446041806166, '_a0_': 1.0, '_a1_': 1.0, '_a2_': 1.0, '_a4_': 1.0, '_a6_': 1.0}};{'d0': 0.02490583291941665};-280.569866449044;41.47724730462637
21353;-98.8076859198954;((((x + _a3_) * (x * _a7_)) + -(pow3((x * _a5_)))) * _a3_);{'d0': {'_a3_': 0.8426446035690263, '_a5_': -1.5883710198905112, '_a7_': 2.5000149060868306, '_a0_': 1.0, '_a1_': 1.0, '_a2_': 1.0, '_a4_': 1.0, '_a6_': 1.0}};{'d0': 0.024905832919416653};-280.569866449044;41.47724730462637
21354;-98.8076859198954;((((x + _a3_) * (x * _a7_)) + -(pow3((x * _a5_)))) * _a3_);{'d0': {'_a3_': 0.8426446035690263, '_a5_': -1.5883710198905112, '_a7_': 2.5000149060868306, '_a0_': 1.0, '_a1_': 1.0, '_a2_': 1.0, '_a4_': 1.0, '_a6_': 1.0}};{'d0': 0.024905832919416653};-280.569866449044;41.47724730462637
21355;-98.8076859198954;((((x + _a3_) * (x * _a7_)) + -(pow3((x * _a5_)))) * _a3_);{'d0': {'_a3_': 0.8426446035690263, '_a5_': -1.5883710198905112, '_a7_': 2.5000149060868306, '_a0_': 1.0, '_a1_': 1.0, '_a2_': 1.0, '_a4_': 1.0, '_a6_': 1.0}};{'d0': 0.024905832919416653};-280.569866449044;41.47724730462637
21356;-98.8076859198954;((((x + _a3_) * (x * _a7_)) + -(pow3((x * _a5_)))) * _a3_);{'d0': {'_a3_': 0.8426446035690263, '_a5_': -1.5883710198905112, '_a7_': 2.5000149060868306, '_a0_': 1.0, '_a1_': 1.0, '_a2_': 1.0, '_a4_': 1.0, '_a6_': 1.0}};{'d0': 0.024905832919416653};-280.569866449044;41.47724730462637
21357;-97.9567340789500;((((x + _a3_) * (x / _a7_)) + -(pow3((x * _a5_)))) * _a3_);{'d0': {'_a3_': 0.8426446042391914, '_a5_': -1.588371019184883, '_a7_': 0.39999761557564734, '_a0_': 1.0, '_a1_': 1.0, '_a2_': 1.0, '_a4_': 1.0, '_a6_': 1.0}};{'d0': 0.024905832919416632};-280.569866449044;42.328199145571766
21358;-97.9567340789500;((((x + _a3_) * (x / _a7_)) + -(pow3((x * _a5_)))) * _a3_);{'d0': {'_a3_': 0.8426446042391914, '_a5_': -1.588371019184883, '_a7_': 0.39999761557564734, '_a0_': 1.0, '_a1_': 1.0, '_a2_': 1.0, '_a4_': 1.0, '_a6_': 1.0}};{'d0': 0.024905832919416632};-280.569866449044;42.328199145571766
21359;-97.9567340789500;((((x + _a3_) * (x / _a7_)) + -(pow3((x * _a5_)))) * _a3_);{'d0': {'_a3_': 0.8426446042391914, '_a5_': -1.588371019184883, '_a7_': 0.39999761557564734, '_a0_': 1.0, '_a1_': 1.0, '_a2_': 1.0, '_a4_': 1.0, '_a6_': 1.0}};{'d0': 0.024905832919416632};-280.569866449044;42.328199145571766
21360;-97.9567340789500;((((x + _a3_) * (x / _a7_)) + -(pow3((x * _a5_)))) * _a3_);{'d0': {'_a3_': 0.8426446042391914, '_a5_': -1.588371019184883, '_a7_': 0.39999761557564734, '_a0_': 1.0, '_a1_': 1.0, '_a2_': 1.0, '_a4_': 1.0, '_a6_': 1.0}};{'d0': 0.024905832919416632};-280.569866449044;42.328199145571766
21361;-97.9567340789500;((((x + _a3_) * (x / _a7_)) + -(pow3((x * _a5_)))) * _a3_);{'d0': {'_a3_': 0.8426446042391914, '_a5_': -1.588371019184883, '_a7_': 0.39999761557564734, '_a0_': 1.0, '_a1_': 1.0, '_a2_': 1.0, '_a4_': 1.0, '_a6_': 1.0}};{'d0': 0.024905832919416632};-280.569866449044;42.328199145571766
21362;-97.9567340789500;((((x + _a3_) * (x / _a7_)) + -(pow3((x * _a5_)))) * _a3_);{'d0': {'_a3_': 0.8426446042391914, '_a5_': -1.588371019184883, '_a7_': 0.39999761557564734, '_a0_': 1.0, '_a1_': 1.0, '_a2_': 1.0, '_a4_': 1.0, '_a6_': 1.0}};{'d0': 0.024905832919416632};-280.569866449044;42.328199145571766
21363;-97.9567340789500;((((x + _a3_) * (x / _a7_)) + -(pow3((x * _a5_)))) * _a3_);{'d0': {'_a3_': 0.8426446042391914, '_a5_': -1.588371019184883, '_a7_': 0.39999761557564734, '_a0_': 1.0, '_a1_': 1.0, '_a2_': 1.0, '_a4_': 1.0, '_a6_': 1.0}};{'d0': 0.024905832919416632};-280.569866449044;42.328199145571766
21364;-97.9567340789500;((((x + _a3_) * (x / _a7_)) + -(pow3((x * _a5_)))) * _a3_);{'d0': {'_a3_': 0.8426446042391914, '_a5_': -1.588371019184883, '_a7_': 0.39999761557564734, '_a0_': 1.0, '_a1_': 1.0, '_a2_': 1.0, '_a4_': 1.0, '_a6_': 1.0}};{'d0': 0.024905832919416632};-280.569866449044;42.328199145571766
21365;-97.9567340789500;((((x + _a3_) * (x / _a7_)) + -(pow3((x * _a5_)))) * _a3_);{'d0': {'_a3_': 0.8426446042391914, '_a5_': -1.588371019184883, '_a7_': 0.39999761557564734, '_a0_': 1.0, '_a1_': 1.0, '_a2_': 1.0, '_a4_': 1.0, '_a6_': 1.0}};{'d0': 0.024905832919416632};-280.569866449044;42.328199145571766
21366;-97.9567340789500;((((x + _a3_) * (x / _a7_)) + -(pow3((x * _a5_)))) * _a3_);{'d0': {'_a3_': 0.8426446042391914, '_a5_': -1.588371019184883, '_a7_': 0.39999761557564734, '_a0_': 1.0, '_a1_': 1.0, '_a2_': 1.0, '_a4_': 1.0, '_a6_': 1.0}};{'d0': 0.024905832919416632};-280.569866449044;42.328199145571766
21367;-97.9567340789500;((((x + _a3_) * (x / _a7_)) + -(pow3((x * _a5_)))) * _a3_);{'d0': {'_a3_': 0.8426446042391914, '_a5_': -1.588371019184883, '_a7_': 0.39999761557564734, '_a0_': 1.0, '_a1_': 1.0, '_a2_': 1.0, '_a4_': 1.0, '_a6_': 1.0}};{'d0': 0.024905832919416632};-280.569866449044;42.328199145571766
21368;-97.9567340789500;((((x + _a3_) * (x / _a7_)) + -(pow3((x * _a5_)))) * _a3_);{'d0': {'_a3_': 0.8426446042391914, '_a5_': -1.588371019184883, '_a7_': 0.39999761557564734, '_a0_': 1.0, '_a1_': 1.0, '_a2_': 1.0, '_a4_': 1.0, '_a6_': 1.0}};{'d0': 0.024905832919416632};-280.569866449044;42.328199145571766
21369;-97.9567340789500;((((x + _a3_) * (x / _a7_)) + -(pow3((x * _a5_)))) * _a3_);{'d0': {'_a3_': 0.8426446042391914, '_a5_': -1.588371019184883, '_a7_': 0.39999761557564734, '_a0_': 1.0, '_a1_': 1.0, '_a2_': 1.0, '_a4_': 1.0, '_a6_': 1.0}};{'d0': 0.024905832919416632};-280.569866449044;42.328199145571766
21370;-97.9567340789500;((((x + _a3_) * (x / _a7_)) + -(pow3((x * _a5_)))) * _a3_);{'d0': {'_a3_': 0.8426446042391914, '_a5_': -1.588371019184883, '_a7_': 0.39999761557564734, '_a0_': 1.0, '_a1_': 1.0, '_a2_': 1.0, '_a4_': 1.0, '_a6_': 1.0}};{'d0': 0.024905832919416632};-280.569866449044;42.328199145571766
21371;-97.9567340789500;((((x + _a3_) * (x / _a7_)) + -(pow3((x * _a5_)))) * _a3_);{'d0': {'_a3_': 0.8426446042391914, '_a5_': -1.588371019184883, '_a7_': 0.39999761557564734, '_a0_': 1.0, '_a1_': 1.0, '_a2_': 1.0, '_a4_': 1.0, '_a6_': 1.0}};{'d0': 0.024905832919416632};-280.569866449044;42.328199145571766
21372;-97.9567340789500;((((x + _a3_) * (x / _a7_)) + -(pow3((x * _a5_)))) * _a3_);{'d0': {'_a3_': 0.8426446042391914, '_a5_': -1.588371019184883, '_a7_': 0.39999761557564734, '_a0_': 1.0, '_a1_': 1.0, '_a2_': 1.0, '_a4_': 1.0, '_a6_': 1.0}};{'d0': 0.024905832919416632};-280.569866449044;42.328199145571766
21373;-97.9567340789500;((((x + _a3_) * (x / _a7_)) + -(pow3((x * _a5_)))) * _a3_);{'d0': {'_a3_': 0.8426446042391914, '_a5_': -1.588371019184883, '_a7_': 0.39999761557564734, '_a0_': 1.0, '_a1_': 1.0, '_a2_': 1.0, '_a4_': 1.0, '_a6_': 1.0}};{'d0': 0.024905832919416632};-280.569866449044;42.328199145571766
21374;-97.9567340789500;((((x + _a3_) * (x / _a7_)) + -(pow3((x * _a5_)))) * _a3_);{'d0': {'_a3_': 0.8426446042391914, '_a5_': -1.588371019184883, '_a7_': 0.39999761557564734, '_a0_': 1.0, '_a1_': 1.0, '_a2_': 1.0, '_a4_': 1.0, '_a6_': 1.0}};{'d0': 0.024905832919416632};-280.569866449044;42.328199145571766
21375;-97.9567340789500;((((x + _a3_) * (x / _a7_)) + -(pow3((x * _a5_)))) * _a3_);{'d0': {'_a3_': 0.8426446042391914, '_a5_': -1.588371019184883, '_a7_': 0.39999761557564734, '_a0_': 1.0, '_a1_': 1.0, '_a2_': 1.0, '_a4_': 1.0, '_a6_': 1.0}};{'d0': 0.024905832919416632};-280.569866449044;42.328199145571766
21376;-97.9567340789500;((((x + _a3_) * (x / _a7_)) + -(pow3((x * _a5_)))) * _a3_);{'d0': {'_a3_': 0.8426446042391914, '_a5_': -1.588371019184883, '_a7_': 0.39999761557564734, '_a0_': 1.0, '_a1_': 1.0, '_a2_': 1.0, '_a4_': 1.0, '_a6_': 1.0}};{'d0': 0.024905832919416632};-280.569866449044;42.328199145571766
21377;-97.9567340789500;((((x + _a3_) * (x / _a7_)) + -(pow3((x * _a5_)))) * _a3_);{'d0': {'_a3_': 0.8426446042391914, '_a5_': -1.588371019184883, '_a7_': 0.39999761557564734, '_a0_': 1.0, '_a1_': 1.0, '_a2_': 1.0, '_a4_': 1.0, '_a6_': 1.0}};{'d0': 0.024905832919416632};-280.569866449044;42.328199145571766
21378;-97.9567340789500;((((x + _a3_) * (x / _a7_)) + -(pow3((x * _a5_)))) * _a3_);{'d0': {'_a3_': 0.8426446042391914, '_a5_': -1.588371019184883, '_a7_': 0.39999761557564734, '_a0_': 1.0, '_a1_': 1.0, '_a2_': 1.0, '_a4_': 1.0, '_a6_': 1.0}};{'d0': 0.024905832919416632};-280.569866449044;42.328199145571766
21379;-97.9567340789500;((((x + _a3_) * (x / _a7_)) + -(pow3((x * _a5_)))) * _a3_);{'d0': {'_a3_': 0.8426446042391914, '_a5_': -1.588371019184883, '_a7_': 0.39999761557564734, '_a0_': 1.0, '_a1_': 1.0, '_a2_': 1.0, '_a4_': 1.0, '_a6_': 1.0}};{'d0': 0.024905832919416632};-280.569866449044;42.328199145571766
21380;-97.9567340789500;((((x + _a3_) * (x / _a7_)) + -(pow3((x * _a5_)))) * _a3_);{'d0': {'_a3_': 0.8426446042391914, '_a5_': -1.588371019184883, '_a7_': 0.39999761557564734, '_a0_': 1.0, '_a1_': 1.0, '_a2_': 1.0, '_a4_': 1.0, '_a6_': 1.0}};{'d0': 0.024905832919416632};-280.569866449044;42.328199145571766
21381;-97.9567340789500;((((x + _a3_) * (x / _a7_)) + -(pow3((x * _a5_)))) * _a3_);{'d0': {'_a3_': 0.8426446042391914, '_a5_': -1.588371019184883, '_a7_': 0.39999761557564734, '_a0_': 1.0, '_a1_': 1.0, '_a2_': 1.0, '_a4_': 1.0, '_a6_': 1.0}};{'d0': 0.024905832919416632};-280.569866449044;42.328199145571766
21382;-97.9567340789500;((((x + _a3_) * (x / _a7_)) + -(pow3((x * _a5_)))) * _a3_);{'d0': {'_a3_': 0.8426446042391914, '_a5_': -1.588371019184883, '_a7_': 0.39999761557564734, '_a0_': 1.0, '_a1_': 1.0, '_a2_': 1.0, '_a4_': 1.0, '_a6_': 1.0}};{'d0': 0.024905832919416632};-280.569866449044;42.328199145571766
21383;-97.9567340789500;((((x + _a3_) * (x / _a7_)) + -(pow3((x * _a5_)))) * _a3_);{'d0': {'_a3_': 0.8426446042391914, '_a5_': -1.588371019184883, '_a7_': 0.39999761557564734, '_a0_': 1.0, '_a1_': 1.0, '_a2_': 1.0, '_a4_': 1.0, '_a6_': 1.0}};{'d0': 0.024905832919416632};-280.569866449044;42.328199145571766
21384;-97.9567340789500;((((x + _a3_) * (x / _a7_)) + -(pow3((x * _a5_)))) * _a3_);{'d0': {'_a3_': 0.8426446042391914, '_a5_': -1.588371019184883, '_a7_': 0.39999761557564734, '_a0_': 1.0, '_a1_': 1.0, '_a2_': 1.0, '_a4_': 1.0, '_a6_': 1.0}};{'d0': 0.024905832919416632};-280.569866449044;42.328199145571766
21385;-97.9567340789500;((((x + _a3_) * (x / _a7_)) + -(pow3((x * _a5_)))) * _a3_);{'d0': {'_a3_': 0.8426446042391914, '_a5_': -1.588371019184883, '_a7_': 0.39999761557564734, '_a0_': 1.0, '_a1_': 1.0, '_a2_': 1.0, '_a4_': 1.0, '_a6_': 1.0}};{'d0': 0.024905832919416632};-280.569866449044;42.328199145571766
21386;-97.9567340789500;((((x + _a3_) * (x / _a7_)) + -(pow3((x * _a5_)))) * _a3_);{'d0': {'_a3_': 0.8426446042391914, '_a5_': -1.588371019184883, '_a7_': 0.39999761557564734, '_a0_': 1.0, '_a1_': 1.0, '_a2_': 1.0, '_a4_': 1.0, '_a6_': 1.0}};{'d0': 0.024905832919416632};-280.569866449044;42.328199145571766
21387;-97.9567340789500;((((x + _a3_) * (x / _a7_)) + -(pow3((x * _a5_)))) * _a3_);{'d0': {'_a3_': 0.8426446042391914, '_a5_': -1.588371019184883, '_a7_': 0.39999761557564734, '_a0_': 1.0, '_a1_': 1.0, '_a2_': 1.0, '_a4_': 1.0, '_a6_': 1.0}};{'d0': 0.024905832919416632};-280.569866449044;42.328199145571766
21388;-97.9567340789500;((((x + _a3_) * (x / _a7_)) + -(pow3((x * _a5_)))) * _a3_);{'d0': {'_a3_': 0.8426446042391914, '_a5_': -1.588371019184883, '_a7_': 0.39999761557564734, '_a0_': 1.0, '_a1_': 1.0, '_a2_': 1.0, '_a4_': 1.0, '_a6_': 1.0}};{'d0': 0.024905832919416632};-280.569866449044;42.328199145571766
21389;-97.9567340789500;((((x + _a3_) * (x / _a7_)) + -(pow3((x * _a5_)))) * _a3_);{'d0': {'_a3_': 0.8426446042391914, '_a5_': -1.588371019184883, '_a7_': 0.39999761557564734, '_a0_': 1.0, '_a1_': 1.0, '_a2_': 1.0, '_a4_': 1.0, '_a6_': 1.0}};{'d0': 0.024905832919416632};-280.569866449044;42.328199145571766
21390;-97.9567340789500;((((x + _a3_) * (x / _a7_)) + -(pow3((x * _a5_)))) * _a3_);{'d0': {'_a3_': 0.8426446042391914, '_a5_': -1.588371019184883, '_a7_': 0.39999761557564734, '_a0_': 1.0, '_a1_': 1.0, '_a2_': 1.0, '_a4_': 1.0, '_a6_': 1.0}};{'d0': 0.024905832919416632};-280.569866449044;42.328199145571766
21391;-97.9567340789500;((((x + _a3_) * (x / _a7_)) + -(pow3((x * _a5_)))) * _a3_);{'d0': {'_a3_': 0.8426446042391914, '_a5_': -1.588371019184883, '_a7_': 0.39999761557564734, '_a0_': 1.0, '_a1_': 1.0, '_a2_': 1.0, '_a4_': 1.0, '_a6_': 1.0}};{'d0': 0.024905832919416632};-280.569866449044;42.328199145571766
21392;-97.9567340789500;((((x + _a3_) * (x / _a7_)) + -(pow3((x * _a5_)))) * _a3_);{'d0': {'_a3_': 0.8426446042391914, '_a5_': -1.588371019184883, '_a7_': 0.39999761557564734, '_a0_': 1.0, '_a1_': 1.0, '_a2_': 1.0, '_a4_': 1.0, '_a6_': 1.0}};{'d0': 0.024905832919416632};-280.569866449044;42.328199145571766
21393;-97.9567340789500;((((x + _a3_) * (x / _a7_)) + -(pow3((x * _a5_)))) * _a3_);{'d0': {'_a3_': 0.8426446042391914, '_a5_': -1.588371019184883, '_a7_': 0.39999761557564734, '_a0_': 1.0, '_a1_': 1.0, '_a2_': 1.0, '_a4_': 1.0, '_a6_': 1.0}};{'d0': 0.024905832919416632};-280.569866449044;42.328199145571766
21394;-97.9567340789500;((((x + _a3_) * (x / _a7_)) + -(pow3((x * _a5_)))) * _a3_);{'d0': {'_a3_': 0.8426446042391914, '_a5_': -1.588371019184883, '_a7_': 0.39999761557564734, '_a0_': 1.0, '_a1_': 1.0, '_a2_': 1.0, '_a4_': 1.0, '_a6_': 1.0}};{'d0': 0.024905832919416632};-280.569866449044;42.328199145571766
21395;-97.9567340789500;((((x + _a3_) * (x / _a7_)) + -(pow3((x * _a5_)))) * _a3_);{'d0': {'_a3_': 0.8426446042391914, '_a5_': -1.588371019184883, '_a7_': 0.39999761557564734, '_a0_': 1.0, '_a1_': 1.0, '_a2_': 1.0, '_a4_': 1.0, '_a6_': 1.0}};{'d0': 0.024905832919416632};-280.569866449044;42.328199145571766
21396;-97.9567340789500;((((x + _a3_) * (x / _a7_)) + -(pow3((x * _a5_)))) * _a3_);{'d0': {'_a3_': 0.8426446042391914, '_a5_': -1.588371019184883, '_a7_': 0.39999761557564734, '_a0_': 1.0, '_a1_': 1.0, '_a2_': 1.0, '_a4_': 1.0, '_a6_': 1.0}};{'d0': 0.024905832919416632};-280.569866449044;42.328199145571766
21397;-97.9567340789500;((((x + _a3_) * (x / _a7_)) + -(pow3((x * _a5_)))) * _a3_);{'d0': {'_a3_': 0.8426446042391914, '_a5_': -1.588371019184883, '_a7_': 0.39999761557564734, '_a0_': 1.0, '_a1_': 1.0, '_a2_': 1.0, '_a4_': 1.0, '_a6_': 1.0}};{'d0': 0.024905832919416632};-280.569866449044;42.328199145571766
21398;-99.9884250890523;(_a0_ * ((x * pow2(((_a5_ ** -(_a3_)) * (x + _a5_)))) + x));{'d0': {'_a0_': 1.4465760889116022, '_a3_': 0.36383430056247396, '_a5_': 0.31192970768803163, '_a1_': 1.0, '_a2_': 1.0, '_a4_': 1.0, '_a6_': 1.0, '_a7_': 1.0}};{'d0': 0.02490583291941664};-280.569866449044;40.296508135469374
21399;-99.9884250890523;(_a0_ * ((x * pow2(((_a5_ ** -(_a3_)) * (x + _a5_)))) + x));{'d0': {'_a0_': 1.4465760889116022, '_a3_': 0.36383430056247396, '_a5_': 0.31192970768803163, '_a1_': 1.0, '_a2_': 1.0, '_a4_': 1.0, '_a6_': 1.0, '_a7_': 1.0}};{'d0': 0.02490583291941664};-280.569866449044;40.296508135469374
21400;-99.9884250890523;(_a0_ * ((x * pow2(((_a5_ ** -(_a3_)) * (x + _a5_)))) + x));{'d0': {'_a0_': 1.4465760889116022, '_a3_': 0.36383430056247396, '_a5_': 0.31192970768803163, '_a1_': 1.0, '_a2_': 1.0, '_a4_': 1.0, '_a6_': 1.0, '_a7_': 1.0}};{'d0': 0.02490583291941664};-280.569866449044;40.296508135469374
21401;-99.9884250890523;(_a0_ * ((x * pow2(((_a5_ ** -(_a3_)) * (x + _a5_)))) + x));{'d0': {'_a0_': 1.4465760889116022, '_a3_': 0.36383430056247396, '_a5_': 0.31192970768803163, '_a1_': 1.0, '_a2_': 1.0, '_a4_': 1.0, '_a6_': 1.0, '_a7_': 1.0}};{'d0': 0.02490583291941664};-280.569866449044;40.296508135469374
21402;-99.9884250890523;(_a0_ * ((x * pow2(((_a5_ ** -(_a3_)) * (x + _a5_)))) + x));{'d0': {'_a0_': 1.4465760889116022, '_a3_': 0.36383430056247396, '_a5_': 0.31192970768803163, '_a1_': 1.0, '_a2_': 1.0, '_a4_': 1.0, '_a6_': 1.0, '_a7_': 1.0}};{'d0': 0.02490583291941664};-280.569866449044;40.296508135469374
21403;-99.9884250890523;(_a0_ * ((x * pow2(((_a5_ ** -(_a3_)) * (x + _a5_)))) + x));{'d0': {'_a0_': 1.4465760889116022, '_a3_': 0.36383430056247396, '_a5_': 0.31192970768803163, '_a1_': 1.0, '_a2_': 1.0, '_a4_': 1.0, '_a6_': 1.0, '_a7_': 1.0}};{'d0': 0.02490583291941664};-280.569866449044;40.296508135469374
21404;-99.9884250890523;(_a0_ * ((x * pow2(((_a5_ ** -(_a3_)) * (x + _a5_)))) + x));{'d0': {'_a0_': 1.4465760889116022, '_a3_': 0.36383430056247396, '_a5_': 0.31192970768803163, '_a1_': 1.0, '_a2_': 1.0, '_a4_': 1.0, '_a6_': 1.0, '_a7_': 1.0}};{'d0': 0.02490583291941664};-280.569866449044;40.296508135469374
21405;-99.9884250890523;(_a0_ * ((x * pow2(((_a5_ ** -(_a3_)) * (x + _a5_)))) + x));{'d0': {'_a0_': 1.4465760889116022, '_a3_': 0.36383430056247396, '_a5_': 0.31192970768803163, '_a1_': 1.0, '_a2_': 1.0, '_a4_': 1.0, '_a6_': 1.0, '_a7_': 1.0}};{'d0': 0.02490583291941664};-280.569866449044;40.296508135469374
21406;-97.9567340789500;((((x + _a5_) * (x / _a7_)) + -(pow3((x * _a5_)))) * _a3_);{'d0': {'_a3_': -5.643739700861773, '_a5_': 0.8426446042840966, '_a7_': -2.6790445370125617, '_a0_': 1.0, '_a1_': 1.0, '_a2_': 1.0, '_a4_': 1.0, '_a6_': 1.0}};{'d0': 0.02490583291941663};-280.569866449044;42.328199145571766
21407;-99.9884250890523;(_a0_ * ((x * pow2(((_a5_ ** -(_a3_)) * (x + _a5_)))) + x));{'d0': {'_a0_': 1.4465760889116022, '_a3_': 0.36383430056247396, '_a5_': 0.31192970768803163, '_a1_': 1.0, '_a2_': 1.0, '_a4_': 1.0, '_a6_': 1.0, '_a7_': 1.0}};{'d0': 0.02490583291941664};-280.569866449044;40.296508135469374
21408;-99.9884250890523;(_a0_ * ((x * pow2(((_a5_ ** -(_a3_)) * (x + _a5_)))) + x));{'d0': {'_a0_': 1.4465760889116022, '_a3_': 0.36383430056247396, '_a5_': 0.31192970768803163, '_a1_': 1.0, '_a2_': 1.0, '_a4_': 1.0, '_a6_': 1.0, '_a7_': 1.0}};{'d0': 0.02490583291941664};-280.569866449044;40.296508135469374
21409;-99.9884250890523;(_a0_ * ((x * pow2(((_a5_ ** -(_a3_)) * (x + _a5_)))) + x));{'d0': {'_a0_': 1.4465760889116022, '_a3_': 0.36383430056247396, '_a5_': 0.31192970768803163, '_a1_': 1.0, '_a2_': 1.0, '_a4_': 1.0, '_a6_': 1.0, '_a7_': 1.0}};{'d0': 0.02490583291941664};-280.569866449044;40.296508135469374
21410;-103.668372249313;(_a0_ * ((x * pow2(((_a5_ ** _a4_) * (x + _a5_)))) + x));{'d0': {'_a0_': 1.4465760889262345, '_a4_': -0.36383430057617505, '_a5_': 0.3119297077044951, '_a1_': 1.0, '_a2_': 1.0, '_a3_': 1.0, '_a6_': 1.0, '_a7_': 1.0}};{'d0': 0.02490583291941669};-280.569866449043;36.616560975208984
21411;-103.668372249313;(_a0_ * ((x * pow2(((_a5_ ** _a4_) * (x + _a5_)))) + x));{'d0': {'_a0_': 1.4465760889262345, '_a4_': -0.36383430057617505, '_a5_': 0.3119297077044951, '_a1_': 1.0, '_a2_': 1.0, '_a3_': 1.0, '_a6_': 1.0, '_a7_': 1.0}};{'d0': 0.02490583291941669};-280.569866449043;36.616560975208984
21412;-103.668372249313;(_a0_ * ((x * pow2(((_a5_ ** _a4_) * (x + _a5_)))) + x));{'d0': {'_a0_': 1.4465760889262345, '_a4_': -0.36383430057617505, '_a5_': 0.3119297077044951, '_a1_': 1.0, '_a2_': 1.0, '_a3_': 1.0, '_a6_': 1.0, '_a7_': 1.0}};{'d0': 0.02490583291941669};-280.569866449043;36.616560975208984
21413;-103.668372249313;(_a0_ * ((x * pow2(((_a5_ ** _a4_) * (x + _a5_)))) + x));{'d0': {'_a0_': 1.4465760889262345, '_a4_': -0.36383430057617505, '_a5_': 0.3119297077044951, '_a1_': 1.0, '_a2_': 1.0, '_a3_': 1.0, '_a6_': 1.0, '_a7_': 1.0}};{'d0': 0.02490583291941669};-280.569866449043;36.616560975208984
21414;-103.668372249313;(_a0_ * ((x * pow2(((_a5_ ** _a4_) * (x + _a5_)))) + x));{'d0': {'_a0_': 1.4465760889262345, '_a4_': -0.36383430057617505, '_a5_': 0.3119297077044951, '_a1_': 1.0, '_a2_': 1.0, '_a3_': 1.0, '_a6_': 1.0, '_a7_': 1.0}};{'d0': 0.02490583291941669};-280.569866449043;36.616560975208984
21415;-103.668372249313;(_a0_ * ((x * pow2(((_a5_ ** _a4_) * (x + _a5_)))) + x));{'d0': {'_a0_': 1.4465760889262345, '_a4_': -0.36383430057617505, '_a5_': 0.3119297077044951, '_a1_': 1.0, '_a2_': 1.0, '_a3_': 1.0, '_a6_': 1.0, '_a7_': 1.0}};{'d0': 0.02490583291941669};-280.569866449043;36.616560975208984
21416;-103.668372249313;(_a0_ * ((x * pow2(((_a5_ ** _a4_) * (x + _a5_)))) + x));{'d0': {'_a0_': 1.4465760889262345, '_a4_': -0.36383430057617505, '_a5_': 0.3119297077044951, '_a1_': 1.0, '_a2_': 1.0, '_a3_': 1.0, '_a6_': 1.0, '_a7_': 1.0}};{'d0': 0.02490583291941669};-280.569866449043;36.616560975208984
21417;-103.668372249313;(_a0_ * ((x * pow2(((_a5_ ** _a4_) * (x + _a5_)))) + x));{'d0': {'_a0_': 1.4465760889262345, '_a4_': -0.36383430057617505, '_a5_': 0.3119297077044951, '_a1_': 1.0, '_a2_': 1.0, '_a3_': 1.0, '_a6_': 1.0, '_a7_': 1.0}};{'d0': 0.02490583291941669};-280.569866449043;36.616560975208984
21418;-103.668372249313;(_a0_ * ((x * pow2(((_a5_ ** _a4_) * (x + _a5_)))) + x));{'d0': {'_a0_': 1.4465760889262345, '_a4_': -0.36383430057617505, '_a5_': 0.3119297077044951, '_a1_': 1.0, '_a2_': 1.0, '_a3_': 1.0, '_a6_': 1.0, '_a7_': 1.0}};{'d0': 0.02490583291941669};-280.569866449043;36.616560975208984
21419;-103.668372249313;(_a0_ * ((x * pow2(((_a5_ ** _a4_) * (x + _a5_)))) + x));{'d0': {'_a0_': 1.4465760889262345, '_a4_': -0.36383430057617505, '_a5_': 0.3119297077044951, '_a1_': 1.0, '_a2_': 1.0, '_a3_': 1.0, '_a6_': 1.0, '_a7_': 1.0}};{'d0': 0.02490583291941669};-280.569866449043;36.616560975208984
21420;-103.668372249313;(_a0_ * ((x * pow2(((_a5_ ** _a4_) * (x + _a5_)))) + x));{'d0': {'_a0_': 1.4465760889262345, '_a4_': -0.36383430057617505, '_a5_': 0.3119297077044951, '_a1_': 1.0, '_a2_': 1.0, '_a3_': 1.0, '_a6_': 1.0, '_a7_': 1.0}};{'d0': 0.02490583291941669};-280.569866449043;36.616560975208984
21421;-103.668372249313;(_a0_ * ((x * pow2(((_a5_ ** _a4_) * (x + _a5_)))) + x));{'d0': {'_a0_': 1.4465760889262345, '_a4_': -0.36383430057617505, '_a5_': 0.3119297077044951, '_a1_': 1.0, '_a2_': 1.0, '_a3_': 1.0, '_a6_': 1.0, '_a7_': 1.0}};{'d0': 0.02490583291941669};-280.569866449043;36.616560975208984
21422;-103.668372249313;(_a0_ * ((x * pow2(((_a5_ ** _a4_) * (x + _a5_)))) + x));{'d0': {'_a0_': 1.4465760889262345, '_a4_': -0.36383430057617505, '_a5_': 0.3119297077044951, '_a1_': 1.0, '_a2_': 1.0, '_a3_': 1.0, '_a6_': 1.0, '_a7_': 1.0}};{'d0': 0.02490583291941669};-280.569866449043;36.616560975208984
21423;-103.668372249313;(_a0_ * ((x * pow2(((_a5_ ** _a4_) * (x + _a5_)))) + x));{'d0': {'_a0_': 1.4465760889262345, '_a4_': -0.36383430057617505, '_a5_': 0.3119297077044951, '_a1_': 1.0, '_a2_': 1.0, '_a3_': 1.0, '_a6_': 1.0, '_a7_': 1.0}};{'d0': 0.02490583291941669};-280.569866449043;36.616560975208984
21424;-103.668372249313;(_a0_ * ((x * pow2(((_a5_ ** _a4_) * (x + _a5_)))) + x));{'d0': {'_a0_': 1.4465760889262345, '_a4_': -0.36383430057617505, '_a5_': 0.3119297077044951, '_a1_': 1.0, '_a2_': 1.0, '_a3_': 1.0, '_a6_': 1.0, '_a7_': 1.0}};{'d0': 0.02490583291941669};-280.569866449043;36.616560975208984
21425;-103.668372249313;(_a0_ * ((x * pow2(((_a5_ ** _a4_) * (x + _a5_)))) + x));{'d0': {'_a0_': 1.4465760889262345, '_a4_': -0.36383430057617505, '_a5_': 0.3119297077044951, '_a1_': 1.0, '_a2_': 1.0, '_a3_': 1.0, '_a6_': 1.0, '_a7_': 1.0}};{'d0': 0.02490583291941669};-280.569866449043;36.616560975208984
21426;-103.668372249313;(_a0_ * ((x * pow2(((_a5_ ** _a4_) * (x + _a5_)))) + x));{'d0': {'_a0_': 1.4465760889262345, '_a4_': -0.36383430057617505, '_a5_': 0.3119297077044951, '_a1_': 1.0, '_a2_': 1.0, '_a3_': 1.0, '_a6_': 1.0, '_a7_': 1.0}};{'d0': 0.02490583291941669};-280.569866449043;36.616560975208984
21427;-103.668372249313;(_a0_ * ((x * pow2(((_a5_ ** _a4_) * (x + _a5_)))) + x));{'d0': {'_a0_': 1.4465760889262345, '_a4_': -0.36383430057617505, '_a5_': 0.3119297077044951, '_a1_': 1.0, '_a2_': 1.0, '_a3_': 1.0, '_a6_': 1.0, '_a7_': 1.0}};{'d0': 0.02490583291941669};-280.569866449043;36.616560975208984
21428;-103.668372249313;(_a0_ * ((x * pow2(((_a5_ ** _a4_) * (x + _a5_)))) + x));{'d0': {'_a0_': 1.4465760889262345, '_a4_': -0.36383430057617505, '_a5_': 0.3119297077044951, '_a1_': 1.0, '_a2_': 1.0, '_a3_': 1.0, '_a6_': 1.0, '_a7_': 1.0}};{'d0': 0.02490583291941669};-280.569866449043;36.616560975208984
21429;-103.668372249313;(_a0_ * ((x * pow2(((_a5_ ** _a4_) * (x + _a5_)))) + x));{'d0': {'_a0_': 1.4465760889262345, '_a4_': -0.36383430057617505, '_a5_': 0.3119297077044951, '_a1_': 1.0, '_a2_': 1.0, '_a3_': 1.0, '_a6_': 1.0, '_a7_': 1.0}};{'d0': 0.02490583291941669};-280.569866449043;36.616560975208984
21430;-103.668372249313;(_a0_ * ((x * pow2(((_a5_ ** _a4_) * (x + _a5_)))) + x));{'d0': {'_a0_': 1.4465760889262345, '_a4_': -0.36383430057617505, '_a5_': 0.3119297077044951, '_a1_': 1.0, '_a2_': 1.0, '_a3_': 1.0, '_a6_': 1.0, '_a7_': 1.0}};{'d0': 0.02490583291941669};-280.569866449043;36.616560975208984
21431;-103.668372249313;(_a0_ * ((x * pow2(((_a5_ ** _a4_) * (x + _a5_)))) + x));{'d0': {'_a0_': 1.4465760889262345, '_a4_': -0.36383430057617505, '_a5_': 0.3119297077044951, '_a1_': 1.0, '_a2_': 1.0, '_a3_': 1.0, '_a6_': 1.0, '_a7_': 1.0}};{'d0': 0.02490583291941669};-280.569866449043;36.616560975208984
21432;-103.668372249313;(_a0_ * ((x * pow2(((_a5_ ** _a4_) * (x + _a5_)))) + x));{'d0': {'_a0_': 1.4465760889262345, '_a4_': -0.36383430057617505, '_a5_': 0.3119297077044951, '_a1_': 1.0, '_a2_': 1.0, '_a3_': 1.0, '_a6_': 1.0, '_a7_': 1.0}};{'d0': 0.02490583291941669};-280.569866449043;36.616560975208984
21433;-103.668372249313;(_a0_ * ((x * pow2(((_a5_ ** _a4_) * (x + _a5_)))) + x));{'d0': {'_a0_': 1.4465760889262345, '_a4_': -0.36383430057617505, '_a5_': 0.3119297077044951, '_a1_': 1.0, '_a2_': 1.0, '_a3_': 1.0, '_a6_': 1.0, '_a7_': 1.0}};{'d0': 0.02490583291941669};-280.569866449043;36.616560975208984
21434;-103.668372249313;(_a0_ * ((x * pow2(((_a5_ ** _a4_) * (x + _a5_)))) + x));{'d0': {'_a0_': 1.4465760889262345, '_a4_': -0.36383430057617505, '_a5_': 0.3119297077044951, '_a1_': 1.0, '_a2_': 1.0, '_a3_': 1.0, '_a6_': 1.0, '_a7_': 1.0}};{'d0': 0.02490583291941669};-280.569866449043;36.616560975208984
21435;-103.668372249313;(_a0_ * ((x * pow2(((_a5_ ** _a4_) * (x + _a5_)))) + x));{'d0': {'_a0_': 1.4465760889262345, '_a4_': -0.36383430057617505, '_a5_': 0.3119297077044951, '_a1_': 1.0, '_a2_': 1.0, '_a3_': 1.0, '_a6_': 1.0, '_a7_': 1.0}};{'d0': 0.02490583291941669};-280.569866449043;36.616560975208984
21436;-103.668372249313;(_a0_ * ((x * pow2(((_a5_ ** _a4_) * (x + _a5_)))) + x));{'d0': {'_a0_': 1.4465760889262345, '_a4_': -0.36383430057617505, '_a5_': 0.3119297077044951, '_a1_': 1.0, '_a2_': 1.0, '_a3_': 1.0, '_a6_': 1.0, '_a7_': 1.0}};{'d0': 0.02490583291941669};-280.569866449043;36.616560975208984
21437;-103.668372249313;(_a0_ * ((x * pow2(((_a5_ ** _a4_) * (x + _a5_)))) + x));{'d0': {'_a0_': 1.4465760889262345, '_a4_': -0.36383430057617505, '_a5_': 0.3119297077044951, '_a1_': 1.0, '_a2_': 1.0, '_a3_': 1.0, '_a6_': 1.0, '_a7_': 1.0}};{'d0': 0.02490583291941669};-280.569866449043;36.616560975208984
21438;-103.668372249313;(_a0_ * ((x * pow2(((_a5_ ** _a4_) * (x + _a5_)))) + x));{'d0': {'_a0_': 1.4465760889262345, '_a4_': -0.36383430057617505, '_a5_': 0.3119297077044951, '_a1_': 1.0, '_a2_': 1.0, '_a3_': 1.0, '_a6_': 1.0, '_a7_': 1.0}};{'d0': 0.02490583291941669};-280.569866449043;36.616560975208984
21439;-103.668372249313;(_a0_ * ((x * pow2(((_a5_ ** _a4_) * (x + _a5_)))) + x));{'d0': {'_a0_': 1.4465760889262345, '_a4_': -0.36383430057617505, '_a5_': 0.3119297077044951, '_a1_': 1.0, '_a2_': 1.0, '_a3_': 1.0, '_a6_': 1.0, '_a7_': 1.0}};{'d0': 0.02490583291941669};-280.569866449043;36.616560975208984
21440;-103.668372249313;(_a0_ * ((x * pow2(((_a5_ ** _a4_) * (x + _a5_)))) + x));{'d0': {'_a0_': 1.4465760889262345, '_a4_': -0.36383430057617505, '_a5_': 0.3119297077044951, '_a1_': 1.0, '_a2_': 1.0, '_a3_': 1.0, '_a6_': 1.0, '_a7_': 1.0}};{'d0': 0.02490583291941669};-280.569866449043;36.616560975208984
21441;-103.668372249313;(_a0_ * ((x * pow2(((_a5_ ** _a4_) * (x + _a5_)))) + x));{'d0': {'_a0_': 1.4465760889262345, '_a4_': -0.36383430057617505, '_a5_': 0.3119297077044951, '_a1_': 1.0, '_a2_': 1.0, '_a3_': 1.0, '_a6_': 1.0, '_a7_': 1.0}};{'d0': 0.02490583291941669};-280.569866449043;36.616560975208984
21442;-103.668372249313;(_a0_ * ((x * pow2(((_a5_ ** _a4_) * (x + _a5_)))) + x));{'d0': {'_a0_': 1.4465760889262345, '_a4_': -0.36383430057617505, '_a5_': 0.3119297077044951, '_a1_': 1.0, '_a2_': 1.0, '_a3_': 1.0, '_a6_': 1.0, '_a7_': 1.0}};{'d0': 0.02490583291941669};-280.569866449043;36.616560975208984
21443;-103.668372249313;(_a0_ * ((x * pow2(((_a5_ ** _a4_) * (x + _a5_)))) + x));{'d0': {'_a0_': 1.4465760889262345, '_a4_': -0.36383430057617505, '_a5_': 0.3119297077044951, '_a1_': 1.0, '_a2_': 1.0, '_a3_': 1.0, '_a6_': 1.0, '_a7_': 1.0}};{'d0': 0.02490583291941669};-280.569866449043;36.616560975208984
21444;-103.668372249313;(_a0_ * ((x * pow2(((_a5_ ** _a4_) * (x + _a5_)))) + x));{'d0': {'_a0_': 1.4465760889262345, '_a4_': -0.36383430057617505, '_a5_': 0.3119297077044951, '_a1_': 1.0, '_a2_': 1.0, '_a3_': 1.0, '_a6_': 1.0, '_a7_': 1.0}};{'d0': 0.02490583291941669};-280.569866449043;36.616560975208984
21445;-103.668372249313;(_a0_ * ((x * pow2(((_a5_ ** _a4_) * (x + _a5_)))) + x));{'d0': {'_a0_': 1.4465760889262345, '_a4_': -0.36383430057617505, '_a5_': 0.3119297077044951, '_a1_': 1.0, '_a2_': 1.0, '_a3_': 1.0, '_a6_': 1.0, '_a7_': 1.0}};{'d0': 0.02490583291941669};-280.569866449043;36.616560975208984
21446;-103.668372249313;(_a0_ * ((x * pow2(((_a5_ ** _a4_) * (x + _a5_)))) + x));{'d0': {'_a0_': 1.4465760889262345, '_a4_': -0.36383430057617505, '_a5_': 0.3119297077044951, '_a1_': 1.0, '_a2_': 1.0, '_a3_': 1.0, '_a6_': 1.0, '_a7_': 1.0}};{'d0': 0.02490583291941669};-280.569866449043;36.616560975208984
21447;-103.668372249313;(_a0_ * ((x * pow2(((_a5_ ** _a4_) * (x + _a5_)))) + x));{'d0': {'_a0_': 1.4465760889262345, '_a4_': -0.36383430057617505, '_a5_': 0.3119297077044951, '_a1_': 1.0, '_a2_': 1.0, '_a3_': 1.0, '_a6_': 1.0, '_a7_': 1.0}};{'d0': 0.02490583291941669};-280.569866449043;36.616560975208984
21448;-103.668372249313;(_a0_ * ((x * pow2(((_a5_ ** _a4_) * (x + _a5_)))) + x));{'d0': {'_a0_': 1.4465760889262345, '_a4_': -0.36383430057617505, '_a5_': 0.3119297077044951, '_a1_': 1.0, '_a2_': 1.0, '_a3_': 1.0, '_a6_': 1.0, '_a7_': 1.0}};{'d0': 0.02490583291941669};-280.569866449043;36.616560975208984
21449;-103.668372249313;(_a0_ * ((x * pow2(((_a5_ ** _a4_) * (x + _a5_)))) + x));{'d0': {'_a0_': 1.4465760889262345, '_a4_': -0.36383430057617505, '_a5_': 0.3119297077044951, '_a1_': 1.0, '_a2_': 1.0, '_a3_': 1.0, '_a6_': 1.0, '_a7_': 1.0}};{'d0': 0.02490583291941669};-280.569866449043;36.616560975208984
21450;-103.668372249313;(_a0_ * ((x * pow2(((_a5_ ** _a4_) * (x + _a5_)))) + x));{'d0': {'_a0_': 1.4465760889262345, '_a4_': -0.36383430057617505, '_a5_': 0.3119297077044951, '_a1_': 1.0, '_a2_': 1.0, '_a3_': 1.0, '_a6_': 1.0, '_a7_': 1.0}};{'d0': 0.02490583291941669};-280.569866449043;36.616560975208984
21451;-103.668372249313;(_a0_ * ((x * pow2(((_a5_ ** _a4_) * (x + _a5_)))) + x));{'d0': {'_a0_': 1.4465760889262345, '_a4_': -0.36383430057617505, '_a5_': 0.3119297077044951, '_a1_': 1.0, '_a2_': 1.0, '_a3_': 1.0, '_a6_': 1.0, '_a7_': 1.0}};{'d0': 0.02490583291941669};-280.569866449043;36.616560975208984
21452;-103.668372249313;(_a0_ * ((x * pow2(((_a5_ ** _a4_) * (x + _a5_)))) + x));{'d0': {'_a0_': 1.4465760889262345, '_a4_': -0.36383430057617505, '_a5_': 0.3119297077044951, '_a1_': 1.0, '_a2_': 1.0, '_a3_': 1.0, '_a6_': 1.0, '_a7_': 1.0}};{'d0': 0.02490583291941669};-280.569866449043;36.616560975208984
21453;-103.668372249313;(_a0_ * ((x * pow2(((_a5_ ** _a4_) * (x + _a5_)))) + x));{'d0': {'_a0_': 1.4465760889262345, '_a4_': -0.36383430057617505, '_a5_': 0.3119297077044951, '_a1_': 1.0, '_a2_': 1.0, '_a3_': 1.0, '_a6_': 1.0, '_a7_': 1.0}};{'d0': 0.02490583291941669};-280.569866449043;36.616560975208984
21454;-103.668372249313;(_a0_ * ((x * pow2(((_a5_ ** _a4_) * (x + _a5_)))) + x));{'d0': {'_a0_': 1.4465760889262345, '_a4_': -0.36383430057617505, '_a5_': 0.3119297077044951, '_a1_': 1.0, '_a2_': 1.0, '_a3_': 1.0, '_a6_': 1.0, '_a7_': 1.0}};{'d0': 0.02490583291941669};-280.569866449043;36.616560975208984
21455;-103.668372249313;(_a0_ * ((x * pow2(((_a5_ ** _a4_) * (x + _a5_)))) + x));{'d0': {'_a0_': 1.4465760889262345, '_a4_': -0.36383430057617505, '_a5_': 0.3119297077044951, '_a1_': 1.0, '_a2_': 1.0, '_a3_': 1.0, '_a6_': 1.0, '_a7_': 1.0}};{'d0': 0.02490583291941669};-280.569866449043;36.616560975208984
21456;-103.668372249313;(_a0_ * ((x * pow2(((_a5_ ** _a4_) * (x + _a5_)))) + x));{'d0': {'_a0_': 1.4465760889262345, '_a4_': -0.36383430057617505, '_a5_': 0.3119297077044951, '_a1_': 1.0, '_a2_': 1.0, '_a3_': 1.0, '_a6_': 1.0, '_a7_': 1.0}};{'d0': 0.02490583291941669};-280.569866449043;36.616560975208984
21457;-103.668372249313;(_a0_ * ((x * pow2(((_a5_ ** _a4_) * (x + _a5_)))) + x));{'d0': {'_a0_': 1.4465760889262345, '_a4_': -0.36383430057617505, '_a5_': 0.3119297077044951, '_a1_': 1.0, '_a2_': 1.0, '_a3_': 1.0, '_a6_': 1.0, '_a7_': 1.0}};{'d0': 0.02490583291941669};-280.569866449043;36.616560975208984
21458;-103.668372249313;(_a0_ * ((x * pow2(((_a5_ ** _a4_) * (x + _a5_)))) + x));{'d0': {'_a0_': 1.4465760889262345, '_a4_': -0.36383430057617505, '_a5_': 0.3119297077044951, '_a1_': 1.0, '_a2_': 1.0, '_a3_': 1.0, '_a6_': 1.0, '_a7_': 1.0}};{'d0': 0.02490583291941669};-280.569866449043;36.616560975208984
21459;-103.668372249313;(_a0_ * ((x * pow2(((_a5_ ** _a4_) * (x + _a5_)))) + x));{'d0': {'_a0_': 1.4465760889262345, '_a4_': -0.36383430057617505, '_a5_': 0.3119297077044951, '_a1_': 1.0, '_a2_': 1.0, '_a3_': 1.0, '_a6_': 1.0, '_a7_': 1.0}};{'d0': 0.02490583291941669};-280.569866449043;36.616560975208984
21460;-103.668372249313;(_a0_ * ((x * pow2(((_a5_ ** _a4_) * (x + _a5_)))) + x));{'d0': {'_a0_': 1.4465760889262345, '_a4_': -0.36383430057617505, '_a5_': 0.3119297077044951, '_a1_': 1.0, '_a2_': 1.0, '_a3_': 1.0, '_a6_': 1.0, '_a7_': 1.0}};{'d0': 0.02490583291941669};-280.569866449043;36.616560975208984
21461;-103.668372249313;(_a0_ * ((x * pow2(((_a5_ ** _a4_) * (x + _a5_)))) + x));{'d0': {'_a0_': 1.4465760889262345, '_a4_': -0.36383430057617505, '_a5_': 0.3119297077044951, '_a1_': 1.0, '_a2_': 1.0, '_a3_': 1.0, '_a6_': 1.0, '_a7_': 1.0}};{'d0': 0.02490583291941669};-280.569866449043;36.616560975208984
21462;-103.668372249313;(_a0_ * ((x * pow2(((_a5_ ** _a4_) * (x + _a5_)))) + x));{'d0': {'_a0_': 1.4465760889262345, '_a4_': -0.36383430057617505, '_a5_': 0.3119297077044951, '_a1_': 1.0, '_a2_': 1.0, '_a3_': 1.0, '_a6_': 1.0, '_a7_': 1.0}};{'d0': 0.02490583291941669};-280.569866449043;36.616560975208984
21463;-103.668372249313;(_a0_ * ((x * pow2(((_a5_ ** _a4_) * (x + _a5_)))) + x));{'d0': {'_a0_': 1.4465760889262345, '_a4_': -0.36383430057617505, '_a5_': 0.3119297077044951, '_a1_': 1.0, '_a2_': 1.0, '_a3_': 1.0, '_a6_': 1.0, '_a7_': 1.0}};{'d0': 0.02490583291941669};-280.569866449043;36.616560975208984
21464;-103.668372249313;(_a0_ * ((x * pow2(((_a5_ ** _a4_) * (x + _a5_)))) + x));{'d0': {'_a0_': 1.4465760889262345, '_a4_': -0.36383430057617505, '_a5_': 0.3119297077044951, '_a1_': 1.0, '_a2_': 1.0, '_a3_': 1.0, '_a6_': 1.0, '_a7_': 1.0}};{'d0': 0.02490583291941669};-280.569866449043;36.616560975208984
21465;-103.668372249313;(_a0_ * ((x * pow2(((_a5_ ** _a4_) * (x + _a5_)))) + x));{'d0': {'_a0_': 1.4465760889262345, '_a4_': -0.36383430057617505, '_a5_': 0.3119297077044951, '_a1_': 1.0, '_a2_': 1.0, '_a3_': 1.0, '_a6_': 1.0, '_a7_': 1.0}};{'d0': 0.02490583291941669};-280.569866449043;36.616560975208984
21466;-103.668372249313;(_a0_ * ((x * pow2(((_a5_ ** _a4_) * (x + _a5_)))) + x));{'d0': {'_a0_': 1.4465760889262345, '_a4_': -0.36383430057617505, '_a5_': 0.3119297077044951, '_a1_': 1.0, '_a2_': 1.0, '_a3_': 1.0, '_a6_': 1.0, '_a7_': 1.0}};{'d0': 0.02490583291941669};-280.569866449043;36.616560975208984
21467;-103.668372249313;(_a0_ * ((x * pow2(((_a5_ ** _a4_) * (x + _a5_)))) + x));{'d0': {'_a0_': 1.4465760889262345, '_a4_': -0.36383430057617505, '_a5_': 0.3119297077044951, '_a1_': 1.0, '_a2_': 1.0, '_a3_': 1.0, '_a6_': 1.0, '_a7_': 1.0}};{'d0': 0.02490583291941669};-280.569866449043;36.616560975208984
21468;-103.668372249313;(_a0_ * ((x * pow2(((_a5_ ** _a4_) * (x + _a5_)))) + x));{'d0': {'_a0_': 1.4465760889262345, '_a4_': -0.36383430057617505, '_a5_': 0.3119297077044951, '_a1_': 1.0, '_a2_': 1.0, '_a3_': 1.0, '_a6_': 1.0, '_a7_': 1.0}};{'d0': 0.02490583291941669};-280.569866449043;36.616560975208984
21469;-103.668372249313;(_a0_ * ((x * pow2(((_a5_ ** _a4_) * (x + _a5_)))) + x));{'d0': {'_a0_': 1.4465760889262345, '_a4_': -0.36383430057617505, '_a5_': 0.3119297077044951, '_a1_': 1.0, '_a2_': 1.0, '_a3_': 1.0, '_a6_': 1.0, '_a7_': 1.0}};{'d0': 0.02490583291941669};-280.569866449043;36.616560975208984
21470;-103.668372249313;(_a0_ * ((x * pow2(((_a5_ ** _a4_) * (x + _a5_)))) + x));{'d0': {'_a0_': 1.4465760889262345, '_a4_': -0.36383430057617505, '_a5_': 0.3119297077044951, '_a1_': 1.0, '_a2_': 1.0, '_a3_': 1.0, '_a6_': 1.0, '_a7_': 1.0}};{'d0': 0.02490583291941669};-280.569866449043;36.616560975208984
21471;-103.668372249313;(_a0_ * ((x * pow2(((_a5_ ** _a4_) * (x + _a5_)))) + x));{'d0': {'_a0_': 1.4465760889262345, '_a4_': -0.36383430057617505, '_a5_': 0.3119297077044951, '_a1_': 1.0, '_a2_': 1.0, '_a3_': 1.0, '_a6_': 1.0, '_a7_': 1.0}};{'d0': 0.02490583291941669};-280.569866449043;36.616560975208984
21472;-103.668372249313;(_a0_ * ((x * pow2(((_a5_ ** _a4_) * (x + _a5_)))) + x));{'d0': {'_a0_': 1.4465760889262345, '_a4_': -0.36383430057617505, '_a5_': 0.3119297077044951, '_a1_': 1.0, '_a2_': 1.0, '_a3_': 1.0, '_a6_': 1.0, '_a7_': 1.0}};{'d0': 0.02490583291941669};-280.569866449043;36.616560975208984
21473;-103.668372249313;(_a0_ * ((x * pow2(((_a5_ ** _a4_) * (x + _a5_)))) + x));{'d0': {'_a0_': 1.4465760889262345, '_a4_': -0.36383430057617505, '_a5_': 0.3119297077044951, '_a1_': 1.0, '_a2_': 1.0, '_a3_': 1.0, '_a6_': 1.0, '_a7_': 1.0}};{'d0': 0.02490583291941669};-280.569866449043;36.616560975208984
21474;-103.668372249313;(_a0_ * ((x * pow2(((_a5_ ** _a4_) * (x + _a5_)))) + x));{'d0': {'_a0_': 1.4465760889262345, '_a4_': -0.36383430057617505, '_a5_': 0.3119297077044951, '_a1_': 1.0, '_a2_': 1.0, '_a3_': 1.0, '_a6_': 1.0, '_a7_': 1.0}};{'d0': 0.02490583291941669};-280.569866449043;36.616560975208984
21475;-103.668372249313;(_a0_ * ((x * pow2(((_a5_ ** _a4_) * (x + _a5_)))) + x));{'d0': {'_a0_': 1.4465760889262345, '_a4_': -0.36383430057617505, '_a5_': 0.3119297077044951, '_a1_': 1.0, '_a2_': 1.0, '_a3_': 1.0, '_a6_': 1.0, '_a7_': 1.0}};{'d0': 0.02490583291941669};-280.569866449043;36.616560975208984
21476;-103.668372249313;(_a0_ * ((x * pow2(((_a5_ ** _a4_) * (x + _a5_)))) + x));{'d0': {'_a0_': 1.4465760889262345, '_a4_': -0.36383430057617505, '_a5_': 0.3119297077044951, '_a1_': 1.0, '_a2_': 1.0, '_a3_': 1.0, '_a6_': 1.0, '_a7_': 1.0}};{'d0': 0.02490583291941669};-280.569866449043;36.616560975208984
21477;-103.668372249313;(_a0_ * ((x * pow2(((_a5_ ** _a4_) * (x + _a5_)))) + x));{'d0': {'_a0_': 1.4465760889262345, '_a4_': -0.36383430057617505, '_a5_': 0.3119297077044951, '_a1_': 1.0, '_a2_': 1.0, '_a3_': 1.0, '_a6_': 1.0, '_a7_': 1.0}};{'d0': 0.02490583291941669};-280.569866449043;36.616560975208984
21478;-103.668372249313;(_a0_ * ((x * pow2(((_a5_ ** _a4_) * (x + _a5_)))) + x));{'d0': {'_a0_': 1.4465760889262345, '_a4_': -0.36383430057617505, '_a5_': 0.3119297077044951, '_a1_': 1.0, '_a2_': 1.0, '_a3_': 1.0, '_a6_': 1.0, '_a7_': 1.0}};{'d0': 0.02490583291941669};-280.569866449043;36.616560975208984
21479;-103.668372249313;(_a0_ * ((x * pow2(((_a5_ ** _a4_) * (x + _a5_)))) + x));{'d0': {'_a0_': 1.4465760889262345, '_a4_': -0.36383430057617505, '_a5_': 0.3119297077044951, '_a1_': 1.0, '_a2_': 1.0, '_a3_': 1.0, '_a6_': 1.0, '_a7_': 1.0}};{'d0': 0.02490583291941669};-280.569866449043;36.616560975208984
21480;-95.9095617973722;((((x + _a6_) * (x / _a7_)) + -(pow3((x * _a5_)))) * _a3_);{'d0': {'_a3_': 0.990647306072457, '_a5_': -1.5049673252726226, '_a6_': 0.8426446040741044, '_a7_': 0.4702534832415203, '_a0_': 1.0, '_a1_': 1.0, '_a2_': 1.0, '_a4_': 1.0}};{'d0': 0.024905832919804114};-276.475521885888;42.328199145571766
21481;-95.9095617973722;((((x + _a6_) * (x / _a7_)) + -(pow3((x * _a5_)))) * _a3_);{'d0': {'_a3_': 0.990647306072457, '_a5_': -1.5049673252726226, '_a6_': 0.8426446040741044, '_a7_': 0.4702534832415203, '_a0_': 1.0, '_a1_': 1.0, '_a2_': 1.0, '_a4_': 1.0}};{'d0': 0.024905832919804114};-276.475521885888;42.328199145571766
21482;-95.9095617973722;((((x + _a6_) * (x / _a7_)) + -(pow3((x * _a5_)))) * _a3_);{'d0': {'_a3_': 0.990647306072457, '_a5_': -1.5049673252726226, '_a6_': 0.8426446040741044, '_a7_': 0.4702534832415203, '_a0_': 1.0, '_a1_': 1.0, '_a2_': 1.0, '_a4_': 1.0}};{'d0': 0.024905832919804114};-276.475521885888;42.328199145571766
21483;-95.9095617973722;((((x + _a6_) * (x / _a7_)) + -(pow3((x * _a5_)))) * _a3_);{'d0': {'_a3_': 0.990647306072457, '_a5_': -1.5049673252726226, '_a6_': 0.8426446040741044, '_a7_': 0.4702534832415203, '_a0_': 1.0, '_a1_': 1.0, '_a2_': 1.0, '_a4_': 1.0}};{'d0': 0.024905832919804114};-276.475521885888;42.328199145571766
21484;-95.9095617973722;((((x + _a6_) * (x / _a7_)) + -(pow3((x * _a5_)))) * _a3_);{'d0': {'_a3_': 0.990647306072457, '_a5_': -1.5049673252726226, '_a6_': 0.8426446040741044, '_a7_': 0.4702534832415203, '_a0_': 1.0, '_a1_': 1.0, '_a2_': 1.0, '_a4_': 1.0}};{'d0': 0.024905832919804114};-276.475521885888;42.328199145571766
21485;-95.9095617973722;((((x + _a6_) * (x / _a7_)) + -(pow3((x * _a5_)))) * _a3_);{'d0': {'_a3_': 0.990647306072457, '_a5_': -1.5049673252726226, '_a6_': 0.8426446040741044, '_a7_': 0.4702534832415203, '_a0_': 1.0, '_a1_': 1.0, '_a2_': 1.0, '_a4_': 1.0}};{'d0': 0.024905832919804114};-276.475521885888;42.328199145571766
21486;-95.9095617973722;((((x + _a6_) * (x / _a7_)) + -(pow3((x * _a5_)))) * _a3_);{'d0': {'_a3_': 0.990647306072457, '_a5_': -1.5049673252726226, '_a6_': 0.8426446040741044, '_a7_': 0.4702534832415203, '_a0_': 1.0, '_a1_': 1.0, '_a2_': 1.0, '_a4_': 1.0}};{'d0': 0.024905832919804114};-276.475521885888;42.328199145571766
21487;-95.9095617973722;((((x + _a6_) * (x / _a7_)) + -(pow3((x * _a5_)))) * _a3_);{'d0': {'_a3_': 0.990647306072457, '_a5_': -1.5049673252726226, '_a6_': 0.8426446040741044, '_a7_': 0.4702534832415203, '_a0_': 1.0, '_a1_': 1.0, '_a2_': 1.0, '_a4_': 1.0}};{'d0': 0.024905832919804114};-276.475521885888;42.328199145571766
21488;-95.9095617973722;((((x + _a6_) * (x / _a7_)) + -(pow3((x * _a5_)))) * _a3_);{'d0': {'_a3_': 0.990647306072457, '_a5_': -1.5049673252726226, '_a6_': 0.8426446040741044, '_a7_': 0.4702534832415203, '_a0_': 1.0, '_a1_': 1.0, '_a2_': 1.0, '_a4_': 1.0}};{'d0': 0.024905832919804114};-276.475521885888;42.328199145571766
21489;-94.8904662411884;((((x + _a6_) * (x / _a7_)) + -(pow3((x * _a5_)))) + _a3_);{'d0': {'_a3_': -0.0010241900072844715, '_a5_': -1.5011129799514782, '_a6_': 0.8400506412245118, '_a7_': 0.4733602999588166, '_a0_': 1.0, '_a1_': 1.0, '_a2_': 1.0, '_a4_': 1.0}};{'d0': 0.02488548250186773};-276.524567593310;43.37181755546676
21490;-94.8904662411884;((((x + _a6_) * (x / _a7_)) + -(pow3((x * _a5_)))) + _a3_);{'d0': {'_a3_': -0.0010241900072844715, '_a5_': -1.5011129799514782, '_a6_': 0.8400506412245118, '_a7_': 0.4733602999588166, '_a0_': 1.0, '_a1_': 1.0, '_a2_': 1.0, '_a4_': 1.0}};{'d0': 0.02488548250186773};-276.524567593310;43.37181755546676
21491;-94.8904662411884;((((x + _a6_) * (x / _a7_)) + -(pow3((x * _a5_)))) + _a3_);{'d0': {'_a3_': -0.0010241900072844715, '_a5_': -1.5011129799514782, '_a6_': 0.8400506412245118, '_a7_': 0.4733602999588166, '_a0_': 1.0, '_a1_': 1.0, '_a2_': 1.0, '_a4_': 1.0}};{'d0': 0.02488548250186773};-276.524567593310;43.37181755546676
21492;-94.8904662411884;((((x + _a6_) * (x / _a7_)) + -(pow3((x * _a5_)))) + _a3_);{'d0': {'_a3_': -0.0010241900072844715, '_a5_': -1.5011129799514782, '_a6_': 0.8400506412245118, '_a7_': 0.4733602999588166, '_a0_': 1.0, '_a1_': 1.0, '_a2_': 1.0, '_a4_': 1.0}};{'d0': 0.02488548250186773};-276.524567593310;43.37181755546676
21493;-94.8904662411884;((((x + _a6_) * (x / _a7_)) + -(pow3((x * _a5_)))) + _a3_);{'d0': {'_a3_': -0.0010241900072844715, '_a5_': -1.5011129799514782, '_a6_': 0.8400506412245118, '_a7_': 0.4733602999588166, '_a0_': 1.0, '_a1_': 1.0, '_a2_': 1.0, '_a4_': 1.0}};{'d0': 0.02488548250186773};-276.524567593310;43.37181755546676
21494;-94.8904662411884;((((x + _a6_) * (x / _a7_)) + -(pow3((x * _a5_)))) + _a3_);{'d0': {'_a3_': -0.0010241900072844715, '_a5_': -1.5011129799514782, '_a6_': 0.8400506412245118, '_a7_': 0.4733602999588166, '_a0_': 1.0, '_a1_': 1.0, '_a2_': 1.0, '_a4_': 1.0}};{'d0': 0.02488548250186773};-276.524567593310;43.37181755546676
21495;-94.8904662411884;((((x + _a6_) * (x / _a7_)) + -(pow3((x * _a5_)))) + _a3_);{'d0': {'_a3_': -0.0010241900072844715, '_a5_': -1.5011129799514782, '_a6_': 0.8400506412245118, '_a7_': 0.4733602999588166, '_a0_': 1.0, '_a1_': 1.0, '_a2_': 1.0, '_a4_': 1.0}};{'d0': 0.02488548250186773};-276.524567593310;43.37181755546676
21496;-94.8904662411884;((((x + _a6_) * (x / _a7_)) + -(pow3((x * _a5_)))) + _a3_);{'d0': {'_a3_': -0.0010241900072844715, '_a5_': -1.5011129799514782, '_a6_': 0.8400506412245118, '_a7_': 0.4733602999588166, '_a0_': 1.0, '_a1_': 1.0, '_a2_': 1.0, '_a4_': 1.0}};{'d0': 0.02488548250186773};-276.524567593310;43.37181755546676
21497;-94.8904662411884;((((x + _a6_) * (x / _a7_)) + -(pow3((x * _a5_)))) + _a3_);{'d0': {'_a3_': -0.0010241900072844715, '_a5_': -1.5011129799514782, '_a6_': 0.8400506412245118, '_a7_': 0.4733602999588166, '_a0_': 1.0, '_a1_': 1.0, '_a2_': 1.0, '_a4_': 1.0}};{'d0': 0.02488548250186773};-276.524567593310;43.37181755546676
21498;-94.8904662411884;((((x + _a6_) * (x / _a7_)) + -(pow3((x * _a5_)))) + _a3_);{'d0': {'_a3_': -0.0010241900072844715, '_a5_': -1.5011129799514782, '_a6_': 0.8400506412245118, '_a7_': 0.4733602999588166, '_a0_': 1.0, '_a1_': 1.0, '_a2_': 1.0, '_a4_': 1.0}};{'d0': 0.02488548250186773};-276.524567593310;43.37181755546676
21499;-94.8904662411884;((((x + _a6_) * (x / _a7_)) + -(pow3((x * _a5_)))) + _a3_);{'d0': {'_a3_': -0.0010241900072844715, '_a5_': -1.5011129799514782, '_a6_': 0.8400506412245118, '_a7_': 0.4733602999588166, '_a0_': 1.0, '_a1_': 1.0, '_a2_': 1.0, '_a4_': 1.0}};{'d0': 0.02488548250186773};-276.524567593310;43.37181755546676
21500;-94.8904662411884;((((x + _a6_) * (x / _a7_)) + -(pow3((x * _a5_)))) + _a3_);{'d0': {'_a3_': -0.0010241900072844715, '_a5_': -1.5011129799514782, '_a6_': 0.8400506412245118, '_a7_': 0.4733602999588166, '_a0_': 1.0, '_a1_': 1.0, '_a2_': 1.0, '_a4_': 1.0}};{'d0': 0.02488548250186773};-276.524567593310;43.37181755546676
21501;-94.8904662411884;((((x + _a6_) * (x / _a7_)) + -(pow3((x * _a5_)))) + _a3_);{'d0': {'_a3_': -0.0010241900072844715, '_a5_': -1.5011129799514782, '_a6_': 0.8400506412245118, '_a7_': 0.4733602999588166, '_a0_': 1.0, '_a1_': 1.0, '_a2_': 1.0, '_a4_': 1.0}};{'d0': 0.02488548250186773};-276.524567593310;43.37181755546676
21502;-94.8904662411884;((((x + _a6_) * (x / _a7_)) + -(pow3((x * _a5_)))) + _a3_);{'d0': {'_a3_': -0.0010241900072844715, '_a5_': -1.5011129799514782, '_a6_': 0.8400506412245118, '_a7_': 0.4733602999588166, '_a0_': 1.0, '_a1_': 1.0, '_a2_': 1.0, '_a4_': 1.0}};{'d0': 0.02488548250186773};-276.524567593310;43.37181755546676
21503;-94.8904662411884;((((x + _a6_) * (x / _a7_)) + -(pow3((x * _a5_)))) + _a3_);{'d0': {'_a3_': -0.0010241900072844715, '_a5_': -1.5011129799514782, '_a6_': 0.8400506412245118, '_a7_': 0.4733602999588166, '_a0_': 1.0, '_a1_': 1.0, '_a2_': 1.0, '_a4_': 1.0}};{'d0': 0.02488548250186773};-276.524567593310;43.37181755546676
21504;-94.8904662411884;((((x + _a6_) * (x / _a7_)) + -(pow3((x * _a5_)))) + _a3_);{'d0': {'_a3_': -0.0010241900072844715, '_a5_': -1.5011129799514782, '_a6_': 0.8400506412245118, '_a7_': 0.4733602999588166, '_a0_': 1.0, '_a1_': 1.0, '_a2_': 1.0, '_a4_': 1.0}};{'d0': 0.02488548250186773};-276.524567593310;43.37181755546676
21505;-94.8904662411884;((((x + _a6_) * (x / _a7_)) + -(pow3((x * _a5_)))) + _a3_);{'d0': {'_a3_': -0.0010241900072844715, '_a5_': -1.5011129799514782, '_a6_': 0.8400506412245118, '_a7_': 0.4733602999588166, '_a0_': 1.0, '_a1_': 1.0, '_a2_': 1.0, '_a4_': 1.0}};{'d0': 0.02488548250186773};-276.524567593310;43.37181755546676
21506;-94.8904662411884;((((x + _a6_) * (x / _a7_)) + -(pow3((x * _a5_)))) + _a3_);{'d0': {'_a3_': -0.0010241900072844715, '_a5_': -1.5011129799514782, '_a6_': 0.8400506412245118, '_a7_': 0.4733602999588166, '_a0_': 1.0, '_a1_': 1.0, '_a2_': 1.0, '_a4_': 1.0}};{'d0': 0.02488548250186773};-276.524567593310;43.37181755546676
21507;-94.8904662411884;((((x + _a6_) * (x / _a7_)) + -(pow3((x * _a5_)))) + _a3_);{'d0': {'_a3_': -0.0010241900072844715, '_a5_': -1.5011129799514782, '_a6_': 0.8400506412245118, '_a7_': 0.4733602999588166, '_a0_': 1.0, '_a1_': 1.0, '_a2_': 1.0, '_a4_': 1.0}};{'d0': 0.02488548250186773};-276.524567593310;43.37181755546676
21508;-94.8904662411884;((((x + _a6_) * (x / _a7_)) + -(pow3((x * _a5_)))) + _a3_);{'d0': {'_a3_': -0.0010241900072844715, '_a5_': -1.5011129799514782, '_a6_': 0.8400506412245118, '_a7_': 0.4733602999588166, '_a0_': 1.0, '_a1_': 1.0, '_a2_': 1.0, '_a4_': 1.0}};{'d0': 0.02488548250186773};-276.524567593310;43.37181755546676
21509;-94.8904662411884;((((x + _a6_) * (x / _a7_)) + -(pow3((x * _a5_)))) + _a3_);{'d0': {'_a3_': -0.0010241900072844715, '_a5_': -1.5011129799514782, '_a6_': 0.8400506412245118, '_a7_': 0.4733602999588166, '_a0_': 1.0, '_a1_': 1.0, '_a2_': 1.0, '_a4_': 1.0}};{'d0': 0.02488548250186773};-276.524567593310;43.37181755546676
21510;-94.8904662411884;((((x + _a6_) * (x / _a7_)) + -(pow3((x * _a5_)))) + _a3_);{'d0': {'_a3_': -0.0010241900072844715, '_a5_': -1.5011129799514782, '_a6_': 0.8400506412245118, '_a7_': 0.4733602999588166, '_a0_': 1.0, '_a1_': 1.0, '_a2_': 1.0, '_a4_': 1.0}};{'d0': 0.02488548250186773};-276.524567593310;43.37181755546676
21511;-94.8904662411884;((((x + _a6_) * (x / _a7_)) + -(pow3((x * _a5_)))) + _a3_);{'d0': {'_a3_': -0.0010241900072844715, '_a5_': -1.5011129799514782, '_a6_': 0.8400506412245118, '_a7_': 0.4733602999588166, '_a0_': 1.0, '_a1_': 1.0, '_a2_': 1.0, '_a4_': 1.0}};{'d0': 0.02488548250186773};-276.524567593310;43.37181755546676
21512;-94.8904662411884;((((x + _a6_) * (x / _a7_)) + -(pow3((x * _a5_)))) + _a3_);{'d0': {'_a3_': -0.0010241900072844715, '_a5_': -1.5011129799514782, '_a6_': 0.8400506412245118, '_a7_': 0.4733602999588166, '_a0_': 1.0, '_a1_': 1.0, '_a2_': 1.0, '_a4_': 1.0}};{'d0': 0.02488548250186773};-276.524567593310;43.37181755546676
21513;-93.8578687858034;((((x + _a6_) * (x / _a7_)) + -(pow3((x / _a5_)))) + _a3_);{'d0': {'_a3_': -0.0010241361317485389, '_a5_': -0.6661723956689285, '_a6_': 0.840050777916585, '_a7_': 0.47336037016074967, '_a0_': 1.0, '_a1_': 1.0, '_a2_': 1.0, '_a4_': 1.0}};{'d0': 0.024885482501909882};-276.524567593209;44.40441501080096
21514;-93.8578687858456;((((x + _a6_) * (x / _a0_)) + -(pow3((x / _a5_)))) + _a3_);{'d0': {'_a0_': 0.4733603356618179, '_a3_': -0.0010241628756047516, '_a5_': -0.6661723858765821, '_a6_': 0.8400507107922565, '_a1_': 1.0, '_a2_': 1.0, '_a4_': 1.0, '_a7_': 1.0}};{'d0': 0.024885482501874858};-276.524567593293;44.40441501080096
21515;-93.8578687858456;((((x + _a6_) * (x / _a0_)) + -(pow3((x / _a5_)))) + _a3_);{'d0': {'_a0_': 0.4733603356618179, '_a3_': -0.0010241628756047516, '_a5_': -0.6661723858765821, '_a6_': 0.8400507107922565, '_a1_': 1.0, '_a2_': 1.0, '_a4_': 1.0, '_a7_': 1.0}};{'d0': 0.024885482501874858};-276.524567593293;44.40441501080096
21516;-93.8578687858456;((((x + _a6_) * (x / _a0_)) + -(pow3((x / _a5_)))) + _a3_);{'d0': {'_a0_': 0.4733603356618179, '_a3_': -0.0010241628756047516, '_a5_': -0.6661723858765821, '_a6_': 0.8400507107922565, '_a1_': 1.0, '_a2_': 1.0, '_a4_': 1.0, '_a7_': 1.0}};{'d0': 0.024885482501874858};-276.524567593293;44.40441501080096
21517;-93.8578687858456;((((x + _a6_) * (x / _a0_)) + -(pow3((x / _a5_)))) + _a3_);{'d0': {'_a0_': 0.4733603356618179, '_a3_': -0.0010241628756047516, '_a5_': -0.6661723858765821, '_a6_': 0.8400507107922565, '_a1_': 1.0, '_a2_': 1.0, '_a4_': 1.0, '_a7_': 1.0}};{'d0': 0.024885482501874858};-276.524567593293;44.40441501080096
21518;-101.801119262751;(((x + _a6_) * (x / _a0_)) + -(pow3((x / _a5_))));{'d0': {'_a0_': 0.4746931430885259, '_a5_': -0.6665507644103792, '_a6_': 0.8426446045348963, '_a1_': 1.0, '_a2_': 1.0, '_a3_': 1.0, '_a4_': 1.0, '_a7_': 1.0}};{'d0': 0.02490583291941664};-280.569866449044;38.48381396177096
21519;-101.801119262751;(((x + _a6_) * (x / _a0_)) + -(pow3((x / _a5_))));{'d0': {'_a0_': 0.4746931430885259, '_a5_': -0.6665507644103792, '_a6_': 0.8426446045348963, '_a1_': 1.0, '_a2_': 1.0, '_a3_': 1.0, '_a4_': 1.0, '_a7_': 1.0}};{'d0': 0.02490583291941664};-280.569866449044;38.48381396177096
21520;-101.801119262751;(((x + _a6_) * (x / _a0_)) + -(pow3((x / _a5_))));{'d0': {'_a0_': 0.4746931430885259, '_a5_': -0.6665507644103792, '_a6_': 0.8426446045348963, '_a1_': 1.0, '_a2_': 1.0, '_a3_': 1.0, '_a4_': 1.0, '_a7_': 1.0}};{'d0': 0.02490583291941664};-280.569866449044;38.48381396177096
21521;-101.801119262751;(((x + _a6_) * (x / _a0_)) + -(pow3((x / _a5_))));{'d0': {'_a0_': 0.4746931430885259, '_a5_': -0.6665507644103792, '_a6_': 0.8426446045348963, '_a1_': 1.0, '_a2_': 1.0, '_a3_': 1.0, '_a4_': 1.0, '_a7_': 1.0}};{'d0': 0.02490583291941664};-280.569866449044;38.48381396177096
21522;-101.801119262751;(((x + _a6_) * (x / _a0_)) + -(pow3((x / _a5_))));{'d0': {'_a0_': 0.4746931430885259, '_a5_': -0.6665507644103792, '_a6_': 0.8426446045348963, '_a1_': 1.0, '_a2_': 1.0, '_a3_': 1.0, '_a4_': 1.0, '_a7_': 1.0}};{'d0': 0.02490583291941664};-280.569866449044;38.48381396177096
21523;-101.801119262751;(((x + _a6_) * (x / _a0_)) + -(pow3((x / _a5_))));{'d0': {'_a0_': 0.4746931430885259, '_a5_': -0.6665507644103792, '_a6_': 0.8426446045348963, '_a1_': 1.0, '_a2_': 1.0, '_a3_': 1.0, '_a4_': 1.0, '_a7_': 1.0}};{'d0': 0.02490583291941664};-280.569866449044;38.48381396177096
21524;-101.801119262751;(((x + _a6_) * (x / _a0_)) + -(pow3((x / _a5_))));{'d0': {'_a0_': 0.4746931430885259, '_a5_': -0.6665507644103792, '_a6_': 0.8426446045348963, '_a1_': 1.0, '_a2_': 1.0, '_a3_': 1.0, '_a4_': 1.0, '_a7_': 1.0}};{'d0': 0.02490583291941664};-280.569866449044;38.48381396177096
21525;-101.801119262751;(((x + _a6_) * (x / _a0_)) + -(pow3((x / _a5_))));{'d0': {'_a0_': 0.4746931430885259, '_a5_': -0.6665507644103792, '_a6_': 0.8426446045348963, '_a1_': 1.0, '_a2_': 1.0, '_a3_': 1.0, '_a4_': 1.0, '_a7_': 1.0}};{'d0': 0.02490583291941664};-280.569866449044;38.48381396177096
21526;-101.801119262751;(((x + _a6_) * (x / _a0_)) + -(pow3((x / _a5_))));{'d0': {'_a0_': 0.4746931430885259, '_a5_': -0.6665507644103792, '_a6_': 0.8426446045348963, '_a1_': 1.0, '_a2_': 1.0, '_a3_': 1.0, '_a4_': 1.0, '_a7_': 1.0}};{'d0': 0.02490583291941664};-280.569866449044;38.48381396177096
21527;-101.801119262751;(((x + _a6_) * (x / _a0_)) + -(pow3((x / _a5_))));{'d0': {'_a0_': 0.4746931430885259, '_a5_': -0.6665507644103792, '_a6_': 0.8426446045348963, '_a1_': 1.0, '_a2_': 1.0, '_a3_': 1.0, '_a4_': 1.0, '_a7_': 1.0}};{'d0': 0.02490583291941664};-280.569866449044;38.48381396177096
21528;-92.2218895050319;(_a7_ * -(((_a2_ * (_a7_ * x)) * (x + ((pow2(-(x)) + _a2_) / _a5_)))));{'d0': {'_a2_': -0.525691770224607, '_a5_': -0.62385941576736, '_a7_': -2.0018334040484547, '_a0_': 1.0, '_a1_': 1.0, '_a3_': 1.0, '_a4_': 1.0, '_a6_': 1.0}};{'d0': 0.024905832919416643};-280.569866449044;48.063043719489826
21529;-92.2218895050319;(_a7_ * -(((_a2_ * (_a7_ * x)) * (x + ((pow2(-(x)) + _a2_) / _a5_)))));{'d0': {'_a2_': -0.525691770224607, '_a5_': -0.62385941576736, '_a7_': -2.0018334040484547, '_a0_': 1.0, '_a1_': 1.0, '_a3_': 1.0, '_a4_': 1.0, '_a6_': 1.0}};{'d0': 0.024905832919416643};-280.569866449044;48.063043719489826
21530;-92.2218895050319;(_a7_ * -(((_a2_ * (_a7_ * x)) * (x + ((pow2(-(x)) + _a2_) / _a5_)))));{'d0': {'_a2_': -0.525691770224607, '_a5_': -0.62385941576736, '_a7_': -2.0018334040484547, '_a0_': 1.0, '_a1_': 1.0, '_a3_': 1.0, '_a4_': 1.0, '_a6_': 1.0}};{'d0': 0.024905832919416643};-280.569866449044;48.063043719489826
21531;-92.2218895050319;(_a7_ * -(((_a2_ * (_a7_ * x)) * (x + ((pow2(-(x)) + _a2_) / _a5_)))));{'d0': {'_a2_': -0.525691770224607, '_a5_': -0.62385941576736, '_a7_': -2.0018334040484547, '_a0_': 1.0, '_a1_': 1.0, '_a3_': 1.0, '_a4_': 1.0, '_a6_': 1.0}};{'d0': 0.024905832919416643};-280.569866449044;48.063043719489826
21532;-101.801119262751;(((x + _a6_) * (x / _a0_)) + -(pow3((x / _a5_))));{'d0': {'_a0_': 0.4746931430885259, '_a5_': -0.6665507644103792, '_a6_': 0.8426446045348963, '_a1_': 1.0, '_a2_': 1.0, '_a3_': 1.0, '_a4_': 1.0, '_a7_': 1.0}};{'d0': 0.02490583291941664};-280.569866449044;38.48381396177096
21533;-101.801119262751;(((x + _a6_) * (x / _a0_)) + -(pow3((x / _a5_))));{'d0': {'_a0_': 0.4746931430885259, '_a5_': -0.6665507644103792, '_a6_': 0.8426446045348963, '_a1_': 1.0, '_a2_': 1.0, '_a3_': 1.0, '_a4_': 1.0, '_a7_': 1.0}};{'d0': 0.02490583291941664};-280.569866449044;38.48381396177096
21534;-101.801119262751;(((x + _a6_) * (x / _a0_)) + -(pow3((x / _a5_))));{'d0': {'_a0_': 0.4746931430885259, '_a5_': -0.6665507644103792, '_a6_': 0.8426446045348963, '_a1_': 1.0, '_a2_': 1.0, '_a3_': 1.0, '_a4_': 1.0, '_a7_': 1.0}};{'d0': 0.02490583291941664};-280.569866449044;38.48381396177096
21535;-101.801119262751;(((x + _a6_) * (x / _a0_)) + -(pow3((x / _a5_))));{'d0': {'_a0_': 0.4746931430885259, '_a5_': -0.6665507644103792, '_a6_': 0.8426446045348963, '_a1_': 1.0, '_a2_': 1.0, '_a3_': 1.0, '_a4_': 1.0, '_a7_': 1.0}};{'d0': 0.02490583291941664};-280.569866449044;38.48381396177096
21536;-101.801119262751;(((x + _a6_) * (x / _a0_)) + -(pow3((x / _a5_))));{'d0': {'_a0_': 0.4746931430885259, '_a5_': -0.6665507644103792, '_a6_': 0.8426446045348963, '_a1_': 1.0, '_a2_': 1.0, '_a3_': 1.0, '_a4_': 1.0, '_a7_': 1.0}};{'d0': 0.02490583291941664};-280.569866449044;38.48381396177096
21537;-101.801119262751;(((x + _a6_) * (x / _a0_)) + -(pow3((x / _a5_))));{'d0': {'_a0_': 0.4746931430885259, '_a5_': -0.6665507644103792, '_a6_': 0.8426446045348963, '_a1_': 1.0, '_a2_': 1.0, '_a3_': 1.0, '_a4_': 1.0, '_a7_': 1.0}};{'d0': 0.02490583291941664};-280.569866449044;38.48381396177096
21538;-101.801119262751;(((x + _a6_) * (x / _a0_)) + -(pow3((x / _a5_))));{'d0': {'_a0_': 0.4746931430885259, '_a5_': -0.6665507644103792, '_a6_': 0.8426446045348963, '_a1_': 1.0, '_a2_': 1.0, '_a3_': 1.0, '_a4_': 1.0, '_a7_': 1.0}};{'d0': 0.02490583291941664};-280.569866449044;38.48381396177096
21539;-101.801119262751;(((x + _a6_) * (x / _a0_)) + -(pow3((x / _a5_))));{'d0': {'_a0_': 0.4746931430885259, '_a5_': -0.6665507644103792, '_a6_': 0.8426446045348963, '_a1_': 1.0, '_a2_': 1.0, '_a3_': 1.0, '_a4_': 1.0, '_a7_': 1.0}};{'d0': 0.02490583291941664};-280.569866449044;38.48381396177096
21540;-101.801119262751;(((x + _a6_) * (x / _a0_)) + -(pow3((x / _a5_))));{'d0': {'_a0_': 0.4746931430885259, '_a5_': -0.6665507644103792, '_a6_': 0.8426446045348963, '_a1_': 1.0, '_a2_': 1.0, '_a3_': 1.0, '_a4_': 1.0, '_a7_': 1.0}};{'d0': 0.02490583291941664};-280.569866449044;38.48381396177096
21541;-101.801119262751;(((x + _a6_) * (x / _a0_)) + -(pow3((x / _a5_))));{'d0': {'_a0_': 0.4746931430885259, '_a5_': -0.6665507644103792, '_a6_': 0.8426446045348963, '_a1_': 1.0, '_a2_': 1.0, '_a3_': 1.0, '_a4_': 1.0, '_a7_': 1.0}};{'d0': 0.02490583291941664};-280.569866449044;38.48381396177096
21542;-101.801119262751;(((x + _a6_) * (x / _a0_)) + -(pow3((x / _a5_))));{'d0': {'_a0_': 0.4746931430885259, '_a5_': -0.6665507644103792, '_a6_': 0.8426446045348963, '_a1_': 1.0, '_a2_': 1.0, '_a3_': 1.0, '_a4_': 1.0, '_a7_': 1.0}};{'d0': 0.02490583291941664};-280.569866449044;38.48381396177096
21543;-101.801119262751;(((x + _a6_) * (x / _a0_)) + -(pow3((x / _a5_))));{'d0': {'_a0_': 0.4746931430885259, '_a5_': -0.6665507644103792, '_a6_': 0.8426446045348963, '_a1_': 1.0, '_a2_': 1.0, '_a3_': 1.0, '_a4_': 1.0, '_a7_': 1.0}};{'d0': 0.02490583291941664};-280.569866449044;38.48381396177096
21544;-101.801119262751;(((x + _a6_) * (x / _a0_)) + -(pow3((x / _a5_))));{'d0': {'_a0_': 0.4746931430885259, '_a5_': -0.6665507644103792, '_a6_': 0.8426446045348963, '_a1_': 1.0, '_a2_': 1.0, '_a3_': 1.0, '_a4_': 1.0, '_a7_': 1.0}};{'d0': 0.02490583291941664};-280.569866449044;38.48381396177096
21545;-101.801119262751;(((x + _a6_) * (x / _a0_)) + -(pow3((x / _a5_))));{'d0': {'_a0_': 0.4746931430885259, '_a5_': -0.6665507644103792, '_a6_': 0.8426446045348963, '_a1_': 1.0, '_a2_': 1.0, '_a3_': 1.0, '_a4_': 1.0, '_a7_': 1.0}};{'d0': 0.02490583291941664};-280.569866449044;38.48381396177096
21546;-101.801119262751;(((x + _a6_) * (x / _a0_)) + -(pow3((x / _a5_))));{'d0': {'_a0_': 0.4746931430885259, '_a5_': -0.6665507644103792, '_a6_': 0.8426446045348963, '_a1_': 1.0, '_a2_': 1.0, '_a3_': 1.0, '_a4_': 1.0, '_a7_': 1.0}};{'d0': 0.02490583291941664};-280.569866449044;38.48381396177096
21547;-101.801119262751;(((x + _a6_) * (x / _a0_)) + -(pow3((x / _a5_))));{'d0': {'_a0_': 0.4746931430885259, '_a5_': -0.6665507644103792, '_a6_': 0.8426446045348963, '_a1_': 1.0, '_a2_': 1.0, '_a3_': 1.0, '_a4_': 1.0, '_a7_': 1.0}};{'d0': 0.02490583291941664};-280.569866449044;38.48381396177096
21548;-101.801119262751;(((x + _a6_) * (x / _a0_)) + -(pow3((x / _a5_))));{'d0': {'_a0_': 0.4746931430885259, '_a5_': -0.6665507644103792, '_a6_': 0.8426446045348963, '_a1_': 1.0, '_a2_': 1.0, '_a3_': 1.0, '_a4_': 1.0, '_a7_': 1.0}};{'d0': 0.02490583291941664};-280.569866449044;38.48381396177096
21549;-101.801119262751;(((x + _a6_) * (x / _a0_)) + -(pow3((x / _a5_))));{'d0': {'_a0_': 0.4746931430885259, '_a5_': -0.6665507644103792, '_a6_': 0.8426446045348963, '_a1_': 1.0, '_a2_': 1.0, '_a3_': 1.0, '_a4_': 1.0, '_a7_': 1.0}};{'d0': 0.02490583291941664};-280.569866449044;38.48381396177096
21550;-92.2218895050319;(_a7_ * -(((_a2_ * (_a7_ * x)) * (x + ((pow2(-(x)) + _a2_) / _a5_)))));{'d0': {'_a2_': -0.525691770224607, '_a5_': -0.62385941576736, '_a7_': -2.0018334040484547, '_a0_': 1.0, '_a1_': 1.0, '_a3_': 1.0, '_a4_': 1.0, '_a6_': 1.0}};{'d0': 0.024905832919416643};-280.569866449044;48.063043719489826
21551;-92.2218895050319;(_a7_ * -(((_a2_ * (_a7_ * x)) * (x + ((pow2(-(x)) + _a2_) / _a5_)))));{'d0': {'_a2_': -0.525691770224607, '_a5_': -0.62385941576736, '_a7_': -2.0018334040484547, '_a0_': 1.0, '_a1_': 1.0, '_a3_': 1.0, '_a4_': 1.0, '_a6_': 1.0}};{'d0': 0.024905832919416643};-280.569866449044;48.063043719489826
21552;-92.2218895050319;(_a7_ * -(((_a2_ * (_a7_ * x)) * (x + ((pow2(-(x)) + _a2_) / _a5_)))));{'d0': {'_a2_': -0.525691770224607, '_a5_': -0.62385941576736, '_a7_': -2.0018334040484547, '_a0_': 1.0, '_a1_': 1.0, '_a3_': 1.0, '_a4_': 1.0, '_a6_': 1.0}};{'d0': 0.024905832919416643};-280.569866449044;48.063043719489826
21553;-92.2218895050319;(_a7_ * -(((_a2_ * (_a7_ * x)) * (x + ((pow2(-(x)) + _a2_) / _a5_)))));{'d0': {'_a2_': -0.525691770224607, '_a5_': -0.62385941576736, '_a7_': -2.0018334040484547, '_a0_': 1.0, '_a1_': 1.0, '_a3_': 1.0, '_a4_': 1.0, '_a6_': 1.0}};{'d0': 0.024905832919416643};-280.569866449044;48.063043719489826
21554;-92.2218895050319;(_a7_ * -(((_a2_ * (_a7_ * x)) * (x + ((pow2(-(x)) + _a2_) / _a5_)))));{'d0': {'_a2_': -0.525691770224607, '_a5_': -0.62385941576736, '_a7_': -2.0018334040484547, '_a0_': 1.0, '_a1_': 1.0, '_a3_': 1.0, '_a4_': 1.0, '_a6_': 1.0}};{'d0': 0.024905832919416643};-280.569866449044;48.063043719489826
21555;-92.2218895050319;(_a7_ * -(((_a2_ * (_a7_ * x)) * (x + ((pow2(-(x)) + _a2_) / _a5_)))));{'d0': {'_a2_': -0.525691770224607, '_a5_': -0.62385941576736, '_a7_': -2.0018334040484547, '_a0_': 1.0, '_a1_': 1.0, '_a3_': 1.0, '_a4_': 1.0, '_a6_': 1.0}};{'d0': 0.024905832919416643};-280.569866449044;48.063043719489826
21556;-92.2218895050319;(_a7_ * -(((_a2_ * (_a7_ * x)) * (x + ((pow2(-(x)) + _a2_) / _a5_)))));{'d0': {'_a2_': -0.525691770224607, '_a5_': -0.62385941576736, '_a7_': -2.0018334040484547, '_a0_': 1.0, '_a1_': 1.0, '_a3_': 1.0, '_a4_': 1.0, '_a6_': 1.0}};{'d0': 0.024905832919416643};-280.569866449044;48.063043719489826
21557;-92.2218895050319;(_a7_ * -(((_a2_ * (_a7_ * x)) * (x + ((pow2(-(x)) + _a2_) / _a5_)))));{'d0': {'_a2_': -0.525691770224607, '_a5_': -0.62385941576736, '_a7_': -2.0018334040484547, '_a0_': 1.0, '_a1_': 1.0, '_a3_': 1.0, '_a4_': 1.0, '_a6_': 1.0}};{'d0': 0.024905832919416643};-280.569866449044;48.063043719489826
21558;-92.2218895050319;(_a7_ * -(((_a2_ * (_a7_ * x)) * (x + ((pow2(-(x)) + _a2_) / _a5_)))));{'d0': {'_a2_': -0.525691770224607, '_a5_': -0.62385941576736, '_a7_': -2.0018334040484547, '_a0_': 1.0, '_a1_': 1.0, '_a3_': 1.0, '_a4_': 1.0, '_a6_': 1.0}};{'d0': 0.024905832919416643};-280.569866449044;48.063043719489826
21559;-92.2218895050319;(_a7_ * -(((_a2_ * (_a7_ * x)) * (x + ((pow2(-(x)) + _a2_) / _a5_)))));{'d0': {'_a2_': -0.525691770224607, '_a5_': -0.62385941576736, '_a7_': -2.0018334040484547, '_a0_': 1.0, '_a1_': 1.0, '_a3_': 1.0, '_a4_': 1.0, '_a6_': 1.0}};{'d0': 0.024905832919416643};-280.569866449044;48.063043719489826
21560;-92.2218895050319;(_a7_ * -(((_a2_ * (_a7_ * x)) * (x + ((pow2(-(x)) + _a2_) / _a5_)))));{'d0': {'_a2_': -0.525691770224607, '_a5_': -0.62385941576736, '_a7_': -2.0018334040484547, '_a0_': 1.0, '_a1_': 1.0, '_a3_': 1.0, '_a4_': 1.0, '_a6_': 1.0}};{'d0': 0.024905832919416643};-280.569866449044;48.063043719489826
21561;-92.2218895050319;(_a7_ * -(((_a2_ * (_a7_ * x)) * (x + ((pow2(-(x)) + _a2_) / _a5_)))));{'d0': {'_a2_': -0.525691770224607, '_a5_': -0.62385941576736, '_a7_': -2.0018334040484547, '_a0_': 1.0, '_a1_': 1.0, '_a3_': 1.0, '_a4_': 1.0, '_a6_': 1.0}};{'d0': 0.024905832919416643};-280.569866449044;48.063043719489826
21562;-92.2218895050319;(_a7_ * -(((_a2_ * (_a7_ * x)) * (x + ((pow2(-(x)) + _a2_) / _a5_)))));{'d0': {'_a2_': -0.525691770224607, '_a5_': -0.62385941576736, '_a7_': -2.0018334040484547, '_a0_': 1.0, '_a1_': 1.0, '_a3_': 1.0, '_a4_': 1.0, '_a6_': 1.0}};{'d0': 0.024905832919416643};-280.569866449044;48.063043719489826
21563;-92.2218895050319;(_a7_ * -(((_a2_ * (_a7_ * x)) * (x + ((pow2(-(x)) + _a2_) / _a5_)))));{'d0': {'_a2_': -0.525691770224607, '_a5_': -0.62385941576736, '_a7_': -2.0018334040484547, '_a0_': 1.0, '_a1_': 1.0, '_a3_': 1.0, '_a4_': 1.0, '_a6_': 1.0}};{'d0': 0.024905832919416643};-280.569866449044;48.063043719489826
21564;-92.2218895050319;(_a7_ * -(((_a2_ * (_a7_ * x)) * (x + ((pow2(-(x)) + _a2_) / _a5_)))));{'d0': {'_a2_': -0.525691770224607, '_a5_': -0.62385941576736, '_a7_': -2.0018334040484547, '_a0_': 1.0, '_a1_': 1.0, '_a3_': 1.0, '_a4_': 1.0, '_a6_': 1.0}};{'d0': 0.024905832919416643};-280.569866449044;48.063043719489826
21565;-92.2218895050319;(_a7_ * -(((_a2_ * (_a7_ * x)) * (x + ((pow2(-(x)) + _a2_) / _a5_)))));{'d0': {'_a2_': -0.525691770224607, '_a5_': -0.62385941576736, '_a7_': -2.0018334040484547, '_a0_': 1.0, '_a1_': 1.0, '_a3_': 1.0, '_a4_': 1.0, '_a6_': 1.0}};{'d0': 0.024905832919416643};-280.569866449044;48.063043719489826
21566;-92.2218895050319;(_a7_ * -(((_a2_ * (_a7_ * x)) * (x + ((pow2(-(x)) + _a2_) / _a5_)))));{'d0': {'_a2_': -0.525691770224607, '_a5_': -0.62385941576736, '_a7_': -2.0018334040484547, '_a0_': 1.0, '_a1_': 1.0, '_a3_': 1.0, '_a4_': 1.0, '_a6_': 1.0}};{'d0': 0.024905832919416643};-280.569866449044;48.063043719489826
21567;-92.2218895050319;(_a7_ * -(((_a2_ * (_a7_ * x)) * (x + ((pow2(-(x)) + _a2_) / _a5_)))));{'d0': {'_a2_': -0.525691770224607, '_a5_': -0.62385941576736, '_a7_': -2.0018334040484547, '_a0_': 1.0, '_a1_': 1.0, '_a3_': 1.0, '_a4_': 1.0, '_a6_': 1.0}};{'d0': 0.024905832919416643};-280.569866449044;48.063043719489826
21568;-92.2218895050319;(_a7_ * -(((_a2_ * (_a7_ * x)) * (x + ((pow2(-(x)) + _a2_) / _a5_)))));{'d0': {'_a2_': -0.525691770224607, '_a5_': -0.62385941576736, '_a7_': -2.0018334040484547, '_a0_': 1.0, '_a1_': 1.0, '_a3_': 1.0, '_a4_': 1.0, '_a6_': 1.0}};{'d0': 0.024905832919416643};-280.569866449044;48.063043719489826
21569;-92.2218895050319;(_a7_ * -(((_a2_ * (_a7_ * x)) * (x + ((pow2(-(x)) + _a2_) / _a5_)))));{'d0': {'_a2_': -0.525691770224607, '_a5_': -0.62385941576736, '_a7_': -2.0018334040484547, '_a0_': 1.0, '_a1_': 1.0, '_a3_': 1.0, '_a4_': 1.0, '_a6_': 1.0}};{'d0': 0.024905832919416643};-280.569866449044;48.063043719489826
21570;-92.2218895050319;(_a7_ * -(((_a2_ * (_a7_ * x)) * (x + ((pow2(-(x)) + _a2_) / _a5_)))));{'d0': {'_a2_': -0.525691770224607, '_a5_': -0.62385941576736, '_a7_': -2.0018334040484547, '_a0_': 1.0, '_a1_': 1.0, '_a3_': 1.0, '_a4_': 1.0, '_a6_': 1.0}};{'d0': 0.024905832919416643};-280.569866449044;48.063043719489826
21571;-92.2218895050319;(_a7_ * -(((_a2_ * (_a7_ * x)) * (x + ((pow2(-(x)) + _a2_) / _a5_)))));{'d0': {'_a2_': -0.525691770224607, '_a5_': -0.62385941576736, '_a7_': -2.0018334040484547, '_a0_': 1.0, '_a1_': 1.0, '_a3_': 1.0, '_a4_': 1.0, '_a6_': 1.0}};{'d0': 0.024905832919416643};-280.569866449044;48.063043719489826
21572;-92.2218895050319;(_a7_ * -(((_a2_ * (_a7_ * x)) * (x + ((pow2(-(x)) + _a2_) / _a5_)))));{'d0': {'_a2_': -0.525691770224607, '_a5_': -0.62385941576736, '_a7_': -2.0018334040484547, '_a0_': 1.0, '_a1_': 1.0, '_a3_': 1.0, '_a4_': 1.0, '_a6_': 1.0}};{'d0': 0.024905832919416643};-280.569866449044;48.063043719489826
21573;-92.2218895050319;(_a7_ * -(((_a2_ * (_a7_ * x)) * (x + ((pow2(-(x)) + _a2_) / _a5_)))));{'d0': {'_a2_': -0.525691770224607, '_a5_': -0.62385941576736, '_a7_': -2.0018334040484547, '_a0_': 1.0, '_a1_': 1.0, '_a3_': 1.0, '_a4_': 1.0, '_a6_': 1.0}};{'d0': 0.024905832919416643};-280.569866449044;48.063043719489826
21574;-92.2218895050319;(_a7_ * -(((_a2_ * (_a7_ * x)) * (x + ((pow2(-(x)) + _a2_) / _a5_)))));{'d0': {'_a2_': -0.525691770224607, '_a5_': -0.62385941576736, '_a7_': -2.0018334040484547, '_a0_': 1.0, '_a1_': 1.0, '_a3_': 1.0, '_a4_': 1.0, '_a6_': 1.0}};{'d0': 0.024905832919416643};-280.569866449044;48.063043719489826
21575;-92.2218895050319;(_a7_ * -(((_a2_ * (_a7_ * x)) * (x + ((pow2(-(x)) + _a2_) / _a5_)))));{'d0': {'_a2_': -0.525691770224607, '_a5_': -0.62385941576736, '_a7_': -2.0018334040484547, '_a0_': 1.0, '_a1_': 1.0, '_a3_': 1.0, '_a4_': 1.0, '_a6_': 1.0}};{'d0': 0.024905832919416643};-280.569866449044;48.063043719489826
21576;-92.2218895050319;(_a7_ * -(((_a2_ * (_a7_ * x)) * (x + ((pow2(-(x)) + _a2_) / _a5_)))));{'d0': {'_a2_': -0.525691770224607, '_a5_': -0.62385941576736, '_a7_': -2.0018334040484547, '_a0_': 1.0, '_a1_': 1.0, '_a3_': 1.0, '_a4_': 1.0, '_a6_': 1.0}};{'d0': 0.024905832919416643};-280.569866449044;48.063043719489826
21577;-92.2218895050319;(_a7_ * -(((_a2_ * (_a7_ * x)) * (x + ((pow2(-(x)) + _a2_) / _a5_)))));{'d0': {'_a2_': -0.525691770224607, '_a5_': -0.62385941576736, '_a7_': -2.0018334040484547, '_a0_': 1.0, '_a1_': 1.0, '_a3_': 1.0, '_a4_': 1.0, '_a6_': 1.0}};{'d0': 0.024905832919416643};-280.569866449044;48.063043719489826
21578;-92.2218895050319;(_a7_ * -(((_a2_ * (_a7_ * x)) * (x + ((pow2(-(x)) + _a2_) / _a5_)))));{'d0': {'_a2_': -0.525691770224607, '_a5_': -0.62385941576736, '_a7_': -2.0018334040484547, '_a0_': 1.0, '_a1_': 1.0, '_a3_': 1.0, '_a4_': 1.0, '_a6_': 1.0}};{'d0': 0.024905832919416643};-280.569866449044;48.063043719489826
21579;-92.2218895050319;(_a7_ * -(((_a2_ * (_a7_ * x)) * (x + ((pow2(-(x)) + _a2_) / _a5_)))));{'d0': {'_a2_': -0.525691770224607, '_a5_': -0.62385941576736, '_a7_': -2.0018334040484547, '_a0_': 1.0, '_a1_': 1.0, '_a3_': 1.0, '_a4_': 1.0, '_a6_': 1.0}};{'d0': 0.024905832919416643};-280.569866449044;48.063043719489826
21580;-92.2218895050319;(_a7_ * -(((_a2_ * (_a7_ * x)) * (x + ((pow2(-(x)) + _a2_) / _a5_)))));{'d0': {'_a2_': -0.525691770224607, '_a5_': -0.62385941576736, '_a7_': -2.0018334040484547, '_a0_': 1.0, '_a1_': 1.0, '_a3_': 1.0, '_a4_': 1.0, '_a6_': 1.0}};{'d0': 0.024905832919416643};-280.569866449044;48.063043719489826
21581;-92.2218895050319;(_a7_ * -(((_a2_ * (_a7_ * x)) * (x + ((pow2(-(x)) + _a2_) / _a5_)))));{'d0': {'_a2_': -0.525691770224607, '_a5_': -0.62385941576736, '_a7_': -2.0018334040484547, '_a0_': 1.0, '_a1_': 1.0, '_a3_': 1.0, '_a4_': 1.0, '_a6_': 1.0}};{'d0': 0.024905832919416643};-280.569866449044;48.063043719489826
21582;-92.2218895050319;(_a7_ * -(((_a2_ * (_a7_ * x)) * (x + ((pow2(-(x)) + _a2_) / _a5_)))));{'d0': {'_a2_': -0.525691770224607, '_a5_': -0.62385941576736, '_a7_': -2.0018334040484547, '_a0_': 1.0, '_a1_': 1.0, '_a3_': 1.0, '_a4_': 1.0, '_a6_': 1.0}};{'d0': 0.024905832919416643};-280.569866449044;48.063043719489826
21583;-92.2218895050320;(_a7_ * -(((_a5_ * (_a7_ * x)) * (x + ((pow2(-(x)) + _a2_) / _a5_)))));{'d0': {'_a2_': -0.5256917696309371, '_a5_': -0.6238594152854355, '_a7_': -1.8375964956826776, '_a0_': 1.0, '_a1_': 1.0, '_a3_': 1.0, '_a4_': 1.0, '_a6_': 1.0}};{'d0': 0.024905832919416535};-280.569866449044;48.063043719489826
21584;-92.2218895050320;(_a7_ * -(((_a5_ * (_a7_ * x)) * (x + ((pow2(-(x)) + _a2_) / _a5_)))));{'d0': {'_a2_': -0.5256917696309371, '_a5_': -0.6238594152854355, '_a7_': -1.8375964956826776, '_a0_': 1.0, '_a1_': 1.0, '_a3_': 1.0, '_a4_': 1.0, '_a6_': 1.0}};{'d0': 0.024905832919416535};-280.569866449044;48.063043719489826
21585;-92.2218895050320;(_a7_ * -(((_a5_ * (_a7_ * x)) * (x + ((pow2(-(x)) + _a2_) / _a5_)))));{'d0': {'_a2_': -0.5256917696309371, '_a5_': -0.6238594152854355, '_a7_': -1.8375964956826776, '_a0_': 1.0, '_a1_': 1.0, '_a3_': 1.0, '_a4_': 1.0, '_a6_': 1.0}};{'d0': 0.024905832919416535};-280.569866449044;48.063043719489826
21586;-92.2218895050320;(_a7_ * -(((_a5_ * (_a7_ * x)) * (x + ((pow2(-(x)) + _a2_) / _a5_)))));{'d0': {'_a2_': -0.5256917696309371, '_a5_': -0.6238594152854355, '_a7_': -1.8375964956826776, '_a0_': 1.0, '_a1_': 1.0, '_a3_': 1.0, '_a4_': 1.0, '_a6_': 1.0}};{'d0': 0.024905832919416535};-280.569866449044;48.063043719489826
21587;-92.2218895050320;(_a7_ * -(((_a5_ * (_a7_ * x)) * (x + ((pow2(-(x)) + _a2_) / _a5_)))));{'d0': {'_a2_': -0.5256917696309371, '_a5_': -0.6238594152854355, '_a7_': -1.8375964956826776, '_a0_': 1.0, '_a1_': 1.0, '_a3_': 1.0, '_a4_': 1.0, '_a6_': 1.0}};{'d0': 0.024905832919416535};-280.569866449044;48.063043719489826
21588;-92.2218895050320;(_a7_ * -(((_a5_ * (_a7_ * x)) * (x + ((pow2(-(x)) + _a2_) / _a5_)))));{'d0': {'_a2_': -0.5256917696309371, '_a5_': -0.6238594152854355, '_a7_': -1.8375964956826776, '_a0_': 1.0, '_a1_': 1.0, '_a3_': 1.0, '_a4_': 1.0, '_a6_': 1.0}};{'d0': 0.024905832919416535};-280.569866449044;48.063043719489826
21589;-92.2218895050320;(_a7_ * -(((_a5_ * (_a7_ * x)) * (x + ((pow2(-(x)) + _a2_) / _a5_)))));{'d0': {'_a2_': -0.5256917696309371, '_a5_': -0.6238594152854355, '_a7_': -1.8375964956826776, '_a0_': 1.0, '_a1_': 1.0, '_a3_': 1.0, '_a4_': 1.0, '_a6_': 1.0}};{'d0': 0.024905832919416535};-280.569866449044;48.063043719489826
21590;-92.2218895050320;(_a7_ * -(((_a5_ * (_a7_ * x)) * (x + ((pow2(-(x)) + _a2_) / _a5_)))));{'d0': {'_a2_': -0.5256917696309371, '_a5_': -0.6238594152854355, '_a7_': -1.8375964956826776, '_a0_': 1.0, '_a1_': 1.0, '_a3_': 1.0, '_a4_': 1.0, '_a6_': 1.0}};{'d0': 0.024905832919416535};-280.569866449044;48.063043719489826
21591;-92.2218895050320;(_a7_ * -(((_a5_ * (_a7_ * x)) * (x + ((pow2(-(x)) + _a2_) / _a5_)))));{'d0': {'_a2_': -0.5256917696309371, '_a5_': -0.6238594152854355, '_a7_': -1.8375964956826776, '_a0_': 1.0, '_a1_': 1.0, '_a3_': 1.0, '_a4_': 1.0, '_a6_': 1.0}};{'d0': 0.024905832919416535};-280.569866449044;48.063043719489826
21592;-92.2218895050320;(_a7_ * -(((_a5_ * (_a7_ * x)) * (x + ((pow2(-(x)) + _a2_) / _a5_)))));{'d0': {'_a2_': -0.5256917696309371, '_a5_': -0.6238594152854355, '_a7_': -1.8375964956826776, '_a0_': 1.0, '_a1_': 1.0, '_a3_': 1.0, '_a4_': 1.0, '_a6_': 1.0}};{'d0': 0.024905832919416535};-280.569866449044;48.063043719489826
21593;-92.2218895050320;(_a7_ * -(((_a5_ * (_a7_ * x)) * (x + ((pow2(-(x)) + _a2_) / _a5_)))));{'d0': {'_a2_': -0.5256917696309371, '_a5_': -0.6238594152854355, '_a7_': -1.8375964956826776, '_a0_': 1.0, '_a1_': 1.0, '_a3_': 1.0, '_a4_': 1.0, '_a6_': 1.0}};{'d0': 0.024905832919416535};-280.569866449044;48.063043719489826
21594;-92.2218895050320;(_a7_ * -(((_a5_ * (_a7_ * x)) * (x + ((pow2(-(x)) + _a2_) / _a5_)))));{'d0': {'_a2_': -0.5256917696309371, '_a5_': -0.6238594152854355, '_a7_': -1.8375964956826776, '_a0_': 1.0, '_a1_': 1.0, '_a3_': 1.0, '_a4_': 1.0, '_a6_': 1.0}};{'d0': 0.024905832919416535};-280.569866449044;48.063043719489826
21595;-92.2218895050320;(_a7_ * -(((_a5_ * (_a7_ * x)) * (x + ((pow2(-(x)) + _a2_) / _a5_)))));{'d0': {'_a2_': -0.5256917696309371, '_a5_': -0.6238594152854355, '_a7_': -1.8375964956826776, '_a0_': 1.0, '_a1_': 1.0, '_a3_': 1.0, '_a4_': 1.0, '_a6_': 1.0}};{'d0': 0.024905832919416535};-280.569866449044;48.063043719489826
21596;-92.2218895050320;(_a7_ * -(((_a5_ * (_a7_ * x)) * (x + ((pow2(-(x)) + _a2_) / _a5_)))));{'d0': {'_a2_': -0.5256917696309371, '_a5_': -0.6238594152854355, '_a7_': -1.8375964956826776, '_a0_': 1.0, '_a1_': 1.0, '_a3_': 1.0, '_a4_': 1.0, '_a6_': 1.0}};{'d0': 0.024905832919416535};-280.569866449044;48.063043719489826
21597;-92.2218895050320;(_a7_ * -(((_a5_ * (_a7_ * x)) * (x + ((pow2(-(x)) + _a2_) / _a5_)))));{'d0': {'_a2_': -0.5256917696309371, '_a5_': -0.6238594152854355, '_a7_': -1.8375964956826776, '_a0_': 1.0, '_a1_': 1.0, '_a3_': 1.0, '_a4_': 1.0, '_a6_': 1.0}};{'d0': 0.024905832919416535};-280.569866449044;48.063043719489826
21598;-92.2218895050320;(_a7_ * -(((_a5_ * (_a7_ * x)) * (x + ((pow2(-(x)) + _a2_) / _a5_)))));{'d0': {'_a2_': -0.5256917696309371, '_a5_': -0.6238594152854355, '_a7_': -1.8375964956826776, '_a0_': 1.0, '_a1_': 1.0, '_a3_': 1.0, '_a4_': 1.0, '_a6_': 1.0}};{'d0': 0.024905832919416535};-280.569866449044;48.063043719489826
21599;-92.2218895050320;(_a7_ * -(((_a5_ * (_a7_ * x)) * (x + ((pow2(-(x)) + _a2_) / _a5_)))));{'d0': {'_a2_': -0.5256917696309371, '_a5_': -0.6238594152854355, '_a7_': -1.8375964956826776, '_a0_': 1.0, '_a1_': 1.0, '_a3_': 1.0, '_a4_': 1.0, '_a6_': 1.0}};{'d0': 0.024905832919416535};-280.569866449044;48.063043719489826
21600;-92.2218895050319;(_a7_ * -(((_a5_ * (_a2_ * x)) * (x + ((pow2(-(x)) + _a2_) / _a5_)))));{'d0': {'_a2_': -0.5256917694678347, '_a5_': -0.6238594153401698, '_a7_': -6.423461575891735, '_a0_': 1.0, '_a1_': 1.0, '_a3_': 1.0, '_a4_': 1.0, '_a6_': 1.0}};{'d0': 0.024905832919416605};-280.569866449044;48.063043719489826
21601;-92.2218895050319;(_a7_ * -(((_a5_ * (_a2_ * x)) * (x + ((pow2(-(x)) + _a2_) / _a5_)))));{'d0': {'_a2_': -0.5256917694678347, '_a5_': -0.6238594153401698, '_a7_': -6.423461575891735, '_a0_': 1.0, '_a1_': 1.0, '_a3_': 1.0, '_a4_': 1.0, '_a6_': 1.0}};{'d0': 0.024905832919416605};-280.569866449044;48.063043719489826
21602;-92.2218895050319;(_a7_ * -(((_a5_ * (_a2_ * x)) * (x + ((pow2(-(x)) + _a2_) / _a5_)))));{'d0': {'_a2_': -0.5256917694678347, '_a5_': -0.6238594153401698, '_a7_': -6.423461575891735, '_a0_': 1.0, '_a1_': 1.0, '_a3_': 1.0, '_a4_': 1.0, '_a6_': 1.0}};{'d0': 0.024905832919416605};-280.569866449044;48.063043719489826
21603;-92.2218895050319;(_a7_ * -(((_a5_ * (_a2_ * x)) * (x + ((pow2(-(x)) + _a2_) / _a5_)))));{'d0': {'_a2_': -0.5256917694678347, '_a5_': -0.6238594153401698, '_a7_': -6.423461575891735, '_a0_': 1.0, '_a1_': 1.0, '_a3_': 1.0, '_a4_': 1.0, '_a6_': 1.0}};{'d0': 0.024905832919416605};-280.569866449044;48.063043719489826
21604;-92.2218895050319;(_a7_ * -(((_a5_ * (_a2_ * x)) * (x + ((pow2(-(x)) + _a2_) / _a5_)))));{'d0': {'_a2_': -0.5256917694678347, '_a5_': -0.6238594153401698, '_a7_': -6.423461575891735, '_a0_': 1.0, '_a1_': 1.0, '_a3_': 1.0, '_a4_': 1.0, '_a6_': 1.0}};{'d0': 0.024905832919416605};-280.569866449044;48.063043719489826
21605;-92.2218895050319;(_a7_ * -(((_a5_ * (_a2_ * x)) * (x + ((pow2(-(x)) + _a2_) / _a5_)))));{'d0': {'_a2_': -0.5256917694678347, '_a5_': -0.6238594153401698, '_a7_': -6.423461575891735, '_a0_': 1.0, '_a1_': 1.0, '_a3_': 1.0, '_a4_': 1.0, '_a6_': 1.0}};{'d0': 0.024905832919416605};-280.569866449044;48.063043719489826
21606;-92.2218895050319;(_a7_ * -(((_a5_ * (_a2_ * x)) * (x + ((pow2(-(x)) + _a2_) / _a5_)))));{'d0': {'_a2_': -0.5256917694678347, '_a5_': -0.6238594153401698, '_a7_': -6.423461575891735, '_a0_': 1.0, '_a1_': 1.0, '_a3_': 1.0, '_a4_': 1.0, '_a6_': 1.0}};{'d0': 0.024905832919416605};-280.569866449044;48.063043719489826
21607;-92.2218895050319;(_a7_ * -(((_a5_ * (_a2_ * x)) * (x + ((pow2(-(x)) + _a2_) / _a5_)))));{'d0': {'_a2_': -0.5256917694678347, '_a5_': -0.6238594153401698, '_a7_': -6.423461575891735, '_a0_': 1.0, '_a1_': 1.0, '_a3_': 1.0, '_a4_': 1.0, '_a6_': 1.0}};{'d0': 0.024905832919416605};-280.569866449044;48.063043719489826
21608;-92.2218895050319;(_a7_ * -(((_a5_ * (_a2_ * x)) * (x + ((pow2(-(x)) + _a2_) / _a5_)))));{'d0': {'_a2_': -0.5256917694678347, '_a5_': -0.6238594153401698, '_a7_': -6.423461575891735, '_a0_': 1.0, '_a1_': 1.0, '_a3_': 1.0, '_a4_': 1.0, '_a6_': 1.0}};{'d0': 0.024905832919416605};-280.569866449044;48.063043719489826
21609;-92.2218895050319;(_a7_ * -(((_a5_ * (_a2_ * x)) * (x + ((pow2(-(x)) + _a2_) / _a5_)))));{'d0': {'_a2_': -0.5256917694678347, '_a5_': -0.6238594153401698, '_a7_': -6.423461575891735, '_a0_': 1.0, '_a1_': 1.0, '_a3_': 1.0, '_a4_': 1.0, '_a6_': 1.0}};{'d0': 0.024905832919416605};-280.569866449044;48.063043719489826
21610;-92.2218895050319;(_a7_ * -(((_a5_ * (_a2_ * x)) * (x + ((pow2(-(x)) + _a2_) / _a5_)))));{'d0': {'_a2_': -0.5256917694678347, '_a5_': -0.6238594153401698, '_a7_': -6.423461575891735, '_a0_': 1.0, '_a1_': 1.0, '_a3_': 1.0, '_a4_': 1.0, '_a6_': 1.0}};{'d0': 0.024905832919416605};-280.569866449044;48.063043719489826
21611;-92.2218895050319;(_a7_ * -(((_a5_ * (_a2_ * x)) * (x + ((pow2(-(x)) + _a2_) / _a5_)))));{'d0': {'_a2_': -0.5256917694678347, '_a5_': -0.6238594153401698, '_a7_': -6.423461575891735, '_a0_': 1.0, '_a1_': 1.0, '_a3_': 1.0, '_a4_': 1.0, '_a6_': 1.0}};{'d0': 0.024905832919416605};-280.569866449044;48.063043719489826
21612;-92.2218895050319;(_a7_ * -(((_a5_ * (_a2_ * x)) * (x + ((pow2(-(x)) + _a2_) / _a5_)))));{'d0': {'_a2_': -0.5256917694678347, '_a5_': -0.6238594153401698, '_a7_': -6.423461575891735, '_a0_': 1.0, '_a1_': 1.0, '_a3_': 1.0, '_a4_': 1.0, '_a6_': 1.0}};{'d0': 0.024905832919416605};-280.569866449044;48.063043719489826
21613;-92.2218895050319;(_a7_ * -(((_a5_ * (_a2_ * x)) * (x + ((pow2(-(x)) + _a2_) / _a5_)))));{'d0': {'_a2_': -0.5256917694678347, '_a5_': -0.6238594153401698, '_a7_': -6.423461575891735, '_a0_': 1.0, '_a1_': 1.0, '_a3_': 1.0, '_a4_': 1.0, '_a6_': 1.0}};{'d0': 0.024905832919416605};-280.569866449044;48.063043719489826
21614;-92.2218895050319;(_a7_ * -(((_a5_ * (_a2_ * x)) * (x + ((pow2(-(x)) + _a2_) / _a5_)))));{'d0': {'_a2_': -0.5256917694678347, '_a5_': -0.6238594153401698, '_a7_': -6.423461575891735, '_a0_': 1.0, '_a1_': 1.0, '_a3_': 1.0, '_a4_': 1.0, '_a6_': 1.0}};{'d0': 0.024905832919416605};-280.569866449044;48.063043719489826
21615;-92.2218895050319;(_a7_ * -(((_a5_ * (_a2_ * x)) * (x + ((pow2(-(x)) + _a2_) / _a5_)))));{'d0': {'_a2_': -0.5256917694678347, '_a5_': -0.6238594153401698, '_a7_': -6.423461575891735, '_a0_': 1.0, '_a1_': 1.0, '_a3_': 1.0, '_a4_': 1.0, '_a6_': 1.0}};{'d0': 0.024905832919416605};-280.569866449044;48.063043719489826
21616;-92.2218895050319;(_a7_ * -(((_a5_ * (_a2_ * x)) * (x + ((pow2(-(x)) + _a2_) / _a5_)))));{'d0': {'_a2_': -0.5256917694678347, '_a5_': -0.6238594153401698, '_a7_': -6.423461575891735, '_a0_': 1.0, '_a1_': 1.0, '_a3_': 1.0, '_a4_': 1.0, '_a6_': 1.0}};{'d0': 0.024905832919416605};-280.569866449044;48.063043719489826
21617;-92.2218895050319;(_a7_ * -(((_a5_ * (_a2_ * x)) * (x + ((pow2(-(x)) + _a2_) / _a5_)))));{'d0': {'_a2_': -0.5256917694678347, '_a5_': -0.6238594153401698, '_a7_': -6.423461575891735, '_a0_': 1.0, '_a1_': 1.0, '_a3_': 1.0, '_a4_': 1.0, '_a6_': 1.0}};{'d0': 0.024905832919416605};-280.569866449044;48.063043719489826
21618;-92.2218895050319;(_a7_ * -(((_a5_ * (_a2_ * x)) * (x + ((pow2(-(x)) + _a2_) / _a5_)))));{'d0': {'_a2_': -0.5256917694678347, '_a5_': -0.6238594153401698, '_a7_': -6.423461575891735, '_a0_': 1.0, '_a1_': 1.0, '_a3_': 1.0, '_a4_': 1.0, '_a6_': 1.0}};{'d0': 0.024905832919416605};-280.569866449044;48.063043719489826
21619;-92.2218895050319;(_a7_ * -(((_a5_ * (_a2_ * x)) * (x + ((pow2(-(x)) + _a2_) / _a5_)))));{'d0': {'_a2_': -0.5256917694678347, '_a5_': -0.6238594153401698, '_a7_': -6.423461575891735, '_a0_': 1.0, '_a1_': 1.0, '_a3_': 1.0, '_a4_': 1.0, '_a6_': 1.0}};{'d0': 0.024905832919416605};-280.569866449044;48.063043719489826
21620;-92.2218895050319;(_a7_ * -(((_a5_ * (_a2_ * x)) * (x + ((pow2(-(x)) + _a2_) / _a5_)))));{'d0': {'_a2_': -0.5256917694678347, '_a5_': -0.6238594153401698, '_a7_': -6.423461575891735, '_a0_': 1.0, '_a1_': 1.0, '_a3_': 1.0, '_a4_': 1.0, '_a6_': 1.0}};{'d0': 0.024905832919416605};-280.569866449044;48.063043719489826
21621;-92.2218895050319;(_a7_ * -(((_a5_ * (_a2_ * x)) * (x + ((pow2(-(x)) + _a2_) / _a5_)))));{'d0': {'_a2_': -0.5256917694678347, '_a5_': -0.6238594153401698, '_a7_': -6.423461575891735, '_a0_': 1.0, '_a1_': 1.0, '_a3_': 1.0, '_a4_': 1.0, '_a6_': 1.0}};{'d0': 0.024905832919416605};-280.569866449044;48.063043719489826
21622;-92.2218895050319;(_a7_ * -(((_a5_ * (_a2_ * x)) * (x + ((pow2(-(x)) + _a2_) / _a5_)))));{'d0': {'_a2_': -0.5256917694678347, '_a5_': -0.6238594153401698, '_a7_': -6.423461575891735, '_a0_': 1.0, '_a1_': 1.0, '_a3_': 1.0, '_a4_': 1.0, '_a6_': 1.0}};{'d0': 0.024905832919416605};-280.569866449044;48.063043719489826
21623;-92.2218895050319;(_a7_ * -(((_a5_ * (_a2_ * x)) * (x + ((pow2(-(x)) + _a2_) / _a5_)))));{'d0': {'_a2_': -0.5256917694678347, '_a5_': -0.6238594153401698, '_a7_': -6.423461575891735, '_a0_': 1.0, '_a1_': 1.0, '_a3_': 1.0, '_a4_': 1.0, '_a6_': 1.0}};{'d0': 0.024905832919416605};-280.569866449044;48.063043719489826
21624;-92.2218895050319;(_a7_ * -(((_a5_ * (_a2_ * x)) * (x + ((pow2(-(x)) + _a2_) / _a5_)))));{'d0': {'_a2_': -0.5256917694678347, '_a5_': -0.6238594153401698, '_a7_': -6.423461575891735, '_a0_': 1.0, '_a1_': 1.0, '_a3_': 1.0, '_a4_': 1.0, '_a6_': 1.0}};{'d0': 0.024905832919416605};-280.569866449044;48.063043719489826
21625;-98.7190323238558;(_a0_ * ((x * pow2(((_a5_ ** (_a0_ * _a1_)) * (x + _a5_)))) + x));{'d0': {'_a0_': 1.446576088415988, '_a1_': -0.2515141124540588, '_a5_': 0.31192970771609835, '_a2_': 1.0, '_a3_': 1.0, '_a4_': 1.0, '_a6_': 1.0, '_a7_': 1.0}};{'d0': 0.02490583291941659};-280.569866449044;41.56590090066598
21626;-98.7190323238558;(_a0_ * ((x * pow2(((_a5_ ** (_a0_ * _a1_)) * (x + _a5_)))) + x));{'d0': {'_a0_': 1.446576088415988, '_a1_': -0.2515141124540588, '_a5_': 0.31192970771609835, '_a2_': 1.0, '_a3_': 1.0, '_a4_': 1.0, '_a6_': 1.0, '_a7_': 1.0}};{'d0': 0.02490583291941659};-280.569866449044;41.56590090066598
21627;-98.7190323238558;(_a0_ * ((x * pow2(((_a5_ ** (_a0_ * _a1_)) * (x + _a5_)))) + x));{'d0': {'_a0_': 1.446576088415988, '_a1_': -0.2515141124540588, '_a5_': 0.31192970771609835, '_a2_': 1.0, '_a3_': 1.0, '_a4_': 1.0, '_a6_': 1.0, '_a7_': 1.0}};{'d0': 0.02490583291941659};-280.569866449044;41.56590090066598
21628;-98.7190323238558;(_a0_ * ((x * pow2(((_a5_ ** (_a0_ * _a1_)) * (x + _a5_)))) + x));{'d0': {'_a0_': 1.446576088415988, '_a1_': -0.2515141124540588, '_a5_': 0.31192970771609835, '_a2_': 1.0, '_a3_': 1.0, '_a4_': 1.0, '_a6_': 1.0, '_a7_': 1.0}};{'d0': 0.02490583291941659};-280.569866449044;41.56590090066598
21629;-98.7190323238558;(_a0_ * ((x * pow2(((_a5_ ** (_a0_ * _a1_)) * (x + _a5_)))) + x));{'d0': {'_a0_': 1.446576088415988, '_a1_': -0.2515141124540588, '_a5_': 0.31192970771609835, '_a2_': 1.0, '_a3_': 1.0, '_a4_': 1.0, '_a6_': 1.0, '_a7_': 1.0}};{'d0': 0.02490583291941659};-280.569866449044;41.56590090066598
21630;-98.7190323238558;(_a0_ * ((x * pow2(((_a5_ ** (_a0_ * _a1_)) * (x + _a5_)))) + x));{'d0': {'_a0_': 1.446576088415988, '_a1_': -0.2515141124540588, '_a5_': 0.31192970771609835, '_a2_': 1.0, '_a3_': 1.0, '_a4_': 1.0, '_a6_': 1.0, '_a7_': 1.0}};{'d0': 0.02490583291941659};-280.569866449044;41.56590090066598
21631;-98.7190323238558;(_a0_ * ((x * pow2(((_a5_ ** (_a0_ * _a1_)) * (x + _a5_)))) + x));{'d0': {'_a0_': 1.446576088415988, '_a1_': -0.2515141124540588, '_a5_': 0.31192970771609835, '_a2_': 1.0, '_a3_': 1.0, '_a4_': 1.0, '_a6_': 1.0, '_a7_': 1.0}};{'d0': 0.02490583291941659};-280.569866449044;41.56590090066598
21632;-98.7190323238558;(_a0_ * ((x * pow2(((_a5_ ** (_a0_ * _a1_)) * (x + _a5_)))) + x));{'d0': {'_a0_': 1.446576088415988, '_a1_': -0.2515141124540588, '_a5_': 0.31192970771609835, '_a2_': 1.0, '_a3_': 1.0, '_a4_': 1.0, '_a6_': 1.0, '_a7_': 1.0}};{'d0': 0.02490583291941659};-280.569866449044;41.56590090066598
21633;-98.7190323238558;(_a0_ * ((x * pow2(((_a5_ ** (_a0_ * _a1_)) * (x + _a5_)))) + x));{'d0': {'_a0_': 1.446576088415988, '_a1_': -0.2515141124540588, '_a5_': 0.31192970771609835, '_a2_': 1.0, '_a3_': 1.0, '_a4_': 1.0, '_a6_': 1.0, '_a7_': 1.0}};{'d0': 0.02490583291941659};-280.569866449044;41.56590090066598
21634;-98.7190323238558;(_a0_ * ((x * pow2(((_a5_ ** (_a0_ * _a1_)) * (x + _a5_)))) + x));{'d0': {'_a0_': 1.446576088415988, '_a1_': -0.2515141124540588, '_a5_': 0.31192970771609835, '_a2_': 1.0, '_a3_': 1.0, '_a4_': 1.0, '_a6_': 1.0, '_a7_': 1.0}};{'d0': 0.02490583291941659};-280.569866449044;41.56590090066598
21635;-98.7190323238558;(_a0_ * ((x * pow2(((_a5_ ** (_a0_ * _a1_)) * (x + _a5_)))) + x));{'d0': {'_a0_': 1.446576088415988, '_a1_': -0.2515141124540588, '_a5_': 0.31192970771609835, '_a2_': 1.0, '_a3_': 1.0, '_a4_': 1.0, '_a6_': 1.0, '_a7_': 1.0}};{'d0': 0.02490583291941659};-280.569866449044;41.56590090066598
21636;-99.4619796209257;(_a0_ * ((x * pow2(((_a5_ + (_a0_ * _a1_)) * (x + _a5_)))) + x));{'d0': {'_a0_': 1.4465760888652697, '_a1_': -1.2718138231529785, '_a5_': 0.31192970776889595, '_a2_': 1.0, '_a3_': 1.0, '_a4_': 1.0, '_a6_': 1.0, '_a7_': 1.0}};{'d0': 0.024905832919416684};-280.569866449043;40.82295360359598
21637;-99.4619796209257;(_a0_ * ((x * pow2(((_a5_ + (_a0_ * _a1_)) * (x + _a5_)))) + x));{'d0': {'_a0_': 1.4465760888652697, '_a1_': -1.2718138231529785, '_a5_': 0.31192970776889595, '_a2_': 1.0, '_a3_': 1.0, '_a4_': 1.0, '_a6_': 1.0, '_a7_': 1.0}};{'d0': 0.024905832919416684};-280.569866449043;40.82295360359598
21638;-99.4619796209257;(_a0_ * ((x * pow2(((_a5_ + (_a0_ * _a1_)) * (x + _a5_)))) + x));{'d0': {'_a0_': 1.4465760888652697, '_a1_': -1.2718138231529785, '_a5_': 0.31192970776889595, '_a2_': 1.0, '_a3_': 1.0, '_a4_': 1.0, '_a6_': 1.0, '_a7_': 1.0}};{'d0': 0.024905832919416684};-280.569866449043;40.82295360359598
21639;-99.4619796209257;(_a0_ * ((x * pow2(((_a5_ + (_a0_ * _a1_)) * (x + _a5_)))) + x));{'d0': {'_a0_': 1.4465760888652697, '_a1_': -1.2718138231529785, '_a5_': 0.31192970776889595, '_a2_': 1.0, '_a3_': 1.0, '_a4_': 1.0, '_a6_': 1.0, '_a7_': 1.0}};{'d0': 0.024905832919416684};-280.569866449043;40.82295360359598
21640;-99.4619796209257;(_a0_ * ((x * pow2(((_a5_ + (_a0_ * _a1_)) * (x + _a5_)))) + x));{'d0': {'_a0_': 1.4465760888652697, '_a1_': -1.2718138231529785, '_a5_': 0.31192970776889595, '_a2_': 1.0, '_a3_': 1.0, '_a4_': 1.0, '_a6_': 1.0, '_a7_': 1.0}};{'d0': 0.024905832919416684};-280.569866449043;40.82295360359598
21641;-99.4619796209257;(_a0_ * ((x * pow2(((_a5_ + (_a0_ * _a1_)) * (x + _a5_)))) + x));{'d0': {'_a0_': 1.4465760888652697, '_a1_': -1.2718138231529785, '_a5_': 0.31192970776889595, '_a2_': 1.0, '_a3_': 1.0, '_a4_': 1.0, '_a6_': 1.0, '_a7_': 1.0}};{'d0': 0.024905832919416684};-280.569866449043;40.82295360359598
21642;-99.4619796209257;(_a0_ * ((x * pow2(((_a5_ + (_a0_ * _a1_)) * (x + _a5_)))) + x));{'d0': {'_a0_': 1.4465760888652697, '_a1_': -1.2718138231529785, '_a5_': 0.31192970776889595, '_a2_': 1.0, '_a3_': 1.0, '_a4_': 1.0, '_a6_': 1.0, '_a7_': 1.0}};{'d0': 0.024905832919416684};-280.569866449043;40.82295360359598
21643;-99.4619796209257;(_a0_ * ((x * pow2(((_a5_ + (_a0_ * _a1_)) * (x + _a5_)))) + x));{'d0': {'_a0_': 1.4465760888652697, '_a1_': -1.2718138231529785, '_a5_': 0.31192970776889595, '_a2_': 1.0, '_a3_': 1.0, '_a4_': 1.0, '_a6_': 1.0, '_a7_': 1.0}};{'d0': 0.024905832919416684};-280.569866449043;40.82295360359598
21644;-92.2218895050319;(_a7_ * -(((_a5_ * (_a2_ * x)) * (x + ((pow2(-(x)) + _a2_) / _a5_)))));{'d0': {'_a2_': -0.5256917694678347, '_a5_': -0.6238594153401698, '_a7_': -6.423461575891735, '_a0_': 1.0, '_a1_': 1.0, '_a3_': 1.0, '_a4_': 1.0, '_a6_': 1.0}};{'d0': 0.024905832919416605};-280.569866449044;48.063043719489826
21645;-92.2218895050319;(_a7_ * -(((_a5_ * (_a2_ * x)) * (x + ((pow2(-(x)) + _a2_) / _a5_)))));{'d0': {'_a2_': -0.5256917694678347, '_a5_': -0.6238594153401698, '_a7_': -6.423461575891735, '_a0_': 1.0, '_a1_': 1.0, '_a3_': 1.0, '_a4_': 1.0, '_a6_': 1.0}};{'d0': 0.024905832919416605};-280.569866449044;48.063043719489826
21646;-92.2218895050319;(_a7_ * -(((_a5_ * (_a2_ * x)) * (x + ((pow2(-(x)) + _a2_) / _a5_)))));{'d0': {'_a2_': -0.5256917694678347, '_a5_': -0.6238594153401698, '_a7_': -6.423461575891735, '_a0_': 1.0, '_a1_': 1.0, '_a3_': 1.0, '_a4_': 1.0, '_a6_': 1.0}};{'d0': 0.024905832919416605};-280.569866449044;48.063043719489826
21647;-92.2218895050319;(_a7_ * -(((_a5_ * (_a2_ * x)) * (x + ((pow2(-(x)) + _a2_) / _a5_)))));{'d0': {'_a2_': -0.5256917694678347, '_a5_': -0.6238594153401698, '_a7_': -6.423461575891735, '_a0_': 1.0, '_a1_': 1.0, '_a3_': 1.0, '_a4_': 1.0, '_a6_': 1.0}};{'d0': 0.024905832919416605};-280.569866449044;48.063043719489826
21648;-92.2218895050319;(_a7_ * -(((_a5_ * (_a2_ * x)) * (x + ((pow2(-(x)) + _a2_) / _a5_)))));{'d0': {'_a2_': -0.5256917694678347, '_a5_': -0.6238594153401698, '_a7_': -6.423461575891735, '_a0_': 1.0, '_a1_': 1.0, '_a3_': 1.0, '_a4_': 1.0, '_a6_': 1.0}};{'d0': 0.024905832919416605};-280.569866449044;48.063043719489826
21649;-92.2218895050319;(_a7_ * -(((_a5_ * (_a2_ * x)) * (x + ((pow2(-(x)) + _a2_) / _a5_)))));{'d0': {'_a2_': -0.5256917694678347, '_a5_': -0.6238594153401698, '_a7_': -6.423461575891735, '_a0_': 1.0, '_a1_': 1.0, '_a3_': 1.0, '_a4_': 1.0, '_a6_': 1.0}};{'d0': 0.024905832919416605};-280.569866449044;48.063043719489826
21650;-99.4619796209257;(_a0_ * ((x * pow2(((_a5_ + (_a0_ * _a1_)) * (x + _a5_)))) + x));{'d0': {'_a0_': 1.4465760888652697, '_a1_': -1.2718138231529785, '_a5_': 0.31192970776889595, '_a2_': 1.0, '_a3_': 1.0, '_a4_': 1.0, '_a6_': 1.0, '_a7_': 1.0}};{'d0': 0.024905832919416684};-280.569866449043;40.82295360359598
21651;-99.4619796209257;(_a0_ * ((x * pow2(((_a5_ + (_a0_ * _a1_)) * (x + _a5_)))) + x));{'d0': {'_a0_': 1.4465760888652697, '_a1_': -1.2718138231529785, '_a5_': 0.31192970776889595, '_a2_': 1.0, '_a3_': 1.0, '_a4_': 1.0, '_a6_': 1.0, '_a7_': 1.0}};{'d0': 0.024905832919416684};-280.569866449043;40.82295360359598
21652;-99.4619796209257;(_a0_ * ((x * pow2(((_a5_ + (_a0_ * _a1_)) * (x + _a5_)))) + x));{'d0': {'_a0_': 1.4465760888652697, '_a1_': -1.2718138231529785, '_a5_': 0.31192970776889595, '_a2_': 1.0, '_a3_': 1.0, '_a4_': 1.0, '_a6_': 1.0, '_a7_': 1.0}};{'d0': 0.024905832919416684};-280.569866449043;40.82295360359598
21653;-99.4619796209257;(_a0_ * ((x * pow2(((_a5_ + (_a0_ * _a1_)) * (x + _a5_)))) + x));{'d0': {'_a0_': 1.4465760888652697, '_a1_': -1.2718138231529785, '_a5_': 0.31192970776889595, '_a2_': 1.0, '_a3_': 1.0, '_a4_': 1.0, '_a6_': 1.0, '_a7_': 1.0}};{'d0': 0.024905832919416684};-280.569866449043;40.82295360359598
21654;-99.4619796209257;(_a0_ * ((x * pow2(((_a5_ + (_a0_ * _a1_)) * (x + _a5_)))) + x));{'d0': {'_a0_': 1.4465760888652697, '_a1_': -1.2718138231529785, '_a5_': 0.31192970776889595, '_a2_': 1.0, '_a3_': 1.0, '_a4_': 1.0, '_a6_': 1.0, '_a7_': 1.0}};{'d0': 0.024905832919416684};-280.569866449043;40.82295360359598
21655;-99.4619796209257;(_a0_ * ((x * pow2(((_a5_ + (_a0_ * _a1_)) * (x + _a5_)))) + x));{'d0': {'_a0_': 1.4465760888652697, '_a1_': -1.2718138231529785, '_a5_': 0.31192970776889595, '_a2_': 1.0, '_a3_': 1.0, '_a4_': 1.0, '_a6_': 1.0, '_a7_': 1.0}};{'d0': 0.024905832919416684};-280.569866449043;40.82295360359598
21656;-99.4619796209257;(_a0_ * ((x * pow2(((_a5_ + (_a0_ * _a1_)) * (x + _a5_)))) + x));{'d0': {'_a0_': 1.4465760888652697, '_a1_': -1.2718138231529785, '_a5_': 0.31192970776889595, '_a2_': 1.0, '_a3_': 1.0, '_a4_': 1.0, '_a6_': 1.0, '_a7_': 1.0}};{'d0': 0.024905832919416684};-280.569866449043;40.82295360359598
21657;-99.4619796209257;(_a0_ * ((x * pow2(((_a5_ + (_a0_ * _a1_)) * (x + _a5_)))) + x));{'d0': {'_a0_': 1.4465760888652697, '_a1_': -1.2718138231529785, '_a5_': 0.31192970776889595, '_a2_': 1.0, '_a3_': 1.0, '_a4_': 1.0, '_a6_': 1.0, '_a7_': 1.0}};{'d0': 0.024905832919416684};-280.569866449043;40.82295360359598
21658;-99.4619796209257;(_a0_ * ((x * pow2(((_a5_ + (_a0_ * _a1_)) * (x + _a5_)))) + x));{'d0': {'_a0_': 1.4465760888652697, '_a1_': -1.2718138231529785, '_a5_': 0.31192970776889595, '_a2_': 1.0, '_a3_': 1.0, '_a4_': 1.0, '_a6_': 1.0, '_a7_': 1.0}};{'d0': 0.024905832919416684};-280.569866449043;40.82295360359598
21659;-99.4619796209257;(_a0_ * ((x * pow2(((_a5_ + (_a0_ * _a1_)) * (x + _a5_)))) + x));{'d0': {'_a0_': 1.4465760888652697, '_a1_': -1.2718138231529785, '_a5_': 0.31192970776889595, '_a2_': 1.0, '_a3_': 1.0, '_a4_': 1.0, '_a6_': 1.0, '_a7_': 1.0}};{'d0': 0.024905832919416684};-280.569866449043;40.82295360359598
21660;-99.4619796209258;(_a0_ * ((x * pow2(((_a5_ + (_a0_ * _a1_)) * (x + _a1_)))) + x));{'d0': {'_a0_': 1.4465760894822615, '_a1_': 0.31192970794517955, '_a5_': 1.0766157009593742, '_a2_': 1.0, '_a3_': 1.0, '_a4_': 1.0, '_a6_': 1.0, '_a7_': 1.0}};{'d0': 0.02490583291941659};-280.569866449044;40.82295360359598
21661;-99.4619796209258;(_a0_ * ((x * pow2(((_a5_ + (_a0_ * _a1_)) * (x + _a1_)))) + x));{'d0': {'_a0_': 1.4465760894822615, '_a1_': 0.31192970794517955, '_a5_': 1.0766157009593742, '_a2_': 1.0, '_a3_': 1.0, '_a4_': 1.0, '_a6_': 1.0, '_a7_': 1.0}};{'d0': 0.02490583291941659};-280.569866449044;40.82295360359598
21662;-99.4619796209258;(_a0_ * ((x * pow2(((_a5_ + (_a0_ * _a1_)) * (x + _a1_)))) + x));{'d0': {'_a0_': 1.4465760894822615, '_a1_': 0.31192970794517955, '_a5_': 1.0766157009593742, '_a2_': 1.0, '_a3_': 1.0, '_a4_': 1.0, '_a6_': 1.0, '_a7_': 1.0}};{'d0': 0.02490583291941659};-280.569866449044;40.82295360359598
21663;-99.4619796209258;(_a0_ * ((x * pow2(((_a5_ + (_a0_ * _a1_)) * (x + _a1_)))) + x));{'d0': {'_a0_': 1.4465760894822615, '_a1_': 0.31192970794517955, '_a5_': 1.0766157009593742, '_a2_': 1.0, '_a3_': 1.0, '_a4_': 1.0, '_a6_': 1.0, '_a7_': 1.0}};{'d0': 0.02490583291941659};-280.569866449044;40.82295360359598
21664;-99.4619796209258;(_a0_ * ((x * pow2(((_a5_ + (_a0_ * _a1_)) * (x + _a1_)))) + x));{'d0': {'_a0_': 1.4465760894822615, '_a1_': 0.31192970794517955, '_a5_': 1.0766157009593742, '_a2_': 1.0, '_a3_': 1.0, '_a4_': 1.0, '_a6_': 1.0, '_a7_': 1.0}};{'d0': 0.02490583291941659};-280.569866449044;40.82295360359598
21665;-99.4619796209258;(_a0_ * ((x * pow2(((_a5_ + (_a0_ * _a1_)) * (x + _a1_)))) + x));{'d0': {'_a0_': 1.4465760894822615, '_a1_': 0.31192970794517955, '_a5_': 1.0766157009593742, '_a2_': 1.0, '_a3_': 1.0, '_a4_': 1.0, '_a6_': 1.0, '_a7_': 1.0}};{'d0': 0.02490583291941659};-280.569866449044;40.82295360359598
21666;-99.4619796209258;(_a0_ * ((x * pow2(((_a5_ + (_a0_ * _a1_)) * (x + _a1_)))) + x));{'d0': {'_a0_': 1.4465760894822615, '_a1_': 0.31192970794517955, '_a5_': 1.0766157009593742, '_a2_': 1.0, '_a3_': 1.0, '_a4_': 1.0, '_a6_': 1.0, '_a7_': 1.0}};{'d0': 0.02490583291941659};-280.569866449044;40.82295360359598
21667;-99.4619796209258;(_a0_ * ((x * pow2(((_a5_ + (_a0_ * _a1_)) * (x + _a1_)))) + x));{'d0': {'_a0_': 1.4465760894822615, '_a1_': 0.31192970794517955, '_a5_': 1.0766157009593742, '_a2_': 1.0, '_a3_': 1.0, '_a4_': 1.0, '_a6_': 1.0, '_a7_': 1.0}};{'d0': 0.02490583291941659};-280.569866449044;40.82295360359598
21668;-99.4619796209258;(_a0_ * ((x * pow2(((_a5_ + (_a0_ * _a1_)) * (x + _a1_)))) + x));{'d0': {'_a0_': 1.4465760894822615, '_a1_': 0.31192970794517955, '_a5_': 1.0766157009593742, '_a2_': 1.0, '_a3_': 1.0, '_a4_': 1.0, '_a6_': 1.0, '_a7_': 1.0}};{'d0': 0.02490583291941659};-280.569866449044;40.82295360359598
21669;-99.4619796209258;(_a0_ * ((x * pow2(((_a5_ + (_a0_ * _a1_)) * (x + _a1_)))) + x));{'d0': {'_a0_': 1.4465760894822615, '_a1_': 0.31192970794517955, '_a5_': 1.0766157009593742, '_a2_': 1.0, '_a3_': 1.0, '_a4_': 1.0, '_a6_': 1.0, '_a7_': 1.0}};{'d0': 0.02490583291941659};-280.569866449044;40.82295360359598
21670;-99.4619796209258;(_a0_ * ((x * pow2(((_a5_ + (_a0_ * _a1_)) * (x + _a1_)))) + x));{'d0': {'_a0_': 1.4465760894822615, '_a1_': 0.31192970794517955, '_a5_': 1.0766157009593742, '_a2_': 1.0, '_a3_': 1.0, '_a4_': 1.0, '_a6_': 1.0, '_a7_': 1.0}};{'d0': 0.02490583291941659};-280.569866449044;40.82295360359598
21671;-99.4619796209258;(_a0_ * ((x * pow2(((_a5_ + (_a0_ * _a1_)) * (x + _a1_)))) + x));{'d0': {'_a0_': 1.4465760894822615, '_a1_': 0.31192970794517955, '_a5_': 1.0766157009593742, '_a2_': 1.0, '_a3_': 1.0, '_a4_': 1.0, '_a6_': 1.0, '_a7_': 1.0}};{'d0': 0.02490583291941659};-280.569866449044;40.82295360359598
21672;-97.1712294304888;(_a7_ * -(((_a5_ * x) * (x + ((pow2(-(x)) + _a2_) / _a5_)))));{'d0': {'_a2_': -0.5256917703023865, '_a5_': -0.6238594154847928, '_a7_': 3.3767608785223255, '_a0_': 1.0, '_a1_': 1.0, '_a3_': 1.0, '_a4_': 1.0, '_a6_': 1.0}};{'d0': 0.024905832919416657};-280.569866449044;43.11370379403283
21673;-97.1712294304888;(_a7_ * -(((_a5_ * x) * (x + ((pow2(-(x)) + _a2_) / _a5_)))));{'d0': {'_a2_': -0.5256917703023865, '_a5_': -0.6238594154847928, '_a7_': 3.3767608785223255, '_a0_': 1.0, '_a1_': 1.0, '_a3_': 1.0, '_a4_': 1.0, '_a6_': 1.0}};{'d0': 0.024905832919416657};-280.569866449044;43.11370379403283
21674;-97.1712294304888;(_a7_ * -(((_a5_ * x) * (x + ((pow2(-(x)) + _a2_) / _a5_)))));{'d0': {'_a2_': -0.5256917703023865, '_a5_': -0.6238594154847928, '_a7_': 3.3767608785223255, '_a0_': 1.0, '_a1_': 1.0, '_a3_': 1.0, '_a4_': 1.0, '_a6_': 1.0}};{'d0': 0.024905832919416657};-280.569866449044;43.11370379403283
21675;-97.1712294304888;(_a7_ * -(((_a5_ * x) * (x + ((pow2(-(x)) + _a2_) / _a5_)))));{'d0': {'_a2_': -0.5256917703023865, '_a5_': -0.6238594154847928, '_a7_': 3.3767608785223255, '_a0_': 1.0, '_a1_': 1.0, '_a3_': 1.0, '_a4_': 1.0, '_a6_': 1.0}};{'d0': 0.024905832919416657};-280.569866449044;43.11370379403283
21676;-99.4619796209258;(_a0_ * ((x * pow2(((_a5_ + (_a0_ * _a1_)) * (x + _a1_)))) + x));{'d0': {'_a0_': 1.4465760894822615, '_a1_': 0.31192970794517955, '_a5_': 1.0766157009593742, '_a2_': 1.0, '_a3_': 1.0, '_a4_': 1.0, '_a6_': 1.0, '_a7_': 1.0}};{'d0': 0.02490583291941659};-280.569866449044;40.82295360359598
21677;-99.4619796209258;(_a0_ * ((x * pow2(((_a5_ + (_a0_ * _a1_)) * (x + _a1_)))) + x));{'d0': {'_a0_': 1.4465760894822615, '_a1_': 0.31192970794517955, '_a5_': 1.0766157009593742, '_a2_': 1.0, '_a3_': 1.0, '_a4_': 1.0, '_a6_': 1.0, '_a7_': 1.0}};{'d0': 0.02490583291941659};-280.569866449044;40.82295360359598
21678;-99.4619796209258;(_a0_ * ((x * pow2(((_a5_ + (_a0_ * _a1_)) * (x + _a1_)))) + x));{'d0': {'_a0_': 1.4465760894822615, '_a1_': 0.31192970794517955, '_a5_': 1.0766157009593742, '_a2_': 1.0, '_a3_': 1.0, '_a4_': 1.0, '_a6_': 1.0, '_a7_': 1.0}};{'d0': 0.02490583291941659};-280.569866449044;40.82295360359598
21679;-99.4619796209258;(_a0_ * ((x * pow2(((_a5_ + (_a0_ * _a1_)) * (x + _a1_)))) + x));{'d0': {'_a0_': 1.4465760894822615, '_a1_': 0.31192970794517955, '_a5_': 1.0766157009593742, '_a2_': 1.0, '_a3_': 1.0, '_a4_': 1.0, '_a6_': 1.0, '_a7_': 1.0}};{'d0': 0.02490583291941659};-280.569866449044;40.82295360359598
21680;-99.4619796209258;(_a0_ * ((x * pow2(((_a5_ + (_a0_ * _a1_)) * (x + _a1_)))) + x));{'d0': {'_a0_': 1.4465760894822615, '_a1_': 0.31192970794517955, '_a5_': 1.0766157009593742, '_a2_': 1.0, '_a3_': 1.0, '_a4_': 1.0, '_a6_': 1.0, '_a7_': 1.0}};{'d0': 0.02490583291941659};-280.569866449044;40.82295360359598
21681;-99.4619796209258;(_a0_ * ((x * pow2(((_a5_ + (_a0_ * _a1_)) * (x + _a1_)))) + x));{'d0': {'_a0_': 1.4465760894822615, '_a1_': 0.31192970794517955, '_a5_': 1.0766157009593742, '_a2_': 1.0, '_a3_': 1.0, '_a4_': 1.0, '_a6_': 1.0, '_a7_': 1.0}};{'d0': 0.02490583291941659};-280.569866449044;40.82295360359598
21682;-99.4619796209258;(_a0_ * ((x * pow2(((_a5_ + (_a0_ * _a1_)) * (x + _a1_)))) + x));{'d0': {'_a0_': 1.4465760894822615, '_a1_': 0.31192970794517955, '_a5_': 1.0766157009593742, '_a2_': 1.0, '_a3_': 1.0, '_a4_': 1.0, '_a6_': 1.0, '_a7_': 1.0}};{'d0': 0.02490583291941659};-280.569866449044;40.82295360359598
21683;-99.4619796209258;(_a0_ * ((x * pow2(((_a5_ + (_a0_ * _a1_)) * (x + _a1_)))) + x));{'d0': {'_a0_': 1.4465760894822615, '_a1_': 0.31192970794517955, '_a5_': 1.0766157009593742, '_a2_': 1.0, '_a3_': 1.0, '_a4_': 1.0, '_a6_': 1.0, '_a7_': 1.0}};{'d0': 0.02490583291941659};-280.569866449044;40.82295360359598
21684;-99.4619796209258;(_a0_ * ((x * pow2(((_a5_ + (_a0_ * _a1_)) * (x + _a1_)))) + x));{'d0': {'_a0_': 1.4465760894822615, '_a1_': 0.31192970794517955, '_a5_': 1.0766157009593742, '_a2_': 1.0, '_a3_': 1.0, '_a4_': 1.0, '_a6_': 1.0, '_a7_': 1.0}};{'d0': 0.02490583291941659};-280.569866449044;40.82295360359598
21685;-99.4619796209258;(_a0_ * ((x * pow2(((_a5_ + (_a0_ * _a1_)) * (x + _a1_)))) + x));{'d0': {'_a0_': 1.4465760894822615, '_a1_': 0.31192970794517955, '_a5_': 1.0766157009593742, '_a2_': 1.0, '_a3_': 1.0, '_a4_': 1.0, '_a6_': 1.0, '_a7_': 1.0}};{'d0': 0.02490583291941659};-280.569866449044;40.82295360359598
21686;-99.4619796209258;(_a0_ * ((x * pow2(((_a5_ + (_a0_ * _a1_)) * (x + _a1_)))) + x));{'d0': {'_a0_': 1.4465760894822615, '_a1_': 0.31192970794517955, '_a5_': 1.0766157009593742, '_a2_': 1.0, '_a3_': 1.0, '_a4_': 1.0, '_a6_': 1.0, '_a7_': 1.0}};{'d0': 0.02490583291941659};-280.569866449044;40.82295360359598
21687;-99.4619796209258;(_a0_ * ((x * pow2(((_a5_ + (_a0_ * _a1_)) * (x + _a1_)))) + x));{'d0': {'_a0_': 1.4465760894822615, '_a1_': 0.31192970794517955, '_a5_': 1.0766157009593742, '_a2_': 1.0, '_a3_': 1.0, '_a4_': 1.0, '_a6_': 1.0, '_a7_': 1.0}};{'d0': 0.02490583291941659};-280.569866449044;40.82295360359598
21688;-99.4619796209258;(_a0_ * ((x * pow2(((_a5_ + (_a0_ * _a1_)) * (x + _a1_)))) + x));{'d0': {'_a0_': 1.4465760894822615, '_a1_': 0.31192970794517955, '_a5_': 1.0766157009593742, '_a2_': 1.0, '_a3_': 1.0, '_a4_': 1.0, '_a6_': 1.0, '_a7_': 1.0}};{'d0': 0.02490583291941659};-280.569866449044;40.82295360359598
21689;-99.4619796209258;(_a0_ * ((x * pow2(((_a5_ + (_a0_ * _a1_)) * (x + _a1_)))) + x));{'d0': {'_a0_': 1.4465760894822615, '_a1_': 0.31192970794517955, '_a5_': 1.0766157009593742, '_a2_': 1.0, '_a3_': 1.0, '_a4_': 1.0, '_a6_': 1.0, '_a7_': 1.0}};{'d0': 0.02490583291941659};-280.569866449044;40.82295360359598
21690;-99.4619796209255;(_a5_ * ((x * pow2(((_a5_ + (_a0_ * _a1_)) * (x + _a1_)))) + x));{'d0': {'_a0_': 0.2605384567312342, '_a1_': 0.3119297073866293, '_a5_': 1.4465760817975302, '_a2_': 1.0, '_a3_': 1.0, '_a4_': 1.0, '_a6_': 1.0, '_a7_': 1.0}};{'d0': 0.024905832919416854};-280.569866449043;40.82295360359598
21691;-99.4619796209255;(_a5_ * ((x * pow2(((_a5_ + (_a0_ * _a1_)) * (x + _a1_)))) + x));{'d0': {'_a0_': 0.2605384567312342, '_a1_': 0.3119297073866293, '_a5_': 1.4465760817975302, '_a2_': 1.0, '_a3_': 1.0, '_a4_': 1.0, '_a6_': 1.0, '_a7_': 1.0}};{'d0': 0.024905832919416854};-280.569866449043;40.82295360359598
21692;-99.4619796209255;(_a5_ * ((x * pow2(((_a5_ + (_a0_ * _a1_)) * (x + _a1_)))) + x));{'d0': {'_a0_': 0.2605384567312342, '_a1_': 0.3119297073866293, '_a5_': 1.4465760817975302, '_a2_': 1.0, '_a3_': 1.0, '_a4_': 1.0, '_a6_': 1.0, '_a7_': 1.0}};{'d0': 0.024905832919416854};-280.569866449043;40.82295360359598
21693;-99.4619796209255;(_a5_ * ((x * pow2(((_a5_ + (_a0_ * _a1_)) * (x + _a1_)))) + x));{'d0': {'_a0_': 0.2605384567312342, '_a1_': 0.3119297073866293, '_a5_': 1.4465760817975302, '_a2_': 1.0, '_a3_': 1.0, '_a4_': 1.0, '_a6_': 1.0, '_a7_': 1.0}};{'d0': 0.024905832919416854};-280.569866449043;40.82295360359598
21694;-99.4619796209255;(_a5_ * ((x * pow2(((_a5_ + (_a0_ * _a1_)) * (x + _a1_)))) + x));{'d0': {'_a0_': 0.2605384567312342, '_a1_': 0.3119297073866293, '_a5_': 1.4465760817975302, '_a2_': 1.0, '_a3_': 1.0, '_a4_': 1.0, '_a6_': 1.0, '_a7_': 1.0}};{'d0': 0.024905832919416854};-280.569866449043;40.82295360359598
21695;-99.4619796209255;(_a5_ * ((x * pow2(((_a5_ + (_a0_ * _a1_)) * (x + _a1_)))) + x));{'d0': {'_a0_': 0.2605384567312342, '_a1_': 0.3119297073866293, '_a5_': 1.4465760817975302, '_a2_': 1.0, '_a3_': 1.0, '_a4_': 1.0, '_a6_': 1.0, '_a7_': 1.0}};{'d0': 0.024905832919416854};-280.569866449043;40.82295360359598
21696;-99.4619796209255;(_a5_ * ((x * pow2(((_a5_ + (_a0_ * _a1_)) * (x + _a1_)))) + x));{'d0': {'_a0_': 0.2605384567312342, '_a1_': 0.3119297073866293, '_a5_': 1.4465760817975302, '_a2_': 1.0, '_a3_': 1.0, '_a4_': 1.0, '_a6_': 1.0, '_a7_': 1.0}};{'d0': 0.024905832919416854};-280.569866449043;40.82295360359598
21697;-103.335408388702;(((pow2((_a4_ * (_a7_ * (x + _a0_)))) + _a2_) * _a7_) * x);{'d0': {'_a0_': 0.3119297078802648, '_a2_': 10.418892512049396, '_a4_': 35.519804269848855, '_a7_': 0.13884163438951114, '_a1_': 1.0, '_a3_': 1.0, '_a5_': 1.0, '_a6_': 1.0}};{'d0': 0.024905832919535447};-276.475521886535;34.902352554565866
21698;-103.335408388702;(((pow2((_a4_ * (_a7_ * (x + _a0_)))) + _a2_) * _a7_) * x);{'d0': {'_a0_': 0.3119297078802648, '_a2_': 10.418892512049396, '_a4_': 35.519804269848855, '_a7_': 0.13884163438951114, '_a1_': 1.0, '_a3_': 1.0, '_a5_': 1.0, '_a6_': 1.0}};{'d0': 0.024905832919535447};-276.475521886535;34.902352554565866
21699;-103.335408388702;(((pow2((_a4_ * (_a7_ * (x + _a0_)))) + _a2_) * _a7_) * x);{'d0': {'_a0_': 0.3119297078802648, '_a2_': 10.418892512049396, '_a4_': 35.519804269848855, '_a7_': 0.13884163438951114, '_a1_': 1.0, '_a3_': 1.0, '_a5_': 1.0, '_a6_': 1.0}};{'d0': 0.024905832919535447};-276.475521886535;34.902352554565866
21700;-103.335408388702;(((pow2((_a4_ * (_a7_ * (x + _a0_)))) + _a2_) * _a7_) * x);{'d0': {'_a0_': 0.3119297078802648, '_a2_': 10.418892512049396, '_a4_': 35.519804269848855, '_a7_': 0.13884163438951114, '_a1_': 1.0, '_a3_': 1.0, '_a5_': 1.0, '_a6_': 1.0}};{'d0': 0.024905832919535447};-276.475521886535;34.902352554565866
21701;-103.335408388702;(((pow2((_a4_ * (_a7_ * (x + _a0_)))) + _a2_) * _a7_) * x);{'d0': {'_a0_': 0.3119297078802648, '_a2_': 10.418892512049396, '_a4_': 35.519804269848855, '_a7_': 0.13884163438951114, '_a1_': 1.0, '_a3_': 1.0, '_a5_': 1.0, '_a6_': 1.0}};{'d0': 0.024905832919535447};-276.475521886535;34.902352554565866
21702;-103.335408388702;(((pow2((_a4_ * (_a7_ * (x + _a0_)))) + _a2_) * _a7_) * x);{'d0': {'_a0_': 0.3119297078802648, '_a2_': 10.418892512049396, '_a4_': 35.519804269848855, '_a7_': 0.13884163438951114, '_a1_': 1.0, '_a3_': 1.0, '_a5_': 1.0, '_a6_': 1.0}};{'d0': 0.024905832919535447};-276.475521886535;34.902352554565866
21703;-103.335408388702;(((pow2((_a4_ * (_a7_ * (x + _a0_)))) + _a2_) * _a7_) * x);{'d0': {'_a0_': 0.3119297078802648, '_a2_': 10.418892512049396, '_a4_': 35.519804269848855, '_a7_': 0.13884163438951114, '_a1_': 1.0, '_a3_': 1.0, '_a5_': 1.0, '_a6_': 1.0}};{'d0': 0.024905832919535447};-276.475521886535;34.902352554565866
21704;-103.335408388702;(((pow2((_a4_ * (_a7_ * (x + _a0_)))) + _a2_) * _a7_) * x);{'d0': {'_a0_': 0.3119297078802648, '_a2_': 10.418892512049396, '_a4_': 35.519804269848855, '_a7_': 0.13884163438951114, '_a1_': 1.0, '_a3_': 1.0, '_a5_': 1.0, '_a6_': 1.0}};{'d0': 0.024905832919535447};-276.475521886535;34.902352554565866
21705;-103.335408388702;(((pow2((_a4_ * (_a7_ * (x + _a0_)))) + _a2_) * _a7_) * x);{'d0': {'_a0_': 0.3119297078802648, '_a2_': 10.418892512049396, '_a4_': 35.519804269848855, '_a7_': 0.13884163438951114, '_a1_': 1.0, '_a3_': 1.0, '_a5_': 1.0, '_a6_': 1.0}};{'d0': 0.024905832919535447};-276.475521886535;34.902352554565866
21706;-103.335408388702;(((pow2((_a4_ * (_a7_ * (x + _a0_)))) + _a2_) * _a7_) * x);{'d0': {'_a0_': 0.3119297078802648, '_a2_': 10.418892512049396, '_a4_': 35.519804269848855, '_a7_': 0.13884163438951114, '_a1_': 1.0, '_a3_': 1.0, '_a5_': 1.0, '_a6_': 1.0}};{'d0': 0.024905832919535447};-276.475521886535;34.902352554565866
21707;-103.335408388702;(((pow2((_a4_ * (_a7_ * (x + _a0_)))) + _a2_) * _a7_) * x);{'d0': {'_a0_': 0.3119297078802648, '_a2_': 10.418892512049396, '_a4_': 35.519804269848855, '_a7_': 0.13884163438951114, '_a1_': 1.0, '_a3_': 1.0, '_a5_': 1.0, '_a6_': 1.0}};{'d0': 0.024905832919535447};-276.475521886535;34.902352554565866
21708;-103.335408388702;(((pow2((_a4_ * (_a7_ * (x + _a0_)))) + _a2_) * _a7_) * x);{'d0': {'_a0_': 0.3119297078802648, '_a2_': 10.418892512049396, '_a4_': 35.519804269848855, '_a7_': 0.13884163438951114, '_a1_': 1.0, '_a3_': 1.0, '_a5_': 1.0, '_a6_': 1.0}};{'d0': 0.024905832919535447};-276.475521886535;34.902352554565866
21709;-103.335408388702;(((pow2((_a4_ * (_a7_ * (x + _a0_)))) + _a2_) * _a7_) * x);{'d0': {'_a0_': 0.3119297078802648, '_a2_': 10.418892512049396, '_a4_': 35.519804269848855, '_a7_': 0.13884163438951114, '_a1_': 1.0, '_a3_': 1.0, '_a5_': 1.0, '_a6_': 1.0}};{'d0': 0.024905832919535447};-276.475521886535;34.902352554565866
21710;-103.335408388702;(((pow2((_a4_ * (_a7_ * (x + _a0_)))) + _a2_) * _a7_) * x);{'d0': {'_a0_': 0.3119297078802648, '_a2_': 10.418892512049396, '_a4_': 35.519804269848855, '_a7_': 0.13884163438951114, '_a1_': 1.0, '_a3_': 1.0, '_a5_': 1.0, '_a6_': 1.0}};{'d0': 0.024905832919535447};-276.475521886535;34.902352554565866
21711;-103.335408388702;(((pow2((_a4_ * (_a7_ * (x + _a0_)))) + _a2_) * _a7_) * x);{'d0': {'_a0_': 0.3119297078802648, '_a2_': 10.418892512049396, '_a4_': 35.519804269848855, '_a7_': 0.13884163438951114, '_a1_': 1.0, '_a3_': 1.0, '_a5_': 1.0, '_a6_': 1.0}};{'d0': 0.024905832919535447};-276.475521886535;34.902352554565866
21712;-103.335408388702;(((pow2((_a4_ * (_a7_ * (x + _a0_)))) + _a2_) * _a7_) * x);{'d0': {'_a0_': 0.3119297078802648, '_a2_': 10.418892512049396, '_a4_': 35.519804269848855, '_a7_': 0.13884163438951114, '_a1_': 1.0, '_a3_': 1.0, '_a5_': 1.0, '_a6_': 1.0}};{'d0': 0.024905832919535447};-276.475521886535;34.902352554565866
21713;-103.335408388702;(((pow2((_a4_ * (_a7_ * (x + _a0_)))) + _a2_) * _a7_) * x);{'d0': {'_a0_': 0.3119297078802648, '_a2_': 10.418892512049396, '_a4_': 35.519804269848855, '_a7_': 0.13884163438951114, '_a1_': 1.0, '_a3_': 1.0, '_a5_': 1.0, '_a6_': 1.0}};{'d0': 0.024905832919535447};-276.475521886535;34.902352554565866
21714;-103.335408388702;(((pow2((_a4_ * (_a7_ * (x + _a0_)))) + _a2_) * _a7_) * x);{'d0': {'_a0_': 0.3119297078802648, '_a2_': 10.418892512049396, '_a4_': 35.519804269848855, '_a7_': 0.13884163438951114, '_a1_': 1.0, '_a3_': 1.0, '_a5_': 1.0, '_a6_': 1.0}};{'d0': 0.024905832919535447};-276.475521886535;34.902352554565866
21715;-103.335408388702;(((pow2((_a4_ * (_a7_ * (x + _a0_)))) + _a2_) * _a7_) * x);{'d0': {'_a0_': 0.3119297078802648, '_a2_': 10.418892512049396, '_a4_': 35.519804269848855, '_a7_': 0.13884163438951114, '_a1_': 1.0, '_a3_': 1.0, '_a5_': 1.0, '_a6_': 1.0}};{'d0': 0.024905832919535447};-276.475521886535;34.902352554565866
21716;-103.335408388702;(((pow2((_a4_ * (_a7_ * (x + _a0_)))) + _a2_) * _a7_) * x);{'d0': {'_a0_': 0.3119297078802648, '_a2_': 10.418892512049396, '_a4_': 35.519804269848855, '_a7_': 0.13884163438951114, '_a1_': 1.0, '_a3_': 1.0, '_a5_': 1.0, '_a6_': 1.0}};{'d0': 0.024905832919535447};-276.475521886535;34.902352554565866
21717;-103.335408388702;(((pow2((_a4_ * (_a7_ * (x + _a0_)))) + _a2_) * _a7_) * x);{'d0': {'_a0_': 0.3119297078802648, '_a2_': 10.418892512049396, '_a4_': 35.519804269848855, '_a7_': 0.13884163438951114, '_a1_': 1.0, '_a3_': 1.0, '_a5_': 1.0, '_a6_': 1.0}};{'d0': 0.024905832919535447};-276.475521886535;34.902352554565866
21718;-103.335408388702;(((pow2((_a4_ * (_a7_ * (x + _a0_)))) + _a2_) * _a7_) * x);{'d0': {'_a0_': 0.3119297078802648, '_a2_': 10.418892512049396, '_a4_': 35.519804269848855, '_a7_': 0.13884163438951114, '_a1_': 1.0, '_a3_': 1.0, '_a5_': 1.0, '_a6_': 1.0}};{'d0': 0.024905832919535447};-276.475521886535;34.902352554565866
21719;-103.335408388702;(((pow2((_a4_ * (_a7_ * (x + _a0_)))) + _a2_) * _a7_) * x);{'d0': {'_a0_': 0.3119297078802648, '_a2_': 10.418892512049396, '_a4_': 35.519804269848855, '_a7_': 0.13884163438951114, '_a1_': 1.0, '_a3_': 1.0, '_a5_': 1.0, '_a6_': 1.0}};{'d0': 0.024905832919535447};-276.475521886535;34.902352554565866
21720;-103.335408388702;(((pow2((_a4_ * (_a7_ * (x + _a0_)))) + _a2_) * _a7_) * x);{'d0': {'_a0_': 0.3119297078802648, '_a2_': 10.418892512049396, '_a4_': 35.519804269848855, '_a7_': 0.13884163438951114, '_a1_': 1.0, '_a3_': 1.0, '_a5_': 1.0, '_a6_': 1.0}};{'d0': 0.024905832919535447};-276.475521886535;34.902352554565866
21721;-103.335408388702;(((pow2((_a4_ * (_a7_ * (x + _a0_)))) + _a2_) * _a7_) * x);{'d0': {'_a0_': 0.3119297078802648, '_a2_': 10.418892512049396, '_a4_': 35.519804269848855, '_a7_': 0.13884163438951114, '_a1_': 1.0, '_a3_': 1.0, '_a5_': 1.0, '_a6_': 1.0}};{'d0': 0.024905832919535447};-276.475521886535;34.902352554565866
21722;-103.335408388702;(((pow2((_a4_ * (_a7_ * (x + _a0_)))) + _a2_) * _a7_) * x);{'d0': {'_a0_': 0.3119297078802648, '_a2_': 10.418892512049396, '_a4_': 35.519804269848855, '_a7_': 0.13884163438951114, '_a1_': 1.0, '_a3_': 1.0, '_a5_': 1.0, '_a6_': 1.0}};{'d0': 0.024905832919535447};-276.475521886535;34.902352554565866
21723;-103.335408388702;(((pow2((_a4_ * (_a7_ * (x + _a0_)))) + _a2_) * _a7_) * x);{'d0': {'_a0_': 0.3119297078802648, '_a2_': 10.418892512049396, '_a4_': 35.519804269848855, '_a7_': 0.13884163438951114, '_a1_': 1.0, '_a3_': 1.0, '_a5_': 1.0, '_a6_': 1.0}};{'d0': 0.024905832919535447};-276.475521886535;34.902352554565866
21724;-103.335408388702;(((pow2((_a4_ * (_a7_ * (x + _a0_)))) + _a2_) * _a7_) * x);{'d0': {'_a0_': 0.3119297078802648, '_a2_': 10.418892512049396, '_a4_': 35.519804269848855, '_a7_': 0.13884163438951114, '_a1_': 1.0, '_a3_': 1.0, '_a5_': 1.0, '_a6_': 1.0}};{'d0': 0.024905832919535447};-276.475521886535;34.902352554565866
21725;-103.335408388702;(((pow2((_a4_ * (_a7_ * (x + _a0_)))) + _a2_) * _a7_) * x);{'d0': {'_a0_': 0.3119297078802648, '_a2_': 10.418892512049396, '_a4_': 35.519804269848855, '_a7_': 0.13884163438951114, '_a1_': 1.0, '_a3_': 1.0, '_a5_': 1.0, '_a6_': 1.0}};{'d0': 0.024905832919535447};-276.475521886535;34.902352554565866
21726;-94.0959114862656;(_a5_ * ((x * pow2(((_a0_ + (_a0_ * exp(_a1_))) * (x + _a1_)))) + x));{'d0': {'_a0_': 0.6457345203228788, '_a1_': 0.31192970784338997, '_a5_': 1.4465760892074206, '_a2_': 1.0, '_a3_': 1.0, '_a4_': 1.0, '_a6_': 1.0, '_a7_': 1.0}};{'d0': 0.024905832919416702};-280.569866449043;46.189021738255974
21727;-94.0959114862656;(_a5_ * ((x * pow2(((_a0_ + (_a0_ * exp(_a1_))) * (x + _a1_)))) + x));{'d0': {'_a0_': 0.6457345203228788, '_a1_': 0.31192970784338997, '_a5_': 1.4465760892074206, '_a2_': 1.0, '_a3_': 1.0, '_a4_': 1.0, '_a6_': 1.0, '_a7_': 1.0}};{'d0': 0.024905832919416702};-280.569866449043;46.189021738255974
21728;-94.0959114862656;(_a5_ * ((x * pow2(((_a0_ + (_a0_ * exp(_a1_))) * (x + _a1_)))) + x));{'d0': {'_a0_': 0.6457345203228788, '_a1_': 0.31192970784338997, '_a5_': 1.4465760892074206, '_a2_': 1.0, '_a3_': 1.0, '_a4_': 1.0, '_a6_': 1.0, '_a7_': 1.0}};{'d0': 0.024905832919416702};-280.569866449043;46.189021738255974
21729;-94.0959114862656;(_a5_ * ((x * pow2(((_a0_ + (_a0_ * exp(_a1_))) * (x + _a1_)))) + x));{'d0': {'_a0_': 0.6457345203228788, '_a1_': 0.31192970784338997, '_a5_': 1.4465760892074206, '_a2_': 1.0, '_a3_': 1.0, '_a4_': 1.0, '_a6_': 1.0, '_a7_': 1.0}};{'d0': 0.024905832919416702};-280.569866449043;46.189021738255974
21730;-94.0959114862656;(_a5_ * ((x * pow2(((_a0_ + (_a0_ * exp(_a1_))) * (x + _a1_)))) + x));{'d0': {'_a0_': 0.6457345203228788, '_a1_': 0.31192970784338997, '_a5_': 1.4465760892074206, '_a2_': 1.0, '_a3_': 1.0, '_a4_': 1.0, '_a6_': 1.0, '_a7_': 1.0}};{'d0': 0.024905832919416702};-280.569866449043;46.189021738255974
21731;-94.0959114862656;(_a5_ * ((x * pow2(((_a0_ + (_a0_ * exp(_a1_))) * (x + _a1_)))) + x));{'d0': {'_a0_': 0.6457345203228788, '_a1_': 0.31192970784338997, '_a5_': 1.4465760892074206, '_a2_': 1.0, '_a3_': 1.0, '_a4_': 1.0, '_a6_': 1.0, '_a7_': 1.0}};{'d0': 0.024905832919416702};-280.569866449043;46.189021738255974
21732;-94.1221166104058;(_a5_ * ((x * pow2(((_a0_ + (_a0_ * sqrt(_a1_))) * (x + _a1_)))) + x));{'d0': {'_a0_': 0.9803267323328565, '_a1_': 0.3119297077762387, '_a5_': 1.4465760895065174, '_a2_': 1.0, '_a3_': 1.0, '_a4_': 1.0, '_a6_': 1.0, '_a7_': 1.0}};{'d0': 0.024905832919416563};-280.569866449044;46.162816614115975
21733;-94.1221166104058;(_a5_ * ((x * pow2(((_a0_ + (_a0_ * sqrt(_a1_))) * (x + _a1_)))) + x));{'d0': {'_a0_': 0.9803267323328565, '_a1_': 0.3119297077762387, '_a5_': 1.4465760895065174, '_a2_': 1.0, '_a3_': 1.0, '_a4_': 1.0, '_a6_': 1.0, '_a7_': 1.0}};{'d0': 0.024905832919416563};-280.569866449044;46.162816614115975
21734;-94.1221166104058;(_a5_ * ((x * pow2(((_a0_ + (_a0_ * sqrt(_a1_))) * (x + _a1_)))) + x));{'d0': {'_a0_': 0.9803267323328565, '_a1_': 0.3119297077762387, '_a5_': 1.4465760895065174, '_a2_': 1.0, '_a3_': 1.0, '_a4_': 1.0, '_a6_': 1.0, '_a7_': 1.0}};{'d0': 0.024905832919416563};-280.569866449044;46.162816614115975
21735;-94.1221166104058;(_a5_ * ((x * pow2(((_a0_ + (_a0_ * sqrt(_a1_))) * (x + _a1_)))) + x));{'d0': {'_a0_': 0.9803267323328565, '_a1_': 0.3119297077762387, '_a5_': 1.4465760895065174, '_a2_': 1.0, '_a3_': 1.0, '_a4_': 1.0, '_a6_': 1.0, '_a7_': 1.0}};{'d0': 0.024905832919416563};-280.569866449044;46.162816614115975
21736;-94.1221166104058;(_a5_ * ((x * pow2(((_a0_ + (_a0_ * sqrt(_a1_))) * (x + _a1_)))) + x));{'d0': {'_a0_': 0.9803267323328565, '_a1_': 0.3119297077762387, '_a5_': 1.4465760895065174, '_a2_': 1.0, '_a3_': 1.0, '_a4_': 1.0, '_a6_': 1.0, '_a7_': 1.0}};{'d0': 0.024905832919416563};-280.569866449044;46.162816614115975
21737;-88.7560484757457;(_a5_ * ((x * pow2(((_a0_ + (_a0_ * sqrt(exp(_a1_)))) * (x + _a1_)))) + x));{'d0': {'_a0_': 0.7044707844674967, '_a1_': 0.31192970772305423, '_a5_': 1.4465760892966164, '_a2_': 1.0, '_a3_': 1.0, '_a4_': 1.0, '_a6_': 1.0, '_a7_': 1.0}};{'d0': 0.024905832919416674};-280.569866449043;51.52888474877597
21738;-88.7560484757457;(_a5_ * ((x * pow2(((_a0_ + (_a0_ * sqrt(exp(_a1_)))) * (x + _a1_)))) + x));{'d0': {'_a0_': 0.7044707844674967, '_a1_': 0.31192970772305423, '_a5_': 1.4465760892966164, '_a2_': 1.0, '_a3_': 1.0, '_a4_': 1.0, '_a6_': 1.0, '_a7_': 1.0}};{'d0': 0.024905832919416674};-280.569866449043;51.52888474877597
21739;-88.7560484757457;(_a5_ * ((x * pow2(((_a0_ + (_a0_ * sqrt(exp(_a1_)))) * (x + _a1_)))) + x));{'d0': {'_a0_': 0.7044707844674967, '_a1_': 0.31192970772305423, '_a5_': 1.4465760892966164, '_a2_': 1.0, '_a3_': 1.0, '_a4_': 1.0, '_a6_': 1.0, '_a7_': 1.0}};{'d0': 0.024905832919416674};-280.569866449043;51.52888474877597
21740;-88.7560484757457;(_a5_ * ((x * pow2(((_a0_ + (_a0_ * sqrt(exp(_a1_)))) * (x + _a1_)))) + x));{'d0': {'_a0_': 0.7044707844674967, '_a1_': 0.31192970772305423, '_a5_': 1.4465760892966164, '_a2_': 1.0, '_a3_': 1.0, '_a4_': 1.0, '_a6_': 1.0, '_a7_': 1.0}};{'d0': 0.024905832919416674};-280.569866449043;51.52888474877597
21741;-88.7560484757457;(_a5_ * ((x * pow2(((_a0_ + (_a0_ * sqrt(exp(_a1_)))) * (x + _a1_)))) + x));{'d0': {'_a0_': 0.7044707844674967, '_a1_': 0.31192970772305423, '_a5_': 1.4465760892966164, '_a2_': 1.0, '_a3_': 1.0, '_a4_': 1.0, '_a6_': 1.0, '_a7_': 1.0}};{'d0': 0.024905832919416674};-280.569866449043;51.52888474877597
21742;-88.7560484757457;(_a5_ * ((x * pow2(((_a0_ + (_a0_ * sqrt(exp(_a1_)))) * (x + _a1_)))) + x));{'d0': {'_a0_': 0.7044707844674967, '_a1_': 0.31192970772305423, '_a5_': 1.4465760892966164, '_a2_': 1.0, '_a3_': 1.0, '_a4_': 1.0, '_a6_': 1.0, '_a7_': 1.0}};{'d0': 0.024905832919416674};-280.569866449043;51.52888474877597
21743;-88.7560484757457;(_a5_ * ((x * pow2(((_a0_ + (_a0_ * sqrt(exp(_a1_)))) * (x + _a1_)))) + x));{'d0': {'_a0_': 0.7044707844674967, '_a1_': 0.31192970772305423, '_a5_': 1.4465760892966164, '_a2_': 1.0, '_a3_': 1.0, '_a4_': 1.0, '_a6_': 1.0, '_a7_': 1.0}};{'d0': 0.024905832919416674};-280.569866449043;51.52888474877597
21744;-88.7560484757457;(_a5_ * ((x * pow2(((_a0_ + (_a0_ * sqrt(exp(_a1_)))) * (x + _a1_)))) + x));{'d0': {'_a0_': 0.7044707844674967, '_a1_': 0.31192970772305423, '_a5_': 1.4465760892966164, '_a2_': 1.0, '_a3_': 1.0, '_a4_': 1.0, '_a6_': 1.0, '_a7_': 1.0}};{'d0': 0.024905832919416674};-280.569866449043;51.52888474877597
21745;-88.7560484757457;(_a5_ * ((x * pow2(((_a0_ + (_a0_ * sqrt(exp(_a1_)))) * (x + _a1_)))) + x));{'d0': {'_a0_': 0.7044707844674967, '_a1_': 0.31192970772305423, '_a5_': 1.4465760892966164, '_a2_': 1.0, '_a3_': 1.0, '_a4_': 1.0, '_a6_': 1.0, '_a7_': 1.0}};{'d0': 0.024905832919416674};-280.569866449043;51.52888474877597
21746;-88.7560484757457;(_a5_ * ((x * pow2(((_a0_ + (_a0_ * sqrt(exp(_a1_)))) * (x + _a1_)))) + x));{'d0': {'_a0_': 0.7044707844674967, '_a1_': 0.31192970772305423, '_a5_': 1.4465760892966164, '_a2_': 1.0, '_a3_': 1.0, '_a4_': 1.0, '_a6_': 1.0, '_a7_': 1.0}};{'d0': 0.024905832919416674};-280.569866449043;51.52888474877597
21747;-88.7560484757457;(_a5_ * ((x * pow2(((_a0_ + (_a0_ * sqrt(exp(_a1_)))) * (x + _a1_)))) + x));{'d0': {'_a0_': 0.7044707844674967, '_a1_': 0.31192970772305423, '_a5_': 1.4465760892966164, '_a2_': 1.0, '_a3_': 1.0, '_a4_': 1.0, '_a6_': 1.0, '_a7_': 1.0}};{'d0': 0.024905832919416674};-280.569866449043;51.52888474877597
21748;-88.7560484757457;(_a5_ * ((x * pow2(((_a0_ + (_a0_ * sqrt(exp(_a1_)))) * (x + _a1_)))) + x));{'d0': {'_a0_': 0.7044707844674967, '_a1_': 0.31192970772305423, '_a5_': 1.4465760892966164, '_a2_': 1.0, '_a3_': 1.0, '_a4_': 1.0, '_a6_': 1.0, '_a7_': 1.0}};{'d0': 0.024905832919416674};-280.569866449043;51.52888474877597
21749;-88.7560484757457;(_a5_ * ((x * pow2(((_a0_ + (_a0_ * sqrt(exp(_a1_)))) * (x + _a1_)))) + x));{'d0': {'_a0_': 0.7044707844674967, '_a1_': 0.31192970772305423, '_a5_': 1.4465760892966164, '_a2_': 1.0, '_a3_': 1.0, '_a4_': 1.0, '_a6_': 1.0, '_a7_': 1.0}};{'d0': 0.024905832919416674};-280.569866449043;51.52888474877597
21750;-88.7560484757457;(_a5_ * ((x * pow2(((_a0_ + (_a0_ * sqrt(exp(_a1_)))) * (x + _a1_)))) + x));{'d0': {'_a0_': 0.7044707844674967, '_a1_': 0.31192970772305423, '_a5_': 1.4465760892966164, '_a2_': 1.0, '_a3_': 1.0, '_a4_': 1.0, '_a6_': 1.0, '_a7_': 1.0}};{'d0': 0.024905832919416674};-280.569866449043;51.52888474877597
21751;-88.7560484757457;(_a5_ * ((x * pow2(((_a0_ + (_a0_ * sqrt(exp(_a1_)))) * (x + _a1_)))) + x));{'d0': {'_a0_': 0.7044707844674967, '_a1_': 0.31192970772305423, '_a5_': 1.4465760892966164, '_a2_': 1.0, '_a3_': 1.0, '_a4_': 1.0, '_a6_': 1.0, '_a7_': 1.0}};{'d0': 0.024905832919416674};-280.569866449043;51.52888474877597
21752;-88.7560484757457;(_a5_ * ((x * pow2(((_a0_ + (_a0_ * sqrt(exp(_a1_)))) * (x + _a1_)))) + x));{'d0': {'_a0_': 0.7044707844674967, '_a1_': 0.31192970772305423, '_a5_': 1.4465760892966164, '_a2_': 1.0, '_a3_': 1.0, '_a4_': 1.0, '_a6_': 1.0, '_a7_': 1.0}};{'d0': 0.024905832919416674};-280.569866449043;51.52888474877597
21753;-88.7560484757457;(_a5_ * ((x * pow2(((_a0_ + (_a0_ * sqrt(exp(_a1_)))) * (x + _a1_)))) + x));{'d0': {'_a0_': 0.7044707844674967, '_a1_': 0.31192970772305423, '_a5_': 1.4465760892966164, '_a2_': 1.0, '_a3_': 1.0, '_a4_': 1.0, '_a6_': 1.0, '_a7_': 1.0}};{'d0': 0.024905832919416674};-280.569866449043;51.52888474877597
21754;-88.7560484757457;(_a5_ * ((x * pow2(((_a0_ + (_a0_ * sqrt(exp(_a1_)))) * (x + _a1_)))) + x));{'d0': {'_a0_': 0.7044707844674967, '_a1_': 0.31192970772305423, '_a5_': 1.4465760892966164, '_a2_': 1.0, '_a3_': 1.0, '_a4_': 1.0, '_a6_': 1.0, '_a7_': 1.0}};{'d0': 0.024905832919416674};-280.569866449043;51.52888474877597
21755;-88.7560484757457;(_a5_ * ((x * pow2(((_a0_ + (_a0_ * sqrt(exp(_a1_)))) * (x + _a1_)))) + x));{'d0': {'_a0_': 0.7044707844674967, '_a1_': 0.31192970772305423, '_a5_': 1.4465760892966164, '_a2_': 1.0, '_a3_': 1.0, '_a4_': 1.0, '_a6_': 1.0, '_a7_': 1.0}};{'d0': 0.024905832919416674};-280.569866449043;51.52888474877597
21756;-88.7560484757457;(_a5_ * ((x * pow2(((_a0_ + (_a0_ * sqrt(exp(_a1_)))) * (x + _a1_)))) + x));{'d0': {'_a0_': 0.7044707844674967, '_a1_': 0.31192970772305423, '_a5_': 1.4465760892966164, '_a2_': 1.0, '_a3_': 1.0, '_a4_': 1.0, '_a6_': 1.0, '_a7_': 1.0}};{'d0': 0.024905832919416674};-280.569866449043;51.52888474877597
21757;-88.7560484757457;(_a5_ * ((x * pow2(((_a0_ + (_a0_ * sqrt(exp(_a1_)))) * (x + _a1_)))) + x));{'d0': {'_a0_': 0.7044707844674967, '_a1_': 0.31192970772305423, '_a5_': 1.4465760892966164, '_a2_': 1.0, '_a3_': 1.0, '_a4_': 1.0, '_a6_': 1.0, '_a7_': 1.0}};{'d0': 0.024905832919416674};-280.569866449043;51.52888474877597
21758;-88.7560484757457;(_a5_ * ((x * pow2(((_a0_ + (_a0_ * sqrt(exp(_a1_)))) * (x + _a1_)))) + x));{'d0': {'_a0_': 0.7044707844674967, '_a1_': 0.31192970772305423, '_a5_': 1.4465760892966164, '_a2_': 1.0, '_a3_': 1.0, '_a4_': 1.0, '_a6_': 1.0, '_a7_': 1.0}};{'d0': 0.024905832919416674};-280.569866449043;51.52888474877597
21759;-88.7560484757457;(_a5_ * ((x * pow2(((_a0_ + (_a0_ * sqrt(exp(_a1_)))) * (x + _a1_)))) + x));{'d0': {'_a0_': 0.7044707844674967, '_a1_': 0.31192970772305423, '_a5_': 1.4465760892966164, '_a2_': 1.0, '_a3_': 1.0, '_a4_': 1.0, '_a6_': 1.0, '_a7_': 1.0}};{'d0': 0.024905832919416674};-280.569866449043;51.52888474877597
21760;-88.7560484757457;(_a5_ * ((x * pow2(((_a0_ + (_a0_ * sqrt(exp(_a1_)))) * (x + _a1_)))) + x));{'d0': {'_a0_': 0.7044707844674967, '_a1_': 0.31192970772305423, '_a5_': 1.4465760892966164, '_a2_': 1.0, '_a3_': 1.0, '_a4_': 1.0, '_a6_': 1.0, '_a7_': 1.0}};{'d0': 0.024905832919416674};-280.569866449043;51.52888474877597
21761;-88.7560484757457;(_a5_ * ((x * pow2(((_a0_ + (_a0_ * sqrt(exp(_a1_)))) * (x + _a1_)))) + x));{'d0': {'_a0_': 0.7044707844674967, '_a1_': 0.31192970772305423, '_a5_': 1.4465760892966164, '_a2_': 1.0, '_a3_': 1.0, '_a4_': 1.0, '_a6_': 1.0, '_a7_': 1.0}};{'d0': 0.024905832919416674};-280.569866449043;51.52888474877597
21762;-88.7560484757457;(_a5_ * ((x * pow2(((_a0_ + (_a0_ * sqrt(exp(_a1_)))) * (x + _a1_)))) + x));{'d0': {'_a0_': 0.7044707844674967, '_a1_': 0.31192970772305423, '_a5_': 1.4465760892966164, '_a2_': 1.0, '_a3_': 1.0, '_a4_': 1.0, '_a6_': 1.0, '_a7_': 1.0}};{'d0': 0.024905832919416674};-280.569866449043;51.52888474877597
21763;-88.7560484757457;(_a5_ * ((x * pow2(((_a0_ + (_a0_ * sqrt(exp(_a1_)))) * (x + _a1_)))) + x));{'d0': {'_a0_': 0.7044707844674967, '_a1_': 0.31192970772305423, '_a5_': 1.4465760892966164, '_a2_': 1.0, '_a3_': 1.0, '_a4_': 1.0, '_a6_': 1.0, '_a7_': 1.0}};{'d0': 0.024905832919416674};-280.569866449043;51.52888474877597
21764;-88.7560484757457;(_a5_ * ((x * pow2(((_a0_ + (_a0_ * sqrt(exp(_a1_)))) * (x + _a1_)))) + x));{'d0': {'_a0_': 0.7044707844674967, '_a1_': 0.31192970772305423, '_a5_': 1.4465760892966164, '_a2_': 1.0, '_a3_': 1.0, '_a4_': 1.0, '_a6_': 1.0, '_a7_': 1.0}};{'d0': 0.024905832919416674};-280.569866449043;51.52888474877597
21765;-82.9557567093434;(_a5_ * ((x * pow2(((_a0_ + (_a0_ * sqrt(exp((_a5_ / _a5_))))) * (x + _a1_)))) + x));{'d0': {'_a0_': 0.5768239091963575, '_a1_': 0.31192970783740015, '_a5_': 1.446576089406371, '_a2_': 1.0, '_a3_': 1.0, '_a4_': 1.0, '_a6_': 1.0, '_a7_': 1.0}};{'d0': 0.024905832919416615};-280.569866449044;57.329176515178375
21766;-74.9879833680763;(_a5_ * ((x * pow2(((_a0_ + (_a0_ * sqrt(exp((_a5_ / _a5_))))) * ((_a2_ + x) + _a1_)))) + x));{'d0': {'_a0_': -0.5768240756583961, '_a1_': -220.70162952280552, '_a2_': 221.01355894313326, '_a5_': 1.446575250953694, '_a3_': 1.0, '_a4_': 1.0, '_a6_': 1.0, '_a7_': 1.0}};{'d0': 0.024905832928653376};-276.475521864569;63.24977756420837
21767;-74.9879833680763;(_a5_ * ((x * pow2(((_a0_ + (_a0_ * sqrt(exp((_a5_ / _a5_))))) * ((_a2_ + x) + _a1_)))) + x));{'d0': {'_a0_': -0.5768240756583961, '_a1_': -220.70162952280552, '_a2_': 221.01355894313326, '_a5_': 1.446575250953694, '_a3_': 1.0, '_a4_': 1.0, '_a6_': 1.0, '_a7_': 1.0}};{'d0': 0.024905832928653376};-276.475521864569;63.24977756420837
21768;-74.1001003980064;(_a5_ * ((x * pow2(((_a0_ + (_a0_ / sqrt(exp((_a5_ / _a5_))))) * ((_a2_ + x) + _a1_)))) + x));{'d0': {'_a0_': -0.9510215773791194, '_a1_': 17542.09431890868, '_a2_': -17541.782389687643, '_a5_': 1.4465769137152082, '_a3_': 1.0, '_a4_': 1.0, '_a6_': 1.0, '_a7_': 1.0}};{'d0': 0.024905833001195456};-276.475521689810;64.13766044689856
21769;-74.1001003980064;(_a5_ * ((x * pow2(((_a0_ + (_a0_ / sqrt(exp((_a5_ / _a5_))))) * ((_a2_ + x) + _a1_)))) + x));{'d0': {'_a0_': -0.9510215773791194, '_a1_': 17542.09431890868, '_a2_': -17541.782389687643, '_a5_': 1.4465769137152082, '_a3_': 1.0, '_a4_': 1.0, '_a6_': 1.0, '_a7_': 1.0}};{'d0': 0.024905833001195456};-276.475521689810;64.13766044689856
21770;-105.382580669956;(((pow2((_a4_ * (_a7_ * (x + _a4_)))) + _a2_) * _a4_) * x);{'d0': {'_a2_': 4.637506635823134, '_a4_': 0.3119297076572137, '_a7_': 10.547876750047948, '_a0_': 1.0, '_a1_': 1.0, '_a3_': 1.0, '_a5_': 1.0, '_a6_': 1.0}};{'d0': 0.024905832919416598};-280.569866449044;34.902352554565866
21771;-105.382580669956;(((pow2((_a4_ * (_a7_ * (x + _a4_)))) + _a2_) * _a4_) * x);{'d0': {'_a2_': 4.637506635823134, '_a4_': 0.3119297076572137, '_a7_': 10.547876750047948, '_a0_': 1.0, '_a1_': 1.0, '_a3_': 1.0, '_a5_': 1.0, '_a6_': 1.0}};{'d0': 0.024905832919416598};-280.569866449044;34.902352554565866
21772;-105.382580669956;(((pow2((_a4_ * (_a7_ * (x + _a4_)))) + _a2_) * _a4_) * x);{'d0': {'_a2_': 4.637506635823134, '_a4_': 0.3119297076572137, '_a7_': 10.547876750047948, '_a0_': 1.0, '_a1_': 1.0, '_a3_': 1.0, '_a5_': 1.0, '_a6_': 1.0}};{'d0': 0.024905832919416598};-280.569866449044;34.902352554565866
21773;-105.382580669956;(((pow2((_a4_ * (_a7_ * (x + _a4_)))) + _a2_) * _a4_) * x);{'d0': {'_a2_': 4.637506635823134, '_a4_': 0.3119297076572137, '_a7_': 10.547876750047948, '_a0_': 1.0, '_a1_': 1.0, '_a3_': 1.0, '_a5_': 1.0, '_a6_': 1.0}};{'d0': 0.024905832919416598};-280.569866449044;34.902352554565866
21774;-105.382580669956;(((pow2((_a4_ * (_a7_ * (x + _a4_)))) + _a2_) * _a4_) * x);{'d0': {'_a2_': 4.637506635823134, '_a4_': 0.3119297076572137, '_a7_': 10.547876750047948, '_a0_': 1.0, '_a1_': 1.0, '_a3_': 1.0, '_a5_': 1.0, '_a6_': 1.0}};{'d0': 0.024905832919416598};-280.569866449044;34.902352554565866
21775;-105.382580669956;(((pow2((_a4_ * (_a7_ * (x + _a4_)))) + _a2_) * _a4_) * x);{'d0': {'_a2_': 4.637506635823134, '_a4_': 0.3119297076572137, '_a7_': 10.547876750047948, '_a0_': 1.0, '_a1_': 1.0, '_a3_': 1.0, '_a5_': 1.0, '_a6_': 1.0}};{'d0': 0.024905832919416598};-280.569866449044;34.902352554565866
21776;-105.382580669956;(((pow2((_a4_ * (_a7_ * (x + _a4_)))) + _a2_) * _a4_) * x);{'d0': {'_a2_': 4.637506635823134, '_a4_': 0.3119297076572137, '_a7_': 10.547876750047948, '_a0_': 1.0, '_a1_': 1.0, '_a3_': 1.0, '_a5_': 1.0, '_a6_': 1.0}};{'d0': 0.024905832919416598};-280.569866449044;34.902352554565866
21777;-105.382580669956;(((pow2((_a4_ * (_a7_ * (x + _a4_)))) + _a2_) * _a4_) * x);{'d0': {'_a2_': 4.637506635823134, '_a4_': 0.3119297076572137, '_a7_': 10.547876750047948, '_a0_': 1.0, '_a1_': 1.0, '_a3_': 1.0, '_a5_': 1.0, '_a6_': 1.0}};{'d0': 0.024905832919416598};-280.569866449044;34.902352554565866
21778;-105.382580669956;(((pow2((_a4_ * (_a7_ * (x + _a4_)))) + _a2_) * _a4_) * x);{'d0': {'_a2_': 4.637506635823134, '_a4_': 0.3119297076572137, '_a7_': 10.547876750047948, '_a0_': 1.0, '_a1_': 1.0, '_a3_': 1.0, '_a5_': 1.0, '_a6_': 1.0}};{'d0': 0.024905832919416598};-280.569866449044;34.902352554565866
21779;-105.382580669956;(((pow2((_a4_ * (_a7_ * (x + _a4_)))) + _a2_) * _a4_) * x);{'d0': {'_a2_': 4.637506635823134, '_a4_': 0.3119297076572137, '_a7_': 10.547876750047948, '_a0_': 1.0, '_a1_': 1.0, '_a3_': 1.0, '_a5_': 1.0, '_a6_': 1.0}};{'d0': 0.024905832919416598};-280.569866449044;34.902352554565866
21780;-105.382580669956;(((pow2((_a4_ * (_a7_ * (x + _a4_)))) + _a2_) * _a4_) * x);{'d0': {'_a2_': 4.637506635823134, '_a4_': 0.3119297076572137, '_a7_': 10.547876750047948, '_a0_': 1.0, '_a1_': 1.0, '_a3_': 1.0, '_a5_': 1.0, '_a6_': 1.0}};{'d0': 0.024905832919416598};-280.569866449044;34.902352554565866
21781;-105.382580669956;(((pow2((_a4_ * (_a7_ * (x + _a4_)))) + _a2_) * _a4_) * x);{'d0': {'_a2_': 4.637506635823134, '_a4_': 0.3119297076572137, '_a7_': 10.547876750047948, '_a0_': 1.0, '_a1_': 1.0, '_a3_': 1.0, '_a5_': 1.0, '_a6_': 1.0}};{'d0': 0.024905832919416598};-280.569866449044;34.902352554565866
21782;-105.382580669956;(((pow2((_a4_ * (_a7_ * (x + _a4_)))) + _a2_) * _a4_) * x);{'d0': {'_a2_': 4.637506635823134, '_a4_': 0.3119297076572137, '_a7_': 10.547876750047948, '_a0_': 1.0, '_a1_': 1.0, '_a3_': 1.0, '_a5_': 1.0, '_a6_': 1.0}};{'d0': 0.024905832919416598};-280.569866449044;34.902352554565866
21783;-105.382580669956;(((pow2((_a4_ * (_a7_ * (x + _a4_)))) + _a2_) * _a4_) * x);{'d0': {'_a2_': 4.637506635823134, '_a4_': 0.3119297076572137, '_a7_': 10.547876750047948, '_a0_': 1.0, '_a1_': 1.0, '_a3_': 1.0, '_a5_': 1.0, '_a6_': 1.0}};{'d0': 0.024905832919416598};-280.569866449044;34.902352554565866
21784;-105.382580669956;(((pow2((_a4_ * (_a7_ * (x + _a4_)))) + _a2_) * _a4_) * x);{'d0': {'_a2_': 4.637506635823134, '_a4_': 0.3119297076572137, '_a7_': 10.547876750047948, '_a0_': 1.0, '_a1_': 1.0, '_a3_': 1.0, '_a5_': 1.0, '_a6_': 1.0}};{'d0': 0.024905832919416598};-280.569866449044;34.902352554565866
21785;-105.382580669956;(((pow2((_a4_ * (_a7_ * (x + _a4_)))) + _a2_) * _a4_) * x);{'d0': {'_a2_': 4.637506635823134, '_a4_': 0.3119297076572137, '_a7_': 10.547876750047948, '_a0_': 1.0, '_a1_': 1.0, '_a3_': 1.0, '_a5_': 1.0, '_a6_': 1.0}};{'d0': 0.024905832919416598};-280.569866449044;34.902352554565866
21786;-105.382580669956;(((pow2((_a4_ * (_a7_ * (x + _a4_)))) + _a2_) * _a4_) * x);{'d0': {'_a2_': 4.637506635823134, '_a4_': 0.3119297076572137, '_a7_': 10.547876750047948, '_a0_': 1.0, '_a1_': 1.0, '_a3_': 1.0, '_a5_': 1.0, '_a6_': 1.0}};{'d0': 0.024905832919416598};-280.569866449044;34.902352554565866
21787;-105.382580669956;(((pow2((_a4_ * (_a7_ * (x + _a4_)))) + _a2_) * _a4_) * x);{'d0': {'_a2_': 4.637506635823134, '_a4_': 0.3119297076572137, '_a7_': 10.547876750047948, '_a0_': 1.0, '_a1_': 1.0, '_a3_': 1.0, '_a5_': 1.0, '_a6_': 1.0}};{'d0': 0.024905832919416598};-280.569866449044;34.902352554565866
21788;-105.382580669956;(((pow2((_a4_ * (_a7_ * (x + _a4_)))) + _a2_) * _a4_) * x);{'d0': {'_a2_': 4.637506635823134, '_a4_': 0.3119297076572137, '_a7_': 10.547876750047948, '_a0_': 1.0, '_a1_': 1.0, '_a3_': 1.0, '_a5_': 1.0, '_a6_': 1.0}};{'d0': 0.024905832919416598};-280.569866449044;34.902352554565866
21789;-105.382580669956;(((pow2((_a4_ * (_a7_ * (x + _a4_)))) + _a2_) * _a4_) * x);{'d0': {'_a2_': 4.637506635823134, '_a4_': 0.3119297076572137, '_a7_': 10.547876750047948, '_a0_': 1.0, '_a1_': 1.0, '_a3_': 1.0, '_a5_': 1.0, '_a6_': 1.0}};{'d0': 0.024905832919416598};-280.569866449044;34.902352554565866
21790;-105.382580669956;(((pow2((_a4_ * (_a7_ * (x + _a4_)))) + _a2_) * _a4_) * x);{'d0': {'_a2_': 4.637506635823134, '_a4_': 0.3119297076572137, '_a7_': 10.547876750047948, '_a0_': 1.0, '_a1_': 1.0, '_a3_': 1.0, '_a5_': 1.0, '_a6_': 1.0}};{'d0': 0.024905832919416598};-280.569866449044;34.902352554565866
21791;-105.382580669956;(((pow2((_a4_ * (_a7_ * (x + _a4_)))) + _a2_) * _a4_) * x);{'d0': {'_a2_': 4.637506635823134, '_a4_': 0.3119297076572137, '_a7_': 10.547876750047948, '_a0_': 1.0, '_a1_': 1.0, '_a3_': 1.0, '_a5_': 1.0, '_a6_': 1.0}};{'d0': 0.024905832919416598};-280.569866449044;34.902352554565866
21792;-105.382580669956;(((pow2((_a4_ * (_a7_ * (x + _a4_)))) + _a2_) * _a4_) * x);{'d0': {'_a2_': 4.637506635823134, '_a4_': 0.3119297076572137, '_a7_': 10.547876750047948, '_a0_': 1.0, '_a1_': 1.0, '_a3_': 1.0, '_a5_': 1.0, '_a6_': 1.0}};{'d0': 0.024905832919416598};-280.569866449044;34.902352554565866
21793;-96.1276110205939;(-(_a2_) * -((x * (_a5_ + ((pow2((x + _a0_)) + _a2_) / _a0_)))));{'d0': {'_a0_': 0.31192970790763086, '_a2_': 1.0533120347022251, '_a5_': -2.0034013790787886, '_a1_': 1.0, '_a3_': 1.0, '_a4_': 1.0, '_a6_': 1.0, '_a7_': 1.0}};{'d0': 0.02490583291941661};-280.569866449044;44.15732220392783
21794;-96.1276110205939;(-(_a2_) * -((x * (_a5_ + ((pow2((x + _a0_)) + _a2_) / _a0_)))));{'d0': {'_a0_': 0.31192970790763086, '_a2_': 1.0533120347022251, '_a5_': -2.0034013790787886, '_a1_': 1.0, '_a3_': 1.0, '_a4_': 1.0, '_a6_': 1.0, '_a7_': 1.0}};{'d0': 0.02490583291941661};-280.569866449044;44.15732220392783
21795;-96.1276110205939;(-(_a2_) * -((x * (_a5_ + ((pow2((x + _a0_)) + _a2_) / _a0_)))));{'d0': {'_a0_': 0.31192970790763086, '_a2_': 1.0533120347022251, '_a5_': -2.0034013790787886, '_a1_': 1.0, '_a3_': 1.0, '_a4_': 1.0, '_a6_': 1.0, '_a7_': 1.0}};{'d0': 0.02490583291941661};-280.569866449044;44.15732220392783
21796;-96.1276110205939;(-(_a2_) * -((x * (_a5_ + ((pow2((x + _a0_)) + _a2_) / _a0_)))));{'d0': {'_a0_': 0.31192970790763086, '_a2_': 1.0533120347022251, '_a5_': -2.0034013790787886, '_a1_': 1.0, '_a3_': 1.0, '_a4_': 1.0, '_a6_': 1.0, '_a7_': 1.0}};{'d0': 0.02490583291941661};-280.569866449044;44.15732220392783
21797;-96.1276110205939;(-(_a2_) * -((x * (_a5_ + ((pow2((x + _a0_)) + _a2_) / _a0_)))));{'d0': {'_a0_': 0.31192970790763086, '_a2_': 1.0533120347022251, '_a5_': -2.0034013790787886, '_a1_': 1.0, '_a3_': 1.0, '_a4_': 1.0, '_a6_': 1.0, '_a7_': 1.0}};{'d0': 0.02490583291941661};-280.569866449044;44.15732220392783
21798;-96.1276110205939;(-(_a2_) * -((x * (_a5_ + ((pow2((x + _a0_)) + _a2_) / _a0_)))));{'d0': {'_a0_': 0.31192970790763086, '_a2_': 1.0533120347022251, '_a5_': -2.0034013790787886, '_a1_': 1.0, '_a3_': 1.0, '_a4_': 1.0, '_a6_': 1.0, '_a7_': 1.0}};{'d0': 0.02490583291941661};-280.569866449044;44.15732220392783
21799;-96.1276110205939;(-(_a2_) * -((x * (_a5_ + ((pow2((x + _a0_)) + _a2_) / _a0_)))));{'d0': {'_a0_': 0.31192970790763086, '_a2_': 1.0533120347022251, '_a5_': -2.0034013790787886, '_a1_': 1.0, '_a3_': 1.0, '_a4_': 1.0, '_a6_': 1.0, '_a7_': 1.0}};{'d0': 0.02490583291941661};-280.569866449044;44.15732220392783
21800;-99.8080632588550;(_a5_ * -((x * (_a5_ + ((pow2((x + _a0_)) + _a2_) / _a0_)))));{'d0': {'_a0_': 0.311929707693221, '_a2_': 0.7569509424754538, '_a5_': -1.0533120338268003, '_a1_': 1.0, '_a3_': 1.0, '_a4_': 1.0, '_a6_': 1.0, '_a7_': 1.0}};{'d0': 0.024905832919416657};-280.569866449044;40.476869965666666
21801;-99.8080632588550;(_a5_ * -((x * (_a5_ + ((pow2((x + _a0_)) + _a2_) / _a0_)))));{'d0': {'_a0_': 0.311929707693221, '_a2_': 0.7569509424754538, '_a5_': -1.0533120338268003, '_a1_': 1.0, '_a3_': 1.0, '_a4_': 1.0, '_a6_': 1.0, '_a7_': 1.0}};{'d0': 0.024905832919416657};-280.569866449044;40.476869965666666
21802;-99.8080632588550;(_a5_ * -((x * (_a5_ + ((pow2((x + _a0_)) + _a2_) / _a0_)))));{'d0': {'_a0_': 0.311929707693221, '_a2_': 0.7569509424754538, '_a5_': -1.0533120338268003, '_a1_': 1.0, '_a3_': 1.0, '_a4_': 1.0, '_a6_': 1.0, '_a7_': 1.0}};{'d0': 0.024905832919416657};-280.569866449044;40.476869965666666
21803;-99.8080632588550;(_a5_ * -((x * (_a5_ + ((pow2((x + _a0_)) + _a2_) / _a0_)))));{'d0': {'_a0_': 0.311929707693221, '_a2_': 0.7569509424754538, '_a5_': -1.0533120338268003, '_a1_': 1.0, '_a3_': 1.0, '_a4_': 1.0, '_a6_': 1.0, '_a7_': 1.0}};{'d0': 0.024905832919416657};-280.569866449044;40.476869965666666
21804;-99.8080632588550;(_a5_ * -((x * (_a5_ + ((pow2((x + _a0_)) + _a2_) / _a0_)))));{'d0': {'_a0_': 0.311929707693221, '_a2_': 0.7569509424754538, '_a5_': -1.0533120338268003, '_a1_': 1.0, '_a3_': 1.0, '_a4_': 1.0, '_a6_': 1.0, '_a7_': 1.0}};{'d0': 0.024905832919416657};-280.569866449044;40.476869965666666
21805;-93.2151811964450;(_a5_ * -((x * (_a5_ + ((pow2((x + _a0_)) + _a2_) / pow3(_a0_))))));{'d0': {'_a0_': 0.3119297076504485, '_a2_': 0.43150220419628826, '_a5_': -0.10248741082709265, '_a1_': 1.0, '_a3_': 1.0, '_a4_': 1.0, '_a6_': 1.0, '_a7_': 1.0}};{'d0': 0.02490583291941663};-280.569866449044;47.069752028076664
21806;-93.2151811964450;(_a5_ * -((x * (_a5_ + ((pow2((x + _a0_)) + _a2_) / pow3(_a0_))))));{'d0': {'_a0_': 0.3119297076504485, '_a2_': 0.43150220419628826, '_a5_': -0.10248741082709265, '_a1_': 1.0, '_a3_': 1.0, '_a4_': 1.0, '_a6_': 1.0, '_a7_': 1.0}};{'d0': 0.02490583291941663};-280.569866449044;47.069752028076664
21807;-93.2151811964450;(_a5_ * -((x * (_a5_ + ((pow2((x + _a0_)) + _a2_) / pow3(_a0_))))));{'d0': {'_a0_': 0.3119297076504485, '_a2_': 0.43150220419628826, '_a5_': -0.10248741082709265, '_a1_': 1.0, '_a3_': 1.0, '_a4_': 1.0, '_a6_': 1.0, '_a7_': 1.0}};{'d0': 0.02490583291941663};-280.569866449044;47.069752028076664
21808;-97.7608909771443;(_a5_ * -((x * (_a5_ + ((pow2((x + _a0_)) + _a2_) / _a1_)))));{'d0': {'_a0_': 0.31192970784742535, '_a1_': 0.4538431729765349, '_a2_': 1.1239152556388168, '_a5_': -1.5325198711003174, '_a3_': 1.0, '_a4_': 1.0, '_a6_': 1.0, '_a7_': 1.0}};{'d0': 0.024905832919914453};-276.475521885622;40.476869965666666
21809;-97.7608909771443;(_a5_ * -((x * (_a5_ + ((pow2((x + _a0_)) + _a2_) / _a1_)))));{'d0': {'_a0_': 0.31192970784742535, '_a1_': 0.4538431729765349, '_a2_': 1.1239152556388168, '_a5_': -1.5325198711003174, '_a3_': 1.0, '_a4_': 1.0, '_a6_': 1.0, '_a7_': 1.0}};{'d0': 0.024905832919914453};-276.475521885622;40.476869965666666
21810;-97.7608909771443;(_a5_ * -((x * (_a5_ + ((pow2((x + _a0_)) + _a2_) / _a1_)))));{'d0': {'_a0_': 0.31192970784742535, '_a1_': 0.4538431729765349, '_a2_': 1.1239152556388168, '_a5_': -1.5325198711003174, '_a3_': 1.0, '_a4_': 1.0, '_a6_': 1.0, '_a7_': 1.0}};{'d0': 0.024905832919914453};-276.475521885622;40.476869965666666
21811;-97.7608909771443;(_a5_ * -((x * (_a5_ + ((pow2((x + _a0_)) + _a2_) / _a1_)))));{'d0': {'_a0_': 0.31192970784742535, '_a1_': 0.4538431729765349, '_a2_': 1.1239152556388168, '_a5_': -1.5325198711003174, '_a3_': 1.0, '_a4_': 1.0, '_a6_': 1.0, '_a7_': 1.0}};{'d0': 0.024905832919914453};-276.475521885622;40.476869965666666
21812;-97.7608909771443;(_a5_ * -((x * (_a5_ + ((pow2((x + _a0_)) + _a2_) / _a1_)))));{'d0': {'_a0_': 0.31192970784742535, '_a1_': 0.4538431729765349, '_a2_': 1.1239152556388168, '_a5_': -1.5325198711003174, '_a3_': 1.0, '_a4_': 1.0, '_a6_': 1.0, '_a7_': 1.0}};{'d0': 0.024905832919914453};-276.475521885622;40.476869965666666
21813;-97.7608909771443;(_a5_ * -((x * (_a5_ + ((pow2((x + _a0_)) + _a2_) / _a1_)))));{'d0': {'_a0_': 0.31192970784742535, '_a1_': 0.4538431729765349, '_a2_': 1.1239152556388168, '_a5_': -1.5325198711003174, '_a3_': 1.0, '_a4_': 1.0, '_a6_': 1.0, '_a7_': 1.0}};{'d0': 0.024905832919914453};-276.475521885622;40.476869965666666
21814;-97.7608909771443;(_a5_ * -((x * (_a5_ + ((pow2((x + _a0_)) + _a2_) / _a1_)))));{'d0': {'_a0_': 0.31192970784742535, '_a1_': 0.4538431729765349, '_a2_': 1.1239152556388168, '_a5_': -1.5325198711003174, '_a3_': 1.0, '_a4_': 1.0, '_a6_': 1.0, '_a7_': 1.0}};{'d0': 0.024905832919914453};-276.475521885622;40.476869965666666
21815;-97.7608909771443;(_a5_ * -((x * (_a5_ + ((pow2((x + _a0_)) + _a2_) / _a1_)))));{'d0': {'_a0_': 0.31192970784742535, '_a1_': 0.4538431729765349, '_a2_': 1.1239152556388168, '_a5_': -1.5325198711003174, '_a3_': 1.0, '_a4_': 1.0, '_a6_': 1.0, '_a7_': 1.0}};{'d0': 0.024905832919914453};-276.475521885622;40.476869965666666
21816;-97.7608909771443;(_a5_ * -((x * (_a5_ + ((pow2((x + _a0_)) + _a2_) / _a1_)))));{'d0': {'_a0_': 0.31192970784742535, '_a1_': 0.4538431729765349, '_a2_': 1.1239152556388168, '_a5_': -1.5325198711003174, '_a3_': 1.0, '_a4_': 1.0, '_a6_': 1.0, '_a7_': 1.0}};{'d0': 0.024905832919914453};-276.475521885622;40.476869965666666
21817;-97.7608909771443;(_a5_ * -((x * (_a5_ + ((pow2((x + _a0_)) + _a2_) / _a1_)))));{'d0': {'_a0_': 0.31192970784742535, '_a1_': 0.4538431729765349, '_a2_': 1.1239152556388168, '_a5_': -1.5325198711003174, '_a3_': 1.0, '_a4_': 1.0, '_a6_': 1.0, '_a7_': 1.0}};{'d0': 0.024905832919914453};-276.475521885622;40.476869965666666
21818;-97.7608909771443;(_a5_ * -((x * (_a5_ + ((pow2((x + _a0_)) + _a2_) / _a1_)))));{'d0': {'_a0_': 0.31192970784742535, '_a1_': 0.4538431729765349, '_a2_': 1.1239152556388168, '_a5_': -1.5325198711003174, '_a3_': 1.0, '_a4_': 1.0, '_a6_': 1.0, '_a7_': 1.0}};{'d0': 0.024905832919914453};-276.475521885622;40.476869965666666
21819;-97.7608909771443;(_a5_ * -((x * (_a5_ + ((pow2((x + _a0_)) + _a2_) / _a1_)))));{'d0': {'_a0_': 0.31192970784742535, '_a1_': 0.4538431729765349, '_a2_': 1.1239152556388168, '_a5_': -1.5325198711003174, '_a3_': 1.0, '_a4_': 1.0, '_a6_': 1.0, '_a7_': 1.0}};{'d0': 0.024905832919914453};-276.475521885622;40.476869965666666
21820;-97.7608909771443;(_a5_ * -((x * (_a5_ + ((pow2((x + _a0_)) + _a2_) / _a1_)))));{'d0': {'_a0_': 0.31192970784742535, '_a1_': 0.4538431729765349, '_a2_': 1.1239152556388168, '_a5_': -1.5325198711003174, '_a3_': 1.0, '_a4_': 1.0, '_a6_': 1.0, '_a7_': 1.0}};{'d0': 0.024905832919914453};-276.475521885622;40.476869965666666
21821;-95.4938313458804;(x * (sqrt((_a5_ * _a0_)) + pow2(((x + (_a6_ * _a0_)) / pow2(_a0_)))));{'d0': {'_a0_': 0.7376917441223295, '_a5_': 2.836662330270429, '_a6_': 0.4228455995254031, '_a1_': 1.0, '_a2_': 1.0, '_a3_': 1.0, '_a4_': 1.0, '_a7_': 1.0}};{'d0': 0.024905832919416587};-280.569866449044;44.79110187864133
21822;-95.4938313458804;(x * (sqrt((_a5_ * _a0_)) + pow2(((x + (_a6_ * _a0_)) / pow2(_a0_)))));{'d0': {'_a0_': 0.7376917441223295, '_a5_': 2.836662330270429, '_a6_': 0.4228455995254031, '_a1_': 1.0, '_a2_': 1.0, '_a3_': 1.0, '_a4_': 1.0, '_a7_': 1.0}};{'d0': 0.024905832919416587};-280.569866449044;44.79110187864133
21823;-95.4938313458804;(x * (sqrt((_a5_ * _a0_)) + pow2(((x + (_a6_ * _a0_)) / pow2(_a0_)))));{'d0': {'_a0_': 0.7376917441223295, '_a5_': 2.836662330270429, '_a6_': 0.4228455995254031, '_a1_': 1.0, '_a2_': 1.0, '_a3_': 1.0, '_a4_': 1.0, '_a7_': 1.0}};{'d0': 0.024905832919416587};-280.569866449044;44.79110187864133
21824;-95.4938313458804;(x * (sqrt((_a5_ * _a0_)) + pow2(((x + (_a6_ * _a0_)) / pow2(_a0_)))));{'d0': {'_a0_': 0.7376917441223295, '_a5_': 2.836662330270429, '_a6_': 0.4228455995254031, '_a1_': 1.0, '_a2_': 1.0, '_a3_': 1.0, '_a4_': 1.0, '_a7_': 1.0}};{'d0': 0.024905832919416587};-280.569866449044;44.79110187864133
21825;-95.4938313458804;(x * (sqrt((_a5_ * _a0_)) + pow2(((x + (_a6_ * _a0_)) / pow2(_a0_)))));{'d0': {'_a0_': 0.7376917441223295, '_a5_': 2.836662330270429, '_a6_': 0.4228455995254031, '_a1_': 1.0, '_a2_': 1.0, '_a3_': 1.0, '_a4_': 1.0, '_a7_': 1.0}};{'d0': 0.024905832919416587};-280.569866449044;44.79110187864133
21826;-95.4938313458804;(x * (sqrt((_a5_ * _a0_)) + pow2(((x + (_a6_ * _a0_)) / pow2(_a0_)))));{'d0': {'_a0_': 0.7376917441223295, '_a5_': 2.836662330270429, '_a6_': 0.4228455995254031, '_a1_': 1.0, '_a2_': 1.0, '_a3_': 1.0, '_a4_': 1.0, '_a7_': 1.0}};{'d0': 0.024905832919416587};-280.569866449044;44.79110187864133
21827;-95.4938313458804;(x * (sqrt((_a5_ * _a0_)) + pow2(((x + (_a6_ * _a0_)) / pow2(_a0_)))));{'d0': {'_a0_': 0.7376917441223295, '_a5_': 2.836662330270429, '_a6_': 0.4228455995254031, '_a1_': 1.0, '_a2_': 1.0, '_a3_': 1.0, '_a4_': 1.0, '_a7_': 1.0}};{'d0': 0.024905832919416587};-280.569866449044;44.79110187864133
21828;-95.4938313458804;(x * (sqrt((_a5_ * _a0_)) + pow2(((x + (_a6_ * _a0_)) / pow2(_a0_)))));{'d0': {'_a0_': 0.7376917441223295, '_a5_': 2.836662330270429, '_a6_': 0.4228455995254031, '_a1_': 1.0, '_a2_': 1.0, '_a3_': 1.0, '_a4_': 1.0, '_a7_': 1.0}};{'d0': 0.024905832919416587};-280.569866449044;44.79110187864133
21829;-95.4938313458804;(x * (sqrt((_a5_ * _a0_)) + pow2(((x + (_a6_ * _a0_)) / pow2(_a0_)))));{'d0': {'_a0_': 0.7376917441223295, '_a5_': 2.836662330270429, '_a6_': 0.4228455995254031, '_a1_': 1.0, '_a2_': 1.0, '_a3_': 1.0, '_a4_': 1.0, '_a7_': 1.0}};{'d0': 0.024905832919416587};-280.569866449044;44.79110187864133
21830;-95.4938313458804;(x * (sqrt((_a5_ * _a0_)) + pow2(((x + (_a6_ * _a0_)) / pow2(_a0_)))));{'d0': {'_a0_': 0.7376917441223295, '_a5_': 2.836662330270429, '_a6_': 0.4228455995254031, '_a1_': 1.0, '_a2_': 1.0, '_a3_': 1.0, '_a4_': 1.0, '_a7_': 1.0}};{'d0': 0.024905832919416587};-280.569866449044;44.79110187864133
21831;-95.4938313458804;(x * (sqrt((_a5_ * _a0_)) + pow2(((x + (_a6_ * _a0_)) / pow2(_a0_)))));{'d0': {'_a0_': 0.7376917441223295, '_a5_': 2.836662330270429, '_a6_': 0.4228455995254031, '_a1_': 1.0, '_a2_': 1.0, '_a3_': 1.0, '_a4_': 1.0, '_a7_': 1.0}};{'d0': 0.024905832919416587};-280.569866449044;44.79110187864133
21832;-95.4938313458804;(x * (sqrt((_a5_ * _a0_)) + pow2(((x + (_a6_ * _a0_)) / pow2(_a0_)))));{'d0': {'_a0_': 0.7376917441223295, '_a5_': 2.836662330270429, '_a6_': 0.4228455995254031, '_a1_': 1.0, '_a2_': 1.0, '_a3_': 1.0, '_a4_': 1.0, '_a7_': 1.0}};{'d0': 0.024905832919416587};-280.569866449044;44.79110187864133
21833;-99.1917658184904;(x * (sqrt((_a5_ * _a0_)) + pow2(((x + (_a6_ * _a0_)) / _a0_))));{'d0': {'_a0_': 0.5441891093286113, '_a5_': 3.8453220500993335, '_a6_': 0.5732009377232721, '_a1_': 1.0, '_a2_': 1.0, '_a3_': 1.0, '_a4_': 1.0, '_a7_': 1.0}};{'d0': 0.024905832919416584};-280.569866449044;41.09316740603133
21834;-97.7608909771443;(_a5_ * -((x * (_a5_ + ((pow2((x + _a0_)) + _a2_) / _a1_)))));{'d0': {'_a0_': 0.31192970784742535, '_a1_': 0.4538431729765349, '_a2_': 1.1239152556388168, '_a5_': -1.5325198711003174, '_a3_': 1.0, '_a4_': 1.0, '_a6_': 1.0, '_a7_': 1.0}};{'d0': 0.024905832919914453};-276.475521885622;40.476869965666666
21835;-97.7608909771443;(_a5_ * -((x * (_a5_ + ((pow2((x + _a0_)) + _a2_) / _a1_)))));{'d0': {'_a0_': 0.31192970784742535, '_a1_': 0.4538431729765349, '_a2_': 1.1239152556388168, '_a5_': -1.5325198711003174, '_a3_': 1.0, '_a4_': 1.0, '_a6_': 1.0, '_a7_': 1.0}};{'d0': 0.024905832919914453};-276.475521885622;40.476869965666666
21836;-97.7608909771443;(_a5_ * -((x * (_a5_ + ((pow2((x + _a0_)) + _a2_) / _a1_)))));{'d0': {'_a0_': 0.31192970784742535, '_a1_': 0.4538431729765349, '_a2_': 1.1239152556388168, '_a5_': -1.5325198711003174, '_a3_': 1.0, '_a4_': 1.0, '_a6_': 1.0, '_a7_': 1.0}};{'d0': 0.024905832919914453};-276.475521885622;40.476869965666666
21837;-97.7608909771443;(_a5_ * -((x * (_a5_ + ((pow2((x + _a0_)) + _a2_) / _a1_)))));{'d0': {'_a0_': 0.31192970784742535, '_a1_': 0.4538431729765349, '_a2_': 1.1239152556388168, '_a5_': -1.5325198711003174, '_a3_': 1.0, '_a4_': 1.0, '_a6_': 1.0, '_a7_': 1.0}};{'d0': 0.024905832919914453};-276.475521885622;40.476869965666666
21838;-97.7608909771443;(_a5_ * -((x * (_a5_ + ((pow2((x + _a0_)) + _a2_) / _a1_)))));{'d0': {'_a0_': 0.31192970784742535, '_a1_': 0.4538431729765349, '_a2_': 1.1239152556388168, '_a5_': -1.5325198711003174, '_a3_': 1.0, '_a4_': 1.0, '_a6_': 1.0, '_a7_': 1.0}};{'d0': 0.024905832919914453};-276.475521885622;40.476869965666666
21839;-97.7608909771443;(_a5_ * -((x * (_a5_ + ((pow2((x + _a0_)) + _a2_) / _a1_)))));{'d0': {'_a0_': 0.31192970784742535, '_a1_': 0.4538431729765349, '_a2_': 1.1239152556388168, '_a5_': -1.5325198711003174, '_a3_': 1.0, '_a4_': 1.0, '_a6_': 1.0, '_a7_': 1.0}};{'d0': 0.024905832919914453};-276.475521885622;40.476869965666666
21840;-97.7608909771443;(_a5_ * -((x * (_a5_ + ((pow2((x + _a0_)) + _a2_) / _a1_)))));{'d0': {'_a0_': 0.31192970784742535, '_a1_': 0.4538431729765349, '_a2_': 1.1239152556388168, '_a5_': -1.5325198711003174, '_a3_': 1.0, '_a4_': 1.0, '_a6_': 1.0, '_a7_': 1.0}};{'d0': 0.024905832919914453};-276.475521885622;40.476869965666666
21841;-97.7608909771443;(_a5_ * -((x * (_a5_ + ((pow2((x + _a0_)) + _a2_) / _a1_)))));{'d0': {'_a0_': 0.31192970784742535, '_a1_': 0.4538431729765349, '_a2_': 1.1239152556388168, '_a5_': -1.5325198711003174, '_a3_': 1.0, '_a4_': 1.0, '_a6_': 1.0, '_a7_': 1.0}};{'d0': 0.024905832919914453};-276.475521885622;40.476869965666666
21842;-97.5897670995775;(_a5_ * -((x * (_a5_ + ((pow2((x + _a0_)) + _a2_) ** _a1_)))));{'d0': {'_a0_': 0.3103299155332713, '_a1_': 1.3826136146146568, '_a2_': 1.9969886003450918, '_a5_': -1.787510975083296, '_a3_': 1.0, '_a4_': 1.0, '_a6_': 1.0, '_a7_': 1.0}};{'d0': 0.024337805901907053};-277.859787289884;41.340126545364264
21843;-97.5897670995775;(_a5_ * -((x * (_a5_ + ((pow2((x + _a0_)) + _a2_) ** _a1_)))));{'d0': {'_a0_': 0.3103299155332713, '_a1_': 1.3826136146146568, '_a2_': 1.9969886003450918, '_a5_': -1.787510975083296, '_a3_': 1.0, '_a4_': 1.0, '_a6_': 1.0, '_a7_': 1.0}};{'d0': 0.024337805901907053};-277.859787289884;41.340126545364264
21844;-97.5897670995775;(_a5_ * -((x * (_a5_ + ((pow2((x + _a0_)) + _a2_) ** _a1_)))));{'d0': {'_a0_': 0.3103299155332713, '_a1_': 1.3826136146146568, '_a2_': 1.9969886003450918, '_a5_': -1.787510975083296, '_a3_': 1.0, '_a4_': 1.0, '_a6_': 1.0, '_a7_': 1.0}};{'d0': 0.024337805901907053};-277.859787289884;41.340126545364264
21845;-97.5897670995775;(_a5_ * -((x * (_a5_ + ((pow2((x + _a0_)) + _a2_) ** _a1_)))));{'d0': {'_a0_': 0.3103299155332713, '_a1_': 1.3826136146146568, '_a2_': 1.9969886003450918, '_a5_': -1.787510975083296, '_a3_': 1.0, '_a4_': 1.0, '_a6_': 1.0, '_a7_': 1.0}};{'d0': 0.024337805901907053};-277.859787289884;41.340126545364264
21846;-92.1195112708028;(((x + ((_a5_ / _a0_) * _a5_)) * (x * _a7_)) + -(pow3((x / _a5_))));{'d0': {'_a0_': 0.5272565910302585, '_a5_': -0.666550764340422, '_a7_': 2.1066240684764033, '_a1_': 1.0, '_a2_': 1.0, '_a3_': 1.0, '_a4_': 1.0, '_a6_': 1.0}};{'d0': 0.024905832919416632};-280.569866449044;48.16542195371896
21847;-92.1195112708028;(((x + ((_a5_ / _a0_) * _a5_)) * (x * _a7_)) + -(pow3((x / _a5_))));{'d0': {'_a0_': 0.5272565910302585, '_a5_': -0.666550764340422, '_a7_': 2.1066240684764033, '_a1_': 1.0, '_a2_': 1.0, '_a3_': 1.0, '_a4_': 1.0, '_a6_': 1.0}};{'d0': 0.024905832919416632};-280.569866449044;48.16542195371896
21848;-92.1195112708028;(((x + ((_a5_ / _a0_) * _a5_)) * (x * _a7_)) + -(pow3((x / _a5_))));{'d0': {'_a0_': 0.5272565910302585, '_a5_': -0.666550764340422, '_a7_': 2.1066240684764033, '_a1_': 1.0, '_a2_': 1.0, '_a3_': 1.0, '_a4_': 1.0, '_a6_': 1.0}};{'d0': 0.024905832919416632};-280.569866449044;48.16542195371896
21849;-92.1195112708028;(((x + ((_a5_ / _a0_) * _a5_)) * (x * _a7_)) + -(pow3((x / _a5_))));{'d0': {'_a0_': 0.5272565910302585, '_a5_': -0.666550764340422, '_a7_': 2.1066240684764033, '_a1_': 1.0, '_a2_': 1.0, '_a3_': 1.0, '_a4_': 1.0, '_a6_': 1.0}};{'d0': 0.024905832919416632};-280.569866449044;48.16542195371896
21850;-92.1195112708028;(((x + ((_a5_ / _a0_) * _a5_)) * (x * _a7_)) + -(pow3((x / _a5_))));{'d0': {'_a0_': 0.5272565910302585, '_a5_': -0.666550764340422, '_a7_': 2.1066240684764033, '_a1_': 1.0, '_a2_': 1.0, '_a3_': 1.0, '_a4_': 1.0, '_a6_': 1.0}};{'d0': 0.024905832919416632};-280.569866449044;48.16542195371896
21851;-92.1195112708028;(((x + ((_a5_ / _a0_) * _a5_)) * (x * _a7_)) + -(pow3((x / _a5_))));{'d0': {'_a0_': 0.5272565910302585, '_a5_': -0.666550764340422, '_a7_': 2.1066240684764033, '_a1_': 1.0, '_a2_': 1.0, '_a3_': 1.0, '_a4_': 1.0, '_a6_': 1.0}};{'d0': 0.024905832919416632};-280.569866449044;48.16542195371896
21852;-92.1195112708028;(((x + ((_a5_ / _a0_) * _a5_)) * (x * _a7_)) + -(pow3((x / _a5_))));{'d0': {'_a0_': 0.5272565910302585, '_a5_': -0.666550764340422, '_a7_': 2.1066240684764033, '_a1_': 1.0, '_a2_': 1.0, '_a3_': 1.0, '_a4_': 1.0, '_a6_': 1.0}};{'d0': 0.024905832919416632};-280.569866449044;48.16542195371896
21853;-92.1195112708028;(((x + ((_a5_ / _a0_) * _a5_)) * (x * _a7_)) + -(pow3((x / _a5_))));{'d0': {'_a0_': 0.5272565910302585, '_a5_': -0.666550764340422, '_a7_': 2.1066240684764033, '_a1_': 1.0, '_a2_': 1.0, '_a3_': 1.0, '_a4_': 1.0, '_a6_': 1.0}};{'d0': 0.024905832919416632};-280.569866449044;48.16542195371896
21854;-92.1195112708028;(((x + ((_a5_ / _a0_) * _a5_)) * (x * _a7_)) + -(pow3((x / _a5_))));{'d0': {'_a0_': 0.5272565910302585, '_a5_': -0.666550764340422, '_a7_': 2.1066240684764033, '_a1_': 1.0, '_a2_': 1.0, '_a3_': 1.0, '_a4_': 1.0, '_a6_': 1.0}};{'d0': 0.024905832919416632};-280.569866449044;48.16542195371896
21855;-92.1195112708028;(((x + ((_a5_ / _a0_) * _a5_)) * (x * _a7_)) + -(pow3((x / _a5_))));{'d0': {'_a0_': 0.5272565910302585, '_a5_': -0.666550764340422, '_a7_': 2.1066240684764033, '_a1_': 1.0, '_a2_': 1.0, '_a3_': 1.0, '_a4_': 1.0, '_a6_': 1.0}};{'d0': 0.024905832919416632};-280.569866449044;48.16542195371896
21856;-92.1195112708028;(((x + ((_a5_ / _a0_) * _a5_)) * (x * _a7_)) + -(pow3((x / _a5_))));{'d0': {'_a0_': 0.5272565910302585, '_a5_': -0.666550764340422, '_a7_': 2.1066240684764033, '_a1_': 1.0, '_a2_': 1.0, '_a3_': 1.0, '_a4_': 1.0, '_a6_': 1.0}};{'d0': 0.024905832919416632};-280.569866449044;48.16542195371896
21857;-92.1195112708028;(((x + ((_a5_ / _a0_) * _a5_)) * (x * _a7_)) + -(pow3((x / _a5_))));{'d0': {'_a0_': 0.5272565910302585, '_a5_': -0.666550764340422, '_a7_': 2.1066240684764033, '_a1_': 1.0, '_a2_': 1.0, '_a3_': 1.0, '_a4_': 1.0, '_a6_': 1.0}};{'d0': 0.024905832919416632};-280.569866449044;48.16542195371896
21858;-92.1195112708028;(((x + ((_a5_ / _a0_) * _a5_)) * (x * _a7_)) + -(pow3((x / _a5_))));{'d0': {'_a0_': 0.5272565910302585, '_a5_': -0.666550764340422, '_a7_': 2.1066240684764033, '_a1_': 1.0, '_a2_': 1.0, '_a3_': 1.0, '_a4_': 1.0, '_a6_': 1.0}};{'d0': 0.024905832919416632};-280.569866449044;48.16542195371896
21859;-92.1195112708028;(((x + ((_a5_ / _a0_) * _a5_)) * (x * _a7_)) + -(pow3((x / _a5_))));{'d0': {'_a0_': 0.5272565910302585, '_a5_': -0.666550764340422, '_a7_': 2.1066240684764033, '_a1_': 1.0, '_a2_': 1.0, '_a3_': 1.0, '_a4_': 1.0, '_a6_': 1.0}};{'d0': 0.024905832919416632};-280.569866449044;48.16542195371896
21860;-92.1195112708028;(((x + ((_a5_ / _a0_) * _a5_)) * (x * _a7_)) + -(pow3((x / _a5_))));{'d0': {'_a0_': 0.5272565910302585, '_a5_': -0.666550764340422, '_a7_': 2.1066240684764033, '_a1_': 1.0, '_a2_': 1.0, '_a3_': 1.0, '_a4_': 1.0, '_a6_': 1.0}};{'d0': 0.024905832919416632};-280.569866449044;48.16542195371896
21861;-85.4559629247028;(((x + ((_a5_ / _a0_) * _a5_)) * (x * (_a3_ ** _a0_))) + -(pow3((x / _a5_))));{'d0': {'_a0_': 0.5272565908354506, '_a3_': 4.10883161136568, '_a5_': -0.6665507644574117, '_a1_': 1.0, '_a2_': 1.0, '_a4_': 1.0, '_a6_': 1.0, '_a7_': 1.0}};{'d0': 0.02490583291941659};-280.569866449044;54.82897029981896
21862;-85.4559629247028;(((x + ((_a5_ / _a0_) * _a5_)) * (x * (_a3_ ** _a0_))) + -(pow3((x / _a5_))));{'d0': {'_a0_': 0.5272565908354506, '_a3_': 4.10883161136568, '_a5_': -0.6665507644574117, '_a1_': 1.0, '_a2_': 1.0, '_a4_': 1.0, '_a6_': 1.0, '_a7_': 1.0}};{'d0': 0.02490583291941659};-280.569866449044;54.82897029981896
21863;-85.4559629247028;(((x + ((_a5_ / _a0_) * _a5_)) * (x * (_a3_ ** _a0_))) + -(pow3((x / _a5_))));{'d0': {'_a0_': 0.5272565908354506, '_a3_': 4.10883161136568, '_a5_': -0.6665507644574117, '_a1_': 1.0, '_a2_': 1.0, '_a4_': 1.0, '_a6_': 1.0, '_a7_': 1.0}};{'d0': 0.02490583291941659};-280.569866449044;54.82897029981896
21864;-85.4559629247028;(((x + ((_a5_ / _a0_) * _a5_)) * (x * (_a3_ ** _a0_))) + -(pow3((x / _a5_))));{'d0': {'_a0_': 0.5272565908354506, '_a3_': 4.10883161136568, '_a5_': -0.6665507644574117, '_a1_': 1.0, '_a2_': 1.0, '_a4_': 1.0, '_a6_': 1.0, '_a7_': 1.0}};{'d0': 0.02490583291941659};-280.569866449044;54.82897029981896
21865;-85.4559629247028;(((x + ((_a5_ / _a0_) * _a5_)) * (x * (_a3_ ** _a0_))) + -(pow3((x / _a5_))));{'d0': {'_a0_': 0.5272565908354506, '_a3_': 4.10883161136568, '_a5_': -0.6665507644574117, '_a1_': 1.0, '_a2_': 1.0, '_a4_': 1.0, '_a6_': 1.0, '_a7_': 1.0}};{'d0': 0.02490583291941659};-280.569866449044;54.82897029981896
21866;-85.4559629247028;(((x + ((_a5_ / _a0_) * _a5_)) * (x * (_a3_ ** _a0_))) + -(pow3((x / _a5_))));{'d0': {'_a0_': 0.5272565908354506, '_a3_': 4.10883161136568, '_a5_': -0.6665507644574117, '_a1_': 1.0, '_a2_': 1.0, '_a4_': 1.0, '_a6_': 1.0, '_a7_': 1.0}};{'d0': 0.02490583291941659};-280.569866449044;54.82897029981896
21867;-85.4559629247028;(((x + ((_a5_ / _a0_) * _a5_)) * (x * (_a3_ ** _a0_))) + -(pow3((x / _a5_))));{'d0': {'_a0_': 0.5272565908354506, '_a3_': 4.10883161136568, '_a5_': -0.6665507644574117, '_a1_': 1.0, '_a2_': 1.0, '_a4_': 1.0, '_a6_': 1.0, '_a7_': 1.0}};{'d0': 0.02490583291941659};-280.569866449044;54.82897029981896
21868;-85.4559629247028;(((x + ((_a5_ / _a0_) * _a5_)) * (x * (_a3_ ** _a0_))) + -(pow3((x / _a5_))));{'d0': {'_a0_': 0.5272565908354506, '_a3_': 4.10883161136568, '_a5_': -0.6665507644574117, '_a1_': 1.0, '_a2_': 1.0, '_a4_': 1.0, '_a6_': 1.0, '_a7_': 1.0}};{'d0': 0.02490583291941659};-280.569866449044;54.82897029981896
21869;-85.4559629247028;(((x + ((_a5_ / _a0_) * _a5_)) * (x * (_a3_ ** _a0_))) + -(pow3((x / _a5_))));{'d0': {'_a0_': 0.5272565908354506, '_a3_': 4.10883161136568, '_a5_': -0.6665507644574117, '_a1_': 1.0, '_a2_': 1.0, '_a4_': 1.0, '_a6_': 1.0, '_a7_': 1.0}};{'d0': 0.02490583291941659};-280.569866449044;54.82897029981896
21870;-85.4559629247028;(((x + ((_a5_ / _a0_) * _a5_)) * (x * (_a3_ ** _a0_))) + -(pow3((x / _a5_))));{'d0': {'_a0_': 0.5272565908354506, '_a3_': 4.10883161136568, '_a5_': -0.6665507644574117, '_a1_': 1.0, '_a2_': 1.0, '_a4_': 1.0, '_a6_': 1.0, '_a7_': 1.0}};{'d0': 0.02490583291941659};-280.569866449044;54.82897029981896
21871;-85.5266292083928;(((x + ((_a5_ / _a0_) * _a5_)) * (x * pow3(_a6_))) + -(pow3((x / _a5_))));{'d0': {'_a0_': 0.5272565911343037, '_a5_': -0.6665507642878435, '_a6_': 1.281924203302677, '_a1_': 1.0, '_a2_': 1.0, '_a3_': 1.0, '_a4_': 1.0, '_a7_': 1.0}};{'d0': 0.024905832919416615};-280.569866449044;54.75830401612896
21872;-85.5266292083928;(((x + ((_a5_ / _a0_) * _a5_)) * (x * pow3(_a6_))) + -(pow3((x / _a5_))));{'d0': {'_a0_': 0.5272565911343037, '_a5_': -0.6665507642878435, '_a6_': 1.281924203302677, '_a1_': 1.0, '_a2_': 1.0, '_a3_': 1.0, '_a4_': 1.0, '_a7_': 1.0}};{'d0': 0.024905832919416615};-280.569866449044;54.75830401612896
21873;-85.5266292083928;(((x + ((_a5_ / _a0_) * _a5_)) * (x * pow3(_a6_))) + -(pow3((x / _a5_))));{'d0': {'_a0_': 0.5272565911343037, '_a5_': -0.6665507642878435, '_a6_': 1.281924203302677, '_a1_': 1.0, '_a2_': 1.0, '_a3_': 1.0, '_a4_': 1.0, '_a7_': 1.0}};{'d0': 0.024905832919416615};-280.569866449044;54.75830401612896
21874;-85.5266292083928;(((x + ((_a5_ / _a0_) * _a5_)) * (x * pow3(_a6_))) + -(pow3((x / _a5_))));{'d0': {'_a0_': 0.5272565911343037, '_a5_': -0.6665507642878435, '_a6_': 1.281924203302677, '_a1_': 1.0, '_a2_': 1.0, '_a3_': 1.0, '_a4_': 1.0, '_a7_': 1.0}};{'d0': 0.024905832919416615};-280.569866449044;54.75830401612896
21875;-91.0842141861058;(_a5_ * ((x * pow2(((_a0_ + log(_a5_)) * ((_a2_ + x) + _a1_)))) + x));{'d0': {'_a0_': -1.8970452121654742, '_a1_': 15293650.241238076, '_a2_': -15293649.929308362, '_a5_': 1.4465761367030519, '_a3_': 1.0, '_a4_': 1.0, '_a6_': 1.0, '_a7_': 1.0}};{'d0': 0.02490583291943811};-276.475521886770;47.15354675727897
21876;-91.0842141861058;(_a5_ * ((x * pow2(((_a0_ + log(_a5_)) * ((_a2_ + x) + _a1_)))) + x));{'d0': {'_a0_': -1.8970452121654742, '_a1_': 15293650.241238076, '_a2_': -15293649.929308362, '_a5_': 1.4465761367030519, '_a3_': 1.0, '_a4_': 1.0, '_a6_': 1.0, '_a7_': 1.0}};{'d0': 0.02490583291943811};-276.475521886770;47.15354675727897
21877;-91.0842141861058;(_a5_ * ((x * pow2(((_a0_ + log(_a5_)) * ((_a2_ + x) + _a1_)))) + x));{'d0': {'_a0_': -1.8970452121654742, '_a1_': 15293650.241238076, '_a2_': -15293649.929308362, '_a5_': 1.4465761367030519, '_a3_': 1.0, '_a4_': 1.0, '_a6_': 1.0, '_a7_': 1.0}};{'d0': 0.02490583291943811};-276.475521886770;47.15354675727897
21878;-91.0842141861058;(_a5_ * ((x * pow2(((_a0_ + log(_a5_)) * ((_a2_ + x) + _a1_)))) + x));{'d0': {'_a0_': -1.8970452121654742, '_a1_': 15293650.241238076, '_a2_': -15293649.929308362, '_a5_': 1.4465761367030519, '_a3_': 1.0, '_a4_': 1.0, '_a6_': 1.0, '_a7_': 1.0}};{'d0': 0.02490583291943811};-276.475521886770;47.15354675727897
21879;-91.0842141861058;(_a5_ * ((x * pow2(((_a0_ + log(_a5_)) * ((_a2_ + x) + _a1_)))) + x));{'d0': {'_a0_': -1.8970452121654742, '_a1_': 15293650.241238076, '_a2_': -15293649.929308362, '_a5_': 1.4465761367030519, '_a3_': 1.0, '_a4_': 1.0, '_a6_': 1.0, '_a7_': 1.0}};{'d0': 0.02490583291943811};-276.475521886770;47.15354675727897
21880;-91.0842141861058;(_a5_ * ((x * pow2(((_a0_ + log(_a5_)) * ((_a2_ + x) + _a1_)))) + x));{'d0': {'_a0_': -1.8970452121654742, '_a1_': 15293650.241238076, '_a2_': -15293649.929308362, '_a5_': 1.4465761367030519, '_a3_': 1.0, '_a4_': 1.0, '_a6_': 1.0, '_a7_': 1.0}};{'d0': 0.02490583291943811};-276.475521886770;47.15354675727897
21881;-91.0842141861058;(_a5_ * ((x * pow2(((_a0_ + log(_a5_)) * ((_a2_ + x) + _a1_)))) + x));{'d0': {'_a0_': -1.8970452121654742, '_a1_': 15293650.241238076, '_a2_': -15293649.929308362, '_a5_': 1.4465761367030519, '_a3_': 1.0, '_a4_': 1.0, '_a6_': 1.0, '_a7_': 1.0}};{'d0': 0.02490583291943811};-276.475521886770;47.15354675727897
21882;-91.0842141861058;(_a5_ * ((x * pow2(((_a0_ + log(_a5_)) * ((_a2_ + x) + _a1_)))) + x));{'d0': {'_a0_': -1.8970452121654742, '_a1_': 15293650.241238076, '_a2_': -15293649.929308362, '_a5_': 1.4465761367030519, '_a3_': 1.0, '_a4_': 1.0, '_a6_': 1.0, '_a7_': 1.0}};{'d0': 0.02490583291943811};-276.475521886770;47.15354675727897
21883;-91.0842141861058;(_a5_ * ((x * pow2(((_a0_ + log(_a5_)) * ((_a2_ + x) + _a1_)))) + x));{'d0': {'_a0_': -1.8970452121654742, '_a1_': 15293650.241238076, '_a2_': -15293649.929308362, '_a5_': 1.4465761367030519, '_a3_': 1.0, '_a4_': 1.0, '_a6_': 1.0, '_a7_': 1.0}};{'d0': 0.02490583291943811};-276.475521886770;47.15354675727897
21884;-91.0842141861058;(_a5_ * ((x * pow2(((_a0_ + log(_a5_)) * ((_a2_ + x) + _a1_)))) + x));{'d0': {'_a0_': -1.8970452121654742, '_a1_': 15293650.241238076, '_a2_': -15293649.929308362, '_a5_': 1.4465761367030519, '_a3_': 1.0, '_a4_': 1.0, '_a6_': 1.0, '_a7_': 1.0}};{'d0': 0.02490583291943811};-276.475521886770;47.15354675727897
21885;-91.0842141861058;(_a5_ * ((x * pow2(((_a0_ + log(_a5_)) * ((_a2_ + x) + _a1_)))) + x));{'d0': {'_a0_': -1.8970452121654742, '_a1_': 15293650.241238076, '_a2_': -15293649.929308362, '_a5_': 1.4465761367030519, '_a3_': 1.0, '_a4_': 1.0, '_a6_': 1.0, '_a7_': 1.0}};{'d0': 0.02490583291943811};-276.475521886770;47.15354675727897
21886;-91.0842141861058;(_a5_ * ((x * pow2(((_a0_ + log(_a5_)) * ((_a2_ + x) + _a1_)))) + x));{'d0': {'_a0_': -1.8970452121654742, '_a1_': 15293650.241238076, '_a2_': -15293649.929308362, '_a5_': 1.4465761367030519, '_a3_': 1.0, '_a4_': 1.0, '_a6_': 1.0, '_a7_': 1.0}};{'d0': 0.02490583291943811};-276.475521886770;47.15354675727897
21887;-91.0842141861058;(_a5_ * ((x * pow2(((_a0_ + log(_a5_)) * ((_a2_ + x) + _a1_)))) + x));{'d0': {'_a0_': -1.8970452121654742, '_a1_': 15293650.241238076, '_a2_': -15293649.929308362, '_a5_': 1.4465761367030519, '_a3_': 1.0, '_a4_': 1.0, '_a6_': 1.0, '_a7_': 1.0}};{'d0': 0.02490583291943811};-276.475521886770;47.15354675727897
21888;-91.0842141861058;(_a5_ * ((x * pow2(((_a0_ + log(_a5_)) * ((_a2_ + x) + _a1_)))) + x));{'d0': {'_a0_': -1.8970452121654742, '_a1_': 15293650.241238076, '_a2_': -15293649.929308362, '_a5_': 1.4465761367030519, '_a3_': 1.0, '_a4_': 1.0, '_a6_': 1.0, '_a7_': 1.0}};{'d0': 0.02490583291943811};-276.475521886770;47.15354675727897
21889;-100.731372386123;(_a2_ * -((x * (_a5_ + ((pow2((x + _a1_)) + _a2_) * _a1_)))));{'d0': {'_a1_': 0.3119297081805668, '_a2_': -10.825390430584308, '_a5_': 3.5103889535021158, '_a0_': 1.0, '_a3_': 1.0, '_a4_': 1.0, '_a6_': 1.0, '_a7_': 1.0}};{'d0': 0.024905832919416365};-280.569866449044;39.553560838399264
21890;-100.731372386123;(_a2_ * -((x * (_a5_ + ((pow2((x + _a1_)) + _a2_) * _a1_)))));{'d0': {'_a1_': 0.3119297081805668, '_a2_': -10.825390430584308, '_a5_': 3.5103889535021158, '_a0_': 1.0, '_a3_': 1.0, '_a4_': 1.0, '_a6_': 1.0, '_a7_': 1.0}};{'d0': 0.024905832919416365};-280.569866449044;39.553560838399264
21891;-100.731372386123;(_a2_ * -((x * (_a5_ + ((pow2((x + _a1_)) + _a2_) * _a1_)))));{'d0': {'_a1_': 0.3119297081805668, '_a2_': -10.825390430584308, '_a5_': 3.5103889535021158, '_a0_': 1.0, '_a3_': 1.0, '_a4_': 1.0, '_a6_': 1.0, '_a7_': 1.0}};{'d0': 0.024905832919416365};-280.569866449044;39.553560838399264
21892;-100.731372386123;(_a2_ * -((x * (_a5_ + ((pow2((x + _a1_)) + _a2_) * _a1_)))));{'d0': {'_a1_': 0.3119297081805668, '_a2_': -10.825390430584308, '_a5_': 3.5103889535021158, '_a0_': 1.0, '_a3_': 1.0, '_a4_': 1.0, '_a6_': 1.0, '_a7_': 1.0}};{'d0': 0.024905832919416365};-280.569866449044;39.553560838399264
21893;-99.6877539762274;(_a2_ * -((x * (_a5_ + ((pow2((x + _a1_)) + _a2_) + _a1_)))));{'d0': {'_a1_': 0.31192970773286904, '_a2_': -3.3767608792590957, '_a5_': 3.4932227990878393, '_a0_': 1.0, '_a3_': 1.0, '_a4_': 1.0, '_a6_': 1.0, '_a7_': 1.0}};{'d0': 0.02490583291941666};-280.569866449044;40.59717924829426
21894;-99.6877539762274;(_a2_ * -((x * (_a5_ + ((pow2((x + _a1_)) + _a2_) + _a1_)))));{'d0': {'_a1_': 0.31192970773286904, '_a2_': -3.3767608792590957, '_a5_': 3.4932227990878393, '_a0_': 1.0, '_a3_': 1.0, '_a4_': 1.0, '_a6_': 1.0, '_a7_': 1.0}};{'d0': 0.02490583291941666};-280.569866449044;40.59717924829426
21895;-99.6877539762274;(_a2_ * -((x * (_a5_ + ((pow2((x + _a1_)) + _a2_) + _a1_)))));{'d0': {'_a1_': 0.31192970773286904, '_a2_': -3.3767608792590957, '_a5_': 3.4932227990878393, '_a0_': 1.0, '_a3_': 1.0, '_a4_': 1.0, '_a6_': 1.0, '_a7_': 1.0}};{'d0': 0.02490583291941666};-280.569866449044;40.59717924829426
21896;-99.6877539762274;(_a2_ * -((x * (_a5_ + ((pow2((x + _a1_)) + _a2_) + _a1_)))));{'d0': {'_a1_': 0.31192970773286904, '_a2_': -3.3767608792590957, '_a5_': 3.4932227990878393, '_a0_': 1.0, '_a3_': 1.0, '_a4_': 1.0, '_a6_': 1.0, '_a7_': 1.0}};{'d0': 0.02490583291941666};-280.569866449044;40.59717924829426
21897;-99.6877539762274;(_a2_ * -((x * (_a5_ + ((pow2((x + _a1_)) + _a2_) + _a1_)))));{'d0': {'_a1_': 0.31192970773286904, '_a2_': -3.3767608792590957, '_a5_': 3.4932227990878393, '_a0_': 1.0, '_a3_': 1.0, '_a4_': 1.0, '_a6_': 1.0, '_a7_': 1.0}};{'d0': 0.02490583291941666};-280.569866449044;40.59717924829426
21898;-99.6877539762274;(_a2_ * -((x * (_a5_ + ((pow2((x + _a1_)) + _a2_) + _a1_)))));{'d0': {'_a1_': 0.31192970773286904, '_a2_': -3.3767608792590957, '_a5_': 3.4932227990878393, '_a0_': 1.0, '_a3_': 1.0, '_a4_': 1.0, '_a6_': 1.0, '_a7_': 1.0}};{'d0': 0.02490583291941666};-280.569866449044;40.59717924829426
21899;-99.6877539762274;(_a2_ * -((x * (_a5_ + ((pow2((x + _a1_)) + _a2_) + _a1_)))));{'d0': {'_a1_': 0.31192970773286904, '_a2_': -3.3767608792590957, '_a5_': 3.4932227990878393, '_a0_': 1.0, '_a3_': 1.0, '_a4_': 1.0, '_a6_': 1.0, '_a7_': 1.0}};{'d0': 0.02490583291941666};-280.569866449044;40.59717924829426
21900;-99.6877539762274;(_a2_ * -((x * (_a5_ + ((pow2((x + _a1_)) + _a2_) + _a1_)))));{'d0': {'_a1_': 0.31192970773286904, '_a2_': -3.3767608792590957, '_a5_': 3.4932227990878393, '_a0_': 1.0, '_a3_': 1.0, '_a4_': 1.0, '_a6_': 1.0, '_a7_': 1.0}};{'d0': 0.02490583291941666};-280.569866449044;40.59717924829426
21901;-99.6877539762274;(_a2_ * -((x * (_a5_ + ((pow2((x + _a1_)) + _a2_) + _a1_)))));{'d0': {'_a1_': 0.31192970773286904, '_a2_': -3.3767608792590957, '_a5_': 3.4932227990878393, '_a0_': 1.0, '_a3_': 1.0, '_a4_': 1.0, '_a6_': 1.0, '_a7_': 1.0}};{'d0': 0.02490583291941666};-280.569866449044;40.59717924829426
21902;-99.6877539762274;(_a2_ * -((x * (_a5_ + ((pow2((x + _a1_)) + _a2_) + _a1_)))));{'d0': {'_a1_': 0.31192970773286904, '_a2_': -3.3767608792590957, '_a5_': 3.4932227990878393, '_a0_': 1.0, '_a3_': 1.0, '_a4_': 1.0, '_a6_': 1.0, '_a7_': 1.0}};{'d0': 0.02490583291941666};-280.569866449044;40.59717924829426
21903;-99.8080632588551;(_a2_ * -((x * (_a5_ + ((pow2((x + _a1_)) + _a2_) / _a1_)))));{'d0': {'_a1_': 0.31192970772977635, '_a2_': -1.0533120337061277, '_a5_': 4.750120379161775, '_a0_': 1.0, '_a3_': 1.0, '_a4_': 1.0, '_a6_': 1.0, '_a7_': 1.0}};{'d0': 0.02490583291941659};-280.569866449044;40.47686996566666
21904;-99.8080632588551;(_a2_ * -((x * (_a5_ + ((pow2((x + _a1_)) + _a2_) / _a1_)))));{'d0': {'_a1_': 0.31192970772977635, '_a2_': -1.0533120337061277, '_a5_': 4.750120379161775, '_a0_': 1.0, '_a3_': 1.0, '_a4_': 1.0, '_a6_': 1.0, '_a7_': 1.0}};{'d0': 0.02490583291941659};-280.569866449044;40.47686996566666
21905;-99.8080632588551;(_a2_ * -((x * (_a5_ + ((pow2((x + _a1_)) + _a2_) / _a1_)))));{'d0': {'_a1_': 0.31192970772977635, '_a2_': -1.0533120337061277, '_a5_': 4.750120379161775, '_a0_': 1.0, '_a3_': 1.0, '_a4_': 1.0, '_a6_': 1.0, '_a7_': 1.0}};{'d0': 0.02490583291941659};-280.569866449044;40.47686996566666
21906;-99.8080632588551;(_a2_ * -((x * (_a5_ + ((pow2((x + _a1_)) + _a2_) / _a1_)))));{'d0': {'_a1_': 0.31192970772977635, '_a2_': -1.0533120337061277, '_a5_': 4.750120379161775, '_a0_': 1.0, '_a3_': 1.0, '_a4_': 1.0, '_a6_': 1.0, '_a7_': 1.0}};{'d0': 0.02490583291941659};-280.569866449044;40.47686996566666
21907;-99.8080632588551;(_a2_ * -((x * (_a5_ + ((pow2((x + _a1_)) + _a2_) / _a1_)))));{'d0': {'_a1_': 0.31192970772977635, '_a2_': -1.0533120337061277, '_a5_': 4.750120379161775, '_a0_': 1.0, '_a3_': 1.0, '_a4_': 1.0, '_a6_': 1.0, '_a7_': 1.0}};{'d0': 0.02490583291941659};-280.569866449044;40.47686996566666
21908;-99.8080632588551;(_a2_ * -((x * (_a5_ + ((pow2((x + _a1_)) + _a2_) / _a1_)))));{'d0': {'_a1_': 0.31192970772977635, '_a2_': -1.0533120337061277, '_a5_': 4.750120379161775, '_a0_': 1.0, '_a3_': 1.0, '_a4_': 1.0, '_a6_': 1.0, '_a7_': 1.0}};{'d0': 0.02490583291941659};-280.569866449044;40.47686996566666
21909;-99.8080632588551;(_a2_ * -((x * (_a5_ + ((pow2((x + _a1_)) + _a2_) / _a1_)))));{'d0': {'_a1_': 0.31192970772977635, '_a2_': -1.0533120337061277, '_a5_': 4.750120379161775, '_a0_': 1.0, '_a3_': 1.0, '_a4_': 1.0, '_a6_': 1.0, '_a7_': 1.0}};{'d0': 0.02490583291941659};-280.569866449044;40.47686996566666
21910;-99.8080632588551;(_a2_ * -((x * (_a5_ + ((pow2((x + _a1_)) + _a2_) / _a1_)))));{'d0': {'_a1_': 0.31192970772977635, '_a2_': -1.0533120337061277, '_a5_': 4.750120379161775, '_a0_': 1.0, '_a3_': 1.0, '_a4_': 1.0, '_a6_': 1.0, '_a7_': 1.0}};{'d0': 0.02490583291941659};-280.569866449044;40.47686996566666
21911;-99.8080632588551;(_a2_ * -((x * (_a5_ + ((pow2((x + _a1_)) + _a2_) / _a1_)))));{'d0': {'_a1_': 0.31192970772977635, '_a2_': -1.0533120337061277, '_a5_': 4.750120379161775, '_a0_': 1.0, '_a3_': 1.0, '_a4_': 1.0, '_a6_': 1.0, '_a7_': 1.0}};{'d0': 0.02490583291941659};-280.569866449044;40.47686996566666
21912;-92.0554752084444;(_a5_ * ((x * pow2(((_a0_ * log(_a5_)) * ((_a2_ + x) + _a1_)))) + x));{'d0': {'_a0_': -4.138281023072946, '_a1_': 11849876.152596157, '_a2_': -11849875.840666162, '_a5_': 1.4465745240033547, '_a3_': 1.0, '_a4_': 1.0, '_a6_': 1.0, '_a7_': 1.0}};{'d0': 0.024905833003482338};-276.475521684301;46.182285633705966
21913;-92.0554752084444;(_a5_ * ((x * pow2(((_a0_ * log(_a5_)) * ((_a2_ + x) + _a1_)))) + x));{'d0': {'_a0_': -4.138281023072946, '_a1_': 11849876.152596157, '_a2_': -11849875.840666162, '_a5_': 1.4465745240033547, '_a3_': 1.0, '_a4_': 1.0, '_a6_': 1.0, '_a7_': 1.0}};{'d0': 0.024905833003482338};-276.475521684301;46.182285633705966
21914;-92.0554752084444;(_a5_ * ((x * pow2(((_a0_ * log(_a5_)) * ((_a2_ + x) + _a1_)))) + x));{'d0': {'_a0_': -4.138281023072946, '_a1_': 11849876.152596157, '_a2_': -11849875.840666162, '_a5_': 1.4465745240033547, '_a3_': 1.0, '_a4_': 1.0, '_a6_': 1.0, '_a7_': 1.0}};{'d0': 0.024905833003482338};-276.475521684301;46.182285633705966
21915;-99.8080632588551;(_a2_ * -((x * (_a5_ + ((pow2((x + _a1_)) + _a2_) / _a1_)))));{'d0': {'_a1_': 0.31192970772977635, '_a2_': -1.0533120337061277, '_a5_': 4.750120379161775, '_a0_': 1.0, '_a3_': 1.0, '_a4_': 1.0, '_a6_': 1.0, '_a7_': 1.0}};{'d0': 0.02490583291941659};-280.569866449044;40.47686996566666
21916;-99.8080632588551;(_a2_ * -((x * (_a5_ + ((pow2((x + _a1_)) + _a2_) / _a1_)))));{'d0': {'_a1_': 0.31192970772977635, '_a2_': -1.0533120337061277, '_a5_': 4.750120379161775, '_a0_': 1.0, '_a3_': 1.0, '_a4_': 1.0, '_a6_': 1.0, '_a7_': 1.0}};{'d0': 0.02490583291941659};-280.569866449044;40.47686996566666
21917;-99.8080632588551;(_a2_ * -((x * (_a5_ + ((pow2((x + _a1_)) + _a2_) / _a1_)))));{'d0': {'_a1_': 0.31192970772977635, '_a2_': -1.0533120337061277, '_a5_': 4.750120379161775, '_a0_': 1.0, '_a3_': 1.0, '_a4_': 1.0, '_a6_': 1.0, '_a7_': 1.0}};{'d0': 0.02490583291941659};-280.569866449044;40.47686996566666
21918;-99.8080632588551;(_a2_ * -((x * (_a5_ + ((pow2((x + _a1_)) + _a2_) / _a1_)))));{'d0': {'_a1_': 0.31192970772977635, '_a2_': -1.0533120337061277, '_a5_': 4.750120379161775, '_a0_': 1.0, '_a3_': 1.0, '_a4_': 1.0, '_a6_': 1.0, '_a7_': 1.0}};{'d0': 0.02490583291941659};-280.569866449044;40.47686996566666
21919;-99.8080632588551;(_a2_ * -((x * (_a5_ + ((pow2((x + _a1_)) + _a2_) / _a1_)))));{'d0': {'_a1_': 0.31192970772977635, '_a2_': -1.0533120337061277, '_a5_': 4.750120379161775, '_a0_': 1.0, '_a3_': 1.0, '_a4_': 1.0, '_a6_': 1.0, '_a7_': 1.0}};{'d0': 0.02490583291941659};-280.569866449044;40.47686996566666
21920;-99.8080632588551;(_a2_ * -((x * (_a5_ + ((pow2((x + _a1_)) + _a2_) / _a1_)))));{'d0': {'_a1_': 0.31192970772977635, '_a2_': -1.0533120337061277, '_a5_': 4.750120379161775, '_a0_': 1.0, '_a3_': 1.0, '_a4_': 1.0, '_a6_': 1.0, '_a7_': 1.0}};{'d0': 0.02490583291941659};-280.569866449044;40.47686996566666
21921;-99.8080632588551;(_a2_ * -((x * (_a5_ + ((pow2((x + _a1_)) + _a2_) / _a1_)))));{'d0': {'_a1_': 0.31192970772977635, '_a2_': -1.0533120337061277, '_a5_': 4.750120379161775, '_a0_': 1.0, '_a3_': 1.0, '_a4_': 1.0, '_a6_': 1.0, '_a7_': 1.0}};{'d0': 0.02490583291941659};-280.569866449044;40.47686996566666
21922;-99.8080632588551;(_a2_ * -((x * (_a5_ + ((pow2((x + _a1_)) + _a2_) / _a1_)))));{'d0': {'_a1_': 0.31192970772977635, '_a2_': -1.0533120337061277, '_a5_': 4.750120379161775, '_a0_': 1.0, '_a3_': 1.0, '_a4_': 1.0, '_a6_': 1.0, '_a7_': 1.0}};{'d0': 0.02490583291941659};-280.569866449044;40.47686996566666
21923;-99.8080632588551;(_a2_ * -((x * (_a5_ + ((pow2((x + _a1_)) + _a2_) / _a1_)))));{'d0': {'_a1_': 0.31192970772977635, '_a2_': -1.0533120337061277, '_a5_': 4.750120379161775, '_a0_': 1.0, '_a3_': 1.0, '_a4_': 1.0, '_a6_': 1.0, '_a7_': 1.0}};{'d0': 0.02490583291941659};-280.569866449044;40.47686996566666
21924;-99.8080632588551;(_a2_ * -((x * (_a5_ + ((pow2((x + _a1_)) + _a2_) / _a1_)))));{'d0': {'_a1_': 0.31192970772977635, '_a2_': -1.0533120337061277, '_a5_': 4.750120379161775, '_a0_': 1.0, '_a3_': 1.0, '_a4_': 1.0, '_a6_': 1.0, '_a7_': 1.0}};{'d0': 0.02490583291941659};-280.569866449044;40.47686996566666
21925;-99.8080632588551;(_a2_ * -((x * (_a5_ + ((pow2((x + _a1_)) + _a2_) / _a1_)))));{'d0': {'_a1_': 0.31192970772977635, '_a2_': -1.0533120337061277, '_a5_': 4.750120379161775, '_a0_': 1.0, '_a3_': 1.0, '_a4_': 1.0, '_a6_': 1.0, '_a7_': 1.0}};{'d0': 0.02490583291941659};-280.569866449044;40.47686996566666
21926;-99.8080632588551;(_a2_ * -((x * (_a5_ + ((pow2((x + _a1_)) + _a2_) / _a1_)))));{'d0': {'_a1_': 0.31192970772977635, '_a2_': -1.0533120337061277, '_a5_': 4.750120379161775, '_a0_': 1.0, '_a3_': 1.0, '_a4_': 1.0, '_a6_': 1.0, '_a7_': 1.0}};{'d0': 0.02490583291941659};-280.569866449044;40.47686996566666
21927;-99.8080632588551;(_a2_ * -((x * (_a5_ + ((pow2((x + _a1_)) + _a2_) / _a1_)))));{'d0': {'_a1_': 0.31192970772977635, '_a2_': -1.0533120337061277, '_a5_': 4.750120379161775, '_a0_': 1.0, '_a3_': 1.0, '_a4_': 1.0, '_a6_': 1.0, '_a7_': 1.0}};{'d0': 0.02490583291941659};-280.569866449044;40.47686996566666
21928;-99.8080632588551;(_a2_ * -((x * (_a5_ + ((pow2((x + _a1_)) + _a2_) / _a1_)))));{'d0': {'_a1_': 0.31192970772977635, '_a2_': -1.0533120337061277, '_a5_': 4.750120379161775, '_a0_': 1.0, '_a3_': 1.0, '_a4_': 1.0, '_a6_': 1.0, '_a7_': 1.0}};{'d0': 0.02490583291941659};-280.569866449044;40.47686996566666
21929;-99.8080632588551;(_a2_ * -((x * (_a5_ + ((pow2((x + _a1_)) + _a2_) / _a1_)))));{'d0': {'_a1_': 0.31192970772977635, '_a2_': -1.0533120337061277, '_a5_': 4.750120379161775, '_a0_': 1.0, '_a3_': 1.0, '_a4_': 1.0, '_a6_': 1.0, '_a7_': 1.0}};{'d0': 0.02490583291941659};-280.569866449044;40.47686996566666
21930;-99.8080632588551;(_a2_ * -((x * (_a5_ + ((pow2((x + _a1_)) + _a2_) / _a1_)))));{'d0': {'_a1_': 0.31192970772977635, '_a2_': -1.0533120337061277, '_a5_': 4.750120379161775, '_a0_': 1.0, '_a3_': 1.0, '_a4_': 1.0, '_a6_': 1.0, '_a7_': 1.0}};{'d0': 0.02490583291941659};-280.569866449044;40.47686996566666
21931;-99.8080632588551;(_a2_ * -((x * (_a5_ + ((pow2((x + _a1_)) + _a2_) / _a1_)))));{'d0': {'_a1_': 0.31192970772977635, '_a2_': -1.0533120337061277, '_a5_': 4.750120379161775, '_a0_': 1.0, '_a3_': 1.0, '_a4_': 1.0, '_a6_': 1.0, '_a7_': 1.0}};{'d0': 0.02490583291941659};-280.569866449044;40.47686996566666
21932;-99.8080632588551;(_a2_ * -((x * (_a5_ + ((pow2((x + _a1_)) + _a2_) / _a1_)))));{'d0': {'_a1_': 0.31192970772977635, '_a2_': -1.0533120337061277, '_a5_': 4.750120379161775, '_a0_': 1.0, '_a3_': 1.0, '_a4_': 1.0, '_a6_': 1.0, '_a7_': 1.0}};{'d0': 0.02490583291941659};-280.569866449044;40.47686996566666
21933;-99.8080632588551;(_a2_ * -((x * (_a5_ + ((pow2((x + _a1_)) + _a2_) / _a1_)))));{'d0': {'_a1_': 0.31192970772977635, '_a2_': -1.0533120337061277, '_a5_': 4.750120379161775, '_a0_': 1.0, '_a3_': 1.0, '_a4_': 1.0, '_a6_': 1.0, '_a7_': 1.0}};{'d0': 0.02490583291941659};-280.569866449044;40.47686996566666
21934;-99.8080632588551;(_a2_ * -((x * (_a5_ + ((pow2((x + _a1_)) + _a2_) / _a1_)))));{'d0': {'_a1_': 0.31192970772977635, '_a2_': -1.0533120337061277, '_a5_': 4.750120379161775, '_a0_': 1.0, '_a3_': 1.0, '_a4_': 1.0, '_a6_': 1.0, '_a7_': 1.0}};{'d0': 0.02490583291941659};-280.569866449044;40.47686996566666
21935;-99.8080632588551;(_a2_ * -((x * (_a5_ + ((pow2((x + _a1_)) + _a2_) / _a1_)))));{'d0': {'_a1_': 0.31192970772977635, '_a2_': -1.0533120337061277, '_a5_': 4.750120379161775, '_a0_': 1.0, '_a3_': 1.0, '_a4_': 1.0, '_a6_': 1.0, '_a7_': 1.0}};{'d0': 0.02490583291941659};-280.569866449044;40.47686996566666
21936;-99.8080632588551;(_a2_ * -((x * (_a5_ + ((pow2((x + _a1_)) + _a2_) / _a1_)))));{'d0': {'_a1_': 0.31192970772977635, '_a2_': -1.0533120337061277, '_a5_': 4.750120379161775, '_a0_': 1.0, '_a3_': 1.0, '_a4_': 1.0, '_a6_': 1.0, '_a7_': 1.0}};{'d0': 0.02490583291941659};-280.569866449044;40.47686996566666
21937;-99.8080632588551;(_a2_ * -((x * (_a5_ + ((pow2((x + _a1_)) + _a2_) / _a1_)))));{'d0': {'_a1_': 0.31192970772977635, '_a2_': -1.0533120337061277, '_a5_': 4.750120379161775, '_a0_': 1.0, '_a3_': 1.0, '_a4_': 1.0, '_a6_': 1.0, '_a7_': 1.0}};{'d0': 0.02490583291941659};-280.569866449044;40.47686996566666
21938;-99.8080632588551;(_a2_ * -((x * (_a5_ + ((pow2((x + _a1_)) + _a2_) / _a1_)))));{'d0': {'_a1_': 0.31192970772977635, '_a2_': -1.0533120337061277, '_a5_': 4.750120379161775, '_a0_': 1.0, '_a3_': 1.0, '_a4_': 1.0, '_a6_': 1.0, '_a7_': 1.0}};{'d0': 0.02490583291941659};-280.569866449044;40.47686996566666
21939;-99.8080632588551;(_a2_ * -((x * (_a5_ + ((pow2((x + _a1_)) + _a2_) / _a1_)))));{'d0': {'_a1_': 0.31192970772977635, '_a2_': -1.0533120337061277, '_a5_': 4.750120379161775, '_a0_': 1.0, '_a3_': 1.0, '_a4_': 1.0, '_a6_': 1.0, '_a7_': 1.0}};{'d0': 0.02490583291941659};-280.569866449044;40.47686996566666
21940;-99.8080632588551;(_a2_ * -((x * (_a5_ + ((pow2((x + _a1_)) + _a2_) / _a1_)))));{'d0': {'_a1_': 0.31192970772977635, '_a2_': -1.0533120337061277, '_a5_': 4.750120379161775, '_a0_': 1.0, '_a3_': 1.0, '_a4_': 1.0, '_a6_': 1.0, '_a7_': 1.0}};{'d0': 0.02490583291941659};-280.569866449044;40.47686996566666
21941;-99.8080632588551;(_a2_ * -((x * (_a5_ + ((pow2((x + _a1_)) + _a2_) / _a1_)))));{'d0': {'_a1_': 0.31192970772977635, '_a2_': -1.0533120337061277, '_a5_': 4.750120379161775, '_a0_': 1.0, '_a3_': 1.0, '_a4_': 1.0, '_a6_': 1.0, '_a7_': 1.0}};{'d0': 0.02490583291941659};-280.569866449044;40.47686996566666
21942;-99.8080632588551;(_a2_ * -((x * (_a5_ + ((pow2((x + _a1_)) + _a2_) / _a1_)))));{'d0': {'_a1_': 0.31192970772977635, '_a2_': -1.0533120337061277, '_a5_': 4.750120379161775, '_a0_': 1.0, '_a3_': 1.0, '_a4_': 1.0, '_a6_': 1.0, '_a7_': 1.0}};{'d0': 0.02490583291941659};-280.569866449044;40.47686996566666
21943;-99.8080632588551;(_a2_ * -((x * (_a5_ + ((pow2((x + _a1_)) + _a2_) / _a1_)))));{'d0': {'_a1_': 0.31192970772977635, '_a2_': -1.0533120337061277, '_a5_': 4.750120379161775, '_a0_': 1.0, '_a3_': 1.0, '_a4_': 1.0, '_a6_': 1.0, '_a7_': 1.0}};{'d0': 0.02490583291941659};-280.569866449044;40.47686996566666
21944;-99.8080632588551;(_a2_ * -((x * (_a5_ + ((pow2((x + _a1_)) + _a2_) / _a1_)))));{'d0': {'_a1_': 0.31192970772977635, '_a2_': -1.0533120337061277, '_a5_': 4.750120379161775, '_a0_': 1.0, '_a3_': 1.0, '_a4_': 1.0, '_a6_': 1.0, '_a7_': 1.0}};{'d0': 0.02490583291941659};-280.569866449044;40.47686996566666
21945;-99.8080632588551;(_a2_ * -((x * (_a5_ + ((pow2((x + _a1_)) + _a2_) / _a1_)))));{'d0': {'_a1_': 0.31192970772977635, '_a2_': -1.0533120337061277, '_a5_': 4.750120379161775, '_a0_': 1.0, '_a3_': 1.0, '_a4_': 1.0, '_a6_': 1.0, '_a7_': 1.0}};{'d0': 0.02490583291941659};-280.569866449044;40.47686996566666
21946;-99.8080632588551;(_a2_ * -((x * (_a5_ + ((pow2((x + _a1_)) + _a5_) / _a1_)))));{'d0': {'_a1_': 0.31192970778659107, '_a2_': -1.053312034417067, '_a5_': 0.3265355033777375, '_a0_': 1.0, '_a3_': 1.0, '_a4_': 1.0, '_a6_': 1.0, '_a7_': 1.0}};{'d0': 0.024905832919416594};-280.569866449044;40.47686996566666
21947;-99.8080632588551;(_a2_ * -((x * (_a5_ + ((pow2((x + _a1_)) + _a5_) / _a1_)))));{'d0': {'_a1_': 0.31192970778659107, '_a2_': -1.053312034417067, '_a5_': 0.3265355033777375, '_a0_': 1.0, '_a3_': 1.0, '_a4_': 1.0, '_a6_': 1.0, '_a7_': 1.0}};{'d0': 0.024905832919416594};-280.569866449044;40.47686996566666
21948;-99.8080632588551;(_a2_ * -((x * (_a5_ + ((pow2((x + _a1_)) + _a5_) / _a1_)))));{'d0': {'_a1_': 0.31192970778659107, '_a2_': -1.053312034417067, '_a5_': 0.3265355033777375, '_a0_': 1.0, '_a3_': 1.0, '_a4_': 1.0, '_a6_': 1.0, '_a7_': 1.0}};{'d0': 0.024905832919416594};-280.569866449044;40.47686996566666
21949;-99.8080632588551;(_a2_ * -((x * (_a5_ + ((pow2((x + _a1_)) + _a5_) / _a1_)))));{'d0': {'_a1_': 0.31192970778659107, '_a2_': -1.053312034417067, '_a5_': 0.3265355033777375, '_a0_': 1.0, '_a3_': 1.0, '_a4_': 1.0, '_a6_': 1.0, '_a7_': 1.0}};{'d0': 0.024905832919416594};-280.569866449044;40.47686996566666
21950;-99.8080632588551;(_a2_ * -((x * (_a5_ + ((pow2((x + _a1_)) + _a5_) / _a1_)))));{'d0': {'_a1_': 0.31192970778659107, '_a2_': -1.053312034417067, '_a5_': 0.3265355033777375, '_a0_': 1.0, '_a3_': 1.0, '_a4_': 1.0, '_a6_': 1.0, '_a7_': 1.0}};{'d0': 0.024905832919416594};-280.569866449044;40.47686996566666
21951;-99.8080632588551;(_a2_ * -((x * (_a5_ + ((pow2((x + _a1_)) + _a5_) / _a1_)))));{'d0': {'_a1_': 0.31192970778659107, '_a2_': -1.053312034417067, '_a5_': 0.3265355033777375, '_a0_': 1.0, '_a3_': 1.0, '_a4_': 1.0, '_a6_': 1.0, '_a7_': 1.0}};{'d0': 0.024905832919416594};-280.569866449044;40.47686996566666
21952;-99.8080632588551;(_a2_ * -((x * (_a5_ + ((pow2((x + _a1_)) + _a5_) / _a1_)))));{'d0': {'_a1_': 0.31192970778659107, '_a2_': -1.053312034417067, '_a5_': 0.3265355033777375, '_a0_': 1.0, '_a3_': 1.0, '_a4_': 1.0, '_a6_': 1.0, '_a7_': 1.0}};{'d0': 0.024905832919416594};-280.569866449044;40.47686996566666
21953;-99.8914414997379;(_a2_ * -((x * (_a5_ + ((pow2((x + _a1_)) / _a5_) / _a1_)))));{'d0': {'_a1_': 0.31192970792981045, '_a2_': -1.2343808181640405, '_a5_': 1.1719042196061933, '_a0_': 1.0, '_a3_': 1.0, '_a4_': 1.0, '_a6_': 1.0, '_a7_': 1.0}};{'d0': 0.024905832919416615};-280.569866449044;40.39349172478386
21954;-99.8914414997379;(_a2_ * -((x * (_a5_ + ((pow2((x + _a1_)) / _a5_) / _a1_)))));{'d0': {'_a1_': 0.31192970792981045, '_a2_': -1.2343808181640405, '_a5_': 1.1719042196061933, '_a0_': 1.0, '_a3_': 1.0, '_a4_': 1.0, '_a6_': 1.0, '_a7_': 1.0}};{'d0': 0.024905832919416615};-280.569866449044;40.39349172478386
21955;-99.8914414997379;(_a2_ * -((x * (_a5_ + ((pow2((x + _a1_)) / _a5_) / _a1_)))));{'d0': {'_a1_': 0.31192970792981045, '_a2_': -1.2343808181640405, '_a5_': 1.1719042196061933, '_a0_': 1.0, '_a3_': 1.0, '_a4_': 1.0, '_a6_': 1.0, '_a7_': 1.0}};{'d0': 0.024905832919416615};-280.569866449044;40.39349172478386
21956;-99.8914414997379;(_a2_ * -((x * (_a5_ + ((pow2((x + _a1_)) / _a5_) / _a1_)))));{'d0': {'_a1_': 0.31192970792981045, '_a2_': -1.2343808181640405, '_a5_': 1.1719042196061933, '_a0_': 1.0, '_a3_': 1.0, '_a4_': 1.0, '_a6_': 1.0, '_a7_': 1.0}};{'d0': 0.024905832919416615};-280.569866449044;40.39349172478386
21957;-99.8914414997379;(_a2_ * -((x * (_a5_ + ((pow2((x + _a1_)) / _a5_) / _a1_)))));{'d0': {'_a1_': 0.31192970792981045, '_a2_': -1.2343808181640405, '_a5_': 1.1719042196061933, '_a0_': 1.0, '_a3_': 1.0, '_a4_': 1.0, '_a6_': 1.0, '_a7_': 1.0}};{'d0': 0.024905832919416615};-280.569866449044;40.39349172478386
21958;-99.8914414997379;(_a2_ * -((x * (_a5_ + ((pow2((x + _a1_)) / _a5_) / _a1_)))));{'d0': {'_a1_': 0.31192970792981045, '_a2_': -1.2343808181640405, '_a5_': 1.1719042196061933, '_a0_': 1.0, '_a3_': 1.0, '_a4_': 1.0, '_a6_': 1.0, '_a7_': 1.0}};{'d0': 0.024905832919416615};-280.569866449044;40.39349172478386
21959;-99.8914414997379;(_a2_ * -((x * (_a5_ + ((pow2((x + _a1_)) / _a5_) / _a1_)))));{'d0': {'_a1_': 0.31192970792981045, '_a2_': -1.2343808181640405, '_a5_': 1.1719042196061933, '_a0_': 1.0, '_a3_': 1.0, '_a4_': 1.0, '_a6_': 1.0, '_a7_': 1.0}};{'d0': 0.024905832919416615};-280.569866449044;40.39349172478386
21960;-99.8080632588551;(_a2_ * -((x * (_a5_ + ((pow2((x + _a1_)) + _a5_) / _a1_)))));{'d0': {'_a1_': 0.31192970778659107, '_a2_': -1.053312034417067, '_a5_': 0.3265355033777375, '_a0_': 1.0, '_a3_': 1.0, '_a4_': 1.0, '_a6_': 1.0, '_a7_': 1.0}};{'d0': 0.024905832919416594};-280.569866449044;40.47686996566666
21961;-99.8080632588551;(_a2_ * -((x * (_a5_ + ((pow2((x + _a1_)) + _a5_) / _a1_)))));{'d0': {'_a1_': 0.31192970778659107, '_a2_': -1.053312034417067, '_a5_': 0.3265355033777375, '_a0_': 1.0, '_a3_': 1.0, '_a4_': 1.0, '_a6_': 1.0, '_a7_': 1.0}};{'d0': 0.024905832919416594};-280.569866449044;40.47686996566666
21962;-99.8080632588551;(_a2_ * -((x * (_a5_ + ((pow2((x + _a1_)) + _a5_) / _a1_)))));{'d0': {'_a1_': 0.31192970778659107, '_a2_': -1.053312034417067, '_a5_': 0.3265355033777375, '_a0_': 1.0, '_a3_': 1.0, '_a4_': 1.0, '_a6_': 1.0, '_a7_': 1.0}};{'d0': 0.024905832919416594};-280.569866449044;40.47686996566666
21963;-99.8080632588551;(_a2_ * -((x * (_a5_ + ((pow2((x + _a1_)) + _a5_) / _a1_)))));{'d0': {'_a1_': 0.31192970778659107, '_a2_': -1.053312034417067, '_a5_': 0.3265355033777375, '_a0_': 1.0, '_a3_': 1.0, '_a4_': 1.0, '_a6_': 1.0, '_a7_': 1.0}};{'d0': 0.024905832919416594};-280.569866449044;40.47686996566666
21964;-99.8080632588551;(_a2_ * -((x * (_a5_ + ((pow2((x + _a1_)) + _a5_) / _a1_)))));{'d0': {'_a1_': 0.31192970778659107, '_a2_': -1.053312034417067, '_a5_': 0.3265355033777375, '_a0_': 1.0, '_a3_': 1.0, '_a4_': 1.0, '_a6_': 1.0, '_a7_': 1.0}};{'d0': 0.024905832919416594};-280.569866449044;40.47686996566666
21965;-99.8080632588551;(_a2_ * -((x * (_a5_ + ((pow2((x + _a1_)) + _a5_) / _a1_)))));{'d0': {'_a1_': 0.31192970778659107, '_a2_': -1.053312034417067, '_a5_': 0.3265355033777375, '_a0_': 1.0, '_a3_': 1.0, '_a4_': 1.0, '_a6_': 1.0, '_a7_': 1.0}};{'d0': 0.024905832919416594};-280.569866449044;40.47686996566666
21966;-99.8080632588551;(_a2_ * -((x * (_a5_ + ((pow2((x + _a1_)) + _a5_) / _a1_)))));{'d0': {'_a1_': 0.31192970778659107, '_a2_': -1.053312034417067, '_a5_': 0.3265355033777375, '_a0_': 1.0, '_a3_': 1.0, '_a4_': 1.0, '_a6_': 1.0, '_a7_': 1.0}};{'d0': 0.024905832919416594};-280.569866449044;40.47686996566666
21967;-99.8080632588551;(_a2_ * -((x * (_a5_ + ((pow2((x + _a1_)) + _a5_) / _a1_)))));{'d0': {'_a1_': 0.31192970778659107, '_a2_': -1.053312034417067, '_a5_': 0.3265355033777375, '_a0_': 1.0, '_a3_': 1.0, '_a4_': 1.0, '_a6_': 1.0, '_a7_': 1.0}};{'d0': 0.024905832919416594};-280.569866449044;40.47686996566666
21968;-99.8080632588551;(_a2_ * -((x * (_a5_ + ((pow2((x + _a1_)) + _a5_) / _a1_)))));{'d0': {'_a1_': 0.31192970778659107, '_a2_': -1.053312034417067, '_a5_': 0.3265355033777375, '_a0_': 1.0, '_a3_': 1.0, '_a4_': 1.0, '_a6_': 1.0, '_a7_': 1.0}};{'d0': 0.024905832919416594};-280.569866449044;40.47686996566666
21969;-99.8080632588551;(_a2_ * -((x * (_a5_ + ((pow2((x + _a1_)) + _a5_) / _a1_)))));{'d0': {'_a1_': 0.31192970778659107, '_a2_': -1.053312034417067, '_a5_': 0.3265355033777375, '_a0_': 1.0, '_a3_': 1.0, '_a4_': 1.0, '_a6_': 1.0, '_a7_': 1.0}};{'d0': 0.024905832919416594};-280.569866449044;40.47686996566666
21970;-99.8080632588551;(_a2_ * -((x * (_a5_ + ((pow2((x + _a1_)) + _a5_) / _a1_)))));{'d0': {'_a1_': 0.31192970778659107, '_a2_': -1.053312034417067, '_a5_': 0.3265355033777375, '_a0_': 1.0, '_a3_': 1.0, '_a4_': 1.0, '_a6_': 1.0, '_a7_': 1.0}};{'d0': 0.024905832919416594};-280.569866449044;40.47686996566666
21971;-97.9567340789500;(((x + _a7_) * (x * (_a5_ * _a4_))) + -(pow3((x / _a5_))));{'d0': {'_a4_': -3.160485564965998, '_a5_': -0.6665507643582836, '_a7_': 0.8426446039958263, '_a0_': 1.0, '_a1_': 1.0, '_a2_': 1.0, '_a3_': 1.0, '_a6_': 1.0}};{'d0': 0.024905832919416608};-280.569866449044;42.328199145571766
21972;-97.9567340789500;(((x + _a7_) * (x * (_a5_ * _a4_))) + -(pow3((x / _a5_))));{'d0': {'_a4_': -3.160485564965998, '_a5_': -0.6665507643582836, '_a7_': 0.8426446039958263, '_a0_': 1.0, '_a1_': 1.0, '_a2_': 1.0, '_a3_': 1.0, '_a6_': 1.0}};{'d0': 0.024905832919416608};-280.569866449044;42.328199145571766
21973;-97.9567340789500;(((x + _a7_) * (x * (_a5_ * _a4_))) + -(pow3((x / _a5_))));{'d0': {'_a4_': -3.160485564965998, '_a5_': -0.6665507643582836, '_a7_': 0.8426446039958263, '_a0_': 1.0, '_a1_': 1.0, '_a2_': 1.0, '_a3_': 1.0, '_a6_': 1.0}};{'d0': 0.024905832919416608};-280.569866449044;42.328199145571766
21974;-97.9567340789500;(((x + _a7_) * (x * (_a5_ * _a4_))) + -(pow3((x / _a5_))));{'d0': {'_a4_': -3.160485564965998, '_a5_': -0.6665507643582836, '_a7_': 0.8426446039958263, '_a0_': 1.0, '_a1_': 1.0, '_a2_': 1.0, '_a3_': 1.0, '_a6_': 1.0}};{'d0': 0.024905832919416608};-280.569866449044;42.328199145571766
21975;-97.9567340789500;(((x + _a7_) * (x * (_a5_ * _a4_))) + -(pow3((x / _a5_))));{'d0': {'_a4_': -3.160485564965998, '_a5_': -0.6665507643582836, '_a7_': 0.8426446039958263, '_a0_': 1.0, '_a1_': 1.0, '_a2_': 1.0, '_a3_': 1.0, '_a6_': 1.0}};{'d0': 0.024905832919416608};-280.569866449044;42.328199145571766
21976;-97.9567340789500;(((x + _a7_) * (x * (_a5_ * _a4_))) + -(pow3((x / _a5_))));{'d0': {'_a4_': -3.160485564965998, '_a5_': -0.6665507643582836, '_a7_': 0.8426446039958263, '_a0_': 1.0, '_a1_': 1.0, '_a2_': 1.0, '_a3_': 1.0, '_a6_': 1.0}};{'d0': 0.024905832919416608};-280.569866449044;42.328199145571766
21977;-97.9567340789500;(((x + _a7_) * (x * (_a5_ * _a4_))) + -(pow3((x / _a5_))));{'d0': {'_a4_': -3.160485564965998, '_a5_': -0.6665507643582836, '_a7_': 0.8426446039958263, '_a0_': 1.0, '_a1_': 1.0, '_a2_': 1.0, '_a3_': 1.0, '_a6_': 1.0}};{'d0': 0.024905832919416608};-280.569866449044;42.328199145571766
21978;-99.8080632588551;(_a2_ * -((x * (_a5_ + ((pow2((x + _a1_)) + _a5_) / _a1_)))));{'d0': {'_a1_': 0.31192970778659107, '_a2_': -1.053312034417067, '_a5_': 0.3265355033777375, '_a0_': 1.0, '_a3_': 1.0, '_a4_': 1.0, '_a6_': 1.0, '_a7_': 1.0}};{'d0': 0.024905832919416594};-280.569866449044;40.47686996566666
21979;-99.8080632588551;(_a2_ * -((x * (_a5_ + ((pow2((x + _a1_)) + _a5_) / _a1_)))));{'d0': {'_a1_': 0.31192970778659107, '_a2_': -1.053312034417067, '_a5_': 0.3265355033777375, '_a0_': 1.0, '_a3_': 1.0, '_a4_': 1.0, '_a6_': 1.0, '_a7_': 1.0}};{'d0': 0.024905832919416594};-280.569866449044;40.47686996566666
21980;-99.8080632588551;(_a2_ * -((x * (_a5_ + ((pow2((x + _a1_)) + _a5_) / _a1_)))));{'d0': {'_a1_': 0.31192970778659107, '_a2_': -1.053312034417067, '_a5_': 0.3265355033777375, '_a0_': 1.0, '_a3_': 1.0, '_a4_': 1.0, '_a6_': 1.0, '_a7_': 1.0}};{'d0': 0.024905832919416594};-280.569866449044;40.47686996566666
21981;-99.8080632588551;(_a2_ * -((x * (_a5_ + ((pow2((x + _a1_)) + _a5_) / _a1_)))));{'d0': {'_a1_': 0.31192970778659107, '_a2_': -1.053312034417067, '_a5_': 0.3265355033777375, '_a0_': 1.0, '_a3_': 1.0, '_a4_': 1.0, '_a6_': 1.0, '_a7_': 1.0}};{'d0': 0.024905832919416594};-280.569866449044;40.47686996566666
21982;-99.8080632588551;(_a2_ * -((x * (_a5_ + ((pow2((x + _a1_)) + _a5_) / _a1_)))));{'d0': {'_a1_': 0.31192970778659107, '_a2_': -1.053312034417067, '_a5_': 0.3265355033777375, '_a0_': 1.0, '_a3_': 1.0, '_a4_': 1.0, '_a6_': 1.0, '_a7_': 1.0}};{'d0': 0.024905832919416594};-280.569866449044;40.47686996566666
21983;-99.8080632588551;(_a2_ * -((x * (_a5_ + ((pow2((x + _a1_)) + _a5_) / _a1_)))));{'d0': {'_a1_': 0.31192970778659107, '_a2_': -1.053312034417067, '_a5_': 0.3265355033777375, '_a0_': 1.0, '_a3_': 1.0, '_a4_': 1.0, '_a6_': 1.0, '_a7_': 1.0}};{'d0': 0.024905832919416594};-280.569866449044;40.47686996566666
21984;-99.8080632588551;(_a2_ * -((x * (_a5_ + ((pow2((x + _a1_)) + _a5_) / _a1_)))));{'d0': {'_a1_': 0.31192970778659107, '_a2_': -1.053312034417067, '_a5_': 0.3265355033777375, '_a0_': 1.0, '_a3_': 1.0, '_a4_': 1.0, '_a6_': 1.0, '_a7_': 1.0}};{'d0': 0.024905832919416594};-280.569866449044;40.47686996566666
21985;-99.8080632588551;(_a2_ * -((x * (_a5_ + ((pow2((x + _a1_)) + _a5_) / _a1_)))));{'d0': {'_a1_': 0.31192970778659107, '_a2_': -1.053312034417067, '_a5_': 0.3265355033777375, '_a0_': 1.0, '_a3_': 1.0, '_a4_': 1.0, '_a6_': 1.0, '_a7_': 1.0}};{'d0': 0.024905832919416594};-280.569866449044;40.47686996566666
21986;-99.8080632588551;(_a2_ * -((x * (_a5_ + ((pow2((x + _a1_)) + _a5_) / _a1_)))));{'d0': {'_a1_': 0.31192970778659107, '_a2_': -1.053312034417067, '_a5_': 0.3265355033777375, '_a0_': 1.0, '_a3_': 1.0, '_a4_': 1.0, '_a6_': 1.0, '_a7_': 1.0}};{'d0': 0.024905832919416594};-280.569866449044;40.47686996566666
21987;-99.8080632588551;(_a2_ * -((x * (_a5_ + ((pow2((x + _a1_)) + _a5_) / _a1_)))));{'d0': {'_a1_': 0.31192970778659107, '_a2_': -1.053312034417067, '_a5_': 0.3265355033777375, '_a0_': 1.0, '_a3_': 1.0, '_a4_': 1.0, '_a6_': 1.0, '_a7_': 1.0}};{'d0': 0.024905832919416594};-280.569866449044;40.47686996566666
21988;-99.8080632588551;(_a2_ * -((x * (_a5_ + ((pow2((x + _a1_)) + _a5_) / _a1_)))));{'d0': {'_a1_': 0.31192970778659107, '_a2_': -1.053312034417067, '_a5_': 0.3265355033777375, '_a0_': 1.0, '_a3_': 1.0, '_a4_': 1.0, '_a6_': 1.0, '_a7_': 1.0}};{'d0': 0.024905832919416594};-280.569866449044;40.47686996566666
21989;-99.8080632588551;(_a2_ * -((x * (_a5_ + ((pow2((x + _a1_)) + _a5_) / _a1_)))));{'d0': {'_a1_': 0.31192970778659107, '_a2_': -1.053312034417067, '_a5_': 0.3265355033777375, '_a0_': 1.0, '_a3_': 1.0, '_a4_': 1.0, '_a6_': 1.0, '_a7_': 1.0}};{'d0': 0.024905832919416594};-280.569866449044;40.47686996566666
21990;-99.8080632588551;(_a2_ * -((x * (_a5_ + ((pow2((x + _a1_)) + _a5_) / _a1_)))));{'d0': {'_a1_': 0.31192970778659107, '_a2_': -1.053312034417067, '_a5_': 0.3265355033777375, '_a0_': 1.0, '_a3_': 1.0, '_a4_': 1.0, '_a6_': 1.0, '_a7_': 1.0}};{'d0': 0.024905832919416594};-280.569866449044;40.47686996566666
21991;-99.8080632588551;(_a2_ * -((x * (_a5_ + ((pow2((x + _a1_)) + _a5_) / _a1_)))));{'d0': {'_a1_': 0.31192970778659107, '_a2_': -1.053312034417067, '_a5_': 0.3265355033777375, '_a0_': 1.0, '_a3_': 1.0, '_a4_': 1.0, '_a6_': 1.0, '_a7_': 1.0}};{'d0': 0.024905832919416594};-280.569866449044;40.47686996566666
21992;-99.8080632588551;(_a2_ * -((x * (_a5_ + ((pow2((x + _a1_)) + _a5_) / _a1_)))));{'d0': {'_a1_': 0.31192970778659107, '_a2_': -1.053312034417067, '_a5_': 0.3265355033777375, '_a0_': 1.0, '_a3_': 1.0, '_a4_': 1.0, '_a6_': 1.0, '_a7_': 1.0}};{'d0': 0.024905832919416594};-280.569866449044;40.47686996566666
21993;-99.8080632588551;(_a2_ * -((x * (_a5_ + ((pow2((x + _a1_)) + _a5_) / _a1_)))));{'d0': {'_a1_': 0.31192970778659107, '_a2_': -1.053312034417067, '_a5_': 0.3265355033777375, '_a0_': 1.0, '_a3_': 1.0, '_a4_': 1.0, '_a6_': 1.0, '_a7_': 1.0}};{'d0': 0.024905832919416594};-280.569866449044;40.47686996566666
21994;-99.8080632588551;(_a2_ * -((x * (_a5_ + ((pow2((x + _a1_)) + _a5_) / _a1_)))));{'d0': {'_a1_': 0.31192970778659107, '_a2_': -1.053312034417067, '_a5_': 0.3265355033777375, '_a0_': 1.0, '_a3_': 1.0, '_a4_': 1.0, '_a6_': 1.0, '_a7_': 1.0}};{'d0': 0.024905832919416594};-280.569866449044;40.47686996566666
21995;-99.8080632588551;(_a2_ * -((x * (_a5_ + ((pow2((x + _a1_)) + _a5_) / _a1_)))));{'d0': {'_a1_': 0.31192970778659107, '_a2_': -1.053312034417067, '_a5_': 0.3265355033777375, '_a0_': 1.0, '_a3_': 1.0, '_a4_': 1.0, '_a6_': 1.0, '_a7_': 1.0}};{'d0': 0.024905832919416594};-280.569866449044;40.47686996566666
21996;-99.8080632588551;(_a2_ * -((x * (_a5_ + ((pow2((x + _a1_)) + _a5_) / _a1_)))));{'d0': {'_a1_': 0.31192970778659107, '_a2_': -1.053312034417067, '_a5_': 0.3265355033777375, '_a0_': 1.0, '_a3_': 1.0, '_a4_': 1.0, '_a6_': 1.0, '_a7_': 1.0}};{'d0': 0.024905832919416594};-280.569866449044;40.47686996566666
21997;-99.8080632588551;(_a2_ * -((x * (_a5_ + ((pow2((x + _a1_)) + _a5_) / _a1_)))));{'d0': {'_a1_': 0.31192970778659107, '_a2_': -1.053312034417067, '_a5_': 0.3265355033777375, '_a0_': 1.0, '_a3_': 1.0, '_a4_': 1.0, '_a6_': 1.0, '_a7_': 1.0}};{'d0': 0.024905832919416594};-280.569866449044;40.47686996566666
21998;-99.8080632588551;(_a2_ * -((x * (_a5_ + ((pow2((x + _a1_)) + _a5_) / _a1_)))));{'d0': {'_a1_': 0.31192970778659107, '_a2_': -1.053312034417067, '_a5_': 0.3265355033777375, '_a0_': 1.0, '_a3_': 1.0, '_a4_': 1.0, '_a6_': 1.0, '_a7_': 1.0}};{'d0': 0.024905832919416594};-280.569866449044;40.47686996566666
21999;-99.8080632588551;(_a2_ * -((x * (_a5_ + ((pow2((x + _a1_)) + _a5_) / _a1_)))));{'d0': {'_a1_': 0.31192970778659107, '_a2_': -1.053312034417067, '_a5_': 0.3265355033777375, '_a0_': 1.0, '_a3_': 1.0, '_a4_': 1.0, '_a6_': 1.0, '_a7_': 1.0}};{'d0': 0.024905832919416594};-280.569866449044;40.47686996566666
22000;-99.8080632588551;(_a2_ * -((x * (_a5_ + ((pow2((x + _a1_)) + _a5_) / _a1_)))));{'d0': {'_a1_': 0.31192970778659107, '_a2_': -1.053312034417067, '_a5_': 0.3265355033777375, '_a0_': 1.0, '_a3_': 1.0, '_a4_': 1.0, '_a6_': 1.0, '_a7_': 1.0}};{'d0': 0.024905832919416594};-280.569866449044;40.47686996566666
22001;-99.8080632588551;(_a2_ * -((x * (_a5_ + ((pow2((x + _a1_)) + _a5_) / _a1_)))));{'d0': {'_a1_': 0.31192970778659107, '_a2_': -1.053312034417067, '_a5_': 0.3265355033777375, '_a0_': 1.0, '_a3_': 1.0, '_a4_': 1.0, '_a6_': 1.0, '_a7_': 1.0}};{'d0': 0.024905832919416594};-280.569866449044;40.47686996566666
22002;-99.8080632588551;(_a2_ * -((x * (_a5_ + ((pow2((x + _a1_)) + _a5_) / _a1_)))));{'d0': {'_a1_': 0.31192970778659107, '_a2_': -1.053312034417067, '_a5_': 0.3265355033777375, '_a0_': 1.0, '_a3_': 1.0, '_a4_': 1.0, '_a6_': 1.0, '_a7_': 1.0}};{'d0': 0.024905832919416594};-280.569866449044;40.47686996566666
22003;-99.8080632588551;(_a2_ * -((x * (_a5_ + ((pow2((x + _a1_)) + _a5_) / _a1_)))));{'d0': {'_a1_': 0.31192970778659107, '_a2_': -1.053312034417067, '_a5_': 0.3265355033777375, '_a0_': 1.0, '_a3_': 1.0, '_a4_': 1.0, '_a6_': 1.0, '_a7_': 1.0}};{'d0': 0.024905832919416594};-280.569866449044;40.47686996566666
22004;-99.8080632588551;(_a2_ * -((x * (_a5_ + ((pow2((x + _a1_)) + _a5_) / _a1_)))));{'d0': {'_a1_': 0.31192970778659107, '_a2_': -1.053312034417067, '_a5_': 0.3265355033777375, '_a0_': 1.0, '_a3_': 1.0, '_a4_': 1.0, '_a6_': 1.0, '_a7_': 1.0}};{'d0': 0.024905832919416594};-280.569866449044;40.47686996566666
22005;-99.8080632588551;(_a2_ * -((x * (_a5_ + ((pow2((x + _a1_)) + _a5_) / _a1_)))));{'d0': {'_a1_': 0.31192970778659107, '_a2_': -1.053312034417067, '_a5_': 0.3265355033777375, '_a0_': 1.0, '_a3_': 1.0, '_a4_': 1.0, '_a6_': 1.0, '_a7_': 1.0}};{'d0': 0.024905832919416594};-280.569866449044;40.47686996566666
22006;-99.8080632588551;(_a2_ * -((x * (_a5_ + ((pow2((x + _a1_)) + _a5_) / _a1_)))));{'d0': {'_a1_': 0.31192970778659107, '_a2_': -1.053312034417067, '_a5_': 0.3265355033777375, '_a0_': 1.0, '_a3_': 1.0, '_a4_': 1.0, '_a6_': 1.0, '_a7_': 1.0}};{'d0': 0.024905832919416594};-280.569866449044;40.47686996566666
22007;-99.8080632588551;(_a2_ * -((x * (_a5_ + ((pow2((x + _a1_)) + _a5_) / _a1_)))));{'d0': {'_a1_': 0.31192970778659107, '_a2_': -1.053312034417067, '_a5_': 0.3265355033777375, '_a0_': 1.0, '_a3_': 1.0, '_a4_': 1.0, '_a6_': 1.0, '_a7_': 1.0}};{'d0': 0.024905832919416594};-280.569866449044;40.47686996566666
22008;-99.8080632588551;(_a2_ * -((x * (_a5_ + ((pow2((x + _a1_)) + _a5_) / _a1_)))));{'d0': {'_a1_': 0.31192970778659107, '_a2_': -1.053312034417067, '_a5_': 0.3265355033777375, '_a0_': 1.0, '_a3_': 1.0, '_a4_': 1.0, '_a6_': 1.0, '_a7_': 1.0}};{'d0': 0.024905832919416594};-280.569866449044;40.47686996566666
22009;-99.8080632588551;(_a2_ * -((x * (_a5_ + ((pow2((x + _a1_)) + _a5_) / _a1_)))));{'d0': {'_a1_': 0.31192970778659107, '_a2_': -1.053312034417067, '_a5_': 0.3265355033777375, '_a0_': 1.0, '_a3_': 1.0, '_a4_': 1.0, '_a6_': 1.0, '_a7_': 1.0}};{'d0': 0.024905832919416594};-280.569866449044;40.47686996566666
22010;-99.8080632588551;(_a2_ * -((x * (_a5_ + ((pow2((x + _a1_)) + _a5_) / _a1_)))));{'d0': {'_a1_': 0.31192970778659107, '_a2_': -1.053312034417067, '_a5_': 0.3265355033777375, '_a0_': 1.0, '_a3_': 1.0, '_a4_': 1.0, '_a6_': 1.0, '_a7_': 1.0}};{'d0': 0.024905832919416594};-280.569866449044;40.47686996566666
22011;-99.8080632588551;(_a2_ * -((x * (_a5_ + ((pow2((x + _a1_)) + _a5_) / _a1_)))));{'d0': {'_a1_': 0.31192970778659107, '_a2_': -1.053312034417067, '_a5_': 0.3265355033777375, '_a0_': 1.0, '_a3_': 1.0, '_a4_': 1.0, '_a6_': 1.0, '_a7_': 1.0}};{'d0': 0.024905832919416594};-280.569866449044;40.47686996566666
22012;-99.8080632588551;(_a2_ * -((x * (_a5_ + ((pow2((x + _a1_)) + _a5_) / _a1_)))));{'d0': {'_a1_': 0.31192970778659107, '_a2_': -1.053312034417067, '_a5_': 0.3265355033777375, '_a0_': 1.0, '_a3_': 1.0, '_a4_': 1.0, '_a6_': 1.0, '_a7_': 1.0}};{'d0': 0.024905832919416594};-280.569866449044;40.47686996566666
22013;-99.8080632588551;(_a2_ * -((x * (_a5_ + ((pow2((x + _a1_)) + _a5_) / _a1_)))));{'d0': {'_a1_': 0.31192970778659107, '_a2_': -1.053312034417067, '_a5_': 0.3265355033777375, '_a0_': 1.0, '_a3_': 1.0, '_a4_': 1.0, '_a6_': 1.0, '_a7_': 1.0}};{'d0': 0.024905832919416594};-280.569866449044;40.47686996566666
22014;-99.8080632588551;(_a2_ * -((x * (_a5_ + ((pow2((x + _a1_)) + _a5_) / _a1_)))));{'d0': {'_a1_': 0.31192970778659107, '_a2_': -1.053312034417067, '_a5_': 0.3265355033777375, '_a0_': 1.0, '_a3_': 1.0, '_a4_': 1.0, '_a6_': 1.0, '_a7_': 1.0}};{'d0': 0.024905832919416594};-280.569866449044;40.47686996566666
22015;-99.8080632588551;(_a2_ * -((x * (_a5_ + ((pow2((x + _a1_)) + _a5_) / _a1_)))));{'d0': {'_a1_': 0.31192970778659107, '_a2_': -1.053312034417067, '_a5_': 0.3265355033777375, '_a0_': 1.0, '_a3_': 1.0, '_a4_': 1.0, '_a6_': 1.0, '_a7_': 1.0}};{'d0': 0.024905832919416594};-280.569866449044;40.47686996566666
22016;-99.8080632588551;(_a2_ * -((x * (_a5_ + ((pow2((x + _a1_)) + _a5_) / _a1_)))));{'d0': {'_a1_': 0.31192970778659107, '_a2_': -1.053312034417067, '_a5_': 0.3265355033777375, '_a0_': 1.0, '_a3_': 1.0, '_a4_': 1.0, '_a6_': 1.0, '_a7_': 1.0}};{'d0': 0.024905832919416594};-280.569866449044;40.47686996566666
22017;-99.8080632588551;(_a2_ * -((x * (_a5_ + ((pow2((x + _a1_)) + _a5_) / _a1_)))));{'d0': {'_a1_': 0.31192970778659107, '_a2_': -1.053312034417067, '_a5_': 0.3265355033777375, '_a0_': 1.0, '_a3_': 1.0, '_a4_': 1.0, '_a6_': 1.0, '_a7_': 1.0}};{'d0': 0.024905832919416594};-280.569866449044;40.47686996566666
22018;-99.8080632588551;(_a2_ * -((x * (_a5_ + ((pow2((x + _a1_)) + _a5_) / _a1_)))));{'d0': {'_a1_': 0.31192970778659107, '_a2_': -1.053312034417067, '_a5_': 0.3265355033777375, '_a0_': 1.0, '_a3_': 1.0, '_a4_': 1.0, '_a6_': 1.0, '_a7_': 1.0}};{'d0': 0.024905832919416594};-280.569866449044;40.47686996566666
22019;-99.8080632588551;(_a2_ * -((x * (_a5_ + ((pow2((x + _a1_)) + _a5_) / _a1_)))));{'d0': {'_a1_': 0.31192970778659107, '_a2_': -1.053312034417067, '_a5_': 0.3265355033777375, '_a0_': 1.0, '_a3_': 1.0, '_a4_': 1.0, '_a6_': 1.0, '_a7_': 1.0}};{'d0': 0.024905832919416594};-280.569866449044;40.47686996566666
22020;-99.8080632588551;(_a2_ * -((x * (_a5_ + ((pow2((x + _a1_)) + _a5_) / _a1_)))));{'d0': {'_a1_': 0.31192970778659107, '_a2_': -1.053312034417067, '_a5_': 0.3265355033777375, '_a0_': 1.0, '_a3_': 1.0, '_a4_': 1.0, '_a6_': 1.0, '_a7_': 1.0}};{'d0': 0.024905832919416594};-280.569866449044;40.47686996566666
22021;-99.8080632588551;(_a2_ * -((x * (_a5_ + ((pow2((x + _a1_)) + _a5_) / _a1_)))));{'d0': {'_a1_': 0.31192970778659107, '_a2_': -1.053312034417067, '_a5_': 0.3265355033777375, '_a0_': 1.0, '_a3_': 1.0, '_a4_': 1.0, '_a6_': 1.0, '_a7_': 1.0}};{'d0': 0.024905832919416594};-280.569866449044;40.47686996566666
22022;-99.8080632588551;(_a2_ * -((x * (_a5_ + ((pow2((x + _a1_)) + _a5_) / _a1_)))));{'d0': {'_a1_': 0.31192970778659107, '_a2_': -1.053312034417067, '_a5_': 0.3265355033777375, '_a0_': 1.0, '_a3_': 1.0, '_a4_': 1.0, '_a6_': 1.0, '_a7_': 1.0}};{'d0': 0.024905832919416594};-280.569866449044;40.47686996566666
22023;-93.8874622098240;(_a2_ * -((x * (_a5_ + ((pow2((x + (_a5_ + _a1_))) + _a5_) / _a1_)))));{'d0': {'_a1_': -0.30046621179434935, '_a2_': 1.014602535708244, '_a5_': 0.6123959195182045, '_a0_': 1.0, '_a3_': 1.0, '_a4_': 1.0, '_a6_': 1.0, '_a7_': 1.0}};{'d0': 0.02490583291941754};-280.569866449041;46.397471014696656
22024;-93.8874622098240;(_a2_ * -((x * (_a5_ + ((pow2((x + (_a5_ + _a1_))) + _a5_) / _a1_)))));{'d0': {'_a1_': -0.30046621179434935, '_a2_': 1.014602535708244, '_a5_': 0.6123959195182045, '_a0_': 1.0, '_a3_': 1.0, '_a4_': 1.0, '_a6_': 1.0, '_a7_': 1.0}};{'d0': 0.02490583291941754};-280.569866449041;46.397471014696656
22025;-93.8874622098240;(_a2_ * -((x * (_a5_ + ((pow2((x + (_a5_ + _a1_))) + _a5_) / _a1_)))));{'d0': {'_a1_': -0.30046621179434935, '_a2_': 1.014602535708244, '_a5_': 0.6123959195182045, '_a0_': 1.0, '_a3_': 1.0, '_a4_': 1.0, '_a6_': 1.0, '_a7_': 1.0}};{'d0': 0.02490583291941754};-280.569866449041;46.397471014696656
22026;-99.1532644798238;(((x + _a7_) * (x * -(_a4_))) + -(pow3((x / _a5_))));{'d0': {'_a4_': -2.10662406742149, '_a5_': -0.6665507644199408, '_a7_': 0.842644604582586, '_a0_': 1.0, '_a1_': 1.0, '_a2_': 1.0, '_a3_': 1.0, '_a6_': 1.0}};{'d0': 0.024905832919416636};-280.569866449044;41.13166874469793
22027;-99.1532644798238;(((x + _a7_) * (x * -(_a4_))) + -(pow3((x / _a5_))));{'d0': {'_a4_': -2.10662406742149, '_a5_': -0.6665507644199408, '_a7_': 0.842644604582586, '_a0_': 1.0, '_a1_': 1.0, '_a2_': 1.0, '_a3_': 1.0, '_a6_': 1.0}};{'d0': 0.024905832919416636};-280.569866449044;41.13166874469793
22028;-99.1532644798238;(((x + _a7_) * (x * -(_a4_))) + -(pow3((x / _a5_))));{'d0': {'_a4_': -2.10662406742149, '_a5_': -0.6665507644199408, '_a7_': 0.842644604582586, '_a0_': 1.0, '_a1_': 1.0, '_a2_': 1.0, '_a3_': 1.0, '_a6_': 1.0}};{'d0': 0.024905832919416636};-280.569866449044;41.13166874469793
22029;-99.1532644798238;(((x + _a7_) * (x * -(_a4_))) + -(pow3((x / _a5_))));{'d0': {'_a4_': -2.10662406742149, '_a5_': -0.6665507644199408, '_a7_': 0.842644604582586, '_a0_': 1.0, '_a1_': 1.0, '_a2_': 1.0, '_a3_': 1.0, '_a6_': 1.0}};{'d0': 0.024905832919416636};-280.569866449044;41.13166874469793
22030;-99.1532644798238;(((x + _a7_) * (x * -(_a4_))) + -(pow3((x / _a5_))));{'d0': {'_a4_': -2.10662406742149, '_a5_': -0.6665507644199408, '_a7_': 0.842644604582586, '_a0_': 1.0, '_a1_': 1.0, '_a2_': 1.0, '_a3_': 1.0, '_a6_': 1.0}};{'d0': 0.024905832919416636};-280.569866449044;41.13166874469793
22031;-99.1532644798238;(((x + _a7_) * (x * -(_a4_))) + -(pow3((x / _a5_))));{'d0': {'_a4_': -2.10662406742149, '_a5_': -0.6665507644199408, '_a7_': 0.842644604582586, '_a0_': 1.0, '_a1_': 1.0, '_a2_': 1.0, '_a3_': 1.0, '_a6_': 1.0}};{'d0': 0.024905832919416636};-280.569866449044;41.13166874469793
22032;-93.8874622098240;(_a2_ * -((x * (_a5_ + ((pow2((x + (_a5_ + _a1_))) + _a5_) / _a1_)))));{'d0': {'_a1_': -0.30046621179434935, '_a2_': 1.014602535708244, '_a5_': 0.6123959195182045, '_a0_': 1.0, '_a3_': 1.0, '_a4_': 1.0, '_a6_': 1.0, '_a7_': 1.0}};{'d0': 0.02490583291941754};-280.569866449041;46.397471014696656
22033;-93.8874622098240;(_a2_ * -((x * (_a5_ + ((pow2((x + (_a5_ + _a1_))) + _a5_) / _a1_)))));{'d0': {'_a1_': -0.30046621179434935, '_a2_': 1.014602535708244, '_a5_': 0.6123959195182045, '_a0_': 1.0, '_a3_': 1.0, '_a4_': 1.0, '_a6_': 1.0, '_a7_': 1.0}};{'d0': 0.02490583291941754};-280.569866449041;46.397471014696656
22034;-99.8080632588551;(_a2_ * -((x * (_a5_ + ((pow2((x + _a5_)) + _a5_) / _a1_)))));{'d0': {'_a1_': 0.37335949713482075, '_a2_': -1.2607457454661015, '_a5_': 0.3119297078265205, '_a0_': 1.0, '_a3_': 1.0, '_a4_': 1.0, '_a6_': 1.0, '_a7_': 1.0}};{'d0': 0.024905832919416615};-280.569866449044;40.47686996566666
22035;-99.8080632588551;(_a2_ * -((x * (_a5_ + ((pow2((x + _a5_)) + _a5_) / _a1_)))));{'d0': {'_a1_': 0.37335949713482075, '_a2_': -1.2607457454661015, '_a5_': 0.3119297078265205, '_a0_': 1.0, '_a3_': 1.0, '_a4_': 1.0, '_a6_': 1.0, '_a7_': 1.0}};{'d0': 0.024905832919416615};-280.569866449044;40.47686996566666
22036;-99.8080632588551;(_a2_ * -((x * (_a5_ + ((pow2((x + _a5_)) + _a5_) / _a1_)))));{'d0': {'_a1_': 0.37335949713482075, '_a2_': -1.2607457454661015, '_a5_': 0.3119297078265205, '_a0_': 1.0, '_a3_': 1.0, '_a4_': 1.0, '_a6_': 1.0, '_a7_': 1.0}};{'d0': 0.024905832919416615};-280.569866449044;40.47686996566666
22037;-99.8080632588551;(_a2_ * -((x * (_a5_ + ((pow2((x + _a5_)) + _a5_) / _a1_)))));{'d0': {'_a1_': 0.37335949713482075, '_a2_': -1.2607457454661015, '_a5_': 0.3119297078265205, '_a0_': 1.0, '_a3_': 1.0, '_a4_': 1.0, '_a6_': 1.0, '_a7_': 1.0}};{'d0': 0.024905832919416615};-280.569866449044;40.47686996566666
22038;-99.8080632588551;(_a2_ * -((x * (_a5_ + ((pow2((x + _a5_)) + _a5_) / _a1_)))));{'d0': {'_a1_': 0.37335949713482075, '_a2_': -1.2607457454661015, '_a5_': 0.3119297078265205, '_a0_': 1.0, '_a3_': 1.0, '_a4_': 1.0, '_a6_': 1.0, '_a7_': 1.0}};{'d0': 0.024905832919416615};-280.569866449044;40.47686996566666
22039;-99.8080632588551;(_a2_ * -((x * (_a5_ + ((pow2((x + _a5_)) + _a5_) / _a1_)))));{'d0': {'_a1_': 0.37335949713482075, '_a2_': -1.2607457454661015, '_a5_': 0.3119297078265205, '_a0_': 1.0, '_a3_': 1.0, '_a4_': 1.0, '_a6_': 1.0, '_a7_': 1.0}};{'d0': 0.024905832919416615};-280.569866449044;40.47686996566666
22040;-99.8080632588551;(_a2_ * -((x * (_a5_ + ((pow2((x + _a5_)) + _a5_) / _a1_)))));{'d0': {'_a1_': 0.37335949713482075, '_a2_': -1.2607457454661015, '_a5_': 0.3119297078265205, '_a0_': 1.0, '_a3_': 1.0, '_a4_': 1.0, '_a6_': 1.0, '_a7_': 1.0}};{'d0': 0.024905832919416615};-280.569866449044;40.47686996566666
22041;-99.8080632588551;(_a2_ * -((x * (_a5_ + ((pow2((x + _a5_)) + _a5_) / _a1_)))));{'d0': {'_a1_': 0.37335949713482075, '_a2_': -1.2607457454661015, '_a5_': 0.3119297078265205, '_a0_': 1.0, '_a3_': 1.0, '_a4_': 1.0, '_a6_': 1.0, '_a7_': 1.0}};{'d0': 0.024905832919416615};-280.569866449044;40.47686996566666
22042;-99.8080632588551;(_a2_ * -((x * (_a5_ + ((pow2((x + _a5_)) + _a5_) / _a1_)))));{'d0': {'_a1_': 0.37335949713482075, '_a2_': -1.2607457454661015, '_a5_': 0.3119297078265205, '_a0_': 1.0, '_a3_': 1.0, '_a4_': 1.0, '_a6_': 1.0, '_a7_': 1.0}};{'d0': 0.024905832919416615};-280.569866449044;40.47686996566666
22043;-99.8080632588551;(_a2_ * -((x * (_a5_ + ((pow2((x + _a5_)) + _a5_) / _a1_)))));{'d0': {'_a1_': 0.37335949713482075, '_a2_': -1.2607457454661015, '_a5_': 0.3119297078265205, '_a0_': 1.0, '_a3_': 1.0, '_a4_': 1.0, '_a6_': 1.0, '_a7_': 1.0}};{'d0': 0.024905832919416615};-280.569866449044;40.47686996566666
22044;-99.8080632588551;(_a2_ * -((x * (_a5_ + ((pow2((x + _a5_)) + _a5_) / _a1_)))));{'d0': {'_a1_': 0.37335949713482075, '_a2_': -1.2607457454661015, '_a5_': 0.3119297078265205, '_a0_': 1.0, '_a3_': 1.0, '_a4_': 1.0, '_a6_': 1.0, '_a7_': 1.0}};{'d0': 0.024905832919416615};-280.569866449044;40.47686996566666
22045;-99.8080632588551;(_a2_ * -((x * (_a5_ + ((pow2((x + _a5_)) + _a5_) / _a1_)))));{'d0': {'_a1_': 0.37335949713482075, '_a2_': -1.2607457454661015, '_a5_': 0.3119297078265205, '_a0_': 1.0, '_a3_': 1.0, '_a4_': 1.0, '_a6_': 1.0, '_a7_': 1.0}};{'d0': 0.024905832919416615};-280.569866449044;40.47686996566666
22046;-99.8080632588551;(_a2_ * -((x * (_a5_ + ((pow2((x + _a5_)) + _a5_) / _a1_)))));{'d0': {'_a1_': 0.37335949713482075, '_a2_': -1.2607457454661015, '_a5_': 0.3119297078265205, '_a0_': 1.0, '_a3_': 1.0, '_a4_': 1.0, '_a6_': 1.0, '_a7_': 1.0}};{'d0': 0.024905832919416615};-280.569866449044;40.47686996566666
22047;-99.8080632588551;(_a2_ * -((x * (_a5_ + ((pow2((x + _a5_)) + _a5_) / _a1_)))));{'d0': {'_a1_': 0.37335949713482075, '_a2_': -1.2607457454661015, '_a5_': 0.3119297078265205, '_a0_': 1.0, '_a3_': 1.0, '_a4_': 1.0, '_a6_': 1.0, '_a7_': 1.0}};{'d0': 0.024905832919416615};-280.569866449044;40.47686996566666
22048;-99.8080632588551;(_a2_ * -((x * (_a5_ + ((pow2((x + _a5_)) + _a5_) / _a1_)))));{'d0': {'_a1_': 0.37335949713482075, '_a2_': -1.2607457454661015, '_a5_': 0.3119297078265205, '_a0_': 1.0, '_a3_': 1.0, '_a4_': 1.0, '_a6_': 1.0, '_a7_': 1.0}};{'d0': 0.024905832919416615};-280.569866449044;40.47686996566666
22049;-99.1532644798238;(((x + _a7_) * (x * -(_a4_))) + -(pow3((x / _a5_))));{'d0': {'_a4_': -2.10662406742149, '_a5_': -0.6665507644199408, '_a7_': 0.842644604582586, '_a0_': 1.0, '_a1_': 1.0, '_a2_': 1.0, '_a3_': 1.0, '_a6_': 1.0}};{'d0': 0.024905832919416636};-280.569866449044;41.13166874469793
22050;-99.1532644798238;(((x + _a7_) * (x * -(_a4_))) + -(pow3((x / _a5_))));{'d0': {'_a4_': -2.10662406742149, '_a5_': -0.6665507644199408, '_a7_': 0.842644604582586, '_a0_': 1.0, '_a1_': 1.0, '_a2_': 1.0, '_a3_': 1.0, '_a6_': 1.0}};{'d0': 0.024905832919416636};-280.569866449044;41.13166874469793
22051;-99.1532644798238;(((x + _a7_) * (x * -(_a4_))) + -(pow3((x / _a5_))));{'d0': {'_a4_': -2.10662406742149, '_a5_': -0.6665507644199408, '_a7_': 0.842644604582586, '_a0_': 1.0, '_a1_': 1.0, '_a2_': 1.0, '_a3_': 1.0, '_a6_': 1.0}};{'d0': 0.024905832919416636};-280.569866449044;41.13166874469793
22052;-99.1532644798238;(((x + _a7_) * (x * -(_a4_))) + -(pow3((x / _a5_))));{'d0': {'_a4_': -2.10662406742149, '_a5_': -0.6665507644199408, '_a7_': 0.842644604582586, '_a0_': 1.0, '_a1_': 1.0, '_a2_': 1.0, '_a3_': 1.0, '_a6_': 1.0}};{'d0': 0.024905832919416636};-280.569866449044;41.13166874469793
22053;-99.1532644798238;(((x + _a7_) * (x * -(_a4_))) + -(pow3((x / _a5_))));{'d0': {'_a4_': -2.10662406742149, '_a5_': -0.6665507644199408, '_a7_': 0.842644604582586, '_a0_': 1.0, '_a1_': 1.0, '_a2_': 1.0, '_a3_': 1.0, '_a6_': 1.0}};{'d0': 0.024905832919416636};-280.569866449044;41.13166874469793
22054;-99.1532644798238;(((x + _a7_) * (x * -(_a4_))) + -(pow3((x / _a5_))));{'d0': {'_a4_': -2.10662406742149, '_a5_': -0.6665507644199408, '_a7_': 0.842644604582586, '_a0_': 1.0, '_a1_': 1.0, '_a2_': 1.0, '_a3_': 1.0, '_a6_': 1.0}};{'d0': 0.024905832919416636};-280.569866449044;41.13166874469793
22055;-99.1532644798238;(((x + _a7_) * (x * -(_a4_))) + -(pow3((x / _a5_))));{'d0': {'_a4_': -2.10662406742149, '_a5_': -0.6665507644199408, '_a7_': 0.842644604582586, '_a0_': 1.0, '_a1_': 1.0, '_a2_': 1.0, '_a3_': 1.0, '_a6_': 1.0}};{'d0': 0.024905832919416636};-280.569866449044;41.13166874469793
22056;-99.1532644798238;(((x + _a7_) * (x * -(_a4_))) + -(pow3((x / _a5_))));{'d0': {'_a4_': -2.10662406742149, '_a5_': -0.6665507644199408, '_a7_': 0.842644604582586, '_a0_': 1.0, '_a1_': 1.0, '_a2_': 1.0, '_a3_': 1.0, '_a6_': 1.0}};{'d0': 0.024905832919416636};-280.569866449044;41.13166874469793
22057;-99.1532644798238;(((x + _a7_) * (x * -(_a4_))) + -(pow3((x / _a5_))));{'d0': {'_a4_': -2.10662406742149, '_a5_': -0.6665507644199408, '_a7_': 0.842644604582586, '_a0_': 1.0, '_a1_': 1.0, '_a2_': 1.0, '_a3_': 1.0, '_a6_': 1.0}};{'d0': 0.024905832919416636};-280.569866449044;41.13166874469793
22058;-99.1532644798238;(((x + _a7_) * (x * -(_a4_))) + -(pow3((x / _a5_))));{'d0': {'_a4_': -2.10662406742149, '_a5_': -0.6665507644199408, '_a7_': 0.842644604582586, '_a0_': 1.0, '_a1_': 1.0, '_a2_': 1.0, '_a3_': 1.0, '_a6_': 1.0}};{'d0': 0.024905832919416636};-280.569866449044;41.13166874469793
22059;-99.1532644798238;(((x + _a7_) * (x * -(_a4_))) + -(pow3((x / _a5_))));{'d0': {'_a4_': -2.10662406742149, '_a5_': -0.6665507644199408, '_a7_': 0.842644604582586, '_a0_': 1.0, '_a1_': 1.0, '_a2_': 1.0, '_a3_': 1.0, '_a6_': 1.0}};{'d0': 0.024905832919416636};-280.569866449044;41.13166874469793
22060;-99.1532644798238;(((x + _a7_) * (x * -(_a4_))) + -(pow3((x / _a5_))));{'d0': {'_a4_': -2.10662406742149, '_a5_': -0.6665507644199408, '_a7_': 0.842644604582586, '_a0_': 1.0, '_a1_': 1.0, '_a2_': 1.0, '_a3_': 1.0, '_a6_': 1.0}};{'d0': 0.024905832919416636};-280.569866449044;41.13166874469793
22061;-99.1532644798238;(((x + _a7_) * (x * -(_a4_))) + -(pow3((x / _a5_))));{'d0': {'_a4_': -2.10662406742149, '_a5_': -0.6665507644199408, '_a7_': 0.842644604582586, '_a0_': 1.0, '_a1_': 1.0, '_a2_': 1.0, '_a3_': 1.0, '_a6_': 1.0}};{'d0': 0.024905832919416636};-280.569866449044;41.13166874469793
22062;-99.1532644798238;(((x + _a7_) * (x * -(_a4_))) + -(pow3((x / _a5_))));{'d0': {'_a4_': -2.10662406742149, '_a5_': -0.6665507644199408, '_a7_': 0.842644604582586, '_a0_': 1.0, '_a1_': 1.0, '_a2_': 1.0, '_a3_': 1.0, '_a6_': 1.0}};{'d0': 0.024905832919416636};-280.569866449044;41.13166874469793
22063;-99.1532644798238;(((x + _a7_) * (x * -(_a4_))) + -(pow3((x / _a5_))));{'d0': {'_a4_': -2.10662406742149, '_a5_': -0.6665507644199408, '_a7_': 0.842644604582586, '_a0_': 1.0, '_a1_': 1.0, '_a2_': 1.0, '_a3_': 1.0, '_a6_': 1.0}};{'d0': 0.024905832919416636};-280.569866449044;41.13166874469793
22064;-99.1532644798238;(((x + _a7_) * (x * -(_a4_))) + -(pow3((x / _a5_))));{'d0': {'_a4_': -2.10662406742149, '_a5_': -0.6665507644199408, '_a7_': 0.842644604582586, '_a0_': 1.0, '_a1_': 1.0, '_a2_': 1.0, '_a3_': 1.0, '_a6_': 1.0}};{'d0': 0.024905832919416636};-280.569866449044;41.13166874469793
22065;-99.1532644798238;(((x + _a7_) * (x * -(_a4_))) + -(pow3((x / _a5_))));{'d0': {'_a4_': -2.10662406742149, '_a5_': -0.6665507644199408, '_a7_': 0.842644604582586, '_a0_': 1.0, '_a1_': 1.0, '_a2_': 1.0, '_a3_': 1.0, '_a6_': 1.0}};{'d0': 0.024905832919416636};-280.569866449044;41.13166874469793
22066;-99.1532644798238;(((x + _a7_) * (x * -(_a4_))) + -(pow3((x / _a5_))));{'d0': {'_a4_': -2.10662406742149, '_a5_': -0.6665507644199408, '_a7_': 0.842644604582586, '_a0_': 1.0, '_a1_': 1.0, '_a2_': 1.0, '_a3_': 1.0, '_a6_': 1.0}};{'d0': 0.024905832919416636};-280.569866449044;41.13166874469793
22067;-99.1532644798238;(((x + _a7_) * (x * -(_a4_))) + -(pow3((x / _a5_))));{'d0': {'_a4_': -2.10662406742149, '_a5_': -0.6665507644199408, '_a7_': 0.842644604582586, '_a0_': 1.0, '_a1_': 1.0, '_a2_': 1.0, '_a3_': 1.0, '_a6_': 1.0}};{'d0': 0.024905832919416636};-280.569866449044;41.13166874469793
22068;-99.1532644798238;(((x + _a7_) * (x * -(_a4_))) + -(pow3((x / _a5_))));{'d0': {'_a4_': -2.10662406742149, '_a5_': -0.6665507644199408, '_a7_': 0.842644604582586, '_a0_': 1.0, '_a1_': 1.0, '_a2_': 1.0, '_a3_': 1.0, '_a6_': 1.0}};{'d0': 0.024905832919416636};-280.569866449044;41.13166874469793
22069;-99.1532644798238;(((x + _a7_) * (x * -(_a4_))) + -(pow3((x / _a5_))));{'d0': {'_a4_': -2.10662406742149, '_a5_': -0.6665507644199408, '_a7_': 0.842644604582586, '_a0_': 1.0, '_a1_': 1.0, '_a2_': 1.0, '_a3_': 1.0, '_a6_': 1.0}};{'d0': 0.024905832919416636};-280.569866449044;41.13166874469793
22070;-99.1532644798238;(((x + _a7_) * (x * -(_a4_))) + -(pow3((x / _a5_))));{'d0': {'_a4_': -2.10662406742149, '_a5_': -0.6665507644199408, '_a7_': 0.842644604582586, '_a0_': 1.0, '_a1_': 1.0, '_a2_': 1.0, '_a3_': 1.0, '_a6_': 1.0}};{'d0': 0.024905832919416636};-280.569866449044;41.13166874469793
22071;-99.1532644798238;(((x + _a7_) * (x * -(_a4_))) + -(pow3((x / _a5_))));{'d0': {'_a4_': -2.10662406742149, '_a5_': -0.6665507644199408, '_a7_': 0.842644604582586, '_a0_': 1.0, '_a1_': 1.0, '_a2_': 1.0, '_a3_': 1.0, '_a6_': 1.0}};{'d0': 0.024905832919416636};-280.569866449044;41.13166874469793
22072;-99.1532644798238;(((x + _a7_) * (x * -(_a4_))) + -(pow3((x / _a5_))));{'d0': {'_a4_': -2.10662406742149, '_a5_': -0.6665507644199408, '_a7_': 0.842644604582586, '_a0_': 1.0, '_a1_': 1.0, '_a2_': 1.0, '_a3_': 1.0, '_a6_': 1.0}};{'d0': 0.024905832919416636};-280.569866449044;41.13166874469793
22073;-99.1532644798238;(((x + _a7_) * (x * -(_a4_))) + -(pow3((x / _a5_))));{'d0': {'_a4_': -2.10662406742149, '_a5_': -0.6665507644199408, '_a7_': 0.842644604582586, '_a0_': 1.0, '_a1_': 1.0, '_a2_': 1.0, '_a3_': 1.0, '_a6_': 1.0}};{'d0': 0.024905832919416636};-280.569866449044;41.13166874469793
22074;-99.1532644798238;(((x + _a7_) * (x * -(_a4_))) + -(pow3((x / _a5_))));{'d0': {'_a4_': -2.10662406742149, '_a5_': -0.6665507644199408, '_a7_': 0.842644604582586, '_a0_': 1.0, '_a1_': 1.0, '_a2_': 1.0, '_a3_': 1.0, '_a6_': 1.0}};{'d0': 0.024905832919416636};-280.569866449044;41.13166874469793
22075;-98.9647634326857;((x * _a4_) * (_a4_ + (((_a1_ * (x + (_a5_ * _a4_))) * x) * _a4_)));{'d0': {'_a1_': 1.9022553810891543, '_a4_': 1.332342075023143, '_a5_': 0.46824267378742973, '_a0_': 1.0, '_a2_': 1.0, '_a3_': 1.0, '_a6_': 1.0, '_a7_': 1.0}};{'d0': 0.024905832919416646};-280.569866449044;41.320169791835944
22076;-98.9647634326857;((x * _a4_) * (_a4_ + (((_a1_ * (x + (_a5_ * _a4_))) * x) * _a4_)));{'d0': {'_a1_': 1.9022553810891543, '_a4_': 1.332342075023143, '_a5_': 0.46824267378742973, '_a0_': 1.0, '_a2_': 1.0, '_a3_': 1.0, '_a6_': 1.0, '_a7_': 1.0}};{'d0': 0.024905832919416646};-280.569866449044;41.320169791835944
22077;-98.9647634326857;((x * _a4_) * (_a4_ + (((_a1_ * (x + (_a5_ * _a4_))) * x) * _a4_)));{'d0': {'_a1_': 1.9022553810891543, '_a4_': 1.332342075023143, '_a5_': 0.46824267378742973, '_a0_': 1.0, '_a2_': 1.0, '_a3_': 1.0, '_a6_': 1.0, '_a7_': 1.0}};{'d0': 0.024905832919416646};-280.569866449044;41.320169791835944
22078;-98.9647634326857;((x * _a4_) * (_a4_ + (((_a1_ * (x + (_a5_ * _a4_))) * x) * _a4_)));{'d0': {'_a1_': 1.9022553810891543, '_a4_': 1.332342075023143, '_a5_': 0.46824267378742973, '_a0_': 1.0, '_a2_': 1.0, '_a3_': 1.0, '_a6_': 1.0, '_a7_': 1.0}};{'d0': 0.024905832919416646};-280.569866449044;41.320169791835944
22079;-98.9647634326857;((x * _a4_) * (_a4_ + (((_a1_ * (x + (_a5_ * _a4_))) * x) * _a4_)));{'d0': {'_a1_': 1.9022553810891543, '_a4_': 1.332342075023143, '_a5_': 0.46824267378742973, '_a0_': 1.0, '_a2_': 1.0, '_a3_': 1.0, '_a6_': 1.0, '_a7_': 1.0}};{'d0': 0.024905832919416646};-280.569866449044;41.320169791835944
22080;-98.9647634326857;((x * _a4_) * (_a4_ + (((_a1_ * (x + (_a5_ * _a4_))) * x) * _a4_)));{'d0': {'_a1_': 1.9022553810891543, '_a4_': 1.332342075023143, '_a5_': 0.46824267378742973, '_a0_': 1.0, '_a2_': 1.0, '_a3_': 1.0, '_a6_': 1.0, '_a7_': 1.0}};{'d0': 0.024905832919416646};-280.569866449044;41.320169791835944
22081;-98.9647634326857;((x * _a4_) * (_a4_ + (((_a1_ * (x + (_a5_ * _a4_))) * x) * _a4_)));{'d0': {'_a1_': 1.9022553810891543, '_a4_': 1.332342075023143, '_a5_': 0.46824267378742973, '_a0_': 1.0, '_a2_': 1.0, '_a3_': 1.0, '_a6_': 1.0, '_a7_': 1.0}};{'d0': 0.024905832919416646};-280.569866449044;41.320169791835944
22082;-98.9647634326857;((x * _a4_) * (_a4_ + (((_a1_ * (x + (_a5_ * _a4_))) * x) * _a4_)));{'d0': {'_a1_': 1.9022553810891543, '_a4_': 1.332342075023143, '_a5_': 0.46824267378742973, '_a0_': 1.0, '_a2_': 1.0, '_a3_': 1.0, '_a6_': 1.0, '_a7_': 1.0}};{'d0': 0.024905832919416646};-280.569866449044;41.320169791835944
22083;-98.9647634326857;((x * _a4_) * (_a4_ + (((_a1_ * (x + (_a5_ * _a4_))) * x) * _a4_)));{'d0': {'_a1_': 1.9022553810891543, '_a4_': 1.332342075023143, '_a5_': 0.46824267378742973, '_a0_': 1.0, '_a2_': 1.0, '_a3_': 1.0, '_a6_': 1.0, '_a7_': 1.0}};{'d0': 0.024905832919416646};-280.569866449044;41.320169791835944
22084;-98.9647634326857;((x * _a4_) * (_a4_ + (((_a1_ * (x + (_a5_ * _a4_))) * x) * _a4_)));{'d0': {'_a1_': 1.9022553810891543, '_a4_': 1.332342075023143, '_a5_': 0.46824267378742973, '_a0_': 1.0, '_a2_': 1.0, '_a3_': 1.0, '_a6_': 1.0, '_a7_': 1.0}};{'d0': 0.024905832919416646};-280.569866449044;41.320169791835944
22085;-98.9647634326857;((x * _a4_) * (_a4_ + (((_a1_ * (x + (_a5_ * _a4_))) * x) * _a4_)));{'d0': {'_a1_': 1.9022553810891543, '_a4_': 1.332342075023143, '_a5_': 0.46824267378742973, '_a0_': 1.0, '_a2_': 1.0, '_a3_': 1.0, '_a6_': 1.0, '_a7_': 1.0}};{'d0': 0.024905832919416646};-280.569866449044;41.320169791835944
22086;-98.9647634326857;((x * _a4_) * (_a4_ + (((_a1_ * (x + (_a5_ * _a4_))) * x) * _a4_)));{'d0': {'_a1_': 1.9022553810891543, '_a4_': 1.332342075023143, '_a5_': 0.46824267378742973, '_a0_': 1.0, '_a2_': 1.0, '_a3_': 1.0, '_a6_': 1.0, '_a7_': 1.0}};{'d0': 0.024905832919416646};-280.569866449044;41.320169791835944
22087;-98.1382168817566;((x * _a4_) * (_a4_ + (((_a1_ * (x + (_a5_ + _a4_))) * x) * _a4_)));{'d0': {'_a1_': 1.902255382785522, '_a4_': 1.3323420748261754, '_a5_': -0.7084826592514076, '_a0_': 1.0, '_a2_': 1.0, '_a3_': 1.0, '_a6_': 1.0, '_a7_': 1.0}};{'d0': 0.02490583291941668};-280.569866449043;42.14671634276495
22088;-98.1382168817566;((x * _a4_) * (_a4_ + (((_a1_ * (x + (_a5_ + _a4_))) * x) * _a4_)));{'d0': {'_a1_': 1.902255382785522, '_a4_': 1.3323420748261754, '_a5_': -0.7084826592514076, '_a0_': 1.0, '_a2_': 1.0, '_a3_': 1.0, '_a6_': 1.0, '_a7_': 1.0}};{'d0': 0.02490583291941668};-280.569866449043;42.14671634276495
22089;-98.1382168817566;((x * _a4_) * (_a4_ + (((_a1_ * (x + (_a5_ + _a4_))) * x) * _a4_)));{'d0': {'_a1_': 1.902255382785522, '_a4_': 1.3323420748261754, '_a5_': -0.7084826592514076, '_a0_': 1.0, '_a2_': 1.0, '_a3_': 1.0, '_a6_': 1.0, '_a7_': 1.0}};{'d0': 0.02490583291941668};-280.569866449043;42.14671634276495
22090;-98.1382168817566;((x * _a4_) * (_a4_ + (((_a1_ * (x + (_a5_ + _a4_))) * x) * _a4_)));{'d0': {'_a1_': 1.902255382785522, '_a4_': 1.3323420748261754, '_a5_': -0.7084826592514076, '_a0_': 1.0, '_a2_': 1.0, '_a3_': 1.0, '_a6_': 1.0, '_a7_': 1.0}};{'d0': 0.02490583291941668};-280.569866449043;42.14671634276495
22091;-98.1382168817566;((x * _a4_) * (_a4_ + (((_a1_ * (x + (_a5_ + _a4_))) * x) * _a4_)));{'d0': {'_a1_': 1.902255382785522, '_a4_': 1.3323420748261754, '_a5_': -0.7084826592514076, '_a0_': 1.0, '_a2_': 1.0, '_a3_': 1.0, '_a6_': 1.0, '_a7_': 1.0}};{'d0': 0.02490583291941668};-280.569866449043;42.14671634276495
22092;-98.1382168817566;((x * _a4_) * (_a4_ + (((_a1_ * (x + (_a5_ + _a4_))) * x) * _a4_)));{'d0': {'_a1_': 1.902255382785522, '_a4_': 1.3323420748261754, '_a5_': -0.7084826592514076, '_a0_': 1.0, '_a2_': 1.0, '_a3_': 1.0, '_a6_': 1.0, '_a7_': 1.0}};{'d0': 0.02490583291941668};-280.569866449043;42.14671634276495
22093;-98.1382168817566;((x * _a4_) * (_a4_ + (((_a1_ * (x + (_a5_ + _a4_))) * x) * _a4_)));{'d0': {'_a1_': 1.902255382785522, '_a4_': 1.3323420748261754, '_a5_': -0.7084826592514076, '_a0_': 1.0, '_a2_': 1.0, '_a3_': 1.0, '_a6_': 1.0, '_a7_': 1.0}};{'d0': 0.02490583291941668};-280.569866449043;42.14671634276495
22094;-98.1382168817566;((x * _a4_) * (_a4_ + (((_a1_ * (x + (_a0_ + _a4_))) * x) * _a4_)));{'d0': {'_a0_': -0.7084826592647062, '_a1_': 1.902255382672318, '_a4_': 1.3323420748547323, '_a2_': 1.0, '_a3_': 1.0, '_a5_': 1.0, '_a6_': 1.0, '_a7_': 1.0}};{'d0': 0.024905832919416677};-280.569866449043;42.14671634276495
22095;-98.1382168817566;((x * _a4_) * (_a4_ + (((_a1_ * (x + (_a0_ + _a4_))) * x) * _a4_)));{'d0': {'_a0_': -0.7084826592647062, '_a1_': 1.902255382672318, '_a4_': 1.3323420748547323, '_a2_': 1.0, '_a3_': 1.0, '_a5_': 1.0, '_a6_': 1.0, '_a7_': 1.0}};{'d0': 0.024905832919416677};-280.569866449043;42.14671634276495
22096;-98.1382168817566;((x * _a4_) * (_a4_ + (((_a1_ * (x + (_a0_ + _a4_))) * x) * _a4_)));{'d0': {'_a0_': -0.7084826592647062, '_a1_': 1.902255382672318, '_a4_': 1.3323420748547323, '_a2_': 1.0, '_a3_': 1.0, '_a5_': 1.0, '_a6_': 1.0, '_a7_': 1.0}};{'d0': 0.024905832919416677};-280.569866449043;42.14671634276495
22097;-98.1382168817566;((x * _a4_) * (_a4_ + (((_a1_ * (x + (_a0_ + _a4_))) * x) * _a4_)));{'d0': {'_a0_': -0.7084826592647062, '_a1_': 1.902255382672318, '_a4_': 1.3323420748547323, '_a2_': 1.0, '_a3_': 1.0, '_a5_': 1.0, '_a6_': 1.0, '_a7_': 1.0}};{'d0': 0.024905832919416677};-280.569866449043;42.14671634276495
22098;-98.1382168817566;((x * _a4_) * (_a4_ + (((_a1_ * (x + (_a0_ + _a4_))) * x) * _a4_)));{'d0': {'_a0_': -0.7084826592647062, '_a1_': 1.902255382672318, '_a4_': 1.3323420748547323, '_a2_': 1.0, '_a3_': 1.0, '_a5_': 1.0, '_a6_': 1.0, '_a7_': 1.0}};{'d0': 0.024905832919416677};-280.569866449043;42.14671634276495
22099;-98.1382168817566;((x * _a4_) * (_a4_ + (((_a1_ * (x + (_a0_ + _a4_))) * x) * _a4_)));{'d0': {'_a0_': -0.7084826592647062, '_a1_': 1.902255382672318, '_a4_': 1.3323420748547323, '_a2_': 1.0, '_a3_': 1.0, '_a5_': 1.0, '_a6_': 1.0, '_a7_': 1.0}};{'d0': 0.024905832919416677};-280.569866449043;42.14671634276495
22100;-98.1382168817566;((x * _a4_) * (_a4_ + (((_a1_ * (x + (_a0_ + _a4_))) * x) * _a4_)));{'d0': {'_a0_': -0.7084826592647062, '_a1_': 1.902255382672318, '_a4_': 1.3323420748547323, '_a2_': 1.0, '_a3_': 1.0, '_a5_': 1.0, '_a6_': 1.0, '_a7_': 1.0}};{'d0': 0.024905832919416677};-280.569866449043;42.14671634276495
22101;-98.1382168817566;((x * _a4_) * (_a4_ + (((_a1_ * (x + (_a0_ + _a4_))) * x) * _a4_)));{'d0': {'_a0_': -0.7084826592647062, '_a1_': 1.902255382672318, '_a4_': 1.3323420748547323, '_a2_': 1.0, '_a3_': 1.0, '_a5_': 1.0, '_a6_': 1.0, '_a7_': 1.0}};{'d0': 0.024905832919416677};-280.569866449043;42.14671634276495
22102;-98.1382168817566;((x * _a4_) * (_a4_ + (((_a1_ * (x + (_a0_ + _a4_))) * x) * _a4_)));{'d0': {'_a0_': -0.7084826592647062, '_a1_': 1.902255382672318, '_a4_': 1.3323420748547323, '_a2_': 1.0, '_a3_': 1.0, '_a5_': 1.0, '_a6_': 1.0, '_a7_': 1.0}};{'d0': 0.024905832919416677};-280.569866449043;42.14671634276495
22103;-98.1382168817566;((x * _a4_) * (_a4_ + (((_a1_ * (x + (_a0_ + _a4_))) * x) * _a4_)));{'d0': {'_a0_': -0.7084826592647062, '_a1_': 1.902255382672318, '_a4_': 1.3323420748547323, '_a2_': 1.0, '_a3_': 1.0, '_a5_': 1.0, '_a6_': 1.0, '_a7_': 1.0}};{'d0': 0.024905832919416677};-280.569866449043;42.14671634276495
22104;-98.1382168817566;((x * _a4_) * (_a4_ + (((_a1_ * (x + (_a0_ + _a4_))) * x) * _a4_)));{'d0': {'_a0_': -0.7084826592647062, '_a1_': 1.902255382672318, '_a4_': 1.3323420748547323, '_a2_': 1.0, '_a3_': 1.0, '_a5_': 1.0, '_a6_': 1.0, '_a7_': 1.0}};{'d0': 0.024905832919416677};-280.569866449043;42.14671634276495
22105;-98.1382168817566;((x * _a4_) * (_a4_ + (((_a1_ * (x + (_a0_ + _a4_))) * x) * _a4_)));{'d0': {'_a0_': -0.7084826592647062, '_a1_': 1.902255382672318, '_a4_': 1.3323420748547323, '_a2_': 1.0, '_a3_': 1.0, '_a5_': 1.0, '_a6_': 1.0, '_a7_': 1.0}};{'d0': 0.024905832919416677};-280.569866449043;42.14671634276495
22106;-98.1382168817566;((x * _a4_) * (_a4_ + (((_a1_ * (x + (_a0_ + _a4_))) * x) * _a4_)));{'d0': {'_a0_': -0.7084826592647062, '_a1_': 1.902255382672318, '_a4_': 1.3323420748547323, '_a2_': 1.0, '_a3_': 1.0, '_a5_': 1.0, '_a6_': 1.0, '_a7_': 1.0}};{'d0': 0.024905832919416677};-280.569866449043;42.14671634276495
22107;-98.1382168817566;((x * _a4_) * (_a4_ + (((_a1_ * (x + (_a0_ + _a4_))) * x) * _a4_)));{'d0': {'_a0_': -0.7084826592647062, '_a1_': 1.902255382672318, '_a4_': 1.3323420748547323, '_a2_': 1.0, '_a3_': 1.0, '_a5_': 1.0, '_a6_': 1.0, '_a7_': 1.0}};{'d0': 0.024905832919416677};-280.569866449043;42.14671634276495
22108;-98.1382168817566;((x * _a4_) * (_a4_ + (((_a1_ * (x + (_a0_ + _a4_))) * x) * _a4_)));{'d0': {'_a0_': -0.7084826592647062, '_a1_': 1.902255382672318, '_a4_': 1.3323420748547323, '_a2_': 1.0, '_a3_': 1.0, '_a5_': 1.0, '_a6_': 1.0, '_a7_': 1.0}};{'d0': 0.024905832919416677};-280.569866449043;42.14671634276495
22109;-98.1382168817566;((x * _a4_) * (_a4_ + (((_a1_ * (x + (_a0_ + _a4_))) * x) * _a4_)));{'d0': {'_a0_': -0.7084826592647062, '_a1_': 1.902255382672318, '_a4_': 1.3323420748547323, '_a2_': 1.0, '_a3_': 1.0, '_a5_': 1.0, '_a6_': 1.0, '_a7_': 1.0}};{'d0': 0.024905832919416677};-280.569866449043;42.14671634276495
22110;-98.1382168817566;((x * _a4_) * (_a4_ + (((_a1_ * (x + (_a0_ + _a4_))) * x) * _a4_)));{'d0': {'_a0_': -0.7084826592647062, '_a1_': 1.902255382672318, '_a4_': 1.3323420748547323, '_a2_': 1.0, '_a3_': 1.0, '_a5_': 1.0, '_a6_': 1.0, '_a7_': 1.0}};{'d0': 0.024905832919416677};-280.569866449043;42.14671634276495
22111;-98.1382168817566;((x * _a4_) * (_a4_ + (((_a1_ * (x + (_a0_ + _a4_))) * x) * _a4_)));{'d0': {'_a0_': -0.7084826592647062, '_a1_': 1.902255382672318, '_a4_': 1.3323420748547323, '_a2_': 1.0, '_a3_': 1.0, '_a5_': 1.0, '_a6_': 1.0, '_a7_': 1.0}};{'d0': 0.024905832919416677};-280.569866449043;42.14671634276495
22112;-98.1382168817566;((x * _a4_) * (_a4_ + (((_a1_ * (x + (_a0_ + _a4_))) * x) * _a4_)));{'d0': {'_a0_': -0.7084826592647062, '_a1_': 1.902255382672318, '_a4_': 1.3323420748547323, '_a2_': 1.0, '_a3_': 1.0, '_a5_': 1.0, '_a6_': 1.0, '_a7_': 1.0}};{'d0': 0.024905832919416677};-280.569866449043;42.14671634276495
22113;-98.1382168817566;((x * _a4_) * (_a4_ + (((_a1_ * (x + (_a0_ + _a4_))) * x) * _a4_)));{'d0': {'_a0_': -0.7084826592647062, '_a1_': 1.902255382672318, '_a4_': 1.3323420748547323, '_a2_': 1.0, '_a3_': 1.0, '_a5_': 1.0, '_a6_': 1.0, '_a7_': 1.0}};{'d0': 0.024905832919416677};-280.569866449043;42.14671634276495
22114;-98.1382168817566;((x * _a4_) * (_a4_ + (((_a1_ * (x + (_a0_ + _a4_))) * x) * _a4_)));{'d0': {'_a0_': -0.7084826592647062, '_a1_': 1.902255382672318, '_a4_': 1.3323420748547323, '_a2_': 1.0, '_a3_': 1.0, '_a5_': 1.0, '_a6_': 1.0, '_a7_': 1.0}};{'d0': 0.024905832919416677};-280.569866449043;42.14671634276495
22115;-98.1382168817566;((x * _a4_) * (_a4_ + (((_a1_ * (x + (_a0_ + _a4_))) * x) * _a4_)));{'d0': {'_a0_': -0.7084826592647062, '_a1_': 1.902255382672318, '_a4_': 1.3323420748547323, '_a2_': 1.0, '_a3_': 1.0, '_a5_': 1.0, '_a6_': 1.0, '_a7_': 1.0}};{'d0': 0.024905832919416677};-280.569866449043;42.14671634276495
22116;-94.4582697214964;((x * _a4_) * (_a4_ + (((_a1_ * (x + (-(_a2_) + _a4_))) * x) * _a4_)));{'d0': {'_a1_': 1.9022553826875381, '_a2_': 0.7084826592628248, '_a4_': 1.3323420748449064, '_a0_': 1.0, '_a3_': 1.0, '_a5_': 1.0, '_a6_': 1.0, '_a7_': 1.0}};{'d0': 0.02490583291941658};-280.569866449044;45.82666350302534
22117;-94.4582697214964;((x * _a4_) * (_a4_ + (((_a1_ * (x + (-(_a2_) + _a4_))) * x) * _a4_)));{'d0': {'_a1_': 1.9022553826875381, '_a2_': 0.7084826592628248, '_a4_': 1.3323420748449064, '_a0_': 1.0, '_a3_': 1.0, '_a5_': 1.0, '_a6_': 1.0, '_a7_': 1.0}};{'d0': 0.02490583291941658};-280.569866449044;45.82666350302534
22118;-94.4582697214964;((x * _a4_) * (_a4_ + (((_a1_ * (x + (-(_a2_) + _a4_))) * x) * _a4_)));{'d0': {'_a1_': 1.9022553826875381, '_a2_': 0.7084826592628248, '_a4_': 1.3323420748449064, '_a0_': 1.0, '_a3_': 1.0, '_a5_': 1.0, '_a6_': 1.0, '_a7_': 1.0}};{'d0': 0.02490583291941658};-280.569866449044;45.82666350302534
22119;-94.4582697214964;((x * _a4_) * (_a4_ + (((_a1_ * (x + (-(_a2_) + _a4_))) * x) * _a4_)));{'d0': {'_a1_': 1.9022553826875381, '_a2_': 0.7084826592628248, '_a4_': 1.3323420748449064, '_a0_': 1.0, '_a3_': 1.0, '_a5_': 1.0, '_a6_': 1.0, '_a7_': 1.0}};{'d0': 0.02490583291941658};-280.569866449044;45.82666350302534
22120;-94.4582697214964;((x * _a4_) * (_a4_ + (((_a1_ * (x + (-(_a2_) + _a4_))) * x) * _a4_)));{'d0': {'_a1_': 1.9022553826875381, '_a2_': 0.7084826592628248, '_a4_': 1.3323420748449064, '_a0_': 1.0, '_a3_': 1.0, '_a5_': 1.0, '_a6_': 1.0, '_a7_': 1.0}};{'d0': 0.02490583291941658};-280.569866449044;45.82666350302534
22121;-94.4582697214964;((x * _a4_) * (_a4_ + (((_a1_ * (x + (-(_a2_) + _a4_))) * x) * _a4_)));{'d0': {'_a1_': 1.9022553826875381, '_a2_': 0.7084826592628248, '_a4_': 1.3323420748449064, '_a0_': 1.0, '_a3_': 1.0, '_a5_': 1.0, '_a6_': 1.0, '_a7_': 1.0}};{'d0': 0.02490583291941658};-280.569866449044;45.82666350302534
22122;-99.4799669332753;(x * (_a4_ + (((_a1_ * (x + (-(_a2_) + _a4_))) * x) * _a4_)));{'d0': {'_a1_': 1.9022553830269215, '_a2_': 1.15127598863733, '_a4_': 1.7751354041535048, '_a0_': 1.0, '_a3_': 1.0, '_a5_': 1.0, '_a6_': 1.0, '_a7_': 1.0}};{'d0': 0.024905832919416625};-280.569866449044;40.80496629124634
22123;-99.4799669332753;(x * (_a4_ + (((_a1_ * (x + (-(_a2_) + _a4_))) * x) * _a4_)));{'d0': {'_a1_': 1.9022553830269215, '_a2_': 1.15127598863733, '_a4_': 1.7751354041535048, '_a0_': 1.0, '_a3_': 1.0, '_a5_': 1.0, '_a6_': 1.0, '_a7_': 1.0}};{'d0': 0.024905832919416625};-280.569866449044;40.80496629124634
22124;-99.4799669332753;(x * (_a4_ + (((_a1_ * (x + (-(_a2_) + _a4_))) * x) * _a4_)));{'d0': {'_a1_': 1.9022553830269215, '_a2_': 1.15127598863733, '_a4_': 1.7751354041535048, '_a0_': 1.0, '_a3_': 1.0, '_a5_': 1.0, '_a6_': 1.0, '_a7_': 1.0}};{'d0': 0.024905832919416625};-280.569866449044;40.80496629124634
22125;-99.4799669332753;(x * (_a4_ + (((_a1_ * (x + (-(_a2_) + _a4_))) * x) * _a4_)));{'d0': {'_a1_': 1.9022553830269215, '_a2_': 1.15127598863733, '_a4_': 1.7751354041535048, '_a0_': 1.0, '_a3_': 1.0, '_a5_': 1.0, '_a6_': 1.0, '_a7_': 1.0}};{'d0': 0.024905832919416625};-280.569866449044;40.80496629124634
22126;-99.4799669332753;(x * (_a4_ + (((_a1_ * (x + (-(_a2_) + _a4_))) * x) * _a4_)));{'d0': {'_a1_': 1.9022553830269215, '_a2_': 1.15127598863733, '_a4_': 1.7751354041535048, '_a0_': 1.0, '_a3_': 1.0, '_a5_': 1.0, '_a6_': 1.0, '_a7_': 1.0}};{'d0': 0.024905832919416625};-280.569866449044;40.80496629124634
22127;-97.7608909765641;(_a2_ * -((x * (_a3_ + ((pow2((x + _a5_)) + _a5_) / _a1_)))));{'d0': {'_a1_': 0.34504629429848993, '_a2_': -1.1651388267927583, '_a3_': 0.33752527644191993, '_a5_': 0.31192970777480133, '_a0_': 1.0, '_a4_': 1.0, '_a6_': 1.0, '_a7_': 1.0}};{'d0': 0.024905832920396154};-276.475521884462;40.47686996566666
22128;-99.4799669332753;(x * (_a4_ + (((_a1_ * (x + (-(_a2_) + _a4_))) * x) * _a4_)));{'d0': {'_a1_': 1.9022553830269215, '_a2_': 1.15127598863733, '_a4_': 1.7751354041535048, '_a0_': 1.0, '_a3_': 1.0, '_a5_': 1.0, '_a6_': 1.0, '_a7_': 1.0}};{'d0': 0.024905832919416625};-280.569866449044;40.80496629124634
22129;-99.4799669332753;(x * (_a4_ + (((_a1_ * (x + (-(_a2_) + _a4_))) * x) * _a4_)));{'d0': {'_a1_': 1.9022553830269215, '_a2_': 1.15127598863733, '_a4_': 1.7751354041535048, '_a0_': 1.0, '_a3_': 1.0, '_a5_': 1.0, '_a6_': 1.0, '_a7_': 1.0}};{'d0': 0.024905832919416625};-280.569866449044;40.80496629124634
22130;-99.4799669332753;(x * (_a4_ + (((_a1_ * (x + (-(_a2_) + _a4_))) * x) * _a4_)));{'d0': {'_a1_': 1.9022553830269215, '_a2_': 1.15127598863733, '_a4_': 1.7751354041535048, '_a0_': 1.0, '_a3_': 1.0, '_a5_': 1.0, '_a6_': 1.0, '_a7_': 1.0}};{'d0': 0.024905832919416625};-280.569866449044;40.80496629124634
22131;-99.4799669332753;(x * (_a4_ + (((_a1_ * (x + (-(_a2_) + _a4_))) * x) * _a4_)));{'d0': {'_a1_': 1.9022553830269215, '_a2_': 1.15127598863733, '_a4_': 1.7751354041535048, '_a0_': 1.0, '_a3_': 1.0, '_a5_': 1.0, '_a6_': 1.0, '_a7_': 1.0}};{'d0': 0.024905832919416625};-280.569866449044;40.80496629124634
22132;-99.4799669332753;(x * (_a4_ + (((_a1_ * (x + (-(_a2_) + _a4_))) * x) * _a4_)));{'d0': {'_a1_': 1.9022553830269215, '_a2_': 1.15127598863733, '_a4_': 1.7751354041535048, '_a0_': 1.0, '_a3_': 1.0, '_a5_': 1.0, '_a6_': 1.0, '_a7_': 1.0}};{'d0': 0.024905832919416625};-280.569866449044;40.80496629124634
22133;-99.4799669332753;(x * (_a4_ + (((_a1_ * (x + (-(_a2_) + _a4_))) * x) * _a4_)));{'d0': {'_a1_': 1.9022553830269215, '_a2_': 1.15127598863733, '_a4_': 1.7751354041535048, '_a0_': 1.0, '_a3_': 1.0, '_a5_': 1.0, '_a6_': 1.0, '_a7_': 1.0}};{'d0': 0.024905832919416625};-280.569866449044;40.80496629124634
22134;-99.4799669332753;(x * (_a4_ + (((_a1_ * (x + (-(_a2_) + _a4_))) * x) * _a4_)));{'d0': {'_a1_': 1.9022553830269215, '_a2_': 1.15127598863733, '_a4_': 1.7751354041535048, '_a0_': 1.0, '_a3_': 1.0, '_a5_': 1.0, '_a6_': 1.0, '_a7_': 1.0}};{'d0': 0.024905832919416625};-280.569866449044;40.80496629124634
22135;-99.4799669332753;(x * (_a4_ + (((_a1_ * (x + (-(_a2_) + _a4_))) * x) * _a4_)));{'d0': {'_a1_': 1.9022553830269215, '_a2_': 1.15127598863733, '_a4_': 1.7751354041535048, '_a0_': 1.0, '_a3_': 1.0, '_a5_': 1.0, '_a6_': 1.0, '_a7_': 1.0}};{'d0': 0.024905832919416625};-280.569866449044;40.80496629124634
22136;-99.4799669332753;(x * (_a4_ + (((_a1_ * (x + (-(_a2_) + _a4_))) * x) * _a4_)));{'d0': {'_a1_': 1.9022553830269215, '_a2_': 1.15127598863733, '_a4_': 1.7751354041535048, '_a0_': 1.0, '_a3_': 1.0, '_a5_': 1.0, '_a6_': 1.0, '_a7_': 1.0}};{'d0': 0.024905832919416625};-280.569866449044;40.80496629124634
22137;-99.4799669332753;(x * (_a4_ + (((_a1_ * (x + (-(_a2_) + _a4_))) * x) * _a4_)));{'d0': {'_a1_': 1.9022553830269215, '_a2_': 1.15127598863733, '_a4_': 1.7751354041535048, '_a0_': 1.0, '_a3_': 1.0, '_a5_': 1.0, '_a6_': 1.0, '_a7_': 1.0}};{'d0': 0.024905832919416625};-280.569866449044;40.80496629124634
22138;-99.4799669332753;(x * (_a4_ + (((_a1_ * (x + (-(_a5_) + _a4_))) * x) * _a4_)));{'d0': {'_a1_': 1.9022553828646795, '_a4_': 1.7751354044048702, '_a5_': 1.151275988799387, '_a0_': 1.0, '_a2_': 1.0, '_a3_': 1.0, '_a6_': 1.0, '_a7_': 1.0}};{'d0': 0.02490583291941664};-280.569866449044;40.80496629124634
22139;-99.4799669332753;(x * (_a4_ + (((_a1_ * (x + (-(_a5_) + _a4_))) * x) * _a4_)));{'d0': {'_a1_': 1.9022553828646795, '_a4_': 1.7751354044048702, '_a5_': 1.151275988799387, '_a0_': 1.0, '_a2_': 1.0, '_a3_': 1.0, '_a6_': 1.0, '_a7_': 1.0}};{'d0': 0.02490583291941664};-280.569866449044;40.80496629124634
22140;-99.4799669332753;(x * (_a4_ + (((_a1_ * (x + (-(_a5_) + _a4_))) * x) * _a4_)));{'d0': {'_a1_': 1.9022553828646795, '_a4_': 1.7751354044048702, '_a5_': 1.151275988799387, '_a0_': 1.0, '_a2_': 1.0, '_a3_': 1.0, '_a6_': 1.0, '_a7_': 1.0}};{'d0': 0.02490583291941664};-280.569866449044;40.80496629124634
22141;-99.4799669332753;(x * (_a4_ + (((_a1_ * (x + (-(_a5_) + _a4_))) * x) * _a4_)));{'d0': {'_a1_': 1.9022553828646795, '_a4_': 1.7751354044048702, '_a5_': 1.151275988799387, '_a0_': 1.0, '_a2_': 1.0, '_a3_': 1.0, '_a6_': 1.0, '_a7_': 1.0}};{'d0': 0.02490583291941664};-280.569866449044;40.80496629124634
22142;-97.7608909765641;(_a2_ * -((x * (_a3_ + ((pow2((x + _a5_)) + _a5_) / _a1_)))));{'d0': {'_a1_': 0.34504629429848993, '_a2_': -1.1651388267927583, '_a3_': 0.33752527644191993, '_a5_': 0.31192970777480133, '_a0_': 1.0, '_a4_': 1.0, '_a6_': 1.0, '_a7_': 1.0}};{'d0': 0.024905832920396154};-276.475521884462;40.47686996566666
22143;-97.7608909765641;(_a2_ * -((x * (_a3_ + ((pow2((x + _a5_)) + _a5_) / _a1_)))));{'d0': {'_a1_': 0.34504629429848993, '_a2_': -1.1651388267927583, '_a3_': 0.33752527644191993, '_a5_': 0.31192970777480133, '_a0_': 1.0, '_a4_': 1.0, '_a6_': 1.0, '_a7_': 1.0}};{'d0': 0.024905832920396154};-276.475521884462;40.47686996566666
22144;-97.7608909765641;(_a2_ * -((x * (_a3_ + ((pow2((x + _a5_)) + _a5_) / _a1_)))));{'d0': {'_a1_': 0.34504629429848993, '_a2_': -1.1651388267927583, '_a3_': 0.33752527644191993, '_a5_': 0.31192970777480133, '_a0_': 1.0, '_a4_': 1.0, '_a6_': 1.0, '_a7_': 1.0}};{'d0': 0.024905832920396154};-276.475521884462;40.47686996566666
22145;-97.7608909765641;(_a2_ * -((x * (_a3_ + ((pow2((x + _a5_)) + _a5_) / _a1_)))));{'d0': {'_a1_': 0.34504629429848993, '_a2_': -1.1651388267927583, '_a3_': 0.33752527644191993, '_a5_': 0.31192970777480133, '_a0_': 1.0, '_a4_': 1.0, '_a6_': 1.0, '_a7_': 1.0}};{'d0': 0.024905832920396154};-276.475521884462;40.47686996566666
22146;-97.7608909776101;(_a2_ * -((x * (_a3_ + ((pow2((x + _a5_)) + _a2_) / _a1_)))));{'d0': {'_a1_': 0.2139408181793632, '_a2_': -0.7224269849604072, '_a3_': 5.379144557327096, '_a5_': 0.3119297077675863, '_a0_': 1.0, '_a4_': 1.0, '_a6_': 1.0, '_a7_': 1.0}};{'d0': 0.024905832919527755};-276.475521886554;40.47686996566666
22147;-97.7608909776101;(_a2_ * -((x * (_a3_ + ((pow2((x + _a5_)) + _a2_) / _a1_)))));{'d0': {'_a1_': 0.2139408181793632, '_a2_': -0.7224269849604072, '_a3_': 5.379144557327096, '_a5_': 0.3119297077675863, '_a0_': 1.0, '_a4_': 1.0, '_a6_': 1.0, '_a7_': 1.0}};{'d0': 0.024905832919527755};-276.475521886554;40.47686996566666
22148;-97.7608909776101;(_a2_ * -((x * (_a3_ + ((pow2((x + _a5_)) + _a2_) / _a1_)))));{'d0': {'_a1_': 0.2139408181793632, '_a2_': -0.7224269849604072, '_a3_': 5.379144557327096, '_a5_': 0.3119297077675863, '_a0_': 1.0, '_a4_': 1.0, '_a6_': 1.0, '_a7_': 1.0}};{'d0': 0.024905832919527755};-276.475521886554;40.47686996566666
22149;-97.7608909776101;(_a2_ * -((x * (_a3_ + ((pow2((x + _a5_)) + _a2_) / _a1_)))));{'d0': {'_a1_': 0.2139408181793632, '_a2_': -0.7224269849604072, '_a3_': 5.379144557327096, '_a5_': 0.3119297077675863, '_a0_': 1.0, '_a4_': 1.0, '_a6_': 1.0, '_a7_': 1.0}};{'d0': 0.024905832919527755};-276.475521886554;40.47686996566666
22150;-97.7608909776101;(_a2_ * -((x * (_a3_ + ((pow2((x + _a5_)) + _a2_) / _a1_)))));{'d0': {'_a1_': 0.2139408181793632, '_a2_': -0.7224269849604072, '_a3_': 5.379144557327096, '_a5_': 0.3119297077675863, '_a0_': 1.0, '_a4_': 1.0, '_a6_': 1.0, '_a7_': 1.0}};{'d0': 0.024905832919527755};-276.475521886554;40.47686996566666
22151;-97.7608909776101;(_a2_ * -((x * (_a3_ + ((pow2((x + _a5_)) + _a2_) / _a1_)))));{'d0': {'_a1_': 0.2139408181793632, '_a2_': -0.7224269849604072, '_a3_': 5.379144557327096, '_a5_': 0.3119297077675863, '_a0_': 1.0, '_a4_': 1.0, '_a6_': 1.0, '_a7_': 1.0}};{'d0': 0.024905832919527755};-276.475521886554;40.47686996566666
22152;-97.7608909776101;(_a2_ * -((x * (_a3_ + ((pow2((x + _a5_)) + _a2_) / _a1_)))));{'d0': {'_a1_': 0.2139408181793632, '_a2_': -0.7224269849604072, '_a3_': 5.379144557327096, '_a5_': 0.3119297077675863, '_a0_': 1.0, '_a4_': 1.0, '_a6_': 1.0, '_a7_': 1.0}};{'d0': 0.024905832919527755};-276.475521886554;40.47686996566666
22153;-97.7608909776101;(_a2_ * -((x * (_a3_ + ((pow2((x + _a5_)) + _a2_) / _a1_)))));{'d0': {'_a1_': 0.2139408181793632, '_a2_': -0.7224269849604072, '_a3_': 5.379144557327096, '_a5_': 0.3119297077675863, '_a0_': 1.0, '_a4_': 1.0, '_a6_': 1.0, '_a7_': 1.0}};{'d0': 0.024905832919527755};-276.475521886554;40.47686996566666
22154;-97.7608909776101;(_a2_ * -((x * (_a3_ + ((pow2((x + _a5_)) + _a2_) / _a1_)))));{'d0': {'_a1_': 0.2139408181793632, '_a2_': -0.7224269849604072, '_a3_': 5.379144557327096, '_a5_': 0.3119297077675863, '_a0_': 1.0, '_a4_': 1.0, '_a6_': 1.0, '_a7_': 1.0}};{'d0': 0.024905832919527755};-276.475521886554;40.47686996566666
22155;-97.7608909776101;(_a2_ * -((x * (_a3_ + ((pow2((x + _a5_)) + _a2_) / _a1_)))));{'d0': {'_a1_': 0.2139408181793632, '_a2_': -0.7224269849604072, '_a3_': 5.379144557327096, '_a5_': 0.3119297077675863, '_a0_': 1.0, '_a4_': 1.0, '_a6_': 1.0, '_a7_': 1.0}};{'d0': 0.024905832919527755};-276.475521886554;40.47686996566666
22156;-97.7608909776101;(_a2_ * -((x * (_a3_ + ((pow2((x + _a5_)) + _a2_) / _a1_)))));{'d0': {'_a1_': 0.2139408181793632, '_a2_': -0.7224269849604072, '_a3_': 5.379144557327096, '_a5_': 0.3119297077675863, '_a0_': 1.0, '_a4_': 1.0, '_a6_': 1.0, '_a7_': 1.0}};{'d0': 0.024905832919527755};-276.475521886554;40.47686996566666
22157;-97.7608909776101;(_a2_ * -((x * (_a3_ + ((pow2((x + _a5_)) + _a2_) / _a1_)))));{'d0': {'_a1_': 0.2139408181793632, '_a2_': -0.7224269849604072, '_a3_': 5.379144557327096, '_a5_': 0.3119297077675863, '_a0_': 1.0, '_a4_': 1.0, '_a6_': 1.0, '_a7_': 1.0}};{'d0': 0.024905832919527755};-276.475521886554;40.47686996566666
22158;-97.7608909776101;(_a2_ * -((x * (_a3_ + ((pow2((x + _a5_)) + _a2_) / _a1_)))));{'d0': {'_a1_': 0.2139408181793632, '_a2_': -0.7224269849604072, '_a3_': 5.379144557327096, '_a5_': 0.3119297077675863, '_a0_': 1.0, '_a4_': 1.0, '_a6_': 1.0, '_a7_': 1.0}};{'d0': 0.024905832919527755};-276.475521886554;40.47686996566666
22159;-97.7608909776101;(_a2_ * -((x * (_a3_ + ((pow2((x + _a5_)) + _a2_) / _a1_)))));{'d0': {'_a1_': 0.2139408181793632, '_a2_': -0.7224269849604072, '_a3_': 5.379144557327096, '_a5_': 0.3119297077675863, '_a0_': 1.0, '_a4_': 1.0, '_a6_': 1.0, '_a7_': 1.0}};{'d0': 0.024905832919527755};-276.475521886554;40.47686996566666
22160;-97.7608909776101;(_a2_ * -((x * (_a3_ + ((pow2((x + _a5_)) + _a2_) / _a1_)))));{'d0': {'_a1_': 0.2139408181793632, '_a2_': -0.7224269849604072, '_a3_': 5.379144557327096, '_a5_': 0.3119297077675863, '_a0_': 1.0, '_a4_': 1.0, '_a6_': 1.0, '_a7_': 1.0}};{'d0': 0.024905832919527755};-276.475521886554;40.47686996566666
22161;-97.7608909776101;(_a2_ * -((x * (_a3_ + ((pow2((x + _a5_)) + _a2_) / _a1_)))));{'d0': {'_a1_': 0.2139408181793632, '_a2_': -0.7224269849604072, '_a3_': 5.379144557327096, '_a5_': 0.3119297077675863, '_a0_': 1.0, '_a4_': 1.0, '_a6_': 1.0, '_a7_': 1.0}};{'d0': 0.024905832919527755};-276.475521886554;40.47686996566666
22162;-97.7608909776101;(_a2_ * -((x * (_a3_ + ((pow2((x + _a5_)) + _a2_) / _a1_)))));{'d0': {'_a1_': 0.2139408181793632, '_a2_': -0.7224269849604072, '_a3_': 5.379144557327096, '_a5_': 0.3119297077675863, '_a0_': 1.0, '_a4_': 1.0, '_a6_': 1.0, '_a7_': 1.0}};{'d0': 0.024905832919527755};-276.475521886554;40.47686996566666
22163;-97.7608909776101;(_a2_ * -((x * (_a3_ + ((pow2((x + _a5_)) + _a2_) / _a1_)))));{'d0': {'_a1_': 0.2139408181793632, '_a2_': -0.7224269849604072, '_a3_': 5.379144557327096, '_a5_': 0.3119297077675863, '_a0_': 1.0, '_a4_': 1.0, '_a6_': 1.0, '_a7_': 1.0}};{'d0': 0.024905832919527755};-276.475521886554;40.47686996566666
22164;-97.7608909776101;(_a2_ * -((x * (_a3_ + ((pow2((x + _a5_)) + _a2_) / _a1_)))));{'d0': {'_a1_': 0.2139408181793632, '_a2_': -0.7224269849604072, '_a3_': 5.379144557327096, '_a5_': 0.3119297077675863, '_a0_': 1.0, '_a4_': 1.0, '_a6_': 1.0, '_a7_': 1.0}};{'d0': 0.024905832919527755};-276.475521886554;40.47686996566666
22165;-97.7608909776101;(_a2_ * -((x * (_a3_ + ((pow2((x + _a5_)) + _a2_) / _a1_)))));{'d0': {'_a1_': 0.2139408181793632, '_a2_': -0.7224269849604072, '_a3_': 5.379144557327096, '_a5_': 0.3119297077675863, '_a0_': 1.0, '_a4_': 1.0, '_a6_': 1.0, '_a7_': 1.0}};{'d0': 0.024905832919527755};-276.475521886554;40.47686996566666
22166;-97.7608909776101;(_a2_ * -((x * (_a3_ + ((pow2((x + _a5_)) + _a2_) / _a1_)))));{'d0': {'_a1_': 0.2139408181793632, '_a2_': -0.7224269849604072, '_a3_': 5.379144557327096, '_a5_': 0.3119297077675863, '_a0_': 1.0, '_a4_': 1.0, '_a6_': 1.0, '_a7_': 1.0}};{'d0': 0.024905832919527755};-276.475521886554;40.47686996566666
22167;-97.7608909776101;(_a2_ * -((x * (_a3_ + ((pow2((x + _a5_)) + _a2_) / _a1_)))));{'d0': {'_a1_': 0.2139408181793632, '_a2_': -0.7224269849604072, '_a3_': 5.379144557327096, '_a5_': 0.3119297077675863, '_a0_': 1.0, '_a4_': 1.0, '_a6_': 1.0, '_a7_': 1.0}};{'d0': 0.024905832919527755};-276.475521886554;40.47686996566666
22168;-97.7608909776101;(_a2_ * -((x * (_a3_ + ((pow2((x + _a5_)) + _a2_) / _a1_)))));{'d0': {'_a1_': 0.2139408181793632, '_a2_': -0.7224269849604072, '_a3_': 5.379144557327096, '_a5_': 0.3119297077675863, '_a0_': 1.0, '_a4_': 1.0, '_a6_': 1.0, '_a7_': 1.0}};{'d0': 0.024905832919527755};-276.475521886554;40.47686996566666
22169;-99.4619796209257;(_a1_ * ((x * pow2(((_a0_ * _a0_) * ((_a2_ + x) + _a1_)))) + x));{'d0': {'_a0_': -1.2360605801605038, '_a1_': 1.4465760892785664, '_a2_': -1.134646381498661, '_a3_': 1.0, '_a4_': 1.0, '_a5_': 1.0, '_a6_': 1.0, '_a7_': 1.0}};{'d0': 0.02490583291941664};-280.569866449044;40.82295360359597
22170;-99.4619796209257;(_a1_ * ((x * pow2(((_a0_ * _a0_) * ((_a2_ + x) + _a1_)))) + x));{'d0': {'_a0_': -1.2360605801605038, '_a1_': 1.4465760892785664, '_a2_': -1.134646381498661, '_a3_': 1.0, '_a4_': 1.0, '_a5_': 1.0, '_a6_': 1.0, '_a7_': 1.0}};{'d0': 0.02490583291941664};-280.569866449044;40.82295360359597
22171;-99.4619796209257;(_a1_ * ((x * pow2(((_a0_ * _a0_) * ((_a2_ + x) + _a1_)))) + x));{'d0': {'_a0_': -1.2360605801605038, '_a1_': 1.4465760892785664, '_a2_': -1.134646381498661, '_a3_': 1.0, '_a4_': 1.0, '_a5_': 1.0, '_a6_': 1.0, '_a7_': 1.0}};{'d0': 0.02490583291941664};-280.569866449044;40.82295360359597
22172;-99.4619796209257;(_a1_ * ((x * pow2(((_a0_ * _a0_) * ((_a2_ + x) + _a1_)))) + x));{'d0': {'_a0_': -1.2360605801605038, '_a1_': 1.4465760892785664, '_a2_': -1.134646381498661, '_a3_': 1.0, '_a4_': 1.0, '_a5_': 1.0, '_a6_': 1.0, '_a7_': 1.0}};{'d0': 0.02490583291941664};-280.569866449044;40.82295360359597
22173;-99.4619796209257;(_a1_ * ((x * pow2(((_a0_ * _a0_) * ((_a2_ + x) + _a1_)))) + x));{'d0': {'_a0_': -1.2360605801605038, '_a1_': 1.4465760892785664, '_a2_': -1.134646381498661, '_a3_': 1.0, '_a4_': 1.0, '_a5_': 1.0, '_a6_': 1.0, '_a7_': 1.0}};{'d0': 0.02490583291941664};-280.569866449044;40.82295360359597
22174;-99.4619796209257;(_a1_ * ((x * pow2(((_a0_ * _a0_) * ((_a2_ + x) + _a1_)))) + x));{'d0': {'_a0_': -1.2360605801605038, '_a1_': 1.4465760892785664, '_a2_': -1.134646381498661, '_a3_': 1.0, '_a4_': 1.0, '_a5_': 1.0, '_a6_': 1.0, '_a7_': 1.0}};{'d0': 0.02490583291941664};-280.569866449044;40.82295360359597
22175;-99.4619796209257;(_a1_ * ((x * pow2(((_a0_ * _a0_) * ((_a2_ + x) + _a1_)))) + x));{'d0': {'_a0_': -1.2360605801605038, '_a1_': 1.4465760892785664, '_a2_': -1.134646381498661, '_a3_': 1.0, '_a4_': 1.0, '_a5_': 1.0, '_a6_': 1.0, '_a7_': 1.0}};{'d0': 0.02490583291941664};-280.569866449044;40.82295360359597
22176;-99.4619796209257;(_a1_ * ((x * pow2(((_a0_ * _a0_) * ((_a2_ + x) + _a1_)))) + x));{'d0': {'_a0_': -1.2360605801605038, '_a1_': 1.4465760892785664, '_a2_': -1.134646381498661, '_a3_': 1.0, '_a4_': 1.0, '_a5_': 1.0, '_a6_': 1.0, '_a7_': 1.0}};{'d0': 0.02490583291941664};-280.569866449044;40.82295360359597
22177;-99.4619796209257;(_a1_ * ((x * pow2(((_a0_ * _a0_) * ((_a2_ + x) + _a1_)))) + x));{'d0': {'_a0_': -1.2360605801605038, '_a1_': 1.4465760892785664, '_a2_': -1.134646381498661, '_a3_': 1.0, '_a4_': 1.0, '_a5_': 1.0, '_a6_': 1.0, '_a7_': 1.0}};{'d0': 0.02490583291941664};-280.569866449044;40.82295360359597
22178;-99.4619796209257;(_a1_ * ((x * pow2(((_a0_ * _a0_) * ((_a2_ + x) + _a1_)))) + x));{'d0': {'_a0_': -1.2360605801605038, '_a1_': 1.4465760892785664, '_a2_': -1.134646381498661, '_a3_': 1.0, '_a4_': 1.0, '_a5_': 1.0, '_a6_': 1.0, '_a7_': 1.0}};{'d0': 0.02490583291941664};-280.569866449044;40.82295360359597
22179;-99.4619796209257;(_a1_ * ((x * pow2(((_a0_ * _a0_) * ((_a2_ + x) + _a1_)))) + x));{'d0': {'_a0_': -1.2360605801605038, '_a1_': 1.4465760892785664, '_a2_': -1.134646381498661, '_a3_': 1.0, '_a4_': 1.0, '_a5_': 1.0, '_a6_': 1.0, '_a7_': 1.0}};{'d0': 0.02490583291941664};-280.569866449044;40.82295360359597
22180;-99.4619796209257;(_a1_ * ((x * pow2(((_a0_ * _a0_) * ((_a2_ + x) + _a1_)))) + x));{'d0': {'_a0_': -1.2360605801605038, '_a1_': 1.4465760892785664, '_a2_': -1.134646381498661, '_a3_': 1.0, '_a4_': 1.0, '_a5_': 1.0, '_a6_': 1.0, '_a7_': 1.0}};{'d0': 0.02490583291941664};-280.569866449044;40.82295360359597
22181;-85.8873961318301;((_a6_ * _a3_) * -((x * (_a3_ + ((pow2((x + (_a4_ * _a7_))) + _a1_) / _a1_)))));{'d0': {'_a1_': 1.6507946416669612, '_a3_': -0.7404937189541586, '_a4_': 0.5585066749999856, '_a6_': 7.527867921118998, '_a7_': 0.5585066784800135, '_a0_': 1.0, '_a2_': 1.0, '_a5_': 1.0}};{'d0': 0.024905832919591673};-272.381177324178;50.303192530258656
22182;-85.8873961318301;((_a6_ * _a3_) * -((x * (_a3_ + ((pow2((x + (_a4_ * _a7_))) + _a1_) / _a1_)))));{'d0': {'_a1_': 1.6507946416669612, '_a3_': -0.7404937189541586, '_a4_': 0.5585066749999856, '_a6_': 7.527867921118998, '_a7_': 0.5585066784800135, '_a0_': 1.0, '_a2_': 1.0, '_a5_': 1.0}};{'d0': 0.024905832919591673};-272.381177324178;50.303192530258656
22183;-85.8873961318301;((_a6_ * _a3_) * -((x * (_a3_ + ((pow2((x + (_a4_ * _a7_))) + _a1_) / _a1_)))));{'d0': {'_a1_': 1.6507946416669612, '_a3_': -0.7404937189541586, '_a4_': 0.5585066749999856, '_a6_': 7.527867921118998, '_a7_': 0.5585066784800135, '_a0_': 1.0, '_a2_': 1.0, '_a5_': 1.0}};{'d0': 0.024905832919591673};-272.381177324178;50.303192530258656
22184;-85.8873961318301;((_a6_ * _a3_) * -((x * (_a3_ + ((pow2((x + (_a4_ * _a7_))) + _a1_) / _a1_)))));{'d0': {'_a1_': 1.6507946416669612, '_a3_': -0.7404937189541586, '_a4_': 0.5585066749999856, '_a6_': 7.527867921118998, '_a7_': 0.5585066784800135, '_a0_': 1.0, '_a2_': 1.0, '_a5_': 1.0}};{'d0': 0.024905832919591673};-272.381177324178;50.303192530258656
22185;-85.8873961318301;((_a6_ * _a3_) * -((x * (_a3_ + ((pow2((x + (_a4_ * _a7_))) + _a1_) / _a1_)))));{'d0': {'_a1_': 1.6507946416669612, '_a3_': -0.7404937189541586, '_a4_': 0.5585066749999856, '_a6_': 7.527867921118998, '_a7_': 0.5585066784800135, '_a0_': 1.0, '_a2_': 1.0, '_a5_': 1.0}};{'d0': 0.024905832919591673};-272.381177324178;50.303192530258656
22186;-85.8873961318301;((_a6_ * _a3_) * -((x * (_a3_ + ((pow2((x + (_a4_ * _a7_))) + _a1_) / _a1_)))));{'d0': {'_a1_': 1.6507946416669612, '_a3_': -0.7404937189541586, '_a4_': 0.5585066749999856, '_a6_': 7.527867921118998, '_a7_': 0.5585066784800135, '_a0_': 1.0, '_a2_': 1.0, '_a5_': 1.0}};{'d0': 0.024905832919591673};-272.381177324178;50.303192530258656
22187;-85.8873961318301;((_a6_ * _a3_) * -((x * (_a3_ + ((pow2((x + (_a4_ * _a7_))) + _a1_) / _a1_)))));{'d0': {'_a1_': 1.6507946416669612, '_a3_': -0.7404937189541586, '_a4_': 0.5585066749999856, '_a6_': 7.527867921118998, '_a7_': 0.5585066784800135, '_a0_': 1.0, '_a2_': 1.0, '_a5_': 1.0}};{'d0': 0.024905832919591673};-272.381177324178;50.303192530258656
22188;-85.8873961319396;((_a6_ * _a7_) * -((x * (_a3_ + ((pow2((x + (_a4_ * _a7_))) + _a1_) / _a1_)))));{'d0': {'_a1_': 0.4712052916437868, '_a3_': -0.09085996022556704, '_a4_': -2.7664759087681294, '_a6_': 14.11174197734206, '_a7_': -0.11275345132796583, '_a0_': 1.0, '_a2_': 1.0, '_a5_': 1.0}};{'d0': 0.024905832919500798};-272.381177324397;50.303192530258656
22189;-93.2326634307938;(((x + _a7_) * (x / -(_a4_))) + -(pow3((x * (_a4_ + _a1_)))));{'d0': {'_a1_': -1.0255676827931326, '_a4_': -0.47469314285271846, '_a7_': 0.8426446039903066, '_a0_': 1.0, '_a2_': 1.0, '_a3_': 1.0, '_a5_': 1.0, '_a6_': 1.0}};{'d0': 0.02490583291941664};-280.569866449044;47.05226979372793
22190;-93.2326634307938;(((x + _a7_) * (x / -(_a4_))) + -(pow3((x * (_a4_ + _a1_)))));{'d0': {'_a1_': -1.0255676827931326, '_a4_': -0.47469314285271846, '_a7_': 0.8426446039903066, '_a0_': 1.0, '_a2_': 1.0, '_a3_': 1.0, '_a5_': 1.0, '_a6_': 1.0}};{'d0': 0.02490583291941664};-280.569866449044;47.05226979372793
22191;-93.2326634307938;(((x + _a7_) * (x / -(_a4_))) + -(pow3((x * (_a4_ + _a1_)))));{'d0': {'_a1_': -1.0255676827931326, '_a4_': -0.47469314285271846, '_a7_': 0.8426446039903066, '_a0_': 1.0, '_a2_': 1.0, '_a3_': 1.0, '_a5_': 1.0, '_a6_': 1.0}};{'d0': 0.02490583291941664};-280.569866449044;47.05226979372793
22192;-93.2326634307938;(((x + _a7_) * (x / -(_a4_))) + -(pow3((x * (_a4_ + _a1_)))));{'d0': {'_a1_': -1.0255676827931326, '_a4_': -0.47469314285271846, '_a7_': 0.8426446039903066, '_a0_': 1.0, '_a2_': 1.0, '_a3_': 1.0, '_a5_': 1.0, '_a6_': 1.0}};{'d0': 0.02490583291941664};-280.569866449044;47.05226979372793
22193;-93.2326634307938;(((x + _a7_) * (x / -(_a4_))) + -(pow3((x * (_a4_ + _a1_)))));{'d0': {'_a1_': -1.0255676827931326, '_a4_': -0.47469314285271846, '_a7_': 0.8426446039903066, '_a0_': 1.0, '_a2_': 1.0, '_a3_': 1.0, '_a5_': 1.0, '_a6_': 1.0}};{'d0': 0.02490583291941664};-280.569866449044;47.05226979372793
22194;-93.2326634307938;(((x + _a7_) * (x / -(_a4_))) + -(pow3((x * (_a4_ + _a1_)))));{'d0': {'_a1_': -1.0255676827931326, '_a4_': -0.47469314285271846, '_a7_': 0.8426446039903066, '_a0_': 1.0, '_a2_': 1.0, '_a3_': 1.0, '_a5_': 1.0, '_a6_': 1.0}};{'d0': 0.02490583291941664};-280.569866449044;47.05226979372793
22195;-93.2326634307938;(((x + _a7_) * (x / -(_a4_))) + -(pow3((x * (_a4_ + _a1_)))));{'d0': {'_a1_': -1.0255676827931326, '_a4_': -0.47469314285271846, '_a7_': 0.8426446039903066, '_a0_': 1.0, '_a2_': 1.0, '_a3_': 1.0, '_a5_': 1.0, '_a6_': 1.0}};{'d0': 0.02490583291941664};-280.569866449044;47.05226979372793
22196;-93.2326634307938;(((x + _a7_) * (x / -(_a4_))) + -(pow3((x * (_a4_ + _a1_)))));{'d0': {'_a1_': -1.0255676827931326, '_a4_': -0.47469314285271846, '_a7_': 0.8426446039903066, '_a0_': 1.0, '_a2_': 1.0, '_a3_': 1.0, '_a5_': 1.0, '_a6_': 1.0}};{'d0': 0.02490583291941664};-280.569866449044;47.05226979372793
22197;-93.2326634307938;(((x + _a7_) * (x / -(_a4_))) + -(pow3((x * (_a4_ + _a1_)))));{'d0': {'_a1_': -1.0255676827931326, '_a4_': -0.47469314285271846, '_a7_': 0.8426446039903066, '_a0_': 1.0, '_a2_': 1.0, '_a3_': 1.0, '_a5_': 1.0, '_a6_': 1.0}};{'d0': 0.02490583291941664};-280.569866449044;47.05226979372793
22198;-93.2326634307938;(((x + _a7_) * (x / -(_a4_))) + -(pow3((x * (_a4_ + _a1_)))));{'d0': {'_a1_': -1.0255676827931326, '_a4_': -0.47469314285271846, '_a7_': 0.8426446039903066, '_a0_': 1.0, '_a2_': 1.0, '_a3_': 1.0, '_a5_': 1.0, '_a6_': 1.0}};{'d0': 0.02490583291941664};-280.569866449044;47.05226979372793
22199;-93.2326634307938;(((x + _a7_) * (x / -(_a4_))) + -(pow3((x * (_a4_ + _a1_)))));{'d0': {'_a1_': -1.0255676827931326, '_a4_': -0.47469314285271846, '_a7_': 0.8426446039903066, '_a0_': 1.0, '_a2_': 1.0, '_a3_': 1.0, '_a5_': 1.0, '_a6_': 1.0}};{'d0': 0.02490583291941664};-280.569866449044;47.05226979372793
22200;-93.2326634307938;(((x + _a7_) * (x / -(_a4_))) + -(pow3((x * (_a4_ + _a1_)))));{'d0': {'_a1_': -1.0255676827931326, '_a4_': -0.47469314285271846, '_a7_': 0.8426446039903066, '_a0_': 1.0, '_a2_': 1.0, '_a3_': 1.0, '_a5_': 1.0, '_a6_': 1.0}};{'d0': 0.02490583291941664};-280.569866449044;47.05226979372793
22201;-93.2326634307938;(((x + _a7_) * (x / -(_a4_))) + -(pow3((x * (_a4_ + _a1_)))));{'d0': {'_a1_': -1.0255676827931326, '_a4_': -0.47469314285271846, '_a7_': 0.8426446039903066, '_a0_': 1.0, '_a2_': 1.0, '_a3_': 1.0, '_a5_': 1.0, '_a6_': 1.0}};{'d0': 0.02490583291941664};-280.569866449044;47.05226979372793
22202;-93.2326634307938;(((x + _a7_) * (x / -(_a4_))) + -(pow3((x * (_a4_ + _a1_)))));{'d0': {'_a1_': -1.0255676827931326, '_a4_': -0.47469314285271846, '_a7_': 0.8426446039903066, '_a0_': 1.0, '_a2_': 1.0, '_a3_': 1.0, '_a5_': 1.0, '_a6_': 1.0}};{'d0': 0.02490583291941664};-280.569866449044;47.05226979372793
22203;-87.0466855302460;((_a6_ * _a7_) * -((x * (_a3_ + ((pow2((x + (_a3_ / _a6_))) + _a1_) / _a1_)))));{'d0': {'_a1_': 0.28496923147427244, '_a3_': 0.5032908084277069, '_a6_': 1.6134750740345822, '_a7_': -0.5963977543753372, '_a0_': 1.0, '_a2_': 1.0, '_a4_': 1.0, '_a5_': 1.0}};{'d0': 0.024905832919595826};-276.475521886390;51.19107541294885
22204;-87.0466855302460;((_a6_ * _a7_) * -((x * (_a3_ + ((pow2((x + (_a3_ / _a6_))) + _a1_) / _a1_)))));{'d0': {'_a1_': 0.28496923147427244, '_a3_': 0.5032908084277069, '_a6_': 1.6134750740345822, '_a7_': -0.5963977543753372, '_a0_': 1.0, '_a2_': 1.0, '_a4_': 1.0, '_a5_': 1.0}};{'d0': 0.024905832919595826};-276.475521886390;51.19107541294885
22205;-87.0466855302460;((_a6_ * _a7_) * -((x * (_a3_ + ((pow2((x + (_a3_ / _a6_))) + _a1_) / _a1_)))));{'d0': {'_a1_': 0.28496923147427244, '_a3_': 0.5032908084277069, '_a6_': 1.6134750740345822, '_a7_': -0.5963977543753372, '_a0_': 1.0, '_a2_': 1.0, '_a4_': 1.0, '_a5_': 1.0}};{'d0': 0.024905832919595826};-276.475521886390;51.19107541294885
22206;-86.9633072881512;((_a6_ * _a7_) * -((x * (_a3_ + ((pow2((x + (_a3_ / _a6_))) + _a1_) + _a1_)))));{'d0': {'_a1_': -0.16361684480056435, '_a3_': 0.7556253179378432, '_a6_': 2.422421780137094, '_a7_': -1.3939605858961377, '_a0_': 1.0, '_a2_': 1.0, '_a4_': 1.0, '_a5_': 1.0}};{'d0': 0.02490583292060202};-276.475521883966;51.27445365383165
22207;-86.9633072881512;((_a6_ * _a7_) * -((x * (_a3_ + ((pow2((x + (_a3_ / _a6_))) + _a1_) + _a1_)))));{'d0': {'_a1_': -0.16361684480056435, '_a3_': 0.7556253179378432, '_a6_': 2.422421780137094, '_a7_': -1.3939605858961377, '_a0_': 1.0, '_a2_': 1.0, '_a4_': 1.0, '_a5_': 1.0}};{'d0': 0.02490583292060202};-276.475521883966;51.27445365383165
22208;-86.9633072881512;((_a6_ * _a7_) * -((x * (_a3_ + ((pow2((x + (_a3_ / _a6_))) + _a1_) + _a1_)))));{'d0': {'_a1_': -0.16361684480056435, '_a3_': 0.7556253179378432, '_a6_': 2.422421780137094, '_a7_': -1.3939605858961377, '_a0_': 1.0, '_a2_': 1.0, '_a4_': 1.0, '_a5_': 1.0}};{'d0': 0.02490583292060202};-276.475521883966;51.27445365383165
22209;-86.9633072881512;((_a6_ * _a7_) * -((x * (_a3_ + ((pow2((x + (_a3_ / _a6_))) + _a1_) + _a1_)))));{'d0': {'_a1_': -0.16361684480056435, '_a3_': 0.7556253179378432, '_a6_': 2.422421780137094, '_a7_': -1.3939605858961377, '_a0_': 1.0, '_a2_': 1.0, '_a4_': 1.0, '_a5_': 1.0}};{'d0': 0.02490583292060202};-276.475521883966;51.27445365383165
22210;-86.9633072881512;((_a6_ * _a7_) * -((x * (_a3_ + ((pow2((x + (_a3_ / _a6_))) + _a1_) + _a1_)))));{'d0': {'_a1_': -0.16361684480056435, '_a3_': 0.7556253179378432, '_a6_': 2.422421780137094, '_a7_': -1.3939605858961377, '_a0_': 1.0, '_a2_': 1.0, '_a4_': 1.0, '_a5_': 1.0}};{'d0': 0.02490583292060202};-276.475521883966;51.27445365383165
22211;-86.9633072881512;((_a6_ * _a7_) * -((x * (_a3_ + ((pow2((x + (_a3_ / _a6_))) + _a1_) + _a1_)))));{'d0': {'_a1_': -0.16361684480056435, '_a3_': 0.7556253179378432, '_a6_': 2.422421780137094, '_a7_': -1.3939605858961377, '_a0_': 1.0, '_a2_': 1.0, '_a4_': 1.0, '_a5_': 1.0}};{'d0': 0.02490583292060202};-276.475521883966;51.27445365383165
22212;-86.9633072881512;((_a6_ * _a7_) * -((x * (_a3_ + ((pow2((x + (_a3_ / _a6_))) + _a1_) + _a1_)))));{'d0': {'_a1_': -0.16361684480056435, '_a3_': 0.7556253179378432, '_a6_': 2.422421780137094, '_a7_': -1.3939605858961377, '_a0_': 1.0, '_a2_': 1.0, '_a4_': 1.0, '_a5_': 1.0}};{'d0': 0.02490583292060202};-276.475521883966;51.27445365383165
22213;-86.9633072881512;((_a6_ * _a7_) * -((x * (_a3_ + ((pow2((x + (_a3_ / _a6_))) + _a1_) + _a1_)))));{'d0': {'_a1_': -0.16361684480056435, '_a3_': 0.7556253179378432, '_a6_': 2.422421780137094, '_a7_': -1.3939605858961377, '_a0_': 1.0, '_a2_': 1.0, '_a4_': 1.0, '_a5_': 1.0}};{'d0': 0.02490583292060202};-276.475521883966;51.27445365383165
22214;-86.9633072881512;((_a6_ * _a7_) * -((x * (_a3_ + ((pow2((x + (_a3_ / _a6_))) + _a1_) + _a1_)))));{'d0': {'_a1_': -0.16361684480056435, '_a3_': 0.7556253179378432, '_a6_': 2.422421780137094, '_a7_': -1.3939605858961377, '_a0_': 1.0, '_a2_': 1.0, '_a4_': 1.0, '_a5_': 1.0}};{'d0': 0.02490583292060202};-276.475521883966;51.27445365383165
22215;-86.9633072881512;((_a6_ * _a7_) * -((x * (_a3_ + ((pow2((x + (_a3_ / _a6_))) + _a1_) + _a1_)))));{'d0': {'_a1_': -0.16361684480056435, '_a3_': 0.7556253179378432, '_a6_': 2.422421780137094, '_a7_': -1.3939605858961377, '_a0_': 1.0, '_a2_': 1.0, '_a4_': 1.0, '_a5_': 1.0}};{'d0': 0.02490583292060202};-276.475521883966;51.27445365383165
22216;-86.9633072881512;((_a6_ * _a7_) * -((x * (_a3_ + ((pow2((x + (_a3_ / _a6_))) + _a1_) + _a1_)))));{'d0': {'_a1_': -0.16361684480056435, '_a3_': 0.7556253179378432, '_a6_': 2.422421780137094, '_a7_': -1.3939605858961377, '_a0_': 1.0, '_a2_': 1.0, '_a4_': 1.0, '_a5_': 1.0}};{'d0': 0.02490583292060202};-276.475521883966;51.27445365383165
22217;-86.9633072893280;((_a6_ * _a7_) * -((x * (x + ((pow2((x + (_a3_ / _a6_))) + _a1_) + _a1_)))));{'d0': {'_a1_': 0.24516066849471962, '_a3_': -0.5581255984757009, '_a6_': 2.9676436037868785, '_a7_': -1.1378592451476968, '_a0_': 1.0, '_a2_': 1.0, '_a4_': 1.0, '_a5_': 1.0}};{'d0': 0.02490583291962504};-276.475521886319;51.27445365383165
22218;-86.9633072893280;((_a6_ * _a7_) * -((x * (x + ((pow2((x + (_a3_ / _a6_))) + _a1_) + _a1_)))));{'d0': {'_a1_': 0.24516066849471962, '_a3_': -0.5581255984757009, '_a6_': 2.9676436037868785, '_a7_': -1.1378592451476968, '_a0_': 1.0, '_a2_': 1.0, '_a4_': 1.0, '_a5_': 1.0}};{'d0': 0.02490583291962504};-276.475521886319;51.27445365383165
22219;-86.9633072893280;((_a6_ * _a7_) * -((x * (x + ((pow2((x + (_a3_ / _a6_))) + _a1_) + _a1_)))));{'d0': {'_a1_': 0.24516066849471962, '_a3_': -0.5581255984757009, '_a6_': 2.9676436037868785, '_a7_': -1.1378592451476968, '_a0_': 1.0, '_a2_': 1.0, '_a4_': 1.0, '_a5_': 1.0}};{'d0': 0.02490583291962504};-276.475521886319;51.27445365383165
22220;-86.9633072893280;((_a6_ * _a7_) * -((x * (x + ((pow2((x + (_a3_ / _a6_))) + _a1_) + _a1_)))));{'d0': {'_a1_': 0.24516066849471962, '_a3_': -0.5581255984757009, '_a6_': 2.9676436037868785, '_a7_': -1.1378592451476968, '_a0_': 1.0, '_a2_': 1.0, '_a4_': 1.0, '_a5_': 1.0}};{'d0': 0.02490583291962504};-276.475521886319;51.27445365383165
22221;-86.9633072893280;((_a6_ * _a7_) * -((x * (x + ((pow2((x + (_a3_ / _a6_))) + _a1_) + _a1_)))));{'d0': {'_a1_': 0.24516066849471962, '_a3_': -0.5581255984757009, '_a6_': 2.9676436037868785, '_a7_': -1.1378592451476968, '_a0_': 1.0, '_a2_': 1.0, '_a4_': 1.0, '_a5_': 1.0}};{'d0': 0.02490583291962504};-276.475521886319;51.27445365383165
22222;-86.9633072893280;((_a6_ * _a7_) * -((x * (x + ((pow2((x + (_a3_ / _a6_))) + _a1_) + _a1_)))));{'d0': {'_a1_': 0.24516066849471962, '_a3_': -0.5581255984757009, '_a6_': 2.9676436037868785, '_a7_': -1.1378592451476968, '_a0_': 1.0, '_a2_': 1.0, '_a4_': 1.0, '_a5_': 1.0}};{'d0': 0.02490583291962504};-276.475521886319;51.27445365383165
22223;-86.8429980068226;((_a6_ * _a7_) * -((x * (x + ((pow2((x + (_a3_ + _a6_))) + _a1_) + _a1_)))));{'d0': {'_a1_': 0.2451606677500491, '_a3_': -2.5148931349744927, '_a6_': 2.3268228427108566, '_a7_': -1.45123242674653, '_a0_': 1.0, '_a2_': 1.0, '_a4_': 1.0, '_a5_': 1.0}};{'d0': 0.02490583291952357};-276.475521886564;51.39476293645925
22224;-86.8429980068226;((_a6_ * _a7_) * -((x * (x + ((pow2((x + (_a3_ + _a6_))) + _a1_) + _a1_)))));{'d0': {'_a1_': 0.2451606677500491, '_a3_': -2.5148931349744927, '_a6_': 2.3268228427108566, '_a7_': -1.45123242674653, '_a0_': 1.0, '_a2_': 1.0, '_a4_': 1.0, '_a5_': 1.0}};{'d0': 0.02490583291952357};-276.475521886564;51.39476293645925
22225;-86.8429980068226;((_a6_ * _a7_) * -((x * (x + ((pow2((x + (_a3_ + _a6_))) + _a1_) + _a1_)))));{'d0': {'_a1_': 0.2451606677500491, '_a3_': -2.5148931349744927, '_a6_': 2.3268228427108566, '_a7_': -1.45123242674653, '_a0_': 1.0, '_a2_': 1.0, '_a4_': 1.0, '_a5_': 1.0}};{'d0': 0.02490583291952357};-276.475521886564;51.39476293645925
22226;-86.8429980068226;((_a6_ * _a7_) * -((x * (x + ((pow2((x + (_a3_ + _a6_))) + _a1_) + _a1_)))));{'d0': {'_a1_': 0.2451606677500491, '_a3_': -2.5148931349744927, '_a6_': 2.3268228427108566, '_a7_': -1.45123242674653, '_a0_': 1.0, '_a2_': 1.0, '_a4_': 1.0, '_a5_': 1.0}};{'d0': 0.02490583291952357};-276.475521886564;51.39476293645925
22227;-86.8429980068226;((_a6_ * _a7_) * -((x * (x + ((pow2((x + (_a3_ + _a6_))) + _a1_) + _a1_)))));{'d0': {'_a1_': 0.2451606677500491, '_a3_': -2.5148931349744927, '_a6_': 2.3268228427108566, '_a7_': -1.45123242674653, '_a0_': 1.0, '_a2_': 1.0, '_a4_': 1.0, '_a5_': 1.0}};{'d0': 0.02490583291952357};-276.475521886564;51.39476293645925
22228;-86.8429980068226;((_a6_ * _a7_) * -((x * (x + ((pow2((x + (_a3_ + _a6_))) + _a1_) + _a1_)))));{'d0': {'_a1_': 0.2451606677500491, '_a3_': -2.5148931349744927, '_a6_': 2.3268228427108566, '_a7_': -1.45123242674653, '_a0_': 1.0, '_a2_': 1.0, '_a4_': 1.0, '_a5_': 1.0}};{'d0': 0.02490583291952357};-276.475521886564;51.39476293645925
22229;-86.8429980068226;((_a6_ * _a7_) * -((x * (x + ((pow2((x + (_a3_ + _a6_))) + _a1_) + _a1_)))));{'d0': {'_a1_': 0.2451606677500491, '_a3_': -2.5148931349744927, '_a6_': 2.3268228427108566, '_a7_': -1.45123242674653, '_a0_': 1.0, '_a2_': 1.0, '_a4_': 1.0, '_a5_': 1.0}};{'d0': 0.02490583291952357};-276.475521886564;51.39476293645925
22230;-86.8429980068226;((_a6_ * _a7_) * -((x * (x + ((pow2((x + (_a3_ + _a6_))) + _a1_) + _a1_)))));{'d0': {'_a1_': 0.2451606677500491, '_a3_': -2.5148931349744927, '_a6_': 2.3268228427108566, '_a7_': -1.45123242674653, '_a0_': 1.0, '_a2_': 1.0, '_a4_': 1.0, '_a5_': 1.0}};{'d0': 0.02490583291952357};-276.475521886564;51.39476293645925
22231;-86.8429980068226;((_a6_ * _a7_) * -((x * (x + ((pow2((x + (_a3_ + _a6_))) + _a1_) + _a1_)))));{'d0': {'_a1_': 0.2451606677500491, '_a3_': -2.5148931349744927, '_a6_': 2.3268228427108566, '_a7_': -1.45123242674653, '_a0_': 1.0, '_a2_': 1.0, '_a4_': 1.0, '_a5_': 1.0}};{'d0': 0.02490583291952357};-276.475521886564;51.39476293645925
22232;-86.8429980068226;((_a6_ * _a7_) * -((x * (x + ((pow2((x + (_a3_ + _a6_))) + _a1_) + _a1_)))));{'d0': {'_a1_': 0.2451606677500491, '_a3_': -2.5148931349744927, '_a6_': 2.3268228427108566, '_a7_': -1.45123242674653, '_a0_': 1.0, '_a2_': 1.0, '_a4_': 1.0, '_a5_': 1.0}};{'d0': 0.02490583291952357};-276.475521886564;51.39476293645925
22233;-86.8429980068226;((_a6_ * _a7_) * -((x * (x + ((pow2((x + (_a3_ + _a6_))) + _a1_) + _a1_)))));{'d0': {'_a1_': 0.2451606677500491, '_a3_': -2.5148931349744927, '_a6_': 2.3268228427108566, '_a7_': -1.45123242674653, '_a0_': 1.0, '_a2_': 1.0, '_a4_': 1.0, '_a5_': 1.0}};{'d0': 0.02490583291952357};-276.475521886564;51.39476293645925
22234;-86.8429980068226;((_a6_ * _a7_) * -((x * (x + ((pow2((x + (_a3_ + _a6_))) + _a1_) + _a1_)))));{'d0': {'_a1_': 0.2451606677500491, '_a3_': -2.5148931349744927, '_a6_': 2.3268228427108566, '_a7_': -1.45123242674653, '_a0_': 1.0, '_a2_': 1.0, '_a4_': 1.0, '_a5_': 1.0}};{'d0': 0.02490583291952357};-276.475521886564;51.39476293645925
22235;-86.8429980068226;((_a6_ * _a7_) * -((x * (x + ((pow2((x + (_a3_ + _a6_))) + _a1_) + _a1_)))));{'d0': {'_a1_': 0.2451606677500491, '_a3_': -2.5148931349744927, '_a6_': 2.3268228427108566, '_a7_': -1.45123242674653, '_a0_': 1.0, '_a2_': 1.0, '_a4_': 1.0, '_a5_': 1.0}};{'d0': 0.02490583291952357};-276.475521886564;51.39476293645925
22236;-86.8429980068226;((_a6_ * _a7_) * -((x * (x + ((pow2((x + (_a3_ + _a6_))) + _a1_) + _a1_)))));{'d0': {'_a1_': 0.2451606677500491, '_a3_': -2.5148931349744927, '_a6_': 2.3268228427108566, '_a7_': -1.45123242674653, '_a0_': 1.0, '_a2_': 1.0, '_a4_': 1.0, '_a5_': 1.0}};{'d0': 0.02490583291952357};-276.475521886564;51.39476293645925
22237;-86.8429980068226;((_a6_ * _a7_) * -((x * (x + ((pow2((x + (_a3_ + _a6_))) + _a1_) + _a1_)))));{'d0': {'_a1_': 0.2451606677500491, '_a3_': -2.5148931349744927, '_a6_': 2.3268228427108566, '_a7_': -1.45123242674653, '_a0_': 1.0, '_a2_': 1.0, '_a4_': 1.0, '_a5_': 1.0}};{'d0': 0.02490583291952357};-276.475521886564;51.39476293645925
22238;-86.8429979786560;((_a6_ * _a7_) * -((x * (x + ((pow2((x + (_a3_ + x))) + _a1_) + _a1_)))));{'d0': {'_a1_': 0.9814981100625905, '_a3_': 0.37385941577501214, '_a6_': 0.7920611673387012, '_a7_': -1.0658138767035887, '_a0_': 1.0, '_a2_': 1.0, '_a4_': 1.0, '_a5_': 1.0}};{'d0': 0.024905832942907286};-276.475521830231;51.39476293645925
22239;-93.7671529271975;(_a6_ * -((x * (x + ((pow2((x + (_a3_ + x))) + _a1_) + _a1_)))));{'d0': {'_a1_': 0.981498109998856, '_a3_': 0.3738594157844092, '_a6_': -0.8441902193767356, '_a0_': 1.0, '_a2_': 1.0, '_a4_': 1.0, '_a5_': 1.0, '_a7_': 1.0}};{'d0': 0.024905832919416573};-280.569866449044;46.51778029732425
22240;-93.7671529271975;(_a6_ * -((x * (x + ((pow2((x + (_a3_ + x))) + _a1_) + _a1_)))));{'d0': {'_a1_': 0.981498109998856, '_a3_': 0.3738594157844092, '_a6_': -0.8441902193767356, '_a0_': 1.0, '_a2_': 1.0, '_a4_': 1.0, '_a5_': 1.0, '_a7_': 1.0}};{'d0': 0.024905832919416573};-280.569866449044;46.51778029732425
22241;-93.7671529271975;(_a6_ * -((x * (x + ((pow2((x + (_a3_ + x))) + _a1_) + _a1_)))));{'d0': {'_a1_': 0.981498109998856, '_a3_': 0.3738594157844092, '_a6_': -0.8441902193767356, '_a0_': 1.0, '_a2_': 1.0, '_a4_': 1.0, '_a5_': 1.0, '_a7_': 1.0}};{'d0': 0.024905832919416573};-280.569866449044;46.51778029732425
22242;-93.7671529271975;(_a6_ * -((x * (x + ((pow2((x + (_a3_ + x))) + _a1_) + _a1_)))));{'d0': {'_a1_': 0.981498109998856, '_a3_': 0.3738594157844092, '_a6_': -0.8441902193767356, '_a0_': 1.0, '_a2_': 1.0, '_a4_': 1.0, '_a5_': 1.0, '_a7_': 1.0}};{'d0': 0.024905832919416573};-280.569866449044;46.51778029732425
22243;-93.7671529271975;(_a6_ * -((x * (x + ((pow2((x + (_a3_ + x))) + _a1_) + _a1_)))));{'d0': {'_a1_': 0.981498109998856, '_a3_': 0.3738594157844092, '_a6_': -0.8441902193767356, '_a0_': 1.0, '_a2_': 1.0, '_a4_': 1.0, '_a5_': 1.0, '_a7_': 1.0}};{'d0': 0.024905832919416573};-280.569866449044;46.51778029732425
22244;-93.7671529271975;(_a6_ * -((x * (x + ((pow2((x + (_a3_ + x))) + _a1_) + _a1_)))));{'d0': {'_a1_': 0.981498109998856, '_a3_': 0.3738594157844092, '_a6_': -0.8441902193767356, '_a0_': 1.0, '_a2_': 1.0, '_a4_': 1.0, '_a5_': 1.0, '_a7_': 1.0}};{'d0': 0.024905832919416573};-280.569866449044;46.51778029732425
22245;-90.6432542773609;(_a1_ * ((x * pow2(((_a2_ / _a4_) * ((_a2_ + x) + (_a3_ + _a2_))))) + x));{'d0': {'_a1_': 1.4465766276297263, '_a2_': -267.0889229187299, '_a3_': 534.4897765152824, '_a4_': -174.81409898326797, '_a0_': 1.0, '_a5_': 1.0, '_a6_': 1.0, '_a7_': 1.0}};{'d0': 0.02490583306260721};-276.475521541865;47.594506493571366
22246;-90.6432542773609;(_a1_ * ((x * pow2(((_a2_ / _a4_) * ((_a2_ + x) + (_a3_ + _a2_))))) + x));{'d0': {'_a1_': 1.4465766276297263, '_a2_': -267.0889229187299, '_a3_': 534.4897765152824, '_a4_': -174.81409898326797, '_a0_': 1.0, '_a5_': 1.0, '_a6_': 1.0, '_a7_': 1.0}};{'d0': 0.02490583306260721};-276.475521541865;47.594506493571366
22247;-92.6904267309503;(_a1_ * ((x * pow2(((_a2_ / _a3_) * ((_a2_ + x) + (_a3_ + _a2_))))) + x));{'d0': {'_a1_': 1.4465760900501468, '_a2_': 0.23183462957257212, '_a3_': -0.15173955126681093, '_a0_': 1.0, '_a4_': 1.0, '_a5_': 1.0, '_a6_': 1.0, '_a7_': 1.0}};{'d0': 0.02490583291941665};-280.569866449044;47.594506493571366
22248;-92.6904267309503;(_a1_ * ((x * pow2(((_a2_ / _a3_) * ((_a2_ + x) + (_a3_ + _a2_))))) + x));{'d0': {'_a1_': 1.4465760900501468, '_a2_': 0.23183462957257212, '_a3_': -0.15173955126681093, '_a0_': 1.0, '_a4_': 1.0, '_a5_': 1.0, '_a6_': 1.0, '_a7_': 1.0}};{'d0': 0.02490583291941665};-280.569866449044;47.594506493571366
22249;-92.6904267309503;(_a1_ * ((x * pow2(((_a2_ / _a3_) * ((_a2_ + x) + (_a3_ + _a2_))))) + x));{'d0': {'_a1_': 1.4465760900501468, '_a2_': 0.23183462957257212, '_a3_': -0.15173955126681093, '_a0_': 1.0, '_a4_': 1.0, '_a5_': 1.0, '_a6_': 1.0, '_a7_': 1.0}};{'d0': 0.02490583291941665};-280.569866449044;47.594506493571366
22250;-96.4435461813783;(_a1_ * ((x * pow2((_a6_ * ((_a2_ + x) + (_a3_ + _a2_))))) + x));{'d0': {'_a1_': 1.446576617096318, '_a2_': 147.0358694658187, '_a3_': -293.7598095041085, '_a6_': 1.5278454783944453, '_a0_': 1.0, '_a4_': 1.0, '_a5_': 1.0, '_a7_': 1.0}};{'d0': 0.02490583294836001};-276.475521817095;41.79421472716896
22251;-96.4435461813783;(_a1_ * ((x * pow2((_a6_ * ((_a2_ + x) + (_a3_ + _a2_))))) + x));{'d0': {'_a1_': 1.446576617096318, '_a2_': 147.0358694658187, '_a3_': -293.7598095041085, '_a6_': 1.5278454783944453, '_a0_': 1.0, '_a4_': 1.0, '_a5_': 1.0, '_a7_': 1.0}};{'d0': 0.02490583294836001};-276.475521817095;41.79421472716896
22252;-95.4553300072138;(((x + -(_a0_)) * (x / pow2(_a4_))) + -(pow3((x * _a5_))));{'d0': {'_a0_': -0.8426446038182677, '_a4_': -0.6889797840083413, '_a5_': -1.5002608257235637, '_a1_': 1.0, '_a2_': 1.0, '_a3_': 1.0, '_a6_': 1.0, '_a7_': 1.0}};{'d0': 0.02490583291941664};-280.569866449044;44.829603217307934
22253;-95.4553300072138;(((x + -(_a0_)) * (x / pow2(_a4_))) + -(pow3((x * _a5_))));{'d0': {'_a0_': -0.8426446038182677, '_a4_': -0.6889797840083413, '_a5_': -1.5002608257235637, '_a1_': 1.0, '_a2_': 1.0, '_a3_': 1.0, '_a6_': 1.0, '_a7_': 1.0}};{'d0': 0.02490583291941664};-280.569866449044;44.829603217307934
22254;-96.4435461813783;(_a1_ * ((x * pow2((_a6_ * ((_a2_ + x) + (_a3_ + _a2_))))) + x));{'d0': {'_a1_': 1.446576617096318, '_a2_': 147.0358694658187, '_a3_': -293.7598095041085, '_a6_': 1.5278454783944453, '_a0_': 1.0, '_a4_': 1.0, '_a5_': 1.0, '_a7_': 1.0}};{'d0': 0.02490583294836001};-276.475521817095;41.79421472716896
22255;-96.4435461813783;(_a1_ * ((x * pow2((_a6_ * ((_a2_ + x) + (_a3_ + _a2_))))) + x));{'d0': {'_a1_': 1.446576617096318, '_a2_': 147.0358694658187, '_a3_': -293.7598095041085, '_a6_': 1.5278454783944453, '_a0_': 1.0, '_a4_': 1.0, '_a5_': 1.0, '_a7_': 1.0}};{'d0': 0.02490583294836001};-276.475521817095;41.79421472716896
22256;-96.4435461813783;(_a1_ * ((x * pow2((_a6_ * ((_a2_ + x) + (_a3_ + _a2_))))) + x));{'d0': {'_a1_': 1.446576617096318, '_a2_': 147.0358694658187, '_a3_': -293.7598095041085, '_a6_': 1.5278454783944453, '_a0_': 1.0, '_a4_': 1.0, '_a5_': 1.0, '_a7_': 1.0}};{'d0': 0.02490583294836001};-276.475521817095;41.79421472716896
22257;-96.4435461813783;(_a1_ * ((x * pow2((_a6_ * ((_a2_ + x) + (_a3_ + _a2_))))) + x));{'d0': {'_a1_': 1.446576617096318, '_a2_': 147.0358694658187, '_a3_': -293.7598095041085, '_a6_': 1.5278454783944453, '_a0_': 1.0, '_a4_': 1.0, '_a5_': 1.0, '_a7_': 1.0}};{'d0': 0.02490583294836001};-276.475521817095;41.79421472716896
22258;-96.4435461813783;(_a1_ * ((x * pow2((_a6_ * ((_a2_ + x) + (_a3_ + _a2_))))) + x));{'d0': {'_a1_': 1.446576617096318, '_a2_': 147.0358694658187, '_a3_': -293.7598095041085, '_a6_': 1.5278454783944453, '_a0_': 1.0, '_a4_': 1.0, '_a5_': 1.0, '_a7_': 1.0}};{'d0': 0.02490583294836001};-276.475521817095;41.79421472716896
22259;-96.4435461813783;(_a1_ * ((x * pow2((_a6_ * ((_a2_ + x) + (_a3_ + _a2_))))) + x));{'d0': {'_a1_': 1.446576617096318, '_a2_': 147.0358694658187, '_a3_': -293.7598095041085, '_a6_': 1.5278454783944453, '_a0_': 1.0, '_a4_': 1.0, '_a5_': 1.0, '_a7_': 1.0}};{'d0': 0.02490583294836001};-276.475521817095;41.79421472716896
22260;-96.4435461813783;(_a1_ * ((x * pow2((_a6_ * ((_a2_ + x) + (_a3_ + _a2_))))) + x));{'d0': {'_a1_': 1.446576617096318, '_a2_': 147.0358694658187, '_a3_': -293.7598095041085, '_a6_': 1.5278454783944453, '_a0_': 1.0, '_a4_': 1.0, '_a5_': 1.0, '_a7_': 1.0}};{'d0': 0.02490583294836001};-276.475521817095;41.79421472716896
22261;-96.4435461813783;(_a1_ * ((x * pow2((_a6_ * ((_a2_ + x) + (_a3_ + _a2_))))) + x));{'d0': {'_a1_': 1.446576617096318, '_a2_': 147.0358694658187, '_a3_': -293.7598095041085, '_a6_': 1.5278454783944453, '_a0_': 1.0, '_a4_': 1.0, '_a5_': 1.0, '_a7_': 1.0}};{'d0': 0.02490583294836001};-276.475521817095;41.79421472716896
22262;-96.4435461813783;(_a1_ * ((x * pow2((_a6_ * ((_a2_ + x) + (_a3_ + _a2_))))) + x));{'d0': {'_a1_': 1.446576617096318, '_a2_': 147.0358694658187, '_a3_': -293.7598095041085, '_a6_': 1.5278454783944453, '_a0_': 1.0, '_a4_': 1.0, '_a5_': 1.0, '_a7_': 1.0}};{'d0': 0.02490583294836001};-276.475521817095;41.79421472716896
22263;-96.4435461813783;(_a1_ * ((x * pow2((_a6_ * ((_a2_ + x) + (_a3_ + _a2_))))) + x));{'d0': {'_a1_': 1.446576617096318, '_a2_': 147.0358694658187, '_a3_': -293.7598095041085, '_a6_': 1.5278454783944453, '_a0_': 1.0, '_a4_': 1.0, '_a5_': 1.0, '_a7_': 1.0}};{'d0': 0.02490583294836001};-276.475521817095;41.79421472716896
22264;-91.4942062904301;((_a7_ * _a3_) * ((x * pow2((_a6_ * ((_a2_ + x) + (_a3_ + _a2_))))) + x));{'d0': {'_a2_': -1.404446439943237, '_a3_': 3.120822587707254, '_a6_': 1.5278457571188682, '_a7_': 0.46352394780175005, '_a0_': 1.0, '_a1_': 1.0, '_a4_': 1.0, '_a5_': 1.0}};{'d0': 0.024905832919711008};-276.475521886112;46.74355465262596
22265;-91.4942062904301;((_a7_ * _a3_) * ((x * pow2((_a6_ * ((_a2_ + x) + (_a3_ + _a2_))))) + x));{'d0': {'_a2_': -1.404446439943237, '_a3_': 3.120822587707254, '_a6_': 1.5278457571188682, '_a7_': 0.46352394780175005, '_a0_': 1.0, '_a1_': 1.0, '_a4_': 1.0, '_a5_': 1.0}};{'d0': 0.024905832919711008};-276.475521886112;46.74355465262596
22266;-91.4942062904301;((_a7_ * _a3_) * ((x * pow2((_a6_ * ((_a2_ + x) + (_a3_ + _a2_))))) + x));{'d0': {'_a2_': -1.404446439943237, '_a3_': 3.120822587707254, '_a6_': 1.5278457571188682, '_a7_': 0.46352394780175005, '_a0_': 1.0, '_a1_': 1.0, '_a4_': 1.0, '_a5_': 1.0}};{'d0': 0.024905832919711008};-276.475521886112;46.74355465262596
22267;-91.4942062904301;((_a7_ * _a3_) * ((x * pow2((_a6_ * ((_a2_ + x) + (_a3_ + _a2_))))) + x));{'d0': {'_a2_': -1.404446439943237, '_a3_': 3.120822587707254, '_a6_': 1.5278457571188682, '_a7_': 0.46352394780175005, '_a0_': 1.0, '_a1_': 1.0, '_a4_': 1.0, '_a5_': 1.0}};{'d0': 0.024905832919711008};-276.475521886112;46.74355465262596
22268;-91.4942062904301;((_a7_ * _a3_) * ((x * pow2((_a6_ * ((_a2_ + x) + (_a3_ + _a2_))))) + x));{'d0': {'_a2_': -1.404446439943237, '_a3_': 3.120822587707254, '_a6_': 1.5278457571188682, '_a7_': 0.46352394780175005, '_a0_': 1.0, '_a1_': 1.0, '_a4_': 1.0, '_a5_': 1.0}};{'d0': 0.024905832919711008};-276.475521886112;46.74355465262596
22269;-91.4942062904301;((_a7_ * _a3_) * ((x * pow2((_a6_ * ((_a2_ + x) + (_a3_ + _a2_))))) + x));{'d0': {'_a2_': -1.404446439943237, '_a3_': 3.120822587707254, '_a6_': 1.5278457571188682, '_a7_': 0.46352394780175005, '_a0_': 1.0, '_a1_': 1.0, '_a4_': 1.0, '_a5_': 1.0}};{'d0': 0.024905832919711008};-276.475521886112;46.74355465262596
22270;-91.4942062674089;((_a7_ * _a3_) * ((x * pow2((_a6_ * ((_a3_ + x) + (_a3_ + _a2_))))) + x));{'d0': {'_a2_': -3.594970321938075, '_a3_': 1.953450014832982, '_a6_': -1.527845758336966, '_a7_': 0.7405233810738565, '_a0_': 1.0, '_a1_': 1.0, '_a4_': 1.0, '_a5_': 1.0}};{'d0': 0.024905832938823064};-276.475521840070;46.74355465262596
22271;-91.4942062674089;((_a7_ * _a3_) * ((x * pow2((_a6_ * ((_a3_ + x) + (_a3_ + _a2_))))) + x));{'d0': {'_a2_': -3.594970321938075, '_a3_': 1.953450014832982, '_a6_': -1.527845758336966, '_a7_': 0.7405233810738565, '_a0_': 1.0, '_a1_': 1.0, '_a4_': 1.0, '_a5_': 1.0}};{'d0': 0.024905832938823064};-276.475521840070;46.74355465262596
22272;-91.4942062674089;((_a7_ * _a3_) * ((x * pow2((_a6_ * ((_a3_ + x) + (_a3_ + _a2_))))) + x));{'d0': {'_a2_': -3.594970321938075, '_a3_': 1.953450014832982, '_a6_': -1.527845758336966, '_a7_': 0.7405233810738565, '_a0_': 1.0, '_a1_': 1.0, '_a4_': 1.0, '_a5_': 1.0}};{'d0': 0.024905832938823064};-276.475521840070;46.74355465262596
22273;-91.4942062674089;((_a7_ * _a3_) * ((x * pow2((_a6_ * ((_a3_ + x) + (_a3_ + _a2_))))) + x));{'d0': {'_a2_': -3.594970321938075, '_a3_': 1.953450014832982, '_a6_': -1.527845758336966, '_a7_': 0.7405233810738565, '_a0_': 1.0, '_a1_': 1.0, '_a4_': 1.0, '_a5_': 1.0}};{'d0': 0.024905832938823064};-276.475521840070;46.74355465262596
22274;-91.4942062674089;((_a7_ * _a3_) * ((x * pow2((_a6_ * ((_a3_ + x) + (_a3_ + _a2_))))) + x));{'d0': {'_a2_': -3.594970321938075, '_a3_': 1.953450014832982, '_a6_': -1.527845758336966, '_a7_': 0.7405233810738565, '_a0_': 1.0, '_a1_': 1.0, '_a4_': 1.0, '_a5_': 1.0}};{'d0': 0.024905832938823064};-276.475521840070;46.74355465262596
22275;-92.3931101277047;((_a7_ * _a3_) * ((x * pow2((_a6_ * ((_a3_ + x) * (_a3_ + _a2_))))) + x));{'d0': {'_a2_': -3.140610267186709, '_a3_': 0.31192970784756396, '_a6_': 0.5401266163468612, '_a7_': 4.637506634352835, '_a0_': 1.0, '_a1_': 1.0, '_a4_': 1.0, '_a5_': 1.0}};{'d0': 0.024905832919691378};-276.475521886160;45.84465081537496
22276;-92.3931101277047;((_a7_ * _a3_) * ((x * pow2((_a6_ * ((_a3_ + x) * (_a3_ + _a2_))))) + x));{'d0': {'_a2_': -3.140610267186709, '_a3_': 0.31192970784756396, '_a6_': 0.5401266163468612, '_a7_': 4.637506634352835, '_a0_': 1.0, '_a1_': 1.0, '_a4_': 1.0, '_a5_': 1.0}};{'d0': 0.024905832919691378};-276.475521886160;45.84465081537496
22277;-92.3931101277047;((_a7_ * _a3_) * ((x * pow2((_a6_ * ((_a3_ + x) * (_a3_ + _a2_))))) + x));{'d0': {'_a2_': -3.140610267186709, '_a3_': 0.31192970784756396, '_a6_': 0.5401266163468612, '_a7_': 4.637506634352835, '_a0_': 1.0, '_a1_': 1.0, '_a4_': 1.0, '_a5_': 1.0}};{'d0': 0.024905832919691378};-276.475521886160;45.84465081537496
22278;-86.5928183613324;((_a7_ * _a3_) * ((x * pow2((_a6_ * (((_a7_ / _a6_) + x) * (_a3_ + _a2_))))) + x));{'d0': {'_a2_': -0.7536153519458383, '_a3_': 1.123883385875794, '_a6_': 4.126323565449661, '_a7_': 1.2871229038995624, '_a0_': 1.0, '_a1_': 1.0, '_a4_': 1.0, '_a5_': 1.0}};{'d0': 0.024905832919666446};-276.475521886220;51.644942581777364
22279;-86.5928183613324;((_a7_ * _a3_) * ((x * pow2((_a6_ * (((_a7_ / _a6_) + x) * (_a3_ + _a2_))))) + x));{'d0': {'_a2_': -0.7536153519458383, '_a3_': 1.123883385875794, '_a6_': 4.126323565449661, '_a7_': 1.2871229038995624, '_a0_': 1.0, '_a1_': 1.0, '_a4_': 1.0, '_a5_': 1.0}};{'d0': 0.024905832919666446};-276.475521886220;51.644942581777364
22280;-86.5928183613324;((_a7_ * _a3_) * ((x * pow2((_a6_ * (((_a7_ / _a6_) + x) * (_a3_ + _a2_))))) + x));{'d0': {'_a2_': -0.7536153519458383, '_a3_': 1.123883385875794, '_a6_': 4.126323565449661, '_a7_': 1.2871229038995624, '_a0_': 1.0, '_a1_': 1.0, '_a4_': 1.0, '_a5_': 1.0}};{'d0': 0.024905832919666446};-276.475521886220;51.644942581777364
22281;-86.5928183613324;((_a7_ * _a3_) * ((x * pow2((_a6_ * (((_a7_ / _a6_) + x) * (_a3_ + _a2_))))) + x));{'d0': {'_a2_': -0.7536153519458383, '_a3_': 1.123883385875794, '_a6_': 4.126323565449661, '_a7_': 1.2871229038995624, '_a0_': 1.0, '_a1_': 1.0, '_a4_': 1.0, '_a5_': 1.0}};{'d0': 0.024905832919666446};-276.475521886220;51.644942581777364
22282;-86.5928183613324;((_a7_ * _a3_) * ((x * pow2((_a6_ * (((_a7_ / _a6_) + x) * (_a3_ + _a2_))))) + x));{'d0': {'_a2_': -0.7536153519458383, '_a3_': 1.123883385875794, '_a6_': 4.126323565449661, '_a7_': 1.2871229038995624, '_a0_': 1.0, '_a1_': 1.0, '_a4_': 1.0, '_a5_': 1.0}};{'d0': 0.024905832919666446};-276.475521886220;51.644942581777364
22283;-86.5928183613324;((_a7_ * _a3_) * ((x * pow2((_a6_ * (((_a7_ / _a6_) + x) * (_a3_ + _a2_))))) + x));{'d0': {'_a2_': -0.7536153519458383, '_a3_': 1.123883385875794, '_a6_': 4.126323565449661, '_a7_': 1.2871229038995624, '_a0_': 1.0, '_a1_': 1.0, '_a4_': 1.0, '_a5_': 1.0}};{'d0': 0.024905832919666446};-276.475521886220;51.644942581777364
22284;-86.5928183613324;((_a7_ * _a3_) * ((x * pow2((_a6_ * (((_a7_ / _a6_) + x) * (_a3_ + _a2_))))) + x));{'d0': {'_a2_': -0.7536153519458383, '_a3_': 1.123883385875794, '_a6_': 4.126323565449661, '_a7_': 1.2871229038995624, '_a0_': 1.0, '_a1_': 1.0, '_a4_': 1.0, '_a5_': 1.0}};{'d0': 0.024905832919666446};-276.475521886220;51.644942581777364
22285;-86.5928183613324;((_a7_ * _a3_) * ((x * pow2((_a6_ * (((_a7_ / _a6_) + x) * (_a3_ + _a2_))))) + x));{'d0': {'_a2_': -0.7536153519458383, '_a3_': 1.123883385875794, '_a6_': 4.126323565449661, '_a7_': 1.2871229038995624, '_a0_': 1.0, '_a1_': 1.0, '_a4_': 1.0, '_a5_': 1.0}};{'d0': 0.024905832919666446};-276.475521886220;51.644942581777364
22286;-86.5928183613324;((_a7_ * _a3_) * ((x * pow2((_a6_ * (((_a7_ / _a6_) + x) * (_a3_ + _a2_))))) + x));{'d0': {'_a2_': -0.7536153519458383, '_a3_': 1.123883385875794, '_a6_': 4.126323565449661, '_a7_': 1.2871229038995624, '_a0_': 1.0, '_a1_': 1.0, '_a4_': 1.0, '_a5_': 1.0}};{'d0': 0.024905832919666446};-276.475521886220;51.644942581777364
22287;-86.5928183613324;((_a7_ * _a3_) * ((x * pow2((_a6_ * (((_a7_ / _a6_) + x) * (_a3_ + _a2_))))) + x));{'d0': {'_a2_': -0.7536153519458383, '_a3_': 1.123883385875794, '_a6_': 4.126323565449661, '_a7_': 1.2871229038995624, '_a0_': 1.0, '_a1_': 1.0, '_a4_': 1.0, '_a5_': 1.0}};{'d0': 0.024905832919666446};-276.475521886220;51.644942581777364
22288;-86.5928183613324;((_a7_ * _a3_) * ((x * pow2((_a6_ * (((_a7_ / _a6_) + x) * (_a3_ + _a2_))))) + x));{'d0': {'_a2_': -0.7536153519458383, '_a3_': 1.123883385875794, '_a6_': 4.126323565449661, '_a7_': 1.2871229038995624, '_a0_': 1.0, '_a1_': 1.0, '_a4_': 1.0, '_a5_': 1.0}};{'d0': 0.024905832919666446};-276.475521886220;51.644942581777364
22289;-84.9798694769478;((_a7_ * _a3_) * ((x * pow2((_a6_ * ((exp(_a1_) + x) * (_a3_ + _a2_))))) + x));{'d0': {'_a1_': -1.1649774119565308, '_a2_': -0.6282703252692191, '_a3_': 1.049335827448818, '_a6_': 3.628516532430033, '_a7_': 1.3785635175047048, '_a0_': 1.0, '_a4_': 1.0, '_a5_': 1.0}};{'d0': 0.02490583311477541};-272.381176853966;51.210718950034966
22290;-86.6826710632850;(exp(_a6_) * ((x * pow2((_a6_ * ((exp(_a1_) + x) * (_a3_ + _a2_))))) + x));{'d0': {'_a1_': -1.1649774125407815, '_a2_': -15124.03743018301, '_a3_': 15128.175698086383, '_a6_': 0.36919944598362003, '_a0_': 1.0, '_a4_': 1.0, '_a5_': 1.0, '_a7_': 1.0}};{'d0': 0.024905832925402088};-276.475521872402;51.555089872915964
22291;-86.6826710632850;(exp(_a6_) * ((x * pow2((_a6_ * ((exp(_a1_) + x) * (_a3_ + _a2_))))) + x));{'d0': {'_a1_': -1.1649774125407815, '_a2_': -15124.03743018301, '_a3_': 15128.175698086383, '_a6_': 0.36919944598362003, '_a0_': 1.0, '_a4_': 1.0, '_a5_': 1.0, '_a7_': 1.0}};{'d0': 0.024905832925402088};-276.475521872402;51.555089872915964
22292;-86.6826710632850;(exp(_a6_) * ((x * pow2((_a6_ * ((exp(_a1_) + x) * (_a3_ + _a2_))))) + x));{'d0': {'_a1_': -1.1649774125407815, '_a2_': -15124.03743018301, '_a3_': 15128.175698086383, '_a6_': 0.36919944598362003, '_a0_': 1.0, '_a4_': 1.0, '_a5_': 1.0, '_a7_': 1.0}};{'d0': 0.024905832925402088};-276.475521872402;51.555089872915964
22293;-86.6826710632850;(exp(_a6_) * ((x * pow2((_a6_ * ((exp(_a1_) + x) * (_a3_ + _a2_))))) + x));{'d0': {'_a1_': -1.1649774125407815, '_a2_': -15124.03743018301, '_a3_': 15128.175698086383, '_a6_': 0.36919944598362003, '_a0_': 1.0, '_a4_': 1.0, '_a5_': 1.0, '_a7_': 1.0}};{'d0': 0.024905832925402088};-276.475521872402;51.555089872915964
22294;-86.6826710632850;(exp(_a6_) * ((x * pow2((_a6_ * ((exp(_a1_) + x) * (_a3_ + _a2_))))) + x));{'d0': {'_a1_': -1.1649774125407815, '_a2_': -15124.03743018301, '_a3_': 15128.175698086383, '_a6_': 0.36919944598362003, '_a0_': 1.0, '_a4_': 1.0, '_a5_': 1.0, '_a7_': 1.0}};{'d0': 0.024905832925402088};-276.475521872402;51.555089872915964
22295;-86.6826710632850;(exp(_a6_) * ((x * pow2((_a6_ * ((exp(_a1_) + x) * (_a3_ + _a2_))))) + x));{'d0': {'_a1_': -1.1649774125407815, '_a2_': -15124.03743018301, '_a3_': 15128.175698086383, '_a6_': 0.36919944598362003, '_a0_': 1.0, '_a4_': 1.0, '_a5_': 1.0, '_a7_': 1.0}};{'d0': 0.024905832925402088};-276.475521872402;51.555089872915964
22296;-86.6826710632850;(exp(_a6_) * ((x * pow2((_a6_ * ((exp(_a1_) + x) * (_a3_ + _a2_))))) + x));{'d0': {'_a1_': -1.1649774125407815, '_a2_': -15124.03743018301, '_a3_': 15128.175698086383, '_a6_': 0.36919944598362003, '_a0_': 1.0, '_a4_': 1.0, '_a5_': 1.0, '_a7_': 1.0}};{'d0': 0.024905832925402088};-276.475521872402;51.555089872915964
22297;-86.6826710632850;(exp(_a6_) * ((x * pow2((_a6_ * ((exp(_a1_) + x) * (_a3_ + _a2_))))) + x));{'d0': {'_a1_': -1.1649774125407815, '_a2_': -15124.03743018301, '_a3_': 15128.175698086383, '_a6_': 0.36919944598362003, '_a0_': 1.0, '_a4_': 1.0, '_a5_': 1.0, '_a7_': 1.0}};{'d0': 0.024905832925402088};-276.475521872402;51.555089872915964
22298;-86.6826710632850;(exp(_a6_) * ((x * pow2((_a6_ * ((exp(_a1_) + x) * (_a3_ + _a2_))))) + x));{'d0': {'_a1_': -1.1649774125407815, '_a2_': -15124.03743018301, '_a3_': 15128.175698086383, '_a6_': 0.36919944598362003, '_a0_': 1.0, '_a4_': 1.0, '_a5_': 1.0, '_a7_': 1.0}};{'d0': 0.024905832925402088};-276.475521872402;51.555089872915964
22299;-86.6826710632850;(exp(_a6_) * ((x * pow2((_a6_ * ((exp(_a1_) + x) * (_a3_ + _a2_))))) + x));{'d0': {'_a1_': -1.1649774125407815, '_a2_': -15124.03743018301, '_a3_': 15128.175698086383, '_a6_': 0.36919944598362003, '_a0_': 1.0, '_a4_': 1.0, '_a5_': 1.0, '_a7_': 1.0}};{'d0': 0.024905832925402088};-276.475521872402;51.555089872915964
22300;-86.6826710632850;(exp(_a6_) * ((x * pow2((_a6_ * ((exp(_a1_) + x) * (_a3_ + _a2_))))) + x));{'d0': {'_a1_': -1.1649774125407815, '_a2_': -15124.03743018301, '_a3_': 15128.175698086383, '_a6_': 0.36919944598362003, '_a0_': 1.0, '_a4_': 1.0, '_a5_': 1.0, '_a7_': 1.0}};{'d0': 0.024905832925402088};-276.475521872402;51.555089872915964
22301;-86.6826710632850;(exp(_a6_) * ((x * pow2((_a6_ * ((exp(_a1_) + x) * (_a3_ + _a2_))))) + x));{'d0': {'_a1_': -1.1649774125407815, '_a2_': -15124.03743018301, '_a3_': 15128.175698086383, '_a6_': 0.36919944598362003, '_a0_': 1.0, '_a4_': 1.0, '_a5_': 1.0, '_a7_': 1.0}};{'d0': 0.024905832925402088};-276.475521872402;51.555089872915964
22302;-86.6826710632850;(exp(_a6_) * ((x * pow2((_a6_ * ((exp(_a1_) + x) * (_a3_ + _a2_))))) + x));{'d0': {'_a1_': -1.1649774125407815, '_a2_': -15124.03743018301, '_a3_': 15128.175698086383, '_a6_': 0.36919944598362003, '_a0_': 1.0, '_a4_': 1.0, '_a5_': 1.0, '_a7_': 1.0}};{'d0': 0.024905832925402088};-276.475521872402;51.555089872915964
22303;-86.6826710632850;(exp(_a6_) * ((x * pow2((_a6_ * ((exp(_a1_) + x) * (_a3_ + _a2_))))) + x));{'d0': {'_a1_': -1.1649774125407815, '_a2_': -15124.03743018301, '_a3_': 15128.175698086383, '_a6_': 0.36919944598362003, '_a0_': 1.0, '_a4_': 1.0, '_a5_': 1.0, '_a7_': 1.0}};{'d0': 0.024905832925402088};-276.475521872402;51.555089872915964
22304;-86.6826710632850;(exp(_a6_) * ((x * pow2((_a6_ * ((exp(_a1_) + x) * (_a3_ + _a2_))))) + x));{'d0': {'_a1_': -1.1649774125407815, '_a2_': -15124.03743018301, '_a3_': 15128.175698086383, '_a6_': 0.36919944598362003, '_a0_': 1.0, '_a4_': 1.0, '_a5_': 1.0, '_a7_': 1.0}};{'d0': 0.024905832925402088};-276.475521872402;51.555089872915964
22305;-86.6826710632850;(exp(_a6_) * ((x * pow2((_a6_ * ((exp(_a1_) + x) * (_a3_ + _a2_))))) + x));{'d0': {'_a1_': -1.1649774125407815, '_a2_': -15124.03743018301, '_a3_': 15128.175698086383, '_a6_': 0.36919944598362003, '_a0_': 1.0, '_a4_': 1.0, '_a5_': 1.0, '_a7_': 1.0}};{'d0': 0.024905832925402088};-276.475521872402;51.555089872915964
22306;-86.6826710632850;(exp(_a6_) * ((x * pow2((_a6_ * ((exp(_a1_) + x) * (_a3_ + _a2_))))) + x));{'d0': {'_a1_': -1.1649774125407815, '_a2_': -15124.03743018301, '_a3_': 15128.175698086383, '_a6_': 0.36919944598362003, '_a0_': 1.0, '_a4_': 1.0, '_a5_': 1.0, '_a7_': 1.0}};{'d0': 0.024905832925402088};-276.475521872402;51.555089872915964
22307;-86.6826710632850;(exp(_a6_) * ((x * pow2((_a6_ * ((exp(_a1_) + x) * (_a3_ + _a2_))))) + x));{'d0': {'_a1_': -1.1649774125407815, '_a2_': -15124.03743018301, '_a3_': 15128.175698086383, '_a6_': 0.36919944598362003, '_a0_': 1.0, '_a4_': 1.0, '_a5_': 1.0, '_a7_': 1.0}};{'d0': 0.024905832925402088};-276.475521872402;51.555089872915964
22308;-94.6504444006358;(exp(_a6_) * ((x * pow2((_a6_ * ((exp(_a1_) + x) * _a3_)))) + x));{'d0': {'_a1_': -1.164977412354153, '_a3_': 4.138266667913672, '_a6_': 0.36919944552484674, '_a0_': 1.0, '_a2_': 1.0, '_a4_': 1.0, '_a5_': 1.0, '_a7_': 1.0}};{'d0': 0.024905832919416587};-280.569866449044;45.63448882388597
22309;-94.6504444006358;(exp(_a6_) * ((x * pow2((_a6_ * ((exp(_a1_) + x) * _a3_)))) + x));{'d0': {'_a1_': -1.164977412354153, '_a3_': 4.138266667913672, '_a6_': 0.36919944552484674, '_a0_': 1.0, '_a2_': 1.0, '_a4_': 1.0, '_a5_': 1.0, '_a7_': 1.0}};{'d0': 0.024905832919416587};-280.569866449044;45.63448882388597
22310;-94.6504444006358;(exp(_a6_) * ((x * pow2((_a6_ * ((exp(_a1_) + x) * _a3_)))) + x));{'d0': {'_a1_': -1.164977412354153, '_a3_': 4.138266667913672, '_a6_': 0.36919944552484674, '_a0_': 1.0, '_a2_': 1.0, '_a4_': 1.0, '_a5_': 1.0, '_a7_': 1.0}};{'d0': 0.024905832919416587};-280.569866449044;45.63448882388597
22311;-94.6504444006358;(exp(_a6_) * ((x * pow2((_a6_ * ((exp(_a1_) + x) * _a3_)))) + x));{'d0': {'_a1_': -1.164977412354153, '_a3_': 4.138266667913672, '_a6_': 0.36919944552484674, '_a0_': 1.0, '_a2_': 1.0, '_a4_': 1.0, '_a5_': 1.0, '_a7_': 1.0}};{'d0': 0.024905832919416587};-280.569866449044;45.63448882388597
22312;-106.633986122803;((((x * pow2(_a2_)) + _a4_) + (pow2(x) * _a1_)) * x);{'d0': {'_a1_': 3.3767608788567025, '_a2_': 1.4514213958947781, '_a4_': 1.7751354042446745, '_a0_': 1.0, '_a3_': 1.0, '_a5_': 1.0, '_a6_': 1.0, '_a7_': 1.0}};{'d0': 0.024905832919416608};-280.569866449044;33.65094710171901
22313;-106.633986122803;((((x * pow2(_a2_)) + _a4_) + (pow2(x) * _a1_)) * x);{'d0': {'_a1_': 3.3767608788567025, '_a2_': 1.4514213958947781, '_a4_': 1.7751354042446745, '_a0_': 1.0, '_a3_': 1.0, '_a5_': 1.0, '_a6_': 1.0, '_a7_': 1.0}};{'d0': 0.024905832919416608};-280.569866449044;33.65094710171901
22314;-106.633986122803;((((x * pow2(_a2_)) + _a4_) + (pow2(x) * _a1_)) * x);{'d0': {'_a1_': 3.3767608788567025, '_a2_': 1.4514213958947781, '_a4_': 1.7751354042446745, '_a0_': 1.0, '_a3_': 1.0, '_a5_': 1.0, '_a6_': 1.0, '_a7_': 1.0}};{'d0': 0.024905832919416608};-280.569866449044;33.65094710171901
22315;-106.633986122803;((((x * pow2(_a2_)) + _a4_) + (pow2(x) * _a1_)) * x);{'d0': {'_a1_': 3.3767608788567025, '_a2_': 1.4514213958947781, '_a4_': 1.7751354042446745, '_a0_': 1.0, '_a3_': 1.0, '_a5_': 1.0, '_a6_': 1.0, '_a7_': 1.0}};{'d0': 0.024905832919416608};-280.569866449044;33.65094710171901
22316;-106.633986122803;((((x * pow2(_a2_)) + _a4_) + (pow2(x) * _a1_)) * x);{'d0': {'_a1_': 3.3767608788567025, '_a2_': 1.4514213958947781, '_a4_': 1.7751354042446745, '_a0_': 1.0, '_a3_': 1.0, '_a5_': 1.0, '_a6_': 1.0, '_a7_': 1.0}};{'d0': 0.024905832919416608};-280.569866449044;33.65094710171901
22317;-106.633986122803;((((x * pow2(_a2_)) + _a4_) + (pow2(x) * _a1_)) * x);{'d0': {'_a1_': 3.3767608788567025, '_a2_': 1.4514213958947781, '_a4_': 1.7751354042446745, '_a0_': 1.0, '_a3_': 1.0, '_a5_': 1.0, '_a6_': 1.0, '_a7_': 1.0}};{'d0': 0.024905832919416608};-280.569866449044;33.65094710171901
22318;-106.633986122803;((((x * pow2(_a2_)) + _a4_) + (pow2(x) * _a1_)) * x);{'d0': {'_a1_': 3.3767608788567025, '_a2_': 1.4514213958947781, '_a4_': 1.7751354042446745, '_a0_': 1.0, '_a3_': 1.0, '_a5_': 1.0, '_a6_': 1.0, '_a7_': 1.0}};{'d0': 0.024905832919416608};-280.569866449044;33.65094710171901
22319;-106.633986122803;((((x * pow2(_a2_)) + _a4_) + (pow2(x) * _a1_)) * x);{'d0': {'_a1_': 3.3767608788567025, '_a2_': 1.4514213958947781, '_a4_': 1.7751354042446745, '_a0_': 1.0, '_a3_': 1.0, '_a5_': 1.0, '_a6_': 1.0, '_a7_': 1.0}};{'d0': 0.024905832919416608};-280.569866449044;33.65094710171901
22320;-106.633986122803;((((x * pow2(_a2_)) + _a4_) + (pow2(x) * _a1_)) * x);{'d0': {'_a1_': 3.3767608788567025, '_a2_': 1.4514213958947781, '_a4_': 1.7751354042446745, '_a0_': 1.0, '_a3_': 1.0, '_a5_': 1.0, '_a6_': 1.0, '_a7_': 1.0}};{'d0': 0.024905832919416608};-280.569866449044;33.65094710171901
22321;-106.633986122803;((((x * pow2(_a2_)) + _a4_) + (pow2(x) * _a1_)) * x);{'d0': {'_a1_': 3.3767608788567025, '_a2_': 1.4514213958947781, '_a4_': 1.7751354042446745, '_a0_': 1.0, '_a3_': 1.0, '_a5_': 1.0, '_a6_': 1.0, '_a7_': 1.0}};{'d0': 0.024905832919416608};-280.569866449044;33.65094710171901
22322;-106.633986122803;((((x * pow2(_a2_)) + _a4_) + (pow2(x) * _a6_)) * x);{'d0': {'_a2_': 1.451421395767204, '_a4_': 1.7751354042931984, '_a6_': 3.3767608783607677, '_a0_': 1.0, '_a1_': 1.0, '_a3_': 1.0, '_a5_': 1.0, '_a7_': 1.0}};{'d0': 0.02490583291941664};-280.569866449044;33.65094710171901
22323;-106.633986122803;((((x * pow2(_a2_)) + _a4_) + (pow2(x) * _a6_)) * x);{'d0': {'_a2_': 1.451421395767204, '_a4_': 1.7751354042931984, '_a6_': 3.3767608783607677, '_a0_': 1.0, '_a1_': 1.0, '_a3_': 1.0, '_a5_': 1.0, '_a7_': 1.0}};{'d0': 0.02490583291941664};-280.569866449044;33.65094710171901
22324;-106.633986122803;((((x * pow2(_a2_)) + _a4_) + (pow2(x) * _a6_)) * x);{'d0': {'_a2_': 1.451421395767204, '_a4_': 1.7751354042931984, '_a6_': 3.3767608783607677, '_a0_': 1.0, '_a1_': 1.0, '_a3_': 1.0, '_a5_': 1.0, '_a7_': 1.0}};{'d0': 0.02490583291941664};-280.569866449044;33.65094710171901
22325;-106.633986122803;((((x * pow2(_a2_)) + _a4_) + (pow2(x) * _a6_)) * x);{'d0': {'_a2_': 1.451421395767204, '_a4_': 1.7751354042931984, '_a6_': 3.3767608783607677, '_a0_': 1.0, '_a1_': 1.0, '_a3_': 1.0, '_a5_': 1.0, '_a7_': 1.0}};{'d0': 0.02490583291941664};-280.569866449044;33.65094710171901
22326;-106.633986122803;((((x * pow2(_a2_)) + _a4_) + (pow2(x) * _a6_)) * x);{'d0': {'_a2_': 1.451421395767204, '_a4_': 1.7751354042931984, '_a6_': 3.3767608783607677, '_a0_': 1.0, '_a1_': 1.0, '_a3_': 1.0, '_a5_': 1.0, '_a7_': 1.0}};{'d0': 0.02490583291941664};-280.569866449044;33.65094710171901
22327;-106.633986122803;((((x * pow2(_a2_)) + _a4_) + (pow2(x) * _a6_)) * x);{'d0': {'_a2_': 1.451421395767204, '_a4_': 1.7751354042931984, '_a6_': 3.3767608783607677, '_a0_': 1.0, '_a1_': 1.0, '_a3_': 1.0, '_a5_': 1.0, '_a7_': 1.0}};{'d0': 0.02490583291941664};-280.569866449044;33.65094710171901
22328;-106.633986122803;((((x * pow2(_a2_)) + _a4_) + (pow2(x) * _a6_)) * x);{'d0': {'_a2_': 1.451421395767204, '_a4_': 1.7751354042931984, '_a6_': 3.3767608783607677, '_a0_': 1.0, '_a1_': 1.0, '_a3_': 1.0, '_a5_': 1.0, '_a7_': 1.0}};{'d0': 0.02490583291941664};-280.569866449044;33.65094710171901
22329;-106.633986122803;((((x * pow2(_a2_)) + _a4_) + (pow2(x) * _a6_)) * x);{'d0': {'_a2_': 1.451421395767204, '_a4_': 1.7751354042931984, '_a6_': 3.3767608783607677, '_a0_': 1.0, '_a1_': 1.0, '_a3_': 1.0, '_a5_': 1.0, '_a7_': 1.0}};{'d0': 0.02490583291941664};-280.569866449044;33.65094710171901
22330;-106.633986122803;((((x * pow2(_a2_)) + _a4_) + (pow2(x) * _a6_)) * x);{'d0': {'_a2_': 1.451421395767204, '_a4_': 1.7751354042931984, '_a6_': 3.3767608783607677, '_a0_': 1.0, '_a1_': 1.0, '_a3_': 1.0, '_a5_': 1.0, '_a7_': 1.0}};{'d0': 0.02490583291941664};-280.569866449044;33.65094710171901
22331;-106.633986122803;((((x * pow2(_a2_)) + _a4_) + (pow2(x) * _a6_)) * x);{'d0': {'_a2_': 1.451421395767204, '_a4_': 1.7751354042931984, '_a6_': 3.3767608783607677, '_a0_': 1.0, '_a1_': 1.0, '_a3_': 1.0, '_a5_': 1.0, '_a7_': 1.0}};{'d0': 0.02490583291941664};-280.569866449044;33.65094710171901
22332;-106.633986122803;((((x * pow2(_a2_)) + _a4_) + (pow2(x) * _a6_)) * x);{'d0': {'_a2_': 1.451421395767204, '_a4_': 1.7751354042931984, '_a6_': 3.3767608783607677, '_a0_': 1.0, '_a1_': 1.0, '_a3_': 1.0, '_a5_': 1.0, '_a7_': 1.0}};{'d0': 0.02490583291941664};-280.569866449044;33.65094710171901
22333;-106.633986122803;((((x * pow2(_a2_)) + _a4_) + (pow2(x) * _a6_)) * x);{'d0': {'_a2_': 1.451421395767204, '_a4_': 1.7751354042931984, '_a6_': 3.3767608783607677, '_a0_': 1.0, '_a1_': 1.0, '_a3_': 1.0, '_a5_': 1.0, '_a7_': 1.0}};{'d0': 0.02490583291941664};-280.569866449044;33.65094710171901
22334;-106.633986122803;((((x * pow2(_a2_)) + _a4_) + (pow2(x) * _a6_)) * x);{'d0': {'_a2_': 1.451421395767204, '_a4_': 1.7751354042931984, '_a6_': 3.3767608783607677, '_a0_': 1.0, '_a1_': 1.0, '_a3_': 1.0, '_a5_': 1.0, '_a7_': 1.0}};{'d0': 0.02490583291941664};-280.569866449044;33.65094710171901
22335;-106.633986122803;((((x * pow2(_a2_)) + _a4_) + (pow2(x) * _a6_)) * x);{'d0': {'_a2_': 1.451421395767204, '_a4_': 1.7751354042931984, '_a6_': 3.3767608783607677, '_a0_': 1.0, '_a1_': 1.0, '_a3_': 1.0, '_a5_': 1.0, '_a7_': 1.0}};{'d0': 0.02490583291941664};-280.569866449044;33.65094710171901
22336;-106.633986122803;((((x * pow2(_a2_)) + _a4_) + (pow2(x) * _a6_)) * x);{'d0': {'_a2_': 1.451421395767204, '_a4_': 1.7751354042931984, '_a6_': 3.3767608783607677, '_a0_': 1.0, '_a1_': 1.0, '_a3_': 1.0, '_a5_': 1.0, '_a7_': 1.0}};{'d0': 0.02490583291941664};-280.569866449044;33.65094710171901
22337;-91.6978938041496;((_a6_ / _a3_) * ((x * pow2((_a6_ * (((_a5_ / _a3_) + x) * _a4_)))) + x));{'d0': {'_a3_': -7.793462256479591, '_a4_': -0.13552132483977963, '_a5_': -2.43101240463486, '_a6_': -11.273836159976824, '_a0_': 1.0, '_a1_': 1.0, '_a2_': 1.0, '_a7_': 1.0}};{'d0': 0.02490583292783934};-276.475521866531;46.539867129115564
22338;-91.6978938041496;((_a6_ / _a3_) * ((x * pow2((_a6_ * (((_a5_ / _a3_) + x) * _a4_)))) + x));{'d0': {'_a3_': -7.793462256479591, '_a4_': -0.13552132483977963, '_a5_': -2.43101240463486, '_a6_': -11.273836159976824, '_a0_': 1.0, '_a1_': 1.0, '_a2_': 1.0, '_a7_': 1.0}};{'d0': 0.02490583292783934};-276.475521866531;46.539867129115564
22339;-91.6978938041496;((_a6_ / _a3_) * ((x * pow2((_a6_ * (((_a5_ / _a3_) + x) * _a4_)))) + x));{'d0': {'_a3_': -7.793462256479591, '_a4_': -0.13552132483977963, '_a5_': -2.43101240463486, '_a6_': -11.273836159976824, '_a0_': 1.0, '_a1_': 1.0, '_a2_': 1.0, '_a7_': 1.0}};{'d0': 0.02490583292783934};-276.475521866531;46.539867129115564
22340;-91.6978938041496;((_a6_ / _a3_) * ((x * pow2((_a6_ * (((_a5_ / _a3_) + x) * _a4_)))) + x));{'d0': {'_a3_': -7.793462256479591, '_a4_': -0.13552132483977963, '_a5_': -2.43101240463486, '_a6_': -11.273836159976824, '_a0_': 1.0, '_a1_': 1.0, '_a2_': 1.0, '_a7_': 1.0}};{'d0': 0.02490583292783934};-276.475521866531;46.539867129115564
22341;-91.6978938041496;((_a6_ / _a3_) * ((x * pow2((_a6_ * (((_a5_ / _a3_) + x) * _a4_)))) + x));{'d0': {'_a3_': -7.793462256479591, '_a4_': -0.13552132483977963, '_a5_': -2.43101240463486, '_a6_': -11.273836159976824, '_a0_': 1.0, '_a1_': 1.0, '_a2_': 1.0, '_a7_': 1.0}};{'d0': 0.02490583292783934};-276.475521866531;46.539867129115564
22342;-101.684646197346;((((x * pow2(_a2_)) + _a4_) + (pow2(x) * (_a3_ * _a3_))) * x);{'d0': {'_a2_': 1.4514213959090145, '_a3_': 1.8375964951354367, '_a4_': 1.7751354042308138, '_a0_': 1.0, '_a1_': 1.0, '_a5_': 1.0, '_a6_': 1.0, '_a7_': 1.0}};{'d0': 0.024905832919416636};-280.569866449044;38.60028702717601
22343;-101.684646197346;((((x * pow2(_a2_)) + _a4_) + (pow2(x) * (_a3_ * _a3_))) * x);{'d0': {'_a2_': 1.4514213959090145, '_a3_': 1.8375964951354367, '_a4_': 1.7751354042308138, '_a0_': 1.0, '_a1_': 1.0, '_a5_': 1.0, '_a6_': 1.0, '_a7_': 1.0}};{'d0': 0.024905832919416636};-280.569866449044;38.60028702717601
22344;-101.684646197346;((((x * pow2(_a2_)) + _a4_) + (pow2(x) * (_a3_ * _a3_))) * x);{'d0': {'_a2_': 1.4514213959090145, '_a3_': 1.8375964951354367, '_a4_': 1.7751354042308138, '_a0_': 1.0, '_a1_': 1.0, '_a5_': 1.0, '_a6_': 1.0, '_a7_': 1.0}};{'d0': 0.024905832919416636};-280.569866449044;38.60028702717601
22345;-101.684646197346;((((x * pow2(_a2_)) + _a4_) + (pow2(x) * (_a3_ * _a3_))) * x);{'d0': {'_a2_': 1.4514213959090145, '_a3_': 1.8375964951354367, '_a4_': 1.7751354042308138, '_a0_': 1.0, '_a1_': 1.0, '_a5_': 1.0, '_a6_': 1.0, '_a7_': 1.0}};{'d0': 0.024905832919416636};-280.569866449044;38.60028702717601
22346;-101.684646197346;((((x * pow2(_a2_)) + _a4_) + (pow2(x) * (_a3_ * _a3_))) * x);{'d0': {'_a2_': 1.4514213959090145, '_a3_': 1.8375964951354367, '_a4_': 1.7751354042308138, '_a0_': 1.0, '_a1_': 1.0, '_a5_': 1.0, '_a6_': 1.0, '_a7_': 1.0}};{'d0': 0.024905832919416636};-280.569866449044;38.60028702717601
22347;-101.684646197346;((((x * pow2(_a2_)) + _a4_) + (pow2(x) * (_a3_ * _a3_))) * x);{'d0': {'_a2_': 1.4514213959090145, '_a3_': 1.8375964951354367, '_a4_': 1.7751354042308138, '_a0_': 1.0, '_a1_': 1.0, '_a5_': 1.0, '_a6_': 1.0, '_a7_': 1.0}};{'d0': 0.024905832919416636};-280.569866449044;38.60028702717601
22348;-101.684646197346;((((x * pow2(_a2_)) + _a4_) + (pow2(x) * (_a3_ * _a3_))) * x);{'d0': {'_a2_': 1.4514213959090145, '_a3_': 1.8375964951354367, '_a4_': 1.7751354042308138, '_a0_': 1.0, '_a1_': 1.0, '_a5_': 1.0, '_a6_': 1.0, '_a7_': 1.0}};{'d0': 0.024905832919416636};-280.569866449044;38.60028702717601
22349;-101.684646197346;((((x * pow2(_a2_)) + _a4_) + (pow2(x) * (_a3_ * _a3_))) * x);{'d0': {'_a2_': 1.4514213959090145, '_a3_': 1.8375964951354367, '_a4_': 1.7751354042308138, '_a0_': 1.0, '_a1_': 1.0, '_a5_': 1.0, '_a6_': 1.0, '_a7_': 1.0}};{'d0': 0.024905832919416636};-280.569866449044;38.60028702717601
22350;-102.954038962543;((((x * pow2(_a2_)) + _a4_) + (pow2(x) * -(_a3_))) * x);{'d0': {'_a2_': 1.4514213956217967, '_a3_': -3.3767608779950167, '_a4_': 1.775135404207674, '_a0_': 1.0, '_a1_': 1.0, '_a5_': 1.0, '_a6_': 1.0, '_a7_': 1.0}};{'d0': 0.024905832919416605};-280.569866449044;37.330894261979395
22351;-102.954038962543;((((x * pow2(_a2_)) + _a4_) + (pow2(x) * -(_a3_))) * x);{'d0': {'_a2_': 1.4514213956217967, '_a3_': -3.3767608779950167, '_a4_': 1.775135404207674, '_a0_': 1.0, '_a1_': 1.0, '_a5_': 1.0, '_a6_': 1.0, '_a7_': 1.0}};{'d0': 0.024905832919416605};-280.569866449044;37.330894261979395
22352;-102.954038962543;((((x * pow2(_a2_)) + _a4_) + (pow2(x) * -(_a3_))) * x);{'d0': {'_a2_': 1.4514213956217967, '_a3_': -3.3767608779950167, '_a4_': 1.775135404207674, '_a0_': 1.0, '_a1_': 1.0, '_a5_': 1.0, '_a6_': 1.0, '_a7_': 1.0}};{'d0': 0.024905832919416605};-280.569866449044;37.330894261979395
22353;-102.954038962543;((((x * pow2(_a2_)) + _a4_) + (pow2(x) * -(_a3_))) * x);{'d0': {'_a2_': 1.4514213956217967, '_a3_': -3.3767608779950167, '_a4_': 1.775135404207674, '_a0_': 1.0, '_a1_': 1.0, '_a5_': 1.0, '_a6_': 1.0, '_a7_': 1.0}};{'d0': 0.024905832919416605};-280.569866449044;37.330894261979395
22354;-106.633986122803;((((x * pow2(_a2_)) + _a4_) + (pow2(x) * _a6_)) * x);{'d0': {'_a2_': 1.451421395767204, '_a4_': 1.7751354042931984, '_a6_': 3.3767608783607677, '_a0_': 1.0, '_a1_': 1.0, '_a3_': 1.0, '_a5_': 1.0, '_a7_': 1.0}};{'d0': 0.02490583291941664};-280.569866449044;33.650947101719005
22355;-106.633986122803;((((x * pow2(_a2_)) + _a4_) + (pow2(x) * _a6_)) * x);{'d0': {'_a2_': 1.451421395767204, '_a4_': 1.7751354042931984, '_a6_': 3.3767608783607677, '_a0_': 1.0, '_a1_': 1.0, '_a3_': 1.0, '_a5_': 1.0, '_a7_': 1.0}};{'d0': 0.02490583291941664};-280.569866449044;33.650947101719005
22356;-106.633986122803;((((x * pow2(_a2_)) + _a4_) + (pow2(x) * _a6_)) * x);{'d0': {'_a2_': 1.451421395767204, '_a4_': 1.7751354042931984, '_a6_': 3.3767608783607677, '_a0_': 1.0, '_a1_': 1.0, '_a3_': 1.0, '_a5_': 1.0, '_a7_': 1.0}};{'d0': 0.02490583291941664};-280.569866449044;33.650947101719005
22357;-106.633986122803;((((x * pow2(_a2_)) + _a4_) + (pow2(x) * _a6_)) * x);{'d0': {'_a2_': 1.451421395767204, '_a4_': 1.7751354042931984, '_a6_': 3.3767608783607677, '_a0_': 1.0, '_a1_': 1.0, '_a3_': 1.0, '_a5_': 1.0, '_a7_': 1.0}};{'d0': 0.02490583291941664};-280.569866449044;33.650947101719005
22358;-97.5351166222183;((_a6_ / _a3_) * ((x * pow2((_a6_ * ((_a5_ + x) * _a4_)))) + x));{'d0': {'_a3_': 10.784905406287018, '_a4_': -0.09793137842754775, '_a5_': 0.3119297076796169, '_a6_': 15.601186279498068, '_a0_': 1.0, '_a1_': 1.0, '_a2_': 1.0, '_a7_': 1.0}};{'d0': 0.024905832919602622};-276.475521886373;40.70264432096836
22359;-97.5351166222183;((_a6_ / _a3_) * ((x * pow2((_a6_ * ((_a5_ + x) * _a4_)))) + x));{'d0': {'_a3_': 10.784905406287018, '_a4_': -0.09793137842754775, '_a5_': 0.3119297076796169, '_a6_': 15.601186279498068, '_a0_': 1.0, '_a1_': 1.0, '_a2_': 1.0, '_a7_': 1.0}};{'d0': 0.024905832919602622};-276.475521886373;40.70264432096836
22360;-91.6978938139696;((_a6_ / _a3_) * ((x * pow2((_a6_ * ((_a5_ + x) * (_a4_ / _a5_))))) + x));{'d0': {'_a3_': -1.535574249750348, '_a4_': -0.21454782723948254, '_a5_': 0.31192970776411677, '_a6_': -2.2213249918389124, '_a0_': 1.0, '_a1_': 1.0, '_a2_': 1.0, '_a7_': 1.0}};{'d0': 0.024905832919686906};-276.475521886170;46.539867129115564
22361;-99.5822889035534;((_a6_ / _a3_) * ((x * pow2((_a6_ * ((_a5_ + x) * _a6_)))) + x));{'d0': {'_a3_': -0.8544732551315563, '_a5_': 0.3119297078255339, '_a6_': -1.2360605800452729, '_a0_': 1.0, '_a1_': 1.0, '_a2_': 1.0, '_a4_': 1.0, '_a7_': 1.0}};{'d0': 0.024905832919416573};-280.569866449044;40.70264432096836
22362;-99.5822889035534;((_a6_ / _a3_) * ((x * pow2((_a6_ * ((_a5_ + x) * _a6_)))) + x));{'d0': {'_a3_': -0.8544732551315563, '_a5_': 0.3119297078255339, '_a6_': -1.2360605800452729, '_a0_': 1.0, '_a1_': 1.0, '_a2_': 1.0, '_a4_': 1.0, '_a7_': 1.0}};{'d0': 0.024905832919416573};-280.569866449044;40.70264432096836
22363;-99.5822889035534;((_a6_ / _a3_) * ((x * pow2((_a6_ * ((_a5_ + x) * _a6_)))) + x));{'d0': {'_a3_': -0.8544732551315563, '_a5_': 0.3119297078255339, '_a6_': -1.2360605800452729, '_a0_': 1.0, '_a1_': 1.0, '_a2_': 1.0, '_a4_': 1.0, '_a7_': 1.0}};{'d0': 0.024905832919416573};-280.569866449044;40.70264432096836
22364;-99.5822889035534;((_a6_ / _a3_) * ((x * pow2((_a6_ * ((_a5_ + x) * _a6_)))) + x));{'d0': {'_a3_': -0.8544732551315563, '_a5_': 0.3119297078255339, '_a6_': -1.2360605800452729, '_a0_': 1.0, '_a1_': 1.0, '_a2_': 1.0, '_a4_': 1.0, '_a7_': 1.0}};{'d0': 0.024905832919416573};-280.569866449044;40.70264432096836
22365;-99.5822889035534;((_a6_ / _a3_) * ((x * pow2((_a6_ * ((_a5_ + x) * _a6_)))) + x));{'d0': {'_a3_': -0.8544732551315563, '_a5_': 0.3119297078255339, '_a6_': -1.2360605800452729, '_a0_': 1.0, '_a1_': 1.0, '_a2_': 1.0, '_a4_': 1.0, '_a7_': 1.0}};{'d0': 0.024905832919416573};-280.569866449044;40.70264432096836
22366;-99.5822889035534;((_a6_ / _a3_) * ((x * pow2((_a6_ * ((_a5_ + x) * _a6_)))) + x));{'d0': {'_a3_': -0.8544732551315563, '_a5_': 0.3119297078255339, '_a6_': -1.2360605800452729, '_a0_': 1.0, '_a1_': 1.0, '_a2_': 1.0, '_a4_': 1.0, '_a7_': 1.0}};{'d0': 0.024905832919416573};-280.569866449044;40.70264432096836
22367;-99.5822889035534;((_a6_ / _a3_) * ((x * pow2((_a6_ * ((_a5_ + x) * _a6_)))) + x));{'d0': {'_a3_': -0.8544732551315563, '_a5_': 0.3119297078255339, '_a6_': -1.2360605800452729, '_a0_': 1.0, '_a1_': 1.0, '_a2_': 1.0, '_a4_': 1.0, '_a7_': 1.0}};{'d0': 0.024905832919416573};-280.569866449044;40.70264432096836
22368;-99.5822889035534;((_a6_ / _a3_) * ((x * pow2((_a6_ * ((_a5_ + x) * _a6_)))) + x));{'d0': {'_a3_': -0.8544732551315563, '_a5_': 0.3119297078255339, '_a6_': -1.2360605800452729, '_a0_': 1.0, '_a1_': 1.0, '_a2_': 1.0, '_a4_': 1.0, '_a7_': 1.0}};{'d0': 0.024905832919416573};-280.569866449044;40.70264432096836
22369;-99.5822889035534;((_a6_ / _a3_) * ((x * pow2((_a6_ * ((_a5_ + x) * _a6_)))) + x));{'d0': {'_a3_': -0.8544732551315563, '_a5_': 0.3119297078255339, '_a6_': -1.2360605800452729, '_a0_': 1.0, '_a1_': 1.0, '_a2_': 1.0, '_a4_': 1.0, '_a7_': 1.0}};{'d0': 0.024905832919416573};-280.569866449044;40.70264432096836
22370;-106.633986122803;((((x * pow2(_a2_)) + _a4_) + (pow2(x) * _a6_)) * x);{'d0': {'_a2_': 1.451421395767204, '_a4_': 1.7751354042931984, '_a6_': 3.3767608783607677, '_a0_': 1.0, '_a1_': 1.0, '_a3_': 1.0, '_a5_': 1.0, '_a7_': 1.0}};{'d0': 0.02490583291941664};-280.569866449044;33.650947101719005
22371;-106.633986122803;((((x * pow2(_a2_)) + _a4_) + (pow2(x) * _a6_)) * x);{'d0': {'_a2_': 1.451421395767204, '_a4_': 1.7751354042931984, '_a6_': 3.3767608783607677, '_a0_': 1.0, '_a1_': 1.0, '_a3_': 1.0, '_a5_': 1.0, '_a7_': 1.0}};{'d0': 0.02490583291941664};-280.569866449044;33.650947101719005
22372;-106.633986122803;((((x * pow2(_a2_)) + _a4_) + (pow2(x) * _a6_)) * x);{'d0': {'_a2_': 1.451421395767204, '_a4_': 1.7751354042931984, '_a6_': 3.3767608783607677, '_a0_': 1.0, '_a1_': 1.0, '_a3_': 1.0, '_a5_': 1.0, '_a7_': 1.0}};{'d0': 0.02490583291941664};-280.569866449044;33.650947101719005
22373;-106.633986122803;((((x * pow2(_a2_)) + _a4_) + (pow2(x) * _a6_)) * x);{'d0': {'_a2_': 1.451421395767204, '_a4_': 1.7751354042931984, '_a6_': 3.3767608783607677, '_a0_': 1.0, '_a1_': 1.0, '_a3_': 1.0, '_a5_': 1.0, '_a7_': 1.0}};{'d0': 0.02490583291941664};-280.569866449044;33.650947101719005
22374;-106.633986122803;((((x * pow2(_a2_)) + _a4_) + (pow2(x) * _a6_)) * x);{'d0': {'_a2_': 1.451421395767204, '_a4_': 1.7751354042931984, '_a6_': 3.3767608783607677, '_a0_': 1.0, '_a1_': 1.0, '_a3_': 1.0, '_a5_': 1.0, '_a7_': 1.0}};{'d0': 0.02490583291941664};-280.569866449044;33.650947101719005
22375;-106.633986122803;((((x * pow2(_a2_)) + _a4_) + (pow2(x) * _a6_)) * x);{'d0': {'_a2_': 1.451421395767204, '_a4_': 1.7751354042931984, '_a6_': 3.3767608783607677, '_a0_': 1.0, '_a1_': 1.0, '_a3_': 1.0, '_a5_': 1.0, '_a7_': 1.0}};{'d0': 0.02490583291941664};-280.569866449044;33.650947101719005
22376;-106.633986122803;((((x * pow2(_a2_)) + _a4_) + (pow2(x) * _a6_)) * x);{'d0': {'_a2_': 1.451421395767204, '_a4_': 1.7751354042931984, '_a6_': 3.3767608783607677, '_a0_': 1.0, '_a1_': 1.0, '_a3_': 1.0, '_a5_': 1.0, '_a7_': 1.0}};{'d0': 0.02490583291941664};-280.569866449044;33.650947101719005
22377;-106.633986122803;((((x * pow2(_a2_)) + _a4_) + (pow2(x) * _a6_)) * x);{'d0': {'_a2_': 1.451421395767204, '_a4_': 1.7751354042931984, '_a6_': 3.3767608783607677, '_a0_': 1.0, '_a1_': 1.0, '_a3_': 1.0, '_a5_': 1.0, '_a7_': 1.0}};{'d0': 0.02490583291941664};-280.569866449044;33.650947101719005
22378;-106.633986122803;((((x * pow2(_a5_)) + _a4_) + (pow2(x) * _a6_)) * x);{'d0': {'_a4_': 1.7751354043780578, '_a5_': 1.4514213959849172, '_a6_': 3.3767608789353303, '_a0_': 1.0, '_a1_': 1.0, '_a2_': 1.0, '_a3_': 1.0, '_a7_': 1.0}};{'d0': 0.02490583291941661};-280.569866449044;33.650947101719005
22379;-106.633986122803;((((x * pow2(_a5_)) + _a4_) + (pow2(x) * _a6_)) * x);{'d0': {'_a4_': 1.7751354043780578, '_a5_': 1.4514213959849172, '_a6_': 3.3767608789353303, '_a0_': 1.0, '_a1_': 1.0, '_a2_': 1.0, '_a3_': 1.0, '_a7_': 1.0}};{'d0': 0.02490583291941661};-280.569866449044;33.650947101719005
22380;-106.633986122803;((((x * pow2(_a5_)) + _a4_) + (pow2(x) * _a6_)) * x);{'d0': {'_a4_': 1.7751354043780578, '_a5_': 1.4514213959849172, '_a6_': 3.3767608789353303, '_a0_': 1.0, '_a1_': 1.0, '_a2_': 1.0, '_a3_': 1.0, '_a7_': 1.0}};{'d0': 0.02490583291941661};-280.569866449044;33.650947101719005
22381;-106.633986122803;((((x * pow2(_a5_)) + _a4_) + (pow2(x) * _a6_)) * x);{'d0': {'_a4_': 1.7751354043780578, '_a5_': 1.4514213959849172, '_a6_': 3.3767608789353303, '_a0_': 1.0, '_a1_': 1.0, '_a2_': 1.0, '_a3_': 1.0, '_a7_': 1.0}};{'d0': 0.02490583291941661};-280.569866449044;33.650947101719005
22382;-106.633986122803;((((x * pow2(_a5_)) + _a4_) + (pow2(x) * _a6_)) * x);{'d0': {'_a4_': 1.7751354043780578, '_a5_': 1.4514213959849172, '_a6_': 3.3767608789353303, '_a0_': 1.0, '_a1_': 1.0, '_a2_': 1.0, '_a3_': 1.0, '_a7_': 1.0}};{'d0': 0.02490583291941661};-280.569866449044;33.650947101719005
22383;-106.633986122803;((((x * pow2(_a5_)) + _a4_) + (pow2(x) * _a6_)) * x);{'d0': {'_a4_': 1.7751354043780578, '_a5_': 1.4514213959849172, '_a6_': 3.3767608789353303, '_a0_': 1.0, '_a1_': 1.0, '_a2_': 1.0, '_a3_': 1.0, '_a7_': 1.0}};{'d0': 0.02490583291941661};-280.569866449044;33.650947101719005
22384;-106.633986122803;((((x * pow2(_a5_)) + _a4_) + (pow2(x) * _a6_)) * x);{'d0': {'_a4_': 1.7751354043780578, '_a5_': 1.4514213959849172, '_a6_': 3.3767608789353303, '_a0_': 1.0, '_a1_': 1.0, '_a2_': 1.0, '_a3_': 1.0, '_a7_': 1.0}};{'d0': 0.02490583291941661};-280.569866449044;33.650947101719005
22385;-106.633986122803;((((x * pow2(_a5_)) + _a4_) + (pow2(x) * _a6_)) * x);{'d0': {'_a4_': 1.7751354043780578, '_a5_': 1.4514213959849172, '_a6_': 3.3767608789353303, '_a0_': 1.0, '_a1_': 1.0, '_a2_': 1.0, '_a3_': 1.0, '_a7_': 1.0}};{'d0': 0.02490583291941661};-280.569866449044;33.650947101719005
22386;-106.633986122803;((((x * pow2(_a5_)) + _a4_) + (pow2(x) * _a6_)) * x);{'d0': {'_a4_': 1.7751354043780578, '_a5_': 1.4514213959849172, '_a6_': 3.3767608789353303, '_a0_': 1.0, '_a1_': 1.0, '_a2_': 1.0, '_a3_': 1.0, '_a7_': 1.0}};{'d0': 0.02490583291941661};-280.569866449044;33.650947101719005
22387;-106.633986122803;((((x * pow2(_a5_)) + _a4_) + (pow2(x) * _a6_)) * x);{'d0': {'_a4_': 1.7751354043780578, '_a5_': 1.4514213959849172, '_a6_': 3.3767608789353303, '_a0_': 1.0, '_a1_': 1.0, '_a2_': 1.0, '_a3_': 1.0, '_a7_': 1.0}};{'d0': 0.02490583291941661};-280.569866449044;33.650947101719005
22388;-106.633986122803;((((x * pow2(_a5_)) + _a4_) + (pow2(x) * _a6_)) * x);{'d0': {'_a4_': 1.7751354043780578, '_a5_': 1.4514213959849172, '_a6_': 3.3767608789353303, '_a0_': 1.0, '_a1_': 1.0, '_a2_': 1.0, '_a3_': 1.0, '_a7_': 1.0}};{'d0': 0.02490583291941661};-280.569866449044;33.650947101719005
22389;-106.633986122803;((((x * pow2(_a5_)) + _a4_) + (pow2(x) * _a6_)) * x);{'d0': {'_a4_': 1.7751354043780578, '_a5_': 1.4514213959849172, '_a6_': 3.3767608789353303, '_a0_': 1.0, '_a1_': 1.0, '_a2_': 1.0, '_a3_': 1.0, '_a7_': 1.0}};{'d0': 0.02490583291941661};-280.569866449044;33.650947101719005
22390;-106.633986122803;((((x * pow2(_a5_)) + _a4_) + (pow2(x) * _a6_)) * x);{'d0': {'_a4_': 1.7751354043780578, '_a5_': 1.4514213959849172, '_a6_': 3.3767608789353303, '_a0_': 1.0, '_a1_': 1.0, '_a2_': 1.0, '_a3_': 1.0, '_a7_': 1.0}};{'d0': 0.02490583291941661};-280.569866449044;33.650947101719005
22391;-106.633986122803;((((x * pow2(_a5_)) + _a4_) + (pow2(x) * _a6_)) * x);{'d0': {'_a4_': 1.7751354043780578, '_a5_': 1.4514213959849172, '_a6_': 3.3767608789353303, '_a0_': 1.0, '_a1_': 1.0, '_a2_': 1.0, '_a3_': 1.0, '_a7_': 1.0}};{'d0': 0.02490583291941661};-280.569866449044;33.650947101719005
22392;-106.633986122803;((((x * pow2(_a5_)) + _a4_) + (pow2(x) * _a6_)) * x);{'d0': {'_a4_': 1.7751354043780578, '_a5_': 1.4514213959849172, '_a6_': 3.3767608789353303, '_a0_': 1.0, '_a1_': 1.0, '_a2_': 1.0, '_a3_': 1.0, '_a7_': 1.0}};{'d0': 0.02490583291941661};-280.569866449044;33.650947101719005
22393;-106.633986122803;((((x * pow2(_a5_)) + _a4_) + (pow2(x) * _a6_)) * x);{'d0': {'_a4_': 1.7751354043780578, '_a5_': 1.4514213959849172, '_a6_': 3.3767608789353303, '_a0_': 1.0, '_a1_': 1.0, '_a2_': 1.0, '_a3_': 1.0, '_a7_': 1.0}};{'d0': 0.02490583291941661};-280.569866449044;33.650947101719005
22394;-106.633986122803;((((x * pow2(_a5_)) + _a4_) + (pow2(x) * _a6_)) * x);{'d0': {'_a4_': 1.7751354043780578, '_a5_': 1.4514213959849172, '_a6_': 3.3767608789353303, '_a0_': 1.0, '_a1_': 1.0, '_a2_': 1.0, '_a3_': 1.0, '_a7_': 1.0}};{'d0': 0.02490583291941661};-280.569866449044;33.650947101719005
22395;-106.633986122803;((((x * pow2(_a5_)) + _a4_) + (pow2(x) * _a6_)) * x);{'d0': {'_a4_': 1.7751354043780578, '_a5_': 1.4514213959849172, '_a6_': 3.3767608789353303, '_a0_': 1.0, '_a1_': 1.0, '_a2_': 1.0, '_a3_': 1.0, '_a7_': 1.0}};{'d0': 0.02490583291941661};-280.569866449044;33.650947101719005
22396;-106.633986122803;((((x * pow2(_a5_)) + _a4_) + (pow2(x) * _a6_)) * x);{'d0': {'_a4_': 1.7751354043780578, '_a5_': 1.4514213959849172, '_a6_': 3.3767608789353303, '_a0_': 1.0, '_a1_': 1.0, '_a2_': 1.0, '_a3_': 1.0, '_a7_': 1.0}};{'d0': 0.02490583291941661};-280.569866449044;33.650947101719005
22397;-106.633986122803;((((x * pow2(_a5_)) + _a4_) + (pow2(x) * _a6_)) * x);{'d0': {'_a4_': 1.7751354043780578, '_a5_': 1.4514213959849172, '_a6_': 3.3767608789353303, '_a0_': 1.0, '_a1_': 1.0, '_a2_': 1.0, '_a3_': 1.0, '_a7_': 1.0}};{'d0': 0.02490583291941661};-280.569866449044;33.650947101719005
22398;-106.633986122803;((((x * pow2(_a5_)) + _a4_) + (pow2(x) * _a6_)) * x);{'d0': {'_a4_': 1.7751354043780578, '_a5_': 1.4514213959849172, '_a6_': 3.3767608789353303, '_a0_': 1.0, '_a1_': 1.0, '_a2_': 1.0, '_a3_': 1.0, '_a7_': 1.0}};{'d0': 0.02490583291941661};-280.569866449044;33.650947101719005
22399;-106.633986122803;((((x * pow2(_a5_)) + _a4_) + (pow2(x) * _a6_)) * x);{'d0': {'_a4_': 1.7751354043780578, '_a5_': 1.4514213959849172, '_a6_': 3.3767608789353303, '_a0_': 1.0, '_a1_': 1.0, '_a2_': 1.0, '_a3_': 1.0, '_a7_': 1.0}};{'d0': 0.02490583291941661};-280.569866449044;33.650947101719005
22400;-106.633986122803;((((x * pow2(_a5_)) + _a4_) + (pow2(x) * _a6_)) * x);{'d0': {'_a4_': 1.7751354043780578, '_a5_': 1.4514213959849172, '_a6_': 3.3767608789353303, '_a0_': 1.0, '_a1_': 1.0, '_a2_': 1.0, '_a3_': 1.0, '_a7_': 1.0}};{'d0': 0.02490583291941661};-280.569866449044;33.650947101719005
22401;-106.633986122803;((((x * pow2(_a5_)) + _a4_) + (pow2(x) * _a6_)) * x);{'d0': {'_a4_': 1.7751354043780578, '_a5_': 1.4514213959849172, '_a6_': 3.3767608789353303, '_a0_': 1.0, '_a1_': 1.0, '_a2_': 1.0, '_a3_': 1.0, '_a7_': 1.0}};{'d0': 0.02490583291941661};-280.569866449044;33.650947101719005
22402;-106.633986122803;((((x * pow2(_a5_)) + _a4_) + (pow2(x) * _a6_)) * x);{'d0': {'_a4_': 1.7751354043780578, '_a5_': 1.4514213959849172, '_a6_': 3.3767608789353303, '_a0_': 1.0, '_a1_': 1.0, '_a2_': 1.0, '_a3_': 1.0, '_a7_': 1.0}};{'d0': 0.02490583291941661};-280.569866449044;33.650947101719005
22403;-106.633986122803;((((x * pow2(_a5_)) + _a4_) + (pow2(x) * _a6_)) * x);{'d0': {'_a4_': 1.7751354043780578, '_a5_': 1.4514213959849172, '_a6_': 3.3767608789353303, '_a0_': 1.0, '_a1_': 1.0, '_a2_': 1.0, '_a3_': 1.0, '_a7_': 1.0}};{'d0': 0.02490583291941661};-280.569866449044;33.650947101719005
22404;-106.633986122803;((((x * pow2(_a5_)) + _a4_) + (pow2(x) * _a6_)) * x);{'d0': {'_a4_': 1.7751354043780578, '_a5_': 1.4514213959849172, '_a6_': 3.3767608789353303, '_a0_': 1.0, '_a1_': 1.0, '_a2_': 1.0, '_a3_': 1.0, '_a7_': 1.0}};{'d0': 0.02490583291941661};-280.569866449044;33.650947101719005
22405;-106.633986122803;((((x * pow2(_a5_)) + _a4_) + (pow2(x) * _a6_)) * x);{'d0': {'_a4_': 1.7751354043780578, '_a5_': 1.4514213959849172, '_a6_': 3.3767608789353303, '_a0_': 1.0, '_a1_': 1.0, '_a2_': 1.0, '_a3_': 1.0, '_a7_': 1.0}};{'d0': 0.02490583291941661};-280.569866449044;33.650947101719005
22406;-106.633986122803;((((x * pow2(_a5_)) + _a4_) + (pow2(x) * _a6_)) * x);{'d0': {'_a4_': 1.7751354043780578, '_a5_': 1.4514213959849172, '_a6_': 3.3767608789353303, '_a0_': 1.0, '_a1_': 1.0, '_a2_': 1.0, '_a3_': 1.0, '_a7_': 1.0}};{'d0': 0.02490583291941661};-280.569866449044;33.650947101719005
22407;-106.633986122803;((((x * pow2(_a5_)) + _a4_) + (pow2(x) * _a6_)) * x);{'d0': {'_a4_': 1.7751354043780578, '_a5_': 1.4514213959849172, '_a6_': 3.3767608789353303, '_a0_': 1.0, '_a1_': 1.0, '_a2_': 1.0, '_a3_': 1.0, '_a7_': 1.0}};{'d0': 0.02490583291941661};-280.569866449044;33.650947101719005
22408;-106.633986122803;((((x * pow2(_a5_)) + _a4_) + (pow2(x) * _a6_)) * x);{'d0': {'_a4_': 1.7751354043780578, '_a5_': 1.4514213959849172, '_a6_': 3.3767608789353303, '_a0_': 1.0, '_a1_': 1.0, '_a2_': 1.0, '_a3_': 1.0, '_a7_': 1.0}};{'d0': 0.02490583291941661};-280.569866449044;33.650947101719005
22409;-106.633986122803;((((x * pow2(_a5_)) + _a4_) + (pow2(x) * _a6_)) * x);{'d0': {'_a4_': 1.7751354043780578, '_a5_': 1.4514213959849172, '_a6_': 3.3767608789353303, '_a0_': 1.0, '_a1_': 1.0, '_a2_': 1.0, '_a3_': 1.0, '_a7_': 1.0}};{'d0': 0.02490583291941661};-280.569866449044;33.650947101719005
22410;-106.633986122803;((((x * pow2(_a5_)) + _a4_) + (pow2(x) * _a6_)) * x);{'d0': {'_a4_': 1.7751354043780578, '_a5_': 1.4514213959849172, '_a6_': 3.3767608789353303, '_a0_': 1.0, '_a1_': 1.0, '_a2_': 1.0, '_a3_': 1.0, '_a7_': 1.0}};{'d0': 0.02490583291941661};-280.569866449044;33.650947101719005
22411;-106.633986122803;((((x * pow2(_a5_)) + _a4_) + (pow2(x) * _a6_)) * x);{'d0': {'_a4_': 1.7751354043780578, '_a5_': 1.4514213959849172, '_a6_': 3.3767608789353303, '_a0_': 1.0, '_a1_': 1.0, '_a2_': 1.0, '_a3_': 1.0, '_a7_': 1.0}};{'d0': 0.02490583291941661};-280.569866449044;33.650947101719005
22412;-89.9992229286120;(((-(((_a1_ * x) * (x + _a2_))) + -(((x / _a5_) + _a5_))) * _a2_) * x);{'d0': {'_a1_': -5.927137969789063, '_a2_': 0.5697118735868877, '_a5_': -3.115847654050478, '_a0_': 1.0, '_a3_': 1.0, '_a4_': 1.0, '_a6_': 1.0, '_a7_': 1.0}};{'d0': 0.024905832919416622};-280.569866449044;50.28571029590998
22413;-89.9992229286120;(((-(((_a1_ * x) * (x + _a2_))) + -(((x / _a5_) + _a5_))) * _a2_) * x);{'d0': {'_a1_': -5.927137969789063, '_a2_': 0.5697118735868877, '_a5_': -3.115847654050478, '_a0_': 1.0, '_a3_': 1.0, '_a4_': 1.0, '_a6_': 1.0, '_a7_': 1.0}};{'d0': 0.024905832919416622};-280.569866449044;50.28571029590998
22414;-89.9992229286120;(((-(((_a1_ * x) * (x + _a2_))) + -(((x / _a5_) + _a5_))) * _a2_) * x);{'d0': {'_a1_': -5.927137969789063, '_a2_': 0.5697118735868877, '_a5_': -3.115847654050478, '_a0_': 1.0, '_a3_': 1.0, '_a4_': 1.0, '_a6_': 1.0, '_a7_': 1.0}};{'d0': 0.024905832919416622};-280.569866449044;50.28571029590998
22415;-89.9992229286120;(((-(((_a1_ * x) * (x + _a2_))) + -(((x / _a5_) + _a5_))) * _a2_) * x);{'d0': {'_a1_': -5.927137969789063, '_a2_': 0.5697118735868877, '_a5_': -3.115847654050478, '_a0_': 1.0, '_a3_': 1.0, '_a4_': 1.0, '_a6_': 1.0, '_a7_': 1.0}};{'d0': 0.024905832919416622};-280.569866449044;50.28571029590998
22416;-106.633986122803;((((x * pow2(_a5_)) + _a4_) + (pow2(x) * _a6_)) * x);{'d0': {'_a4_': 1.7751354043780578, '_a5_': 1.4514213959849172, '_a6_': 3.3767608789353303, '_a0_': 1.0, '_a1_': 1.0, '_a2_': 1.0, '_a3_': 1.0, '_a7_': 1.0}};{'d0': 0.02490583291941661};-280.569866449044;33.650947101719005
22417;-106.633986122803;((((x * pow2(_a5_)) + _a4_) + (pow2(x) * _a6_)) * x);{'d0': {'_a4_': 1.7751354043780578, '_a5_': 1.4514213959849172, '_a6_': 3.3767608789353303, '_a0_': 1.0, '_a1_': 1.0, '_a2_': 1.0, '_a3_': 1.0, '_a7_': 1.0}};{'d0': 0.02490583291941661};-280.569866449044;33.650947101719005
22418;-106.633986122803;((((x * pow2(_a5_)) + _a4_) + (pow2(x) * _a6_)) * x);{'d0': {'_a4_': 1.7751354043780578, '_a5_': 1.4514213959849172, '_a6_': 3.3767608789353303, '_a0_': 1.0, '_a1_': 1.0, '_a2_': 1.0, '_a3_': 1.0, '_a7_': 1.0}};{'d0': 0.02490583291941661};-280.569866449044;33.650947101719005
22419;-106.633986122803;((((x * pow2(_a5_)) + _a4_) + (pow2(x) * _a6_)) * x);{'d0': {'_a4_': 1.7751354043780578, '_a5_': 1.4514213959849172, '_a6_': 3.3767608789353303, '_a0_': 1.0, '_a1_': 1.0, '_a2_': 1.0, '_a3_': 1.0, '_a7_': 1.0}};{'d0': 0.02490583291941661};-280.569866449044;33.650947101719005
22420;-106.633986122803;((((x * pow2(_a5_)) + _a4_) + (pow2(x) * _a6_)) * x);{'d0': {'_a4_': 1.7751354043780578, '_a5_': 1.4514213959849172, '_a6_': 3.3767608789353303, '_a0_': 1.0, '_a1_': 1.0, '_a2_': 1.0, '_a3_': 1.0, '_a7_': 1.0}};{'d0': 0.02490583291941661};-280.569866449044;33.650947101719005
22421;-106.633986122803;((((x * pow2(_a5_)) + _a4_) + (pow2(x) * _a6_)) * x);{'d0': {'_a4_': 1.7751354043780578, '_a5_': 1.4514213959849172, '_a6_': 3.3767608789353303, '_a0_': 1.0, '_a1_': 1.0, '_a2_': 1.0, '_a3_': 1.0, '_a7_': 1.0}};{'d0': 0.02490583291941661};-280.569866449044;33.650947101719005
22422;-106.633986122803;((((x * pow2(_a5_)) + _a4_) + (pow2(x) * _a6_)) * x);{'d0': {'_a4_': 1.7751354043780578, '_a5_': 1.4514213959849172, '_a6_': 3.3767608789353303, '_a0_': 1.0, '_a1_': 1.0, '_a2_': 1.0, '_a3_': 1.0, '_a7_': 1.0}};{'d0': 0.02490583291941661};-280.569866449044;33.650947101719005
22423;-106.633986122803;((((x * pow2(_a5_)) + _a4_) + (pow2(x) * _a6_)) * x);{'d0': {'_a4_': 1.7751354043780578, '_a5_': 1.4514213959849172, '_a6_': 3.3767608789353303, '_a0_': 1.0, '_a1_': 1.0, '_a2_': 1.0, '_a3_': 1.0, '_a7_': 1.0}};{'d0': 0.02490583291941661};-280.569866449044;33.650947101719005
22424;-106.633986122803;((((x * pow2(_a5_)) + _a4_) + (pow2(x) * _a6_)) * x);{'d0': {'_a4_': 1.7751354043780578, '_a5_': 1.4514213959849172, '_a6_': 3.3767608789353303, '_a0_': 1.0, '_a1_': 1.0, '_a2_': 1.0, '_a3_': 1.0, '_a7_': 1.0}};{'d0': 0.02490583291941661};-280.569866449044;33.650947101719005
22425;-106.633986122803;((((x * pow2(_a5_)) + _a4_) + (pow2(x) * _a6_)) * x);{'d0': {'_a4_': 1.7751354043780578, '_a5_': 1.4514213959849172, '_a6_': 3.3767608789353303, '_a0_': 1.0, '_a1_': 1.0, '_a2_': 1.0, '_a3_': 1.0, '_a7_': 1.0}};{'d0': 0.02490583291941661};-280.569866449044;33.650947101719005
22426;-106.633986122803;((((x * pow2(_a5_)) + _a4_) + (pow2(x) * _a6_)) * x);{'d0': {'_a4_': 1.7751354043780578, '_a5_': 1.4514213959849172, '_a6_': 3.3767608789353303, '_a0_': 1.0, '_a1_': 1.0, '_a2_': 1.0, '_a3_': 1.0, '_a7_': 1.0}};{'d0': 0.02490583291941661};-280.569866449044;33.650947101719005
22427;-101.294123112283;((((x * pow2(_a5_)) + _a4_) + (pow2(x) * sqrt(_a1_))) * x);{'d0': {'_a1_': 11.402514009157686, '_a4_': 1.7751354047415107, '_a5_': 1.451421395099431, '_a0_': 1.0, '_a2_': 1.0, '_a3_': 1.0, '_a6_': 1.0, '_a7_': 1.0}};{'d0': 0.02490583291941664};-280.569866449044;38.990810112239004
22428;-104.992057584893;((((x * _a6_) + _a4_) + (pow2(x) * sqrt(_a1_))) * x);{'d0': {'_a1_': 11.402514039933058, '_a4_': 1.7751354041597531, '_a6_': 2.1066240692002247, '_a0_': 1.0, '_a2_': 1.0, '_a3_': 1.0, '_a5_': 1.0, '_a7_': 1.0}};{'d0': 0.02490583291941664};-280.569866449044;35.292875639629
22429;-104.992057584893;((((x * _a6_) + _a4_) + (pow2(x) * sqrt(_a1_))) * x);{'d0': {'_a1_': 11.402514039933058, '_a4_': 1.7751354041597531, '_a6_': 2.1066240692002247, '_a0_': 1.0, '_a2_': 1.0, '_a3_': 1.0, '_a5_': 1.0, '_a7_': 1.0}};{'d0': 0.02490583291941664};-280.569866449044;35.292875639629
22430;-104.992057584893;((((x * _a6_) + _a4_) + (pow2(x) * sqrt(_a1_))) * x);{'d0': {'_a1_': 11.402514039933058, '_a4_': 1.7751354041597531, '_a6_': 2.1066240692002247, '_a0_': 1.0, '_a2_': 1.0, '_a3_': 1.0, '_a5_': 1.0, '_a7_': 1.0}};{'d0': 0.02490583291941664};-280.569866449044;35.292875639629
22431;-104.992057584893;((((x * _a6_) + _a4_) + (pow2(x) * sqrt(_a1_))) * x);{'d0': {'_a1_': 11.402514039933058, '_a4_': 1.7751354041597531, '_a6_': 2.1066240692002247, '_a0_': 1.0, '_a2_': 1.0, '_a3_': 1.0, '_a5_': 1.0, '_a7_': 1.0}};{'d0': 0.02490583291941664};-280.569866449044;35.292875639629
22432;-104.992057584893;((((x * _a6_) + _a4_) + (pow2(x) * sqrt(_a1_))) * x);{'d0': {'_a1_': 11.402514039933058, '_a4_': 1.7751354041597531, '_a6_': 2.1066240692002247, '_a0_': 1.0, '_a2_': 1.0, '_a3_': 1.0, '_a5_': 1.0, '_a7_': 1.0}};{'d0': 0.02490583291941664};-280.569866449044;35.292875639629
22433;-104.992057584893;((((x * _a6_) + _a4_) + (pow2(x) * sqrt(_a1_))) * x);{'d0': {'_a1_': 11.402514039933058, '_a4_': 1.7751354041597531, '_a6_': 2.1066240692002247, '_a0_': 1.0, '_a2_': 1.0, '_a3_': 1.0, '_a5_': 1.0, '_a7_': 1.0}};{'d0': 0.02490583291941664};-280.569866449044;35.292875639629
22434;-104.992057584893;((((x * _a6_) + _a4_) + (pow2(x) * sqrt(_a1_))) * x);{'d0': {'_a1_': 11.402514039933058, '_a4_': 1.7751354041597531, '_a6_': 2.1066240692002247, '_a0_': 1.0, '_a2_': 1.0, '_a3_': 1.0, '_a5_': 1.0, '_a7_': 1.0}};{'d0': 0.02490583291941664};-280.569866449044;35.292875639629
22435;-104.992057584893;((((x * _a6_) + _a4_) + (pow2(x) * sqrt(_a1_))) * x);{'d0': {'_a1_': 11.402514039933058, '_a4_': 1.7751354041597531, '_a6_': 2.1066240692002247, '_a0_': 1.0, '_a2_': 1.0, '_a3_': 1.0, '_a5_': 1.0, '_a7_': 1.0}};{'d0': 0.02490583291941664};-280.569866449044;35.292875639629
22436;-104.992057584893;((((x * _a6_) + _a4_) + (pow2(x) * sqrt(_a1_))) * x);{'d0': {'_a1_': 11.402514039933058, '_a4_': 1.7751354041597531, '_a6_': 2.1066240692002247, '_a0_': 1.0, '_a2_': 1.0, '_a3_': 1.0, '_a5_': 1.0, '_a7_': 1.0}};{'d0': 0.02490583291941664};-280.569866449044;35.292875639629
22437;-104.992057584893;((((x * _a6_) + _a4_) + (pow2(x) * sqrt(_a1_))) * x);{'d0': {'_a1_': 11.402514039933058, '_a4_': 1.7751354041597531, '_a6_': 2.1066240692002247, '_a0_': 1.0, '_a2_': 1.0, '_a3_': 1.0, '_a5_': 1.0, '_a7_': 1.0}};{'d0': 0.02490583291941664};-280.569866449044;35.292875639629
22438;-104.992057584893;((((x * _a6_) + _a4_) + (pow2(x) * sqrt(_a1_))) * x);{'d0': {'_a1_': 11.402514039933058, '_a4_': 1.7751354041597531, '_a6_': 2.1066240692002247, '_a0_': 1.0, '_a2_': 1.0, '_a3_': 1.0, '_a5_': 1.0, '_a7_': 1.0}};{'d0': 0.02490583291941664};-280.569866449044;35.292875639629
22439;-104.992057584893;((((x * _a6_) + _a4_) + (pow2(x) * sqrt(_a1_))) * x);{'d0': {'_a1_': 11.402514039933058, '_a4_': 1.7751354041597531, '_a6_': 2.1066240692002247, '_a0_': 1.0, '_a2_': 1.0, '_a3_': 1.0, '_a5_': 1.0, '_a7_': 1.0}};{'d0': 0.02490583291941664};-280.569866449044;35.292875639629
22440;-104.992057584893;((((x * _a6_) + _a4_) + (pow2(x) * sqrt(_a1_))) * x);{'d0': {'_a1_': 11.402514039933058, '_a4_': 1.7751354041597531, '_a6_': 2.1066240692002247, '_a0_': 1.0, '_a2_': 1.0, '_a3_': 1.0, '_a5_': 1.0, '_a7_': 1.0}};{'d0': 0.02490583291941664};-280.569866449044;35.292875639629
22441;-104.992057584893;((((x * _a6_) + _a4_) + (pow2(x) * sqrt(_a1_))) * x);{'d0': {'_a1_': 11.402514039933058, '_a4_': 1.7751354041597531, '_a6_': 2.1066240692002247, '_a0_': 1.0, '_a2_': 1.0, '_a3_': 1.0, '_a5_': 1.0, '_a7_': 1.0}};{'d0': 0.02490583291941664};-280.569866449044;35.292875639629
22442;-104.992057584893;((((x * _a6_) + _a4_) + (pow2(x) * sqrt(_a1_))) * x);{'d0': {'_a1_': 11.402514039933058, '_a4_': 1.7751354041597531, '_a6_': 2.1066240692002247, '_a0_': 1.0, '_a2_': 1.0, '_a3_': 1.0, '_a5_': 1.0, '_a7_': 1.0}};{'d0': 0.02490583291941664};-280.569866449044;35.292875639629
22443;-104.992057584893;((((x * _a6_) + _a4_) + (pow2(x) * sqrt(_a1_))) * x);{'d0': {'_a1_': 11.402514039933058, '_a4_': 1.7751354041597531, '_a6_': 2.1066240692002247, '_a0_': 1.0, '_a2_': 1.0, '_a3_': 1.0, '_a5_': 1.0, '_a7_': 1.0}};{'d0': 0.02490583291941664};-280.569866449044;35.292875639629
22444;-104.992057584893;((((x * _a6_) + _a4_) + (pow2(x) * sqrt(_a1_))) * x);{'d0': {'_a1_': 11.402514039933058, '_a4_': 1.7751354041597531, '_a6_': 2.1066240692002247, '_a0_': 1.0, '_a2_': 1.0, '_a3_': 1.0, '_a5_': 1.0, '_a7_': 1.0}};{'d0': 0.02490583291941664};-280.569866449044;35.292875639629
22445;-104.992057584893;((((x * _a6_) + _a4_) + (pow2(x) * sqrt(_a1_))) * x);{'d0': {'_a1_': 11.402514039933058, '_a4_': 1.7751354041597531, '_a6_': 2.1066240692002247, '_a0_': 1.0, '_a2_': 1.0, '_a3_': 1.0, '_a5_': 1.0, '_a7_': 1.0}};{'d0': 0.02490583291941664};-280.569866449044;35.292875639629
22446;-104.992057584893;((((x * _a6_) + _a4_) + (pow2(x) * sqrt(_a1_))) * x);{'d0': {'_a1_': 11.402514039933058, '_a4_': 1.7751354041597531, '_a6_': 2.1066240692002247, '_a0_': 1.0, '_a2_': 1.0, '_a3_': 1.0, '_a5_': 1.0, '_a7_': 1.0}};{'d0': 0.02490583291941664};-280.569866449044;35.292875639629
22447;-104.992057584893;((((x * _a6_) + _a4_) + (pow2(x) * sqrt(_a1_))) * x);{'d0': {'_a1_': 11.402514039933058, '_a4_': 1.7751354041597531, '_a6_': 2.1066240692002247, '_a0_': 1.0, '_a2_': 1.0, '_a3_': 1.0, '_a5_': 1.0, '_a7_': 1.0}};{'d0': 0.02490583291941664};-280.569866449044;35.292875639629
22448;-104.992057584893;((((x * _a6_) + _a4_) + (pow2(x) * sqrt(_a1_))) * x);{'d0': {'_a1_': 11.402514039933058, '_a4_': 1.7751354041597531, '_a6_': 2.1066240692002247, '_a0_': 1.0, '_a2_': 1.0, '_a3_': 1.0, '_a5_': 1.0, '_a7_': 1.0}};{'d0': 0.02490583291941664};-280.569866449044;35.292875639629
22449;-104.992057584893;((((x * _a6_) + _a4_) + (pow2(x) * sqrt(_a1_))) * x);{'d0': {'_a1_': 11.402514039933058, '_a4_': 1.7751354041597531, '_a6_': 2.1066240692002247, '_a0_': 1.0, '_a2_': 1.0, '_a3_': 1.0, '_a5_': 1.0, '_a7_': 1.0}};{'d0': 0.02490583291941664};-280.569866449044;35.292875639629
22450;-104.992057584893;((((x * _a6_) + _a4_) + (pow2(x) * sqrt(_a1_))) * x);{'d0': {'_a1_': 11.402514039933058, '_a4_': 1.7751354041597531, '_a6_': 2.1066240692002247, '_a0_': 1.0, '_a2_': 1.0, '_a3_': 1.0, '_a5_': 1.0, '_a7_': 1.0}};{'d0': 0.02490583291941664};-280.569866449044;35.292875639629
22451;-104.992057584893;((((x * _a6_) + _a4_) + (pow2(x) * sqrt(_a1_))) * x);{'d0': {'_a1_': 11.402514039933058, '_a4_': 1.7751354041597531, '_a6_': 2.1066240692002247, '_a0_': 1.0, '_a2_': 1.0, '_a3_': 1.0, '_a5_': 1.0, '_a7_': 1.0}};{'d0': 0.02490583291941664};-280.569866449044;35.292875639629
22452;-104.992057584893;((((x * _a6_) + _a4_) + (pow2(x) * sqrt(_a1_))) * x);{'d0': {'_a1_': 11.402514039933058, '_a4_': 1.7751354041597531, '_a6_': 2.1066240692002247, '_a0_': 1.0, '_a2_': 1.0, '_a3_': 1.0, '_a5_': 1.0, '_a7_': 1.0}};{'d0': 0.02490583291941664};-280.569866449044;35.292875639629
22453;-104.992057584893;((((x * _a6_) + _a4_) + (pow2(x) * sqrt(_a1_))) * x);{'d0': {'_a1_': 11.402514039933058, '_a4_': 1.7751354041597531, '_a6_': 2.1066240692002247, '_a0_': 1.0, '_a2_': 1.0, '_a3_': 1.0, '_a5_': 1.0, '_a7_': 1.0}};{'d0': 0.02490583291941664};-280.569866449044;35.292875639629
22454;-104.992057584893;((((x * _a6_) + _a4_) + (pow2(x) * sqrt(_a1_))) * x);{'d0': {'_a1_': 11.402514039933058, '_a4_': 1.7751354041597531, '_a6_': 2.1066240692002247, '_a0_': 1.0, '_a2_': 1.0, '_a3_': 1.0, '_a5_': 1.0, '_a7_': 1.0}};{'d0': 0.02490583291941664};-280.569866449044;35.292875639629
22455;-104.992057584893;((((x * _a6_) + _a4_) + (pow2(x) * sqrt(_a1_))) * x);{'d0': {'_a1_': 11.402514039933058, '_a4_': 1.7751354041597531, '_a6_': 2.1066240692002247, '_a0_': 1.0, '_a2_': 1.0, '_a3_': 1.0, '_a5_': 1.0, '_a7_': 1.0}};{'d0': 0.02490583291941664};-280.569866449044;35.292875639629
22456;-104.992057584893;((((x * _a6_) + _a4_) + (pow2(x) * sqrt(_a1_))) * x);{'d0': {'_a1_': 11.402514039933058, '_a4_': 1.7751354041597531, '_a6_': 2.1066240692002247, '_a0_': 1.0, '_a2_': 1.0, '_a3_': 1.0, '_a5_': 1.0, '_a7_': 1.0}};{'d0': 0.02490583291941664};-280.569866449044;35.292875639629
22457;-100.360883458177;(_a0_ * ((x * pow2((_a6_ * (((_a2_ * _a6_) + x) * _a6_)))) + x));{'d0': {'_a0_': 1.4465760893583297, '_a2_': 0.25235794493024816, '_a6_': 1.2360605801434374, '_a1_': 1.0, '_a3_': 1.0, '_a4_': 1.0, '_a5_': 1.0, '_a7_': 1.0}};{'d0': 0.024905832919416625};-280.569866449044;39.92404976634496
22458;-100.360883458177;(_a0_ * ((x * pow2((_a6_ * (((_a2_ * _a6_) + x) * _a6_)))) + x));{'d0': {'_a0_': 1.4465760893583297, '_a2_': 0.25235794493024816, '_a6_': 1.2360605801434374, '_a1_': 1.0, '_a3_': 1.0, '_a4_': 1.0, '_a5_': 1.0, '_a7_': 1.0}};{'d0': 0.024905832919416625};-280.569866449044;39.92404976634496
22459;-100.360883458177;(_a0_ * ((x * pow2((_a6_ * (((_a2_ * _a6_) + x) * _a6_)))) + x));{'d0': {'_a0_': 1.4465760893583297, '_a2_': 0.25235794493024816, '_a6_': 1.2360605801434374, '_a1_': 1.0, '_a3_': 1.0, '_a4_': 1.0, '_a5_': 1.0, '_a7_': 1.0}};{'d0': 0.024905832919416625};-280.569866449044;39.92404976634496
22460;-100.360883458177;(_a0_ * ((x * pow2((_a6_ * (((_a2_ * _a6_) + x) * _a6_)))) + x));{'d0': {'_a0_': 1.4465760893583297, '_a2_': 0.25235794493024816, '_a6_': 1.2360605801434374, '_a1_': 1.0, '_a3_': 1.0, '_a4_': 1.0, '_a5_': 1.0, '_a7_': 1.0}};{'d0': 0.024905832919416625};-280.569866449044;39.92404976634496
22461;-100.360883458177;(_a0_ * ((x * pow2((_a6_ * (((_a2_ * _a6_) + x) * _a6_)))) + x));{'d0': {'_a0_': 1.4465760893583297, '_a2_': 0.25235794493024816, '_a6_': 1.2360605801434374, '_a1_': 1.0, '_a3_': 1.0, '_a4_': 1.0, '_a5_': 1.0, '_a7_': 1.0}};{'d0': 0.024905832919416625};-280.569866449044;39.92404976634496
22462;-100.360883458177;(_a0_ * ((x * pow2((_a6_ * (((_a2_ * _a6_) + x) * _a6_)))) + x));{'d0': {'_a0_': 1.4465760893583297, '_a2_': 0.25235794493024816, '_a6_': 1.2360605801434374, '_a1_': 1.0, '_a3_': 1.0, '_a4_': 1.0, '_a5_': 1.0, '_a7_': 1.0}};{'d0': 0.024905832919416625};-280.569866449044;39.92404976634496
22463;-100.360883458177;(_a0_ * ((x * pow2((_a6_ * (((_a2_ * _a6_) + x) * _a6_)))) + x));{'d0': {'_a0_': 1.4465760893583297, '_a2_': 0.25235794493024816, '_a6_': 1.2360605801434374, '_a1_': 1.0, '_a3_': 1.0, '_a4_': 1.0, '_a5_': 1.0, '_a7_': 1.0}};{'d0': 0.024905832919416625};-280.569866449044;39.92404976634496
22464;-100.360883458177;(_a0_ * ((x * pow2((_a6_ * (((_a2_ * _a6_) + x) * _a6_)))) + x));{'d0': {'_a0_': 1.4465760893583297, '_a2_': 0.25235794493024816, '_a6_': 1.2360605801434374, '_a1_': 1.0, '_a3_': 1.0, '_a4_': 1.0, '_a5_': 1.0, '_a7_': 1.0}};{'d0': 0.024905832919416625};-280.569866449044;39.92404976634496
22465;-100.360883458177;(_a0_ * ((x * pow2((_a6_ * (((_a2_ * _a6_) + x) * _a6_)))) + x));{'d0': {'_a0_': 1.4465760893583297, '_a2_': 0.25235794493024816, '_a6_': 1.2360605801434374, '_a1_': 1.0, '_a3_': 1.0, '_a4_': 1.0, '_a5_': 1.0, '_a7_': 1.0}};{'d0': 0.024905832919416625};-280.569866449044;39.92404976634496
22466;-100.360883458177;(_a0_ * ((x * pow2((_a6_ * (((_a2_ * _a6_) + x) * _a6_)))) + x));{'d0': {'_a0_': 1.4465760893583297, '_a2_': 0.25235794493024816, '_a6_': 1.2360605801434374, '_a1_': 1.0, '_a3_': 1.0, '_a4_': 1.0, '_a5_': 1.0, '_a7_': 1.0}};{'d0': 0.024905832919416625};-280.569866449044;39.92404976634496
22467;-100.360883458177;(_a0_ * ((x * pow2((_a6_ * (((_a2_ * _a6_) + x) * _a6_)))) + x));{'d0': {'_a0_': 1.4465760893583297, '_a2_': 0.25235794493024816, '_a6_': 1.2360605801434374, '_a1_': 1.0, '_a3_': 1.0, '_a4_': 1.0, '_a5_': 1.0, '_a7_': 1.0}};{'d0': 0.024905832919416625};-280.569866449044;39.92404976634496
22468;-104.992057584893;((((x * _a6_) + _a4_) + (pow2(x) * sqrt(_a1_))) * x);{'d0': {'_a1_': 11.402514039933058, '_a4_': 1.7751354041597531, '_a6_': 2.1066240692002247, '_a0_': 1.0, '_a2_': 1.0, '_a3_': 1.0, '_a5_': 1.0, '_a7_': 1.0}};{'d0': 0.02490583291941664};-280.569866449044;35.292875639629
22469;-104.992057584893;((((x * _a6_) + _a4_) + (pow2(x) * sqrt(_a1_))) * x);{'d0': {'_a1_': 11.402514039933058, '_a4_': 1.7751354041597531, '_a6_': 2.1066240692002247, '_a0_': 1.0, '_a2_': 1.0, '_a3_': 1.0, '_a5_': 1.0, '_a7_': 1.0}};{'d0': 0.02490583291941664};-280.569866449044;35.292875639629
22470;-104.992057584893;((((x * _a6_) + _a4_) + (pow2(x) * sqrt(_a1_))) * x);{'d0': {'_a1_': 11.402514039933058, '_a4_': 1.7751354041597531, '_a6_': 2.1066240692002247, '_a0_': 1.0, '_a2_': 1.0, '_a3_': 1.0, '_a5_': 1.0, '_a7_': 1.0}};{'d0': 0.02490583291941664};-280.569866449044;35.292875639629
22471;-104.992057584893;((((x * _a6_) + _a4_) + (pow2(x) * sqrt(_a1_))) * x);{'d0': {'_a1_': 11.402514039933058, '_a4_': 1.7751354041597531, '_a6_': 2.1066240692002247, '_a0_': 1.0, '_a2_': 1.0, '_a3_': 1.0, '_a5_': 1.0, '_a7_': 1.0}};{'d0': 0.02490583291941664};-280.569866449044;35.292875639629
22472;-104.992057584893;((((x * _a2_) + _a4_) + (pow2(x) * sqrt(_a1_))) * x);{'d0': {'_a1_': 11.402514017984108, '_a2_': 2.1066240667525125, '_a4_': 1.7751354043912886, '_a0_': 1.0, '_a3_': 1.0, '_a5_': 1.0, '_a6_': 1.0, '_a7_': 1.0}};{'d0': 0.02490583291941659};-280.569866449044;35.292875639629
22473;-104.992057584893;((((x * _a2_) + _a4_) + (pow2(x) * sqrt(_a1_))) * x);{'d0': {'_a1_': 11.402514017984108, '_a2_': 2.1066240667525125, '_a4_': 1.7751354043912886, '_a0_': 1.0, '_a3_': 1.0, '_a5_': 1.0, '_a6_': 1.0, '_a7_': 1.0}};{'d0': 0.02490583291941659};-280.569866449044;35.292875639629
22474;-104.992057584893;((((x * _a2_) + _a4_) + (pow2(x) * sqrt(_a1_))) * x);{'d0': {'_a1_': 11.402514017984108, '_a2_': 2.1066240667525125, '_a4_': 1.7751354043912886, '_a0_': 1.0, '_a3_': 1.0, '_a5_': 1.0, '_a6_': 1.0, '_a7_': 1.0}};{'d0': 0.02490583291941659};-280.569866449044;35.292875639629
22475;-104.992057584893;((((x * _a2_) + _a4_) + (pow2(x) * sqrt(_a1_))) * x);{'d0': {'_a1_': 11.402514017984108, '_a2_': 2.1066240667525125, '_a4_': 1.7751354043912886, '_a0_': 1.0, '_a3_': 1.0, '_a5_': 1.0, '_a6_': 1.0, '_a7_': 1.0}};{'d0': 0.02490583291941659};-280.569866449044;35.292875639629
22476;-104.992057584893;((((x * _a2_) + _a4_) + (pow2(x) * sqrt(_a1_))) * x);{'d0': {'_a1_': 11.402514017984108, '_a2_': 2.1066240667525125, '_a4_': 1.7751354043912886, '_a0_': 1.0, '_a3_': 1.0, '_a5_': 1.0, '_a6_': 1.0, '_a7_': 1.0}};{'d0': 0.02490583291941659};-280.569866449044;35.292875639629
22477;-104.992057584893;((((x * _a2_) + _a4_) + (pow2(x) * sqrt(_a1_))) * x);{'d0': {'_a1_': 11.402514017984108, '_a2_': 2.1066240667525125, '_a4_': 1.7751354043912886, '_a0_': 1.0, '_a3_': 1.0, '_a5_': 1.0, '_a6_': 1.0, '_a7_': 1.0}};{'d0': 0.02490583291941659};-280.569866449044;35.292875639629
22478;-104.992057584893;((((x * _a2_) + _a4_) + (pow2(x) * sqrt(_a1_))) * x);{'d0': {'_a1_': 11.402514017984108, '_a2_': 2.1066240667525125, '_a4_': 1.7751354043912886, '_a0_': 1.0, '_a3_': 1.0, '_a5_': 1.0, '_a6_': 1.0, '_a7_': 1.0}};{'d0': 0.02490583291941659};-280.569866449044;35.292875639629
22479;-100.360883458177;(_a0_ * ((x * pow2((_a6_ * (((_a2_ * _a6_) + x) * _a6_)))) + x));{'d0': {'_a0_': 1.4465760893583297, '_a2_': 0.25235794493024816, '_a6_': 1.2360605801434374, '_a1_': 1.0, '_a3_': 1.0, '_a4_': 1.0, '_a5_': 1.0, '_a7_': 1.0}};{'d0': 0.024905832919416625};-280.569866449044;39.92404976634496
22480;-100.360883458177;(_a0_ * ((x * pow2((_a6_ * (((_a2_ * _a6_) + x) * _a6_)))) + x));{'d0': {'_a0_': 1.4465760893583297, '_a2_': 0.25235794493024816, '_a6_': 1.2360605801434374, '_a1_': 1.0, '_a3_': 1.0, '_a4_': 1.0, '_a5_': 1.0, '_a7_': 1.0}};{'d0': 0.024905832919416625};-280.569866449044;39.92404976634496
22481;-100.360883458177;(_a0_ * ((x * pow2((_a6_ * (((_a2_ * _a6_) + x) * _a6_)))) + x));{'d0': {'_a0_': 1.4465760893583297, '_a2_': 0.25235794493024816, '_a6_': 1.2360605801434374, '_a1_': 1.0, '_a3_': 1.0, '_a4_': 1.0, '_a5_': 1.0, '_a7_': 1.0}};{'d0': 0.024905832919416625};-280.569866449044;39.92404976634496
22482;-100.360883458177;(_a0_ * ((x * pow2((_a6_ * (((_a2_ * _a6_) + x) * _a6_)))) + x));{'d0': {'_a0_': 1.4465760893583297, '_a2_': 0.25235794493024816, '_a6_': 1.2360605801434374, '_a1_': 1.0, '_a3_': 1.0, '_a4_': 1.0, '_a5_': 1.0, '_a7_': 1.0}};{'d0': 0.024905832919416625};-280.569866449044;39.92404976634496
22483;-100.360883458177;(_a0_ * ((x * pow2((_a6_ * (((_a2_ * _a6_) + x) * _a6_)))) + x));{'d0': {'_a0_': 1.4465760893583297, '_a2_': 0.25235794493024816, '_a6_': 1.2360605801434374, '_a1_': 1.0, '_a3_': 1.0, '_a4_': 1.0, '_a5_': 1.0, '_a7_': 1.0}};{'d0': 0.024905832919416625};-280.569866449044;39.92404976634496
22484;-100.360883458177;(_a0_ * ((x * pow2((_a6_ * (((_a2_ * _a6_) + x) * _a6_)))) + x));{'d0': {'_a0_': 1.4465760893583297, '_a2_': 0.25235794493024816, '_a6_': 1.2360605801434374, '_a1_': 1.0, '_a3_': 1.0, '_a4_': 1.0, '_a5_': 1.0, '_a7_': 1.0}};{'d0': 0.024905832919416625};-280.569866449044;39.92404976634496
22485;-100.360883458177;(_a0_ * ((x * pow2((_a6_ * (((_a2_ * _a6_) + x) * _a6_)))) + x));{'d0': {'_a0_': 1.4465760893583297, '_a2_': 0.25235794493024816, '_a6_': 1.2360605801434374, '_a1_': 1.0, '_a3_': 1.0, '_a4_': 1.0, '_a5_': 1.0, '_a7_': 1.0}};{'d0': 0.024905832919416625};-280.569866449044;39.92404976634496
22486;-100.360883458177;(_a0_ * ((x * pow2((_a6_ * (((_a2_ * _a6_) + x) * _a6_)))) + x));{'d0': {'_a0_': 1.4465760893583297, '_a2_': 0.25235794493024816, '_a6_': 1.2360605801434374, '_a1_': 1.0, '_a3_': 1.0, '_a4_': 1.0, '_a5_': 1.0, '_a7_': 1.0}};{'d0': 0.024905832919416625};-280.569866449044;39.92404976634496
22487;-104.992057584893;((((x * _a2_) + _a4_) + (pow2(x) * sqrt(_a1_))) * x);{'d0': {'_a1_': 11.402514017984108, '_a2_': 2.1066240667525125, '_a4_': 1.7751354043912886, '_a0_': 1.0, '_a3_': 1.0, '_a5_': 1.0, '_a6_': 1.0, '_a7_': 1.0}};{'d0': 0.02490583291941659};-280.569866449044;35.292875639629
22488;-104.992057584893;((((x * _a2_) + _a4_) + (pow2(x) * sqrt(_a1_))) * x);{'d0': {'_a1_': 11.402514017984108, '_a2_': 2.1066240667525125, '_a4_': 1.7751354043912886, '_a0_': 1.0, '_a3_': 1.0, '_a5_': 1.0, '_a6_': 1.0, '_a7_': 1.0}};{'d0': 0.02490583291941659};-280.569866449044;35.292875639629
22489;-104.992057584893;((((x * _a2_) + _a4_) + (pow2(x) * sqrt(_a1_))) * x);{'d0': {'_a1_': 11.402514017984108, '_a2_': 2.1066240667525125, '_a4_': 1.7751354043912886, '_a0_': 1.0, '_a3_': 1.0, '_a5_': 1.0, '_a6_': 1.0, '_a7_': 1.0}};{'d0': 0.02490583291941659};-280.569866449044;35.292875639629
22490;-100.042717659436;((((x * (_a1_ * _a0_)) + _a4_) + (pow2(x) * sqrt(_a1_))) * x);{'d0': {'_a0_': 0.18475084177376933, '_a1_': 11.4025140511095, '_a4_': 1.7751354031907112, '_a2_': 1.0, '_a3_': 1.0, '_a5_': 1.0, '_a6_': 1.0, '_a7_': 1.0}};{'d0': 0.02490583291941661};-280.569866449044;40.242215565086
22491;-100.042717659436;((((x * (_a1_ * _a0_)) + _a4_) + (pow2(x) * sqrt(_a1_))) * x);{'d0': {'_a0_': 0.18475084177376933, '_a1_': 11.4025140511095, '_a4_': 1.7751354031907112, '_a2_': 1.0, '_a3_': 1.0, '_a5_': 1.0, '_a6_': 1.0, '_a7_': 1.0}};{'d0': 0.02490583291941661};-280.569866449044;40.242215565086
22492;-97.4148073309136;((((x * (_a1_ * _a0_)) + _a4_) + (pow2(x) * (_a3_ + _a4_))) * x);{'d0': {'_a0_': 0.16170142367497162, '_a1_': 13.02785777556525, '_a3_': 1.6016254771222531, '_a4_': 1.7751354039397302, '_a2_': 1.0, '_a5_': 1.0, '_a6_': 1.0, '_a7_': 1.0}};{'d0': 0.024905832926806367};-276.475521869019;40.822953603596
22493;-97.4148073309136;((((x * (_a1_ * _a0_)) + _a4_) + (pow2(x) * (_a3_ + _a4_))) * x);{'d0': {'_a0_': 0.16170142367497162, '_a1_': 13.02785777556525, '_a3_': 1.6016254771222531, '_a4_': 1.7751354039397302, '_a2_': 1.0, '_a5_': 1.0, '_a6_': 1.0, '_a7_': 1.0}};{'d0': 0.024905832926806367};-276.475521869019;40.822953603596
22494;-92.3931101279258;(((((x * (_a1_ * _a0_)) + _a4_) + (pow2(x) * (_a3_ + _a4_))) * x) * _a0_);{'d0': {'_a0_': 0.4010900908074858, '_a1_': 13.094928141289117, '_a3_': 3.9931811838928275, '_a4_': 4.425777071279705, '_a2_': 1.0, '_a5_': 1.0, '_a6_': 1.0, '_a7_': 1.0}};{'d0': 0.024905832919507983};-276.475521886601;45.844650815375
22495;-92.3931101279258;(((((x * (_a1_ * _a0_)) + _a4_) + (pow2(x) * (_a3_ + _a4_))) * x) * _a0_);{'d0': {'_a0_': 0.4010900908074858, '_a1_': 13.094928141289117, '_a3_': 3.9931811838928275, '_a4_': 4.425777071279705, '_a2_': 1.0, '_a5_': 1.0, '_a6_': 1.0, '_a7_': 1.0}};{'d0': 0.024905832919507983};-276.475521886601;45.844650815375
22496;-92.3931101279258;(((((x * (_a1_ * _a0_)) + _a4_) + (pow2(x) * (_a3_ + _a4_))) * x) * _a0_);{'d0': {'_a0_': 0.4010900908074858, '_a1_': 13.094928141289117, '_a3_': 3.9931811838928275, '_a4_': 4.425777071279705, '_a2_': 1.0, '_a5_': 1.0, '_a6_': 1.0, '_a7_': 1.0}};{'d0': 0.024905832919507983};-276.475521886601;45.844650815375
22497;-92.3931101279258;(((((x * (_a1_ * _a0_)) + _a4_) + (pow2(x) * (_a3_ + _a4_))) * x) * _a0_);{'d0': {'_a0_': 0.4010900908074858, '_a1_': 13.094928141289117, '_a3_': 3.9931811838928275, '_a4_': 4.425777071279705, '_a2_': 1.0, '_a5_': 1.0, '_a6_': 1.0, '_a7_': 1.0}};{'d0': 0.024905832919507983};-276.475521886601;45.844650815375
22498;-97.4148073387367;(((((x * _a5_) + _a4_) + (pow2(x) * (_a3_ + _a4_))) * x) * _a0_);{'d0': {'_a0_': 0.4040253834234524, '_a3_': 3.964170023711704, '_a4_': 4.393623020072584, '_a5_': 5.214087884551729, '_a1_': 1.0, '_a2_': 1.0, '_a6_': 1.0, '_a7_': 1.0}};{'d0': 0.024905832920311736};-276.475521884665;40.822953603596
22499;-97.4148073387367;(((((x * _a5_) + _a4_) + (pow2(x) * (_a3_ + _a4_))) * x) * _a0_);{'d0': {'_a0_': 0.4040253834234524, '_a3_': 3.964170023711704, '_a4_': 4.393623020072584, '_a5_': 5.214087884551729, '_a1_': 1.0, '_a2_': 1.0, '_a6_': 1.0, '_a7_': 1.0}};{'d0': 0.024905832920311736};-276.475521884665;40.822953603596
22500;-97.4148073387367;(((((x * _a5_) + _a4_) + (pow2(x) * (_a3_ + _a4_))) * x) * _a0_);{'d0': {'_a0_': 0.4040253834234524, '_a3_': 3.964170023711704, '_a4_': 4.393623020072584, '_a5_': 5.214087884551729, '_a1_': 1.0, '_a2_': 1.0, '_a6_': 1.0, '_a7_': 1.0}};{'d0': 0.024905832920311736};-276.475521884665;40.822953603596
22501;-97.4148073387367;(((((x * _a5_) + _a4_) + (pow2(x) * (_a3_ + _a4_))) * x) * _a0_);{'d0': {'_a0_': 0.4040253834234524, '_a3_': 3.964170023711704, '_a4_': 4.393623020072584, '_a5_': 5.214087884551729, '_a1_': 1.0, '_a2_': 1.0, '_a6_': 1.0, '_a7_': 1.0}};{'d0': 0.024905832920311736};-276.475521884665;40.822953603596
22502;-97.4148073387367;(((((x * _a5_) + _a4_) + (pow2(x) * (_a3_ + _a4_))) * x) * _a0_);{'d0': {'_a0_': 0.4040253834234524, '_a3_': 3.964170023711704, '_a4_': 4.393623020072584, '_a5_': 5.214087884551729, '_a1_': 1.0, '_a2_': 1.0, '_a6_': 1.0, '_a7_': 1.0}};{'d0': 0.024905832920311736};-276.475521884665;40.822953603596
22503;-97.4148073387367;(((((x * _a5_) + _a4_) + (pow2(x) * (_a3_ + _a4_))) * x) * _a0_);{'d0': {'_a0_': 0.4040253834234524, '_a3_': 3.964170023711704, '_a4_': 4.393623020072584, '_a5_': 5.214087884551729, '_a1_': 1.0, '_a2_': 1.0, '_a6_': 1.0, '_a7_': 1.0}};{'d0': 0.024905832920311736};-276.475521884665;40.822953603596
22504;-100.360883458177;(_a0_ * ((x * pow2((_a6_ * (((_a2_ * _a6_) + x) * _a6_)))) + x));{'d0': {'_a0_': 1.4465760893583297, '_a2_': 0.25235794493024816, '_a6_': 1.2360605801434374, '_a1_': 1.0, '_a3_': 1.0, '_a4_': 1.0, '_a5_': 1.0, '_a7_': 1.0}};{'d0': 0.024905832919416625};-280.569866449044;39.92404976634496
22505;-100.360883458177;(_a0_ * ((x * pow2((_a6_ * (((_a2_ * _a6_) + x) * _a6_)))) + x));{'d0': {'_a0_': 1.4465760893583297, '_a2_': 0.25235794493024816, '_a6_': 1.2360605801434374, '_a1_': 1.0, '_a3_': 1.0, '_a4_': 1.0, '_a5_': 1.0, '_a7_': 1.0}};{'d0': 0.024905832919416625};-280.569866449044;39.92404976634496
22506;-100.360883458177;(_a0_ * ((x * pow2((_a6_ * (((_a2_ * _a6_) + x) * _a6_)))) + x));{'d0': {'_a0_': 1.4465760893583297, '_a2_': 0.25235794493024816, '_a6_': 1.2360605801434374, '_a1_': 1.0, '_a3_': 1.0, '_a4_': 1.0, '_a5_': 1.0, '_a7_': 1.0}};{'d0': 0.024905832919416625};-280.569866449044;39.92404976634496
22507;-100.360883458177;(_a0_ * ((x * pow2((_a6_ * (((_a2_ * _a6_) + x) * _a6_)))) + x));{'d0': {'_a0_': 1.4465760893583297, '_a2_': 0.25235794493024816, '_a6_': 1.2360605801434374, '_a1_': 1.0, '_a3_': 1.0, '_a4_': 1.0, '_a5_': 1.0, '_a7_': 1.0}};{'d0': 0.024905832919416625};-280.569866449044;39.92404976634496
22508;-100.360883458177;(_a0_ * ((x * pow2((_a6_ * (((_a2_ * _a6_) + x) * _a6_)))) + x));{'d0': {'_a0_': 1.4465760893583297, '_a2_': 0.25235794493024816, '_a6_': 1.2360605801434374, '_a1_': 1.0, '_a3_': 1.0, '_a4_': 1.0, '_a5_': 1.0, '_a7_': 1.0}};{'d0': 0.024905832919416625};-280.569866449044;39.92404976634496
22509;-100.360883458177;(_a0_ * ((x * pow2((_a6_ * (((_a2_ * _a6_) + x) * _a6_)))) + x));{'d0': {'_a0_': 1.4465760893583297, '_a2_': 0.25235794493024816, '_a6_': 1.2360605801434374, '_a1_': 1.0, '_a3_': 1.0, '_a4_': 1.0, '_a5_': 1.0, '_a7_': 1.0}};{'d0': 0.024905832919416625};-280.569866449044;39.92404976634496
22510;-100.360883458177;(_a0_ * ((x * pow2((_a6_ * (((_a2_ * _a6_) + x) * _a6_)))) + x));{'d0': {'_a0_': 1.4465760893583297, '_a2_': 0.25235794493024816, '_a6_': 1.2360605801434374, '_a1_': 1.0, '_a3_': 1.0, '_a4_': 1.0, '_a5_': 1.0, '_a7_': 1.0}};{'d0': 0.024905832919416625};-280.569866449044;39.92404976634496
22511;-100.360883458177;(_a0_ * ((x * pow2((_a6_ * (((_a2_ * _a6_) + x) * _a6_)))) + x));{'d0': {'_a0_': 1.4465760893583297, '_a2_': 0.25235794493024816, '_a6_': 1.2360605801434374, '_a1_': 1.0, '_a3_': 1.0, '_a4_': 1.0, '_a5_': 1.0, '_a7_': 1.0}};{'d0': 0.024905832919416625};-280.569866449044;39.92404976634496
22512;-100.360883458177;(_a0_ * ((x * pow2((_a6_ * (((_a2_ * _a6_) + x) * _a6_)))) + x));{'d0': {'_a0_': 1.4465760893583297, '_a2_': 0.25235794493024816, '_a6_': 1.2360605801434374, '_a1_': 1.0, '_a3_': 1.0, '_a4_': 1.0, '_a5_': 1.0, '_a7_': 1.0}};{'d0': 0.024905832919416625};-280.569866449044;39.92404976634496
22513;-100.360883458177;(_a0_ * ((x * pow2((_a6_ * (((_a2_ * _a6_) + x) * _a6_)))) + x));{'d0': {'_a0_': 1.4465760893583297, '_a2_': 0.25235794493024816, '_a6_': 1.2360605801434374, '_a1_': 1.0, '_a3_': 1.0, '_a4_': 1.0, '_a5_': 1.0, '_a7_': 1.0}};{'d0': 0.024905832919416625};-280.569866449044;39.92404976634496
22514;-100.360883458177;(_a0_ * ((x * pow2((_a6_ * (((_a2_ * _a6_) + x) * _a6_)))) + x));{'d0': {'_a0_': 1.4465760893583297, '_a2_': 0.25235794493024816, '_a6_': 1.2360605801434374, '_a1_': 1.0, '_a3_': 1.0, '_a4_': 1.0, '_a5_': 1.0, '_a7_': 1.0}};{'d0': 0.024905832919416625};-280.569866449044;39.92404976634496
22515;-100.360883458177;(_a0_ * ((x * pow2((_a6_ * (((_a2_ * _a6_) + x) * _a6_)))) + x));{'d0': {'_a0_': 1.4465760893583297, '_a2_': 0.25235794493024816, '_a6_': 1.2360605801434374, '_a1_': 1.0, '_a3_': 1.0, '_a4_': 1.0, '_a5_': 1.0, '_a7_': 1.0}};{'d0': 0.024905832919416625};-280.569866449044;39.92404976634496
22516;-100.360883458177;(_a0_ * ((x * pow2((_a6_ * (((_a2_ * _a6_) + x) * _a6_)))) + x));{'d0': {'_a0_': 1.4465760893583297, '_a2_': 0.25235794493024816, '_a6_': 1.2360605801434374, '_a1_': 1.0, '_a3_': 1.0, '_a4_': 1.0, '_a5_': 1.0, '_a7_': 1.0}};{'d0': 0.024905832919416625};-280.569866449044;39.92404976634496
22517;-100.360883458177;(_a0_ * ((x * pow2((_a6_ * (((_a2_ * _a6_) + x) * _a6_)))) + x));{'d0': {'_a0_': 1.4465760893583297, '_a2_': 0.25235794493024816, '_a6_': 1.2360605801434374, '_a1_': 1.0, '_a3_': 1.0, '_a4_': 1.0, '_a5_': 1.0, '_a7_': 1.0}};{'d0': 0.024905832919416625};-280.569866449044;39.92404976634496
22518;-100.360883458177;(_a0_ * ((x * pow2((_a6_ * (((_a2_ * _a6_) + x) * _a6_)))) + x));{'d0': {'_a0_': 1.4465760893583297, '_a2_': 0.25235794493024816, '_a6_': 1.2360605801434374, '_a1_': 1.0, '_a3_': 1.0, '_a4_': 1.0, '_a5_': 1.0, '_a7_': 1.0}};{'d0': 0.024905832919416625};-280.569866449044;39.92404976634496
22519;-100.360883458177;(_a0_ * ((x * pow2((_a6_ * (((_a2_ * _a6_) + x) * _a6_)))) + x));{'d0': {'_a0_': 1.4465760893583297, '_a2_': 0.25235794493024816, '_a6_': 1.2360605801434374, '_a1_': 1.0, '_a3_': 1.0, '_a4_': 1.0, '_a5_': 1.0, '_a7_': 1.0}};{'d0': 0.024905832919416625};-280.569866449044;39.92404976634496
22520;-100.360883458177;(_a0_ * ((x * pow2((_a6_ * (((_a2_ * _a6_) + x) * _a6_)))) + x));{'d0': {'_a0_': 1.4465760893583297, '_a2_': 0.25235794493024816, '_a6_': 1.2360605801434374, '_a1_': 1.0, '_a3_': 1.0, '_a4_': 1.0, '_a5_': 1.0, '_a7_': 1.0}};{'d0': 0.024905832919416625};-280.569866449044;39.92404976634496
22521;-100.360883458177;(_a0_ * ((x * pow2((_a6_ * (((_a2_ * _a6_) + x) * _a6_)))) + x));{'d0': {'_a0_': 1.4465760893583297, '_a2_': 0.25235794493024816, '_a6_': 1.2360605801434374, '_a1_': 1.0, '_a3_': 1.0, '_a4_': 1.0, '_a5_': 1.0, '_a7_': 1.0}};{'d0': 0.024905832919416625};-280.569866449044;39.92404976634496
22522;-100.360883458177;(_a0_ * ((x * pow2((_a6_ * (((_a2_ * _a6_) + x) * _a6_)))) + x));{'d0': {'_a0_': 1.4465760893583297, '_a2_': 0.25235794493024816, '_a6_': 1.2360605801434374, '_a1_': 1.0, '_a3_': 1.0, '_a4_': 1.0, '_a5_': 1.0, '_a7_': 1.0}};{'d0': 0.024905832919416625};-280.569866449044;39.92404976634496
22523;-100.360883458177;(_a0_ * ((x * pow2((_a6_ * (((_a2_ * _a6_) + x) * _a6_)))) + x));{'d0': {'_a0_': 1.4465760893583297, '_a2_': 0.25235794493024816, '_a6_': 1.2360605801434374, '_a1_': 1.0, '_a3_': 1.0, '_a4_': 1.0, '_a5_': 1.0, '_a7_': 1.0}};{'d0': 0.024905832919416625};-280.569866449044;39.92404976634496
22524;-100.360883458177;(_a0_ * ((x * pow2((_a6_ * (((_a2_ * _a6_) + x) * _a6_)))) + x));{'d0': {'_a0_': 1.4465760893583297, '_a2_': 0.25235794493024816, '_a6_': 1.2360605801434374, '_a1_': 1.0, '_a3_': 1.0, '_a4_': 1.0, '_a5_': 1.0, '_a7_': 1.0}};{'d0': 0.024905832919416625};-280.569866449044;39.92404976634496
22525;-100.360883458177;(_a0_ * ((x * pow2((_a6_ * (((_a2_ * _a6_) + x) * _a6_)))) + x));{'d0': {'_a0_': 1.4465760893583297, '_a2_': 0.25235794493024816, '_a6_': 1.2360605801434374, '_a1_': 1.0, '_a3_': 1.0, '_a4_': 1.0, '_a5_': 1.0, '_a7_': 1.0}};{'d0': 0.024905832919416625};-280.569866449044;39.92404976634496
22526;-100.360883458177;(_a0_ * ((x * pow2((_a6_ * (((_a2_ * _a6_) + x) * _a0_)))) + x));{'d0': {'_a0_': 1.4465760879862382, '_a2_': 0.295337440568906, '_a6_': 1.0561807095190403, '_a1_': 1.0, '_a3_': 1.0, '_a4_': 1.0, '_a5_': 1.0, '_a7_': 1.0}};{'d0': 0.024905832919416667};-280.569866449044;39.92404976634496
22527;-100.360883458177;(_a0_ * ((x * pow2((_a6_ * (((_a2_ * _a6_) + x) * _a0_)))) + x));{'d0': {'_a0_': 1.4465760879862382, '_a2_': 0.295337440568906, '_a6_': 1.0561807095190403, '_a1_': 1.0, '_a3_': 1.0, '_a4_': 1.0, '_a5_': 1.0, '_a7_': 1.0}};{'d0': 0.024905832919416667};-280.569866449044;39.92404976634496
22528;-100.360883458177;(_a0_ * ((x * pow2((_a6_ * (((_a2_ * _a6_) + x) * _a0_)))) + x));{'d0': {'_a0_': 1.4465760879862382, '_a2_': 0.295337440568906, '_a6_': 1.0561807095190403, '_a1_': 1.0, '_a3_': 1.0, '_a4_': 1.0, '_a5_': 1.0, '_a7_': 1.0}};{'d0': 0.024905832919416667};-280.569866449044;39.92404976634496
22529;-100.360883458177;(_a0_ * ((x * pow2((_a6_ * (((_a2_ * _a6_) + x) * _a0_)))) + x));{'d0': {'_a0_': 1.4465760879862382, '_a2_': 0.295337440568906, '_a6_': 1.0561807095190403, '_a1_': 1.0, '_a3_': 1.0, '_a4_': 1.0, '_a5_': 1.0, '_a7_': 1.0}};{'d0': 0.024905832919416667};-280.569866449044;39.92404976634496
22530;-100.360883458177;(_a0_ * ((x * pow2((_a6_ * (((_a2_ * _a6_) + x) * _a0_)))) + x));{'d0': {'_a0_': 1.4465760879862382, '_a2_': 0.295337440568906, '_a6_': 1.0561807095190403, '_a1_': 1.0, '_a3_': 1.0, '_a4_': 1.0, '_a5_': 1.0, '_a7_': 1.0}};{'d0': 0.024905832919416667};-280.569866449044;39.92404976634496
22531;-100.360883458177;(_a0_ * ((x * pow2((_a6_ * (((_a2_ * _a6_) + x) * _a0_)))) + x));{'d0': {'_a0_': 1.4465760879862382, '_a2_': 0.295337440568906, '_a6_': 1.0561807095190403, '_a1_': 1.0, '_a3_': 1.0, '_a4_': 1.0, '_a5_': 1.0, '_a7_': 1.0}};{'d0': 0.024905832919416667};-280.569866449044;39.92404976634496
22532;-100.360883458177;(_a0_ * ((x * pow2((_a6_ * (((_a2_ * _a6_) + x) * _a0_)))) + x));{'d0': {'_a0_': 1.4465760879862382, '_a2_': 0.295337440568906, '_a6_': 1.0561807095190403, '_a1_': 1.0, '_a3_': 1.0, '_a4_': 1.0, '_a5_': 1.0, '_a7_': 1.0}};{'d0': 0.024905832919416667};-280.569866449044;39.92404976634496
22533;-100.360883458177;(_a0_ * ((x * pow2((_a6_ * (((_a2_ * _a6_) + x) * _a0_)))) + x));{'d0': {'_a0_': 1.4465760879862382, '_a2_': 0.295337440568906, '_a6_': 1.0561807095190403, '_a1_': 1.0, '_a3_': 1.0, '_a4_': 1.0, '_a5_': 1.0, '_a7_': 1.0}};{'d0': 0.024905832919416667};-280.569866449044;39.92404976634496
22534;-100.360883458177;(_a0_ * ((x * pow2((_a6_ * (((_a2_ * _a6_) + x) * _a0_)))) + x));{'d0': {'_a0_': 1.4465760879862382, '_a2_': 0.295337440568906, '_a6_': 1.0561807095190403, '_a1_': 1.0, '_a3_': 1.0, '_a4_': 1.0, '_a5_': 1.0, '_a7_': 1.0}};{'d0': 0.024905832919416667};-280.569866449044;39.92404976634496
22535;-100.360883458177;(_a0_ * ((x * pow2((_a6_ * (((_a2_ * _a6_) + x) * _a0_)))) + x));{'d0': {'_a0_': 1.4465760879862382, '_a2_': 0.295337440568906, '_a6_': 1.0561807095190403, '_a1_': 1.0, '_a3_': 1.0, '_a4_': 1.0, '_a5_': 1.0, '_a7_': 1.0}};{'d0': 0.024905832919416667};-280.569866449044;39.92404976634496
22536;-100.360883458177;(_a0_ * ((x * pow2((_a6_ * (((_a2_ * _a6_) + x) * _a0_)))) + x));{'d0': {'_a0_': 1.4465760879862382, '_a2_': 0.295337440568906, '_a6_': 1.0561807095190403, '_a1_': 1.0, '_a3_': 1.0, '_a4_': 1.0, '_a5_': 1.0, '_a7_': 1.0}};{'d0': 0.024905832919416667};-280.569866449044;39.92404976634496
22537;-100.360883458177;(_a0_ * ((x * pow2((_a6_ * (((_a2_ * _a6_) + x) * _a0_)))) + x));{'d0': {'_a0_': 1.4465760879862382, '_a2_': 0.295337440568906, '_a6_': 1.0561807095190403, '_a1_': 1.0, '_a3_': 1.0, '_a4_': 1.0, '_a5_': 1.0, '_a7_': 1.0}};{'d0': 0.024905832919416667};-280.569866449044;39.92404976634496
22538;-100.360883458177;(_a0_ * ((x * pow2((_a6_ * (((_a2_ * _a6_) + x) * _a0_)))) + x));{'d0': {'_a0_': 1.4465760879862382, '_a2_': 0.295337440568906, '_a6_': 1.0561807095190403, '_a1_': 1.0, '_a3_': 1.0, '_a4_': 1.0, '_a5_': 1.0, '_a7_': 1.0}};{'d0': 0.024905832919416667};-280.569866449044;39.92404976634496
22539;-100.360883458177;(_a0_ * ((x * pow2((_a6_ * (((_a2_ * _a6_) + x) * _a0_)))) + x));{'d0': {'_a0_': 1.4465760879862382, '_a2_': 0.295337440568906, '_a6_': 1.0561807095190403, '_a1_': 1.0, '_a3_': 1.0, '_a4_': 1.0, '_a5_': 1.0, '_a7_': 1.0}};{'d0': 0.024905832919416667};-280.569866449044;39.92404976634496
22540;-100.360883458177;(_a0_ * ((x * pow2((_a6_ * (((_a2_ * _a6_) + x) * _a0_)))) + x));{'d0': {'_a0_': 1.4465760879862382, '_a2_': 0.295337440568906, '_a6_': 1.0561807095190403, '_a1_': 1.0, '_a3_': 1.0, '_a4_': 1.0, '_a5_': 1.0, '_a7_': 1.0}};{'d0': 0.024905832919416667};-280.569866449044;39.92404976634496
22541;-100.360883458177;(_a0_ * ((x * pow2((_a6_ * (((_a2_ * _a6_) + x) * _a0_)))) + x));{'d0': {'_a0_': 1.4465760879862382, '_a2_': 0.295337440568906, '_a6_': 1.0561807095190403, '_a1_': 1.0, '_a3_': 1.0, '_a4_': 1.0, '_a5_': 1.0, '_a7_': 1.0}};{'d0': 0.024905832919416667};-280.569866449044;39.92404976634496
22542;-100.360883458177;(_a0_ * ((x * pow2((_a6_ * (((_a2_ * _a6_) + x) * _a0_)))) + x));{'d0': {'_a0_': 1.4465760879862382, '_a2_': 0.295337440568906, '_a6_': 1.0561807095190403, '_a1_': 1.0, '_a3_': 1.0, '_a4_': 1.0, '_a5_': 1.0, '_a7_': 1.0}};{'d0': 0.024905832919416667};-280.569866449044;39.92404976634496
22543;-100.360883458177;(_a0_ * ((x * pow2((_a6_ * (((_a2_ * _a6_) + x) * _a0_)))) + x));{'d0': {'_a0_': 1.4465760879862382, '_a2_': 0.295337440568906, '_a6_': 1.0561807095190403, '_a1_': 1.0, '_a3_': 1.0, '_a4_': 1.0, '_a5_': 1.0, '_a7_': 1.0}};{'d0': 0.024905832919416667};-280.569866449044;39.92404976634496
22544;-100.360883458177;(_a0_ * ((x * pow2((_a6_ * (((_a2_ * _a6_) + x) * _a0_)))) + x));{'d0': {'_a0_': 1.4465760879862382, '_a2_': 0.295337440568906, '_a6_': 1.0561807095190403, '_a1_': 1.0, '_a3_': 1.0, '_a4_': 1.0, '_a5_': 1.0, '_a7_': 1.0}};{'d0': 0.024905832919416667};-280.569866449044;39.92404976634496
22545;-100.360883458177;(_a0_ * ((x * pow2((_a6_ * (((_a2_ * _a6_) + x) * _a0_)))) + x));{'d0': {'_a0_': 1.4465760879862382, '_a2_': 0.295337440568906, '_a6_': 1.0561807095190403, '_a1_': 1.0, '_a3_': 1.0, '_a4_': 1.0, '_a5_': 1.0, '_a7_': 1.0}};{'d0': 0.024905832919416667};-280.569866449044;39.92404976634496
22546;-100.360883458177;(_a0_ * ((x * pow2((_a6_ * (((_a2_ * _a6_) + x) * _a0_)))) + x));{'d0': {'_a0_': 1.4465760879862382, '_a2_': 0.295337440568906, '_a6_': 1.0561807095190403, '_a1_': 1.0, '_a3_': 1.0, '_a4_': 1.0, '_a5_': 1.0, '_a7_': 1.0}};{'d0': 0.024905832919416667};-280.569866449044;39.92404976634496
22547;-101.702633509695;(_a2_ * -((x * (_a1_ + ((pow2((x + _a2_)) * _a1_) * _a0_)))));{'d0': {'_a0_': 2.3343126594049886, '_a1_': -4.637506634753227, '_a2_': 0.3119297077726512, '_a3_': 1.0, '_a4_': 1.0, '_a5_': 1.0, '_a6_': 1.0, '_a7_': 1.0}};{'d0': 0.02490583291941668};-280.569866449043;38.58229971482625
22548;-101.702633509695;(_a2_ * -((x * (_a1_ + ((pow2((x + _a2_)) * _a1_) * _a0_)))));{'d0': {'_a0_': 2.3343126594049886, '_a1_': -4.637506634753227, '_a2_': 0.3119297077726512, '_a3_': 1.0, '_a4_': 1.0, '_a5_': 1.0, '_a6_': 1.0, '_a7_': 1.0}};{'d0': 0.02490583291941668};-280.569866449043;38.58229971482625
22549;-101.702633509695;(_a2_ * -((x * (_a1_ + ((pow2((x + _a2_)) * _a1_) * _a0_)))));{'d0': {'_a0_': 2.3343126594049886, '_a1_': -4.637506634753227, '_a2_': 0.3119297077726512, '_a3_': 1.0, '_a4_': 1.0, '_a5_': 1.0, '_a6_': 1.0, '_a7_': 1.0}};{'d0': 0.02490583291941668};-280.569866449043;38.58229971482625
22550;-101.702633509695;(_a2_ * -((x * (_a1_ + ((pow2((x + _a2_)) * _a1_) * _a0_)))));{'d0': {'_a0_': 2.3343126594049886, '_a1_': -4.637506634753227, '_a2_': 0.3119297077726512, '_a3_': 1.0, '_a4_': 1.0, '_a5_': 1.0, '_a6_': 1.0, '_a7_': 1.0}};{'d0': 0.02490583291941668};-280.569866449043;38.58229971482625
22551;-101.702633509695;(_a2_ * -((x * (_a1_ + ((pow2((x + _a2_)) * _a1_) * _a0_)))));{'d0': {'_a0_': 2.3343126594049886, '_a1_': -4.637506634753227, '_a2_': 0.3119297077726512, '_a3_': 1.0, '_a4_': 1.0, '_a5_': 1.0, '_a6_': 1.0, '_a7_': 1.0}};{'d0': 0.02490583291941668};-280.569866449043;38.58229971482625
22552;-101.702633509695;(_a2_ * -((x * (_a1_ + ((pow2((x + _a2_)) * _a1_) * _a0_)))));{'d0': {'_a0_': 2.3343126594049886, '_a1_': -4.637506634753227, '_a2_': 0.3119297077726512, '_a3_': 1.0, '_a4_': 1.0, '_a5_': 1.0, '_a6_': 1.0, '_a7_': 1.0}};{'d0': 0.02490583291941668};-280.569866449043;38.58229971482625
22553;-101.702633509695;(_a2_ * -((x * (_a1_ + ((pow2((x + _a2_)) * _a1_) * _a0_)))));{'d0': {'_a0_': 2.3343126594049886, '_a1_': -4.637506634753227, '_a2_': 0.3119297077726512, '_a3_': 1.0, '_a4_': 1.0, '_a5_': 1.0, '_a6_': 1.0, '_a7_': 1.0}};{'d0': 0.02490583291941668};-280.569866449043;38.58229971482625
22554;-101.702633509695;(_a2_ * -((x * (_a1_ + ((pow2((x + _a2_)) * _a1_) * _a0_)))));{'d0': {'_a0_': 2.3343126594049886, '_a1_': -4.637506634753227, '_a2_': 0.3119297077726512, '_a3_': 1.0, '_a4_': 1.0, '_a5_': 1.0, '_a6_': 1.0, '_a7_': 1.0}};{'d0': 0.02490583291941668};-280.569866449043;38.58229971482625
22555;-101.702633509695;(_a2_ * -((x * (_a1_ + ((pow2((x + _a2_)) * _a1_) * _a0_)))));{'d0': {'_a0_': 2.3343126594049886, '_a1_': -4.637506634753227, '_a2_': 0.3119297077726512, '_a3_': 1.0, '_a4_': 1.0, '_a5_': 1.0, '_a6_': 1.0, '_a7_': 1.0}};{'d0': 0.02490583291941668};-280.569866449043;38.58229971482625
22556;-101.702633509695;(_a2_ * -((x * (_a1_ + ((pow2((x + _a2_)) * _a1_) * _a0_)))));{'d0': {'_a0_': 2.3343126594049886, '_a1_': -4.637506634753227, '_a2_': 0.3119297077726512, '_a3_': 1.0, '_a4_': 1.0, '_a5_': 1.0, '_a6_': 1.0, '_a7_': 1.0}};{'d0': 0.02490583291941668};-280.569866449043;38.58229971482625
22557;-101.702633509695;(_a2_ * -((x * (_a1_ + ((pow2((x + _a2_)) * _a1_) * _a0_)))));{'d0': {'_a0_': 2.3343126594049886, '_a1_': -4.637506634753227, '_a2_': 0.3119297077726512, '_a3_': 1.0, '_a4_': 1.0, '_a5_': 1.0, '_a6_': 1.0, '_a7_': 1.0}};{'d0': 0.02490583291941668};-280.569866449043;38.58229971482625
22558;-101.702633509695;(_a2_ * -((x * (_a1_ + ((pow2((x + _a2_)) * _a1_) * _a0_)))));{'d0': {'_a0_': 2.3343126594049886, '_a1_': -4.637506634753227, '_a2_': 0.3119297077726512, '_a3_': 1.0, '_a4_': 1.0, '_a5_': 1.0, '_a6_': 1.0, '_a7_': 1.0}};{'d0': 0.02490583291941668};-280.569866449043;38.58229971482625
22559;-101.702633509695;(_a2_ * -((x * (_a1_ + ((pow2((x + _a2_)) * _a1_) * _a0_)))));{'d0': {'_a0_': 2.3343126594049886, '_a1_': -4.637506634753227, '_a2_': 0.3119297077726512, '_a3_': 1.0, '_a4_': 1.0, '_a5_': 1.0, '_a6_': 1.0, '_a7_': 1.0}};{'d0': 0.02490583291941668};-280.569866449043;38.58229971482625
22560;-101.702633509695;(_a2_ * -((x * (_a1_ + ((pow2((x + _a2_)) * _a1_) * _a0_)))));{'d0': {'_a0_': 2.3343126594049886, '_a1_': -4.637506634753227, '_a2_': 0.3119297077726512, '_a3_': 1.0, '_a4_': 1.0, '_a5_': 1.0, '_a6_': 1.0, '_a7_': 1.0}};{'d0': 0.02490583291941668};-280.569866449043;38.58229971482625
22561;-96.6809362979165;(_a2_ * -((x * (_a1_ + ((pow2((x + _a2_)) * _a1_) * (_a4_ * _a1_))))));{'d0': {'_a1_': -4.637506635721197, '_a2_': 0.31192970763493866, '_a4_': -0.5033551093805145, '_a0_': 1.0, '_a3_': 1.0, '_a5_': 1.0, '_a6_': 1.0, '_a7_': 1.0}};{'d0': 0.024905832919416625};-280.569866449044;43.60399692660525
22562;-96.6809362979165;(_a2_ * -((x * (_a1_ + ((pow2((x + _a2_)) * _a1_) * (_a4_ * _a1_))))));{'d0': {'_a1_': -4.637506635721197, '_a2_': 0.31192970763493866, '_a4_': -0.5033551093805145, '_a0_': 1.0, '_a3_': 1.0, '_a5_': 1.0, '_a6_': 1.0, '_a7_': 1.0}};{'d0': 0.024905832919416625};-280.569866449044;43.60399692660525
22563;-91.3216042678065;(_a2_ * -((x * (_a1_ + ((pow2((x + _a2_)) * _a1_) * (log(_a6_) * _a1_))))));{'d0': {'_a1_': -4.637506636199343, '_a2_': 0.3119297077650794, '_a6_': 0.6044990932896246, '_a0_': 1.0, '_a3_': 1.0, '_a4_': 1.0, '_a5_': 1.0, '_a7_': 1.0}};{'d0': 0.024905832919416622};-280.569866449044;48.963328956715245
22564;-100.360883458177;(_a0_ * ((x * pow2((_a6_ * (((_a2_ * _a2_) + x) * _a0_)))) + x));{'d0': {'_a0_': 1.4465760895447928, '_a2_': 0.5585066765954424, '_a6_': 1.0561807073776128, '_a1_': 1.0, '_a3_': 1.0, '_a4_': 1.0, '_a5_': 1.0, '_a7_': 1.0}};{'d0': 0.02490583291941661};-280.569866449044;39.92404976634496
22565;-100.360883458177;(_a0_ * ((x * pow2((_a6_ * (((_a2_ * _a2_) + x) * _a0_)))) + x));{'d0': {'_a0_': 1.4465760895447928, '_a2_': 0.5585066765954424, '_a6_': 1.0561807073776128, '_a1_': 1.0, '_a3_': 1.0, '_a4_': 1.0, '_a5_': 1.0, '_a7_': 1.0}};{'d0': 0.02490583291941661};-280.569866449044;39.92404976634496
22566;-100.360883458177;(_a0_ * ((x * pow2((_a6_ * (((_a2_ * _a2_) + x) * _a0_)))) + x));{'d0': {'_a0_': 1.4465760895447928, '_a2_': 0.5585066765954424, '_a6_': 1.0561807073776128, '_a1_': 1.0, '_a3_': 1.0, '_a4_': 1.0, '_a5_': 1.0, '_a7_': 1.0}};{'d0': 0.02490583291941661};-280.569866449044;39.92404976634496
22567;-91.3216042678065;(_a2_ * -((x * (_a1_ + ((pow2((x + _a2_)) * _a1_) * (log(_a6_) * _a1_))))));{'d0': {'_a1_': -4.637506636199343, '_a2_': 0.3119297077650794, '_a6_': 0.6044990932896246, '_a0_': 1.0, '_a3_': 1.0, '_a4_': 1.0, '_a5_': 1.0, '_a7_': 1.0}};{'d0': 0.024905832919416622};-280.569866449044;48.963328956715245
22568;-91.3216042678065;(_a2_ * -((x * (_a1_ + ((pow2((x + _a2_)) * _a1_) * (log(_a6_) * _a1_))))));{'d0': {'_a1_': -4.637506636199343, '_a2_': 0.3119297077650794, '_a6_': 0.6044990932896246, '_a0_': 1.0, '_a3_': 1.0, '_a4_': 1.0, '_a5_': 1.0, '_a7_': 1.0}};{'d0': 0.024905832919416622};-280.569866449044;48.963328956715245
22569;-91.3216042678064;(_a2_ * -((x * (_a1_ + ((pow2((x + _a2_)) * _a1_) * (log(_a6_) * _a6_))))));{'d0': {'_a1_': -4.637506635022735, '_a2_': 0.3119297077814475, '_a6_': 2.5226913168734355, '_a0_': 1.0, '_a3_': 1.0, '_a4_': 1.0, '_a5_': 1.0, '_a7_': 1.0}};{'d0': 0.024905832919416667};-280.569866449044;48.963328956715245
22570;-91.3216042678064;(_a2_ * -((x * (_a1_ + ((pow2((x + _a2_)) * _a1_) * (log(_a6_) * _a6_))))));{'d0': {'_a1_': -4.637506635022735, '_a2_': 0.3119297077814475, '_a6_': 2.5226913168734355, '_a0_': 1.0, '_a3_': 1.0, '_a4_': 1.0, '_a5_': 1.0, '_a7_': 1.0}};{'d0': 0.024905832919416667};-280.569866449044;48.963328956715245
22571;-91.3216042678064;(_a2_ * -((x * (_a1_ + ((pow2((x + _a2_)) * _a1_) * (log(_a6_) * _a6_))))));{'d0': {'_a1_': -4.637506635022735, '_a2_': 0.3119297077814475, '_a6_': 2.5226913168734355, '_a0_': 1.0, '_a3_': 1.0, '_a4_': 1.0, '_a5_': 1.0, '_a7_': 1.0}};{'d0': 0.024905832919416667};-280.569866449044;48.963328956715245
22572;-91.3216042678064;(_a2_ * -((x * (_a1_ + ((pow2((x + _a2_)) * _a1_) * (log(_a6_) * _a6_))))));{'d0': {'_a1_': -4.637506635022735, '_a2_': 0.3119297077814475, '_a6_': 2.5226913168734355, '_a0_': 1.0, '_a3_': 1.0, '_a4_': 1.0, '_a5_': 1.0, '_a7_': 1.0}};{'d0': 0.024905832919416667};-280.569866449044;48.963328956715245
22573;-91.3216042678064;(_a2_ * -((x * (_a1_ + ((pow2((x + _a2_)) * _a1_) * (log(_a6_) * _a6_))))));{'d0': {'_a1_': -4.637506635022735, '_a2_': 0.3119297077814475, '_a6_': 2.5226913168734355, '_a0_': 1.0, '_a3_': 1.0, '_a4_': 1.0, '_a5_': 1.0, '_a7_': 1.0}};{'d0': 0.024905832919416667};-280.569866449044;48.963328956715245
22574;-91.3216042678064;(_a2_ * -((x * (_a1_ + ((pow2((x + _a2_)) * _a1_) * (log(_a6_) * _a6_))))));{'d0': {'_a1_': -4.637506635022735, '_a2_': 0.3119297077814475, '_a6_': 2.5226913168734355, '_a0_': 1.0, '_a3_': 1.0, '_a4_': 1.0, '_a5_': 1.0, '_a7_': 1.0}};{'d0': 0.024905832919416667};-280.569866449044;48.963328956715245
22575;-91.3216042678064;(_a2_ * -((x * (_a1_ + ((pow2((x + _a2_)) * _a1_) * (log(_a6_) * _a6_))))));{'d0': {'_a1_': -4.637506635022735, '_a2_': 0.3119297077814475, '_a6_': 2.5226913168734355, '_a0_': 1.0, '_a3_': 1.0, '_a4_': 1.0, '_a5_': 1.0, '_a7_': 1.0}};{'d0': 0.024905832919416667};-280.569866449044;48.963328956715245
22576;-91.3216042678064;(_a2_ * -((x * (_a1_ + ((pow2((x + _a2_)) * _a1_) * (log(_a6_) * _a6_))))));{'d0': {'_a1_': -4.637506635022735, '_a2_': 0.3119297077814475, '_a6_': 2.5226913168734355, '_a0_': 1.0, '_a3_': 1.0, '_a4_': 1.0, '_a5_': 1.0, '_a7_': 1.0}};{'d0': 0.024905832919416667};-280.569866449044;48.963328956715245
22577;-91.3216042678064;(_a2_ * -((x * (_a1_ + ((pow2((x + _a2_)) * _a1_) * (log(_a6_) * _a6_))))));{'d0': {'_a1_': -4.637506635022735, '_a2_': 0.3119297077814475, '_a6_': 2.5226913168734355, '_a0_': 1.0, '_a3_': 1.0, '_a4_': 1.0, '_a5_': 1.0, '_a7_': 1.0}};{'d0': 0.024905832919416667};-280.569866449044;48.963328956715245
22578;-91.3216042678064;(_a2_ * -((x * (_a1_ + ((pow2((x + _a2_)) * _a1_) * (log(_a6_) * _a6_))))));{'d0': {'_a1_': -4.637506635022735, '_a2_': 0.3119297077814475, '_a6_': 2.5226913168734355, '_a0_': 1.0, '_a3_': 1.0, '_a4_': 1.0, '_a5_': 1.0, '_a7_': 1.0}};{'d0': 0.024905832919416667};-280.569866449044;48.963328956715245
22579;-91.3216042678064;(_a2_ * -((x * (_a1_ + ((pow2((x + _a2_)) * _a1_) * (log(_a6_) * _a6_))))));{'d0': {'_a1_': -4.637506635022735, '_a2_': 0.3119297077814475, '_a6_': 2.5226913168734355, '_a0_': 1.0, '_a3_': 1.0, '_a4_': 1.0, '_a5_': 1.0, '_a7_': 1.0}};{'d0': 0.024905832919416667};-280.569866449044;48.963328956715245
22580;-91.3216042678064;(_a2_ * -((x * (_a1_ + ((pow2((x + _a2_)) * _a1_) * (log(_a6_) * _a6_))))));{'d0': {'_a1_': -4.637506635022735, '_a2_': 0.3119297077814475, '_a6_': 2.5226913168734355, '_a0_': 1.0, '_a3_': 1.0, '_a4_': 1.0, '_a5_': 1.0, '_a7_': 1.0}};{'d0': 0.024905832919416667};-280.569866449044;48.963328956715245
22581;-94.6337640057153;(_a2_ * -((x * (_a1_ + ((pow2((x + _a2_)) * _a1_) * (_a0_ * _a6_))))));{'d0': {'_a0_': 1.0202826454744789, '_a1_': -4.637506635101451, '_a2_': 0.3119297076957335, '_a6_': 2.287906131627085, '_a3_': 1.0, '_a4_': 1.0, '_a5_': 1.0, '_a7_': 1.0}};{'d0': 0.024905832928623552};-276.475521864641;43.60399692660525
22582;-94.6337640057153;(_a2_ * -((x * (_a1_ + ((pow2((x + _a2_)) * _a1_) * (_a0_ * _a6_))))));{'d0': {'_a0_': 1.0202826454744789, '_a1_': -4.637506635101451, '_a2_': 0.3119297076957335, '_a6_': 2.287906131627085, '_a3_': 1.0, '_a4_': 1.0, '_a5_': 1.0, '_a7_': 1.0}};{'d0': 0.024905832928623552};-276.475521864641;43.60399692660525
22583;-96.3627704991754;(_a2_ * -((x * (_a1_ + ((pow2((x + _a2_)) * _a1_) * sqrt(_a3_))))));{'d0': {'_a1_': -4.637506633577752, '_a2_': 0.311929707753325, '_a3_': 5.449015599379179, '_a0_': 1.0, '_a4_': 1.0, '_a5_': 1.0, '_a6_': 1.0, '_a7_': 1.0}};{'d0': 0.02490583291941665};-280.569866449044;43.92216272534625
22584;-96.3627704991754;(_a2_ * -((x * (_a1_ + ((pow2((x + _a2_)) * _a1_) * sqrt(_a3_))))));{'d0': {'_a1_': -4.637506633577752, '_a2_': 0.311929707753325, '_a3_': 5.449015599379179, '_a0_': 1.0, '_a4_': 1.0, '_a5_': 1.0, '_a6_': 1.0, '_a7_': 1.0}};{'d0': 0.02490583291941665};-280.569866449044;43.92216272534625
22585;-96.3627704991754;(_a2_ * -((x * (_a1_ + ((pow2((x + _a2_)) * _a1_) * sqrt(_a3_))))));{'d0': {'_a1_': -4.637506633577752, '_a2_': 0.311929707753325, '_a3_': 5.449015599379179, '_a0_': 1.0, '_a4_': 1.0, '_a5_': 1.0, '_a6_': 1.0, '_a7_': 1.0}};{'d0': 0.02490583291941665};-280.569866449044;43.92216272534625
22586;-96.3627704991754;(_a2_ * -((x * (_a1_ + ((pow2((x + _a2_)) * _a1_) * sqrt(_a3_))))));{'d0': {'_a1_': -4.637506633577752, '_a2_': 0.311929707753325, '_a3_': 5.449015599379179, '_a0_': 1.0, '_a4_': 1.0, '_a5_': 1.0, '_a6_': 1.0, '_a7_': 1.0}};{'d0': 0.02490583291941665};-280.569866449044;43.92216272534625
22587;-96.3627704991754;(_a2_ * -((x * (_a1_ + ((pow2((x + _a2_)) * _a1_) * sqrt(_a3_))))));{'d0': {'_a1_': -4.637506633577752, '_a2_': 0.311929707753325, '_a3_': 5.449015599379179, '_a0_': 1.0, '_a4_': 1.0, '_a5_': 1.0, '_a6_': 1.0, '_a7_': 1.0}};{'d0': 0.02490583291941665};-280.569866449044;43.92216272534625
22588;-96.3627704991754;(_a2_ * -((x * (_a1_ + ((pow2((x + _a2_)) * _a1_) * sqrt(_a3_))))));{'d0': {'_a1_': -4.637506633577752, '_a2_': 0.311929707753325, '_a3_': 5.449015599379179, '_a0_': 1.0, '_a4_': 1.0, '_a5_': 1.0, '_a6_': 1.0, '_a7_': 1.0}};{'d0': 0.02490583291941665};-280.569866449044;43.92216272534625
22589;-96.3627704991754;(_a2_ * -((x * (_a1_ + ((pow2((x + _a2_)) * _a1_) * sqrt(_a3_))))));{'d0': {'_a1_': -4.637506633577752, '_a2_': 0.311929707753325, '_a3_': 5.449015599379179, '_a0_': 1.0, '_a4_': 1.0, '_a5_': 1.0, '_a6_': 1.0, '_a7_': 1.0}};{'d0': 0.02490583291941665};-280.569866449044;43.92216272534625
22590;-96.3627704991754;(_a2_ * -((x * (_a1_ + ((pow2((x + _a2_)) * _a1_) * sqrt(_a3_))))));{'d0': {'_a1_': -4.637506633577752, '_a2_': 0.311929707753325, '_a3_': 5.449015599379179, '_a0_': 1.0, '_a4_': 1.0, '_a5_': 1.0, '_a6_': 1.0, '_a7_': 1.0}};{'d0': 0.02490583291941665};-280.569866449044;43.92216272534625
22591;-96.3627704991754;(_a2_ * -((x * (_a1_ + ((pow2((x + _a2_)) * _a1_) * sqrt(_a3_))))));{'d0': {'_a1_': -4.637506633577752, '_a2_': 0.311929707753325, '_a3_': 5.449015599379179, '_a0_': 1.0, '_a4_': 1.0, '_a5_': 1.0, '_a6_': 1.0, '_a7_': 1.0}};{'d0': 0.02490583291941665};-280.569866449044;43.92216272534625
22592;-96.3627704991754;(_a2_ * -((x * (_a1_ + ((pow2((x + _a2_)) * _a1_) * sqrt(_a3_))))));{'d0': {'_a1_': -4.637506633577752, '_a2_': 0.311929707753325, '_a3_': 5.449015599379179, '_a0_': 1.0, '_a4_': 1.0, '_a5_': 1.0, '_a6_': 1.0, '_a7_': 1.0}};{'d0': 0.02490583291941665};-280.569866449044;43.92216272534625
22593;-96.3627704991754;(_a2_ * -((x * (_a1_ + ((pow2((x + _a2_)) * _a1_) * sqrt(_a3_))))));{'d0': {'_a1_': -4.637506633577752, '_a2_': 0.311929707753325, '_a3_': 5.449015599379179, '_a0_': 1.0, '_a4_': 1.0, '_a5_': 1.0, '_a6_': 1.0, '_a7_': 1.0}};{'d0': 0.02490583291941665};-280.569866449044;43.92216272534625
22594;-96.3627704991754;(_a2_ * -((x * (_a1_ + ((pow2((x + _a2_)) * _a1_) * sqrt(_a3_))))));{'d0': {'_a1_': -4.637506633577752, '_a2_': 0.311929707753325, '_a3_': 5.449015599379179, '_a0_': 1.0, '_a4_': 1.0, '_a5_': 1.0, '_a6_': 1.0, '_a7_': 1.0}};{'d0': 0.02490583291941665};-280.569866449044;43.92216272534625
22595;-96.3627704991754;(_a2_ * -((x * (_a1_ + ((pow2((x + _a2_)) * _a1_) * sqrt(_a3_))))));{'d0': {'_a1_': -4.637506633577752, '_a2_': 0.311929707753325, '_a3_': 5.449015599379179, '_a0_': 1.0, '_a4_': 1.0, '_a5_': 1.0, '_a6_': 1.0, '_a7_': 1.0}};{'d0': 0.02490583291941665};-280.569866449044;43.92216272534625
22596;-96.3627704991754;(_a2_ * -((x * (_a1_ + ((pow2((x + _a2_)) * _a1_) * sqrt(_a3_))))));{'d0': {'_a1_': -4.637506633577752, '_a2_': 0.311929707753325, '_a3_': 5.449015599379179, '_a0_': 1.0, '_a4_': 1.0, '_a5_': 1.0, '_a6_': 1.0, '_a7_': 1.0}};{'d0': 0.02490583291941665};-280.569866449044;43.92216272534625
22597;-96.3627704991754;(_a2_ * -((x * (_a1_ + ((pow2((x + _a2_)) * _a1_) * sqrt(_a3_))))));{'d0': {'_a1_': -4.637506633577752, '_a2_': 0.311929707753325, '_a3_': 5.449015599379179, '_a0_': 1.0, '_a4_': 1.0, '_a5_': 1.0, '_a6_': 1.0, '_a7_': 1.0}};{'d0': 0.02490583291941665};-280.569866449044;43.92216272534625
22598;-96.3627704991754;(_a2_ * -((x * (_a1_ + ((pow2((x + _a2_)) * _a1_) * sqrt(_a3_))))));{'d0': {'_a1_': -4.637506633577752, '_a2_': 0.311929707753325, '_a3_': 5.449015599379179, '_a0_': 1.0, '_a4_': 1.0, '_a5_': 1.0, '_a6_': 1.0, '_a7_': 1.0}};{'d0': 0.02490583291941665};-280.569866449044;43.92216272534625
22599;-96.3627704991754;(_a2_ * -((x * (_a1_ + ((pow2((x + _a2_)) * _a1_) * sqrt(_a3_))))));{'d0': {'_a1_': -4.637506633577752, '_a2_': 0.311929707753325, '_a3_': 5.449015599379179, '_a0_': 1.0, '_a4_': 1.0, '_a5_': 1.0, '_a6_': 1.0, '_a7_': 1.0}};{'d0': 0.02490583291941665};-280.569866449044;43.92216272534625
22600;-95.0390851635954;(_a2_ * -((x * (_a1_ + ((pow2((x + _a2_)) * _a1_) * (_a7_ ** _a7_))))));{'d0': {'_a1_': -4.637506635217925, '_a2_': 0.31192970771720174, '_a7_': 1.6642439398366853, '_a0_': 1.0, '_a3_': 1.0, '_a4_': 1.0, '_a5_': 1.0, '_a6_': 1.0}};{'d0': 0.02490583291941664};-280.569866449044;45.24584806092625
22601;-95.0390851635954;(_a2_ * -((x * (_a1_ + ((pow2((x + _a2_)) * _a1_) * (_a7_ ** _a7_))))));{'d0': {'_a1_': -4.637506635217925, '_a2_': 0.31192970771720174, '_a7_': 1.6642439398366853, '_a0_': 1.0, '_a3_': 1.0, '_a4_': 1.0, '_a5_': 1.0, '_a6_': 1.0}};{'d0': 0.02490583291941664};-280.569866449044;45.24584806092625
22602;-95.0390851635954;(_a2_ * -((x * (_a1_ + ((pow2((x + _a2_)) * _a1_) * (_a7_ ** _a7_))))));{'d0': {'_a1_': -4.637506635217925, '_a2_': 0.31192970771720174, '_a7_': 1.6642439398366853, '_a0_': 1.0, '_a3_': 1.0, '_a4_': 1.0, '_a5_': 1.0, '_a6_': 1.0}};{'d0': 0.02490583291941664};-280.569866449044;45.24584806092625
22603;-95.0390851635954;(_a2_ * -((x * (_a1_ + ((pow2((x + _a2_)) * _a1_) * (_a7_ ** _a7_))))));{'d0': {'_a1_': -4.637506635217925, '_a2_': 0.31192970771720174, '_a7_': 1.6642439398366853, '_a0_': 1.0, '_a3_': 1.0, '_a4_': 1.0, '_a5_': 1.0, '_a6_': 1.0}};{'d0': 0.02490583291941664};-280.569866449044;45.24584806092625
22604;-101.702633509695;(_a2_ * -((x * (_a1_ + ((pow2((x + _a2_)) * _a1_) * _a3_)))));{'d0': {'_a1_': -4.6375066361815165, '_a2_': 0.31192970768184014, '_a3_': 2.3343126588207173, '_a0_': 1.0, '_a4_': 1.0, '_a5_': 1.0, '_a6_': 1.0, '_a7_': 1.0}};{'d0': 0.02490583291941668};-280.569866449043;38.58229971482625
22605;-101.702633509695;(_a2_ * -((x * (_a1_ + ((pow2((x + _a2_)) * _a1_) * _a3_)))));{'d0': {'_a1_': -4.6375066361815165, '_a2_': 0.31192970768184014, '_a3_': 2.3343126588207173, '_a0_': 1.0, '_a4_': 1.0, '_a5_': 1.0, '_a6_': 1.0, '_a7_': 1.0}};{'d0': 0.02490583291941668};-280.569866449043;38.58229971482625
22606;-101.702633509695;(_a2_ * -((x * (_a1_ + ((pow2((x + _a2_)) * _a1_) * _a3_)))));{'d0': {'_a1_': -4.6375066361815165, '_a2_': 0.31192970768184014, '_a3_': 2.3343126588207173, '_a0_': 1.0, '_a4_': 1.0, '_a5_': 1.0, '_a6_': 1.0, '_a7_': 1.0}};{'d0': 0.02490583291941668};-280.569866449043;38.58229971482625
22607;-101.702633509695;(_a2_ * -((x * (_a1_ + ((pow2((x + _a2_)) * _a1_) * _a3_)))));{'d0': {'_a1_': -4.6375066361815165, '_a2_': 0.31192970768184014, '_a3_': 2.3343126588207173, '_a0_': 1.0, '_a4_': 1.0, '_a5_': 1.0, '_a6_': 1.0, '_a7_': 1.0}};{'d0': 0.02490583291941668};-280.569866449043;38.58229971482625
22608;-101.702633509695;(_a2_ * -((x * (_a1_ + ((pow2((x + _a2_)) * _a1_) * _a3_)))));{'d0': {'_a1_': -4.6375066361815165, '_a2_': 0.31192970768184014, '_a3_': 2.3343126588207173, '_a0_': 1.0, '_a4_': 1.0, '_a5_': 1.0, '_a6_': 1.0, '_a7_': 1.0}};{'d0': 0.02490583291941668};-280.569866449043;38.58229971482625
22609;-101.702633509695;(_a2_ * -((x * (_a1_ + ((pow2((x + _a2_)) * _a1_) * _a3_)))));{'d0': {'_a1_': -4.6375066361815165, '_a2_': 0.31192970768184014, '_a3_': 2.3343126588207173, '_a0_': 1.0, '_a4_': 1.0, '_a5_': 1.0, '_a6_': 1.0, '_a7_': 1.0}};{'d0': 0.02490583291941668};-280.569866449043;38.58229971482625
22610;-101.702633509695;(_a2_ * -((x * (_a1_ + ((pow2((x + _a2_)) * _a1_) * _a3_)))));{'d0': {'_a1_': -4.6375066361815165, '_a2_': 0.31192970768184014, '_a3_': 2.3343126588207173, '_a0_': 1.0, '_a4_': 1.0, '_a5_': 1.0, '_a6_': 1.0, '_a7_': 1.0}};{'d0': 0.02490583291941668};-280.569866449043;38.58229971482625
22611;-101.702633509695;(_a2_ * -((x * (_a1_ + ((pow2((x + _a2_)) * _a1_) * _a3_)))));{'d0': {'_a1_': -4.6375066361815165, '_a2_': 0.31192970768184014, '_a3_': 2.3343126588207173, '_a0_': 1.0, '_a4_': 1.0, '_a5_': 1.0, '_a6_': 1.0, '_a7_': 1.0}};{'d0': 0.02490583291941668};-280.569866449043;38.58229971482625
22612;-101.702633509695;(_a2_ * -((x * (_a1_ + ((pow2((x + _a2_)) * _a1_) * _a3_)))));{'d0': {'_a1_': -4.6375066361815165, '_a2_': 0.31192970768184014, '_a3_': 2.3343126588207173, '_a0_': 1.0, '_a4_': 1.0, '_a5_': 1.0, '_a6_': 1.0, '_a7_': 1.0}};{'d0': 0.02490583291941668};-280.569866449043;38.58229971482625
22613;-101.702633509695;(_a2_ * -((x * (_a1_ + ((pow2((x + _a2_)) * _a1_) * _a3_)))));{'d0': {'_a1_': -4.6375066361815165, '_a2_': 0.31192970768184014, '_a3_': 2.3343126588207173, '_a0_': 1.0, '_a4_': 1.0, '_a5_': 1.0, '_a6_': 1.0, '_a7_': 1.0}};{'d0': 0.02490583291941668};-280.569866449043;38.58229971482625
22614;-101.702633509695;(_a2_ * -((x * (_a1_ + ((pow2((x + _a2_)) * _a1_) * _a3_)))));{'d0': {'_a1_': -4.6375066361815165, '_a2_': 0.31192970768184014, '_a3_': 2.3343126588207173, '_a0_': 1.0, '_a4_': 1.0, '_a5_': 1.0, '_a6_': 1.0, '_a7_': 1.0}};{'d0': 0.02490583291941668};-280.569866449043;38.58229971482625
22615;-101.702633509695;(_a2_ * -((x * (_a1_ + ((pow2((x + _a2_)) * _a1_) * _a3_)))));{'d0': {'_a1_': -4.6375066361815165, '_a2_': 0.31192970768184014, '_a3_': 2.3343126588207173, '_a0_': 1.0, '_a4_': 1.0, '_a5_': 1.0, '_a6_': 1.0, '_a7_': 1.0}};{'d0': 0.02490583291941668};-280.569866449043;38.58229971482625
22616;-101.702633509695;(_a2_ * -((x * (_a1_ + ((pow2((x + _a2_)) * _a1_) * _a3_)))));{'d0': {'_a1_': -4.6375066361815165, '_a2_': 0.31192970768184014, '_a3_': 2.3343126588207173, '_a0_': 1.0, '_a4_': 1.0, '_a5_': 1.0, '_a6_': 1.0, '_a7_': 1.0}};{'d0': 0.02490583291941668};-280.569866449043;38.58229971482625
22617;-101.702633509695;(_a2_ * -((x * (_a1_ + ((pow2((x + _a2_)) * _a1_) * _a3_)))));{'d0': {'_a1_': -4.6375066361815165, '_a2_': 0.31192970768184014, '_a3_': 2.3343126588207173, '_a0_': 1.0, '_a4_': 1.0, '_a5_': 1.0, '_a6_': 1.0, '_a7_': 1.0}};{'d0': 0.02490583291941668};-280.569866449043;38.58229971482625
22618;-101.702633509695;(_a2_ * -((x * (_a1_ + ((pow2((x + _a2_)) * _a1_) * _a3_)))));{'d0': {'_a1_': -4.6375066361815165, '_a2_': 0.31192970768184014, '_a3_': 2.3343126588207173, '_a0_': 1.0, '_a4_': 1.0, '_a5_': 1.0, '_a6_': 1.0, '_a7_': 1.0}};{'d0': 0.02490583291941668};-280.569866449043;38.58229971482625
22619;-101.702633509695;(_a2_ * -((x * (_a1_ + ((pow2((x + _a2_)) * _a1_) * _a3_)))));{'d0': {'_a1_': -4.6375066361815165, '_a2_': 0.31192970768184014, '_a3_': 2.3343126588207173, '_a0_': 1.0, '_a4_': 1.0, '_a5_': 1.0, '_a6_': 1.0, '_a7_': 1.0}};{'d0': 0.02490583291941668};-280.569866449043;38.58229971482625
22620;-92.3931101127002;(_a4_ * ((x * pow2(((_a1_ + _a2_) * (((_a2_ * _a2_) + x) * _a0_)))) + x));{'d0': {'_a0_': -0.3273501701584285, '_a1_': 4.1088044400806, '_a2_': 0.5585066765905505, '_a4_': 1.4465760895217896, '_a3_': 1.0, '_a5_': 1.0, '_a6_': 1.0, '_a7_': 1.0}};{'d0': 0.02490583293214812};-276.475521856150;45.844650815374955
22621;-92.3931101127002;(_a4_ * ((x * pow2(((_a1_ + _a2_) * (((_a2_ * _a2_) + x) * _a0_)))) + x));{'d0': {'_a0_': -0.3273501701584285, '_a1_': 4.1088044400806, '_a2_': 0.5585066765905505, '_a4_': 1.4465760895217896, '_a3_': 1.0, '_a5_': 1.0, '_a6_': 1.0, '_a7_': 1.0}};{'d0': 0.02490583293214812};-276.475521856150;45.844650815374955
22622;-92.3931101127002;(_a4_ * ((x * pow2(((_a1_ + _a2_) * (((_a2_ * _a2_) + x) * _a0_)))) + x));{'d0': {'_a0_': -0.3273501701584285, '_a1_': 4.1088044400806, '_a2_': 0.5585066765905505, '_a4_': 1.4465760895217896, '_a3_': 1.0, '_a5_': 1.0, '_a6_': 1.0, '_a7_': 1.0}};{'d0': 0.02490583293214812};-276.475521856150;45.844650815374955
22623;-92.3931101127002;(_a4_ * ((x * pow2(((_a1_ + _a2_) * (((_a2_ * _a2_) + x) * _a0_)))) + x));{'d0': {'_a0_': -0.3273501701584285, '_a1_': 4.1088044400806, '_a2_': 0.5585066765905505, '_a4_': 1.4465760895217896, '_a3_': 1.0, '_a5_': 1.0, '_a6_': 1.0, '_a7_': 1.0}};{'d0': 0.02490583293214812};-276.475521856150;45.844650815374955
22624;-92.3931101127002;(_a4_ * ((x * pow2(((_a1_ + _a2_) * (((_a2_ * _a2_) + x) * _a0_)))) + x));{'d0': {'_a0_': -0.3273501701584285, '_a1_': 4.1088044400806, '_a2_': 0.5585066765905505, '_a4_': 1.4465760895217896, '_a3_': 1.0, '_a5_': 1.0, '_a6_': 1.0, '_a7_': 1.0}};{'d0': 0.02490583293214812};-276.475521856150;45.844650815374955
22625;-92.3931101127002;(_a4_ * ((x * pow2(((_a1_ + _a2_) * (((_a2_ * _a2_) + x) * _a0_)))) + x));{'d0': {'_a0_': -0.3273501701584285, '_a1_': 4.1088044400806, '_a2_': 0.5585066765905505, '_a4_': 1.4465760895217896, '_a3_': 1.0, '_a5_': 1.0, '_a6_': 1.0, '_a7_': 1.0}};{'d0': 0.02490583293214812};-276.475521856150;45.844650815374955
22626;-92.3931101127002;(_a4_ * ((x * pow2(((_a1_ + _a2_) * (((_a2_ * _a2_) + x) * _a0_)))) + x));{'d0': {'_a0_': -0.3273501701584285, '_a1_': 4.1088044400806, '_a2_': 0.5585066765905505, '_a4_': 1.4465760895217896, '_a3_': 1.0, '_a5_': 1.0, '_a6_': 1.0, '_a7_': 1.0}};{'d0': 0.02490583293214812};-276.475521856150;45.844650815374955
22627;-92.3931101127002;(_a4_ * ((x * pow2(((_a1_ + _a2_) * (((_a2_ * _a2_) + x) * _a0_)))) + x));{'d0': {'_a0_': -0.3273501701584285, '_a1_': 4.1088044400806, '_a2_': 0.5585066765905505, '_a4_': 1.4465760895217896, '_a3_': 1.0, '_a5_': 1.0, '_a6_': 1.0, '_a7_': 1.0}};{'d0': 0.02490583293214812};-276.475521856150;45.844650815374955
22628;-92.3931101127002;(_a4_ * ((x * pow2(((_a1_ + _a2_) * (((_a2_ * _a2_) + x) * _a0_)))) + x));{'d0': {'_a0_': -0.3273501701584285, '_a1_': 4.1088044400806, '_a2_': 0.5585066765905505, '_a4_': 1.4465760895217896, '_a3_': 1.0, '_a5_': 1.0, '_a6_': 1.0, '_a7_': 1.0}};{'d0': 0.02490583293214812};-276.475521856150;45.844650815374955
22629;-92.3931101127002;(_a4_ * ((x * pow2(((_a1_ + _a2_) * (((_a2_ * _a2_) + x) * _a0_)))) + x));{'d0': {'_a0_': -0.3273501701584285, '_a1_': 4.1088044400806, '_a2_': 0.5585066765905505, '_a4_': 1.4465760895217896, '_a3_': 1.0, '_a5_': 1.0, '_a6_': 1.0, '_a7_': 1.0}};{'d0': 0.02490583293214812};-276.475521856150;45.844650815374955
22630;-92.3931101127002;(_a4_ * ((x * pow2(((_a1_ + _a2_) * (((_a2_ * _a2_) + x) * _a0_)))) + x));{'d0': {'_a0_': -0.3273501701584285, '_a1_': 4.1088044400806, '_a2_': 0.5585066765905505, '_a4_': 1.4465760895217896, '_a3_': 1.0, '_a5_': 1.0, '_a6_': 1.0, '_a7_': 1.0}};{'d0': 0.02490583293214812};-276.475521856150;45.844650815374955
22631;-92.3931101127002;(_a4_ * ((x * pow2(((_a1_ + _a2_) * (((_a2_ * _a2_) + x) * _a0_)))) + x));{'d0': {'_a0_': -0.3273501701584285, '_a1_': 4.1088044400806, '_a2_': 0.5585066765905505, '_a4_': 1.4465760895217896, '_a3_': 1.0, '_a5_': 1.0, '_a6_': 1.0, '_a7_': 1.0}};{'d0': 0.02490583293214812};-276.475521856150;45.844650815374955
22632;-92.0487392046896;(_a4_ * ((x * pow2(((_a1_ + _a2_) * ((exp(_a0_) + x) * _a0_)))) + x));{'d0': {'_a0_': -1.1649774193603697, '_a1_': 10.75629356240936, '_a2_': -9.444812489762112, '_a4_': 1.446576119408139, '_a3_': 1.0, '_a5_': 1.0, '_a6_': 1.0, '_a7_': 1.0}};{'d0': 0.02490583291980281};-276.475521885891;46.18902173825595
22633;-100.016512535296;(_a4_ * ((x * pow2((_a6_ * ((exp(_a0_) + x) * _a0_)))) + x));{'d0': {'_a0_': -1.1649774122651668, '_a4_': 1.4465760890298256, '_a6_': 1.311481014100624, '_a1_': 1.0, '_a2_': 1.0, '_a3_': 1.0, '_a5_': 1.0, '_a7_': 1.0}};{'d0': 0.02490583291941661};-280.569866449044;40.268420689225955
22634;-100.016512535296;(_a4_ * ((x * pow2((_a6_ * ((exp(_a0_) + x) * _a0_)))) + x));{'d0': {'_a0_': -1.1649774122651668, '_a4_': 1.4465760890298256, '_a6_': 1.311481014100624, '_a1_': 1.0, '_a2_': 1.0, '_a3_': 1.0, '_a5_': 1.0, '_a7_': 1.0}};{'d0': 0.02490583291941661};-280.569866449044;40.268420689225955
22635;-100.016512535296;(_a4_ * ((x * pow2((_a6_ * ((exp(_a0_) + x) * _a0_)))) + x));{'d0': {'_a0_': -1.1649774122651668, '_a4_': 1.4465760890298256, '_a6_': 1.311481014100624, '_a1_': 1.0, '_a2_': 1.0, '_a3_': 1.0, '_a5_': 1.0, '_a7_': 1.0}};{'d0': 0.02490583291941661};-280.569866449044;40.268420689225955
22636;-100.016512535296;(_a4_ * ((x * pow2((_a6_ * ((exp(_a0_) + x) * _a0_)))) + x));{'d0': {'_a0_': -1.1649774122651668, '_a4_': 1.4465760890298256, '_a6_': 1.311481014100624, '_a1_': 1.0, '_a2_': 1.0, '_a3_': 1.0, '_a5_': 1.0, '_a7_': 1.0}};{'d0': 0.02490583291941661};-280.569866449044;40.268420689225955
22637;-100.016512535296;(_a4_ * ((x * pow2((_a6_ * ((exp(_a0_) + x) * _a0_)))) + x));{'d0': {'_a0_': -1.1649774122651668, '_a4_': 1.4465760890298256, '_a6_': 1.311481014100624, '_a1_': 1.0, '_a2_': 1.0, '_a3_': 1.0, '_a5_': 1.0, '_a7_': 1.0}};{'d0': 0.02490583291941661};-280.569866449044;40.268420689225955
22638;-100.016512535296;(_a4_ * ((x * pow2((_a6_ * ((exp(_a0_) + x) * _a0_)))) + x));{'d0': {'_a0_': -1.1649774122651668, '_a4_': 1.4465760890298256, '_a6_': 1.311481014100624, '_a1_': 1.0, '_a2_': 1.0, '_a3_': 1.0, '_a5_': 1.0, '_a7_': 1.0}};{'d0': 0.02490583291941661};-280.569866449044;40.268420689225955
22639;-100.016512535296;(_a4_ * ((x * pow2((_a6_ * ((exp(_a0_) + x) * _a0_)))) + x));{'d0': {'_a0_': -1.1649774122651668, '_a4_': 1.4465760890298256, '_a6_': 1.311481014100624, '_a1_': 1.0, '_a2_': 1.0, '_a3_': 1.0, '_a5_': 1.0, '_a7_': 1.0}};{'d0': 0.02490583291941661};-280.569866449044;40.268420689225955
22640;-100.016512535296;(_a4_ * ((x * pow2((_a6_ * ((exp(_a0_) + x) * _a0_)))) + x));{'d0': {'_a0_': -1.1649774122651668, '_a4_': 1.4465760890298256, '_a6_': 1.311481014100624, '_a1_': 1.0, '_a2_': 1.0, '_a3_': 1.0, '_a5_': 1.0, '_a7_': 1.0}};{'d0': 0.02490583291941661};-280.569866449044;40.268420689225955
22641;-100.016512535296;(_a4_ * ((x * pow2((_a6_ * ((exp(_a0_) + x) * _a0_)))) + x));{'d0': {'_a0_': -1.1649774122651668, '_a4_': 1.4465760890298256, '_a6_': 1.311481014100624, '_a1_': 1.0, '_a2_': 1.0, '_a3_': 1.0, '_a5_': 1.0, '_a7_': 1.0}};{'d0': 0.02490583291941661};-280.569866449044;40.268420689225955
22642;-100.016512535296;(_a4_ * ((x * pow2((_a6_ * ((exp(_a0_) + x) * _a0_)))) + x));{'d0': {'_a0_': -1.1649774122651668, '_a4_': 1.4465760890298256, '_a6_': 1.311481014100624, '_a1_': 1.0, '_a2_': 1.0, '_a3_': 1.0, '_a5_': 1.0, '_a7_': 1.0}};{'d0': 0.02490583291941661};-280.569866449044;40.268420689225955
22643;-100.016512535296;(_a4_ * ((x * pow2((_a6_ * ((exp(_a0_) + x) * _a0_)))) + x));{'d0': {'_a0_': -1.1649774122651668, '_a4_': 1.4465760890298256, '_a6_': 1.311481014100624, '_a1_': 1.0, '_a2_': 1.0, '_a3_': 1.0, '_a5_': 1.0, '_a7_': 1.0}};{'d0': 0.02490583291941661};-280.569866449044;40.268420689225955
22644;-69.9409571317599;((((_a0_ + pow2((_a1_ + ((((_a1_ * x) * _a5_) * _a6_) / _a6_)))) * x) + _a3_) * (pow2((_a6_ * _a6_)) / _a0_));{'d0': {'_a0_': 2.4033202899064994e-24, '_a1_': -7.407293099469638e-13, '_a3_': -1.703410010172115e-27, '_a5_': 3.2023001721031816, '_a6_': 1.0963576529327772, '_a2_': 1.0, '_a4_': 1.0, '_a7_': 1.0}};{'d0': 0.02488548252106979};-272.430222984791;66.27415436063568
22645;-69.9409571317599;((((_a0_ + pow2((_a1_ + ((((_a1_ * x) * _a5_) * _a6_) / _a6_)))) * x) + _a3_) * (pow2((_a6_ * _a6_)) / _a0_));{'d0': {'_a0_': 2.4033202899064994e-24, '_a1_': -7.407293099469638e-13, '_a3_': -1.703410010172115e-27, '_a5_': 3.2023001721031816, '_a6_': 1.0963576529327772, '_a2_': 1.0, '_a4_': 1.0, '_a7_': 1.0}};{'d0': 0.02488548252106979};-272.430222984791;66.27415436063568
22646;-69.9409571317599;((((_a0_ + pow2((_a1_ + ((((_a1_ * x) * _a5_) * _a6_) / _a6_)))) * x) + _a3_) * (pow2((_a6_ * _a6_)) / _a0_));{'d0': {'_a0_': 2.4033202899064994e-24, '_a1_': -7.407293099469638e-13, '_a3_': -1.703410010172115e-27, '_a5_': 3.2023001721031816, '_a6_': 1.0963576529327772, '_a2_': 1.0, '_a4_': 1.0, '_a7_': 1.0}};{'d0': 0.02488548252106979};-272.430222984791;66.27415436063568
22647;-69.9409571317599;((((_a0_ + pow2((_a1_ + ((((_a1_ * x) * _a5_) * _a6_) / _a6_)))) * x) + _a3_) * (pow2((_a6_ * _a6_)) / _a0_));{'d0': {'_a0_': 2.4033202899064994e-24, '_a1_': -7.407293099469638e-13, '_a3_': -1.703410010172115e-27, '_a5_': 3.2023001721031816, '_a6_': 1.0963576529327772, '_a2_': 1.0, '_a4_': 1.0, '_a7_': 1.0}};{'d0': 0.02488548252106979};-272.430222984791;66.27415436063568
22648;-69.9409571317599;((((_a0_ + pow2((_a1_ + ((((_a1_ * x) * _a5_) * _a6_) / _a6_)))) * x) + _a3_) * (pow2((_a6_ * _a6_)) / _a0_));{'d0': {'_a0_': 2.4033202899064994e-24, '_a1_': -7.407293099469638e-13, '_a3_': -1.703410010172115e-27, '_a5_': 3.2023001721031816, '_a6_': 1.0963576529327772, '_a2_': 1.0, '_a4_': 1.0, '_a7_': 1.0}};{'d0': 0.02488548252106979};-272.430222984791;66.27415436063568
22649;-69.9409571317599;((((_a0_ + pow2((_a1_ + ((((_a1_ * x) * _a5_) * _a6_) / _a6_)))) * x) + _a3_) * (pow2((_a6_ * _a6_)) / _a0_));{'d0': {'_a0_': 2.4033202899064994e-24, '_a1_': -7.407293099469638e-13, '_a3_': -1.703410010172115e-27, '_a5_': 3.2023001721031816, '_a6_': 1.0963576529327772, '_a2_': 1.0, '_a4_': 1.0, '_a7_': 1.0}};{'d0': 0.02488548252106979};-272.430222984791;66.27415436063568
22650;-69.9409571317599;((((_a0_ + pow2((_a1_ + ((((_a1_ * x) * _a5_) * _a6_) / _a6_)))) * x) + _a3_) * (pow2((_a6_ * _a6_)) / _a0_));{'d0': {'_a0_': 2.4033202899064994e-24, '_a1_': -7.407293099469638e-13, '_a3_': -1.703410010172115e-27, '_a5_': 3.2023001721031816, '_a6_': 1.0963576529327772, '_a2_': 1.0, '_a4_': 1.0, '_a7_': 1.0}};{'d0': 0.02488548252106979};-272.430222984791;66.27415436063568
22651;-69.9409571317599;((((_a0_ + pow2((_a1_ + ((((_a1_ * x) * _a5_) * _a6_) / _a6_)))) * x) + _a3_) * (pow2((_a6_ * _a6_)) / _a0_));{'d0': {'_a0_': 2.4033202899064994e-24, '_a1_': -7.407293099469638e-13, '_a3_': -1.703410010172115e-27, '_a5_': 3.2023001721031816, '_a6_': 1.0963576529327772, '_a2_': 1.0, '_a4_': 1.0, '_a7_': 1.0}};{'d0': 0.02488548252106979};-272.430222984791;66.27415436063568
22652;-69.9409571317599;((((_a0_ + pow2((_a1_ + ((((_a1_ * x) * _a5_) * _a6_) / _a6_)))) * x) + _a3_) * (pow2((_a6_ * _a6_)) / _a0_));{'d0': {'_a0_': 2.4033202899064994e-24, '_a1_': -7.407293099469638e-13, '_a3_': -1.703410010172115e-27, '_a5_': 3.2023001721031816, '_a6_': 1.0963576529327772, '_a2_': 1.0, '_a4_': 1.0, '_a7_': 1.0}};{'d0': 0.02488548252106979};-272.430222984791;66.27415436063568
22653;-69.9409571317599;((((_a0_ + pow2((_a1_ + ((((_a1_ * x) * _a5_) * _a6_) / _a6_)))) * x) + _a3_) * (pow2((_a6_ * _a6_)) / _a0_));{'d0': {'_a0_': 2.4033202899064994e-24, '_a1_': -7.407293099469638e-13, '_a3_': -1.703410010172115e-27, '_a5_': 3.2023001721031816, '_a6_': 1.0963576529327772, '_a2_': 1.0, '_a4_': 1.0, '_a7_': 1.0}};{'d0': 0.02488548252106979};-272.430222984791;66.27415436063568
22654;-69.9409571317599;((((_a0_ + pow2((_a1_ + ((((_a1_ * x) * _a5_) * _a6_) / _a6_)))) * x) + _a3_) * (pow2((_a6_ * _a6_)) / _a0_));{'d0': {'_a0_': 2.4033202899064994e-24, '_a1_': -7.407293099469638e-13, '_a3_': -1.703410010172115e-27, '_a5_': 3.2023001721031816, '_a6_': 1.0963576529327772, '_a2_': 1.0, '_a4_': 1.0, '_a7_': 1.0}};{'d0': 0.02488548252106979};-272.430222984791;66.27415436063568
22655;-69.9409571317599;((((_a0_ + pow2((_a1_ + ((((_a1_ * x) * _a5_) * _a6_) / _a6_)))) * x) + _a3_) * (pow2((_a6_ * _a6_)) / _a0_));{'d0': {'_a0_': 2.4033202899064994e-24, '_a1_': -7.407293099469638e-13, '_a3_': -1.703410010172115e-27, '_a5_': 3.2023001721031816, '_a6_': 1.0963576529327772, '_a2_': 1.0, '_a4_': 1.0, '_a7_': 1.0}};{'d0': 0.02488548252106979};-272.430222984791;66.27415436063568
22656;-69.9409571317599;((((_a0_ + pow2((_a1_ + ((((_a1_ * x) * _a5_) * _a6_) / _a6_)))) * x) + _a3_) * (pow2((_a6_ * _a6_)) / _a0_));{'d0': {'_a0_': 2.4033202899064994e-24, '_a1_': -7.407293099469638e-13, '_a3_': -1.703410010172115e-27, '_a5_': 3.2023001721031816, '_a6_': 1.0963576529327772, '_a2_': 1.0, '_a4_': 1.0, '_a7_': 1.0}};{'d0': 0.02488548252106979};-272.430222984791;66.27415436063568
22657;-69.9409571317599;((((_a0_ + pow2((_a1_ + ((((_a1_ * x) * _a5_) * _a6_) / _a6_)))) * x) + _a3_) * (pow2((_a6_ * _a6_)) / _a0_));{'d0': {'_a0_': 2.4033202899064994e-24, '_a1_': -7.407293099469638e-13, '_a3_': -1.703410010172115e-27, '_a5_': 3.2023001721031816, '_a6_': 1.0963576529327772, '_a2_': 1.0, '_a4_': 1.0, '_a7_': 1.0}};{'d0': 0.02488548252106979};-272.430222984791;66.27415436063568
22658;-69.9409571317599;((((_a0_ + pow2((_a1_ + ((((_a1_ * x) * _a5_) * _a6_) / _a6_)))) * x) + _a3_) * (pow2((_a6_ * _a6_)) / _a0_));{'d0': {'_a0_': 2.4033202899064994e-24, '_a1_': -7.407293099469638e-13, '_a3_': -1.703410010172115e-27, '_a5_': 3.2023001721031816, '_a6_': 1.0963576529327772, '_a2_': 1.0, '_a4_': 1.0, '_a7_': 1.0}};{'d0': 0.02488548252106979};-272.430222984791;66.27415436063568
22659;-69.9409571317599;((((_a0_ + pow2((_a1_ + ((((_a1_ * x) * _a5_) * _a6_) / _a6_)))) * x) + _a3_) * (pow2((_a6_ * _a6_)) / _a0_));{'d0': {'_a0_': 2.4033202899064994e-24, '_a1_': -7.407293099469638e-13, '_a3_': -1.703410010172115e-27, '_a5_': 3.2023001721031816, '_a6_': 1.0963576529327772, '_a2_': 1.0, '_a4_': 1.0, '_a7_': 1.0}};{'d0': 0.02488548252106979};-272.430222984791;66.27415436063568
22660;-69.9409571317599;((((_a0_ + pow2((_a1_ + ((((_a1_ * x) * _a5_) * _a6_) / _a6_)))) * x) + _a3_) * (pow2((_a6_ * _a6_)) / _a0_));{'d0': {'_a0_': 2.4033202899064994e-24, '_a1_': -7.407293099469638e-13, '_a3_': -1.703410010172115e-27, '_a5_': 3.2023001721031816, '_a6_': 1.0963576529327772, '_a2_': 1.0, '_a4_': 1.0, '_a7_': 1.0}};{'d0': 0.02488548252106979};-272.430222984791;66.27415436063568
22661;-69.9409571317599;((((_a0_ + pow2((_a1_ + ((((_a1_ * x) * _a5_) * _a6_) / _a6_)))) * x) + _a3_) * (pow2((_a6_ * _a6_)) / _a0_));{'d0': {'_a0_': 2.4033202899064994e-24, '_a1_': -7.407293099469638e-13, '_a3_': -1.703410010172115e-27, '_a5_': 3.2023001721031816, '_a6_': 1.0963576529327772, '_a2_': 1.0, '_a4_': 1.0, '_a7_': 1.0}};{'d0': 0.02488548252106979};-272.430222984791;66.27415436063568
22662;-69.9409571317599;((((_a0_ + pow2((_a1_ + ((((_a1_ * x) * _a5_) * _a6_) / _a6_)))) * x) + _a3_) * (pow2((_a6_ * _a6_)) / _a0_));{'d0': {'_a0_': 2.4033202899064994e-24, '_a1_': -7.407293099469638e-13, '_a3_': -1.703410010172115e-27, '_a5_': 3.2023001721031816, '_a6_': 1.0963576529327772, '_a2_': 1.0, '_a4_': 1.0, '_a7_': 1.0}};{'d0': 0.02488548252106979};-272.430222984791;66.27415436063568
22663;-69.9409571317599;((((_a0_ + pow2((_a1_ + ((((_a1_ * x) * _a5_) * _a6_) / _a6_)))) * x) + _a3_) * (pow2((_a6_ * _a6_)) / _a0_));{'d0': {'_a0_': 2.4033202899064994e-24, '_a1_': -7.407293099469638e-13, '_a3_': -1.703410010172115e-27, '_a5_': 3.2023001721031816, '_a6_': 1.0963576529327772, '_a2_': 1.0, '_a4_': 1.0, '_a7_': 1.0}};{'d0': 0.02488548252106979};-272.430222984791;66.27415436063568
22664;-69.9409571317599;((((_a0_ + pow2((_a1_ + ((((_a1_ * x) * _a5_) * _a6_) / _a6_)))) * x) + _a3_) * (pow2((_a6_ * _a6_)) / _a0_));{'d0': {'_a0_': 2.4033202899064994e-24, '_a1_': -7.407293099469638e-13, '_a3_': -1.703410010172115e-27, '_a5_': 3.2023001721031816, '_a6_': 1.0963576529327772, '_a2_': 1.0, '_a4_': 1.0, '_a7_': 1.0}};{'d0': 0.02488548252106979};-272.430222984791;66.27415436063568
22665;-69.9409571317599;((((_a0_ + pow2((_a1_ + ((((_a1_ * x) * _a5_) * _a6_) / _a6_)))) * x) + _a3_) * (pow2((_a6_ * _a6_)) / _a0_));{'d0': {'_a0_': 2.4033202899064994e-24, '_a1_': -7.407293099469638e-13, '_a3_': -1.703410010172115e-27, '_a5_': 3.2023001721031816, '_a6_': 1.0963576529327772, '_a2_': 1.0, '_a4_': 1.0, '_a7_': 1.0}};{'d0': 0.02488548252106979};-272.430222984791;66.27415436063568
22666;-69.9409571317599;((((_a0_ + pow2((_a1_ + ((((_a1_ * x) * _a5_) * _a6_) / _a6_)))) * x) + _a3_) * (pow2((_a6_ * _a6_)) / _a0_));{'d0': {'_a0_': 2.4033202899064994e-24, '_a1_': -7.407293099469638e-13, '_a3_': -1.703410010172115e-27, '_a5_': 3.2023001721031816, '_a6_': 1.0963576529327772, '_a2_': 1.0, '_a4_': 1.0, '_a7_': 1.0}};{'d0': 0.02488548252106979};-272.430222984791;66.27415436063568
22667;-69.9409571317599;((((_a0_ + pow2((_a1_ + ((((_a1_ * x) * _a5_) * _a6_) / _a6_)))) * x) + _a3_) * (pow2((_a6_ * _a6_)) / _a0_));{'d0': {'_a0_': 2.4033202899064994e-24, '_a1_': -7.407293099469638e-13, '_a3_': -1.703410010172115e-27, '_a5_': 3.2023001721031816, '_a6_': 1.0963576529327772, '_a2_': 1.0, '_a4_': 1.0, '_a7_': 1.0}};{'d0': 0.02488548252106979};-272.430222984791;66.27415436063568
22668;-69.9409571317599;((((_a0_ + pow2((_a1_ + ((((_a1_ * x) * _a5_) * _a6_) / _a6_)))) * x) + _a3_) * (pow2((_a6_ * _a6_)) / _a0_));{'d0': {'_a0_': 2.4033202899064994e-24, '_a1_': -7.407293099469638e-13, '_a3_': -1.703410010172115e-27, '_a5_': 3.2023001721031816, '_a6_': 1.0963576529327772, '_a2_': 1.0, '_a4_': 1.0, '_a7_': 1.0}};{'d0': 0.02488548252106979};-272.430222984791;66.27415436063568
22669;-69.9409571317599;((((_a0_ + pow2((_a1_ + ((((_a1_ * x) * _a5_) * _a6_) / _a6_)))) * x) + _a3_) * (pow2((_a6_ * _a6_)) / _a0_));{'d0': {'_a0_': 2.4033202899064994e-24, '_a1_': -7.407293099469638e-13, '_a3_': -1.703410010172115e-27, '_a5_': 3.2023001721031816, '_a6_': 1.0963576529327772, '_a2_': 1.0, '_a4_': 1.0, '_a7_': 1.0}};{'d0': 0.02488548252106979};-272.430222984791;66.27415436063568
22670;-69.9409571317599;((((_a0_ + pow2((_a1_ + ((((_a1_ * x) * _a5_) * _a6_) / _a6_)))) * x) + _a3_) * (pow2((_a6_ * _a6_)) / _a0_));{'d0': {'_a0_': 2.4033202899064994e-24, '_a1_': -7.407293099469638e-13, '_a3_': -1.703410010172115e-27, '_a5_': 3.2023001721031816, '_a6_': 1.0963576529327772, '_a2_': 1.0, '_a4_': 1.0, '_a7_': 1.0}};{'d0': 0.02488548252106979};-272.430222984791;66.27415436063568
22671;-69.9409571317599;((((_a0_ + pow2((_a1_ + ((((_a1_ * x) * _a5_) * _a6_) / _a6_)))) * x) + _a3_) * (pow2((_a6_ * _a6_)) / _a0_));{'d0': {'_a0_': 2.4033202899064994e-24, '_a1_': -7.407293099469638e-13, '_a3_': -1.703410010172115e-27, '_a5_': 3.2023001721031816, '_a6_': 1.0963576529327772, '_a2_': 1.0, '_a4_': 1.0, '_a7_': 1.0}};{'d0': 0.02488548252106979};-272.430222984791;66.27415436063568
22672;-69.9409571317599;((((_a0_ + pow2((_a1_ + ((((_a1_ * x) * _a5_) * _a6_) / _a6_)))) * x) + _a3_) * (pow2((_a6_ * _a6_)) / _a0_));{'d0': {'_a0_': 2.4033202899064994e-24, '_a1_': -7.407293099469638e-13, '_a3_': -1.703410010172115e-27, '_a5_': 3.2023001721031816, '_a6_': 1.0963576529327772, '_a2_': 1.0, '_a4_': 1.0, '_a7_': 1.0}};{'d0': 0.02488548252106979};-272.430222984791;66.27415436063568
22673;-69.9409571317599;((((_a0_ + pow2((_a1_ + ((((_a1_ * x) * _a5_) * _a6_) / _a6_)))) * x) + _a3_) * (pow2((_a6_ * _a6_)) / _a0_));{'d0': {'_a0_': 2.4033202899064994e-24, '_a1_': -7.407293099469638e-13, '_a3_': -1.703410010172115e-27, '_a5_': 3.2023001721031816, '_a6_': 1.0963576529327772, '_a2_': 1.0, '_a4_': 1.0, '_a7_': 1.0}};{'d0': 0.02488548252106979};-272.430222984791;66.27415436063568
22674;-69.9409571317599;((((_a0_ + pow2((_a1_ + ((((_a1_ * x) * _a5_) * _a6_) / _a6_)))) * x) + _a3_) * (pow2((_a6_ * _a6_)) / _a0_));{'d0': {'_a0_': 2.4033202899064994e-24, '_a1_': -7.407293099469638e-13, '_a3_': -1.703410010172115e-27, '_a5_': 3.2023001721031816, '_a6_': 1.0963576529327772, '_a2_': 1.0, '_a4_': 1.0, '_a7_': 1.0}};{'d0': 0.02488548252106979};-272.430222984791;66.27415436063568
22675;-69.9409571317599;((((_a0_ + pow2((_a1_ + ((((_a1_ * x) * _a5_) * _a6_) / _a6_)))) * x) + _a3_) * (pow2((_a6_ * _a6_)) / _a0_));{'d0': {'_a0_': 2.4033202899064994e-24, '_a1_': -7.407293099469638e-13, '_a3_': -1.703410010172115e-27, '_a5_': 3.2023001721031816, '_a6_': 1.0963576529327772, '_a2_': 1.0, '_a4_': 1.0, '_a7_': 1.0}};{'d0': 0.02488548252106979};-272.430222984791;66.27415436063568
22676;-69.9409571317599;((((_a0_ + pow2((_a1_ + ((((_a1_ * x) * _a5_) * _a6_) / _a6_)))) * x) + _a3_) * (pow2((_a6_ * _a6_)) / _a0_));{'d0': {'_a0_': 2.4033202899064994e-24, '_a1_': -7.407293099469638e-13, '_a3_': -1.703410010172115e-27, '_a5_': 3.2023001721031816, '_a6_': 1.0963576529327772, '_a2_': 1.0, '_a4_': 1.0, '_a7_': 1.0}};{'d0': 0.02488548252106979};-272.430222984791;66.27415436063568
22677;-69.9409571317599;((((_a0_ + pow2((_a1_ + ((((_a1_ * x) * _a5_) * _a6_) / _a6_)))) * x) + _a3_) * (pow2((_a6_ * _a6_)) / _a0_));{'d0': {'_a0_': 2.4033202899064994e-24, '_a1_': -7.407293099469638e-13, '_a3_': -1.703410010172115e-27, '_a5_': 3.2023001721031816, '_a6_': 1.0963576529327772, '_a2_': 1.0, '_a4_': 1.0, '_a7_': 1.0}};{'d0': 0.02488548252106979};-272.430222984791;66.27415436063568
22678;-69.9409571317599;((((_a0_ + pow2((_a1_ + ((((_a1_ * x) * _a5_) * _a6_) / _a6_)))) * x) + _a3_) * (pow2((_a6_ * _a6_)) / _a0_));{'d0': {'_a0_': 2.4033202899064994e-24, '_a1_': -7.407293099469638e-13, '_a3_': -1.703410010172115e-27, '_a5_': 3.2023001721031816, '_a6_': 1.0963576529327772, '_a2_': 1.0, '_a4_': 1.0, '_a7_': 1.0}};{'d0': 0.02488548252106979};-272.430222984791;66.27415436063568
22679;-69.9409571317599;((((_a0_ + pow2((_a1_ + ((((_a1_ * x) * _a5_) * _a6_) / _a6_)))) * x) + _a3_) * (pow2((_a6_ * _a6_)) / _a0_));{'d0': {'_a0_': 2.4033202899064994e-24, '_a1_': -7.407293099469638e-13, '_a3_': -1.703410010172115e-27, '_a5_': 3.2023001721031816, '_a6_': 1.0963576529327772, '_a2_': 1.0, '_a4_': 1.0, '_a7_': 1.0}};{'d0': 0.02488548252106979};-272.430222984791;66.27415436063568
22680;-69.9409571317599;((((_a0_ + pow2((_a1_ + ((((_a1_ * x) * _a5_) * _a6_) / _a6_)))) * x) + _a3_) * (pow2((_a6_ * _a6_)) / _a0_));{'d0': {'_a0_': 2.4033202899064994e-24, '_a1_': -7.407293099469638e-13, '_a3_': -1.703410010172115e-27, '_a5_': 3.2023001721031816, '_a6_': 1.0963576529327772, '_a2_': 1.0, '_a4_': 1.0, '_a7_': 1.0}};{'d0': 0.02488548252106979};-272.430222984791;66.27415436063568
22681;-69.9409571317599;((((_a0_ + pow2((_a1_ + ((((_a1_ * x) * _a5_) * _a6_) / _a6_)))) * x) + _a3_) * (pow2((_a6_ * _a6_)) / _a0_));{'d0': {'_a0_': 2.4033202899064994e-24, '_a1_': -7.407293099469638e-13, '_a3_': -1.703410010172115e-27, '_a5_': 3.2023001721031816, '_a6_': 1.0963576529327772, '_a2_': 1.0, '_a4_': 1.0, '_a7_': 1.0}};{'d0': 0.02488548252106979};-272.430222984791;66.27415436063568
22682;-69.9409571317599;((((_a0_ + pow2((_a1_ + ((((_a1_ * x) * _a5_) * _a6_) / _a6_)))) * x) + _a3_) * (pow2((_a6_ * _a6_)) / _a0_));{'d0': {'_a0_': 2.4033202899064994e-24, '_a1_': -7.407293099469638e-13, '_a3_': -1.703410010172115e-27, '_a5_': 3.2023001721031816, '_a6_': 1.0963576529327772, '_a2_': 1.0, '_a4_': 1.0, '_a7_': 1.0}};{'d0': 0.02488548252106979};-272.430222984791;66.27415436063568
22683;-69.9409571317599;((((_a0_ + pow2((_a1_ + ((((_a1_ * x) * _a5_) * _a6_) / _a6_)))) * x) + _a3_) * (pow2((_a6_ * _a6_)) / _a0_));{'d0': {'_a0_': 2.4033202899064994e-24, '_a1_': -7.407293099469638e-13, '_a3_': -1.703410010172115e-27, '_a5_': 3.2023001721031816, '_a6_': 1.0963576529327772, '_a2_': 1.0, '_a4_': 1.0, '_a7_': 1.0}};{'d0': 0.02488548252106979};-272.430222984791;66.27415436063568
22684;-69.9409571317599;((((_a0_ + pow2((_a1_ + ((((_a1_ * x) * _a5_) * _a6_) / _a6_)))) * x) + _a3_) * (pow2((_a6_ * _a6_)) / _a0_));{'d0': {'_a0_': 2.4033202899064994e-24, '_a1_': -7.407293099469638e-13, '_a3_': -1.703410010172115e-27, '_a5_': 3.2023001721031816, '_a6_': 1.0963576529327772, '_a2_': 1.0, '_a4_': 1.0, '_a7_': 1.0}};{'d0': 0.02488548252106979};-272.430222984791;66.27415436063568
22685;-69.9409571317599;((((_a0_ + pow2((_a1_ + ((((_a1_ * x) * _a5_) * _a6_) / _a6_)))) * x) + _a3_) * (pow2((_a6_ * _a6_)) / _a0_));{'d0': {'_a0_': 2.4033202899064994e-24, '_a1_': -7.407293099469638e-13, '_a3_': -1.703410010172115e-27, '_a5_': 3.2023001721031816, '_a6_': 1.0963576529327772, '_a2_': 1.0, '_a4_': 1.0, '_a7_': 1.0}};{'d0': 0.02488548252106979};-272.430222984791;66.27415436063568
22686;-69.9409571317599;((((_a0_ + pow2((_a1_ + ((((_a1_ * x) * _a5_) * _a6_) / _a6_)))) * x) + _a3_) * (pow2((_a6_ * _a6_)) / _a0_));{'d0': {'_a0_': 2.4033202899064994e-24, '_a1_': -7.407293099469638e-13, '_a3_': -1.703410010172115e-27, '_a5_': 3.2023001721031816, '_a6_': 1.0963576529327772, '_a2_': 1.0, '_a4_': 1.0, '_a7_': 1.0}};{'d0': 0.02488548252106979};-272.430222984791;66.27415436063568
22687;-69.9409571317599;((((_a0_ + pow2((_a1_ + ((((_a1_ * x) * _a5_) * _a6_) / _a6_)))) * x) + _a3_) * (pow2((_a6_ * _a6_)) / _a0_));{'d0': {'_a0_': 2.4033202899064994e-24, '_a1_': -7.407293099469638e-13, '_a3_': -1.703410010172115e-27, '_a5_': 3.2023001721031816, '_a6_': 1.0963576529327772, '_a2_': 1.0, '_a4_': 1.0, '_a7_': 1.0}};{'d0': 0.02488548252106979};-272.430222984791;66.27415436063568
22688;-69.9409571317599;((((_a0_ + pow2((_a1_ + ((((_a1_ * x) * _a5_) * _a6_) / _a6_)))) * x) + _a3_) * (pow2((_a6_ * _a6_)) / _a0_));{'d0': {'_a0_': 2.4033202899064994e-24, '_a1_': -7.407293099469638e-13, '_a3_': -1.703410010172115e-27, '_a5_': 3.2023001721031816, '_a6_': 1.0963576529327772, '_a2_': 1.0, '_a4_': 1.0, '_a7_': 1.0}};{'d0': 0.02488548252106979};-272.430222984791;66.27415436063568
22689;-69.9409571317599;((((_a0_ + pow2((_a1_ + ((((_a1_ * x) * _a5_) * _a6_) / _a6_)))) * x) + _a3_) * (pow2((_a6_ * _a6_)) / _a0_));{'d0': {'_a0_': 2.4033202899064994e-24, '_a1_': -7.407293099469638e-13, '_a3_': -1.703410010172115e-27, '_a5_': 3.2023001721031816, '_a6_': 1.0963576529327772, '_a2_': 1.0, '_a4_': 1.0, '_a7_': 1.0}};{'d0': 0.02488548252106979};-272.430222984791;66.27415436063568
22690;-69.9409571317599;((((_a0_ + pow2((_a1_ + ((((_a1_ * x) * _a5_) * _a6_) / _a6_)))) * x) + _a3_) * (pow2((_a6_ * _a6_)) / _a0_));{'d0': {'_a0_': 2.4033202899064994e-24, '_a1_': -7.407293099469638e-13, '_a3_': -1.703410010172115e-27, '_a5_': 3.2023001721031816, '_a6_': 1.0963576529327772, '_a2_': 1.0, '_a4_': 1.0, '_a7_': 1.0}};{'d0': 0.02488548252106979};-272.430222984791;66.27415436063568
22691;-69.9409571317599;((((_a0_ + pow2((_a1_ + ((((_a1_ * x) * _a5_) * _a6_) / _a6_)))) * x) + _a3_) * (pow2((_a6_ * _a6_)) / _a0_));{'d0': {'_a0_': 2.4033202899064994e-24, '_a1_': -7.407293099469638e-13, '_a3_': -1.703410010172115e-27, '_a5_': 3.2023001721031816, '_a6_': 1.0963576529327772, '_a2_': 1.0, '_a4_': 1.0, '_a7_': 1.0}};{'d0': 0.02488548252106979};-272.430222984791;66.27415436063568
22692;-69.9409571317599;((((_a0_ + pow2((_a1_ + ((((_a1_ * x) * _a5_) * _a6_) / _a6_)))) * x) + _a3_) * (pow2((_a6_ * _a6_)) / _a0_));{'d0': {'_a0_': 2.4033202899064994e-24, '_a1_': -7.407293099469638e-13, '_a3_': -1.703410010172115e-27, '_a5_': 3.2023001721031816, '_a6_': 1.0963576529327772, '_a2_': 1.0, '_a4_': 1.0, '_a7_': 1.0}};{'d0': 0.02488548252106979};-272.430222984791;66.27415436063568
22693;-63.2774087791811;((((_a0_ + pow2((_a1_ + ((((_a1_ * x) * _a5_) * _a6_) / _a6_)))) * x) + _a3_) * (pow2(((_a0_ ** _a1_) * _a6_)) / _a0_));{'d0': {'_a0_': 4.610347532499481e-24, '_a1_': -1.0259371104087946e-12, '_a3_': -3.268193023362374e-27, '_a5_': 3.2022996291763026, '_a6_': 1.2019999900142868, '_a2_': 1.0, '_a4_': 1.0, '_a7_': 1.0}};{'d0': 0.024885482526444028};-272.430222971834;72.93770270673568
22694;-63.2774087791811;((((_a0_ + pow2((_a1_ + ((((_a1_ * x) * _a5_) * _a6_) / _a6_)))) * x) + _a3_) * (pow2(((_a0_ ** _a1_) * _a6_)) / _a0_));{'d0': {'_a0_': 4.610347532499481e-24, '_a1_': -1.0259371104087946e-12, '_a3_': -3.268193023362374e-27, '_a5_': 3.2022996291763026, '_a6_': 1.2019999900142868, '_a2_': 1.0, '_a4_': 1.0, '_a7_': 1.0}};{'d0': 0.024885482526444028};-272.430222971834;72.93770270673568
22695;-64.5748889906329;((((_a0_ + pow2((_a1_ + ((((_a1_ * x) * _a5_) * _a6_) / _a6_)))) * x) + _a3_) * (pow2((exp(_a0_) * _a6_)) / _a0_));{'d0': {'_a0_': 4.610347532499481e-24, '_a1_': -1.0259371104087946e-12, '_a3_': -3.268193023362374e-27, '_a5_': 3.2022996291763026, '_a6_': 1.2019999900142868, '_a2_': 1.0, '_a4_': 1.0, '_a7_': 1.0}};{'d0': 0.024885482526434285};-272.430222971857;71.64022249529567
22696;-64.5748889906329;((((_a0_ + pow2((_a1_ + ((((_a1_ * x) * _a5_) * _a6_) / _a6_)))) * x) + _a3_) * (pow2((exp(_a0_) * _a6_)) / _a0_));{'d0': {'_a0_': 4.610347532499481e-24, '_a1_': -1.0259371104087946e-12, '_a3_': -3.268193023362374e-27, '_a5_': 3.2022996291763026, '_a6_': 1.2019999900142868, '_a2_': 1.0, '_a4_': 1.0, '_a7_': 1.0}};{'d0': 0.024885482526434285};-272.430222971857;71.64022249529567
22697;-64.5748889906329;((((_a0_ + pow2((_a1_ + ((((_a1_ * x) * _a5_) * _a6_) / _a6_)))) * x) + _a3_) * (pow2((exp(_a0_) * _a6_)) / _a0_));{'d0': {'_a0_': 4.610347532499481e-24, '_a1_': -1.0259371104087946e-12, '_a3_': -3.268193023362374e-27, '_a5_': 3.2022996291763026, '_a6_': 1.2019999900142868, '_a2_': 1.0, '_a4_': 1.0, '_a7_': 1.0}};{'d0': 0.024885482526434285};-272.430222971857;71.64022249529567
22698;-64.5748889906329;((((_a0_ + pow2((_a1_ + ((((_a1_ * x) * _a5_) * _a6_) / _a6_)))) * x) + _a3_) * (pow2((exp(_a0_) * _a6_)) / _a0_));{'d0': {'_a0_': 4.610347532499481e-24, '_a1_': -1.0259371104087946e-12, '_a3_': -3.268193023362374e-27, '_a5_': 3.2022996291763026, '_a6_': 1.2019999900142868, '_a2_': 1.0, '_a4_': 1.0, '_a7_': 1.0}};{'d0': 0.024885482526434285};-272.430222971857;71.64022249529567
22699;-64.5748889906329;((((_a0_ + pow2((_a1_ + ((((_a1_ * x) * _a5_) * _a6_) / _a6_)))) * x) + _a3_) * (pow2((exp(_a0_) * _a6_)) / _a0_));{'d0': {'_a0_': 4.610347532499481e-24, '_a1_': -1.0259371104087946e-12, '_a3_': -3.268193023362374e-27, '_a5_': 3.2022996291763026, '_a6_': 1.2019999900142868, '_a2_': 1.0, '_a4_': 1.0, '_a7_': 1.0}};{'d0': 0.024885482526434285};-272.430222971857;71.64022249529567
22700;-92.5686044185126;(_a4_ * (((_a3_ * x) * pow2((_a6_ * ((pow2(_a1_) + x) * _a0_)))) + x));{'d0': {'_a0_': -123.64978624113137, '_a1_': 0.5585066765337633, '_a3_': 0.010724879337987579, '_a4_': 1.4465760890429453, '_a6_': -0.11931356674098482, '_a2_': 1.0, '_a5_': 1.0, '_a7_': 1.0}};{'d0': 0.0249058329234282};-272.381177314935;43.62198423895496
22701;-94.6157767032973;(_a4_ * (((_a3_ * x) * pow2((_a6_ * ((pow2(_a6_) + x) * _a0_)))) + x));{'d0': {'_a0_': -172.23450274932034, '_a3_': 0.00025226782994181083, '_a4_': 1.4465760892340043, '_a6_': -0.5585066765666227, '_a1_': 1.0, '_a2_': 1.0, '_a5_': 1.0, '_a7_': 1.0}};{'d0': 0.024905832920378342};-276.475521884505;43.62198423895496
22702;-92.9650145129568;(_a4_ * (((pow2(_a6_) * x) * pow2((_a6_ * ((pow2(_a6_) + x) * _a0_)))) + x));{'d0': {'_a0_': -4.898045037966551, '_a4_': 1.4465760895433573, '_a6_': -0.5585066766039177, '_a1_': 1.0, '_a2_': 1.0, '_a3_': 1.0, '_a5_': 1.0, '_a7_': 1.0}};{'d0': 0.024905832919416625};-280.569866449044;47.31991871156496
22703;-92.9650145129568;(_a4_ * (((pow2(_a6_) * x) * pow2((_a4_ * ((pow2(_a6_) + x) * _a0_)))) + x));{'d0': {'_a0_': -1.8910798215930344, '_a4_': 1.4465760902188332, '_a6_': -0.5585066766055339, '_a1_': 1.0, '_a2_': 1.0, '_a3_': 1.0, '_a5_': 1.0, '_a7_': 1.0}};{'d0': 0.024905832919416584};-280.569866449044;47.31991871156496
22704;-92.9650145129568;(_a4_ * (((pow2(_a6_) * x) * pow2((_a4_ * ((pow2(_a6_) + x) * _a0_)))) + x));{'d0': {'_a0_': -1.8910798215930344, '_a4_': 1.4465760902188332, '_a6_': -0.5585066766055339, '_a1_': 1.0, '_a2_': 1.0, '_a3_': 1.0, '_a5_': 1.0, '_a7_': 1.0}};{'d0': 0.024905832919416584};-280.569866449044;47.31991871156496
22705;-64.5748889906329;((((_a0_ + pow2((_a1_ + ((((_a1_ * x) * _a5_) * _a6_) / _a6_)))) * x) + _a3_) * (pow2((exp(_a0_) * _a6_)) / _a0_));{'d0': {'_a0_': 4.610347532499481e-24, '_a1_': -1.0259371104087946e-12, '_a3_': -3.268193023362374e-27, '_a5_': 3.2022996291763026, '_a6_': 1.2019999900142868, '_a2_': 1.0, '_a4_': 1.0, '_a7_': 1.0}};{'d0': 0.024885482526434285};-272.430222971857;71.64022249529567
22706;-64.5748889906329;((((_a0_ + pow2((_a1_ + ((((_a1_ * x) * _a5_) * _a6_) / _a6_)))) * x) + _a3_) * (pow2((exp(_a0_) * _a6_)) / _a0_));{'d0': {'_a0_': 4.610347532499481e-24, '_a1_': -1.0259371104087946e-12, '_a3_': -3.268193023362374e-27, '_a5_': 3.2022996291763026, '_a6_': 1.2019999900142868, '_a2_': 1.0, '_a4_': 1.0, '_a7_': 1.0}};{'d0': 0.024885482526434285};-272.430222971857;71.64022249529567
22707;-60.8769545180229;((((_a0_ + pow2((_a1_ + ((((_a1_ * x) * _a5_) * _a6_) / _a6_)))) * x) + _a3_) * (pow2((exp(pow2(_a0_)) * _a6_)) / _a0_));{'d0': {'_a0_': 4.610347532499481e-24, '_a1_': -1.0259371104087946e-12, '_a3_': -3.268193023362374e-27, '_a5_': 3.2022996291763026, '_a6_': 1.2019999900142868, '_a2_': 1.0, '_a4_': 1.0, '_a7_': 1.0}};{'d0': 0.024885482526434285};-272.430222971857;75.33815696790568
22708;-60.8769545180229;((((_a0_ + pow2((_a1_ + ((((_a1_ * x) * _a5_) * _a6_) / _a6_)))) * x) + _a3_) * (pow2((exp(pow2(_a0_)) * _a6_)) / _a0_));{'d0': {'_a0_': 4.610347532499481e-24, '_a1_': -1.0259371104087946e-12, '_a3_': -3.268193023362374e-27, '_a5_': 3.2022996291763026, '_a6_': 1.2019999900142868, '_a2_': 1.0, '_a4_': 1.0, '_a7_': 1.0}};{'d0': 0.024885482526434285};-272.430222971857;75.33815696790568
22709;-60.8769545180229;((((_a0_ + pow2((_a1_ + ((((_a1_ * x) * _a5_) * _a6_) / _a6_)))) * x) + _a3_) * (pow2((exp(pow2(_a0_)) * _a6_)) / _a0_));{'d0': {'_a0_': 4.610347532499481e-24, '_a1_': -1.0259371104087946e-12, '_a3_': -3.268193023362374e-27, '_a5_': 3.2022996291763026, '_a6_': 1.2019999900142868, '_a2_': 1.0, '_a4_': 1.0, '_a7_': 1.0}};{'d0': 0.024885482526434285};-272.430222971857;75.33815696790568
22710;-60.8769545180229;((((_a0_ + pow2((_a1_ + ((((_a1_ * x) * _a5_) * _a6_) / _a6_)))) * x) + _a3_) * (pow2((exp(pow2(_a0_)) * _a6_)) / _a0_));{'d0': {'_a0_': 4.610347532499481e-24, '_a1_': -1.0259371104087946e-12, '_a3_': -3.268193023362374e-27, '_a5_': 3.2022996291763026, '_a6_': 1.2019999900142868, '_a2_': 1.0, '_a4_': 1.0, '_a7_': 1.0}};{'d0': 0.024885482526434285};-272.430222971857;75.33815696790568
22711;-60.8769545180229;((((_a0_ + pow2((_a1_ + ((((_a1_ * x) * _a5_) * _a6_) / _a6_)))) * x) + _a3_) * (pow2((exp(pow2(_a0_)) * _a6_)) / _a0_));{'d0': {'_a0_': 4.610347532499481e-24, '_a1_': -1.0259371104087946e-12, '_a3_': -3.268193023362374e-27, '_a5_': 3.2022996291763026, '_a6_': 1.2019999900142868, '_a2_': 1.0, '_a4_': 1.0, '_a7_': 1.0}};{'d0': 0.024885482526434285};-272.430222971857;75.33815696790568
22712;-60.8769545180229;((((_a0_ + pow2((_a1_ + ((((_a1_ * x) * _a5_) * _a6_) / _a6_)))) * x) + _a3_) * (pow2((exp(pow2(_a0_)) * _a6_)) / _a0_));{'d0': {'_a0_': 4.610347532499481e-24, '_a1_': -1.0259371104087946e-12, '_a3_': -3.268193023362374e-27, '_a5_': 3.2022996291763026, '_a6_': 1.2019999900142868, '_a2_': 1.0, '_a4_': 1.0, '_a7_': 1.0}};{'d0': 0.024885482526434285};-272.430222971857;75.33815696790568
22713;-60.8769545180229;((((_a0_ + pow2((_a1_ + ((((_a1_ * x) * _a5_) * _a6_) / _a6_)))) * x) + _a3_) * (pow2((exp(pow2(_a0_)) * _a6_)) / _a0_));{'d0': {'_a0_': 4.610347532499481e-24, '_a1_': -1.0259371104087946e-12, '_a3_': -3.268193023362374e-27, '_a5_': 3.2022996291763026, '_a6_': 1.2019999900142868, '_a2_': 1.0, '_a4_': 1.0, '_a7_': 1.0}};{'d0': 0.024885482526434285};-272.430222971857;75.33815696790568
22714;-60.8769545180229;((((_a0_ + pow2((_a1_ + ((((_a1_ * x) * _a5_) * _a6_) / _a6_)))) * x) + _a3_) * (pow2((exp(pow2(_a0_)) * _a6_)) / _a0_));{'d0': {'_a0_': 4.610347532499481e-24, '_a1_': -1.0259371104087946e-12, '_a3_': -3.268193023362374e-27, '_a5_': 3.2022996291763026, '_a6_': 1.2019999900142868, '_a2_': 1.0, '_a4_': 1.0, '_a7_': 1.0}};{'d0': 0.024885482526434285};-272.430222971857;75.33815696790568
22715;-60.8769545180229;((((_a0_ + pow2((_a1_ + ((((_a1_ * x) * _a5_) * _a6_) / _a6_)))) * x) + _a3_) * (pow2((exp(pow2(_a0_)) * _a6_)) / _a0_));{'d0': {'_a0_': 4.610347532499481e-24, '_a1_': -1.0259371104087946e-12, '_a3_': -3.268193023362374e-27, '_a5_': 3.2022996291763026, '_a6_': 1.2019999900142868, '_a2_': 1.0, '_a4_': 1.0, '_a7_': 1.0}};{'d0': 0.024885482526434285};-272.430222971857;75.33815696790568
22716;-60.8769545180229;((((_a0_ + pow2((_a1_ + ((((_a1_ * x) * _a5_) * _a6_) / _a6_)))) * x) + _a3_) * (pow2((exp(pow2(_a0_)) * _a6_)) / _a0_));{'d0': {'_a0_': 4.610347532499481e-24, '_a1_': -1.0259371104087946e-12, '_a3_': -3.268193023362374e-27, '_a5_': 3.2022996291763026, '_a6_': 1.2019999900142868, '_a2_': 1.0, '_a4_': 1.0, '_a7_': 1.0}};{'d0': 0.024885482526434285};-272.430222971857;75.33815696790568
22717;-60.8769545180229;((((_a0_ + pow2((_a1_ + ((((_a1_ * x) * _a5_) * _a6_) / _a6_)))) * x) + _a3_) * (pow2((exp(pow2(_a0_)) * _a6_)) / _a0_));{'d0': {'_a0_': 4.610347532499481e-24, '_a1_': -1.0259371104087946e-12, '_a3_': -3.268193023362374e-27, '_a5_': 3.2022996291763026, '_a6_': 1.2019999900142868, '_a2_': 1.0, '_a4_': 1.0, '_a7_': 1.0}};{'d0': 0.024885482526434285};-272.430222971857;75.33815696790568
22718;-60.8769545180229;((((_a0_ + pow2((_a1_ + ((((_a1_ * x) * _a5_) * _a6_) / _a6_)))) * x) + _a3_) * (pow2((exp(pow2(_a0_)) * _a6_)) / _a0_));{'d0': {'_a0_': 4.610347532499481e-24, '_a1_': -1.0259371104087946e-12, '_a3_': -3.268193023362374e-27, '_a5_': 3.2022996291763026, '_a6_': 1.2019999900142868, '_a2_': 1.0, '_a4_': 1.0, '_a7_': 1.0}};{'d0': 0.024885482526434285};-272.430222971857;75.33815696790568
22719;-91.2968808509066;(_a4_ * (((exp(_a6_) * x) * pow2((_a4_ * ((pow2(_a6_) + x) * _a0_)))) + x));{'d0': {'_a0_': -1.3964211372502888, '_a4_': 1.4465760896971855, '_a6_': -0.5585066765726135, '_a1_': 1.0, '_a2_': 1.0, '_a3_': 1.0, '_a5_': 1.0, '_a7_': 1.0}};{'d0': 0.02490583291941673};-280.569866449043;48.98805237361496
22720;-91.2968808509066;(_a4_ * (((exp(_a6_) * x) * pow2((_a4_ * ((pow2(_a6_) + x) * _a0_)))) + x));{'d0': {'_a0_': -1.3964211372502888, '_a4_': 1.4465760896971855, '_a6_': -0.5585066765726135, '_a1_': 1.0, '_a2_': 1.0, '_a3_': 1.0, '_a5_': 1.0, '_a7_': 1.0}};{'d0': 0.02490583291941673};-280.569866449043;48.98805237361496
22721;-91.2968808509066;(_a4_ * (((exp(_a6_) * x) * pow2((_a4_ * ((pow2(_a6_) + x) * _a0_)))) + x));{'d0': {'_a0_': -1.3964211372502888, '_a4_': 1.4465760896971855, '_a6_': -0.5585066765726135, '_a1_': 1.0, '_a2_': 1.0, '_a3_': 1.0, '_a5_': 1.0, '_a7_': 1.0}};{'d0': 0.02490583291941673};-280.569866449043;48.98805237361496
22722;-94.6157767021437;(_a4_ * (((_a2_ * x) * pow2((_a4_ * ((pow2(_a6_) + x) * _a0_)))) + x));{'d0': {'_a0_': -1.0715650130451864, '_a2_': 0.9714920772867266, '_a4_': 1.4465760886443586, '_a6_': -0.5585066765549737, '_a1_': 1.0, '_a3_': 1.0, '_a5_': 1.0, '_a7_': 1.0}};{'d0': 0.02490583292133605};-276.475521882197;43.621984238954965
22723;-94.6157767021437;(_a4_ * (((_a2_ * x) * pow2((_a4_ * ((pow2(_a6_) + x) * _a0_)))) + x));{'d0': {'_a0_': -1.0715650130451864, '_a2_': 0.9714920772867266, '_a4_': 1.4465760886443586, '_a6_': -0.5585066765549737, '_a1_': 1.0, '_a3_': 1.0, '_a5_': 1.0, '_a7_': 1.0}};{'d0': 0.02490583292133605};-276.475521882197;43.621984238954965
22724;-94.6157767021437;(_a4_ * (((_a2_ * x) * pow2((_a4_ * ((pow2(_a6_) + x) * _a0_)))) + x));{'d0': {'_a0_': -1.0715650130451864, '_a2_': 0.9714920772867266, '_a4_': 1.4465760886443586, '_a6_': -0.5585066765549737, '_a1_': 1.0, '_a3_': 1.0, '_a5_': 1.0, '_a7_': 1.0}};{'d0': 0.02490583292133605};-276.475521882197;43.621984238954965
22725;-94.6157767021437;(_a4_ * (((_a2_ * x) * pow2((_a4_ * ((pow2(_a6_) + x) * _a0_)))) + x));{'d0': {'_a0_': -1.0715650130451864, '_a2_': 0.9714920772867266, '_a4_': 1.4465760886443586, '_a6_': -0.5585066765549737, '_a1_': 1.0, '_a3_': 1.0, '_a5_': 1.0, '_a7_': 1.0}};{'d0': 0.02490583292133605};-276.475521882197;43.621984238954965
22726;-94.6157767021437;(_a4_ * (((_a2_ * x) * pow2((_a4_ * ((pow2(_a6_) + x) * _a0_)))) + x));{'d0': {'_a0_': -1.0715650130451864, '_a2_': 0.9714920772867266, '_a4_': 1.4465760886443586, '_a6_': -0.5585066765549737, '_a1_': 1.0, '_a3_': 1.0, '_a5_': 1.0, '_a7_': 1.0}};{'d0': 0.02490583292133605};-276.475521882197;43.621984238954965
22727;-94.6157767021437;(_a4_ * (((_a2_ * x) * pow2((_a4_ * ((pow2(_a6_) + x) * _a0_)))) + x));{'d0': {'_a0_': -1.0715650130451864, '_a2_': 0.9714920772867266, '_a4_': 1.4465760886443586, '_a6_': -0.5585066765549737, '_a1_': 1.0, '_a3_': 1.0, '_a5_': 1.0, '_a7_': 1.0}};{'d0': 0.02490583292133605};-276.475521882197;43.621984238954965
22728;-94.6157767021437;(_a4_ * (((_a2_ * x) * pow2((_a4_ * ((pow2(_a6_) + x) * _a0_)))) + x));{'d0': {'_a0_': -1.0715650130451864, '_a2_': 0.9714920772867266, '_a4_': 1.4465760886443586, '_a6_': -0.5585066765549737, '_a1_': 1.0, '_a3_': 1.0, '_a5_': 1.0, '_a7_': 1.0}};{'d0': 0.02490583292133605};-276.475521882197;43.621984238954965
22729;-94.6157767021437;(_a4_ * (((_a2_ * x) * pow2((_a4_ * ((pow2(_a6_) + x) * _a0_)))) + x));{'d0': {'_a0_': -1.0715650130451864, '_a2_': 0.9714920772867266, '_a4_': 1.4465760886443586, '_a6_': -0.5585066765549737, '_a1_': 1.0, '_a3_': 1.0, '_a5_': 1.0, '_a7_': 1.0}};{'d0': 0.02490583292133605};-276.475521882197;43.621984238954965
22730;-94.6157767021437;(_a4_ * (((_a2_ * x) * pow2((_a4_ * ((pow2(_a6_) + x) * _a0_)))) + x));{'d0': {'_a0_': -1.0715650130451864, '_a2_': 0.9714920772867266, '_a4_': 1.4465760886443586, '_a6_': -0.5585066765549737, '_a1_': 1.0, '_a3_': 1.0, '_a5_': 1.0, '_a7_': 1.0}};{'d0': 0.02490583292133605};-276.475521882197;43.621984238954965
22731;-94.6157767021437;(_a4_ * (((_a2_ * x) * pow2((_a4_ * ((pow2(_a6_) + x) * _a0_)))) + x));{'d0': {'_a0_': -1.0715650130451864, '_a2_': 0.9714920772867266, '_a4_': 1.4465760886443586, '_a6_': -0.5585066765549737, '_a1_': 1.0, '_a3_': 1.0, '_a5_': 1.0, '_a7_': 1.0}};{'d0': 0.02490583292133605};-276.475521882197;43.621984238954965
22732;-94.6157767021437;(_a4_ * (((_a2_ * x) * pow2((_a4_ * ((pow2(_a6_) + x) * _a0_)))) + x));{'d0': {'_a0_': -1.0715650130451864, '_a2_': 0.9714920772867266, '_a4_': 1.4465760886443586, '_a6_': -0.5585066765549737, '_a1_': 1.0, '_a3_': 1.0, '_a5_': 1.0, '_a7_': 1.0}};{'d0': 0.02490583292133605};-276.475521882197;43.621984238954965
22733;-94.6157767021437;(_a4_ * (((_a2_ * x) * pow2((_a4_ * ((pow2(_a6_) + x) * _a0_)))) + x));{'d0': {'_a0_': -1.0715650130451864, '_a2_': 0.9714920772867266, '_a4_': 1.4465760886443586, '_a6_': -0.5585066765549737, '_a1_': 1.0, '_a3_': 1.0, '_a5_': 1.0, '_a7_': 1.0}};{'d0': 0.02490583292133605};-276.475521882197;43.621984238954965
22734;-87.4745499251584;(_a4_ * (((_a2_ * x) * pow2((_a4_ * ((pow2(_a6_) + x) * (_a1_ * _a3_))))) + x));{'d0': {'_a1_': 0.9800985441399717, '_a2_': 1.2007156198911608, '_a3_': 0.983441185034504, '_a4_': 1.4465760892779536, '_a6_': -0.5585066765345228, '_a0_': 1.0, '_a5_': 1.0, '_a7_': 1.0}};{'d0': 0.024905832919487374};-272.381177324429;48.71603873705597
22735;-87.4745499251584;(_a4_ * (((_a2_ * x) * pow2((_a4_ * ((pow2(_a6_) + x) * (_a1_ * _a3_))))) + x));{'d0': {'_a1_': 0.9800985441399717, '_a2_': 1.2007156198911608, '_a3_': 0.983441185034504, '_a4_': 1.4465760892779536, '_a6_': -0.5585066765345228, '_a0_': 1.0, '_a5_': 1.0, '_a7_': 1.0}};{'d0': 0.024905832919487374};-272.381177324429;48.71603873705597
22736;-87.4745499251584;(_a4_ * (((_a2_ * x) * pow2((_a4_ * ((pow2(_a6_) + x) * (_a1_ * _a3_))))) + x));{'d0': {'_a1_': 0.9800985441399717, '_a2_': 1.2007156198911608, '_a3_': 0.983441185034504, '_a4_': 1.4465760892779536, '_a6_': -0.5585066765345228, '_a0_': 1.0, '_a5_': 1.0, '_a7_': 1.0}};{'d0': 0.024905832919487374};-272.381177324429;48.71603873705597
22737;-87.4745499251584;(_a4_ * (((_a2_ * x) * pow2((_a4_ * ((pow2(_a6_) + x) * (_a1_ * _a3_))))) + x));{'d0': {'_a1_': 0.9800985441399717, '_a2_': 1.2007156198911608, '_a3_': 0.983441185034504, '_a4_': 1.4465760892779536, '_a6_': -0.5585066765345228, '_a0_': 1.0, '_a5_': 1.0, '_a7_': 1.0}};{'d0': 0.024905832919487374};-272.381177324429;48.71603873705597
22738;-89.5217222062350;(_a4_ * (((_a2_ * x) * pow2((_a4_ * ((pow2(_a6_) + x) * (_a1_ * _a1_))))) + x));{'d0': {'_a1_': 0.9894221983788708, '_a2_': 1.1639915493279283, '_a4_': 1.4465760896737991, '_a6_': -0.5585066765853434, '_a0_': 1.0, '_a3_': 1.0, '_a5_': 1.0, '_a7_': 1.0}};{'d0': 0.02490583291951601};-276.475521886582;48.71603873705597
22739;-89.5217222062350;(_a4_ * (((_a2_ * x) * pow2((_a4_ * ((pow2(_a6_) + x) * (_a1_ * _a1_))))) + x));{'d0': {'_a1_': 0.9894221983788708, '_a2_': 1.1639915493279283, '_a4_': 1.4465760896737991, '_a6_': -0.5585066765853434, '_a0_': 1.0, '_a3_': 1.0, '_a5_': 1.0, '_a7_': 1.0}};{'d0': 0.02490583291951601};-276.475521886582;48.71603873705597
22740;-89.5217222062350;(_a4_ * (((_a2_ * x) * pow2((_a4_ * ((pow2(_a6_) + x) * (_a1_ * _a1_))))) + x));{'d0': {'_a1_': 0.9894221983788708, '_a2_': 1.1639915493279283, '_a4_': 1.4465760896737991, '_a6_': -0.5585066765853434, '_a0_': 1.0, '_a3_': 1.0, '_a5_': 1.0, '_a7_': 1.0}};{'d0': 0.02490583291951601};-276.475521886582;48.71603873705597
22741;-89.5217222062350;(_a4_ * (((_a2_ * x) * pow2((_a4_ * ((pow2(_a6_) + x) * (_a1_ * _a1_))))) + x));{'d0': {'_a1_': 0.9894221983788708, '_a2_': 1.1639915493279283, '_a4_': 1.4465760896737991, '_a6_': -0.5585066765853434, '_a0_': 1.0, '_a3_': 1.0, '_a5_': 1.0, '_a7_': 1.0}};{'d0': 0.02490583291951601};-276.475521886582;48.71603873705597
22742;-89.5217222062350;(_a4_ * (((_a2_ * x) * pow2((_a4_ * ((pow2(_a6_) + x) * (_a1_ * _a1_))))) + x));{'d0': {'_a1_': 0.9894221983788708, '_a2_': 1.1639915493279283, '_a4_': 1.4465760896737991, '_a6_': -0.5585066765853434, '_a0_': 1.0, '_a3_': 1.0, '_a5_': 1.0, '_a7_': 1.0}};{'d0': 0.02490583291951601};-276.475521886582;48.71603873705597
22743;-89.5217222062350;(_a4_ * (((_a2_ * x) * pow2((_a4_ * ((pow2(_a6_) + x) * (_a1_ * _a1_))))) + x));{'d0': {'_a1_': 0.9894221983788708, '_a2_': 1.1639915493279283, '_a4_': 1.4465760896737991, '_a6_': -0.5585066765853434, '_a0_': 1.0, '_a3_': 1.0, '_a5_': 1.0, '_a7_': 1.0}};{'d0': 0.02490583291951601};-276.475521886582;48.71603873705597
22744;-89.5217222062350;(_a4_ * (((_a2_ * x) * pow2((_a4_ * ((pow2(_a6_) + x) * (_a1_ * _a1_))))) + x));{'d0': {'_a1_': 0.9894221983788708, '_a2_': 1.1639915493279283, '_a4_': 1.4465760896737991, '_a6_': -0.5585066765853434, '_a0_': 1.0, '_a3_': 1.0, '_a5_': 1.0, '_a7_': 1.0}};{'d0': 0.02490583291951601};-276.475521886582;48.71603873705597
22745;-89.5217222062350;(_a4_ * (((_a2_ * x) * pow2((_a4_ * ((pow2(_a6_) + x) * (_a1_ * _a1_))))) + x));{'d0': {'_a1_': 0.9894221983788708, '_a2_': 1.1639915493279283, '_a4_': 1.4465760896737991, '_a6_': -0.5585066765853434, '_a0_': 1.0, '_a3_': 1.0, '_a5_': 1.0, '_a7_': 1.0}};{'d0': 0.02490583291951601};-276.475521886582;48.71603873705597
22746;-89.5217222062350;(_a4_ * (((_a2_ * x) * pow2((_a4_ * ((pow2(_a6_) + x) * (_a1_ * _a1_))))) + x));{'d0': {'_a1_': 0.9894221983788708, '_a2_': 1.1639915493279283, '_a4_': 1.4465760896737991, '_a6_': -0.5585066765853434, '_a0_': 1.0, '_a3_': 1.0, '_a5_': 1.0, '_a7_': 1.0}};{'d0': 0.02490583291951601};-276.475521886582;48.71603873705597
22747;-89.5217222062350;(_a4_ * (((_a2_ * x) * pow2((_a4_ * ((pow2(_a6_) + x) * (_a1_ * _a1_))))) + x));{'d0': {'_a1_': 0.9894221983788708, '_a2_': 1.1639915493279283, '_a4_': 1.4465760896737991, '_a6_': -0.5585066765853434, '_a0_': 1.0, '_a3_': 1.0, '_a5_': 1.0, '_a7_': 1.0}};{'d0': 0.02490583291951601};-276.475521886582;48.71603873705597
22748;-89.5217222062350;(_a4_ * (((_a2_ * x) * pow2((_a4_ * ((pow2(_a6_) + x) * (_a1_ * _a1_))))) + x));{'d0': {'_a1_': 0.9894221983788708, '_a2_': 1.1639915493279283, '_a4_': 1.4465760896737991, '_a6_': -0.5585066765853434, '_a0_': 1.0, '_a3_': 1.0, '_a5_': 1.0, '_a7_': 1.0}};{'d0': 0.02490583291951601};-276.475521886582;48.71603873705597
22749;-89.5217222062350;(_a4_ * (((_a2_ * x) * pow2((_a4_ * ((pow2(_a6_) + x) * (_a1_ * _a1_))))) + x));{'d0': {'_a1_': 0.9894221983788708, '_a2_': 1.1639915493279283, '_a4_': 1.4465760896737991, '_a6_': -0.5585066765853434, '_a0_': 1.0, '_a3_': 1.0, '_a5_': 1.0, '_a7_': 1.0}};{'d0': 0.02490583291951601};-276.475521886582;48.71603873705597
22750;-91.5688944874657;(_a4_ * (((_a2_ * x) * pow2((_a4_ * ((pow2(_a2_) + x) * (_a1_ * _a1_))))) + x));{'d0': {'_a1_': 1.1888088319985366, '_a2_': 0.5585066765598804, '_a4_': 1.446576089195515, '_a0_': 1.0, '_a3_': 1.0, '_a5_': 1.0, '_a6_': 1.0, '_a7_': 1.0}};{'d0': 0.024905832919416716};-280.569866449043;48.71603873705597
22751;-91.5688944874657;(_a4_ * (((_a2_ * x) * pow2((_a4_ * ((pow2(_a2_) + x) * (_a1_ * _a1_))))) + x));{'d0': {'_a1_': 1.1888088319985366, '_a2_': 0.5585066765598804, '_a4_': 1.446576089195515, '_a0_': 1.0, '_a3_': 1.0, '_a5_': 1.0, '_a6_': 1.0, '_a7_': 1.0}};{'d0': 0.024905832919416716};-280.569866449043;48.71603873705597
22752;-91.5688944874657;(_a4_ * (((_a2_ * x) * pow2((_a4_ * ((pow2(_a2_) + x) * (_a1_ * _a1_))))) + x));{'d0': {'_a1_': 1.1888088319985366, '_a2_': 0.5585066765598804, '_a4_': 1.446576089195515, '_a0_': 1.0, '_a3_': 1.0, '_a5_': 1.0, '_a6_': 1.0, '_a7_': 1.0}};{'d0': 0.024905832919416716};-280.569866449043;48.71603873705597
22753;-91.5688944874657;(_a4_ * (((_a2_ * x) * pow2((_a4_ * ((pow2(_a2_) + x) * (_a1_ * _a1_))))) + x));{'d0': {'_a1_': 1.1888088319985366, '_a2_': 0.5585066765598804, '_a4_': 1.446576089195515, '_a0_': 1.0, '_a3_': 1.0, '_a5_': 1.0, '_a6_': 1.0, '_a7_': 1.0}};{'d0': 0.024905832919416716};-280.569866449043;48.71603873705597
22754;-91.5688944874657;(_a4_ * (((_a2_ * x) * pow2((_a4_ * ((pow2(_a2_) + x) * (_a1_ * _a1_))))) + x));{'d0': {'_a1_': 1.1888088319985366, '_a2_': 0.5585066765598804, '_a4_': 1.446576089195515, '_a0_': 1.0, '_a3_': 1.0, '_a5_': 1.0, '_a6_': 1.0, '_a7_': 1.0}};{'d0': 0.024905832919416716};-280.569866449043;48.71603873705597
22755;-91.5688944874657;(_a4_ * (((_a2_ * x) * pow2((_a4_ * ((pow2(_a2_) + x) * (_a1_ * _a1_))))) + x));{'d0': {'_a1_': 1.1888088319985366, '_a2_': 0.5585066765598804, '_a4_': 1.446576089195515, '_a0_': 1.0, '_a3_': 1.0, '_a5_': 1.0, '_a6_': 1.0, '_a7_': 1.0}};{'d0': 0.024905832919416716};-280.569866449043;48.71603873705597
22756;-91.5688944874657;(_a4_ * (((_a2_ * x) * pow2((_a4_ * ((pow2(_a2_) + x) * (_a1_ * _a1_))))) + x));{'d0': {'_a1_': 1.1888088319985366, '_a2_': 0.5585066765598804, '_a4_': 1.446576089195515, '_a0_': 1.0, '_a3_': 1.0, '_a5_': 1.0, '_a6_': 1.0, '_a7_': 1.0}};{'d0': 0.024905832919416716};-280.569866449043;48.71603873705597
22757;-91.5688944874657;(_a4_ * (((_a2_ * x) * pow2((_a4_ * ((pow2(_a2_) + x) * (_a1_ * _a1_))))) + x));{'d0': {'_a1_': 1.1888088319985366, '_a2_': 0.5585066765598804, '_a4_': 1.446576089195515, '_a0_': 1.0, '_a3_': 1.0, '_a5_': 1.0, '_a6_': 1.0, '_a7_': 1.0}};{'d0': 0.024905832919416716};-280.569866449043;48.71603873705597
22758;-91.5688944874657;(_a4_ * (((_a2_ * x) * pow2((_a4_ * ((pow2(_a2_) + x) * (_a1_ * _a1_))))) + x));{'d0': {'_a1_': 1.1888088319985366, '_a2_': 0.5585066765598804, '_a4_': 1.446576089195515, '_a0_': 1.0, '_a3_': 1.0, '_a5_': 1.0, '_a6_': 1.0, '_a7_': 1.0}};{'d0': 0.024905832919416716};-280.569866449043;48.71603873705597
22759;-91.5688944874658;(_a1_ * (((_a2_ * x) * pow2((_a4_ * ((pow2(_a2_) + x) * (_a1_ * _a1_))))) + x));{'d0': {'_a1_': 1.446576089665267, '_a2_': 0.5585066766053056, '_a4_': 0.9769734534933898, '_a0_': 1.0, '_a3_': 1.0, '_a5_': 1.0, '_a6_': 1.0, '_a7_': 1.0}};{'d0': 0.02490583291941657};-280.569866449044;48.71603873705597
22760;-91.5688944874658;(_a1_ * (((_a2_ * x) * pow2((_a4_ * ((pow2(_a2_) + x) * (_a1_ * _a1_))))) + x));{'d0': {'_a1_': 1.446576089665267, '_a2_': 0.5585066766053056, '_a4_': 0.9769734534933898, '_a0_': 1.0, '_a3_': 1.0, '_a5_': 1.0, '_a6_': 1.0, '_a7_': 1.0}};{'d0': 0.02490583291941657};-280.569866449044;48.71603873705597
22761;-91.5688944874658;(_a1_ * (((_a2_ * x) * pow2((_a4_ * ((pow2(_a2_) + x) * (_a1_ * _a1_))))) + x));{'d0': {'_a1_': 1.446576089665267, '_a2_': 0.5585066766053056, '_a4_': 0.9769734534933898, '_a0_': 1.0, '_a3_': 1.0, '_a5_': 1.0, '_a6_': 1.0, '_a7_': 1.0}};{'d0': 0.02490583291941657};-280.569866449044;48.71603873705597
22762;-91.5688944874658;(_a1_ * (((_a2_ * x) * pow2((_a4_ * ((pow2(_a2_) + x) * (_a1_ * _a1_))))) + x));{'d0': {'_a1_': 1.446576089665267, '_a2_': 0.5585066766053056, '_a4_': 0.9769734534933898, '_a0_': 1.0, '_a3_': 1.0, '_a5_': 1.0, '_a6_': 1.0, '_a7_': 1.0}};{'d0': 0.02490583291941657};-280.569866449044;48.71603873705597
22763;-91.5688944874658;(_a1_ * (((_a2_ * x) * pow2((_a4_ * ((pow2(_a2_) + x) * (_a1_ * _a1_))))) + x));{'d0': {'_a1_': 1.446576089665267, '_a2_': 0.5585066766053056, '_a4_': 0.9769734534933898, '_a0_': 1.0, '_a3_': 1.0, '_a5_': 1.0, '_a6_': 1.0, '_a7_': 1.0}};{'d0': 0.02490583291941657};-280.569866449044;48.71603873705597
22764;-91.5688944874658;(_a1_ * (((_a2_ * x) * pow2((_a4_ * ((pow2(_a2_) + x) * (_a1_ * _a1_))))) + x));{'d0': {'_a1_': 1.446576089665267, '_a2_': 0.5585066766053056, '_a4_': 0.9769734534933898, '_a0_': 1.0, '_a3_': 1.0, '_a5_': 1.0, '_a6_': 1.0, '_a7_': 1.0}};{'d0': 0.02490583291941657};-280.569866449044;48.71603873705597
22765;-91.5688944874658;(_a1_ * (((_a2_ * x) * pow2((_a4_ * ((pow2(_a2_) + x) * (_a1_ * _a1_))))) + x));{'d0': {'_a1_': 1.446576089665267, '_a2_': 0.5585066766053056, '_a4_': 0.9769734534933898, '_a0_': 1.0, '_a3_': 1.0, '_a5_': 1.0, '_a6_': 1.0, '_a7_': 1.0}};{'d0': 0.02490583291941657};-280.569866449044;48.71603873705597
22766;-91.5688944874658;(_a1_ * (((_a2_ * x) * pow2((_a4_ * ((pow2(_a2_) + x) * (_a1_ * _a1_))))) + x));{'d0': {'_a1_': 1.446576089665267, '_a2_': 0.5585066766053056, '_a4_': 0.9769734534933898, '_a0_': 1.0, '_a3_': 1.0, '_a5_': 1.0, '_a6_': 1.0, '_a7_': 1.0}};{'d0': 0.02490583291941657};-280.569866449044;48.71603873705597
22767;-91.5688944874658;(_a1_ * (((_a2_ * x) * pow2((_a4_ * ((pow2(_a2_) + x) * (_a1_ * _a1_))))) + x));{'d0': {'_a1_': 1.446576089665267, '_a2_': 0.5585066766053056, '_a4_': 0.9769734534933898, '_a0_': 1.0, '_a3_': 1.0, '_a5_': 1.0, '_a6_': 1.0, '_a7_': 1.0}};{'d0': 0.02490583291941657};-280.569866449044;48.71603873705597
22768;-64.5968133660950;((((_a0_ + pow2((_a1_ + ((((_a1_ * x) * _a5_) * _a6_) / _a6_)))) * x) / _a3_) * (pow2((exp(_a6_) * _a6_)) / _a0_));{'d0': {'_a0_': 4.681291825190442e-16, '_a1_': 1.031143524852627e-08, '_a3_': 3.153100694379315e-20, '_a5_': 3.20585046990023, '_a6_': -2.1356966251981283e-10, '_a2_': 1.0, '_a4_': 1.0, '_a7_': 1.0}};{'d0': 0.024905832919455657};-272.381177324505;71.59377529615767
22769;-91.5688944874658;(_a1_ * (((_a2_ * x) * pow2((_a4_ * ((pow2(_a2_) + x) * (_a1_ * _a1_))))) + x));{'d0': {'_a1_': 1.446576089665267, '_a2_': 0.5585066766053056, '_a4_': 0.9769734534933898, '_a0_': 1.0, '_a3_': 1.0, '_a5_': 1.0, '_a6_': 1.0, '_a7_': 1.0}};{'d0': 0.02490583291941657};-280.569866449044;48.71603873705597
22770;-91.5688944874658;(_a1_ * (((_a2_ * x) * pow2((_a4_ * ((pow2(_a2_) + x) * (_a1_ * _a1_))))) + x));{'d0': {'_a1_': 1.446576089665267, '_a2_': 0.5585066766053056, '_a4_': 0.9769734534933898, '_a0_': 1.0, '_a3_': 1.0, '_a5_': 1.0, '_a6_': 1.0, '_a7_': 1.0}};{'d0': 0.02490583291941657};-280.569866449044;48.71603873705597
22771;-91.5688944874658;(_a1_ * (((_a2_ * x) * pow2((_a4_ * ((pow2(_a2_) + x) * (_a1_ * _a1_))))) + x));{'d0': {'_a1_': 1.446576089665267, '_a2_': 0.5585066766053056, '_a4_': 0.9769734534933898, '_a0_': 1.0, '_a3_': 1.0, '_a5_': 1.0, '_a6_': 1.0, '_a7_': 1.0}};{'d0': 0.02490583291941657};-280.569866449044;48.71603873705597
22772;-91.5688944874658;(_a1_ * (((_a2_ * x) * pow2((_a4_ * ((pow2(_a2_) + x) * (_a1_ * _a1_))))) + x));{'d0': {'_a1_': 1.446576089665267, '_a2_': 0.5585066766053056, '_a4_': 0.9769734534933898, '_a0_': 1.0, '_a3_': 1.0, '_a5_': 1.0, '_a6_': 1.0, '_a7_': 1.0}};{'d0': 0.02490583291941657};-280.569866449044;48.71603873705597
22773;-91.5688944874658;(_a1_ * (((_a2_ * x) * pow2((_a4_ * ((pow2(_a2_) + x) * (_a1_ * _a1_))))) + x));{'d0': {'_a1_': 1.446576089665267, '_a2_': 0.5585066766053056, '_a4_': 0.9769734534933898, '_a0_': 1.0, '_a3_': 1.0, '_a5_': 1.0, '_a6_': 1.0, '_a7_': 1.0}};{'d0': 0.02490583291941657};-280.569866449044;48.71603873705597
22774;-91.5688944874658;(_a1_ * (((_a2_ * x) * pow2((_a4_ * ((pow2(_a2_) + x) * (_a1_ * _a1_))))) + x));{'d0': {'_a1_': 1.446576089665267, '_a2_': 0.5585066766053056, '_a4_': 0.9769734534933898, '_a0_': 1.0, '_a3_': 1.0, '_a5_': 1.0, '_a6_': 1.0, '_a7_': 1.0}};{'d0': 0.02490583291941657};-280.569866449044;48.71603873705597
22775;-91.5688944874658;(_a1_ * (((_a2_ * x) * pow2((_a4_ * ((pow2(_a2_) + x) * (_a1_ * _a1_))))) + x));{'d0': {'_a1_': 1.446576089665267, '_a2_': 0.5585066766053056, '_a4_': 0.9769734534933898, '_a0_': 1.0, '_a3_': 1.0, '_a5_': 1.0, '_a6_': 1.0, '_a7_': 1.0}};{'d0': 0.02490583291941657};-280.569866449044;48.71603873705597
22776;-91.5688944874658;(_a1_ * (((_a2_ * x) * pow2((_a4_ * ((pow2(_a2_) + x) * (_a1_ * _a1_))))) + x));{'d0': {'_a1_': 1.446576089665267, '_a2_': 0.5585066766053056, '_a4_': 0.9769734534933898, '_a0_': 1.0, '_a3_': 1.0, '_a5_': 1.0, '_a6_': 1.0, '_a7_': 1.0}};{'d0': 0.02490583291941657};-280.569866449044;48.71603873705597
22777;-91.5688944874658;(_a1_ * (((_a2_ * x) * pow2((_a4_ * ((pow2(_a2_) + x) * (_a1_ * _a1_))))) + x));{'d0': {'_a1_': 1.446576089665267, '_a2_': 0.5585066766053056, '_a4_': 0.9769734534933898, '_a0_': 1.0, '_a3_': 1.0, '_a5_': 1.0, '_a6_': 1.0, '_a7_': 1.0}};{'d0': 0.02490583291941657};-280.569866449044;48.71603873705597
22778;-91.5688944874658;(_a1_ * (((_a2_ * x) * pow2((_a4_ * ((pow2(_a2_) + x) * (_a1_ * _a1_))))) + x));{'d0': {'_a1_': 1.446576089665267, '_a2_': 0.5585066766053056, '_a4_': 0.9769734534933898, '_a0_': 1.0, '_a3_': 1.0, '_a5_': 1.0, '_a6_': 1.0, '_a7_': 1.0}};{'d0': 0.02490583291941657};-280.569866449044;48.71603873705597
22779;-91.5688944874658;(_a1_ * (((_a2_ * x) * pow2((_a4_ * ((pow2(_a2_) + x) * (_a1_ * _a1_))))) + x));{'d0': {'_a1_': 1.446576089665267, '_a2_': 0.5585066766053056, '_a4_': 0.9769734534933898, '_a0_': 1.0, '_a3_': 1.0, '_a5_': 1.0, '_a6_': 1.0, '_a7_': 1.0}};{'d0': 0.02490583291941657};-280.569866449044;48.71603873705597
22780;-91.5688944874658;(_a1_ * (((_a2_ * x) * pow2((_a4_ * ((pow2(_a2_) + x) * (_a1_ * _a1_))))) + x));{'d0': {'_a1_': 1.446576089665267, '_a2_': 0.5585066766053056, '_a4_': 0.9769734534933898, '_a0_': 1.0, '_a3_': 1.0, '_a5_': 1.0, '_a6_': 1.0, '_a7_': 1.0}};{'d0': 0.02490583291941657};-280.569866449044;48.71603873705597
22781;-91.5688944874658;(_a1_ * (((_a2_ * x) * pow2((_a4_ * ((pow2(_a2_) + x) * (_a1_ * _a1_))))) + x));{'d0': {'_a1_': 1.446576089665267, '_a2_': 0.5585066766053056, '_a4_': 0.9769734534933898, '_a0_': 1.0, '_a3_': 1.0, '_a5_': 1.0, '_a6_': 1.0, '_a7_': 1.0}};{'d0': 0.02490583291941657};-280.569866449044;48.71603873705597
22782;-91.5688944874657;(_a1_ * (((_a2_ * x) * pow2((_a4_ * ((pow2(_a2_) + x) * (_a1_ * _a4_))))) + x));{'d0': {'_a1_': 1.4465760890759458, '_a2_': 0.5585066765829977, '_a4_': 1.188808832096579, '_a0_': 1.0, '_a3_': 1.0, '_a5_': 1.0, '_a6_': 1.0, '_a7_': 1.0}};{'d0': 0.024905832919416667};-280.569866449044;48.71603873705597
22783;-91.5688944874657;(_a1_ * (((_a2_ * x) * pow2((_a4_ * ((pow2(_a2_) + x) * (_a1_ * _a4_))))) + x));{'d0': {'_a1_': 1.4465760890759458, '_a2_': 0.5585066765829977, '_a4_': 1.188808832096579, '_a0_': 1.0, '_a3_': 1.0, '_a5_': 1.0, '_a6_': 1.0, '_a7_': 1.0}};{'d0': 0.024905832919416667};-280.569866449044;48.71603873705597
22784;-91.5688944874657;(_a1_ * (((_a2_ * x) * pow2((_a4_ * ((pow2(_a2_) + x) * (_a1_ * _a4_))))) + x));{'d0': {'_a1_': 1.4465760890759458, '_a2_': 0.5585066765829977, '_a4_': 1.188808832096579, '_a0_': 1.0, '_a3_': 1.0, '_a5_': 1.0, '_a6_': 1.0, '_a7_': 1.0}};{'d0': 0.024905832919416667};-280.569866449044;48.71603873705597
22785;-91.5688944874657;(_a1_ * (((_a2_ * x) * pow2((_a4_ * ((pow2(_a2_) + x) * (_a1_ * _a4_))))) + x));{'d0': {'_a1_': 1.4465760890759458, '_a2_': 0.5585066765829977, '_a4_': 1.188808832096579, '_a0_': 1.0, '_a3_': 1.0, '_a5_': 1.0, '_a6_': 1.0, '_a7_': 1.0}};{'d0': 0.024905832919416667};-280.569866449044;48.71603873705597
22786;-91.5688944874657;(_a1_ * (((_a2_ * x) * pow2((_a4_ * ((pow2(_a2_) + x) * (_a1_ * _a4_))))) + x));{'d0': {'_a1_': 1.4465760890759458, '_a2_': 0.5585066765829977, '_a4_': 1.188808832096579, '_a0_': 1.0, '_a3_': 1.0, '_a5_': 1.0, '_a6_': 1.0, '_a7_': 1.0}};{'d0': 0.024905832919416667};-280.569866449044;48.71603873705597
22787;-91.5688944874657;(_a1_ * (((_a2_ * x) * pow2((_a4_ * ((pow2(_a2_) + x) * (_a1_ * _a4_))))) + x));{'d0': {'_a1_': 1.4465760890759458, '_a2_': 0.5585066765829977, '_a4_': 1.188808832096579, '_a0_': 1.0, '_a3_': 1.0, '_a5_': 1.0, '_a6_': 1.0, '_a7_': 1.0}};{'d0': 0.024905832919416667};-280.569866449044;48.71603873705597
22788;-86.4024827030427;(_a1_ * (((_a2_ * x) * pow2((_a4_ * ((pow2((_a2_ * _a2_)) + x) * (_a1_ * _a4_))))) + x));{'d0': {'_a1_': 1.4465760893156152, '_a2_': 0.7473330426108227, '_a4_': 1.1053264662961453, '_a0_': 1.0, '_a3_': 1.0, '_a5_': 1.0, '_a6_': 1.0, '_a7_': 1.0}};{'d0': 0.024905832919416657};-280.569866449044;53.882450521478965
22789;-86.4024827030427;(_a1_ * (((_a2_ * x) * pow2((_a4_ * ((pow2((_a2_ * _a2_)) + x) * (_a1_ * _a4_))))) + x));{'d0': {'_a1_': 1.4465760893156152, '_a2_': 0.7473330426108227, '_a4_': 1.1053264662961453, '_a0_': 1.0, '_a3_': 1.0, '_a5_': 1.0, '_a6_': 1.0, '_a7_': 1.0}};{'d0': 0.024905832919416657};-280.569866449044;53.882450521478965
22790;-86.4024827030427;(_a1_ * (((_a2_ * x) * pow2((_a4_ * ((pow2((_a2_ * _a2_)) + x) * (_a1_ * _a4_))))) + x));{'d0': {'_a1_': 1.4465760893156152, '_a2_': 0.7473330426108227, '_a4_': 1.1053264662961453, '_a0_': 1.0, '_a3_': 1.0, '_a5_': 1.0, '_a6_': 1.0, '_a7_': 1.0}};{'d0': 0.024905832919416657};-280.569866449044;53.882450521478965
22791;-80.4818816540128;(_a1_ * (((_a2_ * x) * pow2((_a4_ * ((pow2((_a2_ * _a2_)) + x) * (_a1_ * (_a4_ + _a2_)))))) + x));{'d0': {'_a1_': 1.446576089572812, '_a2_': 0.7473330426279352, '_a4_': 0.7931124919560807, '_a0_': 1.0, '_a3_': 1.0, '_a5_': 1.0, '_a6_': 1.0, '_a7_': 1.0}};{'d0': 0.024905832919416625};-280.569866449044;59.80305157050896
22792;-80.4818816540128;(_a1_ * (((_a2_ * x) * pow2((_a4_ * ((pow2((_a2_ * _a2_)) + x) * (_a1_ * (_a4_ + _a2_)))))) + x));{'d0': {'_a1_': 1.446576089572812, '_a2_': 0.7473330426279352, '_a4_': 0.7931124919560807, '_a0_': 1.0, '_a3_': 1.0, '_a5_': 1.0, '_a6_': 1.0, '_a7_': 1.0}};{'d0': 0.024905832919416625};-280.569866449044;59.80305157050896
22793;-80.4818816540128;(_a1_ * (((_a2_ * x) * pow2((_a4_ * ((pow2((_a2_ * _a2_)) + x) * (_a1_ * (_a4_ + _a2_)))))) + x));{'d0': {'_a1_': 1.446576089572812, '_a2_': 0.7473330426279352, '_a4_': 0.7931124919560807, '_a0_': 1.0, '_a3_': 1.0, '_a5_': 1.0, '_a6_': 1.0, '_a7_': 1.0}};{'d0': 0.024905832919416625};-280.569866449044;59.80305157050896
22794;-80.4818816540128;(_a1_ * (((_a2_ * x) * pow2((_a4_ * ((pow2((_a2_ * _a2_)) + x) * (_a1_ * (_a4_ + _a2_)))))) + x));{'d0': {'_a1_': 1.446576089572812, '_a2_': 0.7473330426279352, '_a4_': 0.7931124919560807, '_a0_': 1.0, '_a3_': 1.0, '_a5_': 1.0, '_a6_': 1.0, '_a7_': 1.0}};{'d0': 0.024905832919416625};-280.569866449044;59.80305157050896
22795;-80.2822253037757;(_a1_ * (((_a2_ * x) * pow2((_a4_ * ((pow2(exp(_a4_)) + x) * (_a1_ * (_a4_ + _a2_)))))) + x));{'d0': {'_a1_': 1.4465760897370077, '_a2_': 1.8984680549622603, '_a4_': -0.5824887058950327, '_a0_': 1.0, '_a3_': 1.0, '_a5_': 1.0, '_a6_': 1.0, '_a7_': 1.0}};{'d0': 0.024905832919416684};-280.569866449043;60.00270792074596
22796;-80.2822253037757;(_a1_ * (((_a2_ * x) * pow2((_a4_ * ((pow2(exp(_a4_)) + x) * (_a1_ * (_a4_ + _a2_)))))) + x));{'d0': {'_a1_': 1.4465760897370077, '_a2_': 1.8984680549622603, '_a4_': -0.5824887058950327, '_a0_': 1.0, '_a3_': 1.0, '_a5_': 1.0, '_a6_': 1.0, '_a7_': 1.0}};{'d0': 0.024905832919416684};-280.569866449043;60.00270792074596
22797;-84.1556540708046;(_a1_ * (((_a2_ * x) * pow2((_a4_ * ((pow2(exp(_a4_)) + x) * (_a1_ * _a0_))))) + x));{'d0': {'_a0_': 1.3311026493906708, '_a1_': 1.446576089686866, '_a2_': 1.8555738970357203, '_a4_': -0.5824887060544673, '_a3_': 1.0, '_a5_': 1.0, '_a6_': 1.0, '_a7_': 1.0}};{'d0': 0.024905832920155576};-276.475521885041;54.082106871715965
22798;-84.1556540708046;(_a1_ * (((_a2_ * x) * pow2((_a4_ * ((pow2(exp(_a4_)) + x) * (_a1_ * _a0_))))) + x));{'d0': {'_a0_': 1.3311026493906708, '_a1_': 1.446576089686866, '_a2_': 1.8555738970357203, '_a4_': -0.5824887060544673, '_a3_': 1.0, '_a5_': 1.0, '_a6_': 1.0, '_a7_': 1.0}};{'d0': 0.024905832920155576};-276.475521885041;54.082106871715965
22799;-84.1556540708046;(_a1_ * (((_a2_ * x) * pow2((_a4_ * ((pow2(exp(_a4_)) + x) * (_a1_ * _a0_))))) + x));{'d0': {'_a0_': 1.3311026493906708, '_a1_': 1.446576089686866, '_a2_': 1.8555738970357203, '_a4_': -0.5824887060544673, '_a3_': 1.0, '_a5_': 1.0, '_a6_': 1.0, '_a7_': 1.0}};{'d0': 0.024905832920155576};-276.475521885041;54.082106871715965
22800;-84.1556540708046;(_a1_ * (((_a2_ * x) * pow2((_a4_ * ((pow2(exp(_a4_)) + x) * (_a1_ * _a0_))))) + x));{'d0': {'_a0_': 1.3311026493906708, '_a1_': 1.446576089686866, '_a2_': 1.8555738970357203, '_a4_': -0.5824887060544673, '_a3_': 1.0, '_a5_': 1.0, '_a6_': 1.0, '_a7_': 1.0}};{'d0': 0.024905832920155576};-276.475521885041;54.082106871715965
22801;-89.5217222061252;(_a1_ * (((_a2_ * x) * pow2((_a4_ * ((pow2(_a2_) + x) * (_a1_ * _a0_))))) + x));{'d0': {'_a0_': 0.8943526278299503, '_a1_': 1.4465760887654104, '_a2_': 0.558506676541535, '_a4_': 1.5802115633199694, '_a3_': 1.0, '_a5_': 1.0, '_a6_': 1.0, '_a7_': 1.0}};{'d0': 0.024905832919607115};-276.475521886363;48.71603873705597
22802;-89.5217222061252;(_a1_ * (((_a2_ * x) * pow2((_a4_ * ((pow2(_a2_) + x) * (_a1_ * _a0_))))) + x));{'d0': {'_a0_': 0.8943526278299503, '_a1_': 1.4465760887654104, '_a2_': 0.558506676541535, '_a4_': 1.5802115633199694, '_a3_': 1.0, '_a5_': 1.0, '_a6_': 1.0, '_a7_': 1.0}};{'d0': 0.024905832919607115};-276.475521886363;48.71603873705597
22803;-89.5217222061252;(_a1_ * (((_a2_ * x) * pow2((_a4_ * ((pow2(_a2_) + x) * (_a1_ * _a0_))))) + x));{'d0': {'_a0_': 0.8943526278299503, '_a1_': 1.4465760887654104, '_a2_': 0.558506676541535, '_a4_': 1.5802115633199694, '_a3_': 1.0, '_a5_': 1.0, '_a6_': 1.0, '_a7_': 1.0}};{'d0': 0.024905832919607115};-276.475521886363;48.71603873705597
22804;-89.5217222061252;(_a1_ * (((_a2_ * x) * pow2((_a4_ * ((pow2(_a2_) + x) * (_a1_ * _a0_))))) + x));{'d0': {'_a0_': 0.8943526278299503, '_a1_': 1.4465760887654104, '_a2_': 0.558506676541535, '_a4_': 1.5802115633199694, '_a3_': 1.0, '_a5_': 1.0, '_a6_': 1.0, '_a7_': 1.0}};{'d0': 0.024905832919607115};-276.475521886363;48.71603873705597
22805;-89.5217222061252;(_a1_ * (((_a2_ * x) * pow2((_a4_ * ((pow2(_a2_) + x) * (_a1_ * _a0_))))) + x));{'d0': {'_a0_': 0.8943526278299503, '_a1_': 1.4465760887654104, '_a2_': 0.558506676541535, '_a4_': 1.5802115633199694, '_a3_': 1.0, '_a5_': 1.0, '_a6_': 1.0, '_a7_': 1.0}};{'d0': 0.024905832919607115};-276.475521886363;48.71603873705597
22806;-89.5217222061252;(_a1_ * (((_a2_ * x) * pow2((_a4_ * ((pow2(_a2_) + x) * (_a1_ * _a0_))))) + x));{'d0': {'_a0_': 0.8943526278299503, '_a1_': 1.4465760887654104, '_a2_': 0.558506676541535, '_a4_': 1.5802115633199694, '_a3_': 1.0, '_a5_': 1.0, '_a6_': 1.0, '_a7_': 1.0}};{'d0': 0.024905832919607115};-276.475521886363;48.71603873705597
22807;-89.5217222061252;(_a1_ * (((_a2_ * x) * pow2((_a4_ * ((pow2(_a2_) + x) * (_a1_ * _a0_))))) + x));{'d0': {'_a0_': 0.8943526278299503, '_a1_': 1.4465760887654104, '_a2_': 0.558506676541535, '_a4_': 1.5802115633199694, '_a3_': 1.0, '_a5_': 1.0, '_a6_': 1.0, '_a7_': 1.0}};{'d0': 0.024905832919607115};-276.475521886363;48.71603873705597
22808;-89.5217222061252;(_a1_ * (((_a2_ * x) * pow2((_a4_ * ((pow2(_a2_) + x) * (_a1_ * _a0_))))) + x));{'d0': {'_a0_': 0.8943526278299503, '_a1_': 1.4465760887654104, '_a2_': 0.558506676541535, '_a4_': 1.5802115633199694, '_a3_': 1.0, '_a5_': 1.0, '_a6_': 1.0, '_a7_': 1.0}};{'d0': 0.024905832919607115};-276.475521886363;48.71603873705597
22809;-89.5217222061252;(_a1_ * (((_a2_ * x) * pow2((_a4_ * ((pow2(_a2_) + x) * (_a1_ * _a0_))))) + x));{'d0': {'_a0_': 0.8943526278299503, '_a1_': 1.4465760887654104, '_a2_': 0.558506676541535, '_a4_': 1.5802115633199694, '_a3_': 1.0, '_a5_': 1.0, '_a6_': 1.0, '_a7_': 1.0}};{'d0': 0.024905832919607115};-276.475521886363;48.71603873705597
22810;-89.5217222061252;(_a1_ * (((_a2_ * x) * pow2((_a4_ * ((pow2(_a2_) + x) * (_a1_ * _a0_))))) + x));{'d0': {'_a0_': 0.8943526278299503, '_a1_': 1.4465760887654104, '_a2_': 0.558506676541535, '_a4_': 1.5802115633199694, '_a3_': 1.0, '_a5_': 1.0, '_a6_': 1.0, '_a7_': 1.0}};{'d0': 0.024905832919607115};-276.475521886363;48.71603873705597
22811;-89.5217222061252;(_a1_ * (((_a2_ * x) * pow2((_a4_ * ((pow2(_a2_) + x) * (_a1_ * _a0_))))) + x));{'d0': {'_a0_': 0.8943526278299503, '_a1_': 1.4465760887654104, '_a2_': 0.558506676541535, '_a4_': 1.5802115633199694, '_a3_': 1.0, '_a5_': 1.0, '_a6_': 1.0, '_a7_': 1.0}};{'d0': 0.024905832919607115};-276.475521886363;48.71603873705597
22812;-89.5217222061252;(_a1_ * (((_a2_ * x) * pow2((_a4_ * ((pow2(_a2_) + x) * (_a1_ * _a0_))))) + x));{'d0': {'_a0_': 0.8943526278299503, '_a1_': 1.4465760887654104, '_a2_': 0.558506676541535, '_a4_': 1.5802115633199694, '_a3_': 1.0, '_a5_': 1.0, '_a6_': 1.0, '_a7_': 1.0}};{'d0': 0.024905832919607115};-276.475521886363;48.71603873705597
22813;-89.5217222061252;(_a1_ * (((_a2_ * x) * pow2((_a4_ * ((pow2(_a2_) + x) * (_a1_ * _a0_))))) + x));{'d0': {'_a0_': 0.8943526278299503, '_a1_': 1.4465760887654104, '_a2_': 0.558506676541535, '_a4_': 1.5802115633199694, '_a3_': 1.0, '_a5_': 1.0, '_a6_': 1.0, '_a7_': 1.0}};{'d0': 0.024905832919607115};-276.475521886363;48.71603873705597
22814;-89.5217222061252;(_a1_ * (((_a2_ * x) * pow2((_a4_ * ((pow2(_a2_) + x) * (_a1_ * _a0_))))) + x));{'d0': {'_a0_': 0.8943526278299503, '_a1_': 1.4465760887654104, '_a2_': 0.558506676541535, '_a4_': 1.5802115633199694, '_a3_': 1.0, '_a5_': 1.0, '_a6_': 1.0, '_a7_': 1.0}};{'d0': 0.024905832919607115};-276.475521886363;48.71603873705597
22815;-89.5217222061252;(_a1_ * (((_a2_ * x) * pow2((_a4_ * ((pow2(_a2_) + x) * (_a1_ * _a0_))))) + x));{'d0': {'_a0_': 0.8943526278299503, '_a1_': 1.4465760887654104, '_a2_': 0.558506676541535, '_a4_': 1.5802115633199694, '_a3_': 1.0, '_a5_': 1.0, '_a6_': 1.0, '_a7_': 1.0}};{'d0': 0.024905832919607115};-276.475521886363;48.71603873705597
22816;-89.5217222061252;(_a1_ * (((_a2_ * x) * pow2((_a4_ * ((pow2(_a2_) + x) * (_a1_ * _a0_))))) + x));{'d0': {'_a0_': 0.8943526278299503, '_a1_': 1.4465760887654104, '_a2_': 0.558506676541535, '_a4_': 1.5802115633199694, '_a3_': 1.0, '_a5_': 1.0, '_a6_': 1.0, '_a7_': 1.0}};{'d0': 0.024905832919607115};-276.475521886363;48.71603873705597
22817;-96.4717394444431;(x * (_a1_ + ((((_a7_ / x) + ((_a4_ + x) * _a4_)) * x) / _a1_)));{'d0': {'_a1_': 0.18475084189194693, '_a4_': 0.623859415453772, '_a7_': 0.29382488672842283, '_a0_': 1.0, '_a2_': 1.0, '_a3_': 1.0, '_a5_': 1.0, '_a6_': 1.0}};{'d0': 0.02490583291941664};-280.569866449044;43.81319378007855
22818;-96.4717394444431;(x * (_a1_ + ((((_a7_ / x) + ((_a4_ + x) * _a4_)) * x) / _a1_)));{'d0': {'_a1_': 0.18475084189194693, '_a4_': 0.623859415453772, '_a7_': 0.29382488672842283, '_a0_': 1.0, '_a2_': 1.0, '_a3_': 1.0, '_a5_': 1.0, '_a6_': 1.0}};{'d0': 0.02490583291941664};-280.569866449044;43.81319378007855
22819;-88.0532448536262;(_a1_ * (((_a2_ * x) * pow2((_a4_ * (((_a0_ * _a4_) + x) * (_a1_ * _a0_))))) + x));{'d0': {'_a0_': 0.4201694795879245, '_a1_': 1.4465790702689887, '_a2_': 11.46458869487346, '_a4_': 0.7423910218894421, '_a3_': 1.0, '_a5_': 1.0, '_a6_': 1.0, '_a7_': 1.0}};{'d0': 0.02490583295338446};-276.475521804990;50.184516048868964
22820;-88.0532448536262;(_a1_ * (((_a2_ * x) * pow2((_a4_ * (((_a0_ * _a4_) + x) * (_a1_ * _a0_))))) + x));{'d0': {'_a0_': 0.4201694795879245, '_a1_': 1.4465790702689887, '_a2_': 11.46458869487346, '_a4_': 0.7423910218894421, '_a3_': 1.0, '_a5_': 1.0, '_a6_': 1.0, '_a7_': 1.0}};{'d0': 0.02490583295338446};-276.475521804990;50.184516048868964
22821;-88.0532448536262;(_a1_ * (((_a2_ * x) * pow2((_a4_ * (((_a0_ * _a4_) + x) * (_a1_ * _a0_))))) + x));{'d0': {'_a0_': 0.4201694795879245, '_a1_': 1.4465790702689887, '_a2_': 11.46458869487346, '_a4_': 0.7423910218894421, '_a3_': 1.0, '_a5_': 1.0, '_a6_': 1.0, '_a7_': 1.0}};{'d0': 0.02490583295338446};-276.475521804990;50.184516048868964
22822;-88.0532448536262;(_a1_ * (((_a2_ * x) * pow2((_a4_ * (((_a0_ * _a4_) + x) * (_a1_ * _a0_))))) + x));{'d0': {'_a0_': 0.4201694795879245, '_a1_': 1.4465790702689887, '_a2_': 11.46458869487346, '_a4_': 0.7423910218894421, '_a3_': 1.0, '_a5_': 1.0, '_a6_': 1.0, '_a7_': 1.0}};{'d0': 0.02490583295338446};-276.475521804990;50.184516048868964
22823;-88.0532448536262;(_a1_ * (((_a2_ * x) * pow2((_a4_ * (((_a0_ * _a4_) + x) * (_a1_ * _a0_))))) + x));{'d0': {'_a0_': 0.4201694795879245, '_a1_': 1.4465790702689887, '_a2_': 11.46458869487346, '_a4_': 0.7423910218894421, '_a3_': 1.0, '_a5_': 1.0, '_a6_': 1.0, '_a7_': 1.0}};{'d0': 0.02490583295338446};-276.475521804990;50.184516048868964
22824;-88.0532448536262;(_a1_ * (((_a2_ * x) * pow2((_a4_ * (((_a0_ * _a4_) + x) * (_a1_ * _a0_))))) + x));{'d0': {'_a0_': 0.4201694795879245, '_a1_': 1.4465790702689887, '_a2_': 11.46458869487346, '_a4_': 0.7423910218894421, '_a3_': 1.0, '_a5_': 1.0, '_a6_': 1.0, '_a7_': 1.0}};{'d0': 0.02490583295338446};-276.475521804990;50.184516048868964
22825;-88.0532448536262;(_a1_ * (((_a2_ * x) * pow2((_a4_ * (((_a0_ * _a4_) + x) * (_a1_ * _a0_))))) + x));{'d0': {'_a0_': 0.4201694795879245, '_a1_': 1.4465790702689887, '_a2_': 11.46458869487346, '_a4_': 0.7423910218894421, '_a3_': 1.0, '_a5_': 1.0, '_a6_': 1.0, '_a7_': 1.0}};{'d0': 0.02490583295338446};-276.475521804990;50.184516048868964
22826;-88.0532448536262;(_a1_ * (((_a2_ * x) * pow2((_a4_ * (((_a0_ * _a4_) + x) * (_a1_ * _a0_))))) + x));{'d0': {'_a0_': 0.4201694795879245, '_a1_': 1.4465790702689887, '_a2_': 11.46458869487346, '_a4_': 0.7423910218894421, '_a3_': 1.0, '_a5_': 1.0, '_a6_': 1.0, '_a7_': 1.0}};{'d0': 0.02490583295338446};-276.475521804990;50.184516048868964
22827;-88.0532448536262;(_a1_ * (((_a2_ * x) * pow2((_a4_ * (((_a0_ * _a4_) + x) * (_a1_ * _a0_))))) + x));{'d0': {'_a0_': 0.4201694795879245, '_a1_': 1.4465790702689887, '_a2_': 11.46458869487346, '_a4_': 0.7423910218894421, '_a3_': 1.0, '_a5_': 1.0, '_a6_': 1.0, '_a7_': 1.0}};{'d0': 0.02490583295338446};-276.475521804990;50.184516048868964
22828;-88.0532448536262;(_a1_ * (((_a2_ * x) * pow2((_a4_ * (((_a0_ * _a4_) + x) * (_a1_ * _a0_))))) + x));{'d0': {'_a0_': 0.4201694795879245, '_a1_': 1.4465790702689887, '_a2_': 11.46458869487346, '_a4_': 0.7423910218894421, '_a3_': 1.0, '_a5_': 1.0, '_a6_': 1.0, '_a7_': 1.0}};{'d0': 0.02490583295338446};-276.475521804990;50.184516048868964
22829;-88.0532448536262;(_a1_ * (((_a2_ * x) * pow2((_a4_ * (((_a0_ * _a4_) + x) * (_a1_ * _a0_))))) + x));{'d0': {'_a0_': 0.4201694795879245, '_a1_': 1.4465790702689887, '_a2_': 11.46458869487346, '_a4_': 0.7423910218894421, '_a3_': 1.0, '_a5_': 1.0, '_a6_': 1.0, '_a7_': 1.0}};{'d0': 0.02490583295338446};-276.475521804990;50.184516048868964
22830;-88.0532448536262;(_a1_ * (((_a2_ * x) * pow2((_a4_ * (((_a0_ * _a4_) + x) * (_a1_ * _a0_))))) + x));{'d0': {'_a0_': 0.4201694795879245, '_a1_': 1.4465790702689887, '_a2_': 11.46458869487346, '_a4_': 0.7423910218894421, '_a3_': 1.0, '_a5_': 1.0, '_a6_': 1.0, '_a7_': 1.0}};{'d0': 0.02490583295338446};-276.475521804990;50.184516048868964
22831;-84.3732977337062;(_a1_ * (((_a2_ * x) * pow2((_a4_ * (((-(_a0_) * _a4_) + x) * (_a1_ * _a0_))))) + x));{'d0': {'_a0_': -0.42807927010622804, '_a1_': 1.4465760893079536, '_a2_': 11.464707631163643, '_a4_': 0.7286726960631463, '_a3_': 1.0, '_a5_': 1.0, '_a6_': 1.0, '_a7_': 1.0}};{'d0': 0.02490583291989407};-276.475521885671;53.864463209129354
22832;-89.5397095177320;(_a1_ * (((_a2_ * x) * pow2((_a4_ * (((-(_a0_) * _a4_) + x) * _a4_)))) + x));{'d0': {'_a0_': -0.5021533763037923, '_a1_': 1.4465760889185342, '_a2_': 15.677527083881575, '_a4_': 0.6211841146788811, '_a3_': 1.0, '_a5_': 1.0, '_a6_': 1.0, '_a7_': 1.0}};{'d0': 0.024905832920223792};-276.475521884877;48.69805142470636
22833;-89.5397095177320;(_a1_ * (((_a2_ * x) * pow2((_a4_ * (((-(_a0_) * _a4_) + x) * _a4_)))) + x));{'d0': {'_a0_': -0.5021533763037923, '_a1_': 1.4465760889185342, '_a2_': 15.677527083881575, '_a4_': 0.6211841146788811, '_a3_': 1.0, '_a5_': 1.0, '_a6_': 1.0, '_a7_': 1.0}};{'d0': 0.024905832920223792};-276.475521884877;48.69805142470636
22834;-89.5397095177320;(_a1_ * (((_a2_ * x) * pow2((_a4_ * (((-(_a0_) * _a4_) + x) * _a4_)))) + x));{'d0': {'_a0_': -0.5021533763037923, '_a1_': 1.4465760889185342, '_a2_': 15.677527083881575, '_a4_': 0.6211841146788811, '_a3_': 1.0, '_a5_': 1.0, '_a6_': 1.0, '_a7_': 1.0}};{'d0': 0.024905832920223792};-276.475521884877;48.69805142470636
22835;-89.5397095177320;(_a1_ * (((_a2_ * x) * pow2((_a4_ * (((-(_a0_) * _a4_) + x) * _a4_)))) + x));{'d0': {'_a0_': -0.5021533763037923, '_a1_': 1.4465760889185342, '_a2_': 15.677527083881575, '_a4_': 0.6211841146788811, '_a3_': 1.0, '_a5_': 1.0, '_a6_': 1.0, '_a7_': 1.0}};{'d0': 0.024905832920223792};-276.475521884877;48.69805142470636
22836;-83.6190177403039;((_a1_ * (((_a2_ * x) * pow2((_a4_ * (((-(_a0_) * _a4_) + x) * _a4_)))) + x)) + _a2_);{'d0': {'_a0_': -0.009356052033903654, '_a1_': 1.44657937216991, '_a2_': 1.8893085734258993e-06, '_a4_': 33.33980631671211, '_a3_': 1.0, '_a5_': 1.0, '_a6_': 1.0, '_a7_': 1.0}};{'d0': 0.024905908242548545};-276.475340428081;54.618652473736354
22837;-83.6188902243492;((_a1_ * (((_a2_ * x) * pow2((_a4_ * (((-(_a0_) * _a4_) + x) * _a1_)))) + x)) + _a2_);{'d0': {'_a0_': -0.0006299194355609785, '_a1_': 1.446584018059723, '_a2_': 4.5491131568778345e-06, '_a4_': 495.18730954292784, '_a3_': 1.0, '_a5_': 1.0, '_a6_': 1.0, '_a7_': 1.0}};{'d0': 0.024906014106129082};-276.475085396171;54.618652473736354
22838;-83.6188902243492;((_a1_ * (((_a2_ * x) * pow2((_a4_ * (((-(_a0_) * _a4_) + x) * _a1_)))) + x)) + _a2_);{'d0': {'_a0_': -0.0006299194355609785, '_a1_': 1.446584018059723, '_a2_': 4.5491131568778345e-06, '_a4_': 495.18730954292784, '_a3_': 1.0, '_a5_': 1.0, '_a6_': 1.0, '_a7_': 1.0}};{'d0': 0.024906014106129082};-276.475085396171;54.618652473736354
22839;-83.6188902243492;((_a1_ * (((_a2_ * x) * pow2((_a4_ * (((-(_a0_) * _a4_) + x) * _a1_)))) + x)) + _a2_);{'d0': {'_a0_': -0.0006299194355609785, '_a1_': 1.446584018059723, '_a2_': 4.5491131568778345e-06, '_a4_': 495.18730954292784, '_a3_': 1.0, '_a5_': 1.0, '_a6_': 1.0, '_a7_': 1.0}};{'d0': 0.024906014106129082};-276.475085396171;54.618652473736354
22840;-83.6188902243492;((_a1_ * (((_a2_ * x) * pow2((_a4_ * (((-(_a0_) * _a4_) + x) * _a1_)))) + x)) + _a2_);{'d0': {'_a0_': -0.0006299194355609785, '_a1_': 1.446584018059723, '_a2_': 4.5491131568778345e-06, '_a4_': 495.18730954292784, '_a3_': 1.0, '_a5_': 1.0, '_a6_': 1.0, '_a7_': 1.0}};{'d0': 0.024906014106129082};-276.475085396171;54.618652473736354
22841;-83.6188902243492;((_a1_ * (((_a2_ * x) * pow2((_a4_ * (((-(_a0_) * _a4_) + x) * _a1_)))) + x)) + _a2_);{'d0': {'_a0_': -0.0006299194355609785, '_a1_': 1.446584018059723, '_a2_': 4.5491131568778345e-06, '_a4_': 495.18730954292784, '_a3_': 1.0, '_a5_': 1.0, '_a6_': 1.0, '_a7_': 1.0}};{'d0': 0.024906014106129082};-276.475085396171;54.618652473736354
22842;-83.6188902243492;((_a1_ * (((_a2_ * x) * pow2((_a4_ * (((-(_a0_) * _a4_) + x) * _a1_)))) + x)) + _a2_);{'d0': {'_a0_': -0.0006299194355609785, '_a1_': 1.446584018059723, '_a2_': 4.5491131568778345e-06, '_a4_': 495.18730954292784, '_a3_': 1.0, '_a5_': 1.0, '_a6_': 1.0, '_a7_': 1.0}};{'d0': 0.024906014106129082};-276.475085396171;54.618652473736354
22843;-83.6188902243492;((_a1_ * (((_a2_ * x) * pow2((_a4_ * (((-(_a0_) * _a4_) + x) * _a1_)))) + x)) + _a2_);{'d0': {'_a0_': -0.0006299194355609785, '_a1_': 1.446584018059723, '_a2_': 4.5491131568778345e-06, '_a4_': 495.18730954292784, '_a3_': 1.0, '_a5_': 1.0, '_a6_': 1.0, '_a7_': 1.0}};{'d0': 0.024906014106129082};-276.475085396171;54.618652473736354
22844;-83.6188902243492;((_a1_ * (((_a2_ * x) * pow2((_a4_ * (((-(_a0_) * _a4_) + x) * _a1_)))) + x)) + _a2_);{'d0': {'_a0_': -0.0006299194355609785, '_a1_': 1.446584018059723, '_a2_': 4.5491131568778345e-06, '_a4_': 495.18730954292784, '_a3_': 1.0, '_a5_': 1.0, '_a6_': 1.0, '_a7_': 1.0}};{'d0': 0.024906014106129082};-276.475085396171;54.618652473736354
22845;-83.6188902243492;((_a1_ * (((_a2_ * x) * pow2((_a4_ * (((-(_a0_) * _a4_) + x) * _a1_)))) + x)) + _a2_);{'d0': {'_a0_': -0.0006299194355609785, '_a1_': 1.446584018059723, '_a2_': 4.5491131568778345e-06, '_a4_': 495.18730954292784, '_a3_': 1.0, '_a5_': 1.0, '_a6_': 1.0, '_a7_': 1.0}};{'d0': 0.024906014106129082};-276.475085396171;54.618652473736354
22846;-83.6188902243492;((_a1_ * (((_a2_ * x) * pow2((_a4_ * (((-(_a0_) * _a4_) + x) * _a1_)))) + x)) + _a2_);{'d0': {'_a0_': -0.0006299194355609785, '_a1_': 1.446584018059723, '_a2_': 4.5491131568778345e-06, '_a4_': 495.18730954292784, '_a3_': 1.0, '_a5_': 1.0, '_a6_': 1.0, '_a7_': 1.0}};{'d0': 0.024906014106129082};-276.475085396171;54.618652473736354
22847;-83.6188902243492;((_a1_ * (((_a2_ * x) * pow2((_a4_ * (((-(_a0_) * _a4_) + x) * _a1_)))) + x)) + _a2_);{'d0': {'_a0_': -0.0006299194355609785, '_a1_': 1.446584018059723, '_a2_': 4.5491131568778345e-06, '_a4_': 495.18730954292784, '_a3_': 1.0, '_a5_': 1.0, '_a6_': 1.0, '_a7_': 1.0}};{'d0': 0.024906014106129082};-276.475085396171;54.618652473736354
22848;-83.6188902243492;((_a1_ * (((_a2_ * x) * pow2((_a4_ * (((-(_a0_) * _a4_) + x) * _a1_)))) + x)) + _a2_);{'d0': {'_a0_': -0.0006299194355609785, '_a1_': 1.446584018059723, '_a2_': 4.5491131568778345e-06, '_a4_': 495.18730954292784, '_a3_': 1.0, '_a5_': 1.0, '_a6_': 1.0, '_a7_': 1.0}};{'d0': 0.024906014106129082};-276.475085396171;54.618652473736354
22849;-83.6188902243492;((_a1_ * (((_a2_ * x) * pow2((_a4_ * (((-(_a0_) * _a4_) + x) * _a1_)))) + x)) + _a2_);{'d0': {'_a0_': -0.0006299194355609785, '_a1_': 1.446584018059723, '_a2_': 4.5491131568778345e-06, '_a4_': 495.18730954292784, '_a3_': 1.0, '_a5_': 1.0, '_a6_': 1.0, '_a7_': 1.0}};{'d0': 0.024906014106129082};-276.475085396171;54.618652473736354
22850;-83.6188902243492;((_a1_ * (((_a2_ * x) * pow2((_a4_ * (((-(_a0_) * _a4_) + x) * _a1_)))) + x)) + _a2_);{'d0': {'_a0_': -0.0006299194355609785, '_a1_': 1.446584018059723, '_a2_': 4.5491131568778345e-06, '_a4_': 495.18730954292784, '_a3_': 1.0, '_a5_': 1.0, '_a6_': 1.0, '_a7_': 1.0}};{'d0': 0.024906014106129082};-276.475085396171;54.618652473736354
22851;-83.6188902243492;((_a1_ * (((_a2_ * x) * pow2((_a4_ * (((-(_a0_) * _a4_) + x) * _a1_)))) + x)) + _a2_);{'d0': {'_a0_': -0.0006299194355609785, '_a1_': 1.446584018059723, '_a2_': 4.5491131568778345e-06, '_a4_': 495.18730954292784, '_a3_': 1.0, '_a5_': 1.0, '_a6_': 1.0, '_a7_': 1.0}};{'d0': 0.024906014106129082};-276.475085396171;54.618652473736354
22852;-83.6188902243492;((_a1_ * (((_a2_ * x) * pow2((_a4_ * (((-(_a0_) * _a4_) + x) * _a1_)))) + x)) + _a2_);{'d0': {'_a0_': -0.0006299194355609785, '_a1_': 1.446584018059723, '_a2_': 4.5491131568778345e-06, '_a4_': 495.18730954292784, '_a3_': 1.0, '_a5_': 1.0, '_a6_': 1.0, '_a7_': 1.0}};{'d0': 0.024906014106129082};-276.475085396171;54.618652473736354
22853;-83.6188902243492;((_a1_ * (((_a2_ * x) * pow2((_a4_ * (((-(_a0_) * _a4_) + x) * _a1_)))) + x)) + _a2_);{'d0': {'_a0_': -0.0006299194355609785, '_a1_': 1.446584018059723, '_a2_': 4.5491131568778345e-06, '_a4_': 495.18730954292784, '_a3_': 1.0, '_a5_': 1.0, '_a6_': 1.0, '_a7_': 1.0}};{'d0': 0.024906014106129082};-276.475085396171;54.618652473736354
22854;-82.8170847719898;((_a1_ * (((_a2_ + x) * pow2((_a4_ * (((-(_a0_) * _a4_) + x) * _a1_)))) + x)) + _a2_);{'d0': {'_a0_': -0.2954835983458953, '_a1_': 1.445618479917197, '_a2_': -0.0007696815821853149, '_a4_': 1.0581312337067474, '_a3_': 1.0, '_a5_': 1.0, '_a6_': 1.0, '_a7_': 1.0}};{'d0': 0.02488548250186768};-276.524567593311;55.44519902466536
22855;-82.8170847719898;((_a1_ * (((_a2_ + x) * pow2((_a4_ * (((-(_a0_) * _a4_) + x) * _a1_)))) + x)) + _a2_);{'d0': {'_a0_': -0.2954835983458953, '_a1_': 1.445618479917197, '_a2_': -0.0007696815821853149, '_a4_': 1.0581312337067474, '_a3_': 1.0, '_a5_': 1.0, '_a6_': 1.0, '_a7_': 1.0}};{'d0': 0.02488548250186768};-276.524567593311;55.44519902466536
22856;-82.8170847719898;((_a1_ * (((_a2_ + x) * pow2((_a4_ * (((-(_a0_) * _a4_) + x) * _a1_)))) + x)) + _a2_);{'d0': {'_a0_': -0.2954835983458953, '_a1_': 1.445618479917197, '_a2_': -0.0007696815821853149, '_a4_': 1.0581312337067474, '_a3_': 1.0, '_a5_': 1.0, '_a6_': 1.0, '_a7_': 1.0}};{'d0': 0.02488548250186768};-276.524567593311;55.44519902466536
22857;-82.8170847719898;((_a1_ * (((_a2_ + x) * pow2((_a4_ * (((-(_a0_) * _a4_) + x) * _a1_)))) + x)) + _a2_);{'d0': {'_a0_': -0.2954835983458953, '_a1_': 1.445618479917197, '_a2_': -0.0007696815821853149, '_a4_': 1.0581312337067474, '_a3_': 1.0, '_a5_': 1.0, '_a6_': 1.0, '_a7_': 1.0}};{'d0': 0.02488548250186768};-276.524567593311;55.44519902466536
22858;-82.8170847719898;((_a1_ * (((_a2_ + x) * pow2((_a4_ * (((-(_a0_) * _a4_) + x) * _a1_)))) + x)) + _a2_);{'d0': {'_a0_': -0.2954835983458953, '_a1_': 1.445618479917197, '_a2_': -0.0007696815821853149, '_a4_': 1.0581312337067474, '_a3_': 1.0, '_a5_': 1.0, '_a6_': 1.0, '_a7_': 1.0}};{'d0': 0.02488548250186768};-276.524567593311;55.44519902466536
22859;-82.8170847719898;((_a1_ * (((_a2_ + x) * pow2((_a4_ * (((-(_a0_) * _a4_) + x) * _a1_)))) + x)) + _a2_);{'d0': {'_a0_': -0.2954835983458953, '_a1_': 1.445618479917197, '_a2_': -0.0007696815821853149, '_a4_': 1.0581312337067474, '_a3_': 1.0, '_a5_': 1.0, '_a6_': 1.0, '_a7_': 1.0}};{'d0': 0.02488548250186768};-276.524567593311;55.44519902466536
22860;-82.8170847719898;((_a1_ * (((_a2_ + x) * pow2((_a4_ * (((-(_a0_) * _a4_) + x) * _a1_)))) + x)) + _a2_);{'d0': {'_a0_': -0.2954835983458953, '_a1_': 1.445618479917197, '_a2_': -0.0007696815821853149, '_a4_': 1.0581312337067474, '_a3_': 1.0, '_a5_': 1.0, '_a6_': 1.0, '_a7_': 1.0}};{'d0': 0.02488548250186768};-276.524567593311;55.44519902466536
22861;-82.8170847719898;((_a1_ * (((_a2_ + x) * pow2((_a4_ * (((-(_a0_) * _a4_) + x) * _a1_)))) + x)) + _a2_);{'d0': {'_a0_': -0.2954835983458953, '_a1_': 1.445618479917197, '_a2_': -0.0007696815821853149, '_a4_': 1.0581312337067474, '_a3_': 1.0, '_a5_': 1.0, '_a6_': 1.0, '_a7_': 1.0}};{'d0': 0.02488548250186768};-276.524567593311;55.44519902466536
22862;-82.8170847719898;((_a1_ * (((_a2_ + x) * pow2((_a4_ * (((-(_a0_) * _a4_) + x) * _a1_)))) + x)) + _a2_);{'d0': {'_a0_': -0.2954835983458953, '_a1_': 1.445618479917197, '_a2_': -0.0007696815821853149, '_a4_': 1.0581312337067474, '_a3_': 1.0, '_a5_': 1.0, '_a6_': 1.0, '_a7_': 1.0}};{'d0': 0.02488548250186768};-276.524567593311;55.44519902466536
22863;-82.8170847719898;((_a1_ * (((_a2_ + x) * pow2((_a4_ * (((-(_a0_) * _a4_) + x) * _a1_)))) + x)) + _a2_);{'d0': {'_a0_': -0.2954835983458953, '_a1_': 1.445618479917197, '_a2_': -0.0007696815821853149, '_a4_': 1.0581312337067474, '_a3_': 1.0, '_a5_': 1.0, '_a6_': 1.0, '_a7_': 1.0}};{'d0': 0.02488548250186768};-276.524567593311;55.44519902466536
22864;-82.8170847719898;((_a1_ * (((_a2_ + x) * pow2((_a4_ * (((-(_a0_) * _a4_) + x) * _a1_)))) + x)) + _a2_);{'d0': {'_a0_': -0.2954835983458953, '_a1_': 1.445618479917197, '_a2_': -0.0007696815821853149, '_a4_': 1.0581312337067474, '_a3_': 1.0, '_a5_': 1.0, '_a6_': 1.0, '_a7_': 1.0}};{'d0': 0.02488548250186768};-276.524567593311;55.44519902466536
22865;-82.8170847719898;((_a1_ * (((_a2_ + x) * pow2((_a4_ * (((-(_a0_) * _a4_) + x) * _a1_)))) + x)) + _a2_);{'d0': {'_a0_': -0.2954835983458953, '_a1_': 1.445618479917197, '_a2_': -0.0007696815821853149, '_a4_': 1.0581312337067474, '_a3_': 1.0, '_a5_': 1.0, '_a6_': 1.0, '_a7_': 1.0}};{'d0': 0.02488548250186768};-276.524567593311;55.44519902466536
22866;-82.8170847719898;((_a1_ * (((_a2_ + x) * pow2((_a4_ * (((-(_a0_) * _a4_) + x) * _a1_)))) + x)) + _a2_);{'d0': {'_a0_': -0.2954835983458953, '_a1_': 1.445618479917197, '_a2_': -0.0007696815821853149, '_a4_': 1.0581312337067474, '_a3_': 1.0, '_a5_': 1.0, '_a6_': 1.0, '_a7_': 1.0}};{'d0': 0.02488548250186768};-276.524567593311;55.44519902466536
22867;-82.8170847719898;((_a1_ * (((_a2_ + x) * pow2((_a4_ * (((-(_a0_) * _a4_) + x) * _a1_)))) + x)) + _a2_);{'d0': {'_a0_': -0.2954835983458953, '_a1_': 1.445618479917197, '_a2_': -0.0007696815821853149, '_a4_': 1.0581312337067474, '_a3_': 1.0, '_a5_': 1.0, '_a6_': 1.0, '_a7_': 1.0}};{'d0': 0.02488548250186768};-276.524567593311;55.44519902466536
22868;-82.8170847719898;((_a1_ * (((_a2_ + x) * pow2((_a4_ * (((-(_a0_) * _a4_) + x) * _a1_)))) + x)) + _a2_);{'d0': {'_a0_': -0.2954835983458953, '_a1_': 1.445618479917197, '_a2_': -0.0007696815821853149, '_a4_': 1.0581312337067474, '_a3_': 1.0, '_a5_': 1.0, '_a6_': 1.0, '_a7_': 1.0}};{'d0': 0.02488548250186768};-276.524567593311;55.44519902466536
22869;-82.8170847719155;((_a4_ * (((_a2_ + x) * pow2((_a4_ * (((-(_a0_) * _a4_) + x) * _a1_)))) + x)) + _a2_);{'d0': {'_a0_': -0.2162813855020993, '_a1_': 1.0581311006014373, '_a2_': -0.0007696361616713059, '_a4_': 1.445618548644197, '_a3_': 1.0, '_a5_': 1.0, '_a6_': 1.0, '_a7_': 1.0}};{'d0': 0.024885482501929318};-276.524567593162;55.44519902466536
22870;-82.8170847716981;((_a4_ * (((_a2_ + x) * pow2((_a4_ * (((-(_a5_) * _a4_) + x) * _a1_)))) + x)) + _a2_);{'d0': {'_a1_': -1.0581309942708035, '_a2_': -0.0007695948022490406, '_a4_': 1.4456186009838488, '_a5_': -0.2162813505942616, '_a0_': 1.0, '_a3_': 1.0, '_a6_': 1.0, '_a7_': 1.0}};{'d0': 0.02488548250210966};-276.524567592727;55.44519902466536
22871;-82.8170847716981;((_a4_ * (((_a2_ + x) * pow2((_a4_ * (((-(_a5_) * _a4_) + x) * _a1_)))) + x)) + _a2_);{'d0': {'_a1_': -1.0581309942708035, '_a2_': -0.0007695948022490406, '_a4_': 1.4456186009838488, '_a5_': -0.2162813505942616, '_a0_': 1.0, '_a3_': 1.0, '_a6_': 1.0, '_a7_': 1.0}};{'d0': 0.02488548250210966};-276.524567592727;55.44519902466536
22872;-82.8170847716981;((_a4_ * (((_a2_ + x) * pow2((_a4_ * (((-(_a5_) * _a4_) + x) * _a1_)))) + x)) + _a2_);{'d0': {'_a1_': -1.0581309942708035, '_a2_': -0.0007695948022490406, '_a4_': 1.4456186009838488, '_a5_': -0.2162813505942616, '_a0_': 1.0, '_a3_': 1.0, '_a6_': 1.0, '_a7_': 1.0}};{'d0': 0.02488548250210966};-276.524567592727;55.44519902466536
22873;-52.7668531992962;((((_a0_ + pow2((_a1_ + ((((_a1_ * (x * _a2_)) * (_a0_ ** _a1_)) * _a6_) / _a6_)))) * x) / _a3_) * (pow2((exp(_a6_) * _a6_)) / _a1_));{'d0': {'_a0_': 1.4858917229148145e-11, '_a1_': -1.8370878415514998e-06, '_a2_': 3.205703634010262, '_a3_': -1.6543660721230787e-22, '_a6_': -5.4394835437611245e-09, '_a4_': 1.0, '_a5_': 1.0, '_a7_': 1.0}};{'d0': 0.024905832949571573};-272.381177251954;83.42373542668068
22874;-52.7668531992962;((((_a0_ + pow2((_a1_ + ((((_a1_ * (x * _a2_)) * (_a0_ ** _a1_)) * _a6_) / _a6_)))) * x) / _a3_) * (pow2((exp(_a6_) * _a6_)) / _a1_));{'d0': {'_a0_': 1.4858917229148145e-11, '_a1_': -1.8370878415514998e-06, '_a2_': 3.205703634010262, '_a3_': -1.6543660721230787e-22, '_a6_': -5.4394835437611245e-09, '_a4_': 1.0, '_a5_': 1.0, '_a7_': 1.0}};{'d0': 0.024905832949571573};-272.381177251954;83.42373542668068
22875;-52.7668531992962;((((_a0_ + pow2((_a1_ + ((((_a1_ * (x * _a2_)) * (_a0_ ** _a1_)) * _a6_) / _a6_)))) * x) / _a3_) * (pow2((exp(_a6_) * _a6_)) / _a1_));{'d0': {'_a0_': 1.4858917229148145e-11, '_a1_': -1.8370878415514998e-06, '_a2_': 3.205703634010262, '_a3_': -1.6543660721230787e-22, '_a6_': -5.4394835437611245e-09, '_a4_': 1.0, '_a5_': 1.0, '_a7_': 1.0}};{'d0': 0.024905832949571573};-272.381177251954;83.42373542668068
22876;-52.7668531992962;((((_a0_ + pow2((_a1_ + ((((_a1_ * (x * _a2_)) * (_a0_ ** _a1_)) * _a6_) / _a6_)))) * x) / _a3_) * (pow2((exp(_a6_) * _a6_)) / _a1_));{'d0': {'_a0_': 1.4858917229148145e-11, '_a1_': -1.8370878415514998e-06, '_a2_': 3.205703634010262, '_a3_': -1.6543660721230787e-22, '_a6_': -5.4394835437611245e-09, '_a4_': 1.0, '_a5_': 1.0, '_a7_': 1.0}};{'d0': 0.024905832949571573};-272.381177251954;83.42373542668068
22877;-52.7668531992962;((((_a0_ + pow2((_a1_ + ((((_a1_ * (x * _a2_)) * (_a0_ ** _a1_)) * _a6_) / _a6_)))) * x) / _a3_) * (pow2((exp(_a6_) * _a6_)) / _a1_));{'d0': {'_a0_': 1.4858917229148145e-11, '_a1_': -1.8370878415514998e-06, '_a2_': 3.205703634010262, '_a3_': -1.6543660721230787e-22, '_a6_': -5.4394835437611245e-09, '_a4_': 1.0, '_a5_': 1.0, '_a7_': 1.0}};{'d0': 0.024905832949571573};-272.381177251954;83.42373542668068
22878;-52.7668531992962;((((_a0_ + pow2((_a1_ + ((((_a1_ * (x * _a2_)) * (_a0_ ** _a1_)) * _a6_) / _a6_)))) * x) / _a3_) * (pow2((exp(_a6_) * _a6_)) / _a1_));{'d0': {'_a0_': 1.4858917229148145e-11, '_a1_': -1.8370878415514998e-06, '_a2_': 3.205703634010262, '_a3_': -1.6543660721230787e-22, '_a6_': -5.4394835437611245e-09, '_a4_': 1.0, '_a5_': 1.0, '_a7_': 1.0}};{'d0': 0.024905832949571573};-272.381177251954;83.42373542668068
22879;-52.7668531992962;((((_a0_ + pow2((_a1_ + ((((_a1_ * (x * _a2_)) * (_a0_ ** _a1_)) * _a6_) / _a6_)))) * x) / _a3_) * (pow2((exp(_a6_) * _a6_)) / _a1_));{'d0': {'_a0_': 1.4858917229148145e-11, '_a1_': -1.8370878415514998e-06, '_a2_': 3.205703634010262, '_a3_': -1.6543660721230787e-22, '_a6_': -5.4394835437611245e-09, '_a4_': 1.0, '_a5_': 1.0, '_a7_': 1.0}};{'d0': 0.024905832949571573};-272.381177251954;83.42373542668068
22880;-52.7668531992962;((((_a0_ + pow2((_a1_ + ((((_a1_ * (x * _a2_)) * (_a0_ ** _a1_)) * _a6_) / _a6_)))) * x) / _a3_) * (pow2((exp(_a6_) * _a6_)) / _a1_));{'d0': {'_a0_': 1.4858917229148145e-11, '_a1_': -1.8370878415514998e-06, '_a2_': 3.205703634010262, '_a3_': -1.6543660721230787e-22, '_a6_': -5.4394835437611245e-09, '_a4_': 1.0, '_a5_': 1.0, '_a7_': 1.0}};{'d0': 0.024905832949571573};-272.381177251954;83.42373542668068
22881;-52.7668531992962;((((_a0_ + pow2((_a1_ + ((((_a1_ * (x * _a2_)) * (_a0_ ** _a1_)) * _a6_) / _a6_)))) * x) / _a3_) * (pow2((exp(_a6_) * _a6_)) / _a1_));{'d0': {'_a0_': 1.4858917229148145e-11, '_a1_': -1.8370878415514998e-06, '_a2_': 3.205703634010262, '_a3_': -1.6543660721230787e-22, '_a6_': -5.4394835437611245e-09, '_a4_': 1.0, '_a5_': 1.0, '_a7_': 1.0}};{'d0': 0.024905832949571573};-272.381177251954;83.42373542668068
22882;-52.7668531992962;((((_a0_ + pow2((_a1_ + ((((_a1_ * (x * _a2_)) * (_a0_ ** _a1_)) * _a6_) / _a6_)))) * x) / _a3_) * (pow2((exp(_a6_) * _a6_)) / _a1_));{'d0': {'_a0_': 1.4858917229148145e-11, '_a1_': -1.8370878415514998e-06, '_a2_': 3.205703634010262, '_a3_': -1.6543660721230787e-22, '_a6_': -5.4394835437611245e-09, '_a4_': 1.0, '_a5_': 1.0, '_a7_': 1.0}};{'d0': 0.024905832949571573};-272.381177251954;83.42373542668068
22883;-52.7668531992962;((((_a0_ + pow2((_a1_ + ((((_a1_ * (x * _a2_)) * (_a0_ ** _a1_)) * _a6_) / _a6_)))) * x) / _a3_) * (pow2((exp(_a6_) * _a6_)) / _a1_));{'d0': {'_a0_': 1.4858917229148145e-11, '_a1_': -1.8370878415514998e-06, '_a2_': 3.205703634010262, '_a3_': -1.6543660721230787e-22, '_a6_': -5.4394835437611245e-09, '_a4_': 1.0, '_a5_': 1.0, '_a7_': 1.0}};{'d0': 0.024905832949571573};-272.381177251954;83.42373542668068
22884;-52.7668531992962;((((_a0_ + pow2((_a1_ + ((((_a1_ * (x * _a2_)) * (_a0_ ** _a1_)) * _a6_) / _a6_)))) * x) / _a3_) * (pow2((exp(_a6_) * _a6_)) / _a1_));{'d0': {'_a0_': 1.4858917229148145e-11, '_a1_': -1.8370878415514998e-06, '_a2_': 3.205703634010262, '_a3_': -1.6543660721230787e-22, '_a6_': -5.4394835437611245e-09, '_a4_': 1.0, '_a5_': 1.0, '_a7_': 1.0}};{'d0': 0.024905832949571573};-272.381177251954;83.42373542668068
22885;-52.7668531992962;((((_a0_ + pow2((_a1_ + ((((_a1_ * (x * _a2_)) * (_a0_ ** _a1_)) * _a6_) / _a6_)))) * x) / _a3_) * (pow2((exp(_a6_) * _a6_)) / _a1_));{'d0': {'_a0_': 1.4858917229148145e-11, '_a1_': -1.8370878415514998e-06, '_a2_': 3.205703634010262, '_a3_': -1.6543660721230787e-22, '_a6_': -5.4394835437611245e-09, '_a4_': 1.0, '_a5_': 1.0, '_a7_': 1.0}};{'d0': 0.024905832949571573};-272.381177251954;83.42373542668068
22886;-52.7668531992962;((((_a0_ + pow2((_a1_ + ((((_a1_ * (x * _a2_)) * (_a0_ ** _a1_)) * _a6_) / _a6_)))) * x) / _a3_) * (pow2((exp(_a6_) * _a6_)) / _a1_));{'d0': {'_a0_': 1.4858917229148145e-11, '_a1_': -1.8370878415514998e-06, '_a2_': 3.205703634010262, '_a3_': -1.6543660721230787e-22, '_a6_': -5.4394835437611245e-09, '_a4_': 1.0, '_a5_': 1.0, '_a7_': 1.0}};{'d0': 0.024905832949571573};-272.381177251954;83.42373542668068
22887;-52.7668531992962;((((_a0_ + pow2((_a1_ + ((((_a1_ * (x * _a2_)) * (_a0_ ** _a1_)) * _a6_) / _a6_)))) * x) / _a3_) * (pow2((exp(_a6_) * _a6_)) / _a1_));{'d0': {'_a0_': 1.4858917229148145e-11, '_a1_': -1.8370878415514998e-06, '_a2_': 3.205703634010262, '_a3_': -1.6543660721230787e-22, '_a6_': -5.4394835437611245e-09, '_a4_': 1.0, '_a5_': 1.0, '_a7_': 1.0}};{'d0': 0.024905832949571573};-272.381177251954;83.42373542668068
22888;-52.7668531992962;((((_a0_ + pow2((_a1_ + ((((_a1_ * (x * _a2_)) * (_a0_ ** _a1_)) * _a6_) / _a6_)))) * x) / _a3_) * (pow2((exp(_a6_) * _a6_)) / _a1_));{'d0': {'_a0_': 1.4858917229148145e-11, '_a1_': -1.8370878415514998e-06, '_a2_': 3.205703634010262, '_a3_': -1.6543660721230787e-22, '_a6_': -5.4394835437611245e-09, '_a4_': 1.0, '_a5_': 1.0, '_a7_': 1.0}};{'d0': 0.024905832949571573};-272.381177251954;83.42373542668068
22889;-52.7668531992962;((((_a0_ + pow2((_a1_ + ((((_a1_ * (x * _a2_)) * (_a0_ ** _a1_)) * _a6_) / _a6_)))) * x) / _a3_) * (pow2((exp(_a6_) * _a6_)) / _a1_));{'d0': {'_a0_': 1.4858917229148145e-11, '_a1_': -1.8370878415514998e-06, '_a2_': 3.205703634010262, '_a3_': -1.6543660721230787e-22, '_a6_': -5.4394835437611245e-09, '_a4_': 1.0, '_a5_': 1.0, '_a7_': 1.0}};{'d0': 0.024905832949571573};-272.381177251954;83.42373542668068
22890;-52.7668531992962;((((_a0_ + pow2((_a1_ + ((((_a1_ * (x * _a2_)) * (_a0_ ** _a1_)) * _a6_) / _a6_)))) * x) / _a3_) * (pow2((exp(_a6_) * _a6_)) / _a1_));{'d0': {'_a0_': 1.4858917229148145e-11, '_a1_': -1.8370878415514998e-06, '_a2_': 3.205703634010262, '_a3_': -1.6543660721230787e-22, '_a6_': -5.4394835437611245e-09, '_a4_': 1.0, '_a5_': 1.0, '_a7_': 1.0}};{'d0': 0.024905832949571573};-272.381177251954;83.42373542668068
22891;-52.7668531992962;((((_a0_ + pow2((_a1_ + ((((_a1_ * (x * _a2_)) * (_a0_ ** _a1_)) * _a6_) / _a6_)))) * x) / _a3_) * (pow2((exp(_a6_) * _a6_)) / _a1_));{'d0': {'_a0_': 1.4858917229148145e-11, '_a1_': -1.8370878415514998e-06, '_a2_': 3.205703634010262, '_a3_': -1.6543660721230787e-22, '_a6_': -5.4394835437611245e-09, '_a4_': 1.0, '_a5_': 1.0, '_a7_': 1.0}};{'d0': 0.024905832949571573};-272.381177251954;83.42373542668068
22892;-52.7668531992962;((((_a0_ + pow2((_a1_ + ((((_a1_ * (x * _a2_)) * (_a0_ ** _a1_)) * _a6_) / _a6_)))) * x) / _a3_) * (pow2((exp(_a6_) * _a6_)) / _a1_));{'d0': {'_a0_': 1.4858917229148145e-11, '_a1_': -1.8370878415514998e-06, '_a2_': 3.205703634010262, '_a3_': -1.6543660721230787e-22, '_a6_': -5.4394835437611245e-09, '_a4_': 1.0, '_a5_': 1.0, '_a7_': 1.0}};{'d0': 0.024905832949571573};-272.381177251954;83.42373542668068
22893;-52.7668531992962;((((_a0_ + pow2((_a1_ + ((((_a1_ * (x * _a2_)) * (_a0_ ** _a1_)) * _a6_) / _a6_)))) * x) / _a3_) * (pow2((exp(_a6_) * _a6_)) / _a1_));{'d0': {'_a0_': 1.4858917229148145e-11, '_a1_': -1.8370878415514998e-06, '_a2_': 3.205703634010262, '_a3_': -1.6543660721230787e-22, '_a6_': -5.4394835437611245e-09, '_a4_': 1.0, '_a5_': 1.0, '_a7_': 1.0}};{'d0': 0.024905832949571573};-272.381177251954;83.42373542668068
22894;-52.7668531992962;((((_a0_ + pow2((_a1_ + ((((_a1_ * (x * _a2_)) * (_a0_ ** _a1_)) * _a6_) / _a6_)))) * x) / _a3_) * (pow2((exp(_a6_) * _a6_)) / _a1_));{'d0': {'_a0_': 1.4858917229148145e-11, '_a1_': -1.8370878415514998e-06, '_a2_': 3.205703634010262, '_a3_': -1.6543660721230787e-22, '_a6_': -5.4394835437611245e-09, '_a4_': 1.0, '_a5_': 1.0, '_a7_': 1.0}};{'d0': 0.024905832949571573};-272.381177251954;83.42373542668068
22895;-52.7668531992962;((((_a0_ + pow2((_a1_ + ((((_a1_ * (x * _a2_)) * (_a0_ ** _a1_)) * _a6_) / _a6_)))) * x) / _a3_) * (pow2((exp(_a6_) * _a6_)) / _a1_));{'d0': {'_a0_': 1.4858917229148145e-11, '_a1_': -1.8370878415514998e-06, '_a2_': 3.205703634010262, '_a3_': -1.6543660721230787e-22, '_a6_': -5.4394835437611245e-09, '_a4_': 1.0, '_a5_': 1.0, '_a7_': 1.0}};{'d0': 0.024905832949571573};-272.381177251954;83.42373542668068
22896;-52.7668531992962;((((_a0_ + pow2((_a1_ + ((((_a1_ * (x * _a2_)) * (_a0_ ** _a1_)) * _a6_) / _a6_)))) * x) / _a3_) * (pow2((exp(_a6_) * _a6_)) / _a1_));{'d0': {'_a0_': 1.4858917229148145e-11, '_a1_': -1.8370878415514998e-06, '_a2_': 3.205703634010262, '_a3_': -1.6543660721230787e-22, '_a6_': -5.4394835437611245e-09, '_a4_': 1.0, '_a5_': 1.0, '_a7_': 1.0}};{'d0': 0.024905832949571573};-272.381177251954;83.42373542668068
22897;-52.7668531992962;((((_a0_ + pow2((_a1_ + ((((_a1_ * (x * _a2_)) * (_a0_ ** _a1_)) * _a6_) / _a6_)))) * x) / _a3_) * (pow2((exp(_a6_) * _a6_)) / _a1_));{'d0': {'_a0_': 1.4858917229148145e-11, '_a1_': -1.8370878415514998e-06, '_a2_': 3.205703634010262, '_a3_': -1.6543660721230787e-22, '_a6_': -5.4394835437611245e-09, '_a4_': 1.0, '_a5_': 1.0, '_a7_': 1.0}};{'d0': 0.024905832949571573};-272.381177251954;83.42373542668068
22898;-52.7668531992962;((((_a0_ + pow2((_a1_ + ((((_a1_ * (x * _a2_)) * (_a0_ ** _a1_)) * _a6_) / _a6_)))) * x) / _a3_) * (pow2((exp(_a6_) * _a6_)) / _a1_));{'d0': {'_a0_': 1.4858917229148145e-11, '_a1_': -1.8370878415514998e-06, '_a2_': 3.205703634010262, '_a3_': -1.6543660721230787e-22, '_a6_': -5.4394835437611245e-09, '_a4_': 1.0, '_a5_': 1.0, '_a7_': 1.0}};{'d0': 0.024905832949571573};-272.381177251954;83.42373542668068
22899;-52.7668531992962;((((_a0_ + pow2((_a1_ + ((((_a1_ * (x * _a2_)) * (_a0_ ** _a1_)) * _a6_) / _a6_)))) * x) / _a3_) * (pow2((exp(_a6_) * _a6_)) / _a1_));{'d0': {'_a0_': 1.4858917229148145e-11, '_a1_': -1.8370878415514998e-06, '_a2_': 3.205703634010262, '_a3_': -1.6543660721230787e-22, '_a6_': -5.4394835437611245e-09, '_a4_': 1.0, '_a5_': 1.0, '_a7_': 1.0}};{'d0': 0.024905832949571573};-272.381177251954;83.42373542668068
22900;-52.7668531992962;((((_a0_ + pow2((_a1_ + ((((_a1_ * (x * _a2_)) * (_a0_ ** _a1_)) * _a6_) / _a6_)))) * x) / _a3_) * (pow2((exp(_a6_) * _a6_)) / _a1_));{'d0': {'_a0_': 1.4858917229148145e-11, '_a1_': -1.8370878415514998e-06, '_a2_': 3.205703634010262, '_a3_': -1.6543660721230787e-22, '_a6_': -5.4394835437611245e-09, '_a4_': 1.0, '_a5_': 1.0, '_a7_': 1.0}};{'d0': 0.024905832949571573};-272.381177251954;83.42373542668068
22901;-52.7668531992962;((((_a0_ + pow2((_a1_ + ((((_a1_ * (x * _a2_)) * (_a0_ ** _a1_)) * _a6_) / _a6_)))) * x) / _a3_) * (pow2((exp(_a6_) * _a6_)) / _a1_));{'d0': {'_a0_': 1.4858917229148145e-11, '_a1_': -1.8370878415514998e-06, '_a2_': 3.205703634010262, '_a3_': -1.6543660721230787e-22, '_a6_': -5.4394835437611245e-09, '_a4_': 1.0, '_a5_': 1.0, '_a7_': 1.0}};{'d0': 0.024905832949571573};-272.381177251954;83.42373542668068
22902;-52.7668531992962;((((_a0_ + pow2((_a1_ + ((((_a1_ * (x * _a2_)) * (_a0_ ** _a1_)) * _a6_) / _a6_)))) * x) / _a3_) * (pow2((exp(_a6_) * _a6_)) / _a1_));{'d0': {'_a0_': 1.4858917229148145e-11, '_a1_': -1.8370878415514998e-06, '_a2_': 3.205703634010262, '_a3_': -1.6543660721230787e-22, '_a6_': -5.4394835437611245e-09, '_a4_': 1.0, '_a5_': 1.0, '_a7_': 1.0}};{'d0': 0.024905832949571573};-272.381177251954;83.42373542668068
22903;-58.1329213692301;((((_a0_ + pow2((_a1_ + ((((_a1_ * (x * _a2_)) * (_a0_ ** _a1_)) * _a6_) / _a6_)))) * x) / _a3_) * (pow2((_a2_ * _a6_)) / _a1_));{'d0': {'_a0_': 1.1532952645215556e-10, '_a1_': -5.118073346725008e-06, '_a2_': 3.205475027771059, '_a3_': -2.961355653729795e-22, '_a6_': 1.360211829465803e-09, '_a4_': 1.0, '_a5_': 1.0, '_a7_': 1.0}};{'d0': 0.02490583292028736};-272.381177322502;78.05766729202068
22904;-58.1329213692301;((((_a0_ + pow2((_a1_ + ((((_a1_ * (x * _a2_)) * (_a0_ ** _a1_)) * _a6_) / _a6_)))) * x) / _a3_) * (pow2((_a2_ * _a6_)) / _a1_));{'d0': {'_a0_': 1.1532952645215556e-10, '_a1_': -5.118073346725008e-06, '_a2_': 3.205475027771059, '_a3_': -2.961355653729795e-22, '_a6_': 1.360211829465803e-09, '_a4_': 1.0, '_a5_': 1.0, '_a7_': 1.0}};{'d0': 0.02490583292028736};-272.381177322502;78.05766729202068
22905;-58.1329213692301;((((_a0_ + pow2((_a1_ + ((((_a1_ * (x * _a2_)) * (_a0_ ** _a1_)) * _a6_) / _a6_)))) * x) / _a3_) * (pow2((_a2_ * _a6_)) / _a1_));{'d0': {'_a0_': 1.1532952645215556e-10, '_a1_': -5.118073346725008e-06, '_a2_': 3.205475027771059, '_a3_': -2.961355653729795e-22, '_a6_': 1.360211829465803e-09, '_a4_': 1.0, '_a5_': 1.0, '_a7_': 1.0}};{'d0': 0.02490583292028736};-272.381177322502;78.05766729202068
22906;-58.1329213692301;((((_a0_ + pow2((_a1_ + ((((_a1_ * (x * _a2_)) * (_a0_ ** _a1_)) * _a6_) / _a6_)))) * x) / _a3_) * (pow2((_a2_ * _a6_)) / _a1_));{'d0': {'_a0_': 1.1532952645215556e-10, '_a1_': -5.118073346725008e-06, '_a2_': 3.205475027771059, '_a3_': -2.961355653729795e-22, '_a6_': 1.360211829465803e-09, '_a4_': 1.0, '_a5_': 1.0, '_a7_': 1.0}};{'d0': 0.02490583292028736};-272.381177322502;78.05766729202068
22907;-58.1329213692301;((((_a0_ + pow2((_a1_ + ((((_a1_ * (x * _a2_)) * (_a0_ ** _a1_)) * _a6_) / _a6_)))) * x) / _a3_) * (pow2((_a2_ * _a6_)) / _a1_));{'d0': {'_a0_': 1.1532952645215556e-10, '_a1_': -5.118073346725008e-06, '_a2_': 3.205475027771059, '_a3_': -2.961355653729795e-22, '_a6_': 1.360211829465803e-09, '_a4_': 1.0, '_a5_': 1.0, '_a7_': 1.0}};{'d0': 0.02490583292028736};-272.381177322502;78.05766729202068
22908;-58.1329213692301;((((_a0_ + pow2((_a1_ + ((((_a1_ * (x * _a2_)) * (_a0_ ** _a1_)) * _a6_) / _a6_)))) * x) / _a3_) * (pow2((_a2_ * _a6_)) / _a1_));{'d0': {'_a0_': 1.1532952645215556e-10, '_a1_': -5.118073346725008e-06, '_a2_': 3.205475027771059, '_a3_': -2.961355653729795e-22, '_a6_': 1.360211829465803e-09, '_a4_': 1.0, '_a5_': 1.0, '_a7_': 1.0}};{'d0': 0.02490583292028736};-272.381177322502;78.05766729202068
22909;-58.1329213692301;((((_a0_ + pow2((_a1_ + ((((_a1_ * (x * _a2_)) * (_a0_ ** _a1_)) * _a6_) / _a6_)))) * x) / _a3_) * (pow2((_a2_ * _a6_)) / _a1_));{'d0': {'_a0_': 1.1532952645215556e-10, '_a1_': -5.118073346725008e-06, '_a2_': 3.205475027771059, '_a3_': -2.961355653729795e-22, '_a6_': 1.360211829465803e-09, '_a4_': 1.0, '_a5_': 1.0, '_a7_': 1.0}};{'d0': 0.02490583292028736};-272.381177322502;78.05766729202068
22910;-58.1329213692301;((((_a0_ + pow2((_a1_ + ((((_a1_ * (x * _a2_)) * (_a0_ ** _a1_)) * _a6_) / _a6_)))) * x) / _a3_) * (pow2((_a2_ * _a6_)) / _a1_));{'d0': {'_a0_': 1.1532952645215556e-10, '_a1_': -5.118073346725008e-06, '_a2_': 3.205475027771059, '_a3_': -2.961355653729795e-22, '_a6_': 1.360211829465803e-09, '_a4_': 1.0, '_a5_': 1.0, '_a7_': 1.0}};{'d0': 0.02490583292028736};-272.381177322502;78.05766729202068
22911;-58.1329213692301;((((_a0_ + pow2((_a1_ + ((((_a1_ * (x * _a2_)) * (_a0_ ** _a1_)) * _a6_) / _a6_)))) * x) / _a3_) * (pow2((_a2_ * _a6_)) / _a1_));{'d0': {'_a0_': 1.1532952645215556e-10, '_a1_': -5.118073346725008e-06, '_a2_': 3.205475027771059, '_a3_': -2.961355653729795e-22, '_a6_': 1.360211829465803e-09, '_a4_': 1.0, '_a5_': 1.0, '_a7_': 1.0}};{'d0': 0.02490583292028736};-272.381177322502;78.05766729202068
22912;-58.1329213692301;((((_a0_ + pow2((_a1_ + ((((_a1_ * (x * _a2_)) * (_a0_ ** _a1_)) * _a6_) / _a6_)))) * x) / _a3_) * (pow2((_a2_ * _a6_)) / _a1_));{'d0': {'_a0_': 1.1532952645215556e-10, '_a1_': -5.118073346725008e-06, '_a2_': 3.205475027771059, '_a3_': -2.961355653729795e-22, '_a6_': 1.360211829465803e-09, '_a4_': 1.0, '_a5_': 1.0, '_a7_': 1.0}};{'d0': 0.02490583292028736};-272.381177322502;78.05766729202068
22913;-58.1329213692301;((((_a0_ + pow2((_a1_ + ((((_a1_ * (x * _a2_)) * (_a0_ ** _a1_)) * _a6_) / _a6_)))) * x) / _a3_) * (pow2((_a2_ * _a6_)) / _a1_));{'d0': {'_a0_': 1.1532952645215556e-10, '_a1_': -5.118073346725008e-06, '_a2_': 3.205475027771059, '_a3_': -2.961355653729795e-22, '_a6_': 1.360211829465803e-09, '_a4_': 1.0, '_a5_': 1.0, '_a7_': 1.0}};{'d0': 0.02490583292028736};-272.381177322502;78.05766729202068
22914;-58.1329213692301;((((_a0_ + pow2((_a1_ + ((((_a1_ * (x * _a2_)) * (_a0_ ** _a1_)) * _a6_) / _a6_)))) * x) / _a3_) * (pow2((_a2_ * _a6_)) / _a1_));{'d0': {'_a0_': 1.1532952645215556e-10, '_a1_': -5.118073346725008e-06, '_a2_': 3.205475027771059, '_a3_': -2.961355653729795e-22, '_a6_': 1.360211829465803e-09, '_a4_': 1.0, '_a5_': 1.0, '_a7_': 1.0}};{'d0': 0.02490583292028736};-272.381177322502;78.05766729202068
22915;-58.1329213692301;((((_a0_ + pow2((_a1_ + ((((_a1_ * (x * _a2_)) * (_a0_ ** _a1_)) * _a6_) / _a6_)))) * x) / _a3_) * (pow2((_a2_ * _a6_)) / _a1_));{'d0': {'_a0_': 1.1532952645215556e-10, '_a1_': -5.118073346725008e-06, '_a2_': 3.205475027771059, '_a3_': -2.961355653729795e-22, '_a6_': 1.360211829465803e-09, '_a4_': 1.0, '_a5_': 1.0, '_a7_': 1.0}};{'d0': 0.02490583292028736};-272.381177322502;78.05766729202068
22916;-58.1329213692301;((((_a0_ + pow2((_a1_ + ((((_a1_ * (x * _a2_)) * (_a0_ ** _a1_)) * _a6_) / _a6_)))) * x) / _a3_) * (pow2((_a2_ * _a6_)) / _a1_));{'d0': {'_a0_': 1.1532952645215556e-10, '_a1_': -5.118073346725008e-06, '_a2_': 3.205475027771059, '_a3_': -2.961355653729795e-22, '_a6_': 1.360211829465803e-09, '_a4_': 1.0, '_a5_': 1.0, '_a7_': 1.0}};{'d0': 0.02490583292028736};-272.381177322502;78.05766729202068
22917;-58.1329213692301;((((_a0_ + pow2((_a1_ + ((((_a1_ * (x * _a2_)) * (_a0_ ** _a1_)) * _a6_) / _a6_)))) * x) / _a3_) * (pow2((_a2_ * _a6_)) / _a1_));{'d0': {'_a0_': 1.1532952645215556e-10, '_a1_': -5.118073346725008e-06, '_a2_': 3.205475027771059, '_a3_': -2.961355653729795e-22, '_a6_': 1.360211829465803e-09, '_a4_': 1.0, '_a5_': 1.0, '_a7_': 1.0}};{'d0': 0.02490583292028736};-272.381177322502;78.05766729202068
22918;-58.1329213692301;((((_a0_ + pow2((_a1_ + ((((_a1_ * (x * _a2_)) * (_a0_ ** _a1_)) * _a6_) / _a6_)))) * x) / _a3_) * (pow2((_a2_ * _a6_)) / _a1_));{'d0': {'_a0_': 1.1532952645215556e-10, '_a1_': -5.118073346725008e-06, '_a2_': 3.205475027771059, '_a3_': -2.961355653729795e-22, '_a6_': 1.360211829465803e-09, '_a4_': 1.0, '_a5_': 1.0, '_a7_': 1.0}};{'d0': 0.02490583292028736};-272.381177322502;78.05766729202068
22919;-58.1329213692301;((((_a0_ + pow2((_a1_ + ((((_a1_ * (x * _a2_)) * (_a0_ ** _a1_)) * _a6_) / _a6_)))) * x) / _a3_) * (pow2((_a2_ * _a6_)) / _a1_));{'d0': {'_a0_': 1.1532952645215556e-10, '_a1_': -5.118073346725008e-06, '_a2_': 3.205475027771059, '_a3_': -2.961355653729795e-22, '_a6_': 1.360211829465803e-09, '_a4_': 1.0, '_a5_': 1.0, '_a7_': 1.0}};{'d0': 0.02490583292028736};-272.381177322502;78.05766729202068
22920;-58.1329213692301;((((_a0_ + pow2((_a1_ + ((((_a1_ * (x * _a2_)) * (_a0_ ** _a1_)) * _a6_) / _a6_)))) * x) / _a3_) * (pow2((_a2_ * _a6_)) / _a1_));{'d0': {'_a0_': 1.1532952645215556e-10, '_a1_': -5.118073346725008e-06, '_a2_': 3.205475027771059, '_a3_': -2.961355653729795e-22, '_a6_': 1.360211829465803e-09, '_a4_': 1.0, '_a5_': 1.0, '_a7_': 1.0}};{'d0': 0.02490583292028736};-272.381177322502;78.05766729202068
22921;-58.1329213692301;((((_a0_ + pow2((_a1_ + ((((_a1_ * (x * _a2_)) * (_a0_ ** _a1_)) * _a6_) / _a6_)))) * x) / _a3_) * (pow2((_a2_ * _a6_)) / _a1_));{'d0': {'_a0_': 1.1532952645215556e-10, '_a1_': -5.118073346725008e-06, '_a2_': 3.205475027771059, '_a3_': -2.961355653729795e-22, '_a6_': 1.360211829465803e-09, '_a4_': 1.0, '_a5_': 1.0, '_a7_': 1.0}};{'d0': 0.02490583292028736};-272.381177322502;78.05766729202068
22922;-56.6698876373851;((((_a0_ + pow2((_a1_ + ((((_a1_ * (x * _a2_)) * cos(_a5_)) * _a6_) / _a6_)))) * x) / _a3_) * (pow2((_a2_ * _a6_)) / _a1_));{'d0': {'_a0_': 1.8101997448219787e-10, '_a1_': -6.412088430607478e-06, '_a2_': 3.2569250458105556, '_a3_': -3.847759370990414e-22, '_a5_': -0.17733124491298347, '_a6_': 1.3633373413271998e-09, '_a4_': 1.0, '_a7_': 1.0}};{'d0': 0.024905832923827267};-268.286832751752;77.47352873849069
22923;-56.6698876373851;((((_a0_ + pow2((_a1_ + ((((_a1_ * (x * _a2_)) * cos(_a5_)) * _a6_) / _a6_)))) * x) / _a3_) * (pow2((_a2_ * _a6_)) / _a1_));{'d0': {'_a0_': 1.8101997448219787e-10, '_a1_': -6.412088430607478e-06, '_a2_': 3.2569250458105556, '_a3_': -3.847759370990414e-22, '_a5_': -0.17733124491298347, '_a6_': 1.3633373413271998e-09, '_a4_': 1.0, '_a7_': 1.0}};{'d0': 0.024905832923827267};-268.286832751752;77.47352873849069
22924;-56.6698876373851;((((_a0_ + pow2((_a1_ + ((((_a1_ * (x * _a2_)) * cos(_a5_)) * _a6_) / _a6_)))) * x) / _a3_) * (pow2((_a2_ * _a6_)) / _a1_));{'d0': {'_a0_': 1.8101997448219787e-10, '_a1_': -6.412088430607478e-06, '_a2_': 3.2569250458105556, '_a3_': -3.847759370990414e-22, '_a5_': -0.17733124491298347, '_a6_': 1.3633373413271998e-09, '_a4_': 1.0, '_a7_': 1.0}};{'d0': 0.024905832923827267};-268.286832751752;77.47352873849069
22925;-58.8758686670320;((((_a0_ + pow2((_a1_ + ((((_a1_ * (x * _a2_)) * (_a2_ + _a3_)) * _a6_) / _a6_)))) * x) / _a3_) * (pow2((_a2_ * _a6_)) / _a1_));{'d0': {'_a0_': 3.069899673765802e-08, '_a1_': -8.35022816730163e-05, '_a2_': -1.790488891075811, '_a3_': -2.581803188423549e-21, '_a6_': -1.7801133961692213e-09, '_a4_': 1.0, '_a5_': 1.0, '_a7_': 1.0}};{'d0': 0.024905832919679762};-272.381177323966;77.31471999495068
22926;-58.8758686670320;((((_a0_ + pow2((_a1_ + ((((_a1_ * (x * _a2_)) * (_a2_ + _a3_)) * _a6_) / _a6_)))) * x) / _a3_) * (pow2((_a2_ * _a6_)) / _a1_));{'d0': {'_a0_': 3.069899673765802e-08, '_a1_': -8.35022816730163e-05, '_a2_': -1.790488891075811, '_a3_': -2.581803188423549e-21, '_a6_': -1.7801133961692213e-09, '_a4_': 1.0, '_a5_': 1.0, '_a7_': 1.0}};{'d0': 0.024905832919679762};-272.381177323966;77.31471999495068
22927;-58.8758686670320;((((_a0_ + pow2((_a1_ + ((((_a1_ * (x * _a2_)) * (_a2_ + _a3_)) * _a6_) / _a6_)))) * x) / _a3_) * (pow2((_a2_ * _a6_)) / _a1_));{'d0': {'_a0_': 3.069899673765802e-08, '_a1_': -8.35022816730163e-05, '_a2_': -1.790488891075811, '_a3_': -2.581803188423549e-21, '_a6_': -1.7801133961692213e-09, '_a4_': 1.0, '_a5_': 1.0, '_a7_': 1.0}};{'d0': 0.024905832919679762};-272.381177323966;77.31471999495068
22928;-58.8758686670320;((((_a0_ + pow2((_a1_ + ((((_a1_ * (x * _a2_)) * (_a2_ + _a3_)) * _a6_) / _a6_)))) * x) / _a3_) * (pow2((_a2_ * _a6_)) / _a1_));{'d0': {'_a0_': 3.069899673765802e-08, '_a1_': -8.35022816730163e-05, '_a2_': -1.790488891075811, '_a3_': -2.581803188423549e-21, '_a6_': -1.7801133961692213e-09, '_a4_': 1.0, '_a5_': 1.0, '_a7_': 1.0}};{'d0': 0.024905832919679762};-272.381177323966;77.31471999495068
22929;-58.8758686670320;((((_a0_ + pow2((_a1_ + ((((_a1_ * (x * _a2_)) * (_a2_ + _a3_)) * _a6_) / _a6_)))) * x) / _a3_) * (pow2((_a2_ * _a6_)) / _a1_));{'d0': {'_a0_': 3.069899673765802e-08, '_a1_': -8.35022816730163e-05, '_a2_': -1.790488891075811, '_a3_': -2.581803188423549e-21, '_a6_': -1.7801133961692213e-09, '_a4_': 1.0, '_a5_': 1.0, '_a7_': 1.0}};{'d0': 0.024905832919679762};-272.381177323966;77.31471999495068
22930;-58.8758686670320;((((_a0_ + pow2((_a1_ + ((((_a1_ * (x * _a2_)) * (_a2_ + _a3_)) * _a6_) / _a6_)))) * x) / _a3_) * (pow2((_a2_ * _a6_)) / _a1_));{'d0': {'_a0_': 3.069899673765802e-08, '_a1_': -8.35022816730163e-05, '_a2_': -1.790488891075811, '_a3_': -2.581803188423549e-21, '_a6_': -1.7801133961692213e-09, '_a4_': 1.0, '_a5_': 1.0, '_a7_': 1.0}};{'d0': 0.024905832919679762};-272.381177323966;77.31471999495068
22931;-58.8758686670320;((((_a0_ + pow2((_a1_ + ((((_a1_ * (x * _a2_)) * (_a2_ + _a3_)) * _a6_) / _a6_)))) * x) / _a3_) * (pow2((_a2_ * _a6_)) / _a1_));{'d0': {'_a0_': 3.069899673765802e-08, '_a1_': -8.35022816730163e-05, '_a2_': -1.790488891075811, '_a3_': -2.581803188423549e-21, '_a6_': -1.7801133961692213e-09, '_a4_': 1.0, '_a5_': 1.0, '_a7_': 1.0}};{'d0': 0.024905832919679762};-272.381177323966;77.31471999495068
22932;-58.8758686670320;((((_a0_ + pow2((_a1_ + ((((_a1_ * (x * _a2_)) * (_a2_ + _a3_)) * _a6_) / _a6_)))) * x) / _a3_) * (pow2((_a2_ * _a6_)) / _a1_));{'d0': {'_a0_': 3.069899673765802e-08, '_a1_': -8.35022816730163e-05, '_a2_': -1.790488891075811, '_a3_': -2.581803188423549e-21, '_a6_': -1.7801133961692213e-09, '_a4_': 1.0, '_a5_': 1.0, '_a7_': 1.0}};{'d0': 0.024905832919679762};-272.381177323966;77.31471999495068
22933;-58.8758686670320;((((_a0_ + pow2((_a1_ + ((((_a1_ * (x * _a2_)) * (_a2_ + _a3_)) * _a6_) / _a6_)))) * x) / _a3_) * (pow2((_a2_ * _a6_)) / _a1_));{'d0': {'_a0_': 3.069899673765802e-08, '_a1_': -8.35022816730163e-05, '_a2_': -1.790488891075811, '_a3_': -2.581803188423549e-21, '_a6_': -1.7801133961692213e-09, '_a4_': 1.0, '_a5_': 1.0, '_a7_': 1.0}};{'d0': 0.024905832919679762};-272.381177323966;77.31471999495068
22934;-97.4393301929731;((_a4_ * ((x * pow2((_a4_ * ((_a7_ + x) * _a1_)))) + x)) + _a2_);{'d0': {'_a1_': 1.0590259358372274, '_a2_': -0.001024122229254857, '_a4_': 1.4448041035079153, '_a7_': 0.3122755631911157, '_a0_': 1.0, '_a3_': 1.0, '_a5_': 1.0, '_a6_': 1.0}};{'d0': 0.024885482501939067};-276.524567593138;40.82295360359597
22935;-97.4393301929731;((_a4_ * ((x * pow2((_a4_ * ((_a7_ + x) * _a1_)))) + x)) + _a2_);{'d0': {'_a1_': 1.0590259358372274, '_a2_': -0.001024122229254857, '_a4_': 1.4448041035079153, '_a7_': 0.3122755631911157, '_a0_': 1.0, '_a3_': 1.0, '_a5_': 1.0, '_a6_': 1.0}};{'d0': 0.024885482501939067};-276.524567593138;40.82295360359597
22936;-58.8758686670320;((((_a0_ + pow2((_a1_ + ((((_a1_ * (x * _a2_)) * (_a2_ + _a3_)) * _a6_) / _a6_)))) * x) / _a3_) * (pow2((_a2_ * _a6_)) / _a1_));{'d0': {'_a0_': 3.069899673765802e-08, '_a1_': -8.35022816730163e-05, '_a2_': -1.790488891075811, '_a3_': -2.581803188423549e-21, '_a6_': -1.7801133961692213e-09, '_a4_': 1.0, '_a5_': 1.0, '_a7_': 1.0}};{'d0': 0.024905832919679762};-272.381177323966;77.31471999495068
22937;-92.4176329812810;((_a4_ * ((x * pow2((_a4_ * ((_a7_ + x) * _a1_)))) + x)) + (_a4_ * _a2_));{'d0': {'_a1_': 1.0590260974911505, '_a2_': -0.0007088713910089779, '_a4_': 1.444804002927611, '_a7_': 0.3122755827264114, '_a0_': 1.0, '_a3_': 1.0, '_a5_': 1.0, '_a6_': 1.0}};{'d0': 0.024885482501866993};-276.524567593312;45.84465081537497
22938;-92.4176329812810;((_a4_ * ((x * pow2((_a4_ * ((_a7_ + x) * _a1_)))) + x)) + (_a4_ * _a2_));{'d0': {'_a1_': 1.0590260974911505, '_a2_': -0.0007088713910089779, '_a4_': 1.444804002927611, '_a7_': 0.3122755827264114, '_a0_': 1.0, '_a3_': 1.0, '_a5_': 1.0, '_a6_': 1.0}};{'d0': 0.024885482501866993};-276.524567593312;45.84465081537497
22939;-58.8758686670320;((((_a0_ + pow2((_a1_ + ((((_a1_ * (x * _a2_)) * (_a2_ + _a3_)) * _a6_) / _a6_)))) * x) / _a3_) * (pow2((_a2_ * _a6_)) / _a1_));{'d0': {'_a0_': 3.069899673765802e-08, '_a1_': -8.35022816730163e-05, '_a2_': -1.790488891075811, '_a3_': -2.581803188423549e-21, '_a6_': -1.7801133961692213e-09, '_a4_': 1.0, '_a5_': 1.0, '_a7_': 1.0}};{'d0': 0.024905832919679762};-272.381177323966;77.31471999495068
22940;-58.8758686670320;((((_a0_ + pow2((_a1_ + ((((_a1_ * (x * _a2_)) * (_a2_ + _a3_)) * _a6_) / _a6_)))) * x) / _a3_) * (pow2((_a2_ * _a6_)) / _a1_));{'d0': {'_a0_': 3.069899673765802e-08, '_a1_': -8.35022816730163e-05, '_a2_': -1.790488891075811, '_a3_': -2.581803188423549e-21, '_a6_': -1.7801133961692213e-09, '_a4_': 1.0, '_a5_': 1.0, '_a7_': 1.0}};{'d0': 0.024905832919679762};-272.381177323966;77.31471999495068
22941;-58.8758686670320;((((_a0_ + pow2((_a1_ + ((((_a1_ * (x * _a2_)) * (_a2_ + _a3_)) * _a6_) / _a6_)))) * x) / _a3_) * (pow2((_a2_ * _a6_)) / _a1_));{'d0': {'_a0_': 3.069899673765802e-08, '_a1_': -8.35022816730163e-05, '_a2_': -1.790488891075811, '_a3_': -2.581803188423549e-21, '_a6_': -1.7801133961692213e-09, '_a4_': 1.0, '_a5_': 1.0, '_a7_': 1.0}};{'d0': 0.024905832919679762};-272.381177323966;77.31471999495068
22942;-58.8758686670320;((((_a0_ + pow2((_a1_ + ((((_a1_ * (x * _a2_)) * (_a2_ + _a3_)) * _a6_) / _a6_)))) * x) / _a3_) * (pow2((_a2_ * _a6_)) / _a1_));{'d0': {'_a0_': 3.069899673765802e-08, '_a1_': -8.35022816730163e-05, '_a2_': -1.790488891075811, '_a3_': -2.581803188423549e-21, '_a6_': -1.7801133961692213e-09, '_a4_': 1.0, '_a5_': 1.0, '_a7_': 1.0}};{'d0': 0.024905832919679762};-272.381177323966;77.31471999495068
22943;-58.8758686670320;((((_a0_ + pow2((_a1_ + ((((_a1_ * (x * _a2_)) * (_a2_ + _a3_)) * _a6_) / _a6_)))) * x) / _a3_) * (pow2((_a2_ * _a6_)) / _a1_));{'d0': {'_a0_': 3.069899673765802e-08, '_a1_': -8.35022816730163e-05, '_a2_': -1.790488891075811, '_a3_': -2.581803188423549e-21, '_a6_': -1.7801133961692213e-09, '_a4_': 1.0, '_a5_': 1.0, '_a7_': 1.0}};{'d0': 0.024905832919679762};-272.381177323966;77.31471999495068
22944;-58.8758686670320;((((_a0_ + pow2((_a1_ + ((((_a1_ * (x * _a2_)) * (_a2_ + _a3_)) * _a6_) / _a6_)))) * x) / _a3_) * (pow2((_a2_ * _a6_)) / _a1_));{'d0': {'_a0_': 3.069899673765802e-08, '_a1_': -8.35022816730163e-05, '_a2_': -1.790488891075811, '_a3_': -2.581803188423549e-21, '_a6_': -1.7801133961692213e-09, '_a4_': 1.0, '_a5_': 1.0, '_a7_': 1.0}};{'d0': 0.024905832919679762};-272.381177323966;77.31471999495068
22945;-58.8758686670320;((((_a0_ + pow2((_a1_ + ((((_a1_ * (x * _a2_)) * (_a2_ + _a3_)) * _a6_) / _a6_)))) * x) / _a3_) * (pow2((_a2_ * _a6_)) / _a1_));{'d0': {'_a0_': 3.069899673765802e-08, '_a1_': -8.35022816730163e-05, '_a2_': -1.790488891075811, '_a3_': -2.581803188423549e-21, '_a6_': -1.7801133961692213e-09, '_a4_': 1.0, '_a5_': 1.0, '_a7_': 1.0}};{'d0': 0.024905832919679762};-272.381177323966;77.31471999495068
22946;-58.8758686670320;((((_a0_ + pow2((_a1_ + ((((_a1_ * (x * _a2_)) * (_a2_ + _a3_)) * _a6_) / _a6_)))) * x) / _a3_) * (pow2((_a2_ * _a6_)) / _a1_));{'d0': {'_a0_': 3.069899673765802e-08, '_a1_': -8.35022816730163e-05, '_a2_': -1.790488891075811, '_a3_': -2.581803188423549e-21, '_a6_': -1.7801133961692213e-09, '_a4_': 1.0, '_a5_': 1.0, '_a7_': 1.0}};{'d0': 0.024905832919679762};-272.381177323966;77.31471999495068
22947;-58.8758686670320;((((_a0_ + pow2((_a1_ + ((((_a1_ * (x * _a2_)) * (_a2_ + _a3_)) * _a6_) / _a6_)))) * x) / _a3_) * (pow2((_a2_ * _a6_)) / _a1_));{'d0': {'_a0_': 3.069899673765802e-08, '_a1_': -8.35022816730163e-05, '_a2_': -1.790488891075811, '_a3_': -2.581803188423549e-21, '_a6_': -1.7801133961692213e-09, '_a4_': 1.0, '_a5_': 1.0, '_a7_': 1.0}};{'d0': 0.024905832919679762};-272.381177323966;77.31471999495068
22948;-58.8758686670320;((((_a0_ + pow2((_a1_ + ((((_a1_ * (x * _a2_)) * (_a2_ + _a3_)) * _a6_) / _a6_)))) * x) / _a3_) * (pow2((_a2_ * _a6_)) / _a1_));{'d0': {'_a0_': 3.069899673765802e-08, '_a1_': -8.35022816730163e-05, '_a2_': -1.790488891075811, '_a3_': -2.581803188423549e-21, '_a6_': -1.7801133961692213e-09, '_a4_': 1.0, '_a5_': 1.0, '_a7_': 1.0}};{'d0': 0.024905832919679762};-272.381177323966;77.31471999495068
22949;-58.8758686670320;((((_a0_ + pow2((_a1_ + ((((_a1_ * (x * _a2_)) * (_a2_ + _a3_)) * _a6_) / _a6_)))) * x) / _a3_) * (pow2((_a2_ * _a6_)) / _a1_));{'d0': {'_a0_': 3.069899673765802e-08, '_a1_': -8.35022816730163e-05, '_a2_': -1.790488891075811, '_a3_': -2.581803188423549e-21, '_a6_': -1.7801133961692213e-09, '_a4_': 1.0, '_a5_': 1.0, '_a7_': 1.0}};{'d0': 0.024905832919679762};-272.381177323966;77.31471999495068
22950;-58.8758686670320;((((_a0_ + pow2((_a1_ + ((((_a1_ * (x * _a2_)) * (_a2_ + _a3_)) * _a6_) / _a6_)))) * x) / _a3_) * (pow2((_a2_ * _a6_)) / _a1_));{'d0': {'_a0_': 3.069899673765802e-08, '_a1_': -8.35022816730163e-05, '_a2_': -1.790488891075811, '_a3_': -2.581803188423549e-21, '_a6_': -1.7801133961692213e-09, '_a4_': 1.0, '_a5_': 1.0, '_a7_': 1.0}};{'d0': 0.024905832919679762};-272.381177323966;77.31471999495068
22951;-58.8758686670320;((((_a0_ + pow2((_a1_ + ((((_a1_ * (x * _a2_)) * (_a2_ + _a3_)) * _a6_) / _a6_)))) * x) / _a3_) * (pow2((_a2_ * _a6_)) / _a1_));{'d0': {'_a0_': 3.069899673765802e-08, '_a1_': -8.35022816730163e-05, '_a2_': -1.790488891075811, '_a3_': -2.581803188423549e-21, '_a6_': -1.7801133961692213e-09, '_a4_': 1.0, '_a5_': 1.0, '_a7_': 1.0}};{'d0': 0.024905832919679762};-272.381177323966;77.31471999495068
22952;-58.8758686670320;((((_a0_ + pow2((_a1_ + ((((_a1_ * (x * _a2_)) * (_a2_ + _a3_)) * _a6_) / _a6_)))) * x) / _a3_) * (pow2((_a2_ * _a6_)) / _a1_));{'d0': {'_a0_': 3.069899673765802e-08, '_a1_': -8.35022816730163e-05, '_a2_': -1.790488891075811, '_a3_': -2.581803188423549e-21, '_a6_': -1.7801133961692213e-09, '_a4_': 1.0, '_a5_': 1.0, '_a7_': 1.0}};{'d0': 0.024905832919679762};-272.381177323966;77.31471999495068
22953;-58.8758686670320;((((_a0_ + pow2((_a1_ + ((((_a1_ * (x * _a2_)) * (_a2_ + _a3_)) * _a6_) / _a6_)))) * x) / _a3_) * (pow2((_a2_ * _a6_)) / _a1_));{'d0': {'_a0_': 3.069899673765802e-08, '_a1_': -8.35022816730163e-05, '_a2_': -1.790488891075811, '_a3_': -2.581803188423549e-21, '_a6_': -1.7801133961692213e-09, '_a4_': 1.0, '_a5_': 1.0, '_a7_': 1.0}};{'d0': 0.024905832919679762};-272.381177323966;77.31471999495068
22954;-58.8758686670320;((((_a0_ + pow2((_a1_ + ((((_a1_ * (x * _a2_)) * (_a2_ + _a3_)) * _a6_) / _a6_)))) * x) / _a3_) * (pow2((_a2_ * _a6_)) / _a1_));{'d0': {'_a0_': 3.069899673765802e-08, '_a1_': -8.35022816730163e-05, '_a2_': -1.790488891075811, '_a3_': -2.581803188423549e-21, '_a6_': -1.7801133961692213e-09, '_a4_': 1.0, '_a5_': 1.0, '_a7_': 1.0}};{'d0': 0.024905832919679762};-272.381177323966;77.31471999495068
22955;-58.8758686670320;((((_a0_ + pow2((_a1_ + ((((_a1_ * (x * _a2_)) * (_a2_ + _a3_)) * _a6_) / _a6_)))) * x) / _a3_) * (pow2((_a2_ * _a6_)) / _a1_));{'d0': {'_a0_': 3.069899673765802e-08, '_a1_': -8.35022816730163e-05, '_a2_': -1.790488891075811, '_a3_': -2.581803188423549e-21, '_a6_': -1.7801133961692213e-09, '_a4_': 1.0, '_a5_': 1.0, '_a7_': 1.0}};{'d0': 0.024905832919679762};-272.381177323966;77.31471999495068
22956;-58.8758686670320;((((_a0_ + pow2((_a1_ + ((((_a1_ * (x * _a2_)) * (_a2_ + _a3_)) * _a6_) / _a6_)))) * x) / _a3_) * (pow2((_a2_ * _a6_)) / _a1_));{'d0': {'_a0_': 3.069899673765802e-08, '_a1_': -8.35022816730163e-05, '_a2_': -1.790488891075811, '_a3_': -2.581803188423549e-21, '_a6_': -1.7801133961692213e-09, '_a4_': 1.0, '_a5_': 1.0, '_a7_': 1.0}};{'d0': 0.024905832919679762};-272.381177323966;77.31471999495068
22957;-58.8758686670320;((((_a0_ + pow2((_a1_ + ((((_a1_ * (x * _a2_)) * (_a2_ + _a3_)) * _a6_) / _a6_)))) * x) / _a3_) * (pow2((_a2_ * _a6_)) / _a1_));{'d0': {'_a0_': 3.069899673765802e-08, '_a1_': -8.35022816730163e-05, '_a2_': -1.790488891075811, '_a3_': -2.581803188423549e-21, '_a6_': -1.7801133961692213e-09, '_a4_': 1.0, '_a5_': 1.0, '_a7_': 1.0}};{'d0': 0.024905832919679762};-272.381177323966;77.31471999495068
22958;-58.8758686670320;((((_a0_ + pow2((_a1_ + ((((_a1_ * (x * _a2_)) * (_a2_ + _a3_)) * _a6_) / _a6_)))) * x) / _a3_) * (pow2((_a2_ * _a6_)) / _a1_));{'d0': {'_a0_': 3.069899673765802e-08, '_a1_': -8.35022816730163e-05, '_a2_': -1.790488891075811, '_a3_': -2.581803188423549e-21, '_a6_': -1.7801133961692213e-09, '_a4_': 1.0, '_a5_': 1.0, '_a7_': 1.0}};{'d0': 0.024905832919679762};-272.381177323966;77.31471999495068
22959;-58.8758686670320;((((_a0_ + pow2((_a1_ + ((((_a1_ * (x * _a2_)) * (_a2_ + _a3_)) * _a6_) / _a6_)))) * x) / _a3_) * (pow2((_a2_ * _a6_)) / _a1_));{'d0': {'_a0_': 3.069899673765802e-08, '_a1_': -8.35022816730163e-05, '_a2_': -1.790488891075811, '_a3_': -2.581803188423549e-21, '_a6_': -1.7801133961692213e-09, '_a4_': 1.0, '_a5_': 1.0, '_a7_': 1.0}};{'d0': 0.024905832919679762};-272.381177323966;77.31471999495068
22960;-58.1216794008634;((((_a0_ + pow2((_a1_ + ((((_a1_ * (x * _a2_)) * (_a2_ + _a3_)) + _a6_) / _a6_)))) * x) / _a3_) * (pow2((_a2_ * _a6_)) / _a1_));{'d0': {'_a0_': 4.503102711715656, '_a1_': 0.011328341039256442, '_a2_': 0.0035682330044350596, '_a3_': 6.9244509810084276e-18, '_a6_': 4.448743258529756e-08, '_a4_': 1.0, '_a5_': 1.0, '_a7_': 1.0}};{'d0': 0.024905832920976177};-272.381177320842;78.06890925955769
22961;-58.1216794008634;((((_a0_ + pow2((_a1_ + ((((_a1_ * (x * _a2_)) * (_a2_ + _a3_)) + _a6_) / _a6_)))) * x) / _a3_) * (pow2((_a2_ * _a6_)) / _a1_));{'d0': {'_a0_': 4.503102711715656, '_a1_': 0.011328341039256442, '_a2_': 0.0035682330044350596, '_a3_': 6.9244509810084276e-18, '_a6_': 4.448743258529756e-08, '_a4_': 1.0, '_a5_': 1.0, '_a7_': 1.0}};{'d0': 0.024905832920976177};-272.381177320842;78.06890925955769
22962;-58.1216794008634;((((_a0_ + pow2((_a1_ + ((((_a1_ * (x * _a2_)) * (_a2_ + _a3_)) + _a6_) / _a6_)))) * x) / _a3_) * (pow2((_a2_ * _a6_)) / _a1_));{'d0': {'_a0_': 4.503102711715656, '_a1_': 0.011328341039256442, '_a2_': 0.0035682330044350596, '_a3_': 6.9244509810084276e-18, '_a6_': 4.448743258529756e-08, '_a4_': 1.0, '_a5_': 1.0, '_a7_': 1.0}};{'d0': 0.024905832920976177};-272.381177320842;78.06890925955769
22963;-58.1216794008634;((((_a0_ + pow2((_a1_ + ((((_a1_ * (x * _a2_)) * (_a2_ + _a3_)) + _a6_) / _a6_)))) * x) / _a3_) * (pow2((_a2_ * _a6_)) / _a1_));{'d0': {'_a0_': 4.503102711715656, '_a1_': 0.011328341039256442, '_a2_': 0.0035682330044350596, '_a3_': 6.9244509810084276e-18, '_a6_': 4.448743258529756e-08, '_a4_': 1.0, '_a5_': 1.0, '_a7_': 1.0}};{'d0': 0.024905832920976177};-272.381177320842;78.06890925955769
22964;-93.7593830327999;((_a4_ * ((x * pow2((_a4_ * ((_a7_ + x) * _a1_)))) + x)) + -(_a2_));{'d0': {'_a1_': 1.0590261059658754, '_a2_': 0.0010241832080331453, '_a4_': 1.444803997630155, '_a7_': 0.3122755836630944, '_a0_': 1.0, '_a3_': 1.0, '_a5_': 1.0, '_a6_': 1.0}};{'d0': 0.02488548250186677};-276.524567593313;44.50290076385636
22965;-93.7593830327999;((_a4_ * ((x * pow2((_a4_ * ((_a7_ + x) * _a1_)))) + x)) + -(_a2_));{'d0': {'_a1_': 1.0590261059658754, '_a2_': 0.0010241832080331453, '_a4_': 1.444803997630155, '_a7_': 0.3122755836630944, '_a0_': 1.0, '_a3_': 1.0, '_a5_': 1.0, '_a6_': 1.0}};{'d0': 0.02488548250186677};-276.524567593313;44.50290076385636
22966;-93.7593830327999;((_a4_ * ((x * pow2((_a4_ * ((_a7_ + x) * _a1_)))) + x)) + -(_a2_));{'d0': {'_a1_': 1.0590261059658754, '_a2_': 0.0010241832080331453, '_a4_': 1.444803997630155, '_a7_': 0.3122755836630944, '_a0_': 1.0, '_a3_': 1.0, '_a5_': 1.0, '_a6_': 1.0}};{'d0': 0.02488548250186677};-276.524567593313;44.50290076385636
22967;-93.7593830327999;((_a4_ * ((x * pow2((_a4_ * ((_a7_ + x) * _a1_)))) + x)) + -(_a2_));{'d0': {'_a1_': 1.0590261059658754, '_a2_': 0.0010241832080331453, '_a4_': 1.444803997630155, '_a7_': 0.3122755836630944, '_a0_': 1.0, '_a3_': 1.0, '_a5_': 1.0, '_a6_': 1.0}};{'d0': 0.02488548250186677};-276.524567593313;44.50290076385636
22968;-93.7593830327999;((_a4_ * ((x * pow2((_a4_ * ((_a7_ + x) * _a1_)))) + x)) + -(_a2_));{'d0': {'_a1_': 1.0590261059658754, '_a2_': 0.0010241832080331453, '_a4_': 1.444803997630155, '_a7_': 0.3122755836630944, '_a0_': 1.0, '_a3_': 1.0, '_a5_': 1.0, '_a6_': 1.0}};{'d0': 0.02488548250186677};-276.524567593313;44.50290076385636
22969;-93.7593830327999;((_a4_ * ((x * pow2((_a4_ * ((_a7_ + x) * _a1_)))) + x)) + -(_a2_));{'d0': {'_a1_': 1.0590261059658754, '_a2_': 0.0010241832080331453, '_a4_': 1.444803997630155, '_a7_': 0.3122755836630944, '_a0_': 1.0, '_a3_': 1.0, '_a5_': 1.0, '_a6_': 1.0}};{'d0': 0.02488548250186677};-276.524567593313;44.50290076385636
22970;-93.7593830327999;((_a4_ * ((x * pow2((_a4_ * ((_a7_ + x) * _a1_)))) + x)) + -(_a2_));{'d0': {'_a1_': 1.0590261059658754, '_a2_': 0.0010241832080331453, '_a4_': 1.444803997630155, '_a7_': 0.3122755836630944, '_a0_': 1.0, '_a3_': 1.0, '_a5_': 1.0, '_a6_': 1.0}};{'d0': 0.02488548250186677};-276.524567593313;44.50290076385636
22971;-93.7593830327999;((_a4_ * ((x * pow2((_a4_ * ((_a7_ + x) * _a1_)))) + x)) + -(_a2_));{'d0': {'_a1_': 1.0590261059658754, '_a2_': 0.0010241832080331453, '_a4_': 1.444803997630155, '_a7_': 0.3122755836630944, '_a0_': 1.0, '_a3_': 1.0, '_a5_': 1.0, '_a6_': 1.0}};{'d0': 0.02488548250186677};-276.524567593313;44.50290076385636
22972;-92.4176329812812;((_a4_ * ((x * pow2((_a4_ * ((_a7_ + x) * _a1_)))) + x)) + (_a5_ * _a4_));{'d0': {'_a1_': 1.059026102935937, '_a4_': 1.4448039991986814, '_a5_': -0.000708872888603107, '_a7_': 0.3122755827965291, '_a0_': 1.0, '_a2_': 1.0, '_a3_': 1.0, '_a6_': 1.0}};{'d0': 0.024885482501866896};-276.524567593312;45.84465081537497
22973;-92.4176329812812;((_a4_ * ((x * pow2((_a4_ * ((_a7_ + x) * _a1_)))) + x)) + (_a5_ * _a4_));{'d0': {'_a1_': 1.059026102935937, '_a4_': 1.4448039991986814, '_a5_': -0.000708872888603107, '_a7_': 0.3122755827965291, '_a0_': 1.0, '_a2_': 1.0, '_a3_': 1.0, '_a6_': 1.0}};{'d0': 0.024885482501866896};-276.524567593312;45.84465081537497
22974;-92.4176329812812;((_a4_ * ((x * pow2((_a4_ * ((_a7_ + x) * _a1_)))) + x)) + (_a5_ * _a4_));{'d0': {'_a1_': 1.059026102935937, '_a4_': 1.4448039991986814, '_a5_': -0.000708872888603107, '_a7_': 0.3122755827965291, '_a0_': 1.0, '_a2_': 1.0, '_a3_': 1.0, '_a6_': 1.0}};{'d0': 0.024885482501866896};-276.524567593312;45.84465081537497
22975;-97.4393301929731;((_a4_ * ((x * pow2((_a4_ * ((_a7_ + x) * _a1_)))) + x)) + _a2_);{'d0': {'_a1_': 1.0590259358372274, '_a2_': -0.001024122229254857, '_a4_': 1.4448041035079153, '_a7_': 0.3122755631911157, '_a0_': 1.0, '_a3_': 1.0, '_a5_': 1.0, '_a6_': 1.0}};{'d0': 0.024885482501939067};-276.524567593138;40.82295360359597
22976;-58.8758686670320;((((_a0_ + pow2((_a1_ + ((((_a1_ * (x * _a2_)) * (_a2_ + _a3_)) * _a6_) / _a6_)))) * x) / _a3_) * (pow2((_a2_ * _a6_)) / _a1_));{'d0': {'_a0_': 3.069899673765802e-08, '_a1_': -8.35022816730163e-05, '_a2_': -1.790488891075811, '_a3_': -2.581803188423549e-21, '_a6_': -1.7801133961692213e-09, '_a4_': 1.0, '_a5_': 1.0, '_a7_': 1.0}};{'d0': 0.024905832919679762};-272.381177323966;77.31471999495068
22977;-58.8758686670320;((((_a0_ + pow2((_a1_ + ((((_a1_ * (x * _a2_)) * (_a2_ + _a3_)) * _a6_) / _a6_)))) * x) / _a3_) * (pow2((_a2_ * _a6_)) / _a1_));{'d0': {'_a0_': 3.069899673765802e-08, '_a1_': -8.35022816730163e-05, '_a2_': -1.790488891075811, '_a3_': -2.581803188423549e-21, '_a6_': -1.7801133961692213e-09, '_a4_': 1.0, '_a5_': 1.0, '_a7_': 1.0}};{'d0': 0.024905832919679762};-272.381177323966;77.31471999495068
22978;-58.8758686670320;((((_a0_ + pow2((_a1_ + ((((_a1_ * (x * _a2_)) * (_a2_ + _a3_)) * _a6_) / _a6_)))) * x) / _a3_) * (pow2((_a2_ * _a6_)) / _a1_));{'d0': {'_a0_': 3.069899673765802e-08, '_a1_': -8.35022816730163e-05, '_a2_': -1.790488891075811, '_a3_': -2.581803188423549e-21, '_a6_': -1.7801133961692213e-09, '_a4_': 1.0, '_a5_': 1.0, '_a7_': 1.0}};{'d0': 0.024905832919679762};-272.381177323966;77.31471999495068
22979;-58.8758686670320;((((_a0_ + pow2((_a1_ + ((((_a1_ * (x * _a2_)) * (_a2_ + _a3_)) * _a6_) / _a6_)))) * x) / _a3_) * (pow2((_a2_ * _a6_)) / _a1_));{'d0': {'_a0_': 3.069899673765802e-08, '_a1_': -8.35022816730163e-05, '_a2_': -1.790488891075811, '_a3_': -2.581803188423549e-21, '_a6_': -1.7801133961692213e-09, '_a4_': 1.0, '_a5_': 1.0, '_a7_': 1.0}};{'d0': 0.024905832919679762};-272.381177323966;77.31471999495068
22980;-58.8758686670320;((((_a0_ + pow2((_a1_ + ((((_a1_ * (x * _a2_)) * (_a2_ + _a3_)) * _a6_) / _a6_)))) * x) / _a3_) * (pow2((_a2_ * _a6_)) / _a1_));{'d0': {'_a0_': 3.069899673765802e-08, '_a1_': -8.35022816730163e-05, '_a2_': -1.790488891075811, '_a3_': -2.581803188423549e-21, '_a6_': -1.7801133961692213e-09, '_a4_': 1.0, '_a5_': 1.0, '_a7_': 1.0}};{'d0': 0.024905832919679762};-272.381177323966;77.31471999495068
22981;-58.8758686670320;((((_a0_ + pow2((_a1_ + ((((_a1_ * (x * _a2_)) * (_a2_ + _a3_)) * _a6_) / _a6_)))) * x) / _a3_) * (pow2((_a2_ * _a6_)) / _a1_));{'d0': {'_a0_': 3.069899673765802e-08, '_a1_': -8.35022816730163e-05, '_a2_': -1.790488891075811, '_a3_': -2.581803188423549e-21, '_a6_': -1.7801133961692213e-09, '_a4_': 1.0, '_a5_': 1.0, '_a7_': 1.0}};{'d0': 0.024905832919679762};-272.381177323966;77.31471999495068
22982;-58.8758686670320;((((_a0_ + pow2((_a1_ + ((((_a1_ * (x * _a2_)) * (_a2_ + _a3_)) * _a6_) / _a6_)))) * x) / _a3_) * (pow2((_a2_ * _a6_)) / _a1_));{'d0': {'_a0_': 3.069899673765802e-08, '_a1_': -8.35022816730163e-05, '_a2_': -1.790488891075811, '_a3_': -2.581803188423549e-21, '_a6_': -1.7801133961692213e-09, '_a4_': 1.0, '_a5_': 1.0, '_a7_': 1.0}};{'d0': 0.024905832919679762};-272.381177323966;77.31471999495068
22983;-58.8758686670320;((((_a0_ + pow2((_a1_ + ((((_a1_ * (x * _a2_)) * (_a2_ + _a3_)) * _a6_) / _a6_)))) * x) / _a3_) * (pow2((_a2_ * _a6_)) / _a1_));{'d0': {'_a0_': 3.069899673765802e-08, '_a1_': -8.35022816730163e-05, '_a2_': -1.790488891075811, '_a3_': -2.581803188423549e-21, '_a6_': -1.7801133961692213e-09, '_a4_': 1.0, '_a5_': 1.0, '_a7_': 1.0}};{'d0': 0.024905832919679762};-272.381177323966;77.31471999495068
22984;-58.8758686670320;((((_a0_ + pow2((_a1_ + ((((_a1_ * (x * _a2_)) * (_a2_ + _a3_)) * _a6_) / _a6_)))) * x) / _a3_) * (pow2((_a2_ * _a6_)) / _a1_));{'d0': {'_a0_': 3.069899673765802e-08, '_a1_': -8.35022816730163e-05, '_a2_': -1.790488891075811, '_a3_': -2.581803188423549e-21, '_a6_': -1.7801133961692213e-09, '_a4_': 1.0, '_a5_': 1.0, '_a7_': 1.0}};{'d0': 0.024905832919679762};-272.381177323966;77.31471999495068
22985;-58.8758686670320;((((_a0_ + pow2((_a1_ + ((((_a1_ * (x * _a2_)) * (_a2_ + _a3_)) * _a6_) / _a6_)))) * x) / _a3_) * (pow2((_a2_ * _a6_)) / _a1_));{'d0': {'_a0_': 3.069899673765802e-08, '_a1_': -8.35022816730163e-05, '_a2_': -1.790488891075811, '_a3_': -2.581803188423549e-21, '_a6_': -1.7801133961692213e-09, '_a4_': 1.0, '_a5_': 1.0, '_a7_': 1.0}};{'d0': 0.024905832919679762};-272.381177323966;77.31471999495068
22986;-58.8758686670320;((((_a0_ + pow2((_a1_ + ((((_a1_ * (x * _a2_)) * (_a2_ + _a3_)) * _a6_) / _a6_)))) * x) / _a3_) * (pow2((_a2_ * _a6_)) / _a1_));{'d0': {'_a0_': 3.069899673765802e-08, '_a1_': -8.35022816730163e-05, '_a2_': -1.790488891075811, '_a3_': -2.581803188423549e-21, '_a6_': -1.7801133961692213e-09, '_a4_': 1.0, '_a5_': 1.0, '_a7_': 1.0}};{'d0': 0.024905832919679762};-272.381177323966;77.31471999495068
22987;-58.8758686670320;((((_a0_ + pow2((_a1_ + ((((_a1_ * (x * _a2_)) * (_a2_ + _a3_)) * _a6_) / _a6_)))) * x) / _a3_) * (pow2((_a2_ * _a6_)) / _a1_));{'d0': {'_a0_': 3.069899673765802e-08, '_a1_': -8.35022816730163e-05, '_a2_': -1.790488891075811, '_a3_': -2.581803188423549e-21, '_a6_': -1.7801133961692213e-09, '_a4_': 1.0, '_a5_': 1.0, '_a7_': 1.0}};{'d0': 0.024905832919679762};-272.381177323966;77.31471999495068
22988;-58.8758686670320;((((_a0_ + pow2((_a1_ + ((((_a1_ * (x * _a2_)) * (_a2_ + _a3_)) * _a6_) / _a6_)))) * x) / _a3_) * (pow2((_a2_ * _a6_)) / _a1_));{'d0': {'_a0_': 3.069899673765802e-08, '_a1_': -8.35022816730163e-05, '_a2_': -1.790488891075811, '_a3_': -2.581803188423549e-21, '_a6_': -1.7801133961692213e-09, '_a4_': 1.0, '_a5_': 1.0, '_a7_': 1.0}};{'d0': 0.024905832919679762};-272.381177323966;77.31471999495068
22989;-58.8758686670320;((((_a0_ + pow2((_a1_ + ((((_a1_ * (x * _a2_)) * (_a2_ + _a3_)) * _a6_) / _a6_)))) * x) / _a3_) * (pow2((_a2_ * _a6_)) / _a1_));{'d0': {'_a0_': 3.069899673765802e-08, '_a1_': -8.35022816730163e-05, '_a2_': -1.790488891075811, '_a3_': -2.581803188423549e-21, '_a6_': -1.7801133961692213e-09, '_a4_': 1.0, '_a5_': 1.0, '_a7_': 1.0}};{'d0': 0.024905832919679762};-272.381177323966;77.31471999495068
22990;-58.8758686670320;((((_a0_ + pow2((_a1_ + ((((_a1_ * (x * _a2_)) * (_a2_ + _a3_)) * _a6_) / _a6_)))) * x) / _a3_) * (pow2((_a2_ * _a6_)) / _a1_));{'d0': {'_a0_': 3.069899673765802e-08, '_a1_': -8.35022816730163e-05, '_a2_': -1.790488891075811, '_a3_': -2.581803188423549e-21, '_a6_': -1.7801133961692213e-09, '_a4_': 1.0, '_a5_': 1.0, '_a7_': 1.0}};{'d0': 0.024905832919679762};-272.381177323966;77.31471999495068
22991;-58.8758686670320;((((_a0_ + pow2((_a1_ + ((((_a1_ * (x * _a2_)) * (_a2_ + _a3_)) * _a6_) / _a6_)))) * x) / _a3_) * (pow2((_a2_ * _a6_)) / _a1_));{'d0': {'_a0_': 3.069899673765802e-08, '_a1_': -8.35022816730163e-05, '_a2_': -1.790488891075811, '_a3_': -2.581803188423549e-21, '_a6_': -1.7801133961692213e-09, '_a4_': 1.0, '_a5_': 1.0, '_a7_': 1.0}};{'d0': 0.024905832919679762};-272.381177323966;77.31471999495068
22992;-58.8758686670320;((((_a0_ + pow2((_a1_ + ((((_a1_ * (x * _a2_)) * (_a2_ + _a3_)) * _a6_) / _a6_)))) * x) / _a3_) * (pow2((_a2_ * _a6_)) / _a1_));{'d0': {'_a0_': 3.069899673765802e-08, '_a1_': -8.35022816730163e-05, '_a2_': -1.790488891075811, '_a3_': -2.581803188423549e-21, '_a6_': -1.7801133961692213e-09, '_a4_': 1.0, '_a5_': 1.0, '_a7_': 1.0}};{'d0': 0.024905832919679762};-272.381177323966;77.31471999495068
22993;-58.8758686670320;((((_a0_ + pow2((_a1_ + ((((_a1_ * (x * _a2_)) * (_a2_ + _a3_)) * _a6_) / _a6_)))) * x) / _a3_) * (pow2((_a2_ * _a6_)) / _a1_));{'d0': {'_a0_': 3.069899673765802e-08, '_a1_': -8.35022816730163e-05, '_a2_': -1.790488891075811, '_a3_': -2.581803188423549e-21, '_a6_': -1.7801133961692213e-09, '_a4_': 1.0, '_a5_': 1.0, '_a7_': 1.0}};{'d0': 0.024905832919679762};-272.381177323966;77.31471999495068
22994;-58.8758686670320;((((_a0_ + pow2((_a1_ + ((((_a1_ * (x * _a2_)) * (_a2_ + _a3_)) * _a6_) / _a6_)))) * x) / _a3_) * (pow2((_a2_ * _a6_)) / _a1_));{'d0': {'_a0_': 3.069899673765802e-08, '_a1_': -8.35022816730163e-05, '_a2_': -1.790488891075811, '_a3_': -2.581803188423549e-21, '_a6_': -1.7801133961692213e-09, '_a4_': 1.0, '_a5_': 1.0, '_a7_': 1.0}};{'d0': 0.024905832919679762};-272.381177323966;77.31471999495068
22995;-58.8758686670320;((((_a0_ + pow2((_a1_ + ((((_a1_ * (x * _a2_)) * (_a2_ + _a3_)) * _a6_) / _a6_)))) * x) / _a3_) * (pow2((_a2_ * _a6_)) / _a1_));{'d0': {'_a0_': 3.069899673765802e-08, '_a1_': -8.35022816730163e-05, '_a2_': -1.790488891075811, '_a3_': -2.581803188423549e-21, '_a6_': -1.7801133961692213e-09, '_a4_': 1.0, '_a5_': 1.0, '_a7_': 1.0}};{'d0': 0.024905832919679762};-272.381177323966;77.31471999495068
22996;-58.8758686670320;((((_a0_ + pow2((_a1_ + ((((_a1_ * (x * _a2_)) * (_a2_ + _a3_)) * _a6_) / _a6_)))) * x) / _a3_) * (pow2((_a2_ * _a6_)) / _a1_));{'d0': {'_a0_': 3.069899673765802e-08, '_a1_': -8.35022816730163e-05, '_a2_': -1.790488891075811, '_a3_': -2.581803188423549e-21, '_a6_': -1.7801133961692213e-09, '_a4_': 1.0, '_a5_': 1.0, '_a7_': 1.0}};{'d0': 0.024905832919679762};-272.381177323966;77.31471999495068
22997;-58.8758686670320;((((_a0_ + pow2((_a1_ + ((((_a1_ * (x * _a2_)) * (_a2_ + _a3_)) * _a6_) / _a6_)))) * x) / _a3_) * (pow2((_a2_ * _a6_)) / _a1_));{'d0': {'_a0_': 3.069899673765802e-08, '_a1_': -8.35022816730163e-05, '_a2_': -1.790488891075811, '_a3_': -2.581803188423549e-21, '_a6_': -1.7801133961692213e-09, '_a4_': 1.0, '_a5_': 1.0, '_a7_': 1.0}};{'d0': 0.024905832919679762};-272.381177323966;77.31471999495068
22998;-58.8758686670320;((((_a0_ + pow2((_a1_ + ((((_a1_ * (x * _a2_)) * (_a2_ + _a3_)) * _a6_) / _a6_)))) * x) / _a3_) * (pow2((_a2_ * _a6_)) / _a1_));{'d0': {'_a0_': 3.069899673765802e-08, '_a1_': -8.35022816730163e-05, '_a2_': -1.790488891075811, '_a3_': -2.581803188423549e-21, '_a6_': -1.7801133961692213e-09, '_a4_': 1.0, '_a5_': 1.0, '_a7_': 1.0}};{'d0': 0.024905832919679762};-272.381177323966;77.31471999495068
22999;-58.8758686670320;((((_a0_ + pow2((_a1_ + ((((_a1_ * (x * _a2_)) * (_a2_ + _a3_)) * _a6_) / _a6_)))) * x) / _a3_) * (pow2((_a2_ * _a6_)) / _a1_));{'d0': {'_a0_': 3.069899673765802e-08, '_a1_': -8.35022816730163e-05, '_a2_': -1.790488891075811, '_a3_': -2.581803188423549e-21, '_a6_': -1.7801133961692213e-09, '_a4_': 1.0, '_a5_': 1.0, '_a7_': 1.0}};{'d0': 0.024905832919679762};-272.381177323966;77.31471999495068
23000;-58.8758686670320;((((_a0_ + pow2((_a1_ + ((((_a1_ * (x * _a2_)) * (_a2_ + _a3_)) * _a6_) / _a6_)))) * x) / _a3_) * (pow2((_a2_ * _a6_)) / _a1_));{'d0': {'_a0_': 3.069899673765802e-08, '_a1_': -8.35022816730163e-05, '_a2_': -1.790488891075811, '_a3_': -2.581803188423549e-21, '_a6_': -1.7801133961692213e-09, '_a4_': 1.0, '_a5_': 1.0, '_a7_': 1.0}};{'d0': 0.024905832919679762};-272.381177323966;77.31471999495068
23001;-58.8758686670320;((((_a0_ + pow2((_a1_ + ((((_a1_ * (x * _a2_)) * (_a2_ + _a3_)) * _a6_) / _a6_)))) * x) / _a3_) * (pow2((_a2_ * _a6_)) / _a1_));{'d0': {'_a0_': 3.069899673765802e-08, '_a1_': -8.35022816730163e-05, '_a2_': -1.790488891075811, '_a3_': -2.581803188423549e-21, '_a6_': -1.7801133961692213e-09, '_a4_': 1.0, '_a5_': 1.0, '_a7_': 1.0}};{'d0': 0.024905832919679762};-272.381177323966;77.31471999495068
23002;-58.8758686670320;((((_a0_ + pow2((_a1_ + ((((_a1_ * (x * _a2_)) * (_a2_ + _a3_)) * _a6_) / _a6_)))) * x) / _a3_) * (pow2((_a2_ * _a6_)) / _a1_));{'d0': {'_a0_': 3.069899673765802e-08, '_a1_': -8.35022816730163e-05, '_a2_': -1.790488891075811, '_a3_': -2.581803188423549e-21, '_a6_': -1.7801133961692213e-09, '_a4_': 1.0, '_a5_': 1.0, '_a7_': 1.0}};{'d0': 0.024905832919679762};-272.381177323966;77.31471999495068
23003;-58.8758686670320;((((_a0_ + pow2((_a1_ + ((((_a1_ * (x * _a2_)) * (_a2_ + _a3_)) * _a6_) / _a6_)))) * x) / _a3_) * (pow2((_a2_ * _a6_)) / _a1_));{'d0': {'_a0_': 3.069899673765802e-08, '_a1_': -8.35022816730163e-05, '_a2_': -1.790488891075811, '_a3_': -2.581803188423549e-21, '_a6_': -1.7801133961692213e-09, '_a4_': 1.0, '_a5_': 1.0, '_a7_': 1.0}};{'d0': 0.024905832919679762};-272.381177323966;77.31471999495068
23004;-58.8758686670320;((((_a0_ + pow2((_a1_ + ((((_a1_ * (x * _a2_)) * (_a2_ + _a3_)) * _a6_) / _a6_)))) * x) / _a3_) * (pow2((_a2_ * _a6_)) / _a1_));{'d0': {'_a0_': 3.069899673765802e-08, '_a1_': -8.35022816730163e-05, '_a2_': -1.790488891075811, '_a3_': -2.581803188423549e-21, '_a6_': -1.7801133961692213e-09, '_a4_': 1.0, '_a5_': 1.0, '_a7_': 1.0}};{'d0': 0.024905832919679762};-272.381177323966;77.31471999495068
23005;-58.8758686670320;((((_a0_ + pow2((_a1_ + ((((_a1_ * (x * _a2_)) * (_a2_ + _a3_)) * _a6_) / _a6_)))) * x) / _a3_) * (pow2((_a2_ * _a6_)) / _a1_));{'d0': {'_a0_': 3.069899673765802e-08, '_a1_': -8.35022816730163e-05, '_a2_': -1.790488891075811, '_a3_': -2.581803188423549e-21, '_a6_': -1.7801133961692213e-09, '_a4_': 1.0, '_a5_': 1.0, '_a7_': 1.0}};{'d0': 0.024905832919679762};-272.381177323966;77.31471999495068
23006;-58.8758686670320;((((_a0_ + pow2((_a1_ + ((((_a1_ * (x * _a2_)) * (_a2_ + _a3_)) * _a6_) / _a6_)))) * x) / _a3_) * (pow2((_a2_ * _a6_)) / _a1_));{'d0': {'_a0_': 3.069899673765802e-08, '_a1_': -8.35022816730163e-05, '_a2_': -1.790488891075811, '_a3_': -2.581803188423549e-21, '_a6_': -1.7801133961692213e-09, '_a4_': 1.0, '_a5_': 1.0, '_a7_': 1.0}};{'d0': 0.024905832919679762};-272.381177323966;77.31471999495068
23007;-106.852837422437;(((pow2((_a1_ + -(x))) + -(_a0_)) / _a7_) * x);{'d0': {'_a0_': -0.4283916276126479, '_a1_': -0.31192970778202594, '_a7_': 0.2961417866967881, '_a2_': 1.0, '_a3_': 1.0, '_a4_': 1.0, '_a5_': 1.0, '_a6_': 1.0}};{'d0': 0.024905832919416712};-280.569866449043;33.432095802085115
23008;-106.852837422437;(((pow2((_a1_ + -(x))) + -(_a0_)) / _a7_) * x);{'d0': {'_a0_': -0.4283916276126479, '_a1_': -0.31192970778202594, '_a7_': 0.2961417866967881, '_a2_': 1.0, '_a3_': 1.0, '_a4_': 1.0, '_a5_': 1.0, '_a6_': 1.0}};{'d0': 0.024905832919416712};-280.569866449043;33.432095802085115
23009;-106.852837422437;(((pow2((_a1_ + -(x))) + -(_a0_)) / _a7_) * x);{'d0': {'_a0_': -0.4283916276126479, '_a1_': -0.31192970778202594, '_a7_': 0.2961417866967881, '_a2_': 1.0, '_a3_': 1.0, '_a4_': 1.0, '_a5_': 1.0, '_a6_': 1.0}};{'d0': 0.024905832919416712};-280.569866449043;33.432095802085115
23010;-105.167221526038;(((pow2((_a1_ + -(x))) + exp(_a0_)) / _a7_) * x);{'d0': {'_a0_': -0.8477174833184759, '_a1_': -0.3119297077870854, '_a7_': 0.29614178681041015, '_a2_': 1.0, '_a3_': 1.0, '_a4_': 1.0, '_a5_': 1.0, '_a6_': 1.0}};{'d0': 0.02490583291941662};-280.569866449044;35.117711698483944
23011;-58.8758677550052;((((_a0_ + pow2((_a1_ + ((((_a1_ * (x * _a2_)) * (_a2_ + _a3_)) * _a6_) / _a3_)))) * x) / _a3_) * (pow2((_a2_ * _a6_)) / _a1_));{'d0': {'_a0_': 84665.29757203636, '_a1_': -138.67068416006842, '_a2_': -4.773969285463433e-08, '_a3_': -5.253958172272394e-19, '_a6_': -0.0007390502888696558, '_a4_': 1.0, '_a5_': 1.0, '_a7_': 1.0}};{'d0': 0.02490583367683938};-272.381175499912;77.31471999495068
23012;-58.8758677550052;((((_a0_ + pow2((_a1_ + ((((_a1_ * (x * _a2_)) * (_a2_ + _a3_)) * _a6_) / _a3_)))) * x) / _a3_) * (pow2((_a2_ * _a6_)) / _a1_));{'d0': {'_a0_': 84665.29757203636, '_a1_': -138.67068416006842, '_a2_': -4.773969285463433e-08, '_a3_': -5.253958172272394e-19, '_a6_': -0.0007390502888696558, '_a4_': 1.0, '_a5_': 1.0, '_a7_': 1.0}};{'d0': 0.02490583367683938};-272.381175499912;77.31471999495068
23013;-58.8758677550052;((((_a0_ + pow2((_a1_ + ((((_a1_ * (x * _a2_)) * (_a2_ + _a3_)) * _a6_) / _a3_)))) * x) / _a3_) * (pow2((_a2_ * _a6_)) / _a1_));{'d0': {'_a0_': 84665.29757203636, '_a1_': -138.67068416006842, '_a2_': -4.773969285463433e-08, '_a3_': -5.253958172272394e-19, '_a6_': -0.0007390502888696558, '_a4_': 1.0, '_a5_': 1.0, '_a7_': 1.0}};{'d0': 0.02490583367683938};-272.381175499912;77.31471999495068
23014;-58.8758677550052;((((_a0_ + pow2((_a1_ + ((((_a1_ * (x * _a2_)) * (_a2_ + _a3_)) * _a6_) / _a3_)))) * x) / _a3_) * (pow2((_a2_ * _a6_)) / _a1_));{'d0': {'_a0_': 84665.29757203636, '_a1_': -138.67068416006842, '_a2_': -4.773969285463433e-08, '_a3_': -5.253958172272394e-19, '_a6_': -0.0007390502888696558, '_a4_': 1.0, '_a5_': 1.0, '_a7_': 1.0}};{'d0': 0.02490583367683938};-272.381175499912;77.31471999495068
23015;-58.8758677550052;((((_a0_ + pow2((_a1_ + ((((_a1_ * (x * _a2_)) * (_a2_ + _a3_)) * _a6_) / _a3_)))) * x) / _a3_) * (pow2((_a2_ * _a6_)) / _a1_));{'d0': {'_a0_': 84665.29757203636, '_a1_': -138.67068416006842, '_a2_': -4.773969285463433e-08, '_a3_': -5.253958172272394e-19, '_a6_': -0.0007390502888696558, '_a4_': 1.0, '_a5_': 1.0, '_a7_': 1.0}};{'d0': 0.02490583367683938};-272.381175499912;77.31471999495068
23016;-58.8758677550052;((((_a0_ + pow2((_a1_ + ((((_a1_ * (x * _a2_)) * (_a2_ + _a3_)) * _a6_) / _a3_)))) * x) / _a3_) * (pow2((_a2_ * _a6_)) / _a1_));{'d0': {'_a0_': 84665.29757203636, '_a1_': -138.67068416006842, '_a2_': -4.773969285463433e-08, '_a3_': -5.253958172272394e-19, '_a6_': -0.0007390502888696558, '_a4_': 1.0, '_a5_': 1.0, '_a7_': 1.0}};{'d0': 0.02490583367683938};-272.381175499912;77.31471999495068
23017;-58.8758677550052;((((_a0_ + pow2((_a1_ + ((((_a1_ * (x * _a2_)) * (_a2_ + _a3_)) * _a6_) / _a3_)))) * x) / _a3_) * (pow2((_a2_ * _a6_)) / _a1_));{'d0': {'_a0_': 84665.29757203636, '_a1_': -138.67068416006842, '_a2_': -4.773969285463433e-08, '_a3_': -5.253958172272394e-19, '_a6_': -0.0007390502888696558, '_a4_': 1.0, '_a5_': 1.0, '_a7_': 1.0}};{'d0': 0.02490583367683938};-272.381175499912;77.31471999495068
23018;-58.8758677550052;((((_a0_ + pow2((_a1_ + ((((_a1_ * (x * _a2_)) * (_a2_ + _a3_)) * _a6_) / _a3_)))) * x) / _a3_) * (pow2((_a2_ * _a6_)) / _a1_));{'d0': {'_a0_': 84665.29757203636, '_a1_': -138.67068416006842, '_a2_': -4.773969285463433e-08, '_a3_': -5.253958172272394e-19, '_a6_': -0.0007390502888696558, '_a4_': 1.0, '_a5_': 1.0, '_a7_': 1.0}};{'d0': 0.02490583367683938};-272.381175499912;77.31471999495068
23019;-58.8758677550052;((((_a0_ + pow2((_a1_ + ((((_a1_ * (x * _a2_)) * (_a2_ + _a3_)) * _a6_) / _a3_)))) * x) / _a3_) * (pow2((_a2_ * _a6_)) / _a1_));{'d0': {'_a0_': 84665.29757203636, '_a1_': -138.67068416006842, '_a2_': -4.773969285463433e-08, '_a3_': -5.253958172272394e-19, '_a6_': -0.0007390502888696558, '_a4_': 1.0, '_a5_': 1.0, '_a7_': 1.0}};{'d0': 0.02490583367683938};-272.381175499912;77.31471999495068
23020;-102.648894571423;(((pow2((_a1_ + -(x))) + (_a5_ / _a2_)) / _a7_) * x);{'d0': {'_a1_': -0.3119297082339294, '_a2_': 51.83996936019206, '_a5_': 22.207808435798583, '_a7_': 0.29614178699411314, '_a0_': 1.0, '_a3_': 1.0, '_a4_': 1.0, '_a6_': 1.0}};{'d0': 0.024905832919430812};-276.475521886787;35.58886637197114
23021;-102.648894571423;(((pow2((_a1_ + -(x))) + (_a5_ / _a2_)) / _a7_) * x);{'d0': {'_a1_': -0.3119297082339294, '_a2_': 51.83996936019206, '_a5_': 22.207808435798583, '_a7_': 0.29614178699411314, '_a0_': 1.0, '_a3_': 1.0, '_a4_': 1.0, '_a6_': 1.0}};{'d0': 0.024905832919430812};-276.475521886787;35.58886637197114
23022;-102.648894571423;(((pow2((_a1_ + -(x))) + (_a5_ / _a2_)) / _a7_) * x);{'d0': {'_a1_': -0.3119297082339294, '_a2_': 51.83996936019206, '_a5_': 22.207808435798583, '_a7_': 0.29614178699411314, '_a0_': 1.0, '_a3_': 1.0, '_a4_': 1.0, '_a6_': 1.0}};{'d0': 0.024905832919430812};-276.475521886787;35.58886637197114
23023;-102.648894571423;(((pow2((_a1_ + -(x))) + (_a5_ / _a2_)) / _a7_) * x);{'d0': {'_a1_': -0.3119297082339294, '_a2_': 51.83996936019206, '_a5_': 22.207808435798583, '_a7_': 0.29614178699411314, '_a0_': 1.0, '_a3_': 1.0, '_a4_': 1.0, '_a6_': 1.0}};{'d0': 0.024905832919430812};-276.475521886787;35.58886637197114
23024;-102.648894571423;(((pow2((_a1_ + -(x))) + (_a5_ / _a2_)) / _a7_) * x);{'d0': {'_a1_': -0.3119297082339294, '_a2_': 51.83996936019206, '_a5_': 22.207808435798583, '_a7_': 0.29614178699411314, '_a0_': 1.0, '_a3_': 1.0, '_a4_': 1.0, '_a6_': 1.0}};{'d0': 0.024905832919430812};-276.475521886787;35.58886637197114
23025;-97.8442692186106;((((pow2((_a1_ + -(x))) + (_a5_ / _a2_)) / _a7_) * x) * _a2_);{'d0': {'_a1_': -0.3119297080384339, '_a2_': 6.4225257918598215, '_a5_': 2.751356179149745, '_a7_': 1.9019782443762419, '_a0_': 1.0, '_a3_': 1.0, '_a4_': 1.0, '_a6_': 1.0}};{'d0': 0.024905832919430257};-276.475521886789;40.39349172478414
23026;-97.8442692186106;((((pow2((_a1_ + -(x))) + (_a5_ / _a2_)) / _a7_) * x) * _a2_);{'d0': {'_a1_': -0.3119297080384339, '_a2_': 6.4225257918598215, '_a5_': 2.751356179149745, '_a7_': 1.9019782443762419, '_a0_': 1.0, '_a3_': 1.0, '_a4_': 1.0, '_a6_': 1.0}};{'d0': 0.024905832919430257};-276.475521886789;40.39349172478414
23027;-97.8442692186106;((((pow2((_a1_ + -(x))) + (_a5_ / _a2_)) / _a7_) * x) * _a2_);{'d0': {'_a1_': -0.3119297080384339, '_a2_': 6.4225257918598215, '_a5_': 2.751356179149745, '_a7_': 1.9019782443762419, '_a0_': 1.0, '_a3_': 1.0, '_a4_': 1.0, '_a6_': 1.0}};{'d0': 0.024905832919430257};-276.475521886789;40.39349172478414
23028;-97.8442692186106;((((pow2((_a1_ + -(x))) + (_a5_ / _a2_)) / _a7_) * x) * _a2_);{'d0': {'_a1_': -0.3119297080384339, '_a2_': 6.4225257918598215, '_a5_': 2.751356179149745, '_a7_': 1.9019782443762419, '_a0_': 1.0, '_a3_': 1.0, '_a4_': 1.0, '_a6_': 1.0}};{'d0': 0.024905832919430257};-276.475521886789;40.39349172478414
23029;-97.8442692186106;((((pow2((_a1_ + -(x))) + (_a5_ / _a2_)) / _a7_) * x) * _a2_);{'d0': {'_a1_': -0.3119297080384339, '_a2_': 6.4225257918598215, '_a5_': 2.751356179149745, '_a7_': 1.9019782443762419, '_a0_': 1.0, '_a3_': 1.0, '_a4_': 1.0, '_a6_': 1.0}};{'d0': 0.024905832919430257};-276.475521886789;40.39349172478414
23030;-97.8442692186106;((((pow2((_a1_ + -(x))) + (_a5_ / _a2_)) / _a7_) * x) * _a2_);{'d0': {'_a1_': -0.3119297080384339, '_a2_': 6.4225257918598215, '_a5_': 2.751356179149745, '_a7_': 1.9019782443762419, '_a0_': 1.0, '_a3_': 1.0, '_a4_': 1.0, '_a6_': 1.0}};{'d0': 0.024905832919430257};-276.475521886789;40.39349172478414
23031;-97.8442692186106;((((pow2((_a1_ + -(x))) + (_a5_ / _a2_)) / _a7_) * x) * _a2_);{'d0': {'_a1_': -0.3119297080384339, '_a2_': 6.4225257918598215, '_a5_': 2.751356179149745, '_a7_': 1.9019782443762419, '_a0_': 1.0, '_a3_': 1.0, '_a4_': 1.0, '_a6_': 1.0}};{'d0': 0.024905832919430257};-276.475521886789;40.39349172478414
23032;-97.8442692186106;((((pow2((_a1_ + -(x))) + (_a5_ / _a2_)) / _a7_) * x) * _a2_);{'d0': {'_a1_': -0.3119297080384339, '_a2_': 6.4225257918598215, '_a5_': 2.751356179149745, '_a7_': 1.9019782443762419, '_a0_': 1.0, '_a3_': 1.0, '_a4_': 1.0, '_a6_': 1.0}};{'d0': 0.024905832919430257};-276.475521886789;40.39349172478414
23033;-94.1463347454774;((((pow2((_a1_ + -(x))) + (_a5_ / _a2_)) / pow2(_a6_)) * x) * _a2_);{'d0': {'_a1_': -0.31192970786909274, '_a2_': 4.251413259795376, '_a5_': 1.8212698471351443, '_a6_': 1.1220611431179164, '_a0_': 1.0, '_a3_': 1.0, '_a4_': 1.0, '_a7_': 1.0}};{'d0': 0.024905832919864625};-276.475521885742;44.09142619739414
23034;-99.9835575532774;((((pow2((_a1_ + -(x))) + _a5_) / pow2(_a6_)) * x) * _a2_);{'d0': {'_a1_': -0.31192970769681977, '_a2_': 1867.257668266902, '_a5_': 0.4283916269984641, '_a6_': -23.515379483402963, '_a0_': 1.0, '_a3_': 1.0, '_a4_': 1.0, '_a7_': 1.0}};{'d0': 0.024905832920152908};-276.475521885048;38.25420338924694
23035;-99.9835575532774;((((pow2((_a1_ + -(x))) + _a5_) / pow2(_a6_)) * x) * _a2_);{'d0': {'_a1_': -0.31192970769681977, '_a2_': 1867.257668266902, '_a5_': 0.4283916269984641, '_a6_': -23.515379483402963, '_a0_': 1.0, '_a3_': 1.0, '_a4_': 1.0, '_a7_': 1.0}};{'d0': 0.024905832920152908};-276.475521885048;38.25420338924694
23036;-99.9835575532774;((((pow2((_a1_ + -(x))) + _a5_) / pow2(_a6_)) * x) * _a2_);{'d0': {'_a1_': -0.31192970769681977, '_a2_': 1867.257668266902, '_a5_': 0.4283916269984641, '_a6_': -23.515379483402963, '_a0_': 1.0, '_a3_': 1.0, '_a4_': 1.0, '_a7_': 1.0}};{'d0': 0.024905832920152908};-276.475521885048;38.25420338924694
23037;-99.9835575532774;((((pow2((_a1_ + -(x))) + _a5_) / pow2(_a6_)) * x) * _a2_);{'d0': {'_a1_': -0.31192970769681977, '_a2_': 1867.257668266902, '_a5_': 0.4283916269984641, '_a6_': -23.515379483402963, '_a0_': 1.0, '_a3_': 1.0, '_a4_': 1.0, '_a7_': 1.0}};{'d0': 0.024905832920152908};-276.475521885048;38.25420338924694
23038;-99.9835575532774;((((pow2((_a1_ + -(x))) + _a5_) / pow2(_a6_)) * x) * _a2_);{'d0': {'_a1_': -0.31192970769681977, '_a2_': 1867.257668266902, '_a5_': 0.4283916269984641, '_a6_': -23.515379483402963, '_a0_': 1.0, '_a3_': 1.0, '_a4_': 1.0, '_a7_': 1.0}};{'d0': 0.024905832920152908};-276.475521885048;38.25420338924694
23039;-99.9835575532774;((((pow2((_a1_ + -(x))) + _a5_) / pow2(_a6_)) * x) * _a2_);{'d0': {'_a1_': -0.31192970769681977, '_a2_': 1867.257668266902, '_a5_': 0.4283916269984641, '_a6_': -23.515379483402963, '_a0_': 1.0, '_a3_': 1.0, '_a4_': 1.0, '_a7_': 1.0}};{'d0': 0.024905832920152908};-276.475521885048;38.25420338924694
23040;-99.9835575532774;((((pow2((_a1_ + -(x))) + _a5_) / pow2(_a6_)) * x) * _a2_);{'d0': {'_a1_': -0.31192970769681977, '_a2_': 1867.257668266902, '_a5_': 0.4283916269984641, '_a6_': -23.515379483402963, '_a0_': 1.0, '_a3_': 1.0, '_a4_': 1.0, '_a7_': 1.0}};{'d0': 0.024905832920152908};-276.475521885048;38.25420338924694
23041;-99.9835575532774;((((pow2((_a1_ + -(x))) + _a5_) / pow2(_a6_)) * x) * _a2_);{'d0': {'_a1_': -0.31192970769681977, '_a2_': 1867.257668266902, '_a5_': 0.4283916269984641, '_a6_': -23.515379483402963, '_a0_': 1.0, '_a3_': 1.0, '_a4_': 1.0, '_a7_': 1.0}};{'d0': 0.024905832920152908};-276.475521885048;38.25420338924694
23042;-99.9835575532774;((((pow2((_a1_ + -(x))) + _a5_) / pow2(_a6_)) * x) * _a2_);{'d0': {'_a1_': -0.31192970769681977, '_a2_': 1867.257668266902, '_a5_': 0.4283916269984641, '_a6_': -23.515379483402963, '_a0_': 1.0, '_a3_': 1.0, '_a4_': 1.0, '_a7_': 1.0}};{'d0': 0.024905832920152908};-276.475521885048;38.25420338924694
23043;-99.9835575532774;((((pow2((_a1_ + -(x))) + _a5_) / pow2(_a6_)) * x) * _a2_);{'d0': {'_a1_': -0.31192970769681977, '_a2_': 1867.257668266902, '_a5_': 0.4283916269984641, '_a6_': -23.515379483402963, '_a0_': 1.0, '_a3_': 1.0, '_a4_': 1.0, '_a7_': 1.0}};{'d0': 0.024905832920152908};-276.475521885048;38.25420338924694
23044;-99.9350758092776;((((pow2((_a1_ + -(x))) + _a5_) ** pow2(_a6_)) * x) * _a2_);{'d0': {'_a1_': -0.3102964192006749, '_a2_': 3.0720733912857154, '_a5_': 0.5193329197016477, '_a6_': -1.0669982843825423, '_a0_': 1.0, '_a3_': 1.0, '_a4_': 1.0, '_a7_': 1.0}};{'d0': 0.02423851431455257};-278.105071556443;39.11745996894454
23045;-104.429306858733;(((x * (((_a6_ + x) * _a6_) + -(_a7_))) + _a0_) * x);{'d0': {'_a0_': 1.7751354046729746, '_a6_': 3.3767608758612795, '_a7_': 9.29588994647559, '_a1_': 1.0, '_a2_': 1.0, '_a3_': 1.0, '_a4_': 1.0, '_a5_': 1.0}};{'d0': 0.02490583291941665};-280.569866449044;35.855626365789455
23046;-104.429306858733;(((x * (((_a6_ + x) * _a6_) + -(_a7_))) + _a0_) * x);{'d0': {'_a0_': 1.7751354046729746, '_a6_': 3.3767608758612795, '_a7_': 9.29588994647559, '_a1_': 1.0, '_a2_': 1.0, '_a3_': 1.0, '_a4_': 1.0, '_a5_': 1.0}};{'d0': 0.02490583291941665};-280.569866449044;35.855626365789455
23047;-104.429306858733;(((x * (((_a6_ + x) * _a6_) + -(_a7_))) + _a0_) * x);{'d0': {'_a0_': 1.7751354046729746, '_a6_': 3.3767608758612795, '_a7_': 9.29588994647559, '_a1_': 1.0, '_a2_': 1.0, '_a3_': 1.0, '_a4_': 1.0, '_a5_': 1.0}};{'d0': 0.02490583291941665};-280.569866449044;35.855626365789455
23048;-104.429306858733;(((x * (((_a6_ + x) * _a6_) + -(_a7_))) + _a0_) * x);{'d0': {'_a0_': 1.7751354046729746, '_a6_': 3.3767608758612795, '_a7_': 9.29588994647559, '_a1_': 1.0, '_a2_': 1.0, '_a3_': 1.0, '_a4_': 1.0, '_a5_': 1.0}};{'d0': 0.02490583291941665};-280.569866449044;35.855626365789455
23049;-104.429306858733;(((x * (((_a6_ + x) * _a6_) + -(_a7_))) + _a0_) * x);{'d0': {'_a0_': 1.7751354046729746, '_a6_': 3.3767608758612795, '_a7_': 9.29588994647559, '_a1_': 1.0, '_a2_': 1.0, '_a3_': 1.0, '_a4_': 1.0, '_a5_': 1.0}};{'d0': 0.02490583291941665};-280.569866449044;35.855626365789455
23050;-104.429306858733;(((x * (((_a6_ + x) * _a6_) + -(_a7_))) + _a0_) * x);{'d0': {'_a0_': 1.7751354046729746, '_a6_': 3.3767608758612795, '_a7_': 9.29588994647559, '_a1_': 1.0, '_a2_': 1.0, '_a3_': 1.0, '_a4_': 1.0, '_a5_': 1.0}};{'d0': 0.02490583291941665};-280.569866449044;35.855626365789455
23051;-104.429306858733;(((x * (((_a6_ + x) * _a6_) + -(_a7_))) + _a0_) * x);{'d0': {'_a0_': 1.7751354046729746, '_a6_': 3.3767608758612795, '_a7_': 9.29588994647559, '_a1_': 1.0, '_a2_': 1.0, '_a3_': 1.0, '_a4_': 1.0, '_a5_': 1.0}};{'d0': 0.02490583291941665};-280.569866449044;35.855626365789455
23052;-104.429306858733;(((x * (((_a6_ + x) * _a6_) + -(_a7_))) + _a0_) * x);{'d0': {'_a0_': 1.7751354046729746, '_a6_': 3.3767608758612795, '_a7_': 9.29588994647559, '_a1_': 1.0, '_a2_': 1.0, '_a3_': 1.0, '_a4_': 1.0, '_a5_': 1.0}};{'d0': 0.02490583291941665};-280.569866449044;35.855626365789455
23053;-104.429306858733;(((x * (((_a6_ + x) * _a6_) + -(_a7_))) + _a0_) * x);{'d0': {'_a0_': 1.7751354046729746, '_a6_': 3.3767608758612795, '_a7_': 9.29588994647559, '_a1_': 1.0, '_a2_': 1.0, '_a3_': 1.0, '_a4_': 1.0, '_a5_': 1.0}};{'d0': 0.02490583291941665};-280.569866449044;35.855626365789455
23054;-104.429306858733;(((x * (((_a6_ + x) * _a6_) + -(_a7_))) + _a0_) * x);{'d0': {'_a0_': 1.7751354046729746, '_a6_': 3.3767608758612795, '_a7_': 9.29588994647559, '_a1_': 1.0, '_a2_': 1.0, '_a3_': 1.0, '_a4_': 1.0, '_a5_': 1.0}};{'d0': 0.02490583291941665};-280.569866449044;35.855626365789455
23055;-104.429306858733;(((x * (((_a6_ + x) * _a6_) + -(_a7_))) + _a0_) * x);{'d0': {'_a0_': 1.7751354046729746, '_a6_': 3.3767608758612795, '_a7_': 9.29588994647559, '_a1_': 1.0, '_a2_': 1.0, '_a3_': 1.0, '_a4_': 1.0, '_a5_': 1.0}};{'d0': 0.02490583291941665};-280.569866449044;35.855626365789455
23056;-99.8632482424655;((((pow2((_a3_ + -(x))) + _a5_) + pow2(_a6_)) * x) * _a2_);{'d0': {'_a2_': 3.3767608783306495, '_a3_': -0.31192970776728585, '_a5_': -2.1529929950862816, '_a6_': -1.6066689123211386, '_a0_': 1.0, '_a1_': 1.0, '_a4_': 1.0, '_a7_': 1.0}};{'d0': 0.024905832943551292};-276.475521828679;38.374512671874534
23057;-99.8632482424655;((((pow2((_a3_ + -(x))) + _a5_) + pow2(_a6_)) * x) * _a2_);{'d0': {'_a2_': 3.3767608783306495, '_a3_': -0.31192970776728585, '_a5_': -2.1529929950862816, '_a6_': -1.6066689123211386, '_a0_': 1.0, '_a1_': 1.0, '_a4_': 1.0, '_a7_': 1.0}};{'d0': 0.024905832943551292};-276.475521828679;38.374512671874534
23058;-99.8632482625303;((((pow2((_a3_ + -(x))) + _a5_) + pow2(_a0_)) * x) * _a2_);{'d0': {'_a0_': 0.5291651427798961, '_a2_': 3.376760877077835, '_a3_': -0.31192970779314844, '_a5_': 0.14837608618948792, '_a1_': 1.0, '_a4_': 1.0, '_a6_': 1.0, '_a7_': 1.0}};{'d0': 0.024905832926893644};-276.475521868809;38.374512671874534
23059;-99.8632482625303;((((pow2((_a3_ + -(x))) + _a5_) + pow2(_a0_)) * x) * _a2_);{'d0': {'_a0_': 0.5291651427798961, '_a2_': 3.376760877077835, '_a3_': -0.31192970779314844, '_a5_': 0.14837608618948792, '_a1_': 1.0, '_a4_': 1.0, '_a6_': 1.0, '_a7_': 1.0}};{'d0': 0.024905832926893644};-276.475521868809;38.374512671874534
23060;-99.8632482625303;((((pow2((_a3_ + -(x))) + _a5_) + pow2(_a0_)) * x) * _a2_);{'d0': {'_a0_': 0.5291651427798961, '_a2_': 3.376760877077835, '_a3_': -0.31192970779314844, '_a5_': 0.14837608618948792, '_a1_': 1.0, '_a4_': 1.0, '_a6_': 1.0, '_a7_': 1.0}};{'d0': 0.024905832926893644};-276.475521868809;38.374512671874534
23061;-99.8632482625303;((((pow2((_a3_ + -(x))) + _a5_) + pow2(_a0_)) * x) * _a2_);{'d0': {'_a0_': 0.5291651427798961, '_a2_': 3.376760877077835, '_a3_': -0.31192970779314844, '_a5_': 0.14837608618948792, '_a1_': 1.0, '_a4_': 1.0, '_a6_': 1.0, '_a7_': 1.0}};{'d0': 0.024905832926893644};-276.475521868809;38.374512671874534
23062;-99.8632482625303;((((pow2((_a3_ + -(x))) + _a5_) + pow2(_a0_)) * x) * _a2_);{'d0': {'_a0_': 0.5291651427798961, '_a2_': 3.376760877077835, '_a3_': -0.31192970779314844, '_a5_': 0.14837608618948792, '_a1_': 1.0, '_a4_': 1.0, '_a6_': 1.0, '_a7_': 1.0}};{'d0': 0.024905832926893644};-276.475521868809;38.374512671874534
23063;-99.8632482625303;((((pow2((_a3_ + -(x))) + _a5_) + pow2(_a0_)) * x) * _a2_);{'d0': {'_a0_': 0.5291651427798961, '_a2_': 3.376760877077835, '_a3_': -0.31192970779314844, '_a5_': 0.14837608618948792, '_a1_': 1.0, '_a4_': 1.0, '_a6_': 1.0, '_a7_': 1.0}};{'d0': 0.024905832926893644};-276.475521868809;38.374512671874534
23064;-99.8632482625303;((((pow2((_a3_ + -(x))) + _a5_) + pow2(_a0_)) * x) * _a2_);{'d0': {'_a0_': 0.5291651427798961, '_a2_': 3.376760877077835, '_a3_': -0.31192970779314844, '_a5_': 0.14837608618948792, '_a1_': 1.0, '_a4_': 1.0, '_a6_': 1.0, '_a7_': 1.0}};{'d0': 0.024905832926893644};-276.475521868809;38.374512671874534
23065;-99.8632482625303;((((pow2((_a3_ + -(x))) + _a5_) + pow2(_a0_)) * x) * _a2_);{'d0': {'_a0_': 0.5291651427798961, '_a2_': 3.376760877077835, '_a3_': -0.31192970779314844, '_a5_': 0.14837608618948792, '_a1_': 1.0, '_a4_': 1.0, '_a6_': 1.0, '_a7_': 1.0}};{'d0': 0.024905832926893644};-276.475521868809;38.374512671874534
23066;-99.8632482625303;((((pow2((_a3_ + -(x))) + _a5_) + pow2(_a0_)) * x) * _a2_);{'d0': {'_a0_': 0.5291651427798961, '_a2_': 3.376760877077835, '_a3_': -0.31192970779314844, '_a5_': 0.14837608618948792, '_a1_': 1.0, '_a4_': 1.0, '_a6_': 1.0, '_a7_': 1.0}};{'d0': 0.024905832926893644};-276.475521868809;38.374512671874534
23067;-93.7859887081163;((_a2_ * ((((_a6_ + x) * -(pow3(_a5_))) * (_a2_ * x)) + _a2_)) * x);{'d0': {'_a2_': 1.332342074892025, '_a5_': -1.239052211592653, '_a6_': 0.6238594156293722, '_a0_': 1.0, '_a1_': 1.0, '_a3_': 1.0, '_a4_': 1.0, '_a7_': 1.0}};{'d0': 0.024905832919416632};-280.569866449044;46.49894451640536
23068;-93.7859887081163;((_a2_ * ((((_a6_ + x) * -(pow3(_a5_))) * (_a2_ * x)) + _a2_)) * x);{'d0': {'_a2_': 1.332342074892025, '_a5_': -1.239052211592653, '_a6_': 0.6238594156293722, '_a0_': 1.0, '_a1_': 1.0, '_a3_': 1.0, '_a4_': 1.0, '_a7_': 1.0}};{'d0': 0.024905832919416632};-280.569866449044;46.49894451640536
23069;-93.7859887081163;((_a2_ * ((((_a6_ + x) * -(pow3(_a5_))) * (_a2_ * x)) + _a2_)) * x);{'d0': {'_a2_': 1.332342074892025, '_a5_': -1.239052211592653, '_a6_': 0.6238594156293722, '_a0_': 1.0, '_a1_': 1.0, '_a3_': 1.0, '_a4_': 1.0, '_a7_': 1.0}};{'d0': 0.024905832919416632};-280.569866449044;46.49894451640536
23070;-93.7859887081163;((_a2_ * ((((_a6_ + x) * -(pow3(_a5_))) * (_a2_ * x)) + _a2_)) * x);{'d0': {'_a2_': 1.332342074892025, '_a5_': -1.239052211592653, '_a6_': 0.6238594156293722, '_a0_': 1.0, '_a1_': 1.0, '_a3_': 1.0, '_a4_': 1.0, '_a7_': 1.0}};{'d0': 0.024905832919416632};-280.569866449044;46.49894451640536
23071;-93.7859887081163;((_a2_ * ((((_a6_ + x) * -(pow3(_a5_))) * (_a2_ * x)) + _a2_)) * x);{'d0': {'_a2_': 1.332342074892025, '_a5_': -1.239052211592653, '_a6_': 0.6238594156293722, '_a0_': 1.0, '_a1_': 1.0, '_a3_': 1.0, '_a4_': 1.0, '_a7_': 1.0}};{'d0': 0.024905832919416632};-280.569866449044;46.49894451640536
23072;-93.7859887081163;((_a2_ * ((((_a6_ + x) * -(pow3(_a5_))) * (_a2_ * x)) + _a2_)) * x);{'d0': {'_a2_': 1.332342074892025, '_a5_': -1.239052211592653, '_a6_': 0.6238594156293722, '_a0_': 1.0, '_a1_': 1.0, '_a3_': 1.0, '_a4_': 1.0, '_a7_': 1.0}};{'d0': 0.024905832919416632};-280.569866449044;46.49894451640536
23073;-93.7859887081163;((_a2_ * ((((_a6_ + x) * -(pow3(_a5_))) * (_a2_ * x)) + _a2_)) * x);{'d0': {'_a2_': 1.332342074892025, '_a5_': -1.239052211592653, '_a6_': 0.6238594156293722, '_a0_': 1.0, '_a1_': 1.0, '_a3_': 1.0, '_a4_': 1.0, '_a7_': 1.0}};{'d0': 0.024905832919416632};-280.569866449044;46.49894451640536
23074;-93.7859887081163;((_a2_ * ((((_a6_ + x) * -(pow3(_a5_))) * (_a2_ * x)) + _a2_)) * x);{'d0': {'_a2_': 1.332342074892025, '_a5_': -1.239052211592653, '_a6_': 0.6238594156293722, '_a0_': 1.0, '_a1_': 1.0, '_a3_': 1.0, '_a4_': 1.0, '_a7_': 1.0}};{'d0': 0.024905832919416632};-280.569866449044;46.49894451640536
23075;-93.7859887081163;((_a2_ * ((((_a6_ + x) * -(pow3(_a5_))) * (_a2_ * x)) + _a2_)) * x);{'d0': {'_a2_': 1.332342074892025, '_a5_': -1.239052211592653, '_a6_': 0.6238594156293722, '_a0_': 1.0, '_a1_': 1.0, '_a3_': 1.0, '_a4_': 1.0, '_a7_': 1.0}};{'d0': 0.024905832919416632};-280.569866449044;46.49894451640536
23076;-93.7859887081163;((_a2_ * ((((_a6_ + x) * -(pow3(_a5_))) * (_a2_ * x)) + _a2_)) * x);{'d0': {'_a2_': 1.332342074892025, '_a5_': -1.239052211592653, '_a6_': 0.6238594156293722, '_a0_': 1.0, '_a1_': 1.0, '_a3_': 1.0, '_a4_': 1.0, '_a7_': 1.0}};{'d0': 0.024905832919416632};-280.569866449044;46.49894451640536
23077;-100.378870770526;((_a2_ * ((((_a6_ + x) * -(_a5_)) * (_a2_ * x)) + _a2_)) * x);{'d0': {'_a2_': 1.3323420747575767, '_a5_': -1.9022553827800661, '_a6_': 0.6238594154681159, '_a0_': 1.0, '_a1_': 1.0, '_a3_': 1.0, '_a4_': 1.0, '_a7_': 1.0}};{'d0': 0.02490583291941657};-280.569866449044;39.90606245399536
23078;-100.378870770526;((_a2_ * ((((_a6_ + x) * -(_a5_)) * (_a2_ * x)) + _a2_)) * x);{'d0': {'_a2_': 1.3323420747575767, '_a5_': -1.9022553827800661, '_a6_': 0.6238594154681159, '_a0_': 1.0, '_a1_': 1.0, '_a3_': 1.0, '_a4_': 1.0, '_a7_': 1.0}};{'d0': 0.02490583291941657};-280.569866449044;39.90606245399536
23079;-100.378870770526;((_a2_ * ((((_a6_ + x) * -(_a5_)) * (_a2_ * x)) + _a2_)) * x);{'d0': {'_a2_': 1.3323420747575767, '_a5_': -1.9022553827800661, '_a6_': 0.6238594154681159, '_a0_': 1.0, '_a1_': 1.0, '_a3_': 1.0, '_a4_': 1.0, '_a7_': 1.0}};{'d0': 0.02490583291941657};-280.569866449044;39.90606245399536
23080;-100.378870770526;((_a2_ * ((((_a6_ + x) * -(_a5_)) * (_a2_ * x)) + _a2_)) * x);{'d0': {'_a2_': 1.3323420747575767, '_a5_': -1.9022553827800661, '_a6_': 0.6238594154681159, '_a0_': 1.0, '_a1_': 1.0, '_a3_': 1.0, '_a4_': 1.0, '_a7_': 1.0}};{'d0': 0.02490583291941657};-280.569866449044;39.90606245399536
23081;-100.378870770526;((_a2_ * ((((_a6_ + x) * -(_a5_)) * (_a2_ * x)) + _a2_)) * x);{'d0': {'_a2_': 1.3323420747575767, '_a5_': -1.9022553827800661, '_a6_': 0.6238594154681159, '_a0_': 1.0, '_a1_': 1.0, '_a3_': 1.0, '_a4_': 1.0, '_a7_': 1.0}};{'d0': 0.02490583291941657};-280.569866449044;39.90606245399536
23082;-100.378870770526;((_a2_ * ((((_a6_ + x) * -(_a5_)) * (_a2_ * x)) + _a2_)) * x);{'d0': {'_a2_': 1.3323420747575767, '_a5_': -1.9022553827800661, '_a6_': 0.6238594154681159, '_a0_': 1.0, '_a1_': 1.0, '_a3_': 1.0, '_a4_': 1.0, '_a7_': 1.0}};{'d0': 0.02490583291941657};-280.569866449044;39.90606245399536
23083;-100.378870770526;((_a2_ * ((((_a6_ + x) * -(_a5_)) * (_a2_ * x)) + _a2_)) * x);{'d0': {'_a2_': 1.3323420747575767, '_a5_': -1.9022553827800661, '_a6_': 0.6238594154681159, '_a0_': 1.0, '_a1_': 1.0, '_a3_': 1.0, '_a4_': 1.0, '_a7_': 1.0}};{'d0': 0.02490583291941657};-280.569866449044;39.90606245399536
23084;-100.378870770526;((_a2_ * ((((_a6_ + x) * -(_a5_)) * (_a2_ * x)) + _a2_)) * x);{'d0': {'_a2_': 1.3323420747575767, '_a5_': -1.9022553827800661, '_a6_': 0.6238594154681159, '_a0_': 1.0, '_a1_': 1.0, '_a3_': 1.0, '_a4_': 1.0, '_a7_': 1.0}};{'d0': 0.02490583291941657};-280.569866449044;39.90606245399536
23085;-100.378870770526;((_a2_ * ((((_a6_ + x) * -(_a5_)) * (_a2_ * x)) + _a2_)) * x);{'d0': {'_a2_': 1.3323420747575767, '_a5_': -1.9022553827800661, '_a6_': 0.6238594154681159, '_a0_': 1.0, '_a1_': 1.0, '_a3_': 1.0, '_a4_': 1.0, '_a7_': 1.0}};{'d0': 0.02490583291941657};-280.569866449044;39.90606245399536
23086;-100.378870770526;((_a2_ * ((((_a6_ + x) * -(_a1_)) * (_a2_ * x)) + _a2_)) * x);{'d0': {'_a1_': -1.9022553822514892, '_a2_': 1.3323420748888817, '_a6_': 0.6238594155905702, '_a0_': 1.0, '_a3_': 1.0, '_a4_': 1.0, '_a5_': 1.0, '_a7_': 1.0}};{'d0': 0.024905832919416598};-280.569866449044;39.90606245399536
23087;-100.378870770526;((_a2_ * ((((_a6_ + x) * -(_a1_)) * (_a2_ * x)) + _a2_)) * x);{'d0': {'_a1_': -1.9022553822514892, '_a2_': 1.3323420748888817, '_a6_': 0.6238594155905702, '_a0_': 1.0, '_a3_': 1.0, '_a4_': 1.0, '_a5_': 1.0, '_a7_': 1.0}};{'d0': 0.024905832919416598};-280.569866449044;39.90606245399536
23088;-100.378870770526;((_a2_ * ((((_a6_ + x) * -(_a1_)) * (_a2_ * x)) + _a2_)) * x);{'d0': {'_a1_': -1.9022553822514892, '_a2_': 1.3323420748888817, '_a6_': 0.6238594155905702, '_a0_': 1.0, '_a3_': 1.0, '_a4_': 1.0, '_a5_': 1.0, '_a7_': 1.0}};{'d0': 0.024905832919416598};-280.569866449044;39.90606245399536
23089;-100.378870770526;((_a2_ * ((((_a6_ + x) * -(_a1_)) * (_a2_ * x)) + _a2_)) * x);{'d0': {'_a1_': -1.9022553822514892, '_a2_': 1.3323420748888817, '_a6_': 0.6238594155905702, '_a0_': 1.0, '_a3_': 1.0, '_a4_': 1.0, '_a5_': 1.0, '_a7_': 1.0}};{'d0': 0.024905832919416598};-280.569866449044;39.90606245399536
23090;-100.378870770526;((_a2_ * ((((_a6_ + x) * -(_a1_)) * (_a2_ * x)) + _a2_)) * x);{'d0': {'_a1_': -1.9022553822514892, '_a2_': 1.3323420748888817, '_a6_': 0.6238594155905702, '_a0_': 1.0, '_a3_': 1.0, '_a4_': 1.0, '_a5_': 1.0, '_a7_': 1.0}};{'d0': 0.024905832919416598};-280.569866449044;39.90606245399536
23091;-100.378870770526;((_a2_ * ((((_a6_ + x) * -(_a1_)) * (_a2_ * x)) + _a2_)) * x);{'d0': {'_a1_': -1.9022553822514892, '_a2_': 1.3323420748888817, '_a6_': 0.6238594155905702, '_a0_': 1.0, '_a3_': 1.0, '_a4_': 1.0, '_a5_': 1.0, '_a7_': 1.0}};{'d0': 0.024905832919416598};-280.569866449044;39.90606245399536
23092;-100.378870770526;((_a2_ * ((((_a6_ + x) * -(_a1_)) * (_a2_ * x)) + _a2_)) * x);{'d0': {'_a1_': -1.9022553822514892, '_a2_': 1.3323420748888817, '_a6_': 0.6238594155905702, '_a0_': 1.0, '_a3_': 1.0, '_a4_': 1.0, '_a5_': 1.0, '_a7_': 1.0}};{'d0': 0.024905832919416598};-280.569866449044;39.90606245399536
23093;-100.378870770526;((_a2_ * ((((_a6_ + x) * -(_a1_)) * (_a2_ * x)) + _a2_)) * x);{'d0': {'_a1_': -1.9022553822514892, '_a2_': 1.3323420748888817, '_a6_': 0.6238594155905702, '_a0_': 1.0, '_a3_': 1.0, '_a4_': 1.0, '_a5_': 1.0, '_a7_': 1.0}};{'d0': 0.024905832919416598};-280.569866449044;39.90606245399536
23094;-100.378870770526;((_a2_ * ((((_a6_ + x) * -(_a1_)) * (_a2_ * x)) + _a2_)) * x);{'d0': {'_a1_': -1.9022553822514892, '_a2_': 1.3323420748888817, '_a6_': 0.6238594155905702, '_a0_': 1.0, '_a3_': 1.0, '_a4_': 1.0, '_a5_': 1.0, '_a7_': 1.0}};{'d0': 0.024905832919416598};-280.569866449044;39.90606245399536
23095;-100.378870770526;((_a2_ * ((((_a6_ + x) * -(_a1_)) * (_a2_ * x)) + _a2_)) * x);{'d0': {'_a1_': -1.9022553822514892, '_a2_': 1.3323420748888817, '_a6_': 0.6238594155905702, '_a0_': 1.0, '_a3_': 1.0, '_a4_': 1.0, '_a5_': 1.0, '_a7_': 1.0}};{'d0': 0.024905832919416598};-280.569866449044;39.90606245399536
23096;-100.378870770526;((_a2_ * ((((_a6_ + x) * -(_a1_)) * (_a2_ * x)) + _a2_)) * x);{'d0': {'_a1_': -1.9022553822514892, '_a2_': 1.3323420748888817, '_a6_': 0.6238594155905702, '_a0_': 1.0, '_a3_': 1.0, '_a4_': 1.0, '_a5_': 1.0, '_a7_': 1.0}};{'d0': 0.024905832919416598};-280.569866449044;39.90606245399536
23097;-104.549616141360;(((x * (((_a0_ + x) * _a6_) / -(_a7_))) + _a7_) * x);{'d0': {'_a0_': 0.6238594155694345, '_a6_': -5.994207785726685, '_a7_': 1.77513540435212, '_a1_': 1.0, '_a2_': 1.0, '_a3_': 1.0, '_a4_': 1.0, '_a5_': 1.0}};{'d0': 0.024905832919416625};-280.569866449044;35.73531708316185
23098;-104.549616141360;(((x * (((_a0_ + x) * _a6_) / -(_a7_))) + _a7_) * x);{'d0': {'_a0_': 0.6238594155694345, '_a6_': -5.994207785726685, '_a7_': 1.77513540435212, '_a1_': 1.0, '_a2_': 1.0, '_a3_': 1.0, '_a4_': 1.0, '_a5_': 1.0}};{'d0': 0.024905832919416625};-280.569866449044;35.73531708316185
23099;-104.549616141360;(((x * (((_a0_ + x) * _a6_) / -(_a7_))) + _a7_) * x);{'d0': {'_a0_': 0.6238594155694345, '_a6_': -5.994207785726685, '_a7_': 1.77513540435212, '_a1_': 1.0, '_a2_': 1.0, '_a3_': 1.0, '_a4_': 1.0, '_a5_': 1.0}};{'d0': 0.024905832919416625};-280.569866449044;35.73531708316185
23100;-104.549616141360;(((x * (((_a0_ + x) * _a6_) / -(_a7_))) + _a7_) * x);{'d0': {'_a0_': 0.6238594155694345, '_a6_': -5.994207785726685, '_a7_': 1.77513540435212, '_a1_': 1.0, '_a2_': 1.0, '_a3_': 1.0, '_a4_': 1.0, '_a5_': 1.0}};{'d0': 0.024905832919416625};-280.569866449044;35.73531708316185
23101;-104.549616141360;(((x * (((_a0_ + x) * _a6_) / -(_a7_))) + _a7_) * x);{'d0': {'_a0_': 0.6238594155694345, '_a6_': -5.994207785726685, '_a7_': 1.77513540435212, '_a1_': 1.0, '_a2_': 1.0, '_a3_': 1.0, '_a4_': 1.0, '_a5_': 1.0}};{'d0': 0.024905832919416625};-280.569866449044;35.73531708316185
23102;-104.549616141360;(((x * (((_a0_ + x) * _a6_) / -(_a7_))) + _a7_) * x);{'d0': {'_a0_': 0.6238594155694345, '_a6_': -5.994207785726685, '_a7_': 1.77513540435212, '_a1_': 1.0, '_a2_': 1.0, '_a3_': 1.0, '_a4_': 1.0, '_a5_': 1.0}};{'d0': 0.024905832919416625};-280.569866449044;35.73531708316185
23103;-104.549616141360;(((x * (((_a0_ + x) * _a6_) / -(_a7_))) + _a7_) * x);{'d0': {'_a0_': 0.6238594155694345, '_a6_': -5.994207785726685, '_a7_': 1.77513540435212, '_a1_': 1.0, '_a2_': 1.0, '_a3_': 1.0, '_a4_': 1.0, '_a5_': 1.0}};{'d0': 0.024905832919416625};-280.569866449044;35.73531708316185
23104;-104.549616141360;(((x * (((_a0_ + x) * _a6_) / -(_a7_))) + _a7_) * x);{'d0': {'_a0_': 0.6238594155694345, '_a6_': -5.994207785726685, '_a7_': 1.77513540435212, '_a1_': 1.0, '_a2_': 1.0, '_a3_': 1.0, '_a4_': 1.0, '_a5_': 1.0}};{'d0': 0.024905832919416625};-280.569866449044;35.73531708316185
23105;-104.549616141360;(((x * (((_a0_ + x) * _a6_) / -(_a7_))) + _a7_) * x);{'d0': {'_a0_': 0.6238594155694345, '_a6_': -5.994207785726685, '_a7_': 1.77513540435212, '_a1_': 1.0, '_a2_': 1.0, '_a3_': 1.0, '_a4_': 1.0, '_a5_': 1.0}};{'d0': 0.024905832919416625};-280.569866449044;35.73531708316185
23106;-104.549616141360;(((x * (((_a0_ + x) * _a6_) / -(_a7_))) + _a7_) * x);{'d0': {'_a0_': 0.6238594155694345, '_a6_': -5.994207785726685, '_a7_': 1.77513540435212, '_a1_': 1.0, '_a2_': 1.0, '_a3_': 1.0, '_a4_': 1.0, '_a5_': 1.0}};{'d0': 0.024905832919416625};-280.569866449044;35.73531708316185
23107;-104.549616141360;(((x * (((_a0_ + x) * _a6_) / -(_a7_))) + _a7_) * x);{'d0': {'_a0_': 0.6238594155694345, '_a6_': -5.994207785726685, '_a7_': 1.77513540435212, '_a1_': 1.0, '_a2_': 1.0, '_a3_': 1.0, '_a4_': 1.0, '_a5_': 1.0}};{'d0': 0.024905832919416625};-280.569866449044;35.73531708316185
23108;-104.549616141360;(((x * (((_a0_ + x) * _a6_) / -(_a7_))) + _a7_) * x);{'d0': {'_a0_': 0.6238594155694345, '_a6_': -5.994207785726685, '_a7_': 1.77513540435212, '_a1_': 1.0, '_a2_': 1.0, '_a3_': 1.0, '_a4_': 1.0, '_a5_': 1.0}};{'d0': 0.024905832919416625};-280.569866449044;35.73531708316185
23109;-104.549616141360;(((x * (((_a0_ + x) * _a6_) / -(_a7_))) + _a7_) * x);{'d0': {'_a0_': 0.6238594155694345, '_a6_': -5.994207785726685, '_a7_': 1.77513540435212, '_a1_': 1.0, '_a2_': 1.0, '_a3_': 1.0, '_a4_': 1.0, '_a5_': 1.0}};{'d0': 0.024905832919416625};-280.569866449044;35.73531708316185
23110;-104.549616141360;(((x * (((_a0_ + x) * _a6_) / -(_a7_))) + _a7_) * x);{'d0': {'_a0_': 0.6238594155694345, '_a6_': -5.994207785726685, '_a7_': 1.77513540435212, '_a1_': 1.0, '_a2_': 1.0, '_a3_': 1.0, '_a4_': 1.0, '_a5_': 1.0}};{'d0': 0.024905832919416625};-280.569866449044;35.73531708316185
23111;-104.549616141360;(((x * (((_a0_ + x) * _a6_) / -(_a7_))) + _a7_) * x);{'d0': {'_a0_': 0.6238594155694345, '_a6_': -5.994207785726685, '_a7_': 1.77513540435212, '_a1_': 1.0, '_a2_': 1.0, '_a3_': 1.0, '_a4_': 1.0, '_a5_': 1.0}};{'d0': 0.024905832919416625};-280.569866449044;35.73531708316185
23112;-100.360883458177;((_a2_ * ((((_a6_ + x) * pow2(_a1_)) * (_a2_ * x)) + _a2_)) * x);{'d0': {'_a1_': -1.379222746250064, '_a2_': 1.3323420746834966, '_a6_': 0.6238594155025574, '_a0_': 1.0, '_a3_': 1.0, '_a4_': 1.0, '_a5_': 1.0, '_a7_': 1.0}};{'d0': 0.02490583291941662};-280.569866449044;39.92404976634497
23113;-100.360883458177;((_a2_ * ((((_a6_ + x) * pow2(_a1_)) * (_a2_ * x)) + _a2_)) * x);{'d0': {'_a1_': -1.379222746250064, '_a2_': 1.3323420746834966, '_a6_': 0.6238594155025574, '_a0_': 1.0, '_a3_': 1.0, '_a4_': 1.0, '_a5_': 1.0, '_a7_': 1.0}};{'d0': 0.02490583291941662};-280.569866449044;39.92404976634497
23114;-100.360883458177;((_a2_ * ((((_a6_ + x) * pow2(_a1_)) * (_a2_ * x)) + _a2_)) * x);{'d0': {'_a1_': -1.379222746250064, '_a2_': 1.3323420746834966, '_a6_': 0.6238594155025574, '_a0_': 1.0, '_a3_': 1.0, '_a4_': 1.0, '_a5_': 1.0, '_a7_': 1.0}};{'d0': 0.02490583291941662};-280.569866449044;39.92404976634497
23115;-100.360883458177;((_a2_ * ((((_a6_ + x) * pow2(_a1_)) * (_a2_ * x)) + _a2_)) * x);{'d0': {'_a1_': -1.379222746250064, '_a2_': 1.3323420746834966, '_a6_': 0.6238594155025574, '_a0_': 1.0, '_a3_': 1.0, '_a4_': 1.0, '_a5_': 1.0, '_a7_': 1.0}};{'d0': 0.02490583291941662};-280.569866449044;39.92404976634497
23116;-100.360883458177;((_a2_ * ((((_a6_ + x) * pow2(_a1_)) * (_a2_ * x)) + _a2_)) * x);{'d0': {'_a1_': -1.379222746250064, '_a2_': 1.3323420746834966, '_a6_': 0.6238594155025574, '_a0_': 1.0, '_a3_': 1.0, '_a4_': 1.0, '_a5_': 1.0, '_a7_': 1.0}};{'d0': 0.02490583291941662};-280.569866449044;39.92404976634497
23117;-100.360883458177;((_a2_ * ((((_a6_ + x) * pow2(_a1_)) * (_a2_ * x)) + _a2_)) * x);{'d0': {'_a1_': -1.379222746250064, '_a2_': 1.3323420746834966, '_a6_': 0.6238594155025574, '_a0_': 1.0, '_a3_': 1.0, '_a4_': 1.0, '_a5_': 1.0, '_a7_': 1.0}};{'d0': 0.02490583291941662};-280.569866449044;39.92404976634497
23118;-100.360883458177;((_a2_ * ((((_a6_ + x) * pow2(_a1_)) * (_a2_ * x)) + _a2_)) * x);{'d0': {'_a1_': -1.379222746250064, '_a2_': 1.3323420746834966, '_a6_': 0.6238594155025574, '_a0_': 1.0, '_a3_': 1.0, '_a4_': 1.0, '_a5_': 1.0, '_a7_': 1.0}};{'d0': 0.02490583291941662};-280.569866449044;39.92404976634497
23119;-100.360883458177;((_a2_ * ((((_a6_ + x) * pow2(_a1_)) * (_a2_ * x)) + _a2_)) * x);{'d0': {'_a1_': -1.379222746250064, '_a2_': 1.3323420746834966, '_a6_': 0.6238594155025574, '_a0_': 1.0, '_a3_': 1.0, '_a4_': 1.0, '_a5_': 1.0, '_a7_': 1.0}};{'d0': 0.02490583291941662};-280.569866449044;39.92404976634497
23120;-100.360883458177;((_a2_ * ((((_a6_ + x) * pow2(_a1_)) * (_a2_ * x)) + _a2_)) * x);{'d0': {'_a1_': -1.379222746250064, '_a2_': 1.3323420746834966, '_a6_': 0.6238594155025574, '_a0_': 1.0, '_a3_': 1.0, '_a4_': 1.0, '_a5_': 1.0, '_a7_': 1.0}};{'d0': 0.02490583291941662};-280.569866449044;39.92404976634497
23121;-100.360883458177;((_a2_ * ((((_a6_ + x) * pow2(_a1_)) * (_a2_ * x)) + _a2_)) * x);{'d0': {'_a1_': -1.379222746250064, '_a2_': 1.3323420746834966, '_a6_': 0.6238594155025574, '_a0_': 1.0, '_a3_': 1.0, '_a4_': 1.0, '_a5_': 1.0, '_a7_': 1.0}};{'d0': 0.02490583291941662};-280.569866449044;39.92404976634497
23122;-100.360883458177;((_a2_ * ((((_a6_ + x) * pow2(_a1_)) * (_a2_ * x)) + _a2_)) * x);{'d0': {'_a1_': -1.379222746250064, '_a2_': 1.3323420746834966, '_a6_': 0.6238594155025574, '_a0_': 1.0, '_a3_': 1.0, '_a4_': 1.0, '_a5_': 1.0, '_a7_': 1.0}};{'d0': 0.02490583291941662};-280.569866449044;39.92404976634497
23123;-100.360883458177;((_a2_ * ((((_a6_ + x) * pow2(_a1_)) * (_a2_ * x)) + _a2_)) * x);{'d0': {'_a1_': -1.379222746250064, '_a2_': 1.3323420746834966, '_a6_': 0.6238594155025574, '_a0_': 1.0, '_a3_': 1.0, '_a4_': 1.0, '_a5_': 1.0, '_a7_': 1.0}};{'d0': 0.02490583291941662};-280.569866449044;39.92404976634497
23124;-100.360883458177;((_a2_ * ((((_a6_ + x) * pow2(_a1_)) * (_a2_ * x)) + _a2_)) * x);{'d0': {'_a1_': -1.379222746250064, '_a2_': 1.3323420746834966, '_a6_': 0.6238594155025574, '_a0_': 1.0, '_a3_': 1.0, '_a4_': 1.0, '_a5_': 1.0, '_a7_': 1.0}};{'d0': 0.02490583291941662};-280.569866449044;39.92404976634497
23125;-100.360883458177;((_a2_ * ((((_a6_ + x) * pow2(_a1_)) * (_a2_ * x)) + _a2_)) * x);{'d0': {'_a1_': -1.379222746250064, '_a2_': 1.3323420746834966, '_a6_': 0.6238594155025574, '_a0_': 1.0, '_a3_': 1.0, '_a4_': 1.0, '_a5_': 1.0, '_a7_': 1.0}};{'d0': 0.02490583291941662};-280.569866449044;39.92404976634497
23126;-100.360883458177;((_a2_ * ((((_a6_ + x) * pow2(_a1_)) * (_a2_ * x)) + _a2_)) * x);{'d0': {'_a1_': -1.379222746250064, '_a2_': 1.3323420746834966, '_a6_': 0.6238594155025574, '_a0_': 1.0, '_a3_': 1.0, '_a4_': 1.0, '_a5_': 1.0, '_a7_': 1.0}};{'d0': 0.02490583291941662};-280.569866449044;39.92404976634497
23127;-100.360883458177;((_a2_ * ((((_a6_ + x) * pow2(_a1_)) * (_a2_ * x)) + _a2_)) * x);{'d0': {'_a1_': -1.379222746250064, '_a2_': 1.3323420746834966, '_a6_': 0.6238594155025574, '_a0_': 1.0, '_a3_': 1.0, '_a4_': 1.0, '_a5_': 1.0, '_a7_': 1.0}};{'d0': 0.02490583291941662};-280.569866449044;39.92404976634497
23128;-100.360883458177;((_a2_ * ((((_a6_ + x) * pow2(_a1_)) * (_a2_ * x)) + _a2_)) * x);{'d0': {'_a1_': -1.379222746250064, '_a2_': 1.3323420746834966, '_a6_': 0.6238594155025574, '_a0_': 1.0, '_a3_': 1.0, '_a4_': 1.0, '_a5_': 1.0, '_a7_': 1.0}};{'d0': 0.02490583291941662};-280.569866449044;39.92404976634497
23129;-100.360883458177;((_a2_ * ((((_a6_ + x) * pow2(_a1_)) * (_a2_ * x)) + _a2_)) * x);{'d0': {'_a1_': -1.379222746250064, '_a2_': 1.3323420746834966, '_a6_': 0.6238594155025574, '_a0_': 1.0, '_a3_': 1.0, '_a4_': 1.0, '_a5_': 1.0, '_a7_': 1.0}};{'d0': 0.02490583291941662};-280.569866449044;39.92404976634497
23130;-100.360883458177;((_a2_ * ((((_a6_ + x) * pow2(_a1_)) * (_a2_ * x)) + _a2_)) * x);{'d0': {'_a1_': -1.379222746250064, '_a2_': 1.3323420746834966, '_a6_': 0.6238594155025574, '_a0_': 1.0, '_a3_': 1.0, '_a4_': 1.0, '_a5_': 1.0, '_a7_': 1.0}};{'d0': 0.02490583291941662};-280.569866449044;39.92404976634497
23131;-100.360883458177;((_a2_ * ((((_a6_ + x) * pow2(_a1_)) * (_a2_ * x)) + _a2_)) * x);{'d0': {'_a1_': -1.379222746250064, '_a2_': 1.3323420746834966, '_a6_': 0.6238594155025574, '_a0_': 1.0, '_a3_': 1.0, '_a4_': 1.0, '_a5_': 1.0, '_a7_': 1.0}};{'d0': 0.02490583291941662};-280.569866449044;39.92404976634497
23132;-100.360883458177;((_a2_ * ((((_a6_ + x) * pow2(_a1_)) * (_a2_ * x)) + _a2_)) * x);{'d0': {'_a1_': -1.379222746250064, '_a2_': 1.3323420746834966, '_a6_': 0.6238594155025574, '_a0_': 1.0, '_a3_': 1.0, '_a4_': 1.0, '_a5_': 1.0, '_a7_': 1.0}};{'d0': 0.02490583291941662};-280.569866449044;39.92404976634497
23133;-100.360883458177;((_a2_ * ((((_a6_ + x) * pow2(_a1_)) * (_a2_ * x)) + _a2_)) * x);{'d0': {'_a1_': -1.379222746250064, '_a2_': 1.3323420746834966, '_a6_': 0.6238594155025574, '_a0_': 1.0, '_a3_': 1.0, '_a4_': 1.0, '_a5_': 1.0, '_a7_': 1.0}};{'d0': 0.02490583291941662};-280.569866449044;39.92404976634497
23134;-100.360883458177;((_a2_ * ((((_a6_ + x) * pow2(_a1_)) * (_a2_ * x)) + _a2_)) * x);{'d0': {'_a1_': -1.379222746250064, '_a2_': 1.3323420746834966, '_a6_': 0.6238594155025574, '_a0_': 1.0, '_a3_': 1.0, '_a4_': 1.0, '_a5_': 1.0, '_a7_': 1.0}};{'d0': 0.02490583291941662};-280.569866449044;39.92404976634497
23135;-100.360883458177;((_a2_ * ((((_a6_ + x) * pow2(_a1_)) * (_a2_ * x)) + _a2_)) * x);{'d0': {'_a1_': -1.379222746250064, '_a2_': 1.3323420746834966, '_a6_': 0.6238594155025574, '_a0_': 1.0, '_a3_': 1.0, '_a4_': 1.0, '_a5_': 1.0, '_a7_': 1.0}};{'d0': 0.02490583291941662};-280.569866449044;39.92404976634497
23136;-100.360883458177;((_a2_ * ((((_a6_ + x) * pow2(_a1_)) * (_a2_ * x)) + _a2_)) * x);{'d0': {'_a1_': -1.379222746250064, '_a2_': 1.3323420746834966, '_a6_': 0.6238594155025574, '_a0_': 1.0, '_a3_': 1.0, '_a4_': 1.0, '_a5_': 1.0, '_a7_': 1.0}};{'d0': 0.02490583291941662};-280.569866449044;39.92404976634497
23137;-91.5453348193467;(x * (_a2_ + (((x + ((pow3(_a6_) + x) * (_a2_ * _a7_))) * x) * _a2_)));{'d0': {'_a2_': 1.7751354036606013, '_a6_': 1.0956588671001575, '_a7_': 0.5082741199398071, '_a0_': 1.0, '_a1_': 1.0, '_a3_': 1.0, '_a4_': 1.0, '_a5_': 1.0}};{'d0': 0.02490583291941664};-280.569866449044;48.739598405174966
23138;-91.5453348193467;(x * (_a2_ + (((x + ((pow3(_a6_) + x) * (_a2_ * _a7_))) * x) * _a2_)));{'d0': {'_a2_': 1.7751354036606013, '_a6_': 1.0956588671001575, '_a7_': 0.5082741199398071, '_a0_': 1.0, '_a1_': 1.0, '_a3_': 1.0, '_a4_': 1.0, '_a5_': 1.0}};{'d0': 0.02490583291941664};-280.569866449044;48.739598405174966
23139;-91.5453348193467;(x * (_a2_ + (((x + ((pow3(_a6_) + x) * (_a2_ * _a7_))) * x) * _a2_)));{'d0': {'_a2_': 1.7751354036606013, '_a6_': 1.0956588671001575, '_a7_': 0.5082741199398071, '_a0_': 1.0, '_a1_': 1.0, '_a3_': 1.0, '_a4_': 1.0, '_a5_': 1.0}};{'d0': 0.02490583291941664};-280.569866449044;48.739598405174966
23140;-91.5453348193467;(x * (_a2_ + (((x + ((pow3(_a6_) + x) * (_a2_ * _a7_))) * x) * _a2_)));{'d0': {'_a2_': 1.7751354036606013, '_a6_': 1.0956588671001575, '_a7_': 0.5082741199398071, '_a0_': 1.0, '_a1_': 1.0, '_a3_': 1.0, '_a4_': 1.0, '_a5_': 1.0}};{'d0': 0.02490583291941664};-280.569866449044;48.739598405174966
23141;-100.360883458177;((_a2_ * ((((_a6_ + x) * pow2(_a1_)) * (_a2_ * x)) + _a2_)) * x);{'d0': {'_a1_': -1.379222746250064, '_a2_': 1.3323420746834966, '_a6_': 0.6238594155025574, '_a0_': 1.0, '_a3_': 1.0, '_a4_': 1.0, '_a5_': 1.0, '_a7_': 1.0}};{'d0': 0.02490583291941662};-280.569866449044;39.92404976634497
23142;-100.360883458177;((_a2_ * ((((_a6_ + x) * pow2(_a1_)) * (_a2_ * x)) + _a2_)) * x);{'d0': {'_a1_': -1.379222746250064, '_a2_': 1.3323420746834966, '_a6_': 0.6238594155025574, '_a0_': 1.0, '_a3_': 1.0, '_a4_': 1.0, '_a5_': 1.0, '_a7_': 1.0}};{'d0': 0.02490583291941662};-280.569866449044;39.92404976634497
23143;-100.360883458177;((_a2_ * ((((_a6_ + x) * pow2(_a1_)) * (_a2_ * x)) + _a2_)) * x);{'d0': {'_a1_': -1.379222746250064, '_a2_': 1.3323420746834966, '_a6_': 0.6238594155025574, '_a0_': 1.0, '_a3_': 1.0, '_a4_': 1.0, '_a5_': 1.0, '_a7_': 1.0}};{'d0': 0.02490583291941662};-280.569866449044;39.92404976634497
23144;-100.360883458177;((_a2_ * ((((_a6_ + x) * pow2(_a1_)) * (_a2_ * x)) + _a2_)) * x);{'d0': {'_a1_': -1.379222746250064, '_a2_': 1.3323420746834966, '_a6_': 0.6238594155025574, '_a0_': 1.0, '_a3_': 1.0, '_a4_': 1.0, '_a5_': 1.0, '_a7_': 1.0}};{'d0': 0.02490583291941662};-280.569866449044;39.92404976634497
23145;-100.360883458177;((_a2_ * ((((_a6_ + x) * pow2(_a1_)) * (_a2_ * x)) + _a2_)) * x);{'d0': {'_a1_': -1.379222746250064, '_a2_': 1.3323420746834966, '_a6_': 0.6238594155025574, '_a0_': 1.0, '_a3_': 1.0, '_a4_': 1.0, '_a5_': 1.0, '_a7_': 1.0}};{'d0': 0.02490583291941662};-280.569866449044;39.92404976634497
23146;-100.360883458177;((_a2_ * ((((_a6_ + x) * pow2(_a1_)) * (_a2_ * x)) + _a2_)) * x);{'d0': {'_a1_': -1.379222746250064, '_a2_': 1.3323420746834966, '_a6_': 0.6238594155025574, '_a0_': 1.0, '_a3_': 1.0, '_a4_': 1.0, '_a5_': 1.0, '_a7_': 1.0}};{'d0': 0.02490583291941662};-280.569866449044;39.92404976634497
23147;-100.360883458177;((_a2_ * ((((_a6_ + x) * pow2(_a1_)) * (_a2_ * x)) + _a2_)) * x);{'d0': {'_a1_': -1.379222746250064, '_a2_': 1.3323420746834966, '_a6_': 0.6238594155025574, '_a0_': 1.0, '_a3_': 1.0, '_a4_': 1.0, '_a5_': 1.0, '_a7_': 1.0}};{'d0': 0.02490583291941662};-280.569866449044;39.92404976634497
23148;-92.3379251153543;(x * (_a2_ + (((x + (((_a7_ / _a5_) + x) * (_a2_ * _a7_))) * x) * _a2_)));{'d0': {'_a2_': 1.7751354039633713, '_a5_': 0.38643096779160346, '_a7_': 0.5082741191032156, '_a0_': 1.0, '_a1_': 1.0, '_a3_': 1.0, '_a4_': 1.0, '_a6_': 1.0}};{'d0': 0.02490583291941661};-280.569866449044;47.94700810916736
23149;-92.3379251153543;(x * (_a2_ + (((x + (((_a7_ / _a5_) + x) * (_a2_ * _a7_))) * x) * _a2_)));{'d0': {'_a2_': 1.7751354039633713, '_a5_': 0.38643096779160346, '_a7_': 0.5082741191032156, '_a0_': 1.0, '_a1_': 1.0, '_a3_': 1.0, '_a4_': 1.0, '_a6_': 1.0}};{'d0': 0.02490583291941661};-280.569866449044;47.94700810916736
23150;-92.3379251153543;(x * (_a2_ + (((x + (((_a7_ / _a5_) + x) * (_a2_ * _a7_))) * x) * _a2_)));{'d0': {'_a2_': 1.7751354039633713, '_a5_': 0.38643096779160346, '_a7_': 0.5082741191032156, '_a0_': 1.0, '_a1_': 1.0, '_a3_': 1.0, '_a4_': 1.0, '_a6_': 1.0}};{'d0': 0.02490583291941661};-280.569866449044;47.94700810916736
23151;-98.1382168817567;(x * (_a2_ + (((x + ((_a6_ + x) * (_a2_ * _a7_))) * x) * _a2_)));{'d0': {'_a2_': 1.7751354051300396, '_a6_': 1.3153037995072954, '_a7_': 0.5082741170799773, '_a0_': 1.0, '_a1_': 1.0, '_a3_': 1.0, '_a4_': 1.0, '_a5_': 1.0}};{'d0': 0.024905832919416646};-280.569866449044;42.14671634276496
23152;-98.1382168817567;(x * (_a2_ + (((x + ((_a6_ + x) * (_a2_ * _a7_))) * x) * _a2_)));{'d0': {'_a2_': 1.7751354051300396, '_a6_': 1.3153037995072954, '_a7_': 0.5082741170799773, '_a0_': 1.0, '_a1_': 1.0, '_a3_': 1.0, '_a4_': 1.0, '_a5_': 1.0}};{'d0': 0.024905832919416646};-280.569866449044;42.14671634276496
23153;-98.1382168817567;(x * (_a2_ + (((x + ((_a6_ + x) * (_a2_ * _a7_))) * x) * _a2_)));{'d0': {'_a2_': 1.7751354051300396, '_a6_': 1.3153037995072954, '_a7_': 0.5082741170799773, '_a0_': 1.0, '_a1_': 1.0, '_a3_': 1.0, '_a4_': 1.0, '_a5_': 1.0}};{'d0': 0.024905832919416646};-280.569866449044;42.14671634276496
23154;-98.1382168817567;(x * (_a2_ + (((x + ((_a6_ + x) * (_a2_ * _a7_))) * x) * _a2_)));{'d0': {'_a2_': 1.7751354051300396, '_a6_': 1.3153037995072954, '_a7_': 0.5082741170799773, '_a0_': 1.0, '_a1_': 1.0, '_a3_': 1.0, '_a4_': 1.0, '_a5_': 1.0}};{'d0': 0.024905832919416646};-280.569866449044;42.14671634276496
23155;-98.1382168817567;(x * (_a2_ + (((x + ((_a6_ + x) * (_a2_ * _a7_))) * x) * _a2_)));{'d0': {'_a2_': 1.7751354051300396, '_a6_': 1.3153037995072954, '_a7_': 0.5082741170799773, '_a0_': 1.0, '_a1_': 1.0, '_a3_': 1.0, '_a4_': 1.0, '_a5_': 1.0}};{'d0': 0.024905832919416646};-280.569866449044;42.14671634276496
23156;-98.1382168817567;(x * (_a2_ + (((x + ((_a6_ + x) * (_a2_ * _a7_))) * x) * _a2_)));{'d0': {'_a2_': 1.7751354051300396, '_a6_': 1.3153037995072954, '_a7_': 0.5082741170799773, '_a0_': 1.0, '_a1_': 1.0, '_a3_': 1.0, '_a4_': 1.0, '_a5_': 1.0}};{'d0': 0.024905832919416646};-280.569866449044;42.14671634276496
23157;-96.0910446000844;(x * (_a5_ + (((x + ((_a6_ + x) * (_a2_ * _a7_))) * x) * _a2_)));{'d0': {'_a2_': 1.3006433717259502, '_a5_': 1.7751354041557246, '_a6_': 1.0146940170129644, '_a7_': 1.2272564954281948, '_a0_': 1.0, '_a1_': 1.0, '_a3_': 1.0, '_a4_': 1.0}};{'d0': 0.02490583291988258};-276.475521885699;42.14671634276496
23158;-96.0910446000844;(x * (_a5_ + (((x + ((_a6_ + x) * (_a2_ * _a7_))) * x) * _a2_)));{'d0': {'_a2_': 1.3006433717259502, '_a5_': 1.7751354041557246, '_a6_': 1.0146940170129644, '_a7_': 1.2272564954281948, '_a0_': 1.0, '_a1_': 1.0, '_a3_': 1.0, '_a4_': 1.0}};{'d0': 0.02490583291988258};-276.475521885699;42.14671634276496
23159;-96.0910446000844;(x * (_a5_ + (((x + ((_a6_ + x) * (_a2_ * _a7_))) * x) * _a2_)));{'d0': {'_a2_': 1.3006433717259502, '_a5_': 1.7751354041557246, '_a6_': 1.0146940170129644, '_a7_': 1.2272564954281948, '_a0_': 1.0, '_a1_': 1.0, '_a3_': 1.0, '_a4_': 1.0}};{'d0': 0.02490583291988258};-276.475521885699;42.14671634276496
23160;-96.0910446000844;(x * (_a5_ + (((x + ((_a6_ + x) * (_a2_ * _a7_))) * x) * _a2_)));{'d0': {'_a2_': 1.3006433717259502, '_a5_': 1.7751354041557246, '_a6_': 1.0146940170129644, '_a7_': 1.2272564954281948, '_a0_': 1.0, '_a1_': 1.0, '_a3_': 1.0, '_a4_': 1.0}};{'d0': 0.02490583291988258};-276.475521885699;42.14671634276496
23161;-96.0910446000844;(x * (_a5_ + (((x + ((_a6_ + x) * (_a2_ * _a7_))) * x) * _a2_)));{'d0': {'_a2_': 1.3006433717259502, '_a5_': 1.7751354041557246, '_a6_': 1.0146940170129644, '_a7_': 1.2272564954281948, '_a0_': 1.0, '_a1_': 1.0, '_a3_': 1.0, '_a4_': 1.0}};{'d0': 0.02490583291988258};-276.475521885699;42.14671634276496
23162;-96.0910446000844;(x * (_a5_ + (((x + ((_a6_ + x) * (_a2_ * _a7_))) * x) * _a2_)));{'d0': {'_a2_': 1.3006433717259502, '_a5_': 1.7751354041557246, '_a6_': 1.0146940170129644, '_a7_': 1.2272564954281948, '_a0_': 1.0, '_a1_': 1.0, '_a3_': 1.0, '_a4_': 1.0}};{'d0': 0.02490583291988258};-276.475521885699;42.14671634276496
23163;-96.0910446000844;(x * (_a5_ + (((x + ((_a6_ + x) * (_a2_ * _a7_))) * x) * _a2_)));{'d0': {'_a2_': 1.3006433717259502, '_a5_': 1.7751354041557246, '_a6_': 1.0146940170129644, '_a7_': 1.2272564954281948, '_a0_': 1.0, '_a1_': 1.0, '_a3_': 1.0, '_a4_': 1.0}};{'d0': 0.02490583291988258};-276.475521885699;42.14671634276496
23164;-96.0910446000844;(x * (_a5_ + (((x + ((_a6_ + x) * (_a2_ * _a7_))) * x) * _a2_)));{'d0': {'_a2_': 1.3006433717259502, '_a5_': 1.7751354041557246, '_a6_': 1.0146940170129644, '_a7_': 1.2272564954281948, '_a0_': 1.0, '_a1_': 1.0, '_a3_': 1.0, '_a4_': 1.0}};{'d0': 0.02490583291988258};-276.475521885699;42.14671634276496
23165;-98.1382168817567;(x * (_a5_ + (((x + ((_a5_ + x) * (_a2_ * _a7_))) * x) * _a2_)));{'d0': {'_a2_': 2.190020947078929, '_a5_': 1.7751354042402463, '_a7_': 0.247433796233631, '_a0_': 1.0, '_a1_': 1.0, '_a3_': 1.0, '_a4_': 1.0, '_a6_': 1.0}};{'d0': 0.02490583291941663};-280.569866449044;42.14671634276496
23166;-98.1382168817567;(x * (_a5_ + (((x + ((_a5_ + x) * (_a2_ * _a7_))) * x) * _a2_)));{'d0': {'_a2_': 2.190020947078929, '_a5_': 1.7751354042402463, '_a7_': 0.247433796233631, '_a0_': 1.0, '_a1_': 1.0, '_a3_': 1.0, '_a4_': 1.0, '_a6_': 1.0}};{'d0': 0.02490583291941663};-280.569866449044;42.14671634276496
23167;-98.1382168817567;(x * (_a5_ + (((x + ((_a5_ + x) * (_a2_ * _a7_))) * x) * _a2_)));{'d0': {'_a2_': 2.190020947078929, '_a5_': 1.7751354042402463, '_a7_': 0.247433796233631, '_a0_': 1.0, '_a1_': 1.0, '_a3_': 1.0, '_a4_': 1.0, '_a6_': 1.0}};{'d0': 0.02490583291941663};-280.569866449044;42.14671634276496
23168;-98.1382168817567;(x * (_a5_ + (((x + ((_a5_ + x) * (_a2_ * _a7_))) * x) * _a2_)));{'d0': {'_a2_': 2.190020947078929, '_a5_': 1.7751354042402463, '_a7_': 0.247433796233631, '_a0_': 1.0, '_a1_': 1.0, '_a3_': 1.0, '_a4_': 1.0, '_a6_': 1.0}};{'d0': 0.02490583291941663};-280.569866449044;42.14671634276496
23169;-98.1382168817567;(x * (_a5_ + (((x + ((_a5_ + x) * (_a5_ * _a7_))) * x) * _a2_)));{'d0': {'_a2_': 2.1900209475945758, '_a5_': 1.7751354041888112, '_a7_': 0.3052641480465032, '_a0_': 1.0, '_a1_': 1.0, '_a3_': 1.0, '_a4_': 1.0, '_a6_': 1.0}};{'d0': 0.024905832919416636};-280.569866449044;42.14671634276496
23170;-98.1382168817567;(x * (_a5_ + (((x + ((_a5_ + _a2_) * (_a5_ * _a7_))) * x) * _a2_)));{'d0': {'_a2_': 3.376760878762407, '_a5_': 1.7751354043024492, '_a7_': 0.06821629637749416, '_a0_': 1.0, '_a1_': 1.0, '_a3_': 1.0, '_a4_': 1.0, '_a6_': 1.0}};{'d0': 0.024905832919416598};-280.569866449044;42.14671634276496
23171;-98.1382168817567;(x * (_a5_ + (((x + ((_a5_ + _a2_) * (_a5_ * _a7_))) * x) * _a2_)));{'d0': {'_a2_': 3.376760878762407, '_a5_': 1.7751354043024492, '_a7_': 0.06821629637749416, '_a0_': 1.0, '_a1_': 1.0, '_a3_': 1.0, '_a4_': 1.0, '_a6_': 1.0}};{'d0': 0.024905832919416598};-280.569866449044;42.14671634276496
23172;-98.1382168817567;(x * (_a5_ + (((x + ((_a5_ + _a2_) * (_a5_ * _a7_))) * x) * _a2_)));{'d0': {'_a2_': 3.376760878762407, '_a5_': 1.7751354043024492, '_a7_': 0.06821629637749416, '_a0_': 1.0, '_a1_': 1.0, '_a3_': 1.0, '_a4_': 1.0, '_a6_': 1.0}};{'d0': 0.024905832919416598};-280.569866449044;42.14671634276496
23173;-104.058817930787;(x * (_a5_ + (((x + (_a2_ * (_a5_ * _a7_))) * x) * _a2_)));{'d0': {'_a2_': 3.3767608781227705, '_a5_': 1.7751354042936038, '_a7_': 0.10407704200069991, '_a0_': 1.0, '_a1_': 1.0, '_a3_': 1.0, '_a4_': 1.0, '_a6_': 1.0}};{'d0': 0.02490583291941667};-280.569866449043;36.22611529373496
23174;-104.058817930787;(x * (_a5_ + (((x + (_a2_ * (_a5_ * _a7_))) * x) * _a2_)));{'d0': {'_a2_': 3.3767608781227705, '_a5_': 1.7751354042936038, '_a7_': 0.10407704200069991, '_a0_': 1.0, '_a1_': 1.0, '_a3_': 1.0, '_a4_': 1.0, '_a6_': 1.0}};{'d0': 0.02490583291941667};-280.569866449043;36.22611529373496
23175;-104.058817930787;(x * (_a5_ + (((x + (_a2_ * (_a5_ * _a7_))) * x) * _a2_)));{'d0': {'_a2_': 3.3767608781227705, '_a5_': 1.7751354042936038, '_a7_': 0.10407704200069991, '_a0_': 1.0, '_a1_': 1.0, '_a3_': 1.0, '_a4_': 1.0, '_a6_': 1.0}};{'d0': 0.02490583291941667};-280.569866449043;36.22611529373496
23176;-104.058817930787;(x * (_a5_ + (((x + (_a2_ * (_a5_ * _a7_))) * x) * _a2_)));{'d0': {'_a2_': 3.3767608781227705, '_a5_': 1.7751354042936038, '_a7_': 0.10407704200069991, '_a0_': 1.0, '_a1_': 1.0, '_a3_': 1.0, '_a4_': 1.0, '_a6_': 1.0}};{'d0': 0.02490583291941667};-280.569866449043;36.22611529373496
23177;-104.058817930787;(x * (_a5_ + (((x + (_a2_ * (_a5_ * _a4_))) * x) * _a2_)));{'d0': {'_a2_': 3.3767608790979176, '_a4_': 0.10407704197470416, '_a5_': 1.7751354041643055, '_a0_': 1.0, '_a1_': 1.0, '_a3_': 1.0, '_a6_': 1.0, '_a7_': 1.0}};{'d0': 0.02490583291941666};-280.569866449044;36.22611529373496
23178;-104.058817930787;(x * (_a5_ + (((x + (_a2_ * (_a5_ * _a4_))) * x) * _a2_)));{'d0': {'_a2_': 3.3767608790979176, '_a4_': 0.10407704197470416, '_a5_': 1.7751354041643055, '_a0_': 1.0, '_a1_': 1.0, '_a3_': 1.0, '_a6_': 1.0, '_a7_': 1.0}};{'d0': 0.02490583291941666};-280.569866449044;36.22611529373496
23179;-104.058817930787;(x * (_a5_ + (((x + (_a2_ * (_a5_ * _a4_))) * x) * _a2_)));{'d0': {'_a2_': 3.3767608790979176, '_a4_': 0.10407704197470416, '_a5_': 1.7751354041643055, '_a0_': 1.0, '_a1_': 1.0, '_a3_': 1.0, '_a6_': 1.0, '_a7_': 1.0}};{'d0': 0.02490583291941666};-280.569866449044;36.22611529373496
23180;-104.058817930787;(x * (_a5_ + (((x + (_a2_ * (_a5_ * _a4_))) * x) * _a2_)));{'d0': {'_a2_': 3.3767608790979176, '_a4_': 0.10407704197470416, '_a5_': 1.7751354041643055, '_a0_': 1.0, '_a1_': 1.0, '_a3_': 1.0, '_a6_': 1.0, '_a7_': 1.0}};{'d0': 0.02490583291941666};-280.569866449044;36.22611529373496
23181;-104.058817930787;(x * (_a5_ + (((x + (_a2_ * (_a5_ * _a4_))) * x) * _a2_)));{'d0': {'_a2_': 3.3767608790979176, '_a4_': 0.10407704197470416, '_a5_': 1.7751354041643055, '_a0_': 1.0, '_a1_': 1.0, '_a3_': 1.0, '_a6_': 1.0, '_a7_': 1.0}};{'d0': 0.02490583291941666};-280.569866449044;36.22611529373496
23182;-104.058817930787;(x * (_a5_ + (((x + (_a2_ * (_a5_ * _a4_))) * x) * _a2_)));{'d0': {'_a2_': 3.3767608790979176, '_a4_': 0.10407704197470416, '_a5_': 1.7751354041643055, '_a0_': 1.0, '_a1_': 1.0, '_a3_': 1.0, '_a6_': 1.0, '_a7_': 1.0}};{'d0': 0.02490583291941666};-280.569866449044;36.22611529373496
23183;-104.058817930787;(x * (_a5_ + (((x + (_a2_ * (_a5_ * _a4_))) * x) * _a2_)));{'d0': {'_a2_': 3.3767608790979176, '_a4_': 0.10407704197470416, '_a5_': 1.7751354041643055, '_a0_': 1.0, '_a1_': 1.0, '_a3_': 1.0, '_a6_': 1.0, '_a7_': 1.0}};{'d0': 0.02490583291941666};-280.569866449044;36.22611529373496
23184;-104.058817930787;(x * (_a5_ + (((x + (_a2_ * (_a5_ * _a4_))) * x) * _a2_)));{'d0': {'_a2_': 3.3767608790979176, '_a4_': 0.10407704197470416, '_a5_': 1.7751354041643055, '_a0_': 1.0, '_a1_': 1.0, '_a3_': 1.0, '_a6_': 1.0, '_a7_': 1.0}};{'d0': 0.02490583291941666};-280.569866449044;36.22611529373496
23185;-104.058817930787;(x * (_a5_ + (((x + (_a2_ * (_a5_ * _a4_))) * x) * _a2_)));{'d0': {'_a2_': 3.3767608790979176, '_a4_': 0.10407704197470416, '_a5_': 1.7751354041643055, '_a0_': 1.0, '_a1_': 1.0, '_a3_': 1.0, '_a6_': 1.0, '_a7_': 1.0}};{'d0': 0.02490583291941666};-280.569866449044;36.22611529373496
23186;-104.531628829010;(_a4_ * ((x * pow2((_a7_ * ((_a2_ + x) / _a4_)))) + x));{'d0': {'_a2_': 0.3119297078489134, '_a4_': 1.446576089407204, '_a7_': 2.2101451414934465, '_a0_': 1.0, '_a1_': 1.0, '_a3_': 1.0, '_a5_': 1.0, '_a6_': 1.0}};{'d0': 0.02490583291941663};-280.569866449044;35.75330439551138
23187;-104.531628829010;(_a4_ * ((x * pow2((_a7_ * ((_a2_ + x) / _a4_)))) + x));{'d0': {'_a2_': 0.3119297078489134, '_a4_': 1.446576089407204, '_a7_': 2.2101451414934465, '_a0_': 1.0, '_a1_': 1.0, '_a3_': 1.0, '_a5_': 1.0, '_a6_': 1.0}};{'d0': 0.02490583291941663};-280.569866449044;35.75330439551138
23188;-104.531628829010;(_a4_ * ((x * pow2((_a7_ * ((_a2_ + x) / _a4_)))) + x));{'d0': {'_a2_': 0.3119297078489134, '_a4_': 1.446576089407204, '_a7_': 2.2101451414934465, '_a0_': 1.0, '_a1_': 1.0, '_a3_': 1.0, '_a5_': 1.0, '_a6_': 1.0}};{'d0': 0.02490583291941663};-280.569866449044;35.75330439551138
23189;-104.531628829010;(_a4_ * ((x * pow2((_a7_ * ((_a2_ + x) / _a4_)))) + x));{'d0': {'_a2_': 0.3119297078489134, '_a4_': 1.446576089407204, '_a7_': 2.2101451414934465, '_a0_': 1.0, '_a1_': 1.0, '_a3_': 1.0, '_a5_': 1.0, '_a6_': 1.0}};{'d0': 0.02490583291941663};-280.569866449044;35.75330439551138
23190;-104.531628829010;(_a4_ * ((x * pow2((_a7_ * ((_a2_ + x) / _a4_)))) + x));{'d0': {'_a2_': 0.3119297078489134, '_a4_': 1.446576089407204, '_a7_': 2.2101451414934465, '_a0_': 1.0, '_a1_': 1.0, '_a3_': 1.0, '_a5_': 1.0, '_a6_': 1.0}};{'d0': 0.02490583291941663};-280.569866449044;35.75330439551138
23191;-104.531628829010;(_a4_ * ((x * pow2((_a7_ * ((_a2_ + x) / _a4_)))) + x));{'d0': {'_a2_': 0.3119297078489134, '_a4_': 1.446576089407204, '_a7_': 2.2101451414934465, '_a0_': 1.0, '_a1_': 1.0, '_a3_': 1.0, '_a5_': 1.0, '_a6_': 1.0}};{'d0': 0.02490583291941663};-280.569866449044;35.75330439551138
23192;-104.531628829010;(_a4_ * ((x * pow2((_a7_ * ((_a2_ + x) / _a4_)))) + x));{'d0': {'_a2_': 0.3119297078489134, '_a4_': 1.446576089407204, '_a7_': 2.2101451414934465, '_a0_': 1.0, '_a1_': 1.0, '_a3_': 1.0, '_a5_': 1.0, '_a6_': 1.0}};{'d0': 0.02490583291941663};-280.569866449044;35.75330439551138
23193;-104.531628829010;(_a4_ * ((x * pow2((_a7_ * ((_a2_ + x) / _a4_)))) + x));{'d0': {'_a2_': 0.3119297078489134, '_a4_': 1.446576089407204, '_a7_': 2.2101451414934465, '_a0_': 1.0, '_a1_': 1.0, '_a3_': 1.0, '_a5_': 1.0, '_a6_': 1.0}};{'d0': 0.02490583291941663};-280.569866449044;35.75330439551138
23194;-104.531628829010;(_a4_ * ((x * pow2((_a7_ * ((_a2_ + x) / _a4_)))) + x));{'d0': {'_a2_': 0.3119297078489134, '_a4_': 1.446576089407204, '_a7_': 2.2101451414934465, '_a0_': 1.0, '_a1_': 1.0, '_a3_': 1.0, '_a5_': 1.0, '_a6_': 1.0}};{'d0': 0.02490583291941663};-280.569866449044;35.75330439551138
23195;-104.531628829010;(_a4_ * ((x * pow2((_a7_ * ((_a2_ + x) / _a4_)))) + x));{'d0': {'_a2_': 0.3119297078489134, '_a4_': 1.446576089407204, '_a7_': 2.2101451414934465, '_a0_': 1.0, '_a1_': 1.0, '_a3_': 1.0, '_a5_': 1.0, '_a6_': 1.0}};{'d0': 0.02490583291941663};-280.569866449044;35.75330439551138
23196;-104.531628829010;(_a4_ * ((x * pow2((_a7_ * ((_a2_ + x) / _a4_)))) + x));{'d0': {'_a2_': 0.3119297078489134, '_a4_': 1.446576089407204, '_a7_': 2.2101451414934465, '_a0_': 1.0, '_a1_': 1.0, '_a3_': 1.0, '_a5_': 1.0, '_a6_': 1.0}};{'d0': 0.02490583291941663};-280.569866449044;35.75330439551138
23197;-104.531628829010;(_a4_ * ((x * pow2((_a7_ * ((_a2_ + x) / _a4_)))) + x));{'d0': {'_a2_': 0.3119297078489134, '_a4_': 1.446576089407204, '_a7_': 2.2101451414934465, '_a0_': 1.0, '_a1_': 1.0, '_a3_': 1.0, '_a5_': 1.0, '_a6_': 1.0}};{'d0': 0.02490583291941663};-280.569866449044;35.75330439551138
23198;-104.531628829010;(_a4_ * ((x * pow2((_a7_ * ((_a2_ + x) / _a4_)))) + x));{'d0': {'_a2_': 0.3119297078489134, '_a4_': 1.446576089407204, '_a7_': 2.2101451414934465, '_a0_': 1.0, '_a1_': 1.0, '_a3_': 1.0, '_a5_': 1.0, '_a6_': 1.0}};{'d0': 0.02490583291941663};-280.569866449044;35.75330439551138
23199;-104.531628829010;(_a4_ * ((x * pow2((_a7_ * ((_a2_ + x) / _a4_)))) + x));{'d0': {'_a2_': 0.3119297078489134, '_a4_': 1.446576089407204, '_a7_': 2.2101451414934465, '_a0_': 1.0, '_a1_': 1.0, '_a3_': 1.0, '_a5_': 1.0, '_a6_': 1.0}};{'d0': 0.02490583291941663};-280.569866449044;35.75330439551138
23200;-104.531628829010;(_a4_ * ((x * pow2((_a7_ * ((_a2_ + x) / _a4_)))) + x));{'d0': {'_a2_': 0.3119297078489134, '_a4_': 1.446576089407204, '_a7_': 2.2101451414934465, '_a0_': 1.0, '_a1_': 1.0, '_a3_': 1.0, '_a5_': 1.0, '_a6_': 1.0}};{'d0': 0.02490583291941663};-280.569866449044;35.75330439551138
23201;-104.531628829010;(_a4_ * ((x * pow2((_a7_ * ((_a2_ + x) / _a4_)))) + x));{'d0': {'_a2_': 0.3119297078489134, '_a4_': 1.446576089407204, '_a7_': 2.2101451414934465, '_a0_': 1.0, '_a1_': 1.0, '_a3_': 1.0, '_a5_': 1.0, '_a6_': 1.0}};{'d0': 0.02490583291941663};-280.569866449044;35.75330439551138
23202;-104.531628829010;(_a4_ * ((x * pow2((_a7_ * ((_a2_ + x) / _a4_)))) + x));{'d0': {'_a2_': 0.3119297078489134, '_a4_': 1.446576089407204, '_a7_': 2.2101451414934465, '_a0_': 1.0, '_a1_': 1.0, '_a3_': 1.0, '_a5_': 1.0, '_a6_': 1.0}};{'d0': 0.02490583291941663};-280.569866449044;35.75330439551138
23203;-104.531628829010;(_a4_ * ((x * pow2((_a7_ * ((_a2_ + x) / _a4_)))) + x));{'d0': {'_a2_': 0.3119297078489134, '_a4_': 1.446576089407204, '_a7_': 2.2101451414934465, '_a0_': 1.0, '_a1_': 1.0, '_a3_': 1.0, '_a5_': 1.0, '_a6_': 1.0}};{'d0': 0.02490583291941663};-280.569866449044;35.75330439551138
23204;-104.531628829010;(_a4_ * ((x * pow2((_a7_ * ((_a2_ + x) / _a4_)))) + x));{'d0': {'_a2_': 0.3119297078489134, '_a4_': 1.446576089407204, '_a7_': 2.2101451414934465, '_a0_': 1.0, '_a1_': 1.0, '_a3_': 1.0, '_a5_': 1.0, '_a6_': 1.0}};{'d0': 0.02490583291941663};-280.569866449044;35.75330439551138
23205;-104.531628829010;(_a4_ * ((x * pow2((_a7_ * ((_a2_ + x) / _a4_)))) + x));{'d0': {'_a2_': 0.3119297078489134, '_a4_': 1.446576089407204, '_a7_': 2.2101451414934465, '_a0_': 1.0, '_a1_': 1.0, '_a3_': 1.0, '_a5_': 1.0, '_a6_': 1.0}};{'d0': 0.02490583291941663};-280.569866449044;35.75330439551138
23206;-104.531628829010;(_a4_ * ((x * pow2((_a7_ * ((_a2_ + x) / _a4_)))) + x));{'d0': {'_a2_': 0.3119297078489134, '_a4_': 1.446576089407204, '_a7_': 2.2101451414934465, '_a0_': 1.0, '_a1_': 1.0, '_a3_': 1.0, '_a5_': 1.0, '_a6_': 1.0}};{'d0': 0.02490583291941663};-280.569866449044;35.75330439551138
23207;-104.531628829010;(_a4_ * ((x * pow2((_a7_ * ((_a2_ + x) / _a4_)))) + x));{'d0': {'_a2_': 0.3119297078489134, '_a4_': 1.446576089407204, '_a7_': 2.2101451414934465, '_a0_': 1.0, '_a1_': 1.0, '_a3_': 1.0, '_a5_': 1.0, '_a6_': 1.0}};{'d0': 0.02490583291941663};-280.569866449044;35.75330439551138
23208;-104.531628829010;(_a4_ * ((x * pow2((_a7_ * ((_a2_ + x) / _a4_)))) + x));{'d0': {'_a2_': 0.3119297078489134, '_a4_': 1.446576089407204, '_a7_': 2.2101451414934465, '_a0_': 1.0, '_a1_': 1.0, '_a3_': 1.0, '_a5_': 1.0, '_a6_': 1.0}};{'d0': 0.02490583291941663};-280.569866449044;35.75330439551138
23209;-104.531628829010;(_a4_ * ((x * pow2((_a7_ * ((_a2_ + x) / _a4_)))) + x));{'d0': {'_a2_': 0.3119297078489134, '_a4_': 1.446576089407204, '_a7_': 2.2101451414934465, '_a0_': 1.0, '_a1_': 1.0, '_a3_': 1.0, '_a5_': 1.0, '_a6_': 1.0}};{'d0': 0.02490583291941663};-280.569866449044;35.75330439551138
23210;-104.531628829010;(_a4_ * ((x * pow2((_a7_ * ((_a2_ + x) / _a4_)))) + x));{'d0': {'_a2_': 0.3119297078489134, '_a4_': 1.446576089407204, '_a7_': 2.2101451414934465, '_a0_': 1.0, '_a1_': 1.0, '_a3_': 1.0, '_a5_': 1.0, '_a6_': 1.0}};{'d0': 0.02490583291941663};-280.569866449044;35.75330439551138
23211;-104.531628829010;(_a4_ * ((x * pow2((_a7_ * ((_a2_ + x) / _a4_)))) + x));{'d0': {'_a2_': 0.3119297078489134, '_a4_': 1.446576089407204, '_a7_': 2.2101451414934465, '_a0_': 1.0, '_a1_': 1.0, '_a3_': 1.0, '_a5_': 1.0, '_a6_': 1.0}};{'d0': 0.02490583291941663};-280.569866449044;35.75330439551138
23212;-104.531628829010;(_a4_ * ((x * pow2((_a7_ * ((_a2_ + x) / _a4_)))) + x));{'d0': {'_a2_': 0.3119297078489134, '_a4_': 1.446576089407204, '_a7_': 2.2101451414934465, '_a0_': 1.0, '_a1_': 1.0, '_a3_': 1.0, '_a5_': 1.0, '_a6_': 1.0}};{'d0': 0.02490583291941663};-280.569866449044;35.75330439551138
23213;-104.531628829010;(_a4_ * ((x * pow2((_a7_ * ((_a2_ + x) / _a4_)))) + x));{'d0': {'_a2_': 0.3119297078489134, '_a4_': 1.446576089407204, '_a7_': 2.2101451414934465, '_a0_': 1.0, '_a1_': 1.0, '_a3_': 1.0, '_a5_': 1.0, '_a6_': 1.0}};{'d0': 0.02490583291941663};-280.569866449044;35.75330439551138
23214;-104.531628829010;(_a4_ * ((x * pow2((_a7_ * ((_a2_ + x) / _a4_)))) + x));{'d0': {'_a2_': 0.3119297078489134, '_a4_': 1.446576089407204, '_a7_': 2.2101451414934465, '_a0_': 1.0, '_a1_': 1.0, '_a3_': 1.0, '_a5_': 1.0, '_a6_': 1.0}};{'d0': 0.02490583291941663};-280.569866449044;35.75330439551138
23215;-104.531628829010;(_a4_ * ((x * pow2((_a7_ * ((_a2_ + x) / _a4_)))) + x));{'d0': {'_a2_': 0.3119297078489134, '_a4_': 1.446576089407204, '_a7_': 2.2101451414934465, '_a0_': 1.0, '_a1_': 1.0, '_a3_': 1.0, '_a5_': 1.0, '_a6_': 1.0}};{'d0': 0.02490583291941663};-280.569866449044;35.75330439551138
23216;-104.531628829010;(_a4_ * ((x * pow2((_a7_ * ((_a2_ + x) / _a4_)))) + x));{'d0': {'_a2_': 0.3119297078489134, '_a4_': 1.446576089407204, '_a7_': 2.2101451414934465, '_a0_': 1.0, '_a1_': 1.0, '_a3_': 1.0, '_a5_': 1.0, '_a6_': 1.0}};{'d0': 0.02490583291941663};-280.569866449044;35.75330439551138
23217;-104.531628829010;(_a4_ * ((x * pow2((_a7_ * ((_a2_ + x) / _a4_)))) + x));{'d0': {'_a2_': 0.3119297078489134, '_a4_': 1.446576089407204, '_a7_': 2.2101451414934465, '_a0_': 1.0, '_a1_': 1.0, '_a3_': 1.0, '_a5_': 1.0, '_a6_': 1.0}};{'d0': 0.02490583291941663};-280.569866449044;35.75330439551138
23218;-104.531628829010;(_a4_ * ((x * pow2((_a7_ * ((_a2_ + x) / _a4_)))) + x));{'d0': {'_a2_': 0.3119297078489134, '_a4_': 1.446576089407204, '_a7_': 2.2101451414934465, '_a0_': 1.0, '_a1_': 1.0, '_a3_': 1.0, '_a5_': 1.0, '_a6_': 1.0}};{'d0': 0.02490583291941663};-280.569866449044;35.75330439551138
23219;-104.531628829010;(_a4_ * ((x * pow2((_a7_ * ((_a2_ + x) / _a4_)))) + x));{'d0': {'_a2_': 0.3119297078489134, '_a4_': 1.446576089407204, '_a7_': 2.2101451414934465, '_a0_': 1.0, '_a1_': 1.0, '_a3_': 1.0, '_a5_': 1.0, '_a6_': 1.0}};{'d0': 0.02490583291941663};-280.569866449044;35.75330439551138
23220;-104.531628829010;(_a4_ * ((x * pow2((_a7_ * ((_a2_ + x) / _a4_)))) + x));{'d0': {'_a2_': 0.3119297078489134, '_a4_': 1.446576089407204, '_a7_': 2.2101451414934465, '_a0_': 1.0, '_a1_': 1.0, '_a3_': 1.0, '_a5_': 1.0, '_a6_': 1.0}};{'d0': 0.02490583291941663};-280.569866449044;35.75330439551138
23221;-104.531628829010;(_a4_ * ((x * pow2((_a7_ * ((_a2_ + x) / _a4_)))) + x));{'d0': {'_a2_': 0.3119297078489134, '_a4_': 1.446576089407204, '_a7_': 2.2101451414934465, '_a0_': 1.0, '_a1_': 1.0, '_a3_': 1.0, '_a5_': 1.0, '_a6_': 1.0}};{'d0': 0.02490583291941663};-280.569866449044;35.75330439551138
23222;-104.531628829010;(_a4_ * ((x * pow2((_a7_ * ((_a2_ + x) / _a4_)))) + x));{'d0': {'_a2_': 0.3119297078489134, '_a4_': 1.446576089407204, '_a7_': 2.2101451414934465, '_a0_': 1.0, '_a1_': 1.0, '_a3_': 1.0, '_a5_': 1.0, '_a6_': 1.0}};{'d0': 0.02490583291941663};-280.569866449044;35.75330439551138
23223;-104.531628829010;(_a4_ * ((x * pow2((_a7_ * ((_a2_ + x) / _a4_)))) + x));{'d0': {'_a2_': 0.3119297078489134, '_a4_': 1.446576089407204, '_a7_': 2.2101451414934465, '_a0_': 1.0, '_a1_': 1.0, '_a3_': 1.0, '_a5_': 1.0, '_a6_': 1.0}};{'d0': 0.02490583291941663};-280.569866449044;35.75330439551138
23224;-104.531628829010;(_a4_ * ((x * pow2((_a7_ * ((_a2_ + x) / _a4_)))) + x));{'d0': {'_a2_': 0.3119297078489134, '_a4_': 1.446576089407204, '_a7_': 2.2101451414934465, '_a0_': 1.0, '_a1_': 1.0, '_a3_': 1.0, '_a5_': 1.0, '_a6_': 1.0}};{'d0': 0.02490583291941663};-280.569866449044;35.75330439551138
23225;-104.531628829010;(_a4_ * ((x * pow2((_a7_ * ((_a2_ + x) / _a4_)))) + x));{'d0': {'_a2_': 0.3119297078489134, '_a4_': 1.446576089407204, '_a7_': 2.2101451414934465, '_a0_': 1.0, '_a1_': 1.0, '_a3_': 1.0, '_a5_': 1.0, '_a6_': 1.0}};{'d0': 0.02490583291941663};-280.569866449044;35.75330439551138
23226;-104.531628829010;(_a4_ * ((x * pow2((_a7_ * ((_a2_ + x) / _a4_)))) + x));{'d0': {'_a2_': 0.3119297078489134, '_a4_': 1.446576089407204, '_a7_': 2.2101451414934465, '_a0_': 1.0, '_a1_': 1.0, '_a3_': 1.0, '_a5_': 1.0, '_a6_': 1.0}};{'d0': 0.02490583291941663};-280.569866449044;35.75330439551138
23227;-104.531628829010;(_a4_ * ((x * pow2((_a7_ * ((_a2_ + x) / _a4_)))) + x));{'d0': {'_a2_': 0.3119297078489134, '_a4_': 1.446576089407204, '_a7_': 2.2101451414934465, '_a0_': 1.0, '_a1_': 1.0, '_a3_': 1.0, '_a5_': 1.0, '_a6_': 1.0}};{'d0': 0.02490583291941663};-280.569866449044;35.75330439551138
23228;-104.531628829010;(_a4_ * ((x * pow2((_a7_ * ((_a2_ + x) / _a4_)))) + x));{'d0': {'_a2_': 0.3119297078489134, '_a4_': 1.446576089407204, '_a7_': 2.2101451414934465, '_a0_': 1.0, '_a1_': 1.0, '_a3_': 1.0, '_a5_': 1.0, '_a6_': 1.0}};{'d0': 0.02490583291941663};-280.569866449044;35.75330439551138
23229;-104.531628829010;(_a4_ * ((x * pow2((_a7_ * ((_a2_ + x) / _a4_)))) + x));{'d0': {'_a2_': 0.3119297078489134, '_a4_': 1.446576089407204, '_a7_': 2.2101451414934465, '_a0_': 1.0, '_a1_': 1.0, '_a3_': 1.0, '_a5_': 1.0, '_a6_': 1.0}};{'d0': 0.02490583291941663};-280.569866449044;35.75330439551138
23230;-104.531628829010;(_a4_ * ((x * pow2((_a7_ * ((_a2_ + x) / _a4_)))) + x));{'d0': {'_a2_': 0.3119297078489134, '_a4_': 1.446576089407204, '_a7_': 2.2101451414934465, '_a0_': 1.0, '_a1_': 1.0, '_a3_': 1.0, '_a5_': 1.0, '_a6_': 1.0}};{'d0': 0.02490583291941663};-280.569866449044;35.75330439551138
23231;-104.531628829010;(_a4_ * ((x * pow2((_a7_ * ((_a2_ + x) / _a4_)))) + x));{'d0': {'_a2_': 0.3119297078489134, '_a4_': 1.446576089407204, '_a7_': 2.2101451414934465, '_a0_': 1.0, '_a1_': 1.0, '_a3_': 1.0, '_a5_': 1.0, '_a6_': 1.0}};{'d0': 0.02490583291941663};-280.569866449044;35.75330439551138
23232;-104.531628829010;(_a4_ * ((x * pow2((_a7_ * ((_a2_ + x) / _a4_)))) + x));{'d0': {'_a2_': 0.3119297078489134, '_a4_': 1.446576089407204, '_a7_': 2.2101451414934465, '_a0_': 1.0, '_a1_': 1.0, '_a3_': 1.0, '_a5_': 1.0, '_a6_': 1.0}};{'d0': 0.02490583291941663};-280.569866449044;35.75330439551138
23233;-104.531628829010;(_a4_ * ((x * pow2((_a7_ * ((_a2_ + x) / _a4_)))) + x));{'d0': {'_a2_': 0.3119297078489134, '_a4_': 1.446576089407204, '_a7_': 2.2101451414934465, '_a0_': 1.0, '_a1_': 1.0, '_a3_': 1.0, '_a5_': 1.0, '_a6_': 1.0}};{'d0': 0.02490583291941663};-280.569866449044;35.75330439551138
23234;-104.531628829010;(_a4_ * ((x * pow2((_a7_ * ((_a2_ + x) / _a4_)))) + x));{'d0': {'_a2_': 0.3119297078489134, '_a4_': 1.446576089407204, '_a7_': 2.2101451414934465, '_a0_': 1.0, '_a1_': 1.0, '_a3_': 1.0, '_a5_': 1.0, '_a6_': 1.0}};{'d0': 0.02490583291941663};-280.569866449044;35.75330439551138
23235;-105.382580669956;(x * (_a5_ + (((x + (_a5_ * pow2(_a0_))) * x) * _a2_)));{'d0': {'_a0_': 0.592826520790066, '_a2_': 3.376760878638114, '_a5_': 1.7751354040825909, '_a1_': 1.0, '_a3_': 1.0, '_a4_': 1.0, '_a6_': 1.0, '_a7_': 1.0}};{'d0': 0.024905832919416622};-280.569866449044;34.902352554565965
23236;-105.382580669956;(x * (_a5_ + (((x + (_a5_ * pow2(_a0_))) * x) * _a2_)));{'d0': {'_a0_': 0.592826520790066, '_a2_': 3.376760878638114, '_a5_': 1.7751354040825909, '_a1_': 1.0, '_a3_': 1.0, '_a4_': 1.0, '_a6_': 1.0, '_a7_': 1.0}};{'d0': 0.024905832919416622};-280.569866449044;34.902352554565965
23237;-103.159914093536;(x * (_a5_ + (((x + (_a5_ * (_a5_ + _a6_))) * x) * _a2_)));{'d0': {'_a2_': 3.376760878684717, '_a5_': 1.7751354040328158, '_a6_': -1.4236921202756065, '_a0_': 1.0, '_a1_': 1.0, '_a3_': 1.0, '_a4_': 1.0, '_a7_': 1.0}};{'d0': 0.024905832919416615};-280.569866449044;37.12501913098596
23238;-103.159914093536;(x * (_a5_ + (((x + (_a5_ * (_a5_ + _a6_))) * x) * _a2_)));{'d0': {'_a2_': 3.376760878684717, '_a5_': 1.7751354040328158, '_a6_': -1.4236921202756065, '_a0_': 1.0, '_a1_': 1.0, '_a3_': 1.0, '_a4_': 1.0, '_a7_': 1.0}};{'d0': 0.024905832919416615};-280.569866449044;37.12501913098596
23239;-103.159914093536;(x * (_a5_ + (((x + (_a5_ * (_a5_ + _a6_))) * x) * _a2_)));{'d0': {'_a2_': 3.376760878684717, '_a5_': 1.7751354040328158, '_a6_': -1.4236921202756065, '_a0_': 1.0, '_a1_': 1.0, '_a3_': 1.0, '_a4_': 1.0, '_a7_': 1.0}};{'d0': 0.024905832919416615};-280.569866449044;37.12501913098596
23240;-103.159914093536;(x * (_a5_ + (((x + (_a5_ * (_a5_ + _a6_))) * x) * _a2_)));{'d0': {'_a2_': 3.376760878684717, '_a5_': 1.7751354040328158, '_a6_': -1.4236921202756065, '_a0_': 1.0, '_a1_': 1.0, '_a3_': 1.0, '_a4_': 1.0, '_a7_': 1.0}};{'d0': 0.024905832919416615};-280.569866449044;37.12501913098596
23241;-103.159914093536;(x * (_a5_ + (((x + (_a5_ * (_a5_ + _a6_))) * x) * _a2_)));{'d0': {'_a2_': 3.376760878684717, '_a5_': 1.7751354040328158, '_a6_': -1.4236921202756065, '_a0_': 1.0, '_a1_': 1.0, '_a3_': 1.0, '_a4_': 1.0, '_a7_': 1.0}};{'d0': 0.024905832919416615};-280.569866449044;37.12501913098596
23242;-103.159914093536;(x * (_a5_ + (((x + (_a5_ * (_a5_ + _a6_))) * x) * _a2_)));{'d0': {'_a2_': 3.376760878684717, '_a5_': 1.7751354040328158, '_a6_': -1.4236921202756065, '_a0_': 1.0, '_a1_': 1.0, '_a3_': 1.0, '_a4_': 1.0, '_a7_': 1.0}};{'d0': 0.024905832919416615};-280.569866449044;37.12501913098596
23243;-103.159914093536;(x * (_a5_ + (((x + (_a5_ * (_a5_ + _a6_))) * x) * _a2_)));{'d0': {'_a2_': 3.376760878684717, '_a5_': 1.7751354040328158, '_a6_': -1.4236921202756065, '_a0_': 1.0, '_a1_': 1.0, '_a3_': 1.0, '_a4_': 1.0, '_a7_': 1.0}};{'d0': 0.024905832919416615};-280.569866449044;37.12501913098596
23244;-103.159914093536;(x * (_a5_ + (((x + (_a5_ * (_a5_ + _a6_))) * x) * _a2_)));{'d0': {'_a2_': 3.376760878684717, '_a5_': 1.7751354040328158, '_a6_': -1.4236921202756065, '_a0_': 1.0, '_a1_': 1.0, '_a3_': 1.0, '_a4_': 1.0, '_a7_': 1.0}};{'d0': 0.024905832919416615};-280.569866449044;37.12501913098596
23245;-103.159914093536;(x * (_a5_ + (((x + (_a5_ * (_a5_ + _a6_))) * x) * _a2_)));{'d0': {'_a2_': 3.376760878684717, '_a5_': 1.7751354040328158, '_a6_': -1.4236921202756065, '_a0_': 1.0, '_a1_': 1.0, '_a3_': 1.0, '_a4_': 1.0, '_a7_': 1.0}};{'d0': 0.024905832919416615};-280.569866449044;37.12501913098596
23246;-98.1382168817566;(x * ((_a5_ * _a2_) + (((x + (_a5_ * (_a5_ + _a6_))) * x) * _a2_)));{'d0': {'_a2_': 3.376760877813624, '_a5_': 0.525691770440866, '_a6_': 0.661048160760763, '_a0_': 1.0, '_a1_': 1.0, '_a3_': 1.0, '_a4_': 1.0, '_a7_': 1.0}};{'d0': 0.02490583291941668};-280.569866449043;42.14671634276496
23247;-98.1382168817566;(x * ((_a5_ * _a2_) + (((x + (_a5_ * (_a5_ + _a6_))) * x) * _a2_)));{'d0': {'_a2_': 3.376760877813624, '_a5_': 0.525691770440866, '_a6_': 0.661048160760763, '_a0_': 1.0, '_a1_': 1.0, '_a3_': 1.0, '_a4_': 1.0, '_a7_': 1.0}};{'d0': 0.02490583291941668};-280.569866449043;42.14671634276496
23248;-98.1382168817566;(x * ((_a5_ * _a2_) + (((x + (_a5_ * (_a5_ + _a6_))) * x) * _a2_)));{'d0': {'_a2_': 3.376760877813624, '_a5_': 0.525691770440866, '_a6_': 0.661048160760763, '_a0_': 1.0, '_a1_': 1.0, '_a3_': 1.0, '_a4_': 1.0, '_a7_': 1.0}};{'d0': 0.02490583291941668};-280.569866449043;42.14671634276496
23249;-98.1382168817566;(x * ((_a5_ * _a2_) + (((x + (_a5_ * (_a5_ + _a6_))) * x) * _a2_)));{'d0': {'_a2_': 3.376760877813624, '_a5_': 0.525691770440866, '_a6_': 0.661048160760763, '_a0_': 1.0, '_a1_': 1.0, '_a3_': 1.0, '_a4_': 1.0, '_a7_': 1.0}};{'d0': 0.02490583291941668};-280.569866449043;42.14671634276496
23250;-98.1382168817566;(x * ((_a5_ * _a2_) + (((x + (_a5_ * (_a5_ + _a6_))) * x) * _a2_)));{'d0': {'_a2_': 3.376760877813624, '_a5_': 0.525691770440866, '_a6_': 0.661048160760763, '_a0_': 1.0, '_a1_': 1.0, '_a3_': 1.0, '_a4_': 1.0, '_a7_': 1.0}};{'d0': 0.02490583291941668};-280.569866449043;42.14671634276496
23251;-98.1382168817566;(x * ((_a5_ * _a2_) + (((x + (_a5_ * (_a5_ + _a6_))) * x) * _a2_)));{'d0': {'_a2_': 3.376760877813624, '_a5_': 0.525691770440866, '_a6_': 0.661048160760763, '_a0_': 1.0, '_a1_': 1.0, '_a3_': 1.0, '_a4_': 1.0, '_a7_': 1.0}};{'d0': 0.02490583291941668};-280.569866449043;42.14671634276496
23252;-98.1382168817566;(x * ((_a5_ * _a2_) + (((x + (_a5_ * (_a5_ + _a6_))) * x) * _a2_)));{'d0': {'_a2_': 3.376760877813624, '_a5_': 0.525691770440866, '_a6_': 0.661048160760763, '_a0_': 1.0, '_a1_': 1.0, '_a3_': 1.0, '_a4_': 1.0, '_a7_': 1.0}};{'d0': 0.02490583291941668};-280.569866449043;42.14671634276496
23253;-98.1382168817566;(x * ((_a5_ * _a2_) + (((x + (_a5_ * (_a5_ + _a6_))) * x) * _a2_)));{'d0': {'_a2_': 3.376760877813624, '_a5_': 0.525691770440866, '_a6_': 0.661048160760763, '_a0_': 1.0, '_a1_': 1.0, '_a3_': 1.0, '_a4_': 1.0, '_a7_': 1.0}};{'d0': 0.02490583291941668};-280.569866449043;42.14671634276496
23254;-98.1382168817566;(x * ((_a5_ * _a2_) + (((x + (_a5_ * (_a5_ + _a6_))) * x) * _a2_)));{'d0': {'_a2_': 3.376760877813624, '_a5_': 0.525691770440866, '_a6_': 0.661048160760763, '_a0_': 1.0, '_a1_': 1.0, '_a3_': 1.0, '_a4_': 1.0, '_a7_': 1.0}};{'d0': 0.02490583291941668};-280.569866449043;42.14671634276496
23255;-98.1382168817566;(x * ((_a5_ * _a2_) + (((x + (_a5_ * (_a5_ + _a6_))) * x) * _a2_)));{'d0': {'_a2_': 3.376760877813624, '_a5_': 0.525691770440866, '_a6_': 0.661048160760763, '_a0_': 1.0, '_a1_': 1.0, '_a3_': 1.0, '_a4_': 1.0, '_a7_': 1.0}};{'d0': 0.02490583291941668};-280.569866449043;42.14671634276496
23256;-98.1382168817566;(x * ((_a5_ * _a2_) + (((x + (_a5_ * (_a5_ + _a6_))) * x) * _a2_)));{'d0': {'_a2_': 3.376760877813624, '_a5_': 0.525691770440866, '_a6_': 0.661048160760763, '_a0_': 1.0, '_a1_': 1.0, '_a3_': 1.0, '_a4_': 1.0, '_a7_': 1.0}};{'d0': 0.02490583291941668};-280.569866449043;42.14671634276496
23257;-98.1382168817566;(x * ((_a5_ * _a2_) + (((x + (_a5_ * (_a5_ + _a6_))) * x) * _a2_)));{'d0': {'_a2_': 3.376760877813624, '_a5_': 0.525691770440866, '_a6_': 0.661048160760763, '_a0_': 1.0, '_a1_': 1.0, '_a3_': 1.0, '_a4_': 1.0, '_a7_': 1.0}};{'d0': 0.02490583291941668};-280.569866449043;42.14671634276496
23258;-98.1382168817566;(x * ((_a5_ * _a2_) + (((x + (_a5_ * (_a5_ + _a6_))) * x) * _a2_)));{'d0': {'_a2_': 3.376760877813624, '_a5_': 0.525691770440866, '_a6_': 0.661048160760763, '_a0_': 1.0, '_a1_': 1.0, '_a3_': 1.0, '_a4_': 1.0, '_a7_': 1.0}};{'d0': 0.02490583291941668};-280.569866449043;42.14671634276496
23259;-98.1382168817566;(x * ((_a5_ * _a2_) + (((x + (_a5_ * (_a5_ + _a6_))) * x) * _a2_)));{'d0': {'_a2_': 3.376760877813624, '_a5_': 0.525691770440866, '_a6_': 0.661048160760763, '_a0_': 1.0, '_a1_': 1.0, '_a3_': 1.0, '_a4_': 1.0, '_a7_': 1.0}};{'d0': 0.02490583291941668};-280.569866449043;42.14671634276496
23260;-96.0910445959065;(x * ((_a5_ * _a2_) + (((x + (_a4_ * (_a5_ + _a6_))) * x) * _a2_)));{'d0': {'_a2_': 3.3767608770067468, '_a4_': 0.5950590638215748, '_a5_': 0.5256917706065479, '_a6_': 0.5227070432483653, '_a0_': 1.0, '_a1_': 1.0, '_a3_': 1.0, '_a7_': 1.0}};{'d0': 0.024905832923351048};-276.475521877343;42.14671634276496
23261;-96.0910445959065;(x * ((_a5_ * _a2_) + (((x + (_a4_ * (_a5_ + _a6_))) * x) * _a2_)));{'d0': {'_a2_': 3.3767608770067468, '_a4_': 0.5950590638215748, '_a5_': 0.5256917706065479, '_a6_': 0.5227070432483653, '_a0_': 1.0, '_a1_': 1.0, '_a3_': 1.0, '_a7_': 1.0}};{'d0': 0.024905832923351048};-276.475521877343;42.14671634276496
23262;-96.0910445959065;(x * ((_a5_ * _a2_) + (((x + (_a4_ * (_a5_ + _a6_))) * x) * _a2_)));{'d0': {'_a2_': 3.3767608770067468, '_a4_': 0.5950590638215748, '_a5_': 0.5256917706065479, '_a6_': 0.5227070432483653, '_a0_': 1.0, '_a1_': 1.0, '_a3_': 1.0, '_a7_': 1.0}};{'d0': 0.024905832923351048};-276.475521877343;42.14671634276496
23263;-96.0910445959065;(x * ((_a5_ * _a2_) + (((x + (_a4_ * (_a5_ + _a6_))) * x) * _a2_)));{'d0': {'_a2_': 3.3767608770067468, '_a4_': 0.5950590638215748, '_a5_': 0.5256917706065479, '_a6_': 0.5227070432483653, '_a0_': 1.0, '_a1_': 1.0, '_a3_': 1.0, '_a7_': 1.0}};{'d0': 0.024905832923351048};-276.475521877343;42.14671634276496
23264;-96.0910445959065;(x * ((_a5_ * _a2_) + (((x + (_a4_ * (_a5_ + _a6_))) * x) * _a2_)));{'d0': {'_a2_': 3.3767608770067468, '_a4_': 0.5950590638215748, '_a5_': 0.5256917706065479, '_a6_': 0.5227070432483653, '_a0_': 1.0, '_a1_': 1.0, '_a3_': 1.0, '_a7_': 1.0}};{'d0': 0.024905832923351048};-276.475521877343;42.14671634276496
23265;-98.6290150923302;(((x * (((-(_a2_) + x) / (_a6_ * _a6_)) + _a2_)) + _a1_) * x);{'d0': {'_a1_': 1.7751354039872542, '_a2_': -0.8863424532058336, '_a6_': -0.5441891093185518, '_a0_': 1.0, '_a3_': 1.0, '_a4_': 1.0, '_a5_': 1.0, '_a7_': 1.0}};{'d0': 0.024905832919416688};-280.569866449043;41.65591813219186
23266;-98.6290150923302;(((x * (((-(_a2_) + x) / (_a6_ * _a6_)) + _a2_)) + _a1_) * x);{'d0': {'_a1_': 1.7751354039872542, '_a2_': -0.8863424532058336, '_a6_': -0.5441891093185518, '_a0_': 1.0, '_a3_': 1.0, '_a4_': 1.0, '_a5_': 1.0, '_a7_': 1.0}};{'d0': 0.024905832919416688};-280.569866449043;41.65591813219186
23267;-98.6290150923302;(((x * (((-(_a2_) + x) / (_a6_ * _a6_)) + _a2_)) + _a1_) * x);{'d0': {'_a1_': 1.7751354039872542, '_a2_': -0.8863424532058336, '_a6_': -0.5441891093185518, '_a0_': 1.0, '_a3_': 1.0, '_a4_': 1.0, '_a5_': 1.0, '_a7_': 1.0}};{'d0': 0.024905832919416688};-280.569866449043;41.65591813219186
23268;-98.6290150923302;(((x * (((-(_a2_) + x) / (_a6_ * _a6_)) + _a2_)) + _a1_) * x);{'d0': {'_a1_': 1.7751354039872542, '_a2_': -0.8863424532058336, '_a6_': -0.5441891093185518, '_a0_': 1.0, '_a3_': 1.0, '_a4_': 1.0, '_a5_': 1.0, '_a7_': 1.0}};{'d0': 0.024905832919416688};-280.569866449043;41.65591813219186
23269;-98.6290150923302;(((x * (((-(_a2_) + x) / (_a6_ * _a6_)) + _a2_)) + _a1_) * x);{'d0': {'_a1_': 1.7751354039872542, '_a2_': -0.8863424532058336, '_a6_': -0.5441891093185518, '_a0_': 1.0, '_a3_': 1.0, '_a4_': 1.0, '_a5_': 1.0, '_a7_': 1.0}};{'d0': 0.024905832919416688};-280.569866449043;41.65591813219186
23270;-98.6290150923302;(((x * (((-(_a2_) + x) / (_a6_ * _a6_)) + _a2_)) + _a1_) * x);{'d0': {'_a1_': 1.7751354039872542, '_a2_': -0.8863424532058336, '_a6_': -0.5441891093185518, '_a0_': 1.0, '_a3_': 1.0, '_a4_': 1.0, '_a5_': 1.0, '_a7_': 1.0}};{'d0': 0.024905832919416688};-280.569866449043;41.65591813219186
23271;-98.6290150923302;(((x * (((-(_a2_) + x) / (_a6_ * _a6_)) + _a2_)) + _a1_) * x);{'d0': {'_a1_': 1.7751354039872542, '_a2_': -0.8863424532058336, '_a6_': -0.5441891093185518, '_a0_': 1.0, '_a3_': 1.0, '_a4_': 1.0, '_a5_': 1.0, '_a7_': 1.0}};{'d0': 0.024905832919416688};-280.569866449043;41.65591813219186
23272;-98.6290150923302;(((x * (((-(_a2_) + x) / (_a6_ * _a6_)) + _a2_)) + _a1_) * x);{'d0': {'_a1_': 1.7751354039872542, '_a2_': -0.8863424532058336, '_a6_': -0.5441891093185518, '_a0_': 1.0, '_a3_': 1.0, '_a4_': 1.0, '_a5_': 1.0, '_a7_': 1.0}};{'d0': 0.024905832919416688};-280.569866449043;41.65591813219186
23273;-98.6290150923302;(((x * (((-(_a2_) + x) / (_a6_ * _a6_)) + _a2_)) + _a1_) * x);{'d0': {'_a1_': 1.7751354039872542, '_a2_': -0.8863424532058336, '_a6_': -0.5441891093185518, '_a0_': 1.0, '_a3_': 1.0, '_a4_': 1.0, '_a5_': 1.0, '_a7_': 1.0}};{'d0': 0.024905832919416688};-280.569866449043;41.65591813219186
23274;-98.6290150923302;(((x * (((-(_a2_) + x) / (_a6_ * _a6_)) + _a2_)) + _a1_) * x);{'d0': {'_a1_': 1.7751354039872542, '_a2_': -0.8863424532058336, '_a6_': -0.5441891093185518, '_a0_': 1.0, '_a3_': 1.0, '_a4_': 1.0, '_a5_': 1.0, '_a7_': 1.0}};{'d0': 0.024905832919416688};-280.569866449043;41.65591813219186
23275;-98.6290150923302;(((x * (((-(_a2_) + x) / (_a6_ * _a6_)) + _a2_)) + _a1_) * x);{'d0': {'_a1_': 1.7751354039872542, '_a2_': -0.8863424532058336, '_a6_': -0.5441891093185518, '_a0_': 1.0, '_a3_': 1.0, '_a4_': 1.0, '_a5_': 1.0, '_a7_': 1.0}};{'d0': 0.024905832919416688};-280.569866449043;41.65591813219186
23276;-98.6290150923302;(((x * (((-(_a2_) + x) / (_a6_ * _a6_)) + _a2_)) + _a1_) * x);{'d0': {'_a1_': 1.7751354039872542, '_a2_': -0.8863424532058336, '_a6_': -0.5441891093185518, '_a0_': 1.0, '_a3_': 1.0, '_a4_': 1.0, '_a5_': 1.0, '_a7_': 1.0}};{'d0': 0.024905832919416688};-280.569866449043;41.65591813219186
23277;-102.308962252591;(((x * (((_a2_ + x) / (_a6_ * _a6_)) + _a2_)) + _a1_) * x);{'d0': {'_a1_': 1.7751354040389058, '_a2_': 0.48132034771447035, '_a6_': -0.5441891093567066, '_a0_': 1.0, '_a3_': 1.0, '_a4_': 1.0, '_a5_': 1.0, '_a7_': 1.0}};{'d0': 0.024905832919416636};-280.569866449044;37.97597097193147
23278;-102.308962252591;(((x * (((_a2_ + x) / (_a6_ * _a6_)) + _a2_)) + _a1_) * x);{'d0': {'_a1_': 1.7751354040389058, '_a2_': 0.48132034771447035, '_a6_': -0.5441891093567066, '_a0_': 1.0, '_a3_': 1.0, '_a4_': 1.0, '_a5_': 1.0, '_a7_': 1.0}};{'d0': 0.024905832919416636};-280.569866449044;37.97597097193147
23279;-102.308962252591;(((x * (((_a2_ + x) / (_a6_ * _a6_)) + _a1_)) + _a1_) * x);{'d0': {'_a1_': 1.775135404352815, '_a2_': 0.09816764496285633, '_a6_': -0.5441891094607691, '_a0_': 1.0, '_a3_': 1.0, '_a4_': 1.0, '_a5_': 1.0, '_a7_': 1.0}};{'d0': 0.024905832919416657};-280.569866449044;37.97597097193147
23280;-102.308962252591;(((x * (((_a2_ + x) / (_a6_ * _a6_)) + _a1_)) + _a1_) * x);{'d0': {'_a1_': 1.775135404352815, '_a2_': 0.09816764496285633, '_a6_': -0.5441891094607691, '_a0_': 1.0, '_a3_': 1.0, '_a4_': 1.0, '_a5_': 1.0, '_a7_': 1.0}};{'d0': 0.024905832919416657};-280.569866449044;37.97597097193147
23281;-102.308962252591;(((x * (((_a2_ + x) / (_a6_ * _a6_)) + _a1_)) + _a1_) * x);{'d0': {'_a1_': 1.775135404352815, '_a2_': 0.09816764496285633, '_a6_': -0.5441891094607691, '_a0_': 1.0, '_a3_': 1.0, '_a4_': 1.0, '_a5_': 1.0, '_a7_': 1.0}};{'d0': 0.024905832919416657};-280.569866449044;37.97597097193147
23282;-102.308962252591;(((x * (((_a2_ + x) / (_a6_ * _a6_)) + _a1_)) + _a1_) * x);{'d0': {'_a1_': 1.775135404352815, '_a2_': 0.09816764496285633, '_a6_': -0.5441891094607691, '_a0_': 1.0, '_a3_': 1.0, '_a4_': 1.0, '_a5_': 1.0, '_a7_': 1.0}};{'d0': 0.024905832919416657};-280.569866449044;37.97597097193147
23283;-102.308962252591;(((x * (((_a2_ + x) / (_a6_ * _a6_)) + _a1_)) + _a1_) * x);{'d0': {'_a1_': 1.775135404352815, '_a2_': 0.09816764496285633, '_a6_': -0.5441891094607691, '_a0_': 1.0, '_a3_': 1.0, '_a4_': 1.0, '_a5_': 1.0, '_a7_': 1.0}};{'d0': 0.024905832919416657};-280.569866449044;37.97597097193147
23284;-102.308962252591;(((x * (((_a2_ + x) / (_a6_ * _a6_)) + _a1_)) + _a1_) * x);{'d0': {'_a1_': 1.775135404352815, '_a2_': 0.09816764496285633, '_a6_': -0.5441891094607691, '_a0_': 1.0, '_a3_': 1.0, '_a4_': 1.0, '_a5_': 1.0, '_a7_': 1.0}};{'d0': 0.024905832919416657};-280.569866449044;37.97597097193147
23285;-102.308962252591;(((x * (((_a2_ + x) / (_a6_ * _a6_)) + _a1_)) + _a1_) * x);{'d0': {'_a1_': 1.775135404352815, '_a2_': 0.09816764496285633, '_a6_': -0.5441891094607691, '_a0_': 1.0, '_a3_': 1.0, '_a4_': 1.0, '_a5_': 1.0, '_a7_': 1.0}};{'d0': 0.024905832919416657};-280.569866449044;37.97597097193147
23286;-102.308962252591;(((x * (((_a2_ + x) / (_a6_ * _a6_)) + _a1_)) + _a1_) * x);{'d0': {'_a1_': 1.775135404352815, '_a2_': 0.09816764496285633, '_a6_': -0.5441891094607691, '_a0_': 1.0, '_a3_': 1.0, '_a4_': 1.0, '_a5_': 1.0, '_a7_': 1.0}};{'d0': 0.024905832919416657};-280.569866449044;37.97597097193147
23287;-102.308962252591;(((x * (((_a2_ + x) / (_a6_ * _a6_)) + _a1_)) + _a1_) * x);{'d0': {'_a1_': 1.775135404352815, '_a2_': 0.09816764496285633, '_a6_': -0.5441891094607691, '_a0_': 1.0, '_a3_': 1.0, '_a4_': 1.0, '_a5_': 1.0, '_a7_': 1.0}};{'d0': 0.024905832919416657};-280.569866449044;37.97597097193147
23288;-102.308962252591;(((x * (((_a2_ + x) / (_a6_ * _a6_)) + _a1_)) + _a1_) * x);{'d0': {'_a1_': 1.775135404352815, '_a2_': 0.09816764496285633, '_a6_': -0.5441891094607691, '_a0_': 1.0, '_a3_': 1.0, '_a4_': 1.0, '_a5_': 1.0, '_a7_': 1.0}};{'d0': 0.024905832919416657};-280.569866449044;37.97597097193147
23289;-102.308962252591;(((x * (((_a2_ + x) / (_a6_ * _a6_)) + _a1_)) + _a1_) * x);{'d0': {'_a1_': 1.775135404352815, '_a2_': 0.09816764496285633, '_a6_': -0.5441891094607691, '_a0_': 1.0, '_a3_': 1.0, '_a4_': 1.0, '_a5_': 1.0, '_a7_': 1.0}};{'d0': 0.024905832919416657};-280.569866449044;37.97597097193147
23290;-102.308962252591;(((x * (((_a2_ + x) / (_a6_ * _a6_)) + _a1_)) + _a1_) * x);{'d0': {'_a1_': 1.775135404352815, '_a2_': 0.09816764496285633, '_a6_': -0.5441891094607691, '_a0_': 1.0, '_a3_': 1.0, '_a4_': 1.0, '_a5_': 1.0, '_a7_': 1.0}};{'d0': 0.024905832919416657};-280.569866449044;37.97597097193147
23291;-102.308962252591;(((x * (((_a2_ + x) / (_a6_ * _a6_)) + _a1_)) + _a1_) * x);{'d0': {'_a1_': 1.775135404352815, '_a2_': 0.09816764496285633, '_a6_': -0.5441891094607691, '_a0_': 1.0, '_a3_': 1.0, '_a4_': 1.0, '_a5_': 1.0, '_a7_': 1.0}};{'d0': 0.024905832919416657};-280.569866449044;37.97597097193147
23292;-102.308962252591;(((x * (((_a2_ + x) / (_a6_ * _a6_)) + _a1_)) + _a1_) * x);{'d0': {'_a1_': 1.775135404352815, '_a2_': 0.09816764496285633, '_a6_': -0.5441891094607691, '_a0_': 1.0, '_a3_': 1.0, '_a4_': 1.0, '_a5_': 1.0, '_a7_': 1.0}};{'d0': 0.024905832919416657};-280.569866449044;37.97597097193147
23293;-102.308962252591;(((x * (((_a2_ + x) / (_a6_ * _a6_)) + _a1_)) + _a1_) * x);{'d0': {'_a1_': 1.775135404352815, '_a2_': 0.09816764496285633, '_a6_': -0.5441891094607691, '_a0_': 1.0, '_a3_': 1.0, '_a4_': 1.0, '_a5_': 1.0, '_a7_': 1.0}};{'d0': 0.024905832919416657};-280.569866449044;37.97597097193147
23294;-102.308962252591;(((x * (((_a2_ + x) / (_a6_ * _a6_)) + _a1_)) + _a1_) * x);{'d0': {'_a1_': 1.775135404352815, '_a2_': 0.09816764496285633, '_a6_': -0.5441891094607691, '_a0_': 1.0, '_a3_': 1.0, '_a4_': 1.0, '_a5_': 1.0, '_a7_': 1.0}};{'d0': 0.024905832919416657};-280.569866449044;37.97597097193147
23295;-102.308962252591;(((x * (((_a2_ + x) / (_a6_ * _a6_)) + _a1_)) + _a1_) * x);{'d0': {'_a1_': 1.775135404352815, '_a2_': 0.09816764496285633, '_a6_': -0.5441891094607691, '_a0_': 1.0, '_a3_': 1.0, '_a4_': 1.0, '_a5_': 1.0, '_a7_': 1.0}};{'d0': 0.024905832919416657};-280.569866449044;37.97597097193147
23296;-103.159914093536;(((x * (((_a2_ + x) * (_a6_ * _a6_)) + _a1_)) + _a1_) * x);{'d0': {'_a1_': 1.7751354021037402, '_a2_': 0.0981676489964009, '_a6_': -1.8375964995467817, '_a0_': 1.0, '_a3_': 1.0, '_a4_': 1.0, '_a5_': 1.0, '_a7_': 1.0}};{'d0': 0.024905832919416806};-280.569866449043;37.12501913098607
23297;-103.159914093536;(((x * (((_a2_ + x) * (_a6_ * _a6_)) + _a1_)) + _a1_) * x);{'d0': {'_a1_': 1.7751354021037402, '_a2_': 0.0981676489964009, '_a6_': -1.8375964995467817, '_a0_': 1.0, '_a3_': 1.0, '_a4_': 1.0, '_a5_': 1.0, '_a7_': 1.0}};{'d0': 0.024905832919416806};-280.569866449043;37.12501913098607
23298;-103.159914093536;(((x * (((_a2_ + x) * (_a6_ * _a6_)) + _a1_)) + _a1_) * x);{'d0': {'_a1_': 1.7751354021037402, '_a2_': 0.0981676489964009, '_a6_': -1.8375964995467817, '_a0_': 1.0, '_a3_': 1.0, '_a4_': 1.0, '_a5_': 1.0, '_a7_': 1.0}};{'d0': 0.024905832919416806};-280.569866449043;37.12501913098607
23299;-103.159914093536;(((x * (((_a2_ + x) * (_a6_ * _a6_)) + _a1_)) + _a1_) * x);{'d0': {'_a1_': 1.7751354021037402, '_a2_': 0.0981676489964009, '_a6_': -1.8375964995467817, '_a0_': 1.0, '_a3_': 1.0, '_a4_': 1.0, '_a5_': 1.0, '_a7_': 1.0}};{'d0': 0.024905832919416806};-280.569866449043;37.12501913098607
23300;-103.159914093536;(((x * (((_a2_ + x) * (_a6_ * _a6_)) + _a1_)) + _a1_) * x);{'d0': {'_a1_': 1.7751354021037402, '_a2_': 0.0981676489964009, '_a6_': -1.8375964995467817, '_a0_': 1.0, '_a3_': 1.0, '_a4_': 1.0, '_a5_': 1.0, '_a7_': 1.0}};{'d0': 0.024905832919416806};-280.569866449043;37.12501913098607
23301;-103.159914093536;(((x * (((_a2_ + x) * (_a6_ * _a6_)) + _a6_)) + _a1_) * x);{'d0': {'_a1_': 1.7751354042648468, '_a2_': 1.168048524938348, '_a6_': -1.8375964949792563, '_a0_': 1.0, '_a3_': 1.0, '_a4_': 1.0, '_a5_': 1.0, '_a7_': 1.0}};{'d0': 0.024905832919416684};-280.569866449043;37.12501913098607
23302;-103.159914093536;(((x * (((_a2_ + x) * (_a6_ * _a6_)) + _a6_)) + _a1_) * x);{'d0': {'_a1_': 1.7751354042648468, '_a2_': 1.168048524938348, '_a6_': -1.8375964949792563, '_a0_': 1.0, '_a3_': 1.0, '_a4_': 1.0, '_a5_': 1.0, '_a7_': 1.0}};{'d0': 0.024905832919416684};-280.569866449043;37.12501913098607
23303;-103.159914093536;(((x * (((_a2_ + x) * (_a6_ * _a6_)) + _a6_)) + _a1_) * x);{'d0': {'_a1_': 1.7751354042648468, '_a2_': 1.168048524938348, '_a6_': -1.8375964949792563, '_a0_': 1.0, '_a3_': 1.0, '_a4_': 1.0, '_a5_': 1.0, '_a7_': 1.0}};{'d0': 0.024905832919416684};-280.569866449043;37.12501913098607
23304;-103.159914093536;(((x * (((_a2_ + x) * (_a6_ * _a6_)) + _a6_)) + _a1_) * x);{'d0': {'_a1_': 1.7751354042648468, '_a2_': 1.168048524938348, '_a6_': -1.8375964949792563, '_a0_': 1.0, '_a3_': 1.0, '_a4_': 1.0, '_a5_': 1.0, '_a7_': 1.0}};{'d0': 0.024905832919416684};-280.569866449043;37.12501913098607
23305;-103.159914093536;(((x * (((_a2_ + x) * (_a6_ * _a6_)) + _a6_)) + _a1_) * x);{'d0': {'_a1_': 1.7751354042648468, '_a2_': 1.168048524938348, '_a6_': -1.8375964949792563, '_a0_': 1.0, '_a3_': 1.0, '_a4_': 1.0, '_a5_': 1.0, '_a7_': 1.0}};{'d0': 0.024905832919416684};-280.569866449043;37.12501913098607
23306;-99.5822889035538;((((pow2((_a3_ + x)) * (_a3_ / (_a3_ * _a4_))) + _a3_) * x) * _a0_);{'d0': {'_a0_': 4.637506632449762, '_a3_': 0.311929707834592, '_a4_': 1.3733594996172125, '_a1_': 1.0, '_a2_': 1.0, '_a5_': 1.0, '_a6_': 1.0, '_a7_': 1.0}};{'d0': 0.02490583291941657};-280.569866449044;40.70264432096856
23307;-99.5822889035538;((((pow2((_a3_ + x)) * (_a3_ / (_a3_ * _a4_))) + _a3_) * x) * _a0_);{'d0': {'_a0_': 4.637506632449762, '_a3_': 0.311929707834592, '_a4_': 1.3733594996172125, '_a1_': 1.0, '_a2_': 1.0, '_a5_': 1.0, '_a6_': 1.0, '_a7_': 1.0}};{'d0': 0.02490583291941657};-280.569866449044;40.70264432096856
23308;-99.5822889035538;((((pow2((_a3_ + x)) * (_a3_ / (_a3_ * _a4_))) + _a3_) * x) * _a0_);{'d0': {'_a0_': 4.637506632449762, '_a3_': 0.311929707834592, '_a4_': 1.3733594996172125, '_a1_': 1.0, '_a2_': 1.0, '_a5_': 1.0, '_a6_': 1.0, '_a7_': 1.0}};{'d0': 0.02490583291941657};-280.569866449044;40.70264432096856
23309;-103.159914093536;(((x * (((_a2_ + x) * (_a6_ * _a6_)) + _a6_)) + _a1_) * x);{'d0': {'_a1_': 1.7751354042648468, '_a2_': 1.168048524938348, '_a6_': -1.8375964949792563, '_a0_': 1.0, '_a3_': 1.0, '_a4_': 1.0, '_a5_': 1.0, '_a7_': 1.0}};{'d0': 0.024905832919416684};-280.569866449043;37.12501913098607
23310;-103.159914093536;(((x * (((_a2_ + x) * (_a6_ * _a6_)) + _a6_)) + _a1_) * x);{'d0': {'_a1_': 1.7751354042648468, '_a2_': 1.168048524938348, '_a6_': -1.8375964949792563, '_a0_': 1.0, '_a3_': 1.0, '_a4_': 1.0, '_a5_': 1.0, '_a7_': 1.0}};{'d0': 0.024905832919416684};-280.569866449043;37.12501913098607
23311;-103.159914093536;(((x * (((_a2_ + x) * (_a6_ * _a6_)) + _a6_)) + _a1_) * x);{'d0': {'_a1_': 1.7751354042648468, '_a2_': 1.168048524938348, '_a6_': -1.8375964949792563, '_a0_': 1.0, '_a3_': 1.0, '_a4_': 1.0, '_a5_': 1.0, '_a7_': 1.0}};{'d0': 0.024905832919416684};-280.569866449043;37.12501913098607
23312;-99.5822889035538;((((pow2((_a3_ + x)) * (_a3_ / (_a3_ * _a4_))) + _a3_) * x) * _a0_);{'d0': {'_a0_': 4.637506632449762, '_a3_': 0.311929707834592, '_a4_': 1.3733594996172125, '_a1_': 1.0, '_a2_': 1.0, '_a5_': 1.0, '_a6_': 1.0, '_a7_': 1.0}};{'d0': 0.02490583291941657};-280.569866449044;40.70264432096856
23313;-99.5822889035538;((((pow2((_a3_ + x)) * (_a3_ / (_a3_ * _a4_))) + _a3_) * x) * _a0_);{'d0': {'_a0_': 4.637506632449762, '_a3_': 0.311929707834592, '_a4_': 1.3733594996172125, '_a1_': 1.0, '_a2_': 1.0, '_a5_': 1.0, '_a6_': 1.0, '_a7_': 1.0}};{'d0': 0.02490583291941657};-280.569866449044;40.70264432096856
23314;-99.5822889035538;((((pow2((_a3_ + x)) * (_a3_ / (_a3_ * _a4_))) + _a3_) * x) * _a0_);{'d0': {'_a0_': 4.637506632449762, '_a3_': 0.311929707834592, '_a4_': 1.3733594996172125, '_a1_': 1.0, '_a2_': 1.0, '_a5_': 1.0, '_a6_': 1.0, '_a7_': 1.0}};{'d0': 0.02490583291941657};-280.569866449044;40.70264432096856
23315;-99.5822889035538;((((pow2((_a3_ + x)) * (_a3_ / (_a3_ * _a4_))) + _a3_) * x) * _a0_);{'d0': {'_a0_': 4.637506632449762, '_a3_': 0.311929707834592, '_a4_': 1.3733594996172125, '_a1_': 1.0, '_a2_': 1.0, '_a5_': 1.0, '_a6_': 1.0, '_a7_': 1.0}};{'d0': 0.02490583291941657};-280.569866449044;40.70264432096856
23316;-99.5822889035538;((((pow2((_a3_ + x)) * (_a3_ / (_a3_ * _a4_))) + _a3_) * x) * _a0_);{'d0': {'_a0_': 4.637506632449762, '_a3_': 0.311929707834592, '_a4_': 1.3733594996172125, '_a1_': 1.0, '_a2_': 1.0, '_a5_': 1.0, '_a6_': 1.0, '_a7_': 1.0}};{'d0': 0.02490583291941657};-280.569866449044;40.70264432096856
23317;-99.5822889035538;((((pow2((_a3_ + x)) * (_a3_ / (_a3_ * _a4_))) + _a3_) * x) * _a0_);{'d0': {'_a0_': 4.637506632449762, '_a3_': 0.311929707834592, '_a4_': 1.3733594996172125, '_a1_': 1.0, '_a2_': 1.0, '_a5_': 1.0, '_a6_': 1.0, '_a7_': 1.0}};{'d0': 0.02490583291941657};-280.569866449044;40.70264432096856
23318;-99.5822889035538;((((pow2((_a3_ + x)) * (_a3_ / (_a3_ * _a4_))) + _a3_) * x) * _a0_);{'d0': {'_a0_': 4.637506632449762, '_a3_': 0.311929707834592, '_a4_': 1.3733594996172125, '_a1_': 1.0, '_a2_': 1.0, '_a5_': 1.0, '_a6_': 1.0, '_a7_': 1.0}};{'d0': 0.02490583291941657};-280.569866449044;40.70264432096856
23319;-99.5822889035538;((((pow2((_a3_ + x)) * (_a3_ / (_a3_ * _a4_))) + _a3_) * x) * _a0_);{'d0': {'_a0_': 4.637506632449762, '_a3_': 0.311929707834592, '_a4_': 1.3733594996172125, '_a1_': 1.0, '_a2_': 1.0, '_a5_': 1.0, '_a6_': 1.0, '_a7_': 1.0}};{'d0': 0.02490583291941657};-280.569866449044;40.70264432096856
23320;-93.6616878545237;((((pow2((_a3_ + x)) * (_a3_ / (_a3_ * (_a2_ + _a3_)))) + _a3_) * x) * _a0_);{'d0': {'_a0_': 4.637506635091743, '_a2_': 1.061429793617635, '_a3_': 0.31192970782760343, '_a1_': 1.0, '_a4_': 1.0, '_a5_': 1.0, '_a6_': 1.0, '_a7_': 1.0}};{'d0': 0.024905832919416653};-280.569866449044;46.62324536999856
23321;-93.6616878545237;((((pow2((_a3_ + x)) * (_a3_ / (_a3_ * (_a2_ + _a3_)))) + _a3_) * x) * _a0_);{'d0': {'_a0_': 4.637506635091743, '_a2_': 1.061429793617635, '_a3_': 0.31192970782760343, '_a1_': 1.0, '_a4_': 1.0, '_a5_': 1.0, '_a6_': 1.0, '_a7_': 1.0}};{'d0': 0.024905832919416653};-280.569866449044;46.62324536999856
23322;-93.6616878545237;((((pow2((_a3_ + x)) * (_a3_ / (_a3_ * (_a2_ + _a3_)))) + _a3_) * x) * _a0_);{'d0': {'_a0_': 4.637506635091743, '_a2_': 1.061429793617635, '_a3_': 0.31192970782760343, '_a1_': 1.0, '_a4_': 1.0, '_a5_': 1.0, '_a6_': 1.0, '_a7_': 1.0}};{'d0': 0.024905832919416653};-280.569866449044;46.62324536999856
23323;-93.6616878545237;((((pow2((_a3_ + x)) * (_a3_ / (_a3_ * (_a2_ + _a3_)))) + _a3_) * x) * _a0_);{'d0': {'_a0_': 4.637506635091743, '_a2_': 1.061429793617635, '_a3_': 0.31192970782760343, '_a1_': 1.0, '_a4_': 1.0, '_a5_': 1.0, '_a6_': 1.0, '_a7_': 1.0}};{'d0': 0.024905832919416653};-280.569866449044;46.62324536999856
23324;-93.6616878545237;((((pow2((_a3_ + x)) * (_a3_ / (_a3_ * (_a2_ + _a3_)))) + _a3_) * x) * _a0_);{'d0': {'_a0_': 4.637506635091743, '_a2_': 1.061429793617635, '_a3_': 0.31192970782760343, '_a1_': 1.0, '_a4_': 1.0, '_a5_': 1.0, '_a6_': 1.0, '_a7_': 1.0}};{'d0': 0.024905832919416653};-280.569866449044;46.62324536999856
23325;-93.6616878545237;((((pow2((_a3_ + x)) * (_a3_ / (_a3_ * (_a2_ + _a2_)))) + _a3_) * x) * _a0_);{'d0': {'_a0_': 4.637506634495682, '_a2_': 0.6866797505361185, '_a3_': 0.3119297078602672, '_a1_': 1.0, '_a4_': 1.0, '_a5_': 1.0, '_a6_': 1.0, '_a7_': 1.0}};{'d0': 0.024905832919416632};-280.569866449044;46.62324536999856
23326;-93.6616878545237;((((pow2((_a3_ + x)) * (_a3_ / (_a3_ * (_a2_ + _a2_)))) + _a3_) * x) * _a0_);{'d0': {'_a0_': 4.637506634495682, '_a2_': 0.6866797505361185, '_a3_': 0.3119297078602672, '_a1_': 1.0, '_a4_': 1.0, '_a5_': 1.0, '_a6_': 1.0, '_a7_': 1.0}};{'d0': 0.024905832919416632};-280.569866449044;46.62324536999856
23327;-93.6616878545237;((((pow2((_a3_ + x)) * (_a3_ / (_a3_ * (_a2_ + _a2_)))) + _a3_) * x) * _a0_);{'d0': {'_a0_': 4.637506634495682, '_a2_': 0.6866797505361185, '_a3_': 0.3119297078602672, '_a1_': 1.0, '_a4_': 1.0, '_a5_': 1.0, '_a6_': 1.0, '_a7_': 1.0}};{'d0': 0.024905832919416632};-280.569866449044;46.62324536999856
23328;-93.6616878545237;((((pow2((_a3_ + x)) * (_a3_ / (_a3_ * (_a2_ + _a2_)))) + _a3_) * x) * _a0_);{'d0': {'_a0_': 4.637506634495682, '_a2_': 0.6866797505361185, '_a3_': 0.3119297078602672, '_a1_': 1.0, '_a4_': 1.0, '_a5_': 1.0, '_a6_': 1.0, '_a7_': 1.0}};{'d0': 0.024905832919416632};-280.569866449044;46.62324536999856
23329;-93.6616878545237;((((pow2((_a3_ + x)) * (_a3_ / (_a3_ * (_a2_ + _a2_)))) + _a3_) * x) * _a0_);{'d0': {'_a0_': 4.637506634495682, '_a2_': 0.6866797505361185, '_a3_': 0.3119297078602672, '_a1_': 1.0, '_a4_': 1.0, '_a5_': 1.0, '_a6_': 1.0, '_a7_': 1.0}};{'d0': 0.024905832919416632};-280.569866449044;46.62324536999856
23330;-93.6616878545237;((((pow2((_a3_ + x)) * (_a3_ / (_a3_ * (_a2_ + _a2_)))) + _a3_) * x) * _a0_);{'d0': {'_a0_': 4.637506634495682, '_a2_': 0.6866797505361185, '_a3_': 0.3119297078602672, '_a1_': 1.0, '_a4_': 1.0, '_a5_': 1.0, '_a6_': 1.0, '_a7_': 1.0}};{'d0': 0.024905832919416632};-280.569866449044;46.62324536999856
23331;-93.6616878545237;((((pow2((_a3_ + x)) * (_a3_ / (_a3_ * (_a2_ + _a2_)))) + _a3_) * x) * _a0_);{'d0': {'_a0_': 4.637506634495682, '_a2_': 0.6866797505361185, '_a3_': 0.3119297078602672, '_a1_': 1.0, '_a4_': 1.0, '_a5_': 1.0, '_a6_': 1.0, '_a7_': 1.0}};{'d0': 0.024905832919416632};-280.569866449044;46.62324536999856
23332;-93.6616878545237;((((pow2((_a3_ + x)) * (_a3_ / (_a3_ * (_a2_ + _a2_)))) + _a3_) * x) * _a0_);{'d0': {'_a0_': 4.637506634495682, '_a2_': 0.6866797505361185, '_a3_': 0.3119297078602672, '_a1_': 1.0, '_a4_': 1.0, '_a5_': 1.0, '_a6_': 1.0, '_a7_': 1.0}};{'d0': 0.024905832919416632};-280.569866449044;46.62324536999856
23333;-93.6616878545237;((((pow2((_a3_ + x)) * (_a3_ / (_a3_ * (_a2_ + _a2_)))) + _a3_) * x) * _a0_);{'d0': {'_a0_': 4.637506634495682, '_a2_': 0.6866797505361185, '_a3_': 0.3119297078602672, '_a1_': 1.0, '_a4_': 1.0, '_a5_': 1.0, '_a6_': 1.0, '_a7_': 1.0}};{'d0': 0.024905832919416632};-280.569866449044;46.62324536999856
23334;-93.6616878545237;((((pow2((_a3_ + x)) * (_a3_ / (_a3_ * (_a2_ + _a2_)))) + _a3_) * x) * _a0_);{'d0': {'_a0_': 4.637506634495682, '_a2_': 0.6866797505361185, '_a3_': 0.3119297078602672, '_a1_': 1.0, '_a4_': 1.0, '_a5_': 1.0, '_a6_': 1.0, '_a7_': 1.0}};{'d0': 0.024905832919416632};-280.569866449044;46.62324536999856
23335;-93.6616878545237;((((pow2((_a3_ + x)) * (_a3_ / (_a3_ * (_a2_ + _a2_)))) + _a3_) * x) * _a0_);{'d0': {'_a0_': 4.637506634495682, '_a2_': 0.6866797505361185, '_a3_': 0.3119297078602672, '_a1_': 1.0, '_a4_': 1.0, '_a5_': 1.0, '_a6_': 1.0, '_a7_': 1.0}};{'d0': 0.024905832919416632};-280.569866449044;46.62324536999856
23336;-93.6616878545237;((((pow2((_a3_ + x)) * (_a3_ / (_a3_ * (_a2_ + _a2_)))) + _a3_) * x) * _a0_);{'d0': {'_a0_': 4.637506634495682, '_a2_': 0.6866797505361185, '_a3_': 0.3119297078602672, '_a1_': 1.0, '_a4_': 1.0, '_a5_': 1.0, '_a6_': 1.0, '_a7_': 1.0}};{'d0': 0.024905832919416632};-280.569866449044;46.62324536999856
23337;-93.6616878545237;((((pow2((_a3_ + x)) * (_a3_ / (_a3_ * (_a2_ + _a2_)))) + _a3_) * x) * _a0_);{'d0': {'_a0_': 4.637506634495682, '_a2_': 0.6866797505361185, '_a3_': 0.3119297078602672, '_a1_': 1.0, '_a4_': 1.0, '_a5_': 1.0, '_a6_': 1.0, '_a7_': 1.0}};{'d0': 0.024905832919416632};-280.569866449044;46.62324536999856
23338;-93.6616878545237;((((pow2((_a3_ + x)) * (_a3_ / (_a3_ * (_a2_ + _a2_)))) + _a3_) * x) * _a0_);{'d0': {'_a0_': 4.637506634495682, '_a2_': 0.6866797505361185, '_a3_': 0.3119297078602672, '_a1_': 1.0, '_a4_': 1.0, '_a5_': 1.0, '_a6_': 1.0, '_a7_': 1.0}};{'d0': 0.024905832919416632};-280.569866449044;46.62324536999856
23339;-93.6616878545237;((((pow2((_a3_ + x)) * (_a3_ / (_a3_ * (_a2_ + _a2_)))) + _a3_) * x) * _a0_);{'d0': {'_a0_': 4.637506634495682, '_a2_': 0.6866797505361185, '_a3_': 0.3119297078602672, '_a1_': 1.0, '_a4_': 1.0, '_a5_': 1.0, '_a6_': 1.0, '_a7_': 1.0}};{'d0': 0.024905832919416632};-280.569866449044;46.62324536999856
23340;-93.6616878545237;((((pow2((_a3_ + x)) * (_a3_ / (_a3_ * (_a2_ + _a2_)))) + _a3_) * x) * _a0_);{'d0': {'_a0_': 4.637506634495682, '_a2_': 0.6866797505361185, '_a3_': 0.3119297078602672, '_a1_': 1.0, '_a4_': 1.0, '_a5_': 1.0, '_a6_': 1.0, '_a7_': 1.0}};{'d0': 0.024905832919416632};-280.569866449044;46.62324536999856
23341;-93.6616878545237;((((pow2((_a3_ + x)) * (_a3_ / (_a3_ * (_a2_ + _a2_)))) + _a3_) * x) * _a0_);{'d0': {'_a0_': 4.637506634495682, '_a2_': 0.6866797505361185, '_a3_': 0.3119297078602672, '_a1_': 1.0, '_a4_': 1.0, '_a5_': 1.0, '_a6_': 1.0, '_a7_': 1.0}};{'d0': 0.024905832919416632};-280.569866449044;46.62324536999856
23342;-93.6616878545237;((((pow2((_a3_ + x)) * (_a3_ / (_a3_ * (_a2_ + _a2_)))) + _a3_) * x) * _a0_);{'d0': {'_a0_': 4.637506634495682, '_a2_': 0.6866797505361185, '_a3_': 0.3119297078602672, '_a1_': 1.0, '_a4_': 1.0, '_a5_': 1.0, '_a6_': 1.0, '_a7_': 1.0}};{'d0': 0.024905832919416632};-280.569866449044;46.62324536999856
23343;-92.9187405574537;((((pow2((_a3_ + x)) * (_a3_ / (_a3_ * (_a2_ ** _a2_)))) + _a3_) * x) * _a0_);{'d0': {'_a0_': 4.637506634284022, '_a2_': 1.2810254703933073, '_a3_': 0.3119297078157027, '_a1_': 1.0, '_a4_': 1.0, '_a5_': 1.0, '_a6_': 1.0, '_a7_': 1.0}};{'d0': 0.024905832919416625};-280.569866449044;47.36619266706856
23344;-92.9187405574537;((((pow2((_a3_ + x)) * (_a3_ / (_a3_ * (_a2_ ** _a2_)))) + _a3_) * x) * _a0_);{'d0': {'_a0_': 4.637506634284022, '_a2_': 1.2810254703933073, '_a3_': 0.3119297078157027, '_a1_': 1.0, '_a4_': 1.0, '_a5_': 1.0, '_a6_': 1.0, '_a7_': 1.0}};{'d0': 0.024905832919416625};-280.569866449044;47.36619266706856
23345;-92.9187405574537;((((pow2((_a3_ + x)) * (_a3_ / (_a3_ * (_a2_ ** _a2_)))) + _a3_) * x) * _a0_);{'d0': {'_a0_': 4.637506634284022, '_a2_': 1.2810254703933073, '_a3_': 0.3119297078157027, '_a1_': 1.0, '_a4_': 1.0, '_a5_': 1.0, '_a6_': 1.0, '_a7_': 1.0}};{'d0': 0.024905832919416625};-280.569866449044;47.36619266706856
23346;-92.9187405574537;((((pow2((_a3_ + x)) * (_a3_ / (_a3_ * (_a2_ ** _a2_)))) + _a3_) * x) * _a0_);{'d0': {'_a0_': 4.637506634284022, '_a2_': 1.2810254703933073, '_a3_': 0.3119297078157027, '_a1_': 1.0, '_a4_': 1.0, '_a5_': 1.0, '_a6_': 1.0, '_a7_': 1.0}};{'d0': 0.024905832919416625};-280.569866449044;47.36619266706856
23347;-92.9187405574537;((((pow2((_a3_ + x)) * (_a3_ / (_a3_ * (_a2_ ** _a2_)))) + _a3_) * x) * _a0_);{'d0': {'_a0_': 4.637506634284022, '_a2_': 1.2810254703933073, '_a3_': 0.3119297078157027, '_a1_': 1.0, '_a4_': 1.0, '_a5_': 1.0, '_a6_': 1.0, '_a7_': 1.0}};{'d0': 0.024905832919416625};-280.569866449044;47.36619266706856
23348;-92.9187405574537;((((pow2((_a3_ + x)) * (_a3_ / (_a3_ * (_a2_ ** _a2_)))) + _a3_) * x) * _a0_);{'d0': {'_a0_': 4.637506634284022, '_a2_': 1.2810254703933073, '_a3_': 0.3119297078157027, '_a1_': 1.0, '_a4_': 1.0, '_a5_': 1.0, '_a6_': 1.0, '_a7_': 1.0}};{'d0': 0.024905832919416625};-280.569866449044;47.36619266706856
23349;-92.9187405574537;((((pow2((_a3_ + x)) * (_a3_ / (_a3_ * (_a2_ ** _a2_)))) + _a3_) * x) * _a0_);{'d0': {'_a0_': 4.637506634284022, '_a2_': 1.2810254703933073, '_a3_': 0.3119297078157027, '_a1_': 1.0, '_a4_': 1.0, '_a5_': 1.0, '_a6_': 1.0, '_a7_': 1.0}};{'d0': 0.024905832919416625};-280.569866449044;47.36619266706856
23350;-94.2162207688937;((((pow2((_a3_ + x)) * (_a3_ / (_a3_ * exp(_a5_)))) + _a3_) * x) * _a0_);{'d0': {'_a0_': 4.6375066276671975, '_a3_': 0.31192970788126473, '_a5_': 0.3172599252497547, '_a1_': 1.0, '_a2_': 1.0, '_a4_': 1.0, '_a6_': 1.0, '_a7_': 1.0}};{'d0': 0.02490583291941665};-280.569866449044;46.06871245562856
23351;-94.2162207688937;((((pow2((_a3_ + x)) * (_a3_ / (_a3_ * exp(_a5_)))) + _a3_) * x) * _a0_);{'d0': {'_a0_': 4.6375066276671975, '_a3_': 0.31192970788126473, '_a5_': 0.3172599252497547, '_a1_': 1.0, '_a2_': 1.0, '_a4_': 1.0, '_a6_': 1.0, '_a7_': 1.0}};{'d0': 0.02490583291941665};-280.569866449044;46.06871245562856
23352;-94.2162207688937;((((pow2((_a3_ + x)) * (_a3_ / (_a3_ * exp(_a5_)))) + _a3_) * x) * _a0_);{'d0': {'_a0_': 4.6375066276671975, '_a3_': 0.31192970788126473, '_a5_': 0.3172599252497547, '_a1_': 1.0, '_a2_': 1.0, '_a4_': 1.0, '_a6_': 1.0, '_a7_': 1.0}};{'d0': 0.02490583291941665};-280.569866449044;46.06871245562856
23353;-94.2162207688937;((((pow2((_a3_ + x)) * (_a3_ / (_a3_ * exp(_a5_)))) + _a3_) * x) * _a0_);{'d0': {'_a0_': 4.6375066276671975, '_a3_': 0.31192970788126473, '_a5_': 0.3172599252497547, '_a1_': 1.0, '_a2_': 1.0, '_a4_': 1.0, '_a6_': 1.0, '_a7_': 1.0}};{'d0': 0.02490583291941665};-280.569866449044;46.06871245562856
23354;-94.2162207688937;((((pow2((_a3_ + x)) * (_a3_ / (_a3_ * exp(_a5_)))) + _a3_) * x) * _a0_);{'d0': {'_a0_': 4.6375066276671975, '_a3_': 0.31192970788126473, '_a5_': 0.3172599252497547, '_a1_': 1.0, '_a2_': 1.0, '_a4_': 1.0, '_a6_': 1.0, '_a7_': 1.0}};{'d0': 0.02490583291941665};-280.569866449044;46.06871245562856
23355;-94.2162207688937;((((pow2((_a3_ + x)) * (_a3_ / (_a3_ * exp(_a5_)))) + _a3_) * x) * _a0_);{'d0': {'_a0_': 4.6375066276671975, '_a3_': 0.31192970788126473, '_a5_': 0.3172599252497547, '_a1_': 1.0, '_a2_': 1.0, '_a4_': 1.0, '_a6_': 1.0, '_a7_': 1.0}};{'d0': 0.02490583291941665};-280.569866449044;46.06871245562856
23356;-94.2162207688937;((((pow2((_a3_ + x)) * (_a3_ / (_a3_ * exp(_a5_)))) + _a3_) * x) * _a0_);{'d0': {'_a0_': 4.6375066276671975, '_a3_': 0.31192970788126473, '_a5_': 0.3172599252497547, '_a1_': 1.0, '_a2_': 1.0, '_a4_': 1.0, '_a6_': 1.0, '_a7_': 1.0}};{'d0': 0.02490583291941665};-280.569866449044;46.06871245562856
23357;-94.2162207688937;((((pow2((_a3_ + x)) * (_a3_ / (_a3_ * exp(_a5_)))) + _a3_) * x) * _a0_);{'d0': {'_a0_': 4.6375066276671975, '_a3_': 0.31192970788126473, '_a5_': 0.3172599252497547, '_a1_': 1.0, '_a2_': 1.0, '_a4_': 1.0, '_a6_': 1.0, '_a7_': 1.0}};{'d0': 0.02490583291941665};-280.569866449044;46.06871245562856
23358;-94.2162207688937;((((pow2((_a3_ + x)) * (_a3_ / (_a3_ * exp(_a5_)))) + _a3_) * x) * _a0_);{'d0': {'_a0_': 4.6375066276671975, '_a3_': 0.31192970788126473, '_a5_': 0.3172599252497547, '_a1_': 1.0, '_a2_': 1.0, '_a4_': 1.0, '_a6_': 1.0, '_a7_': 1.0}};{'d0': 0.02490583291941665};-280.569866449044;46.06871245562856
23359;-94.2162207688937;((((pow2((_a3_ + x)) * (_a3_ / (_a3_ * exp(_a5_)))) + _a3_) * x) * _a0_);{'d0': {'_a0_': 4.6375066276671975, '_a3_': 0.31192970788126473, '_a5_': 0.3172599252497547, '_a1_': 1.0, '_a2_': 1.0, '_a4_': 1.0, '_a6_': 1.0, '_a7_': 1.0}};{'d0': 0.02490583291941665};-280.569866449044;46.06871245562856
23360;-94.2162207688937;((((pow2((_a3_ + x)) * (_a3_ / (_a3_ * exp(_a5_)))) + _a3_) * x) * _a0_);{'d0': {'_a0_': 4.6375066276671975, '_a3_': 0.31192970788126473, '_a5_': 0.3172599252497547, '_a1_': 1.0, '_a2_': 1.0, '_a4_': 1.0, '_a6_': 1.0, '_a7_': 1.0}};{'d0': 0.02490583291941665};-280.569866449044;46.06871245562856
23361;-94.2162207688937;((((pow2((_a3_ + x)) * (_a3_ / (_a3_ * exp(_a5_)))) + _a3_) * x) * _a0_);{'d0': {'_a0_': 4.6375066276671975, '_a3_': 0.31192970788126473, '_a5_': 0.3172599252497547, '_a1_': 1.0, '_a2_': 1.0, '_a4_': 1.0, '_a6_': 1.0, '_a7_': 1.0}};{'d0': 0.02490583291941665};-280.569866449044;46.06871245562856
23362;-94.2162207688937;((((pow2((_a3_ + x)) * (_a3_ / (_a3_ * exp(_a5_)))) + _a3_) * x) * _a0_);{'d0': {'_a0_': 4.6375066276671975, '_a3_': 0.31192970788126473, '_a5_': 0.3172599252497547, '_a1_': 1.0, '_a2_': 1.0, '_a4_': 1.0, '_a6_': 1.0, '_a7_': 1.0}};{'d0': 0.02490583291941665};-280.569866449044;46.06871245562856
23363;-94.2162207688937;((((pow2((_a3_ + x)) * (_a3_ / (_a3_ * exp(_a5_)))) + _a3_) * x) * _a0_);{'d0': {'_a0_': 4.6375066276671975, '_a3_': 0.31192970788126473, '_a5_': 0.3172599252497547, '_a1_': 1.0, '_a2_': 1.0, '_a4_': 1.0, '_a6_': 1.0, '_a7_': 1.0}};{'d0': 0.02490583291941665};-280.569866449044;46.06871245562856
23364;-94.2162207688937;((((pow2((_a3_ + x)) * (_a3_ / (_a3_ * exp(_a5_)))) + _a3_) * x) * _a0_);{'d0': {'_a0_': 4.6375066276671975, '_a3_': 0.31192970788126473, '_a5_': 0.3172599252497547, '_a1_': 1.0, '_a2_': 1.0, '_a4_': 1.0, '_a6_': 1.0, '_a7_': 1.0}};{'d0': 0.02490583291941665};-280.569866449044;46.06871245562856
23365;-94.2162207688937;((((pow2((_a3_ + x)) * (_a3_ / (_a3_ * exp(_a5_)))) + _a3_) * x) * _a0_);{'d0': {'_a0_': 4.6375066276671975, '_a3_': 0.31192970788126473, '_a5_': 0.3172599252497547, '_a1_': 1.0, '_a2_': 1.0, '_a4_': 1.0, '_a6_': 1.0, '_a7_': 1.0}};{'d0': 0.02490583291941665};-280.569866449044;46.06871245562856
23366;-94.2162207688937;((((pow2((_a3_ + x)) * (_a3_ / (_a3_ * exp(_a5_)))) + _a3_) * x) * _a0_);{'d0': {'_a0_': 4.6375066276671975, '_a3_': 0.31192970788126473, '_a5_': 0.3172599252497547, '_a1_': 1.0, '_a2_': 1.0, '_a4_': 1.0, '_a6_': 1.0, '_a7_': 1.0}};{'d0': 0.02490583291941665};-280.569866449044;46.06871245562856
23367;-94.2162207688937;((((pow2((_a3_ + x)) * (_a3_ / (_a3_ * exp(_a5_)))) + _a3_) * x) * _a0_);{'d0': {'_a0_': 4.6375066276671975, '_a3_': 0.31192970788126473, '_a5_': 0.3172599252497547, '_a1_': 1.0, '_a2_': 1.0, '_a4_': 1.0, '_a6_': 1.0, '_a7_': 1.0}};{'d0': 0.02490583291941665};-280.569866449044;46.06871245562856
23368;-94.2162207688937;((((pow2((_a3_ + x)) * (_a3_ / (_a3_ * exp(_a5_)))) + _a3_) * x) * _a0_);{'d0': {'_a0_': 4.6375066276671975, '_a3_': 0.31192970788126473, '_a5_': 0.3172599252497547, '_a1_': 1.0, '_a2_': 1.0, '_a4_': 1.0, '_a6_': 1.0, '_a7_': 1.0}};{'d0': 0.02490583291941665};-280.569866449044;46.06871245562856
23369;-94.2162207688937;((((pow2((_a3_ + x)) * (_a3_ / (_a3_ * exp(_a5_)))) + _a3_) * x) * _a0_);{'d0': {'_a0_': 4.6375066276671975, '_a3_': 0.31192970788126473, '_a5_': 0.3172599252497547, '_a1_': 1.0, '_a2_': 1.0, '_a4_': 1.0, '_a6_': 1.0, '_a7_': 1.0}};{'d0': 0.02490583291941665};-280.569866449044;46.06871245562856
23370;-94.2162207688937;((((pow2((_a3_ + x)) * (_a3_ / (_a3_ * exp(_a5_)))) + _a3_) * x) * _a0_);{'d0': {'_a0_': 4.6375066276671975, '_a3_': 0.31192970788126473, '_a5_': 0.3172599252497547, '_a1_': 1.0, '_a2_': 1.0, '_a4_': 1.0, '_a6_': 1.0, '_a7_': 1.0}};{'d0': 0.02490583291941665};-280.569866449044;46.06871245562856
23371;-94.2162207688937;((((pow2((_a3_ + x)) * (_a3_ / (_a3_ * exp(_a5_)))) + _a3_) * x) * _a0_);{'d0': {'_a0_': 4.6375066276671975, '_a3_': 0.31192970788126473, '_a5_': 0.3172599252497547, '_a1_': 1.0, '_a2_': 1.0, '_a4_': 1.0, '_a6_': 1.0, '_a7_': 1.0}};{'d0': 0.02490583291941665};-280.569866449044;46.06871245562856
23372;-94.2162207688937;((((pow2((_a3_ + x)) * (_a3_ / (_a3_ * exp(_a5_)))) + _a3_) * x) * _a0_);{'d0': {'_a0_': 4.6375066276671975, '_a3_': 0.31192970788126473, '_a5_': 0.3172599252497547, '_a1_': 1.0, '_a2_': 1.0, '_a4_': 1.0, '_a6_': 1.0, '_a7_': 1.0}};{'d0': 0.02490583291941665};-280.569866449044;46.06871245562856
23373;-94.2162207688937;((((pow2((_a3_ + x)) * (_a3_ / (_a3_ * exp(_a5_)))) + _a3_) * x) * _a0_);{'d0': {'_a0_': 4.6375066276671975, '_a3_': 0.31192970788126473, '_a5_': 0.3172599252497547, '_a1_': 1.0, '_a2_': 1.0, '_a4_': 1.0, '_a6_': 1.0, '_a7_': 1.0}};{'d0': 0.02490583291941665};-280.569866449044;46.06871245562856
23374;-94.2162207688937;((((pow2((_a3_ + x)) * (_a3_ / (_a3_ * exp(_a5_)))) + _a3_) * x) * _a0_);{'d0': {'_a0_': 4.6375066276671975, '_a3_': 0.31192970788126473, '_a5_': 0.3172599252497547, '_a1_': 1.0, '_a2_': 1.0, '_a4_': 1.0, '_a6_': 1.0, '_a7_': 1.0}};{'d0': 0.02490583291941665};-280.569866449044;46.06871245562856
23375;-94.2162207688937;((((pow2((_a3_ + x)) * (_a3_ / (_a3_ * exp(_a5_)))) + _a3_) * x) * _a0_);{'d0': {'_a0_': 4.6375066276671975, '_a3_': 0.31192970788126473, '_a5_': 0.3172599252497547, '_a1_': 1.0, '_a2_': 1.0, '_a4_': 1.0, '_a6_': 1.0, '_a7_': 1.0}};{'d0': 0.02490583291941665};-280.569866449044;46.06871245562856
23376;-94.2162207688937;((((pow2((_a3_ + x)) * (_a3_ / (_a3_ * exp(_a5_)))) + _a3_) * x) * _a0_);{'d0': {'_a0_': 4.6375066276671975, '_a3_': 0.31192970788126473, '_a5_': 0.3172599252497547, '_a1_': 1.0, '_a2_': 1.0, '_a4_': 1.0, '_a6_': 1.0, '_a7_': 1.0}};{'d0': 0.02490583291941665};-280.569866449044;46.06871245562856
23377;-94.2162207688937;((((pow2((_a3_ + x)) * (_a3_ / (_a3_ * exp(_a5_)))) + _a3_) * x) * _a0_);{'d0': {'_a0_': 4.6375066276671975, '_a3_': 0.31192970788126473, '_a5_': 0.3172599252497547, '_a1_': 1.0, '_a2_': 1.0, '_a4_': 1.0, '_a6_': 1.0, '_a7_': 1.0}};{'d0': 0.02490583291941665};-280.569866449044;46.06871245562856
23378;-94.2162207688937;((((pow2((_a3_ + x)) * (_a3_ / (_a3_ * exp(_a5_)))) + _a3_) * x) * _a0_);{'d0': {'_a0_': 4.6375066276671975, '_a3_': 0.31192970788126473, '_a5_': 0.3172599252497547, '_a1_': 1.0, '_a2_': 1.0, '_a4_': 1.0, '_a6_': 1.0, '_a7_': 1.0}};{'d0': 0.02490583291941665};-280.569866449044;46.06871245562856
23379;-94.2162207688937;((((pow2((_a3_ + x)) * (_a3_ / (_a3_ * exp(_a5_)))) + _a3_) * x) * _a0_);{'d0': {'_a0_': 4.6375066276671975, '_a3_': 0.31192970788126473, '_a5_': 0.3172599252497547, '_a1_': 1.0, '_a2_': 1.0, '_a4_': 1.0, '_a6_': 1.0, '_a7_': 1.0}};{'d0': 0.02490583291941665};-280.569866449044;46.06871245562856
23380;-94.2162207688937;((((pow2((_a3_ + x)) * (_a3_ / (_a3_ * exp(_a5_)))) + _a3_) * x) * _a0_);{'d0': {'_a0_': 4.6375066276671975, '_a3_': 0.31192970788126473, '_a5_': 0.3172599252497547, '_a1_': 1.0, '_a2_': 1.0, '_a4_': 1.0, '_a6_': 1.0, '_a7_': 1.0}};{'d0': 0.02490583291941665};-280.569866449044;46.06871245562856
23381;-94.2162207688937;((((pow2((_a3_ + x)) * (_a3_ / (_a3_ * exp(_a5_)))) + _a3_) * x) * _a0_);{'d0': {'_a0_': 4.6375066276671975, '_a3_': 0.31192970788126473, '_a5_': 0.3172599252497547, '_a1_': 1.0, '_a2_': 1.0, '_a4_': 1.0, '_a6_': 1.0, '_a7_': 1.0}};{'d0': 0.02490583291941665};-280.569866449044;46.06871245562856
23382;-94.2162207688937;((((pow2((_a3_ + x)) * (_a3_ / (_a3_ * exp(_a5_)))) + _a3_) * x) * _a0_);{'d0': {'_a0_': 4.6375066276671975, '_a3_': 0.31192970788126473, '_a5_': 0.3172599252497547, '_a1_': 1.0, '_a2_': 1.0, '_a4_': 1.0, '_a6_': 1.0, '_a7_': 1.0}};{'d0': 0.02490583291941665};-280.569866449044;46.06871245562856
23383;-94.2162207688937;((((pow2((_a3_ + x)) * (_a3_ / (_a3_ * exp(_a5_)))) + _a3_) * x) * _a0_);{'d0': {'_a0_': 4.6375066276671975, '_a3_': 0.31192970788126473, '_a5_': 0.3172599252497547, '_a1_': 1.0, '_a2_': 1.0, '_a4_': 1.0, '_a6_': 1.0, '_a7_': 1.0}};{'d0': 0.02490583291941665};-280.569866449044;46.06871245562856
23384;-94.2162207688937;((((pow2((_a3_ + x)) * (_a3_ / (_a3_ * exp(_a5_)))) + _a3_) * x) * _a0_);{'d0': {'_a0_': 4.6375066276671975, '_a3_': 0.31192970788126473, '_a5_': 0.3172599252497547, '_a1_': 1.0, '_a2_': 1.0, '_a4_': 1.0, '_a6_': 1.0, '_a7_': 1.0}};{'d0': 0.02490583291941665};-280.569866449044;46.06871245562856
23385;-86.2484474385720;((((pow2(((_a6_ + _a5_) + x)) * (_a3_ / (_a3_ * exp(_a5_)))) + _a3_) * x) * _a0_);{'d0': {'_a0_': 2.167647902105565, '_a3_': 0.6673482410403393, '_a5_': -0.44327424028590795, '_a6_': 0.7552039480911215, '_a1_': 1.0, '_a2_': 1.0, '_a4_': 1.0, '_a7_': 1.0}};{'d0': 0.024905832919566627};-276.475521886460;51.989313504658554
23386;-86.2484474385720;((((pow2(((_a6_ + _a5_) + x)) * (_a3_ / (_a3_ * exp(_a5_)))) + _a3_) * x) * _a0_);{'d0': {'_a0_': 2.167647902105565, '_a3_': 0.6673482410403393, '_a5_': -0.44327424028590795, '_a6_': 0.7552039480911215, '_a1_': 1.0, '_a2_': 1.0, '_a4_': 1.0, '_a7_': 1.0}};{'d0': 0.024905832919566627};-276.475521886460;51.989313504658554
23387;-86.2484474385720;((((pow2(((_a6_ + _a5_) + x)) * (_a3_ / (_a3_ * exp(_a5_)))) + _a3_) * x) * _a0_);{'d0': {'_a0_': 2.167647902105565, '_a3_': 0.6673482410403393, '_a5_': -0.44327424028590795, '_a6_': 0.7552039480911215, '_a1_': 1.0, '_a2_': 1.0, '_a4_': 1.0, '_a7_': 1.0}};{'d0': 0.024905832919566627};-276.475521886460;51.989313504658554
23388;-86.2484474385720;((((pow2(((_a6_ + _a5_) + x)) * (_a3_ / (_a3_ * exp(_a5_)))) + _a3_) * x) * _a0_);{'d0': {'_a0_': 2.167647902105565, '_a3_': 0.6673482410403393, '_a5_': -0.44327424028590795, '_a6_': 0.7552039480911215, '_a1_': 1.0, '_a2_': 1.0, '_a4_': 1.0, '_a7_': 1.0}};{'d0': 0.024905832919566627};-276.475521886460;51.989313504658554
23389;-86.2484474385720;((((pow2(((_a6_ + _a5_) + x)) * (_a3_ / (_a3_ * exp(_a5_)))) + _a3_) * x) * _a0_);{'d0': {'_a0_': 2.167647902105565, '_a3_': 0.6673482410403393, '_a5_': -0.44327424028590795, '_a6_': 0.7552039480911215, '_a1_': 1.0, '_a2_': 1.0, '_a4_': 1.0, '_a7_': 1.0}};{'d0': 0.024905832919566627};-276.475521886460;51.989313504658554
23390;-83.4079582298203;((((pow2((sinh(_a1_) + x)) * (_a3_ / (_a3_ * exp(_a5_)))) + _a3_) * x) * _a0_);{'d0': {'_a0_': 1.9694955769421842, '_a1_': 0.30708069061248605, '_a3_': 0.7344906002649373, '_a5_': -0.5391394383173421, '_a2_': 1.0, '_a4_': 1.0, '_a6_': 1.0, '_a7_': 1.0}};{'d0': 0.024905832919684286};-276.475521886177;54.829802713268556
23391;-83.4079582298203;((((pow2((sinh(_a1_) + x)) * (_a3_ / (_a3_ * exp(_a5_)))) + _a3_) * x) * _a0_);{'d0': {'_a0_': 1.9694955769421842, '_a1_': 0.30708069061248605, '_a3_': 0.7344906002649373, '_a5_': -0.5391394383173421, '_a2_': 1.0, '_a4_': 1.0, '_a6_': 1.0, '_a7_': 1.0}};{'d0': 0.024905832919684286};-276.475521886177;54.829802713268556
23392;-83.4079582301427;((((pow2((sinh(_a1_) + x)) * (_a3_ / (_a3_ * exp(_a5_)))) + _a1_) * x) * _a0_);{'d0': {'_a0_': 4.710736074705754, '_a1_': 0.30708069085867695, '_a5_': 0.33292724363692555, '_a2_': 1.0, '_a3_': 1.0, '_a4_': 1.0, '_a6_': 1.0, '_a7_': 1.0}};{'d0': 0.024905832919416605};-276.475521886822;54.829802713268556
23393;-83.4079582301427;((((pow2((sinh(_a5_) + x)) * (_a3_ / (_a3_ * exp(_a5_)))) + _a1_) * x) * _a0_);{'d0': {'_a0_': 4.590539798459212, '_a1_': 0.3151211301972128, '_a5_': 0.30708069066544513, '_a2_': 1.0, '_a3_': 1.0, '_a4_': 1.0, '_a6_': 1.0, '_a7_': 1.0}};{'d0': 0.024905832919416553};-276.475521886822;54.829802713268556
23394;-83.4079582301427;((((pow2((sinh(_a5_) + x)) * (_a3_ / (_a3_ * exp(_a5_)))) + _a1_) * x) * _a0_);{'d0': {'_a0_': 4.590539798459212, '_a1_': 0.3151211301972128, '_a5_': 0.30708069066544513, '_a2_': 1.0, '_a3_': 1.0, '_a4_': 1.0, '_a6_': 1.0, '_a7_': 1.0}};{'d0': 0.024905832919416553};-276.475521886822;54.829802713268556
23395;-83.4079582301427;((((pow2((sinh(_a5_) + x)) * (_a3_ / (_a3_ * exp(_a5_)))) + _a1_) * x) * _a0_);{'d0': {'_a0_': 4.590539798459212, '_a1_': 0.3151211301972128, '_a5_': 0.30708069066544513, '_a2_': 1.0, '_a3_': 1.0, '_a4_': 1.0, '_a6_': 1.0, '_a7_': 1.0}};{'d0': 0.024905832919416553};-276.475521886822;54.829802713268556
23396;-77.5707354219955;((((pow2((sinh(_a5_) + x)) * ((x / x) / (_a3_ * exp(_a5_)))) + _a1_) * x) * _a0_);{'d0': {'_a0_': 4.590539798459212, '_a1_': 0.3151211301972128, '_a3_': 1.0, '_a5_': 0.30708069066544513, '_a2_': 1.0, '_a4_': 1.0, '_a6_': 1.0, '_a7_': 1.0}};{'d0': 0.024905832919416553};-276.475521886822;60.66702552141575
23397;-77.5707354219955;((((pow2((sinh(_a5_) + x)) * ((x / x) / (_a3_ * exp(_a5_)))) + _a1_) * x) * _a0_);{'d0': {'_a0_': 4.590539798459212, '_a1_': 0.3151211301972128, '_a3_': 1.0, '_a5_': 0.30708069066544513, '_a2_': 1.0, '_a4_': 1.0, '_a6_': 1.0, '_a7_': 1.0}};{'d0': 0.024905832919416553};-276.475521886822;60.66702552141575
23398;-77.5707354219955;((((pow2((sinh(_a5_) + x)) * ((x / x) / (_a3_ * exp(_a5_)))) + _a1_) * x) * _a0_);{'d0': {'_a0_': 4.590539798459212, '_a1_': 0.3151211301972128, '_a3_': 1.0, '_a5_': 0.30708069066544513, '_a2_': 1.0, '_a4_': 1.0, '_a6_': 1.0, '_a7_': 1.0}};{'d0': 0.024905832919416553};-276.475521886822;60.66702552141575
23399;-77.5707354219955;((((pow2((sinh(_a5_) + x)) * ((x / x) / (_a3_ * exp(_a5_)))) + _a1_) * x) * _a0_);{'d0': {'_a0_': 4.590539798459212, '_a1_': 0.3151211301972128, '_a3_': 1.0, '_a5_': 0.30708069066544513, '_a2_': 1.0, '_a4_': 1.0, '_a6_': 1.0, '_a7_': 1.0}};{'d0': 0.024905832919416553};-276.475521886822;60.66702552141575
23400;-77.5707354219955;((((pow2((sinh(_a5_) + x)) * ((x / x) / (_a3_ * exp(_a5_)))) + _a1_) * x) * _a0_);{'d0': {'_a0_': 4.590539798459212, '_a1_': 0.3151211301972128, '_a3_': 1.0, '_a5_': 0.30708069066544513, '_a2_': 1.0, '_a4_': 1.0, '_a6_': 1.0, '_a7_': 1.0}};{'d0': 0.024905832919416553};-276.475521886822;60.66702552141575
23401;-77.5707354219955;((((pow2((sinh(_a5_) + x)) * ((x / x) / (_a3_ * exp(_a5_)))) + _a1_) * x) * _a0_);{'d0': {'_a0_': 4.590539798459212, '_a1_': 0.3151211301972128, '_a3_': 1.0, '_a5_': 0.30708069066544513, '_a2_': 1.0, '_a4_': 1.0, '_a6_': 1.0, '_a7_': 1.0}};{'d0': 0.024905832919416553};-276.475521886822;60.66702552141575
23402;-71.6965815721035;((((pow2((sinh(_a5_) + x)) * ((x / x) / (_a3_ * exp((_a5_ / _a3_))))) + _a1_) * x) * _a0_);{'d0': {'_a0_': 4.590539798459212, '_a1_': 0.3151211301972128, '_a3_': 1.0, '_a5_': 0.30708069066544513, '_a2_': 1.0, '_a4_': 1.0, '_a6_': 1.0, '_a7_': 1.0}};{'d0': 0.024905832919416553};-276.475521886822;66.54117937130775
23403;-71.6965815721035;((((pow2((sinh(_a5_) + x)) * ((x / x) / (_a3_ * exp((_a5_ / _a3_))))) + _a1_) * x) * _a0_);{'d0': {'_a0_': 4.590539798459212, '_a1_': 0.3151211301972128, '_a3_': 1.0, '_a5_': 0.30708069066544513, '_a2_': 1.0, '_a4_': 1.0, '_a6_': 1.0, '_a7_': 1.0}};{'d0': 0.024905832919416553};-276.475521886822;66.54117937130775
23404;-71.6965815721035;((((pow2((sinh(_a5_) + x)) * ((x / x) / (_a3_ * exp((_a5_ / _a3_))))) + _a1_) * x) * _a0_);{'d0': {'_a0_': 4.590539798459212, '_a1_': 0.3151211301972128, '_a3_': 1.0, '_a5_': 0.30708069066544513, '_a2_': 1.0, '_a4_': 1.0, '_a6_': 1.0, '_a7_': 1.0}};{'d0': 0.024905832919416553};-276.475521886822;66.54117937130775
23405;-77.5707354219955;((((pow2((sinh(_a5_) + x)) * ((x / x) / (_a3_ * exp(_a5_)))) + _a1_) * x) * _a0_);{'d0': {'_a0_': 4.590539798459212, '_a1_': 0.3151211301972128, '_a3_': 1.0, '_a5_': 0.30708069066544513, '_a2_': 1.0, '_a4_': 1.0, '_a6_': 1.0, '_a7_': 1.0}};{'d0': 0.024905832919416553};-276.475521886822;60.66702552141575
23406;-99.4619796209257;(_a6_ * ((x * pow2(((_a0_ + _a2_) * ((_a2_ + x) * _a6_)))) + x));{'d0': {'_a0_': 0.7442510009216369, '_a2_': 0.31192970771624196, '_a6_': 1.4465760886895846, '_a1_': 1.0, '_a3_': 1.0, '_a4_': 1.0, '_a5_': 1.0, '_a7_': 1.0}};{'d0': 0.02490583291941663};-280.569866449044;40.82295360359598
23407;-99.4619796209257;(_a6_ * ((x * pow2(((_a0_ + _a2_) * ((_a2_ + x) * _a6_)))) + x));{'d0': {'_a0_': 0.7442510009216369, '_a2_': 0.31192970771624196, '_a6_': 1.4465760886895846, '_a1_': 1.0, '_a3_': 1.0, '_a4_': 1.0, '_a5_': 1.0, '_a7_': 1.0}};{'d0': 0.02490583291941663};-280.569866449044;40.82295360359598
23408;-99.4619796209258;(_a6_ * ((x * pow2(((_a0_ + _a0_) * ((_a2_ + x) * _a6_)))) + x));{'d0': {'_a0_': 0.5280903538409888, '_a2_': 0.3119297077335258, '_a6_': 1.4465760893015784, '_a1_': 1.0, '_a3_': 1.0, '_a4_': 1.0, '_a5_': 1.0, '_a7_': 1.0}};{'d0': 0.024905832919416587};-280.569866449044;40.82295360359598
23409;-99.4619796209258;(_a6_ * ((x * pow2(((_a0_ + _a0_) * ((_a2_ + x) * _a6_)))) + x));{'d0': {'_a0_': 0.5280903538409888, '_a2_': 0.3119297077335258, '_a6_': 1.4465760893015784, '_a1_': 1.0, '_a3_': 1.0, '_a4_': 1.0, '_a5_': 1.0, '_a7_': 1.0}};{'d0': 0.024905832919416587};-280.569866449044;40.82295360359598
23410;-99.4619796209258;(_a6_ * ((x * pow2(((_a0_ + _a0_) * ((_a2_ + x) * _a6_)))) + x));{'d0': {'_a0_': 0.5280903538409888, '_a2_': 0.3119297077335258, '_a6_': 1.4465760893015784, '_a1_': 1.0, '_a3_': 1.0, '_a4_': 1.0, '_a5_': 1.0, '_a7_': 1.0}};{'d0': 0.024905832919416587};-280.569866449044;40.82295360359598
23411;-76.6459214751155;((((pow2((sinh(_a5_) + x)) * ((x / x) / (_a3_ * exp(_a1_)))) + _a1_) * x) / _a0_);{'d0': {'_a0_': 0.943572065631029, '_a1_': 1.3649487885423195, '_a3_': 0.08015570345499898, '_a5_': 0.307080690693433, '_a2_': 1.0, '_a4_': 1.0, '_a6_': 1.0, '_a7_': 1.0}};{'d0': 0.024905832938050307};-276.475521841932;61.59183944585075
23412;-76.6459214751155;((((pow2((sinh(_a5_) + x)) * ((x / x) / (_a3_ * exp(_a1_)))) + _a1_) * x) / _a0_);{'d0': {'_a0_': 0.943572065631029, '_a1_': 1.3649487885423195, '_a3_': 0.08015570345499898, '_a5_': 0.307080690693433, '_a2_': 1.0, '_a4_': 1.0, '_a6_': 1.0, '_a7_': 1.0}};{'d0': 0.024905832938050307};-276.475521841932;61.59183944585075
23413;-76.4098111839671;((((pow2((tan(_a5_) + x)) * ((x / x) / (_a3_ * exp(_a1_)))) + _a1_) * x) / _a0_);{'d0': {'_a0_': 0.9631763285043214, '_a1_': 1.3933078467184754, '_a3_': 0.07632871059385946, '_a5_': 0.30236522961587736, '_a2_': 1.0, '_a4_': 1.0, '_a6_': 1.0, '_a7_': 1.0}};{'d0': 0.024905832919695836};-276.475521886149;61.82794975910775
23414;-76.4098111839671;((((pow2((tan(_a5_) + x)) * ((x / x) / (_a3_ * exp(_a1_)))) + _a1_) * x) / _a0_);{'d0': {'_a0_': 0.9631763285043214, '_a1_': 1.3933078467184754, '_a3_': 0.07632871059385946, '_a5_': 0.30236522961587736, '_a2_': 1.0, '_a4_': 1.0, '_a6_': 1.0, '_a7_': 1.0}};{'d0': 0.024905832919695836};-276.475521886149;61.82794975910775
23415;-76.4098111839671;((((pow2((tan(_a5_) + x)) * ((x / x) / (_a3_ * exp(_a1_)))) + _a1_) * x) / _a0_);{'d0': {'_a0_': 0.9631763285043214, '_a1_': 1.3933078467184754, '_a3_': 0.07632871059385946, '_a5_': 0.30236522961587736, '_a2_': 1.0, '_a4_': 1.0, '_a6_': 1.0, '_a7_': 1.0}};{'d0': 0.024905832919695836};-276.475521886149;61.82794975910775
23416;-79.4959268613909;((((pow2(((_a4_ / _a0_) + x)) * ((x / x) / (_a3_ * exp(_a1_)))) + _a1_) * x) / _a0_);{'d0': {'_a0_': 0.9765297615126508, '_a1_': 1.4126246033945162, '_a3_': 0.07384464298554541, '_a4_': 0.30460864307568997, '_a2_': 1.0, '_a5_': 1.0, '_a6_': 1.0, '_a7_': 1.0}};{'d0': 0.024905832921220478};-276.475521882476;58.74183407984755
23417;-79.4959268613909;((((pow2(((_a4_ / _a0_) + x)) * ((x / x) / (_a3_ * exp(_a1_)))) + _a1_) * x) / _a0_);{'d0': {'_a0_': 0.9765297615126508, '_a1_': 1.4126246033945162, '_a3_': 0.07384464298554541, '_a4_': 0.30460864307568997, '_a2_': 1.0, '_a5_': 1.0, '_a6_': 1.0, '_a7_': 1.0}};{'d0': 0.024905832921220478};-276.475521882476;58.74183407984755
23418;-79.4959268613909;((((pow2(((_a4_ / _a0_) + x)) * ((x / x) / (_a3_ * exp(_a1_)))) + _a1_) * x) / _a0_);{'d0': {'_a0_': 0.9765297615126508, '_a1_': 1.4126246033945162, '_a3_': 0.07384464298554541, '_a4_': 0.30460864307568997, '_a2_': 1.0, '_a5_': 1.0, '_a6_': 1.0, '_a7_': 1.0}};{'d0': 0.024905832921220478};-276.475521882476;58.74183407984755
23419;-79.4959268613909;((((pow2(((_a4_ / _a0_) + x)) * ((x / x) / (_a3_ * exp(_a1_)))) + _a1_) * x) / _a0_);{'d0': {'_a0_': 0.9765297615126508, '_a1_': 1.4126246033945162, '_a3_': 0.07384464298554541, '_a4_': 0.30460864307568997, '_a2_': 1.0, '_a5_': 1.0, '_a6_': 1.0, '_a7_': 1.0}};{'d0': 0.024905832921220478};-276.475521882476;58.74183407984755
23420;-76.5937592192176;((((pow2(((_a4_ / _a0_) + x)) * ((x / x) / ((_a4_ * _a0_) * exp(_a1_)))) + _a1_) * x) / _a0_);{'d0': {'_a0_': 0.7009568342120047, '_a1_': 1.013987396101492, '_a4_': 0.21864926046614241, '_a2_': 1.0, '_a3_': 1.0, '_a5_': 1.0, '_a6_': 1.0, '_a7_': 1.0}};{'d0': 0.024905832919416747};-280.569866449043;63.691174005304546
23421;-76.5937592192176;((((pow2(((_a4_ / _a0_) + x)) * ((x / x) / ((_a4_ * _a0_) * exp(_a1_)))) + _a1_) * x) / _a0_);{'d0': {'_a0_': 0.7009568342120047, '_a1_': 1.013987396101492, '_a4_': 0.21864926046614241, '_a2_': 1.0, '_a3_': 1.0, '_a5_': 1.0, '_a6_': 1.0, '_a7_': 1.0}};{'d0': 0.024905832919416747};-280.569866449043;63.691174005304546
23422;-76.5937592192176;((((pow2(((_a4_ / _a0_) + x)) * ((x / x) / ((_a4_ * _a0_) * exp(_a1_)))) + _a1_) * x) / _a0_);{'d0': {'_a0_': 0.7009568342120047, '_a1_': 1.013987396101492, '_a4_': 0.21864926046614241, '_a2_': 1.0, '_a3_': 1.0, '_a5_': 1.0, '_a6_': 1.0, '_a7_': 1.0}};{'d0': 0.024905832919416747};-280.569866449043;63.691174005304546
23423;-81.9598273538777;((((pow2(((_a4_ / _a0_) + x)) * ((x / x) / ((_a4_ * _a0_) * _a4_))) + _a1_) * x) / _a0_);{'d0': {'_a0_': 1.320828872697377, '_a1_': 1.9106794655460235, '_a4_': 0.4120057644194575, '_a2_': 1.0, '_a3_': 1.0, '_a5_': 1.0, '_a6_': 1.0, '_a7_': 1.0}};{'d0': 0.02490583291941665};-280.569866449044;58.32510587064455
23424;-81.9598273538777;((((pow2(((_a4_ / _a0_) + x)) * ((x / x) / ((_a4_ * _a0_) * _a4_))) + _a1_) * x) / _a0_);{'d0': {'_a0_': 1.320828872697377, '_a1_': 1.9106794655460235, '_a4_': 0.4120057644194575, '_a2_': 1.0, '_a3_': 1.0, '_a5_': 1.0, '_a6_': 1.0, '_a7_': 1.0}};{'d0': 0.02490583291941665};-280.569866449044;58.32510587064455
23425;-81.9598273538777;((((pow2(((_a4_ / _a0_) + x)) * ((x / x) / ((_a4_ * _a0_) * _a4_))) + _a1_) * x) / _a0_);{'d0': {'_a0_': 1.320828872697377, '_a1_': 1.9106794655460235, '_a4_': 0.4120057644194575, '_a2_': 1.0, '_a3_': 1.0, '_a5_': 1.0, '_a6_': 1.0, '_a7_': 1.0}};{'d0': 0.02490583291941665};-280.569866449044;58.32510587064455
23426;-86.9091672793346;((((pow2(((_a4_ / _a0_) + x)) * ((x / x) / (_a0_ * _a4_))) + _a1_) * x) / _a0_);{'d0': {'_a0_': 0.982835839215734, '_a1_': 1.4217468253816714, '_a4_': 0.30657569617119723, '_a2_': 1.0, '_a3_': 1.0, '_a5_': 1.0, '_a6_': 1.0, '_a7_': 1.0}};{'d0': 0.0249058329194167};-280.569866449043;53.37576594518755
23427;-86.9091672793346;((((pow2(((_a4_ / _a0_) + x)) * ((x / x) / (_a0_ * _a4_))) + _a1_) * x) / _a0_);{'d0': {'_a0_': 0.982835839215734, '_a1_': 1.4217468253816714, '_a4_': 0.30657569617119723, '_a2_': 1.0, '_a3_': 1.0, '_a5_': 1.0, '_a6_': 1.0, '_a7_': 1.0}};{'d0': 0.0249058329194167};-280.569866449043;53.37576594518755
23428;-86.9091672793346;((((pow2(((_a4_ / _a0_) + x)) * ((x / x) / (_a0_ * _a4_))) + _a1_) * x) / _a0_);{'d0': {'_a0_': 0.982835839215734, '_a1_': 1.4217468253816714, '_a4_': 0.30657569617119723, '_a2_': 1.0, '_a3_': 1.0, '_a5_': 1.0, '_a6_': 1.0, '_a7_': 1.0}};{'d0': 0.0249058329194167};-280.569866449043;53.37576594518755
23429;-84.8619949977172;((((pow2(((_a4_ / _a0_) + x)) * ((x / x) / (_a3_ * _a4_))) + _a1_) * x) / _a0_);{'d0': {'_a0_': 1.000139698929448, '_a1_': 1.4467781744682322, '_a3_': 0.9491209342021838, '_a4_': 0.3119732839787276, '_a2_': 1.0, '_a5_': 1.0, '_a6_': 1.0, '_a7_': 1.0}};{'d0': 0.024905832919837098};-276.475521885809;53.37576594518755
23430;-91.6145155625561;(_a6_ * ((x * pow2((((_a3_ * _a3_) + _a0_) * ((_a2_ + x) / _a2_)))) + x));{'d0': {'_a0_': -0.6634442246108614, '_a2_': 0.3119297078315233, '_a3_': 1.0677194767743172, '_a6_': 1.446576089467576, '_a1_': 1.0, '_a4_': 1.0, '_a5_': 1.0, '_a7_': 1.0}};{'d0': 0.024905832928429402};-276.475521865109;46.62324536999837
23431;-91.6145155625561;(_a6_ * ((x * pow2((((_a3_ * _a3_) + _a0_) * ((_a2_ + x) / _a2_)))) + x));{'d0': {'_a0_': -0.6634442246108614, '_a2_': 0.3119297078315233, '_a3_': 1.0677194767743172, '_a6_': 1.446576089467576, '_a1_': 1.0, '_a4_': 1.0, '_a5_': 1.0, '_a7_': 1.0}};{'d0': 0.024905832928429402};-276.475521865109;46.62324536999837
23432;-91.6145155625561;(_a6_ * ((x * pow2((((_a3_ * _a3_) + _a0_) * ((_a2_ + x) / _a2_)))) + x));{'d0': {'_a0_': -0.6634442246108614, '_a2_': 0.3119297078315233, '_a3_': 1.0677194767743172, '_a6_': 1.446576089467576, '_a1_': 1.0, '_a4_': 1.0, '_a5_': 1.0, '_a7_': 1.0}};{'d0': 0.024905832928429402};-276.475521865109;46.62324536999837
23433;-91.6145155056068;(_a6_ * ((x * pow2((((_a2_ * _a3_) + _a0_) * ((_a2_ + x) / _a2_)))) + x));{'d0': {'_a0_': 329.24355229208834, '_a2_': 0.3119297075218087, '_a3_': -1057.033441774456, '_a6_': 1.4465760888652242, '_a1_': 1.0, '_a4_': 1.0, '_a5_': 1.0, '_a7_': 1.0}};{'d0': 0.0249058329757084};-276.475521751210;46.62324536999837
23434;-91.6145155056068;(_a6_ * ((x * pow2((((_a2_ * _a3_) + _a0_) * ((_a2_ + x) / _a2_)))) + x));{'d0': {'_a0_': 329.24355229208834, '_a2_': 0.3119297075218087, '_a3_': -1057.033441774456, '_a6_': 1.4465760888652242, '_a1_': 1.0, '_a4_': 1.0, '_a5_': 1.0, '_a7_': 1.0}};{'d0': 0.0249058329757084};-276.475521751210;46.62324536999837
23435;-91.6145155056068;(_a6_ * ((x * pow2((((_a2_ * _a3_) + _a0_) * ((_a2_ + x) / _a2_)))) + x));{'d0': {'_a0_': 329.24355229208834, '_a2_': 0.3119297075218087, '_a3_': -1057.033441774456, '_a6_': 1.4465760888652242, '_a1_': 1.0, '_a4_': 1.0, '_a5_': 1.0, '_a7_': 1.0}};{'d0': 0.0249058329757084};-276.475521751210;46.62324536999837
23436;-92.8839082199888;(_a6_ * ((x * pow2(((-(_a1_) + _a0_) * ((_a2_ + x) / _a2_)))) + x));{'d0': {'_a0_': -4615.21778400391, '_a1_': -4615.694363903988, '_a2_': 0.31192970779500107, '_a6_': 1.4465760894108453, '_a3_': 1.0, '_a4_': 1.0, '_a5_': 1.0, '_a7_': 1.0}};{'d0': 0.024905833017894403};-276.475521649581;45.35385260480176
23437;-92.8839082199888;(_a6_ * ((x * pow2(((-(_a1_) + _a0_) * ((_a2_ + x) / _a2_)))) + x));{'d0': {'_a0_': -4615.21778400391, '_a1_': -4615.694363903988, '_a2_': 0.31192970779500107, '_a6_': 1.4465760894108453, '_a3_': 1.0, '_a4_': 1.0, '_a5_': 1.0, '_a7_': 1.0}};{'d0': 0.024905833017894403};-276.475521649581;45.35385260480176
23438;-92.8839082199888;(_a6_ * ((x * pow2(((-(_a1_) + _a0_) * ((_a2_ + x) / _a2_)))) + x));{'d0': {'_a0_': -4615.21778400391, '_a1_': -4615.694363903988, '_a2_': 0.31192970779500107, '_a6_': 1.4465760894108453, '_a3_': 1.0, '_a4_': 1.0, '_a5_': 1.0, '_a7_': 1.0}};{'d0': 0.024905833017894403};-276.475521649581;45.35385260480176
23439;-86.6761966024815;((((pow2(((_a4_ / (_a3_ * _a3_)) + x)) * (_a0_ * (_a3_ * _a4_))) + _a1_) * x) / _a0_);{'d0': {'_a0_': 0.21217919968962262, '_a1_': 0.30693336606078475, '_a3_': 2.212149751292542, '_a4_': 1.52646125147609, '_a2_': 1.0, '_a5_': 1.0, '_a6_': 1.0, '_a7_': 1.0}};{'d0': 0.02490583291944562};-276.475521886752;51.561564340894755
23440;-86.6761966024815;((((pow2(((_a4_ / (_a3_ * _a3_)) + x)) * (_a0_ * (_a3_ * _a4_))) + _a1_) * x) / _a0_);{'d0': {'_a0_': 0.21217919968962262, '_a1_': 0.30693336606078475, '_a3_': 2.212149751292542, '_a4_': 1.52646125147609, '_a2_': 1.0, '_a5_': 1.0, '_a6_': 1.0, '_a7_': 1.0}};{'d0': 0.02490583291944562};-276.475521886752;51.561564340894755
23441;-86.6761966024815;((((pow2(((_a4_ / (_a3_ * _a3_)) + x)) * (_a0_ * (_a3_ * _a4_))) + _a1_) * x) / _a0_);{'d0': {'_a0_': 0.21217919968962262, '_a1_': 0.30693336606078475, '_a3_': 2.212149751292542, '_a4_': 1.52646125147609, '_a2_': 1.0, '_a5_': 1.0, '_a6_': 1.0, '_a7_': 1.0}};{'d0': 0.02490583291944562};-276.475521886752;51.561564340894755
23442;-86.6761966024815;((((pow2(((_a4_ / (_a3_ * _a3_)) + x)) * (_a0_ * (_a3_ * _a4_))) + _a1_) * x) / _a0_);{'d0': {'_a0_': 0.21217919968962262, '_a1_': 0.30693336606078475, '_a3_': 2.212149751292542, '_a4_': 1.52646125147609, '_a2_': 1.0, '_a5_': 1.0, '_a6_': 1.0, '_a7_': 1.0}};{'d0': 0.02490583291944562};-276.475521886752;51.561564340894755
23443;-86.6761966024815;((((pow2(((_a4_ / (_a3_ * _a3_)) + x)) * (_a0_ * (_a3_ * _a4_))) + _a1_) * x) / _a0_);{'d0': {'_a0_': 0.21217919968962262, '_a1_': 0.30693336606078475, '_a3_': 2.212149751292542, '_a4_': 1.52646125147609, '_a2_': 1.0, '_a5_': 1.0, '_a6_': 1.0, '_a7_': 1.0}};{'d0': 0.02490583291944562};-276.475521886752;51.561564340894755
23444;-86.6761966024815;((((pow2(((_a4_ / (_a3_ * _a3_)) + x)) * (_a0_ * (_a3_ * _a4_))) + _a1_) * x) / _a0_);{'d0': {'_a0_': 0.21217919968962262, '_a1_': 0.30693336606078475, '_a3_': 2.212149751292542, '_a4_': 1.52646125147609, '_a2_': 1.0, '_a5_': 1.0, '_a6_': 1.0, '_a7_': 1.0}};{'d0': 0.02490583291944562};-276.475521886752;51.561564340894755
23445;-86.6761966024815;((((pow2(((_a4_ / (_a3_ * _a3_)) + x)) * (_a0_ * (_a3_ * _a4_))) + _a1_) * x) / _a0_);{'d0': {'_a0_': 0.21217919968962262, '_a1_': 0.30693336606078475, '_a3_': 2.212149751292542, '_a4_': 1.52646125147609, '_a2_': 1.0, '_a5_': 1.0, '_a6_': 1.0, '_a7_': 1.0}};{'d0': 0.02490583291944562};-276.475521886752;51.561564340894755
23446;-86.6761966024815;((((pow2(((_a4_ / (_a3_ * _a3_)) + x)) * (_a0_ * (_a3_ * _a4_))) + _a1_) * x) / _a0_);{'d0': {'_a0_': 0.21217919968962262, '_a1_': 0.30693336606078475, '_a3_': 2.212149751292542, '_a4_': 1.52646125147609, '_a2_': 1.0, '_a5_': 1.0, '_a6_': 1.0, '_a7_': 1.0}};{'d0': 0.02490583291944562};-276.475521886752;51.561564340894755
23447;-86.6761966024815;((((pow2(((_a4_ / (_a3_ * _a3_)) + x)) * (_a0_ * (_a3_ * _a4_))) + _a1_) * x) / _a0_);{'d0': {'_a0_': 0.21217919968962262, '_a1_': 0.30693336606078475, '_a3_': 2.212149751292542, '_a4_': 1.52646125147609, '_a2_': 1.0, '_a5_': 1.0, '_a6_': 1.0, '_a7_': 1.0}};{'d0': 0.02490583291944562};-276.475521886752;51.561564340894755
23448;-86.5925427517865;((((pow2(((_a4_ / (_a3_ * _a3_)) + x)) * (_a0_ * (_a3_ * _a4_))) + _a1_) * x) + _a0_);{'d0': {'_a0_': 5.741211226760724e-06, '_a1_': 1.446586038580079, '_a3_': 123.54145992822863, '_a4_': 4760.7943645847845, '_a2_': 1.0, '_a5_': 1.0, '_a6_': 1.0, '_a7_': 1.0}};{'d0': 0.02490606173022786};-276.474970667127;51.644942581777556
23449;-86.5925427517865;((((pow2(((_a4_ / (_a3_ * _a3_)) + x)) * (_a0_ * (_a3_ * _a4_))) + _a1_) * x) + _a0_);{'d0': {'_a0_': 5.741211226760724e-06, '_a1_': 1.446586038580079, '_a3_': 123.54145992822863, '_a4_': 4760.7943645847845, '_a2_': 1.0, '_a5_': 1.0, '_a6_': 1.0, '_a7_': 1.0}};{'d0': 0.02490606173022786};-276.474970667127;51.644942581777556
23450;-86.5925427517865;((((pow2(((_a4_ / (_a3_ * _a3_)) + x)) * (_a0_ * (_a3_ * _a4_))) + _a1_) * x) + _a0_);{'d0': {'_a0_': 5.741211226760724e-06, '_a1_': 1.446586038580079, '_a3_': 123.54145992822863, '_a4_': 4760.7943645847845, '_a2_': 1.0, '_a5_': 1.0, '_a6_': 1.0, '_a7_': 1.0}};{'d0': 0.02490606173022786};-276.474970667127;51.644942581777556
23451;-86.5925427517865;((((pow2(((_a4_ / (_a3_ * _a3_)) + x)) * (_a0_ * (_a3_ * _a4_))) + _a1_) * x) + _a0_);{'d0': {'_a0_': 5.741211226760724e-06, '_a1_': 1.446586038580079, '_a3_': 123.54145992822863, '_a4_': 4760.7943645847845, '_a2_': 1.0, '_a5_': 1.0, '_a6_': 1.0, '_a7_': 1.0}};{'d0': 0.02490606173022786};-276.474970667127;51.644942581777556
23452;-86.5925427517865;((((pow2(((_a4_ / (_a3_ * _a3_)) + x)) * (_a0_ * (_a3_ * _a4_))) + _a1_) * x) + _a0_);{'d0': {'_a0_': 5.741211226760724e-06, '_a1_': 1.446586038580079, '_a3_': 123.54145992822863, '_a4_': 4760.7943645847845, '_a2_': 1.0, '_a5_': 1.0, '_a6_': 1.0, '_a7_': 1.0}};{'d0': 0.02490606173022786};-276.474970667127;51.644942581777556
23453;-86.5925427517865;((((pow2(((_a4_ / (_a3_ * _a3_)) + x)) * (_a0_ * (_a3_ * _a4_))) + _a1_) * x) + _a0_);{'d0': {'_a0_': 5.741211226760724e-06, '_a1_': 1.446586038580079, '_a3_': 123.54145992822863, '_a4_': 4760.7943645847845, '_a2_': 1.0, '_a5_': 1.0, '_a6_': 1.0, '_a7_': 1.0}};{'d0': 0.02490606173022786};-276.474970667127;51.644942581777556
23454;-86.5925427517865;((((pow2(((_a4_ / (_a3_ * _a3_)) + x)) * (_a0_ * (_a3_ * _a4_))) + _a1_) * x) + _a0_);{'d0': {'_a0_': 5.741211226760724e-06, '_a1_': 1.446586038580079, '_a3_': 123.54145992822863, '_a4_': 4760.7943645847845, '_a2_': 1.0, '_a5_': 1.0, '_a6_': 1.0, '_a7_': 1.0}};{'d0': 0.02490606173022786};-276.474970667127;51.644942581777556
23455;-86.5925427517865;((((pow2(((_a4_ / (_a3_ * _a3_)) + x)) * (_a0_ * (_a3_ * _a4_))) + _a1_) * x) + _a0_);{'d0': {'_a0_': 5.741211226760724e-06, '_a1_': 1.446586038580079, '_a3_': 123.54145992822863, '_a4_': 4760.7943645847845, '_a2_': 1.0, '_a5_': 1.0, '_a6_': 1.0, '_a7_': 1.0}};{'d0': 0.02490606173022786};-276.474970667127;51.644942581777556
23456;-86.5925427517865;((((pow2(((_a4_ / (_a3_ * _a3_)) + x)) * (_a0_ * (_a3_ * _a4_))) + _a1_) * x) + _a0_);{'d0': {'_a0_': 5.741211226760724e-06, '_a1_': 1.446586038580079, '_a3_': 123.54145992822863, '_a4_': 4760.7943645847845, '_a2_': 1.0, '_a5_': 1.0, '_a6_': 1.0, '_a7_': 1.0}};{'d0': 0.02490606173022786};-276.474970667127;51.644942581777556
23457;-86.5925427517865;((((pow2(((_a4_ / (_a3_ * _a3_)) + x)) * (_a0_ * (_a3_ * _a4_))) + _a1_) * x) + _a0_);{'d0': {'_a0_': 5.741211226760724e-06, '_a1_': 1.446586038580079, '_a3_': 123.54145992822863, '_a4_': 4760.7943645847845, '_a2_': 1.0, '_a5_': 1.0, '_a6_': 1.0, '_a7_': 1.0}};{'d0': 0.02490606173022786};-276.474970667127;51.644942581777556
23458;-86.5925427517865;((((pow2(((_a4_ / (_a3_ * _a3_)) + x)) * (_a0_ * (_a3_ * _a4_))) + _a1_) * x) + _a0_);{'d0': {'_a0_': 5.741211226760724e-06, '_a1_': 1.446586038580079, '_a3_': 123.54145992822863, '_a4_': 4760.7943645847845, '_a2_': 1.0, '_a5_': 1.0, '_a6_': 1.0, '_a7_': 1.0}};{'d0': 0.02490606173022786};-276.474970667127;51.644942581777556
23459;-86.5925427517865;((((pow2(((_a4_ / (_a3_ * _a3_)) + x)) * (_a0_ * (_a3_ * _a4_))) + _a1_) * x) + _a0_);{'d0': {'_a0_': 5.741211226760724e-06, '_a1_': 1.446586038580079, '_a3_': 123.54145992822863, '_a4_': 4760.7943645847845, '_a2_': 1.0, '_a5_': 1.0, '_a6_': 1.0, '_a7_': 1.0}};{'d0': 0.02490606173022786};-276.474970667127;51.644942581777556
23460;-86.5925427517865;((((pow2(((_a4_ / (_a3_ * _a3_)) + x)) * (_a0_ * (_a3_ * _a4_))) + _a1_) * x) + _a0_);{'d0': {'_a0_': 5.741211226760724e-06, '_a1_': 1.446586038580079, '_a3_': 123.54145992822863, '_a4_': 4760.7943645847845, '_a2_': 1.0, '_a5_': 1.0, '_a6_': 1.0, '_a7_': 1.0}};{'d0': 0.02490606173022786};-276.474970667127;51.644942581777556
23461;-86.5925427517865;((((pow2(((_a4_ / (_a3_ * _a3_)) + x)) * (_a0_ * (_a3_ * _a4_))) + _a1_) * x) + _a0_);{'d0': {'_a0_': 5.741211226760724e-06, '_a1_': 1.446586038580079, '_a3_': 123.54145992822863, '_a4_': 4760.7943645847845, '_a2_': 1.0, '_a5_': 1.0, '_a6_': 1.0, '_a7_': 1.0}};{'d0': 0.02490606173022786};-276.474970667127;51.644942581777556
23462;-86.5925427517865;((((pow2(((_a4_ / (_a3_ * _a3_)) + x)) * (_a0_ * (_a3_ * _a4_))) + _a1_) * x) + _a0_);{'d0': {'_a0_': 5.741211226760724e-06, '_a1_': 1.446586038580079, '_a3_': 123.54145992822863, '_a4_': 4760.7943645847845, '_a2_': 1.0, '_a5_': 1.0, '_a6_': 1.0, '_a7_': 1.0}};{'d0': 0.02490606173022786};-276.474970667127;51.644942581777556
23463;-86.5924908336490;((((pow2(((_a3_ / (_a3_ * _a3_)) + x)) * (_a0_ * (_a3_ * _a4_))) + _a1_) * x) + _a0_);{'d0': {'_a0_': 6.819292717473384e-06, '_a1_': 1.4465879029374036, '_a3_': 3.2058742215165057, '_a4_': 154457.55584770758, '_a2_': 1.0, '_a5_': 1.0, '_a6_': 1.0, '_a7_': 1.0}};{'d0': 0.024906104832809712};-276.474866830852;51.644942581777556
23464;-93.1445149127550;(((pow2((_a4_ + (_a4_ + x))) / _a6_) + -(_a3_)) * (x * (_a4_ ** _a4_)));{'d0': {'_a3_': -1.9328615570947778, '_a4_': 0.1559648538880114, '_a6_': 0.22163596047003573, '_a0_': 1.0, '_a1_': 1.0, '_a2_': 1.0, '_a5_': 1.0, '_a7_': 1.0}};{'d0': 0.024905832919416664};-280.569866449044;47.140418311766666
23465;-93.1445149127550;(((pow2((_a4_ + (_a4_ + x))) / _a6_) + -(_a3_)) * (x * (_a4_ ** _a4_)));{'d0': {'_a3_': -1.9328615570947778, '_a4_': 0.1559648538880114, '_a6_': 0.22163596047003573, '_a0_': 1.0, '_a1_': 1.0, '_a2_': 1.0, '_a5_': 1.0, '_a7_': 1.0}};{'d0': 0.024905832919416664};-280.569866449044;47.140418311766666
23466;-93.1445149127550;(((pow2((_a4_ + (_a4_ + x))) / _a6_) + -(_a3_)) * (x * (_a4_ ** _a4_)));{'d0': {'_a3_': -1.9328615570947778, '_a4_': 0.1559648538880114, '_a6_': 0.22163596047003573, '_a0_': 1.0, '_a1_': 1.0, '_a2_': 1.0, '_a5_': 1.0, '_a7_': 1.0}};{'d0': 0.024905832919416664};-280.569866449044;47.140418311766666
23467;-93.1445149127550;(((pow2((_a4_ + (_a4_ + x))) / _a6_) + -(_a3_)) * (x * (_a4_ ** _a4_)));{'d0': {'_a3_': -1.9328615570947778, '_a4_': 0.1559648538880114, '_a6_': 0.22163596047003573, '_a0_': 1.0, '_a1_': 1.0, '_a2_': 1.0, '_a5_': 1.0, '_a7_': 1.0}};{'d0': 0.024905832919416664};-280.569866449044;47.140418311766666
23468;-93.1445149127550;(((pow2((_a4_ + (_a4_ + x))) / _a6_) + -(_a3_)) * (x * (_a4_ ** _a4_)));{'d0': {'_a3_': -1.9328615570947778, '_a4_': 0.1559648538880114, '_a6_': 0.22163596047003573, '_a0_': 1.0, '_a1_': 1.0, '_a2_': 1.0, '_a5_': 1.0, '_a7_': 1.0}};{'d0': 0.024905832919416664};-280.569866449044;47.140418311766666
23469;-93.1445149127550;(((pow2((_a4_ + (_a4_ + x))) / _a6_) + -(_a3_)) * (x * (_a4_ ** _a4_)));{'d0': {'_a3_': -1.9328615570947778, '_a4_': 0.1559648538880114, '_a6_': 0.22163596047003573, '_a0_': 1.0, '_a1_': 1.0, '_a2_': 1.0, '_a5_': 1.0, '_a7_': 1.0}};{'d0': 0.024905832919416664};-280.569866449044;47.140418311766666
23470;-93.1445149127550;(((pow2((_a4_ + (_a4_ + x))) / _a6_) + -(_a3_)) * (x * (_a4_ ** _a4_)));{'d0': {'_a3_': -1.9328615570947778, '_a4_': 0.1559648538880114, '_a6_': 0.22163596047003573, '_a0_': 1.0, '_a1_': 1.0, '_a2_': 1.0, '_a5_': 1.0, '_a7_': 1.0}};{'d0': 0.024905832919416664};-280.569866449044;47.140418311766666
23471;-93.1445149127550;(((pow2((_a4_ + (_a4_ + x))) / _a6_) + -(_a3_)) * (x * (_a4_ ** _a4_)));{'d0': {'_a3_': -1.9328615570947778, '_a4_': 0.1559648538880114, '_a6_': 0.22163596047003573, '_a0_': 1.0, '_a1_': 1.0, '_a2_': 1.0, '_a5_': 1.0, '_a7_': 1.0}};{'d0': 0.024905832919416664};-280.569866449044;47.140418311766666
23472;-93.1445149127550;(((pow2((_a4_ + (_a4_ + x))) / _a6_) + -(_a3_)) * (x * (_a4_ ** _a4_)));{'d0': {'_a3_': -1.9328615570947778, '_a4_': 0.1559648538880114, '_a6_': 0.22163596047003573, '_a0_': 1.0, '_a1_': 1.0, '_a2_': 1.0, '_a5_': 1.0, '_a7_': 1.0}};{'d0': 0.024905832919416664};-280.569866449044;47.140418311766666
23473;-93.1445149127550;(((pow2((_a4_ + (_a4_ + x))) / _a6_) + -(_a3_)) * (x * (_a4_ ** _a4_)));{'d0': {'_a3_': -1.9328615570947778, '_a4_': 0.1559648538880114, '_a6_': 0.22163596047003573, '_a0_': 1.0, '_a1_': 1.0, '_a2_': 1.0, '_a5_': 1.0, '_a7_': 1.0}};{'d0': 0.024905832919416664};-280.569866449044;47.140418311766666
23474;-93.1445149127550;(((pow2((_a4_ + (_a4_ + x))) / _a6_) + -(_a3_)) * (x * (_a4_ ** _a4_)));{'d0': {'_a3_': -1.9328615570947778, '_a4_': 0.1559648538880114, '_a6_': 0.22163596047003573, '_a0_': 1.0, '_a1_': 1.0, '_a2_': 1.0, '_a5_': 1.0, '_a7_': 1.0}};{'d0': 0.024905832919416664};-280.569866449044;47.140418311766666
23475;-93.1445149127550;(((pow2((_a4_ + (_a4_ + x))) / _a6_) + -(_a3_)) * (x * (_a4_ ** _a4_)));{'d0': {'_a3_': -1.9328615570947778, '_a4_': 0.1559648538880114, '_a6_': 0.22163596047003573, '_a0_': 1.0, '_a1_': 1.0, '_a2_': 1.0, '_a5_': 1.0, '_a7_': 1.0}};{'d0': 0.024905832919416664};-280.569866449044;47.140418311766666
23476;-93.1445149127550;(((pow2((_a4_ + (_a4_ + x))) / _a6_) + -(_a3_)) * (x * (_a4_ ** _a4_)));{'d0': {'_a3_': -1.9328615570947778, '_a4_': 0.1559648538880114, '_a6_': 0.22163596047003573, '_a0_': 1.0, '_a1_': 1.0, '_a2_': 1.0, '_a5_': 1.0, '_a7_': 1.0}};{'d0': 0.024905832919416664};-280.569866449044;47.140418311766666
23477;-93.1445149127550;(((pow2((_a4_ + (_a4_ + x))) / _a6_) + -(_a3_)) * (x * (_a4_ ** _a4_)));{'d0': {'_a3_': -1.9328615570947778, '_a4_': 0.1559648538880114, '_a6_': 0.22163596047003573, '_a0_': 1.0, '_a1_': 1.0, '_a2_': 1.0, '_a5_': 1.0, '_a7_': 1.0}};{'d0': 0.024905832919416664};-280.569866449044;47.140418311766666
23478;-93.1445149127549;(((pow2((_a6_ + (_a4_ + x))) / _a6_) + -(_a3_)) * (x * (_a4_ ** _a4_)));{'d0': {'_a3_': -1.722477742817877, '_a4_': 0.06322308210579121, '_a6_': 0.24870662579465952, '_a0_': 1.0, '_a1_': 1.0, '_a2_': 1.0, '_a5_': 1.0, '_a7_': 1.0}};{'d0': 0.02490583291941673};-280.569866449043;47.140418311766666
23479;-93.1445149127549;(((pow2((_a6_ + (_a4_ + x))) / _a6_) + -(_a3_)) * (x * (_a4_ ** _a4_)));{'d0': {'_a3_': -1.722477742817877, '_a4_': 0.06322308210579121, '_a6_': 0.24870662579465952, '_a0_': 1.0, '_a1_': 1.0, '_a2_': 1.0, '_a5_': 1.0, '_a7_': 1.0}};{'d0': 0.02490583291941673};-280.569866449043;47.140418311766666
23480;-93.1445149127549;(((pow2((_a6_ + (_a4_ + x))) / _a6_) + -(_a3_)) * (x * (_a4_ ** _a4_)));{'d0': {'_a3_': -1.722477742817877, '_a4_': 0.06322308210579121, '_a6_': 0.24870662579465952, '_a0_': 1.0, '_a1_': 1.0, '_a2_': 1.0, '_a5_': 1.0, '_a7_': 1.0}};{'d0': 0.02490583291941673};-280.569866449043;47.140418311766666
23481;-93.1445149127549;(((pow2((_a6_ + (_a4_ + x))) / _a6_) + -(_a3_)) * (x * (_a4_ ** _a4_)));{'d0': {'_a3_': -1.722477742817877, '_a4_': 0.06322308210579121, '_a6_': 0.24870662579465952, '_a0_': 1.0, '_a1_': 1.0, '_a2_': 1.0, '_a5_': 1.0, '_a7_': 1.0}};{'d0': 0.02490583291941673};-280.569866449043;47.140418311766666
23482;-93.1445149127551;(((pow2((_a6_ + (_a4_ + x))) / _a4_) + -(_a3_)) * (x * (_a4_ ** _a4_)));{'d0': {'_a3_': -2.01095891477616, '_a4_': 0.21302853331272606, '_a6_': 0.09890117441698323, '_a0_': 1.0, '_a1_': 1.0, '_a2_': 1.0, '_a5_': 1.0, '_a7_': 1.0}};{'d0': 0.024905832919416622};-280.569866449044;47.140418311766666
23483;-91.9474794338805;(((pow2((_a6_ + (_a4_ + x))) / _a4_) + (_a1_ * x)) * (x * (_a4_ ** _a4_)));{'d0': {'_a1_': -3.8785071000964666, '_a4_': 0.21302853316915973, '_a6_': 0.5120175138184182, '_a0_': 1.0, '_a2_': 1.0, '_a3_': 1.0, '_a5_': 1.0, '_a7_': 1.0}};{'d0': 0.024905832919416598};-280.569866449044;48.33745379064128
23484;-91.9474794338805;(((pow2((_a6_ + (_a4_ + x))) / _a4_) + (_a1_ * x)) * (x * (_a4_ ** _a4_)));{'d0': {'_a1_': -3.8785071000964666, '_a4_': 0.21302853316915973, '_a6_': 0.5120175138184182, '_a0_': 1.0, '_a2_': 1.0, '_a3_': 1.0, '_a5_': 1.0, '_a7_': 1.0}};{'d0': 0.024905832919416598};-280.569866449044;48.33745379064128
23485;-95.9023417432929;(_a6_ * ((x * pow2(((-(_a1_) * _a6_) * ((_a2_ + x) / _a2_)))) + x));{'d0': {'_a1_': -0.3294541396387386, '_a2_': 0.3119297078159088, '_a6_': 1.4465760891726425, '_a0_': 1.0, '_a3_': 1.0, '_a4_': 1.0, '_a5_': 1.0, '_a7_': 1.0}};{'d0': 0.024905832919416657};-280.569866449044;44.382591481228765
23486;-95.9023417432930;(_a6_ * ((x * pow2(((-(_a7_) * _a6_) * ((_a2_ + x) / _a2_)))) + x));{'d0': {'_a2_': 0.3119297078583135, '_a6_': 1.4465760894082529, '_a7_': 0.3294541395808652, '_a0_': 1.0, '_a1_': 1.0, '_a3_': 1.0, '_a4_': 1.0, '_a5_': 1.0}};{'d0': 0.024905832919416598};-280.569866449044;44.382591481228765
23487;-95.9023417432930;(_a6_ * ((x * pow2(((-(_a7_) * _a6_) * ((_a2_ + x) / _a2_)))) + x));{'d0': {'_a2_': 0.3119297078583135, '_a6_': 1.4465760894082529, '_a7_': 0.3294541395808652, '_a0_': 1.0, '_a1_': 1.0, '_a3_': 1.0, '_a4_': 1.0, '_a5_': 1.0}};{'d0': 0.024905832919416598};-280.569866449044;44.382591481228765
23488;-95.9023417432930;(_a6_ * ((x * pow2(((-(_a7_) * _a6_) * ((_a2_ + x) / _a2_)))) + x));{'d0': {'_a2_': 0.3119297078583135, '_a6_': 1.4465760894082529, '_a7_': 0.3294541395808652, '_a0_': 1.0, '_a1_': 1.0, '_a3_': 1.0, '_a4_': 1.0, '_a5_': 1.0}};{'d0': 0.024905832919416598};-280.569866449044;44.382591481228765
23489;-95.9023417432930;(_a6_ * ((x * pow2(((-(_a7_) * _a6_) * ((_a2_ + x) / _a2_)))) + x));{'d0': {'_a2_': 0.3119297078583135, '_a6_': 1.4465760894082529, '_a7_': 0.3294541395808652, '_a0_': 1.0, '_a1_': 1.0, '_a3_': 1.0, '_a4_': 1.0, '_a5_': 1.0}};{'d0': 0.024905832919416598};-280.569866449044;44.382591481228765
23490;-95.9023417432930;(_a6_ * ((x * pow2(((-(_a7_) * _a6_) * ((_a2_ + x) / _a2_)))) + x));{'d0': {'_a2_': 0.3119297078583135, '_a6_': 1.4465760894082529, '_a7_': 0.3294541395808652, '_a0_': 1.0, '_a1_': 1.0, '_a3_': 1.0, '_a4_': 1.0, '_a5_': 1.0}};{'d0': 0.024905832919416598};-280.569866449044;44.382591481228765
23491;-95.9023417432930;(_a6_ * ((x * pow2(((-(_a7_) * _a6_) * ((_a2_ + x) / _a2_)))) + x));{'d0': {'_a2_': 0.3119297078583135, '_a6_': 1.4465760894082529, '_a7_': 0.3294541395808652, '_a0_': 1.0, '_a1_': 1.0, '_a3_': 1.0, '_a4_': 1.0, '_a5_': 1.0}};{'d0': 0.024905832919416598};-280.569866449044;44.382591481228765
23492;-95.9023417432930;(_a6_ * ((x * pow2(((-(_a7_) * _a6_) * ((_a2_ + x) / _a2_)))) + x));{'d0': {'_a2_': 0.3119297078583135, '_a6_': 1.4465760894082529, '_a7_': 0.3294541395808652, '_a0_': 1.0, '_a1_': 1.0, '_a3_': 1.0, '_a4_': 1.0, '_a5_': 1.0}};{'d0': 0.024905832919416598};-280.569866449044;44.382591481228765
23493;-95.9023417432930;(_a6_ * ((x * pow2(((-(_a7_) * _a6_) * ((_a2_ + x) / _a2_)))) + x));{'d0': {'_a2_': 0.3119297078583135, '_a6_': 1.4465760894082529, '_a7_': 0.3294541395808652, '_a0_': 1.0, '_a1_': 1.0, '_a3_': 1.0, '_a4_': 1.0, '_a5_': 1.0}};{'d0': 0.024905832919416598};-280.569866449044;44.382591481228765
23494;-95.9023417432930;(_a6_ * ((x * pow2(((-(_a7_) * _a6_) * ((_a2_ + x) / _a2_)))) + x));{'d0': {'_a2_': 0.3119297078583135, '_a6_': 1.4465760894082529, '_a7_': 0.3294541395808652, '_a0_': 1.0, '_a1_': 1.0, '_a3_': 1.0, '_a4_': 1.0, '_a5_': 1.0}};{'d0': 0.024905832919416598};-280.569866449044;44.382591481228765
23495;-95.9023417432930;(_a6_ * ((x * pow2(((-(_a7_) * _a6_) * ((_a2_ + x) / _a2_)))) + x));{'d0': {'_a2_': 0.3119297078583135, '_a6_': 1.4465760894082529, '_a7_': 0.3294541395808652, '_a0_': 1.0, '_a1_': 1.0, '_a3_': 1.0, '_a4_': 1.0, '_a5_': 1.0}};{'d0': 0.024905832919416598};-280.569866449044;44.382591481228765
23496;-95.9023417432930;(_a6_ * ((x * pow2(((-(_a7_) * _a6_) * ((_a2_ + x) / _a2_)))) + x));{'d0': {'_a2_': 0.3119297078583135, '_a6_': 1.4465760894082529, '_a7_': 0.3294541395808652, '_a0_': 1.0, '_a1_': 1.0, '_a3_': 1.0, '_a4_': 1.0, '_a5_': 1.0}};{'d0': 0.024905832919416598};-280.569866449044;44.382591481228765
23497;-95.9023417432930;(_a6_ * ((x * pow2(((-(_a7_) * _a6_) * ((_a2_ + x) / _a2_)))) + x));{'d0': {'_a2_': 0.3119297078583135, '_a6_': 1.4465760894082529, '_a7_': 0.3294541395808652, '_a0_': 1.0, '_a1_': 1.0, '_a3_': 1.0, '_a4_': 1.0, '_a5_': 1.0}};{'d0': 0.024905832919416598};-280.569866449044;44.382591481228765
23498;-95.9023417432930;(_a6_ * ((x * pow2(((-(_a7_) * _a6_) * ((_a2_ + x) / _a2_)))) + x));{'d0': {'_a2_': 0.3119297078583135, '_a6_': 1.4465760894082529, '_a7_': 0.3294541395808652, '_a0_': 1.0, '_a1_': 1.0, '_a3_': 1.0, '_a4_': 1.0, '_a5_': 1.0}};{'d0': 0.024905832919416598};-280.569866449044;44.382591481228765
23499;-99.5822889035534;(_a6_ * ((x * pow2(((_a4_ * _a6_) * ((_a2_ + x) / _a2_)))) + x));{'d0': {'_a2_': 0.3119297077214896, '_a4_': 0.32945413949397223, '_a6_': 1.446576089205712, '_a0_': 1.0, '_a1_': 1.0, '_a3_': 1.0, '_a5_': 1.0, '_a7_': 1.0}};{'d0': 0.02490583291941659};-280.569866449044;40.702644320968375
23500;-90.4844456855410;(((pow2((_a6_ + (_a4_ + x))) / _a0_) + (_a1_ * _a0_)) * (x * cos(_a0_)));{'d0': {'_a0_': 0.28425764801440434, '_a1_': 5.301721203592547, '_a4_': -66.56102758883915, '_a6_': 66.87295718381606, '_a2_': 1.0, '_a3_': 1.0, '_a5_': 1.0, '_a7_': 1.0}};{'d0': 0.024905832936650118};-276.475521845305;47.75331523711128
23501;-90.4844456855410;(((pow2((_a6_ + (_a4_ + x))) / _a0_) + (_a1_ * _a0_)) * (x * cos(_a0_)));{'d0': {'_a0_': 0.28425764801440434, '_a1_': 5.301721203592547, '_a4_': -66.56102758883915, '_a6_': 66.87295718381606, '_a2_': 1.0, '_a3_': 1.0, '_a5_': 1.0, '_a7_': 1.0}};{'d0': 0.024905832936650118};-276.475521845305;47.75331523711128
23502;-96.5638554971760;(((pow2((_a6_ + (_a4_ + x))) / _a0_) + (_a1_ * _a0_)) * (x * _a4_));{'d0': {'_a0_': 0.19973468843925812, '_a1_': 10.73825940813688, '_a4_': 0.6744562818270868, '_a6_': -0.3625265739667154, '_a2_': 1.0, '_a3_': 1.0, '_a5_': 1.0, '_a7_': 1.0}};{'d0': 0.024905832920822508};-276.475521883435;41.67390544454128
23503;-96.5638554971760;(((pow2((_a6_ + (_a4_ + x))) / _a0_) + (_a1_ * _a0_)) * (x * _a4_));{'d0': {'_a0_': 0.19973468843925812, '_a1_': 10.73825940813688, '_a4_': 0.6744562818270868, '_a6_': -0.3625265739667154, '_a2_': 1.0, '_a3_': 1.0, '_a5_': 1.0, '_a7_': 1.0}};{'d0': 0.024905832920822508};-276.475521883435;41.67390544454128
23504;-90.7512589915251;(_a6_ * ((x * pow2(((_a4_ * _a6_) * (((_a1_ ** _a4_) + x) + _a2_)))) + x));{'d0': {'_a1_': 1.1454347484165521, '_a2_': -0.5544666142075105, '_a4_': -1.0561807076014371, '_a6_': 1.4465760893877122, '_a0_': 1.0, '_a3_': 1.0, '_a5_': 1.0, '_a7_': 1.0}};{'d0': 0.024905832921234456};-276.475521882442;47.48650194969598
23505;-90.7512589915251;(_a6_ * ((x * pow2(((_a4_ * _a6_) * (((_a1_ ** _a4_) + x) + _a2_)))) + x));{'d0': {'_a1_': 1.1454347484165521, '_a2_': -0.5544666142075105, '_a4_': -1.0561807076014371, '_a6_': 1.4465760893877122, '_a0_': 1.0, '_a3_': 1.0, '_a5_': 1.0, '_a7_': 1.0}};{'d0': 0.024905832921234456};-276.475521882442;47.48650194969598
23506;-90.7512589915251;(_a6_ * ((x * pow2(((_a4_ * _a6_) * (((_a1_ ** _a4_) + x) + _a2_)))) + x));{'d0': {'_a1_': 1.1454347484165521, '_a2_': -0.5544666142075105, '_a4_': -1.0561807076014371, '_a6_': 1.4465760893877122, '_a0_': 1.0, '_a3_': 1.0, '_a5_': 1.0, '_a7_': 1.0}};{'d0': 0.024905832921234456};-276.475521882442;47.48650194969598
23507;-90.7512589915251;(_a6_ * ((x * pow2(((_a4_ * _a6_) * (((_a1_ ** _a4_) + x) + _a2_)))) + x));{'d0': {'_a1_': 1.1454347484165521, '_a2_': -0.5544666142075105, '_a4_': -1.0561807076014371, '_a6_': 1.4465760893877122, '_a0_': 1.0, '_a3_': 1.0, '_a5_': 1.0, '_a7_': 1.0}};{'d0': 0.024905832921234456};-276.475521882442;47.48650194969598
23508;-90.7512589915251;(_a6_ * ((x * pow2(((_a4_ * _a6_) * (((_a1_ ** _a4_) + x) + _a2_)))) + x));{'d0': {'_a1_': 1.1454347484165521, '_a2_': -0.5544666142075105, '_a4_': -1.0561807076014371, '_a6_': 1.4465760893877122, '_a0_': 1.0, '_a3_': 1.0, '_a5_': 1.0, '_a7_': 1.0}};{'d0': 0.024905832921234456};-276.475521882442;47.48650194969598
23509;-90.7512589915251;(_a6_ * ((x * pow2(((_a4_ * _a6_) * (((_a1_ ** _a4_) + x) + _a2_)))) + x));{'d0': {'_a1_': 1.1454347484165521, '_a2_': -0.5544666142075105, '_a4_': -1.0561807076014371, '_a6_': 1.4465760893877122, '_a0_': 1.0, '_a3_': 1.0, '_a5_': 1.0, '_a7_': 1.0}};{'d0': 0.024905832921234456};-276.475521882442;47.48650194969598
23510;-102.484456537619;(((pow2((_a6_ + x)) / _a1_) + (_a1_ * _a0_)) * (x * _a4_));{'d0': {'_a0_': 129.8200446748123, '_a1_': -0.05744463818018906, '_a4_': -0.19397680689272515, '_a6_': 0.31192970773002715, '_a2_': 1.0, '_a3_': 1.0, '_a5_': 1.0, '_a7_': 1.0}};{'d0': 0.024905832927951545};-276.475521866260;35.753304395511286
23511;-102.484456537619;(((pow2((_a6_ + x)) / _a1_) + (_a1_ * _a0_)) * (x * _a4_));{'d0': {'_a0_': 129.8200446748123, '_a1_': -0.05744463818018906, '_a4_': -0.19397680689272515, '_a6_': 0.31192970773002715, '_a2_': 1.0, '_a3_': 1.0, '_a5_': 1.0, '_a7_': 1.0}};{'d0': 0.024905832927951545};-276.475521866260;35.753304395511286
23512;-102.484456537619;(((pow2((_a6_ + x)) / _a1_) + (_a1_ * _a0_)) * (x * _a4_));{'d0': {'_a0_': 129.8200446748123, '_a1_': -0.05744463818018906, '_a4_': -0.19397680689272515, '_a6_': 0.31192970773002715, '_a2_': 1.0, '_a3_': 1.0, '_a5_': 1.0, '_a7_': 1.0}};{'d0': 0.024905832927951545};-276.475521866260;35.753304395511286
23513;-102.484456537619;(((pow2((_a6_ + x)) / _a1_) + (_a1_ * _a0_)) * (x * _a4_));{'d0': {'_a0_': 129.8200446748123, '_a1_': -0.05744463818018906, '_a4_': -0.19397680689272515, '_a6_': 0.31192970773002715, '_a2_': 1.0, '_a3_': 1.0, '_a5_': 1.0, '_a7_': 1.0}};{'d0': 0.024905832927951545};-276.475521866260;35.753304395511286
23514;-104.531628829010;(((pow2((_a0_ + x)) / _a1_) + (_a1_ * _a0_)) * (x * _a4_));{'d0': {'_a0_': 0.31192970785661495, '_a1_': -1.1719042201138181, '_a4_': -3.957240322851631, '_a2_': 1.0, '_a3_': 1.0, '_a5_': 1.0, '_a6_': 1.0, '_a7_': 1.0}};{'d0': 0.02490583291941664};-280.569866449044;35.753304395511286
23515;-104.531628829010;(((pow2((_a0_ + x)) / _a1_) + (_a1_ * _a0_)) * (x * _a4_));{'d0': {'_a0_': 0.31192970785661495, '_a1_': -1.1719042201138181, '_a4_': -3.957240322851631, '_a2_': 1.0, '_a3_': 1.0, '_a5_': 1.0, '_a6_': 1.0, '_a7_': 1.0}};{'d0': 0.02490583291941664};-280.569866449044;35.753304395511286
23516;-104.531628829010;(((pow2((_a0_ + x)) / _a1_) + (_a1_ * _a0_)) * (x * _a4_));{'d0': {'_a0_': 0.31192970785661495, '_a1_': -1.1719042201138181, '_a4_': -3.957240322851631, '_a2_': 1.0, '_a3_': 1.0, '_a5_': 1.0, '_a6_': 1.0, '_a7_': 1.0}};{'d0': 0.02490583291941664};-280.569866449044;35.753304395511286
23517;-104.531628829010;(((pow2((_a0_ + x)) / _a1_) + (_a1_ * _a0_)) * (x * _a4_));{'d0': {'_a0_': 0.31192970785661495, '_a1_': -1.1719042201138181, '_a4_': -3.957240322851631, '_a2_': 1.0, '_a3_': 1.0, '_a5_': 1.0, '_a6_': 1.0, '_a7_': 1.0}};{'d0': 0.02490583291941664};-280.569866449044;35.753304395511286
23518;-104.531628829010;(((pow2((_a0_ + x)) / _a1_) + (_a1_ * _a0_)) * (x * _a4_));{'d0': {'_a0_': 0.31192970785661495, '_a1_': -1.1719042201138181, '_a4_': -3.957240322851631, '_a2_': 1.0, '_a3_': 1.0, '_a5_': 1.0, '_a6_': 1.0, '_a7_': 1.0}};{'d0': 0.02490583291941664};-280.569866449044;35.753304395511286
23519;-90.7512589915251;(_a6_ * ((x * pow2(((_a4_ * _a6_) * (((_a1_ ** _a4_) + x) + _a2_)))) + x));{'d0': {'_a1_': 1.1454347484165521, '_a2_': -0.5544666142075105, '_a4_': -1.0561807076014371, '_a6_': 1.4465760893877122, '_a0_': 1.0, '_a3_': 1.0, '_a5_': 1.0, '_a7_': 1.0}};{'d0': 0.024905832921234456};-276.475521882442;47.48650194969598
23520;-90.7512589915251;(_a6_ * ((x * pow2(((_a4_ * _a6_) * (((_a1_ ** _a4_) + x) + _a2_)))) + x));{'d0': {'_a1_': 1.1454347484165521, '_a2_': -0.5544666142075105, '_a4_': -1.0561807076014371, '_a6_': 1.4465760893877122, '_a0_': 1.0, '_a3_': 1.0, '_a5_': 1.0, '_a7_': 1.0}};{'d0': 0.024905832921234456};-276.475521882442;47.48650194969598
23521;-90.7512589915251;(_a6_ * ((x * pow2(((_a4_ * _a6_) * (((_a1_ ** _a4_) + x) + _a2_)))) + x));{'d0': {'_a1_': 1.1454347484165521, '_a2_': -0.5544666142075105, '_a4_': -1.0561807076014371, '_a6_': 1.4465760893877122, '_a0_': 1.0, '_a3_': 1.0, '_a5_': 1.0, '_a7_': 1.0}};{'d0': 0.024905832921234456};-276.475521882442;47.48650194969598
23522;-90.7512589915251;(_a6_ * ((x * pow2(((_a4_ * _a6_) * (((_a1_ ** _a4_) + x) + _a2_)))) + x));{'d0': {'_a1_': 1.1454347484165521, '_a2_': -0.5544666142075105, '_a4_': -1.0561807076014371, '_a6_': 1.4465760893877122, '_a0_': 1.0, '_a3_': 1.0, '_a5_': 1.0, '_a7_': 1.0}};{'d0': 0.024905832921234456};-276.475521882442;47.48650194969598
23523;-95.7640451483157;(_a6_ * ((x * pow2(((_a4_ * _a6_) * ((pow2(_a4_) + x) + _a2_)))) + x));{'d0': {'_a2_': -0.8035879704433974, '_a4_': -1.0561807034505803, '_a6_': 1.4465760922535837, '_a0_': 1.0, '_a1_': 1.0, '_a3_': 1.0, '_a5_': 1.0, '_a7_': 1.0}};{'d0': 0.024905832919416664};-280.569866449044;44.52088807620598
23524;-95.7640451483158;(_a6_ * ((x * pow2(((_a2_ * _a6_) * ((pow2(_a4_) + x) + _a2_)))) + x));{'d0': {'_a2_': -1.0561807059528727, '_a4_': -1.169662521338003, '_a6_': 1.4465760903895974, '_a0_': 1.0, '_a1_': 1.0, '_a3_': 1.0, '_a5_': 1.0, '_a7_': 1.0}};{'d0': 0.02490583291941659};-280.569866449044;44.52088807620598
23525;-95.7640451483158;(_a6_ * ((x * pow2(((_a2_ * _a6_) * ((pow2(_a4_) + x) + _a2_)))) + x));{'d0': {'_a2_': -1.0561807059528727, '_a4_': -1.169662521338003, '_a6_': 1.4465760903895974, '_a0_': 1.0, '_a1_': 1.0, '_a3_': 1.0, '_a5_': 1.0, '_a7_': 1.0}};{'d0': 0.02490583291941659};-280.569866449044;44.52088807620598
23526;-95.7640451483158;(_a6_ * ((x * pow2(((_a2_ * _a6_) * ((pow2(_a4_) + x) + _a2_)))) + x));{'d0': {'_a2_': -1.0561807059528727, '_a4_': -1.169662521338003, '_a6_': 1.4465760903895974, '_a0_': 1.0, '_a1_': 1.0, '_a3_': 1.0, '_a5_': 1.0, '_a7_': 1.0}};{'d0': 0.02490583291941659};-280.569866449044;44.52088807620598
23527;-95.7640451483158;(_a6_ * ((x * pow2(((_a2_ * _a6_) * ((pow2(_a4_) + x) + _a2_)))) + x));{'d0': {'_a2_': -1.0561807059528727, '_a4_': -1.169662521338003, '_a6_': 1.4465760903895974, '_a0_': 1.0, '_a1_': 1.0, '_a3_': 1.0, '_a5_': 1.0, '_a7_': 1.0}};{'d0': 0.02490583291941659};-280.569866449044;44.52088807620598
23528;-95.7640451483158;(_a6_ * ((x * pow2(((_a2_ * _a6_) * ((pow2(_a4_) + x) + _a2_)))) + x));{'d0': {'_a2_': -1.0561807059528727, '_a4_': -1.169662521338003, '_a6_': 1.4465760903895974, '_a0_': 1.0, '_a1_': 1.0, '_a3_': 1.0, '_a5_': 1.0, '_a7_': 1.0}};{'d0': 0.02490583291941659};-280.569866449044;44.52088807620598
23529;-95.7640451483158;(_a6_ * ((x * pow2(((_a2_ * _a6_) * ((pow2(_a4_) + x) + _a2_)))) + x));{'d0': {'_a2_': -1.0561807059528727, '_a4_': -1.169662521338003, '_a6_': 1.4465760903895974, '_a0_': 1.0, '_a1_': 1.0, '_a3_': 1.0, '_a5_': 1.0, '_a7_': 1.0}};{'d0': 0.02490583291941659};-280.569866449044;44.52088807620598
23530;-104.531628829010;(((pow2((_a0_ + x)) / _a1_) + (_a1_ * _a0_)) * (x * _a4_));{'d0': {'_a0_': 0.31192970785661495, '_a1_': -1.1719042201138181, '_a4_': -3.957240322851631, '_a2_': 1.0, '_a3_': 1.0, '_a5_': 1.0, '_a6_': 1.0, '_a7_': 1.0}};{'d0': 0.02490583291941664};-280.569866449044;35.753304395511286
23531;-104.531628829010;(((pow2((_a0_ + x)) / _a1_) + (_a1_ * _a0_)) * (x * _a4_));{'d0': {'_a0_': 0.31192970785661495, '_a1_': -1.1719042201138181, '_a4_': -3.957240322851631, '_a2_': 1.0, '_a3_': 1.0, '_a5_': 1.0, '_a6_': 1.0, '_a7_': 1.0}};{'d0': 0.02490583291941664};-280.569866449044;35.753304395511286
23532;-104.531628829010;(((pow2((_a0_ + x)) / _a1_) + (_a1_ * _a0_)) * (x * _a4_));{'d0': {'_a0_': 0.31192970785661495, '_a1_': -1.1719042201138181, '_a4_': -3.957240322851631, '_a2_': 1.0, '_a3_': 1.0, '_a5_': 1.0, '_a6_': 1.0, '_a7_': 1.0}};{'d0': 0.02490583291941664};-280.569866449044;35.753304395511286
23533;-104.531628829010;(((pow2((_a0_ + x)) / _a1_) + (_a1_ * _a0_)) * (x * _a4_));{'d0': {'_a0_': 0.31192970785661495, '_a1_': -1.1719042201138181, '_a4_': -3.957240322851631, '_a2_': 1.0, '_a3_': 1.0, '_a5_': 1.0, '_a6_': 1.0, '_a7_': 1.0}};{'d0': 0.02490583291941664};-280.569866449044;35.753304395511286
23534;-104.531628829010;(((pow2((_a0_ + x)) / _a1_) + (_a1_ * _a0_)) * (x * _a4_));{'d0': {'_a0_': 0.31192970785661495, '_a1_': -1.1719042201138181, '_a4_': -3.957240322851631, '_a2_': 1.0, '_a3_': 1.0, '_a5_': 1.0, '_a6_': 1.0, '_a7_': 1.0}};{'d0': 0.02490583291941664};-280.569866449044;35.753304395511286
23535;-104.531628829010;(((pow2((_a0_ + x)) / _a1_) + (_a1_ * _a0_)) * (x * _a4_));{'d0': {'_a0_': 0.31192970785661495, '_a1_': -1.1719042201138181, '_a4_': -3.957240322851631, '_a2_': 1.0, '_a3_': 1.0, '_a5_': 1.0, '_a6_': 1.0, '_a7_': 1.0}};{'d0': 0.02490583291941664};-280.569866449044;35.753304395511286
23536;-104.531628829010;(((pow2((_a0_ + x)) / _a1_) + (_a1_ * _a0_)) * (x * _a4_));{'d0': {'_a0_': 0.31192970785661495, '_a1_': -1.1719042201138181, '_a4_': -3.957240322851631, '_a2_': 1.0, '_a3_': 1.0, '_a5_': 1.0, '_a6_': 1.0, '_a7_': 1.0}};{'d0': 0.02490583291941664};-280.569866449044;35.753304395511286
23537;-104.531628829010;(((pow2((_a0_ + x)) / _a1_) + (_a1_ * _a0_)) * (x * _a4_));{'d0': {'_a0_': 0.31192970785661495, '_a1_': -1.1719042201138181, '_a4_': -3.957240322851631, '_a2_': 1.0, '_a3_': 1.0, '_a5_': 1.0, '_a6_': 1.0, '_a7_': 1.0}};{'d0': 0.02490583291941664};-280.569866449044;35.753304395511286
23538;-104.531628829010;(((pow2((_a0_ + x)) / _a1_) + (_a1_ * _a0_)) * (x * _a4_));{'d0': {'_a0_': 0.31192970785661495, '_a1_': -1.1719042201138181, '_a4_': -3.957240322851631, '_a2_': 1.0, '_a3_': 1.0, '_a5_': 1.0, '_a6_': 1.0, '_a7_': 1.0}};{'d0': 0.02490583291941664};-280.569866449044;35.753304395511286
23539;-104.531628829010;(((pow2((_a0_ + x)) / _a1_) + (_a1_ * _a0_)) * (x * _a4_));{'d0': {'_a0_': 0.31192970785661495, '_a1_': -1.1719042201138181, '_a4_': -3.957240322851631, '_a2_': 1.0, '_a3_': 1.0, '_a5_': 1.0, '_a6_': 1.0, '_a7_': 1.0}};{'d0': 0.02490583291941664};-280.569866449044;35.753304395511286
23540;-104.531628829010;(((pow2((_a0_ + x)) / _a1_) + (_a1_ * _a0_)) * (x * _a4_));{'d0': {'_a0_': 0.31192970785661495, '_a1_': -1.1719042201138181, '_a4_': -3.957240322851631, '_a2_': 1.0, '_a3_': 1.0, '_a5_': 1.0, '_a6_': 1.0, '_a7_': 1.0}};{'d0': 0.02490583291941664};-280.569866449044;35.753304395511286
23541;-104.531628829010;(((pow2((_a0_ + x)) / _a1_) + (_a1_ * _a0_)) * (x * _a4_));{'d0': {'_a0_': 0.31192970785661495, '_a1_': -1.1719042201138181, '_a4_': -3.957240322851631, '_a2_': 1.0, '_a3_': 1.0, '_a5_': 1.0, '_a6_': 1.0, '_a7_': 1.0}};{'d0': 0.02490583291941664};-280.569866449044;35.753304395511286
23542;-104.531628829010;(((pow2((_a0_ + x)) / _a1_) + (_a1_ * _a0_)) * (x * _a4_));{'d0': {'_a0_': 0.31192970785661495, '_a1_': -1.1719042201138181, '_a4_': -3.957240322851631, '_a2_': 1.0, '_a3_': 1.0, '_a5_': 1.0, '_a6_': 1.0, '_a7_': 1.0}};{'d0': 0.02490583291941664};-280.569866449044;35.753304395511286
23543;-104.531628829010;(((pow2((_a0_ + x)) / _a1_) + (_a1_ * _a0_)) * (x * _a4_));{'d0': {'_a0_': 0.31192970785661495, '_a1_': -1.1719042201138181, '_a4_': -3.957240322851631, '_a2_': 1.0, '_a3_': 1.0, '_a5_': 1.0, '_a6_': 1.0, '_a7_': 1.0}};{'d0': 0.02490583291941664};-280.569866449044;35.753304395511286
23544;-104.531628829010;(((pow2((_a0_ + x)) / _a1_) + (_a1_ * _a0_)) * (x * _a4_));{'d0': {'_a0_': 0.31192970785661495, '_a1_': -1.1719042201138181, '_a4_': -3.957240322851631, '_a2_': 1.0, '_a3_': 1.0, '_a5_': 1.0, '_a6_': 1.0, '_a7_': 1.0}};{'d0': 0.02490583291941664};-280.569866449044;35.753304395511286
23545;-104.531628829010;(((pow2((_a0_ + x)) / _a1_) + (_a1_ * _a0_)) * (x * _a4_));{'d0': {'_a0_': 0.31192970785661495, '_a1_': -1.1719042201138181, '_a4_': -3.957240322851631, '_a2_': 1.0, '_a3_': 1.0, '_a5_': 1.0, '_a6_': 1.0, '_a7_': 1.0}};{'d0': 0.02490583291941664};-280.569866449044;35.753304395511286
23546;-104.531628829010;(((pow2((_a0_ + x)) / _a1_) + (_a1_ * _a0_)) * (x * _a4_));{'d0': {'_a0_': 0.31192970785661495, '_a1_': -1.1719042201138181, '_a4_': -3.957240322851631, '_a2_': 1.0, '_a3_': 1.0, '_a5_': 1.0, '_a6_': 1.0, '_a7_': 1.0}};{'d0': 0.02490583291941664};-280.569866449044;35.753304395511286
23547;-104.531628829010;(((pow2((_a0_ + x)) / _a1_) + (_a1_ * _a0_)) * (x * _a4_));{'d0': {'_a0_': 0.31192970785661495, '_a1_': -1.1719042201138181, '_a4_': -3.957240322851631, '_a2_': 1.0, '_a3_': 1.0, '_a5_': 1.0, '_a6_': 1.0, '_a7_': 1.0}};{'d0': 0.02490583291941664};-280.569866449044;35.753304395511286
23548;-104.531628829010;(((pow2((_a0_ + x)) / _a1_) + (_a1_ * _a0_)) * (x * _a4_));{'d0': {'_a0_': 0.31192970785661495, '_a1_': -1.1719042201138181, '_a4_': -3.957240322851631, '_a2_': 1.0, '_a3_': 1.0, '_a5_': 1.0, '_a6_': 1.0, '_a7_': 1.0}};{'d0': 0.02490583291941664};-280.569866449044;35.753304395511286
23549;-104.531628829010;(((pow2((_a0_ + x)) / _a1_) + (_a1_ * _a0_)) * (x * _a4_));{'d0': {'_a0_': 0.31192970785661495, '_a1_': -1.1719042201138181, '_a4_': -3.957240322851631, '_a2_': 1.0, '_a3_': 1.0, '_a5_': 1.0, '_a6_': 1.0, '_a7_': 1.0}};{'d0': 0.02490583291941664};-280.569866449044;35.753304395511286
23550;-104.531628829010;(((pow2((_a0_ + x)) / _a1_) + (_a1_ * _a0_)) * (x * _a4_));{'d0': {'_a0_': 0.31192970785661495, '_a1_': -1.1719042201138181, '_a4_': -3.957240322851631, '_a2_': 1.0, '_a3_': 1.0, '_a5_': 1.0, '_a6_': 1.0, '_a7_': 1.0}};{'d0': 0.02490583291941664};-280.569866449044;35.753304395511286
23551;-104.531628829010;(((pow2((_a0_ + x)) / _a1_) + (_a1_ * _a0_)) * (x * _a4_));{'d0': {'_a0_': 0.31192970785661495, '_a1_': -1.1719042201138181, '_a4_': -3.957240322851631, '_a2_': 1.0, '_a3_': 1.0, '_a5_': 1.0, '_a6_': 1.0, '_a7_': 1.0}};{'d0': 0.02490583291941664};-280.569866449044;35.753304395511286
23552;-104.531628829010;(((pow2((_a0_ + x)) / _a1_) + (_a1_ * _a0_)) * (x * _a4_));{'d0': {'_a0_': 0.31192970785661495, '_a1_': -1.1719042201138181, '_a4_': -3.957240322851631, '_a2_': 1.0, '_a3_': 1.0, '_a5_': 1.0, '_a6_': 1.0, '_a7_': 1.0}};{'d0': 0.02490583291941664};-280.569866449044;35.753304395511286
23553;-104.531628829010;(((pow2((_a0_ + x)) / _a1_) + (_a1_ * _a0_)) * (x * _a4_));{'d0': {'_a0_': 0.31192970785661495, '_a1_': -1.1719042201138181, '_a4_': -3.957240322851631, '_a2_': 1.0, '_a3_': 1.0, '_a5_': 1.0, '_a6_': 1.0, '_a7_': 1.0}};{'d0': 0.02490583291941664};-280.569866449044;35.753304395511286
23554;-104.531628829010;(((pow2((_a0_ + x)) / _a1_) + (_a1_ * _a0_)) * (x * _a4_));{'d0': {'_a0_': 0.31192970785661495, '_a1_': -1.1719042201138181, '_a4_': -3.957240322851631, '_a2_': 1.0, '_a3_': 1.0, '_a5_': 1.0, '_a6_': 1.0, '_a7_': 1.0}};{'d0': 0.02490583291941664};-280.569866449044;35.753304395511286
23555;-94.9493216248163;((((x + _a3_) * (x * _a6_)) + -(pow3((x / _a0_)))) / _a1_);{'d0': {'_a0_': -0.797110584144272, '_a1_': 0.5847145102211206, '_a3_': 0.8426446047320367, '_a6_': 1.231773659572098, '_a2_': 1.0, '_a4_': 1.0, '_a5_': 1.0, '_a7_': 1.0}};{'d0': 0.02490583292274605};-276.475521878801;43.28843931458397
23556;-94.9493216248163;((((x + _a3_) * (x * _a6_)) + -(pow3((x / _a0_)))) / _a1_);{'d0': {'_a0_': -0.797110584144272, '_a1_': 0.5847145102211206, '_a3_': 0.8426446047320367, '_a6_': 1.231773659572098, '_a2_': 1.0, '_a4_': 1.0, '_a5_': 1.0, '_a7_': 1.0}};{'d0': 0.02490583292274605};-276.475521878801;43.28843931458397
23557;-94.9493216248163;((((x + _a3_) * (x * _a6_)) + -(pow3((x / _a0_)))) / _a1_);{'d0': {'_a0_': -0.797110584144272, '_a1_': 0.5847145102211206, '_a3_': 0.8426446047320367, '_a6_': 1.231773659572098, '_a2_': 1.0, '_a4_': 1.0, '_a5_': 1.0, '_a7_': 1.0}};{'d0': 0.02490583292274605};-276.475521878801;43.28843931458397
23558;-94.9493216248163;((((x + _a3_) * (x * _a6_)) + -(pow3((x / _a0_)))) / _a1_);{'d0': {'_a0_': -0.797110584144272, '_a1_': 0.5847145102211206, '_a3_': 0.8426446047320367, '_a6_': 1.231773659572098, '_a2_': 1.0, '_a4_': 1.0, '_a5_': 1.0, '_a7_': 1.0}};{'d0': 0.02490583292274605};-276.475521878801;43.28843931458397
23559;-94.9493216248163;((((x + _a3_) * (x * _a6_)) + -(pow3((x / _a0_)))) / _a1_);{'d0': {'_a0_': -0.797110584144272, '_a1_': 0.5847145102211206, '_a3_': 0.8426446047320367, '_a6_': 1.231773659572098, '_a2_': 1.0, '_a4_': 1.0, '_a5_': 1.0, '_a7_': 1.0}};{'d0': 0.02490583292274605};-276.475521878801;43.28843931458397
23560;-94.9493216248163;((((x + _a3_) * (x * _a6_)) + -(pow3((x / _a0_)))) / _a1_);{'d0': {'_a0_': -0.797110584144272, '_a1_': 0.5847145102211206, '_a3_': 0.8426446047320367, '_a6_': 1.231773659572098, '_a2_': 1.0, '_a4_': 1.0, '_a5_': 1.0, '_a7_': 1.0}};{'d0': 0.02490583292274605};-276.475521878801;43.28843931458397
23561;-94.9493216248163;((((x + _a3_) * (x * _a6_)) + -(pow3((x / _a0_)))) / _a1_);{'d0': {'_a0_': -0.797110584144272, '_a1_': 0.5847145102211206, '_a3_': 0.8426446047320367, '_a6_': 1.231773659572098, '_a2_': 1.0, '_a4_': 1.0, '_a5_': 1.0, '_a7_': 1.0}};{'d0': 0.02490583292274605};-276.475521878801;43.28843931458397
23562;-94.9493216248163;((((x + _a3_) * (x * _a6_)) + -(pow3((x / _a0_)))) / _a1_);{'d0': {'_a0_': -0.797110584144272, '_a1_': 0.5847145102211206, '_a3_': 0.8426446047320367, '_a6_': 1.231773659572098, '_a2_': 1.0, '_a4_': 1.0, '_a5_': 1.0, '_a7_': 1.0}};{'d0': 0.02490583292274605};-276.475521878801;43.28843931458397
23563;-94.9493216248163;((((x + _a3_) * (x * _a6_)) + -(pow3((x / _a0_)))) / _a1_);{'d0': {'_a0_': -0.797110584144272, '_a1_': 0.5847145102211206, '_a3_': 0.8426446047320367, '_a6_': 1.231773659572098, '_a2_': 1.0, '_a4_': 1.0, '_a5_': 1.0, '_a7_': 1.0}};{'d0': 0.02490583292274605};-276.475521878801;43.28843931458397
23564;-94.9493216248163;((((x + _a3_) * (x * _a6_)) + -(pow3((x / _a0_)))) / _a1_);{'d0': {'_a0_': -0.797110584144272, '_a1_': 0.5847145102211206, '_a3_': 0.8426446047320367, '_a6_': 1.231773659572098, '_a2_': 1.0, '_a4_': 1.0, '_a5_': 1.0, '_a7_': 1.0}};{'d0': 0.02490583292274605};-276.475521878801;43.28843931458397
23565;-94.9493216248163;((((x + _a3_) * (x * _a6_)) + -(pow3((x / _a0_)))) / _a1_);{'d0': {'_a0_': -0.797110584144272, '_a1_': 0.5847145102211206, '_a3_': 0.8426446047320367, '_a6_': 1.231773659572098, '_a2_': 1.0, '_a4_': 1.0, '_a5_': 1.0, '_a7_': 1.0}};{'d0': 0.02490583292274605};-276.475521878801;43.28843931458397
23566;-94.9493216248163;((((x + _a3_) * (x * _a6_)) + -(pow3((x / _a0_)))) / _a1_);{'d0': {'_a0_': -0.797110584144272, '_a1_': 0.5847145102211206, '_a3_': 0.8426446047320367, '_a6_': 1.231773659572098, '_a2_': 1.0, '_a4_': 1.0, '_a5_': 1.0, '_a7_': 1.0}};{'d0': 0.02490583292274605};-276.475521878801;43.28843931458397
23567;-104.531628829010;(((pow2((_a4_ + x)) / _a1_) + (_a1_ * _a0_)) * (x * _a4_));{'d0': {'_a0_': 50.202819984577374, '_a1_': 0.09237542102399586, '_a4_': 0.3119297079066984, '_a2_': 1.0, '_a3_': 1.0, '_a5_': 1.0, '_a6_': 1.0, '_a7_': 1.0}};{'d0': 0.024905832919416622};-280.569866449044;35.753304395511286
23568;-104.531628829010;(((pow2((_a4_ + x)) / _a1_) + (_a1_ * _a0_)) * (x * _a4_));{'d0': {'_a0_': 50.202819984577374, '_a1_': 0.09237542102399586, '_a4_': 0.3119297079066984, '_a2_': 1.0, '_a3_': 1.0, '_a5_': 1.0, '_a6_': 1.0, '_a7_': 1.0}};{'d0': 0.024905832919416622};-280.569866449044;35.753304395511286
23569;-104.531628829010;(((pow2((_a4_ + x)) / _a1_) + (_a1_ * _a0_)) * (x * _a4_));{'d0': {'_a0_': 50.202819984577374, '_a1_': 0.09237542102399586, '_a4_': 0.3119297079066984, '_a2_': 1.0, '_a3_': 1.0, '_a5_': 1.0, '_a6_': 1.0, '_a7_': 1.0}};{'d0': 0.024905832919416622};-280.569866449044;35.753304395511286
23570;-104.531628829010;(((pow2((_a4_ + x)) / _a1_) + (_a1_ * _a0_)) * (x * _a4_));{'d0': {'_a0_': 50.202819984577374, '_a1_': 0.09237542102399586, '_a4_': 0.3119297079066984, '_a2_': 1.0, '_a3_': 1.0, '_a5_': 1.0, '_a6_': 1.0, '_a7_': 1.0}};{'d0': 0.024905832919416622};-280.569866449044;35.753304395511286
23571;-104.531628829010;(((pow2((_a4_ + x)) / _a1_) + (_a1_ * _a0_)) * (x * _a4_));{'d0': {'_a0_': 50.202819984577374, '_a1_': 0.09237542102399586, '_a4_': 0.3119297079066984, '_a2_': 1.0, '_a3_': 1.0, '_a5_': 1.0, '_a6_': 1.0, '_a7_': 1.0}};{'d0': 0.024905832919416622};-280.569866449044;35.753304395511286
23572;-104.531628829010;(((pow2((_a4_ + x)) / _a1_) + (_a1_ * _a0_)) * (x * _a4_));{'d0': {'_a0_': 50.202819984577374, '_a1_': 0.09237542102399586, '_a4_': 0.3119297079066984, '_a2_': 1.0, '_a3_': 1.0, '_a5_': 1.0, '_a6_': 1.0, '_a7_': 1.0}};{'d0': 0.024905832919416622};-280.569866449044;35.753304395511286
23573;-104.531628829010;(((pow2((_a4_ + x)) / _a1_) + (_a1_ * _a0_)) * (x * _a4_));{'d0': {'_a0_': 50.202819984577374, '_a1_': 0.09237542102399586, '_a4_': 0.3119297079066984, '_a2_': 1.0, '_a3_': 1.0, '_a5_': 1.0, '_a6_': 1.0, '_a7_': 1.0}};{'d0': 0.024905832919416622};-280.569866449044;35.753304395511286
23574;-85.3947155406736;((((x + _a3_) * (x * (_a0_ / _a0_))) + -(pow3((x / -(_a7_))))) / _a1_);{'d0': {'_a1_': 0.4746931431960968, '_a3_': 0.8426446047430338, '_a7_': 0.8544675574360989, '_a0_': 1.0, '_a2_': 1.0, '_a4_': 1.0, '_a5_': 1.0, '_a6_': 1.0}};{'d0': 0.024905832919416598};-276.475521886822;52.84304540273713
23575;-85.3947155406736;((((x + _a3_) * (x * (_a0_ / _a0_))) + -(pow3((x / -(_a7_))))) / _a1_);{'d0': {'_a1_': 0.4746931431960968, '_a3_': 0.8426446047430338, '_a7_': 0.8544675574360989, '_a0_': 1.0, '_a2_': 1.0, '_a4_': 1.0, '_a5_': 1.0, '_a6_': 1.0}};{'d0': 0.024905832919416598};-276.475521886822;52.84304540273713
23576;-85.3947155406736;((((x + _a3_) * (x * (_a0_ / _a0_))) + -(pow3((x / -(_a7_))))) / _a1_);{'d0': {'_a1_': 0.4746931431960968, '_a3_': 0.8426446047430338, '_a7_': 0.8544675574360989, '_a0_': 1.0, '_a2_': 1.0, '_a4_': 1.0, '_a5_': 1.0, '_a6_': 1.0}};{'d0': 0.024905832919416598};-276.475521886822;52.84304540273713
23577;-85.3947155406736;((((x + _a3_) * (x * (_a0_ / _a0_))) + -(pow3((x / -(_a7_))))) / _a1_);{'d0': {'_a1_': 0.4746931431960968, '_a3_': 0.8426446047430338, '_a7_': 0.8544675574360989, '_a0_': 1.0, '_a2_': 1.0, '_a4_': 1.0, '_a5_': 1.0, '_a6_': 1.0}};{'d0': 0.024905832919416598};-276.475521886822;52.84304540273713
23578;-85.3947155406736;((((x + _a3_) * (x * (_a0_ / _a0_))) + -(pow3((x / -(_a7_))))) / _a1_);{'d0': {'_a1_': 0.4746931431960968, '_a3_': 0.8426446047430338, '_a7_': 0.8544675574360989, '_a0_': 1.0, '_a2_': 1.0, '_a4_': 1.0, '_a5_': 1.0, '_a6_': 1.0}};{'d0': 0.024905832919416598};-276.475521886822;52.84304540273713
23579;-85.3947155406736;((((x + _a3_) * (x * (_a0_ / _a0_))) + -(pow3((x / -(_a7_))))) / _a1_);{'d0': {'_a1_': 0.4746931431960968, '_a3_': 0.8426446047430338, '_a7_': 0.8544675574360989, '_a0_': 1.0, '_a2_': 1.0, '_a4_': 1.0, '_a5_': 1.0, '_a6_': 1.0}};{'d0': 0.024905832919416598};-276.475521886822;52.84304540273713
23580;-85.3947155406736;((((x + _a3_) * (x * (_a0_ / _a0_))) + -(pow3((x / -(_a7_))))) / _a1_);{'d0': {'_a1_': 0.4746931431960968, '_a3_': 0.8426446047430338, '_a7_': 0.8544675574360989, '_a0_': 1.0, '_a2_': 1.0, '_a4_': 1.0, '_a5_': 1.0, '_a6_': 1.0}};{'d0': 0.024905832919416598};-276.475521886822;52.84304540273713
23581;-80.4178223014346;((((x + _a3_) * (x * (_a0_ / _a0_))) + -(pow3((x / -(abs(_a0_)))))) / _a1_);{'d0': {'_a0_': 0.8544675574560611, '_a1_': 0.4746931429717205, '_a3_': 0.8426446042698862, '_a2_': 1.0, '_a4_': 1.0, '_a5_': 1.0, '_a6_': 1.0, '_a7_': 1.0}};{'d0': 0.024905832919416643};-280.569866449044;59.86711092308713
23582;-80.4178223014346;((((x + _a3_) * (x * (_a0_ / _a0_))) + -(pow3((x / -(abs(_a0_)))))) / _a1_);{'d0': {'_a0_': 0.8544675574560611, '_a1_': 0.4746931429717205, '_a3_': 0.8426446042698862, '_a2_': 1.0, '_a4_': 1.0, '_a5_': 1.0, '_a6_': 1.0, '_a7_': 1.0}};{'d0': 0.024905832919416643};-280.569866449044;59.86711092308713
23583;-80.4178223014346;((((x + _a3_) * (x * (_a0_ / _a0_))) + -(pow3((x / -(abs(_a0_)))))) / _a1_);{'d0': {'_a0_': 0.8544675574560611, '_a1_': 0.4746931429717205, '_a3_': 0.8426446042698862, '_a2_': 1.0, '_a4_': 1.0, '_a5_': 1.0, '_a6_': 1.0, '_a7_': 1.0}};{'d0': 0.024905832919416643};-280.569866449044;59.86711092308713
23584;-80.4178223014346;((((x + _a3_) * (x * (_a0_ / _a0_))) + -(pow3((x / -(abs(_a0_)))))) / _a1_);{'d0': {'_a0_': 0.8544675574560611, '_a1_': 0.4746931429717205, '_a3_': 0.8426446042698862, '_a2_': 1.0, '_a4_': 1.0, '_a5_': 1.0, '_a6_': 1.0, '_a7_': 1.0}};{'d0': 0.024905832919416643};-280.569866449044;59.86711092308713
23585;-80.4178223014346;((((x + _a3_) * (x * (_a0_ / _a0_))) + -(pow3((x / -(abs(_a0_)))))) / _a1_);{'d0': {'_a0_': 0.8544675574560611, '_a1_': 0.4746931429717205, '_a3_': 0.8426446042698862, '_a2_': 1.0, '_a4_': 1.0, '_a5_': 1.0, '_a6_': 1.0, '_a7_': 1.0}};{'d0': 0.024905832919416643};-280.569866449044;59.86711092308713
23586;-80.4178223014346;((((x + _a3_) * (x * (_a0_ / _a0_))) + -(pow3((x / -(abs(_a0_)))))) / _a1_);{'d0': {'_a0_': 0.8544675574560611, '_a1_': 0.4746931429717205, '_a3_': 0.8426446042698862, '_a2_': 1.0, '_a4_': 1.0, '_a5_': 1.0, '_a6_': 1.0, '_a7_': 1.0}};{'d0': 0.024905832919416643};-280.569866449044;59.86711092308713
23587;-80.4178223014346;((((x + _a3_) * (x * (_a0_ / _a0_))) + -(pow3((x / -(abs(_a0_)))))) / _a1_);{'d0': {'_a0_': 0.8544675574560611, '_a1_': 0.4746931429717205, '_a3_': 0.8426446042698862, '_a2_': 1.0, '_a4_': 1.0, '_a5_': 1.0, '_a6_': 1.0, '_a7_': 1.0}};{'d0': 0.024905832919416643};-280.569866449044;59.86711092308713
23588;-80.4178223014346;((((x + _a3_) * (x * (_a0_ / _a0_))) + -(pow3((x / -(abs(_a0_)))))) / _a1_);{'d0': {'_a0_': 0.8544675574560611, '_a1_': 0.4746931429717205, '_a3_': 0.8426446042698862, '_a2_': 1.0, '_a4_': 1.0, '_a5_': 1.0, '_a6_': 1.0, '_a7_': 1.0}};{'d0': 0.024905832919416643};-280.569866449044;59.86711092308713
23589;-80.4178223014346;((((x + _a3_) * (x * (_a0_ / _a0_))) + -(pow3((x / -(abs(_a0_)))))) / _a1_);{'d0': {'_a0_': 0.8544675574560611, '_a1_': 0.4746931429717205, '_a3_': 0.8426446042698862, '_a2_': 1.0, '_a4_': 1.0, '_a5_': 1.0, '_a6_': 1.0, '_a7_': 1.0}};{'d0': 0.024905832919416643};-280.569866449044;59.86711092308713
23590;-79.4836306490368;((((x + _a3_) * (x * (_a0_ / _a0_))) + -(pow3((x / -((_a6_ / _a1_)))))) / _a1_);{'d0': {'_a1_': 0.4746931431587309, '_a3_': 0.8426446046965935, '_a6_': 0.40560989057382674, '_a0_': 1.0, '_a2_': 1.0, '_a4_': 1.0, '_a5_': 1.0, '_a7_': 1.0}};{'d0': 0.024905832919416594};-276.475521886822;58.75413029437393
23591;-79.4836306490368;((((x + _a3_) * (x * (_a0_ / _a0_))) + -(pow3((x / -((_a6_ / _a1_)))))) / _a1_);{'d0': {'_a1_': 0.4746931431587309, '_a3_': 0.8426446046965935, '_a6_': 0.40560989057382674, '_a0_': 1.0, '_a2_': 1.0, '_a4_': 1.0, '_a5_': 1.0, '_a7_': 1.0}};{'d0': 0.024905832919416594};-276.475521886822;58.75413029437393
23592;-79.4836306490368;((((x + _a3_) * (x * (_a0_ / _a0_))) + -(pow3((x / -((_a6_ / _a1_)))))) / _a1_);{'d0': {'_a1_': 0.4746931431587309, '_a3_': 0.8426446046965935, '_a6_': 0.40560989057382674, '_a0_': 1.0, '_a2_': 1.0, '_a4_': 1.0, '_a5_': 1.0, '_a7_': 1.0}};{'d0': 0.024905832919416594};-276.475521886822;58.75413029437393
23593;-79.4836306490368;((((x + _a3_) * (x * (_a0_ / _a0_))) + -(pow3((x / -((_a6_ / _a1_)))))) / _a1_);{'d0': {'_a1_': 0.4746931431587309, '_a3_': 0.8426446046965935, '_a6_': 0.40560989057382674, '_a0_': 1.0, '_a2_': 1.0, '_a4_': 1.0, '_a5_': 1.0, '_a7_': 1.0}};{'d0': 0.024905832919416594};-276.475521886822;58.75413029437393
23594;-79.4836306270819;((((x + _a3_) * (x * (_a1_ / _a0_))) + -(pow3((x / -((_a6_ / _a1_)))))) / _a1_);{'d0': {'_a0_': 0.4746931435254851, '_a1_': 0.4178978480707979, '_a3_': 0.8426446053912279, '_a6_': 0.3725747287220316, '_a2_': 1.0, '_a4_': 1.0, '_a5_': 1.0, '_a7_': 1.0}};{'d0': 0.02490583293764343};-276.475521842912;58.75413029437393
23595;-85.3947155404417;((((x + _a3_) * (x * _a4_)) + -(pow3((x / -((_a6_ / _a1_)))))) / _a1_);{'d0': {'_a1_': 0.4936167354188591, '_a3_': 0.8426446043084304, '_a4_': 1.0398648952752372, '_a6_': 0.4163192462649011, '_a0_': 1.0, '_a2_': 1.0, '_a5_': 1.0, '_a7_': 1.0}};{'d0': 0.02490583291960911};-276.475521886358;52.84304540273713
23596;-85.3947155404417;((((x + _a3_) * (x * _a4_)) + -(pow3((x / -((_a6_ / _a1_)))))) / _a1_);{'d0': {'_a1_': 0.4936167354188591, '_a3_': 0.8426446043084304, '_a4_': 1.0398648952752372, '_a6_': 0.4163192462649011, '_a0_': 1.0, '_a2_': 1.0, '_a5_': 1.0, '_a7_': 1.0}};{'d0': 0.02490583291960911};-276.475521886358;52.84304540273713
23597;-88.5153064516060;((((pow2((_a4_ + x)) / _a1_) + (_a1_ * _a0_)) * (x * _a4_)) * -(sqrt(_a6_)));{'d0': {'_a0_': 100.39778984743326, '_a1_': -0.06532183927080788, '_a4_': 0.31192970785427987, '_a6_': 0.5000390752347804, '_a2_': 1.0, '_a3_': 1.0, '_a5_': 1.0, '_a7_': 1.0}};{'d0': 0.02490583291946312};-276.475521886709;49.72245449174868
23598;-88.5153064516060;((((pow2((_a4_ + x)) / _a1_) + (_a1_ * _a0_)) * (x * _a4_)) * -(sqrt(_a6_)));{'d0': {'_a0_': 100.39778984743326, '_a1_': -0.06532183927080788, '_a4_': 0.31192970785427987, '_a6_': 0.5000390752347804, '_a2_': 1.0, '_a3_': 1.0, '_a5_': 1.0, '_a7_': 1.0}};{'d0': 0.02490583291946312};-276.475521886709;49.72245449174868
23599;-88.5153064516060;((((pow2((_a4_ + x)) / _a1_) + (_a1_ * _a0_)) * (x * _a4_)) * -(sqrt(_a6_)));{'d0': {'_a0_': 100.39778984743326, '_a1_': -0.06532183927080788, '_a4_': 0.31192970785427987, '_a6_': 0.5000390752347804, '_a2_': 1.0, '_a3_': 1.0, '_a5_': 1.0, '_a7_': 1.0}};{'d0': 0.02490583291946312};-276.475521886709;49.72245449174868
23600;-88.5153064516060;((((pow2((_a4_ + x)) / _a1_) + (_a1_ * _a0_)) * (x * _a4_)) * -(sqrt(_a6_)));{'d0': {'_a0_': 100.39778984743326, '_a1_': -0.06532183927080788, '_a4_': 0.31192970785427987, '_a6_': 0.5000390752347804, '_a2_': 1.0, '_a3_': 1.0, '_a5_': 1.0, '_a7_': 1.0}};{'d0': 0.02490583291946312};-276.475521886709;49.72245449174868
23601;-88.5153064516060;((((pow2((_a4_ + x)) / _a1_) + (_a1_ * _a0_)) * (x * _a4_)) * -(sqrt(_a6_)));{'d0': {'_a0_': 100.39778984743326, '_a1_': -0.06532183927080788, '_a4_': 0.31192970785427987, '_a6_': 0.5000390752347804, '_a2_': 1.0, '_a3_': 1.0, '_a5_': 1.0, '_a7_': 1.0}};{'d0': 0.02490583291946312};-276.475521886709;49.72245449174868
23602;-80.4958085555003;((((x + _a3_) * (x * _a4_)) + -(pow3((x / -(((_a0_ * _a0_) / _a4_)))))) + _a1_);{'d0': {'_a0_': 1.18630791589064, '_a1_': -0.0010242621840811145, '_a3_': 0.8400504594571369, '_a4_': 2.112556117255754, '_a2_': 1.0, '_a5_': 1.0, '_a6_': 1.0, '_a7_': 1.0}};{'d0': 0.024885482501987764};-276.524567593021;57.766475241010134
23603;-80.4958085555003;((((x + _a3_) * (x * _a4_)) + -(pow3((x / -(((_a0_ * _a0_) / _a4_)))))) + _a1_);{'d0': {'_a0_': 1.18630791589064, '_a1_': -0.0010242621840811145, '_a3_': 0.8400504594571369, '_a4_': 2.112556117255754, '_a2_': 1.0, '_a5_': 1.0, '_a6_': 1.0, '_a7_': 1.0}};{'d0': 0.024885482501987764};-276.524567593021;57.766475241010134
23604;-80.4958085555003;((((x + _a3_) * (x * _a4_)) + -(pow3((x / -(((_a0_ * _a0_) / _a4_)))))) + _a1_);{'d0': {'_a0_': 1.18630791589064, '_a1_': -0.0010242621840811145, '_a3_': 0.8400504594571369, '_a4_': 2.112556117255754, '_a2_': 1.0, '_a5_': 1.0, '_a6_': 1.0, '_a7_': 1.0}};{'d0': 0.024885482501987764};-276.524567593021;57.766475241010134
23605;-88.4390590325416;(((x + _a3_) * (x * _a4_)) + -(pow3((x / -(((_a0_ * _a0_) / _a4_))))));{'d0': {'_a0_': 1.1849775870119277, '_a3_': 0.8426446052339622, '_a4_': 2.106624065909617, '_a1_': 1.0, '_a2_': 1.0, '_a5_': 1.0, '_a6_': 1.0, '_a7_': 1.0}};{'d0': 0.02490583291941663};-280.569866449044;51.84587419198014
23606;-88.4390590325416;(((x + _a3_) * (x * _a4_)) + -(pow3((x / -(((_a0_ * _a0_) / _a4_))))));{'d0': {'_a0_': 1.1849775870119277, '_a3_': 0.8426446052339622, '_a4_': 2.106624065909617, '_a1_': 1.0, '_a2_': 1.0, '_a5_': 1.0, '_a6_': 1.0, '_a7_': 1.0}};{'d0': 0.02490583291941663};-280.569866449044;51.84587419198014
23607;-88.4390590325416;(((x + _a3_) * (x * _a4_)) + -(pow3((x / -(((_a0_ * _a0_) / _a4_))))));{'d0': {'_a0_': 1.1849775870119277, '_a3_': 0.8426446052339622, '_a4_': 2.106624065909617, '_a1_': 1.0, '_a2_': 1.0, '_a5_': 1.0, '_a6_': 1.0, '_a7_': 1.0}};{'d0': 0.02490583291941663};-280.569866449044;51.84587419198014
23608;-88.5153064516060;((((pow2((_a4_ + x)) / _a1_) + (_a1_ * _a0_)) * (x * _a4_)) * -(sqrt(_a6_)));{'d0': {'_a0_': 100.39778984743326, '_a1_': -0.06532183927080788, '_a4_': 0.31192970785427987, '_a6_': 0.5000390752347804, '_a2_': 1.0, '_a3_': 1.0, '_a5_': 1.0, '_a7_': 1.0}};{'d0': 0.02490583291946312};-276.475521886709;49.72245449174868
23609;-88.5153064516060;((((pow2((_a4_ + x)) / _a1_) + (_a1_ * _a0_)) * (x * _a4_)) * -(sqrt(_a6_)));{'d0': {'_a0_': 100.39778984743326, '_a1_': -0.06532183927080788, '_a4_': 0.31192970785427987, '_a6_': 0.5000390752347804, '_a2_': 1.0, '_a3_': 1.0, '_a5_': 1.0, '_a7_': 1.0}};{'d0': 0.02490583291946312};-276.475521886709;49.72245449174868
23610;-88.4390590325416;(((x + _a3_) * (x * _a4_)) + -(pow3((x / -(((_a0_ * _a0_) / _a4_))))));{'d0': {'_a0_': 1.1849775870119277, '_a3_': 0.8426446052339622, '_a4_': 2.106624065909617, '_a1_': 1.0, '_a2_': 1.0, '_a5_': 1.0, '_a6_': 1.0, '_a7_': 1.0}};{'d0': 0.02490583291941663};-280.569866449044;51.84587419198014
23611;-88.4390590325416;(((x + _a3_) * (x * _a4_)) + -(pow3((x / -(((_a0_ * _a0_) / _a4_))))));{'d0': {'_a0_': 1.1849775870119277, '_a3_': 0.8426446052339622, '_a4_': 2.106624065909617, '_a1_': 1.0, '_a2_': 1.0, '_a5_': 1.0, '_a6_': 1.0, '_a7_': 1.0}};{'d0': 0.02490583291941663};-280.569866449044;51.84587419198014
23612;-88.4390590325416;(((x + _a3_) * (x * _a4_)) + -(pow3((x / -(((_a0_ * _a0_) / _a4_))))));{'d0': {'_a0_': 1.1849775870119277, '_a3_': 0.8426446052339622, '_a4_': 2.106624065909617, '_a1_': 1.0, '_a2_': 1.0, '_a5_': 1.0, '_a6_': 1.0, '_a7_': 1.0}};{'d0': 0.02490583291941663};-280.569866449044;51.84587419198014
23613;-88.4390590325416;(((x + _a3_) * (x * _a4_)) + -(pow3((x / -(((_a0_ * _a0_) / _a4_))))));{'d0': {'_a0_': 1.1849775870119277, '_a3_': 0.8426446052339622, '_a4_': 2.106624065909617, '_a1_': 1.0, '_a2_': 1.0, '_a5_': 1.0, '_a6_': 1.0, '_a7_': 1.0}};{'d0': 0.02490583291941663};-280.569866449044;51.84587419198014
23614;-88.4390590325416;(((x + _a3_) * (x * _a4_)) + -(pow3((x / -(((_a0_ * _a0_) / _a4_))))));{'d0': {'_a0_': 1.1849775870119277, '_a3_': 0.8426446052339622, '_a4_': 2.106624065909617, '_a1_': 1.0, '_a2_': 1.0, '_a5_': 1.0, '_a6_': 1.0, '_a7_': 1.0}};{'d0': 0.02490583291941663};-280.569866449044;51.84587419198014
23615;-88.4390590325416;(((x + _a3_) * (x * _a4_)) + -(pow3((x / -(((_a0_ * _a0_) / _a4_))))));{'d0': {'_a0_': 1.1849775870119277, '_a3_': 0.8426446052339622, '_a4_': 2.106624065909617, '_a1_': 1.0, '_a2_': 1.0, '_a5_': 1.0, '_a6_': 1.0, '_a7_': 1.0}};{'d0': 0.02490583291941663};-280.569866449044;51.84587419198014
23616;-88.4390590325416;(((x + _a3_) * (x * _a4_)) + -(pow3((x / -(((_a0_ * _a0_) / _a4_))))));{'d0': {'_a0_': 1.1849775870119277, '_a3_': 0.8426446052339622, '_a4_': 2.106624065909617, '_a1_': 1.0, '_a2_': 1.0, '_a5_': 1.0, '_a6_': 1.0, '_a7_': 1.0}};{'d0': 0.02490583291941663};-280.569866449044;51.84587419198014
23617;-88.4390590325416;(((x + _a3_) * (x * _a4_)) + -(pow3((x / -(((_a0_ * _a0_) / _a4_))))));{'d0': {'_a0_': 1.1849775870119277, '_a3_': 0.8426446052339622, '_a4_': 2.106624065909617, '_a1_': 1.0, '_a2_': 1.0, '_a5_': 1.0, '_a6_': 1.0, '_a7_': 1.0}};{'d0': 0.02490583291941663};-280.569866449044;51.84587419198014
23618;-88.4390590325416;(((x + _a3_) * (x * _a4_)) + -(pow3((x / -(((_a0_ * _a0_) / _a4_))))));{'d0': {'_a0_': 1.1849775870119277, '_a3_': 0.8426446052339622, '_a4_': 2.106624065909617, '_a1_': 1.0, '_a2_': 1.0, '_a5_': 1.0, '_a6_': 1.0, '_a7_': 1.0}};{'d0': 0.02490583291941663};-280.569866449044;51.84587419198014
23619;-88.4390590325416;(((x + _a3_) * (x * _a4_)) + -(pow3((x / -(((_a0_ * _a0_) / _a4_))))));{'d0': {'_a0_': 1.1849775870119277, '_a3_': 0.8426446052339622, '_a4_': 2.106624065909617, '_a1_': 1.0, '_a2_': 1.0, '_a5_': 1.0, '_a6_': 1.0, '_a7_': 1.0}};{'d0': 0.02490583291941663};-280.569866449044;51.84587419198014
23620;-88.4390590325416;(((x + _a3_) * (x * _a4_)) + -(pow3((x / -(((_a0_ * _a0_) / _a4_))))));{'d0': {'_a0_': 1.1849775870119277, '_a3_': 0.8426446052339622, '_a4_': 2.106624065909617, '_a1_': 1.0, '_a2_': 1.0, '_a5_': 1.0, '_a6_': 1.0, '_a7_': 1.0}};{'d0': 0.02490583291941663};-280.569866449044;51.84587419198014
23621;-88.4390590325416;(((x + _a3_) * (x * _a4_)) + -(pow3((x / -(((_a0_ * _a0_) / _a4_))))));{'d0': {'_a0_': 1.1849775870119277, '_a3_': 0.8426446052339622, '_a4_': 2.106624065909617, '_a1_': 1.0, '_a2_': 1.0, '_a5_': 1.0, '_a6_': 1.0, '_a7_': 1.0}};{'d0': 0.02490583291941663};-280.569866449044;51.84587419198014
23622;-88.4390590325416;(((x + _a3_) * (x * _a4_)) + -(pow3((x / -(((_a0_ * _a0_) / _a4_))))));{'d0': {'_a0_': 1.1849775870119277, '_a3_': 0.8426446052339622, '_a4_': 2.106624065909617, '_a1_': 1.0, '_a2_': 1.0, '_a5_': 1.0, '_a6_': 1.0, '_a7_': 1.0}};{'d0': 0.02490583291941663};-280.569866449044;51.84587419198014
23623;-88.4390590325416;(((x + _a3_) * (x * _a4_)) + -(pow3((x / -(((_a0_ * _a0_) / _a4_))))));{'d0': {'_a0_': 1.1849775870119277, '_a3_': 0.8426446052339622, '_a4_': 2.106624065909617, '_a1_': 1.0, '_a2_': 1.0, '_a5_': 1.0, '_a6_': 1.0, '_a7_': 1.0}};{'d0': 0.02490583291941663};-280.569866449044;51.84587419198014
23624;-88.4390590325416;(((x + _a3_) * (x * _a4_)) + -(pow3((x / -(((_a0_ * _a0_) / _a4_))))));{'d0': {'_a0_': 1.1849775870119277, '_a3_': 0.8426446052339622, '_a4_': 2.106624065909617, '_a1_': 1.0, '_a2_': 1.0, '_a5_': 1.0, '_a6_': 1.0, '_a7_': 1.0}};{'d0': 0.02490583291941663};-280.569866449044;51.84587419198014
23625;-88.4390590325416;(((x + _a3_) * (x * _a4_)) + -(pow3((x / -(((_a0_ * _a0_) / _a4_))))));{'d0': {'_a0_': 1.1849775870119277, '_a3_': 0.8426446052339622, '_a4_': 2.106624065909617, '_a1_': 1.0, '_a2_': 1.0, '_a5_': 1.0, '_a6_': 1.0, '_a7_': 1.0}};{'d0': 0.02490583291941663};-280.569866449044;51.84587419198014
23626;-88.4390590325416;(((x + _a3_) * (x * _a4_)) + -(pow3((x / -(((_a0_ * _a0_) / _a4_))))));{'d0': {'_a0_': 1.1849775870119277, '_a3_': 0.8426446052339622, '_a4_': 2.106624065909617, '_a1_': 1.0, '_a2_': 1.0, '_a5_': 1.0, '_a6_': 1.0, '_a7_': 1.0}};{'d0': 0.02490583291941663};-280.569866449044;51.84587419198014
23627;-88.4390590325416;(((x + _a3_) * (x * _a4_)) + -(pow3((x / -(((_a0_ * _a0_) / _a4_))))));{'d0': {'_a0_': 1.1849775870119277, '_a3_': 0.8426446052339622, '_a4_': 2.106624065909617, '_a1_': 1.0, '_a2_': 1.0, '_a5_': 1.0, '_a6_': 1.0, '_a7_': 1.0}};{'d0': 0.02490583291941663};-280.569866449044;51.84587419198014
23628;-88.4390590325416;(((x + _a3_) * (x * _a4_)) + -(pow3((x / -(((_a0_ * _a0_) / _a4_))))));{'d0': {'_a0_': 1.1849775870119277, '_a3_': 0.8426446052339622, '_a4_': 2.106624065909617, '_a1_': 1.0, '_a2_': 1.0, '_a5_': 1.0, '_a6_': 1.0, '_a7_': 1.0}};{'d0': 0.02490583291941663};-280.569866449044;51.84587419198014
23629;-88.4390590325416;(((x + _a3_) * (x * _a4_)) + -(pow3((x / -(((_a0_ * _a0_) / _a4_))))));{'d0': {'_a0_': 1.1849775870119277, '_a3_': 0.8426446052339622, '_a4_': 2.106624065909617, '_a1_': 1.0, '_a2_': 1.0, '_a5_': 1.0, '_a6_': 1.0, '_a7_': 1.0}};{'d0': 0.02490583291941663};-280.569866449044;51.84587419198014
23630;-88.4390590325416;(((x + _a3_) * (x * _a4_)) + -(pow3((x / -(((_a0_ * _a0_) / _a4_))))));{'d0': {'_a0_': 1.1849775870119277, '_a3_': 0.8426446052339622, '_a4_': 2.106624065909617, '_a1_': 1.0, '_a2_': 1.0, '_a5_': 1.0, '_a6_': 1.0, '_a7_': 1.0}};{'d0': 0.02490583291941663};-280.569866449044;51.84587419198014
23631;-88.4390590325416;(((x + _a3_) * (x * _a4_)) + -(pow3((x / -(((_a0_ * _a0_) / _a4_))))));{'d0': {'_a0_': 1.1849775870119277, '_a3_': 0.8426446052339622, '_a4_': 2.106624065909617, '_a1_': 1.0, '_a2_': 1.0, '_a5_': 1.0, '_a6_': 1.0, '_a7_': 1.0}};{'d0': 0.02490583291941663};-280.569866449044;51.84587419198014
23632;-88.4390590325416;(((x + _a3_) * (x * _a4_)) + -(pow3((x / -(((_a0_ * _a0_) / _a4_))))));{'d0': {'_a0_': 1.1849775870119277, '_a3_': 0.8426446052339622, '_a4_': 2.106624065909617, '_a1_': 1.0, '_a2_': 1.0, '_a5_': 1.0, '_a6_': 1.0, '_a7_': 1.0}};{'d0': 0.02490583291941663};-280.569866449044;51.84587419198014
23633;-88.4390590325416;(((x + _a3_) * (x * _a4_)) + -(pow3((x / -(((_a0_ * _a0_) / _a4_))))));{'d0': {'_a0_': 1.1849775870119277, '_a3_': 0.8426446052339622, '_a4_': 2.106624065909617, '_a1_': 1.0, '_a2_': 1.0, '_a5_': 1.0, '_a6_': 1.0, '_a7_': 1.0}};{'d0': 0.02490583291941663};-280.569866449044;51.84587419198014
23634;-88.4390590325416;(((x + _a3_) * (x * _a4_)) + -(pow3((x / -(((_a0_ * _a0_) / _a4_))))));{'d0': {'_a0_': 1.1849775870119277, '_a3_': 0.8426446052339622, '_a4_': 2.106624065909617, '_a1_': 1.0, '_a2_': 1.0, '_a5_': 1.0, '_a6_': 1.0, '_a7_': 1.0}};{'d0': 0.02490583291941663};-280.569866449044;51.84587419198014
23635;-88.4390590325416;(((x + _a3_) * (x * _a4_)) + -(pow3((x / -(((_a0_ * _a0_) / _a4_))))));{'d0': {'_a0_': 1.1849775870119277, '_a3_': 0.8426446052339622, '_a4_': 2.106624065909617, '_a1_': 1.0, '_a2_': 1.0, '_a5_': 1.0, '_a6_': 1.0, '_a7_': 1.0}};{'d0': 0.02490583291941663};-280.569866449044;51.84587419198014
23636;-93.3160416716766;(((x + _a3_) * (x * _a4_)) + -(pow3((x / -((_a6_ / _a4_))))));{'d0': {'_a3_': 0.8426446049332033, '_a4_': 2.106624066636497, '_a6_': 1.4041718820998041, '_a0_': 1.0, '_a1_': 1.0, '_a2_': 1.0, '_a5_': 1.0, '_a7_': 1.0}};{'d0': 0.02490583291941661};-280.569866449044;46.968891552845136
23637;-93.3160416716766;(((x + _a3_) * (x * _a4_)) + -(pow3((x / -((_a6_ / _a4_))))));{'d0': {'_a3_': 0.8426446049332033, '_a4_': 2.106624066636497, '_a6_': 1.4041718820998041, '_a0_': 1.0, '_a1_': 1.0, '_a2_': 1.0, '_a5_': 1.0, '_a7_': 1.0}};{'d0': 0.02490583291941661};-280.569866449044;46.968891552845136
23638;-93.3160416716766;(((x + _a3_) * (x * _a4_)) + -(pow3((x / -((_a6_ / _a4_))))));{'d0': {'_a3_': 0.8426446049332033, '_a4_': 2.106624066636497, '_a6_': 1.4041718820998041, '_a0_': 1.0, '_a1_': 1.0, '_a2_': 1.0, '_a5_': 1.0, '_a7_': 1.0}};{'d0': 0.02490583291941661};-280.569866449044;46.968891552845136
23639;-93.3160416716766;(((x + _a3_) * (x * _a4_)) + -(pow3((x / -((_a6_ / _a4_))))));{'d0': {'_a3_': 0.8426446049332033, '_a4_': 2.106624066636497, '_a6_': 1.4041718820998041, '_a0_': 1.0, '_a1_': 1.0, '_a2_': 1.0, '_a5_': 1.0, '_a7_': 1.0}};{'d0': 0.02490583291941661};-280.569866449044;46.968891552845136
23640;-93.3160416716766;(((x + _a3_) * (x * _a4_)) + -(pow3((x / -((_a6_ / _a4_))))));{'d0': {'_a3_': 0.8426446049332033, '_a4_': 2.106624066636497, '_a6_': 1.4041718820998041, '_a0_': 1.0, '_a1_': 1.0, '_a2_': 1.0, '_a5_': 1.0, '_a7_': 1.0}};{'d0': 0.02490583291941661};-280.569866449044;46.968891552845136
23641;-93.3160416716766;(((x + _a3_) * (x * _a4_)) + -(pow3((x / -((_a6_ / _a4_))))));{'d0': {'_a3_': 0.8426446049332033, '_a4_': 2.106624066636497, '_a6_': 1.4041718820998041, '_a0_': 1.0, '_a1_': 1.0, '_a2_': 1.0, '_a5_': 1.0, '_a7_': 1.0}};{'d0': 0.02490583291941661};-280.569866449044;46.968891552845136
23642;-93.3160416716766;(((x + _a3_) * (x * _a4_)) + -(pow3((x / -((_a6_ / _a4_))))));{'d0': {'_a3_': 0.8426446049332033, '_a4_': 2.106624066636497, '_a6_': 1.4041718820998041, '_a0_': 1.0, '_a1_': 1.0, '_a2_': 1.0, '_a5_': 1.0, '_a7_': 1.0}};{'d0': 0.02490583291941661};-280.569866449044;46.968891552845136
23643;-93.3160416716766;(((x + _a3_) * (x * _a4_)) + -(pow3((x / -((_a6_ / _a4_))))));{'d0': {'_a3_': 0.8426446049332033, '_a4_': 2.106624066636497, '_a6_': 1.4041718820998041, '_a0_': 1.0, '_a1_': 1.0, '_a2_': 1.0, '_a5_': 1.0, '_a7_': 1.0}};{'d0': 0.02490583291941661};-280.569866449044;46.968891552845136
23644;-93.3160416716766;(((x + _a3_) * (x * _a4_)) + -(pow3((x / -((_a6_ / _a4_))))));{'d0': {'_a3_': 0.8426446049332033, '_a4_': 2.106624066636497, '_a6_': 1.4041718820998041, '_a0_': 1.0, '_a1_': 1.0, '_a2_': 1.0, '_a5_': 1.0, '_a7_': 1.0}};{'d0': 0.02490583291941661};-280.569866449044;46.968891552845136
23645;-93.3160416716766;(((x + _a3_) * (x * _a4_)) + -(pow3((x / -((_a6_ / _a4_))))));{'d0': {'_a3_': 0.8426446049332033, '_a4_': 2.106624066636497, '_a6_': 1.4041718820998041, '_a0_': 1.0, '_a1_': 1.0, '_a2_': 1.0, '_a5_': 1.0, '_a7_': 1.0}};{'d0': 0.02490583291941661};-280.569866449044;46.968891552845136
23646;-93.3160416716766;(((x + _a3_) * (x * _a4_)) + -(pow3((x / -((_a6_ / _a4_))))));{'d0': {'_a3_': 0.8426446049332033, '_a4_': 2.106624066636497, '_a6_': 1.4041718820998041, '_a0_': 1.0, '_a1_': 1.0, '_a2_': 1.0, '_a5_': 1.0, '_a7_': 1.0}};{'d0': 0.02490583291941661};-280.569866449044;46.968891552845136
23647;-87.4418878217846;(((x + _a3_) * (x * _a4_)) + -(pow3((x / -(((_a7_ / _a3_) / _a4_))))));{'d0': {'_a3_': 0.8426446039705441, '_a4_': 2.1066240684130046, '_a7_': 1.1832178601747396, '_a0_': 1.0, '_a1_': 1.0, '_a2_': 1.0, '_a5_': 1.0, '_a6_': 1.0}};{'d0': 0.02490583291941664};-280.569866449044;52.84304540273713
23648;-87.4418878217846;(((x + _a3_) * (x * _a4_)) + -(pow3((x / -(((_a7_ / _a3_) / _a4_))))));{'d0': {'_a3_': 0.8426446039705441, '_a4_': 2.1066240684130046, '_a7_': 1.1832178601747396, '_a0_': 1.0, '_a1_': 1.0, '_a2_': 1.0, '_a5_': 1.0, '_a6_': 1.0}};{'d0': 0.02490583291941664};-280.569866449044;52.84304540273713
23649;-87.4418878217846;(((x + _a3_) * (x * _a4_)) + -(pow3((x / -(((_a7_ / _a3_) / _a4_))))));{'d0': {'_a3_': 0.8426446039705441, '_a4_': 2.1066240684130046, '_a7_': 1.1832178601747396, '_a0_': 1.0, '_a1_': 1.0, '_a2_': 1.0, '_a5_': 1.0, '_a6_': 1.0}};{'d0': 0.02490583291941664};-280.569866449044;52.84304540273713
23650;-85.3947155406602;(((x + _a3_) * (x * _a5_)) + -(pow3((x / -(((_a7_ / _a3_) / _a4_))))));{'d0': {'_a3_': 0.8426446025055306, '_a4_': -1072.6097809215794, '_a5_': 2.1066240699277374, '_a7_': -602.4478030181069, '_a0_': 1.0, '_a1_': 1.0, '_a2_': 1.0, '_a6_': 1.0}};{'d0': 0.02490583291942768};-276.475521886795;52.84304540273713
23651;-85.3947155406602;(((x + _a3_) * (x * _a5_)) + -(pow3((x / -(((_a7_ / _a3_) / _a4_))))));{'d0': {'_a3_': 0.8426446025055306, '_a4_': -1072.6097809215794, '_a5_': 2.1066240699277374, '_a7_': -602.4478030181069, '_a0_': 1.0, '_a1_': 1.0, '_a2_': 1.0, '_a6_': 1.0}};{'d0': 0.02490583291942768};-276.475521886795;52.84304540273713
23652;-85.3947155406602;(((x + _a3_) * (x * _a5_)) + -(pow3((x / -(((_a7_ / _a3_) / _a4_))))));{'d0': {'_a3_': 0.8426446025055306, '_a4_': -1072.6097809215794, '_a5_': 2.1066240699277374, '_a7_': -602.4478030181069, '_a0_': 1.0, '_a1_': 1.0, '_a2_': 1.0, '_a6_': 1.0}};{'d0': 0.02490583291942768};-276.475521886795;52.84304540273713
23653;-85.3947155406602;(((x + _a3_) * (x * _a5_)) + -(pow3((x / -(((_a7_ / _a3_) / _a4_))))));{'d0': {'_a3_': 0.8426446025055306, '_a4_': -1072.6097809215794, '_a5_': 2.1066240699277374, '_a7_': -602.4478030181069, '_a0_': 1.0, '_a1_': 1.0, '_a2_': 1.0, '_a6_': 1.0}};{'d0': 0.02490583291942768};-276.475521886795;52.84304540273713
23654;-85.3947155406602;(((x + _a3_) * (x * _a5_)) + -(pow3((x / -(((_a7_ / _a3_) / _a4_))))));{'d0': {'_a3_': 0.8426446025055306, '_a4_': -1072.6097809215794, '_a5_': 2.1066240699277374, '_a7_': -602.4478030181069, '_a0_': 1.0, '_a1_': 1.0, '_a2_': 1.0, '_a6_': 1.0}};{'d0': 0.02490583291942768};-276.475521886795;52.84304540273713
23655;-109.408611468146;(((pow2((_a0_ + (_a3_ * x))) / _a3_) + _a2_) * x);{'d0': {'_a0_': 1.0533120355187042, '_a2_': 1.4465760885395529, '_a3_': 3.376760882111957, '_a1_': 1.0, '_a4_': 1.0, '_a5_': 1.0, '_a6_': 1.0, '_a7_': 1.0}};{'d0': 0.024905832919416598};-280.569866449044;30.876321756376566
23656;-109.408611468146;(((pow2((_a0_ + (_a3_ * x))) / _a3_) + _a2_) * x);{'d0': {'_a0_': 1.0533120355187042, '_a2_': 1.4465760885395529, '_a3_': 3.376760882111957, '_a1_': 1.0, '_a4_': 1.0, '_a5_': 1.0, '_a6_': 1.0, '_a7_': 1.0}};{'d0': 0.024905832919416598};-280.569866449044;30.876321756376566
23657;-109.408611468146;(((pow2((_a0_ + (_a3_ * x))) / _a3_) + _a2_) * x);{'d0': {'_a0_': 1.0533120355187042, '_a2_': 1.4465760885395529, '_a3_': 3.376760882111957, '_a1_': 1.0, '_a4_': 1.0, '_a5_': 1.0, '_a6_': 1.0, '_a7_': 1.0}};{'d0': 0.024905832919416598};-280.569866449044;30.876321756376566
23658;-109.408611468146;(((pow2((_a0_ + (_a3_ * x))) / _a3_) + _a2_) * x);{'d0': {'_a0_': 1.0533120355187042, '_a2_': 1.4465760885395529, '_a3_': 3.376760882111957, '_a1_': 1.0, '_a4_': 1.0, '_a5_': 1.0, '_a6_': 1.0, '_a7_': 1.0}};{'d0': 0.024905832919416598};-280.569866449044;30.876321756376566
23659;-109.408611468146;(((pow2((_a0_ + (_a3_ * x))) / _a3_) + _a2_) * x);{'d0': {'_a0_': 1.0533120355187042, '_a2_': 1.4465760885395529, '_a3_': 3.376760882111957, '_a1_': 1.0, '_a4_': 1.0, '_a5_': 1.0, '_a6_': 1.0, '_a7_': 1.0}};{'d0': 0.024905832919416598};-280.569866449044;30.876321756376566
23660;-109.408611468146;(((pow2((_a0_ + (_a3_ * x))) / _a3_) + _a2_) * x);{'d0': {'_a0_': 1.0533120355187042, '_a2_': 1.4465760885395529, '_a3_': 3.376760882111957, '_a1_': 1.0, '_a4_': 1.0, '_a5_': 1.0, '_a6_': 1.0, '_a7_': 1.0}};{'d0': 0.024905832919416598};-280.569866449044;30.876321756376566
23661;-109.408611468146;(((pow2((_a0_ + (_a3_ * x))) / _a3_) + _a2_) * x);{'d0': {'_a0_': 1.0533120355187042, '_a2_': 1.4465760885395529, '_a3_': 3.376760882111957, '_a1_': 1.0, '_a4_': 1.0, '_a5_': 1.0, '_a6_': 1.0, '_a7_': 1.0}};{'d0': 0.024905832919416598};-280.569866449044;30.876321756376566
23662;-109.408611468146;(((pow2((_a0_ + (_a3_ * x))) / _a3_) + _a2_) * x);{'d0': {'_a0_': 1.0533120355187042, '_a2_': 1.4465760885395529, '_a3_': 3.376760882111957, '_a1_': 1.0, '_a4_': 1.0, '_a5_': 1.0, '_a6_': 1.0, '_a7_': 1.0}};{'d0': 0.024905832919416598};-280.569866449044;30.876321756376566
23663;-109.408611468146;(((pow2((_a0_ + (_a3_ * x))) / _a3_) + _a2_) * x);{'d0': {'_a0_': 1.0533120355187042, '_a2_': 1.4465760885395529, '_a3_': 3.376760882111957, '_a1_': 1.0, '_a4_': 1.0, '_a5_': 1.0, '_a6_': 1.0, '_a7_': 1.0}};{'d0': 0.024905832919416598};-280.569866449044;30.876321756376566
23664;-109.408611468146;(((pow2((_a0_ + (_a3_ * x))) / _a3_) + _a2_) * x);{'d0': {'_a0_': 1.0533120355187042, '_a2_': 1.4465760885395529, '_a3_': 3.376760882111957, '_a1_': 1.0, '_a4_': 1.0, '_a5_': 1.0, '_a6_': 1.0, '_a7_': 1.0}};{'d0': 0.024905832919416598};-280.569866449044;30.876321756376566
23665;-109.408611468146;(((pow2((_a0_ + (_a3_ * x))) / _a3_) + _a2_) * x);{'d0': {'_a0_': 1.0533120355187042, '_a2_': 1.4465760885395529, '_a3_': 3.376760882111957, '_a1_': 1.0, '_a4_': 1.0, '_a5_': 1.0, '_a6_': 1.0, '_a7_': 1.0}};{'d0': 0.024905832919416598};-280.569866449044;30.876321756376566
23666;-109.408611468146;(((pow2((_a0_ + (_a3_ * x))) / _a3_) + _a2_) * x);{'d0': {'_a0_': 1.0533120355187042, '_a2_': 1.4465760885395529, '_a3_': 3.376760882111957, '_a1_': 1.0, '_a4_': 1.0, '_a5_': 1.0, '_a6_': 1.0, '_a7_': 1.0}};{'d0': 0.024905832919416598};-280.569866449044;30.876321756376566
23667;-109.408611468146;(((pow2((_a0_ + (_a3_ * x))) / _a3_) + _a2_) * x);{'d0': {'_a0_': 1.0533120355187042, '_a2_': 1.4465760885395529, '_a3_': 3.376760882111957, '_a1_': 1.0, '_a4_': 1.0, '_a5_': 1.0, '_a6_': 1.0, '_a7_': 1.0}};{'d0': 0.024905832919416598};-280.569866449044;30.876321756376566
23668;-109.408611468146;(((pow2((_a0_ + (_a3_ * x))) / _a3_) + _a2_) * x);{'d0': {'_a0_': 1.0533120355187042, '_a2_': 1.4465760885395529, '_a3_': 3.376760882111957, '_a1_': 1.0, '_a4_': 1.0, '_a5_': 1.0, '_a6_': 1.0, '_a7_': 1.0}};{'d0': 0.024905832919416598};-280.569866449044;30.876321756376566
23669;-109.408611468146;(((pow2((_a0_ + (_a3_ * x))) / _a3_) + _a2_) * x);{'d0': {'_a0_': 1.0533120355187042, '_a2_': 1.4465760885395529, '_a3_': 3.376760882111957, '_a1_': 1.0, '_a4_': 1.0, '_a5_': 1.0, '_a6_': 1.0, '_a7_': 1.0}};{'d0': 0.024905832919416598};-280.569866449044;30.876321756376566
23670;-109.408611468146;(((pow2((_a0_ + (_a3_ * x))) / _a3_) + _a2_) * x);{'d0': {'_a0_': 1.0533120355187042, '_a2_': 1.4465760885395529, '_a3_': 3.376760882111957, '_a1_': 1.0, '_a4_': 1.0, '_a5_': 1.0, '_a6_': 1.0, '_a7_': 1.0}};{'d0': 0.024905832919416598};-280.569866449044;30.876321756376566
23671;-109.408611468146;(((pow2((_a0_ + (_a3_ * x))) / _a3_) + _a2_) * x);{'d0': {'_a0_': 1.0533120355187042, '_a2_': 1.4465760885395529, '_a3_': 3.376760882111957, '_a1_': 1.0, '_a4_': 1.0, '_a5_': 1.0, '_a6_': 1.0, '_a7_': 1.0}};{'d0': 0.024905832919416598};-280.569866449044;30.876321756376566
23672;-109.408611468146;(((pow2((_a0_ + (_a3_ * x))) / _a3_) + _a2_) * x);{'d0': {'_a0_': 1.0533120355187042, '_a2_': 1.4465760885395529, '_a3_': 3.376760882111957, '_a1_': 1.0, '_a4_': 1.0, '_a5_': 1.0, '_a6_': 1.0, '_a7_': 1.0}};{'d0': 0.024905832919416598};-280.569866449044;30.876321756376566
23673;-109.408611468146;(((pow2((_a0_ + (_a3_ * x))) / _a3_) + _a2_) * x);{'d0': {'_a0_': 1.0533120355187042, '_a2_': 1.4465760885395529, '_a3_': 3.376760882111957, '_a1_': 1.0, '_a4_': 1.0, '_a5_': 1.0, '_a6_': 1.0, '_a7_': 1.0}};{'d0': 0.024905832919416598};-280.569866449044;30.876321756376566
23674;-109.408611468146;(((pow2((_a0_ + (_a3_ * x))) / _a3_) + _a2_) * x);{'d0': {'_a0_': 1.0533120355187042, '_a2_': 1.4465760885395529, '_a3_': 3.376760882111957, '_a1_': 1.0, '_a4_': 1.0, '_a5_': 1.0, '_a6_': 1.0, '_a7_': 1.0}};{'d0': 0.024905832919416598};-280.569866449044;30.876321756376566
23675;-109.408611468146;(((pow2((_a0_ + (_a3_ * x))) / _a3_) + _a2_) * x);{'d0': {'_a0_': 1.0533120355187042, '_a2_': 1.4465760885395529, '_a3_': 3.376760882111957, '_a1_': 1.0, '_a4_': 1.0, '_a5_': 1.0, '_a6_': 1.0, '_a7_': 1.0}};{'d0': 0.024905832919416598};-280.569866449044;30.876321756376566
23676;-109.408611468146;(((pow2((_a0_ + (_a3_ * x))) / _a3_) + _a2_) * x);{'d0': {'_a0_': 1.0533120355187042, '_a2_': 1.4465760885395529, '_a3_': 3.376760882111957, '_a1_': 1.0, '_a4_': 1.0, '_a5_': 1.0, '_a6_': 1.0, '_a7_': 1.0}};{'d0': 0.024905832919416598};-280.569866449044;30.876321756376566
23677;-109.408611468146;(((pow2((_a0_ + (_a3_ * x))) / _a3_) + _a2_) * x);{'d0': {'_a0_': 1.0533120355187042, '_a2_': 1.4465760885395529, '_a3_': 3.376760882111957, '_a1_': 1.0, '_a4_': 1.0, '_a5_': 1.0, '_a6_': 1.0, '_a7_': 1.0}};{'d0': 0.024905832919416598};-280.569866449044;30.876321756376566
23678;-109.408611468146;(((pow2((_a0_ + (_a3_ * x))) / _a3_) + _a2_) * x);{'d0': {'_a0_': 1.0533120355187042, '_a2_': 1.4465760885395529, '_a3_': 3.376760882111957, '_a1_': 1.0, '_a4_': 1.0, '_a5_': 1.0, '_a6_': 1.0, '_a7_': 1.0}};{'d0': 0.024905832919416598};-280.569866449044;30.876321756376566
23679;-86.2919761513266;(((x + _a3_) * (x * _a6_)) + -(pow3((x / -((abs(_a6_) / _a4_))))));{'d0': {'_a3_': 0.842644603925422, '_a4_': 3.160485565560058, '_a6_': 2.106624068829945, '_a0_': 1.0, '_a1_': 1.0, '_a2_': 1.0, '_a5_': 1.0, '_a7_': 1.0}};{'d0': 0.02490583291941664};-280.569866449044;53.992957073195136
23680;-86.2919761513266;(((x + _a3_) * (x * _a6_)) + -(pow3((x / -((abs(_a6_) / _a4_))))));{'d0': {'_a3_': 0.842644603925422, '_a4_': 3.160485565560058, '_a6_': 2.106624068829945, '_a0_': 1.0, '_a1_': 1.0, '_a2_': 1.0, '_a5_': 1.0, '_a7_': 1.0}};{'d0': 0.02490583291941664};-280.569866449044;53.992957073195136
23681;-86.2919761513266;(((x + _a3_) * (x * _a6_)) + -(pow3((x / -((abs(_a6_) / _a4_))))));{'d0': {'_a3_': 0.842644603925422, '_a4_': 3.160485565560058, '_a6_': 2.106624068829945, '_a0_': 1.0, '_a1_': 1.0, '_a2_': 1.0, '_a5_': 1.0, '_a7_': 1.0}};{'d0': 0.02490583291941664};-280.569866449044;53.992957073195136
23682;-86.2919761513266;(((x + _a3_) * (x * _a6_)) + -(pow3((x / -((abs(_a6_) / _a4_))))));{'d0': {'_a3_': 0.842644603925422, '_a4_': 3.160485565560058, '_a6_': 2.106624068829945, '_a0_': 1.0, '_a1_': 1.0, '_a2_': 1.0, '_a5_': 1.0, '_a7_': 1.0}};{'d0': 0.02490583291941664};-280.569866449044;53.992957073195136
23683;-86.2919761513266;(((x + _a3_) * (x * _a6_)) + -(pow3((x / -((abs(_a6_) / _a4_))))));{'d0': {'_a3_': 0.842644603925422, '_a4_': 3.160485565560058, '_a6_': 2.106624068829945, '_a0_': 1.0, '_a1_': 1.0, '_a2_': 1.0, '_a5_': 1.0, '_a7_': 1.0}};{'d0': 0.02490583291941664};-280.569866449044;53.992957073195136
23684;-86.2919761513266;(((x + _a3_) * (x * _a6_)) + -(pow3((x / -((abs(_a6_) / _a4_))))));{'d0': {'_a3_': 0.842644603925422, '_a4_': 3.160485565560058, '_a6_': 2.106624068829945, '_a0_': 1.0, '_a1_': 1.0, '_a2_': 1.0, '_a5_': 1.0, '_a7_': 1.0}};{'d0': 0.02490583291941664};-280.569866449044;53.992957073195136
23685;-86.2919761513266;(((x + _a3_) * (x * _a6_)) + -(pow3((x / -((abs(_a6_) / _a4_))))));{'d0': {'_a3_': 0.842644603925422, '_a4_': 3.160485565560058, '_a6_': 2.106624068829945, '_a0_': 1.0, '_a1_': 1.0, '_a2_': 1.0, '_a5_': 1.0, '_a7_': 1.0}};{'d0': 0.02490583291941664};-280.569866449044;53.992957073195136
23686;-86.2919761513266;(((x + _a3_) * (x * _a6_)) + -(pow3((x / -((abs(_a6_) / _a4_))))));{'d0': {'_a3_': 0.842644603925422, '_a4_': 3.160485565560058, '_a6_': 2.106624068829945, '_a0_': 1.0, '_a1_': 1.0, '_a2_': 1.0, '_a5_': 1.0, '_a7_': 1.0}};{'d0': 0.02490583291941664};-280.569866449044;53.992957073195136
23687;-86.2919761513266;(((x + _a3_) * (x * _a6_)) + -(pow3((x / -((abs(_a6_) / _a4_))))));{'d0': {'_a3_': 0.842644603925422, '_a4_': 3.160485565560058, '_a6_': 2.106624068829945, '_a0_': 1.0, '_a1_': 1.0, '_a2_': 1.0, '_a5_': 1.0, '_a7_': 1.0}};{'d0': 0.02490583291941664};-280.569866449044;53.992957073195136
23688;-86.2919761513266;(((x + _a3_) * (x * _a6_)) + -(pow3((x / -((abs(_a6_) / _a4_))))));{'d0': {'_a3_': 0.842644603925422, '_a4_': 3.160485565560058, '_a6_': 2.106624068829945, '_a0_': 1.0, '_a1_': 1.0, '_a2_': 1.0, '_a5_': 1.0, '_a7_': 1.0}};{'d0': 0.02490583291941664};-280.569866449044;53.992957073195136
23689;-86.2919761513266;(((x + _a3_) * (x * _a6_)) + -(pow3((x / -((abs(_a6_) / _a4_))))));{'d0': {'_a3_': 0.842644603925422, '_a4_': 3.160485565560058, '_a6_': 2.106624068829945, '_a0_': 1.0, '_a1_': 1.0, '_a2_': 1.0, '_a5_': 1.0, '_a7_': 1.0}};{'d0': 0.02490583291941664};-280.569866449044;53.992957073195136
23690;-86.2919761513266;(((x + _a3_) * (x * _a6_)) + -(pow3((x / -((abs(_a6_) / _a4_))))));{'d0': {'_a3_': 0.842644603925422, '_a4_': 3.160485565560058, '_a6_': 2.106624068829945, '_a0_': 1.0, '_a1_': 1.0, '_a2_': 1.0, '_a5_': 1.0, '_a7_': 1.0}};{'d0': 0.02490583291941664};-280.569866449044;53.992957073195136
23691;-86.2919761513266;(((x + _a3_) * (x * _a6_)) + -(pow3((x / -((abs(_a6_) / _a4_))))));{'d0': {'_a3_': 0.842644603925422, '_a4_': 3.160485565560058, '_a6_': 2.106624068829945, '_a0_': 1.0, '_a1_': 1.0, '_a2_': 1.0, '_a5_': 1.0, '_a7_': 1.0}};{'d0': 0.02490583291941664};-280.569866449044;53.992957073195136
23692;-86.2919761513266;(((x + _a3_) * (x * _a6_)) + -(pow3((x / -((abs(_a6_) / _a4_))))));{'d0': {'_a3_': 0.842644603925422, '_a4_': 3.160485565560058, '_a6_': 2.106624068829945, '_a0_': 1.0, '_a1_': 1.0, '_a2_': 1.0, '_a5_': 1.0, '_a7_': 1.0}};{'d0': 0.02490583291941664};-280.569866449044;53.992957073195136
23693;-86.2919761513266;(((x + _a3_) * (x * _a6_)) + -(pow3((x / -((abs(_a6_) / _a4_))))));{'d0': {'_a3_': 0.842644603925422, '_a4_': 3.160485565560058, '_a6_': 2.106624068829945, '_a0_': 1.0, '_a1_': 1.0, '_a2_': 1.0, '_a5_': 1.0, '_a7_': 1.0}};{'d0': 0.02490583291941664};-280.569866449044;53.992957073195136
23694;-86.2919761513266;(((x + _a3_) * (x * _a6_)) + -(pow3((x / -((abs(_a6_) / _a4_))))));{'d0': {'_a3_': 0.842644603925422, '_a4_': 3.160485565560058, '_a6_': 2.106624068829945, '_a0_': 1.0, '_a1_': 1.0, '_a2_': 1.0, '_a5_': 1.0, '_a7_': 1.0}};{'d0': 0.02490583291941664};-280.569866449044;53.992957073195136
23695;-86.2919761513266;(((x + _a3_) * (x * _a6_)) + -(pow3((x / -((abs(_a6_) / _a4_))))));{'d0': {'_a3_': 0.842644603925422, '_a4_': 3.160485565560058, '_a6_': 2.106624068829945, '_a0_': 1.0, '_a1_': 1.0, '_a2_': 1.0, '_a5_': 1.0, '_a7_': 1.0}};{'d0': 0.02490583291941664};-280.569866449044;53.992957073195136
23696;-86.2919761513266;(((x + _a3_) * (x * _a6_)) + -(pow3((x / -((abs(_a6_) / _a4_))))));{'d0': {'_a3_': 0.842644603925422, '_a4_': 3.160485565560058, '_a6_': 2.106624068829945, '_a0_': 1.0, '_a1_': 1.0, '_a2_': 1.0, '_a5_': 1.0, '_a7_': 1.0}};{'d0': 0.02490583291941664};-280.569866449044;53.992957073195136
23697;-86.2919761513266;(((x + _a3_) * (x * _a6_)) + -(pow3((x / -((abs(_a6_) / _a4_))))));{'d0': {'_a3_': 0.842644603925422, '_a4_': 3.160485565560058, '_a6_': 2.106624068829945, '_a0_': 1.0, '_a1_': 1.0, '_a2_': 1.0, '_a5_': 1.0, '_a7_': 1.0}};{'d0': 0.02490583291941664};-280.569866449044;53.992957073195136
23698;-86.2919761513266;(((x + _a3_) * (x * _a6_)) + -(pow3((x / -((abs(_a6_) / _a4_))))));{'d0': {'_a3_': 0.842644603925422, '_a4_': 3.160485565560058, '_a6_': 2.106624068829945, '_a0_': 1.0, '_a1_': 1.0, '_a2_': 1.0, '_a5_': 1.0, '_a7_': 1.0}};{'d0': 0.02490583291941664};-280.569866449044;53.992957073195136
23699;-86.2919761513266;(((x + _a3_) * (x * _a6_)) + -(pow3((x / -((abs(_a6_) / _a4_))))));{'d0': {'_a3_': 0.842644603925422, '_a4_': 3.160485565560058, '_a6_': 2.106624068829945, '_a0_': 1.0, '_a1_': 1.0, '_a2_': 1.0, '_a5_': 1.0, '_a7_': 1.0}};{'d0': 0.02490583291941664};-280.569866449044;53.992957073195136
23700;-86.2919761513266;(((x + _a3_) * (x * _a6_)) + -(pow3((x / -((abs(_a6_) / _a4_))))));{'d0': {'_a3_': 0.842644603925422, '_a4_': 3.160485565560058, '_a6_': 2.106624068829945, '_a0_': 1.0, '_a1_': 1.0, '_a2_': 1.0, '_a5_': 1.0, '_a7_': 1.0}};{'d0': 0.02490583291941664};-280.569866449044;53.992957073195136
23701;-86.2919761513266;(((x + _a3_) * (x * _a6_)) + -(pow3((x / -((abs(_a6_) / _a4_))))));{'d0': {'_a3_': 0.842644603925422, '_a4_': 3.160485565560058, '_a6_': 2.106624068829945, '_a0_': 1.0, '_a1_': 1.0, '_a2_': 1.0, '_a5_': 1.0, '_a7_': 1.0}};{'d0': 0.02490583291941664};-280.569866449044;53.992957073195136
23702;-91.2688693899660;(((x + _a3_) * (x * _a6_)) + -(pow3((x / -((_a2_ / _a4_))))));{'d0': {'_a2_': 656.0958647890061, '_a3_': 0.8426446051146019, '_a4_': 984.314896111634, '_a6_': 2.1066240668009955, '_a0_': 1.0, '_a1_': 1.0, '_a5_': 1.0, '_a7_': 1.0}};{'d0': 0.024905832919914373};-276.475521885622;46.968891552845136
23703;-91.2688693899660;(((x + _a3_) * (x * _a6_)) + -(pow3((x / -((_a2_ / _a4_))))));{'d0': {'_a2_': 656.0958647890061, '_a3_': 0.8426446051146019, '_a4_': 984.314896111634, '_a6_': 2.1066240668009955, '_a0_': 1.0, '_a1_': 1.0, '_a5_': 1.0, '_a7_': 1.0}};{'d0': 0.024905832919914373};-276.475521885622;46.968891552845136
23704;-91.2688693899660;(((x + _a3_) * (x * _a6_)) + -(pow3((x / -((_a2_ / _a4_))))));{'d0': {'_a2_': 656.0958647890061, '_a3_': 0.8426446051146019, '_a4_': 984.314896111634, '_a6_': 2.1066240668009955, '_a0_': 1.0, '_a1_': 1.0, '_a5_': 1.0, '_a7_': 1.0}};{'d0': 0.024905832919914373};-276.475521885622;46.968891552845136
23705;-91.2688693899660;(((x + _a3_) * (x * _a6_)) + -(pow3((x / -((_a2_ / _a4_))))));{'d0': {'_a2_': 656.0958647890061, '_a3_': 0.8426446051146019, '_a4_': 984.314896111634, '_a6_': 2.1066240668009955, '_a0_': 1.0, '_a1_': 1.0, '_a5_': 1.0, '_a7_': 1.0}};{'d0': 0.024905832919914373};-276.475521885622;46.968891552845136
23706;-91.2688693899660;(((x + _a3_) * (x * _a6_)) + -(pow3((x / -((_a2_ / _a4_))))));{'d0': {'_a2_': 656.0958647890061, '_a3_': 0.8426446051146019, '_a4_': 984.314896111634, '_a6_': 2.1066240668009955, '_a0_': 1.0, '_a1_': 1.0, '_a5_': 1.0, '_a7_': 1.0}};{'d0': 0.024905832919914373};-276.475521885622;46.968891552845136
23707;-85.3482683413988;(((x + _a3_) * (x * _a6_)) + -(pow3((x / -(((_a6_ + _a5_) / _a4_))))));{'d0': {'_a3_': 0.8426446050653652, '_a4_': 2.1652476472220257, '_a5_': -0.6633766124420657, '_a6_': 2.1066240678807544, '_a0_': 1.0, '_a1_': 1.0, '_a2_': 1.0, '_a7_': 1.0}};{'d0': 0.024905832919530167};-276.475521886548;52.88949260187513
23708;-79.2688585290996;(((x + _a3_) * (x * _a6_)) + -(pow3((x / -(((_a6_ + _a5_) / cos(_a7_)))))));{'d0': {'_a3_': 0.8426446044461707, '_a5_': -1.4400736667561098, '_a6_': 2.106624067428097, '_a7_': -6.281997154358618, '_a0_': 1.0, '_a1_': 1.0, '_a2_': 1.0, '_a4_': 1.0}};{'d0': 0.024905832935909204};-276.475521847090;58.96890239444513
23709;-79.2688585290996;(((x + _a3_) * (x * _a6_)) + -(pow3((x / -(((_a6_ + _a5_) / cos(_a7_)))))));{'d0': {'_a3_': 0.8426446044461707, '_a5_': -1.4400736667561098, '_a6_': 2.106624067428097, '_a7_': -6.281997154358618, '_a0_': 1.0, '_a1_': 1.0, '_a2_': 1.0, '_a4_': 1.0}};{'d0': 0.024905832935909204};-276.475521847090;58.96890239444513
23710;-79.2688585290996;(((x + _a3_) * (x * _a6_)) + -(pow3((x / -(((_a6_ + _a5_) / cos(_a7_)))))));{'d0': {'_a3_': 0.8426446044461707, '_a5_': -1.4400736667561098, '_a6_': 2.106624067428097, '_a7_': -6.281997154358618, '_a0_': 1.0, '_a1_': 1.0, '_a2_': 1.0, '_a4_': 1.0}};{'d0': 0.024905832935909204};-276.475521847090;58.96890239444513
23711;-79.2688585290996;(((x + _a3_) * (x * _a6_)) + -(pow3((x / -(((_a6_ + _a5_) / cos(_a7_)))))));{'d0': {'_a3_': 0.8426446044461707, '_a5_': -1.4400736667561098, '_a6_': 2.106624067428097, '_a7_': -6.281997154358618, '_a0_': 1.0, '_a1_': 1.0, '_a2_': 1.0, '_a4_': 1.0}};{'d0': 0.024905832935909204};-276.475521847090;58.96890239444513
23712;-79.2688585290996;(((x + _a3_) * (x * _a6_)) + -(pow3((x / -(((_a6_ + _a5_) / cos(_a7_)))))));{'d0': {'_a3_': 0.8426446044461707, '_a5_': -1.4400736667561098, '_a6_': 2.106624067428097, '_a7_': -6.281997154358618, '_a0_': 1.0, '_a1_': 1.0, '_a2_': 1.0, '_a4_': 1.0}};{'d0': 0.024905832935909204};-276.475521847090;58.96890239444513
23713;-79.2688585290996;(((x + _a3_) * (x * _a6_)) + -(pow3((x / -(((_a6_ + _a5_) / cos(_a7_)))))));{'d0': {'_a3_': 0.8426446044461707, '_a5_': -1.4400736667561098, '_a6_': 2.106624067428097, '_a7_': -6.281997154358618, '_a0_': 1.0, '_a1_': 1.0, '_a2_': 1.0, '_a4_': 1.0}};{'d0': 0.024905832935909204};-276.475521847090;58.96890239444513
23714;-79.2688585290996;(((x + _a3_) * (x * _a6_)) + -(pow3((x / -(((_a6_ + _a5_) / cos(_a7_)))))));{'d0': {'_a3_': 0.8426446044461707, '_a5_': -1.4400736667561098, '_a6_': 2.106624067428097, '_a7_': -6.281997154358618, '_a0_': 1.0, '_a1_': 1.0, '_a2_': 1.0, '_a4_': 1.0}};{'d0': 0.024905832935909204};-276.475521847090;58.96890239444513
23715;-79.2688585290996;(((x + _a3_) * (x * _a6_)) + -(pow3((x / -(((_a6_ + _a5_) / cos(_a7_)))))));{'d0': {'_a3_': 0.8426446044461707, '_a5_': -1.4400736667561098, '_a6_': 2.106624067428097, '_a7_': -6.281997154358618, '_a0_': 1.0, '_a1_': 1.0, '_a2_': 1.0, '_a4_': 1.0}};{'d0': 0.024905832935909204};-276.475521847090;58.96890239444513
23716;-79.2688585290996;(((x + _a3_) * (x * _a6_)) + -(pow3((x / -(((_a6_ + _a5_) / cos(_a7_)))))));{'d0': {'_a3_': 0.8426446044461707, '_a5_': -1.4400736667561098, '_a6_': 2.106624067428097, '_a7_': -6.281997154358618, '_a0_': 1.0, '_a1_': 1.0, '_a2_': 1.0, '_a4_': 1.0}};{'d0': 0.024905832935909204};-276.475521847090;58.96890239444513
23717;-79.2688585290996;(((x + _a3_) * (x * _a6_)) + -(pow3((x / -(((_a6_ + _a5_) / cos(_a7_)))))));{'d0': {'_a3_': 0.8426446044461707, '_a5_': -1.4400736667561098, '_a6_': 2.106624067428097, '_a7_': -6.281997154358618, '_a0_': 1.0, '_a1_': 1.0, '_a2_': 1.0, '_a4_': 1.0}};{'d0': 0.024905832935909204};-276.475521847090;58.96890239444513
23718;-79.2688585290996;(((x + _a3_) * (x * _a6_)) + -(pow3((x / -(((_a6_ + _a5_) / cos(_a7_)))))));{'d0': {'_a3_': 0.8426446044461707, '_a5_': -1.4400736667561098, '_a6_': 2.106624067428097, '_a7_': -6.281997154358618, '_a0_': 1.0, '_a1_': 1.0, '_a2_': 1.0, '_a4_': 1.0}};{'d0': 0.024905832935909204};-276.475521847090;58.96890239444513
23719;-79.4276672915954;(((x + _a3_) * (x * _a6_)) + -(pow3((x / -(((_a6_ + _a5_) / (_a3_ + _a1_)))))));{'d0': {'_a1_': 591.5229837932111, '_a3_': 0.8426446050312367, '_a5_': 392.73515194555466, '_a6_': 2.106624066141143, '_a0_': 1.0, '_a2_': 1.0, '_a4_': 1.0, '_a7_': 1.0}};{'d0': 0.02490583292017227};-276.475521885001;58.81009365090513
23720;-79.4276672915954;(((x + _a3_) * (x * _a6_)) + -(pow3((x / -(((_a6_ + _a5_) / (_a3_ + _a1_)))))));{'d0': {'_a1_': 591.5229837932111, '_a3_': 0.8426446050312367, '_a5_': 392.73515194555466, '_a6_': 2.106624066141143, '_a0_': 1.0, '_a2_': 1.0, '_a4_': 1.0, '_a7_': 1.0}};{'d0': 0.02490583292017227};-276.475521885001;58.81009365090513
23721;-79.4276672915954;(((x + _a3_) * (x * _a6_)) + -(pow3((x / -(((_a6_ + _a5_) / (_a3_ + _a1_)))))));{'d0': {'_a1_': 591.5229837932111, '_a3_': 0.8426446050312367, '_a5_': 392.73515194555466, '_a6_': 2.106624066141143, '_a0_': 1.0, '_a2_': 1.0, '_a4_': 1.0, '_a7_': 1.0}};{'d0': 0.02490583292017227};-276.475521885001;58.81009365090513
23722;-79.4276672915954;(((x + _a3_) * (x * _a6_)) + -(pow3((x / -(((_a6_ + _a5_) / (_a3_ + _a1_)))))));{'d0': {'_a1_': 591.5229837932111, '_a3_': 0.8426446050312367, '_a5_': 392.73515194555466, '_a6_': 2.106624066141143, '_a0_': 1.0, '_a2_': 1.0, '_a4_': 1.0, '_a7_': 1.0}};{'d0': 0.02490583292017227};-276.475521885001;58.81009365090513
23723;-79.4276672915954;(((x + _a3_) * (x * _a6_)) + -(pow3((x / -(((_a6_ + _a5_) / (_a3_ + _a1_)))))));{'d0': {'_a1_': 591.5229837932111, '_a3_': 0.8426446050312367, '_a5_': 392.73515194555466, '_a6_': 2.106624066141143, '_a0_': 1.0, '_a2_': 1.0, '_a4_': 1.0, '_a7_': 1.0}};{'d0': 0.02490583292017227};-276.475521885001;58.81009365090513
23724;-79.4276672915954;(((x + _a3_) * (x * _a6_)) + -(pow3((x / -(((_a6_ + _a5_) / (_a3_ + _a1_)))))));{'d0': {'_a1_': 591.5229837932111, '_a3_': 0.8426446050312367, '_a5_': 392.73515194555466, '_a6_': 2.106624066141143, '_a0_': 1.0, '_a2_': 1.0, '_a4_': 1.0, '_a7_': 1.0}};{'d0': 0.02490583292017227};-276.475521885001;58.81009365090513
23725;-79.4276672915954;(((x + _a3_) * (x * _a6_)) + -(pow3((x / -(((_a6_ + _a5_) / (_a3_ + _a1_)))))));{'d0': {'_a1_': 591.5229837932111, '_a3_': 0.8426446050312367, '_a5_': 392.73515194555466, '_a6_': 2.106624066141143, '_a0_': 1.0, '_a2_': 1.0, '_a4_': 1.0, '_a7_': 1.0}};{'d0': 0.02490583292017227};-276.475521885001;58.81009365090513
23726;-79.4276672915954;(((x + _a3_) * (x * _a6_)) + -(pow3((x / -(((_a6_ + _a5_) / (_a3_ + _a1_)))))));{'d0': {'_a1_': 591.5229837932111, '_a3_': 0.8426446050312367, '_a5_': 392.73515194555466, '_a6_': 2.106624066141143, '_a0_': 1.0, '_a2_': 1.0, '_a4_': 1.0, '_a7_': 1.0}};{'d0': 0.02490583292017227};-276.475521885001;58.81009365090513
23727;-79.4276672915954;(((x + _a3_) * (x * _a6_)) + -(pow3((x / -(((_a6_ + _a5_) / (_a3_ + _a1_)))))));{'d0': {'_a1_': 591.5229837932111, '_a3_': 0.8426446050312367, '_a5_': 392.73515194555466, '_a6_': 2.106624066141143, '_a0_': 1.0, '_a2_': 1.0, '_a4_': 1.0, '_a7_': 1.0}};{'d0': 0.02490583292017227};-276.475521885001;58.81009365090513
23728;-79.4276672915954;(((x + _a3_) * (x * _a6_)) + -(pow3((x / -(((_a6_ + _a5_) / (_a3_ + _a1_)))))));{'d0': {'_a1_': 591.5229837932111, '_a3_': 0.8426446050312367, '_a5_': 392.73515194555466, '_a6_': 2.106624066141143, '_a0_': 1.0, '_a2_': 1.0, '_a4_': 1.0, '_a7_': 1.0}};{'d0': 0.02490583292017227};-276.475521885001;58.81009365090513
23729;-79.4276672915954;(((x + _a3_) * (x * _a6_)) + -(pow3((x / -(((_a6_ + _a5_) / (_a3_ + _a1_)))))));{'d0': {'_a1_': 591.5229837932111, '_a3_': 0.8426446050312367, '_a5_': 392.73515194555466, '_a6_': 2.106624066141143, '_a0_': 1.0, '_a2_': 1.0, '_a4_': 1.0, '_a7_': 1.0}};{'d0': 0.02490583292017227};-276.475521885001;58.81009365090513
23730;-79.4276672915954;(((x + _a3_) * (x * _a6_)) + -(pow3((x / -(((_a6_ + _a5_) / (_a3_ + _a1_)))))));{'d0': {'_a1_': 591.5229837932111, '_a3_': 0.8426446050312367, '_a5_': 392.73515194555466, '_a6_': 2.106624066141143, '_a0_': 1.0, '_a2_': 1.0, '_a4_': 1.0, '_a7_': 1.0}};{'d0': 0.02490583292017227};-276.475521885001;58.81009365090513
23731;-79.4276672915954;(((x + _a3_) * (x * _a6_)) + -(pow3((x / -(((_a6_ + _a5_) / (_a3_ + _a1_)))))));{'d0': {'_a1_': 591.5229837932111, '_a3_': 0.8426446050312367, '_a5_': 392.73515194555466, '_a6_': 2.106624066141143, '_a0_': 1.0, '_a2_': 1.0, '_a4_': 1.0, '_a7_': 1.0}};{'d0': 0.02490583292017227};-276.475521885001;58.81009365090513
23732;-85.3482683281559;(((x + _a3_) * (x * _a6_)) + -(pow3((x / -((_a0_ / (_a3_ + _a1_)))))));{'d0': {'_a0_': 11.222862311486995, '_a1_': 15.99457385504405, '_a3_': 0.8426446049359385, '_a6_': 2.1066240647102368, '_a2_': 1.0, '_a4_': 1.0, '_a5_': 1.0, '_a7_': 1.0}};{'d0': 0.024905832930524303};-276.475521860062;52.88949260187513
23733;-85.3482683281559;(((x + _a3_) * (x * _a6_)) + -(pow3((x / -((_a0_ / (_a3_ + _a1_)))))));{'d0': {'_a0_': 11.222862311486995, '_a1_': 15.99457385504405, '_a3_': 0.8426446049359385, '_a6_': 2.1066240647102368, '_a2_': 1.0, '_a4_': 1.0, '_a5_': 1.0, '_a7_': 1.0}};{'d0': 0.024905832930524303};-276.475521860062;52.88949260187513
23734;-85.3482683281559;(((x + _a3_) * (x * _a6_)) + -(pow3((x / -((_a0_ / (_a3_ + _a1_)))))));{'d0': {'_a0_': 11.222862311486995, '_a1_': 15.99457385504405, '_a3_': 0.8426446049359385, '_a6_': 2.1066240647102368, '_a2_': 1.0, '_a4_': 1.0, '_a5_': 1.0, '_a7_': 1.0}};{'d0': 0.024905832930524303};-276.475521860062;52.88949260187513
23735;-63.2697449429329;((_a0_ + (((((_a3_ + x) + _a3_) * (_a2_ / _a0_)) * x) ** (_a6_ / _a6_))) * (x / cos((sin(_a3_) + _a6_))));{'d0': {'_a0_': -1.4797424190870918, '_a2_': 4.16524978677416, '_a3_': 0.311929707759908, '_a6_': -1342.3521725679784, '_a1_': 1.0, '_a4_': 1.0, '_a5_': 1.0, '_a7_': 1.0}};{'d0': 0.024905832919577323};-276.475521886434;74.96801600028408
23736;-85.3482683281559;(((x + _a3_) * (x * _a6_)) + -(pow3((x / -((_a0_ / (_a3_ + _a1_)))))));{'d0': {'_a0_': 11.222862311486995, '_a1_': 15.99457385504405, '_a3_': 0.8426446049359385, '_a6_': 2.1066240647102368, '_a2_': 1.0, '_a4_': 1.0, '_a5_': 1.0, '_a7_': 1.0}};{'d0': 0.024905832930524303};-276.475521860062;52.88949260187513
23737;-85.3482683281559;(((x + _a3_) * (x * _a6_)) + -(pow3((x / -((_a0_ / (_a3_ + _a1_)))))));{'d0': {'_a0_': 11.222862311486995, '_a1_': 15.99457385504405, '_a3_': 0.8426446049359385, '_a6_': 2.1066240647102368, '_a2_': 1.0, '_a4_': 1.0, '_a5_': 1.0, '_a7_': 1.0}};{'d0': 0.024905832930524303};-276.475521860062;52.88949260187513
23738;-85.3482683281559;(((x + _a3_) * (x * _a6_)) + -(pow3((x / -((_a0_ / (_a3_ + _a1_)))))));{'d0': {'_a0_': 11.222862311486995, '_a1_': 15.99457385504405, '_a3_': 0.8426446049359385, '_a6_': 2.1066240647102368, '_a2_': 1.0, '_a4_': 1.0, '_a5_': 1.0, '_a7_': 1.0}};{'d0': 0.024905832930524303};-276.475521860062;52.88949260187513
23739;-85.3482683281559;(((x + _a3_) * (x * _a6_)) + -(pow3((x / -((_a0_ / (_a3_ + _a1_)))))));{'d0': {'_a0_': 11.222862311486995, '_a1_': 15.99457385504405, '_a3_': 0.8426446049359385, '_a6_': 2.1066240647102368, '_a2_': 1.0, '_a4_': 1.0, '_a5_': 1.0, '_a7_': 1.0}};{'d0': 0.024905832930524303};-276.475521860062;52.88949260187513
23740;-85.3482683281559;(((x + _a3_) * (x * _a6_)) + -(pow3((x / -((_a0_ / (_a3_ + _a1_)))))));{'d0': {'_a0_': 11.222862311486995, '_a1_': 15.99457385504405, '_a3_': 0.8426446049359385, '_a6_': 2.1066240647102368, '_a2_': 1.0, '_a4_': 1.0, '_a5_': 1.0, '_a7_': 1.0}};{'d0': 0.024905832930524303};-276.475521860062;52.88949260187513
23741;-85.3482683281559;(((x + _a3_) * (x * _a6_)) + -(pow3((x / -((_a0_ / (_a3_ + _a1_)))))));{'d0': {'_a0_': 11.222862311486995, '_a1_': 15.99457385504405, '_a3_': 0.8426446049359385, '_a6_': 2.1066240647102368, '_a2_': 1.0, '_a4_': 1.0, '_a5_': 1.0, '_a7_': 1.0}};{'d0': 0.024905832930524303};-276.475521860062;52.88949260187513
23742;-85.3482683281559;(((x + _a3_) * (x * _a6_)) + -(pow3((x / -((_a0_ / (_a3_ + _a1_)))))));{'d0': {'_a0_': 11.222862311486995, '_a1_': 15.99457385504405, '_a3_': 0.8426446049359385, '_a6_': 2.1066240647102368, '_a2_': 1.0, '_a4_': 1.0, '_a5_': 1.0, '_a7_': 1.0}};{'d0': 0.024905832930524303};-276.475521860062;52.88949260187513
23743;-85.3482683281559;(((x + _a3_) * (x * _a6_)) + -(pow3((x / -((_a0_ / (_a3_ + _a1_)))))));{'d0': {'_a0_': 11.222862311486995, '_a1_': 15.99457385504405, '_a3_': 0.8426446049359385, '_a6_': 2.1066240647102368, '_a2_': 1.0, '_a4_': 1.0, '_a5_': 1.0, '_a7_': 1.0}};{'d0': 0.024905832930524303};-276.475521860062;52.88949260187513
23744;-87.3954406226466;(((x + _a3_) * (x * _a6_)) + -(pow3((x / -((_a3_ / (_a3_ + _a1_)))))));{'d0': {'_a1_': 0.42154208551374983, '_a3_': 0.8426446052314472, '_a6_': 2.1066240666277505, '_a0_': 1.0, '_a2_': 1.0, '_a4_': 1.0, '_a5_': 1.0, '_a7_': 1.0}};{'d0': 0.0249058329194166};-280.569866449044;52.88949260187513
23745;-87.3954406226466;(((x + _a3_) * (x * _a6_)) + -(pow3((x / -((_a3_ / (_a3_ + _a1_)))))));{'d0': {'_a1_': 0.42154208551374983, '_a3_': 0.8426446052314472, '_a6_': 2.1066240666277505, '_a0_': 1.0, '_a2_': 1.0, '_a4_': 1.0, '_a5_': 1.0, '_a7_': 1.0}};{'d0': 0.0249058329194166};-280.569866449044;52.88949260187513
23746;-87.3954406226466;(((x + _a3_) * (x * _a6_)) + -(pow3((x / -((_a3_ / (_a3_ + _a1_)))))));{'d0': {'_a1_': 0.42154208551374983, '_a3_': 0.8426446052314472, '_a6_': 2.1066240666277505, '_a0_': 1.0, '_a2_': 1.0, '_a4_': 1.0, '_a5_': 1.0, '_a7_': 1.0}};{'d0': 0.0249058329194166};-280.569866449044;52.88949260187513
23747;-52.5932855739986;((_a0_ + (((((_a3_ + x) + (_a0_ * _a7_)) * (_a2_ / _a0_)) * x) ** (_a6_ / _a6_))) * (x / cos((sin(-(_a0_)) + _a6_))));{'d0': {'_a0_': -1.3595759366089026, '_a2_': 3.516217682322575, '_a3_': 0.8614015381453597, '_a6_': -1341.7394822424367, '_a7_': 0.17471790649488114, '_a1_': 1.0, '_a4_': 1.0, '_a5_': 1.0}};{'d0': 0.02490583292132566};-272.381177320000;83.59730308600146
23748;-52.5932855739986;((_a0_ + (((((_a3_ + x) + (_a0_ * _a7_)) * (_a2_ / _a0_)) * x) ** (_a6_ / _a6_))) * (x / cos((sin(-(_a0_)) + _a6_))));{'d0': {'_a0_': -1.3595759366089026, '_a2_': 3.516217682322575, '_a3_': 0.8614015381453597, '_a6_': -1341.7394822424367, '_a7_': 0.17471790649488114, '_a1_': 1.0, '_a4_': 1.0, '_a5_': 1.0}};{'d0': 0.02490583292132566};-272.381177320000;83.59730308600146
23749;-52.5932855739986;((_a0_ + (((((_a3_ + x) + (_a0_ * _a7_)) * (_a2_ / _a0_)) * x) ** (_a6_ / _a6_))) * (x / cos((sin(-(_a0_)) + _a6_))));{'d0': {'_a0_': -1.3595759366089026, '_a2_': 3.516217682322575, '_a3_': 0.8614015381453597, '_a6_': -1341.7394822424367, '_a7_': 0.17471790649488114, '_a1_': 1.0, '_a4_': 1.0, '_a5_': 1.0}};{'d0': 0.02490583292132566};-272.381177320000;83.59730308600146
23750;-52.5932855739986;((_a0_ + (((((_a3_ + x) + (_a0_ * _a7_)) * (_a2_ / _a0_)) * x) ** (_a6_ / _a6_))) * (x / cos((sin(-(_a0_)) + _a6_))));{'d0': {'_a0_': -1.3595759366089026, '_a2_': 3.516217682322575, '_a3_': 0.8614015381453597, '_a6_': -1341.7394822424367, '_a7_': 0.17471790649488114, '_a1_': 1.0, '_a4_': 1.0, '_a5_': 1.0}};{'d0': 0.02490583292132566};-272.381177320000;83.59730308600146
23751;-52.5932855739986;((_a0_ + (((((_a3_ + x) + (_a0_ * _a7_)) * (_a2_ / _a0_)) * x) ** (_a6_ / _a6_))) * (x / cos((sin(-(_a0_)) + _a6_))));{'d0': {'_a0_': -1.3595759366089026, '_a2_': 3.516217682322575, '_a3_': 0.8614015381453597, '_a6_': -1341.7394822424367, '_a7_': 0.17471790649488114, '_a1_': 1.0, '_a4_': 1.0, '_a5_': 1.0}};{'d0': 0.02490583292132566};-272.381177320000;83.59730308600146
23752;-52.5932855739986;((_a0_ + (((((_a3_ + x) + (_a0_ * _a7_)) * (_a2_ / _a0_)) * x) ** (_a6_ / _a6_))) * (x / cos((sin(-(_a0_)) + _a6_))));{'d0': {'_a0_': -1.3595759366089026, '_a2_': 3.516217682322575, '_a3_': 0.8614015381453597, '_a6_': -1341.7394822424367, '_a7_': 0.17471790649488114, '_a1_': 1.0, '_a4_': 1.0, '_a5_': 1.0}};{'d0': 0.02490583292132566};-272.381177320000;83.59730308600146
23753;-52.5932855739986;((_a0_ + (((((_a3_ + x) + (_a0_ * _a7_)) * (_a2_ / _a0_)) * x) ** (_a6_ / _a6_))) * (x / cos((sin(-(_a0_)) + _a6_))));{'d0': {'_a0_': -1.3595759366089026, '_a2_': 3.516217682322575, '_a3_': 0.8614015381453597, '_a6_': -1341.7394822424367, '_a7_': 0.17471790649488114, '_a1_': 1.0, '_a4_': 1.0, '_a5_': 1.0}};{'d0': 0.02490583292132566};-272.381177320000;83.59730308600146
23754;-52.5932855739986;((_a0_ + (((((_a3_ + x) + (_a0_ * _a7_)) * (_a2_ / _a0_)) * x) ** (_a6_ / _a6_))) * (x / cos((sin(-(_a0_)) + _a6_))));{'d0': {'_a0_': -1.3595759366089026, '_a2_': 3.516217682322575, '_a3_': 0.8614015381453597, '_a6_': -1341.7394822424367, '_a7_': 0.17471790649488114, '_a1_': 1.0, '_a4_': 1.0, '_a5_': 1.0}};{'d0': 0.02490583292132566};-272.381177320000;83.59730308600146
23755;-52.5932855739986;((_a0_ + (((((_a3_ + x) + (_a0_ * _a7_)) * (_a2_ / _a0_)) * x) ** (_a6_ / _a6_))) * (x / cos((sin(-(_a0_)) + _a6_))));{'d0': {'_a0_': -1.3595759366089026, '_a2_': 3.516217682322575, '_a3_': 0.8614015381453597, '_a6_': -1341.7394822424367, '_a7_': 0.17471790649488114, '_a1_': 1.0, '_a4_': 1.0, '_a5_': 1.0}};{'d0': 0.02490583292132566};-272.381177320000;83.59730308600146
23756;-52.5932855739986;((_a0_ + (((((_a3_ + x) + (_a0_ * _a7_)) * (_a2_ / _a0_)) * x) ** (_a6_ / _a6_))) * (x / cos((sin(-(_a0_)) + _a6_))));{'d0': {'_a0_': -1.3595759366089026, '_a2_': 3.516217682322575, '_a3_': 0.8614015381453597, '_a6_': -1341.7394822424367, '_a7_': 0.17471790649488114, '_a1_': 1.0, '_a4_': 1.0, '_a5_': 1.0}};{'d0': 0.02490583292132566};-272.381177320000;83.59730308600146
23757;-82.5184579835116;((((x + _a3_) * (x * _a6_)) + -(pow3((x / -((_a3_ / (_a3_ + _a1_))))))) * _a3_);{'d0': {'_a1_': 0.4957876649386341, '_a3_': 0.8426446032084877, '_a6_': 2.5000149084484047, '_a0_': 1.0, '_a2_': 1.0, '_a4_': 1.0, '_a5_': 1.0, '_a7_': 1.0}};{'d0': 0.024905832919416643};-280.569866449044;57.766475241010134
23758;-52.5932855739986;((_a0_ + (((((_a3_ + x) + (_a0_ * _a7_)) * (_a2_ / _a0_)) * x) ** (_a6_ / _a6_))) * (x / cos((sin(-(_a0_)) + _a6_))));{'d0': {'_a0_': -1.3595759366089026, '_a2_': 3.516217682322575, '_a3_': 0.8614015381453597, '_a6_': -1341.7394822424367, '_a7_': 0.17471790649488114, '_a1_': 1.0, '_a4_': 1.0, '_a5_': 1.0}};{'d0': 0.02490583292132566};-272.381177320000;83.59730308600146
23759;-52.5932855739986;((_a0_ + (((((_a3_ + x) + (_a0_ * _a7_)) * (_a2_ / _a0_)) * x) ** (_a6_ / _a6_))) * (x / cos((sin(-(_a0_)) + _a6_))));{'d0': {'_a0_': -1.3595759366089026, '_a2_': 3.516217682322575, '_a3_': 0.8614015381453597, '_a6_': -1341.7394822424367, '_a7_': 0.17471790649488114, '_a1_': 1.0, '_a4_': 1.0, '_a5_': 1.0}};{'d0': 0.02490583292132566};-272.381177320000;83.59730308600146
23760;-52.5932855739986;((_a0_ + (((((_a3_ + x) + (_a0_ * _a7_)) * (_a2_ / _a0_)) * x) ** (_a6_ / _a6_))) * (x / cos((sin(-(_a0_)) + _a6_))));{'d0': {'_a0_': -1.3595759366089026, '_a2_': 3.516217682322575, '_a3_': 0.8614015381453597, '_a6_': -1341.7394822424367, '_a7_': 0.17471790649488114, '_a1_': 1.0, '_a4_': 1.0, '_a5_': 1.0}};{'d0': 0.02490583292132566};-272.381177320000;83.59730308600146
23761;-52.5932855739986;((_a0_ + (((((_a3_ + x) + (_a0_ * _a7_)) * (_a2_ / _a0_)) * x) ** (_a6_ / _a6_))) * (x / cos((sin(-(_a0_)) + _a6_))));{'d0': {'_a0_': -1.3595759366089026, '_a2_': 3.516217682322575, '_a3_': 0.8614015381453597, '_a6_': -1341.7394822424367, '_a7_': 0.17471790649488114, '_a1_': 1.0, '_a4_': 1.0, '_a5_': 1.0}};{'d0': 0.02490583292132566};-272.381177320000;83.59730308600146
23762;-56.2732327361177;((_a0_ + (((((_a3_ + x) + (_a0_ * _a7_)) * (_a2_ / _a0_)) * x) ** (_a6_ / _a6_))) * (x / cos((sin(_a7_) + _a6_))));{'d0': {'_a0_': -1.4531390668773856, '_a2_': 4.0168274528580294, '_a3_': 0.7517054200383054, '_a6_': -1342.1597429544356, '_a7_': 0.08797922166841023, '_a1_': 1.0, '_a4_': 1.0, '_a5_': 1.0}};{'d0': 0.02490583291978259};-272.381177323718;79.91735592574108
23763;-56.2732327361177;((_a0_ + (((((_a3_ + x) + (_a0_ * _a7_)) * (_a2_ / _a0_)) * x) ** (_a6_ / _a6_))) * (x / cos((sin(_a7_) + _a6_))));{'d0': {'_a0_': -1.4531390668773856, '_a2_': 4.0168274528580294, '_a3_': 0.7517054200383054, '_a6_': -1342.1597429544356, '_a7_': 0.08797922166841023, '_a1_': 1.0, '_a4_': 1.0, '_a5_': 1.0}};{'d0': 0.02490583291978259};-272.381177323718;79.91735592574108
23764;-56.2732327361177;((_a0_ + (((((_a3_ + x) + (_a0_ * _a7_)) * (_a2_ / _a0_)) * x) ** (_a6_ / _a6_))) * (x / cos((sin(_a7_) + _a6_))));{'d0': {'_a0_': -1.4531390668773856, '_a2_': 4.0168274528580294, '_a3_': 0.7517054200383054, '_a6_': -1342.1597429544356, '_a7_': 0.08797922166841023, '_a1_': 1.0, '_a4_': 1.0, '_a5_': 1.0}};{'d0': 0.02490583291978259};-272.381177323718;79.91735592574108
23765;-56.2732327361177;((_a0_ + (((((_a3_ + x) + (_a0_ * _a7_)) * (_a2_ / _a0_)) * x) ** (_a6_ / _a6_))) * (x / cos((sin(_a7_) + _a6_))));{'d0': {'_a0_': -1.4531390668773856, '_a2_': 4.0168274528580294, '_a3_': 0.7517054200383054, '_a6_': -1342.1597429544356, '_a7_': 0.08797922166841023, '_a1_': 1.0, '_a4_': 1.0, '_a5_': 1.0}};{'d0': 0.02490583291978259};-272.381177323718;79.91735592574108
23766;-56.2732327361177;((_a0_ + (((((_a3_ + x) + (_a0_ * _a7_)) * (_a2_ / _a0_)) * x) ** (_a6_ / _a6_))) * (x / cos((sin(_a7_) + _a6_))));{'d0': {'_a0_': -1.4531390668773856, '_a2_': 4.0168274528580294, '_a3_': 0.7517054200383054, '_a6_': -1342.1597429544356, '_a7_': 0.08797922166841023, '_a1_': 1.0, '_a4_': 1.0, '_a5_': 1.0}};{'d0': 0.02490583291978259};-272.381177323718;79.91735592574108
23767;-56.2732327361177;((_a0_ + (((((_a3_ + x) + (_a0_ * _a7_)) * (_a2_ / _a0_)) * x) ** (_a6_ / _a6_))) * (x / cos((sin(_a7_) + _a6_))));{'d0': {'_a0_': -1.4531390668773856, '_a2_': 4.0168274528580294, '_a3_': 0.7517054200383054, '_a6_': -1342.1597429544356, '_a7_': 0.08797922166841023, '_a1_': 1.0, '_a4_': 1.0, '_a5_': 1.0}};{'d0': 0.02490583291978259};-272.381177323718;79.91735592574108
23768;-56.2732327361177;((_a0_ + (((((_a3_ + x) + (_a0_ * _a7_)) * (_a2_ / _a0_)) * x) ** (_a6_ / _a6_))) * (x / cos((sin(_a7_) + _a6_))));{'d0': {'_a0_': -1.4531390668773856, '_a2_': 4.0168274528580294, '_a3_': 0.7517054200383054, '_a6_': -1342.1597429544356, '_a7_': 0.08797922166841023, '_a1_': 1.0, '_a4_': 1.0, '_a5_': 1.0}};{'d0': 0.02490583291978259};-272.381177323718;79.91735592574108
23769;-56.2732327361177;((_a0_ + (((((_a3_ + x) + (_a0_ * _a7_)) * (_a2_ / _a0_)) * x) ** (_a6_ / _a6_))) * (x / cos((sin(_a7_) + _a6_))));{'d0': {'_a0_': -1.4531390668773856, '_a2_': 4.0168274528580294, '_a3_': 0.7517054200383054, '_a6_': -1342.1597429544356, '_a7_': 0.08797922166841023, '_a1_': 1.0, '_a4_': 1.0, '_a5_': 1.0}};{'d0': 0.02490583291978259};-272.381177323718;79.91735592574108
23770;-56.2732327308186;((_a0_ + (((((_a3_ + x) + (_a0_ * _a7_)) * (_a2_ / _a3_)) * x) ** (_a6_ / _a6_))) * (x / cos((sin(_a7_) + _a6_))));{'d0': {'_a0_': -1.6166129279845272, '_a2_': -2.6354419677404657, '_a3_': 0.8569955482098588, '_a6_': -1341.1779510698557, '_a7_': 0.14421266720775675, '_a1_': 1.0, '_a4_': 1.0, '_a5_': 1.0}};{'d0': 0.02490583292418181};-272.381177313120;79.91735592574108
23771;-56.2732327308186;((_a0_ + (((((_a3_ + x) + (_a0_ * _a7_)) * (_a2_ / _a3_)) * x) ** (_a6_ / _a6_))) * (x / cos((sin(_a7_) + _a6_))));{'d0': {'_a0_': -1.6166129279845272, '_a2_': -2.6354419677404657, '_a3_': 0.8569955482098588, '_a6_': -1341.1779510698557, '_a7_': 0.14421266720775675, '_a1_': 1.0, '_a4_': 1.0, '_a5_': 1.0}};{'d0': 0.02490583292418181};-272.381177313120;79.91735592574108
23772;-56.2732327308186;((_a0_ + (((((_a3_ + x) + (_a0_ * _a7_)) * (_a2_ / _a3_)) * x) ** (_a6_ / _a6_))) * (x / cos((sin(_a7_) + _a6_))));{'d0': {'_a0_': -1.6166129279845272, '_a2_': -2.6354419677404657, '_a3_': 0.8569955482098588, '_a6_': -1341.1779510698557, '_a7_': 0.14421266720775675, '_a1_': 1.0, '_a4_': 1.0, '_a5_': 1.0}};{'d0': 0.02490583292418181};-272.381177313120;79.91735592574108
23773;-56.2732327308186;((_a0_ + (((((_a3_ + x) + (_a0_ * _a7_)) * (_a2_ / _a3_)) * x) ** (_a6_ / _a6_))) * (x / cos((sin(_a7_) + _a6_))));{'d0': {'_a0_': -1.6166129279845272, '_a2_': -2.6354419677404657, '_a3_': 0.8569955482098588, '_a6_': -1341.1779510698557, '_a7_': 0.14421266720775675, '_a1_': 1.0, '_a4_': 1.0, '_a5_': 1.0}};{'d0': 0.02490583292418181};-272.381177313120;79.91735592574108
23774;-56.2732327308186;((_a0_ + (((((_a3_ + x) + (_a0_ * _a7_)) * (_a2_ / _a3_)) * x) ** (_a6_ / _a6_))) * (x / cos((sin(_a7_) + _a6_))));{'d0': {'_a0_': -1.6166129279845272, '_a2_': -2.6354419677404657, '_a3_': 0.8569955482098588, '_a6_': -1341.1779510698557, '_a7_': 0.14421266720775675, '_a1_': 1.0, '_a4_': 1.0, '_a5_': 1.0}};{'d0': 0.02490583292418181};-272.381177313120;79.91735592574108
23775;-56.2732327308186;((_a0_ + (((((_a3_ + x) + (_a0_ * _a7_)) * (_a2_ / _a3_)) * x) ** (_a6_ / _a6_))) * (x / cos((sin(_a7_) + _a6_))));{'d0': {'_a0_': -1.6166129279845272, '_a2_': -2.6354419677404657, '_a3_': 0.8569955482098588, '_a6_': -1341.1779510698557, '_a7_': 0.14421266720775675, '_a1_': 1.0, '_a4_': 1.0, '_a5_': 1.0}};{'d0': 0.02490583292418181};-272.381177313120;79.91735592574108
23776;-56.2732327308186;((_a0_ + (((((_a3_ + x) + (_a0_ * _a7_)) * (_a2_ / _a3_)) * x) ** (_a6_ / _a6_))) * (x / cos((sin(_a7_) + _a6_))));{'d0': {'_a0_': -1.6166129279845272, '_a2_': -2.6354419677404657, '_a3_': 0.8569955482098588, '_a6_': -1341.1779510698557, '_a7_': 0.14421266720775675, '_a1_': 1.0, '_a4_': 1.0, '_a5_': 1.0}};{'d0': 0.02490583292418181};-272.381177313120;79.91735592574108
23777;-56.2732327308186;((_a0_ + (((((_a3_ + x) + (_a0_ * _a7_)) * (_a2_ / _a3_)) * x) ** (_a6_ / _a6_))) * (x / cos((sin(_a7_) + _a6_))));{'d0': {'_a0_': -1.6166129279845272, '_a2_': -2.6354419677404657, '_a3_': 0.8569955482098588, '_a6_': -1341.1779510698557, '_a7_': 0.14421266720775675, '_a1_': 1.0, '_a4_': 1.0, '_a5_': 1.0}};{'d0': 0.02490583292418181};-272.381177313120;79.91735592574108
23778;-56.9697408699431;((_a0_ + (((((_a3_ + x) + (_a0_ * _a7_)) * (_a2_ / _a3_)) * x) ** (_a6_ / _a6_))) * (x / cos(((_a6_ + _a0_) + _a6_))));{'d0': {'_a0_': 0.39723260225590656, '_a2_': 0.973325860177116, '_a3_': 1.2880851468362058, '_a6_': -1340.986124702495, '_a7_': -1.672133065348567, '_a1_': 1.0, '_a4_': 1.0, '_a5_': 1.0}};{'d0': 0.024905832919581726};-272.381177324202;79.22084779215756
23779;-56.9697408699431;((_a0_ + (((((_a3_ + x) + (_a0_ * _a7_)) * (_a2_ / _a3_)) * x) ** (_a6_ / _a6_))) * (x / cos(((_a6_ + _a0_) + _a6_))));{'d0': {'_a0_': 0.39723260225590656, '_a2_': 0.973325860177116, '_a3_': 1.2880851468362058, '_a6_': -1340.986124702495, '_a7_': -1.672133065348567, '_a1_': 1.0, '_a4_': 1.0, '_a5_': 1.0}};{'d0': 0.024905832919581726};-272.381177324202;79.22084779215756
23780;-56.9697408699431;((_a0_ + (((((_a3_ + x) + (_a0_ * _a7_)) * (_a2_ / _a3_)) * x) ** (_a6_ / _a6_))) * (x / cos(((_a6_ + _a0_) + _a6_))));{'d0': {'_a0_': 0.39723260225590656, '_a2_': 0.973325860177116, '_a3_': 1.2880851468362058, '_a6_': -1340.986124702495, '_a7_': -1.672133065348567, '_a1_': 1.0, '_a4_': 1.0, '_a5_': 1.0}};{'d0': 0.024905832919581726};-272.381177324202;79.22084779215756
23781;-58.2739578185091;((_a0_ + (((((_a3_ + x) + (_a0_ * _a7_)) * sin(_a6_)) * x) ** (_a6_ / _a6_))) * (x / cos(((_a6_ + _a0_) + _a6_))));{'d0': {'_a0_': 0.40257957363926095, '_a3_': -1.615461436114301, '_a6_': -1342.3323617458275, '_a7_': 5.562430416905518, '_a1_': 1.0, '_a2_': 1.0, '_a4_': 1.0, '_a5_': 1.0}};{'d0': 0.02490583291943524};-276.475521886777;79.96380312487908
23782;-58.2739578185091;((_a0_ + (((((_a3_ + x) + (_a0_ * _a7_)) * sin(_a6_)) * x) ** (_a6_ / _a6_))) * (x / cos(((_a6_ + _a0_) + _a6_))));{'d0': {'_a0_': 0.40257957363926095, '_a3_': -1.615461436114301, '_a6_': -1342.3323617458275, '_a7_': 5.562430416905518, '_a1_': 1.0, '_a2_': 1.0, '_a4_': 1.0, '_a5_': 1.0}};{'d0': 0.02490583291943524};-276.475521886777;79.96380312487908
23783;-53.2522606066044;((_a0_ + (((((_a3_ + x) + (_a0_ * (_a2_ * _a2_))) * sin(_a6_)) * x) ** (_a6_ / _a6_))) * (x / cos(((_a6_ + _a0_) + _a6_))));{'d0': {'_a0_': 0.40257957054338517, '_a2_': 2.049204663877426, '_a3_': -1.06666868622143, '_a6_': -1342.3323617449362, '_a1_': 1.0, '_a4_': 1.0, '_a5_': 1.0, '_a7_': 1.0}};{'d0': 0.024905832919539544};-276.475521886525;84.98550033665808
23784;-53.2522606066044;((_a0_ + (((((_a3_ + x) + (_a0_ * (_a2_ * _a2_))) * sin(_a6_)) * x) ** (_a6_ / _a6_))) * (x / cos(((_a6_ + _a0_) + _a6_))));{'d0': {'_a0_': 0.40257957054338517, '_a2_': 2.049204663877426, '_a3_': -1.06666868622143, '_a6_': -1342.3323617449362, '_a1_': 1.0, '_a4_': 1.0, '_a5_': 1.0, '_a7_': 1.0}};{'d0': 0.024905832919539544};-276.475521886525;84.98550033665808
23785;-53.2522606066044;((_a0_ + (((((_a3_ + x) + (_a0_ * (_a2_ * _a2_))) * sin(_a6_)) * x) ** (_a6_ / _a6_))) * (x / cos(((_a6_ + _a0_) + _a6_))));{'d0': {'_a0_': 0.40257957054338517, '_a2_': 2.049204663877426, '_a3_': -1.06666868622143, '_a6_': -1342.3323617449362, '_a1_': 1.0, '_a4_': 1.0, '_a5_': 1.0, '_a7_': 1.0}};{'d0': 0.024905832919539544};-276.475521886525;84.98550033665808
23786;-53.2522606066044;((_a0_ + (((((_a3_ + x) + (_a0_ * (_a2_ * _a2_))) * sin(_a6_)) * x) ** (_a6_ / _a6_))) * (x / cos(((_a6_ + _a0_) + _a6_))));{'d0': {'_a0_': 0.40257957054338517, '_a2_': 2.049204663877426, '_a3_': -1.06666868622143, '_a6_': -1342.3323617449362, '_a1_': 1.0, '_a4_': 1.0, '_a5_': 1.0, '_a7_': 1.0}};{'d0': 0.024905832919539544};-276.475521886525;84.98550033665808
23787;-53.2522606066044;((_a0_ + (((((_a3_ + x) + (_a0_ * (_a2_ * _a2_))) * sin(_a6_)) * x) ** (_a6_ / _a6_))) * (x / cos(((_a6_ + _a0_) + _a6_))));{'d0': {'_a0_': 0.40257957054338517, '_a2_': 2.049204663877426, '_a3_': -1.06666868622143, '_a6_': -1342.3323617449362, '_a1_': 1.0, '_a4_': 1.0, '_a5_': 1.0, '_a7_': 1.0}};{'d0': 0.024905832919539544};-276.475521886525;84.98550033665808
23788;-53.2522606066044;((_a0_ + (((((_a3_ + x) + (_a0_ * (_a2_ * _a2_))) * sin(_a6_)) * x) ** (_a6_ / _a6_))) * (x / cos(((_a6_ + _a0_) + _a6_))));{'d0': {'_a0_': 0.40257957054338517, '_a2_': 2.049204663877426, '_a3_': -1.06666868622143, '_a6_': -1342.3323617449362, '_a1_': 1.0, '_a4_': 1.0, '_a5_': 1.0, '_a7_': 1.0}};{'d0': 0.024905832919539544};-276.475521886525;84.98550033665808
23789;-53.2522606066044;((_a0_ + (((((_a3_ + x) + (_a0_ * (_a2_ * _a2_))) * sin(_a6_)) * x) ** (_a6_ / _a6_))) * (x / cos(((_a6_ + _a0_) + _a6_))));{'d0': {'_a0_': 0.40257957054338517, '_a2_': 2.049204663877426, '_a3_': -1.06666868622143, '_a6_': -1342.3323617449362, '_a1_': 1.0, '_a4_': 1.0, '_a5_': 1.0, '_a7_': 1.0}};{'d0': 0.024905832919539544};-276.475521886525;84.98550033665808
23790;-53.2522606066044;((_a0_ + (((((_a3_ + x) + (_a0_ * (_a2_ * _a2_))) * sin(_a6_)) * x) ** (_a6_ / _a6_))) * (x / cos(((_a6_ + _a0_) + _a6_))));{'d0': {'_a0_': 0.40257957054338517, '_a2_': 2.049204663877426, '_a3_': -1.06666868622143, '_a6_': -1342.3323617449362, '_a1_': 1.0, '_a4_': 1.0, '_a5_': 1.0, '_a7_': 1.0}};{'d0': 0.024905832919539544};-276.475521886525;84.98550033665808
23791;-53.2522606066044;((_a0_ + (((((_a3_ + x) + (_a0_ * (_a2_ * _a2_))) * sin(_a6_)) * x) ** (_a6_ / _a6_))) * (x / cos(((_a6_ + _a0_) + _a6_))));{'d0': {'_a0_': 0.40257957054338517, '_a2_': 2.049204663877426, '_a3_': -1.06666868622143, '_a6_': -1342.3323617449362, '_a1_': 1.0, '_a4_': 1.0, '_a5_': 1.0, '_a7_': 1.0}};{'d0': 0.024905832919539544};-276.475521886525;84.98550033665808
23792;-53.2522606066044;((_a0_ + (((((_a3_ + x) + (_a0_ * (_a2_ * _a2_))) * sin(_a6_)) * x) ** (_a6_ / _a6_))) * (x / cos(((_a6_ + _a0_) + _a6_))));{'d0': {'_a0_': 0.40257957054338517, '_a2_': 2.049204663877426, '_a3_': -1.06666868622143, '_a6_': -1342.3323617449362, '_a1_': 1.0, '_a4_': 1.0, '_a5_': 1.0, '_a7_': 1.0}};{'d0': 0.024905832919539544};-276.475521886525;84.98550033665808
23793;-53.2522606066044;((_a0_ + (((((_a3_ + x) + (_a0_ * (_a2_ * _a2_))) * sin(_a6_)) * x) ** (_a6_ / _a6_))) * (x / cos(((_a6_ + _a0_) + _a6_))));{'d0': {'_a0_': 0.40257957054338517, '_a2_': 2.049204663877426, '_a3_': -1.06666868622143, '_a6_': -1342.3323617449362, '_a1_': 1.0, '_a4_': 1.0, '_a5_': 1.0, '_a7_': 1.0}};{'d0': 0.024905832919539544};-276.475521886525;84.98550033665808
23794;-53.2522606066044;((_a0_ + (((((_a3_ + x) + (_a0_ * (_a2_ * _a2_))) * sin(_a6_)) * x) ** (_a6_ / _a6_))) * (x / cos(((_a6_ + _a0_) + _a6_))));{'d0': {'_a0_': 0.40257957054338517, '_a2_': 2.049204663877426, '_a3_': -1.06666868622143, '_a6_': -1342.3323617449362, '_a1_': 1.0, '_a4_': 1.0, '_a5_': 1.0, '_a7_': 1.0}};{'d0': 0.024905832919539544};-276.475521886525;84.98550033665808
23795;-53.6867244431020;((_a0_ + (((((_a3_ + x) + (_a0_ * sin(_a3_))) * sin(_a6_)) * x) ** (_a6_ / _a6_))) * (x / cos(((_a6_ + _a0_) + _a6_))));{'d0': {'_a0_': 0.40257957021546426, '_a3_': 0.4490834881804234, '_a6_': -1342.332361744831, '_a1_': 1.0, '_a2_': 1.0, '_a4_': 1.0, '_a5_': 1.0, '_a7_': 1.0}};{'d0': 0.024905832919416622};-280.569866449044;86.59820878141964
23796;-53.6867244431020;((_a0_ + (((((_a3_ + x) + (_a0_ * sin(_a3_))) * sin(_a6_)) * x) ** (_a6_ / _a6_))) * (x / cos(((_a6_ + _a0_) + _a6_))));{'d0': {'_a0_': 0.40257957021546426, '_a3_': 0.4490834881804234, '_a6_': -1342.332361744831, '_a1_': 1.0, '_a2_': 1.0, '_a4_': 1.0, '_a5_': 1.0, '_a7_': 1.0}};{'d0': 0.024905832919416622};-280.569866449044;86.59820878141964
23797;-58.2739577949996;((_a0_ + (((((_a3_ + x) + (_a0_ * sin(_a3_))) * _a5_) * x) ** (_a6_ / _a6_))) * (x / cos(((_a6_ + _a0_) + _a6_))));{'d0': {'_a0_': 0.9996713048656917, '_a3_': 0.314561459680441, '_a5_': 1.9016301209212572, '_a6_': -1342.446199309781, '_a1_': 1.0, '_a2_': 1.0, '_a4_': 1.0, '_a7_': 1.0}};{'d0': 0.02490583293895268};-276.475521839758;79.96380312487908
23798;-58.2739577949996;((_a0_ + (((((_a3_ + x) + (_a0_ * sin(_a3_))) * _a5_) * x) ** (_a6_ / _a6_))) * (x / cos(((_a6_ + _a0_) + _a6_))));{'d0': {'_a0_': 0.9996713048656917, '_a3_': 0.314561459680441, '_a5_': 1.9016301209212572, '_a6_': -1342.446199309781, '_a1_': 1.0, '_a2_': 1.0, '_a4_': 1.0, '_a7_': 1.0}};{'d0': 0.02490583293895268};-276.475521839758;79.96380312487908
23799;-100.731372386123;(x + -((x * (_a7_ + ((pow2((x + _a1_)) * _a4_) * _a7_)))));{'d0': {'_a1_': 0.3119297077988215, '_a4_': 7.561445754039743, '_a7_': -0.4465760896904027, '_a0_': 1.0, '_a2_': 1.0, '_a3_': 1.0, '_a5_': 1.0, '_a6_': 1.0}};{'d0': 0.02490583291941658};-280.569866449044;39.553560838399235
23800;-100.731372386123;(x + -((x * (_a7_ + ((pow2((x + _a1_)) * _a4_) * _a7_)))));{'d0': {'_a1_': 0.3119297077988215, '_a4_': 7.561445754039743, '_a7_': -0.4465760896904027, '_a0_': 1.0, '_a2_': 1.0, '_a3_': 1.0, '_a5_': 1.0, '_a6_': 1.0}};{'d0': 0.02490583291941658};-280.569866449044;39.553560838399235
23801;-100.731372386123;(x + -((x * (_a7_ + ((pow2((x + _a1_)) * _a4_) * _a7_)))));{'d0': {'_a1_': 0.3119297077988215, '_a4_': 7.561445754039743, '_a7_': -0.4465760896904027, '_a0_': 1.0, '_a2_': 1.0, '_a3_': 1.0, '_a5_': 1.0, '_a6_': 1.0}};{'d0': 0.02490583291941658};-280.569866449044;39.553560838399235
23802;-100.731372386123;(x + -((x * (_a7_ + ((pow2((x + _a1_)) * _a4_) * _a7_)))));{'d0': {'_a1_': 0.3119297077988215, '_a4_': 7.561445754039743, '_a7_': -0.4465760896904027, '_a0_': 1.0, '_a2_': 1.0, '_a3_': 1.0, '_a5_': 1.0, '_a6_': 1.0}};{'d0': 0.02490583291941658};-280.569866449044;39.553560838399235
23803;-100.731372386123;(x + -((x * (_a7_ + ((pow2((x + _a1_)) * _a4_) * _a7_)))));{'d0': {'_a1_': 0.3119297077988215, '_a4_': 7.561445754039743, '_a7_': -0.4465760896904027, '_a0_': 1.0, '_a2_': 1.0, '_a3_': 1.0, '_a5_': 1.0, '_a6_': 1.0}};{'d0': 0.02490583291941658};-280.569866449044;39.553560838399235
23804;-100.731372386123;(x + -((x * (_a7_ + ((pow2((x + _a1_)) * _a4_) * _a7_)))));{'d0': {'_a1_': 0.3119297077988215, '_a4_': 7.561445754039743, '_a7_': -0.4465760896904027, '_a0_': 1.0, '_a2_': 1.0, '_a3_': 1.0, '_a5_': 1.0, '_a6_': 1.0}};{'d0': 0.02490583291941658};-280.569866449044;39.553560838399235
23805;-100.731372386123;(x + -((x * (_a7_ + ((pow2((x + _a1_)) * _a4_) * _a7_)))));{'d0': {'_a1_': 0.3119297077988215, '_a4_': 7.561445754039743, '_a7_': -0.4465760896904027, '_a0_': 1.0, '_a2_': 1.0, '_a3_': 1.0, '_a5_': 1.0, '_a6_': 1.0}};{'d0': 0.02490583291941658};-280.569866449044;39.553560838399235
23806;-100.731372386123;(x + -((x * (_a7_ + ((pow2((x + _a1_)) * _a4_) * _a7_)))));{'d0': {'_a1_': 0.3119297077988215, '_a4_': 7.561445754039743, '_a7_': -0.4465760896904027, '_a0_': 1.0, '_a2_': 1.0, '_a3_': 1.0, '_a5_': 1.0, '_a6_': 1.0}};{'d0': 0.02490583291941658};-280.569866449044;39.553560838399235
23807;-100.731372386123;(x + -((x * (_a7_ + ((pow2((x + _a1_)) * _a4_) * _a7_)))));{'d0': {'_a1_': 0.3119297077988215, '_a4_': 7.561445754039743, '_a7_': -0.4465760896904027, '_a0_': 1.0, '_a2_': 1.0, '_a3_': 1.0, '_a5_': 1.0, '_a6_': 1.0}};{'d0': 0.02490583291941658};-280.569866449044;39.553560838399235
23808;-67.2905296330655;((_a0_ + (((((_a3_ + x) + (_a0_ * x)) * _a5_) * x) ** (_a6_ / _a6_))) * (x / -(((_a6_ + _a0_) + _a6_))));{'d0': {'_a0_': 110.55095692134363, '_a3_': 69.59211476039127, '_a5_': 1.8852029380025204, '_a6_': -86.41421768347226, '_a1_': 1.0, '_a2_': 1.0, '_a4_': 1.0, '_a7_': 1.0}};{'d0': 0.024905832919739666};-276.475521886043;70.94723130995595
23809;-73.2111306824844;((_a0_ + ((((_a3_ + (_a0_ * x)) * _a5_) * x) ** (_a6_ / _a6_))) * (x / -(((_a6_ + _a0_) + _a6_))));{'d0': {'_a0_': 18515.325178911724, '_a3_': 11550.959971740156, '_a5_': 1.9022553853146604, '_a6_': -14472.849300664931, '_a1_': 1.0, '_a2_': 1.0, '_a4_': 1.0, '_a7_': 1.0}};{'d0': 0.024905832919416806};-276.475521886821;65.02663026092596
23810;-73.2111306824844;((_a0_ + ((((_a3_ + (_a0_ * x)) * _a5_) * x) ** (_a6_ / _a6_))) * (x / -(((_a6_ + _a0_) + _a6_))));{'d0': {'_a0_': 18515.325178911724, '_a3_': 11550.959971740156, '_a5_': 1.9022553853146604, '_a6_': -14472.849300664931, '_a1_': 1.0, '_a2_': 1.0, '_a4_': 1.0, '_a7_': 1.0}};{'d0': 0.024905832919416806};-276.475521886821;65.02663026092596
23811;-73.2575778808503;((_a0_ + ((((_a3_ + (_a0_ * x)) * _a5_) * x) ** (_a6_ / _a6_))) * (x / -(((_a6_ + _a0_) / _a6_))));{'d0': {'_a0_': -593909.3292227993, '_a3_': -370515.92743507476, '_a5_': 1.9022553812636576, '_a6_': -1.775140560076189, '_a1_': 1.0, '_a2_': 1.0, '_a4_': 1.0, '_a7_': 1.0}};{'d0': 0.024905832920057786};-276.475521885277;64.98018306178795
23812;-73.2575778808503;((_a0_ + ((((_a3_ + (_a0_ * x)) * _a5_) * x) ** (_a6_ / _a6_))) * (x / -(((_a6_ + _a0_) / _a6_))));{'d0': {'_a0_': -593909.3292227993, '_a3_': -370515.92743507476, '_a5_': 1.9022553812636576, '_a6_': -1.775140560076189, '_a1_': 1.0, '_a2_': 1.0, '_a4_': 1.0, '_a7_': 1.0}};{'d0': 0.024905832920057786};-276.475521885277;64.98018306178795
23813;-73.2575778808503;((_a0_ + ((((_a3_ + (_a0_ * x)) * _a5_) * x) ** (_a6_ / _a6_))) * (x / -(((_a6_ + _a0_) / _a6_))));{'d0': {'_a0_': -593909.3292227993, '_a3_': -370515.92743507476, '_a5_': 1.9022553812636576, '_a6_': -1.775140560076189, '_a1_': 1.0, '_a2_': 1.0, '_a4_': 1.0, '_a7_': 1.0}};{'d0': 0.024905832920057786};-276.475521885277;64.98018306178795
23814;-73.2575778808503;((_a0_ + ((((_a3_ + (_a0_ * x)) * _a5_) * x) ** (_a6_ / _a6_))) * (x / -(((_a6_ + _a0_) / _a6_))));{'d0': {'_a0_': -593909.3292227993, '_a3_': -370515.92743507476, '_a5_': 1.9022553812636576, '_a6_': -1.775140560076189, '_a1_': 1.0, '_a2_': 1.0, '_a4_': 1.0, '_a7_': 1.0}};{'d0': 0.024905832920057786};-276.475521885277;64.98018306178795
23815;-73.2575778808503;((_a0_ + ((((_a3_ + (_a0_ * x)) * _a5_) * x) ** (_a6_ / _a6_))) * (x / -(((_a6_ + _a0_) / _a6_))));{'d0': {'_a0_': -593909.3292227993, '_a3_': -370515.92743507476, '_a5_': 1.9022553812636576, '_a6_': -1.775140560076189, '_a1_': 1.0, '_a2_': 1.0, '_a4_': 1.0, '_a7_': 1.0}};{'d0': 0.024905832920057786};-276.475521885277;64.98018306178795
23816;-73.2575778808503;((_a0_ + ((((_a3_ + (_a0_ * x)) * _a5_) * x) ** (_a6_ / _a6_))) * (x / -(((_a6_ + _a0_) / _a6_))));{'d0': {'_a0_': -593909.3292227993, '_a3_': -370515.92743507476, '_a5_': 1.9022553812636576, '_a6_': -1.775140560076189, '_a1_': 1.0, '_a2_': 1.0, '_a4_': 1.0, '_a7_': 1.0}};{'d0': 0.024905832920057786};-276.475521885277;64.98018306178795
23817;-73.2575778808503;((_a0_ + ((((_a3_ + (_a0_ * x)) * _a5_) * x) ** (_a6_ / _a6_))) * (x / -(((_a6_ + _a0_) / _a6_))));{'d0': {'_a0_': -593909.3292227993, '_a3_': -370515.92743507476, '_a5_': 1.9022553812636576, '_a6_': -1.775140560076189, '_a1_': 1.0, '_a2_': 1.0, '_a4_': 1.0, '_a7_': 1.0}};{'d0': 0.024905832920057786};-276.475521885277;64.98018306178795
23818;-73.2575778808503;((_a0_ + ((((_a3_ + (_a0_ * x)) * _a5_) * x) ** (_a6_ / _a6_))) * (x / -(((_a6_ + _a0_) / _a6_))));{'d0': {'_a0_': -593909.3292227993, '_a3_': -370515.92743507476, '_a5_': 1.9022553812636576, '_a6_': -1.775140560076189, '_a1_': 1.0, '_a2_': 1.0, '_a4_': 1.0, '_a7_': 1.0}};{'d0': 0.024905832920057786};-276.475521885277;64.98018306178795
23819;-73.2575778808503;((_a0_ + ((((_a3_ + (_a0_ * x)) * _a5_) * x) ** (_a6_ / _a6_))) * (x / -(((_a6_ + _a0_) / _a6_))));{'d0': {'_a0_': -593909.3292227993, '_a3_': -370515.92743507476, '_a5_': 1.9022553812636576, '_a6_': -1.775140560076189, '_a1_': 1.0, '_a2_': 1.0, '_a4_': 1.0, '_a7_': 1.0}};{'d0': 0.024905832920057786};-276.475521885277;64.98018306178795
23820;-73.2575778808503;((_a0_ + ((((_a3_ + (_a0_ * x)) * _a5_) * x) ** (_a6_ / _a6_))) * (x / -(((_a6_ + _a0_) / _a6_))));{'d0': {'_a0_': -593909.3292227993, '_a3_': -370515.92743507476, '_a5_': 1.9022553812636576, '_a6_': -1.775140560076189, '_a1_': 1.0, '_a2_': 1.0, '_a4_': 1.0, '_a7_': 1.0}};{'d0': 0.024905832920057786};-276.475521885277;64.98018306178795
23821;-73.2575778808503;((_a0_ + ((((_a3_ + (_a0_ * x)) * _a5_) * x) ** (_a6_ / _a6_))) * (x / -(((_a6_ + _a0_) / _a6_))));{'d0': {'_a0_': -593909.3292227993, '_a3_': -370515.92743507476, '_a5_': 1.9022553812636576, '_a6_': -1.775140560076189, '_a1_': 1.0, '_a2_': 1.0, '_a4_': 1.0, '_a7_': 1.0}};{'d0': 0.024905832920057786};-276.475521885277;64.98018306178795
23822;-73.2575778808503;((_a0_ + ((((_a3_ + (_a0_ * x)) * _a5_) * x) ** (_a6_ / _a6_))) * (x / -(((_a6_ + _a0_) / _a6_))));{'d0': {'_a0_': -593909.3292227993, '_a3_': -370515.92743507476, '_a5_': 1.9022553812636576, '_a6_': -1.775140560076189, '_a1_': 1.0, '_a2_': 1.0, '_a4_': 1.0, '_a7_': 1.0}};{'d0': 0.024905832920057786};-276.475521885277;64.98018306178795
23823;-73.2575778808503;((_a0_ + ((((_a3_ + (_a0_ * x)) * _a5_) * x) ** (_a6_ / _a6_))) * (x / -(((_a6_ + _a0_) / _a6_))));{'d0': {'_a0_': -593909.3292227993, '_a3_': -370515.92743507476, '_a5_': 1.9022553812636576, '_a6_': -1.775140560076189, '_a1_': 1.0, '_a2_': 1.0, '_a4_': 1.0, '_a7_': 1.0}};{'d0': 0.024905832920057786};-276.475521885277;64.98018306178795
23824;-73.2575778808503;((_a0_ + ((((_a3_ + (_a0_ * x)) * _a5_) * x) ** (_a6_ / _a6_))) * (x / -(((_a6_ + _a0_) / _a6_))));{'d0': {'_a0_': -593909.3292227993, '_a3_': -370515.92743507476, '_a5_': 1.9022553812636576, '_a6_': -1.775140560076189, '_a1_': 1.0, '_a2_': 1.0, '_a4_': 1.0, '_a7_': 1.0}};{'d0': 0.024905832920057786};-276.475521885277;64.98018306178795
23825;-73.2575778808503;((_a0_ + ((((_a3_ + (_a0_ * x)) * _a5_) * x) ** (_a6_ / _a6_))) * (x / -(((_a6_ + _a0_) / _a6_))));{'d0': {'_a0_': -593909.3292227993, '_a3_': -370515.92743507476, '_a5_': 1.9022553812636576, '_a6_': -1.775140560076189, '_a1_': 1.0, '_a2_': 1.0, '_a4_': 1.0, '_a7_': 1.0}};{'d0': 0.024905832920057786};-276.475521885277;64.98018306178795
23826;-73.2575778808503;((_a0_ + ((((_a3_ + (_a0_ * x)) * _a5_) * x) ** (_a6_ / _a6_))) * (x / -(((_a6_ + _a0_) / _a6_))));{'d0': {'_a0_': -593909.3292227993, '_a3_': -370515.92743507476, '_a5_': 1.9022553812636576, '_a6_': -1.775140560076189, '_a1_': 1.0, '_a2_': 1.0, '_a4_': 1.0, '_a7_': 1.0}};{'d0': 0.024905832920057786};-276.475521885277;64.98018306178795
23827;-73.2575778808503;((_a0_ + ((((_a3_ + (_a0_ * x)) * _a5_) * x) ** (_a6_ / _a6_))) * (x / -(((_a6_ + _a0_) / _a6_))));{'d0': {'_a0_': -593909.3292227993, '_a3_': -370515.92743507476, '_a5_': 1.9022553812636576, '_a6_': -1.775140560076189, '_a1_': 1.0, '_a2_': 1.0, '_a4_': 1.0, '_a7_': 1.0}};{'d0': 0.024905832920057786};-276.475521885277;64.98018306178795
23828;-73.2575778808503;((_a0_ + ((((_a3_ + (_a0_ * x)) * _a5_) * x) ** (_a6_ / _a6_))) * (x / -(((_a6_ + _a0_) / _a6_))));{'d0': {'_a0_': -593909.3292227993, '_a3_': -370515.92743507476, '_a5_': 1.9022553812636576, '_a6_': -1.775140560076189, '_a1_': 1.0, '_a2_': 1.0, '_a4_': 1.0, '_a7_': 1.0}};{'d0': 0.024905832920057786};-276.475521885277;64.98018306178795
23829;-73.2575778808503;((_a0_ + ((((_a3_ + (_a0_ * x)) * _a5_) * x) ** (_a6_ / _a6_))) * (x / -(((_a6_ + _a0_) / _a6_))));{'d0': {'_a0_': -593909.3292227993, '_a3_': -370515.92743507476, '_a5_': 1.9022553812636576, '_a6_': -1.775140560076189, '_a1_': 1.0, '_a2_': 1.0, '_a4_': 1.0, '_a7_': 1.0}};{'d0': 0.024905832920057786};-276.475521885277;64.98018306178795
23830;-73.2575778808503;((_a0_ + ((((_a3_ + (_a0_ * x)) * _a5_) * x) ** (_a6_ / _a6_))) * (x / -(((_a6_ + _a0_) / _a6_))));{'d0': {'_a0_': -593909.3292227993, '_a3_': -370515.92743507476, '_a5_': 1.9022553812636576, '_a6_': -1.775140560076189, '_a1_': 1.0, '_a2_': 1.0, '_a4_': 1.0, '_a7_': 1.0}};{'d0': 0.024905832920057786};-276.475521885277;64.98018306178795
23831;-73.2575778808503;((_a0_ + ((((_a3_ + (_a0_ * x)) * _a5_) * x) ** (_a6_ / _a6_))) * (x / -(((_a6_ + _a0_) / _a6_))));{'d0': {'_a0_': -593909.3292227993, '_a3_': -370515.92743507476, '_a5_': 1.9022553812636576, '_a6_': -1.775140560076189, '_a1_': 1.0, '_a2_': 1.0, '_a4_': 1.0, '_a7_': 1.0}};{'d0': 0.024905832920057786};-276.475521885277;64.98018306178795
23832;-73.2575778808503;((_a0_ + ((((_a3_ + (_a0_ * x)) * _a5_) * x) ** (_a6_ / _a6_))) * (x / -(((_a6_ + _a0_) / _a6_))));{'d0': {'_a0_': -593909.3292227993, '_a3_': -370515.92743507476, '_a5_': 1.9022553812636576, '_a6_': -1.775140560076189, '_a1_': 1.0, '_a2_': 1.0, '_a4_': 1.0, '_a7_': 1.0}};{'d0': 0.024905832920057786};-276.475521885277;64.98018306178795
23833;-73.2575778808503;((_a0_ + ((((_a3_ + (_a0_ * x)) * _a5_) * x) ** (_a6_ / _a6_))) * (x / -(((_a6_ + _a0_) / _a6_))));{'d0': {'_a0_': -593909.3292227993, '_a3_': -370515.92743507476, '_a5_': 1.9022553812636576, '_a6_': -1.775140560076189, '_a1_': 1.0, '_a2_': 1.0, '_a4_': 1.0, '_a7_': 1.0}};{'d0': 0.024905832920057786};-276.475521885277;64.98018306178795
23834;-73.2575778808503;((_a0_ + ((((_a3_ + (_a0_ * x)) * _a5_) * x) ** (_a6_ / _a6_))) * (x / -(((_a6_ + _a0_) / _a6_))));{'d0': {'_a0_': -593909.3292227993, '_a3_': -370515.92743507476, '_a5_': 1.9022553812636576, '_a6_': -1.775140560076189, '_a1_': 1.0, '_a2_': 1.0, '_a4_': 1.0, '_a7_': 1.0}};{'d0': 0.024905832920057786};-276.475521885277;64.98018306178795
23835;-73.2575778808503;((_a0_ + ((((_a3_ + (_a0_ * x)) * _a5_) * x) ** (_a6_ / _a6_))) * (x / -(((_a6_ + _a0_) / _a6_))));{'d0': {'_a0_': -593909.3292227993, '_a3_': -370515.92743507476, '_a5_': 1.9022553812636576, '_a6_': -1.775140560076189, '_a1_': 1.0, '_a2_': 1.0, '_a4_': 1.0, '_a7_': 1.0}};{'d0': 0.024905832920057786};-276.475521885277;64.98018306178795
23836;-73.2575778808503;((_a0_ + ((((_a3_ + (_a0_ * x)) * _a5_) * x) ** (_a6_ / _a6_))) * (x / -(((_a6_ + _a0_) / _a6_))));{'d0': {'_a0_': -593909.3292227993, '_a3_': -370515.92743507476, '_a5_': 1.9022553812636576, '_a6_': -1.775140560076189, '_a1_': 1.0, '_a2_': 1.0, '_a4_': 1.0, '_a7_': 1.0}};{'d0': 0.024905832920057786};-276.475521885277;64.98018306178795
23837;-73.2575778808503;((_a0_ + ((((_a3_ + (_a0_ * x)) * _a5_) * x) ** (_a6_ / _a6_))) * (x / -(((_a6_ + _a0_) / _a6_))));{'d0': {'_a0_': -593909.3292227993, '_a3_': -370515.92743507476, '_a5_': 1.9022553812636576, '_a6_': -1.775140560076189, '_a1_': 1.0, '_a2_': 1.0, '_a4_': 1.0, '_a7_': 1.0}};{'d0': 0.024905832920057786};-276.475521885277;64.98018306178795
23838;-73.2575778808503;((_a0_ + ((((_a3_ + (_a0_ * x)) * _a5_) * x) ** (_a6_ / _a6_))) * (x / -(((_a6_ + _a0_) / _a6_))));{'d0': {'_a0_': -593909.3292227993, '_a3_': -370515.92743507476, '_a5_': 1.9022553812636576, '_a6_': -1.775140560076189, '_a1_': 1.0, '_a2_': 1.0, '_a4_': 1.0, '_a7_': 1.0}};{'d0': 0.024905832920057786};-276.475521885277;64.98018306178795
23839;-74.0005251786744;((_a0_ + ((((_a3_ + (_a0_ * x)) * _a5_) * x) + (_a6_ / _a6_))) * (x / -(((_a6_ + _a0_) / _a6_))));{'d0': {'_a0_': -638037.9875218269, '_a3_': -398046.00544527045, '_a5_': 1.9022524155304492, '_a6_': -1.7751430970700282, '_a1_': 1.0, '_a2_': 1.0, '_a4_': 1.0, '_a7_': 1.0}};{'d0': 0.024905832919431742};-276.475521886785;64.23723576471795
23840;-74.0005251786744;((_a0_ + ((((_a3_ + (_a0_ * x)) * _a5_) * x) + (_a6_ / _a6_))) * (x / -(((_a6_ + _a0_) / _a6_))));{'d0': {'_a0_': -638037.9875218269, '_a3_': -398046.00544527045, '_a5_': 1.9022524155304492, '_a6_': -1.7751430970700282, '_a1_': 1.0, '_a2_': 1.0, '_a4_': 1.0, '_a7_': 1.0}};{'d0': 0.024905832919431742};-276.475521886785;64.23723576471795
23841;-74.0005251786744;((_a0_ + ((((_a3_ + (_a0_ * x)) * _a5_) * x) + (_a6_ / _a6_))) * (x / -(((_a6_ + _a0_) / _a6_))));{'d0': {'_a0_': -638037.9875218269, '_a3_': -398046.00544527045, '_a5_': 1.9022524155304492, '_a6_': -1.7751430970700282, '_a1_': 1.0, '_a2_': 1.0, '_a4_': 1.0, '_a7_': 1.0}};{'d0': 0.024905832919431742};-276.475521886785;64.23723576471795
23842;-74.0005211069690;((_a0_ + ((((_a3_ + (_a0_ * x)) * _a5_) * x) + (_a6_ / x))) * (x / -(((_a6_ + _a0_) / _a6_))));{'d0': {'_a0_': -37086309.85767123, '_a3_': -23136648.04513483, '_a5_': 1.902255231994681, '_a6_': -1.775135464642979, '_a1_': 1.0, '_a2_': 1.0, '_a4_': 1.0, '_a7_': 1.0}};{'d0': 0.02490583629973914};-276.475513743374;64.23723576471795
23843;-74.0005211069690;((_a0_ + ((((_a3_ + (_a0_ * x)) * _a5_) * x) + (_a6_ / x))) * (x / -(((_a6_ + _a0_) / _a6_))));{'d0': {'_a0_': -37086309.85767123, '_a3_': -23136648.04513483, '_a5_': 1.902255231994681, '_a6_': -1.775135464642979, '_a1_': 1.0, '_a2_': 1.0, '_a4_': 1.0, '_a7_': 1.0}};{'d0': 0.02490583629973914};-276.475513743374;64.23723576471795
23844;-74.0005211069690;((_a0_ + ((((_a3_ + (_a0_ * x)) * _a5_) * x) + (_a6_ / x))) * (x / -(((_a6_ + _a0_) / _a6_))));{'d0': {'_a0_': -37086309.85767123, '_a3_': -23136648.04513483, '_a5_': 1.902255231994681, '_a6_': -1.775135464642979, '_a1_': 1.0, '_a2_': 1.0, '_a4_': 1.0, '_a7_': 1.0}};{'d0': 0.02490583629973914};-276.475513743374;64.23723576471795
23845;-79.9456490809681;((_a0_ + ((((_a3_ + (_a0_ * x)) * _a5_) * x) + (_a6_ / x))) * (x / -((_a5_ / _a6_))));{'d0': {'_a0_': 76.55761845920277, '_a3_': 47.81414989692718, '_a5_': 1.9060158053736982, '_a6_': -0.04418264582329496, '_a1_': 1.0, '_a2_': 1.0, '_a4_': 1.0, '_a7_': 1.0}};{'d0': 0.02488548250186692};-276.524567593312;58.316634715687954
23846;-79.9456490809681;((_a0_ + ((((_a3_ + (_a0_ * x)) * _a5_) * x) + (_a6_ / x))) * (x / -((_a5_ / _a6_))));{'d0': {'_a0_': 76.55761845920277, '_a3_': 47.81414989692718, '_a5_': 1.9060158053736982, '_a6_': -0.04418264582329496, '_a1_': 1.0, '_a2_': 1.0, '_a4_': 1.0, '_a7_': 1.0}};{'d0': 0.02488548250186692};-276.524567593312;58.316634715687954
23847;-79.9456490809681;((_a0_ + ((((_a3_ + (_a0_ * x)) * _a5_) * x) + (_a6_ / x))) * (x / -((_a5_ / _a6_))));{'d0': {'_a0_': 76.55761845920277, '_a3_': 47.81414989692718, '_a5_': 1.9060158053736982, '_a6_': -0.04418264582329496, '_a1_': 1.0, '_a2_': 1.0, '_a4_': 1.0, '_a7_': 1.0}};{'d0': 0.02488548250186692};-276.524567593312;58.316634715687954
23848;-79.9456490809681;((_a0_ + ((((_a3_ + (_a0_ * x)) * _a5_) * x) + (_a6_ / x))) * (x / -((_a5_ / _a6_))));{'d0': {'_a0_': 76.55761845920277, '_a3_': 47.81414989692718, '_a5_': 1.9060158053736982, '_a6_': -0.04418264582329496, '_a1_': 1.0, '_a2_': 1.0, '_a4_': 1.0, '_a7_': 1.0}};{'d0': 0.02488548250186692};-276.524567593312;58.316634715687954
23849;-79.8992018817860;((_a0_ + ((((_a3_ + (_a0_ * x)) * _a5_) * x) + (_a6_ / x))) * (x / -((_a5_ + _a6_))));{'d0': {'_a0_': -3.385986414388867, '_a3_': -2.1147218669238637, '_a5_': 1.9060159713288458, '_a6_': 0.0019541939597890797, '_a1_': 1.0, '_a2_': 1.0, '_a4_': 1.0, '_a7_': 1.0}};{'d0': 0.024885482501903478};-276.524567593224;58.363081914825955
23850;-79.8992018817860;((_a0_ + ((((_a3_ + (_a0_ * x)) * _a5_) * x) + (_a6_ / x))) * (x / -((_a5_ + _a6_))));{'d0': {'_a0_': -3.385986414388867, '_a3_': -2.1147218669238637, '_a5_': 1.9060159713288458, '_a6_': 0.0019541939597890797, '_a1_': 1.0, '_a2_': 1.0, '_a4_': 1.0, '_a7_': 1.0}};{'d0': 0.024885482501903478};-276.524567593224;58.363081914825955
23851;-79.8992018817860;((_a0_ + ((((_a3_ + (_a0_ * x)) * _a5_) * x) + (_a6_ / x))) * (x / -((_a5_ + _a6_))));{'d0': {'_a0_': -3.385986414388867, '_a3_': -2.1147218669238637, '_a5_': 1.9060159713288458, '_a6_': 0.0019541939597890797, '_a1_': 1.0, '_a2_': 1.0, '_a4_': 1.0, '_a7_': 1.0}};{'d0': 0.024885482501903478};-276.524567593224;58.363081914825955
23852;-79.8992018817860;((_a0_ + ((((_a3_ + (_a0_ * x)) * _a5_) * x) + (_a6_ / x))) * (x / -((_a5_ + _a6_))));{'d0': {'_a0_': -3.385986414388867, '_a3_': -2.1147218669238637, '_a5_': 1.9060159713288458, '_a6_': 0.0019541939597890797, '_a1_': 1.0, '_a2_': 1.0, '_a4_': 1.0, '_a7_': 1.0}};{'d0': 0.024885482501903478};-276.524567593224;58.363081914825955
23853;-79.8992018817860;((_a0_ + ((((_a3_ + (_a0_ * x)) * _a5_) * x) + (_a6_ / x))) * (x / -((_a5_ + _a6_))));{'d0': {'_a0_': -3.385986414388867, '_a3_': -2.1147218669238637, '_a5_': 1.9060159713288458, '_a6_': 0.0019541939597890797, '_a1_': 1.0, '_a2_': 1.0, '_a4_': 1.0, '_a7_': 1.0}};{'d0': 0.024885482501903478};-276.524567593224;58.363081914825955
23854;-79.8992018817860;((_a0_ + ((((_a3_ + (_a0_ * x)) * _a5_) * x) + (_a6_ / x))) * (x / -((_a5_ + _a6_))));{'d0': {'_a0_': -3.385986414388867, '_a3_': -2.1147218669238637, '_a5_': 1.9060159713288458, '_a6_': 0.0019541939597890797, '_a1_': 1.0, '_a2_': 1.0, '_a4_': 1.0, '_a7_': 1.0}};{'d0': 0.024885482501903478};-276.524567593224;58.363081914825955
23855;-79.8992018817860;((_a0_ + ((((_a3_ + (_a0_ * x)) * _a5_) * x) + (_a6_ / x))) * (x / -((_a5_ + _a6_))));{'d0': {'_a0_': -3.385986414388867, '_a3_': -2.1147218669238637, '_a5_': 1.9060159713288458, '_a6_': 0.0019541939597890797, '_a1_': 1.0, '_a2_': 1.0, '_a4_': 1.0, '_a7_': 1.0}};{'d0': 0.024885482501903478};-276.524567593224;58.363081914825955
23856;-99.8080632588549;(x + -((x * (_a7_ + ((pow2((x + _a1_)) * _a4_) / _a7_)))));{'d0': {'_a1_': 0.31192970771164824, '_a4_': 1.5079806677532281, '_a7_': -0.44657608952711086, '_a0_': 1.0, '_a2_': 1.0, '_a3_': 1.0, '_a5_': 1.0, '_a6_': 1.0}};{'d0': 0.02490583291941672};-280.569866449043;40.47686996566664
23857;-98.7754658035208;(x + -((x * (_a7_ + ((pow2((x + _a1_)) / _a4_) / _a7_)))));{'d0': {'_a1_': 0.31192970782691576, '_a4_': 0.6631384748947668, '_a7_': -0.44657608919187686, '_a0_': 1.0, '_a2_': 1.0, '_a3_': 1.0, '_a5_': 1.0, '_a6_': 1.0}};{'d0': 0.02490583291941667};-280.569866449043;41.509467421000835
23858;-98.7754658035208;(x + -((x * (_a7_ + ((pow2((x + _a1_)) / _a4_) / _a7_)))));{'d0': {'_a1_': 0.31192970782691576, '_a4_': 0.6631384748947668, '_a7_': -0.44657608919187686, '_a0_': 1.0, '_a2_': 1.0, '_a3_': 1.0, '_a5_': 1.0, '_a6_': 1.0}};{'d0': 0.02490583291941667};-280.569866449043;41.509467421000835
23859;-98.7754658035208;(x + -((x * (_a7_ + ((pow2((x + _a1_)) / _a4_) / _a7_)))));{'d0': {'_a1_': 0.31192970782691576, '_a4_': 0.6631384748947668, '_a7_': -0.44657608919187686, '_a0_': 1.0, '_a2_': 1.0, '_a3_': 1.0, '_a5_': 1.0, '_a6_': 1.0}};{'d0': 0.02490583291941667};-280.569866449043;41.509467421000835
23860;-98.7754658035208;(x + -((x * (_a7_ + ((pow2((x + _a1_)) / _a4_) / _a7_)))));{'d0': {'_a1_': 0.31192970782691576, '_a4_': 0.6631384748947668, '_a7_': -0.44657608919187686, '_a0_': 1.0, '_a2_': 1.0, '_a3_': 1.0, '_a5_': 1.0, '_a6_': 1.0}};{'d0': 0.02490583291941667};-280.569866449043;41.509467421000835
23861;-98.7754658035208;(x + -((x * (_a7_ + ((pow2((x + _a1_)) / _a4_) / _a7_)))));{'d0': {'_a1_': 0.31192970782691576, '_a4_': 0.6631384748947668, '_a7_': -0.44657608919187686, '_a0_': 1.0, '_a2_': 1.0, '_a3_': 1.0, '_a5_': 1.0, '_a6_': 1.0}};{'d0': 0.02490583291941667};-280.569866449043;41.509467421000835
23862;-98.7754658035208;(x + -((x * (_a7_ + ((pow2((x + _a1_)) / _a4_) / _a7_)))));{'d0': {'_a1_': 0.31192970782691576, '_a4_': 0.6631384748947668, '_a7_': -0.44657608919187686, '_a0_': 1.0, '_a2_': 1.0, '_a3_': 1.0, '_a5_': 1.0, '_a6_': 1.0}};{'d0': 0.02490583291941667};-280.569866449043;41.509467421000835
23863;-98.7754658035208;(x + -((x * (_a7_ + ((pow2((x + _a1_)) / _a4_) / _a7_)))));{'d0': {'_a1_': 0.31192970782691576, '_a4_': 0.6631384748947668, '_a7_': -0.44657608919187686, '_a0_': 1.0, '_a2_': 1.0, '_a3_': 1.0, '_a5_': 1.0, '_a6_': 1.0}};{'d0': 0.02490583291941667};-280.569866449043;41.509467421000835
23864;-98.7754658035208;(x + -((x * (_a7_ + ((pow2((x + _a1_)) / _a4_) / _a7_)))));{'d0': {'_a1_': 0.31192970782691576, '_a4_': 0.6631384748947668, '_a7_': -0.44657608919187686, '_a0_': 1.0, '_a2_': 1.0, '_a3_': 1.0, '_a5_': 1.0, '_a6_': 1.0}};{'d0': 0.02490583291941667};-280.569866449043;41.509467421000835
23865;-98.7754658035208;(x + -((x * (_a7_ + ((pow2((x + _a1_)) / _a4_) / _a7_)))));{'d0': {'_a1_': 0.31192970782691576, '_a4_': 0.6631384748947668, '_a7_': -0.44657608919187686, '_a0_': 1.0, '_a2_': 1.0, '_a3_': 1.0, '_a5_': 1.0, '_a6_': 1.0}};{'d0': 0.02490583291941667};-280.569866449043;41.509467421000835
23866;-98.7754658035208;(x + -((x * (_a7_ + ((pow2((x + _a1_)) / _a4_) / _a7_)))));{'d0': {'_a1_': 0.31192970782691576, '_a4_': 0.6631384748947668, '_a7_': -0.44657608919187686, '_a0_': 1.0, '_a2_': 1.0, '_a3_': 1.0, '_a5_': 1.0, '_a6_': 1.0}};{'d0': 0.02490583291941667};-280.569866449043;41.509467421000835
23867;-98.7754658035208;(x + -((x * (_a7_ + ((pow2((x + _a1_)) / _a4_) / _a7_)))));{'d0': {'_a1_': 0.31192970782691576, '_a4_': 0.6631384748947668, '_a7_': -0.44657608919187686, '_a0_': 1.0, '_a2_': 1.0, '_a3_': 1.0, '_a5_': 1.0, '_a6_': 1.0}};{'d0': 0.02490583291941667};-280.569866449043;41.509467421000835
23868;-98.7754658035208;(x + -((x * (_a7_ + ((pow2((x + _a1_)) / _a4_) / _a7_)))));{'d0': {'_a1_': 0.31192970782691576, '_a4_': 0.6631384748947668, '_a7_': -0.44657608919187686, '_a0_': 1.0, '_a2_': 1.0, '_a3_': 1.0, '_a5_': 1.0, '_a6_': 1.0}};{'d0': 0.02490583291941667};-280.569866449043;41.509467421000835
23869;-98.7754658035208;(x + -((x * (_a7_ + ((pow2((x + _a1_)) / _a4_) / _a7_)))));{'d0': {'_a1_': 0.31192970782691576, '_a4_': 0.6631384748947668, '_a7_': -0.44657608919187686, '_a0_': 1.0, '_a2_': 1.0, '_a3_': 1.0, '_a5_': 1.0, '_a6_': 1.0}};{'d0': 0.02490583291941667};-280.569866449043;41.509467421000835
23870;-98.7754658035208;(x + -((x * (_a7_ + ((pow2((x + _a1_)) / _a4_) / _a7_)))));{'d0': {'_a1_': 0.31192970782691576, '_a4_': 0.6631384748947668, '_a7_': -0.44657608919187686, '_a0_': 1.0, '_a2_': 1.0, '_a3_': 1.0, '_a5_': 1.0, '_a6_': 1.0}};{'d0': 0.02490583291941667};-280.569866449043;41.509467421000835
23871;-98.7754658035208;(x + -((x * (_a7_ + ((pow2((x + _a1_)) / _a4_) / _a7_)))));{'d0': {'_a1_': 0.31192970782691576, '_a4_': 0.6631384748947668, '_a7_': -0.44657608919187686, '_a0_': 1.0, '_a2_': 1.0, '_a3_': 1.0, '_a5_': 1.0, '_a6_': 1.0}};{'d0': 0.02490583291941667};-280.569866449043;41.509467421000835
23872;-98.7754658035208;(x + -((x * (_a7_ + ((pow2((x + _a1_)) / _a4_) / _a7_)))));{'d0': {'_a1_': 0.31192970782691576, '_a4_': 0.6631384748947668, '_a7_': -0.44657608919187686, '_a0_': 1.0, '_a2_': 1.0, '_a3_': 1.0, '_a5_': 1.0, '_a6_': 1.0}};{'d0': 0.02490583291941667};-280.569866449043;41.509467421000835
23873;-98.7754658035208;(x + -((x * (_a7_ + ((pow2((x + _a1_)) / _a4_) / _a7_)))));{'d0': {'_a1_': 0.31192970782691576, '_a4_': 0.6631384748947668, '_a7_': -0.44657608919187686, '_a0_': 1.0, '_a2_': 1.0, '_a3_': 1.0, '_a5_': 1.0, '_a6_': 1.0}};{'d0': 0.02490583291941667};-280.569866449043;41.509467421000835
23874;-98.7754658035208;(x + -((x * (_a7_ + ((pow2((x + _a1_)) / _a4_) / _a7_)))));{'d0': {'_a1_': 0.31192970782691576, '_a4_': 0.6631384748947668, '_a7_': -0.44657608919187686, '_a0_': 1.0, '_a2_': 1.0, '_a3_': 1.0, '_a5_': 1.0, '_a6_': 1.0}};{'d0': 0.02490583291941667};-280.569866449043;41.509467421000835
23875;-98.7754658035208;(x + -((x * (_a7_ + ((pow2((x + _a1_)) / _a4_) / _a7_)))));{'d0': {'_a1_': 0.31192970782691576, '_a4_': 0.6631384748947668, '_a7_': -0.44657608919187686, '_a0_': 1.0, '_a2_': 1.0, '_a3_': 1.0, '_a5_': 1.0, '_a6_': 1.0}};{'d0': 0.02490583291941667};-280.569866449043;41.509467421000835
23876;-98.7754658035208;(x + -((x * (_a7_ + ((pow2((x + _a1_)) / _a4_) / _a7_)))));{'d0': {'_a1_': 0.31192970782691576, '_a4_': 0.6631384748947668, '_a7_': -0.44657608919187686, '_a0_': 1.0, '_a2_': 1.0, '_a3_': 1.0, '_a5_': 1.0, '_a6_': 1.0}};{'d0': 0.02490583291941667};-280.569866449043;41.509467421000835
23877;-98.7754658035208;(x + -((x * (_a7_ + ((pow2((x + _a1_)) / _a4_) / _a7_)))));{'d0': {'_a1_': 0.31192970782691576, '_a4_': 0.6631384748947668, '_a7_': -0.44657608919187686, '_a0_': 1.0, '_a2_': 1.0, '_a3_': 1.0, '_a5_': 1.0, '_a6_': 1.0}};{'d0': 0.02490583291941667};-280.569866449043;41.509467421000835
23878;-98.7754658035208;(x + -((x * (_a7_ + ((pow2((x + _a1_)) / _a4_) / _a7_)))));{'d0': {'_a1_': 0.31192970782691576, '_a4_': 0.6631384748947668, '_a7_': -0.44657608919187686, '_a0_': 1.0, '_a2_': 1.0, '_a3_': 1.0, '_a5_': 1.0, '_a6_': 1.0}};{'d0': 0.02490583291941667};-280.569866449043;41.509467421000835
23879;-98.7754658035208;(x + -((x * (_a7_ + ((pow2((x + _a1_)) / _a4_) / _a7_)))));{'d0': {'_a1_': 0.31192970782691576, '_a4_': 0.6631384748947668, '_a7_': -0.44657608919187686, '_a0_': 1.0, '_a2_': 1.0, '_a3_': 1.0, '_a5_': 1.0, '_a6_': 1.0}};{'d0': 0.02490583291941667};-280.569866449043;41.509467421000835
23880;-98.7754658035208;(x + -((x * (_a7_ + ((pow2((x + _a1_)) / _a4_) / _a7_)))));{'d0': {'_a1_': 0.31192970782691576, '_a4_': 0.6631384748947668, '_a7_': -0.44657608919187686, '_a0_': 1.0, '_a2_': 1.0, '_a3_': 1.0, '_a5_': 1.0, '_a6_': 1.0}};{'d0': 0.02490583291941667};-280.569866449043;41.509467421000835
23881;-98.7754658035208;(x + -((x * (_a7_ + ((pow2((x + _a1_)) / _a4_) / _a7_)))));{'d0': {'_a1_': 0.31192970782691576, '_a4_': 0.6631384748947668, '_a7_': -0.44657608919187686, '_a0_': 1.0, '_a2_': 1.0, '_a3_': 1.0, '_a5_': 1.0, '_a6_': 1.0}};{'d0': 0.02490583291941667};-280.569866449043;41.509467421000835
23882;-98.7754658035208;(x + -((x * (_a7_ + ((pow2((x + _a1_)) / _a4_) / _a7_)))));{'d0': {'_a1_': 0.31192970782691576, '_a4_': 0.6631384748947668, '_a7_': -0.44657608919187686, '_a0_': 1.0, '_a2_': 1.0, '_a3_': 1.0, '_a5_': 1.0, '_a6_': 1.0}};{'d0': 0.02490583291941667};-280.569866449043;41.509467421000835
23883;-98.7754658035208;(x + -((x * (_a7_ + ((pow2((x + _a1_)) / _a4_) / _a7_)))));{'d0': {'_a1_': 0.31192970782691576, '_a4_': 0.6631384748947668, '_a7_': -0.44657608919187686, '_a0_': 1.0, '_a2_': 1.0, '_a3_': 1.0, '_a5_': 1.0, '_a6_': 1.0}};{'d0': 0.02490583291941667};-280.569866449043;41.509467421000835
23884;-98.7754658035208;(x + -((x * (_a7_ + ((pow2((x + _a1_)) / _a4_) / _a7_)))));{'d0': {'_a1_': 0.31192970782691576, '_a4_': 0.6631384748947668, '_a7_': -0.44657608919187686, '_a0_': 1.0, '_a2_': 1.0, '_a3_': 1.0, '_a5_': 1.0, '_a6_': 1.0}};{'d0': 0.02490583291941667};-280.569866449043;41.509467421000835
23885;-98.7754658035208;(x + -((x * (_a7_ + ((pow2((x + _a1_)) / _a4_) / _a7_)))));{'d0': {'_a1_': 0.31192970782691576, '_a4_': 0.6631384748947668, '_a7_': -0.44657608919187686, '_a0_': 1.0, '_a2_': 1.0, '_a3_': 1.0, '_a5_': 1.0, '_a6_': 1.0}};{'d0': 0.02490583291941667};-280.569866449043;41.509467421000835
23886;-98.7754658035208;(x + -((x * (_a7_ + ((pow2((x + _a1_)) / _a4_) / _a7_)))));{'d0': {'_a1_': 0.31192970782691576, '_a4_': 0.6631384748947668, '_a7_': -0.44657608919187686, '_a0_': 1.0, '_a2_': 1.0, '_a3_': 1.0, '_a5_': 1.0, '_a6_': 1.0}};{'d0': 0.02490583291941667};-280.569866449043;41.509467421000835
23887;-98.7754658035208;(x + -((x * (_a7_ + ((pow2((x + _a1_)) / _a4_) / _a7_)))));{'d0': {'_a1_': 0.31192970782691576, '_a4_': 0.6631384748947668, '_a7_': -0.44657608919187686, '_a0_': 1.0, '_a2_': 1.0, '_a3_': 1.0, '_a5_': 1.0, '_a6_': 1.0}};{'d0': 0.02490583291941667};-280.569866449043;41.509467421000835
23888;-98.7754658035208;(x + -((x * (_a7_ + ((pow2((x + _a1_)) / _a4_) / _a7_)))));{'d0': {'_a1_': 0.31192970782691576, '_a4_': 0.6631384748947668, '_a7_': -0.44657608919187686, '_a0_': 1.0, '_a2_': 1.0, '_a3_': 1.0, '_a5_': 1.0, '_a6_': 1.0}};{'d0': 0.02490583291941667};-280.569866449043;41.509467421000835
23889;-98.7754658035208;(x + -((x * (_a7_ + ((pow2((x + _a1_)) / _a4_) / _a7_)))));{'d0': {'_a1_': 0.31192970782691576, '_a4_': 0.6631384748947668, '_a7_': -0.44657608919187686, '_a0_': 1.0, '_a2_': 1.0, '_a3_': 1.0, '_a5_': 1.0, '_a6_': 1.0}};{'d0': 0.02490583291941667};-280.569866449043;41.509467421000835
23890;-98.7754658035208;(x + -((x * (_a7_ + ((pow2((x + _a1_)) / _a4_) / _a7_)))));{'d0': {'_a1_': 0.31192970782691576, '_a4_': 0.6631384748947668, '_a7_': -0.44657608919187686, '_a0_': 1.0, '_a2_': 1.0, '_a3_': 1.0, '_a5_': 1.0, '_a6_': 1.0}};{'d0': 0.02490583291941667};-280.569866449043;41.509467421000835
23891;-98.7754658035208;(x + -((x * (_a7_ + ((pow2((x + _a1_)) / _a4_) / _a7_)))));{'d0': {'_a1_': 0.31192970782691576, '_a4_': 0.6631384748947668, '_a7_': -0.44657608919187686, '_a0_': 1.0, '_a2_': 1.0, '_a3_': 1.0, '_a5_': 1.0, '_a6_': 1.0}};{'d0': 0.02490583291941667};-280.569866449043;41.509467421000835
23892;-98.7754658035208;(x + -((x * (_a7_ + ((pow2((x + _a1_)) / _a4_) / _a7_)))));{'d0': {'_a1_': 0.31192970782691576, '_a4_': 0.6631384748947668, '_a7_': -0.44657608919187686, '_a0_': 1.0, '_a2_': 1.0, '_a3_': 1.0, '_a5_': 1.0, '_a6_': 1.0}};{'d0': 0.02490583291941667};-280.569866449043;41.509467421000835
23893;-98.7754658035208;(x + -((x * (_a7_ + ((pow2((x + _a1_)) / _a4_) / _a7_)))));{'d0': {'_a1_': 0.31192970782691576, '_a4_': 0.6631384748947668, '_a7_': -0.44657608919187686, '_a0_': 1.0, '_a2_': 1.0, '_a3_': 1.0, '_a5_': 1.0, '_a6_': 1.0}};{'d0': 0.02490583291941667};-280.569866449043;41.509467421000835
23894;-98.7754658035208;(x + -((x * (_a7_ + ((pow2((x + _a1_)) / _a4_) / _a7_)))));{'d0': {'_a1_': 0.31192970782691576, '_a4_': 0.6631384748947668, '_a7_': -0.44657608919187686, '_a0_': 1.0, '_a2_': 1.0, '_a3_': 1.0, '_a5_': 1.0, '_a6_': 1.0}};{'d0': 0.02490583291941667};-280.569866449043;41.509467421000835
23895;-98.7754658035208;(x + -((x * (_a7_ + ((pow2((x + _a1_)) / _a4_) / _a7_)))));{'d0': {'_a1_': 0.31192970782691576, '_a4_': 0.6631384748947668, '_a7_': -0.44657608919187686, '_a0_': 1.0, '_a2_': 1.0, '_a3_': 1.0, '_a5_': 1.0, '_a6_': 1.0}};{'d0': 0.02490583291941667};-280.569866449043;41.509467421000835
23896;-98.7754658035208;(x + -((x * (_a7_ + ((pow2((x + _a1_)) / _a4_) / _a7_)))));{'d0': {'_a1_': 0.31192970782691576, '_a4_': 0.6631384748947668, '_a7_': -0.44657608919187686, '_a0_': 1.0, '_a2_': 1.0, '_a3_': 1.0, '_a5_': 1.0, '_a6_': 1.0}};{'d0': 0.02490583291941667};-280.569866449043;41.509467421000835
23897;-98.7754658035208;(x + -((x * (_a7_ + ((pow2((x + _a1_)) / _a4_) / _a7_)))));{'d0': {'_a1_': 0.31192970782691576, '_a4_': 0.6631384748947668, '_a7_': -0.44657608919187686, '_a0_': 1.0, '_a2_': 1.0, '_a3_': 1.0, '_a5_': 1.0, '_a6_': 1.0}};{'d0': 0.02490583291941667};-280.569866449043;41.509467421000835
23898;-98.7754658035208;(x + -((x * (_a7_ + ((pow2((x + _a1_)) / _a4_) / _a7_)))));{'d0': {'_a1_': 0.31192970782691576, '_a4_': 0.6631384748947668, '_a7_': -0.44657608919187686, '_a0_': 1.0, '_a2_': 1.0, '_a3_': 1.0, '_a5_': 1.0, '_a6_': 1.0}};{'d0': 0.02490583291941667};-280.569866449043;41.509467421000835
23899;-99.8080632588549;(x + -((x * (_a7_ + ((pow2((x + _a1_)) * _a4_) / _a7_)))));{'d0': {'_a1_': 0.31192970771164824, '_a4_': 1.5079806677532281, '_a7_': -0.44657608952711086, '_a0_': 1.0, '_a2_': 1.0, '_a3_': 1.0, '_a5_': 1.0, '_a6_': 1.0}};{'d0': 0.02490583291941672};-280.569866449043;40.47686996566664
23900;-99.8080632588549;(x + -((x * (_a7_ + ((pow2((x + _a1_)) * _a4_) / _a7_)))));{'d0': {'_a1_': 0.31192970771164824, '_a4_': 1.5079806677532281, '_a7_': -0.44657608952711086, '_a0_': 1.0, '_a2_': 1.0, '_a3_': 1.0, '_a5_': 1.0, '_a6_': 1.0}};{'d0': 0.02490583291941672};-280.569866449043;40.47686996566664
23901;-92.5134194105882;((((pow2((_a4_ + (x * _a7_))) / _a1_) + _a6_) * (x * (_a7_ * _a1_))) * _a1_);{'d0': {'_a1_': 0.6973335423651917, '_a4_': 0.5277278179570802, '_a6_': 1.7583563960225725, '_a7_': 1.6918164724500564, '_a0_': 1.0, '_a2_': 1.0, '_a3_': 1.0, '_a5_': 1.0}};{'d0': 0.02490583291947905};-276.475521886671;45.72434153274729
23902;-92.5134194105882;((((pow2((_a4_ + (x * _a7_))) / _a1_) + _a6_) * (x * (_a7_ * _a1_))) * _a1_);{'d0': {'_a1_': 0.6973335423651917, '_a4_': 0.5277278179570802, '_a6_': 1.7583563960225725, '_a7_': 1.6918164724500564, '_a0_': 1.0, '_a2_': 1.0, '_a3_': 1.0, '_a5_': 1.0}};{'d0': 0.02490583291947905};-276.475521886671;45.72434153274729
23903;-92.5134194105882;((((pow2((_a4_ + (x * _a7_))) / _a1_) + _a6_) * (x * (_a7_ * _a1_))) * _a1_);{'d0': {'_a1_': 0.6973335423651917, '_a4_': 0.5277278179570802, '_a6_': 1.7583563960225725, '_a7_': 1.6918164724500564, '_a0_': 1.0, '_a2_': 1.0, '_a3_': 1.0, '_a5_': 1.0}};{'d0': 0.02490583291947905};-276.475521886671;45.72434153274729
23904;-92.5134194105882;((((pow2((_a4_ + (x * _a7_))) / _a1_) + _a6_) * (x * (_a7_ * _a1_))) * _a1_);{'d0': {'_a1_': 0.6973335423651917, '_a4_': 0.5277278179570802, '_a6_': 1.7583563960225725, '_a7_': 1.6918164724500564, '_a0_': 1.0, '_a2_': 1.0, '_a3_': 1.0, '_a5_': 1.0}};{'d0': 0.02490583291947905};-276.475521886671;45.72434153274729
23905;-92.5134194105882;((((pow2((_a4_ + (x * _a7_))) / _a1_) + _a6_) * (x * (_a7_ * _a1_))) * _a1_);{'d0': {'_a1_': 0.6973335423651917, '_a4_': 0.5277278179570802, '_a6_': 1.7583563960225725, '_a7_': 1.6918164724500564, '_a0_': 1.0, '_a2_': 1.0, '_a3_': 1.0, '_a5_': 1.0}};{'d0': 0.02490583291947905};-276.475521886671;45.72434153274729
23906;-92.5134194105882;((((pow2((_a4_ + (x * _a7_))) / _a1_) + _a6_) * (x * (_a7_ * _a1_))) * _a1_);{'d0': {'_a1_': 0.6973335423651917, '_a4_': 0.5277278179570802, '_a6_': 1.7583563960225725, '_a7_': 1.6918164724500564, '_a0_': 1.0, '_a2_': 1.0, '_a3_': 1.0, '_a5_': 1.0}};{'d0': 0.02490583291947905};-276.475521886671;45.72434153274729
23907;-92.5134194105882;((((pow2((_a4_ + (x * _a7_))) / _a1_) + _a6_) * (x * (_a7_ * _a1_))) * _a1_);{'d0': {'_a1_': 0.6973335423651917, '_a4_': 0.5277278179570802, '_a6_': 1.7583563960225725, '_a7_': 1.6918164724500564, '_a0_': 1.0, '_a2_': 1.0, '_a3_': 1.0, '_a5_': 1.0}};{'d0': 0.02490583291947905};-276.475521886671;45.72434153274729
23908;-92.5134194105882;((((pow2((_a4_ + (x * _a7_))) / _a1_) + _a6_) * (x * (_a7_ * _a1_))) * _a1_);{'d0': {'_a1_': 0.6973335423651917, '_a4_': 0.5277278179570802, '_a6_': 1.7583563960225725, '_a7_': 1.6918164724500564, '_a0_': 1.0, '_a2_': 1.0, '_a3_': 1.0, '_a5_': 1.0}};{'d0': 0.02490583291947905};-276.475521886671;45.72434153274729
23909;-92.5134194105882;((((pow2((_a4_ + (x * _a7_))) / _a1_) + _a6_) * (x * (_a7_ * _a1_))) * _a1_);{'d0': {'_a1_': 0.6973335423651917, '_a4_': 0.5277278179570802, '_a6_': 1.7583563960225725, '_a7_': 1.6918164724500564, '_a0_': 1.0, '_a2_': 1.0, '_a3_': 1.0, '_a5_': 1.0}};{'d0': 0.02490583291947905};-276.475521886671;45.72434153274729
23910;-92.5134194105882;((((pow2((_a4_ + (x * _a7_))) / _a1_) + _a6_) * (x * (_a7_ * _a1_))) * _a1_);{'d0': {'_a1_': 0.6973335423651917, '_a4_': 0.5277278179570802, '_a6_': 1.7583563960225725, '_a7_': 1.6918164724500564, '_a0_': 1.0, '_a2_': 1.0, '_a3_': 1.0, '_a5_': 1.0}};{'d0': 0.02490583291947905};-276.475521886671;45.72434153274729
23911;-97.5351166187406;((((pow2((_a4_ + (x * _a7_))) / _a1_) + _a6_) * (x * _a6_)) * _a1_);{'d0': {'_a1_': 0.5867665192358704, '_a4_': 0.4574439805257689, '_a6_': 1.5701383480809825, '_a7_': 1.4664969997023505, '_a0_': 1.0, '_a2_': 1.0, '_a3_': 1.0, '_a5_': 1.0}};{'d0': 0.02490583292248982};-276.475521879418;40.70264432096829
23912;-97.5351166187406;((((pow2((_a4_ + (x * _a7_))) / _a1_) + _a6_) * (x * _a6_)) * _a1_);{'d0': {'_a1_': 0.5867665192358704, '_a4_': 0.4574439805257689, '_a6_': 1.5701383480809825, '_a7_': 1.4664969997023505, '_a0_': 1.0, '_a2_': 1.0, '_a3_': 1.0, '_a5_': 1.0}};{'d0': 0.02490583292248982};-276.475521879418;40.70264432096829
23913;-97.5351166187406;((((pow2((_a4_ + (x * _a7_))) / _a1_) + _a6_) * (x * _a6_)) * _a1_);{'d0': {'_a1_': 0.5867665192358704, '_a4_': 0.4574439805257689, '_a6_': 1.5701383480809825, '_a7_': 1.4664969997023505, '_a0_': 1.0, '_a2_': 1.0, '_a3_': 1.0, '_a5_': 1.0}};{'d0': 0.02490583292248982};-276.475521879418;40.70264432096829
23914;-97.5351166187406;((((pow2((_a4_ + (x * _a7_))) / _a1_) + _a6_) * (x * _a6_)) * _a1_);{'d0': {'_a1_': 0.5867665192358704, '_a4_': 0.4574439805257689, '_a6_': 1.5701383480809825, '_a7_': 1.4664969997023505, '_a0_': 1.0, '_a2_': 1.0, '_a3_': 1.0, '_a5_': 1.0}};{'d0': 0.02490583292248982};-276.475521879418;40.70264432096829
23915;-97.5351166187406;((((pow2((_a4_ + (x * _a7_))) / _a1_) + _a6_) * (x * _a6_)) * _a1_);{'d0': {'_a1_': 0.5867665192358704, '_a4_': 0.4574439805257689, '_a6_': 1.5701383480809825, '_a7_': 1.4664969997023505, '_a0_': 1.0, '_a2_': 1.0, '_a3_': 1.0, '_a5_': 1.0}};{'d0': 0.02490583292248982};-276.475521879418;40.70264432096829
23916;-97.5351166187406;((((pow2((_a4_ + (x * _a7_))) / _a1_) + _a6_) * (x * _a6_)) * _a1_);{'d0': {'_a1_': 0.5867665192358704, '_a4_': 0.4574439805257689, '_a6_': 1.5701383480809825, '_a7_': 1.4664969997023505, '_a0_': 1.0, '_a2_': 1.0, '_a3_': 1.0, '_a5_': 1.0}};{'d0': 0.02490583292248982};-276.475521879418;40.70264432096829
23917;-97.5351166187406;((((pow2((_a4_ + (x * _a7_))) / _a1_) + _a6_) * (x * _a6_)) * _a1_);{'d0': {'_a1_': 0.5867665192358704, '_a4_': 0.4574439805257689, '_a6_': 1.5701383480809825, '_a7_': 1.4664969997023505, '_a0_': 1.0, '_a2_': 1.0, '_a3_': 1.0, '_a5_': 1.0}};{'d0': 0.02490583292248982};-276.475521879418;40.70264432096829
23918;-97.5351166187406;((((pow2((_a4_ + (x * _a7_))) / _a1_) + _a6_) * (x * _a6_)) * _a1_);{'d0': {'_a1_': 0.5867665192358704, '_a4_': 0.4574439805257689, '_a6_': 1.5701383480809825, '_a7_': 1.4664969997023505, '_a0_': 1.0, '_a2_': 1.0, '_a3_': 1.0, '_a5_': 1.0}};{'d0': 0.02490583292248982};-276.475521879418;40.70264432096829
23919;-97.5351166187406;((((pow2((_a4_ + (x * _a7_))) / _a1_) + _a6_) * (x * _a6_)) * _a1_);{'d0': {'_a1_': 0.5867665192358704, '_a4_': 0.4574439805257689, '_a6_': 1.5701383480809825, '_a7_': 1.4664969997023505, '_a0_': 1.0, '_a2_': 1.0, '_a3_': 1.0, '_a5_': 1.0}};{'d0': 0.02490583292248982};-276.475521879418;40.70264432096829
23920;-97.5351166187406;((((pow2((_a4_ + (x * _a7_))) / _a1_) + _a6_) * (x * _a6_)) * _a1_);{'d0': {'_a1_': 0.5867665192358704, '_a4_': 0.4574439805257689, '_a6_': 1.5701383480809825, '_a7_': 1.4664969997023505, '_a0_': 1.0, '_a2_': 1.0, '_a3_': 1.0, '_a5_': 1.0}};{'d0': 0.02490583292248982};-276.475521879418;40.70264432096829
23921;-97.5351166187406;((((pow2((_a4_ + (x * _a7_))) / _a1_) + _a6_) * (x * _a6_)) * _a1_);{'d0': {'_a1_': 0.5867665192358704, '_a4_': 0.4574439805257689, '_a6_': 1.5701383480809825, '_a7_': 1.4664969997023505, '_a0_': 1.0, '_a2_': 1.0, '_a3_': 1.0, '_a5_': 1.0}};{'d0': 0.02490583292248982};-276.475521879418;40.70264432096829
23922;-95.8843544309434;((((pow2((pow2(_a1_) + (x * _a7_))) / _a1_) + _a6_) * (x * _a6_)) * _a1_);{'d0': {'_a1_': 0.6902139864522012, '_a6_': 1.4477006299221324, '_a7_': 1.527252244967776, '_a0_': 1.0, '_a2_': 1.0, '_a3_': 1.0, '_a4_': 1.0, '_a5_': 1.0}};{'d0': 0.024905832919416646};-280.569866449044;44.40057879357829
23923;-95.8843544309434;((((pow2((pow2(_a1_) + (x * _a7_))) / _a1_) + _a6_) * (x * _a6_)) * _a1_);{'d0': {'_a1_': 0.6902139864522012, '_a6_': 1.4477006299221324, '_a7_': 1.527252244967776, '_a0_': 1.0, '_a2_': 1.0, '_a3_': 1.0, '_a4_': 1.0, '_a5_': 1.0}};{'d0': 0.024905832919416646};-280.569866449044;44.40057879357829
23924;-95.8843544309434;((((pow2((pow2(_a1_) + (x * _a7_))) / _a1_) + _a6_) * (x * _a6_)) * _a1_);{'d0': {'_a1_': 0.6902139864522012, '_a6_': 1.4477006299221324, '_a7_': 1.527252244967776, '_a0_': 1.0, '_a2_': 1.0, '_a3_': 1.0, '_a4_': 1.0, '_a5_': 1.0}};{'d0': 0.024905832919416646};-280.569866449044;44.40057879357829
23925;-95.8843544309434;((((pow2((pow2(_a1_) + (x * _a7_))) / _a1_) + _a6_) * (x * _a6_)) * _a1_);{'d0': {'_a1_': 0.6902139864522012, '_a6_': 1.4477006299221324, '_a7_': 1.527252244967776, '_a0_': 1.0, '_a2_': 1.0, '_a3_': 1.0, '_a4_': 1.0, '_a5_': 1.0}};{'d0': 0.024905832919416646};-280.569866449044;44.40057879357829
23926;-95.8843544309434;((((pow2((pow2(_a1_) + (x * _a7_))) / _a1_) + _a6_) * (x * _a6_)) * _a1_);{'d0': {'_a1_': 0.6902139864522012, '_a6_': 1.4477006299221324, '_a7_': 1.527252244967776, '_a0_': 1.0, '_a2_': 1.0, '_a3_': 1.0, '_a4_': 1.0, '_a5_': 1.0}};{'d0': 0.024905832919416646};-280.569866449044;44.40057879357829
23927;-95.8843544309434;((((pow2((pow2(_a1_) + (x * _a7_))) / _a1_) + _a6_) * (x * _a6_)) * _a1_);{'d0': {'_a1_': 0.6902139864522012, '_a6_': 1.4477006299221324, '_a7_': 1.527252244967776, '_a0_': 1.0, '_a2_': 1.0, '_a3_': 1.0, '_a4_': 1.0, '_a5_': 1.0}};{'d0': 0.024905832919416646};-280.569866449044;44.40057879357829
23928;-95.8843544309434;((((pow2((pow2(_a1_) + (x * _a7_))) / _a1_) + _a6_) * (x * _a6_)) * _a1_);{'d0': {'_a1_': 0.6902139864522012, '_a6_': 1.4477006299221324, '_a7_': 1.527252244967776, '_a0_': 1.0, '_a2_': 1.0, '_a3_': 1.0, '_a4_': 1.0, '_a5_': 1.0}};{'d0': 0.024905832919416646};-280.569866449044;44.40057879357829
23929;-95.8843544309434;((((pow2((pow2(_a1_) + (x * _a7_))) / _a1_) + _a6_) * (x * _a6_)) * _a1_);{'d0': {'_a1_': 0.6902139864522012, '_a6_': 1.4477006299221324, '_a7_': 1.527252244967776, '_a0_': 1.0, '_a2_': 1.0, '_a3_': 1.0, '_a4_': 1.0, '_a5_': 1.0}};{'d0': 0.024905832919416646};-280.569866449044;44.40057879357829
23930;-95.8843544309434;((((pow2((pow2(_a1_) + (x * _a7_))) / _a1_) + _a6_) * (x * _a6_)) * _a1_);{'d0': {'_a1_': 0.6902139864522012, '_a6_': 1.4477006299221324, '_a7_': 1.527252244967776, '_a0_': 1.0, '_a2_': 1.0, '_a3_': 1.0, '_a4_': 1.0, '_a5_': 1.0}};{'d0': 0.024905832919416646};-280.569866449044;44.40057879357829
23931;-95.8843544309434;((((pow2((pow2(_a1_) + (x * _a7_))) / _a1_) + _a6_) * (x * _a6_)) * _a1_);{'d0': {'_a1_': 0.6902139864522012, '_a6_': 1.4477006299221324, '_a7_': 1.527252244967776, '_a0_': 1.0, '_a2_': 1.0, '_a3_': 1.0, '_a4_': 1.0, '_a5_': 1.0}};{'d0': 0.024905832919416646};-280.569866449044;44.40057879357829
23932;-95.8843544309434;((((pow2((pow2(_a1_) + (x * _a7_))) / _a1_) + _a6_) * (x * _a6_)) * _a1_);{'d0': {'_a1_': 0.6902139864522012, '_a6_': 1.4477006299221324, '_a7_': 1.527252244967776, '_a0_': 1.0, '_a2_': 1.0, '_a3_': 1.0, '_a4_': 1.0, '_a5_': 1.0}};{'d0': 0.024905832919416646};-280.569866449044;44.40057879357829
23933;-95.8843544309434;((((pow2((pow2(_a1_) + (x * _a7_))) / _a1_) + _a6_) * (x * _a6_)) * _a1_);{'d0': {'_a1_': 0.6902139864522012, '_a6_': 1.4477006299221324, '_a7_': 1.527252244967776, '_a0_': 1.0, '_a2_': 1.0, '_a3_': 1.0, '_a4_': 1.0, '_a5_': 1.0}};{'d0': 0.024905832919416646};-280.569866449044;44.40057879357829
23934;-95.8843544309434;((((pow2((pow2(_a1_) + (x * _a7_))) / _a1_) + _a6_) * (x * _a6_)) * _a1_);{'d0': {'_a1_': 0.6902139864522012, '_a6_': 1.4477006299221324, '_a7_': 1.527252244967776, '_a0_': 1.0, '_a2_': 1.0, '_a3_': 1.0, '_a4_': 1.0, '_a5_': 1.0}};{'d0': 0.024905832919416646};-280.569866449044;44.40057879357829
23935;-95.8843544309434;((((pow2((pow2(_a1_) + (x * _a7_))) / _a1_) + _a6_) * (x * _a6_)) * _a1_);{'d0': {'_a1_': 0.6902139864522012, '_a6_': 1.4477006299221324, '_a7_': 1.527252244967776, '_a0_': 1.0, '_a2_': 1.0, '_a3_': 1.0, '_a4_': 1.0, '_a5_': 1.0}};{'d0': 0.024905832919416646};-280.569866449044;44.40057879357829
23936;-95.8843544309434;((((pow2((pow2(_a1_) + (x * _a7_))) / _a1_) + _a6_) * (x * _a6_)) * _a1_);{'d0': {'_a1_': 0.6902139864522012, '_a6_': 1.4477006299221324, '_a7_': 1.527252244967776, '_a0_': 1.0, '_a2_': 1.0, '_a3_': 1.0, '_a4_': 1.0, '_a5_': 1.0}};{'d0': 0.024905832919416646};-280.569866449044;44.40057879357829
23937;-95.8843544309434;((((pow2((pow2(_a1_) + (x * _a7_))) / _a1_) + _a6_) * (x * _a6_)) * _a1_);{'d0': {'_a1_': 0.6902139864522012, '_a6_': 1.4477006299221324, '_a7_': 1.527252244967776, '_a0_': 1.0, '_a2_': 1.0, '_a3_': 1.0, '_a4_': 1.0, '_a5_': 1.0}};{'d0': 0.024905832919416646};-280.569866449044;44.40057879357829
23938;-95.8843544309434;((((pow2((pow2(_a1_) + (x * _a7_))) / _a1_) + _a6_) * (x * _a6_)) * _a1_);{'d0': {'_a1_': 0.6902139864522012, '_a6_': 1.4477006299221324, '_a7_': 1.527252244967776, '_a0_': 1.0, '_a2_': 1.0, '_a3_': 1.0, '_a4_': 1.0, '_a5_': 1.0}};{'d0': 0.024905832919416646};-280.569866449044;44.40057879357829
23939;-95.8843544309434;((((pow2((pow2(_a1_) + (x * _a7_))) / _a1_) + _a6_) * (x * _a6_)) * _a1_);{'d0': {'_a1_': 0.6902139864522012, '_a6_': 1.4477006299221324, '_a7_': 1.527252244967776, '_a0_': 1.0, '_a2_': 1.0, '_a3_': 1.0, '_a4_': 1.0, '_a5_': 1.0}};{'d0': 0.024905832919416646};-280.569866449044;44.40057879357829
23940;-95.8843544309434;((((pow2((pow2(_a1_) + (x * _a7_))) / _a1_) + _a6_) * (x * _a6_)) * _a1_);{'d0': {'_a1_': 0.6902139864522012, '_a6_': 1.4477006299221324, '_a7_': 1.527252244967776, '_a0_': 1.0, '_a2_': 1.0, '_a3_': 1.0, '_a4_': 1.0, '_a5_': 1.0}};{'d0': 0.024905832919416646};-280.569866449044;44.40057879357829
23941;-95.8843544309434;((((pow2((pow2(_a1_) + (x * _a7_))) / _a1_) + _a6_) * (x * _a6_)) * _a1_);{'d0': {'_a1_': 0.6902139864522012, '_a6_': 1.4477006299221324, '_a7_': 1.527252244967776, '_a0_': 1.0, '_a2_': 1.0, '_a3_': 1.0, '_a4_': 1.0, '_a5_': 1.0}};{'d0': 0.024905832919416646};-280.569866449044;44.40057879357829
23942;-95.8843544309434;((((pow2((pow2(_a1_) + (x * _a7_))) / _a1_) + _a6_) * (x * _a6_)) * _a1_);{'d0': {'_a1_': 0.6902139864522012, '_a6_': 1.4477006299221324, '_a7_': 1.527252244967776, '_a0_': 1.0, '_a2_': 1.0, '_a3_': 1.0, '_a4_': 1.0, '_a5_': 1.0}};{'d0': 0.024905832919416646};-280.569866449044;44.40057879357829
23943;-95.8843544309434;((((pow2((pow2(_a1_) + (x * _a7_))) / _a1_) + _a6_) * (x * _a6_)) * _a1_);{'d0': {'_a1_': 0.6902139864522012, '_a6_': 1.4477006299221324, '_a7_': 1.527252244967776, '_a0_': 1.0, '_a2_': 1.0, '_a3_': 1.0, '_a4_': 1.0, '_a5_': 1.0}};{'d0': 0.024905832919416646};-280.569866449044;44.40057879357829
23944;-95.8843544309434;((((pow2((pow2(_a1_) + (x * _a7_))) / _a1_) + _a6_) * (x * _a6_)) * _a1_);{'d0': {'_a1_': 0.6902139864522012, '_a6_': 1.4477006299221324, '_a7_': 1.527252244967776, '_a0_': 1.0, '_a2_': 1.0, '_a3_': 1.0, '_a4_': 1.0, '_a5_': 1.0}};{'d0': 0.024905832919416646};-280.569866449044;44.40057879357829
23945;-95.8843544309434;((((pow2((pow2(_a1_) + (x * _a7_))) / _a1_) + _a6_) * (x * _a6_)) * _a1_);{'d0': {'_a1_': 0.6902139864522012, '_a6_': 1.4477006299221324, '_a7_': 1.527252244967776, '_a0_': 1.0, '_a2_': 1.0, '_a3_': 1.0, '_a4_': 1.0, '_a5_': 1.0}};{'d0': 0.024905832919416646};-280.569866449044;44.40057879357829
23946;-95.8843544309434;((((pow2((pow2(_a1_) + (x * _a7_))) / _a1_) + _a6_) * (x * _a6_)) * _a1_);{'d0': {'_a1_': 0.6902139864522012, '_a6_': 1.4477006299221324, '_a7_': 1.527252244967776, '_a0_': 1.0, '_a2_': 1.0, '_a3_': 1.0, '_a4_': 1.0, '_a5_': 1.0}};{'d0': 0.024905832919416646};-280.569866449044;44.40057879357829
23947;-95.8843544309434;((((pow2((pow2(_a1_) + (x * _a7_))) / _a1_) + _a6_) * (x * _a6_)) * _a1_);{'d0': {'_a1_': 0.6902139864522012, '_a6_': 1.4477006299221324, '_a7_': 1.527252244967776, '_a0_': 1.0, '_a2_': 1.0, '_a3_': 1.0, '_a4_': 1.0, '_a5_': 1.0}};{'d0': 0.024905832919416646};-280.569866449044;44.40057879357829
23948;-95.8843544309434;((((pow2((pow2(_a1_) + (x * _a7_))) / _a1_) + _a6_) * (x * _a6_)) * _a1_);{'d0': {'_a1_': 0.6902139864522012, '_a6_': 1.4477006299221324, '_a7_': 1.527252244967776, '_a0_': 1.0, '_a2_': 1.0, '_a3_': 1.0, '_a4_': 1.0, '_a5_': 1.0}};{'d0': 0.024905832919416646};-280.569866449044;44.40057879357829
23949;-86.2797865100532;((_a2_ + ((((_a3_ + (_a5_ * x)) * _a4_) * x) / (_a1_ / _a2_))) * (x * _a6_));{'d0': {'_a1_': 10.304737868712031, '_a2_': 0.028489696761519596, '_a3_': 2.2386554454470837, '_a4_': 5.462673725307825, '_a5_': 3.5883973049757447, '_a6_': 62.307967450842966, '_a0_': 1.0, '_a7_': 1.0}};{'d0': 0.024905832921783264};-268.286832756676;47.86362986828457
23950;-86.2797865100532;((_a2_ + ((((_a3_ + (_a5_ * x)) * _a4_) * x) / (_a1_ / _a2_))) * (x * _a6_));{'d0': {'_a1_': 10.304737868712031, '_a2_': 0.028489696761519596, '_a3_': 2.2386554454470837, '_a4_': 5.462673725307825, '_a5_': 3.5883973049757447, '_a6_': 62.307967450842966, '_a0_': 1.0, '_a7_': 1.0}};{'d0': 0.024905832921783264};-268.286832756676;47.86362986828457
23951;-86.2797865100532;((_a2_ + ((((_a3_ + (_a5_ * x)) * _a4_) * x) / (_a1_ / _a2_))) * (x * _a6_));{'d0': {'_a1_': 10.304737868712031, '_a2_': 0.028489696761519596, '_a3_': 2.2386554454470837, '_a4_': 5.462673725307825, '_a5_': 3.5883973049757447, '_a6_': 62.307967450842966, '_a0_': 1.0, '_a7_': 1.0}};{'d0': 0.024905832921783264};-268.286832756676;47.86362986828457
23952;-86.2797865100532;((_a2_ + ((((_a3_ + (_a5_ * x)) * _a4_) * x) / (_a1_ / _a2_))) * (x * _a6_));{'d0': {'_a1_': 10.304737868712031, '_a2_': 0.028489696761519596, '_a3_': 2.2386554454470837, '_a4_': 5.462673725307825, '_a5_': 3.5883973049757447, '_a6_': 62.307967450842966, '_a0_': 1.0, '_a7_': 1.0}};{'d0': 0.024905832921783264};-268.286832756676;47.86362986828457
23953;-86.2797865100532;((_a2_ + ((((_a3_ + (_a5_ * x)) * _a4_) * x) / (_a1_ / _a2_))) * (x * _a6_));{'d0': {'_a1_': 10.304737868712031, '_a2_': 0.028489696761519596, '_a3_': 2.2386554454470837, '_a4_': 5.462673725307825, '_a5_': 3.5883973049757447, '_a6_': 62.307967450842966, '_a0_': 1.0, '_a7_': 1.0}};{'d0': 0.024905832921783264};-268.286832756676;47.86362986828457
23954;-86.2797865100532;((_a2_ + ((((_a3_ + (_a5_ * x)) * _a4_) * x) / (_a1_ / _a2_))) * (x * _a6_));{'d0': {'_a1_': 10.304737868712031, '_a2_': 0.028489696761519596, '_a3_': 2.2386554454470837, '_a4_': 5.462673725307825, '_a5_': 3.5883973049757447, '_a6_': 62.307967450842966, '_a0_': 1.0, '_a7_': 1.0}};{'d0': 0.024905832921783264};-268.286832756676;47.86362986828457
23955;-85.4273298737827;((_a2_ + ((((_a3_ + (_a5_ * x)) / _a4_) * x) / (_a1_ / _a2_))) * (x * _a6_));{'d0': {'_a1_': -3.3608363534334895, '_a2_': 0.030438744735547224, '_a3_': 8.209120093147725, '_a4_': -2.0582283553187724, '_a5_': 13.158605750817033, '_a6_': 58.318285453015555, '_a0_': 1.0, '_a7_': 1.0}};{'d0': 0.024905832920253657};-268.286832760361;48.716086506397566
23956;-85.4273298737827;((_a2_ + ((((_a3_ + (_a5_ * x)) / _a4_) * x) / (_a1_ / _a2_))) * (x * _a6_));{'d0': {'_a1_': -3.3608363534334895, '_a2_': 0.030438744735547224, '_a3_': 8.209120093147725, '_a4_': -2.0582283553187724, '_a5_': 13.158605750817033, '_a6_': 58.318285453015555, '_a0_': 1.0, '_a7_': 1.0}};{'d0': 0.024905832920253657};-268.286832760361;48.716086506397566
23957;-85.4273298730223;((_a1_ + ((((_a3_ + (_a5_ * x)) / _a4_) * x) / (_a1_ / _a2_))) * (x * _a6_));{'d0': {'_a1_': -5.459234705705992, '_a2_': 13.135031933696323, '_a3_': -1261.6901856735126, '_a4_': -468.5596193984206, '_a5_': -2022.3950364273821, '_a6_': -0.3251619283057255, '_a0_': 1.0, '_a7_': 1.0}};{'d0': 0.024905832920884927};-268.286832758840;48.716086506397566
23958;-85.4273298730223;((_a1_ + ((((_a3_ + (_a5_ * x)) / _a4_) * x) / (_a1_ / _a2_))) * (x * _a6_));{'d0': {'_a1_': -5.459234705705992, '_a2_': 13.135031933696323, '_a3_': -1261.6901856735126, '_a4_': -468.5596193984206, '_a5_': -2022.3950364273821, '_a6_': -0.3251619283057255, '_a0_': 1.0, '_a7_': 1.0}};{'d0': 0.024905832920884927};-268.286832758840;48.716086506397566
23959;-85.4273298730223;((_a1_ + ((((_a3_ + (_a5_ * x)) / _a4_) * x) / (_a1_ / _a2_))) * (x * _a6_));{'d0': {'_a1_': -5.459234705705992, '_a2_': 13.135031933696323, '_a3_': -1261.6901856735126, '_a4_': -468.5596193984206, '_a5_': -2022.3950364273821, '_a6_': -0.3251619283057255, '_a0_': 1.0, '_a7_': 1.0}};{'d0': 0.024905832920884927};-268.286832758840;48.716086506397566
23960;-87.4745021518641;((_a1_ + ((((_a3_ + (_a5_ * x)) / _a4_) * x) / (_a1_ / _a2_))) * (x * _a2_));{'d0': {'_a1_': 0.6917485198958753, '_a2_': 2.56615690610865, '_a3_': -1150.1526167519971, '_a4_': -5197.407807374314, '_a5_': -1843.6086527946889, '_a0_': 1.0, '_a6_': 1.0, '_a7_': 1.0}};{'d0': 0.024905832922768812};-272.381177316524;48.716086506397566
23961;-88.3269584092059;((_a1_ + ((((_a3_ + (_a5_ * x)) / _a4_) * x) / (_a1_ * _a2_))) * (x * _a2_));{'d0': {'_a1_': 0.6758007230463353, '_a2_': 2.6267085573275373, '_a3_': -1028.5123515793564, '_a4_': -722.4374296755394, '_a5_': -1648.6284023863668, '_a0_': 1.0, '_a6_': 1.0, '_a7_': 1.0}};{'d0': 0.024905833238882978};-272.381176554981;47.86362986828457
23962;-88.3269584092059;((_a1_ + ((((_a3_ + (_a5_ * x)) / _a4_) * x) / (_a1_ * _a2_))) * (x * _a2_));{'d0': {'_a1_': 0.6758007230463353, '_a2_': 2.6267085573275373, '_a3_': -1028.5123515793564, '_a4_': -722.4374296755394, '_a5_': -1648.6284023863668, '_a0_': 1.0, '_a6_': 1.0, '_a7_': 1.0}};{'d0': 0.024905833238882978};-272.381176554981;47.86362986828457
23963;-88.3269584092059;((_a1_ + ((((_a3_ + (_a5_ * x)) / _a4_) * x) / (_a1_ * _a2_))) * (x * _a2_));{'d0': {'_a1_': 0.6758007230463353, '_a2_': 2.6267085573275373, '_a3_': -1028.5123515793564, '_a4_': -722.4374296755394, '_a5_': -1648.6284023863668, '_a0_': 1.0, '_a6_': 1.0, '_a7_': 1.0}};{'d0': 0.024905833238882978};-272.381176554981;47.86362986828457
23964;-88.3269584092059;((_a1_ + ((((_a3_ + (_a5_ * x)) / _a4_) * x) / (_a1_ * _a2_))) * (x * _a2_));{'d0': {'_a1_': 0.6758007230463353, '_a2_': 2.6267085573275373, '_a3_': -1028.5123515793564, '_a4_': -722.4374296755394, '_a5_': -1648.6284023863668, '_a0_': 1.0, '_a6_': 1.0, '_a7_': 1.0}};{'d0': 0.024905833238882978};-272.381176554981;47.86362986828457
23965;-88.3269584092059;((_a1_ + ((((_a3_ + (_a5_ * x)) / _a4_) * x) / (_a1_ * _a2_))) * (x * _a2_));{'d0': {'_a1_': 0.6758007230463353, '_a2_': 2.6267085573275373, '_a3_': -1028.5123515793564, '_a4_': -722.4374296755394, '_a5_': -1648.6284023863668, '_a0_': 1.0, '_a6_': 1.0, '_a7_': 1.0}};{'d0': 0.024905833238882978};-272.381176554981;47.86362986828457
23966;-88.3269584092059;((_a1_ + ((((_a3_ + (_a5_ * x)) / _a4_) * x) / (_a1_ * _a2_))) * (x * _a2_));{'d0': {'_a1_': 0.6758007230463353, '_a2_': 2.6267085573275373, '_a3_': -1028.5123515793564, '_a4_': -722.4374296755394, '_a5_': -1648.6284023863668, '_a0_': 1.0, '_a6_': 1.0, '_a7_': 1.0}};{'d0': 0.024905833238882978};-272.381176554981;47.86362986828457
23967;-88.3269587935392;((_a1_ + ((((_a3_ + (_a5_ * x)) / _a4_) * x) / (_a1_ * _a1_))) * (x * _a2_));{'d0': {'_a1_': 1.2756154889017606, '_a2_': 1.39159124663535, '_a3_': -1199.170116935635, '_a4_': -486.81703530564664, '_a5_': -1922.1800406564098, '_a0_': 1.0, '_a6_': 1.0, '_a7_': 1.0}};{'d0': 0.024905832919811598};-272.381177323648;47.86362986828457
23968;-88.3269587935392;((_a1_ + ((((_a3_ + (_a5_ * x)) / _a4_) * x) / (_a1_ * _a1_))) * (x * _a2_));{'d0': {'_a1_': 1.2756154889017606, '_a2_': 1.39159124663535, '_a3_': -1199.170116935635, '_a4_': -486.81703530564664, '_a5_': -1922.1800406564098, '_a0_': 1.0, '_a6_': 1.0, '_a7_': 1.0}};{'d0': 0.024905832919811598};-272.381177323648;47.86362986828457
23969;-88.3269587935392;((_a1_ + ((((_a3_ + (_a5_ * x)) / _a4_) * x) / (_a1_ * _a1_))) * (x * _a2_));{'d0': {'_a1_': 1.2756154889017606, '_a2_': 1.39159124663535, '_a3_': -1199.170116935635, '_a4_': -486.81703530564664, '_a5_': -1922.1800406564098, '_a0_': 1.0, '_a6_': 1.0, '_a7_': 1.0}};{'d0': 0.024905832919811598};-272.381177323648;47.86362986828457
23970;-88.3269587935392;((_a1_ + ((((_a3_ + (_a5_ * x)) / _a4_) * x) / (_a1_ * _a1_))) * (x * _a2_));{'d0': {'_a1_': 1.2756154889017606, '_a2_': 1.39159124663535, '_a3_': -1199.170116935635, '_a4_': -486.81703530564664, '_a5_': -1922.1800406564098, '_a0_': 1.0, '_a6_': 1.0, '_a7_': 1.0}};{'d0': 0.024905832919811598};-272.381177323648;47.86362986828457
23971;-101.702633509695;((x * ((x * ((_a0_ * x) + _a1_)) + pow2(_a4_))) * -(_a4_));{'d0': {'_a0_': 2.7888370912743086, '_a1_': 1.7398422775407516, '_a4_': -1.2108132419237942, '_a2_': 1.0, '_a3_': 1.0, '_a5_': 1.0, '_a6_': 1.0, '_a7_': 1.0}};{'d0': 0.024905832919416556};-280.569866449044;38.5822997148264
23972;-101.702633509695;((x * ((x * ((_a0_ * x) + _a1_)) + pow2(_a4_))) * -(_a4_));{'d0': {'_a0_': 2.7888370912743086, '_a1_': 1.7398422775407516, '_a4_': -1.2108132419237942, '_a2_': 1.0, '_a3_': 1.0, '_a5_': 1.0, '_a6_': 1.0, '_a7_': 1.0}};{'d0': 0.024905832919416556};-280.569866449044;38.5822997148264
23973;-101.702633509695;((x * ((x * ((_a0_ * x) + _a1_)) + pow2(_a4_))) * -(_a4_));{'d0': {'_a0_': 2.7888370912743086, '_a1_': 1.7398422775407516, '_a4_': -1.2108132419237942, '_a2_': 1.0, '_a3_': 1.0, '_a5_': 1.0, '_a6_': 1.0, '_a7_': 1.0}};{'d0': 0.024905832919416556};-280.569866449044;38.5822997148264
23974;-101.702633509695;((x * ((x * ((_a0_ * x) + _a1_)) + pow2(_a4_))) * -(_a4_));{'d0': {'_a0_': 2.7888370912743086, '_a1_': 1.7398422775407516, '_a4_': -1.2108132419237942, '_a2_': 1.0, '_a3_': 1.0, '_a5_': 1.0, '_a6_': 1.0, '_a7_': 1.0}};{'d0': 0.024905832919416556};-280.569866449044;38.5822997148264
23975;-100.360883458177;((x * ((x * ((_a0_ * x) + _a1_)) + pow2(_a4_))) * (_a4_ * _a4_));{'d0': {'_a0_': 2.534454885351826, '_a1_': 1.5811435436462655, '_a4_': -1.1542712309951613, '_a2_': 1.0, '_a3_': 1.0, '_a5_': 1.0, '_a6_': 1.0, '_a7_': 1.0}};{'d0': 0.02490583291941666};-280.569866449044;39.92404976634501
23976;-100.360883458177;((x * ((x * ((_a0_ * x) + _a1_)) + pow2(_a4_))) * (_a4_ * _a4_));{'d0': {'_a0_': 2.534454885351826, '_a1_': 1.5811435436462655, '_a4_': -1.1542712309951613, '_a2_': 1.0, '_a3_': 1.0, '_a5_': 1.0, '_a6_': 1.0, '_a7_': 1.0}};{'d0': 0.02490583291941666};-280.569866449044;39.92404976634501
23977;-100.360883458177;((x * ((x * ((_a3_ * x) + _a1_)) + pow2(_a4_))) * (_a4_ * _a4_));{'d0': {'_a1_': 1.5811435437428658, '_a3_': 2.534454885255294, '_a4_': -1.1542712310167675, '_a0_': 1.0, '_a2_': 1.0, '_a5_': 1.0, '_a6_': 1.0, '_a7_': 1.0}};{'d0': 0.024905832919416636};-280.569866449044;39.92404976634501
23978;-100.360883458177;((x * ((x * ((_a3_ * x) + _a1_)) + pow2(_a4_))) * (_a4_ * _a4_));{'d0': {'_a1_': 1.5811435437428658, '_a3_': 2.534454885255294, '_a4_': -1.1542712310167675, '_a0_': 1.0, '_a2_': 1.0, '_a5_': 1.0, '_a6_': 1.0, '_a7_': 1.0}};{'d0': 0.024905832919416636};-280.569866449044;39.92404976634501
23979;-100.360883458177;((x * ((x * ((_a3_ * x) + _a1_)) + pow2(_a4_))) * (_a4_ * _a4_));{'d0': {'_a1_': 1.5811435437428658, '_a3_': 2.534454885255294, '_a4_': -1.1542712310167675, '_a0_': 1.0, '_a2_': 1.0, '_a5_': 1.0, '_a6_': 1.0, '_a7_': 1.0}};{'d0': 0.024905832919416636};-280.569866449044;39.92404976634501
23980;-101.702633509695;((x * ((x * ((_a3_ * x) + _a1_)) + pow2(_a4_))) * -(_a4_));{'d0': {'_a1_': 1.739842278064841, '_a3_': 2.7888370917524945, '_a4_': -1.2108132419340878, '_a0_': 1.0, '_a2_': 1.0, '_a5_': 1.0, '_a6_': 1.0, '_a7_': 1.0}};{'d0': 0.024905832919416584};-280.569866449044;38.5822997148264
23981;-101.702633509695;((x * ((x * ((_a3_ * x) + _a1_)) + pow2(_a4_))) * -(_a4_));{'d0': {'_a1_': 1.739842278064841, '_a3_': 2.7888370917524945, '_a4_': -1.2108132419340878, '_a0_': 1.0, '_a2_': 1.0, '_a5_': 1.0, '_a6_': 1.0, '_a7_': 1.0}};{'d0': 0.024905832919416584};-280.569866449044;38.5822997148264
23982;-101.702633509695;((x * ((x * ((_a3_ * x) + _a1_)) + pow2(_a4_))) * -(_a4_));{'d0': {'_a1_': 1.739842278064841, '_a3_': 2.7888370917524945, '_a4_': -1.2108132419340878, '_a0_': 1.0, '_a2_': 1.0, '_a5_': 1.0, '_a6_': 1.0, '_a7_': 1.0}};{'d0': 0.024905832919416584};-280.569866449044;38.5822997148264
23983;-101.702633509695;((x * ((x * ((_a3_ * x) + _a1_)) + pow2(_a4_))) * -(_a4_));{'d0': {'_a1_': 1.739842278064841, '_a3_': 2.7888370917524945, '_a4_': -1.2108132419340878, '_a0_': 1.0, '_a2_': 1.0, '_a5_': 1.0, '_a6_': 1.0, '_a7_': 1.0}};{'d0': 0.024905832919416584};-280.569866449044;38.5822997148264
23984;-101.702633509695;((x * ((x * ((_a3_ * x) + _a1_)) + pow2(_a4_))) * -(_a4_));{'d0': {'_a1_': 1.739842278064841, '_a3_': 2.7888370917524945, '_a4_': -1.2108132419340878, '_a0_': 1.0, '_a2_': 1.0, '_a5_': 1.0, '_a6_': 1.0, '_a7_': 1.0}};{'d0': 0.024905832919416584};-280.569866449044;38.5822997148264
23985;-101.702633509695;((x * ((x * ((_a3_ * x) + _a1_)) + pow2(_a4_))) * -(_a4_));{'d0': {'_a1_': 1.739842278064841, '_a3_': 2.7888370917524945, '_a4_': -1.2108132419340878, '_a0_': 1.0, '_a2_': 1.0, '_a5_': 1.0, '_a6_': 1.0, '_a7_': 1.0}};{'d0': 0.024905832919416584};-280.569866449044;38.5822997148264
23986;-101.702633509695;((x * ((x * ((_a3_ * x) + _a1_)) + pow2(_a4_))) * -(_a4_));{'d0': {'_a1_': 1.739842278064841, '_a3_': 2.7888370917524945, '_a4_': -1.2108132419340878, '_a0_': 1.0, '_a2_': 1.0, '_a5_': 1.0, '_a6_': 1.0, '_a7_': 1.0}};{'d0': 0.024905832919416584};-280.569866449044;38.5822997148264
23987;-101.702633509695;((x * ((x * ((_a3_ * x) + _a1_)) + pow2(_a4_))) * -(_a4_));{'d0': {'_a1_': 1.739842278064841, '_a3_': 2.7888370917524945, '_a4_': -1.2108132419340878, '_a0_': 1.0, '_a2_': 1.0, '_a5_': 1.0, '_a6_': 1.0, '_a7_': 1.0}};{'d0': 0.024905832919416584};-280.569866449044;38.5822997148264
23988;-101.702633509695;((x * ((x * ((_a3_ * x) + _a1_)) + pow2(_a4_))) * -(_a4_));{'d0': {'_a1_': 1.739842278064841, '_a3_': 2.7888370917524945, '_a4_': -1.2108132419340878, '_a0_': 1.0, '_a2_': 1.0, '_a5_': 1.0, '_a6_': 1.0, '_a7_': 1.0}};{'d0': 0.024905832919416584};-280.569866449044;38.5822997148264
23989;-101.702633509695;((x * ((x * ((_a3_ * x) + _a1_)) + pow2(_a4_))) * -(_a4_));{'d0': {'_a1_': 1.739842278064841, '_a3_': 2.7888370917524945, '_a4_': -1.2108132419340878, '_a0_': 1.0, '_a2_': 1.0, '_a5_': 1.0, '_a6_': 1.0, '_a7_': 1.0}};{'d0': 0.024905832919416584};-280.569866449044;38.5822997148264
23990;-101.702633509695;((x * ((x * ((_a3_ * x) + _a1_)) + pow2(_a4_))) * -(_a4_));{'d0': {'_a1_': 1.739842278064841, '_a3_': 2.7888370917524945, '_a4_': -1.2108132419340878, '_a0_': 1.0, '_a2_': 1.0, '_a5_': 1.0, '_a6_': 1.0, '_a7_': 1.0}};{'d0': 0.024905832919416584};-280.569866449044;38.5822997148264
23991;-101.702633509695;((x * ((x * ((_a3_ * x) + _a1_)) + pow2(_a4_))) * -(_a4_));{'d0': {'_a1_': 1.739842278064841, '_a3_': 2.7888370917524945, '_a4_': -1.2108132419340878, '_a0_': 1.0, '_a2_': 1.0, '_a5_': 1.0, '_a6_': 1.0, '_a7_': 1.0}};{'d0': 0.024905832919416584};-280.569866449044;38.5822997148264
23992;-101.702633509695;((x * ((x * ((_a3_ * x) + _a1_)) + pow2(_a4_))) * -(_a4_));{'d0': {'_a1_': 1.739842278064841, '_a3_': 2.7888370917524945, '_a4_': -1.2108132419340878, '_a0_': 1.0, '_a2_': 1.0, '_a5_': 1.0, '_a6_': 1.0, '_a7_': 1.0}};{'d0': 0.024905832919416584};-280.569866449044;38.5822997148264
23993;-101.702633509695;((x * ((x * ((_a3_ * x) + _a1_)) + pow2(_a4_))) * -(_a4_));{'d0': {'_a1_': 1.739842278064841, '_a3_': 2.7888370917524945, '_a4_': -1.2108132419340878, '_a0_': 1.0, '_a2_': 1.0, '_a5_': 1.0, '_a6_': 1.0, '_a7_': 1.0}};{'d0': 0.024905832919416584};-280.569866449044;38.5822997148264
23994;-101.702633509695;((x * ((x * ((_a3_ * x) + _a1_)) + pow2(_a4_))) * -(_a4_));{'d0': {'_a1_': 1.739842278064841, '_a3_': 2.7888370917524945, '_a4_': -1.2108132419340878, '_a0_': 1.0, '_a2_': 1.0, '_a5_': 1.0, '_a6_': 1.0, '_a7_': 1.0}};{'d0': 0.024905832919416584};-280.569866449044;38.5822997148264
23995;-101.702633509695;((x * ((x * ((_a3_ * x) + _a1_)) + pow2(_a4_))) * -(_a4_));{'d0': {'_a1_': 1.739842278064841, '_a3_': 2.7888370917524945, '_a4_': -1.2108132419340878, '_a0_': 1.0, '_a2_': 1.0, '_a5_': 1.0, '_a6_': 1.0, '_a7_': 1.0}};{'d0': 0.024905832919416584};-280.569866449044;38.5822997148264
23996;-101.702633509695;((x * ((x * ((_a3_ * x) + _a1_)) + pow2(_a4_))) * -(_a4_));{'d0': {'_a1_': 1.739842278064841, '_a3_': 2.7888370917524945, '_a4_': -1.2108132419340878, '_a0_': 1.0, '_a2_': 1.0, '_a5_': 1.0, '_a6_': 1.0, '_a7_': 1.0}};{'d0': 0.024905832919416584};-280.569866449044;38.5822997148264
23997;-101.702633509695;((x * ((x * ((_a3_ * x) + _a1_)) + pow2(_a4_))) * -(_a4_));{'d0': {'_a1_': 1.739842278064841, '_a3_': 2.7888370917524945, '_a4_': -1.2108132419340878, '_a0_': 1.0, '_a2_': 1.0, '_a5_': 1.0, '_a6_': 1.0, '_a7_': 1.0}};{'d0': 0.024905832919416584};-280.569866449044;38.5822997148264
23998;-101.702633509695;((x * ((x * ((_a3_ * x) + _a1_)) + pow2(_a4_))) * -(_a4_));{'d0': {'_a1_': 1.739842278064841, '_a3_': 2.7888370917524945, '_a4_': -1.2108132419340878, '_a0_': 1.0, '_a2_': 1.0, '_a5_': 1.0, '_a6_': 1.0, '_a7_': 1.0}};{'d0': 0.024905832919416584};-280.569866449044;38.5822997148264
23999;-101.702633509695;((x * ((x * ((_a3_ * x) + _a1_)) + pow2(_a4_))) * -(_a4_));{'d0': {'_a1_': 1.739842278064841, '_a3_': 2.7888370917524945, '_a4_': -1.2108132419340878, '_a0_': 1.0, '_a2_': 1.0, '_a5_': 1.0, '_a6_': 1.0, '_a7_': 1.0}};{'d0': 0.024905832919416584};-280.569866449044;38.5822997148264
24000;-92.6498123524200;((_a3_ * ((pow3((((_a6_ * x) + _a4_) / _a3_)) + x) + _a3_)) + _a2_);{'d0': {'_a2_': -1.8133792928019885, '_a3_': 1.3348540731660998, '_a4_': 0.3788634203790663, '_a6_': 1.8198513111493348, '_a0_': 1.0, '_a1_': 1.0, '_a5_': 1.0, '_a7_': 1.0}};{'d0': 0.024885482501866764};-276.524567593313;45.612471444236455
24001;-92.6498123524200;((_a3_ * ((pow3((((_a6_ * x) + _a4_) / _a3_)) + x) + _a3_)) + _a2_);{'d0': {'_a2_': -1.8133792928019885, '_a3_': 1.3348540731660998, '_a4_': 0.3788634203790663, '_a6_': 1.8198513111493348, '_a0_': 1.0, '_a1_': 1.0, '_a5_': 1.0, '_a7_': 1.0}};{'d0': 0.024885482501866764};-276.524567593313;45.612471444236455
24002;-101.702633509695;((x * ((x * ((_a3_ * x) + _a1_)) + pow2(_a4_))) * -(_a4_));{'d0': {'_a1_': 1.739842278064841, '_a3_': 2.7888370917524945, '_a4_': -1.2108132419340878, '_a0_': 1.0, '_a2_': 1.0, '_a5_': 1.0, '_a6_': 1.0, '_a7_': 1.0}};{'d0': 0.024905832919416584};-280.569866449044;38.5822997148264
24003;-99.5822889035534;((x * ((x * ((_a3_ * x) + _a1_)) + pow2(_a4_))) * (_a3_ / _a1_));{'d0': {'_a1_': 1.3142372604529071, '_a3_': 2.1066240684610915, '_a4_': -1.0523473458511412, '_a0_': 1.0, '_a2_': 1.0, '_a5_': 1.0, '_a6_': 1.0, '_a7_': 1.0}};{'d0': 0.024905832919416608};-280.569866449044;40.70264432096841
24004;-99.5822889035534;((x * ((x * ((_a3_ * x) + _a1_)) + pow2(_a4_))) * (_a3_ / _a1_));{'d0': {'_a1_': 1.3142372604529071, '_a3_': 2.1066240684610915, '_a4_': -1.0523473458511412, '_a0_': 1.0, '_a2_': 1.0, '_a5_': 1.0, '_a6_': 1.0, '_a7_': 1.0}};{'d0': 0.024905832919416608};-280.569866449044;40.70264432096841
24005;-99.5822889035534;((x * ((x * ((_a3_ * x) + _a1_)) + pow2(_a4_))) * (_a3_ / _a1_));{'d0': {'_a1_': 1.3142372604529071, '_a3_': 2.1066240684610915, '_a4_': -1.0523473458511412, '_a0_': 1.0, '_a2_': 1.0, '_a5_': 1.0, '_a6_': 1.0, '_a7_': 1.0}};{'d0': 0.024905832919416608};-280.569866449044;40.70264432096841
24006;-99.5822889035534;((x * ((x * ((_a3_ * x) + _a1_)) + pow2(_a4_))) * (_a3_ / _a1_));{'d0': {'_a1_': 1.3142372604529071, '_a3_': 2.1066240684610915, '_a4_': -1.0523473458511412, '_a0_': 1.0, '_a2_': 1.0, '_a5_': 1.0, '_a6_': 1.0, '_a7_': 1.0}};{'d0': 0.024905832919416608};-280.569866449044;40.70264432096841
24007;-99.5822889035534;((x * ((x * ((_a3_ * x) + _a1_)) + pow2(_a4_))) * (_a3_ / _a1_));{'d0': {'_a1_': 1.3142372604529071, '_a3_': 2.1066240684610915, '_a4_': -1.0523473458511412, '_a0_': 1.0, '_a2_': 1.0, '_a5_': 1.0, '_a6_': 1.0, '_a7_': 1.0}};{'d0': 0.024905832919416608};-280.569866449044;40.70264432096841
24008;-99.5822889035534;((x * ((x * ((_a3_ * x) + _a1_)) + pow2(_a4_))) * (_a3_ / _a1_));{'d0': {'_a1_': 1.3142372604529071, '_a3_': 2.1066240684610915, '_a4_': -1.0523473458511412, '_a0_': 1.0, '_a2_': 1.0, '_a5_': 1.0, '_a6_': 1.0, '_a7_': 1.0}};{'d0': 0.024905832919416608};-280.569866449044;40.70264432096841
24009;-99.5822889035534;((x * ((x * ((_a3_ * x) + _a1_)) + pow2(_a4_))) * (_a3_ / _a1_));{'d0': {'_a1_': 1.3142372604529071, '_a3_': 2.1066240684610915, '_a4_': -1.0523473458511412, '_a0_': 1.0, '_a2_': 1.0, '_a5_': 1.0, '_a6_': 1.0, '_a7_': 1.0}};{'d0': 0.024905832919416608};-280.569866449044;40.70264432096841
24010;-99.5822889035534;((x * ((x * ((_a3_ * x) + _a1_)) + pow2(_a4_))) * (_a3_ / _a1_));{'d0': {'_a1_': 1.3142372604529071, '_a3_': 2.1066240684610915, '_a4_': -1.0523473458511412, '_a0_': 1.0, '_a2_': 1.0, '_a5_': 1.0, '_a6_': 1.0, '_a7_': 1.0}};{'d0': 0.024905832919416608};-280.569866449044;40.70264432096841
24011;-99.5822889035534;((x * ((x * ((_a3_ * x) + _a1_)) + pow2(_a4_))) * (_a3_ / _a1_));{'d0': {'_a1_': 1.3142372604529071, '_a3_': 2.1066240684610915, '_a4_': -1.0523473458511412, '_a0_': 1.0, '_a2_': 1.0, '_a5_': 1.0, '_a6_': 1.0, '_a7_': 1.0}};{'d0': 0.024905832919416608};-280.569866449044;40.70264432096841
24012;-99.5822889035534;((x * ((x * ((_a3_ * x) + _a1_)) + pow2(_a4_))) * (_a3_ / _a1_));{'d0': {'_a1_': 1.3142372604529071, '_a3_': 2.1066240684610915, '_a4_': -1.0523473458511412, '_a0_': 1.0, '_a2_': 1.0, '_a5_': 1.0, '_a6_': 1.0, '_a7_': 1.0}};{'d0': 0.024905832919416608};-280.569866449044;40.70264432096841
24013;-99.5822889035534;((x * ((x * ((_a3_ * x) + _a1_)) + pow2(_a4_))) * (_a3_ / _a1_));{'d0': {'_a1_': 1.3142372604529071, '_a3_': 2.1066240684610915, '_a4_': -1.0523473458511412, '_a0_': 1.0, '_a2_': 1.0, '_a5_': 1.0, '_a6_': 1.0, '_a7_': 1.0}};{'d0': 0.024905832919416608};-280.569866449044;40.70264432096841
24014;-100.360883458177;((x * ((x * ((_a3_ * x) + _a1_)) + pow2(_a4_))) * (_a3_ * _a1_));{'d0': {'_a1_': 1.0953626427006538, '_a3_': 1.7557844210391391, '_a4_': -0.960729629178526, '_a0_': 1.0, '_a2_': 1.0, '_a5_': 1.0, '_a6_': 1.0, '_a7_': 1.0}};{'d0': 0.02490583291941666};-280.569866449044;39.924049766345014
24015;-100.360883458177;((x * ((x * ((_a3_ * x) + _a1_)) + pow2(_a4_))) * (_a3_ * _a1_));{'d0': {'_a1_': 1.0953626427006538, '_a3_': 1.7557844210391391, '_a4_': -0.960729629178526, '_a0_': 1.0, '_a2_': 1.0, '_a5_': 1.0, '_a6_': 1.0, '_a7_': 1.0}};{'d0': 0.02490583291941666};-280.569866449044;39.924049766345014
24016;-100.360883458177;((x * ((x * ((_a3_ * x) + _a1_)) + pow2(_a4_))) * (_a3_ * _a1_));{'d0': {'_a1_': 1.0953626427006538, '_a3_': 1.7557844210391391, '_a4_': -0.960729629178526, '_a0_': 1.0, '_a2_': 1.0, '_a5_': 1.0, '_a6_': 1.0, '_a7_': 1.0}};{'d0': 0.02490583291941666};-280.569866449044;39.924049766345014
24017;-100.360883458177;((x * ((x * ((_a3_ * x) + _a1_)) + pow2(_a4_))) * (_a3_ * _a1_));{'d0': {'_a1_': 1.0953626427006538, '_a3_': 1.7557844210391391, '_a4_': -0.960729629178526, '_a0_': 1.0, '_a2_': 1.0, '_a5_': 1.0, '_a6_': 1.0, '_a7_': 1.0}};{'d0': 0.02490583291941666};-280.569866449044;39.924049766345014
24018;-100.360883458177;((x * ((x * ((_a3_ * x) + _a1_)) + pow2(_a4_))) * (_a3_ * _a1_));{'d0': {'_a1_': 1.0953626427006538, '_a3_': 1.7557844210391391, '_a4_': -0.960729629178526, '_a0_': 1.0, '_a2_': 1.0, '_a5_': 1.0, '_a6_': 1.0, '_a7_': 1.0}};{'d0': 0.02490583291941666};-280.569866449044;39.924049766345014
24019;-100.360883458177;((x * ((x * ((_a3_ * x) + _a1_)) + pow2(_a4_))) * (_a3_ * _a1_));{'d0': {'_a1_': 1.0953626427006538, '_a3_': 1.7557844210391391, '_a4_': -0.960729629178526, '_a0_': 1.0, '_a2_': 1.0, '_a5_': 1.0, '_a6_': 1.0, '_a7_': 1.0}};{'d0': 0.02490583291941666};-280.569866449044;39.924049766345014
24020;-100.360883458177;((x * ((x * ((_a3_ * x) + _a1_)) + pow2(_a4_))) * (_a3_ * _a1_));{'d0': {'_a1_': 1.0953626427006538, '_a3_': 1.7557844210391391, '_a4_': -0.960729629178526, '_a0_': 1.0, '_a2_': 1.0, '_a5_': 1.0, '_a6_': 1.0, '_a7_': 1.0}};{'d0': 0.02490583291941666};-280.569866449044;39.924049766345014
24021;-100.360883458177;((x * ((x * ((_a3_ * x) + _a1_)) + pow2(_a4_))) * (_a3_ * _a1_));{'d0': {'_a1_': 1.0953626427006538, '_a3_': 1.7557844210391391, '_a4_': -0.960729629178526, '_a0_': 1.0, '_a2_': 1.0, '_a5_': 1.0, '_a6_': 1.0, '_a7_': 1.0}};{'d0': 0.02490583291941666};-280.569866449044;39.924049766345014
24022;-100.360883458177;((x * ((x * ((_a3_ * x) + _a1_)) + pow2(_a4_))) * (_a3_ * _a1_));{'d0': {'_a1_': 1.0953626427006538, '_a3_': 1.7557844210391391, '_a4_': -0.960729629178526, '_a0_': 1.0, '_a2_': 1.0, '_a5_': 1.0, '_a6_': 1.0, '_a7_': 1.0}};{'d0': 0.02490583291941666};-280.569866449044;39.924049766345014
24023;-100.360883458177;((x * ((x * ((_a3_ * x) + _a1_)) + pow2(_a4_))) * (_a3_ * _a1_));{'d0': {'_a1_': 1.0953626427006538, '_a3_': 1.7557844210391391, '_a4_': -0.960729629178526, '_a0_': 1.0, '_a2_': 1.0, '_a5_': 1.0, '_a6_': 1.0, '_a7_': 1.0}};{'d0': 0.02490583291941666};-280.569866449044;39.924049766345014
24024;-105.382580669956;((x * ((x * (x + _a1_)) + pow2(_a4_))) * (_a3_ * _a1_));{'d0': {'_a1_': 0.623859415528628, '_a3_': 5.412695224602308, '_a4_': -0.7250460469272696, '_a0_': 1.0, '_a2_': 1.0, '_a5_': 1.0, '_a6_': 1.0, '_a7_': 1.0}};{'d0': 0.024905832919416723};-280.569866449043;34.902352554566015
24025;-105.382580669956;((x * ((x * (x + _a1_)) + pow2(_a4_))) * (_a0_ * _a1_));{'d0': {'_a0_': 5.412695223941779, '_a1_': 0.6238594155283981, '_a4_': -0.7250460469823293, '_a2_': 1.0, '_a3_': 1.0, '_a5_': 1.0, '_a6_': 1.0, '_a7_': 1.0}};{'d0': 0.02490583291941656};-280.569866449044;34.902352554566015
24026;-98.4501041188224;((_a0_ * ((pow3(((x + _a4_) * _a3_)) + x) + _a3_)) + _a2_);{'d0': {'_a0_': 1.334854072586694, '_a2_': -1.8513952069358122, '_a3_': 1.3633335269997402, '_a4_': 0.20818372244003963, '_a1_': 1.0, '_a5_': 1.0, '_a6_': 1.0, '_a7_': 1.0}};{'d0': 0.024885482501866795};-276.524567593313;39.81217967783405
24027;-98.4501041188224;((_a0_ * ((pow3(((x + _a4_) * _a3_)) + x) + _a3_)) + _a2_);{'d0': {'_a0_': 1.334854072586694, '_a2_': -1.8513952069358122, '_a3_': 1.3633335269997402, '_a4_': 0.20818372244003963, '_a1_': 1.0, '_a5_': 1.0, '_a6_': 1.0, '_a7_': 1.0}};{'d0': 0.024885482501866795};-276.524567593313;39.81217967783405
24028;-98.4501041188224;((_a0_ * ((pow3(((x + _a4_) * _a3_)) + x) + _a3_)) + _a2_);{'d0': {'_a0_': 1.334854072586694, '_a2_': -1.8513952069358122, '_a3_': 1.3633335269997402, '_a4_': 0.20818372244003963, '_a1_': 1.0, '_a5_': 1.0, '_a6_': 1.0, '_a7_': 1.0}};{'d0': 0.024885482501866795};-276.524567593313;39.81217967783405
24029;-98.4501041188224;((_a0_ * ((pow3(((x + _a4_) * _a3_)) + x) + _a3_)) + _a2_);{'d0': {'_a0_': 1.334854072586694, '_a2_': -1.8513952069358122, '_a3_': 1.3633335269997402, '_a4_': 0.20818372244003963, '_a1_': 1.0, '_a5_': 1.0, '_a6_': 1.0, '_a7_': 1.0}};{'d0': 0.024885482501866795};-276.524567593313;39.81217967783405
24030;-98.4501041188224;((_a0_ * ((pow3(((x + _a4_) * _a3_)) + x) + _a3_)) + _a2_);{'d0': {'_a0_': 1.334854072586694, '_a2_': -1.8513952069358122, '_a3_': 1.3633335269997402, '_a4_': 0.20818372244003963, '_a1_': 1.0, '_a5_': 1.0, '_a6_': 1.0, '_a7_': 1.0}};{'d0': 0.024885482501866795};-276.524567593313;39.81217967783405
24031;-98.4501041188224;((_a0_ * ((pow3(((x + _a4_) * _a3_)) + x) + _a3_)) + _a2_);{'d0': {'_a0_': 1.334854072586694, '_a2_': -1.8513952069358122, '_a3_': 1.3633335269997402, '_a4_': 0.20818372244003963, '_a1_': 1.0, '_a5_': 1.0, '_a6_': 1.0, '_a7_': 1.0}};{'d0': 0.024885482501866795};-276.524567593313;39.81217967783405
24032;-98.4501041188224;((_a0_ * ((pow3(((x + _a4_) * _a3_)) + x) + _a3_)) + _a2_);{'d0': {'_a0_': 1.334854072586694, '_a2_': -1.8513952069358122, '_a3_': 1.3633335269997402, '_a4_': 0.20818372244003963, '_a1_': 1.0, '_a5_': 1.0, '_a6_': 1.0, '_a7_': 1.0}};{'d0': 0.024885482501866795};-276.524567593313;39.81217967783405
24033;-98.4501041188224;((_a0_ * ((pow3(((x + _a4_) * _a3_)) + x) + _a3_)) + _a2_);{'d0': {'_a0_': 1.334854072586694, '_a2_': -1.8513952069358122, '_a3_': 1.3633335269997402, '_a4_': 0.20818372244003963, '_a1_': 1.0, '_a5_': 1.0, '_a6_': 1.0, '_a7_': 1.0}};{'d0': 0.024885482501866795};-276.524567593313;39.81217967783405
24034;-98.4501041188224;((_a0_ * ((pow3(((x + _a4_) * _a3_)) + x) + _a3_)) + _a2_);{'d0': {'_a0_': 1.334854072586694, '_a2_': -1.8513952069358122, '_a3_': 1.3633335269997402, '_a4_': 0.20818372244003963, '_a1_': 1.0, '_a5_': 1.0, '_a6_': 1.0, '_a7_': 1.0}};{'d0': 0.024885482501866795};-276.524567593313;39.81217967783405
24035;-92.5295030697923;((_a0_ * ((pow3(((x + (x + _a6_)) * _a3_)) + x) + _a3_)) + _a2_);{'d0': {'_a0_': 1.334854072715095, '_a2_': -0.9414695515461053, '_a3_': 0.6816667634504359, '_a6_': 0.4163674448891743, '_a1_': 1.0, '_a4_': 1.0, '_a5_': 1.0, '_a7_': 1.0}};{'d0': 0.024885482501866833};-276.524567593313;45.73278072686405
24036;-92.5295030697923;((_a0_ * ((pow3(((x + (x + _a6_)) * _a3_)) + x) + _a3_)) + _a2_);{'d0': {'_a0_': 1.334854072715095, '_a2_': -0.9414695515461053, '_a3_': 0.6816667634504359, '_a6_': 0.4163674448891743, '_a1_': 1.0, '_a4_': 1.0, '_a5_': 1.0, '_a7_': 1.0}};{'d0': 0.024885482501866833};-276.524567593313;45.73278072686405
24037;-92.5295030697923;((_a0_ * ((pow3(((x + (x + _a6_)) * _a3_)) + x) + _a3_)) + _a2_);{'d0': {'_a0_': 1.334854072715095, '_a2_': -0.9414695515461053, '_a3_': 0.6816667634504359, '_a6_': 0.4163674448891743, '_a1_': 1.0, '_a4_': 1.0, '_a5_': 1.0, '_a7_': 1.0}};{'d0': 0.024885482501866833};-276.524567593313;45.73278072686405
24038;-92.5295030697923;((_a0_ * ((pow3(((x + (x + _a6_)) * _a3_)) + x) + _a3_)) + _a2_);{'d0': {'_a0_': 1.334854072715095, '_a2_': -0.9414695515461053, '_a3_': 0.6816667634504359, '_a6_': 0.4163674448891743, '_a1_': 1.0, '_a4_': 1.0, '_a5_': 1.0, '_a7_': 1.0}};{'d0': 0.024885482501866833};-276.524567593313;45.73278072686405
24039;-92.5295030697923;((_a0_ * ((pow3(((x + (x + _a6_)) * _a3_)) + x) + _a3_)) + _a2_);{'d0': {'_a0_': 1.334854072715095, '_a2_': -0.9414695515461053, '_a3_': 0.6816667634504359, '_a6_': 0.4163674448891743, '_a1_': 1.0, '_a4_': 1.0, '_a5_': 1.0, '_a7_': 1.0}};{'d0': 0.024885482501866833};-276.524567593313;45.73278072686405
24040;-98.4501041188224;((_a0_ * ((pow3(((x + _a4_) * _a3_)) + x) + _a3_)) + _a2_);{'d0': {'_a0_': 1.334854072586694, '_a2_': -1.8513952069358122, '_a3_': 1.3633335269997402, '_a4_': 0.20818372244003963, '_a1_': 1.0, '_a5_': 1.0, '_a6_': 1.0, '_a7_': 1.0}};{'d0': 0.024885482501866795};-276.524567593313;39.81217967783405
24041;-98.4501041188224;((_a0_ * ((pow3(((x + _a4_) * _a3_)) + x) + _a3_)) + _a2_);{'d0': {'_a0_': 1.334854072586694, '_a2_': -1.8513952069358122, '_a3_': 1.3633335269997402, '_a4_': 0.20818372244003963, '_a1_': 1.0, '_a5_': 1.0, '_a6_': 1.0, '_a7_': 1.0}};{'d0': 0.024885482501866795};-276.524567593313;39.81217967783405
24042;-98.4501041188224;((_a0_ * ((pow3(((x + _a4_) * _a3_)) + x) + _a3_)) + _a2_);{'d0': {'_a0_': 1.334854072586694, '_a2_': -1.8513952069358122, '_a3_': 1.3633335269997402, '_a4_': 0.20818372244003963, '_a1_': 1.0, '_a5_': 1.0, '_a6_': 1.0, '_a7_': 1.0}};{'d0': 0.024885482501866795};-276.524567593313;39.81217967783405
24043;-98.4501041188224;((_a0_ * ((pow3(((x + _a4_) * _a3_)) + x) + _a3_)) + _a2_);{'d0': {'_a0_': 1.334854072586694, '_a2_': -1.8513952069358122, '_a3_': 1.3633335269997402, '_a4_': 0.20818372244003963, '_a1_': 1.0, '_a5_': 1.0, '_a6_': 1.0, '_a7_': 1.0}};{'d0': 0.024885482501866795};-276.524567593313;39.81217967783405
24044;-98.4501041188224;((_a0_ * ((pow3(((x + _a4_) * _a3_)) + x) + _a3_)) + _a2_);{'d0': {'_a0_': 1.334854072586694, '_a2_': -1.8513952069358122, '_a3_': 1.3633335269997402, '_a4_': 0.20818372244003963, '_a1_': 1.0, '_a5_': 1.0, '_a6_': 1.0, '_a7_': 1.0}};{'d0': 0.024885482501866795};-276.524567593313;39.81217967783405
24045;-98.4501041188224;((_a0_ * ((pow3(((x + _a4_) * _a3_)) + x) + _a3_)) + _a2_);{'d0': {'_a0_': 1.334854072586694, '_a2_': -1.8513952069358122, '_a3_': 1.3633335269997402, '_a4_': 0.20818372244003963, '_a1_': 1.0, '_a5_': 1.0, '_a6_': 1.0, '_a7_': 1.0}};{'d0': 0.024885482501866795};-276.524567593313;39.81217967783405
24046;-98.4501041188224;((_a0_ * ((pow3(((x + _a4_) * _a3_)) + x) + _a3_)) + _a2_);{'d0': {'_a0_': 1.334854072586694, '_a2_': -1.8513952069358122, '_a3_': 1.3633335269997402, '_a4_': 0.20818372244003963, '_a1_': 1.0, '_a5_': 1.0, '_a6_': 1.0, '_a7_': 1.0}};{'d0': 0.024885482501866795};-276.524567593313;39.81217967783405
24047;-98.4501041188224;((_a0_ * ((pow3(((x + _a4_) * _a3_)) + x) + _a3_)) + _a2_);{'d0': {'_a0_': 1.334854072586694, '_a2_': -1.8513952069358122, '_a3_': 1.3633335269997402, '_a4_': 0.20818372244003963, '_a1_': 1.0, '_a5_': 1.0, '_a6_': 1.0, '_a7_': 1.0}};{'d0': 0.024885482501866795};-276.524567593313;39.81217967783405
24048;-98.4501041188224;((_a0_ * ((pow3(((x + _a4_) * _a3_)) + x) + _a3_)) + _a2_);{'d0': {'_a0_': 1.334854072586694, '_a2_': -1.8513952069358122, '_a3_': 1.3633335269997402, '_a4_': 0.20818372244003963, '_a1_': 1.0, '_a5_': 1.0, '_a6_': 1.0, '_a7_': 1.0}};{'d0': 0.024885482501866795};-276.524567593313;39.81217967783405
24049;-98.4501041188224;((_a0_ * ((pow3(((x + _a4_) * _a3_)) + x) + _a3_)) + _a2_);{'d0': {'_a0_': 1.334854072586694, '_a2_': -1.8513952069358122, '_a3_': 1.3633335269997402, '_a4_': 0.20818372244003963, '_a1_': 1.0, '_a5_': 1.0, '_a6_': 1.0, '_a7_': 1.0}};{'d0': 0.024885482501866795};-276.524567593313;39.81217967783405
24050;-98.4501041188224;((_a0_ * ((pow3(((x + _a4_) * _a3_)) + x) + _a3_)) + _a2_);{'d0': {'_a0_': 1.334854072586694, '_a2_': -1.8513952069358122, '_a3_': 1.3633335269997402, '_a4_': 0.20818372244003963, '_a1_': 1.0, '_a5_': 1.0, '_a6_': 1.0, '_a7_': 1.0}};{'d0': 0.024885482501866795};-276.524567593313;39.81217967783405
24051;-98.4501041188224;((_a0_ * ((pow3(((x + _a4_) * _a3_)) + x) + _a3_)) + _a2_);{'d0': {'_a0_': 1.334854072586694, '_a2_': -1.8513952069358122, '_a3_': 1.3633335269997402, '_a4_': 0.20818372244003963, '_a1_': 1.0, '_a5_': 1.0, '_a6_': 1.0, '_a7_': 1.0}};{'d0': 0.024885482501866795};-276.524567593313;39.81217967783405
24052;-98.4501041188224;((_a0_ * ((pow3(((x + _a4_) * _a3_)) + x) + _a3_)) + _a2_);{'d0': {'_a0_': 1.334854072586694, '_a2_': -1.8513952069358122, '_a3_': 1.3633335269997402, '_a4_': 0.20818372244003963, '_a1_': 1.0, '_a5_': 1.0, '_a6_': 1.0, '_a7_': 1.0}};{'d0': 0.024885482501866795};-276.524567593313;39.81217967783405
24053;-98.4501041188224;((_a0_ * ((pow3(((x + _a4_) * _a3_)) + x) + _a3_)) + _a2_);{'d0': {'_a0_': 1.334854072586694, '_a2_': -1.8513952069358122, '_a3_': 1.3633335269997402, '_a4_': 0.20818372244003963, '_a1_': 1.0, '_a5_': 1.0, '_a6_': 1.0, '_a7_': 1.0}};{'d0': 0.024885482501866795};-276.524567593313;39.81217967783405
24054;-98.4501041188224;((_a0_ * ((pow3(((x + _a4_) * _a3_)) + x) + _a3_)) + _a2_);{'d0': {'_a0_': 1.334854072586694, '_a2_': -1.8513952069358122, '_a3_': 1.3633335269997402, '_a4_': 0.20818372244003963, '_a1_': 1.0, '_a5_': 1.0, '_a6_': 1.0, '_a7_': 1.0}};{'d0': 0.024885482501866795};-276.524567593313;39.81217967783405
24055;-98.4501041188224;((_a0_ * ((pow3(((x + _a4_) * _a3_)) + x) + _a3_)) + _a2_);{'d0': {'_a0_': 1.334854072586694, '_a2_': -1.8513952069358122, '_a3_': 1.3633335269997402, '_a4_': 0.20818372244003963, '_a1_': 1.0, '_a5_': 1.0, '_a6_': 1.0, '_a7_': 1.0}};{'d0': 0.024885482501866795};-276.524567593313;39.81217967783405
24056;-98.4501041188224;((_a0_ * ((pow3(((x + _a4_) * _a3_)) + x) + _a3_)) + _a2_);{'d0': {'_a0_': 1.334854072586694, '_a2_': -1.8513952069358122, '_a3_': 1.3633335269997402, '_a4_': 0.20818372244003963, '_a1_': 1.0, '_a5_': 1.0, '_a6_': 1.0, '_a7_': 1.0}};{'d0': 0.024885482501866795};-276.524567593313;39.81217967783405
24057;-98.4501041188224;((_a0_ * ((pow3(((x + _a4_) * _a3_)) + x) + _a3_)) + _a2_);{'d0': {'_a0_': 1.334854072586694, '_a2_': -1.8513952069358122, '_a3_': 1.3633335269997402, '_a4_': 0.20818372244003963, '_a1_': 1.0, '_a5_': 1.0, '_a6_': 1.0, '_a7_': 1.0}};{'d0': 0.024885482501866795};-276.524567593313;39.81217967783405
24058;-98.4501041188224;((_a0_ * ((pow3(((x + _a4_) * _a3_)) + x) + _a3_)) + _a2_);{'d0': {'_a0_': 1.334854072586694, '_a2_': -1.8513952069358122, '_a3_': 1.3633335269997402, '_a4_': 0.20818372244003963, '_a1_': 1.0, '_a5_': 1.0, '_a6_': 1.0, '_a7_': 1.0}};{'d0': 0.024885482501866795};-276.524567593313;39.81217967783405
24059;-98.4501041188224;((_a0_ * ((pow3(((x + _a4_) * _a3_)) + x) + _a3_)) + _a2_);{'d0': {'_a0_': 1.334854072586694, '_a2_': -1.8513952069358122, '_a3_': 1.3633335269997402, '_a4_': 0.20818372244003963, '_a1_': 1.0, '_a5_': 1.0, '_a6_': 1.0, '_a7_': 1.0}};{'d0': 0.024885482501866795};-276.524567593313;39.81217967783405
24060;-98.4501041188224;((_a0_ * ((pow3(((x + _a4_) * _a3_)) + x) + _a3_)) + _a2_);{'d0': {'_a0_': 1.334854072586694, '_a2_': -1.8513952069358122, '_a3_': 1.3633335269997402, '_a4_': 0.20818372244003963, '_a1_': 1.0, '_a5_': 1.0, '_a6_': 1.0, '_a7_': 1.0}};{'d0': 0.024885482501866795};-276.524567593313;39.81217967783405
24061;-98.4501041188224;((_a0_ * ((pow3(((x + _a4_) * _a3_)) + x) + _a3_)) + _a2_);{'d0': {'_a0_': 1.334854072586694, '_a2_': -1.8513952069358122, '_a3_': 1.3633335269997402, '_a4_': 0.20818372244003963, '_a1_': 1.0, '_a5_': 1.0, '_a6_': 1.0, '_a7_': 1.0}};{'d0': 0.024885482501866795};-276.524567593313;39.81217967783405
24062;-98.4501041188224;((_a0_ * ((pow3(((x + _a4_) * _a3_)) + x) + _a3_)) + _a2_);{'d0': {'_a0_': 1.334854072586694, '_a2_': -1.8513952069358122, '_a3_': 1.3633335269997402, '_a4_': 0.20818372244003963, '_a1_': 1.0, '_a5_': 1.0, '_a6_': 1.0, '_a7_': 1.0}};{'d0': 0.024885482501866795};-276.524567593313;39.81217967783405
24063;-98.4501041188224;((_a0_ * ((pow3(((x + _a4_) * _a3_)) + x) + _a3_)) + _a2_);{'d0': {'_a0_': 1.334854072586694, '_a2_': -1.8513952069358122, '_a3_': 1.3633335269997402, '_a4_': 0.20818372244003963, '_a1_': 1.0, '_a5_': 1.0, '_a6_': 1.0, '_a7_': 1.0}};{'d0': 0.024885482501866795};-276.524567593313;39.81217967783405
24064;-98.4501041188224;((_a0_ * ((pow3(((x + _a4_) * _a3_)) + x) + _a3_)) + _a2_);{'d0': {'_a0_': 1.334854072586694, '_a2_': -1.8513952069358122, '_a3_': 1.3633335269997402, '_a4_': 0.20818372244003963, '_a1_': 1.0, '_a5_': 1.0, '_a6_': 1.0, '_a7_': 1.0}};{'d0': 0.024885482501866795};-276.524567593313;39.81217967783405
24065;-98.4501041188224;((_a0_ * ((pow3(((x + _a4_) * _a3_)) + x) + _a3_)) + _a2_);{'d0': {'_a0_': 1.334854072586694, '_a2_': -1.8513952069358122, '_a3_': 1.3633335269997402, '_a4_': 0.20818372244003963, '_a1_': 1.0, '_a5_': 1.0, '_a6_': 1.0, '_a7_': 1.0}};{'d0': 0.024885482501866795};-276.524567593313;39.81217967783405
24066;-98.4501041188224;((_a0_ * ((pow3(((x + _a4_) * _a3_)) + x) + _a3_)) + _a2_);{'d0': {'_a0_': 1.334854072586694, '_a2_': -1.8513952069358122, '_a3_': 1.3633335269997402, '_a4_': 0.20818372244003963, '_a1_': 1.0, '_a5_': 1.0, '_a6_': 1.0, '_a7_': 1.0}};{'d0': 0.024885482501866795};-276.524567593313;39.81217967783405
24067;-94.7927840247428;(((pow2((pow2(_a1_) + (x + (_a2_ + _a1_)))) + _a6_) * _a1_) * (x * _a6_));{'d0': {'_a1_': 7.882415649348831, '_a2_': -69.70296241063592, '_a6_': 0.4283916283832446, '_a0_': 1.0, '_a3_': 1.0, '_a4_': 1.0, '_a5_': 1.0, '_a7_': 1.0}};{'d0': 0.024905832919416653};-280.569866449044;45.49214919977889
24068;-94.7927840247428;(((pow2((pow2(_a1_) + (x + (_a2_ + _a1_)))) + _a6_) * _a1_) * (x * _a6_));{'d0': {'_a1_': 7.882415649348831, '_a2_': -69.70296241063592, '_a6_': 0.4283916283832446, '_a0_': 1.0, '_a3_': 1.0, '_a4_': 1.0, '_a5_': 1.0, '_a7_': 1.0}};{'d0': 0.024905832919416653};-280.569866449044;45.49214919977889
24069;-94.7927840247428;(((pow2((pow2(_a1_) + (x + (_a2_ + _a1_)))) + _a6_) * _a1_) * (x * _a6_));{'d0': {'_a1_': 7.882415649348831, '_a2_': -69.70296241063592, '_a6_': 0.4283916283832446, '_a0_': 1.0, '_a3_': 1.0, '_a4_': 1.0, '_a5_': 1.0, '_a7_': 1.0}};{'d0': 0.024905832919416653};-280.569866449044;45.49214919977889
24070;-94.7927840247428;(((pow2((pow2(_a1_) + (x + (_a2_ + _a1_)))) + _a6_) * _a1_) * (x * _a6_));{'d0': {'_a1_': 7.882415649348831, '_a2_': -69.70296241063592, '_a6_': 0.4283916283832446, '_a0_': 1.0, '_a3_': 1.0, '_a4_': 1.0, '_a5_': 1.0, '_a7_': 1.0}};{'d0': 0.024905832919416653};-280.569866449044;45.49214919977889
24071;-98.4501041188224;((_a0_ * ((pow3(((x + _a4_) * _a3_)) + x) + _a3_)) + _a2_);{'d0': {'_a0_': 1.334854072586694, '_a2_': -1.8513952069358122, '_a3_': 1.3633335269997402, '_a4_': 0.20818372244003963, '_a1_': 1.0, '_a5_': 1.0, '_a6_': 1.0, '_a7_': 1.0}};{'d0': 0.024885482501866795};-276.524567593313;39.81217967783405
24072;-98.4501041188224;((_a0_ * ((pow3(((x + _a4_) * _a3_)) + x) + _a3_)) + _a2_);{'d0': {'_a0_': 1.334854072586694, '_a2_': -1.8513952069358122, '_a3_': 1.3633335269997402, '_a4_': 0.20818372244003963, '_a1_': 1.0, '_a5_': 1.0, '_a6_': 1.0, '_a7_': 1.0}};{'d0': 0.024885482501866795};-276.524567593313;39.81217967783405
24073;-98.4501041188224;((_a0_ * ((pow3(((x + _a4_) * _a3_)) + x) + _a3_)) + _a2_);{'d0': {'_a0_': 1.334854072586694, '_a2_': -1.8513952069358122, '_a3_': 1.3633335269997402, '_a4_': 0.20818372244003963, '_a1_': 1.0, '_a5_': 1.0, '_a6_': 1.0, '_a7_': 1.0}};{'d0': 0.024885482501866795};-276.524567593313;39.81217967783405
24074;-98.4501041188224;((_a0_ * ((pow3(((x + _a4_) * _a3_)) + x) + _a3_)) + _a2_);{'d0': {'_a0_': 1.334854072586694, '_a2_': -1.8513952069358122, '_a3_': 1.3633335269997402, '_a4_': 0.20818372244003963, '_a1_': 1.0, '_a5_': 1.0, '_a6_': 1.0, '_a7_': 1.0}};{'d0': 0.024885482501866795};-276.524567593313;39.81217967783405
24075;-98.4501041188224;((_a0_ * ((pow3(((x + _a4_) * _a3_)) + x) + _a3_)) + _a2_);{'d0': {'_a0_': 1.334854072586694, '_a2_': -1.8513952069358122, '_a3_': 1.3633335269997402, '_a4_': 0.20818372244003963, '_a1_': 1.0, '_a5_': 1.0, '_a6_': 1.0, '_a7_': 1.0}};{'d0': 0.024885482501866795};-276.524567593313;39.81217967783405
24076;-98.4501041188224;((_a0_ * ((pow3(((x + _a4_) * _a3_)) + x) + _a3_)) + _a2_);{'d0': {'_a0_': 1.334854072586694, '_a2_': -1.8513952069358122, '_a3_': 1.3633335269997402, '_a4_': 0.20818372244003963, '_a1_': 1.0, '_a5_': 1.0, '_a6_': 1.0, '_a7_': 1.0}};{'d0': 0.024885482501866795};-276.524567593313;39.81217967783405
24077;-98.4501041188224;((_a0_ * ((pow3(((x + _a4_) * _a3_)) + x) + _a3_)) + _a2_);{'d0': {'_a0_': 1.334854072586694, '_a2_': -1.8513952069358122, '_a3_': 1.3633335269997402, '_a4_': 0.20818372244003963, '_a1_': 1.0, '_a5_': 1.0, '_a6_': 1.0, '_a7_': 1.0}};{'d0': 0.024885482501866795};-276.524567593313;39.81217967783405
24078;-98.4501041188224;((_a0_ * ((pow3(((x + _a4_) * _a3_)) + x) + _a3_)) + _a2_);{'d0': {'_a0_': 1.334854072586694, '_a2_': -1.8513952069358122, '_a3_': 1.3633335269997402, '_a4_': 0.20818372244003963, '_a1_': 1.0, '_a5_': 1.0, '_a6_': 1.0, '_a7_': 1.0}};{'d0': 0.024885482501866795};-276.524567593313;39.81217967783405
24079;-98.4501041188224;((_a0_ * ((pow3(((x + _a4_) * _a3_)) + x) + _a3_)) + _a2_);{'d0': {'_a0_': 1.334854072586694, '_a2_': -1.8513952069358122, '_a3_': 1.3633335269997402, '_a4_': 0.20818372244003963, '_a1_': 1.0, '_a5_': 1.0, '_a6_': 1.0, '_a7_': 1.0}};{'d0': 0.024885482501866795};-276.524567593313;39.81217967783405
24080;-98.4501041188224;((_a0_ * ((pow3(((x + _a4_) * _a3_)) + x) + _a3_)) + _a2_);{'d0': {'_a0_': 1.334854072586694, '_a2_': -1.8513952069358122, '_a3_': 1.3633335269997402, '_a4_': 0.20818372244003963, '_a1_': 1.0, '_a5_': 1.0, '_a6_': 1.0, '_a7_': 1.0}};{'d0': 0.024885482501866795};-276.524567593313;39.81217967783405
24081;-98.4501041188224;((_a0_ * ((pow3(((x + _a4_) * _a3_)) + x) + _a3_)) + _a2_);{'d0': {'_a0_': 1.334854072586694, '_a2_': -1.8513952069358122, '_a3_': 1.3633335269997402, '_a4_': 0.20818372244003963, '_a1_': 1.0, '_a5_': 1.0, '_a6_': 1.0, '_a7_': 1.0}};{'d0': 0.024885482501866795};-276.524567593313;39.81217967783405
24082;-98.4501041188224;((_a0_ * ((pow3(((x + _a4_) * _a3_)) + x) + _a3_)) + _a2_);{'d0': {'_a0_': 1.334854072586694, '_a2_': -1.8513952069358122, '_a3_': 1.3633335269997402, '_a4_': 0.20818372244003963, '_a1_': 1.0, '_a5_': 1.0, '_a6_': 1.0, '_a7_': 1.0}};{'d0': 0.024885482501866795};-276.524567593313;39.81217967783405
24083;-98.4501041188224;((_a0_ * ((pow3(((x + _a4_) * _a3_)) + x) + _a3_)) + _a2_);{'d0': {'_a0_': 1.334854072586694, '_a2_': -1.8513952069358122, '_a3_': 1.3633335269997402, '_a4_': 0.20818372244003963, '_a1_': 1.0, '_a5_': 1.0, '_a6_': 1.0, '_a7_': 1.0}};{'d0': 0.024885482501866795};-276.524567593313;39.81217967783405
24084;-98.4501041188224;((_a0_ * ((pow3(((x + _a4_) * _a3_)) + x) + _a3_)) + _a2_);{'d0': {'_a0_': 1.334854072586694, '_a2_': -1.8513952069358122, '_a3_': 1.3633335269997402, '_a4_': 0.20818372244003963, '_a1_': 1.0, '_a5_': 1.0, '_a6_': 1.0, '_a7_': 1.0}};{'d0': 0.024885482501866795};-276.524567593313;39.81217967783405
24085;-98.4501041188224;((_a0_ * ((pow3(((x + _a4_) * _a3_)) + x) + _a3_)) + _a2_);{'d0': {'_a0_': 1.334854072586694, '_a2_': -1.8513952069358122, '_a3_': 1.3633335269997402, '_a4_': 0.20818372244003963, '_a1_': 1.0, '_a5_': 1.0, '_a6_': 1.0, '_a7_': 1.0}};{'d0': 0.024885482501866795};-276.524567593313;39.81217967783405
24086;-98.4501041188224;((_a0_ * ((pow3(((x + _a4_) * _a3_)) + x) + _a3_)) + _a2_);{'d0': {'_a0_': 1.334854072586694, '_a2_': -1.8513952069358122, '_a3_': 1.3633335269997402, '_a4_': 0.20818372244003963, '_a1_': 1.0, '_a5_': 1.0, '_a6_': 1.0, '_a7_': 1.0}};{'d0': 0.024885482501866795};-276.524567593313;39.81217967783405
24087;-98.4501041188224;((_a0_ * ((pow3(((x + _a4_) * _a3_)) + x) + _a3_)) + _a2_);{'d0': {'_a0_': 1.334854072586694, '_a2_': -1.8513952069358122, '_a3_': 1.3633335269997402, '_a4_': 0.20818372244003963, '_a1_': 1.0, '_a5_': 1.0, '_a6_': 1.0, '_a7_': 1.0}};{'d0': 0.024885482501866795};-276.524567593313;39.81217967783405
24088;-98.4501041188224;((_a0_ * ((pow3(((x + _a4_) * _a3_)) + x) + _a3_)) + _a2_);{'d0': {'_a0_': 1.334854072586694, '_a2_': -1.8513952069358122, '_a3_': 1.3633335269997402, '_a4_': 0.20818372244003963, '_a1_': 1.0, '_a5_': 1.0, '_a6_': 1.0, '_a7_': 1.0}};{'d0': 0.024885482501866795};-276.524567593313;39.81217967783405
24089;-98.4501041188224;((_a0_ * ((pow3(((x + _a4_) * _a3_)) + x) + _a3_)) + _a2_);{'d0': {'_a0_': 1.334854072586694, '_a2_': -1.8513952069358122, '_a3_': 1.3633335269997402, '_a4_': 0.20818372244003963, '_a1_': 1.0, '_a5_': 1.0, '_a6_': 1.0, '_a7_': 1.0}};{'d0': 0.024885482501866795};-276.524567593313;39.81217967783405
24090;-98.4501041188224;((_a0_ * ((pow3(((x + _a4_) * _a3_)) + x) + _a3_)) + _a2_);{'d0': {'_a0_': 1.334854072586694, '_a2_': -1.8513952069358122, '_a3_': 1.3633335269997402, '_a4_': 0.20818372244003963, '_a1_': 1.0, '_a5_': 1.0, '_a6_': 1.0, '_a7_': 1.0}};{'d0': 0.024885482501866795};-276.524567593313;39.81217967783405
24091;-98.4501041188224;((_a0_ * ((pow3(((x + _a4_) * _a3_)) + x) + _a3_)) + _a2_);{'d0': {'_a0_': 1.334854072586694, '_a2_': -1.8513952069358122, '_a3_': 1.3633335269997402, '_a4_': 0.20818372244003963, '_a1_': 1.0, '_a5_': 1.0, '_a6_': 1.0, '_a7_': 1.0}};{'d0': 0.024885482501866795};-276.524567593313;39.81217967783405
24092;-98.4501041188224;((_a0_ * ((pow3(((x + _a4_) * _a3_)) + x) + _a3_)) + _a2_);{'d0': {'_a0_': 1.334854072586694, '_a2_': -1.8513952069358122, '_a3_': 1.3633335269997402, '_a4_': 0.20818372244003963, '_a1_': 1.0, '_a5_': 1.0, '_a6_': 1.0, '_a7_': 1.0}};{'d0': 0.024885482501866795};-276.524567593313;39.81217967783405
24093;-98.4501041188224;((_a0_ * ((pow3(((x + _a4_) * _a3_)) + x) + _a3_)) + _a2_);{'d0': {'_a0_': 1.334854072586694, '_a2_': -1.8513952069358122, '_a3_': 1.3633335269997402, '_a4_': 0.20818372244003963, '_a1_': 1.0, '_a5_': 1.0, '_a6_': 1.0, '_a7_': 1.0}};{'d0': 0.024885482501866795};-276.524567593313;39.81217967783405
24094;-98.4501041188224;((_a0_ * ((pow3(((x + _a4_) * _a3_)) + x) + _a3_)) + _a2_);{'d0': {'_a0_': 1.334854072586694, '_a2_': -1.8513952069358122, '_a3_': 1.3633335269997402, '_a4_': 0.20818372244003963, '_a1_': 1.0, '_a5_': 1.0, '_a6_': 1.0, '_a7_': 1.0}};{'d0': 0.024885482501866795};-276.524567593313;39.81217967783405
24095;-98.4501041188224;((_a0_ * ((pow3(((x + _a4_) * _a3_)) + x) + _a3_)) + _a2_);{'d0': {'_a0_': 1.334854072586694, '_a2_': -1.8513952069358122, '_a3_': 1.3633335269997402, '_a4_': 0.20818372244003963, '_a1_': 1.0, '_a5_': 1.0, '_a6_': 1.0, '_a7_': 1.0}};{'d0': 0.024885482501866795};-276.524567593313;39.81217967783405
24096;-98.4501041188224;((_a0_ * ((pow3(((x + _a4_) * _a3_)) + x) + _a3_)) + _a2_);{'d0': {'_a0_': 1.334854072586694, '_a2_': -1.8513952069358122, '_a3_': 1.3633335269997402, '_a4_': 0.20818372244003963, '_a1_': 1.0, '_a5_': 1.0, '_a6_': 1.0, '_a7_': 1.0}};{'d0': 0.024885482501866795};-276.524567593313;39.81217967783405
24097;-98.4501041188224;((_a0_ * ((pow3(((x + _a4_) * _a3_)) + x) + _a3_)) + _a2_);{'d0': {'_a0_': 1.334854072586694, '_a2_': -1.8513952069358122, '_a3_': 1.3633335269997402, '_a4_': 0.20818372244003963, '_a1_': 1.0, '_a5_': 1.0, '_a6_': 1.0, '_a7_': 1.0}};{'d0': 0.024885482501866795};-276.524567593313;39.81217967783405
24098;-98.4501041188224;((_a0_ * ((pow3(((x + _a4_) * _a3_)) + x) + _a3_)) + _a2_);{'d0': {'_a0_': 1.334854072586694, '_a2_': -1.8513952069358122, '_a3_': 1.3633335269997402, '_a4_': 0.20818372244003963, '_a1_': 1.0, '_a5_': 1.0, '_a6_': 1.0, '_a7_': 1.0}};{'d0': 0.024885482501866795};-276.524567593313;39.81217967783405
24099;-98.4501041188224;((_a0_ * ((pow3(((x + _a4_) * _a3_)) + x) + _a3_)) + _a2_);{'d0': {'_a0_': 1.334854072586694, '_a2_': -1.8513952069358122, '_a3_': 1.3633335269997402, '_a4_': 0.20818372244003963, '_a1_': 1.0, '_a5_': 1.0, '_a6_': 1.0, '_a7_': 1.0}};{'d0': 0.024885482501866795};-276.524567593313;39.81217967783405
24100;-98.4501041188224;((_a0_ * ((pow3(((x + _a4_) * _a3_)) + x) + _a3_)) + _a2_);{'d0': {'_a0_': 1.334854072586694, '_a2_': -1.8513952069358122, '_a3_': 1.3633335269997402, '_a4_': 0.20818372244003963, '_a1_': 1.0, '_a5_': 1.0, '_a6_': 1.0, '_a7_': 1.0}};{'d0': 0.024885482501866795};-276.524567593313;39.81217967783405
24101;-98.4501041188224;((_a0_ * ((pow3(((x + _a4_) * _a3_)) + x) + _a3_)) + _a2_);{'d0': {'_a0_': 1.334854072586694, '_a2_': -1.8513952069358122, '_a3_': 1.3633335269997402, '_a4_': 0.20818372244003963, '_a1_': 1.0, '_a5_': 1.0, '_a6_': 1.0, '_a7_': 1.0}};{'d0': 0.024885482501866795};-276.524567593313;39.81217967783405
24102;-98.4501041188224;((_a0_ * ((pow3(((x + _a4_) * _a3_)) + x) + _a3_)) + _a2_);{'d0': {'_a0_': 1.334854072586694, '_a2_': -1.8513952069358122, '_a3_': 1.3633335269997402, '_a4_': 0.20818372244003963, '_a1_': 1.0, '_a5_': 1.0, '_a6_': 1.0, '_a7_': 1.0}};{'d0': 0.024885482501866795};-276.524567593313;39.81217967783405
24103;-98.4501041188224;((_a0_ * ((pow3(((x + _a4_) * _a3_)) + x) + _a3_)) + _a2_);{'d0': {'_a0_': 1.334854072586694, '_a2_': -1.8513952069358122, '_a3_': 1.3633335269997402, '_a4_': 0.20818372244003963, '_a1_': 1.0, '_a5_': 1.0, '_a6_': 1.0, '_a7_': 1.0}};{'d0': 0.024885482501866795};-276.524567593313;39.81217967783405
24104;-98.4501041188224;((_a0_ * ((pow3(((x + _a4_) * _a3_)) + x) + _a3_)) + _a2_);{'d0': {'_a0_': 1.334854072586694, '_a2_': -1.8513952069358122, '_a3_': 1.3633335269997402, '_a4_': 0.20818372244003963, '_a1_': 1.0, '_a5_': 1.0, '_a6_': 1.0, '_a7_': 1.0}};{'d0': 0.024885482501866795};-276.524567593313;39.81217967783405
24105;-98.4501041188224;((_a0_ * ((pow3(((x + _a4_) * _a3_)) + x) + _a3_)) + _a2_);{'d0': {'_a0_': 1.334854072586694, '_a2_': -1.8513952069358122, '_a3_': 1.3633335269997402, '_a4_': 0.20818372244003963, '_a1_': 1.0, '_a5_': 1.0, '_a6_': 1.0, '_a7_': 1.0}};{'d0': 0.024885482501866795};-276.524567593313;39.81217967783405
24106;-98.4501041188224;((_a0_ * ((pow3(((x + _a4_) * _a3_)) + x) + _a3_)) + _a2_);{'d0': {'_a0_': 1.334854072586694, '_a2_': -1.8513952069358122, '_a3_': 1.3633335269997402, '_a4_': 0.20818372244003963, '_a1_': 1.0, '_a5_': 1.0, '_a6_': 1.0, '_a7_': 1.0}};{'d0': 0.024885482501866795};-276.524567593313;39.81217967783405
24107;-98.4501041188224;((_a0_ * ((pow3(((x + _a4_) * _a3_)) + x) + _a3_)) + _a2_);{'d0': {'_a0_': 1.334854072586694, '_a2_': -1.8513952069358122, '_a3_': 1.3633335269997402, '_a4_': 0.20818372244003963, '_a1_': 1.0, '_a5_': 1.0, '_a6_': 1.0, '_a7_': 1.0}};{'d0': 0.024885482501866795};-276.524567593313;39.81217967783405
24108;-98.4501041188224;((_a0_ * ((pow3(((x + _a4_) * _a3_)) + x) + _a3_)) + _a2_);{'d0': {'_a0_': 1.334854072586694, '_a2_': -1.8513952069358122, '_a3_': 1.3633335269997402, '_a4_': 0.20818372244003963, '_a1_': 1.0, '_a5_': 1.0, '_a6_': 1.0, '_a7_': 1.0}};{'d0': 0.024885482501866795};-276.524567593313;39.81217967783405
24109;-98.4501041188224;((_a0_ * ((pow3(((x + _a4_) * _a3_)) + x) + _a3_)) + _a2_);{'d0': {'_a0_': 1.334854072586694, '_a2_': -1.8513952069358122, '_a3_': 1.3633335269997402, '_a4_': 0.20818372244003963, '_a1_': 1.0, '_a5_': 1.0, '_a6_': 1.0, '_a7_': 1.0}};{'d0': 0.024885482501866795};-276.524567593313;39.81217967783405
24110;-98.4501041188224;((_a0_ * ((pow3(((x + _a4_) * _a3_)) + x) + _a3_)) + _a2_);{'d0': {'_a0_': 1.334854072586694, '_a2_': -1.8513952069358122, '_a3_': 1.3633335269997402, '_a4_': 0.20818372244003963, '_a1_': 1.0, '_a5_': 1.0, '_a6_': 1.0, '_a7_': 1.0}};{'d0': 0.024885482501866795};-276.524567593313;39.81217967783405
24111;-98.4501041188224;((_a0_ * ((pow3(((x + _a4_) * _a3_)) + x) + _a3_)) + _a2_);{'d0': {'_a0_': 1.334854072586694, '_a2_': -1.8513952069358122, '_a3_': 1.3633335269997402, '_a4_': 0.20818372244003963, '_a1_': 1.0, '_a5_': 1.0, '_a6_': 1.0, '_a7_': 1.0}};{'d0': 0.024885482501866795};-276.524567593313;39.81217967783405
24112;-98.4501041188224;((_a0_ * ((pow3(((x + _a4_) * _a3_)) + x) + _a3_)) + _a2_);{'d0': {'_a0_': 1.334854072586694, '_a2_': -1.8513952069358122, '_a3_': 1.3633335269997402, '_a4_': 0.20818372244003963, '_a1_': 1.0, '_a5_': 1.0, '_a6_': 1.0, '_a7_': 1.0}};{'d0': 0.024885482501866795};-276.524567593313;39.81217967783405
24113;-98.4501041188224;((_a0_ * ((pow3(((x + _a4_) * _a3_)) + x) + _a3_)) + _a2_);{'d0': {'_a0_': 1.334854072586694, '_a2_': -1.8513952069358122, '_a3_': 1.3633335269997402, '_a4_': 0.20818372244003963, '_a1_': 1.0, '_a5_': 1.0, '_a6_': 1.0, '_a7_': 1.0}};{'d0': 0.024885482501866795};-276.524567593313;39.81217967783405
24114;-98.4501041188224;((_a0_ * ((pow3(((x + _a4_) * _a3_)) + x) + _a3_)) + _a2_);{'d0': {'_a0_': 1.334854072586694, '_a2_': -1.8513952069358122, '_a3_': 1.3633335269997402, '_a4_': 0.20818372244003963, '_a1_': 1.0, '_a5_': 1.0, '_a6_': 1.0, '_a7_': 1.0}};{'d0': 0.024885482501866795};-276.524567593313;39.81217967783405
24115;-98.4501041188224;((_a0_ * ((pow3(((x + _a4_) * _a3_)) + x) + _a3_)) + _a2_);{'d0': {'_a0_': 1.334854072586694, '_a2_': -1.8513952069358122, '_a3_': 1.3633335269997402, '_a4_': 0.20818372244003963, '_a1_': 1.0, '_a5_': 1.0, '_a6_': 1.0, '_a7_': 1.0}};{'d0': 0.024885482501866795};-276.524567593313;39.81217967783405
24116;-98.4501041188224;((_a0_ * ((pow3(((x + _a4_) * _a3_)) + x) + _a3_)) + _a2_);{'d0': {'_a0_': 1.334854072586694, '_a2_': -1.8513952069358122, '_a3_': 1.3633335269997402, '_a4_': 0.20818372244003963, '_a1_': 1.0, '_a5_': 1.0, '_a6_': 1.0, '_a7_': 1.0}};{'d0': 0.024885482501866795};-276.524567593313;39.81217967783405
24117;-99.4937225287172;((_a0_ * ((pow3(((x + _a4_) * _a3_)) + x) * _a3_)) + _a2_);{'d0': {'_a0_': 0.9791104223229077, '_a2_': -0.03154389827727265, '_a3_': 1.3633335299829576, '_a4_': 0.2081837228793374, '_a1_': 1.0, '_a5_': 1.0, '_a6_': 1.0, '_a7_': 1.0}};{'d0': 0.024885482501866917};-276.524567593312;38.768561267939056
24118;-99.4937225287172;((_a0_ * ((pow3(((x + _a4_) * _a3_)) + x) * _a3_)) + _a2_);{'d0': {'_a0_': 0.9791104223229077, '_a2_': -0.03154389827727265, '_a3_': 1.3633335299829576, '_a4_': 0.2081837228793374, '_a1_': 1.0, '_a5_': 1.0, '_a6_': 1.0, '_a7_': 1.0}};{'d0': 0.024885482501866917};-276.524567593312;38.768561267939056
24119;-99.4937225287172;((_a0_ * ((pow3(((x + _a4_) * _a3_)) + x) * _a3_)) + _a2_);{'d0': {'_a0_': 0.9791104223229077, '_a2_': -0.03154389827727265, '_a3_': 1.3633335299829576, '_a4_': 0.2081837228793374, '_a1_': 1.0, '_a5_': 1.0, '_a6_': 1.0, '_a7_': 1.0}};{'d0': 0.024885482501866917};-276.524567593312;38.768561267939056
24120;-99.4937225287172;((_a0_ * ((pow3(((x + _a4_) * _a3_)) + x) * _a3_)) + _a2_);{'d0': {'_a0_': 0.9791104223229077, '_a2_': -0.03154389827727265, '_a3_': 1.3633335299829576, '_a4_': 0.2081837228793374, '_a1_': 1.0, '_a5_': 1.0, '_a6_': 1.0, '_a7_': 1.0}};{'d0': 0.024885482501866917};-276.524567593312;38.768561267939056
24121;-99.4937225287172;((_a0_ * ((pow3(((x + _a4_) * _a3_)) + x) * _a3_)) + _a2_);{'d0': {'_a0_': 0.9791104223229077, '_a2_': -0.03154389827727265, '_a3_': 1.3633335299829576, '_a4_': 0.2081837228793374, '_a1_': 1.0, '_a5_': 1.0, '_a6_': 1.0, '_a7_': 1.0}};{'d0': 0.024885482501866917};-276.524567593312;38.768561267939056
24122;-99.4937225287172;((_a0_ * ((pow3(((x + _a4_) * _a3_)) + x) * _a3_)) + _a2_);{'d0': {'_a0_': 0.9791104223229077, '_a2_': -0.03154389827727265, '_a3_': 1.3633335299829576, '_a4_': 0.2081837228793374, '_a1_': 1.0, '_a5_': 1.0, '_a6_': 1.0, '_a7_': 1.0}};{'d0': 0.024885482501866917};-276.524567593312;38.768561267939056
24123;-99.4937225287172;((_a0_ * ((pow3(((x + _a4_) * _a3_)) + x) * _a3_)) + _a2_);{'d0': {'_a0_': 0.9791104223229077, '_a2_': -0.03154389827727265, '_a3_': 1.3633335299829576, '_a4_': 0.2081837228793374, '_a1_': 1.0, '_a5_': 1.0, '_a6_': 1.0, '_a7_': 1.0}};{'d0': 0.024885482501866917};-276.524567593312;38.768561267939056
24124;-99.4937225287172;((_a0_ * ((pow3(((x + _a4_) * _a3_)) + x) * _a3_)) + _a2_);{'d0': {'_a0_': 0.9791104223229077, '_a2_': -0.03154389827727265, '_a3_': 1.3633335299829576, '_a4_': 0.2081837228793374, '_a1_': 1.0, '_a5_': 1.0, '_a6_': 1.0, '_a7_': 1.0}};{'d0': 0.024885482501866917};-276.524567593312;38.768561267939056
24125;-99.4937225287172;((_a0_ * ((pow3(((x + _a4_) * _a3_)) + x) * _a3_)) + _a2_);{'d0': {'_a0_': 0.9791104223229077, '_a2_': -0.03154389827727265, '_a3_': 1.3633335299829576, '_a4_': 0.2081837228793374, '_a1_': 1.0, '_a5_': 1.0, '_a6_': 1.0, '_a7_': 1.0}};{'d0': 0.024885482501866917};-276.524567593312;38.768561267939056
24126;-99.4937225287172;((_a0_ * ((pow3(((x + _a4_) * _a3_)) + x) * _a3_)) + _a2_);{'d0': {'_a0_': 0.9791104223229077, '_a2_': -0.03154389827727265, '_a3_': 1.3633335299829576, '_a4_': 0.2081837228793374, '_a1_': 1.0, '_a5_': 1.0, '_a6_': 1.0, '_a7_': 1.0}};{'d0': 0.024885482501866917};-276.524567593312;38.768561267939056
24127;-99.4937225287172;((_a0_ * ((pow3(((x + _a4_) * _a3_)) + x) * _a3_)) + _a2_);{'d0': {'_a0_': 0.9791104223229077, '_a2_': -0.03154389827727265, '_a3_': 1.3633335299829576, '_a4_': 0.2081837228793374, '_a1_': 1.0, '_a5_': 1.0, '_a6_': 1.0, '_a7_': 1.0}};{'d0': 0.024885482501866917};-276.524567593312;38.768561267939056
24128;-99.4937225287172;((_a0_ * ((pow3(((x + _a4_) * _a3_)) + x) * _a3_)) + _a2_);{'d0': {'_a0_': 0.9791104223229077, '_a2_': -0.03154389827727265, '_a3_': 1.3633335299829576, '_a4_': 0.2081837228793374, '_a1_': 1.0, '_a5_': 1.0, '_a6_': 1.0, '_a7_': 1.0}};{'d0': 0.024885482501866917};-276.524567593312;38.768561267939056
24129;-99.4937225287172;((_a0_ * ((pow3(((x + _a4_) * _a3_)) + x) * _a3_)) + _a2_);{'d0': {'_a0_': 0.9791104223229077, '_a2_': -0.03154389827727265, '_a3_': 1.3633335299829576, '_a4_': 0.2081837228793374, '_a1_': 1.0, '_a5_': 1.0, '_a6_': 1.0, '_a7_': 1.0}};{'d0': 0.024885482501866917};-276.524567593312;38.768561267939056
24130;-99.4937225287172;((_a0_ * ((pow3(((x + _a4_) * _a3_)) + x) * _a3_)) + _a2_);{'d0': {'_a0_': 0.9791104223229077, '_a2_': -0.03154389827727265, '_a3_': 1.3633335299829576, '_a4_': 0.2081837228793374, '_a1_': 1.0, '_a5_': 1.0, '_a6_': 1.0, '_a7_': 1.0}};{'d0': 0.024885482501866917};-276.524567593312;38.768561267939056
24131;-99.4937225287172;((_a0_ * ((pow3(((x + _a4_) * _a3_)) + x) * _a3_)) + _a2_);{'d0': {'_a0_': 0.9791104223229077, '_a2_': -0.03154389827727265, '_a3_': 1.3633335299829576, '_a4_': 0.2081837228793374, '_a1_': 1.0, '_a5_': 1.0, '_a6_': 1.0, '_a7_': 1.0}};{'d0': 0.024885482501866917};-276.524567593312;38.768561267939056
24132;-99.4937225287172;((_a0_ * ((pow3(((x + _a4_) * _a3_)) + x) * _a3_)) + _a2_);{'d0': {'_a0_': 0.9791104223229077, '_a2_': -0.03154389827727265, '_a3_': 1.3633335299829576, '_a4_': 0.2081837228793374, '_a1_': 1.0, '_a5_': 1.0, '_a6_': 1.0, '_a7_': 1.0}};{'d0': 0.024885482501866917};-276.524567593312;38.768561267939056
24133;-99.4937225287172;((_a0_ * ((pow3(((x + _a4_) * _a3_)) + x) * _a3_)) + _a2_);{'d0': {'_a0_': 0.9791104223229077, '_a2_': -0.03154389827727265, '_a3_': 1.3633335299829576, '_a4_': 0.2081837228793374, '_a1_': 1.0, '_a5_': 1.0, '_a6_': 1.0, '_a7_': 1.0}};{'d0': 0.024885482501866917};-276.524567593312;38.768561267939056
24134;-96.4514336738684;(((pow2((_a6_ + (x + (_a2_ + _a1_)))) + _a6_) + _a1_) * (x / _a6_));{'d0': {'_a1_': 0.13224984125678552, '_a2_': -0.1164619204724877, '_a6_': 0.2961417869393803, '_a0_': 1.0, '_a3_': 1.0, '_a4_': 1.0, '_a5_': 1.0, '_a7_': 1.0}};{'d0': 0.02490583291941663};-280.569866449044;43.833499550653286
24135;-96.4514336738684;(((pow2((_a6_ + (x + (_a2_ + _a1_)))) + _a6_) + _a1_) * (x / _a6_));{'d0': {'_a1_': 0.13224984125678552, '_a2_': -0.1164619204724877, '_a6_': 0.2961417869393803, '_a0_': 1.0, '_a3_': 1.0, '_a4_': 1.0, '_a5_': 1.0, '_a7_': 1.0}};{'d0': 0.02490583291941663};-280.569866449044;43.833499550653286
24136;-96.4514336738684;(((pow2((_a6_ + (x + (_a2_ + _a1_)))) + _a6_) + _a1_) * (x / _a6_));{'d0': {'_a1_': 0.13224984125678552, '_a2_': -0.1164619204724877, '_a6_': 0.2961417869393803, '_a0_': 1.0, '_a3_': 1.0, '_a4_': 1.0, '_a5_': 1.0, '_a7_': 1.0}};{'d0': 0.02490583291941663};-280.569866449044;43.833499550653286
24137;-96.4514336738684;(((pow2((_a6_ + (x + (_a2_ + _a1_)))) + _a6_) + _a1_) * (x / _a6_));{'d0': {'_a1_': 0.13224984125678552, '_a2_': -0.1164619204724877, '_a6_': 0.2961417869393803, '_a0_': 1.0, '_a3_': 1.0, '_a4_': 1.0, '_a5_': 1.0, '_a7_': 1.0}};{'d0': 0.02490583291941663};-280.569866449044;43.833499550653286
24138;-96.4514336738682;(((pow2((_a6_ + (x + (_a2_ + _a1_)))) + x) + _a1_) * (x / _a6_));{'d0': {'_a1_': 0.4903213369848677, '_a2_': -0.9745334161182782, '_a6_': 0.2961417871619237, '_a0_': 1.0, '_a3_': 1.0, '_a4_': 1.0, '_a5_': 1.0, '_a7_': 1.0}};{'d0': 0.024905832919416806};-280.569866449043;43.833499550653286
24139;-96.4514336738682;(((pow2((_a6_ + (x + (_a2_ + _a1_)))) + x) + _a1_) * (x / _a6_));{'d0': {'_a1_': 0.4903213369848677, '_a2_': -0.9745334161182782, '_a6_': 0.2961417871619237, '_a0_': 1.0, '_a3_': 1.0, '_a4_': 1.0, '_a5_': 1.0, '_a7_': 1.0}};{'d0': 0.024905832919416806};-280.569866449043;43.833499550653286
24140;-96.4514336738682;(((pow2((_a6_ + (x + (_a2_ + _a1_)))) + x) + _a1_) * (x / _a6_));{'d0': {'_a1_': 0.4903213369848677, '_a2_': -0.9745334161182782, '_a6_': 0.2961417871619237, '_a0_': 1.0, '_a3_': 1.0, '_a4_': 1.0, '_a5_': 1.0, '_a7_': 1.0}};{'d0': 0.024905832919416806};-280.569866449043;43.833499550653286
24141;-96.4514336738682;(((pow2((_a6_ + (x + (_a2_ + _a1_)))) + x) + _a1_) * (x / _a6_));{'d0': {'_a1_': 0.4903213369848677, '_a2_': -0.9745334161182782, '_a6_': 0.2961417871619237, '_a0_': 1.0, '_a3_': 1.0, '_a4_': 1.0, '_a5_': 1.0, '_a7_': 1.0}};{'d0': 0.024905832919416806};-280.569866449043;43.833499550653286
24142;-96.4514336738682;(((pow2((_a6_ + (x + (_a2_ + _a1_)))) + x) + _a1_) * (x / _a6_));{'d0': {'_a1_': 0.4903213369848677, '_a2_': -0.9745334161182782, '_a6_': 0.2961417871619237, '_a0_': 1.0, '_a3_': 1.0, '_a4_': 1.0, '_a5_': 1.0, '_a7_': 1.0}};{'d0': 0.024905832919416806};-280.569866449043;43.833499550653286
24143;-96.4514336738682;(((pow2((_a6_ + (x + (_a2_ + _a1_)))) + x) + _a1_) * (x / _a6_));{'d0': {'_a1_': 0.4903213369848677, '_a2_': -0.9745334161182782, '_a6_': 0.2961417871619237, '_a0_': 1.0, '_a3_': 1.0, '_a4_': 1.0, '_a5_': 1.0, '_a7_': 1.0}};{'d0': 0.024905832919416806};-280.569866449043;43.833499550653286
24144;-96.4514336738682;(((pow2((_a6_ + (x + (_a2_ + _a1_)))) + x) + _a1_) * (x / _a6_));{'d0': {'_a1_': 0.4903213369848677, '_a2_': -0.9745334161182782, '_a6_': 0.2961417871619237, '_a0_': 1.0, '_a3_': 1.0, '_a4_': 1.0, '_a5_': 1.0, '_a7_': 1.0}};{'d0': 0.024905832919416806};-280.569866449043;43.833499550653286
24145;-96.4514336738682;(((pow2((_a6_ + (x + (_a2_ + _a1_)))) + x) + _a1_) * (x / _a6_));{'d0': {'_a1_': 0.4903213369848677, '_a2_': -0.9745334161182782, '_a6_': 0.2961417871619237, '_a0_': 1.0, '_a3_': 1.0, '_a4_': 1.0, '_a5_': 1.0, '_a7_': 1.0}};{'d0': 0.024905832919416806};-280.569866449043;43.833499550653286
24146;-96.4514336738682;(((pow2((_a6_ + (x + (_a2_ + _a1_)))) + x) + _a1_) * (x / _a6_));{'d0': {'_a1_': 0.4903213369848677, '_a2_': -0.9745334161182782, '_a6_': 0.2961417871619237, '_a0_': 1.0, '_a3_': 1.0, '_a4_': 1.0, '_a5_': 1.0, '_a7_': 1.0}};{'d0': 0.024905832919416806};-280.569866449043;43.833499550653286
24147;-96.4514336738682;(((pow2((_a6_ + (x + (_a2_ + _a1_)))) + x) + _a1_) * (x / _a6_));{'d0': {'_a1_': 0.4903213369848677, '_a2_': -0.9745334161182782, '_a6_': 0.2961417871619237, '_a0_': 1.0, '_a3_': 1.0, '_a4_': 1.0, '_a5_': 1.0, '_a7_': 1.0}};{'d0': 0.024905832919416806};-280.569866449043;43.833499550653286
24148;-96.4514336738682;(((pow2((_a6_ + (x + (_a2_ + _a1_)))) + x) + _a1_) * (x / _a6_));{'d0': {'_a1_': 0.4903213369848677, '_a2_': -0.9745334161182782, '_a6_': 0.2961417871619237, '_a0_': 1.0, '_a3_': 1.0, '_a4_': 1.0, '_a5_': 1.0, '_a7_': 1.0}};{'d0': 0.024905832919416806};-280.569866449043;43.833499550653286
24149;-96.4514336738682;(((pow2((_a6_ + (x + (_a2_ + _a1_)))) + x) + _a1_) * (x / _a6_));{'d0': {'_a1_': 0.4903213369848677, '_a2_': -0.9745334161182782, '_a6_': 0.2961417871619237, '_a0_': 1.0, '_a3_': 1.0, '_a4_': 1.0, '_a5_': 1.0, '_a7_': 1.0}};{'d0': 0.024905832919416806};-280.569866449043;43.833499550653286
24150;-96.4514336738682;(((pow2((_a6_ + (x + (_a2_ + _a1_)))) + x) + _a1_) * (x / _a6_));{'d0': {'_a1_': 0.4903213369848677, '_a2_': -0.9745334161182782, '_a6_': 0.2961417871619237, '_a0_': 1.0, '_a3_': 1.0, '_a4_': 1.0, '_a5_': 1.0, '_a7_': 1.0}};{'d0': 0.024905832919416806};-280.569866449043;43.833499550653286
24151;-96.4514336738684;(((pow2((_a6_ + (x + (_a2_ + _a1_)))) + _a6_) + _a1_) * (x / _a6_));{'d0': {'_a1_': 0.13224984125678552, '_a2_': -0.1164619204724877, '_a6_': 0.2961417869393803, '_a0_': 1.0, '_a3_': 1.0, '_a4_': 1.0, '_a5_': 1.0, '_a7_': 1.0}};{'d0': 0.02490583291941663};-280.569866449044;43.833499550653286
24152;-96.4514336738684;(((pow2((_a6_ + (x + (_a2_ + _a1_)))) + _a6_) + _a1_) * (x / _a6_));{'d0': {'_a1_': 0.13224984125678552, '_a2_': -0.1164619204724877, '_a6_': 0.2961417869393803, '_a0_': 1.0, '_a3_': 1.0, '_a4_': 1.0, '_a5_': 1.0, '_a7_': 1.0}};{'d0': 0.02490583291941663};-280.569866449044;43.833499550653286
24153;-96.4514336738684;(((pow2((_a6_ + (x + (_a2_ + _a1_)))) + _a6_) + _a1_) * (x / _a6_));{'d0': {'_a1_': 0.13224984125678552, '_a2_': -0.1164619204724877, '_a6_': 0.2961417869393803, '_a0_': 1.0, '_a3_': 1.0, '_a4_': 1.0, '_a5_': 1.0, '_a7_': 1.0}};{'d0': 0.02490583291941663};-280.569866449044;43.833499550653286
24154;-96.4514336738684;(((pow2((_a6_ + (x + (_a2_ + _a1_)))) + _a6_) + _a1_) * (x / _a6_));{'d0': {'_a1_': 0.13224984125678552, '_a2_': -0.1164619204724877, '_a6_': 0.2961417869393803, '_a0_': 1.0, '_a3_': 1.0, '_a4_': 1.0, '_a5_': 1.0, '_a7_': 1.0}};{'d0': 0.02490583291941663};-280.569866449044;43.833499550653286
24155;-96.4514336738684;(((pow2((_a6_ + (x + (_a2_ + _a1_)))) + _a6_) + _a1_) * (x / _a6_));{'d0': {'_a1_': 0.13224984125678552, '_a2_': -0.1164619204724877, '_a6_': 0.2961417869393803, '_a0_': 1.0, '_a3_': 1.0, '_a4_': 1.0, '_a5_': 1.0, '_a7_': 1.0}};{'d0': 0.02490583291941663};-280.569866449044;43.833499550653286
24156;-96.4514336738684;(((pow2((_a6_ + (x + (_a2_ + _a1_)))) + _a6_) + _a1_) * (x / _a6_));{'d0': {'_a1_': 0.13224984125678552, '_a2_': -0.1164619204724877, '_a6_': 0.2961417869393803, '_a0_': 1.0, '_a3_': 1.0, '_a4_': 1.0, '_a5_': 1.0, '_a7_': 1.0}};{'d0': 0.02490583291941663};-280.569866449044;43.833499550653286
24157;-96.4514336738684;(((pow2((_a6_ + (x + (_a2_ + _a1_)))) + _a6_) + _a1_) * (x / _a6_));{'d0': {'_a1_': 0.13224984125678552, '_a2_': -0.1164619204724877, '_a6_': 0.2961417869393803, '_a0_': 1.0, '_a3_': 1.0, '_a4_': 1.0, '_a5_': 1.0, '_a7_': 1.0}};{'d0': 0.02490583291941663};-280.569866449044;43.833499550653286
24158;-96.4514336738684;(((pow2((_a6_ + (x + (_a2_ + _a1_)))) + _a6_) + _a1_) * (x / _a6_));{'d0': {'_a1_': 0.13224984125678552, '_a2_': -0.1164619204724877, '_a6_': 0.2961417869393803, '_a0_': 1.0, '_a3_': 1.0, '_a4_': 1.0, '_a5_': 1.0, '_a7_': 1.0}};{'d0': 0.02490583291941663};-280.569866449044;43.833499550653286
24159;-96.4514336738684;(((pow2((_a6_ + (x + (_a2_ + _a1_)))) + _a6_) + _a1_) * (x / _a6_));{'d0': {'_a1_': 0.13224984125678552, '_a2_': -0.1164619204724877, '_a6_': 0.2961417869393803, '_a0_': 1.0, '_a3_': 1.0, '_a4_': 1.0, '_a5_': 1.0, '_a7_': 1.0}};{'d0': 0.02490583291941663};-280.569866449044;43.833499550653286
24160;-96.4514336738683;(((pow2((_a6_ + (x + (_a7_ + _a1_)))) + _a6_) + _a1_) * (x / _a6_));{'d0': {'_a1_': 0.13224984021670008, '_a6_': 0.29614178611900505, '_a7_': -0.11646191833679892, '_a0_': 1.0, '_a2_': 1.0, '_a3_': 1.0, '_a4_': 1.0, '_a5_': 1.0}};{'d0': 0.02490583291941671};-280.569866449043;43.833499550653286
24161;-96.4514336738683;(((pow2((_a6_ + (x + (_a7_ + _a1_)))) + _a6_) + _a1_) * (x / _a6_));{'d0': {'_a1_': 0.13224984021670008, '_a6_': 0.29614178611900505, '_a7_': -0.11646191833679892, '_a0_': 1.0, '_a2_': 1.0, '_a3_': 1.0, '_a4_': 1.0, '_a5_': 1.0}};{'d0': 0.02490583291941671};-280.569866449043;43.833499550653286
24162;-89.5996360399214;(((pow2((_a6_ + (x + (_a7_ + (_a7_ * _a4_))))) + _a6_) + _a1_) * (x / _a6_));{'d0': {'_a1_': 0.13224984054790953, '_a4_': 0.005933734420917924, '_a6_': 0.2961417863046642, '_a7_': 0.015694782716785278, '_a0_': 1.0, '_a2_': 1.0, '_a3_': 1.0, '_a5_': 1.0}};{'d0': 0.024905832919435694};-276.475521886776;48.638124903466284
24163;-89.5996360399214;(((pow2((_a6_ + (x + (_a7_ + (_a7_ * _a4_))))) + _a6_) + _a1_) * (x / _a6_));{'d0': {'_a1_': 0.13224984054790953, '_a4_': 0.005933734420917924, '_a6_': 0.2961417863046642, '_a7_': 0.015694782716785278, '_a0_': 1.0, '_a2_': 1.0, '_a3_': 1.0, '_a5_': 1.0}};{'d0': 0.024905832919435694};-276.475521886776;48.638124903466284
24164;-91.0853655392084;(((pow2((_a6_ + (x + (_a7_ + exp(_a6_))))) + _a6_) + _a1_) * (x / _a6_));{'d0': {'_a1_': 0.13224984067038645, '_a6_': 0.296141786542601, '_a7_': -1.328872876913901, '_a0_': 1.0, '_a2_': 1.0, '_a3_': 1.0, '_a4_': 1.0, '_a5_': 1.0}};{'d0': 0.024905832919416632};-280.569866449044;49.19956768531328
24165;-89.0381932579373;(((pow2((_a6_ + (x + (_a7_ + exp(_a5_))))) + _a6_) + _a1_) * (x / _a6_));{'d0': {'_a1_': 0.13224984106304383, '_a5_': 0.9988019827545586, '_a6_': 0.29614178679955827, '_a7_': -2.699239281958585, '_a0_': 1.0, '_a2_': 1.0, '_a3_': 1.0, '_a4_': 1.0}};{'d0': 0.02490583291954951};-276.475521886501;49.19956768531328
24166;-96.4514336738684;(((pow2((_a6_ + (x + (_a7_ + x)))) + _a6_) + _a1_) * (x / _a6_));{'d0': {'_a1_': 0.5289993633419647, '_a6_': 1.1845671468228525, '_a7_': -0.5607077313588943, '_a0_': 1.0, '_a2_': 1.0, '_a3_': 1.0, '_a4_': 1.0, '_a5_': 1.0}};{'d0': 0.02490583291941665};-280.569866449044;43.833499550653286
24167;-91.5223995189860;(((((_a2_ + ((x + _a0_) * x)) / _a0_) + _a3_) * ((_a2_ * _a0_) * x)) / _a3_);{'d0': {'_a0_': 0.6238594157103776, '_a2_': 0.44371504290740627, '_a3_': 0.13140256567230899, '_a1_': 1.0, '_a4_': 1.0, '_a5_': 1.0, '_a6_': 1.0, '_a7_': 1.0}};{'d0': 0.024905832919416677};-280.569866449043;48.7625337055357
24168;-97.0127026927885;(((pow2((_a6_ + (x + log(_a2_)))) + _a6_) + _a1_) * (x / _a6_));{'d0': {'_a1_': 0.13224984044336247, '_a2_': 1.0159132090309793, '_a6_': 0.2961417864019967, '_a0_': 1.0, '_a3_': 1.0, '_a4_': 1.0, '_a5_': 1.0, '_a7_': 1.0}};{'d0': 0.02490583291941658};-280.569866449044;43.272230531733285
24169;-97.0127026927885;(((pow2((_a6_ + (x + log(_a2_)))) + _a6_) + _a1_) * (x / _a6_));{'d0': {'_a1_': 0.13224984044336247, '_a2_': 1.0159132090309793, '_a6_': 0.2961417864019967, '_a0_': 1.0, '_a3_': 1.0, '_a4_': 1.0, '_a5_': 1.0, '_a7_': 1.0}};{'d0': 0.02490583291941658};-280.569866449044;43.272230531733285
24170;-97.0127026927885;(((pow2((_a6_ + (x + log(_a2_)))) + _a6_) + _a1_) * (x / _a6_));{'d0': {'_a1_': 0.13224984044336247, '_a2_': 1.0159132090309793, '_a6_': 0.2961417864019967, '_a0_': 1.0, '_a3_': 1.0, '_a4_': 1.0, '_a5_': 1.0, '_a7_': 1.0}};{'d0': 0.02490583291941658};-280.569866449044;43.272230531733285
24171;-97.0960809336711;(((pow2((_a6_ + (x + log(_a2_)))) + _a6_) / _a1_) * (x / _a6_));{'d0': {'_a1_': 0.6912875219369397, '_a2_': 0.8900639900461929, '_a6_': 0.42839162768678385, '_a0_': 1.0, '_a3_': 1.0, '_a4_': 1.0, '_a5_': 1.0, '_a7_': 1.0}};{'d0': 0.024905832919416677};-280.569866449043;43.188852290850484
24172;-97.0960809336711;(((pow2((_a6_ + (x + log(_a2_)))) + _a6_) / _a1_) * (x / _a6_));{'d0': {'_a1_': 0.6912875219369397, '_a2_': 0.8900639900461929, '_a6_': 0.42839162768678385, '_a0_': 1.0, '_a3_': 1.0, '_a4_': 1.0, '_a5_': 1.0, '_a7_': 1.0}};{'d0': 0.024905832919416677};-280.569866449043;43.188852290850484
24173;-97.0960809336711;(((pow2((_a6_ + (x + log(_a2_)))) + _a6_) / _a1_) * (x / _a6_));{'d0': {'_a1_': 0.6912875219369397, '_a2_': 0.8900639900461929, '_a6_': 0.42839162768678385, '_a0_': 1.0, '_a3_': 1.0, '_a4_': 1.0, '_a5_': 1.0, '_a7_': 1.0}};{'d0': 0.024905832919416677};-280.569866449043;43.188852290850484
24174;-97.0960809336711;(((pow2((_a6_ + (x + log(_a2_)))) + _a6_) / _a1_) * (x / _a6_));{'d0': {'_a1_': 0.6912875219369397, '_a2_': 0.8900639900461929, '_a6_': 0.42839162768678385, '_a0_': 1.0, '_a3_': 1.0, '_a4_': 1.0, '_a5_': 1.0, '_a7_': 1.0}};{'d0': 0.024905832919416677};-280.569866449043;43.188852290850484
24175;-97.0960809336711;(((pow2((_a6_ + (x + log(_a2_)))) + _a6_) / _a1_) * (x / _a6_));{'d0': {'_a1_': 0.6912875219369397, '_a2_': 0.8900639900461929, '_a6_': 0.42839162768678385, '_a0_': 1.0, '_a3_': 1.0, '_a4_': 1.0, '_a5_': 1.0, '_a7_': 1.0}};{'d0': 0.024905832919416677};-280.569866449043;43.188852290850484
24176;-97.0960809336711;(((pow2((_a6_ + (x + log(_a2_)))) + _a6_) / _a1_) * (x / _a6_));{'d0': {'_a1_': 0.6912875219369397, '_a2_': 0.8900639900461929, '_a6_': 0.42839162768678385, '_a0_': 1.0, '_a3_': 1.0, '_a4_': 1.0, '_a5_': 1.0, '_a7_': 1.0}};{'d0': 0.024905832919416677};-280.569866449043;43.188852290850484
24177;-97.0960809336711;(((pow2((_a6_ + (x + log(_a2_)))) + _a6_) / _a1_) * (x / _a6_));{'d0': {'_a1_': 0.6912875219369397, '_a2_': 0.8900639900461929, '_a6_': 0.42839162768678385, '_a0_': 1.0, '_a3_': 1.0, '_a4_': 1.0, '_a5_': 1.0, '_a7_': 1.0}};{'d0': 0.024905832919416677};-280.569866449043;43.188852290850484
24178;-97.0960809336711;(((pow2((_a6_ + (x + log(_a2_)))) + _a6_) / _a1_) * (x / _a6_));{'d0': {'_a1_': 0.6912875219369397, '_a2_': 0.8900639900461929, '_a6_': 0.42839162768678385, '_a0_': 1.0, '_a3_': 1.0, '_a4_': 1.0, '_a5_': 1.0, '_a7_': 1.0}};{'d0': 0.024905832919416677};-280.569866449043;43.188852290850484
24179;-97.0960809336711;(((pow2((_a6_ + (x + log(_a2_)))) + _a6_) / _a1_) * (x / _a6_));{'d0': {'_a1_': 0.6912875219369397, '_a2_': 0.8900639900461929, '_a6_': 0.42839162768678385, '_a0_': 1.0, '_a3_': 1.0, '_a4_': 1.0, '_a5_': 1.0, '_a7_': 1.0}};{'d0': 0.024905832919416677};-280.569866449043;43.188852290850484
24180;-92.3379251153543;(((((_a2_ + ((x + _a2_) * x)) / _a0_) + _a3_) * ((_a2_ * _a0_) * x)) * _a3_);{'d0': {'_a0_': -0.01813655501110006, '_a2_': 0.6238594155106741, '_a3_': 5.412695219026414, '_a1_': 1.0, '_a4_': 1.0, '_a5_': 1.0, '_a6_': 1.0, '_a7_': 1.0}};{'d0': 0.024905832919416615};-280.569866449044;47.947008109167506
24181;-92.3379251153543;(((((_a2_ + ((x + _a2_) * x)) / _a0_) + _a3_) * ((_a2_ * _a0_) * x)) * _a3_);{'d0': {'_a0_': -0.01813655501110006, '_a2_': 0.6238594155106741, '_a3_': 5.412695219026414, '_a1_': 1.0, '_a4_': 1.0, '_a5_': 1.0, '_a6_': 1.0, '_a7_': 1.0}};{'d0': 0.024905832919416615};-280.569866449044;47.947008109167506
24182;-92.3379251153543;(((((_a2_ + ((x + _a2_) * x)) / _a0_) + _a3_) * ((_a2_ * _a0_) * x)) * _a3_);{'d0': {'_a0_': -0.01813655501110006, '_a2_': 0.6238594155106741, '_a3_': 5.412695219026414, '_a1_': 1.0, '_a4_': 1.0, '_a5_': 1.0, '_a6_': 1.0, '_a7_': 1.0}};{'d0': 0.024905832919416615};-280.569866449044;47.947008109167506
24183;-92.3379251153543;(((((_a2_ + ((x + _a2_) * x)) / _a0_) + _a3_) * ((_a2_ * _a0_) * x)) * _a3_);{'d0': {'_a0_': -0.01813655501110006, '_a2_': 0.6238594155106741, '_a3_': 5.412695219026414, '_a1_': 1.0, '_a4_': 1.0, '_a5_': 1.0, '_a6_': 1.0, '_a7_': 1.0}};{'d0': 0.024905832919416615};-280.569866449044;47.947008109167506
24184;-92.3379251153543;(((((_a2_ + ((x + _a2_) * x)) / _a0_) + _a3_) * ((_a2_ * _a0_) * x)) * _a3_);{'d0': {'_a0_': -0.01813655501110006, '_a2_': 0.6238594155106741, '_a3_': 5.412695219026414, '_a1_': 1.0, '_a4_': 1.0, '_a5_': 1.0, '_a6_': 1.0, '_a7_': 1.0}};{'d0': 0.024905832919416615};-280.569866449044;47.947008109167506
24185;-92.3379251153543;(((((_a2_ + ((x + _a2_) * x)) / _a0_) + _a3_) * ((_a2_ * _a0_) * x)) * _a3_);{'d0': {'_a0_': -0.01813655501110006, '_a2_': 0.6238594155106741, '_a3_': 5.412695219026414, '_a1_': 1.0, '_a4_': 1.0, '_a5_': 1.0, '_a6_': 1.0, '_a7_': 1.0}};{'d0': 0.024905832919416615};-280.569866449044;47.947008109167506
24186;-92.3379251153543;(((((_a2_ + ((x + _a2_) * x)) / _a0_) + _a3_) * ((_a2_ * _a0_) * x)) * _a3_);{'d0': {'_a0_': -0.01813655501110006, '_a2_': 0.6238594155106741, '_a3_': 5.412695219026414, '_a1_': 1.0, '_a4_': 1.0, '_a5_': 1.0, '_a6_': 1.0, '_a7_': 1.0}};{'d0': 0.024905832919416615};-280.569866449044;47.947008109167506
24187;-92.3379251153543;(((((_a2_ + ((x + _a2_) * x)) / _a0_) + _a3_) * ((_a2_ * _a0_) * x)) * _a3_);{'d0': {'_a0_': -0.01813655501110006, '_a2_': 0.6238594155106741, '_a3_': 5.412695219026414, '_a1_': 1.0, '_a4_': 1.0, '_a5_': 1.0, '_a6_': 1.0, '_a7_': 1.0}};{'d0': 0.024905832919416615};-280.569866449044;47.947008109167506
24188;-92.3379251153543;(((((_a2_ + ((x + _a2_) * x)) / _a0_) + _a3_) * ((_a2_ * _a0_) * x)) * _a3_);{'d0': {'_a0_': -0.01813655501110006, '_a2_': 0.6238594155106741, '_a3_': 5.412695219026414, '_a1_': 1.0, '_a4_': 1.0, '_a5_': 1.0, '_a6_': 1.0, '_a7_': 1.0}};{'d0': 0.024905832919416615};-280.569866449044;47.947008109167506
24189;-92.3379251153543;(((((_a2_ + ((x + _a2_) * x)) / _a0_) + _a3_) * ((_a2_ * _a0_) * x)) * _a3_);{'d0': {'_a0_': -0.01813655501110006, '_a2_': 0.6238594155106741, '_a3_': 5.412695219026414, '_a1_': 1.0, '_a4_': 1.0, '_a5_': 1.0, '_a6_': 1.0, '_a7_': 1.0}};{'d0': 0.024905832919416615};-280.569866449044;47.947008109167506
24190;-92.3379251153543;(((((_a2_ + ((x + _a2_) * x)) / _a0_) + _a3_) * ((_a2_ * _a0_) * x)) * _a3_);{'d0': {'_a0_': -0.01813655501110006, '_a2_': 0.6238594155106741, '_a3_': 5.412695219026414, '_a1_': 1.0, '_a4_': 1.0, '_a5_': 1.0, '_a6_': 1.0, '_a7_': 1.0}};{'d0': 0.024905832919416615};-280.569866449044;47.947008109167506
24191;-92.3379251153543;(((((_a2_ + ((x + _a2_) * x)) / _a0_) + _a3_) * ((_a2_ * _a0_) * x)) * _a3_);{'d0': {'_a0_': -0.01813655501110006, '_a2_': 0.6238594155106741, '_a3_': 5.412695219026414, '_a1_': 1.0, '_a4_': 1.0, '_a5_': 1.0, '_a6_': 1.0, '_a7_': 1.0}};{'d0': 0.024905832919416615};-280.569866449044;47.947008109167506
24192;-92.3379251153543;(((((_a2_ + ((x + _a2_) * x)) / _a0_) + _a3_) * ((_a2_ * _a0_) * x)) * _a3_);{'d0': {'_a0_': -0.01813655501110006, '_a2_': 0.6238594155106741, '_a3_': 5.412695219026414, '_a1_': 1.0, '_a4_': 1.0, '_a5_': 1.0, '_a6_': 1.0, '_a7_': 1.0}};{'d0': 0.024905832919416615};-280.569866449044;47.947008109167506
24193;-92.3379251153543;(((((_a2_ + ((x + _a2_) * x)) / _a0_) + _a3_) * ((_a2_ * _a0_) * x)) * _a3_);{'d0': {'_a0_': -0.01813655501110006, '_a2_': 0.6238594155106741, '_a3_': 5.412695219026414, '_a1_': 1.0, '_a4_': 1.0, '_a5_': 1.0, '_a6_': 1.0, '_a7_': 1.0}};{'d0': 0.024905832919416615};-280.569866449044;47.947008109167506
24194;-92.3379251153543;(((((_a2_ + ((x + _a2_) * x)) / _a0_) + _a3_) * ((_a2_ * _a0_) * x)) * _a3_);{'d0': {'_a0_': -0.01813655501110006, '_a2_': 0.6238594155106741, '_a3_': 5.412695219026414, '_a1_': 1.0, '_a4_': 1.0, '_a5_': 1.0, '_a6_': 1.0, '_a7_': 1.0}};{'d0': 0.024905832919416615};-280.569866449044;47.947008109167506
24195;-92.3379251153543;(((((_a2_ + ((x + _a2_) * x)) / _a0_) + _a3_) * ((_a2_ * _a0_) * x)) * _a3_);{'d0': {'_a0_': -0.01813655501110006, '_a2_': 0.6238594155106741, '_a3_': 5.412695219026414, '_a1_': 1.0, '_a4_': 1.0, '_a5_': 1.0, '_a6_': 1.0, '_a7_': 1.0}};{'d0': 0.024905832919416615};-280.569866449044;47.947008109167506
24196;-92.3379251153543;(((((_a2_ + ((x + _a2_) * x)) / _a0_) + _a3_) * ((_a2_ * _a0_) * x)) * _a3_);{'d0': {'_a0_': -0.01813655501110006, '_a2_': 0.6238594155106741, '_a3_': 5.412695219026414, '_a1_': 1.0, '_a4_': 1.0, '_a5_': 1.0, '_a6_': 1.0, '_a7_': 1.0}};{'d0': 0.024905832919416615};-280.569866449044;47.947008109167506
24197;-92.3379251153543;(((((_a2_ + ((x + _a2_) * x)) / _a0_) + _a3_) * ((_a2_ * _a0_) * x)) * _a3_);{'d0': {'_a0_': -0.01813655501110006, '_a2_': 0.6238594155106741, '_a3_': 5.412695219026414, '_a1_': 1.0, '_a4_': 1.0, '_a5_': 1.0, '_a6_': 1.0, '_a7_': 1.0}};{'d0': 0.024905832919416615};-280.569866449044;47.947008109167506
24198;-92.3379251153543;(((((_a2_ + ((x + _a2_) * x)) / _a0_) + _a3_) * ((_a2_ * _a0_) * x)) * _a3_);{'d0': {'_a0_': -0.01813655501110006, '_a2_': 0.6238594155106741, '_a3_': 5.412695219026414, '_a1_': 1.0, '_a4_': 1.0, '_a5_': 1.0, '_a6_': 1.0, '_a7_': 1.0}};{'d0': 0.024905832919416615};-280.569866449044;47.947008109167506
24199;-88.6399906427442;(((((_a2_ + ((x + _a2_) * x)) / _a0_) + pow2(_a2_)) * ((_a2_ * _a0_) * x)) * _a3_);{'d0': {'_a0_': -0.2522289346729787, '_a2_': 0.6238594156321133, '_a3_': 5.412695222660539, '_a1_': 1.0, '_a4_': 1.0, '_a5_': 1.0, '_a6_': 1.0, '_a7_': 1.0}};{'d0': 0.02490583291941667};-280.569866449043;51.64494258177751
24200;-88.6399906427442;(((((_a2_ + ((x + _a2_) * x)) / _a0_) + pow2(_a2_)) * ((_a2_ * _a0_) * x)) * _a3_);{'d0': {'_a0_': -0.2522289346729787, '_a2_': 0.6238594156321133, '_a3_': 5.412695222660539, '_a1_': 1.0, '_a4_': 1.0, '_a5_': 1.0, '_a6_': 1.0, '_a7_': 1.0}};{'d0': 0.02490583291941667};-280.569866449043;51.64494258177751
24201;-88.6399906427442;(((((_a2_ + ((x + _a2_) * x)) / _a0_) + pow2(_a2_)) * ((_a2_ * _a0_) * x)) * _a3_);{'d0': {'_a0_': -0.2522289346729787, '_a2_': 0.6238594156321133, '_a3_': 5.412695222660539, '_a1_': 1.0, '_a4_': 1.0, '_a5_': 1.0, '_a6_': 1.0, '_a7_': 1.0}};{'d0': 0.02490583291941667};-280.569866449043;51.64494258177751
24202;-88.6399906427442;(((((_a2_ + ((x + _a2_) * x)) / _a0_) + pow2(_a2_)) * ((_a2_ * _a0_) * x)) * _a3_);{'d0': {'_a0_': -0.2522289346729787, '_a2_': 0.6238594156321133, '_a3_': 5.412695222660539, '_a1_': 1.0, '_a4_': 1.0, '_a5_': 1.0, '_a6_': 1.0, '_a7_': 1.0}};{'d0': 0.02490583291941667};-280.569866449043;51.64494258177751
24203;-88.6399906427442;(((((_a2_ + ((x + _a2_) * x)) / _a0_) + pow2(_a2_)) * ((_a2_ * _a0_) * x)) * _a3_);{'d0': {'_a0_': -0.2522289346729787, '_a2_': 0.6238594156321133, '_a3_': 5.412695222660539, '_a1_': 1.0, '_a4_': 1.0, '_a5_': 1.0, '_a6_': 1.0, '_a7_': 1.0}};{'d0': 0.02490583291941667};-280.569866449043;51.64494258177751
24204;-88.6399906427442;(((((_a2_ + ((x + _a2_) * x)) / _a0_) + pow2(_a2_)) * ((_a2_ * _a0_) * x)) * _a3_);{'d0': {'_a0_': -0.2522289346729787, '_a2_': 0.6238594156321133, '_a3_': 5.412695222660539, '_a1_': 1.0, '_a4_': 1.0, '_a5_': 1.0, '_a6_': 1.0, '_a7_': 1.0}};{'d0': 0.02490583291941667};-280.569866449043;51.64494258177751
24205;-88.6399906427442;(((((_a2_ + ((x + _a2_) * x)) / _a0_) + pow2(_a2_)) * ((_a2_ * _a0_) * x)) * _a3_);{'d0': {'_a0_': -0.2522289346729787, '_a2_': 0.6238594156321133, '_a3_': 5.412695222660539, '_a1_': 1.0, '_a4_': 1.0, '_a5_': 1.0, '_a6_': 1.0, '_a7_': 1.0}};{'d0': 0.02490583291941667};-280.569866449043;51.64494258177751
24206;-88.6399906427442;(((((_a2_ + ((x + _a2_) * x)) / _a0_) + pow2(_a2_)) * ((_a2_ * _a0_) * x)) * _a3_);{'d0': {'_a0_': -0.2522289346729787, '_a2_': 0.6238594156321133, '_a3_': 5.412695222660539, '_a1_': 1.0, '_a4_': 1.0, '_a5_': 1.0, '_a6_': 1.0, '_a7_': 1.0}};{'d0': 0.02490583291941667};-280.569866449043;51.64494258177751
24207;-88.6399906427442;(((((_a2_ + ((x + _a2_) * x)) / _a0_) + pow2(_a2_)) * ((_a2_ * _a0_) * x)) * _a3_);{'d0': {'_a0_': -0.2522289346729787, '_a2_': 0.6238594156321133, '_a3_': 5.412695222660539, '_a1_': 1.0, '_a4_': 1.0, '_a5_': 1.0, '_a6_': 1.0, '_a7_': 1.0}};{'d0': 0.02490583291941667};-280.569866449043;51.64494258177751
24208;-88.6399906427442;(((((_a2_ + ((x + _a2_) * x)) / _a0_) + pow2(_a2_)) * ((_a2_ * _a0_) * x)) * _a3_);{'d0': {'_a0_': -0.2522289346729787, '_a2_': 0.6238594156321133, '_a3_': 5.412695222660539, '_a1_': 1.0, '_a4_': 1.0, '_a5_': 1.0, '_a6_': 1.0, '_a7_': 1.0}};{'d0': 0.02490583291941667};-280.569866449043;51.64494258177751
24209;-88.6399906427442;(((((_a2_ + ((x + _a2_) * x)) / _a0_) + pow2(_a2_)) * ((_a2_ * _a0_) * x)) * _a3_);{'d0': {'_a0_': -0.2522289346729787, '_a2_': 0.6238594156321133, '_a3_': 5.412695222660539, '_a1_': 1.0, '_a4_': 1.0, '_a5_': 1.0, '_a6_': 1.0, '_a7_': 1.0}};{'d0': 0.02490583291941667};-280.569866449043;51.64494258177751
24210;-88.6399906427442;(((((_a2_ + ((x + _a2_) * x)) / _a0_) + pow2(_a2_)) * ((_a2_ * _a0_) * x)) * _a3_);{'d0': {'_a0_': -0.2522289346729787, '_a2_': 0.6238594156321133, '_a3_': 5.412695222660539, '_a1_': 1.0, '_a4_': 1.0, '_a5_': 1.0, '_a6_': 1.0, '_a7_': 1.0}};{'d0': 0.02490583291941667};-280.569866449043;51.64494258177751
24211;-88.6399906427442;(((((_a2_ + ((x + _a2_) * x)) / _a0_) + pow2(_a2_)) * ((_a2_ * _a0_) * x)) * _a3_);{'d0': {'_a0_': -0.2522289346729787, '_a2_': 0.6238594156321133, '_a3_': 5.412695222660539, '_a1_': 1.0, '_a4_': 1.0, '_a5_': 1.0, '_a6_': 1.0, '_a7_': 1.0}};{'d0': 0.02490583291941667};-280.569866449043;51.64494258177751
24212;-88.6399906427442;(((((_a2_ + ((x + _a2_) * x)) / _a0_) + pow2(_a2_)) * ((_a2_ * _a0_) * x)) * _a3_);{'d0': {'_a0_': -0.2522289346729787, '_a2_': 0.6238594156321133, '_a3_': 5.412695222660539, '_a1_': 1.0, '_a4_': 1.0, '_a5_': 1.0, '_a6_': 1.0, '_a7_': 1.0}};{'d0': 0.02490583291941667};-280.569866449043;51.64494258177751
24213;-88.6399906427442;(((((_a2_ + ((x + _a2_) * x)) / _a0_) + pow2(_a2_)) * ((_a2_ * _a0_) * x)) * _a3_);{'d0': {'_a0_': -0.2522289346729787, '_a2_': 0.6238594156321133, '_a3_': 5.412695222660539, '_a1_': 1.0, '_a4_': 1.0, '_a5_': 1.0, '_a6_': 1.0, '_a7_': 1.0}};{'d0': 0.02490583291941667};-280.569866449043;51.64494258177751
24214;-88.6399906427442;(((((_a2_ + ((x + _a2_) * x)) / _a0_) + pow2(_a2_)) * ((_a2_ * _a0_) * x)) * _a3_);{'d0': {'_a0_': -0.2522289346729787, '_a2_': 0.6238594156321133, '_a3_': 5.412695222660539, '_a1_': 1.0, '_a4_': 1.0, '_a5_': 1.0, '_a6_': 1.0, '_a7_': 1.0}};{'d0': 0.02490583291941667};-280.569866449043;51.64494258177751
24215;-88.6399906427442;(((((_a2_ + ((x + _a2_) * x)) / _a0_) + pow2(_a2_)) * ((_a2_ * _a0_) * x)) * _a3_);{'d0': {'_a0_': -0.2522289346729787, '_a2_': 0.6238594156321133, '_a3_': 5.412695222660539, '_a1_': 1.0, '_a4_': 1.0, '_a5_': 1.0, '_a6_': 1.0, '_a7_': 1.0}};{'d0': 0.02490583291941667};-280.569866449043;51.64494258177751
24216;-88.6399906427442;(((((_a2_ + ((x + _a2_) * x)) / _a0_) + pow2(_a2_)) * ((_a2_ * _a0_) * x)) * _a3_);{'d0': {'_a0_': -0.2522289346729787, '_a2_': 0.6238594156321133, '_a3_': 5.412695222660539, '_a1_': 1.0, '_a4_': 1.0, '_a5_': 1.0, '_a6_': 1.0, '_a7_': 1.0}};{'d0': 0.02490583291941667};-280.569866449043;51.64494258177751
24217;-88.6399906427442;(((((_a2_ + ((x + _a2_) * x)) / _a0_) + pow2(_a2_)) * ((_a2_ * _a0_) * x)) * _a3_);{'d0': {'_a0_': -0.2522289346729787, '_a2_': 0.6238594156321133, '_a3_': 5.412695222660539, '_a1_': 1.0, '_a4_': 1.0, '_a5_': 1.0, '_a6_': 1.0, '_a7_': 1.0}};{'d0': 0.02490583291941667};-280.569866449043;51.64494258177751
24218;-88.6399906427442;(((((_a2_ + ((x + _a2_) * x)) / _a0_) + pow2(_a2_)) * ((_a2_ * _a0_) * x)) * _a3_);{'d0': {'_a0_': -0.2522289346729787, '_a2_': 0.6238594156321133, '_a3_': 5.412695222660539, '_a1_': 1.0, '_a4_': 1.0, '_a5_': 1.0, '_a6_': 1.0, '_a7_': 1.0}};{'d0': 0.02490583291941667};-280.569866449043;51.64494258177751
24219;-88.6399906427442;(((((_a2_ + ((x + _a2_) * x)) / _a0_) + pow2(_a2_)) * ((_a2_ * _a0_) * x)) * _a3_);{'d0': {'_a0_': -0.2522289346729787, '_a2_': 0.6238594156321133, '_a3_': 5.412695222660539, '_a1_': 1.0, '_a4_': 1.0, '_a5_': 1.0, '_a6_': 1.0, '_a7_': 1.0}};{'d0': 0.02490583291941667};-280.569866449043;51.64494258177751
24220;-92.3379251153543;(((((_a2_ + ((x + _a2_) * x)) / _a0_) + _a3_) * ((_a2_ * _a0_) * x)) * _a3_);{'d0': {'_a0_': -0.01813655501110006, '_a2_': 0.6238594155106741, '_a3_': 5.412695219026414, '_a1_': 1.0, '_a4_': 1.0, '_a5_': 1.0, '_a6_': 1.0, '_a7_': 1.0}};{'d0': 0.024905832919416615};-280.569866449044;47.947008109167506
24221;-92.3379251153543;(((((_a2_ + ((x + _a2_) * x)) / _a0_) + _a3_) * ((_a2_ * _a0_) * x)) * _a3_);{'d0': {'_a0_': -0.01813655501110006, '_a2_': 0.6238594155106741, '_a3_': 5.412695219026414, '_a1_': 1.0, '_a4_': 1.0, '_a5_': 1.0, '_a6_': 1.0, '_a7_': 1.0}};{'d0': 0.024905832919416615};-280.569866449044;47.947008109167506
24222;-93.1644716662833;(((((_a2_ * ((x + _a2_) * x)) / _a0_) + _a3_) * ((_a2_ * _a0_) * x)) * _a3_);{'d0': {'_a0_': 0.03779993666121525, '_a2_': 0.6238594154145697, '_a3_': 8.676145765464328, '_a1_': 1.0, '_a4_': 1.0, '_a5_': 1.0, '_a6_': 1.0, '_a7_': 1.0}};{'d0': 0.024905832919416594};-280.569866449044;47.1204615582385
24223;-91.1172993832674;(((((_a2_ * ((x + _a2_) * x)) / _a0_) + _a3_) * ((_a2_ * _a0_) * x)) * _a5_);{'d0': {'_a0_': 0.03773529863870932, '_a2_': 0.6238594154355828, '_a3_': 8.69100585036313, '_a5_': 8.676145763887908, '_a1_': 1.0, '_a4_': 1.0, '_a6_': 1.0, '_a7_': 1.0}};{'d0': 0.024905832920998017};-276.475521883012;47.1204615582385
24224;-91.1172993832674;(((((_a2_ * ((x + _a2_) * x)) / _a0_) + _a3_) * ((_a2_ * _a0_) * x)) * _a5_);{'d0': {'_a0_': 0.03773529863870932, '_a2_': 0.6238594154355828, '_a3_': 8.69100585036313, '_a5_': 8.676145763887908, '_a1_': 1.0, '_a4_': 1.0, '_a6_': 1.0, '_a7_': 1.0}};{'d0': 0.024905832920998017};-276.475521883012;47.1204615582385
24225;-91.1172993832674;(((((_a2_ * ((x + _a2_) * x)) / _a0_) + _a3_) * ((_a2_ * _a0_) * x)) * _a5_);{'d0': {'_a0_': 0.03773529863870932, '_a2_': 0.6238594154355828, '_a3_': 8.69100585036313, '_a5_': 8.676145763887908, '_a1_': 1.0, '_a4_': 1.0, '_a6_': 1.0, '_a7_': 1.0}};{'d0': 0.024905832920998017};-276.475521883012;47.1204615582385
24226;-91.1172993832674;(((((_a2_ * ((x + _a2_) * x)) / _a0_) + _a3_) * ((_a2_ * _a0_) * x)) * _a5_);{'d0': {'_a0_': 0.03773529863870932, '_a2_': 0.6238594154355828, '_a3_': 8.69100585036313, '_a5_': 8.676145763887908, '_a1_': 1.0, '_a4_': 1.0, '_a6_': 1.0, '_a7_': 1.0}};{'d0': 0.024905832920998017};-276.475521883012;47.1204615582385
24227;-90.9969901024647;(((((_a2_ * ((x + _a2_) * x)) + _a0_) + _a3_) * ((_a2_ * _a0_) * x)) * _a5_);{'d0': {'_a0_': 0.17965729789919394, '_a2_': 0.623859415665656, '_a3_': 0.1483004628446909, '_a5_': 48.292753034100585, '_a1_': 1.0, '_a4_': 1.0, '_a6_': 1.0, '_a7_': 1.0}};{'d0': 0.02490583291948299};-276.475521886662;47.240770840866105
24228;-85.2698706601672;(((((_a2_ * ((x + _a2_) * x)) + _a0_) + _a3_) * ((_a2_ * -(_a4_)) * x)) * _a5_);{'d0': {'_a0_': -0.20090420589278826, '_a2_': 0.6238594156995592, '_a3_': 0.5288619667709141, '_a4_': -0.13424581659957777, '_a5_': 64.62879163273888, '_a1_': 1.0, '_a6_': 1.0, '_a7_': 1.0}};{'d0': 0.02490583292025176};-272.381177322588;50.920718001126495
24229;-85.2698706601672;(((((_a2_ * ((x + _a2_) * x)) + _a0_) + _a3_) * ((_a2_ * -(_a4_)) * x)) * _a5_);{'d0': {'_a0_': -0.20090420589278826, '_a2_': 0.6238594156995592, '_a3_': 0.5288619667709141, '_a4_': -0.13424581659957777, '_a5_': 64.62879163273888, '_a1_': 1.0, '_a6_': 1.0, '_a7_': 1.0}};{'d0': 0.02490583292025176};-272.381177322588;50.920718001126495
24230;-85.2698706601672;(((((_a2_ * ((x + _a2_) * x)) + _a0_) + _a3_) * ((_a2_ * -(_a4_)) * x)) * _a5_);{'d0': {'_a0_': -0.20090420589278826, '_a2_': 0.6238594156995592, '_a3_': 0.5288619667709141, '_a4_': -0.13424581659957777, '_a5_': 64.62879163273888, '_a1_': 1.0, '_a6_': 1.0, '_a7_': 1.0}};{'d0': 0.02490583292025176};-272.381177322588;50.920718001126495
24231;-82.1506311575370;(((((_a2_ * ((x + _a2_) * x)) + (x * x)) + _a3_) * ((_a2_ * -(_a4_)) * x)) * _a5_);{'d0': {'_a2_': 1.1611408468490705, '_a3_': 1.1360939595000628, '_a4_': -0.05422243775394408, '_a5_': 24.817227935161, '_a0_': 1.0, '_a1_': 1.0, '_a6_': 1.0, '_a7_': 1.0}};{'d0': 0.024905832919685778};-276.475521886173;56.08712978554949
24232;-82.1506311575370;(((((_a2_ * ((x + _a2_) * x)) + (x * x)) + _a3_) * ((_a2_ * -(_a4_)) * x)) * _a5_);{'d0': {'_a2_': 1.1611408468490705, '_a3_': 1.1360939595000628, '_a4_': -0.05422243775394408, '_a5_': 24.817227935161, '_a0_': 1.0, '_a1_': 1.0, '_a6_': 1.0, '_a7_': 1.0}};{'d0': 0.024905832919685778};-276.475521886173;56.08712978554949
24233;-82.1506311575370;(((((_a2_ * ((x + _a2_) * x)) + (x * x)) + _a3_) * ((_a2_ * -(_a4_)) * x)) * _a5_);{'d0': {'_a2_': 1.1611408468490705, '_a3_': 1.1360939595000628, '_a4_': -0.05422243775394408, '_a5_': 24.817227935161, '_a0_': 1.0, '_a1_': 1.0, '_a6_': 1.0, '_a7_': 1.0}};{'d0': 0.024905832919685778};-276.475521886173;56.08712978554949
24234;-105.710676995536;((_a3_ + (pow2(((pow2(_a3_) / _a6_) + x)) * _a2_)) * x);{'d0': {'_a2_': 3.3767608751201608, '_a3_': 1.4465760905562661, '_a6_': 6.708506222186277, '_a0_': 1.0, '_a1_': 1.0, '_a4_': 1.0, '_a5_': 1.0, '_a7_': 1.0}};{'d0': 0.024905832919416598};-280.569866449044;34.574256228986414
24235;-105.710676995536;((_a3_ + (pow2(((pow2(_a3_) / _a6_) + x)) * _a2_)) * x);{'d0': {'_a2_': 3.3767608751201608, '_a3_': 1.4465760905562661, '_a6_': 6.708506222186277, '_a0_': 1.0, '_a1_': 1.0, '_a4_': 1.0, '_a5_': 1.0, '_a7_': 1.0}};{'d0': 0.024905832919416598};-280.569866449044;34.574256228986414
24236;-105.710676995536;((_a3_ + (pow2(((pow2(_a3_) / _a6_) + x)) * _a2_)) * x);{'d0': {'_a2_': 3.3767608751201608, '_a3_': 1.4465760905562661, '_a6_': 6.708506222186277, '_a0_': 1.0, '_a1_': 1.0, '_a4_': 1.0, '_a5_': 1.0, '_a7_': 1.0}};{'d0': 0.024905832919416598};-280.569866449044;34.574256228986414
24237;-105.710676995536;((_a3_ + (pow2(((pow2(_a3_) / _a6_) + x)) * _a2_)) * x);{'d0': {'_a2_': 3.3767608751201608, '_a3_': 1.4465760905562661, '_a6_': 6.708506222186277, '_a0_': 1.0, '_a1_': 1.0, '_a4_': 1.0, '_a5_': 1.0, '_a7_': 1.0}};{'d0': 0.024905832919416598};-280.569866449044;34.574256228986414
24238;-105.710676995536;((_a3_ + (pow2(((pow2(_a3_) / _a6_) + x)) * _a2_)) * x);{'d0': {'_a2_': 3.3767608751201608, '_a3_': 1.4465760905562661, '_a6_': 6.708506222186277, '_a0_': 1.0, '_a1_': 1.0, '_a4_': 1.0, '_a5_': 1.0, '_a7_': 1.0}};{'d0': 0.024905832919416598};-280.569866449044;34.574256228986414
24239;-105.710676995536;((_a3_ + (pow2(((pow2(_a3_) / _a6_) + x)) * _a2_)) * x);{'d0': {'_a2_': 3.3767608751201608, '_a3_': 1.4465760905562661, '_a6_': 6.708506222186277, '_a0_': 1.0, '_a1_': 1.0, '_a4_': 1.0, '_a5_': 1.0, '_a7_': 1.0}};{'d0': 0.024905832919416598};-280.569866449044;34.574256228986414
24240;-105.710676995536;((_a3_ + (pow2(((pow2(_a3_) / _a6_) + x)) * _a2_)) * x);{'d0': {'_a2_': 3.3767608751201608, '_a3_': 1.4465760905562661, '_a6_': 6.708506222186277, '_a0_': 1.0, '_a1_': 1.0, '_a4_': 1.0, '_a5_': 1.0, '_a7_': 1.0}};{'d0': 0.024905832919416598};-280.569866449044;34.574256228986414
24241;-105.710676995536;((_a3_ + (pow2(((pow2(_a3_) / _a6_) + x)) * _a2_)) * x);{'d0': {'_a2_': 3.3767608751201608, '_a3_': 1.4465760905562661, '_a6_': 6.708506222186277, '_a0_': 1.0, '_a1_': 1.0, '_a4_': 1.0, '_a5_': 1.0, '_a7_': 1.0}};{'d0': 0.024905832919416598};-280.569866449044;34.574256228986414
24242;-105.710676995536;((_a3_ + (pow2(((pow2(_a3_) / _a6_) + x)) * _a2_)) * x);{'d0': {'_a2_': 3.3767608751201608, '_a3_': 1.4465760905562661, '_a6_': 6.708506222186277, '_a0_': 1.0, '_a1_': 1.0, '_a4_': 1.0, '_a5_': 1.0, '_a7_': 1.0}};{'d0': 0.024905832919416598};-280.569866449044;34.574256228986414
24243;-105.710676995536;((_a3_ + (pow2(((pow2(_a3_) / _a6_) + x)) * _a2_)) * x);{'d0': {'_a2_': 3.3767608751201608, '_a3_': 1.4465760905562661, '_a6_': 6.708506222186277, '_a0_': 1.0, '_a1_': 1.0, '_a4_': 1.0, '_a5_': 1.0, '_a7_': 1.0}};{'d0': 0.024905832919416598};-280.569866449044;34.574256228986414
24244;-105.710676995536;((_a3_ + (pow2(((pow2(_a3_) / _a6_) + x)) * _a2_)) * x);{'d0': {'_a2_': 3.3767608751201608, '_a3_': 1.4465760905562661, '_a6_': 6.708506222186277, '_a0_': 1.0, '_a1_': 1.0, '_a4_': 1.0, '_a5_': 1.0, '_a7_': 1.0}};{'d0': 0.024905832919416598};-280.569866449044;34.574256228986414
24245;-105.710676995536;((_a3_ + (pow2(((pow2(_a3_) / _a6_) + x)) * _a2_)) * x);{'d0': {'_a2_': 3.3767608751201608, '_a3_': 1.4465760905562661, '_a6_': 6.708506222186277, '_a0_': 1.0, '_a1_': 1.0, '_a4_': 1.0, '_a5_': 1.0, '_a7_': 1.0}};{'d0': 0.024905832919416598};-280.569866449044;34.574256228986414
24246;-105.710676995536;((_a3_ + (pow2(((pow2(_a3_) / _a6_) + x)) * _a2_)) * x);{'d0': {'_a2_': 3.3767608751201608, '_a3_': 1.4465760905562661, '_a6_': 6.708506222186277, '_a0_': 1.0, '_a1_': 1.0, '_a4_': 1.0, '_a5_': 1.0, '_a7_': 1.0}};{'d0': 0.024905832919416598};-280.569866449044;34.574256228986414
24247;-105.710676995536;((_a3_ + (pow2(((pow2(_a3_) / _a6_) + x)) * _a2_)) * x);{'d0': {'_a2_': 3.3767608751201608, '_a3_': 1.4465760905562661, '_a6_': 6.708506222186277, '_a0_': 1.0, '_a1_': 1.0, '_a4_': 1.0, '_a5_': 1.0, '_a7_': 1.0}};{'d0': 0.024905832919416598};-280.569866449044;34.574256228986414
24248;-105.710676995536;((_a3_ + (pow2(((pow2(_a3_) / _a6_) + x)) * _a2_)) * x);{'d0': {'_a2_': 3.3767608751201608, '_a3_': 1.4465760905562661, '_a6_': 6.708506222186277, '_a0_': 1.0, '_a1_': 1.0, '_a4_': 1.0, '_a5_': 1.0, '_a7_': 1.0}};{'d0': 0.024905832919416598};-280.569866449044;34.574256228986414
24249;-105.710676995536;((_a3_ + (pow2(((pow2(_a3_) / _a6_) + x)) * _a2_)) * x);{'d0': {'_a2_': 3.3767608751201608, '_a3_': 1.4465760905562661, '_a6_': 6.708506222186277, '_a0_': 1.0, '_a1_': 1.0, '_a4_': 1.0, '_a5_': 1.0, '_a7_': 1.0}};{'d0': 0.024905832919416598};-280.569866449044;34.574256228986414
24250;-105.710676995536;((_a3_ + (pow2(((pow2(_a3_) / _a6_) + x)) * _a2_)) * x);{'d0': {'_a2_': 3.3767608751201608, '_a3_': 1.4465760905562661, '_a6_': 6.708506222186277, '_a0_': 1.0, '_a1_': 1.0, '_a4_': 1.0, '_a5_': 1.0, '_a7_': 1.0}};{'d0': 0.024905832919416598};-280.569866449044;34.574256228986414
24251;-105.710676995536;((_a3_ + (pow2(((pow2(_a3_) / _a6_) + x)) * _a2_)) * x);{'d0': {'_a2_': 3.3767608751201608, '_a3_': 1.4465760905562661, '_a6_': 6.708506222186277, '_a0_': 1.0, '_a1_': 1.0, '_a4_': 1.0, '_a5_': 1.0, '_a7_': 1.0}};{'d0': 0.024905832919416598};-280.569866449044;34.574256228986414
24252;-105.710676995536;((_a3_ + (pow2(((pow2(_a3_) / _a6_) + x)) * _a2_)) * x);{'d0': {'_a2_': 3.3767608751201608, '_a3_': 1.4465760905562661, '_a6_': 6.708506222186277, '_a0_': 1.0, '_a1_': 1.0, '_a4_': 1.0, '_a5_': 1.0, '_a7_': 1.0}};{'d0': 0.024905832919416598};-280.569866449044;34.574256228986414
24253;-105.710676995536;((_a3_ + (pow2(((pow2(_a3_) / _a6_) + x)) * _a2_)) * x);{'d0': {'_a2_': 3.3767608751201608, '_a3_': 1.4465760905562661, '_a6_': 6.708506222186277, '_a0_': 1.0, '_a1_': 1.0, '_a4_': 1.0, '_a5_': 1.0, '_a7_': 1.0}};{'d0': 0.024905832919416598};-280.569866449044;34.574256228986414
24254;-105.710676995536;((_a3_ + (pow2(((pow2(_a3_) / _a6_) + x)) * _a2_)) * x);{'d0': {'_a2_': 3.3767608751201608, '_a3_': 1.4465760905562661, '_a6_': 6.708506222186277, '_a0_': 1.0, '_a1_': 1.0, '_a4_': 1.0, '_a5_': 1.0, '_a7_': 1.0}};{'d0': 0.024905832919416598};-280.569866449044;34.574256228986414
24255;-105.710676995536;((_a3_ + (pow2(((pow2(_a3_) / _a6_) + x)) * _a2_)) * x);{'d0': {'_a2_': 3.3767608751201608, '_a3_': 1.4465760905562661, '_a6_': 6.708506222186277, '_a0_': 1.0, '_a1_': 1.0, '_a4_': 1.0, '_a5_': 1.0, '_a7_': 1.0}};{'d0': 0.024905832919416598};-280.569866449044;34.574256228986414
24256;-105.710676995536;((_a3_ + (pow2(((pow2(_a3_) / _a6_) + x)) * _a2_)) * x);{'d0': {'_a2_': 3.3767608751201608, '_a3_': 1.4465760905562661, '_a6_': 6.708506222186277, '_a0_': 1.0, '_a1_': 1.0, '_a4_': 1.0, '_a5_': 1.0, '_a7_': 1.0}};{'d0': 0.024905832919416598};-280.569866449044;34.574256228986414
24257;-105.710676995536;((_a3_ + (pow2(((pow2(_a3_) / _a6_) + x)) * _a2_)) * x);{'d0': {'_a2_': 3.3767608751201608, '_a3_': 1.4465760905562661, '_a6_': 6.708506222186277, '_a0_': 1.0, '_a1_': 1.0, '_a4_': 1.0, '_a5_': 1.0, '_a7_': 1.0}};{'d0': 0.024905832919416598};-280.569866449044;34.574256228986414
24258;-105.710676995536;((_a3_ + (pow2(((pow2(_a3_) / _a6_) + x)) * _a2_)) * x);{'d0': {'_a2_': 3.3767608751201608, '_a3_': 1.4465760905562661, '_a6_': 6.708506222186277, '_a0_': 1.0, '_a1_': 1.0, '_a4_': 1.0, '_a5_': 1.0, '_a7_': 1.0}};{'d0': 0.024905832919416598};-280.569866449044;34.574256228986414
24259;-98.9647634326856;(((((_a3_ * (_a5_ * x)) + (x * x)) + _a3_) * (_a4_ * x)) * _a5_);{'d0': {'_a3_': 0.5256917705108125, '_a4_': 2.8454093343461304, '_a5_': 1.1867399312831362, '_a0_': 1.0, '_a1_': 1.0, '_a2_': 1.0, '_a6_': 1.0, '_a7_': 1.0}};{'d0': 0.024905832919416605};-280.569866449044;41.32016979183611
24260;-98.9647634326856;(((((_a3_ * (_a5_ * x)) + (x * x)) + _a3_) * (_a4_ * x)) * _a5_);{'d0': {'_a3_': 0.5256917705108125, '_a4_': 2.8454093343461304, '_a5_': 1.1867399312831362, '_a0_': 1.0, '_a1_': 1.0, '_a2_': 1.0, '_a6_': 1.0, '_a7_': 1.0}};{'d0': 0.024905832919416605};-280.569866449044;41.32016979183611
24261;-98.9647634326856;(((((_a3_ * (_a5_ * x)) + (x * x)) + _a3_) * (_a4_ * x)) * _a5_);{'d0': {'_a3_': 0.5256917705108125, '_a4_': 2.8454093343461304, '_a5_': 1.1867399312831362, '_a0_': 1.0, '_a1_': 1.0, '_a2_': 1.0, '_a6_': 1.0, '_a7_': 1.0}};{'d0': 0.024905832919416605};-280.569866449044;41.32016979183611
24262;-98.9647634326856;(((((_a3_ * (_a5_ * x)) + (x * x)) + _a3_) * (_a4_ * x)) * _a5_);{'d0': {'_a3_': 0.5256917705108125, '_a4_': 2.8454093343461304, '_a5_': 1.1867399312831362, '_a0_': 1.0, '_a1_': 1.0, '_a2_': 1.0, '_a6_': 1.0, '_a7_': 1.0}};{'d0': 0.024905832919416605};-280.569866449044;41.32016979183611
24263;-98.9647634326856;(((((_a3_ * (_a5_ * x)) + (x * x)) + _a3_) * (_a4_ * x)) * _a5_);{'d0': {'_a3_': 0.5256917705108125, '_a4_': 2.8454093343461304, '_a5_': 1.1867399312831362, '_a0_': 1.0, '_a1_': 1.0, '_a2_': 1.0, '_a6_': 1.0, '_a7_': 1.0}};{'d0': 0.024905832919416605};-280.569866449044;41.32016979183611
24264;-98.9647634326856;(((((_a3_ * (_a5_ * x)) + (x * x)) + _a3_) * (_a4_ * x)) * _a5_);{'d0': {'_a3_': 0.5256917705108125, '_a4_': 2.8454093343461304, '_a5_': 1.1867399312831362, '_a0_': 1.0, '_a1_': 1.0, '_a2_': 1.0, '_a6_': 1.0, '_a7_': 1.0}};{'d0': 0.024905832919416605};-280.569866449044;41.32016979183611
24265;-98.9647634326856;(((((_a3_ * (_a5_ * x)) + (x * x)) + _a3_) * (_a4_ * x)) * _a5_);{'d0': {'_a3_': 0.5256917705108125, '_a4_': 2.8454093343461304, '_a5_': 1.1867399312831362, '_a0_': 1.0, '_a1_': 1.0, '_a2_': 1.0, '_a6_': 1.0, '_a7_': 1.0}};{'d0': 0.024905832919416605};-280.569866449044;41.32016979183611
24266;-98.9647634326856;(((((_a3_ * (_a5_ * x)) + (x * x)) + _a3_) * (_a4_ * x)) * _a5_);{'d0': {'_a3_': 0.5256917705108125, '_a4_': 2.8454093343461304, '_a5_': 1.1867399312831362, '_a0_': 1.0, '_a1_': 1.0, '_a2_': 1.0, '_a6_': 1.0, '_a7_': 1.0}};{'d0': 0.024905832919416605};-280.569866449044;41.32016979183611
24267;-98.9647634326856;(((((_a3_ * (_a5_ * x)) + (x * x)) + _a3_) * (_a4_ * x)) * _a5_);{'d0': {'_a3_': 0.5256917705108125, '_a4_': 2.8454093343461304, '_a5_': 1.1867399312831362, '_a0_': 1.0, '_a1_': 1.0, '_a2_': 1.0, '_a6_': 1.0, '_a7_': 1.0}};{'d0': 0.024905832919416605};-280.569866449044;41.32016979183611
24268;-98.9647634326856;(((((_a3_ * (_a5_ * x)) + (x * x)) + _a3_) * (_a4_ * x)) * _a5_);{'d0': {'_a3_': 0.5256917705108125, '_a4_': 2.8454093343461304, '_a5_': 1.1867399312831362, '_a0_': 1.0, '_a1_': 1.0, '_a2_': 1.0, '_a6_': 1.0, '_a7_': 1.0}};{'d0': 0.024905832919416605};-280.569866449044;41.32016979183611
24269;-98.9647634326856;(((((_a3_ * (_a5_ * x)) + (x * x)) + _a3_) * (_a4_ * x)) * _a5_);{'d0': {'_a3_': 0.5256917705108125, '_a4_': 2.8454093343461304, '_a5_': 1.1867399312831362, '_a0_': 1.0, '_a1_': 1.0, '_a2_': 1.0, '_a6_': 1.0, '_a7_': 1.0}};{'d0': 0.024905832919416605};-280.569866449044;41.32016979183611
24270;-98.9647634326856;(((((_a3_ * (_a5_ * x)) + (x * x)) + _a3_) * (_a4_ * x)) * _a5_);{'d0': {'_a3_': 0.5256917705108125, '_a4_': 2.8454093343461304, '_a5_': 1.1867399312831362, '_a0_': 1.0, '_a1_': 1.0, '_a2_': 1.0, '_a6_': 1.0, '_a7_': 1.0}};{'d0': 0.024905832919416605};-280.569866449044;41.32016979183611
24271;-98.9647634326856;(((((_a3_ * (_a5_ * x)) + (x * x)) + _a3_) * (_a4_ * x)) * _a5_);{'d0': {'_a3_': 0.5256917705108125, '_a4_': 2.8454093343461304, '_a5_': 1.1867399312831362, '_a0_': 1.0, '_a1_': 1.0, '_a2_': 1.0, '_a6_': 1.0, '_a7_': 1.0}};{'d0': 0.024905832919416605};-280.569866449044;41.32016979183611
24272;-98.9647634326856;(((((_a3_ * (_a5_ * x)) + (x * x)) + _a3_) * (_a4_ * x)) * _a5_);{'d0': {'_a3_': 0.5256917705108125, '_a4_': 2.8454093343461304, '_a5_': 1.1867399312831362, '_a0_': 1.0, '_a1_': 1.0, '_a2_': 1.0, '_a6_': 1.0, '_a7_': 1.0}};{'d0': 0.024905832919416605};-280.569866449044;41.32016979183611
24273;-98.9647634326856;(((((_a3_ * (_a5_ * x)) + (x * x)) + _a3_) * (_a4_ * x)) * _a5_);{'d0': {'_a3_': 0.5256917705108125, '_a4_': 2.8454093343461304, '_a5_': 1.1867399312831362, '_a0_': 1.0, '_a1_': 1.0, '_a2_': 1.0, '_a6_': 1.0, '_a7_': 1.0}};{'d0': 0.024905832919416605};-280.569866449044;41.32016979183611
24274;-98.9647634326856;(((((_a3_ * (_a5_ * x)) + (x * x)) + _a3_) * (_a4_ * x)) * _a5_);{'d0': {'_a3_': 0.5256917705108125, '_a4_': 2.8454093343461304, '_a5_': 1.1867399312831362, '_a0_': 1.0, '_a1_': 1.0, '_a2_': 1.0, '_a6_': 1.0, '_a7_': 1.0}};{'d0': 0.024905832919416605};-280.569866449044;41.32016979183611
24275;-98.9647634326856;(((((_a3_ * (_a5_ * x)) + (x * x)) + _a3_) * (_a4_ * x)) * _a5_);{'d0': {'_a3_': 0.5256917705108125, '_a4_': 2.8454093343461304, '_a5_': 1.1867399312831362, '_a0_': 1.0, '_a1_': 1.0, '_a2_': 1.0, '_a6_': 1.0, '_a7_': 1.0}};{'d0': 0.024905832919416605};-280.569866449044;41.32016979183611
24276;-98.9647634326856;(((((_a3_ * (_a5_ * x)) + (x * x)) + _a3_) * (_a4_ * x)) * _a5_);{'d0': {'_a3_': 0.5256917705108125, '_a4_': 2.8454093343461304, '_a5_': 1.1867399312831362, '_a0_': 1.0, '_a1_': 1.0, '_a2_': 1.0, '_a6_': 1.0, '_a7_': 1.0}};{'d0': 0.024905832919416605};-280.569866449044;41.32016979183611
24277;-98.9647634326856;(((((_a3_ * (_a5_ * x)) + (x * x)) + _a3_) * (_a4_ * x)) * _a5_);{'d0': {'_a3_': 0.5256917705108125, '_a4_': 2.8454093343461304, '_a5_': 1.1867399312831362, '_a0_': 1.0, '_a1_': 1.0, '_a2_': 1.0, '_a6_': 1.0, '_a7_': 1.0}};{'d0': 0.024905832919416605};-280.569866449044;41.32016979183611
24278;-98.9647634326856;(((((_a3_ * (_a5_ * x)) + (x * x)) + _a3_) * (_a4_ * x)) * _a5_);{'d0': {'_a3_': 0.5256917705108125, '_a4_': 2.8454093343461304, '_a5_': 1.1867399312831362, '_a0_': 1.0, '_a1_': 1.0, '_a2_': 1.0, '_a6_': 1.0, '_a7_': 1.0}};{'d0': 0.024905832919416605};-280.569866449044;41.32016979183611
24279;-98.9647634326856;(((((_a3_ * (_a5_ * x)) + (x * x)) + _a3_) * (_a4_ * x)) * _a5_);{'d0': {'_a3_': 0.5256917705108125, '_a4_': 2.8454093343461304, '_a5_': 1.1867399312831362, '_a0_': 1.0, '_a1_': 1.0, '_a2_': 1.0, '_a6_': 1.0, '_a7_': 1.0}};{'d0': 0.024905832919416605};-280.569866449044;41.32016979183611
24280;-98.9647634326856;(((((_a3_ * (_a5_ * x)) + (x * x)) + _a3_) * (_a4_ * x)) * _a5_);{'d0': {'_a3_': 0.5256917705108125, '_a4_': 2.8454093343461304, '_a5_': 1.1867399312831362, '_a0_': 1.0, '_a1_': 1.0, '_a2_': 1.0, '_a6_': 1.0, '_a7_': 1.0}};{'d0': 0.024905832919416605};-280.569866449044;41.32016979183611
24281;-98.9647634326856;(((((_a3_ * (_a5_ * x)) + (x * x)) + _a3_) * (_a4_ * x)) * _a5_);{'d0': {'_a3_': 0.5256917705108125, '_a4_': 2.8454093343461304, '_a5_': 1.1867399312831362, '_a0_': 1.0, '_a1_': 1.0, '_a2_': 1.0, '_a6_': 1.0, '_a7_': 1.0}};{'d0': 0.024905832919416605};-280.569866449044;41.32016979183611
24282;-98.9647634326856;(((((_a3_ * (_a5_ * x)) + (x * x)) + _a3_) * (_a4_ * x)) * _a5_);{'d0': {'_a3_': 0.5256917705108125, '_a4_': 2.8454093343461304, '_a5_': 1.1867399312831362, '_a0_': 1.0, '_a1_': 1.0, '_a2_': 1.0, '_a6_': 1.0, '_a7_': 1.0}};{'d0': 0.024905832919416605};-280.569866449044;41.32016979183611
24283;-98.9647634326856;(((((_a3_ * (_a5_ * x)) + (x * x)) + _a3_) * (_a4_ * x)) * _a5_);{'d0': {'_a3_': 0.5256917705108125, '_a4_': 2.8454093343461304, '_a5_': 1.1867399312831362, '_a0_': 1.0, '_a1_': 1.0, '_a2_': 1.0, '_a6_': 1.0, '_a7_': 1.0}};{'d0': 0.024905832919416605};-280.569866449044;41.32016979183611
24284;-98.9647634326856;(((((_a3_ * (_a5_ * x)) + (x * x)) + _a3_) * (_a4_ * x)) * _a5_);{'d0': {'_a3_': 0.5256917705108125, '_a4_': 2.8454093343461304, '_a5_': 1.1867399312831362, '_a0_': 1.0, '_a1_': 1.0, '_a2_': 1.0, '_a6_': 1.0, '_a7_': 1.0}};{'d0': 0.024905832919416605};-280.569866449044;41.32016979183611
24285;-98.9647634326856;(((((_a3_ * (_a5_ * x)) + (x * x)) + _a3_) * (_a4_ * x)) * _a5_);{'d0': {'_a3_': 0.5256917705108125, '_a4_': 2.8454093343461304, '_a5_': 1.1867399312831362, '_a0_': 1.0, '_a1_': 1.0, '_a2_': 1.0, '_a6_': 1.0, '_a7_': 1.0}};{'d0': 0.024905832919416605};-280.569866449044;41.32016979183611
24286;-98.9647634326856;(((((_a3_ * (_a5_ * x)) + (x * x)) + _a3_) * (_a4_ * x)) * _a5_);{'d0': {'_a3_': 0.5256917705108125, '_a4_': 2.8454093343461304, '_a5_': 1.1867399312831362, '_a0_': 1.0, '_a1_': 1.0, '_a2_': 1.0, '_a6_': 1.0, '_a7_': 1.0}};{'d0': 0.024905832919416605};-280.569866449044;41.32016979183611
24287;-98.9647634326856;(((((_a3_ * (_a5_ * x)) + (x * x)) + _a3_) * (_a4_ * x)) * _a5_);{'d0': {'_a3_': 0.5256917705108125, '_a4_': 2.8454093343461304, '_a5_': 1.1867399312831362, '_a0_': 1.0, '_a1_': 1.0, '_a2_': 1.0, '_a6_': 1.0, '_a7_': 1.0}};{'d0': 0.024905832919416605};-280.569866449044;41.32016979183611
24288;-98.9647634326857;(((((_a3_ * (_a5_ * x)) + (x * x)) + _a3_) * (_a6_ * x)) * _a5_);{'d0': {'_a3_': 0.5256917702898944, '_a5_': 1.186739931643749, '_a6_': 2.845409334114579, '_a0_': 1.0, '_a1_': 1.0, '_a2_': 1.0, '_a4_': 1.0, '_a7_': 1.0}};{'d0': 0.024905832919416598};-280.569866449044;41.32016979183611
24289;-98.9647634326857;(((((_a3_ * (_a5_ * x)) + (x * x)) + _a3_) * (_a6_ * x)) * _a5_);{'d0': {'_a3_': 0.5256917702898944, '_a5_': 1.186739931643749, '_a6_': 2.845409334114579, '_a0_': 1.0, '_a1_': 1.0, '_a2_': 1.0, '_a4_': 1.0, '_a7_': 1.0}};{'d0': 0.024905832919416598};-280.569866449044;41.32016979183611
24290;-98.6662127925923;(((_a5_ + pow2(((x + (_a3_ + _a6_)) * _a6_))) * pow2(_a2_)) * x);{'d0': {'_a2_': 1.121834931599442, '_a3_': -1.326097799412573, '_a5_': 1.149432180133717, '_a6_': 1.6380275072128851, '_a0_': 1.0, '_a1_': 1.0, '_a4_': 1.0, '_a7_': 1.0}};{'d0': 0.024905832919474437};-276.475521886682;39.57154815074911
24291;-98.6662127925923;(((_a5_ + pow2(((x + (_a3_ + _a6_)) * _a6_))) * pow2(_a2_)) * x);{'d0': {'_a2_': 1.121834931599442, '_a3_': -1.326097799412573, '_a5_': 1.149432180133717, '_a6_': 1.6380275072128851, '_a0_': 1.0, '_a1_': 1.0, '_a4_': 1.0, '_a7_': 1.0}};{'d0': 0.024905832919474437};-276.475521886682;39.57154815074911
24292;-98.9647634326857;(((((_a3_ * (_a5_ * x)) + (x * x)) + _a3_) * (_a6_ * x)) * _a5_);{'d0': {'_a3_': 0.5256917702898944, '_a5_': 1.186739931643749, '_a6_': 2.845409334114579, '_a0_': 1.0, '_a1_': 1.0, '_a2_': 1.0, '_a4_': 1.0, '_a7_': 1.0}};{'d0': 0.024905832919416598};-280.569866449044;41.32016979183611
24293;-98.9647634326857;(((((_a3_ * (_a5_ * x)) + (x * x)) + _a3_) * (_a6_ * x)) * _a5_);{'d0': {'_a3_': 0.5256917702898944, '_a5_': 1.186739931643749, '_a6_': 2.845409334114579, '_a0_': 1.0, '_a1_': 1.0, '_a2_': 1.0, '_a4_': 1.0, '_a7_': 1.0}};{'d0': 0.024905832919416598};-280.569866449044;41.32016979183611
24294;-98.9647634326857;(((((_a3_ * (_a5_ * x)) + (x * x)) + _a3_) * (_a6_ * x)) * _a5_);{'d0': {'_a3_': 0.5256917702898944, '_a5_': 1.186739931643749, '_a6_': 2.845409334114579, '_a0_': 1.0, '_a1_': 1.0, '_a2_': 1.0, '_a4_': 1.0, '_a7_': 1.0}};{'d0': 0.024905832919416598};-280.569866449044;41.32016979183611
24295;-98.9647634326857;(((((_a3_ * (_a5_ * x)) + (x * x)) + _a3_) * (_a6_ * x)) * _a5_);{'d0': {'_a3_': 0.5256917702898944, '_a5_': 1.186739931643749, '_a6_': 2.845409334114579, '_a0_': 1.0, '_a1_': 1.0, '_a2_': 1.0, '_a4_': 1.0, '_a7_': 1.0}};{'d0': 0.024905832919416598};-280.569866449044;41.32016979183611
24296;-98.9647634326857;(((((_a3_ * (_a5_ * x)) + (x * x)) + _a3_) * (_a6_ * x)) * _a5_);{'d0': {'_a3_': 0.5256917702898944, '_a5_': 1.186739931643749, '_a6_': 2.845409334114579, '_a0_': 1.0, '_a1_': 1.0, '_a2_': 1.0, '_a4_': 1.0, '_a7_': 1.0}};{'d0': 0.024905832919416598};-280.569866449044;41.32016979183611
24297;-98.9647634326857;(((((_a3_ * (_a5_ * x)) + (x * x)) + _a3_) * (_a6_ * x)) * _a5_);{'d0': {'_a3_': 0.5256917702898944, '_a5_': 1.186739931643749, '_a6_': 2.845409334114579, '_a0_': 1.0, '_a1_': 1.0, '_a2_': 1.0, '_a4_': 1.0, '_a7_': 1.0}};{'d0': 0.024905832919416598};-280.569866449044;41.32016979183611
24298;-98.6662127925923;(((_a5_ + pow2(((x + (_a3_ + _a6_)) * _a6_))) * pow2(_a2_)) * x);{'d0': {'_a2_': 1.121834931599442, '_a3_': -1.326097799412573, '_a5_': 1.149432180133717, '_a6_': 1.6380275072128851, '_a0_': 1.0, '_a1_': 1.0, '_a4_': 1.0, '_a7_': 1.0}};{'d0': 0.024905832919474437};-276.475521886682;39.57154815074911
24299;-98.6662127925923;(((_a5_ + pow2(((x + (_a3_ + _a6_)) * _a6_))) * pow2(_a2_)) * x);{'d0': {'_a2_': 1.121834931599442, '_a3_': -1.326097799412573, '_a5_': 1.149432180133717, '_a6_': 1.6380275072128851, '_a0_': 1.0, '_a1_': 1.0, '_a4_': 1.0, '_a7_': 1.0}};{'d0': 0.024905832919474437};-276.475521886682;39.57154815074911
24300;-104.411319546383;(((_a5_ + pow2(((x + (_a3_ + _a6_)) * _a6_))) * _a6_) * x);{'d0': {'_a3_': -1.188331118020032, '_a5_': 0.9642163974753724, '_a6_': 1.5002608257643695, '_a0_': 1.0, '_a1_': 1.0, '_a2_': 1.0, '_a4_': 1.0, '_a7_': 1.0}};{'d0': 0.02490583291941666};-280.569866449044;35.87361367813911
24301;-104.411319546383;(((_a5_ + pow2(((x + (_a3_ + _a6_)) * _a6_))) * _a6_) * x);{'d0': {'_a3_': -1.188331118020032, '_a5_': 0.9642163974753724, '_a6_': 1.5002608257643695, '_a0_': 1.0, '_a1_': 1.0, '_a2_': 1.0, '_a4_': 1.0, '_a7_': 1.0}};{'d0': 0.02490583291941666};-280.569866449044;35.87361367813911
24302;-104.411319546383;(((_a5_ + pow2(((x + (_a3_ + _a6_)) * _a6_))) * _a6_) * x);{'d0': {'_a3_': -1.188331118020032, '_a5_': 0.9642163974753724, '_a6_': 1.5002608257643695, '_a0_': 1.0, '_a1_': 1.0, '_a2_': 1.0, '_a4_': 1.0, '_a7_': 1.0}};{'d0': 0.02490583291941666};-280.569866449044;35.87361367813911
24303;-104.411319546383;(((_a5_ + pow2(((x + (_a3_ + _a6_)) * _a6_))) * _a6_) * x);{'d0': {'_a3_': -1.188331118020032, '_a5_': 0.9642163974753724, '_a6_': 1.5002608257643695, '_a0_': 1.0, '_a1_': 1.0, '_a2_': 1.0, '_a4_': 1.0, '_a7_': 1.0}};{'d0': 0.02490583291941666};-280.569866449044;35.87361367813911
24304;-104.411319546383;(((_a5_ + pow2(((x + (_a3_ + _a6_)) * _a6_))) * _a6_) * x);{'d0': {'_a3_': -1.188331118020032, '_a5_': 0.9642163974753724, '_a6_': 1.5002608257643695, '_a0_': 1.0, '_a1_': 1.0, '_a2_': 1.0, '_a4_': 1.0, '_a7_': 1.0}};{'d0': 0.02490583291941666};-280.569866449044;35.87361367813911
24305;-103.307855075063;(((_a5_ + pow2(((x + abs(_a3_)) * _a6_))) * _a6_) * x);{'d0': {'_a3_': -0.3119297077188651, '_a5_': 0.9642163979610625, '_a6_': 1.500260825500336, '_a0_': 1.0, '_a1_': 1.0, '_a2_': 1.0, '_a4_': 1.0, '_a7_': 1.0}};{'d0': 0.024905832919416636};-280.569866449044;36.97707814945911
24306;-103.335408387955;(((_a5_ + pow2(((x + (_a1_ * _a4_)) * _a6_))) * _a6_) * x);{'d0': {'_a1_': 0.3418242539782575, '_a4_': 0.9125439189702296, '_a5_': 0.9642163979025858, '_a6_': 1.500260825615459, '_a0_': 1.0, '_a2_': 1.0, '_a3_': 1.0, '_a7_': 1.0}};{'d0': 0.024905832920155725};-276.475521885041;34.90235255456611
24307;-103.335408387955;(((_a5_ + pow2(((x + (_a1_ * _a4_)) * _a6_))) * _a6_) * x);{'d0': {'_a1_': 0.3418242539782575, '_a4_': 0.9125439189702296, '_a5_': 0.9642163979025858, '_a6_': 1.500260825615459, '_a0_': 1.0, '_a2_': 1.0, '_a3_': 1.0, '_a7_': 1.0}};{'d0': 0.024905832920155725};-276.475521885041;34.90235255456611
24308;-103.335408387955;(((_a5_ + pow2(((x + (_a1_ * _a4_)) * _a6_))) * _a6_) * x);{'d0': {'_a1_': 0.3418242539782575, '_a4_': 0.9125439189702296, '_a5_': 0.9642163979025858, '_a6_': 1.500260825615459, '_a0_': 1.0, '_a2_': 1.0, '_a3_': 1.0, '_a7_': 1.0}};{'d0': 0.024905832920155725};-276.475521885041;34.90235255456611
24309;-103.335408387955;(((_a5_ + pow2(((x + (_a1_ * _a4_)) * _a6_))) * _a6_) * x);{'d0': {'_a1_': 0.3418242539782575, '_a4_': 0.9125439189702296, '_a5_': 0.9642163979025858, '_a6_': 1.500260825615459, '_a0_': 1.0, '_a2_': 1.0, '_a3_': 1.0, '_a7_': 1.0}};{'d0': 0.024905832920155725};-276.475521885041;34.90235255456611
24310;-103.335408387955;(((_a5_ + pow2(((x + (_a1_ * _a4_)) * _a6_))) * _a6_) * x);{'d0': {'_a1_': 0.3418242539782575, '_a4_': 0.9125439189702296, '_a5_': 0.9642163979025858, '_a6_': 1.500260825615459, '_a0_': 1.0, '_a2_': 1.0, '_a3_': 1.0, '_a7_': 1.0}};{'d0': 0.024905832920155725};-276.475521885041;34.90235255456611
24311;-99.6374739125582;(((_a5_ + pow2(((x + (_a1_ * _a4_)) * pow2(_a6_)))) * _a6_) * x);{'d0': {'_a1_': 0.25518825930527, '_a4_': 1.2223508230267455, '_a5_': 1.1340735481028408, '_a6_': 1.2755575612814198, '_a0_': 1.0, '_a2_': 1.0, '_a3_': 1.0, '_a7_': 1.0}};{'d0': 0.024905832922469003};-276.475521879468;38.60028702717611
24312;-99.6374739125582;(((_a5_ + pow2(((x + (_a1_ * _a4_)) * pow2(_a6_)))) * _a6_) * x);{'d0': {'_a1_': 0.25518825930527, '_a4_': 1.2223508230267455, '_a5_': 1.1340735481028408, '_a6_': 1.2755575612814198, '_a0_': 1.0, '_a2_': 1.0, '_a3_': 1.0, '_a7_': 1.0}};{'d0': 0.024905832922469003};-276.475521879468;38.60028702717611
24313;-99.6374739125582;(((_a5_ + pow2(((x + (_a1_ * _a4_)) * pow2(_a6_)))) * _a6_) * x);{'d0': {'_a1_': 0.25518825930527, '_a4_': 1.2223508230267455, '_a5_': 1.1340735481028408, '_a6_': 1.2755575612814198, '_a0_': 1.0, '_a2_': 1.0, '_a3_': 1.0, '_a7_': 1.0}};{'d0': 0.024905832922469003};-276.475521879468;38.60028702717611
24314;-99.6374739125582;(((_a5_ + pow2(((x + (_a1_ * _a4_)) * pow2(_a6_)))) * _a6_) * x);{'d0': {'_a1_': 0.25518825930527, '_a4_': 1.2223508230267455, '_a5_': 1.1340735481028408, '_a6_': 1.2755575612814198, '_a0_': 1.0, '_a2_': 1.0, '_a3_': 1.0, '_a7_': 1.0}};{'d0': 0.024905832922469003};-276.475521879468;38.60028702717611
24315;-99.6374739125582;(((_a5_ + pow2(((x + (_a1_ * _a4_)) * pow2(_a6_)))) * _a6_) * x);{'d0': {'_a1_': 0.25518825930527, '_a4_': 1.2223508230267455, '_a5_': 1.1340735481028408, '_a6_': 1.2755575612814198, '_a0_': 1.0, '_a2_': 1.0, '_a3_': 1.0, '_a7_': 1.0}};{'d0': 0.024905832922469003};-276.475521879468;38.60028702717611
24316;-99.6374739125582;(((_a5_ + pow2(((x + (_a1_ * _a4_)) * pow2(_a6_)))) * _a6_) * x);{'d0': {'_a1_': 0.25518825930527, '_a4_': 1.2223508230267455, '_a5_': 1.1340735481028408, '_a6_': 1.2755575612814198, '_a0_': 1.0, '_a2_': 1.0, '_a3_': 1.0, '_a7_': 1.0}};{'d0': 0.024905832922469003};-276.475521879468;38.60028702717611
24317;-99.6374739125582;(((_a5_ + pow2(((x + (_a1_ * _a4_)) * pow2(_a6_)))) * _a6_) * x);{'d0': {'_a1_': 0.25518825930527, '_a4_': 1.2223508230267455, '_a5_': 1.1340735481028408, '_a6_': 1.2755575612814198, '_a0_': 1.0, '_a2_': 1.0, '_a3_': 1.0, '_a7_': 1.0}};{'d0': 0.024905832922469003};-276.475521879468;38.60028702717611
24318;-101.684646197346;(((_a4_ + pow2(((x + (_a1_ * _a4_)) * pow2(_a6_)))) * _a6_) * x);{'d0': {'_a1_': 0.27505244994483596, '_a4_': 1.1340735480655555, '_a6_': 1.2755575613100982, '_a0_': 1.0, '_a2_': 1.0, '_a3_': 1.0, '_a5_': 1.0, '_a7_': 1.0}};{'d0': 0.024905832919416643};-280.569866449044;38.60028702717611
24319;-101.684646197346;(((_a4_ + pow2(((x + (_a1_ * _a4_)) * pow2(_a6_)))) * _a6_) * x);{'d0': {'_a1_': 0.27505244994483596, '_a4_': 1.1340735480655555, '_a6_': 1.2755575613100982, '_a0_': 1.0, '_a2_': 1.0, '_a3_': 1.0, '_a5_': 1.0, '_a7_': 1.0}};{'d0': 0.024905832919416643};-280.569866449044;38.60028702717611
24320;-101.684646197346;(((_a4_ + pow2(((x + (_a1_ * _a6_)) * pow2(_a6_)))) * _a6_) * x);{'d0': {'_a1_': 0.24454381139799955, '_a4_': 1.1340735478795394, '_a6_': 1.2755575613106858, '_a0_': 1.0, '_a2_': 1.0, '_a3_': 1.0, '_a5_': 1.0, '_a7_': 1.0}};{'d0': 0.02490583291941662};-280.569866449044;38.60028702717611
24321;-101.684646197346;(((_a4_ + pow2(((x + (_a1_ * _a6_)) * pow2(_a6_)))) * _a6_) * x);{'d0': {'_a1_': 0.24454381139799955, '_a4_': 1.1340735478795394, '_a6_': 1.2755575613106858, '_a0_': 1.0, '_a2_': 1.0, '_a3_': 1.0, '_a5_': 1.0, '_a7_': 1.0}};{'d0': 0.02490583291941662};-280.569866449044;38.60028702717611
24322;-101.684646197346;(((_a4_ + pow2(((x + (_a1_ * _a6_)) * pow2(_a6_)))) * _a6_) * x);{'d0': {'_a1_': 0.24454381139799955, '_a4_': 1.1340735478795394, '_a6_': 1.2755575613106858, '_a0_': 1.0, '_a2_': 1.0, '_a3_': 1.0, '_a5_': 1.0, '_a7_': 1.0}};{'d0': 0.02490583291941662};-280.569866449044;38.60028702717611
24323;-101.684646197346;(((_a4_ + pow2(((x + (_a1_ * _a6_)) * pow2(_a6_)))) * _a6_) * x);{'d0': {'_a1_': 0.24454381139799955, '_a4_': 1.1340735478795394, '_a6_': 1.2755575613106858, '_a0_': 1.0, '_a2_': 1.0, '_a3_': 1.0, '_a5_': 1.0, '_a7_': 1.0}};{'d0': 0.02490583291941662};-280.569866449044;38.60028702717611
24324;-101.684646197346;(((_a4_ + pow2(((x + (_a1_ * _a6_)) * pow2(_a6_)))) * _a6_) * x);{'d0': {'_a1_': 0.24454381139799955, '_a4_': 1.1340735478795394, '_a6_': 1.2755575613106858, '_a0_': 1.0, '_a2_': 1.0, '_a3_': 1.0, '_a5_': 1.0, '_a7_': 1.0}};{'d0': 0.02490583291941662};-280.569866449044;38.60028702717611
24325;-101.684646197346;(((_a4_ + pow2(((x + (_a1_ * _a6_)) * pow2(_a6_)))) * _a6_) * x);{'d0': {'_a1_': 0.24454381139799955, '_a4_': 1.1340735478795394, '_a6_': 1.2755575613106858, '_a0_': 1.0, '_a2_': 1.0, '_a3_': 1.0, '_a5_': 1.0, '_a7_': 1.0}};{'d0': 0.02490583291941662};-280.569866449044;38.60028702717611
24326;-101.684646197346;(((_a4_ + pow2(((x + (_a1_ * _a6_)) * pow2(_a6_)))) * _a6_) * x);{'d0': {'_a1_': 0.24454381139799955, '_a4_': 1.1340735478795394, '_a6_': 1.2755575613106858, '_a0_': 1.0, '_a2_': 1.0, '_a3_': 1.0, '_a5_': 1.0, '_a7_': 1.0}};{'d0': 0.02490583291941662};-280.569866449044;38.60028702717611
24327;-101.684646197346;(((_a4_ + pow2(((x + (_a1_ * _a6_)) * pow2(_a6_)))) * _a6_) * x);{'d0': {'_a1_': 0.24454381139799955, '_a4_': 1.1340735478795394, '_a6_': 1.2755575613106858, '_a0_': 1.0, '_a2_': 1.0, '_a3_': 1.0, '_a5_': 1.0, '_a7_': 1.0}};{'d0': 0.02490583291941662};-280.569866449044;38.60028702717611
24328;-101.684646197346;(((_a4_ + pow2(((x + (_a1_ * _a6_)) * pow2(_a6_)))) * _a6_) * x);{'d0': {'_a1_': 0.24454381139799955, '_a4_': 1.1340735478795394, '_a6_': 1.2755575613106858, '_a0_': 1.0, '_a2_': 1.0, '_a3_': 1.0, '_a5_': 1.0, '_a7_': 1.0}};{'d0': 0.02490583291941662};-280.569866449044;38.60028702717611
24329;-104.058817930787;((((_a6_ * (_a5_ * x)) + (x * x)) + _a4_) * (_a6_ * x));{'d0': {'_a4_': 0.5256917705936172, '_a5_': 0.18475084206909573, '_a6_': 3.3767608772976923, '_a0_': 1.0, '_a1_': 1.0, '_a2_': 1.0, '_a3_': 1.0, '_a7_': 1.0}};{'d0': 0.024905832919416587};-280.569866449044;36.226115293735106
24330;-104.058817930787;((((_a6_ * (_a5_ * x)) + (x * x)) + _a4_) * (_a6_ * x));{'d0': {'_a4_': 0.5256917705936172, '_a5_': 0.18475084206909573, '_a6_': 3.3767608772976923, '_a0_': 1.0, '_a1_': 1.0, '_a2_': 1.0, '_a3_': 1.0, '_a7_': 1.0}};{'d0': 0.024905832919416587};-280.569866449044;36.226115293735106
24331;-104.058817930787;((((_a6_ * (_a5_ * x)) + (x * x)) + _a4_) * (_a6_ * x));{'d0': {'_a4_': 0.5256917705936172, '_a5_': 0.18475084206909573, '_a6_': 3.3767608772976923, '_a0_': 1.0, '_a1_': 1.0, '_a2_': 1.0, '_a3_': 1.0, '_a7_': 1.0}};{'d0': 0.024905832919416587};-280.569866449044;36.226115293735106
24332;-104.058817930787;((((_a6_ * (_a5_ * x)) + (x * x)) + _a4_) * (_a6_ * x));{'d0': {'_a4_': 0.5256917705936172, '_a5_': 0.18475084206909573, '_a6_': 3.3767608772976923, '_a0_': 1.0, '_a1_': 1.0, '_a2_': 1.0, '_a3_': 1.0, '_a7_': 1.0}};{'d0': 0.024905832919416587};-280.569866449044;36.226115293735106
24333;-104.058817930787;((((_a6_ * (_a5_ * x)) + (x * x)) + _a4_) * (_a6_ * x));{'d0': {'_a4_': 0.5256917705936172, '_a5_': 0.18475084206909573, '_a6_': 3.3767608772976923, '_a0_': 1.0, '_a1_': 1.0, '_a2_': 1.0, '_a3_': 1.0, '_a7_': 1.0}};{'d0': 0.024905832919416587};-280.569866449044;36.226115293735106
24334;-104.058817930787;((((_a6_ * (_a5_ * x)) + (x * x)) + _a4_) * (_a6_ * x));{'d0': {'_a4_': 0.5256917705936172, '_a5_': 0.18475084206909573, '_a6_': 3.3767608772976923, '_a0_': 1.0, '_a1_': 1.0, '_a2_': 1.0, '_a3_': 1.0, '_a7_': 1.0}};{'d0': 0.024905832919416587};-280.569866449044;36.226115293735106
24335;-104.058817930787;((((_a6_ * (_a5_ * x)) + (x * x)) + _a4_) * (_a6_ * x));{'d0': {'_a4_': 0.5256917705936172, '_a5_': 0.18475084206909573, '_a6_': 3.3767608772976923, '_a0_': 1.0, '_a1_': 1.0, '_a2_': 1.0, '_a3_': 1.0, '_a7_': 1.0}};{'d0': 0.024905832919416587};-280.569866449044;36.226115293735106
24336;-104.058817930787;((((_a6_ * (_a5_ * x)) + (x * x)) + _a4_) * (_a6_ * x));{'d0': {'_a4_': 0.5256917705936172, '_a5_': 0.18475084206909573, '_a6_': 3.3767608772976923, '_a0_': 1.0, '_a1_': 1.0, '_a2_': 1.0, '_a3_': 1.0, '_a7_': 1.0}};{'d0': 0.024905832919416587};-280.569866449044;36.226115293735106
24337;-104.058817930787;((((_a6_ * (_a5_ * x)) + (x * x)) + _a4_) * (_a6_ * x));{'d0': {'_a4_': 0.5256917705936172, '_a5_': 0.18475084206909573, '_a6_': 3.3767608772976923, '_a0_': 1.0, '_a1_': 1.0, '_a2_': 1.0, '_a3_': 1.0, '_a7_': 1.0}};{'d0': 0.024905832919416587};-280.569866449044;36.226115293735106
24338;-104.058817930787;((((_a6_ * (_a5_ * x)) + (x * x)) + _a4_) * (_a6_ * x));{'d0': {'_a4_': 0.5256917705936172, '_a5_': 0.18475084206909573, '_a6_': 3.3767608772976923, '_a0_': 1.0, '_a1_': 1.0, '_a2_': 1.0, '_a3_': 1.0, '_a7_': 1.0}};{'d0': 0.024905832919416587};-280.569866449044;36.226115293735106
24339;-104.058817930787;((((_a6_ * (_a5_ * x)) + (x * x)) + _a4_) * (_a6_ * x));{'d0': {'_a4_': 0.5256917705936172, '_a5_': 0.18475084206909573, '_a6_': 3.3767608772976923, '_a0_': 1.0, '_a1_': 1.0, '_a2_': 1.0, '_a3_': 1.0, '_a7_': 1.0}};{'d0': 0.024905832919416587};-280.569866449044;36.226115293735106
24340;-104.058817930787;((((_a6_ * (_a5_ * x)) + (x * x)) + _a4_) * (_a6_ * x));{'d0': {'_a4_': 0.5256917705936172, '_a5_': 0.18475084206909573, '_a6_': 3.3767608772976923, '_a0_': 1.0, '_a1_': 1.0, '_a2_': 1.0, '_a3_': 1.0, '_a7_': 1.0}};{'d0': 0.024905832919416587};-280.569866449044;36.226115293735106
24341;-104.058817930787;((((_a6_ * (_a5_ * x)) + (x * x)) + _a4_) * (_a6_ * x));{'d0': {'_a4_': 0.5256917705936172, '_a5_': 0.18475084206909573, '_a6_': 3.3767608772976923, '_a0_': 1.0, '_a1_': 1.0, '_a2_': 1.0, '_a3_': 1.0, '_a7_': 1.0}};{'d0': 0.024905832919416587};-280.569866449044;36.226115293735106
24342;-104.058817930787;((((_a6_ * (_a5_ * x)) + (x * x)) + _a4_) * (_a6_ * x));{'d0': {'_a4_': 0.5256917705936172, '_a5_': 0.18475084206909573, '_a6_': 3.3767608772976923, '_a0_': 1.0, '_a1_': 1.0, '_a2_': 1.0, '_a3_': 1.0, '_a7_': 1.0}};{'d0': 0.024905832919416587};-280.569866449044;36.226115293735106
24343;-104.058817930787;((((_a6_ * (_a5_ * x)) + (x * x)) + _a4_) * (_a6_ * x));{'d0': {'_a4_': 0.5256917705936172, '_a5_': 0.18475084206909573, '_a6_': 3.3767608772976923, '_a0_': 1.0, '_a1_': 1.0, '_a2_': 1.0, '_a3_': 1.0, '_a7_': 1.0}};{'d0': 0.024905832919416587};-280.569866449044;36.226115293735106
24344;-104.058817930787;((((_a6_ * (_a5_ * x)) + (x * x)) + _a4_) * (_a6_ * x));{'d0': {'_a4_': 0.5256917705936172, '_a5_': 0.18475084206909573, '_a6_': 3.3767608772976923, '_a0_': 1.0, '_a1_': 1.0, '_a2_': 1.0, '_a3_': 1.0, '_a7_': 1.0}};{'d0': 0.024905832919416587};-280.569866449044;36.226115293735106
24345;-104.058817930787;((((_a6_ * (_a5_ * x)) + (x * x)) + _a4_) * (_a6_ * x));{'d0': {'_a4_': 0.5256917705936172, '_a5_': 0.18475084206909573, '_a6_': 3.3767608772976923, '_a0_': 1.0, '_a1_': 1.0, '_a2_': 1.0, '_a3_': 1.0, '_a7_': 1.0}};{'d0': 0.024905832919416587};-280.569866449044;36.226115293735106
24346;-98.6994859006766;((((_a6_ * (_a5_ * x)) + (x * x)) + log(_a7_)) * (_a6_ * x));{'d0': {'_a5_': 0.1847508419566628, '_a6_': 3.3767608792247117, '_a7_': 1.6916286618276453, '_a0_': 1.0, '_a1_': 1.0, '_a2_': 1.0, '_a3_': 1.0, '_a4_': 1.0}};{'d0': 0.024905832919416622};-280.569866449044;41.5854473238451
24347;-98.6994859006766;((((_a6_ * (_a5_ * x)) + (x * x)) + log(_a7_)) * (_a6_ * x));{'d0': {'_a5_': 0.1847508419566628, '_a6_': 3.3767608792247117, '_a7_': 1.6916286618276453, '_a0_': 1.0, '_a1_': 1.0, '_a2_': 1.0, '_a3_': 1.0, '_a4_': 1.0}};{'d0': 0.024905832919416622};-280.569866449044;41.5854473238451
24348;-98.6994859006766;((((_a6_ * (_a5_ * x)) + (x * x)) + log(_a7_)) * (_a6_ * x));{'d0': {'_a5_': 0.1847508419566628, '_a6_': 3.3767608792247117, '_a7_': 1.6916286618276453, '_a0_': 1.0, '_a1_': 1.0, '_a2_': 1.0, '_a3_': 1.0, '_a4_': 1.0}};{'d0': 0.024905832919416622};-280.569866449044;41.5854473238451
24349;-98.6994859006766;((((_a6_ * (_a5_ * x)) + (x * x)) + log(_a7_)) * (_a6_ * x));{'d0': {'_a5_': 0.1847508419566628, '_a6_': 3.3767608792247117, '_a7_': 1.6916286618276453, '_a0_': 1.0, '_a1_': 1.0, '_a2_': 1.0, '_a3_': 1.0, '_a4_': 1.0}};{'d0': 0.024905832919416622};-280.569866449044;41.5854473238451
24350;-98.6994859006766;((((_a6_ * (_a5_ * x)) + (x * x)) + log(_a7_)) * (_a6_ * x));{'d0': {'_a5_': 0.1847508419566628, '_a6_': 3.3767608792247117, '_a7_': 1.6916286618276453, '_a0_': 1.0, '_a1_': 1.0, '_a2_': 1.0, '_a3_': 1.0, '_a4_': 1.0}};{'d0': 0.024905832919416622};-280.569866449044;41.5854473238451
24351;-98.6994859006766;((((_a6_ * (_a5_ * x)) + (x * x)) + log(_a7_)) * (_a6_ * x));{'d0': {'_a5_': 0.1847508419566628, '_a6_': 3.3767608792247117, '_a7_': 1.6916286618276453, '_a0_': 1.0, '_a1_': 1.0, '_a2_': 1.0, '_a3_': 1.0, '_a4_': 1.0}};{'d0': 0.024905832919416622};-280.569866449044;41.5854473238451
24352;-104.058817930787;((((_a6_ * (_a5_ * x)) + (x * x)) + _a4_) * (_a6_ * x));{'d0': {'_a4_': 0.5256917705936172, '_a5_': 0.18475084206909573, '_a6_': 3.3767608772976923, '_a0_': 1.0, '_a1_': 1.0, '_a2_': 1.0, '_a3_': 1.0, '_a7_': 1.0}};{'d0': 0.024905832919416587};-280.569866449044;36.226115293735106
24353;-104.058817930787;((((_a6_ * (_a5_ * x)) + (x * x)) + _a4_) * (_a6_ * x));{'d0': {'_a4_': 0.5256917705936172, '_a5_': 0.18475084206909573, '_a6_': 3.3767608772976923, '_a0_': 1.0, '_a1_': 1.0, '_a2_': 1.0, '_a3_': 1.0, '_a7_': 1.0}};{'d0': 0.024905832919416587};-280.569866449044;36.226115293735106
24354;-104.058817930787;((((_a6_ * (_a5_ * x)) + (x * x)) + _a4_) * (_a6_ * x));{'d0': {'_a4_': 0.5256917705936172, '_a5_': 0.18475084206909573, '_a6_': 3.3767608772976923, '_a0_': 1.0, '_a1_': 1.0, '_a2_': 1.0, '_a3_': 1.0, '_a7_': 1.0}};{'d0': 0.024905832919416587};-280.569866449044;36.226115293735106
24355;-68.5812131553408;((_a4_ + ((((_a3_ + x) * _a3_) * x) * cos(_a2_))) * (x * pow2(-((x + -(exp((_a2_ * _a1_))))))));{'d0': {'_a1_': -3.172336447409225, '_a2_': -1.5710440062029472, '_a3_': 0.6356724178208689, '_a4_': -8.361994220105918e-05, '_a0_': 1.0, '_a5_': 1.0, '_a6_': 1.0, '_a7_': 1.0}};{'d0': 0.024832854006781143};-276.651591589137;69.74458263922752
24356;-68.5812131553408;((_a4_ + ((((_a3_ + x) * _a3_) * x) * cos(_a2_))) * (x * pow2(-((x + -(exp((_a2_ * _a1_))))))));{'d0': {'_a1_': -3.172336447409225, '_a2_': -1.5710440062029472, '_a3_': 0.6356724178208689, '_a4_': -8.361994220105918e-05, '_a0_': 1.0, '_a5_': 1.0, '_a6_': 1.0, '_a7_': 1.0}};{'d0': 0.024832854006781143};-276.651591589137;69.74458263922752
24357;-68.5812131553408;((_a4_ + ((((_a3_ + x) * _a3_) * x) * cos(_a2_))) * (x * pow2(-((x + -(exp((_a2_ * _a1_))))))));{'d0': {'_a1_': -3.172336447409225, '_a2_': -1.5710440062029472, '_a3_': 0.6356724178208689, '_a4_': -8.361994220105918e-05, '_a0_': 1.0, '_a5_': 1.0, '_a6_': 1.0, '_a7_': 1.0}};{'d0': 0.024832854006781143};-276.651591589137;69.74458263922752
24358;-68.5812131553408;((_a4_ + ((((_a3_ + x) * _a3_) * x) * cos(_a2_))) * (x * pow2(-((x + -(exp((_a2_ * _a1_))))))));{'d0': {'_a1_': -3.172336447409225, '_a2_': -1.5710440062029472, '_a3_': 0.6356724178208689, '_a4_': -8.361994220105918e-05, '_a0_': 1.0, '_a5_': 1.0, '_a6_': 1.0, '_a7_': 1.0}};{'d0': 0.024832854006781143};-276.651591589137;69.74458263922752
24359;-68.5812131553408;((_a4_ + ((((_a3_ + x) * _a3_) * x) * cos(_a2_))) * (x * pow2(-((x + -(exp((_a2_ * _a1_))))))));{'d0': {'_a1_': -3.172336447409225, '_a2_': -1.5710440062029472, '_a3_': 0.6356724178208689, '_a4_': -8.361994220105918e-05, '_a0_': 1.0, '_a5_': 1.0, '_a6_': 1.0, '_a7_': 1.0}};{'d0': 0.024832854006781143};-276.651591589137;69.74458263922752
24360;-68.5812131553408;((_a4_ + ((((_a3_ + x) * _a3_) * x) * cos(_a2_))) * (x * pow2(-((x + -(exp((_a2_ * _a1_))))))));{'d0': {'_a1_': -3.172336447409225, '_a2_': -1.5710440062029472, '_a3_': 0.6356724178208689, '_a4_': -8.361994220105918e-05, '_a0_': 1.0, '_a5_': 1.0, '_a6_': 1.0, '_a7_': 1.0}};{'d0': 0.024832854006781143};-276.651591589137;69.74458263922752
24361;-68.5812131553408;((_a4_ + ((((_a3_ + x) * _a3_) * x) * cos(_a2_))) * (x * pow2(-((x + -(exp((_a2_ * _a1_))))))));{'d0': {'_a1_': -3.172336447409225, '_a2_': -1.5710440062029472, '_a3_': 0.6356724178208689, '_a4_': -8.361994220105918e-05, '_a0_': 1.0, '_a5_': 1.0, '_a6_': 1.0, '_a7_': 1.0}};{'d0': 0.024832854006781143};-276.651591589137;69.74458263922752
24362;-68.5812131553408;((_a4_ + ((((_a3_ + x) * _a3_) * x) * cos(_a2_))) * (x * pow2(-((x + -(exp((_a2_ * _a1_))))))));{'d0': {'_a1_': -3.172336447409225, '_a2_': -1.5710440062029472, '_a3_': 0.6356724178208689, '_a4_': -8.361994220105918e-05, '_a0_': 1.0, '_a5_': 1.0, '_a6_': 1.0, '_a7_': 1.0}};{'d0': 0.024832854006781143};-276.651591589137;69.74458263922752
24363;-64.8832786827591;((_a4_ + ((((pow2(_a3_) + x) * _a3_) * x) * cos(_a2_))) * (x * pow2(-((x + -(exp((_a2_ * _a1_))))))));{'d0': {'_a1_': -3.172443394910637, '_a2_': -1.5709937958498381, '_a3_': 0.7972906082729903, '_a4_': -8.361847956010873e-05, '_a0_': 1.0, '_a5_': 1.0, '_a6_': 1.0, '_a7_': 1.0}};{'d0': 0.02483285400675773};-276.651591589194;73.44251711183752
24364;-104.058817930787;((((_a6_ * (_a5_ * x)) + (x * x)) + _a4_) * (_a6_ * x));{'d0': {'_a4_': 0.5256917705936172, '_a5_': 0.18475084206909573, '_a6_': 3.3767608772976923, '_a0_': 1.0, '_a1_': 1.0, '_a2_': 1.0, '_a3_': 1.0, '_a7_': 1.0}};{'d0': 0.024905832919416587};-280.569866449044;36.226115293735106
24365;-104.058817930787;((((_a6_ * (_a5_ * x)) + (x * x)) + _a4_) * (_a6_ * x));{'d0': {'_a4_': 0.5256917705936172, '_a5_': 0.18475084206909573, '_a6_': 3.3767608772976923, '_a0_': 1.0, '_a1_': 1.0, '_a2_': 1.0, '_a3_': 1.0, '_a7_': 1.0}};{'d0': 0.024905832919416587};-280.569866449044;36.226115293735106
24366;-104.058817930787;((((_a6_ * (_a5_ * x)) + (x * x)) + _a4_) * (_a6_ * x));{'d0': {'_a4_': 0.5256917705936172, '_a5_': 0.18475084206909573, '_a6_': 3.3767608772976923, '_a0_': 1.0, '_a1_': 1.0, '_a2_': 1.0, '_a3_': 1.0, '_a7_': 1.0}};{'d0': 0.024905832919416587};-280.569866449044;36.226115293735106
24367;-104.058817930787;((((_a6_ * (_a5_ * x)) + (x * x)) + _a4_) * (_a6_ * x));{'d0': {'_a4_': 0.5256917705936172, '_a5_': 0.18475084206909573, '_a6_': 3.3767608772976923, '_a0_': 1.0, '_a1_': 1.0, '_a2_': 1.0, '_a3_': 1.0, '_a7_': 1.0}};{'d0': 0.024905832919416587};-280.569866449044;36.226115293735106
24368;-104.058817930787;((((_a6_ * (_a5_ * x)) + (x * x)) + _a4_) * (_a6_ * x));{'d0': {'_a4_': 0.5256917705936172, '_a5_': 0.18475084206909573, '_a6_': 3.3767608772976923, '_a0_': 1.0, '_a1_': 1.0, '_a2_': 1.0, '_a3_': 1.0, '_a7_': 1.0}};{'d0': 0.024905832919416587};-280.569866449044;36.226115293735106
24369;-104.058817930787;((((_a6_ * (_a5_ * x)) + (x * x)) + _a4_) * (_a6_ * x));{'d0': {'_a4_': 0.5256917705936172, '_a5_': 0.18475084206909573, '_a6_': 3.3767608772976923, '_a0_': 1.0, '_a1_': 1.0, '_a2_': 1.0, '_a3_': 1.0, '_a7_': 1.0}};{'d0': 0.024905832919416587};-280.569866449044;36.226115293735106
24370;-104.058817930787;((((_a6_ * (_a5_ * x)) + (x * x)) + _a4_) * (_a6_ * x));{'d0': {'_a4_': 0.5256917705936172, '_a5_': 0.18475084206909573, '_a6_': 3.3767608772976923, '_a0_': 1.0, '_a1_': 1.0, '_a2_': 1.0, '_a3_': 1.0, '_a7_': 1.0}};{'d0': 0.024905832919416587};-280.569866449044;36.226115293735106
24371;-104.058817930787;((((_a6_ * (_a5_ * x)) + (x * x)) + _a4_) * (_a6_ * x));{'d0': {'_a4_': 0.5256917705936172, '_a5_': 0.18475084206909573, '_a6_': 3.3767608772976923, '_a0_': 1.0, '_a1_': 1.0, '_a2_': 1.0, '_a3_': 1.0, '_a7_': 1.0}};{'d0': 0.024905832919416587};-280.569866449044;36.226115293735106
24372;-104.058817930787;((((_a6_ * (_a5_ * x)) + (x * x)) + _a4_) * (_a6_ * x));{'d0': {'_a4_': 0.5256917705936172, '_a5_': 0.18475084206909573, '_a6_': 3.3767608772976923, '_a0_': 1.0, '_a1_': 1.0, '_a2_': 1.0, '_a3_': 1.0, '_a7_': 1.0}};{'d0': 0.024905832919416587};-280.569866449044;36.226115293735106
24373;-104.058817930787;((((_a6_ * (_a5_ * x)) + (x * x)) + _a4_) * (_a6_ * x));{'d0': {'_a4_': 0.5256917705936172, '_a5_': 0.18475084206909573, '_a6_': 3.3767608772976923, '_a0_': 1.0, '_a1_': 1.0, '_a2_': 1.0, '_a3_': 1.0, '_a7_': 1.0}};{'d0': 0.024905832919416587};-280.569866449044;36.226115293735106
24374;-104.058817930787;((((_a6_ * (_a5_ * x)) + (x * x)) + _a4_) * (_a6_ * x));{'d0': {'_a4_': 0.5256917705936172, '_a5_': 0.18475084206909573, '_a6_': 3.3767608772976923, '_a0_': 1.0, '_a1_': 1.0, '_a2_': 1.0, '_a3_': 1.0, '_a7_': 1.0}};{'d0': 0.024905832919416587};-280.569866449044;36.226115293735106
24375;-104.058817930787;((((_a6_ * (_a5_ * x)) + (x * x)) + _a4_) * (_a6_ * x));{'d0': {'_a4_': 0.5256917705936172, '_a5_': 0.18475084206909573, '_a6_': 3.3767608772976923, '_a0_': 1.0, '_a1_': 1.0, '_a2_': 1.0, '_a3_': 1.0, '_a7_': 1.0}};{'d0': 0.024905832919416587};-280.569866449044;36.226115293735106
24376;-104.058817930787;((((_a6_ * (_a5_ * x)) + (x * x)) + _a4_) * (_a6_ * x));{'d0': {'_a4_': 0.5256917705936172, '_a5_': 0.18475084206909573, '_a6_': 3.3767608772976923, '_a0_': 1.0, '_a1_': 1.0, '_a2_': 1.0, '_a3_': 1.0, '_a7_': 1.0}};{'d0': 0.024905832919416587};-280.569866449044;36.226115293735106
24377;-104.058817930787;((((_a6_ * (_a5_ * x)) + (x * x)) + _a4_) * (_a6_ * x));{'d0': {'_a4_': 0.5256917705936172, '_a5_': 0.18475084206909573, '_a6_': 3.3767608772976923, '_a0_': 1.0, '_a1_': 1.0, '_a2_': 1.0, '_a3_': 1.0, '_a7_': 1.0}};{'d0': 0.024905832919416587};-280.569866449044;36.226115293735106
24378;-104.058817930787;((((_a6_ * (_a5_ * x)) + (x * x)) + _a4_) * (_a6_ * x));{'d0': {'_a4_': 0.5256917705936172, '_a5_': 0.18475084206909573, '_a6_': 3.3767608772976923, '_a0_': 1.0, '_a1_': 1.0, '_a2_': 1.0, '_a3_': 1.0, '_a7_': 1.0}};{'d0': 0.024905832919416587};-280.569866449044;36.226115293735106
24379;-104.058817930787;((((_a6_ * (_a5_ * x)) + (x * x)) + _a4_) * (_a6_ * x));{'d0': {'_a4_': 0.5256917705936172, '_a5_': 0.18475084206909573, '_a6_': 3.3767608772976923, '_a0_': 1.0, '_a1_': 1.0, '_a2_': 1.0, '_a3_': 1.0, '_a7_': 1.0}};{'d0': 0.024905832919416587};-280.569866449044;36.226115293735106
24380;-104.058817930787;((((_a6_ * (_a5_ * x)) + (x * x)) + _a4_) * (_a6_ * x));{'d0': {'_a4_': 0.5256917705936172, '_a5_': 0.18475084206909573, '_a6_': 3.3767608772976923, '_a0_': 1.0, '_a1_': 1.0, '_a2_': 1.0, '_a3_': 1.0, '_a7_': 1.0}};{'d0': 0.024905832919416587};-280.569866449044;36.226115293735106
24381;-104.058817930787;((((_a6_ * (_a5_ * x)) + (x * x)) + _a4_) * (_a6_ * x));{'d0': {'_a4_': 0.5256917705936172, '_a5_': 0.18475084206909573, '_a6_': 3.3767608772976923, '_a0_': 1.0, '_a1_': 1.0, '_a2_': 1.0, '_a3_': 1.0, '_a7_': 1.0}};{'d0': 0.024905832919416587};-280.569866449044;36.226115293735106
24382;-104.058817930787;((((_a6_ * (_a5_ * x)) + (x * x)) + _a4_) * (_a6_ * x));{'d0': {'_a4_': 0.5256917705936172, '_a5_': 0.18475084206909573, '_a6_': 3.3767608772976923, '_a0_': 1.0, '_a1_': 1.0, '_a2_': 1.0, '_a3_': 1.0, '_a7_': 1.0}};{'d0': 0.024905832919416587};-280.569866449044;36.226115293735106
24383;-104.058817930787;((((_a6_ * (_a5_ * x)) + (x * x)) + _a4_) * (_a6_ * x));{'d0': {'_a4_': 0.5256917705936172, '_a5_': 0.18475084206909573, '_a6_': 3.3767608772976923, '_a0_': 1.0, '_a1_': 1.0, '_a2_': 1.0, '_a3_': 1.0, '_a7_': 1.0}};{'d0': 0.024905832919416587};-280.569866449044;36.226115293735106
24384;-104.058817930787;((((_a6_ * (_a5_ * x)) + (x * x)) + _a4_) * (_a6_ * x));{'d0': {'_a4_': 0.5256917705936172, '_a5_': 0.18475084206909573, '_a6_': 3.3767608772976923, '_a0_': 1.0, '_a1_': 1.0, '_a2_': 1.0, '_a3_': 1.0, '_a7_': 1.0}};{'d0': 0.024905832919416587};-280.569866449044;36.226115293735106
24385;-104.058817930787;((((_a6_ * (_a5_ * x)) + (x * x)) + _a4_) * (_a6_ * x));{'d0': {'_a4_': 0.5256917705936172, '_a5_': 0.18475084206909573, '_a6_': 3.3767608772976923, '_a0_': 1.0, '_a1_': 1.0, '_a2_': 1.0, '_a3_': 1.0, '_a7_': 1.0}};{'d0': 0.024905832919416587};-280.569866449044;36.226115293735106
24386;-104.058817930787;((((_a6_ * (_a5_ * x)) + (x * x)) + _a4_) * (_a6_ * x));{'d0': {'_a4_': 0.5256917705936172, '_a5_': 0.18475084206909573, '_a6_': 3.3767608772976923, '_a0_': 1.0, '_a1_': 1.0, '_a2_': 1.0, '_a3_': 1.0, '_a7_': 1.0}};{'d0': 0.024905832919416587};-280.569866449044;36.226115293735106
24387;-104.058817930787;((((_a6_ * (_a5_ * x)) + (x * x)) + _a4_) * (_a6_ * x));{'d0': {'_a4_': 0.5256917705936172, '_a5_': 0.18475084206909573, '_a6_': 3.3767608772976923, '_a0_': 1.0, '_a1_': 1.0, '_a2_': 1.0, '_a3_': 1.0, '_a7_': 1.0}};{'d0': 0.024905832919416587};-280.569866449044;36.226115293735106
24388;-104.058817930787;((((_a6_ * (_a5_ * x)) + (x * x)) + _a4_) * (_a6_ * x));{'d0': {'_a4_': 0.5256917705936172, '_a5_': 0.18475084206909573, '_a6_': 3.3767608772976923, '_a0_': 1.0, '_a1_': 1.0, '_a2_': 1.0, '_a3_': 1.0, '_a7_': 1.0}};{'d0': 0.024905832919416587};-280.569866449044;36.226115293735106
24389;-104.058817930787;((((_a6_ * (_a5_ * x)) + (x * x)) + _a4_) * (_a6_ * x));{'d0': {'_a4_': 0.5256917705936172, '_a5_': 0.18475084206909573, '_a6_': 3.3767608772976923, '_a0_': 1.0, '_a1_': 1.0, '_a2_': 1.0, '_a3_': 1.0, '_a7_': 1.0}};{'d0': 0.024905832919416587};-280.569866449044;36.226115293735106
24390;-104.058817930787;((((_a6_ * (_a5_ * x)) + (x * x)) + _a4_) * (_a6_ * x));{'d0': {'_a4_': 0.5256917705936172, '_a5_': 0.18475084206909573, '_a6_': 3.3767608772976923, '_a0_': 1.0, '_a1_': 1.0, '_a2_': 1.0, '_a3_': 1.0, '_a7_': 1.0}};{'d0': 0.024905832919416587};-280.569866449044;36.226115293735106
24391;-104.058817930787;((((_a6_ * (_a5_ * x)) + (x * x)) + _a4_) * (_a6_ * x));{'d0': {'_a4_': 0.5256917705936172, '_a5_': 0.18475084206909573, '_a6_': 3.3767608772976923, '_a0_': 1.0, '_a1_': 1.0, '_a2_': 1.0, '_a3_': 1.0, '_a7_': 1.0}};{'d0': 0.024905832919416587};-280.569866449044;36.226115293735106
24392;-104.058817930787;((((_a6_ * (_a5_ * x)) + (x * x)) + _a4_) * (_a6_ * x));{'d0': {'_a4_': 0.5256917705936172, '_a5_': 0.18475084206909573, '_a6_': 3.3767608772976923, '_a0_': 1.0, '_a1_': 1.0, '_a2_': 1.0, '_a3_': 1.0, '_a7_': 1.0}};{'d0': 0.024905832919416587};-280.569866449044;36.226115293735106
24393;-104.058817930787;((((_a6_ * (_a5_ * x)) + (x * x)) + _a4_) * (_a6_ * x));{'d0': {'_a4_': 0.5256917705936172, '_a5_': 0.18475084206909573, '_a6_': 3.3767608772976923, '_a0_': 1.0, '_a1_': 1.0, '_a2_': 1.0, '_a3_': 1.0, '_a7_': 1.0}};{'d0': 0.024905832919416587};-280.569866449044;36.226115293735106
24394;-104.058817930787;((((_a6_ * (_a5_ * x)) + (x * x)) + _a4_) * (_a6_ * x));{'d0': {'_a4_': 0.5256917705936172, '_a5_': 0.18475084206909573, '_a6_': 3.3767608772976923, '_a0_': 1.0, '_a1_': 1.0, '_a2_': 1.0, '_a3_': 1.0, '_a7_': 1.0}};{'d0': 0.024905832919416587};-280.569866449044;36.226115293735106
24395;-104.058817930787;((((_a6_ * (_a5_ * x)) + (x * x)) + _a4_) * (_a6_ * x));{'d0': {'_a4_': 0.5256917705936172, '_a5_': 0.18475084206909573, '_a6_': 3.3767608772976923, '_a0_': 1.0, '_a1_': 1.0, '_a2_': 1.0, '_a3_': 1.0, '_a7_': 1.0}};{'d0': 0.024905832919416587};-280.569866449044;36.226115293735106
24396;-104.058817930787;((((_a6_ * (_a5_ * x)) + (x * x)) + _a4_) * (_a6_ * x));{'d0': {'_a4_': 0.5256917705936172, '_a5_': 0.18475084206909573, '_a6_': 3.3767608772976923, '_a0_': 1.0, '_a1_': 1.0, '_a2_': 1.0, '_a3_': 1.0, '_a7_': 1.0}};{'d0': 0.024905832919416587};-280.569866449044;36.226115293735106
24397;-104.058817930787;((((_a6_ * (_a5_ * x)) + (x * x)) + _a4_) * (_a6_ * x));{'d0': {'_a4_': 0.5256917705936172, '_a5_': 0.18475084206909573, '_a6_': 3.3767608772976923, '_a0_': 1.0, '_a1_': 1.0, '_a2_': 1.0, '_a3_': 1.0, '_a7_': 1.0}};{'d0': 0.024905832919416587};-280.569866449044;36.226115293735106
24398;-104.058817930787;((((_a6_ * (_a5_ * x)) + (x * x)) + _a4_) * (_a6_ * x));{'d0': {'_a4_': 0.5256917705936172, '_a5_': 0.18475084206909573, '_a6_': 3.3767608772976923, '_a0_': 1.0, '_a1_': 1.0, '_a2_': 1.0, '_a3_': 1.0, '_a7_': 1.0}};{'d0': 0.024905832919416587};-280.569866449044;36.226115293735106
24399;-98.6927497961266;((((exp(_a4_) * (_a5_ * x)) + (x * x)) + _a4_) * (_a6_ * x));{'d0': {'_a4_': 0.5256917702083639, '_a5_': 0.36879217619858706, '_a6_': 3.3767608792409534, '_a0_': 1.0, '_a1_': 1.0, '_a2_': 1.0, '_a3_': 1.0, '_a7_': 1.0}};{'d0': 0.02490583291941668};-280.569866449043;41.5921834283951
24400;-98.6927497961266;((((exp(_a4_) * (_a5_ * x)) + (x * x)) + _a4_) * (_a6_ * x));{'d0': {'_a4_': 0.5256917702083639, '_a5_': 0.36879217619858706, '_a6_': 3.3767608792409534, '_a0_': 1.0, '_a1_': 1.0, '_a2_': 1.0, '_a3_': 1.0, '_a7_': 1.0}};{'d0': 0.02490583291941668};-280.569866449043;41.5921834283951
24401;-98.6927497961266;((((exp(_a4_) * (_a5_ * x)) + (x * x)) + _a4_) * (_a6_ * x));{'d0': {'_a4_': 0.5256917702083639, '_a5_': 0.36879217619858706, '_a6_': 3.3767608792409534, '_a0_': 1.0, '_a1_': 1.0, '_a2_': 1.0, '_a3_': 1.0, '_a7_': 1.0}};{'d0': 0.02490583291941668};-280.569866449043;41.5921834283951
24402;-98.6927497961266;((((exp(_a4_) * (_a5_ * x)) + (x * x)) + _a4_) * (_a6_ * x));{'d0': {'_a4_': 0.5256917702083639, '_a5_': 0.36879217619858706, '_a6_': 3.3767608792409534, '_a0_': 1.0, '_a1_': 1.0, '_a2_': 1.0, '_a3_': 1.0, '_a7_': 1.0}};{'d0': 0.02490583291941668};-280.569866449043;41.5921834283951
24403;-98.6927497961266;((((exp(_a4_) * (_a5_ * x)) + (x * x)) + _a4_) * (_a6_ * x));{'d0': {'_a4_': 0.5256917702083639, '_a5_': 0.36879217619858706, '_a6_': 3.3767608792409534, '_a0_': 1.0, '_a1_': 1.0, '_a2_': 1.0, '_a3_': 1.0, '_a7_': 1.0}};{'d0': 0.02490583291941668};-280.569866449043;41.5921834283951
24404;-98.6927497961266;((((exp(_a4_) * (_a5_ * x)) + (x * x)) + _a4_) * (_a6_ * x));{'d0': {'_a4_': 0.5256917702083639, '_a5_': 0.36879217619858706, '_a6_': 3.3767608792409534, '_a0_': 1.0, '_a1_': 1.0, '_a2_': 1.0, '_a3_': 1.0, '_a7_': 1.0}};{'d0': 0.02490583291941668};-280.569866449043;41.5921834283951
24405;-98.6927497961266;((((exp(_a4_) * (_a5_ * x)) + (x * x)) + _a4_) * (_a6_ * x));{'d0': {'_a4_': 0.5256917702083639, '_a5_': 0.36879217619858706, '_a6_': 3.3767608792409534, '_a0_': 1.0, '_a1_': 1.0, '_a2_': 1.0, '_a3_': 1.0, '_a7_': 1.0}};{'d0': 0.02490583291941668};-280.569866449043;41.5921834283951
24406;-98.6927497961266;((((exp(_a4_) * (_a5_ * x)) + (x * x)) + _a4_) * (_a6_ * x));{'d0': {'_a4_': 0.5256917702083639, '_a5_': 0.36879217619858706, '_a6_': 3.3767608792409534, '_a0_': 1.0, '_a1_': 1.0, '_a2_': 1.0, '_a3_': 1.0, '_a7_': 1.0}};{'d0': 0.02490583291941668};-280.569866449043;41.5921834283951
24407;-98.6927497961266;((((exp(_a4_) * (_a5_ * x)) + (x * x)) + _a4_) * (_a6_ * x));{'d0': {'_a4_': 0.5256917702083639, '_a5_': 0.36879217619858706, '_a6_': 3.3767608792409534, '_a0_': 1.0, '_a1_': 1.0, '_a2_': 1.0, '_a3_': 1.0, '_a7_': 1.0}};{'d0': 0.02490583291941668};-280.569866449043;41.5921834283951
24408;-98.6927497961266;((((exp(_a4_) * (_a5_ * x)) + (x * x)) + _a4_) * (_a6_ * x));{'d0': {'_a4_': 0.5256917702083639, '_a5_': 0.36879217619858706, '_a6_': 3.3767608792409534, '_a0_': 1.0, '_a1_': 1.0, '_a2_': 1.0, '_a3_': 1.0, '_a7_': 1.0}};{'d0': 0.02490583291941668};-280.569866449043;41.5921834283951
24409;-98.6927497961266;((((exp(_a4_) * (_a5_ * x)) + (x * x)) + _a4_) * (_a6_ * x));{'d0': {'_a4_': 0.5256917702083639, '_a5_': 0.36879217619858706, '_a6_': 3.3767608792409534, '_a0_': 1.0, '_a1_': 1.0, '_a2_': 1.0, '_a3_': 1.0, '_a7_': 1.0}};{'d0': 0.02490583291941668};-280.569866449043;41.5921834283951
24410;-98.6927497961266;((((exp(_a4_) * (_a5_ * x)) + (x * x)) + _a4_) * (_a6_ * x));{'d0': {'_a4_': 0.5256917702083639, '_a5_': 0.36879217619858706, '_a6_': 3.3767608792409534, '_a0_': 1.0, '_a1_': 1.0, '_a2_': 1.0, '_a3_': 1.0, '_a7_': 1.0}};{'d0': 0.02490583291941668};-280.569866449043;41.5921834283951
24411;-98.6927497961266;((((exp(_a4_) * (_a5_ * x)) + (x * x)) + _a4_) * (_a6_ * x));{'d0': {'_a4_': 0.5256917702083639, '_a5_': 0.36879217619858706, '_a6_': 3.3767608792409534, '_a0_': 1.0, '_a1_': 1.0, '_a2_': 1.0, '_a3_': 1.0, '_a7_': 1.0}};{'d0': 0.02490583291941668};-280.569866449043;41.5921834283951
24412;-98.6927497961266;((((exp(_a4_) * (_a5_ * x)) + (x * x)) + _a4_) * (_a6_ * x));{'d0': {'_a4_': 0.5256917702083639, '_a5_': 0.36879217619858706, '_a6_': 3.3767608792409534, '_a0_': 1.0, '_a1_': 1.0, '_a2_': 1.0, '_a3_': 1.0, '_a7_': 1.0}};{'d0': 0.02490583291941668};-280.569866449043;41.5921834283951
24413;-98.6927497961266;((((exp(_a4_) * (_a5_ * x)) + (x * x)) + _a4_) * (_a6_ * x));{'d0': {'_a4_': 0.5256917702083639, '_a5_': 0.36879217619858706, '_a6_': 3.3767608792409534, '_a0_': 1.0, '_a1_': 1.0, '_a2_': 1.0, '_a3_': 1.0, '_a7_': 1.0}};{'d0': 0.02490583291941668};-280.569866449043;41.5921834283951
24414;-98.6927497961266;((((exp(_a4_) * (_a5_ * x)) + (x * x)) + _a4_) * (_a6_ * x));{'d0': {'_a4_': 0.5256917702083639, '_a5_': 0.36879217619858706, '_a6_': 3.3767608792409534, '_a0_': 1.0, '_a1_': 1.0, '_a2_': 1.0, '_a3_': 1.0, '_a7_': 1.0}};{'d0': 0.02490583291941668};-280.569866449043;41.5921834283951
24415;-98.6927497961267;((((exp(_a5_) * (_a5_ * x)) + (x * x)) + _a4_) * (_a6_ * x));{'d0': {'_a4_': 0.5256917704904199, '_a5_': 0.41284728730881554, '_a6_': 3.376760877968289, '_a0_': 1.0, '_a1_': 1.0, '_a2_': 1.0, '_a3_': 1.0, '_a7_': 1.0}};{'d0': 0.024905832919416587};-280.569866449044;41.5921834283951
24416;-98.6927497961267;((((exp(_a5_) * (_a5_ * x)) + (x * x)) + _a4_) * (_a6_ * x));{'d0': {'_a4_': 0.5256917704904199, '_a5_': 0.41284728730881554, '_a6_': 3.376760877968289, '_a0_': 1.0, '_a1_': 1.0, '_a2_': 1.0, '_a3_': 1.0, '_a7_': 1.0}};{'d0': 0.024905832919416587};-280.569866449044;41.5921834283951
24417;-98.6927497961267;((((exp(_a5_) * (_a5_ * x)) + (x * x)) + _a4_) * (_a6_ * x));{'d0': {'_a4_': 0.5256917704904199, '_a5_': 0.41284728730881554, '_a6_': 3.376760877968289, '_a0_': 1.0, '_a1_': 1.0, '_a2_': 1.0, '_a3_': 1.0, '_a7_': 1.0}};{'d0': 0.024905832919416587};-280.569866449044;41.5921834283951
24418;-98.6927497961267;((((exp(_a5_) * (_a5_ * x)) + (x * x)) + _a4_) * (_a6_ * x));{'d0': {'_a4_': 0.5256917704904199, '_a5_': 0.41284728730881554, '_a6_': 3.376760877968289, '_a0_': 1.0, '_a1_': 1.0, '_a2_': 1.0, '_a3_': 1.0, '_a7_': 1.0}};{'d0': 0.024905832919416587};-280.569866449044;41.5921834283951
24419;-100.833694356400;((_a3_ + (pow2(((pow2(_a3_) * _a7_) + x)) / _a7_)) * (_a6_ * x));{'d0': {'_a3_': 0.7281414638414463, '_a6_': 1.9866690235117506, '_a7_': 0.588335715267372, '_a0_': 1.0, '_a1_': 1.0, '_a2_': 1.0, '_a4_': 1.0, '_a5_': 1.0}};{'d0': 0.024905832919416657};-280.569866449044;39.451238868121415
24420;-100.833694356401;((_a3_ + (pow2(((pow2(_a3_) * _a3_) + x)) / _a7_)) * (_a6_ * x));{'d0': {'_a3_': 0.6781913497838452, '_a6_': 2.13299106478367, '_a7_': 0.6316677850802638, '_a0_': 1.0, '_a1_': 1.0, '_a2_': 1.0, '_a4_': 1.0, '_a5_': 1.0}};{'d0': 0.02490583291941662};-280.569866449044;39.451238868121415
24421;-100.833694356401;((_a3_ + (pow2(((pow2(_a3_) * _a3_) + x)) / _a7_)) * (_a6_ * x));{'d0': {'_a3_': 0.6781913497838452, '_a6_': 2.13299106478367, '_a7_': 0.6316677850802638, '_a0_': 1.0, '_a1_': 1.0, '_a2_': 1.0, '_a4_': 1.0, '_a5_': 1.0}};{'d0': 0.02490583291941662};-280.569866449044;39.451238868121415
24422;-100.833694356401;((_a3_ + (pow2(((pow2(_a3_) * _a3_) + x)) / _a7_)) * (_a6_ * x));{'d0': {'_a3_': 0.6781913497838452, '_a6_': 2.13299106478367, '_a7_': 0.6316677850802638, '_a0_': 1.0, '_a1_': 1.0, '_a2_': 1.0, '_a4_': 1.0, '_a5_': 1.0}};{'d0': 0.02490583291941662};-280.569866449044;39.451238868121415
24423;-100.833694356401;((_a3_ + (pow2(((pow2(_a3_) * _a3_) + x)) / _a7_)) * (_a6_ * x));{'d0': {'_a3_': 0.6781913497838452, '_a6_': 2.13299106478367, '_a7_': 0.6316677850802638, '_a0_': 1.0, '_a1_': 1.0, '_a2_': 1.0, '_a4_': 1.0, '_a5_': 1.0}};{'d0': 0.02490583291941662};-280.569866449044;39.451238868121415
24424;-100.833694356401;((_a3_ + (pow2(((pow2(_a3_) * _a3_) + x)) / _a7_)) * (_a6_ * x));{'d0': {'_a3_': 0.6781913497838452, '_a6_': 2.13299106478367, '_a7_': 0.6316677850802638, '_a0_': 1.0, '_a1_': 1.0, '_a2_': 1.0, '_a4_': 1.0, '_a5_': 1.0}};{'d0': 0.02490583291941662};-280.569866449044;39.451238868121415
24425;-100.833694356401;((_a3_ + (pow2(((pow2(_a3_) * _a3_) + x)) / _a7_)) * (_a6_ * x));{'d0': {'_a3_': 0.6781913497838452, '_a6_': 2.13299106478367, '_a7_': 0.6316677850802638, '_a0_': 1.0, '_a1_': 1.0, '_a2_': 1.0, '_a4_': 1.0, '_a5_': 1.0}};{'d0': 0.02490583291941662};-280.569866449044;39.451238868121415
24426;-100.833694356401;((_a3_ + (pow2(((pow2(_a3_) * _a3_) + x)) / _a7_)) * (_a6_ * x));{'d0': {'_a3_': 0.6781913497838452, '_a6_': 2.13299106478367, '_a7_': 0.6316677850802638, '_a0_': 1.0, '_a1_': 1.0, '_a2_': 1.0, '_a4_': 1.0, '_a5_': 1.0}};{'d0': 0.02490583291941662};-280.569866449044;39.451238868121415
24427;-100.833694356401;((_a3_ + (pow2(((pow2(_a3_) * _a3_) + x)) / _a7_)) * (_a6_ * x));{'d0': {'_a3_': 0.6781913497838452, '_a6_': 2.13299106478367, '_a7_': 0.6316677850802638, '_a0_': 1.0, '_a1_': 1.0, '_a2_': 1.0, '_a4_': 1.0, '_a5_': 1.0}};{'d0': 0.02490583291941662};-280.569866449044;39.451238868121415
24428;-100.833694356401;((_a3_ + (pow2(((pow2(_a3_) * _a3_) + x)) / _a7_)) * (_a6_ * x));{'d0': {'_a3_': 0.6781913497838452, '_a6_': 2.13299106478367, '_a7_': 0.6316677850802638, '_a0_': 1.0, '_a1_': 1.0, '_a2_': 1.0, '_a4_': 1.0, '_a5_': 1.0}};{'d0': 0.02490583291941662};-280.569866449044;39.451238868121415
24429;-100.833694356401;((_a3_ + (pow2(((pow2(_a3_) * _a3_) + x)) / _a7_)) * (_a6_ * x));{'d0': {'_a3_': 0.6781913497838452, '_a6_': 2.13299106478367, '_a7_': 0.6316677850802638, '_a0_': 1.0, '_a1_': 1.0, '_a2_': 1.0, '_a4_': 1.0, '_a5_': 1.0}};{'d0': 0.02490583291941662};-280.569866449044;39.451238868121415
24430;-100.833694356401;((_a3_ + (pow2(((pow2(_a3_) * _a3_) + x)) / _a7_)) * (_a6_ * x));{'d0': {'_a3_': 0.6781913497838452, '_a6_': 2.13299106478367, '_a7_': 0.6316677850802638, '_a0_': 1.0, '_a1_': 1.0, '_a2_': 1.0, '_a4_': 1.0, '_a5_': 1.0}};{'d0': 0.02490583291941662};-280.569866449044;39.451238868121415
24431;-100.833694356401;((_a3_ + (pow2(((pow2(_a3_) * _a3_) + x)) / _a7_)) * (_a6_ * x));{'d0': {'_a3_': 0.6781913497838452, '_a6_': 2.13299106478367, '_a7_': 0.6316677850802638, '_a0_': 1.0, '_a1_': 1.0, '_a2_': 1.0, '_a4_': 1.0, '_a5_': 1.0}};{'d0': 0.02490583291941662};-280.569866449044;39.451238868121415
24432;-101.684646197346;((_a3_ + (pow2(((pow2(_a3_) * _a3_) + x)) * _a7_)) * (_a6_ * x));{'d0': {'_a3_': 0.6781913497819321, '_a6_': 2.132991065190671, '_a7_': 1.5831106526834697, '_a0_': 1.0, '_a1_': 1.0, '_a2_': 1.0, '_a4_': 1.0, '_a5_': 1.0}};{'d0': 0.0249058329194167};-280.569866449043;38.600287027176016
24433;-101.684646197346;((_a3_ + (pow2(((pow2(_a3_) * _a3_) + x)) * _a7_)) * (_a6_ * x));{'d0': {'_a3_': 0.6781913497819321, '_a6_': 2.132991065190671, '_a7_': 1.5831106526834697, '_a0_': 1.0, '_a1_': 1.0, '_a2_': 1.0, '_a4_': 1.0, '_a5_': 1.0}};{'d0': 0.0249058329194167};-280.569866449043;38.600287027176016
24434;-101.684646197346;((_a3_ + (pow2(((pow2(_a3_) * _a3_) + x)) * _a7_)) * (_a6_ * x));{'d0': {'_a3_': 0.6781913497819321, '_a6_': 2.132991065190671, '_a7_': 1.5831106526834697, '_a0_': 1.0, '_a1_': 1.0, '_a2_': 1.0, '_a4_': 1.0, '_a5_': 1.0}};{'d0': 0.0249058329194167};-280.569866449043;38.600287027176016
24435;-101.684646197346;((_a3_ + (pow2(((pow2(_a3_) * _a3_) + x)) * _a7_)) * (_a6_ * x));{'d0': {'_a3_': 0.6781913497819321, '_a6_': 2.132991065190671, '_a7_': 1.5831106526834697, '_a0_': 1.0, '_a1_': 1.0, '_a2_': 1.0, '_a4_': 1.0, '_a5_': 1.0}};{'d0': 0.0249058329194167};-280.569866449043;38.600287027176016
24436;-101.684646197346;((_a3_ + (pow2(((pow2(_a3_) * _a3_) + x)) * _a7_)) * (_a6_ * x));{'d0': {'_a3_': 0.6781913497819321, '_a6_': 2.132991065190671, '_a7_': 1.5831106526834697, '_a0_': 1.0, '_a1_': 1.0, '_a2_': 1.0, '_a4_': 1.0, '_a5_': 1.0}};{'d0': 0.0249058329194167};-280.569866449043;38.600287027176016
24437;-98.6927497961267;((((exp(_a5_) * (_a5_ * x)) + (x * x)) + _a4_) * (_a6_ * x));{'d0': {'_a4_': 0.5256917704904199, '_a5_': 0.41284728730881554, '_a6_': 3.376760877968289, '_a0_': 1.0, '_a1_': 1.0, '_a2_': 1.0, '_a3_': 1.0, '_a7_': 1.0}};{'d0': 0.024905832919416587};-280.569866449044;41.5921834283951
24438;-98.6927497961267;((((exp(_a5_) * (_a5_ * x)) + (x * x)) + _a4_) * (_a6_ * x));{'d0': {'_a4_': 0.5256917704904199, '_a5_': 0.41284728730881554, '_a6_': 3.376760877968289, '_a0_': 1.0, '_a1_': 1.0, '_a2_': 1.0, '_a3_': 1.0, '_a7_': 1.0}};{'d0': 0.024905832919416587};-280.569866449044;41.5921834283951
24439;-98.6927497961267;((((exp(_a5_) * (_a5_ * x)) + (x * x)) + _a4_) * (_a6_ * x));{'d0': {'_a4_': 0.5256917704904199, '_a5_': 0.41284728730881554, '_a6_': 3.376760877968289, '_a0_': 1.0, '_a1_': 1.0, '_a2_': 1.0, '_a3_': 1.0, '_a7_': 1.0}};{'d0': 0.024905832919416587};-280.569866449044;41.5921834283951
24440;-98.6927497961267;((((exp(_a5_) * (_a5_ * x)) + (x * x)) + _a4_) * (_a6_ * x));{'d0': {'_a4_': 0.5256917704904199, '_a5_': 0.41284728730881554, '_a6_': 3.376760877968289, '_a0_': 1.0, '_a1_': 1.0, '_a2_': 1.0, '_a3_': 1.0, '_a7_': 1.0}};{'d0': 0.024905832919416587};-280.569866449044;41.5921834283951
24441;-98.6927497961267;((((exp(_a5_) * (_a5_ * x)) + (x * x)) + _a4_) * (_a6_ * x));{'d0': {'_a4_': 0.5256917704904199, '_a5_': 0.41284728730881554, '_a6_': 3.376760877968289, '_a0_': 1.0, '_a1_': 1.0, '_a2_': 1.0, '_a3_': 1.0, '_a7_': 1.0}};{'d0': 0.024905832919416587};-280.569866449044;41.5921834283951
24442;-98.6927497961267;((((exp(_a5_) * (_a5_ * x)) + (x * x)) + _a4_) * (_a6_ * x));{'d0': {'_a4_': 0.5256917704904199, '_a5_': 0.41284728730881554, '_a6_': 3.376760877968289, '_a0_': 1.0, '_a1_': 1.0, '_a2_': 1.0, '_a3_': 1.0, '_a7_': 1.0}};{'d0': 0.024905832919416587};-280.569866449044;41.5921834283951
24443;-98.6927497961267;((((exp(_a5_) * (_a5_ * x)) + (x * x)) + _a4_) * (_a6_ * x));{'d0': {'_a4_': 0.5256917704904199, '_a5_': 0.41284728730881554, '_a6_': 3.376760877968289, '_a0_': 1.0, '_a1_': 1.0, '_a2_': 1.0, '_a3_': 1.0, '_a7_': 1.0}};{'d0': 0.024905832919416587};-280.569866449044;41.5921834283951
24444;-98.6927497961267;((((exp(_a5_) * (_a5_ * x)) + (x * x)) + _a4_) * (_a6_ * x));{'d0': {'_a4_': 0.5256917704904199, '_a5_': 0.41284728730881554, '_a6_': 3.376760877968289, '_a0_': 1.0, '_a1_': 1.0, '_a2_': 1.0, '_a3_': 1.0, '_a7_': 1.0}};{'d0': 0.024905832919416587};-280.569866449044;41.5921834283951
24445;-98.6927497961267;((((exp(_a5_) * (_a5_ * x)) + (x * x)) + _a4_) * (_a6_ * x));{'d0': {'_a4_': 0.5256917704904199, '_a5_': 0.41284728730881554, '_a6_': 3.376760877968289, '_a0_': 1.0, '_a1_': 1.0, '_a2_': 1.0, '_a3_': 1.0, '_a7_': 1.0}};{'d0': 0.024905832919416587};-280.569866449044;41.5921834283951
24446;-98.6927497961267;((((exp(_a5_) * (_a5_ * x)) + (x * x)) + _a4_) * (_a6_ * x));{'d0': {'_a4_': 0.5256917704904199, '_a5_': 0.41284728730881554, '_a6_': 3.376760877968289, '_a0_': 1.0, '_a1_': 1.0, '_a2_': 1.0, '_a3_': 1.0, '_a7_': 1.0}};{'d0': 0.024905832919416587};-280.569866449044;41.5921834283951
24447;-98.6927497961267;((((exp(_a5_) * (_a5_ * x)) + (x * x)) + _a4_) * (_a6_ * x));{'d0': {'_a4_': 0.5256917704904199, '_a5_': 0.41284728730881554, '_a6_': 3.376760877968289, '_a0_': 1.0, '_a1_': 1.0, '_a2_': 1.0, '_a3_': 1.0, '_a7_': 1.0}};{'d0': 0.024905832919416587};-280.569866449044;41.5921834283951
24448;-103.714447007906;((((exp(_a5_) * x) + (x * x)) + _a4_) * (_a6_ * x));{'d0': {'_a4_': 0.5256917710976106, '_a5_': -0.4718302313119798, '_a6_': 3.3767608755206164, '_a0_': 1.0, '_a1_': 1.0, '_a2_': 1.0, '_a3_': 1.0, '_a7_': 1.0}};{'d0': 0.02490583291941652};-280.569866449044;36.5704862166161
24449;-103.714447007906;((((exp(_a5_) * x) + (x * x)) + _a4_) * (_a6_ * x));{'d0': {'_a4_': 0.5256917710976106, '_a5_': -0.4718302313119798, '_a6_': 3.3767608755206164, '_a0_': 1.0, '_a1_': 1.0, '_a2_': 1.0, '_a3_': 1.0, '_a7_': 1.0}};{'d0': 0.02490583291941652};-280.569866449044;36.5704862166161
24450;-103.714447007906;((((exp(_a5_) * x) + (x * x)) + _a4_) * (_a6_ * x));{'d0': {'_a4_': 0.5256917710976106, '_a5_': -0.4718302313119798, '_a6_': 3.3767608755206164, '_a0_': 1.0, '_a1_': 1.0, '_a2_': 1.0, '_a3_': 1.0, '_a7_': 1.0}};{'d0': 0.02490583291941652};-280.569866449044;36.5704862166161
24451;-103.714447007906;((((exp(_a5_) * x) + (x * x)) + _a4_) * (_a6_ * x));{'d0': {'_a4_': 0.5256917710976106, '_a5_': -0.4718302313119798, '_a6_': 3.3767608755206164, '_a0_': 1.0, '_a1_': 1.0, '_a2_': 1.0, '_a3_': 1.0, '_a7_': 1.0}};{'d0': 0.02490583291941652};-280.569866449044;36.5704862166161
24452;-103.714447007906;((((exp(_a5_) * x) + (x * x)) + _a4_) * (_a6_ * x));{'d0': {'_a4_': 0.5256917710976106, '_a5_': -0.4718302313119798, '_a6_': 3.3767608755206164, '_a0_': 1.0, '_a1_': 1.0, '_a2_': 1.0, '_a3_': 1.0, '_a7_': 1.0}};{'d0': 0.02490583291941652};-280.569866449044;36.5704862166161
24453;-103.714447007906;((((exp(_a5_) * x) + (x * x)) + _a4_) * (_a6_ * x));{'d0': {'_a4_': 0.5256917710976106, '_a5_': -0.4718302313119798, '_a6_': 3.3767608755206164, '_a0_': 1.0, '_a1_': 1.0, '_a2_': 1.0, '_a3_': 1.0, '_a7_': 1.0}};{'d0': 0.02490583291941652};-280.569866449044;36.5704862166161
24454;-103.335408388795;((_a1_ + (pow2(((_a1_ * _a3_) + x)) * _a7_)) * (_a6_ * x));{'d0': {'_a1_': 0.5774956151372894, '_a3_': 0.5401421085565025, '_a6_': 2.504912610654888, '_a7_': 1.3480553268969586, '_a0_': 1.0, '_a2_': 1.0, '_a4_': 1.0, '_a5_': 1.0}};{'d0': 0.024905832919458106};-276.475521886722;34.902352554566015
24455;-103.714447007906;((((exp(_a5_) * x) + (x * x)) + _a4_) * (_a6_ * x));{'d0': {'_a4_': 0.5256917710976106, '_a5_': -0.4718302313119798, '_a6_': 3.3767608755206164, '_a0_': 1.0, '_a1_': 1.0, '_a2_': 1.0, '_a3_': 1.0, '_a7_': 1.0}};{'d0': 0.02490583291941652};-280.569866449044;36.5704862166161
24456;-103.714447007906;((((exp(_a5_) * x) + (x * x)) + _a4_) * (_a6_ * x));{'d0': {'_a4_': 0.5256917710976106, '_a5_': -0.4718302313119798, '_a6_': 3.3767608755206164, '_a0_': 1.0, '_a1_': 1.0, '_a2_': 1.0, '_a3_': 1.0, '_a7_': 1.0}};{'d0': 0.02490583291941652};-280.569866449044;36.5704862166161
24457;-103.714447007906;((((exp(_a5_) * x) + (x * x)) + _a4_) * (_a6_ * x));{'d0': {'_a4_': 0.5256917710976106, '_a5_': -0.4718302313119798, '_a6_': 3.3767608755206164, '_a0_': 1.0, '_a1_': 1.0, '_a2_': 1.0, '_a3_': 1.0, '_a7_': 1.0}};{'d0': 0.02490583291941652};-280.569866449044;36.5704862166161
24458;-103.714447007906;((((exp(_a5_) * x) + (x * x)) + _a4_) * (_a6_ * x));{'d0': {'_a4_': 0.5256917710976106, '_a5_': -0.4718302313119798, '_a6_': 3.3767608755206164, '_a0_': 1.0, '_a1_': 1.0, '_a2_': 1.0, '_a3_': 1.0, '_a7_': 1.0}};{'d0': 0.02490583291941652};-280.569866449044;36.5704862166161
24459;-103.714447007906;((((exp(_a5_) * x) + (x * x)) + _a4_) * (_a6_ * x));{'d0': {'_a4_': 0.5256917710976106, '_a5_': -0.4718302313119798, '_a6_': 3.3767608755206164, '_a0_': 1.0, '_a1_': 1.0, '_a2_': 1.0, '_a3_': 1.0, '_a7_': 1.0}};{'d0': 0.02490583291941652};-280.569866449044;36.5704862166161
24460;-103.714447007906;((((exp(_a5_) * x) + (x * x)) + _a4_) * (_a6_ * x));{'d0': {'_a4_': 0.5256917710976106, '_a5_': -0.4718302313119798, '_a6_': 3.3767608755206164, '_a0_': 1.0, '_a1_': 1.0, '_a2_': 1.0, '_a3_': 1.0, '_a7_': 1.0}};{'d0': 0.02490583291941652};-280.569866449044;36.5704862166161
24461;-103.714447007906;((((exp(_a5_) * x) + (x * x)) + _a4_) * (_a6_ * x));{'d0': {'_a4_': 0.5256917710976106, '_a5_': -0.4718302313119798, '_a6_': 3.3767608755206164, '_a0_': 1.0, '_a1_': 1.0, '_a2_': 1.0, '_a3_': 1.0, '_a7_': 1.0}};{'d0': 0.02490583291941652};-280.569866449044;36.5704862166161
24462;-103.714447007906;((((exp(_a5_) * x) + (x * x)) + _a4_) * (_a6_ * x));{'d0': {'_a4_': 0.5256917710976106, '_a5_': -0.4718302313119798, '_a6_': 3.3767608755206164, '_a0_': 1.0, '_a1_': 1.0, '_a2_': 1.0, '_a3_': 1.0, '_a7_': 1.0}};{'d0': 0.02490583291941652};-280.569866449044;36.5704862166161
24463;-103.714447007906;((((exp(_a5_) * x) + (x * x)) + _a4_) * (_a6_ * x));{'d0': {'_a4_': 0.5256917710976106, '_a5_': -0.4718302313119798, '_a6_': 3.3767608755206164, '_a0_': 1.0, '_a1_': 1.0, '_a2_': 1.0, '_a3_': 1.0, '_a7_': 1.0}};{'d0': 0.02490583291941652};-280.569866449044;36.5704862166161
24464;-103.714447007906;((((exp(_a5_) * x) + (x * x)) + _a4_) * (_a6_ * x));{'d0': {'_a4_': 0.5256917710976106, '_a5_': -0.4718302313119798, '_a6_': 3.3767608755206164, '_a0_': 1.0, '_a1_': 1.0, '_a2_': 1.0, '_a3_': 1.0, '_a7_': 1.0}};{'d0': 0.02490583291941652};-280.569866449044;36.5704862166161
24465;-103.714447007906;((((exp(_a5_) * x) + (x * x)) + _a4_) * (_a6_ * x));{'d0': {'_a4_': 0.5256917710976106, '_a5_': -0.4718302313119798, '_a6_': 3.3767608755206164, '_a0_': 1.0, '_a1_': 1.0, '_a2_': 1.0, '_a3_': 1.0, '_a7_': 1.0}};{'d0': 0.02490583291941652};-280.569866449044;36.5704862166161
24466;-103.714447007906;((((exp(_a5_) * x) + (x * x)) + _a4_) * (_a6_ * x));{'d0': {'_a4_': 0.5256917710976106, '_a5_': -0.4718302313119798, '_a6_': 3.3767608755206164, '_a0_': 1.0, '_a1_': 1.0, '_a2_': 1.0, '_a3_': 1.0, '_a7_': 1.0}};{'d0': 0.02490583291941652};-280.569866449044;36.5704862166161
24467;-103.714447007906;((((exp(_a5_) * x) + (x * x)) + _a4_) * (_a6_ * x));{'d0': {'_a4_': 0.5256917710976106, '_a5_': -0.4718302313119798, '_a6_': 3.3767608755206164, '_a0_': 1.0, '_a1_': 1.0, '_a2_': 1.0, '_a3_': 1.0, '_a7_': 1.0}};{'d0': 0.02490583291941652};-280.569866449044;36.5704862166161
24468;-103.714447007906;((((exp(_a5_) * x) + (x * x)) + _a4_) * (_a6_ * x));{'d0': {'_a4_': 0.5256917710976106, '_a5_': -0.4718302313119798, '_a6_': 3.3767608755206164, '_a0_': 1.0, '_a1_': 1.0, '_a2_': 1.0, '_a3_': 1.0, '_a7_': 1.0}};{'d0': 0.02490583291941652};-280.569866449044;36.5704862166161
24469;-103.714447007906;((((exp(_a5_) * x) + (x * x)) + _a4_) * (_a6_ * x));{'d0': {'_a4_': 0.5256917710976106, '_a5_': -0.4718302313119798, '_a6_': 3.3767608755206164, '_a0_': 1.0, '_a1_': 1.0, '_a2_': 1.0, '_a3_': 1.0, '_a7_': 1.0}};{'d0': 0.02490583291941652};-280.569866449044;36.5704862166161
24470;-103.714447007906;((((exp(_a5_) * x) + (x * x)) + _a4_) * (_a6_ * x));{'d0': {'_a4_': 0.5256917710976106, '_a5_': -0.4718302313119798, '_a6_': 3.3767608755206164, '_a0_': 1.0, '_a1_': 1.0, '_a2_': 1.0, '_a3_': 1.0, '_a7_': 1.0}};{'d0': 0.02490583291941652};-280.569866449044;36.5704862166161
24471;-103.714447007906;((((exp(_a5_) * x) + (x * x)) + _a4_) * (_a6_ * x));{'d0': {'_a4_': 0.5256917710976106, '_a5_': -0.4718302313119798, '_a6_': 3.3767608755206164, '_a0_': 1.0, '_a1_': 1.0, '_a2_': 1.0, '_a3_': 1.0, '_a7_': 1.0}};{'d0': 0.02490583291941652};-280.569866449044;36.5704862166161
24472;-103.714447007906;((((exp(_a5_) * x) + (x * x)) + _a4_) * (_a6_ * x));{'d0': {'_a4_': 0.5256917710976106, '_a5_': -0.4718302313119798, '_a6_': 3.3767608755206164, '_a0_': 1.0, '_a1_': 1.0, '_a2_': 1.0, '_a3_': 1.0, '_a7_': 1.0}};{'d0': 0.02490583291941652};-280.569866449044;36.5704862166161
24473;-103.714447007906;((((exp(_a5_) * x) + (x * x)) + _a4_) * (_a6_ * x));{'d0': {'_a4_': 0.5256917710976106, '_a5_': -0.4718302313119798, '_a6_': 3.3767608755206164, '_a0_': 1.0, '_a1_': 1.0, '_a2_': 1.0, '_a3_': 1.0, '_a7_': 1.0}};{'d0': 0.02490583291941652};-280.569866449044;36.5704862166161
24474;-103.714447007906;((((exp(_a5_) * x) + (x * x)) + _a4_) * (_a6_ * x));{'d0': {'_a4_': 0.5256917710976106, '_a5_': -0.4718302313119798, '_a6_': 3.3767608755206164, '_a0_': 1.0, '_a1_': 1.0, '_a2_': 1.0, '_a3_': 1.0, '_a7_': 1.0}};{'d0': 0.02490583291941652};-280.569866449044;36.5704862166161
24475;-103.714447007906;((((exp(_a5_) * x) + (x * x)) + _a4_) * (_a6_ * x));{'d0': {'_a4_': 0.5256917710976106, '_a5_': -0.4718302313119798, '_a6_': 3.3767608755206164, '_a0_': 1.0, '_a1_': 1.0, '_a2_': 1.0, '_a3_': 1.0, '_a7_': 1.0}};{'d0': 0.02490583291941652};-280.569866449044;36.5704862166161
24476;-103.714447007906;((((exp(_a5_) * x) + (x * x)) + _a4_) * (_a6_ * x));{'d0': {'_a4_': 0.5256917710976106, '_a5_': -0.4718302313119798, '_a6_': 3.3767608755206164, '_a0_': 1.0, '_a1_': 1.0, '_a2_': 1.0, '_a3_': 1.0, '_a7_': 1.0}};{'d0': 0.02490583291941652};-280.569866449044;36.5704862166161
24477;-103.714447007906;((((exp(_a5_) * x) + (x * x)) + _a4_) * (_a6_ * x));{'d0': {'_a4_': 0.5256917710976106, '_a5_': -0.4718302313119798, '_a6_': 3.3767608755206164, '_a0_': 1.0, '_a1_': 1.0, '_a2_': 1.0, '_a3_': 1.0, '_a7_': 1.0}};{'d0': 0.02490583291941652};-280.569866449044;36.5704862166161
24478;-103.714447007906;((((exp(_a5_) * x) + (x * x)) + _a4_) * (_a6_ * x));{'d0': {'_a4_': 0.5256917710976106, '_a5_': -0.4718302313119798, '_a6_': 3.3767608755206164, '_a0_': 1.0, '_a1_': 1.0, '_a2_': 1.0, '_a3_': 1.0, '_a7_': 1.0}};{'d0': 0.02490583291941652};-280.569866449044;36.5704862166161
24479;-103.714447007906;((((exp(_a5_) * x) + (x * x)) + _a4_) * (_a6_ * x));{'d0': {'_a4_': 0.5256917710976106, '_a5_': -0.4718302313119798, '_a6_': 3.3767608755206164, '_a0_': 1.0, '_a1_': 1.0, '_a2_': 1.0, '_a3_': 1.0, '_a7_': 1.0}};{'d0': 0.02490583291941652};-280.569866449044;36.5704862166161
24480;-103.714447007906;((((exp(_a5_) * x) + (x * x)) + _a4_) * (_a6_ * x));{'d0': {'_a4_': 0.5256917710976106, '_a5_': -0.4718302313119798, '_a6_': 3.3767608755206164, '_a0_': 1.0, '_a1_': 1.0, '_a2_': 1.0, '_a3_': 1.0, '_a7_': 1.0}};{'d0': 0.02490583291941652};-280.569866449044;36.5704862166161
24481;-102.056449622216;((x * ((x * (x + (abs(_a3_) * _a0_))) + _a0_)) * _a1_);{'d0': {'_a0_': 0.5256917706297809, '_a1_': 3.3767608773667943, '_a3_': 1.1867399310369537, '_a2_': 1.0, '_a4_': 1.0, '_a5_': 1.0, '_a6_': 1.0, '_a7_': 1.0}};{'d0': 0.024905832919416598};-280.569866449044;38.22848360230603
24482;-102.056449622216;((x * ((x * (x + (abs(_a3_) * _a0_))) + _a0_)) * _a1_);{'d0': {'_a0_': 0.5256917706297809, '_a1_': 3.3767608773667943, '_a3_': 1.1867399310369537, '_a2_': 1.0, '_a4_': 1.0, '_a5_': 1.0, '_a6_': 1.0, '_a7_': 1.0}};{'d0': 0.024905832919416598};-280.569866449044;38.22848360230603
24483;-102.056449622216;((x * ((x * (x + (abs(_a3_) * _a0_))) + _a0_)) * _a1_);{'d0': {'_a0_': 0.5256917706297809, '_a1_': 3.3767608773667943, '_a3_': 1.1867399310369537, '_a2_': 1.0, '_a4_': 1.0, '_a5_': 1.0, '_a6_': 1.0, '_a7_': 1.0}};{'d0': 0.024905832919416598};-280.569866449044;38.22848360230603
24484;-102.056449622216;((x * ((x * (x + (abs(_a3_) * _a0_))) + _a0_)) * _a1_);{'d0': {'_a0_': 0.5256917706297809, '_a1_': 3.3767608773667943, '_a3_': 1.1867399310369537, '_a2_': 1.0, '_a4_': 1.0, '_a5_': 1.0, '_a6_': 1.0, '_a7_': 1.0}};{'d0': 0.024905832919416598};-280.569866449044;38.22848360230603
24485;-102.056449622216;((x * ((x * (x + (abs(_a3_) * _a0_))) + _a0_)) * _a1_);{'d0': {'_a0_': 0.5256917706297809, '_a1_': 3.3767608773667943, '_a3_': 1.1867399310369537, '_a2_': 1.0, '_a4_': 1.0, '_a5_': 1.0, '_a6_': 1.0, '_a7_': 1.0}};{'d0': 0.024905832919416598};-280.569866449044;38.22848360230603
24486;-102.056449622216;((x * ((x * (x + (abs(_a3_) * _a0_))) + _a0_)) * _a1_);{'d0': {'_a0_': 0.5256917706297809, '_a1_': 3.3767608773667943, '_a3_': 1.1867399310369537, '_a2_': 1.0, '_a4_': 1.0, '_a5_': 1.0, '_a6_': 1.0, '_a7_': 1.0}};{'d0': 0.024905832919416598};-280.569866449044;38.22848360230603
24487;-102.056449622216;((x * ((x * (x + (abs(_a3_) * _a0_))) + _a0_)) * _a1_);{'d0': {'_a0_': 0.5256917706297809, '_a1_': 3.3767608773667943, '_a3_': 1.1867399310369537, '_a2_': 1.0, '_a4_': 1.0, '_a5_': 1.0, '_a6_': 1.0, '_a7_': 1.0}};{'d0': 0.024905832919416598};-280.569866449044;38.22848360230603
24488;-102.056449622216;((x * ((x * (x + (abs(_a3_) * _a0_))) + _a0_)) * _a1_);{'d0': {'_a0_': 0.5256917706297809, '_a1_': 3.3767608773667943, '_a3_': 1.1867399310369537, '_a2_': 1.0, '_a4_': 1.0, '_a5_': 1.0, '_a6_': 1.0, '_a7_': 1.0}};{'d0': 0.024905832919416598};-280.569866449044;38.22848360230603
24489;-102.056449622216;((x * ((x * (x + (abs(_a3_) * _a0_))) + _a0_)) * _a1_);{'d0': {'_a0_': 0.5256917706297809, '_a1_': 3.3767608773667943, '_a3_': 1.1867399310369537, '_a2_': 1.0, '_a4_': 1.0, '_a5_': 1.0, '_a6_': 1.0, '_a7_': 1.0}};{'d0': 0.024905832919416598};-280.569866449044;38.22848360230603
24490;-102.056449622216;((x * ((x * (x + (abs(_a3_) * _a0_))) + _a0_)) * _a1_);{'d0': {'_a0_': 0.5256917706297809, '_a1_': 3.3767608773667943, '_a3_': 1.1867399310369537, '_a2_': 1.0, '_a4_': 1.0, '_a5_': 1.0, '_a6_': 1.0, '_a7_': 1.0}};{'d0': 0.024905832919416598};-280.569866449044;38.22848360230603
24491;-102.056449622216;((x * ((x * (x + (abs(_a3_) * _a0_))) + _a0_)) * _a1_);{'d0': {'_a0_': 0.5256917706297809, '_a1_': 3.3767608773667943, '_a3_': 1.1867399310369537, '_a2_': 1.0, '_a4_': 1.0, '_a5_': 1.0, '_a6_': 1.0, '_a7_': 1.0}};{'d0': 0.024905832919416598};-280.569866449044;38.22848360230603
24492;-102.056449622216;((x * ((x * (x + (abs(_a3_) * _a0_))) + _a0_)) * _a1_);{'d0': {'_a0_': 0.5256917706297809, '_a1_': 3.3767608773667943, '_a3_': 1.1867399310369537, '_a2_': 1.0, '_a4_': 1.0, '_a5_': 1.0, '_a6_': 1.0, '_a7_': 1.0}};{'d0': 0.024905832919416598};-280.569866449044;38.22848360230603
24493;-102.056449622216;((x * ((x * (x + (abs(_a3_) * _a0_))) + _a0_)) * _a1_);{'d0': {'_a0_': 0.5256917706297809, '_a1_': 3.3767608773667943, '_a3_': 1.1867399310369537, '_a2_': 1.0, '_a4_': 1.0, '_a5_': 1.0, '_a6_': 1.0, '_a7_': 1.0}};{'d0': 0.024905832919416598};-280.569866449044;38.22848360230603
24494;-103.159914093536;((x * ((x * (x + ((_a0_ + _a5_) * _a0_))) + _a0_)) * _a1_);{'d0': {'_a0_': 0.5256917699976201, '_a1_': 3.3767608800024407, '_a5_': 0.6610481622724735, '_a2_': 1.0, '_a3_': 1.0, '_a4_': 1.0, '_a6_': 1.0, '_a7_': 1.0}};{'d0': 0.024905832919416646};-280.569866449044;37.125019130986026
24495;-103.159914093536;((x * ((x * (x + ((_a0_ + _a5_) * _a0_))) + _a0_)) * _a1_);{'d0': {'_a0_': 0.5256917699976201, '_a1_': 3.3767608800024407, '_a5_': 0.6610481622724735, '_a2_': 1.0, '_a3_': 1.0, '_a4_': 1.0, '_a6_': 1.0, '_a7_': 1.0}};{'d0': 0.024905832919416646};-280.569866449044;37.125019130986026
24496;-103.159914093536;((x * ((x * (x + ((_a0_ + _a5_) * _a0_))) + _a0_)) * _a1_);{'d0': {'_a0_': 0.5256917699976201, '_a1_': 3.3767608800024407, '_a5_': 0.6610481622724735, '_a2_': 1.0, '_a3_': 1.0, '_a4_': 1.0, '_a6_': 1.0, '_a7_': 1.0}};{'d0': 0.024905832919416646};-280.569866449044;37.125019130986026
24497;-103.159914093536;((x * ((x * (x + ((_a0_ + _a5_) * _a0_))) + _a0_)) * _a1_);{'d0': {'_a0_': 0.5256917699976201, '_a1_': 3.3767608800024407, '_a5_': 0.6610481622724735, '_a2_': 1.0, '_a3_': 1.0, '_a4_': 1.0, '_a6_': 1.0, '_a7_': 1.0}};{'d0': 0.024905832919416646};-280.569866449044;37.125019130986026
24498;-103.159914093536;((x * ((x * (x + ((_a0_ + _a5_) * _a0_))) + _a0_)) * _a1_);{'d0': {'_a0_': 0.5256917699976201, '_a1_': 3.3767608800024407, '_a5_': 0.6610481622724735, '_a2_': 1.0, '_a3_': 1.0, '_a4_': 1.0, '_a6_': 1.0, '_a7_': 1.0}};{'d0': 0.024905832919416646};-280.569866449044;37.125019130986026
24499;-103.159914093536;((x * ((x * (x + ((_a0_ + _a5_) * _a0_))) + _a0_)) * _a1_);{'d0': {'_a0_': 0.5256917699976201, '_a1_': 3.3767608800024407, '_a5_': 0.6610481622724735, '_a2_': 1.0, '_a3_': 1.0, '_a4_': 1.0, '_a6_': 1.0, '_a7_': 1.0}};{'d0': 0.024905832919416646};-280.569866449044;37.125019130986026
24500;-103.159914093536;((x * ((x * (x + ((_a0_ + _a5_) * _a0_))) + _a0_)) * _a1_);{'d0': {'_a0_': 0.5256917699976201, '_a1_': 3.3767608800024407, '_a5_': 0.6610481622724735, '_a2_': 1.0, '_a3_': 1.0, '_a4_': 1.0, '_a6_': 1.0, '_a7_': 1.0}};{'d0': 0.024905832919416646};-280.569866449044;37.125019130986026
24501;-103.159914093536;((x * ((x * (x + ((_a0_ + _a5_) * _a0_))) + _a0_)) * _a1_);{'d0': {'_a0_': 0.5256917699976201, '_a1_': 3.3767608800024407, '_a5_': 0.6610481622724735, '_a2_': 1.0, '_a3_': 1.0, '_a4_': 1.0, '_a6_': 1.0, '_a7_': 1.0}};{'d0': 0.024905832919416646};-280.569866449044;37.125019130986026
24502;-103.159914093536;((x * ((x * (x + ((_a0_ + _a5_) * _a0_))) + _a0_)) * _a1_);{'d0': {'_a0_': 0.5256917699976201, '_a1_': 3.3767608800024407, '_a5_': 0.6610481622724735, '_a2_': 1.0, '_a3_': 1.0, '_a4_': 1.0, '_a6_': 1.0, '_a7_': 1.0}};{'d0': 0.024905832919416646};-280.569866449044;37.125019130986026
24503;-103.280223376163;((x * ((x * (x + ((_a0_ / _a5_) * _a0_))) + _a0_)) * _a1_);{'d0': {'_a0_': 0.5256917700280848, '_a1_': 3.3767608798862434, '_a5_': 0.442971333278524, '_a2_': 1.0, '_a3_': 1.0, '_a4_': 1.0, '_a6_': 1.0, '_a7_': 1.0}};{'d0': 0.024905832919416622};-280.569866449044;37.004709848358424
24504;-103.280223376163;((x * ((x * (x + ((_a0_ / _a5_) * _a0_))) + _a0_)) * _a1_);{'d0': {'_a0_': 0.5256917700280848, '_a1_': 3.3767608798862434, '_a5_': 0.442971333278524, '_a2_': 1.0, '_a3_': 1.0, '_a4_': 1.0, '_a6_': 1.0, '_a7_': 1.0}};{'d0': 0.024905832919416622};-280.569866449044;37.004709848358424
24505;-103.280223376163;((x * ((x * (x + ((_a0_ / _a5_) * _a0_))) + _a0_)) * _a1_);{'d0': {'_a0_': 0.5256917700280848, '_a1_': 3.3767608798862434, '_a5_': 0.442971333278524, '_a2_': 1.0, '_a3_': 1.0, '_a4_': 1.0, '_a6_': 1.0, '_a7_': 1.0}};{'d0': 0.024905832919416622};-280.569866449044;37.004709848358424
24506;-103.280223376163;((x * ((x * (x + ((_a0_ / _a5_) * _a0_))) + _a0_)) * _a1_);{'d0': {'_a0_': 0.5256917700280848, '_a1_': 3.3767608798862434, '_a5_': 0.442971333278524, '_a2_': 1.0, '_a3_': 1.0, '_a4_': 1.0, '_a6_': 1.0, '_a7_': 1.0}};{'d0': 0.024905832919416622};-280.569866449044;37.004709848358424
24507;-103.280223376163;((x * ((x * (x + ((_a0_ / _a5_) * _a0_))) + _a0_)) * _a1_);{'d0': {'_a0_': 0.5256917700280848, '_a1_': 3.3767608798862434, '_a5_': 0.442971333278524, '_a2_': 1.0, '_a3_': 1.0, '_a4_': 1.0, '_a6_': 1.0, '_a7_': 1.0}};{'d0': 0.024905832919416622};-280.569866449044;37.004709848358424
24508;-103.280223376163;((x * ((x * (x + ((_a0_ / _a5_) * _a0_))) + _a0_)) * _a1_);{'d0': {'_a0_': 0.5256917700280848, '_a1_': 3.3767608798862434, '_a5_': 0.442971333278524, '_a2_': 1.0, '_a3_': 1.0, '_a4_': 1.0, '_a6_': 1.0, '_a7_': 1.0}};{'d0': 0.024905832919416622};-280.569866449044;37.004709848358424
24509;-103.280223376163;((x * ((x * (x + ((_a0_ / _a5_) * _a0_))) + _a0_)) * _a1_);{'d0': {'_a0_': 0.5256917700280848, '_a1_': 3.3767608798862434, '_a5_': 0.442971333278524, '_a2_': 1.0, '_a3_': 1.0, '_a4_': 1.0, '_a6_': 1.0, '_a7_': 1.0}};{'d0': 0.024905832919416622};-280.569866449044;37.004709848358424
24510;-104.058817930787;((x * ((x * (x + ((_a0_ * _a5_) * _a0_))) + _a0_)) * _a1_);{'d0': {'_a0_': 0.525691769902711, '_a1_': 3.3767608803606297, '_a5_': 2.2574824268118205, '_a2_': 1.0, '_a3_': 1.0, '_a4_': 1.0, '_a6_': 1.0, '_a7_': 1.0}};{'d0': 0.02490583291941664};-280.569866449044;36.22611529373503
24511;-104.058817930787;((x * ((x * (x + ((_a0_ * _a5_) * _a0_))) + _a0_)) * _a1_);{'d0': {'_a0_': 0.525691769902711, '_a1_': 3.3767608803606297, '_a5_': 2.2574824268118205, '_a2_': 1.0, '_a3_': 1.0, '_a4_': 1.0, '_a6_': 1.0, '_a7_': 1.0}};{'d0': 0.02490583291941664};-280.569866449044;36.22611529373503
24512;-104.058817930787;((x * ((x * (x + ((_a0_ * _a5_) * _a0_))) + _a0_)) * _a1_);{'d0': {'_a0_': 0.525691769902711, '_a1_': 3.3767608803606297, '_a5_': 2.2574824268118205, '_a2_': 1.0, '_a3_': 1.0, '_a4_': 1.0, '_a6_': 1.0, '_a7_': 1.0}};{'d0': 0.02490583291941664};-280.569866449044;36.22611529373503
24513;-104.058817930787;((x * ((x * (x + ((_a0_ * _a5_) * _a0_))) + _a0_)) * _a1_);{'d0': {'_a0_': 0.525691769902711, '_a1_': 3.3767608803606297, '_a5_': 2.2574824268118205, '_a2_': 1.0, '_a3_': 1.0, '_a4_': 1.0, '_a6_': 1.0, '_a7_': 1.0}};{'d0': 0.02490583291941664};-280.569866449044;36.22611529373503
24514;-104.058817930787;((x * ((x * (x + ((_a0_ * _a5_) * _a0_))) + _a0_)) * _a1_);{'d0': {'_a0_': 0.525691769902711, '_a1_': 3.3767608803606297, '_a5_': 2.2574824268118205, '_a2_': 1.0, '_a3_': 1.0, '_a4_': 1.0, '_a6_': 1.0, '_a7_': 1.0}};{'d0': 0.02490583291941664};-280.569866449044;36.22611529373503
24515;-104.058817930787;((x * ((x * (x + ((_a0_ * _a5_) * _a0_))) + _a0_)) * _a1_);{'d0': {'_a0_': 0.525691769902711, '_a1_': 3.3767608803606297, '_a5_': 2.2574824268118205, '_a2_': 1.0, '_a3_': 1.0, '_a4_': 1.0, '_a6_': 1.0, '_a7_': 1.0}};{'d0': 0.02490583291941664};-280.569866449044;36.22611529373503
24516;-104.058817930787;((x * ((x * (x + ((_a0_ * _a5_) * _a0_))) + _a0_)) * _a1_);{'d0': {'_a0_': 0.525691769902711, '_a1_': 3.3767608803606297, '_a5_': 2.2574824268118205, '_a2_': 1.0, '_a3_': 1.0, '_a4_': 1.0, '_a6_': 1.0, '_a7_': 1.0}};{'d0': 0.02490583291941664};-280.569866449044;36.22611529373503
24517;-67.2411941825513;((_a4_ + ((((_a3_ + x) + x) * x) * pow3(_a2_))) * (x * pow2(-((x + -(exp((_a2_ * _a1_))))))));{'d0': {'_a1_': -116.15822188688679, '_a2_': -0.042894817555444935, '_a3_': 1.2713754238628967, '_a4_': -8.383720079804492e-05, '_a0_': 1.0, '_a5_': 1.0, '_a6_': 1.0, '_a7_': 1.0}};{'d0': 0.02483285413261794};-276.651591285096;71.0846014599965
24518;-67.2411941825513;((_a4_ + ((((_a3_ + x) + x) * x) * pow3(_a2_))) * (x * pow2(-((x + -(exp((_a2_ * _a1_))))))));{'d0': {'_a1_': -116.15822188688679, '_a2_': -0.042894817555444935, '_a3_': 1.2713754238628967, '_a4_': -8.383720079804492e-05, '_a0_': 1.0, '_a5_': 1.0, '_a6_': 1.0, '_a7_': 1.0}};{'d0': 0.02483285413261794};-276.651591285096;71.0846014599965
24519;-67.2411941825513;((_a4_ + ((((_a3_ + x) + x) * x) * pow3(_a2_))) * (x * pow2(-((x + -(exp((_a2_ * _a1_))))))));{'d0': {'_a1_': -116.15822188688679, '_a2_': -0.042894817555444935, '_a3_': 1.2713754238628967, '_a4_': -8.383720079804492e-05, '_a0_': 1.0, '_a5_': 1.0, '_a6_': 1.0, '_a7_': 1.0}};{'d0': 0.02483285413261794};-276.651591285096;71.0846014599965
24520;-67.2411941825513;((_a4_ + ((((_a3_ + x) + x) * x) * pow3(_a2_))) * (x * pow2(-((x + -(exp((_a2_ * _a1_))))))));{'d0': {'_a1_': -116.15822188688679, '_a2_': -0.042894817555444935, '_a3_': 1.2713754238628967, '_a4_': -8.383720079804492e-05, '_a0_': 1.0, '_a5_': 1.0, '_a6_': 1.0, '_a7_': 1.0}};{'d0': 0.02483285413261794};-276.651591285096;71.0846014599965
24521;-67.2411941825513;((_a4_ + ((((_a3_ + x) + x) * x) * pow3(_a2_))) * (x * pow2(-((x + -(exp((_a2_ * _a1_))))))));{'d0': {'_a1_': -116.15822188688679, '_a2_': -0.042894817555444935, '_a3_': 1.2713754238628967, '_a4_': -8.383720079804492e-05, '_a0_': 1.0, '_a5_': 1.0, '_a6_': 1.0, '_a7_': 1.0}};{'d0': 0.02483285413261794};-276.651591285096;71.0846014599965
24522;-67.2411941825513;((_a4_ + ((((_a3_ + x) + x) * x) * pow3(_a2_))) * (x * pow2(-((x + -(exp((_a2_ * _a1_))))))));{'d0': {'_a1_': -116.15822188688679, '_a2_': -0.042894817555444935, '_a3_': 1.2713754238628967, '_a4_': -8.383720079804492e-05, '_a0_': 1.0, '_a5_': 1.0, '_a6_': 1.0, '_a7_': 1.0}};{'d0': 0.02483285413261794};-276.651591285096;71.0846014599965
24523;-67.2411941825513;((_a4_ + ((((_a3_ + x) + x) * x) * pow3(_a2_))) * (x * pow2(-((x + -(exp((_a2_ * _a1_))))))));{'d0': {'_a1_': -116.15822188688679, '_a2_': -0.042894817555444935, '_a3_': 1.2713754238628967, '_a4_': -8.383720079804492e-05, '_a0_': 1.0, '_a5_': 1.0, '_a6_': 1.0, '_a7_': 1.0}};{'d0': 0.02483285413261794};-276.651591285096;71.0846014599965
24524;-67.2411941825513;((_a4_ + ((((_a3_ + x) + x) * x) * pow3(_a2_))) * (x * pow2(-((x + -(exp((_a2_ * _a1_))))))));{'d0': {'_a1_': -116.15822188688679, '_a2_': -0.042894817555444935, '_a3_': 1.2713754238628967, '_a4_': -8.383720079804492e-05, '_a0_': 1.0, '_a5_': 1.0, '_a6_': 1.0, '_a7_': 1.0}};{'d0': 0.02483285413261794};-276.651591285096;71.0846014599965
24525;-67.2411941825513;((_a4_ + ((((_a3_ + x) + x) * x) * pow3(_a2_))) * (x * pow2(-((x + -(exp((_a2_ * _a1_))))))));{'d0': {'_a1_': -116.15822188688679, '_a2_': -0.042894817555444935, '_a3_': 1.2713754238628967, '_a4_': -8.383720079804492e-05, '_a0_': 1.0, '_a5_': 1.0, '_a6_': 1.0, '_a7_': 1.0}};{'d0': 0.02483285413261794};-276.651591285096;71.0846014599965
24526;-67.2411941825513;((_a4_ + ((((_a3_ + x) + x) * x) * pow3(_a2_))) * (x * pow2(-((x + -(exp((_a2_ * _a1_))))))));{'d0': {'_a1_': -116.15822188688679, '_a2_': -0.042894817555444935, '_a3_': 1.2713754238628967, '_a4_': -8.383720079804492e-05, '_a0_': 1.0, '_a5_': 1.0, '_a6_': 1.0, '_a7_': 1.0}};{'d0': 0.02483285413261794};-276.651591285096;71.0846014599965
24527;-67.2411941825513;((_a4_ + ((((_a3_ + x) + x) * x) * pow3(_a2_))) * (x * pow2(-((x + -(exp((_a2_ * _a1_))))))));{'d0': {'_a1_': -116.15822188688679, '_a2_': -0.042894817555444935, '_a3_': 1.2713754238628967, '_a4_': -8.383720079804492e-05, '_a0_': 1.0, '_a5_': 1.0, '_a6_': 1.0, '_a7_': 1.0}};{'d0': 0.02483285413261794};-276.651591285096;71.0846014599965
24528;-67.2411941825513;((_a4_ + ((((_a3_ + x) + x) * x) * pow3(_a2_))) * (x * pow2(-((x + -(exp((_a2_ * _a1_))))))));{'d0': {'_a1_': -116.15822188688679, '_a2_': -0.042894817555444935, '_a3_': 1.2713754238628967, '_a4_': -8.383720079804492e-05, '_a0_': 1.0, '_a5_': 1.0, '_a6_': 1.0, '_a7_': 1.0}};{'d0': 0.02483285413261794};-276.651591285096;71.0846014599965
24529;-67.2411941825513;((_a4_ + ((((_a3_ + x) + x) * x) * pow3(_a2_))) * (x * pow2(-((x + -(exp((_a2_ * _a1_))))))));{'d0': {'_a1_': -116.15822188688679, '_a2_': -0.042894817555444935, '_a3_': 1.2713754238628967, '_a4_': -8.383720079804492e-05, '_a0_': 1.0, '_a5_': 1.0, '_a6_': 1.0, '_a7_': 1.0}};{'d0': 0.02483285413261794};-276.651591285096;71.0846014599965
24530;-67.2411941825513;((_a4_ + ((((_a3_ + x) + x) * x) * pow3(_a2_))) * (x * pow2(-((x + -(exp((_a2_ * _a1_))))))));{'d0': {'_a1_': -116.15822188688679, '_a2_': -0.042894817555444935, '_a3_': 1.2713754238628967, '_a4_': -8.383720079804492e-05, '_a0_': 1.0, '_a5_': 1.0, '_a6_': 1.0, '_a7_': 1.0}};{'d0': 0.02483285413261794};-276.651591285096;71.0846014599965
24531;-103.159914093536;((x * ((x * (x + (_a5_ * (_a5_ + _a5_)))) + _a0_)) * _a1_);{'d0': {'_a0_': 0.525691770307521, '_a1_': 3.376760878809133, '_a5_': -0.5585066765918139, '_a2_': 1.0, '_a3_': 1.0, '_a4_': 1.0, '_a6_': 1.0, '_a7_': 1.0}};{'d0': 0.02490583291941665};-280.569866449044;37.125019130986026
24532;-103.159914093536;((x * ((x * (x + (_a5_ * (_a5_ + _a5_)))) + _a0_)) * _a1_);{'d0': {'_a0_': 0.525691770307521, '_a1_': 3.376760878809133, '_a5_': -0.5585066765918139, '_a2_': 1.0, '_a3_': 1.0, '_a4_': 1.0, '_a6_': 1.0, '_a7_': 1.0}};{'d0': 0.02490583291941665};-280.569866449044;37.125019130986026
24533;-103.159914093536;((x * ((x * (x + (_a5_ * (_a5_ + _a5_)))) + _a0_)) * _a1_);{'d0': {'_a0_': 0.525691770307521, '_a1_': 3.376760878809133, '_a5_': -0.5585066765918139, '_a2_': 1.0, '_a3_': 1.0, '_a4_': 1.0, '_a6_': 1.0, '_a7_': 1.0}};{'d0': 0.02490583291941665};-280.569866449044;37.125019130986026
24534;-103.159914093536;((x * ((x * (x + (_a5_ * (_a5_ + _a5_)))) + _a0_)) * _a1_);{'d0': {'_a0_': 0.525691770307521, '_a1_': 3.376760878809133, '_a5_': -0.5585066765918139, '_a2_': 1.0, '_a3_': 1.0, '_a4_': 1.0, '_a6_': 1.0, '_a7_': 1.0}};{'d0': 0.02490583291941665};-280.569866449044;37.125019130986026
24535;-101.910420552648;(((_a0_ + pow2(((x + pow2(_a6_)) + _a7_))) * -(_a6_)) * x);{'d0': {'_a0_': 0.42839162856864155, '_a6_': -3.376760874745825, '_a7_': -11.090584297398365, '_a1_': 1.0, '_a2_': 1.0, '_a3_': 1.0, '_a4_': 1.0, '_a5_': 1.0}};{'d0': 0.024905832919416677};-280.569866449043;38.374512671874506
24536;-101.910420552648;(((_a0_ + pow2(((x + pow2(_a6_)) + _a7_))) * -(_a6_)) * x);{'d0': {'_a0_': 0.42839162856864155, '_a6_': -3.376760874745825, '_a7_': -11.090584297398365, '_a1_': 1.0, '_a2_': 1.0, '_a3_': 1.0, '_a4_': 1.0, '_a5_': 1.0}};{'d0': 0.024905832919416677};-280.569866449043;38.374512671874506
24537;-101.910420552648;(((_a0_ + pow2(((x + pow2(_a6_)) + _a7_))) * -(_a6_)) * x);{'d0': {'_a0_': 0.42839162856864155, '_a6_': -3.376760874745825, '_a7_': -11.090584297398365, '_a1_': 1.0, '_a2_': 1.0, '_a3_': 1.0, '_a4_': 1.0, '_a5_': 1.0}};{'d0': 0.024905832919416677};-280.569866449043;38.374512671874506
24538;-101.910420552648;(((_a0_ + pow2(((x + pow2(_a6_)) + _a7_))) * -(_a6_)) * x);{'d0': {'_a0_': 0.42839162856864155, '_a6_': -3.376760874745825, '_a7_': -11.090584297398365, '_a1_': 1.0, '_a2_': 1.0, '_a3_': 1.0, '_a4_': 1.0, '_a5_': 1.0}};{'d0': 0.024905832919416677};-280.569866449043;38.374512671874506
24539;-101.910420552648;(((_a0_ + pow2(((x + pow2(_a6_)) + _a7_))) * -(_a6_)) * x);{'d0': {'_a0_': 0.42839162856864155, '_a6_': -3.376760874745825, '_a7_': -11.090584297398365, '_a1_': 1.0, '_a2_': 1.0, '_a3_': 1.0, '_a4_': 1.0, '_a5_': 1.0}};{'d0': 0.024905832919416677};-280.569866449043;38.374512671874506
24540;-103.159914093536;((x * ((x * (x + (_a5_ * (_a5_ + _a5_)))) + _a0_)) * _a1_);{'d0': {'_a0_': 0.525691770307521, '_a1_': 3.376760878809133, '_a5_': -0.5585066765918139, '_a2_': 1.0, '_a3_': 1.0, '_a4_': 1.0, '_a6_': 1.0, '_a7_': 1.0}};{'d0': 0.02490583291941665};-280.569866449044;37.125019130986026
24541;-101.910420552648;(((_a0_ + pow2(((x + pow2(_a6_)) + _a4_))) * -(_a6_)) * x);{'d0': {'_a0_': 0.4283916283947352, '_a4_': -11.090584301948075, '_a6_': -3.3767608754160747, '_a1_': 1.0, '_a2_': 1.0, '_a3_': 1.0, '_a5_': 1.0, '_a7_': 1.0}};{'d0': 0.024905832919416598};-280.569866449044;38.374512671874506
24542;-101.910420552648;(((_a0_ + pow2(((x + pow2(_a6_)) + _a4_))) * -(_a6_)) * x);{'d0': {'_a0_': 0.4283916283947352, '_a4_': -11.090584301948075, '_a6_': -3.3767608754160747, '_a1_': 1.0, '_a2_': 1.0, '_a3_': 1.0, '_a5_': 1.0, '_a7_': 1.0}};{'d0': 0.024905832919416598};-280.569866449044;38.374512671874506
24543;-101.910420552648;(((_a0_ + pow2(((x + pow2(_a6_)) + _a4_))) * -(_a6_)) * x);{'d0': {'_a0_': 0.4283916283947352, '_a4_': -11.090584301948075, '_a6_': -3.3767608754160747, '_a1_': 1.0, '_a2_': 1.0, '_a3_': 1.0, '_a5_': 1.0, '_a7_': 1.0}};{'d0': 0.024905832919416598};-280.569866449044;38.374512671874506
24544;-101.910420552648;(((_a0_ + pow2(((x + pow2(_a6_)) + _a4_))) * -(_a6_)) * x);{'d0': {'_a0_': 0.4283916283947352, '_a4_': -11.090584301948075, '_a6_': -3.3767608754160747, '_a1_': 1.0, '_a2_': 1.0, '_a3_': 1.0, '_a5_': 1.0, '_a7_': 1.0}};{'d0': 0.024905832919416598};-280.569866449044;38.374512671874506
24545;-102.030729835275;(((_a0_ + pow2(((x + pow2(_a6_)) / _a4_))) * -(_a6_)) * x);{'d0': {'_a0_': 2.590078418017915, '_a4_': -0.4066905028839298, '_a6_': -0.5585066766077702, '_a1_': 1.0, '_a2_': 1.0, '_a3_': 1.0, '_a5_': 1.0, '_a7_': 1.0}};{'d0': 0.024905832919416535};-280.569866449044;38.254203389246904
24546;-102.030729835275;(((_a0_ + pow2(((x + pow2(_a6_)) / _a4_))) * -(_a6_)) * x);{'d0': {'_a0_': 2.590078418017915, '_a4_': -0.4066905028839298, '_a6_': -0.5585066766077702, '_a1_': 1.0, '_a2_': 1.0, '_a3_': 1.0, '_a5_': 1.0, '_a7_': 1.0}};{'d0': 0.024905832919416535};-280.569866449044;38.254203389246904
24547;-102.030729835275;(((_a0_ + pow2(((x + pow2(_a6_)) / _a4_))) * -(_a6_)) * x);{'d0': {'_a0_': 2.590078418017915, '_a4_': -0.4066905028839298, '_a6_': -0.5585066766077702, '_a1_': 1.0, '_a2_': 1.0, '_a3_': 1.0, '_a5_': 1.0, '_a7_': 1.0}};{'d0': 0.024905832919416535};-280.569866449044;38.254203389246904
24548;-102.030729835275;(((_a0_ + pow2(((x + pow2(_a6_)) / _a4_))) * -(_a6_)) * x);{'d0': {'_a0_': 2.590078418017915, '_a4_': -0.4066905028839298, '_a6_': -0.5585066766077702, '_a1_': 1.0, '_a2_': 1.0, '_a3_': 1.0, '_a5_': 1.0, '_a7_': 1.0}};{'d0': 0.024905832919416535};-280.569866449044;38.254203389246904
24549;-102.030729835275;(((_a0_ + pow2(((x + pow2(_a6_)) / _a4_))) * -(_a6_)) * x);{'d0': {'_a0_': 2.590078418017915, '_a4_': -0.4066905028839298, '_a6_': -0.5585066766077702, '_a1_': 1.0, '_a2_': 1.0, '_a3_': 1.0, '_a5_': 1.0, '_a7_': 1.0}};{'d0': 0.024905832919416535};-280.569866449044;38.254203389246904
24550;-102.030729835275;(((_a0_ + pow2(((x + pow2(_a6_)) / _a4_))) * -(_a6_)) * x);{'d0': {'_a0_': 2.590078418017915, '_a4_': -0.4066905028839298, '_a6_': -0.5585066766077702, '_a1_': 1.0, '_a2_': 1.0, '_a3_': 1.0, '_a5_': 1.0, '_a7_': 1.0}};{'d0': 0.024905832919416535};-280.569866449044;38.254203389246904
24551;-102.030729835275;(((_a0_ + pow2(((x + pow2(_a6_)) / _a4_))) * -(_a6_)) * x);{'d0': {'_a0_': 2.590078418017915, '_a4_': -0.4066905028839298, '_a6_': -0.5585066766077702, '_a1_': 1.0, '_a2_': 1.0, '_a3_': 1.0, '_a5_': 1.0, '_a7_': 1.0}};{'d0': 0.024905832919416535};-280.569866449044;38.254203389246904
24552;-102.030729835275;(((_a0_ + pow2(((x + pow2(_a6_)) / _a4_))) * -(_a6_)) * x);{'d0': {'_a0_': 2.590078418017915, '_a4_': -0.4066905028839298, '_a6_': -0.5585066766077702, '_a1_': 1.0, '_a2_': 1.0, '_a3_': 1.0, '_a5_': 1.0, '_a7_': 1.0}};{'d0': 0.024905832919416535};-280.569866449044;38.254203389246904
24553;-102.030729835275;(((_a0_ + pow2(((x + pow2(_a6_)) / _a4_))) * -(_a6_)) * x);{'d0': {'_a0_': 2.590078418017915, '_a4_': -0.4066905028839298, '_a6_': -0.5585066766077702, '_a1_': 1.0, '_a2_': 1.0, '_a3_': 1.0, '_a5_': 1.0, '_a7_': 1.0}};{'d0': 0.024905832919416535};-280.569866449044;38.254203389246904
24554;-102.030729835275;(((_a0_ + pow2(((x + pow2(_a6_)) / _a4_))) * -(_a6_)) * x);{'d0': {'_a0_': 2.590078418017915, '_a4_': -0.4066905028839298, '_a6_': -0.5585066766077702, '_a1_': 1.0, '_a2_': 1.0, '_a3_': 1.0, '_a5_': 1.0, '_a7_': 1.0}};{'d0': 0.024905832919416535};-280.569866449044;38.254203389246904
24555;-102.030729835275;(((_a0_ + pow2(((x + pow2(_a6_)) / _a4_))) * -(_a6_)) * x);{'d0': {'_a0_': 2.590078418017915, '_a4_': -0.4066905028839298, '_a6_': -0.5585066766077702, '_a1_': 1.0, '_a2_': 1.0, '_a3_': 1.0, '_a5_': 1.0, '_a7_': 1.0}};{'d0': 0.024905832919416535};-280.569866449044;38.254203389246904
24556;-97.3596223271334;((x * ((x * (x + (_a5_ * ((x / _a5_) + _a1_)))) + _a0_)) * _a1_);{'d0': {'_a0_': 1.0513835409973498, '_a1_': 1.6883804389268102, '_a5_': 0.7390033682077226, '_a2_': 1.0, '_a3_': 1.0, '_a4_': 1.0, '_a6_': 1.0, '_a7_': 1.0}};{'d0': 0.024905832919416653};-280.569866449044;42.92531089738843
24557;-97.3596223271334;((x * ((x * (x + (_a5_ * ((x / _a5_) + _a1_)))) + _a0_)) * _a1_);{'d0': {'_a0_': 1.0513835409973498, '_a1_': 1.6883804389268102, '_a5_': 0.7390033682077226, '_a2_': 1.0, '_a3_': 1.0, '_a4_': 1.0, '_a6_': 1.0, '_a7_': 1.0}};{'d0': 0.024905832919416653};-280.569866449044;42.92531089738843
24558;-97.3596223271334;((x * ((x * (x + (_a5_ * ((x / _a5_) + _a1_)))) + _a0_)) * _a1_);{'d0': {'_a0_': 1.0513835409973498, '_a1_': 1.6883804389268102, '_a5_': 0.7390033682077226, '_a2_': 1.0, '_a3_': 1.0, '_a4_': 1.0, '_a6_': 1.0, '_a7_': 1.0}};{'d0': 0.024905832919416653};-280.569866449044;42.92531089738843
24559;-97.3596223271334;((x * ((x * (x + (_a5_ * ((x / _a5_) + _a1_)))) + _a0_)) * _a1_);{'d0': {'_a0_': 1.0513835409973498, '_a1_': 1.6883804389268102, '_a5_': 0.7390033682077226, '_a2_': 1.0, '_a3_': 1.0, '_a4_': 1.0, '_a6_': 1.0, '_a7_': 1.0}};{'d0': 0.024905832919416653};-280.569866449044;42.92531089738843
24560;-97.3596223271334;((x * ((x * (x + (_a5_ * ((x / _a5_) + _a1_)))) + _a0_)) * _a1_);{'d0': {'_a0_': 1.0513835409973498, '_a1_': 1.6883804389268102, '_a5_': 0.7390033682077226, '_a2_': 1.0, '_a3_': 1.0, '_a4_': 1.0, '_a6_': 1.0, '_a7_': 1.0}};{'d0': 0.024905832919416653};-280.569866449044;42.92531089738843
24561;-99.4799669332753;((x * ((x * (x + (_a5_ * (-(_a0_) + _a1_)))) + _a0_)) * _a1_);{'d0': {'_a0_': 0.5256917705527497, '_a1_': 3.3767608774418556, '_a5_': 0.21881595716205676, '_a2_': 1.0, '_a3_': 1.0, '_a4_': 1.0, '_a6_': 1.0, '_a7_': 1.0}};{'d0': 0.02490583291941667};-280.569866449043;40.804966291246416
24562;-99.4799669332753;((x * ((x * (x + (_a5_ * (-(_a0_) + _a1_)))) + _a0_)) * _a1_);{'d0': {'_a0_': 0.5256917705527497, '_a1_': 3.3767608774418556, '_a5_': 0.21881595716205676, '_a2_': 1.0, '_a3_': 1.0, '_a4_': 1.0, '_a6_': 1.0, '_a7_': 1.0}};{'d0': 0.02490583291941667};-280.569866449043;40.804966291246416
24563;-99.4799669332753;((x * ((x * (x + (_a5_ * (-(_a0_) + _a1_)))) + _a0_)) * _a1_);{'d0': {'_a0_': 0.5256917705527497, '_a1_': 3.3767608774418556, '_a5_': 0.21881595716205676, '_a2_': 1.0, '_a3_': 1.0, '_a4_': 1.0, '_a6_': 1.0, '_a7_': 1.0}};{'d0': 0.02490583291941667};-280.569866449043;40.804966291246416
24564;-94.4582697214965;((x * ((x * (x + (_a5_ * (-(_a0_) + (_a1_ * _a0_))))) + _a0_)) * _a1_);{'d0': {'_a0_': 0.525691770487009, '_a1_': 3.3767608780705336, '_a5_': 0.4993097716738221, '_a2_': 1.0, '_a3_': 1.0, '_a4_': 1.0, '_a6_': 1.0, '_a7_': 1.0}};{'d0': 0.024905832919416566};-280.569866449044;45.826663503025415
24565;-99.4799669332754;((x * ((x * (x + (_a5_ * (-(_a0_) + _a5_)))) + _a0_)) * _a1_);{'d0': {'_a0_': 0.5256917703343784, '_a1_': 3.376760878592439, '_a5_': 1.0952804921602584, '_a2_': 1.0, '_a3_': 1.0, '_a4_': 1.0, '_a6_': 1.0, '_a7_': 1.0}};{'d0': 0.024905832919416594};-280.569866449044;40.804966291246416
24566;-99.4799669332754;((x * ((x * (x + (_a5_ * (-(_a0_) + _a5_)))) + _a0_)) * _a1_);{'d0': {'_a0_': 0.5256917703343784, '_a1_': 3.376760878592439, '_a5_': 1.0952804921602584, '_a2_': 1.0, '_a3_': 1.0, '_a4_': 1.0, '_a6_': 1.0, '_a7_': 1.0}};{'d0': 0.024905832919416594};-280.569866449044;40.804966291246416
24567;-99.4799669332754;((x * ((x * (x + (_a5_ * (-(_a0_) + _a5_)))) + _a0_)) * _a1_);{'d0': {'_a0_': 0.5256917703343784, '_a1_': 3.376760878592439, '_a5_': 1.0952804921602584, '_a2_': 1.0, '_a3_': 1.0, '_a4_': 1.0, '_a6_': 1.0, '_a7_': 1.0}};{'d0': 0.024905832919416594};-280.569866449044;40.804966291246416
24568;-99.4799669332754;((x * ((x * (x + (_a5_ * (-(_a0_) + _a5_)))) + _a0_)) * _a1_);{'d0': {'_a0_': 0.5256917703343784, '_a1_': 3.376760878592439, '_a5_': 1.0952804921602584, '_a2_': 1.0, '_a3_': 1.0, '_a4_': 1.0, '_a6_': 1.0, '_a7_': 1.0}};{'d0': 0.024905832919416594};-280.569866449044;40.804966291246416
24569;-99.4799669332754;((x * ((x * (x + (_a5_ * (-(_a0_) + _a5_)))) + _a0_)) * _a1_);{'d0': {'_a0_': 0.5256917703343784, '_a1_': 3.376760878592439, '_a5_': 1.0952804921602584, '_a2_': 1.0, '_a3_': 1.0, '_a4_': 1.0, '_a6_': 1.0, '_a7_': 1.0}};{'d0': 0.024905832919416594};-280.569866449044;40.804966291246416
24570;-99.4799669332754;((x * ((x * (x + (_a5_ * (-(_a0_) + _a5_)))) + _a0_)) * _a1_);{'d0': {'_a0_': 0.5256917703343784, '_a1_': 3.376760878592439, '_a5_': 1.0952804921602584, '_a2_': 1.0, '_a3_': 1.0, '_a4_': 1.0, '_a6_': 1.0, '_a7_': 1.0}};{'d0': 0.024905832919416594};-280.569866449044;40.804966291246416
24571;-99.4799669332754;((x * ((x * (x + (_a5_ * (-(_a0_) + _a5_)))) + _a0_)) * _a1_);{'d0': {'_a0_': 0.5256917703343784, '_a1_': 3.376760878592439, '_a5_': 1.0952804921602584, '_a2_': 1.0, '_a3_': 1.0, '_a4_': 1.0, '_a6_': 1.0, '_a7_': 1.0}};{'d0': 0.024905832919416594};-280.569866449044;40.804966291246416
24572;-99.4799669332754;((x * ((x * (x + (_a5_ * (-(_a0_) + _a5_)))) + _a0_)) * _a1_);{'d0': {'_a0_': 0.5256917703343784, '_a1_': 3.376760878592439, '_a5_': 1.0952804921602584, '_a2_': 1.0, '_a3_': 1.0, '_a4_': 1.0, '_a6_': 1.0, '_a7_': 1.0}};{'d0': 0.024905832919416594};-280.569866449044;40.804966291246416
24573;-103.159914093536;((x * ((x * (x + (_a5_ * (x + _a5_)))) + _a0_)) * _a1_);{'d0': {'_a0_': 1.1360939588905232, '_a1_': 1.5624899605540459, '_a5_': 1.1611408467075843, '_a2_': 1.0, '_a3_': 1.0, '_a4_': 1.0, '_a6_': 1.0, '_a7_': 1.0}};{'d0': 0.02490583291941661};-280.569866449044;37.125019130986026
24574;-103.159914093536;((x * ((x * (x + (_a5_ * (x + _a5_)))) + _a0_)) * _a1_);{'d0': {'_a0_': 1.1360939588905232, '_a1_': 1.5624899605540459, '_a5_': 1.1611408467075843, '_a2_': 1.0, '_a3_': 1.0, '_a4_': 1.0, '_a6_': 1.0, '_a7_': 1.0}};{'d0': 0.02490583291941661};-280.569866449044;37.125019130986026
24575;-103.159914093536;((x * ((x * (x + (_a5_ * (x + _a5_)))) + _a0_)) * _a1_);{'d0': {'_a0_': 1.1360939588905232, '_a1_': 1.5624899605540459, '_a5_': 1.1611408467075843, '_a2_': 1.0, '_a3_': 1.0, '_a4_': 1.0, '_a6_': 1.0, '_a7_': 1.0}};{'d0': 0.02490583291941661};-280.569866449044;37.125019130986026
24576;-103.159914093536;((x * ((x * (x + (_a5_ * (x + _a5_)))) + _a0_)) * _a1_);{'d0': {'_a0_': 1.1360939588905232, '_a1_': 1.5624899605540459, '_a5_': 1.1611408467075843, '_a2_': 1.0, '_a3_': 1.0, '_a4_': 1.0, '_a6_': 1.0, '_a7_': 1.0}};{'d0': 0.02490583291941661};-280.569866449044;37.125019130986026
24577;-103.159914093536;((x * ((x * (x + (_a5_ * (x + _a5_)))) + _a0_)) * _a1_);{'d0': {'_a0_': 1.1360939588905232, '_a1_': 1.5624899605540459, '_a5_': 1.1611408467075843, '_a2_': 1.0, '_a3_': 1.0, '_a4_': 1.0, '_a6_': 1.0, '_a7_': 1.0}};{'d0': 0.02490583291941661};-280.569866449044;37.125019130986026
24578;-103.159914093536;((x * ((x * (x + (_a5_ * (x + _a5_)))) + _a0_)) * _a1_);{'d0': {'_a0_': 1.1360939588905232, '_a1_': 1.5624899605540459, '_a5_': 1.1611408467075843, '_a2_': 1.0, '_a3_': 1.0, '_a4_': 1.0, '_a6_': 1.0, '_a7_': 1.0}};{'d0': 0.02490583291941661};-280.569866449044;37.125019130986026
24579;-103.159914093536;((x * ((x * (x + (_a5_ * (x + _a1_)))) + _a0_)) * _a1_);{'d0': {'_a0_': 2.149533601492293, '_a1_': 0.8258235193747844, '_a5_': 3.088961866796273, '_a2_': 1.0, '_a3_': 1.0, '_a4_': 1.0, '_a6_': 1.0, '_a7_': 1.0}};{'d0': 0.02490583291941656};-280.569866449044;37.125019130986026
24580;-103.159914093536;((x * ((x * (x + (_a5_ * (x + _a1_)))) + _a0_)) * _a1_);{'d0': {'_a0_': 2.149533601492293, '_a1_': 0.8258235193747844, '_a5_': 3.088961866796273, '_a2_': 1.0, '_a3_': 1.0, '_a4_': 1.0, '_a6_': 1.0, '_a7_': 1.0}};{'d0': 0.02490583291941656};-280.569866449044;37.125019130986026
24581;-101.112741811627;((x * ((x * (_a2_ + (_a5_ * (x + _a1_)))) + _a0_)) * _a1_);{'d0': {'_a0_': 2.325715507891627, '_a1_': 0.7632640869347975, '_a2_': -0.6167414110203716, '_a5_': 4.42410484481864, '_a3_': 1.0, '_a4_': 1.0, '_a6_': 1.0, '_a7_': 1.0}};{'d0': 0.024905832920079158};-276.475521885225;37.125019130986026
24582;-101.112741811627;((x * ((x * (_a2_ + (_a5_ * (x + _a1_)))) + _a0_)) * _a1_);{'d0': {'_a0_': 2.325715507891627, '_a1_': 0.7632640869347975, '_a2_': -0.6167414110203716, '_a5_': 4.42410484481864, '_a3_': 1.0, '_a4_': 1.0, '_a6_': 1.0, '_a7_': 1.0}};{'d0': 0.024905832920079158};-276.475521885225;37.125019130986026
24583;-101.112741811627;((x * ((x * (_a2_ + (_a5_ * (x + _a1_)))) + _a0_)) * _a1_);{'d0': {'_a0_': 2.325715507891627, '_a1_': 0.7632640869347975, '_a2_': -0.6167414110203716, '_a5_': 4.42410484481864, '_a3_': 1.0, '_a4_': 1.0, '_a6_': 1.0, '_a7_': 1.0}};{'d0': 0.024905832920079158};-276.475521885225;37.125019130986026
24584;-77.3325407544649;((_a4_ + (((_a6_ + x) * x) / pow3(_a2_))) * (x * pow2(-((x + -(exp(_a5_)))))));{'d0': {'_a2_': -18.51949751496495, '_a4_': -8.361784200037182e-05, '_a5_': 4.9838926896514435, '_a6_': 0.6356722689939335, '_a0_': 1.0, '_a1_': 1.0, '_a3_': 1.0, '_a7_': 1.0}};{'d0': 0.0248328540067568};-276.651591589196;60.99325504013291
24585;-77.3325407544649;((_a4_ + (((_a6_ + x) * x) / pow3(_a2_))) * (x * pow2(-((x + -(exp(_a5_)))))));{'d0': {'_a2_': -18.51949751496495, '_a4_': -8.361784200037182e-05, '_a5_': 4.9838926896514435, '_a6_': 0.6356722689939335, '_a0_': 1.0, '_a1_': 1.0, '_a3_': 1.0, '_a7_': 1.0}};{'d0': 0.0248328540067568};-276.651591589196;60.99325504013291
24586;-77.3325407544649;((_a4_ + (((_a6_ + x) * x) / pow3(_a2_))) * (x * pow2(-((x + -(exp(_a5_)))))));{'d0': {'_a2_': -18.51949751496495, '_a4_': -8.361784200037182e-05, '_a5_': 4.9838926896514435, '_a6_': 0.6356722689939335, '_a0_': 1.0, '_a1_': 1.0, '_a3_': 1.0, '_a7_': 1.0}};{'d0': 0.0248328540067568};-276.651591589196;60.99325504013291
24587;-77.3325407544649;((_a4_ + (((_a6_ + x) * x) / pow3(_a2_))) * (x * pow2(-((x + -(exp(_a5_)))))));{'d0': {'_a2_': -18.51949751496495, '_a4_': -8.361784200037182e-05, '_a5_': 4.9838926896514435, '_a6_': 0.6356722689939335, '_a0_': 1.0, '_a1_': 1.0, '_a3_': 1.0, '_a7_': 1.0}};{'d0': 0.0248328540067568};-276.651591589196;60.99325504013291
24588;-77.3325407544649;((_a4_ + (((_a6_ + x) * x) / pow3(_a2_))) * (x * pow2(-((x + -(exp(_a5_)))))));{'d0': {'_a2_': -18.51949751496495, '_a4_': -8.361784200037182e-05, '_a5_': 4.9838926896514435, '_a6_': 0.6356722689939335, '_a0_': 1.0, '_a1_': 1.0, '_a3_': 1.0, '_a7_': 1.0}};{'d0': 0.0248328540067568};-276.651591589196;60.99325504013291
24589;-102.011645645870;((x * ((x * (_a2_ + (_a5_ * (x * _a1_)))) + _a0_)) * _a1_);{'d0': {'_a0_': 2.0227616123628405, '_a1_': 0.8775800718637419, '_a2_': 2.400491977185001, '_a5_': 4.384567017434916, '_a3_': 1.0, '_a4_': 1.0, '_a6_': 1.0, '_a7_': 1.0}};{'d0': 0.024905832922575727};-276.475521879211;36.22611529373503
24590;-102.011645645870;((x * ((x * (_a2_ + (_a5_ * (x * _a1_)))) + _a0_)) * _a1_);{'d0': {'_a0_': 2.0227616123628405, '_a1_': 0.8775800718637419, '_a2_': 2.400491977185001, '_a5_': 4.384567017434916, '_a3_': 1.0, '_a4_': 1.0, '_a6_': 1.0, '_a7_': 1.0}};{'d0': 0.024905832922575727};-276.475521879211;36.22611529373503
24591;-102.011645645870;((x * ((x * (_a2_ + (_a5_ * (x * _a1_)))) + _a0_)) * _a1_);{'d0': {'_a0_': 2.0227616123628405, '_a1_': 0.8775800718637419, '_a2_': 2.400491977185001, '_a5_': 4.384567017434916, '_a3_': 1.0, '_a4_': 1.0, '_a6_': 1.0, '_a7_': 1.0}};{'d0': 0.024905832922575727};-276.475521879211;36.22611529373503
24592;-96.6717826390511;((x * ((x * (_a2_ + (_a5_ * (x * _a1_)))) + sqrt(_a6_))) * _a1_);{'d0': {'_a1_': 0.9087629337702482, '_a2_': 2.318122767260883, '_a5_': 4.088830284435439, '_a6_': 3.815590412005848, '_a0_': 1.0, '_a3_': 1.0, '_a4_': 1.0, '_a7_': 1.0}};{'d0': 0.024905832919503462};-276.475521886612;41.565978304255026
24593;-96.6717826390511;((x * ((x * (_a2_ + (_a5_ * (x * _a1_)))) + sqrt(_a6_))) * _a1_);{'d0': {'_a1_': 0.9087629337702482, '_a2_': 2.318122767260883, '_a5_': 4.088830284435439, '_a6_': 3.815590412005848, '_a0_': 1.0, '_a3_': 1.0, '_a4_': 1.0, '_a7_': 1.0}};{'d0': 0.024905832919503462};-276.475521886612;41.565978304255026
24594;-96.6717826390511;((x * ((x * (_a2_ + (_a5_ * (x * _a1_)))) + sqrt(_a6_))) * _a1_);{'d0': {'_a1_': 0.9087629337702482, '_a2_': 2.318122767260883, '_a5_': 4.088830284435439, '_a6_': 3.815590412005848, '_a0_': 1.0, '_a3_': 1.0, '_a4_': 1.0, '_a7_': 1.0}};{'d0': 0.024905832919503462};-276.475521886612;41.565978304255026
24595;-96.6717826390511;((x * ((x * (_a2_ + (_a5_ * (x * _a1_)))) + sqrt(_a6_))) * _a1_);{'d0': {'_a1_': 0.9087629337702482, '_a2_': 2.318122767260883, '_a5_': 4.088830284435439, '_a6_': 3.815590412005848, '_a0_': 1.0, '_a3_': 1.0, '_a4_': 1.0, '_a7_': 1.0}};{'d0': 0.024905832919503462};-276.475521886612;41.565978304255026
24596;-96.6717826390511;((x * ((x * (_a2_ + (_a5_ * (x * _a1_)))) + sqrt(_a6_))) * _a1_);{'d0': {'_a1_': 0.9087629337702482, '_a2_': 2.318122767260883, '_a5_': 4.088830284435439, '_a6_': 3.815590412005848, '_a0_': 1.0, '_a3_': 1.0, '_a4_': 1.0, '_a7_': 1.0}};{'d0': 0.024905832919503462};-276.475521886612;41.565978304255026
24597;-96.6717826390511;((x * ((x * (_a2_ + (_a5_ * (x * _a1_)))) + sqrt(_a6_))) * _a1_);{'d0': {'_a1_': 0.9087629337702482, '_a2_': 2.318122767260883, '_a5_': 4.088830284435439, '_a6_': 3.815590412005848, '_a0_': 1.0, '_a3_': 1.0, '_a4_': 1.0, '_a7_': 1.0}};{'d0': 0.024905832919503462};-276.475521886612;41.565978304255026
24598;-96.6717826390511;((x * ((x * (_a2_ + (_a5_ * (x * _a1_)))) + sqrt(_a6_))) * _a1_);{'d0': {'_a1_': 0.9087629337702482, '_a2_': 2.318122767260883, '_a5_': 4.088830284435439, '_a6_': 3.815590412005848, '_a0_': 1.0, '_a3_': 1.0, '_a4_': 1.0, '_a7_': 1.0}};{'d0': 0.024905832919503462};-276.475521886612;41.565978304255026
24599;-102.011645645870;((x * ((x * (_a2_ + (_a5_ * (x * _a1_)))) + _a0_)) * _a1_);{'d0': {'_a0_': 2.0227616123628405, '_a1_': 0.8775800718637419, '_a2_': 2.400491977185001, '_a5_': 4.384567017434916, '_a3_': 1.0, '_a4_': 1.0, '_a6_': 1.0, '_a7_': 1.0}};{'d0': 0.024905832922575727};-276.475521879211;36.22611529373503
24600;-102.011645645870;((x * ((x * (_a2_ + (_a5_ * (x * _a1_)))) + _a0_)) * _a1_);{'d0': {'_a0_': 2.0227616123628405, '_a1_': 0.8775800718637419, '_a2_': 2.400491977185001, '_a5_': 4.384567017434916, '_a3_': 1.0, '_a4_': 1.0, '_a6_': 1.0, '_a7_': 1.0}};{'d0': 0.024905832922575727};-276.475521879211;36.22611529373503
24601;-102.011645645870;((x * ((x * (_a2_ + (_a5_ * (x * _a1_)))) + _a0_)) * _a1_);{'d0': {'_a0_': 2.0227616123628405, '_a1_': 0.8775800718637419, '_a2_': 2.400491977185001, '_a5_': 4.384567017434916, '_a3_': 1.0, '_a4_': 1.0, '_a6_': 1.0, '_a7_': 1.0}};{'d0': 0.024905832922575727};-276.475521879211;36.22611529373503
24602;-102.011645645870;((x * ((x * (_a2_ + (_a5_ * (x * _a1_)))) + _a0_)) * _a1_);{'d0': {'_a0_': 2.0227616123628405, '_a1_': 0.8775800718637419, '_a2_': 2.400491977185001, '_a5_': 4.384567017434916, '_a3_': 1.0, '_a4_': 1.0, '_a6_': 1.0, '_a7_': 1.0}};{'d0': 0.024905832922575727};-276.475521879211;36.22611529373503
24603;-102.011645645870;((x * ((x * (_a2_ + (_a5_ * (x * _a1_)))) + _a0_)) * _a1_);{'d0': {'_a0_': 2.0227616123628405, '_a1_': 0.8775800718637419, '_a2_': 2.400491977185001, '_a5_': 4.384567017434916, '_a3_': 1.0, '_a4_': 1.0, '_a6_': 1.0, '_a7_': 1.0}};{'d0': 0.024905832922575727};-276.475521879211;36.22611529373503
24604;-102.011645645870;((x * ((x * (_a2_ + (_a5_ * (x * _a1_)))) + _a0_)) * _a1_);{'d0': {'_a0_': 2.0227616123628405, '_a1_': 0.8775800718637419, '_a2_': 2.400491977185001, '_a5_': 4.384567017434916, '_a3_': 1.0, '_a4_': 1.0, '_a6_': 1.0, '_a7_': 1.0}};{'d0': 0.024905832922575727};-276.475521879211;36.22611529373503
24605;-102.011645645870;((x * ((x * (_a2_ + (_a5_ * (x * _a1_)))) + _a0_)) * _a1_);{'d0': {'_a0_': 2.0227616123628405, '_a1_': 0.8775800718637419, '_a2_': 2.400491977185001, '_a5_': 4.384567017434916, '_a3_': 1.0, '_a4_': 1.0, '_a6_': 1.0, '_a7_': 1.0}};{'d0': 0.024905832922575727};-276.475521879211;36.22611529373503
24606;-102.011645645870;((x * ((x * (_a2_ + (_a5_ * (x * _a1_)))) + _a0_)) * _a1_);{'d0': {'_a0_': 2.0227616123628405, '_a1_': 0.8775800718637419, '_a2_': 2.400491977185001, '_a5_': 4.384567017434916, '_a3_': 1.0, '_a4_': 1.0, '_a6_': 1.0, '_a7_': 1.0}};{'d0': 0.024905832922575727};-276.475521879211;36.22611529373503
24607;-102.011645645870;((x * ((x * (_a2_ + (_a5_ * (x * _a1_)))) + _a0_)) * _a1_);{'d0': {'_a0_': 2.0227616123628405, '_a1_': 0.8775800718637419, '_a2_': 2.400491977185001, '_a5_': 4.384567017434916, '_a3_': 1.0, '_a4_': 1.0, '_a6_': 1.0, '_a7_': 1.0}};{'d0': 0.024905832922575727};-276.475521879211;36.22611529373503
24608;-73.7878053445617;((_a4_ + ((((_a2_ * _a5_) + x) * x) / pow3(_a2_))) * (x * pow2(-((x + -((_a2_ + x)))))));{'d0': {'_a2_': -0.2961417866956573, '_a4_': -20.241006360317424, '_a5_': -2.106624068621316, '_a0_': 1.0, '_a1_': 1.0, '_a3_': 1.0, '_a6_': 1.0, '_a7_': 1.0}};{'d0': 0.024905832919416646};-280.569866449044;66.4971278799599
24609;-73.7878053445617;((_a4_ + ((((_a2_ * _a5_) + x) * x) / pow3(_a2_))) * (x * pow2(-((x + -((_a2_ + x)))))));{'d0': {'_a2_': -0.2961417866956573, '_a4_': -20.241006360317424, '_a5_': -2.106624068621316, '_a0_': 1.0, '_a1_': 1.0, '_a3_': 1.0, '_a6_': 1.0, '_a7_': 1.0}};{'d0': 0.024905832919416646};-280.569866449044;66.4971278799599
24610;-73.7878053445617;((_a4_ + ((((_a2_ * _a5_) + x) * x) / pow3(_a2_))) * (x * pow2(-((x + -((_a2_ + x)))))));{'d0': {'_a2_': -0.2961417866956573, '_a4_': -20.241006360317424, '_a5_': -2.106624068621316, '_a0_': 1.0, '_a1_': 1.0, '_a3_': 1.0, '_a6_': 1.0, '_a7_': 1.0}};{'d0': 0.024905832919416646};-280.569866449044;66.4971278799599
24611;-73.7878053445617;((_a4_ + ((((_a2_ * _a5_) + x) * x) / pow3(_a2_))) * (x * pow2(-((x + -((_a2_ + x)))))));{'d0': {'_a2_': -0.2961417866956573, '_a4_': -20.241006360317424, '_a5_': -2.106624068621316, '_a0_': 1.0, '_a1_': 1.0, '_a3_': 1.0, '_a6_': 1.0, '_a7_': 1.0}};{'d0': 0.024905832919416646};-280.569866449044;66.4971278799599
24612;-73.7878053445617;((_a4_ + ((((_a2_ * _a5_) + x) * x) / pow3(_a2_))) * (x * pow2(-((x + -((_a2_ + x)))))));{'d0': {'_a2_': -0.2961417866956573, '_a4_': -20.241006360317424, '_a5_': -2.106624068621316, '_a0_': 1.0, '_a1_': 1.0, '_a3_': 1.0, '_a6_': 1.0, '_a7_': 1.0}};{'d0': 0.024905832919416646};-280.569866449044;66.4971278799599
24613;-73.7878053445617;((_a4_ + ((((_a2_ * _a5_) + x) * x) / pow3(_a2_))) * (x * pow2(-((x + -((_a2_ + x)))))));{'d0': {'_a2_': -0.2961417866956573, '_a4_': -20.241006360317424, '_a5_': -2.106624068621316, '_a0_': 1.0, '_a1_': 1.0, '_a3_': 1.0, '_a6_': 1.0, '_a7_': 1.0}};{'d0': 0.024905832919416646};-280.569866449044;66.4971278799599
24614;-73.7878053445617;((_a4_ + ((((_a2_ * _a5_) + x) * x) / pow3(_a2_))) * (x * pow2(-((x + -((_a2_ + x)))))));{'d0': {'_a2_': -0.2961417866956573, '_a4_': -20.241006360317424, '_a5_': -2.106624068621316, '_a0_': 1.0, '_a1_': 1.0, '_a3_': 1.0, '_a6_': 1.0, '_a7_': 1.0}};{'d0': 0.024905832919416646};-280.569866449044;66.4971278799599
24615;-73.7878053445617;((_a4_ + ((((_a2_ * _a5_) + x) * x) / pow3(_a2_))) * (x * pow2(-((x + -((_a2_ + x)))))));{'d0': {'_a2_': -0.2961417866956573, '_a4_': -20.241006360317424, '_a5_': -2.106624068621316, '_a0_': 1.0, '_a1_': 1.0, '_a3_': 1.0, '_a6_': 1.0, '_a7_': 1.0}};{'d0': 0.024905832919416646};-280.569866449044;66.4971278799599
24616;-73.7878053445617;((_a4_ + ((((_a2_ * _a5_) + x) * x) / pow3(_a2_))) * (x * pow2(-((x + -((_a2_ + x)))))));{'d0': {'_a2_': -0.2961417866956573, '_a4_': -20.241006360317424, '_a5_': -2.106624068621316, '_a0_': 1.0, '_a1_': 1.0, '_a3_': 1.0, '_a6_': 1.0, '_a7_': 1.0}};{'d0': 0.024905832919416646};-280.569866449044;66.4971278799599
24617;-73.7878053445617;((_a4_ + ((((_a2_ * _a5_) + x) * x) / pow3(_a2_))) * (x * pow2(-((x + -((_a2_ + x)))))));{'d0': {'_a2_': -0.2961417866956573, '_a4_': -20.241006360317424, '_a5_': -2.106624068621316, '_a0_': 1.0, '_a1_': 1.0, '_a3_': 1.0, '_a6_': 1.0, '_a7_': 1.0}};{'d0': 0.024905832919416646};-280.569866449044;66.4971278799599
24618;-73.7878053445617;((_a4_ + ((((_a2_ * _a5_) + x) * x) / pow3(_a2_))) * (x * pow2(-((x + -((_a2_ + x)))))));{'d0': {'_a2_': -0.2961417866956573, '_a4_': -20.241006360317424, '_a5_': -2.106624068621316, '_a0_': 1.0, '_a1_': 1.0, '_a3_': 1.0, '_a6_': 1.0, '_a7_': 1.0}};{'d0': 0.024905832919416646};-280.569866449044;66.4971278799599
24619;-73.7878053445617;((_a4_ + ((((_a2_ * _a5_) + x) * x) / pow3(_a2_))) * (x * pow2(-((x + -((_a2_ + x)))))));{'d0': {'_a2_': -0.2961417866956573, '_a4_': -20.241006360317424, '_a5_': -2.106624068621316, '_a0_': 1.0, '_a1_': 1.0, '_a3_': 1.0, '_a6_': 1.0, '_a7_': 1.0}};{'d0': 0.024905832919416646};-280.569866449044;66.4971278799599
24620;-73.7878053445617;((_a4_ + ((((_a2_ * _a5_) + x) * x) / pow3(_a2_))) * (x * pow2(-((x + -((_a2_ + x)))))));{'d0': {'_a2_': -0.2961417866956573, '_a4_': -20.241006360317424, '_a5_': -2.106624068621316, '_a0_': 1.0, '_a1_': 1.0, '_a3_': 1.0, '_a6_': 1.0, '_a7_': 1.0}};{'d0': 0.024905832919416646};-280.569866449044;66.4971278799599
24621;-73.7878053445617;((_a4_ + ((((_a2_ * _a5_) + x) * x) / pow3(_a2_))) * (x * pow2(-((x + -((_a2_ + x)))))));{'d0': {'_a2_': -0.2961417866956573, '_a4_': -20.241006360317424, '_a5_': -2.106624068621316, '_a0_': 1.0, '_a1_': 1.0, '_a3_': 1.0, '_a6_': 1.0, '_a7_': 1.0}};{'d0': 0.024905832919416646};-280.569866449044;66.4971278799599
24622;-74.5663998991852;((_a4_ + ((((_a2_ * _a5_) + x) * x) * pow3(_a2_))) * (x * pow2(-((x + -((_a2_ + x)))))));{'d0': {'_a2_': -1.2755575613248786, '_a4_': -1.0910166106888843, '_a5_': -0.48908762286632623, '_a0_': 1.0, '_a1_': 1.0, '_a3_': 1.0, '_a6_': 1.0, '_a7_': 1.0}};{'d0': 0.024905832919416577};-280.569866449044;65.71853332533651
24623;-74.5663998991852;((_a4_ + ((((_a2_ * _a5_) + x) * x) * pow3(_a2_))) * (x * pow2(-((x + -((_a2_ + x)))))));{'d0': {'_a2_': -1.2755575613248786, '_a4_': -1.0910166106888843, '_a5_': -0.48908762286632623, '_a0_': 1.0, '_a1_': 1.0, '_a3_': 1.0, '_a6_': 1.0, '_a7_': 1.0}};{'d0': 0.024905832919416577};-280.569866449044;65.71853332533651
24624;-74.5663998991852;((_a4_ + ((((_a2_ * _a5_) + x) * x) * pow3(_a2_))) * (x * pow2(-((x + -((_a2_ + x)))))));{'d0': {'_a2_': -1.2755575613248786, '_a4_': -1.0910166106888843, '_a5_': -0.48908762286632623, '_a0_': 1.0, '_a1_': 1.0, '_a3_': 1.0, '_a6_': 1.0, '_a7_': 1.0}};{'d0': 0.024905832919416577};-280.569866449044;65.71853332533651
24625;-79.1121096565037;((_a4_ + ((((_a2_ * _a5_) + x) * x) * _a7_)) * (x * pow2(-((x + -((_a2_ + x)))))));{'d0': {'_a2_': -1.2603227439368687, '_a4_': -1.1175518669652764, '_a5_': -0.49499963401043356, '_a7_': -2.1258690556230024, '_a0_': 1.0, '_a1_': 1.0, '_a3_': 1.0, '_a6_': 1.0}};{'d0': 0.024905832939324968};-276.475521838861;59.12565126292651
24626;-79.1121096565037;((_a4_ + ((((_a2_ * _a5_) + x) * x) * _a7_)) * (x * pow2(-((x + -((_a2_ + x)))))));{'d0': {'_a2_': -1.2603227439368687, '_a4_': -1.1175518669652764, '_a5_': -0.49499963401043356, '_a7_': -2.1258690556230024, '_a0_': 1.0, '_a1_': 1.0, '_a3_': 1.0, '_a6_': 1.0}};{'d0': 0.024905832939324968};-276.475521838861;59.12565126292651
24627;-79.1121096565037;((_a4_ + ((((_a2_ * _a5_) + x) * x) * _a7_)) * (x * pow2(-((x + -((_a2_ + x)))))));{'d0': {'_a2_': -1.2603227439368687, '_a4_': -1.1175518669652764, '_a5_': -0.49499963401043356, '_a7_': -2.1258690556230024, '_a0_': 1.0, '_a1_': 1.0, '_a3_': 1.0, '_a6_': 1.0}};{'d0': 0.024905832939324968};-276.475521838861;59.12565126292651
24628;-81.1592819615951;((_a4_ + ((((_a2_ * _a4_) + x) * x) * _a7_)) * (x * pow2(-((x + -((_a2_ + x)))))));{'d0': {'_a2_': -2.8454093351636653, '_a4_': -0.21925120148219723, '_a7_': -0.4170717779100039, '_a0_': 1.0, '_a1_': 1.0, '_a3_': 1.0, '_a5_': 1.0, '_a6_': 1.0}};{'d0': 0.02490583291941664};-280.569866449044;59.12565126292651
24629;-81.1592819615951;((_a4_ + ((((_a2_ * _a4_) + x) * x) * _a7_)) * (x * pow2(-((x + -((_a2_ + x)))))));{'d0': {'_a2_': -2.8454093351636653, '_a4_': -0.21925120148219723, '_a7_': -0.4170717779100039, '_a0_': 1.0, '_a1_': 1.0, '_a3_': 1.0, '_a5_': 1.0, '_a6_': 1.0}};{'d0': 0.02490583291941664};-280.569866449044;59.12565126292651
24630;-81.1592819615951;((_a4_ + ((((_a4_ * _a4_) + x) * x) * _a7_)) * (x * pow2(-((x + -((_a2_ + x)))))));{'d0': {'_a2_': -1.4991464456655863, '_a4_': -0.78984771671106, '_a7_': -1.502492071166022, '_a0_': 1.0, '_a1_': 1.0, '_a3_': 1.0, '_a5_': 1.0, '_a6_': 1.0}};{'d0': 0.02490583291941662};-280.569866449044;59.12565126292651
24631;-81.1592819615951;((_a4_ + ((((_a4_ * _a4_) + x) * x) * _a7_)) * (x * pow2(-((x + -((_a2_ + x)))))));{'d0': {'_a2_': -1.4991464456655863, '_a4_': -0.78984771671106, '_a7_': -1.502492071166022, '_a0_': 1.0, '_a1_': 1.0, '_a3_': 1.0, '_a5_': 1.0, '_a6_': 1.0}};{'d0': 0.02490583291941662};-280.569866449044;59.12565126292651
24632;-81.1592819615951;((_a4_ + ((((_a4_ * _a4_) + x) * x) * _a7_)) * (x * pow2(-((x + -((_a2_ + x)))))));{'d0': {'_a2_': -1.4991464456655863, '_a4_': -0.78984771671106, '_a7_': -1.502492071166022, '_a0_': 1.0, '_a1_': 1.0, '_a3_': 1.0, '_a5_': 1.0, '_a6_': 1.0}};{'d0': 0.02490583291941662};-280.569866449044;59.12565126292651
24633;-81.1592819615951;((_a4_ + ((((_a4_ * _a4_) + x) * x) * _a7_)) * (x * pow2(-((x + -((_a2_ + x)))))));{'d0': {'_a2_': -1.4991464456655863, '_a4_': -0.78984771671106, '_a7_': -1.502492071166022, '_a0_': 1.0, '_a1_': 1.0, '_a3_': 1.0, '_a5_': 1.0, '_a6_': 1.0}};{'d0': 0.02490583291941662};-280.569866449044;59.12565126292651
24634;-81.1592819615951;((_a4_ + ((((_a4_ * _a4_) + x) * x) * _a7_)) * (x * pow2(-((x + -((_a2_ + x)))))));{'d0': {'_a2_': -1.4991464456655863, '_a4_': -0.78984771671106, '_a7_': -1.502492071166022, '_a0_': 1.0, '_a1_': 1.0, '_a3_': 1.0, '_a5_': 1.0, '_a6_': 1.0}};{'d0': 0.02490583291941662};-280.569866449044;59.12565126292651
24635;-81.1592819615951;((_a4_ + ((((_a4_ * _a4_) + x) * x) * _a7_)) * (x * pow2(-((x + -((_a2_ + x)))))));{'d0': {'_a2_': -1.4991464456655863, '_a4_': -0.78984771671106, '_a7_': -1.502492071166022, '_a0_': 1.0, '_a1_': 1.0, '_a3_': 1.0, '_a5_': 1.0, '_a6_': 1.0}};{'d0': 0.02490583291941662};-280.569866449044;59.12565126292651
24636;-81.1592819615951;((_a4_ + ((((_a4_ * _a4_) + x) * x) * _a7_)) * (x * pow2(-((x + -((_a2_ + x)))))));{'d0': {'_a2_': -1.4991464456655863, '_a4_': -0.78984771671106, '_a7_': -1.502492071166022, '_a0_': 1.0, '_a1_': 1.0, '_a3_': 1.0, '_a5_': 1.0, '_a6_': 1.0}};{'d0': 0.02490583291941662};-280.569866449044;59.12565126292651
24637;-81.1592819615951;((_a4_ + ((((_a4_ * _a4_) + x) * x) * _a7_)) * (x * pow2(-((x + -((_a2_ + x)))))));{'d0': {'_a2_': -1.4991464456655863, '_a4_': -0.78984771671106, '_a7_': -1.502492071166022, '_a0_': 1.0, '_a1_': 1.0, '_a3_': 1.0, '_a5_': 1.0, '_a6_': 1.0}};{'d0': 0.02490583291941662};-280.569866449044;59.12565126292651
24638;-81.1592819615951;((_a4_ + ((((_a4_ * _a4_) + x) * x) * _a7_)) * (x * pow2(-((x + -((_a2_ + x)))))));{'d0': {'_a2_': -1.4991464456655863, '_a4_': -0.78984771671106, '_a7_': -1.502492071166022, '_a0_': 1.0, '_a1_': 1.0, '_a3_': 1.0, '_a5_': 1.0, '_a6_': 1.0}};{'d0': 0.02490583291941662};-280.569866449044;59.12565126292651
24639;-101.684646197346;(((_a0_ + pow2(((x + pow2(_a0_)) * (_a2_ * _a2_)))) * _a3_) * x);{'d0': {'_a0_': 0.5585066765632426, '_a2_': 1.0685549208267457, '_a3_': 2.5900784179707927, '_a1_': 1.0, '_a4_': 1.0, '_a5_': 1.0, '_a6_': 1.0, '_a7_': 1.0}};{'d0': 0.024905832919416632};-280.569866449044;38.60028702717611
24640;-101.684646197346;(((_a0_ + pow2(((x + pow2(_a0_)) * (_a2_ * _a2_)))) * _a3_) * x);{'d0': {'_a0_': 0.5585066765632426, '_a2_': 1.0685549208267457, '_a3_': 2.5900784179707927, '_a1_': 1.0, '_a4_': 1.0, '_a5_': 1.0, '_a6_': 1.0, '_a7_': 1.0}};{'d0': 0.024905832919416632};-280.569866449044;38.60028702717611
24641;-101.684646197346;(((_a0_ + pow2(((x + pow2(_a0_)) * (_a2_ * _a2_)))) * _a3_) * x);{'d0': {'_a0_': 0.5585066765632426, '_a2_': 1.0685549208267457, '_a3_': 2.5900784179707927, '_a1_': 1.0, '_a4_': 1.0, '_a5_': 1.0, '_a6_': 1.0, '_a7_': 1.0}};{'d0': 0.024905832919416632};-280.569866449044;38.60028702717611
24642;-101.684646197346;(((_a0_ + pow2(((x + pow2(_a0_)) * (_a2_ * _a2_)))) * _a3_) * x);{'d0': {'_a0_': 0.5585066765632426, '_a2_': 1.0685549208267457, '_a3_': 2.5900784179707927, '_a1_': 1.0, '_a4_': 1.0, '_a5_': 1.0, '_a6_': 1.0, '_a7_': 1.0}};{'d0': 0.024905832919416632};-280.569866449044;38.60028702717611
24643;-101.684646197346;(((_a0_ + pow2(((x + pow2(_a0_)) * (_a2_ * _a2_)))) * _a3_) * x);{'d0': {'_a0_': 0.5585066765632426, '_a2_': 1.0685549208267457, '_a3_': 2.5900784179707927, '_a1_': 1.0, '_a4_': 1.0, '_a5_': 1.0, '_a6_': 1.0, '_a7_': 1.0}};{'d0': 0.024905832919416632};-280.569866449044;38.60028702717611
24644;-101.684646197346;(((_a0_ + pow2(((x + pow2(_a0_)) * (_a2_ * _a2_)))) * _a3_) * x);{'d0': {'_a0_': 0.5585066765632426, '_a2_': 1.0685549208267457, '_a3_': 2.5900784179707927, '_a1_': 1.0, '_a4_': 1.0, '_a5_': 1.0, '_a6_': 1.0, '_a7_': 1.0}};{'d0': 0.024905832919416632};-280.569866449044;38.60028702717611
24645;-101.684646197346;(((_a0_ + pow2(((x + pow2(_a0_)) * (_a2_ * _a2_)))) * _a3_) * x);{'d0': {'_a0_': 0.5585066765632426, '_a2_': 1.0685549208267457, '_a3_': 2.5900784179707927, '_a1_': 1.0, '_a4_': 1.0, '_a5_': 1.0, '_a6_': 1.0, '_a7_': 1.0}};{'d0': 0.024905832919416632};-280.569866449044;38.60028702717611
24646;-101.684646197346;(((_a0_ + pow2(((x + pow2(_a0_)) * (_a2_ * _a2_)))) * _a3_) * x);{'d0': {'_a0_': 0.5585066765632426, '_a2_': 1.0685549208267457, '_a3_': 2.5900784179707927, '_a1_': 1.0, '_a4_': 1.0, '_a5_': 1.0, '_a6_': 1.0, '_a7_': 1.0}};{'d0': 0.024905832919416632};-280.569866449044;38.60028702717611
24647;-101.684646197346;(((_a0_ + pow2(((x + pow2(_a0_)) * (_a2_ * _a2_)))) * _a3_) * x);{'d0': {'_a0_': 0.5585066765632426, '_a2_': 1.0685549208267457, '_a3_': 2.5900784179707927, '_a1_': 1.0, '_a4_': 1.0, '_a5_': 1.0, '_a6_': 1.0, '_a7_': 1.0}};{'d0': 0.024905832919416632};-280.569866449044;38.60028702717611
24648;-101.684646197346;(((_a0_ + pow2(((x + pow2(_a0_)) * (_a2_ * _a2_)))) * _a3_) * x);{'d0': {'_a0_': 0.5585066765632426, '_a2_': 1.0685549208267457, '_a3_': 2.5900784179707927, '_a1_': 1.0, '_a4_': 1.0, '_a5_': 1.0, '_a6_': 1.0, '_a7_': 1.0}};{'d0': 0.024905832919416632};-280.569866449044;38.60028702717611
24649;-101.684646197346;(((_a0_ + pow2(((x + pow2(_a0_)) * (_a2_ * _a2_)))) * _a3_) * x);{'d0': {'_a0_': 0.5585066765632426, '_a2_': 1.0685549208267457, '_a3_': 2.5900784179707927, '_a1_': 1.0, '_a4_': 1.0, '_a5_': 1.0, '_a6_': 1.0, '_a7_': 1.0}};{'d0': 0.024905832919416632};-280.569866449044;38.60028702717611
24650;-101.684646197346;(((_a0_ + pow2(((x + pow2(_a0_)) * (_a2_ * _a2_)))) * _a3_) * x);{'d0': {'_a0_': 0.5585066765632426, '_a2_': 1.0685549208267457, '_a3_': 2.5900784179707927, '_a1_': 1.0, '_a4_': 1.0, '_a5_': 1.0, '_a6_': 1.0, '_a7_': 1.0}};{'d0': 0.024905832919416632};-280.569866449044;38.60028702717611
24651;-101.684646197346;(((_a0_ + pow2(((x + pow2(_a0_)) * (_a2_ * _a2_)))) * _a3_) * x);{'d0': {'_a0_': 0.5585066765632426, '_a2_': 1.0685549208267457, '_a3_': 2.5900784179707927, '_a1_': 1.0, '_a4_': 1.0, '_a5_': 1.0, '_a6_': 1.0, '_a7_': 1.0}};{'d0': 0.024905832919416632};-280.569866449044;38.60028702717611
24652;-101.684646197346;(((_a0_ + pow2(((x + pow2(_a0_)) * (_a2_ * _a2_)))) * _a3_) * x);{'d0': {'_a0_': 0.5585066765632426, '_a2_': 1.0685549208267457, '_a3_': 2.5900784179707927, '_a1_': 1.0, '_a4_': 1.0, '_a5_': 1.0, '_a6_': 1.0, '_a7_': 1.0}};{'d0': 0.024905832919416632};-280.569866449044;38.60028702717611
24653;-101.684646197346;(((_a0_ + pow2(((x + pow2(_a0_)) * (_a2_ * _a2_)))) * _a3_) * x);{'d0': {'_a0_': 0.5585066765632426, '_a2_': 1.0685549208267457, '_a3_': 2.5900784179707927, '_a1_': 1.0, '_a4_': 1.0, '_a5_': 1.0, '_a6_': 1.0, '_a7_': 1.0}};{'d0': 0.024905832919416632};-280.569866449044;38.60028702717611
24654;-105.382580669956;(((_a0_ + pow2(((x + _a3_) * (_a2_ * _a2_)))) * _a3_) * x);{'d0': {'_a0_': 4.637506634981386, '_a2_': 1.8138897735397215, '_a3_': 0.3119297077499413, '_a1_': 1.0, '_a4_': 1.0, '_a5_': 1.0, '_a6_': 1.0, '_a7_': 1.0}};{'d0': 0.02490583291941659};-280.569866449044;34.90235255456611
24655;-105.382580669956;(((_a0_ + pow2(((x + _a3_) * (_a2_ * _a2_)))) * _a3_) * x);{'d0': {'_a0_': 4.637506634981386, '_a2_': 1.8138897735397215, '_a3_': 0.3119297077499413, '_a1_': 1.0, '_a4_': 1.0, '_a5_': 1.0, '_a6_': 1.0, '_a7_': 1.0}};{'d0': 0.02490583291941659};-280.569866449044;34.90235255456611
24656;-105.382580669956;(((_a0_ + pow2(((x + _a3_) * (_a2_ * _a2_)))) * _a3_) * x);{'d0': {'_a0_': 4.637506634981386, '_a2_': 1.8138897735397215, '_a3_': 0.3119297077499413, '_a1_': 1.0, '_a4_': 1.0, '_a5_': 1.0, '_a6_': 1.0, '_a7_': 1.0}};{'d0': 0.02490583291941659};-280.569866449044;34.90235255456611
24657;-105.382580669956;(((_a0_ + pow2(((x + _a3_) * (_a2_ * _a2_)))) * _a3_) * x);{'d0': {'_a0_': 4.637506634981386, '_a2_': 1.8138897735397215, '_a3_': 0.3119297077499413, '_a1_': 1.0, '_a4_': 1.0, '_a5_': 1.0, '_a6_': 1.0, '_a7_': 1.0}};{'d0': 0.02490583291941659};-280.569866449044;34.90235255456611
24658;-105.382580669956;(((_a0_ + pow2(((x + _a3_) * (_a2_ * _a2_)))) * _a3_) * x);{'d0': {'_a0_': 4.637506634981386, '_a2_': 1.8138897735397215, '_a3_': 0.3119297077499413, '_a1_': 1.0, '_a4_': 1.0, '_a5_': 1.0, '_a6_': 1.0, '_a7_': 1.0}};{'d0': 0.02490583291941659};-280.569866449044;34.90235255456611
24659;-105.382580669956;(((_a0_ + pow2(((x + _a3_) * (_a2_ * _a2_)))) * _a3_) * x);{'d0': {'_a0_': 4.637506634981386, '_a2_': 1.8138897735397215, '_a3_': 0.3119297077499413, '_a1_': 1.0, '_a4_': 1.0, '_a5_': 1.0, '_a6_': 1.0, '_a7_': 1.0}};{'d0': 0.02490583291941659};-280.569866449044;34.90235255456611
24660;-105.382580669956;(((_a0_ + pow2(((x + _a3_) * (_a2_ * _a2_)))) * _a3_) * x);{'d0': {'_a0_': 4.637506634981386, '_a2_': 1.8138897735397215, '_a3_': 0.3119297077499413, '_a1_': 1.0, '_a4_': 1.0, '_a5_': 1.0, '_a6_': 1.0, '_a7_': 1.0}};{'d0': 0.02490583291941659};-280.569866449044;34.90235255456611
24661;-105.382580669956;(((_a0_ + pow2(((x + _a3_) * (_a2_ * _a2_)))) * _a3_) * x);{'d0': {'_a0_': 4.637506634981386, '_a2_': 1.8138897735397215, '_a3_': 0.3119297077499413, '_a1_': 1.0, '_a4_': 1.0, '_a5_': 1.0, '_a6_': 1.0, '_a7_': 1.0}};{'d0': 0.02490583291941659};-280.569866449044;34.90235255456611
24662;-105.382580669956;(((_a0_ + pow2(((x + _a3_) * (_a2_ * _a2_)))) * _a3_) * x);{'d0': {'_a0_': 4.637506634981386, '_a2_': 1.8138897735397215, '_a3_': 0.3119297077499413, '_a1_': 1.0, '_a4_': 1.0, '_a5_': 1.0, '_a6_': 1.0, '_a7_': 1.0}};{'d0': 0.02490583291941659};-280.569866449044;34.90235255456611
24663;-105.382580669956;(((_a0_ + pow2(((x + _a3_) * (_a2_ * _a2_)))) * _a3_) * x);{'d0': {'_a0_': 4.637506634981386, '_a2_': 1.8138897735397215, '_a3_': 0.3119297077499413, '_a1_': 1.0, '_a4_': 1.0, '_a5_': 1.0, '_a6_': 1.0, '_a7_': 1.0}};{'d0': 0.02490583291941659};-280.569866449044;34.90235255456611
24664;-76.0652274634941;(((_a2_ * _a7_) + ((((_a4_ * _a4_) + x) * x) * _a7_)) * (x * pow2(-((x + -((_a2_ + x)))))));{'d0': {'_a2_': 0.525691770649588, '_a4_': -0.7898477167315273, '_a7_': -12.21906430951608, '_a0_': 1.0, '_a1_': 1.0, '_a3_': 1.0, '_a5_': 1.0, '_a6_': 1.0}};{'d0': 0.024905832919416664};-280.569866449044;64.21970576102751
24665;-76.0652274634941;(((_a2_ * _a7_) + ((((_a4_ * _a4_) + x) * x) * _a7_)) * (x * pow2(-((x + -((_a2_ + x)))))));{'d0': {'_a2_': 0.525691770649588, '_a4_': -0.7898477167315273, '_a7_': -12.21906430951608, '_a0_': 1.0, '_a1_': 1.0, '_a3_': 1.0, '_a5_': 1.0, '_a6_': 1.0}};{'d0': 0.024905832919416664};-280.569866449044;64.21970576102751
24666;-105.382580669956;(((_a0_ + pow2(((x + _a3_) * (_a2_ * _a2_)))) * _a3_) * x);{'d0': {'_a0_': 4.637506634981386, '_a2_': 1.8138897735397215, '_a3_': 0.3119297077499413, '_a1_': 1.0, '_a4_': 1.0, '_a5_': 1.0, '_a6_': 1.0, '_a7_': 1.0}};{'d0': 0.02490583291941659};-280.569866449044;34.90235255456611
24667;-105.382580669956;(((_a0_ + pow2(((x + _a3_) * (_a2_ * _a2_)))) * _a3_) * x);{'d0': {'_a0_': 4.637506634981386, '_a2_': 1.8138897735397215, '_a3_': 0.3119297077499413, '_a1_': 1.0, '_a4_': 1.0, '_a5_': 1.0, '_a6_': 1.0, '_a7_': 1.0}};{'d0': 0.02490583291941659};-280.569866449044;34.90235255456611
24668;-105.382580669956;(((_a0_ + pow2(((x + _a3_) * (_a2_ * _a2_)))) * _a3_) * x);{'d0': {'_a0_': 4.637506634981386, '_a2_': 1.8138897735397215, '_a3_': 0.3119297077499413, '_a1_': 1.0, '_a4_': 1.0, '_a5_': 1.0, '_a6_': 1.0, '_a7_': 1.0}};{'d0': 0.02490583291941659};-280.569866449044;34.90235255456611
24669;-105.382580669956;(((_a0_ + pow2(((x + _a3_) * (_a2_ * _a2_)))) * _a3_) * x);{'d0': {'_a0_': 4.637506634981386, '_a2_': 1.8138897735397215, '_a3_': 0.3119297077499413, '_a1_': 1.0, '_a4_': 1.0, '_a5_': 1.0, '_a6_': 1.0, '_a7_': 1.0}};{'d0': 0.02490583291941659};-280.569866449044;34.90235255456611
24670;-105.382580669956;(((_a0_ + pow2(((x + _a3_) * (_a2_ * _a2_)))) * _a3_) * x);{'d0': {'_a0_': 4.637506634981386, '_a2_': 1.8138897735397215, '_a3_': 0.3119297077499413, '_a1_': 1.0, '_a4_': 1.0, '_a5_': 1.0, '_a6_': 1.0, '_a7_': 1.0}};{'d0': 0.02490583291941659};-280.569866449044;34.90235255456611
24671;-105.382580669956;(((_a0_ + pow2(((x + _a3_) * (_a2_ * _a2_)))) * _a3_) * x);{'d0': {'_a0_': 4.637506634981386, '_a2_': 1.8138897735397215, '_a3_': 0.3119297077499413, '_a1_': 1.0, '_a4_': 1.0, '_a5_': 1.0, '_a6_': 1.0, '_a7_': 1.0}};{'d0': 0.02490583291941659};-280.569866449044;34.90235255456611
24672;-105.382580669956;(((_a0_ + pow2(((x + _a3_) * (_a2_ * _a2_)))) * _a3_) * x);{'d0': {'_a0_': 4.637506634981386, '_a2_': 1.8138897735397215, '_a3_': 0.3119297077499413, '_a1_': 1.0, '_a4_': 1.0, '_a5_': 1.0, '_a6_': 1.0, '_a7_': 1.0}};{'d0': 0.02490583291941659};-280.569866449044;34.90235255456611
24673;-105.382580669956;(((_a0_ + pow2(((x + _a3_) * (_a2_ * _a2_)))) * _a3_) * x);{'d0': {'_a0_': 4.637506634981386, '_a2_': 1.8138897735397215, '_a3_': 0.3119297077499413, '_a1_': 1.0, '_a4_': 1.0, '_a5_': 1.0, '_a6_': 1.0, '_a7_': 1.0}};{'d0': 0.02490583291941659};-280.569866449044;34.90235255456611
24674;-76.0652274634941;(((_a2_ * _a7_) + ((((_a4_ * _a4_) + x) * x) * _a7_)) * (x * pow2(-((x + -((_a2_ + x)))))));{'d0': {'_a2_': 0.525691770649588, '_a4_': -0.7898477167315273, '_a7_': -12.21906430951608, '_a0_': 1.0, '_a1_': 1.0, '_a3_': 1.0, '_a5_': 1.0, '_a6_': 1.0}};{'d0': 0.024905832919416664};-280.569866449044;64.21970576102751
24675;-76.0652274634941;(((_a2_ * _a7_) + ((((_a4_ * _a4_) + x) * x) * _a7_)) * (x * pow2(-((x + -((_a2_ + x)))))));{'d0': {'_a2_': 0.525691770649588, '_a4_': -0.7898477167315273, '_a7_': -12.21906430951608, '_a0_': 1.0, '_a1_': 1.0, '_a3_': 1.0, '_a5_': 1.0, '_a6_': 1.0}};{'d0': 0.024905832919416664};-280.569866449044;64.21970576102751
24676;-69.4481182808806;(((_a2_ * _a7_) + ((((_a4_ * _a4_) + x) * x) * _a7_)) * (x * pow2(-((x + -((sin(_a4_) + x)))))));{'d0': {'_a2_': 0.5256917706230477, '_a4_': -0.7898477167182368, '_a7_': -6.693952345071953, '_a0_': 1.0, '_a1_': 1.0, '_a3_': 1.0, '_a5_': 1.0, '_a6_': 1.0}};{'d0': 0.02490583291941663};-280.569866449044;70.83681494364103
24677;-69.4481182808806;(((_a2_ * _a7_) + ((((_a4_ * _a4_) + x) * x) * _a7_)) * (x * pow2(-((x + -((sin(_a4_) + x)))))));{'d0': {'_a2_': 0.5256917706230477, '_a4_': -0.7898477167182368, '_a7_': -6.693952345071953, '_a0_': 1.0, '_a1_': 1.0, '_a3_': 1.0, '_a5_': 1.0, '_a6_': 1.0}};{'d0': 0.02490583291941663};-280.569866449044;70.83681494364103
24678;-69.4481182808806;(((_a2_ * _a7_) + ((((_a4_ * _a4_) + x) * x) * _a7_)) * (x * pow2(-((x + -((sin(_a4_) + x)))))));{'d0': {'_a2_': 0.5256917706230477, '_a4_': -0.7898477167182368, '_a7_': -6.693952345071953, '_a0_': 1.0, '_a1_': 1.0, '_a3_': 1.0, '_a5_': 1.0, '_a6_': 1.0}};{'d0': 0.02490583291941663};-280.569866449044;70.83681494364103
24679;-69.4481182808806;(((_a2_ * _a7_) + ((((_a4_ * _a4_) + x) * x) * _a7_)) * (x * pow2(-((x + -((sin(_a4_) + x)))))));{'d0': {'_a2_': 0.5256917706230477, '_a4_': -0.7898477167182368, '_a7_': -6.693952345071953, '_a0_': 1.0, '_a1_': 1.0, '_a3_': 1.0, '_a5_': 1.0, '_a6_': 1.0}};{'d0': 0.02490583291941663};-280.569866449044;70.83681494364103
24680;-69.4481182808806;(((_a2_ * _a7_) + ((((_a4_ * _a4_) + x) * x) * _a7_)) * (x * pow2(-((x + -((sin(_a4_) + x)))))));{'d0': {'_a2_': 0.5256917706230477, '_a4_': -0.7898477167182368, '_a7_': -6.693952345071953, '_a0_': 1.0, '_a1_': 1.0, '_a3_': 1.0, '_a5_': 1.0, '_a6_': 1.0}};{'d0': 0.02490583291941663};-280.569866449044;70.83681494364103
24681;-69.4481182808806;(((_a2_ * _a7_) + ((((_a4_ * _a4_) + x) * x) * _a7_)) * (x * pow2(-((x + -((sin(_a4_) + x)))))));{'d0': {'_a2_': 0.5256917706230477, '_a4_': -0.7898477167182368, '_a7_': -6.693952345071953, '_a0_': 1.0, '_a1_': 1.0, '_a3_': 1.0, '_a5_': 1.0, '_a6_': 1.0}};{'d0': 0.02490583291941663};-280.569866449044;70.83681494364103
24682;-69.4481182808806;(((_a2_ * _a7_) + ((((_a4_ * _a4_) + x) * x) * _a7_)) * (x * pow2(-((x + -((sin(_a4_) + x)))))));{'d0': {'_a2_': 0.5256917706230477, '_a4_': -0.7898477167182368, '_a7_': -6.693952345071953, '_a0_': 1.0, '_a1_': 1.0, '_a3_': 1.0, '_a5_': 1.0, '_a6_': 1.0}};{'d0': 0.02490583291941663};-280.569866449044;70.83681494364103
24683;-74.0180551810632;(((_a2_ * _a7_) + ((((_a4_ * _a4_) + x) * x) * _a7_)) * (x * pow2(-((x + -((_a6_ + x)))))));{'d0': {'_a2_': 0.5256917708391121, '_a4_': -0.7898477167169031, '_a6_': -0.4734263837657421, '_a7_': -15.065909157724283, '_a0_': 1.0, '_a1_': 1.0, '_a3_': 1.0, '_a5_': 1.0}};{'d0': 0.02490583292051242};-276.475521884182;64.21970576102751
24684;-74.0180551810632;(((_a2_ * _a7_) + ((((_a4_ * _a4_) + x) * x) * _a7_)) * (x * pow2(-((x + -((_a6_ + x)))))));{'d0': {'_a2_': 0.5256917708391121, '_a4_': -0.7898477167169031, '_a6_': -0.4734263837657421, '_a7_': -15.065909157724283, '_a0_': 1.0, '_a1_': 1.0, '_a3_': 1.0, '_a5_': 1.0}};{'d0': 0.02490583292051242};-276.475521884182;64.21970576102751
24685;-74.0180551810632;(((_a2_ * _a7_) + ((((_a4_ * _a4_) + x) * x) * _a7_)) * (x * pow2(-((x + -((_a6_ + x)))))));{'d0': {'_a2_': 0.5256917708391121, '_a4_': -0.7898477167169031, '_a6_': -0.4734263837657421, '_a7_': -15.065909157724283, '_a0_': 1.0, '_a1_': 1.0, '_a3_': 1.0, '_a5_': 1.0}};{'d0': 0.02490583292051242};-276.475521884182;64.21970576102751
24686;-74.0180551810632;(((_a2_ * _a7_) + ((((_a4_ * _a4_) + x) * x) * _a7_)) * (x * pow2(-((x + -((_a6_ + x)))))));{'d0': {'_a2_': 0.5256917708391121, '_a4_': -0.7898477167169031, '_a6_': -0.4734263837657421, '_a7_': -15.065909157724283, '_a0_': 1.0, '_a1_': 1.0, '_a3_': 1.0, '_a5_': 1.0}};{'d0': 0.02490583292051242};-276.475521884182;64.21970576102751
24687;-74.0180551810632;(((_a2_ * _a7_) + ((((_a4_ * _a4_) + x) * x) * _a7_)) * (x * pow2(-((x + -((_a6_ + x)))))));{'d0': {'_a2_': 0.5256917708391121, '_a4_': -0.7898477167169031, '_a6_': -0.4734263837657421, '_a7_': -15.065909157724283, '_a0_': 1.0, '_a1_': 1.0, '_a3_': 1.0, '_a5_': 1.0}};{'d0': 0.02490583292051242};-276.475521884182;64.21970576102751
24688;-74.0180551821539;(((_a2_ * _a7_) + ((((_a4_ * _a7_) + x) * x) * _a7_)) * (x * pow2(-((x + -((_a6_ + x)))))));{'d0': {'_a2_': 0.5256917703788286, '_a4_': -0.023690631026089995, '_a6_': -0.3580924027916668, '_a7_': -26.333589207362582, '_a0_': 1.0, '_a1_': 1.0, '_a3_': 1.0, '_a5_': 1.0}};{'d0': 0.024905832919606907};-276.475521886363;64.21970576102751
24689;-74.0180551821539;(((_a2_ * _a7_) + ((((_a4_ * _a7_) + x) * x) * _a7_)) * (x * pow2(-((x + -((_a6_ + x)))))));{'d0': {'_a2_': 0.5256917703788286, '_a4_': -0.023690631026089995, '_a6_': -0.3580924027916668, '_a7_': -26.333589207362582, '_a0_': 1.0, '_a1_': 1.0, '_a3_': 1.0, '_a5_': 1.0}};{'d0': 0.024905832919606907};-276.475521886363;64.21970576102751
24690;-74.0180551821539;(((_a2_ * _a7_) + ((((_a4_ * _a7_) + x) * x) * _a7_)) * (x * pow2(-((x + -((_a6_ + x)))))));{'d0': {'_a2_': 0.5256917703788286, '_a4_': -0.023690631026089995, '_a6_': -0.3580924027916668, '_a7_': -26.333589207362582, '_a0_': 1.0, '_a1_': 1.0, '_a3_': 1.0, '_a5_': 1.0}};{'d0': 0.024905832919606907};-276.475521886363;64.21970576102751
24691;-74.0180551821539;(((_a2_ * _a7_) + ((((_a4_ * _a7_) + x) * x) * _a7_)) * (x * pow2(-((x + -((_a6_ + x)))))));{'d0': {'_a2_': 0.5256917703788286, '_a4_': -0.023690631026089995, '_a6_': -0.3580924027916668, '_a7_': -26.333589207362582, '_a0_': 1.0, '_a1_': 1.0, '_a3_': 1.0, '_a5_': 1.0}};{'d0': 0.024905832919606907};-276.475521886363;64.21970576102751
24692;-74.0180551821539;(((_a2_ * _a7_) + ((((_a4_ * _a7_) + x) * x) * _a7_)) * (x * pow2(-((x + -((_a6_ + x)))))));{'d0': {'_a2_': 0.5256917703788286, '_a4_': -0.023690631026089995, '_a6_': -0.3580924027916668, '_a7_': -26.333589207362582, '_a0_': 1.0, '_a1_': 1.0, '_a3_': 1.0, '_a5_': 1.0}};{'d0': 0.024905832919606907};-276.475521886363;64.21970576102751
24693;-74.0180551821539;(((_a2_ * _a7_) + ((((_a4_ * _a7_) + x) * x) * _a7_)) * (x * pow2(-((x + -((_a6_ + x)))))));{'d0': {'_a2_': 0.5256917703788286, '_a4_': -0.023690631026089995, '_a6_': -0.3580924027916668, '_a7_': -26.333589207362582, '_a0_': 1.0, '_a1_': 1.0, '_a3_': 1.0, '_a5_': 1.0}};{'d0': 0.024905832919606907};-276.475521886363;64.21970576102751
24694;-74.0180551821539;(((_a2_ * _a7_) + ((((_a4_ * _a7_) + x) * x) * _a7_)) * (x * pow2(-((x + -((_a6_ + x)))))));{'d0': {'_a2_': 0.5256917703788286, '_a4_': -0.023690631026089995, '_a6_': -0.3580924027916668, '_a7_': -26.333589207362582, '_a0_': 1.0, '_a1_': 1.0, '_a3_': 1.0, '_a5_': 1.0}};{'d0': 0.024905832919606907};-276.475521886363;64.21970576102751
24695;-74.0180551821539;(((_a2_ * _a7_) + ((((_a4_ * _a7_) + x) * x) * _a7_)) * (x * pow2(-((x + -((_a6_ + x)))))));{'d0': {'_a2_': 0.5256917703788286, '_a4_': -0.023690631026089995, '_a6_': -0.3580924027916668, '_a7_': -26.333589207362582, '_a0_': 1.0, '_a1_': 1.0, '_a3_': 1.0, '_a5_': 1.0}};{'d0': 0.024905832919606907};-276.475521886363;64.21970576102751
24696;-74.0180551821539;(((_a2_ * _a7_) + ((((_a4_ * _a7_) + x) * x) * _a7_)) * (x * pow2(-((x + -((_a6_ + x)))))));{'d0': {'_a2_': 0.5256917703788286, '_a4_': -0.023690631026089995, '_a6_': -0.3580924027916668, '_a7_': -26.333589207362582, '_a0_': 1.0, '_a1_': 1.0, '_a3_': 1.0, '_a5_': 1.0}};{'d0': 0.024905832919606907};-276.475521886363;64.21970576102751
24697;-74.0180551821539;(((_a2_ * _a7_) + ((((_a4_ * _a7_) + x) * x) * _a7_)) * (x * pow2(-((x + -((_a6_ + x)))))));{'d0': {'_a2_': 0.5256917703788286, '_a4_': -0.023690631026089995, '_a6_': -0.3580924027916668, '_a7_': -26.333589207362582, '_a0_': 1.0, '_a1_': 1.0, '_a3_': 1.0, '_a5_': 1.0}};{'d0': 0.024905832919606907};-276.475521886363;64.21970576102751
24698;-74.0180551821539;(((_a2_ * _a7_) + ((((_a4_ * _a7_) + x) * x) * _a7_)) * (x * pow2(-((x + -((_a6_ + x)))))));{'d0': {'_a2_': 0.5256917703788286, '_a4_': -0.023690631026089995, '_a6_': -0.3580924027916668, '_a7_': -26.333589207362582, '_a0_': 1.0, '_a1_': 1.0, '_a3_': 1.0, '_a5_': 1.0}};{'d0': 0.024905832919606907};-276.475521886363;64.21970576102751
24699;-74.0180551821539;(((_a2_ * _a7_) + ((((_a4_ * _a7_) + x) * x) * _a7_)) * (x * pow2(-((x + -((_a6_ + x)))))));{'d0': {'_a2_': 0.5256917703788286, '_a4_': -0.023690631026089995, '_a6_': -0.3580924027916668, '_a7_': -26.333589207362582, '_a0_': 1.0, '_a1_': 1.0, '_a3_': 1.0, '_a5_': 1.0}};{'d0': 0.024905832919606907};-276.475521886363;64.21970576102751
24700;-74.0180551821539;(((_a2_ * _a7_) + ((((_a4_ * _a7_) + x) * x) * _a7_)) * (x * pow2(-((x + -((_a6_ + x)))))));{'d0': {'_a2_': 0.5256917703788286, '_a4_': -0.023690631026089995, '_a6_': -0.3580924027916668, '_a7_': -26.333589207362582, '_a0_': 1.0, '_a1_': 1.0, '_a3_': 1.0, '_a5_': 1.0}};{'d0': 0.024905832919606907};-276.475521886363;64.21970576102751
24701;-74.0180551821539;(((_a2_ * _a7_) + ((((_a4_ * _a7_) + x) * x) * _a7_)) * (x * pow2(-((x + -((_a6_ + x)))))));{'d0': {'_a2_': 0.5256917703788286, '_a4_': -0.023690631026089995, '_a6_': -0.3580924027916668, '_a7_': -26.333589207362582, '_a0_': 1.0, '_a1_': 1.0, '_a3_': 1.0, '_a5_': 1.0}};{'d0': 0.024905832919606907};-276.475521886363;64.21970576102751
24702;-74.0180551821539;(((_a2_ * _a7_) + ((((_a4_ * _a7_) + x) * x) * _a7_)) * (x * pow2(-((x + -((_a6_ + x)))))));{'d0': {'_a2_': 0.5256917703788286, '_a4_': -0.023690631026089995, '_a6_': -0.3580924027916668, '_a7_': -26.333589207362582, '_a0_': 1.0, '_a1_': 1.0, '_a3_': 1.0, '_a5_': 1.0}};{'d0': 0.024905832919606907};-276.475521886363;64.21970576102751
24703;-66.8044711158195;(((_a2_ * (_a4_ * _a3_)) + ((((_a4_ * _a7_) + x) * x) * _a7_)) * (x * pow2(-((x + -((_a6_ + x)))))));{'d0': {'_a2_': 10.983975469963532, '_a3_': 22.13882508422885, '_a4_': -0.03672415829463011, '_a6_': -0.44584378569084454, '_a7_': -16.98771004640973, '_a0_': 1.0, '_a1_': 1.0, '_a5_': 1.0}};{'d0': 0.024905832920271313};-272.381177322540;69.38611754545052
24704;-66.8044711158195;(((_a2_ * (_a4_ * _a3_)) + ((((_a4_ * _a7_) + x) * x) * _a7_)) * (x * pow2(-((x + -((_a6_ + x)))))));{'d0': {'_a2_': 10.983975469963532, '_a3_': 22.13882508422885, '_a4_': -0.03672415829463011, '_a6_': -0.44584378569084454, '_a7_': -16.98771004640973, '_a0_': 1.0, '_a1_': 1.0, '_a5_': 1.0}};{'d0': 0.024905832920271313};-272.381177322540;69.38611754545052
24705;-66.8044711158195;(((_a2_ * (_a4_ * _a3_)) + ((((_a4_ * _a7_) + x) * x) * _a7_)) * (x * pow2(-((x + -((_a6_ + x)))))));{'d0': {'_a2_': 10.983975469963532, '_a3_': 22.13882508422885, '_a4_': -0.03672415829463011, '_a6_': -0.44584378569084454, '_a7_': -16.98771004640973, '_a0_': 1.0, '_a1_': 1.0, '_a5_': 1.0}};{'d0': 0.024905832920271313};-272.381177322540;69.38611754545052
24706;-66.8044711158195;(((_a2_ * (_a4_ * _a3_)) + ((((_a4_ * _a7_) + x) * x) * _a7_)) * (x * pow2(-((x + -((_a6_ + x)))))));{'d0': {'_a2_': 10.983975469963532, '_a3_': 22.13882508422885, '_a4_': -0.03672415829463011, '_a6_': -0.44584378569084454, '_a7_': -16.98771004640973, '_a0_': 1.0, '_a1_': 1.0, '_a5_': 1.0}};{'d0': 0.024905832920271313};-272.381177322540;69.38611754545052
24707;-71.9708828967591;(((_a2_ * _a5_) + ((((_a4_ * _a7_) + x) * x) * _a7_)) * (x * pow2(-((x + -((_a6_ + x)))))));{'d0': {'_a2_': 4.822149267039031, '_a4_': -0.09704542667752182, '_a5_': -0.7008127077034356, '_a6_': -0.7247602217918266, '_a7_': -6.428526768517419, '_a0_': 1.0, '_a1_': 1.0, '_a3_': 1.0}};{'d0': 0.024905832923163226};-272.381177315574;64.21970576102751
24708;-71.9708828967591;(((_a2_ * _a5_) + ((((_a4_ * _a7_) + x) * x) * _a7_)) * (x * pow2(-((x + -((_a6_ + x)))))));{'d0': {'_a2_': 4.822149267039031, '_a4_': -0.09704542667752182, '_a5_': -0.7008127077034356, '_a6_': -0.7247602217918266, '_a7_': -6.428526768517419, '_a0_': 1.0, '_a1_': 1.0, '_a3_': 1.0}};{'d0': 0.024905832923163226};-272.381177315574;64.21970576102751
24709;-71.9708828967591;(((_a2_ * _a5_) + ((((_a4_ * _a7_) + x) * x) * _a7_)) * (x * pow2(-((x + -((_a6_ + x)))))));{'d0': {'_a2_': 4.822149267039031, '_a4_': -0.09704542667752182, '_a5_': -0.7008127077034356, '_a6_': -0.7247602217918266, '_a7_': -6.428526768517419, '_a0_': 1.0, '_a1_': 1.0, '_a3_': 1.0}};{'d0': 0.024905832923163226};-272.381177315574;64.21970576102751
24710;-71.9708828967591;(((_a2_ * _a5_) + ((((_a4_ * _a7_) + x) * x) * _a7_)) * (x * pow2(-((x + -((_a6_ + x)))))));{'d0': {'_a2_': 4.822149267039031, '_a4_': -0.09704542667752182, '_a5_': -0.7008127077034356, '_a6_': -0.7247602217918266, '_a7_': -6.428526768517419, '_a0_': 1.0, '_a1_': 1.0, '_a3_': 1.0}};{'d0': 0.024905832923163226};-272.381177315574;64.21970576102751
24711;-71.9708828967591;(((_a2_ * _a5_) + ((((_a4_ * _a7_) + x) * x) * _a7_)) * (x * pow2(-((x + -((_a6_ + x)))))));{'d0': {'_a2_': 4.822149267039031, '_a4_': -0.09704542667752182, '_a5_': -0.7008127077034356, '_a6_': -0.7247602217918266, '_a7_': -6.428526768517419, '_a0_': 1.0, '_a1_': 1.0, '_a3_': 1.0}};{'d0': 0.024905832923163226};-272.381177315574;64.21970576102751
24712;-71.9708828967591;(((_a2_ * _a5_) + ((((_a4_ * _a7_) + x) * x) * _a7_)) * (x * pow2(-((x + -((_a6_ + x)))))));{'d0': {'_a2_': 4.822149267039031, '_a4_': -0.09704542667752182, '_a5_': -0.7008127077034356, '_a6_': -0.7247602217918266, '_a7_': -6.428526768517419, '_a0_': 1.0, '_a1_': 1.0, '_a3_': 1.0}};{'d0': 0.024905832923163226};-272.381177315574;64.21970576102751
24713;-71.9708828967591;(((_a2_ * _a5_) + ((((_a4_ * _a7_) + x) * x) * _a7_)) * (x * pow2(-((x + -((_a6_ + x)))))));{'d0': {'_a2_': 4.822149267039031, '_a4_': -0.09704542667752182, '_a5_': -0.7008127077034356, '_a6_': -0.7247602217918266, '_a7_': -6.428526768517419, '_a0_': 1.0, '_a1_': 1.0, '_a3_': 1.0}};{'d0': 0.024905832923163226};-272.381177315574;64.21970576102751
24714;-77.0649373992821;(((_a2_ * _a5_) + (((_a4_ + x) * x) * _a7_)) * (x * pow2(-((x + -((_a6_ + x)))))));{'d0': {'_a2_': 5.387482766307954, '_a4_': 0.6238594156163337, '_a5_': -0.620591474767511, '_a6_': -0.7286515361232412, '_a7_': -6.36005011750695, '_a0_': 1.0, '_a1_': 1.0, '_a3_': 1.0}};{'d0': 0.024905832919492096};-272.381177324418;59.12565126292651
24715;-77.0649373992821;(((_a2_ * _a5_) + (((_a4_ + x) * x) * _a7_)) * (x * pow2(-((x + -((_a6_ + x)))))));{'d0': {'_a2_': 5.387482766307954, '_a4_': 0.6238594156163337, '_a5_': -0.620591474767511, '_a6_': -0.7286515361232412, '_a7_': -6.36005011750695, '_a0_': 1.0, '_a1_': 1.0, '_a3_': 1.0}};{'d0': 0.024905832919492096};-272.381177324418;59.12565126292651
24716;-77.0649373992821;(((_a2_ * _a5_) + (((_a4_ + x) * x) * _a7_)) * (x * pow2(-((x + -((_a6_ + x)))))));{'d0': {'_a2_': 5.387482766307954, '_a4_': 0.6238594156163337, '_a5_': -0.620591474767511, '_a6_': -0.7286515361232412, '_a7_': -6.36005011750695, '_a0_': 1.0, '_a1_': 1.0, '_a3_': 1.0}};{'d0': 0.024905832919492096};-272.381177324418;59.12565126292651
24717;-77.0649373992821;(((_a2_ * _a5_) + (((_a4_ + x) * x) * _a7_)) * (x * pow2(-((x + -((_a6_ + x)))))));{'d0': {'_a2_': 5.387482766307954, '_a4_': 0.6238594156163337, '_a5_': -0.620591474767511, '_a6_': -0.7286515361232412, '_a7_': -6.36005011750695, '_a0_': 1.0, '_a1_': 1.0, '_a3_': 1.0}};{'d0': 0.024905832919492096};-272.381177324418;59.12565126292651
24718;-77.0649373992821;(((_a2_ * _a5_) + (((_a4_ + x) * x) * _a7_)) * (x * pow2(-((x + -((_a6_ + x)))))));{'d0': {'_a2_': 5.387482766307954, '_a4_': 0.6238594156163337, '_a5_': -0.620591474767511, '_a6_': -0.7286515361232412, '_a7_': -6.36005011750695, '_a0_': 1.0, '_a1_': 1.0, '_a3_': 1.0}};{'d0': 0.024905832919492096};-272.381177324418;59.12565126292651
24719;-77.0649373992821;(((_a2_ * _a5_) + (((_a4_ + x) * x) * _a7_)) * (x * pow2(-((x + -((_a6_ + x)))))));{'d0': {'_a2_': 5.387482766307954, '_a4_': 0.6238594156163337, '_a5_': -0.620591474767511, '_a6_': -0.7286515361232412, '_a7_': -6.36005011750695, '_a0_': 1.0, '_a1_': 1.0, '_a3_': 1.0}};{'d0': 0.024905832919492096};-272.381177324418;59.12565126292651
24720;-77.0649373992821;(((_a2_ * _a5_) + (((_a4_ + x) * x) * _a7_)) * (x * pow2(-((x + -((_a6_ + x)))))));{'d0': {'_a2_': 5.387482766307954, '_a4_': 0.6238594156163337, '_a5_': -0.620591474767511, '_a6_': -0.7286515361232412, '_a7_': -6.36005011750695, '_a0_': 1.0, '_a1_': 1.0, '_a3_': 1.0}};{'d0': 0.024905832919492096};-272.381177324418;59.12565126292651
24721;-77.0649373992821;(((_a2_ * _a5_) + (((_a4_ + x) * x) * _a7_)) * (x * pow2(-((x + -((_a6_ + x)))))));{'d0': {'_a2_': 5.387482766307954, '_a4_': 0.6238594156163337, '_a5_': -0.620591474767511, '_a6_': -0.7286515361232412, '_a7_': -6.36005011750695, '_a0_': 1.0, '_a1_': 1.0, '_a3_': 1.0}};{'d0': 0.024905832919492096};-272.381177324418;59.12565126292651
24722;-77.0649373992821;(((_a2_ * _a5_) + (((_a4_ + x) * x) * _a7_)) * (x * pow2(-((x + -((_a6_ + x)))))));{'d0': {'_a2_': 5.387482766307954, '_a4_': 0.6238594156163337, '_a5_': -0.620591474767511, '_a6_': -0.7286515361232412, '_a7_': -6.36005011750695, '_a0_': 1.0, '_a1_': 1.0, '_a3_': 1.0}};{'d0': 0.024905832919492096};-272.381177324418;59.12565126292651
24723;-77.0649373992821;(((_a2_ * _a5_) + (((_a4_ + x) * x) * _a7_)) * (x * pow2(-((x + -((_a6_ + x)))))));{'d0': {'_a2_': 5.387482766307954, '_a4_': 0.6238594156163337, '_a5_': -0.620591474767511, '_a6_': -0.7286515361232412, '_a7_': -6.36005011750695, '_a0_': 1.0, '_a1_': 1.0, '_a3_': 1.0}};{'d0': 0.024905832919492096};-272.381177324418;59.12565126292651
24724;-77.0649373992821;(((_a2_ * _a5_) + (((_a4_ + x) * x) * _a7_)) * (x * pow2(-((x + -((_a6_ + x)))))));{'d0': {'_a2_': 5.387482766307954, '_a4_': 0.6238594156163337, '_a5_': -0.620591474767511, '_a6_': -0.7286515361232412, '_a7_': -6.36005011750695, '_a0_': 1.0, '_a1_': 1.0, '_a3_': 1.0}};{'d0': 0.024905832919492096};-272.381177324418;59.12565126292651
24725;-77.0649373992821;(((_a2_ * _a5_) + (((_a4_ + x) * x) * _a7_)) * (x * pow2(-((x + -((_a6_ + x)))))));{'d0': {'_a2_': 5.387482766307954, '_a4_': 0.6238594156163337, '_a5_': -0.620591474767511, '_a6_': -0.7286515361232412, '_a7_': -6.36005011750695, '_a0_': 1.0, '_a1_': 1.0, '_a3_': 1.0}};{'d0': 0.024905832919492096};-272.381177324418;59.12565126292651
24726;-77.0649373992821;(((_a2_ * _a5_) + (((_a4_ + x) * x) * _a7_)) * (x * pow2(-((x + -((_a6_ + x)))))));{'d0': {'_a2_': 5.387482766307954, '_a4_': 0.6238594156163337, '_a5_': -0.620591474767511, '_a6_': -0.7286515361232412, '_a7_': -6.36005011750695, '_a0_': 1.0, '_a1_': 1.0, '_a3_': 1.0}};{'d0': 0.024905832919492096};-272.381177324418;59.12565126292651
24727;-77.0649373992821;(((_a2_ * _a5_) + (((_a4_ + x) * x) * _a7_)) * (x * pow2(-((x + -((_a6_ + x)))))));{'d0': {'_a2_': 5.387482766307954, '_a4_': 0.6238594156163337, '_a5_': -0.620591474767511, '_a6_': -0.7286515361232412, '_a7_': -6.36005011750695, '_a0_': 1.0, '_a1_': 1.0, '_a3_': 1.0}};{'d0': 0.024905832919492096};-272.381177324418;59.12565126292651
24728;-77.1529691465708;(((_a2_ * _a5_) + (((_a4_ + x) * x) * _a7_)) * (x * pow2(-((x + -((_a6_ + _a2_)))))));{'d0': {'_a2_': 55.6794458480189, '_a4_': 0.635742252805304, '_a5_': -1.5196669844682965e-06, '_a6_': 89.5018818269865, '_a7_': -0.0001593055153342667, '_a0_': 1.0, '_a1_': 1.0, '_a3_': 1.0}};{'d0': 0.024832856576120776};-272.557240818995;59.12565126292651
24729;-77.1529691465708;(((_a2_ * _a5_) + (((_a4_ + x) * x) * _a7_)) * (x * pow2(-((x + -((_a6_ + _a2_)))))));{'d0': {'_a2_': 55.6794458480189, '_a4_': 0.635742252805304, '_a5_': -1.5196669844682965e-06, '_a6_': 89.5018818269865, '_a7_': -0.0001593055153342667, '_a0_': 1.0, '_a1_': 1.0, '_a3_': 1.0}};{'d0': 0.024832856576120776};-272.557240818995;59.12565126292651
24730;-77.1529691465708;(((_a2_ * _a5_) + (((_a4_ + x) * x) * _a7_)) * (x * pow2(-((x + -((_a6_ + _a2_)))))));{'d0': {'_a2_': 55.6794458480189, '_a4_': 0.635742252805304, '_a5_': -1.5196669844682965e-06, '_a6_': 89.5018818269865, '_a7_': -0.0001593055153342667, '_a0_': 1.0, '_a1_': 1.0, '_a3_': 1.0}};{'d0': 0.024832856576120776};-272.557240818995;59.12565126292651
24731;-77.1529691465708;(((_a2_ * _a5_) + (((_a4_ + x) * x) * _a7_)) * (x * pow2(-((x + -((_a6_ + _a2_)))))));{'d0': {'_a2_': 55.6794458480189, '_a4_': 0.635742252805304, '_a5_': -1.5196669844682965e-06, '_a6_': 89.5018818269865, '_a7_': -0.0001593055153342667, '_a0_': 1.0, '_a1_': 1.0, '_a3_': 1.0}};{'d0': 0.024832856576120776};-272.557240818995;59.12565126292651
24732;-77.1529691465708;(((_a2_ * _a5_) + (((_a4_ + x) * x) * _a7_)) * (x * pow2(-((x + -((_a6_ + _a2_)))))));{'d0': {'_a2_': 55.6794458480189, '_a4_': 0.635742252805304, '_a5_': -1.5196669844682965e-06, '_a6_': 89.5018818269865, '_a7_': -0.0001593055153342667, '_a0_': 1.0, '_a1_': 1.0, '_a3_': 1.0}};{'d0': 0.024832856576120776};-272.557240818995;59.12565126292651
24733;-77.1529691465708;(((_a2_ * _a5_) + (((_a4_ + x) * x) * _a7_)) * (x * pow2(-((x + -((_a6_ + _a2_)))))));{'d0': {'_a2_': 55.6794458480189, '_a4_': 0.635742252805304, '_a5_': -1.5196669844682965e-06, '_a6_': 89.5018818269865, '_a7_': -0.0001593055153342667, '_a0_': 1.0, '_a1_': 1.0, '_a3_': 1.0}};{'d0': 0.024832856576120776};-272.557240818995;59.12565126292651
24734;-77.1529691465708;(((_a2_ * _a5_) + (((_a4_ + x) * x) * _a7_)) * (x * pow2(-((x + -((_a6_ + _a2_)))))));{'d0': {'_a2_': 55.6794458480189, '_a4_': 0.635742252805304, '_a5_': -1.5196669844682965e-06, '_a6_': 89.5018818269865, '_a7_': -0.0001593055153342667, '_a0_': 1.0, '_a1_': 1.0, '_a3_': 1.0}};{'d0': 0.024832856576120776};-272.557240818995;59.12565126292651
24735;-77.1529691465708;(((_a2_ * _a5_) + (((_a4_ + x) * x) * _a7_)) * (x * pow2(-((x + -((_a6_ + _a2_)))))));{'d0': {'_a2_': 55.6794458480189, '_a4_': 0.635742252805304, '_a5_': -1.5196669844682965e-06, '_a6_': 89.5018818269865, '_a7_': -0.0001593055153342667, '_a0_': 1.0, '_a1_': 1.0, '_a3_': 1.0}};{'d0': 0.024832856576120776};-272.557240818995;59.12565126292651
24736;-83.0735645288677;(((_a2_ * _a5_) + (((_a4_ + x) * x) * _a7_)) * (x * pow2(-((x + -(_a3_))))));{'d0': {'_a2_': 56.63883011597517, '_a3_': 144.59751414263016, '_a4_': 0.6357902124874323, '_a5_': -1.5060419888262655e-06, '_a7_': -0.0001605909559727936, '_a0_': 1.0, '_a1_': 1.0, '_a6_': 1.0}};{'d0': 0.024832861266826912};-272.557229485529;53.20505021389651
24737;-83.0735645288677;(((_a2_ * _a5_) + (((_a4_ + x) * x) * _a7_)) * (x * pow2(-((x + -(_a3_))))));{'d0': {'_a2_': 56.63883011597517, '_a3_': 144.59751414263016, '_a4_': 0.6357902124874323, '_a5_': -1.5060419888262655e-06, '_a7_': -0.0001605909559727936, '_a0_': 1.0, '_a1_': 1.0, '_a6_': 1.0}};{'d0': 0.024832861266826912};-272.557229485529;53.20505021389651
24738;-83.0735645288677;(((_a2_ * _a5_) + (((_a4_ + x) * x) * _a7_)) * (x * pow2(-((x + -(_a3_))))));{'d0': {'_a2_': 56.63883011597517, '_a3_': 144.59751414263016, '_a4_': 0.6357902124874323, '_a5_': -1.5060419888262655e-06, '_a7_': -0.0001605909559727936, '_a0_': 1.0, '_a1_': 1.0, '_a6_': 1.0}};{'d0': 0.024832861266826912};-272.557229485529;53.20505021389651
24739;-83.0735645288677;(((_a2_ * _a5_) + (((_a4_ + x) * x) * _a7_)) * (x * pow2(-((x + -(_a3_))))));{'d0': {'_a2_': 56.63883011597517, '_a3_': 144.59751414263016, '_a4_': 0.6357902124874323, '_a5_': -1.5060419888262655e-06, '_a7_': -0.0001605909559727936, '_a0_': 1.0, '_a1_': 1.0, '_a6_': 1.0}};{'d0': 0.024832861266826912};-272.557229485529;53.20505021389651
24740;-83.0735645288677;(((_a2_ * _a5_) + (((_a4_ + x) * x) * _a7_)) * (x * pow2(-((x + -(_a3_))))));{'d0': {'_a2_': 56.63883011597517, '_a3_': 144.59751414263016, '_a4_': 0.6357902124874323, '_a5_': -1.5060419888262655e-06, '_a7_': -0.0001605909559727936, '_a0_': 1.0, '_a1_': 1.0, '_a6_': 1.0}};{'d0': 0.024832861266826912};-272.557229485529;53.20505021389651
24741;-83.0735645288677;(((_a2_ * _a5_) + (((_a4_ + x) * x) * _a7_)) * (x * pow2(-((x + -(_a3_))))));{'d0': {'_a2_': 56.63883011597517, '_a3_': 144.59751414263016, '_a4_': 0.6357902124874323, '_a5_': -1.5060419888262655e-06, '_a7_': -0.0001605909559727936, '_a0_': 1.0, '_a1_': 1.0, '_a6_': 1.0}};{'d0': 0.024832861266826912};-272.557229485529;53.20505021389651
24742;-83.0735645288677;(((_a2_ * _a5_) + (((_a4_ + x) * x) * _a7_)) * (x * pow2(-((x + -(_a3_))))));{'d0': {'_a2_': 56.63883011597517, '_a3_': 144.59751414263016, '_a4_': 0.6357902124874323, '_a5_': -1.5060419888262655e-06, '_a7_': -0.0001605909559727936, '_a0_': 1.0, '_a1_': 1.0, '_a6_': 1.0}};{'d0': 0.024832861266826912};-272.557229485529;53.20505021389651
24743;-82.9855384223666;(((_a2_ * _a5_) + (((_a4_ + x) * x) * _a7_)) * (x * pow2(-((_a7_ + -(_a3_))))));{'d0': {'_a2_': 57.70588456617331, '_a3_': 144.76165442057032, '_a4_': 0.6238594155061352, '_a5_': -1.4679223389770964e-06, '_a7_': -0.00016113585077367787, '_a0_': 1.0, '_a1_': 1.0, '_a6_': 1.0}};{'d0': 0.02490583294103195};-272.381177272526;53.20505021389651
24744;-82.9855384223666;(((_a2_ * _a5_) + (((_a4_ + x) * x) * _a7_)) * (x * pow2(-((_a7_ + -(_a3_))))));{'d0': {'_a2_': 57.70588456617331, '_a3_': 144.76165442057032, '_a4_': 0.6238594155061352, '_a5_': -1.4679223389770964e-06, '_a7_': -0.00016113585077367787, '_a0_': 1.0, '_a1_': 1.0, '_a6_': 1.0}};{'d0': 0.02490583294103195};-272.381177272526;53.20505021389651
24745;-82.9855384223666;(((_a2_ * _a5_) + (((_a4_ + x) * x) * _a7_)) * (x * pow2(-((_a7_ + -(_a3_))))));{'d0': {'_a2_': 57.70588456617331, '_a3_': 144.76165442057032, '_a4_': 0.6238594155061352, '_a5_': -1.4679223389770964e-06, '_a7_': -0.00016113585077367787, '_a0_': 1.0, '_a1_': 1.0, '_a6_': 1.0}};{'d0': 0.02490583294103195};-272.381177272526;53.20505021389651
24746;-82.9855384223666;(((_a2_ * _a5_) + (((_a4_ + x) * x) * _a7_)) * (x * pow2(-((_a7_ + -(_a3_))))));{'d0': {'_a2_': 57.70588456617331, '_a3_': 144.76165442057032, '_a4_': 0.6238594155061352, '_a5_': -1.4679223389770964e-06, '_a7_': -0.00016113585077367787, '_a0_': 1.0, '_a1_': 1.0, '_a6_': 1.0}};{'d0': 0.02490583294103195};-272.381177272526;53.20505021389651
24747;-82.9855384223666;(((_a2_ * _a5_) + (((_a4_ + x) * x) * _a7_)) * (x * pow2(-((_a7_ + -(_a3_))))));{'d0': {'_a2_': 57.70588456617331, '_a3_': 144.76165442057032, '_a4_': 0.6238594155061352, '_a5_': -1.4679223389770964e-06, '_a7_': -0.00016113585077367787, '_a0_': 1.0, '_a1_': 1.0, '_a6_': 1.0}};{'d0': 0.02490583294103195};-272.381177272526;53.20505021389651
24748;-82.9855384223666;(((_a2_ * _a5_) + (((_a4_ + x) * x) * _a7_)) * (x * pow2(-((_a7_ + -(_a3_))))));{'d0': {'_a2_': 57.70588456617331, '_a3_': 144.76165442057032, '_a4_': 0.6238594155061352, '_a5_': -1.4679223389770964e-06, '_a7_': -0.00016113585077367787, '_a0_': 1.0, '_a1_': 1.0, '_a6_': 1.0}};{'d0': 0.02490583294103195};-272.381177272526;53.20505021389651
24749;-82.9855384223666;(((_a2_ * _a5_) + (((_a4_ + x) * x) * _a7_)) * (x * pow2(-((_a7_ + -(_a3_))))));{'d0': {'_a2_': 57.70588456617331, '_a3_': 144.76165442057032, '_a4_': 0.6238594155061352, '_a5_': -1.4679223389770964e-06, '_a7_': -0.00016113585077367787, '_a0_': 1.0, '_a1_': 1.0, '_a6_': 1.0}};{'d0': 0.02490583294103195};-272.381177272526;53.20505021389651
24750;-82.9855384223666;(((_a2_ * _a5_) + (((_a4_ + x) * x) * _a7_)) * (x * pow2(-((_a7_ + -(_a3_))))));{'d0': {'_a2_': 57.70588456617331, '_a3_': 144.76165442057032, '_a4_': 0.6238594155061352, '_a5_': -1.4679223389770964e-06, '_a7_': -0.00016113585077367787, '_a0_': 1.0, '_a1_': 1.0, '_a6_': 1.0}};{'d0': 0.02490583294103195};-272.381177272526;53.20505021389651
24751;-82.9855384223666;(((_a2_ * _a5_) + (((_a4_ + x) * x) * _a7_)) * (x * pow2(-((_a7_ + -(_a3_))))));{'d0': {'_a2_': 57.70588456617331, '_a3_': 144.76165442057032, '_a4_': 0.6238594155061352, '_a5_': -1.4679223389770964e-06, '_a7_': -0.00016113585077367787, '_a0_': 1.0, '_a1_': 1.0, '_a6_': 1.0}};{'d0': 0.02490583294103195};-272.381177272526;53.20505021389651
24752;-82.9855384223666;(((_a2_ * _a5_) + (((_a4_ + x) * x) * _a7_)) * (x * pow2(-((_a7_ + -(_a3_))))));{'d0': {'_a2_': 57.70588456617331, '_a3_': 144.76165442057032, '_a4_': 0.6238594155061352, '_a5_': -1.4679223389770964e-06, '_a7_': -0.00016113585077367787, '_a0_': 1.0, '_a1_': 1.0, '_a6_': 1.0}};{'d0': 0.02490583294103195};-272.381177272526;53.20505021389651
24753;-85.0327107246505;(((_a2_ * _a5_) + (((_a4_ + x) * x) * _a7_)) * (x * pow2(-((_a7_ + -(_a4_))))));{'d0': {'_a2_': 4750.893999467882, '_a4_': 0.6238594157298984, '_a5_': -0.00012346268329333754, '_a7_': -1.1157836656031777, '_a0_': 1.0, '_a1_': 1.0, '_a3_': 1.0, '_a6_': 1.0}};{'d0': 0.02490583292345438};-276.475521877094;53.20505021389651
24754;-85.0327107246505;(((_a2_ * _a5_) + (((_a4_ + x) * x) * _a7_)) * (x * pow2(-((_a7_ + -(_a4_))))));{'d0': {'_a2_': 4750.893999467882, '_a4_': 0.6238594157298984, '_a5_': -0.00012346268329333754, '_a7_': -1.1157836656031777, '_a0_': 1.0, '_a1_': 1.0, '_a3_': 1.0, '_a6_': 1.0}};{'d0': 0.02490583292345438};-276.475521877094;53.20505021389651
24755;-85.0327107246505;(((_a2_ * _a5_) + (((_a4_ + x) * x) * _a7_)) * (x * pow2(-((_a7_ + -(_a4_))))));{'d0': {'_a2_': 4750.893999467882, '_a4_': 0.6238594157298984, '_a5_': -0.00012346268329333754, '_a7_': -1.1157836656031777, '_a0_': 1.0, '_a1_': 1.0, '_a3_': 1.0, '_a6_': 1.0}};{'d0': 0.02490583292345438};-276.475521877094;53.20505021389651
24756;-85.0327107246505;(((_a2_ * _a5_) + (((_a4_ + x) * x) * _a7_)) * (x * pow2(-((_a7_ + -(_a4_))))));{'d0': {'_a2_': 4750.893999467882, '_a4_': 0.6238594157298984, '_a5_': -0.00012346268329333754, '_a7_': -1.1157836656031777, '_a0_': 1.0, '_a1_': 1.0, '_a3_': 1.0, '_a6_': 1.0}};{'d0': 0.02490583292345438};-276.475521877094;53.20505021389651
24757;-85.0327107246505;(((_a2_ * _a5_) + (((_a4_ + x) * x) * _a7_)) * (x * pow2(-((_a7_ + -(_a4_))))));{'d0': {'_a2_': 4750.893999467882, '_a4_': 0.6238594157298984, '_a5_': -0.00012346268329333754, '_a7_': -1.1157836656031777, '_a0_': 1.0, '_a1_': 1.0, '_a3_': 1.0, '_a6_': 1.0}};{'d0': 0.02490583292345438};-276.475521877094;53.20505021389651
24758;-85.0327107246505;(((_a2_ * _a5_) + (((_a4_ + x) * x) * _a7_)) * (x * pow2(-((_a7_ + -(_a4_))))));{'d0': {'_a2_': 4750.893999467882, '_a4_': 0.6238594157298984, '_a5_': -0.00012346268329333754, '_a7_': -1.1157836656031777, '_a0_': 1.0, '_a1_': 1.0, '_a3_': 1.0, '_a6_': 1.0}};{'d0': 0.02490583292345438};-276.475521877094;53.20505021389651
24759;-92.1015802224041;((_a3_ + (((_a4_ + x) * x) * _a7_)) * (x * pow2(-((_a7_ + -(_a4_))))));{'d0': {'_a3_': -0.5865582905011903, '_a4_': 0.6238594155705959, '_a7_': -1.1157836656452729, '_a0_': 1.0, '_a1_': 1.0, '_a2_': 1.0, '_a5_': 1.0, '_a6_': 1.0}};{'d0': 0.024905832919416646};-280.569866449044;48.183353002117514
24760;-92.1015802224041;((_a3_ + (((_a4_ + x) * x) * _a7_)) * (x * pow2(-((_a7_ + -(_a4_))))));{'d0': {'_a3_': -0.5865582905011903, '_a4_': 0.6238594155705959, '_a7_': -1.1157836656452729, '_a0_': 1.0, '_a1_': 1.0, '_a2_': 1.0, '_a5_': 1.0, '_a6_': 1.0}};{'d0': 0.024905832919416646};-280.569866449044;48.183353002117514
24761;-92.1015802224041;((_a3_ + (((_a4_ + x) * x) * _a7_)) * (x * pow2(-((_a7_ + -(_a4_))))));{'d0': {'_a3_': -0.5865582905011903, '_a4_': 0.6238594155705959, '_a7_': -1.1157836656452729, '_a0_': 1.0, '_a1_': 1.0, '_a2_': 1.0, '_a5_': 1.0, '_a6_': 1.0}};{'d0': 0.024905832919416646};-280.569866449044;48.183353002117514
24762;-92.1015802224041;((_a3_ + (((_a4_ + x) * x) * _a7_)) * (x * pow2(-((_a7_ + -(_a4_))))));{'d0': {'_a3_': -0.5865582905011903, '_a4_': 0.6238594155705959, '_a7_': -1.1157836656452729, '_a0_': 1.0, '_a1_': 1.0, '_a2_': 1.0, '_a5_': 1.0, '_a6_': 1.0}};{'d0': 0.024905832919416646};-280.569866449044;48.183353002117514
24763;-92.1015802224041;((_a3_ + (((_a4_ + x) * x) * _a7_)) * (x * pow2(-((_a7_ + -(_a4_))))));{'d0': {'_a3_': -0.5865582905011903, '_a4_': 0.6238594155705959, '_a7_': -1.1157836656452729, '_a0_': 1.0, '_a1_': 1.0, '_a2_': 1.0, '_a5_': 1.0, '_a6_': 1.0}};{'d0': 0.024905832919416646};-280.569866449044;48.183353002117514
24764;-92.1015802224041;((_a3_ + (((_a4_ + x) * x) * _a7_)) * (x * pow2(-((_a7_ + -(_a4_))))));{'d0': {'_a3_': -0.5865582905011903, '_a4_': 0.6238594155705959, '_a7_': -1.1157836656452729, '_a0_': 1.0, '_a1_': 1.0, '_a2_': 1.0, '_a5_': 1.0, '_a6_': 1.0}};{'d0': 0.024905832919416646};-280.569866449044;48.183353002117514
24765;-92.1015802224041;((_a3_ + (((_a4_ + x) * x) * _a7_)) * (x * pow2(-((_a7_ + -(_a4_))))));{'d0': {'_a3_': -0.5865582905011903, '_a4_': 0.6238594155705959, '_a7_': -1.1157836656452729, '_a0_': 1.0, '_a1_': 1.0, '_a2_': 1.0, '_a5_': 1.0, '_a6_': 1.0}};{'d0': 0.024905832919416646};-280.569866449044;48.183353002117514
24766;-92.1015802224041;((_a3_ + (((_a4_ + x) * x) * _a7_)) * (x * pow2(-((_a7_ + -(_a4_))))));{'d0': {'_a3_': -0.5865582905011903, '_a4_': 0.6238594155705959, '_a7_': -1.1157836656452729, '_a0_': 1.0, '_a1_': 1.0, '_a2_': 1.0, '_a5_': 1.0, '_a6_': 1.0}};{'d0': 0.024905832919416646};-280.569866449044;48.183353002117514
24767;-92.1015802224041;((_a3_ + (((_a4_ + x) * x) * _a7_)) * (x * pow2(-((_a7_ + -(_a4_))))));{'d0': {'_a3_': -0.5865582905011903, '_a4_': 0.6238594155705959, '_a7_': -1.1157836656452729, '_a0_': 1.0, '_a1_': 1.0, '_a2_': 1.0, '_a5_': 1.0, '_a6_': 1.0}};{'d0': 0.024905832919416646};-280.569866449044;48.183353002117514
24768;-92.1015802224041;((_a3_ + (((_a4_ + x) * x) * _a7_)) * (x * pow2(-((_a7_ + -(_a4_))))));{'d0': {'_a3_': -0.5865582905011903, '_a4_': 0.6238594155705959, '_a7_': -1.1157836656452729, '_a0_': 1.0, '_a1_': 1.0, '_a2_': 1.0, '_a5_': 1.0, '_a6_': 1.0}};{'d0': 0.024905832919416646};-280.569866449044;48.183353002117514
24769;-92.1015802224041;((_a3_ + (((_a4_ + x) * x) * _a7_)) * (x * pow2(-((_a7_ + -(_a4_))))));{'d0': {'_a3_': -0.5865582905011903, '_a4_': 0.6238594155705959, '_a7_': -1.1157836656452729, '_a0_': 1.0, '_a1_': 1.0, '_a2_': 1.0, '_a5_': 1.0, '_a6_': 1.0}};{'d0': 0.024905832919416646};-280.569866449044;48.183353002117514
24770;-92.1015802224041;((_a3_ + (((_a4_ + x) * x) * _a7_)) * (x * pow2(-((_a7_ + -(_a4_))))));{'d0': {'_a3_': -0.5865582905011903, '_a4_': 0.6238594155705959, '_a7_': -1.1157836656452729, '_a0_': 1.0, '_a1_': 1.0, '_a2_': 1.0, '_a5_': 1.0, '_a6_': 1.0}};{'d0': 0.024905832919416646};-280.569866449044;48.183353002117514
24771;-92.1015802224041;((_a3_ + (((_a4_ + x) * x) * _a7_)) * (x * pow2(-((_a7_ + -(_a4_))))));{'d0': {'_a3_': -0.5865582905011903, '_a4_': 0.6238594155705959, '_a7_': -1.1157836656452729, '_a0_': 1.0, '_a1_': 1.0, '_a2_': 1.0, '_a5_': 1.0, '_a6_': 1.0}};{'d0': 0.024905832919416646};-280.569866449044;48.183353002117514
24772;-92.1015802224041;((_a3_ + (((_a4_ + x) * x) * _a7_)) * (x * pow2(-((_a7_ + -(_a4_))))));{'d0': {'_a3_': -0.5865582905011903, '_a4_': 0.6238594155705959, '_a7_': -1.1157836656452729, '_a0_': 1.0, '_a1_': 1.0, '_a2_': 1.0, '_a5_': 1.0, '_a6_': 1.0}};{'d0': 0.024905832919416646};-280.569866449044;48.183353002117514
24773;-92.1015802224041;((_a3_ + (((_a4_ + x) * x) * _a7_)) * (x * pow2(-((_a7_ + -(_a4_))))));{'d0': {'_a3_': -0.5865582905011903, '_a4_': 0.6238594155705959, '_a7_': -1.1157836656452729, '_a0_': 1.0, '_a1_': 1.0, '_a2_': 1.0, '_a5_': 1.0, '_a6_': 1.0}};{'d0': 0.024905832919416646};-280.569866449044;48.183353002117514
24774;-92.1015802224041;((_a3_ + (((_a4_ + x) * x) * _a7_)) * (x * pow2(-((_a7_ + -(_a4_))))));{'d0': {'_a3_': -0.5865582905011903, '_a4_': 0.6238594155705959, '_a7_': -1.1157836656452729, '_a0_': 1.0, '_a1_': 1.0, '_a2_': 1.0, '_a5_': 1.0, '_a6_': 1.0}};{'d0': 0.024905832919416646};-280.569866449044;48.183353002117514
24775;-92.1015802224041;((_a3_ + (((_a4_ + x) * x) * _a7_)) * (x * pow2(-((_a7_ + -(_a4_))))));{'d0': {'_a3_': -0.5865582905011903, '_a4_': 0.6238594155705959, '_a7_': -1.1157836656452729, '_a0_': 1.0, '_a1_': 1.0, '_a2_': 1.0, '_a5_': 1.0, '_a6_': 1.0}};{'d0': 0.024905832919416646};-280.569866449044;48.183353002117514
24776;-92.1015802224041;((_a3_ + (((_a4_ + x) * x) * _a7_)) * (x * pow2(-((_a7_ + -(_a4_))))));{'d0': {'_a3_': -0.5865582905011903, '_a4_': 0.6238594155705959, '_a7_': -1.1157836656452729, '_a0_': 1.0, '_a1_': 1.0, '_a2_': 1.0, '_a5_': 1.0, '_a6_': 1.0}};{'d0': 0.024905832919416646};-280.569866449044;48.183353002117514
24777;-95.7820324606652;((_a3_ + (((_a4_ + x) * x) * _a7_)) * (x * pow2(-((_a7_ + _a7_)))));{'d0': {'_a3_': -0.4968339715418425, '_a4_': 0.6238594156201464, '_a7_': -0.9451050973338976, '_a0_': 1.0, '_a1_': 1.0, '_a2_': 1.0, '_a5_': 1.0, '_a6_': 1.0}};{'d0': 0.024905832919416688};-280.569866449043;44.502900763856346
24778;-95.7820324606652;((_a3_ + (((_a4_ + x) * x) * _a7_)) * (x * pow2(-((_a7_ + _a7_)))));{'d0': {'_a3_': -0.4968339715418425, '_a4_': 0.6238594156201464, '_a7_': -0.9451050973338976, '_a0_': 1.0, '_a1_': 1.0, '_a2_': 1.0, '_a5_': 1.0, '_a6_': 1.0}};{'d0': 0.024905832919416688};-280.569866449043;44.502900763856346
24779;-95.7820324606652;((_a3_ + (((_a4_ + x) * x) * _a7_)) * (x * pow2(-((_a7_ + _a7_)))));{'d0': {'_a3_': -0.4968339715418425, '_a4_': 0.6238594156201464, '_a7_': -0.9451050973338976, '_a0_': 1.0, '_a1_': 1.0, '_a2_': 1.0, '_a5_': 1.0, '_a6_': 1.0}};{'d0': 0.024905832919416688};-280.569866449043;44.502900763856346
24780;-95.7820324606652;((_a3_ + (((_a4_ + x) * x) * _a7_)) * (x * pow2(-((_a7_ + _a7_)))));{'d0': {'_a3_': -0.4968339715418425, '_a4_': 0.6238594156201464, '_a7_': -0.9451050973338976, '_a0_': 1.0, '_a1_': 1.0, '_a2_': 1.0, '_a5_': 1.0, '_a6_': 1.0}};{'d0': 0.024905832919416688};-280.569866449043;44.502900763856346
24781;-95.7820324606652;((_a3_ + (((_a4_ + x) * x) * _a7_)) * (x * pow2(-((_a7_ + _a7_)))));{'d0': {'_a3_': -0.4968339715418425, '_a4_': 0.6238594156201464, '_a7_': -0.9451050973338976, '_a0_': 1.0, '_a1_': 1.0, '_a2_': 1.0, '_a5_': 1.0, '_a6_': 1.0}};{'d0': 0.024905832919416688};-280.569866449043;44.502900763856346
24782;-95.7820324606652;((_a3_ + (((_a4_ + x) * x) * _a7_)) * (x * pow2(-((_a7_ + _a7_)))));{'d0': {'_a3_': -0.4968339715418425, '_a4_': 0.6238594156201464, '_a7_': -0.9451050973338976, '_a0_': 1.0, '_a1_': 1.0, '_a2_': 1.0, '_a5_': 1.0, '_a6_': 1.0}};{'d0': 0.024905832919416688};-280.569866449043;44.502900763856346
24783;-102.584377140793;(x * ((x * (exp(cos(_a0_)) + (_a5_ * x))) + _a1_));{'d0': {'_a0_': -0.7301315070963523, '_a1_': 1.7751354044090857, '_a5_': 3.3767608766308648, '_a2_': 1.0, '_a3_': 1.0, '_a4_': 1.0, '_a6_': 1.0, '_a7_': 1.0}};{'d0': 0.02490583291941662};-280.569866449044;37.700556083729026
24784;-102.584377140793;(x * ((x * (exp(cos(_a0_)) + (_a5_ * x))) + _a1_));{'d0': {'_a0_': -0.7301315070963523, '_a1_': 1.7751354044090857, '_a5_': 3.3767608766308648, '_a2_': 1.0, '_a3_': 1.0, '_a4_': 1.0, '_a6_': 1.0, '_a7_': 1.0}};{'d0': 0.02490583291941662};-280.569866449044;37.700556083729026
24785;-102.584377140793;(x * ((x * (exp(cos(_a0_)) + (_a5_ * x))) + _a1_));{'d0': {'_a0_': -0.7301315070963523, '_a1_': 1.7751354044090857, '_a5_': 3.3767608766308648, '_a2_': 1.0, '_a3_': 1.0, '_a4_': 1.0, '_a6_': 1.0, '_a7_': 1.0}};{'d0': 0.02490583291941662};-280.569866449044;37.700556083729026
24786;-102.584377140793;(x * ((x * (exp(cos(_a0_)) + (_a5_ * x))) + _a1_));{'d0': {'_a0_': -0.7301315070963523, '_a1_': 1.7751354044090857, '_a5_': 3.3767608766308648, '_a2_': 1.0, '_a3_': 1.0, '_a4_': 1.0, '_a6_': 1.0, '_a7_': 1.0}};{'d0': 0.02490583291941662};-280.569866449044;37.700556083729026
24787;-102.584377140793;(x * ((x * (exp(cos(_a0_)) + (_a5_ * x))) + _a1_));{'d0': {'_a0_': -0.7301315070963523, '_a1_': 1.7751354044090857, '_a5_': 3.3767608766308648, '_a2_': 1.0, '_a3_': 1.0, '_a4_': 1.0, '_a6_': 1.0, '_a7_': 1.0}};{'d0': 0.02490583291941662};-280.569866449044;37.700556083729026
24788;-102.584377140793;(x * ((x * (exp(cos(_a0_)) + (_a5_ * x))) + _a1_));{'d0': {'_a0_': -0.7301315070963523, '_a1_': 1.7751354044090857, '_a5_': 3.3767608766308648, '_a2_': 1.0, '_a3_': 1.0, '_a4_': 1.0, '_a6_': 1.0, '_a7_': 1.0}};{'d0': 0.02490583291941662};-280.569866449044;37.700556083729026
24789;-102.584377140793;(x * ((x * (exp(cos(_a0_)) + (_a5_ * x))) + _a1_));{'d0': {'_a0_': -0.7301315070963523, '_a1_': 1.7751354044090857, '_a5_': 3.3767608766308648, '_a2_': 1.0, '_a3_': 1.0, '_a4_': 1.0, '_a6_': 1.0, '_a7_': 1.0}};{'d0': 0.02490583291941662};-280.569866449044;37.700556083729026
24790;-102.584377140793;(x * ((x * (exp(cos(_a0_)) + (_a5_ * x))) + _a1_));{'d0': {'_a0_': -0.7301315070963523, '_a1_': 1.7751354044090857, '_a5_': 3.3767608766308648, '_a2_': 1.0, '_a3_': 1.0, '_a4_': 1.0, '_a6_': 1.0, '_a7_': 1.0}};{'d0': 0.02490583291941662};-280.569866449044;37.700556083729026
24791;-102.584377140793;(x * ((x * (exp(cos(_a0_)) + (_a5_ * x))) + _a1_));{'d0': {'_a0_': -0.7301315070963523, '_a1_': 1.7751354044090857, '_a5_': 3.3767608766308648, '_a2_': 1.0, '_a3_': 1.0, '_a4_': 1.0, '_a6_': 1.0, '_a7_': 1.0}};{'d0': 0.02490583291941662};-280.569866449044;37.700556083729026
24792;-102.584377140793;(x * ((x * (exp(cos(_a0_)) + (_a5_ * x))) + _a1_));{'d0': {'_a0_': -0.7301315070963523, '_a1_': 1.7751354044090857, '_a5_': 3.3767608766308648, '_a2_': 1.0, '_a3_': 1.0, '_a4_': 1.0, '_a6_': 1.0, '_a7_': 1.0}};{'d0': 0.02490583291941662};-280.569866449044;37.700556083729026
24793;-102.584377140793;(x * ((x * (exp(cos(_a0_)) + (_a5_ * x))) + _a1_));{'d0': {'_a0_': -0.7301315070963523, '_a1_': 1.7751354044090857, '_a5_': 3.3767608766308648, '_a2_': 1.0, '_a3_': 1.0, '_a4_': 1.0, '_a6_': 1.0, '_a7_': 1.0}};{'d0': 0.02490583291941662};-280.569866449044;37.700556083729026
24794;-102.584377140793;(x * ((x * (exp(cos(_a0_)) + (_a5_ * x))) + _a1_));{'d0': {'_a0_': -0.7301315070963523, '_a1_': 1.7751354044090857, '_a5_': 3.3767608766308648, '_a2_': 1.0, '_a3_': 1.0, '_a4_': 1.0, '_a6_': 1.0, '_a7_': 1.0}};{'d0': 0.02490583291941662};-280.569866449044;37.700556083729026
24795;-102.584377140793;(x * ((x * (exp(cos(_a0_)) + (_a5_ * x))) + _a1_));{'d0': {'_a0_': -0.7301315070963523, '_a1_': 1.7751354044090857, '_a5_': 3.3767608766308648, '_a2_': 1.0, '_a3_': 1.0, '_a4_': 1.0, '_a6_': 1.0, '_a7_': 1.0}};{'d0': 0.02490583291941662};-280.569866449044;37.700556083729026
24796;-102.584377140793;(x * ((x * (exp(cos(_a0_)) + (_a5_ * x))) + _a1_));{'d0': {'_a0_': -0.7301315070963523, '_a1_': 1.7751354044090857, '_a5_': 3.3767608766308648, '_a2_': 1.0, '_a3_': 1.0, '_a4_': 1.0, '_a6_': 1.0, '_a7_': 1.0}};{'d0': 0.02490583291941662};-280.569866449044;37.700556083729026
24797;-102.584377140793;(x * ((x * (exp(cos(_a0_)) + (_a5_ * x))) + _a1_));{'d0': {'_a0_': -0.7301315070963523, '_a1_': 1.7751354044090857, '_a5_': 3.3767608766308648, '_a2_': 1.0, '_a3_': 1.0, '_a4_': 1.0, '_a6_': 1.0, '_a7_': 1.0}};{'d0': 0.02490583291941662};-280.569866449044;37.700556083729026
24798;-102.584377140793;(x * ((x * (exp(cos(_a0_)) + (_a5_ * x))) + _a1_));{'d0': {'_a0_': -0.7301315070963523, '_a1_': 1.7751354044090857, '_a5_': 3.3767608766308648, '_a2_': 1.0, '_a3_': 1.0, '_a4_': 1.0, '_a6_': 1.0, '_a7_': 1.0}};{'d0': 0.02490583291941662};-280.569866449044;37.700556083729026
24799;-102.584377140793;(x * ((x * (exp(cos(_a0_)) + (_a5_ * x))) + _a1_));{'d0': {'_a0_': -0.7301315070963523, '_a1_': 1.7751354044090857, '_a5_': 3.3767608766308648, '_a2_': 1.0, '_a3_': 1.0, '_a4_': 1.0, '_a6_': 1.0, '_a7_': 1.0}};{'d0': 0.02490583291941662};-280.569866449044;37.700556083729026
24800;-102.584377140793;(x * ((x * (exp(cos(_a0_)) + (_a5_ * x))) + _a1_));{'d0': {'_a0_': -0.7301315070963523, '_a1_': 1.7751354044090857, '_a5_': 3.3767608766308648, '_a2_': 1.0, '_a3_': 1.0, '_a4_': 1.0, '_a6_': 1.0, '_a7_': 1.0}};{'d0': 0.02490583291941662};-280.569866449044;37.700556083729026
24801;-102.584377140793;(x * ((x * (exp(cos(_a0_)) + (_a5_ * x))) + _a1_));{'d0': {'_a0_': -0.7301315070963523, '_a1_': 1.7751354044090857, '_a5_': 3.3767608766308648, '_a2_': 1.0, '_a3_': 1.0, '_a4_': 1.0, '_a6_': 1.0, '_a7_': 1.0}};{'d0': 0.02490583291941662};-280.569866449044;37.700556083729026
24802;-102.863495166960;(x * ((x * (exp((_a5_ / _a4_)) + (_a5_ * x))) + _a1_));{'d0': {'_a1_': 1.7751354043291765, '_a4_': 4.53203752732047, '_a5_': 3.376760878106501, '_a0_': 1.0, '_a2_': 1.0, '_a3_': 1.0, '_a6_': 1.0, '_a7_': 1.0}};{'d0': 0.024905832919416705};-280.569866449043;37.421438057561424
24803;-102.863495166960;(x * ((x * (exp((_a5_ / _a4_)) + (_a5_ * x))) + _a1_));{'d0': {'_a1_': 1.7751354043291765, '_a4_': 4.53203752732047, '_a5_': 3.376760878106501, '_a0_': 1.0, '_a2_': 1.0, '_a3_': 1.0, '_a6_': 1.0, '_a7_': 1.0}};{'d0': 0.024905832919416705};-280.569866449043;37.421438057561424
24804;-102.863495166960;(x * ((x * (exp((_a5_ / _a4_)) + (_a5_ * x))) + _a1_));{'d0': {'_a1_': 1.7751354043291765, '_a4_': 4.53203752732047, '_a5_': 3.376760878106501, '_a0_': 1.0, '_a2_': 1.0, '_a3_': 1.0, '_a6_': 1.0, '_a7_': 1.0}};{'d0': 0.024905832919416705};-280.569866449043;37.421438057561424
24805;-102.863495166960;(x * ((x * (exp((_a5_ / _a4_)) + (_a5_ * x))) + _a1_));{'d0': {'_a1_': 1.7751354043291765, '_a4_': 4.53203752732047, '_a5_': 3.376760878106501, '_a0_': 1.0, '_a2_': 1.0, '_a3_': 1.0, '_a6_': 1.0, '_a7_': 1.0}};{'d0': 0.024905832919416705};-280.569866449043;37.421438057561424
24806;-102.863495166960;(x * ((x * (exp((_a5_ / _a4_)) + (_a5_ * x))) + _a1_));{'d0': {'_a1_': 1.7751354043291765, '_a4_': 4.53203752732047, '_a5_': 3.376760878106501, '_a0_': 1.0, '_a2_': 1.0, '_a3_': 1.0, '_a6_': 1.0, '_a7_': 1.0}};{'d0': 0.024905832919416705};-280.569866449043;37.421438057561424
24807;-102.863495166960;(x * ((x * (exp((_a5_ / _a4_)) + (_a5_ * x))) + _a1_));{'d0': {'_a1_': 1.7751354043291765, '_a4_': 4.53203752732047, '_a5_': 3.376760878106501, '_a0_': 1.0, '_a2_': 1.0, '_a3_': 1.0, '_a6_': 1.0, '_a7_': 1.0}};{'d0': 0.024905832919416705};-280.569866449043;37.421438057561424
24808;-102.863495166960;(x * ((x * (exp((_a5_ / _a4_)) + (_a5_ * x))) + _a1_));{'d0': {'_a1_': 1.7751354043291765, '_a4_': 4.53203752732047, '_a5_': 3.376760878106501, '_a0_': 1.0, '_a2_': 1.0, '_a3_': 1.0, '_a6_': 1.0, '_a7_': 1.0}};{'d0': 0.024905832919416705};-280.569866449043;37.421438057561424
24809;-102.863495166960;(x * ((x * (exp((_a5_ / _a4_)) + (_a5_ * x))) + _a1_));{'d0': {'_a1_': 1.7751354043291765, '_a4_': 4.53203752732047, '_a5_': 3.376760878106501, '_a0_': 1.0, '_a2_': 1.0, '_a3_': 1.0, '_a6_': 1.0, '_a7_': 1.0}};{'d0': 0.024905832919416705};-280.569866449043;37.421438057561424
24810;-102.863495166960;(x * ((x * (exp((_a5_ / _a4_)) + (_a5_ * x))) + _a1_));{'d0': {'_a1_': 1.7751354043291765, '_a4_': 4.53203752732047, '_a5_': 3.376760878106501, '_a0_': 1.0, '_a2_': 1.0, '_a3_': 1.0, '_a6_': 1.0, '_a7_': 1.0}};{'d0': 0.024905832919416705};-280.569866449043;37.421438057561424
24811;-102.863495166960;(x * ((x * (exp((_a5_ / _a4_)) + (_a5_ * x))) + _a1_));{'d0': {'_a1_': 1.7751354043291765, '_a4_': 4.53203752732047, '_a5_': 3.376760878106501, '_a0_': 1.0, '_a2_': 1.0, '_a3_': 1.0, '_a6_': 1.0, '_a7_': 1.0}};{'d0': 0.024905832919416705};-280.569866449043;37.421438057561424
24812;-102.863495166960;(x * ((x * (exp((_a5_ / _a4_)) + (_a5_ * x))) + _a1_));{'d0': {'_a1_': 1.7751354043291765, '_a4_': 4.53203752732047, '_a5_': 3.376760878106501, '_a0_': 1.0, '_a2_': 1.0, '_a3_': 1.0, '_a6_': 1.0, '_a7_': 1.0}};{'d0': 0.024905832919416705};-280.569866449043;37.421438057561424
24813;-102.863495166960;(x * ((x * (exp((_a5_ / _a4_)) + (_a5_ * x))) + _a1_));{'d0': {'_a1_': 1.7751354043291765, '_a4_': 4.53203752732047, '_a5_': 3.376760878106501, '_a0_': 1.0, '_a2_': 1.0, '_a3_': 1.0, '_a6_': 1.0, '_a7_': 1.0}};{'d0': 0.024905832919416705};-280.569866449043;37.421438057561424
24814;-102.863495166960;(x * ((x * (exp((_a5_ / _a4_)) + (_a5_ * x))) + _a1_));{'d0': {'_a1_': 1.7751354043291765, '_a4_': 4.53203752732047, '_a5_': 3.376760878106501, '_a0_': 1.0, '_a2_': 1.0, '_a3_': 1.0, '_a6_': 1.0, '_a7_': 1.0}};{'d0': 0.024905832919416705};-280.569866449043;37.421438057561424
24815;-102.863495166960;(x * ((x * (exp((_a5_ / _a4_)) + (_a5_ * x))) + _a1_));{'d0': {'_a1_': 1.7751354043291765, '_a4_': 4.53203752732047, '_a5_': 3.376760878106501, '_a0_': 1.0, '_a2_': 1.0, '_a3_': 1.0, '_a6_': 1.0, '_a7_': 1.0}};{'d0': 0.024905832919416705};-280.569866449043;37.421438057561424
24816;-102.863495166960;(x * ((x * (exp((_a5_ / _a4_)) + (_a5_ * x))) + _a1_));{'d0': {'_a1_': 1.7751354043291765, '_a4_': 4.53203752732047, '_a5_': 3.376760878106501, '_a0_': 1.0, '_a2_': 1.0, '_a3_': 1.0, '_a6_': 1.0, '_a7_': 1.0}};{'d0': 0.024905832919416705};-280.569866449043;37.421438057561424
24817;-102.863495166960;(x * ((x * (exp((_a5_ / _a4_)) + (_a5_ * x))) + _a1_));{'d0': {'_a1_': 1.7751354043291765, '_a4_': 4.53203752732047, '_a5_': 3.376760878106501, '_a0_': 1.0, '_a2_': 1.0, '_a3_': 1.0, '_a6_': 1.0, '_a7_': 1.0}};{'d0': 0.024905832919416705};-280.569866449043;37.421438057561424
24818;-102.863495166960;(x * ((x * (exp((_a5_ / _a4_)) + (_a5_ * x))) + _a1_));{'d0': {'_a1_': 1.7751354043291765, '_a4_': 4.53203752732047, '_a5_': 3.376760878106501, '_a0_': 1.0, '_a2_': 1.0, '_a3_': 1.0, '_a6_': 1.0, '_a7_': 1.0}};{'d0': 0.024905832919416705};-280.569866449043;37.421438057561424
24819;-102.863495166960;(x * ((x * (exp((_a5_ / _a4_)) + (_a5_ * x))) + _a1_));{'d0': {'_a1_': 1.7751354043291765, '_a4_': 4.53203752732047, '_a5_': 3.376760878106501, '_a0_': 1.0, '_a2_': 1.0, '_a3_': 1.0, '_a6_': 1.0, '_a7_': 1.0}};{'d0': 0.024905832919416705};-280.569866449043;37.421438057561424
24820;-102.863495166960;(x * ((x * (exp((_a5_ / _a4_)) + (_a5_ * x))) + _a1_));{'d0': {'_a1_': 1.7751354043291765, '_a4_': 4.53203752732047, '_a5_': 3.376760878106501, '_a0_': 1.0, '_a2_': 1.0, '_a3_': 1.0, '_a6_': 1.0, '_a7_': 1.0}};{'d0': 0.024905832919416705};-280.569866449043;37.421438057561424
24821;-102.863495166960;(x * ((x * (exp((_a5_ / _a4_)) + (_a5_ * x))) + _a1_));{'d0': {'_a1_': 1.7751354043291765, '_a4_': 4.53203752732047, '_a5_': 3.376760878106501, '_a0_': 1.0, '_a2_': 1.0, '_a3_': 1.0, '_a6_': 1.0, '_a7_': 1.0}};{'d0': 0.024905832919416705};-280.569866449043;37.421438057561424
24822;-102.863495166960;(x * ((x * (exp((_a5_ / _a4_)) + (_a5_ * x))) + _a1_));{'d0': {'_a1_': 1.7751354043291765, '_a4_': 4.53203752732047, '_a5_': 3.376760878106501, '_a0_': 1.0, '_a2_': 1.0, '_a3_': 1.0, '_a6_': 1.0, '_a7_': 1.0}};{'d0': 0.024905832919416705};-280.569866449043;37.421438057561424
24823;-102.863495166960;(x * ((x * (exp((_a5_ / _a4_)) + (_a5_ * x))) + _a1_));{'d0': {'_a1_': 1.7751354043291765, '_a4_': 4.53203752732047, '_a5_': 3.376760878106501, '_a0_': 1.0, '_a2_': 1.0, '_a3_': 1.0, '_a6_': 1.0, '_a7_': 1.0}};{'d0': 0.024905832919416705};-280.569866449043;37.421438057561424
24824;-102.863495166960;(x * ((x * (exp((_a5_ / _a4_)) + (_a5_ * x))) + _a1_));{'d0': {'_a1_': 1.7751354043291765, '_a4_': 4.53203752732047, '_a5_': 3.376760878106501, '_a0_': 1.0, '_a2_': 1.0, '_a3_': 1.0, '_a6_': 1.0, '_a7_': 1.0}};{'d0': 0.024905832919416705};-280.569866449043;37.421438057561424
24825;-102.863495166960;(x * ((x * (exp((_a5_ / _a4_)) + (_a5_ * x))) + _a1_));{'d0': {'_a1_': 1.7751354043291765, '_a4_': 4.53203752732047, '_a5_': 3.376760878106501, '_a0_': 1.0, '_a2_': 1.0, '_a3_': 1.0, '_a6_': 1.0, '_a7_': 1.0}};{'d0': 0.024905832919416705};-280.569866449043;37.421438057561424
24826;-102.863495166960;(x * ((x * (exp((_a5_ / _a4_)) + (_a5_ * x))) + _a1_));{'d0': {'_a1_': 1.7751354043291765, '_a4_': 4.53203752732047, '_a5_': 3.376760878106501, '_a0_': 1.0, '_a2_': 1.0, '_a3_': 1.0, '_a6_': 1.0, '_a7_': 1.0}};{'d0': 0.024905832919416705};-280.569866449043;37.421438057561424
24827;-102.863495166960;(x * ((x * (exp((_a5_ / _a4_)) + (_a5_ * x))) + _a1_));{'d0': {'_a1_': 1.7751354043291765, '_a4_': 4.53203752732047, '_a5_': 3.376760878106501, '_a0_': 1.0, '_a2_': 1.0, '_a3_': 1.0, '_a6_': 1.0, '_a7_': 1.0}};{'d0': 0.024905832919416705};-280.569866449043;37.421438057561424
24828;-102.863495166960;(x * ((x * (exp((_a5_ / _a4_)) + (_a5_ * x))) + _a1_));{'d0': {'_a1_': 1.7751354043291765, '_a4_': 4.53203752732047, '_a5_': 3.376760878106501, '_a0_': 1.0, '_a2_': 1.0, '_a3_': 1.0, '_a6_': 1.0, '_a7_': 1.0}};{'d0': 0.024905832919416705};-280.569866449043;37.421438057561424
24829;-102.863495166960;(x * ((x * (exp((_a5_ / _a4_)) + (_a5_ * x))) + _a1_));{'d0': {'_a1_': 1.7751354043291765, '_a4_': 4.53203752732047, '_a5_': 3.376760878106501, '_a0_': 1.0, '_a2_': 1.0, '_a3_': 1.0, '_a6_': 1.0, '_a7_': 1.0}};{'d0': 0.024905832919416705};-280.569866449043;37.421438057561424
24830;-102.863495166960;(x * ((x * (exp((_a5_ / _a4_)) + (_a5_ * x))) + _a1_));{'d0': {'_a1_': 1.7751354043291765, '_a4_': 4.53203752732047, '_a5_': 3.376760878106501, '_a0_': 1.0, '_a2_': 1.0, '_a3_': 1.0, '_a6_': 1.0, '_a7_': 1.0}};{'d0': 0.024905832919416705};-280.569866449043;37.421438057561424
24831;-102.863495166960;(x * ((x * (exp((_a5_ / _a4_)) + (_a5_ * x))) + _a1_));{'d0': {'_a1_': 1.7751354043291765, '_a4_': 4.53203752732047, '_a5_': 3.376760878106501, '_a0_': 1.0, '_a2_': 1.0, '_a3_': 1.0, '_a6_': 1.0, '_a7_': 1.0}};{'d0': 0.024905832919416705};-280.569866449043;37.421438057561424
24832;-102.863495166960;(x * ((x * (exp((_a5_ / _a4_)) + (_a5_ * x))) + _a1_));{'d0': {'_a1_': 1.7751354043291765, '_a4_': 4.53203752732047, '_a5_': 3.376760878106501, '_a0_': 1.0, '_a2_': 1.0, '_a3_': 1.0, '_a6_': 1.0, '_a7_': 1.0}};{'d0': 0.024905832919416705};-280.569866449043;37.421438057561424
24833;-102.863495166960;(x * ((x * (exp((_a5_ / _a4_)) + (_a5_ * x))) + _a1_));{'d0': {'_a1_': 1.7751354043291765, '_a4_': 4.53203752732047, '_a5_': 3.376760878106501, '_a0_': 1.0, '_a2_': 1.0, '_a3_': 1.0, '_a6_': 1.0, '_a7_': 1.0}};{'d0': 0.024905832919416705};-280.569866449043;37.421438057561424
24834;-102.863495166960;(x * ((x * (exp((_a5_ / _a4_)) + (_a5_ * x))) + _a1_));{'d0': {'_a1_': 1.7751354043291765, '_a4_': 4.53203752732047, '_a5_': 3.376760878106501, '_a0_': 1.0, '_a2_': 1.0, '_a3_': 1.0, '_a6_': 1.0, '_a7_': 1.0}};{'d0': 0.024905832919416705};-280.569866449043;37.421438057561424
24835;-102.863495166960;(x * ((x * (exp((_a5_ / _a4_)) + (_a5_ * x))) + _a1_));{'d0': {'_a1_': 1.7751354043291765, '_a4_': 4.53203752732047, '_a5_': 3.376760878106501, '_a0_': 1.0, '_a2_': 1.0, '_a3_': 1.0, '_a6_': 1.0, '_a7_': 1.0}};{'d0': 0.024905832919416705};-280.569866449043;37.421438057561424
24836;-102.863495166960;(x * ((x * (exp((_a5_ / _a4_)) + (_a5_ * x))) + _a1_));{'d0': {'_a1_': 1.7751354043291765, '_a4_': 4.53203752732047, '_a5_': 3.376760878106501, '_a0_': 1.0, '_a2_': 1.0, '_a3_': 1.0, '_a6_': 1.0, '_a7_': 1.0}};{'d0': 0.024905832919416705};-280.569866449043;37.421438057561424
24837;-102.863495166960;(x * ((x * (exp((_a5_ / _a4_)) + (_a5_ * x))) + _a1_));{'d0': {'_a1_': 1.7751354043291765, '_a4_': 4.53203752732047, '_a5_': 3.376760878106501, '_a0_': 1.0, '_a2_': 1.0, '_a3_': 1.0, '_a6_': 1.0, '_a7_': 1.0}};{'d0': 0.024905832919416705};-280.569866449043;37.421438057561424
24838;-102.743185884333;(x * ((x * (exp((_a5_ + _a4_)) + (_a5_ * x))) + _a1_));{'d0': {'_a1_': 1.7751354042189593, '_a4_': -2.631674180298589, '_a5_': 3.376760878920622, '_a0_': 1.0, '_a2_': 1.0, '_a3_': 1.0, '_a6_': 1.0, '_a7_': 1.0}};{'d0': 0.02490583291941665};-280.569866449044;37.541747340189026
24839;-102.743185884333;(x * ((x * (exp((_a5_ + _a4_)) + (_a5_ * x))) + _a1_));{'d0': {'_a1_': 1.7751354042189593, '_a4_': -2.631674180298589, '_a5_': 3.376760878920622, '_a0_': 1.0, '_a2_': 1.0, '_a3_': 1.0, '_a6_': 1.0, '_a7_': 1.0}};{'d0': 0.02490583291941665};-280.569866449044;37.541747340189026
24840;-102.743185884333;(x * ((x * (exp((_a5_ + _a4_)) + (_a5_ * x))) + _a1_));{'d0': {'_a1_': 1.7751354042189593, '_a4_': -2.631674180298589, '_a5_': 3.376760878920622, '_a0_': 1.0, '_a2_': 1.0, '_a3_': 1.0, '_a6_': 1.0, '_a7_': 1.0}};{'d0': 0.02490583291941665};-280.569866449044;37.541747340189026
24841;-102.743185884333;(x * ((x * (exp((_a5_ + _a4_)) + (_a5_ * x))) + _a1_));{'d0': {'_a1_': 1.7751354042189593, '_a4_': -2.631674180298589, '_a5_': 3.376760878920622, '_a0_': 1.0, '_a2_': 1.0, '_a3_': 1.0, '_a6_': 1.0, '_a7_': 1.0}};{'d0': 0.02490583291941665};-280.569866449044;37.541747340189026
24842;-102.743185884333;(x * ((x * (exp((_a5_ + _a4_)) + (_a5_ * x))) + _a1_));{'d0': {'_a1_': 1.7751354042189593, '_a4_': -2.631674180298589, '_a5_': 3.376760878920622, '_a0_': 1.0, '_a2_': 1.0, '_a3_': 1.0, '_a6_': 1.0, '_a7_': 1.0}};{'d0': 0.02490583291941665};-280.569866449044;37.541747340189026
24843;-102.743185884333;(x * ((x * (exp((_a5_ + _a4_)) + (_a5_ * x))) + _a1_));{'d0': {'_a1_': 1.7751354042189593, '_a4_': -2.631674180298589, '_a5_': 3.376760878920622, '_a0_': 1.0, '_a2_': 1.0, '_a3_': 1.0, '_a6_': 1.0, '_a7_': 1.0}};{'d0': 0.02490583291941665};-280.569866449044;37.541747340189026
24844;-102.743185884333;(x * ((x * (exp((_a5_ + _a4_)) + (_a5_ * x))) + _a1_));{'d0': {'_a1_': 1.7751354042189593, '_a4_': -2.631674180298589, '_a5_': 3.376760878920622, '_a0_': 1.0, '_a2_': 1.0, '_a3_': 1.0, '_a6_': 1.0, '_a7_': 1.0}};{'d0': 0.02490583291941665};-280.569866449044;37.541747340189026
24845;-102.743185884333;(x * ((x * (exp((_a5_ + _a4_)) + (_a5_ * x))) + _a1_));{'d0': {'_a1_': 1.7751354042189593, '_a4_': -2.631674180298589, '_a5_': 3.376760878920622, '_a0_': 1.0, '_a2_': 1.0, '_a3_': 1.0, '_a6_': 1.0, '_a7_': 1.0}};{'d0': 0.02490583291941665};-280.569866449044;37.541747340189026
24846;-102.743185884333;(x * ((x * (exp((_a5_ + _a4_)) + (_a5_ * x))) + _a1_));{'d0': {'_a1_': 1.7751354042189593, '_a4_': -2.631674180298589, '_a5_': 3.376760878920622, '_a0_': 1.0, '_a2_': 1.0, '_a3_': 1.0, '_a6_': 1.0, '_a7_': 1.0}};{'d0': 0.02490583291941665};-280.569866449044;37.541747340189026
24847;-102.743185884333;(x * ((x * (exp((_a5_ + _a4_)) + (_a5_ * x))) + _a1_));{'d0': {'_a1_': 1.7751354042189593, '_a4_': -2.631674180298589, '_a5_': 3.376760878920622, '_a0_': 1.0, '_a2_': 1.0, '_a3_': 1.0, '_a6_': 1.0, '_a7_': 1.0}};{'d0': 0.02490583291941665};-280.569866449044;37.541747340189026
24848;-102.743185884333;(x * ((x * (exp((_a5_ + _a4_)) + (_a5_ * x))) + _a1_));{'d0': {'_a1_': 1.7751354042189593, '_a4_': -2.631674180298589, '_a5_': 3.376760878920622, '_a0_': 1.0, '_a2_': 1.0, '_a3_': 1.0, '_a6_': 1.0, '_a7_': 1.0}};{'d0': 0.02490583291941665};-280.569866449044;37.541747340189026
24849;-102.743185884333;(x * ((x * (exp((_a5_ + _a4_)) + (_a5_ * x))) + _a1_));{'d0': {'_a1_': 1.7751354042189593, '_a4_': -2.631674180298589, '_a5_': 3.376760878920622, '_a0_': 1.0, '_a2_': 1.0, '_a3_': 1.0, '_a6_': 1.0, '_a7_': 1.0}};{'d0': 0.02490583291941665};-280.569866449044;37.541747340189026
24850;-102.743185884333;(x * ((x * (exp((_a5_ + _a4_)) + (_a5_ * x))) + _a1_));{'d0': {'_a1_': 1.7751354042189593, '_a4_': -2.631674180298589, '_a5_': 3.376760878920622, '_a0_': 1.0, '_a2_': 1.0, '_a3_': 1.0, '_a6_': 1.0, '_a7_': 1.0}};{'d0': 0.02490583291941665};-280.569866449044;37.541747340189026
24851;-102.743185884333;(x * ((x * (exp((_a5_ + _a4_)) + (_a5_ * x))) + _a1_));{'d0': {'_a1_': 1.7751354042189593, '_a4_': -2.631674180298589, '_a5_': 3.376760878920622, '_a0_': 1.0, '_a2_': 1.0, '_a3_': 1.0, '_a6_': 1.0, '_a7_': 1.0}};{'d0': 0.02490583291941665};-280.569866449044;37.541747340189026
24852;-102.743185884333;(x * ((x * (exp((_a5_ + _a4_)) + (_a5_ * x))) + _a1_));{'d0': {'_a1_': 1.7751354042189593, '_a4_': -2.631674180298589, '_a5_': 3.376760878920622, '_a0_': 1.0, '_a2_': 1.0, '_a3_': 1.0, '_a6_': 1.0, '_a7_': 1.0}};{'d0': 0.02490583291941665};-280.569866449044;37.541747340189026
24853;-102.743185884333;(x * ((x * (exp((_a5_ + _a4_)) + (_a5_ * x))) + _a1_));{'d0': {'_a1_': 1.7751354042189593, '_a4_': -2.631674180298589, '_a5_': 3.376760878920622, '_a0_': 1.0, '_a2_': 1.0, '_a3_': 1.0, '_a6_': 1.0, '_a7_': 1.0}};{'d0': 0.02490583291941665};-280.569866449044;37.541747340189026
24854;-102.743185884333;(x * ((x * (exp((_a5_ + _a4_)) + (_a5_ * x))) + _a1_));{'d0': {'_a1_': 1.7751354042189593, '_a4_': -2.631674180298589, '_a5_': 3.376760878920622, '_a0_': 1.0, '_a2_': 1.0, '_a3_': 1.0, '_a6_': 1.0, '_a7_': 1.0}};{'d0': 0.02490583291941665};-280.569866449044;37.541747340189026
24855;-102.743185884333;(x * ((x * (exp((_a5_ + _a4_)) + (_a5_ * x))) + _a1_));{'d0': {'_a1_': 1.7751354042189593, '_a4_': -2.631674180298589, '_a5_': 3.376760878920622, '_a0_': 1.0, '_a2_': 1.0, '_a3_': 1.0, '_a6_': 1.0, '_a7_': 1.0}};{'d0': 0.02490583291941665};-280.569866449044;37.541747340189026
24856;-104.429306858733;((((-((x * (x + _a7_))) + x) + _a4_) * x) * _a6_);{'d0': {'_a4_': -0.5256917706677661, '_a6_': -3.37676087712257, '_a7_': 1.6238594156097286, '_a0_': 1.0, '_a1_': 1.0, '_a2_': 1.0, '_a3_': 1.0, '_a5_': 1.0}};{'d0': 0.024905832919416636};-280.569866449044;35.85562636578943
24857;-104.429306858733;((((-((x * (x + _a7_))) + x) + _a4_) * x) * _a6_);{'d0': {'_a4_': -0.5256917706677661, '_a6_': -3.37676087712257, '_a7_': 1.6238594156097286, '_a0_': 1.0, '_a1_': 1.0, '_a2_': 1.0, '_a3_': 1.0, '_a5_': 1.0}};{'d0': 0.024905832919416636};-280.569866449044;35.85562636578943
24858;-104.429306858733;((((-((x * (x + _a7_))) + x) + _a4_) * x) * _a6_);{'d0': {'_a4_': -0.5256917706677661, '_a6_': -3.37676087712257, '_a7_': 1.6238594156097286, '_a0_': 1.0, '_a1_': 1.0, '_a2_': 1.0, '_a3_': 1.0, '_a5_': 1.0}};{'d0': 0.024905832919416636};-280.569866449044;35.85562636578943
24859;-104.429306858733;((((-((x * (x + _a7_))) + x) + _a4_) * x) * _a6_);{'d0': {'_a4_': -0.5256917706677661, '_a6_': -3.37676087712257, '_a7_': 1.6238594156097286, '_a0_': 1.0, '_a1_': 1.0, '_a2_': 1.0, '_a3_': 1.0, '_a5_': 1.0}};{'d0': 0.024905832919416636};-280.569866449044;35.85562636578943
24860;-104.429306858733;((((-((x * (x + _a7_))) + x) + _a4_) * x) * _a6_);{'d0': {'_a4_': -0.5256917706677661, '_a6_': -3.37676087712257, '_a7_': 1.6238594156097286, '_a0_': 1.0, '_a1_': 1.0, '_a2_': 1.0, '_a3_': 1.0, '_a5_': 1.0}};{'d0': 0.024905832919416636};-280.569866449044;35.85562636578943
24861;-104.429306858733;((((-((x * (x + _a7_))) + x) + _a4_) * x) * _a6_);{'d0': {'_a4_': -0.5256917706677661, '_a6_': -3.37676087712257, '_a7_': 1.6238594156097286, '_a0_': 1.0, '_a1_': 1.0, '_a2_': 1.0, '_a3_': 1.0, '_a5_': 1.0}};{'d0': 0.024905832919416636};-280.569866449044;35.85562636578943
24862;-104.429306858733;((((-((x * (x + _a7_))) + x) + _a4_) * x) * _a6_);{'d0': {'_a4_': -0.5256917706677661, '_a6_': -3.37676087712257, '_a7_': 1.6238594156097286, '_a0_': 1.0, '_a1_': 1.0, '_a2_': 1.0, '_a3_': 1.0, '_a5_': 1.0}};{'d0': 0.024905832919416636};-280.569866449044;35.85562636578943
24863;-104.429306858733;((((-((x * (x + _a7_))) + x) + _a4_) * x) * _a6_);{'d0': {'_a4_': -0.5256917706677661, '_a6_': -3.37676087712257, '_a7_': 1.6238594156097286, '_a0_': 1.0, '_a1_': 1.0, '_a2_': 1.0, '_a3_': 1.0, '_a5_': 1.0}};{'d0': 0.024905832919416636};-280.569866449044;35.85562636578943
24864;-104.429306858733;((((-((x * (x + _a7_))) + x) + _a4_) * x) * _a6_);{'d0': {'_a4_': -0.5256917706677661, '_a6_': -3.37676087712257, '_a7_': 1.6238594156097286, '_a0_': 1.0, '_a1_': 1.0, '_a2_': 1.0, '_a3_': 1.0, '_a5_': 1.0}};{'d0': 0.024905832919416636};-280.569866449044;35.85562636578943
24865;-104.429306858733;((((-((x * (x + _a7_))) + x) + _a4_) * x) * _a6_);{'d0': {'_a4_': -0.5256917706677661, '_a6_': -3.37676087712257, '_a7_': 1.6238594156097286, '_a0_': 1.0, '_a1_': 1.0, '_a2_': 1.0, '_a3_': 1.0, '_a5_': 1.0}};{'d0': 0.024905832919416636};-280.569866449044;35.85562636578943
24866;-104.429306858733;((((-((x * (x + _a7_))) + x) + _a4_) * x) * _a6_);{'d0': {'_a4_': -0.5256917706677661, '_a6_': -3.37676087712257, '_a7_': 1.6238594156097286, '_a0_': 1.0, '_a1_': 1.0, '_a2_': 1.0, '_a3_': 1.0, '_a5_': 1.0}};{'d0': 0.024905832919416636};-280.569866449044;35.85562636578943
24867;-104.429306858733;((((-((x * (x + _a7_))) + x) + _a4_) * x) * _a6_);{'d0': {'_a4_': -0.5256917706677661, '_a6_': -3.37676087712257, '_a7_': 1.6238594156097286, '_a0_': 1.0, '_a1_': 1.0, '_a2_': 1.0, '_a3_': 1.0, '_a5_': 1.0}};{'d0': 0.024905832919416636};-280.569866449044;35.85562636578943
24868;-104.429306858733;((((-((x * (x + _a7_))) + x) + _a4_) * x) * _a6_);{'d0': {'_a4_': -0.5256917706677661, '_a6_': -3.37676087712257, '_a7_': 1.6238594156097286, '_a0_': 1.0, '_a1_': 1.0, '_a2_': 1.0, '_a3_': 1.0, '_a5_': 1.0}};{'d0': 0.024905832919416636};-280.569866449044;35.85562636578943
24869;-104.429306858733;((((-((x * (x + _a7_))) + x) + _a4_) * x) * _a6_);{'d0': {'_a4_': -0.5256917706677661, '_a6_': -3.37676087712257, '_a7_': 1.6238594156097286, '_a0_': 1.0, '_a1_': 1.0, '_a2_': 1.0, '_a3_': 1.0, '_a5_': 1.0}};{'d0': 0.024905832919416636};-280.569866449044;35.85562636578943
24870;-104.429306858733;((((-((x * (x + _a7_))) + x) + _a4_) * x) * _a6_);{'d0': {'_a4_': -0.5256917706677661, '_a6_': -3.37676087712257, '_a7_': 1.6238594156097286, '_a0_': 1.0, '_a1_': 1.0, '_a2_': 1.0, '_a3_': 1.0, '_a5_': 1.0}};{'d0': 0.024905832919416636};-280.569866449044;35.85562636578943
24871;-104.429306858733;((((-((x * (x + _a7_))) + x) + _a4_) * x) * _a6_);{'d0': {'_a4_': -0.5256917706677661, '_a6_': -3.37676087712257, '_a7_': 1.6238594156097286, '_a0_': 1.0, '_a1_': 1.0, '_a2_': 1.0, '_a3_': 1.0, '_a5_': 1.0}};{'d0': 0.024905832919416636};-280.569866449044;35.85562636578943
24872;-104.429306858733;((((-((x * (x + _a7_))) + x) + _a4_) * x) * _a6_);{'d0': {'_a4_': -0.5256917706677661, '_a6_': -3.37676087712257, '_a7_': 1.6238594156097286, '_a0_': 1.0, '_a1_': 1.0, '_a2_': 1.0, '_a3_': 1.0, '_a5_': 1.0}};{'d0': 0.024905832919416636};-280.569866449044;35.85562636578943
24873;-104.429306858733;((((-((x * (x + _a7_))) + x) + _a4_) * x) * _a6_);{'d0': {'_a4_': -0.5256917706677661, '_a6_': -3.37676087712257, '_a7_': 1.6238594156097286, '_a0_': 1.0, '_a1_': 1.0, '_a2_': 1.0, '_a3_': 1.0, '_a5_': 1.0}};{'d0': 0.024905832919416636};-280.569866449044;35.85562636578943
24874;-104.429306858733;((((-((x * (x + _a7_))) + x) + _a4_) * x) * _a6_);{'d0': {'_a4_': -0.5256917706677661, '_a6_': -3.37676087712257, '_a7_': 1.6238594156097286, '_a0_': 1.0, '_a1_': 1.0, '_a2_': 1.0, '_a3_': 1.0, '_a5_': 1.0}};{'d0': 0.024905832919416636};-280.569866449044;35.85562636578943
24875;-104.429306858733;((((-((x * (x + _a7_))) + x) + _a4_) * x) * _a6_);{'d0': {'_a4_': -0.5256917706677661, '_a6_': -3.37676087712257, '_a7_': 1.6238594156097286, '_a0_': 1.0, '_a1_': 1.0, '_a2_': 1.0, '_a3_': 1.0, '_a5_': 1.0}};{'d0': 0.024905832919416636};-280.569866449044;35.85562636578943
24876;-104.429306858733;((((-((x * (x + _a7_))) + x) + _a4_) * x) * _a6_);{'d0': {'_a4_': -0.5256917706677661, '_a6_': -3.37676087712257, '_a7_': 1.6238594156097286, '_a0_': 1.0, '_a1_': 1.0, '_a2_': 1.0, '_a3_': 1.0, '_a5_': 1.0}};{'d0': 0.024905832919416636};-280.569866449044;35.85562636578943
24877;-98.6110277799806;((((_a0_ + pow2(((x + (_a0_ + _a4_)) * _a4_))) / _a4_) * x) * _a2_);{'d0': {'_a0_': 0.03326607502263132, '_a2_': 12.117694901684192, '_a4_': 0.2786636326648794, '_a1_': 1.0, '_a3_': 1.0, '_a5_': 1.0, '_a6_': 1.0, '_a7_': 1.0}};{'d0': 0.0249058329194166};-280.569866449044;41.67390544454151
24878;-98.6110277799806;((((_a0_ + pow2(((x + (_a0_ + _a4_)) * _a4_))) / _a4_) * x) * _a2_);{'d0': {'_a0_': 0.03326607502263132, '_a2_': 12.117694901684192, '_a4_': 0.2786636326648794, '_a1_': 1.0, '_a3_': 1.0, '_a5_': 1.0, '_a6_': 1.0, '_a7_': 1.0}};{'d0': 0.0249058329194166};-280.569866449044;41.67390544454151
24879;-98.6110277799806;((((_a0_ + pow2(((x + (_a0_ + _a4_)) * _a4_))) / _a4_) * x) * _a2_);{'d0': {'_a0_': 0.03326607502263132, '_a2_': 12.117694901684192, '_a4_': 0.2786636326648794, '_a1_': 1.0, '_a3_': 1.0, '_a5_': 1.0, '_a6_': 1.0, '_a7_': 1.0}};{'d0': 0.0249058329194166};-280.569866449044;41.67390544454151
24880;-98.6110277799806;((((_a0_ + pow2(((x + (_a0_ + _a4_)) * _a4_))) / _a4_) * x) * _a2_);{'d0': {'_a0_': 0.03326607502263132, '_a2_': 12.117694901684192, '_a4_': 0.2786636326648794, '_a1_': 1.0, '_a3_': 1.0, '_a5_': 1.0, '_a6_': 1.0, '_a7_': 1.0}};{'d0': 0.0249058329194166};-280.569866449044;41.67390544454151
24881;-98.6110277799806;((((_a0_ + pow2(((x + (_a0_ + _a4_)) * _a4_))) / _a4_) * x) * _a2_);{'d0': {'_a0_': 0.03326607502263132, '_a2_': 12.117694901684192, '_a4_': 0.2786636326648794, '_a1_': 1.0, '_a3_': 1.0, '_a5_': 1.0, '_a6_': 1.0, '_a7_': 1.0}};{'d0': 0.0249058329194166};-280.569866449044;41.67390544454151
24882;-98.6110277799806;((((_a0_ + pow2(((x + (_a0_ + _a4_)) * _a4_))) / _a4_) * x) * _a2_);{'d0': {'_a0_': 0.03326607502263132, '_a2_': 12.117694901684192, '_a4_': 0.2786636326648794, '_a1_': 1.0, '_a3_': 1.0, '_a5_': 1.0, '_a6_': 1.0, '_a7_': 1.0}};{'d0': 0.0249058329194166};-280.569866449044;41.67390544454151
24883;-98.6110277799806;((((_a0_ + pow2(((x + (_a0_ + _a4_)) * _a4_))) / _a4_) * x) * _a2_);{'d0': {'_a0_': 0.03326607502263132, '_a2_': 12.117694901684192, '_a4_': 0.2786636326648794, '_a1_': 1.0, '_a3_': 1.0, '_a5_': 1.0, '_a6_': 1.0, '_a7_': 1.0}};{'d0': 0.0249058329194166};-280.569866449044;41.67390544454151
24884;-98.6110277799806;((((_a0_ + pow2(((x + (_a0_ + _a4_)) * _a4_))) / _a4_) * x) * _a2_);{'d0': {'_a0_': 0.03326607502263132, '_a2_': 12.117694901684192, '_a4_': 0.2786636326648794, '_a1_': 1.0, '_a3_': 1.0, '_a5_': 1.0, '_a6_': 1.0, '_a7_': 1.0}};{'d0': 0.0249058329194166};-280.569866449044;41.67390544454151
24885;-98.6110277799806;((((_a0_ + pow2(((x + (_a0_ + _a4_)) * _a4_))) / _a4_) * x) * _a2_);{'d0': {'_a0_': 0.03326607502263132, '_a2_': 12.117694901684192, '_a4_': 0.2786636326648794, '_a1_': 1.0, '_a3_': 1.0, '_a5_': 1.0, '_a6_': 1.0, '_a7_': 1.0}};{'d0': 0.0249058329194166};-280.569866449044;41.67390544454151
24886;-98.6110277799806;((((_a0_ + pow2(((x + (_a0_ + _a4_)) * _a4_))) / _a4_) * x) * _a2_);{'d0': {'_a0_': 0.03326607502263132, '_a2_': 12.117694901684192, '_a4_': 0.2786636326648794, '_a1_': 1.0, '_a3_': 1.0, '_a5_': 1.0, '_a6_': 1.0, '_a7_': 1.0}};{'d0': 0.0249058329194166};-280.569866449044;41.67390544454151
24887;-98.6110277799806;((((_a0_ + pow2(((x + (_a0_ + _a4_)) * _a4_))) / _a4_) * x) * _a2_);{'d0': {'_a0_': 0.03326607502263132, '_a2_': 12.117694901684192, '_a4_': 0.2786636326648794, '_a1_': 1.0, '_a3_': 1.0, '_a5_': 1.0, '_a6_': 1.0, '_a7_': 1.0}};{'d0': 0.0249058329194166};-280.569866449044;41.67390544454151
24888;-98.6110277799806;((((_a0_ + pow2(((x + (_a0_ + _a4_)) * _a4_))) / _a4_) * x) * _a2_);{'d0': {'_a0_': 0.03326607502263132, '_a2_': 12.117694901684192, '_a4_': 0.2786636326648794, '_a1_': 1.0, '_a3_': 1.0, '_a5_': 1.0, '_a6_': 1.0, '_a7_': 1.0}};{'d0': 0.0249058329194166};-280.569866449044;41.67390544454151
24889;-98.6110277799806;((((_a0_ + pow2(((x + (_a0_ + _a4_)) * _a4_))) / _a4_) * x) * _a2_);{'d0': {'_a0_': 0.03326607502263132, '_a2_': 12.117694901684192, '_a4_': 0.2786636326648794, '_a1_': 1.0, '_a3_': 1.0, '_a5_': 1.0, '_a6_': 1.0, '_a7_': 1.0}};{'d0': 0.0249058329194166};-280.569866449044;41.67390544454151
24890;-98.4907184973529;((((_a0_ + pow2(((x + (_a0_ + _a4_)) * _a4_))) + _a4_) * x) * _a2_);{'d0': {'_a0_': -0.541382349073166, '_a2_': 4.637506632907571, '_a4_': 0.8533120568558278, '_a1_': 1.0, '_a3_': 1.0, '_a5_': 1.0, '_a6_': 1.0, '_a7_': 1.0}};{'d0': 0.02490583291941667};-280.569866449043;41.79421472716911
24891;-98.4907184973529;((((_a0_ + pow2(((x + (_a0_ + _a4_)) * _a4_))) + _a4_) * x) * _a2_);{'d0': {'_a0_': -0.541382349073166, '_a2_': 4.637506632907571, '_a4_': 0.8533120568558278, '_a1_': 1.0, '_a3_': 1.0, '_a5_': 1.0, '_a6_': 1.0, '_a7_': 1.0}};{'d0': 0.02490583291941667};-280.569866449043;41.79421472716911
24892;-97.5674093700856;((((_a0_ + pow2(((x + (_a0_ + _a4_)) * _a4_))) + _a4_) * x) / _a2_);{'d0': {'_a0_': -0.5413823487327186, '_a2_': 0.21563311470289706, '_a4_': 0.8533120565232315, '_a1_': 1.0, '_a3_': 1.0, '_a5_': 1.0, '_a6_': 1.0, '_a7_': 1.0}};{'d0': 0.024905832919416664};-280.569866449044;42.717523854436514
24893;-103.488010419116;((((_a0_ + pow2(((x + _a2_) * _a4_))) + _a4_) * x) / _a2_);{'d0': {'_a0_': -0.5750798549797548, '_a2_': 0.3119297077403917, '_a4_': 1.0263099115295298, '_a1_': 1.0, '_a3_': 1.0, '_a5_': 1.0, '_a6_': 1.0, '_a7_': 1.0}};{'d0': 0.02490583291941667};-280.569866449043;36.79692280540652
24894;-103.488010419116;((((_a0_ + pow2(((x + _a2_) * _a4_))) + _a4_) * x) / _a2_);{'d0': {'_a0_': -0.5750798549797548, '_a2_': 0.3119297077403917, '_a4_': 1.0263099115295298, '_a1_': 1.0, '_a3_': 1.0, '_a5_': 1.0, '_a6_': 1.0, '_a7_': 1.0}};{'d0': 0.02490583291941667};-280.569866449043;36.79692280540652
24895;-103.488010419116;((((_a0_ + pow2(((x + _a2_) * _a4_))) + _a4_) * x) / _a2_);{'d0': {'_a0_': -0.5750798549797548, '_a2_': 0.3119297077403917, '_a4_': 1.0263099115295298, '_a1_': 1.0, '_a3_': 1.0, '_a5_': 1.0, '_a6_': 1.0, '_a7_': 1.0}};{'d0': 0.02490583291941667};-280.569866449043;36.79692280540652
24896;-103.488010419116;((((_a0_ + pow2(((x + _a2_) * _a4_))) + _a4_) * x) / _a2_);{'d0': {'_a0_': -0.5750798549797548, '_a2_': 0.3119297077403917, '_a4_': 1.0263099115295298, '_a1_': 1.0, '_a3_': 1.0, '_a5_': 1.0, '_a6_': 1.0, '_a7_': 1.0}};{'d0': 0.02490583291941667};-280.569866449043;36.79692280540652
24897;-103.488010419116;((((_a0_ + pow2(((x + _a2_) * _a4_))) + _a4_) * x) / _a2_);{'d0': {'_a0_': -0.5750798549797548, '_a2_': 0.3119297077403917, '_a4_': 1.0263099115295298, '_a1_': 1.0, '_a3_': 1.0, '_a5_': 1.0, '_a6_': 1.0, '_a7_': 1.0}};{'d0': 0.02490583291941667};-280.569866449043;36.79692280540652
24898;-103.488010419116;((((_a0_ + pow2(((x + _a2_) * _a4_))) + _a4_) * x) / _a2_);{'d0': {'_a0_': -0.5750798549797548, '_a2_': 0.3119297077403917, '_a4_': 1.0263099115295298, '_a1_': 1.0, '_a3_': 1.0, '_a5_': 1.0, '_a6_': 1.0, '_a7_': 1.0}};{'d0': 0.02490583291941667};-280.569866449043;36.79692280540652
24899;-103.488010419116;((((_a0_ + pow2(((x + _a2_) * _a4_))) + _a4_) * x) / _a2_);{'d0': {'_a0_': -0.5750798549797548, '_a2_': 0.3119297077403917, '_a4_': 1.0263099115295298, '_a1_': 1.0, '_a3_': 1.0, '_a5_': 1.0, '_a6_': 1.0, '_a7_': 1.0}};{'d0': 0.02490583291941667};-280.569866449043;36.79692280540652
24900;-103.488010419116;((((_a0_ + pow2(((x + _a2_) * _a4_))) + _a4_) * x) / _a2_);{'d0': {'_a0_': -0.5750798549797548, '_a2_': 0.3119297077403917, '_a4_': 1.0263099115295298, '_a1_': 1.0, '_a3_': 1.0, '_a5_': 1.0, '_a6_': 1.0, '_a7_': 1.0}};{'d0': 0.02490583291941667};-280.569866449043;36.79692280540652
24901;-103.488010419116;((((_a0_ + pow2(((x + _a2_) * _a4_))) + _a4_) * x) / _a2_);{'d0': {'_a0_': -0.5750798549797548, '_a2_': 0.3119297077403917, '_a4_': 1.0263099115295298, '_a1_': 1.0, '_a3_': 1.0, '_a5_': 1.0, '_a6_': 1.0, '_a7_': 1.0}};{'d0': 0.02490583291941667};-280.569866449043;36.79692280540652
24902;-103.488010419116;((((_a0_ + pow2(((x + _a2_) * _a4_))) + _a4_) * x) / _a2_);{'d0': {'_a0_': -0.5750798549797548, '_a2_': 0.3119297077403917, '_a4_': 1.0263099115295298, '_a1_': 1.0, '_a3_': 1.0, '_a5_': 1.0, '_a6_': 1.0, '_a7_': 1.0}};{'d0': 0.02490583291941667};-280.569866449043;36.79692280540652
24903;-103.488010419116;((((_a0_ + pow2(((x + _a2_) * _a4_))) + _a4_) * x) / _a2_);{'d0': {'_a0_': -0.5750798549797548, '_a2_': 0.3119297077403917, '_a4_': 1.0263099115295298, '_a1_': 1.0, '_a3_': 1.0, '_a5_': 1.0, '_a6_': 1.0, '_a7_': 1.0}};{'d0': 0.02490583291941667};-280.569866449043;36.79692280540652
24904;-103.488010419116;((((_a0_ + pow2(((x + _a2_) * _a4_))) + _a4_) * x) / _a2_);{'d0': {'_a0_': -0.5750798549797548, '_a2_': 0.3119297077403917, '_a4_': 1.0263099115295298, '_a1_': 1.0, '_a3_': 1.0, '_a5_': 1.0, '_a6_': 1.0, '_a7_': 1.0}};{'d0': 0.02490583291941667};-280.569866449043;36.79692280540652
24905;-103.488010419116;((((_a0_ + pow2(((x + _a2_) * _a4_))) + _a4_) * x) / _a2_);{'d0': {'_a0_': -0.5750798549797548, '_a2_': 0.3119297077403917, '_a4_': 1.0263099115295298, '_a1_': 1.0, '_a3_': 1.0, '_a5_': 1.0, '_a6_': 1.0, '_a7_': 1.0}};{'d0': 0.02490583291941667};-280.569866449043;36.79692280540652
24906;-103.488010419116;((((_a0_ + pow2(((x + _a2_) * _a4_))) + _a4_) * x) / _a2_);{'d0': {'_a0_': -0.5750798549797548, '_a2_': 0.3119297077403917, '_a4_': 1.0263099115295298, '_a1_': 1.0, '_a3_': 1.0, '_a5_': 1.0, '_a6_': 1.0, '_a7_': 1.0}};{'d0': 0.02490583291941667};-280.569866449043;36.79692280540652
24907;-103.488010419116;((((_a0_ + pow2(((x + _a2_) * _a4_))) + _a4_) * x) / _a2_);{'d0': {'_a0_': -0.5750798549797548, '_a2_': 0.3119297077403917, '_a4_': 1.0263099115295298, '_a1_': 1.0, '_a3_': 1.0, '_a5_': 1.0, '_a6_': 1.0, '_a7_': 1.0}};{'d0': 0.02490583291941667};-280.569866449043;36.79692280540652
24908;-103.488010419116;((((_a0_ + pow2(((x + _a2_) * _a4_))) + _a4_) * x) / _a2_);{'d0': {'_a0_': -0.5750798549797548, '_a2_': 0.3119297077403917, '_a4_': 1.0263099115295298, '_a1_': 1.0, '_a3_': 1.0, '_a5_': 1.0, '_a6_': 1.0, '_a7_': 1.0}};{'d0': 0.02490583291941667};-280.569866449043;36.79692280540652
24909;-101.702633509695;((_a3_ + (((_a7_ + x) * x) * _a4_)) * (x * pow2(-(_a4_))));{'d0': {'_a3_': -0.78867476925653, '_a4_': -1.5002608255631795, '_a7_': 0.6238594155100445, '_a0_': 1.0, '_a1_': 1.0, '_a2_': 1.0, '_a5_': 1.0, '_a6_': 1.0}};{'d0': 0.02490583291941665};-280.569866449044;38.58229971482635
24910;-101.702633509695;((_a3_ + (((_a7_ + x) * x) * _a4_)) * (x * pow2(-(_a4_))));{'d0': {'_a3_': -0.78867476925653, '_a4_': -1.5002608255631795, '_a7_': 0.6238594155100445, '_a0_': 1.0, '_a1_': 1.0, '_a2_': 1.0, '_a5_': 1.0, '_a6_': 1.0}};{'d0': 0.02490583291941665};-280.569866449044;38.58229971482635
24911;-101.702633509695;((_a3_ + (((_a7_ + x) * x) * _a4_)) * (x * pow2(-(_a4_))));{'d0': {'_a3_': -0.78867476925653, '_a4_': -1.5002608255631795, '_a7_': 0.6238594155100445, '_a0_': 1.0, '_a1_': 1.0, '_a2_': 1.0, '_a5_': 1.0, '_a6_': 1.0}};{'d0': 0.02490583291941665};-280.569866449044;38.58229971482635
24912;-101.702633509695;((_a3_ + (((_a7_ + x) * x) * _a4_)) * (x * pow2(-(_a4_))));{'d0': {'_a3_': -0.78867476925653, '_a4_': -1.5002608255631795, '_a7_': 0.6238594155100445, '_a0_': 1.0, '_a1_': 1.0, '_a2_': 1.0, '_a5_': 1.0, '_a6_': 1.0}};{'d0': 0.02490583291941665};-280.569866449044;38.58229971482635
24913;-101.702633509695;((_a3_ + (((_a7_ + x) * x) * _a4_)) * (x * pow2(-(_a4_))));{'d0': {'_a3_': -0.78867476925653, '_a4_': -1.5002608255631795, '_a7_': 0.6238594155100445, '_a0_': 1.0, '_a1_': 1.0, '_a2_': 1.0, '_a5_': 1.0, '_a6_': 1.0}};{'d0': 0.02490583291941665};-280.569866449044;38.58229971482635
24914;-101.702633509695;((_a3_ + (((_a7_ + x) * x) * _a4_)) * (x * pow2(-(_a4_))));{'d0': {'_a3_': -0.78867476925653, '_a4_': -1.5002608255631795, '_a7_': 0.6238594155100445, '_a0_': 1.0, '_a1_': 1.0, '_a2_': 1.0, '_a5_': 1.0, '_a6_': 1.0}};{'d0': 0.02490583291941665};-280.569866449044;38.58229971482635
24915;-101.702633509695;((_a3_ + (((_a7_ + x) * x) * _a4_)) * (x * pow2(-(_a4_))));{'d0': {'_a3_': -0.78867476925653, '_a4_': -1.5002608255631795, '_a7_': 0.6238594155100445, '_a0_': 1.0, '_a1_': 1.0, '_a2_': 1.0, '_a5_': 1.0, '_a6_': 1.0}};{'d0': 0.02490583291941665};-280.569866449044;38.58229971482635
24916;-101.702633509695;((_a3_ + (((_a7_ + x) * x) * _a4_)) * (x * pow2(-(_a4_))));{'d0': {'_a3_': -0.78867476925653, '_a4_': -1.5002608255631795, '_a7_': 0.6238594155100445, '_a0_': 1.0, '_a1_': 1.0, '_a2_': 1.0, '_a5_': 1.0, '_a6_': 1.0}};{'d0': 0.02490583291941665};-280.569866449044;38.58229971482635
24917;-101.702633509695;((_a3_ + (((_a7_ + x) * x) * _a4_)) * (x * pow2(-(_a4_))));{'d0': {'_a3_': -0.78867476925653, '_a4_': -1.5002608255631795, '_a7_': 0.6238594155100445, '_a0_': 1.0, '_a1_': 1.0, '_a2_': 1.0, '_a5_': 1.0, '_a6_': 1.0}};{'d0': 0.02490583291941665};-280.569866449044;38.58229971482635
24918;-103.488010419116;((((_a0_ + pow2(((x + _a4_) * _a4_))) + _a4_) * x) / _a2_);{'d0': {'_a0_': -0.27024714138291234, '_a2_': 0.028814638101760267, '_a4_': 0.3119297078902211, '_a1_': 1.0, '_a3_': 1.0, '_a5_': 1.0, '_a6_': 1.0, '_a7_': 1.0}};{'d0': 0.024905832919416605};-280.569866449044;36.79692280540652
24919;-103.488010419116;((((_a0_ + pow2(((x + _a4_) * _a4_))) + _a4_) * x) / _a2_);{'d0': {'_a0_': -0.27024714138291234, '_a2_': 0.028814638101760267, '_a4_': 0.3119297078902211, '_a1_': 1.0, '_a3_': 1.0, '_a5_': 1.0, '_a6_': 1.0, '_a7_': 1.0}};{'d0': 0.024905832919416605};-280.569866449044;36.79692280540652
24920;-103.488010419116;((((_a0_ + pow2(((x + _a4_) * _a4_))) + _a4_) * x) / _a2_);{'d0': {'_a0_': -0.27024714138291234, '_a2_': 0.028814638101760267, '_a4_': 0.3119297078902211, '_a1_': 1.0, '_a3_': 1.0, '_a5_': 1.0, '_a6_': 1.0, '_a7_': 1.0}};{'d0': 0.024905832919416605};-280.569866449044;36.79692280540652
24921;-103.488010419116;((((_a0_ + pow2(((x + _a4_) * _a4_))) + _a4_) * x) / _a2_);{'d0': {'_a0_': -0.27024714138291234, '_a2_': 0.028814638101760267, '_a4_': 0.3119297078902211, '_a1_': 1.0, '_a3_': 1.0, '_a5_': 1.0, '_a6_': 1.0, '_a7_': 1.0}};{'d0': 0.024905832919416605};-280.569866449044;36.79692280540652
24922;-103.488010419116;((((_a0_ + pow2(((x + _a4_) * _a4_))) + _a4_) * x) / _a2_);{'d0': {'_a0_': -0.27024714138291234, '_a2_': 0.028814638101760267, '_a4_': 0.3119297078902211, '_a1_': 1.0, '_a3_': 1.0, '_a5_': 1.0, '_a6_': 1.0, '_a7_': 1.0}};{'d0': 0.024905832919416605};-280.569866449044;36.79692280540652
24923;-103.488010419116;((((_a0_ + pow2(((x + _a4_) * _a4_))) + _a4_) * x) / _a2_);{'d0': {'_a0_': -0.27024714138291234, '_a2_': 0.028814638101760267, '_a4_': 0.3119297078902211, '_a1_': 1.0, '_a3_': 1.0, '_a5_': 1.0, '_a6_': 1.0, '_a7_': 1.0}};{'d0': 0.024905832919416605};-280.569866449044;36.79692280540652
24924;-103.488010419116;((((_a0_ + pow2(((x + _a4_) * _a4_))) + _a4_) * x) / _a2_);{'d0': {'_a0_': -0.27024714138291234, '_a2_': 0.028814638101760267, '_a4_': 0.3119297078902211, '_a1_': 1.0, '_a3_': 1.0, '_a5_': 1.0, '_a6_': 1.0, '_a7_': 1.0}};{'d0': 0.024905832919416605};-280.569866449044;36.79692280540652
24925;-103.488010419116;((((_a0_ + pow2(((x + _a4_) * _a4_))) + _a4_) * x) / _a2_);{'d0': {'_a0_': -0.27024714138291234, '_a2_': 0.028814638101760267, '_a4_': 0.3119297078902211, '_a1_': 1.0, '_a3_': 1.0, '_a5_': 1.0, '_a6_': 1.0, '_a7_': 1.0}};{'d0': 0.024905832919416605};-280.569866449044;36.79692280540652
24926;-103.488010419116;((((_a0_ + pow2(((x + _a4_) * _a4_))) + _a4_) * x) / _a2_);{'d0': {'_a0_': -0.27024714138291234, '_a2_': 0.028814638101760267, '_a4_': 0.3119297078902211, '_a1_': 1.0, '_a3_': 1.0, '_a5_': 1.0, '_a6_': 1.0, '_a7_': 1.0}};{'d0': 0.024905832919416605};-280.569866449044;36.79692280540652
24927;-103.488010419116;((((_a0_ + pow2(((x + _a4_) * _a4_))) + _a4_) * x) / _a2_);{'d0': {'_a0_': -0.27024714138291234, '_a2_': 0.028814638101760267, '_a4_': 0.3119297078902211, '_a1_': 1.0, '_a3_': 1.0, '_a5_': 1.0, '_a6_': 1.0, '_a7_': 1.0}};{'d0': 0.024905832919416605};-280.569866449044;36.79692280540652
24928;-103.488010419116;((((_a0_ + pow2(((x + _a4_) * _a4_))) + _a4_) * x) / _a2_);{'d0': {'_a0_': -0.27024714138291234, '_a2_': 0.028814638101760267, '_a4_': 0.3119297078902211, '_a1_': 1.0, '_a3_': 1.0, '_a5_': 1.0, '_a6_': 1.0, '_a7_': 1.0}};{'d0': 0.024905832919416605};-280.569866449044;36.79692280540652
24929;-103.488010419116;((((_a0_ + pow2(((x + _a4_) * _a4_))) + _a4_) * x) / _a2_);{'d0': {'_a0_': -0.27024714138291234, '_a2_': 0.028814638101760267, '_a4_': 0.3119297078902211, '_a1_': 1.0, '_a3_': 1.0, '_a5_': 1.0, '_a6_': 1.0, '_a7_': 1.0}};{'d0': 0.024905832919416605};-280.569866449044;36.79692280540652
24930;-103.488010419116;((((_a0_ + pow2(((x + _a4_) * _a4_))) + _a4_) * x) / _a2_);{'d0': {'_a0_': -0.27024714138291234, '_a2_': 0.028814638101760267, '_a4_': 0.3119297078902211, '_a1_': 1.0, '_a3_': 1.0, '_a5_': 1.0, '_a6_': 1.0, '_a7_': 1.0}};{'d0': 0.024905832919416605};-280.569866449044;36.79692280540652
24931;-103.488010419116;((((_a0_ + pow2(((x + _a4_) * _a4_))) + _a4_) * x) / _a2_);{'d0': {'_a0_': -0.27024714138291234, '_a2_': 0.028814638101760267, '_a4_': 0.3119297078902211, '_a1_': 1.0, '_a3_': 1.0, '_a5_': 1.0, '_a6_': 1.0, '_a7_': 1.0}};{'d0': 0.024905832919416605};-280.569866449044;36.79692280540652
24932;-103.488010419116;((((_a0_ + pow2(((x + _a4_) * _a4_))) + _a4_) * x) / _a2_);{'d0': {'_a0_': -0.27024714138291234, '_a2_': 0.028814638101760267, '_a4_': 0.3119297078902211, '_a1_': 1.0, '_a3_': 1.0, '_a5_': 1.0, '_a6_': 1.0, '_a7_': 1.0}};{'d0': 0.024905832919416605};-280.569866449044;36.79692280540652
24933;-103.488010419116;((((_a0_ + pow2(((x + _a4_) * _a4_))) + _a4_) * x) / _a2_);{'d0': {'_a0_': -0.27024714138291234, '_a2_': 0.028814638101760267, '_a4_': 0.3119297078902211, '_a1_': 1.0, '_a3_': 1.0, '_a5_': 1.0, '_a6_': 1.0, '_a7_': 1.0}};{'d0': 0.024905832919416605};-280.569866449044;36.79692280540652
24934;-103.488010419116;((((_a0_ + pow2(((x + _a4_) * _a4_))) + _a4_) * x) / _a2_);{'d0': {'_a0_': -0.27024714138291234, '_a2_': 0.028814638101760267, '_a4_': 0.3119297078902211, '_a1_': 1.0, '_a3_': 1.0, '_a5_': 1.0, '_a6_': 1.0, '_a7_': 1.0}};{'d0': 0.024905832919416605};-280.569866449044;36.79692280540652
24935;-103.488010419116;((((_a0_ + pow2(((x + _a4_) * _a4_))) + _a4_) * x) / _a2_);{'d0': {'_a0_': -0.27024714138291234, '_a2_': 0.028814638101760267, '_a4_': 0.3119297078902211, '_a1_': 1.0, '_a3_': 1.0, '_a5_': 1.0, '_a6_': 1.0, '_a7_': 1.0}};{'d0': 0.024905832919416605};-280.569866449044;36.79692280540652
24936;-103.488010419116;((((_a0_ + pow2(((x + _a4_) * _a4_))) + _a4_) * x) / _a2_);{'d0': {'_a0_': -0.27024714138291234, '_a2_': 0.028814638101760267, '_a4_': 0.3119297078902211, '_a1_': 1.0, '_a3_': 1.0, '_a5_': 1.0, '_a6_': 1.0, '_a7_': 1.0}};{'d0': 0.024905832919416605};-280.569866449044;36.79692280540652
24937;-103.488010419116;((((_a0_ + pow2(((x + _a4_) * _a4_))) + _a4_) * x) / _a2_);{'d0': {'_a0_': -0.27024714138291234, '_a2_': 0.028814638101760267, '_a4_': 0.3119297078902211, '_a1_': 1.0, '_a3_': 1.0, '_a5_': 1.0, '_a6_': 1.0, '_a7_': 1.0}};{'d0': 0.024905832919416605};-280.569866449044;36.79692280540652
24938;-101.702633509695;((_a3_ + (((_a7_ + x) * x) * _a4_)) * (x * pow2(-(_a4_))));{'d0': {'_a3_': -0.78867476925653, '_a4_': -1.5002608255631795, '_a7_': 0.6238594155100445, '_a0_': 1.0, '_a1_': 1.0, '_a2_': 1.0, '_a5_': 1.0, '_a6_': 1.0}};{'d0': 0.02490583291941665};-280.569866449044;38.58229971482635
24939;-101.702633509695;((_a3_ + (((_a7_ + x) * x) * _a4_)) * (x * pow2(-(_a4_))));{'d0': {'_a3_': -0.78867476925653, '_a4_': -1.5002608255631795, '_a7_': 0.6238594155100445, '_a0_': 1.0, '_a1_': 1.0, '_a2_': 1.0, '_a5_': 1.0, '_a6_': 1.0}};{'d0': 0.02490583291941665};-280.569866449044;38.58229971482635
24940;-101.702633509695;((_a3_ + (((_a7_ + x) * x) * _a4_)) * (x * pow2(-(_a4_))));{'d0': {'_a3_': -0.78867476925653, '_a4_': -1.5002608255631795, '_a7_': 0.6238594155100445, '_a0_': 1.0, '_a1_': 1.0, '_a2_': 1.0, '_a5_': 1.0, '_a6_': 1.0}};{'d0': 0.02490583291941665};-280.569866449044;38.58229971482635
24941;-101.702633509695;((_a3_ + (((_a7_ + x) * x) * _a4_)) * (x * pow2(-(_a4_))));{'d0': {'_a3_': -0.78867476925653, '_a4_': -1.5002608255631795, '_a7_': 0.6238594155100445, '_a0_': 1.0, '_a1_': 1.0, '_a2_': 1.0, '_a5_': 1.0, '_a6_': 1.0}};{'d0': 0.02490583291941665};-280.569866449044;38.58229971482635
24942;-101.702633509695;((_a3_ + (((_a7_ + x) * x) * _a4_)) * (x * pow2(-(_a4_))));{'d0': {'_a3_': -0.78867476925653, '_a4_': -1.5002608255631795, '_a7_': 0.6238594155100445, '_a0_': 1.0, '_a1_': 1.0, '_a2_': 1.0, '_a5_': 1.0, '_a6_': 1.0}};{'d0': 0.02490583291941665};-280.569866449044;38.58229971482635
24943;-101.702633509695;((_a3_ + (((_a7_ + x) * x) * _a4_)) * (x * pow2(-(_a4_))));{'d0': {'_a3_': -0.78867476925653, '_a4_': -1.5002608255631795, '_a7_': 0.6238594155100445, '_a0_': 1.0, '_a1_': 1.0, '_a2_': 1.0, '_a5_': 1.0, '_a6_': 1.0}};{'d0': 0.02490583291941665};-280.569866449044;38.58229971482635
24944;-101.702633509695;((_a3_ + (((_a7_ + x) * x) * _a4_)) * (x * pow2(-(_a4_))));{'d0': {'_a3_': -0.78867476925653, '_a4_': -1.5002608255631795, '_a7_': 0.6238594155100445, '_a0_': 1.0, '_a1_': 1.0, '_a2_': 1.0, '_a5_': 1.0, '_a6_': 1.0}};{'d0': 0.02490583291941665};-280.569866449044;38.58229971482635
24945;-101.702633509695;((_a3_ + (((_a7_ + x) * x) * _a4_)) * (x * pow2(-(_a4_))));{'d0': {'_a3_': -0.78867476925653, '_a4_': -1.5002608255631795, '_a7_': 0.6238594155100445, '_a0_': 1.0, '_a1_': 1.0, '_a2_': 1.0, '_a5_': 1.0, '_a6_': 1.0}};{'d0': 0.02490583291941665};-280.569866449044;38.58229971482635
24946;-101.702633509695;((_a3_ + (((_a7_ + x) * x) * _a4_)) * (x * pow2(-(_a4_))));{'d0': {'_a3_': -0.78867476925653, '_a4_': -1.5002608255631795, '_a7_': 0.6238594155100445, '_a0_': 1.0, '_a1_': 1.0, '_a2_': 1.0, '_a5_': 1.0, '_a6_': 1.0}};{'d0': 0.02490583291941665};-280.569866449044;38.58229971482635
24947;-101.702633509695;((_a3_ + (((_a7_ + x) * x) * _a4_)) * (x * pow2(-(_a4_))));{'d0': {'_a3_': -0.78867476925653, '_a4_': -1.5002608255631795, '_a7_': 0.6238594155100445, '_a0_': 1.0, '_a1_': 1.0, '_a2_': 1.0, '_a5_': 1.0, '_a6_': 1.0}};{'d0': 0.02490583291941665};-280.569866449044;38.58229971482635
24948;-101.702633509695;((_a3_ + (((_a7_ + x) * x) * _a4_)) * (x * pow2(-(_a4_))));{'d0': {'_a3_': -0.78867476925653, '_a4_': -1.5002608255631795, '_a7_': 0.6238594155100445, '_a0_': 1.0, '_a1_': 1.0, '_a2_': 1.0, '_a5_': 1.0, '_a6_': 1.0}};{'d0': 0.02490583291941665};-280.569866449044;38.58229971482635
24949;-101.702633509695;((_a3_ + (((_a7_ + x) * x) * _a4_)) * (x * pow2(-(_a4_))));{'d0': {'_a3_': -0.78867476925653, '_a4_': -1.5002608255631795, '_a7_': 0.6238594155100445, '_a0_': 1.0, '_a1_': 1.0, '_a2_': 1.0, '_a5_': 1.0, '_a6_': 1.0}};{'d0': 0.02490583291941665};-280.569866449044;38.58229971482635
24950;-101.702633509695;((_a3_ + (((_a7_ + x) * x) * _a4_)) * (x * pow2(-(_a4_))));{'d0': {'_a3_': -0.78867476925653, '_a4_': -1.5002608255631795, '_a7_': 0.6238594155100445, '_a0_': 1.0, '_a1_': 1.0, '_a2_': 1.0, '_a5_': 1.0, '_a6_': 1.0}};{'d0': 0.02490583291941665};-280.569866449044;38.58229971482635
24951;-101.702633509695;((_a3_ + (((_a7_ + x) * x) * _a4_)) * (x * pow2(-(_a4_))));{'d0': {'_a3_': -0.78867476925653, '_a4_': -1.5002608255631795, '_a7_': 0.6238594155100445, '_a0_': 1.0, '_a1_': 1.0, '_a2_': 1.0, '_a5_': 1.0, '_a6_': 1.0}};{'d0': 0.02490583291941665};-280.569866449044;38.58229971482635
24952;-94.8479560723172;((((_a0_ + pow2(((x + _a4_) * _a4_))) + pow3(_a3_)) * x) / _a2_);{'d0': {'_a0_': -0.43036817538262806, '_a2_': 0.02881463809342623, '_a3_': 0.7786271896774855, '_a4_': 0.3119297078316964, '_a1_': 1.0, '_a5_': 1.0, '_a6_': 1.0, '_a7_': 1.0}};{'d0': 0.02490583292213749};-276.475521880267;43.389804867816515
24953;-101.440838127423;((((_a0_ + pow2(((x + _a4_) * _a4_))) + _a7_) * x) / _a2_);{'d0': {'_a0_': -439.73569888541306, '_a2_': 0.02881464244025859, '_a4_': 0.3119297320937548, '_a7_': 439.7773814378818, '_a1_': 1.0, '_a3_': 1.0, '_a5_': 1.0, '_a6_': 1.0}};{'d0': 0.024905832928201154};-276.475521865659;36.79692280540652
24954;-101.440838127423;((((_a0_ + pow2(((x + _a4_) * _a4_))) + _a7_) * x) / _a2_);{'d0': {'_a0_': -439.73569888541306, '_a2_': 0.02881464244025859, '_a4_': 0.3119297320937548, '_a7_': 439.7773814378818, '_a1_': 1.0, '_a3_': 1.0, '_a5_': 1.0, '_a6_': 1.0}};{'d0': 0.024905832928201154};-276.475521865659;36.79692280540652
24955;-101.440838127423;((((_a0_ + pow2(((x + _a4_) * _a4_))) + _a7_) * x) / _a2_);{'d0': {'_a0_': -439.73569888541306, '_a2_': 0.02881464244025859, '_a4_': 0.3119297320937548, '_a7_': 439.7773814378818, '_a1_': 1.0, '_a3_': 1.0, '_a5_': 1.0, '_a6_': 1.0}};{'d0': 0.024905832928201154};-276.475521865659;36.79692280540652
24956;-101.440838127423;((((_a0_ + pow2(((x + _a4_) * _a4_))) + _a7_) * x) / _a2_);{'d0': {'_a0_': -439.73569888541306, '_a2_': 0.02881464244025859, '_a4_': 0.3119297320937548, '_a7_': 439.7773814378818, '_a1_': 1.0, '_a3_': 1.0, '_a5_': 1.0, '_a6_': 1.0}};{'d0': 0.024905832928201154};-276.475521865659;36.79692280540652
24957;-105.382580669956;((_a3_ + (((_a7_ + x) * x) * _a4_)) * (x * pow2(_a4_)));{'d0': {'_a3_': 0.7886747693104006, '_a4_': 1.50026082556803, '_a7_': 0.6238594155690266, '_a0_': 1.0, '_a1_': 1.0, '_a2_': 1.0, '_a5_': 1.0, '_a6_': 1.0}};{'d0': 0.024905832919416677};-280.569866449043;34.90235255456596
24958;-105.382580669956;((_a3_ + (((_a7_ + x) * x) * _a4_)) * (x * pow2(_a4_)));{'d0': {'_a3_': 0.7886747693104006, '_a4_': 1.50026082556803, '_a7_': 0.6238594155690266, '_a0_': 1.0, '_a1_': 1.0, '_a2_': 1.0, '_a5_': 1.0, '_a6_': 1.0}};{'d0': 0.024905832919416677};-280.569866449043;34.90235255456596
24959;-105.382580669956;((_a3_ + (((_a7_ + x) * x) * _a4_)) * (x * pow2(_a4_)));{'d0': {'_a3_': 0.7886747693104006, '_a4_': 1.50026082556803, '_a7_': 0.6238594155690266, '_a0_': 1.0, '_a1_': 1.0, '_a2_': 1.0, '_a5_': 1.0, '_a6_': 1.0}};{'d0': 0.024905832919416677};-280.569866449043;34.90235255456596
24960;-105.382580669956;((_a3_ + (((_a7_ + x) * x) * _a4_)) * (x * pow2(_a4_)));{'d0': {'_a3_': 0.7886747693104006, '_a4_': 1.50026082556803, '_a7_': 0.6238594155690266, '_a0_': 1.0, '_a1_': 1.0, '_a2_': 1.0, '_a5_': 1.0, '_a6_': 1.0}};{'d0': 0.024905832919416677};-280.569866449043;34.90235255456596
24961;-105.382580669956;((_a3_ + (((_a7_ + x) * x) * _a4_)) * (x * pow2(_a4_)));{'d0': {'_a3_': 0.7886747693104006, '_a4_': 1.50026082556803, '_a7_': 0.6238594155690266, '_a0_': 1.0, '_a1_': 1.0, '_a2_': 1.0, '_a5_': 1.0, '_a6_': 1.0}};{'d0': 0.024905832919416677};-280.569866449043;34.90235255456596
24962;-105.382580669956;((_a3_ + (((_a7_ + x) * x) * _a4_)) * (x * pow2(_a4_)));{'d0': {'_a3_': 0.7886747693104006, '_a4_': 1.50026082556803, '_a7_': 0.6238594155690266, '_a0_': 1.0, '_a1_': 1.0, '_a2_': 1.0, '_a5_': 1.0, '_a6_': 1.0}};{'d0': 0.024905832919416677};-280.569866449043;34.90235255456596
24963;-105.382580669956;((_a3_ + (((_a7_ + x) * x) * _a4_)) * (x * pow2(_a4_)));{'d0': {'_a3_': 0.7886747693104006, '_a4_': 1.50026082556803, '_a7_': 0.6238594155690266, '_a0_': 1.0, '_a1_': 1.0, '_a2_': 1.0, '_a5_': 1.0, '_a6_': 1.0}};{'d0': 0.024905832919416677};-280.569866449043;34.90235255456596
24964;-105.382580669956;((_a3_ + (((_a7_ + x) * x) * _a4_)) * (x * pow2(_a4_)));{'d0': {'_a3_': 0.7886747693104006, '_a4_': 1.50026082556803, '_a7_': 0.6238594155690266, '_a0_': 1.0, '_a1_': 1.0, '_a2_': 1.0, '_a5_': 1.0, '_a6_': 1.0}};{'d0': 0.024905832919416677};-280.569866449043;34.90235255456596
24965;-105.382580669956;((_a3_ + (((_a7_ + x) * x) * _a4_)) * (x * pow2(_a4_)));{'d0': {'_a3_': 0.7886747693104006, '_a4_': 1.50026082556803, '_a7_': 0.6238594155690266, '_a0_': 1.0, '_a1_': 1.0, '_a2_': 1.0, '_a5_': 1.0, '_a6_': 1.0}};{'d0': 0.024905832919416677};-280.569866449043;34.90235255456596
24966;-105.382580669956;((_a3_ + (((_a7_ + x) * x) * _a4_)) * (x * pow2(_a4_)));{'d0': {'_a3_': 0.7886747693104006, '_a4_': 1.50026082556803, '_a7_': 0.6238594155690266, '_a0_': 1.0, '_a1_': 1.0, '_a2_': 1.0, '_a5_': 1.0, '_a6_': 1.0}};{'d0': 0.024905832919416677};-280.569866449043;34.90235255456596
24967;-105.382580669956;((_a3_ + (((_a7_ + x) * x) * _a4_)) * (x * pow2(_a4_)));{'d0': {'_a3_': 0.7886747693104006, '_a4_': 1.50026082556803, '_a7_': 0.6238594155690266, '_a0_': 1.0, '_a1_': 1.0, '_a2_': 1.0, '_a5_': 1.0, '_a6_': 1.0}};{'d0': 0.024905832919416677};-280.569866449043;34.90235255456596
24968;-98.7190323238557;((_a3_ + ((((_a0_ ** _a4_) + x) * x) * _a4_)) * (x * pow2(_a4_)));{'d0': {'_a0_': 0.7301547350489637, '_a3_': 0.7886747694395283, '_a4_': 1.5002608254949257, '_a1_': 1.0, '_a2_': 1.0, '_a5_': 1.0, '_a6_': 1.0, '_a7_': 1.0}};{'d0': 0.02490583291941661};-280.569866449044;41.56590090066596
24969;-98.7190323238557;((_a3_ + ((((_a0_ ** _a4_) + x) * x) * _a4_)) * (x * pow2(_a4_)));{'d0': {'_a0_': 0.7301547350489637, '_a3_': 0.7886747694395283, '_a4_': 1.5002608254949257, '_a1_': 1.0, '_a2_': 1.0, '_a5_': 1.0, '_a6_': 1.0, '_a7_': 1.0}};{'d0': 0.02490583291941661};-280.569866449044;41.56590090066596
24970;-98.7190323238557;((_a3_ + ((((_a0_ ** _a4_) + x) * x) * _a4_)) * (x * pow2(_a4_)));{'d0': {'_a0_': 0.7301547350489637, '_a3_': 0.7886747694395283, '_a4_': 1.5002608254949257, '_a1_': 1.0, '_a2_': 1.0, '_a5_': 1.0, '_a6_': 1.0, '_a7_': 1.0}};{'d0': 0.02490583291941661};-280.569866449044;41.56590090066596
24971;-98.7190323238557;((_a3_ + ((((_a0_ ** _a4_) + x) * x) * _a4_)) * (x * pow2(_a4_)));{'d0': {'_a0_': 0.7301547350489637, '_a3_': 0.7886747694395283, '_a4_': 1.5002608254949257, '_a1_': 1.0, '_a2_': 1.0, '_a5_': 1.0, '_a6_': 1.0, '_a7_': 1.0}};{'d0': 0.02490583291941661};-280.569866449044;41.56590090066596
24972;-98.7190323238557;((_a3_ + ((((_a0_ ** _a4_) + x) * x) * _a4_)) * (x * pow2(_a4_)));{'d0': {'_a0_': 0.7301547350489637, '_a3_': 0.7886747694395283, '_a4_': 1.5002608254949257, '_a1_': 1.0, '_a2_': 1.0, '_a5_': 1.0, '_a6_': 1.0, '_a7_': 1.0}};{'d0': 0.02490583291941661};-280.569866449044;41.56590090066596
24973;-98.7190323238557;((_a3_ + ((((_a0_ ** _a4_) + x) * x) * _a4_)) * (x * pow2(_a4_)));{'d0': {'_a0_': 0.7301547350489637, '_a3_': 0.7886747694395283, '_a4_': 1.5002608254949257, '_a1_': 1.0, '_a2_': 1.0, '_a5_': 1.0, '_a6_': 1.0, '_a7_': 1.0}};{'d0': 0.02490583291941661};-280.569866449044;41.56590090066596
24974;-98.7190323238557;((_a3_ + ((((_a0_ ** _a4_) + x) * x) * _a4_)) * (x * pow2(_a4_)));{'d0': {'_a0_': 0.7301547350489637, '_a3_': 0.7886747694395283, '_a4_': 1.5002608254949257, '_a1_': 1.0, '_a2_': 1.0, '_a5_': 1.0, '_a6_': 1.0, '_a7_': 1.0}};{'d0': 0.02490583291941661};-280.569866449044;41.56590090066596
24975;-98.7190323238557;((_a3_ + ((((_a0_ ** _a4_) + x) * x) * _a4_)) * (x * pow2(_a4_)));{'d0': {'_a0_': 0.7301547350489637, '_a3_': 0.7886747694395283, '_a4_': 1.5002608254949257, '_a1_': 1.0, '_a2_': 1.0, '_a5_': 1.0, '_a6_': 1.0, '_a7_': 1.0}};{'d0': 0.02490583291941661};-280.569866449044;41.56590090066596
24976;-98.7190323238557;((_a3_ + ((((_a0_ ** _a4_) + x) * x) * _a4_)) * (x * pow2(_a4_)));{'d0': {'_a0_': 0.7301547350489637, '_a3_': 0.7886747694395283, '_a4_': 1.5002608254949257, '_a1_': 1.0, '_a2_': 1.0, '_a5_': 1.0, '_a6_': 1.0, '_a7_': 1.0}};{'d0': 0.02490583291941661};-280.569866449044;41.56590090066596
24977;-98.7190323238557;((_a3_ + ((((_a0_ ** _a4_) + x) * x) * _a4_)) * (x * pow2(_a4_)));{'d0': {'_a0_': 0.7301547350489637, '_a3_': 0.7886747694395283, '_a4_': 1.5002608254949257, '_a1_': 1.0, '_a2_': 1.0, '_a5_': 1.0, '_a6_': 1.0, '_a7_': 1.0}};{'d0': 0.02490583291941661};-280.569866449044;41.56590090066596
24978;-98.7190323238557;((_a3_ + ((((_a0_ ** _a4_) + x) * x) * _a4_)) * (x * pow2(_a4_)));{'d0': {'_a0_': 0.7301547350489637, '_a3_': 0.7886747694395283, '_a4_': 1.5002608254949257, '_a1_': 1.0, '_a2_': 1.0, '_a5_': 1.0, '_a6_': 1.0, '_a7_': 1.0}};{'d0': 0.02490583291941661};-280.569866449044;41.56590090066596
24979;-98.7190323238557;((_a3_ + ((((_a0_ ** _a4_) + x) * x) * _a4_)) * (x * pow2(_a4_)));{'d0': {'_a0_': 0.7301547350489637, '_a3_': 0.7886747694395283, '_a4_': 1.5002608254949257, '_a1_': 1.0, '_a2_': 1.0, '_a5_': 1.0, '_a6_': 1.0, '_a7_': 1.0}};{'d0': 0.02490583291941661};-280.569866449044;41.56590090066596
24980;-102.416966796466;((_a3_ + ((((_a0_ ** _a4_) + x) * x) * _a4_)) * (x * _a4_));{'d0': {'_a0_': 0.7735500744553023, '_a3_': 0.966009354208301, '_a4_': 1.8375964953092028, '_a1_': 1.0, '_a2_': 1.0, '_a5_': 1.0, '_a6_': 1.0, '_a7_': 1.0}};{'d0': 0.024905832919416636};-280.569866449044;37.86796642805596
24981;-102.416966796466;((_a3_ + ((((_a0_ ** _a4_) + x) * x) * _a4_)) * (x * _a4_));{'d0': {'_a0_': 0.7735500744553023, '_a3_': 0.966009354208301, '_a4_': 1.8375964953092028, '_a1_': 1.0, '_a2_': 1.0, '_a5_': 1.0, '_a6_': 1.0, '_a7_': 1.0}};{'d0': 0.024905832919416636};-280.569866449044;37.86796642805596
24982;-102.416966796466;((_a3_ + ((((_a0_ ** _a4_) + x) * x) * _a4_)) * (x * _a4_));{'d0': {'_a0_': 0.7735500744553023, '_a3_': 0.966009354208301, '_a4_': 1.8375964953092028, '_a1_': 1.0, '_a2_': 1.0, '_a5_': 1.0, '_a6_': 1.0, '_a7_': 1.0}};{'d0': 0.024905832919416636};-280.569866449044;37.86796642805596
24983;-102.416966796466;((_a3_ + ((((_a0_ ** _a4_) + x) * x) * _a4_)) * (x * _a4_));{'d0': {'_a0_': 0.7735500744553023, '_a3_': 0.966009354208301, '_a4_': 1.8375964953092028, '_a1_': 1.0, '_a2_': 1.0, '_a5_': 1.0, '_a6_': 1.0, '_a7_': 1.0}};{'d0': 0.024905832919416636};-280.569866449044;37.86796642805596
24984;-103.721183112456;((_a3_ + (((log(_a0_) + x) * x) * _a4_)) * (x * _a4_));{'d0': {'_a0_': 1.8661162801961253, '_a3_': 0.9660093550145211, '_a4_': 1.8375964948352261, '_a1_': 1.0, '_a2_': 1.0, '_a5_': 1.0, '_a6_': 1.0, '_a7_': 1.0}};{'d0': 0.02490583291941663};-280.569866449044;36.56375011206596
24985;-103.721183112456;((_a3_ + (((log(_a0_) + x) * x) * _a4_)) * (x * _a4_));{'d0': {'_a0_': 1.8661162801961253, '_a3_': 0.9660093550145211, '_a4_': 1.8375964948352261, '_a1_': 1.0, '_a2_': 1.0, '_a5_': 1.0, '_a6_': 1.0, '_a7_': 1.0}};{'d0': 0.02490583291941663};-280.569866449044;36.56375011206596
24986;-103.721183112456;((_a3_ + (((log(_a0_) + x) * x) * _a4_)) * (x * _a4_));{'d0': {'_a0_': 1.8661162801961253, '_a3_': 0.9660093550145211, '_a4_': 1.8375964948352261, '_a1_': 1.0, '_a2_': 1.0, '_a5_': 1.0, '_a6_': 1.0, '_a7_': 1.0}};{'d0': 0.02490583291941663};-280.569866449044;36.56375011206596
24987;-103.721183112456;((_a3_ + (((log(_a0_) + x) * x) * _a4_)) * (x * _a4_));{'d0': {'_a0_': 1.8661162801961253, '_a3_': 0.9660093550145211, '_a4_': 1.8375964948352261, '_a1_': 1.0, '_a2_': 1.0, '_a5_': 1.0, '_a6_': 1.0, '_a7_': 1.0}};{'d0': 0.02490583291941663};-280.569866449044;36.56375011206596
24988;-103.721183112456;((_a3_ + (((log(_a0_) + x) * x) * _a4_)) * (x * _a4_));{'d0': {'_a0_': 1.8661162801961253, '_a3_': 0.9660093550145211, '_a4_': 1.8375964948352261, '_a1_': 1.0, '_a2_': 1.0, '_a5_': 1.0, '_a6_': 1.0, '_a7_': 1.0}};{'d0': 0.02490583291941663};-280.569866449044;36.56375011206596
24989;-103.721183112456;((_a3_ + (((log(_a0_) + x) * x) * _a4_)) * (x * _a4_));{'d0': {'_a0_': 1.8661162801961253, '_a3_': 0.9660093550145211, '_a4_': 1.8375964948352261, '_a1_': 1.0, '_a2_': 1.0, '_a5_': 1.0, '_a6_': 1.0, '_a7_': 1.0}};{'d0': 0.02490583291941663};-280.569866449044;36.56375011206596
24990;-103.721183112456;((_a3_ + (((log(_a0_) + x) * x) * _a4_)) * (x * _a4_));{'d0': {'_a0_': 1.8661162801961253, '_a3_': 0.9660093550145211, '_a4_': 1.8375964948352261, '_a1_': 1.0, '_a2_': 1.0, '_a5_': 1.0, '_a6_': 1.0, '_a7_': 1.0}};{'d0': 0.02490583291941663};-280.569866449044;36.56375011206596
24991;-103.721183112456;((_a3_ + (((log(_a0_) + x) * x) * _a4_)) * (x * _a4_));{'d0': {'_a0_': 1.8661162801961253, '_a3_': 0.9660093550145211, '_a4_': 1.8375964948352261, '_a1_': 1.0, '_a2_': 1.0, '_a5_': 1.0, '_a6_': 1.0, '_a7_': 1.0}};{'d0': 0.02490583291941663};-280.569866449044;36.56375011206596
24992;-103.721183112456;((_a3_ + (((log(_a0_) + x) * x) * _a4_)) * (x * _a4_));{'d0': {'_a0_': 1.8661162801961253, '_a3_': 0.9660093550145211, '_a4_': 1.8375964948352261, '_a1_': 1.0, '_a2_': 1.0, '_a5_': 1.0, '_a6_': 1.0, '_a7_': 1.0}};{'d0': 0.02490583291941663};-280.569866449044;36.56375011206596
24993;-103.721183112456;((_a3_ + (((log(_a0_) + x) * x) * _a4_)) * (x * _a4_));{'d0': {'_a0_': 1.8661162801961253, '_a3_': 0.9660093550145211, '_a4_': 1.8375964948352261, '_a1_': 1.0, '_a2_': 1.0, '_a5_': 1.0, '_a6_': 1.0, '_a7_': 1.0}};{'d0': 0.02490583291941663};-280.569866449044;36.56375011206596
24994;-103.721183112456;((_a3_ + (((log(_a0_) + x) * x) * _a4_)) * (x * _a4_));{'d0': {'_a0_': 1.8661162801961253, '_a3_': 0.9660093550145211, '_a4_': 1.8375964948352261, '_a1_': 1.0, '_a2_': 1.0, '_a5_': 1.0, '_a6_': 1.0, '_a7_': 1.0}};{'d0': 0.02490583291941663};-280.569866449044;36.56375011206596
24995;-103.721183112456;((_a3_ + (((log(_a0_) + x) * x) * _a4_)) * (x * _a4_));{'d0': {'_a0_': 1.8661162801961253, '_a3_': 0.9660093550145211, '_a4_': 1.8375964948352261, '_a1_': 1.0, '_a2_': 1.0, '_a5_': 1.0, '_a6_': 1.0, '_a7_': 1.0}};{'d0': 0.02490583291941663};-280.569866449044;36.56375011206596
24996;-103.721183112456;((_a3_ + (((log(_a0_) + x) * x) * _a4_)) * (x * _a4_));{'d0': {'_a0_': 1.8661162801961253, '_a3_': 0.9660093550145211, '_a4_': 1.8375964948352261, '_a1_': 1.0, '_a2_': 1.0, '_a5_': 1.0, '_a6_': 1.0, '_a7_': 1.0}};{'d0': 0.02490583291941663};-280.569866449044;36.56375011206596
24997;-103.721183112456;((_a3_ + (((log(_a0_) + x) * x) * _a4_)) * (x * _a4_));{'d0': {'_a0_': 1.8661162801961253, '_a3_': 0.9660093550145211, '_a4_': 1.8375964948352261, '_a1_': 1.0, '_a2_': 1.0, '_a5_': 1.0, '_a6_': 1.0, '_a7_': 1.0}};{'d0': 0.02490583291941663};-280.569866449044;36.56375011206596
24998;-103.721183112456;((_a3_ + (((log(_a0_) + x) * x) * _a4_)) * (x * _a4_));{'d0': {'_a0_': 1.8661162801961253, '_a3_': 0.9660093550145211, '_a4_': 1.8375964948352261, '_a1_': 1.0, '_a2_': 1.0, '_a5_': 1.0, '_a6_': 1.0, '_a7_': 1.0}};{'d0': 0.02490583291941663};-280.569866449044;36.56375011206596
24999;-103.488010419116;((((_a0_ + pow2(((x + _a4_) * _a4_))) + _a7_) * x) / _a7_);{'d0': {'_a0_': 0.012867928391108913, '_a4_': 0.31192970776718526, '_a7_': 0.02881463807948016, '_a1_': 1.0, '_a2_': 1.0, '_a3_': 1.0, '_a5_': 1.0, '_a6_': 1.0}};{'d0': 0.024905832919416553};-280.569866449044;36.79692280540652
25000;-102.455412963781;((((_a0_ + pow2(((x + _a4_) / _a4_))) + _a7_) * x) / _a7_);{'d0': {'_a0_': 1.359194736194526, '_a4_': 0.3119297076726733, '_a7_': 3.0435904765907713, '_a1_': 1.0, '_a2_': 1.0, '_a3_': 1.0, '_a5_': 1.0, '_a6_': 1.0}};{'d0': 0.024905832919416598};-280.569866449044;37.829520260740715
25001;-96.9131156690553;((((-((x * (x + _a7_))) + pow3(_a6_)) + _a4_) * x) / _a6_);{'d0': {'_a4_': -0.49972014829489675, '_a6_': -0.2961417867923665, '_a7_': 0.6238594156793813, '_a0_': 1.0, '_a1_': 1.0, '_a2_': 1.0, '_a3_': 1.0, '_a5_': 1.0}};{'d0': 0.024905832919416577};-280.569866449044;43.37181755546683
25002;-96.9131156690553;((((-((x * (x + _a7_))) + pow3(_a6_)) + _a4_) * x) / _a6_);{'d0': {'_a4_': -0.49972014829489675, '_a6_': -0.2961417867923665, '_a7_': 0.6238594156793813, '_a0_': 1.0, '_a1_': 1.0, '_a2_': 1.0, '_a3_': 1.0, '_a5_': 1.0}};{'d0': 0.024905832919416577};-280.569866449044;43.37181755546683
25003;-96.9131156690553;((((-((x * (x + _a7_))) + pow3(_a6_)) + _a4_) * x) / _a6_);{'d0': {'_a4_': -0.49972014829489675, '_a6_': -0.2961417867923665, '_a7_': 0.6238594156793813, '_a0_': 1.0, '_a1_': 1.0, '_a2_': 1.0, '_a3_': 1.0, '_a5_': 1.0}};{'d0': 0.024905832919416577};-280.569866449044;43.37181755546683
25004;-96.9131156690553;((((-((x * (x + _a7_))) + pow3(_a6_)) + _a4_) * x) / _a6_);{'d0': {'_a4_': -0.49972014829489675, '_a6_': -0.2961417867923665, '_a7_': 0.6238594156793813, '_a0_': 1.0, '_a1_': 1.0, '_a2_': 1.0, '_a3_': 1.0, '_a5_': 1.0}};{'d0': 0.024905832919416577};-280.569866449044;43.37181755546683
25005;-96.9131156690553;((((-((x * (x + _a7_))) + pow3(_a6_)) + _a4_) * x) / _a6_);{'d0': {'_a4_': -0.49972014829489675, '_a6_': -0.2961417867923665, '_a7_': 0.6238594156793813, '_a0_': 1.0, '_a1_': 1.0, '_a2_': 1.0, '_a3_': 1.0, '_a5_': 1.0}};{'d0': 0.024905832919416577};-280.569866449044;43.37181755546683
25006;-96.9131156690553;((((-((x * (x + _a7_))) + pow3(_a6_)) + _a4_) * x) / _a6_);{'d0': {'_a4_': -0.49972014829489675, '_a6_': -0.2961417867923665, '_a7_': 0.6238594156793813, '_a0_': 1.0, '_a1_': 1.0, '_a2_': 1.0, '_a3_': 1.0, '_a5_': 1.0}};{'d0': 0.024905832919416577};-280.569866449044;43.37181755546683
25007;-96.9131156690553;((((-((x * (x + _a7_))) + pow3(_a6_)) + _a4_) * x) / _a6_);{'d0': {'_a4_': -0.49972014829489675, '_a6_': -0.2961417867923665, '_a7_': 0.6238594156793813, '_a0_': 1.0, '_a1_': 1.0, '_a2_': 1.0, '_a3_': 1.0, '_a5_': 1.0}};{'d0': 0.024905832919416577};-280.569866449044;43.37181755546683
25008;-96.9131156690553;((((-((x * (x + _a7_))) + pow3(_a6_)) + _a4_) * x) / _a6_);{'d0': {'_a4_': -0.49972014829489675, '_a6_': -0.2961417867923665, '_a7_': 0.6238594156793813, '_a0_': 1.0, '_a1_': 1.0, '_a2_': 1.0, '_a3_': 1.0, '_a5_': 1.0}};{'d0': 0.024905832919416577};-280.569866449044;43.37181755546683
25009;-96.9131156690553;((((-((x * (x + _a7_))) + pow3(_a6_)) + _a4_) * x) / _a6_);{'d0': {'_a4_': -0.49972014829489675, '_a6_': -0.2961417867923665, '_a7_': 0.6238594156793813, '_a0_': 1.0, '_a1_': 1.0, '_a2_': 1.0, '_a3_': 1.0, '_a5_': 1.0}};{'d0': 0.024905832919416577};-280.569866449044;43.37181755546683
25010;-96.9131156690553;((((-((x * (x + _a7_))) + pow3(_a6_)) + _a4_) * x) / _a6_);{'d0': {'_a4_': -0.49972014829489675, '_a6_': -0.2961417867923665, '_a7_': 0.6238594156793813, '_a0_': 1.0, '_a1_': 1.0, '_a2_': 1.0, '_a3_': 1.0, '_a5_': 1.0}};{'d0': 0.024905832919416577};-280.569866449044;43.37181755546683
25011;-96.9131156690553;((((-((x * (x + _a7_))) + pow3(_a6_)) + _a4_) * x) / _a6_);{'d0': {'_a4_': -0.49972014829489675, '_a6_': -0.2961417867923665, '_a7_': 0.6238594156793813, '_a0_': 1.0, '_a1_': 1.0, '_a2_': 1.0, '_a3_': 1.0, '_a5_': 1.0}};{'d0': 0.024905832919416577};-280.569866449044;43.37181755546683
25012;-96.9131156690553;((((-((x * (x + _a7_))) + pow3(_a6_)) + _a4_) * x) / _a6_);{'d0': {'_a4_': -0.49972014829489675, '_a6_': -0.2961417867923665, '_a7_': 0.6238594156793813, '_a0_': 1.0, '_a1_': 1.0, '_a2_': 1.0, '_a3_': 1.0, '_a5_': 1.0}};{'d0': 0.024905832919416577};-280.569866449044;43.37181755546683
25013;-96.9131156690553;((((-((x * (x + _a7_))) + pow3(_a6_)) + _a4_) * x) / _a6_);{'d0': {'_a4_': -0.49972014829489675, '_a6_': -0.2961417867923665, '_a7_': 0.6238594156793813, '_a0_': 1.0, '_a1_': 1.0, '_a2_': 1.0, '_a3_': 1.0, '_a5_': 1.0}};{'d0': 0.024905832919416577};-280.569866449044;43.37181755546683
25014;-96.9131156690553;((((-((x * (x + _a7_))) + pow3(_a6_)) + _a4_) * x) / _a6_);{'d0': {'_a4_': -0.49972014829489675, '_a6_': -0.2961417867923665, '_a7_': 0.6238594156793813, '_a0_': 1.0, '_a1_': 1.0, '_a2_': 1.0, '_a3_': 1.0, '_a5_': 1.0}};{'d0': 0.024905832919416577};-280.569866449044;43.37181755546683
25015;-96.9131156690553;((((-((x * (x + _a7_))) + pow3(_a6_)) + _a4_) * x) / _a6_);{'d0': {'_a4_': -0.49972014829489675, '_a6_': -0.2961417867923665, '_a7_': 0.6238594156793813, '_a0_': 1.0, '_a1_': 1.0, '_a2_': 1.0, '_a3_': 1.0, '_a5_': 1.0}};{'d0': 0.024905832919416577};-280.569866449044;43.37181755546683
25016;-96.9131156690553;((((-((x * (x + _a7_))) + pow3(_a6_)) + _a4_) * x) / _a6_);{'d0': {'_a4_': -0.49972014829489675, '_a6_': -0.2961417867923665, '_a7_': 0.6238594156793813, '_a0_': 1.0, '_a1_': 1.0, '_a2_': 1.0, '_a3_': 1.0, '_a5_': 1.0}};{'d0': 0.024905832919416577};-280.569866449044;43.37181755546683
25017;-96.9131156690553;((((-((x * (x + _a7_))) + pow3(_a6_)) + _a4_) * x) / _a6_);{'d0': {'_a4_': -0.49972014829489675, '_a6_': -0.2961417867923665, '_a7_': 0.6238594156793813, '_a0_': 1.0, '_a1_': 1.0, '_a2_': 1.0, '_a3_': 1.0, '_a5_': 1.0}};{'d0': 0.024905832919416577};-280.569866449044;43.37181755546683
25018;-96.9131156690553;((((-((x * (x + _a7_))) + pow3(_a6_)) + _a4_) * x) / _a6_);{'d0': {'_a4_': -0.49972014829489675, '_a6_': -0.2961417867923665, '_a7_': 0.6238594156793813, '_a0_': 1.0, '_a1_': 1.0, '_a2_': 1.0, '_a3_': 1.0, '_a5_': 1.0}};{'d0': 0.024905832919416577};-280.569866449044;43.37181755546683
25019;-96.9131156690553;((((-((x * (x + _a7_))) + pow3(_a6_)) + _a4_) * x) / _a6_);{'d0': {'_a4_': -0.49972014829489675, '_a6_': -0.2961417867923665, '_a7_': 0.6238594156793813, '_a0_': 1.0, '_a1_': 1.0, '_a2_': 1.0, '_a3_': 1.0, '_a5_': 1.0}};{'d0': 0.024905832919416577};-280.569866449044;43.37181755546683
25020;-96.9131156690553;((((-((x * (x + _a7_))) + pow3(_a6_)) + _a4_) * x) / _a6_);{'d0': {'_a4_': -0.49972014829489675, '_a6_': -0.2961417867923665, '_a7_': 0.6238594156793813, '_a0_': 1.0, '_a1_': 1.0, '_a2_': 1.0, '_a3_': 1.0, '_a5_': 1.0}};{'d0': 0.024905832919416577};-280.569866449044;43.37181755546683
25021;-96.9131156690553;((((-((x * (x + _a7_))) + pow3(_a6_)) + _a4_) * x) / _a6_);{'d0': {'_a4_': -0.49972014829489675, '_a6_': -0.2961417867923665, '_a7_': 0.6238594156793813, '_a0_': 1.0, '_a1_': 1.0, '_a2_': 1.0, '_a3_': 1.0, '_a5_': 1.0}};{'d0': 0.024905832919416577};-280.569866449044;43.37181755546683
25022;-96.9131156690553;((((-((x * (x + _a7_))) + pow3(_a6_)) + _a4_) * x) / _a6_);{'d0': {'_a4_': -0.49972014829489675, '_a6_': -0.2961417867923665, '_a7_': 0.6238594156793813, '_a0_': 1.0, '_a1_': 1.0, '_a2_': 1.0, '_a3_': 1.0, '_a5_': 1.0}};{'d0': 0.024905832919416577};-280.569866449044;43.37181755546683
25023;-96.9131156690553;((((-((x * (x + _a7_))) + pow3(_a6_)) + _a4_) * x) / _a6_);{'d0': {'_a4_': -0.49972014829489675, '_a6_': -0.2961417867923665, '_a7_': 0.6238594156793813, '_a0_': 1.0, '_a1_': 1.0, '_a2_': 1.0, '_a3_': 1.0, '_a5_': 1.0}};{'d0': 0.024905832919416577};-280.569866449044;43.37181755546683
25024;-103.505997731465;((((-((x * (x + _a7_))) + _a6_) + _a4_) * x) / _a6_);{'d0': {'_a4_': -0.2295499838608565, '_a6_': -0.2961417868527733, '_a7_': 0.6238594157373276, '_a0_': 1.0, '_a1_': 1.0, '_a2_': 1.0, '_a3_': 1.0, '_a5_': 1.0}};{'d0': 0.024905832919416594};-280.569866449044;36.778935493056835
25025;-98.1382168817567;((_a3_ + ((((_a4_ + _a2_) + x) * (_a4_ * x)) * _a4_)) * (x * _a4_));{'d0': {'_a2_': -0.8764014099497734, '_a3_': 1.1832178605915438, '_a4_': 1.5002608255204823, '_a0_': 1.0, '_a1_': 1.0, '_a5_': 1.0, '_a6_': 1.0, '_a7_': 1.0}};{'d0': 0.02490583291941662};-280.569866449044;42.14671634276496
25026;-98.1382168817567;((_a3_ + ((((_a4_ + _a2_) + x) * (_a4_ * x)) * _a4_)) * (x * _a4_));{'d0': {'_a2_': -0.8764014099497734, '_a3_': 1.1832178605915438, '_a4_': 1.5002608255204823, '_a0_': 1.0, '_a1_': 1.0, '_a5_': 1.0, '_a6_': 1.0, '_a7_': 1.0}};{'d0': 0.02490583291941662};-280.569866449044;42.14671634276496
25027;-98.1382168817567;((_a3_ + ((((_a4_ + _a2_) + x) * (_a4_ * x)) * _a4_)) * (x * _a4_));{'d0': {'_a2_': -0.8764014099497734, '_a3_': 1.1832178605915438, '_a4_': 1.5002608255204823, '_a0_': 1.0, '_a1_': 1.0, '_a5_': 1.0, '_a6_': 1.0, '_a7_': 1.0}};{'d0': 0.02490583291941662};-280.569866449044;42.14671634276496
25028;-98.1382168817567;((_a3_ + ((((_a4_ + _a2_) + x) * (_a4_ * x)) * _a4_)) * (x * _a4_));{'d0': {'_a2_': -0.8764014099497734, '_a3_': 1.1832178605915438, '_a4_': 1.5002608255204823, '_a0_': 1.0, '_a1_': 1.0, '_a5_': 1.0, '_a6_': 1.0, '_a7_': 1.0}};{'d0': 0.02490583291941662};-280.569866449044;42.14671634276496
25029;-98.1382168817567;((_a3_ + ((((_a4_ + _a2_) + x) * (_a4_ * x)) * _a4_)) * (x * _a4_));{'d0': {'_a2_': -0.8764014099497734, '_a3_': 1.1832178605915438, '_a4_': 1.5002608255204823, '_a0_': 1.0, '_a1_': 1.0, '_a5_': 1.0, '_a6_': 1.0, '_a7_': 1.0}};{'d0': 0.02490583291941662};-280.569866449044;42.14671634276496
25030;-98.1382168817567;((_a3_ + ((((_a4_ + _a2_) + x) * (_a4_ * x)) * _a4_)) * (x * _a4_));{'d0': {'_a2_': -0.8764014099497734, '_a3_': 1.1832178605915438, '_a4_': 1.5002608255204823, '_a0_': 1.0, '_a1_': 1.0, '_a5_': 1.0, '_a6_': 1.0, '_a7_': 1.0}};{'d0': 0.02490583291941662};-280.569866449044;42.14671634276496
25031;-98.1382168817567;((_a3_ + ((((_a4_ + _a2_) + x) * (_a4_ * x)) * _a4_)) * (x * _a4_));{'d0': {'_a2_': -0.8764014099497734, '_a3_': 1.1832178605915438, '_a4_': 1.5002608255204823, '_a0_': 1.0, '_a1_': 1.0, '_a5_': 1.0, '_a6_': 1.0, '_a7_': 1.0}};{'d0': 0.02490583291941662};-280.569866449044;42.14671634276496
25032;-98.1382168817567;((_a3_ + ((((_a4_ + _a2_) + x) * (_a4_ * x)) * _a4_)) * (x * _a4_));{'d0': {'_a2_': -0.8764014099497734, '_a3_': 1.1832178605915438, '_a4_': 1.5002608255204823, '_a0_': 1.0, '_a1_': 1.0, '_a5_': 1.0, '_a6_': 1.0, '_a7_': 1.0}};{'d0': 0.02490583291941662};-280.569866449044;42.14671634276496
25033;-98.1382168817567;((_a3_ + ((((_a4_ + _a2_) + x) * (_a4_ * x)) * _a4_)) * (x * _a4_));{'d0': {'_a2_': -0.8764014099497734, '_a3_': 1.1832178605915438, '_a4_': 1.5002608255204823, '_a0_': 1.0, '_a1_': 1.0, '_a5_': 1.0, '_a6_': 1.0, '_a7_': 1.0}};{'d0': 0.02490583291941662};-280.569866449044;42.14671634276496
25034;-98.1382168817567;((_a3_ + ((((_a4_ + _a2_) + x) * (_a4_ * x)) * _a4_)) * (x * _a4_));{'d0': {'_a2_': -0.8764014099497734, '_a3_': 1.1832178605915438, '_a4_': 1.5002608255204823, '_a0_': 1.0, '_a1_': 1.0, '_a5_': 1.0, '_a6_': 1.0, '_a7_': 1.0}};{'d0': 0.02490583291941662};-280.569866449044;42.14671634276496
25035;-102.455412963781;((((_a0_ + pow2(((x + _a4_) / _a4_))) + _a7_) * x) / _a7_);{'d0': {'_a0_': 1.359194736194526, '_a4_': 0.3119297076726733, '_a7_': 3.0435904765907713, '_a1_': 1.0, '_a2_': 1.0, '_a3_': 1.0, '_a5_': 1.0, '_a6_': 1.0}};{'d0': 0.024905832919416598};-280.569866449044;37.829520260740715
25036;-102.455412963781;((((_a0_ + pow2(((x + _a4_) / _a4_))) + _a7_) * x) / _a7_);{'d0': {'_a0_': 1.359194736194526, '_a4_': 0.3119297076726733, '_a7_': 3.0435904765907713, '_a1_': 1.0, '_a2_': 1.0, '_a3_': 1.0, '_a5_': 1.0, '_a6_': 1.0}};{'d0': 0.024905832919416598};-280.569866449044;37.829520260740715
25037;-102.455412963781;((((_a0_ + pow2(((x + _a4_) / _a4_))) + _a7_) * x) / _a7_);{'d0': {'_a0_': 1.359194736194526, '_a4_': 0.3119297076726733, '_a7_': 3.0435904765907713, '_a1_': 1.0, '_a2_': 1.0, '_a3_': 1.0, '_a5_': 1.0, '_a6_': 1.0}};{'d0': 0.024905832919416598};-280.569866449044;37.829520260740715
25038;-102.455412963781;((((_a0_ + pow2(((x + _a4_) / _a4_))) + _a7_) * x) / _a7_);{'d0': {'_a0_': 1.359194736194526, '_a4_': 0.3119297076726733, '_a7_': 3.0435904765907713, '_a1_': 1.0, '_a2_': 1.0, '_a3_': 1.0, '_a5_': 1.0, '_a6_': 1.0}};{'d0': 0.024905832919416598};-280.569866449044;37.829520260740715
25039;-102.455412963781;((((_a0_ + pow2(((x + _a4_) / _a4_))) + _a7_) * x) / _a7_);{'d0': {'_a0_': 1.359194736194526, '_a4_': 0.3119297076726733, '_a7_': 3.0435904765907713, '_a1_': 1.0, '_a2_': 1.0, '_a3_': 1.0, '_a5_': 1.0, '_a6_': 1.0}};{'d0': 0.024905832919416598};-280.569866449044;37.829520260740715
25040;-102.455412963781;((((_a0_ + pow2(((x + _a4_) / _a4_))) + _a7_) * x) / _a7_);{'d0': {'_a0_': 1.359194736194526, '_a4_': 0.3119297076726733, '_a7_': 3.0435904765907713, '_a1_': 1.0, '_a2_': 1.0, '_a3_': 1.0, '_a5_': 1.0, '_a6_': 1.0}};{'d0': 0.024905832919416598};-280.569866449044;37.829520260740715
25041;-102.455412963781;((((_a0_ + pow2(((x + _a4_) / _a4_))) + _a7_) * x) / _a7_);{'d0': {'_a0_': 1.359194736194526, '_a4_': 0.3119297076726733, '_a7_': 3.0435904765907713, '_a1_': 1.0, '_a2_': 1.0, '_a3_': 1.0, '_a5_': 1.0, '_a6_': 1.0}};{'d0': 0.024905832919416598};-280.569866449044;37.829520260740715
25042;-102.455412963781;((((_a0_ + pow2(((x + _a4_) / _a4_))) + _a7_) * x) / _a7_);{'d0': {'_a0_': 1.359194736194526, '_a4_': 0.3119297076726733, '_a7_': 3.0435904765907713, '_a1_': 1.0, '_a2_': 1.0, '_a3_': 1.0, '_a5_': 1.0, '_a6_': 1.0}};{'d0': 0.024905832919416598};-280.569866449044;37.829520260740715
25043;-102.455412963781;((((_a0_ + pow2(((x + _a4_) / _a4_))) + _a7_) * x) / _a7_);{'d0': {'_a0_': 1.359194736194526, '_a4_': 0.3119297076726733, '_a7_': 3.0435904765907713, '_a1_': 1.0, '_a2_': 1.0, '_a3_': 1.0, '_a5_': 1.0, '_a6_': 1.0}};{'d0': 0.024905832919416598};-280.569866449044;37.829520260740715
25044;-102.455412963781;((((_a0_ + pow2(((x + _a4_) / _a4_))) + _a7_) * x) / _a7_);{'d0': {'_a0_': 1.359194736194526, '_a4_': 0.3119297076726733, '_a7_': 3.0435904765907713, '_a1_': 1.0, '_a2_': 1.0, '_a3_': 1.0, '_a5_': 1.0, '_a6_': 1.0}};{'d0': 0.024905832919416598};-280.569866449044;37.829520260740715
25045;-102.455412963781;((((_a0_ + pow2(((x + _a4_) / _a4_))) + _a7_) * x) / _a7_);{'d0': {'_a0_': 1.359194736194526, '_a4_': 0.3119297076726733, '_a7_': 3.0435904765907713, '_a1_': 1.0, '_a2_': 1.0, '_a3_': 1.0, '_a5_': 1.0, '_a6_': 1.0}};{'d0': 0.024905832919416598};-280.569866449044;37.829520260740715
25046;-102.455412963781;((((_a0_ + pow2(((x + _a4_) / _a4_))) + _a7_) * x) / _a7_);{'d0': {'_a0_': 1.359194736194526, '_a4_': 0.3119297076726733, '_a7_': 3.0435904765907713, '_a1_': 1.0, '_a2_': 1.0, '_a3_': 1.0, '_a5_': 1.0, '_a6_': 1.0}};{'d0': 0.024905832919416598};-280.569866449044;37.829520260740715
25047;-102.455412963781;((((_a0_ + pow2(((x + _a4_) / _a4_))) + _a7_) * x) / _a7_);{'d0': {'_a0_': 1.359194736194526, '_a4_': 0.3119297076726733, '_a7_': 3.0435904765907713, '_a1_': 1.0, '_a2_': 1.0, '_a3_': 1.0, '_a5_': 1.0, '_a6_': 1.0}};{'d0': 0.024905832919416598};-280.569866449044;37.829520260740715
25048;-102.455412963781;((((_a0_ + pow2(((x + _a4_) / _a4_))) + _a4_) * x) / _a7_);{'d0': {'_a0_': 4.090855480242786, '_a4_': 0.3119297080065754, '_a7_': 3.043590463053546, '_a1_': 1.0, '_a2_': 1.0, '_a3_': 1.0, '_a5_': 1.0, '_a6_': 1.0}};{'d0': 0.024905832919416615};-280.569866449044;37.829520260740715
25049;-102.455412963781;((((_a0_ + pow2(((x + _a4_) / _a4_))) + _a4_) * x) / _a7_);{'d0': {'_a0_': 4.090855480242786, '_a4_': 0.3119297080065754, '_a7_': 3.043590463053546, '_a1_': 1.0, '_a2_': 1.0, '_a3_': 1.0, '_a5_': 1.0, '_a6_': 1.0}};{'d0': 0.024905832919416615};-280.569866449044;37.829520260740715
25050;-102.455412963781;((((_a0_ + pow2(((x + _a4_) / _a4_))) + _a4_) * x) / _a7_);{'d0': {'_a0_': 4.090855480242786, '_a4_': 0.3119297080065754, '_a7_': 3.043590463053546, '_a1_': 1.0, '_a2_': 1.0, '_a3_': 1.0, '_a5_': 1.0, '_a6_': 1.0}};{'d0': 0.024905832919416615};-280.569866449044;37.829520260740715
25051;-102.455412963781;((((_a0_ + pow2(((x + _a4_) / _a4_))) + _a4_) * x) / _a7_);{'d0': {'_a0_': 4.090855480242786, '_a4_': 0.3119297080065754, '_a7_': 3.043590463053546, '_a1_': 1.0, '_a2_': 1.0, '_a3_': 1.0, '_a5_': 1.0, '_a6_': 1.0}};{'d0': 0.024905832919416615};-280.569866449044;37.829520260740715
25052;-102.455412963781;((((_a0_ + pow2(((x + _a4_) / _a4_))) + _a4_) * x) / _a7_);{'d0': {'_a0_': 4.090855480242786, '_a4_': 0.3119297080065754, '_a7_': 3.043590463053546, '_a1_': 1.0, '_a2_': 1.0, '_a3_': 1.0, '_a5_': 1.0, '_a6_': 1.0}};{'d0': 0.024905832919416615};-280.569866449044;37.829520260740715
25053;-102.455412963781;((((_a0_ + pow2(((x + _a4_) / _a4_))) + _a4_) * x) / _a7_);{'d0': {'_a0_': 4.090855480242786, '_a4_': 0.3119297080065754, '_a7_': 3.043590463053546, '_a1_': 1.0, '_a2_': 1.0, '_a3_': 1.0, '_a5_': 1.0, '_a6_': 1.0}};{'d0': 0.024905832919416615};-280.569866449044;37.829520260740715
25054;-102.455412963781;((((_a0_ + pow2(((x + _a4_) / _a4_))) + _a4_) * x) / _a7_);{'d0': {'_a0_': 4.090855480242786, '_a4_': 0.3119297080065754, '_a7_': 3.043590463053546, '_a1_': 1.0, '_a2_': 1.0, '_a3_': 1.0, '_a5_': 1.0, '_a6_': 1.0}};{'d0': 0.024905832919416615};-280.569866449044;37.829520260740715
25055;-102.455412963781;((((_a0_ + pow2(((x + _a4_) / _a4_))) + _a4_) * x) / _a7_);{'d0': {'_a0_': 4.090855480242786, '_a4_': 0.3119297080065754, '_a7_': 3.043590463053546, '_a1_': 1.0, '_a2_': 1.0, '_a3_': 1.0, '_a5_': 1.0, '_a6_': 1.0}};{'d0': 0.024905832919416615};-280.569866449044;37.829520260740715
25056;-102.501860162919;((((_a0_ + pow2(((x + _a4_) / _a4_))) / _a4_) * x) / _a7_);{'d0': {'_a0_': 4.402785200648807, '_a4_': 0.31192970777841106, '_a7_': 9.757295937959261, '_a1_': 1.0, '_a2_': 1.0, '_a3_': 1.0, '_a5_': 1.0, '_a6_': 1.0}};{'d0': 0.02490583291941666};-280.569866449044;37.783073061602714
25057;-102.501860162919;((((_a0_ + pow2(((x + _a4_) / _a4_))) / _a4_) * x) / _a7_);{'d0': {'_a0_': 4.402785200648807, '_a4_': 0.31192970777841106, '_a7_': 9.757295937959261, '_a1_': 1.0, '_a2_': 1.0, '_a3_': 1.0, '_a5_': 1.0, '_a6_': 1.0}};{'d0': 0.02490583291941666};-280.569866449044;37.783073061602714
25058;-102.501860162919;((((_a0_ + pow2(((x + _a4_) / _a4_))) / _a4_) * x) / _a7_);{'d0': {'_a0_': 4.402785200648807, '_a4_': 0.31192970777841106, '_a7_': 9.757295937959261, '_a1_': 1.0, '_a2_': 1.0, '_a3_': 1.0, '_a5_': 1.0, '_a6_': 1.0}};{'d0': 0.02490583291941666};-280.569866449044;37.783073061602714
25059;-102.501860162919;((((_a0_ + pow2(((x + _a4_) / _a4_))) / _a4_) * x) / _a7_);{'d0': {'_a0_': 4.402785200648807, '_a4_': 0.31192970777841106, '_a7_': 9.757295937959261, '_a1_': 1.0, '_a2_': 1.0, '_a3_': 1.0, '_a5_': 1.0, '_a6_': 1.0}};{'d0': 0.02490583291941666};-280.569866449044;37.783073061602714
25060;-102.501860162919;((((_a0_ + pow2(((x + _a4_) / _a4_))) / _a4_) * x) / _a7_);{'d0': {'_a0_': 4.402785200648807, '_a4_': 0.31192970777841106, '_a7_': 9.757295937959261, '_a1_': 1.0, '_a2_': 1.0, '_a3_': 1.0, '_a5_': 1.0, '_a6_': 1.0}};{'d0': 0.02490583291941666};-280.569866449044;37.783073061602714
25061;-102.501860162919;((((_a0_ + pow2(((x + _a4_) / _a4_))) / _a4_) * x) / _a7_);{'d0': {'_a0_': 4.402785200648807, '_a4_': 0.31192970777841106, '_a7_': 9.757295937959261, '_a1_': 1.0, '_a2_': 1.0, '_a3_': 1.0, '_a5_': 1.0, '_a6_': 1.0}};{'d0': 0.02490583291941666};-280.569866449044;37.783073061602714
25062;-102.501860162919;((((_a0_ + pow2(((x + _a4_) / _a4_))) / _a4_) * x) / _a7_);{'d0': {'_a0_': 4.402785200648807, '_a4_': 0.31192970777841106, '_a7_': 9.757295937959261, '_a1_': 1.0, '_a2_': 1.0, '_a3_': 1.0, '_a5_': 1.0, '_a6_': 1.0}};{'d0': 0.02490583291941666};-280.569866449044;37.783073061602714
25063;-102.501860162919;((((_a0_ + pow2(((x + _a4_) / _a4_))) / _a4_) * x) / _a7_);{'d0': {'_a0_': 4.402785200648807, '_a4_': 0.31192970777841106, '_a7_': 9.757295937959261, '_a1_': 1.0, '_a2_': 1.0, '_a3_': 1.0, '_a5_': 1.0, '_a6_': 1.0}};{'d0': 0.02490583291941666};-280.569866449044;37.783073061602714
25064;-102.501860162919;((((_a0_ + pow2(((x + _a4_) / _a4_))) / _a4_) * x) / _a7_);{'d0': {'_a0_': 4.402785200648807, '_a4_': 0.31192970777841106, '_a7_': 9.757295937959261, '_a1_': 1.0, '_a2_': 1.0, '_a3_': 1.0, '_a5_': 1.0, '_a6_': 1.0}};{'d0': 0.02490583291941666};-280.569866449044;37.783073061602714
25065;-102.501860162919;((((_a0_ + pow2(((x + _a4_) / _a4_))) / _a4_) * x) / _a7_);{'d0': {'_a0_': 4.402785200648807, '_a4_': 0.31192970777841106, '_a7_': 9.757295937959261, '_a1_': 1.0, '_a2_': 1.0, '_a3_': 1.0, '_a5_': 1.0, '_a6_': 1.0}};{'d0': 0.02490583291941666};-280.569866449044;37.783073061602714
25066;-102.501860162919;((((_a0_ + pow2(((x + _a4_) / _a4_))) / _a4_) * x) / _a7_);{'d0': {'_a0_': 4.402785200648807, '_a4_': 0.31192970777841106, '_a7_': 9.757295937959261, '_a1_': 1.0, '_a2_': 1.0, '_a3_': 1.0, '_a5_': 1.0, '_a6_': 1.0}};{'d0': 0.02490583291941666};-280.569866449044;37.783073061602714
25067;-102.501860162919;((((_a0_ + pow2(((x + _a4_) / _a4_))) / _a4_) * x) / _a7_);{'d0': {'_a0_': 4.402785200648807, '_a4_': 0.31192970777841106, '_a7_': 9.757295937959261, '_a1_': 1.0, '_a2_': 1.0, '_a3_': 1.0, '_a5_': 1.0, '_a6_': 1.0}};{'d0': 0.02490583291941666};-280.569866449044;37.783073061602714
25068;-102.501860162919;((((_a0_ + pow2(((x + _a4_) / _a4_))) / _a4_) * x) / _a7_);{'d0': {'_a0_': 4.402785200648807, '_a4_': 0.31192970777841106, '_a7_': 9.757295937959261, '_a1_': 1.0, '_a2_': 1.0, '_a3_': 1.0, '_a5_': 1.0, '_a6_': 1.0}};{'d0': 0.02490583291941666};-280.569866449044;37.783073061602714
25069;-103.505997731465;((((-((x * (x + _a7_))) + x) + _a4_) * x) / _a6_);{'d0': {'_a4_': -0.5256917702560806, '_a6_': -0.2961417867158467, '_a7_': 1.6238594155716073, '_a0_': 1.0, '_a1_': 1.0, '_a2_': 1.0, '_a3_': 1.0, '_a5_': 1.0}};{'d0': 0.024905832919416608};-280.569866449044;36.778935493056835
25070;-103.505997731465;((((-((x * (x + _a7_))) + x) + _a4_) * x) / _a6_);{'d0': {'_a4_': -0.5256917702560806, '_a6_': -0.2961417867158467, '_a7_': 1.6238594155716073, '_a0_': 1.0, '_a1_': 1.0, '_a2_': 1.0, '_a3_': 1.0, '_a5_': 1.0}};{'d0': 0.024905832919416608};-280.569866449044;36.778935493056835
25071;-98.6290150923301;((((-((x * (x + _a7_))) + x) + (_a2_ * _a6_)) * x) / _a6_);{'d0': {'_a2_': 1.7751354044481733, '_a6_': -0.2961417866936873, '_a7_': 1.623859415675732, '_a0_': 1.0, '_a1_': 1.0, '_a3_': 1.0, '_a4_': 1.0, '_a5_': 1.0}};{'d0': 0.024905832919416667};-280.569866449044;41.655918132191836
25072;-98.6290150923301;((((-((x * (x + _a7_))) + x) + (_a2_ * _a6_)) * x) / _a6_);{'d0': {'_a2_': 1.7751354044481733, '_a6_': -0.2961417866936873, '_a7_': 1.623859415675732, '_a0_': 1.0, '_a1_': 1.0, '_a3_': 1.0, '_a4_': 1.0, '_a5_': 1.0}};{'d0': 0.024905832919416667};-280.569866449044;41.655918132191836
25073;-98.6290150923301;((((-((x * (x + _a7_))) + x) + (_a2_ * _a6_)) * x) / _a6_);{'d0': {'_a2_': 1.7751354044481733, '_a6_': -0.2961417866936873, '_a7_': 1.623859415675732, '_a0_': 1.0, '_a1_': 1.0, '_a3_': 1.0, '_a4_': 1.0, '_a5_': 1.0}};{'d0': 0.024905832919416667};-280.569866449044;41.655918132191836
25074;-98.6290150923301;((((-((x * (x + _a7_))) + x) + (_a2_ * _a6_)) * x) / _a6_);{'d0': {'_a2_': 1.7751354044481733, '_a6_': -0.2961417866936873, '_a7_': 1.623859415675732, '_a0_': 1.0, '_a1_': 1.0, '_a3_': 1.0, '_a4_': 1.0, '_a5_': 1.0}};{'d0': 0.024905832919416667};-280.569866449044;41.655918132191836
25075;-98.6290150923301;((((-((x * (x + _a7_))) + x) + (_a2_ * _a6_)) * x) / _a6_);{'d0': {'_a2_': 1.7751354044481733, '_a6_': -0.2961417866936873, '_a7_': 1.623859415675732, '_a0_': 1.0, '_a1_': 1.0, '_a3_': 1.0, '_a4_': 1.0, '_a5_': 1.0}};{'d0': 0.024905832919416667};-280.569866449044;41.655918132191836
25076;-98.6290150923301;((((-((x * (x + _a7_))) + x) + (_a2_ * _a6_)) * x) / _a6_);{'d0': {'_a2_': 1.7751354044481733, '_a6_': -0.2961417866936873, '_a7_': 1.623859415675732, '_a0_': 1.0, '_a1_': 1.0, '_a3_': 1.0, '_a4_': 1.0, '_a5_': 1.0}};{'d0': 0.024905832919416667};-280.569866449044;41.655918132191836
25077;-98.6290150923301;((((-((x * (x + _a7_))) + x) + (_a2_ * _a6_)) * x) / _a6_);{'d0': {'_a2_': 1.7751354044481733, '_a6_': -0.2961417866936873, '_a7_': 1.623859415675732, '_a0_': 1.0, '_a1_': 1.0, '_a3_': 1.0, '_a4_': 1.0, '_a5_': 1.0}};{'d0': 0.024905832919416667};-280.569866449044;41.655918132191836
25078;-98.6290150923301;((((-((x * (x + _a7_))) + x) + (_a2_ * _a6_)) * x) / _a6_);{'d0': {'_a2_': 1.7751354044481733, '_a6_': -0.2961417866936873, '_a7_': 1.623859415675732, '_a0_': 1.0, '_a1_': 1.0, '_a3_': 1.0, '_a4_': 1.0, '_a5_': 1.0}};{'d0': 0.024905832919416667};-280.569866449044;41.655918132191836
25079;-98.6290150923301;((((-((x * (x + _a7_))) + x) + (_a2_ * _a6_)) * x) / _a6_);{'d0': {'_a2_': 1.7751354044481733, '_a6_': -0.2961417866936873, '_a7_': 1.623859415675732, '_a0_': 1.0, '_a1_': 1.0, '_a3_': 1.0, '_a4_': 1.0, '_a5_': 1.0}};{'d0': 0.024905832919416667};-280.569866449044;41.655918132191836
25080;-98.6290150923301;((((-((x * (x + _a7_))) + x) + (_a2_ * _a6_)) * x) / _a6_);{'d0': {'_a2_': 1.7751354044481733, '_a6_': -0.2961417866936873, '_a7_': 1.623859415675732, '_a0_': 1.0, '_a1_': 1.0, '_a3_': 1.0, '_a4_': 1.0, '_a5_': 1.0}};{'d0': 0.024905832919416667};-280.569866449044;41.655918132191836
25081;-98.6290150923301;((((-((x * (x + _a7_))) + x) + (_a2_ * _a6_)) * x) / _a6_);{'d0': {'_a2_': 1.7751354044481733, '_a6_': -0.2961417866936873, '_a7_': 1.623859415675732, '_a0_': 1.0, '_a1_': 1.0, '_a3_': 1.0, '_a4_': 1.0, '_a5_': 1.0}};{'d0': 0.024905832919416667};-280.569866449044;41.655918132191836
25082;-98.6290150923301;((((-((x * (x + _a7_))) + x) + (_a2_ * _a6_)) * x) / _a6_);{'d0': {'_a2_': 1.7751354044481733, '_a6_': -0.2961417866936873, '_a7_': 1.623859415675732, '_a0_': 1.0, '_a1_': 1.0, '_a3_': 1.0, '_a4_': 1.0, '_a5_': 1.0}};{'d0': 0.024905832919416667};-280.569866449044;41.655918132191836
25083;-98.6290150923301;((((-((x * (x + _a7_))) + x) + (_a2_ * _a6_)) * x) / _a6_);{'d0': {'_a2_': 1.7751354044481733, '_a6_': -0.2961417866936873, '_a7_': 1.623859415675732, '_a0_': 1.0, '_a1_': 1.0, '_a3_': 1.0, '_a4_': 1.0, '_a5_': 1.0}};{'d0': 0.024905832919416667};-280.569866449044;41.655918132191836
25084;-98.6290150923301;((((-((x * (x + _a7_))) + x) + (_a2_ * _a6_)) * x) / _a6_);{'d0': {'_a2_': 1.7751354044481733, '_a6_': -0.2961417866936873, '_a7_': 1.623859415675732, '_a0_': 1.0, '_a1_': 1.0, '_a3_': 1.0, '_a4_': 1.0, '_a5_': 1.0}};{'d0': 0.024905832919416667};-280.569866449044;41.655918132191836
25085;-98.6290150923301;((((-((x * (x + _a7_))) + x) + (_a2_ * _a6_)) * x) / _a6_);{'d0': {'_a2_': 1.7751354044481733, '_a6_': -0.2961417866936873, '_a7_': 1.623859415675732, '_a0_': 1.0, '_a1_': 1.0, '_a3_': 1.0, '_a4_': 1.0, '_a5_': 1.0}};{'d0': 0.024905832919416667};-280.569866449044;41.655918132191836
25086;-98.6290150923301;((((-((x * (x + _a7_))) + x) + (_a2_ * _a6_)) * x) / _a6_);{'d0': {'_a2_': 1.7751354044481733, '_a6_': -0.2961417866936873, '_a7_': 1.623859415675732, '_a0_': 1.0, '_a1_': 1.0, '_a3_': 1.0, '_a4_': 1.0, '_a5_': 1.0}};{'d0': 0.024905832919416667};-280.569866449044;41.655918132191836
25087;-98.6290150923301;((((-((x * (x + _a7_))) + x) + (_a2_ * _a6_)) * x) / _a6_);{'d0': {'_a2_': 1.7751354044481733, '_a6_': -0.2961417866936873, '_a7_': 1.623859415675732, '_a0_': 1.0, '_a1_': 1.0, '_a3_': 1.0, '_a4_': 1.0, '_a5_': 1.0}};{'d0': 0.024905832919416667};-280.569866449044;41.655918132191836
25088;-98.6290150923301;((((-((x * (x + _a7_))) + x) + (_a2_ * _a6_)) * x) / _a6_);{'d0': {'_a2_': 1.7751354044481733, '_a6_': -0.2961417866936873, '_a7_': 1.623859415675732, '_a0_': 1.0, '_a1_': 1.0, '_a3_': 1.0, '_a4_': 1.0, '_a5_': 1.0}};{'d0': 0.024905832919416667};-280.569866449044;41.655918132191836
25089;-98.6290150923301;((((-((x * (x + _a7_))) + x) + (_a2_ * _a6_)) * x) / _a6_);{'d0': {'_a2_': 1.7751354044481733, '_a6_': -0.2961417866936873, '_a7_': 1.623859415675732, '_a0_': 1.0, '_a1_': 1.0, '_a3_': 1.0, '_a4_': 1.0, '_a5_': 1.0}};{'d0': 0.024905832919416667};-280.569866449044;41.655918132191836
25090;-98.6290150923301;((((-((x * (x + _a7_))) + x) + (_a2_ * _a6_)) * x) / _a6_);{'d0': {'_a2_': 1.7751354044481733, '_a6_': -0.2961417866936873, '_a7_': 1.623859415675732, '_a0_': 1.0, '_a1_': 1.0, '_a3_': 1.0, '_a4_': 1.0, '_a5_': 1.0}};{'d0': 0.024905832919416667};-280.569866449044;41.655918132191836
25091;-98.6290150923301;((((-((x * (x + _a7_))) + x) + (_a2_ * _a6_)) * x) / _a6_);{'d0': {'_a2_': 1.7751354044481733, '_a6_': -0.2961417866936873, '_a7_': 1.623859415675732, '_a0_': 1.0, '_a1_': 1.0, '_a3_': 1.0, '_a4_': 1.0, '_a5_': 1.0}};{'d0': 0.024905832919416667};-280.569866449044;41.655918132191836
25092;-98.6290150923301;((((-((x * (x + _a7_))) + x) + (_a2_ * _a6_)) * x) / _a6_);{'d0': {'_a2_': 1.7751354044481733, '_a6_': -0.2961417866936873, '_a7_': 1.623859415675732, '_a0_': 1.0, '_a1_': 1.0, '_a3_': 1.0, '_a4_': 1.0, '_a5_': 1.0}};{'d0': 0.024905832919416667};-280.569866449044;41.655918132191836
25093;-98.6290150923301;((((-((x * (x + _a7_))) + x) + (_a2_ * _a6_)) * x) / _a6_);{'d0': {'_a2_': 1.7751354044481733, '_a6_': -0.2961417866936873, '_a7_': 1.623859415675732, '_a0_': 1.0, '_a1_': 1.0, '_a3_': 1.0, '_a4_': 1.0, '_a5_': 1.0}};{'d0': 0.024905832919416667};-280.569866449044;41.655918132191836
25094;-98.6290150923301;((((-((x * (x + _a7_))) + x) + (_a2_ * _a6_)) * x) / _a6_);{'d0': {'_a2_': 1.7751354044481733, '_a6_': -0.2961417866936873, '_a7_': 1.623859415675732, '_a0_': 1.0, '_a1_': 1.0, '_a3_': 1.0, '_a4_': 1.0, '_a5_': 1.0}};{'d0': 0.024905832919416667};-280.569866449044;41.655918132191836
25095;-98.6290150923301;((((-((x * (x + _a7_))) + x) + (_a2_ * _a6_)) * x) / _a6_);{'d0': {'_a2_': 1.7751354044481733, '_a6_': -0.2961417866936873, '_a7_': 1.623859415675732, '_a0_': 1.0, '_a1_': 1.0, '_a3_': 1.0, '_a4_': 1.0, '_a5_': 1.0}};{'d0': 0.024905832919416667};-280.569866449044;41.655918132191836
25096;-98.6290150923301;((((-((x * (x + _a7_))) + x) + (_a2_ * _a6_)) * x) / _a6_);{'d0': {'_a2_': 1.7751354044481733, '_a6_': -0.2961417866936873, '_a7_': 1.623859415675732, '_a0_': 1.0, '_a1_': 1.0, '_a3_': 1.0, '_a4_': 1.0, '_a5_': 1.0}};{'d0': 0.024905832919416667};-280.569866449044;41.655918132191836
25097;-98.6290150923301;((((-((x * (x + _a7_))) + x) + (_a2_ * _a6_)) * x) / _a6_);{'d0': {'_a2_': 1.7751354044481733, '_a6_': -0.2961417866936873, '_a7_': 1.623859415675732, '_a0_': 1.0, '_a1_': 1.0, '_a3_': 1.0, '_a4_': 1.0, '_a5_': 1.0}};{'d0': 0.024905832919416667};-280.569866449044;41.655918132191836
25098;-100.454687881573;((((_a0_ + pow2(((x + _a4_) / _a3_))) / _a4_) * x) / _a7_);{'d0': {'_a0_': 6.344373772159032, '_a3_': -0.2598520116627317, '_a4_': 0.3119297078809774, '_a7_': 14.060175452856814, '_a1_': 1.0, '_a2_': 1.0, '_a5_': 1.0, '_a6_': 1.0}};{'d0': 0.02490583291961227};-276.475521886350;37.783073061602714
25099;-100.454687881573;((((_a0_ + pow2(((x + _a4_) / _a3_))) / _a4_) * x) / _a7_);{'d0': {'_a0_': 6.344373772159032, '_a3_': -0.2598520116627317, '_a4_': 0.3119297078809774, '_a7_': 14.060175452856814, '_a1_': 1.0, '_a2_': 1.0, '_a5_': 1.0, '_a6_': 1.0}};{'d0': 0.02490583291961227};-276.475521886350;37.783073061602714
25100;-100.454687881573;((((_a0_ + pow2(((x + _a4_) / _a3_))) / _a4_) * x) / _a7_);{'d0': {'_a0_': 6.344373772159032, '_a3_': -0.2598520116627317, '_a4_': 0.3119297078809774, '_a7_': 14.060175452856814, '_a1_': 1.0, '_a2_': 1.0, '_a5_': 1.0, '_a6_': 1.0}};{'d0': 0.02490583291961227};-276.475521886350;37.783073061602714
25101;-100.454687881573;((((_a0_ + pow2(((x + _a4_) / _a3_))) / _a4_) * x) / _a7_);{'d0': {'_a0_': 6.344373772159032, '_a3_': -0.2598520116627317, '_a4_': 0.3119297078809774, '_a7_': 14.060175452856814, '_a1_': 1.0, '_a2_': 1.0, '_a5_': 1.0, '_a6_': 1.0}};{'d0': 0.02490583291961227};-276.475521886350;37.783073061602714
25102;-100.454687881573;((((_a0_ + pow2(((x + _a4_) / _a3_))) / _a4_) * x) / _a7_);{'d0': {'_a0_': 6.344373772159032, '_a3_': -0.2598520116627317, '_a4_': 0.3119297078809774, '_a7_': 14.060175452856814, '_a1_': 1.0, '_a2_': 1.0, '_a5_': 1.0, '_a6_': 1.0}};{'d0': 0.02490583291961227};-276.475521886350;37.783073061602714
25103;-100.454687881573;((((_a0_ + pow2(((x + _a4_) / _a3_))) / _a4_) * x) / _a7_);{'d0': {'_a0_': 6.344373772159032, '_a3_': -0.2598520116627317, '_a4_': 0.3119297078809774, '_a7_': 14.060175452856814, '_a1_': 1.0, '_a2_': 1.0, '_a5_': 1.0, '_a6_': 1.0}};{'d0': 0.02490583291961227};-276.475521886350;37.783073061602714
25104;-100.454687881573;((((_a0_ + pow2(((x + _a4_) / _a3_))) / _a4_) * x) / _a7_);{'d0': {'_a0_': 6.344373772159032, '_a3_': -0.2598520116627317, '_a4_': 0.3119297078809774, '_a7_': 14.060175452856814, '_a1_': 1.0, '_a2_': 1.0, '_a5_': 1.0, '_a6_': 1.0}};{'d0': 0.02490583291961227};-276.475521886350;37.783073061602714
25105;-102.501860162919;((((_a0_ + pow2(((x + _a4_) / _a7_))) / _a4_) * x) / _a7_);{'d0': {'_a0_': 0.44348507128368264, '_a4_': 0.31192970773604667, '_a7_': 0.9828358390586778, '_a1_': 1.0, '_a2_': 1.0, '_a3_': 1.0, '_a5_': 1.0, '_a6_': 1.0}};{'d0': 0.024905832919416674};-280.569866449043;37.783073061602714
25106;-102.501860162919;((((_a0_ + pow2(((x + _a4_) / _a7_))) / _a4_) * x) / _a7_);{'d0': {'_a0_': 0.44348507128368264, '_a4_': 0.31192970773604667, '_a7_': 0.9828358390586778, '_a1_': 1.0, '_a2_': 1.0, '_a3_': 1.0, '_a5_': 1.0, '_a6_': 1.0}};{'d0': 0.024905832919416674};-280.569866449043;37.783073061602714
25107;-102.501860162919;((((_a0_ + pow2(((x + _a4_) / _a7_))) / _a4_) * x) / _a7_);{'d0': {'_a0_': 0.44348507128368264, '_a4_': 0.31192970773604667, '_a7_': 0.9828358390586778, '_a1_': 1.0, '_a2_': 1.0, '_a3_': 1.0, '_a5_': 1.0, '_a6_': 1.0}};{'d0': 0.024905832919416674};-280.569866449043;37.783073061602714
25108;-102.501860162919;((((_a0_ + pow2(((x + _a4_) / _a7_))) / _a4_) * x) / _a7_);{'d0': {'_a0_': 0.44348507128368264, '_a4_': 0.31192970773604667, '_a7_': 0.9828358390586778, '_a1_': 1.0, '_a2_': 1.0, '_a3_': 1.0, '_a5_': 1.0, '_a6_': 1.0}};{'d0': 0.024905832919416674};-280.569866449043;37.783073061602714
25109;-102.501860162919;((((_a0_ + pow2(((x + _a4_) / _a7_))) / _a4_) * x) / _a7_);{'d0': {'_a0_': 0.44348507128368264, '_a4_': 0.31192970773604667, '_a7_': 0.9828358390586778, '_a1_': 1.0, '_a2_': 1.0, '_a3_': 1.0, '_a5_': 1.0, '_a6_': 1.0}};{'d0': 0.024905832919416674};-280.569866449043;37.783073061602714
25110;-102.501860162919;((((_a0_ + pow2(((x + _a4_) / _a7_))) / _a4_) * x) / _a7_);{'d0': {'_a0_': 0.44348507128368264, '_a4_': 0.31192970773604667, '_a7_': 0.9828358390586778, '_a1_': 1.0, '_a2_': 1.0, '_a3_': 1.0, '_a5_': 1.0, '_a6_': 1.0}};{'d0': 0.024905832919416674};-280.569866449043;37.783073061602714
25111;-102.501860162919;((((_a0_ + pow2(((x + _a4_) / _a7_))) / _a4_) * x) / _a7_);{'d0': {'_a0_': 0.44348507128368264, '_a4_': 0.31192970773604667, '_a7_': 0.9828358390586778, '_a1_': 1.0, '_a2_': 1.0, '_a3_': 1.0, '_a5_': 1.0, '_a6_': 1.0}};{'d0': 0.024905832919416674};-280.569866449043;37.783073061602714
25112;-102.501860162919;((((_a0_ + pow2(((x + _a4_) / _a7_))) / _a4_) * x) / _a7_);{'d0': {'_a0_': 0.44348507128368264, '_a4_': 0.31192970773604667, '_a7_': 0.9828358390586778, '_a1_': 1.0, '_a2_': 1.0, '_a3_': 1.0, '_a5_': 1.0, '_a6_': 1.0}};{'d0': 0.024905832919416674};-280.569866449043;37.783073061602714
25113;-102.501860162919;((((_a0_ + pow2(((x + _a4_) / _a7_))) / _a4_) * x) / _a7_);{'d0': {'_a0_': 0.44348507128368264, '_a4_': 0.31192970773604667, '_a7_': 0.9828358390586778, '_a1_': 1.0, '_a2_': 1.0, '_a3_': 1.0, '_a5_': 1.0, '_a6_': 1.0}};{'d0': 0.024905832919416674};-280.569866449043;37.783073061602714
25114;-102.501860162919;((((_a0_ + pow2(((x + _a4_) / _a7_))) / _a4_) * x) / _a7_);{'d0': {'_a0_': 0.44348507128368264, '_a4_': 0.31192970773604667, '_a7_': 0.9828358390586778, '_a1_': 1.0, '_a2_': 1.0, '_a3_': 1.0, '_a5_': 1.0, '_a6_': 1.0}};{'d0': 0.024905832919416674};-280.569866449043;37.783073061602714
25115;-102.501860162919;((((_a0_ + pow2(((x + _a4_) / _a7_))) / _a4_) * x) / _a7_);{'d0': {'_a0_': 0.44348507128368264, '_a4_': 0.31192970773604667, '_a7_': 0.9828358390586778, '_a1_': 1.0, '_a2_': 1.0, '_a3_': 1.0, '_a5_': 1.0, '_a6_': 1.0}};{'d0': 0.024905832919416674};-280.569866449043;37.783073061602714
25116;-103.367701136488;(((pow2((_a2_ + (x + _a5_))) * (_a1_ + _a1_)) + _a2_) * x);{'d0': {'_a1_': 1.6883804399078284, '_a2_': 1.4465760888407277, '_a5_': -1.1346463810642058, '_a0_': 1.0, '_a3_': 1.0, '_a4_': 1.0, '_a6_': 1.0, '_a7_': 1.0}};{'d0': 0.024905832919416677};-280.569866449043;36.91723208803387
25117;-103.367701136488;(((pow2((_a2_ + (x + _a5_))) * (_a1_ + _a1_)) + _a2_) * x);{'d0': {'_a1_': 1.6883804399078284, '_a2_': 1.4465760888407277, '_a5_': -1.1346463810642058, '_a0_': 1.0, '_a3_': 1.0, '_a4_': 1.0, '_a6_': 1.0, '_a7_': 1.0}};{'d0': 0.024905832919416677};-280.569866449043;36.91723208803387
25118;-103.367701136488;(((pow2((_a2_ + (x + _a5_))) * (_a1_ + _a1_)) + _a2_) * x);{'d0': {'_a1_': 1.6883804399078284, '_a2_': 1.4465760888407277, '_a5_': -1.1346463810642058, '_a0_': 1.0, '_a3_': 1.0, '_a4_': 1.0, '_a6_': 1.0, '_a7_': 1.0}};{'d0': 0.024905832919416677};-280.569866449043;36.91723208803387
25119;-97.6972348101065;(((((_a6_ * _a4_) + pow2(((x + _a4_) / _a7_))) / _a4_) * x) / _a7_);{'d0': {'_a4_': 0.31192970770655953, '_a6_': 1.4217468234714417, '_a7_': 0.982835838991599, '_a0_': 1.0, '_a1_': 1.0, '_a2_': 1.0, '_a3_': 1.0, '_a5_': 1.0}};{'d0': 0.024905832919416573};-280.569866449044;42.58769841441571
25120;-97.6972348101065;(((((_a6_ * _a4_) + pow2(((x + _a4_) / _a7_))) / _a4_) * x) / _a7_);{'d0': {'_a4_': 0.31192970770655953, '_a6_': 1.4217468234714417, '_a7_': 0.982835838991599, '_a0_': 1.0, '_a1_': 1.0, '_a2_': 1.0, '_a3_': 1.0, '_a5_': 1.0}};{'d0': 0.024905832919416573};-280.569866449044;42.58769841441571
25121;-94.0172876498459;(((((-(_a5_) * _a4_) + pow2(((x + _a4_) / _a7_))) / _a4_) * x) / _a7_);{'d0': {'_a4_': 0.31192970783125673, '_a5_': -1.4217468247878808, '_a7_': 0.9828358391274409, '_a0_': 1.0, '_a1_': 1.0, '_a2_': 1.0, '_a3_': 1.0, '_a6_': 1.0}};{'d0': 0.024905832919416695};-280.569866449043;46.2676455746761
25122;-94.0172876498459;(((((-(_a5_) * _a4_) + pow2(((x + _a4_) / _a7_))) / _a4_) * x) / _a7_);{'d0': {'_a4_': 0.31192970783125673, '_a5_': -1.4217468247878808, '_a7_': 0.9828358391274409, '_a0_': 1.0, '_a1_': 1.0, '_a2_': 1.0, '_a3_': 1.0, '_a6_': 1.0}};{'d0': 0.024905832919416695};-280.569866449043;46.2676455746761
25123;-94.0172876498459;(((((-(_a5_) * _a4_) + pow2(((x + _a4_) / _a7_))) / _a4_) * x) / _a7_);{'d0': {'_a4_': 0.31192970783125673, '_a5_': -1.4217468247878808, '_a7_': 0.9828358391274409, '_a0_': 1.0, '_a1_': 1.0, '_a2_': 1.0, '_a3_': 1.0, '_a6_': 1.0}};{'d0': 0.024905832919416695};-280.569866449043;46.2676455746761
25124;-94.0172876498459;(((((-(_a5_) * _a4_) + pow2(((x + _a4_) / _a7_))) / _a4_) * x) / _a7_);{'d0': {'_a4_': 0.31192970783125673, '_a5_': -1.4217468247878808, '_a7_': 0.9828358391274409, '_a0_': 1.0, '_a1_': 1.0, '_a2_': 1.0, '_a3_': 1.0, '_a6_': 1.0}};{'d0': 0.024905832919416695};-280.569866449043;46.2676455746761
25125;-105.608355025257;(((pow2((_a2_ + (x + -(_a7_)))) * _a1_) + _a2_) * x);{'d0': {'_a1_': 3.3767608796049178, '_a2_': 1.4465760887054575, '_a7_': 1.134646380960869, '_a0_': 1.0, '_a3_': 1.0, '_a4_': 1.0, '_a5_': 1.0, '_a6_': 1.0}};{'d0': 0.02490583291941663};-280.569866449044;34.67657819926426
25126;-105.608355025257;(((pow2((_a2_ + (x + -(_a7_)))) * _a1_) + _a2_) * x);{'d0': {'_a1_': 3.3767608796049178, '_a2_': 1.4465760887054575, '_a7_': 1.134646380960869, '_a0_': 1.0, '_a3_': 1.0, '_a4_': 1.0, '_a5_': 1.0, '_a6_': 1.0}};{'d0': 0.02490583291941663};-280.569866449044;34.67657819926426
25127;-105.608355025257;(((pow2((_a2_ + (x + -(_a7_)))) * _a1_) + _a2_) * x);{'d0': {'_a1_': 3.3767608796049178, '_a2_': 1.4465760887054575, '_a7_': 1.134646380960869, '_a0_': 1.0, '_a3_': 1.0, '_a4_': 1.0, '_a5_': 1.0, '_a6_': 1.0}};{'d0': 0.02490583291941663};-280.569866449044;34.67657819926426
25128;-105.608355025257;(((pow2((_a2_ + (x + -(_a7_)))) * _a1_) + _a2_) * x);{'d0': {'_a1_': 3.3767608796049178, '_a2_': 1.4465760887054575, '_a7_': 1.134646380960869, '_a0_': 1.0, '_a3_': 1.0, '_a4_': 1.0, '_a5_': 1.0, '_a6_': 1.0}};{'d0': 0.02490583291941663};-280.569866449044;34.67657819926426
25129;-105.608355025257;(((pow2((_a2_ + (x + -(_a7_)))) * _a1_) + _a2_) * x);{'d0': {'_a1_': 3.3767608796049178, '_a2_': 1.4465760887054575, '_a7_': 1.134646380960869, '_a0_': 1.0, '_a3_': 1.0, '_a4_': 1.0, '_a5_': 1.0, '_a6_': 1.0}};{'d0': 0.02490583291941663};-280.569866449044;34.67657819926426
25130;-105.608355025257;(((pow2((_a2_ + (x + -(_a7_)))) * _a1_) + _a2_) * x);{'d0': {'_a1_': 3.3767608796049178, '_a2_': 1.4465760887054575, '_a7_': 1.134646380960869, '_a0_': 1.0, '_a3_': 1.0, '_a4_': 1.0, '_a5_': 1.0, '_a6_': 1.0}};{'d0': 0.02490583291941663};-280.569866449044;34.67657819926426
25131;-105.608355025257;(((pow2((_a2_ + (x + -(_a7_)))) * _a1_) + _a2_) * x);{'d0': {'_a1_': 3.3767608796049178, '_a2_': 1.4465760887054575, '_a7_': 1.134646380960869, '_a0_': 1.0, '_a3_': 1.0, '_a4_': 1.0, '_a5_': 1.0, '_a6_': 1.0}};{'d0': 0.02490583291941663};-280.569866449044;34.67657819926426
25132;-100.731372386122;(((pow2((_a2_ + (x + -(_a7_)))) * _a1_) + (_a2_ * _a2_)) * x);{'d0': {'_a1_': 3.3767608786147187, '_a2_': 1.2027369160431065, '_a7_': 0.8908072082516535, '_a0_': 1.0, '_a3_': 1.0, '_a4_': 1.0, '_a5_': 1.0, '_a6_': 1.0}};{'d0': 0.02490583291941668};-280.569866449043;39.553560838399264
25133;-100.731372386122;(((pow2((_a2_ + (x + -(_a7_)))) * _a1_) + (_a2_ * _a2_)) * x);{'d0': {'_a1_': 3.3767608786147187, '_a2_': 1.2027369160431065, '_a7_': 0.8908072082516535, '_a0_': 1.0, '_a3_': 1.0, '_a4_': 1.0, '_a5_': 1.0, '_a6_': 1.0}};{'d0': 0.02490583291941668};-280.569866449043;39.553560838399264
25134;-100.731372386122;(((pow2((_a2_ + (x + -(_a7_)))) * _a1_) + (_a2_ * _a2_)) * x);{'d0': {'_a1_': 3.3767608786147187, '_a2_': 1.2027369160431065, '_a7_': 0.8908072082516535, '_a0_': 1.0, '_a3_': 1.0, '_a4_': 1.0, '_a5_': 1.0, '_a6_': 1.0}};{'d0': 0.02490583291941668};-280.569866449043;39.553560838399264
25135;-100.731372386122;(((pow2((_a2_ + (x + -(_a7_)))) * _a1_) + (_a2_ * _a2_)) * x);{'d0': {'_a1_': 3.3767608786147187, '_a2_': 1.2027369160431065, '_a7_': 0.8908072082516535, '_a0_': 1.0, '_a3_': 1.0, '_a4_': 1.0, '_a5_': 1.0, '_a6_': 1.0}};{'d0': 0.02490583291941668};-280.569866449043;39.553560838399264
25136;-100.731372386122;(((pow2((_a2_ + (x + -(_a7_)))) * _a1_) + (_a2_ * _a2_)) * x);{'d0': {'_a1_': 3.3767608786147187, '_a2_': 1.2027369160431065, '_a7_': 0.8908072082516535, '_a0_': 1.0, '_a3_': 1.0, '_a4_': 1.0, '_a5_': 1.0, '_a6_': 1.0}};{'d0': 0.02490583291941668};-280.569866449043;39.553560838399264
25137;-100.731372386122;(((pow2((_a2_ + (x + -(_a7_)))) * _a1_) + (_a2_ * _a2_)) * x);{'d0': {'_a1_': 3.3767608786147187, '_a2_': 1.2027369160431065, '_a7_': 0.8908072082516535, '_a0_': 1.0, '_a3_': 1.0, '_a4_': 1.0, '_a5_': 1.0, '_a6_': 1.0}};{'d0': 0.02490583291941668};-280.569866449043;39.553560838399264
25138;-100.731372386122;(((pow2((_a2_ + (x + -(_a7_)))) * _a1_) + (_a2_ * _a2_)) * x);{'d0': {'_a1_': 3.3767608786147187, '_a2_': 1.2027369160431065, '_a7_': 0.8908072082516535, '_a0_': 1.0, '_a3_': 1.0, '_a4_': 1.0, '_a5_': 1.0, '_a6_': 1.0}};{'d0': 0.02490583291941668};-280.569866449043;39.553560838399264
25139;-100.731372386122;(((pow2((_a2_ + (x + -(_a7_)))) * _a1_) + (_a2_ * _a2_)) * x);{'d0': {'_a1_': 3.3767608786147187, '_a2_': 1.2027369160431065, '_a7_': 0.8908072082516535, '_a0_': 1.0, '_a3_': 1.0, '_a4_': 1.0, '_a5_': 1.0, '_a6_': 1.0}};{'d0': 0.02490583291941668};-280.569866449043;39.553560838399264
25140;-100.731372386122;(((pow2((_a2_ + (x + -(_a7_)))) * _a1_) + (_a2_ * _a2_)) * x);{'d0': {'_a1_': 3.3767608786147187, '_a2_': 1.2027369160431065, '_a7_': 0.8908072082516535, '_a0_': 1.0, '_a3_': 1.0, '_a4_': 1.0, '_a5_': 1.0, '_a6_': 1.0}};{'d0': 0.02490583291941668};-280.569866449043;39.553560838399264
25141;-100.731372386122;(((pow2((_a2_ + (x + -(_a7_)))) * _a1_) + (_a2_ * _a2_)) * x);{'d0': {'_a1_': 3.3767608786147187, '_a2_': 1.2027369160431065, '_a7_': 0.8908072082516535, '_a0_': 1.0, '_a3_': 1.0, '_a4_': 1.0, '_a5_': 1.0, '_a6_': 1.0}};{'d0': 0.02490583291941668};-280.569866449043;39.553560838399264
25142;-100.731372386122;(((pow2((_a2_ + (x + -(_a7_)))) * _a1_) + (_a2_ * _a2_)) * x);{'d0': {'_a1_': 3.3767608786147187, '_a2_': 1.2027369160431065, '_a7_': 0.8908072082516535, '_a0_': 1.0, '_a3_': 1.0, '_a4_': 1.0, '_a5_': 1.0, '_a6_': 1.0}};{'d0': 0.02490583291941668};-280.569866449043;39.553560838399264
25143;-100.731372386122;(((pow2((_a2_ + (x + -(_a7_)))) * _a1_) + (_a2_ * _a2_)) * x);{'d0': {'_a1_': 3.3767608786147187, '_a2_': 1.2027369160431065, '_a7_': 0.8908072082516535, '_a0_': 1.0, '_a3_': 1.0, '_a4_': 1.0, '_a5_': 1.0, '_a6_': 1.0}};{'d0': 0.02490583291941668};-280.569866449043;39.553560838399264
25144;-100.731372386122;(((pow2((_a2_ + (x + -(_a7_)))) * _a6_) + (_a2_ * _a2_)) * x);{'d0': {'_a2_': 1.2027369162307469, '_a6_': 3.3767608770085036, '_a7_': 0.8908072084488565, '_a0_': 1.0, '_a1_': 1.0, '_a3_': 1.0, '_a4_': 1.0, '_a5_': 1.0}};{'d0': 0.024905832919416653};-280.569866449044;39.553560838399264
25145;-100.731372386122;(((pow2((_a2_ + (x + -(_a7_)))) * _a6_) + (_a2_ * _a2_)) * x);{'d0': {'_a2_': 1.2027369162307469, '_a6_': 3.3767608770085036, '_a7_': 0.8908072084488565, '_a0_': 1.0, '_a1_': 1.0, '_a3_': 1.0, '_a4_': 1.0, '_a5_': 1.0}};{'d0': 0.024905832919416653};-280.569866449044;39.553560838399264
25146;-100.731372386122;(((pow2((_a2_ + (x + -(_a7_)))) * _a6_) + (_a2_ * _a2_)) * x);{'d0': {'_a2_': 1.2027369162307469, '_a6_': 3.3767608770085036, '_a7_': 0.8908072084488565, '_a0_': 1.0, '_a1_': 1.0, '_a3_': 1.0, '_a4_': 1.0, '_a5_': 1.0}};{'d0': 0.024905832919416653};-280.569866449044;39.553560838399264
25147;-92.7635990559809;(((pow2((_a2_ + (x + -(_a7_)))) * (_a0_ + _a5_)) + (_a2_ * _a2_)) * x);{'d0': {'_a0_': 676.8914897204213, '_a2_': 1.2027369142163389, '_a5_': -673.5147288143004, '_a7_': 0.890807206107719, '_a1_': 1.0, '_a3_': 1.0, '_a4_': 1.0, '_a6_': 1.0}};{'d0': 0.024905832919417052};-276.475521886820;45.47416188742926
25148;-92.7635990559809;(((pow2((_a2_ + (x + -(_a7_)))) * (_a0_ + _a5_)) + (_a2_ * _a2_)) * x);{'d0': {'_a0_': 676.8914897204213, '_a2_': 1.2027369142163389, '_a5_': -673.5147288143004, '_a7_': 0.890807206107719, '_a1_': 1.0, '_a3_': 1.0, '_a4_': 1.0, '_a6_': 1.0}};{'d0': 0.024905832919417052};-276.475521886820;45.47416188742926
25149;-92.7635990559809;(((pow2((_a2_ + (x + -(_a7_)))) * (_a0_ + _a5_)) + (_a2_ * _a2_)) * x);{'d0': {'_a0_': 676.8914897204213, '_a2_': 1.2027369142163389, '_a5_': -673.5147288143004, '_a7_': 0.890807206107719, '_a1_': 1.0, '_a3_': 1.0, '_a4_': 1.0, '_a6_': 1.0}};{'d0': 0.024905832919417052};-276.475521886820;45.47416188742926
25150;-104.612688611668;(((-(_a6_) + pow2(((x + _a4_) / _a7_))) + _a4_) * x);{'d0': {'_a4_': 0.31192970770012085, '_a6_': -1.1346463815114207, '_a7_': 0.5441891094224999, '_a0_': 1.0, '_a1_': 1.0, '_a2_': 1.0, '_a3_': 1.0, '_a5_': 1.0}};{'d0': 0.02490583291941664};-280.569866449044;35.67224461285391
25151;-104.612688611668;(((-(_a6_) + pow2(((x + _a4_) / _a7_))) + _a4_) * x);{'d0': {'_a4_': 0.31192970770012085, '_a6_': -1.1346463815114207, '_a7_': 0.5441891094224999, '_a0_': 1.0, '_a1_': 1.0, '_a2_': 1.0, '_a3_': 1.0, '_a5_': 1.0}};{'d0': 0.02490583291941664};-280.569866449044;35.67224461285391
25152;-104.612688611668;(((-(_a6_) + pow2(((x + _a4_) / _a7_))) + _a4_) * x);{'d0': {'_a4_': 0.31192970770012085, '_a6_': -1.1346463815114207, '_a7_': 0.5441891094224999, '_a0_': 1.0, '_a1_': 1.0, '_a2_': 1.0, '_a3_': 1.0, '_a5_': 1.0}};{'d0': 0.02490583291941664};-280.569866449044;35.67224461285391
25153;-104.612688611668;(((-(_a6_) + pow2(((x + _a4_) / _a7_))) + _a4_) * x);{'d0': {'_a4_': 0.31192970770012085, '_a6_': -1.1346463815114207, '_a7_': 0.5441891094224999, '_a0_': 1.0, '_a1_': 1.0, '_a2_': 1.0, '_a3_': 1.0, '_a5_': 1.0}};{'d0': 0.02490583291941664};-280.569866449044;35.67224461285391
25154;-104.612688611668;(((-(_a6_) + pow2(((x + _a4_) / _a7_))) + _a4_) * x);{'d0': {'_a4_': 0.31192970770012085, '_a6_': -1.1346463815114207, '_a7_': 0.5441891094224999, '_a0_': 1.0, '_a1_': 1.0, '_a2_': 1.0, '_a3_': 1.0, '_a5_': 1.0}};{'d0': 0.02490583291941664};-280.569866449044;35.67224461285391
25155;-104.612688611668;(((-(_a6_) + pow2(((x + _a4_) / _a7_))) + _a4_) * x);{'d0': {'_a4_': 0.31192970770012085, '_a6_': -1.1346463815114207, '_a7_': 0.5441891094224999, '_a0_': 1.0, '_a1_': 1.0, '_a2_': 1.0, '_a3_': 1.0, '_a5_': 1.0}};{'d0': 0.02490583291941664};-280.569866449044;35.67224461285391
25156;-104.612688611668;(((-(_a6_) + pow2(((x + _a4_) / _a7_))) + _a4_) * x);{'d0': {'_a4_': 0.31192970770012085, '_a6_': -1.1346463815114207, '_a7_': 0.5441891094224999, '_a0_': 1.0, '_a1_': 1.0, '_a2_': 1.0, '_a3_': 1.0, '_a5_': 1.0}};{'d0': 0.02490583291941664};-280.569866449044;35.67224461285391
25157;-104.612688611668;(((-(_a6_) + pow2(((x + _a4_) / _a7_))) + _a4_) * x);{'d0': {'_a4_': 0.31192970770012085, '_a6_': -1.1346463815114207, '_a7_': 0.5441891094224999, '_a0_': 1.0, '_a1_': 1.0, '_a2_': 1.0, '_a3_': 1.0, '_a5_': 1.0}};{'d0': 0.02490583291941664};-280.569866449044;35.67224461285391
25158;-104.612688611668;(((-(_a6_) + pow2(((x + _a4_) / _a7_))) + _a4_) * x);{'d0': {'_a4_': 0.31192970770012085, '_a6_': -1.1346463815114207, '_a7_': 0.5441891094224999, '_a0_': 1.0, '_a1_': 1.0, '_a2_': 1.0, '_a3_': 1.0, '_a5_': 1.0}};{'d0': 0.02490583291941664};-280.569866449044;35.67224461285391
25159;-104.612688611668;(((-(_a1_) + pow2(((x + _a4_) / _a7_))) + _a4_) * x);{'d0': {'_a1_': -1.1346463818343353, '_a4_': 0.31192970790130503, '_a7_': 0.5441891094237331, '_a0_': 1.0, '_a2_': 1.0, '_a3_': 1.0, '_a5_': 1.0, '_a6_': 1.0}};{'d0': 0.024905832919416643};-280.569866449044;35.67224461285391
25160;-104.612688611668;(((-(_a1_) + pow2(((x + _a4_) / _a7_))) + _a4_) * x);{'d0': {'_a1_': -1.1346463818343353, '_a4_': 0.31192970790130503, '_a7_': 0.5441891094237331, '_a0_': 1.0, '_a2_': 1.0, '_a3_': 1.0, '_a5_': 1.0, '_a6_': 1.0}};{'d0': 0.024905832919416643};-280.569866449044;35.67224461285391
25161;-104.612688611668;(((-(_a1_) + pow2(((x + _a4_) / _a7_))) + _a4_) * x);{'d0': {'_a1_': -1.1346463818343353, '_a4_': 0.31192970790130503, '_a7_': 0.5441891094237331, '_a0_': 1.0, '_a2_': 1.0, '_a3_': 1.0, '_a5_': 1.0, '_a6_': 1.0}};{'d0': 0.024905832919416643};-280.569866449044;35.67224461285391
25162;-104.612688611668;(((-(_a1_) + pow2(((x + _a4_) / _a7_))) + _a4_) * x);{'d0': {'_a1_': -1.1346463818343353, '_a4_': 0.31192970790130503, '_a7_': 0.5441891094237331, '_a0_': 1.0, '_a2_': 1.0, '_a3_': 1.0, '_a5_': 1.0, '_a6_': 1.0}};{'d0': 0.024905832919416643};-280.569866449044;35.67224461285391
25163;-104.612688611668;(((-(_a1_) + pow2(((x + _a4_) / _a7_))) + _a4_) * x);{'d0': {'_a1_': -1.1346463818343353, '_a4_': 0.31192970790130503, '_a7_': 0.5441891094237331, '_a0_': 1.0, '_a2_': 1.0, '_a3_': 1.0, '_a5_': 1.0, '_a6_': 1.0}};{'d0': 0.024905832919416643};-280.569866449044;35.67224461285391
25164;-104.612688611668;(((-(_a1_) + pow2(((x + _a4_) / _a7_))) + _a4_) * x);{'d0': {'_a1_': -1.1346463818343353, '_a4_': 0.31192970790130503, '_a7_': 0.5441891094237331, '_a0_': 1.0, '_a2_': 1.0, '_a3_': 1.0, '_a5_': 1.0, '_a6_': 1.0}};{'d0': 0.024905832919416643};-280.569866449044;35.67224461285391
25165;-104.612688611668;(((-(_a1_) + pow2(((x + _a4_) / _a7_))) + _a4_) * x);{'d0': {'_a1_': -1.1346463818343353, '_a4_': 0.31192970790130503, '_a7_': 0.5441891094237331, '_a0_': 1.0, '_a2_': 1.0, '_a3_': 1.0, '_a5_': 1.0, '_a6_': 1.0}};{'d0': 0.024905832919416643};-280.569866449044;35.67224461285391
25166;-104.612688611668;(((-(_a1_) + pow2(((x + _a4_) / _a7_))) + _a4_) * x);{'d0': {'_a1_': -1.1346463818343353, '_a4_': 0.31192970790130503, '_a7_': 0.5441891094237331, '_a0_': 1.0, '_a2_': 1.0, '_a3_': 1.0, '_a5_': 1.0, '_a6_': 1.0}};{'d0': 0.024905832919416643};-280.569866449044;35.67224461285391
25167;-104.612688611668;(((-(_a1_) + pow2(((x + _a4_) / _a7_))) + _a4_) * x);{'d0': {'_a1_': -1.1346463818343353, '_a4_': 0.31192970790130503, '_a7_': 0.5441891094237331, '_a0_': 1.0, '_a2_': 1.0, '_a3_': 1.0, '_a5_': 1.0, '_a6_': 1.0}};{'d0': 0.024905832919416643};-280.569866449044;35.67224461285391
25168;-104.612688611668;(((-(_a1_) + pow2(((x + _a4_) / _a7_))) + _a4_) * x);{'d0': {'_a1_': -1.1346463818343353, '_a4_': 0.31192970790130503, '_a7_': 0.5441891094237331, '_a0_': 1.0, '_a2_': 1.0, '_a3_': 1.0, '_a5_': 1.0, '_a6_': 1.0}};{'d0': 0.024905832919416643};-280.569866449044;35.67224461285391
25169;-104.612688611668;(((-(_a1_) + pow2(((x + _a4_) / _a7_))) + _a4_) * x);{'d0': {'_a1_': -1.1346463818343353, '_a4_': 0.31192970790130503, '_a7_': 0.5441891094237331, '_a0_': 1.0, '_a2_': 1.0, '_a3_': 1.0, '_a5_': 1.0, '_a6_': 1.0}};{'d0': 0.024905832919416643};-280.569866449044;35.67224461285391
25170;-101.440838138005;((((_a0_ * _a2_) + pow2(((x + _a4_) / _a7_))) + _a4_) * x);{'d0': {'_a0_': 1.0, '_a2_': 1.1346463809326905, '_a4_': 0.31192970784553997, '_a7_': 0.5441891091437957, '_a1_': 1.0, '_a3_': 1.0, '_a5_': 1.0, '_a6_': 1.0}};{'d0': 0.02490583291941664};-276.475521886821;36.79692280540652
25171;-101.440838138005;((((_a0_ * _a2_) + pow2(((x + _a4_) / _a7_))) + _a4_) * x);{'d0': {'_a0_': 1.0, '_a2_': 1.1346463809326905, '_a4_': 0.31192970784553997, '_a7_': 0.5441891091437957, '_a1_': 1.0, '_a3_': 1.0, '_a5_': 1.0, '_a6_': 1.0}};{'d0': 0.02490583291941664};-276.475521886821;36.79692280540652
25172;-101.440838138005;((((_a0_ * _a2_) + pow2(((x + _a4_) / _a7_))) + _a4_) * x);{'d0': {'_a0_': 1.0, '_a2_': 1.1346463809326905, '_a4_': 0.31192970784553997, '_a7_': 0.5441891091437957, '_a1_': 1.0, '_a3_': 1.0, '_a5_': 1.0, '_a6_': 1.0}};{'d0': 0.02490583291941664};-276.475521886821;36.79692280540652
25173;-101.440838138005;((((_a0_ * _a2_) + pow2(((x + _a4_) / _a7_))) + _a4_) * x);{'d0': {'_a0_': 1.0, '_a2_': 1.1346463809326905, '_a4_': 0.31192970784553997, '_a7_': 0.5441891091437957, '_a1_': 1.0, '_a3_': 1.0, '_a5_': 1.0, '_a6_': 1.0}};{'d0': 0.02490583291941664};-276.475521886821;36.79692280540652
25174;-101.440838138005;((((_a0_ * _a2_) + pow2(((x + _a4_) / _a7_))) + _a4_) * x);{'d0': {'_a0_': 1.0, '_a2_': 1.1346463809326905, '_a4_': 0.31192970784553997, '_a7_': 0.5441891091437957, '_a1_': 1.0, '_a3_': 1.0, '_a5_': 1.0, '_a6_': 1.0}};{'d0': 0.02490583291941664};-276.475521886821;36.79692280540652
25175;-101.440838138005;((((_a0_ * _a2_) + pow2(((x + _a4_) / _a7_))) + _a4_) * x);{'d0': {'_a0_': 1.0, '_a2_': 1.1346463809326905, '_a4_': 0.31192970784553997, '_a7_': 0.5441891091437957, '_a1_': 1.0, '_a3_': 1.0, '_a5_': 1.0, '_a6_': 1.0}};{'d0': 0.02490583291941664};-276.475521886821;36.79692280540652
25176;-101.440838138005;((((_a0_ * _a2_) + pow2(((x + _a4_) / _a7_))) + _a4_) * x);{'d0': {'_a0_': 1.0, '_a2_': 1.1346463809326905, '_a4_': 0.31192970784553997, '_a7_': 0.5441891091437957, '_a1_': 1.0, '_a3_': 1.0, '_a5_': 1.0, '_a6_': 1.0}};{'d0': 0.02490583291941664};-276.475521886821;36.79692280540652
25177;-101.440838138005;((((_a0_ * _a2_) + pow2(((x + _a4_) / _a7_))) + _a4_) * x);{'d0': {'_a0_': 1.0, '_a2_': 1.1346463809326905, '_a4_': 0.31192970784553997, '_a7_': 0.5441891091437957, '_a1_': 1.0, '_a3_': 1.0, '_a5_': 1.0, '_a6_': 1.0}};{'d0': 0.02490583291941664};-276.475521886821;36.79692280540652
25178;-101.440838138005;((((_a0_ * _a2_) + pow2(((x + _a4_) / _a7_))) + _a4_) * x);{'d0': {'_a0_': 1.0, '_a2_': 1.1346463809326905, '_a4_': 0.31192970784553997, '_a7_': 0.5441891091437957, '_a1_': 1.0, '_a3_': 1.0, '_a5_': 1.0, '_a6_': 1.0}};{'d0': 0.02490583291941664};-276.475521886821;36.79692280540652
25179;-101.440838138005;((((_a0_ * _a2_) + pow2(((x + _a4_) / _a7_))) + _a4_) * x);{'d0': {'_a0_': 1.0, '_a2_': 1.1346463809326905, '_a4_': 0.31192970784553997, '_a7_': 0.5441891091437957, '_a1_': 1.0, '_a3_': 1.0, '_a5_': 1.0, '_a6_': 1.0}};{'d0': 0.02490583291941664};-276.475521886821;36.79692280540652
25180;-101.440838138005;((((_a0_ * _a2_) + pow2(((x + _a4_) / _a7_))) + _a4_) * x);{'d0': {'_a0_': 1.0, '_a2_': 1.1346463809326905, '_a4_': 0.31192970784553997, '_a7_': 0.5441891091437957, '_a1_': 1.0, '_a3_': 1.0, '_a5_': 1.0, '_a6_': 1.0}};{'d0': 0.02490583291941664};-276.475521886821;36.79692280540652
25181;-101.440838138005;((((_a0_ * _a2_) + pow2(((x + _a4_) / _a7_))) + _a4_) * x);{'d0': {'_a0_': 1.0, '_a2_': 1.1346463809326905, '_a4_': 0.31192970784553997, '_a7_': 0.5441891091437957, '_a1_': 1.0, '_a3_': 1.0, '_a5_': 1.0, '_a6_': 1.0}};{'d0': 0.02490583291941664};-276.475521886821;36.79692280540652
25182;-101.440838138005;((((_a0_ * _a2_) + pow2(((x + _a4_) / _a7_))) + _a4_) * x);{'d0': {'_a0_': 1.0, '_a2_': 1.1346463809326905, '_a4_': 0.31192970784553997, '_a7_': 0.5441891091437957, '_a1_': 1.0, '_a3_': 1.0, '_a5_': 1.0, '_a6_': 1.0}};{'d0': 0.02490583291941664};-276.475521886821;36.79692280540652
25183;-103.488010419116;((((_a0_ * x) + pow2(((x + _a4_) / _a7_))) + _a4_) * x);{'d0': {'_a0_': -1.891058510262023, '_a4_': 0.591940430786289, '_a7_': 0.5441891093352113, '_a1_': 1.0, '_a2_': 1.0, '_a3_': 1.0, '_a5_': 1.0, '_a6_': 1.0}};{'d0': 0.024905832919416653};-280.569866449044;36.79692280540652
25184;-103.488010419116;((((_a0_ * x) + pow2(((x + _a4_) / _a7_))) + _a4_) * x);{'d0': {'_a0_': -1.891058510262023, '_a4_': 0.591940430786289, '_a7_': 0.5441891093352113, '_a1_': 1.0, '_a2_': 1.0, '_a3_': 1.0, '_a5_': 1.0, '_a6_': 1.0}};{'d0': 0.024905832919416653};-280.569866449044;36.79692280540652
25185;-103.488010419116;((((_a0_ * x) + pow2(((x + _a4_) / _a7_))) + _a4_) * x);{'d0': {'_a0_': -1.891058510262023, '_a4_': 0.591940430786289, '_a7_': 0.5441891093352113, '_a1_': 1.0, '_a2_': 1.0, '_a3_': 1.0, '_a5_': 1.0, '_a6_': 1.0}};{'d0': 0.024905832919416653};-280.569866449044;36.79692280540652
25186;-103.488010419116;((((_a0_ * x) + pow2(((x + _a4_) / _a7_))) + _a4_) * x);{'d0': {'_a0_': -1.891058510262023, '_a4_': 0.591940430786289, '_a7_': 0.5441891093352113, '_a1_': 1.0, '_a2_': 1.0, '_a3_': 1.0, '_a5_': 1.0, '_a6_': 1.0}};{'d0': 0.024905832919416653};-280.569866449044;36.79692280540652
25187;-104.411319546383;((((_a0_ * x) + pow2(((x + _a4_) * _a7_))) + _a4_) * x);{'d0': {'_a0_': -1.8910585094803138, '_a4_': 0.5919404306014406, '_a7_': 1.8375964952819042, '_a1_': 1.0, '_a2_': 1.0, '_a3_': 1.0, '_a5_': 1.0, '_a6_': 1.0}};{'d0': 0.024905832919416594};-280.569866449044;35.873613678139115
25188;-104.411319546383;((((_a0_ * x) + pow2(((x + _a4_) * _a7_))) + _a4_) * x);{'d0': {'_a0_': -1.8910585094803138, '_a4_': 0.5919404306014406, '_a7_': 1.8375964952819042, '_a1_': 1.0, '_a2_': 1.0, '_a3_': 1.0, '_a5_': 1.0, '_a6_': 1.0}};{'d0': 0.024905832919416594};-280.569866449044;35.873613678139115
25189;-104.411319546383;((((_a0_ * x) + pow2(((x + _a4_) * _a7_))) + _a4_) * x);{'d0': {'_a0_': -1.8910585094803138, '_a4_': 0.5919404306014406, '_a7_': 1.8375964952819042, '_a1_': 1.0, '_a2_': 1.0, '_a3_': 1.0, '_a5_': 1.0, '_a6_': 1.0}};{'d0': 0.024905832919416594};-280.569866449044;35.873613678139115
25190;-104.411319546383;((((_a0_ * x) + pow2(((x + _a4_) * _a7_))) + _a4_) * x);{'d0': {'_a0_': -1.8910585094803138, '_a4_': 0.5919404306014406, '_a7_': 1.8375964952819042, '_a1_': 1.0, '_a2_': 1.0, '_a3_': 1.0, '_a5_': 1.0, '_a6_': 1.0}};{'d0': 0.024905832919416594};-280.569866449044;35.873613678139115
25191;-104.411319546383;((((_a0_ * x) + pow2(((x + _a4_) * _a7_))) + _a4_) * x);{'d0': {'_a0_': -1.8910585094803138, '_a4_': 0.5919404306014406, '_a7_': 1.8375964952819042, '_a1_': 1.0, '_a2_': 1.0, '_a3_': 1.0, '_a5_': 1.0, '_a6_': 1.0}};{'d0': 0.024905832919416594};-280.569866449044;35.873613678139115
25192;-104.411319546383;((((_a0_ * x) + pow2(((x + _a4_) * _a7_))) + _a4_) * x);{'d0': {'_a0_': -1.8910585094803138, '_a4_': 0.5919404306014406, '_a7_': 1.8375964952819042, '_a1_': 1.0, '_a2_': 1.0, '_a3_': 1.0, '_a5_': 1.0, '_a6_': 1.0}};{'d0': 0.024905832919416594};-280.569866449044;35.873613678139115
25193;-104.411319546383;((((_a0_ * x) + pow2(((x + _a4_) * _a7_))) + _a4_) * x);{'d0': {'_a0_': -1.8910585094803138, '_a4_': 0.5919404306014406, '_a7_': 1.8375964952819042, '_a1_': 1.0, '_a2_': 1.0, '_a3_': 1.0, '_a5_': 1.0, '_a6_': 1.0}};{'d0': 0.024905832919416594};-280.569866449044;35.873613678139115
25194;-104.411319546383;((((_a0_ * x) + pow2(((x + _a4_) * _a7_))) + _a4_) * x);{'d0': {'_a0_': -1.8910585094803138, '_a4_': 0.5919404306014406, '_a7_': 1.8375964952819042, '_a1_': 1.0, '_a2_': 1.0, '_a3_': 1.0, '_a5_': 1.0, '_a6_': 1.0}};{'d0': 0.024905832919416594};-280.569866449044;35.873613678139115
25195;-104.411319546383;((((_a0_ * x) + pow2(((x + _a4_) * _a7_))) + _a4_) * x);{'d0': {'_a0_': -1.8910585094803138, '_a4_': 0.5919404306014406, '_a7_': 1.8375964952819042, '_a1_': 1.0, '_a2_': 1.0, '_a3_': 1.0, '_a5_': 1.0, '_a6_': 1.0}};{'d0': 0.024905832919416594};-280.569866449044;35.873613678139115
25196;-104.411319546383;((((_a0_ * x) + pow2(((x + _a4_) * _a7_))) + _a4_) * x);{'d0': {'_a0_': -1.8910585094803138, '_a4_': 0.5919404306014406, '_a7_': 1.8375964952819042, '_a1_': 1.0, '_a2_': 1.0, '_a3_': 1.0, '_a5_': 1.0, '_a6_': 1.0}};{'d0': 0.024905832919416594};-280.569866449044;35.873613678139115
25197;-104.411319546383;((((_a0_ * x) + pow2(((x + _a4_) * _a7_))) + _a4_) * x);{'d0': {'_a0_': -1.8910585094803138, '_a4_': 0.5919404306014406, '_a7_': 1.8375964952819042, '_a1_': 1.0, '_a2_': 1.0, '_a3_': 1.0, '_a5_': 1.0, '_a6_': 1.0}};{'d0': 0.024905832919416594};-280.569866449044;35.873613678139115
25198;-104.411319546383;((((_a0_ * x) + pow2(((x + _a4_) * _a7_))) + _a4_) * x);{'d0': {'_a0_': -1.8910585094803138, '_a4_': 0.5919404306014406, '_a7_': 1.8375964952819042, '_a1_': 1.0, '_a2_': 1.0, '_a3_': 1.0, '_a5_': 1.0, '_a6_': 1.0}};{'d0': 0.024905832919416594};-280.569866449044;35.873613678139115
25199;-104.411319546383;((((_a0_ * x) + pow2(((x + _a4_) * _a7_))) + _a4_) * x);{'d0': {'_a0_': -1.8910585094803138, '_a4_': 0.5919404306014406, '_a7_': 1.8375964952819042, '_a1_': 1.0, '_a2_': 1.0, '_a3_': 1.0, '_a5_': 1.0, '_a6_': 1.0}};{'d0': 0.024905832919416594};-280.569866449044;35.873613678139115
25200;-104.411319546383;((((_a0_ * x) + pow2(((x + _a4_) * _a7_))) + _a4_) * x);{'d0': {'_a0_': -1.8910585094803138, '_a4_': 0.5919404306014406, '_a7_': 1.8375964952819042, '_a1_': 1.0, '_a2_': 1.0, '_a3_': 1.0, '_a5_': 1.0, '_a6_': 1.0}};{'d0': 0.024905832919416594};-280.569866449044;35.873613678139115
25201;-104.411319546383;((((_a0_ * x) + pow2(((x + _a4_) * _a7_))) + _a4_) * x);{'d0': {'_a0_': -1.8910585094803138, '_a4_': 0.5919404306014406, '_a7_': 1.8375964952819042, '_a1_': 1.0, '_a2_': 1.0, '_a3_': 1.0, '_a5_': 1.0, '_a6_': 1.0}};{'d0': 0.024905832919416594};-280.569866449044;35.873613678139115
25202;-104.531628829011;((((_a0_ * x) + pow2(((x / _a4_) * _a7_))) + _a4_) * x);{'d0': {'_a0_': 2.106624069181394, '_a4_': 1.7751354045520058, '_a7_': 3.261982597959412, '_a1_': 1.0, '_a2_': 1.0, '_a3_': 1.0, '_a5_': 1.0, '_a6_': 1.0}};{'d0': 0.02490583291941658};-280.569866449044;35.75330439551151
25203;-104.531628829011;((((_a0_ * x) + pow2(((x / _a4_) * _a7_))) + _a4_) * x);{'d0': {'_a0_': 2.106624069181394, '_a4_': 1.7751354045520058, '_a7_': 3.261982597959412, '_a1_': 1.0, '_a2_': 1.0, '_a3_': 1.0, '_a5_': 1.0, '_a6_': 1.0}};{'d0': 0.02490583291941658};-280.569866449044;35.75330439551151
25204;-104.531628829011;((((_a0_ * x) + pow2(((x / _a4_) * _a7_))) + _a4_) * x);{'d0': {'_a0_': 2.106624069181394, '_a4_': 1.7751354045520058, '_a7_': 3.261982597959412, '_a1_': 1.0, '_a2_': 1.0, '_a3_': 1.0, '_a5_': 1.0, '_a6_': 1.0}};{'d0': 0.02490583291941658};-280.569866449044;35.75330439551151
25205;-104.531628829011;((((_a0_ * x) + pow2(((x / _a4_) * _a7_))) + _a4_) * x);{'d0': {'_a0_': 2.106624069181394, '_a4_': 1.7751354045520058, '_a7_': 3.261982597959412, '_a1_': 1.0, '_a2_': 1.0, '_a3_': 1.0, '_a5_': 1.0, '_a6_': 1.0}};{'d0': 0.02490583291941658};-280.569866449044;35.75330439551151
25206;-104.531628829011;((((_a0_ * x) + pow2(((x / _a4_) * _a7_))) + _a4_) * x);{'d0': {'_a0_': 2.106624069181394, '_a4_': 1.7751354045520058, '_a7_': 3.261982597959412, '_a1_': 1.0, '_a2_': 1.0, '_a3_': 1.0, '_a5_': 1.0, '_a6_': 1.0}};{'d0': 0.02490583291941658};-280.569866449044;35.75330439551151
25207;-104.531628829011;((((_a0_ * x) + pow2(((x / _a4_) * _a7_))) + _a4_) * x);{'d0': {'_a0_': 2.106624069181394, '_a4_': 1.7751354045520058, '_a7_': 3.261982597959412, '_a1_': 1.0, '_a2_': 1.0, '_a3_': 1.0, '_a5_': 1.0, '_a6_': 1.0}};{'d0': 0.02490583291941658};-280.569866449044;35.75330439551151
25208;-104.531628829011;((((_a0_ * x) + pow2(((x / _a4_) * _a7_))) + _a4_) * x);{'d0': {'_a0_': 2.106624069181394, '_a4_': 1.7751354045520058, '_a7_': 3.261982597959412, '_a1_': 1.0, '_a2_': 1.0, '_a3_': 1.0, '_a5_': 1.0, '_a6_': 1.0}};{'d0': 0.02490583291941658};-280.569866449044;35.75330439551151
25209;-104.531628829011;((((_a0_ * x) + pow2(((x / _a4_) * _a7_))) + _a4_) * x);{'d0': {'_a0_': 2.106624069181394, '_a4_': 1.7751354045520058, '_a7_': 3.261982597959412, '_a1_': 1.0, '_a2_': 1.0, '_a3_': 1.0, '_a5_': 1.0, '_a6_': 1.0}};{'d0': 0.02490583291941658};-280.569866449044;35.75330439551151
25210;-105.608355025257;(((pow2((x + (x + -(_a7_)))) * _a4_) + _a0_) * x);{'d0': {'_a0_': 1.4465760893898951, '_a4_': 0.8441902196086294, '_a7_': -0.6238594156238672, '_a1_': 1.0, '_a2_': 1.0, '_a3_': 1.0, '_a5_': 1.0, '_a6_': 1.0}};{'d0': 0.02490583291941666};-280.569866449044;34.67657819926426
25211;-105.608355025257;(((pow2((x + (x + -(_a7_)))) * _a4_) + _a0_) * x);{'d0': {'_a0_': 1.4465760893898951, '_a4_': 0.8441902196086294, '_a7_': -0.6238594156238672, '_a1_': 1.0, '_a2_': 1.0, '_a3_': 1.0, '_a5_': 1.0, '_a6_': 1.0}};{'d0': 0.02490583291941666};-280.569866449044;34.67657819926426
25212;-105.608355025257;(((pow2((x + (x + -(_a7_)))) * _a4_) + _a0_) * x);{'d0': {'_a0_': 1.4465760893898951, '_a4_': 0.8441902196086294, '_a7_': -0.6238594156238672, '_a1_': 1.0, '_a2_': 1.0, '_a3_': 1.0, '_a5_': 1.0, '_a6_': 1.0}};{'d0': 0.02490583291941666};-280.569866449044;34.67657819926426
25213;-105.608355025257;(((pow2((x + (_a0_ + -(_a7_)))) * _a4_) + _a0_) * x);{'d0': {'_a0_': 1.4465760895288542, '_a4_': 3.3767608784173797, '_a7_': 1.1346463817128647, '_a1_': 1.0, '_a2_': 1.0, '_a3_': 1.0, '_a5_': 1.0, '_a6_': 1.0}};{'d0': 0.024905832919416584};-280.569866449044;34.67657819926426
25214;-105.608355025257;(((pow2((x + (_a0_ + -(_a7_)))) * _a4_) + _a0_) * x);{'d0': {'_a0_': 1.4465760895288542, '_a4_': 3.3767608784173797, '_a7_': 1.1346463817128647, '_a1_': 1.0, '_a2_': 1.0, '_a3_': 1.0, '_a5_': 1.0, '_a6_': 1.0}};{'d0': 0.024905832919416584};-280.569866449044;34.67657819926426
25215;-105.608355025257;(((pow2((x + (_a0_ + -(_a7_)))) * _a4_) + _a0_) * x);{'d0': {'_a0_': 1.4465760895288542, '_a4_': 3.3767608784173797, '_a7_': 1.1346463817128647, '_a1_': 1.0, '_a2_': 1.0, '_a3_': 1.0, '_a5_': 1.0, '_a6_': 1.0}};{'d0': 0.024905832919416584};-280.569866449044;34.67657819926426
25216;-105.608355025257;(((pow2((x + (_a0_ + -(_a7_)))) * _a4_) + _a0_) * x);{'d0': {'_a0_': 1.4465760895288542, '_a4_': 3.3767608784173797, '_a7_': 1.1346463817128647, '_a1_': 1.0, '_a2_': 1.0, '_a3_': 1.0, '_a5_': 1.0, '_a6_': 1.0}};{'d0': 0.024905832919416584};-280.569866449044;34.67657819926426
25217;-104.531628829011;((((_a0_ * x) + pow2(((x / _a4_) * _a7_))) + _a7_) * x);{'d0': {'_a0_': 2.1066240670293337, '_a4_': 0.9660093542400188, '_a7_': 1.7751354034643496, '_a1_': 1.0, '_a2_': 1.0, '_a3_': 1.0, '_a5_': 1.0, '_a6_': 1.0}};{'d0': 0.024905832919416587};-280.569866449044;35.75330439551151
25218;-104.531628829011;((((_a0_ * x) + pow2(((x / _a4_) * _a7_))) + _a7_) * x);{'d0': {'_a0_': 2.1066240670293337, '_a4_': 0.9660093542400188, '_a7_': 1.7751354034643496, '_a1_': 1.0, '_a2_': 1.0, '_a3_': 1.0, '_a5_': 1.0, '_a6_': 1.0}};{'d0': 0.024905832919416587};-280.569866449044;35.75330439551151
25219;-104.531628829011;((((_a0_ * x) + pow2(((x / _a4_) * _a7_))) + _a7_) * x);{'d0': {'_a0_': 2.1066240670293337, '_a4_': 0.9660093542400188, '_a7_': 1.7751354034643496, '_a1_': 1.0, '_a2_': 1.0, '_a3_': 1.0, '_a5_': 1.0, '_a6_': 1.0}};{'d0': 0.024905832919416587};-280.569866449044;35.75330439551151
25220;-104.531628829011;((((_a0_ * x) + pow2(((x / _a4_) * _a7_))) + _a7_) * x);{'d0': {'_a0_': 2.1066240670293337, '_a4_': 0.9660093542400188, '_a7_': 1.7751354034643496, '_a1_': 1.0, '_a2_': 1.0, '_a3_': 1.0, '_a5_': 1.0, '_a6_': 1.0}};{'d0': 0.024905832919416587};-280.569866449044;35.75330439551151
25221;-104.531628829011;((((_a0_ * x) + pow2(((x / _a4_) * _a7_))) + _a7_) * x);{'d0': {'_a0_': 2.1066240670293337, '_a4_': 0.9660093542400188, '_a7_': 1.7751354034643496, '_a1_': 1.0, '_a2_': 1.0, '_a3_': 1.0, '_a5_': 1.0, '_a6_': 1.0}};{'d0': 0.024905832919416587};-280.569866449044;35.75330439551151
25222;-104.531628829011;((((_a0_ * x) + pow2(((x / _a4_) * _a7_))) + _a7_) * x);{'d0': {'_a0_': 2.1066240670293337, '_a4_': 0.9660093542400188, '_a7_': 1.7751354034643496, '_a1_': 1.0, '_a2_': 1.0, '_a3_': 1.0, '_a5_': 1.0, '_a6_': 1.0}};{'d0': 0.024905832919416587};-280.569866449044;35.75330439551151
25223;-98.6110277799806;(((((_a7_ + _a6_) * x) + pow2(((x / _a4_) * _a7_))) + _a7_) * x);{'d0': {'_a4_': 0.9660093548193435, '_a6_': 0.3314886624969369, '_a7_': 1.775135404164514, '_a0_': 1.0, '_a1_': 1.0, '_a2_': 1.0, '_a3_': 1.0, '_a5_': 1.0}};{'d0': 0.024905832919416605};-280.569866449044;41.67390544454151
25224;-105.608355025257;(((pow2((x + (_a0_ + -(_a7_)))) * _a4_) + _a0_) * x);{'d0': {'_a0_': 1.4465760895288542, '_a4_': 3.3767608784173797, '_a7_': 1.1346463817128647, '_a1_': 1.0, '_a2_': 1.0, '_a3_': 1.0, '_a5_': 1.0, '_a6_': 1.0}};{'d0': 0.024905832919416584};-280.569866449044;34.67657819926426
25225;-94.9310806197202;(((((_a7_ + _a6_) * x) + pow2(((x / _a4_) * _a7_))) + -(_a6_)) * x);{'d0': {'_a4_': 2.1124112301815456, '_a6_': -1.7751354043595848, '_a7_': 3.8817594726001214, '_a0_': 1.0, '_a1_': 1.0, '_a2_': 1.0, '_a3_': 1.0, '_a5_': 1.0}};{'d0': 0.02490583291941662};-280.569866449044;45.3538526048019
25226;-94.9310806197202;(((((_a7_ + _a6_) * x) + pow2(((x / _a4_) * _a7_))) + -(_a6_)) * x);{'d0': {'_a4_': 2.1124112301815456, '_a6_': -1.7751354043595848, '_a7_': 3.8817594726001214, '_a0_': 1.0, '_a1_': 1.0, '_a2_': 1.0, '_a3_': 1.0, '_a5_': 1.0}};{'d0': 0.02490583291941662};-280.569866449044;45.3538526048019
25227;-94.9310806197202;(((((_a7_ + _a6_) * x) + pow2(((x / _a4_) * _a7_))) + -(_a6_)) * x);{'d0': {'_a4_': 2.1124112301815456, '_a6_': -1.7751354043595848, '_a7_': 3.8817594726001214, '_a0_': 1.0, '_a1_': 1.0, '_a2_': 1.0, '_a3_': 1.0, '_a5_': 1.0}};{'d0': 0.02490583291941662};-280.569866449044;45.3538526048019
25228;-94.9310806197202;(((((_a7_ + _a6_) * x) + pow2(((x / _a4_) * _a7_))) + -(_a6_)) * x);{'d0': {'_a4_': 2.1124112301815456, '_a6_': -1.7751354043595848, '_a7_': 3.8817594726001214, '_a0_': 1.0, '_a1_': 1.0, '_a2_': 1.0, '_a3_': 1.0, '_a5_': 1.0}};{'d0': 0.02490583291941662};-280.569866449044;45.3538526048019
25229;-94.9310806197202;(((((_a7_ + _a6_) * x) + pow2(((x / _a4_) * _a7_))) + -(_a6_)) * x);{'d0': {'_a4_': 2.1124112301815456, '_a6_': -1.7751354043595848, '_a7_': 3.8817594726001214, '_a0_': 1.0, '_a1_': 1.0, '_a2_': 1.0, '_a3_': 1.0, '_a5_': 1.0}};{'d0': 0.02490583291941662};-280.569866449044;45.3538526048019
25230;-105.608355025257;(((pow2((x + (_a0_ + -(_a7_)))) * _a4_) + _a0_) * x);{'d0': {'_a0_': 1.4465760895288542, '_a4_': 3.3767608784173797, '_a7_': 1.1346463817128647, '_a1_': 1.0, '_a2_': 1.0, '_a3_': 1.0, '_a5_': 1.0, '_a6_': 1.0}};{'d0': 0.024905832919416584};-280.569866449044;34.67657819926426
25231;-105.608355025257;(((pow2((x + (_a0_ + -(_a7_)))) * _a4_) + _a0_) * x);{'d0': {'_a0_': 1.4465760895288542, '_a4_': 3.3767608784173797, '_a7_': 1.1346463817128647, '_a1_': 1.0, '_a2_': 1.0, '_a3_': 1.0, '_a5_': 1.0, '_a6_': 1.0}};{'d0': 0.024905832919416584};-280.569866449044;34.67657819926426
25232;-105.608355025257;(((pow2((x + (_a0_ + -(_a7_)))) * _a4_) + _a0_) * x);{'d0': {'_a0_': 1.4465760895288542, '_a4_': 3.3767608784173797, '_a7_': 1.1346463817128647, '_a1_': 1.0, '_a2_': 1.0, '_a3_': 1.0, '_a5_': 1.0, '_a6_': 1.0}};{'d0': 0.024905832919416584};-280.569866449044;34.67657819926426
25233;-105.608355025257;(((pow2((x + (_a0_ + -(_a7_)))) * _a4_) + _a0_) * x);{'d0': {'_a0_': 1.4465760895288542, '_a4_': 3.3767608784173797, '_a7_': 1.1346463817128647, '_a1_': 1.0, '_a2_': 1.0, '_a3_': 1.0, '_a5_': 1.0, '_a6_': 1.0}};{'d0': 0.024905832919416584};-280.569866449044;34.67657819926426
25234;-105.608355025257;(((pow2((x + (_a0_ + -(_a7_)))) * _a4_) + _a0_) * x);{'d0': {'_a0_': 1.4465760895288542, '_a4_': 3.3767608784173797, '_a7_': 1.1346463817128647, '_a1_': 1.0, '_a2_': 1.0, '_a3_': 1.0, '_a5_': 1.0, '_a6_': 1.0}};{'d0': 0.024905832919416584};-280.569866449044;34.67657819926426
25235;-105.608355025257;(((pow2((x + (_a0_ + -(_a7_)))) * _a4_) + _a0_) * x);{'d0': {'_a0_': 1.4465760895288542, '_a4_': 3.3767608784173797, '_a7_': 1.1346463817128647, '_a1_': 1.0, '_a2_': 1.0, '_a3_': 1.0, '_a5_': 1.0, '_a6_': 1.0}};{'d0': 0.024905832919416584};-280.569866449044;34.67657819926426
25236;-105.608355025257;(((pow2((x + (_a0_ + -(_a7_)))) * _a4_) + _a0_) * x);{'d0': {'_a0_': 1.4465760895288542, '_a4_': 3.3767608784173797, '_a7_': 1.1346463817128647, '_a1_': 1.0, '_a2_': 1.0, '_a3_': 1.0, '_a5_': 1.0, '_a6_': 1.0}};{'d0': 0.024905832919416584};-280.569866449044;34.67657819926426
25237;-105.608355025257;(((pow2((x + (_a0_ + -(_a7_)))) * _a4_) + _a0_) * x);{'d0': {'_a0_': 1.4465760895288542, '_a4_': 3.3767608784173797, '_a7_': 1.1346463817128647, '_a1_': 1.0, '_a2_': 1.0, '_a3_': 1.0, '_a5_': 1.0, '_a6_': 1.0}};{'d0': 0.024905832919416584};-280.569866449044;34.67657819926426
25238;-105.608355025257;(((pow2((x + (_a0_ + -(_a7_)))) * _a4_) + _a0_) * x);{'d0': {'_a0_': 1.4465760895288542, '_a4_': 3.3767608784173797, '_a7_': 1.1346463817128647, '_a1_': 1.0, '_a2_': 1.0, '_a3_': 1.0, '_a5_': 1.0, '_a6_': 1.0}};{'d0': 0.024905832919416584};-280.569866449044;34.67657819926426
25239;-105.608355025257;(((pow2((x + (_a0_ + -(_a7_)))) * _a4_) + _a0_) * x);{'d0': {'_a0_': 1.4465760895288542, '_a4_': 3.3767608784173797, '_a7_': 1.1346463817128647, '_a1_': 1.0, '_a2_': 1.0, '_a3_': 1.0, '_a5_': 1.0, '_a6_': 1.0}};{'d0': 0.024905832919416584};-280.569866449044;34.67657819926426
25240;-104.429306858733;((((-((x * (x + _a5_))) + _a5_) + _a4_) * x) * _a6_);{'d0': {'_a4_': -1.1495511863396601, '_a5_': 0.6238594158779537, '_a6_': -3.376760877809212, '_a0_': 1.0, '_a1_': 1.0, '_a2_': 1.0, '_a3_': 1.0, '_a7_': 1.0}};{'d0': 0.024905832919416608};-280.569866449044;35.85562636578943
25241;-104.429306858733;((((-((x * (x + _a5_))) + _a5_) + _a4_) * x) * _a6_);{'d0': {'_a4_': -1.1495511863396601, '_a5_': 0.6238594158779537, '_a6_': -3.376760877809212, '_a0_': 1.0, '_a1_': 1.0, '_a2_': 1.0, '_a3_': 1.0, '_a7_': 1.0}};{'d0': 0.024905832919416608};-280.569866449044;35.85562636578943
25242;-104.429306858733;((((-((x * (x + _a5_))) + _a5_) + _a4_) * x) * _a6_);{'d0': {'_a4_': -1.1495511863396601, '_a5_': 0.6238594158779537, '_a6_': -3.376760877809212, '_a0_': 1.0, '_a1_': 1.0, '_a2_': 1.0, '_a3_': 1.0, '_a7_': 1.0}};{'d0': 0.024905832919416608};-280.569866449044;35.85562636578943
25243;-104.429306858733;((((-((x * (x + _a5_))) + _a5_) + _a4_) * x) * _a6_);{'d0': {'_a4_': -1.1495511863396601, '_a5_': 0.6238594158779537, '_a6_': -3.376760877809212, '_a0_': 1.0, '_a1_': 1.0, '_a2_': 1.0, '_a3_': 1.0, '_a7_': 1.0}};{'d0': 0.024905832919416608};-280.569866449044;35.85562636578943
25244;-104.429306858733;((((-((x * (x + _a5_))) + _a5_) + _a4_) * x) * _a6_);{'d0': {'_a4_': -1.1495511863396601, '_a5_': 0.6238594158779537, '_a6_': -3.376760877809212, '_a0_': 1.0, '_a1_': 1.0, '_a2_': 1.0, '_a3_': 1.0, '_a7_': 1.0}};{'d0': 0.024905832919416608};-280.569866449044;35.85562636578943
25245;-104.429306858733;((((-((x * (x + _a5_))) + _a5_) + _a4_) * x) * _a6_);{'d0': {'_a4_': -1.1495511863396601, '_a5_': 0.6238594158779537, '_a6_': -3.376760877809212, '_a0_': 1.0, '_a1_': 1.0, '_a2_': 1.0, '_a3_': 1.0, '_a7_': 1.0}};{'d0': 0.024905832919416608};-280.569866449044;35.85562636578943
25246;-104.429306858733;((((-((x * (x + _a5_))) + _a5_) + _a4_) * x) * _a6_);{'d0': {'_a4_': -1.1495511863396601, '_a5_': 0.6238594158779537, '_a6_': -3.376760877809212, '_a0_': 1.0, '_a1_': 1.0, '_a2_': 1.0, '_a3_': 1.0, '_a7_': 1.0}};{'d0': 0.024905832919416608};-280.569866449044;35.85562636578943
25247;-104.429306858733;((((-((x * (x + _a5_))) + _a5_) + _a4_) * x) * _a6_);{'d0': {'_a4_': -1.1495511863396601, '_a5_': 0.6238594158779537, '_a6_': -3.376760877809212, '_a0_': 1.0, '_a1_': 1.0, '_a2_': 1.0, '_a3_': 1.0, '_a7_': 1.0}};{'d0': 0.024905832919416608};-280.569866449044;35.85562636578943
25248;-104.429306858733;((((-((x * (x + _a5_))) + _a5_) + _a4_) * x) * _a6_);{'d0': {'_a4_': -1.1495511863396601, '_a5_': 0.6238594158779537, '_a6_': -3.376760877809212, '_a0_': 1.0, '_a1_': 1.0, '_a2_': 1.0, '_a3_': 1.0, '_a7_': 1.0}};{'d0': 0.024905832919416608};-280.569866449044;35.85562636578943
25249;-104.429306858733;((((-((x * (x + _a5_))) + _a5_) + _a4_) * x) * _a6_);{'d0': {'_a4_': -1.1495511863396601, '_a5_': 0.6238594158779537, '_a6_': -3.376760877809212, '_a0_': 1.0, '_a1_': 1.0, '_a2_': 1.0, '_a3_': 1.0, '_a7_': 1.0}};{'d0': 0.024905832919416608};-280.569866449044;35.85562636578943
25250;-104.429306858733;((((-((x * (x + _a5_))) + _a5_) + _a4_) * x) * _a6_);{'d0': {'_a4_': -1.1495511863396601, '_a5_': 0.6238594158779537, '_a6_': -3.376760877809212, '_a0_': 1.0, '_a1_': 1.0, '_a2_': 1.0, '_a3_': 1.0, '_a7_': 1.0}};{'d0': 0.024905832919416608};-280.569866449044;35.85562636578943
25251;-104.429306858733;((((-((x * (x + _a5_))) + _a5_) + _a4_) * x) * _a6_);{'d0': {'_a4_': -1.1495511863396601, '_a5_': 0.6238594158779537, '_a6_': -3.376760877809212, '_a0_': 1.0, '_a1_': 1.0, '_a2_': 1.0, '_a3_': 1.0, '_a7_': 1.0}};{'d0': 0.024905832919416608};-280.569866449044;35.85562636578943
25252;-104.429306858733;((((-((x * (x + _a5_))) + _a5_) + _a4_) * x) * _a6_);{'d0': {'_a4_': -1.1495511863396601, '_a5_': 0.6238594158779537, '_a6_': -3.376760877809212, '_a0_': 1.0, '_a1_': 1.0, '_a2_': 1.0, '_a3_': 1.0, '_a7_': 1.0}};{'d0': 0.024905832919416608};-280.569866449044;35.85562636578943
25253;-104.429306858733;((((-((x * (x + _a5_))) + _a5_) + _a4_) * x) * _a6_);{'d0': {'_a4_': -1.1495511863396601, '_a5_': 0.6238594158779537, '_a6_': -3.376760877809212, '_a0_': 1.0, '_a1_': 1.0, '_a2_': 1.0, '_a3_': 1.0, '_a7_': 1.0}};{'d0': 0.024905832919416608};-280.569866449044;35.85562636578943
25254;-104.429306858733;((((-((x * (x + _a5_))) + _a5_) + _a4_) * x) * _a6_);{'d0': {'_a4_': -1.1495511863396601, '_a5_': 0.6238594158779537, '_a6_': -3.376760877809212, '_a0_': 1.0, '_a1_': 1.0, '_a2_': 1.0, '_a3_': 1.0, '_a7_': 1.0}};{'d0': 0.024905832919416608};-280.569866449044;35.85562636578943
25255;-104.429306858733;((((-((x * (x + _a5_))) + _a5_) + _a4_) * x) * _a6_);{'d0': {'_a4_': -1.1495511863396601, '_a5_': 0.6238594158779537, '_a6_': -3.376760877809212, '_a0_': 1.0, '_a1_': 1.0, '_a2_': 1.0, '_a3_': 1.0, '_a7_': 1.0}};{'d0': 0.024905832919416608};-280.569866449044;35.85562636578943
25256;-104.429306858733;((((-((x * (x + _a5_))) + _a5_) + _a4_) * x) * _a6_);{'d0': {'_a4_': -1.1495511863396601, '_a5_': 0.6238594158779537, '_a6_': -3.376760877809212, '_a0_': 1.0, '_a1_': 1.0, '_a2_': 1.0, '_a3_': 1.0, '_a7_': 1.0}};{'d0': 0.024905832919416608};-280.569866449044;35.85562636578943
25257;-104.429306858733;((((-((x * (x + _a5_))) + _a5_) + _a4_) * x) * _a6_);{'d0': {'_a4_': -1.1495511863396601, '_a5_': 0.6238594158779537, '_a6_': -3.376760877809212, '_a0_': 1.0, '_a1_': 1.0, '_a2_': 1.0, '_a3_': 1.0, '_a7_': 1.0}};{'d0': 0.024905832919416608};-280.569866449044;35.85562636578943
25258;-104.429306858733;((((-((x * (x + _a5_))) + _a5_) + _a4_) * x) * _a6_);{'d0': {'_a4_': -1.1495511863396601, '_a5_': 0.6238594158779537, '_a6_': -3.376760877809212, '_a0_': 1.0, '_a1_': 1.0, '_a2_': 1.0, '_a3_': 1.0, '_a7_': 1.0}};{'d0': 0.024905832919416608};-280.569866449044;35.85562636578943
25259;-104.429306858733;((((-((x * (x + _a5_))) + _a5_) + _a4_) * x) * _a6_);{'d0': {'_a4_': -1.1495511863396601, '_a5_': 0.6238594158779537, '_a6_': -3.376760877809212, '_a0_': 1.0, '_a1_': 1.0, '_a2_': 1.0, '_a3_': 1.0, '_a7_': 1.0}};{'d0': 0.024905832919416608};-280.569866449044;35.85562636578943
25260;-104.429306858733;((((-((x * (x + _a5_))) + _a5_) + _a4_) * x) * _a6_);{'d0': {'_a4_': -1.1495511863396601, '_a5_': 0.6238594158779537, '_a6_': -3.376760877809212, '_a0_': 1.0, '_a1_': 1.0, '_a2_': 1.0, '_a3_': 1.0, '_a7_': 1.0}};{'d0': 0.024905832919416608};-280.569866449044;35.85562636578943
25261;-104.429306858733;((((-((x * (x + _a5_))) + _a5_) + _a4_) * x) * _a6_);{'d0': {'_a4_': -1.1495511863396601, '_a5_': 0.6238594158779537, '_a6_': -3.376760877809212, '_a0_': 1.0, '_a1_': 1.0, '_a2_': 1.0, '_a3_': 1.0, '_a7_': 1.0}};{'d0': 0.024905832919416608};-280.569866449044;35.85562636578943
25262;-104.429306858733;((((-((x * (x + _a5_))) + _a5_) + _a4_) * x) * _a6_);{'d0': {'_a4_': -1.1495511863396601, '_a5_': 0.6238594158779537, '_a6_': -3.376760877809212, '_a0_': 1.0, '_a1_': 1.0, '_a2_': 1.0, '_a3_': 1.0, '_a7_': 1.0}};{'d0': 0.024905832919416608};-280.569866449044;35.85562636578943
25263;-104.429306858733;((((-((x * (x + _a5_))) + _a5_) + _a4_) * x) * _a6_);{'d0': {'_a4_': -1.1495511863396601, '_a5_': 0.6238594158779537, '_a6_': -3.376760877809212, '_a0_': 1.0, '_a1_': 1.0, '_a2_': 1.0, '_a3_': 1.0, '_a7_': 1.0}};{'d0': 0.024905832919416608};-280.569866449044;35.85562636578943
25264;-104.429306858733;((((-((x * (x + _a5_))) + _a5_) + _a4_) * x) * _a6_);{'d0': {'_a4_': -1.1495511863396601, '_a5_': 0.6238594158779537, '_a6_': -3.376760877809212, '_a0_': 1.0, '_a1_': 1.0, '_a2_': 1.0, '_a3_': 1.0, '_a7_': 1.0}};{'d0': 0.024905832919416608};-280.569866449044;35.85562636578943
25265;-104.429306858733;((((-((x * (x + _a5_))) + _a5_) + _a4_) * x) * _a6_);{'d0': {'_a4_': -1.1495511863396601, '_a5_': 0.6238594158779537, '_a6_': -3.376760877809212, '_a0_': 1.0, '_a1_': 1.0, '_a2_': 1.0, '_a3_': 1.0, '_a7_': 1.0}};{'d0': 0.024905832919416608};-280.569866449044;35.85562636578943
25266;-104.429306858733;((((-((x * (x + _a5_))) + _a5_) + _a4_) * x) * _a6_);{'d0': {'_a4_': -1.1495511863396601, '_a5_': 0.6238594158779537, '_a6_': -3.376760877809212, '_a0_': 1.0, '_a1_': 1.0, '_a2_': 1.0, '_a3_': 1.0, '_a7_': 1.0}};{'d0': 0.024905832919416608};-280.569866449044;35.85562636578943
25267;-104.429306858733;((((-((x * (x + _a5_))) + _a5_) + _a4_) * x) * _a6_);{'d0': {'_a4_': -1.1495511863396601, '_a5_': 0.6238594158779537, '_a6_': -3.376760877809212, '_a0_': 1.0, '_a1_': 1.0, '_a2_': 1.0, '_a3_': 1.0, '_a7_': 1.0}};{'d0': 0.024905832919416608};-280.569866449044;35.85562636578943
25268;-104.429306858733;((((-((x * (x + _a5_))) + _a5_) + _a4_) * x) * _a6_);{'d0': {'_a4_': -1.1495511863396601, '_a5_': 0.6238594158779537, '_a6_': -3.376760877809212, '_a0_': 1.0, '_a1_': 1.0, '_a2_': 1.0, '_a3_': 1.0, '_a7_': 1.0}};{'d0': 0.024905832919416608};-280.569866449044;35.85562636578943
25269;-104.429306858733;((((-((x * (x + _a5_))) + _a5_) + _a4_) * x) * _a6_);{'d0': {'_a4_': -1.1495511863396601, '_a5_': 0.6238594158779537, '_a6_': -3.376760877809212, '_a0_': 1.0, '_a1_': 1.0, '_a2_': 1.0, '_a3_': 1.0, '_a7_': 1.0}};{'d0': 0.024905832919416608};-280.569866449044;35.85562636578943
25270;-104.429306858733;((((-((x * (x + _a5_))) + _a5_) + _a4_) * x) * _a6_);{'d0': {'_a4_': -1.1495511863396601, '_a5_': 0.6238594158779537, '_a6_': -3.376760877809212, '_a0_': 1.0, '_a1_': 1.0, '_a2_': 1.0, '_a3_': 1.0, '_a7_': 1.0}};{'d0': 0.024905832919416608};-280.569866449044;35.85562636578943
25271;-104.429306858733;((((-((x * (x + _a5_))) + _a5_) + _a4_) * x) * _a6_);{'d0': {'_a4_': -1.1495511863396601, '_a5_': 0.6238594158779537, '_a6_': -3.376760877809212, '_a0_': 1.0, '_a1_': 1.0, '_a2_': 1.0, '_a3_': 1.0, '_a7_': 1.0}};{'d0': 0.024905832919416608};-280.569866449044;35.85562636578943
25272;-104.429306858733;((((-((x * (x + _a5_))) + _a5_) + _a4_) * x) * _a6_);{'d0': {'_a4_': -1.1495511863396601, '_a5_': 0.6238594158779537, '_a6_': -3.376760877809212, '_a0_': 1.0, '_a1_': 1.0, '_a2_': 1.0, '_a3_': 1.0, '_a7_': 1.0}};{'d0': 0.024905832919416608};-280.569866449044;35.85562636578943
25273;-104.429306858733;((((-((x * (x + _a5_))) + _a5_) + _a4_) * x) * _a6_);{'d0': {'_a4_': -1.1495511863396601, '_a5_': 0.6238594158779537, '_a6_': -3.376760877809212, '_a0_': 1.0, '_a1_': 1.0, '_a2_': 1.0, '_a3_': 1.0, '_a7_': 1.0}};{'d0': 0.024905832919416608};-280.569866449044;35.85562636578943
25274;-104.429306858733;((((-((x * (x + _a5_))) + _a5_) + _a4_) * x) * _a6_);{'d0': {'_a4_': -1.1495511863396601, '_a5_': 0.6238594158779537, '_a6_': -3.376760877809212, '_a0_': 1.0, '_a1_': 1.0, '_a2_': 1.0, '_a3_': 1.0, '_a7_': 1.0}};{'d0': 0.024905832919416608};-280.569866449044;35.85562636578943
25275;-104.429306858733;((((-((x * (x + _a5_))) + _a5_) + _a4_) * x) * _a6_);{'d0': {'_a4_': -1.1495511863396601, '_a5_': 0.6238594158779537, '_a6_': -3.376760877809212, '_a0_': 1.0, '_a1_': 1.0, '_a2_': 1.0, '_a3_': 1.0, '_a7_': 1.0}};{'d0': 0.024905832919416608};-280.569866449044;35.85562636578943
25276;-104.429306858733;((((-((x * (x + _a5_))) + _a5_) + _a4_) * x) * _a6_);{'d0': {'_a4_': -1.1495511863396601, '_a5_': 0.6238594158779537, '_a6_': -3.376760877809212, '_a0_': 1.0, '_a1_': 1.0, '_a2_': 1.0, '_a3_': 1.0, '_a7_': 1.0}};{'d0': 0.024905832919416608};-280.569866449044;35.85562636578943
25277;-104.429306858733;((((-((x * (x + _a5_))) + _a5_) + _a4_) * x) * _a6_);{'d0': {'_a4_': -1.1495511863396601, '_a5_': 0.6238594158779537, '_a6_': -3.376760877809212, '_a0_': 1.0, '_a1_': 1.0, '_a2_': 1.0, '_a3_': 1.0, '_a7_': 1.0}};{'d0': 0.024905832919416608};-280.569866449044;35.85562636578943
25278;-104.429306858733;((((-((x * (x + _a5_))) + _a5_) + _a4_) * x) * _a6_);{'d0': {'_a4_': -1.1495511863396601, '_a5_': 0.6238594158779537, '_a6_': -3.376760877809212, '_a0_': 1.0, '_a1_': 1.0, '_a2_': 1.0, '_a3_': 1.0, '_a7_': 1.0}};{'d0': 0.024905832919416608};-280.569866449044;35.85562636578943
25279;-104.429306858733;((((-((x * (x + _a5_))) + _a5_) + _a4_) * x) * _a6_);{'d0': {'_a4_': -1.1495511863396601, '_a5_': 0.6238594158779537, '_a6_': -3.376760877809212, '_a0_': 1.0, '_a1_': 1.0, '_a2_': 1.0, '_a3_': 1.0, '_a7_': 1.0}};{'d0': 0.024905832919416608};-280.569866449044;35.85562636578943
25280;-104.429306858733;((((-((x * (x + _a5_))) + _a5_) + _a4_) * x) * _a6_);{'d0': {'_a4_': -1.1495511863396601, '_a5_': 0.6238594158779537, '_a6_': -3.376760877809212, '_a0_': 1.0, '_a1_': 1.0, '_a2_': 1.0, '_a3_': 1.0, '_a7_': 1.0}};{'d0': 0.024905832919416608};-280.569866449044;35.85562636578943
25281;-104.429306858733;((((-((x * (x + _a5_))) + _a5_) + _a4_) * x) * _a6_);{'d0': {'_a4_': -1.1495511863396601, '_a5_': 0.6238594158779537, '_a6_': -3.376760877809212, '_a0_': 1.0, '_a1_': 1.0, '_a2_': 1.0, '_a3_': 1.0, '_a7_': 1.0}};{'d0': 0.024905832919416608};-280.569866449044;35.85562636578943
25282;-104.429306858733;((((-((x * (x + _a5_))) + _a5_) + _a4_) * x) * _a6_);{'d0': {'_a4_': -1.1495511863396601, '_a5_': 0.6238594158779537, '_a6_': -3.376760877809212, '_a0_': 1.0, '_a1_': 1.0, '_a2_': 1.0, '_a3_': 1.0, '_a7_': 1.0}};{'d0': 0.024905832919416608};-280.569866449044;35.85562636578943
25283;-104.429306858733;((((-((x * (x + _a5_))) + _a5_) + _a4_) * x) * _a6_);{'d0': {'_a4_': -1.1495511863396601, '_a5_': 0.6238594158779537, '_a6_': -3.376760877809212, '_a0_': 1.0, '_a1_': 1.0, '_a2_': 1.0, '_a3_': 1.0, '_a7_': 1.0}};{'d0': 0.024905832919416608};-280.569866449044;35.85562636578943
25284;-104.429306858733;((((-((x * (x + _a5_))) + _a5_) + _a4_) * x) * _a6_);{'d0': {'_a4_': -1.1495511863396601, '_a5_': 0.6238594158779537, '_a6_': -3.376760877809212, '_a0_': 1.0, '_a1_': 1.0, '_a2_': 1.0, '_a3_': 1.0, '_a7_': 1.0}};{'d0': 0.024905832919416608};-280.569866449044;35.85562636578943
25285;-104.429306858733;((((-((x * (x + _a5_))) + _a5_) + _a4_) * x) * _a6_);{'d0': {'_a4_': -1.1495511863396601, '_a5_': 0.6238594158779537, '_a6_': -3.376760877809212, '_a0_': 1.0, '_a1_': 1.0, '_a2_': 1.0, '_a3_': 1.0, '_a7_': 1.0}};{'d0': 0.024905832919416608};-280.569866449044;35.85562636578943
25286;-104.429306858733;((((-((x * (x + _a5_))) + _a5_) + _a4_) * x) * _a6_);{'d0': {'_a4_': -1.1495511863396601, '_a5_': 0.6238594158779537, '_a6_': -3.376760877809212, '_a0_': 1.0, '_a1_': 1.0, '_a2_': 1.0, '_a3_': 1.0, '_a7_': 1.0}};{'d0': 0.024905832919416608};-280.569866449044;35.85562636578943
25287;-104.429306858733;((((-((x * (x + _a5_))) + _a5_) + _a4_) * x) * _a6_);{'d0': {'_a4_': -1.1495511863396601, '_a5_': 0.6238594158779537, '_a6_': -3.376760877809212, '_a0_': 1.0, '_a1_': 1.0, '_a2_': 1.0, '_a3_': 1.0, '_a7_': 1.0}};{'d0': 0.024905832919416608};-280.569866449044;35.85562636578943
25288;-104.429306858733;((((-((x * (x + _a5_))) + _a5_) + _a4_) * x) * _a6_);{'d0': {'_a4_': -1.1495511863396601, '_a5_': 0.6238594158779537, '_a6_': -3.376760877809212, '_a0_': 1.0, '_a1_': 1.0, '_a2_': 1.0, '_a3_': 1.0, '_a7_': 1.0}};{'d0': 0.024905832919416608};-280.569866449044;35.85562636578943
25289;-104.429306858733;((((-((x * (x + _a5_))) + _a5_) + _a4_) * x) * _a6_);{'d0': {'_a4_': -1.1495511863396601, '_a5_': 0.6238594158779537, '_a6_': -3.376760877809212, '_a0_': 1.0, '_a1_': 1.0, '_a2_': 1.0, '_a3_': 1.0, '_a7_': 1.0}};{'d0': 0.024905832919416608};-280.569866449044;35.85562636578943
25290;-104.429306858733;((((-((x * (x + _a5_))) + _a5_) + _a4_) * x) * _a6_);{'d0': {'_a4_': -1.1495511863396601, '_a5_': 0.6238594158779537, '_a6_': -3.376760877809212, '_a0_': 1.0, '_a1_': 1.0, '_a2_': 1.0, '_a3_': 1.0, '_a7_': 1.0}};{'d0': 0.024905832919416608};-280.569866449044;35.85562636578943
25291;-104.429306858733;((((-((x * (x + _a5_))) + _a5_) + _a4_) * x) * _a6_);{'d0': {'_a4_': -1.1495511863396601, '_a5_': 0.6238594158779537, '_a6_': -3.376760877809212, '_a0_': 1.0, '_a1_': 1.0, '_a2_': 1.0, '_a3_': 1.0, '_a7_': 1.0}};{'d0': 0.024905832919416608};-280.569866449044;35.85562636578943
25292;-104.429306858733;((((-((x * (x + _a5_))) + _a5_) + _a4_) * x) * _a6_);{'d0': {'_a4_': -1.1495511863396601, '_a5_': 0.6238594158779537, '_a6_': -3.376760877809212, '_a0_': 1.0, '_a1_': 1.0, '_a2_': 1.0, '_a3_': 1.0, '_a7_': 1.0}};{'d0': 0.024905832919416608};-280.569866449044;35.85562636578943
25293;-104.429306858733;((((-((x * (x + _a5_))) + _a5_) + _a4_) * x) * _a6_);{'d0': {'_a4_': -1.1495511863396601, '_a5_': 0.6238594158779537, '_a6_': -3.376760877809212, '_a0_': 1.0, '_a1_': 1.0, '_a2_': 1.0, '_a3_': 1.0, '_a7_': 1.0}};{'d0': 0.024905832919416608};-280.569866449044;35.85562636578943
25294;-99.4937225287172;(_a4_ * ((pow3((x + (_a4_ * _a3_))) + _a5_) + (x * _a7_)));{'d0': {'_a3_': 0.06154696394721027, '_a4_': 3.3825181364198835, '_a5_': -0.009325565155164237, '_a7_': 0.3946332359916506, '_a0_': 1.0, '_a1_': 1.0, '_a2_': 1.0, '_a6_': 1.0}};{'d0': 0.02488548250186694};-276.524567593312;38.76856126793905
25295;-99.4937225287172;(_a4_ * ((pow3((x + (_a4_ * _a3_))) + _a5_) + (x * _a7_)));{'d0': {'_a3_': 0.06154696394721027, '_a4_': 3.3825181364198835, '_a5_': -0.009325565155164237, '_a7_': 0.3946332359916506, '_a0_': 1.0, '_a1_': 1.0, '_a2_': 1.0, '_a6_': 1.0}};{'d0': 0.02488548250186694};-276.524567593312;38.76856126793905
25296;-104.429306858733;((((-((x * (x + _a5_))) + _a5_) + _a4_) * x) * _a6_);{'d0': {'_a4_': -1.1495511863396601, '_a5_': 0.6238594158779537, '_a6_': -3.376760877809212, '_a0_': 1.0, '_a1_': 1.0, '_a2_': 1.0, '_a3_': 1.0, '_a7_': 1.0}};{'d0': 0.024905832919416608};-280.569866449044;35.85562636578943
25297;-104.429306858733;((((-((x * (x + _a5_))) + _a5_) + _a4_) * x) * _a6_);{'d0': {'_a4_': -1.1495511863396601, '_a5_': 0.6238594158779537, '_a6_': -3.376760877809212, '_a0_': 1.0, '_a1_': 1.0, '_a2_': 1.0, '_a3_': 1.0, '_a7_': 1.0}};{'d0': 0.024905832919416608};-280.569866449044;35.85562636578943
25298;-104.429306858733;((((-((x * (x + _a5_))) + _a5_) + _a4_) * x) * _a6_);{'d0': {'_a4_': -1.1495511863396601, '_a5_': 0.6238594158779537, '_a6_': -3.376760877809212, '_a0_': 1.0, '_a1_': 1.0, '_a2_': 1.0, '_a3_': 1.0, '_a7_': 1.0}};{'d0': 0.024905832919416608};-280.569866449044;35.85562636578943
25299;-104.429306858733;((((-((x * (x + _a5_))) + _a5_) + _a4_) * x) * _a6_);{'d0': {'_a4_': -1.1495511863396601, '_a5_': 0.6238594158779537, '_a6_': -3.376760877809212, '_a0_': 1.0, '_a1_': 1.0, '_a2_': 1.0, '_a3_': 1.0, '_a7_': 1.0}};{'d0': 0.024905832919416608};-280.569866449044;35.85562636578943
25300;-104.429306858733;((((-((x * (x + _a5_))) + _a5_) + _a4_) * x) * _a6_);{'d0': {'_a4_': -1.1495511863396601, '_a5_': 0.6238594158779537, '_a6_': -3.376760877809212, '_a0_': 1.0, '_a1_': 1.0, '_a2_': 1.0, '_a3_': 1.0, '_a7_': 1.0}};{'d0': 0.024905832919416608};-280.569866449044;35.85562636578943
25301;-104.429306858733;((((-((x * (x + _a5_))) + _a5_) + _a4_) * x) * _a6_);{'d0': {'_a4_': -1.1495511863396601, '_a5_': 0.6238594158779537, '_a6_': -3.376760877809212, '_a0_': 1.0, '_a1_': 1.0, '_a2_': 1.0, '_a3_': 1.0, '_a7_': 1.0}};{'d0': 0.024905832919416608};-280.569866449044;35.85562636578943
25302;-104.429306858733;((((-((x * (x + _a5_))) + _a5_) + _a4_) * x) * _a6_);{'d0': {'_a4_': -1.1495511863396601, '_a5_': 0.6238594158779537, '_a6_': -3.376760877809212, '_a0_': 1.0, '_a1_': 1.0, '_a2_': 1.0, '_a3_': 1.0, '_a7_': 1.0}};{'d0': 0.024905832919416608};-280.569866449044;35.85562636578943
25303;-104.429306858733;((((-((x * (x + _a5_))) + _a5_) + _a4_) * x) * _a6_);{'d0': {'_a4_': -1.1495511863396601, '_a5_': 0.6238594158779537, '_a6_': -3.376760877809212, '_a0_': 1.0, '_a1_': 1.0, '_a2_': 1.0, '_a3_': 1.0, '_a7_': 1.0}};{'d0': 0.024905832919416608};-280.569866449044;35.85562636578943
25304;-104.429306858733;((((-((x * (x + _a5_))) + _a5_) + _a4_) * x) * _a6_);{'d0': {'_a4_': -1.1495511863396601, '_a5_': 0.6238594158779537, '_a6_': -3.376760877809212, '_a0_': 1.0, '_a1_': 1.0, '_a2_': 1.0, '_a3_': 1.0, '_a7_': 1.0}};{'d0': 0.024905832919416608};-280.569866449044;35.85562636578943
25305;-104.429306858733;((((-((x * (x + _a5_))) + _a5_) + _a4_) * x) * _a6_);{'d0': {'_a4_': -1.1495511863396601, '_a5_': 0.6238594158779537, '_a6_': -3.376760877809212, '_a0_': 1.0, '_a1_': 1.0, '_a2_': 1.0, '_a3_': 1.0, '_a7_': 1.0}};{'d0': 0.024905832919416608};-280.569866449044;35.85562636578943
25306;-104.429306858733;((((-((x * (x + _a5_))) + _a5_) + _a4_) * x) * _a6_);{'d0': {'_a4_': -1.1495511863396601, '_a5_': 0.6238594158779537, '_a6_': -3.376760877809212, '_a0_': 1.0, '_a1_': 1.0, '_a2_': 1.0, '_a3_': 1.0, '_a7_': 1.0}};{'d0': 0.024905832919416608};-280.569866449044;35.85562636578943
25307;-104.429306858733;((((-((x * (x + _a5_))) + _a5_) + _a4_) * x) * _a6_);{'d0': {'_a4_': -1.1495511863396601, '_a5_': 0.6238594158779537, '_a6_': -3.376760877809212, '_a0_': 1.0, '_a1_': 1.0, '_a2_': 1.0, '_a3_': 1.0, '_a7_': 1.0}};{'d0': 0.024905832919416608};-280.569866449044;35.85562636578943
25308;-104.429306858733;((((-((x * (x + _a5_))) + _a5_) + _a4_) * x) * _a6_);{'d0': {'_a4_': -1.1495511863396601, '_a5_': 0.6238594158779537, '_a6_': -3.376760877809212, '_a0_': 1.0, '_a1_': 1.0, '_a2_': 1.0, '_a3_': 1.0, '_a7_': 1.0}};{'d0': 0.024905832919416608};-280.569866449044;35.85562636578943
25309;-104.429306858733;((((-((x * (x + _a5_))) + _a5_) + _a4_) * x) * _a6_);{'d0': {'_a4_': -1.1495511863396601, '_a5_': 0.6238594158779537, '_a6_': -3.376760877809212, '_a0_': 1.0, '_a1_': 1.0, '_a2_': 1.0, '_a3_': 1.0, '_a7_': 1.0}};{'d0': 0.024905832919416608};-280.569866449044;35.85562636578943
25310;-104.429306858733;((((-((x * (x + _a5_))) + _a5_) + _a4_) * x) * _a6_);{'d0': {'_a4_': -1.1495511863396601, '_a5_': 0.6238594158779537, '_a6_': -3.376760877809212, '_a0_': 1.0, '_a1_': 1.0, '_a2_': 1.0, '_a3_': 1.0, '_a7_': 1.0}};{'d0': 0.024905832919416608};-280.569866449044;35.85562636578943
25311;-103.505997731465;((((-((x * (x + _a5_))) + _a5_) + _a4_) * x) / _a6_);{'d0': {'_a4_': -1.1495511860113268, '_a5_': 0.6238594156154679, '_a6_': -0.29614178675901975, '_a0_': 1.0, '_a1_': 1.0, '_a2_': 1.0, '_a3_': 1.0, '_a7_': 1.0}};{'d0': 0.024905832919416664};-280.569866449044;36.778935493056835
25312;-99.4937225287170;(_a3_ * ((pow3((x + (_a5_ * _a4_))) + _a5_) + (x * _a7_)));{'d0': {'_a3_': 3.382518128170159, '_a4_': -22.323980050221866, '_a5_': -0.009325564754864572, '_a7_': 0.3946332378837031, '_a0_': 1.0, '_a1_': 1.0, '_a2_': 1.0, '_a6_': 1.0}};{'d0': 0.024885482501867173};-276.524567593312;38.76856126793905
25313;-99.4937225287170;(_a3_ * ((pow3((x + (_a5_ * _a4_))) + _a5_) + (x * _a7_)));{'d0': {'_a3_': 3.382518128170159, '_a4_': -22.323980050221866, '_a5_': -0.009325564754864572, '_a7_': 0.3946332378837031, '_a0_': 1.0, '_a1_': 1.0, '_a2_': 1.0, '_a6_': 1.0}};{'d0': 0.024885482501867173};-276.524567593312;38.76856126793905
25314;-99.4937225287170;(_a3_ * ((pow3((x + (_a5_ * _a4_))) + _a5_) + (x * _a7_)));{'d0': {'_a3_': 3.382518128170159, '_a4_': -22.323980050221866, '_a5_': -0.009325564754864572, '_a7_': 0.3946332378837031, '_a0_': 1.0, '_a1_': 1.0, '_a2_': 1.0, '_a6_': 1.0}};{'d0': 0.024885482501867173};-276.524567593312;38.76856126793905
25315;-99.4937225287170;(_a3_ * ((pow3((x + (_a5_ * _a4_))) + _a5_) + (x * _a7_)));{'d0': {'_a3_': 3.382518128170159, '_a4_': -22.323980050221866, '_a5_': -0.009325564754864572, '_a7_': 0.3946332378837031, '_a0_': 1.0, '_a1_': 1.0, '_a2_': 1.0, '_a6_': 1.0}};{'d0': 0.024885482501867173};-276.524567593312;38.76856126793905
25316;-98.5704134014499;(_a3_ * ((pow3((x + (_a5_ * _a4_))) + _a5_) + (x / _a7_)));{'d0': {'_a3_': 3.382518158549675, '_a4_': -22.32397627178886, '_a5_': -0.00932556639006145, '_a7_': 2.533998460670191, '_a0_': 1.0, '_a1_': 1.0, '_a2_': 1.0, '_a6_': 1.0}};{'d0': 0.024885482501866913};-276.524567593312;39.69187039520645
25317;-98.5704134014499;(_a3_ * ((pow3((x + (_a5_ * _a4_))) + _a5_) + (x / _a7_)));{'d0': {'_a3_': 3.382518158549675, '_a4_': -22.32397627178886, '_a5_': -0.00932556639006145, '_a7_': 2.533998460670191, '_a0_': 1.0, '_a1_': 1.0, '_a2_': 1.0, '_a6_': 1.0}};{'d0': 0.024885482501866913};-276.524567593312;39.69187039520645
25318;-98.5704134014499;(_a3_ * ((pow3((x + (_a5_ * _a4_))) + _a5_) + (x / _a7_)));{'d0': {'_a3_': 3.382518158549675, '_a4_': -22.32397627178886, '_a5_': -0.00932556639006145, '_a7_': 2.533998460670191, '_a0_': 1.0, '_a1_': 1.0, '_a2_': 1.0, '_a6_': 1.0}};{'d0': 0.024885482501866913};-276.524567593312;39.69187039520645
25319;-98.5704134014499;(_a3_ * ((pow3((x + (_a5_ * _a4_))) + _a5_) + (x / _a7_)));{'d0': {'_a3_': 3.382518158549675, '_a4_': -22.32397627178886, '_a5_': -0.00932556639006145, '_a7_': 2.533998460670191, '_a0_': 1.0, '_a1_': 1.0, '_a2_': 1.0, '_a6_': 1.0}};{'d0': 0.024885482501866913};-276.524567593312;39.69187039520645
25320;-98.5704134014499;(_a3_ * ((pow3((x + (_a5_ * _a4_))) + _a5_) + (x / _a7_)));{'d0': {'_a3_': 3.382518158549675, '_a4_': -22.32397627178886, '_a5_': -0.00932556639006145, '_a7_': 2.533998460670191, '_a0_': 1.0, '_a1_': 1.0, '_a2_': 1.0, '_a6_': 1.0}};{'d0': 0.024885482501866913};-276.524567593312;39.69187039520645
25321;-98.5704134014499;(_a3_ * ((pow3((x + (_a5_ * _a4_))) + _a5_) + (x / _a7_)));{'d0': {'_a3_': 3.382518158549675, '_a4_': -22.32397627178886, '_a5_': -0.00932556639006145, '_a7_': 2.533998460670191, '_a0_': 1.0, '_a1_': 1.0, '_a2_': 1.0, '_a6_': 1.0}};{'d0': 0.024885482501866913};-276.524567593312;39.69187039520645
25322;-98.5704134014499;(_a3_ * ((pow3((x + (_a5_ * _a4_))) + _a5_) + (x / _a7_)));{'d0': {'_a3_': 3.382518158549675, '_a4_': -22.32397627178886, '_a5_': -0.00932556639006145, '_a7_': 2.533998460670191, '_a0_': 1.0, '_a1_': 1.0, '_a2_': 1.0, '_a6_': 1.0}};{'d0': 0.024885482501866913};-276.524567593312;39.69187039520645
25323;-98.5704134014499;(_a3_ * ((pow3((x + (_a5_ * _a4_))) + _a5_) + (x / _a7_)));{'d0': {'_a3_': 3.382518158549675, '_a4_': -22.32397627178886, '_a5_': -0.00932556639006145, '_a7_': 2.533998460670191, '_a0_': 1.0, '_a1_': 1.0, '_a2_': 1.0, '_a6_': 1.0}};{'d0': 0.024885482501866913};-276.524567593312;39.69187039520645
25324;-98.5704134014499;(_a3_ * ((pow3((x + (_a5_ * _a4_))) + _a5_) + (x / _a7_)));{'d0': {'_a3_': 3.382518158549675, '_a4_': -22.32397627178886, '_a5_': -0.00932556639006145, '_a7_': 2.533998460670191, '_a0_': 1.0, '_a1_': 1.0, '_a2_': 1.0, '_a6_': 1.0}};{'d0': 0.024885482501866913};-276.524567593312;39.69187039520645
25325;-104.429306858733;((((-((x * (x + _a5_))) + _a5_) + _a4_) * x) * _a6_);{'d0': {'_a4_': -1.1495511863396601, '_a5_': 0.6238594158779537, '_a6_': -3.376760877809212, '_a0_': 1.0, '_a1_': 1.0, '_a2_': 1.0, '_a3_': 1.0, '_a7_': 1.0}};{'d0': 0.024905832919416608};-280.569866449044;35.85562636578943
25326;-104.429306858733;((((-((x * (x + _a5_))) + _a5_) + _a4_) * x) * _a6_);{'d0': {'_a4_': -1.1495511863396601, '_a5_': 0.6238594158779537, '_a6_': -3.376760877809212, '_a0_': 1.0, '_a1_': 1.0, '_a2_': 1.0, '_a3_': 1.0, '_a7_': 1.0}};{'d0': 0.024905832919416608};-280.569866449044;35.85562636578943
25327;-104.429306858733;((((-((x * (x + _a5_))) + _a5_) + _a4_) * x) * _a6_);{'d0': {'_a4_': -1.1495511863396601, '_a5_': 0.6238594158779537, '_a6_': -3.376760877809212, '_a0_': 1.0, '_a1_': 1.0, '_a2_': 1.0, '_a3_': 1.0, '_a7_': 1.0}};{'d0': 0.024905832919416608};-280.569866449044;35.85562636578943
25328;-104.429306858733;((((-((x * (x + _a5_))) + _a5_) + _a4_) * x) * _a6_);{'d0': {'_a4_': -1.1495511863396601, '_a5_': 0.6238594158779537, '_a6_': -3.376760877809212, '_a0_': 1.0, '_a1_': 1.0, '_a2_': 1.0, '_a3_': 1.0, '_a7_': 1.0}};{'d0': 0.024905832919416608};-280.569866449044;35.85562636578943
25329;-104.429306858733;((((-((x * (x + _a5_))) + _a5_) + _a4_) * x) * _a6_);{'d0': {'_a4_': -1.1495511863396601, '_a5_': 0.6238594158779537, '_a6_': -3.376760877809212, '_a0_': 1.0, '_a1_': 1.0, '_a2_': 1.0, '_a3_': 1.0, '_a7_': 1.0}};{'d0': 0.024905832919416608};-280.569866449044;35.85562636578943
25330;-104.429306858733;((((-((x * (x + _a5_))) + _a5_) + _a4_) * x) * _a6_);{'d0': {'_a4_': -1.1495511863396601, '_a5_': 0.6238594158779537, '_a6_': -3.376760877809212, '_a0_': 1.0, '_a1_': 1.0, '_a2_': 1.0, '_a3_': 1.0, '_a7_': 1.0}};{'d0': 0.024905832919416608};-280.569866449044;35.85562636578943
25331;-104.429306858733;((((-((x * (x + _a5_))) + _a5_) + _a4_) * x) * _a6_);{'d0': {'_a4_': -1.1495511863396601, '_a5_': 0.6238594158779537, '_a6_': -3.376760877809212, '_a0_': 1.0, '_a1_': 1.0, '_a2_': 1.0, '_a3_': 1.0, '_a7_': 1.0}};{'d0': 0.024905832919416608};-280.569866449044;35.85562636578943
25332;-98.5704134014499;(_a3_ * ((pow3((x + (_a5_ * _a4_))) + _a5_) + (x / _a7_)));{'d0': {'_a3_': 3.382518158549675, '_a4_': -22.32397627178886, '_a5_': -0.00932556639006145, '_a7_': 2.533998460670191, '_a0_': 1.0, '_a1_': 1.0, '_a2_': 1.0, '_a6_': 1.0}};{'d0': 0.024885482501866913};-276.524567593312;39.69187039520645
25333;-98.5704134014499;(_a3_ * ((pow3((x + (_a5_ * _a4_))) + _a5_) + (x / _a7_)));{'d0': {'_a3_': 3.382518158549675, '_a4_': -22.32397627178886, '_a5_': -0.00932556639006145, '_a7_': 2.533998460670191, '_a0_': 1.0, '_a1_': 1.0, '_a2_': 1.0, '_a6_': 1.0}};{'d0': 0.024885482501866913};-276.524567593312;39.69187039520645
25334;-98.5704134014499;(_a3_ * ((pow3((x + (_a5_ * _a4_))) + _a5_) + (x / _a7_)));{'d0': {'_a3_': 3.382518158549675, '_a4_': -22.32397627178886, '_a5_': -0.00932556639006145, '_a7_': 2.533998460670191, '_a0_': 1.0, '_a1_': 1.0, '_a2_': 1.0, '_a6_': 1.0}};{'d0': 0.024885482501866913};-276.524567593312;39.69187039520645
25335;-98.5704134014499;(_a3_ * ((pow3((x + (_a5_ * _a4_))) + _a5_) + (x / _a7_)));{'d0': {'_a3_': 3.382518158549675, '_a4_': -22.32397627178886, '_a5_': -0.00932556639006145, '_a7_': 2.533998460670191, '_a0_': 1.0, '_a1_': 1.0, '_a2_': 1.0, '_a6_': 1.0}};{'d0': 0.024885482501866913};-276.524567593312;39.69187039520645
25336;-98.5704134014499;(_a3_ * ((pow3((x + (_a5_ * _a4_))) + _a5_) + (x / _a7_)));{'d0': {'_a3_': 3.382518158549675, '_a4_': -22.32397627178886, '_a5_': -0.00932556639006145, '_a7_': 2.533998460670191, '_a0_': 1.0, '_a1_': 1.0, '_a2_': 1.0, '_a6_': 1.0}};{'d0': 0.024885482501866913};-276.524567593312;39.69187039520645
25337;-98.5704134014499;(_a3_ * ((pow3((x + (_a5_ * _a4_))) + _a5_) + (x / _a7_)));{'d0': {'_a3_': 3.382518158549675, '_a4_': -22.32397627178886, '_a5_': -0.00932556639006145, '_a7_': 2.533998460670191, '_a0_': 1.0, '_a1_': 1.0, '_a2_': 1.0, '_a6_': 1.0}};{'d0': 0.024885482501866913};-276.524567593312;39.69187039520645
25338;-98.5704134014499;(_a3_ * ((pow3((x + (_a5_ * _a4_))) + _a5_) + (x / _a7_)));{'d0': {'_a3_': 3.382518158549675, '_a4_': -22.32397627178886, '_a5_': -0.00932556639006145, '_a7_': 2.533998460670191, '_a0_': 1.0, '_a1_': 1.0, '_a2_': 1.0, '_a6_': 1.0}};{'d0': 0.024885482501866913};-276.524567593312;39.69187039520645
25339;-98.5704134014499;(_a3_ * ((pow3((x + (_a5_ * _a4_))) + _a5_) + (x / _a7_)));{'d0': {'_a3_': 3.382518158549675, '_a4_': -22.32397627178886, '_a5_': -0.00932556639006145, '_a7_': 2.533998460670191, '_a0_': 1.0, '_a1_': 1.0, '_a2_': 1.0, '_a6_': 1.0}};{'d0': 0.024885482501866913};-276.524567593312;39.69187039520645
25340;-98.5704134014499;(_a3_ * ((pow3((x + (_a5_ * _a4_))) + _a5_) + (x / _a7_)));{'d0': {'_a3_': 3.382518158549675, '_a4_': -22.32397627178886, '_a5_': -0.00932556639006145, '_a7_': 2.533998460670191, '_a0_': 1.0, '_a1_': 1.0, '_a2_': 1.0, '_a6_': 1.0}};{'d0': 0.024885482501866913};-276.524567593312;39.69187039520645
25341;-98.5704134014499;(_a3_ * ((pow3((x + (_a5_ * _a4_))) + _a5_) + (x / _a7_)));{'d0': {'_a3_': 3.382518158549675, '_a4_': -22.32397627178886, '_a5_': -0.00932556639006145, '_a7_': 2.533998460670191, '_a0_': 1.0, '_a1_': 1.0, '_a2_': 1.0, '_a6_': 1.0}};{'d0': 0.024885482501866913};-276.524567593312;39.69187039520645
25342;-99.4937225287170;(_a3_ * ((pow3((x + (_a5_ * _a4_))) + _a5_) + (x * _a7_)));{'d0': {'_a3_': 3.382518128170159, '_a4_': -22.323980050221866, '_a5_': -0.009325564754864572, '_a7_': 0.3946332378837031, '_a0_': 1.0, '_a1_': 1.0, '_a2_': 1.0, '_a6_': 1.0}};{'d0': 0.024885482501867173};-276.524567593312;38.76856126793905
25343;-99.4937225287170;(_a3_ * ((pow3((x + (_a5_ * _a4_))) + _a5_) + (x * _a7_)));{'d0': {'_a3_': 3.382518128170159, '_a4_': -22.323980050221866, '_a5_': -0.009325564754864572, '_a7_': 0.3946332378837031, '_a0_': 1.0, '_a1_': 1.0, '_a2_': 1.0, '_a6_': 1.0}};{'d0': 0.024885482501867173};-276.524567593312;38.76856126793905
25344;-99.4937225287170;(_a3_ * ((pow3((x + (_a5_ * _a4_))) + _a5_) + (x * _a7_)));{'d0': {'_a3_': 3.382518128170159, '_a4_': -22.323980050221866, '_a5_': -0.009325564754864572, '_a7_': 0.3946332378837031, '_a0_': 1.0, '_a1_': 1.0, '_a2_': 1.0, '_a6_': 1.0}};{'d0': 0.024885482501867173};-276.524567593312;38.76856126793905
25345;-99.4937225287170;(_a3_ * ((pow3((x + (_a5_ * _a4_))) + _a5_) + (x * _a7_)));{'d0': {'_a3_': 3.382518128170159, '_a4_': -22.323980050221866, '_a5_': -0.009325564754864572, '_a7_': 0.3946332378837031, '_a0_': 1.0, '_a1_': 1.0, '_a2_': 1.0, '_a6_': 1.0}};{'d0': 0.024885482501867173};-276.524567593312;38.76856126793905
25346;-99.4937225287170;(_a3_ * ((pow3((x + (_a5_ * _a4_))) + _a5_) + (x * _a7_)));{'d0': {'_a3_': 3.382518128170159, '_a4_': -22.323980050221866, '_a5_': -0.009325564754864572, '_a7_': 0.3946332378837031, '_a0_': 1.0, '_a1_': 1.0, '_a2_': 1.0, '_a6_': 1.0}};{'d0': 0.024885482501867173};-276.524567593312;38.76856126793905
25347;-99.4937225287170;(_a3_ * ((pow3((x + (_a5_ * _a4_))) + _a5_) + (x * _a7_)));{'d0': {'_a3_': 3.382518128170159, '_a4_': -22.323980050221866, '_a5_': -0.009325564754864572, '_a7_': 0.3946332378837031, '_a0_': 1.0, '_a1_': 1.0, '_a2_': 1.0, '_a6_': 1.0}};{'d0': 0.024885482501867173};-276.524567593312;38.76856126793905
25348;-99.4937225287170;(_a3_ * ((pow3((x + (_a5_ * _a4_))) + _a5_) + (x * _a7_)));{'d0': {'_a3_': 3.382518128170159, '_a4_': -22.323980050221866, '_a5_': -0.009325564754864572, '_a7_': 0.3946332378837031, '_a0_': 1.0, '_a1_': 1.0, '_a2_': 1.0, '_a6_': 1.0}};{'d0': 0.024885482501867173};-276.524567593312;38.76856126793905
25349;-99.4937225287170;(_a3_ * ((pow3((x + (_a5_ * _a4_))) + _a5_) + (x * _a7_)));{'d0': {'_a3_': 3.382518128170159, '_a4_': -22.323980050221866, '_a5_': -0.009325564754864572, '_a7_': 0.3946332378837031, '_a0_': 1.0, '_a1_': 1.0, '_a2_': 1.0, '_a6_': 1.0}};{'d0': 0.024885482501867173};-276.524567593312;38.76856126793905
25350;-104.058817930787;(((x * ((x * _a7_) + (_a4_ * (_a4_ * _a3_)))) + _a3_) * x);{'d0': {'_a3_': 1.7751354040112233, '_a4_': 1.089375937042399, '_a7_': 3.376760879857846, '_a0_': 1.0, '_a1_': 1.0, '_a2_': 1.0, '_a5_': 1.0, '_a6_': 1.0}};{'d0': 0.02490583291941663};-280.569866449044;36.226115293735035
25351;-104.058817930787;(((x * ((x * _a7_) + (_a4_ * (_a4_ * _a3_)))) + _a3_) * x);{'d0': {'_a3_': 1.7751354040112233, '_a4_': 1.089375937042399, '_a7_': 3.376760879857846, '_a0_': 1.0, '_a1_': 1.0, '_a2_': 1.0, '_a5_': 1.0, '_a6_': 1.0}};{'d0': 0.02490583291941663};-280.569866449044;36.226115293735035
25352;-104.058817930787;(((x * ((x * _a7_) + (_a4_ * (_a4_ * _a3_)))) + _a3_) * x);{'d0': {'_a3_': 1.7751354040112233, '_a4_': 1.089375937042399, '_a7_': 3.376760879857846, '_a0_': 1.0, '_a1_': 1.0, '_a2_': 1.0, '_a5_': 1.0, '_a6_': 1.0}};{'d0': 0.02490583291941663};-280.569866449044;36.226115293735035
25353;-104.058817930787;(((x * ((x * _a7_) + (_a4_ * (_a4_ * _a3_)))) + _a3_) * x);{'d0': {'_a3_': 1.7751354040112233, '_a4_': 1.089375937042399, '_a7_': 3.376760879857846, '_a0_': 1.0, '_a1_': 1.0, '_a2_': 1.0, '_a5_': 1.0, '_a6_': 1.0}};{'d0': 0.02490583291941663};-280.569866449044;36.226115293735035
25354;-104.058817930787;(((x * ((x * _a7_) + (_a4_ * (_a4_ * _a3_)))) + _a3_) * x);{'d0': {'_a3_': 1.7751354040112233, '_a4_': 1.089375937042399, '_a7_': 3.376760879857846, '_a0_': 1.0, '_a1_': 1.0, '_a2_': 1.0, '_a5_': 1.0, '_a6_': 1.0}};{'d0': 0.02490583291941663};-280.569866449044;36.226115293735035
25355;-104.058817930787;(((x * ((x * _a7_) + (_a4_ * (_a4_ * _a3_)))) + _a3_) * x);{'d0': {'_a3_': 1.7751354040112233, '_a4_': 1.089375937042399, '_a7_': 3.376760879857846, '_a0_': 1.0, '_a1_': 1.0, '_a2_': 1.0, '_a5_': 1.0, '_a6_': 1.0}};{'d0': 0.02490583291941663};-280.569866449044;36.226115293735035
25356;-104.058817930787;(((x * ((x * _a7_) + (_a4_ * (_a4_ * _a3_)))) + _a3_) * x);{'d0': {'_a3_': 1.7751354040112233, '_a4_': 1.089375937042399, '_a7_': 3.376760879857846, '_a0_': 1.0, '_a1_': 1.0, '_a2_': 1.0, '_a5_': 1.0, '_a6_': 1.0}};{'d0': 0.02490583291941663};-280.569866449044;36.226115293735035
25357;-104.058817930787;(((x * ((x * _a7_) + (_a4_ * (_a4_ * _a3_)))) + _a3_) * x);{'d0': {'_a3_': 1.7751354040112233, '_a4_': 1.089375937042399, '_a7_': 3.376760879857846, '_a0_': 1.0, '_a1_': 1.0, '_a2_': 1.0, '_a5_': 1.0, '_a6_': 1.0}};{'d0': 0.02490583291941663};-280.569866449044;36.226115293735035
25358;-104.058817930787;(((x * ((x * _a7_) + (_a4_ * (_a4_ * _a3_)))) + _a3_) * x);{'d0': {'_a3_': 1.7751354040112233, '_a4_': 1.089375937042399, '_a7_': 3.376760879857846, '_a0_': 1.0, '_a1_': 1.0, '_a2_': 1.0, '_a5_': 1.0, '_a6_': 1.0}};{'d0': 0.02490583291941663};-280.569866449044;36.226115293735035
25359;-104.058817930787;(((x * ((x * _a7_) + (_a4_ * (_a4_ * _a3_)))) + _a3_) * x);{'d0': {'_a3_': 1.7751354040112233, '_a4_': 1.089375937042399, '_a7_': 3.376760879857846, '_a0_': 1.0, '_a1_': 1.0, '_a2_': 1.0, '_a5_': 1.0, '_a6_': 1.0}};{'d0': 0.02490583291941663};-280.569866449044;36.226115293735035
25360;-99.9884250890524;(((pow2((x + (_a7_ ** -(_a7_)))) * (_a7_ * _a5_)) + _a0_) * x);{'d0': {'_a0_': 1.4465760889921346, '_a5_': 1.8090450571296326, '_a7_': 1.866598549527777, '_a1_': 1.0, '_a2_': 1.0, '_a3_': 1.0, '_a4_': 1.0, '_a6_': 1.0}};{'d0': 0.02490583291941661};-280.569866449044;40.29650813546926
25361;-99.9884250890524;(((pow2((x + (_a7_ ** -(_a7_)))) * (_a7_ * _a5_)) + _a0_) * x);{'d0': {'_a0_': 1.4465760889921346, '_a5_': 1.8090450571296326, '_a7_': 1.866598549527777, '_a1_': 1.0, '_a2_': 1.0, '_a3_': 1.0, '_a4_': 1.0, '_a6_': 1.0}};{'d0': 0.02490583291941661};-280.569866449044;40.29650813546926
25362;-99.9884250890524;(((pow2((x + (_a7_ ** -(_a7_)))) * (_a7_ * _a5_)) + _a0_) * x);{'d0': {'_a0_': 1.4465760889921346, '_a5_': 1.8090450571296326, '_a7_': 1.866598549527777, '_a1_': 1.0, '_a2_': 1.0, '_a3_': 1.0, '_a4_': 1.0, '_a6_': 1.0}};{'d0': 0.02490583291941661};-280.569866449044;40.29650813546926
25363;-99.9884250890524;(((pow2((x + (_a7_ ** -(_a7_)))) * (_a7_ * _a5_)) + _a0_) * x);{'d0': {'_a0_': 1.4465760889921346, '_a5_': 1.8090450571296326, '_a7_': 1.866598549527777, '_a1_': 1.0, '_a2_': 1.0, '_a3_': 1.0, '_a4_': 1.0, '_a6_': 1.0}};{'d0': 0.02490583291941661};-280.569866449044;40.29650813546926
25364;-99.9884250890524;(((pow2((x + (_a7_ ** -(_a7_)))) * (_a7_ * _a5_)) + _a0_) * x);{'d0': {'_a0_': 1.4465760889921346, '_a5_': 1.8090450571296326, '_a7_': 1.866598549527777, '_a1_': 1.0, '_a2_': 1.0, '_a3_': 1.0, '_a4_': 1.0, '_a6_': 1.0}};{'d0': 0.02490583291941661};-280.569866449044;40.29650813546926
25365;-99.9884250890524;(((pow2((x + (_a7_ ** -(_a7_)))) * (_a7_ * _a5_)) + _a0_) * x);{'d0': {'_a0_': 1.4465760889921346, '_a5_': 1.8090450571296326, '_a7_': 1.866598549527777, '_a1_': 1.0, '_a2_': 1.0, '_a3_': 1.0, '_a4_': 1.0, '_a6_': 1.0}};{'d0': 0.02490583291941661};-280.569866449044;40.29650813546926
25366;-99.9884250890524;(((pow2((x + (_a7_ ** -(_a7_)))) * (_a7_ * _a5_)) + _a0_) * x);{'d0': {'_a0_': 1.4465760889921346, '_a5_': 1.8090450571296326, '_a7_': 1.866598549527777, '_a1_': 1.0, '_a2_': 1.0, '_a3_': 1.0, '_a4_': 1.0, '_a6_': 1.0}};{'d0': 0.02490583291941661};-280.569866449044;40.29650813546926
25367;-99.9884250890524;(((pow2((x + (_a7_ ** -(_a7_)))) * (_a7_ * _a5_)) + _a0_) * x);{'d0': {'_a0_': 1.4465760889921346, '_a5_': 1.8090450571296326, '_a7_': 1.866598549527777, '_a1_': 1.0, '_a2_': 1.0, '_a3_': 1.0, '_a4_': 1.0, '_a6_': 1.0}};{'d0': 0.02490583291941661};-280.569866449044;40.29650813546926
25368;-99.9884250890524;(((pow2((x + (_a7_ ** -(_a7_)))) * (_a7_ * _a5_)) + _a0_) * x);{'d0': {'_a0_': 1.4465760889921346, '_a5_': 1.8090450571296326, '_a7_': 1.866598549527777, '_a1_': 1.0, '_a2_': 1.0, '_a3_': 1.0, '_a4_': 1.0, '_a6_': 1.0}};{'d0': 0.02490583291941661};-280.569866449044;40.29650813546926
25369;-99.9884250890524;(((pow2((x + (_a7_ ** -(_a7_)))) * (_a7_ * _a5_)) + _a0_) * x);{'d0': {'_a0_': 1.4465760889921346, '_a5_': 1.8090450571296326, '_a7_': 1.866598549527777, '_a1_': 1.0, '_a2_': 1.0, '_a3_': 1.0, '_a4_': 1.0, '_a6_': 1.0}};{'d0': 0.02490583291941661};-280.569866449044;40.29650813546926
25370;-99.9884250890524;(((pow2((x + (_a7_ ** -(_a7_)))) * (_a7_ * _a5_)) + _a0_) * x);{'d0': {'_a0_': 1.4465760889921346, '_a5_': 1.8090450571296326, '_a7_': 1.866598549527777, '_a1_': 1.0, '_a2_': 1.0, '_a3_': 1.0, '_a4_': 1.0, '_a6_': 1.0}};{'d0': 0.02490583291941661};-280.569866449044;40.29650813546926
25371;-99.9884250890524;(((pow2((x + (_a7_ ** -(_a7_)))) * (_a7_ * _a5_)) + _a0_) * x);{'d0': {'_a0_': 1.4465760889921346, '_a5_': 1.8090450571296326, '_a7_': 1.866598549527777, '_a1_': 1.0, '_a2_': 1.0, '_a3_': 1.0, '_a4_': 1.0, '_a6_': 1.0}};{'d0': 0.02490583291941661};-280.569866449044;40.29650813546926
25372;-99.9884250890524;(((pow2((x + (_a7_ ** -(_a7_)))) * (_a7_ * _a5_)) + _a0_) * x);{'d0': {'_a0_': 1.4465760889921346, '_a5_': 1.8090450571296326, '_a7_': 1.866598549527777, '_a1_': 1.0, '_a2_': 1.0, '_a3_': 1.0, '_a4_': 1.0, '_a6_': 1.0}};{'d0': 0.02490583291941661};-280.569866449044;40.29650813546926
25373;-99.9884250890524;(((pow2((x + (_a7_ ** -(_a7_)))) * (_a7_ * _a5_)) + _a0_) * x);{'d0': {'_a0_': 1.4465760889921346, '_a5_': 1.8090450571296326, '_a7_': 1.866598549527777, '_a1_': 1.0, '_a2_': 1.0, '_a3_': 1.0, '_a4_': 1.0, '_a6_': 1.0}};{'d0': 0.02490583291941661};-280.569866449044;40.29650813546926
25374;-104.058817930787;(((x * ((x * _a7_) + (_a4_ * (_a4_ * _a3_)))) + _a3_) * x);{'d0': {'_a3_': 1.7751354040112233, '_a4_': 1.089375937042399, '_a7_': 3.376760879857846, '_a0_': 1.0, '_a1_': 1.0, '_a2_': 1.0, '_a5_': 1.0, '_a6_': 1.0}};{'d0': 0.02490583291941663};-280.569866449044;36.226115293735035
25375;-104.058817930787;(((x * ((x * _a7_) + (_a4_ * (_a4_ * _a3_)))) + _a3_) * x);{'d0': {'_a3_': 1.7751354040112233, '_a4_': 1.089375937042399, '_a7_': 3.376760879857846, '_a0_': 1.0, '_a1_': 1.0, '_a2_': 1.0, '_a5_': 1.0, '_a6_': 1.0}};{'d0': 0.02490583291941663};-280.569866449044;36.226115293735035
25376;-104.058817930787;(((x * ((x * _a7_) + (_a4_ * (_a4_ * _a3_)))) + _a3_) * x);{'d0': {'_a3_': 1.7751354040112233, '_a4_': 1.089375937042399, '_a7_': 3.376760879857846, '_a0_': 1.0, '_a1_': 1.0, '_a2_': 1.0, '_a5_': 1.0, '_a6_': 1.0}};{'d0': 0.02490583291941663};-280.569866449044;36.226115293735035
25377;-104.058817930787;(((x * ((x * _a7_) + (_a4_ * (_a4_ * _a3_)))) + _a3_) * x);{'d0': {'_a3_': 1.7751354040112233, '_a4_': 1.089375937042399, '_a7_': 3.376760879857846, '_a0_': 1.0, '_a1_': 1.0, '_a2_': 1.0, '_a5_': 1.0, '_a6_': 1.0}};{'d0': 0.02490583291941663};-280.569866449044;36.226115293735035
25378;-104.058817930787;(((x * ((x * _a7_) + (_a4_ * (_a4_ * _a3_)))) + _a3_) * x);{'d0': {'_a3_': 1.7751354040112233, '_a4_': 1.089375937042399, '_a7_': 3.376760879857846, '_a0_': 1.0, '_a1_': 1.0, '_a2_': 1.0, '_a5_': 1.0, '_a6_': 1.0}};{'d0': 0.02490583291941663};-280.569866449044;36.226115293735035
25379;-104.058817930787;(((x * ((x * _a7_) + (_a4_ * (_a4_ * _a3_)))) + _a3_) * x);{'d0': {'_a3_': 1.7751354040112233, '_a4_': 1.089375937042399, '_a7_': 3.376760879857846, '_a0_': 1.0, '_a1_': 1.0, '_a2_': 1.0, '_a5_': 1.0, '_a6_': 1.0}};{'d0': 0.02490583291941663};-280.569866449044;36.226115293735035
25380;-104.058817930787;(((x * ((x * _a7_) + (_a4_ * (_a4_ * _a3_)))) + _a3_) * x);{'d0': {'_a3_': 1.7751354040112233, '_a4_': 1.089375937042399, '_a7_': 3.376760879857846, '_a0_': 1.0, '_a1_': 1.0, '_a2_': 1.0, '_a5_': 1.0, '_a6_': 1.0}};{'d0': 0.02490583291941663};-280.569866449044;36.226115293735035
25381;-104.058817930787;(((x * ((x * _a7_) + (_a4_ * (_a4_ * _a3_)))) + _a3_) * x);{'d0': {'_a3_': 1.7751354040112233, '_a4_': 1.089375937042399, '_a7_': 3.376760879857846, '_a0_': 1.0, '_a1_': 1.0, '_a2_': 1.0, '_a5_': 1.0, '_a6_': 1.0}};{'d0': 0.02490583291941663};-280.569866449044;36.226115293735035
25382;-104.058817930787;(((x * ((x * _a7_) + (_a4_ * (_a4_ * _a3_)))) + _a3_) * x);{'d0': {'_a3_': 1.7751354040112233, '_a4_': 1.089375937042399, '_a7_': 3.376760879857846, '_a0_': 1.0, '_a1_': 1.0, '_a2_': 1.0, '_a5_': 1.0, '_a6_': 1.0}};{'d0': 0.02490583291941663};-280.569866449044;36.226115293735035
25383;-104.058817930787;(((x * ((x * _a7_) + (_a4_ * (_a4_ * _a3_)))) + _a3_) * x);{'d0': {'_a3_': 1.7751354040112233, '_a4_': 1.089375937042399, '_a7_': 3.376760879857846, '_a0_': 1.0, '_a1_': 1.0, '_a2_': 1.0, '_a5_': 1.0, '_a6_': 1.0}};{'d0': 0.02490583291941663};-280.569866449044;36.226115293735035
25384;-104.058817930787;(((x * ((x * _a7_) + (_a4_ * (_a4_ * _a3_)))) + _a3_) * x);{'d0': {'_a3_': 1.7751354040112233, '_a4_': 1.089375937042399, '_a7_': 3.376760879857846, '_a0_': 1.0, '_a1_': 1.0, '_a2_': 1.0, '_a5_': 1.0, '_a6_': 1.0}};{'d0': 0.02490583291941663};-280.569866449044;36.226115293735035
25385;-104.058817930787;(((x * ((x * _a7_) + (_a4_ * (_a4_ * _a3_)))) + _a3_) * x);{'d0': {'_a3_': 1.7751354040112233, '_a4_': 1.089375937042399, '_a7_': 3.376760879857846, '_a0_': 1.0, '_a1_': 1.0, '_a2_': 1.0, '_a5_': 1.0, '_a6_': 1.0}};{'d0': 0.02490583291941663};-280.569866449044;36.226115293735035
25386;-104.058817930787;(((x * ((x * _a7_) + (_a4_ * (_a4_ * _a3_)))) + _a3_) * x);{'d0': {'_a3_': 1.7751354040112233, '_a4_': 1.089375937042399, '_a7_': 3.376760879857846, '_a0_': 1.0, '_a1_': 1.0, '_a2_': 1.0, '_a5_': 1.0, '_a6_': 1.0}};{'d0': 0.02490583291941663};-280.569866449044;36.226115293735035
25387;-104.058817930787;(((x * ((x * _a7_) + (_a4_ * (_a4_ * _a3_)))) + _a3_) * x);{'d0': {'_a3_': 1.7751354040112233, '_a4_': 1.089375937042399, '_a7_': 3.376760879857846, '_a0_': 1.0, '_a1_': 1.0, '_a2_': 1.0, '_a5_': 1.0, '_a6_': 1.0}};{'d0': 0.02490583291941663};-280.569866449044;36.226115293735035
25388;-104.058817930787;(((x * ((x * _a7_) + (_a4_ * (_a4_ * _a3_)))) + _a3_) * x);{'d0': {'_a3_': 1.7751354040112233, '_a4_': 1.089375937042399, '_a7_': 3.376760879857846, '_a0_': 1.0, '_a1_': 1.0, '_a2_': 1.0, '_a5_': 1.0, '_a6_': 1.0}};{'d0': 0.02490583291941663};-280.569866449044;36.226115293735035
25389;-104.058817930787;(((x * ((x * _a7_) + (_a4_ * (_a4_ * _a3_)))) + _a3_) * x);{'d0': {'_a3_': 1.7751354040112233, '_a4_': 1.089375937042399, '_a7_': 3.376760879857846, '_a0_': 1.0, '_a1_': 1.0, '_a2_': 1.0, '_a5_': 1.0, '_a6_': 1.0}};{'d0': 0.02490583291941663};-280.569866449044;36.226115293735035
25390;-104.058817930787;(((x * ((x * _a7_) + (_a4_ * (_a4_ * _a3_)))) + _a3_) * x);{'d0': {'_a3_': 1.7751354040112233, '_a4_': 1.089375937042399, '_a7_': 3.376760879857846, '_a0_': 1.0, '_a1_': 1.0, '_a2_': 1.0, '_a5_': 1.0, '_a6_': 1.0}};{'d0': 0.02490583291941663};-280.569866449044;36.226115293735035
25391;-104.058817930787;(((x * ((x * _a7_) + (_a4_ * (_a4_ * _a3_)))) + _a3_) * x);{'d0': {'_a3_': 1.7751354040112233, '_a4_': 1.089375937042399, '_a7_': 3.376760879857846, '_a0_': 1.0, '_a1_': 1.0, '_a2_': 1.0, '_a5_': 1.0, '_a6_': 1.0}};{'d0': 0.02490583291941663};-280.569866449044;36.226115293735035
25392;-104.058817930787;(((x * ((x * _a7_) + (_a4_ * (_a4_ * _a3_)))) + _a3_) * x);{'d0': {'_a3_': 1.7751354040112233, '_a4_': 1.089375937042399, '_a7_': 3.376760879857846, '_a0_': 1.0, '_a1_': 1.0, '_a2_': 1.0, '_a5_': 1.0, '_a6_': 1.0}};{'d0': 0.02490583291941663};-280.569866449044;36.226115293735035
25393;-104.058817930787;(((x * ((x * _a7_) + (_a4_ * (_a4_ * _a3_)))) + _a3_) * x);{'d0': {'_a3_': 1.7751354040112233, '_a4_': 1.089375937042399, '_a7_': 3.376760879857846, '_a0_': 1.0, '_a1_': 1.0, '_a2_': 1.0, '_a5_': 1.0, '_a6_': 1.0}};{'d0': 0.02490583291941663};-280.569866449044;36.226115293735035
25394;-104.058817930787;(((x * ((x * _a7_) + (_a4_ * (_a4_ * _a3_)))) + _a3_) * x);{'d0': {'_a3_': 1.7751354040112233, '_a4_': 1.089375937042399, '_a7_': 3.376760879857846, '_a0_': 1.0, '_a1_': 1.0, '_a2_': 1.0, '_a5_': 1.0, '_a6_': 1.0}};{'d0': 0.02490583291941663};-280.569866449044;36.226115293735035
25395;-104.058817930787;(((x * ((x * _a7_) + (_a4_ * (_a4_ * _a3_)))) + _a3_) * x);{'d0': {'_a3_': 1.7751354040112233, '_a4_': 1.089375937042399, '_a7_': 3.376760879857846, '_a0_': 1.0, '_a1_': 1.0, '_a2_': 1.0, '_a5_': 1.0, '_a6_': 1.0}};{'d0': 0.02490583291941663};-280.569866449044;36.226115293735035
25396;-104.058817930787;(((x * ((x * _a7_) + (_a4_ * (_a4_ * _a3_)))) + _a3_) * x);{'d0': {'_a3_': 1.7751354040112233, '_a4_': 1.089375937042399, '_a7_': 3.376760879857846, '_a0_': 1.0, '_a1_': 1.0, '_a2_': 1.0, '_a5_': 1.0, '_a6_': 1.0}};{'d0': 0.02490583291941663};-280.569866449044;36.226115293735035
25397;-104.058817930787;(((x * ((x * _a7_) + (_a4_ * (_a4_ * _a3_)))) + _a3_) * x);{'d0': {'_a3_': 1.7751354040112233, '_a4_': 1.089375937042399, '_a7_': 3.376760879857846, '_a0_': 1.0, '_a1_': 1.0, '_a2_': 1.0, '_a5_': 1.0, '_a6_': 1.0}};{'d0': 0.02490583291941663};-280.569866449044;36.226115293735035
25398;-100.378870770527;(((x * ((x * _a7_) + (_a4_ * (_a4_ * -(_a4_))))) + _a3_) * x);{'d0': {'_a3_': 1.7751354041478995, '_a4_': -1.2819242032851883, '_a7_': 3.376760879600307, '_a0_': 1.0, '_a1_': 1.0, '_a2_': 1.0, '_a5_': 1.0, '_a6_': 1.0}};{'d0': 0.024905832919416688};-280.569866449043;39.906062453995425
25399;-100.378870770527;(((x * ((x * _a7_) + (_a4_ * (_a4_ * -(_a4_))))) + _a3_) * x);{'d0': {'_a3_': 1.7751354041478995, '_a4_': -1.2819242032851883, '_a7_': 3.376760879600307, '_a0_': 1.0, '_a1_': 1.0, '_a2_': 1.0, '_a5_': 1.0, '_a6_': 1.0}};{'d0': 0.024905832919416688};-280.569866449043;39.906062453995425
25400;-100.378870770527;(((x * ((x * _a7_) + (_a4_ * (_a4_ * -(_a4_))))) + _a3_) * x);{'d0': {'_a3_': 1.7751354041478995, '_a4_': -1.2819242032851883, '_a7_': 3.376760879600307, '_a0_': 1.0, '_a1_': 1.0, '_a2_': 1.0, '_a5_': 1.0, '_a6_': 1.0}};{'d0': 0.024905832919416688};-280.569866449043;39.906062453995425
25401;-100.378870770527;(((x * ((x * _a7_) + (_a4_ * (_a4_ * -(_a4_))))) + _a3_) * x);{'d0': {'_a3_': 1.7751354041478995, '_a4_': -1.2819242032851883, '_a7_': 3.376760879600307, '_a0_': 1.0, '_a1_': 1.0, '_a2_': 1.0, '_a5_': 1.0, '_a6_': 1.0}};{'d0': 0.024905832919416688};-280.569866449043;39.906062453995425
25402;-100.378870770527;(((x * ((x * _a7_) + (_a4_ * (_a4_ * -(_a4_))))) + _a3_) * x);{'d0': {'_a3_': 1.7751354041478995, '_a4_': -1.2819242032851883, '_a7_': 3.376760879600307, '_a0_': 1.0, '_a1_': 1.0, '_a2_': 1.0, '_a5_': 1.0, '_a6_': 1.0}};{'d0': 0.024905832919416688};-280.569866449043;39.906062453995425
25403;-100.378870770527;(((x * ((x * _a7_) + (_a4_ * (_a4_ * -(_a4_))))) + _a3_) * x);{'d0': {'_a3_': 1.7751354041478995, '_a4_': -1.2819242032851883, '_a7_': 3.376760879600307, '_a0_': 1.0, '_a1_': 1.0, '_a2_': 1.0, '_a5_': 1.0, '_a6_': 1.0}};{'d0': 0.024905832919416688};-280.569866449043;39.906062453995425
25404;-100.378870770527;(((x * ((x * _a7_) + (_a4_ * (_a4_ * -(_a4_))))) + _a3_) * x);{'d0': {'_a3_': 1.7751354041478995, '_a4_': -1.2819242032851883, '_a7_': 3.376760879600307, '_a0_': 1.0, '_a1_': 1.0, '_a2_': 1.0, '_a5_': 1.0, '_a6_': 1.0}};{'d0': 0.024905832919416688};-280.569866449043;39.906062453995425
25405;-100.378870770527;(((x * ((x * _a7_) + (_a4_ * (_a4_ * -(_a4_))))) + _a3_) * x);{'d0': {'_a3_': 1.7751354041478995, '_a4_': -1.2819242032851883, '_a7_': 3.376760879600307, '_a0_': 1.0, '_a1_': 1.0, '_a2_': 1.0, '_a5_': 1.0, '_a6_': 1.0}};{'d0': 0.024905832919416688};-280.569866449043;39.906062453995425
25406;-100.378870770527;(((x * ((x * _a7_) + (_a4_ * (_a4_ * -(_a4_))))) + _a3_) * x);{'d0': {'_a3_': 1.7751354041478995, '_a4_': -1.2819242032851883, '_a7_': 3.376760879600307, '_a0_': 1.0, '_a1_': 1.0, '_a2_': 1.0, '_a5_': 1.0, '_a6_': 1.0}};{'d0': 0.024905832919416688};-280.569866449043;39.906062453995425
25407;-100.378870770527;(((x * ((x * _a7_) + (_a4_ * (_a4_ * -(_a4_))))) + _a3_) * x);{'d0': {'_a3_': 1.7751354041478995, '_a4_': -1.2819242032851883, '_a7_': 3.376760879600307, '_a0_': 1.0, '_a1_': 1.0, '_a2_': 1.0, '_a5_': 1.0, '_a6_': 1.0}};{'d0': 0.024905832919416688};-280.569866449043;39.906062453995425
25408;-100.378870770527;(((x * ((x * _a7_) + (_a4_ * (_a4_ * -(_a4_))))) + _a3_) * x);{'d0': {'_a3_': 1.7751354041478995, '_a4_': -1.2819242032851883, '_a7_': 3.376760879600307, '_a0_': 1.0, '_a1_': 1.0, '_a2_': 1.0, '_a5_': 1.0, '_a6_': 1.0}};{'d0': 0.024905832919416688};-280.569866449043;39.906062453995425
25409;-100.378870770527;(((x * ((x * _a7_) + (_a4_ * (_a4_ * -(_a4_))))) + _a3_) * x);{'d0': {'_a3_': 1.7751354041478995, '_a4_': -1.2819242032851883, '_a7_': 3.376760879600307, '_a0_': 1.0, '_a1_': 1.0, '_a2_': 1.0, '_a5_': 1.0, '_a6_': 1.0}};{'d0': 0.024905832919416688};-280.569866449043;39.906062453995425
25410;-100.378870770527;(((x * ((x * _a7_) + (_a4_ * (_a4_ * -(_a4_))))) + _a3_) * x);{'d0': {'_a3_': 1.7751354041478995, '_a4_': -1.2819242032851883, '_a7_': 3.376760879600307, '_a0_': 1.0, '_a1_': 1.0, '_a2_': 1.0, '_a5_': 1.0, '_a6_': 1.0}};{'d0': 0.024905832919416688};-280.569866449043;39.906062453995425
25411;-100.378870770527;(((x * ((x * _a7_) + (_a4_ * (_a4_ * -(_a4_))))) + _a3_) * x);{'d0': {'_a3_': 1.7751354041478995, '_a4_': -1.2819242032851883, '_a7_': 3.376760879600307, '_a0_': 1.0, '_a1_': 1.0, '_a2_': 1.0, '_a5_': 1.0, '_a6_': 1.0}};{'d0': 0.024905832919416688};-280.569866449043;39.906062453995425
25412;-100.378870770527;(((x * ((x * _a7_) + (_a4_ * (_a4_ * -(_a4_))))) + _a3_) * x);{'d0': {'_a3_': 1.7751354041478995, '_a4_': -1.2819242032851883, '_a7_': 3.376760879600307, '_a0_': 1.0, '_a1_': 1.0, '_a2_': 1.0, '_a5_': 1.0, '_a6_': 1.0}};{'d0': 0.024905832919416688};-280.569866449043;39.906062453995425
25413;-100.378870770527;(((x * ((x * _a7_) + (_a4_ * (_a4_ * -(_a4_))))) + _a3_) * x);{'d0': {'_a3_': 1.7751354041478995, '_a4_': -1.2819242032851883, '_a7_': 3.376760879600307, '_a0_': 1.0, '_a1_': 1.0, '_a2_': 1.0, '_a5_': 1.0, '_a6_': 1.0}};{'d0': 0.024905832919416688};-280.569866449043;39.906062453995425
25414;-100.378870770527;(((x * ((x * _a7_) + (_a4_ * (_a4_ * -(_a4_))))) + _a3_) * x);{'d0': {'_a3_': 1.7751354041478995, '_a4_': -1.2819242032851883, '_a7_': 3.376760879600307, '_a0_': 1.0, '_a1_': 1.0, '_a2_': 1.0, '_a5_': 1.0, '_a6_': 1.0}};{'d0': 0.024905832919416688};-280.569866449043;39.906062453995425
25415;-100.378870770527;(((x * ((x * _a7_) + (_a4_ * (_a4_ * -(_a4_))))) + _a3_) * x);{'d0': {'_a3_': 1.7751354041478995, '_a4_': -1.2819242032851883, '_a7_': 3.376760879600307, '_a0_': 1.0, '_a1_': 1.0, '_a2_': 1.0, '_a5_': 1.0, '_a6_': 1.0}};{'d0': 0.024905832919416688};-280.569866449043;39.906062453995425
25416;-100.378870770527;(((x * ((x * _a7_) + (_a4_ * (_a4_ * -(_a4_))))) + _a3_) * x);{'d0': {'_a3_': 1.7751354041478995, '_a4_': -1.2819242032851883, '_a7_': 3.376760879600307, '_a0_': 1.0, '_a1_': 1.0, '_a2_': 1.0, '_a5_': 1.0, '_a6_': 1.0}};{'d0': 0.024905832919416688};-280.569866449043;39.906062453995425
25417;-100.378870770527;(((x * ((x * _a7_) + (_a4_ * (_a4_ * -(_a4_))))) + _a3_) * x);{'d0': {'_a3_': 1.7751354041478995, '_a4_': -1.2819242032851883, '_a7_': 3.376760879600307, '_a0_': 1.0, '_a1_': 1.0, '_a2_': 1.0, '_a5_': 1.0, '_a6_': 1.0}};{'d0': 0.024905832919416688};-280.569866449043;39.906062453995425
25418;-92.5134194106632;((((((_a1_ * _a0_) / _a7_) * x) + pow2(((x * _a2_) * _a2_))) + _a0_) * x);{'d0': {'_a0_': 1.77513540395207, '_a1_': -332711812662.157, '_a2_': 1.3555797639733507, '_a7_': -280357812346.1893, '_a3_': 1.0, '_a4_': 1.0, '_a5_': 1.0, '_a6_': 1.0}};{'d0': 0.024905832919416976};-276.475521886821;45.7243415327475
25419;-92.5134194106632;((((((_a1_ * _a0_) / _a7_) * x) + pow2(((x * _a2_) * _a2_))) + _a0_) * x);{'d0': {'_a0_': 1.77513540395207, '_a1_': -332711812662.157, '_a2_': 1.3555797639733507, '_a7_': -280357812346.1893, '_a3_': 1.0, '_a4_': 1.0, '_a5_': 1.0, '_a6_': 1.0}};{'d0': 0.024905832919416976};-276.475521886821;45.7243415327475
25420;-92.5134194106632;((((((_a1_ * _a0_) / _a7_) * x) + pow2(((x * _a2_) * _a2_))) + _a0_) * x);{'d0': {'_a0_': 1.77513540395207, '_a1_': -332711812662.157, '_a2_': 1.3555797639733507, '_a7_': -280357812346.1893, '_a3_': 1.0, '_a4_': 1.0, '_a5_': 1.0, '_a6_': 1.0}};{'d0': 0.024905832919416976};-276.475521886821;45.7243415327475
25421;-92.5134194106632;((((((_a1_ * _a0_) / _a7_) * x) + pow2(((x * _a2_) * _a2_))) + _a0_) * x);{'d0': {'_a0_': 1.77513540395207, '_a1_': -332711812662.157, '_a2_': 1.3555797639733507, '_a7_': -280357812346.1893, '_a3_': 1.0, '_a4_': 1.0, '_a5_': 1.0, '_a6_': 1.0}};{'d0': 0.024905832919416976};-276.475521886821;45.7243415327475
25422;-92.5134194106632;((((((_a1_ * _a0_) / _a7_) * x) + pow2(((x * _a2_) * _a2_))) + _a0_) * x);{'d0': {'_a0_': 1.77513540395207, '_a1_': -332711812662.157, '_a2_': 1.3555797639733507, '_a7_': -280357812346.1893, '_a3_': 1.0, '_a4_': 1.0, '_a5_': 1.0, '_a6_': 1.0}};{'d0': 0.024905832919416976};-276.475521886821;45.7243415327475
25423;-92.5134194106632;((((((_a1_ * _a0_) / _a7_) * x) + pow2(((x * _a2_) * _a2_))) + _a0_) * x);{'d0': {'_a0_': 1.77513540395207, '_a1_': -332711812662.157, '_a2_': 1.3555797639733507, '_a7_': -280357812346.1893, '_a3_': 1.0, '_a4_': 1.0, '_a5_': 1.0, '_a6_': 1.0}};{'d0': 0.024905832919416976};-276.475521886821;45.7243415327475
25424;-92.5134194106632;((((((_a1_ * _a0_) / _a7_) * x) + pow2(((x * _a2_) * _a2_))) + _a0_) * x);{'d0': {'_a0_': 1.77513540395207, '_a1_': -332711812662.157, '_a2_': 1.3555797639733507, '_a7_': -280357812346.1893, '_a3_': 1.0, '_a4_': 1.0, '_a5_': 1.0, '_a6_': 1.0}};{'d0': 0.024905832919416976};-276.475521886821;45.7243415327475
25425;-92.5134194106632;((((((_a1_ * _a0_) / _a7_) * x) + pow2(((x * _a2_) * _a2_))) + _a0_) * x);{'d0': {'_a0_': 1.77513540395207, '_a1_': -332711812662.157, '_a2_': 1.3555797639733507, '_a7_': -280357812346.1893, '_a3_': 1.0, '_a4_': 1.0, '_a5_': 1.0, '_a6_': 1.0}};{'d0': 0.024905832919416976};-276.475521886821;45.7243415327475
25426;-92.5134194106632;((((((_a1_ * _a0_) / _a7_) * x) + pow2(((x * _a2_) * _a2_))) + _a0_) * x);{'d0': {'_a0_': 1.77513540395207, '_a1_': -332711812662.157, '_a2_': 1.3555797639733507, '_a7_': -280357812346.1893, '_a3_': 1.0, '_a4_': 1.0, '_a5_': 1.0, '_a6_': 1.0}};{'d0': 0.024905832919416976};-276.475521886821;45.7243415327475
25427;-92.5134194106632;((((((_a1_ * _a0_) / _a7_) * x) + pow2(((x * _a2_) * _a2_))) + _a0_) * x);{'d0': {'_a0_': 1.77513540395207, '_a1_': -332711812662.157, '_a2_': 1.3555797639733507, '_a7_': -280357812346.1893, '_a3_': 1.0, '_a4_': 1.0, '_a5_': 1.0, '_a6_': 1.0}};{'d0': 0.024905832919416976};-276.475521886821;45.7243415327475
25428;-100.378870770527;(((x * ((x * _a7_) + (_a4_ * (_a4_ * -(_a4_))))) + _a3_) * x);{'d0': {'_a3_': 1.7751354041478995, '_a4_': -1.2819242032851883, '_a7_': 3.376760879600307, '_a0_': 1.0, '_a1_': 1.0, '_a2_': 1.0, '_a5_': 1.0, '_a6_': 1.0}};{'d0': 0.024905832919416688};-280.569866449043;39.906062453995425
25429;-100.378870770527;(((x * ((x * _a7_) + (_a4_ * (_a4_ * -(_a4_))))) + _a3_) * x);{'d0': {'_a3_': 1.7751354041478995, '_a4_': -1.2819242032851883, '_a7_': 3.376760879600307, '_a0_': 1.0, '_a1_': 1.0, '_a2_': 1.0, '_a5_': 1.0, '_a6_': 1.0}};{'d0': 0.024905832919416688};-280.569866449043;39.906062453995425
25430;-100.378870770527;(((x * ((x * _a7_) + (_a4_ * (_a4_ * -(_a4_))))) + _a3_) * x);{'d0': {'_a3_': 1.7751354041478995, '_a4_': -1.2819242032851883, '_a7_': 3.376760879600307, '_a0_': 1.0, '_a1_': 1.0, '_a2_': 1.0, '_a5_': 1.0, '_a6_': 1.0}};{'d0': 0.024905832919416688};-280.569866449043;39.906062453995425
25431;-100.378870770527;(((x * ((x * _a7_) + (_a4_ * (_a4_ * -(_a4_))))) + _a3_) * x);{'d0': {'_a3_': 1.7751354041478995, '_a4_': -1.2819242032851883, '_a7_': 3.376760879600307, '_a0_': 1.0, '_a1_': 1.0, '_a2_': 1.0, '_a5_': 1.0, '_a6_': 1.0}};{'d0': 0.024905832919416688};-280.569866449043;39.906062453995425
25432;-104.058817930787;(((x * ((x * _a7_) + (_a4_ * (_a4_ * _a7_)))) + _a3_) * x);{'d0': {'_a3_': 1.7751354040239742, '_a4_': -0.7898477167034643, '_a7_': 3.3767608802404974, '_a0_': 1.0, '_a1_': 1.0, '_a2_': 1.0, '_a5_': 1.0, '_a6_': 1.0}};{'d0': 0.024905832919416646};-280.569866449044;36.226115293735035
25433;-104.058817930787;(((x * ((x * _a7_) + (_a4_ * (_a4_ * _a7_)))) + _a3_) * x);{'d0': {'_a3_': 1.7751354040239742, '_a4_': -0.7898477167034643, '_a7_': 3.3767608802404974, '_a0_': 1.0, '_a1_': 1.0, '_a2_': 1.0, '_a5_': 1.0, '_a6_': 1.0}};{'d0': 0.024905832919416646};-280.569866449044;36.226115293735035
25434;-98.2585261643842;(((_a3_ * _a7_) + (((_a7_ + x) * (_a3_ * x)) / _a4_)) * (x * _a7_));{'d0': {'_a3_': 4.560978423416455, '_a4_': 0.842644604048553, '_a7_': 0.6238594156259768, '_a0_': 1.0, '_a1_': 1.0, '_a2_': 1.0, '_a5_': 1.0, '_a6_': 1.0}};{'d0': 0.024905832919416657};-280.569866449044;42.026407060137366
25435;-98.2585261643842;(((_a3_ * _a7_) + (((_a7_ + x) * (_a3_ * x)) / _a4_)) * (x * _a7_));{'d0': {'_a3_': 4.560978423416455, '_a4_': 0.842644604048553, '_a7_': 0.6238594156259768, '_a0_': 1.0, '_a1_': 1.0, '_a2_': 1.0, '_a5_': 1.0, '_a6_': 1.0}};{'d0': 0.024905832919416657};-280.569866449044;42.026407060137366
25436;-98.2585261643842;(((_a3_ * _a7_) + (((_a7_ + x) * (_a3_ * x)) / _a4_)) * (x * _a7_));{'d0': {'_a3_': 4.560978423416455, '_a4_': 0.842644604048553, '_a7_': 0.6238594156259768, '_a0_': 1.0, '_a1_': 1.0, '_a2_': 1.0, '_a5_': 1.0, '_a6_': 1.0}};{'d0': 0.024905832919416657};-280.569866449044;42.026407060137366
25437;-98.2585261643842;(((_a3_ * _a7_) + (((_a7_ + x) * (_a3_ * x)) / _a4_)) * (x * _a7_));{'d0': {'_a3_': 4.560978423416455, '_a4_': 0.842644604048553, '_a7_': 0.6238594156259768, '_a0_': 1.0, '_a1_': 1.0, '_a2_': 1.0, '_a5_': 1.0, '_a6_': 1.0}};{'d0': 0.024905832919416657};-280.569866449044;42.026407060137366
25438;-98.2585261643842;(((_a3_ * _a7_) + (((_a7_ + x) * (_a3_ * x)) / _a4_)) * (x * _a7_));{'d0': {'_a3_': 4.560978423416455, '_a4_': 0.842644604048553, '_a7_': 0.6238594156259768, '_a0_': 1.0, '_a1_': 1.0, '_a2_': 1.0, '_a5_': 1.0, '_a6_': 1.0}};{'d0': 0.024905832919416657};-280.569866449044;42.026407060137366
25439;-104.058817930787;(((x * ((x * _a7_) + (_a4_ * (_a4_ * _a7_)))) + _a3_) * x);{'d0': {'_a3_': 1.7751354040239742, '_a4_': -0.7898477167034643, '_a7_': 3.3767608802404974, '_a0_': 1.0, '_a1_': 1.0, '_a2_': 1.0, '_a5_': 1.0, '_a6_': 1.0}};{'d0': 0.024905832919416646};-280.569866449044;36.226115293735035
25440;-104.058817930787;(((x * ((x * _a7_) + (_a4_ * (_a4_ * _a7_)))) + _a3_) * x);{'d0': {'_a3_': 1.7751354040239742, '_a4_': -0.7898477167034643, '_a7_': 3.3767608802404974, '_a0_': 1.0, '_a1_': 1.0, '_a2_': 1.0, '_a5_': 1.0, '_a6_': 1.0}};{'d0': 0.024905832919416646};-280.569866449044;36.226115293735035
25441;-104.058817930787;(((x * ((x * _a7_) + (_a4_ * (_a4_ * _a7_)))) + _a3_) * x);{'d0': {'_a3_': 1.7751354040239742, '_a4_': -0.7898477167034643, '_a7_': 3.3767608802404974, '_a0_': 1.0, '_a1_': 1.0, '_a2_': 1.0, '_a5_': 1.0, '_a6_': 1.0}};{'d0': 0.024905832919416646};-280.569866449044;36.226115293735035
25442;-104.058817930787;(((x * ((x * _a7_) + (_a4_ * (_a4_ * _a7_)))) + _a3_) * x);{'d0': {'_a3_': 1.7751354040239742, '_a4_': -0.7898477167034643, '_a7_': 3.3767608802404974, '_a0_': 1.0, '_a1_': 1.0, '_a2_': 1.0, '_a5_': 1.0, '_a6_': 1.0}};{'d0': 0.024905832919416646};-280.569866449044;36.226115293735035
25443;-104.058817930787;(((x * ((x * _a7_) + (_a4_ * (_a4_ * _a7_)))) + _a3_) * x);{'d0': {'_a3_': 1.7751354040239742, '_a4_': -0.7898477167034643, '_a7_': 3.3767608802404974, '_a0_': 1.0, '_a1_': 1.0, '_a2_': 1.0, '_a5_': 1.0, '_a6_': 1.0}};{'d0': 0.024905832919416646};-280.569866449044;36.226115293735035
25444;-104.058817930787;(((x * ((x * _a7_) + (_a4_ * (_a4_ * _a7_)))) + _a3_) * x);{'d0': {'_a3_': 1.7751354040239742, '_a4_': -0.7898477167034643, '_a7_': 3.3767608802404974, '_a0_': 1.0, '_a1_': 1.0, '_a2_': 1.0, '_a5_': 1.0, '_a6_': 1.0}};{'d0': 0.024905832919416646};-280.569866449044;36.226115293735035
25445;-104.058817930787;(((x * ((x * _a7_) + (_a4_ * (_a4_ * _a7_)))) + _a3_) * x);{'d0': {'_a3_': 1.7751354040239742, '_a4_': -0.7898477167034643, '_a7_': 3.3767608802404974, '_a0_': 1.0, '_a1_': 1.0, '_a2_': 1.0, '_a5_': 1.0, '_a6_': 1.0}};{'d0': 0.024905832919416646};-280.569866449044;36.226115293735035
25446;-104.058817930787;(((x * ((x * _a7_) + (_a4_ * (_a4_ * _a7_)))) + _a3_) * x);{'d0': {'_a3_': 1.7751354040239742, '_a4_': -0.7898477167034643, '_a7_': 3.3767608802404974, '_a0_': 1.0, '_a1_': 1.0, '_a2_': 1.0, '_a5_': 1.0, '_a6_': 1.0}};{'d0': 0.024905832919416646};-280.569866449044;36.226115293735035
25447;-104.058817930787;(((x * ((x * _a7_) + (_a4_ * (_a4_ * _a7_)))) + _a3_) * x);{'d0': {'_a3_': 1.7751354040239742, '_a4_': -0.7898477167034643, '_a7_': 3.3767608802404974, '_a0_': 1.0, '_a1_': 1.0, '_a2_': 1.0, '_a5_': 1.0, '_a6_': 1.0}};{'d0': 0.024905832919416646};-280.569866449044;36.226115293735035
25448;-104.058817930787;(((x * ((x * _a7_) + (_a4_ * (_a4_ * _a7_)))) + _a3_) * x);{'d0': {'_a3_': 1.7751354040239742, '_a4_': -0.7898477167034643, '_a7_': 3.3767608802404974, '_a0_': 1.0, '_a1_': 1.0, '_a2_': 1.0, '_a5_': 1.0, '_a6_': 1.0}};{'d0': 0.024905832919416646};-280.569866449044;36.226115293735035
25449;-104.058817930787;(((x * ((x * _a7_) + (_a4_ * (_a4_ * _a7_)))) + _a3_) * x);{'d0': {'_a3_': 1.7751354040239742, '_a4_': -0.7898477167034643, '_a7_': 3.3767608802404974, '_a0_': 1.0, '_a1_': 1.0, '_a2_': 1.0, '_a5_': 1.0, '_a6_': 1.0}};{'d0': 0.024905832919416646};-280.569866449044;36.226115293735035
25450;-104.058817930787;(((x * ((x * _a7_) + (_a4_ * (_a4_ * _a7_)))) + _a3_) * x);{'d0': {'_a3_': 1.7751354040239742, '_a4_': -0.7898477167034643, '_a7_': 3.3767608802404974, '_a0_': 1.0, '_a1_': 1.0, '_a2_': 1.0, '_a5_': 1.0, '_a6_': 1.0}};{'d0': 0.024905832919416646};-280.569866449044;36.226115293735035
25451;-104.058817930787;(((x * ((x * _a7_) + (_a4_ * (_a4_ * _a7_)))) + _a3_) * x);{'d0': {'_a3_': 1.7751354040239742, '_a4_': -0.7898477167034643, '_a7_': 3.3767608802404974, '_a0_': 1.0, '_a1_': 1.0, '_a2_': 1.0, '_a5_': 1.0, '_a6_': 1.0}};{'d0': 0.024905832919416646};-280.569866449044;36.226115293735035
25452;-98.2585261643842;(((_a3_ * _a7_) + (((_a7_ + x) * (_a3_ * x)) / _a4_)) * (x * _a7_));{'d0': {'_a3_': 4.560978423416455, '_a4_': 0.842644604048553, '_a7_': 0.6238594156259768, '_a0_': 1.0, '_a1_': 1.0, '_a2_': 1.0, '_a5_': 1.0, '_a6_': 1.0}};{'d0': 0.024905832919416657};-280.569866449044;42.026407060137366
25453;-98.2585261643842;(((_a3_ * _a7_) + (((_a7_ + x) * (_a3_ * x)) / _a4_)) * (x * _a7_));{'d0': {'_a3_': 4.560978423416455, '_a4_': 0.842644604048553, '_a7_': 0.6238594156259768, '_a0_': 1.0, '_a1_': 1.0, '_a2_': 1.0, '_a5_': 1.0, '_a6_': 1.0}};{'d0': 0.024905832919416657};-280.569866449044;42.026407060137366
25454;-98.2585261643842;(((_a3_ * _a7_) + (((_a7_ + x) * (_a3_ * x)) / _a4_)) * (x * _a7_));{'d0': {'_a3_': 4.560978423416455, '_a4_': 0.842644604048553, '_a7_': 0.6238594156259768, '_a0_': 1.0, '_a1_': 1.0, '_a2_': 1.0, '_a5_': 1.0, '_a6_': 1.0}};{'d0': 0.024905832919416657};-280.569866449044;42.026407060137366
25455;-98.2585261643842;(((_a3_ * _a7_) + (((_a7_ + x) * (_a3_ * x)) / _a4_)) * (x * _a7_));{'d0': {'_a3_': 4.560978423416455, '_a4_': 0.842644604048553, '_a7_': 0.6238594156259768, '_a0_': 1.0, '_a1_': 1.0, '_a2_': 1.0, '_a5_': 1.0, '_a6_': 1.0}};{'d0': 0.024905832919416657};-280.569866449044;42.026407060137366
25456;-98.2585261643842;(((_a3_ * _a7_) + (((_a7_ + x) * (_a3_ * x)) / _a4_)) * (x * _a7_));{'d0': {'_a3_': 4.560978423416455, '_a4_': 0.842644604048553, '_a7_': 0.6238594156259768, '_a0_': 1.0, '_a1_': 1.0, '_a2_': 1.0, '_a5_': 1.0, '_a6_': 1.0}};{'d0': 0.024905832919416657};-280.569866449044;42.026407060137366
25457;-98.2585261643842;(((_a3_ * _a7_) + (((_a7_ + x) * (_a3_ * x)) / _a4_)) * (x * _a7_));{'d0': {'_a3_': 4.560978423416455, '_a4_': 0.842644604048553, '_a7_': 0.6238594156259768, '_a0_': 1.0, '_a1_': 1.0, '_a2_': 1.0, '_a5_': 1.0, '_a6_': 1.0}};{'d0': 0.024905832919416657};-280.569866449044;42.026407060137366
25458;-98.2585261643842;(((_a3_ * _a7_) + (((_a7_ + x) * (_a3_ * x)) / _a4_)) * (x * _a7_));{'d0': {'_a3_': 4.560978423416455, '_a4_': 0.842644604048553, '_a7_': 0.6238594156259768, '_a0_': 1.0, '_a1_': 1.0, '_a2_': 1.0, '_a5_': 1.0, '_a6_': 1.0}};{'d0': 0.024905832919416657};-280.569866449044;42.026407060137366
25459;-98.2585261643842;(((_a3_ * _a7_) + (((_a7_ + x) * (_a3_ * x)) / _a4_)) * (x * _a7_));{'d0': {'_a3_': 4.560978423416455, '_a4_': 0.842644604048553, '_a7_': 0.6238594156259768, '_a0_': 1.0, '_a1_': 1.0, '_a2_': 1.0, '_a5_': 1.0, '_a6_': 1.0}};{'d0': 0.024905832919416657};-280.569866449044;42.026407060137366
25460;-98.2585261643842;(((_a3_ * _a7_) + (((_a7_ + x) * (_a3_ * x)) / _a4_)) * (x * _a7_));{'d0': {'_a3_': 4.560978423416455, '_a4_': 0.842644604048553, '_a7_': 0.6238594156259768, '_a0_': 1.0, '_a1_': 1.0, '_a2_': 1.0, '_a5_': 1.0, '_a6_': 1.0}};{'d0': 0.024905832919416657};-280.569866449044;42.026407060137366
25461;-98.2585261643842;(((_a3_ * _a7_) + (((_a7_ + x) * (_a3_ * x)) / _a4_)) * (x * _a7_));{'d0': {'_a3_': 4.560978423416455, '_a4_': 0.842644604048553, '_a7_': 0.6238594156259768, '_a0_': 1.0, '_a1_': 1.0, '_a2_': 1.0, '_a5_': 1.0, '_a6_': 1.0}};{'d0': 0.024905832919416657};-280.569866449044;42.026407060137366
25462;-98.2585261643842;(((_a3_ * _a7_) + (((_a7_ + x) * (_a3_ * x)) / _a4_)) * (x * _a7_));{'d0': {'_a3_': 4.560978423416455, '_a4_': 0.842644604048553, '_a7_': 0.6238594156259768, '_a0_': 1.0, '_a1_': 1.0, '_a2_': 1.0, '_a5_': 1.0, '_a6_': 1.0}};{'d0': 0.024905832919416657};-280.569866449044;42.026407060137366
25463;-98.2585261643842;(((_a3_ * _a7_) + (((_a7_ + x) * (_a3_ * x)) / _a4_)) * (x * _a7_));{'d0': {'_a3_': 4.560978423416455, '_a4_': 0.842644604048553, '_a7_': 0.6238594156259768, '_a0_': 1.0, '_a1_': 1.0, '_a2_': 1.0, '_a5_': 1.0, '_a6_': 1.0}};{'d0': 0.024905832919416657};-280.569866449044;42.026407060137366
25464;-98.2585261643842;(((_a3_ * _a7_) + (((_a7_ + x) * (_a3_ * x)) / _a4_)) * (x * _a7_));{'d0': {'_a3_': 4.560978423416455, '_a4_': 0.842644604048553, '_a7_': 0.6238594156259768, '_a0_': 1.0, '_a1_': 1.0, '_a2_': 1.0, '_a5_': 1.0, '_a6_': 1.0}};{'d0': 0.024905832919416657};-280.569866449044;42.026407060137366
25465;-98.2585261643842;(((_a3_ * _a7_) + (((_a7_ + x) * (_a3_ * x)) / _a4_)) * (x * _a7_));{'d0': {'_a3_': 4.560978423416455, '_a4_': 0.842644604048553, '_a7_': 0.6238594156259768, '_a0_': 1.0, '_a1_': 1.0, '_a2_': 1.0, '_a5_': 1.0, '_a6_': 1.0}};{'d0': 0.024905832919416657};-280.569866449044;42.026407060137366
25466;-98.2585261643842;(((_a3_ * _a7_) + (((_a7_ + x) * (_a3_ * x)) / _a4_)) * (x * _a7_));{'d0': {'_a3_': 4.560978423416455, '_a4_': 0.842644604048553, '_a7_': 0.6238594156259768, '_a0_': 1.0, '_a1_': 1.0, '_a2_': 1.0, '_a5_': 1.0, '_a6_': 1.0}};{'d0': 0.024905832919416657};-280.569866449044;42.026407060137366
25467;-98.2585261643842;(((_a3_ * _a7_) + (((_a7_ + x) * (_a3_ * x)) / _a4_)) * (x * _a7_));{'d0': {'_a3_': 4.560978423416455, '_a4_': 0.842644604048553, '_a7_': 0.6238594156259768, '_a0_': 1.0, '_a1_': 1.0, '_a2_': 1.0, '_a5_': 1.0, '_a6_': 1.0}};{'d0': 0.024905832919416657};-280.569866449044;42.026407060137366
25468;-94.8107713370924;(((pow2((x + ((_a2_ * _a3_) + _a3_))) * -(_a3_)) + (_a3_ + _a5_)) * x);{'d0': {'_a2_': -1.092375421008352, '_a3_': -3.376760878337243, '_a5_': 4.82333696763394, '_a0_': 1.0, '_a1_': 1.0, '_a4_': 1.0, '_a6_': 1.0, '_a7_': 1.0}};{'d0': 0.02490583291941663};-280.569866449044;45.47416188742927
25469;-94.8107713370924;(((pow2((x + ((_a2_ * _a3_) + _a3_))) * -(_a3_)) + (_a3_ + _a5_)) * x);{'d0': {'_a2_': -1.092375421008352, '_a3_': -3.376760878337243, '_a5_': 4.82333696763394, '_a0_': 1.0, '_a1_': 1.0, '_a4_': 1.0, '_a6_': 1.0, '_a7_': 1.0}};{'d0': 0.02490583291941663};-280.569866449044;45.47416188742927
25470;-94.8107713370924;(((pow2((x + ((_a2_ * _a3_) + _a3_))) * -(_a3_)) + (_a3_ + _a5_)) * x);{'d0': {'_a2_': -1.092375421008352, '_a3_': -3.376760878337243, '_a5_': 4.82333696763394, '_a0_': 1.0, '_a1_': 1.0, '_a4_': 1.0, '_a6_': 1.0, '_a7_': 1.0}};{'d0': 0.02490583291941663};-280.569866449044;45.47416188742927
25471;-94.8107713370924;(((pow2((x + ((_a2_ * _a3_) + _a3_))) * -(_a3_)) + (_a3_ + _a5_)) * x);{'d0': {'_a2_': -1.092375421008352, '_a3_': -3.376760878337243, '_a5_': 4.82333696763394, '_a0_': 1.0, '_a1_': 1.0, '_a4_': 1.0, '_a6_': 1.0, '_a7_': 1.0}};{'d0': 0.02490583291941663};-280.569866449044;45.47416188742927
25472;-94.8107713370924;(((pow2((x + ((_a2_ * _a3_) + _a3_))) * -(_a3_)) + (_a3_ + _a5_)) * x);{'d0': {'_a2_': -1.092375421008352, '_a3_': -3.376760878337243, '_a5_': 4.82333696763394, '_a0_': 1.0, '_a1_': 1.0, '_a4_': 1.0, '_a6_': 1.0, '_a7_': 1.0}};{'d0': 0.02490583291941663};-280.569866449044;45.47416188742927
25473;-94.8107713370924;(((pow2((x + ((_a2_ * _a3_) + _a3_))) * -(_a3_)) + (_a3_ + _a5_)) * x);{'d0': {'_a2_': -1.092375421008352, '_a3_': -3.376760878337243, '_a5_': 4.82333696763394, '_a0_': 1.0, '_a1_': 1.0, '_a4_': 1.0, '_a6_': 1.0, '_a7_': 1.0}};{'d0': 0.02490583291941663};-280.569866449044;45.47416188742927
25474;-94.8107713370924;(((pow2((x + ((_a2_ * _a3_) + _a3_))) * -(_a3_)) + (_a3_ + _a5_)) * x);{'d0': {'_a2_': -1.092375421008352, '_a3_': -3.376760878337243, '_a5_': 4.82333696763394, '_a0_': 1.0, '_a1_': 1.0, '_a4_': 1.0, '_a6_': 1.0, '_a7_': 1.0}};{'d0': 0.02490583291941663};-280.569866449044;45.47416188742927
25475;-94.8107713370924;(((pow2((x + ((_a2_ * _a3_) + _a3_))) * -(_a3_)) + (_a3_ + _a5_)) * x);{'d0': {'_a2_': -1.092375421008352, '_a3_': -3.376760878337243, '_a5_': 4.82333696763394, '_a0_': 1.0, '_a1_': 1.0, '_a4_': 1.0, '_a6_': 1.0, '_a7_': 1.0}};{'d0': 0.02490583291941663};-280.569866449044;45.47416188742927
25476;-94.8107713370924;(((pow2((x + ((_a2_ * _a3_) + _a3_))) * -(_a3_)) + (_a3_ + _a5_)) * x);{'d0': {'_a2_': -1.092375421008352, '_a3_': -3.376760878337243, '_a5_': 4.82333696763394, '_a0_': 1.0, '_a1_': 1.0, '_a4_': 1.0, '_a6_': 1.0, '_a7_': 1.0}};{'d0': 0.02490583291941663};-280.569866449044;45.47416188742927
25477;-94.8107713370924;(((pow2((x + ((_a2_ * _a3_) + _a3_))) * -(_a3_)) + (_a3_ + _a5_)) * x);{'d0': {'_a2_': -1.092375421008352, '_a3_': -3.376760878337243, '_a5_': 4.82333696763394, '_a0_': 1.0, '_a1_': 1.0, '_a4_': 1.0, '_a6_': 1.0, '_a7_': 1.0}};{'d0': 0.02490583291941663};-280.569866449044;45.47416188742927
25478;-94.8107713370924;(((pow2((x + ((_a2_ * _a3_) + _a3_))) * -(_a3_)) + (_a3_ + _a5_)) * x);{'d0': {'_a2_': -1.092375421008352, '_a3_': -3.376760878337243, '_a5_': 4.82333696763394, '_a0_': 1.0, '_a1_': 1.0, '_a4_': 1.0, '_a6_': 1.0, '_a7_': 1.0}};{'d0': 0.02490583291941663};-280.569866449044;45.47416188742927
25479;-97.0334379135124;(((pow2((x + ((_a2_ * _a3_) + _a3_))) * -(_a3_)) + pow2(_a1_)) * x);{'d0': {'_a1_': 1.2027369163128085, '_a2_': -1.0923754210625554, '_a3_': -3.376760876591392, '_a0_': 1.0, '_a4_': 1.0, '_a5_': 1.0, '_a6_': 1.0, '_a7_': 1.0}};{'d0': 0.024905832919416622};-280.569866449044;43.251495311009265
25480;-97.0334379135124;(((pow2((x + ((_a2_ * _a3_) + _a3_))) * -(_a3_)) + pow2(_a1_)) * x);{'d0': {'_a1_': 1.2027369163128085, '_a2_': -1.0923754210625554, '_a3_': -3.376760876591392, '_a0_': 1.0, '_a4_': 1.0, '_a5_': 1.0, '_a6_': 1.0, '_a7_': 1.0}};{'d0': 0.024905832919416622};-280.569866449044;43.251495311009265
25481;-97.0334379135124;(((pow2((x + ((_a2_ * _a3_) + _a3_))) * -(_a3_)) + pow2(_a1_)) * x);{'d0': {'_a1_': 1.2027369163128085, '_a2_': -1.0923754210625554, '_a3_': -3.376760876591392, '_a0_': 1.0, '_a4_': 1.0, '_a5_': 1.0, '_a6_': 1.0, '_a7_': 1.0}};{'d0': 0.024905832919416622};-280.569866449044;43.251495311009265
25482;-97.0334379135124;(((pow2((x + ((_a2_ * _a3_) + _a3_))) * -(_a3_)) + pow2(_a1_)) * x);{'d0': {'_a1_': 1.2027369163128085, '_a2_': -1.0923754210625554, '_a3_': -3.376760876591392, '_a0_': 1.0, '_a4_': 1.0, '_a5_': 1.0, '_a6_': 1.0, '_a7_': 1.0}};{'d0': 0.024905832919416622};-280.569866449044;43.251495311009265
25483;-97.0334379135124;(((pow2((x + ((_a2_ * _a3_) + _a3_))) * -(_a3_)) + pow2(_a1_)) * x);{'d0': {'_a1_': 1.2027369163128085, '_a2_': -1.0923754210625554, '_a3_': -3.376760876591392, '_a0_': 1.0, '_a4_': 1.0, '_a5_': 1.0, '_a6_': 1.0, '_a7_': 1.0}};{'d0': 0.024905832919416622};-280.569866449044;43.251495311009265
25484;-97.0334379135124;(((pow2((x + ((_a2_ * _a3_) + _a3_))) * -(_a3_)) + pow2(_a1_)) * x);{'d0': {'_a1_': 1.2027369163128085, '_a2_': -1.0923754210625554, '_a3_': -3.376760876591392, '_a0_': 1.0, '_a4_': 1.0, '_a5_': 1.0, '_a6_': 1.0, '_a7_': 1.0}};{'d0': 0.024905832919416622};-280.569866449044;43.251495311009265
25485;-97.0334379135124;(((pow2((x + ((_a2_ * _a3_) + _a3_))) * -(_a3_)) + pow2(_a1_)) * x);{'d0': {'_a1_': 1.2027369163128085, '_a2_': -1.0923754210625554, '_a3_': -3.376760876591392, '_a0_': 1.0, '_a4_': 1.0, '_a5_': 1.0, '_a6_': 1.0, '_a7_': 1.0}};{'d0': 0.024905832919416622};-280.569866449044;43.251495311009265
25486;-97.0334379135124;(((pow2((x + ((_a2_ * _a3_) + _a3_))) * -(_a3_)) + pow2(_a1_)) * x);{'d0': {'_a1_': 1.2027369163128085, '_a2_': -1.0923754210625554, '_a3_': -3.376760876591392, '_a0_': 1.0, '_a4_': 1.0, '_a5_': 1.0, '_a6_': 1.0, '_a7_': 1.0}};{'d0': 0.024905832919416622};-280.569866449044;43.251495311009265
25487;-97.0334379135124;(((pow2((x + ((_a2_ * _a3_) + _a3_))) * -(_a3_)) + pow2(_a1_)) * x);{'d0': {'_a1_': 1.2027369163128085, '_a2_': -1.0923754210625554, '_a3_': -3.376760876591392, '_a0_': 1.0, '_a4_': 1.0, '_a5_': 1.0, '_a6_': 1.0, '_a7_': 1.0}};{'d0': 0.024905832919416622};-280.569866449044;43.251495311009265
25488;-97.0334379135124;(((pow2((x + ((_a2_ * _a3_) + _a3_))) * -(_a3_)) + pow2(_a1_)) * x);{'d0': {'_a1_': 1.2027369163128085, '_a2_': -1.0923754210625554, '_a3_': -3.376760876591392, '_a0_': 1.0, '_a4_': 1.0, '_a5_': 1.0, '_a6_': 1.0, '_a7_': 1.0}};{'d0': 0.024905832919416622};-280.569866449044;43.251495311009265
25489;-98.2299683143862;(((pow2((x + (-(_a0_) + _a3_))) * -(_a3_)) + pow2(_a1_)) * x);{'d0': {'_a0_': -3.688690585957724, '_a1_': 1.202736916089995, '_a3_': -3.3767608781782408, '_a2_': 1.0, '_a4_': 1.0, '_a5_': 1.0, '_a6_': 1.0, '_a7_': 1.0}};{'d0': 0.02490583291941664};-280.569866449044;42.05496491013543
25490;-98.2299683143862;(((pow2((x + (-(_a0_) + _a3_))) * -(_a3_)) + pow2(_a1_)) * x);{'d0': {'_a0_': -3.688690585957724, '_a1_': 1.202736916089995, '_a3_': -3.3767608781782408, '_a2_': 1.0, '_a4_': 1.0, '_a5_': 1.0, '_a6_': 1.0, '_a7_': 1.0}};{'d0': 0.02490583291941664};-280.569866449044;42.05496491013543
25491;-98.2299683143862;(((pow2((x + (-(_a0_) + _a3_))) * -(_a3_)) + pow2(_a1_)) * x);{'d0': {'_a0_': -3.688690585957724, '_a1_': 1.202736916089995, '_a3_': -3.3767608781782408, '_a2_': 1.0, '_a4_': 1.0, '_a5_': 1.0, '_a6_': 1.0, '_a7_': 1.0}};{'d0': 0.02490583291941664};-280.569866449044;42.05496491013543
25492;-101.927902786996;(((pow2((x + (-(_a0_) + _a3_))) * -(_a3_)) + _a7_) * x);{'d0': {'_a0_': -3.6886905871916866, '_a3_': -3.376760879400524, '_a7_': 1.4465760890537855, '_a1_': 1.0, '_a2_': 1.0, '_a4_': 1.0, '_a5_': 1.0, '_a6_': 1.0}};{'d0': 0.024905832919416622};-280.569866449044;38.35703043752543
25493;-101.927902786996;(((pow2((x + (-(_a0_) + _a3_))) * -(_a3_)) + _a7_) * x);{'d0': {'_a0_': -3.6886905871916866, '_a3_': -3.376760879400524, '_a7_': 1.4465760890537855, '_a1_': 1.0, '_a2_': 1.0, '_a4_': 1.0, '_a5_': 1.0, '_a6_': 1.0}};{'d0': 0.024905832919416622};-280.569866449044;38.35703043752543
25494;-97.0509201478612;(((pow2((x + (-((_a3_ * _a0_)) + _a3_))) * -(_a3_)) + _a7_) * x);{'d0': {'_a0_': 1.0923754210333398, '_a3_': -3.376760877690855, '_a7_': 1.446576089589665, '_a1_': 1.0, '_a2_': 1.0, '_a4_': 1.0, '_a5_': 1.0, '_a6_': 1.0}};{'d0': 0.02490583291941663};-280.569866449044;43.23401307666043
25495;-97.0509201478612;(((pow2((x + (-((_a3_ * _a0_)) + _a3_))) * -(_a3_)) + _a7_) * x);{'d0': {'_a0_': 1.0923754210333398, '_a3_': -3.376760877690855, '_a7_': 1.446576089589665, '_a1_': 1.0, '_a2_': 1.0, '_a4_': 1.0, '_a5_': 1.0, '_a6_': 1.0}};{'d0': 0.02490583291941663};-280.569866449044;43.23401307666043
25496;-97.0509201478612;(((pow2((x + (-((_a3_ * _a0_)) + _a3_))) * -(_a3_)) + _a7_) * x);{'d0': {'_a0_': 1.0923754210333398, '_a3_': -3.376760877690855, '_a7_': 1.446576089589665, '_a1_': 1.0, '_a2_': 1.0, '_a4_': 1.0, '_a5_': 1.0, '_a6_': 1.0}};{'d0': 0.02490583291941663};-280.569866449044;43.23401307666043
25497;-97.0334379135124;(((pow2((x + (-((_a3_ * _a0_)) + _a3_))) * pow2(_a3_)) + _a7_) * x);{'d0': {'_a0_': 1.1697487498562709, '_a3_': -1.8375964951347037, '_a7_': 1.4465760891806494, '_a1_': 1.0, '_a2_': 1.0, '_a4_': 1.0, '_a5_': 1.0, '_a6_': 1.0}};{'d0': 0.024905832919416605};-280.569866449044;43.251495311009265
25498;-97.0334379135124;(((pow2((x + (-((_a3_ * _a0_)) + _a3_))) * pow2(_a3_)) + _a7_) * x);{'d0': {'_a0_': 1.1697487498562709, '_a3_': -1.8375964951347037, '_a7_': 1.4465760891806494, '_a1_': 1.0, '_a2_': 1.0, '_a4_': 1.0, '_a5_': 1.0, '_a6_': 1.0}};{'d0': 0.024905832919416605};-280.569866449044;43.251495311009265
25499;-97.0334379135124;(((pow2((x + (-((_a3_ * _a0_)) + _a3_))) * pow2(_a3_)) + _a7_) * x);{'d0': {'_a0_': 1.1697487498562709, '_a3_': -1.8375964951347037, '_a7_': 1.4465760891806494, '_a1_': 1.0, '_a2_': 1.0, '_a4_': 1.0, '_a5_': 1.0, '_a6_': 1.0}};{'d0': 0.024905832919416605};-280.569866449044;43.251495311009265
25500;-97.0334379135124;(((pow2((x + (-((_a3_ * _a0_)) + _a3_))) * pow2(_a3_)) + _a7_) * x);{'d0': {'_a0_': 1.1697487498562709, '_a3_': -1.8375964951347037, '_a7_': 1.4465760891806494, '_a1_': 1.0, '_a2_': 1.0, '_a4_': 1.0, '_a5_': 1.0, '_a6_': 1.0}};{'d0': 0.024905832919416605};-280.569866449044;43.251495311009265
25501;-97.0334379135124;(((pow2((x + (-((_a3_ * _a0_)) + _a3_))) * pow2(_a3_)) + _a7_) * x);{'d0': {'_a0_': 1.1697487498562709, '_a3_': -1.8375964951347037, '_a7_': 1.4465760891806494, '_a1_': 1.0, '_a2_': 1.0, '_a4_': 1.0, '_a5_': 1.0, '_a6_': 1.0}};{'d0': 0.024905832919416605};-280.569866449044;43.251495311009265
25502;-97.0334379135124;(((pow2((x + (-((_a3_ * _a0_)) + _a3_))) * pow2(_a3_)) + _a7_) * x);{'d0': {'_a0_': 1.1697487498562709, '_a3_': -1.8375964951347037, '_a7_': 1.4465760891806494, '_a1_': 1.0, '_a2_': 1.0, '_a4_': 1.0, '_a5_': 1.0, '_a6_': 1.0}};{'d0': 0.024905832919416605};-280.569866449044;43.251495311009265
25503;-97.0334379135124;(((pow2((x + (-((_a3_ * _a0_)) + _a3_))) * pow2(_a3_)) + _a7_) * x);{'d0': {'_a0_': 1.1697487498562709, '_a3_': -1.8375964951347037, '_a7_': 1.4465760891806494, '_a1_': 1.0, '_a2_': 1.0, '_a4_': 1.0, '_a5_': 1.0, '_a6_': 1.0}};{'d0': 0.024905832919416605};-280.569866449044;43.251495311009265
25504;-97.0334379135124;(((pow2((x + (-((_a3_ * _a0_)) + _a3_))) * pow2(_a3_)) + _a7_) * x);{'d0': {'_a0_': 1.1697487498562709, '_a3_': -1.8375964951347037, '_a7_': 1.4465760891806494, '_a1_': 1.0, '_a2_': 1.0, '_a4_': 1.0, '_a5_': 1.0, '_a6_': 1.0}};{'d0': 0.024905832919416605};-280.569866449044;43.251495311009265
25505;-90.0369257068929;(((pow2((x + (-((_a3_ * _a0_)) + _a3_))) * pow2((_a4_ * _a7_))) + _a7_) * x);{'d0': {'_a0_': 1.33140254804828, '_a3_': -0.9412410808221133, '_a4_': 1.270307527675547, '_a7_': 1.4465760889961408, '_a1_': 1.0, '_a2_': 1.0, '_a5_': 1.0, '_a6_': 1.0}};{'d0': 0.02490583291945935};-276.475521886719;48.20083523646626
25506;-90.0369257068929;(((pow2((x + (-((_a3_ * _a0_)) + _a3_))) * pow2((_a4_ * _a7_))) + _a7_) * x);{'d0': {'_a0_': 1.33140254804828, '_a3_': -0.9412410808221133, '_a4_': 1.270307527675547, '_a7_': 1.4465760889961408, '_a1_': 1.0, '_a2_': 1.0, '_a5_': 1.0, '_a6_': 1.0}};{'d0': 0.02490583291945935};-276.475521886719;48.20083523646626
25507;-90.0369257068929;(((pow2((x + (-((_a3_ * _a0_)) + _a3_))) * pow2((_a4_ * _a7_))) + _a7_) * x);{'d0': {'_a0_': 1.33140254804828, '_a3_': -0.9412410808221133, '_a4_': 1.270307527675547, '_a7_': 1.4465760889961408, '_a1_': 1.0, '_a2_': 1.0, '_a5_': 1.0, '_a6_': 1.0}};{'d0': 0.02490583291945935};-276.475521886719;48.20083523646626
25508;-88.3861635154454;(((pow2((x + (-((_a3_ * _a0_)) + _a3_))) * pow2((pow2(_a0_) * _a7_))) + _a7_) * x);{'d0': {'_a0_': 1.1270792005337809, '_a3_': -2.4546086741145947, '_a7_': 1.4465760914599066, '_a1_': 1.0, '_a2_': 1.0, '_a4_': 1.0, '_a5_': 1.0, '_a6_': 1.0}};{'d0': 0.02490583291941665};-280.569866449044;51.89876970907626
25509;-88.3861635154454;(((pow2((x + (-((_a3_ * _a0_)) + _a3_))) * pow2((pow2(_a0_) * _a7_))) + _a7_) * x);{'d0': {'_a0_': 1.1270792005337809, '_a3_': -2.4546086741145947, '_a7_': 1.4465760914599066, '_a1_': 1.0, '_a2_': 1.0, '_a4_': 1.0, '_a5_': 1.0, '_a6_': 1.0}};{'d0': 0.02490583291941665};-280.569866449044;51.89876970907626
25510;-88.3861635154454;(((pow2((x + (-((_a3_ * _a0_)) + _a3_))) * pow2((pow2(_a0_) * _a7_))) + _a7_) * x);{'d0': {'_a0_': 1.1270792005337809, '_a3_': -2.4546086741145947, '_a7_': 1.4465760914599066, '_a1_': 1.0, '_a2_': 1.0, '_a4_': 1.0, '_a5_': 1.0, '_a6_': 1.0}};{'d0': 0.02490583291941665};-280.569866449044;51.89876970907626
25511;-88.3861635154454;(((pow2((x + (-((_a3_ * _a0_)) + _a3_))) * pow2((pow2(_a0_) * _a7_))) + _a7_) * x);{'d0': {'_a0_': 1.1270792005337809, '_a3_': -2.4546086741145947, '_a7_': 1.4465760914599066, '_a1_': 1.0, '_a2_': 1.0, '_a4_': 1.0, '_a5_': 1.0, '_a6_': 1.0}};{'d0': 0.02490583291941665};-280.569866449044;51.89876970907626
25512;-88.3861635154454;(((pow2((x + (-((_a3_ * _a0_)) + _a3_))) * pow2((pow2(_a0_) * _a7_))) + _a7_) * x);{'d0': {'_a0_': 1.1270792005337809, '_a3_': -2.4546086741145947, '_a7_': 1.4465760914599066, '_a1_': 1.0, '_a2_': 1.0, '_a4_': 1.0, '_a5_': 1.0, '_a6_': 1.0}};{'d0': 0.02490583291941665};-280.569866449044;51.89876970907626
25513;-88.3861635154454;(((pow2((x + (-((_a3_ * _a0_)) + _a3_))) * pow2((pow2(_a0_) * _a7_))) + _a7_) * x);{'d0': {'_a0_': 1.1270792005337809, '_a3_': -2.4546086741145947, '_a7_': 1.4465760914599066, '_a1_': 1.0, '_a2_': 1.0, '_a4_': 1.0, '_a5_': 1.0, '_a6_': 1.0}};{'d0': 0.02490583291941665};-280.569866449044;51.89876970907626
25514;-88.3861635154454;(((pow2((x + (-((_a3_ * _a0_)) + _a3_))) * pow2((pow2(_a0_) * _a7_))) + _a7_) * x);{'d0': {'_a0_': 1.1270792005337809, '_a3_': -2.4546086741145947, '_a7_': 1.4465760914599066, '_a1_': 1.0, '_a2_': 1.0, '_a4_': 1.0, '_a5_': 1.0, '_a6_': 1.0}};{'d0': 0.02490583291941665};-280.569866449044;51.89876970907626
25515;-101.112741789562;((_a5_ + (((_a5_ + x) * (_a3_ * x)) + _a2_)) * (x * _a7_));{'d0': {'_a2_': 18.504634646503714, '_a3_': 36.38728078288746, '_a5_': 0.6238594156074403, '_a7_': 0.09280054010998548, '_a0_': 1.0, '_a1_': 1.0, '_a4_': 1.0, '_a6_': 1.0}};{'d0': 0.024905832938397203};-276.475521841096;37.12501913098597
25516;-101.112741789562;((_a5_ + (((_a5_ + x) * (_a3_ * x)) + _a2_)) * (x * _a7_));{'d0': {'_a2_': 18.504634646503714, '_a3_': 36.38728078288746, '_a5_': 0.6238594156074403, '_a7_': 0.09280054010998548, '_a0_': 1.0, '_a1_': 1.0, '_a4_': 1.0, '_a6_': 1.0}};{'d0': 0.024905832938397203};-276.475521841096;37.12501913098597
25517;-101.112741789562;((_a5_ + (((_a5_ + x) * (_a3_ * x)) + _a2_)) * (x * _a7_));{'d0': {'_a2_': 18.504634646503714, '_a3_': 36.38728078288746, '_a5_': 0.6238594156074403, '_a7_': 0.09280054010998548, '_a0_': 1.0, '_a1_': 1.0, '_a4_': 1.0, '_a6_': 1.0}};{'d0': 0.024905832938397203};-276.475521841096;37.12501913098597
25518;-101.112741789562;((_a5_ + (((_a5_ + x) * (_a3_ * x)) + _a2_)) * (x * _a7_));{'d0': {'_a2_': 18.504634646503714, '_a3_': 36.38728078288746, '_a5_': 0.6238594156074403, '_a7_': 0.09280054010998548, '_a0_': 1.0, '_a1_': 1.0, '_a4_': 1.0, '_a6_': 1.0}};{'d0': 0.024905832938397203};-276.475521841096;37.12501913098597
25519;-101.112741789562;((_a5_ + (((_a5_ + x) * (_a3_ * x)) + _a2_)) * (x * _a7_));{'d0': {'_a2_': 18.504634646503714, '_a3_': 36.38728078288746, '_a5_': 0.6238594156074403, '_a7_': 0.09280054010998548, '_a0_': 1.0, '_a1_': 1.0, '_a4_': 1.0, '_a6_': 1.0}};{'d0': 0.024905832938397203};-276.475521841096;37.12501913098597
25520;-93.3355034409024;(((pow2((x + (-(_a7_) + _a3_))) * pow2((pow2(_a0_) * _a7_))) + _a7_) * x);{'d0': {'_a0_': -1.127079202016141, '_a3_': 1.7585057967987447, '_a7_': 1.4465760890312378, '_a1_': 1.0, '_a2_': 1.0, '_a4_': 1.0, '_a5_': 1.0, '_a6_': 1.0}};{'d0': 0.024905832919416605};-280.569866449044;46.949429783619266
25521;-93.3355034409024;(((pow2((x + (-(_a7_) + _a3_))) * pow2((pow2(_a0_) * _a7_))) + _a7_) * x);{'d0': {'_a0_': -1.127079202016141, '_a3_': 1.7585057967987447, '_a7_': 1.4465760890312378, '_a1_': 1.0, '_a2_': 1.0, '_a4_': 1.0, '_a5_': 1.0, '_a6_': 1.0}};{'d0': 0.024905832919416605};-280.569866449044;46.949429783619266
25522;-93.3355034409024;(((pow2((x + (-(_a7_) + _a3_))) * pow2((pow2(_a0_) * _a7_))) + _a7_) * x);{'d0': {'_a0_': -1.127079202016141, '_a3_': 1.7585057967987447, '_a7_': 1.4465760890312378, '_a1_': 1.0, '_a2_': 1.0, '_a4_': 1.0, '_a5_': 1.0, '_a6_': 1.0}};{'d0': 0.024905832919416605};-280.569866449044;46.949429783619266
25523;-97.0334379135124;(((pow2((x + (-(_a7_) + _a3_))) * pow2((_a5_ * _a7_))) + _a7_) * x);{'d0': {'_a3_': 1.7585057972649412, '_a5_': 1.2703075270407005, '_a7_': 1.4465760894659339, '_a0_': 1.0, '_a1_': 1.0, '_a2_': 1.0, '_a4_': 1.0, '_a6_': 1.0}};{'d0': 0.024905832919416674};-280.569866449043;43.251495311009265
25524;-97.0334379135124;(((pow2((x + (-(_a7_) + _a3_))) * pow2((_a5_ * _a7_))) + _a7_) * x);{'d0': {'_a3_': 1.7585057972649412, '_a5_': 1.2703075270407005, '_a7_': 1.4465760894659339, '_a0_': 1.0, '_a1_': 1.0, '_a2_': 1.0, '_a4_': 1.0, '_a6_': 1.0}};{'d0': 0.024905832919416674};-280.569866449043;43.251495311009265
25525;-97.0334379135124;(((pow2((x + (-(_a7_) + _a3_))) * pow2((_a5_ * _a7_))) + _a7_) * x);{'d0': {'_a3_': 1.7585057972649412, '_a5_': 1.2703075270407005, '_a7_': 1.4465760894659339, '_a0_': 1.0, '_a1_': 1.0, '_a2_': 1.0, '_a4_': 1.0, '_a6_': 1.0}};{'d0': 0.024905832919416674};-280.569866449043;43.251495311009265
25526;-97.0334379135124;(((pow2((x + (-(_a7_) + _a3_))) * pow2((_a5_ * _a7_))) + _a7_) * x);{'d0': {'_a3_': 1.7585057972649412, '_a5_': 1.2703075270407005, '_a7_': 1.4465760894659339, '_a0_': 1.0, '_a1_': 1.0, '_a2_': 1.0, '_a4_': 1.0, '_a6_': 1.0}};{'d0': 0.024905832919416674};-280.569866449043;43.251495311009265
25527;-97.0334379135124;(((pow2((x + (-(_a7_) + _a3_))) * pow2((_a5_ * _a7_))) + _a7_) * x);{'d0': {'_a3_': 1.7585057972649412, '_a5_': 1.2703075270407005, '_a7_': 1.4465760894659339, '_a0_': 1.0, '_a1_': 1.0, '_a2_': 1.0, '_a4_': 1.0, '_a6_': 1.0}};{'d0': 0.024905832919416674};-280.569866449043;43.251495311009265
25528;-97.0334379135124;(((pow2((x + (-(_a7_) + _a3_))) * pow2((_a5_ * _a7_))) + _a7_) * x);{'d0': {'_a3_': 1.7585057972649412, '_a5_': 1.2703075270407005, '_a7_': 1.4465760894659339, '_a0_': 1.0, '_a1_': 1.0, '_a2_': 1.0, '_a4_': 1.0, '_a6_': 1.0}};{'d0': 0.024905832919416674};-280.569866449043;43.251495311009265
25529;-97.0334379135124;(((pow2((x + (-(_a7_) + _a3_))) * pow2((_a5_ * _a7_))) + _a7_) * x);{'d0': {'_a3_': 1.7585057972649412, '_a5_': 1.2703075270407005, '_a7_': 1.4465760894659339, '_a0_': 1.0, '_a1_': 1.0, '_a2_': 1.0, '_a4_': 1.0, '_a6_': 1.0}};{'d0': 0.024905832919416674};-280.569866449043;43.251495311009265
25530;-97.0334379135124;(((pow2((x + (-(_a7_) + _a3_))) * pow2((_a5_ * _a7_))) + _a7_) * x);{'d0': {'_a3_': 1.7585057972649412, '_a5_': 1.2703075270407005, '_a7_': 1.4465760894659339, '_a0_': 1.0, '_a1_': 1.0, '_a2_': 1.0, '_a4_': 1.0, '_a6_': 1.0}};{'d0': 0.024905832919416674};-280.569866449043;43.251495311009265
25531;-97.0334379135124;(((pow2((x + (-(_a7_) + _a3_))) * pow2((_a5_ * _a7_))) + _a7_) * x);{'d0': {'_a3_': 1.7585057972649412, '_a5_': 1.2703075270407005, '_a7_': 1.4465760894659339, '_a0_': 1.0, '_a1_': 1.0, '_a2_': 1.0, '_a4_': 1.0, '_a6_': 1.0}};{'d0': 0.024905832919416674};-280.569866449043;43.251495311009265
25532;-101.112741789562;((_a5_ + (((_a5_ + x) * (_a3_ * x)) + _a2_)) * (x * _a7_));{'d0': {'_a2_': 18.504634646503714, '_a3_': 36.38728078288746, '_a5_': 0.6238594156074403, '_a7_': 0.09280054010998548, '_a0_': 1.0, '_a1_': 1.0, '_a4_': 1.0, '_a6_': 1.0}};{'d0': 0.024905832938397203};-276.475521841096;37.12501913098597
25533;-101.112741789562;((_a5_ + (((_a5_ + x) * (_a3_ * x)) + _a2_)) * (x * _a7_));{'d0': {'_a2_': 18.504634646503714, '_a3_': 36.38728078288746, '_a5_': 0.6238594156074403, '_a7_': 0.09280054010998548, '_a0_': 1.0, '_a1_': 1.0, '_a4_': 1.0, '_a6_': 1.0}};{'d0': 0.024905832938397203};-276.475521841096;37.12501913098597
25534;-101.112741789562;((_a5_ + (((_a5_ + x) * (_a3_ * x)) + _a2_)) * (x * _a7_));{'d0': {'_a2_': 18.504634646503714, '_a3_': 36.38728078288746, '_a5_': 0.6238594156074403, '_a7_': 0.09280054010998548, '_a0_': 1.0, '_a1_': 1.0, '_a4_': 1.0, '_a6_': 1.0}};{'d0': 0.024905832938397203};-276.475521841096;37.12501913098597
25535;-101.112741789562;((_a5_ + (((_a5_ + x) * (_a3_ * x)) + _a2_)) * (x * _a7_));{'d0': {'_a2_': 18.504634646503714, '_a3_': 36.38728078288746, '_a5_': 0.6238594156074403, '_a7_': 0.09280054010998548, '_a0_': 1.0, '_a1_': 1.0, '_a4_': 1.0, '_a6_': 1.0}};{'d0': 0.024905832938397203};-276.475521841096;37.12501913098597
25536;-101.112741789562;((_a5_ + (((_a5_ + x) * (_a3_ * x)) + _a2_)) * (x * _a7_));{'d0': {'_a2_': 18.504634646503714, '_a3_': 36.38728078288746, '_a5_': 0.6238594156074403, '_a7_': 0.09280054010998548, '_a0_': 1.0, '_a1_': 1.0, '_a4_': 1.0, '_a6_': 1.0}};{'d0': 0.024905832938397203};-276.475521841096;37.12501913098597
25537;-101.112741789562;((_a5_ + (((_a5_ + x) * (_a3_ * x)) + _a2_)) * (x * _a7_));{'d0': {'_a2_': 18.504634646503714, '_a3_': 36.38728078288746, '_a5_': 0.6238594156074403, '_a7_': 0.09280054010998548, '_a0_': 1.0, '_a1_': 1.0, '_a4_': 1.0, '_a6_': 1.0}};{'d0': 0.024905832938397203};-276.475521841096;37.12501913098597
25538;-101.112741789562;((_a5_ + (((_a5_ + x) * (_a3_ * x)) + _a2_)) * (x * _a7_));{'d0': {'_a2_': 18.504634646503714, '_a3_': 36.38728078288746, '_a5_': 0.6238594156074403, '_a7_': 0.09280054010998548, '_a0_': 1.0, '_a1_': 1.0, '_a4_': 1.0, '_a6_': 1.0}};{'d0': 0.024905832938397203};-276.475521841096;37.12501913098597
25539;-101.112741789562;((_a5_ + (((_a5_ + x) * (_a3_ * x)) + _a2_)) * (x * _a7_));{'d0': {'_a2_': 18.504634646503714, '_a3_': 36.38728078288746, '_a5_': 0.6238594156074403, '_a7_': 0.09280054010998548, '_a0_': 1.0, '_a1_': 1.0, '_a4_': 1.0, '_a6_': 1.0}};{'d0': 0.024905832938397203};-276.475521841096;37.12501913098597
25540;-101.112741789562;((_a5_ + (((_a5_ + x) * (_a3_ * x)) + _a2_)) * (x * _a7_));{'d0': {'_a2_': 18.504634646503714, '_a3_': 36.38728078288746, '_a5_': 0.6238594156074403, '_a7_': 0.09280054010998548, '_a0_': 1.0, '_a1_': 1.0, '_a4_': 1.0, '_a6_': 1.0}};{'d0': 0.024905832938397203};-276.475521841096;37.12501913098597
25541;-101.112741789562;((_a5_ + (((_a5_ + x) * (_a3_ * x)) + _a2_)) * (x * _a7_));{'d0': {'_a2_': 18.504634646503714, '_a3_': 36.38728078288746, '_a5_': 0.6238594156074403, '_a7_': 0.09280054010998548, '_a0_': 1.0, '_a1_': 1.0, '_a4_': 1.0, '_a6_': 1.0}};{'d0': 0.024905832938397203};-276.475521841096;37.12501913098597
25542;-101.112741789562;((_a5_ + (((_a5_ + x) * (_a3_ * x)) + _a2_)) * (x * _a7_));{'d0': {'_a2_': 18.504634646503714, '_a3_': 36.38728078288746, '_a5_': 0.6238594156074403, '_a7_': 0.09280054010998548, '_a0_': 1.0, '_a1_': 1.0, '_a4_': 1.0, '_a6_': 1.0}};{'d0': 0.024905832938397203};-276.475521841096;37.12501913098597
25543;-101.112741789562;((_a5_ + (((_a5_ + x) * (_a3_ * x)) + _a2_)) * (x * _a7_));{'d0': {'_a2_': 18.504634646503714, '_a3_': 36.38728078288746, '_a5_': 0.6238594156074403, '_a7_': 0.09280054010998548, '_a0_': 1.0, '_a1_': 1.0, '_a4_': 1.0, '_a6_': 1.0}};{'d0': 0.024905832938397203};-276.475521841096;37.12501913098597
25544;-101.112741789562;((_a5_ + (((_a5_ + x) * (_a3_ * x)) + _a2_)) * (x * _a7_));{'d0': {'_a2_': 18.504634646503714, '_a3_': 36.38728078288746, '_a5_': 0.6238594156074403, '_a7_': 0.09280054010998548, '_a0_': 1.0, '_a1_': 1.0, '_a4_': 1.0, '_a6_': 1.0}};{'d0': 0.024905832938397203};-276.475521841096;37.12501913098597
25545;-103.159914093536;((_a5_ + (((_a5_ + x) * (_a3_ * x)) + _a2_)) * (x * _a5_));{'d0': {'_a2_': 2.221549918544175, '_a3_': 5.4126952227322755, '_a5_': 0.6238594156059007, '_a0_': 1.0, '_a1_': 1.0, '_a4_': 1.0, '_a6_': 1.0, '_a7_': 1.0}};{'d0': 0.024905832919416615};-280.569866449044;37.12501913098597
25546;-103.159914093536;((_a5_ + (((_a5_ + x) * (_a3_ * x)) + _a2_)) * (x * _a5_));{'d0': {'_a2_': 2.221549918544175, '_a3_': 5.4126952227322755, '_a5_': 0.6238594156059007, '_a0_': 1.0, '_a1_': 1.0, '_a4_': 1.0, '_a6_': 1.0, '_a7_': 1.0}};{'d0': 0.024905832919416615};-280.569866449044;37.12501913098597
25547;-101.684646197346;((((_a3_ * x) + pow2(((x * pow2(_a2_)) * _a3_))) + _a0_) * x);{'d0': {'_a0_': 1.7751354043050505, '_a2_': 0.9339670527899581, '_a3_': 2.106624068349937, '_a1_': 1.0, '_a4_': 1.0, '_a5_': 1.0, '_a6_': 1.0, '_a7_': 1.0}};{'d0': 0.024905832919416608};-280.569866449044;38.6002870271761
25548;-101.684646197346;((((_a3_ * x) + pow2(((x * pow2(_a2_)) * _a3_))) + _a0_) * x);{'d0': {'_a0_': 1.7751354043050505, '_a2_': 0.9339670527899581, '_a3_': 2.106624068349937, '_a1_': 1.0, '_a4_': 1.0, '_a5_': 1.0, '_a6_': 1.0, '_a7_': 1.0}};{'d0': 0.024905832919416608};-280.569866449044;38.6002870271761
25549;-101.684646197346;((((_a3_ * x) + pow2(((x * pow2(_a2_)) * _a3_))) + _a0_) * x);{'d0': {'_a0_': 1.7751354043050505, '_a2_': 0.9339670527899581, '_a3_': 2.106624068349937, '_a1_': 1.0, '_a4_': 1.0, '_a5_': 1.0, '_a6_': 1.0, '_a7_': 1.0}};{'d0': 0.024905832919416608};-280.569866449044;38.6002870271761
25550;-105.382580669956;((((_a3_ * x) + pow2(((x * _a5_) * _a3_))) + _a0_) * x);{'d0': {'_a0_': 1.7751354042750804, '_a3_': 2.1066240675514076, '_a5_': 0.8722944559109513, '_a1_': 1.0, '_a2_': 1.0, '_a4_': 1.0, '_a6_': 1.0, '_a7_': 1.0}};{'d0': 0.024905832919416664};-280.569866449044;34.9023525545661
25551;-105.382580669956;((((_a3_ * x) + pow2(((x * _a5_) * _a3_))) + _a0_) * x);{'d0': {'_a0_': 1.7751354042750804, '_a3_': 2.1066240675514076, '_a5_': 0.8722944559109513, '_a1_': 1.0, '_a2_': 1.0, '_a4_': 1.0, '_a6_': 1.0, '_a7_': 1.0}};{'d0': 0.024905832919416664};-280.569866449044;34.9023525545661
25552;-105.382580669956;((((_a3_ * x) + pow2(((x * _a5_) * _a3_))) + _a0_) * x);{'d0': {'_a0_': 1.7751354042750804, '_a3_': 2.1066240675514076, '_a5_': 0.8722944559109513, '_a1_': 1.0, '_a2_': 1.0, '_a4_': 1.0, '_a6_': 1.0, '_a7_': 1.0}};{'d0': 0.024905832919416664};-280.569866449044;34.9023525545661
25553;-105.382580669956;((((_a3_ * x) + pow2(((x * _a2_) * _a3_))) + _a0_) * x);{'d0': {'_a0_': 1.775135404202155, '_a2_': 0.8722944557411172, '_a3_': 2.1066240682758304, '_a1_': 1.0, '_a4_': 1.0, '_a5_': 1.0, '_a6_': 1.0, '_a7_': 1.0}};{'d0': 0.024905832919416608};-280.569866449044;34.9023525545661
25554;-105.382580669956;((((_a3_ * x) + pow2(((x * _a2_) * _a3_))) + _a0_) * x);{'d0': {'_a0_': 1.775135404202155, '_a2_': 0.8722944557411172, '_a3_': 2.1066240682758304, '_a1_': 1.0, '_a4_': 1.0, '_a5_': 1.0, '_a6_': 1.0, '_a7_': 1.0}};{'d0': 0.024905832919416608};-280.569866449044;34.9023525545661
25555;-105.382580669956;((((_a3_ * x) + pow2(((x * _a2_) * _a3_))) + _a0_) * x);{'d0': {'_a0_': 1.775135404202155, '_a2_': 0.8722944557411172, '_a3_': 2.1066240682758304, '_a1_': 1.0, '_a4_': 1.0, '_a5_': 1.0, '_a6_': 1.0, '_a7_': 1.0}};{'d0': 0.024905832919416608};-280.569866449044;34.9023525545661
25556;-105.382580669956;((((_a3_ * x) + pow2(((x * _a2_) * _a3_))) + _a0_) * x);{'d0': {'_a0_': 1.775135404202155, '_a2_': 0.8722944557411172, '_a3_': 2.1066240682758304, '_a1_': 1.0, '_a4_': 1.0, '_a5_': 1.0, '_a6_': 1.0, '_a7_': 1.0}};{'d0': 0.024905832919416608};-280.569866449044;34.9023525545661
25557;-105.382580669956;((((_a3_ * x) + pow2(((x * _a2_) * _a3_))) + _a0_) * x);{'d0': {'_a0_': 1.775135404202155, '_a2_': 0.8722944557411172, '_a3_': 2.1066240682758304, '_a1_': 1.0, '_a4_': 1.0, '_a5_': 1.0, '_a6_': 1.0, '_a7_': 1.0}};{'d0': 0.024905832919416608};-280.569866449044;34.9023525545661
25558;-105.382580669956;((((_a3_ * x) + pow2(((x * _a2_) * _a3_))) + _a0_) * x);{'d0': {'_a0_': 1.775135404202155, '_a2_': 0.8722944557411172, '_a3_': 2.1066240682758304, '_a1_': 1.0, '_a4_': 1.0, '_a5_': 1.0, '_a6_': 1.0, '_a7_': 1.0}};{'d0': 0.024905832919416608};-280.569866449044;34.9023525545661
25559;-105.382580669956;((((_a3_ * x) + pow2(((x * _a2_) * _a3_))) + _a0_) * x);{'d0': {'_a0_': 1.775135404202155, '_a2_': 0.8722944557411172, '_a3_': 2.1066240682758304, '_a1_': 1.0, '_a4_': 1.0, '_a5_': 1.0, '_a6_': 1.0, '_a7_': 1.0}};{'d0': 0.024905832919416608};-280.569866449044;34.9023525545661
25560;-105.382580669956;((((_a3_ * x) + pow2(((x * _a2_) * _a3_))) + _a0_) * x);{'d0': {'_a0_': 1.775135404202155, '_a2_': 0.8722944557411172, '_a3_': 2.1066240682758304, '_a1_': 1.0, '_a4_': 1.0, '_a5_': 1.0, '_a6_': 1.0, '_a7_': 1.0}};{'d0': 0.024905832919416608};-280.569866449044;34.9023525545661
25561;-105.382580669956;((((_a3_ * x) + pow2(((x * _a2_) * _a3_))) + _a0_) * x);{'d0': {'_a0_': 1.775135404202155, '_a2_': 0.8722944557411172, '_a3_': 2.1066240682758304, '_a1_': 1.0, '_a4_': 1.0, '_a5_': 1.0, '_a6_': 1.0, '_a7_': 1.0}};{'d0': 0.024905832919416608};-280.569866449044;34.9023525545661
25562;-105.382580669956;((((_a3_ * x) + pow2(((x * _a2_) * _a3_))) + _a0_) * x);{'d0': {'_a0_': 1.775135404202155, '_a2_': 0.8722944557411172, '_a3_': 2.1066240682758304, '_a1_': 1.0, '_a4_': 1.0, '_a5_': 1.0, '_a6_': 1.0, '_a7_': 1.0}};{'d0': 0.024905832919416608};-280.569866449044;34.9023525545661
25563;-105.382580669956;((((_a3_ * x) + pow2(((x * _a2_) * _a3_))) + _a0_) * x);{'d0': {'_a0_': 1.775135404202155, '_a2_': 0.8722944557411172, '_a3_': 2.1066240682758304, '_a1_': 1.0, '_a4_': 1.0, '_a5_': 1.0, '_a6_': 1.0, '_a7_': 1.0}};{'d0': 0.024905832919416608};-280.569866449044;34.9023525545661
25564;-105.382580669956;((((_a3_ * x) + pow2(((x * _a2_) * _a3_))) + _a0_) * x);{'d0': {'_a0_': 1.775135404202155, '_a2_': 0.8722944557411172, '_a3_': 2.1066240682758304, '_a1_': 1.0, '_a4_': 1.0, '_a5_': 1.0, '_a6_': 1.0, '_a7_': 1.0}};{'d0': 0.024905832919416608};-280.569866449044;34.9023525545661
25565;-105.382580669956;((((_a3_ * x) + pow2(((x * _a2_) * _a3_))) + _a0_) * x);{'d0': {'_a0_': 1.775135404202155, '_a2_': 0.8722944557411172, '_a3_': 2.1066240682758304, '_a1_': 1.0, '_a4_': 1.0, '_a5_': 1.0, '_a6_': 1.0, '_a7_': 1.0}};{'d0': 0.024905832919416608};-280.569866449044;34.9023525545661
25566;-105.382580669956;((((_a3_ * x) + pow2(((x * _a2_) * _a3_))) + _a0_) * x);{'d0': {'_a0_': 1.775135404202155, '_a2_': 0.8722944557411172, '_a3_': 2.1066240682758304, '_a1_': 1.0, '_a4_': 1.0, '_a5_': 1.0, '_a6_': 1.0, '_a7_': 1.0}};{'d0': 0.024905832919416608};-280.569866449044;34.9023525545661
25567;-105.382580669956;((((_a3_ * x) + pow2(((x * _a2_) * _a3_))) + _a0_) * x);{'d0': {'_a0_': 1.775135404202155, '_a2_': 0.8722944557411172, '_a3_': 2.1066240682758304, '_a1_': 1.0, '_a4_': 1.0, '_a5_': 1.0, '_a6_': 1.0, '_a7_': 1.0}};{'d0': 0.024905832919416608};-280.569866449044;34.9023525545661
25568;-101.702633509695;((((-((x * (x + _a0_))) * _a5_) + _a4_) * x) * pow2(_a4_));{'d0': {'_a0_': 0.6238594157093877, '_a4_': 1.21081324215067, '_a5_': -2.3032760064198183, '_a1_': 1.0, '_a2_': 1.0, '_a3_': 1.0, '_a6_': 1.0, '_a7_': 1.0}};{'d0': 0.024905832919416712};-280.569866449043;38.58229971482643
25569;-101.702633509695;((((-((x * (x + _a0_))) * _a5_) + _a4_) * x) * pow2(_a4_));{'d0': {'_a0_': 0.6238594157093877, '_a4_': 1.21081324215067, '_a5_': -2.3032760064198183, '_a1_': 1.0, '_a2_': 1.0, '_a3_': 1.0, '_a6_': 1.0, '_a7_': 1.0}};{'d0': 0.024905832919416712};-280.569866449043;38.58229971482643
25570;-101.702633509695;((((-((x * (x + _a0_))) * _a5_) + _a4_) * x) * pow2(_a4_));{'d0': {'_a0_': 0.6238594157093877, '_a4_': 1.21081324215067, '_a5_': -2.3032760064198183, '_a1_': 1.0, '_a2_': 1.0, '_a3_': 1.0, '_a6_': 1.0, '_a7_': 1.0}};{'d0': 0.024905832919416712};-280.569866449043;38.58229971482643
25571;-101.702633509695;((((-((x * (x + _a0_))) * _a5_) + _a4_) * x) * pow2(_a4_));{'d0': {'_a0_': 0.6238594157093877, '_a4_': 1.21081324215067, '_a5_': -2.3032760064198183, '_a1_': 1.0, '_a2_': 1.0, '_a3_': 1.0, '_a6_': 1.0, '_a7_': 1.0}};{'d0': 0.024905832919416712};-280.569866449043;38.58229971482643
25572;-101.702633509695;((((-((x * (x + _a0_))) * _a5_) + _a4_) * x) * pow2(_a4_));{'d0': {'_a0_': 0.6238594157093877, '_a4_': 1.21081324215067, '_a5_': -2.3032760064198183, '_a1_': 1.0, '_a2_': 1.0, '_a3_': 1.0, '_a6_': 1.0, '_a7_': 1.0}};{'d0': 0.024905832919416712};-280.569866449043;38.58229971482643
25573;-101.702633509695;((((-((x * (x + _a0_))) * _a5_) + _a4_) * x) * pow2(_a4_));{'d0': {'_a0_': 0.6238594157093877, '_a4_': 1.21081324215067, '_a5_': -2.3032760064198183, '_a1_': 1.0, '_a2_': 1.0, '_a3_': 1.0, '_a6_': 1.0, '_a7_': 1.0}};{'d0': 0.024905832919416712};-280.569866449043;38.58229971482643
25574;-101.702633509695;((((-((x * (x + _a0_))) * _a5_) + _a4_) * x) * pow2(_a4_));{'d0': {'_a0_': 0.6238594157093877, '_a4_': 1.21081324215067, '_a5_': -2.3032760064198183, '_a1_': 1.0, '_a2_': 1.0, '_a3_': 1.0, '_a6_': 1.0, '_a7_': 1.0}};{'d0': 0.024905832919416712};-280.569866449043;38.58229971482643
25575;-101.702633509695;((((-((x * (x + _a0_))) * _a5_) + _a4_) * x) * pow2(_a4_));{'d0': {'_a0_': 0.6238594157093877, '_a4_': 1.21081324215067, '_a5_': -2.3032760064198183, '_a1_': 1.0, '_a2_': 1.0, '_a3_': 1.0, '_a6_': 1.0, '_a7_': 1.0}};{'d0': 0.024905832919416712};-280.569866449043;38.58229971482643
25576;-101.702633509695;((((-((x * (x + _a0_))) * _a5_) + _a4_) * x) * pow2(_a4_));{'d0': {'_a0_': 0.6238594157093877, '_a4_': 1.21081324215067, '_a5_': -2.3032760064198183, '_a1_': 1.0, '_a2_': 1.0, '_a3_': 1.0, '_a6_': 1.0, '_a7_': 1.0}};{'d0': 0.024905832919416712};-280.569866449043;38.58229971482643
25577;-101.702633509695;((((-((x * (x + _a0_))) * _a5_) + _a4_) * x) * pow2(_a4_));{'d0': {'_a0_': 0.6238594157093877, '_a4_': 1.21081324215067, '_a5_': -2.3032760064198183, '_a1_': 1.0, '_a2_': 1.0, '_a3_': 1.0, '_a6_': 1.0, '_a7_': 1.0}};{'d0': 0.024905832919416712};-280.569866449043;38.58229971482643
25578;-101.702633509695;((((-((x * (x + _a0_))) * _a5_) + _a4_) * x) * pow2(_a4_));{'d0': {'_a0_': 0.6238594157093877, '_a4_': 1.21081324215067, '_a5_': -2.3032760064198183, '_a1_': 1.0, '_a2_': 1.0, '_a3_': 1.0, '_a6_': 1.0, '_a7_': 1.0}};{'d0': 0.024905832919416712};-280.569866449043;38.58229971482643
25579;-101.702633509695;((((-((x * (x + _a0_))) * _a5_) + _a4_) * x) * pow2(_a4_));{'d0': {'_a0_': 0.6238594157093877, '_a4_': 1.21081324215067, '_a5_': -2.3032760064198183, '_a1_': 1.0, '_a2_': 1.0, '_a3_': 1.0, '_a6_': 1.0, '_a7_': 1.0}};{'d0': 0.024905832919416712};-280.569866449043;38.58229971482643
25580;-101.702633509695;((((-((x * (x + _a0_))) * _a5_) + _a4_) * x) * pow2(_a4_));{'d0': {'_a0_': 0.6238594157093877, '_a4_': 1.21081324215067, '_a5_': -2.3032760064198183, '_a1_': 1.0, '_a2_': 1.0, '_a3_': 1.0, '_a6_': 1.0, '_a7_': 1.0}};{'d0': 0.024905832919416712};-280.569866449043;38.58229971482643
25581;-101.702633509695;((((-((x * (x + _a0_))) * _a5_) + _a4_) * x) * pow2(_a4_));{'d0': {'_a0_': 0.6238594157093877, '_a4_': 1.21081324215067, '_a5_': -2.3032760064198183, '_a1_': 1.0, '_a2_': 1.0, '_a3_': 1.0, '_a6_': 1.0, '_a7_': 1.0}};{'d0': 0.024905832919416712};-280.569866449043;38.58229971482643
25582;-101.702633509695;((((-((x * (x + _a0_))) * _a5_) + _a4_) * x) * pow2(_a4_));{'d0': {'_a0_': 0.6238594157093877, '_a4_': 1.21081324215067, '_a5_': -2.3032760064198183, '_a1_': 1.0, '_a2_': 1.0, '_a3_': 1.0, '_a6_': 1.0, '_a7_': 1.0}};{'d0': 0.024905832919416712};-280.569866449043;38.58229971482643
25583;-101.702633509695;((((-((x * (x + _a0_))) * _a5_) + _a4_) * x) * pow2(_a4_));{'d0': {'_a0_': 0.6238594157093877, '_a4_': 1.21081324215067, '_a5_': -2.3032760064198183, '_a1_': 1.0, '_a2_': 1.0, '_a3_': 1.0, '_a6_': 1.0, '_a7_': 1.0}};{'d0': 0.024905832919416712};-280.569866449043;38.58229971482643
25584;-101.702633509695;((((-((x * (x + _a0_))) * _a5_) + _a4_) * x) * pow2(_a4_));{'d0': {'_a0_': 0.6238594157093877, '_a4_': 1.21081324215067, '_a5_': -2.3032760064198183, '_a1_': 1.0, '_a2_': 1.0, '_a3_': 1.0, '_a6_': 1.0, '_a7_': 1.0}};{'d0': 0.024905832919416712};-280.569866449043;38.58229971482643
25585;-101.702633509695;((((-((x * (x + _a0_))) * _a5_) + _a4_) * x) * pow2(_a4_));{'d0': {'_a0_': 0.6238594157093877, '_a4_': 1.21081324215067, '_a5_': -2.3032760064198183, '_a1_': 1.0, '_a2_': 1.0, '_a3_': 1.0, '_a6_': 1.0, '_a7_': 1.0}};{'d0': 0.024905832919416712};-280.569866449043;38.58229971482643
25586;-101.702633509695;((((-((x * (x + _a0_))) * _a5_) + _a4_) * x) * pow2(_a4_));{'d0': {'_a0_': 0.6238594157093877, '_a4_': 1.21081324215067, '_a5_': -2.3032760064198183, '_a1_': 1.0, '_a2_': 1.0, '_a3_': 1.0, '_a6_': 1.0, '_a7_': 1.0}};{'d0': 0.024905832919416712};-280.569866449043;38.58229971482643
25587;-101.702633509695;((((-((x * (x + _a0_))) * _a5_) + _a4_) * x) * pow2(_a4_));{'d0': {'_a0_': 0.6238594157093877, '_a4_': 1.21081324215067, '_a5_': -2.3032760064198183, '_a1_': 1.0, '_a2_': 1.0, '_a3_': 1.0, '_a6_': 1.0, '_a7_': 1.0}};{'d0': 0.024905832919416712};-280.569866449043;38.58229971482643
25588;-101.702633509695;((((-((x * (x + _a0_))) * _a5_) + _a4_) * x) * pow2(_a4_));{'d0': {'_a0_': 0.6238594157093877, '_a4_': 1.21081324215067, '_a5_': -2.3032760064198183, '_a1_': 1.0, '_a2_': 1.0, '_a3_': 1.0, '_a6_': 1.0, '_a7_': 1.0}};{'d0': 0.024905832919416712};-280.569866449043;38.58229971482643
25589;-101.702633509695;((((-((x * (x + _a0_))) * _a5_) + _a4_) * x) * pow2(_a4_));{'d0': {'_a0_': 0.6238594157093877, '_a4_': 1.21081324215067, '_a5_': -2.3032760064198183, '_a1_': 1.0, '_a2_': 1.0, '_a3_': 1.0, '_a6_': 1.0, '_a7_': 1.0}};{'d0': 0.024905832919416712};-280.569866449043;38.58229971482643
25590;-101.702633509695;((((-((x * (x + _a0_))) * _a5_) + _a4_) * x) * pow2(_a4_));{'d0': {'_a0_': 0.6238594157093877, '_a4_': 1.21081324215067, '_a5_': -2.3032760064198183, '_a1_': 1.0, '_a2_': 1.0, '_a3_': 1.0, '_a6_': 1.0, '_a7_': 1.0}};{'d0': 0.024905832919416712};-280.569866449043;38.58229971482643
25591;-101.702633509695;((((-((x * (x + _a0_))) * _a5_) + _a4_) * x) * pow2(_a4_));{'d0': {'_a0_': 0.6238594157093877, '_a4_': 1.21081324215067, '_a5_': -2.3032760064198183, '_a1_': 1.0, '_a2_': 1.0, '_a3_': 1.0, '_a6_': 1.0, '_a7_': 1.0}};{'d0': 0.024905832919416712};-280.569866449043;38.58229971482643
25592;-101.702633509695;((((-((x * (x + _a0_))) * _a5_) + _a4_) * x) * pow2(_a4_));{'d0': {'_a0_': 0.6238594157093877, '_a4_': 1.21081324215067, '_a5_': -2.3032760064198183, '_a1_': 1.0, '_a2_': 1.0, '_a3_': 1.0, '_a6_': 1.0, '_a7_': 1.0}};{'d0': 0.024905832919416712};-280.569866449043;38.58229971482643
25593;-101.702633509695;((((-((x * (x + _a0_))) * _a5_) + _a4_) * x) * pow2(_a4_));{'d0': {'_a0_': 0.6238594157093877, '_a4_': 1.21081324215067, '_a5_': -2.3032760064198183, '_a1_': 1.0, '_a2_': 1.0, '_a3_': 1.0, '_a6_': 1.0, '_a7_': 1.0}};{'d0': 0.024905832919416712};-280.569866449043;38.58229971482643
25594;-101.702633509695;((((-((x * (x + _a0_))) * _a5_) + _a4_) * x) * pow2(_a4_));{'d0': {'_a0_': 0.6238594157093877, '_a4_': 1.21081324215067, '_a5_': -2.3032760064198183, '_a1_': 1.0, '_a2_': 1.0, '_a3_': 1.0, '_a6_': 1.0, '_a7_': 1.0}};{'d0': 0.024905832919416712};-280.569866449043;38.58229971482643
25595;-101.702633509695;((((-((x * (x + _a0_))) * _a5_) + _a4_) * x) * pow2(_a4_));{'d0': {'_a0_': 0.6238594157093877, '_a4_': 1.21081324215067, '_a5_': -2.3032760064198183, '_a1_': 1.0, '_a2_': 1.0, '_a3_': 1.0, '_a6_': 1.0, '_a7_': 1.0}};{'d0': 0.024905832919416712};-280.569866449043;38.58229971482643
25596;-101.702633509695;((((-((x * (x + _a0_))) * _a5_) + _a4_) * x) * pow2(_a4_));{'d0': {'_a0_': 0.6238594157093877, '_a4_': 1.21081324215067, '_a5_': -2.3032760064198183, '_a1_': 1.0, '_a2_': 1.0, '_a3_': 1.0, '_a6_': 1.0, '_a7_': 1.0}};{'d0': 0.024905832919416712};-280.569866449043;38.58229971482643
25597;-101.702633509695;((((-((x * (x + _a0_))) * _a5_) + _a4_) * x) * pow2(_a4_));{'d0': {'_a0_': 0.6238594157093877, '_a4_': 1.21081324215067, '_a5_': -2.3032760064198183, '_a1_': 1.0, '_a2_': 1.0, '_a3_': 1.0, '_a6_': 1.0, '_a7_': 1.0}};{'d0': 0.024905832919416712};-280.569866449043;38.58229971482643
25598;-101.702633509695;((((-((x * (x + _a0_))) * _a5_) + _a4_) * x) * pow2(_a4_));{'d0': {'_a0_': 0.6238594157093877, '_a4_': 1.21081324215067, '_a5_': -2.3032760064198183, '_a1_': 1.0, '_a2_': 1.0, '_a3_': 1.0, '_a6_': 1.0, '_a7_': 1.0}};{'d0': 0.024905832919416712};-280.569866449043;38.58229971482643
25599;-101.702633509695;((((-((x * (x + _a0_))) * _a5_) + _a4_) * x) * pow2(_a4_));{'d0': {'_a0_': 0.6238594157093877, '_a4_': 1.21081324215067, '_a5_': -2.3032760064198183, '_a1_': 1.0, '_a2_': 1.0, '_a3_': 1.0, '_a6_': 1.0, '_a7_': 1.0}};{'d0': 0.024905832919416712};-280.569866449043;38.58229971482643
25600;-101.702633509695;((((-((x * (x + _a0_))) * _a5_) + _a4_) * x) * pow2(_a4_));{'d0': {'_a0_': 0.6238594157093877, '_a4_': 1.21081324215067, '_a5_': -2.3032760064198183, '_a1_': 1.0, '_a2_': 1.0, '_a3_': 1.0, '_a6_': 1.0, '_a7_': 1.0}};{'d0': 0.024905832919416712};-280.569866449043;38.58229971482643
25601;-101.702633509695;((((-((x * (x + _a0_))) * _a5_) + _a4_) * x) * pow2(_a4_));{'d0': {'_a0_': 0.6238594157093877, '_a4_': 1.21081324215067, '_a5_': -2.3032760064198183, '_a1_': 1.0, '_a2_': 1.0, '_a3_': 1.0, '_a6_': 1.0, '_a7_': 1.0}};{'d0': 0.024905832919416712};-280.569866449043;38.58229971482643
25602;-101.702633509696;((((-((x * (x + _a0_))) * _a1_) + _a4_) * x) * pow2(_a4_));{'d0': {'_a0_': 0.6238594155492546, '_a1_': -2.30327600764339, '_a4_': 1.2108132420188529, '_a2_': 1.0, '_a3_': 1.0, '_a5_': 1.0, '_a6_': 1.0, '_a7_': 1.0}};{'d0': 0.024905832919416677};-280.569866449043;38.58229971482643
25603;-101.702633509696;((((-((x * (x + _a0_))) * _a1_) + _a4_) * x) * pow2(_a4_));{'d0': {'_a0_': 0.6238594155492546, '_a1_': -2.30327600764339, '_a4_': 1.2108132420188529, '_a2_': 1.0, '_a3_': 1.0, '_a5_': 1.0, '_a6_': 1.0, '_a7_': 1.0}};{'d0': 0.024905832919416677};-280.569866449043;38.58229971482643
25604;-101.702633509696;((((-((x * (x + _a0_))) * _a1_) + _a4_) * x) * pow2(_a4_));{'d0': {'_a0_': 0.6238594155492546, '_a1_': -2.30327600764339, '_a4_': 1.2108132420188529, '_a2_': 1.0, '_a3_': 1.0, '_a5_': 1.0, '_a6_': 1.0, '_a7_': 1.0}};{'d0': 0.024905832919416677};-280.569866449043;38.58229971482643
25605;-101.702633509696;((((-((x * (x + _a0_))) * _a1_) + _a4_) * x) * pow2(_a4_));{'d0': {'_a0_': 0.6238594155492546, '_a1_': -2.30327600764339, '_a4_': 1.2108132420188529, '_a2_': 1.0, '_a3_': 1.0, '_a5_': 1.0, '_a6_': 1.0, '_a7_': 1.0}};{'d0': 0.024905832919416677};-280.569866449043;38.58229971482643
25606;-101.702633509696;((((-((x * (x + _a0_))) * _a1_) + _a4_) * x) * pow2(_a4_));{'d0': {'_a0_': 0.6238594155492546, '_a1_': -2.30327600764339, '_a4_': 1.2108132420188529, '_a2_': 1.0, '_a3_': 1.0, '_a5_': 1.0, '_a6_': 1.0, '_a7_': 1.0}};{'d0': 0.024905832919416677};-280.569866449043;38.58229971482643
25607;-101.702633509696;((((-((x * (x + _a0_))) * _a1_) + _a4_) * x) * pow2(_a4_));{'d0': {'_a0_': 0.6238594155492546, '_a1_': -2.30327600764339, '_a4_': 1.2108132420188529, '_a2_': 1.0, '_a3_': 1.0, '_a5_': 1.0, '_a6_': 1.0, '_a7_': 1.0}};{'d0': 0.024905832919416677};-280.569866449043;38.58229971482643
25608;-101.702633509696;((((-((x * (x + _a0_))) * _a1_) + _a4_) * x) * pow2(_a4_));{'d0': {'_a0_': 0.6238594155492546, '_a1_': -2.30327600764339, '_a4_': 1.2108132420188529, '_a2_': 1.0, '_a3_': 1.0, '_a5_': 1.0, '_a6_': 1.0, '_a7_': 1.0}};{'d0': 0.024905832919416677};-280.569866449043;38.58229971482643
25609;-101.702633509696;((((-((x * (x + _a0_))) * _a1_) + _a4_) * x) * pow2(_a4_));{'d0': {'_a0_': 0.6238594155492546, '_a1_': -2.30327600764339, '_a4_': 1.2108132420188529, '_a2_': 1.0, '_a3_': 1.0, '_a5_': 1.0, '_a6_': 1.0, '_a7_': 1.0}};{'d0': 0.024905832919416677};-280.569866449043;38.58229971482643
25610;-101.702633509696;((((-((x * (x + _a0_))) * _a1_) + _a4_) * x) * pow2(_a4_));{'d0': {'_a0_': 0.6238594155492546, '_a1_': -2.30327600764339, '_a4_': 1.2108132420188529, '_a2_': 1.0, '_a3_': 1.0, '_a5_': 1.0, '_a6_': 1.0, '_a7_': 1.0}};{'d0': 0.024905832919416677};-280.569866449043;38.58229971482643
25611;-101.702633509696;((((-((x * (x + _a0_))) * _a1_) + _a4_) * x) * pow2(_a4_));{'d0': {'_a0_': 0.6238594155492546, '_a1_': -2.30327600764339, '_a4_': 1.2108132420188529, '_a2_': 1.0, '_a3_': 1.0, '_a5_': 1.0, '_a6_': 1.0, '_a7_': 1.0}};{'d0': 0.024905832919416677};-280.569866449043;38.58229971482643
25612;-101.702633509696;((((-((x * (x + _a0_))) * _a1_) + _a4_) * x) * pow2(_a4_));{'d0': {'_a0_': 0.6238594155492546, '_a1_': -2.30327600764339, '_a4_': 1.2108132420188529, '_a2_': 1.0, '_a3_': 1.0, '_a5_': 1.0, '_a6_': 1.0, '_a7_': 1.0}};{'d0': 0.024905832919416677};-280.569866449043;38.58229971482643
25613;-101.702633509696;((((-((x * (x + _a0_))) * _a1_) + _a4_) * x) * pow2(_a4_));{'d0': {'_a0_': 0.6238594155492546, '_a1_': -2.30327600764339, '_a4_': 1.2108132420188529, '_a2_': 1.0, '_a3_': 1.0, '_a5_': 1.0, '_a6_': 1.0, '_a7_': 1.0}};{'d0': 0.024905832919416677};-280.569866449043;38.58229971482643
25614;-101.702633509696;((((-((x * (x + _a0_))) * _a1_) + _a4_) * x) * pow2(_a4_));{'d0': {'_a0_': 0.6238594155492546, '_a1_': -2.30327600764339, '_a4_': 1.2108132420188529, '_a2_': 1.0, '_a3_': 1.0, '_a5_': 1.0, '_a6_': 1.0, '_a7_': 1.0}};{'d0': 0.024905832919416677};-280.569866449043;38.58229971482643
25615;-101.702633509696;((((-((x * (x + _a0_))) * _a1_) + _a4_) * x) * pow2(_a4_));{'d0': {'_a0_': 0.6238594155492546, '_a1_': -2.30327600764339, '_a4_': 1.2108132420188529, '_a2_': 1.0, '_a3_': 1.0, '_a5_': 1.0, '_a6_': 1.0, '_a7_': 1.0}};{'d0': 0.024905832919416677};-280.569866449043;38.58229971482643
25616;-101.702633509696;((((-((x * (x + _a0_))) * _a1_) + _a4_) * x) * pow2(_a4_));{'d0': {'_a0_': 0.6238594155492546, '_a1_': -2.30327600764339, '_a4_': 1.2108132420188529, '_a2_': 1.0, '_a3_': 1.0, '_a5_': 1.0, '_a6_': 1.0, '_a7_': 1.0}};{'d0': 0.024905832919416677};-280.569866449043;38.58229971482643
25617;-101.702633509696;((((-((x * (x + _a0_))) * _a1_) + _a4_) * x) * pow2(_a4_));{'d0': {'_a0_': 0.6238594155492546, '_a1_': -2.30327600764339, '_a4_': 1.2108132420188529, '_a2_': 1.0, '_a3_': 1.0, '_a5_': 1.0, '_a6_': 1.0, '_a7_': 1.0}};{'d0': 0.024905832919416677};-280.569866449043;38.58229971482643
25618;-101.702633509696;((((-((x * (x + _a0_))) * _a1_) + _a4_) * x) * pow2(_a4_));{'d0': {'_a0_': 0.6238594155492546, '_a1_': -2.30327600764339, '_a4_': 1.2108132420188529, '_a2_': 1.0, '_a3_': 1.0, '_a5_': 1.0, '_a6_': 1.0, '_a7_': 1.0}};{'d0': 0.024905832919416677};-280.569866449043;38.58229971482643
25619;-101.702633509696;((((-((x * (x + _a0_))) * _a1_) + _a4_) * x) * pow2(_a4_));{'d0': {'_a0_': 0.6238594155492546, '_a1_': -2.30327600764339, '_a4_': 1.2108132420188529, '_a2_': 1.0, '_a3_': 1.0, '_a5_': 1.0, '_a6_': 1.0, '_a7_': 1.0}};{'d0': 0.024905832919416677};-280.569866449043;38.58229971482643
25620;-101.702633509696;((((-((x * (x + _a0_))) * _a1_) + _a4_) * x) * pow2(_a4_));{'d0': {'_a0_': 0.6238594155492546, '_a1_': -2.30327600764339, '_a4_': 1.2108132420188529, '_a2_': 1.0, '_a3_': 1.0, '_a5_': 1.0, '_a6_': 1.0, '_a7_': 1.0}};{'d0': 0.024905832919416677};-280.569866449043;38.58229971482643
25621;-101.702633509696;((((-((x * (x + _a0_))) * _a1_) + _a4_) * x) * pow2(_a4_));{'d0': {'_a0_': 0.6238594155492546, '_a1_': -2.30327600764339, '_a4_': 1.2108132420188529, '_a2_': 1.0, '_a3_': 1.0, '_a5_': 1.0, '_a6_': 1.0, '_a7_': 1.0}};{'d0': 0.024905832919416677};-280.569866449043;38.58229971482643
25622;-101.702633509696;((((-((x * (x + _a0_))) * _a1_) + _a4_) * x) * pow2(_a4_));{'d0': {'_a0_': 0.6238594155492546, '_a1_': -2.30327600764339, '_a4_': 1.2108132420188529, '_a2_': 1.0, '_a3_': 1.0, '_a5_': 1.0, '_a6_': 1.0, '_a7_': 1.0}};{'d0': 0.024905832919416677};-280.569866449043;38.58229971482643
25623;-101.702633509696;((((-((x * (x + _a0_))) * _a1_) + _a4_) * x) * pow2(_a4_));{'d0': {'_a0_': 0.6238594155492546, '_a1_': -2.30327600764339, '_a4_': 1.2108132420188529, '_a2_': 1.0, '_a3_': 1.0, '_a5_': 1.0, '_a6_': 1.0, '_a7_': 1.0}};{'d0': 0.024905832919416677};-280.569866449043;38.58229971482643
25624;-101.702633509696;((((-((x * (x + _a0_))) * _a1_) + _a4_) * x) * pow2(_a4_));{'d0': {'_a0_': 0.6238594155492546, '_a1_': -2.30327600764339, '_a4_': 1.2108132420188529, '_a2_': 1.0, '_a3_': 1.0, '_a5_': 1.0, '_a6_': 1.0, '_a7_': 1.0}};{'d0': 0.024905832919416677};-280.569866449043;38.58229971482643
25625;-96.0796375382337;(((x * ((x * _a6_) + (_a4_ + (exp(_a1_) ** _a6_)))) + _a1_) * x);{'d0': {'_a1_': 1.775135409989392, '_a4_': -398.9921594929455, '_a6_': 3.3767608410169063, '_a0_': 1.0, '_a2_': 1.0, '_a3_': 1.0, '_a5_': 1.0, '_a7_': 1.0}};{'d0': 0.0249058329194161};-280.569866449045;44.20529568628903
25626;-96.0796375382337;(((x * ((x * _a6_) + (_a4_ + (exp(_a1_) ** _a6_)))) + _a1_) * x);{'d0': {'_a1_': 1.775135409989392, '_a4_': -398.9921594929455, '_a6_': 3.3767608410169063, '_a0_': 1.0, '_a2_': 1.0, '_a3_': 1.0, '_a5_': 1.0, '_a7_': 1.0}};{'d0': 0.0249058329194161};-280.569866449045;44.20529568628903
25627;-96.0796375382337;(((x * ((x * _a6_) + (_a4_ + (exp(_a1_) ** _a6_)))) + _a1_) * x);{'d0': {'_a1_': 1.775135409989392, '_a4_': -398.9921594929455, '_a6_': 3.3767608410169063, '_a0_': 1.0, '_a2_': 1.0, '_a3_': 1.0, '_a5_': 1.0, '_a7_': 1.0}};{'d0': 0.0249058329194161};-280.569866449045;44.20529568628903
25628;-96.0796375382337;(((x * ((x * _a6_) + (_a4_ + (exp(_a1_) ** _a6_)))) + _a1_) * x);{'d0': {'_a1_': 1.775135409989392, '_a4_': -398.9921594929455, '_a6_': 3.3767608410169063, '_a0_': 1.0, '_a2_': 1.0, '_a3_': 1.0, '_a5_': 1.0, '_a7_': 1.0}};{'d0': 0.0249058329194161};-280.569866449045;44.20529568628903
25629;-96.0796375382337;(((x * ((x * _a6_) + (_a4_ + (exp(_a1_) ** _a6_)))) + _a1_) * x);{'d0': {'_a1_': 1.775135409989392, '_a4_': -398.9921594929455, '_a6_': 3.3767608410169063, '_a0_': 1.0, '_a2_': 1.0, '_a3_': 1.0, '_a5_': 1.0, '_a7_': 1.0}};{'d0': 0.0249058329194161};-280.569866449045;44.20529568628903
25630;-96.0796375382337;(((x * ((x * _a6_) + (_a4_ + (exp(_a1_) ** _a6_)))) + _a1_) * x);{'d0': {'_a1_': 1.775135409989392, '_a4_': -398.9921594929455, '_a6_': 3.3767608410169063, '_a0_': 1.0, '_a2_': 1.0, '_a3_': 1.0, '_a5_': 1.0, '_a7_': 1.0}};{'d0': 0.0249058329194161};-280.569866449045;44.20529568628903
25631;-96.0796375382337;(((x * ((x * _a6_) + (_a4_ + (exp(_a1_) ** _a6_)))) + _a1_) * x);{'d0': {'_a1_': 1.775135409989392, '_a4_': -398.9921594929455, '_a6_': 3.3767608410169063, '_a0_': 1.0, '_a2_': 1.0, '_a3_': 1.0, '_a5_': 1.0, '_a7_': 1.0}};{'d0': 0.0249058329194161};-280.569866449045;44.20529568628903
25632;-96.0796375382337;(((x * ((x * _a6_) + (_a4_ + (exp(_a1_) ** _a6_)))) + _a1_) * x);{'d0': {'_a1_': 1.775135409989392, '_a4_': -398.9921594929455, '_a6_': 3.3767608410169063, '_a0_': 1.0, '_a2_': 1.0, '_a3_': 1.0, '_a5_': 1.0, '_a7_': 1.0}};{'d0': 0.0249058329194161};-280.569866449045;44.20529568628903
25633;-96.0796375382337;(((x * ((x * _a6_) + (_a4_ + (exp(_a1_) ** _a6_)))) + _a1_) * x);{'d0': {'_a1_': 1.775135409989392, '_a4_': -398.9921594929455, '_a6_': 3.3767608410169063, '_a0_': 1.0, '_a2_': 1.0, '_a3_': 1.0, '_a5_': 1.0, '_a7_': 1.0}};{'d0': 0.0249058329194161};-280.569866449045;44.20529568628903
25634;-96.0796375382337;(((x * ((x * _a6_) + (_a4_ + (exp(_a1_) ** _a6_)))) + _a1_) * x);{'d0': {'_a1_': 1.775135409989392, '_a4_': -398.9921594929455, '_a6_': 3.3767608410169063, '_a0_': 1.0, '_a2_': 1.0, '_a3_': 1.0, '_a5_': 1.0, '_a7_': 1.0}};{'d0': 0.0249058329194161};-280.569866449045;44.20529568628903
25635;-96.0796375382337;(((x * ((x * _a6_) + (_a4_ + (exp(_a1_) ** _a6_)))) + _a1_) * x);{'d0': {'_a1_': 1.775135409989392, '_a4_': -398.9921594929455, '_a6_': 3.3767608410169063, '_a0_': 1.0, '_a2_': 1.0, '_a3_': 1.0, '_a5_': 1.0, '_a7_': 1.0}};{'d0': 0.0249058329194161};-280.569866449045;44.20529568628903
25636;-96.0796375382337;(((x * ((x * _a6_) + (_a4_ + (exp(_a1_) ** _a6_)))) + _a1_) * x);{'d0': {'_a1_': 1.775135409989392, '_a4_': -398.9921594929455, '_a6_': 3.3767608410169063, '_a0_': 1.0, '_a2_': 1.0, '_a3_': 1.0, '_a5_': 1.0, '_a7_': 1.0}};{'d0': 0.0249058329194161};-280.569866449045;44.20529568628903
25637;-95.4676262217406;((((_a3_ * x) + pow2(((x * _a2_) / _a4_))) + pow2(exp(_a4_))) * x);{'d0': {'_a2_': 0.5272769104189708, '_a3_': 2.1066240691386113, '_a4_': 0.28693835226647885, '_a0_': 1.0, '_a1_': 1.0, '_a5_': 1.0, '_a6_': 1.0, '_a7_': 1.0}};{'d0': 0.024905832919416615};-280.569866449044;44.8173070027815
25638;-95.4676262217406;((((_a3_ * x) + pow2(((x * _a2_) / _a4_))) + pow2(exp(_a4_))) * x);{'d0': {'_a2_': 0.5272769104189708, '_a3_': 2.1066240691386113, '_a4_': 0.28693835226647885, '_a0_': 1.0, '_a1_': 1.0, '_a5_': 1.0, '_a6_': 1.0, '_a7_': 1.0}};{'d0': 0.024905832919416615};-280.569866449044;44.8173070027815
25639;-95.4676262217406;((((_a3_ * x) + pow2(((x * _a2_) / _a4_))) + pow2(exp(_a4_))) * x);{'d0': {'_a2_': 0.5272769104189708, '_a3_': 2.1066240691386113, '_a4_': 0.28693835226647885, '_a0_': 1.0, '_a1_': 1.0, '_a5_': 1.0, '_a6_': 1.0, '_a7_': 1.0}};{'d0': 0.024905832919416615};-280.569866449044;44.8173070027815
25640;-95.4676262217406;((((_a3_ * x) + pow2(((x * _a2_) / _a4_))) + pow2(exp(_a4_))) * x);{'d0': {'_a2_': 0.5272769104189708, '_a3_': 2.1066240691386113, '_a4_': 0.28693835226647885, '_a0_': 1.0, '_a1_': 1.0, '_a5_': 1.0, '_a6_': 1.0, '_a7_': 1.0}};{'d0': 0.024905832919416615};-280.569866449044;44.8173070027815
25641;-95.4676262217406;((((_a3_ * x) + pow2(((x * _a2_) / _a4_))) + pow2(exp(_a4_))) * x);{'d0': {'_a2_': 0.5272769104189708, '_a3_': 2.1066240691386113, '_a4_': 0.28693835226647885, '_a0_': 1.0, '_a1_': 1.0, '_a5_': 1.0, '_a6_': 1.0, '_a7_': 1.0}};{'d0': 0.024905832919416615};-280.569866449044;44.8173070027815
25642;-95.4676262217406;((((_a3_ * x) + pow2(((x * _a5_) / _a4_))) + pow2(exp(_a4_))) * x);{'d0': {'_a3_': 2.106624069529064, '_a4_': 0.28693835201968804, '_a5_': 0.5272769100906883, '_a0_': 1.0, '_a1_': 1.0, '_a2_': 1.0, '_a6_': 1.0, '_a7_': 1.0}};{'d0': 0.024905832919416605};-280.569866449044;44.8173070027815
25643;-95.4676262217406;((((_a3_ * x) + pow2(((x * _a5_) / _a4_))) + pow2(exp(_a4_))) * x);{'d0': {'_a3_': 2.106624069529064, '_a4_': 0.28693835201968804, '_a5_': 0.5272769100906883, '_a0_': 1.0, '_a1_': 1.0, '_a2_': 1.0, '_a6_': 1.0, '_a7_': 1.0}};{'d0': 0.024905832919416605};-280.569866449044;44.8173070027815
25644;-95.4676262217406;((((_a3_ * x) + pow2(((x * _a5_) / _a4_))) + pow2(exp(_a4_))) * x);{'d0': {'_a3_': 2.106624069529064, '_a4_': 0.28693835201968804, '_a5_': 0.5272769100906883, '_a0_': 1.0, '_a1_': 1.0, '_a2_': 1.0, '_a6_': 1.0, '_a7_': 1.0}};{'d0': 0.024905832919416605};-280.569866449044;44.8173070027815
25645;-96.0796375382337;(((x * ((x * _a6_) + (_a4_ + (exp(_a1_) ** _a6_)))) + _a1_) * x);{'d0': {'_a1_': 1.775135409989392, '_a4_': -398.9921594929455, '_a6_': 3.3767608410169063, '_a0_': 1.0, '_a2_': 1.0, '_a3_': 1.0, '_a5_': 1.0, '_a7_': 1.0}};{'d0': 0.0249058329194161};-280.569866449045;44.20529568628903
25646;-96.0796375382337;(((x * ((x * _a6_) + (_a4_ + (exp(_a1_) ** _a6_)))) + _a1_) * x);{'d0': {'_a1_': 1.775135409989392, '_a4_': -398.9921594929455, '_a6_': 3.3767608410169063, '_a0_': 1.0, '_a2_': 1.0, '_a3_': 1.0, '_a5_': 1.0, '_a7_': 1.0}};{'d0': 0.0249058329194161};-280.569866449045;44.20529568628903
25647;-96.0796375382337;(((x * ((x * _a6_) + (_a4_ + (exp(_a1_) ** _a6_)))) + _a1_) * x);{'d0': {'_a1_': 1.775135409989392, '_a4_': -398.9921594929455, '_a6_': 3.3767608410169063, '_a0_': 1.0, '_a2_': 1.0, '_a3_': 1.0, '_a5_': 1.0, '_a7_': 1.0}};{'d0': 0.0249058329194161};-280.569866449045;44.20529568628903
25648;-96.0796375382330;(((x * ((x * _a6_) + (_a4_ + (exp(_a1_) ** _a4_)))) + _a1_) * x);{'d0': {'_a1_': 1.7751354043598997, '_a4_': 0.3252595117952944, '_a6_': 3.3767608777217104, '_a0_': 1.0, '_a2_': 1.0, '_a3_': 1.0, '_a5_': 1.0, '_a7_': 1.0}};{'d0': 0.024905832919416632};-280.569866449044;44.20529568628903
25649;-94.0438723191150;(x * ((_a6_ * _a4_) + (((_a2_ + (x + _a7_)) * (_a0_ * x)) * _a4_)));{'d0': {'_a0_': -3.9175626781340127, '_a2_': -23.992108407327965, '_a4_': -0.8619544709150317, '_a6_': -2.059430460309131, '_a7_': 24.615967822931058, '_a1_': 1.0, '_a3_': 1.0, '_a5_': 1.0}};{'d0': 0.024905832919765003};-272.381177323760;42.146716342765004
25650;-94.0438723191150;(x * ((_a6_ * _a4_) + (((_a2_ + (x + _a7_)) * (_a0_ * x)) * _a4_)));{'d0': {'_a0_': -3.9175626781340127, '_a2_': -23.992108407327965, '_a4_': -0.8619544709150317, '_a6_': -2.059430460309131, '_a7_': 24.615967822931058, '_a1_': 1.0, '_a3_': 1.0, '_a5_': 1.0}};{'d0': 0.024905832919765003};-272.381177323760;42.146716342765004
25651;-94.0438723191150;(x * ((_a6_ * _a4_) + (((_a2_ + (x + _a7_)) * (_a0_ * x)) * _a4_)));{'d0': {'_a0_': -3.9175626781340127, '_a2_': -23.992108407327965, '_a4_': -0.8619544709150317, '_a6_': -2.059430460309131, '_a7_': 24.615967822931058, '_a1_': 1.0, '_a3_': 1.0, '_a5_': 1.0}};{'d0': 0.024905832919765003};-272.381177323760;42.146716342765004
25652;-94.0438723191150;(x * ((_a6_ * _a4_) + (((_a2_ + (x + _a7_)) * (_a0_ * x)) * _a4_)));{'d0': {'_a0_': -3.9175626781340127, '_a2_': -23.992108407327965, '_a4_': -0.8619544709150317, '_a6_': -2.059430460309131, '_a7_': 24.615967822931058, '_a1_': 1.0, '_a3_': 1.0, '_a5_': 1.0}};{'d0': 0.024905832919765003};-272.381177323760;42.146716342765004
25653;-94.0438723191150;(x * ((_a6_ * _a4_) + (((_a2_ + (x + _a7_)) * (_a0_ * x)) * _a4_)));{'d0': {'_a0_': -3.9175626781340127, '_a2_': -23.992108407327965, '_a4_': -0.8619544709150317, '_a6_': -2.059430460309131, '_a7_': 24.615967822931058, '_a1_': 1.0, '_a3_': 1.0, '_a5_': 1.0}};{'d0': 0.024905832919765003};-272.381177323760;42.146716342765004
25654;-94.0438723191150;(x * ((_a6_ * _a4_) + (((_a2_ + (x + _a7_)) * (_a0_ * x)) * _a4_)));{'d0': {'_a0_': -3.9175626781340127, '_a2_': -23.992108407327965, '_a4_': -0.8619544709150317, '_a6_': -2.059430460309131, '_a7_': 24.615967822931058, '_a1_': 1.0, '_a3_': 1.0, '_a5_': 1.0}};{'d0': 0.024905832919765003};-272.381177323760;42.146716342765004
25655;-94.0438723191150;(x * ((_a6_ * _a4_) + (((_a2_ + (x + _a7_)) * (_a0_ * x)) * _a4_)));{'d0': {'_a0_': -3.9175626781340127, '_a2_': -23.992108407327965, '_a4_': -0.8619544709150317, '_a6_': -2.059430460309131, '_a7_': 24.615967822931058, '_a1_': 1.0, '_a3_': 1.0, '_a5_': 1.0}};{'d0': 0.024905832919765003};-272.381177323760;42.146716342765004
25656;-94.0438723191150;(x * ((_a6_ * _a4_) + (((_a2_ + (x + _a7_)) * (_a0_ * x)) * _a4_)));{'d0': {'_a0_': -3.9175626781340127, '_a2_': -23.992108407327965, '_a4_': -0.8619544709150317, '_a6_': -2.059430460309131, '_a7_': 24.615967822931058, '_a1_': 1.0, '_a3_': 1.0, '_a5_': 1.0}};{'d0': 0.024905832919765003};-272.381177323760;42.146716342765004
25657;-94.8704188702555;(x * ((_a6_ * _a4_) + (((_a2_ * (x + _a7_)) * (_a0_ * x)) * _a4_)));{'d0': {'_a0_': -3.154179398921432, '_a2_': -19.4065877018925, '_a4_': 0.05516513966980131, '_a6_': 32.17857020496507, '_a7_': 0.6238594155436372, '_a1_': 1.0, '_a3_': 1.0, '_a5_': 1.0}};{'d0': 0.024905832919589362};-272.381177324183;41.320169791836
25658;-94.8704188702555;(x * ((_a6_ * _a4_) + (((_a2_ * (x + _a7_)) * (_a0_ * x)) * _a4_)));{'d0': {'_a0_': -3.154179398921432, '_a2_': -19.4065877018925, '_a4_': 0.05516513966980131, '_a6_': 32.17857020496507, '_a7_': 0.6238594155436372, '_a1_': 1.0, '_a3_': 1.0, '_a5_': 1.0}};{'d0': 0.024905832919589362};-272.381177324183;41.320169791836
25659;-94.8704188702555;(x * ((_a6_ * _a4_) + (((_a2_ * (x + _a7_)) * (_a0_ * x)) * _a4_)));{'d0': {'_a0_': -3.154179398921432, '_a2_': -19.4065877018925, '_a4_': 0.05516513966980131, '_a6_': 32.17857020496507, '_a7_': 0.6238594155436372, '_a1_': 1.0, '_a3_': 1.0, '_a5_': 1.0}};{'d0': 0.024905832919589362};-272.381177324183;41.320169791836
25660;-94.8704188702555;(x * ((_a6_ * _a4_) + (((_a2_ * (x + _a7_)) * (_a0_ * x)) * _a4_)));{'d0': {'_a0_': -3.154179398921432, '_a2_': -19.4065877018925, '_a4_': 0.05516513966980131, '_a6_': 32.17857020496507, '_a7_': 0.6238594155436372, '_a1_': 1.0, '_a3_': 1.0, '_a5_': 1.0}};{'d0': 0.024905832919589362};-272.381177324183;41.320169791836
25661;-94.8704188702555;(x * ((_a6_ * _a4_) + (((_a2_ * (x + _a7_)) * (_a0_ * x)) * _a4_)));{'d0': {'_a0_': -3.154179398921432, '_a2_': -19.4065877018925, '_a4_': 0.05516513966980131, '_a6_': 32.17857020496507, '_a7_': 0.6238594155436372, '_a1_': 1.0, '_a3_': 1.0, '_a5_': 1.0}};{'d0': 0.024905832919589362};-272.381177324183;41.320169791836
25662;-94.8704188702555;(x * ((_a6_ * _a4_) + (((_a2_ * (x + _a7_)) * (_a0_ * x)) * _a4_)));{'d0': {'_a0_': -3.154179398921432, '_a2_': -19.4065877018925, '_a4_': 0.05516513966980131, '_a6_': 32.17857020496507, '_a7_': 0.6238594155436372, '_a1_': 1.0, '_a3_': 1.0, '_a5_': 1.0}};{'d0': 0.024905832919589362};-272.381177324183;41.320169791836
25663;-94.8704188702555;(x * ((_a6_ * _a4_) + (((_a2_ * (x + _a7_)) * (_a0_ * x)) * _a4_)));{'d0': {'_a0_': -3.154179398921432, '_a2_': -19.4065877018925, '_a4_': 0.05516513966980131, '_a6_': 32.17857020496507, '_a7_': 0.6238594155436372, '_a1_': 1.0, '_a3_': 1.0, '_a5_': 1.0}};{'d0': 0.024905832919589362};-272.381177324183;41.320169791836
25664;-94.8704188702555;(x * ((_a6_ * _a4_) + (((_a2_ * (x + _a7_)) * (_a0_ * x)) * _a4_)));{'d0': {'_a0_': -3.154179398921432, '_a2_': -19.4065877018925, '_a4_': 0.05516513966980131, '_a6_': 32.17857020496507, '_a7_': 0.6238594155436372, '_a1_': 1.0, '_a3_': 1.0, '_a5_': 1.0}};{'d0': 0.024905832919589362};-272.381177324183;41.320169791836
25665;-94.8704188702555;(x * ((_a6_ * _a4_) + (((_a2_ * (x + _a7_)) * (_a0_ * x)) * _a4_)));{'d0': {'_a0_': -3.154179398921432, '_a2_': -19.4065877018925, '_a4_': 0.05516513966980131, '_a6_': 32.17857020496507, '_a7_': 0.6238594155436372, '_a1_': 1.0, '_a3_': 1.0, '_a5_': 1.0}};{'d0': 0.024905832919589362};-272.381177324183;41.320169791836
25666;-94.8704188702555;(x * ((_a6_ * _a4_) + (((_a2_ * (x + _a7_)) * (_a0_ * x)) * _a4_)));{'d0': {'_a0_': -3.154179398921432, '_a2_': -19.4065877018925, '_a4_': 0.05516513966980131, '_a6_': 32.17857020496507, '_a7_': 0.6238594155436372, '_a1_': 1.0, '_a3_': 1.0, '_a5_': 1.0}};{'d0': 0.024905832919589362};-272.381177324183;41.320169791836
25667;-94.8704188702555;(x * ((_a6_ * _a4_) + (((_a2_ * (x + _a7_)) * (_a0_ * x)) * _a4_)));{'d0': {'_a0_': -3.154179398921432, '_a2_': -19.4065877018925, '_a4_': 0.05516513966980131, '_a6_': 32.17857020496507, '_a7_': 0.6238594155436372, '_a1_': 1.0, '_a3_': 1.0, '_a5_': 1.0}};{'d0': 0.024905832919589362};-272.381177324183;41.320169791836
25668;-94.8704188702555;(x * ((_a6_ * _a4_) + (((_a2_ * (x + _a7_)) * (_a0_ * x)) * _a4_)));{'d0': {'_a0_': -3.154179398921432, '_a2_': -19.4065877018925, '_a4_': 0.05516513966980131, '_a6_': 32.17857020496507, '_a7_': 0.6238594155436372, '_a1_': 1.0, '_a3_': 1.0, '_a5_': 1.0}};{'d0': 0.024905832919589362};-272.381177324183;41.320169791836
25669;-94.8704188702555;(x * ((_a6_ * _a4_) + (((_a2_ * (x + _a7_)) * (_a0_ * x)) * _a4_)));{'d0': {'_a0_': -3.154179398921432, '_a2_': -19.4065877018925, '_a4_': 0.05516513966980131, '_a6_': 32.17857020496507, '_a7_': 0.6238594155436372, '_a1_': 1.0, '_a3_': 1.0, '_a5_': 1.0}};{'d0': 0.024905832919589362};-272.381177324183;41.320169791836
25670;-102.188652969963;(((x * ((x * _a4_) + (_a6_ + (_a6_ + _a4_)))) + _a1_) * x);{'d0': {'_a1_': 1.7751354043702268, '_a4_': 3.3767608768372535, '_a6_': -0.6350684049680727, '_a0_': 1.0, '_a2_': 1.0, '_a3_': 1.0, '_a5_': 1.0, '_a7_': 1.0}};{'d0': 0.024905832919416643};-280.569866449044;38.096280254559026
25671;-102.188652969963;(((x * ((x * _a4_) + (_a6_ + (_a6_ + _a4_)))) + _a1_) * x);{'d0': {'_a1_': 1.7751354043702268, '_a4_': 3.3767608768372535, '_a6_': -0.6350684049680727, '_a0_': 1.0, '_a2_': 1.0, '_a3_': 1.0, '_a5_': 1.0, '_a7_': 1.0}};{'d0': 0.024905832919416643};-280.569866449044;38.096280254559026
25672;-102.188652969963;(((x * ((x * _a4_) + (_a6_ + (_a6_ + _a4_)))) + _a1_) * x);{'d0': {'_a1_': 1.7751354043702268, '_a4_': 3.3767608768372535, '_a6_': -0.6350684049680727, '_a0_': 1.0, '_a2_': 1.0, '_a3_': 1.0, '_a5_': 1.0, '_a7_': 1.0}};{'d0': 0.024905832919416643};-280.569866449044;38.096280254559026
25673;-102.188652969963;(((x * ((x * _a4_) + (_a6_ + (_a6_ + _a4_)))) + _a1_) * x);{'d0': {'_a1_': 1.7751354043702268, '_a4_': 3.3767608768372535, '_a6_': -0.6350684049680727, '_a0_': 1.0, '_a2_': 1.0, '_a3_': 1.0, '_a5_': 1.0, '_a7_': 1.0}};{'d0': 0.024905832919416643};-280.569866449044;38.096280254559026
25674;-102.188652969963;(((x * ((x * _a4_) + (_a6_ + (_a6_ + _a4_)))) + _a1_) * x);{'d0': {'_a1_': 1.7751354043702268, '_a4_': 3.3767608768372535, '_a6_': -0.6350684049680727, '_a0_': 1.0, '_a2_': 1.0, '_a3_': 1.0, '_a5_': 1.0, '_a7_': 1.0}};{'d0': 0.024905832919416643};-280.569866449044;38.096280254559026
25675;-102.188652969963;(((x * ((x * _a4_) + (_a6_ + (_a6_ + _a4_)))) + _a1_) * x);{'d0': {'_a1_': 1.7751354043702268, '_a4_': 3.3767608768372535, '_a6_': -0.6350684049680727, '_a0_': 1.0, '_a2_': 1.0, '_a3_': 1.0, '_a5_': 1.0, '_a7_': 1.0}};{'d0': 0.024905832919416643};-280.569866449044;38.096280254559026
25676;-102.188652969963;(((x * ((x * _a4_) + (_a6_ + (_a6_ + _a4_)))) + _a1_) * x);{'d0': {'_a1_': 1.7751354043702268, '_a4_': 3.3767608768372535, '_a6_': -0.6350684049680727, '_a0_': 1.0, '_a2_': 1.0, '_a3_': 1.0, '_a5_': 1.0, '_a7_': 1.0}};{'d0': 0.024905832919416643};-280.569866449044;38.096280254559026
25677;-94.8704188702555;(x * ((_a6_ * _a4_) + (((_a2_ * (x + _a7_)) * (_a0_ * x)) * _a4_)));{'d0': {'_a0_': -3.154179398921432, '_a2_': -19.4065877018925, '_a4_': 0.05516513966980131, '_a6_': 32.17857020496507, '_a7_': 0.6238594155436372, '_a1_': 1.0, '_a3_': 1.0, '_a5_': 1.0}};{'d0': 0.024905832919589362};-272.381177324183;41.320169791836
25678;-94.8704188702555;(x * ((_a6_ * _a4_) + (((_a2_ * (x + _a7_)) * (_a0_ * x)) * _a4_)));{'d0': {'_a0_': -3.154179398921432, '_a2_': -19.4065877018925, '_a4_': 0.05516513966980131, '_a6_': 32.17857020496507, '_a7_': 0.6238594155436372, '_a1_': 1.0, '_a3_': 1.0, '_a5_': 1.0}};{'d0': 0.024905832919589362};-272.381177324183;41.320169791836
25679;-94.8704188702555;(x * ((_a6_ * _a4_) + (((_a2_ * (x + _a7_)) * (_a0_ * x)) * _a4_)));{'d0': {'_a0_': -3.154179398921432, '_a2_': -19.4065877018925, '_a4_': 0.05516513966980131, '_a6_': 32.17857020496507, '_a7_': 0.6238594155436372, '_a1_': 1.0, '_a3_': 1.0, '_a5_': 1.0}};{'d0': 0.024905832919589362};-272.381177324183;41.320169791836
25680;-94.0438723178933;(x * ((_a6_ * _a4_) + (((_a2_ * (x + _a7_)) * (_a0_ * x)) + _a4_)));{'d0': {'_a0_': -0.7408303531772199, '_a2_': -4.558075767154471, '_a4_': 0.03667886454933364, '_a6_': 47.396675519436265, '_a7_': 0.6238594154282622, '_a1_': 1.0, '_a3_': 1.0, '_a5_': 1.0}};{'d0': 0.024905832920779202};-272.381177321317;42.146716342765004
25681;-94.0438723178933;(x * ((_a6_ * _a4_) + (((_a2_ * (x + _a7_)) * (_a0_ * x)) + _a4_)));{'d0': {'_a0_': -0.7408303531772199, '_a2_': -4.558075767154471, '_a4_': 0.03667886454933364, '_a6_': 47.396675519436265, '_a7_': 0.6238594154282622, '_a1_': 1.0, '_a3_': 1.0, '_a5_': 1.0}};{'d0': 0.024905832920779202};-272.381177321317;42.146716342765004
25682;-102.188652969963;(((x * ((x * _a4_) + (_a6_ + (_a6_ + _a4_)))) + _a1_) * x);{'d0': {'_a1_': 1.7751354043702268, '_a4_': 3.3767608768372535, '_a6_': -0.6350684049680727, '_a0_': 1.0, '_a2_': 1.0, '_a3_': 1.0, '_a5_': 1.0, '_a7_': 1.0}};{'d0': 0.024905832919416643};-280.569866449044;38.096280254559026
25683;-102.188652969963;(((x * ((x * _a4_) + (_a6_ + (_a6_ + _a4_)))) + _a1_) * x);{'d0': {'_a1_': 1.7751354043702268, '_a4_': 3.3767608768372535, '_a6_': -0.6350684049680727, '_a0_': 1.0, '_a2_': 1.0, '_a3_': 1.0, '_a5_': 1.0, '_a7_': 1.0}};{'d0': 0.024905832919416643};-280.569866449044;38.096280254559026
25684;-102.188652969963;(((x * ((x * _a4_) + (_a6_ + (_a6_ + _a4_)))) + _a1_) * x);{'d0': {'_a1_': 1.7751354043702268, '_a4_': 3.3767608768372535, '_a6_': -0.6350684049680727, '_a0_': 1.0, '_a2_': 1.0, '_a3_': 1.0, '_a5_': 1.0, '_a7_': 1.0}};{'d0': 0.024905832919416643};-280.569866449044;38.096280254559026
25685;-102.188652969963;(((x * ((x * _a4_) + (_a6_ + (_a6_ + _a4_)))) + _a1_) * x);{'d0': {'_a1_': 1.7751354043702268, '_a4_': 3.3767608768372535, '_a6_': -0.6350684049680727, '_a0_': 1.0, '_a2_': 1.0, '_a3_': 1.0, '_a5_': 1.0, '_a7_': 1.0}};{'d0': 0.024905832919416643};-280.569866449044;38.096280254559026
25686;-102.188652969963;(((x * ((x * _a4_) + (_a6_ + (_a6_ + _a4_)))) + _a1_) * x);{'d0': {'_a1_': 1.7751354043702268, '_a4_': 3.3767608768372535, '_a6_': -0.6350684049680727, '_a0_': 1.0, '_a2_': 1.0, '_a3_': 1.0, '_a5_': 1.0, '_a7_': 1.0}};{'d0': 0.024905832919416643};-280.569866449044;38.096280254559026
25687;-102.188652969963;(((x * ((x * _a4_) + (_a6_ + (_a6_ + _a4_)))) + _a1_) * x);{'d0': {'_a1_': 1.7751354043702268, '_a4_': 3.3767608768372535, '_a6_': -0.6350684049680727, '_a0_': 1.0, '_a2_': 1.0, '_a3_': 1.0, '_a5_': 1.0, '_a7_': 1.0}};{'d0': 0.024905832919416643};-280.569866449044;38.096280254559026
25688;-102.188652969963;(((x * ((x * _a4_) + (_a6_ + (_a6_ + _a4_)))) + _a1_) * x);{'d0': {'_a1_': 1.7751354043702268, '_a4_': 3.3767608768372535, '_a6_': -0.6350684049680727, '_a0_': 1.0, '_a2_': 1.0, '_a3_': 1.0, '_a5_': 1.0, '_a7_': 1.0}};{'d0': 0.024905832919416643};-280.569866449044;38.096280254559026
25689;-102.188652969963;(((x * ((x * _a4_) + (_a6_ + (_a6_ + _a4_)))) + _a1_) * x);{'d0': {'_a1_': 1.7751354043702268, '_a4_': 3.3767608768372535, '_a6_': -0.6350684049680727, '_a0_': 1.0, '_a2_': 1.0, '_a3_': 1.0, '_a5_': 1.0, '_a7_': 1.0}};{'d0': 0.024905832919416643};-280.569866449044;38.096280254559026
25690;-102.188652969963;(((x * ((x * _a4_) + (_a6_ + (_a6_ + _a4_)))) + _a1_) * x);{'d0': {'_a1_': 1.7751354043702268, '_a4_': 3.3767608768372535, '_a6_': -0.6350684049680727, '_a0_': 1.0, '_a2_': 1.0, '_a3_': 1.0, '_a5_': 1.0, '_a7_': 1.0}};{'d0': 0.024905832919416643};-280.569866449044;38.096280254559026
25691;-102.188652969963;(((x * ((x * _a4_) + (_a6_ + (_a6_ + _a4_)))) + _a1_) * x);{'d0': {'_a1_': 1.7751354043702268, '_a4_': 3.3767608768372535, '_a6_': -0.6350684049680727, '_a0_': 1.0, '_a2_': 1.0, '_a3_': 1.0, '_a5_': 1.0, '_a7_': 1.0}};{'d0': 0.024905832919416643};-280.569866449044;38.096280254559026
25692;-102.188652969963;(((x * ((x * _a4_) + (_a6_ + (_a6_ + _a4_)))) + _a1_) * x);{'d0': {'_a1_': 1.7751354043702268, '_a4_': 3.3767608768372535, '_a6_': -0.6350684049680727, '_a0_': 1.0, '_a2_': 1.0, '_a3_': 1.0, '_a5_': 1.0, '_a7_': 1.0}};{'d0': 0.024905832919416643};-280.569866449044;38.096280254559026
25693;-102.188652969963;(((x * ((x * _a4_) + (_a6_ + (_a6_ + _a4_)))) + _a1_) * x);{'d0': {'_a1_': 1.7751354043702268, '_a4_': 3.3767608768372535, '_a6_': -0.6350684049680727, '_a0_': 1.0, '_a2_': 1.0, '_a3_': 1.0, '_a5_': 1.0, '_a7_': 1.0}};{'d0': 0.024905832919416643};-280.569866449044;38.096280254559026
25694;-102.188652969963;(((x * ((x * _a4_) + (_a6_ + (_a6_ + _a4_)))) + _a1_) * x);{'d0': {'_a1_': 1.7751354043702268, '_a4_': 3.3767608768372535, '_a6_': -0.6350684049680727, '_a0_': 1.0, '_a2_': 1.0, '_a3_': 1.0, '_a5_': 1.0, '_a7_': 1.0}};{'d0': 0.024905832919416643};-280.569866449044;38.096280254559026
25695;-102.188652969963;(((x * ((x * _a4_) + (_a6_ + (_a6_ + _a4_)))) + _a1_) * x);{'d0': {'_a1_': 1.7751354043702268, '_a4_': 3.3767608768372535, '_a6_': -0.6350684049680727, '_a0_': 1.0, '_a2_': 1.0, '_a3_': 1.0, '_a5_': 1.0, '_a7_': 1.0}};{'d0': 0.024905832919416643};-280.569866449044;38.096280254559026
25696;-69.8755662260207;(((_a4_ * (pow2(((_a3_ * (_a1_ * ((_a5_ * -(x)) * (_a4_ + _a1_)))) + _a3_)) + _a3_)) * x) + (_a2_ / _a1_));{'d0': {'_a1_': -3.9500203457099707, '_a2_': 0.004045685855497512, '_a3_': 0.228300749429215, '_a4_': 6.328511575670905, '_a5_': 0.3408482330812027, '_a0_': 1.0, '_a6_': 1.0, '_a7_': 1.0}};{'d0': 0.024885482502162055};-272.430223030379;66.33954528916887
25697;-69.8755662260207;(((_a4_ * (pow2(((_a3_ * (_a1_ * ((_a5_ * -(x)) * (_a4_ + _a1_)))) + _a3_)) + _a3_)) * x) + (_a2_ / _a1_));{'d0': {'_a1_': -3.9500203457099707, '_a2_': 0.004045685855497512, '_a3_': 0.228300749429215, '_a4_': 6.328511575670905, '_a5_': 0.3408482330812027, '_a0_': 1.0, '_a6_': 1.0, '_a7_': 1.0}};{'d0': 0.024885482502162055};-272.430223030379;66.33954528916887
25698;-69.8755662260207;(((_a4_ * (pow2(((_a3_ * (_a1_ * ((_a5_ * -(x)) * (_a4_ + _a1_)))) + _a3_)) + _a3_)) * x) + (_a2_ / _a1_));{'d0': {'_a1_': -3.9500203457099707, '_a2_': 0.004045685855497512, '_a3_': 0.228300749429215, '_a4_': 6.328511575670905, '_a5_': 0.3408482330812027, '_a0_': 1.0, '_a6_': 1.0, '_a7_': 1.0}};{'d0': 0.024885482502162055};-272.430223030379;66.33954528916887
25699;-69.8755662260207;(((_a4_ * (pow2(((_a3_ * (_a1_ * ((_a5_ * -(x)) * (_a4_ + _a1_)))) + _a3_)) + _a3_)) * x) + (_a2_ / _a1_));{'d0': {'_a1_': -3.9500203457099707, '_a2_': 0.004045685855497512, '_a3_': 0.228300749429215, '_a4_': 6.328511575670905, '_a5_': 0.3408482330812027, '_a0_': 1.0, '_a6_': 1.0, '_a7_': 1.0}};{'d0': 0.024885482502162055};-272.430223030379;66.33954528916887
25700;-69.8755662260207;(((_a4_ * (pow2(((_a3_ * (_a1_ * ((_a5_ * -(x)) * (_a4_ + _a1_)))) + _a3_)) + _a3_)) * x) + (_a2_ / _a1_));{'d0': {'_a1_': -3.9500203457099707, '_a2_': 0.004045685855497512, '_a3_': 0.228300749429215, '_a4_': 6.328511575670905, '_a5_': 0.3408482330812027, '_a0_': 1.0, '_a6_': 1.0, '_a7_': 1.0}};{'d0': 0.024885482502162055};-272.430223030379;66.33954528916887
25701;-69.8755662260207;(((_a4_ * (pow2(((_a3_ * (_a1_ * ((_a5_ * -(x)) * (_a4_ + _a1_)))) + _a3_)) + _a3_)) * x) + (_a2_ / _a1_));{'d0': {'_a1_': -3.9500203457099707, '_a2_': 0.004045685855497512, '_a3_': 0.228300749429215, '_a4_': 6.328511575670905, '_a5_': 0.3408482330812027, '_a0_': 1.0, '_a6_': 1.0, '_a7_': 1.0}};{'d0': 0.024885482502162055};-272.430223030379;66.33954528916887
25702;-69.8755662260207;(((_a4_ * (pow2(((_a3_ * (_a1_ * ((_a5_ * -(x)) * (_a4_ + _a1_)))) + _a3_)) + _a3_)) * x) + (_a2_ / _a1_));{'d0': {'_a1_': -3.9500203457099707, '_a2_': 0.004045685855497512, '_a3_': 0.228300749429215, '_a4_': 6.328511575670905, '_a5_': 0.3408482330812027, '_a0_': 1.0, '_a6_': 1.0, '_a7_': 1.0}};{'d0': 0.024885482502162055};-272.430223030379;66.33954528916887
25703;-69.8755662260207;(((_a4_ * (pow2(((_a3_ * (_a1_ * ((_a5_ * -(x)) * (_a4_ + _a1_)))) + _a3_)) + _a3_)) * x) + (_a2_ / _a1_));{'d0': {'_a1_': -3.9500203457099707, '_a2_': 0.004045685855497512, '_a3_': 0.228300749429215, '_a4_': 6.328511575670905, '_a5_': 0.3408482330812027, '_a0_': 1.0, '_a6_': 1.0, '_a7_': 1.0}};{'d0': 0.024885482502162055};-272.430223030379;66.33954528916887
25704;-69.8755662260207;(((_a4_ * (pow2(((_a3_ * (_a1_ * ((_a5_ * -(x)) * (_a4_ + _a1_)))) + _a3_)) + _a3_)) * x) + (_a2_ / _a1_));{'d0': {'_a1_': -3.9500203457099707, '_a2_': 0.004045685855497512, '_a3_': 0.228300749429215, '_a4_': 6.328511575670905, '_a5_': 0.3408482330812027, '_a0_': 1.0, '_a6_': 1.0, '_a7_': 1.0}};{'d0': 0.024885482502162055};-272.430223030379;66.33954528916887
25705;-69.8755662260207;(((_a4_ * (pow2(((_a3_ * (_a1_ * ((_a5_ * -(x)) * (_a4_ + _a1_)))) + _a3_)) + _a3_)) * x) + (_a2_ / _a1_));{'d0': {'_a1_': -3.9500203457099707, '_a2_': 0.004045685855497512, '_a3_': 0.228300749429215, '_a4_': 6.328511575670905, '_a5_': 0.3408482330812027, '_a0_': 1.0, '_a6_': 1.0, '_a7_': 1.0}};{'d0': 0.024885482502162055};-272.430223030379;66.33954528916887
25706;-69.8755662260207;(((_a4_ * (pow2(((_a3_ * (_a1_ * ((_a5_ * -(x)) * (_a4_ + _a1_)))) + _a3_)) + _a3_)) * x) + (_a2_ / _a1_));{'d0': {'_a1_': -3.9500203457099707, '_a2_': 0.004045685855497512, '_a3_': 0.228300749429215, '_a4_': 6.328511575670905, '_a5_': 0.3408482330812027, '_a0_': 1.0, '_a6_': 1.0, '_a7_': 1.0}};{'d0': 0.024885482502162055};-272.430223030379;66.33954528916887
25707;-67.8283939451666;(((_a4_ * (pow2(((_a3_ * (_a1_ * ((_a5_ * -(x)) * (_a4_ + _a1_)))) + _a0_)) + _a3_)) * x) + (_a2_ / _a1_));{'d0': {'_a0_': 0.5028205778794574, '_a1_': 2.3516620282186724, '_a2_': -0.0024085199604454367, '_a3_': 1.1074365131917094, '_a4_': 1.3046382245909036, '_a5_': -0.169098364726524, '_a6_': 1.0, '_a7_': 1.0}};{'d0': 0.024885482501948948};-268.335878468670;66.33954528916887
25708;-67.8283939451666;(((_a4_ * (pow2(((_a3_ * (_a1_ * ((_a5_ * -(x)) * (_a4_ + _a1_)))) + _a0_)) + _a3_)) * x) + (_a2_ / _a1_));{'d0': {'_a0_': 0.5028205778794574, '_a1_': 2.3516620282186724, '_a2_': -0.0024085199604454367, '_a3_': 1.1074365131917094, '_a4_': 1.3046382245909036, '_a5_': -0.169098364726524, '_a6_': 1.0, '_a7_': 1.0}};{'d0': 0.024885482501948948};-268.335878468670;66.33954528916887
25709;-94.2208794833954;(((x * ((x * _a4_) + (_a1_ + (_a6_ + (_a2_ + _a4_))))) + _a1_) * x);{'d0': {'_a1_': 1.7751348729496566, '_a2_': -70816.7987706057, '_a4_': 3.37676417184219, '_a6_': 70813.75349392353, '_a0_': 1.0, '_a3_': 1.0, '_a5_': 1.0, '_a7_': 1.0}};{'d0': 0.02490583304928115};-276.475521573968;44.016881303589024
25710;-94.2208794833954;(((x * ((x * _a4_) + (_a1_ + (_a6_ + (_a2_ + _a4_))))) + _a1_) * x);{'d0': {'_a1_': 1.7751348729496566, '_a2_': -70816.7987706057, '_a4_': 3.37676417184219, '_a6_': 70813.75349392353, '_a0_': 1.0, '_a3_': 1.0, '_a5_': 1.0, '_a7_': 1.0}};{'d0': 0.02490583304928115};-276.475521573968;44.016881303589024
25711;-94.2208794833954;(((x * ((x * _a4_) + (_a1_ + (_a6_ + (_a2_ + _a4_))))) + _a1_) * x);{'d0': {'_a1_': 1.7751348729496566, '_a2_': -70816.7987706057, '_a4_': 3.37676417184219, '_a6_': 70813.75349392353, '_a0_': 1.0, '_a3_': 1.0, '_a5_': 1.0, '_a7_': 1.0}};{'d0': 0.02490583304928115};-276.475521573968;44.016881303589024
25712;-94.2208794833954;(((x * ((x * _a4_) + (_a1_ + (_a6_ + (_a2_ + _a4_))))) + _a1_) * x);{'d0': {'_a1_': 1.7751348729496566, '_a2_': -70816.7987706057, '_a4_': 3.37676417184219, '_a6_': 70813.75349392353, '_a0_': 1.0, '_a3_': 1.0, '_a5_': 1.0, '_a7_': 1.0}};{'d0': 0.02490583304928115};-276.475521573968;44.016881303589024
25713;-94.2208794833954;(((x * ((x * _a4_) + (_a1_ + (_a6_ + (_a2_ + _a4_))))) + _a1_) * x);{'d0': {'_a1_': 1.7751348729496566, '_a2_': -70816.7987706057, '_a4_': 3.37676417184219, '_a6_': 70813.75349392353, '_a0_': 1.0, '_a3_': 1.0, '_a5_': 1.0, '_a7_': 1.0}};{'d0': 0.02490583304928115};-276.475521573968;44.016881303589024
25714;-94.2208794833954;(((x * ((x * _a4_) + (_a1_ + (_a6_ + (_a2_ + _a4_))))) + _a1_) * x);{'d0': {'_a1_': 1.7751348729496566, '_a2_': -70816.7987706057, '_a4_': 3.37676417184219, '_a6_': 70813.75349392353, '_a0_': 1.0, '_a3_': 1.0, '_a5_': 1.0, '_a7_': 1.0}};{'d0': 0.02490583304928115};-276.475521573968;44.016881303589024
25715;-94.2208794998714;(((x * ((x * _a6_) + (_a1_ + (_a6_ + (_a2_ + _a4_))))) + _a1_) * x);{'d0': {'_a1_': 1.7751354041689238, '_a2_': 109881.14367929843, '_a4_': -109884.18894786478, '_a6_': 3.376760879916411, '_a0_': 1.0, '_a3_': 1.0, '_a5_': 1.0, '_a7_': 1.0}};{'d0': 0.02490583303560288};-276.475521606920;44.016881303589024
25716;-94.2208794998714;(((x * ((x * _a6_) + (_a1_ + (_a6_ + (_a2_ + _a4_))))) + _a1_) * x);{'d0': {'_a1_': 1.7751354041689238, '_a2_': 109881.14367929843, '_a4_': -109884.18894786478, '_a6_': 3.376760879916411, '_a0_': 1.0, '_a3_': 1.0, '_a5_': 1.0, '_a7_': 1.0}};{'d0': 0.02490583303560288};-276.475521606920;44.016881303589024
25717;-94.2208794998714;(((x * ((x * _a6_) + (_a1_ + (_a6_ + (_a2_ + _a4_))))) + _a1_) * x);{'d0': {'_a1_': 1.7751354041689238, '_a2_': 109881.14367929843, '_a4_': -109884.18894786478, '_a6_': 3.376760879916411, '_a0_': 1.0, '_a3_': 1.0, '_a5_': 1.0, '_a7_': 1.0}};{'d0': 0.02490583303560288};-276.475521606920;44.016881303589024
25718;-94.3411889204396;(((x * ((x * _a6_) + (_a1_ + (_a6_ + (_a2_ / _a4_))))) + _a1_) * x);{'d0': {'_a1_': 1.775135402088158, '_a2_': 1337120.7860647049, '_a4_': -439080.81072407775, '_a6_': 3.3767608916769443, '_a0_': 1.0, '_a3_': 1.0, '_a5_': 1.0, '_a7_': 1.0}};{'d0': 0.024905832921085353};-276.475521882801;43.89657202096142
25719;-94.3411889204396;(((x * ((x * _a6_) + (_a1_ + (_a6_ + (_a2_ / _a4_))))) + _a1_) * x);{'d0': {'_a1_': 1.775135402088158, '_a2_': 1337120.7860647049, '_a4_': -439080.81072407775, '_a6_': 3.3767608916769443, '_a0_': 1.0, '_a3_': 1.0, '_a5_': 1.0, '_a7_': 1.0}};{'d0': 0.024905832921085353};-276.475521882801;43.89657202096142
25720;-94.3411889204396;(((x * ((x * _a6_) + (_a1_ + (_a6_ + (_a2_ / _a4_))))) + _a1_) * x);{'d0': {'_a1_': 1.775135402088158, '_a2_': 1337120.7860647049, '_a4_': -439080.81072407775, '_a6_': 3.3767608916769443, '_a0_': 1.0, '_a3_': 1.0, '_a5_': 1.0, '_a7_': 1.0}};{'d0': 0.024905832921085353};-276.475521882801;43.89657202096142
25721;-94.3411889204396;(((x * ((x * _a6_) + (_a1_ + (_a6_ + (_a2_ / _a4_))))) + _a1_) * x);{'d0': {'_a1_': 1.775135402088158, '_a2_': 1337120.7860647049, '_a4_': -439080.81072407775, '_a6_': 3.3767608916769443, '_a0_': 1.0, '_a3_': 1.0, '_a5_': 1.0, '_a7_': 1.0}};{'d0': 0.024905832921085353};-276.475521882801;43.89657202096142
25722;-94.3411889204396;(((x * ((x * _a6_) + (_a1_ + (_a6_ + (_a2_ / _a4_))))) + _a1_) * x);{'d0': {'_a1_': 1.775135402088158, '_a2_': 1337120.7860647049, '_a4_': -439080.81072407775, '_a6_': 3.3767608916769443, '_a0_': 1.0, '_a3_': 1.0, '_a5_': 1.0, '_a7_': 1.0}};{'d0': 0.024905832921085353};-276.475521882801;43.89657202096142
25723;-102.188652969963;(((x * ((x * _a6_) + (_a1_ + (_a6_ + _a7_)))) + _a1_) * x);{'d0': {'_a1_': 1.7751354035774836, '_a6_': 3.3767608799039746, '_a7_': -3.045272215021581, '_a0_': 1.0, '_a2_': 1.0, '_a3_': 1.0, '_a4_': 1.0, '_a5_': 1.0}};{'d0': 0.024905832919416716};-280.569866449043;38.09628025455902
25724;-102.188652969963;(((x * ((x * _a6_) + (_a1_ + (_a6_ + _a7_)))) + _a1_) * x);{'d0': {'_a1_': 1.7751354035774836, '_a6_': 3.3767608799039746, '_a7_': -3.045272215021581, '_a0_': 1.0, '_a2_': 1.0, '_a3_': 1.0, '_a4_': 1.0, '_a5_': 1.0}};{'d0': 0.024905832919416716};-280.569866449043;38.09628025455902
25725;-102.188652969963;(((x * ((x * _a6_) + (_a1_ + (_a6_ + _a7_)))) + _a1_) * x);{'d0': {'_a1_': 1.7751354035774836, '_a6_': 3.3767608799039746, '_a7_': -3.045272215021581, '_a0_': 1.0, '_a2_': 1.0, '_a3_': 1.0, '_a4_': 1.0, '_a5_': 1.0}};{'d0': 0.024905832919416716};-280.569866449043;38.09628025455902
25726;-102.188652969963;(((x * ((x * _a6_) + (_a1_ + (_a6_ + _a7_)))) + _a1_) * x);{'d0': {'_a1_': 1.7751354035774836, '_a6_': 3.3767608799039746, '_a7_': -3.045272215021581, '_a0_': 1.0, '_a2_': 1.0, '_a3_': 1.0, '_a4_': 1.0, '_a5_': 1.0}};{'d0': 0.024905832919416716};-280.569866449043;38.09628025455902
25727;-98.4907184973531;(((x * ((x * _a6_) + (_a1_ + (_a6_ + _a7_)))) + pow2(_a1_)) * x);{'d0': {'_a1_': 1.3323420748049772, '_a6_': 3.3767608784688212, '_a7_': -2.6024788850626166, '_a0_': 1.0, '_a2_': 1.0, '_a3_': 1.0, '_a4_': 1.0, '_a5_': 1.0}};{'d0': 0.0249058329194166};-280.569866449044;41.79421472716902
25728;-98.4907184973531;(((x * ((x * _a6_) + (_a1_ + (_a6_ + _a7_)))) + pow2(_a1_)) * x);{'d0': {'_a1_': 1.3323420748049772, '_a6_': 3.3767608784688212, '_a7_': -2.6024788850626166, '_a0_': 1.0, '_a2_': 1.0, '_a3_': 1.0, '_a4_': 1.0, '_a5_': 1.0}};{'d0': 0.0249058329194166};-280.569866449044;41.79421472716902
25729;-98.4907184973531;(((x * ((x * _a6_) + (_a1_ + (_a6_ + _a7_)))) + pow2(_a1_)) * x);{'d0': {'_a1_': 1.3323420748049772, '_a6_': 3.3767608784688212, '_a7_': -2.6024788850626166, '_a0_': 1.0, '_a2_': 1.0, '_a3_': 1.0, '_a4_': 1.0, '_a5_': 1.0}};{'d0': 0.0249058329194166};-280.569866449044;41.79421472716902
25730;-98.4907184973531;(((x * ((x * _a6_) + (_a1_ + (_a6_ + _a7_)))) + pow2(_a1_)) * x);{'d0': {'_a1_': 1.3323420748049772, '_a6_': 3.3767608784688212, '_a7_': -2.6024788850626166, '_a0_': 1.0, '_a2_': 1.0, '_a3_': 1.0, '_a4_': 1.0, '_a5_': 1.0}};{'d0': 0.0249058329194166};-280.569866449044;41.79421472716902
25731;-98.4907184973531;(((x * ((x * _a6_) + (_a1_ + (_a6_ + _a7_)))) + pow2(_a1_)) * x);{'d0': {'_a1_': 1.3323420748049772, '_a6_': 3.3767608784688212, '_a7_': -2.6024788850626166, '_a0_': 1.0, '_a2_': 1.0, '_a3_': 1.0, '_a4_': 1.0, '_a5_': 1.0}};{'d0': 0.0249058329194166};-280.569866449044;41.79421472716902
25732;-98.4907184973531;(((x * ((x * _a6_) + (_a1_ + (_a6_ + _a7_)))) + pow2(_a1_)) * x);{'d0': {'_a1_': 1.3323420748049772, '_a6_': 3.3767608784688212, '_a7_': -2.6024788850626166, '_a0_': 1.0, '_a2_': 1.0, '_a3_': 1.0, '_a4_': 1.0, '_a5_': 1.0}};{'d0': 0.0249058329194166};-280.569866449044;41.79421472716902
25733;-98.4907184973531;(((x * ((x * _a6_) + (_a1_ + (_a6_ + _a7_)))) + pow2(_a1_)) * x);{'d0': {'_a1_': 1.3323420748049772, '_a6_': 3.3767608784688212, '_a7_': -2.6024788850626166, '_a0_': 1.0, '_a2_': 1.0, '_a3_': 1.0, '_a4_': 1.0, '_a5_': 1.0}};{'d0': 0.0249058329194166};-280.569866449044;41.79421472716902
25734;-98.4907184973530;(((x * ((x * _a6_) + (_a1_ + (x + _a7_)))) + pow2(_a1_)) * x);{'d0': {'_a1_': 1.3323420749668602, '_a6_': 2.37676087234717, '_a7_': 0.7742819884249598, '_a0_': 1.0, '_a2_': 1.0, '_a3_': 1.0, '_a4_': 1.0, '_a5_': 1.0}};{'d0': 0.024905832919416643};-280.569866449044;41.79421472716902
25735;-79.5492867572650;(((_a4_ * (pow2(((_a3_ * (_a1_ * ((_a5_ * -(x)) * _a5_))) + _a6_)) + _a4_)) * x) + _a2_);{'d0': {'_a1_': -383.20122769853583, '_a2_': -0.0010242210516265033, '_a3_': 0.16188862297707407, '_a4_': 1.201999971878634, '_a5_': -0.16444182316392114, '_a6_': 0.5238487349447994, '_a0_': 1.0, '_a7_': 1.0}};{'d0': 0.02488548250471452};-268.335878462002;54.618652473736475
25736;-98.4907184973530;(((x * ((x * _a6_) + (_a1_ + (x + _a7_)))) + pow2(_a1_)) * x);{'d0': {'_a1_': 1.3323420749668602, '_a6_': 2.37676087234717, '_a7_': 0.7742819884249598, '_a0_': 1.0, '_a2_': 1.0, '_a3_': 1.0, '_a4_': 1.0, '_a5_': 1.0}};{'d0': 0.024905832919416643};-280.569866449044;41.79421472716902
25737;-98.4907184973530;(((x * ((x * _a6_) + (_a1_ + (x + _a7_)))) + pow2(_a1_)) * x);{'d0': {'_a1_': 1.3323420749668602, '_a6_': 2.37676087234717, '_a7_': 0.7742819884249598, '_a0_': 1.0, '_a2_': 1.0, '_a3_': 1.0, '_a4_': 1.0, '_a5_': 1.0}};{'d0': 0.024905832919416643};-280.569866449044;41.79421472716902
25738;-98.4907184973530;(((x * ((x * _a6_) + (_a1_ + (x + _a7_)))) + pow2(_a1_)) * x);{'d0': {'_a1_': 1.3323420749668602, '_a6_': 2.37676087234717, '_a7_': 0.7742819884249598, '_a0_': 1.0, '_a2_': 1.0, '_a3_': 1.0, '_a4_': 1.0, '_a5_': 1.0}};{'d0': 0.024905832919416643};-280.569866449044;41.79421472716902
25739;-98.4907184973530;(((x * ((x * _a6_) + (_a1_ + (x + _a7_)))) + pow2(_a1_)) * x);{'d0': {'_a1_': 1.3323420749668602, '_a6_': 2.37676087234717, '_a7_': 0.7742819884249598, '_a0_': 1.0, '_a2_': 1.0, '_a3_': 1.0, '_a4_': 1.0, '_a5_': 1.0}};{'d0': 0.024905832919416643};-280.569866449044;41.79421472716902
25740;-98.4907184973530;(((x * ((x * _a6_) + (_a1_ + (x + _a7_)))) + pow2(_a1_)) * x);{'d0': {'_a1_': 1.3323420749668602, '_a6_': 2.37676087234717, '_a7_': 0.7742819884249598, '_a0_': 1.0, '_a2_': 1.0, '_a3_': 1.0, '_a4_': 1.0, '_a5_': 1.0}};{'d0': 0.024905832919416643};-280.569866449044;41.79421472716902
25741;-98.4907184973530;(((x * ((x * _a6_) + (_a1_ + (x + _a7_)))) + pow2(_a1_)) * x);{'d0': {'_a1_': 1.3323420749668602, '_a6_': 2.37676087234717, '_a7_': 0.7742819884249598, '_a0_': 1.0, '_a2_': 1.0, '_a3_': 1.0, '_a4_': 1.0, '_a5_': 1.0}};{'d0': 0.024905832919416643};-280.569866449044;41.79421472716902
25742;-98.4907184973530;(((x * ((x * _a6_) + (_a1_ + (x + _a7_)))) + pow2(_a1_)) * x);{'d0': {'_a1_': 1.3323420749668602, '_a6_': 2.37676087234717, '_a7_': 0.7742819884249598, '_a0_': 1.0, '_a2_': 1.0, '_a3_': 1.0, '_a4_': 1.0, '_a5_': 1.0}};{'d0': 0.024905832919416643};-280.569866449044;41.79421472716902
25743;-98.4907184973530;(((x * ((x * _a6_) + (_a1_ + (x + _a7_)))) + pow2(_a1_)) * x);{'d0': {'_a1_': 1.3323420749668602, '_a6_': 2.37676087234717, '_a7_': 0.7742819884249598, '_a0_': 1.0, '_a2_': 1.0, '_a3_': 1.0, '_a4_': 1.0, '_a5_': 1.0}};{'d0': 0.024905832919416643};-280.569866449044;41.79421472716902
25744;-98.4907184973530;(((x * ((x * _a6_) + (_a1_ + (x + _a7_)))) + pow2(_a1_)) * x);{'d0': {'_a1_': 1.3323420749668602, '_a6_': 2.37676087234717, '_a7_': 0.7742819884249598, '_a0_': 1.0, '_a2_': 1.0, '_a3_': 1.0, '_a4_': 1.0, '_a5_': 1.0}};{'d0': 0.024905832919416643};-280.569866449044;41.79421472716902
25745;-98.4907184973530;(((x * ((x * _a6_) + (_a1_ + (x + _a7_)))) + pow2(_a1_)) * x);{'d0': {'_a1_': 1.3323420749668602, '_a6_': 2.37676087234717, '_a7_': 0.7742819884249598, '_a0_': 1.0, '_a2_': 1.0, '_a3_': 1.0, '_a4_': 1.0, '_a5_': 1.0}};{'d0': 0.024905832919416643};-280.569866449044;41.79421472716902
25746;-98.4907184973530;(((x * ((x * _a6_) + (_a1_ + (x + _a7_)))) + pow2(_a1_)) * x);{'d0': {'_a1_': 1.3323420749668602, '_a6_': 2.37676087234717, '_a7_': 0.7742819884249598, '_a0_': 1.0, '_a2_': 1.0, '_a3_': 1.0, '_a4_': 1.0, '_a5_': 1.0}};{'d0': 0.024905832919416643};-280.569866449044;41.79421472716902
25747;-98.4907184973530;(((x * ((x * _a6_) + (_a1_ + (x + _a7_)))) + pow2(_a1_)) * x);{'d0': {'_a1_': 1.3323420749668602, '_a6_': 2.37676087234717, '_a7_': 0.7742819884249598, '_a0_': 1.0, '_a2_': 1.0, '_a3_': 1.0, '_a4_': 1.0, '_a5_': 1.0}};{'d0': 0.024905832919416643};-280.569866449044;41.79421472716902
25748;-98.4907184973530;(((x * ((x * _a6_) + (_a1_ + (x + _a7_)))) + pow2(_a1_)) * x);{'d0': {'_a1_': 1.3323420749668602, '_a6_': 2.37676087234717, '_a7_': 0.7742819884249598, '_a0_': 1.0, '_a2_': 1.0, '_a3_': 1.0, '_a4_': 1.0, '_a5_': 1.0}};{'d0': 0.024905832919416643};-280.569866449044;41.79421472716902
25749;-98.4907184973530;(((x * ((x * _a6_) + (_a1_ + (x + _a7_)))) + pow2(_a1_)) * x);{'d0': {'_a1_': 1.3323420749668602, '_a6_': 2.37676087234717, '_a7_': 0.7742819884249598, '_a0_': 1.0, '_a2_': 1.0, '_a3_': 1.0, '_a4_': 1.0, '_a5_': 1.0}};{'d0': 0.024905832919416643};-280.569866449044;41.79421472716902
25750;-98.4907184973530;(((x * ((x * _a6_) + (_a1_ + (x + _a7_)))) + pow2(_a1_)) * x);{'d0': {'_a1_': 1.3323420749668602, '_a6_': 2.37676087234717, '_a7_': 0.7742819884249598, '_a0_': 1.0, '_a2_': 1.0, '_a3_': 1.0, '_a4_': 1.0, '_a5_': 1.0}};{'d0': 0.024905832919416643};-280.569866449044;41.79421472716902
25751;-98.4907184973530;(((x * ((x * _a6_) + (_a1_ + (x + _a7_)))) + pow2(_a1_)) * x);{'d0': {'_a1_': 1.3323420749668602, '_a6_': 2.37676087234717, '_a7_': 0.7742819884249598, '_a0_': 1.0, '_a2_': 1.0, '_a3_': 1.0, '_a4_': 1.0, '_a5_': 1.0}};{'d0': 0.024905832919416643};-280.569866449044;41.79421472716902
25752;-96.3883612035606;(((x * ((x * _a6_) + (_a1_ + (x + _a7_)))) + (_a7_ / _a6_)) * x);{'d0': {'_a1_': -2.1124483134015732, '_a6_': 2.3767608768390267, '_a7_': 4.219072380529966, '_a0_': 1.0, '_a2_': 1.0, '_a3_': 1.0, '_a4_': 1.0, '_a5_': 1.0}};{'d0': 0.024905832919416664};-280.569866449044;43.89657202096142
25753;-96.3883612035606;(((x * ((x * _a6_) + (_a1_ + (x + _a7_)))) + (_a7_ / _a6_)) * x);{'d0': {'_a1_': -2.1124483134015732, '_a6_': 2.3767608768390267, '_a7_': 4.219072380529966, '_a0_': 1.0, '_a2_': 1.0, '_a3_': 1.0, '_a4_': 1.0, '_a5_': 1.0}};{'d0': 0.024905832919416664};-280.569866449044;43.89657202096142
25754;-96.3883612035606;(((x * ((x * _a6_) + (_a1_ + (x + _a7_)))) + (_a7_ / _a6_)) * x);{'d0': {'_a1_': -2.1124483134015732, '_a6_': 2.3767608768390267, '_a7_': 4.219072380529966, '_a0_': 1.0, '_a2_': 1.0, '_a3_': 1.0, '_a4_': 1.0, '_a5_': 1.0}};{'d0': 0.024905832919416664};-280.569866449044;43.89657202096142
25755;-96.3883612035606;(((x * ((x * _a6_) + (_a1_ + (x + _a7_)))) + (_a7_ / _a6_)) * x);{'d0': {'_a1_': -2.1124483134015732, '_a6_': 2.3767608768390267, '_a7_': 4.219072380529966, '_a0_': 1.0, '_a2_': 1.0, '_a3_': 1.0, '_a4_': 1.0, '_a5_': 1.0}};{'d0': 0.024905832919416664};-280.569866449044;43.89657202096142
25756;-96.3883612035606;(((x * ((x * _a6_) + (_a1_ + (x + _a7_)))) + (_a7_ / _a6_)) * x);{'d0': {'_a1_': -2.1124483134015732, '_a6_': 2.3767608768390267, '_a7_': 4.219072380529966, '_a0_': 1.0, '_a2_': 1.0, '_a3_': 1.0, '_a4_': 1.0, '_a5_': 1.0}};{'d0': 0.024905832919416664};-280.569866449044;43.89657202096142
25757;-96.3883612035606;(((x * ((x * _a6_) + (_a1_ + (x + _a7_)))) + (_a7_ / _a6_)) * x);{'d0': {'_a1_': -2.1124483134015732, '_a6_': 2.3767608768390267, '_a7_': 4.219072380529966, '_a0_': 1.0, '_a2_': 1.0, '_a3_': 1.0, '_a4_': 1.0, '_a5_': 1.0}};{'d0': 0.024905832919416664};-280.569866449044;43.89657202096142
25758;-96.3883612035606;(((x * ((x * _a6_) + (_a1_ + (x + _a7_)))) + (_a7_ / _a6_)) * x);{'d0': {'_a1_': -2.1124483134015732, '_a6_': 2.3767608768390267, '_a7_': 4.219072380529966, '_a0_': 1.0, '_a2_': 1.0, '_a3_': 1.0, '_a4_': 1.0, '_a5_': 1.0}};{'d0': 0.024905832919416664};-280.569866449044;43.89657202096142
25759;-96.3883612035606;(((x * ((x * _a6_) + (_a1_ + (x + _a7_)))) + (_a7_ / _a6_)) * x);{'d0': {'_a1_': -2.1124483134015732, '_a6_': 2.3767608768390267, '_a7_': 4.219072380529966, '_a0_': 1.0, '_a2_': 1.0, '_a3_': 1.0, '_a4_': 1.0, '_a5_': 1.0}};{'d0': 0.024905832919416664};-280.569866449044;43.89657202096142
25760;-94.3411889224420;(((x * ((x * _a6_) + (_a1_ + (x + _a7_)))) + (_a7_ / _a4_)) * x);{'d0': {'_a1_': -115.37803410968472, '_a4_': 66.1834903236384, '_a6_': 2.3767608818244783, '_a7_': 117.484658227421, '_a0_': 1.0, '_a2_': 1.0, '_a3_': 1.0, '_a5_': 1.0}};{'d0': 0.024905832919422968};-276.475521886806;43.89657202096142
25761;-94.3411889224486;(((x * ((x * _a6_) + (_a1_ + (x + x)))) + (_a7_ / _a4_)) * x);{'d0': {'_a1_': 2.1066240704528525, '_a4_': 93216.72438647483, '_a6_': 1.3767608816161139, '_a7_': 165472.30838865382, '_a0_': 1.0, '_a2_': 1.0, '_a3_': 1.0, '_a5_': 1.0}};{'d0': 0.02490583291941752};-276.475521886819;43.89657202096142
25762;-94.3411889224486;(((x * ((x * _a6_) + (_a1_ + (x + x)))) + (_a7_ / _a4_)) * x);{'d0': {'_a1_': 2.1066240704528525, '_a4_': 93216.72438647483, '_a6_': 1.3767608816161139, '_a7_': 165472.30838865382, '_a0_': 1.0, '_a2_': 1.0, '_a3_': 1.0, '_a5_': 1.0}};{'d0': 0.02490583291941752};-276.475521886819;43.89657202096142
25763;-100.261789971278;(((x * ((x * _a6_) + (_a1_ + _a4_))) + (_a7_ / _a4_)) * x);{'d0': {'_a1_': -57.5912915259835, '_a4_': 59.69791569055209, '_a6_': 3.376760882266558, '_a7_': 105.97189313094364, '_a0_': 1.0, '_a2_': 1.0, '_a3_': 1.0, '_a5_': 1.0}};{'d0': 0.024905832919583974};-276.475521886418;37.975970971931424
25764;-100.261789971278;(((x * ((x * _a6_) + (_a1_ + _a4_))) + (_a7_ / _a4_)) * x);{'d0': {'_a1_': -57.5912915259835, '_a4_': 59.69791569055209, '_a6_': 3.376760882266558, '_a7_': 105.97189313094364, '_a0_': 1.0, '_a2_': 1.0, '_a3_': 1.0, '_a5_': 1.0}};{'d0': 0.024905832919583974};-276.475521886418;37.975970971931424
25765;-100.261789971278;(((x * ((x * _a6_) + (_a1_ + _a4_))) + (_a7_ / _a4_)) * x);{'d0': {'_a1_': -57.5912915259835, '_a4_': 59.69791569055209, '_a6_': 3.376760882266558, '_a7_': 105.97189313094364, '_a0_': 1.0, '_a2_': 1.0, '_a3_': 1.0, '_a5_': 1.0}};{'d0': 0.024905832919583974};-276.475521886418;37.975970971931424
25766;-100.261789971278;(((x * ((x * _a6_) + (_a1_ + _a4_))) + (_a7_ / _a4_)) * x);{'d0': {'_a1_': -57.5912915259835, '_a4_': 59.69791569055209, '_a6_': 3.376760882266558, '_a7_': 105.97189313094364, '_a0_': 1.0, '_a2_': 1.0, '_a3_': 1.0, '_a5_': 1.0}};{'d0': 0.024905832919583974};-276.475521886418;37.975970971931424
25767;-100.261789971278;(((x * ((x * _a6_) + (_a1_ + _a4_))) + (_a7_ / _a4_)) * x);{'d0': {'_a1_': -57.5912915259835, '_a4_': 59.69791569055209, '_a6_': 3.376760882266558, '_a7_': 105.97189313094364, '_a0_': 1.0, '_a2_': 1.0, '_a3_': 1.0, '_a5_': 1.0}};{'d0': 0.024905832919583974};-276.475521886418;37.975970971931424
25768;-100.261789971278;(((x * ((x * _a6_) + (_a1_ + _a4_))) + (_a7_ / _a4_)) * x);{'d0': {'_a1_': -57.5912915259835, '_a4_': 59.69791569055209, '_a6_': 3.376760882266558, '_a7_': 105.97189313094364, '_a0_': 1.0, '_a2_': 1.0, '_a3_': 1.0, '_a5_': 1.0}};{'d0': 0.024905832919583974};-276.475521886418;37.975970971931424
25769;-100.261789971278;(((x * ((x * _a6_) + (_a1_ + _a4_))) + (_a7_ / _a4_)) * x);{'d0': {'_a1_': -57.5912915259835, '_a4_': 59.69791569055209, '_a6_': 3.376760882266558, '_a7_': 105.97189313094364, '_a0_': 1.0, '_a2_': 1.0, '_a3_': 1.0, '_a5_': 1.0}};{'d0': 0.024905832919583974};-276.475521886418;37.975970971931424
25770;-100.261789971278;(((x * ((x * _a6_) + (_a1_ + _a4_))) + (_a7_ / _a4_)) * x);{'d0': {'_a1_': -57.5912915259835, '_a4_': 59.69791569055209, '_a6_': 3.376760882266558, '_a7_': 105.97189313094364, '_a0_': 1.0, '_a2_': 1.0, '_a3_': 1.0, '_a5_': 1.0}};{'d0': 0.024905832919583974};-276.475521886418;37.975970971931424
25771;-100.261789971278;(((x * ((x * _a6_) + (_a1_ + _a4_))) + (_a7_ / _a4_)) * x);{'d0': {'_a1_': -57.5912915259835, '_a4_': 59.69791569055209, '_a6_': 3.376760882266558, '_a7_': 105.97189313094364, '_a0_': 1.0, '_a2_': 1.0, '_a3_': 1.0, '_a5_': 1.0}};{'d0': 0.024905832919583974};-276.475521886418;37.975970971931424
25772;-105.382580669956;((((_a2_ * x) + pow2(((x * _a3_) * _a7_))) + _a3_) * x);{'d0': {'_a2_': 2.106624067969932, '_a3_': 1.7751354042371006, '_a7_': 1.0351866627079724, '_a0_': 1.0, '_a1_': 1.0, '_a4_': 1.0, '_a5_': 1.0, '_a6_': 1.0}};{'d0': 0.024905832919416615};-280.569866449044;34.90235255456611
25773;-105.382580669956;((((_a2_ * x) + pow2(((x * _a3_) * _a7_))) + _a3_) * x);{'d0': {'_a2_': 2.106624067969932, '_a3_': 1.7751354042371006, '_a7_': 1.0351866627079724, '_a0_': 1.0, '_a1_': 1.0, '_a4_': 1.0, '_a5_': 1.0, '_a6_': 1.0}};{'d0': 0.024905832919416615};-280.569866449044;34.90235255456611
25774;-100.261789971278;(((x * ((x * _a6_) + (_a1_ + _a4_))) + (_a7_ / _a4_)) * x);{'d0': {'_a1_': -57.5912915259835, '_a4_': 59.69791569055209, '_a6_': 3.376760882266558, '_a7_': 105.97189313094364, '_a0_': 1.0, '_a2_': 1.0, '_a3_': 1.0, '_a5_': 1.0}};{'d0': 0.024905832919583974};-276.475521886418;37.975970971931424
25775;-100.261789971278;(((x * ((x * _a6_) + (_a1_ + _a4_))) + (_a7_ / _a4_)) * x);{'d0': {'_a1_': -57.5912915259835, '_a4_': 59.69791569055209, '_a6_': 3.376760882266558, '_a7_': 105.97189313094364, '_a0_': 1.0, '_a2_': 1.0, '_a3_': 1.0, '_a5_': 1.0}};{'d0': 0.024905832919583974};-276.475521886418;37.975970971931424
25776;-100.261789971278;(((x * ((x * _a6_) + (_a1_ + _a4_))) + (_a7_ / _a4_)) * x);{'d0': {'_a1_': -57.5912915259835, '_a4_': 59.69791569055209, '_a6_': 3.376760882266558, '_a7_': 105.97189313094364, '_a0_': 1.0, '_a2_': 1.0, '_a3_': 1.0, '_a5_': 1.0}};{'d0': 0.024905832919583974};-276.475521886418;37.975970971931424
25777;-100.261789971278;(((x * ((x * _a6_) + (_a1_ + _a4_))) + (_a7_ / _a4_)) * x);{'d0': {'_a1_': -57.5912915259835, '_a4_': 59.69791569055209, '_a6_': 3.376760882266558, '_a7_': 105.97189313094364, '_a0_': 1.0, '_a2_': 1.0, '_a3_': 1.0, '_a5_': 1.0}};{'d0': 0.024905832919583974};-276.475521886418;37.975970971931424
25778;-100.261789971467;(((x * ((x * _a6_) + (_a1_ + x))) + (_a7_ / _a4_)) * x);{'d0': {'_a1_': 2.106624067845887, '_a4_': 39754.46353376805, '_a6_': 2.376760877613684, '_a7_': 70569.5546704049, '_a0_': 1.0, '_a2_': 1.0, '_a3_': 1.0, '_a5_': 1.0}};{'d0': 0.02490583291942713};-276.475521886796;37.975970971931424
25779;-100.261789971467;(((x * ((x * _a6_) + (_a1_ + x))) + (_a7_ / _a4_)) * x);{'d0': {'_a1_': 2.106624067845887, '_a4_': 39754.46353376805, '_a6_': 2.376760877613684, '_a7_': 70569.5546704049, '_a0_': 1.0, '_a2_': 1.0, '_a3_': 1.0, '_a5_': 1.0}};{'d0': 0.02490583291942713};-276.475521886796;37.975970971931424
25780;-100.261789971467;(((x * ((x * _a6_) + (_a1_ + x))) + (_a7_ / _a4_)) * x);{'d0': {'_a1_': 2.106624067845887, '_a4_': 39754.46353376805, '_a6_': 2.376760877613684, '_a7_': 70569.5546704049, '_a0_': 1.0, '_a2_': 1.0, '_a3_': 1.0, '_a5_': 1.0}};{'d0': 0.02490583291942713};-276.475521886796;37.975970971931424
25781;-100.261789971467;(((x * ((x * _a6_) + (_a1_ + x))) + (_a7_ / _a4_)) * x);{'d0': {'_a1_': 2.106624067845887, '_a4_': 39754.46353376805, '_a6_': 2.376760877613684, '_a7_': 70569.5546704049, '_a0_': 1.0, '_a2_': 1.0, '_a3_': 1.0, '_a5_': 1.0}};{'d0': 0.02490583291942713};-276.475521886796;37.975970971931424
25782;-100.261789971467;(((x * ((x * _a6_) + (_a1_ + x))) + (_a7_ / _a4_)) * x);{'d0': {'_a1_': 2.106624067845887, '_a4_': 39754.46353376805, '_a6_': 2.376760877613684, '_a7_': 70569.5546704049, '_a0_': 1.0, '_a2_': 1.0, '_a3_': 1.0, '_a5_': 1.0}};{'d0': 0.02490583291942713};-276.475521886796;37.975970971931424
25783;-100.261789971467;(((x * ((x * _a6_) + (_a1_ + x))) + (_a7_ / _a4_)) * x);{'d0': {'_a1_': 2.106624067845887, '_a4_': 39754.46353376805, '_a6_': 2.376760877613684, '_a7_': 70569.5546704049, '_a0_': 1.0, '_a2_': 1.0, '_a3_': 1.0, '_a5_': 1.0}};{'d0': 0.02490583291942713};-276.475521886796;37.975970971931424
25784;-100.261789971467;(((x * ((x * _a6_) + (_a1_ + x))) + (_a7_ / _a4_)) * x);{'d0': {'_a1_': 2.106624067845887, '_a4_': 39754.46353376805, '_a6_': 2.376760877613684, '_a7_': 70569.5546704049, '_a0_': 1.0, '_a2_': 1.0, '_a3_': 1.0, '_a5_': 1.0}};{'d0': 0.02490583291942713};-276.475521886796;37.975970971931424
25785;-100.261789971467;(((x * ((x * _a6_) + (_a1_ + x))) + (_a7_ / _a4_)) * x);{'d0': {'_a1_': 2.106624067845887, '_a4_': 39754.46353376805, '_a6_': 2.376760877613684, '_a7_': 70569.5546704049, '_a0_': 1.0, '_a2_': 1.0, '_a3_': 1.0, '_a5_': 1.0}};{'d0': 0.02490583291942713};-276.475521886796;37.975970971931424
25786;-100.261789971467;(((x * ((x * _a6_) + (_a1_ + x))) + (_a7_ / _a4_)) * x);{'d0': {'_a1_': 2.106624067845887, '_a4_': 39754.46353376805, '_a6_': 2.376760877613684, '_a7_': 70569.5546704049, '_a0_': 1.0, '_a2_': 1.0, '_a3_': 1.0, '_a5_': 1.0}};{'d0': 0.02490583291942713};-276.475521886796;37.975970971931424
25787;-100.261789971467;(((x * ((x * _a6_) + (_a1_ + x))) + (_a7_ / _a4_)) * x);{'d0': {'_a1_': 2.106624067845887, '_a4_': 39754.46353376805, '_a6_': 2.376760877613684, '_a7_': 70569.5546704049, '_a0_': 1.0, '_a2_': 1.0, '_a3_': 1.0, '_a5_': 1.0}};{'d0': 0.02490583291942713};-276.475521886796;37.975970971931424
25788;-100.261789971467;(((x * ((x * _a6_) + (_a1_ + x))) + (_a7_ / _a4_)) * x);{'d0': {'_a1_': 2.106624067845887, '_a4_': 39754.46353376805, '_a6_': 2.376760877613684, '_a7_': 70569.5546704049, '_a0_': 1.0, '_a2_': 1.0, '_a3_': 1.0, '_a5_': 1.0}};{'d0': 0.02490583291942713};-276.475521886796;37.975970971931424
25789;-100.360883458177;(((((_a6_ * _a3_) * x) + pow2(((x * _a3_) * _a7_))) + _a3_) * x);{'d0': {'_a3_': 1.7751354026154624, '_a6_': 1.186739932273044, '_a7_': 1.0351866639887415, '_a0_': 1.0, '_a1_': 1.0, '_a2_': 1.0, '_a4_': 1.0, '_a5_': 1.0}};{'d0': 0.024905832919416566};-280.569866449044;39.92404976634511
25790;-100.360883458177;(((((_a6_ * _a3_) * x) + pow2(((x * _a3_) * _a7_))) + _a3_) * x);{'d0': {'_a3_': 1.7751354026154624, '_a6_': 1.186739932273044, '_a7_': 1.0351866639887415, '_a0_': 1.0, '_a1_': 1.0, '_a2_': 1.0, '_a4_': 1.0, '_a5_': 1.0}};{'d0': 0.024905832919416566};-280.569866449044;39.92404976634511
25791;-100.360883458177;(((((_a6_ * _a3_) * x) + pow2(((x * _a3_) * _a7_))) + _a3_) * x);{'d0': {'_a3_': 1.7751354026154624, '_a6_': 1.186739932273044, '_a7_': 1.0351866639887415, '_a0_': 1.0, '_a1_': 1.0, '_a2_': 1.0, '_a4_': 1.0, '_a5_': 1.0}};{'d0': 0.024905832919416566};-280.569866449044;39.92404976634511
25792;-100.360883458177;(((((_a6_ * _a3_) * x) + pow2(((x * _a3_) * _a7_))) + _a3_) * x);{'d0': {'_a3_': 1.7751354026154624, '_a6_': 1.186739932273044, '_a7_': 1.0351866639887415, '_a0_': 1.0, '_a1_': 1.0, '_a2_': 1.0, '_a4_': 1.0, '_a5_': 1.0}};{'d0': 0.024905832919416566};-280.569866449044;39.92404976634511
25793;-105.382580669956;((((_a2_ * x) + pow2(((x * _a3_) * _a7_))) + _a3_) * x);{'d0': {'_a2_': 2.106624067969932, '_a3_': 1.7751354042371006, '_a7_': 1.0351866627079724, '_a0_': 1.0, '_a1_': 1.0, '_a4_': 1.0, '_a5_': 1.0, '_a6_': 1.0}};{'d0': 0.024905832919416615};-280.569866449044;34.90235255456611
25794;-105.382580669956;((((_a2_ * x) + pow2(((x * _a3_) * _a7_))) + _a3_) * x);{'d0': {'_a2_': 2.106624067969932, '_a3_': 1.7751354042371006, '_a7_': 1.0351866627079724, '_a0_': 1.0, '_a1_': 1.0, '_a4_': 1.0, '_a5_': 1.0, '_a6_': 1.0}};{'d0': 0.024905832919416615};-280.569866449044;34.90235255456611
25795;-105.382580669956;((((_a2_ * x) + pow2(((x * _a3_) * _a7_))) + _a3_) * x);{'d0': {'_a2_': 2.106624067969932, '_a3_': 1.7751354042371006, '_a7_': 1.0351866627079724, '_a0_': 1.0, '_a1_': 1.0, '_a4_': 1.0, '_a5_': 1.0, '_a6_': 1.0}};{'d0': 0.024905832919416615};-280.569866449044;34.90235255456611
25796;-101.702633509696;((((_a2_ * x) + pow2(((x * _a3_) * -(_a0_)))) + _a3_) * x);{'d0': {'_a0_': 1.0351866621035388, '_a2_': 2.1066240673365866, '_a3_': 1.7751354048442136, '_a1_': 1.0, '_a4_': 1.0, '_a5_': 1.0, '_a6_': 1.0, '_a7_': 1.0}};{'d0': 0.024905832919416608};-280.569866449044;38.5822997148265
25797;-101.702633509696;((((_a2_ * x) + pow2(((x * _a3_) * -(_a0_)))) + _a3_) * x);{'d0': {'_a0_': 1.0351866621035388, '_a2_': 2.1066240673365866, '_a3_': 1.7751354048442136, '_a1_': 1.0, '_a4_': 1.0, '_a5_': 1.0, '_a6_': 1.0, '_a7_': 1.0}};{'d0': 0.024905832919416608};-280.569866449044;38.5822997148265
25798;-101.702633509696;((((_a2_ * x) + pow2(((x * _a3_) * -(_a0_)))) + _a3_) * x);{'d0': {'_a0_': 1.0351866621035388, '_a2_': 2.1066240673365866, '_a3_': 1.7751354048442136, '_a1_': 1.0, '_a4_': 1.0, '_a5_': 1.0, '_a6_': 1.0, '_a7_': 1.0}};{'d0': 0.024905832919416608};-280.569866449044;38.5822997148265
25799;-100.261789971467;(((x * ((x * _a6_) + (_a1_ + x))) + (_a7_ / _a4_)) * x);{'d0': {'_a1_': 2.106624067845887, '_a4_': 39754.46353376805, '_a6_': 2.376760877613684, '_a7_': 70569.5546704049, '_a0_': 1.0, '_a2_': 1.0, '_a3_': 1.0, '_a5_': 1.0}};{'d0': 0.02490583291942713};-276.475521886796;37.975970971931424
25800;-100.261789971467;(((x * ((x * _a6_) + (_a1_ + x))) + (_a7_ / _a4_)) * x);{'d0': {'_a1_': 2.106624067845887, '_a4_': 39754.46353376805, '_a6_': 2.376760877613684, '_a7_': 70569.5546704049, '_a0_': 1.0, '_a2_': 1.0, '_a3_': 1.0, '_a5_': 1.0}};{'d0': 0.02490583291942713};-276.475521886796;37.975970971931424
25801;-100.261789971467;(((x * ((x * _a6_) + (_a1_ + x))) + (_a7_ / _a4_)) * x);{'d0': {'_a1_': 2.106624067845887, '_a4_': 39754.46353376805, '_a6_': 2.376760877613684, '_a7_': 70569.5546704049, '_a0_': 1.0, '_a2_': 1.0, '_a3_': 1.0, '_a5_': 1.0}};{'d0': 0.02490583291942713};-276.475521886796;37.975970971931424
25802;-100.261789971467;(((x * ((x * _a6_) + (_a1_ + x))) + (_a7_ / _a4_)) * x);{'d0': {'_a1_': 2.106624067845887, '_a4_': 39754.46353376805, '_a6_': 2.376760877613684, '_a7_': 70569.5546704049, '_a0_': 1.0, '_a2_': 1.0, '_a3_': 1.0, '_a5_': 1.0}};{'d0': 0.02490583291942713};-276.475521886796;37.975970971931424
25803;-100.261789971467;(((x * ((x * _a6_) + (_a1_ + x))) + (_a7_ / _a4_)) * x);{'d0': {'_a1_': 2.106624067845887, '_a4_': 39754.46353376805, '_a6_': 2.376760877613684, '_a7_': 70569.5546704049, '_a0_': 1.0, '_a2_': 1.0, '_a3_': 1.0, '_a5_': 1.0}};{'d0': 0.02490583291942713};-276.475521886796;37.975970971931424
25804;-100.261789971467;(((x * ((x * _a6_) + (_a1_ + x))) + (_a7_ / _a4_)) * x);{'d0': {'_a1_': 2.106624067845887, '_a4_': 39754.46353376805, '_a6_': 2.376760877613684, '_a7_': 70569.5546704049, '_a0_': 1.0, '_a2_': 1.0, '_a3_': 1.0, '_a5_': 1.0}};{'d0': 0.02490583291942713};-276.475521886796;37.975970971931424
25805;-100.261789971467;(((x * ((x * _a6_) + (_a1_ + x))) + (_a7_ / _a4_)) * x);{'d0': {'_a1_': 2.106624067845887, '_a4_': 39754.46353376805, '_a6_': 2.376760877613684, '_a7_': 70569.5546704049, '_a0_': 1.0, '_a2_': 1.0, '_a3_': 1.0, '_a5_': 1.0}};{'d0': 0.02490583291942713};-276.475521886796;37.975970971931424
25806;-100.261789971467;(((x * ((x * _a6_) + (_a1_ + x))) + (_a7_ / _a4_)) * x);{'d0': {'_a1_': 2.106624067845887, '_a4_': 39754.46353376805, '_a6_': 2.376760877613684, '_a7_': 70569.5546704049, '_a0_': 1.0, '_a2_': 1.0, '_a3_': 1.0, '_a5_': 1.0}};{'d0': 0.02490583291942713};-276.475521886796;37.975970971931424
25807;-100.261789971467;(((x * ((x * _a6_) + (_a1_ + x))) + (_a7_ / _a4_)) * x);{'d0': {'_a1_': 2.106624067845887, '_a4_': 39754.46353376805, '_a6_': 2.376760877613684, '_a7_': 70569.5546704049, '_a0_': 1.0, '_a2_': 1.0, '_a3_': 1.0, '_a5_': 1.0}};{'d0': 0.02490583291942713};-276.475521886796;37.975970971931424
25808;-100.261789971467;(((x * ((x * _a6_) + (_a1_ + x))) + (_a7_ / _a4_)) * x);{'d0': {'_a1_': 2.106624067845887, '_a4_': 39754.46353376805, '_a6_': 2.376760877613684, '_a7_': 70569.5546704049, '_a0_': 1.0, '_a2_': 1.0, '_a3_': 1.0, '_a5_': 1.0}};{'d0': 0.02490583291942713};-276.475521886796;37.975970971931424
25809;-100.261789971467;(((x * ((x * _a6_) + (_a1_ + x))) + (_a7_ / _a4_)) * x);{'d0': {'_a1_': 2.106624067845887, '_a4_': 39754.46353376805, '_a6_': 2.376760877613684, '_a7_': 70569.5546704049, '_a0_': 1.0, '_a2_': 1.0, '_a3_': 1.0, '_a5_': 1.0}};{'d0': 0.02490583291942713};-276.475521886796;37.975970971931424
25810;-102.308962252591;(((x * ((x * _a6_) + (_a4_ + x))) + (_a7_ / _a4_)) * x);{'d0': {'_a4_': 2.1066240679239607, '_a6_': 2.3767608785700567, '_a7_': 3.7395429659916126, '_a0_': 1.0, '_a1_': 1.0, '_a2_': 1.0, '_a3_': 1.0, '_a5_': 1.0}};{'d0': 0.02490583291941659};-280.569866449044;37.975970971931424
25811;-102.308962252591;(((x * ((x * _a6_) + (_a4_ + x))) + (_a7_ / _a4_)) * x);{'d0': {'_a4_': 2.1066240679239607, '_a6_': 2.3767608785700567, '_a7_': 3.7395429659916126, '_a0_': 1.0, '_a1_': 1.0, '_a2_': 1.0, '_a3_': 1.0, '_a5_': 1.0}};{'d0': 0.02490583291941659};-280.569866449044;37.975970971931424
25812;-102.308962252591;(((x * ((x * _a6_) + (_a4_ + x))) + (_a7_ / _a4_)) * x);{'d0': {'_a4_': 2.1066240679239607, '_a6_': 2.3767608785700567, '_a7_': 3.7395429659916126, '_a0_': 1.0, '_a1_': 1.0, '_a2_': 1.0, '_a3_': 1.0, '_a5_': 1.0}};{'d0': 0.02490583291941659};-280.569866449044;37.975970971931424
25813;-102.308962252591;(((x * ((x * _a6_) + (_a4_ + x))) + (_a7_ / _a4_)) * x);{'d0': {'_a4_': 2.1066240679239607, '_a6_': 2.3767608785700567, '_a7_': 3.7395429659916126, '_a0_': 1.0, '_a1_': 1.0, '_a2_': 1.0, '_a3_': 1.0, '_a5_': 1.0}};{'d0': 0.02490583291941659};-280.569866449044;37.975970971931424
25814;-102.308962252591;(((x * ((x * _a6_) + (_a4_ + x))) + (_a7_ / _a4_)) * x);{'d0': {'_a4_': 2.1066240679239607, '_a6_': 2.3767608785700567, '_a7_': 3.7395429659916126, '_a0_': 1.0, '_a1_': 1.0, '_a2_': 1.0, '_a3_': 1.0, '_a5_': 1.0}};{'d0': 0.02490583291941659};-280.569866449044;37.975970971931424
25815;-102.308962252591;(((x * ((x * _a6_) + (_a4_ + x))) + (_a7_ / _a4_)) * x);{'d0': {'_a4_': 2.1066240679239607, '_a6_': 2.3767608785700567, '_a7_': 3.7395429659916126, '_a0_': 1.0, '_a1_': 1.0, '_a2_': 1.0, '_a3_': 1.0, '_a5_': 1.0}};{'d0': 0.02490583291941659};-280.569866449044;37.975970971931424
25816;-102.308962252591;(((x * ((x * _a6_) + (_a4_ + x))) + (_a7_ / _a4_)) * x);{'d0': {'_a4_': 2.1066240679239607, '_a6_': 2.3767608785700567, '_a7_': 3.7395429659916126, '_a0_': 1.0, '_a1_': 1.0, '_a2_': 1.0, '_a3_': 1.0, '_a5_': 1.0}};{'d0': 0.02490583291941659};-280.569866449044;37.975970971931424
25817;-102.188652969963;(((x * ((x * _a6_) + (_a4_ + x))) + (_a7_ + _a4_)) * x);{'d0': {'_a4_': 2.1066240692440137, '_a6_': 2.3767608801008344, '_a7_': -0.33148866524161413, '_a0_': 1.0, '_a1_': 1.0, '_a2_': 1.0, '_a3_': 1.0, '_a5_': 1.0}};{'d0': 0.024905832919416594};-280.569866449044;38.096280254559026
25818;-102.188652969963;(((x * ((x * _a6_) + (_a4_ + x))) + (_a7_ + _a4_)) * x);{'d0': {'_a4_': 2.1066240692440137, '_a6_': 2.3767608801008344, '_a7_': -0.33148866524161413, '_a0_': 1.0, '_a1_': 1.0, '_a2_': 1.0, '_a3_': 1.0, '_a5_': 1.0}};{'d0': 0.024905832919416594};-280.569866449044;38.096280254559026
25819;-102.188652969963;(((x * ((x * _a6_) + (_a4_ + x))) + (_a7_ + _a4_)) * x);{'d0': {'_a4_': 2.1066240692440137, '_a6_': 2.3767608801008344, '_a7_': -0.33148866524161413, '_a0_': 1.0, '_a1_': 1.0, '_a2_': 1.0, '_a3_': 1.0, '_a5_': 1.0}};{'d0': 0.024905832919416594};-280.569866449044;38.096280254559026
25820;-102.188652969963;(((x * ((x * _a6_) + (_a4_ + x))) + (_a7_ + _a4_)) * x);{'d0': {'_a4_': 2.1066240692440137, '_a6_': 2.3767608801008344, '_a7_': -0.33148866524161413, '_a0_': 1.0, '_a1_': 1.0, '_a2_': 1.0, '_a3_': 1.0, '_a5_': 1.0}};{'d0': 0.024905832919416594};-280.569866449044;38.096280254559026
25821;-102.188652969963;(((x * ((x * _a6_) + (_a4_ + x))) + (_a7_ + _a4_)) * x);{'d0': {'_a4_': 2.1066240692440137, '_a6_': 2.3767608801008344, '_a7_': -0.33148866524161413, '_a0_': 1.0, '_a1_': 1.0, '_a2_': 1.0, '_a3_': 1.0, '_a5_': 1.0}};{'d0': 0.024905832919416594};-280.569866449044;38.096280254559026
25822;-95.1921407633951;(((x * ((x * _a6_) + (_a4_ + x))) + ((_a7_ * _a2_) + _a4_)) * x);{'d0': {'_a2_': 1.0, '_a4_': 2.1066240692440137, '_a6_': 2.3767608801008344, '_a7_': -0.33148866524161413, '_a0_': 1.0, '_a1_': 1.0, '_a3_': 1.0, '_a5_': 1.0}};{'d0': 0.024905832919416594};-276.475521886822;43.04562018001603
25823;-95.1921407633951;(((x * ((x * _a6_) + (_a4_ + x))) + ((_a7_ * _a2_) + _a4_)) * x);{'d0': {'_a2_': 1.0, '_a4_': 2.1066240692440137, '_a6_': 2.3767608801008344, '_a7_': -0.33148866524161413, '_a0_': 1.0, '_a1_': 1.0, '_a3_': 1.0, '_a5_': 1.0}};{'d0': 0.024905832919416594};-276.475521886822;43.04562018001603
25824;-95.1921407633951;(((x * ((x * _a6_) + (_a4_ + x))) + ((_a7_ * _a2_) + _a4_)) * x);{'d0': {'_a2_': 1.0, '_a4_': 2.1066240692440137, '_a6_': 2.3767608801008344, '_a7_': -0.33148866524161413, '_a0_': 1.0, '_a1_': 1.0, '_a3_': 1.0, '_a5_': 1.0}};{'d0': 0.024905832919416594};-276.475521886822;43.04562018001603
25825;-95.1921407633951;(((x * ((x * _a6_) + (_a4_ + x))) + ((_a7_ * _a2_) + _a4_)) * x);{'d0': {'_a2_': 1.0, '_a4_': 2.1066240692440137, '_a6_': 2.3767608801008344, '_a7_': -0.33148866524161413, '_a0_': 1.0, '_a1_': 1.0, '_a3_': 1.0, '_a5_': 1.0}};{'d0': 0.024905832919416594};-276.475521886822;43.04562018001603
25826;-95.1921407633951;(((x * ((x * _a6_) + (_a4_ + x))) + ((_a7_ * _a2_) + _a4_)) * x);{'d0': {'_a2_': 1.0, '_a4_': 2.1066240692440137, '_a6_': 2.3767608801008344, '_a7_': -0.33148866524161413, '_a0_': 1.0, '_a1_': 1.0, '_a3_': 1.0, '_a5_': 1.0}};{'d0': 0.024905832919416594};-276.475521886822;43.04562018001603
25827;-95.1921407633951;(((x * ((x * _a6_) + (_a4_ + x))) + ((_a7_ * _a2_) + _a4_)) * x);{'d0': {'_a2_': 1.0, '_a4_': 2.1066240692440137, '_a6_': 2.3767608801008344, '_a7_': -0.33148866524161413, '_a0_': 1.0, '_a1_': 1.0, '_a3_': 1.0, '_a5_': 1.0}};{'d0': 0.024905832919416594};-276.475521886822;43.04562018001603
25828;-95.1921407633931;(((x * ((x * _a6_) + (_a7_ + x))) + ((_a7_ * _a2_) + _a4_)) * x);{'d0': {'_a2_': 0.8006869289105389, '_a4_': 0.08838903923759239, '_a6_': 2.3767608810500525, '_a7_': 2.1066240597881145, '_a0_': 1.0, '_a1_': 1.0, '_a3_': 1.0, '_a5_': 1.0}};{'d0': 0.02490583291941824};-276.475521886818;43.04562018001603
25829;-95.1921407633931;(((x * ((x * _a6_) + (_a7_ + x))) + ((_a7_ * _a2_) + _a4_)) * x);{'d0': {'_a2_': 0.8006869289105389, '_a4_': 0.08838903923759239, '_a6_': 2.3767608810500525, '_a7_': 2.1066240597881145, '_a0_': 1.0, '_a1_': 1.0, '_a3_': 1.0, '_a5_': 1.0}};{'d0': 0.02490583291941824};-276.475521886818;43.04562018001603
25830;-95.1921407622160;(((x * ((x * _a6_) + (_a7_ + _a4_))) + ((_a7_ * _a2_) + _a4_)) * x);{'d0': {'_a2_': 0.8420559214694013, '_a4_': 0.007853302057320977, '_a6_': 3.376760882271262, '_a7_': 2.0987707707508467, '_a0_': 1.0, '_a1_': 1.0, '_a3_': 1.0, '_a5_': 1.0}};{'d0': 0.024905832920395395};-276.475521884464;43.04562018001603
25831;-99.0655695305463;(((x * ((x * _a6_) + _a0_)) + ((_a7_ * _a2_) + _a4_)) * x);{'d0': {'_a0_': 2.1066240698357963, '_a2_': 0.9291955116706929, '_a4_': -0.45229645513488576, '_a6_': 3.376760880697302, '_a7_': 2.3971618833883586, '_a1_': 1.0, '_a3_': 1.0, '_a5_': 1.0}};{'d0': 0.024905832920053977};-272.381177323064;37.12501913098603
25832;-99.0655695305463;(((x * ((x * _a6_) + _a0_)) + ((_a7_ * _a2_) + _a4_)) * x);{'d0': {'_a0_': 2.1066240698357963, '_a2_': 0.9291955116706929, '_a4_': -0.45229645513488576, '_a6_': 3.376760880697302, '_a7_': 2.3971618833883586, '_a1_': 1.0, '_a3_': 1.0, '_a5_': 1.0}};{'d0': 0.024905832920053977};-272.381177323064;37.12501913098603
25833;-101.702633509696;((((_a6_ * x) + pow2(((x * _a3_) * -(_a0_)))) + _a3_) * x);{'d0': {'_a0_': 1.0351866627445778, '_a3_': 1.7751354043404228, '_a6_': 2.1066240686783506, '_a1_': 1.0, '_a2_': 1.0, '_a4_': 1.0, '_a5_': 1.0, '_a7_': 1.0}};{'d0': 0.024905832919416598};-280.569866449044;38.5822997148265
25834;-101.702633509696;((((_a6_ * x) + pow2(((x * _a3_) * -(_a0_)))) + _a3_) * x);{'d0': {'_a0_': 1.0351866627445778, '_a3_': 1.7751354043404228, '_a6_': 2.1066240686783506, '_a1_': 1.0, '_a2_': 1.0, '_a4_': 1.0, '_a5_': 1.0, '_a7_': 1.0}};{'d0': 0.024905832919416598};-280.569866449044;38.5822997148265
25835;-101.702633509696;((((_a6_ * x) + pow2(((x * _a3_) * -(_a0_)))) + _a3_) * x);{'d0': {'_a0_': 1.0351866627445778, '_a3_': 1.7751354043404228, '_a6_': 2.1066240686783506, '_a1_': 1.0, '_a2_': 1.0, '_a4_': 1.0, '_a5_': 1.0, '_a7_': 1.0}};{'d0': 0.024905832919416598};-280.569866449044;38.5822997148265
25836;-100.360883458177;((((_a6_ * x) + pow2(((x * _a3_) * (_a0_ * _a6_)))) + _a3_) * x);{'d0': {'_a0_': 0.4913960107456969, '_a3_': 1.7751354042569523, '_a6_': 2.1066240665532097, '_a1_': 1.0, '_a2_': 1.0, '_a4_': 1.0, '_a5_': 1.0, '_a7_': 1.0}};{'d0': 0.02490583291941658};-280.569866449044;39.92404976634511
25837;-100.360883458177;((((_a6_ * x) + pow2(((x * _a3_) * (_a0_ * _a6_)))) + _a3_) * x);{'d0': {'_a0_': 0.4913960107456969, '_a3_': 1.7751354042569523, '_a6_': 2.1066240665532097, '_a1_': 1.0, '_a2_': 1.0, '_a4_': 1.0, '_a5_': 1.0, '_a7_': 1.0}};{'d0': 0.02490583291941658};-280.569866449044;39.92404976634511
25838;-100.360883458177;((((_a6_ * x) + pow2(((x * _a3_) * (_a0_ * _a6_)))) + _a3_) * x);{'d0': {'_a0_': 0.4913960107456969, '_a3_': 1.7751354042569523, '_a6_': 2.1066240665532097, '_a1_': 1.0, '_a2_': 1.0, '_a4_': 1.0, '_a5_': 1.0, '_a7_': 1.0}};{'d0': 0.02490583291941658};-280.569866449044;39.92404976634511
25839;-100.360883458177;((((_a6_ * x) + pow2(((x * _a3_) * (_a0_ * _a6_)))) + _a3_) * x);{'d0': {'_a0_': 0.4913960107456969, '_a3_': 1.7751354042569523, '_a6_': 2.1066240665532097, '_a1_': 1.0, '_a2_': 1.0, '_a4_': 1.0, '_a5_': 1.0, '_a7_': 1.0}};{'d0': 0.02490583291941658};-280.569866449044;39.92404976634511
25840;-100.360883458177;((((_a6_ * x) + pow2(((x * _a3_) * (_a0_ * _a6_)))) + _a3_) * x);{'d0': {'_a0_': 0.4913960107456969, '_a3_': 1.7751354042569523, '_a6_': 2.1066240665532097, '_a1_': 1.0, '_a2_': 1.0, '_a4_': 1.0, '_a5_': 1.0, '_a7_': 1.0}};{'d0': 0.02490583291941658};-280.569866449044;39.92404976634511
25841;-100.360883458177;((((_a6_ * x) + pow2(((x * _a3_) * (_a0_ * _a6_)))) + _a3_) * x);{'d0': {'_a0_': 0.4913960107456969, '_a3_': 1.7751354042569523, '_a6_': 2.1066240665532097, '_a1_': 1.0, '_a2_': 1.0, '_a4_': 1.0, '_a5_': 1.0, '_a7_': 1.0}};{'d0': 0.02490583291941658};-280.569866449044;39.92404976634511
25842;-100.360883458177;((((_a6_ * x) + pow2(((x * _a3_) * (_a0_ * _a6_)))) + _a3_) * x);{'d0': {'_a0_': 0.4913960107456969, '_a3_': 1.7751354042569523, '_a6_': 2.1066240665532097, '_a1_': 1.0, '_a2_': 1.0, '_a4_': 1.0, '_a5_': 1.0, '_a7_': 1.0}};{'d0': 0.02490583291941658};-280.569866449044;39.92404976634511
25843;-100.360883458177;((((_a6_ * x) + pow2(((x * _a3_) * (_a0_ * _a6_)))) + _a3_) * x);{'d0': {'_a0_': 0.4913960107456969, '_a3_': 1.7751354042569523, '_a6_': 2.1066240665532097, '_a1_': 1.0, '_a2_': 1.0, '_a4_': 1.0, '_a5_': 1.0, '_a7_': 1.0}};{'d0': 0.02490583291941658};-280.569866449044;39.92404976634511
25844;-100.360883458177;((((_a6_ * x) + pow2(((x * _a3_) * (_a0_ * _a6_)))) + _a3_) * x);{'d0': {'_a0_': 0.4913960107456969, '_a3_': 1.7751354042569523, '_a6_': 2.1066240665532097, '_a1_': 1.0, '_a2_': 1.0, '_a4_': 1.0, '_a5_': 1.0, '_a7_': 1.0}};{'d0': 0.02490583291941658};-280.569866449044;39.92404976634511
25845;-100.360883458177;((((_a6_ * x) + pow2(((x * _a3_) * (_a0_ * _a6_)))) + _a3_) * x);{'d0': {'_a0_': 0.4913960107456969, '_a3_': 1.7751354042569523, '_a6_': 2.1066240665532097, '_a1_': 1.0, '_a2_': 1.0, '_a4_': 1.0, '_a5_': 1.0, '_a7_': 1.0}};{'d0': 0.02490583291941658};-280.569866449044;39.92404976634511
25846;-100.360883458177;((((_a6_ * x) + pow2(((x * _a3_) * (_a0_ * _a6_)))) + _a3_) * x);{'d0': {'_a0_': 0.4913960107456969, '_a3_': 1.7751354042569523, '_a6_': 2.1066240665532097, '_a1_': 1.0, '_a2_': 1.0, '_a4_': 1.0, '_a5_': 1.0, '_a7_': 1.0}};{'d0': 0.02490583291941658};-280.569866449044;39.92404976634511
25847;-100.360883458177;((((_a6_ * x) + pow2(((x * _a3_) * (_a0_ * _a6_)))) + _a3_) * x);{'d0': {'_a0_': 0.4913960107456969, '_a3_': 1.7751354042569523, '_a6_': 2.1066240665532097, '_a1_': 1.0, '_a2_': 1.0, '_a4_': 1.0, '_a5_': 1.0, '_a7_': 1.0}};{'d0': 0.02490583291941658};-280.569866449044;39.92404976634511
25848;-100.360883458177;((((_a6_ * x) + pow2(((x * _a3_) * (_a0_ * _a6_)))) + _a3_) * x);{'d0': {'_a0_': 0.4913960107456969, '_a3_': 1.7751354042569523, '_a6_': 2.1066240665532097, '_a1_': 1.0, '_a2_': 1.0, '_a4_': 1.0, '_a5_': 1.0, '_a7_': 1.0}};{'d0': 0.02490583291941658};-280.569866449044;39.92404976634511
25849;-100.360883458177;((((_a6_ * x) + pow2(((x * _a3_) * (_a0_ * _a6_)))) + _a3_) * x);{'d0': {'_a0_': 0.4913960107456969, '_a3_': 1.7751354042569523, '_a6_': 2.1066240665532097, '_a1_': 1.0, '_a2_': 1.0, '_a4_': 1.0, '_a5_': 1.0, '_a7_': 1.0}};{'d0': 0.02490583291941658};-280.569866449044;39.92404976634511
25850;-100.360883458177;((((_a6_ * x) + pow2(((x * _a3_) * (_a0_ * _a6_)))) + _a3_) * x);{'d0': {'_a0_': 0.4913960107456969, '_a3_': 1.7751354042569523, '_a6_': 2.1066240665532097, '_a1_': 1.0, '_a2_': 1.0, '_a4_': 1.0, '_a5_': 1.0, '_a7_': 1.0}};{'d0': 0.02490583291941658};-280.569866449044;39.92404976634511
25851;-100.360883458177;((((_a6_ * x) + pow2(((x * _a3_) * (_a0_ * _a6_)))) + _a3_) * x);{'d0': {'_a0_': 0.4913960107456969, '_a3_': 1.7751354042569523, '_a6_': 2.1066240665532097, '_a1_': 1.0, '_a2_': 1.0, '_a4_': 1.0, '_a5_': 1.0, '_a7_': 1.0}};{'d0': 0.02490583291941658};-280.569866449044;39.92404976634511
25852;-100.360883458177;((((_a6_ * x) + pow2(((x * _a3_) * (_a0_ * _a6_)))) + _a3_) * x);{'d0': {'_a0_': 0.4913960107456969, '_a3_': 1.7751354042569523, '_a6_': 2.1066240665532097, '_a1_': 1.0, '_a2_': 1.0, '_a4_': 1.0, '_a5_': 1.0, '_a7_': 1.0}};{'d0': 0.02490583291941658};-280.569866449044;39.92404976634511
25853;-100.360883458177;((((_a6_ * x) + pow2(((x * _a3_) * (_a0_ * _a6_)))) + _a3_) * x);{'d0': {'_a0_': 0.4913960107456969, '_a3_': 1.7751354042569523, '_a6_': 2.1066240665532097, '_a1_': 1.0, '_a2_': 1.0, '_a4_': 1.0, '_a5_': 1.0, '_a7_': 1.0}};{'d0': 0.02490583291941658};-280.569866449044;39.92404976634511
25854;-100.360883458177;((((_a6_ * x) + pow2(((x * _a3_) * (_a0_ * _a6_)))) + _a3_) * x);{'d0': {'_a0_': 0.4913960107456969, '_a3_': 1.7751354042569523, '_a6_': 2.1066240665532097, '_a1_': 1.0, '_a2_': 1.0, '_a4_': 1.0, '_a5_': 1.0, '_a7_': 1.0}};{'d0': 0.02490583291941658};-280.569866449044;39.92404976634511
25855;-100.360883458177;((((_a6_ * x) + pow2(((x * _a3_) * (_a0_ * _a6_)))) + _a3_) * x);{'d0': {'_a0_': 0.4913960107456969, '_a3_': 1.7751354042569523, '_a6_': 2.1066240665532097, '_a1_': 1.0, '_a2_': 1.0, '_a4_': 1.0, '_a5_': 1.0, '_a7_': 1.0}};{'d0': 0.02490583291941658};-280.569866449044;39.92404976634511
25856;-100.360883458177;((((_a6_ * x) + pow2(((x * _a3_) * (_a0_ * _a6_)))) + _a3_) * x);{'d0': {'_a0_': 0.4913960107456969, '_a3_': 1.7751354042569523, '_a6_': 2.1066240665532097, '_a1_': 1.0, '_a2_': 1.0, '_a4_': 1.0, '_a5_': 1.0, '_a7_': 1.0}};{'d0': 0.02490583291941658};-280.569866449044;39.92404976634511
25857;-100.360883458177;((((_a6_ * x) + pow2(((x * _a3_) * (_a0_ * _a6_)))) + _a3_) * x);{'d0': {'_a0_': 0.4913960107456969, '_a3_': 1.7751354042569523, '_a6_': 2.1066240665532097, '_a1_': 1.0, '_a2_': 1.0, '_a4_': 1.0, '_a5_': 1.0, '_a7_': 1.0}};{'d0': 0.02490583291941658};-280.569866449044;39.92404976634511
25858;-100.360883458177;((((_a6_ * x) + pow2(((x * _a3_) * (_a0_ * _a6_)))) + _a3_) * x);{'d0': {'_a0_': 0.4913960107456969, '_a3_': 1.7751354042569523, '_a6_': 2.1066240665532097, '_a1_': 1.0, '_a2_': 1.0, '_a4_': 1.0, '_a5_': 1.0, '_a7_': 1.0}};{'d0': 0.02490583291941658};-280.569866449044;39.92404976634511
25859;-99.5822889035536;((((_a6_ * x) + pow2(((x * _a3_) * (_a0_ / _a6_)))) + _a3_) * x);{'d0': {'_a0_': 2.180749145580914, '_a3_': 1.775135404224048, '_a6_': 2.1066240729999133, '_a1_': 1.0, '_a2_': 1.0, '_a4_': 1.0, '_a5_': 1.0, '_a7_': 1.0}};{'d0': 0.024905832919416643};-280.569866449044;40.7026443209685
25860;-99.5822889035536;((((_a6_ * x) + pow2(((x * _a3_) * (_a0_ / _a6_)))) + _a3_) * x);{'d0': {'_a0_': 2.180749145580914, '_a3_': 1.775135404224048, '_a6_': 2.1066240729999133, '_a1_': 1.0, '_a2_': 1.0, '_a4_': 1.0, '_a5_': 1.0, '_a7_': 1.0}};{'d0': 0.024905832919416643};-280.569866449044;40.7026443209685
25861;-99.5822889035536;((((_a6_ * x) + pow2(((x * _a3_) * (_a0_ / _a6_)))) + _a3_) * x);{'d0': {'_a0_': 2.180749145580914, '_a3_': 1.775135404224048, '_a6_': 2.1066240729999133, '_a1_': 1.0, '_a2_': 1.0, '_a4_': 1.0, '_a5_': 1.0, '_a7_': 1.0}};{'d0': 0.024905832919416643};-280.569866449044;40.7026443209685
25862;-99.5822889035536;((((_a6_ * x) + pow2(((x * _a3_) * (_a0_ / _a6_)))) + _a3_) * x);{'d0': {'_a0_': 2.180749145580914, '_a3_': 1.775135404224048, '_a6_': 2.1066240729999133, '_a1_': 1.0, '_a2_': 1.0, '_a4_': 1.0, '_a5_': 1.0, '_a7_': 1.0}};{'d0': 0.024905832919416643};-280.569866449044;40.7026443209685
25863;-99.5822889035536;((((_a6_ * x) + pow2(((x * _a3_) * (_a0_ / _a6_)))) + _a3_) * x);{'d0': {'_a0_': 2.180749145580914, '_a3_': 1.775135404224048, '_a6_': 2.1066240729999133, '_a1_': 1.0, '_a2_': 1.0, '_a4_': 1.0, '_a5_': 1.0, '_a7_': 1.0}};{'d0': 0.024905832919416643};-280.569866449044;40.7026443209685
25864;-99.5822889035536;((((_a6_ * x) + pow2(((x * _a3_) * (_a0_ / _a6_)))) + _a3_) * x);{'d0': {'_a0_': 2.180749145580914, '_a3_': 1.775135404224048, '_a6_': 2.1066240729999133, '_a1_': 1.0, '_a2_': 1.0, '_a4_': 1.0, '_a5_': 1.0, '_a7_': 1.0}};{'d0': 0.024905832919416643};-280.569866449044;40.7026443209685
25865;-99.5822889035536;((((_a6_ * x) + pow2(((x * _a3_) * (_a0_ / _a6_)))) + _a3_) * x);{'d0': {'_a0_': 2.180749145580914, '_a3_': 1.775135404224048, '_a6_': 2.1066240729999133, '_a1_': 1.0, '_a2_': 1.0, '_a4_': 1.0, '_a5_': 1.0, '_a7_': 1.0}};{'d0': 0.024905832919416643};-280.569866449044;40.7026443209685
25866;-99.5822889035536;((((_a6_ * x) + pow2(((x * _a3_) * (_a0_ / _a6_)))) + _a3_) * x);{'d0': {'_a0_': 2.180749145580914, '_a3_': 1.775135404224048, '_a6_': 2.1066240729999133, '_a1_': 1.0, '_a2_': 1.0, '_a4_': 1.0, '_a5_': 1.0, '_a7_': 1.0}};{'d0': 0.024905832919416643};-280.569866449044;40.7026443209685
25867;-99.5822889035536;((((_a6_ * x) + pow2(((x * _a3_) * (_a0_ / _a6_)))) + _a3_) * x);{'d0': {'_a0_': 2.180749145580914, '_a3_': 1.775135404224048, '_a6_': 2.1066240729999133, '_a1_': 1.0, '_a2_': 1.0, '_a4_': 1.0, '_a5_': 1.0, '_a7_': 1.0}};{'d0': 0.024905832919416643};-280.569866449044;40.7026443209685
25868;-99.5822889035536;((((_a6_ * x) + pow2(((x * _a3_) * (_a0_ / _a6_)))) + _a3_) * x);{'d0': {'_a0_': 2.180749145580914, '_a3_': 1.775135404224048, '_a6_': 2.1066240729999133, '_a1_': 1.0, '_a2_': 1.0, '_a4_': 1.0, '_a5_': 1.0, '_a7_': 1.0}};{'d0': 0.024905832919416643};-280.569866449044;40.7026443209685
25869;-99.5822889035536;((((_a6_ * x) + pow2(((x * _a3_) * (_a0_ / _a6_)))) + _a3_) * x);{'d0': {'_a0_': 2.180749145580914, '_a3_': 1.775135404224048, '_a6_': 2.1066240729999133, '_a1_': 1.0, '_a2_': 1.0, '_a4_': 1.0, '_a5_': 1.0, '_a7_': 1.0}};{'d0': 0.024905832919416643};-280.569866449044;40.7026443209685
25870;-99.5822889035536;((((_a6_ * x) + pow2(((x * _a3_) * (_a0_ / _a6_)))) + _a3_) * x);{'d0': {'_a0_': 2.180749145580914, '_a3_': 1.775135404224048, '_a6_': 2.1066240729999133, '_a1_': 1.0, '_a2_': 1.0, '_a4_': 1.0, '_a5_': 1.0, '_a7_': 1.0}};{'d0': 0.024905832919416643};-280.569866449044;40.7026443209685
25871;-99.5822889035536;((((_a6_ * x) + pow2(((x * _a3_) * (_a0_ / _a6_)))) + _a3_) * x);{'d0': {'_a0_': 2.180749145580914, '_a3_': 1.775135404224048, '_a6_': 2.1066240729999133, '_a1_': 1.0, '_a2_': 1.0, '_a4_': 1.0, '_a5_': 1.0, '_a7_': 1.0}};{'d0': 0.024905832919416643};-280.569866449044;40.7026443209685
25872;-99.5822889035536;((((_a6_ * x) + pow2(((x * _a3_) * (_a0_ / _a6_)))) + _a3_) * x);{'d0': {'_a0_': 2.180749145580914, '_a3_': 1.775135404224048, '_a6_': 2.1066240729999133, '_a1_': 1.0, '_a2_': 1.0, '_a4_': 1.0, '_a5_': 1.0, '_a7_': 1.0}};{'d0': 0.024905832919416643};-280.569866449044;40.7026443209685
25873;-99.5822889035536;((((_a6_ * x) + pow2(((x * _a3_) * (_a0_ / _a6_)))) + _a3_) * x);{'d0': {'_a0_': 2.180749145580914, '_a3_': 1.775135404224048, '_a6_': 2.1066240729999133, '_a1_': 1.0, '_a2_': 1.0, '_a4_': 1.0, '_a5_': 1.0, '_a7_': 1.0}};{'d0': 0.024905832919416643};-280.569866449044;40.7026443209685
25874;-99.5822889035536;((((_a6_ * x) + pow2(((x * _a3_) * (_a0_ / _a6_)))) + _a3_) * x);{'d0': {'_a0_': 2.180749145580914, '_a3_': 1.775135404224048, '_a6_': 2.1066240729999133, '_a1_': 1.0, '_a2_': 1.0, '_a4_': 1.0, '_a5_': 1.0, '_a7_': 1.0}};{'d0': 0.024905832919416643};-280.569866449044;40.7026443209685
25875;-99.5822889035536;((((_a6_ * x) + pow2(((x * _a3_) * (_a0_ / _a6_)))) + _a3_) * x);{'d0': {'_a0_': 2.180749145580914, '_a3_': 1.775135404224048, '_a6_': 2.1066240729999133, '_a1_': 1.0, '_a2_': 1.0, '_a4_': 1.0, '_a5_': 1.0, '_a7_': 1.0}};{'d0': 0.024905832919416643};-280.569866449044;40.7026443209685
25876;-102.774843492836;(_a1_ * ((sinh((x + _a6_)) + _a0_) + (x * _a4_)));{'d0': {'_a0_': -0.21009680590662733, '_a1_': 19.646020873504384, '_a4_': -0.9313491268459569, '_a6_': 0.20861287565401357, '_a2_': 1.0, '_a3_': 1.0, '_a5_': 1.0, '_a7_': 1.0}};{'d0': 0.024415212082643092};-277.669260633739;36.05978682403405
25877;-102.774843492836;(_a1_ * ((sinh((x + _a6_)) + _a0_) + (x * _a4_)));{'d0': {'_a0_': -0.21009680590662733, '_a1_': 19.646020873504384, '_a4_': -0.9313491268459569, '_a6_': 0.20861287565401357, '_a2_': 1.0, '_a3_': 1.0, '_a5_': 1.0, '_a7_': 1.0}};{'d0': 0.024415212082643092};-277.669260633739;36.05978682403405
25878;-102.774843492836;(_a1_ * ((sinh((x + _a6_)) + _a0_) + (x * _a4_)));{'d0': {'_a0_': -0.21009680590662733, '_a1_': 19.646020873504384, '_a4_': -0.9313491268459569, '_a6_': 0.20861287565401357, '_a2_': 1.0, '_a3_': 1.0, '_a5_': 1.0, '_a7_': 1.0}};{'d0': 0.024415212082643092};-277.669260633739;36.05978682403405
25879;-102.774843492836;(_a1_ * ((sinh((x + _a6_)) + _a0_) + (x * _a4_)));{'d0': {'_a0_': -0.21009680590662733, '_a1_': 19.646020873504384, '_a4_': -0.9313491268459569, '_a6_': 0.20861287565401357, '_a2_': 1.0, '_a3_': 1.0, '_a5_': 1.0, '_a7_': 1.0}};{'d0': 0.024415212082643092};-277.669260633739;36.05978682403405
25880;-102.774843492836;(_a1_ * ((sinh((x + _a6_)) + _a0_) + (x * _a4_)));{'d0': {'_a0_': -0.21009680590662733, '_a1_': 19.646020873504384, '_a4_': -0.9313491268459569, '_a6_': 0.20861287565401357, '_a2_': 1.0, '_a3_': 1.0, '_a5_': 1.0, '_a7_': 1.0}};{'d0': 0.024415212082643092};-277.669260633739;36.05978682403405
25881;-102.774843492836;(_a1_ * ((sinh((x + _a6_)) + _a0_) + (x * _a4_)));{'d0': {'_a0_': -0.21009680590662733, '_a1_': 19.646020873504384, '_a4_': -0.9313491268459569, '_a6_': 0.20861287565401357, '_a2_': 1.0, '_a3_': 1.0, '_a5_': 1.0, '_a7_': 1.0}};{'d0': 0.024415212082643092};-277.669260633739;36.05978682403405
25882;-102.774843492836;(_a1_ * ((sinh((x + _a6_)) + _a0_) + (x * _a4_)));{'d0': {'_a0_': -0.21009680590662733, '_a1_': 19.646020873504384, '_a4_': -0.9313491268459569, '_a6_': 0.20861287565401357, '_a2_': 1.0, '_a3_': 1.0, '_a5_': 1.0, '_a7_': 1.0}};{'d0': 0.024415212082643092};-277.669260633739;36.05978682403405
25883;-102.774843492836;(_a1_ * ((sinh((x + _a6_)) + _a0_) + (x * _a4_)));{'d0': {'_a0_': -0.21009680590662733, '_a1_': 19.646020873504384, '_a4_': -0.9313491268459569, '_a6_': 0.20861287565401357, '_a2_': 1.0, '_a3_': 1.0, '_a5_': 1.0, '_a7_': 1.0}};{'d0': 0.024415212082643092};-277.669260633739;36.05978682403405
25884;-102.774843492836;(_a1_ * ((sinh((x + _a6_)) + _a0_) + (x * _a4_)));{'d0': {'_a0_': -0.21009680590662733, '_a1_': 19.646020873504384, '_a4_': -0.9313491268459569, '_a6_': 0.20861287565401357, '_a2_': 1.0, '_a3_': 1.0, '_a5_': 1.0, '_a7_': 1.0}};{'d0': 0.024415212082643092};-277.669260633739;36.05978682403405
25885;-102.774843492836;(_a1_ * ((sinh((x + _a6_)) + _a0_) + (x * _a4_)));{'d0': {'_a0_': -0.21009680590662733, '_a1_': 19.646020873504384, '_a4_': -0.9313491268459569, '_a6_': 0.20861287565401357, '_a2_': 1.0, '_a3_': 1.0, '_a5_': 1.0, '_a7_': 1.0}};{'d0': 0.024415212082643092};-277.669260633739;36.05978682403405
25886;-102.774843492836;(_a1_ * ((sinh((x + _a6_)) + _a0_) + (x * _a4_)));{'d0': {'_a0_': -0.21009680590662733, '_a1_': 19.646020873504384, '_a4_': -0.9313491268459569, '_a6_': 0.20861287565401357, '_a2_': 1.0, '_a3_': 1.0, '_a5_': 1.0, '_a7_': 1.0}};{'d0': 0.024415212082643092};-277.669260633739;36.05978682403405
25887;-102.774843492836;(_a1_ * ((sinh((x + _a6_)) + _a0_) + (x * _a4_)));{'d0': {'_a0_': -0.21009680590662733, '_a1_': 19.646020873504384, '_a4_': -0.9313491268459569, '_a6_': 0.20861287565401357, '_a2_': 1.0, '_a3_': 1.0, '_a5_': 1.0, '_a7_': 1.0}};{'d0': 0.024415212082643092};-277.669260633739;36.05978682403405
25888;-102.774843492836;(_a1_ * ((sinh((x + _a6_)) + _a0_) + (x * _a4_)));{'d0': {'_a0_': -0.21009680590662733, '_a1_': 19.646020873504384, '_a4_': -0.9313491268459569, '_a6_': 0.20861287565401357, '_a2_': 1.0, '_a3_': 1.0, '_a5_': 1.0, '_a7_': 1.0}};{'d0': 0.024415212082643092};-277.669260633739;36.05978682403405
25889;-102.774843492836;(_a1_ * ((sinh((x + _a6_)) + _a0_) + (x * _a4_)));{'d0': {'_a0_': -0.21009680590662733, '_a1_': 19.646020873504384, '_a4_': -0.9313491268459569, '_a6_': 0.20861287565401357, '_a2_': 1.0, '_a3_': 1.0, '_a5_': 1.0, '_a7_': 1.0}};{'d0': 0.024415212082643092};-277.669260633739;36.05978682403405
25890;-99.5822889035537;((((_a6_ * x) + pow2(((x * _a3_) * (_a7_ / _a6_)))) + _a3_) * x);{'d0': {'_a3_': 1.7751354042561553, '_a6_': 2.106624068595988, '_a7_': 2.180749139347979, '_a0_': 1.0, '_a1_': 1.0, '_a2_': 1.0, '_a4_': 1.0, '_a5_': 1.0}};{'d0': 0.02490583291941655};-280.569866449044;40.7026443209685
25891;-99.5822889035537;((((_a6_ * x) + pow2(((x * _a3_) * (_a7_ / _a6_)))) + _a3_) * x);{'d0': {'_a3_': 1.7751354042561553, '_a6_': 2.106624068595988, '_a7_': 2.180749139347979, '_a0_': 1.0, '_a1_': 1.0, '_a2_': 1.0, '_a4_': 1.0, '_a5_': 1.0}};{'d0': 0.02490583291941655};-280.569866449044;40.7026443209685
25892;-99.5822889035537;((((_a6_ * x) + pow2(((x * _a3_) * (_a7_ / _a6_)))) + _a3_) * x);{'d0': {'_a3_': 1.7751354042561553, '_a6_': 2.106624068595988, '_a7_': 2.180749139347979, '_a0_': 1.0, '_a1_': 1.0, '_a2_': 1.0, '_a4_': 1.0, '_a5_': 1.0}};{'d0': 0.02490583291941655};-280.569866449044;40.7026443209685
25893;-99.5822889035537;((((_a6_ * x) + pow2(((x * _a3_) * (_a7_ / _a6_)))) + _a3_) * x);{'d0': {'_a3_': 1.7751354042561553, '_a6_': 2.106624068595988, '_a7_': 2.180749139347979, '_a0_': 1.0, '_a1_': 1.0, '_a2_': 1.0, '_a4_': 1.0, '_a5_': 1.0}};{'d0': 0.02490583291941655};-280.569866449044;40.7026443209685
25894;-100.360883458177;((((_a6_ * x) + pow2(((x * _a3_) * (_a7_ * _a6_)))) + _a3_) * x);{'d0': {'_a3_': 1.7751354041937142, '_a6_': 2.1066240679860826, '_a7_': 0.49139601055583837, '_a0_': 1.0, '_a1_': 1.0, '_a2_': 1.0, '_a4_': 1.0, '_a5_': 1.0}};{'d0': 0.024905832919416615};-280.569866449044;39.92404976634511
25895;-100.360883458177;((((_a6_ * x) + pow2(((x * _a3_) * (_a7_ * _a6_)))) + _a3_) * x);{'d0': {'_a3_': 1.7751354041937142, '_a6_': 2.1066240679860826, '_a7_': 0.49139601055583837, '_a0_': 1.0, '_a1_': 1.0, '_a2_': 1.0, '_a4_': 1.0, '_a5_': 1.0}};{'d0': 0.024905832919416615};-280.569866449044;39.92404976634511
25896;-100.360883458177;((((_a6_ * x) + pow2(((x * _a3_) * (_a7_ * _a6_)))) + _a3_) * x);{'d0': {'_a3_': 1.7751354041937142, '_a6_': 2.1066240679860826, '_a7_': 0.49139601055583837, '_a0_': 1.0, '_a1_': 1.0, '_a2_': 1.0, '_a4_': 1.0, '_a5_': 1.0}};{'d0': 0.024905832919416615};-280.569866449044;39.92404976634511
25897;-100.360883458177;((((_a6_ * x) + pow2(((x * _a3_) * (_a7_ * _a6_)))) + _a3_) * x);{'d0': {'_a3_': 1.7751354041937142, '_a6_': 2.1066240679860826, '_a7_': 0.49139601055583837, '_a0_': 1.0, '_a1_': 1.0, '_a2_': 1.0, '_a4_': 1.0, '_a5_': 1.0}};{'d0': 0.024905832919416615};-280.569866449044;39.92404976634511
25898;-100.731372386123;(((x * ((x * pow2(_a5_)) + _a0_)) + (_a6_ + -(_a5_))) * x);{'d0': {'_a0_': 2.1066240691453713, '_a5_': 1.8375964953247208, '_a6_': 3.612731899627488, '_a1_': 1.0, '_a2_': 1.0, '_a3_': 1.0, '_a4_': 1.0, '_a7_': 1.0}};{'d0': 0.024905832919416615};-280.569866449044;39.55356083839942
25899;-100.731372386123;(((x * ((x * pow2(_a5_)) + _a0_)) + (_a6_ + -(_a5_))) * x);{'d0': {'_a0_': 2.1066240691453713, '_a5_': 1.8375964953247208, '_a6_': 3.612731899627488, '_a1_': 1.0, '_a2_': 1.0, '_a3_': 1.0, '_a4_': 1.0, '_a7_': 1.0}};{'d0': 0.024905832919416615};-280.569866449044;39.55356083839942
25900;-100.731372386123;(((x * ((x * pow2(_a5_)) + _a0_)) + (_a6_ + -(_a5_))) * x);{'d0': {'_a0_': 2.1066240691453713, '_a5_': 1.8375964953247208, '_a6_': 3.612731899627488, '_a1_': 1.0, '_a2_': 1.0, '_a3_': 1.0, '_a4_': 1.0, '_a7_': 1.0}};{'d0': 0.024905832919416615};-280.569866449044;39.55356083839942
25901;-100.731372386123;(((x * ((x * pow2(_a5_)) + _a0_)) + (_a6_ + -(_a5_))) * x);{'d0': {'_a0_': 2.1066240691453713, '_a5_': 1.8375964953247208, '_a6_': 3.612731899627488, '_a1_': 1.0, '_a2_': 1.0, '_a3_': 1.0, '_a4_': 1.0, '_a7_': 1.0}};{'d0': 0.024905832919416615};-280.569866449044;39.55356083839942
25902;-100.731372386123;(((x * ((x * pow2(_a5_)) + _a0_)) + (_a6_ + -(_a5_))) * x);{'d0': {'_a0_': 2.1066240691453713, '_a5_': 1.8375964953247208, '_a6_': 3.612731899627488, '_a1_': 1.0, '_a2_': 1.0, '_a3_': 1.0, '_a4_': 1.0, '_a7_': 1.0}};{'d0': 0.024905832919416615};-280.569866449044;39.55356083839942
25903;-100.731372386123;(((x * ((x * pow2(_a5_)) + _a0_)) + (_a6_ + -(_a5_))) * x);{'d0': {'_a0_': 2.1066240691453713, '_a5_': 1.8375964953247208, '_a6_': 3.612731899627488, '_a1_': 1.0, '_a2_': 1.0, '_a3_': 1.0, '_a4_': 1.0, '_a7_': 1.0}};{'d0': 0.024905832919416615};-280.569866449044;39.55356083839942
25904;-100.731372386123;(((x * ((x * pow2(_a5_)) + _a0_)) + (_a6_ + -(_a5_))) * x);{'d0': {'_a0_': 2.1066240691453713, '_a5_': 1.8375964953247208, '_a6_': 3.612731899627488, '_a1_': 1.0, '_a2_': 1.0, '_a3_': 1.0, '_a4_': 1.0, '_a7_': 1.0}};{'d0': 0.024905832919416615};-280.569866449044;39.55356083839942
25905;-100.731372386123;(((x * ((x * pow2(_a5_)) + _a0_)) + (_a6_ + -(_a5_))) * x);{'d0': {'_a0_': 2.1066240691453713, '_a5_': 1.8375964953247208, '_a6_': 3.612731899627488, '_a1_': 1.0, '_a2_': 1.0, '_a3_': 1.0, '_a4_': 1.0, '_a7_': 1.0}};{'d0': 0.024905832919416615};-280.569866449044;39.55356083839942
25906;-100.731372386123;(((x * ((x * pow2(_a5_)) + _a0_)) + (_a6_ + -(_a5_))) * x);{'d0': {'_a0_': 2.1066240691453713, '_a5_': 1.8375964953247208, '_a6_': 3.612731899627488, '_a1_': 1.0, '_a2_': 1.0, '_a3_': 1.0, '_a4_': 1.0, '_a7_': 1.0}};{'d0': 0.024905832919416615};-280.569866449044;39.55356083839942
25907;-100.731372386123;(((x * ((x * pow2(_a5_)) + _a0_)) + (_a6_ + -(_a5_))) * x);{'d0': {'_a0_': 2.1066240691453713, '_a5_': 1.8375964953247208, '_a6_': 3.612731899627488, '_a1_': 1.0, '_a2_': 1.0, '_a3_': 1.0, '_a4_': 1.0, '_a7_': 1.0}};{'d0': 0.024905832919416615};-280.569866449044;39.55356083839942
25908;-100.731372386123;(((x * ((x * pow2(_a5_)) + _a0_)) + (_a6_ + -(_a5_))) * x);{'d0': {'_a0_': 2.1066240691453713, '_a5_': 1.8375964953247208, '_a6_': 3.612731899627488, '_a1_': 1.0, '_a2_': 1.0, '_a3_': 1.0, '_a4_': 1.0, '_a7_': 1.0}};{'d0': 0.024905832919416615};-280.569866449044;39.55356083839942
25909;-104.411319546383;(((x * ((x * pow2(_a5_)) + _a0_)) + (_a6_ + _a6_)) * x);{'d0': {'_a0_': 2.1066240675985495, '_a5_': 1.8375964948687349, '_a6_': 0.8875677020754511, '_a1_': 1.0, '_a2_': 1.0, '_a3_': 1.0, '_a4_': 1.0, '_a7_': 1.0}};{'d0': 0.02490583291941664};-280.569866449044;35.87361367813903
25910;-104.411319546383;(((x * ((x * pow2(_a5_)) + _a0_)) + (_a6_ + _a6_)) * x);{'d0': {'_a0_': 2.1066240675985495, '_a5_': 1.8375964948687349, '_a6_': 0.8875677020754511, '_a1_': 1.0, '_a2_': 1.0, '_a3_': 1.0, '_a4_': 1.0, '_a7_': 1.0}};{'d0': 0.02490583291941664};-280.569866449044;35.87361367813903
25911;-104.411319546383;(((x * ((x * pow2(_a5_)) + _a0_)) + (_a6_ + _a6_)) * x);{'d0': {'_a0_': 2.1066240675985495, '_a5_': 1.8375964948687349, '_a6_': 0.8875677020754511, '_a1_': 1.0, '_a2_': 1.0, '_a3_': 1.0, '_a4_': 1.0, '_a7_': 1.0}};{'d0': 0.02490583291941664};-280.569866449044;35.87361367813903
25912;-104.411319546383;(((x * ((x * pow2(_a5_)) + _a0_)) + (_a6_ + _a6_)) * x);{'d0': {'_a0_': 2.1066240675985495, '_a5_': 1.8375964948687349, '_a6_': 0.8875677020754511, '_a1_': 1.0, '_a2_': 1.0, '_a3_': 1.0, '_a4_': 1.0, '_a7_': 1.0}};{'d0': 0.02490583291941664};-280.569866449044;35.87361367813903
25913;-104.411319546383;(((x * ((x * pow2(_a5_)) + _a0_)) + (_a6_ + _a6_)) * x);{'d0': {'_a0_': 2.1066240675985495, '_a5_': 1.8375964948687349, '_a6_': 0.8875677020754511, '_a1_': 1.0, '_a2_': 1.0, '_a3_': 1.0, '_a4_': 1.0, '_a7_': 1.0}};{'d0': 0.02490583291941664};-280.569866449044;35.87361367813903
25914;-104.411319546383;(((x * ((x * pow2(_a5_)) + _a0_)) + (_a6_ + _a6_)) * x);{'d0': {'_a0_': 2.1066240675985495, '_a5_': 1.8375964948687349, '_a6_': 0.8875677020754511, '_a1_': 1.0, '_a2_': 1.0, '_a3_': 1.0, '_a4_': 1.0, '_a7_': 1.0}};{'d0': 0.02490583291941664};-280.569866449044;35.87361367813903
25915;-101.779177079247;(_a1_ * ((sinh((x + _a6_)) + _a0_) + (x / _a4_)));{'d0': {'_a0_': -0.21009680699676028, '_a1_': 19.646020943367333, '_a4_': -1.0737112117705996, '_a6_': 0.20861287662923786, '_a2_': 1.0, '_a3_': 1.0, '_a5_': 1.0, '_a7_': 1.0}};{'d0': 0.02441521208264275};-277.669260633740;37.055453237623446
25916;-101.779177079247;(_a1_ * ((sinh((x + _a6_)) + _a0_) + (x / _a4_)));{'d0': {'_a0_': -0.21009680699676028, '_a1_': 19.646020943367333, '_a4_': -1.0737112117705996, '_a6_': 0.20861287662923786, '_a2_': 1.0, '_a3_': 1.0, '_a5_': 1.0, '_a7_': 1.0}};{'d0': 0.02441521208264275};-277.669260633740;37.055453237623446
25917;-101.779177079247;(_a1_ * ((sinh((x + _a6_)) + _a0_) + (x / _a4_)));{'d0': {'_a0_': -0.21009680699676028, '_a1_': 19.646020943367333, '_a4_': -1.0737112117705996, '_a6_': 0.20861287662923786, '_a2_': 1.0, '_a3_': 1.0, '_a5_': 1.0, '_a7_': 1.0}};{'d0': 0.02441521208264275};-277.669260633740;37.055453237623446
25918;-102.774843492836;(_a1_ * ((sinh((x + _a6_)) + _a0_) + (x * _a4_)));{'d0': {'_a0_': -0.21009680590662733, '_a1_': 19.646020873504384, '_a4_': -0.9313491268459569, '_a6_': 0.20861287565401357, '_a2_': 1.0, '_a3_': 1.0, '_a5_': 1.0, '_a7_': 1.0}};{'d0': 0.024415212082643092};-277.669260633739;36.05978682403405
25919;-102.774843492836;(_a1_ * ((sinh((x + _a6_)) + _a0_) + (x * _a4_)));{'d0': {'_a0_': -0.21009680590662733, '_a1_': 19.646020873504384, '_a4_': -0.9313491268459569, '_a6_': 0.20861287565401357, '_a2_': 1.0, '_a3_': 1.0, '_a5_': 1.0, '_a7_': 1.0}};{'d0': 0.024415212082643092};-277.669260633739;36.05978682403405
25920;-102.774843492836;(_a1_ * ((sinh((x + _a6_)) + _a0_) + (x * _a4_)));{'d0': {'_a0_': -0.21009680590662733, '_a1_': 19.646020873504384, '_a4_': -0.9313491268459569, '_a6_': 0.20861287565401357, '_a2_': 1.0, '_a3_': 1.0, '_a5_': 1.0, '_a7_': 1.0}};{'d0': 0.024415212082643092};-277.669260633739;36.05978682403405
25921;-102.774843492836;(_a1_ * ((sinh((x + _a6_)) + _a0_) + (x * _a4_)));{'d0': {'_a0_': -0.21009680590662733, '_a1_': 19.646020873504384, '_a4_': -0.9313491268459569, '_a6_': 0.20861287565401357, '_a2_': 1.0, '_a3_': 1.0, '_a5_': 1.0, '_a7_': 1.0}};{'d0': 0.024415212082643092};-277.669260633739;36.05978682403405
25922;-102.774843492836;(_a1_ * ((sinh((x + _a6_)) + _a0_) + (x * _a4_)));{'d0': {'_a0_': -0.21009680590662733, '_a1_': 19.646020873504384, '_a4_': -0.9313491268459569, '_a6_': 0.20861287565401357, '_a2_': 1.0, '_a3_': 1.0, '_a5_': 1.0, '_a7_': 1.0}};{'d0': 0.024415212082643092};-277.669260633739;36.05978682403405
25923;-102.774843492836;(_a1_ * ((sinh((x + _a6_)) + _a0_) + (x * _a4_)));{'d0': {'_a0_': -0.21009680590662733, '_a1_': 19.646020873504384, '_a4_': -0.9313491268459569, '_a6_': 0.20861287565401357, '_a2_': 1.0, '_a3_': 1.0, '_a5_': 1.0, '_a7_': 1.0}};{'d0': 0.024415212082643092};-277.669260633739;36.05978682403405
25924;-102.774843492836;(_a1_ * ((sinh((x + _a6_)) + _a0_) + (x * _a4_)));{'d0': {'_a0_': -0.21009680590662733, '_a1_': 19.646020873504384, '_a4_': -0.9313491268459569, '_a6_': 0.20861287565401357, '_a2_': 1.0, '_a3_': 1.0, '_a5_': 1.0, '_a7_': 1.0}};{'d0': 0.024415212082643092};-277.669260633739;36.05978682403405
25925;-102.774843492836;(_a1_ * ((sinh((x + _a6_)) + _a0_) + (x * _a4_)));{'d0': {'_a0_': -0.21009680590662733, '_a1_': 19.646020873504384, '_a4_': -0.9313491268459569, '_a6_': 0.20861287565401357, '_a2_': 1.0, '_a3_': 1.0, '_a5_': 1.0, '_a7_': 1.0}};{'d0': 0.024415212082643092};-277.669260633739;36.05978682403405
25926;-102.774843492836;(_a1_ * ((sinh((x + _a6_)) + _a0_) + (x * _a4_)));{'d0': {'_a0_': -0.21009680590662733, '_a1_': 19.646020873504384, '_a4_': -0.9313491268459569, '_a6_': 0.20861287565401357, '_a2_': 1.0, '_a3_': 1.0, '_a5_': 1.0, '_a7_': 1.0}};{'d0': 0.024415212082643092};-277.669260633739;36.05978682403405
25927;-102.774843492836;(_a1_ * ((sinh((x + _a6_)) + _a0_) + (x * _a4_)));{'d0': {'_a0_': -0.21009680590662733, '_a1_': 19.646020873504384, '_a4_': -0.9313491268459569, '_a6_': 0.20861287565401357, '_a2_': 1.0, '_a3_': 1.0, '_a5_': 1.0, '_a7_': 1.0}};{'d0': 0.024415212082643092};-277.669260633739;36.05978682403405
25928;-102.774843492836;(_a1_ * ((sinh((x + _a6_)) + _a0_) + (x * _a4_)));{'d0': {'_a0_': -0.21009680590662733, '_a1_': 19.646020873504384, '_a4_': -0.9313491268459569, '_a6_': 0.20861287565401357, '_a2_': 1.0, '_a3_': 1.0, '_a5_': 1.0, '_a7_': 1.0}};{'d0': 0.024415212082643092};-277.669260633739;36.05978682403405
25929;-102.774843492836;(_a1_ * ((sinh((x + _a6_)) + _a0_) + (x * _a4_)));{'d0': {'_a0_': -0.21009680590662733, '_a1_': 19.646020873504384, '_a4_': -0.9313491268459569, '_a6_': 0.20861287565401357, '_a2_': 1.0, '_a3_': 1.0, '_a5_': 1.0, '_a7_': 1.0}};{'d0': 0.024415212082643092};-277.669260633739;36.05978682403405
25930;-102.774843492836;(_a1_ * ((sinh((x + _a6_)) + _a0_) + (x * _a4_)));{'d0': {'_a0_': -0.21009680590662733, '_a1_': 19.646020873504384, '_a4_': -0.9313491268459569, '_a6_': 0.20861287565401357, '_a2_': 1.0, '_a3_': 1.0, '_a5_': 1.0, '_a7_': 1.0}};{'d0': 0.024415212082643092};-277.669260633739;36.05978682403405
25931;-102.774843492836;(_a1_ * ((sinh((x + _a6_)) + _a0_) + (x * _a4_)));{'d0': {'_a0_': -0.21009680590662733, '_a1_': 19.646020873504384, '_a4_': -0.9313491268459569, '_a6_': 0.20861287565401357, '_a2_': 1.0, '_a3_': 1.0, '_a5_': 1.0, '_a7_': 1.0}};{'d0': 0.024415212082643092};-277.669260633739;36.05978682403405
25932;-102.774843492836;(_a1_ * ((sinh((x + _a6_)) + _a0_) + (x * _a4_)));{'d0': {'_a0_': -0.21009680590662733, '_a1_': 19.646020873504384, '_a4_': -0.9313491268459569, '_a6_': 0.20861287565401357, '_a2_': 1.0, '_a3_': 1.0, '_a5_': 1.0, '_a7_': 1.0}};{'d0': 0.024415212082643092};-277.669260633739;36.05978682403405
25933;-102.774843492836;(_a1_ * ((sinh((x + _a6_)) + _a0_) + (x * _a4_)));{'d0': {'_a0_': -0.21009680590662733, '_a1_': 19.646020873504384, '_a4_': -0.9313491268459569, '_a6_': 0.20861287565401357, '_a2_': 1.0, '_a3_': 1.0, '_a5_': 1.0, '_a7_': 1.0}};{'d0': 0.024415212082643092};-277.669260633739;36.05978682403405
25934;-102.774843492836;(_a1_ * ((sinh((x + _a6_)) + _a0_) + (x * _a4_)));{'d0': {'_a0_': -0.21009680590662733, '_a1_': 19.646020873504384, '_a4_': -0.9313491268459569, '_a6_': 0.20861287565401357, '_a2_': 1.0, '_a3_': 1.0, '_a5_': 1.0, '_a7_': 1.0}};{'d0': 0.024415212082643092};-277.669260633739;36.05978682403405
25935;-102.774843492836;(_a1_ * ((sinh((x + _a6_)) + _a0_) + (x * _a4_)));{'d0': {'_a0_': -0.21009680590662733, '_a1_': 19.646020873504384, '_a4_': -0.9313491268459569, '_a6_': 0.20861287565401357, '_a2_': 1.0, '_a3_': 1.0, '_a5_': 1.0, '_a7_': 1.0}};{'d0': 0.024415212082643092};-277.669260633739;36.05978682403405
25936;-102.774843492836;(_a1_ * ((sinh((x + _a6_)) + _a0_) + (x * _a4_)));{'d0': {'_a0_': -0.21009680590662733, '_a1_': 19.646020873504384, '_a4_': -0.9313491268459569, '_a6_': 0.20861287565401357, '_a2_': 1.0, '_a3_': 1.0, '_a5_': 1.0, '_a7_': 1.0}};{'d0': 0.024415212082643092};-277.669260633739;36.05978682403405
25937;-102.774843492836;(_a1_ * ((sinh((x + _a6_)) + _a0_) + (x * _a4_)));{'d0': {'_a0_': -0.21009680590662733, '_a1_': 19.646020873504384, '_a4_': -0.9313491268459569, '_a6_': 0.20861287565401357, '_a2_': 1.0, '_a3_': 1.0, '_a5_': 1.0, '_a7_': 1.0}};{'d0': 0.024415212082643092};-277.669260633739;36.05978682403405
25938;-99.4619796209261;(((x * ((x * pow2(_a0_)) + (_a3_ * _a3_))) + (_a6_ + _a6_)) * x);{'d0': {'_a0_': 1.8375964950083827, '_a3_': 1.451421395774715, '_a6_': 0.8875677021251345, '_a1_': 1.0, '_a2_': 1.0, '_a4_': 1.0, '_a5_': 1.0, '_a7_': 1.0}};{'d0': 0.02490583291941662};-280.569866449044;40.822953603596034
25939;-99.4619796209261;(((x * ((x * pow2(_a5_)) + (_a3_ * _a3_))) + (_a6_ + _a6_)) * x);{'d0': {'_a3_': 1.4514213953405382, '_a5_': 1.8375964945690721, '_a6_': 0.8875677021649846, '_a0_': 1.0, '_a1_': 1.0, '_a2_': 1.0, '_a4_': 1.0, '_a7_': 1.0}};{'d0': 0.0249058329194166};-280.569866449044;40.822953603596034
25940;-99.4619796209261;(((x * ((x * pow2(_a5_)) + (_a3_ * _a3_))) + (_a6_ + _a6_)) * x);{'d0': {'_a3_': 1.4514213953405382, '_a5_': 1.8375964945690721, '_a6_': 0.8875677021649846, '_a0_': 1.0, '_a1_': 1.0, '_a2_': 1.0, '_a4_': 1.0, '_a7_': 1.0}};{'d0': 0.0249058329194166};-280.569866449044;40.822953603596034
25941;-98.1382168817570;(((x * ((x * (_a0_ * _a6_)) + (_a3_ * _a3_))) + (_a6_ + _a6_)) * x);{'d0': {'_a0_': 3.804510764190287, '_a3_': 1.4514213955003255, '_a6_': 0.887567702248446, '_a1_': 1.0, '_a2_': 1.0, '_a4_': 1.0, '_a5_': 1.0, '_a7_': 1.0}};{'d0': 0.024905832919416646};-280.569866449044;42.14671634276503
25942;-98.1382168817570;(((x * ((x * (_a0_ * _a6_)) + (_a3_ * _a3_))) + (_a6_ + _a6_)) * x);{'d0': {'_a0_': 3.804510764190287, '_a3_': 1.4514213955003255, '_a6_': 0.887567702248446, '_a1_': 1.0, '_a2_': 1.0, '_a4_': 1.0, '_a5_': 1.0, '_a7_': 1.0}};{'d0': 0.024905832919416646};-280.569866449044;42.14671634276503
25943;-98.1382168817570;(((x * ((x * (_a0_ * _a6_)) + (_a3_ * _a3_))) + (_a6_ + _a6_)) * x);{'d0': {'_a0_': 3.804510764190287, '_a3_': 1.4514213955003255, '_a6_': 0.887567702248446, '_a1_': 1.0, '_a2_': 1.0, '_a4_': 1.0, '_a5_': 1.0, '_a7_': 1.0}};{'d0': 0.024905832919416646};-280.569866449044;42.14671634276503
25944;-98.1382168817570;(((x * ((x * (_a0_ * _a6_)) + (_a3_ * _a3_))) + (_a6_ + _a6_)) * x);{'d0': {'_a0_': 3.804510764190287, '_a3_': 1.4514213955003255, '_a6_': 0.887567702248446, '_a1_': 1.0, '_a2_': 1.0, '_a4_': 1.0, '_a5_': 1.0, '_a7_': 1.0}};{'d0': 0.024905832919416646};-280.569866449044;42.14671634276503
25945;-98.1382168817570;(((x * ((x * (_a0_ * _a6_)) + (_a3_ * _a3_))) + (_a6_ + _a6_)) * x);{'d0': {'_a0_': 3.804510764190287, '_a3_': 1.4514213955003255, '_a6_': 0.887567702248446, '_a1_': 1.0, '_a2_': 1.0, '_a4_': 1.0, '_a5_': 1.0, '_a7_': 1.0}};{'d0': 0.024905832919416646};-280.569866449044;42.14671634276503
25946;-98.1382168817570;(((x * ((x * (_a0_ * _a6_)) + (_a6_ * _a3_))) + (_a6_ + _a6_)) * x);{'d0': {'_a0_': 3.8045107657753086, '_a3_': 2.3734798592420256, '_a6_': 0.8875677010835638, '_a1_': 1.0, '_a2_': 1.0, '_a4_': 1.0, '_a5_': 1.0, '_a7_': 1.0}};{'d0': 0.02490583291941667};-280.569866449043;42.14671634276503
25947;-98.1382168817570;(((x * ((x * (_a0_ * _a6_)) + (_a6_ * _a3_))) + (_a6_ + _a6_)) * x);{'d0': {'_a0_': 3.8045107657753086, '_a3_': 2.3734798592420256, '_a6_': 0.8875677010835638, '_a1_': 1.0, '_a2_': 1.0, '_a4_': 1.0, '_a5_': 1.0, '_a7_': 1.0}};{'d0': 0.02490583291941667};-280.569866449043;42.14671634276503
25948;-98.1382168817570;(((x * ((x * (_a0_ * _a6_)) + (_a6_ * _a3_))) + (_a6_ + _a6_)) * x);{'d0': {'_a0_': 3.8045107657753086, '_a3_': 2.3734798592420256, '_a6_': 0.8875677010835638, '_a1_': 1.0, '_a2_': 1.0, '_a4_': 1.0, '_a5_': 1.0, '_a7_': 1.0}};{'d0': 0.02490583291941667};-280.569866449043;42.14671634276503
25949;-98.1382168817570;(((x * ((x * (_a0_ * _a6_)) + (_a6_ * _a3_))) + (_a6_ + _a6_)) * x);{'d0': {'_a0_': 3.8045107657753086, '_a3_': 2.3734798592420256, '_a6_': 0.8875677010835638, '_a1_': 1.0, '_a2_': 1.0, '_a4_': 1.0, '_a5_': 1.0, '_a7_': 1.0}};{'d0': 0.02490583291941667};-280.569866449043;42.14671634276503
25950;-98.1382168817570;(((x * ((x * (_a0_ * _a6_)) + (_a6_ * _a3_))) + (_a6_ + _a6_)) * x);{'d0': {'_a0_': 3.8045107657753086, '_a3_': 2.3734798592420256, '_a6_': 0.8875677010835638, '_a1_': 1.0, '_a2_': 1.0, '_a4_': 1.0, '_a5_': 1.0, '_a7_': 1.0}};{'d0': 0.02490583291941667};-280.569866449043;42.14671634276503
25951;-98.1382168817570;(((x * ((x * (_a0_ * _a6_)) + (_a6_ * _a3_))) + (_a6_ + _a6_)) * x);{'d0': {'_a0_': 3.8045107657753086, '_a3_': 2.3734798592420256, '_a6_': 0.8875677010835638, '_a1_': 1.0, '_a2_': 1.0, '_a4_': 1.0, '_a5_': 1.0, '_a7_': 1.0}};{'d0': 0.02490583291941667};-280.569866449043;42.14671634276503
25952;-98.1382168817570;(((x * ((x * (_a0_ * _a6_)) + (_a6_ * _a3_))) + (_a6_ + _a6_)) * x);{'d0': {'_a0_': 3.8045107657753086, '_a3_': 2.3734798592420256, '_a6_': 0.8875677010835638, '_a1_': 1.0, '_a2_': 1.0, '_a4_': 1.0, '_a5_': 1.0, '_a7_': 1.0}};{'d0': 0.02490583291941667};-280.569866449043;42.14671634276503
25953;-98.1382168817570;(((x * ((x * (_a0_ * _a6_)) + (_a6_ * _a3_))) + (_a6_ + _a6_)) * x);{'d0': {'_a0_': 3.8045107657753086, '_a3_': 2.3734798592420256, '_a6_': 0.8875677010835638, '_a1_': 1.0, '_a2_': 1.0, '_a4_': 1.0, '_a5_': 1.0, '_a7_': 1.0}};{'d0': 0.02490583291941667};-280.569866449043;42.14671634276503
25954;-98.1382168817570;(((x * ((x * (_a0_ * _a6_)) + (_a6_ * _a3_))) + (_a6_ + _a6_)) * x);{'d0': {'_a0_': 3.8045107657753086, '_a3_': 2.3734798592420256, '_a6_': 0.8875677010835638, '_a1_': 1.0, '_a2_': 1.0, '_a4_': 1.0, '_a5_': 1.0, '_a7_': 1.0}};{'d0': 0.02490583291941667};-280.569866449043;42.14671634276503
25955;-98.1382168817570;(((x * ((x * (_a0_ * _a6_)) + (_a6_ * _a3_))) + (_a6_ + _a6_)) * x);{'d0': {'_a0_': 3.8045107657753086, '_a3_': 2.3734798592420256, '_a6_': 0.8875677010835638, '_a1_': 1.0, '_a2_': 1.0, '_a4_': 1.0, '_a5_': 1.0, '_a7_': 1.0}};{'d0': 0.02490583291941667};-280.569866449043;42.14671634276503
25956;-98.1382168817570;(((x * ((x * (_a0_ * _a6_)) + (_a6_ * _a3_))) + (_a6_ + _a6_)) * x);{'d0': {'_a0_': 3.8045107657753086, '_a3_': 2.3734798592420256, '_a6_': 0.8875677010835638, '_a1_': 1.0, '_a2_': 1.0, '_a4_': 1.0, '_a5_': 1.0, '_a7_': 1.0}};{'d0': 0.02490583291941667};-280.569866449043;42.14671634276503
25957;-98.1382168817570;(((x * ((x * (_a0_ * _a6_)) + (_a6_ * _a3_))) + (_a6_ + _a6_)) * x);{'d0': {'_a0_': 3.8045107657753086, '_a3_': 2.3734798592420256, '_a6_': 0.8875677010835638, '_a1_': 1.0, '_a2_': 1.0, '_a4_': 1.0, '_a5_': 1.0, '_a7_': 1.0}};{'d0': 0.02490583291941667};-280.569866449043;42.14671634276503
25958;-98.1382168817570;(((x * ((x * (_a0_ * _a6_)) + (_a6_ * _a3_))) + (_a6_ + _a6_)) * x);{'d0': {'_a0_': 3.8045107657753086, '_a3_': 2.3734798592420256, '_a6_': 0.8875677010835638, '_a1_': 1.0, '_a2_': 1.0, '_a4_': 1.0, '_a5_': 1.0, '_a7_': 1.0}};{'d0': 0.02490583291941667};-280.569866449043;42.14671634276503
25959;-98.1382168817570;(((x * ((x * (_a0_ * _a6_)) + (_a6_ * _a3_))) + (_a6_ + _a6_)) * x);{'d0': {'_a0_': 3.8045107657753086, '_a3_': 2.3734798592420256, '_a6_': 0.8875677010835638, '_a1_': 1.0, '_a2_': 1.0, '_a4_': 1.0, '_a5_': 1.0, '_a7_': 1.0}};{'d0': 0.02490583291941667};-280.569866449043;42.14671634276503
25960;-98.1382168817570;(((x * ((x * (_a0_ * _a6_)) + (_a6_ * _a3_))) + (_a6_ + _a6_)) * x);{'d0': {'_a0_': 3.8045107657753086, '_a3_': 2.3734798592420256, '_a6_': 0.8875677010835638, '_a1_': 1.0, '_a2_': 1.0, '_a4_': 1.0, '_a5_': 1.0, '_a7_': 1.0}};{'d0': 0.02490583291941667};-280.569866449043;42.14671634276503
25961;-96.8542424438062;(_a1_ * ((sinh((x + _a6_)) + _a0_) + (x * (_a0_ + _a3_))));{'d0': {'_a0_': -0.21009680572214232, '_a1_': 19.64602086257543, '_a3_': -0.7212523210658504, '_a6_': 0.20861287548728366, '_a2_': 1.0, '_a4_': 1.0, '_a5_': 1.0, '_a7_': 1.0}};{'d0': 0.024415212082642808};-277.669260633740;41.980387873064046
25962;-96.8542424438062;(_a1_ * ((sinh((x + _a6_)) + _a0_) + (x * (_a0_ + _a3_))));{'d0': {'_a0_': -0.21009680572214232, '_a1_': 19.64602086257543, '_a3_': -0.7212523210658504, '_a6_': 0.20861287548728366, '_a2_': 1.0, '_a4_': 1.0, '_a5_': 1.0, '_a7_': 1.0}};{'d0': 0.024415212082642808};-277.669260633740;41.980387873064046
25963;-96.8542424438062;(_a1_ * ((sinh((x + _a6_)) + _a0_) + (x * (_a0_ + _a3_))));{'d0': {'_a0_': -0.21009680572214232, '_a1_': 19.64602086257543, '_a3_': -0.7212523210658504, '_a6_': 0.20861287548728366, '_a2_': 1.0, '_a4_': 1.0, '_a5_': 1.0, '_a7_': 1.0}};{'d0': 0.024415212082642808};-277.669260633740;41.980387873064046
25964;-96.8542424438062;(_a1_ * ((sinh((x + _a6_)) + _a0_) + (x * (_a0_ + _a3_))));{'d0': {'_a0_': -0.21009680572214232, '_a1_': 19.64602086257543, '_a3_': -0.7212523210658504, '_a6_': 0.20861287548728366, '_a2_': 1.0, '_a4_': 1.0, '_a5_': 1.0, '_a7_': 1.0}};{'d0': 0.024415212082642808};-277.669260633740;41.980387873064046
25965;-96.8542424438062;(_a1_ * ((sinh((x + _a6_)) + _a0_) + (x * (_a0_ + _a3_))));{'d0': {'_a0_': -0.21009680572214232, '_a1_': 19.64602086257543, '_a3_': -0.7212523210658504, '_a6_': 0.20861287548728366, '_a2_': 1.0, '_a4_': 1.0, '_a5_': 1.0, '_a7_': 1.0}};{'d0': 0.024415212082642808};-277.669260633740;41.980387873064046
25966;-96.8542424438062;(_a1_ * ((sinh((x + _a6_)) + _a0_) + (x * (_a0_ + _a3_))));{'d0': {'_a0_': -0.21009680572214232, '_a1_': 19.64602086257543, '_a3_': -0.7212523210658504, '_a6_': 0.20861287548728366, '_a2_': 1.0, '_a4_': 1.0, '_a5_': 1.0, '_a7_': 1.0}};{'d0': 0.024415212082642808};-277.669260633740;41.980387873064046
25967;-96.8542424438062;(_a1_ * ((sinh((x + _a6_)) + _a0_) + (x * (_a0_ + _a3_))));{'d0': {'_a0_': -0.21009680572214232, '_a1_': 19.64602086257543, '_a3_': -0.7212523210658504, '_a6_': 0.20861287548728366, '_a2_': 1.0, '_a4_': 1.0, '_a5_': 1.0, '_a7_': 1.0}};{'d0': 0.024415212082642808};-277.669260633740;41.980387873064046
25968;-96.8542424438062;(_a1_ * ((sinh((x + _a6_)) + _a0_) + (x * (_a0_ + _a3_))));{'d0': {'_a0_': -0.21009680572214232, '_a1_': 19.64602086257543, '_a3_': -0.7212523210658504, '_a6_': 0.20861287548728366, '_a2_': 1.0, '_a4_': 1.0, '_a5_': 1.0, '_a7_': 1.0}};{'d0': 0.024415212082642808};-277.669260633740;41.980387873064046
25969;-96.8542424438062;(_a1_ * ((sinh((x + _a6_)) + _a0_) + (x * (_a0_ + _a3_))));{'d0': {'_a0_': -0.21009680572214232, '_a1_': 19.64602086257543, '_a3_': -0.7212523210658504, '_a6_': 0.20861287548728366, '_a2_': 1.0, '_a4_': 1.0, '_a5_': 1.0, '_a7_': 1.0}};{'d0': 0.024415212082642808};-277.669260633740;41.980387873064046
25970;-96.8542424438062;(_a1_ * ((sinh((x + _a6_)) + _a0_) + (x * (_a0_ + _a3_))));{'d0': {'_a0_': -0.21009680572214232, '_a1_': 19.64602086257543, '_a3_': -0.7212523210658504, '_a6_': 0.20861287548728366, '_a2_': 1.0, '_a4_': 1.0, '_a5_': 1.0, '_a7_': 1.0}};{'d0': 0.024415212082642808};-277.669260633740;41.980387873064046
25971;-96.8542424438062;(_a1_ * ((sinh((x + _a6_)) + _a0_) + (x * (_a0_ + _a3_))));{'d0': {'_a0_': -0.21009680572214232, '_a1_': 19.64602086257543, '_a3_': -0.7212523210658504, '_a6_': 0.20861287548728366, '_a2_': 1.0, '_a4_': 1.0, '_a5_': 1.0, '_a7_': 1.0}};{'d0': 0.024415212082642808};-277.669260633740;41.980387873064046
25972;-96.8542424438062;(_a1_ * ((sinh((x + _a6_)) + _a0_) + (x * (_a0_ + _a3_))));{'d0': {'_a0_': -0.21009680572214232, '_a1_': 19.64602086257543, '_a3_': -0.7212523210658504, '_a6_': 0.20861287548728366, '_a2_': 1.0, '_a4_': 1.0, '_a5_': 1.0, '_a7_': 1.0}};{'d0': 0.024415212082642808};-277.669260633740;41.980387873064046
25973;-96.8542424438062;(_a1_ * ((sinh((x + _a6_)) + _a0_) + (x * (_a0_ + _a3_))));{'d0': {'_a0_': -0.21009680572214232, '_a1_': 19.64602086257543, '_a3_': -0.7212523210658504, '_a6_': 0.20861287548728366, '_a2_': 1.0, '_a4_': 1.0, '_a5_': 1.0, '_a7_': 1.0}};{'d0': 0.024415212082642808};-277.669260633740;41.980387873064046
25974;-96.8542424438062;(_a1_ * ((sinh((x + _a6_)) + _a0_) + (x * (_a0_ + _a3_))));{'d0': {'_a0_': -0.21009680572214232, '_a1_': 19.64602086257543, '_a3_': -0.7212523210658504, '_a6_': 0.20861287548728366, '_a2_': 1.0, '_a4_': 1.0, '_a5_': 1.0, '_a7_': 1.0}};{'d0': 0.024415212082642808};-277.669260633740;41.980387873064046
25975;-96.8542424438062;(_a1_ * ((sinh((x + _a6_)) + _a0_) + (x * (_a0_ + _a3_))));{'d0': {'_a0_': -0.21009680572214232, '_a1_': 19.64602086257543, '_a3_': -0.7212523210658504, '_a6_': 0.20861287548728366, '_a2_': 1.0, '_a4_': 1.0, '_a5_': 1.0, '_a7_': 1.0}};{'d0': 0.024415212082642808};-277.669260633740;41.980387873064046
25976;-96.8542424438062;(_a1_ * ((sinh((x + _a6_)) + _a0_) + (x * (_a0_ + _a3_))));{'d0': {'_a0_': -0.21009680572214232, '_a1_': 19.64602086257543, '_a3_': -0.7212523210658504, '_a6_': 0.20861287548728366, '_a2_': 1.0, '_a4_': 1.0, '_a5_': 1.0, '_a7_': 1.0}};{'d0': 0.024415212082642808};-277.669260633740;41.980387873064046
25977;-96.8542424438062;(_a1_ * ((sinh((x + _a6_)) + _a0_) + (x * (_a0_ + _a3_))));{'d0': {'_a0_': -0.21009680572214232, '_a1_': 19.64602086257543, '_a3_': -0.7212523210658504, '_a6_': 0.20861287548728366, '_a2_': 1.0, '_a4_': 1.0, '_a5_': 1.0, '_a7_': 1.0}};{'d0': 0.024415212082642808};-277.669260633740;41.980387873064046
25978;-96.8542424438062;(_a1_ * ((sinh((x + _a6_)) + _a0_) + (x * (_a0_ + _a3_))));{'d0': {'_a0_': -0.21009680572214232, '_a1_': 19.64602086257543, '_a3_': -0.7212523210658504, '_a6_': 0.20861287548728366, '_a2_': 1.0, '_a4_': 1.0, '_a5_': 1.0, '_a7_': 1.0}};{'d0': 0.024415212082642808};-277.669260633740;41.980387873064046
25979;-96.8542424438062;(_a1_ * ((sinh((x + _a6_)) + _a0_) + (x * (_a0_ + _a3_))));{'d0': {'_a0_': -0.21009680572214232, '_a1_': 19.64602086257543, '_a3_': -0.7212523210658504, '_a6_': 0.20861287548728366, '_a2_': 1.0, '_a4_': 1.0, '_a5_': 1.0, '_a7_': 1.0}};{'d0': 0.024415212082642808};-277.669260633740;41.980387873064046
25980;-96.8542424438062;(_a1_ * ((sinh((x + _a6_)) + _a0_) + (x * (_a0_ + _a3_))));{'d0': {'_a0_': -0.21009680572214232, '_a1_': 19.64602086257543, '_a3_': -0.7212523210658504, '_a6_': 0.20861287548728366, '_a2_': 1.0, '_a4_': 1.0, '_a5_': 1.0, '_a7_': 1.0}};{'d0': 0.024415212082642808};-277.669260633740;41.980387873064046
25981;-96.8542424438062;(_a1_ * ((sinh((x + _a6_)) + _a0_) + (x * (_a0_ + _a3_))));{'d0': {'_a0_': -0.21009680572214232, '_a1_': 19.64602086257543, '_a3_': -0.7212523210658504, '_a6_': 0.20861287548728366, '_a2_': 1.0, '_a4_': 1.0, '_a5_': 1.0, '_a7_': 1.0}};{'d0': 0.024415212082642808};-277.669260633740;41.980387873064046
25982;-96.8542424438062;(_a1_ * ((sinh((x + _a6_)) + _a0_) + (x * (_a0_ + _a3_))));{'d0': {'_a0_': -0.21009680572214232, '_a1_': 19.64602086257543, '_a3_': -0.7212523210658504, '_a6_': 0.20861287548728366, '_a2_': 1.0, '_a4_': 1.0, '_a5_': 1.0, '_a7_': 1.0}};{'d0': 0.024415212082642808};-277.669260633740;41.980387873064046
25983;-96.8542424438062;(_a1_ * ((sinh((x + _a6_)) + _a0_) + (x * (_a0_ + _a3_))));{'d0': {'_a0_': -0.21009680572214232, '_a1_': 19.64602086257543, '_a3_': -0.7212523210658504, '_a6_': 0.20861287548728366, '_a2_': 1.0, '_a4_': 1.0, '_a5_': 1.0, '_a7_': 1.0}};{'d0': 0.024415212082642808};-277.669260633740;41.980387873064046
25984;-96.8542424438062;(_a1_ * ((sinh((x + _a6_)) + _a0_) + (x * (_a0_ + _a3_))));{'d0': {'_a0_': -0.21009680572214232, '_a1_': 19.64602086257543, '_a3_': -0.7212523210658504, '_a6_': 0.20861287548728366, '_a2_': 1.0, '_a4_': 1.0, '_a5_': 1.0, '_a7_': 1.0}};{'d0': 0.024415212082642808};-277.669260633740;41.980387873064046
25985;-96.8542424438062;(_a1_ * ((sinh((x + _a6_)) + _a0_) + (x * (_a0_ + _a3_))));{'d0': {'_a0_': -0.21009680572214232, '_a1_': 19.64602086257543, '_a3_': -0.7212523210658504, '_a6_': 0.20861287548728366, '_a2_': 1.0, '_a4_': 1.0, '_a5_': 1.0, '_a7_': 1.0}};{'d0': 0.024415212082642808};-277.669260633740;41.980387873064046
25986;-96.8542424438062;(_a1_ * ((sinh((x + _a6_)) + _a0_) + (x * (_a0_ + _a3_))));{'d0': {'_a0_': -0.21009680572214232, '_a1_': 19.64602086257543, '_a3_': -0.7212523210658504, '_a6_': 0.20861287548728366, '_a2_': 1.0, '_a4_': 1.0, '_a5_': 1.0, '_a7_': 1.0}};{'d0': 0.024415212082642808};-277.669260633740;41.980387873064046
25987;-96.8542424438062;(_a1_ * ((sinh((x + _a6_)) + _a0_) + (x * (_a0_ + _a3_))));{'d0': {'_a0_': -0.21009680572214232, '_a1_': 19.64602086257543, '_a3_': -0.7212523210658504, '_a6_': 0.20861287548728366, '_a2_': 1.0, '_a4_': 1.0, '_a5_': 1.0, '_a7_': 1.0}};{'d0': 0.024415212082642808};-277.669260633740;41.980387873064046
25988;-96.8542424438062;(_a1_ * ((sinh((x + _a6_)) + _a0_) + (x * (_a0_ + _a3_))));{'d0': {'_a0_': -0.21009680572214232, '_a1_': 19.64602086257543, '_a3_': -0.7212523210658504, '_a6_': 0.20861287548728366, '_a2_': 1.0, '_a4_': 1.0, '_a5_': 1.0, '_a7_': 1.0}};{'d0': 0.024415212082642808};-277.669260633740;41.980387873064046
25989;-96.8542424438062;(_a1_ * ((sinh((x + _a6_)) + _a0_) + (x * (_a0_ + _a3_))));{'d0': {'_a0_': -0.21009680572214232, '_a1_': 19.64602086257543, '_a3_': -0.7212523210658504, '_a6_': 0.20861287548728366, '_a2_': 1.0, '_a4_': 1.0, '_a5_': 1.0, '_a7_': 1.0}};{'d0': 0.024415212082642808};-277.669260633740;41.980387873064046
25990;-96.8542424438062;(_a1_ * ((sinh((x + _a6_)) + _a0_) + (x * (_a0_ + _a3_))));{'d0': {'_a0_': -0.21009680572214232, '_a1_': 19.64602086257543, '_a3_': -0.7212523210658504, '_a6_': 0.20861287548728366, '_a2_': 1.0, '_a4_': 1.0, '_a5_': 1.0, '_a7_': 1.0}};{'d0': 0.024415212082642808};-277.669260633740;41.980387873064046
25991;-96.8542424438062;(_a1_ * ((sinh((x + _a6_)) + _a0_) + (x * (_a0_ + _a3_))));{'d0': {'_a0_': -0.21009680572214232, '_a1_': 19.64602086257543, '_a3_': -0.7212523210658504, '_a6_': 0.20861287548728366, '_a2_': 1.0, '_a4_': 1.0, '_a5_': 1.0, '_a7_': 1.0}};{'d0': 0.024415212082642808};-277.669260633740;41.980387873064046
25992;-96.8542424438062;(_a1_ * ((sinh((x + _a6_)) + _a0_) + (x * (_a0_ + _a3_))));{'d0': {'_a0_': -0.21009680572214232, '_a1_': 19.64602086257543, '_a3_': -0.7212523210658504, '_a6_': 0.20861287548728366, '_a2_': 1.0, '_a4_': 1.0, '_a5_': 1.0, '_a7_': 1.0}};{'d0': 0.024415212082642808};-277.669260633740;41.980387873064046
25993;-104.058817930787;(((x * ((x * (_a6_ * _a6_)) + (_a6_ * _a3_))) + _a2_) * x);{'d0': {'_a2_': 1.775135404446879, '_a3_': 1.1464018753781355, '_a6_': 1.8375964948583203, '_a0_': 1.0, '_a1_': 1.0, '_a4_': 1.0, '_a5_': 1.0, '_a7_': 1.0}};{'d0': 0.02490583291941663};-280.569866449044;36.226115293735035
25994;-104.058817930787;(((x * ((x * (_a6_ * _a6_)) + (_a6_ * _a3_))) + _a2_) * x);{'d0': {'_a2_': 1.775135404446879, '_a3_': 1.1464018753781355, '_a6_': 1.8375964948583203, '_a0_': 1.0, '_a1_': 1.0, '_a4_': 1.0, '_a5_': 1.0, '_a7_': 1.0}};{'d0': 0.02490583291941663};-280.569866449044;36.226115293735035
25995;-104.058817930787;(((x * ((x * (_a6_ * _a6_)) + (_a6_ * _a3_))) + _a2_) * x);{'d0': {'_a2_': 1.775135404446879, '_a3_': 1.1464018753781355, '_a6_': 1.8375964948583203, '_a0_': 1.0, '_a1_': 1.0, '_a4_': 1.0, '_a5_': 1.0, '_a7_': 1.0}};{'d0': 0.02490583291941663};-280.569866449044;36.226115293735035
25996;-104.058817930787;(((x * ((x * (_a6_ * _a6_)) + (_a6_ * _a3_))) + _a2_) * x);{'d0': {'_a2_': 1.775135404446879, '_a3_': 1.1464018753781355, '_a6_': 1.8375964948583203, '_a0_': 1.0, '_a1_': 1.0, '_a4_': 1.0, '_a5_': 1.0, '_a7_': 1.0}};{'d0': 0.02490583291941663};-280.569866449044;36.226115293735035
25997;-104.058817930787;(((x * ((x * (_a6_ * _a6_)) + (_a6_ * _a3_))) + _a2_) * x);{'d0': {'_a2_': 1.775135404446879, '_a3_': 1.1464018753781355, '_a6_': 1.8375964948583203, '_a0_': 1.0, '_a1_': 1.0, '_a4_': 1.0, '_a5_': 1.0, '_a7_': 1.0}};{'d0': 0.02490583291941663};-280.569866449044;36.226115293735035
25998;-104.058817930787;(((x * ((x * (_a6_ * _a6_)) + (_a6_ * _a3_))) + _a2_) * x);{'d0': {'_a2_': 1.775135404446879, '_a3_': 1.1464018753781355, '_a6_': 1.8375964948583203, '_a0_': 1.0, '_a1_': 1.0, '_a4_': 1.0, '_a5_': 1.0, '_a7_': 1.0}};{'d0': 0.02490583291941663};-280.569866449044;36.226115293735035
25999;-104.058817930787;(((x * ((x * (_a6_ * _a6_)) + (_a6_ * _a3_))) + _a2_) * x);{'d0': {'_a2_': 1.775135404446879, '_a3_': 1.1464018753781355, '_a6_': 1.8375964948583203, '_a0_': 1.0, '_a1_': 1.0, '_a4_': 1.0, '_a5_': 1.0, '_a7_': 1.0}};{'d0': 0.02490583291941663};-280.569866449044;36.226115293735035
26000;-104.058817930787;(((x * ((x * (_a6_ * _a6_)) + (_a6_ * _a3_))) + _a2_) * x);{'d0': {'_a2_': 1.775135404446879, '_a3_': 1.1464018753781355, '_a6_': 1.8375964948583203, '_a0_': 1.0, '_a1_': 1.0, '_a4_': 1.0, '_a5_': 1.0, '_a7_': 1.0}};{'d0': 0.02490583291941663};-280.569866449044;36.226115293735035
26001;-104.058817930787;(((x * ((x * (_a6_ * _a6_)) + (_a6_ * _a3_))) + _a2_) * x);{'d0': {'_a2_': 1.775135404446879, '_a3_': 1.1464018753781355, '_a6_': 1.8375964948583203, '_a0_': 1.0, '_a1_': 1.0, '_a4_': 1.0, '_a5_': 1.0, '_a7_': 1.0}};{'d0': 0.02490583291941663};-280.569866449044;36.226115293735035
26002;-104.058817930787;(((x * ((x * (_a6_ * _a6_)) + (_a6_ * _a3_))) + _a2_) * x);{'d0': {'_a2_': 1.775135404446879, '_a3_': 1.1464018753781355, '_a6_': 1.8375964948583203, '_a0_': 1.0, '_a1_': 1.0, '_a4_': 1.0, '_a5_': 1.0, '_a7_': 1.0}};{'d0': 0.02490583291941663};-280.569866449044;36.226115293735035
26003;-104.058817930787;(((x * ((x * (_a6_ * _a6_)) + (_a6_ * _a3_))) + _a2_) * x);{'d0': {'_a2_': 1.775135404446879, '_a3_': 1.1464018753781355, '_a6_': 1.8375964948583203, '_a0_': 1.0, '_a1_': 1.0, '_a4_': 1.0, '_a5_': 1.0, '_a7_': 1.0}};{'d0': 0.02490583291941663};-280.569866449044;36.226115293735035
26004;-104.058817930787;(((x * ((x * (_a6_ * _a6_)) + (_a6_ * _a3_))) + _a2_) * x);{'d0': {'_a2_': 1.775135404446879, '_a3_': 1.1464018753781355, '_a6_': 1.8375964948583203, '_a0_': 1.0, '_a1_': 1.0, '_a4_': 1.0, '_a5_': 1.0, '_a7_': 1.0}};{'d0': 0.02490583291941663};-280.569866449044;36.226115293735035
26005;-104.058817930787;(((x * ((x * (_a6_ * _a6_)) + (_a6_ * _a3_))) + _a2_) * x);{'d0': {'_a2_': 1.775135404446879, '_a3_': 1.1464018753781355, '_a6_': 1.8375964948583203, '_a0_': 1.0, '_a1_': 1.0, '_a4_': 1.0, '_a5_': 1.0, '_a7_': 1.0}};{'d0': 0.02490583291941663};-280.569866449044;36.226115293735035
26006;-104.058817930787;(((x * ((x * (_a6_ * _a6_)) + (_a6_ * _a3_))) + _a2_) * x);{'d0': {'_a2_': 1.775135404446879, '_a3_': 1.1464018753781355, '_a6_': 1.8375964948583203, '_a0_': 1.0, '_a1_': 1.0, '_a4_': 1.0, '_a5_': 1.0, '_a7_': 1.0}};{'d0': 0.02490583291941663};-280.569866449044;36.226115293735035
26007;-104.058817930787;(((x * ((x * (_a6_ * _a6_)) + (_a6_ * _a3_))) + _a2_) * x);{'d0': {'_a2_': 1.775135404446879, '_a3_': 1.1464018753781355, '_a6_': 1.8375964948583203, '_a0_': 1.0, '_a1_': 1.0, '_a4_': 1.0, '_a5_': 1.0, '_a7_': 1.0}};{'d0': 0.02490583291941663};-280.569866449044;36.226115293735035
26008;-104.058817930787;(((x * ((x * (_a6_ * _a6_)) + (_a6_ * _a3_))) + _a2_) * x);{'d0': {'_a2_': 1.775135404446879, '_a3_': 1.1464018753781355, '_a6_': 1.8375964948583203, '_a0_': 1.0, '_a1_': 1.0, '_a4_': 1.0, '_a5_': 1.0, '_a7_': 1.0}};{'d0': 0.02490583291941663};-280.569866449044;36.226115293735035
26009;-104.058817930787;(((x * ((x * (_a6_ * _a6_)) + (_a6_ * _a3_))) + _a2_) * x);{'d0': {'_a2_': 1.775135404446879, '_a3_': 1.1464018753781355, '_a6_': 1.8375964948583203, '_a0_': 1.0, '_a1_': 1.0, '_a4_': 1.0, '_a5_': 1.0, '_a7_': 1.0}};{'d0': 0.02490583291941663};-280.569866449044;36.226115293735035
26010;-104.058817930787;(((x * ((x * (_a6_ * _a6_)) + (_a6_ * _a3_))) + _a2_) * x);{'d0': {'_a2_': 1.775135404446879, '_a3_': 1.1464018753781355, '_a6_': 1.8375964948583203, '_a0_': 1.0, '_a1_': 1.0, '_a4_': 1.0, '_a5_': 1.0, '_a7_': 1.0}};{'d0': 0.02490583291941663};-280.569866449044;36.226115293735035
26011;-104.058817930787;(((x * ((x * (_a6_ * _a6_)) + (_a6_ * _a3_))) + _a2_) * x);{'d0': {'_a2_': 1.775135404446879, '_a3_': 1.1464018753781355, '_a6_': 1.8375964948583203, '_a0_': 1.0, '_a1_': 1.0, '_a4_': 1.0, '_a5_': 1.0, '_a7_': 1.0}};{'d0': 0.02490583291941663};-280.569866449044;36.226115293735035
26012;-104.058817930787;(((x * ((x * (_a6_ * _a6_)) + (_a6_ * _a3_))) + _a2_) * x);{'d0': {'_a2_': 1.775135404446879, '_a3_': 1.1464018753781355, '_a6_': 1.8375964948583203, '_a0_': 1.0, '_a1_': 1.0, '_a4_': 1.0, '_a5_': 1.0, '_a7_': 1.0}};{'d0': 0.02490583291941663};-280.569866449044;36.226115293735035
26013;-104.058817930787;(((x * ((x * (_a6_ * _a6_)) + (_a6_ * _a3_))) + _a2_) * x);{'d0': {'_a2_': 1.775135404446879, '_a3_': 1.1464018753781355, '_a6_': 1.8375964948583203, '_a0_': 1.0, '_a1_': 1.0, '_a4_': 1.0, '_a5_': 1.0, '_a7_': 1.0}};{'d0': 0.02490583291941663};-280.569866449044;36.226115293735035
26014;-104.058817930787;(((x * ((x * (_a6_ * _a6_)) + (_a6_ * _a3_))) + _a2_) * x);{'d0': {'_a2_': 1.775135404446879, '_a3_': 1.1464018753781355, '_a6_': 1.8375964948583203, '_a0_': 1.0, '_a1_': 1.0, '_a4_': 1.0, '_a5_': 1.0, '_a7_': 1.0}};{'d0': 0.02490583291941663};-280.569866449044;36.226115293735035
26015;-103.714447007906;(((x * ((x * (_a6_ * _a6_)) + exp(_a1_))) + _a2_) * x);{'d0': {'_a1_': 0.7450866977943335, '_a2_': 1.775135404403596, '_a6_': 1.8375964944997107, '_a0_': 1.0, '_a3_': 1.0, '_a4_': 1.0, '_a5_': 1.0, '_a7_': 1.0}};{'d0': 0.024905832919416646};-280.569866449044;36.57048621661603
26016;-103.714447007906;(((x * ((x * (_a6_ * _a6_)) + exp(_a1_))) + _a2_) * x);{'d0': {'_a1_': 0.7450866977943335, '_a2_': 1.775135404403596, '_a6_': 1.8375964944997107, '_a0_': 1.0, '_a3_': 1.0, '_a4_': 1.0, '_a5_': 1.0, '_a7_': 1.0}};{'d0': 0.024905832919416646};-280.569866449044;36.57048621661603
26017;-103.714447007906;(((x * ((x * (_a6_ * _a6_)) + exp(_a1_))) + _a2_) * x);{'d0': {'_a1_': 0.7450866977943335, '_a2_': 1.775135404403596, '_a6_': 1.8375964944997107, '_a0_': 1.0, '_a3_': 1.0, '_a4_': 1.0, '_a5_': 1.0, '_a7_': 1.0}};{'d0': 0.024905832919416646};-280.569866449044;36.57048621661603
26018;-100.602104411544;(_a4_ + (x * (_a5_ + pow2((_a2_ * ((_a7_ ** _a2_) + x))))));{'d0': {'_a2_': 1.8391623798454633, '_a4_': -0.0010242024734981503, '_a5_': 1.4448039646151676, '_a7_': 0.53108899255997, '_a0_': 1.0, '_a1_': 1.0, '_a3_': 1.0, '_a6_': 1.0}};{'d0': 0.024885482501874095};-276.524567593295;37.66017938510393
26019;-100.602104411544;(_a4_ + (x * (_a5_ + pow2((_a2_ * ((_a7_ ** _a2_) + x))))));{'d0': {'_a2_': 1.8391623798454633, '_a4_': -0.0010242024734981503, '_a5_': 1.4448039646151676, '_a7_': 0.53108899255997, '_a0_': 1.0, '_a1_': 1.0, '_a3_': 1.0, '_a6_': 1.0}};{'d0': 0.024885482501874095};-276.524567593295;37.66017938510393
26020;-101.186242965048;(_a4_ + (x * (_a5_ + pow2((_a2_ * (cos(_a3_) + x))))));{'d0': {'_a2_': 1.8391622928448548, '_a3_': 1.2532088755181223, '_a4_': -0.001024145589375916, '_a5_': 1.4448040708746694, '_a0_': 1.0, '_a1_': 1.0, '_a6_': 1.0, '_a7_': 1.0}};{'d0': 0.024885482501895467};-276.524567593243;37.076040831573934
26021;-101.186242965048;(_a4_ + (x * (_a5_ + pow2((_a2_ * (cos(_a3_) + x))))));{'d0': {'_a2_': 1.8391622928448548, '_a3_': 1.2532088755181223, '_a4_': -0.001024145589375916, '_a5_': 1.4448040708746694, '_a0_': 1.0, '_a1_': 1.0, '_a6_': 1.0, '_a7_': 1.0}};{'d0': 0.024885482501895467};-276.524567593243;37.076040831573934
26022;-101.186242965048;(_a4_ + (x * (_a5_ + pow2((_a2_ * (cos(_a3_) + x))))));{'d0': {'_a2_': 1.8391622928448548, '_a3_': 1.2532088755181223, '_a4_': -0.001024145589375916, '_a5_': 1.4448040708746694, '_a0_': 1.0, '_a1_': 1.0, '_a6_': 1.0, '_a7_': 1.0}};{'d0': 0.024885482501895467};-276.524567593243;37.076040831573934
26023;-101.186242965048;(_a4_ + (x * (_a5_ + pow2((_a2_ * (cos(_a3_) + x))))));{'d0': {'_a2_': 1.8391622928448548, '_a3_': 1.2532088755181223, '_a4_': -0.001024145589375916, '_a5_': 1.4448040708746694, '_a0_': 1.0, '_a1_': 1.0, '_a6_': 1.0, '_a7_': 1.0}};{'d0': 0.024885482501895467};-276.524567593243;37.076040831573934
26024;-101.186242965048;(_a4_ + (x * (_a5_ + pow2((_a2_ * (cos(_a3_) + x))))));{'d0': {'_a2_': 1.8391622928448548, '_a3_': 1.2532088755181223, '_a4_': -0.001024145589375916, '_a5_': 1.4448040708746694, '_a0_': 1.0, '_a1_': 1.0, '_a6_': 1.0, '_a7_': 1.0}};{'d0': 0.024885482501895467};-276.524567593243;37.076040831573934
26025;-101.186242965048;(_a4_ + (x * (_a5_ + pow2((_a2_ * (cos(_a3_) + x))))));{'d0': {'_a2_': 1.8391622928448548, '_a3_': 1.2532088755181223, '_a4_': -0.001024145589375916, '_a5_': 1.4448040708746694, '_a0_': 1.0, '_a1_': 1.0, '_a6_': 1.0, '_a7_': 1.0}};{'d0': 0.024885482501895467};-276.524567593243;37.076040831573934
26026;-101.186242965048;(_a4_ + (x * (_a5_ + pow2((_a2_ * (cos(_a3_) + x))))));{'d0': {'_a2_': 1.8391622928448548, '_a3_': 1.2532088755181223, '_a4_': -0.001024145589375916, '_a5_': 1.4448040708746694, '_a0_': 1.0, '_a1_': 1.0, '_a6_': 1.0, '_a7_': 1.0}};{'d0': 0.024885482501895467};-276.524567593243;37.076040831573934
26027;-101.186242965048;(_a4_ + (x * (_a5_ + pow2((_a2_ * (cos(_a3_) + x))))));{'d0': {'_a2_': 1.8391622928448548, '_a3_': 1.2532088755181223, '_a4_': -0.001024145589375916, '_a5_': 1.4448040708746694, '_a0_': 1.0, '_a1_': 1.0, '_a6_': 1.0, '_a7_': 1.0}};{'d0': 0.024885482501895467};-276.524567593243;37.076040831573934
26028;-101.186242965048;(_a4_ + (x * (_a5_ + pow2((_a2_ * (cos(_a3_) + x))))));{'d0': {'_a2_': 1.8391622928448548, '_a3_': 1.2532088755181223, '_a4_': -0.001024145589375916, '_a5_': 1.4448040708746694, '_a0_': 1.0, '_a1_': 1.0, '_a6_': 1.0, '_a7_': 1.0}};{'d0': 0.024885482501895467};-276.524567593243;37.076040831573934
26029;-101.186242965048;(_a4_ + (x * (_a5_ + pow2((_a2_ * (cos(_a3_) + x))))));{'d0': {'_a2_': 1.8391622928448548, '_a3_': 1.2532088755181223, '_a4_': -0.001024145589375916, '_a5_': 1.4448040708746694, '_a0_': 1.0, '_a1_': 1.0, '_a6_': 1.0, '_a7_': 1.0}};{'d0': 0.024885482501895467};-276.524567593243;37.076040831573934
26030;-101.186242965048;(_a4_ + (x * (_a5_ + pow2((_a2_ * (cos(_a3_) + x))))));{'d0': {'_a2_': 1.8391622928448548, '_a3_': 1.2532088755181223, '_a4_': -0.001024145589375916, '_a5_': 1.4448040708746694, '_a0_': 1.0, '_a1_': 1.0, '_a6_': 1.0, '_a7_': 1.0}};{'d0': 0.024885482501895467};-276.524567593243;37.076040831573934
26031;-101.186242965048;(_a4_ + (x * (_a5_ + pow2((_a2_ * (cos(_a3_) + x))))));{'d0': {'_a2_': 1.8391622928448548, '_a3_': 1.2532088755181223, '_a4_': -0.001024145589375916, '_a5_': 1.4448040708746694, '_a0_': 1.0, '_a1_': 1.0, '_a6_': 1.0, '_a7_': 1.0}};{'d0': 0.024885482501895467};-276.524567593243;37.076040831573934
26032;-101.186242965048;(_a4_ + (x * (_a5_ + pow2((_a2_ * (cos(_a3_) + x))))));{'d0': {'_a2_': 1.8391622928448548, '_a3_': 1.2532088755181223, '_a4_': -0.001024145589375916, '_a5_': 1.4448040708746694, '_a0_': 1.0, '_a1_': 1.0, '_a6_': 1.0, '_a7_': 1.0}};{'d0': 0.024885482501895467};-276.524567593243;37.076040831573934
26033;-101.186242965048;(_a4_ + (x * (_a5_ + pow2((_a2_ * (cos(_a3_) + x))))));{'d0': {'_a2_': 1.8391622928448548, '_a3_': 1.2532088755181223, '_a4_': -0.001024145589375916, '_a5_': 1.4448040708746694, '_a0_': 1.0, '_a1_': 1.0, '_a6_': 1.0, '_a7_': 1.0}};{'d0': 0.024885482501895467};-276.524567593243;37.076040831573934
26034;-101.186242965048;(_a4_ + (x * (_a5_ + pow2((_a2_ * (cos(_a3_) + x))))));{'d0': {'_a2_': 1.8391622928448548, '_a3_': 1.2532088755181223, '_a4_': -0.001024145589375916, '_a5_': 1.4448040708746694, '_a0_': 1.0, '_a1_': 1.0, '_a6_': 1.0, '_a7_': 1.0}};{'d0': 0.024885482501895467};-276.524567593243;37.076040831573934
26035;-101.186242965048;(_a4_ + (x * (_a5_ + pow2((_a2_ * (cos(_a3_) + x))))));{'d0': {'_a2_': 1.8391622928448548, '_a3_': 1.2532088755181223, '_a4_': -0.001024145589375916, '_a5_': 1.4448040708746694, '_a0_': 1.0, '_a1_': 1.0, '_a6_': 1.0, '_a7_': 1.0}};{'d0': 0.024885482501895467};-276.524567593243;37.076040831573934
26036;-101.186242965048;(_a4_ + (x * (_a5_ + pow2((_a2_ * (cos(_a3_) + x))))));{'d0': {'_a2_': 1.8391622928448548, '_a3_': 1.2532088755181223, '_a4_': -0.001024145589375916, '_a5_': 1.4448040708746694, '_a0_': 1.0, '_a1_': 1.0, '_a6_': 1.0, '_a7_': 1.0}};{'d0': 0.024885482501895467};-276.524567593243;37.076040831573934
26037;-101.186242965048;(_a4_ + (x * (_a5_ + pow2((_a2_ * (cos(_a3_) + x))))));{'d0': {'_a2_': 1.8391622928448548, '_a3_': 1.2532088755181223, '_a4_': -0.001024145589375916, '_a5_': 1.4448040708746694, '_a0_': 1.0, '_a1_': 1.0, '_a6_': 1.0, '_a7_': 1.0}};{'d0': 0.024885482501895467};-276.524567593243;37.076040831573934
26038;-101.186242965048;(_a4_ + (x * (_a5_ + pow2((_a2_ * (cos(_a3_) + x))))));{'d0': {'_a2_': 1.8391622928448548, '_a3_': 1.2532088755181223, '_a4_': -0.001024145589375916, '_a5_': 1.4448040708746694, '_a0_': 1.0, '_a1_': 1.0, '_a6_': 1.0, '_a7_': 1.0}};{'d0': 0.024885482501895467};-276.524567593243;37.076040831573934
26039;-101.186242965048;(_a4_ + (x * (_a5_ + pow2((_a2_ * (cos(_a3_) + x))))));{'d0': {'_a2_': 1.8391622928448548, '_a3_': 1.2532088755181223, '_a4_': -0.001024145589375916, '_a5_': 1.4448040708746694, '_a0_': 1.0, '_a1_': 1.0, '_a6_': 1.0, '_a7_': 1.0}};{'d0': 0.024885482501895467};-276.524567593243;37.076040831573934
26040;-101.186242965048;(_a4_ + (x * (_a5_ + pow2((_a2_ * (cos(_a3_) + x))))));{'d0': {'_a2_': 1.8391622928448548, '_a3_': 1.2532088755181223, '_a4_': -0.001024145589375916, '_a5_': 1.4448040708746694, '_a0_': 1.0, '_a1_': 1.0, '_a6_': 1.0, '_a7_': 1.0}};{'d0': 0.024885482501895467};-276.524567593243;37.076040831573934
26041;-101.906320727542;(_a4_ + (x * (_a5_ + pow2((_a2_ * (log(_a3_) + x))))));{'d0': {'_a2_': 1.8391623525247536, '_a3_': 1.366531235547145, '_a4_': -0.00102418452545194, '_a5_': 1.4448039958159273, '_a0_': 1.0, '_a1_': 1.0, '_a6_': 1.0, '_a7_': 1.0}};{'d0': 0.02488548250186687};-276.524567593312;36.35596306911393
26042;-101.906320727542;(_a4_ + (x * (_a5_ + pow2((_a2_ * (log(_a3_) + x))))));{'d0': {'_a2_': 1.8391623525247536, '_a3_': 1.366531235547145, '_a4_': -0.00102418452545194, '_a5_': 1.4448039958159273, '_a0_': 1.0, '_a1_': 1.0, '_a6_': 1.0, '_a7_': 1.0}};{'d0': 0.02488548250186687};-276.524567593312;36.35596306911393
26043;-101.906320727542;(_a4_ + (x * (_a5_ + pow2((_a2_ * (log(_a3_) + x))))));{'d0': {'_a2_': 1.8391623525247536, '_a3_': 1.366531235547145, '_a4_': -0.00102418452545194, '_a5_': 1.4448039958159273, '_a0_': 1.0, '_a1_': 1.0, '_a6_': 1.0, '_a7_': 1.0}};{'d0': 0.02488548250186687};-276.524567593312;36.35596306911393
26044;-101.906320727542;(_a4_ + (x * (_a5_ + pow2((_a2_ * (log(_a3_) + x))))));{'d0': {'_a2_': 1.8391623525247536, '_a3_': 1.366531235547145, '_a4_': -0.00102418452545194, '_a5_': 1.4448039958159273, '_a0_': 1.0, '_a1_': 1.0, '_a6_': 1.0, '_a7_': 1.0}};{'d0': 0.02488548250186687};-276.524567593312;36.35596306911393
26045;-101.906320727542;(_a4_ + (x * (_a5_ + pow2((_a2_ * (log(_a3_) + x))))));{'d0': {'_a2_': 1.8391623525247536, '_a3_': 1.366531235547145, '_a4_': -0.00102418452545194, '_a5_': 1.4448039958159273, '_a0_': 1.0, '_a1_': 1.0, '_a6_': 1.0, '_a7_': 1.0}};{'d0': 0.02488548250186687};-276.524567593312;36.35596306911393
26046;-101.906320727542;(_a4_ + (x * (_a5_ + pow2((_a2_ * (log(_a3_) + x))))));{'d0': {'_a2_': 1.8391623525247536, '_a3_': 1.366531235547145, '_a4_': -0.00102418452545194, '_a5_': 1.4448039958159273, '_a0_': 1.0, '_a1_': 1.0, '_a6_': 1.0, '_a7_': 1.0}};{'d0': 0.02488548250186687};-276.524567593312;36.35596306911393
26047;-101.906320727542;(_a4_ + (x * (_a5_ + pow2((_a2_ * (log(_a3_) + x))))));{'d0': {'_a2_': 1.8391623525247536, '_a3_': 1.366531235547145, '_a4_': -0.00102418452545194, '_a5_': 1.4448039958159273, '_a0_': 1.0, '_a1_': 1.0, '_a6_': 1.0, '_a7_': 1.0}};{'d0': 0.02488548250186687};-276.524567593312;36.35596306911393
26048;-101.906320727542;(_a4_ + (x * (_a5_ + pow2((_a2_ * (log(_a3_) + x))))));{'d0': {'_a2_': 1.8391623525247536, '_a3_': 1.366531235547145, '_a4_': -0.00102418452545194, '_a5_': 1.4448039958159273, '_a0_': 1.0, '_a1_': 1.0, '_a6_': 1.0, '_a7_': 1.0}};{'d0': 0.02488548250186687};-276.524567593312;36.35596306911393
26049;-101.906320727542;(_a4_ + (x * (_a5_ + pow2((_a2_ * (log(_a3_) + x))))));{'d0': {'_a2_': 1.8391623525247536, '_a3_': 1.366531235547145, '_a4_': -0.00102418452545194, '_a5_': 1.4448039958159273, '_a0_': 1.0, '_a1_': 1.0, '_a6_': 1.0, '_a7_': 1.0}};{'d0': 0.02488548250186687};-276.524567593312;36.35596306911393
26050;-101.906320727542;(_a4_ + (x * (_a5_ + pow2((_a2_ * (log(_a3_) + x))))));{'d0': {'_a2_': 1.8391623525247536, '_a3_': 1.366531235547145, '_a4_': -0.00102418452545194, '_a5_': 1.4448039958159273, '_a0_': 1.0, '_a1_': 1.0, '_a6_': 1.0, '_a7_': 1.0}};{'d0': 0.02488548250186687};-276.524567593312;36.35596306911393
26051;-101.906320727542;(_a4_ + (x * (_a5_ + pow2((_a2_ * (log(_a3_) + x))))));{'d0': {'_a2_': 1.8391623525247536, '_a3_': 1.366531235547145, '_a4_': -0.00102418452545194, '_a5_': 1.4448039958159273, '_a0_': 1.0, '_a1_': 1.0, '_a6_': 1.0, '_a7_': 1.0}};{'d0': 0.02488548250186687};-276.524567593312;36.35596306911393
26052;-101.906320727542;(_a4_ + (x * (_a5_ + pow2((_a2_ * (log(_a3_) + x))))));{'d0': {'_a2_': 1.8391623525247536, '_a3_': 1.366531235547145, '_a4_': -0.00102418452545194, '_a5_': 1.4448039958159273, '_a0_': 1.0, '_a1_': 1.0, '_a6_': 1.0, '_a7_': 1.0}};{'d0': 0.02488548250186687};-276.524567593312;36.35596306911393
26053;-101.906320727542;(_a4_ + (x * (_a5_ + pow2((_a2_ * (log(_a3_) + x))))));{'d0': {'_a2_': 1.8391623525247536, '_a3_': 1.366531235547145, '_a4_': -0.00102418452545194, '_a5_': 1.4448039958159273, '_a0_': 1.0, '_a1_': 1.0, '_a6_': 1.0, '_a7_': 1.0}};{'d0': 0.02488548250186687};-276.524567593312;36.35596306911393
26054;-101.779177079247;(_a1_ * ((sinh((x + _a6_)) + _a0_) + (x / _a4_)));{'d0': {'_a0_': -0.21009680699676028, '_a1_': 19.646020943367333, '_a4_': -1.0737112117705996, '_a6_': 0.20861287662923786, '_a2_': 1.0, '_a3_': 1.0, '_a5_': 1.0, '_a7_': 1.0}};{'d0': 0.02441521208264275};-277.669260633740;37.055453237623446
26055;-101.779177079247;(_a1_ * ((sinh((x + _a6_)) + _a0_) + (x / _a4_)));{'d0': {'_a0_': -0.21009680699676028, '_a1_': 19.646020943367333, '_a4_': -1.0737112117705996, '_a6_': 0.20861287662923786, '_a2_': 1.0, '_a3_': 1.0, '_a5_': 1.0, '_a7_': 1.0}};{'d0': 0.02441521208264275};-277.669260633740;37.055453237623446
26056;-101.779177079247;(_a1_ * ((sinh((x + _a6_)) + _a0_) + (x / _a4_)));{'d0': {'_a0_': -0.21009680699676028, '_a1_': 19.646020943367333, '_a4_': -1.0737112117705996, '_a6_': 0.20861287662923786, '_a2_': 1.0, '_a3_': 1.0, '_a5_': 1.0, '_a7_': 1.0}};{'d0': 0.02441521208264275};-277.669260633740;37.055453237623446
26057;-101.779177079247;(_a1_ * ((sinh((x + _a6_)) + _a0_) + (x / _a4_)));{'d0': {'_a0_': -0.21009680699676028, '_a1_': 19.646020943367333, '_a4_': -1.0737112117705996, '_a6_': 0.20861287662923786, '_a2_': 1.0, '_a3_': 1.0, '_a5_': 1.0, '_a7_': 1.0}};{'d0': 0.02441521208264275};-277.669260633740;37.055453237623446
26058;-101.779177079247;(_a1_ * ((sinh((x + _a6_)) + _a0_) + (x / _a4_)));{'d0': {'_a0_': -0.21009680699676028, '_a1_': 19.646020943367333, '_a4_': -1.0737112117705996, '_a6_': 0.20861287662923786, '_a2_': 1.0, '_a3_': 1.0, '_a5_': 1.0, '_a7_': 1.0}};{'d0': 0.02441521208264275};-277.669260633740;37.055453237623446
26059;-101.779177079247;(_a1_ * ((sinh((x + _a6_)) + _a0_) + (x / _a4_)));{'d0': {'_a0_': -0.21009680699676028, '_a1_': 19.646020943367333, '_a4_': -1.0737112117705996, '_a6_': 0.20861287662923786, '_a2_': 1.0, '_a3_': 1.0, '_a5_': 1.0, '_a7_': 1.0}};{'d0': 0.02441521208264275};-277.669260633740;37.055453237623446
26060;-101.779177079247;(_a1_ * ((sinh((x + _a6_)) + _a0_) + (x / _a4_)));{'d0': {'_a0_': -0.21009680699676028, '_a1_': 19.646020943367333, '_a4_': -1.0737112117705996, '_a6_': 0.20861287662923786, '_a2_': 1.0, '_a3_': 1.0, '_a5_': 1.0, '_a7_': 1.0}};{'d0': 0.02441521208264275};-277.669260633740;37.055453237623446
26061;-101.779177079247;(_a1_ * ((sinh((x + _a6_)) + _a0_) + (x / _a4_)));{'d0': {'_a0_': -0.21009680699676028, '_a1_': 19.646020943367333, '_a4_': -1.0737112117705996, '_a6_': 0.20861287662923786, '_a2_': 1.0, '_a3_': 1.0, '_a5_': 1.0, '_a7_': 1.0}};{'d0': 0.02441521208264275};-277.669260633740;37.055453237623446
26062;-101.779177079247;(_a1_ * ((sinh((x + _a6_)) + _a0_) + (x / _a4_)));{'d0': {'_a0_': -0.21009680699676028, '_a1_': 19.646020943367333, '_a4_': -1.0737112117705996, '_a6_': 0.20861287662923786, '_a2_': 1.0, '_a3_': 1.0, '_a5_': 1.0, '_a7_': 1.0}};{'d0': 0.02441521208264275};-277.669260633740;37.055453237623446
26063;-101.779177079247;(_a1_ * ((sinh((x + _a6_)) + _a0_) + (x / _a4_)));{'d0': {'_a0_': -0.21009680699676028, '_a1_': 19.646020943367333, '_a4_': -1.0737112117705996, '_a6_': 0.20861287662923786, '_a2_': 1.0, '_a3_': 1.0, '_a5_': 1.0, '_a7_': 1.0}};{'d0': 0.02441521208264275};-277.669260633740;37.055453237623446
26064;-101.779177079247;(_a1_ * ((sinh((x + _a6_)) + _a0_) + (x / _a4_)));{'d0': {'_a0_': -0.21009680699676028, '_a1_': 19.646020943367333, '_a4_': -1.0737112117705996, '_a6_': 0.20861287662923786, '_a2_': 1.0, '_a3_': 1.0, '_a5_': 1.0, '_a7_': 1.0}};{'d0': 0.02441521208264275};-277.669260633740;37.055453237623446
26065;-101.779177079247;(_a1_ * ((sinh((x + _a6_)) + _a0_) + (x / _a4_)));{'d0': {'_a0_': -0.21009680699676028, '_a1_': 19.646020943367333, '_a4_': -1.0737112117705996, '_a6_': 0.20861287662923786, '_a2_': 1.0, '_a3_': 1.0, '_a5_': 1.0, '_a7_': 1.0}};{'d0': 0.02441521208264275};-277.669260633740;37.055453237623446
26066;-101.779177079247;(_a1_ * ((sinh((x + _a6_)) + _a0_) + (x / _a4_)));{'d0': {'_a0_': -0.21009680699676028, '_a1_': 19.646020943367333, '_a4_': -1.0737112117705996, '_a6_': 0.20861287662923786, '_a2_': 1.0, '_a3_': 1.0, '_a5_': 1.0, '_a7_': 1.0}};{'d0': 0.02441521208264275};-277.669260633740;37.055453237623446
26067;-101.779177079247;(_a1_ * ((sinh((x + _a6_)) + _a0_) + (x / _a4_)));{'d0': {'_a0_': -0.21009680699676028, '_a1_': 19.646020943367333, '_a4_': -1.0737112117705996, '_a6_': 0.20861287662923786, '_a2_': 1.0, '_a3_': 1.0, '_a5_': 1.0, '_a7_': 1.0}};{'d0': 0.02441521208264275};-277.669260633740;37.055453237623446
26068;-101.779177079247;(_a1_ * ((sinh((x + _a6_)) + _a0_) + (x / _a4_)));{'d0': {'_a0_': -0.21009680699676028, '_a1_': 19.646020943367333, '_a4_': -1.0737112117705996, '_a6_': 0.20861287662923786, '_a2_': 1.0, '_a3_': 1.0, '_a5_': 1.0, '_a7_': 1.0}};{'d0': 0.02441521208264275};-277.669260633740;37.055453237623446
26069;-101.779177079247;(_a1_ * ((sinh((x + _a6_)) + _a0_) + (x / _a4_)));{'d0': {'_a0_': -0.21009680699676028, '_a1_': 19.646020943367333, '_a4_': -1.0737112117705996, '_a6_': 0.20861287662923786, '_a2_': 1.0, '_a3_': 1.0, '_a5_': 1.0, '_a7_': 1.0}};{'d0': 0.02441521208264275};-277.669260633740;37.055453237623446
26070;-101.779177079247;(_a1_ * ((sinh((x + _a6_)) + _a0_) + (x / _a4_)));{'d0': {'_a0_': -0.21009680699676028, '_a1_': 19.646020943367333, '_a4_': -1.0737112117705996, '_a6_': 0.20861287662923786, '_a2_': 1.0, '_a3_': 1.0, '_a5_': 1.0, '_a7_': 1.0}};{'d0': 0.02441521208264275};-277.669260633740;37.055453237623446
26071;-101.779177079247;(_a1_ * ((sinh((x + _a6_)) + _a0_) + (x / _a4_)));{'d0': {'_a0_': -0.21009680699676028, '_a1_': 19.646020943367333, '_a4_': -1.0737112117705996, '_a6_': 0.20861287662923786, '_a2_': 1.0, '_a3_': 1.0, '_a5_': 1.0, '_a7_': 1.0}};{'d0': 0.02441521208264275};-277.669260633740;37.055453237623446
26072;-101.779177079247;(_a1_ * ((sinh((x + _a6_)) + _a0_) + (x / _a4_)));{'d0': {'_a0_': -0.21009680699676028, '_a1_': 19.646020943367333, '_a4_': -1.0737112117705996, '_a6_': 0.20861287662923786, '_a2_': 1.0, '_a3_': 1.0, '_a5_': 1.0, '_a7_': 1.0}};{'d0': 0.02441521208264275};-277.669260633740;37.055453237623446
26073;-101.779177079247;(_a1_ * ((sinh((x + _a6_)) + _a0_) + (x / _a4_)));{'d0': {'_a0_': -0.21009680699676028, '_a1_': 19.646020943367333, '_a4_': -1.0737112117705996, '_a6_': 0.20861287662923786, '_a2_': 1.0, '_a3_': 1.0, '_a5_': 1.0, '_a7_': 1.0}};{'d0': 0.02441521208264275};-277.669260633740;37.055453237623446
26074;-101.779177079247;(_a1_ * ((sinh((x + _a6_)) + _a0_) + (x / _a4_)));{'d0': {'_a0_': -0.21009680699676028, '_a1_': 19.646020943367333, '_a4_': -1.0737112117705996, '_a6_': 0.20861287662923786, '_a2_': 1.0, '_a3_': 1.0, '_a5_': 1.0, '_a7_': 1.0}};{'d0': 0.02441521208264275};-277.669260633740;37.055453237623446
26075;-107.991960722949;(((_a3_ + pow2(((x * _a1_) + _a0_))) ** _a1_) * x);{'d0': {'_a0_': 0.4278081419902859, '_a1_': 1.3876512777563184, '_a3_': 1.3208807933810225, '_a2_': 1.0, '_a4_': 1.0, '_a5_': 1.0, '_a6_': 1.0, '_a7_': 1.0}};{'d0': 0.025369521232062646};-279.463078118046;31.739578336074096
26076;-107.991960722949;(((_a3_ + pow2(((x * _a1_) + _a0_))) ** _a1_) * x);{'d0': {'_a0_': 0.4278081419902859, '_a1_': 1.3876512777563184, '_a3_': 1.3208807933810225, '_a2_': 1.0, '_a4_': 1.0, '_a5_': 1.0, '_a6_': 1.0, '_a7_': 1.0}};{'d0': 0.025369521232062646};-279.463078118046;31.739578336074096
26077;-107.991960722949;(((_a3_ + pow2(((x * _a1_) + _a0_))) ** _a1_) * x);{'d0': {'_a0_': 0.4278081419902859, '_a1_': 1.3876512777563184, '_a3_': 1.3208807933810225, '_a2_': 1.0, '_a4_': 1.0, '_a5_': 1.0, '_a6_': 1.0, '_a7_': 1.0}};{'d0': 0.025369521232062646};-279.463078118046;31.739578336074096
26078;-107.991960722949;(((_a3_ + pow2(((x * _a1_) + _a0_))) ** _a1_) * x);{'d0': {'_a0_': 0.4278081419902859, '_a1_': 1.3876512777563184, '_a3_': 1.3208807933810225, '_a2_': 1.0, '_a4_': 1.0, '_a5_': 1.0, '_a6_': 1.0, '_a7_': 1.0}};{'d0': 0.025369521232062646};-279.463078118046;31.739578336074096
26079;-102.774843492836;(_a1_ * ((sinh((x + _a6_)) + _a0_) + (x * _a4_)));{'d0': {'_a0_': -0.21009680590662733, '_a1_': 19.646020873504384, '_a4_': -0.9313491268459569, '_a6_': 0.20861287565401357, '_a2_': 1.0, '_a3_': 1.0, '_a5_': 1.0, '_a7_': 1.0}};{'d0': 0.024415212082643092};-277.669260633739;36.05978682403405
26080;-102.774843492836;(_a1_ * ((sinh((x + _a6_)) + _a0_) + (x * _a4_)));{'d0': {'_a0_': -0.21009680590662733, '_a1_': 19.646020873504384, '_a4_': -0.9313491268459569, '_a6_': 0.20861287565401357, '_a2_': 1.0, '_a3_': 1.0, '_a5_': 1.0, '_a7_': 1.0}};{'d0': 0.024415212082643092};-277.669260633739;36.05978682403405
26081;-102.774843492836;(_a1_ * ((sinh((x + _a6_)) + _a0_) + (x * _a4_)));{'d0': {'_a0_': -0.21009680590662733, '_a1_': 19.646020873504384, '_a4_': -0.9313491268459569, '_a6_': 0.20861287565401357, '_a2_': 1.0, '_a3_': 1.0, '_a5_': 1.0, '_a7_': 1.0}};{'d0': 0.024415212082643092};-277.669260633739;36.05978682403405
26082;-102.774843492836;(_a1_ * ((sinh((x + _a6_)) + _a0_) + (x * _a4_)));{'d0': {'_a0_': -0.21009680590662733, '_a1_': 19.646020873504384, '_a4_': -0.9313491268459569, '_a6_': 0.20861287565401357, '_a2_': 1.0, '_a3_': 1.0, '_a5_': 1.0, '_a7_': 1.0}};{'d0': 0.024415212082643092};-277.669260633739;36.05978682403405
26083;-102.774843492836;(_a1_ * ((sinh((x + _a6_)) + _a0_) + (x * _a4_)));{'d0': {'_a0_': -0.21009680590662733, '_a1_': 19.646020873504384, '_a4_': -0.9313491268459569, '_a6_': 0.20861287565401357, '_a2_': 1.0, '_a3_': 1.0, '_a5_': 1.0, '_a7_': 1.0}};{'d0': 0.024415212082643092};-277.669260633739;36.05978682403405
26084;-102.774843492836;(_a1_ * ((sinh((x + _a6_)) + _a0_) + (x * _a4_)));{'d0': {'_a0_': -0.21009680590662733, '_a1_': 19.646020873504384, '_a4_': -0.9313491268459569, '_a6_': 0.20861287565401357, '_a2_': 1.0, '_a3_': 1.0, '_a5_': 1.0, '_a7_': 1.0}};{'d0': 0.024415212082643092};-277.669260633739;36.05978682403405
26085;-102.774843492836;(_a1_ * ((sinh((x + _a6_)) + _a0_) + (x * _a4_)));{'d0': {'_a0_': -0.21009680590662733, '_a1_': 19.646020873504384, '_a4_': -0.9313491268459569, '_a6_': 0.20861287565401357, '_a2_': 1.0, '_a3_': 1.0, '_a5_': 1.0, '_a7_': 1.0}};{'d0': 0.024415212082643092};-277.669260633739;36.05978682403405
26086;-102.774843492836;(_a1_ * ((sinh((x + _a6_)) + _a0_) + (x * _a4_)));{'d0': {'_a0_': -0.21009680590662733, '_a1_': 19.646020873504384, '_a4_': -0.9313491268459569, '_a6_': 0.20861287565401357, '_a2_': 1.0, '_a3_': 1.0, '_a5_': 1.0, '_a7_': 1.0}};{'d0': 0.024415212082643092};-277.669260633739;36.05978682403405
26087;-102.774843492836;(_a1_ * ((sinh((x + _a6_)) + _a0_) + (x * _a4_)));{'d0': {'_a0_': -0.21009680590662733, '_a1_': 19.646020873504384, '_a4_': -0.9313491268459569, '_a6_': 0.20861287565401357, '_a2_': 1.0, '_a3_': 1.0, '_a5_': 1.0, '_a7_': 1.0}};{'d0': 0.024415212082643092};-277.669260633739;36.05978682403405
26088;-102.774843492836;(_a1_ * ((sinh((x + _a6_)) + _a0_) + (x * _a4_)));{'d0': {'_a0_': -0.21009680590662733, '_a1_': 19.646020873504384, '_a4_': -0.9313491268459569, '_a6_': 0.20861287565401357, '_a2_': 1.0, '_a3_': 1.0, '_a5_': 1.0, '_a7_': 1.0}};{'d0': 0.024415212082643092};-277.669260633739;36.05978682403405
26089;-102.774843492836;(_a1_ * ((sinh((x + _a6_)) + _a0_) + (x * _a4_)));{'d0': {'_a0_': -0.21009680590662733, '_a1_': 19.646020873504384, '_a4_': -0.9313491268459569, '_a6_': 0.20861287565401357, '_a2_': 1.0, '_a3_': 1.0, '_a5_': 1.0, '_a7_': 1.0}};{'d0': 0.024415212082643092};-277.669260633739;36.05978682403405
26090;-102.774843492836;(_a1_ * ((sinh((x + _a6_)) + _a0_) + (x * _a4_)));{'d0': {'_a0_': -0.21009680590662733, '_a1_': 19.646020873504384, '_a4_': -0.9313491268459569, '_a6_': 0.20861287565401357, '_a2_': 1.0, '_a3_': 1.0, '_a5_': 1.0, '_a7_': 1.0}};{'d0': 0.024415212082643092};-277.669260633739;36.05978682403405
26091;-102.774843492836;(_a1_ * ((sinh((x + _a6_)) + _a0_) + (x * _a4_)));{'d0': {'_a0_': -0.21009680590662733, '_a1_': 19.646020873504384, '_a4_': -0.9313491268459569, '_a6_': 0.20861287565401357, '_a2_': 1.0, '_a3_': 1.0, '_a5_': 1.0, '_a7_': 1.0}};{'d0': 0.024415212082643092};-277.669260633739;36.05978682403405
26092;-102.774843492836;(_a1_ * ((sinh((x + _a6_)) + _a0_) + (x * _a4_)));{'d0': {'_a0_': -0.21009680590662733, '_a1_': 19.646020873504384, '_a4_': -0.9313491268459569, '_a6_': 0.20861287565401357, '_a2_': 1.0, '_a3_': 1.0, '_a5_': 1.0, '_a7_': 1.0}};{'d0': 0.024415212082643092};-277.669260633739;36.05978682403405
26093;-102.774843492836;(_a1_ * ((sinh((x + _a6_)) + _a0_) + (x * _a4_)));{'d0': {'_a0_': -0.21009680590662733, '_a1_': 19.646020873504384, '_a4_': -0.9313491268459569, '_a6_': 0.20861287565401357, '_a2_': 1.0, '_a3_': 1.0, '_a5_': 1.0, '_a7_': 1.0}};{'d0': 0.024415212082643092};-277.669260633739;36.05978682403405
26094;-102.774843492836;(_a1_ * ((sinh((x + _a6_)) + _a0_) + (x * _a4_)));{'d0': {'_a0_': -0.21009680590662733, '_a1_': 19.646020873504384, '_a4_': -0.9313491268459569, '_a6_': 0.20861287565401357, '_a2_': 1.0, '_a3_': 1.0, '_a5_': 1.0, '_a7_': 1.0}};{'d0': 0.024415212082643092};-277.669260633739;36.05978682403405
26095;-102.774843492836;(_a1_ * ((sinh((x + _a6_)) + _a0_) + (x * _a4_)));{'d0': {'_a0_': -0.21009680590662733, '_a1_': 19.646020873504384, '_a4_': -0.9313491268459569, '_a6_': 0.20861287565401357, '_a2_': 1.0, '_a3_': 1.0, '_a5_': 1.0, '_a7_': 1.0}};{'d0': 0.024415212082643092};-277.669260633739;36.05978682403405
26096;-102.774843492836;(_a1_ * ((sinh((x + _a6_)) + _a0_) + (x * _a4_)));{'d0': {'_a0_': -0.21009680590662733, '_a1_': 19.646020873504384, '_a4_': -0.9313491268459569, '_a6_': 0.20861287565401357, '_a2_': 1.0, '_a3_': 1.0, '_a5_': 1.0, '_a7_': 1.0}};{'d0': 0.024415212082643092};-277.669260633739;36.05978682403405
26097;-102.774843492836;(_a1_ * ((sinh((x + _a6_)) + _a0_) + (x * _a4_)));{'d0': {'_a0_': -0.21009680590662733, '_a1_': 19.646020873504384, '_a4_': -0.9313491268459569, '_a6_': 0.20861287565401357, '_a2_': 1.0, '_a3_': 1.0, '_a5_': 1.0, '_a7_': 1.0}};{'d0': 0.024415212082643092};-277.669260633739;36.05978682403405
26098;-102.774843492836;(_a1_ * ((sinh((x + _a6_)) + _a0_) + (x * _a4_)));{'d0': {'_a0_': -0.21009680590662733, '_a1_': 19.646020873504384, '_a4_': -0.9313491268459569, '_a6_': 0.20861287565401357, '_a2_': 1.0, '_a3_': 1.0, '_a5_': 1.0, '_a7_': 1.0}};{'d0': 0.024415212082643092};-277.669260633739;36.05978682403405
26099;-102.774843492836;(_a1_ * ((sinh((x + _a6_)) + _a0_) + (x * _a4_)));{'d0': {'_a0_': -0.21009680590662733, '_a1_': 19.646020873504384, '_a4_': -0.9313491268459569, '_a6_': 0.20861287565401357, '_a2_': 1.0, '_a3_': 1.0, '_a5_': 1.0, '_a7_': 1.0}};{'d0': 0.024415212082643092};-277.669260633739;36.05978682403405
26100;-102.774843492836;(_a1_ * ((sinh((x + _a6_)) + _a0_) + (x * _a4_)));{'d0': {'_a0_': -0.21009680590662733, '_a1_': 19.646020873504384, '_a4_': -0.9313491268459569, '_a6_': 0.20861287565401357, '_a2_': 1.0, '_a3_': 1.0, '_a5_': 1.0, '_a7_': 1.0}};{'d0': 0.024415212082643092};-277.669260633739;36.05978682403405
26101;-102.774843492836;(_a1_ * ((sinh((x + _a6_)) + _a0_) + (x * _a4_)));{'d0': {'_a0_': -0.21009680590662733, '_a1_': 19.646020873504384, '_a4_': -0.9313491268459569, '_a6_': 0.20861287565401357, '_a2_': 1.0, '_a3_': 1.0, '_a5_': 1.0, '_a7_': 1.0}};{'d0': 0.024415212082643092};-277.669260633739;36.05978682403405
26102;-96.4591884289790;(_a1_ * ((sinh(((_a1_ * x) + _a6_)) + _a0_) + (x * _a4_)));{'d0': {'_a0_': -0.4413112940338624, '_a1_': 2.0513932295122586, '_a4_': -1.3730560670893028, '_a6_': 0.43069691540416183, '_a2_': 1.0, '_a3_': 1.0, '_a5_': 1.0, '_a7_': 1.0}};{'d0': 0.025614590525647133};-274.791915784296;40.93676946316905
26103;-96.4591884289790;(_a1_ * ((sinh(((_a1_ * x) + _a6_)) + _a0_) + (x * _a4_)));{'d0': {'_a0_': -0.4413112940338624, '_a1_': 2.0513932295122586, '_a4_': -1.3730560670893028, '_a6_': 0.43069691540416183, '_a2_': 1.0, '_a3_': 1.0, '_a5_': 1.0, '_a7_': 1.0}};{'d0': 0.025614590525647133};-274.791915784296;40.93676946316905
26104;-96.4591884289790;(_a1_ * ((sinh(((_a1_ * x) + _a6_)) + _a0_) + (x * _a4_)));{'d0': {'_a0_': -0.4413112940338624, '_a1_': 2.0513932295122586, '_a4_': -1.3730560670893028, '_a6_': 0.43069691540416183, '_a2_': 1.0, '_a3_': 1.0, '_a5_': 1.0, '_a7_': 1.0}};{'d0': 0.025614590525647133};-274.791915784296;40.93676946316905
26105;-94.5785790041239;((_a5_ * (((_a0_ + x) * (-((_a0_ * _a0_)) * x)) + (_a7_ / _a0_))) * x);{'d0': {'_a0_': 0.6238594158384335, '_a5_': -8.67614575056347, '_a7_': -0.12764134774139058, '_a1_': 1.0, '_a2_': 1.0, '_a3_': 1.0, '_a4_': 1.0, '_a6_': 1.0}};{'d0': 0.024905832919416625};-280.569866449044;45.706354220397756
26106;-94.5785790041239;((_a5_ * (((_a0_ + x) * (-((_a0_ * _a0_)) * x)) + (_a7_ / _a0_))) * x);{'d0': {'_a0_': 0.6238594158384335, '_a5_': -8.67614575056347, '_a7_': -0.12764134774139058, '_a1_': 1.0, '_a2_': 1.0, '_a3_': 1.0, '_a4_': 1.0, '_a6_': 1.0}};{'d0': 0.024905832919416625};-280.569866449044;45.706354220397756
26107;-94.5785790041239;((_a5_ * (((_a0_ + x) * (-((_a0_ * _a0_)) * x)) + (_a7_ / _a0_))) * x);{'d0': {'_a0_': 0.6238594158384335, '_a5_': -8.67614575056347, '_a7_': -0.12764134774139058, '_a1_': 1.0, '_a2_': 1.0, '_a3_': 1.0, '_a4_': 1.0, '_a6_': 1.0}};{'d0': 0.024905832919416625};-280.569866449044;45.706354220397756
26108;-94.5785790041239;((_a5_ * (((_a0_ + x) * (-((_a0_ * _a0_)) * x)) + (_a7_ / _a0_))) * x);{'d0': {'_a0_': 0.6238594158384335, '_a5_': -8.67614575056347, '_a7_': -0.12764134774139058, '_a1_': 1.0, '_a2_': 1.0, '_a3_': 1.0, '_a4_': 1.0, '_a6_': 1.0}};{'d0': 0.024905832919416625};-280.569866449044;45.706354220397756
26109;-94.5785790041239;((_a5_ * (((_a0_ + x) * (-((_a0_ * _a0_)) * x)) + (_a7_ / _a0_))) * x);{'d0': {'_a0_': 0.6238594158384335, '_a5_': -8.67614575056347, '_a7_': -0.12764134774139058, '_a1_': 1.0, '_a2_': 1.0, '_a3_': 1.0, '_a4_': 1.0, '_a6_': 1.0}};{'d0': 0.024905832919416625};-280.569866449044;45.706354220397756
26110;-94.5785790041239;((_a5_ * (((_a0_ + x) * (-((_a0_ * _a0_)) * x)) + (_a7_ / _a0_))) * x);{'d0': {'_a0_': 0.6238594158384335, '_a5_': -8.67614575056347, '_a7_': -0.12764134774139058, '_a1_': 1.0, '_a2_': 1.0, '_a3_': 1.0, '_a4_': 1.0, '_a6_': 1.0}};{'d0': 0.024905832919416625};-280.569866449044;45.706354220397756
26111;-94.5785790041239;((_a5_ * (((_a0_ + x) * (-((_a0_ * _a0_)) * x)) + (_a7_ / _a0_))) * x);{'d0': {'_a0_': 0.6238594158384335, '_a5_': -8.67614575056347, '_a7_': -0.12764134774139058, '_a1_': 1.0, '_a2_': 1.0, '_a3_': 1.0, '_a4_': 1.0, '_a6_': 1.0}};{'d0': 0.024905832919416625};-280.569866449044;45.706354220397756
26112;-94.5785790041239;((_a5_ * (((_a0_ + x) * (-((_a0_ * _a0_)) * x)) + (_a7_ / _a0_))) * x);{'d0': {'_a0_': 0.6238594158384335, '_a5_': -8.67614575056347, '_a7_': -0.12764134774139058, '_a1_': 1.0, '_a2_': 1.0, '_a3_': 1.0, '_a4_': 1.0, '_a6_': 1.0}};{'d0': 0.024905832919416625};-280.569866449044;45.706354220397756
26113;-94.5785790041239;((_a5_ * (((_a0_ + x) * (-((_a0_ * _a0_)) * x)) + (_a7_ / _a0_))) * x);{'d0': {'_a0_': 0.6238594158384335, '_a5_': -8.67614575056347, '_a7_': -0.12764134774139058, '_a1_': 1.0, '_a2_': 1.0, '_a3_': 1.0, '_a4_': 1.0, '_a6_': 1.0}};{'d0': 0.024905832919416625};-280.569866449044;45.706354220397756
26114;-94.5785790041239;((_a5_ * (((_a0_ + x) * (-((_a0_ * _a0_)) * x)) + (_a7_ / _a0_))) * x);{'d0': {'_a0_': 0.6238594158384335, '_a5_': -8.67614575056347, '_a7_': -0.12764134774139058, '_a1_': 1.0, '_a2_': 1.0, '_a3_': 1.0, '_a4_': 1.0, '_a6_': 1.0}};{'d0': 0.024905832919416625};-280.569866449044;45.706354220397756
26115;-94.5785790041239;((_a5_ * (((_a0_ + x) * (-((_a0_ * _a0_)) * x)) + (_a7_ / _a0_))) * x);{'d0': {'_a0_': 0.6238594158384335, '_a5_': -8.67614575056347, '_a7_': -0.12764134774139058, '_a1_': 1.0, '_a2_': 1.0, '_a3_': 1.0, '_a4_': 1.0, '_a6_': 1.0}};{'d0': 0.024905832919416625};-280.569866449044;45.706354220397756
26116;-94.5785790041239;((_a5_ * (((_a0_ + x) * (-((_a0_ * _a0_)) * x)) + (_a7_ / _a0_))) * x);{'d0': {'_a0_': 0.6238594158384335, '_a5_': -8.67614575056347, '_a7_': -0.12764134774139058, '_a1_': 1.0, '_a2_': 1.0, '_a3_': 1.0, '_a4_': 1.0, '_a6_': 1.0}};{'d0': 0.024905832919416625};-280.569866449044;45.706354220397756
26117;-99.6002762159029;((_a5_ * (((_a0_ + x) * (-(_a0_) * x)) + (_a7_ / _a0_))) * x);{'d0': {'_a0_': 0.6238594152010694, '_a5_': -5.412695233472604, '_a7_': -0.2045995362720266, '_a1_': 1.0, '_a2_': 1.0, '_a3_': 1.0, '_a4_': 1.0, '_a6_': 1.0}};{'d0': 0.024905832919416608};-280.569866449044;40.68465700861876
26118;-96.4591884289790;(_a1_ * ((sinh(((_a1_ * x) + _a6_)) + _a0_) + (x * _a4_)));{'d0': {'_a0_': -0.4413112940338624, '_a1_': 2.0513932295122586, '_a4_': -1.3730560670893028, '_a6_': 0.43069691540416183, '_a2_': 1.0, '_a3_': 1.0, '_a5_': 1.0, '_a7_': 1.0}};{'d0': 0.025614590525647133};-274.791915784296;40.93676946316905
26119;-96.4591884289790;(_a1_ * ((sinh(((_a1_ * x) + _a6_)) + _a0_) + (x * _a4_)));{'d0': {'_a0_': -0.4413112940338624, '_a1_': 2.0513932295122586, '_a4_': -1.3730560670893028, '_a6_': 0.43069691540416183, '_a2_': 1.0, '_a3_': 1.0, '_a5_': 1.0, '_a7_': 1.0}};{'d0': 0.025614590525647133};-274.791915784296;40.93676946316905
26120;-96.4591884289790;(_a1_ * ((sinh(((_a1_ * x) + _a6_)) + _a0_) + (x * _a4_)));{'d0': {'_a0_': -0.4413112940338624, '_a1_': 2.0513932295122586, '_a4_': -1.3730560670893028, '_a6_': 0.43069691540416183, '_a2_': 1.0, '_a3_': 1.0, '_a5_': 1.0, '_a7_': 1.0}};{'d0': 0.025614590525647133};-274.791915784296;40.93676946316905
26121;-96.4591884289790;(_a1_ * ((sinh(((_a1_ * x) + _a6_)) + _a0_) + (x * _a4_)));{'d0': {'_a0_': -0.4413112940338624, '_a1_': 2.0513932295122586, '_a4_': -1.3730560670893028, '_a6_': 0.43069691540416183, '_a2_': 1.0, '_a3_': 1.0, '_a5_': 1.0, '_a7_': 1.0}};{'d0': 0.025614590525647133};-274.791915784296;40.93676946316905
26122;-96.4591884289790;(_a1_ * ((sinh(((_a1_ * x) + _a6_)) + _a0_) + (x * _a4_)));{'d0': {'_a0_': -0.4413112940338624, '_a1_': 2.0513932295122586, '_a4_': -1.3730560670893028, '_a6_': 0.43069691540416183, '_a2_': 1.0, '_a3_': 1.0, '_a5_': 1.0, '_a7_': 1.0}};{'d0': 0.025614590525647133};-274.791915784296;40.93676946316905
26123;-96.4591884289790;(_a1_ * ((sinh(((_a1_ * x) + _a6_)) + _a0_) + (x * _a4_)));{'d0': {'_a0_': -0.4413112940338624, '_a1_': 2.0513932295122586, '_a4_': -1.3730560670893028, '_a6_': 0.43069691540416183, '_a2_': 1.0, '_a3_': 1.0, '_a5_': 1.0, '_a7_': 1.0}};{'d0': 0.025614590525647133};-274.791915784296;40.93676946316905
26124;-96.4591884289790;(_a1_ * ((sinh(((_a1_ * x) + _a6_)) + _a0_) + (x * _a4_)));{'d0': {'_a0_': -0.4413112940338624, '_a1_': 2.0513932295122586, '_a4_': -1.3730560670893028, '_a6_': 0.43069691540416183, '_a2_': 1.0, '_a3_': 1.0, '_a5_': 1.0, '_a7_': 1.0}};{'d0': 0.025614590525647133};-274.791915784296;40.93676946316905
26125;-96.4591884289790;(_a1_ * ((sinh(((_a1_ * x) + _a6_)) + _a0_) + (x * _a4_)));{'d0': {'_a0_': -0.4413112940338624, '_a1_': 2.0513932295122586, '_a4_': -1.3730560670893028, '_a6_': 0.43069691540416183, '_a2_': 1.0, '_a3_': 1.0, '_a5_': 1.0, '_a7_': 1.0}};{'d0': 0.025614590525647133};-274.791915784296;40.93676946316905
26126;-96.4591884289790;(_a1_ * ((sinh(((_a1_ * x) + _a6_)) + _a0_) + (x * _a4_)));{'d0': {'_a0_': -0.4413112940338624, '_a1_': 2.0513932295122586, '_a4_': -1.3730560670893028, '_a6_': 0.43069691540416183, '_a2_': 1.0, '_a3_': 1.0, '_a5_': 1.0, '_a7_': 1.0}};{'d0': 0.025614590525647133};-274.791915784296;40.93676946316905
26127;-96.4591884289790;(_a1_ * ((sinh(((_a1_ * x) + _a6_)) + _a0_) + (x * _a4_)));{'d0': {'_a0_': -0.4413112940338624, '_a1_': 2.0513932295122586, '_a4_': -1.3730560670893028, '_a6_': 0.43069691540416183, '_a2_': 1.0, '_a3_': 1.0, '_a5_': 1.0, '_a7_': 1.0}};{'d0': 0.025614590525647133};-274.791915784296;40.93676946316905
26128;-96.4591884289790;(_a1_ * ((sinh(((_a1_ * x) + _a6_)) + _a0_) + (x * _a4_)));{'d0': {'_a0_': -0.4413112940338624, '_a1_': 2.0513932295122586, '_a4_': -1.3730560670893028, '_a6_': 0.43069691540416183, '_a2_': 1.0, '_a3_': 1.0, '_a5_': 1.0, '_a7_': 1.0}};{'d0': 0.025614590525647133};-274.791915784296;40.93676946316905
26129;-96.4591884289790;(_a1_ * ((sinh(((_a1_ * x) + _a6_)) + _a0_) + (x * _a4_)));{'d0': {'_a0_': -0.4413112940338624, '_a1_': 2.0513932295122586, '_a4_': -1.3730560670893028, '_a6_': 0.43069691540416183, '_a2_': 1.0, '_a3_': 1.0, '_a5_': 1.0, '_a7_': 1.0}};{'d0': 0.025614590525647133};-274.791915784296;40.93676946316905
26130;-96.4591884289790;(_a1_ * ((sinh(((_a1_ * x) + _a6_)) + _a0_) + (x * _a4_)));{'d0': {'_a0_': -0.4413112940338624, '_a1_': 2.0513932295122586, '_a4_': -1.3730560670893028, '_a6_': 0.43069691540416183, '_a2_': 1.0, '_a3_': 1.0, '_a5_': 1.0, '_a7_': 1.0}};{'d0': 0.025614590525647133};-274.791915784296;40.93676946316905
26131;-96.4591884289790;(_a1_ * ((sinh(((_a1_ * x) + _a6_)) + _a0_) + (x * _a4_)));{'d0': {'_a0_': -0.4413112940338624, '_a1_': 2.0513932295122586, '_a4_': -1.3730560670893028, '_a6_': 0.43069691540416183, '_a2_': 1.0, '_a3_': 1.0, '_a5_': 1.0, '_a7_': 1.0}};{'d0': 0.025614590525647133};-274.791915784296;40.93676946316905
26132;-96.4591884289790;(_a1_ * ((sinh(((_a1_ * x) + _a6_)) + _a0_) + (x * _a4_)));{'d0': {'_a0_': -0.4413112940338624, '_a1_': 2.0513932295122586, '_a4_': -1.3730560670893028, '_a6_': 0.43069691540416183, '_a2_': 1.0, '_a3_': 1.0, '_a5_': 1.0, '_a7_': 1.0}};{'d0': 0.025614590525647133};-274.791915784296;40.93676946316905
26133;-96.4591884289790;(_a1_ * ((sinh(((_a1_ * x) + _a6_)) + _a0_) + (x * _a4_)));{'d0': {'_a0_': -0.4413112940338624, '_a1_': 2.0513932295122586, '_a4_': -1.3730560670893028, '_a6_': 0.43069691540416183, '_a2_': 1.0, '_a3_': 1.0, '_a5_': 1.0, '_a7_': 1.0}};{'d0': 0.025614590525647133};-274.791915784296;40.93676946316905
26134;-96.4591884289790;(_a1_ * ((sinh(((_a1_ * x) + _a6_)) + _a0_) + (x * _a4_)));{'d0': {'_a0_': -0.4413112940338624, '_a1_': 2.0513932295122586, '_a4_': -1.3730560670893028, '_a6_': 0.43069691540416183, '_a2_': 1.0, '_a3_': 1.0, '_a5_': 1.0, '_a7_': 1.0}};{'d0': 0.025614590525647133};-274.791915784296;40.93676946316905
26135;-96.4591884289790;(_a1_ * ((sinh(((_a1_ * x) + _a6_)) + _a0_) + (x * _a4_)));{'d0': {'_a0_': -0.4413112940338624, '_a1_': 2.0513932295122586, '_a4_': -1.3730560670893028, '_a6_': 0.43069691540416183, '_a2_': 1.0, '_a3_': 1.0, '_a5_': 1.0, '_a7_': 1.0}};{'d0': 0.025614590525647133};-274.791915784296;40.93676946316905
26136;-96.4591884289790;(_a1_ * ((sinh(((_a1_ * x) + _a6_)) + _a0_) + (x * _a4_)));{'d0': {'_a0_': -0.4413112940338624, '_a1_': 2.0513932295122586, '_a4_': -1.3730560670893028, '_a6_': 0.43069691540416183, '_a2_': 1.0, '_a3_': 1.0, '_a5_': 1.0, '_a7_': 1.0}};{'d0': 0.025614590525647133};-274.791915784296;40.93676946316905
26137;-96.4591884289790;(_a1_ * ((sinh(((_a1_ * x) + _a6_)) + _a0_) + (x * _a4_)));{'d0': {'_a0_': -0.4413112940338624, '_a1_': 2.0513932295122586, '_a4_': -1.3730560670893028, '_a6_': 0.43069691540416183, '_a2_': 1.0, '_a3_': 1.0, '_a5_': 1.0, '_a7_': 1.0}};{'d0': 0.025614590525647133};-274.791915784296;40.93676946316905
26138;-96.4591884289790;(_a1_ * ((sinh(((_a1_ * x) + _a6_)) + _a0_) + (x * _a4_)));{'d0': {'_a0_': -0.4413112940338624, '_a1_': 2.0513932295122586, '_a4_': -1.3730560670893028, '_a6_': 0.43069691540416183, '_a2_': 1.0, '_a3_': 1.0, '_a5_': 1.0, '_a7_': 1.0}};{'d0': 0.025614590525647133};-274.791915784296;40.93676946316905
26139;-96.4591884289790;(_a1_ * ((sinh(((_a1_ * x) + _a6_)) + _a0_) + (x * _a4_)));{'d0': {'_a0_': -0.4413112940338624, '_a1_': 2.0513932295122586, '_a4_': -1.3730560670893028, '_a6_': 0.43069691540416183, '_a2_': 1.0, '_a3_': 1.0, '_a5_': 1.0, '_a7_': 1.0}};{'d0': 0.025614590525647133};-274.791915784296;40.93676946316905
26140;-96.4591884289790;(_a1_ * ((sinh(((_a1_ * x) + _a6_)) + _a0_) + (x * _a4_)));{'d0': {'_a0_': -0.4413112940338624, '_a1_': 2.0513932295122586, '_a4_': -1.3730560670893028, '_a6_': 0.43069691540416183, '_a2_': 1.0, '_a3_': 1.0, '_a5_': 1.0, '_a7_': 1.0}};{'d0': 0.025614590525647133};-274.791915784296;40.93676946316905
26141;-96.4591884289790;(_a1_ * ((sinh(((_a1_ * x) + _a6_)) + _a0_) + (x * _a4_)));{'d0': {'_a0_': -0.4413112940338624, '_a1_': 2.0513932295122586, '_a4_': -1.3730560670893028, '_a6_': 0.43069691540416183, '_a2_': 1.0, '_a3_': 1.0, '_a5_': 1.0, '_a7_': 1.0}};{'d0': 0.025614590525647133};-274.791915784296;40.93676946316905
26142;-96.4591884289790;(_a1_ * ((sinh(((_a1_ * x) + _a6_)) + _a0_) + (x * _a4_)));{'d0': {'_a0_': -0.4413112940338624, '_a1_': 2.0513932295122586, '_a4_': -1.3730560670893028, '_a6_': 0.43069691540416183, '_a2_': 1.0, '_a3_': 1.0, '_a5_': 1.0, '_a7_': 1.0}};{'d0': 0.025614590525647133};-274.791915784296;40.93676946316905
26143;-96.4591884289790;(_a1_ * ((sinh(((_a1_ * x) + _a6_)) + _a0_) + (x * _a4_)));{'d0': {'_a0_': -0.4413112940338624, '_a1_': 2.0513932295122586, '_a4_': -1.3730560670893028, '_a6_': 0.43069691540416183, '_a2_': 1.0, '_a3_': 1.0, '_a5_': 1.0, '_a7_': 1.0}};{'d0': 0.025614590525647133};-274.791915784296;40.93676946316905
26144;-96.4591884289790;(_a1_ * ((sinh(((_a1_ * x) + _a6_)) + _a0_) + (x * _a4_)));{'d0': {'_a0_': -0.4413112940338624, '_a1_': 2.0513932295122586, '_a4_': -1.3730560670893028, '_a6_': 0.43069691540416183, '_a2_': 1.0, '_a3_': 1.0, '_a5_': 1.0, '_a7_': 1.0}};{'d0': 0.025614590525647133};-274.791915784296;40.93676946316905
26145;-96.4591884289790;(_a1_ * ((sinh(((_a1_ * x) + _a6_)) + _a0_) + (x * _a4_)));{'d0': {'_a0_': -0.4413112940338624, '_a1_': 2.0513932295122586, '_a4_': -1.3730560670893028, '_a6_': 0.43069691540416183, '_a2_': 1.0, '_a3_': 1.0, '_a5_': 1.0, '_a7_': 1.0}};{'d0': 0.025614590525647133};-274.791915784296;40.93676946316905
26146;-96.4591884289790;(_a1_ * ((sinh(((_a1_ * x) + _a6_)) + _a0_) + (x * _a4_)));{'d0': {'_a0_': -0.4413112940338624, '_a1_': 2.0513932295122586, '_a4_': -1.3730560670893028, '_a6_': 0.43069691540416183, '_a2_': 1.0, '_a3_': 1.0, '_a5_': 1.0, '_a7_': 1.0}};{'d0': 0.025614590525647133};-274.791915784296;40.93676946316905
26147;-96.4591884289790;(_a1_ * ((sinh(((_a1_ * x) + _a6_)) + _a0_) + (x * _a4_)));{'d0': {'_a0_': -0.4413112940338624, '_a1_': 2.0513932295122586, '_a4_': -1.3730560670893028, '_a6_': 0.43069691540416183, '_a2_': 1.0, '_a3_': 1.0, '_a5_': 1.0, '_a7_': 1.0}};{'d0': 0.025614590525647133};-274.791915784296;40.93676946316905
26148;-96.4591884289790;(_a1_ * ((sinh(((_a1_ * x) + _a6_)) + _a0_) + (x * _a4_)));{'d0': {'_a0_': -0.4413112940338624, '_a1_': 2.0513932295122586, '_a4_': -1.3730560670893028, '_a6_': 0.43069691540416183, '_a2_': 1.0, '_a3_': 1.0, '_a5_': 1.0, '_a7_': 1.0}};{'d0': 0.025614590525647133};-274.791915784296;40.93676946316905
26149;-88.8334722504030;(((pow2((_a5_ * ((_a1_ * ((x + -(_a4_)) * _a6_)) / _a5_))) * _a1_) + _a1_) * x);{'d0': {'_a1_': 1.4465760893654749, '_a4_': -0.3119297077687784, '_a6_': 1.0561807076229008, '_a0_': 1.0, '_a2_': 1.0, '_a3_': 1.0, '_a5_': 1.0, '_a7_': 1.0}};{'d0': 0.02490583291941665};-276.475521886821;49.40428869300775
26150;-88.8334722504030;(((pow2((_a5_ * ((_a1_ * ((x + -(_a4_)) * _a6_)) / _a5_))) * _a1_) + _a1_) * x);{'d0': {'_a1_': 1.4465760893654749, '_a4_': -0.3119297077687784, '_a6_': 1.0561807076229008, '_a0_': 1.0, '_a2_': 1.0, '_a3_': 1.0, '_a5_': 1.0, '_a7_': 1.0}};{'d0': 0.02490583291941665};-276.475521886821;49.40428869300775
26151;-88.8334722504030;(((pow2((_a5_ * ((_a1_ * ((x + -(_a4_)) * _a6_)) / _a5_))) * _a1_) + _a1_) * x);{'d0': {'_a1_': 1.4465760893654749, '_a4_': -0.3119297077687784, '_a6_': 1.0561807076229008, '_a0_': 1.0, '_a2_': 1.0, '_a3_': 1.0, '_a5_': 1.0, '_a7_': 1.0}};{'d0': 0.02490583291941665};-276.475521886821;49.40428869300775
26152;-88.8334722504030;(((pow2((_a5_ * ((_a1_ * ((x + -(_a4_)) * _a6_)) / _a5_))) * _a1_) + _a1_) * x);{'d0': {'_a1_': 1.4465760893654749, '_a4_': -0.3119297077687784, '_a6_': 1.0561807076229008, '_a0_': 1.0, '_a2_': 1.0, '_a3_': 1.0, '_a5_': 1.0, '_a7_': 1.0}};{'d0': 0.02490583291941665};-276.475521886821;49.40428869300775
26153;-88.8334722504030;(((pow2((_a5_ * ((_a1_ * ((x + -(_a4_)) * _a6_)) / _a5_))) * _a1_) + _a1_) * x);{'d0': {'_a1_': 1.4465760893654749, '_a4_': -0.3119297077687784, '_a6_': 1.0561807076229008, '_a0_': 1.0, '_a2_': 1.0, '_a3_': 1.0, '_a5_': 1.0, '_a7_': 1.0}};{'d0': 0.02490583291941665};-276.475521886821;49.40428869300775
26154;-81.6922454708938;(((pow2((_a5_ * ((_a1_ * ((x + -(_a4_)) * _a6_)) / _a5_))) * (_a5_ * _a7_)) + _a1_) * x);{'d0': {'_a1_': 1.4465760888023709, '_a4_': -0.3119297077044366, '_a5_': 1.0098863526689659, '_a6_': 1.2721692409561998, '_a7_': 0.9873142506583885, '_a0_': 1.0, '_a2_': 1.0, '_a3_': 1.0}};{'d0': 0.02490583291966337};-272.381177324005;54.49834319110875
26155;-81.6922454708938;(((pow2((_a5_ * ((_a1_ * ((x + -(_a4_)) * _a6_)) / _a5_))) * (_a5_ * _a7_)) + _a1_) * x);{'d0': {'_a1_': 1.4465760888023709, '_a4_': -0.3119297077044366, '_a5_': 1.0098863526689659, '_a6_': 1.2721692409561998, '_a7_': 0.9873142506583885, '_a0_': 1.0, '_a2_': 1.0, '_a3_': 1.0}};{'d0': 0.02490583291966337};-272.381177324005;54.49834319110875
26156;-81.6922454708938;(((pow2((_a5_ * ((_a1_ * ((x + -(_a4_)) * _a6_)) / _a5_))) * (_a5_ * _a7_)) + _a1_) * x);{'d0': {'_a1_': 1.4465760888023709, '_a4_': -0.3119297077044366, '_a5_': 1.0098863526689659, '_a6_': 1.2721692409561998, '_a7_': 0.9873142506583885, '_a0_': 1.0, '_a2_': 1.0, '_a3_': 1.0}};{'d0': 0.02490583291966337};-272.381177324005;54.49834319110875
26157;-81.6922454708938;(((pow2((_a5_ * ((_a1_ * ((x + -(_a4_)) * _a6_)) / _a5_))) * (_a5_ * _a7_)) + _a1_) * x);{'d0': {'_a1_': 1.4465760888023709, '_a4_': -0.3119297077044366, '_a5_': 1.0098863526689659, '_a6_': 1.2721692409561998, '_a7_': 0.9873142506583885, '_a0_': 1.0, '_a2_': 1.0, '_a3_': 1.0}};{'d0': 0.02490583291966337};-272.381177324005;54.49834319110875
26158;-81.6922454708938;(((pow2((_a5_ * ((_a1_ * ((x + -(_a4_)) * _a6_)) / _a5_))) * (_a5_ * _a7_)) + _a1_) * x);{'d0': {'_a1_': 1.4465760888023709, '_a4_': -0.3119297077044366, '_a5_': 1.0098863526689659, '_a6_': 1.2721692409561998, '_a7_': 0.9873142506583885, '_a0_': 1.0, '_a2_': 1.0, '_a3_': 1.0}};{'d0': 0.02490583291966337};-272.381177324005;54.49834319110875
26159;-81.6922454708938;(((pow2((_a5_ * ((_a1_ * ((x + -(_a4_)) * _a6_)) / _a5_))) * (_a5_ * _a7_)) + _a1_) * x);{'d0': {'_a1_': 1.4465760888023709, '_a4_': -0.3119297077044366, '_a5_': 1.0098863526689659, '_a6_': 1.2721692409561998, '_a7_': 0.9873142506583885, '_a0_': 1.0, '_a2_': 1.0, '_a3_': 1.0}};{'d0': 0.02490583291966337};-272.381177324005;54.49834319110875
26160;-81.6922454708938;(((pow2((_a5_ * ((_a1_ * ((x + -(_a4_)) * _a6_)) / _a5_))) * (_a5_ * _a7_)) + _a1_) * x);{'d0': {'_a1_': 1.4465760888023709, '_a4_': -0.3119297077044366, '_a5_': 1.0098863526689659, '_a6_': 1.2721692409561998, '_a7_': 0.9873142506583885, '_a0_': 1.0, '_a2_': 1.0, '_a3_': 1.0}};{'d0': 0.02490583291966337};-272.381177324005;54.49834319110875
26161;-81.6922454708938;(((pow2((_a5_ * ((_a1_ * ((x + -(_a4_)) * _a6_)) / _a5_))) * (_a5_ * _a7_)) + _a1_) * x);{'d0': {'_a1_': 1.4465760888023709, '_a4_': -0.3119297077044366, '_a5_': 1.0098863526689659, '_a6_': 1.2721692409561998, '_a7_': 0.9873142506583885, '_a0_': 1.0, '_a2_': 1.0, '_a3_': 1.0}};{'d0': 0.02490583291966337};-272.381177324005;54.49834319110875
26162;-81.6922454708938;(((pow2((_a5_ * ((_a1_ * ((x + -(_a4_)) * _a6_)) / _a5_))) * (_a5_ * _a7_)) + _a1_) * x);{'d0': {'_a1_': 1.4465760888023709, '_a4_': -0.3119297077044366, '_a5_': 1.0098863526689659, '_a6_': 1.2721692409561998, '_a7_': 0.9873142506583885, '_a0_': 1.0, '_a2_': 1.0, '_a3_': 1.0}};{'d0': 0.02490583291966337};-272.381177324005;54.49834319110875
26163;-81.6922454708938;(((pow2((_a5_ * ((_a1_ * ((x + -(_a4_)) * _a6_)) / _a5_))) * (_a5_ * _a7_)) + _a1_) * x);{'d0': {'_a1_': 1.4465760888023709, '_a4_': -0.3119297077044366, '_a5_': 1.0098863526689659, '_a6_': 1.2721692409561998, '_a7_': 0.9873142506583885, '_a0_': 1.0, '_a2_': 1.0, '_a3_': 1.0}};{'d0': 0.02490583291966337};-272.381177324005;54.49834319110875
26164;-88.8334722284631;(((pow2((_a5_ * ((_a1_ * ((x + -(_a4_)) * _a6_)) / _a5_))) * _a5_) + _a1_) * x);{'d0': {'_a1_': 1.4465760894685362, '_a4_': -0.31192970788697433, '_a5_': 1.028008074234274, '_a6_': 1.2528826093442698, '_a0_': 1.0, '_a2_': 1.0, '_a3_': 1.0, '_a7_': 1.0}};{'d0': 0.024905832937631062};-276.475521842942;49.40428869300775
26165;-88.8334722284631;(((pow2((_a5_ * ((_a1_ * ((x + -(_a4_)) * _a6_)) / _a5_))) * _a5_) + _a1_) * x);{'d0': {'_a1_': 1.4465760894685362, '_a4_': -0.31192970788697433, '_a5_': 1.028008074234274, '_a6_': 1.2528826093442698, '_a0_': 1.0, '_a2_': 1.0, '_a3_': 1.0, '_a7_': 1.0}};{'d0': 0.024905832937631062};-276.475521842942;49.40428869300775
26166;-88.8334722284631;(((pow2((_a5_ * ((_a1_ * ((x + -(_a4_)) * _a6_)) / _a5_))) * _a5_) + _a1_) * x);{'d0': {'_a1_': 1.4465760894685362, '_a4_': -0.31192970788697433, '_a5_': 1.028008074234274, '_a6_': 1.2528826093442698, '_a0_': 1.0, '_a2_': 1.0, '_a3_': 1.0, '_a7_': 1.0}};{'d0': 0.024905832937631062};-276.475521842942;49.40428869300775
26167;-88.8334722284631;(((pow2((_a5_ * ((_a1_ * ((x + -(_a4_)) * _a6_)) / _a5_))) * _a5_) + _a1_) * x);{'d0': {'_a1_': 1.4465760894685362, '_a4_': -0.31192970788697433, '_a5_': 1.028008074234274, '_a6_': 1.2528826093442698, '_a0_': 1.0, '_a2_': 1.0, '_a3_': 1.0, '_a7_': 1.0}};{'d0': 0.024905832937631062};-276.475521842942;49.40428869300775
26168;-88.8334722284631;(((pow2((_a5_ * ((_a1_ * ((x + -(_a4_)) * _a6_)) / _a5_))) * _a5_) + _a1_) * x);{'d0': {'_a1_': 1.4465760894685362, '_a4_': -0.31192970788697433, '_a5_': 1.028008074234274, '_a6_': 1.2528826093442698, '_a0_': 1.0, '_a2_': 1.0, '_a3_': 1.0, '_a7_': 1.0}};{'d0': 0.024905832937631062};-276.475521842942;49.40428869300775
26169;-88.8334722284631;(((pow2((_a5_ * ((_a1_ * ((x + -(_a4_)) * _a6_)) / _a5_))) * _a5_) + _a1_) * x);{'d0': {'_a1_': 1.4465760894685362, '_a4_': -0.31192970788697433, '_a5_': 1.028008074234274, '_a6_': 1.2528826093442698, '_a0_': 1.0, '_a2_': 1.0, '_a3_': 1.0, '_a7_': 1.0}};{'d0': 0.024905832937631062};-276.475521842942;49.40428869300775
26170;-88.8334722284631;(((pow2((_a5_ * ((_a1_ * ((x + -(_a4_)) * _a6_)) / _a5_))) * _a5_) + _a1_) * x);{'d0': {'_a1_': 1.4465760894685362, '_a4_': -0.31192970788697433, '_a5_': 1.028008074234274, '_a6_': 1.2528826093442698, '_a0_': 1.0, '_a2_': 1.0, '_a3_': 1.0, '_a7_': 1.0}};{'d0': 0.024905832937631062};-276.475521842942;49.40428869300775
26171;-88.8334722284631;(((pow2((_a5_ * ((_a1_ * ((x + -(_a4_)) * _a6_)) / _a5_))) * _a5_) + _a1_) * x);{'d0': {'_a1_': 1.4465760894685362, '_a4_': -0.31192970788697433, '_a5_': 1.028008074234274, '_a6_': 1.2528826093442698, '_a0_': 1.0, '_a2_': 1.0, '_a3_': 1.0, '_a7_': 1.0}};{'d0': 0.024905832937631062};-276.475521842942;49.40428869300775
26172;-88.8334722284631;(((pow2((_a5_ * ((_a1_ * ((x + -(_a4_)) * _a6_)) / _a5_))) * _a5_) + _a1_) * x);{'d0': {'_a1_': 1.4465760894685362, '_a4_': -0.31192970788697433, '_a5_': 1.028008074234274, '_a6_': 1.2528826093442698, '_a0_': 1.0, '_a2_': 1.0, '_a3_': 1.0, '_a7_': 1.0}};{'d0': 0.024905832937631062};-276.475521842942;49.40428869300775
26173;-82.9962494420659;(((pow2(((_a6_ / _a5_) * ((_a1_ * ((x + -(_a4_)) * _a6_)) / _a5_))) * _a5_) + _a1_) * x);{'d0': {'_a1_': 1.4465760889104806, '_a4_': -0.31192970770040024, '_a5_': 0.9076827975778666, '_a6_': 1.048105560391991, '_a0_': 1.0, '_a2_': 1.0, '_a3_': 1.0, '_a7_': 1.0}};{'d0': 0.024905832919574284};-276.475521886442;55.241511501154946
26174;-82.9962494420659;(((pow2(((_a6_ / _a5_) * ((_a1_ * ((x + -(_a4_)) * _a6_)) / _a5_))) * _a5_) + _a1_) * x);{'d0': {'_a1_': 1.4465760889104806, '_a4_': -0.31192970770040024, '_a5_': 0.9076827975778666, '_a6_': 1.048105560391991, '_a0_': 1.0, '_a2_': 1.0, '_a3_': 1.0, '_a7_': 1.0}};{'d0': 0.024905832919574284};-276.475521886442;55.241511501154946
26175;-82.9962494420659;(((pow2(((_a6_ / _a5_) * ((_a1_ * ((x + -(_a4_)) * _a6_)) / _a5_))) * _a5_) + _a1_) * x);{'d0': {'_a1_': 1.4465760889104806, '_a4_': -0.31192970770040024, '_a5_': 0.9076827975778666, '_a6_': 1.048105560391991, '_a0_': 1.0, '_a2_': 1.0, '_a3_': 1.0, '_a7_': 1.0}};{'d0': 0.024905832919574284};-276.475521886442;55.241511501154946
26176;-82.0973456048168;(((pow2(((_a6_ / _a5_) + ((_a1_ * ((x + -(_a4_)) * _a6_)) / _a5_))) * _a5_) + _a1_) * x);{'d0': {'_a1_': 1.4465760874904596, '_a4_': 0.37935781508505706, '_a5_': 1.1867977323791223, '_a6_': 1.3838762221920684, '_a0_': 1.0, '_a2_': 1.0, '_a3_': 1.0, '_a7_': 1.0}};{'d0': 0.02490583291957269};-276.475521886446;56.140415338405944
26177;-82.0973456048168;(((pow2(((_a6_ / _a5_) + ((_a1_ * ((x + -(_a4_)) * _a6_)) / _a5_))) * _a5_) + _a1_) * x);{'d0': {'_a1_': 1.4465760874904596, '_a4_': 0.37935781508505706, '_a5_': 1.1867977323791223, '_a6_': 1.3838762221920684, '_a0_': 1.0, '_a2_': 1.0, '_a3_': 1.0, '_a7_': 1.0}};{'d0': 0.02490583291957269};-276.475521886446;56.140415338405944
26178;-82.0973456048168;(((pow2(((_a6_ / _a5_) + ((_a1_ * ((x + -(_a4_)) * _a6_)) / _a5_))) * _a5_) + _a1_) * x);{'d0': {'_a1_': 1.4465760874904596, '_a4_': 0.37935781508505706, '_a5_': 1.1867977323791223, '_a6_': 1.3838762221920684, '_a0_': 1.0, '_a2_': 1.0, '_a3_': 1.0, '_a7_': 1.0}};{'d0': 0.02490583291957269};-276.475521886446;56.140415338405944
26179;-82.0973456048168;(((pow2(((_a6_ / _a5_) + ((_a1_ * ((x + -(_a4_)) * _a6_)) / _a5_))) * _a5_) + _a1_) * x);{'d0': {'_a1_': 1.4465760874904596, '_a4_': 0.37935781508505706, '_a5_': 1.1867977323791223, '_a6_': 1.3838762221920684, '_a0_': 1.0, '_a2_': 1.0, '_a3_': 1.0, '_a7_': 1.0}};{'d0': 0.02490583291957269};-276.475521886446;56.140415338405944
26180;-82.0973456048168;(((pow2(((_a6_ / _a5_) + ((_a1_ * ((x + -(_a4_)) * _a6_)) / _a5_))) * _a5_) + _a1_) * x);{'d0': {'_a1_': 1.4465760874904596, '_a4_': 0.37935781508505706, '_a5_': 1.1867977323791223, '_a6_': 1.3838762221920684, '_a0_': 1.0, '_a2_': 1.0, '_a3_': 1.0, '_a7_': 1.0}};{'d0': 0.02490583291957269};-276.475521886446;56.140415338405944
26181;-82.0973456048168;(((pow2(((_a6_ / _a5_) + ((_a1_ * ((x + -(_a4_)) * _a6_)) / _a5_))) * _a5_) + _a1_) * x);{'d0': {'_a1_': 1.4465760874904596, '_a4_': 0.37935781508505706, '_a5_': 1.1867977323791223, '_a6_': 1.3838762221920684, '_a0_': 1.0, '_a2_': 1.0, '_a3_': 1.0, '_a7_': 1.0}};{'d0': 0.02490583291957269};-276.475521886446;56.140415338405944
26182;-82.0973456048168;(((pow2(((_a6_ / _a5_) + ((_a1_ * ((x + -(_a4_)) * _a6_)) / _a5_))) * _a5_) + _a1_) * x);{'d0': {'_a1_': 1.4465760874904596, '_a4_': 0.37935781508505706, '_a5_': 1.1867977323791223, '_a6_': 1.3838762221920684, '_a0_': 1.0, '_a2_': 1.0, '_a3_': 1.0, '_a7_': 1.0}};{'d0': 0.02490583291957269};-276.475521886446;56.140415338405944
26183;-82.0973456048168;(((pow2(((_a6_ / _a5_) + ((_a1_ * ((x + -(_a4_)) * _a6_)) / _a5_))) * _a5_) + _a1_) * x);{'d0': {'_a1_': 1.4465760874904596, '_a4_': 0.37935781508505706, '_a5_': 1.1867977323791223, '_a6_': 1.3838762221920684, '_a0_': 1.0, '_a2_': 1.0, '_a3_': 1.0, '_a7_': 1.0}};{'d0': 0.02490583291957269};-276.475521886446;56.140415338405944
26184;-82.0973456048168;(((pow2(((_a6_ / _a5_) + ((_a1_ * ((x + -(_a4_)) * _a6_)) / _a5_))) * _a5_) + _a1_) * x);{'d0': {'_a1_': 1.4465760874904596, '_a4_': 0.37935781508505706, '_a5_': 1.1867977323791223, '_a6_': 1.3838762221920684, '_a0_': 1.0, '_a2_': 1.0, '_a3_': 1.0, '_a7_': 1.0}};{'d0': 0.02490583291957269};-276.475521886446;56.140415338405944
26185;-82.0973456048168;(((pow2(((_a6_ / _a5_) + ((_a1_ * ((x + -(_a4_)) * _a6_)) / _a5_))) * _a5_) + _a1_) * x);{'d0': {'_a1_': 1.4465760874904596, '_a4_': 0.37935781508505706, '_a5_': 1.1867977323791223, '_a6_': 1.3838762221920684, '_a0_': 1.0, '_a2_': 1.0, '_a3_': 1.0, '_a7_': 1.0}};{'d0': 0.02490583291957269};-276.475521886446;56.140415338405944
26186;-81.1260844634101;(((pow2(((_a6_ / _a5_) + ((_a1_ * ((x + -(_a4_)) * _a6_)) / _a5_))) + _a5_) + _a1_) * x);{'d0': {'_a1_': 1.0113556210285537, '_a4_': 0.6768420659031965, '_a5_': 0.43522046780081736, '_a6_': 0.7907795329404312, '_a0_': 1.0, '_a2_': 1.0, '_a3_': 1.0, '_a7_': 1.0}};{'d0': 0.02490583293437815};-276.475521850778;57.111676461978945
26187;-81.1725316804206;(((pow2(((_a6_ / _a5_) + ((_a1_ * ((x + -(_a4_)) * _a6_)) / _a5_))) / _a5_) + _a1_) * x);{'d0': {'_a1_': 1.446576089646851, '_a4_': 0.37935781385929307, '_a5_': 33.499592054743935, '_a6_': 246.3021088045143, '_a0_': 1.0, '_a2_': 1.0, '_a3_': 1.0, '_a7_': 1.0}};{'d0': 0.024905832919540495};-276.475521886523;57.065229262840944
26188;-81.1725316804206;(((pow2(((_a6_ / _a5_) + ((_a1_ * ((x + -(_a4_)) * _a6_)) / _a5_))) / _a5_) + _a1_) * x);{'d0': {'_a1_': 1.446576089646851, '_a4_': 0.37935781385929307, '_a5_': 33.499592054743935, '_a6_': 246.3021088045143, '_a0_': 1.0, '_a2_': 1.0, '_a3_': 1.0, '_a7_': 1.0}};{'d0': 0.024905832919540495};-276.475521886523;57.065229262840944
26189;-81.1725316804206;(((pow2(((_a6_ / _a5_) + ((_a1_ * ((x + -(_a4_)) * _a6_)) / _a5_))) / _a5_) + _a1_) * x);{'d0': {'_a1_': 1.446576089646851, '_a4_': 0.37935781385929307, '_a5_': 33.499592054743935, '_a6_': 246.3021088045143, '_a0_': 1.0, '_a2_': 1.0, '_a3_': 1.0, '_a7_': 1.0}};{'d0': 0.024905832919540495};-276.475521886523;57.065229262840944
26190;-89.2486477448702;(((_a6_ + pow2(((x * ((_a1_ / _a5_) * _a2_)) + _a1_))) ** sqrt(_a7_)) * x);{'d0': {'_a1_': 0.5079804224809313, '_a2_': -1302.5065060784873, '_a5_': -404.16311572151255, '_a6_': 1.3918302448245177, '_a7_': 1.2961488490057924, '_a0_': 1.0, '_a3_': 1.0, '_a4_': 1.0}};{'d0': 0.024238514314640917};-274.010726994003;47.756715752131505
26191;-89.2486477448702;(((_a6_ + pow2(((x * ((_a1_ / _a5_) * _a2_)) + _a1_))) ** sqrt(_a7_)) * x);{'d0': {'_a1_': 0.5079804224809313, '_a2_': -1302.5065060784873, '_a5_': -404.16311572151255, '_a6_': 1.3918302448245177, '_a7_': 1.2961488490057924, '_a0_': 1.0, '_a3_': 1.0, '_a4_': 1.0}};{'d0': 0.024238514314640917};-274.010726994003;47.756715752131505
26192;-95.0489394559843;(((_a6_ + pow2(((x * (_a0_ * _a2_)) + _a1_))) ** sqrt(_a7_)) * x);{'d0': {'_a0_': 0.012615913525404799, '_a1_': -0.5079640783538607, '_a2_': -129.75917576660424, '_a6_': 1.3918161623699634, '_a7_': 1.2962410916748888, '_a3_': 1.0, '_a4_': 1.0, '_a5_': 1.0}};{'d0': 0.02423851435931106};-274.010726883426;41.9564239857291
26193;-88.3853911647213;((((_a3_ ** _a0_) + pow2(((x * (_a0_ * _a2_)) + _a1_))) ** sqrt(_a7_)) * x);{'d0': {'_a0_': 0.05515918904192631, '_a1_': -0.5079804835149923, '_a2_': -29.679212519898055, '_a3_': 400.982167259757, '_a7_': 1.2961485007793745, '_a4_': 1.0, '_a5_': 1.0, '_a6_': 1.0}};{'d0': 0.024238514315005476};-274.010726993100;48.6199723318291
26194;-88.3853911647213;((((_a3_ ** _a0_) + pow2(((x * (_a0_ * _a2_)) + _a1_))) ** sqrt(_a7_)) * x);{'d0': {'_a0_': 0.05515918904192631, '_a1_': -0.5079804835149923, '_a2_': -29.679212519898055, '_a3_': 400.982167259757, '_a7_': 1.2961485007793745, '_a4_': 1.0, '_a5_': 1.0, '_a6_': 1.0}};{'d0': 0.024238514315005476};-274.010726993100;48.6199723318291
26195;-88.3853911647213;((((_a3_ ** _a0_) + pow2(((x * (_a0_ * _a2_)) + _a1_))) ** sqrt(_a7_)) * x);{'d0': {'_a0_': 0.05515918904192631, '_a1_': -0.5079804835149923, '_a2_': -29.679212519898055, '_a3_': 400.982167259757, '_a7_': 1.2961485007793745, '_a4_': 1.0, '_a5_': 1.0, '_a6_': 1.0}};{'d0': 0.024238514315005476};-274.010726993100;48.6199723318291
26196;-88.3853911647213;((((_a3_ ** _a0_) + pow2(((x * (_a0_ * _a2_)) + _a1_))) ** sqrt(_a7_)) * x);{'d0': {'_a0_': 0.05515918904192631, '_a1_': -0.5079804835149923, '_a2_': -29.679212519898055, '_a3_': 400.982167259757, '_a7_': 1.2961485007793745, '_a4_': 1.0, '_a5_': 1.0, '_a6_': 1.0}};{'d0': 0.024238514315005476};-274.010726993100;48.6199723318291
26197;-88.3853911647213;((((_a3_ ** _a0_) + pow2(((x * (_a0_ * _a2_)) + _a1_))) ** sqrt(_a7_)) * x);{'d0': {'_a0_': 0.05515918904192631, '_a1_': -0.5079804835149923, '_a2_': -29.679212519898055, '_a3_': 400.982167259757, '_a7_': 1.2961485007793745, '_a4_': 1.0, '_a5_': 1.0, '_a6_': 1.0}};{'d0': 0.024238514315005476};-274.010726993100;48.6199723318291
26198;-88.3853911647213;((((_a3_ ** _a0_) + pow2(((x * (_a0_ * _a2_)) + _a1_))) ** sqrt(_a7_)) * x);{'d0': {'_a0_': 0.05515918904192631, '_a1_': -0.5079804835149923, '_a2_': -29.679212519898055, '_a3_': 400.982167259757, '_a7_': 1.2961485007793745, '_a4_': 1.0, '_a5_': 1.0, '_a6_': 1.0}};{'d0': 0.024238514315005476};-274.010726993100;48.6199723318291
26199;-88.3853911647213;((((_a3_ ** _a0_) + pow2(((x * (_a0_ * _a2_)) + _a1_))) ** sqrt(_a7_)) * x);{'d0': {'_a0_': 0.05515918904192631, '_a1_': -0.5079804835149923, '_a2_': -29.679212519898055, '_a3_': 400.982167259757, '_a7_': 1.2961485007793745, '_a4_': 1.0, '_a5_': 1.0, '_a6_': 1.0}};{'d0': 0.024238514315005476};-274.010726993100;48.6199723318291
26200;-88.3853911647213;((((_a3_ ** _a0_) + pow2(((x * (_a0_ * _a2_)) + _a1_))) ** sqrt(_a7_)) * x);{'d0': {'_a0_': 0.05515918904192631, '_a1_': -0.5079804835149923, '_a2_': -29.679212519898055, '_a3_': 400.982167259757, '_a7_': 1.2961485007793745, '_a4_': 1.0, '_a5_': 1.0, '_a6_': 1.0}};{'d0': 0.024238514315005476};-274.010726993100;48.6199723318291
26201;-95.3095460854719;((((_a3_ ** _a0_) + pow2(((x * _a3_) + _a1_))) ** sqrt(_a7_)) * x);{'d0': {'_a0_': 0.6707431345882534, '_a1_': 0.5079809363776945, '_a3_': 1.6370827529733165, '_a7_': 1.2961459402495372, '_a2_': 1.0, '_a4_': 1.0, '_a5_': 1.0, '_a6_': 1.0}};{'d0': 0.024238514314597844};-278.105071556331;43.7429896926941
26202;-95.3095460854719;((((_a3_ ** _a0_) + pow2(((x * _a3_) + _a1_))) ** sqrt(_a7_)) * x);{'d0': {'_a0_': 0.6707431345882534, '_a1_': 0.5079809363776945, '_a3_': 1.6370827529733165, '_a7_': 1.2961459402495372, '_a2_': 1.0, '_a4_': 1.0, '_a5_': 1.0, '_a6_': 1.0}};{'d0': 0.024238514314597844};-278.105071556331;43.7429896926941
26203;-95.3095460854719;((((_a3_ ** _a0_) + pow2(((x * _a3_) + _a1_))) ** sqrt(_a7_)) * x);{'d0': {'_a0_': 0.6707431345882534, '_a1_': 0.5079809363776945, '_a3_': 1.6370827529733165, '_a7_': 1.2961459402495372, '_a2_': 1.0, '_a4_': 1.0, '_a5_': 1.0, '_a6_': 1.0}};{'d0': 0.024238514314597844};-278.105071556331;43.7429896926941
26204;-81.1725316804206;(((pow2(((_a6_ / _a5_) + ((_a1_ * ((x + -(_a4_)) * _a6_)) / _a5_))) / _a5_) + _a1_) * x);{'d0': {'_a1_': 1.446576089646851, '_a4_': 0.37935781385929307, '_a5_': 33.499592054743935, '_a6_': 246.3021088045143, '_a0_': 1.0, '_a2_': 1.0, '_a3_': 1.0, '_a7_': 1.0}};{'d0': 0.024905832919540495};-276.475521886523;57.065229262840944
26205;-81.1725316804206;(((pow2(((_a6_ / _a5_) + ((_a1_ * ((x + -(_a4_)) * _a6_)) / _a5_))) / _a5_) + _a1_) * x);{'d0': {'_a1_': 1.446576089646851, '_a4_': 0.37935781385929307, '_a5_': 33.499592054743935, '_a6_': 246.3021088045143, '_a0_': 1.0, '_a2_': 1.0, '_a3_': 1.0, '_a7_': 1.0}};{'d0': 0.024905832919540495};-276.475521886523;57.065229262840944
26206;-81.1725316804206;(((pow2(((_a6_ / _a5_) + ((_a1_ * ((x + -(_a4_)) * _a6_)) / _a5_))) / _a5_) + _a1_) * x);{'d0': {'_a1_': 1.446576089646851, '_a4_': 0.37935781385929307, '_a5_': 33.499592054743935, '_a6_': 246.3021088045143, '_a0_': 1.0, '_a2_': 1.0, '_a3_': 1.0, '_a7_': 1.0}};{'d0': 0.024905832919540495};-276.475521886523;57.065229262840944
26207;-81.1725316804206;(((pow2(((_a6_ / _a5_) + ((_a1_ * ((x + -(_a4_)) * _a6_)) / _a5_))) / _a5_) + _a1_) * x);{'d0': {'_a1_': 1.446576089646851, '_a4_': 0.37935781385929307, '_a5_': 33.499592054743935, '_a6_': 246.3021088045143, '_a0_': 1.0, '_a2_': 1.0, '_a3_': 1.0, '_a7_': 1.0}};{'d0': 0.024905832919540495};-276.475521886523;57.065229262840944
26208;-81.1725316804206;(((pow2(((_a6_ / _a5_) + ((_a1_ * ((x + -(_a4_)) * _a6_)) / _a5_))) / _a5_) + _a1_) * x);{'d0': {'_a1_': 1.446576089646851, '_a4_': 0.37935781385929307, '_a5_': 33.499592054743935, '_a6_': 246.3021088045143, '_a0_': 1.0, '_a2_': 1.0, '_a3_': 1.0, '_a7_': 1.0}};{'d0': 0.024905832919540495};-276.475521886523;57.065229262840944
26209;-81.1725316804206;(((pow2(((_a6_ / _a5_) + ((_a1_ * ((x + -(_a4_)) * _a6_)) / _a5_))) / _a5_) + _a1_) * x);{'d0': {'_a1_': 1.446576089646851, '_a4_': 0.37935781385929307, '_a5_': 33.499592054743935, '_a6_': 246.3021088045143, '_a0_': 1.0, '_a2_': 1.0, '_a3_': 1.0, '_a7_': 1.0}};{'d0': 0.024905832919540495};-276.475521886523;57.065229262840944
26210;-81.1725316804206;(((pow2(((_a6_ / _a5_) + ((_a1_ * ((x + -(_a4_)) * _a6_)) / _a5_))) / _a5_) + _a1_) * x);{'d0': {'_a1_': 1.446576089646851, '_a4_': 0.37935781385929307, '_a5_': 33.499592054743935, '_a6_': 246.3021088045143, '_a0_': 1.0, '_a2_': 1.0, '_a3_': 1.0, '_a7_': 1.0}};{'d0': 0.024905832919540495};-276.475521886523;57.065229262840944
26211;-81.1725316804206;(((pow2(((_a6_ / _a5_) + ((_a1_ * ((x + -(_a4_)) * _a6_)) / _a5_))) / _a5_) + _a1_) * x);{'d0': {'_a1_': 1.446576089646851, '_a4_': 0.37935781385929307, '_a5_': 33.499592054743935, '_a6_': 246.3021088045143, '_a0_': 1.0, '_a2_': 1.0, '_a3_': 1.0, '_a7_': 1.0}};{'d0': 0.024905832919540495};-276.475521886523;57.065229262840944
26212;-81.1725316804206;(((pow2(((_a6_ / _a5_) + ((_a1_ * ((x + -(_a4_)) * _a6_)) / _a5_))) / _a5_) + _a1_) * x);{'d0': {'_a1_': 1.446576089646851, '_a4_': 0.37935781385929307, '_a5_': 33.499592054743935, '_a6_': 246.3021088045143, '_a0_': 1.0, '_a2_': 1.0, '_a3_': 1.0, '_a7_': 1.0}};{'d0': 0.024905832919540495};-276.475521886523;57.065229262840944
26213;-81.1725316804206;(((pow2(((_a6_ / _a5_) + ((_a1_ * ((x + -(_a4_)) * _a6_)) / _a5_))) / _a5_) + _a1_) * x);{'d0': {'_a1_': 1.446576089646851, '_a4_': 0.37935781385929307, '_a5_': 33.499592054743935, '_a6_': 246.3021088045143, '_a0_': 1.0, '_a2_': 1.0, '_a3_': 1.0, '_a7_': 1.0}};{'d0': 0.024905832919540495};-276.475521886523;57.065229262840944
26214;-94.7288080463562;((((_a3_ ** _a0_) + pow2(((x * _a3_) + _a1_))) ** (_a5_ + _a3_)) * x);{'d0': {'_a0_': 0.6707414561012881, '_a1_': 0.5079821976572727, '_a3_': 1.6370866609244799, '_a5_': -0.4986057436453762, '_a2_': 1.0, '_a4_': 1.0, '_a6_': 1.0, '_a7_': 1.0}};{'d0': 0.024238514315087237};-278.105071555120;44.3237277312041
26215;-94.7288080463562;((((_a3_ ** _a0_) + pow2(((x * _a3_) + _a1_))) ** (_a5_ + _a3_)) * x);{'d0': {'_a0_': 0.6707414561012881, '_a1_': 0.5079821976572727, '_a3_': 1.6370866609244799, '_a5_': -0.4986057436453762, '_a2_': 1.0, '_a4_': 1.0, '_a6_': 1.0, '_a7_': 1.0}};{'d0': 0.024238514315087237};-278.105071555120;44.3237277312041
26216;-91.0308735744050;((((_a3_ ** _a0_) + pow2(((x * _a3_) + _a1_))) ** (_a5_ + pow2(_a3_))) * x);{'d0': {'_a0_': 0.6707439782937377, '_a1_': 0.5079802968086221, '_a3_': 1.637080772506697, '_a5_': -1.541547813127534, '_a2_': 1.0, '_a4_': 1.0, '_a6_': 1.0, '_a7_': 1.0}};{'d0': 0.024238514314554923};-278.105071556438;48.0216622038141
26217;-91.0308735744050;((((_a3_ ** _a0_) + pow2(((x * _a3_) + _a1_))) ** (_a5_ + pow2(_a3_))) * x);{'d0': {'_a0_': 0.6707439782937377, '_a1_': 0.5079802968086221, '_a3_': 1.637080772506697, '_a5_': -1.541547813127534, '_a2_': 1.0, '_a4_': 1.0, '_a6_': 1.0, '_a7_': 1.0}};{'d0': 0.024238514314554923};-278.105071556438;48.0216622038141
26218;-91.0308735744050;((((_a3_ ** _a0_) + pow2(((x * _a3_) + _a1_))) ** (_a5_ + pow2(_a3_))) * x);{'d0': {'_a0_': 0.6707439782937377, '_a1_': 0.5079802968086221, '_a3_': 1.637080772506697, '_a5_': -1.541547813127534, '_a2_': 1.0, '_a4_': 1.0, '_a6_': 1.0, '_a7_': 1.0}};{'d0': 0.024238514314554923};-278.105071556438;48.0216622038141
26219;-91.0308735744050;((((_a3_ ** _a0_) + pow2(((x * _a3_) + _a1_))) ** (_a5_ + pow2(_a3_))) * x);{'d0': {'_a0_': 0.6707439782937377, '_a1_': 0.5079802968086221, '_a3_': 1.637080772506697, '_a5_': -1.541547813127534, '_a2_': 1.0, '_a4_': 1.0, '_a6_': 1.0, '_a7_': 1.0}};{'d0': 0.024238514314554923};-278.105071556438;48.0216622038141
26220;-91.0308735744050;((((_a3_ ** _a0_) + pow2(((x * _a3_) + _a1_))) ** (_a5_ + pow2(_a3_))) * x);{'d0': {'_a0_': 0.6707439782937377, '_a1_': 0.5079802968086221, '_a3_': 1.637080772506697, '_a5_': -1.541547813127534, '_a2_': 1.0, '_a4_': 1.0, '_a6_': 1.0, '_a7_': 1.0}};{'d0': 0.024238514314554923};-278.105071556438;48.0216622038141
26221;-91.0308735744050;((((_a3_ ** _a0_) + pow2(((x * _a3_) + _a1_))) ** (_a5_ + pow2(_a3_))) * x);{'d0': {'_a0_': 0.6707439782937377, '_a1_': 0.5079802968086221, '_a3_': 1.637080772506697, '_a5_': -1.541547813127534, '_a2_': 1.0, '_a4_': 1.0, '_a6_': 1.0, '_a7_': 1.0}};{'d0': 0.024238514314554923};-278.105071556438;48.0216622038141
26222;-91.0308735744050;((((_a3_ ** _a0_) + pow2(((x * _a3_) + _a1_))) ** (_a5_ + pow2(_a3_))) * x);{'d0': {'_a0_': 0.6707439782937377, '_a1_': 0.5079802968086221, '_a3_': 1.637080772506697, '_a5_': -1.541547813127534, '_a2_': 1.0, '_a4_': 1.0, '_a6_': 1.0, '_a7_': 1.0}};{'d0': 0.024238514314554923};-278.105071556438;48.0216622038141
26223;-91.0308735744050;((((_a3_ ** _a0_) + pow2(((x * _a3_) + _a1_))) ** (_a5_ + pow2(_a3_))) * x);{'d0': {'_a0_': 0.6707439782937377, '_a1_': 0.5079802968086221, '_a3_': 1.637080772506697, '_a5_': -1.541547813127534, '_a2_': 1.0, '_a4_': 1.0, '_a6_': 1.0, '_a7_': 1.0}};{'d0': 0.024238514314554923};-278.105071556438;48.0216622038141
26224;-91.0308735744050;((((_a3_ ** _a0_) + pow2(((x * _a3_) + _a1_))) ** (_a5_ + pow2(_a3_))) * x);{'d0': {'_a0_': 0.6707439782937377, '_a1_': 0.5079802968086221, '_a3_': 1.637080772506697, '_a5_': -1.541547813127534, '_a2_': 1.0, '_a4_': 1.0, '_a6_': 1.0, '_a7_': 1.0}};{'d0': 0.024238514314554923};-278.105071556438;48.0216622038141
26225;-91.0308735744050;((((_a3_ ** _a0_) + pow2(((x * _a3_) + _a1_))) ** (_a5_ + pow2(_a3_))) * x);{'d0': {'_a0_': 0.6707439782937377, '_a1_': 0.5079802968086221, '_a3_': 1.637080772506697, '_a5_': -1.541547813127534, '_a2_': 1.0, '_a4_': 1.0, '_a6_': 1.0, '_a7_': 1.0}};{'d0': 0.024238514314554923};-278.105071556438;48.0216622038141
26226;-91.0308735744050;((((_a3_ ** _a0_) + pow2(((x * _a3_) + _a1_))) ** (_a5_ + pow2(_a3_))) * x);{'d0': {'_a0_': 0.6707439782937377, '_a1_': 0.5079802968086221, '_a3_': 1.637080772506697, '_a5_': -1.541547813127534, '_a2_': 1.0, '_a4_': 1.0, '_a6_': 1.0, '_a7_': 1.0}};{'d0': 0.024238514314554923};-278.105071556438;48.0216622038141
26227;-91.0308735744050;((((_a3_ ** _a0_) + pow2(((x * _a3_) + _a1_))) ** (_a5_ + pow2(_a3_))) * x);{'d0': {'_a0_': 0.6707439782937377, '_a1_': 0.5079802968086221, '_a3_': 1.637080772506697, '_a5_': -1.541547813127534, '_a2_': 1.0, '_a4_': 1.0, '_a6_': 1.0, '_a7_': 1.0}};{'d0': 0.024238514314554923};-278.105071556438;48.0216622038141
26228;-91.0308735744050;((((_a3_ ** _a0_) + pow2(((x * _a3_) + _a1_))) ** (_a5_ + pow2(_a3_))) * x);{'d0': {'_a0_': 0.6707439782937377, '_a1_': 0.5079802968086221, '_a3_': 1.637080772506697, '_a5_': -1.541547813127534, '_a2_': 1.0, '_a4_': 1.0, '_a6_': 1.0, '_a7_': 1.0}};{'d0': 0.024238514314554923};-278.105071556438;48.0216622038141
26229;-91.0308735744050;((((_a3_ ** _a0_) + pow2(((x * _a3_) + _a1_))) ** (_a5_ + pow2(_a3_))) * x);{'d0': {'_a0_': 0.6707439782937377, '_a1_': 0.5079802968086221, '_a3_': 1.637080772506697, '_a5_': -1.541547813127534, '_a2_': 1.0, '_a4_': 1.0, '_a6_': 1.0, '_a7_': 1.0}};{'d0': 0.024238514314554923};-278.105071556438;48.0216622038141
26230;-91.0308735744050;((((_a3_ ** _a0_) + pow2(((x * _a3_) + _a1_))) ** (_a5_ + pow2(_a3_))) * x);{'d0': {'_a0_': 0.6707439782937377, '_a1_': 0.5079802968086221, '_a3_': 1.637080772506697, '_a5_': -1.541547813127534, '_a2_': 1.0, '_a4_': 1.0, '_a6_': 1.0, '_a7_': 1.0}};{'d0': 0.024238514314554923};-278.105071556438;48.0216622038141
26231;-94.7288080463562;((((_a3_ ** _a0_) + pow2(((x * _a3_) + _a1_))) ** (_a5_ + _a3_)) * x);{'d0': {'_a0_': 0.6707414561012881, '_a1_': 0.5079821976572727, '_a3_': 1.6370866609244799, '_a5_': -0.4986057436453762, '_a2_': 1.0, '_a4_': 1.0, '_a6_': 1.0, '_a7_': 1.0}};{'d0': 0.024238514315087237};-278.105071555120;44.3237277312041
26232;-94.7288080470116;((((_a0_ ** _a0_) + pow2(((x * _a3_) + _a1_))) ** (_a5_ + _a3_)) * x);{'d0': {'_a0_': 1.2916976257033834, '_a1_': 0.5079802384889821, '_a3_': 1.6370805912274817, '_a5_': -0.4985948044195946, '_a2_': 1.0, '_a4_': 1.0, '_a6_': 1.0, '_a7_': 1.0}};{'d0': 0.024238514314557723};-278.105071556431;44.3237277312041
26233;-94.7288080470116;((((_a0_ ** _a0_) + pow2(((x * _a3_) + _a1_))) ** (_a5_ + _a3_)) * x);{'d0': {'_a0_': 1.2916976257033834, '_a1_': 0.5079802384889821, '_a3_': 1.6370805912274817, '_a5_': -0.4985948044195946, '_a2_': 1.0, '_a4_': 1.0, '_a6_': 1.0, '_a7_': 1.0}};{'d0': 0.024238514314557723};-278.105071556431;44.3237277312041
26234;-94.7288080470116;((((_a0_ ** _a0_) + pow2(((x * _a3_) + _a1_))) ** (_a5_ + _a3_)) * x);{'d0': {'_a0_': 1.2916976257033834, '_a1_': 0.5079802384889821, '_a3_': 1.6370805912274817, '_a5_': -0.4985948044195946, '_a2_': 1.0, '_a4_': 1.0, '_a6_': 1.0, '_a7_': 1.0}};{'d0': 0.024238514314557723};-278.105071556431;44.3237277312041
26235;-82.0973456040383;(((pow2(((_a6_ * _a5_) + ((_a1_ * ((x + -(_a4_)) * _a6_)) / _a5_))) / _a5_) + _a1_) * x);{'d0': {'_a1_': 1.4465761232441274, '_a4_': 112.63293548194031, '_a5_': 12.782149478944861, '_a6_': -58.05166457358422, '_a0_': 1.0, '_a2_': 1.0, '_a3_': 1.0, '_a7_': 1.0}};{'d0': 0.024905832920219077};-276.475521884888;56.140415338405944
26236;-82.0973456040383;(((pow2(((_a6_ * _a5_) + ((_a1_ * ((x + -(_a4_)) * _a6_)) / _a5_))) / _a5_) + _a1_) * x);{'d0': {'_a1_': 1.4465761232441274, '_a4_': 112.63293548194031, '_a5_': 12.782149478944861, '_a6_': -58.05166457358422, '_a0_': 1.0, '_a2_': 1.0, '_a3_': 1.0, '_a7_': 1.0}};{'d0': 0.024905832920219077};-276.475521884888;56.140415338405944
26237;-82.0973456040383;(((pow2(((_a6_ * _a5_) + ((_a1_ * ((x + -(_a4_)) * _a6_)) / _a5_))) / _a5_) + _a1_) * x);{'d0': {'_a1_': 1.4465761232441274, '_a4_': 112.63293548194031, '_a5_': 12.782149478944861, '_a6_': -58.05166457358422, '_a0_': 1.0, '_a2_': 1.0, '_a3_': 1.0, '_a7_': 1.0}};{'d0': 0.024905832920219077};-276.475521884888;56.140415338405944
26238;-82.0973456040383;(((pow2(((_a6_ * _a5_) + ((_a1_ * ((x + -(_a4_)) * _a6_)) / _a5_))) / _a5_) + _a1_) * x);{'d0': {'_a1_': 1.4465761232441274, '_a4_': 112.63293548194031, '_a5_': 12.782149478944861, '_a6_': -58.05166457358422, '_a0_': 1.0, '_a2_': 1.0, '_a3_': 1.0, '_a7_': 1.0}};{'d0': 0.024905832920219077};-276.475521884888;56.140415338405944
26239;-82.0973456040383;(((pow2(((_a6_ * _a5_) + ((_a1_ * ((x + -(_a4_)) * _a6_)) / _a5_))) / _a5_) + _a1_) * x);{'d0': {'_a1_': 1.4465761232441274, '_a4_': 112.63293548194031, '_a5_': 12.782149478944861, '_a6_': -58.05166457358422, '_a0_': 1.0, '_a2_': 1.0, '_a3_': 1.0, '_a7_': 1.0}};{'d0': 0.024905832920219077};-276.475521884888;56.140415338405944
26240;-82.0973456040383;(((pow2(((_a6_ * _a5_) + ((_a1_ * ((x + -(_a4_)) * _a6_)) / _a5_))) / _a5_) + _a1_) * x);{'d0': {'_a1_': 1.4465761232441274, '_a4_': 112.63293548194031, '_a5_': 12.782149478944861, '_a6_': -58.05166457358422, '_a0_': 1.0, '_a2_': 1.0, '_a3_': 1.0, '_a7_': 1.0}};{'d0': 0.024905832920219077};-276.475521884888;56.140415338405944
26241;-82.0973456040383;(((pow2(((_a6_ * _a5_) + ((_a1_ * ((x + -(_a4_)) * _a6_)) / _a5_))) / _a5_) + _a1_) * x);{'d0': {'_a1_': 1.4465761232441274, '_a4_': 112.63293548194031, '_a5_': 12.782149478944861, '_a6_': -58.05166457358422, '_a0_': 1.0, '_a2_': 1.0, '_a3_': 1.0, '_a7_': 1.0}};{'d0': 0.024905832920219077};-276.475521884888;56.140415338405944
26242;-82.0973456040383;(((pow2(((_a6_ * _a5_) + ((_a1_ * ((x + -(_a4_)) * _a6_)) / _a5_))) / _a5_) + _a1_) * x);{'d0': {'_a1_': 1.4465761232441274, '_a4_': 112.63293548194031, '_a5_': 12.782149478944861, '_a6_': -58.05166457358422, '_a0_': 1.0, '_a2_': 1.0, '_a3_': 1.0, '_a7_': 1.0}};{'d0': 0.024905832920219077};-276.475521884888;56.140415338405944
26243;-82.0973456040383;(((pow2(((_a6_ * _a5_) + ((_a1_ * ((x + -(_a4_)) * _a6_)) / _a5_))) / _a5_) + _a1_) * x);{'d0': {'_a1_': 1.4465761232441274, '_a4_': 112.63293548194031, '_a5_': 12.782149478944861, '_a6_': -58.05166457358422, '_a0_': 1.0, '_a2_': 1.0, '_a3_': 1.0, '_a7_': 1.0}};{'d0': 0.024905832920219077};-276.475521884888;56.140415338405944
26244;-82.0973456040383;(((pow2(((_a6_ * _a5_) + ((_a1_ * ((x + -(_a4_)) * _a6_)) / _a5_))) / _a5_) + _a1_) * x);{'d0': {'_a1_': 1.4465761232441274, '_a4_': 112.63293548194031, '_a5_': 12.782149478944861, '_a6_': -58.05166457358422, '_a0_': 1.0, '_a2_': 1.0, '_a3_': 1.0, '_a7_': 1.0}};{'d0': 0.024905832920219077};-276.475521884888;56.140415338405944
26245;-82.0973456040383;(((pow2(((_a6_ * _a5_) + ((_a1_ * ((x + -(_a4_)) * _a6_)) / _a5_))) / _a5_) + _a1_) * x);{'d0': {'_a1_': 1.4465761232441274, '_a4_': 112.63293548194031, '_a5_': 12.782149478944861, '_a6_': -58.05166457358422, '_a0_': 1.0, '_a2_': 1.0, '_a3_': 1.0, '_a7_': 1.0}};{'d0': 0.024905832920219077};-276.475521884888;56.140415338405944
26246;-82.0973456040383;(((pow2(((_a6_ * _a5_) + ((_a1_ * ((x + -(_a4_)) * _a6_)) / _a5_))) / _a5_) + _a1_) * x);{'d0': {'_a1_': 1.4465761232441274, '_a4_': 112.63293548194031, '_a5_': 12.782149478944861, '_a6_': -58.05166457358422, '_a0_': 1.0, '_a2_': 1.0, '_a3_': 1.0, '_a7_': 1.0}};{'d0': 0.024905832920219077};-276.475521884888;56.140415338405944
26247;-82.0973456040383;(((pow2(((_a6_ * _a5_) + ((_a1_ * ((x + -(_a4_)) * _a6_)) / _a5_))) / _a5_) + _a1_) * x);{'d0': {'_a1_': 1.4465761232441274, '_a4_': 112.63293548194031, '_a5_': 12.782149478944861, '_a6_': -58.05166457358422, '_a0_': 1.0, '_a2_': 1.0, '_a3_': 1.0, '_a7_': 1.0}};{'d0': 0.024905832920219077};-276.475521884888;56.140415338405944
26248;-82.0973456040383;(((pow2(((_a6_ * _a5_) + ((_a1_ * ((x + -(_a4_)) * _a6_)) / _a5_))) / _a5_) + _a1_) * x);{'d0': {'_a1_': 1.4465761232441274, '_a4_': 112.63293548194031, '_a5_': 12.782149478944861, '_a6_': -58.05166457358422, '_a0_': 1.0, '_a2_': 1.0, '_a3_': 1.0, '_a7_': 1.0}};{'d0': 0.024905832920219077};-276.475521884888;56.140415338405944
26249;-82.0973456048861;(((pow2(((_a6_ * x) + ((_a1_ * ((x + -(_a4_)) * _a6_)) / _a5_))) / _a5_) + _a1_) * x);{'d0': {'_a1_': 1.4465760902164644, '_a4_': -23.16801697134551, '_a5_': 105.99525637916302, '_a6_': -18.664072297155776, '_a0_': 1.0, '_a2_': 1.0, '_a3_': 1.0, '_a7_': 1.0}};{'d0': 0.024905832919515196};-276.475521886584;56.140415338405944
26250;-82.0973456048861;(((pow2(((_a6_ * x) + ((_a1_ * ((x + -(_a4_)) * _a6_)) / _a5_))) / _a5_) + _a1_) * x);{'d0': {'_a1_': 1.4465760902164644, '_a4_': -23.16801697134551, '_a5_': 105.99525637916302, '_a6_': -18.664072297155776, '_a0_': 1.0, '_a2_': 1.0, '_a3_': 1.0, '_a7_': 1.0}};{'d0': 0.024905832919515196};-276.475521886584;56.140415338405944
26251;-82.0973456048861;(((pow2(((_a6_ * x) + ((_a1_ * ((x + -(_a4_)) * _a6_)) / _a5_))) / _a5_) + _a1_) * x);{'d0': {'_a1_': 1.4465760902164644, '_a4_': -23.16801697134551, '_a5_': 105.99525637916302, '_a6_': -18.664072297155776, '_a0_': 1.0, '_a2_': 1.0, '_a3_': 1.0, '_a7_': 1.0}};{'d0': 0.024905832919515196};-276.475521886584;56.140415338405944
26252;-82.0973456048861;(((pow2(((_a6_ * x) + ((_a1_ * ((x + -(_a4_)) * _a6_)) / _a5_))) / _a5_) + _a1_) * x);{'d0': {'_a1_': 1.4465760902164644, '_a4_': -23.16801697134551, '_a5_': 105.99525637916302, '_a6_': -18.664072297155776, '_a0_': 1.0, '_a2_': 1.0, '_a3_': 1.0, '_a7_': 1.0}};{'d0': 0.024905832919515196};-276.475521886584;56.140415338405944
26253;-82.0973456048861;(((pow2(((_a6_ * x) + ((_a1_ * ((x + -(_a4_)) * _a6_)) / _a5_))) / _a5_) + _a1_) * x);{'d0': {'_a1_': 1.4465760902164644, '_a4_': -23.16801697134551, '_a5_': 105.99525637916302, '_a6_': -18.664072297155776, '_a0_': 1.0, '_a2_': 1.0, '_a3_': 1.0, '_a7_': 1.0}};{'d0': 0.024905832919515196};-276.475521886584;56.140415338405944
26254;-82.0973456048861;(((pow2(((_a6_ * x) + ((_a1_ * ((x + -(_a4_)) * _a6_)) / _a5_))) / _a5_) + _a1_) * x);{'d0': {'_a1_': 1.4465760902164644, '_a4_': -23.16801697134551, '_a5_': 105.99525637916302, '_a6_': -18.664072297155776, '_a0_': 1.0, '_a2_': 1.0, '_a3_': 1.0, '_a7_': 1.0}};{'d0': 0.024905832919515196};-276.475521886584;56.140415338405944
26255;-82.9128712013148;(((pow2(((_a6_ * x) + ((_a1_ * ((x + -(_a4_)) * _a6_)) / _a5_))) * _a5_) + _a1_) * x);{'d0': {'_a1_': 1.4465760892433255, '_a4_': -16.381747554054456, '_a5_': 74.52388687026045, '_a6_': 0.20881087731621534, '_a0_': 1.0, '_a2_': 1.0, '_a3_': 1.0, '_a7_': 1.0}};{'d0': 0.024905832919465003};-276.475521886705;55.32488974203775
26256;-82.9128712013148;(((pow2(((_a6_ * x) + ((_a1_ * ((x + -(_a4_)) * _a6_)) / _a5_))) * _a5_) + _a1_) * x);{'d0': {'_a1_': 1.4465760892433255, '_a4_': -16.381747554054456, '_a5_': 74.52388687026045, '_a6_': 0.20881087731621534, '_a0_': 1.0, '_a2_': 1.0, '_a3_': 1.0, '_a7_': 1.0}};{'d0': 0.024905832919465003};-276.475521886705;55.32488974203775
26257;-82.9128712013148;(((pow2(((_a6_ * x) + ((_a1_ * ((x + -(_a4_)) * _a6_)) / _a5_))) * _a5_) + _a1_) * x);{'d0': {'_a1_': 1.4465760892433255, '_a4_': -16.381747554054456, '_a5_': 74.52388687026045, '_a6_': 0.20881087731621534, '_a0_': 1.0, '_a2_': 1.0, '_a3_': 1.0, '_a7_': 1.0}};{'d0': 0.024905832919465003};-276.475521886705;55.32488974203775
26258;-82.9128712013148;(((pow2(((_a6_ * x) + ((_a1_ * ((x + -(_a4_)) * _a6_)) / _a5_))) * _a5_) + _a1_) * x);{'d0': {'_a1_': 1.4465760892433255, '_a4_': -16.381747554054456, '_a5_': 74.52388687026045, '_a6_': 0.20881087731621534, '_a0_': 1.0, '_a2_': 1.0, '_a3_': 1.0, '_a7_': 1.0}};{'d0': 0.024905832919465003};-276.475521886705;55.32488974203775
26259;-82.9128712013148;(((pow2(((_a6_ * x) + ((_a1_ * ((x + -(_a4_)) * _a6_)) / _a5_))) * _a5_) + _a1_) * x);{'d0': {'_a1_': 1.4465760892433255, '_a4_': -16.381747554054456, '_a5_': 74.52388687026045, '_a6_': 0.20881087731621534, '_a0_': 1.0, '_a2_': 1.0, '_a3_': 1.0, '_a7_': 1.0}};{'d0': 0.024905832919465003};-276.475521886705;55.32488974203775
26260;-103.159914093536;((((_a0_ + x) + (x * (_a3_ * x))) + _a4_) * (_a0_ * x));{'d0': {'_a0_': 2.106624066807652, '_a3_': 1.6029252343294427, '_a4_': -1.2639794617043814, '_a1_': 1.0, '_a2_': 1.0, '_a5_': 1.0, '_a6_': 1.0, '_a7_': 1.0}};{'d0': 0.024905832919416507};-280.569866449044;37.125019130986104
26261;-103.159914093536;((((_a0_ + x) + (x * (_a3_ * x))) + _a4_) * (_a0_ * x));{'d0': {'_a0_': 2.106624066807652, '_a3_': 1.6029252343294427, '_a4_': -1.2639794617043814, '_a1_': 1.0, '_a2_': 1.0, '_a5_': 1.0, '_a6_': 1.0, '_a7_': 1.0}};{'d0': 0.024905832919416507};-280.569866449044;37.125019130986104
26262;-103.159914093536;((((_a0_ + x) + (x * (_a3_ * x))) + _a4_) * (_a0_ * x));{'d0': {'_a0_': 2.106624066807652, '_a3_': 1.6029252343294427, '_a4_': -1.2639794617043814, '_a1_': 1.0, '_a2_': 1.0, '_a5_': 1.0, '_a6_': 1.0, '_a7_': 1.0}};{'d0': 0.024905832919416507};-280.569866449044;37.125019130986104
26263;-103.159914093536;((((_a0_ + x) + (x * (_a3_ * x))) + _a4_) * (_a0_ * x));{'d0': {'_a0_': 2.106624066807652, '_a3_': 1.6029252343294427, '_a4_': -1.2639794617043814, '_a1_': 1.0, '_a2_': 1.0, '_a5_': 1.0, '_a6_': 1.0, '_a7_': 1.0}};{'d0': 0.024905832919416507};-280.569866449044;37.125019130986104
26264;-103.159914093536;((((_a0_ + x) + (x * (_a3_ * x))) + _a4_) * (_a0_ * x));{'d0': {'_a0_': 2.106624066807652, '_a3_': 1.6029252343294427, '_a4_': -1.2639794617043814, '_a1_': 1.0, '_a2_': 1.0, '_a5_': 1.0, '_a6_': 1.0, '_a7_': 1.0}};{'d0': 0.024905832919416507};-280.569866449044;37.125019130986104
26265;-103.159914093536;((((_a0_ + x) + (x * (_a3_ * x))) + _a4_) * (_a0_ * x));{'d0': {'_a0_': 2.106624066807652, '_a3_': 1.6029252343294427, '_a4_': -1.2639794617043814, '_a1_': 1.0, '_a2_': 1.0, '_a5_': 1.0, '_a6_': 1.0, '_a7_': 1.0}};{'d0': 0.024905832919416507};-280.569866449044;37.125019130986104
26266;-103.159914093536;((((_a0_ + x) + (x * (_a3_ * x))) + _a4_) * (_a0_ * x));{'d0': {'_a0_': 2.106624066807652, '_a3_': 1.6029252343294427, '_a4_': -1.2639794617043814, '_a1_': 1.0, '_a2_': 1.0, '_a5_': 1.0, '_a6_': 1.0, '_a7_': 1.0}};{'d0': 0.024905832919416507};-280.569866449044;37.125019130986104
26267;-103.159914093536;((((_a0_ + x) + (x * (_a3_ * x))) + _a4_) * (_a0_ * x));{'d0': {'_a0_': 2.106624066807652, '_a3_': 1.6029252343294427, '_a4_': -1.2639794617043814, '_a1_': 1.0, '_a2_': 1.0, '_a5_': 1.0, '_a6_': 1.0, '_a7_': 1.0}};{'d0': 0.024905832919416507};-280.569866449044;37.125019130986104
26268;-103.159914093536;((((_a0_ + x) + (x * (_a6_ * x))) + _a4_) * (_a0_ * x));{'d0': {'_a0_': 2.106624066729566, '_a4_': -1.2639794618907703, '_a6_': 1.6029252348566458, '_a1_': 1.0, '_a2_': 1.0, '_a3_': 1.0, '_a5_': 1.0, '_a7_': 1.0}};{'d0': 0.024905832919416622};-280.569866449044;37.125019130986104
26269;-103.159914093536;((((_a0_ + x) + (x * (_a6_ * x))) + _a4_) * (_a0_ * x));{'d0': {'_a0_': 2.106624066729566, '_a4_': -1.2639794618907703, '_a6_': 1.6029252348566458, '_a1_': 1.0, '_a2_': 1.0, '_a3_': 1.0, '_a5_': 1.0, '_a7_': 1.0}};{'d0': 0.024905832919416622};-280.569866449044;37.125019130986104
26270;-103.159914093536;((((_a0_ + x) + (x * (_a6_ * x))) + _a4_) * (_a0_ * x));{'d0': {'_a0_': 2.106624066729566, '_a4_': -1.2639794618907703, '_a6_': 1.6029252348566458, '_a1_': 1.0, '_a2_': 1.0, '_a3_': 1.0, '_a5_': 1.0, '_a7_': 1.0}};{'d0': 0.024905832919416622};-280.569866449044;37.125019130986104
26271;-103.159914093536;((((_a0_ + x) + (x * (_a6_ * x))) + _a4_) * (_a0_ * x));{'d0': {'_a0_': 2.106624066729566, '_a4_': -1.2639794618907703, '_a6_': 1.6029252348566458, '_a1_': 1.0, '_a2_': 1.0, '_a3_': 1.0, '_a5_': 1.0, '_a7_': 1.0}};{'d0': 0.024905832919416622};-280.569866449044;37.125019130986104
26272;-103.159914093536;((((_a0_ + x) + (x * (_a6_ * x))) + _a4_) * (_a0_ * x));{'d0': {'_a0_': 2.106624066729566, '_a4_': -1.2639794618907703, '_a6_': 1.6029252348566458, '_a1_': 1.0, '_a2_': 1.0, '_a3_': 1.0, '_a5_': 1.0, '_a7_': 1.0}};{'d0': 0.024905832919416622};-280.569866449044;37.125019130986104
26273;-103.159914093536;((((_a0_ + x) + (x * (_a6_ * x))) + _a4_) * (_a0_ * x));{'d0': {'_a0_': 2.106624066729566, '_a4_': -1.2639794618907703, '_a6_': 1.6029252348566458, '_a1_': 1.0, '_a2_': 1.0, '_a3_': 1.0, '_a5_': 1.0, '_a7_': 1.0}};{'d0': 0.024905832919416622};-280.569866449044;37.125019130986104
26274;-103.159914093536;((((_a0_ + x) + (x * (_a6_ * x))) + _a4_) * (_a0_ * x));{'d0': {'_a0_': 2.106624066729566, '_a4_': -1.2639794618907703, '_a6_': 1.6029252348566458, '_a1_': 1.0, '_a2_': 1.0, '_a3_': 1.0, '_a5_': 1.0, '_a7_': 1.0}};{'d0': 0.024905832919416622};-280.569866449044;37.125019130986104
26275;-103.159914093536;((((_a0_ + x) + (x * (_a6_ * x))) + _a4_) * (_a0_ * x));{'d0': {'_a0_': 2.106624066729566, '_a4_': -1.2639794618907703, '_a6_': 1.6029252348566458, '_a1_': 1.0, '_a2_': 1.0, '_a3_': 1.0, '_a5_': 1.0, '_a7_': 1.0}};{'d0': 0.024905832919416622};-280.569866449044;37.125019130986104
26276;-103.159914093536;((((_a0_ + x) + (x * (_a6_ * x))) + _a4_) * (_a0_ * x));{'d0': {'_a0_': 2.106624066729566, '_a4_': -1.2639794618907703, '_a6_': 1.6029252348566458, '_a1_': 1.0, '_a2_': 1.0, '_a3_': 1.0, '_a5_': 1.0, '_a7_': 1.0}};{'d0': 0.024905832919416622};-280.569866449044;37.125019130986104
26277;-103.159914093536;((((_a0_ + x) + (x * (_a6_ * x))) + _a4_) * (_a0_ * x));{'d0': {'_a0_': 2.106624066729566, '_a4_': -1.2639794618907703, '_a6_': 1.6029252348566458, '_a1_': 1.0, '_a2_': 1.0, '_a3_': 1.0, '_a5_': 1.0, '_a7_': 1.0}};{'d0': 0.024905832919416622};-280.569866449044;37.125019130986104
26278;-103.159914093536;((((_a0_ + x) + (x * (_a6_ * x))) + _a4_) * (_a0_ * x));{'d0': {'_a0_': 2.106624066729566, '_a4_': -1.2639794618907703, '_a6_': 1.6029252348566458, '_a1_': 1.0, '_a2_': 1.0, '_a3_': 1.0, '_a5_': 1.0, '_a7_': 1.0}};{'d0': 0.024905832919416622};-280.569866449044;37.125019130986104
26279;-103.159914093536;((((_a0_ + x) + (x * (_a6_ * x))) + _a4_) * (_a0_ * x));{'d0': {'_a0_': 2.106624066729566, '_a4_': -1.2639794618907703, '_a6_': 1.6029252348566458, '_a1_': 1.0, '_a2_': 1.0, '_a3_': 1.0, '_a5_': 1.0, '_a7_': 1.0}};{'d0': 0.024905832919416622};-280.569866449044;37.125019130986104
26280;-103.159914093536;((((_a0_ + x) + (x * (_a6_ * x))) + _a4_) * (_a0_ * x));{'d0': {'_a0_': 2.106624066729566, '_a4_': -1.2639794618907703, '_a6_': 1.6029252348566458, '_a1_': 1.0, '_a2_': 1.0, '_a3_': 1.0, '_a5_': 1.0, '_a7_': 1.0}};{'d0': 0.024905832919416622};-280.569866449044;37.125019130986104
26281;-103.159914093536;((((_a0_ + x) + (x * (_a6_ * x))) + _a4_) * (_a0_ * x));{'d0': {'_a0_': 2.106624066729566, '_a4_': -1.2639794618907703, '_a6_': 1.6029252348566458, '_a1_': 1.0, '_a2_': 1.0, '_a3_': 1.0, '_a5_': 1.0, '_a7_': 1.0}};{'d0': 0.024905832919416622};-280.569866449044;37.125019130986104
26282;-103.159914093536;((((_a0_ + x) + (x * (_a6_ * x))) + _a4_) * (_a0_ * x));{'d0': {'_a0_': 2.106624066729566, '_a4_': -1.2639794618907703, '_a6_': 1.6029252348566458, '_a1_': 1.0, '_a2_': 1.0, '_a3_': 1.0, '_a5_': 1.0, '_a7_': 1.0}};{'d0': 0.024905832919416622};-280.569866449044;37.125019130986104
26283;-103.159914093536;((((_a0_ + x) + (x * (_a6_ * x))) + _a4_) * (_a0_ * x));{'d0': {'_a0_': 2.106624066729566, '_a4_': -1.2639794618907703, '_a6_': 1.6029252348566458, '_a1_': 1.0, '_a2_': 1.0, '_a3_': 1.0, '_a5_': 1.0, '_a7_': 1.0}};{'d0': 0.024905832919416622};-280.569866449044;37.125019130986104
26284;-103.159914093536;((((_a0_ + x) + (x * (_a6_ * x))) + _a4_) * (_a0_ * x));{'d0': {'_a0_': 2.106624066729566, '_a4_': -1.2639794618907703, '_a6_': 1.6029252348566458, '_a1_': 1.0, '_a2_': 1.0, '_a3_': 1.0, '_a5_': 1.0, '_a7_': 1.0}};{'d0': 0.024905832919416622};-280.569866449044;37.125019130986104
26285;-103.159914093536;((((_a0_ + x) + (x * (_a6_ * x))) + _a4_) * (_a0_ * x));{'d0': {'_a0_': 2.106624066729566, '_a4_': -1.2639794618907703, '_a6_': 1.6029252348566458, '_a1_': 1.0, '_a2_': 1.0, '_a3_': 1.0, '_a5_': 1.0, '_a7_': 1.0}};{'d0': 0.024905832919416622};-280.569866449044;37.125019130986104
26286;-74.1383644637422;(((pow2(((_a6_ * x) + ((_a1_ * ((x + -(_a4_)) * (_a5_ * _a5_))) / _a5_))) * _a5_) + _a1_) * -(x));{'d0': {'_a1_': -1.4465760894114743, '_a4_': 2.330032605973693, '_a5_': -0.30695094085734814, '_a6_': -3.7608000412173617, '_a0_': 1.0, '_a2_': 1.0, '_a3_': 1.0, '_a7_': 1.0}};{'d0': 0.02490583292046989};-276.475521884284;64.09939647839991
26287;-74.1383644641811;(((pow2(((_a6_ * x) + ((_a6_ * ((x + -(_a4_)) * (_a5_ * _a5_))) / _a5_))) * _a5_) + _a1_) * -(x));{'d0': {'_a1_': -1.4465760893032402, '_a4_': 0.39397060832781494, '_a5_': -0.44188911601947883, '_a6_': -4.953053001997883, '_a0_': 1.0, '_a2_': 1.0, '_a3_': 1.0, '_a7_': 1.0}};{'d0': 0.024905832920105533};-276.475521885162;64.09939647839991
26288;-74.1383644641811;(((pow2(((_a6_ * x) + ((_a6_ * ((x + -(_a4_)) * (_a5_ * _a5_))) / _a5_))) * _a5_) + _a1_) * -(x));{'d0': {'_a1_': -1.4465760893032402, '_a4_': 0.39397060832781494, '_a5_': -0.44188911601947883, '_a6_': -4.953053001997883, '_a0_': 1.0, '_a2_': 1.0, '_a3_': 1.0, '_a7_': 1.0}};{'d0': 0.024905832920105533};-276.475521885162;64.09939647839991
26289;-103.159914093536;((((_a0_ + x) + (x * (_a6_ * x))) + _a4_) * (_a0_ * x));{'d0': {'_a0_': 2.106624066729566, '_a4_': -1.2639794618907703, '_a6_': 1.6029252348566458, '_a1_': 1.0, '_a2_': 1.0, '_a3_': 1.0, '_a5_': 1.0, '_a7_': 1.0}};{'d0': 0.024905832919416622};-280.569866449044;37.125019130986104
26290;-103.159914093536;((((_a0_ + x) + (x * (_a6_ * x))) + _a4_) * (_a0_ * x));{'d0': {'_a0_': 2.106624066729566, '_a4_': -1.2639794618907703, '_a6_': 1.6029252348566458, '_a1_': 1.0, '_a2_': 1.0, '_a3_': 1.0, '_a5_': 1.0, '_a7_': 1.0}};{'d0': 0.024905832919416622};-280.569866449044;37.125019130986104
26291;-103.159914093536;((((_a0_ + x) + (x * (_a6_ * x))) + _a4_) * (_a0_ * x));{'d0': {'_a0_': 2.106624066729566, '_a4_': -1.2639794618907703, '_a6_': 1.6029252348566458, '_a1_': 1.0, '_a2_': 1.0, '_a3_': 1.0, '_a5_': 1.0, '_a7_': 1.0}};{'d0': 0.024905832919416622};-280.569866449044;37.125019130986104
26292;-103.159914093536;((((_a0_ + x) + (x * (_a6_ * x))) + _a4_) * (_a0_ * x));{'d0': {'_a0_': 2.106624066729566, '_a4_': -1.2639794618907703, '_a6_': 1.6029252348566458, '_a1_': 1.0, '_a2_': 1.0, '_a3_': 1.0, '_a5_': 1.0, '_a7_': 1.0}};{'d0': 0.024905832919416622};-280.569866449044;37.125019130986104
26293;-103.159914093536;((((_a0_ + x) + (x * (_a6_ * x))) + _a4_) * (_a0_ * x));{'d0': {'_a0_': 2.106624066729566, '_a4_': -1.2639794618907703, '_a6_': 1.6029252348566458, '_a1_': 1.0, '_a2_': 1.0, '_a3_': 1.0, '_a5_': 1.0, '_a7_': 1.0}};{'d0': 0.024905832919416622};-280.569866449044;37.125019130986104
26294;-103.159914093536;((((_a0_ + x) + (x * (_a6_ * x))) + _a4_) * (_a0_ * x));{'d0': {'_a0_': 2.106624066729566, '_a4_': -1.2639794618907703, '_a6_': 1.6029252348566458, '_a1_': 1.0, '_a2_': 1.0, '_a3_': 1.0, '_a5_': 1.0, '_a7_': 1.0}};{'d0': 0.024905832919416622};-280.569866449044;37.125019130986104
26295;-103.159914093536;((((_a0_ + x) + (x * (_a6_ * x))) + _a4_) * (_a0_ * x));{'d0': {'_a0_': 2.106624066729566, '_a4_': -1.2639794618907703, '_a6_': 1.6029252348566458, '_a1_': 1.0, '_a2_': 1.0, '_a3_': 1.0, '_a5_': 1.0, '_a7_': 1.0}};{'d0': 0.024905832919416622};-280.569866449044;37.125019130986104
26296;-103.159914093536;((((_a0_ + x) + (x * (_a6_ * x))) + _a4_) * (_a0_ * x));{'d0': {'_a0_': 2.106624066729566, '_a4_': -1.2639794618907703, '_a6_': 1.6029252348566458, '_a1_': 1.0, '_a2_': 1.0, '_a3_': 1.0, '_a5_': 1.0, '_a7_': 1.0}};{'d0': 0.024905832919416622};-280.569866449044;37.125019130986104
26297;-103.159914093536;((((_a0_ + x) + (x * (_a3_ * x))) + _a4_) * (_a0_ * x));{'d0': {'_a0_': 2.106624066807652, '_a3_': 1.6029252343294427, '_a4_': -1.2639794617043814, '_a1_': 1.0, '_a2_': 1.0, '_a5_': 1.0, '_a6_': 1.0, '_a7_': 1.0}};{'d0': 0.024905832919416507};-280.569866449044;37.125019130986104
26298;-103.159914093536;((((_a0_ + x) + (x * (_a3_ * x))) + _a4_) * (_a0_ * x));{'d0': {'_a0_': 2.106624066807652, '_a3_': 1.6029252343294427, '_a4_': -1.2639794617043814, '_a1_': 1.0, '_a2_': 1.0, '_a5_': 1.0, '_a6_': 1.0, '_a7_': 1.0}};{'d0': 0.024905832919416507};-280.569866449044;37.125019130986104
26299;-73.4832310197454;(((pow2((((x / _a7_) * x) + ((_a6_ * ((x + -(_a4_)) * _a5_)) / _a5_))) * _a5_) + _a7_) * -(x));{'d0': {'_a4_': -0.3155779997472704, '_a5_': -0.00033125506729574105, '_a6_': 100.4618940695115, '_a7_': -1.4504684816342879, '_a0_': 1.0, '_a1_': 1.0, '_a2_': 1.0, '_a3_': 1.0}};{'d0': 0.024832853995504608};-276.651591616383;64.84256478844611
26300;-73.4832310197454;(((pow2((((x / _a7_) * x) + ((_a6_ * ((x + -(_a4_)) * _a5_)) / _a5_))) * _a5_) + _a7_) * -(x));{'d0': {'_a4_': -0.3155779997472704, '_a5_': -0.00033125506729574105, '_a6_': 100.4618940695115, '_a7_': -1.4504684816342879, '_a0_': 1.0, '_a1_': 1.0, '_a2_': 1.0, '_a3_': 1.0}};{'d0': 0.024832853995504608};-276.651591616383;64.84256478844611
26301;-73.4832310197454;(((pow2((((x / _a7_) * x) + ((_a6_ * ((x + -(_a4_)) * _a5_)) / _a5_))) * _a5_) + _a7_) * -(x));{'d0': {'_a4_': -0.3155779997472704, '_a5_': -0.00033125506729574105, '_a6_': 100.4618940695115, '_a7_': -1.4504684816342879, '_a0_': 1.0, '_a1_': 1.0, '_a2_': 1.0, '_a3_': 1.0}};{'d0': 0.024832853995504608};-276.651591616383;64.84256478844611
26302;-73.4832310197454;(((pow2((((x / _a7_) * x) + ((_a6_ * ((x + -(_a4_)) * _a5_)) / _a5_))) * _a5_) + _a7_) * -(x));{'d0': {'_a4_': -0.3155779997472704, '_a5_': -0.00033125506729574105, '_a6_': 100.4618940695115, '_a7_': -1.4504684816342879, '_a0_': 1.0, '_a1_': 1.0, '_a2_': 1.0, '_a3_': 1.0}};{'d0': 0.024832853995504608};-276.651591616383;64.84256478844611
26303;-73.4832310197454;(((pow2((((x / _a7_) * x) + ((_a6_ * ((x + -(_a4_)) * _a5_)) / _a5_))) * _a5_) + _a7_) * -(x));{'d0': {'_a4_': -0.3155779997472704, '_a5_': -0.00033125506729574105, '_a6_': 100.4618940695115, '_a7_': -1.4504684816342879, '_a0_': 1.0, '_a1_': 1.0, '_a2_': 1.0, '_a3_': 1.0}};{'d0': 0.024832853995504608};-276.651591616383;64.84256478844611
26304;-73.4832310197454;(((pow2((((x / _a7_) * x) + ((_a6_ * ((x + -(_a4_)) * _a5_)) / _a5_))) * _a5_) + _a7_) * -(x));{'d0': {'_a4_': -0.3155779997472704, '_a5_': -0.00033125506729574105, '_a6_': 100.4618940695115, '_a7_': -1.4504684816342879, '_a0_': 1.0, '_a1_': 1.0, '_a2_': 1.0, '_a3_': 1.0}};{'d0': 0.024832853995504608};-276.651591616383;64.84256478844611
26305;-73.4832310197454;(((pow2((((x / _a7_) * x) + ((_a6_ * ((x + -(_a4_)) * _a5_)) / _a5_))) * _a5_) + _a7_) * -(x));{'d0': {'_a4_': -0.3155779997472704, '_a5_': -0.00033125506729574105, '_a6_': 100.4618940695115, '_a7_': -1.4504684816342879, '_a0_': 1.0, '_a1_': 1.0, '_a2_': 1.0, '_a3_': 1.0}};{'d0': 0.024832853995504608};-276.651591616383;64.84256478844611
26306;-73.4832310197454;(((pow2((((x / _a7_) * x) + ((_a6_ * ((x + -(_a4_)) * _a5_)) / _a5_))) * _a5_) + _a7_) * -(x));{'d0': {'_a4_': -0.3155779997472704, '_a5_': -0.00033125506729574105, '_a6_': 100.4618940695115, '_a7_': -1.4504684816342879, '_a0_': 1.0, '_a1_': 1.0, '_a2_': 1.0, '_a3_': 1.0}};{'d0': 0.024832853995504608};-276.651591616383;64.84256478844611
26307;-73.4832310197454;(((pow2((((x / _a7_) * x) + ((_a6_ * ((x + -(_a4_)) * _a5_)) / _a5_))) * _a5_) + _a7_) * -(x));{'d0': {'_a4_': -0.3155779997472704, '_a5_': -0.00033125506729574105, '_a6_': 100.4618940695115, '_a7_': -1.4504684816342879, '_a0_': 1.0, '_a1_': 1.0, '_a2_': 1.0, '_a3_': 1.0}};{'d0': 0.024832853995504608};-276.651591616383;64.84256478844611
26308;-73.4832310197454;(((pow2((((x / _a7_) * x) + ((_a6_ * ((x + -(_a4_)) * _a5_)) / _a5_))) * _a5_) + _a7_) * -(x));{'d0': {'_a4_': -0.3155779997472704, '_a5_': -0.00033125506729574105, '_a6_': 100.4618940695115, '_a7_': -1.4504684816342879, '_a0_': 1.0, '_a1_': 1.0, '_a2_': 1.0, '_a3_': 1.0}};{'d0': 0.024832853995504608};-276.651591616383;64.84256478844611
26309;-73.4832310197454;(((pow2((((x / _a7_) * x) + ((_a6_ * ((x + -(_a4_)) * _a5_)) / _a5_))) * _a5_) + _a7_) * -(x));{'d0': {'_a4_': -0.3155779997472704, '_a5_': -0.00033125506729574105, '_a6_': 100.4618940695115, '_a7_': -1.4504684816342879, '_a0_': 1.0, '_a1_': 1.0, '_a2_': 1.0, '_a3_': 1.0}};{'d0': 0.024832853995504608};-276.651591616383;64.84256478844611
26310;-73.4832310197454;(((pow2((((x / _a7_) * x) + ((_a6_ * ((x + -(_a4_)) * _a5_)) / _a5_))) * _a5_) + _a7_) * -(x));{'d0': {'_a4_': -0.3155779997472704, '_a5_': -0.00033125506729574105, '_a6_': 100.4618940695115, '_a7_': -1.4504684816342879, '_a0_': 1.0, '_a1_': 1.0, '_a2_': 1.0, '_a3_': 1.0}};{'d0': 0.024832853995504608};-276.651591616383;64.84256478844611
26311;-73.4832310197454;(((pow2((((x / _a7_) * x) + ((_a6_ * ((x + -(_a4_)) * _a5_)) / _a5_))) * _a5_) + _a7_) * -(x));{'d0': {'_a4_': -0.3155779997472704, '_a5_': -0.00033125506729574105, '_a6_': 100.4618940695115, '_a7_': -1.4504684816342879, '_a0_': 1.0, '_a1_': 1.0, '_a2_': 1.0, '_a3_': 1.0}};{'d0': 0.024832853995504608};-276.651591616383;64.84256478844611
26312;-73.4832310197454;(((pow2((((x / _a7_) * x) + ((_a6_ * ((x + -(_a4_)) * _a5_)) / _a5_))) * _a5_) + _a7_) * -(x));{'d0': {'_a4_': -0.3155779997472704, '_a5_': -0.00033125506729574105, '_a6_': 100.4618940695115, '_a7_': -1.4504684816342879, '_a0_': 1.0, '_a1_': 1.0, '_a2_': 1.0, '_a3_': 1.0}};{'d0': 0.024832853995504608};-276.651591616383;64.84256478844611
26313;-73.4832310197454;(((pow2((((x / _a7_) * x) + ((_a6_ * ((x + -(_a4_)) * _a5_)) / _a5_))) * _a5_) + _a7_) * -(x));{'d0': {'_a4_': -0.3155779997472704, '_a5_': -0.00033125506729574105, '_a6_': 100.4618940695115, '_a7_': -1.4504684816342879, '_a0_': 1.0, '_a1_': 1.0, '_a2_': 1.0, '_a3_': 1.0}};{'d0': 0.024832853995504608};-276.651591616383;64.84256478844611
26314;-73.4832310197454;(((pow2((((x / _a7_) * x) + ((_a6_ * ((x + -(_a4_)) * _a5_)) / _a5_))) * _a5_) + _a7_) * -(x));{'d0': {'_a4_': -0.3155779997472704, '_a5_': -0.00033125506729574105, '_a6_': 100.4618940695115, '_a7_': -1.4504684816342879, '_a0_': 1.0, '_a1_': 1.0, '_a2_': 1.0, '_a3_': 1.0}};{'d0': 0.024832853995504608};-276.651591616383;64.84256478844611
26315;-75.5344844903692;(((pow2(((pow2(_a5_) * x) + ((_a6_ * ((x + -(_a4_)) * _a5_)) / _a5_))) * _a5_) + _a7_) * -(x));{'d0': {'_a4_': -0.3119297080361971, '_a5_': -0.0003158642465953767, '_a6_': 103.3950864674087, '_a7_': -1.4465760892847603, '_a0_': 1.0, '_a1_': 1.0, '_a2_': 1.0, '_a3_': 1.0}};{'d0': 0.0249058329195268};-276.475521886556;62.70327645290891
26316;-75.5344844903692;(((pow2(((pow2(_a5_) * x) + ((_a6_ * ((x + -(_a4_)) * _a5_)) / _a5_))) * _a5_) + _a7_) * -(x));{'d0': {'_a4_': -0.3119297080361971, '_a5_': -0.0003158642465953767, '_a6_': 103.3950864674087, '_a7_': -1.4465760892847603, '_a0_': 1.0, '_a1_': 1.0, '_a2_': 1.0, '_a3_': 1.0}};{'d0': 0.0249058329195268};-276.475521886556;62.70327645290891
26317;-75.5344844903692;(((pow2(((pow2(_a5_) * x) + ((_a6_ * ((x + -(_a4_)) * _a5_)) / _a5_))) * _a5_) + _a7_) * -(x));{'d0': {'_a4_': -0.3119297080361971, '_a5_': -0.0003158642465953767, '_a6_': 103.3950864674087, '_a7_': -1.4465760892847603, '_a0_': 1.0, '_a1_': 1.0, '_a2_': 1.0, '_a3_': 1.0}};{'d0': 0.0249058329195268};-276.475521886556;62.70327645290891
26318;-75.5344844903692;(((pow2(((pow2(_a5_) * x) + ((_a6_ * ((x + -(_a4_)) * _a5_)) / _a5_))) * _a5_) + _a7_) * -(x));{'d0': {'_a4_': -0.3119297080361971, '_a5_': -0.0003158642465953767, '_a6_': 103.3950864674087, '_a7_': -1.4465760892847603, '_a0_': 1.0, '_a1_': 1.0, '_a2_': 1.0, '_a3_': 1.0}};{'d0': 0.0249058329195268};-276.475521886556;62.70327645290891
26319;-75.5344844903692;(((pow2(((pow2(_a5_) * x) + ((_a6_ * ((x + -(_a4_)) * _a5_)) / _a5_))) * _a5_) + _a7_) * -(x));{'d0': {'_a4_': -0.3119297080361971, '_a5_': -0.0003158642465953767, '_a6_': 103.3950864674087, '_a7_': -1.4465760892847603, '_a0_': 1.0, '_a1_': 1.0, '_a2_': 1.0, '_a3_': 1.0}};{'d0': 0.0249058329195268};-276.475521886556;62.70327645290891
26320;-108.217451392709;((((_a2_ + pow2((x + _a1_))) ** _a6_) * x) / _a1_);{'d0': {'_a1_': 0.31104845761098726, '_a2_': 0.47789378382270725, '_a6_': 1.0762863120432222, '_a0_': 1.0, '_a3_': 1.0, '_a4_': 1.0, '_a5_': 1.0, '_a7_': 1.0}};{'d0': 0.024357584169524243};-281.905392284744;32.73524474966351
26321;-108.217451392709;((((_a2_ + pow2((x + _a1_))) ** _a6_) * x) / _a1_);{'d0': {'_a1_': 0.31104845761098726, '_a2_': 0.47789378382270725, '_a6_': 1.0762863120432222, '_a0_': 1.0, '_a3_': 1.0, '_a4_': 1.0, '_a5_': 1.0, '_a7_': 1.0}};{'d0': 0.024357584169524243};-281.905392284744;32.73524474966351
26322;-108.217451392709;((((_a2_ + pow2((x + _a1_))) ** _a6_) * x) / _a1_);{'d0': {'_a1_': 0.31104845761098726, '_a2_': 0.47789378382270725, '_a6_': 1.0762863120432222, '_a0_': 1.0, '_a3_': 1.0, '_a4_': 1.0, '_a5_': 1.0, '_a7_': 1.0}};{'d0': 0.024357584169524243};-281.905392284744;32.73524474966351
26323;-108.217451392709;((((_a2_ + pow2((x + _a1_))) ** _a6_) * x) / _a1_);{'d0': {'_a1_': 0.31104845761098726, '_a2_': 0.47789378382270725, '_a6_': 1.0762863120432222, '_a0_': 1.0, '_a3_': 1.0, '_a4_': 1.0, '_a5_': 1.0, '_a7_': 1.0}};{'d0': 0.024357584169524243};-281.905392284744;32.73524474966351
26324;-108.217451392709;((((_a2_ + pow2((x + _a1_))) ** _a6_) * x) / _a1_);{'d0': {'_a1_': 0.31104845761098726, '_a2_': 0.47789378382270725, '_a6_': 1.0762863120432222, '_a0_': 1.0, '_a3_': 1.0, '_a4_': 1.0, '_a5_': 1.0, '_a7_': 1.0}};{'d0': 0.024357584169524243};-281.905392284744;32.73524474966351
26325;-108.217451392709;((((_a2_ + pow2((x + _a1_))) ** _a6_) * x) / _a1_);{'d0': {'_a1_': 0.31104845761098726, '_a2_': 0.47789378382270725, '_a6_': 1.0762863120432222, '_a0_': 1.0, '_a3_': 1.0, '_a4_': 1.0, '_a5_': 1.0, '_a7_': 1.0}};{'d0': 0.024357584169524243};-281.905392284744;32.73524474966351
26326;-108.217451392709;((((_a2_ + pow2((x + _a1_))) ** _a6_) * x) / _a1_);{'d0': {'_a1_': 0.31104845761098726, '_a2_': 0.47789378382270725, '_a6_': 1.0762863120432222, '_a0_': 1.0, '_a3_': 1.0, '_a4_': 1.0, '_a5_': 1.0, '_a7_': 1.0}};{'d0': 0.024357584169524243};-281.905392284744;32.73524474966351
26327;-103.412826039896;((((_a2_ + pow2((x + _a1_))) ** (_a1_ * _a7_)) * x) / _a1_);{'d0': {'_a1_': 0.3110484579828423, '_a2_': 0.4778937855141525, '_a7_': 3.46018855763276, '_a0_': 1.0, '_a3_': 1.0, '_a4_': 1.0, '_a5_': 1.0, '_a6_': 1.0}};{'d0': 0.02435758416952421};-281.905392284744;37.539870102476506
26328;-103.412826039896;((((_a2_ + pow2((x + _a1_))) ** (_a1_ * _a7_)) * x) / _a1_);{'d0': {'_a1_': 0.3110484579828423, '_a2_': 0.4778937855141525, '_a7_': 3.46018855763276, '_a0_': 1.0, '_a3_': 1.0, '_a4_': 1.0, '_a5_': 1.0, '_a6_': 1.0}};{'d0': 0.02435758416952421};-281.905392284744;37.539870102476506
26329;-103.412826039896;((((_a2_ + pow2((x + _a1_))) ** (_a1_ * _a7_)) * x) / _a1_);{'d0': {'_a1_': 0.3110484579828423, '_a2_': 0.4778937855141525, '_a7_': 3.46018855763276, '_a0_': 1.0, '_a3_': 1.0, '_a4_': 1.0, '_a5_': 1.0, '_a6_': 1.0}};{'d0': 0.02435758416952421};-281.905392284744;37.539870102476506
26330;-103.412826039896;((((_a2_ + pow2((x + _a1_))) ** (_a1_ * _a7_)) * x) / _a1_);{'d0': {'_a1_': 0.3110484579828423, '_a2_': 0.4778937855141525, '_a7_': 3.46018855763276, '_a0_': 1.0, '_a3_': 1.0, '_a4_': 1.0, '_a5_': 1.0, '_a6_': 1.0}};{'d0': 0.02435758416952421};-281.905392284744;37.539870102476506
26331;-103.412826039896;((((_a2_ + pow2((x + _a1_))) ** (_a1_ * _a7_)) * x) / _a1_);{'d0': {'_a1_': 0.3110484579828423, '_a2_': 0.4778937855141525, '_a7_': 3.46018855763276, '_a0_': 1.0, '_a3_': 1.0, '_a4_': 1.0, '_a5_': 1.0, '_a6_': 1.0}};{'d0': 0.02435758416952421};-281.905392284744;37.539870102476506
26332;-103.412826039896;((((_a2_ + pow2((x + _a1_))) ** (_a1_ * _a7_)) * x) / _a1_);{'d0': {'_a1_': 0.3110484579828423, '_a2_': 0.4778937855141525, '_a7_': 3.46018855763276, '_a0_': 1.0, '_a3_': 1.0, '_a4_': 1.0, '_a5_': 1.0, '_a6_': 1.0}};{'d0': 0.02435758416952421};-281.905392284744;37.539870102476506
26333;-103.412826039896;((((_a2_ + pow2((x + _a1_))) ** (_a1_ * _a7_)) * x) / _a1_);{'d0': {'_a1_': 0.3110484579828423, '_a2_': 0.4778937855141525, '_a7_': 3.46018855763276, '_a0_': 1.0, '_a3_': 1.0, '_a4_': 1.0, '_a5_': 1.0, '_a6_': 1.0}};{'d0': 0.02435758416952421};-281.905392284744;37.539870102476506
26334;-103.412826039896;((((_a2_ + pow2((x + _a1_))) ** (_a1_ * _a7_)) * x) / _a1_);{'d0': {'_a1_': 0.3110484579828423, '_a2_': 0.4778937855141525, '_a7_': 3.46018855763276, '_a0_': 1.0, '_a3_': 1.0, '_a4_': 1.0, '_a5_': 1.0, '_a6_': 1.0}};{'d0': 0.02435758416952421};-281.905392284744;37.539870102476506
26335;-103.412826039896;((((_a2_ + pow2((x + _a1_))) ** (_a1_ * _a7_)) * x) / _a1_);{'d0': {'_a1_': 0.3110484579828423, '_a2_': 0.4778937855141525, '_a7_': 3.46018855763276, '_a0_': 1.0, '_a3_': 1.0, '_a4_': 1.0, '_a5_': 1.0, '_a6_': 1.0}};{'d0': 0.02435758416952421};-281.905392284744;37.539870102476506
26336;-103.412826039896;((((_a2_ + pow2((x + _a1_))) ** (_a1_ * _a7_)) * x) / _a1_);{'d0': {'_a1_': 0.3110484579828423, '_a2_': 0.4778937855141525, '_a7_': 3.46018855763276, '_a0_': 1.0, '_a3_': 1.0, '_a4_': 1.0, '_a5_': 1.0, '_a6_': 1.0}};{'d0': 0.02435758416952421};-281.905392284744;37.539870102476506
26337;-103.412826039896;((((_a2_ + pow2((x + _a1_))) ** (_a1_ * _a7_)) * x) / _a1_);{'d0': {'_a1_': 0.3110484579828423, '_a2_': 0.4778937855141525, '_a7_': 3.46018855763276, '_a0_': 1.0, '_a3_': 1.0, '_a4_': 1.0, '_a5_': 1.0, '_a6_': 1.0}};{'d0': 0.02435758416952421};-281.905392284744;37.539870102476506
26338;-103.412826039896;((((_a2_ + pow2((x + _a1_))) ** (_a1_ * _a7_)) * x) / _a1_);{'d0': {'_a1_': 0.3110484579828423, '_a2_': 0.4778937855141525, '_a7_': 3.46018855763276, '_a0_': 1.0, '_a3_': 1.0, '_a4_': 1.0, '_a5_': 1.0, '_a6_': 1.0}};{'d0': 0.02435758416952421};-281.905392284744;37.539870102476506
26339;-103.412826039896;((((_a2_ + pow2((x + _a1_))) ** (_a7_ * _a7_)) * x) / _a1_);{'d0': {'_a1_': 0.31104845825410177, '_a2_': 0.47789378671344596, '_a7_': 1.037442199440453, '_a0_': 1.0, '_a3_': 1.0, '_a4_': 1.0, '_a5_': 1.0, '_a6_': 1.0}};{'d0': 0.02435758416952422};-281.905392284744;37.539870102476506
26340;-103.412826039896;((((_a2_ + pow2((x + _a1_))) ** (_a7_ * _a7_)) * x) / _a1_);{'d0': {'_a1_': 0.31104845825410177, '_a2_': 0.47789378671344596, '_a7_': 1.037442199440453, '_a0_': 1.0, '_a3_': 1.0, '_a4_': 1.0, '_a5_': 1.0, '_a6_': 1.0}};{'d0': 0.02435758416952422};-281.905392284744;37.539870102476506
26341;-103.412826039896;((((_a2_ + pow2((x + _a1_))) ** (_a7_ * _a7_)) * x) / _a1_);{'d0': {'_a1_': 0.31104845825410177, '_a2_': 0.47789378671344596, '_a7_': 1.037442199440453, '_a0_': 1.0, '_a3_': 1.0, '_a4_': 1.0, '_a5_': 1.0, '_a6_': 1.0}};{'d0': 0.02435758416952422};-281.905392284744;37.539870102476506
26342;-103.412826039896;((((_a2_ + pow2((x + _a1_))) ** (_a7_ * _a7_)) * x) / _a1_);{'d0': {'_a1_': 0.31104845825410177, '_a2_': 0.47789378671344596, '_a7_': 1.037442199440453, '_a0_': 1.0, '_a3_': 1.0, '_a4_': 1.0, '_a5_': 1.0, '_a6_': 1.0}};{'d0': 0.02435758416952422};-281.905392284744;37.539870102476506
26343;-103.412826039896;((((_a2_ + pow2((x + _a1_))) ** (_a7_ * _a7_)) * x) / _a1_);{'d0': {'_a1_': 0.31104845825410177, '_a2_': 0.47789378671344596, '_a7_': 1.037442199440453, '_a0_': 1.0, '_a3_': 1.0, '_a4_': 1.0, '_a5_': 1.0, '_a6_': 1.0}};{'d0': 0.02435758416952422};-281.905392284744;37.539870102476506
26344;-103.412826039896;((((_a2_ + pow2((x + _a1_))) ** (_a7_ * _a7_)) * x) / _a1_);{'d0': {'_a1_': 0.31104845825410177, '_a2_': 0.47789378671344596, '_a7_': 1.037442199440453, '_a0_': 1.0, '_a3_': 1.0, '_a4_': 1.0, '_a5_': 1.0, '_a6_': 1.0}};{'d0': 0.02435758416952422};-281.905392284744;37.539870102476506
26345;-103.412826039896;((((_a2_ + pow2((x + _a1_))) ** (_a7_ * _a7_)) * x) / _a1_);{'d0': {'_a1_': 0.31104845825410177, '_a2_': 0.47789378671344596, '_a7_': 1.037442199440453, '_a0_': 1.0, '_a3_': 1.0, '_a4_': 1.0, '_a5_': 1.0, '_a6_': 1.0}};{'d0': 0.02435758416952422};-281.905392284744;37.539870102476506
26346;-103.412826039896;((((_a2_ + pow2((x + _a1_))) ** (_a7_ * _a7_)) * x) / _a1_);{'d0': {'_a1_': 0.31104845825410177, '_a2_': 0.47789378671344596, '_a7_': 1.037442199440453, '_a0_': 1.0, '_a3_': 1.0, '_a4_': 1.0, '_a5_': 1.0, '_a6_': 1.0}};{'d0': 0.02435758416952422};-281.905392284744;37.539870102476506
26347;-103.159914093536;((((_a0_ + x) + (x * (_a6_ * x))) + _a4_) * (_a0_ * x));{'d0': {'_a0_': 2.106624066729566, '_a4_': -1.2639794618907703, '_a6_': 1.6029252348566458, '_a1_': 1.0, '_a2_': 1.0, '_a3_': 1.0, '_a5_': 1.0, '_a7_': 1.0}};{'d0': 0.024905832919416622};-280.569866449044;37.125019130986104
26348;-103.159914093536;((((_a0_ + x) + (x * (_a6_ * x))) + _a4_) * (_a0_ * x));{'d0': {'_a0_': 2.106624066729566, '_a4_': -1.2639794618907703, '_a6_': 1.6029252348566458, '_a1_': 1.0, '_a2_': 1.0, '_a3_': 1.0, '_a5_': 1.0, '_a7_': 1.0}};{'d0': 0.024905832919416622};-280.569866449044;37.125019130986104
26349;-103.159914093536;((((_a0_ + x) + (x * (_a6_ * x))) + _a4_) * (_a0_ * x));{'d0': {'_a0_': 2.106624066729566, '_a4_': -1.2639794618907703, '_a6_': 1.6029252348566458, '_a1_': 1.0, '_a2_': 1.0, '_a3_': 1.0, '_a5_': 1.0, '_a7_': 1.0}};{'d0': 0.024905832919416622};-280.569866449044;37.125019130986104
26350;-103.159914093536;((((_a0_ + x) + (x * (_a6_ * x))) + _a4_) * (_a0_ * x));{'d0': {'_a0_': 2.106624066729566, '_a4_': -1.2639794618907703, '_a6_': 1.6029252348566458, '_a1_': 1.0, '_a2_': 1.0, '_a3_': 1.0, '_a5_': 1.0, '_a7_': 1.0}};{'d0': 0.024905832919416622};-280.569866449044;37.125019130986104
26351;-103.159914093536;((((_a0_ + x) + (x * (_a6_ * x))) + _a4_) * (_a0_ * x));{'d0': {'_a0_': 2.106624066729566, '_a4_': -1.2639794618907703, '_a6_': 1.6029252348566458, '_a1_': 1.0, '_a2_': 1.0, '_a3_': 1.0, '_a5_': 1.0, '_a7_': 1.0}};{'d0': 0.024905832919416622};-280.569866449044;37.125019130986104
26352;-103.159914093536;((((_a0_ + x) + (x * (_a6_ * x))) + _a4_) * (_a0_ * x));{'d0': {'_a0_': 2.106624066729566, '_a4_': -1.2639794618907703, '_a6_': 1.6029252348566458, '_a1_': 1.0, '_a2_': 1.0, '_a3_': 1.0, '_a5_': 1.0, '_a7_': 1.0}};{'d0': 0.024905832919416622};-280.569866449044;37.125019130986104
26353;-103.159914093536;((((_a0_ + x) + (x * (_a6_ * x))) + _a4_) * (_a0_ * x));{'d0': {'_a0_': 2.106624066729566, '_a4_': -1.2639794618907703, '_a6_': 1.6029252348566458, '_a1_': 1.0, '_a2_': 1.0, '_a3_': 1.0, '_a5_': 1.0, '_a7_': 1.0}};{'d0': 0.024905832919416622};-280.569866449044;37.125019130986104
26354;-103.159914093536;((((_a0_ + x) + (x * (_a6_ * x))) + _a4_) * (_a0_ * x));{'d0': {'_a0_': 2.106624066729566, '_a4_': -1.2639794618907703, '_a6_': 1.6029252348566458, '_a1_': 1.0, '_a2_': 1.0, '_a3_': 1.0, '_a5_': 1.0, '_a7_': 1.0}};{'d0': 0.024905832919416622};-280.569866449044;37.125019130986104
26355;-103.159914093536;((((_a0_ + x) + (x * (_a6_ * x))) + _a4_) * (_a0_ * x));{'d0': {'_a0_': 2.106624066729566, '_a4_': -1.2639794618907703, '_a6_': 1.6029252348566458, '_a1_': 1.0, '_a2_': 1.0, '_a3_': 1.0, '_a5_': 1.0, '_a7_': 1.0}};{'d0': 0.024905832919416622};-280.569866449044;37.125019130986104
26356;-103.159914093536;((((_a0_ + x) + (x * (_a6_ * x))) + _a4_) * (_a0_ * x));{'d0': {'_a0_': 2.106624066729566, '_a4_': -1.2639794618907703, '_a6_': 1.6029252348566458, '_a1_': 1.0, '_a2_': 1.0, '_a3_': 1.0, '_a5_': 1.0, '_a7_': 1.0}};{'d0': 0.024905832919416622};-280.569866449044;37.125019130986104
26357;-103.159914093536;((((_a0_ + x) + (x * (_a6_ * x))) + _a4_) * (_a0_ * x));{'d0': {'_a0_': 2.106624066729566, '_a4_': -1.2639794618907703, '_a6_': 1.6029252348566458, '_a1_': 1.0, '_a2_': 1.0, '_a3_': 1.0, '_a5_': 1.0, '_a7_': 1.0}};{'d0': 0.024905832919416622};-280.569866449044;37.125019130986104
26358;-103.159914093536;((((_a0_ + x) + (x * (_a6_ * x))) + _a4_) * (_a0_ * x));{'d0': {'_a0_': 2.106624066729566, '_a4_': -1.2639794618907703, '_a6_': 1.6029252348566458, '_a1_': 1.0, '_a2_': 1.0, '_a3_': 1.0, '_a5_': 1.0, '_a7_': 1.0}};{'d0': 0.024905832919416622};-280.569866449044;37.125019130986104
26359;-103.159914093536;((((_a0_ + x) + (x * (_a6_ * x))) + _a4_) * (_a0_ * x));{'d0': {'_a0_': 2.106624066729566, '_a4_': -1.2639794618907703, '_a6_': 1.6029252348566458, '_a1_': 1.0, '_a2_': 1.0, '_a3_': 1.0, '_a5_': 1.0, '_a7_': 1.0}};{'d0': 0.024905832919416622};-280.569866449044;37.125019130986104
26360;-103.159914093536;((((_a0_ + x) + (x * (_a6_ * x))) + _a4_) * (_a0_ * x));{'d0': {'_a0_': 2.106624066729566, '_a4_': -1.2639794618907703, '_a6_': 1.6029252348566458, '_a1_': 1.0, '_a2_': 1.0, '_a3_': 1.0, '_a5_': 1.0, '_a7_': 1.0}};{'d0': 0.024905832919416622};-280.569866449044;37.125019130986104
26361;-103.412826039896;((((_a2_ + pow2((x + _a1_))) ** (_a7_ * _a7_)) * x) / _a1_);{'d0': {'_a1_': 0.31104845825410177, '_a2_': 0.47789378671344596, '_a7_': 1.037442199440453, '_a0_': 1.0, '_a3_': 1.0, '_a4_': 1.0, '_a5_': 1.0, '_a6_': 1.0}};{'d0': 0.02435758416952422};-281.905392284744;37.539870102476506
26362;-103.412826039896;((((_a2_ + pow2((x + _a1_))) ** (_a7_ * _a7_)) * x) / _a1_);{'d0': {'_a1_': 0.31104845825410177, '_a2_': 0.47789378671344596, '_a7_': 1.037442199440453, '_a0_': 1.0, '_a3_': 1.0, '_a4_': 1.0, '_a5_': 1.0, '_a6_': 1.0}};{'d0': 0.02435758416952422};-281.905392284744;37.539870102476506
26363;-103.412826039896;((((_a2_ + pow2((x + _a1_))) ** (_a7_ * _a7_)) * x) / _a1_);{'d0': {'_a1_': 0.31104845825410177, '_a2_': 0.47789378671344596, '_a7_': 1.037442199440453, '_a0_': 1.0, '_a3_': 1.0, '_a4_': 1.0, '_a5_': 1.0, '_a6_': 1.0}};{'d0': 0.02435758416952422};-281.905392284744;37.539870102476506
26364;-103.412826039896;((((_a2_ + pow2((x + _a1_))) ** (_a7_ * _a7_)) * x) / _a1_);{'d0': {'_a1_': 0.31104845825410177, '_a2_': 0.47789378671344596, '_a7_': 1.037442199440453, '_a0_': 1.0, '_a3_': 1.0, '_a4_': 1.0, '_a5_': 1.0, '_a6_': 1.0}};{'d0': 0.02435758416952422};-281.905392284744;37.539870102476506
26365;-103.412826039896;((((_a2_ + pow2((x + _a1_))) ** (_a7_ * _a7_)) * x) / _a1_);{'d0': {'_a1_': 0.31104845825410177, '_a2_': 0.47789378671344596, '_a7_': 1.037442199440453, '_a0_': 1.0, '_a3_': 1.0, '_a4_': 1.0, '_a5_': 1.0, '_a6_': 1.0}};{'d0': 0.02435758416952422};-281.905392284744;37.539870102476506
26366;-103.412826039896;((((_a2_ + pow2((x + _a1_))) ** (_a7_ * _a7_)) * x) / _a1_);{'d0': {'_a1_': 0.31104845825410177, '_a2_': 0.47789378671344596, '_a7_': 1.037442199440453, '_a0_': 1.0, '_a3_': 1.0, '_a4_': 1.0, '_a5_': 1.0, '_a6_': 1.0}};{'d0': 0.02435758416952422};-281.905392284744;37.539870102476506
26367;-103.412826039896;((((_a2_ + pow2((x + _a1_))) ** (_a7_ * _a7_)) * x) / _a1_);{'d0': {'_a1_': 0.31104845825410177, '_a2_': 0.47789378671344596, '_a7_': 1.037442199440453, '_a0_': 1.0, '_a3_': 1.0, '_a4_': 1.0, '_a5_': 1.0, '_a6_': 1.0}};{'d0': 0.02435758416952422};-281.905392284744;37.539870102476506
26368;-103.412826039896;((((_a2_ + pow2((x + _a1_))) ** (_a7_ * _a7_)) * x) / _a1_);{'d0': {'_a1_': 0.31104845825410177, '_a2_': 0.47789378671344596, '_a7_': 1.037442199440453, '_a0_': 1.0, '_a3_': 1.0, '_a4_': 1.0, '_a5_': 1.0, '_a6_': 1.0}};{'d0': 0.02435758416952422};-281.905392284744;37.539870102476506
26369;-103.412826039896;((((_a2_ + pow2((x + _a1_))) ** (_a7_ * _a7_)) * x) / _a1_);{'d0': {'_a1_': 0.31104845825410177, '_a2_': 0.47789378671344596, '_a7_': 1.037442199440453, '_a0_': 1.0, '_a3_': 1.0, '_a4_': 1.0, '_a5_': 1.0, '_a6_': 1.0}};{'d0': 0.02435758416952422};-281.905392284744;37.539870102476506
26370;-103.412826039896;((((_a2_ + pow2((x + _a1_))) ** (_a7_ * _a7_)) * x) / _a1_);{'d0': {'_a1_': 0.31104845825410177, '_a2_': 0.47789378671344596, '_a7_': 1.037442199440453, '_a0_': 1.0, '_a3_': 1.0, '_a4_': 1.0, '_a5_': 1.0, '_a6_': 1.0}};{'d0': 0.02435758416952422};-281.905392284744;37.539870102476506
26371;-103.412826039896;((((_a2_ + pow2((x + _a1_))) ** (_a7_ * _a7_)) * x) / _a1_);{'d0': {'_a1_': 0.31104845825410177, '_a2_': 0.47789378671344596, '_a7_': 1.037442199440453, '_a0_': 1.0, '_a3_': 1.0, '_a4_': 1.0, '_a5_': 1.0, '_a6_': 1.0}};{'d0': 0.02435758416952422};-281.905392284744;37.539870102476506
26372;-103.412826039896;((((_a2_ + pow2((x + _a1_))) ** (_a7_ * _a7_)) * x) / _a1_);{'d0': {'_a1_': 0.31104845825410177, '_a2_': 0.47789378671344596, '_a7_': 1.037442199440453, '_a0_': 1.0, '_a3_': 1.0, '_a4_': 1.0, '_a5_': 1.0, '_a6_': 1.0}};{'d0': 0.02435758416952422};-281.905392284744;37.539870102476506
26373;-102.851383258049;((((_a2_ + pow2((x + _a1_))) ** exp(_a0_)) * x) / _a1_);{'d0': {'_a0_': 0.07351652242274241, '_a1_': 0.3110484580529169, '_a2_': 0.4778937865019088, '_a3_': 1.0, '_a4_': 1.0, '_a5_': 1.0, '_a6_': 1.0, '_a7_': 1.0}};{'d0': 0.024357584169524337};-281.905392284744;38.101312884323505
26374;-102.851383258049;((((_a2_ + pow2((x + _a1_))) ** exp(_a0_)) * x) / _a1_);{'d0': {'_a0_': 0.07351652242274241, '_a1_': 0.3110484580529169, '_a2_': 0.4778937865019088, '_a3_': 1.0, '_a4_': 1.0, '_a5_': 1.0, '_a6_': 1.0, '_a7_': 1.0}};{'d0': 0.024357584169524337};-281.905392284744;38.101312884323505
26375;-102.851383258049;((((_a2_ + pow2((x + _a1_))) ** exp(_a0_)) * x) / _a1_);{'d0': {'_a0_': 0.07351652242274241, '_a1_': 0.3110484580529169, '_a2_': 0.4778937865019088, '_a3_': 1.0, '_a4_': 1.0, '_a5_': 1.0, '_a6_': 1.0, '_a7_': 1.0}};{'d0': 0.024357584169524337};-281.905392284744;38.101312884323505
26376;-102.296850343679;((((_a2_ + pow2((x + _a1_))) ** (_a1_ + _a0_)) * x) / _a1_);{'d0': {'_a0_': 0.7652378583455626, '_a1_': 0.31104845826831823, '_a2_': 0.47789378665055676, '_a3_': 1.0, '_a4_': 1.0, '_a5_': 1.0, '_a6_': 1.0, '_a7_': 1.0}};{'d0': 0.02435758416952419};-281.905392284745;38.655845798693505
26377;-102.296850343679;((((_a2_ + pow2((x + _a1_))) ** (_a1_ + _a0_)) * x) / _a1_);{'d0': {'_a0_': 0.7652378583455626, '_a1_': 0.31104845826831823, '_a2_': 0.47789378665055676, '_a3_': 1.0, '_a4_': 1.0, '_a5_': 1.0, '_a6_': 1.0, '_a7_': 1.0}};{'d0': 0.02435758416952419};-281.905392284745;38.655845798693505
26378;-102.296850343679;((((_a2_ + pow2((x + _a1_))) ** (_a1_ + _a0_)) * x) / _a1_);{'d0': {'_a0_': 0.7652378583455626, '_a1_': 0.31104845826831823, '_a2_': 0.47789378665055676, '_a3_': 1.0, '_a4_': 1.0, '_a5_': 1.0, '_a6_': 1.0, '_a7_': 1.0}};{'d0': 0.02435758416952419};-281.905392284745;38.655845798693505
26379;-102.296850343679;((((_a2_ + pow2((x + _a1_))) ** (_a1_ + _a0_)) * x) / _a1_);{'d0': {'_a0_': 0.7652378583455626, '_a1_': 0.31104845826831823, '_a2_': 0.47789378665055676, '_a3_': 1.0, '_a4_': 1.0, '_a5_': 1.0, '_a6_': 1.0, '_a7_': 1.0}};{'d0': 0.02435758416952419};-281.905392284745;38.655845798693505
26380;-102.296850343679;((((_a2_ + pow2((x + _a1_))) ** (_a1_ + _a0_)) * x) / _a1_);{'d0': {'_a0_': 0.7652378583455626, '_a1_': 0.31104845826831823, '_a2_': 0.47789378665055676, '_a3_': 1.0, '_a4_': 1.0, '_a5_': 1.0, '_a6_': 1.0, '_a7_': 1.0}};{'d0': 0.02435758416952419};-281.905392284745;38.655845798693505
26381;-102.296850343679;((((_a2_ + pow2((x + _a1_))) ** (_a1_ + _a0_)) * x) / _a1_);{'d0': {'_a0_': 0.7652378583455626, '_a1_': 0.31104845826831823, '_a2_': 0.47789378665055676, '_a3_': 1.0, '_a4_': 1.0, '_a5_': 1.0, '_a6_': 1.0, '_a7_': 1.0}};{'d0': 0.02435758416952419};-281.905392284745;38.655845798693505
26382;-102.296850343679;((((_a2_ + pow2((x + _a1_))) ** (_a1_ + _a0_)) * x) / _a1_);{'d0': {'_a0_': 0.7652378583455626, '_a1_': 0.31104845826831823, '_a2_': 0.47789378665055676, '_a3_': 1.0, '_a4_': 1.0, '_a5_': 1.0, '_a6_': 1.0, '_a7_': 1.0}};{'d0': 0.02435758416952419};-281.905392284745;38.655845798693505
26383;-102.296850343679;((((_a2_ + pow2((x + _a1_))) ** (_a1_ + _a0_)) * x) / _a1_);{'d0': {'_a0_': 0.7652378583455626, '_a1_': 0.31104845826831823, '_a2_': 0.47789378665055676, '_a3_': 1.0, '_a4_': 1.0, '_a5_': 1.0, '_a6_': 1.0, '_a7_': 1.0}};{'d0': 0.02435758416952419};-281.905392284745;38.655845798693505
26384;-102.296850343679;((((_a2_ + pow2((x + _a1_))) ** (_a1_ + _a0_)) * x) / _a1_);{'d0': {'_a0_': 0.7652378583455626, '_a1_': 0.31104845826831823, '_a2_': 0.47789378665055676, '_a3_': 1.0, '_a4_': 1.0, '_a5_': 1.0, '_a6_': 1.0, '_a7_': 1.0}};{'d0': 0.02435758416952419};-281.905392284745;38.655845798693505
26385;-63.2268459257386;(((pow2(((pow2(_a5_) * _a4_) + ((_a6_ * ((x + (_a5_ * _a4_)) * _a3_)) / _a5_))) * _a5_) + -((_a4_ * _a7_))) * -(x));{'d0': {'_a3_': 0.028566245561266274, '_a4_': 0.046418199504932776, '_a5_': -3.1928560421188923, '_a6_': -114.94409341302561, '_a7_': 31.16397821054063, '_a0_': 1.0, '_a1_': 1.0, '_a2_': 1.0}};{'d0': 0.02490583292035327};-272.381177322343;72.9637427354329
26386;-63.2268459257386;(((pow2(((pow2(_a5_) * _a4_) + ((_a6_ * ((x + (_a5_ * _a4_)) * _a3_)) / _a5_))) * _a5_) + -((_a4_ * _a7_))) * -(x));{'d0': {'_a3_': 0.028566245561266274, '_a4_': 0.046418199504932776, '_a5_': -3.1928560421188923, '_a6_': -114.94409341302561, '_a7_': 31.16397821054063, '_a0_': 1.0, '_a1_': 1.0, '_a2_': 1.0}};{'d0': 0.02490583292035327};-272.381177322343;72.9637427354329
26387;-63.2268459257386;(((pow2(((pow2(_a5_) * _a4_) + ((_a6_ * ((x + (_a5_ * _a4_)) * _a3_)) / _a5_))) * _a5_) + -((_a4_ * _a7_))) * -(x));{'d0': {'_a3_': 0.028566245561266274, '_a4_': 0.046418199504932776, '_a5_': -3.1928560421188923, '_a6_': -114.94409341302561, '_a7_': 31.16397821054063, '_a0_': 1.0, '_a1_': 1.0, '_a2_': 1.0}};{'d0': 0.02490583292035327};-272.381177322343;72.9637427354329
26388;-63.2268459257386;(((pow2(((pow2(_a5_) * _a4_) + ((_a6_ * ((x + (_a5_ * _a4_)) * _a3_)) / _a5_))) * _a5_) + -((_a4_ * _a7_))) * -(x));{'d0': {'_a3_': 0.028566245561266274, '_a4_': 0.046418199504932776, '_a5_': -3.1928560421188923, '_a6_': -114.94409341302561, '_a7_': 31.16397821054063, '_a0_': 1.0, '_a1_': 1.0, '_a2_': 1.0}};{'d0': 0.02490583292035327};-272.381177322343;72.9637427354329
26389;-63.2268459257386;(((pow2(((pow2(_a5_) * _a4_) + ((_a6_ * ((x + (_a5_ * _a4_)) * _a3_)) / _a5_))) * _a5_) + -((_a4_ * _a7_))) * -(x));{'d0': {'_a3_': 0.028566245561266274, '_a4_': 0.046418199504932776, '_a5_': -3.1928560421188923, '_a6_': -114.94409341302561, '_a7_': 31.16397821054063, '_a0_': 1.0, '_a1_': 1.0, '_a2_': 1.0}};{'d0': 0.02490583292035327};-272.381177322343;72.9637427354329
26390;-63.2268459257386;(((pow2(((pow2(_a5_) * _a4_) + ((_a6_ * ((x + (_a5_ * _a4_)) * _a3_)) / _a5_))) * _a5_) + -((_a4_ * _a7_))) * -(x));{'d0': {'_a3_': 0.028566245561266274, '_a4_': 0.046418199504932776, '_a5_': -3.1928560421188923, '_a6_': -114.94409341302561, '_a7_': 31.16397821054063, '_a0_': 1.0, '_a1_': 1.0, '_a2_': 1.0}};{'d0': 0.02490583292035327};-272.381177322343;72.9637427354329
26391;-63.2268459257386;(((pow2(((pow2(_a5_) * _a4_) + ((_a6_ * ((x + (_a5_ * _a4_)) * _a3_)) / _a5_))) * _a5_) + -((_a4_ * _a7_))) * -(x));{'d0': {'_a3_': 0.028566245561266274, '_a4_': 0.046418199504932776, '_a5_': -3.1928560421188923, '_a6_': -114.94409341302561, '_a7_': 31.16397821054063, '_a0_': 1.0, '_a1_': 1.0, '_a2_': 1.0}};{'d0': 0.02490583292035327};-272.381177322343;72.9637427354329
26392;-63.2268459265851;(((pow2(((pow2(_a5_) * _a4_) + ((_a6_ * ((x + (_a4_ * _a4_)) * _a3_)) / _a5_))) * _a5_) + -((_a4_ * _a7_))) * -(x));{'d0': {'_a3_': 0.03205451215498556, '_a4_': 0.038660008435956905, '_a5_': -2.9348344379667703, '_a6_': -98.20933752527795, '_a7_': 37.41789021200908, '_a0_': 1.0, '_a1_': 1.0, '_a2_': 1.0}};{'d0': 0.02490583291965047};-272.381177324036;72.9637427354329
26393;-55.9409045742634;(((pow2(((pow2(_a5_) * _a4_) + ((_a6_ * ((x + (_a4_ * _a4_)) * _a3_)) / _a5_))) * _a5_) + -(((_a0_ * _a0_) * _a7_))) * -(x));{'d0': {'_a0_': 0.6796220003720016, '_a3_': 0.03164330907868119, '_a4_': 0.0488480746003373, '_a5_': -2.669622156388881, '_a6_': -94.88403139436639, '_a7_': 3.1318894508863773, '_a1_': 1.0, '_a2_': 1.0}};{'d0': 0.02490583292003709};-268.286832760883;78.20251180617791
26394;-55.9409045742634;(((pow2(((pow2(_a5_) * _a4_) + ((_a6_ * ((x + (_a4_ * _a4_)) * _a3_)) / _a5_))) * _a5_) + -(((_a0_ * _a0_) * _a7_))) * -(x));{'d0': {'_a0_': 0.6796220003720016, '_a3_': 0.03164330907868119, '_a4_': 0.0488480746003373, '_a5_': -2.669622156388881, '_a6_': -94.88403139436639, '_a7_': 3.1318894508863773, '_a1_': 1.0, '_a2_': 1.0}};{'d0': 0.02490583292003709};-268.286832760883;78.20251180617791
26395;-55.9409045742634;(((pow2(((pow2(_a5_) * _a4_) + ((_a6_ * ((x + (_a4_ * _a4_)) * _a3_)) / _a5_))) * _a5_) + -(((_a0_ * _a0_) * _a7_))) * -(x));{'d0': {'_a0_': 0.6796220003720016, '_a3_': 0.03164330907868119, '_a4_': 0.0488480746003373, '_a5_': -2.669622156388881, '_a6_': -94.88403139436639, '_a7_': 3.1318894508863773, '_a1_': 1.0, '_a2_': 1.0}};{'d0': 0.02490583292003709};-268.286832760883;78.20251180617791
26396;-55.9409045742634;(((pow2(((pow2(_a5_) * _a4_) + ((_a6_ * ((x + (_a4_ * _a4_)) * _a3_)) / _a5_))) * _a5_) + -(((_a0_ * _a0_) * _a7_))) * -(x));{'d0': {'_a0_': 0.6796220003720016, '_a3_': 0.03164330907868119, '_a4_': 0.0488480746003373, '_a5_': -2.669622156388881, '_a6_': -94.88403139436639, '_a7_': 3.1318894508863773, '_a1_': 1.0, '_a2_': 1.0}};{'d0': 0.02490583292003709};-268.286832760883;78.20251180617791
26397;-55.3424508371173;(((pow2(((pow2(_a5_) * _a4_) + ((_a6_ * ((x + (_a4_ / _a4_)) * _a3_)) / _a5_))) * _a5_) + -(((_a0_ * _a0_) * _a7_))) * -(x));{'d0': {'_a0_': 0.6627046431109805, '_a3_': 0.033213748038284856, '_a4_': -0.07078243117723906, '_a5_': -3.1679840696314123, '_a6_': -98.47449415105525, '_a7_': 3.293830320129137, '_a1_': 1.0, '_a2_': 1.0}};{'d0': 0.024905832919824487};-268.286832761395;78.8009655435801
26398;-55.3424508371173;(((pow2(((pow2(_a5_) * _a4_) + ((_a6_ * ((x + (_a4_ / _a4_)) * _a3_)) / _a5_))) * _a5_) + -(((_a0_ * _a0_) * _a7_))) * -(x));{'d0': {'_a0_': 0.6627046431109805, '_a3_': 0.033213748038284856, '_a4_': -0.07078243117723906, '_a5_': -3.1679840696314123, '_a6_': -98.47449415105525, '_a7_': 3.293830320129137, '_a1_': 1.0, '_a2_': 1.0}};{'d0': 0.024905832919824487};-268.286832761395;78.8009655435801
26399;-61.1796735357083;(((pow2(((pow2(_a5_) * _a4_) + ((_a6_ * ((x + _a6_) * _a3_)) / _a5_))) * _a5_) + -(((_a0_ * _a0_) * _a7_))) * -(x));{'d0': {'_a0_': -8.000183609697256, '_a3_': 0.03946554565157324, '_a4_': 4.0466308572292355, '_a5_': -4.60543980161556, '_a6_': -99.92349035192441, '_a7_': 0.022601707083776155, '_a1_': 1.0, '_a2_': 1.0}};{'d0': 0.024905833010777388};-268.286832542282;72.9637427354329
26400;-61.1796735357083;(((pow2(((pow2(_a5_) * _a4_) + ((_a6_ * ((x + _a6_) * _a3_)) / _a5_))) * _a5_) + -(((_a0_ * _a0_) * _a7_))) * -(x));{'d0': {'_a0_': -8.000183609697256, '_a3_': 0.03946554565157324, '_a4_': 4.0466308572292355, '_a5_': -4.60543980161556, '_a6_': -99.92349035192441, '_a7_': 0.022601707083776155, '_a1_': 1.0, '_a2_': 1.0}};{'d0': 0.024905833010777388};-268.286832542282;72.9637427354329
26401;-61.1796735357083;(((pow2(((pow2(_a5_) * _a4_) + ((_a6_ * ((x + _a6_) * _a3_)) / _a5_))) * _a5_) + -(((_a0_ * _a0_) * _a7_))) * -(x));{'d0': {'_a0_': -8.000183609697256, '_a3_': 0.03946554565157324, '_a4_': 4.0466308572292355, '_a5_': -4.60543980161556, '_a6_': -99.92349035192441, '_a7_': 0.022601707083776155, '_a1_': 1.0, '_a2_': 1.0}};{'d0': 0.024905833010777388};-268.286832542282;72.9637427354329
26402;-61.1796735357083;(((pow2(((pow2(_a5_) * _a4_) + ((_a6_ * ((x + _a6_) * _a3_)) / _a5_))) * _a5_) + -(((_a0_ * _a0_) * _a7_))) * -(x));{'d0': {'_a0_': -8.000183609697256, '_a3_': 0.03946554565157324, '_a4_': 4.0466308572292355, '_a5_': -4.60543980161556, '_a6_': -99.92349035192441, '_a7_': 0.022601707083776155, '_a1_': 1.0, '_a2_': 1.0}};{'d0': 0.024905833010777388};-268.286832542282;72.9637427354329
26403;-61.1796735357083;(((pow2(((pow2(_a5_) * _a4_) + ((_a6_ * ((x + _a6_) * _a3_)) / _a5_))) * _a5_) + -(((_a0_ * _a0_) * _a7_))) * -(x));{'d0': {'_a0_': -8.000183609697256, '_a3_': 0.03946554565157324, '_a4_': 4.0466308572292355, '_a5_': -4.60543980161556, '_a6_': -99.92349035192441, '_a7_': 0.022601707083776155, '_a1_': 1.0, '_a2_': 1.0}};{'d0': 0.024905833010777388};-268.286832542282;72.9637427354329
26404;-61.1796735357083;(((pow2(((pow2(_a5_) * _a4_) + ((_a6_ * ((x + _a6_) * _a3_)) / _a5_))) * _a5_) + -(((_a0_ * _a0_) * _a7_))) * -(x));{'d0': {'_a0_': -8.000183609697256, '_a3_': 0.03946554565157324, '_a4_': 4.0466308572292355, '_a5_': -4.60543980161556, '_a6_': -99.92349035192441, '_a7_': 0.022601707083776155, '_a1_': 1.0, '_a2_': 1.0}};{'d0': 0.024905833010777388};-268.286832542282;72.9637427354329
26405;-61.1796735357083;(((pow2(((pow2(_a5_) * _a4_) + ((_a6_ * ((x + _a6_) * _a3_)) / _a5_))) * _a5_) + -(((_a0_ * _a0_) * _a7_))) * -(x));{'d0': {'_a0_': -8.000183609697256, '_a3_': 0.03946554565157324, '_a4_': 4.0466308572292355, '_a5_': -4.60543980161556, '_a6_': -99.92349035192441, '_a7_': 0.022601707083776155, '_a1_': 1.0, '_a2_': 1.0}};{'d0': 0.024905833010777388};-268.286832542282;72.9637427354329
26406;-96.9078403138982;((((_a2_ + pow2((x + _a1_))) / ((_a1_ * _a0_) ** _a0_)) * x) / _a1_);{'d0': {'_a0_': 0.008807611981742168, '_a1_': 0.31192970736244113, '_a2_': 0.42839163023375365, '_a3_': 1.0, '_a4_': 1.0, '_a5_': 1.0, '_a6_': 1.0, '_a7_': 1.0}};{'d0': 0.024905832919416802};-280.569866449043;43.37709291062371
26407;-96.9078403138982;((((_a2_ + pow2((x + _a1_))) / ((_a1_ * _a0_) ** _a0_)) * x) / _a1_);{'d0': {'_a0_': 0.008807611981742168, '_a1_': 0.31192970736244113, '_a2_': 0.42839163023375365, '_a3_': 1.0, '_a4_': 1.0, '_a5_': 1.0, '_a6_': 1.0, '_a7_': 1.0}};{'d0': 0.024905832919416802};-280.569866449043;43.37709291062371
26408;-96.9078403138982;((((_a2_ + pow2((x + _a1_))) / ((_a1_ * _a0_) ** _a0_)) * x) / _a1_);{'d0': {'_a0_': 0.008807611981742168, '_a1_': 0.31192970736244113, '_a2_': 0.42839163023375365, '_a3_': 1.0, '_a4_': 1.0, '_a5_': 1.0, '_a6_': 1.0, '_a7_': 1.0}};{'d0': 0.024905832919416802};-280.569866449043;43.37709291062371
26409;-96.9078403138982;((((_a2_ + pow2((x + _a1_))) / ((_a1_ * _a0_) ** _a0_)) * x) / _a1_);{'d0': {'_a0_': 0.008807611981742168, '_a1_': 0.31192970736244113, '_a2_': 0.42839163023375365, '_a3_': 1.0, '_a4_': 1.0, '_a5_': 1.0, '_a6_': 1.0, '_a7_': 1.0}};{'d0': 0.024905832919416802};-280.569866449043;43.37709291062371
26410;-96.9078403138982;((((_a2_ + pow2((x + _a1_))) / ((_a1_ * _a0_) ** _a0_)) * x) / _a1_);{'d0': {'_a0_': 0.008807611981742168, '_a1_': 0.31192970736244113, '_a2_': 0.42839163023375365, '_a3_': 1.0, '_a4_': 1.0, '_a5_': 1.0, '_a6_': 1.0, '_a7_': 1.0}};{'d0': 0.024905832919416802};-280.569866449043;43.37709291062371
26411;-95.0489173206112;((((_a2_ + pow2((x + _a1_))) / ((_a1_ ** _a0_) ** _a0_)) * x) / _a1_);{'d0': {'_a0_': 0.2111495818857763, '_a1_': 0.3119297083133567, '_a2_': 0.4283916258570503, '_a3_': 1.0, '_a4_': 1.0, '_a5_': 1.0, '_a6_': 1.0, '_a7_': 1.0}};{'d0': 0.024905832919416806};-280.569866449043;45.23601590391071
26412;-95.0489173206112;((((_a2_ + pow2((x + _a1_))) / ((_a1_ ** _a0_) ** _a0_)) * x) / _a1_);{'d0': {'_a0_': 0.2111495818857763, '_a1_': 0.3119297083133567, '_a2_': 0.4283916258570503, '_a3_': 1.0, '_a4_': 1.0, '_a5_': 1.0, '_a6_': 1.0, '_a7_': 1.0}};{'d0': 0.024905832919416806};-280.569866449043;45.23601590391071
26413;-99.6652933853769;((((_a2_ + pow2((x + _a1_))) / (_a4_ ** _a0_)) * x) / _a1_);{'d0': {'_a0_': 0.1814744702288485, '_a1_': 0.31192970786338126, '_a2_': 0.4283916270081643, '_a4_': 0.7511062528358194, '_a3_': 1.0, '_a5_': 1.0, '_a6_': 1.0, '_a7_': 1.0}};{'d0': 0.024905832919602088};-276.475521886375;38.57246755781071
26414;-101.712465666711;((((_a0_ + pow2((x + _a1_))) / (_a4_ ** _a0_)) * x) / _a1_);{'d0': {'_a0_': 0.4283916262471979, '_a1_': 0.3119297079551326, '_a4_': 0.8858186074982723, '_a2_': 1.0, '_a3_': 1.0, '_a5_': 1.0, '_a6_': 1.0, '_a7_': 1.0}};{'d0': 0.024905832919416688};-280.569866449043;38.57246755781071
26415;-101.712465666711;((((_a0_ + pow2((x + _a1_))) / (_a4_ ** _a4_)) * x) / _a1_);{'d0': {'_a0_': 0.42839162824012084, '_a1_': 0.31192970785065627, '_a4_': 0.9466091241439266, '_a2_': 1.0, '_a3_': 1.0, '_a5_': 1.0, '_a6_': 1.0, '_a7_': 1.0}};{'d0': 0.024905832919416653};-280.569866449044;38.57246755781071
26416;-101.712465666711;((((_a0_ + pow2((x + _a1_))) / (_a4_ ** _a4_)) * x) / _a1_);{'d0': {'_a0_': 0.42839162824012084, '_a1_': 0.31192970785065627, '_a4_': 0.9466091241439266, '_a2_': 1.0, '_a3_': 1.0, '_a5_': 1.0, '_a6_': 1.0, '_a7_': 1.0}};{'d0': 0.024905832919416653};-280.569866449044;38.57246755781071
26417;-108.376014012811;((((_a0_ + pow2((x + _a1_))) / _a7_) * x) / _a1_);{'d0': {'_a0_': 0.4283916277160164, '_a1_': 0.3119297078265669, '_a7_': 0.9493862857422974, '_a2_': 1.0, '_a3_': 1.0, '_a4_': 1.0, '_a5_': 1.0, '_a6_': 1.0}};{'d0': 0.024905832919416653};-280.569866449044;31.90891921171071
26418;-108.376014012811;((((_a0_ + pow2((x + _a1_))) / _a7_) * x) / _a1_);{'d0': {'_a0_': 0.4283916277160164, '_a1_': 0.3119297078265669, '_a7_': 0.9493862857422974, '_a2_': 1.0, '_a3_': 1.0, '_a4_': 1.0, '_a5_': 1.0, '_a6_': 1.0}};{'d0': 0.024905832919416653};-280.569866449044;31.90891921171071
26419;-108.376014012811;((((_a0_ + pow2((x + _a1_))) / _a7_) * x) / _a1_);{'d0': {'_a0_': 0.4283916277160164, '_a1_': 0.3119297078265669, '_a7_': 0.9493862857422974, '_a2_': 1.0, '_a3_': 1.0, '_a4_': 1.0, '_a5_': 1.0, '_a6_': 1.0}};{'d0': 0.024905832919416653};-280.569866449044;31.90891921171071
26420;-108.376014012811;((((_a0_ + pow2((x + _a1_))) / _a7_) * x) / _a1_);{'d0': {'_a0_': 0.4283916277160164, '_a1_': 0.3119297078265669, '_a7_': 0.9493862857422974, '_a2_': 1.0, '_a3_': 1.0, '_a4_': 1.0, '_a5_': 1.0, '_a6_': 1.0}};{'d0': 0.024905832919416653};-280.569866449044;31.90891921171071
26421;-75.4141752050488;(((pow2(((pow2(_a5_) * _a4_) + ((_a6_ * ((x + _a6_) * _a3_)) + _a5_))) * _a5_) + -(_a3_)) * -(x));{'d0': {'_a3_': 1.4465760890952364, '_a4_': -1.894825673147941, '_a5_': -1.0017123647476232, '_a6_': -1.2692212999759593, '_a0_': 1.0, '_a1_': 1.0, '_a2_': 1.0, '_a7_': 1.0}};{'d0': 0.024905832921762315};-276.475521881171;62.8235857355365
26422;-75.4141752050488;(((pow2(((pow2(_a5_) * _a4_) + ((_a6_ * ((x + _a6_) * _a3_)) + _a5_))) * _a5_) + -(_a3_)) * -(x));{'d0': {'_a3_': 1.4465760890952364, '_a4_': -1.894825673147941, '_a5_': -1.0017123647476232, '_a6_': -1.2692212999759593, '_a0_': 1.0, '_a1_': 1.0, '_a2_': 1.0, '_a7_': 1.0}};{'d0': 0.024905832921762315};-276.475521881171;62.8235857355365
26423;-81.3347762295600;(((pow2(((pow2(_a5_) * _a4_) + ((_a6_ * (x * _a3_)) + _a5_))) * _a5_) + -(_a3_)) * -(x));{'d0': {'_a3_': 1.4465760892312112, '_a4_': 2.522257515507001, '_a5_': -0.7478587297004013, '_a6_': 1.4689230657105676, '_a0_': 1.0, '_a1_': 1.0, '_a2_': 1.0, '_a7_': 1.0}};{'d0': 0.024905832942117654};-276.475521832133;56.9029846865065
26424;-81.3347762295600;(((pow2(((pow2(_a5_) * _a4_) + ((_a6_ * (x * _a3_)) + _a5_))) * _a5_) + -(_a3_)) * -(x));{'d0': {'_a3_': 1.4465760892312112, '_a4_': 2.522257515507001, '_a5_': -0.7478587297004013, '_a6_': 1.4689230657105676, '_a0_': 1.0, '_a1_': 1.0, '_a2_': 1.0, '_a7_': 1.0}};{'d0': 0.024905832942117654};-276.475521832133;56.9029846865065
26425;-108.376014012811;((((_a0_ + pow2((x + _a1_))) / _a7_) * x) / _a1_);{'d0': {'_a0_': 0.4283916277160164, '_a1_': 0.3119297078265669, '_a7_': 0.9493862857422974, '_a2_': 1.0, '_a3_': 1.0, '_a4_': 1.0, '_a5_': 1.0, '_a6_': 1.0}};{'d0': 0.024905832919416653};-280.569866449044;31.90891921171071
26426;-108.376014012811;((((_a0_ + pow2((x + _a1_))) / _a7_) * x) / _a1_);{'d0': {'_a0_': 0.4283916277160164, '_a1_': 0.3119297078265669, '_a7_': 0.9493862857422974, '_a2_': 1.0, '_a3_': 1.0, '_a4_': 1.0, '_a5_': 1.0, '_a6_': 1.0}};{'d0': 0.024905832919416653};-280.569866449044;31.90891921171071
26427;-108.376014012811;((((_a0_ + pow2((x + _a1_))) / _a7_) * x) / _a1_);{'d0': {'_a0_': 0.4283916277160164, '_a1_': 0.3119297078265669, '_a7_': 0.9493862857422974, '_a2_': 1.0, '_a3_': 1.0, '_a4_': 1.0, '_a5_': 1.0, '_a6_': 1.0}};{'d0': 0.024905832919416653};-280.569866449044;31.90891921171071
26428;-108.376014012811;((((_a0_ + pow2((x + _a1_))) / _a7_) * x) / _a1_);{'d0': {'_a0_': 0.4283916277160164, '_a1_': 0.3119297078265669, '_a7_': 0.9493862857422974, '_a2_': 1.0, '_a3_': 1.0, '_a4_': 1.0, '_a5_': 1.0, '_a6_': 1.0}};{'d0': 0.024905832919416653};-280.569866449044;31.90891921171071
26429;-108.376014012811;((((_a0_ + pow2((x + _a1_))) / _a7_) * x) / _a1_);{'d0': {'_a0_': 0.4283916277160164, '_a1_': 0.3119297078265669, '_a7_': 0.9493862857422974, '_a2_': 1.0, '_a3_': 1.0, '_a4_': 1.0, '_a5_': 1.0, '_a6_': 1.0}};{'d0': 0.024905832919416653};-280.569866449044;31.90891921171071
26430;-108.376014012811;((((_a0_ + pow2((x + _a1_))) / _a7_) * x) / _a1_);{'d0': {'_a0_': 0.4283916277160164, '_a1_': 0.3119297078265669, '_a7_': 0.9493862857422974, '_a2_': 1.0, '_a3_': 1.0, '_a4_': 1.0, '_a5_': 1.0, '_a6_': 1.0}};{'d0': 0.024905832919416653};-280.569866449044;31.90891921171071
26431;-108.376014012811;((((_a0_ + pow2((x + _a1_))) / _a7_) * x) / _a1_);{'d0': {'_a0_': 0.4283916277160164, '_a1_': 0.3119297078265669, '_a7_': 0.9493862857422974, '_a2_': 1.0, '_a3_': 1.0, '_a4_': 1.0, '_a5_': 1.0, '_a6_': 1.0}};{'d0': 0.024905832919416653};-280.569866449044;31.90891921171071
26432;-108.376014012811;((((_a0_ + pow2((x + _a1_))) / _a7_) * x) / _a1_);{'d0': {'_a0_': 0.4283916277160164, '_a1_': 0.3119297078265669, '_a7_': 0.9493862857422974, '_a2_': 1.0, '_a3_': 1.0, '_a4_': 1.0, '_a5_': 1.0, '_a6_': 1.0}};{'d0': 0.024905832919416653};-280.569866449044;31.90891921171071
26433;-108.376014012811;((((_a0_ + pow2((x + _a1_))) / _a7_) * x) / _a1_);{'d0': {'_a0_': 0.4283916277160164, '_a1_': 0.3119297078265669, '_a7_': 0.9493862857422974, '_a2_': 1.0, '_a3_': 1.0, '_a4_': 1.0, '_a5_': 1.0, '_a6_': 1.0}};{'d0': 0.024905832919416653};-280.569866449044;31.90891921171071
26434;-108.376014012811;((((_a0_ + pow2((x + _a1_))) / _a7_) * x) / _a1_);{'d0': {'_a0_': 0.4283916277160164, '_a1_': 0.3119297078265669, '_a7_': 0.9493862857422974, '_a2_': 1.0, '_a3_': 1.0, '_a4_': 1.0, '_a5_': 1.0, '_a6_': 1.0}};{'d0': 0.024905832919416653};-280.569866449044;31.90891921171071
26435;-108.376014012811;((((_a0_ + pow2((x + _a1_))) / _a7_) * x) / _a1_);{'d0': {'_a0_': 0.4283916277160164, '_a1_': 0.3119297078265669, '_a7_': 0.9493862857422974, '_a2_': 1.0, '_a3_': 1.0, '_a4_': 1.0, '_a5_': 1.0, '_a6_': 1.0}};{'d0': 0.024905832919416653};-280.569866449044;31.90891921171071
26436;-108.376014012811;((((_a0_ + pow2((x + _a1_))) / _a7_) * x) / _a1_);{'d0': {'_a0_': 0.4283916277160164, '_a1_': 0.3119297078265669, '_a7_': 0.9493862857422974, '_a2_': 1.0, '_a3_': 1.0, '_a4_': 1.0, '_a5_': 1.0, '_a6_': 1.0}};{'d0': 0.024905832919416653};-280.569866449044;31.90891921171071
26437;-108.376014012811;((((_a0_ + pow2((x + _a1_))) / _a7_) * x) / _a1_);{'d0': {'_a0_': 0.4283916277160164, '_a1_': 0.3119297078265669, '_a7_': 0.9493862857422974, '_a2_': 1.0, '_a3_': 1.0, '_a4_': 1.0, '_a5_': 1.0, '_a6_': 1.0}};{'d0': 0.024905832919416653};-280.569866449044;31.90891921171071
26438;-108.376014012811;((((_a0_ + pow2((x + _a1_))) / _a7_) * x) / _a1_);{'d0': {'_a0_': 0.4283916277160164, '_a1_': 0.3119297078265669, '_a7_': 0.9493862857422974, '_a2_': 1.0, '_a3_': 1.0, '_a4_': 1.0, '_a5_': 1.0, '_a6_': 1.0}};{'d0': 0.024905832919416653};-280.569866449044;31.90891921171071
26439;-108.376014012811;((((_a0_ + pow2((x + _a1_))) / _a7_) * x) / _a1_);{'d0': {'_a0_': 0.4283916277160164, '_a1_': 0.3119297078265669, '_a7_': 0.9493862857422974, '_a2_': 1.0, '_a3_': 1.0, '_a4_': 1.0, '_a5_': 1.0, '_a6_': 1.0}};{'d0': 0.024905832919416653};-280.569866449044;31.90891921171071
26440;-108.376014012811;((((_a0_ + pow2((x + _a1_))) / _a7_) * x) / _a1_);{'d0': {'_a0_': 0.4283916277160164, '_a1_': 0.3119297078265669, '_a7_': 0.9493862857422974, '_a2_': 1.0, '_a3_': 1.0, '_a4_': 1.0, '_a5_': 1.0, '_a6_': 1.0}};{'d0': 0.024905832919416653};-280.569866449044;31.90891921171071
26441;-108.376014012811;((((_a0_ + pow2((x + _a1_))) / _a7_) * x) / _a1_);{'d0': {'_a0_': 0.4283916277160164, '_a1_': 0.3119297078265669, '_a7_': 0.9493862857422974, '_a2_': 1.0, '_a3_': 1.0, '_a4_': 1.0, '_a5_': 1.0, '_a6_': 1.0}};{'d0': 0.024905832919416653};-280.569866449044;31.90891921171071
26442;-108.376014012811;((((_a0_ + pow2((x + _a1_))) / _a7_) * x) / _a1_);{'d0': {'_a0_': 0.4283916277160164, '_a1_': 0.3119297078265669, '_a7_': 0.9493862857422974, '_a2_': 1.0, '_a3_': 1.0, '_a4_': 1.0, '_a5_': 1.0, '_a6_': 1.0}};{'d0': 0.024905832919416653};-280.569866449044;31.90891921171071
26443;-108.376014012811;((((_a0_ + pow2((x + _a1_))) / _a7_) * x) / _a1_);{'d0': {'_a0_': 0.4283916277160164, '_a1_': 0.3119297078265669, '_a7_': 0.9493862857422974, '_a2_': 1.0, '_a3_': 1.0, '_a4_': 1.0, '_a5_': 1.0, '_a6_': 1.0}};{'d0': 0.024905832919416653};-280.569866449044;31.90891921171071
26444;-108.376014012811;((((_a0_ + pow2((x + _a1_))) / _a7_) * x) / _a1_);{'d0': {'_a0_': 0.4283916277160164, '_a1_': 0.3119297078265669, '_a7_': 0.9493862857422974, '_a2_': 1.0, '_a3_': 1.0, '_a4_': 1.0, '_a5_': 1.0, '_a6_': 1.0}};{'d0': 0.024905832919416653};-280.569866449044;31.90891921171071
26445;-108.376014012811;((((_a0_ + pow2((x + _a1_))) / _a7_) * x) / _a1_);{'d0': {'_a0_': 0.4283916277160164, '_a1_': 0.3119297078265669, '_a7_': 0.9493862857422974, '_a2_': 1.0, '_a3_': 1.0, '_a4_': 1.0, '_a5_': 1.0, '_a6_': 1.0}};{'d0': 0.024905832919416653};-280.569866449044;31.90891921171071
26446;-108.376014012811;((((_a0_ + pow2((x + _a1_))) / _a7_) * x) / _a1_);{'d0': {'_a0_': 0.4283916277160164, '_a1_': 0.3119297078265669, '_a7_': 0.9493862857422974, '_a2_': 1.0, '_a3_': 1.0, '_a4_': 1.0, '_a5_': 1.0, '_a6_': 1.0}};{'d0': 0.024905832919416653};-280.569866449044;31.90891921171071
26447;-108.376014012811;((((_a0_ + pow2((x + _a1_))) / _a7_) * x) / _a1_);{'d0': {'_a0_': 0.4283916277160164, '_a1_': 0.3119297078265669, '_a7_': 0.9493862857422974, '_a2_': 1.0, '_a3_': 1.0, '_a4_': 1.0, '_a5_': 1.0, '_a6_': 1.0}};{'d0': 0.024905832919416653};-280.569866449044;31.90891921171071
26448;-108.376014012811;((((_a0_ + pow2((x + _a1_))) / _a7_) * x) / _a1_);{'d0': {'_a0_': 0.4283916277160164, '_a1_': 0.3119297078265669, '_a7_': 0.9493862857422974, '_a2_': 1.0, '_a3_': 1.0, '_a4_': 1.0, '_a5_': 1.0, '_a6_': 1.0}};{'d0': 0.024905832919416653};-280.569866449044;31.90891921171071
26449;-108.376014012811;((((_a0_ + pow2((x + _a1_))) / _a7_) * x) / _a1_);{'d0': {'_a0_': 0.4283916277160164, '_a1_': 0.3119297078265669, '_a7_': 0.9493862857422974, '_a2_': 1.0, '_a3_': 1.0, '_a4_': 1.0, '_a5_': 1.0, '_a6_': 1.0}};{'d0': 0.024905832919416653};-280.569866449044;31.90891921171071
26450;-108.376014012811;((((_a0_ + pow2((x + _a1_))) / _a7_) * x) / _a1_);{'d0': {'_a0_': 0.4283916277160164, '_a1_': 0.3119297078265669, '_a7_': 0.9493862857422974, '_a2_': 1.0, '_a3_': 1.0, '_a4_': 1.0, '_a5_': 1.0, '_a6_': 1.0}};{'d0': 0.024905832919416653};-280.569866449044;31.90891921171071
26451;-108.376014012811;((((_a0_ + pow2((x + _a1_))) / _a7_) * x) / _a1_);{'d0': {'_a0_': 0.4283916277160164, '_a1_': 0.3119297078265669, '_a7_': 0.9493862857422974, '_a2_': 1.0, '_a3_': 1.0, '_a4_': 1.0, '_a5_': 1.0, '_a6_': 1.0}};{'d0': 0.024905832919416653};-280.569866449044;31.90891921171071
26452;-108.376014012811;((((_a0_ + pow2((x + _a1_))) / _a7_) * x) / _a1_);{'d0': {'_a0_': 0.4283916277160164, '_a1_': 0.3119297078265669, '_a7_': 0.9493862857422974, '_a2_': 1.0, '_a3_': 1.0, '_a4_': 1.0, '_a5_': 1.0, '_a6_': 1.0}};{'d0': 0.024905832919416653};-280.569866449044;31.90891921171071
26453;-108.376014012811;((((_a0_ + pow2((x + _a1_))) / _a7_) * x) / _a1_);{'d0': {'_a0_': 0.4283916277160164, '_a1_': 0.3119297078265669, '_a7_': 0.9493862857422974, '_a2_': 1.0, '_a3_': 1.0, '_a4_': 1.0, '_a5_': 1.0, '_a6_': 1.0}};{'d0': 0.024905832919416653};-280.569866449044;31.90891921171071
26454;-108.376014012811;((((_a0_ + pow2((x + _a1_))) / _a7_) * x) / _a1_);{'d0': {'_a0_': 0.4283916277160164, '_a1_': 0.3119297078265669, '_a7_': 0.9493862857422974, '_a2_': 1.0, '_a3_': 1.0, '_a4_': 1.0, '_a5_': 1.0, '_a6_': 1.0}};{'d0': 0.024905832919416653};-280.569866449044;31.90891921171071
26455;-108.376014012811;((((_a0_ + pow2((x + _a1_))) / _a7_) * x) / _a1_);{'d0': {'_a0_': 0.4283916277160164, '_a1_': 0.3119297078265669, '_a7_': 0.9493862857422974, '_a2_': 1.0, '_a3_': 1.0, '_a4_': 1.0, '_a5_': 1.0, '_a6_': 1.0}};{'d0': 0.024905832919416653};-280.569866449044;31.90891921171071
26456;-108.376014012811;((((_a0_ + pow2((x + _a1_))) / _a7_) * x) / _a1_);{'d0': {'_a0_': 0.4283916277160164, '_a1_': 0.3119297078265669, '_a7_': 0.9493862857422974, '_a2_': 1.0, '_a3_': 1.0, '_a4_': 1.0, '_a5_': 1.0, '_a6_': 1.0}};{'d0': 0.024905832919416653};-280.569866449044;31.90891921171071
26457;-108.376014012811;((((_a0_ + pow2((x + _a1_))) / _a7_) * x) / _a1_);{'d0': {'_a0_': 0.4283916277160164, '_a1_': 0.3119297078265669, '_a7_': 0.9493862857422974, '_a2_': 1.0, '_a3_': 1.0, '_a4_': 1.0, '_a5_': 1.0, '_a6_': 1.0}};{'d0': 0.024905832919416653};-280.569866449044;31.90891921171071
26458;-108.376014012811;((((_a0_ + pow2((x + _a1_))) / _a7_) * x) / _a1_);{'d0': {'_a0_': 0.4283916277160164, '_a1_': 0.3119297078265669, '_a7_': 0.9493862857422974, '_a2_': 1.0, '_a3_': 1.0, '_a4_': 1.0, '_a5_': 1.0, '_a6_': 1.0}};{'d0': 0.024905832919416653};-280.569866449044;31.90891921171071
26459;-108.376014012811;((((_a0_ + pow2((x + _a1_))) / _a7_) * x) / _a1_);{'d0': {'_a0_': 0.4283916277160164, '_a1_': 0.3119297078265669, '_a7_': 0.9493862857422974, '_a2_': 1.0, '_a3_': 1.0, '_a4_': 1.0, '_a5_': 1.0, '_a6_': 1.0}};{'d0': 0.024905832919416653};-280.569866449044;31.90891921171071
26460;-108.376014012811;((((_a0_ + pow2((x + _a1_))) / _a7_) * x) / _a1_);{'d0': {'_a0_': 0.4283916277160164, '_a1_': 0.3119297078265669, '_a7_': 0.9493862857422974, '_a2_': 1.0, '_a3_': 1.0, '_a4_': 1.0, '_a5_': 1.0, '_a6_': 1.0}};{'d0': 0.024905832919416653};-280.569866449044;31.90891921171071
26461;-108.376014012811;((((_a0_ + pow2((x + _a1_))) / _a7_) * x) / _a1_);{'d0': {'_a0_': 0.4283916277160164, '_a1_': 0.3119297078265669, '_a7_': 0.9493862857422974, '_a2_': 1.0, '_a3_': 1.0, '_a4_': 1.0, '_a5_': 1.0, '_a6_': 1.0}};{'d0': 0.024905832919416653};-280.569866449044;31.90891921171071
26462;-108.376014012811;((((_a0_ + pow2((x + _a1_))) / _a7_) * x) / _a1_);{'d0': {'_a0_': 0.4283916277160164, '_a1_': 0.3119297078265669, '_a7_': 0.9493862857422974, '_a2_': 1.0, '_a3_': 1.0, '_a4_': 1.0, '_a5_': 1.0, '_a6_': 1.0}};{'d0': 0.024905832919416653};-280.569866449044;31.90891921171071
26463;-108.376014012811;((((_a0_ + pow2((x + _a1_))) / _a7_) * x) / _a1_);{'d0': {'_a0_': 0.4283916277160164, '_a1_': 0.3119297078265669, '_a7_': 0.9493862857422974, '_a2_': 1.0, '_a3_': 1.0, '_a4_': 1.0, '_a5_': 1.0, '_a6_': 1.0}};{'d0': 0.024905832919416653};-280.569866449044;31.90891921171071
26464;-108.376014012811;((((_a0_ + pow2((x + _a1_))) / _a7_) * x) / _a1_);{'d0': {'_a0_': 0.4283916277160164, '_a1_': 0.3119297078265669, '_a7_': 0.9493862857422974, '_a2_': 1.0, '_a3_': 1.0, '_a4_': 1.0, '_a5_': 1.0, '_a6_': 1.0}};{'d0': 0.024905832919416653};-280.569866449044;31.90891921171071
26465;-108.376014012811;((((_a0_ + pow2((x + _a1_))) / _a7_) * x) / _a1_);{'d0': {'_a0_': 0.4283916277160164, '_a1_': 0.3119297078265669, '_a7_': 0.9493862857422974, '_a2_': 1.0, '_a3_': 1.0, '_a4_': 1.0, '_a5_': 1.0, '_a6_': 1.0}};{'d0': 0.024905832919416653};-280.569866449044;31.90891921171071
26466;-108.376014012811;((((_a0_ + pow2((x + _a1_))) / _a7_) * x) / _a1_);{'d0': {'_a0_': 0.4283916277160164, '_a1_': 0.3119297078265669, '_a7_': 0.9493862857422974, '_a2_': 1.0, '_a3_': 1.0, '_a4_': 1.0, '_a5_': 1.0, '_a6_': 1.0}};{'d0': 0.024905832919416653};-280.569866449044;31.90891921171071
26467;-108.376014012811;((((_a0_ + pow2((x + _a1_))) / _a7_) * x) / _a1_);{'d0': {'_a0_': 0.4283916277160164, '_a1_': 0.3119297078265669, '_a7_': 0.9493862857422974, '_a2_': 1.0, '_a3_': 1.0, '_a4_': 1.0, '_a5_': 1.0, '_a6_': 1.0}};{'d0': 0.024905832919416653};-280.569866449044;31.90891921171071
26468;-108.376014012811;((((_a0_ + pow2((x + _a1_))) / _a7_) * x) / _a1_);{'d0': {'_a0_': 0.4283916277160164, '_a1_': 0.3119297078265669, '_a7_': 0.9493862857422974, '_a2_': 1.0, '_a3_': 1.0, '_a4_': 1.0, '_a5_': 1.0, '_a6_': 1.0}};{'d0': 0.024905832919416653};-280.569866449044;31.90891921171071
26469;-108.376014012811;((((_a0_ + pow2((x + _a1_))) / _a7_) * x) / _a1_);{'d0': {'_a0_': 0.4283916277160164, '_a1_': 0.3119297078265669, '_a7_': 0.9493862857422974, '_a2_': 1.0, '_a3_': 1.0, '_a4_': 1.0, '_a5_': 1.0, '_a6_': 1.0}};{'d0': 0.024905832919416653};-280.569866449044;31.90891921171071
26470;-108.376014012811;((((_a0_ + pow2((x + _a1_))) / _a7_) * x) / _a1_);{'d0': {'_a0_': 0.4283916277160164, '_a1_': 0.3119297078265669, '_a7_': 0.9493862857422974, '_a2_': 1.0, '_a3_': 1.0, '_a4_': 1.0, '_a5_': 1.0, '_a6_': 1.0}};{'d0': 0.024905832919416653};-280.569866449044;31.90891921171071
26471;-102.769391008473;(((sqrt(_a4_) + (x * (_a6_ + x))) + _a4_) * (_a0_ * x));{'d0': {'_a0_': 3.3767608801018887, '_a4_': 0.14495811547594212, '_a6_': 0.6238594154200128, '_a1_': 1.0, '_a2_': 1.0, '_a3_': 1.0, '_a5_': 1.0, '_a7_': 1.0}};{'d0': 0.02490583291941658};-280.569866449044;37.515542216049106
26472;-102.188652969963;((((_a6_ + _a6_) + (x * (_a6_ + x))) + _a4_) * (_a0_ * x));{'d0': {'_a0_': 3.3767608783018543, '_a4_': -0.7220270606934278, '_a6_': 0.6238594155318019, '_a1_': 1.0, '_a2_': 1.0, '_a3_': 1.0, '_a5_': 1.0, '_a7_': 1.0}};{'d0': 0.02490583291941668};-280.569866449043;38.096280254559105
26473;-102.188652969963;((((_a6_ + _a6_) + (x * (_a6_ + x))) + _a4_) * (_a0_ * x));{'d0': {'_a0_': 3.3767608783018543, '_a4_': -0.7220270606934278, '_a6_': 0.6238594155318019, '_a1_': 1.0, '_a2_': 1.0, '_a3_': 1.0, '_a5_': 1.0, '_a7_': 1.0}};{'d0': 0.02490583291941668};-280.569866449043;38.096280254559105
26474;-102.188652969963;((((_a6_ + _a6_) + (x * (_a6_ + x))) + _a4_) * (_a0_ * x));{'d0': {'_a0_': 3.3767608783018543, '_a4_': -0.7220270606934278, '_a6_': 0.6238594155318019, '_a1_': 1.0, '_a2_': 1.0, '_a3_': 1.0, '_a5_': 1.0, '_a7_': 1.0}};{'d0': 0.02490583291941668};-280.569866449043;38.096280254559105
26475;-108.376014012811;((((_a0_ + pow2((x + _a1_))) / _a7_) * x) / _a1_);{'d0': {'_a0_': 0.4283916277160164, '_a1_': 0.3119297078265669, '_a7_': 0.9493862857422974, '_a2_': 1.0, '_a3_': 1.0, '_a4_': 1.0, '_a5_': 1.0, '_a6_': 1.0}};{'d0': 0.024905832919416653};-280.569866449044;31.90891921171071
26476;-108.376014012811;((((_a0_ + pow2((x + _a1_))) / _a7_) * x) / _a1_);{'d0': {'_a0_': 0.4283916277160164, '_a1_': 0.3119297078265669, '_a7_': 0.9493862857422974, '_a2_': 1.0, '_a3_': 1.0, '_a4_': 1.0, '_a5_': 1.0, '_a6_': 1.0}};{'d0': 0.024905832919416653};-280.569866449044;31.90891921171071
26477;-108.376014012811;((((_a0_ + pow2((x + _a1_))) / _a7_) * x) / _a1_);{'d0': {'_a0_': 0.4283916277160164, '_a1_': 0.3119297078265669, '_a7_': 0.9493862857422974, '_a2_': 1.0, '_a3_': 1.0, '_a4_': 1.0, '_a5_': 1.0, '_a6_': 1.0}};{'d0': 0.024905832919416653};-280.569866449044;31.90891921171071
26478;-108.376014012811;((((_a0_ + pow2((x + _a1_))) / _a7_) * x) / _a1_);{'d0': {'_a0_': 0.4283916277160164, '_a1_': 0.3119297078265669, '_a7_': 0.9493862857422974, '_a2_': 1.0, '_a3_': 1.0, '_a4_': 1.0, '_a5_': 1.0, '_a6_': 1.0}};{'d0': 0.024905832919416653};-280.569866449044;31.90891921171071
26479;-108.376014012811;((((_a0_ + pow2((x + _a1_))) / _a7_) * x) / _a1_);{'d0': {'_a0_': 0.4283916277160164, '_a1_': 0.3119297078265669, '_a7_': 0.9493862857422974, '_a2_': 1.0, '_a3_': 1.0, '_a4_': 1.0, '_a5_': 1.0, '_a6_': 1.0}};{'d0': 0.024905832919416653};-280.569866449044;31.90891921171071
26480;-108.376014012811;((((_a0_ + pow2((x + _a1_))) / _a7_) * x) / _a1_);{'d0': {'_a0_': 0.4283916277160164, '_a1_': 0.3119297078265669, '_a7_': 0.9493862857422974, '_a2_': 1.0, '_a3_': 1.0, '_a4_': 1.0, '_a5_': 1.0, '_a6_': 1.0}};{'d0': 0.024905832919416653};-280.569866449044;31.90891921171071
26481;-108.376014012811;((((_a0_ + pow2((x + _a1_))) / _a7_) * x) / _a1_);{'d0': {'_a0_': 0.4283916277160164, '_a1_': 0.3119297078265669, '_a7_': 0.9493862857422974, '_a2_': 1.0, '_a3_': 1.0, '_a4_': 1.0, '_a5_': 1.0, '_a6_': 1.0}};{'d0': 0.024905832919416653};-280.569866449044;31.90891921171071
26482;-108.376014012811;((((_a0_ + pow2((x + _a1_))) / _a7_) * x) / _a1_);{'d0': {'_a0_': 0.4283916277160164, '_a1_': 0.3119297078265669, '_a7_': 0.9493862857422974, '_a2_': 1.0, '_a3_': 1.0, '_a4_': 1.0, '_a5_': 1.0, '_a6_': 1.0}};{'d0': 0.024905832919416653};-280.569866449044;31.90891921171071
26483;-108.376014012811;((((_a0_ + pow2((x + _a1_))) / _a7_) * x) / _a1_);{'d0': {'_a0_': 0.4283916277160164, '_a1_': 0.3119297078265669, '_a7_': 0.9493862857422974, '_a2_': 1.0, '_a3_': 1.0, '_a4_': 1.0, '_a5_': 1.0, '_a6_': 1.0}};{'d0': 0.024905832919416653};-280.569866449044;31.90891921171071
26484;-99.6149237551714;((((sinh(_a4_) + pow2((x + _a1_))) / _a7_) * x) / _a1_);{'d0': {'_a1_': 0.3119297079231587, '_a4_': 0.4162655066083789, '_a7_': 0.949386285576407, '_a0_': 1.0, '_a2_': 1.0, '_a3_': 1.0, '_a5_': 1.0, '_a6_': 1.0}};{'d0': 0.02490583291941661};-280.569866449044;40.67000946935071
26485;-102.455412963781;(((((_a4_ + _a1_) + pow2((x + _a1_))) / _a7_) * x) / _a1_);{'d0': {'_a1_': 0.3119297077110242, '_a4_': 0.11646192272294355, '_a7_': 0.9493862897563842, '_a0_': 1.0, '_a2_': 1.0, '_a3_': 1.0, '_a5_': 1.0, '_a6_': 1.0}};{'d0': 0.02490583291941665};-280.569866449044;37.82952026074071
26486;-102.455412963781;(((((_a4_ + _a1_) + pow2((x + _a1_))) / _a7_) * x) / _a1_);{'d0': {'_a1_': 0.3119297077110242, '_a4_': 0.11646192272294355, '_a7_': 0.9493862897563842, '_a0_': 1.0, '_a2_': 1.0, '_a3_': 1.0, '_a5_': 1.0, '_a6_': 1.0}};{'d0': 0.02490583291941665};-280.569866449044;37.82952026074071
26487;-102.455412963781;(((((_a4_ + _a1_) + pow2((x + _a1_))) / _a7_) * x) / _a1_);{'d0': {'_a1_': 0.3119297077110242, '_a4_': 0.11646192272294355, '_a7_': 0.9493862897563842, '_a0_': 1.0, '_a2_': 1.0, '_a3_': 1.0, '_a5_': 1.0, '_a6_': 1.0}};{'d0': 0.02490583291941665};-280.569866449044;37.82952026074071
26488;-102.455412963781;(((((_a4_ + _a1_) + pow2((x + _a1_))) / _a7_) * x) / _a1_);{'d0': {'_a1_': 0.3119297077110242, '_a4_': 0.11646192272294355, '_a7_': 0.9493862897563842, '_a0_': 1.0, '_a2_': 1.0, '_a3_': 1.0, '_a5_': 1.0, '_a6_': 1.0}};{'d0': 0.02490583291941665};-280.569866449044;37.82952026074071
26489;-102.455412963781;(((((_a4_ + _a1_) + pow2((x + _a1_))) / _a7_) * x) / _a1_);{'d0': {'_a1_': 0.3119297077110242, '_a4_': 0.11646192272294355, '_a7_': 0.9493862897563842, '_a0_': 1.0, '_a2_': 1.0, '_a3_': 1.0, '_a5_': 1.0, '_a6_': 1.0}};{'d0': 0.02490583291941665};-280.569866449044;37.82952026074071
26490;-102.455412963781;(((((_a4_ + _a1_) + pow2((x + _a1_))) / _a7_) * x) / _a1_);{'d0': {'_a1_': 0.3119297077110242, '_a4_': 0.11646192272294355, '_a7_': 0.9493862897563842, '_a0_': 1.0, '_a2_': 1.0, '_a3_': 1.0, '_a5_': 1.0, '_a6_': 1.0}};{'d0': 0.02490583291941665};-280.569866449044;37.82952026074071
26491;-102.455412963781;(((((_a4_ + _a1_) + pow2((x + _a1_))) / _a7_) * x) / _a1_);{'d0': {'_a1_': 0.3119297077110242, '_a4_': 0.11646192272294355, '_a7_': 0.9493862897563842, '_a0_': 1.0, '_a2_': 1.0, '_a3_': 1.0, '_a5_': 1.0, '_a6_': 1.0}};{'d0': 0.02490583291941665};-280.569866449044;37.82952026074071
26492;-102.188652969963;((((_a6_ + x) + (x * (_a6_ + x))) + _a4_) * (_a0_ * x));{'d0': {'_a0_': 3.3767608794143515, '_a4_': 0.9018323548042985, '_a6_': -0.376140585044369, '_a1_': 1.0, '_a2_': 1.0, '_a3_': 1.0, '_a5_': 1.0, '_a7_': 1.0}};{'d0': 0.024905832919416688};-280.569866449043;38.096280254559105
26493;-102.188652969963;((((_a6_ + x) + (x * (_a6_ + x))) + _a4_) * (_a0_ * x));{'d0': {'_a0_': 3.3767608794143515, '_a4_': 0.9018323548042985, '_a6_': -0.376140585044369, '_a1_': 1.0, '_a2_': 1.0, '_a3_': 1.0, '_a5_': 1.0, '_a7_': 1.0}};{'d0': 0.024905832919416688};-280.569866449043;38.096280254559105
26494;-102.188652969963;((((_a6_ + x) + (x * (_a6_ + x))) + _a4_) * (_a0_ * x));{'d0': {'_a0_': 3.3767608794143515, '_a4_': 0.9018323548042985, '_a6_': -0.376140585044369, '_a1_': 1.0, '_a2_': 1.0, '_a3_': 1.0, '_a5_': 1.0, '_a7_': 1.0}};{'d0': 0.024905832919416688};-280.569866449043;38.096280254559105
26495;-102.455412963781;(((((_a4_ + _a1_) + pow2((x + _a4_))) / _a7_) * x) / _a1_);{'d0': {'_a1_': 0.11646191979564696, '_a4_': 0.31192970773026335, '_a7_': 2.542820753723933, '_a0_': 1.0, '_a2_': 1.0, '_a3_': 1.0, '_a5_': 1.0, '_a6_': 1.0}};{'d0': 0.02490583291941668};-280.569866449043;37.82952026074071
26496;-102.455412963781;(((((_a4_ + _a1_) + pow2((x + _a4_))) / _a7_) * x) / _a1_);{'d0': {'_a1_': 0.11646191979564696, '_a4_': 0.31192970773026335, '_a7_': 2.542820753723933, '_a0_': 1.0, '_a2_': 1.0, '_a3_': 1.0, '_a5_': 1.0, '_a6_': 1.0}};{'d0': 0.02490583291941668};-280.569866449043;37.82952026074071
26497;-102.188652969963;((((_a6_ + x) + (x * (_a6_ + x))) + _a4_) * (_a0_ * x));{'d0': {'_a0_': 3.3767608794143515, '_a4_': 0.9018323548042985, '_a6_': -0.376140585044369, '_a1_': 1.0, '_a2_': 1.0, '_a3_': 1.0, '_a5_': 1.0, '_a7_': 1.0}};{'d0': 0.024905832919416688};-280.569866449043;38.096280254559105
26498;-102.188652969963;((((_a6_ + x) + (x * (_a6_ + x))) + _a4_) * (_a0_ * x));{'d0': {'_a0_': 3.3767608794143515, '_a4_': 0.9018323548042985, '_a6_': -0.376140585044369, '_a1_': 1.0, '_a2_': 1.0, '_a3_': 1.0, '_a5_': 1.0, '_a7_': 1.0}};{'d0': 0.024905832919416688};-280.569866449043;38.096280254559105
26499;-102.188652969963;((((_a6_ + x) + (x * (_a6_ + x))) + _a4_) * (_a0_ * x));{'d0': {'_a0_': 3.3767608794143515, '_a4_': 0.9018323548042985, '_a6_': -0.376140585044369, '_a1_': 1.0, '_a2_': 1.0, '_a3_': 1.0, '_a5_': 1.0, '_a7_': 1.0}};{'d0': 0.024905832919416688};-280.569866449043;38.096280254559105
26500;-102.188652969963;((((_a6_ + x) + (x * (_a6_ + x))) + _a4_) * (_a0_ * x));{'d0': {'_a0_': 3.3767608794143515, '_a4_': 0.9018323548042985, '_a6_': -0.376140585044369, '_a1_': 1.0, '_a2_': 1.0, '_a3_': 1.0, '_a5_': 1.0, '_a7_': 1.0}};{'d0': 0.024905832919416688};-280.569866449043;38.096280254559105
26501;-102.188652969963;((((_a6_ + x) + (x * (_a6_ + x))) + _a4_) * (_a0_ * x));{'d0': {'_a0_': 3.3767608794143515, '_a4_': 0.9018323548042985, '_a6_': -0.376140585044369, '_a1_': 1.0, '_a2_': 1.0, '_a3_': 1.0, '_a5_': 1.0, '_a7_': 1.0}};{'d0': 0.024905832919416688};-280.569866449043;38.096280254559105
26502;-102.188652969963;((((_a6_ + x) + (x * (_a6_ + x))) + _a4_) * (_a0_ * x));{'d0': {'_a0_': 3.3767608794143515, '_a4_': 0.9018323548042985, '_a6_': -0.376140585044369, '_a1_': 1.0, '_a2_': 1.0, '_a3_': 1.0, '_a5_': 1.0, '_a7_': 1.0}};{'d0': 0.024905832919416688};-280.569866449043;38.096280254559105
26503;-102.188652969963;((((_a6_ + x) + (x * (_a6_ + x))) + _a4_) * (_a0_ * x));{'d0': {'_a0_': 3.3767608794143515, '_a4_': 0.9018323548042985, '_a6_': -0.376140585044369, '_a1_': 1.0, '_a2_': 1.0, '_a3_': 1.0, '_a5_': 1.0, '_a7_': 1.0}};{'d0': 0.024905832919416688};-280.569866449043;38.096280254559105
26504;-102.188652969963;((((_a6_ + x) + (x * (_a6_ + x))) + _a4_) * (_a0_ * x));{'d0': {'_a0_': 3.3767608794143515, '_a4_': 0.9018323548042985, '_a6_': -0.376140585044369, '_a1_': 1.0, '_a2_': 1.0, '_a3_': 1.0, '_a5_': 1.0, '_a7_': 1.0}};{'d0': 0.024905832919416688};-280.569866449043;38.096280254559105
26505;-102.188652969963;((((_a6_ + x) + (x * (_a6_ + x))) + _a4_) * (_a0_ * x));{'d0': {'_a0_': 3.3767608794143515, '_a4_': 0.9018323548042985, '_a6_': -0.376140585044369, '_a1_': 1.0, '_a2_': 1.0, '_a3_': 1.0, '_a5_': 1.0, '_a7_': 1.0}};{'d0': 0.024905832919416688};-280.569866449043;38.096280254559105
26506;-102.188652969963;((((_a6_ + x) + (x * (_a6_ + x))) + _a4_) * (_a0_ * x));{'d0': {'_a0_': 3.3767608794143515, '_a4_': 0.9018323548042985, '_a6_': -0.376140585044369, '_a1_': 1.0, '_a2_': 1.0, '_a3_': 1.0, '_a5_': 1.0, '_a7_': 1.0}};{'d0': 0.024905832919416688};-280.569866449043;38.096280254559105
26507;-102.188652969963;((((_a6_ + x) + (x * (_a6_ + x))) + _a4_) * (_a0_ * x));{'d0': {'_a0_': 3.3767608794143515, '_a4_': 0.9018323548042985, '_a6_': -0.376140585044369, '_a1_': 1.0, '_a2_': 1.0, '_a3_': 1.0, '_a5_': 1.0, '_a7_': 1.0}};{'d0': 0.024905832919416688};-280.569866449043;38.096280254559105
26508;-102.188652969963;((((_a6_ + x) + (x * (_a6_ + x))) + _a4_) * (_a0_ * x));{'d0': {'_a0_': 3.3767608794143515, '_a4_': 0.9018323548042985, '_a6_': -0.376140585044369, '_a1_': 1.0, '_a2_': 1.0, '_a3_': 1.0, '_a5_': 1.0, '_a7_': 1.0}};{'d0': 0.024905832919416688};-280.569866449043;38.096280254559105
26509;-102.188652969963;((((_a6_ + x) + (x * (_a6_ + x))) + _a4_) * (_a0_ * x));{'d0': {'_a0_': 3.3767608794143515, '_a4_': 0.9018323548042985, '_a6_': -0.376140585044369, '_a1_': 1.0, '_a2_': 1.0, '_a3_': 1.0, '_a5_': 1.0, '_a7_': 1.0}};{'d0': 0.024905832919416688};-280.569866449043;38.096280254559105
26510;-102.188652969963;((((_a6_ + x) + (x * (_a6_ + x))) + _a4_) * (_a0_ * x));{'d0': {'_a0_': 3.3767608794143515, '_a4_': 0.9018323548042985, '_a6_': -0.376140585044369, '_a1_': 1.0, '_a2_': 1.0, '_a3_': 1.0, '_a5_': 1.0, '_a7_': 1.0}};{'d0': 0.024905832919416688};-280.569866449043;38.096280254559105
26511;-102.188652969963;((((_a6_ + x) + (x * (_a6_ + x))) + _a4_) * (_a0_ * x));{'d0': {'_a0_': 3.3767608794143515, '_a4_': 0.9018323548042985, '_a6_': -0.376140585044369, '_a1_': 1.0, '_a2_': 1.0, '_a3_': 1.0, '_a5_': 1.0, '_a7_': 1.0}};{'d0': 0.024905832919416688};-280.569866449043;38.096280254559105
26512;-102.188652969963;((((_a6_ + x) + (x * (_a6_ + x))) + _a4_) * (_a0_ * x));{'d0': {'_a0_': 3.3767608794143515, '_a4_': 0.9018323548042985, '_a6_': -0.376140585044369, '_a1_': 1.0, '_a2_': 1.0, '_a3_': 1.0, '_a5_': 1.0, '_a7_': 1.0}};{'d0': 0.024905832919416688};-280.569866449043;38.096280254559105
26513;-102.188652969963;((((_a6_ + x) + (x * (_a6_ + x))) + _a4_) * (_a0_ * x));{'d0': {'_a0_': 3.3767608794143515, '_a4_': 0.9018323548042985, '_a6_': -0.376140585044369, '_a1_': 1.0, '_a2_': 1.0, '_a3_': 1.0, '_a5_': 1.0, '_a7_': 1.0}};{'d0': 0.024905832919416688};-280.569866449043;38.096280254559105
26514;-102.188652969963;((((_a6_ + x) + (x * (_a6_ + x))) + _a4_) * (_a0_ * x));{'d0': {'_a0_': 3.3767608794143515, '_a4_': 0.9018323548042985, '_a6_': -0.376140585044369, '_a1_': 1.0, '_a2_': 1.0, '_a3_': 1.0, '_a5_': 1.0, '_a7_': 1.0}};{'d0': 0.024905832919416688};-280.569866449043;38.096280254559105
26515;-102.188652969963;((((_a6_ + x) + (x * (_a6_ + x))) + _a4_) * (_a0_ * x));{'d0': {'_a0_': 3.3767608794143515, '_a4_': 0.9018323548042985, '_a6_': -0.376140585044369, '_a1_': 1.0, '_a2_': 1.0, '_a3_': 1.0, '_a5_': 1.0, '_a7_': 1.0}};{'d0': 0.024905832919416688};-280.569866449043;38.096280254559105
26516;-102.188652969963;((((_a6_ + x) + (x * (_a6_ + x))) + _a4_) * (_a0_ * x));{'d0': {'_a0_': 3.3767608794143515, '_a4_': 0.9018323548042985, '_a6_': -0.376140585044369, '_a1_': 1.0, '_a2_': 1.0, '_a3_': 1.0, '_a5_': 1.0, '_a7_': 1.0}};{'d0': 0.024905832919416688};-280.569866449043;38.096280254559105
26517;-102.188652969963;((((_a6_ + x) + (x * (_a6_ + x))) + _a4_) * (_a0_ * x));{'d0': {'_a0_': 3.3767608794143515, '_a4_': 0.9018323548042985, '_a6_': -0.376140585044369, '_a1_': 1.0, '_a2_': 1.0, '_a3_': 1.0, '_a5_': 1.0, '_a7_': 1.0}};{'d0': 0.024905832919416688};-280.569866449043;38.096280254559105
26518;-102.188652969963;((((_a6_ + x) + (x * (_a6_ + x))) + _a4_) * (_a0_ * x));{'d0': {'_a0_': 3.3767608794143515, '_a4_': 0.9018323548042985, '_a6_': -0.376140585044369, '_a1_': 1.0, '_a2_': 1.0, '_a3_': 1.0, '_a5_': 1.0, '_a7_': 1.0}};{'d0': 0.024905832919416688};-280.569866449043;38.096280254559105
26519;-102.188652969963;((((_a6_ + x) + (x * (_a6_ + x))) + _a4_) * (_a0_ * x));{'d0': {'_a0_': 3.3767608794143515, '_a4_': 0.9018323548042985, '_a6_': -0.376140585044369, '_a1_': 1.0, '_a2_': 1.0, '_a3_': 1.0, '_a5_': 1.0, '_a7_': 1.0}};{'d0': 0.024905832919416688};-280.569866449043;38.096280254559105
26520;-102.188652969963;((((_a6_ + x) + (x * (_a6_ + x))) + _a4_) * (_a0_ * x));{'d0': {'_a0_': 3.3767608794143515, '_a4_': 0.9018323548042985, '_a6_': -0.376140585044369, '_a1_': 1.0, '_a2_': 1.0, '_a3_': 1.0, '_a5_': 1.0, '_a7_': 1.0}};{'d0': 0.024905832919416688};-280.569866449043;38.096280254559105
26521;-102.188652969963;((((_a6_ + x) + (x * (_a6_ + x))) + _a4_) * (_a0_ * x));{'d0': {'_a0_': 3.3767608794143515, '_a4_': 0.9018323548042985, '_a6_': -0.376140585044369, '_a1_': 1.0, '_a2_': 1.0, '_a3_': 1.0, '_a5_': 1.0, '_a7_': 1.0}};{'d0': 0.024905832919416688};-280.569866449043;38.096280254559105
26522;-102.188652969963;((((_a6_ + x) + (x * (_a6_ + x))) + _a4_) * (_a0_ * x));{'d0': {'_a0_': 3.3767608794143515, '_a4_': 0.9018323548042985, '_a6_': -0.376140585044369, '_a1_': 1.0, '_a2_': 1.0, '_a3_': 1.0, '_a5_': 1.0, '_a7_': 1.0}};{'d0': 0.024905832919416688};-280.569866449043;38.096280254559105
26523;-102.188652969963;((((_a6_ + x) + (x * (_a6_ + x))) + _a4_) * (_a0_ * x));{'d0': {'_a0_': 3.3767608794143515, '_a4_': 0.9018323548042985, '_a6_': -0.376140585044369, '_a1_': 1.0, '_a2_': 1.0, '_a3_': 1.0, '_a5_': 1.0, '_a7_': 1.0}};{'d0': 0.024905832919416688};-280.569866449043;38.096280254559105
26524;-102.188652969963;((((_a6_ + x) + (x * (_a6_ + x))) + _a4_) * (_a0_ * x));{'d0': {'_a0_': 3.3767608794143515, '_a4_': 0.9018323548042985, '_a6_': -0.376140585044369, '_a1_': 1.0, '_a2_': 1.0, '_a3_': 1.0, '_a5_': 1.0, '_a7_': 1.0}};{'d0': 0.024905832919416688};-280.569866449043;38.096280254559105
26525;-102.188652969963;((((_a6_ + x) + (x * (_a6_ + x))) + _a4_) * (_a0_ * x));{'d0': {'_a0_': 3.3767608794143515, '_a4_': 0.9018323548042985, '_a6_': -0.376140585044369, '_a1_': 1.0, '_a2_': 1.0, '_a3_': 1.0, '_a5_': 1.0, '_a7_': 1.0}};{'d0': 0.024905832919416688};-280.569866449043;38.096280254559105
26526;-102.188652969963;((((_a6_ + x) + (x * (_a6_ + x))) + _a4_) * (_a0_ * x));{'d0': {'_a0_': 3.3767608794143515, '_a4_': 0.9018323548042985, '_a6_': -0.376140585044369, '_a1_': 1.0, '_a2_': 1.0, '_a3_': 1.0, '_a5_': 1.0, '_a7_': 1.0}};{'d0': 0.024905832919416688};-280.569866449043;38.096280254559105
26527;-102.188652969963;((((_a6_ + x) + (x * (_a6_ + x))) + _a4_) * (_a0_ * x));{'d0': {'_a0_': 3.3767608794143515, '_a4_': 0.9018323548042985, '_a6_': -0.376140585044369, '_a1_': 1.0, '_a2_': 1.0, '_a3_': 1.0, '_a5_': 1.0, '_a7_': 1.0}};{'d0': 0.024905832919416688};-280.569866449043;38.096280254559105
26528;-102.188652969963;((((_a6_ + x) + (x * (_a6_ + x))) + _a4_) * (_a0_ * x));{'d0': {'_a0_': 3.3767608794143515, '_a4_': 0.9018323548042985, '_a6_': -0.376140585044369, '_a1_': 1.0, '_a2_': 1.0, '_a3_': 1.0, '_a5_': 1.0, '_a7_': 1.0}};{'d0': 0.024905832919416688};-280.569866449043;38.096280254559105
26529;-102.188652969963;((((_a6_ + x) + (x * (_a6_ + x))) + _a4_) * (_a0_ * x));{'d0': {'_a0_': 3.3767608794143515, '_a4_': 0.9018323548042985, '_a6_': -0.376140585044369, '_a1_': 1.0, '_a2_': 1.0, '_a3_': 1.0, '_a5_': 1.0, '_a7_': 1.0}};{'d0': 0.024905832919416688};-280.569866449043;38.096280254559105
26530;-102.188652969963;((((_a6_ + x) + (x * (_a6_ + x))) + _a4_) * (_a0_ * x));{'d0': {'_a0_': 3.3767608794143515, '_a4_': 0.9018323548042985, '_a6_': -0.376140585044369, '_a1_': 1.0, '_a2_': 1.0, '_a3_': 1.0, '_a5_': 1.0, '_a7_': 1.0}};{'d0': 0.024905832919416688};-280.569866449043;38.096280254559105
26531;-102.188652969963;((((_a6_ + x) + (x * (_a6_ + x))) + _a4_) * (_a0_ * x));{'d0': {'_a0_': 3.3767608794143515, '_a4_': 0.9018323548042985, '_a6_': -0.376140585044369, '_a1_': 1.0, '_a2_': 1.0, '_a3_': 1.0, '_a5_': 1.0, '_a7_': 1.0}};{'d0': 0.024905832919416688};-280.569866449043;38.096280254559105
26532;-102.188652969963;((((_a6_ + x) + (x * (_a6_ + x))) + _a4_) * (_a0_ * x));{'d0': {'_a0_': 3.3767608794143515, '_a4_': 0.9018323548042985, '_a6_': -0.376140585044369, '_a1_': 1.0, '_a2_': 1.0, '_a3_': 1.0, '_a5_': 1.0, '_a7_': 1.0}};{'d0': 0.024905832919416688};-280.569866449043;38.096280254559105
26533;-102.188652969963;((((_a6_ + x) + (x * (_a6_ + x))) + _a4_) * (_a0_ * x));{'d0': {'_a0_': 3.3767608794143515, '_a4_': 0.9018323548042985, '_a6_': -0.376140585044369, '_a1_': 1.0, '_a2_': 1.0, '_a3_': 1.0, '_a5_': 1.0, '_a7_': 1.0}};{'d0': 0.024905832919416688};-280.569866449043;38.096280254559105
26534;-102.188652969963;((((_a6_ + x) + (x * (_a6_ + x))) + _a4_) * (_a0_ * x));{'d0': {'_a0_': 3.3767608794143515, '_a4_': 0.9018323548042985, '_a6_': -0.376140585044369, '_a1_': 1.0, '_a2_': 1.0, '_a3_': 1.0, '_a5_': 1.0, '_a7_': 1.0}};{'d0': 0.024905832919416688};-280.569866449043;38.096280254559105
26535;-102.188652969963;((((_a6_ + x) + (x * (_a6_ + x))) + _a4_) * (_a0_ * x));{'d0': {'_a0_': 3.3767608794143515, '_a4_': 0.9018323548042985, '_a6_': -0.376140585044369, '_a1_': 1.0, '_a2_': 1.0, '_a3_': 1.0, '_a5_': 1.0, '_a7_': 1.0}};{'d0': 0.024905832919416688};-280.569866449043;38.096280254559105
26536;-102.188652969963;((((_a6_ + x) + (x * (_a6_ + x))) + _a4_) * (_a0_ * x));{'d0': {'_a0_': 3.3767608794143515, '_a4_': 0.9018323548042985, '_a6_': -0.376140585044369, '_a1_': 1.0, '_a2_': 1.0, '_a3_': 1.0, '_a5_': 1.0, '_a7_': 1.0}};{'d0': 0.024905832919416688};-280.569866449043;38.096280254559105
26537;-102.188652969963;((((_a6_ + x) + (x * (_a6_ + x))) + _a4_) * (_a0_ * x));{'d0': {'_a0_': 3.3767608794143515, '_a4_': 0.9018323548042985, '_a6_': -0.376140585044369, '_a1_': 1.0, '_a2_': 1.0, '_a3_': 1.0, '_a5_': 1.0, '_a7_': 1.0}};{'d0': 0.024905832919416688};-280.569866449043;38.096280254559105
26538;-104.531628829011;(((pow2((_a7_ * (x + (_a7_ / _a2_)))) * _a2_) + _a0_) * x);{'d0': {'_a0_': 1.4465760894044226, '_a2_': 3.2618371666823998, '_a7_': 1.0174639142402657, '_a1_': 1.0, '_a3_': 1.0, '_a4_': 1.0, '_a5_': 1.0, '_a6_': 1.0}};{'d0': 0.024905832919416608};-280.569866449044;35.7533043955116
26539;-104.531628829011;(((pow2((_a7_ * (x + (_a7_ / _a2_)))) * _a2_) + _a0_) * x);{'d0': {'_a0_': 1.4465760894044226, '_a2_': 3.2618371666823998, '_a7_': 1.0174639142402657, '_a1_': 1.0, '_a3_': 1.0, '_a4_': 1.0, '_a5_': 1.0, '_a6_': 1.0}};{'d0': 0.024905832919416608};-280.569866449044;35.7533043955116
26540;-104.531628829011;(((pow2((_a7_ * (x + (_a7_ / _a2_)))) * _a2_) + _a0_) * x);{'d0': {'_a0_': 1.4465760894044226, '_a2_': 3.2618371666823998, '_a7_': 1.0174639142402657, '_a1_': 1.0, '_a3_': 1.0, '_a4_': 1.0, '_a5_': 1.0, '_a6_': 1.0}};{'d0': 0.024905832919416608};-280.569866449044;35.7533043955116
26541;-104.531628829011;(((pow2((_a7_ * (x + (_a7_ / _a2_)))) * _a2_) + _a0_) * x);{'d0': {'_a0_': 1.4465760894044226, '_a2_': 3.2618371666823998, '_a7_': 1.0174639142402657, '_a1_': 1.0, '_a3_': 1.0, '_a4_': 1.0, '_a5_': 1.0, '_a6_': 1.0}};{'d0': 0.024905832919416608};-280.569866449044;35.7533043955116
26542;-104.531628829011;(((pow2((_a7_ * (x + (_a7_ / _a2_)))) * _a2_) + _a0_) * x);{'d0': {'_a0_': 1.4465760894044226, '_a2_': 3.2618371666823998, '_a7_': 1.0174639142402657, '_a1_': 1.0, '_a3_': 1.0, '_a4_': 1.0, '_a5_': 1.0, '_a6_': 1.0}};{'d0': 0.024905832919416608};-280.569866449044;35.7533043955116
26543;-104.531628829011;(((pow2((_a7_ * (x + (_a7_ / _a2_)))) * _a2_) + _a4_) * x);{'d0': {'_a2_': 3.261837166926577, '_a4_': 1.4465760893148183, '_a7_': 1.0174639141647341, '_a0_': 1.0, '_a1_': 1.0, '_a3_': 1.0, '_a5_': 1.0, '_a6_': 1.0}};{'d0': 0.024905832919416594};-280.569866449044;35.7533043955116
26544;-104.531628829011;(((pow2((_a7_ * (x + (_a7_ / _a2_)))) * _a2_) + _a4_) * x);{'d0': {'_a2_': 3.261837166926577, '_a4_': 1.4465760893148183, '_a7_': 1.0174639141647341, '_a0_': 1.0, '_a1_': 1.0, '_a3_': 1.0, '_a5_': 1.0, '_a6_': 1.0}};{'d0': 0.024905832919416594};-280.569866449044;35.7533043955116
26545;-104.531628829011;(((pow2((_a7_ * (x + (_a7_ / _a2_)))) * _a2_) + _a4_) * x);{'d0': {'_a2_': 3.261837166926577, '_a4_': 1.4465760893148183, '_a7_': 1.0174639141647341, '_a0_': 1.0, '_a1_': 1.0, '_a3_': 1.0, '_a5_': 1.0, '_a6_': 1.0}};{'d0': 0.024905832919416594};-280.569866449044;35.7533043955116
26546;-104.531628829011;(((pow2((_a7_ * (x + (_a7_ / _a2_)))) * _a2_) + _a4_) * x);{'d0': {'_a2_': 3.261837166926577, '_a4_': 1.4465760893148183, '_a7_': 1.0174639141647341, '_a0_': 1.0, '_a1_': 1.0, '_a3_': 1.0, '_a5_': 1.0, '_a6_': 1.0}};{'d0': 0.024905832919416594};-280.569866449044;35.7533043955116
26547;-104.531628829011;(((pow2((_a7_ * (x + (_a7_ / _a2_)))) * _a2_) + _a4_) * x);{'d0': {'_a2_': 3.261837166926577, '_a4_': 1.4465760893148183, '_a7_': 1.0174639141647341, '_a0_': 1.0, '_a1_': 1.0, '_a3_': 1.0, '_a5_': 1.0, '_a6_': 1.0}};{'d0': 0.024905832919416594};-280.569866449044;35.7533043955116
26548;-104.531628829011;(((pow2((_a7_ * (x + (_a7_ / _a2_)))) * _a2_) + _a4_) * x);{'d0': {'_a2_': 3.261837166926577, '_a4_': 1.4465760893148183, '_a7_': 1.0174639141647341, '_a0_': 1.0, '_a1_': 1.0, '_a3_': 1.0, '_a5_': 1.0, '_a6_': 1.0}};{'d0': 0.024905832919416594};-280.569866449044;35.7533043955116
26549;-104.531628829011;(((pow2((_a7_ * (x + (_a7_ / _a2_)))) * _a2_) + _a4_) * x);{'d0': {'_a2_': 3.261837166926577, '_a4_': 1.4465760893148183, '_a7_': 1.0174639141647341, '_a0_': 1.0, '_a1_': 1.0, '_a3_': 1.0, '_a5_': 1.0, '_a6_': 1.0}};{'d0': 0.024905832919416594};-280.569866449044;35.7533043955116
26550;-104.531628829011;(((pow2((_a7_ * (x + (_a7_ / _a2_)))) * _a2_) + _a4_) * x);{'d0': {'_a2_': 3.261837166926577, '_a4_': 1.4465760893148183, '_a7_': 1.0174639141647341, '_a0_': 1.0, '_a1_': 1.0, '_a3_': 1.0, '_a5_': 1.0, '_a6_': 1.0}};{'d0': 0.024905832919416594};-280.569866449044;35.7533043955116
26551;-104.531628829011;(((pow2((_a7_ * (x + (_a7_ / _a2_)))) * _a2_) + _a4_) * x);{'d0': {'_a2_': 3.261837166926577, '_a4_': 1.4465760893148183, '_a7_': 1.0174639141647341, '_a0_': 1.0, '_a1_': 1.0, '_a3_': 1.0, '_a5_': 1.0, '_a6_': 1.0}};{'d0': 0.024905832919416594};-280.569866449044;35.7533043955116
26552;-104.531628829011;(((pow2((_a7_ * (x + (_a7_ / _a2_)))) * _a2_) + _a4_) * x);{'d0': {'_a2_': 3.261837166926577, '_a4_': 1.4465760893148183, '_a7_': 1.0174639141647341, '_a0_': 1.0, '_a1_': 1.0, '_a3_': 1.0, '_a5_': 1.0, '_a6_': 1.0}};{'d0': 0.024905832919416594};-280.569866449044;35.7533043955116
26553;-104.531628829011;(((pow2((_a7_ * (x + (_a7_ / _a2_)))) * _a2_) + _a4_) * x);{'d0': {'_a2_': 3.261837166926577, '_a4_': 1.4465760893148183, '_a7_': 1.0174639141647341, '_a0_': 1.0, '_a1_': 1.0, '_a3_': 1.0, '_a5_': 1.0, '_a6_': 1.0}};{'d0': 0.024905832919416594};-280.569866449044;35.7533043955116
26554;-100.833694356401;(((pow2((_a7_ * (x + (_a7_ / _a2_)))) * _a2_) + pow2(_a4_)) * x);{'d0': {'_a2_': 3.2618371670094852, '_a4_': 1.2027369160655892, '_a7_': 1.0174639142276305, '_a0_': 1.0, '_a1_': 1.0, '_a3_': 1.0, '_a5_': 1.0, '_a6_': 1.0}};{'d0': 0.02490583291941662};-280.569866449044;39.4512388681216
26555;-100.833694356401;(((pow2((_a7_ * (x + (_a7_ / _a2_)))) * _a2_) + pow2(_a4_)) * x);{'d0': {'_a2_': 3.2618371670094852, '_a4_': 1.2027369160655892, '_a7_': 1.0174639142276305, '_a0_': 1.0, '_a1_': 1.0, '_a3_': 1.0, '_a5_': 1.0, '_a6_': 1.0}};{'d0': 0.02490583291941662};-280.569866449044;39.4512388681216
26556;-100.833694356401;(((pow2((_a7_ * (x + (_a7_ / _a2_)))) * _a2_) + pow2(_a4_)) * x);{'d0': {'_a2_': 3.2618371670094852, '_a4_': 1.2027369160655892, '_a7_': 1.0174639142276305, '_a0_': 1.0, '_a1_': 1.0, '_a3_': 1.0, '_a5_': 1.0, '_a6_': 1.0}};{'d0': 0.02490583291941662};-280.569866449044;39.4512388681216
26557;-100.833694356401;(((pow2((_a7_ * (x + (_a7_ / _a2_)))) * _a2_) + pow2(_a4_)) * x);{'d0': {'_a2_': 3.2618371670094852, '_a4_': 1.2027369160655892, '_a7_': 1.0174639142276305, '_a0_': 1.0, '_a1_': 1.0, '_a3_': 1.0, '_a5_': 1.0, '_a6_': 1.0}};{'d0': 0.02490583291941662};-280.569866449044;39.4512388681216
26558;-100.833694356401;(((pow2((_a7_ * (x + (_a7_ / _a2_)))) * _a2_) + pow2(_a4_)) * x);{'d0': {'_a2_': 3.2618371670094852, '_a4_': 1.2027369160655892, '_a7_': 1.0174639142276305, '_a0_': 1.0, '_a1_': 1.0, '_a3_': 1.0, '_a5_': 1.0, '_a6_': 1.0}};{'d0': 0.02490583291941662};-280.569866449044;39.4512388681216
26559;-100.833694356401;(((pow2((_a7_ * (x + (_a7_ / _a2_)))) * _a2_) + pow2(_a4_)) * x);{'d0': {'_a2_': 3.2618371670094852, '_a4_': 1.2027369160655892, '_a7_': 1.0174639142276305, '_a0_': 1.0, '_a1_': 1.0, '_a3_': 1.0, '_a5_': 1.0, '_a6_': 1.0}};{'d0': 0.02490583291941662};-280.569866449044;39.4512388681216
26560;-100.833694356401;(((pow2((_a7_ * (x + (_a7_ / _a2_)))) * _a2_) + pow2(_a4_)) * x);{'d0': {'_a2_': 3.2618371670094852, '_a4_': 1.2027369160655892, '_a7_': 1.0174639142276305, '_a0_': 1.0, '_a1_': 1.0, '_a3_': 1.0, '_a5_': 1.0, '_a6_': 1.0}};{'d0': 0.02490583291941662};-280.569866449044;39.4512388681216
26561;-100.833694356401;(((pow2((_a7_ * (x + (_a7_ / _a2_)))) * _a2_) + pow2(_a4_)) * x);{'d0': {'_a2_': 3.2618371670094852, '_a4_': 1.2027369160655892, '_a7_': 1.0174639142276305, '_a0_': 1.0, '_a1_': 1.0, '_a3_': 1.0, '_a5_': 1.0, '_a6_': 1.0}};{'d0': 0.02490583291941662};-280.569866449044;39.4512388681216
26562;-100.833694356401;(((pow2((_a7_ * (x + (_a7_ / _a2_)))) * _a2_) + pow2(_a4_)) * x);{'d0': {'_a2_': 3.2618371670094852, '_a4_': 1.2027369160655892, '_a7_': 1.0174639142276305, '_a0_': 1.0, '_a1_': 1.0, '_a3_': 1.0, '_a5_': 1.0, '_a6_': 1.0}};{'d0': 0.02490583291941662};-280.569866449044;39.4512388681216
26563;-100.833694356401;(((pow2((_a7_ * (x + (_a7_ / _a2_)))) * _a2_) + pow2(_a4_)) * x);{'d0': {'_a2_': 3.2618371670094852, '_a4_': 1.2027369160655892, '_a7_': 1.0174639142276305, '_a0_': 1.0, '_a1_': 1.0, '_a3_': 1.0, '_a5_': 1.0, '_a6_': 1.0}};{'d0': 0.02490583291941662};-280.569866449044;39.4512388681216
26564;-100.833694356401;(((pow2((_a7_ * (x + (_a7_ / _a2_)))) * _a2_) + pow2(_a4_)) * x);{'d0': {'_a2_': 3.2618371670094852, '_a4_': 1.2027369160655892, '_a7_': 1.0174639142276305, '_a0_': 1.0, '_a1_': 1.0, '_a3_': 1.0, '_a5_': 1.0, '_a6_': 1.0}};{'d0': 0.02490583291941662};-280.569866449044;39.4512388681216
26565;-100.833694356401;(((pow2((_a7_ * (x + (_a7_ / _a2_)))) * _a2_) + pow2(_a4_)) * x);{'d0': {'_a2_': 3.2618371670094852, '_a4_': 1.2027369160655892, '_a7_': 1.0174639142276305, '_a0_': 1.0, '_a1_': 1.0, '_a3_': 1.0, '_a5_': 1.0, '_a6_': 1.0}};{'d0': 0.02490583291941662};-280.569866449044;39.4512388681216
26566;-100.833694356401;(((pow2((_a7_ * (x + (_a7_ / _a2_)))) * _a2_) + pow2(_a4_)) * x);{'d0': {'_a2_': 3.2618371670094852, '_a4_': 1.2027369160655892, '_a7_': 1.0174639142276305, '_a0_': 1.0, '_a1_': 1.0, '_a3_': 1.0, '_a5_': 1.0, '_a6_': 1.0}};{'d0': 0.02490583291941662};-280.569866449044;39.4512388681216
26567;-100.833694356401;(((pow2((_a7_ * (x + (_a7_ / _a2_)))) * _a2_) + pow2(_a4_)) * x);{'d0': {'_a2_': 3.2618371670094852, '_a4_': 1.2027369160655892, '_a7_': 1.0174639142276305, '_a0_': 1.0, '_a1_': 1.0, '_a3_': 1.0, '_a5_': 1.0, '_a6_': 1.0}};{'d0': 0.02490583291941662};-280.569866449044;39.4512388681216
26568;-100.833694356401;(((pow2((_a7_ * (x + (_a7_ / _a2_)))) * _a2_) + pow2(_a4_)) * x);{'d0': {'_a2_': 3.2618371670094852, '_a4_': 1.2027369160655892, '_a7_': 1.0174639142276305, '_a0_': 1.0, '_a1_': 1.0, '_a3_': 1.0, '_a5_': 1.0, '_a6_': 1.0}};{'d0': 0.02490583291941662};-280.569866449044;39.4512388681216
26569;-100.731372386122;-((((_a0_ + (x * (pow2(_a1_) + x))) + _a4_) * (_a0_ * x)));{'d0': {'_a0_': -3.3767608787326, '_a1_': 0.7898477167040366, '_a4_': 3.902452649044388, '_a2_': 1.0, '_a3_': 1.0, '_a5_': 1.0, '_a6_': 1.0, '_a7_': 1.0}};{'d0': 0.024905832919416632};-280.569866449044;39.5535608383995
26570;-99.0699748286223;-((((_a0_ + (x * (log(_a1_) + x))) + _a4_) * (_a0_ * x)));{'d0': {'_a0_': -3.3767608797298716, '_a1_': 1.866116280020034, '_a4_': 3.902452649854473, '_a2_': 1.0, '_a3_': 1.0, '_a5_': 1.0, '_a6_': 1.0, '_a7_': 1.0}};{'d0': 0.024905832919416577};-280.569866449044;41.2149583958995
26571;-99.0699748286223;-((((_a0_ + (x * (log(_a1_) + x))) + _a4_) * (_a0_ * x)));{'d0': {'_a0_': -3.3767608797298716, '_a1_': 1.866116280020034, '_a4_': 3.902452649854473, '_a2_': 1.0, '_a3_': 1.0, '_a5_': 1.0, '_a6_': 1.0, '_a7_': 1.0}};{'d0': 0.024905832919416577};-280.569866449044;41.2149583958995
26572;-99.0699748286223;-((((_a0_ + (x * (log(_a1_) + x))) + _a4_) * (_a0_ * x)));{'d0': {'_a0_': -3.3767608797298716, '_a1_': 1.866116280020034, '_a4_': 3.902452649854473, '_a2_': 1.0, '_a3_': 1.0, '_a5_': 1.0, '_a6_': 1.0, '_a7_': 1.0}};{'d0': 0.024905832919416577};-280.569866449044;41.2149583958995
26573;-99.0699748286223;-((((_a0_ + (x * (log(_a1_) + x))) + _a4_) * (_a0_ * x)));{'d0': {'_a0_': -3.3767608797298716, '_a1_': 1.866116280020034, '_a4_': 3.902452649854473, '_a2_': 1.0, '_a3_': 1.0, '_a5_': 1.0, '_a6_': 1.0, '_a7_': 1.0}};{'d0': 0.024905832919416577};-280.569866449044;41.2149583958995
26574;-99.0699748286223;-((((_a0_ + (x * (log(_a1_) + x))) + _a4_) * (_a0_ * x)));{'d0': {'_a0_': -3.3767608797298716, '_a1_': 1.866116280020034, '_a4_': 3.902452649854473, '_a2_': 1.0, '_a3_': 1.0, '_a5_': 1.0, '_a6_': 1.0, '_a7_': 1.0}};{'d0': 0.024905832919416577};-280.569866449044;41.2149583958995
26575;-99.0699748286223;-((((_a0_ + (x * (log(_a1_) + x))) + _a4_) * (_a0_ * x)));{'d0': {'_a0_': -3.3767608797298716, '_a1_': 1.866116280020034, '_a4_': 3.902452649854473, '_a2_': 1.0, '_a3_': 1.0, '_a5_': 1.0, '_a6_': 1.0, '_a7_': 1.0}};{'d0': 0.024905832919416577};-280.569866449044;41.2149583958995
26576;-99.0699748286223;-((((_a0_ + (x * (log(_a1_) + x))) + _a4_) * (_a0_ * x)));{'d0': {'_a0_': -3.3767608797298716, '_a1_': 1.866116280020034, '_a4_': 3.902452649854473, '_a2_': 1.0, '_a3_': 1.0, '_a5_': 1.0, '_a6_': 1.0, '_a7_': 1.0}};{'d0': 0.024905832919416577};-280.569866449044;41.2149583958995
26577;-99.0699748286223;-((((_a0_ + (x * (log(_a1_) + x))) + _a4_) * (_a0_ * x)));{'d0': {'_a0_': -3.3767608797298716, '_a1_': 1.866116280020034, '_a4_': 3.902452649854473, '_a2_': 1.0, '_a3_': 1.0, '_a5_': 1.0, '_a6_': 1.0, '_a7_': 1.0}};{'d0': 0.024905832919416577};-280.569866449044;41.2149583958995
26578;-99.0699748286223;-((((_a0_ + (x * (log(_a1_) + x))) + _a4_) * (_a0_ * x)));{'d0': {'_a0_': -3.3767608797298716, '_a1_': 1.866116280020034, '_a4_': 3.902452649854473, '_a2_': 1.0, '_a3_': 1.0, '_a5_': 1.0, '_a6_': 1.0, '_a7_': 1.0}};{'d0': 0.024905832919416577};-280.569866449044;41.2149583958995
26579;-99.0699748286223;-((((_a0_ + (x * (log(_a1_) + x))) + _a4_) * (_a0_ * x)));{'d0': {'_a0_': -3.3767608797298716, '_a1_': 1.866116280020034, '_a4_': 3.902452649854473, '_a2_': 1.0, '_a3_': 1.0, '_a5_': 1.0, '_a6_': 1.0, '_a7_': 1.0}};{'d0': 0.024905832919416577};-280.569866449044;41.2149583958995
26580;-99.0699748286223;-((((_a0_ + (x * (log(_a1_) + x))) + _a4_) * (_a0_ * x)));{'d0': {'_a0_': -3.3767608797298716, '_a1_': 1.866116280020034, '_a4_': 3.902452649854473, '_a2_': 1.0, '_a3_': 1.0, '_a5_': 1.0, '_a6_': 1.0, '_a7_': 1.0}};{'d0': 0.024905832919416577};-280.569866449044;41.2149583958995
26581;-99.0699748286223;-((((_a0_ + (x * (log(_a1_) + x))) + _a4_) * (_a0_ * x)));{'d0': {'_a0_': -3.3767608797298716, '_a1_': 1.866116280020034, '_a4_': 3.902452649854473, '_a2_': 1.0, '_a3_': 1.0, '_a5_': 1.0, '_a6_': 1.0, '_a7_': 1.0}};{'d0': 0.024905832919416577};-280.569866449044;41.2149583958995
26582;-99.6374739120381;(((pow2((_a7_ * (x + pow2(_a0_)))) * _a2_) + (_a6_ * _a7_)) * x);{'d0': {'_a0_': 0.5585066765458506, '_a2_': 4.038532779418548, '_a6_': 1.5819871749581216, '_a7_': 0.9144043370309218, '_a1_': 1.0, '_a3_': 1.0, '_a4_': 1.0, '_a5_': 1.0}};{'d0': 0.024905832922900953};-276.475521878428;38.6002870271762
26583;-99.6374739120381;(((pow2((_a7_ * (x + pow2(_a0_)))) * _a2_) + (_a6_ * _a7_)) * x);{'d0': {'_a0_': 0.5585066765458506, '_a2_': 4.038532779418548, '_a6_': 1.5819871749581216, '_a7_': 0.9144043370309218, '_a1_': 1.0, '_a3_': 1.0, '_a4_': 1.0, '_a5_': 1.0}};{'d0': 0.024905832922900953};-276.475521878428;38.6002870271762
26584;-99.6374739120381;(((pow2((_a7_ * (x + pow2(_a0_)))) * _a2_) + (_a6_ * _a7_)) * x);{'d0': {'_a0_': 0.5585066765458506, '_a2_': 4.038532779418548, '_a6_': 1.5819871749581216, '_a7_': 0.9144043370309218, '_a1_': 1.0, '_a3_': 1.0, '_a4_': 1.0, '_a5_': 1.0}};{'d0': 0.024905832922900953};-276.475521878428;38.6002870271762
26585;-99.6374739120381;(((pow2((_a7_ * (x + pow2(_a0_)))) * _a2_) + (_a6_ * _a7_)) * x);{'d0': {'_a0_': 0.5585066765458506, '_a2_': 4.038532779418548, '_a6_': 1.5819871749581216, '_a7_': 0.9144043370309218, '_a1_': 1.0, '_a3_': 1.0, '_a4_': 1.0, '_a5_': 1.0}};{'d0': 0.024905832922900953};-276.475521878428;38.6002870271762
26586;-99.6374739120381;(((pow2((_a7_ * (x + pow2(_a0_)))) * _a2_) + (_a6_ * _a7_)) * x);{'d0': {'_a0_': 0.5585066765458506, '_a2_': 4.038532779418548, '_a6_': 1.5819871749581216, '_a7_': 0.9144043370309218, '_a1_': 1.0, '_a3_': 1.0, '_a4_': 1.0, '_a5_': 1.0}};{'d0': 0.024905832922900953};-276.475521878428;38.6002870271762
26587;-99.6374739120381;(((pow2((_a7_ * (x + pow2(_a0_)))) * _a2_) + (_a6_ * _a7_)) * x);{'d0': {'_a0_': 0.5585066765458506, '_a2_': 4.038532779418548, '_a6_': 1.5819871749581216, '_a7_': 0.9144043370309218, '_a1_': 1.0, '_a3_': 1.0, '_a4_': 1.0, '_a5_': 1.0}};{'d0': 0.024905832922900953};-276.475521878428;38.6002870271762
26588;-99.6374739120381;(((pow2((_a7_ * (x + pow2(_a0_)))) * _a2_) + (_a6_ * _a7_)) * x);{'d0': {'_a0_': 0.5585066765458506, '_a2_': 4.038532779418548, '_a6_': 1.5819871749581216, '_a7_': 0.9144043370309218, '_a1_': 1.0, '_a3_': 1.0, '_a4_': 1.0, '_a5_': 1.0}};{'d0': 0.024905832922900953};-276.475521878428;38.6002870271762
26589;-99.6374739120381;(((pow2((_a7_ * (x + pow2(_a0_)))) * _a2_) + (_a6_ * _a7_)) * x);{'d0': {'_a0_': 0.5585066765458506, '_a2_': 4.038532779418548, '_a6_': 1.5819871749581216, '_a7_': 0.9144043370309218, '_a1_': 1.0, '_a3_': 1.0, '_a4_': 1.0, '_a5_': 1.0}};{'d0': 0.024905832922900953};-276.475521878428;38.6002870271762
26590;-99.6374739120381;(((pow2((_a7_ * (x + pow2(_a0_)))) * _a2_) + (_a6_ * _a7_)) * x);{'d0': {'_a0_': 0.5585066765458506, '_a2_': 4.038532779418548, '_a6_': 1.5819871749581216, '_a7_': 0.9144043370309218, '_a1_': 1.0, '_a3_': 1.0, '_a4_': 1.0, '_a5_': 1.0}};{'d0': 0.024905832922900953};-276.475521878428;38.6002870271762
26591;-99.6374739120381;(((pow2((_a7_ * (x + pow2(_a0_)))) * _a2_) + (_a6_ * _a7_)) * x);{'d0': {'_a0_': 0.5585066765458506, '_a2_': 4.038532779418548, '_a6_': 1.5819871749581216, '_a7_': 0.9144043370309218, '_a1_': 1.0, '_a3_': 1.0, '_a4_': 1.0, '_a5_': 1.0}};{'d0': 0.024905832922900953};-276.475521878428;38.6002870271762
26592;-99.6374739120381;(((pow2((_a7_ * (x + pow2(_a0_)))) * _a2_) + (_a6_ * _a7_)) * x);{'d0': {'_a0_': 0.5585066765458506, '_a2_': 4.038532779418548, '_a6_': 1.5819871749581216, '_a7_': 0.9144043370309218, '_a1_': 1.0, '_a3_': 1.0, '_a4_': 1.0, '_a5_': 1.0}};{'d0': 0.024905832922900953};-276.475521878428;38.6002870271762
26593;-99.6374739120381;(((pow2((_a7_ * (x + pow2(_a0_)))) * _a2_) + (_a6_ * _a7_)) * x);{'d0': {'_a0_': 0.5585066765458506, '_a2_': 4.038532779418548, '_a6_': 1.5819871749581216, '_a7_': 0.9144043370309218, '_a1_': 1.0, '_a3_': 1.0, '_a4_': 1.0, '_a5_': 1.0}};{'d0': 0.024905832922900953};-276.475521878428;38.6002870271762
26594;-99.6374739120381;(((pow2((_a7_ * (x + pow2(_a0_)))) * _a2_) + (_a6_ * _a7_)) * x);{'d0': {'_a0_': 0.5585066765458506, '_a2_': 4.038532779418548, '_a6_': 1.5819871749581216, '_a7_': 0.9144043370309218, '_a1_': 1.0, '_a3_': 1.0, '_a4_': 1.0, '_a5_': 1.0}};{'d0': 0.024905832922900953};-276.475521878428;38.6002870271762
26595;-99.6374739120381;(((pow2((_a7_ * (x + pow2(_a0_)))) * _a2_) + (_a6_ * _a7_)) * x);{'d0': {'_a0_': 0.5585066765458506, '_a2_': 4.038532779418548, '_a6_': 1.5819871749581216, '_a7_': 0.9144043370309218, '_a1_': 1.0, '_a3_': 1.0, '_a4_': 1.0, '_a5_': 1.0}};{'d0': 0.024905832922900953};-276.475521878428;38.6002870271762
26596;-96.3447831868261;(((pow2((_a7_ * (x + pow2(_a0_)))) * sqrt(_a0_)) + (_a6_ * _a7_)) * x);{'d0': {'_a0_': 0.5585066766481652, '_a6_': 0.6805314819684319, '_a7_': 2.125656384479351, '_a1_': 1.0, '_a2_': 1.0, '_a3_': 1.0, '_a4_': 1.0, '_a5_': 1.0}};{'d0': 0.02490583291941664};-280.569866449044;43.9401500376962
26597;-91.0049201763060;(((pow2((_a7_ * (x + pow2(_a0_)))) * sqrt(_a0_)) + (sqrt(_a6_) * _a7_)) * x);{'d0': {'_a0_': 0.5585066766491844, '_a6_': 0.46312309858545114, '_a7_': 2.1256563838875078, '_a1_': 1.0, '_a2_': 1.0, '_a3_': 1.0, '_a4_': 1.0, '_a5_': 1.0}};{'d0': 0.02490583291941669};-280.569866449043;49.2800130482162
26598;-91.0049201763060;(((pow2((_a7_ * (x + pow2(_a0_)))) * sqrt(_a0_)) + (sqrt(_a6_) * _a7_)) * x);{'d0': {'_a0_': 0.5585066766491844, '_a6_': 0.46312309858545114, '_a7_': 2.1256563838875078, '_a1_': 1.0, '_a2_': 1.0, '_a3_': 1.0, '_a4_': 1.0, '_a5_': 1.0}};{'d0': 0.02490583291941669};-280.569866449043;49.2800130482162
26599;-91.0049201763060;(((pow2((_a7_ * (x + pow2(_a0_)))) * sqrt(_a0_)) + (sqrt(_a6_) * _a7_)) * x);{'d0': {'_a0_': 0.5585066766491844, '_a6_': 0.46312309858545114, '_a7_': 2.1256563838875078, '_a1_': 1.0, '_a2_': 1.0, '_a3_': 1.0, '_a4_': 1.0, '_a5_': 1.0}};{'d0': 0.02490583291941669};-280.569866449043;49.2800130482162
26600;-91.0049201763060;(((pow2((_a7_ * (x + pow2(_a0_)))) * sqrt(_a0_)) + (sqrt(_a6_) * _a7_)) * x);{'d0': {'_a0_': 0.5585066766491844, '_a6_': 0.46312309858545114, '_a7_': 2.1256563838875078, '_a1_': 1.0, '_a2_': 1.0, '_a3_': 1.0, '_a4_': 1.0, '_a5_': 1.0}};{'d0': 0.02490583291941669};-280.569866449043;49.2800130482162
26601;-91.0049201763060;(((pow2((_a7_ * (x + pow2(_a0_)))) * sqrt(_a0_)) + (sqrt(_a6_) * _a7_)) * x);{'d0': {'_a0_': 0.5585066766491844, '_a6_': 0.46312309858545114, '_a7_': 2.1256563838875078, '_a1_': 1.0, '_a2_': 1.0, '_a3_': 1.0, '_a4_': 1.0, '_a5_': 1.0}};{'d0': 0.02490583291941669};-280.569866449043;49.2800130482162
26602;-91.0049201763060;(((pow2((_a7_ * (x + pow2(_a0_)))) * sqrt(_a0_)) + (sqrt(_a6_) * _a7_)) * x);{'d0': {'_a0_': 0.5585066766491844, '_a6_': 0.46312309858545114, '_a7_': 2.1256563838875078, '_a1_': 1.0, '_a2_': 1.0, '_a3_': 1.0, '_a4_': 1.0, '_a5_': 1.0}};{'d0': 0.02490583291941669};-280.569866449043;49.2800130482162
26603;-91.0049201763060;(((pow2((_a7_ * (x + pow2(_a0_)))) * sqrt(_a0_)) + (sqrt(_a6_) * _a7_)) * x);{'d0': {'_a0_': 0.5585066766491844, '_a6_': 0.46312309858545114, '_a7_': 2.1256563838875078, '_a1_': 1.0, '_a2_': 1.0, '_a3_': 1.0, '_a4_': 1.0, '_a5_': 1.0}};{'d0': 0.02490583291941669};-280.569866449043;49.2800130482162
26604;-108.109254018993;(((_a0_ + (x * (_a6_ + x))) + _a4_) * (_a0_ * x));{'d0': {'_a0_': 3.3767608774819795, '_a4_': -2.851069107325065, '_a6_': 0.6238594156066382, '_a1_': 1.0, '_a2_': 1.0, '_a3_': 1.0, '_a5_': 1.0, '_a7_': 1.0}};{'d0': 0.02490583291941667};-280.569866449043;32.17567920552911
26605;-108.109254018993;(((_a0_ + (x * (_a6_ + x))) + _a4_) * (_a0_ * x));{'d0': {'_a0_': 3.3767608774819795, '_a4_': -2.851069107325065, '_a6_': 0.6238594156066382, '_a1_': 1.0, '_a2_': 1.0, '_a3_': 1.0, '_a5_': 1.0, '_a7_': 1.0}};{'d0': 0.02490583291941667};-280.569866449043;32.17567920552911
26606;-108.109254018993;(((_a0_ + (x * (_a6_ + x))) + _a4_) * (_a0_ * x));{'d0': {'_a0_': 3.3767608774819795, '_a4_': -2.851069107325065, '_a6_': 0.6238594156066382, '_a1_': 1.0, '_a2_': 1.0, '_a3_': 1.0, '_a5_': 1.0, '_a7_': 1.0}};{'d0': 0.02490583291941667};-280.569866449043;32.17567920552911
26607;-108.109254018993;(((_a0_ + (x * (_a6_ + x))) + _a4_) * (_a0_ * x));{'d0': {'_a0_': 3.3767608774819795, '_a4_': -2.851069107325065, '_a6_': 0.6238594156066382, '_a1_': 1.0, '_a2_': 1.0, '_a3_': 1.0, '_a5_': 1.0, '_a7_': 1.0}};{'d0': 0.02490583291941667};-280.569866449043;32.17567920552911
26608;-108.109254018993;(((_a0_ + (x * (_a6_ + x))) + _a4_) * (_a0_ * x));{'d0': {'_a0_': 3.3767608774819795, '_a4_': -2.851069107325065, '_a6_': 0.6238594156066382, '_a1_': 1.0, '_a2_': 1.0, '_a3_': 1.0, '_a5_': 1.0, '_a7_': 1.0}};{'d0': 0.02490583291941667};-280.569866449043;32.17567920552911
26609;-108.109254018993;(((_a0_ + (x * (_a6_ + x))) + _a4_) * (_a0_ * x));{'d0': {'_a0_': 3.3767608774819795, '_a4_': -2.851069107325065, '_a6_': 0.6238594156066382, '_a1_': 1.0, '_a2_': 1.0, '_a3_': 1.0, '_a5_': 1.0, '_a7_': 1.0}};{'d0': 0.02490583291941667};-280.569866449043;32.17567920552911
26610;-108.109254018993;(((_a0_ + (x * (_a6_ + x))) + _a4_) * (_a0_ * x));{'d0': {'_a0_': 3.3767608774819795, '_a4_': -2.851069107325065, '_a6_': 0.6238594156066382, '_a1_': 1.0, '_a2_': 1.0, '_a3_': 1.0, '_a5_': 1.0, '_a7_': 1.0}};{'d0': 0.02490583291941667};-280.569866449043;32.17567920552911
26611;-108.109254018993;(((_a0_ + (x * (_a6_ + x))) + _a4_) * (_a0_ * x));{'d0': {'_a0_': 3.3767608774819795, '_a4_': -2.851069107325065, '_a6_': 0.6238594156066382, '_a1_': 1.0, '_a2_': 1.0, '_a3_': 1.0, '_a5_': 1.0, '_a7_': 1.0}};{'d0': 0.02490583291941667};-280.569866449043;32.17567920552911
26612;-91.0049201763060;(((pow2((_a7_ * (x + pow2(_a0_)))) * sqrt(_a0_)) + (sqrt(_a6_) * _a7_)) * x);{'d0': {'_a0_': 0.5585066766491844, '_a6_': 0.46312309858545114, '_a7_': 2.1256563838875078, '_a1_': 1.0, '_a2_': 1.0, '_a3_': 1.0, '_a4_': 1.0, '_a5_': 1.0}};{'d0': 0.02490583291941669};-280.569866449043;49.2800130482162
26613;-91.3230859750471;(((pow2((_a7_ * (x + pow2(_a0_)))) * sqrt(_a0_)) + ((_a0_ * _a1_) * _a7_)) * x);{'d0': {'_a0_': 0.5585066766493316, '_a1_': 1.2184840594515387, '_a7_': 2.1256563823961057, '_a2_': 1.0, '_a3_': 1.0, '_a4_': 1.0, '_a5_': 1.0, '_a6_': 1.0}};{'d0': 0.024905832919416657};-280.569866449044;48.9618472494752
26614;-91.3230859750471;(((pow2((_a7_ * (x + pow2(_a0_)))) * sqrt(_a0_)) + ((_a0_ * _a1_) * _a7_)) * x);{'d0': {'_a0_': 0.5585066766493316, '_a1_': 1.2184840594515387, '_a7_': 2.1256563823961057, '_a2_': 1.0, '_a3_': 1.0, '_a4_': 1.0, '_a5_': 1.0, '_a6_': 1.0}};{'d0': 0.024905832919416657};-280.569866449044;48.9618472494752
26615;-91.3230859750471;(((pow2((_a7_ * (x + pow2(_a0_)))) * sqrt(_a0_)) + ((_a0_ * _a1_) * _a7_)) * x);{'d0': {'_a0_': 0.5585066766493316, '_a1_': 1.2184840594515387, '_a7_': 2.1256563823961057, '_a2_': 1.0, '_a3_': 1.0, '_a4_': 1.0, '_a5_': 1.0, '_a6_': 1.0}};{'d0': 0.024905832919416657};-280.569866449044;48.9618472494752
26616;-91.3230859750471;(((pow2((_a7_ * (x + pow2(_a0_)))) * sqrt(_a0_)) + ((_a0_ * _a1_) * _a7_)) * x);{'d0': {'_a0_': 0.5585066766493316, '_a1_': 1.2184840594515387, '_a7_': 2.1256563823961057, '_a2_': 1.0, '_a3_': 1.0, '_a4_': 1.0, '_a5_': 1.0, '_a6_': 1.0}};{'d0': 0.024905832919416657};-280.569866449044;48.9618472494752
26617;-91.3230859750471;(((pow2((_a7_ * (x + pow2(_a0_)))) * sqrt(_a0_)) + ((_a0_ * _a1_) * _a7_)) * x);{'d0': {'_a0_': 0.5585066766493316, '_a1_': 1.2184840594515387, '_a7_': 2.1256563823961057, '_a2_': 1.0, '_a3_': 1.0, '_a4_': 1.0, '_a5_': 1.0, '_a6_': 1.0}};{'d0': 0.024905832919416657};-280.569866449044;48.9618472494752
26618;-91.3230859750471;(((pow2((_a7_ * (x + pow2(_a0_)))) * sqrt(_a0_)) + ((_a0_ * _a1_) * _a7_)) * x);{'d0': {'_a0_': 0.5585066766493316, '_a1_': 1.2184840594515387, '_a7_': 2.1256563823961057, '_a2_': 1.0, '_a3_': 1.0, '_a4_': 1.0, '_a5_': 1.0, '_a6_': 1.0}};{'d0': 0.024905832919416657};-280.569866449044;48.9618472494752
26619;-91.3230859750471;(((pow2((_a7_ * (x + pow2(_a0_)))) * sqrt(_a0_)) + ((_a0_ * _a1_) * _a7_)) * x);{'d0': {'_a0_': 0.5585066766493316, '_a1_': 1.2184840594515387, '_a7_': 2.1256563823961057, '_a2_': 1.0, '_a3_': 1.0, '_a4_': 1.0, '_a5_': 1.0, '_a6_': 1.0}};{'d0': 0.024905832919416657};-280.569866449044;48.9618472494752
26620;-91.3230859750471;(((pow2((_a7_ * (x + pow2(_a0_)))) * sqrt(_a0_)) + ((_a0_ * _a1_) * _a7_)) * x);{'d0': {'_a0_': 0.5585066766493316, '_a1_': 1.2184840594515387, '_a7_': 2.1256563823961057, '_a2_': 1.0, '_a3_': 1.0, '_a4_': 1.0, '_a5_': 1.0, '_a6_': 1.0}};{'d0': 0.024905832919416657};-280.569866449044;48.9618472494752
26621;-91.3230859750471;(((pow2((_a7_ * (x + pow2(_a0_)))) * sqrt(_a0_)) + ((_a0_ * _a1_) * _a7_)) * x);{'d0': {'_a0_': 0.5585066766493316, '_a1_': 1.2184840594515387, '_a7_': 2.1256563823961057, '_a2_': 1.0, '_a3_': 1.0, '_a4_': 1.0, '_a5_': 1.0, '_a6_': 1.0}};{'d0': 0.024905832919416657};-280.569866449044;48.9618472494752
26622;-91.3230859750471;(((pow2((_a7_ * (x + pow2(_a0_)))) * sqrt(_a0_)) + ((_a0_ * _a1_) * _a7_)) * x);{'d0': {'_a0_': 0.5585066766493316, '_a1_': 1.2184840594515387, '_a7_': 2.1256563823961057, '_a2_': 1.0, '_a3_': 1.0, '_a4_': 1.0, '_a5_': 1.0, '_a6_': 1.0}};{'d0': 0.024905832919416657};-280.569866449044;48.9618472494752
26623;-91.3230859750471;(((pow2((_a7_ * (x + pow2(_a0_)))) * sqrt(_a0_)) + ((_a0_ * _a1_) * _a7_)) * x);{'d0': {'_a0_': 0.5585066766493316, '_a1_': 1.2184840594515387, '_a7_': 2.1256563823961057, '_a2_': 1.0, '_a3_': 1.0, '_a4_': 1.0, '_a5_': 1.0, '_a6_': 1.0}};{'d0': 0.024905832919416657};-280.569866449044;48.9618472494752
26624;-91.3230859750471;(((pow2((_a7_ * (x + pow2(_a0_)))) * sqrt(_a0_)) + ((_a0_ * _a1_) * _a7_)) * x);{'d0': {'_a0_': 0.5585066766493316, '_a1_': 1.2184840594515387, '_a7_': 2.1256563823961057, '_a2_': 1.0, '_a3_': 1.0, '_a4_': 1.0, '_a5_': 1.0, '_a6_': 1.0}};{'d0': 0.024905832919416657};-280.569866449044;48.9618472494752
26625;-90.0700669231570;(((pow2((_a7_ * (x + pow2(_a0_)))) * pow3(_a0_)) + ((_a0_ * _a1_) * _a7_)) * x);{'d0': {'_a0_': 0.5585066765739993, '_a1_': 0.5883087571489194, '_a7_': 4.4025834842816245, '_a2_': 1.0, '_a3_': 1.0, '_a4_': 1.0, '_a5_': 1.0, '_a6_': 1.0}};{'d0': 0.02490583291941667};-280.569866449043;50.2148663013652
26626;-90.0700669231570;(((pow2((_a7_ * (x + pow2(_a0_)))) * pow3(_a0_)) + ((_a0_ * _a1_) * _a7_)) * x);{'d0': {'_a0_': 0.5585066765739993, '_a1_': 0.5883087571489194, '_a7_': 4.4025834842816245, '_a2_': 1.0, '_a3_': 1.0, '_a4_': 1.0, '_a5_': 1.0, '_a6_': 1.0}};{'d0': 0.02490583291941667};-280.569866449043;50.2148663013652
26627;-96.6629489855670;(((pow2((_a7_ * (x + pow2(_a0_)))) * _a7_) + ((_a0_ * _a1_) * _a7_)) * x);{'d0': {'_a0_': 0.5585066765757446, '_a1_': 1.7264187496750714, '_a7_': 1.500260825407117, '_a2_': 1.0, '_a3_': 1.0, '_a4_': 1.0, '_a5_': 1.0, '_a6_': 1.0}};{'d0': 0.02490583291941668};-280.569866449043;43.6219842389552
26628;-96.6629489855670;(((pow2((_a7_ * (x + pow2(_a0_)))) * _a7_) + ((_a0_ * _a1_) * _a7_)) * x);{'d0': {'_a0_': 0.5585066765757446, '_a1_': 1.7264187496750714, '_a7_': 1.500260825407117, '_a2_': 1.0, '_a3_': 1.0, '_a4_': 1.0, '_a5_': 1.0, '_a6_': 1.0}};{'d0': 0.02490583291941668};-280.569866449043;43.6219842389552
26629;-96.6629489855670;(((pow2((_a7_ * (x + pow2(_a0_)))) * _a7_) + ((_a0_ * _a1_) * _a7_)) * x);{'d0': {'_a0_': 0.5585066765757446, '_a1_': 1.7264187496750714, '_a7_': 1.500260825407117, '_a2_': 1.0, '_a3_': 1.0, '_a4_': 1.0, '_a5_': 1.0, '_a6_': 1.0}};{'d0': 0.02490583291941668};-280.569866449043;43.6219842389552
26630;-96.6629489855670;(((pow2((_a7_ * (x + pow2(_a0_)))) * _a7_) + ((_a0_ * _a1_) * _a7_)) * x);{'d0': {'_a0_': 0.5585066765757446, '_a1_': 1.7264187496750714, '_a7_': 1.500260825407117, '_a2_': 1.0, '_a3_': 1.0, '_a4_': 1.0, '_a5_': 1.0, '_a6_': 1.0}};{'d0': 0.02490583291941668};-280.569866449043;43.6219842389552
26631;-96.6629489855671;(((pow2((_a7_ * (x + pow2(_a0_)))) * _a0_) + ((_a0_ * _a1_) * _a7_)) * x);{'d0': {'_a0_': 0.5585066765801894, '_a1_': 1.0533602943941913, '_a7_': 2.4588722699584546, '_a2_': 1.0, '_a3_': 1.0, '_a4_': 1.0, '_a5_': 1.0, '_a6_': 1.0}};{'d0': 0.024905832919416643};-280.569866449044;43.6219842389552
26632;-96.6629489855671;(((pow2((_a7_ * (x + pow2(_a0_)))) * _a0_) + ((_a0_ * _a1_) * _a7_)) * x);{'d0': {'_a0_': 0.5585066765801894, '_a1_': 1.0533602943941913, '_a7_': 2.4588722699584546, '_a2_': 1.0, '_a3_': 1.0, '_a4_': 1.0, '_a5_': 1.0, '_a6_': 1.0}};{'d0': 0.024905832919416643};-280.569866449044;43.6219842389552
26633;-96.6629489855671;(((pow2((_a7_ * (x + pow2(_a0_)))) * _a0_) + ((_a0_ * _a1_) * _a7_)) * x);{'d0': {'_a0_': 0.5585066765801894, '_a1_': 1.0533602943941913, '_a7_': 2.4588722699584546, '_a2_': 1.0, '_a3_': 1.0, '_a4_': 1.0, '_a5_': 1.0, '_a6_': 1.0}};{'d0': 0.024905832919416643};-280.569866449044;43.6219842389552
26634;-91.3230859750471;(((pow2((_a7_ * (x + pow2(sqrt(_a7_))))) * _a0_) + ((_a0_ * _a1_) * _a7_)) * x);{'d0': {'_a0_': 34.70458296639591, '_a1_': 0.13362807536921908, '_a7_': 0.31192970805305814, '_a2_': 1.0, '_a3_': 1.0, '_a4_': 1.0, '_a5_': 1.0, '_a6_': 1.0}};{'d0': 0.024905832919416643};-280.569866449044;48.9618472494752
26635;-85.4024849260171;(((pow2((_a7_ * (x + pow2(sqrt(_a7_))))) * _a0_) + (((_a7_ + _a7_) * _a1_) * _a7_)) * x);{'d0': {'_a0_': 34.70458304350579, '_a1_': 7.4335764060664395, '_a7_': 0.3119297078186586, '_a2_': 1.0, '_a3_': 1.0, '_a4_': 1.0, '_a5_': 1.0, '_a6_': 1.0}};{'d0': 0.024905832919416622};-280.569866449044;54.882448298505196
26636;-84.5035810887660;(((pow2((_a7_ * (x + pow2(sqrt(_a7_))))) * _a0_) + (((_a7_ + _a7_) * _a1_) + _a7_)) * x);{'d0': {'_a0_': 34.70458301337338, '_a1_': 1.8187533167286607, '_a7_': 0.3119297078898461, '_a2_': 1.0, '_a3_': 1.0, '_a4_': 1.0, '_a5_': 1.0, '_a6_': 1.0}};{'d0': 0.024905832919416674};-280.569866449043;55.781352135756194
26637;-84.5035810887660;(((pow2((_a7_ * (x + pow2(sqrt(_a7_))))) * _a0_) + (((_a7_ + _a7_) * _a1_) + _a7_)) * x);{'d0': {'_a0_': 34.70458301337338, '_a1_': 1.8187533167286607, '_a7_': 0.3119297078898461, '_a2_': 1.0, '_a3_': 1.0, '_a4_': 1.0, '_a5_': 1.0, '_a6_': 1.0}};{'d0': 0.024905832919416674};-280.569866449043;55.781352135756194
26638;-84.5035810887660;(((pow2((_a7_ * (x + pow2(sqrt(_a7_))))) * _a0_) + (((_a7_ + _a7_) * _a1_) + _a7_)) * x);{'d0': {'_a0_': 34.70458301337338, '_a1_': 1.8187533167286607, '_a7_': 0.3119297078898461, '_a2_': 1.0, '_a3_': 1.0, '_a4_': 1.0, '_a5_': 1.0, '_a6_': 1.0}};{'d0': 0.024905832919416674};-280.569866449043;55.781352135756194
26639;-84.5035810887662;(((pow2((_a7_ * (x + pow2(sqrt(_a7_))))) * _a0_) + (((_a1_ + _a7_) * _a1_) + _a7_)) * x);{'d0': {'_a0_': 34.70458303477443, '_a1_': 0.9205904939803381, '_a7_': 0.3119297078196151, '_a2_': 1.0, '_a3_': 1.0, '_a4_': 1.0, '_a5_': 1.0, '_a6_': 1.0}};{'d0': 0.024905832919416563};-280.569866449044;55.781352135756194
26640;-90.4241821377961;(((pow2((_a7_ * (x + pow2(sqrt(_a7_))))) * _a0_) + ((_a7_ * _a1_) + _a7_)) * x);{'d0': {'_a0_': 34.70458299433393, '_a1_': 3.637506634688006, '_a7_': 0.3119297079128781, '_a2_': 1.0, '_a3_': 1.0, '_a4_': 1.0, '_a5_': 1.0, '_a6_': 1.0}};{'d0': 0.02490583291941664};-280.569866449044;49.8607510867262
26641;-90.4241821377961;(((pow2((_a7_ * (x + pow2(sqrt(_a7_))))) * _a0_) + ((_a7_ * _a1_) + _a7_)) * x);{'d0': {'_a0_': 34.70458299433393, '_a1_': 3.637506634688006, '_a7_': 0.3119297079128781, '_a2_': 1.0, '_a3_': 1.0, '_a4_': 1.0, '_a5_': 1.0, '_a6_': 1.0}};{'d0': 0.02490583291941664};-280.569866449044;49.8607510867262
26642;-90.4241821377961;(((pow2((_a7_ * (x + pow2(sqrt(_a7_))))) * _a0_) + ((_a7_ * _a1_) + _a7_)) * x);{'d0': {'_a0_': 34.70458299433393, '_a1_': 3.637506634688006, '_a7_': 0.3119297079128781, '_a2_': 1.0, '_a3_': 1.0, '_a4_': 1.0, '_a5_': 1.0, '_a6_': 1.0}};{'d0': 0.02490583291941664};-280.569866449044;49.8607510867262
26643;-90.4241821377961;(((pow2((_a7_ * (x + pow2(sqrt(_a7_))))) * _a0_) + ((_a7_ * _a1_) + _a7_)) * x);{'d0': {'_a0_': 34.70458299433393, '_a1_': 3.637506634688006, '_a7_': 0.3119297079128781, '_a2_': 1.0, '_a3_': 1.0, '_a4_': 1.0, '_a5_': 1.0, '_a6_': 1.0}};{'d0': 0.02490583291941664};-280.569866449044;49.8607510867262
26644;-90.3979770136559;(((pow2((_a7_ * (x + pow2(exp(_a7_))))) * _a0_) + ((_a7_ * _a1_) + _a7_)) * x);{'d0': {'_a0_': 9.952341931804016, '_a1_': -3.4834405793968144, '_a7_': -0.582488706203755, '_a2_': 1.0, '_a3_': 1.0, '_a4_': 1.0, '_a5_': 1.0, '_a6_': 1.0}};{'d0': 0.024905832919416736};-280.569866449043;49.886956210866195
26645;-90.3979770136559;(((pow2((_a7_ * (x + pow2(exp(_a7_))))) * _a0_) + ((_a7_ * _a1_) + _a7_)) * x);{'d0': {'_a0_': 9.952341931804016, '_a1_': -3.4834405793968144, '_a7_': -0.582488706203755, '_a2_': 1.0, '_a3_': 1.0, '_a4_': 1.0, '_a5_': 1.0, '_a6_': 1.0}};{'d0': 0.024905832919416736};-280.569866449043;49.886956210866195
26646;-90.3979770136559;(((pow2((_a7_ * (x + pow2(exp(_a7_))))) * _a0_) + ((_a7_ * _a1_) + _a7_)) * x);{'d0': {'_a0_': 9.952341931804016, '_a1_': -3.4834405793968144, '_a7_': -0.582488706203755, '_a2_': 1.0, '_a3_': 1.0, '_a4_': 1.0, '_a5_': 1.0, '_a6_': 1.0}};{'d0': 0.024905832919416736};-280.569866449043;49.886956210866195
26647;-86.7180298533957;(((pow2((_a7_ * (x + pow2(exp(_a7_))))) * _a0_) + ((-(_a7_) * _a1_) + _a7_)) * x);{'d0': {'_a0_': 9.952341952093013, '_a1_': 3.483440580068842, '_a7_': -0.5824887058813026, '_a2_': 1.0, '_a3_': 1.0, '_a4_': 1.0, '_a5_': 1.0, '_a6_': 1.0}};{'d0': 0.024905832919416636};-280.569866449044;53.566903371126585
26648;-86.7180298533957;(((pow2((_a7_ * (x + pow2(exp(_a7_))))) * _a0_) + ((-(_a7_) * _a1_) + _a7_)) * x);{'d0': {'_a0_': 9.952341952093013, '_a1_': 3.483440580068842, '_a7_': -0.5824887058813026, '_a2_': 1.0, '_a3_': 1.0, '_a4_': 1.0, '_a5_': 1.0, '_a6_': 1.0}};{'d0': 0.024905832919416636};-280.569866449044;53.566903371126585
26649;-86.7180298533957;(((pow2((_a7_ * (x + pow2(exp(_a7_))))) * _a0_) + ((-(_a7_) * _a1_) + _a7_)) * x);{'d0': {'_a0_': 9.952341952093013, '_a1_': 3.483440580068842, '_a7_': -0.5824887058813026, '_a2_': 1.0, '_a3_': 1.0, '_a4_': 1.0, '_a5_': 1.0, '_a6_': 1.0}};{'d0': 0.024905832919416636};-280.569866449044;53.566903371126585
26650;-86.7180298533957;(((pow2((_a7_ * (x + pow2(exp(_a7_))))) * _a0_) + ((-(_a7_) * _a1_) + _a7_)) * x);{'d0': {'_a0_': 9.952341952093013, '_a1_': 3.483440580068842, '_a7_': -0.5824887058813026, '_a2_': 1.0, '_a3_': 1.0, '_a4_': 1.0, '_a5_': 1.0, '_a6_': 1.0}};{'d0': 0.024905832919416636};-280.569866449044;53.566903371126585
26651;-86.7180298533957;(((pow2((_a7_ * (x + pow2(exp(_a7_))))) * _a0_) + ((-(_a7_) * _a1_) + _a7_)) * x);{'d0': {'_a0_': 9.952341952093013, '_a1_': 3.483440580068842, '_a7_': -0.5824887058813026, '_a2_': 1.0, '_a3_': 1.0, '_a4_': 1.0, '_a5_': 1.0, '_a6_': 1.0}};{'d0': 0.024905832919416636};-280.569866449044;53.566903371126585
26652;-86.7180298533957;(((pow2((_a7_ * (x + pow2(exp(_a7_))))) * _a0_) + ((-(_a7_) * _a1_) + _a7_)) * x);{'d0': {'_a0_': 9.952341952093013, '_a1_': 3.483440580068842, '_a7_': -0.5824887058813026, '_a2_': 1.0, '_a3_': 1.0, '_a4_': 1.0, '_a5_': 1.0, '_a6_': 1.0}};{'d0': 0.024905832919416636};-280.569866449044;53.566903371126585
26653;-86.7180298533957;(((pow2((_a7_ * (x + pow2(exp(_a7_))))) * _a0_) + ((-(_a7_) * _a1_) + _a7_)) * x);{'d0': {'_a0_': 9.952341952093013, '_a1_': 3.483440580068842, '_a7_': -0.5824887058813026, '_a2_': 1.0, '_a3_': 1.0, '_a4_': 1.0, '_a5_': 1.0, '_a6_': 1.0}};{'d0': 0.024905832919416636};-280.569866449044;53.566903371126585
26654;-86.7180298533957;(((pow2((_a7_ * (x + pow2(exp(_a7_))))) * _a0_) + ((-(_a7_) * _a1_) + _a7_)) * x);{'d0': {'_a0_': 9.952341952093013, '_a1_': 3.483440580068842, '_a7_': -0.5824887058813026, '_a2_': 1.0, '_a3_': 1.0, '_a4_': 1.0, '_a5_': 1.0, '_a6_': 1.0}};{'d0': 0.024905832919416636};-280.569866449044;53.566903371126585
26655;-103.159914093536;(((_a0_ + (x * (_a6_ + x))) + (_a3_ * _a6_)) * (_a0_ * x));{'d0': {'_a0_': 3.3767608790949004, '_a3_': -4.570050619220434, '_a6_': 0.6238594156527392, '_a1_': 1.0, '_a2_': 1.0, '_a4_': 1.0, '_a5_': 1.0, '_a7_': 1.0}};{'d0': 0.02490583291941665};-280.569866449044;37.125019130986104
26656;-92.0840979880557;(((pow2((_a7_ * (x + pow2(_a7_)))) * _a0_) + ((-(_a7_) * _a1_) + _a7_)) * x);{'d0': {'_a0_': 10.825390449802885, '_a1_': 3.5900784176832916, '_a7_': -0.5585066765248965, '_a2_': 1.0, '_a3_': 1.0, '_a4_': 1.0, '_a5_': 1.0, '_a6_': 1.0}};{'d0': 0.02490583291941662};-280.569866449044;48.20083523646659
26657;-92.0840979880557;(((pow2((_a7_ * (x + pow2(_a7_)))) * _a0_) + ((-(_a7_) * _a1_) + _a7_)) * x);{'d0': {'_a0_': 10.825390449802885, '_a1_': 3.5900784176832916, '_a7_': -0.5585066765248965, '_a2_': 1.0, '_a3_': 1.0, '_a4_': 1.0, '_a5_': 1.0, '_a6_': 1.0}};{'d0': 0.02490583291941662};-280.569866449044;48.20083523646659
26658;-95.7640451483161;(((pow2((_a7_ * (x + pow2(_a7_)))) * _a0_) + ((_a0_ * _a1_) + _a7_)) * x);{'d0': {'_a0_': 10.825390458255697, '_a1_': 0.18522036433439767, '_a7_': -0.5585066764767942, '_a2_': 1.0, '_a3_': 1.0, '_a4_': 1.0, '_a5_': 1.0, '_a6_': 1.0}};{'d0': 0.024905832919416657};-280.569866449044;44.5208880762062
26659;-95.7640451483161;(((pow2((_a7_ * (x + pow2(_a7_)))) * _a0_) + ((_a0_ * _a1_) + _a7_)) * x);{'d0': {'_a0_': 10.825390458255697, '_a1_': 0.18522036433439767, '_a7_': -0.5585066764767942, '_a2_': 1.0, '_a3_': 1.0, '_a4_': 1.0, '_a5_': 1.0, '_a6_': 1.0}};{'d0': 0.024905832919416657};-280.569866449044;44.5208880762062
26660;-95.7640451483161;(((pow2((_a7_ * (x + pow2(_a7_)))) * _a0_) + ((_a0_ * _a1_) + _a7_)) * x);{'d0': {'_a0_': 10.825390458255697, '_a1_': 0.18522036433439767, '_a7_': -0.5585066764767942, '_a2_': 1.0, '_a3_': 1.0, '_a4_': 1.0, '_a5_': 1.0, '_a6_': 1.0}};{'d0': 0.024905832919416657};-280.569866449044;44.5208880762062
26661;-95.7640451483161;(((pow2((_a7_ * (x + pow2(_a7_)))) * _a0_) + ((_a0_ * _a1_) + _a7_)) * x);{'d0': {'_a0_': 10.825390458255697, '_a1_': 0.18522036433439767, '_a7_': -0.5585066764767942, '_a2_': 1.0, '_a3_': 1.0, '_a4_': 1.0, '_a5_': 1.0, '_a6_': 1.0}};{'d0': 0.024905832919416657};-280.569866449044;44.5208880762062
26662;-95.7640451483161;(((pow2((_a7_ * (x + pow2(_a7_)))) * _a0_) + ((_a0_ * _a1_) + _a7_)) * x);{'d0': {'_a0_': 10.825390458255697, '_a1_': 0.18522036433439767, '_a7_': -0.5585066764767942, '_a2_': 1.0, '_a3_': 1.0, '_a4_': 1.0, '_a5_': 1.0, '_a6_': 1.0}};{'d0': 0.024905832919416657};-280.569866449044;44.5208880762062
26663;-95.7640451483161;(((pow2((_a7_ * (x + pow2(_a7_)))) * _a0_) + ((_a0_ * _a1_) + _a7_)) * x);{'d0': {'_a0_': 10.825390458255697, '_a1_': 0.18522036433439767, '_a7_': -0.5585066764767942, '_a2_': 1.0, '_a3_': 1.0, '_a4_': 1.0, '_a5_': 1.0, '_a6_': 1.0}};{'d0': 0.024905832919416657};-280.569866449044;44.5208880762062
26664;-100.713385073773;(((pow2((_a7_ * (x + pow2(_a7_)))) * _a0_) + (_a2_ + _a7_)) * x);{'d0': {'_a0_': 10.82539044457206, '_a2_': 2.0050827659419914, '_a7_': -0.5585066765697194, '_a1_': 1.0, '_a3_': 1.0, '_a4_': 1.0, '_a5_': 1.0, '_a6_': 1.0}};{'d0': 0.024905832919416653};-280.569866449044;39.571548150749194
26665;-100.713385073773;(((pow2((_a7_ * (x + pow2(_a7_)))) * _a0_) + (_a2_ + _a7_)) * x);{'d0': {'_a0_': 10.82539044457206, '_a2_': 2.0050827659419914, '_a7_': -0.5585066765697194, '_a1_': 1.0, '_a3_': 1.0, '_a4_': 1.0, '_a5_': 1.0, '_a6_': 1.0}};{'d0': 0.024905832919416653};-280.569866449044;39.571548150749194
26666;-100.713385073773;(((pow2((_a7_ * (x + pow2(_a7_)))) * _a0_) + (_a2_ + _a7_)) * x);{'d0': {'_a0_': 10.82539044457206, '_a2_': 2.0050827659419914, '_a7_': -0.5585066765697194, '_a1_': 1.0, '_a3_': 1.0, '_a4_': 1.0, '_a5_': 1.0, '_a6_': 1.0}};{'d0': 0.024905832919416653};-280.569866449044;39.571548150749194
26667;-100.713385073773;(((pow2((_a7_ * (x + pow2(_a7_)))) * _a0_) + (_a2_ + _a7_)) * x);{'d0': {'_a0_': 10.82539044457206, '_a2_': 2.0050827659419914, '_a7_': -0.5585066765697194, '_a1_': 1.0, '_a3_': 1.0, '_a4_': 1.0, '_a5_': 1.0, '_a6_': 1.0}};{'d0': 0.024905832919416653};-280.569866449044;39.571548150749194
26668;-100.713385073773;(((pow2((_a7_ * (x + pow2(_a7_)))) * _a0_) + (_a2_ + _a7_)) * x);{'d0': {'_a0_': 10.82539044457206, '_a2_': 2.0050827659419914, '_a7_': -0.5585066765697194, '_a1_': 1.0, '_a3_': 1.0, '_a4_': 1.0, '_a5_': 1.0, '_a6_': 1.0}};{'d0': 0.024905832919416653};-280.569866449044;39.571548150749194
26669;-100.713385073773;(((pow2((_a7_ * (x + pow2(_a7_)))) * _a0_) + (_a2_ + _a7_)) * x);{'d0': {'_a0_': 10.82539044457206, '_a2_': 2.0050827659419914, '_a7_': -0.5585066765697194, '_a1_': 1.0, '_a3_': 1.0, '_a4_': 1.0, '_a5_': 1.0, '_a6_': 1.0}};{'d0': 0.024905832919416653};-280.569866449044;39.571548150749194
26670;-100.713385073773;(((pow2((_a7_ * (x + pow2(_a7_)))) * _a0_) + (_a2_ + _a7_)) * x);{'d0': {'_a0_': 10.82539044457206, '_a2_': 2.0050827659419914, '_a7_': -0.5585066765697194, '_a1_': 1.0, '_a3_': 1.0, '_a4_': 1.0, '_a5_': 1.0, '_a6_': 1.0}};{'d0': 0.024905832919416653};-280.569866449044;39.571548150749194
26671;-100.713385073773;(((pow2((_a7_ * (x + pow2(_a7_)))) * _a0_) + (_a2_ + _a7_)) * x);{'d0': {'_a0_': 10.82539044457206, '_a2_': 2.0050827659419914, '_a7_': -0.5585066765697194, '_a1_': 1.0, '_a3_': 1.0, '_a4_': 1.0, '_a5_': 1.0, '_a6_': 1.0}};{'d0': 0.024905832919416653};-280.569866449044;39.571548150749194
26672;-100.713385073773;(((pow2((_a7_ * (x + pow2(_a7_)))) * _a0_) + (_a2_ + _a7_)) * x);{'d0': {'_a0_': 10.82539044457206, '_a2_': 2.0050827659419914, '_a7_': -0.5585066765697194, '_a1_': 1.0, '_a3_': 1.0, '_a4_': 1.0, '_a5_': 1.0, '_a6_': 1.0}};{'d0': 0.024905832919416653};-280.569866449044;39.571548150749194
26673;-100.713385073773;(((pow2((_a7_ * (x + pow2(_a7_)))) * _a0_) + (_a2_ + _a7_)) * x);{'d0': {'_a0_': 10.82539044457206, '_a2_': 2.0050827659419914, '_a7_': -0.5585066765697194, '_a1_': 1.0, '_a3_': 1.0, '_a4_': 1.0, '_a5_': 1.0, '_a6_': 1.0}};{'d0': 0.024905832919416653};-280.569866449044;39.571548150749194
26674;-100.713385073773;(((pow2((_a7_ * (x + pow2(_a7_)))) * _a0_) + (_a2_ + _a7_)) * x);{'d0': {'_a0_': 10.82539044457206, '_a2_': 2.0050827659419914, '_a7_': -0.5585066765697194, '_a1_': 1.0, '_a3_': 1.0, '_a4_': 1.0, '_a5_': 1.0, '_a6_': 1.0}};{'d0': 0.024905832919416653};-280.569866449044;39.571548150749194
26675;-100.713385073773;(((pow2((_a7_ * (x + pow2(_a7_)))) * _a0_) + (_a2_ + _a7_)) * x);{'d0': {'_a0_': 10.82539044457206, '_a2_': 2.0050827659419914, '_a7_': -0.5585066765697194, '_a1_': 1.0, '_a3_': 1.0, '_a4_': 1.0, '_a5_': 1.0, '_a6_': 1.0}};{'d0': 0.024905832919416653};-280.569866449044;39.571548150749194
26676;-100.713385073773;(((pow2((_a7_ * (x + pow2(_a7_)))) * _a0_) + (_a2_ + _a7_)) * x);{'d0': {'_a0_': 10.82539044457206, '_a2_': 2.0050827659419914, '_a7_': -0.5585066765697194, '_a1_': 1.0, '_a3_': 1.0, '_a4_': 1.0, '_a5_': 1.0, '_a6_': 1.0}};{'d0': 0.024905832919416653};-280.569866449044;39.571548150749194
26677;-100.713385073773;(((pow2((_a7_ * (x + pow2(_a7_)))) * _a0_) + (_a2_ + _a7_)) * x);{'d0': {'_a0_': 10.82539044457206, '_a2_': 2.0050827659419914, '_a7_': -0.5585066765697194, '_a1_': 1.0, '_a3_': 1.0, '_a4_': 1.0, '_a5_': 1.0, '_a6_': 1.0}};{'d0': 0.024905832919416653};-280.569866449044;39.571548150749194
26678;-100.713385073773;(((pow2((_a7_ * (x + pow2(_a7_)))) * _a0_) + (_a2_ + _a7_)) * x);{'d0': {'_a0_': 10.82539044457206, '_a2_': 2.0050827659419914, '_a7_': -0.5585066765697194, '_a1_': 1.0, '_a3_': 1.0, '_a4_': 1.0, '_a5_': 1.0, '_a6_': 1.0}};{'d0': 0.024905832919416653};-280.569866449044;39.571548150749194
26679;-100.713385073773;(((pow2((_a7_ * (x + pow2(_a7_)))) * _a0_) + (_a2_ + _a7_)) * x);{'d0': {'_a0_': 10.82539044457206, '_a2_': 2.0050827659419914, '_a7_': -0.5585066765697194, '_a1_': 1.0, '_a3_': 1.0, '_a4_': 1.0, '_a5_': 1.0, '_a6_': 1.0}};{'d0': 0.024905832919416653};-280.569866449044;39.571548150749194
26680;-100.833694356401;(((pow2((_a7_ * (x + pow2(_a7_)))) * _a0_) + (_a2_ / _a7_)) * x);{'d0': {'_a0_': 10.825390441579893, '_a2_': -0.8079224043585915, '_a7_': -0.558506676651656, '_a1_': 1.0, '_a3_': 1.0, '_a4_': 1.0, '_a5_': 1.0, '_a6_': 1.0}};{'d0': 0.024905832919416598};-280.569866449044;39.45123886812159
26681;-100.833694356401;(((pow2((_a7_ * (x + pow2(_a7_)))) * _a0_) + (_a2_ / _a7_)) * x);{'d0': {'_a0_': 10.825390441579893, '_a2_': -0.8079224043585915, '_a7_': -0.558506676651656, '_a1_': 1.0, '_a3_': 1.0, '_a4_': 1.0, '_a5_': 1.0, '_a6_': 1.0}};{'d0': 0.024905832919416598};-280.569866449044;39.45123886812159
26682;-100.833694356401;(((pow2((_a7_ * (x + pow2(_a7_)))) * _a0_) + (_a2_ / _a7_)) * x);{'d0': {'_a0_': 10.825390441579893, '_a2_': -0.8079224043585915, '_a7_': -0.558506676651656, '_a1_': 1.0, '_a3_': 1.0, '_a4_': 1.0, '_a5_': 1.0, '_a6_': 1.0}};{'d0': 0.024905832919416598};-280.569866449044;39.45123886812159
26683;-97.2393130445056;(((_a0_ + (x * (_a6_ + x))) + (_a3_ + _a6_)) * (_a0_ * (x * _a6_)));{'d0': {'_a0_': 5.4126952227424825, '_a3_': -5.510862868071152, '_a6_': 0.6238594156707853, '_a1_': 1.0, '_a2_': 1.0, '_a4_': 1.0, '_a5_': 1.0, '_a7_': 1.0}};{'d0': 0.024905832919416646};-280.569866449044;43.0456201800161
26684;-97.2393130445056;(((_a0_ + (x * (_a6_ + x))) + (_a3_ + _a6_)) * (_a0_ * (x * _a6_)));{'d0': {'_a0_': 5.4126952227424825, '_a3_': -5.510862868071152, '_a6_': 0.6238594156707853, '_a1_': 1.0, '_a2_': 1.0, '_a4_': 1.0, '_a5_': 1.0, '_a7_': 1.0}};{'d0': 0.024905832919416646};-280.569866449044;43.0456201800161
26685;-103.159914093536;(((_a0_ + (x * (_a6_ + x))) + _a7_) * (_a0_ * (x * _a6_)));{'d0': {'_a0_': 5.412695221814923, '_a6_': 0.6238594156820941, '_a7_': -4.887003451359868, '_a1_': 1.0, '_a2_': 1.0, '_a3_': 1.0, '_a4_': 1.0, '_a5_': 1.0}};{'d0': 0.02490583291941665};-280.569866449044;37.125019130986104
26686;-103.159914093536;(((_a0_ + (x * (_a6_ + x))) + _a7_) * (_a0_ * (x * _a6_)));{'d0': {'_a0_': 5.412695221814923, '_a6_': 0.6238594156820941, '_a7_': -4.887003451359868, '_a1_': 1.0, '_a2_': 1.0, '_a3_': 1.0, '_a4_': 1.0, '_a5_': 1.0}};{'d0': 0.02490583291941665};-280.569866449044;37.125019130986104
26687;-103.159914093536;(((_a0_ + (x * (_a6_ + x))) + _a7_) * (_a0_ * (x * _a6_)));{'d0': {'_a0_': 5.412695221814923, '_a6_': 0.6238594156820941, '_a7_': -4.887003451359868, '_a1_': 1.0, '_a2_': 1.0, '_a3_': 1.0, '_a4_': 1.0, '_a5_': 1.0}};{'d0': 0.02490583291941665};-280.569866449044;37.125019130986104
26688;-103.159914093536;(((_a0_ + (x * (_a6_ + x))) + _a7_) * (_a0_ * (x * _a6_)));{'d0': {'_a0_': 5.412695221814923, '_a6_': 0.6238594156820941, '_a7_': -4.887003451359868, '_a1_': 1.0, '_a2_': 1.0, '_a3_': 1.0, '_a4_': 1.0, '_a5_': 1.0}};{'d0': 0.02490583291941665};-280.569866449044;37.125019130986104
26689;-103.159914093536;(((_a0_ + (x * (_a6_ + x))) + _a7_) * (_a0_ * (x * _a6_)));{'d0': {'_a0_': 5.412695221814923, '_a6_': 0.6238594156820941, '_a7_': -4.887003451359868, '_a1_': 1.0, '_a2_': 1.0, '_a3_': 1.0, '_a4_': 1.0, '_a5_': 1.0}};{'d0': 0.02490583291941665};-280.569866449044;37.125019130986104
26690;-103.159914093536;(((_a0_ + (x * (_a6_ + x))) + _a7_) * (_a0_ * (x * _a6_)));{'d0': {'_a0_': 5.412695221814923, '_a6_': 0.6238594156820941, '_a7_': -4.887003451359868, '_a1_': 1.0, '_a2_': 1.0, '_a3_': 1.0, '_a4_': 1.0, '_a5_': 1.0}};{'d0': 0.02490583291941665};-280.569866449044;37.125019130986104
26691;-103.159914093536;(((_a0_ + (x * (_a6_ + x))) + _a7_) * (_a0_ * (x * _a6_)));{'d0': {'_a0_': 5.412695221814923, '_a6_': 0.6238594156820941, '_a7_': -4.887003451359868, '_a1_': 1.0, '_a2_': 1.0, '_a3_': 1.0, '_a4_': 1.0, '_a5_': 1.0}};{'d0': 0.02490583291941665};-280.569866449044;37.125019130986104
26692;-103.159914093536;(((_a0_ + (x * (_a6_ + x))) + _a7_) * (_a0_ * (x * _a6_)));{'d0': {'_a0_': 5.412695221814923, '_a6_': 0.6238594156820941, '_a7_': -4.887003451359868, '_a1_': 1.0, '_a2_': 1.0, '_a3_': 1.0, '_a4_': 1.0, '_a5_': 1.0}};{'d0': 0.02490583291941665};-280.569866449044;37.125019130986104
26693;-103.159914093536;(((_a0_ + (x * (_a6_ + x))) + _a7_) * (_a0_ * (x * _a6_)));{'d0': {'_a0_': 5.412695221814923, '_a6_': 0.6238594156820941, '_a7_': -4.887003451359868, '_a1_': 1.0, '_a2_': 1.0, '_a3_': 1.0, '_a4_': 1.0, '_a5_': 1.0}};{'d0': 0.02490583291941665};-280.569866449044;37.125019130986104
26694;-103.159914093536;(((_a0_ + (x * (_a6_ + x))) + _a7_) * (_a0_ * (x * _a6_)));{'d0': {'_a0_': 5.412695221814923, '_a6_': 0.6238594156820941, '_a7_': -4.887003451359868, '_a1_': 1.0, '_a2_': 1.0, '_a3_': 1.0, '_a4_': 1.0, '_a5_': 1.0}};{'d0': 0.02490583291941665};-280.569866449044;37.125019130986104
26695;-103.159914093536;(((_a0_ + (x * (_a6_ + x))) + _a7_) * (_a0_ * (x * _a6_)));{'d0': {'_a0_': 5.412695221814923, '_a6_': 0.6238594156820941, '_a7_': -4.887003451359868, '_a1_': 1.0, '_a2_': 1.0, '_a3_': 1.0, '_a4_': 1.0, '_a5_': 1.0}};{'d0': 0.02490583291941665};-280.569866449044;37.125019130986104
26696;-103.159914093536;(((_a0_ + (x * (_a6_ + x))) + _a7_) * (_a0_ * (x * _a6_)));{'d0': {'_a0_': 5.412695221814923, '_a6_': 0.6238594156820941, '_a7_': -4.887003451359868, '_a1_': 1.0, '_a2_': 1.0, '_a3_': 1.0, '_a4_': 1.0, '_a5_': 1.0}};{'d0': 0.02490583291941665};-280.569866449044;37.125019130986104
26697;-103.159914093536;(((_a0_ + (x * (_a6_ + x))) + _a7_) * (_a0_ * (x * _a6_)));{'d0': {'_a0_': 5.412695221814923, '_a6_': 0.6238594156820941, '_a7_': -4.887003451359868, '_a1_': 1.0, '_a2_': 1.0, '_a3_': 1.0, '_a4_': 1.0, '_a5_': 1.0}};{'d0': 0.02490583291941665};-280.569866449044;37.125019130986104
26698;-103.159914093536;(((_a0_ + (x * (_a6_ + x))) + _a7_) * (_a0_ * (x * _a6_)));{'d0': {'_a0_': 5.412695221814923, '_a6_': 0.6238594156820941, '_a7_': -4.887003451359868, '_a1_': 1.0, '_a2_': 1.0, '_a3_': 1.0, '_a4_': 1.0, '_a5_': 1.0}};{'d0': 0.02490583291941665};-280.569866449044;37.125019130986104
26699;-103.159914093536;(((_a0_ + (x * (_a6_ + x))) + _a7_) * (_a0_ * (x * _a6_)));{'d0': {'_a0_': 5.412695221814923, '_a6_': 0.6238594156820941, '_a7_': -4.887003451359868, '_a1_': 1.0, '_a2_': 1.0, '_a3_': 1.0, '_a4_': 1.0, '_a5_': 1.0}};{'d0': 0.02490583291941665};-280.569866449044;37.125019130986104
26700;-103.159914093536;(((_a0_ + (x * (_a6_ + x))) + _a7_) * (_a0_ * (x * _a6_)));{'d0': {'_a0_': 5.412695221814923, '_a6_': 0.6238594156820941, '_a7_': -4.887003451359868, '_a1_': 1.0, '_a2_': 1.0, '_a3_': 1.0, '_a4_': 1.0, '_a5_': 1.0}};{'d0': 0.02490583291941665};-280.569866449044;37.125019130986104
26701;-103.159914093536;(((_a0_ + (x * (_a6_ + x))) + _a7_) * (_a0_ * (x * _a6_)));{'d0': {'_a0_': 5.412695221814923, '_a6_': 0.6238594156820941, '_a7_': -4.887003451359868, '_a1_': 1.0, '_a2_': 1.0, '_a3_': 1.0, '_a4_': 1.0, '_a5_': 1.0}};{'d0': 0.02490583291941665};-280.569866449044;37.125019130986104
26702;-103.159914093536;(((_a0_ + (x * (_a6_ + x))) + _a7_) * (_a0_ * (x * _a6_)));{'d0': {'_a0_': 5.412695221814923, '_a6_': 0.6238594156820941, '_a7_': -4.887003451359868, '_a1_': 1.0, '_a2_': 1.0, '_a3_': 1.0, '_a4_': 1.0, '_a5_': 1.0}};{'d0': 0.02490583291941665};-280.569866449044;37.125019130986104
26703;-103.159914093536;(((_a0_ + (x * (_a6_ + x))) + _a7_) * (_a0_ * (x * _a6_)));{'d0': {'_a0_': 5.412695221814923, '_a6_': 0.6238594156820941, '_a7_': -4.887003451359868, '_a1_': 1.0, '_a2_': 1.0, '_a3_': 1.0, '_a4_': 1.0, '_a5_': 1.0}};{'d0': 0.02490583291941665};-280.569866449044;37.125019130986104
26704;-103.159914093536;(((_a0_ + (x * (_a6_ + x))) + _a7_) * (_a0_ * (x * _a6_)));{'d0': {'_a0_': 5.412695221814923, '_a6_': 0.6238594156820941, '_a7_': -4.887003451359868, '_a1_': 1.0, '_a2_': 1.0, '_a3_': 1.0, '_a4_': 1.0, '_a5_': 1.0}};{'d0': 0.02490583291941665};-280.569866449044;37.125019130986104
26705;-103.159914093536;(((_a0_ + (x * (_a6_ + x))) + _a7_) * (_a0_ * (x * _a6_)));{'d0': {'_a0_': 5.412695221814923, '_a6_': 0.6238594156820941, '_a7_': -4.887003451359868, '_a1_': 1.0, '_a2_': 1.0, '_a3_': 1.0, '_a4_': 1.0, '_a5_': 1.0}};{'d0': 0.02490583291941665};-280.569866449044;37.125019130986104
26706;-103.159914093536;(((_a0_ + (x * (_a6_ + x))) + _a7_) * (_a0_ * (x * _a6_)));{'d0': {'_a0_': 5.412695221814923, '_a6_': 0.6238594156820941, '_a7_': -4.887003451359868, '_a1_': 1.0, '_a2_': 1.0, '_a3_': 1.0, '_a4_': 1.0, '_a5_': 1.0}};{'d0': 0.02490583291941665};-280.569866449044;37.125019130986104
26707;-103.159914093536;(((_a0_ + (x * (_a6_ + x))) + _a7_) * (_a0_ * (x * _a6_)));{'d0': {'_a0_': 5.412695221814923, '_a6_': 0.6238594156820941, '_a7_': -4.887003451359868, '_a1_': 1.0, '_a2_': 1.0, '_a3_': 1.0, '_a4_': 1.0, '_a5_': 1.0}};{'d0': 0.02490583291941665};-280.569866449044;37.125019130986104
26708;-103.159914093536;(((_a0_ + (x * (_a6_ + x))) + _a7_) * (_a0_ * (x * _a6_)));{'d0': {'_a0_': 5.412695221814923, '_a6_': 0.6238594156820941, '_a7_': -4.887003451359868, '_a1_': 1.0, '_a2_': 1.0, '_a3_': 1.0, '_a4_': 1.0, '_a5_': 1.0}};{'d0': 0.02490583291941665};-280.569866449044;37.125019130986104
26709;-103.159914093536;(((_a0_ + (x * (_a6_ + x))) + _a7_) * (_a0_ * (x * _a6_)));{'d0': {'_a0_': 5.412695221814923, '_a6_': 0.6238594156820941, '_a7_': -4.887003451359868, '_a1_': 1.0, '_a2_': 1.0, '_a3_': 1.0, '_a4_': 1.0, '_a5_': 1.0}};{'d0': 0.02490583291941665};-280.569866449044;37.125019130986104
26710;-103.159914093536;(((_a0_ + (x * (_a6_ + x))) + _a7_) * (_a0_ * (x * _a6_)));{'d0': {'_a0_': 5.412695221814923, '_a6_': 0.6238594156820941, '_a7_': -4.887003451359868, '_a1_': 1.0, '_a2_': 1.0, '_a3_': 1.0, '_a4_': 1.0, '_a5_': 1.0}};{'d0': 0.02490583291941665};-280.569866449044;37.125019130986104
26711;-103.159914093536;(((_a0_ + (x * (_a6_ + x))) + _a7_) * (_a0_ * (x * _a6_)));{'d0': {'_a0_': 5.412695221814923, '_a6_': 0.6238594156820941, '_a7_': -4.887003451359868, '_a1_': 1.0, '_a2_': 1.0, '_a3_': 1.0, '_a4_': 1.0, '_a5_': 1.0}};{'d0': 0.02490583291941665};-280.569866449044;37.125019130986104
26712;-103.159914093536;(((_a0_ + (x * (_a6_ + x))) + _a7_) * (_a0_ * (x * _a6_)));{'d0': {'_a0_': 5.412695221814923, '_a6_': 0.6238594156820941, '_a7_': -4.887003451359868, '_a1_': 1.0, '_a2_': 1.0, '_a3_': 1.0, '_a4_': 1.0, '_a5_': 1.0}};{'d0': 0.02490583291941665};-280.569866449044;37.125019130986104
26713;-103.159914093536;(((_a0_ + (x * (_a6_ + x))) + _a7_) * (_a0_ * (x * _a6_)));{'d0': {'_a0_': 5.412695221814923, '_a6_': 0.6238594156820941, '_a7_': -4.887003451359868, '_a1_': 1.0, '_a2_': 1.0, '_a3_': 1.0, '_a4_': 1.0, '_a5_': 1.0}};{'d0': 0.02490583291941665};-280.569866449044;37.125019130986104
26714;-103.159914093536;(((_a0_ + (x * (_a6_ + x))) + _a7_) * (_a0_ * (x * _a6_)));{'d0': {'_a0_': 5.412695221814923, '_a6_': 0.6238594156820941, '_a7_': -4.887003451359868, '_a1_': 1.0, '_a2_': 1.0, '_a3_': 1.0, '_a4_': 1.0, '_a5_': 1.0}};{'d0': 0.02490583291941665};-280.569866449044;37.125019130986104
26715;-103.159914093536;(((_a0_ + (x * (_a6_ + x))) + _a7_) * (_a0_ * (x * _a6_)));{'d0': {'_a0_': 5.412695221814923, '_a6_': 0.6238594156820941, '_a7_': -4.887003451359868, '_a1_': 1.0, '_a2_': 1.0, '_a3_': 1.0, '_a4_': 1.0, '_a5_': 1.0}};{'d0': 0.02490583291941665};-280.569866449044;37.125019130986104
26716;-103.159914093536;(((_a0_ + (x * (_a6_ + x))) + _a7_) * (_a0_ * (x * _a6_)));{'d0': {'_a0_': 5.412695221814923, '_a6_': 0.6238594156820941, '_a7_': -4.887003451359868, '_a1_': 1.0, '_a2_': 1.0, '_a3_': 1.0, '_a4_': 1.0, '_a5_': 1.0}};{'d0': 0.02490583291941665};-280.569866449044;37.125019130986104
26717;-103.159914093536;(((_a0_ + (x * (_a6_ + x))) + _a7_) * (_a0_ * (x * _a6_)));{'d0': {'_a0_': 5.412695221814923, '_a6_': 0.6238594156820941, '_a7_': -4.887003451359868, '_a1_': 1.0, '_a2_': 1.0, '_a3_': 1.0, '_a4_': 1.0, '_a5_': 1.0}};{'d0': 0.02490583291941665};-280.569866449044;37.125019130986104
26718;-103.159914093536;(((_a0_ + (x * (_a6_ + x))) + _a7_) * (_a0_ * (x * _a6_)));{'d0': {'_a0_': 5.412695221814923, '_a6_': 0.6238594156820941, '_a7_': -4.887003451359868, '_a1_': 1.0, '_a2_': 1.0, '_a3_': 1.0, '_a4_': 1.0, '_a5_': 1.0}};{'d0': 0.02490583291941665};-280.569866449044;37.125019130986104
26719;-103.159914093536;(((_a0_ + (x * (_a6_ + x))) + _a7_) * (_a0_ * (x * _a6_)));{'d0': {'_a0_': 5.412695221814923, '_a6_': 0.6238594156820941, '_a7_': -4.887003451359868, '_a1_': 1.0, '_a2_': 1.0, '_a3_': 1.0, '_a4_': 1.0, '_a5_': 1.0}};{'d0': 0.02490583291941665};-280.569866449044;37.125019130986104
26720;-103.159914093536;(((_a0_ + (x * (_a6_ + x))) + _a7_) * (_a0_ * (x * _a6_)));{'d0': {'_a0_': 5.412695221814923, '_a6_': 0.6238594156820941, '_a7_': -4.887003451359868, '_a1_': 1.0, '_a2_': 1.0, '_a3_': 1.0, '_a4_': 1.0, '_a5_': 1.0}};{'d0': 0.02490583291941665};-280.569866449044;37.125019130986104
26721;-103.159914093536;(((_a0_ + (x * (_a6_ + x))) + _a7_) * (_a0_ * (x * _a6_)));{'d0': {'_a0_': 5.412695221814923, '_a6_': 0.6238594156820941, '_a7_': -4.887003451359868, '_a1_': 1.0, '_a2_': 1.0, '_a3_': 1.0, '_a4_': 1.0, '_a5_': 1.0}};{'d0': 0.02490583291941665};-280.569866449044;37.125019130986104
26722;-103.159914093536;(((_a0_ + (x * (_a6_ + x))) + _a7_) * (_a0_ * (x * _a6_)));{'d0': {'_a0_': 5.412695221814923, '_a6_': 0.6238594156820941, '_a7_': -4.887003451359868, '_a1_': 1.0, '_a2_': 1.0, '_a3_': 1.0, '_a4_': 1.0, '_a5_': 1.0}};{'d0': 0.02490583291941665};-280.569866449044;37.125019130986104
26723;-103.159914093536;(((_a0_ + (x * (_a6_ + x))) + _a7_) * (_a0_ * (x * _a6_)));{'d0': {'_a0_': 5.412695221814923, '_a6_': 0.6238594156820941, '_a7_': -4.887003451359868, '_a1_': 1.0, '_a2_': 1.0, '_a3_': 1.0, '_a4_': 1.0, '_a5_': 1.0}};{'d0': 0.02490583291941665};-280.569866449044;37.125019130986104
26724;-92.3379251153544;((x * ((x * (x + (_a3_ * (((_a6_ * x) / _a3_) + _a0_)))) + _a3_)) * _a0_);{'d0': {'_a0_': 1.186739931061766, '_a3_': 1.4958082709914047, '_a6_': 1.8454093345092548, '_a1_': 1.0, '_a2_': 1.0, '_a4_': 1.0, '_a5_': 1.0, '_a7_': 1.0}};{'d0': 0.024905832919416625};-280.569866449044;47.9470081091674
26725;-92.3379251153544;((x * ((x * (x + (_a3_ * (((_a6_ * x) / _a3_) + _a0_)))) + _a3_)) * _a0_);{'d0': {'_a0_': 1.186739931061766, '_a3_': 1.4958082709914047, '_a6_': 1.8454093345092548, '_a1_': 1.0, '_a2_': 1.0, '_a4_': 1.0, '_a5_': 1.0, '_a7_': 1.0}};{'d0': 0.024905832919416625};-280.569866449044;47.9470081091674
26726;-92.3379251153544;((x * ((x * (x + (_a3_ * (((_a6_ * x) / _a3_) + _a0_)))) + _a3_)) * _a0_);{'d0': {'_a0_': 1.186739931061766, '_a3_': 1.4958082709914047, '_a6_': 1.8454093345092548, '_a1_': 1.0, '_a2_': 1.0, '_a4_': 1.0, '_a5_': 1.0, '_a7_': 1.0}};{'d0': 0.024905832919416625};-280.569866449044;47.9470081091674
26727;-92.3379251153543;((x * ((x * (x + (_a3_ * (((_a6_ * x) / _a3_) + _a3_)))) + _a3_)) * _a0_);{'d0': {'_a0_': 1.4958082665825887, '_a3_': 1.186739933915572, '_a6_': 1.257482432193538, '_a1_': 1.0, '_a2_': 1.0, '_a4_': 1.0, '_a5_': 1.0, '_a7_': 1.0}};{'d0': 0.024905832919416653};-280.569866449044;47.9470081091674
26728;-97.3596223271333;((x * ((x * (x + (_a3_ * ((_a7_ / _a3_) + _a3_)))) + _a3_)) * _a0_);{'d0': {'_a0_': 3.376760877965965, '_a3_': 0.5256917704737162, '_a7_': 0.347507578041421, '_a1_': 1.0, '_a2_': 1.0, '_a4_': 1.0, '_a5_': 1.0, '_a6_': 1.0}};{'d0': 0.02490583291941665};-280.569866449044;42.9253108973884
26729;-103.159914093536;(((_a0_ + (x * (_a6_ + x))) + _a7_) * (_a0_ * (x * _a6_)));{'d0': {'_a0_': 5.412695221814923, '_a6_': 0.6238594156820941, '_a7_': -4.887003451359868, '_a1_': 1.0, '_a2_': 1.0, '_a3_': 1.0, '_a4_': 1.0, '_a5_': 1.0}};{'d0': 0.02490583291941665};-280.569866449044;37.125019130986104
26730;-103.159914093536;(((_a0_ + (x * (_a6_ + x))) + _a7_) * (_a0_ * (x * _a6_)));{'d0': {'_a0_': 5.412695221814923, '_a6_': 0.6238594156820941, '_a7_': -4.887003451359868, '_a1_': 1.0, '_a2_': 1.0, '_a3_': 1.0, '_a4_': 1.0, '_a5_': 1.0}};{'d0': 0.02490583291941665};-280.569866449044;37.125019130986104
26731;-103.159914093536;(((_a0_ + (x * (_a6_ + x))) + _a7_) * (_a0_ * (x * _a6_)));{'d0': {'_a0_': 5.412695221814923, '_a6_': 0.6238594156820941, '_a7_': -4.887003451359868, '_a1_': 1.0, '_a2_': 1.0, '_a3_': 1.0, '_a4_': 1.0, '_a5_': 1.0}};{'d0': 0.02490583291941665};-280.569866449044;37.125019130986104
26732;-103.159914093536;(((_a0_ + (x * (_a6_ + x))) + _a7_) * (_a0_ * (x * _a6_)));{'d0': {'_a0_': 5.412695221814923, '_a6_': 0.6238594156820941, '_a7_': -4.887003451359868, '_a1_': 1.0, '_a2_': 1.0, '_a3_': 1.0, '_a4_': 1.0, '_a5_': 1.0}};{'d0': 0.02490583291941665};-280.569866449044;37.125019130986104
26733;-103.159914093536;(((_a0_ + (x * (_a6_ + x))) + _a7_) * (_a0_ * (x * _a6_)));{'d0': {'_a0_': 5.412695221814923, '_a6_': 0.6238594156820941, '_a7_': -4.887003451359868, '_a1_': 1.0, '_a2_': 1.0, '_a3_': 1.0, '_a4_': 1.0, '_a5_': 1.0}};{'d0': 0.02490583291941665};-280.569866449044;37.125019130986104
26734;-97.3596223271333;((x * ((x * (x + (_a3_ * ((_a7_ / _a3_) + _a3_)))) + _a3_)) * _a0_);{'d0': {'_a0_': 3.376760877965965, '_a3_': 0.5256917704737162, '_a7_': 0.347507578041421, '_a1_': 1.0, '_a2_': 1.0, '_a4_': 1.0, '_a5_': 1.0, '_a6_': 1.0}};{'d0': 0.02490583291941665};-280.569866449044;42.9253108973884
26735;-97.3596223271333;((x * ((x * (x + (_a3_ * ((_a7_ / _a3_) + _a3_)))) + _a3_)) * _a0_);{'d0': {'_a0_': 3.376760877965965, '_a3_': 0.5256917704737162, '_a7_': 0.347507578041421, '_a1_': 1.0, '_a2_': 1.0, '_a4_': 1.0, '_a5_': 1.0, '_a6_': 1.0}};{'d0': 0.02490583291941665};-280.569866449044;42.9253108973884
26736;-97.3596223271333;((x * ((x * (x + (_a3_ * ((_a7_ / _a3_) + _a3_)))) + _a3_)) * _a0_);{'d0': {'_a0_': 3.376760877965965, '_a3_': 0.5256917704737162, '_a7_': 0.347507578041421, '_a1_': 1.0, '_a2_': 1.0, '_a4_': 1.0, '_a5_': 1.0, '_a6_': 1.0}};{'d0': 0.02490583291941665};-280.569866449044;42.9253108973884
26737;-97.3596223271333;((x * ((x * (x + (_a3_ * ((_a7_ / _a3_) + _a3_)))) + _a3_)) * _a0_);{'d0': {'_a0_': 3.376760877965965, '_a3_': 0.5256917704737162, '_a7_': 0.347507578041421, '_a1_': 1.0, '_a2_': 1.0, '_a4_': 1.0, '_a5_': 1.0, '_a6_': 1.0}};{'d0': 0.02490583291941665};-280.569866449044;42.9253108973884
26738;-97.3596223271333;((x * ((x * (x + (_a3_ * ((_a7_ / _a3_) + _a3_)))) + _a3_)) * _a0_);{'d0': {'_a0_': 3.376760877965965, '_a3_': 0.5256917704737162, '_a7_': 0.347507578041421, '_a1_': 1.0, '_a2_': 1.0, '_a4_': 1.0, '_a5_': 1.0, '_a6_': 1.0}};{'d0': 0.02490583291941665};-280.569866449044;42.9253108973884
26739;-97.3596223271333;((x * ((x * (x + (_a3_ * ((_a7_ / _a3_) + _a3_)))) + _a3_)) * _a0_);{'d0': {'_a0_': 3.376760877965965, '_a3_': 0.5256917704737162, '_a7_': 0.347507578041421, '_a1_': 1.0, '_a2_': 1.0, '_a4_': 1.0, '_a5_': 1.0, '_a6_': 1.0}};{'d0': 0.02490583291941665};-280.569866449044;42.9253108973884
26740;-97.3596223271333;((x * ((x * (x + (_a3_ * ((_a7_ / _a3_) + _a3_)))) + _a3_)) * _a0_);{'d0': {'_a0_': 3.376760877965965, '_a3_': 0.5256917704737162, '_a7_': 0.347507578041421, '_a1_': 1.0, '_a2_': 1.0, '_a4_': 1.0, '_a5_': 1.0, '_a6_': 1.0}};{'d0': 0.02490583291941665};-280.569866449044;42.9253108973884
26741;-97.3596223271333;((x * ((x * (x + (_a3_ * ((_a7_ / _a3_) + _a3_)))) + _a3_)) * _a0_);{'d0': {'_a0_': 3.376760877965965, '_a3_': 0.5256917704737162, '_a7_': 0.347507578041421, '_a1_': 1.0, '_a2_': 1.0, '_a4_': 1.0, '_a5_': 1.0, '_a6_': 1.0}};{'d0': 0.02490583291941665};-280.569866449044;42.9253108973884
26742;-103.159914093536;((x * ((x * (x + (_a3_ * (_a2_ + _a3_)))) + _a3_)) * _a0_);{'d0': {'_a0_': 3.3767608751422915, '_a2_': 0.661048158916472, '_a3_': 0.5256917710437421, '_a1_': 1.0, '_a4_': 1.0, '_a5_': 1.0, '_a6_': 1.0, '_a7_': 1.0}};{'d0': 0.024905832919416646};-280.569866449044;37.125019130986
26743;-103.159914093536;((x * ((x * (x + (_a3_ * (_a2_ + _a3_)))) + _a3_)) * _a0_);{'d0': {'_a0_': 3.3767608751422915, '_a2_': 0.661048158916472, '_a3_': 0.5256917710437421, '_a1_': 1.0, '_a4_': 1.0, '_a5_': 1.0, '_a6_': 1.0, '_a7_': 1.0}};{'d0': 0.024905832919416646};-280.569866449044;37.125019130986
26744;-103.159914093536;((x * ((x * (x + (_a3_ * (_a2_ + _a3_)))) + _a3_)) * _a0_);{'d0': {'_a0_': 3.3767608751422915, '_a2_': 0.661048158916472, '_a3_': 0.5256917710437421, '_a1_': 1.0, '_a4_': 1.0, '_a5_': 1.0, '_a6_': 1.0, '_a7_': 1.0}};{'d0': 0.024905832919416646};-280.569866449044;37.125019130986
26745;-103.159914093536;((x * ((x * (x + (_a3_ * (_a2_ + _a3_)))) + _a3_)) * _a0_);{'d0': {'_a0_': 3.3767608751422915, '_a2_': 0.661048158916472, '_a3_': 0.5256917710437421, '_a1_': 1.0, '_a4_': 1.0, '_a5_': 1.0, '_a6_': 1.0, '_a7_': 1.0}};{'d0': 0.024905832919416646};-280.569866449044;37.125019130986
26746;-103.159914093536;((x * ((x * (x + (_a3_ * (_a2_ + _a3_)))) + _a3_)) * _a0_);{'d0': {'_a0_': 3.3767608751422915, '_a2_': 0.661048158916472, '_a3_': 0.5256917710437421, '_a1_': 1.0, '_a4_': 1.0, '_a5_': 1.0, '_a6_': 1.0, '_a7_': 1.0}};{'d0': 0.024905832919416646};-280.569866449044;37.125019130986
26747;-103.159914093536;((x * ((x * (x + (_a3_ * (_a2_ + _a3_)))) + _a3_)) * _a0_);{'d0': {'_a0_': 3.3767608751422915, '_a2_': 0.661048158916472, '_a3_': 0.5256917710437421, '_a1_': 1.0, '_a4_': 1.0, '_a5_': 1.0, '_a6_': 1.0, '_a7_': 1.0}};{'d0': 0.024905832919416646};-280.569866449044;37.125019130986
26748;-103.159914093536;((x * ((x * (x + (_a3_ * (_a2_ + _a3_)))) + _a3_)) * _a0_);{'d0': {'_a0_': 3.3767608751422915, '_a2_': 0.661048158916472, '_a3_': 0.5256917710437421, '_a1_': 1.0, '_a4_': 1.0, '_a5_': 1.0, '_a6_': 1.0, '_a7_': 1.0}};{'d0': 0.024905832919416646};-280.569866449044;37.125019130986
26749;-103.159914093536;((x * ((x * (x + (_a3_ * (_a2_ + _a3_)))) + _a3_)) * _a0_);{'d0': {'_a0_': 3.3767608751422915, '_a2_': 0.661048158916472, '_a3_': 0.5256917710437421, '_a1_': 1.0, '_a4_': 1.0, '_a5_': 1.0, '_a6_': 1.0, '_a7_': 1.0}};{'d0': 0.024905832919416646};-280.569866449044;37.125019130986
26750;-103.159914093536;((x * ((x * (x + (_a3_ * (_a2_ + _a3_)))) + _a3_)) * _a0_);{'d0': {'_a0_': 3.3767608751422915, '_a2_': 0.661048158916472, '_a3_': 0.5256917710437421, '_a1_': 1.0, '_a4_': 1.0, '_a5_': 1.0, '_a6_': 1.0, '_a7_': 1.0}};{'d0': 0.024905832919416646};-280.569866449044;37.125019130986
26751;-103.159914093536;((x * ((x * (x + (_a3_ * (_a2_ + _a3_)))) + _a3_)) * _a0_);{'d0': {'_a0_': 3.3767608751422915, '_a2_': 0.661048158916472, '_a3_': 0.5256917710437421, '_a1_': 1.0, '_a4_': 1.0, '_a5_': 1.0, '_a6_': 1.0, '_a7_': 1.0}};{'d0': 0.024905832919416646};-280.569866449044;37.125019130986
26752;-103.159914093536;((x * ((x * (x + (_a3_ * (_a2_ + _a3_)))) + _a3_)) * _a0_);{'d0': {'_a0_': 3.3767608751422915, '_a2_': 0.661048158916472, '_a3_': 0.5256917710437421, '_a1_': 1.0, '_a4_': 1.0, '_a5_': 1.0, '_a6_': 1.0, '_a7_': 1.0}};{'d0': 0.024905832919416646};-280.569866449044;37.125019130986
26753;-74.0287661762359;(((pow2(((_a5_ * _a1_) * (((_a1_ / _a5_) + ((_a2_ + _a1_) * (-(_a1_) * x))) / _a2_))) * _a2_) + _a1_) * x);{'d0': {'_a1_': 1.4465760908800185, '_a2_': 13.327581507842593, '_a5_': -0.21699040689228558, '_a0_': 1.0, '_a3_': 1.0, '_a4_': 1.0, '_a6_': 1.0, '_a7_': 1.0}};{'d0': 0.024905832919416587};-280.569866449044;66.25616704828595
26754;-103.159914093536;((x * ((x * (x + (_a3_ * (_a2_ + _a3_)))) + _a3_)) * _a0_);{'d0': {'_a0_': 3.3767608751422915, '_a2_': 0.661048158916472, '_a3_': 0.5256917710437421, '_a1_': 1.0, '_a4_': 1.0, '_a5_': 1.0, '_a6_': 1.0, '_a7_': 1.0}};{'d0': 0.024905832919416646};-280.569866449044;37.125019130986
26755;-103.159914093536;((x * ((x * (x + (_a3_ * (_a2_ + _a3_)))) + _a3_)) * _a0_);{'d0': {'_a0_': 3.3767608751422915, '_a2_': 0.661048158916472, '_a3_': 0.5256917710437421, '_a1_': 1.0, '_a4_': 1.0, '_a5_': 1.0, '_a6_': 1.0, '_a7_': 1.0}};{'d0': 0.024905832919416646};-280.569866449044;37.125019130986
26756;-74.0287661762359;(((pow2(((_a5_ * _a1_) * (((_a1_ / _a5_) + ((_a2_ + _a1_) * (-(_a1_) * x))) / _a2_))) * _a2_) + _a1_) * x);{'d0': {'_a1_': 1.4465760908800185, '_a2_': 13.327581507842593, '_a5_': -0.21699040689228558, '_a0_': 1.0, '_a3_': 1.0, '_a4_': 1.0, '_a6_': 1.0, '_a7_': 1.0}};{'d0': 0.024905832919416587};-280.569866449044;66.25616704828595
26757;-74.0287661762359;(((pow2(((_a5_ * _a1_) * (((_a1_ / _a5_) + ((_a2_ + _a1_) * (-(_a1_) * x))) / _a2_))) * _a2_) + _a1_) * x);{'d0': {'_a1_': 1.4465760908800185, '_a2_': 13.327581507842593, '_a5_': -0.21699040689228558, '_a0_': 1.0, '_a3_': 1.0, '_a4_': 1.0, '_a6_': 1.0, '_a7_': 1.0}};{'d0': 0.024905832919416587};-280.569866449044;66.25616704828595
26758;-74.0287661762359;(((pow2(((_a5_ * _a1_) * (((_a1_ / _a5_) + ((_a2_ + _a1_) * (-(_a1_) * x))) / _a2_))) * _a2_) + _a1_) * x);{'d0': {'_a1_': 1.4465760908800185, '_a2_': 13.327581507842593, '_a5_': -0.21699040689228558, '_a0_': 1.0, '_a3_': 1.0, '_a4_': 1.0, '_a6_': 1.0, '_a7_': 1.0}};{'d0': 0.024905832919416587};-280.569866449044;66.25616704828595
26759;-74.0287661762359;(((pow2(((_a5_ * _a1_) * (((_a1_ / _a5_) + ((_a2_ + _a1_) * (-(_a1_) * x))) / _a2_))) * _a2_) + _a1_) * x);{'d0': {'_a1_': 1.4465760908800185, '_a2_': 13.327581507842593, '_a5_': -0.21699040689228558, '_a0_': 1.0, '_a3_': 1.0, '_a4_': 1.0, '_a6_': 1.0, '_a7_': 1.0}};{'d0': 0.024905832919416587};-280.569866449044;66.25616704828595
26760;-74.0287661762359;(((pow2(((_a5_ * _a1_) * (((_a1_ / _a5_) + ((_a2_ + _a1_) * (-(_a1_) * x))) / _a2_))) * _a2_) + _a1_) * x);{'d0': {'_a1_': 1.4465760908800185, '_a2_': 13.327581507842593, '_a5_': -0.21699040689228558, '_a0_': 1.0, '_a3_': 1.0, '_a4_': 1.0, '_a6_': 1.0, '_a7_': 1.0}};{'d0': 0.024905832919416587};-280.569866449044;66.25616704828595
26761;-74.0287661762359;(((pow2(((_a5_ * _a1_) * (((_a1_ / _a5_) + ((_a2_ + _a1_) * (-(_a1_) * x))) / _a2_))) * _a2_) + _a1_) * x);{'d0': {'_a1_': 1.4465760908800185, '_a2_': 13.327581507842593, '_a5_': -0.21699040689228558, '_a0_': 1.0, '_a3_': 1.0, '_a4_': 1.0, '_a6_': 1.0, '_a7_': 1.0}};{'d0': 0.024905832919416587};-280.569866449044;66.25616704828595
26762;-74.0287661762359;(((pow2(((_a5_ * _a1_) * (((_a1_ / _a5_) + ((_a2_ + _a1_) * (-(_a1_) * x))) / _a2_))) * _a2_) + _a1_) * x);{'d0': {'_a1_': 1.4465760908800185, '_a2_': 13.327581507842593, '_a5_': -0.21699040689228558, '_a0_': 1.0, '_a3_': 1.0, '_a4_': 1.0, '_a6_': 1.0, '_a7_': 1.0}};{'d0': 0.024905832919416587};-280.569866449044;66.25616704828595
26763;-74.0287661762359;(((pow2(((_a5_ * _a1_) * (((_a1_ / _a5_) + ((_a2_ + _a1_) * (-(_a1_) * x))) / _a2_))) * _a2_) + _a1_) * x);{'d0': {'_a1_': 1.4465760908800185, '_a2_': 13.327581507842593, '_a5_': -0.21699040689228558, '_a0_': 1.0, '_a3_': 1.0, '_a4_': 1.0, '_a6_': 1.0, '_a7_': 1.0}};{'d0': 0.024905832919416587};-280.569866449044;66.25616704828595
26764;-74.0287661762359;(((pow2(((_a5_ * _a1_) * (((_a1_ / _a5_) + ((_a2_ + _a1_) * (-(_a1_) * x))) / _a2_))) * _a2_) + _a1_) * x);{'d0': {'_a1_': 1.4465760908800185, '_a2_': 13.327581507842593, '_a5_': -0.21699040689228558, '_a0_': 1.0, '_a3_': 1.0, '_a4_': 1.0, '_a6_': 1.0, '_a7_': 1.0}};{'d0': 0.024905832919416587};-280.569866449044;66.25616704828595
26765;-74.0287661762358;(((pow2(((_a5_ * _a1_) * (((_a1_ / _a5_) + ((_a2_ + _a2_) * (-(_a1_) * x))) / _a2_))) * _a2_) + _a1_) * x);{'d0': {'_a1_': 1.4465760910085599, '_a2_': 13.327581509741599, '_a5_': -0.12027127600458415, '_a0_': 1.0, '_a3_': 1.0, '_a4_': 1.0, '_a6_': 1.0, '_a7_': 1.0}};{'d0': 0.024905832919416702};-280.569866449043;66.25616704828595
26766;-74.0287661762358;(((pow2(((_a5_ * _a1_) * (((_a1_ / _a5_) + ((_a2_ + _a2_) * (-(_a1_) * x))) / _a2_))) * _a2_) + _a1_) * x);{'d0': {'_a1_': 1.4465760910085599, '_a2_': 13.327581509741599, '_a5_': -0.12027127600458415, '_a0_': 1.0, '_a3_': 1.0, '_a4_': 1.0, '_a6_': 1.0, '_a7_': 1.0}};{'d0': 0.024905832919416702};-280.569866449043;66.25616704828595
26767;-74.0287661762358;(((pow2(((_a5_ * _a1_) * (((_a1_ / _a5_) + ((_a2_ + _a2_) * (-(_a1_) * x))) / _a2_))) * _a2_) + _a1_) * x);{'d0': {'_a1_': 1.4465760910085599, '_a2_': 13.327581509741599, '_a5_': -0.12027127600458415, '_a0_': 1.0, '_a3_': 1.0, '_a4_': 1.0, '_a6_': 1.0, '_a7_': 1.0}};{'d0': 0.024905832919416702};-280.569866449043;66.25616704828595
26768;-74.0287661762358;(((pow2(((_a5_ * _a1_) * (((_a1_ / _a5_) + ((_a2_ + _a2_) * (-(_a1_) * x))) / _a2_))) * _a2_) + _a1_) * x);{'d0': {'_a1_': 1.4465760910085599, '_a2_': 13.327581509741599, '_a5_': -0.12027127600458415, '_a0_': 1.0, '_a3_': 1.0, '_a4_': 1.0, '_a6_': 1.0, '_a7_': 1.0}};{'d0': 0.024905832919416702};-280.569866449043;66.25616704828595
26769;-74.0287661762358;(((pow2(((_a5_ * _a1_) * (((_a1_ / _a5_) + ((_a2_ + _a2_) * (-(_a1_) * x))) / _a2_))) * _a2_) + _a1_) * x);{'d0': {'_a1_': 1.4465760910085599, '_a2_': 13.327581509741599, '_a5_': -0.12027127600458415, '_a0_': 1.0, '_a3_': 1.0, '_a4_': 1.0, '_a6_': 1.0, '_a7_': 1.0}};{'d0': 0.024905832919416702};-280.569866449043;66.25616704828595
26770;-74.0287661762358;(((pow2(((_a5_ * _a1_) * (((_a1_ / _a5_) + ((_a2_ + _a2_) * (-(_a1_) * x))) / _a2_))) * _a2_) + _a1_) * x);{'d0': {'_a1_': 1.4465760910085599, '_a2_': 13.327581509741599, '_a5_': -0.12027127600458415, '_a0_': 1.0, '_a3_': 1.0, '_a4_': 1.0, '_a6_': 1.0, '_a7_': 1.0}};{'d0': 0.024905832919416702};-280.569866449043;66.25616704828595
26771;-89.2715396988571;((x * ((x * (x + ((_a7_ + _a7_) * ((_a5_ + _a5_) + _a3_)))) + _a3_)) * _a0_);{'d0': {'_a0_': 3.3767608808161005, '_a3_': 0.5256917698408106, '_a5_': -0.14939732966306316, '_a7_': 1.3747620109537724, '_a1_': 1.0, '_a2_': 1.0, '_a4_': 1.0, '_a6_': 1.0}};{'d0': 0.024905832932290952};-276.475521855806;48.96622122904599
26772;-89.2715396988571;((x * ((x * (x + ((_a7_ + _a7_) * ((_a5_ + _a5_) + _a3_)))) + _a3_)) * _a0_);{'d0': {'_a0_': 3.3767608808161005, '_a3_': 0.5256917698408106, '_a5_': -0.14939732966306316, '_a7_': 1.3747620109537724, '_a1_': 1.0, '_a2_': 1.0, '_a4_': 1.0, '_a6_': 1.0}};{'d0': 0.024905832932290952};-276.475521855806;48.96622122904599
26773;-89.2715396988571;((x * ((x * (x + ((_a7_ + _a7_) * ((_a5_ + _a5_) + _a3_)))) + _a3_)) * _a0_);{'d0': {'_a0_': 3.3767608808161005, '_a3_': 0.5256917698408106, '_a5_': -0.14939732966306316, '_a7_': 1.3747620109537724, '_a1_': 1.0, '_a2_': 1.0, '_a4_': 1.0, '_a6_': 1.0}};{'d0': 0.024905832932290952};-276.475521855806;48.96622122904599
26774;-89.2715397142657;((x * ((x * (x + ((_a7_ + _a7_) * ((_a5_ + _a7_) + _a3_)))) + _a3_)) * _a0_);{'d0': {'_a0_': 3.3767608774946773, '_a3_': 0.5256917705654891, '_a5_': -0.7962382334970479, '_a7_': 0.7099283807281469, '_a1_': 1.0, '_a2_': 1.0, '_a4_': 1.0, '_a6_': 1.0}};{'d0': 0.024905832919498837};-276.475521886623;48.96622122904599
26775;-89.2715397135774;((x * ((x * (x + ((_a7_ + _a7_) * ((_a5_ + _a3_) + _a3_)))) + _a3_)) * _a0_);{'d0': {'_a0_': 3.3767608795024775, '_a3_': 0.5256917701216317, '_a5_': -0.6693507004626321, '_a7_': 0.8164996167061787, '_a1_': 1.0, '_a2_': 1.0, '_a4_': 1.0, '_a6_': 1.0}};{'d0': 0.02490583292007028};-276.475521885247;48.96622122904599
26776;-89.2715397135774;((x * ((x * (x + ((_a7_ + _a7_) * ((_a5_ + _a3_) + _a3_)))) + _a3_)) * _a0_);{'d0': {'_a0_': 3.3767608795024775, '_a3_': 0.5256917701216317, '_a5_': -0.6693507004626321, '_a7_': 0.8164996167061787, '_a1_': 1.0, '_a2_': 1.0, '_a4_': 1.0, '_a6_': 1.0}};{'d0': 0.02490583292007028};-276.475521885247;48.96622122904599
26777;-89.2715397135774;((x * ((x * (x + ((_a7_ + _a7_) * ((_a5_ + _a3_) + _a3_)))) + _a3_)) * _a0_);{'d0': {'_a0_': 3.3767608795024775, '_a3_': 0.5256917701216317, '_a5_': -0.6693507004626321, '_a7_': 0.8164996167061787, '_a1_': 1.0, '_a2_': 1.0, '_a4_': 1.0, '_a6_': 1.0}};{'d0': 0.02490583292007028};-276.475521885247;48.96622122904599
26778;-89.2715397135774;((x * ((x * (x + ((_a7_ + _a7_) * ((_a5_ + _a3_) + _a3_)))) + _a3_)) * _a0_);{'d0': {'_a0_': 3.3767608795024775, '_a3_': 0.5256917701216317, '_a5_': -0.6693507004626321, '_a7_': 0.8164996167061787, '_a1_': 1.0, '_a2_': 1.0, '_a4_': 1.0, '_a6_': 1.0}};{'d0': 0.02490583292007028};-276.475521885247;48.96622122904599
26779;-95.1921407628868;((x * ((x * (x + (_a7_ * ((_a5_ + _a3_) + _a3_)))) + _a3_)) * _a0_);{'d0': {'_a0_': 3.3767608779932847, '_a3_': 0.5256917704456542, '_a5_': -0.49487878966092136, '_a7_': 1.1210314900160274, '_a1_': 1.0, '_a2_': 1.0, '_a4_': 1.0, '_a6_': 1.0}};{'d0': 0.024905832919838267};-276.475521885806;43.045620180015995
26780;-74.0287661762358;(((pow2(((_a5_ * _a1_) * (((_a1_ / _a5_) + ((_a2_ + _a2_) * (-(_a1_) * x))) / _a2_))) * _a2_) + _a1_) * x);{'d0': {'_a1_': 1.4465760910085599, '_a2_': 13.327581509741599, '_a5_': -0.12027127600458415, '_a0_': 1.0, '_a3_': 1.0, '_a4_': 1.0, '_a6_': 1.0, '_a7_': 1.0}};{'d0': 0.024905832919416702};-280.569866449043;66.25616704828595
26781;-74.0287661762358;(((pow2(((_a5_ * _a1_) * (((_a1_ / _a5_) + ((_a2_ + _a2_) * (-(_a1_) * x))) / _a2_))) * _a2_) + _a1_) * x);{'d0': {'_a1_': 1.4465760910085599, '_a2_': 13.327581509741599, '_a5_': -0.12027127600458415, '_a0_': 1.0, '_a3_': 1.0, '_a4_': 1.0, '_a6_': 1.0, '_a7_': 1.0}};{'d0': 0.024905832919416702};-280.569866449043;66.25616704828595
26782;-74.0287661762358;(((pow2(((_a5_ * _a1_) * (((_a1_ / _a5_) + ((_a2_ + _a2_) * (-(_a1_) * x))) / _a2_))) * _a2_) + _a1_) * x);{'d0': {'_a1_': 1.4465760910085599, '_a2_': 13.327581509741599, '_a5_': -0.12027127600458415, '_a0_': 1.0, '_a3_': 1.0, '_a4_': 1.0, '_a6_': 1.0, '_a7_': 1.0}};{'d0': 0.024905832919416702};-280.569866449043;66.25616704828595
26783;-74.0287661762358;(((pow2(((_a5_ * _a1_) * (((_a1_ / _a5_) + ((_a2_ + _a2_) * (-(_a1_) * x))) / _a2_))) * _a2_) + _a1_) * x);{'d0': {'_a1_': 1.4465760910085599, '_a2_': 13.327581509741599, '_a5_': -0.12027127600458415, '_a0_': 1.0, '_a3_': 1.0, '_a4_': 1.0, '_a6_': 1.0, '_a7_': 1.0}};{'d0': 0.024905832919416702};-280.569866449043;66.25616704828595
26784;-74.0287661762358;(((pow2(((_a5_ * _a1_) * (((_a1_ / _a5_) + ((_a2_ + _a2_) * (-(_a1_) * x))) / _a2_))) * _a2_) + _a1_) * x);{'d0': {'_a1_': 1.4465760910085599, '_a2_': 13.327581509741599, '_a5_': -0.12027127600458415, '_a0_': 1.0, '_a3_': 1.0, '_a4_': 1.0, '_a6_': 1.0, '_a7_': 1.0}};{'d0': 0.024905832919416702};-280.569866449043;66.25616704828595
26785;-74.0287661762358;(((pow2(((_a5_ * _a1_) * (((_a1_ / _a5_) + ((_a2_ + _a2_) * (-(_a1_) * x))) / _a2_))) * _a2_) + _a1_) * x);{'d0': {'_a1_': 1.4465760910085599, '_a2_': 13.327581509741599, '_a5_': -0.12027127600458415, '_a0_': 1.0, '_a3_': 1.0, '_a4_': 1.0, '_a6_': 1.0, '_a7_': 1.0}};{'d0': 0.024905832919416702};-280.569866449043;66.25616704828595
26786;-74.0287661762358;(((pow2(((_a5_ * _a1_) * (((_a1_ / _a5_) + ((_a2_ + _a2_) * (-(_a1_) * x))) / _a2_))) * _a2_) + _a1_) * x);{'d0': {'_a1_': 1.4465760910085599, '_a2_': 13.327581509741599, '_a5_': -0.12027127600458415, '_a0_': 1.0, '_a3_': 1.0, '_a4_': 1.0, '_a6_': 1.0, '_a7_': 1.0}};{'d0': 0.024905832919416702};-280.569866449043;66.25616704828595
26787;-74.0287661762358;(((pow2(((_a5_ * _a1_) * (((_a1_ / _a5_) + ((_a2_ + _a2_) * (-(_a1_) * x))) / _a2_))) * _a2_) + _a1_) * x);{'d0': {'_a1_': 1.4465760910085599, '_a2_': 13.327581509741599, '_a5_': -0.12027127600458415, '_a0_': 1.0, '_a3_': 1.0, '_a4_': 1.0, '_a6_': 1.0, '_a7_': 1.0}};{'d0': 0.024905832919416702};-280.569866449043;66.25616704828595
26788;-74.0287661762358;(((pow2(((_a5_ * _a1_) * (((_a1_ / _a5_) + ((_a2_ + _a2_) * (-(_a1_) * x))) / _a2_))) * _a2_) + _a1_) * x);{'d0': {'_a1_': 1.4465760910085599, '_a2_': 13.327581509741599, '_a5_': -0.12027127600458415, '_a0_': 1.0, '_a3_': 1.0, '_a4_': 1.0, '_a6_': 1.0, '_a7_': 1.0}};{'d0': 0.024905832919416702};-280.569866449043;66.25616704828595
26789;-74.0287661762358;(((pow2(((_a5_ * _a1_) * (((_a1_ / _a5_) + ((_a2_ + _a2_) * (-(_a1_) * x))) / _a2_))) * _a2_) + _a1_) * x);{'d0': {'_a1_': 1.4465760910085599, '_a2_': 13.327581509741599, '_a5_': -0.12027127600458415, '_a0_': 1.0, '_a3_': 1.0, '_a4_': 1.0, '_a6_': 1.0, '_a7_': 1.0}};{'d0': 0.024905832919416702};-280.569866449043;66.25616704828595
26790;-74.0287661762358;(((pow2(((_a5_ * _a1_) * (((_a1_ / _a5_) + ((_a2_ + _a2_) * (-(_a1_) * x))) / _a2_))) * _a2_) + _a1_) * x);{'d0': {'_a1_': 1.4465760910085599, '_a2_': 13.327581509741599, '_a5_': -0.12027127600458415, '_a0_': 1.0, '_a3_': 1.0, '_a4_': 1.0, '_a6_': 1.0, '_a7_': 1.0}};{'d0': 0.024905832919416702};-280.569866449043;66.25616704828595
26791;-74.0287661762358;(((pow2(((_a5_ * _a1_) * (((_a1_ / _a5_) + ((_a2_ + _a2_) * (-(_a1_) * x))) / _a2_))) * _a2_) + _a1_) * x);{'d0': {'_a1_': 1.4465760910085599, '_a2_': 13.327581509741599, '_a5_': -0.12027127600458415, '_a0_': 1.0, '_a3_': 1.0, '_a4_': 1.0, '_a6_': 1.0, '_a7_': 1.0}};{'d0': 0.024905832919416702};-280.569866449043;66.25616704828595
26792;-74.0287661762358;(((pow2(((_a5_ * _a1_) * (((_a1_ / _a5_) + ((_a2_ + _a2_) * (-(_a1_) * x))) / _a2_))) * _a2_) + _a1_) * x);{'d0': {'_a1_': 1.4465760910085599, '_a2_': 13.327581509741599, '_a5_': -0.12027127600458415, '_a0_': 1.0, '_a3_': 1.0, '_a4_': 1.0, '_a6_': 1.0, '_a7_': 1.0}};{'d0': 0.024905832919416702};-280.569866449043;66.25616704828595
26793;-74.0287661762358;(((pow2(((_a5_ * _a1_) * (((_a1_ / _a5_) + ((_a2_ + _a2_) * (-(_a1_) * x))) / _a2_))) * _a2_) + _a1_) * x);{'d0': {'_a1_': 1.4465760910085599, '_a2_': 13.327581509741599, '_a5_': -0.12027127600458415, '_a0_': 1.0, '_a3_': 1.0, '_a4_': 1.0, '_a6_': 1.0, '_a7_': 1.0}};{'d0': 0.024905832919416702};-280.569866449043;66.25616704828595
26794;-74.0287661762358;(((pow2(((_a5_ * _a1_) * (((_a1_ / _a5_) + ((_a2_ + _a2_) * (-(_a1_) * x))) / _a2_))) * _a2_) + _a1_) * x);{'d0': {'_a1_': 1.4465760910085599, '_a2_': 13.327581509741599, '_a5_': -0.12027127600458415, '_a0_': 1.0, '_a3_': 1.0, '_a4_': 1.0, '_a6_': 1.0, '_a7_': 1.0}};{'d0': 0.024905832919416702};-280.569866449043;66.25616704828595
26795;-74.0287661762358;(((pow2(((_a5_ * _a1_) * (((_a1_ / _a5_) + ((_a2_ + _a2_) * (-(_a1_) * x))) / _a2_))) * _a2_) + _a1_) * x);{'d0': {'_a1_': 1.4465760910085599, '_a2_': 13.327581509741599, '_a5_': -0.12027127600458415, '_a0_': 1.0, '_a3_': 1.0, '_a4_': 1.0, '_a6_': 1.0, '_a7_': 1.0}};{'d0': 0.024905832919416702};-280.569866449043;66.25616704828595
26796;-74.0287661762358;(((pow2(((_a5_ * _a1_) * (((_a1_ / _a5_) + ((_a2_ + _a2_) * (-(_a1_) * x))) / _a2_))) * _a2_) + _a1_) * x);{'d0': {'_a1_': 1.4465760910085599, '_a2_': 13.327581509741599, '_a5_': -0.12027127600458415, '_a0_': 1.0, '_a3_': 1.0, '_a4_': 1.0, '_a6_': 1.0, '_a7_': 1.0}};{'d0': 0.024905832919416702};-280.569866449043;66.25616704828595
26797;-74.0287661762358;(((pow2(((_a5_ * _a1_) * (((_a1_ / _a5_) + ((_a2_ + _a2_) * (-(_a1_) * x))) / _a2_))) * _a2_) + _a1_) * x);{'d0': {'_a1_': 1.4465760910085599, '_a2_': 13.327581509741599, '_a5_': -0.12027127600458415, '_a0_': 1.0, '_a3_': 1.0, '_a4_': 1.0, '_a6_': 1.0, '_a7_': 1.0}};{'d0': 0.024905832919416702};-280.569866449043;66.25616704828595
26798;-74.6995771999601;(((pow2(((_a5_ * _a1_) * (((_a1_ / _a5_) + ((_a2_ + _a2_) * (-(_a1_) * x))) * _a2_))) * _a2_) + _a1_) * x);{'d0': {'_a1_': 1.4465760894704058, '_a2_': 0.42177699181550693, '_a5_': -3.800409376085541, '_a0_': 1.0, '_a3_': 1.0, '_a4_': 1.0, '_a6_': 1.0, '_a7_': 1.0}};{'d0': 0.024905832919416625};-280.569866449044;65.58535602456175
26799;-74.6995771999601;(((pow2(((_a5_ * _a1_) * (((_a1_ / _a5_) + ((_a2_ + _a2_) * (-(_a1_) * x))) * _a2_))) * _a2_) + _a1_) * x);{'d0': {'_a1_': 1.4465760894704058, '_a2_': 0.42177699181550693, '_a5_': -3.800409376085541, '_a0_': 1.0, '_a3_': 1.0, '_a4_': 1.0, '_a6_': 1.0, '_a7_': 1.0}};{'d0': 0.024905832919416625};-280.569866449044;65.58535602456175
26800;-103.159914093536;((x * ((x * (x + (_a0_ * (_a7_ + _a3_)))) + _a3_)) * _a0_);{'d0': {'_a0_': 3.376760879439534, '_a3_': 0.5256917701240499, '_a7_': -0.3409409281743854, '_a1_': 1.0, '_a2_': 1.0, '_a4_': 1.0, '_a5_': 1.0, '_a6_': 1.0}};{'d0': 0.024905832919416615};-280.569866449044;37.125019130986
26801;-103.159914093536;((x * ((x * (x + (_a0_ * (_a7_ + _a3_)))) + _a3_)) * _a0_);{'d0': {'_a0_': 3.376760879439534, '_a3_': 0.5256917701240499, '_a7_': -0.3409409281743854, '_a1_': 1.0, '_a2_': 1.0, '_a4_': 1.0, '_a5_': 1.0, '_a6_': 1.0}};{'d0': 0.024905832919416615};-280.569866449044;37.125019130986
26802;-103.159914093536;((x * ((x * (x + (_a0_ * (_a7_ + _a3_)))) + _a3_)) * _a0_);{'d0': {'_a0_': 3.376760879439534, '_a3_': 0.5256917701240499, '_a7_': -0.3409409281743854, '_a1_': 1.0, '_a2_': 1.0, '_a4_': 1.0, '_a5_': 1.0, '_a6_': 1.0}};{'d0': 0.024905832919416615};-280.569866449044;37.125019130986
26803;-103.159914093536;((x * ((x * (x + (_a0_ * (_a7_ + _a3_)))) + _a3_)) * _a0_);{'d0': {'_a0_': 3.376760879439534, '_a3_': 0.5256917701240499, '_a7_': -0.3409409281743854, '_a1_': 1.0, '_a2_': 1.0, '_a4_': 1.0, '_a5_': 1.0, '_a6_': 1.0}};{'d0': 0.024905832919416615};-280.569866449044;37.125019130986
26804;-103.159914093536;((x * ((x * (x + (_a0_ * (_a7_ + _a3_)))) + _a3_)) * _a0_);{'d0': {'_a0_': 3.376760879439534, '_a3_': 0.5256917701240499, '_a7_': -0.3409409281743854, '_a1_': 1.0, '_a2_': 1.0, '_a4_': 1.0, '_a5_': 1.0, '_a6_': 1.0}};{'d0': 0.024905832919416615};-280.569866449044;37.125019130986
26805;-103.159914093536;((x * ((x * (x + (_a0_ * (_a7_ + _a3_)))) + _a3_)) * _a0_);{'d0': {'_a0_': 3.376760879439534, '_a3_': 0.5256917701240499, '_a7_': -0.3409409281743854, '_a1_': 1.0, '_a2_': 1.0, '_a4_': 1.0, '_a5_': 1.0, '_a6_': 1.0}};{'d0': 0.024905832919416615};-280.569866449044;37.125019130986
26806;-103.159914093536;((x * ((x * (x + (_a0_ * (_a7_ + _a3_)))) + _a3_)) * _a0_);{'d0': {'_a0_': 3.376760879439534, '_a3_': 0.5256917701240499, '_a7_': -0.3409409281743854, '_a1_': 1.0, '_a2_': 1.0, '_a4_': 1.0, '_a5_': 1.0, '_a6_': 1.0}};{'d0': 0.024905832919416615};-280.569866449044;37.125019130986
26807;-103.159914093536;((x * ((x * (x + (_a0_ * (_a7_ + _a3_)))) + _a3_)) * _a0_);{'d0': {'_a0_': 3.376760879439534, '_a3_': 0.5256917701240499, '_a7_': -0.3409409281743854, '_a1_': 1.0, '_a2_': 1.0, '_a4_': 1.0, '_a5_': 1.0, '_a6_': 1.0}};{'d0': 0.024905832919416615};-280.569866449044;37.125019130986
26808;-103.159914093536;((x * ((x * (x + (_a0_ * (_a7_ + _a3_)))) + _a3_)) * _a0_);{'d0': {'_a0_': 3.376760879439534, '_a3_': 0.5256917701240499, '_a7_': -0.3409409281743854, '_a1_': 1.0, '_a2_': 1.0, '_a4_': 1.0, '_a5_': 1.0, '_a6_': 1.0}};{'d0': 0.024905832919416615};-280.569866449044;37.125019130986
26809;-103.561182744137;(((_a3_ + pow2((x + _a2_))) * (-(_a1_) + _a4_)) * x);{'d0': {'_a1_': 1224.2173829855133, '_a2_': 0.31192970866006847, '_a3_': 0.42839162951310283, '_a4_': 1227.5941438269117, '_a0_': 1.0, '_a5_': 1.0, '_a6_': 1.0, '_a7_': 1.0}};{'d0': 0.02490583291942452};-276.475521886802;34.6765781992645
26810;-103.561182744137;(((_a3_ + pow2((x + _a2_))) * (-(_a1_) + _a4_)) * x);{'d0': {'_a1_': 1224.2173829855133, '_a2_': 0.31192970866006847, '_a3_': 0.42839162951310283, '_a4_': 1227.5941438269117, '_a0_': 1.0, '_a5_': 1.0, '_a6_': 1.0, '_a7_': 1.0}};{'d0': 0.02490583291942452};-276.475521886802;34.6765781992645
26811;-103.561182744137;(((_a3_ + pow2((x + _a2_))) * (-(_a1_) + _a4_)) * x);{'d0': {'_a1_': 1224.2173829855133, '_a2_': 0.31192970866006847, '_a3_': 0.42839162951310283, '_a4_': 1227.5941438269117, '_a0_': 1.0, '_a5_': 1.0, '_a6_': 1.0, '_a7_': 1.0}};{'d0': 0.02490583291942452};-276.475521886802;34.6765781992645
26812;-103.561182744137;(((_a3_ + pow2((x + _a2_))) * (-(_a1_) + _a4_)) * x);{'d0': {'_a1_': 1224.2173829855133, '_a2_': 0.31192970866006847, '_a3_': 0.42839162951310283, '_a4_': 1227.5941438269117, '_a0_': 1.0, '_a5_': 1.0, '_a6_': 1.0, '_a7_': 1.0}};{'d0': 0.02490583291942452};-276.475521886802;34.6765781992645
26813;-103.561182744137;(((_a3_ + pow2((x + _a2_))) * (-(_a1_) + _a4_)) * x);{'d0': {'_a1_': 1224.2173829855133, '_a2_': 0.31192970866006847, '_a3_': 0.42839162951310283, '_a4_': 1227.5941438269117, '_a0_': 1.0, '_a5_': 1.0, '_a6_': 1.0, '_a7_': 1.0}};{'d0': 0.02490583291942452};-276.475521886802;34.6765781992645
26814;-99.8632482205612;(((pow2(_a7_) + pow2((x + _a2_))) * (-(_a1_) + _a4_)) * x);{'d0': {'_a1_': 368161.49390556826, '_a2_': 0.31192970786219665, '_a4_': 368164.8706641058, '_a7_': 0.6545163312184947, '_a0_': 1.0, '_a3_': 1.0, '_a5_': 1.0, '_a6_': 1.0}};{'d0': 0.024905832961736072};-276.475521784871;38.3745126718745
26815;-99.8632482205612;(((pow2(_a7_) + pow2((x + _a2_))) * (-(_a1_) + _a4_)) * x);{'d0': {'_a1_': 368161.49390556826, '_a2_': 0.31192970786219665, '_a4_': 368164.8706641058, '_a7_': 0.6545163312184947, '_a0_': 1.0, '_a3_': 1.0, '_a5_': 1.0, '_a6_': 1.0}};{'d0': 0.024905832961736072};-276.475521784871;38.3745126718745
26816;-99.8632482205612;(((pow2(_a7_) + pow2((x + _a2_))) * (-(_a1_) + _a4_)) * x);{'d0': {'_a1_': 368161.49390556826, '_a2_': 0.31192970786219665, '_a4_': 368164.8706641058, '_a7_': 0.6545163312184947, '_a0_': 1.0, '_a3_': 1.0, '_a5_': 1.0, '_a6_': 1.0}};{'d0': 0.024905832961736072};-276.475521784871;38.3745126718745
26817;-103.721183112456;((x * ((x * (x + (_a0_ * log(_a4_)))) + _a3_)) * _a0_);{'d0': {'_a0_': 3.376760877716179, '_a3_': 0.5256917705743488, '_a4_': 1.2029186860628254, '_a1_': 1.0, '_a2_': 1.0, '_a5_': 1.0, '_a6_': 1.0, '_a7_': 1.0}};{'d0': 0.024905832919416615};-280.569866449044;36.563750112065996
26818;-103.721183112456;((x * ((x * (x + (_a0_ * log(_a4_)))) + _a3_)) * _a0_);{'d0': {'_a0_': 3.376760877716179, '_a3_': 0.5256917705743488, '_a4_': 1.2029186860628254, '_a1_': 1.0, '_a2_': 1.0, '_a5_': 1.0, '_a6_': 1.0, '_a7_': 1.0}};{'d0': 0.024905832919416615};-280.569866449044;36.563750112065996
26819;-103.721183112456;((x * ((x * (x + (_a0_ * log(_a4_)))) + _a3_)) * _a0_);{'d0': {'_a0_': 3.376760877716179, '_a3_': 0.5256917705743488, '_a4_': 1.2029186860628254, '_a1_': 1.0, '_a2_': 1.0, '_a5_': 1.0, '_a6_': 1.0, '_a7_': 1.0}};{'d0': 0.024905832919416615};-280.569866449044;36.563750112065996
26820;-103.721183112456;((x * ((x * (x + (_a0_ * log(_a4_)))) + _a3_)) * _a0_);{'d0': {'_a0_': 3.376760877716179, '_a3_': 0.5256917705743488, '_a4_': 1.2029186860628254, '_a1_': 1.0, '_a2_': 1.0, '_a5_': 1.0, '_a6_': 1.0, '_a7_': 1.0}};{'d0': 0.024905832919416615};-280.569866449044;36.563750112065996
26821;-103.721183112456;((x * ((x * (x + (_a0_ * log(_a4_)))) + _a3_)) * _a0_);{'d0': {'_a0_': 3.376760877716179, '_a3_': 0.5256917705743488, '_a4_': 1.2029186860628254, '_a1_': 1.0, '_a2_': 1.0, '_a5_': 1.0, '_a6_': 1.0, '_a7_': 1.0}};{'d0': 0.024905832919416615};-280.569866449044;36.563750112065996
26822;-103.721183112456;((x * ((x * (x + (_a0_ * log(_a4_)))) + _a3_)) * _a0_);{'d0': {'_a0_': 3.376760877716179, '_a3_': 0.5256917705743488, '_a4_': 1.2029186860628254, '_a1_': 1.0, '_a2_': 1.0, '_a5_': 1.0, '_a6_': 1.0, '_a7_': 1.0}};{'d0': 0.024905832919416615};-280.569866449044;36.563750112065996
26823;-103.721183112456;((x * ((x * (x + (_a0_ * log(_a4_)))) + _a3_)) * _a0_);{'d0': {'_a0_': 3.376760877716179, '_a3_': 0.5256917705743488, '_a4_': 1.2029186860628254, '_a1_': 1.0, '_a2_': 1.0, '_a5_': 1.0, '_a6_': 1.0, '_a7_': 1.0}};{'d0': 0.024905832919416615};-280.569866449044;36.563750112065996
26824;-103.721183112456;((x * ((x * (x + (_a0_ * log(_a4_)))) + _a3_)) * _a0_);{'d0': {'_a0_': 3.376760877716179, '_a3_': 0.5256917705743488, '_a4_': 1.2029186860628254, '_a1_': 1.0, '_a2_': 1.0, '_a5_': 1.0, '_a6_': 1.0, '_a7_': 1.0}};{'d0': 0.024905832919416615};-280.569866449044;36.563750112065996
26825;-103.721183112456;((x * ((x * (x + (_a0_ * log(_a4_)))) + _a3_)) * _a0_);{'d0': {'_a0_': 3.376760877716179, '_a3_': 0.5256917705743488, '_a4_': 1.2029186860628254, '_a1_': 1.0, '_a2_': 1.0, '_a5_': 1.0, '_a6_': 1.0, '_a7_': 1.0}};{'d0': 0.024905832919416615};-280.569866449044;36.563750112065996
26826;-103.721183112456;((x * ((x * (x + (_a0_ * log(_a4_)))) + _a3_)) * _a0_);{'d0': {'_a0_': 3.376760877716179, '_a3_': 0.5256917705743488, '_a4_': 1.2029186860628254, '_a1_': 1.0, '_a2_': 1.0, '_a5_': 1.0, '_a6_': 1.0, '_a7_': 1.0}};{'d0': 0.024905832919416615};-280.569866449044;36.563750112065996
26827;-103.721183112456;((x * ((x * (x + (_a0_ * log(_a4_)))) + _a3_)) * _a0_);{'d0': {'_a0_': 3.376760877716179, '_a3_': 0.5256917705743488, '_a4_': 1.2029186860628254, '_a1_': 1.0, '_a2_': 1.0, '_a5_': 1.0, '_a6_': 1.0, '_a7_': 1.0}};{'d0': 0.024905832919416615};-280.569866449044;36.563750112065996
26828;-103.721183112456;((x * ((x * (x + (_a0_ * log(_a4_)))) + _a3_)) * _a0_);{'d0': {'_a0_': 3.376760877716179, '_a3_': 0.5256917705743488, '_a4_': 1.2029186860628254, '_a1_': 1.0, '_a2_': 1.0, '_a5_': 1.0, '_a6_': 1.0, '_a7_': 1.0}};{'d0': 0.024905832919416615};-280.569866449044;36.563750112065996
26829;-99.8632482424534;(((pow2(_a7_) + pow2((x + _a2_))) * (-(_a1_) + _a0_)) * x);{'d0': {'_a0_': 322094.4759618875, '_a1_': 322091.0992027769, '_a2_': 0.31192970781841955, '_a7_': 0.654516331139666, '_a3_': 1.0, '_a4_': 1.0, '_a5_': 1.0, '_a6_': 1.0}};{'d0': 0.02490583294356128};-276.475521828655;38.3745126718745
26830;-99.8632482424534;(((pow2(_a7_) + pow2((x + _a2_))) * (-(_a1_) + _a0_)) * x);{'d0': {'_a0_': 322094.4759618875, '_a1_': 322091.0992027769, '_a2_': 0.31192970781841955, '_a7_': 0.654516331139666, '_a3_': 1.0, '_a4_': 1.0, '_a5_': 1.0, '_a6_': 1.0}};{'d0': 0.02490583294356128};-276.475521828655;38.3745126718745
26831;-99.8632482424534;(((pow2(_a7_) + pow2((x + _a2_))) * (-(_a1_) + _a0_)) * x);{'d0': {'_a0_': 322094.4759618875, '_a1_': 322091.0992027769, '_a2_': 0.31192970781841955, '_a7_': 0.654516331139666, '_a3_': 1.0, '_a4_': 1.0, '_a5_': 1.0, '_a6_': 1.0}};{'d0': 0.02490583294356128};-276.475521828655;38.3745126718745
26832;-99.8632482424534;(((pow2(_a7_) + pow2((x + _a2_))) * (-(_a1_) + _a0_)) * x);{'d0': {'_a0_': 322094.4759618875, '_a1_': 322091.0992027769, '_a2_': 0.31192970781841955, '_a7_': 0.654516331139666, '_a3_': 1.0, '_a4_': 1.0, '_a5_': 1.0, '_a6_': 1.0}};{'d0': 0.02490583294356128};-276.475521828655;38.3745126718745
26833;-99.8632482424534;(((pow2(_a7_) + pow2((x + _a2_))) * (-(_a1_) + _a0_)) * x);{'d0': {'_a0_': 322094.4759618875, '_a1_': 322091.0992027769, '_a2_': 0.31192970781841955, '_a7_': 0.654516331139666, '_a3_': 1.0, '_a4_': 1.0, '_a5_': 1.0, '_a6_': 1.0}};{'d0': 0.02490583294356128};-276.475521828655;38.3745126718745
26834;-96.1827959741218;(((pow2(_a7_) + pow2((x + _a2_))) * (-(_a1_) + -(_a4_))) * x);{'d0': {'_a1_': -351865.6325747499, '_a2_': 0.31192970787058577, '_a4_': 351862.25581134984, '_a7_': 0.6545163312130496, '_a0_': 1.0, '_a3_': 1.0, '_a5_': 1.0, '_a6_': 1.0}};{'d0': 0.02490583296852558};-276.475521768514;42.054964910135666
26835;-96.1827959741218;(((pow2(_a7_) + pow2((x + _a2_))) * (-(_a1_) + -(_a4_))) * x);{'d0': {'_a1_': -351865.6325747499, '_a2_': 0.31192970787058577, '_a4_': 351862.25581134984, '_a7_': 0.6545163312130496, '_a0_': 1.0, '_a3_': 1.0, '_a5_': 1.0, '_a6_': 1.0}};{'d0': 0.02490583296852558};-276.475521768514;42.054964910135666
26836;-96.1827959741218;(((pow2(_a7_) + pow2((x + _a2_))) * (-(_a1_) + -(_a4_))) * x);{'d0': {'_a1_': -351865.6325747499, '_a2_': 0.31192970787058577, '_a4_': 351862.25581134984, '_a7_': 0.6545163312130496, '_a0_': 1.0, '_a3_': 1.0, '_a5_': 1.0, '_a6_': 1.0}};{'d0': 0.02490583296852558};-276.475521768514;42.054964910135666
26837;-96.1827959741218;(((pow2(_a7_) + pow2((x + _a2_))) * (-(_a1_) + -(_a4_))) * x);{'d0': {'_a1_': -351865.6325747499, '_a2_': 0.31192970787058577, '_a4_': 351862.25581134984, '_a7_': 0.6545163312130496, '_a0_': 1.0, '_a3_': 1.0, '_a5_': 1.0, '_a6_': 1.0}};{'d0': 0.02490583296852558};-276.475521768514;42.054964910135666
26838;-96.1827959741218;(((pow2(_a7_) + pow2((x + _a2_))) * (-(_a1_) + -(_a4_))) * x);{'d0': {'_a1_': -351865.6325747499, '_a2_': 0.31192970787058577, '_a4_': 351862.25581134984, '_a7_': 0.6545163312130496, '_a0_': 1.0, '_a3_': 1.0, '_a5_': 1.0, '_a6_': 1.0}};{'d0': 0.02490583296852558};-276.475521768514;42.054964910135666
26839;-96.1827959741218;(((pow2(_a7_) + pow2((x + _a2_))) * (-(_a1_) + -(_a4_))) * x);{'d0': {'_a1_': -351865.6325747499, '_a2_': 0.31192970787058577, '_a4_': 351862.25581134984, '_a7_': 0.6545163312130496, '_a0_': 1.0, '_a3_': 1.0, '_a5_': 1.0, '_a6_': 1.0}};{'d0': 0.02490583296852558};-276.475521768514;42.054964910135666
26840;-96.1827959741218;(((pow2(_a7_) + pow2((x + _a2_))) * (-(_a1_) + -(_a4_))) * x);{'d0': {'_a1_': -351865.6325747499, '_a2_': 0.31192970787058577, '_a4_': 351862.25581134984, '_a7_': 0.6545163312130496, '_a0_': 1.0, '_a3_': 1.0, '_a5_': 1.0, '_a6_': 1.0}};{'d0': 0.02490583296852558};-276.475521768514;42.054964910135666
26841;-96.1827959741218;(((pow2(_a7_) + pow2((x + _a2_))) * (-(_a1_) + -(_a4_))) * x);{'d0': {'_a1_': -351865.6325747499, '_a2_': 0.31192970787058577, '_a4_': 351862.25581134984, '_a7_': 0.6545163312130496, '_a0_': 1.0, '_a3_': 1.0, '_a5_': 1.0, '_a6_': 1.0}};{'d0': 0.02490583296852558};-276.475521768514;42.054964910135666
26842;-96.1827959741218;(((pow2(_a7_) + pow2((x + _a2_))) * (-(_a1_) + -(_a4_))) * x);{'d0': {'_a1_': -351865.6325747499, '_a2_': 0.31192970787058577, '_a4_': 351862.25581134984, '_a7_': 0.6545163312130496, '_a0_': 1.0, '_a3_': 1.0, '_a5_': 1.0, '_a6_': 1.0}};{'d0': 0.02490583296852558};-276.475521768514;42.054964910135666
26843;-103.159914093536;((x * ((x * (x + (_a0_ * (_a0_ + _a5_)))) + _a3_)) * _a0_);{'d0': {'_a0_': 3.376760875754668, '_a3_': 0.5256917709976834, '_a5_': -3.1920100335651402, '_a1_': 1.0, '_a2_': 1.0, '_a4_': 1.0, '_a6_': 1.0, '_a7_': 1.0}};{'d0': 0.024905832919416674};-280.569866449043;37.125019130986
26844;-101.112741801014;((x * ((x * (x + (_a7_ * (_a0_ + _a5_)))) + _a3_)) * _a0_);{'d0': {'_a0_': 3.3767608723182376, '_a3_': 0.5256917716574102, '_a5_': -3.1946975742585564, '_a7_': 3.4266055473646877, '_a1_': 1.0, '_a2_': 1.0, '_a4_': 1.0, '_a6_': 1.0}};{'d0': 0.024905832928889333};-276.475521864001;37.125019130986
26845;-102.056449622216;((x * ((x * (x + (_a7_ * abs(_a7_)))) + _a3_)) * _a0_);{'d0': {'_a0_': 3.376760877282798, '_a3_': 0.5256917706753219, '_a7_': 0.7898477167575977, '_a1_': 1.0, '_a2_': 1.0, '_a4_': 1.0, '_a5_': 1.0, '_a6_': 1.0}};{'d0': 0.024905832919416636};-280.569866449044;38.228483602306
26846;-102.056449622216;((x * ((x * (x + (_a7_ * abs(_a7_)))) + _a3_)) * _a0_);{'d0': {'_a0_': 3.376760877282798, '_a3_': 0.5256917706753219, '_a7_': 0.7898477167575977, '_a1_': 1.0, '_a2_': 1.0, '_a4_': 1.0, '_a5_': 1.0, '_a6_': 1.0}};{'d0': 0.024905832919416636};-280.569866449044;38.228483602306
26847;-102.056449622216;((x * ((x * (x + (_a7_ * abs(_a7_)))) + _a3_)) * _a0_);{'d0': {'_a0_': 3.376760877282798, '_a3_': 0.5256917706753219, '_a7_': 0.7898477167575977, '_a1_': 1.0, '_a2_': 1.0, '_a4_': 1.0, '_a5_': 1.0, '_a6_': 1.0}};{'d0': 0.024905832919416636};-280.569866449044;38.228483602306
26848;-102.056449622216;((x * ((x * (x + (_a7_ * abs(_a7_)))) + _a3_)) * _a0_);{'d0': {'_a0_': 3.376760877282798, '_a3_': 0.5256917706753219, '_a7_': 0.7898477167575977, '_a1_': 1.0, '_a2_': 1.0, '_a4_': 1.0, '_a5_': 1.0, '_a6_': 1.0}};{'d0': 0.024905832919416636};-280.569866449044;38.228483602306
26849;-102.056449622216;((x * ((x * (x + (_a7_ * abs(_a7_)))) + _a3_)) * _a0_);{'d0': {'_a0_': 3.376760877282798, '_a3_': 0.5256917706753219, '_a7_': 0.7898477167575977, '_a1_': 1.0, '_a2_': 1.0, '_a4_': 1.0, '_a5_': 1.0, '_a6_': 1.0}};{'d0': 0.024905832919416636};-280.569866449044;38.228483602306
26850;-102.056449622216;((x * ((x * (x + (_a7_ * abs(_a7_)))) + _a3_)) * _a0_);{'d0': {'_a0_': 3.376760877282798, '_a3_': 0.5256917706753219, '_a7_': 0.7898477167575977, '_a1_': 1.0, '_a2_': 1.0, '_a4_': 1.0, '_a5_': 1.0, '_a6_': 1.0}};{'d0': 0.024905832919416636};-280.569866449044;38.228483602306
26851;-102.056449622216;((x * ((x * (x + (_a7_ * abs(_a7_)))) + _a3_)) * _a0_);{'d0': {'_a0_': 3.376760877282798, '_a3_': 0.5256917706753219, '_a7_': 0.7898477167575977, '_a1_': 1.0, '_a2_': 1.0, '_a4_': 1.0, '_a5_': 1.0, '_a6_': 1.0}};{'d0': 0.024905832919416636};-280.569866449044;38.228483602306
26852;-102.056449622216;((x * ((x * (x + (_a7_ * abs(_a7_)))) + _a3_)) * _a0_);{'d0': {'_a0_': 3.376760877282798, '_a3_': 0.5256917706753219, '_a7_': 0.7898477167575977, '_a1_': 1.0, '_a2_': 1.0, '_a4_': 1.0, '_a5_': 1.0, '_a6_': 1.0}};{'d0': 0.024905832919416636};-280.569866449044;38.228483602306
26853;-102.056449622216;((x * ((x * (x + (_a7_ * abs(_a7_)))) + _a3_)) * _a0_);{'d0': {'_a0_': 3.376760877282798, '_a3_': 0.5256917706753219, '_a7_': 0.7898477167575977, '_a1_': 1.0, '_a2_': 1.0, '_a4_': 1.0, '_a5_': 1.0, '_a6_': 1.0}};{'d0': 0.024905832919416636};-280.569866449044;38.228483602306
26854;-100.369794515203;((x * ((x * (x + (_a7_ * (_a0_ ** _a6_)))) + _a3_)) * _a0_);{'d0': {'_a0_': 3.376760877245926, '_a3_': 0.5256917706332258, '_a6_': -4.4068622915314055, '_a7_': 133.08061078876972, '_a1_': 1.0, '_a2_': 1.0, '_a4_': 1.0, '_a5_': 1.0}};{'d0': 0.02490583291954251};-276.475521886518;37.867966428056
26855;-100.369794515203;((x * ((x * (x + (_a7_ * (_a0_ ** _a6_)))) + _a3_)) * _a0_);{'d0': {'_a0_': 3.376760877245926, '_a3_': 0.5256917706332258, '_a6_': -4.4068622915314055, '_a7_': 133.08061078876972, '_a1_': 1.0, '_a2_': 1.0, '_a4_': 1.0, '_a5_': 1.0}};{'d0': 0.02490583291954251};-276.475521886518;37.867966428056
26856;-100.369794515203;((x * ((x * (x + (_a7_ * (_a0_ ** _a6_)))) + _a3_)) * _a0_);{'d0': {'_a0_': 3.376760877245926, '_a3_': 0.5256917706332258, '_a6_': -4.4068622915314055, '_a7_': 133.08061078876972, '_a1_': 1.0, '_a2_': 1.0, '_a4_': 1.0, '_a5_': 1.0}};{'d0': 0.02490583291954251};-276.475521886518;37.867966428056
26857;-100.369794515203;((x * ((x * (x + (_a7_ * (_a0_ ** _a6_)))) + _a3_)) * _a0_);{'d0': {'_a0_': 3.376760877245926, '_a3_': 0.5256917706332258, '_a6_': -4.4068622915314055, '_a7_': 133.08061078876972, '_a1_': 1.0, '_a2_': 1.0, '_a4_': 1.0, '_a5_': 1.0}};{'d0': 0.02490583291954251};-276.475521886518;37.867966428056
26858;-100.369794515203;((x * ((x * (x + (_a7_ * (_a0_ ** _a6_)))) + _a3_)) * _a0_);{'d0': {'_a0_': 3.376760877245926, '_a3_': 0.5256917706332258, '_a6_': -4.4068622915314055, '_a7_': 133.08061078876972, '_a1_': 1.0, '_a2_': 1.0, '_a4_': 1.0, '_a5_': 1.0}};{'d0': 0.02490583291954251};-276.475521886518;37.867966428056
26859;-100.369794515203;((x * ((x * (x + (_a7_ * (_a0_ ** _a6_)))) + _a3_)) * _a0_);{'d0': {'_a0_': 3.376760877245926, '_a3_': 0.5256917706332258, '_a6_': -4.4068622915314055, '_a7_': 133.08061078876972, '_a1_': 1.0, '_a2_': 1.0, '_a4_': 1.0, '_a5_': 1.0}};{'d0': 0.02490583291954251};-276.475521886518;37.867966428056
26860;-100.369794515203;((x * ((x * (x + (_a7_ * (_a0_ ** _a6_)))) + _a3_)) * _a0_);{'d0': {'_a0_': 3.376760877245926, '_a3_': 0.5256917706332258, '_a6_': -4.4068622915314055, '_a7_': 133.08061078876972, '_a1_': 1.0, '_a2_': 1.0, '_a4_': 1.0, '_a5_': 1.0}};{'d0': 0.02490583291954251};-276.475521886518;37.867966428056
26861;-103.714447007906;((x * ((x * (x + (_a7_ * exp(_a0_)))) + _a3_)) * _a0_);{'d0': {'_a0_': 3.376760871223953, '_a3_': 0.5256917720314154, '_a7_': 0.021309738538754213, '_a1_': 1.0, '_a2_': 1.0, '_a4_': 1.0, '_a5_': 1.0, '_a6_': 1.0}};{'d0': 0.024905832919416702};-280.569866449043;36.570486216616004
26862;-103.714447007906;((x * ((x * (x + (_a7_ * exp(_a0_)))) + _a3_)) * _a0_);{'d0': {'_a0_': 3.376760871223953, '_a3_': 0.5256917720314154, '_a7_': 0.021309738538754213, '_a1_': 1.0, '_a2_': 1.0, '_a4_': 1.0, '_a5_': 1.0, '_a6_': 1.0}};{'d0': 0.024905832919416702};-280.569866449043;36.570486216616004
26863;-103.714447007906;((x * ((x * (x + (_a7_ * exp(_a0_)))) + _a3_)) * _a0_);{'d0': {'_a0_': 3.376760871223953, '_a3_': 0.5256917720314154, '_a7_': 0.021309738538754213, '_a1_': 1.0, '_a2_': 1.0, '_a4_': 1.0, '_a5_': 1.0, '_a6_': 1.0}};{'d0': 0.024905832919416702};-280.569866449043;36.570486216616004
26864;-98.6927497961268;((x * ((x * (x + ((_a4_ * _a3_) * exp(_a0_)))) + _a3_)) * _a0_);{'d0': {'_a0_': 3.3767608811129852, '_a3_': 0.525691769799525, '_a4_': 0.04053656446979676, '_a1_': 1.0, '_a2_': 1.0, '_a5_': 1.0, '_a6_': 1.0, '_a7_': 1.0}};{'d0': 0.024905832919416615};-280.569866449044;41.592183428395
26865;-98.6927497961268;((x * ((x * (x + ((_a4_ * _a3_) * exp(_a0_)))) + _a3_)) * _a0_);{'d0': {'_a0_': 3.3767608811129852, '_a3_': 0.525691769799525, '_a4_': 0.04053656446979676, '_a1_': 1.0, '_a2_': 1.0, '_a5_': 1.0, '_a6_': 1.0, '_a7_': 1.0}};{'d0': 0.024905832919416615};-280.569866449044;41.592183428395
26866;-98.6927497961268;((x * ((x * (x + ((_a4_ * _a3_) * exp(_a0_)))) + _a3_)) * _a0_);{'d0': {'_a0_': 3.3767608811129852, '_a3_': 0.525691769799525, '_a4_': 0.04053656446979676, '_a1_': 1.0, '_a2_': 1.0, '_a5_': 1.0, '_a6_': 1.0, '_a7_': 1.0}};{'d0': 0.024905832919416615};-280.569866449044;41.592183428395
26867;-98.6927497961268;((x * ((x * (x + ((_a4_ * _a3_) * exp(_a0_)))) + _a3_)) * _a0_);{'d0': {'_a0_': 3.3767608811129852, '_a3_': 0.525691769799525, '_a4_': 0.04053656446979676, '_a1_': 1.0, '_a2_': 1.0, '_a5_': 1.0, '_a6_': 1.0, '_a7_': 1.0}};{'d0': 0.024905832919416615};-280.569866449044;41.592183428395
26868;-98.6927497961268;((x * ((x * (x + ((_a4_ * _a3_) * exp(_a0_)))) + _a3_)) * _a0_);{'d0': {'_a0_': 3.3767608811129852, '_a3_': 0.525691769799525, '_a4_': 0.04053656446979676, '_a1_': 1.0, '_a2_': 1.0, '_a5_': 1.0, '_a6_': 1.0, '_a7_': 1.0}};{'d0': 0.024905832919416615};-280.569866449044;41.592183428395
26869;-98.6927497961268;((x * ((x * (x + ((_a4_ * _a3_) * exp(_a0_)))) + _a3_)) * _a0_);{'d0': {'_a0_': 3.3767608811129852, '_a3_': 0.525691769799525, '_a4_': 0.04053656446979676, '_a1_': 1.0, '_a2_': 1.0, '_a5_': 1.0, '_a6_': 1.0, '_a7_': 1.0}};{'d0': 0.024905832919416615};-280.569866449044;41.592183428395
26870;-98.6927497961268;((x * ((x * (x + ((_a4_ * _a3_) * exp(_a0_)))) + _a3_)) * _a0_);{'d0': {'_a0_': 3.3767608811129852, '_a3_': 0.525691769799525, '_a4_': 0.04053656446979676, '_a1_': 1.0, '_a2_': 1.0, '_a5_': 1.0, '_a6_': 1.0, '_a7_': 1.0}};{'d0': 0.024905832919416615};-280.569866449044;41.592183428395
26871;-98.6927497961268;((x * ((x * (x + ((_a4_ * _a3_) * exp(_a0_)))) + _a3_)) * _a0_);{'d0': {'_a0_': 3.3767608811129852, '_a3_': 0.525691769799525, '_a4_': 0.04053656446979676, '_a1_': 1.0, '_a2_': 1.0, '_a5_': 1.0, '_a6_': 1.0, '_a7_': 1.0}};{'d0': 0.024905832919416615};-280.569866449044;41.592183428395
26872;-98.6927497961268;((x * ((x * (x + ((_a4_ * _a3_) * exp(_a0_)))) + _a3_)) * _a0_);{'d0': {'_a0_': 3.3767608811129852, '_a3_': 0.525691769799525, '_a4_': 0.04053656446979676, '_a1_': 1.0, '_a2_': 1.0, '_a5_': 1.0, '_a6_': 1.0, '_a7_': 1.0}};{'d0': 0.024905832919416615};-280.569866449044;41.592183428395
26873;-98.6927497961268;((x * ((x * (x + ((_a4_ * _a3_) * exp(_a0_)))) + _a3_)) * _a0_);{'d0': {'_a0_': 3.3767608811129852, '_a3_': 0.525691769799525, '_a4_': 0.04053656446979676, '_a1_': 1.0, '_a2_': 1.0, '_a5_': 1.0, '_a6_': 1.0, '_a7_': 1.0}};{'d0': 0.024905832919416615};-280.569866449044;41.592183428395
26874;-98.6927497961268;((x * ((x * (x + ((_a4_ * _a3_) * exp(_a0_)))) + _a3_)) * _a0_);{'d0': {'_a0_': 3.3767608811129852, '_a3_': 0.525691769799525, '_a4_': 0.04053656446979676, '_a1_': 1.0, '_a2_': 1.0, '_a5_': 1.0, '_a6_': 1.0, '_a7_': 1.0}};{'d0': 0.024905832919416615};-280.569866449044;41.592183428395
26875;-98.6927497961268;((x * ((x * (x + ((_a4_ * _a3_) * exp(_a0_)))) + _a3_)) * _a0_);{'d0': {'_a0_': 3.3767608811129852, '_a3_': 0.525691769799525, '_a4_': 0.04053656446979676, '_a1_': 1.0, '_a2_': 1.0, '_a5_': 1.0, '_a6_': 1.0, '_a7_': 1.0}};{'d0': 0.024905832919416615};-280.569866449044;41.592183428395
26876;-98.6927497961268;((x * ((x * (x + ((_a4_ * _a3_) * exp(_a0_)))) + _a3_)) * _a0_);{'d0': {'_a0_': 3.3767608811129852, '_a3_': 0.525691769799525, '_a4_': 0.04053656446979676, '_a1_': 1.0, '_a2_': 1.0, '_a5_': 1.0, '_a6_': 1.0, '_a7_': 1.0}};{'d0': 0.024905832919416615};-280.569866449044;41.592183428395
26877;-98.6927497961268;((x * ((x * (x + ((_a4_ * _a3_) * exp(_a0_)))) + _a3_)) * _a0_);{'d0': {'_a0_': 3.3767608811129852, '_a3_': 0.525691769799525, '_a4_': 0.04053656446979676, '_a1_': 1.0, '_a2_': 1.0, '_a5_': 1.0, '_a6_': 1.0, '_a7_': 1.0}};{'d0': 0.024905832919416615};-280.569866449044;41.592183428395
26878;-98.6927497961268;((x * ((x * (x + ((_a4_ * _a3_) * exp(_a0_)))) + _a3_)) * _a0_);{'d0': {'_a0_': 3.3767608811129852, '_a3_': 0.525691769799525, '_a4_': 0.04053656446979676, '_a1_': 1.0, '_a2_': 1.0, '_a5_': 1.0, '_a6_': 1.0, '_a7_': 1.0}};{'d0': 0.024905832919416615};-280.569866449044;41.592183428395
26879;-98.6927497961268;((x * ((x * (x + ((_a4_ * _a3_) * exp(_a0_)))) + _a3_)) * _a0_);{'d0': {'_a0_': 3.3767608811129852, '_a3_': 0.525691769799525, '_a4_': 0.04053656446979676, '_a1_': 1.0, '_a2_': 1.0, '_a5_': 1.0, '_a6_': 1.0, '_a7_': 1.0}};{'d0': 0.024905832919416615};-280.569866449044;41.592183428395
26880;-98.6927497961268;((x * ((x * (x + ((_a4_ * _a3_) * exp(_a0_)))) + _a3_)) * _a0_);{'d0': {'_a0_': 3.3767608811129852, '_a3_': 0.525691769799525, '_a4_': 0.04053656446979676, '_a1_': 1.0, '_a2_': 1.0, '_a5_': 1.0, '_a6_': 1.0, '_a7_': 1.0}};{'d0': 0.024905832919416615};-280.569866449044;41.592183428395
26881;-98.6927497961268;((x * ((x * (x + ((_a4_ * _a3_) * exp(_a0_)))) + _a3_)) * _a0_);{'d0': {'_a0_': 3.3767608811129852, '_a3_': 0.525691769799525, '_a4_': 0.04053656446979676, '_a1_': 1.0, '_a2_': 1.0, '_a5_': 1.0, '_a6_': 1.0, '_a7_': 1.0}};{'d0': 0.024905832919416615};-280.569866449044;41.592183428395
26882;-98.6927497961268;((x * ((x * (x + ((_a4_ * _a3_) * exp(_a0_)))) + _a3_)) * _a0_);{'d0': {'_a0_': 3.3767608811129852, '_a3_': 0.525691769799525, '_a4_': 0.04053656446979676, '_a1_': 1.0, '_a2_': 1.0, '_a5_': 1.0, '_a6_': 1.0, '_a7_': 1.0}};{'d0': 0.024905832919416615};-280.569866449044;41.592183428395
26883;-98.6927497961268;((x * ((x * (x + ((_a4_ * _a3_) * exp(_a0_)))) + _a3_)) * _a0_);{'d0': {'_a0_': 3.3767608811129852, '_a3_': 0.525691769799525, '_a4_': 0.04053656446979676, '_a1_': 1.0, '_a2_': 1.0, '_a5_': 1.0, '_a6_': 1.0, '_a7_': 1.0}};{'d0': 0.024905832919416615};-280.569866449044;41.592183428395
26884;-96.0910445965921;((x * ((x * (x + ((_a4_ * _a3_) * (_a1_ + _a0_)))) + _a3_)) * _a0_);{'d0': {'_a0_': 3.376760877776906, '_a1_': 13.764323108592412, '_a3_': 0.525691770526283, '_a4_': 0.06923363670424404, '_a2_': 1.0, '_a5_': 1.0, '_a6_': 1.0, '_a7_': 1.0}};{'d0': 0.024905832922781923};-276.475521878714;42.146716342765004
26885;-96.0910445965921;((x * ((x * (x + ((_a4_ * _a3_) * (_a1_ + _a0_)))) + _a3_)) * _a0_);{'d0': {'_a0_': 3.376760877776906, '_a1_': 13.764323108592412, '_a3_': 0.525691770526283, '_a4_': 0.06923363670424404, '_a2_': 1.0, '_a5_': 1.0, '_a6_': 1.0, '_a7_': 1.0}};{'d0': 0.024905832922781923};-276.475521878714;42.146716342765004
26886;-103.159914093536;((x * ((x * (x + (_a1_ * (_a1_ + _a0_)))) + _a3_)) * _a0_);{'d0': {'_a0_': 3.3767608782020635, '_a1_': 0.17561739423298992, '_a3_': 0.5256917703937571, '_a2_': 1.0, '_a4_': 1.0, '_a5_': 1.0, '_a6_': 1.0, '_a7_': 1.0}};{'d0': 0.024905832919416615};-280.569866449044;37.125019130986004
26887;-103.159914093536;((x * ((x * (x + (_a1_ * (_a1_ + _a0_)))) + _a3_)) * _a0_);{'d0': {'_a0_': 3.3767608782020635, '_a1_': 0.17561739423298992, '_a3_': 0.5256917703937571, '_a2_': 1.0, '_a4_': 1.0, '_a5_': 1.0, '_a6_': 1.0, '_a7_': 1.0}};{'d0': 0.024905832919416615};-280.569866449044;37.125019130986004
26888;-103.159914093536;((x * ((x * (x + (_a1_ * (_a1_ + _a0_)))) + _a3_)) * _a0_);{'d0': {'_a0_': 3.3767608782020635, '_a1_': 0.17561739423298992, '_a3_': 0.5256917703937571, '_a2_': 1.0, '_a4_': 1.0, '_a5_': 1.0, '_a6_': 1.0, '_a7_': 1.0}};{'d0': 0.024905832919416615};-280.569866449044;37.125019130986004
26889;-103.159914093536;((x * ((x * (x + (_a1_ * (_a1_ + _a0_)))) + _a3_)) * _a0_);{'d0': {'_a0_': 3.3767608782020635, '_a1_': 0.17561739423298992, '_a3_': 0.5256917703937571, '_a2_': 1.0, '_a4_': 1.0, '_a5_': 1.0, '_a6_': 1.0, '_a7_': 1.0}};{'d0': 0.024905832919416615};-280.569866449044;37.125019130986004
26890;-101.445705672893;((x * ((x * (x + (_a1_ ** (_a1_ + _a0_)))) + _a3_)) * _a0_);{'d0': {'_a0_': 3.376760879764809, '_a1_': 0.8954382612120161, '_a3_': 0.5256917701010146, '_a2_': 1.0, '_a4_': 1.0, '_a5_': 1.0, '_a6_': 1.0, '_a7_': 1.0}};{'d0': 0.024905832919416667};-280.569866449044;38.839227551629
26891;-101.445705672893;((x * ((x * (x + (_a1_ ** (_a1_ + _a0_)))) + _a3_)) * _a0_);{'d0': {'_a0_': 3.376760879764809, '_a1_': 0.8954382612120161, '_a3_': 0.5256917701010146, '_a2_': 1.0, '_a4_': 1.0, '_a5_': 1.0, '_a6_': 1.0, '_a7_': 1.0}};{'d0': 0.024905832919416667};-280.569866449044;38.839227551629
26892;-101.445705672893;((x * ((x * (x + (_a1_ ** (_a1_ + _a0_)))) + _a3_)) * _a0_);{'d0': {'_a0_': 3.376760879764809, '_a1_': 0.8954382612120161, '_a3_': 0.5256917701010146, '_a2_': 1.0, '_a4_': 1.0, '_a5_': 1.0, '_a6_': 1.0, '_a7_': 1.0}};{'d0': 0.024905832919416667};-280.569866449044;38.839227551629
26893;-101.445705672893;((x * ((x * (x + (_a1_ ** (_a1_ + _a0_)))) + _a3_)) * _a0_);{'d0': {'_a0_': 3.376760879764809, '_a1_': 0.8954382612120161, '_a3_': 0.5256917701010146, '_a2_': 1.0, '_a4_': 1.0, '_a5_': 1.0, '_a6_': 1.0, '_a7_': 1.0}};{'d0': 0.024905832919416667};-280.569866449044;38.839227551629
26894;-101.445705672893;((x * ((x * (x + (_a1_ ** (_a1_ + _a0_)))) + _a3_)) * _a0_);{'d0': {'_a0_': 3.376760879764809, '_a1_': 0.8954382612120161, '_a3_': 0.5256917701010146, '_a2_': 1.0, '_a4_': 1.0, '_a5_': 1.0, '_a6_': 1.0, '_a7_': 1.0}};{'d0': 0.024905832919416667};-280.569866449044;38.839227551629
26895;-101.445705672893;((x * ((x * (x + (_a1_ ** (_a1_ + _a0_)))) + _a3_)) * _a0_);{'d0': {'_a0_': 3.376760879764809, '_a1_': 0.8954382612120161, '_a3_': 0.5256917701010146, '_a2_': 1.0, '_a4_': 1.0, '_a5_': 1.0, '_a6_': 1.0, '_a7_': 1.0}};{'d0': 0.024905832919416667};-280.569866449044;38.839227551629
26896;-101.286896929353;((x * ((x * (x + (_a1_ ** cos(_a1_)))) + _a3_)) * _a0_);{'d0': {'_a0_': 3.376760880317152, '_a1_': 0.5707973166919916, '_a3_': 0.5256917699637937, '_a2_': 1.0, '_a4_': 1.0, '_a5_': 1.0, '_a6_': 1.0, '_a7_': 1.0}};{'d0': 0.02490583291941663};-280.569866449044;38.998036295169
26897;-102.029844226423;((x * ((x * (x + (_a1_ + cos(_a1_)))) + _a3_)) * _a0_);{'d0': {'_a0_': 3.3767608776812645, '_a1_': -0.32408354487511526, '_a3_': 0.5256917706567057, '_a2_': 1.0, '_a4_': 1.0, '_a5_': 1.0, '_a6_': 1.0, '_a7_': 1.0}};{'d0': 0.02490583291941656};-280.569866449044;38.255088998099
26898;-102.029844226423;((x * ((x * (x + (_a1_ + cos(_a1_)))) + _a3_)) * _a0_);{'d0': {'_a0_': 3.3767608776812645, '_a1_': -0.32408354487511526, '_a3_': 0.5256917706567057, '_a2_': 1.0, '_a4_': 1.0, '_a5_': 1.0, '_a6_': 1.0, '_a7_': 1.0}};{'d0': 0.02490583291941656};-280.569866449044;38.255088998099
26899;-102.029844226423;((x * ((x * (x + (_a1_ + cos(_a1_)))) + _a3_)) * _a0_);{'d0': {'_a0_': 3.3767608776812645, '_a1_': -0.32408354487511526, '_a3_': 0.5256917706567057, '_a2_': 1.0, '_a4_': 1.0, '_a5_': 1.0, '_a6_': 1.0, '_a7_': 1.0}};{'d0': 0.02490583291941656};-280.569866449044;38.255088998099
26900;-102.029844226423;((x * ((x * (x + (_a1_ + cos(_a1_)))) + _a3_)) * _a0_);{'d0': {'_a0_': 3.3767608776812645, '_a1_': -0.32408354487511526, '_a3_': 0.5256917706567057, '_a2_': 1.0, '_a4_': 1.0, '_a5_': 1.0, '_a6_': 1.0, '_a7_': 1.0}};{'d0': 0.02490583291941656};-280.569866449044;38.255088998099
26901;-102.029844226423;((x * ((x * (x + (_a1_ + cos(_a1_)))) + _a3_)) * _a0_);{'d0': {'_a0_': 3.3767608776812645, '_a1_': -0.32408354487511526, '_a3_': 0.5256917706567057, '_a2_': 1.0, '_a4_': 1.0, '_a5_': 1.0, '_a6_': 1.0, '_a7_': 1.0}};{'d0': 0.02490583291941656};-280.569866449044;38.255088998099
26902;-102.029844226423;((x * ((x * (x + (_a1_ + cos(_a1_)))) + _a3_)) * _a0_);{'d0': {'_a0_': 3.3767608776812645, '_a1_': -0.32408354487511526, '_a3_': 0.5256917706567057, '_a2_': 1.0, '_a4_': 1.0, '_a5_': 1.0, '_a6_': 1.0, '_a7_': 1.0}};{'d0': 0.02490583291941656};-280.569866449044;38.255088998099
26903;-102.029844226423;((x * ((x * (x + (_a1_ + cos(_a1_)))) + _a3_)) * _a0_);{'d0': {'_a0_': 3.3767608776812645, '_a1_': -0.32408354487511526, '_a3_': 0.5256917706567057, '_a2_': 1.0, '_a4_': 1.0, '_a5_': 1.0, '_a6_': 1.0, '_a7_': 1.0}};{'d0': 0.02490583291941656};-280.569866449044;38.255088998099
26904;-102.029844226423;((x * ((x * (x + (_a1_ + cos(_a1_)))) + _a3_)) * _a0_);{'d0': {'_a0_': 3.3767608776812645, '_a1_': -0.32408354487511526, '_a3_': 0.5256917706567057, '_a2_': 1.0, '_a4_': 1.0, '_a5_': 1.0, '_a6_': 1.0, '_a7_': 1.0}};{'d0': 0.02490583291941656};-280.569866449044;38.255088998099
26905;-102.029844226423;((x * ((x * (x + (_a1_ + cos(_a1_)))) + _a3_)) * _a0_);{'d0': {'_a0_': 3.3767608776812645, '_a1_': -0.32408354487511526, '_a3_': 0.5256917706567057, '_a2_': 1.0, '_a4_': 1.0, '_a5_': 1.0, '_a6_': 1.0, '_a7_': 1.0}};{'d0': 0.02490583291941656};-280.569866449044;38.255088998099
26906;-102.029844226423;((x * ((x * (x + (_a1_ + cos(_a1_)))) + _a3_)) * _a0_);{'d0': {'_a0_': 3.3767608776812645, '_a1_': -0.32408354487511526, '_a3_': 0.5256917706567057, '_a2_': 1.0, '_a4_': 1.0, '_a5_': 1.0, '_a6_': 1.0, '_a7_': 1.0}};{'d0': 0.02490583291941656};-280.569866449044;38.255088998099
26907;-102.029844226423;((x * ((x * (x + (_a1_ + cos(_a1_)))) + _a3_)) * _a0_);{'d0': {'_a0_': 3.3767608776812645, '_a1_': -0.32408354487511526, '_a3_': 0.5256917706567057, '_a2_': 1.0, '_a4_': 1.0, '_a5_': 1.0, '_a6_': 1.0, '_a7_': 1.0}};{'d0': 0.02490583291941656};-280.569866449044;38.255088998099
26908;-102.029844226423;((x * ((x * (x + (_a1_ + cos(_a1_)))) + _a3_)) * _a0_);{'d0': {'_a0_': 3.3767608776812645, '_a1_': -0.32408354487511526, '_a3_': 0.5256917706567057, '_a2_': 1.0, '_a4_': 1.0, '_a5_': 1.0, '_a6_': 1.0, '_a7_': 1.0}};{'d0': 0.02490583291941656};-280.569866449044;38.255088998099
26909;-102.029844226423;((x * ((x * (x + (_a1_ + cos(_a1_)))) + _a3_)) * _a0_);{'d0': {'_a0_': 3.3767608776812645, '_a1_': -0.32408354487511526, '_a3_': 0.5256917706567057, '_a2_': 1.0, '_a4_': 1.0, '_a5_': 1.0, '_a6_': 1.0, '_a7_': 1.0}};{'d0': 0.02490583291941656};-280.569866449044;38.255088998099
26910;-102.029844226423;((x * ((x * (x + (_a1_ + cos(_a1_)))) + _a3_)) * _a0_);{'d0': {'_a0_': 3.3767608776812645, '_a1_': -0.32408354487511526, '_a3_': 0.5256917706567057, '_a2_': 1.0, '_a4_': 1.0, '_a5_': 1.0, '_a6_': 1.0, '_a7_': 1.0}};{'d0': 0.02490583291941656};-280.569866449044;38.255088998099
26911;-102.029844226423;((x * ((x * (x + (_a1_ + cos(_a1_)))) + _a3_)) * _a0_);{'d0': {'_a0_': 3.3767608776812645, '_a1_': -0.32408354487511526, '_a3_': 0.5256917706567057, '_a2_': 1.0, '_a4_': 1.0, '_a5_': 1.0, '_a6_': 1.0, '_a7_': 1.0}};{'d0': 0.02490583291941656};-280.569866449044;38.255088998099
26912;-102.029844226423;((x * ((x * (x + (_a1_ + cos(_a1_)))) + _a3_)) * _a0_);{'d0': {'_a0_': 3.3767608776812645, '_a1_': -0.32408354487511526, '_a3_': 0.5256917706567057, '_a2_': 1.0, '_a4_': 1.0, '_a5_': 1.0, '_a6_': 1.0, '_a7_': 1.0}};{'d0': 0.02490583291941656};-280.569866449044;38.255088998099
26913;-102.029844226423;((x * ((x * (x + (_a1_ + cos(_a1_)))) + _a3_)) * _a0_);{'d0': {'_a0_': 3.3767608776812645, '_a1_': -0.32408354487511526, '_a3_': 0.5256917706567057, '_a2_': 1.0, '_a4_': 1.0, '_a5_': 1.0, '_a6_': 1.0, '_a7_': 1.0}};{'d0': 0.02490583291941656};-280.569866449044;38.255088998099
26914;-102.029844226423;((x * ((x * (x + (_a1_ + cos(_a1_)))) + _a3_)) * _a0_);{'d0': {'_a0_': 3.3767608776812645, '_a1_': -0.32408354487511526, '_a3_': 0.5256917706567057, '_a2_': 1.0, '_a4_': 1.0, '_a5_': 1.0, '_a6_': 1.0, '_a7_': 1.0}};{'d0': 0.02490583291941656};-280.569866449044;38.255088998099
26915;-80.7234638659207;(((pow2((_a1_ * ((_a5_ + ((_a0_ * _a1_) * ((_a1_ * _a3_) * x))) * _a2_))) ** _a3_) + _a2_) * x);{'d0': {'_a0_': 3.080172284459644, '_a1_': 0.7258091295816503, '_a2_': 1.4667757599622222, '_a3_': 1.0470400040751957, '_a5_': 0.5268325816999372, '_a4_': 1.0, '_a6_': 1.0, '_a7_': 1.0}};{'d0': 0.02378537057299924};-275.143056521779;56.84806439496896
26916;-82.5709797969095;(((pow2((_a1_ * ((_a5_ + (exp(_a3_) * ((_a1_ * _a3_) * x))) * _a2_))) ** _a3_) + _a2_) * x);{'d0': {'_a1_': 0.6429235350381834, '_a2_': 1.4667757436872058, '_a3_': 1.047039965450083, '_a5_': 0.5947517701338334, '_a0_': 1.0, '_a4_': 1.0, '_a6_': 1.0, '_a7_': 1.0}};{'d0': 0.023785370572908245};-279.237401084231;57.04772074520596
26917;-82.5709797969095;(((pow2((_a1_ * ((_a5_ + (exp(_a3_) * ((_a1_ * _a3_) * x))) * _a2_))) ** _a3_) + _a2_) * x);{'d0': {'_a1_': 0.6429235350381834, '_a2_': 1.4667757436872058, '_a3_': 1.047039965450083, '_a5_': 0.5947517701338334, '_a0_': 1.0, '_a4_': 1.0, '_a6_': 1.0, '_a7_': 1.0}};{'d0': 0.023785370572908245};-279.237401084231;57.04772074520596
26918;-87.9370479315434;(((pow2((_a1_ * ((_a5_ + (_a5_ * ((_a1_ * _a3_) * x))) * _a2_))) ** _a3_) + _a2_) * x);{'d0': {'_a1_': 3.0799759509320683, '_a2_': 1.466775669055243, '_a3_': 1.047039781582778, '_a5_': 0.12415030767122687, '_a0_': 1.0, '_a4_': 1.0, '_a6_': 1.0, '_a7_': 1.0}};{'d0': 0.023785370572928927};-279.237401084179;51.68165261054596
26919;-87.9370479315434;(((pow2((_a1_ * ((_a5_ + (_a5_ * ((_a1_ * _a3_) * x))) * _a2_))) ** _a3_) + _a2_) * x);{'d0': {'_a1_': 3.0799759509320683, '_a2_': 1.466775669055243, '_a3_': 1.047039781582778, '_a5_': 0.12415030767122687, '_a0_': 1.0, '_a4_': 1.0, '_a6_': 1.0, '_a7_': 1.0}};{'d0': 0.023785370572928927};-279.237401084179;51.68165261054596
26920;-87.9370479315434;(((pow2((_a1_ * ((_a5_ + (_a5_ * ((_a1_ * _a3_) * x))) * _a2_))) ** _a3_) + _a2_) * x);{'d0': {'_a1_': 3.0799759509320683, '_a2_': 1.466775669055243, '_a3_': 1.047039781582778, '_a5_': 0.12415030767122687, '_a0_': 1.0, '_a4_': 1.0, '_a6_': 1.0, '_a7_': 1.0}};{'d0': 0.023785370572928927};-279.237401084179;51.68165261054596
26921;-87.9370479315434;(((pow2((_a1_ * ((_a5_ + (_a5_ * ((_a1_ * _a3_) * x))) * _a2_))) ** _a3_) + _a2_) * x);{'d0': {'_a1_': 3.0799759509320683, '_a2_': 1.466775669055243, '_a3_': 1.047039781582778, '_a5_': 0.12415030767122687, '_a0_': 1.0, '_a4_': 1.0, '_a6_': 1.0, '_a7_': 1.0}};{'d0': 0.023785370572928927};-279.237401084179;51.68165261054596
26922;-87.9370479315434;(((pow2((_a1_ * ((_a5_ + (_a5_ * ((_a1_ * _a3_) * x))) * _a2_))) ** _a3_) + _a2_) * x);{'d0': {'_a1_': 3.0799759509320683, '_a2_': 1.466775669055243, '_a3_': 1.047039781582778, '_a5_': 0.12415030767122687, '_a0_': 1.0, '_a4_': 1.0, '_a6_': 1.0, '_a7_': 1.0}};{'d0': 0.023785370572928927};-279.237401084179;51.68165261054596
26923;-87.9370479315434;(((pow2((_a1_ * ((_a5_ + (_a5_ * ((_a1_ * _a3_) * x))) * _a2_))) ** _a3_) + _a2_) * x);{'d0': {'_a1_': 3.0799759509320683, '_a2_': 1.466775669055243, '_a3_': 1.047039781582778, '_a5_': 0.12415030767122687, '_a0_': 1.0, '_a4_': 1.0, '_a6_': 1.0, '_a7_': 1.0}};{'d0': 0.023785370572928927};-279.237401084179;51.68165261054596
26924;-87.9370479315434;(((pow2((_a1_ * ((_a5_ + (_a5_ * ((_a1_ * _a3_) * x))) * _a2_))) ** _a3_) + _a2_) * x);{'d0': {'_a1_': 3.0799759509320683, '_a2_': 1.466775669055243, '_a3_': 1.047039781582778, '_a5_': 0.12415030767122687, '_a0_': 1.0, '_a4_': 1.0, '_a6_': 1.0, '_a7_': 1.0}};{'d0': 0.023785370572928927};-279.237401084179;51.68165261054596
26925;-87.9370479315434;(((pow2((_a1_ * ((_a5_ + (_a5_ * ((_a1_ * _a3_) * x))) * _a2_))) ** _a3_) + _a2_) * x);{'d0': {'_a1_': 3.0799759509320683, '_a2_': 1.466775669055243, '_a3_': 1.047039781582778, '_a5_': 0.12415030767122687, '_a0_': 1.0, '_a4_': 1.0, '_a6_': 1.0, '_a7_': 1.0}};{'d0': 0.023785370572928927};-279.237401084179;51.68165261054596
26926;-87.2308106632478;(((pow2((_a1_ * ((_a5_ + (_a5_ * ((_a1_ * _a3_) * x))) / _a2_))) ** _a3_) + _a2_) * x);{'d0': {'_a1_': 3.079975889681561, '_a2_': 1.466775679494879, '_a3_': 1.0470398057969286, '_a5_': 0.26710080783234935, '_a0_': 1.0, '_a4_': 1.0, '_a6_': 1.0, '_a7_': 1.0}};{'d0': 0.023785370572924337};-279.237401084190;52.38788987884736
26927;-87.2308106632478;(((pow2((_a1_ * ((_a5_ + (_a5_ * ((_a1_ * _a3_) * x))) / _a2_))) ** _a3_) + _a2_) * x);{'d0': {'_a1_': 3.079975889681561, '_a2_': 1.466775679494879, '_a3_': 1.0470398057969286, '_a5_': 0.26710080783234935, '_a0_': 1.0, '_a4_': 1.0, '_a6_': 1.0, '_a7_': 1.0}};{'d0': 0.023785370572924337};-279.237401084190;52.38788987884736
26928;-90.8510765255144;((_a0_ + (pow2((x + _a5_)) * pow2((_a2_ + -(pow2(_a5_)))))) * -(-(x)));{'d0': {'_a0_': 1.4465760887870385, '_a2_': -1.7402963527514497, '_a5_': 0.3119297077092254, '_a1_': 1.0, '_a3_': 1.0, '_a4_': 1.0, '_a6_': 1.0, '_a7_': 1.0}};{'d0': 0.024905832919416573};-280.569866449044;49.43385669900745
26929;-90.8510765255144;((_a0_ + (pow2((x + _a5_)) * pow2((_a2_ + -(pow2(_a5_)))))) * -(-(x)));{'d0': {'_a0_': 1.4465760887870385, '_a2_': -1.7402963527514497, '_a5_': 0.3119297077092254, '_a1_': 1.0, '_a3_': 1.0, '_a4_': 1.0, '_a6_': 1.0, '_a7_': 1.0}};{'d0': 0.024905832919416573};-280.569866449044;49.43385669900745
26930;-90.8510765255144;((_a0_ + (pow2((x + _a5_)) * pow2((_a2_ + -(pow2(_a5_)))))) * -(-(x)));{'d0': {'_a0_': 1.4465760887870385, '_a2_': -1.7402963527514497, '_a5_': 0.3119297077092254, '_a1_': 1.0, '_a3_': 1.0, '_a4_': 1.0, '_a6_': 1.0, '_a7_': 1.0}};{'d0': 0.024905832919416573};-280.569866449044;49.43385669900745
26931;-90.8510765255144;((_a0_ + (pow2((x + _a5_)) * pow2((_a2_ + -(pow2(_a5_)))))) * -(-(x)));{'d0': {'_a0_': 1.4465760887870385, '_a2_': -1.7402963527514497, '_a5_': 0.3119297077092254, '_a1_': 1.0, '_a3_': 1.0, '_a4_': 1.0, '_a6_': 1.0, '_a7_': 1.0}};{'d0': 0.024905832919416573};-280.569866449044;49.43385669900745
26932;-90.8510765255144;((_a0_ + (pow2((x + _a5_)) * pow2((_a2_ + -(pow2(_a5_)))))) * -(-(x)));{'d0': {'_a0_': 1.4465760887870385, '_a2_': -1.7402963527514497, '_a5_': 0.3119297077092254, '_a1_': 1.0, '_a3_': 1.0, '_a4_': 1.0, '_a6_': 1.0, '_a7_': 1.0}};{'d0': 0.024905832919416573};-280.569866449044;49.43385669900745
26933;-90.8510765255144;((_a0_ + (pow2((x + _a5_)) * pow2((_a2_ + -(pow2(_a5_)))))) * -(-(x)));{'d0': {'_a0_': 1.4465760887870385, '_a2_': -1.7402963527514497, '_a5_': 0.3119297077092254, '_a1_': 1.0, '_a3_': 1.0, '_a4_': 1.0, '_a6_': 1.0, '_a7_': 1.0}};{'d0': 0.024905832919416573};-280.569866449044;49.43385669900745
26934;-90.8510765255144;((_a0_ + (pow2((x + _a5_)) * pow2((_a2_ + -(pow2(_a5_)))))) * -(-(x)));{'d0': {'_a0_': 1.4465760887870385, '_a2_': -1.7402963527514497, '_a5_': 0.3119297077092254, '_a1_': 1.0, '_a3_': 1.0, '_a4_': 1.0, '_a6_': 1.0, '_a7_': 1.0}};{'d0': 0.024905832919416573};-280.569866449044;49.43385669900745
26935;-90.8510765255144;((_a0_ + (pow2((x + _a5_)) * pow2((_a2_ + -(pow2(_a5_)))))) * -(-(x)));{'d0': {'_a0_': 1.4465760887870385, '_a2_': -1.7402963527514497, '_a5_': 0.3119297077092254, '_a1_': 1.0, '_a3_': 1.0, '_a4_': 1.0, '_a6_': 1.0, '_a7_': 1.0}};{'d0': 0.024905832919416573};-280.569866449044;49.43385669900745
26936;-102.029844226423;((x * ((x * (x + (_a1_ + cos(_a1_)))) + _a3_)) * _a0_);{'d0': {'_a0_': 3.3767608776812645, '_a1_': -0.32408354487511526, '_a3_': 0.5256917706567057, '_a2_': 1.0, '_a4_': 1.0, '_a5_': 1.0, '_a6_': 1.0, '_a7_': 1.0}};{'d0': 0.02490583291941656};-280.569866449044;38.255088998099
26937;-102.029844226423;((x * ((x * (x + (_a1_ + cos(_a1_)))) + _a3_)) * _a0_);{'d0': {'_a0_': 3.3767608776812645, '_a1_': -0.32408354487511526, '_a3_': 0.5256917706567057, '_a2_': 1.0, '_a4_': 1.0, '_a5_': 1.0, '_a6_': 1.0, '_a7_': 1.0}};{'d0': 0.02490583291941656};-280.569866449044;38.255088998099
26938;-102.029844226423;((x * ((x * (x + (_a1_ + cos(_a1_)))) + _a3_)) * _a0_);{'d0': {'_a0_': 3.3767608776812645, '_a1_': -0.32408354487511526, '_a3_': 0.5256917706567057, '_a2_': 1.0, '_a4_': 1.0, '_a5_': 1.0, '_a6_': 1.0, '_a7_': 1.0}};{'d0': 0.02490583291941656};-280.569866449044;38.255088998099
26939;-102.029844226423;((x * ((x * (x + (_a1_ + cos(_a1_)))) + _a3_)) * _a0_);{'d0': {'_a0_': 3.3767608776812645, '_a1_': -0.32408354487511526, '_a3_': 0.5256917706567057, '_a2_': 1.0, '_a4_': 1.0, '_a5_': 1.0, '_a6_': 1.0, '_a7_': 1.0}};{'d0': 0.02490583291941656};-280.569866449044;38.255088998099
26940;-102.029844226423;((x * ((x * (x + (_a1_ + cos(_a1_)))) + _a3_)) * _a0_);{'d0': {'_a0_': 3.3767608776812645, '_a1_': -0.32408354487511526, '_a3_': 0.5256917706567057, '_a2_': 1.0, '_a4_': 1.0, '_a5_': 1.0, '_a6_': 1.0, '_a7_': 1.0}};{'d0': 0.02490583291941656};-280.569866449044;38.255088998099
26941;-101.492144836379;((x * ((x * (x + (_a1_ + sin(_a1_)))) + _a3_)) * _a0_);{'d0': {'_a0_': 3.3767608786898546, '_a1_': 0.31450942177823404, '_a3_': 0.5256917704379216, '_a2_': 1.0, '_a4_': 1.0, '_a5_': 1.0, '_a6_': 1.0, '_a7_': 1.0}};{'d0': 0.02490583291941666};-280.569866449044;38.79278838814252
26942;-101.492144836379;((x * ((x * (x + (_a1_ + sin(_a1_)))) + _a3_)) * _a0_);{'d0': {'_a0_': 3.3767608786898546, '_a1_': 0.31450942177823404, '_a3_': 0.5256917704379216, '_a2_': 1.0, '_a4_': 1.0, '_a5_': 1.0, '_a6_': 1.0, '_a7_': 1.0}};{'d0': 0.02490583291941666};-280.569866449044;38.79278838814252
26943;-101.492144836379;((x * ((x * (x + (_a1_ + sin(_a1_)))) + _a3_)) * _a0_);{'d0': {'_a0_': 3.3767608786898546, '_a1_': 0.31450942177823404, '_a3_': 0.5256917704379216, '_a2_': 1.0, '_a4_': 1.0, '_a5_': 1.0, '_a6_': 1.0, '_a7_': 1.0}};{'d0': 0.02490583291941666};-280.569866449044;38.79278838814252
26944;-101.492144836379;((x * ((x * (x + (_a1_ + sin(_a1_)))) + _a3_)) * _a0_);{'d0': {'_a0_': 3.3767608786898546, '_a1_': 0.31450942177823404, '_a3_': 0.5256917704379216, '_a2_': 1.0, '_a4_': 1.0, '_a5_': 1.0, '_a6_': 1.0, '_a7_': 1.0}};{'d0': 0.02490583291941666};-280.569866449044;38.79278838814252
26945;-101.492144836379;((x * ((x * (x + (_a1_ + sin(_a1_)))) + _a3_)) * _a0_);{'d0': {'_a0_': 3.3767608786898546, '_a1_': 0.31450942177823404, '_a3_': 0.5256917704379216, '_a2_': 1.0, '_a4_': 1.0, '_a5_': 1.0, '_a6_': 1.0, '_a7_': 1.0}};{'d0': 0.02490583291941666};-280.569866449044;38.79278838814252
26946;-90.8510765255144;((_a0_ + (pow2((x + _a5_)) * pow2((_a2_ + -(pow2(_a5_)))))) * -(-(x)));{'d0': {'_a0_': 1.4465760887870385, '_a2_': -1.7402963527514497, '_a5_': 0.3119297077092254, '_a1_': 1.0, '_a3_': 1.0, '_a4_': 1.0, '_a6_': 1.0, '_a7_': 1.0}};{'d0': 0.024905832919416573};-280.569866449044;49.43385669900745
26947;-90.8510765255144;((_a0_ + (pow2((x + _a5_)) * pow2((_a2_ + -(pow2(_a5_)))))) * -(-(x)));{'d0': {'_a0_': 1.4465760887870385, '_a2_': -1.7402963527514497, '_a5_': 0.3119297077092254, '_a1_': 1.0, '_a3_': 1.0, '_a4_': 1.0, '_a6_': 1.0, '_a7_': 1.0}};{'d0': 0.024905832919416573};-280.569866449044;49.43385669900745
26948;-90.8510765255144;((_a0_ + (pow2((x + _a5_)) * pow2((_a2_ + -(pow2(_a5_)))))) * -(-(x)));{'d0': {'_a0_': 1.4465760887870385, '_a2_': -1.7402963527514497, '_a5_': 0.3119297077092254, '_a1_': 1.0, '_a3_': 1.0, '_a4_': 1.0, '_a6_': 1.0, '_a7_': 1.0}};{'d0': 0.024905832919416573};-280.569866449044;49.43385669900745
26949;-90.8510765255144;((_a0_ + (pow2((x + _a5_)) * pow2((_a2_ + -(pow2(_a5_)))))) * -(-(x)));{'d0': {'_a0_': 1.4465760887870385, '_a2_': -1.7402963527514497, '_a5_': 0.3119297077092254, '_a1_': 1.0, '_a3_': 1.0, '_a4_': 1.0, '_a6_': 1.0, '_a7_': 1.0}};{'d0': 0.024905832919416573};-280.569866449044;49.43385669900745
26950;-90.8510765255144;((_a0_ + (pow2((x + _a5_)) * pow2((_a2_ + -(pow2(_a5_)))))) * -(-(x)));{'d0': {'_a0_': 1.4465760887870385, '_a2_': -1.7402963527514497, '_a5_': 0.3119297077092254, '_a1_': 1.0, '_a3_': 1.0, '_a4_': 1.0, '_a6_': 1.0, '_a7_': 1.0}};{'d0': 0.024905832919416573};-280.569866449044;49.43385669900745
26951;-90.8510765255144;((_a0_ + (pow2((x + _a5_)) * pow2((_a2_ + -(pow2(_a5_)))))) * -(-(x)));{'d0': {'_a0_': 1.4465760887870385, '_a2_': -1.7402963527514497, '_a5_': 0.3119297077092254, '_a1_': 1.0, '_a3_': 1.0, '_a4_': 1.0, '_a6_': 1.0, '_a7_': 1.0}};{'d0': 0.024905832919416573};-280.569866449044;49.43385669900745
26952;-90.8510765255144;((_a0_ + (pow2((x + _a5_)) * pow2((_a2_ + -(pow2(_a5_)))))) * -(-(x)));{'d0': {'_a0_': 1.4465760887870385, '_a2_': -1.7402963527514497, '_a5_': 0.3119297077092254, '_a1_': 1.0, '_a3_': 1.0, '_a4_': 1.0, '_a6_': 1.0, '_a7_': 1.0}};{'d0': 0.024905832919416573};-280.569866449044;49.43385669900745
26953;-90.8510765255144;((_a0_ + (pow2((x + _a5_)) * pow2((_a2_ + -(pow2(_a5_)))))) * -(-(x)));{'d0': {'_a0_': 1.4465760887870385, '_a2_': -1.7402963527514497, '_a5_': 0.3119297077092254, '_a1_': 1.0, '_a3_': 1.0, '_a4_': 1.0, '_a6_': 1.0, '_a7_': 1.0}};{'d0': 0.024905832919416573};-280.569866449044;49.43385669900745
26954;-90.8510765255144;((_a0_ + (pow2((x + _a5_)) * pow2((_a2_ + -(pow2(_a5_)))))) * -(-(x)));{'d0': {'_a0_': 1.4465760887870385, '_a2_': -1.7402963527514497, '_a5_': 0.3119297077092254, '_a1_': 1.0, '_a3_': 1.0, '_a4_': 1.0, '_a6_': 1.0, '_a7_': 1.0}};{'d0': 0.024905832919416573};-280.569866449044;49.43385669900745
26955;-90.8510765255144;((_a0_ + (pow2((x + _a5_)) * pow2((_a2_ + -(pow2(_a5_)))))) * -(-(x)));{'d0': {'_a0_': 1.4465760887870385, '_a2_': -1.7402963527514497, '_a5_': 0.3119297077092254, '_a1_': 1.0, '_a3_': 1.0, '_a4_': 1.0, '_a6_': 1.0, '_a7_': 1.0}};{'d0': 0.024905832919416573};-280.569866449044;49.43385669900745
26956;-90.8510765255144;((_a0_ + (pow2((x + _a5_)) * pow2((_a2_ + -(pow2(_a5_)))))) * -(-(x)));{'d0': {'_a0_': 1.4465760887870385, '_a2_': -1.7402963527514497, '_a5_': 0.3119297077092254, '_a1_': 1.0, '_a3_': 1.0, '_a4_': 1.0, '_a6_': 1.0, '_a7_': 1.0}};{'d0': 0.024905832919416573};-280.569866449044;49.43385669900745
26957;-90.8510765255144;((_a0_ + (pow2((x + _a5_)) * pow2((_a2_ + -(pow2(_a5_)))))) * -(-(x)));{'d0': {'_a0_': 1.4465760887870385, '_a2_': -1.7402963527514497, '_a5_': 0.3119297077092254, '_a1_': 1.0, '_a3_': 1.0, '_a4_': 1.0, '_a6_': 1.0, '_a7_': 1.0}};{'d0': 0.024905832919416573};-280.569866449044;49.43385669900745
26958;-90.8510765255144;((_a0_ + (pow2((x + _a5_)) * pow2((_a2_ + -(pow2(_a5_)))))) * -(-(x)));{'d0': {'_a0_': 1.4465760887870385, '_a2_': -1.7402963527514497, '_a5_': 0.3119297077092254, '_a1_': 1.0, '_a3_': 1.0, '_a4_': 1.0, '_a6_': 1.0, '_a7_': 1.0}};{'d0': 0.024905832919416573};-280.569866449044;49.43385669900745
26959;-90.8510765255144;((_a0_ + (pow2((x + _a5_)) * pow2((_a2_ + -(pow2(_a5_)))))) * -(-(x)));{'d0': {'_a0_': 1.4465760887870385, '_a2_': -1.7402963527514497, '_a5_': 0.3119297077092254, '_a1_': 1.0, '_a3_': 1.0, '_a4_': 1.0, '_a6_': 1.0, '_a7_': 1.0}};{'d0': 0.024905832919416573};-280.569866449044;49.43385669900745
26960;-90.8510765255144;((_a0_ + (pow2((x + _a5_)) * pow2((_a2_ + -(pow2(_a5_)))))) * -(-(x)));{'d0': {'_a0_': 1.4465760887870385, '_a2_': -1.7402963527514497, '_a5_': 0.3119297077092254, '_a1_': 1.0, '_a3_': 1.0, '_a4_': 1.0, '_a6_': 1.0, '_a7_': 1.0}};{'d0': 0.024905832919416573};-280.569866449044;49.43385669900745
26961;-90.8510765255144;((_a0_ + (pow2((x + _a5_)) * pow2((_a2_ + -(pow2(_a5_)))))) * -(-(x)));{'d0': {'_a0_': 1.4465760887870385, '_a2_': -1.7402963527514497, '_a5_': 0.3119297077092254, '_a1_': 1.0, '_a3_': 1.0, '_a4_': 1.0, '_a6_': 1.0, '_a7_': 1.0}};{'d0': 0.024905832919416573};-280.569866449044;49.43385669900745
26962;-90.8510765255144;((_a0_ + (pow2((x + _a5_)) * pow2((_a2_ + -(pow2(_a5_)))))) * -(-(x)));{'d0': {'_a0_': 1.4465760887870385, '_a2_': -1.7402963527514497, '_a5_': 0.3119297077092254, '_a1_': 1.0, '_a3_': 1.0, '_a4_': 1.0, '_a6_': 1.0, '_a7_': 1.0}};{'d0': 0.024905832919416573};-280.569866449044;49.43385669900745
26963;-90.8510765255144;((_a0_ + (pow2((x + _a5_)) * pow2((_a2_ + -(pow2(_a5_)))))) * -(-(x)));{'d0': {'_a0_': 1.4465760887870385, '_a2_': -1.7402963527514497, '_a5_': 0.3119297077092254, '_a1_': 1.0, '_a3_': 1.0, '_a4_': 1.0, '_a6_': 1.0, '_a7_': 1.0}};{'d0': 0.024905832919416573};-280.569866449044;49.43385669900745
26964;-87.6248559203167;((_a0_ + (pow2((x + _a5_)) * pow2((_a2_ + -((_a7_ * _a5_)))))) * -(-(x)));{'d0': {'_a0_': 1.446576089484417, '_a2_': -130.78191539607977, '_a5_': 0.31192970786515967, '_a7_': -413.37621339121273, '_a1_': 1.0, '_a3_': 1.0, '_a4_': 1.0, '_a6_': 1.0}};{'d0': 0.024905833050223376};-276.475521571698;50.61290486553245
26965;-87.6248559203167;((_a0_ + (pow2((x + _a5_)) * pow2((_a2_ + -((_a7_ * _a5_)))))) * -(-(x)));{'d0': {'_a0_': 1.446576089484417, '_a2_': -130.78191539607977, '_a5_': 0.31192970786515967, '_a7_': -413.37621339121273, '_a1_': 1.0, '_a3_': 1.0, '_a4_': 1.0, '_a6_': 1.0}};{'d0': 0.024905833050223376};-276.475521571698;50.61290486553245
26966;-87.6248559203167;((_a0_ + (pow2((x + _a5_)) * pow2((_a2_ + -((_a7_ * _a5_)))))) * -(-(x)));{'d0': {'_a0_': 1.446576089484417, '_a2_': -130.78191539607977, '_a5_': 0.31192970786515967, '_a7_': -413.37621339121273, '_a1_': 1.0, '_a3_': 1.0, '_a4_': 1.0, '_a6_': 1.0}};{'d0': 0.024905833050223376};-276.475521571698;50.61290486553245
26967;-87.6248559203167;((_a0_ + (pow2((x + _a5_)) * pow2((_a2_ + -((_a7_ * _a5_)))))) * -(-(x)));{'d0': {'_a0_': 1.446576089484417, '_a2_': -130.78191539607977, '_a5_': 0.31192970786515967, '_a7_': -413.37621339121273, '_a1_': 1.0, '_a3_': 1.0, '_a4_': 1.0, '_a6_': 1.0}};{'d0': 0.024905833050223376};-276.475521571698;50.61290486553245
26968;-87.6248559203167;((_a0_ + (pow2((x + _a5_)) * pow2((_a2_ + -((_a7_ * _a5_)))))) * -(-(x)));{'d0': {'_a0_': 1.446576089484417, '_a2_': -130.78191539607977, '_a5_': 0.31192970786515967, '_a7_': -413.37621339121273, '_a1_': 1.0, '_a3_': 1.0, '_a4_': 1.0, '_a6_': 1.0}};{'d0': 0.024905833050223376};-276.475521571698;50.61290486553245
26969;-87.6248559203167;((_a0_ + (pow2((x + _a5_)) * pow2((_a2_ + -((_a7_ * _a5_)))))) * -(-(x)));{'d0': {'_a0_': 1.446576089484417, '_a2_': -130.78191539607977, '_a5_': 0.31192970786515967, '_a7_': -413.37621339121273, '_a1_': 1.0, '_a3_': 1.0, '_a4_': 1.0, '_a6_': 1.0}};{'d0': 0.024905833050223376};-276.475521571698;50.61290486553245
26970;-87.6248559203167;((_a0_ + (pow2((x + _a5_)) * pow2((_a2_ + -((_a7_ * _a5_)))))) * -(-(x)));{'d0': {'_a0_': 1.446576089484417, '_a2_': -130.78191539607977, '_a5_': 0.31192970786515967, '_a7_': -413.37621339121273, '_a1_': 1.0, '_a3_': 1.0, '_a4_': 1.0, '_a6_': 1.0}};{'d0': 0.024905833050223376};-276.475521571698;50.61290486553245
26971;-86.7015467416118;((_a0_ + (pow2((x + _a5_)) * pow2((_a2_ + -((_a7_ / _a5_)))))) * -(-(x)));{'d0': {'_a0_': 1.4465760889274155, '_a2_': 117700.6536874497, '_a5_': 0.3119297076946752, '_a7_': 36714.903700208924, '_a1_': 1.0, '_a3_': 1.0, '_a4_': 1.0, '_a6_': 1.0}};{'d0': 0.02490583309292655};-276.475521468823;51.53621399279985
26972;-87.6248559203167;((_a0_ + (pow2((x + _a5_)) * pow2((_a2_ + -((_a7_ * _a5_)))))) * -(-(x)));{'d0': {'_a0_': 1.446576089484417, '_a2_': -130.78191539607977, '_a5_': 0.31192970786515967, '_a7_': -413.37621339121273, '_a1_': 1.0, '_a3_': 1.0, '_a4_': 1.0, '_a6_': 1.0}};{'d0': 0.024905833050223376};-276.475521571698;50.61290486553245
26973;-87.6248559203167;((_a0_ + (pow2((x + _a5_)) * pow2((_a2_ + -((_a7_ * _a5_)))))) * -(-(x)));{'d0': {'_a0_': 1.446576089484417, '_a2_': -130.78191539607977, '_a5_': 0.31192970786515967, '_a7_': -413.37621339121273, '_a1_': 1.0, '_a3_': 1.0, '_a4_': 1.0, '_a6_': 1.0}};{'d0': 0.024905833050223376};-276.475521571698;50.61290486553245
26974;-87.6248559203167;((_a0_ + (pow2((x + _a5_)) * pow2((_a2_ + -((_a7_ * _a5_)))))) * -(-(x)));{'d0': {'_a0_': 1.446576089484417, '_a2_': -130.78191539607977, '_a5_': 0.31192970786515967, '_a7_': -413.37621339121273, '_a1_': 1.0, '_a3_': 1.0, '_a4_': 1.0, '_a6_': 1.0}};{'d0': 0.024905833050223376};-276.475521571698;50.61290486553245
26975;-87.6248560217107;((_a0_ + (pow2((x + _a5_)) * pow2((_a2_ + -((_a4_ * _a5_)))))) * -(-(x)));{'d0': {'_a0_': 1.4465760897464608, '_a2_': -6079.1672634142205, '_a4_': -19483.010162963943, '_a5_': 0.3119297078647914, '_a1_': 1.0, '_a3_': 1.0, '_a6_': 1.0, '_a7_': 1.0}};{'d0': 0.02490583296604663};-276.475521774486;50.61290486553245
26976;-87.6248560217107;((_a0_ + (pow2((x + _a5_)) * pow2((_a2_ + -((_a4_ * _a5_)))))) * -(-(x)));{'d0': {'_a0_': 1.4465760897464608, '_a2_': -6079.1672634142205, '_a4_': -19483.010162963943, '_a5_': 0.3119297078647914, '_a1_': 1.0, '_a3_': 1.0, '_a6_': 1.0, '_a7_': 1.0}};{'d0': 0.02490583296604663};-276.475521774486;50.61290486553245
26977;-82.6755161031510;((_a0_ + (pow2((x + _a5_)) * pow2((_a2_ + -(((_a0_ * _a7_) * _a5_)))))) * -(-(x)));{'d0': {'_a0_': 1.4465760893785435, '_a2_': 18338.643235665117, '_a5_': 0.3119297077886983, '_a7_': 40645.521175138965, '_a1_': 1.0, '_a3_': 1.0, '_a4_': 1.0, '_a6_': 1.0}};{'d0': 0.02490583296032058};-276.475521788281;55.56224479098945
26978;-82.6755161031510;((_a0_ + (pow2((x + _a5_)) * pow2((_a2_ + -(((_a0_ * _a7_) * _a5_)))))) * -(-(x)));{'d0': {'_a0_': 1.4465760893785435, '_a2_': 18338.643235665117, '_a5_': 0.3119297077886983, '_a7_': 40645.521175138965, '_a1_': 1.0, '_a3_': 1.0, '_a4_': 1.0, '_a6_': 1.0}};{'d0': 0.02490583296032058};-276.475521788281;55.56224479098945
26979;-82.6755161031510;((_a0_ + (pow2((x + _a5_)) * pow2((_a2_ + -(((_a0_ * _a7_) * _a5_)))))) * -(-(x)));{'d0': {'_a0_': 1.4465760893785435, '_a2_': 18338.643235665117, '_a5_': 0.3119297077886983, '_a7_': 40645.521175138965, '_a1_': 1.0, '_a3_': 1.0, '_a4_': 1.0, '_a6_': 1.0}};{'d0': 0.02490583296032058};-276.475521788281;55.56224479098945
26980;-82.6755161031510;((_a0_ + (pow2((x + _a5_)) * pow2((_a2_ + -(((_a0_ * _a7_) * _a5_)))))) * -(-(x)));{'d0': {'_a0_': 1.4465760893785435, '_a2_': 18338.643235665117, '_a5_': 0.3119297077886983, '_a7_': 40645.521175138965, '_a1_': 1.0, '_a3_': 1.0, '_a4_': 1.0, '_a6_': 1.0}};{'d0': 0.02490583296032058};-276.475521788281;55.56224479098945
26981;-82.6755161031510;((_a0_ + (pow2((x + _a5_)) * pow2((_a2_ + -(((_a0_ * _a7_) * _a5_)))))) * -(-(x)));{'d0': {'_a0_': 1.4465760893785435, '_a2_': 18338.643235665117, '_a5_': 0.3119297077886983, '_a7_': 40645.521175138965, '_a1_': 1.0, '_a3_': 1.0, '_a4_': 1.0, '_a6_': 1.0}};{'d0': 0.02490583296032058};-276.475521788281;55.56224479098945
26982;-82.6755161031510;((_a0_ + (pow2((x + _a5_)) * pow2((_a2_ + -(((_a0_ * _a7_) * _a5_)))))) * -(-(x)));{'d0': {'_a0_': 1.4465760893785435, '_a2_': 18338.643235665117, '_a5_': 0.3119297077886983, '_a7_': 40645.521175138965, '_a1_': 1.0, '_a3_': 1.0, '_a4_': 1.0, '_a6_': 1.0}};{'d0': 0.02490583296032058};-276.475521788281;55.56224479098945
26983;-82.6755161031510;((_a0_ + (pow2((x + _a5_)) * pow2((_a2_ + -(((_a0_ * _a7_) * _a5_)))))) * -(-(x)));{'d0': {'_a0_': 1.4465760893785435, '_a2_': 18338.643235665117, '_a5_': 0.3119297077886983, '_a7_': 40645.521175138965, '_a1_': 1.0, '_a3_': 1.0, '_a4_': 1.0, '_a6_': 1.0}};{'d0': 0.02490583296032058};-276.475521788281;55.56224479098945
26984;-82.6755161031510;((_a0_ + (pow2((x + _a5_)) * pow2((_a2_ + -(((_a0_ * _a7_) * _a5_)))))) * -(-(x)));{'d0': {'_a0_': 1.4465760893785435, '_a2_': 18338.643235665117, '_a5_': 0.3119297077886983, '_a7_': 40645.521175138965, '_a1_': 1.0, '_a3_': 1.0, '_a4_': 1.0, '_a6_': 1.0}};{'d0': 0.02490583296032058};-276.475521788281;55.56224479098945
26985;-82.6755161031510;((_a0_ + (pow2((x + _a5_)) * pow2((_a2_ + -(((_a0_ * _a7_) * _a5_)))))) * -(-(x)));{'d0': {'_a0_': 1.4465760893785435, '_a2_': 18338.643235665117, '_a5_': 0.3119297077886983, '_a7_': 40645.521175138965, '_a1_': 1.0, '_a3_': 1.0, '_a4_': 1.0, '_a6_': 1.0}};{'d0': 0.02490583296032058};-276.475521788281;55.56224479098945
26986;-82.6755161031510;((_a0_ + (pow2((x + _a5_)) * pow2((_a2_ + -(((_a0_ * _a7_) * _a5_)))))) * -(-(x)));{'d0': {'_a0_': 1.4465760893785435, '_a2_': 18338.643235665117, '_a5_': 0.3119297077886983, '_a7_': 40645.521175138965, '_a1_': 1.0, '_a3_': 1.0, '_a4_': 1.0, '_a6_': 1.0}};{'d0': 0.02490583296032058};-276.475521788281;55.56224479098945
26987;-82.6755161031510;((_a0_ + (pow2((x + _a5_)) * pow2((_a2_ + -(((_a0_ * _a7_) * _a5_)))))) * -(-(x)));{'d0': {'_a0_': 1.4465760893785435, '_a2_': 18338.643235665117, '_a5_': 0.3119297077886983, '_a7_': 40645.521175138965, '_a1_': 1.0, '_a3_': 1.0, '_a4_': 1.0, '_a6_': 1.0}};{'d0': 0.02490583296032058};-276.475521788281;55.56224479098945
26988;-89.6720283589893;((_a0_ + (pow2((x + _a5_)) * pow2((_a2_ + -((_a2_ * _a5_)))))) * -(-(x)));{'d0': {'_a0_': 1.4465760890855728, '_a2_': 2.670652280374957, '_a5_': 0.31192970773675655, '_a1_': 1.0, '_a3_': 1.0, '_a4_': 1.0, '_a6_': 1.0, '_a7_': 1.0}};{'d0': 0.024905832919416657};-280.569866449044;50.61290486553246
26989;-89.6720283589894;((_a0_ + (pow2((x + _a5_)) * pow2((_a2_ + -((_a2_ * _a0_)))))) * -(-(x)));{'d0': {'_a0_': 1.446576088491457, '_a2_': 4.114856444086184, '_a5_': 0.31192970768035755, '_a1_': 1.0, '_a3_': 1.0, '_a4_': 1.0, '_a6_': 1.0, '_a7_': 1.0}};{'d0': 0.024905832919416605};-280.569866449044;50.61290486553246
26990;-89.6720283589894;((_a0_ + (pow2((x + _a5_)) * pow2((_a2_ + -((_a2_ * _a0_)))))) * -(-(x)));{'d0': {'_a0_': 1.446576088491457, '_a2_': 4.114856444086184, '_a5_': 0.31192970768035755, '_a1_': 1.0, '_a3_': 1.0, '_a4_': 1.0, '_a6_': 1.0, '_a7_': 1.0}};{'d0': 0.024905832919416605};-280.569866449044;50.61290486553246
26991;-89.6720283589894;((_a0_ + (pow2((x + _a5_)) * pow2((_a2_ + -((_a2_ * _a0_)))))) * -(-(x)));{'d0': {'_a0_': 1.446576088491457, '_a2_': 4.114856444086184, '_a5_': 0.31192970768035755, '_a1_': 1.0, '_a3_': 1.0, '_a4_': 1.0, '_a6_': 1.0, '_a7_': 1.0}};{'d0': 0.024905832919416605};-280.569866449044;50.61290486553246
26992;-105.382580669956;((((pow2((_a2_ * (x + _a5_))) * _a5_) + _a5_) * x) * _a3_);{'d0': {'_a2_': 1.5278457573063469, '_a3_': 4.637506637034339, '_a5_': 0.31192970765758615, '_a0_': 1.0, '_a1_': 1.0, '_a4_': 1.0, '_a6_': 1.0, '_a7_': 1.0}};{'d0': 0.024905832919416775};-280.569866449043;34.9023525545662
26993;-105.382580669956;((((pow2((_a2_ * (x + _a5_))) * _a5_) + _a5_) * x) * _a3_);{'d0': {'_a2_': 1.5278457573063469, '_a3_': 4.637506637034339, '_a5_': 0.31192970765758615, '_a0_': 1.0, '_a1_': 1.0, '_a4_': 1.0, '_a6_': 1.0, '_a7_': 1.0}};{'d0': 0.024905832919416775};-280.569866449043;34.9023525545662
26994;-105.382580669956;((((pow2((_a2_ * (x + _a5_))) * _a5_) + _a5_) * x) * _a3_);{'d0': {'_a2_': 1.5278457573063469, '_a3_': 4.637506637034339, '_a5_': 0.31192970765758615, '_a0_': 1.0, '_a1_': 1.0, '_a4_': 1.0, '_a6_': 1.0, '_a7_': 1.0}};{'d0': 0.024905832919416775};-280.569866449043;34.9023525545662
26995;-105.382580669956;((((pow2((_a2_ * (x + _a5_))) * _a5_) + _a5_) * x) * _a3_);{'d0': {'_a2_': 1.5278457573063469, '_a3_': 4.637506637034339, '_a5_': 0.31192970765758615, '_a0_': 1.0, '_a1_': 1.0, '_a4_': 1.0, '_a6_': 1.0, '_a7_': 1.0}};{'d0': 0.024905832919416775};-280.569866449043;34.9023525545662
26996;-105.382580669956;((((pow2((_a2_ * (x + _a5_))) * _a5_) + _a5_) * x) * _a3_);{'d0': {'_a2_': 1.5278457573063469, '_a3_': 4.637506637034339, '_a5_': 0.31192970765758615, '_a0_': 1.0, '_a1_': 1.0, '_a4_': 1.0, '_a6_': 1.0, '_a7_': 1.0}};{'d0': 0.024905832919416775};-280.569866449043;34.9023525545662
26997;-94.5490109981244;((_a3_ + (pow2((x + _a5_)) * pow2((_a2_ + -(_a3_))))) * -(-(x)));{'d0': {'_a2_': 3.284172584711765, '_a3_': 1.4465760899062656, '_a5_': 0.31192970793838914, '_a0_': 1.0, '_a1_': 1.0, '_a4_': 1.0, '_a6_': 1.0, '_a7_': 1.0}};{'d0': 0.024905832919416608};-280.569866449044;45.735922226397456
26998;-94.5490109981244;((_a3_ + (pow2((x + _a5_)) * pow2((_a2_ + -(_a3_))))) * -(-(x)));{'d0': {'_a2_': 3.284172584711765, '_a3_': 1.4465760899062656, '_a5_': 0.31192970793838914, '_a0_': 1.0, '_a1_': 1.0, '_a4_': 1.0, '_a6_': 1.0, '_a7_': 1.0}};{'d0': 0.024905832919416608};-280.569866449044;45.735922226397456
26999;-94.5490109981244;((_a3_ + (pow2((x + _a5_)) * pow2((_a2_ + -(_a3_))))) * -(-(x)));{'d0': {'_a2_': 3.284172584711765, '_a3_': 1.4465760899062656, '_a5_': 0.31192970793838914, '_a0_': 1.0, '_a1_': 1.0, '_a4_': 1.0, '_a6_': 1.0, '_a7_': 1.0}};{'d0': 0.024905832919416608};-280.569866449044;45.735922226397456
27000;-94.5490109981244;((_a3_ + (pow2((x + _a5_)) * pow2((_a2_ + -(_a3_))))) * -(-(x)));{'d0': {'_a2_': 3.284172584711765, '_a3_': 1.4465760899062656, '_a5_': 0.31192970793838914, '_a0_': 1.0, '_a1_': 1.0, '_a4_': 1.0, '_a6_': 1.0, '_a7_': 1.0}};{'d0': 0.024905832919416608};-280.569866449044;45.735922226397456
27001;-94.5490109981244;((_a3_ + (pow2((x + _a5_)) * pow2((_a2_ + -(_a3_))))) * -(-(x)));{'d0': {'_a2_': 3.284172584711765, '_a3_': 1.4465760899062656, '_a5_': 0.31192970793838914, '_a0_': 1.0, '_a1_': 1.0, '_a4_': 1.0, '_a6_': 1.0, '_a7_': 1.0}};{'d0': 0.024905832919416608};-280.569866449044;45.735922226397456
27002;-94.5490109981244;((_a3_ + (pow2((x + _a5_)) * pow2((_a2_ + -(_a3_))))) * -(-(x)));{'d0': {'_a2_': 3.284172584711765, '_a3_': 1.4465760899062656, '_a5_': 0.31192970793838914, '_a0_': 1.0, '_a1_': 1.0, '_a4_': 1.0, '_a6_': 1.0, '_a7_': 1.0}};{'d0': 0.024905832919416608};-280.569866449044;45.735922226397456
27003;-94.5490109981244;((_a3_ + (pow2((x + _a5_)) * pow2((_a2_ + -(_a3_))))) * -(-(x)));{'d0': {'_a2_': 3.284172584711765, '_a3_': 1.4465760899062656, '_a5_': 0.31192970793838914, '_a0_': 1.0, '_a1_': 1.0, '_a4_': 1.0, '_a6_': 1.0, '_a7_': 1.0}};{'d0': 0.024905832919416608};-280.569866449044;45.735922226397456
27004;-94.5490109981244;((_a3_ + (pow2((x + _a5_)) * pow2((_a2_ + -(_a3_))))) * -(-(x)));{'d0': {'_a2_': 3.284172584711765, '_a3_': 1.4465760899062656, '_a5_': 0.31192970793838914, '_a0_': 1.0, '_a1_': 1.0, '_a4_': 1.0, '_a6_': 1.0, '_a7_': 1.0}};{'d0': 0.024905832919416608};-280.569866449044;45.735922226397456
27005;-94.5490109981244;((_a3_ + (pow2((x + _a5_)) * pow2((_a2_ + -(_a3_))))) * -(-(x)));{'d0': {'_a2_': 3.284172584711765, '_a3_': 1.4465760899062656, '_a5_': 0.31192970793838914, '_a0_': 1.0, '_a1_': 1.0, '_a4_': 1.0, '_a6_': 1.0, '_a7_': 1.0}};{'d0': 0.024905832919416608};-280.569866449044;45.735922226397456
27006;-94.5490109981244;((_a3_ + (pow2((x + _a5_)) * pow2((_a2_ + -(_a3_))))) * -(-(x)));{'d0': {'_a2_': 3.284172584711765, '_a3_': 1.4465760899062656, '_a5_': 0.31192970793838914, '_a0_': 1.0, '_a1_': 1.0, '_a4_': 1.0, '_a6_': 1.0, '_a7_': 1.0}};{'d0': 0.024905832919416608};-280.569866449044;45.735922226397456
27007;-97.1712294304889;((-((_a3_ * x)) + (((_a3_ * pow2(x)) + _a7_) / -(_a6_))) * x);{'d0': {'_a3_': -2.1066240679593196, '_a6_': 0.6238594153433092, '_a7_': -1.1074349358525264, '_a0_': 1.0, '_a1_': 1.0, '_a2_': 1.0, '_a4_': 1.0, '_a5_': 1.0}};{'d0': 0.02490583291941657};-280.569866449044;43.11370379403297
27008;-97.1712294304889;((-((_a3_ * x)) + (((_a3_ * pow2(x)) + _a7_) / -(_a6_))) * x);{'d0': {'_a3_': -2.1066240679593196, '_a6_': 0.6238594153433092, '_a7_': -1.1074349358525264, '_a0_': 1.0, '_a1_': 1.0, '_a2_': 1.0, '_a4_': 1.0, '_a5_': 1.0}};{'d0': 0.02490583291941657};-280.569866449044;43.11370379403297
27009;-97.1712294304888;((-((_a7_ * x)) + (((_a3_ * pow2(x)) + _a7_) / -(_a6_))) * x);{'d0': {'_a3_': -4.007336988075069, '_a6_': 1.1867399340075766, '_a7_': -2.1066240716738354, '_a0_': 1.0, '_a1_': 1.0, '_a2_': 1.0, '_a4_': 1.0, '_a5_': 1.0}};{'d0': 0.024905832919416667};-280.569866449044;43.11370379403297
27010;-97.1712294304888;((-((_a7_ * x)) + (((_a3_ * pow2(x)) + _a7_) / -(_a6_))) * x);{'d0': {'_a3_': -4.007336988075069, '_a6_': 1.1867399340075766, '_a7_': -2.1066240716738354, '_a0_': 1.0, '_a1_': 1.0, '_a2_': 1.0, '_a4_': 1.0, '_a5_': 1.0}};{'d0': 0.024905832919416667};-280.569866449044;43.11370379403297
27011;-97.1712294304888;((-((_a7_ * x)) + (((_a3_ * pow2(x)) + _a7_) / -(_a6_))) * x);{'d0': {'_a3_': -4.007336988075069, '_a6_': 1.1867399340075766, '_a7_': -2.1066240716738354, '_a0_': 1.0, '_a1_': 1.0, '_a2_': 1.0, '_a4_': 1.0, '_a5_': 1.0}};{'d0': 0.024905832919416667};-280.569866449044;43.11370379403297
27012;-97.1712294304888;((-((_a7_ * x)) + (((_a3_ * pow2(x)) + _a7_) / -(_a6_))) * x);{'d0': {'_a3_': -4.007336988075069, '_a6_': 1.1867399340075766, '_a7_': -2.1066240716738354, '_a0_': 1.0, '_a1_': 1.0, '_a2_': 1.0, '_a4_': 1.0, '_a5_': 1.0}};{'d0': 0.024905832919416667};-280.569866449044;43.11370379403297
27013;-97.1712294304888;((-((_a7_ * x)) + (((_a3_ * pow2(x)) + _a7_) / -(_a6_))) * x);{'d0': {'_a3_': -4.007336988075069, '_a6_': 1.1867399340075766, '_a7_': -2.1066240716738354, '_a0_': 1.0, '_a1_': 1.0, '_a2_': 1.0, '_a4_': 1.0, '_a5_': 1.0}};{'d0': 0.024905832919416667};-280.569866449044;43.11370379403297
27014;-97.1712294304888;((-((_a7_ * x)) + (((_a3_ * pow2(x)) + _a7_) / -(_a6_))) * x);{'d0': {'_a3_': -4.007336988075069, '_a6_': 1.1867399340075766, '_a7_': -2.1066240716738354, '_a0_': 1.0, '_a1_': 1.0, '_a2_': 1.0, '_a4_': 1.0, '_a5_': 1.0}};{'d0': 0.024905832919416667};-280.569866449044;43.11370379403297
27015;-97.1712294304888;((-((_a7_ * x)) + (((_a3_ * pow2(x)) + _a7_) / -(_a6_))) * x);{'d0': {'_a3_': -4.007336988075069, '_a6_': 1.1867399340075766, '_a7_': -2.1066240716738354, '_a0_': 1.0, '_a1_': 1.0, '_a2_': 1.0, '_a4_': 1.0, '_a5_': 1.0}};{'d0': 0.024905832919416667};-280.569866449044;43.11370379403297
27016;-97.1712294304888;((-((_a7_ * x)) + (((_a3_ * pow2(x)) + _a7_) / -(_a6_))) * x);{'d0': {'_a3_': -4.007336988075069, '_a6_': 1.1867399340075766, '_a7_': -2.1066240716738354, '_a0_': 1.0, '_a1_': 1.0, '_a2_': 1.0, '_a4_': 1.0, '_a5_': 1.0}};{'d0': 0.024905832919416667};-280.569866449044;43.11370379403297
27017;-97.1712294304888;((-((_a7_ * x)) + (((_a3_ * pow2(x)) + _a7_) / -(_a6_))) * x);{'d0': {'_a3_': -4.007336988075069, '_a6_': 1.1867399340075766, '_a7_': -2.1066240716738354, '_a0_': 1.0, '_a1_': 1.0, '_a2_': 1.0, '_a4_': 1.0, '_a5_': 1.0}};{'d0': 0.024905832919416667};-280.569866449044;43.11370379403297
27018;-97.1712294304888;((-((_a7_ * x)) + (((_a3_ * pow2(x)) + _a7_) / -(_a6_))) * x);{'d0': {'_a3_': -4.007336988075069, '_a6_': 1.1867399340075766, '_a7_': -2.1066240716738354, '_a0_': 1.0, '_a1_': 1.0, '_a2_': 1.0, '_a4_': 1.0, '_a5_': 1.0}};{'d0': 0.024905832919416667};-280.569866449044;43.11370379403297
27019;-97.1712294304888;((-((_a7_ * x)) + (((_a3_ * pow2(x)) + _a7_) / -(_a6_))) * x);{'d0': {'_a3_': -4.007336988075069, '_a6_': 1.1867399340075766, '_a7_': -2.1066240716738354, '_a0_': 1.0, '_a1_': 1.0, '_a2_': 1.0, '_a4_': 1.0, '_a5_': 1.0}};{'d0': 0.024905832919416667};-280.569866449044;43.11370379403297
27020;-97.1712294304888;((-((_a7_ * x)) + (((_a3_ * pow2(x)) + _a7_) / -(_a6_))) * x);{'d0': {'_a3_': -4.007336988075069, '_a6_': 1.1867399340075766, '_a7_': -2.1066240716738354, '_a0_': 1.0, '_a1_': 1.0, '_a2_': 1.0, '_a4_': 1.0, '_a5_': 1.0}};{'d0': 0.024905832919416667};-280.569866449044;43.11370379403297
27021;-99.5822889035537;((((pow2(((_a6_ * _a5_) * (x + _a5_))) / _a3_) + _a5_) * x) * _a3_);{'d0': {'_a3_': 4.637506634375655, '_a5_': 0.3119297077839317, '_a6_': 5.8910595852235, '_a0_': 1.0, '_a1_': 1.0, '_a2_': 1.0, '_a4_': 1.0, '_a7_': 1.0}};{'d0': 0.02490583291941659};-280.569866449044;40.7026443209686
27022;-90.8211986459137;((((pow2(((_a6_ * _a5_) * (x + _a5_))) / _a3_) + sinh(_a6_)) * x) * _a3_);{'d0': {'_a3_': 0.007996867970779416, '_a5_': 0.31192970783528606, '_a6_': 5.8910595845832505, '_a0_': 1.0, '_a1_': 1.0, '_a2_': 1.0, '_a4_': 1.0, '_a7_': 1.0}};{'d0': 0.024905832919416605};-280.569866449044;49.4637345786086
27023;-90.8211986459137;((((pow2(((_a6_ * _a5_) * (x + _a5_))) / _a3_) + sinh(_a6_)) * x) * _a3_);{'d0': {'_a3_': 0.007996867970779416, '_a5_': 0.31192970783528606, '_a6_': 5.8910595845832505, '_a0_': 1.0, '_a1_': 1.0, '_a2_': 1.0, '_a4_': 1.0, '_a7_': 1.0}};{'d0': 0.024905832919416605};-280.569866449044;49.4637345786086
27024;-90.8211986459137;((((pow2(((_a6_ * _a5_) * (x + _a5_))) / _a3_) + sinh(_a6_)) * x) * _a3_);{'d0': {'_a3_': 0.007996867970779416, '_a5_': 0.31192970783528606, '_a6_': 5.8910595845832505, '_a0_': 1.0, '_a1_': 1.0, '_a2_': 1.0, '_a4_': 1.0, '_a7_': 1.0}};{'d0': 0.024905832919416605};-280.569866449044;49.4637345786086
27025;-90.8211986459137;((((pow2(((_a6_ * _a5_) * (x + _a5_))) / _a3_) + sinh(_a6_)) * x) * _a3_);{'d0': {'_a3_': 0.007996867970779416, '_a5_': 0.31192970783528606, '_a6_': 5.8910595845832505, '_a0_': 1.0, '_a1_': 1.0, '_a2_': 1.0, '_a4_': 1.0, '_a7_': 1.0}};{'d0': 0.024905832919416605};-280.569866449044;49.4637345786086
27026;-90.8211986459137;((((pow2(((_a6_ * _a5_) * (x + _a5_))) / _a3_) + sinh(_a6_)) * x) * _a3_);{'d0': {'_a3_': 0.007996867970779416, '_a5_': 0.31192970783528606, '_a6_': 5.8910595845832505, '_a0_': 1.0, '_a1_': 1.0, '_a2_': 1.0, '_a4_': 1.0, '_a7_': 1.0}};{'d0': 0.024905832919416605};-280.569866449044;49.4637345786086
27027;-90.8211986459137;((((pow2(((_a6_ * _a5_) * (x + _a5_))) / _a3_) + sinh(_a6_)) * x) * _a3_);{'d0': {'_a3_': 0.007996867970779416, '_a5_': 0.31192970783528606, '_a6_': 5.8910595845832505, '_a0_': 1.0, '_a1_': 1.0, '_a2_': 1.0, '_a4_': 1.0, '_a7_': 1.0}};{'d0': 0.024905832919416605};-280.569866449044;49.4637345786086
27028;-90.8211986459137;((((pow2(((_a6_ * _a5_) * (x + _a5_))) / _a3_) + sinh(_a6_)) * x) * _a3_);{'d0': {'_a3_': 0.007996867970779416, '_a5_': 0.31192970783528606, '_a6_': 5.8910595845832505, '_a0_': 1.0, '_a1_': 1.0, '_a2_': 1.0, '_a4_': 1.0, '_a7_': 1.0}};{'d0': 0.024905832919416605};-280.569866449044;49.4637345786086
27029;-95.7705385713706;((((pow2((_a6_ * (x + _a5_))) / _a3_) + sinh(_a6_)) * x) * _a3_);{'d0': {'_a3_': 0.47256562688854137, '_a5_': 0.3119297078823992, '_a6_': 1.8375964943656031, '_a0_': 1.0, '_a1_': 1.0, '_a2_': 1.0, '_a4_': 1.0, '_a7_': 1.0}};{'d0': 0.0249058329194167};-280.569866449043;44.5143946531516
27030;-95.7705385713706;((((pow2((_a6_ * (x + _a5_))) / _a3_) + sinh(_a6_)) * x) * _a3_);{'d0': {'_a3_': 0.47256562688854137, '_a5_': 0.3119297078823992, '_a6_': 1.8375964943656031, '_a0_': 1.0, '_a1_': 1.0, '_a2_': 1.0, '_a4_': 1.0, '_a7_': 1.0}};{'d0': 0.0249058329194167};-280.569866449043;44.5143946531516
27031;-99.1722967989006;((((pow2((_a6_ * (x + _a5_))) / _a3_) + log(_a6_)) * x) * _a3_);{'d0': {'_a3_': 2.377444264878937, '_a5_': 0.31192970782641954, '_a6_': 1.8375964955540367, '_a0_': 1.0, '_a1_': 1.0, '_a2_': 1.0, '_a4_': 1.0, '_a7_': 1.0}};{'d0': 0.024905832919416702};-280.569866449043;41.1126364256216
27032;-102.364147265272;(((_a3_ + pow2((x + _a2_))) * ((_a4_ * _a4_) + _a7_)) * x);{'d0': {'_a2_': 0.31192970785656454, '_a3_': 0.42839162802251435, '_a4_': 4.548111255808156e-17, '_a7_': 3.376760877425119, '_a0_': 1.0, '_a1_': 1.0, '_a5_': 1.0, '_a6_': 1.0}};{'d0': 0.024905832919416712};-276.475521886821;35.87361367813911
27033;-102.364147265272;(((_a3_ + pow2((x + _a2_))) * ((_a4_ * _a4_) + _a7_)) * x);{'d0': {'_a2_': 0.31192970785656454, '_a3_': 0.42839162802251435, '_a4_': 4.548111255808156e-17, '_a7_': 3.376760877425119, '_a0_': 1.0, '_a1_': 1.0, '_a5_': 1.0, '_a6_': 1.0}};{'d0': 0.024905832919416712};-276.475521886821;35.87361367813911
27034;-101.320528855377;(((_a3_ + pow2((x + _a2_))) * ((_a4_ + _a4_) + _a7_)) * x);{'d0': {'_a2_': 0.31192970785656454, '_a3_': 0.42839162802251435, '_a4_': 4.548111255808156e-17, '_a7_': 3.376760877425119, '_a0_': 1.0, '_a1_': 1.0, '_a5_': 1.0, '_a6_': 1.0}};{'d0': 0.024905832919416712};-276.475521886821;36.917232088034105
27035;-101.320528855377;(((_a3_ + pow2((x + _a2_))) * ((_a4_ + _a4_) + _a7_)) * x);{'d0': {'_a2_': 0.31192970785656454, '_a3_': 0.42839162802251435, '_a4_': 4.548111255808156e-17, '_a7_': 3.376760877425119, '_a0_': 1.0, '_a1_': 1.0, '_a5_': 1.0, '_a6_': 1.0}};{'d0': 0.024905832919416712};-276.475521886821;36.917232088034105
27036;-101.320528855377;(((_a3_ + pow2((x + _a2_))) * ((_a4_ + _a4_) + _a7_)) * x);{'d0': {'_a2_': 0.31192970785656454, '_a3_': 0.42839162802251435, '_a4_': 4.548111255808156e-17, '_a7_': 3.376760877425119, '_a0_': 1.0, '_a1_': 1.0, '_a5_': 1.0, '_a6_': 1.0}};{'d0': 0.024905832919416712};-276.475521886821;36.917232088034105
27037;-101.320528855377;(((_a3_ + pow2((x + _a2_))) * ((_a4_ + _a4_) + _a7_)) * x);{'d0': {'_a2_': 0.31192970785656454, '_a3_': 0.42839162802251435, '_a4_': 4.548111255808156e-17, '_a7_': 3.376760877425119, '_a0_': 1.0, '_a1_': 1.0, '_a5_': 1.0, '_a6_': 1.0}};{'d0': 0.024905832919416712};-276.475521886821;36.917232088034105
27038;-101.320528855377;(((_a3_ + pow2((x + _a2_))) * ((_a4_ + _a4_) + _a7_)) * x);{'d0': {'_a2_': 0.31192970785656454, '_a3_': 0.42839162802251435, '_a4_': 4.548111255808156e-17, '_a7_': 3.376760877425119, '_a0_': 1.0, '_a1_': 1.0, '_a5_': 1.0, '_a6_': 1.0}};{'d0': 0.024905832919416712};-276.475521886821;36.917232088034105
27039;-101.320528855377;(((_a3_ + pow2((x + _a2_))) * ((_a4_ + _a4_) + _a7_)) * x);{'d0': {'_a2_': 0.31192970785656454, '_a3_': 0.42839162802251435, '_a4_': 4.548111255808156e-17, '_a7_': 3.376760877425119, '_a0_': 1.0, '_a1_': 1.0, '_a5_': 1.0, '_a6_': 1.0}};{'d0': 0.024905832919416712};-276.475521886821;36.917232088034105
27040;-101.320528855377;(((_a3_ + pow2((x + _a2_))) * ((_a4_ + _a4_) + _a7_)) * x);{'d0': {'_a2_': 0.31192970785656454, '_a3_': 0.42839162802251435, '_a4_': 4.548111255808156e-17, '_a7_': 3.376760877425119, '_a0_': 1.0, '_a1_': 1.0, '_a5_': 1.0, '_a6_': 1.0}};{'d0': 0.024905832919416712};-276.475521886821;36.917232088034105
27041;-101.320528855377;(((_a3_ + pow2((x + _a2_))) * ((_a4_ + _a4_) + _a7_)) * x);{'d0': {'_a2_': 0.31192970785656454, '_a3_': 0.42839162802251435, '_a4_': 4.548111255808156e-17, '_a7_': 3.376760877425119, '_a0_': 1.0, '_a1_': 1.0, '_a5_': 1.0, '_a6_': 1.0}};{'d0': 0.024905832919416712};-276.475521886821;36.917232088034105
27042;-101.320528855377;(((_a3_ + pow2((x + _a2_))) * ((_a4_ + _a4_) + _a7_)) * x);{'d0': {'_a2_': 0.31192970785656454, '_a3_': 0.42839162802251435, '_a4_': 4.548111255808156e-17, '_a7_': 3.376760877425119, '_a0_': 1.0, '_a1_': 1.0, '_a5_': 1.0, '_a6_': 1.0}};{'d0': 0.024905832919416712};-276.475521886821;36.917232088034105
27043;-101.320528855377;(((_a3_ + pow2((x + _a2_))) * ((_a4_ + _a4_) + _a7_)) * x);{'d0': {'_a2_': 0.31192970785656454, '_a3_': 0.42839162802251435, '_a4_': 4.548111255808156e-17, '_a7_': 3.376760877425119, '_a0_': 1.0, '_a1_': 1.0, '_a5_': 1.0, '_a6_': 1.0}};{'d0': 0.024905832919416712};-276.475521886821;36.917232088034105
27044;-101.320528855377;(((_a3_ + pow2((x + _a2_))) * ((_a4_ + _a4_) + _a7_)) * x);{'d0': {'_a2_': 0.31192970785656454, '_a3_': 0.42839162802251435, '_a4_': 4.548111255808156e-17, '_a7_': 3.376760877425119, '_a0_': 1.0, '_a1_': 1.0, '_a5_': 1.0, '_a6_': 1.0}};{'d0': 0.024905832919416712};-276.475521886821;36.917232088034105
27045;-103.208892392948;(((_a3_ + pow2((x + _a2_))) * (cos(_a2_) + _a7_)) * x);{'d0': {'_a2_': 0.3119297076678681, '_a3_': 0.42839162711467765, '_a7_': 2.4250177579346954, '_a0_': 1.0, '_a1_': 1.0, '_a4_': 1.0, '_a5_': 1.0, '_a6_': 1.0}};{'d0': 0.02490583291941664};-280.569866449044;37.076040831574105
27046;-103.208892392948;(((_a3_ + pow2((x + _a2_))) * (cos(_a2_) + _a7_)) * x);{'d0': {'_a2_': 0.3119297076678681, '_a3_': 0.42839162711467765, '_a7_': 2.4250177579346954, '_a0_': 1.0, '_a1_': 1.0, '_a4_': 1.0, '_a5_': 1.0, '_a6_': 1.0}};{'d0': 0.02490583291941664};-280.569866449044;37.076040831574105
27047;-103.208892392948;(((_a3_ + pow2((x + _a2_))) * (cos(_a2_) + _a7_)) * x);{'d0': {'_a2_': 0.3119297076678681, '_a3_': 0.42839162711467765, '_a7_': 2.4250177579346954, '_a0_': 1.0, '_a1_': 1.0, '_a4_': 1.0, '_a5_': 1.0, '_a6_': 1.0}};{'d0': 0.02490583291941664};-280.569866449044;37.076040831574105
27048;-103.208892392948;(((_a3_ + pow2((x + _a2_))) * (cos(_a2_) + _a7_)) * x);{'d0': {'_a2_': 0.3119297076678681, '_a3_': 0.42839162711467765, '_a7_': 2.4250177579346954, '_a0_': 1.0, '_a1_': 1.0, '_a4_': 1.0, '_a5_': 1.0, '_a6_': 1.0}};{'d0': 0.02490583291941664};-280.569866449044;37.076040831574105
27049;-103.208892392948;(((_a3_ + pow2((x + _a2_))) * (cos(_a2_) + _a7_)) * x);{'d0': {'_a2_': 0.3119297076678681, '_a3_': 0.42839162711467765, '_a7_': 2.4250177579346954, '_a0_': 1.0, '_a1_': 1.0, '_a4_': 1.0, '_a5_': 1.0, '_a6_': 1.0}};{'d0': 0.02490583291941664};-280.569866449044;37.076040831574105
27050;-103.208892392948;(((_a3_ + pow2((x + _a2_))) * (cos(_a2_) + _a7_)) * x);{'d0': {'_a2_': 0.3119297076678681, '_a3_': 0.42839162711467765, '_a7_': 2.4250177579346954, '_a0_': 1.0, '_a1_': 1.0, '_a4_': 1.0, '_a5_': 1.0, '_a6_': 1.0}};{'d0': 0.02490583291941664};-280.569866449044;37.076040831574105
27051;-103.208892392948;(((_a3_ + pow2((x + _a2_))) * (cos(_a2_) + _a7_)) * x);{'d0': {'_a2_': 0.3119297076678681, '_a3_': 0.42839162711467765, '_a7_': 2.4250177579346954, '_a0_': 1.0, '_a1_': 1.0, '_a4_': 1.0, '_a5_': 1.0, '_a6_': 1.0}};{'d0': 0.02490583291941664};-280.569866449044;37.076040831574105
27052;-103.208892392948;(((_a3_ + pow2((x + _a2_))) * (cos(_a2_) + _a7_)) * x);{'d0': {'_a2_': 0.3119297076678681, '_a3_': 0.42839162711467765, '_a7_': 2.4250177579346954, '_a0_': 1.0, '_a1_': 1.0, '_a4_': 1.0, '_a5_': 1.0, '_a6_': 1.0}};{'d0': 0.02490583291941664};-280.569866449044;37.076040831574105
27053;-103.208892392948;(((_a3_ + pow2((x + _a2_))) * (cos(_a2_) + _a7_)) * x);{'d0': {'_a2_': 0.3119297076678681, '_a3_': 0.42839162711467765, '_a7_': 2.4250177579346954, '_a0_': 1.0, '_a1_': 1.0, '_a4_': 1.0, '_a5_': 1.0, '_a6_': 1.0}};{'d0': 0.02490583291941664};-280.569866449044;37.076040831574105
27054;-103.208892392948;(((_a3_ + pow2((x + _a2_))) * (cos(_a2_) + _a7_)) * x);{'d0': {'_a2_': 0.3119297076678681, '_a3_': 0.42839162711467765, '_a7_': 2.4250177579346954, '_a0_': 1.0, '_a1_': 1.0, '_a4_': 1.0, '_a5_': 1.0, '_a6_': 1.0}};{'d0': 0.02490583291941664};-280.569866449044;37.076040831574105
27055;-103.208892392948;(((_a3_ + pow2((x + _a2_))) * (cos(_a2_) + _a7_)) * x);{'d0': {'_a2_': 0.3119297076678681, '_a3_': 0.42839162711467765, '_a7_': 2.4250177579346954, '_a0_': 1.0, '_a1_': 1.0, '_a4_': 1.0, '_a5_': 1.0, '_a6_': 1.0}};{'d0': 0.02490583291941664};-280.569866449044;37.076040831574105
27056;-103.208892392948;(((_a3_ + pow2((x + _a2_))) * (cos(_a2_) + _a7_)) * x);{'d0': {'_a2_': 0.3119297076678681, '_a3_': 0.42839162711467765, '_a7_': 2.4250177579346954, '_a0_': 1.0, '_a1_': 1.0, '_a4_': 1.0, '_a5_': 1.0, '_a6_': 1.0}};{'d0': 0.02490583291941664};-280.569866449044;37.076040831574105
27057;-103.208892392948;(((_a3_ + pow2((x + _a2_))) * (cos(_a2_) + _a7_)) * x);{'d0': {'_a2_': 0.3119297076678681, '_a3_': 0.42839162711467765, '_a7_': 2.4250177579346954, '_a0_': 1.0, '_a1_': 1.0, '_a4_': 1.0, '_a5_': 1.0, '_a6_': 1.0}};{'d0': 0.02490583291941664};-280.569866449044;37.076040831574105
27058;-103.208892392948;(((_a3_ + pow2((x + _a2_))) * (cos(_a2_) + _a7_)) * x);{'d0': {'_a2_': 0.3119297076678681, '_a3_': 0.42839162711467765, '_a7_': 2.4250177579346954, '_a0_': 1.0, '_a1_': 1.0, '_a4_': 1.0, '_a5_': 1.0, '_a6_': 1.0}};{'d0': 0.02490583291941664};-280.569866449044;37.076040831574105
27059;-103.208892392948;(((_a3_ + pow2((x + _a2_))) * (cos(_a2_) + _a7_)) * x);{'d0': {'_a2_': 0.3119297076678681, '_a3_': 0.42839162711467765, '_a7_': 2.4250177579346954, '_a0_': 1.0, '_a1_': 1.0, '_a4_': 1.0, '_a5_': 1.0, '_a6_': 1.0}};{'d0': 0.02490583291941664};-280.569866449044;37.076040831574105
27060;-103.208892392948;(((_a3_ + pow2((x + _a2_))) * (cos(_a2_) + _a7_)) * x);{'d0': {'_a2_': 0.3119297076678681, '_a3_': 0.42839162711467765, '_a7_': 2.4250177579346954, '_a0_': 1.0, '_a1_': 1.0, '_a4_': 1.0, '_a5_': 1.0, '_a6_': 1.0}};{'d0': 0.02490583291941664};-280.569866449044;37.076040831574105
27061;-103.208892392948;(((_a3_ + pow2((x + _a2_))) * (cos(_a2_) + _a7_)) * x);{'d0': {'_a2_': 0.3119297076678681, '_a3_': 0.42839162711467765, '_a7_': 2.4250177579346954, '_a0_': 1.0, '_a1_': 1.0, '_a4_': 1.0, '_a5_': 1.0, '_a6_': 1.0}};{'d0': 0.02490583291941664};-280.569866449044;37.076040831574105
27062;-103.208892392948;(((_a3_ + pow2((x + _a2_))) * (cos(_a2_) + _a7_)) * x);{'d0': {'_a2_': 0.3119297076678681, '_a3_': 0.42839162711467765, '_a7_': 2.4250177579346954, '_a0_': 1.0, '_a1_': 1.0, '_a4_': 1.0, '_a5_': 1.0, '_a6_': 1.0}};{'d0': 0.02490583291941664};-280.569866449044;37.076040831574105
27063;-103.208892392948;(((_a3_ + pow2((x + _a2_))) * (cos(_a2_) + _a7_)) * x);{'d0': {'_a2_': 0.3119297076678681, '_a3_': 0.42839162711467765, '_a7_': 2.4250177579346954, '_a0_': 1.0, '_a1_': 1.0, '_a4_': 1.0, '_a5_': 1.0, '_a6_': 1.0}};{'d0': 0.02490583291941664};-280.569866449044;37.076040831574105
27064;-89.1859738542260;((-(((_a0_ + _a6_) * x)) + (((_a3_ * pow2(x)) + _a2_) / pow2(_a6_))) * x);{'d0': {'_a0_': 2720.1040918676977, '_a2_': 13154516.003549248, '_a3_': 25023248.88498885, '_a6_': -2722.210715934905, '_a1_': 1.0, '_a4_': 1.0, '_a5_': 1.0, '_a7_': 1.0}};{'d0': 0.024905832929190533};-276.475521863275;49.0517870774118
27065;-89.1859738542260;((-(((_a0_ + _a6_) * x)) + (((_a3_ * pow2(x)) + _a2_) / pow2(_a6_))) * x);{'d0': {'_a0_': 2720.1040918676977, '_a2_': 13154516.003549248, '_a3_': 25023248.88498885, '_a6_': -2722.210715934905, '_a1_': 1.0, '_a4_': 1.0, '_a5_': 1.0, '_a7_': 1.0}};{'d0': 0.024905832929190533};-276.475521863275;49.0517870774118
27066;-89.1859738542260;((-(((_a0_ + _a6_) * x)) + (((_a3_ * pow2(x)) + _a2_) / pow2(_a6_))) * x);{'d0': {'_a0_': 2720.1040918676977, '_a2_': 13154516.003549248, '_a3_': 25023248.88498885, '_a6_': -2722.210715934905, '_a1_': 1.0, '_a4_': 1.0, '_a5_': 1.0, '_a7_': 1.0}};{'d0': 0.024905832929190533};-276.475521863275;49.0517870774118
27067;-89.1859738542260;((-(((_a0_ + _a6_) * x)) + (((_a3_ * pow2(x)) + _a2_) / pow2(_a6_))) * x);{'d0': {'_a0_': 2720.1040918676977, '_a2_': 13154516.003549248, '_a3_': 25023248.88498885, '_a6_': -2722.210715934905, '_a1_': 1.0, '_a4_': 1.0, '_a5_': 1.0, '_a7_': 1.0}};{'d0': 0.024905832929190533};-276.475521863275;49.0517870774118
27068;-89.1859738542260;((-(((_a0_ + _a6_) * x)) + (((_a3_ * pow2(x)) + _a2_) / pow2(_a6_))) * x);{'d0': {'_a0_': 2720.1040918676977, '_a2_': 13154516.003549248, '_a3_': 25023248.88498885, '_a6_': -2722.210715934905, '_a1_': 1.0, '_a4_': 1.0, '_a5_': 1.0, '_a7_': 1.0}};{'d0': 0.024905832929190533};-276.475521863275;49.0517870774118
27069;-89.1859738542260;((-(((_a0_ + _a6_) * x)) + (((_a3_ * pow2(x)) + _a2_) / pow2(_a6_))) * x);{'d0': {'_a0_': 2720.1040918676977, '_a2_': 13154516.003549248, '_a3_': 25023248.88498885, '_a6_': -2722.210715934905, '_a1_': 1.0, '_a4_': 1.0, '_a5_': 1.0, '_a7_': 1.0}};{'d0': 0.024905832929190533};-276.475521863275;49.0517870774118
27070;-89.1859738542260;((-(((_a0_ + _a6_) * x)) + (((_a3_ * pow2(x)) + _a2_) / pow2(_a6_))) * x);{'d0': {'_a0_': 2720.1040918676977, '_a2_': 13154516.003549248, '_a3_': 25023248.88498885, '_a6_': -2722.210715934905, '_a1_': 1.0, '_a4_': 1.0, '_a5_': 1.0, '_a7_': 1.0}};{'d0': 0.024905832929190533};-276.475521863275;49.0517870774118
27071;-89.1859738542260;((-(((_a0_ + _a6_) * x)) + (((_a3_ * pow2(x)) + _a2_) / pow2(_a6_))) * x);{'d0': {'_a0_': 2720.1040918676977, '_a2_': 13154516.003549248, '_a3_': 25023248.88498885, '_a6_': -2722.210715934905, '_a1_': 1.0, '_a4_': 1.0, '_a5_': 1.0, '_a7_': 1.0}};{'d0': 0.024905832929190533};-276.475521863275;49.0517870774118
27072;-89.1859738651825;((-(((_a0_ + _a0_) * x)) + (((_a3_ * pow2(x)) + _a2_) / pow2(_a6_))) * x);{'d0': {'_a0_': -1.053312033264276, '_a2_': 108715589763.41562, '_a3_': 206804815724.39972, '_a6_': -247474.3442034908, '_a1_': 1.0, '_a4_': 1.0, '_a5_': 1.0, '_a7_': 1.0}};{'d0': 0.024905832920094455};-276.475521885189;49.0517870774118
27073;-89.1859738651825;((-(((_a0_ + _a0_) * x)) + (((_a3_ * pow2(x)) + _a2_) / pow2(_a6_))) * x);{'d0': {'_a0_': -1.053312033264276, '_a2_': 108715589763.41562, '_a3_': 206804815724.39972, '_a6_': -247474.3442034908, '_a1_': 1.0, '_a4_': 1.0, '_a5_': 1.0, '_a7_': 1.0}};{'d0': 0.024905832920094455};-276.475521885189;49.0517870774118
27074;-89.1859738651825;((-(((_a0_ + _a0_) * x)) + (((_a3_ * pow2(x)) + _a2_) / pow2(_a6_))) * x);{'d0': {'_a0_': -1.053312033264276, '_a2_': 108715589763.41562, '_a3_': 206804815724.39972, '_a6_': -247474.3442034908, '_a1_': 1.0, '_a4_': 1.0, '_a5_': 1.0, '_a7_': 1.0}};{'d0': 0.024905832920094455};-276.475521885189;49.0517870774118
27075;-89.1859738542260;((-(((_a0_ + _a6_) * x)) + (((_a3_ * pow2(x)) + _a2_) / pow2(_a6_))) * x);{'d0': {'_a0_': 2720.1040918676977, '_a2_': 13154516.003549248, '_a3_': 25023248.88498885, '_a6_': -2722.210715934905, '_a1_': 1.0, '_a4_': 1.0, '_a5_': 1.0, '_a7_': 1.0}};{'d0': 0.024905832929190533};-276.475521863275;49.0517870774118
27076;-89.1859738542260;((-(((_a0_ + _a6_) * x)) + (((_a3_ * pow2(x)) + _a2_) / pow2(_a6_))) * x);{'d0': {'_a0_': 2720.1040918676977, '_a2_': 13154516.003549248, '_a3_': 25023248.88498885, '_a6_': -2722.210715934905, '_a1_': 1.0, '_a4_': 1.0, '_a5_': 1.0, '_a7_': 1.0}};{'d0': 0.024905832929190533};-276.475521863275;49.0517870774118
27077;-83.2653728105296;((-(((_a0_ + _a6_) * x)) + (((_a3_ * pow2(x)) + (_a5_ + _a5_)) / pow2(_a6_))) * x);{'d0': {'_a0_': 2958.717937879453, '_a3_': 29602309.179125596, '_a5_': 7780845.158043115, '_a6_': -2960.8245619462305, '_a1_': 1.0, '_a2_': 1.0, '_a4_': 1.0, '_a7_': 1.0}};{'d0': 0.02490583292476256};-276.475521873943;54.9723881264418
27078;-83.2653728105296;((-(((_a0_ + _a6_) * x)) + (((_a3_ * pow2(x)) + (_a5_ + _a5_)) / pow2(_a6_))) * x);{'d0': {'_a0_': 2958.717937879453, '_a3_': 29602309.179125596, '_a5_': 7780845.158043115, '_a6_': -2960.8245619462305, '_a1_': 1.0, '_a2_': 1.0, '_a4_': 1.0, '_a7_': 1.0}};{'d0': 0.02490583292476256};-276.475521873943;54.9723881264418
27079;-83.2653728105296;((-(((_a0_ + _a6_) * x)) + (((_a3_ * pow2(x)) + (_a5_ + _a5_)) / pow2(_a6_))) * x);{'d0': {'_a0_': 2958.717937879453, '_a3_': 29602309.179125596, '_a5_': 7780845.158043115, '_a6_': -2960.8245619462305, '_a1_': 1.0, '_a2_': 1.0, '_a4_': 1.0, '_a7_': 1.0}};{'d0': 0.02490583292476256};-276.475521873943;54.9723881264418
27080;-83.2653728105296;((-(((_a0_ + _a6_) * x)) + (((_a3_ * pow2(x)) + (_a5_ + _a5_)) / pow2(_a6_))) * x);{'d0': {'_a0_': 2958.717937879453, '_a3_': 29602309.179125596, '_a5_': 7780845.158043115, '_a6_': -2960.8245619462305, '_a1_': 1.0, '_a2_': 1.0, '_a4_': 1.0, '_a7_': 1.0}};{'d0': 0.02490583292476256};-276.475521873943;54.9723881264418
27081;-83.2653728105296;((-(((_a0_ + _a6_) * x)) + (((_a3_ * pow2(x)) + (_a5_ + _a5_)) / pow2(_a6_))) * x);{'d0': {'_a0_': 2958.717937879453, '_a3_': 29602309.179125596, '_a5_': 7780845.158043115, '_a6_': -2960.8245619462305, '_a1_': 1.0, '_a2_': 1.0, '_a4_': 1.0, '_a7_': 1.0}};{'d0': 0.02490583292476256};-276.475521873943;54.9723881264418
27082;-83.2653728105296;((-(((_a0_ + _a6_) * x)) + (((_a3_ * pow2(x)) + (_a5_ + _a5_)) / pow2(_a6_))) * x);{'d0': {'_a0_': 2958.717937879453, '_a3_': 29602309.179125596, '_a5_': 7780845.158043115, '_a6_': -2960.8245619462305, '_a1_': 1.0, '_a2_': 1.0, '_a4_': 1.0, '_a7_': 1.0}};{'d0': 0.02490583292476256};-276.475521873943;54.9723881264418
27083;-83.2653728105296;((-(((_a0_ + _a6_) * x)) + (((_a3_ * pow2(x)) + (_a5_ + _a5_)) / pow2(_a6_))) * x);{'d0': {'_a0_': 2958.717937879453, '_a3_': 29602309.179125596, '_a5_': 7780845.158043115, '_a6_': -2960.8245619462305, '_a1_': 1.0, '_a2_': 1.0, '_a4_': 1.0, '_a7_': 1.0}};{'d0': 0.02490583292476256};-276.475521873943;54.9723881264418
27084;-83.2653728105296;((-(((_a0_ + _a6_) * x)) + (((_a3_ * pow2(x)) + (_a5_ + _a5_)) / pow2(_a6_))) * x);{'d0': {'_a0_': 2958.717937879453, '_a3_': 29602309.179125596, '_a5_': 7780845.158043115, '_a6_': -2960.8245619462305, '_a1_': 1.0, '_a2_': 1.0, '_a4_': 1.0, '_a7_': 1.0}};{'d0': 0.02490583292476256};-276.475521873943;54.9723881264418
27085;-83.2653728105296;((-(((_a0_ + _a6_) * x)) + (((_a3_ * pow2(x)) + (_a5_ + _a5_)) / pow2(_a6_))) * x);{'d0': {'_a0_': 2958.717937879453, '_a3_': 29602309.179125596, '_a5_': 7780845.158043115, '_a6_': -2960.8245619462305, '_a1_': 1.0, '_a2_': 1.0, '_a4_': 1.0, '_a7_': 1.0}};{'d0': 0.02490583292476256};-276.475521873943;54.9723881264418
27086;-83.2653728105296;((-(((_a0_ + _a6_) * x)) + (((_a3_ * pow2(x)) + (_a5_ + _a5_)) / pow2(_a6_))) * x);{'d0': {'_a0_': 2958.717937879453, '_a3_': 29602309.179125596, '_a5_': 7780845.158043115, '_a6_': -2960.8245619462305, '_a1_': 1.0, '_a2_': 1.0, '_a4_': 1.0, '_a7_': 1.0}};{'d0': 0.02490583292476256};-276.475521873943;54.9723881264418
27087;-83.2653728105296;((-(((_a0_ + _a6_) * x)) + (((_a3_ * pow2(x)) + (_a5_ + _a5_)) / pow2(_a6_))) * x);{'d0': {'_a0_': 2958.717937879453, '_a3_': 29602309.179125596, '_a5_': 7780845.158043115, '_a6_': -2960.8245619462305, '_a1_': 1.0, '_a2_': 1.0, '_a4_': 1.0, '_a7_': 1.0}};{'d0': 0.02490583292476256};-276.475521873943;54.9723881264418
27088;-83.2653728105296;((-(((_a0_ + _a6_) * x)) + (((_a3_ * pow2(x)) + (_a5_ + _a5_)) / pow2(_a6_))) * x);{'d0': {'_a0_': 2958.717937879453, '_a3_': 29602309.179125596, '_a5_': 7780845.158043115, '_a6_': -2960.8245619462305, '_a1_': 1.0, '_a2_': 1.0, '_a4_': 1.0, '_a7_': 1.0}};{'d0': 0.02490583292476256};-276.475521873943;54.9723881264418
27089;-83.2653728105296;((-(((_a0_ + _a6_) * x)) + (((_a3_ * pow2(x)) + (_a5_ + _a5_)) / pow2(_a6_))) * x);{'d0': {'_a0_': 2958.717937879453, '_a3_': 29602309.179125596, '_a5_': 7780845.158043115, '_a6_': -2960.8245619462305, '_a1_': 1.0, '_a2_': 1.0, '_a4_': 1.0, '_a7_': 1.0}};{'d0': 0.02490583292476256};-276.475521873943;54.9723881264418
27090;-77.4281499898810;((-((((_a4_ / _a6_) + _a6_) * x)) + (((_a3_ * pow2(x)) + (_a5_ + _a5_)) / pow2(_a6_))) * x);{'d0': {'_a3_': 19553422.343710966, '_a4_': -5785516.132704461, '_a5_': 5139536.610897256, '_a6_': -2406.363530153311, '_a0_': 1.0, '_a1_': 1.0, '_a2_': 1.0, '_a7_': 1.0}};{'d0': 0.02490583293514119};-276.475521848940;60.809610934589
27091;-77.4281499898810;((-((((_a4_ / _a6_) + _a6_) * x)) + (((_a3_ * pow2(x)) + (_a5_ + _a5_)) / pow2(_a6_))) * x);{'d0': {'_a3_': 19553422.343710966, '_a4_': -5785516.132704461, '_a5_': 5139536.610897256, '_a6_': -2406.363530153311, '_a0_': 1.0, '_a1_': 1.0, '_a2_': 1.0, '_a7_': 1.0}};{'d0': 0.02490583293514119};-276.475521848940;60.809610934589
27092;-77.4281499898810;((-((((_a4_ / _a6_) + _a6_) * x)) + (((_a3_ * pow2(x)) + (_a5_ + _a5_)) / pow2(_a6_))) * x);{'d0': {'_a3_': 19553422.343710966, '_a4_': -5785516.132704461, '_a5_': 5139536.610897256, '_a6_': -2406.363530153311, '_a0_': 1.0, '_a1_': 1.0, '_a2_': 1.0, '_a7_': 1.0}};{'d0': 0.02490583293514119};-276.475521848940;60.809610934589
27093;-77.4281499898810;((-((((_a4_ / _a6_) + _a6_) * x)) + (((_a3_ * pow2(x)) + (_a5_ + _a5_)) / pow2(_a6_))) * x);{'d0': {'_a3_': 19553422.343710966, '_a4_': -5785516.132704461, '_a5_': 5139536.610897256, '_a6_': -2406.363530153311, '_a0_': 1.0, '_a1_': 1.0, '_a2_': 1.0, '_a7_': 1.0}};{'d0': 0.02490583293514119};-276.475521848940;60.809610934589
27094;-77.4281499898810;((-((((_a4_ / _a6_) + _a6_) * x)) + (((_a3_ * pow2(x)) + (_a5_ + _a5_)) / pow2(_a6_))) * x);{'d0': {'_a3_': 19553422.343710966, '_a4_': -5785516.132704461, '_a5_': 5139536.610897256, '_a6_': -2406.363530153311, '_a0_': 1.0, '_a1_': 1.0, '_a2_': 1.0, '_a7_': 1.0}};{'d0': 0.02490583293514119};-276.475521848940;60.809610934589
27095;-77.4281499898810;((-((((_a4_ / _a6_) + _a6_) * x)) + (((_a3_ * pow2(x)) + (_a5_ + _a5_)) / pow2(_a6_))) * x);{'d0': {'_a3_': 19553422.343710966, '_a4_': -5785516.132704461, '_a5_': 5139536.610897256, '_a6_': -2406.363530153311, '_a0_': 1.0, '_a1_': 1.0, '_a2_': 1.0, '_a7_': 1.0}};{'d0': 0.02490583293514119};-276.475521848940;60.809610934589
27096;-77.4281499898810;((-((((_a4_ / _a6_) + _a6_) * x)) + (((_a3_ * pow2(x)) + (_a5_ + _a5_)) / pow2(_a6_))) * x);{'d0': {'_a3_': 19553422.343710966, '_a4_': -5785516.132704461, '_a5_': 5139536.610897256, '_a6_': -2406.363530153311, '_a0_': 1.0, '_a1_': 1.0, '_a2_': 1.0, '_a7_': 1.0}};{'d0': 0.02490583293514119};-276.475521848940;60.809610934589
27097;-77.4281499898810;((-((((_a4_ / _a6_) + _a6_) * x)) + (((_a3_ * pow2(x)) + (_a5_ + _a5_)) / pow2(_a6_))) * x);{'d0': {'_a3_': 19553422.343710966, '_a4_': -5785516.132704461, '_a5_': 5139536.610897256, '_a6_': -2406.363530153311, '_a0_': 1.0, '_a1_': 1.0, '_a2_': 1.0, '_a7_': 1.0}};{'d0': 0.02490583293514119};-276.475521848940;60.809610934589
27098;-77.4281499898810;((-((((_a4_ / _a6_) + _a6_) * x)) + (((_a3_ * pow2(x)) + (_a5_ + _a5_)) / pow2(_a6_))) * x);{'d0': {'_a3_': 19553422.343710966, '_a4_': -5785516.132704461, '_a5_': 5139536.610897256, '_a6_': -2406.363530153311, '_a0_': 1.0, '_a1_': 1.0, '_a2_': 1.0, '_a7_': 1.0}};{'d0': 0.02490583293514119};-276.475521848940;60.809610934589
27099;-77.4281499898810;((-((((_a4_ / _a6_) + _a6_) * x)) + (((_a3_ * pow2(x)) + (_a5_ + _a5_)) / pow2(_a6_))) * x);{'d0': {'_a3_': 19553422.343710966, '_a4_': -5785516.132704461, '_a5_': 5139536.610897256, '_a6_': -2406.363530153311, '_a0_': 1.0, '_a1_': 1.0, '_a2_': 1.0, '_a7_': 1.0}};{'d0': 0.02490583293514119};-276.475521848940;60.809610934589
27100;-105.382580669956;((x * _a5_) + (x * (_a7_ * pow2((_a3_ * (_a7_ + x))))));{'d0': {'_a3_': 3.2901961101697093, '_a5_': 1.4465760894310145, '_a7_': 0.3119297078427521, '_a0_': 1.0, '_a1_': 1.0, '_a2_': 1.0, '_a4_': 1.0, '_a6_': 1.0}};{'d0': 0.024905832919416615};-280.569866449044;34.90235255456593
27101;-105.382580669956;((x * _a5_) + (x * (_a7_ * pow2((_a3_ * (_a7_ + x))))));{'d0': {'_a3_': 3.2901961101697093, '_a5_': 1.4465760894310145, '_a7_': 0.3119297078427521, '_a0_': 1.0, '_a1_': 1.0, '_a2_': 1.0, '_a4_': 1.0, '_a6_': 1.0}};{'d0': 0.024905832919416615};-280.569866449044;34.90235255456593
27102;-105.382580669956;((x * _a5_) + (x * (_a7_ * pow2((_a3_ * (_a7_ + x))))));{'d0': {'_a3_': 3.2901961101697093, '_a5_': 1.4465760894310145, '_a7_': 0.3119297078427521, '_a0_': 1.0, '_a1_': 1.0, '_a2_': 1.0, '_a4_': 1.0, '_a6_': 1.0}};{'d0': 0.024905832919416615};-280.569866449044;34.90235255456593
27103;-105.382580669956;((x * _a5_) + (x * (_a7_ * pow2((_a3_ * (_a7_ + x))))));{'d0': {'_a3_': 3.2901961101697093, '_a5_': 1.4465760894310145, '_a7_': 0.3119297078427521, '_a0_': 1.0, '_a1_': 1.0, '_a2_': 1.0, '_a4_': 1.0, '_a6_': 1.0}};{'d0': 0.024905832919416615};-280.569866449044;34.90235255456593
27104;-105.382580669956;((x * _a5_) + (x * (_a7_ * pow2((_a3_ * (_a7_ + x))))));{'d0': {'_a3_': 3.2901961101697093, '_a5_': 1.4465760894310145, '_a7_': 0.3119297078427521, '_a0_': 1.0, '_a1_': 1.0, '_a2_': 1.0, '_a4_': 1.0, '_a6_': 1.0}};{'d0': 0.024905832919416615};-280.569866449044;34.90235255456593
27105;-105.382580669956;((x * _a5_) + (x * (_a7_ * pow2((_a3_ * (_a7_ + x))))));{'d0': {'_a3_': 3.2901961101697093, '_a5_': 1.4465760894310145, '_a7_': 0.3119297078427521, '_a0_': 1.0, '_a1_': 1.0, '_a2_': 1.0, '_a4_': 1.0, '_a6_': 1.0}};{'d0': 0.024905832919416615};-280.569866449044;34.90235255456593
27106;-105.382580669956;((x * _a5_) + (x * (_a7_ * pow2((_a3_ * (_a7_ + x))))));{'d0': {'_a3_': 3.2901961101697093, '_a5_': 1.4465760894310145, '_a7_': 0.3119297078427521, '_a0_': 1.0, '_a1_': 1.0, '_a2_': 1.0, '_a4_': 1.0, '_a6_': 1.0}};{'d0': 0.024905832919416615};-280.569866449044;34.90235255456593
27107;-105.382580669956;((x * _a5_) + (x * (_a7_ * pow2((_a3_ * (_a7_ + x))))));{'d0': {'_a3_': 3.2901961101697093, '_a5_': 1.4465760894310145, '_a7_': 0.3119297078427521, '_a0_': 1.0, '_a1_': 1.0, '_a2_': 1.0, '_a4_': 1.0, '_a6_': 1.0}};{'d0': 0.024905832919416615};-280.569866449044;34.90235255456593
27108;-79.4753222899328;((-((((x / _a6_) + _a6_) * x)) + (((_a3_ * pow2(x)) + (_a5_ + _a5_)) / pow2(_a6_))) * x);{'d0': {'_a3_': 12.878984836671819, '_a5_': 3.9389056299808467, '_a6_': -2.1066240739608157, '_a0_': 1.0, '_a1_': 1.0, '_a2_': 1.0, '_a4_': 1.0, '_a7_': 1.0}};{'d0': 0.02490583291941661};-280.569866449044;60.809610934589
27109;-79.4753222899328;((-((((x / _a6_) + _a6_) * x)) + (((_a3_ * pow2(x)) + (_a5_ + _a5_)) / pow2(_a6_))) * x);{'d0': {'_a3_': 12.878984836671819, '_a5_': 3.9389056299808467, '_a6_': -2.1066240739608157, '_a0_': 1.0, '_a1_': 1.0, '_a2_': 1.0, '_a4_': 1.0, '_a7_': 1.0}};{'d0': 0.02490583291941661};-280.569866449044;60.809610934589
27110;-81.6979888663527;((-((((x / _a6_) + _a6_) * x)) + (((_a3_ * pow2(x)) + pow2(_a4_)) / pow2(_a6_))) * x);{'d0': {'_a3_': 12.87898483160637, '_a4_': 2.8067438892908805, '_a6_': -2.1066240738013464, '_a0_': 1.0, '_a1_': 1.0, '_a2_': 1.0, '_a5_': 1.0, '_a7_': 1.0}};{'d0': 0.024905832919416723};-280.569866449043;58.586944358169006
27111;-81.6979888663527;((-((((x / _a6_) + _a6_) * x)) + (((_a3_ * pow2(x)) + pow2(_a4_)) / pow2(_a6_))) * x);{'d0': {'_a3_': 12.87898483160637, '_a4_': 2.8067438892908805, '_a6_': -2.1066240738013464, '_a0_': 1.0, '_a1_': 1.0, '_a2_': 1.0, '_a5_': 1.0, '_a7_': 1.0}};{'d0': 0.024905832919416723};-280.569866449043;58.586944358169006
27112;-81.6979888663527;((-((((x / _a6_) + _a6_) * x)) + (((_a3_ * pow2(x)) + pow2(_a4_)) / pow2(_a6_))) * x);{'d0': {'_a3_': 12.87898483160637, '_a4_': 2.8067438892908805, '_a6_': -2.1066240738013464, '_a0_': 1.0, '_a1_': 1.0, '_a2_': 1.0, '_a5_': 1.0, '_a7_': 1.0}};{'d0': 0.024905832919416723};-280.569866449043;58.586944358169006
27113;-81.6979888663527;((-((((x / _a6_) + _a6_) * x)) + (((_a3_ * pow2(x)) + pow2(_a4_)) / pow2(_a6_))) * x);{'d0': {'_a3_': 12.87898483160637, '_a4_': 2.8067438892908805, '_a6_': -2.1066240738013464, '_a0_': 1.0, '_a1_': 1.0, '_a2_': 1.0, '_a5_': 1.0, '_a7_': 1.0}};{'d0': 0.024905832919416723};-280.569866449043;58.586944358169006
27114;-81.6979888663527;((-((((x / _a6_) + _a6_) * x)) + (((_a3_ * pow2(x)) + pow2(_a4_)) / pow2(_a6_))) * x);{'d0': {'_a3_': 12.87898483160637, '_a4_': 2.8067438892908805, '_a6_': -2.1066240738013464, '_a0_': 1.0, '_a1_': 1.0, '_a2_': 1.0, '_a5_': 1.0, '_a7_': 1.0}};{'d0': 0.024905832919416723};-280.569866449043;58.586944358169006
27115;-81.6979888663527;((-((((x / _a6_) + _a6_) * x)) + (((_a3_ * pow2(x)) + pow2(_a4_)) / pow2(_a6_))) * x);{'d0': {'_a3_': 12.87898483160637, '_a4_': 2.8067438892908805, '_a6_': -2.1066240738013464, '_a0_': 1.0, '_a1_': 1.0, '_a2_': 1.0, '_a5_': 1.0, '_a7_': 1.0}};{'d0': 0.024905832919416723};-280.569866449043;58.586944358169006
27116;-81.6979888663527;((-((((x / _a6_) + _a6_) * x)) + (((_a3_ * pow2(x)) + pow2(_a4_)) / pow2(_a6_))) * x);{'d0': {'_a3_': 12.87898483160637, '_a4_': 2.8067438892908805, '_a6_': -2.1066240738013464, '_a0_': 1.0, '_a1_': 1.0, '_a2_': 1.0, '_a5_': 1.0, '_a7_': 1.0}};{'d0': 0.024905832919416723};-280.569866449043;58.586944358169006
27117;-81.6979888663527;((-((((x / _a6_) + _a6_) * x)) + (((_a3_ * pow2(x)) + pow2(_a4_)) / pow2(_a6_))) * x);{'d0': {'_a3_': 12.87898483160637, '_a4_': 2.8067438892908805, '_a6_': -2.1066240738013464, '_a0_': 1.0, '_a1_': 1.0, '_a2_': 1.0, '_a5_': 1.0, '_a7_': 1.0}};{'d0': 0.024905832919416723};-280.569866449043;58.586944358169006
27118;-81.6979888663527;((-((((x / _a6_) + _a6_) * x)) + (((_a3_ * pow2(x)) + pow2(_a4_)) / pow2(_a6_))) * x);{'d0': {'_a3_': 12.87898483160637, '_a4_': 2.8067438892908805, '_a6_': -2.1066240738013464, '_a0_': 1.0, '_a1_': 1.0, '_a2_': 1.0, '_a5_': 1.0, '_a7_': 1.0}};{'d0': 0.024905832919416723};-280.569866449043;58.586944358169006
27119;-81.6979888663527;((-((((x / _a6_) + _a6_) * x)) + (((_a3_ * pow2(x)) + pow2(_a4_)) / pow2(_a6_))) * x);{'d0': {'_a3_': 12.87898483160637, '_a4_': 2.8067438892908805, '_a6_': -2.1066240738013464, '_a0_': 1.0, '_a1_': 1.0, '_a2_': 1.0, '_a5_': 1.0, '_a7_': 1.0}};{'d0': 0.024905832919416723};-280.569866449043;58.586944358169006
27120;-87.5352116745000;((-(((x + _a6_) * x)) + (((_a3_ * pow2(x)) + pow2(_a4_)) / pow2(_a6_))) * x);{'d0': {'_a3_': 19.4234737759491, '_a4_': 2.8067438823474515, '_a6_': -2.106624068731498, '_a0_': 1.0, '_a1_': 1.0, '_a2_': 1.0, '_a5_': 1.0, '_a7_': 1.0}};{'d0': 0.024905832919416632};-280.569866449044;52.7497215500218
27121;-87.5352116745000;((-(((x + _a6_) * x)) + (((_a3_ * pow2(x)) + pow2(_a4_)) / pow2(_a6_))) * x);{'d0': {'_a3_': 19.4234737759491, '_a4_': 2.8067438823474515, '_a6_': -2.106624068731498, '_a0_': 1.0, '_a1_': 1.0, '_a2_': 1.0, '_a5_': 1.0, '_a7_': 1.0}};{'d0': 0.024905832919416632};-280.569866449044;52.7497215500218
27122;-87.5352116745000;((-(((x + _a6_) * x)) + (((_a3_ * pow2(x)) + pow2(_a4_)) / pow2(_a6_))) * x);{'d0': {'_a3_': 19.4234737759491, '_a4_': 2.8067438823474515, '_a6_': -2.106624068731498, '_a0_': 1.0, '_a1_': 1.0, '_a2_': 1.0, '_a5_': 1.0, '_a7_': 1.0}};{'d0': 0.024905832919416632};-280.569866449044;52.7497215500218
27123;-87.5352116745000;((-(((x + _a6_) * x)) + (((_a3_ * pow2(x)) + pow2(_a4_)) / pow2(_a6_))) * x);{'d0': {'_a3_': 19.4234737759491, '_a4_': 2.8067438823474515, '_a6_': -2.106624068731498, '_a0_': 1.0, '_a1_': 1.0, '_a2_': 1.0, '_a5_': 1.0, '_a7_': 1.0}};{'d0': 0.024905832919416632};-280.569866449044;52.7497215500218
27124;-87.5352116745000;((-(((x + _a6_) * x)) + (((_a3_ * pow2(x)) + pow2(_a4_)) / pow2(_a6_))) * x);{'d0': {'_a3_': 19.4234737759491, '_a4_': 2.8067438823474515, '_a6_': -2.106624068731498, '_a0_': 1.0, '_a1_': 1.0, '_a2_': 1.0, '_a5_': 1.0, '_a7_': 1.0}};{'d0': 0.024905832919416632};-280.569866449044;52.7497215500218
27125;-89.7753604852689;((-((-(_a3_) * x)) + (((_a3_ * pow2(x)) + pow2(_a4_)) / pow2(_a6_))) * x);{'d0': {'_a3_': 2.106624068381379, '_a4_': 1.05234734569277, '_a6_': -0.7898477167245173, '_a0_': 1.0, '_a1_': 1.0, '_a2_': 1.0, '_a5_': 1.0, '_a7_': 1.0}};{'d0': 0.02490583291941661};-280.569866449044;50.509572739252974
27126;-89.7753604852689;((-((-(_a3_) * x)) + (((_a3_ * pow2(x)) + pow2(_a4_)) / pow2(_a6_))) * x);{'d0': {'_a3_': 2.106624068381379, '_a4_': 1.05234734569277, '_a6_': -0.7898477167245173, '_a0_': 1.0, '_a1_': 1.0, '_a2_': 1.0, '_a5_': 1.0, '_a7_': 1.0}};{'d0': 0.02490583291941661};-280.569866449044;50.509572739252974
27127;-89.7753604852689;((-((-(_a3_) * x)) + (((_a3_ * pow2(x)) + pow2(_a4_)) / pow2(_a6_))) * x);{'d0': {'_a3_': 2.106624068381379, '_a4_': 1.05234734569277, '_a6_': -0.7898477167245173, '_a0_': 1.0, '_a1_': 1.0, '_a2_': 1.0, '_a5_': 1.0, '_a7_': 1.0}};{'d0': 0.02490583291941661};-280.569866449044;50.509572739252974
27128;-93.4732949578788;((-((-(_a3_) * x)) + (((_a3_ * pow2(x)) + pow2(_a4_)) / _a7_)) * x);{'d0': {'_a3_': 2.1066240691969607, '_a4_': 1.0523473466018924, '_a7_': 0.6238594157389036, '_a0_': 1.0, '_a1_': 1.0, '_a2_': 1.0, '_a5_': 1.0, '_a6_': 1.0}};{'d0': 0.02490583291941664};-280.569866449044;46.81163826664297
27129;-108.229563301620;((x * ((x * (x + _a7_)) + (_a6_ / _a7_))) * _a2_);{'d0': {'_a2_': 3.3767608793213677, '_a6_': 0.32795776041894714, '_a7_': 0.6238594154729525, '_a0_': 1.0, '_a1_': 1.0, '_a3_': 1.0, '_a4_': 1.0, '_a5_': 1.0}};{'d0': 0.024905832919416688};-280.569866449043;32.0553699229014
27130;-108.229563301620;((x * ((x * (x + _a7_)) + (_a6_ / _a7_))) * _a2_);{'d0': {'_a2_': 3.3767608793213677, '_a6_': 0.32795776041894714, '_a7_': 0.6238594154729525, '_a0_': 1.0, '_a1_': 1.0, '_a3_': 1.0, '_a4_': 1.0, '_a5_': 1.0}};{'d0': 0.024905832919416688};-280.569866449043;32.0553699229014
27131;-108.229563301620;((x * ((x * (x + _a7_)) + (_a6_ / _a7_))) * _a2_);{'d0': {'_a2_': 3.3767608793213677, '_a6_': 0.32795776041894714, '_a7_': 0.6238594154729525, '_a0_': 1.0, '_a1_': 1.0, '_a3_': 1.0, '_a4_': 1.0, '_a5_': 1.0}};{'d0': 0.024905832919416688};-280.569866449043;32.0553699229014
27132;-108.229563301620;((x * ((x * (x + _a7_)) + (_a6_ / _a7_))) * _a2_);{'d0': {'_a2_': 3.3767608793213677, '_a6_': 0.32795776041894714, '_a7_': 0.6238594154729525, '_a0_': 1.0, '_a1_': 1.0, '_a3_': 1.0, '_a4_': 1.0, '_a5_': 1.0}};{'d0': 0.024905832919416688};-280.569866449043;32.0553699229014
27133;-108.229563301620;((x * ((x * (x + _a7_)) + (_a6_ / _a7_))) * _a2_);{'d0': {'_a2_': 3.3767608793213677, '_a6_': 0.32795776041894714, '_a7_': 0.6238594154729525, '_a0_': 1.0, '_a1_': 1.0, '_a3_': 1.0, '_a4_': 1.0, '_a5_': 1.0}};{'d0': 0.024905832919416688};-280.569866449043;32.0553699229014
27134;-108.229563301620;((x * ((x * (x + _a7_)) + (_a6_ / _a7_))) * _a2_);{'d0': {'_a2_': 3.3767608793213677, '_a6_': 0.32795776041894714, '_a7_': 0.6238594154729525, '_a0_': 1.0, '_a1_': 1.0, '_a3_': 1.0, '_a4_': 1.0, '_a5_': 1.0}};{'d0': 0.024905832919416688};-280.569866449043;32.0553699229014
27135;-108.229563301620;((x * ((x * (x + _a7_)) + (_a6_ / _a7_))) * _a2_);{'d0': {'_a2_': 3.3767608793213677, '_a6_': 0.32795776041894714, '_a7_': 0.6238594154729525, '_a0_': 1.0, '_a1_': 1.0, '_a3_': 1.0, '_a4_': 1.0, '_a5_': 1.0}};{'d0': 0.024905832919416688};-280.569866449043;32.0553699229014
27136;-108.229563301620;((x * ((x * (x + _a7_)) + (_a6_ / _a7_))) * _a2_);{'d0': {'_a2_': 3.3767608793213677, '_a6_': 0.32795776041894714, '_a7_': 0.6238594154729525, '_a0_': 1.0, '_a1_': 1.0, '_a3_': 1.0, '_a4_': 1.0, '_a5_': 1.0}};{'d0': 0.024905832919416688};-280.569866449043;32.0553699229014
27137;-108.229563301620;((x * ((x * (x + _a7_)) + (_a6_ / _a7_))) * _a2_);{'d0': {'_a2_': 3.3767608793213677, '_a6_': 0.32795776041894714, '_a7_': 0.6238594154729525, '_a0_': 1.0, '_a1_': 1.0, '_a3_': 1.0, '_a4_': 1.0, '_a5_': 1.0}};{'d0': 0.024905832919416688};-280.569866449043;32.0553699229014
27138;-108.229563301620;((x * ((x * (x + _a7_)) + (_a6_ / _a7_))) * _a2_);{'d0': {'_a2_': 3.3767608793213677, '_a6_': 0.32795776041894714, '_a7_': 0.6238594154729525, '_a0_': 1.0, '_a1_': 1.0, '_a3_': 1.0, '_a4_': 1.0, '_a5_': 1.0}};{'d0': 0.024905832919416688};-280.569866449043;32.0553699229014
27139;-108.229563301620;((x * ((x * (x + _a7_)) + (_a6_ / _a7_))) * _a2_);{'d0': {'_a2_': 3.3767608793213677, '_a6_': 0.32795776041894714, '_a7_': 0.6238594154729525, '_a0_': 1.0, '_a1_': 1.0, '_a3_': 1.0, '_a4_': 1.0, '_a5_': 1.0}};{'d0': 0.024905832919416688};-280.569866449043;32.0553699229014
27140;-108.229563301620;((x * ((x * (x + _a7_)) + (_a6_ / _a7_))) * _a2_);{'d0': {'_a2_': 3.3767608793213677, '_a6_': 0.32795776041894714, '_a7_': 0.6238594154729525, '_a0_': 1.0, '_a1_': 1.0, '_a3_': 1.0, '_a4_': 1.0, '_a5_': 1.0}};{'d0': 0.024905832919416688};-280.569866449043;32.0553699229014
27141;-108.229563301620;((x * ((x * (x + _a7_)) + (_a6_ / _a7_))) * _a2_);{'d0': {'_a2_': 3.3767608793213677, '_a6_': 0.32795776041894714, '_a7_': 0.6238594154729525, '_a0_': 1.0, '_a1_': 1.0, '_a3_': 1.0, '_a4_': 1.0, '_a5_': 1.0}};{'d0': 0.024905832919416688};-280.569866449043;32.0553699229014
27142;-108.229563301620;((x * ((x * (x + _a7_)) + (_a6_ / _a7_))) * _a2_);{'d0': {'_a2_': 3.3767608793213677, '_a6_': 0.32795776041894714, '_a7_': 0.6238594154729525, '_a0_': 1.0, '_a1_': 1.0, '_a3_': 1.0, '_a4_': 1.0, '_a5_': 1.0}};{'d0': 0.024905832919416688};-280.569866449043;32.0553699229014
27143;-108.229563301620;((x * ((x * (x + _a7_)) + (_a6_ / _a7_))) * _a2_);{'d0': {'_a2_': 3.3767608793213677, '_a6_': 0.32795776041894714, '_a7_': 0.6238594154729525, '_a0_': 1.0, '_a1_': 1.0, '_a3_': 1.0, '_a4_': 1.0, '_a5_': 1.0}};{'d0': 0.024905832919416688};-280.569866449043;32.0553699229014
27144;-108.229563301620;((x * ((x * (x + _a7_)) + (_a6_ / _a7_))) * _a2_);{'d0': {'_a2_': 3.3767608793213677, '_a6_': 0.32795776041894714, '_a7_': 0.6238594154729525, '_a0_': 1.0, '_a1_': 1.0, '_a3_': 1.0, '_a4_': 1.0, '_a5_': 1.0}};{'d0': 0.024905832919416688};-280.569866449043;32.0553699229014
27145;-108.229563301620;((x * ((x * (x + _a7_)) + (_a6_ / _a7_))) * _a2_);{'d0': {'_a2_': 3.3767608793213677, '_a6_': 0.32795776041894714, '_a7_': 0.6238594154729525, '_a0_': 1.0, '_a1_': 1.0, '_a3_': 1.0, '_a4_': 1.0, '_a5_': 1.0}};{'d0': 0.024905832919416688};-280.569866449043;32.0553699229014
27146;-108.229563301620;((x * ((x * (x + _a7_)) + (_a6_ / _a7_))) * _a2_);{'d0': {'_a2_': 3.3767608793213677, '_a6_': 0.32795776041894714, '_a7_': 0.6238594154729525, '_a0_': 1.0, '_a1_': 1.0, '_a3_': 1.0, '_a4_': 1.0, '_a5_': 1.0}};{'d0': 0.024905832919416688};-280.569866449043;32.0553699229014
27147;-108.229563301620;((x * ((x * (x + _a7_)) + (_a6_ / _a7_))) * _a2_);{'d0': {'_a2_': 3.3767608793213677, '_a6_': 0.32795776041894714, '_a7_': 0.6238594154729525, '_a0_': 1.0, '_a1_': 1.0, '_a3_': 1.0, '_a4_': 1.0, '_a5_': 1.0}};{'d0': 0.024905832919416688};-280.569866449043;32.0553699229014
27148;-108.229563301620;((x * ((x * (x + _a7_)) + (_a6_ / _a7_))) * _a2_);{'d0': {'_a2_': 3.3767608793213677, '_a6_': 0.32795776041894714, '_a7_': 0.6238594154729525, '_a0_': 1.0, '_a1_': 1.0, '_a3_': 1.0, '_a4_': 1.0, '_a5_': 1.0}};{'d0': 0.024905832919416688};-280.569866449043;32.0553699229014
27149;-93.4732949578788;((-((-(_a3_) * x)) + (((_a3_ * pow2(x)) + pow2(_a0_)) / _a7_)) * x);{'d0': {'_a0_': 1.0523473454841872, '_a3_': 2.106624066721061, '_a7_': 0.6238594154165455, '_a1_': 1.0, '_a2_': 1.0, '_a4_': 1.0, '_a5_': 1.0, '_a6_': 1.0}};{'d0': 0.024905832919416657};-280.569866449044;46.81163826664297
27150;-93.4732949578788;((-((-(_a3_) * x)) + (((_a3_ * pow2(x)) + pow2(_a0_)) / _a7_)) * x);{'d0': {'_a0_': 1.0523473454841872, '_a3_': 2.106624066721061, '_a7_': 0.6238594154165455, '_a1_': 1.0, '_a2_': 1.0, '_a4_': 1.0, '_a5_': 1.0, '_a6_': 1.0}};{'d0': 0.024905832919416657};-280.569866449044;46.81163826664297
27151;-93.4732949578788;((-((-(_a3_) * x)) + (((_a3_ * pow2(x)) + pow2(_a0_)) / _a7_)) * x);{'d0': {'_a0_': 1.0523473454841872, '_a3_': 2.106624066721061, '_a7_': 0.6238594154165455, '_a1_': 1.0, '_a2_': 1.0, '_a4_': 1.0, '_a5_': 1.0, '_a6_': 1.0}};{'d0': 0.024905832919416657};-280.569866449044;46.81163826664297
27152;-93.4732949578788;((-((-(_a7_) * x)) + (((_a3_ * pow2(x)) + pow2(_a0_)) / _a7_)) * x);{'d0': {'_a0_': 1.9337897937754818, '_a3_': 7.113565738412204, '_a7_': 2.1066240680385917, '_a1_': 1.0, '_a2_': 1.0, '_a4_': 1.0, '_a5_': 1.0, '_a6_': 1.0}};{'d0': 0.024905832919416657};-280.569866449044;46.81163826664297
27153;-93.4732949578788;((-((-(_a7_) * x)) + (((_a3_ * pow2(x)) + pow2(_a0_)) / _a7_)) * x);{'d0': {'_a0_': 1.9337897937754818, '_a3_': 7.113565738412204, '_a7_': 2.1066240680385917, '_a1_': 1.0, '_a2_': 1.0, '_a4_': 1.0, '_a5_': 1.0, '_a6_': 1.0}};{'d0': 0.024905832919416657};-280.569866449044;46.81163826664297
27154;-93.4732949578788;((-((-(_a7_) * x)) + (((_a3_ * pow2(x)) + pow2(_a0_)) / _a7_)) * x);{'d0': {'_a0_': 1.9337897937754818, '_a3_': 7.113565738412204, '_a7_': 2.1066240680385917, '_a1_': 1.0, '_a2_': 1.0, '_a4_': 1.0, '_a5_': 1.0, '_a6_': 1.0}};{'d0': 0.024905832919416657};-280.569866449044;46.81163826664297
27155;-93.4732949578788;((-((-(_a7_) * x)) + (((_a3_ * pow2(x)) + pow2(_a0_)) / _a7_)) * x);{'d0': {'_a0_': 1.9337897937754818, '_a3_': 7.113565738412204, '_a7_': 2.1066240680385917, '_a1_': 1.0, '_a2_': 1.0, '_a4_': 1.0, '_a5_': 1.0, '_a6_': 1.0}};{'d0': 0.024905832919416657};-280.569866449044;46.81163826664297
27156;-93.4732949578788;((-((-(_a7_) * x)) + (((_a3_ * pow2(x)) + pow2(_a0_)) / _a7_)) * x);{'d0': {'_a0_': 1.9337897937754818, '_a3_': 7.113565738412204, '_a7_': 2.1066240680385917, '_a1_': 1.0, '_a2_': 1.0, '_a4_': 1.0, '_a5_': 1.0, '_a6_': 1.0}};{'d0': 0.024905832919416657};-280.569866449044;46.81163826664297
27157;-93.4732949578788;((-((-(_a7_) * x)) + (((_a3_ * pow2(x)) + pow2(_a0_)) / _a7_)) * x);{'d0': {'_a0_': 1.9337897937754818, '_a3_': 7.113565738412204, '_a7_': 2.1066240680385917, '_a1_': 1.0, '_a2_': 1.0, '_a4_': 1.0, '_a5_': 1.0, '_a6_': 1.0}};{'d0': 0.024905832919416657};-280.569866449044;46.81163826664297
27158;-93.4732949578788;((-((-(_a7_) * x)) + (((_a3_ * pow2(x)) + pow2(_a0_)) / _a7_)) * x);{'d0': {'_a0_': 1.9337897937754818, '_a3_': 7.113565738412204, '_a7_': 2.1066240680385917, '_a1_': 1.0, '_a2_': 1.0, '_a4_': 1.0, '_a5_': 1.0, '_a6_': 1.0}};{'d0': 0.024905832919416657};-280.569866449044;46.81163826664297
27159;-93.4732949578788;((-((-(_a7_) * x)) + (((_a3_ * pow2(x)) + pow2(_a0_)) / _a7_)) * x);{'d0': {'_a0_': 1.9337897937754818, '_a3_': 7.113565738412204, '_a7_': 2.1066240680385917, '_a1_': 1.0, '_a2_': 1.0, '_a4_': 1.0, '_a5_': 1.0, '_a6_': 1.0}};{'d0': 0.024905832919416657};-280.569866449044;46.81163826664297
27160;-93.4732949578788;((-((-(_a7_) * x)) + (((_a3_ * pow2(x)) + pow2(_a0_)) / _a7_)) * x);{'d0': {'_a0_': 1.9337897937754818, '_a3_': 7.113565738412204, '_a7_': 2.1066240680385917, '_a1_': 1.0, '_a2_': 1.0, '_a4_': 1.0, '_a5_': 1.0, '_a6_': 1.0}};{'d0': 0.024905832919416657};-280.569866449044;46.81163826664297
27161;-93.4732949578788;((-((-(_a7_) * x)) + (((_a3_ * pow2(x)) + pow2(_a0_)) / _a7_)) * x);{'d0': {'_a0_': 1.9337897937754818, '_a3_': 7.113565738412204, '_a7_': 2.1066240680385917, '_a1_': 1.0, '_a2_': 1.0, '_a4_': 1.0, '_a5_': 1.0, '_a6_': 1.0}};{'d0': 0.024905832919416657};-280.569866449044;46.81163826664297
27162;-93.4732949578788;((-((-(_a7_) * x)) + (((_a3_ * pow2(x)) + pow2(_a0_)) / _a7_)) * x);{'d0': {'_a0_': 1.9337897937754818, '_a3_': 7.113565738412204, '_a7_': 2.1066240680385917, '_a1_': 1.0, '_a2_': 1.0, '_a4_': 1.0, '_a5_': 1.0, '_a6_': 1.0}};{'d0': 0.024905832919416657};-280.569866449044;46.81163826664297
27163;-93.4732949578788;((-((-(_a7_) * x)) + (((_a3_ * pow2(x)) + pow2(_a0_)) / _a7_)) * x);{'d0': {'_a0_': 1.9337897937754818, '_a3_': 7.113565738412204, '_a7_': 2.1066240680385917, '_a1_': 1.0, '_a2_': 1.0, '_a4_': 1.0, '_a5_': 1.0, '_a6_': 1.0}};{'d0': 0.024905832919416657};-280.569866449044;46.81163826664297
27164;-93.4732949578788;((-((-(_a7_) * x)) + (((_a3_ * pow2(x)) + pow2(_a0_)) / _a7_)) * x);{'d0': {'_a0_': 1.9337897937754818, '_a3_': 7.113565738412204, '_a7_': 2.1066240680385917, '_a1_': 1.0, '_a2_': 1.0, '_a4_': 1.0, '_a5_': 1.0, '_a6_': 1.0}};{'d0': 0.024905832919416657};-280.569866449044;46.81163826664297
27165;-93.4732949578788;((-((-(_a7_) * x)) + (((_a3_ * pow2(x)) + pow2(_a0_)) / _a7_)) * x);{'d0': {'_a0_': 1.9337897937754818, '_a3_': 7.113565738412204, '_a7_': 2.1066240680385917, '_a1_': 1.0, '_a2_': 1.0, '_a4_': 1.0, '_a5_': 1.0, '_a6_': 1.0}};{'d0': 0.024905832919416657};-280.569866449044;46.81163826664297
27166;-93.4732949578788;((-((-(_a7_) * x)) + (((_a3_ * pow2(x)) + pow2(_a0_)) / _a7_)) * x);{'d0': {'_a0_': 1.9337897937754818, '_a3_': 7.113565738412204, '_a7_': 2.1066240680385917, '_a1_': 1.0, '_a2_': 1.0, '_a4_': 1.0, '_a5_': 1.0, '_a6_': 1.0}};{'d0': 0.024905832919416657};-280.569866449044;46.81163826664297
27167;-93.4732949578788;((-((-(_a7_) * x)) + (((_a3_ * pow2(x)) + pow2(_a0_)) / _a7_)) * x);{'d0': {'_a0_': 1.9337897937754818, '_a3_': 7.113565738412204, '_a7_': 2.1066240680385917, '_a1_': 1.0, '_a2_': 1.0, '_a4_': 1.0, '_a5_': 1.0, '_a6_': 1.0}};{'d0': 0.024905832919416657};-280.569866449044;46.81163826664297
27168;-104.411319546383;((x * _a2_) + (x * (_a3_ * pow2((_a3_ + (_a1_ + x))))));{'d0': {'_a1_': -3.0648311716023384, '_a2_': 1.446576088845006, '_a3_': 3.3767608793458925, '_a0_': 1.0, '_a4_': 1.0, '_a5_': 1.0, '_a6_': 1.0, '_a7_': 1.0}};{'d0': 0.024905832919416664};-280.569866449044;35.87361367813893
27169;-104.411319546383;((x * _a2_) + (x * (_a3_ * pow2((_a3_ + (_a1_ + x))))));{'d0': {'_a1_': -3.0648311716023384, '_a2_': 1.446576088845006, '_a3_': 3.3767608793458925, '_a0_': 1.0, '_a4_': 1.0, '_a5_': 1.0, '_a6_': 1.0, '_a7_': 1.0}};{'d0': 0.024905832919416664};-280.569866449044;35.87361367813893
27170;-92.2218895050319;((-((-(_a7_) * x)) + (((_a3_ * pow2(x)) + (_a7_ * _a5_)) / _a7_)) * x);{'d0': {'_a3_': 7.113565729343852, '_a5_': 1.775135403627769, '_a7_': 2.1066240661569235, '_a0_': 1.0, '_a1_': 1.0, '_a2_': 1.0, '_a4_': 1.0, '_a6_': 1.0}};{'d0': 0.024905832919416632};-280.569866449044;48.063043719489976
27171;-92.2218895050319;((-((-(_a7_) * x)) + (((_a3_ * pow2(x)) + (_a7_ * _a5_)) / _a7_)) * x);{'d0': {'_a3_': 7.113565729343852, '_a5_': 1.775135403627769, '_a7_': 2.1066240661569235, '_a0_': 1.0, '_a1_': 1.0, '_a2_': 1.0, '_a4_': 1.0, '_a6_': 1.0}};{'d0': 0.024905832919416632};-280.569866449044;48.063043719489976
27172;-92.2218895050319;((-((-(_a7_) * x)) + (((_a3_ * pow2(x)) + (_a7_ * _a5_)) / _a7_)) * x);{'d0': {'_a3_': 7.113565729343852, '_a5_': 1.775135403627769, '_a7_': 2.1066240661569235, '_a0_': 1.0, '_a1_': 1.0, '_a2_': 1.0, '_a4_': 1.0, '_a6_': 1.0}};{'d0': 0.024905832919416632};-280.569866449044;48.063043719489976
27173;-92.2218895050319;((-((-(_a7_) * x)) + (((_a3_ * pow2(x)) + (_a7_ * _a5_)) / _a7_)) * x);{'d0': {'_a3_': 7.113565729343852, '_a5_': 1.775135403627769, '_a7_': 2.1066240661569235, '_a0_': 1.0, '_a1_': 1.0, '_a2_': 1.0, '_a4_': 1.0, '_a6_': 1.0}};{'d0': 0.024905832919416632};-280.569866449044;48.063043719489976
27174;-92.2218895050319;((-((-(_a7_) * x)) + (((_a3_ * pow2(x)) + (_a7_ * _a5_)) / _a7_)) * x);{'d0': {'_a3_': 7.113565729343852, '_a5_': 1.775135403627769, '_a7_': 2.1066240661569235, '_a0_': 1.0, '_a1_': 1.0, '_a2_': 1.0, '_a4_': 1.0, '_a6_': 1.0}};{'d0': 0.024905832919416632};-280.569866449044;48.063043719489976
27175;-92.2218895050319;((-((-(_a7_) * x)) + (((_a3_ * pow2(x)) + (_a7_ * _a5_)) / _a7_)) * x);{'d0': {'_a3_': 7.113565729343852, '_a5_': 1.775135403627769, '_a7_': 2.1066240661569235, '_a0_': 1.0, '_a1_': 1.0, '_a2_': 1.0, '_a4_': 1.0, '_a6_': 1.0}};{'d0': 0.024905832919416632};-280.569866449044;48.063043719489976
27176;-92.2218895050319;((-((-(_a7_) * x)) + (((_a3_ * pow2(x)) + (_a7_ * _a5_)) / _a7_)) * x);{'d0': {'_a3_': 7.113565729343852, '_a5_': 1.775135403627769, '_a7_': 2.1066240661569235, '_a0_': 1.0, '_a1_': 1.0, '_a2_': 1.0, '_a4_': 1.0, '_a6_': 1.0}};{'d0': 0.024905832919416632};-280.569866449044;48.063043719489976
27177;-92.2218895050319;((-((-(_a7_) * x)) + (((_a3_ * pow2(x)) + (_a7_ * _a5_)) / _a7_)) * x);{'d0': {'_a3_': 7.113565729343852, '_a5_': 1.775135403627769, '_a7_': 2.1066240661569235, '_a0_': 1.0, '_a1_': 1.0, '_a2_': 1.0, '_a4_': 1.0, '_a6_': 1.0}};{'d0': 0.024905832919416632};-280.569866449044;48.063043719489976
27178;-92.2218895050319;((-((-(_a7_) * x)) + (((_a3_ * pow2(x)) + (_a7_ * _a5_)) / _a7_)) * x);{'d0': {'_a3_': 7.113565729343852, '_a5_': 1.775135403627769, '_a7_': 2.1066240661569235, '_a0_': 1.0, '_a1_': 1.0, '_a2_': 1.0, '_a4_': 1.0, '_a6_': 1.0}};{'d0': 0.024905832919416632};-280.569866449044;48.063043719489976
27179;-88.8334722504030;((-(((_a5_ * _a4_) * x)) + (((_a3_ * pow2(x)) + (_a7_ * _a5_)) / _a7_)) * x);{'d0': {'_a3_': -3000.743467239386, '_a4_': -1.1867399315594176, '_a5_': 1.7751354035100786, '_a7_': -888.6455326556387, '_a0_': 1.0, '_a1_': 1.0, '_a2_': 1.0, '_a6_': 1.0}};{'d0': 0.02490583291941664};-276.475521886821;49.40428869300781
27180;-88.8334722504030;((-(((_a5_ * _a4_) * x)) + (((_a3_ * pow2(x)) + (_a7_ * _a5_)) / _a7_)) * x);{'d0': {'_a3_': -3000.743467239386, '_a4_': -1.1867399315594176, '_a5_': 1.7751354035100786, '_a7_': -888.6455326556387, '_a0_': 1.0, '_a1_': 1.0, '_a2_': 1.0, '_a6_': 1.0}};{'d0': 0.02490583291941664};-276.475521886821;49.40428869300781
27181;-104.411319546383;((x * _a2_) + (x * (_a3_ * pow2((_a2_ + (_a1_ + x))))));{'d0': {'_a1_': -1.134646381117804, '_a2_': 1.4465760888870287, '_a3_': 3.3767608795692876, '_a0_': 1.0, '_a4_': 1.0, '_a5_': 1.0, '_a6_': 1.0, '_a7_': 1.0}};{'d0': 0.024905832919416646};-280.569866449044;35.87361367813893
27182;-104.411319546383;((x * _a2_) + (x * (_a3_ * pow2((_a2_ + (_a1_ + x))))));{'d0': {'_a1_': -1.134646381117804, '_a2_': 1.4465760888870287, '_a3_': 3.3767608795692876, '_a0_': 1.0, '_a4_': 1.0, '_a5_': 1.0, '_a6_': 1.0, '_a7_': 1.0}};{'d0': 0.024905832919416646};-280.569866449044;35.87361367813893
27183;-104.411319546383;((x * _a2_) + (x * (_a3_ * pow2((_a2_ + (_a1_ + x))))));{'d0': {'_a1_': -1.134646381117804, '_a2_': 1.4465760888870287, '_a3_': 3.3767608795692876, '_a0_': 1.0, '_a4_': 1.0, '_a5_': 1.0, '_a6_': 1.0, '_a7_': 1.0}};{'d0': 0.024905832919416646};-280.569866449044;35.87361367813893
27184;-88.8334722504030;((-(((_a5_ * _a4_) * x)) + (((_a3_ * pow2(x)) + (_a7_ * _a5_)) / _a7_)) * x);{'d0': {'_a3_': -3000.743467239386, '_a4_': -1.1867399315594176, '_a5_': 1.7751354035100786, '_a7_': -888.6455326556387, '_a0_': 1.0, '_a1_': 1.0, '_a2_': 1.0, '_a6_': 1.0}};{'d0': 0.02490583291941664};-276.475521886821;49.40428869300781
27185;-88.8334722504024;((-(((_a5_ * _a4_) * x)) + (((_a6_ * pow2(x)) + (_a7_ * _a5_)) / _a7_)) * x);{'d0': {'_a4_': -1.186739931890781, '_a5_': 1.7751354046994419, '_a6_': -638876.6894561562, '_a7_': -189198.08378026672, '_a0_': 1.0, '_a1_': 1.0, '_a2_': 1.0, '_a3_': 1.0}};{'d0': 0.024905832919417163};-276.475521886820;49.40428869300781
27186;-88.8334722504024;((-(((_a5_ * _a4_) * x)) + (((_a6_ * pow2(x)) + (_a7_ * _a5_)) / _a7_)) * x);{'d0': {'_a4_': -1.186739931890781, '_a5_': 1.7751354046994419, '_a6_': -638876.6894561562, '_a7_': -189198.08378026672, '_a0_': 1.0, '_a1_': 1.0, '_a2_': 1.0, '_a3_': 1.0}};{'d0': 0.024905832919417163};-276.475521886820;49.40428869300781
27187;-88.8334722504024;((-(((_a5_ * _a4_) * x)) + (((_a6_ * pow2(x)) + (_a7_ * _a5_)) / _a7_)) * x);{'d0': {'_a4_': -1.186739931890781, '_a5_': 1.7751354046994419, '_a6_': -638876.6894561562, '_a7_': -189198.08378026672, '_a0_': 1.0, '_a1_': 1.0, '_a2_': 1.0, '_a3_': 1.0}};{'d0': 0.024905832919417163};-276.475521886820;49.40428869300781
27188;-88.8334722504024;((-(((_a5_ * _a4_) * x)) + (((_a6_ * pow2(x)) + (_a7_ * _a5_)) / _a7_)) * x);{'d0': {'_a4_': -1.186739931890781, '_a5_': 1.7751354046994419, '_a6_': -638876.6894561562, '_a7_': -189198.08378026672, '_a0_': 1.0, '_a1_': 1.0, '_a2_': 1.0, '_a3_': 1.0}};{'d0': 0.024905832919417163};-276.475521886820;49.40428869300781
27189;-88.8334722504024;((-(((_a5_ * _a4_) * x)) + (((_a6_ * pow2(x)) + (_a7_ * _a5_)) / _a7_)) * x);{'d0': {'_a4_': -1.186739931890781, '_a5_': 1.7751354046994419, '_a6_': -638876.6894561562, '_a7_': -189198.08378026672, '_a0_': 1.0, '_a1_': 1.0, '_a2_': 1.0, '_a3_': 1.0}};{'d0': 0.024905832919417163};-276.475521886820;49.40428869300781
27190;-88.8334722504024;((-(((_a5_ * _a4_) * x)) + (((_a6_ * pow2(x)) + (_a7_ * _a5_)) / _a7_)) * x);{'d0': {'_a4_': -1.186739931890781, '_a5_': 1.7751354046994419, '_a6_': -638876.6894561562, '_a7_': -189198.08378026672, '_a0_': 1.0, '_a1_': 1.0, '_a2_': 1.0, '_a3_': 1.0}};{'d0': 0.024905832919417163};-276.475521886820;49.40428869300781
27191;-97.4148073398150;(((x * _a5_) * _a2_) + (x * (_a3_ * pow2((_a2_ + (_a1_ + x))))));{'d0': {'_a1_': -1.134646381117804, '_a2_': 1.4465760888870287, '_a3_': 3.3767608795692876, '_a5_': 1.0, '_a0_': 1.0, '_a4_': 1.0, '_a6_': 1.0, '_a7_': 1.0}};{'d0': 0.024905832919416646};-276.475521886821;40.822953603595934
27192;-97.4148073398150;(((x * _a5_) * _a2_) + (x * (_a3_ * pow2((_a2_ + (_a1_ + x))))));{'d0': {'_a1_': -1.134646381117804, '_a2_': 1.4465760888870287, '_a3_': 3.3767608795692876, '_a5_': 1.0, '_a0_': 1.0, '_a4_': 1.0, '_a6_': 1.0, '_a7_': 1.0}};{'d0': 0.024905832919416646};-276.475521886821;40.822953603595934
27193;-97.4148073398150;(((x * _a5_) * _a2_) + (x * (_a3_ * pow2((_a2_ + (_a1_ + x))))));{'d0': {'_a1_': -1.134646381117804, '_a2_': 1.4465760888870287, '_a3_': 3.3767608795692876, '_a5_': 1.0, '_a0_': 1.0, '_a4_': 1.0, '_a6_': 1.0, '_a7_': 1.0}};{'d0': 0.024905832919416646};-276.475521886821;40.822953603595934
27194;-97.4148073398150;(((x * _a5_) * _a2_) + (x * (_a3_ * pow2((_a2_ + (_a1_ + x))))));{'d0': {'_a1_': -1.134646381117804, '_a2_': 1.4465760888870287, '_a3_': 3.3767608795692876, '_a5_': 1.0, '_a0_': 1.0, '_a4_': 1.0, '_a6_': 1.0, '_a7_': 1.0}};{'d0': 0.024905832919416646};-276.475521886821;40.822953603595934
27195;-97.4148073398150;(((x * _a5_) * _a2_) + (x * (_a3_ * pow2((_a2_ + (_a1_ + x))))));{'d0': {'_a1_': -1.134646381117804, '_a2_': 1.4465760888870287, '_a3_': 3.3767608795692876, '_a5_': 1.0, '_a0_': 1.0, '_a4_': 1.0, '_a6_': 1.0, '_a7_': 1.0}};{'d0': 0.024905832919416646};-276.475521886821;40.822953603595934
27196;-88.8334722504024;((-(((_a5_ * _a4_) * x)) + (((_a6_ * pow2(x)) + (_a7_ * _a5_)) / _a7_)) * x);{'d0': {'_a4_': -1.186739931890781, '_a5_': 1.7751354046994419, '_a6_': -638876.6894561562, '_a7_': -189198.08378026672, '_a0_': 1.0, '_a1_': 1.0, '_a2_': 1.0, '_a3_': 1.0}};{'d0': 0.024905832919417163};-276.475521886820;49.40428869300781
27197;-88.8334722504024;((-(((_a5_ * _a4_) * x)) + (((_a6_ * pow2(x)) + (_a7_ * _a5_)) / _a7_)) * x);{'d0': {'_a4_': -1.186739931890781, '_a5_': 1.7751354046994419, '_a6_': -638876.6894561562, '_a7_': -189198.08378026672, '_a0_': 1.0, '_a1_': 1.0, '_a2_': 1.0, '_a3_': 1.0}};{'d0': 0.024905832919417163};-276.475521886820;49.40428869300781
27198;-88.8334722504024;((-(((_a5_ * _a4_) * x)) + (((_a6_ * pow2(x)) + (_a7_ * _a5_)) / _a7_)) * x);{'d0': {'_a4_': -1.186739931890781, '_a5_': 1.7751354046994419, '_a6_': -638876.6894561562, '_a7_': -189198.08378026672, '_a0_': 1.0, '_a1_': 1.0, '_a2_': 1.0, '_a3_': 1.0}};{'d0': 0.024905832919417163};-276.475521886820;49.40428869300781
27199;-88.7131629554402;((-(((_a5_ * _a4_) * x)) + (((_a6_ * pow2(x)) + (_a7_ * _a5_)) + _a7_)) * x);{'d0': {'_a4_': 171.62963622985998, '_a5_': -0.012274237904059, '_a6_': 3.3767608805621268, '_a7_': 1.7971945981537834, '_a0_': 1.0, '_a1_': 1.0, '_a2_': 1.0, '_a3_': 1.0}};{'d0': 0.024905832929657236};-276.475521862151;49.52459797563541
27200;-88.7131629554402;((-(((_a5_ * _a4_) * x)) + (((_a6_ * pow2(x)) + (_a7_ * _a5_)) + _a7_)) * x);{'d0': {'_a4_': 171.62963622985998, '_a5_': -0.012274237904059, '_a6_': 3.3767608805621268, '_a7_': 1.7971945981537834, '_a0_': 1.0, '_a1_': 1.0, '_a2_': 1.0, '_a3_': 1.0}};{'d0': 0.024905832929657236};-276.475521862151;49.52459797563541
27201;-88.7131629554402;((-(((_a5_ * _a4_) * x)) + (((_a6_ * pow2(x)) + (_a7_ * _a5_)) + _a7_)) * x);{'d0': {'_a4_': 171.62963622985998, '_a5_': -0.012274237904059, '_a6_': 3.3767608805621268, '_a7_': 1.7971945981537834, '_a0_': 1.0, '_a1_': 1.0, '_a2_': 1.0, '_a3_': 1.0}};{'d0': 0.024905832929657236};-276.475521862151;49.52459797563541
27202;-88.7131629554402;((-(((_a5_ * _a4_) * x)) + (((_a6_ * pow2(x)) + (_a7_ * _a5_)) + _a7_)) * x);{'d0': {'_a4_': 171.62963622985998, '_a5_': -0.012274237904059, '_a6_': 3.3767608805621268, '_a7_': 1.7971945981537834, '_a0_': 1.0, '_a1_': 1.0, '_a2_': 1.0, '_a3_': 1.0}};{'d0': 0.024905832929657236};-276.475521862151;49.52459797563541
27203;-88.7131629554402;((-(((_a5_ * _a4_) * x)) + (((_a6_ * pow2(x)) + (_a7_ * _a5_)) + _a7_)) * x);{'d0': {'_a4_': 171.62963622985998, '_a5_': -0.012274237904059, '_a6_': 3.3767608805621268, '_a7_': 1.7971945981537834, '_a0_': 1.0, '_a1_': 1.0, '_a2_': 1.0, '_a3_': 1.0}};{'d0': 0.024905832929657236};-276.475521862151;49.52459797563541
27204;-88.7131629554402;((-(((_a5_ * _a4_) * x)) + (((_a6_ * pow2(x)) + (_a7_ * _a5_)) + _a7_)) * x);{'d0': {'_a4_': 171.62963622985998, '_a5_': -0.012274237904059, '_a6_': 3.3767608805621268, '_a7_': 1.7971945981537834, '_a0_': 1.0, '_a1_': 1.0, '_a2_': 1.0, '_a3_': 1.0}};{'d0': 0.024905832929657236};-276.475521862151;49.52459797563541
27205;-88.7131629554402;((-(((_a5_ * _a4_) * x)) + (((_a6_ * pow2(x)) + (_a7_ * _a5_)) + _a7_)) * x);{'d0': {'_a4_': 171.62963622985998, '_a5_': -0.012274237904059, '_a6_': 3.3767608805621268, '_a7_': 1.7971945981537834, '_a0_': 1.0, '_a1_': 1.0, '_a2_': 1.0, '_a3_': 1.0}};{'d0': 0.024905832929657236};-276.475521862151;49.52459797563541
27206;-88.7131629554402;((-(((_a5_ * _a4_) * x)) + (((_a6_ * pow2(x)) + (_a7_ * _a5_)) + _a7_)) * x);{'d0': {'_a4_': 171.62963622985998, '_a5_': -0.012274237904059, '_a6_': 3.3767608805621268, '_a7_': 1.7971945981537834, '_a0_': 1.0, '_a1_': 1.0, '_a2_': 1.0, '_a3_': 1.0}};{'d0': 0.024905832929657236};-276.475521862151;49.52459797563541
27207;-88.7131629554402;((-(((_a5_ * _a4_) * x)) + (((_a6_ * pow2(x)) + (_a7_ * _a5_)) + _a7_)) * x);{'d0': {'_a4_': 171.62963622985998, '_a5_': -0.012274237904059, '_a6_': 3.3767608805621268, '_a7_': 1.7971945981537834, '_a0_': 1.0, '_a1_': 1.0, '_a2_': 1.0, '_a3_': 1.0}};{'d0': 0.024905832929657236};-276.475521862151;49.52459797563541
27208;-88.7131629554402;((-(((_a5_ * _a4_) * x)) + (((_a6_ * pow2(x)) + (_a7_ * _a5_)) + _a7_)) * x);{'d0': {'_a4_': 171.62963622985998, '_a5_': -0.012274237904059, '_a6_': 3.3767608805621268, '_a7_': 1.7971945981537834, '_a0_': 1.0, '_a1_': 1.0, '_a2_': 1.0, '_a3_': 1.0}};{'d0': 0.024905832929657236};-276.475521862151;49.52459797563541
27209;-88.8334722491719;((-(((_a5_ * _a4_) * x)) + (((_a6_ * pow2(x)) / (_a7_ * _a5_)) + _a7_)) * x);{'d0': {'_a4_': 37.72163083455769, '_a5_': -0.055846570824428975, '_a6_': -0.334755949977436, '_a7_': 1.7751354044020038, '_a0_': 1.0, '_a1_': 1.0, '_a2_': 1.0, '_a3_': 1.0}};{'d0': 0.024905832920438693};-276.475521884359;49.40428869300781
27210;-88.8334722491719;((-(((_a5_ * _a4_) * x)) + (((_a6_ * pow2(x)) / (_a7_ * _a5_)) + _a7_)) * x);{'d0': {'_a4_': 37.72163083455769, '_a5_': -0.055846570824428975, '_a6_': -0.334755949977436, '_a7_': 1.7751354044020038, '_a0_': 1.0, '_a1_': 1.0, '_a2_': 1.0, '_a3_': 1.0}};{'d0': 0.024905832920438693};-276.475521884359;49.40428869300781
27211;-88.8334722491719;((-(((_a5_ * _a4_) * x)) + (((_a6_ * pow2(x)) / (_a7_ * _a5_)) + _a7_)) * x);{'d0': {'_a4_': 37.72163083455769, '_a5_': -0.055846570824428975, '_a6_': -0.334755949977436, '_a7_': 1.7751354044020038, '_a0_': 1.0, '_a1_': 1.0, '_a2_': 1.0, '_a3_': 1.0}};{'d0': 0.024905832920438693};-276.475521884359;49.40428869300781
27212;-88.8334722491719;((-(((_a5_ * _a4_) * x)) + (((_a6_ * pow2(x)) / (_a7_ * _a5_)) + _a7_)) * x);{'d0': {'_a4_': 37.72163083455769, '_a5_': -0.055846570824428975, '_a6_': -0.334755949977436, '_a7_': 1.7751354044020038, '_a0_': 1.0, '_a1_': 1.0, '_a2_': 1.0, '_a3_': 1.0}};{'d0': 0.024905832920438693};-276.475521884359;49.40428869300781
27213;-88.8334722491719;((-(((_a5_ * _a4_) * x)) + (((_a6_ * pow2(x)) / (_a7_ * _a5_)) + _a7_)) * x);{'d0': {'_a4_': 37.72163083455769, '_a5_': -0.055846570824428975, '_a6_': -0.334755949977436, '_a7_': 1.7751354044020038, '_a0_': 1.0, '_a1_': 1.0, '_a2_': 1.0, '_a3_': 1.0}};{'d0': 0.024905832920438693};-276.475521884359;49.40428869300781
27214;-88.8334722491719;((-(((_a5_ * _a4_) * x)) + (((_a6_ * pow2(x)) / (_a7_ * _a5_)) + _a7_)) * x);{'d0': {'_a4_': 37.72163083455769, '_a5_': -0.055846570824428975, '_a6_': -0.334755949977436, '_a7_': 1.7751354044020038, '_a0_': 1.0, '_a1_': 1.0, '_a2_': 1.0, '_a3_': 1.0}};{'d0': 0.024905832920438693};-276.475521884359;49.40428869300781
27215;-105.382580669956;(((x * _a5_) * _a3_) + (x * (_a3_ * pow2((_a2_ + x)))));{'d0': {'_a2_': 0.3119297077120786, '_a3_': 3.3767608784035246, '_a5_': 0.42839162772015577, '_a0_': 1.0, '_a1_': 1.0, '_a4_': 1.0, '_a6_': 1.0, '_a7_': 1.0}};{'d0': 0.024905832919416636};-280.569866449044;34.90235255456594
27216;-105.382580669956;(((x * _a5_) * _a3_) + (x * (_a3_ * pow2((_a2_ + x)))));{'d0': {'_a2_': 0.3119297077120786, '_a3_': 3.3767608784035246, '_a5_': 0.42839162772015577, '_a0_': 1.0, '_a1_': 1.0, '_a4_': 1.0, '_a6_': 1.0, '_a7_': 1.0}};{'d0': 0.024905832919416636};-280.569866449044;34.90235255456594
27217;-105.382580669956;(((x * _a5_) * _a3_) + (x * (_a3_ * pow2((_a2_ + x)))));{'d0': {'_a2_': 0.3119297077120786, '_a3_': 3.3767608784035246, '_a5_': 0.42839162772015577, '_a0_': 1.0, '_a1_': 1.0, '_a4_': 1.0, '_a6_': 1.0, '_a7_': 1.0}};{'d0': 0.024905832919416636};-280.569866449044;34.90235255456594
27218;-105.382580669956;(((x * _a5_) * _a3_) + (x * (_a3_ * pow2((_a2_ + x)))));{'d0': {'_a2_': 0.3119297077120786, '_a3_': 3.3767608784035246, '_a5_': 0.42839162772015577, '_a0_': 1.0, '_a1_': 1.0, '_a4_': 1.0, '_a6_': 1.0, '_a7_': 1.0}};{'d0': 0.024905832919416636};-280.569866449044;34.90235255456594
27219;-105.382580669956;(((x * _a5_) * _a3_) + (x * (_a3_ * pow2((_a2_ + x)))));{'d0': {'_a2_': 0.3119297077120786, '_a3_': 3.3767608784035246, '_a5_': 0.42839162772015577, '_a0_': 1.0, '_a1_': 1.0, '_a4_': 1.0, '_a6_': 1.0, '_a7_': 1.0}};{'d0': 0.024905832919416636};-280.569866449044;34.90235255456594
27220;-99.5822889035535;((((x * _a5_) * _a3_) + (x * (_a3_ * pow2((_a2_ + x))))) / _a2_);{'d0': {'_a2_': 0.31192970781450374, '_a3_': 1.0533120340482516, '_a5_': 0.4283916278710876, '_a0_': 1.0, '_a1_': 1.0, '_a4_': 1.0, '_a6_': 1.0, '_a7_': 1.0}};{'d0': 0.024905832919416684};-280.569866449043;40.70264432096834
27221;-99.5822889035535;((((x * _a5_) * _a3_) + (x * (_a3_ * pow2((_a2_ + x))))) / _a2_);{'d0': {'_a2_': 0.31192970781450374, '_a3_': 1.0533120340482516, '_a5_': 0.4283916278710876, '_a0_': 1.0, '_a1_': 1.0, '_a4_': 1.0, '_a6_': 1.0, '_a7_': 1.0}};{'d0': 0.024905832919416684};-280.569866449043;40.70264432096834
27222;-99.5822889035535;((((x * _a5_) * _a3_) + (x * (_a3_ * pow2((_a2_ + x))))) / _a2_);{'d0': {'_a2_': 0.31192970781450374, '_a3_': 1.0533120340482516, '_a5_': 0.4283916278710876, '_a0_': 1.0, '_a1_': 1.0, '_a4_': 1.0, '_a6_': 1.0, '_a7_': 1.0}};{'d0': 0.024905832919416684};-280.569866449043;40.70264432096834
27223;-92.5134194106447;((((x * _a5_) * _a3_) + (x * (_a3_ * pow2(((_a5_ * _a6_) + x))))) / _a2_);{'d0': {'_a2_': -546.9308214319071, '_a3_': -1846.854611480635, '_a5_': 0.4283916300345906, '_a6_': 0.7281414525133503, '_a0_': 1.0, '_a1_': 1.0, '_a4_': 1.0, '_a7_': 1.0}};{'d0': 0.024905832919432293};-276.475521886784;45.72434153274734
27224;-92.5134194106447;((((x * _a5_) * _a3_) + (x * (_a3_ * pow2(((_a5_ * _a6_) + x))))) / _a2_);{'d0': {'_a2_': -546.9308214319071, '_a3_': -1846.854611480635, '_a5_': 0.4283916300345906, '_a6_': 0.7281414525133503, '_a0_': 1.0, '_a1_': 1.0, '_a4_': 1.0, '_a7_': 1.0}};{'d0': 0.024905832919432293};-276.475521886784;45.72434153274734
27225;-92.5134194106447;((((x * _a5_) * _a3_) + (x * (_a3_ * pow2(((_a5_ * _a6_) + x))))) / _a2_);{'d0': {'_a2_': -546.9308214319071, '_a3_': -1846.854611480635, '_a5_': 0.4283916300345906, '_a6_': 0.7281414525133503, '_a0_': 1.0, '_a1_': 1.0, '_a4_': 1.0, '_a7_': 1.0}};{'d0': 0.024905832919432293};-276.475521886784;45.72434153274734
27226;-92.5134194106447;((((x * _a5_) * _a3_) + (x * (_a3_ * pow2(((_a5_ * _a6_) + x))))) / _a2_);{'d0': {'_a2_': -546.9308214319071, '_a3_': -1846.854611480635, '_a5_': 0.4283916300345906, '_a6_': 0.7281414525133503, '_a0_': 1.0, '_a1_': 1.0, '_a4_': 1.0, '_a7_': 1.0}};{'d0': 0.024905832919432293};-276.475521886784;45.72434153274734
27227;-92.5134194106447;((((x * _a5_) * _a3_) + (x * (_a3_ * pow2(((_a5_ * _a6_) + x))))) / _a2_);{'d0': {'_a2_': -546.9308214319071, '_a3_': -1846.854611480635, '_a5_': 0.4283916300345906, '_a6_': 0.7281414525133503, '_a0_': 1.0, '_a1_': 1.0, '_a4_': 1.0, '_a7_': 1.0}};{'d0': 0.024905832919432293};-276.475521886784;45.72434153274734
27228;-92.5134194106447;((((x * _a5_) * _a3_) + (x * (_a3_ * pow2(((_a5_ * _a6_) + x))))) / _a2_);{'d0': {'_a2_': -546.9308214319071, '_a3_': -1846.854611480635, '_a5_': 0.4283916300345906, '_a6_': 0.7281414525133503, '_a0_': 1.0, '_a1_': 1.0, '_a4_': 1.0, '_a7_': 1.0}};{'d0': 0.024905832919432293};-276.475521886784;45.72434153274734
27229;-92.5134194106447;((((x * _a5_) * _a3_) + (x * (_a3_ * pow2(((_a5_ * _a6_) + x))))) / _a2_);{'d0': {'_a2_': -546.9308214319071, '_a3_': -1846.854611480635, '_a5_': 0.4283916300345906, '_a6_': 0.7281414525133503, '_a0_': 1.0, '_a1_': 1.0, '_a4_': 1.0, '_a7_': 1.0}};{'d0': 0.024905832919432293};-276.475521886784;45.72434153274734
27230;-92.5134194106447;((((x * _a5_) * _a3_) + (x * (_a3_ * pow2(((_a5_ * _a6_) + x))))) / _a2_);{'d0': {'_a2_': -546.9308214319071, '_a3_': -1846.854611480635, '_a5_': 0.4283916300345906, '_a6_': 0.7281414525133503, '_a0_': 1.0, '_a1_': 1.0, '_a4_': 1.0, '_a7_': 1.0}};{'d0': 0.024905832919432293};-276.475521886784;45.72434153274734
27231;-92.5134194106447;((((x * _a5_) * _a3_) + (x * (_a3_ * pow2(((_a5_ * _a6_) + x))))) / _a2_);{'d0': {'_a2_': -546.9308214319071, '_a3_': -1846.854611480635, '_a5_': 0.4283916300345906, '_a6_': 0.7281414525133503, '_a0_': 1.0, '_a1_': 1.0, '_a4_': 1.0, '_a7_': 1.0}};{'d0': 0.024905832919432293};-276.475521886784;45.72434153274734
27232;-92.5134194106447;((((x * _a5_) * _a3_) + (x * (_a3_ * pow2(((_a5_ * _a6_) + x))))) / _a2_);{'d0': {'_a2_': -546.9308214319071, '_a3_': -1846.854611480635, '_a5_': 0.4283916300345906, '_a6_': 0.7281414525133503, '_a0_': 1.0, '_a1_': 1.0, '_a4_': 1.0, '_a7_': 1.0}};{'d0': 0.024905832919432293};-276.475521886784;45.72434153274734
27233;-92.5134194106447;((((x * _a5_) * _a3_) + (x * (_a3_ * pow2(((_a5_ * _a6_) + x))))) / _a2_);{'d0': {'_a2_': -546.9308214319071, '_a3_': -1846.854611480635, '_a5_': 0.4283916300345906, '_a6_': 0.7281414525133503, '_a0_': 1.0, '_a1_': 1.0, '_a4_': 1.0, '_a7_': 1.0}};{'d0': 0.024905832919432293};-276.475521886784;45.72434153274734
27234;-100.360883458177;(((x * _a5_) * _a3_) + (x * (_a3_ * pow2(((_a5_ * _a6_) + x)))));{'d0': {'_a3_': 3.376760875952205, '_a5_': 0.42839162828453253, '_a6_': 0.7281414648692371, '_a0_': 1.0, '_a1_': 1.0, '_a2_': 1.0, '_a4_': 1.0, '_a7_': 1.0}};{'d0': 0.024905832919416733};-280.569866449043;39.924049766344936
27235;-100.360883458177;(((x * _a5_) * _a3_) + (x * (_a3_ * pow2(((_a5_ * _a6_) + x)))));{'d0': {'_a3_': 3.376760875952205, '_a5_': 0.42839162828453253, '_a6_': 0.7281414648692371, '_a0_': 1.0, '_a1_': 1.0, '_a2_': 1.0, '_a4_': 1.0, '_a7_': 1.0}};{'d0': 0.024905832919416733};-280.569866449043;39.924049766344936
27236;-100.360883458177;(((x * _a5_) * _a3_) + (x * (_a3_ * pow2(((_a5_ * _a6_) + x)))));{'d0': {'_a3_': 3.376760875952205, '_a5_': 0.42839162828453253, '_a6_': 0.7281414648692371, '_a0_': 1.0, '_a1_': 1.0, '_a2_': 1.0, '_a4_': 1.0, '_a7_': 1.0}};{'d0': 0.024905832919416733};-280.569866449043;39.924049766344936
27237;-100.360883458177;(((x * _a5_) * _a3_) + (x * (_a3_ * pow2(((_a5_ * _a6_) + x)))));{'d0': {'_a3_': 3.376760875952205, '_a5_': 0.42839162828453253, '_a6_': 0.7281414648692371, '_a0_': 1.0, '_a1_': 1.0, '_a2_': 1.0, '_a4_': 1.0, '_a7_': 1.0}};{'d0': 0.024905832919416733};-280.569866449043;39.924049766344936
27238;-100.360883458177;(((x * _a5_) * _a3_) + (x * (_a3_ * pow2(((_a5_ * _a6_) + x)))));{'d0': {'_a3_': 3.376760875952205, '_a5_': 0.42839162828453253, '_a6_': 0.7281414648692371, '_a0_': 1.0, '_a1_': 1.0, '_a2_': 1.0, '_a4_': 1.0, '_a7_': 1.0}};{'d0': 0.024905832919416733};-280.569866449043;39.924049766344936
27239;-100.360883458177;(((x * _a5_) * _a3_) + (x * (_a3_ * pow2(((_a5_ * _a6_) + x)))));{'d0': {'_a3_': 3.376760875952205, '_a5_': 0.42839162828453253, '_a6_': 0.7281414648692371, '_a0_': 1.0, '_a1_': 1.0, '_a2_': 1.0, '_a4_': 1.0, '_a7_': 1.0}};{'d0': 0.024905832919416733};-280.569866449043;39.924049766344936
27240;-100.360883458177;(((x * _a5_) * _a3_) + (x * (_a3_ * pow2(((_a5_ * _a6_) + x)))));{'d0': {'_a3_': 3.376760875952205, '_a5_': 0.42839162828453253, '_a6_': 0.7281414648692371, '_a0_': 1.0, '_a1_': 1.0, '_a2_': 1.0, '_a4_': 1.0, '_a7_': 1.0}};{'d0': 0.024905832919416733};-280.569866449043;39.924049766344936
27241;-100.360883458177;(((x * _a5_) * _a3_) + (x * (_a3_ * pow2(((_a5_ * _a6_) + x)))));{'d0': {'_a3_': 3.376760875952205, '_a5_': 0.42839162828453253, '_a6_': 0.7281414648692371, '_a0_': 1.0, '_a1_': 1.0, '_a2_': 1.0, '_a4_': 1.0, '_a7_': 1.0}};{'d0': 0.024905832919416733};-280.569866449043;39.924049766344936
27242;-100.360883458177;(((x * _a5_) * _a3_) + (x * (_a3_ * pow2(((_a5_ * _a6_) + x)))));{'d0': {'_a3_': 3.376760875952205, '_a5_': 0.42839162828453253, '_a6_': 0.7281414648692371, '_a0_': 1.0, '_a1_': 1.0, '_a2_': 1.0, '_a4_': 1.0, '_a7_': 1.0}};{'d0': 0.024905832919416733};-280.569866449043;39.924049766344936
27243;-100.360883458177;(((x * _a5_) * _a3_) + (x * (_a3_ * pow2(((_a5_ * _a6_) + x)))));{'d0': {'_a3_': 3.376760875952205, '_a5_': 0.42839162828453253, '_a6_': 0.7281414648692371, '_a0_': 1.0, '_a1_': 1.0, '_a2_': 1.0, '_a4_': 1.0, '_a7_': 1.0}};{'d0': 0.024905832919416733};-280.569866449043;39.924049766344936
27244;-95.9023417432931;((-((_a4_ * x)) + (((_a1_ * pow2(x)) / (_a7_ * _a4_)) + _a7_)) * x);{'d0': {'_a1_': -12.627542432403166, '_a4_': -2.106624071923244, '_a7_': 1.7751354041120262, '_a0_': 1.0, '_a2_': 1.0, '_a3_': 1.0, '_a5_': 1.0, '_a6_': 1.0}};{'d0': 0.024905832919416608};-280.569866449044;44.38259148122881
27245;-95.9023417432931;((-((_a4_ * x)) + (((_a1_ * pow2(x)) / (_a7_ * _a4_)) + _a7_)) * x);{'d0': {'_a1_': -12.627542432403166, '_a4_': -2.106624071923244, '_a7_': 1.7751354041120262, '_a0_': 1.0, '_a2_': 1.0, '_a3_': 1.0, '_a5_': 1.0, '_a6_': 1.0}};{'d0': 0.024905832919416608};-280.569866449044;44.38259148122881
27246;-95.9023417432931;((-((_a4_ * x)) + (((_a1_ * pow2(x)) / (_a7_ * _a4_)) + _a7_)) * x);{'d0': {'_a1_': -12.627542432403166, '_a4_': -2.106624071923244, '_a7_': 1.7751354041120262, '_a0_': 1.0, '_a2_': 1.0, '_a3_': 1.0, '_a5_': 1.0, '_a6_': 1.0}};{'d0': 0.024905832919416608};-280.569866449044;44.38259148122881
27247;-95.9023417432931;((-((_a4_ * x)) + (((_a1_ * pow2(x)) / (_a7_ * _a4_)) + _a7_)) * x);{'d0': {'_a1_': -12.627542432403166, '_a4_': -2.106624071923244, '_a7_': 1.7751354041120262, '_a0_': 1.0, '_a2_': 1.0, '_a3_': 1.0, '_a5_': 1.0, '_a6_': 1.0}};{'d0': 0.024905832919416608};-280.569866449044;44.38259148122881
27248;-95.9095617978333;((((_a3_ + x) * (_a1_ * x)) + -(pow3(x))) * (_a2_ / _a4_));{'d0': {'_a1_': -0.6238594163470468, '_a2_': 1805552793.5343268, '_a3_': 0.8426446045129078, '_a4_': -534699634.45288646, '_a0_': 1.0, '_a5_': 1.0, '_a6_': 1.0, '_a7_': 1.0}};{'d0': 0.024905832919421264};-276.475521886810;42.328199145571745
27249;-95.9095617978333;((((_a3_ + x) * (_a1_ * x)) + -(pow3(x))) * (_a2_ / _a4_));{'d0': {'_a1_': -0.6238594163470468, '_a2_': 1805552793.5343268, '_a3_': 0.8426446045129078, '_a4_': -534699634.45288646, '_a0_': 1.0, '_a5_': 1.0, '_a6_': 1.0, '_a7_': 1.0}};{'d0': 0.024905832919421264};-276.475521886810;42.328199145571745
27250;-95.9095617978333;((((_a3_ + x) * (_a1_ * x)) + -(pow3(x))) * (_a2_ / _a4_));{'d0': {'_a1_': -0.6238594163470468, '_a2_': 1805552793.5343268, '_a3_': 0.8426446045129078, '_a4_': -534699634.45288646, '_a0_': 1.0, '_a5_': 1.0, '_a6_': 1.0, '_a7_': 1.0}};{'d0': 0.024905832919421264};-276.475521886810;42.328199145571745
27251;-95.9095617978333;((((_a3_ + x) * (_a1_ * x)) + -(pow3(x))) * (_a2_ / _a4_));{'d0': {'_a1_': -0.6238594163470468, '_a2_': 1805552793.5343268, '_a3_': 0.8426446045129078, '_a4_': -534699634.45288646, '_a0_': 1.0, '_a5_': 1.0, '_a6_': 1.0, '_a7_': 1.0}};{'d0': 0.024905832919421264};-276.475521886810;42.328199145571745
27252;-95.9095617978333;((((_a3_ + x) * (_a1_ * x)) + -(pow3(x))) * (_a2_ / _a4_));{'d0': {'_a1_': -0.6238594163470468, '_a2_': 1805552793.5343268, '_a3_': 0.8426446045129078, '_a4_': -534699634.45288646, '_a0_': 1.0, '_a5_': 1.0, '_a6_': 1.0, '_a7_': 1.0}};{'d0': 0.024905832919421264};-276.475521886810;42.328199145571745
27253;-95.9095617978333;((((_a3_ + x) * (_a1_ * x)) + -(pow3(x))) * (_a2_ / _a4_));{'d0': {'_a1_': -0.6238594163470468, '_a2_': 1805552793.5343268, '_a3_': 0.8426446045129078, '_a4_': -534699634.45288646, '_a0_': 1.0, '_a5_': 1.0, '_a6_': 1.0, '_a7_': 1.0}};{'d0': 0.024905832919421264};-276.475521886810;42.328199145571745
27254;-95.9095617978333;((((_a3_ + x) * (_a1_ * x)) + -(pow3(x))) * (_a2_ / _a4_));{'d0': {'_a1_': -0.6238594163470468, '_a2_': 1805552793.5343268, '_a3_': 0.8426446045129078, '_a4_': -534699634.45288646, '_a0_': 1.0, '_a5_': 1.0, '_a6_': 1.0, '_a7_': 1.0}};{'d0': 0.024905832919421264};-276.475521886810;42.328199145571745
27255;-95.9095617978333;((((_a3_ + x) * (_a1_ * x)) + -(pow3(x))) * (_a2_ / _a4_));{'d0': {'_a1_': -0.6238594163470468, '_a2_': 1805552793.5343268, '_a3_': 0.8426446045129078, '_a4_': -534699634.45288646, '_a0_': 1.0, '_a5_': 1.0, '_a6_': 1.0, '_a7_': 1.0}};{'d0': 0.024905832919421264};-276.475521886810;42.328199145571745
27256;-95.9095617978333;((((_a3_ + x) * (_a1_ * x)) + -(pow3(x))) * (_a2_ / _a4_));{'d0': {'_a1_': -0.6238594163470468, '_a2_': 1805552793.5343268, '_a3_': 0.8426446045129078, '_a4_': -534699634.45288646, '_a0_': 1.0, '_a5_': 1.0, '_a6_': 1.0, '_a7_': 1.0}};{'d0': 0.024905832919421264};-276.475521886810;42.328199145571745
27257;-95.9095617978333;((((_a3_ + x) * (_a1_ * x)) + -(pow3(x))) * (_a2_ / _a4_));{'d0': {'_a1_': -0.6238594163470468, '_a2_': 1805552793.5343268, '_a3_': 0.8426446045129078, '_a4_': -534699634.45288646, '_a0_': 1.0, '_a5_': 1.0, '_a6_': 1.0, '_a7_': 1.0}};{'d0': 0.024905832919421264};-276.475521886810;42.328199145571745
27258;-95.9095617978333;((((_a3_ + x) * (_a1_ * x)) + -(pow3(x))) * (_a2_ / _a4_));{'d0': {'_a1_': -0.6238594163470468, '_a2_': 1805552793.5343268, '_a3_': 0.8426446045129078, '_a4_': -534699634.45288646, '_a0_': 1.0, '_a5_': 1.0, '_a6_': 1.0, '_a7_': 1.0}};{'d0': 0.024905832919421264};-276.475521886810;42.328199145571745
27259;-95.9095617978333;((((_a3_ + x) * (_a1_ * x)) + -(pow3(x))) * (_a2_ / _a4_));{'d0': {'_a1_': -0.6238594163470468, '_a2_': 1805552793.5343268, '_a3_': 0.8426446045129078, '_a4_': -534699634.45288646, '_a0_': 1.0, '_a5_': 1.0, '_a6_': 1.0, '_a7_': 1.0}};{'d0': 0.024905832919421264};-276.475521886810;42.328199145571745
27260;-95.9095617978333;((((_a3_ + x) * (_a1_ * x)) + -(pow3(x))) * (_a2_ / _a4_));{'d0': {'_a1_': -0.6238594163470468, '_a2_': 1805552793.5343268, '_a3_': 0.8426446045129078, '_a4_': -534699634.45288646, '_a0_': 1.0, '_a5_': 1.0, '_a6_': 1.0, '_a7_': 1.0}};{'d0': 0.024905832919421264};-276.475521886810;42.328199145571745
27261;-95.9095617978333;((((_a3_ + x) * (_a1_ * x)) + -(pow3(x))) * (_a2_ / _a4_));{'d0': {'_a1_': -0.6238594163470468, '_a2_': 1805552793.5343268, '_a3_': 0.8426446045129078, '_a4_': -534699634.45288646, '_a0_': 1.0, '_a5_': 1.0, '_a6_': 1.0, '_a7_': 1.0}};{'d0': 0.024905832919421264};-276.475521886810;42.328199145571745
27262;-95.9095617978333;((((_a3_ + x) * (_a1_ * x)) + -(pow3(x))) * (_a2_ / _a4_));{'d0': {'_a1_': -0.6238594163470468, '_a2_': 1805552793.5343268, '_a3_': 0.8426446045129078, '_a4_': -534699634.45288646, '_a0_': 1.0, '_a5_': 1.0, '_a6_': 1.0, '_a7_': 1.0}};{'d0': 0.024905832919421264};-276.475521886810;42.328199145571745
27263;-95.9095617978333;((((_a3_ + x) * (_a1_ * x)) + -(pow3(x))) * (_a2_ / _a4_));{'d0': {'_a1_': -0.6238594163470468, '_a2_': 1805552793.5343268, '_a3_': 0.8426446045129078, '_a4_': -534699634.45288646, '_a0_': 1.0, '_a5_': 1.0, '_a6_': 1.0, '_a7_': 1.0}};{'d0': 0.024905832919421264};-276.475521886810;42.328199145571745
27264;-95.9095617978333;((((_a3_ + x) * (_a1_ * x)) + -(pow3(x))) * (_a2_ / _a4_));{'d0': {'_a1_': -0.6238594163470468, '_a2_': 1805552793.5343268, '_a3_': 0.8426446045129078, '_a4_': -534699634.45288646, '_a0_': 1.0, '_a5_': 1.0, '_a6_': 1.0, '_a7_': 1.0}};{'d0': 0.024905832919421264};-276.475521886810;42.328199145571745
27265;-95.9095617978333;((((_a3_ + x) * (_a1_ * x)) + -(pow3(x))) * (_a2_ / _a4_));{'d0': {'_a1_': -0.6238594163470468, '_a2_': 1805552793.5343268, '_a3_': 0.8426446045129078, '_a4_': -534699634.45288646, '_a0_': 1.0, '_a5_': 1.0, '_a6_': 1.0, '_a7_': 1.0}};{'d0': 0.024905832919421264};-276.475521886810;42.328199145571745
27266;-95.9095617978333;((((_a3_ + x) * (_a1_ * x)) + -(pow3(x))) * (_a2_ / _a4_));{'d0': {'_a1_': -0.6238594163470468, '_a2_': 1805552793.5343268, '_a3_': 0.8426446045129078, '_a4_': -534699634.45288646, '_a0_': 1.0, '_a5_': 1.0, '_a6_': 1.0, '_a7_': 1.0}};{'d0': 0.024905832919421264};-276.475521886810;42.328199145571745
27267;-95.9095617978333;((((_a3_ + x) * (_a1_ * x)) + -(pow3(x))) * (_a2_ / _a4_));{'d0': {'_a1_': -0.6238594163470468, '_a2_': 1805552793.5343268, '_a3_': 0.8426446045129078, '_a4_': -534699634.45288646, '_a0_': 1.0, '_a5_': 1.0, '_a6_': 1.0, '_a7_': 1.0}};{'d0': 0.024905832919421264};-276.475521886810;42.328199145571745
27268;-95.9095617978333;((((_a3_ + x) * (_a1_ * x)) + -(pow3(x))) * (_a2_ / _a4_));{'d0': {'_a1_': -0.6238594163470468, '_a2_': 1805552793.5343268, '_a3_': 0.8426446045129078, '_a4_': -534699634.45288646, '_a0_': 1.0, '_a5_': 1.0, '_a6_': 1.0, '_a7_': 1.0}};{'d0': 0.024905832919421264};-276.475521886810;42.328199145571745
27269;-95.9095617978333;((((_a3_ + x) * (_a1_ * x)) + -(pow3(x))) * (_a2_ / _a4_));{'d0': {'_a1_': -0.6238594163470468, '_a2_': 1805552793.5343268, '_a3_': 0.8426446045129078, '_a4_': -534699634.45288646, '_a0_': 1.0, '_a5_': 1.0, '_a6_': 1.0, '_a7_': 1.0}};{'d0': 0.024905832919421264};-276.475521886810;42.328199145571745
27270;-95.9095617978333;((((_a3_ + x) * (_a1_ * x)) + -(pow3(x))) * (_a2_ / _a4_));{'d0': {'_a1_': -0.6238594163470468, '_a2_': 1805552793.5343268, '_a3_': 0.8426446045129078, '_a4_': -534699634.45288646, '_a0_': 1.0, '_a5_': 1.0, '_a6_': 1.0, '_a7_': 1.0}};{'d0': 0.024905832919421264};-276.475521886810;42.328199145571745
27271;-95.9095617978333;((((_a3_ + x) * (_a1_ * x)) + -(pow3(x))) * (_a2_ / _a4_));{'d0': {'_a1_': -0.6238594163470468, '_a2_': 1805552793.5343268, '_a3_': 0.8426446045129078, '_a4_': -534699634.45288646, '_a0_': 1.0, '_a5_': 1.0, '_a6_': 1.0, '_a7_': 1.0}};{'d0': 0.024905832919421264};-276.475521886810;42.328199145571745
27272;-95.9095617978333;((((_a3_ + x) * (_a1_ * x)) + -(pow3(x))) * (_a2_ / _a4_));{'d0': {'_a1_': -0.6238594163470468, '_a2_': 1805552793.5343268, '_a3_': 0.8426446045129078, '_a4_': -534699634.45288646, '_a0_': 1.0, '_a5_': 1.0, '_a6_': 1.0, '_a7_': 1.0}};{'d0': 0.024905832919421264};-276.475521886810;42.328199145571745
27273;-95.9023417432931;((-((_a4_ * x)) + (((_a1_ * pow2(x)) / (_a7_ * _a4_)) + _a7_)) * x);{'d0': {'_a1_': -12.627542432403166, '_a4_': -2.106624071923244, '_a7_': 1.7751354041120262, '_a0_': 1.0, '_a2_': 1.0, '_a3_': 1.0, '_a5_': 1.0, '_a6_': 1.0}};{'d0': 0.024905832919416608};-280.569866449044;44.38259148122881
27274;-95.9023417432931;((-((_a4_ * x)) + (((_a1_ * pow2(x)) / (_a7_ * _a4_)) + _a7_)) * x);{'d0': {'_a1_': -12.627542432403166, '_a4_': -2.106624071923244, '_a7_': 1.7751354041120262, '_a0_': 1.0, '_a2_': 1.0, '_a3_': 1.0, '_a5_': 1.0, '_a6_': 1.0}};{'d0': 0.024905832919416608};-280.569866449044;44.38259148122881
27275;-95.9023417432931;((-((_a4_ * x)) + (((_a1_ * pow2(x)) / (_a7_ * _a4_)) + _a7_)) * x);{'d0': {'_a1_': -12.627542432403166, '_a4_': -2.106624071923244, '_a7_': 1.7751354041120262, '_a0_': 1.0, '_a2_': 1.0, '_a3_': 1.0, '_a5_': 1.0, '_a6_': 1.0}};{'d0': 0.024905832919416608};-280.569866449044;44.38259148122881
27276;-95.9023417432931;((-((_a4_ * x)) + (((_a1_ * pow2(x)) / (_a7_ * _a4_)) + _a7_)) * x);{'d0': {'_a1_': -12.627542432403166, '_a4_': -2.106624071923244, '_a7_': 1.7751354041120262, '_a0_': 1.0, '_a2_': 1.0, '_a3_': 1.0, '_a5_': 1.0, '_a6_': 1.0}};{'d0': 0.024905832919416608};-280.569866449044;44.38259148122881
27277;-95.9023417432931;((-((_a4_ * x)) + (((_a1_ * pow2(x)) / (_a7_ * _a4_)) + _a7_)) * x);{'d0': {'_a1_': -12.627542432403166, '_a4_': -2.106624071923244, '_a7_': 1.7751354041120262, '_a0_': 1.0, '_a2_': 1.0, '_a3_': 1.0, '_a5_': 1.0, '_a6_': 1.0}};{'d0': 0.024905832919416608};-280.569866449044;44.38259148122881
27278;-95.9023417432931;((-((_a4_ * x)) + (((_a1_ * pow2(x)) / (_a7_ * _a4_)) + _a7_)) * x);{'d0': {'_a1_': -12.627542432403166, '_a4_': -2.106624071923244, '_a7_': 1.7751354041120262, '_a0_': 1.0, '_a2_': 1.0, '_a3_': 1.0, '_a5_': 1.0, '_a6_': 1.0}};{'d0': 0.024905832919416608};-280.569866449044;44.38259148122881
27279;-95.9023417432931;((-((_a4_ * x)) + (((_a1_ * pow2(x)) / (_a7_ * _a4_)) + _a7_)) * x);{'d0': {'_a1_': -12.627542432403166, '_a4_': -2.106624071923244, '_a7_': 1.7751354041120262, '_a0_': 1.0, '_a2_': 1.0, '_a3_': 1.0, '_a5_': 1.0, '_a6_': 1.0}};{'d0': 0.024905832919416608};-280.569866449044;44.38259148122881
27280;-95.9023417432931;((-((_a4_ * x)) + (((_a1_ * pow2(x)) / (_a7_ * _a4_)) + _a7_)) * x);{'d0': {'_a1_': -12.627542432403166, '_a4_': -2.106624071923244, '_a7_': 1.7751354041120262, '_a0_': 1.0, '_a2_': 1.0, '_a3_': 1.0, '_a5_': 1.0, '_a6_': 1.0}};{'d0': 0.024905832919416608};-280.569866449044;44.38259148122881
27281;-95.9023417432931;((-((_a4_ * x)) + (((_a1_ * pow2(x)) / (_a7_ * _a4_)) + _a7_)) * x);{'d0': {'_a1_': -12.627542432403166, '_a4_': -2.106624071923244, '_a7_': 1.7751354041120262, '_a0_': 1.0, '_a2_': 1.0, '_a3_': 1.0, '_a5_': 1.0, '_a6_': 1.0}};{'d0': 0.024905832919416608};-280.569866449044;44.38259148122881
27282;-95.9023417432931;((-((_a4_ * x)) + (((_a1_ * pow2(x)) / (_a7_ * _a4_)) + _a7_)) * x);{'d0': {'_a1_': -12.627542432403166, '_a4_': -2.106624071923244, '_a7_': 1.7751354041120262, '_a0_': 1.0, '_a2_': 1.0, '_a3_': 1.0, '_a5_': 1.0, '_a6_': 1.0}};{'d0': 0.024905832919416608};-280.569866449044;44.38259148122881
27283;-95.9023417432931;((-((_a4_ * x)) + (((_a1_ * pow2(x)) / (_a7_ * _a4_)) + _a7_)) * x);{'d0': {'_a1_': -12.627542432403166, '_a4_': -2.106624071923244, '_a7_': 1.7751354041120262, '_a0_': 1.0, '_a2_': 1.0, '_a3_': 1.0, '_a5_': 1.0, '_a6_': 1.0}};{'d0': 0.024905832919416608};-280.569866449044;44.38259148122881
27284;-95.9023417432931;((-((_a4_ * x)) + (((_a1_ * pow2(x)) / (_a7_ * _a4_)) + _a7_)) * x);{'d0': {'_a1_': -12.627542432403166, '_a4_': -2.106624071923244, '_a7_': 1.7751354041120262, '_a0_': 1.0, '_a2_': 1.0, '_a3_': 1.0, '_a5_': 1.0, '_a6_': 1.0}};{'d0': 0.024905832919416608};-280.569866449044;44.38259148122881
27285;-95.9023417432931;((-((_a4_ * x)) + (((_a1_ * pow2(x)) / (_a7_ * _a4_)) + _a7_)) * x);{'d0': {'_a1_': -12.627542432403166, '_a4_': -2.106624071923244, '_a7_': 1.7751354041120262, '_a0_': 1.0, '_a2_': 1.0, '_a3_': 1.0, '_a5_': 1.0, '_a6_': 1.0}};{'d0': 0.024905832919416608};-280.569866449044;44.38259148122881
27286;-95.9023417432931;((-((_a4_ * x)) + (((_a1_ * pow2(x)) / (_a7_ * _a4_)) + _a7_)) * x);{'d0': {'_a1_': -12.627542432403166, '_a4_': -2.106624071923244, '_a7_': 1.7751354041120262, '_a0_': 1.0, '_a2_': 1.0, '_a3_': 1.0, '_a5_': 1.0, '_a6_': 1.0}};{'d0': 0.024905832919416608};-280.569866449044;44.38259148122881
27287;-95.9023417432931;((-((_a4_ * x)) + (((_a1_ * pow2(x)) / (_a7_ * _a4_)) + _a7_)) * x);{'d0': {'_a1_': -12.627542432403166, '_a4_': -2.106624071923244, '_a7_': 1.7751354041120262, '_a0_': 1.0, '_a2_': 1.0, '_a3_': 1.0, '_a5_': 1.0, '_a6_': 1.0}};{'d0': 0.024905832919416608};-280.569866449044;44.38259148122881
27288;-95.9023417432931;((-((_a4_ * x)) + (((_a1_ * pow2(x)) / (_a7_ * _a4_)) + _a7_)) * x);{'d0': {'_a1_': -12.627542432403166, '_a4_': -2.106624071923244, '_a7_': 1.7751354041120262, '_a0_': 1.0, '_a2_': 1.0, '_a3_': 1.0, '_a5_': 1.0, '_a6_': 1.0}};{'d0': 0.024905832919416608};-280.569866449044;44.38259148122881
27289;-95.9023417432931;((-((_a4_ * x)) + (((_a1_ * pow2(x)) / (_a7_ * _a4_)) + _a7_)) * x);{'d0': {'_a1_': -12.627542432403166, '_a4_': -2.106624071923244, '_a7_': 1.7751354041120262, '_a0_': 1.0, '_a2_': 1.0, '_a3_': 1.0, '_a5_': 1.0, '_a6_': 1.0}};{'d0': 0.024905832919416608};-280.569866449044;44.38259148122881
27290;-95.9023417432931;((-((_a4_ * x)) + (((_a1_ * pow2(x)) / (_a7_ * _a4_)) + _a7_)) * x);{'d0': {'_a1_': -12.627542432403166, '_a4_': -2.106624071923244, '_a7_': 1.7751354041120262, '_a0_': 1.0, '_a2_': 1.0, '_a3_': 1.0, '_a5_': 1.0, '_a6_': 1.0}};{'d0': 0.024905832919416608};-280.569866449044;44.38259148122881
27291;-95.9023417432931;((-((_a4_ * x)) + (((_a1_ * pow2(x)) / (_a7_ * _a4_)) + _a7_)) * x);{'d0': {'_a1_': -12.627542432403166, '_a4_': -2.106624071923244, '_a7_': 1.7751354041120262, '_a0_': 1.0, '_a2_': 1.0, '_a3_': 1.0, '_a5_': 1.0, '_a6_': 1.0}};{'d0': 0.024905832919416608};-280.569866449044;44.38259148122881
27292;-96.6809362979164;((-((_a4_ * x)) + (((_a1_ * pow2(x)) * (_a7_ * _a4_)) + _a7_)) * x);{'d0': {'_a1_': -0.9029875869994245, '_a4_': -2.1066240685160533, '_a7_': 1.7751354037282556, '_a0_': 1.0, '_a2_': 1.0, '_a3_': 1.0, '_a5_': 1.0, '_a6_': 1.0}};{'d0': 0.024905832919416643};-280.569866449044;43.60399692660541
27293;-96.6809362979164;((-((_a4_ * x)) + (((_a1_ * pow2(x)) * (_a7_ * _a4_)) + _a7_)) * x);{'d0': {'_a1_': -0.9029875869994245, '_a4_': -2.1066240685160533, '_a7_': 1.7751354037282556, '_a0_': 1.0, '_a2_': 1.0, '_a3_': 1.0, '_a5_': 1.0, '_a6_': 1.0}};{'d0': 0.024905832919416643};-280.569866449044;43.60399692660541
27294;-96.6809362979164;((-((_a4_ * x)) + (((_a1_ * pow2(x)) * (_a7_ * _a4_)) + _a7_)) * x);{'d0': {'_a1_': -0.9029875869994245, '_a4_': -2.1066240685160533, '_a7_': 1.7751354037282556, '_a0_': 1.0, '_a2_': 1.0, '_a3_': 1.0, '_a5_': 1.0, '_a6_': 1.0}};{'d0': 0.024905832919416643};-280.569866449044;43.60399692660541
27295;-96.6809362979164;((-((_a4_ * x)) + (((_a1_ * pow2(x)) * (_a7_ * _a4_)) + _a7_)) * x);{'d0': {'_a1_': -0.9029875869994245, '_a4_': -2.1066240685160533, '_a7_': 1.7751354037282556, '_a0_': 1.0, '_a2_': 1.0, '_a3_': 1.0, '_a5_': 1.0, '_a6_': 1.0}};{'d0': 0.024905832919416643};-280.569866449044;43.60399692660541
27296;-96.6809362979164;((-((_a4_ * x)) + (((_a1_ * pow2(x)) * (_a7_ * _a4_)) + _a7_)) * x);{'d0': {'_a1_': -0.9029875869994245, '_a4_': -2.1066240685160533, '_a7_': 1.7751354037282556, '_a0_': 1.0, '_a2_': 1.0, '_a3_': 1.0, '_a5_': 1.0, '_a6_': 1.0}};{'d0': 0.024905832919416643};-280.569866449044;43.60399692660541
27297;-96.6809362979164;((-((_a4_ * x)) + (((_a1_ * pow2(x)) * (_a7_ * _a4_)) + _a7_)) * x);{'d0': {'_a1_': -0.9029875869994245, '_a4_': -2.1066240685160533, '_a7_': 1.7751354037282556, '_a0_': 1.0, '_a2_': 1.0, '_a3_': 1.0, '_a5_': 1.0, '_a6_': 1.0}};{'d0': 0.024905832919416643};-280.569866449044;43.60399692660541
27298;-96.6809362979164;((-((_a4_ * x)) + (((_a1_ * pow2(x)) * (_a7_ * _a4_)) + _a7_)) * x);{'d0': {'_a1_': -0.9029875869994245, '_a4_': -2.1066240685160533, '_a7_': 1.7751354037282556, '_a0_': 1.0, '_a2_': 1.0, '_a3_': 1.0, '_a5_': 1.0, '_a6_': 1.0}};{'d0': 0.024905832919416643};-280.569866449044;43.60399692660541
27299;-96.6809362979164;((-((_a4_ * x)) + (((_a1_ * pow2(x)) * (_a7_ * _a4_)) + _a7_)) * x);{'d0': {'_a1_': -0.9029875869994245, '_a4_': -2.1066240685160533, '_a7_': 1.7751354037282556, '_a0_': 1.0, '_a2_': 1.0, '_a3_': 1.0, '_a5_': 1.0, '_a6_': 1.0}};{'d0': 0.024905832919416643};-280.569866449044;43.60399692660541
27300;-96.6809362979164;((-((_a4_ * x)) + (((_a1_ * pow2(x)) * (_a7_ * _a4_)) + _a7_)) * x);{'d0': {'_a1_': -0.9029875869994245, '_a4_': -2.1066240685160533, '_a7_': 1.7751354037282556, '_a0_': 1.0, '_a2_': 1.0, '_a3_': 1.0, '_a5_': 1.0, '_a6_': 1.0}};{'d0': 0.024905832919416643};-280.569866449044;43.60399692660541
27301;-96.6809362979164;((-((_a4_ * x)) + (((_a1_ * pow2(x)) * (_a7_ * _a4_)) + _a7_)) * x);{'d0': {'_a1_': -0.9029875869994245, '_a4_': -2.1066240685160533, '_a7_': 1.7751354037282556, '_a0_': 1.0, '_a2_': 1.0, '_a3_': 1.0, '_a5_': 1.0, '_a6_': 1.0}};{'d0': 0.024905832919416643};-280.569866449044;43.60399692660541
27302;-96.6809362979164;((-((_a4_ * x)) + (((_a1_ * pow2(x)) * (_a7_ * _a4_)) + _a7_)) * x);{'d0': {'_a1_': -0.9029875869994245, '_a4_': -2.1066240685160533, '_a7_': 1.7751354037282556, '_a0_': 1.0, '_a2_': 1.0, '_a3_': 1.0, '_a5_': 1.0, '_a6_': 1.0}};{'d0': 0.024905832919416643};-280.569866449044;43.60399692660541
27303;-95.9023417432931;((-((_a4_ * x)) + (((_a1_ * pow2(x)) / (_a7_ * _a4_)) + _a7_)) * x);{'d0': {'_a1_': -12.627542432403166, '_a4_': -2.106624071923244, '_a7_': 1.7751354041120262, '_a0_': 1.0, '_a2_': 1.0, '_a3_': 1.0, '_a5_': 1.0, '_a6_': 1.0}};{'d0': 0.024905832919416608};-280.569866449044;44.38259148122881
27304;-95.9023417432931;((-((_a4_ * x)) + (((_a1_ * pow2(x)) / (_a7_ * _a4_)) + _a7_)) * x);{'d0': {'_a1_': -12.627542432403166, '_a4_': -2.106624071923244, '_a7_': 1.7751354041120262, '_a0_': 1.0, '_a2_': 1.0, '_a3_': 1.0, '_a5_': 1.0, '_a6_': 1.0}};{'d0': 0.024905832919416608};-280.569866449044;44.38259148122881
27305;-95.9023417432931;((-((_a4_ * x)) + (((_a1_ * pow2(x)) / (_a7_ * _a4_)) + _a7_)) * x);{'d0': {'_a1_': -12.627542432403166, '_a4_': -2.106624071923244, '_a7_': 1.7751354041120262, '_a0_': 1.0, '_a2_': 1.0, '_a3_': 1.0, '_a5_': 1.0, '_a6_': 1.0}};{'d0': 0.024905832919416608};-280.569866449044;44.38259148122881
27306;-95.9023417432931;((-((_a4_ * x)) + (((_a1_ * pow2(x)) / (_a7_ * _a4_)) + _a7_)) * x);{'d0': {'_a1_': -12.627542432403166, '_a4_': -2.106624071923244, '_a7_': 1.7751354041120262, '_a0_': 1.0, '_a2_': 1.0, '_a3_': 1.0, '_a5_': 1.0, '_a6_': 1.0}};{'d0': 0.024905832919416608};-280.569866449044;44.38259148122881
27307;-95.9023417432931;((-((_a4_ * x)) + (((_a1_ * pow2(x)) / (_a7_ * _a4_)) + _a7_)) * x);{'d0': {'_a1_': -12.627542432403166, '_a4_': -2.106624071923244, '_a7_': 1.7751354041120262, '_a0_': 1.0, '_a2_': 1.0, '_a3_': 1.0, '_a5_': 1.0, '_a6_': 1.0}};{'d0': 0.024905832919416608};-280.569866449044;44.38259148122881
27308;-95.9023417432931;((-((_a4_ * x)) + (((_a1_ * pow2(x)) / (_a7_ * _a4_)) + _a7_)) * x);{'d0': {'_a1_': -12.627542432403166, '_a4_': -2.106624071923244, '_a7_': 1.7751354041120262, '_a0_': 1.0, '_a2_': 1.0, '_a3_': 1.0, '_a5_': 1.0, '_a6_': 1.0}};{'d0': 0.024905832919416608};-280.569866449044;44.38259148122881
27309;-95.9023417432931;((-((_a4_ * x)) + (((_a1_ * pow2(x)) / (_a7_ * _a4_)) + _a7_)) * x);{'d0': {'_a1_': -12.627542432403166, '_a4_': -2.106624071923244, '_a7_': 1.7751354041120262, '_a0_': 1.0, '_a2_': 1.0, '_a3_': 1.0, '_a5_': 1.0, '_a6_': 1.0}};{'d0': 0.024905832919416608};-280.569866449044;44.38259148122881
27310;-95.0144588606029;((-((_a4_ * x)) + (((_a1_ * pow2(x)) / (_a7_ / _a4_)) + _a7_)) * x);{'d0': {'_a1_': -2.8454093337791204, '_a4_': -2.106624069161516, '_a7_': 1.7751354042808416, '_a0_': 1.0, '_a2_': 1.0, '_a3_': 1.0, '_a5_': 1.0, '_a6_': 1.0}};{'d0': 0.02490583291941655};-280.569866449044;45.27047436391901
27311;-95.0144588606029;((-((_a4_ * x)) + (((_a1_ * pow2(x)) / (_a7_ / _a4_)) + _a7_)) * x);{'d0': {'_a1_': -2.8454093337791204, '_a4_': -2.106624069161516, '_a7_': 1.7751354042808416, '_a0_': 1.0, '_a2_': 1.0, '_a3_': 1.0, '_a5_': 1.0, '_a6_': 1.0}};{'d0': 0.02490583291941655};-280.569866449044;45.27047436391901
27312;-95.0144588606029;((-((_a4_ * x)) + (((_a1_ * pow2(x)) / (_a7_ / _a4_)) + _a7_)) * x);{'d0': {'_a1_': -2.8454093337791204, '_a4_': -2.106624069161516, '_a7_': 1.7751354042808416, '_a0_': 1.0, '_a2_': 1.0, '_a3_': 1.0, '_a5_': 1.0, '_a6_': 1.0}};{'d0': 0.02490583291941655};-280.569866449044;45.27047436391901
27313;-95.0144588606029;((-((_a4_ * x)) + (((_a1_ * pow2(x)) / (_a7_ / _a4_)) + _a7_)) * x);{'d0': {'_a1_': -2.8454093337791204, '_a4_': -2.106624069161516, '_a7_': 1.7751354042808416, '_a0_': 1.0, '_a2_': 1.0, '_a3_': 1.0, '_a5_': 1.0, '_a6_': 1.0}};{'d0': 0.02490583291941655};-280.569866449044;45.27047436391901
27314;-95.0144588606029;((-((_a4_ * x)) + (((_a1_ * pow2(x)) / (_a7_ / _a4_)) + _a7_)) * x);{'d0': {'_a1_': -2.8454093337791204, '_a4_': -2.106624069161516, '_a7_': 1.7751354042808416, '_a0_': 1.0, '_a2_': 1.0, '_a3_': 1.0, '_a5_': 1.0, '_a6_': 1.0}};{'d0': 0.02490583291941655};-280.569866449044;45.27047436391901
27315;-95.1240571493751;((-((_a4_ * x)) + (((_a1_ * pow2(x)) / -(_a2_)) + _a7_)) * x);{'d0': {'_a1_': -21.671199449348908, '_a2_': 6.417747693444223, '_a4_': -2.106624067108753, '_a7_': 1.7751354050125188, '_a0_': 1.0, '_a3_': 1.0, '_a5_': 1.0, '_a6_': 1.0}};{'d0': 0.024905832919418905};-276.475521886816;43.11370379403298
27316;-95.1240571493751;((-((_a4_ * x)) + (((_a1_ * pow2(x)) / -(_a2_)) + _a7_)) * x);{'d0': {'_a1_': -21.671199449348908, '_a2_': 6.417747693444223, '_a4_': -2.106624067108753, '_a7_': 1.7751354050125188, '_a0_': 1.0, '_a3_': 1.0, '_a5_': 1.0, '_a6_': 1.0}};{'d0': 0.024905832919418905};-276.475521886816;43.11370379403298
27317;-95.1240571493751;((-((_a4_ * x)) + (((_a1_ * pow2(x)) / -(_a2_)) + _a7_)) * x);{'d0': {'_a1_': -21.671199449348908, '_a2_': 6.417747693444223, '_a4_': -2.106624067108753, '_a7_': 1.7751354050125188, '_a0_': 1.0, '_a3_': 1.0, '_a5_': 1.0, '_a6_': 1.0}};{'d0': 0.024905832919418905};-276.475521886816;43.11370379403298
27318;-106.442997594655;((x * ((x * (x + _a4_)) + (_a1_ ** _a4_))) / _a2_);{'d0': {'_a1_': 0.3567409456288912, '_a2_': 0.29614178692839166, '_a4_': 0.6238594157233059, '_a0_': 1.0, '_a3_': 1.0, '_a5_': 1.0, '_a6_': 1.0, '_a7_': 1.0}};{'d0': 0.024905832919416657};-280.569866449044;33.841935629866406
27319;-106.442997594655;((x * ((x * (x + _a4_)) + (_a1_ ** _a4_))) / _a2_);{'d0': {'_a1_': 0.3567409456288912, '_a2_': 0.29614178692839166, '_a4_': 0.6238594157233059, '_a0_': 1.0, '_a3_': 1.0, '_a5_': 1.0, '_a6_': 1.0, '_a7_': 1.0}};{'d0': 0.024905832919416657};-280.569866449044;33.841935629866406
27320;-106.442997594655;((x * ((x * (x + _a4_)) + (_a1_ ** _a4_))) / _a2_);{'d0': {'_a1_': 0.3567409456288912, '_a2_': 0.29614178692839166, '_a4_': 0.6238594157233059, '_a0_': 1.0, '_a3_': 1.0, '_a5_': 1.0, '_a6_': 1.0, '_a7_': 1.0}};{'d0': 0.024905832919416657};-280.569866449044;33.841935629866406
27321;-106.442997594655;((x * ((x * (x + _a4_)) + (_a1_ ** _a4_))) / _a2_);{'d0': {'_a1_': 0.3567409456288912, '_a2_': 0.29614178692839166, '_a4_': 0.6238594157233059, '_a0_': 1.0, '_a3_': 1.0, '_a5_': 1.0, '_a6_': 1.0, '_a7_': 1.0}};{'d0': 0.024905832919416657};-280.569866449044;33.841935629866406
27322;-95.1240571493751;((-((_a4_ * x)) + (((_a1_ * pow2(x)) / -(_a2_)) + _a7_)) * x);{'d0': {'_a1_': -21.671199449348908, '_a2_': 6.417747693444223, '_a4_': -2.106624067108753, '_a7_': 1.7751354050125188, '_a0_': 1.0, '_a3_': 1.0, '_a5_': 1.0, '_a6_': 1.0}};{'d0': 0.024905832919418905};-276.475521886816;43.11370379403298
27323;-95.1240571493751;((-((_a4_ * x)) + (((_a1_ * pow2(x)) / -(_a2_)) + _a7_)) * x);{'d0': {'_a1_': -21.671199449348908, '_a2_': 6.417747693444223, '_a4_': -2.106624067108753, '_a7_': 1.7751354050125188, '_a0_': 1.0, '_a3_': 1.0, '_a5_': 1.0, '_a6_': 1.0}};{'d0': 0.024905832919418905};-276.475521886816;43.11370379403298
27324;-95.1240571493751;((-((_a4_ * x)) + (((_a1_ * pow2(x)) / -(_a2_)) + _a7_)) * x);{'d0': {'_a1_': -21.671199449348908, '_a2_': 6.417747693444223, '_a4_': -2.106624067108753, '_a7_': 1.7751354050125188, '_a0_': 1.0, '_a3_': 1.0, '_a5_': 1.0, '_a6_': 1.0}};{'d0': 0.024905832919418905};-276.475521886816;43.11370379403298
27325;-95.1240571493751;((-((_a4_ * x)) + (((_a1_ * pow2(x)) / -(_a2_)) + _a7_)) * x);{'d0': {'_a1_': -21.671199449348908, '_a2_': 6.417747693444223, '_a4_': -2.106624067108753, '_a7_': 1.7751354050125188, '_a0_': 1.0, '_a3_': 1.0, '_a5_': 1.0, '_a6_': 1.0}};{'d0': 0.024905832919418905};-276.475521886816;43.11370379403298
27326;-95.1240571493751;((-((_a4_ * x)) + (((_a1_ * pow2(x)) / -(_a2_)) + _a7_)) * x);{'d0': {'_a1_': -21.671199449348908, '_a2_': 6.417747693444223, '_a4_': -2.106624067108753, '_a7_': 1.7751354050125188, '_a0_': 1.0, '_a3_': 1.0, '_a5_': 1.0, '_a6_': 1.0}};{'d0': 0.024905832919418905};-276.475521886816;43.11370379403298
27327;-95.1240571493751;((-((_a4_ * x)) + (((_a1_ * pow2(x)) / -(_a2_)) + _a7_)) * x);{'d0': {'_a1_': -21.671199449348908, '_a2_': 6.417747693444223, '_a4_': -2.106624067108753, '_a7_': 1.7751354050125188, '_a0_': 1.0, '_a3_': 1.0, '_a5_': 1.0, '_a6_': 1.0}};{'d0': 0.024905832919418905};-276.475521886816;43.11370379403298
27328;-95.1240571493751;((-((_a4_ * x)) + (((_a1_ * pow2(x)) / -(_a2_)) + _a7_)) * x);{'d0': {'_a1_': -21.671199449348908, '_a2_': 6.417747693444223, '_a4_': -2.106624067108753, '_a7_': 1.7751354050125188, '_a0_': 1.0, '_a3_': 1.0, '_a5_': 1.0, '_a6_': 1.0}};{'d0': 0.024905832919418905};-276.475521886816;43.11370379403298
27329;-95.1240571493751;((-((_a4_ * x)) + (((_a1_ * pow2(x)) / -(_a2_)) + _a7_)) * x);{'d0': {'_a1_': -21.671199449348908, '_a2_': 6.417747693444223, '_a4_': -2.106624067108753, '_a7_': 1.7751354050125188, '_a0_': 1.0, '_a3_': 1.0, '_a5_': 1.0, '_a6_': 1.0}};{'d0': 0.024905832919418905};-276.475521886816;43.11370379403298
27330;-95.1240571493751;((-((_a4_ * x)) + (((_a1_ * pow2(x)) / -(_a2_)) + _a7_)) * x);{'d0': {'_a1_': -21.671199449348908, '_a2_': 6.417747693444223, '_a4_': -2.106624067108753, '_a7_': 1.7751354050125188, '_a0_': 1.0, '_a3_': 1.0, '_a5_': 1.0, '_a6_': 1.0}};{'d0': 0.024905832919418905};-276.475521886816;43.11370379403298
27331;-95.1240571493751;((-((_a4_ * x)) + (((_a1_ * pow2(x)) / -(_a2_)) + _a7_)) * x);{'d0': {'_a1_': -21.671199449348908, '_a2_': 6.417747693444223, '_a4_': -2.106624067108753, '_a7_': 1.7751354050125188, '_a0_': 1.0, '_a3_': 1.0, '_a5_': 1.0, '_a6_': 1.0}};{'d0': 0.024905832919418905};-276.475521886816;43.11370379403298
27332;-95.1240571493751;((-((_a4_ * x)) + (((_a1_ * pow2(x)) / -(_a2_)) + _a7_)) * x);{'d0': {'_a1_': -21.671199449348908, '_a2_': 6.417747693444223, '_a4_': -2.106624067108753, '_a7_': 1.7751354050125188, '_a0_': 1.0, '_a3_': 1.0, '_a5_': 1.0, '_a6_': 1.0}};{'d0': 0.024905832919418905};-276.475521886816;43.11370379403298
27333;-94.9310806197201;((-((_a4_ * x)) + (((_a1_ * pow2(x)) / (_a7_ + _a7_)) + _a7_)) * x);{'d0': {'_a1_': 11.988415568710026, '_a4_': -2.10662406680037, '_a7_': 1.775135404316941, '_a0_': 1.0, '_a2_': 1.0, '_a3_': 1.0, '_a5_': 1.0, '_a6_': 1.0}};{'d0': 0.024905832919416598};-280.569866449044;45.35385260480181
27334;-94.9310806197201;((-((_a4_ * x)) + (((_a1_ * pow2(x)) / (_a7_ + _a7_)) + _a7_)) * x);{'d0': {'_a1_': 11.988415568710026, '_a4_': -2.10662406680037, '_a7_': 1.775135404316941, '_a0_': 1.0, '_a2_': 1.0, '_a3_': 1.0, '_a5_': 1.0, '_a6_': 1.0}};{'d0': 0.024905832919416598};-280.569866449044;45.35385260480181
27335;-94.9310806197201;((-((_a4_ * x)) + (((_a1_ * pow2(x)) / (_a7_ + _a7_)) + _a7_)) * x);{'d0': {'_a1_': 11.988415568710026, '_a4_': -2.10662406680037, '_a7_': 1.775135404316941, '_a0_': 1.0, '_a2_': 1.0, '_a3_': 1.0, '_a5_': 1.0, '_a6_': 1.0}};{'d0': 0.024905832919416598};-280.569866449044;45.35385260480181
27336;-94.9310806197201;((-((_a4_ * x)) + (((_a1_ * pow2(x)) / (_a7_ + _a7_)) + _a7_)) * x);{'d0': {'_a1_': 11.988415568710026, '_a4_': -2.10662406680037, '_a7_': 1.775135404316941, '_a0_': 1.0, '_a2_': 1.0, '_a3_': 1.0, '_a5_': 1.0, '_a6_': 1.0}};{'d0': 0.024905832919416598};-280.569866449044;45.35385260480181
27337;-94.9310806197201;((-((_a4_ * x)) + (((_a1_ * pow2(x)) / (_a7_ + _a7_)) + _a7_)) * x);{'d0': {'_a1_': 11.988415568710026, '_a4_': -2.10662406680037, '_a7_': 1.775135404316941, '_a0_': 1.0, '_a2_': 1.0, '_a3_': 1.0, '_a5_': 1.0, '_a6_': 1.0}};{'d0': 0.024905832919416598};-280.569866449044;45.35385260480181
27338;-94.1881333226500;((-((_a4_ * x)) + (((_a1_ * pow2(x)) / (_a7_ ** _a7_)) + _a7_)) * x);{'d0': {'_a1_': 9.352332581849758, '_a4_': -2.1066240682601416, '_a7_': 1.7751354050748605, '_a0_': 1.0, '_a2_': 1.0, '_a3_': 1.0, '_a5_': 1.0, '_a6_': 1.0}};{'d0': 0.02490583291941665};-280.569866449044;46.096799901871805
27339;-94.1881333226500;((-((_a4_ * x)) + (((_a1_ * pow2(x)) / (_a7_ ** _a7_)) + _a7_)) * x);{'d0': {'_a1_': 9.352332581849758, '_a4_': -2.1066240682601416, '_a7_': 1.7751354050748605, '_a0_': 1.0, '_a2_': 1.0, '_a3_': 1.0, '_a5_': 1.0, '_a6_': 1.0}};{'d0': 0.02490583291941665};-280.569866449044;46.096799901871805
27340;-94.1881333226500;((-((_a4_ * x)) + (((_a1_ * pow2(x)) / (_a7_ ** _a7_)) + _a7_)) * x);{'d0': {'_a1_': 9.352332581849758, '_a4_': -2.1066240682601416, '_a7_': 1.7751354050748605, '_a0_': 1.0, '_a2_': 1.0, '_a3_': 1.0, '_a5_': 1.0, '_a6_': 1.0}};{'d0': 0.02490583291941665};-280.569866449044;46.096799901871805
27341;-94.0678240400225;((-((_a4_ * x)) + (((_a1_ * pow2(x)) + (_a7_ ** _a7_)) + _a7_)) * x);{'d0': {'_a1_': 3.37676087726412, '_a4_': -2.1066240669844087, '_a7_': 0.8808606983567584, '_a0_': 1.0, '_a2_': 1.0, '_a3_': 1.0, '_a5_': 1.0, '_a6_': 1.0}};{'d0': 0.024905832919416587};-280.569866449044;46.21710918449941
27342;-94.0678240400225;((-((_a4_ * x)) + (((_a1_ * pow2(x)) + (_a7_ ** _a7_)) + _a7_)) * x);{'d0': {'_a1_': 3.37676087726412, '_a4_': -2.1066240669844087, '_a7_': 0.8808606983567584, '_a0_': 1.0, '_a2_': 1.0, '_a3_': 1.0, '_a5_': 1.0, '_a6_': 1.0}};{'d0': 0.024905832919416587};-280.569866449044;46.21710918449941
27343;-94.0678240400225;((-((_a4_ * x)) + (((_a1_ * pow2(x)) + (_a7_ ** _a7_)) + _a7_)) * x);{'d0': {'_a1_': 3.37676087726412, '_a4_': -2.1066240669844087, '_a7_': 0.8808606983567584, '_a0_': 1.0, '_a2_': 1.0, '_a3_': 1.0, '_a5_': 1.0, '_a6_': 1.0}};{'d0': 0.024905832919416587};-280.569866449044;46.21710918449941
27344;-94.0678240400225;((-((_a4_ * x)) + (((_a1_ * pow2(x)) + (_a7_ ** _a7_)) + _a7_)) * x);{'d0': {'_a1_': 3.37676087726412, '_a4_': -2.1066240669844087, '_a7_': 0.8808606983567584, '_a0_': 1.0, '_a2_': 1.0, '_a3_': 1.0, '_a5_': 1.0, '_a6_': 1.0}};{'d0': 0.024905832919416587};-280.569866449044;46.21710918449941
27345;-94.0678240400225;((-((_a4_ * x)) + (((_a1_ * pow2(x)) + (_a7_ ** _a7_)) + _a7_)) * x);{'d0': {'_a1_': 3.37676087726412, '_a4_': -2.1066240669844087, '_a7_': 0.8808606983567584, '_a0_': 1.0, '_a2_': 1.0, '_a3_': 1.0, '_a5_': 1.0, '_a6_': 1.0}};{'d0': 0.024905832919416587};-280.569866449044;46.21710918449941
27346;-94.0678240400225;((-((_a4_ * x)) + (((_a1_ * pow2(x)) + (_a7_ ** _a7_)) + _a7_)) * x);{'d0': {'_a1_': 3.37676087726412, '_a4_': -2.1066240669844087, '_a7_': 0.8808606983567584, '_a0_': 1.0, '_a2_': 1.0, '_a3_': 1.0, '_a5_': 1.0, '_a6_': 1.0}};{'d0': 0.024905832919416587};-280.569866449044;46.21710918449941
27347;-94.0678240400225;((-((_a4_ * x)) + (((_a1_ * pow2(x)) + (_a7_ ** _a7_)) + _a7_)) * x);{'d0': {'_a1_': 3.37676087726412, '_a4_': -2.1066240669844087, '_a7_': 0.8808606983567584, '_a0_': 1.0, '_a2_': 1.0, '_a3_': 1.0, '_a5_': 1.0, '_a6_': 1.0}};{'d0': 0.024905832919416587};-280.569866449044;46.21710918449941
27348;-94.0678240400225;((-((_a4_ * x)) + (((_a1_ * pow2(x)) + (_a7_ ** _a7_)) + _a7_)) * x);{'d0': {'_a1_': 3.37676087726412, '_a4_': -2.1066240669844087, '_a7_': 0.8808606983567584, '_a0_': 1.0, '_a2_': 1.0, '_a3_': 1.0, '_a5_': 1.0, '_a6_': 1.0}};{'d0': 0.024905832919416587};-280.569866449044;46.21710918449941
27349;-94.0678240400225;((-((_a4_ * x)) + (((_a1_ * pow2(x)) + (_a7_ ** _a7_)) + _a7_)) * x);{'d0': {'_a1_': 3.37676087726412, '_a4_': -2.1066240669844087, '_a7_': 0.8808606983567584, '_a0_': 1.0, '_a2_': 1.0, '_a3_': 1.0, '_a5_': 1.0, '_a6_': 1.0}};{'d0': 0.024905832919416587};-280.569866449044;46.21710918449941
27350;-94.0678240400225;((-((_a4_ * x)) + (((_a1_ * pow2(x)) + (_a7_ ** _a7_)) + _a7_)) * x);{'d0': {'_a1_': 3.37676087726412, '_a4_': -2.1066240669844087, '_a7_': 0.8808606983567584, '_a0_': 1.0, '_a2_': 1.0, '_a3_': 1.0, '_a5_': 1.0, '_a6_': 1.0}};{'d0': 0.024905832919416587};-280.569866449044;46.21710918449941
27351;-94.0678240400225;((-((_a4_ * x)) + (((_a1_ * pow2(x)) + (_a7_ ** _a7_)) + _a7_)) * x);{'d0': {'_a1_': 3.37676087726412, '_a4_': -2.1066240669844087, '_a7_': 0.8808606983567584, '_a0_': 1.0, '_a2_': 1.0, '_a3_': 1.0, '_a5_': 1.0, '_a6_': 1.0}};{'d0': 0.024905832919416587};-280.569866449044;46.21710918449941
27352;-94.0678240400225;((-((_a4_ * x)) + (((_a1_ * pow2(x)) + (_a7_ ** _a7_)) + _a7_)) * x);{'d0': {'_a1_': 3.37676087726412, '_a4_': -2.1066240669844087, '_a7_': 0.8808606983567584, '_a0_': 1.0, '_a2_': 1.0, '_a3_': 1.0, '_a5_': 1.0, '_a6_': 1.0}};{'d0': 0.024905832919416587};-280.569866449044;46.21710918449941
27353;-94.0678240400225;((-((_a4_ * x)) + (((_a1_ * pow2(x)) + (_a7_ ** _a7_)) + _a7_)) * x);{'d0': {'_a1_': 3.37676087726412, '_a4_': -2.1066240669844087, '_a7_': 0.8808606983567584, '_a0_': 1.0, '_a2_': 1.0, '_a3_': 1.0, '_a5_': 1.0, '_a6_': 1.0}};{'d0': 0.024905832919416587};-280.569866449044;46.21710918449941
27354;-100.731372386122;((-((_a4_ * x)) + (((_a1_ * pow2(x)) + _a4_) + _a7_)) * x);{'d0': {'_a1_': 3.376760877726622, '_a4_': -2.1066240676379295, '_a7_': 3.881759471977952, '_a0_': 1.0, '_a2_': 1.0, '_a3_': 1.0, '_a5_': 1.0, '_a6_': 1.0}};{'d0': 0.024905832919416584};-280.569866449044;39.553560838399406
27355;-100.731372386122;((-((_a4_ * x)) + (((_a1_ * pow2(x)) + _a4_) + _a7_)) * x);{'d0': {'_a1_': 3.376760877726622, '_a4_': -2.1066240676379295, '_a7_': 3.881759471977952, '_a0_': 1.0, '_a2_': 1.0, '_a3_': 1.0, '_a5_': 1.0, '_a6_': 1.0}};{'d0': 0.024905832919416584};-280.569866449044;39.553560838399406
27356;-100.731372386122;((-((_a4_ * x)) + (((_a1_ * pow2(x)) + _a4_) + _a7_)) * x);{'d0': {'_a1_': 3.376760877726622, '_a4_': -2.1066240676379295, '_a7_': 3.881759471977952, '_a0_': 1.0, '_a2_': 1.0, '_a3_': 1.0, '_a5_': 1.0, '_a6_': 1.0}};{'d0': 0.024905832919416584};-280.569866449044;39.553560838399406
27357;-100.731372386122;((-((_a4_ * x)) + (((_a1_ * pow2(x)) + _a4_) + _a7_)) * x);{'d0': {'_a1_': 3.376760877726622, '_a4_': -2.1066240676379295, '_a7_': 3.881759471977952, '_a0_': 1.0, '_a2_': 1.0, '_a3_': 1.0, '_a5_': 1.0, '_a6_': 1.0}};{'d0': 0.024905832919416584};-280.569866449044;39.553560838399406
27358;-100.731372386122;((-((_a4_ * x)) + (((_a1_ * pow2(x)) + _a4_) + _a7_)) * x);{'d0': {'_a1_': 3.376760877726622, '_a4_': -2.1066240676379295, '_a7_': 3.881759471977952, '_a0_': 1.0, '_a2_': 1.0, '_a3_': 1.0, '_a5_': 1.0, '_a6_': 1.0}};{'d0': 0.024905832919416584};-280.569866449044;39.553560838399406
27359;-100.731372386122;((-((_a4_ * x)) + (((_a1_ * pow2(x)) + _a4_) + _a7_)) * x);{'d0': {'_a1_': 3.376760877726622, '_a4_': -2.1066240676379295, '_a7_': 3.881759471977952, '_a0_': 1.0, '_a2_': 1.0, '_a3_': 1.0, '_a5_': 1.0, '_a6_': 1.0}};{'d0': 0.024905832919416584};-280.569866449044;39.553560838399406
27360;-100.731372386122;((-((_a4_ * x)) + (((_a1_ * pow2(x)) + _a4_) + _a7_)) * x);{'d0': {'_a1_': 3.376760877726622, '_a4_': -2.1066240676379295, '_a7_': 3.881759471977952, '_a0_': 1.0, '_a2_': 1.0, '_a3_': 1.0, '_a5_': 1.0, '_a6_': 1.0}};{'d0': 0.024905832919416584};-280.569866449044;39.553560838399406
27361;-100.731372386122;((-((_a4_ * x)) + (((_a1_ * pow2(x)) + _a4_) + _a7_)) * x);{'d0': {'_a1_': 3.376760877726622, '_a4_': -2.1066240676379295, '_a7_': 3.881759471977952, '_a0_': 1.0, '_a2_': 1.0, '_a3_': 1.0, '_a5_': 1.0, '_a6_': 1.0}};{'d0': 0.024905832919416584};-280.569866449044;39.553560838399406
27362;-100.731372386122;((-((_a4_ * x)) + (((_a1_ * pow2(x)) + _a4_) + _a7_)) * x);{'d0': {'_a1_': 3.376760877726622, '_a4_': -2.1066240676379295, '_a7_': 3.881759471977952, '_a0_': 1.0, '_a2_': 1.0, '_a3_': 1.0, '_a5_': 1.0, '_a6_': 1.0}};{'d0': 0.024905832919416584};-280.569866449044;39.553560838399406
27363;-100.731372386122;((-((_a4_ * x)) + (((_a1_ * pow2(x)) + _a4_) + _a7_)) * x);{'d0': {'_a1_': 3.376760877726622, '_a4_': -2.1066240676379295, '_a7_': 3.881759471977952, '_a0_': 1.0, '_a2_': 1.0, '_a3_': 1.0, '_a5_': 1.0, '_a6_': 1.0}};{'d0': 0.024905832919416584};-280.569866449044;39.553560838399406
27364;-100.731372386122;((-((_a4_ * x)) + (((_a1_ * pow2(x)) + _a4_) + _a7_)) * x);{'d0': {'_a1_': 3.376760877726622, '_a4_': -2.1066240676379295, '_a7_': 3.881759471977952, '_a0_': 1.0, '_a2_': 1.0, '_a3_': 1.0, '_a5_': 1.0, '_a6_': 1.0}};{'d0': 0.024905832919416584};-280.569866449044;39.553560838399406
27365;-100.731372386122;((-((_a4_ * x)) + (((_a1_ * pow2(x)) + _a4_) + _a7_)) * x);{'d0': {'_a1_': 3.376760877726622, '_a4_': -2.1066240676379295, '_a7_': 3.881759471977952, '_a0_': 1.0, '_a2_': 1.0, '_a3_': 1.0, '_a5_': 1.0, '_a6_': 1.0}};{'d0': 0.024905832919416584};-280.569866449044;39.553560838399406
27366;-100.731372386122;((-((_a4_ * x)) + (((_a1_ * pow2(x)) + _a4_) + _a7_)) * x);{'d0': {'_a1_': 3.376760877726622, '_a4_': -2.1066240676379295, '_a7_': 3.881759471977952, '_a0_': 1.0, '_a2_': 1.0, '_a3_': 1.0, '_a5_': 1.0, '_a6_': 1.0}};{'d0': 0.024905832919416584};-280.569866449044;39.553560838399406
27367;-100.731372386122;((-((_a4_ * x)) + (((_a1_ * pow2(x)) + _a4_) + _a7_)) * x);{'d0': {'_a1_': 3.376760877726622, '_a4_': -2.1066240676379295, '_a7_': 3.881759471977952, '_a0_': 1.0, '_a2_': 1.0, '_a3_': 1.0, '_a5_': 1.0, '_a6_': 1.0}};{'d0': 0.024905832919416584};-280.569866449044;39.553560838399406
27368;-100.731372386122;((-((_a4_ * x)) + (((_a1_ * pow2(x)) + _a4_) + _a7_)) * x);{'d0': {'_a1_': 3.376760877726622, '_a4_': -2.1066240676379295, '_a7_': 3.881759471977952, '_a0_': 1.0, '_a2_': 1.0, '_a3_': 1.0, '_a5_': 1.0, '_a6_': 1.0}};{'d0': 0.024905832919416584};-280.569866449044;39.553560838399406
27369;-100.731372386122;((-((_a4_ * x)) + (((_a1_ * pow2(x)) + _a4_) + _a7_)) * x);{'d0': {'_a1_': 3.376760877726622, '_a4_': -2.1066240676379295, '_a7_': 3.881759471977952, '_a0_': 1.0, '_a2_': 1.0, '_a3_': 1.0, '_a5_': 1.0, '_a6_': 1.0}};{'d0': 0.024905832919416584};-280.569866449044;39.553560838399406
27370;-100.731372386122;((-((_a4_ * x)) + (((_a1_ * pow2(x)) + _a4_) + _a7_)) * x);{'d0': {'_a1_': 3.376760877726622, '_a4_': -2.1066240676379295, '_a7_': 3.881759471977952, '_a0_': 1.0, '_a2_': 1.0, '_a3_': 1.0, '_a5_': 1.0, '_a6_': 1.0}};{'d0': 0.024905832919416584};-280.569866449044;39.553560838399406
27371;-100.731372386122;((-((_a4_ * x)) + (((_a1_ * pow2(x)) + _a4_) + _a7_)) * x);{'d0': {'_a1_': 3.376760877726622, '_a4_': -2.1066240676379295, '_a7_': 3.881759471977952, '_a0_': 1.0, '_a2_': 1.0, '_a3_': 1.0, '_a5_': 1.0, '_a6_': 1.0}};{'d0': 0.024905832919416584};-280.569866449044;39.553560838399406
27372;-100.731372386122;((-((_a4_ * x)) + (((_a1_ * pow2(x)) + _a4_) + _a7_)) * x);{'d0': {'_a1_': 3.376760877726622, '_a4_': -2.1066240676379295, '_a7_': 3.881759471977952, '_a0_': 1.0, '_a2_': 1.0, '_a3_': 1.0, '_a5_': 1.0, '_a6_': 1.0}};{'d0': 0.024905832919416584};-280.569866449044;39.553560838399406
27373;-100.731372386122;((-((_a4_ * x)) + (((_a1_ * pow2(x)) + _a4_) + _a7_)) * x);{'d0': {'_a1_': 3.376760877726622, '_a4_': -2.1066240676379295, '_a7_': 3.881759471977952, '_a0_': 1.0, '_a2_': 1.0, '_a3_': 1.0, '_a5_': 1.0, '_a6_': 1.0}};{'d0': 0.024905832919416584};-280.569866449044;39.553560838399406
27374;-100.731372386122;((-((_a4_ * x)) + (((_a1_ * pow2(x)) + _a4_) + _a7_)) * x);{'d0': {'_a1_': 3.376760877726622, '_a4_': -2.1066240676379295, '_a7_': 3.881759471977952, '_a0_': 1.0, '_a2_': 1.0, '_a3_': 1.0, '_a5_': 1.0, '_a6_': 1.0}};{'d0': 0.024905832919416584};-280.569866449044;39.553560838399406
27375;-100.731372386122;((-((_a4_ * x)) + (((_a1_ * pow2(x)) + _a4_) + _a7_)) * x);{'d0': {'_a1_': 3.376760877726622, '_a4_': -2.1066240676379295, '_a7_': 3.881759471977952, '_a0_': 1.0, '_a2_': 1.0, '_a3_': 1.0, '_a5_': 1.0, '_a6_': 1.0}};{'d0': 0.024905832919416584};-280.569866449044;39.553560838399406
27376;-100.731372386122;((-((_a4_ * x)) + (((_a1_ * pow2(x)) + _a4_) + _a7_)) * x);{'d0': {'_a1_': 3.376760877726622, '_a4_': -2.1066240676379295, '_a7_': 3.881759471977952, '_a0_': 1.0, '_a2_': 1.0, '_a3_': 1.0, '_a5_': 1.0, '_a6_': 1.0}};{'d0': 0.024905832919416584};-280.569866449044;39.553560838399406
27377;-97.6972348101062;(((pow2((_a3_ + (((x / _a3_) / _a2_) / _a3_))) * _a6_) + _a2_) * x);{'d0': {'_a2_': 1.446576089167891, '_a3_': 0.59966009883499, '_a6_': 0.913699695358962, '_a0_': 1.0, '_a1_': 1.0, '_a4_': 1.0, '_a5_': 1.0, '_a7_': 1.0}};{'d0': 0.024905832919416632};-280.569866449044;42.587698414415556
27378;-97.6972348101062;(((pow2((_a3_ + (((x / _a3_) / _a2_) / _a3_))) * _a6_) + _a2_) * x);{'d0': {'_a2_': 1.446576089167891, '_a3_': 0.59966009883499, '_a6_': 0.913699695358962, '_a0_': 1.0, '_a1_': 1.0, '_a4_': 1.0, '_a5_': 1.0, '_a7_': 1.0}};{'d0': 0.024905832919416632};-280.569866449044;42.587698414415556
27379;-97.6972348101062;(((pow2((_a3_ + (((x / _a3_) / _a2_) / _a3_))) * _a6_) + _a2_) * x);{'d0': {'_a2_': 1.446576089167891, '_a3_': 0.59966009883499, '_a6_': 0.913699695358962, '_a0_': 1.0, '_a1_': 1.0, '_a4_': 1.0, '_a5_': 1.0, '_a7_': 1.0}};{'d0': 0.024905832919416632};-280.569866449044;42.587698414415556
27380;-97.6972348101062;(((pow2((_a3_ + (((x / _a3_) / _a2_) / _a3_))) * _a6_) + _a2_) * x);{'d0': {'_a2_': 1.446576089167891, '_a3_': 0.59966009883499, '_a6_': 0.913699695358962, '_a0_': 1.0, '_a1_': 1.0, '_a4_': 1.0, '_a5_': 1.0, '_a7_': 1.0}};{'d0': 0.024905832919416632};-280.569866449044;42.587698414415556
27381;-97.6972348101062;(((pow2((_a3_ + (((x / _a3_) / _a2_) / _a3_))) * _a6_) + _a2_) * x);{'d0': {'_a2_': 1.446576089167891, '_a3_': 0.59966009883499, '_a6_': 0.913699695358962, '_a0_': 1.0, '_a1_': 1.0, '_a4_': 1.0, '_a5_': 1.0, '_a7_': 1.0}};{'d0': 0.024905832919416632};-280.569866449044;42.587698414415556
27382;-97.6972348101062;(((pow2((_a3_ + (((x / _a3_) / _a2_) / _a3_))) * _a6_) + _a2_) * x);{'d0': {'_a2_': 1.446576089167891, '_a3_': 0.59966009883499, '_a6_': 0.913699695358962, '_a0_': 1.0, '_a1_': 1.0, '_a4_': 1.0, '_a5_': 1.0, '_a7_': 1.0}};{'d0': 0.024905832919416632};-280.569866449044;42.587698414415556
27383;-97.6972348101062;(((pow2((_a3_ + (((x / _a3_) / _a2_) / _a3_))) * _a6_) + _a2_) * x);{'d0': {'_a2_': 1.446576089167891, '_a3_': 0.59966009883499, '_a6_': 0.913699695358962, '_a0_': 1.0, '_a1_': 1.0, '_a4_': 1.0, '_a5_': 1.0, '_a7_': 1.0}};{'d0': 0.024905832919416632};-280.569866449044;42.587698414415556
27384;-97.6972348101062;(((pow2((_a3_ + (((x / _a3_) / _a2_) / _a3_))) * _a6_) + _a2_) * x);{'d0': {'_a2_': 1.446576089167891, '_a3_': 0.59966009883499, '_a6_': 0.913699695358962, '_a0_': 1.0, '_a1_': 1.0, '_a4_': 1.0, '_a5_': 1.0, '_a7_': 1.0}};{'d0': 0.024905832919416632};-280.569866449044;42.587698414415556
27385;-97.6972348101062;(((pow2((_a3_ + (((x / _a3_) / _a2_) / _a3_))) * _a6_) + _a2_) * x);{'d0': {'_a2_': 1.446576089167891, '_a3_': 0.59966009883499, '_a6_': 0.913699695358962, '_a0_': 1.0, '_a1_': 1.0, '_a4_': 1.0, '_a5_': 1.0, '_a7_': 1.0}};{'d0': 0.024905832919416632};-280.569866449044;42.587698414415556
27386;-97.6972348101062;(((pow2((_a3_ + (((x / _a3_) / _a2_) / _a3_))) * _a6_) + _a2_) * x);{'d0': {'_a2_': 1.446576089167891, '_a3_': 0.59966009883499, '_a6_': 0.913699695358962, '_a0_': 1.0, '_a1_': 1.0, '_a4_': 1.0, '_a5_': 1.0, '_a7_': 1.0}};{'d0': 0.024905832919416632};-280.569866449044;42.587698414415556
27387;-100.731372386122;((-((_a4_ * x)) + (((_a1_ * pow2(x)) + _a1_) + _a7_)) * x);{'d0': {'_a1_': 3.376760875097251, '_a4_': -2.106624065917376, '_a7_': -1.6016254703464061, '_a0_': 1.0, '_a2_': 1.0, '_a3_': 1.0, '_a5_': 1.0, '_a6_': 1.0}};{'d0': 0.024905832919416615};-280.569866449044;39.553560838399406
27388;-100.731372386122;((-((_a4_ * x)) + (((_a1_ * pow2(x)) + _a1_) + _a7_)) * x);{'d0': {'_a1_': 3.376760875097251, '_a4_': -2.106624065917376, '_a7_': -1.6016254703464061, '_a0_': 1.0, '_a2_': 1.0, '_a3_': 1.0, '_a5_': 1.0, '_a6_': 1.0}};{'d0': 0.024905832919416615};-280.569866449044;39.553560838399406
27389;-100.731372386122;((-((_a4_ * x)) + (((_a1_ * pow2(x)) + _a1_) + _a7_)) * x);{'d0': {'_a1_': 3.376760875097251, '_a4_': -2.106624065917376, '_a7_': -1.6016254703464061, '_a0_': 1.0, '_a2_': 1.0, '_a3_': 1.0, '_a5_': 1.0, '_a6_': 1.0}};{'d0': 0.024905832919416615};-280.569866449044;39.553560838399406
27390;-100.731372386122;((-((_a4_ * x)) + (((_a1_ * pow2(x)) + _a1_) + _a7_)) * x);{'d0': {'_a1_': 3.376760875097251, '_a4_': -2.106624065917376, '_a7_': -1.6016254703464061, '_a0_': 1.0, '_a2_': 1.0, '_a3_': 1.0, '_a5_': 1.0, '_a6_': 1.0}};{'d0': 0.024905832919416615};-280.569866449044;39.553560838399406
27391;-100.731372386122;((-((_a4_ * x)) + (((_a1_ * pow2(x)) + _a1_) + _a7_)) * x);{'d0': {'_a1_': 3.376760875097251, '_a4_': -2.106624065917376, '_a7_': -1.6016254703464061, '_a0_': 1.0, '_a2_': 1.0, '_a3_': 1.0, '_a5_': 1.0, '_a6_': 1.0}};{'d0': 0.024905832919416615};-280.569866449044;39.553560838399406
27392;-100.731372386122;((-((_a4_ * x)) + (((_a1_ * pow2(x)) + _a1_) + _a7_)) * x);{'d0': {'_a1_': 3.376760875097251, '_a4_': -2.106624065917376, '_a7_': -1.6016254703464061, '_a0_': 1.0, '_a2_': 1.0, '_a3_': 1.0, '_a5_': 1.0, '_a6_': 1.0}};{'d0': 0.024905832919416615};-280.569866449044;39.553560838399406
27393;-100.731372386122;((-((_a4_ * x)) + (((_a1_ * pow2(x)) + _a1_) + _a7_)) * x);{'d0': {'_a1_': 3.376760875097251, '_a4_': -2.106624065917376, '_a7_': -1.6016254703464061, '_a0_': 1.0, '_a2_': 1.0, '_a3_': 1.0, '_a5_': 1.0, '_a6_': 1.0}};{'d0': 0.024905832919416615};-280.569866449044;39.553560838399406
27394;-97.8364247963224;((((_a3_ + x) * (_a1_ * x)) + -(pow3(x))) * (_a6_ + _a3_));{'d0': {'_a1_': -0.6238594155276858, '_a3_': 0.8426446045980486, '_a6_': -4.219405482200704, '_a0_': 1.0, '_a2_': 1.0, '_a4_': 1.0, '_a5_': 1.0, '_a7_': 1.0}};{'d0': 0.024905832919416625};-280.569866449044;42.44850842819935
27395;-97.8364247963224;((((_a3_ + x) * (_a1_ * x)) + -(pow3(x))) * (_a6_ + _a3_));{'d0': {'_a1_': -0.6238594155276858, '_a3_': 0.8426446045980486, '_a6_': -4.219405482200704, '_a0_': 1.0, '_a2_': 1.0, '_a4_': 1.0, '_a5_': 1.0, '_a7_': 1.0}};{'d0': 0.024905832919416625};-280.569866449044;42.44850842819935
27396;-97.8364247963224;((((_a3_ + x) * (_a1_ * x)) + -(pow3(x))) * (_a6_ + _a3_));{'d0': {'_a1_': -0.6238594155276858, '_a3_': 0.8426446045980486, '_a6_': -4.219405482200704, '_a0_': 1.0, '_a2_': 1.0, '_a4_': 1.0, '_a5_': 1.0, '_a7_': 1.0}};{'d0': 0.024905832919416625};-280.569866449044;42.44850842819935
27397;-100.731372386122;((-((_a4_ * x)) + (((_a1_ * pow2(x)) + _a1_) + _a7_)) * x);{'d0': {'_a1_': 3.376760875097251, '_a4_': -2.106624065917376, '_a7_': -1.6016254703464061, '_a0_': 1.0, '_a2_': 1.0, '_a3_': 1.0, '_a5_': 1.0, '_a6_': 1.0}};{'d0': 0.024905832919416615};-280.569866449044;39.553560838399406
27398;-100.731372386122;((-((_a4_ * x)) + (((_a1_ * pow2(x)) + _a1_) + _a7_)) * x);{'d0': {'_a1_': 3.376760875097251, '_a4_': -2.106624065917376, '_a7_': -1.6016254703464061, '_a0_': 1.0, '_a2_': 1.0, '_a3_': 1.0, '_a5_': 1.0, '_a6_': 1.0}};{'d0': 0.024905832919416615};-280.569866449044;39.553560838399406
27399;-100.731372386122;((-((_a4_ * x)) + (((_a1_ * pow2(x)) + _a1_) + _a7_)) * x);{'d0': {'_a1_': 3.376760875097251, '_a4_': -2.106624065917376, '_a7_': -1.6016254703464061, '_a0_': 1.0, '_a2_': 1.0, '_a3_': 1.0, '_a5_': 1.0, '_a6_': 1.0}};{'d0': 0.024905832919416615};-280.569866449044;39.553560838399406
27400;-100.731372386122;((-((_a4_ * x)) + (((_a1_ * pow2(x)) + _a1_) + _a7_)) * x);{'d0': {'_a1_': 3.376760875097251, '_a4_': -2.106624065917376, '_a7_': -1.6016254703464061, '_a0_': 1.0, '_a2_': 1.0, '_a3_': 1.0, '_a5_': 1.0, '_a6_': 1.0}};{'d0': 0.024905832919416615};-280.569866449044;39.553560838399406
27401;-100.731372386122;((-((_a4_ * x)) + (((_a1_ * pow2(x)) + _a1_) + _a7_)) * x);{'d0': {'_a1_': 3.376760875097251, '_a4_': -2.106624065917376, '_a7_': -1.6016254703464061, '_a0_': 1.0, '_a2_': 1.0, '_a3_': 1.0, '_a5_': 1.0, '_a6_': 1.0}};{'d0': 0.024905832919416615};-280.569866449044;39.553560838399406
27402;-100.731372386122;((-((_a4_ * x)) + (((_a1_ * pow2(x)) + _a1_) + _a7_)) * x);{'d0': {'_a1_': 3.376760875097251, '_a4_': -2.106624065917376, '_a7_': -1.6016254703464061, '_a0_': 1.0, '_a2_': 1.0, '_a3_': 1.0, '_a5_': 1.0, '_a6_': 1.0}};{'d0': 0.024905832919416615};-280.569866449044;39.553560838399406
27403;-100.731372386122;((-((_a4_ * x)) + (((_a1_ * pow2(x)) + _a1_) + _a7_)) * x);{'d0': {'_a1_': 3.376760875097251, '_a4_': -2.106624065917376, '_a7_': -1.6016254703464061, '_a0_': 1.0, '_a2_': 1.0, '_a3_': 1.0, '_a5_': 1.0, '_a6_': 1.0}};{'d0': 0.024905832919416615};-280.569866449044;39.553560838399406
27404;-100.731372386122;((-((_a4_ * x)) + (((_a1_ * pow2(x)) + _a1_) + _a7_)) * x);{'d0': {'_a1_': 3.376760875097251, '_a4_': -2.106624065917376, '_a7_': -1.6016254703464061, '_a0_': 1.0, '_a2_': 1.0, '_a3_': 1.0, '_a5_': 1.0, '_a6_': 1.0}};{'d0': 0.024905832919416615};-280.569866449044;39.553560838399406
27405;-100.731372386122;((-((_a4_ * x)) + (((_a1_ * pow2(x)) + _a1_) + _a7_)) * x);{'d0': {'_a1_': 3.376760875097251, '_a4_': -2.106624065917376, '_a7_': -1.6016254703464061, '_a0_': 1.0, '_a2_': 1.0, '_a3_': 1.0, '_a5_': 1.0, '_a6_': 1.0}};{'d0': 0.024905832919416615};-280.569866449044;39.553560838399406
27406;-100.731372386122;((-((_a4_ * x)) + (((_a1_ * pow2(x)) + _a1_) + _a7_)) * x);{'d0': {'_a1_': 3.376760875097251, '_a4_': -2.106624065917376, '_a7_': -1.6016254703464061, '_a0_': 1.0, '_a2_': 1.0, '_a3_': 1.0, '_a5_': 1.0, '_a6_': 1.0}};{'d0': 0.024905832919416615};-280.569866449044;39.553560838399406
27407;-100.731372386122;((-((_a4_ * x)) + (((_a1_ * pow2(x)) + _a1_) + _a7_)) * x);{'d0': {'_a1_': 3.376760875097251, '_a4_': -2.106624065917376, '_a7_': -1.6016254703464061, '_a0_': 1.0, '_a2_': 1.0, '_a3_': 1.0, '_a5_': 1.0, '_a6_': 1.0}};{'d0': 0.024905832919416615};-280.569866449044;39.553560838399406
27408;-100.731372386122;((-((_a4_ * x)) + (((_a1_ * pow2(x)) + _a1_) + _a7_)) * x);{'d0': {'_a1_': 3.376760875097251, '_a4_': -2.106624065917376, '_a7_': -1.6016254703464061, '_a0_': 1.0, '_a2_': 1.0, '_a3_': 1.0, '_a5_': 1.0, '_a6_': 1.0}};{'d0': 0.024905832919416615};-280.569866449044;39.553560838399406
27409;-100.731372386122;((-((_a4_ * x)) + (((_a1_ * pow2(x)) + _a1_) + _a7_)) * x);{'d0': {'_a1_': 3.376760875097251, '_a4_': -2.106624065917376, '_a7_': -1.6016254703464061, '_a0_': 1.0, '_a2_': 1.0, '_a3_': 1.0, '_a5_': 1.0, '_a6_': 1.0}};{'d0': 0.024905832919416615};-280.569866449044;39.553560838399406
27410;-100.731372386122;((-((_a4_ * x)) + (((_a1_ * pow2(x)) + _a1_) + _a7_)) * x);{'d0': {'_a1_': 3.376760875097251, '_a4_': -2.106624065917376, '_a7_': -1.6016254703464061, '_a0_': 1.0, '_a2_': 1.0, '_a3_': 1.0, '_a5_': 1.0, '_a6_': 1.0}};{'d0': 0.024905832919416615};-280.569866449044;39.553560838399406
27411;-100.731372386122;((-((_a4_ * x)) + (((_a1_ * pow2(x)) + _a1_) + _a7_)) * x);{'d0': {'_a1_': 3.376760875097251, '_a4_': -2.106624065917376, '_a7_': -1.6016254703464061, '_a0_': 1.0, '_a2_': 1.0, '_a3_': 1.0, '_a5_': 1.0, '_a6_': 1.0}};{'d0': 0.024905832919416615};-280.569866449044;39.553560838399406
27412;-100.731372386122;((-((_a4_ * x)) + (((_a1_ * pow2(x)) + _a1_) + _a7_)) * x);{'d0': {'_a1_': 3.376760875097251, '_a4_': -2.106624065917376, '_a7_': -1.6016254703464061, '_a0_': 1.0, '_a2_': 1.0, '_a3_': 1.0, '_a5_': 1.0, '_a6_': 1.0}};{'d0': 0.024905832919416615};-280.569866449044;39.553560838399406
27413;-100.731372386122;((-((_a4_ * x)) + (((_a1_ * pow2(x)) + _a1_) + _a7_)) * x);{'d0': {'_a1_': 3.376760875097251, '_a4_': -2.106624065917376, '_a7_': -1.6016254703464061, '_a0_': 1.0, '_a2_': 1.0, '_a3_': 1.0, '_a5_': 1.0, '_a6_': 1.0}};{'d0': 0.024905832919416615};-280.569866449044;39.553560838399406
27414;-97.8364247963224;((((_a3_ + x) * (_a1_ * x)) + -(pow3(x))) * (_a6_ + _a3_));{'d0': {'_a1_': -0.6238594155276858, '_a3_': 0.8426446045980486, '_a6_': -4.219405482200704, '_a0_': 1.0, '_a2_': 1.0, '_a4_': 1.0, '_a5_': 1.0, '_a7_': 1.0}};{'d0': 0.024905832919416625};-280.569866449044;42.44850842819935
27415;-97.8364247963224;((((_a3_ + x) * (_a1_ * x)) + -(pow3(x))) * (_a6_ + _a3_));{'d0': {'_a1_': -0.6238594155276858, '_a3_': 0.8426446045980486, '_a6_': -4.219405482200704, '_a0_': 1.0, '_a2_': 1.0, '_a4_': 1.0, '_a5_': 1.0, '_a7_': 1.0}};{'d0': 0.024905832919416625};-280.569866449044;42.44850842819935
27416;-97.8364247963224;((((_a3_ + x) * (_a1_ * x)) + -(pow3(x))) * (_a6_ + _a3_));{'d0': {'_a1_': -0.6238594155276858, '_a3_': 0.8426446045980486, '_a6_': -4.219405482200704, '_a0_': 1.0, '_a2_': 1.0, '_a4_': 1.0, '_a5_': 1.0, '_a7_': 1.0}};{'d0': 0.024905832919416625};-280.569866449044;42.44850842819935
27417;-97.8364247963224;((((_a3_ + x) * (_a1_ * x)) + -(pow3(x))) * (_a6_ + _a3_));{'d0': {'_a1_': -0.6238594155276858, '_a3_': 0.8426446045980486, '_a6_': -4.219405482200704, '_a0_': 1.0, '_a2_': 1.0, '_a4_': 1.0, '_a5_': 1.0, '_a7_': 1.0}};{'d0': 0.024905832919416625};-280.569866449044;42.44850842819935
27418;-97.8364247963224;((((_a3_ + x) * (_a1_ * x)) + -(pow3(x))) * (_a6_ + _a3_));{'d0': {'_a1_': -0.6238594155276858, '_a3_': 0.8426446045980486, '_a6_': -4.219405482200704, '_a0_': 1.0, '_a2_': 1.0, '_a4_': 1.0, '_a5_': 1.0, '_a7_': 1.0}};{'d0': 0.024905832919416625};-280.569866449044;42.44850842819935
27419;-97.8364247963224;((((_a3_ + x) * (_a1_ * x)) + -(pow3(x))) * (_a6_ + _a3_));{'d0': {'_a1_': -0.6238594155276858, '_a3_': 0.8426446045980486, '_a6_': -4.219405482200704, '_a0_': 1.0, '_a2_': 1.0, '_a4_': 1.0, '_a5_': 1.0, '_a7_': 1.0}};{'d0': 0.024905832919416625};-280.569866449044;42.44850842819935
27420;-97.8364247963224;((((_a3_ + x) * (_a1_ * x)) + -(pow3(x))) * (_a6_ + _a3_));{'d0': {'_a1_': -0.6238594155276858, '_a3_': 0.8426446045980486, '_a6_': -4.219405482200704, '_a0_': 1.0, '_a2_': 1.0, '_a4_': 1.0, '_a5_': 1.0, '_a7_': 1.0}};{'d0': 0.024905832919416625};-280.569866449044;42.44850842819935
27421;-97.8364247963224;((((_a3_ + x) * (_a1_ * x)) + -(pow3(x))) * (_a6_ + _a3_));{'d0': {'_a1_': -0.6238594155276858, '_a3_': 0.8426446045980486, '_a6_': -4.219405482200704, '_a0_': 1.0, '_a2_': 1.0, '_a4_': 1.0, '_a5_': 1.0, '_a7_': 1.0}};{'d0': 0.024905832919416625};-280.569866449044;42.44850842819935
27422;-97.8364247963224;((((_a3_ + x) * (_a1_ * x)) + -(pow3(x))) * (_a6_ + _a3_));{'d0': {'_a1_': -0.6238594155276858, '_a3_': 0.8426446045980486, '_a6_': -4.219405482200704, '_a0_': 1.0, '_a2_': 1.0, '_a4_': 1.0, '_a5_': 1.0, '_a7_': 1.0}};{'d0': 0.024905832919416625};-280.569866449044;42.44850842819935
27423;-97.8364247963224;((((_a3_ + x) * (_a1_ * x)) + -(pow3(x))) * (_a6_ + _a3_));{'d0': {'_a1_': -0.6238594155276858, '_a3_': 0.8426446045980486, '_a6_': -4.219405482200704, '_a0_': 1.0, '_a2_': 1.0, '_a4_': 1.0, '_a5_': 1.0, '_a7_': 1.0}};{'d0': 0.024905832919416625};-280.569866449044;42.44850842819935
27424;-97.8364247963224;((((_a3_ + x) * (_a1_ * x)) + -(pow3(x))) * (_a6_ + _a3_));{'d0': {'_a1_': -0.6238594155276858, '_a3_': 0.8426446045980486, '_a6_': -4.219405482200704, '_a0_': 1.0, '_a2_': 1.0, '_a4_': 1.0, '_a5_': 1.0, '_a7_': 1.0}};{'d0': 0.024905832919416625};-280.569866449044;42.44850842819935
27425;-97.8364247963224;((((_a3_ + x) * (_a1_ * x)) + -(pow3(x))) * (_a6_ + _a3_));{'d0': {'_a1_': -0.6238594155276858, '_a3_': 0.8426446045980486, '_a6_': -4.219405482200704, '_a0_': 1.0, '_a2_': 1.0, '_a4_': 1.0, '_a5_': 1.0, '_a7_': 1.0}};{'d0': 0.024905832919416625};-280.569866449044;42.44850842819935
27426;-97.8364247963224;((((_a3_ + x) * (_a1_ * x)) + -(pow3(x))) * (_a6_ + _a3_));{'d0': {'_a1_': -0.6238594155276858, '_a3_': 0.8426446045980486, '_a6_': -4.219405482200704, '_a0_': 1.0, '_a2_': 1.0, '_a4_': 1.0, '_a5_': 1.0, '_a7_': 1.0}};{'d0': 0.024905832919416625};-280.569866449044;42.44850842819935
27427;-98.8076859198953;((((_a3_ + x) * (_a1_ * x)) + -(pow3(x))) * (_a6_ * _a3_));{'d0': {'_a1_': -0.6238594156120633, '_a3_': 0.8426446036158096, '_a6_': -4.0073369793168965, '_a0_': 1.0, '_a2_': 1.0, '_a4_': 1.0, '_a5_': 1.0, '_a7_': 1.0}};{'d0': 0.024905832919416646};-280.569866449044;41.477247304626346
27428;-98.8076859198953;((((_a3_ + x) * (_a1_ * x)) + -(pow3(x))) * (_a6_ * _a3_));{'d0': {'_a1_': -0.6238594156120633, '_a3_': 0.8426446036158096, '_a6_': -4.0073369793168965, '_a0_': 1.0, '_a2_': 1.0, '_a4_': 1.0, '_a5_': 1.0, '_a7_': 1.0}};{'d0': 0.024905832919416646};-280.569866449044;41.477247304626346
27429;-98.8076859198953;((((_a3_ + x) * (_a1_ * x)) + -(pow3(x))) * (_a6_ * _a3_));{'d0': {'_a1_': -0.6238594156120633, '_a3_': 0.8426446036158096, '_a6_': -4.0073369793168965, '_a0_': 1.0, '_a2_': 1.0, '_a4_': 1.0, '_a5_': 1.0, '_a7_': 1.0}};{'d0': 0.024905832919416646};-280.569866449044;41.477247304626346
27430;-98.8076859198953;((((_a3_ + x) * (_a1_ * x)) + -(pow3(x))) * (_a6_ * _a3_));{'d0': {'_a1_': -0.6238594156120633, '_a3_': 0.8426446036158096, '_a6_': -4.0073369793168965, '_a0_': 1.0, '_a2_': 1.0, '_a4_': 1.0, '_a5_': 1.0, '_a7_': 1.0}};{'d0': 0.024905832919416646};-280.569866449044;41.477247304626346
27431;-98.8076859198953;((((_a3_ + x) * (_a1_ * x)) + -(pow3(x))) * (_a6_ * _a3_));{'d0': {'_a1_': -0.6238594156120633, '_a3_': 0.8426446036158096, '_a6_': -4.0073369793168965, '_a0_': 1.0, '_a2_': 1.0, '_a4_': 1.0, '_a5_': 1.0, '_a7_': 1.0}};{'d0': 0.024905832919416646};-280.569866449044;41.477247304626346
27432;-98.8076859198953;((((_a3_ + x) * (_a1_ * x)) + -(pow3(x))) * (_a6_ * _a3_));{'d0': {'_a1_': -0.6238594156120633, '_a3_': 0.8426446036158096, '_a6_': -4.0073369793168965, '_a0_': 1.0, '_a2_': 1.0, '_a4_': 1.0, '_a5_': 1.0, '_a7_': 1.0}};{'d0': 0.024905832919416646};-280.569866449044;41.477247304626346
27433;-98.8076859198953;((((_a3_ + x) * (_a1_ * x)) + -(pow3(x))) * (_a6_ * _a3_));{'d0': {'_a1_': -0.6238594156120633, '_a3_': 0.8426446036158096, '_a6_': -4.0073369793168965, '_a0_': 1.0, '_a2_': 1.0, '_a4_': 1.0, '_a5_': 1.0, '_a7_': 1.0}};{'d0': 0.024905832919416646};-280.569866449044;41.477247304626346
27434;-98.8076859198953;((((_a3_ + x) * (_a1_ * x)) + -(pow3(x))) * (_a6_ * _a3_));{'d0': {'_a1_': -0.6238594156120633, '_a3_': 0.8426446036158096, '_a6_': -4.0073369793168965, '_a0_': 1.0, '_a2_': 1.0, '_a4_': 1.0, '_a5_': 1.0, '_a7_': 1.0}};{'d0': 0.024905832919416646};-280.569866449044;41.477247304626346
27435;-98.8076859198953;((((_a3_ + x) * (_a1_ * x)) + -(pow3(x))) * (_a6_ * _a3_));{'d0': {'_a1_': -0.6238594156120633, '_a3_': 0.8426446036158096, '_a6_': -4.0073369793168965, '_a0_': 1.0, '_a2_': 1.0, '_a4_': 1.0, '_a5_': 1.0, '_a7_': 1.0}};{'d0': 0.024905832919416646};-280.569866449044;41.477247304626346
27436;-95.1272336816342;((((_a3_ + x) * (_a1_ * x)) + -(pow3(x))) * (-(_a7_) * _a3_));{'d0': {'_a1_': -0.6238594155871455, '_a3_': 0.8426446042086966, '_a7_': 4.007336974334696, '_a0_': 1.0, '_a2_': 1.0, '_a4_': 1.0, '_a5_': 1.0, '_a6_': 1.0}};{'d0': 0.024905832919416646};-280.569866449044;45.157699542887514
27437;-90.3825042665479;(((_a1_ / _a0_) + (pow2((x + _a6_)) * pow2((_a0_ + _a5_)))) * -(-(x)));{'d0': {'_a0_': -593.8206257290046, '_a1_': -859.0067559873855, '_a5_': 595.6582220617529, '_a6_': 0.31192970685858107, '_a2_': 1.0, '_a3_': 1.0, '_a4_': 1.0, '_a7_': 1.0}};{'d0': 0.024905832919686434};-276.475521886171;47.85525667653791
27438;-90.3825042665479;(((_a1_ / _a0_) + (pow2((x + _a6_)) * pow2((_a0_ + _a5_)))) * -(-(x)));{'d0': {'_a0_': -593.8206257290046, '_a1_': -859.0067559873855, '_a5_': 595.6582220617529, '_a6_': 0.31192970685858107, '_a2_': 1.0, '_a3_': 1.0, '_a4_': 1.0, '_a7_': 1.0}};{'d0': 0.024905832919686434};-276.475521886171;47.85525667653791
27439;-95.1272336816342;((((_a3_ + x) * (_a1_ * x)) + -(pow3(x))) * (-(_a7_) * _a3_));{'d0': {'_a1_': -0.6238594155871455, '_a3_': 0.8426446042086966, '_a7_': 4.007336974334696, '_a0_': 1.0, '_a2_': 1.0, '_a4_': 1.0, '_a5_': 1.0, '_a6_': 1.0}};{'d0': 0.024905832919416646};-280.569866449044;45.157699542887514
27440;-95.1272336816342;((((_a3_ + x) * (_a1_ * x)) + -(pow3(x))) * (-(_a7_) * _a3_));{'d0': {'_a1_': -0.6238594155871455, '_a3_': 0.8426446042086966, '_a7_': 4.007336974334696, '_a0_': 1.0, '_a2_': 1.0, '_a4_': 1.0, '_a5_': 1.0, '_a6_': 1.0}};{'d0': 0.024905832919416646};-280.569866449044;45.157699542887514
27441;-95.1272336816342;((((_a3_ + x) * (_a1_ * x)) + -(pow3(x))) * (-(_a7_) * _a3_));{'d0': {'_a1_': -0.6238594155871455, '_a3_': 0.8426446042086966, '_a7_': 4.007336974334696, '_a0_': 1.0, '_a2_': 1.0, '_a4_': 1.0, '_a5_': 1.0, '_a6_': 1.0}};{'d0': 0.024905832919416646};-280.569866449044;45.157699542887514
27442;-95.1272336816342;((((_a3_ + x) * (_a1_ * x)) + -(pow3(x))) * (-(_a7_) * _a3_));{'d0': {'_a1_': -0.6238594155871455, '_a3_': 0.8426446042086966, '_a7_': 4.007336974334696, '_a0_': 1.0, '_a2_': 1.0, '_a4_': 1.0, '_a5_': 1.0, '_a6_': 1.0}};{'d0': 0.024905832919416646};-280.569866449044;45.157699542887514
27443;-95.1272336816342;((((_a3_ + x) * (_a1_ * x)) + -(pow3(x))) * (-(_a7_) * _a3_));{'d0': {'_a1_': -0.6238594155871455, '_a3_': 0.8426446042086966, '_a7_': 4.007336974334696, '_a0_': 1.0, '_a2_': 1.0, '_a4_': 1.0, '_a5_': 1.0, '_a6_': 1.0}};{'d0': 0.024905832919416646};-280.569866449044;45.157699542887514
27444;-95.1272336816342;((((_a3_ + x) * (_a1_ * x)) + -(pow3(x))) * (-(_a7_) * _a3_));{'d0': {'_a1_': -0.6238594155871455, '_a3_': 0.8426446042086966, '_a7_': 4.007336974334696, '_a0_': 1.0, '_a2_': 1.0, '_a4_': 1.0, '_a5_': 1.0, '_a6_': 1.0}};{'d0': 0.024905832919416646};-280.569866449044;45.157699542887514
27445;-90.3825042665479;(((_a1_ / _a0_) + (pow2((x + _a6_)) * pow2((_a0_ + _a5_)))) * -(-(x)));{'d0': {'_a0_': -593.8206257290046, '_a1_': -859.0067559873855, '_a5_': 595.6582220617529, '_a6_': 0.31192970685858107, '_a2_': 1.0, '_a3_': 1.0, '_a4_': 1.0, '_a7_': 1.0}};{'d0': 0.024905832919686434};-276.475521886171;47.85525667653791
27446;-90.3825042665479;(((_a1_ / _a0_) + (pow2((x + _a6_)) * pow2((_a0_ + _a5_)))) * -(-(x)));{'d0': {'_a0_': -593.8206257290046, '_a1_': -859.0067559873855, '_a5_': 595.6582220617529, '_a6_': 0.31192970685858107, '_a2_': 1.0, '_a3_': 1.0, '_a4_': 1.0, '_a7_': 1.0}};{'d0': 0.024905832919686434};-276.475521886171;47.85525667653791
27447;-89.7102232521562;(((_a1_ / _a0_) + (pow2((x + _a6_)) * pow2(pow3(_a2_)))) * -(-(x)));{'d0': {'_a0_': -507.51039327353305, '_a1_': -734.1522637579516, '_a2_': 1.2248513483492482, '_a6_': 0.3119297078929905, '_a3_': 1.0, '_a4_': 1.0, '_a5_': 1.0, '_a7_': 1.0}};{'d0': 0.0249058329205263};-276.475521884148;48.527537689917914
27448;-95.1272336816342;((((_a3_ + x) * (_a1_ * x)) + -(pow3(x))) * (-(_a7_) * _a3_));{'d0': {'_a1_': -0.6238594155871455, '_a3_': 0.8426446042086966, '_a7_': 4.007336974334696, '_a0_': 1.0, '_a2_': 1.0, '_a4_': 1.0, '_a5_': 1.0, '_a6_': 1.0}};{'d0': 0.024905832919416646};-280.569866449044;45.157699542887514
27449;-95.1272336816342;((((_a3_ + x) * (_a1_ * x)) + -(pow3(x))) * (-(_a7_) * _a3_));{'d0': {'_a1_': -0.6238594155871455, '_a3_': 0.8426446042086966, '_a7_': 4.007336974334696, '_a0_': 1.0, '_a2_': 1.0, '_a4_': 1.0, '_a5_': 1.0, '_a6_': 1.0}};{'d0': 0.024905832919416646};-280.569866449044;45.157699542887514
27450;-95.1272336816342;((((_a3_ + x) * (_a1_ * x)) + -(pow3(x))) * (-(_a7_) * _a3_));{'d0': {'_a1_': -0.6238594155871455, '_a3_': 0.8426446042086966, '_a7_': 4.007336974334696, '_a0_': 1.0, '_a2_': 1.0, '_a4_': 1.0, '_a5_': 1.0, '_a6_': 1.0}};{'d0': 0.024905832919416646};-280.569866449044;45.157699542887514
27451;-95.1272336816342;((((_a3_ + x) * (_a1_ * x)) + -(pow3(x))) * (-(_a7_) * _a3_));{'d0': {'_a1_': -0.6238594155871455, '_a3_': 0.8426446042086966, '_a7_': 4.007336974334696, '_a0_': 1.0, '_a2_': 1.0, '_a4_': 1.0, '_a5_': 1.0, '_a6_': 1.0}};{'d0': 0.024905832919416646};-280.569866449044;45.157699542887514
27452;-95.1272336816342;((((_a3_ + x) * (_a1_ * x)) + -(pow3(x))) * (-(_a7_) * _a3_));{'d0': {'_a1_': -0.6238594155871455, '_a3_': 0.8426446042086966, '_a7_': 4.007336974334696, '_a0_': 1.0, '_a2_': 1.0, '_a4_': 1.0, '_a5_': 1.0, '_a6_': 1.0}};{'d0': 0.024905832919416646};-280.569866449044;45.157699542887514
27453;-95.1272336816342;((((_a3_ + x) * (_a1_ * x)) + -(pow3(x))) * (-(_a7_) * _a3_));{'d0': {'_a1_': -0.6238594155871455, '_a3_': 0.8426446042086966, '_a7_': 4.007336974334696, '_a0_': 1.0, '_a2_': 1.0, '_a4_': 1.0, '_a5_': 1.0, '_a6_': 1.0}};{'d0': 0.024905832919416646};-280.569866449044;45.157699542887514
27454;-95.1272336816342;((((_a3_ + x) * (_a1_ * x)) + -(pow3(x))) * (-(_a7_) * _a3_));{'d0': {'_a1_': -0.6238594155871455, '_a3_': 0.8426446042086966, '_a7_': 4.007336974334696, '_a0_': 1.0, '_a2_': 1.0, '_a4_': 1.0, '_a5_': 1.0, '_a6_': 1.0}};{'d0': 0.024905832919416646};-280.569866449044;45.157699542887514
27455;-95.1272336816342;((((_a3_ + x) * (_a1_ * x)) + -(pow3(x))) * (-(_a7_) * _a3_));{'d0': {'_a1_': -0.6238594155871455, '_a3_': 0.8426446042086966, '_a7_': 4.007336974334696, '_a0_': 1.0, '_a2_': 1.0, '_a4_': 1.0, '_a5_': 1.0, '_a6_': 1.0}};{'d0': 0.024905832919416646};-280.569866449044;45.157699542887514
27456;-103.488010419115;(((pow2((_a3_ + ((x / _a2_) + _a3_))) * _a1_) + _a1_) * x);{'d0': {'_a1_': 1.4465760895322743, '_a2_': 0.6545163312926898, '_a3_': 0.23829024033902288, '_a0_': 1.0, '_a4_': 1.0, '_a5_': 1.0, '_a6_': 1.0, '_a7_': 1.0}};{'d0': 0.024905832919416677};-280.569866449043;36.79692280540636
27457;-103.488010419115;(((pow2((_a3_ + ((x / _a2_) + _a3_))) * _a1_) + _a1_) * x);{'d0': {'_a1_': 1.4465760895322743, '_a2_': 0.6545163312926898, '_a3_': 0.23829024033902288, '_a0_': 1.0, '_a4_': 1.0, '_a5_': 1.0, '_a6_': 1.0, '_a7_': 1.0}};{'d0': 0.024905832919416677};-280.569866449043;36.79692280540636
27458;-95.1272336816342;((((_a3_ + x) * (_a1_ * x)) + -(pow3(x))) * (-(_a7_) * _a3_));{'d0': {'_a1_': -0.6238594155871455, '_a3_': 0.8426446042086966, '_a7_': 4.007336974334696, '_a0_': 1.0, '_a2_': 1.0, '_a4_': 1.0, '_a5_': 1.0, '_a6_': 1.0}};{'d0': 0.024905832919416646};-280.569866449044;45.157699542887514
27459;-95.1272336816342;((((_a3_ + x) * (_a1_ * x)) + -(pow3(x))) * (-(_a7_) * _a3_));{'d0': {'_a1_': -0.6238594155871455, '_a3_': 0.8426446042086966, '_a7_': 4.007336974334696, '_a0_': 1.0, '_a2_': 1.0, '_a4_': 1.0, '_a5_': 1.0, '_a6_': 1.0}};{'d0': 0.024905832919416646};-280.569866449044;45.157699542887514
27460;-95.1272336816342;((((_a3_ + x) * (_a1_ * x)) + -(pow3(x))) * (-(_a7_) * _a3_));{'d0': {'_a1_': -0.6238594155871455, '_a3_': 0.8426446042086966, '_a7_': 4.007336974334696, '_a0_': 1.0, '_a2_': 1.0, '_a4_': 1.0, '_a5_': 1.0, '_a6_': 1.0}};{'d0': 0.024905832919416646};-280.569866449044;45.157699542887514
27461;-95.1272336816342;((((_a3_ + x) * (_a1_ * x)) + -(pow3(x))) * (-(_a7_) * _a3_));{'d0': {'_a1_': -0.6238594155871455, '_a3_': 0.8426446042086966, '_a7_': 4.007336974334696, '_a0_': 1.0, '_a2_': 1.0, '_a4_': 1.0, '_a5_': 1.0, '_a6_': 1.0}};{'d0': 0.024905832919416646};-280.569866449044;45.157699542887514
27462;-95.1272336816342;((((_a3_ + x) * (_a1_ * x)) + -(pow3(x))) * (-(_a7_) * _a3_));{'d0': {'_a1_': -0.6238594155871455, '_a3_': 0.8426446042086966, '_a7_': 4.007336974334696, '_a0_': 1.0, '_a2_': 1.0, '_a4_': 1.0, '_a5_': 1.0, '_a6_': 1.0}};{'d0': 0.024905832919416646};-280.569866449044;45.157699542887514
27463;-95.1272336816342;((((_a3_ + x) * (_a1_ * x)) + -(pow3(x))) * (-(_a7_) * _a3_));{'d0': {'_a1_': -0.6238594155871455, '_a3_': 0.8426446042086966, '_a7_': 4.007336974334696, '_a0_': 1.0, '_a2_': 1.0, '_a4_': 1.0, '_a5_': 1.0, '_a6_': 1.0}};{'d0': 0.024905832919416646};-280.569866449044;45.157699542887514
27464;-95.1272336816342;((((_a3_ + x) * (_a1_ * x)) + -(pow3(x))) * (-(_a7_) * _a3_));{'d0': {'_a1_': -0.6238594155871455, '_a3_': 0.8426446042086966, '_a7_': 4.007336974334696, '_a0_': 1.0, '_a2_': 1.0, '_a4_': 1.0, '_a5_': 1.0, '_a6_': 1.0}};{'d0': 0.024905832919416646};-280.569866449044;45.157699542887514
27465;-95.1272336816342;((((_a3_ + x) * (_a1_ * x)) + -(pow3(x))) * (-(_a7_) * _a3_));{'d0': {'_a1_': -0.6238594155871455, '_a3_': 0.8426446042086966, '_a7_': 4.007336974334696, '_a0_': 1.0, '_a2_': 1.0, '_a4_': 1.0, '_a5_': 1.0, '_a6_': 1.0}};{'d0': 0.024905832919416646};-280.569866449044;45.157699542887514
27466;-95.1272336816342;((((_a3_ + x) * (_a1_ * x)) + -(pow3(x))) * (-(_a7_) * _a3_));{'d0': {'_a1_': -0.6238594155871455, '_a3_': 0.8426446042086966, '_a7_': 4.007336974334696, '_a0_': 1.0, '_a2_': 1.0, '_a4_': 1.0, '_a5_': 1.0, '_a6_': 1.0}};{'d0': 0.024905832919416646};-280.569866449044;45.157699542887514
27467;-95.1272336816342;((((_a3_ + x) * (_a1_ * x)) + -(pow3(x))) * (-(_a7_) * _a3_));{'d0': {'_a1_': -0.6238594155871455, '_a3_': 0.8426446042086966, '_a7_': 4.007336974334696, '_a0_': 1.0, '_a2_': 1.0, '_a4_': 1.0, '_a5_': 1.0, '_a6_': 1.0}};{'d0': 0.024905832919416646};-280.569866449044;45.157699542887514
27468;-95.1272336816342;((((_a3_ + x) * (_a1_ * x)) + -(pow3(x))) * (-(_a7_) * _a3_));{'d0': {'_a1_': -0.6238594155871455, '_a3_': 0.8426446042086966, '_a7_': 4.007336974334696, '_a0_': 1.0, '_a2_': 1.0, '_a4_': 1.0, '_a5_': 1.0, '_a6_': 1.0}};{'d0': 0.024905832919416646};-280.569866449044;45.157699542887514
27469;-95.1272336816342;((((_a3_ + x) * (_a1_ * x)) + -(pow3(x))) * (-(_a7_) * _a3_));{'d0': {'_a1_': -0.6238594155871455, '_a3_': 0.8426446042086966, '_a7_': 4.007336974334696, '_a0_': 1.0, '_a2_': 1.0, '_a4_': 1.0, '_a5_': 1.0, '_a6_': 1.0}};{'d0': 0.024905832919416646};-280.569866449044;45.157699542887514
27470;-95.1272336816342;((((_a3_ + x) * (_a1_ * x)) + -(pow3(x))) * (-(_a7_) * _a3_));{'d0': {'_a1_': -0.6238594155871455, '_a3_': 0.8426446042086966, '_a7_': 4.007336974334696, '_a0_': 1.0, '_a2_': 1.0, '_a4_': 1.0, '_a5_': 1.0, '_a6_': 1.0}};{'d0': 0.024905832919416646};-280.569866449044;45.157699542887514
27471;-95.1272336816342;((((_a3_ + x) * (_a1_ * x)) + -(pow3(x))) * (-(_a7_) * _a3_));{'d0': {'_a1_': -0.6238594155871455, '_a3_': 0.8426446042086966, '_a7_': 4.007336974334696, '_a0_': 1.0, '_a2_': 1.0, '_a4_': 1.0, '_a5_': 1.0, '_a6_': 1.0}};{'d0': 0.024905832919416646};-280.569866449044;45.157699542887514
27472;-95.1272336816342;((((_a3_ + x) * (_a1_ * x)) + -(pow3(x))) * (-(_a7_) * _a3_));{'d0': {'_a1_': -0.6238594155871455, '_a3_': 0.8426446042086966, '_a7_': 4.007336974334696, '_a0_': 1.0, '_a2_': 1.0, '_a4_': 1.0, '_a5_': 1.0, '_a6_': 1.0}};{'d0': 0.024905832919416646};-280.569866449044;45.157699542887514
27473;-95.1272336816342;((((_a3_ + x) * (_a1_ * x)) + -(pow3(x))) * (-(_a7_) * _a3_));{'d0': {'_a1_': -0.6238594155871455, '_a3_': 0.8426446042086966, '_a7_': 4.007336974334696, '_a0_': 1.0, '_a2_': 1.0, '_a4_': 1.0, '_a5_': 1.0, '_a6_': 1.0}};{'d0': 0.024905832919416646};-280.569866449044;45.157699542887514
27474;-95.1272336816342;((((_a3_ + x) * (_a1_ * x)) + -(pow3(x))) * (-(_a7_) * _a3_));{'d0': {'_a1_': -0.6238594155871455, '_a3_': 0.8426446042086966, '_a7_': 4.007336974334696, '_a0_': 1.0, '_a2_': 1.0, '_a4_': 1.0, '_a5_': 1.0, '_a6_': 1.0}};{'d0': 0.024905832919416646};-280.569866449044;45.157699542887514
27475;-95.1272336816342;((((_a3_ + x) * (_a1_ * x)) + -(pow3(x))) * (-(_a7_) * _a3_));{'d0': {'_a1_': -0.6238594155871455, '_a3_': 0.8426446042086966, '_a7_': 4.007336974334696, '_a0_': 1.0, '_a2_': 1.0, '_a4_': 1.0, '_a5_': 1.0, '_a6_': 1.0}};{'d0': 0.024905832919416646};-280.569866449044;45.157699542887514
27476;-95.1272336816342;((((_a3_ + x) * (_a1_ * x)) + -(pow3(x))) * (-(_a7_) * _a3_));{'d0': {'_a1_': -0.6238594155871455, '_a3_': 0.8426446042086966, '_a7_': 4.007336974334696, '_a0_': 1.0, '_a2_': 1.0, '_a4_': 1.0, '_a5_': 1.0, '_a6_': 1.0}};{'d0': 0.024905832919416646};-280.569866449044;45.157699542887514
27477;-95.1272336816342;((((_a3_ + x) * (_a1_ * x)) + -(pow3(x))) * (-(_a7_) * _a3_));{'d0': {'_a1_': -0.6238594155871455, '_a3_': 0.8426446042086966, '_a7_': 4.007336974334696, '_a0_': 1.0, '_a2_': 1.0, '_a4_': 1.0, '_a5_': 1.0, '_a6_': 1.0}};{'d0': 0.024905832919416646};-280.569866449044;45.157699542887514
27478;-95.1272336816342;((((_a3_ + x) * (_a1_ * x)) + -(pow3(x))) * (-(_a7_) * _a3_));{'d0': {'_a1_': -0.6238594155871455, '_a3_': 0.8426446042086966, '_a7_': 4.007336974334696, '_a0_': 1.0, '_a2_': 1.0, '_a4_': 1.0, '_a5_': 1.0, '_a6_': 1.0}};{'d0': 0.024905832919416646};-280.569866449044;45.157699542887514
27479;-95.1272336816342;((((_a3_ + x) * (_a1_ * x)) + -(pow3(x))) * (-(_a7_) * _a3_));{'d0': {'_a1_': -0.6238594155871455, '_a3_': 0.8426446042086966, '_a7_': 4.007336974334696, '_a0_': 1.0, '_a2_': 1.0, '_a4_': 1.0, '_a5_': 1.0, '_a6_': 1.0}};{'d0': 0.024905832919416646};-280.569866449044;45.157699542887514
27480;-95.1272336816342;((((_a3_ + x) * (_a1_ * x)) + -(pow3(x))) * (-(_a7_) * _a3_));{'d0': {'_a1_': -0.6238594155871455, '_a3_': 0.8426446042086966, '_a7_': 4.007336974334696, '_a0_': 1.0, '_a2_': 1.0, '_a4_': 1.0, '_a5_': 1.0, '_a6_': 1.0}};{'d0': 0.024905832919416646};-280.569866449044;45.157699542887514
27481;-95.1272336816342;((((_a3_ + x) * (_a1_ * x)) + -(pow3(x))) * (-(_a7_) * _a3_));{'d0': {'_a1_': -0.6238594155871455, '_a3_': 0.8426446042086966, '_a7_': 4.007336974334696, '_a0_': 1.0, '_a2_': 1.0, '_a4_': 1.0, '_a5_': 1.0, '_a6_': 1.0}};{'d0': 0.024905832919416646};-280.569866449044;45.157699542887514
27482;-95.1272336816342;((((_a3_ + x) * (_a1_ * x)) + -(pow3(x))) * (-(_a7_) * _a3_));{'d0': {'_a1_': -0.6238594155871455, '_a3_': 0.8426446042086966, '_a7_': 4.007336974334696, '_a0_': 1.0, '_a2_': 1.0, '_a4_': 1.0, '_a5_': 1.0, '_a6_': 1.0}};{'d0': 0.024905832919416646};-280.569866449044;45.157699542887514
27483;-95.1272336816342;((((_a3_ + x) * (_a1_ * x)) + -(pow3(x))) * (-(_a7_) * _a3_));{'d0': {'_a1_': -0.6238594155871455, '_a3_': 0.8426446042086966, '_a7_': 4.007336974334696, '_a0_': 1.0, '_a2_': 1.0, '_a4_': 1.0, '_a5_': 1.0, '_a6_': 1.0}};{'d0': 0.024905832919416646};-280.569866449044;45.157699542887514
27484;-92.1916191663463;((_a7_ + (pow2((x + pow2(_a5_))) * exp(pow3(_a3_)))) * -(-(x)));{'d0': {'_a3_': 1.0676288747558846, '_a5_': 0.5585066765670806, '_a7_': 1.446576089064759, '_a0_': 1.0, '_a1_': 1.0, '_a2_': 1.0, '_a4_': 1.0, '_a6_': 1.0}};{'d0': 0.02490583291941663};-280.569866449044;48.09331405817551
27485;-92.1916191663463;((_a7_ + (pow2((x + pow2(_a5_))) * exp(pow3(_a3_)))) * -(-(x)));{'d0': {'_a3_': 1.0676288747558846, '_a5_': 0.5585066765670806, '_a7_': 1.446576089064759, '_a0_': 1.0, '_a1_': 1.0, '_a2_': 1.0, '_a4_': 1.0, '_a6_': 1.0}};{'d0': 0.02490583291941663};-280.569866449044;48.09331405817551
27486;-92.1916191663463;((_a7_ + (pow2((x + pow2(_a5_))) * exp(pow3(_a3_)))) * -(-(x)));{'d0': {'_a3_': 1.0676288747558846, '_a5_': 0.5585066765670806, '_a7_': 1.446576089064759, '_a0_': 1.0, '_a1_': 1.0, '_a2_': 1.0, '_a4_': 1.0, '_a6_': 1.0}};{'d0': 0.02490583291941663};-280.569866449044;48.09331405817551
27487;-92.1916191663463;((_a7_ + (pow2((x + pow2(_a5_))) * exp(pow3(_a3_)))) * -(-(x)));{'d0': {'_a3_': 1.0676288747558846, '_a5_': 0.5585066765670806, '_a7_': 1.446576089064759, '_a0_': 1.0, '_a1_': 1.0, '_a2_': 1.0, '_a4_': 1.0, '_a6_': 1.0}};{'d0': 0.02490583291941663};-280.569866449044;48.09331405817551
27488;-92.1916191663463;((_a7_ + (pow2((x + pow2(_a5_))) * exp(pow3(_a3_)))) * -(-(x)));{'d0': {'_a3_': 1.0676288747558846, '_a5_': 0.5585066765670806, '_a7_': 1.446576089064759, '_a0_': 1.0, '_a1_': 1.0, '_a2_': 1.0, '_a4_': 1.0, '_a6_': 1.0}};{'d0': 0.02490583291941663};-280.569866449044;48.09331405817551
27489;-92.1916191663463;((_a7_ + (pow2((x + pow2(_a5_))) * exp(pow3(_a3_)))) * -(-(x)));{'d0': {'_a3_': 1.0676288747558846, '_a5_': 0.5585066765670806, '_a7_': 1.446576089064759, '_a0_': 1.0, '_a1_': 1.0, '_a2_': 1.0, '_a4_': 1.0, '_a6_': 1.0}};{'d0': 0.02490583291941663};-280.569866449044;48.09331405817551
27490;-92.1916191663463;((_a7_ + (pow2((x + pow2(_a5_))) * exp(pow3(_a3_)))) * -(-(x)));{'d0': {'_a3_': 1.0676288747558846, '_a5_': 0.5585066765670806, '_a7_': 1.446576089064759, '_a0_': 1.0, '_a1_': 1.0, '_a2_': 1.0, '_a4_': 1.0, '_a6_': 1.0}};{'d0': 0.02490583291941663};-280.569866449044;48.09331405817551
27491;-92.1916191663463;((_a7_ + (pow2((x + pow2(_a5_))) * exp(pow3(_a3_)))) * -(-(x)));{'d0': {'_a3_': 1.0676288747558846, '_a5_': 0.5585066765670806, '_a7_': 1.446576089064759, '_a0_': 1.0, '_a1_': 1.0, '_a2_': 1.0, '_a4_': 1.0, '_a6_': 1.0}};{'d0': 0.02490583291941663};-280.569866449044;48.09331405817551
27492;-92.1916191663463;((_a7_ + (pow2((x + pow2(_a5_))) * exp(pow3(_a3_)))) * -(-(x)));{'d0': {'_a3_': 1.0676288747558846, '_a5_': 0.5585066765670806, '_a7_': 1.446576089064759, '_a0_': 1.0, '_a1_': 1.0, '_a2_': 1.0, '_a4_': 1.0, '_a6_': 1.0}};{'d0': 0.02490583291941663};-280.569866449044;48.09331405817551
27493;-92.1916191663463;((_a7_ + (pow2((x + pow2(_a5_))) * exp(pow3(_a3_)))) * -(-(x)));{'d0': {'_a3_': 1.0676288747558846, '_a5_': 0.5585066765670806, '_a7_': 1.446576089064759, '_a0_': 1.0, '_a1_': 1.0, '_a2_': 1.0, '_a4_': 1.0, '_a6_': 1.0}};{'d0': 0.02490583291941663};-280.569866449044;48.09331405817551
27494;-92.1916191663463;((_a7_ + (pow2((x + pow2(_a5_))) * exp(pow3(_a3_)))) * -(-(x)));{'d0': {'_a3_': 1.0676288747558846, '_a5_': 0.5585066765670806, '_a7_': 1.446576089064759, '_a0_': 1.0, '_a1_': 1.0, '_a2_': 1.0, '_a4_': 1.0, '_a6_': 1.0}};{'d0': 0.02490583291941663};-280.569866449044;48.09331405817551
27495;-92.1916191663463;((_a7_ + (pow2((x + pow2(_a5_))) * exp(pow3(_a3_)))) * -(-(x)));{'d0': {'_a3_': 1.0676288747558846, '_a5_': 0.5585066765670806, '_a7_': 1.446576089064759, '_a0_': 1.0, '_a1_': 1.0, '_a2_': 1.0, '_a4_': 1.0, '_a6_': 1.0}};{'d0': 0.02490583291941663};-280.569866449044;48.09331405817551
27496;-92.1916191663463;((_a7_ + (pow2((x + pow2(_a5_))) * exp(pow3(_a3_)))) * -(-(x)));{'d0': {'_a3_': 1.0676288747558846, '_a5_': 0.5585066765670806, '_a7_': 1.446576089064759, '_a0_': 1.0, '_a1_': 1.0, '_a2_': 1.0, '_a4_': 1.0, '_a6_': 1.0}};{'d0': 0.02490583291941663};-280.569866449044;48.09331405817551
27497;-92.1916191663463;((_a7_ + (pow2((x + pow2(_a5_))) * exp(pow3(_a3_)))) * -(-(x)));{'d0': {'_a3_': 1.0676288747558846, '_a5_': 0.5585066765670806, '_a7_': 1.446576089064759, '_a0_': 1.0, '_a1_': 1.0, '_a2_': 1.0, '_a4_': 1.0, '_a6_': 1.0}};{'d0': 0.02490583291941663};-280.569866449044;48.09331405817551
27498;-92.1916191663463;((_a7_ + (pow2((x + pow2(_a5_))) * exp(pow3(_a3_)))) * -(-(x)));{'d0': {'_a3_': 1.0676288747558846, '_a5_': 0.5585066765670806, '_a7_': 1.446576089064759, '_a0_': 1.0, '_a1_': 1.0, '_a2_': 1.0, '_a4_': 1.0, '_a6_': 1.0}};{'d0': 0.02490583291941663};-280.569866449044;48.09331405817551
27499;-92.1916191663463;((_a7_ + (pow2((x + pow2(_a5_))) * exp(pow3(_a3_)))) * -(-(x)));{'d0': {'_a3_': 1.0676288747558846, '_a5_': 0.5585066765670806, '_a7_': 1.446576089064759, '_a0_': 1.0, '_a1_': 1.0, '_a2_': 1.0, '_a4_': 1.0, '_a6_': 1.0}};{'d0': 0.02490583291941663};-280.569866449044;48.09331405817551
27500;-92.1916191663463;((_a7_ + (pow2((x + pow2(_a5_))) * exp(pow3(_a3_)))) * -(-(x)));{'d0': {'_a3_': 1.0676288747558846, '_a5_': 0.5585066765670806, '_a7_': 1.446576089064759, '_a0_': 1.0, '_a1_': 1.0, '_a2_': 1.0, '_a4_': 1.0, '_a6_': 1.0}};{'d0': 0.02490583291941663};-280.569866449044;48.09331405817551
27501;-92.1916191663463;((_a7_ + (pow2((x + pow2(_a5_))) * exp(pow3(_a3_)))) * -(-(x)));{'d0': {'_a3_': 1.0676288747558846, '_a5_': 0.5585066765670806, '_a7_': 1.446576089064759, '_a0_': 1.0, '_a1_': 1.0, '_a2_': 1.0, '_a4_': 1.0, '_a6_': 1.0}};{'d0': 0.02490583291941663};-280.569866449044;48.09331405817551
27502;-92.1916191663463;((_a7_ + (pow2((x + pow2(_a5_))) * exp(pow3(_a3_)))) * -(-(x)));{'d0': {'_a3_': 1.0676288747558846, '_a5_': 0.5585066765670806, '_a7_': 1.446576089064759, '_a0_': 1.0, '_a1_': 1.0, '_a2_': 1.0, '_a4_': 1.0, '_a6_': 1.0}};{'d0': 0.02490583291941663};-280.569866449044;48.09331405817551
27503;-92.1916191663463;((_a7_ + (pow2((x + pow2(_a5_))) * exp(pow3(_a3_)))) * -(-(x)));{'d0': {'_a3_': 1.0676288747558846, '_a5_': 0.5585066765670806, '_a7_': 1.446576089064759, '_a0_': 1.0, '_a1_': 1.0, '_a2_': 1.0, '_a4_': 1.0, '_a6_': 1.0}};{'d0': 0.02490583291941663};-280.569866449044;48.09331405817551
27504;-92.1916191663463;((_a7_ + (pow2((x + pow2(_a5_))) * exp(pow3(_a3_)))) * -(-(x)));{'d0': {'_a3_': 1.0676288747558846, '_a5_': 0.5585066765670806, '_a7_': 1.446576089064759, '_a0_': 1.0, '_a1_': 1.0, '_a2_': 1.0, '_a4_': 1.0, '_a6_': 1.0}};{'d0': 0.02490583291941663};-280.569866449044;48.09331405817551
27505;-92.1916191663463;((_a7_ + (pow2((x + pow2(_a5_))) * exp(pow3(_a3_)))) * -(-(x)));{'d0': {'_a3_': 1.0676288747558846, '_a5_': 0.5585066765670806, '_a7_': 1.446576089064759, '_a0_': 1.0, '_a1_': 1.0, '_a2_': 1.0, '_a4_': 1.0, '_a6_': 1.0}};{'d0': 0.02490583291941663};-280.569866449044;48.09331405817551
27506;-92.1916191663463;((_a7_ + (pow2((x + pow2(_a5_))) * exp(pow3(_a3_)))) * -(-(x)));{'d0': {'_a3_': 1.0676288747558846, '_a5_': 0.5585066765670806, '_a7_': 1.446576089064759, '_a0_': 1.0, '_a1_': 1.0, '_a2_': 1.0, '_a4_': 1.0, '_a6_': 1.0}};{'d0': 0.02490583291941663};-280.569866449044;48.09331405817551
27507;-92.1916191663463;((_a7_ + (pow2((x + pow2(_a5_))) * exp(pow3(_a3_)))) * -(-(x)));{'d0': {'_a3_': 1.0676288747558846, '_a5_': 0.5585066765670806, '_a7_': 1.446576089064759, '_a0_': 1.0, '_a1_': 1.0, '_a2_': 1.0, '_a4_': 1.0, '_a6_': 1.0}};{'d0': 0.02490583291941663};-280.569866449044;48.09331405817551
27508;-92.1916191663463;((_a7_ + (pow2((x + pow2(_a5_))) * exp(pow3(_a3_)))) * -(-(x)));{'d0': {'_a3_': 1.0676288747558846, '_a5_': 0.5585066765670806, '_a7_': 1.446576089064759, '_a0_': 1.0, '_a1_': 1.0, '_a2_': 1.0, '_a4_': 1.0, '_a6_': 1.0}};{'d0': 0.02490583291941663};-280.569866449044;48.09331405817551
27509;-92.1916191663463;((_a7_ + (pow2((x + pow2(_a5_))) * exp(pow3(_a3_)))) * -(-(x)));{'d0': {'_a3_': 1.0676288747558846, '_a5_': 0.5585066765670806, '_a7_': 1.446576089064759, '_a0_': 1.0, '_a1_': 1.0, '_a2_': 1.0, '_a4_': 1.0, '_a6_': 1.0}};{'d0': 0.02490583291941663};-280.569866449044;48.09331405817551
27510;-92.1916191663463;((_a7_ + (pow2((x + pow2(_a5_))) * exp(pow3(_a3_)))) * -(-(x)));{'d0': {'_a3_': 1.0676288747558846, '_a5_': 0.5585066765670806, '_a7_': 1.446576089064759, '_a0_': 1.0, '_a1_': 1.0, '_a2_': 1.0, '_a4_': 1.0, '_a6_': 1.0}};{'d0': 0.02490583291941663};-280.569866449044;48.09331405817551
27511;-92.1916191663463;((_a7_ + (pow2((x + pow2(_a5_))) * exp(pow3(_a3_)))) * -(-(x)));{'d0': {'_a3_': 1.0676288747558846, '_a5_': 0.5585066765670806, '_a7_': 1.446576089064759, '_a0_': 1.0, '_a1_': 1.0, '_a2_': 1.0, '_a4_': 1.0, '_a6_': 1.0}};{'d0': 0.02490583291941663};-280.569866449044;48.09331405817551
27512;-92.1916191663463;((_a7_ + (pow2((x + pow2(_a5_))) * exp(pow3(_a3_)))) * -(-(x)));{'d0': {'_a3_': 1.0676288747558846, '_a5_': 0.5585066765670806, '_a7_': 1.446576089064759, '_a0_': 1.0, '_a1_': 1.0, '_a2_': 1.0, '_a4_': 1.0, '_a6_': 1.0}};{'d0': 0.02490583291941663};-280.569866449044;48.09331405817551
27513;-92.1916191663463;((_a7_ + (pow2((x + pow2(_a5_))) * exp(pow3(_a3_)))) * -(-(x)));{'d0': {'_a3_': 1.0676288747558846, '_a5_': 0.5585066765670806, '_a7_': 1.446576089064759, '_a0_': 1.0, '_a1_': 1.0, '_a2_': 1.0, '_a4_': 1.0, '_a6_': 1.0}};{'d0': 0.02490583291941663};-280.569866449044;48.09331405817551
27514;-95.8895536389564;((_a7_ + (pow2((x + _a4_)) * exp(pow3(_a3_)))) * -(-(x)));{'d0': {'_a3_': 1.0676288747025424, '_a4_': 0.31192970765329503, '_a7_': 1.4465760898401976, '_a0_': 1.0, '_a1_': 1.0, '_a2_': 1.0, '_a5_': 1.0, '_a6_': 1.0}};{'d0': 0.024905832919416587};-280.569866449044;44.39537958556551
27515;-95.8895536389564;((_a7_ + (pow2((x + _a4_)) * exp(pow3(_a3_)))) * -(-(x)));{'d0': {'_a3_': 1.0676288747025424, '_a4_': 0.31192970765329503, '_a7_': 1.4465760898401976, '_a0_': 1.0, '_a1_': 1.0, '_a2_': 1.0, '_a5_': 1.0, '_a6_': 1.0}};{'d0': 0.024905832919416587};-280.569866449044;44.39537958556551
27516;-95.8895536389564;((_a7_ + (pow2((x + _a4_)) * exp(pow3(_a3_)))) * -(-(x)));{'d0': {'_a3_': 1.0676288747025424, '_a4_': 0.31192970765329503, '_a7_': 1.4465760898401976, '_a0_': 1.0, '_a1_': 1.0, '_a2_': 1.0, '_a5_': 1.0, '_a6_': 1.0}};{'d0': 0.024905832919416587};-280.569866449044;44.39537958556551
27517;-95.8895536389564;((_a7_ + (pow2((x + _a4_)) * exp(pow3(_a3_)))) * -(-(x)));{'d0': {'_a3_': 1.0676288747025424, '_a4_': 0.31192970765329503, '_a7_': 1.4465760898401976, '_a0_': 1.0, '_a1_': 1.0, '_a2_': 1.0, '_a5_': 1.0, '_a6_': 1.0}};{'d0': 0.024905832919416587};-280.569866449044;44.39537958556551
27518;-95.8895536389564;((_a7_ + (pow2((x + _a4_)) * exp(pow3(_a3_)))) * -(-(x)));{'d0': {'_a3_': 1.0676288747025424, '_a4_': 0.31192970765329503, '_a7_': 1.4465760898401976, '_a0_': 1.0, '_a1_': 1.0, '_a2_': 1.0, '_a5_': 1.0, '_a6_': 1.0}};{'d0': 0.024905832919416587};-280.569866449044;44.39537958556551
27519;-95.8895536389564;((_a7_ + (pow2((x + _a4_)) * exp(pow3(_a3_)))) * -(-(x)));{'d0': {'_a3_': 1.0676288747025424, '_a4_': 0.31192970765329503, '_a7_': 1.4465760898401976, '_a0_': 1.0, '_a1_': 1.0, '_a2_': 1.0, '_a5_': 1.0, '_a6_': 1.0}};{'d0': 0.024905832919416587};-280.569866449044;44.39537958556551
27520;-95.8895536389564;((_a7_ + (pow2((x + _a4_)) * exp(pow3(_a3_)))) * -(-(x)));{'d0': {'_a3_': 1.0676288747025424, '_a4_': 0.31192970765329503, '_a7_': 1.4465760898401976, '_a0_': 1.0, '_a1_': 1.0, '_a2_': 1.0, '_a5_': 1.0, '_a6_': 1.0}};{'d0': 0.024905832919416587};-280.569866449044;44.39537958556551
27521;-95.8895536389564;((_a7_ + (pow2((x + _a4_)) * exp(pow3(_a3_)))) * -(-(x)));{'d0': {'_a3_': 1.0676288747025424, '_a4_': 0.31192970765329503, '_a7_': 1.4465760898401976, '_a0_': 1.0, '_a1_': 1.0, '_a2_': 1.0, '_a5_': 1.0, '_a6_': 1.0}};{'d0': 0.024905832919416587};-280.569866449044;44.39537958556551
27522;-96.5618346523363;((_a7_ + (pow2((x + _a4_)) * exp((_a1_ + _a4_)))) * -(-(x)));{'d0': {'_a1_': 0.9049872222089244, '_a4_': 0.31192970786939134, '_a7_': 1.4465760894773518, '_a0_': 1.0, '_a2_': 1.0, '_a3_': 1.0, '_a5_': 1.0, '_a6_': 1.0}};{'d0': 0.024905832919416643};-280.569866449044;43.723098572185506
27523;-96.5618346523363;((_a7_ + (pow2((x + _a4_)) * exp((_a1_ + _a4_)))) * -(-(x)));{'d0': {'_a1_': 0.9049872222089244, '_a4_': 0.31192970786939134, '_a7_': 1.4465760894773518, '_a0_': 1.0, '_a2_': 1.0, '_a3_': 1.0, '_a5_': 1.0, '_a6_': 1.0}};{'d0': 0.024905832919416643};-280.569866449044;43.723098572185506
27524;-96.5618346523363;((_a7_ + (pow2((x + _a4_)) * exp((_a1_ + _a4_)))) * -(-(x)));{'d0': {'_a1_': 0.9049872222089244, '_a4_': 0.31192970786939134, '_a7_': 1.4465760894773518, '_a0_': 1.0, '_a2_': 1.0, '_a3_': 1.0, '_a5_': 1.0, '_a6_': 1.0}};{'d0': 0.024905832919416643};-280.569866449044;43.723098572185506
27525;-96.5618346523363;((_a7_ + (pow2((x + _a4_)) * exp((_a1_ + _a4_)))) * -(-(x)));{'d0': {'_a1_': 0.9049872222089244, '_a4_': 0.31192970786939134, '_a7_': 1.4465760894773518, '_a0_': 1.0, '_a2_': 1.0, '_a3_': 1.0, '_a5_': 1.0, '_a6_': 1.0}};{'d0': 0.024905832919416643};-280.569866449044;43.723098572185506
27526;-96.5618346523363;((_a7_ + (pow2((x + _a4_)) * exp((_a1_ + _a4_)))) * -(-(x)));{'d0': {'_a1_': 0.9049872222089244, '_a4_': 0.31192970786939134, '_a7_': 1.4465760894773518, '_a0_': 1.0, '_a2_': 1.0, '_a3_': 1.0, '_a5_': 1.0, '_a6_': 1.0}};{'d0': 0.024905832919416643};-280.569866449044;43.723098572185506
27527;-96.6821439349639;((_a7_ + (pow2((x + _a4_)) * exp((_a1_ / _a4_)))) * -(-(x)));{'d0': {'_a1_': 0.3795925424298753, '_a4_': 0.3119297078655022, '_a7_': 1.4465760896206576, '_a0_': 1.0, '_a2_': 1.0, '_a3_': 1.0, '_a5_': 1.0, '_a6_': 1.0}};{'d0': 0.02490583291941667};-280.569866449043;43.602789289557904
27528;-96.6821439349639;((_a7_ + (pow2((x + _a4_)) * exp((_a1_ / _a4_)))) * -(-(x)));{'d0': {'_a1_': 0.3795925424298753, '_a4_': 0.3119297078655022, '_a7_': 1.4465760896206576, '_a0_': 1.0, '_a2_': 1.0, '_a3_': 1.0, '_a5_': 1.0, '_a6_': 1.0}};{'d0': 0.02490583291941667};-280.569866449043;43.602789289557904
27529;-97.1425726908464;((_a7_ + (pow2((x + _a4_)) * exp(sqrt(_a1_)))) * -(-(x)));{'d0': {'_a1_': 1.4808868179593193, '_a4_': 0.31192970789432534, '_a7_': 1.4465760891932107, '_a0_': 1.0, '_a2_': 1.0, '_a3_': 1.0, '_a5_': 1.0, '_a6_': 1.0}};{'d0': 0.024905832919416584};-280.569866449044;43.14236053367551
27530;-97.1425726908464;((_a7_ + (pow2((x + _a4_)) * exp(sqrt(_a1_)))) * -(-(x)));{'d0': {'_a1_': 1.4808868179593193, '_a4_': 0.31192970789432534, '_a7_': 1.4465760891932107, '_a0_': 1.0, '_a2_': 1.0, '_a3_': 1.0, '_a5_': 1.0, '_a6_': 1.0}};{'d0': 0.024905832919416584};-280.569866449044;43.14236053367551
27531;-97.1425726908464;((_a7_ + (pow2((x + _a4_)) * exp(sqrt(_a1_)))) * -(-(x)));{'d0': {'_a1_': 1.4808868179593193, '_a4_': 0.31192970789432534, '_a7_': 1.4465760891932107, '_a0_': 1.0, '_a2_': 1.0, '_a3_': 1.0, '_a5_': 1.0, '_a6_': 1.0}};{'d0': 0.024905832919416584};-280.569866449044;43.14236053367551
27532;-97.7608909777166;-((((_a3_ + pow2((x + (_a2_ / _a1_)))) * (_a6_ + _a6_)) * x));{'d0': {'_a1_': 0.7502645984058011, '_a2_': 0.23402980884465654, '_a3_': 0.42839162752518845, '_a6_': -1.6883804412019845, '_a0_': 1.0, '_a4_': 1.0, '_a5_': 1.0, '_a7_': 1.0}};{'d0': 0.024905832919439513};-276.475521886766;40.47686996566689
27533;-97.7608909777166;-((((_a3_ + pow2((x + (_a2_ / _a1_)))) * (_a6_ + _a6_)) * x));{'d0': {'_a1_': 0.7502645984058011, '_a2_': 0.23402980884465654, '_a3_': 0.42839162752518845, '_a6_': -1.6883804412019845, '_a0_': 1.0, '_a4_': 1.0, '_a5_': 1.0, '_a7_': 1.0}};{'d0': 0.024905832919439513};-276.475521886766;40.47686996566689
27534;-99.0154729628476;-((((_a3_ + pow2((x + pow3(_a7_)))) * (_a6_ + _a6_)) * x));{'d0': {'_a3_': 0.42839162736193304, '_a6_': -1.6883804401663691, '_a7_': 0.678191349783742, '_a0_': 1.0, '_a1_': 1.0, '_a2_': 1.0, '_a4_': 1.0, '_a5_': 1.0}};{'d0': 0.024905832919416667};-280.569866449044;41.269460261674496
27535;-99.0154729628476;-((((_a3_ + pow2((x + pow3(_a7_)))) * (_a6_ + _a6_)) * x));{'d0': {'_a3_': 0.42839162736193304, '_a6_': -1.6883804401663691, '_a7_': 0.678191349783742, '_a0_': 1.0, '_a1_': 1.0, '_a2_': 1.0, '_a4_': 1.0, '_a5_': 1.0}};{'d0': 0.024905832919416667};-280.569866449044;41.269460261674496
27536;-99.0154729628476;-((((_a3_ + pow2((x + pow3(_a7_)))) * (_a6_ + _a6_)) * x));{'d0': {'_a3_': 0.42839162736193304, '_a6_': -1.6883804401663691, '_a7_': 0.678191349783742, '_a0_': 1.0, '_a1_': 1.0, '_a2_': 1.0, '_a4_': 1.0, '_a5_': 1.0}};{'d0': 0.024905832919416667};-280.569866449044;41.269460261674496
27537;-99.0154729628476;-((((_a3_ + pow2((x + pow3(_a7_)))) * (_a6_ + _a6_)) * x));{'d0': {'_a3_': 0.42839162736193304, '_a6_': -1.6883804401663691, '_a7_': 0.678191349783742, '_a0_': 1.0, '_a1_': 1.0, '_a2_': 1.0, '_a4_': 1.0, '_a5_': 1.0}};{'d0': 0.024905832919416667};-280.569866449044;41.269460261674496
27538;-99.0154729628476;-((((_a3_ + pow2((x + pow3(_a7_)))) * (_a6_ + _a6_)) * x));{'d0': {'_a3_': 0.42839162736193304, '_a6_': -1.6883804401663691, '_a7_': 0.678191349783742, '_a0_': 1.0, '_a1_': 1.0, '_a2_': 1.0, '_a4_': 1.0, '_a5_': 1.0}};{'d0': 0.024905832919416667};-280.569866449044;41.269460261674496
27539;-95.3350207245865;-((((-(_a2_) + pow2((x + pow3(_a7_)))) * (_a6_ + _a6_)) * x));{'d0': {'_a2_': -0.4283916279797871, '_a6_': -1.6883804387134007, '_a7_': 0.6781913497912119, '_a0_': 1.0, '_a1_': 1.0, '_a3_': 1.0, '_a4_': 1.0, '_a5_': 1.0}};{'d0': 0.02490583291941661};-280.569866449044;44.949912499935664
27540;-95.3350207245865;-((((-(_a2_) + pow2((x + pow3(_a7_)))) * (_a6_ + _a6_)) * x));{'d0': {'_a2_': -0.4283916279797871, '_a6_': -1.6883804387134007, '_a7_': 0.6781913497912119, '_a0_': 1.0, '_a1_': 1.0, '_a3_': 1.0, '_a4_': 1.0, '_a5_': 1.0}};{'d0': 0.02490583291941661};-280.569866449044;44.949912499935664
27541;-95.3350207245865;-((((-(_a2_) + pow2((x + pow3(_a7_)))) * (_a6_ + _a6_)) * x));{'d0': {'_a2_': -0.4283916279797871, '_a6_': -1.6883804387134007, '_a7_': 0.6781913497912119, '_a0_': 1.0, '_a1_': 1.0, '_a3_': 1.0, '_a4_': 1.0, '_a5_': 1.0}};{'d0': 0.02490583291941661};-280.569866449044;44.949912499935664
27542;-101.255621773616;-((((-(_a2_) + pow2((x + pow3(_a7_)))) * _a4_) * x));{'d0': {'_a2_': -0.4283916278254402, '_a4_': -3.3767608780644105, '_a7_': 0.6781913497719798, '_a0_': 1.0, '_a1_': 1.0, '_a3_': 1.0, '_a5_': 1.0, '_a6_': 1.0}};{'d0': 0.024905832919416608};-280.569866449044;39.02931145090567
27543;-96.6186581464306;(((pow2((_a3_ + ((x + _a7_) * _a3_))) ** sqrt(_a2_)) + _a1_) * x);{'d0': {'_a1_': 1.4667758811644802, '_a2_': 1.0962933938060995, '_a3_': -1.8087113281114382, '_a7_': -0.6899087862760112, '_a0_': 1.0, '_a4_': 1.0, '_a5_': 1.0, '_a6_': 1.0}};{'d0': 0.02378537057295653};-279.237401084109;43.00004239562396
27544;-96.6186581464306;(((pow2((_a3_ + ((x + _a7_) * _a3_))) ** sqrt(_a2_)) + _a1_) * x);{'d0': {'_a1_': 1.4667758811644802, '_a2_': 1.0962933938060995, '_a3_': -1.8087113281114382, '_a7_': -0.6899087862760112, '_a0_': 1.0, '_a4_': 1.0, '_a5_': 1.0, '_a6_': 1.0}};{'d0': 0.02378537057295653};-279.237401084109;43.00004239562396
27545;-96.6186581464306;(((pow2((_a3_ + ((x + _a7_) * _a3_))) ** sqrt(_a2_)) + _a1_) * x);{'d0': {'_a1_': 1.4667758811644802, '_a2_': 1.0962933938060995, '_a3_': -1.8087113281114382, '_a7_': -0.6899087862760112, '_a0_': 1.0, '_a4_': 1.0, '_a5_': 1.0, '_a6_': 1.0}};{'d0': 0.02378537057295653};-279.237401084109;43.00004239562396
27546;-96.6186581464306;(((pow2((_a3_ + ((x + _a7_) * _a3_))) ** sqrt(_a2_)) + _a1_) * x);{'d0': {'_a1_': 1.4667758811644802, '_a2_': 1.0962933938060995, '_a3_': -1.8087113281114382, '_a7_': -0.6899087862760112, '_a0_': 1.0, '_a4_': 1.0, '_a5_': 1.0, '_a6_': 1.0}};{'d0': 0.02378537057295653};-279.237401084109;43.00004239562396
27547;-96.6186581464306;(((pow2((_a3_ + ((x + _a7_) * _a3_))) ** sqrt(_a2_)) + _a1_) * x);{'d0': {'_a1_': 1.4667758811644802, '_a2_': 1.0962933938060995, '_a3_': -1.8087113281114382, '_a7_': -0.6899087862760112, '_a0_': 1.0, '_a4_': 1.0, '_a5_': 1.0, '_a6_': 1.0}};{'d0': 0.02378537057295653};-279.237401084109;43.00004239562396
27548;-96.6186581464306;(((pow2((_a3_ + ((x + _a7_) * _a3_))) ** sqrt(_a2_)) + _a1_) * x);{'d0': {'_a1_': 1.4667758811644802, '_a2_': 1.0962933938060995, '_a3_': -1.8087113281114382, '_a7_': -0.6899087862760112, '_a0_': 1.0, '_a4_': 1.0, '_a5_': 1.0, '_a6_': 1.0}};{'d0': 0.02378537057295653};-279.237401084109;43.00004239562396
27549;-96.6186581464306;(((pow2((_a3_ + ((x + _a7_) * _a3_))) ** sqrt(_a2_)) + _a1_) * x);{'d0': {'_a1_': 1.4667758811644802, '_a2_': 1.0962933938060995, '_a3_': -1.8087113281114382, '_a7_': -0.6899087862760112, '_a0_': 1.0, '_a4_': 1.0, '_a5_': 1.0, '_a6_': 1.0}};{'d0': 0.02378537057295653};-279.237401084109;43.00004239562396
27550;-96.6186581464306;(((pow2((_a3_ + ((x + _a7_) * _a3_))) ** sqrt(_a2_)) + _a1_) * x);{'d0': {'_a1_': 1.4667758811644802, '_a2_': 1.0962933938060995, '_a3_': -1.8087113281114382, '_a7_': -0.6899087862760112, '_a0_': 1.0, '_a4_': 1.0, '_a5_': 1.0, '_a6_': 1.0}};{'d0': 0.02378537057295653};-279.237401084109;43.00004239562396
27551;-96.6186581464306;(((pow2((_a3_ + ((x + _a7_) * _a3_))) ** sqrt(_a2_)) + _a1_) * x);{'d0': {'_a1_': 1.4667758811644802, '_a2_': 1.0962933938060995, '_a3_': -1.8087113281114382, '_a7_': -0.6899087862760112, '_a0_': 1.0, '_a4_': 1.0, '_a5_': 1.0, '_a6_': 1.0}};{'d0': 0.02378537057295653};-279.237401084109;43.00004239562396
27552;-96.6186581464306;(((pow2((_a3_ + ((x + _a7_) * _a3_))) ** sqrt(_a2_)) + _a1_) * x);{'d0': {'_a1_': 1.4667758811644802, '_a2_': 1.0962933938060995, '_a3_': -1.8087113281114382, '_a7_': -0.6899087862760112, '_a0_': 1.0, '_a4_': 1.0, '_a5_': 1.0, '_a6_': 1.0}};{'d0': 0.02378537057295653};-279.237401084109;43.00004239562396
27553;-96.6186581464306;(((pow2((_a3_ + ((x + _a7_) * _a3_))) ** sqrt(_a2_)) + _a1_) * x);{'d0': {'_a1_': 1.4667758811644802, '_a2_': 1.0962933938060995, '_a3_': -1.8087113281114382, '_a7_': -0.6899087862760112, '_a0_': 1.0, '_a4_': 1.0, '_a5_': 1.0, '_a6_': 1.0}};{'d0': 0.02378537057295653};-279.237401084109;43.00004239562396
27554;-96.6186581464306;(((pow2((_a3_ + ((x + _a7_) * _a3_))) ** sqrt(_a2_)) + _a1_) * x);{'d0': {'_a1_': 1.4667758811644802, '_a2_': 1.0962933938060995, '_a3_': -1.8087113281114382, '_a7_': -0.6899087862760112, '_a0_': 1.0, '_a4_': 1.0, '_a5_': 1.0, '_a6_': 1.0}};{'d0': 0.02378537057295653};-279.237401084109;43.00004239562396
27555;-96.6186581464306;(((pow2((_a3_ + ((x + _a7_) * _a3_))) ** sqrt(_a2_)) + _a1_) * x);{'d0': {'_a1_': 1.4667758811644802, '_a2_': 1.0962933938060995, '_a3_': -1.8087113281114382, '_a7_': -0.6899087862760112, '_a0_': 1.0, '_a4_': 1.0, '_a5_': 1.0, '_a6_': 1.0}};{'d0': 0.02378537057295653};-279.237401084109;43.00004239562396
27556;-96.6186581464306;(((pow2((_a3_ + ((x + _a7_) * _a3_))) ** sqrt(_a2_)) + _a1_) * x);{'d0': {'_a1_': 1.4667758811644802, '_a2_': 1.0962933938060995, '_a3_': -1.8087113281114382, '_a7_': -0.6899087862760112, '_a0_': 1.0, '_a4_': 1.0, '_a5_': 1.0, '_a6_': 1.0}};{'d0': 0.02378537057295653};-279.237401084109;43.00004239562396
27557;-96.6186581464306;(((pow2((_a3_ + ((x + _a7_) * _a3_))) ** sqrt(_a2_)) + _a1_) * x);{'d0': {'_a1_': 1.4667758811644802, '_a2_': 1.0962933938060995, '_a3_': -1.8087113281114382, '_a7_': -0.6899087862760112, '_a0_': 1.0, '_a4_': 1.0, '_a5_': 1.0, '_a6_': 1.0}};{'d0': 0.02378537057295653};-279.237401084109;43.00004239562396
27558;-96.6186581464306;(((pow2((_a3_ + ((x + _a7_) * _a3_))) ** sqrt(_a2_)) + _a1_) * x);{'d0': {'_a1_': 1.4667758811644802, '_a2_': 1.0962933938060995, '_a3_': -1.8087113281114382, '_a7_': -0.6899087862760112, '_a0_': 1.0, '_a4_': 1.0, '_a5_': 1.0, '_a6_': 1.0}};{'d0': 0.02378537057295653};-279.237401084109;43.00004239562396
27559;-96.6186581464306;(((pow2((_a3_ + ((x + _a7_) * _a3_))) ** sqrt(_a2_)) + _a1_) * x);{'d0': {'_a1_': 1.4667758811644802, '_a2_': 1.0962933938060995, '_a3_': -1.8087113281114382, '_a7_': -0.6899087862760112, '_a0_': 1.0, '_a4_': 1.0, '_a5_': 1.0, '_a6_': 1.0}};{'d0': 0.02378537057295653};-279.237401084109;43.00004239562396
27560;-90.8183663798285;(((pow2(((_a2_ / _a7_) + ((x + _a7_) * _a3_))) ** sqrt(_a2_)) + _a1_) * x);{'d0': {'_a1_': 1.46677601559773, '_a2_': 1.096294092169334, '_a3_': -1.8087111351524932, '_a7_': -0.6387793728944093, '_a0_': 1.0, '_a4_': 1.0, '_a5_': 1.0, '_a6_': 1.0}};{'d0': 0.023785370573114903};-279.237401083710;48.80033416202636
27561;-90.8183663798285;(((pow2(((_a2_ / _a7_) + ((x + _a7_) * _a3_))) ** sqrt(_a2_)) + _a1_) * x);{'d0': {'_a1_': 1.46677601559773, '_a2_': 1.096294092169334, '_a3_': -1.8087111351524932, '_a7_': -0.6387793728944093, '_a0_': 1.0, '_a4_': 1.0, '_a5_': 1.0, '_a6_': 1.0}};{'d0': 0.023785370573114903};-279.237401083710;48.80033416202636
27562;-90.8183663798285;(((pow2(((_a2_ / _a7_) + ((x + _a7_) * _a3_))) ** sqrt(_a2_)) + _a1_) * x);{'d0': {'_a1_': 1.46677601559773, '_a2_': 1.096294092169334, '_a3_': -1.8087111351524932, '_a7_': -0.6387793728944093, '_a0_': 1.0, '_a4_': 1.0, '_a5_': 1.0, '_a6_': 1.0}};{'d0': 0.023785370573114903};-279.237401083710;48.80033416202636
27563;-90.8183663798285;(((pow2(((_a2_ / _a7_) + ((x + _a7_) * _a3_))) ** sqrt(_a2_)) + _a1_) * x);{'d0': {'_a1_': 1.46677601559773, '_a2_': 1.096294092169334, '_a3_': -1.8087111351524932, '_a7_': -0.6387793728944093, '_a0_': 1.0, '_a4_': 1.0, '_a5_': 1.0, '_a6_': 1.0}};{'d0': 0.023785370573114903};-279.237401083710;48.80033416202636
27564;-90.8183663798285;(((pow2(((_a2_ / _a7_) + ((x + _a7_) * _a3_))) ** sqrt(_a2_)) + _a1_) * x);{'d0': {'_a1_': 1.46677601559773, '_a2_': 1.096294092169334, '_a3_': -1.8087111351524932, '_a7_': -0.6387793728944093, '_a0_': 1.0, '_a4_': 1.0, '_a5_': 1.0, '_a6_': 1.0}};{'d0': 0.023785370573114903};-279.237401083710;48.80033416202636
27565;-101.255621773616;-((((-(_a2_) + pow2((x + pow3(_a7_)))) * _a4_) * x));{'d0': {'_a2_': -0.4283916278254402, '_a4_': -3.3767608780644105, '_a7_': 0.6781913497719798, '_a0_': 1.0, '_a1_': 1.0, '_a3_': 1.0, '_a5_': 1.0, '_a6_': 1.0}};{'d0': 0.024905832919416608};-280.569866449044;39.02931145090567
27566;-101.255621773616;-((((-(_a2_) + pow2((x + pow3(_a7_)))) * _a4_) * x));{'d0': {'_a2_': -0.4283916278254402, '_a4_': -3.3767608780644105, '_a7_': 0.6781913497719798, '_a0_': 1.0, '_a1_': 1.0, '_a3_': 1.0, '_a5_': 1.0, '_a6_': 1.0}};{'d0': 0.024905832919416608};-280.569866449044;39.02931145090567
27567;-102.048212069624;-((((-(_a2_) + pow2((x + (_a0_ / _a4_)))) * _a4_) * x));{'d0': {'_a0_': -1.0533120335666895, '_a2_': -0.42839162807920794, '_a4_': -3.376760876935123, '_a1_': 1.0, '_a3_': 1.0, '_a5_': 1.0, '_a6_': 1.0, '_a7_': 1.0}};{'d0': 0.02490583291941664};-280.569866449044;38.23672115489806
27568;-102.048212069624;-((((-(_a2_) + pow2((x + (_a0_ / _a4_)))) * _a4_) * x));{'d0': {'_a0_': -1.0533120335666895, '_a2_': -0.42839162807920794, '_a4_': -3.376760876935123, '_a1_': 1.0, '_a3_': 1.0, '_a5_': 1.0, '_a6_': 1.0, '_a7_': 1.0}};{'d0': 0.02490583291941664};-280.569866449044;38.23672115489806
27569;-102.048212069624;-((((-(_a2_) + pow2((x + (_a0_ / _a4_)))) * _a4_) * x));{'d0': {'_a0_': -1.0533120335666895, '_a2_': -0.42839162807920794, '_a4_': -3.376760876935123, '_a1_': 1.0, '_a3_': 1.0, '_a5_': 1.0, '_a6_': 1.0, '_a7_': 1.0}};{'d0': 0.02490583291941664};-280.569866449044;38.23672115489806
27570;-102.048212069624;-((((-(_a2_) + pow2((x + (_a0_ / _a4_)))) * _a4_) * x));{'d0': {'_a0_': -1.0533120335666895, '_a2_': -0.42839162807920794, '_a4_': -3.376760876935123, '_a1_': 1.0, '_a3_': 1.0, '_a5_': 1.0, '_a6_': 1.0, '_a7_': 1.0}};{'d0': 0.02490583291941664};-280.569866449044;38.23672115489806
27571;-102.048212069624;-((((-(_a2_) + pow2((x + (_a0_ / _a4_)))) * _a4_) * x));{'d0': {'_a0_': -1.0533120335666895, '_a2_': -0.42839162807920794, '_a4_': -3.376760876935123, '_a1_': 1.0, '_a3_': 1.0, '_a5_': 1.0, '_a6_': 1.0, '_a7_': 1.0}};{'d0': 0.02490583291941664};-280.569866449044;38.23672115489806
27572;-102.048212069624;-((((-(_a2_) + pow2((x + (_a0_ / _a4_)))) * _a4_) * x));{'d0': {'_a0_': -1.0533120335666895, '_a2_': -0.42839162807920794, '_a4_': -3.376760876935123, '_a1_': 1.0, '_a3_': 1.0, '_a5_': 1.0, '_a6_': 1.0, '_a7_': 1.0}};{'d0': 0.02490583291941664};-280.569866449044;38.23672115489806
27573;-102.048212069624;-((((-(_a2_) + pow2((x + (_a0_ / _a4_)))) * _a4_) * x));{'d0': {'_a0_': -1.0533120335666895, '_a2_': -0.42839162807920794, '_a4_': -3.376760876935123, '_a1_': 1.0, '_a3_': 1.0, '_a5_': 1.0, '_a6_': 1.0, '_a7_': 1.0}};{'d0': 0.02490583291941664};-280.569866449044;38.23672115489806
27574;-102.048212069624;-((((-(_a2_) + pow2((x + (_a0_ / _a4_)))) * _a4_) * x));{'d0': {'_a0_': -1.0533120335666895, '_a2_': -0.42839162807920794, '_a4_': -3.376760876935123, '_a1_': 1.0, '_a3_': 1.0, '_a5_': 1.0, '_a6_': 1.0, '_a7_': 1.0}};{'d0': 0.02490583291941664};-280.569866449044;38.23672115489806
27575;-102.971521196891;-((((-(_a2_) + pow2((x + (_a0_ * _a4_)))) * _a4_) * x));{'d0': {'_a0_': -0.09237542107834612, '_a2_': -0.42839162801055447, '_a4_': -3.3767608774087923, '_a1_': 1.0, '_a3_': 1.0, '_a5_': 1.0, '_a6_': 1.0, '_a7_': 1.0}};{'d0': 0.024905832919416622};-280.569866449044;37.31341202763066
27576;-102.971521196891;-((((-(_a2_) + pow2((x + (_a0_ * _a4_)))) * _a4_) * x));{'d0': {'_a0_': -0.09237542107834612, '_a2_': -0.42839162801055447, '_a4_': -3.3767608774087923, '_a1_': 1.0, '_a3_': 1.0, '_a5_': 1.0, '_a6_': 1.0, '_a7_': 1.0}};{'d0': 0.024905832919416622};-280.569866449044;37.31341202763066
27577;-102.971521196891;-((((-(_a2_) + pow2((x + (_a0_ * _a4_)))) * _a4_) * x));{'d0': {'_a0_': -0.09237542107834612, '_a2_': -0.42839162801055447, '_a4_': -3.3767608774087923, '_a1_': 1.0, '_a3_': 1.0, '_a5_': 1.0, '_a6_': 1.0, '_a7_': 1.0}};{'d0': 0.024905832919416622};-280.569866449044;37.31341202763066
27578;-102.971521196891;-((((-(_a2_) + pow2((x + (_a0_ * _a4_)))) * _a4_) * x));{'d0': {'_a0_': -0.09237542107834612, '_a2_': -0.42839162801055447, '_a4_': -3.3767608774087923, '_a1_': 1.0, '_a3_': 1.0, '_a5_': 1.0, '_a6_': 1.0, '_a7_': 1.0}};{'d0': 0.024905832919416622};-280.569866449044;37.31341202763066
27579;-102.971521196891;-((((-(_a2_) + pow2((x + (_a0_ * _a4_)))) * _a4_) * x));{'d0': {'_a0_': -0.09237542107834612, '_a2_': -0.42839162801055447, '_a4_': -3.3767608774087923, '_a1_': 1.0, '_a3_': 1.0, '_a5_': 1.0, '_a6_': 1.0, '_a7_': 1.0}};{'d0': 0.024905832919416622};-280.569866449044;37.31341202763066
27580;-102.971521196891;-((((-(_a2_) + pow2((x + (_a0_ * _a4_)))) * _a4_) * x));{'d0': {'_a0_': -0.09237542107834612, '_a2_': -0.42839162801055447, '_a4_': -3.3767608774087923, '_a1_': 1.0, '_a3_': 1.0, '_a5_': 1.0, '_a6_': 1.0, '_a7_': 1.0}};{'d0': 0.024905832919416622};-280.569866449044;37.31341202763066
27581;-102.971521196891;-((((-(_a2_) + pow2((x + (_a0_ * _a4_)))) * _a4_) * x));{'d0': {'_a0_': -0.09237542107834612, '_a2_': -0.42839162801055447, '_a4_': -3.3767608774087923, '_a1_': 1.0, '_a3_': 1.0, '_a5_': 1.0, '_a6_': 1.0, '_a7_': 1.0}};{'d0': 0.024905832919416622};-280.569866449044;37.31341202763066
27582;-102.971521196891;-((((-(_a2_) + pow2((x + (_a0_ * _a4_)))) * _a4_) * x));{'d0': {'_a0_': -0.09237542107834612, '_a2_': -0.42839162801055447, '_a4_': -3.3767608774087923, '_a1_': 1.0, '_a3_': 1.0, '_a5_': 1.0, '_a6_': 1.0, '_a7_': 1.0}};{'d0': 0.024905832919416622};-280.569866449044;37.31341202763066
27583;-102.971521196891;-((((-(_a2_) + pow2((x + (_a0_ * _a4_)))) * _a4_) * x));{'d0': {'_a0_': -0.09237542107834612, '_a2_': -0.42839162801055447, '_a4_': -3.3767608774087923, '_a1_': 1.0, '_a3_': 1.0, '_a5_': 1.0, '_a6_': 1.0, '_a7_': 1.0}};{'d0': 0.024905832919416622};-280.569866449044;37.31341202763066
27584;-102.971521196891;-((((-(_a2_) + pow2((x + (_a0_ * _a4_)))) * _a4_) * x));{'d0': {'_a0_': -0.09237542107834612, '_a2_': -0.42839162801055447, '_a4_': -3.3767608774087923, '_a1_': 1.0, '_a3_': 1.0, '_a5_': 1.0, '_a6_': 1.0, '_a7_': 1.0}};{'d0': 0.024905832919416622};-280.569866449044;37.31341202763066
27585;-102.971521196891;-((((-(_a2_) + pow2((x + (_a0_ * _a4_)))) * _a4_) * x));{'d0': {'_a0_': -0.09237542107834612, '_a2_': -0.42839162801055447, '_a4_': -3.3767608774087923, '_a1_': 1.0, '_a3_': 1.0, '_a5_': 1.0, '_a6_': 1.0, '_a7_': 1.0}};{'d0': 0.024905832919416622};-280.569866449044;37.31341202763066
27586;-102.971521196891;-((((-(_a2_) + pow2((x + (_a0_ * _a4_)))) * _a4_) * x));{'d0': {'_a0_': -0.09237542107834612, '_a2_': -0.42839162801055447, '_a4_': -3.3767608774087923, '_a1_': 1.0, '_a3_': 1.0, '_a5_': 1.0, '_a6_': 1.0, '_a7_': 1.0}};{'d0': 0.024905832919416622};-280.569866449044;37.31341202763066
27587;-102.971521196891;-((((-(_a2_) + pow2((x + (_a0_ * _a4_)))) * _a4_) * x));{'d0': {'_a0_': -0.09237542107834612, '_a2_': -0.42839162801055447, '_a4_': -3.3767608774087923, '_a1_': 1.0, '_a3_': 1.0, '_a5_': 1.0, '_a6_': 1.0, '_a7_': 1.0}};{'d0': 0.024905832919416622};-280.569866449044;37.31341202763066
27588;-102.971521196891;-((((-(_a2_) + pow2((x + (_a0_ * _a4_)))) * _a4_) * x));{'d0': {'_a0_': -0.09237542107834612, '_a2_': -0.42839162801055447, '_a4_': -3.3767608774087923, '_a1_': 1.0, '_a3_': 1.0, '_a5_': 1.0, '_a6_': 1.0, '_a7_': 1.0}};{'d0': 0.024905832919416622};-280.569866449044;37.31341202763066
27589;-101.958521157011;(((pow2((_a5_ + ((x + _a2_) * _a7_))) ** _a2_) + _a1_) * x);{'d0': {'_a1_': 1.4667757663372876, '_a2_': 1.047040019600246, '_a5_': -1.3329277522564487, '_a7_': 1.8087114915314193, '_a0_': 1.0, '_a3_': 1.0, '_a4_': 1.0, '_a6_': 1.0}};{'d0': 0.02378537057290843};-279.237401084230;37.66017938510396
27590;-101.958521157011;(((pow2((_a5_ + ((x + _a2_) * _a7_))) ** _a2_) + _a1_) * x);{'d0': {'_a1_': 1.4667757663372876, '_a2_': 1.047040019600246, '_a5_': -1.3329277522564487, '_a7_': 1.8087114915314193, '_a0_': 1.0, '_a3_': 1.0, '_a4_': 1.0, '_a6_': 1.0}};{'d0': 0.02378537057290843};-279.237401084230;37.66017938510396
27591;-101.958521157011;(((pow2((_a5_ + ((x + _a2_) * _a7_))) ** _a2_) + _a1_) * x);{'d0': {'_a1_': 1.4667757663372876, '_a2_': 1.047040019600246, '_a5_': -1.3329277522564487, '_a7_': 1.8087114915314193, '_a0_': 1.0, '_a3_': 1.0, '_a4_': 1.0, '_a6_': 1.0}};{'d0': 0.02378537057290843};-279.237401084230;37.66017938510396
27592;-101.958521157011;(((pow2((_a5_ + ((x + _a2_) * _a7_))) ** _a2_) + _a1_) * x);{'d0': {'_a1_': 1.4667757663372876, '_a2_': 1.047040019600246, '_a5_': -1.3329277522564487, '_a7_': 1.8087114915314193, '_a0_': 1.0, '_a3_': 1.0, '_a4_': 1.0, '_a6_': 1.0}};{'d0': 0.02378537057290843};-279.237401084230;37.66017938510396
27593;-101.958521157011;(((pow2((_a5_ + ((x + _a2_) * _a7_))) ** _a2_) + _a1_) * x);{'d0': {'_a1_': 1.4667757663372876, '_a2_': 1.047040019600246, '_a5_': -1.3329277522564487, '_a7_': 1.8087114915314193, '_a0_': 1.0, '_a3_': 1.0, '_a4_': 1.0, '_a6_': 1.0}};{'d0': 0.02378537057290843};-279.237401084230;37.66017938510396
27594;-101.958521157011;(((pow2((_a5_ + ((x + _a2_) * _a7_))) ** _a2_) + _a1_) * x);{'d0': {'_a1_': 1.4667757663372876, '_a2_': 1.047040019600246, '_a5_': -1.3329277522564487, '_a7_': 1.8087114915314193, '_a0_': 1.0, '_a3_': 1.0, '_a4_': 1.0, '_a6_': 1.0}};{'d0': 0.02378537057290843};-279.237401084230;37.66017938510396
27595;-101.958521157011;(((pow2((_a5_ + ((x + _a2_) * _a7_))) ** _a2_) + _a1_) * x);{'d0': {'_a1_': 1.4667757663372876, '_a2_': 1.047040019600246, '_a5_': -1.3329277522564487, '_a7_': 1.8087114915314193, '_a0_': 1.0, '_a3_': 1.0, '_a4_': 1.0, '_a6_': 1.0}};{'d0': 0.02378537057290843};-279.237401084230;37.66017938510396
27596;-101.958521157011;(((pow2((_a5_ + ((x + _a2_) * _a7_))) ** _a2_) + _a1_) * x);{'d0': {'_a1_': 1.4667757663372876, '_a2_': 1.047040019600246, '_a5_': -1.3329277522564487, '_a7_': 1.8087114915314193, '_a0_': 1.0, '_a3_': 1.0, '_a4_': 1.0, '_a6_': 1.0}};{'d0': 0.02378537057290843};-279.237401084230;37.66017938510396
27597;-101.958521157011;(((pow2((_a5_ + ((x + _a2_) * _a7_))) ** _a2_) + _a1_) * x);{'d0': {'_a1_': 1.4667757663372876, '_a2_': 1.047040019600246, '_a5_': -1.3329277522564487, '_a7_': 1.8087114915314193, '_a0_': 1.0, '_a3_': 1.0, '_a4_': 1.0, '_a6_': 1.0}};{'d0': 0.02378537057290843};-279.237401084230;37.66017938510396
27598;-101.958521157011;(((pow2((_a5_ + ((x + _a2_) * _a7_))) ** _a2_) + _a1_) * x);{'d0': {'_a1_': 1.4667757663372876, '_a2_': 1.047040019600246, '_a5_': -1.3329277522564487, '_a7_': 1.8087114915314193, '_a0_': 1.0, '_a3_': 1.0, '_a4_': 1.0, '_a6_': 1.0}};{'d0': 0.02378537057290843};-279.237401084230;37.66017938510396
27599;-101.958521157011;(((pow2((_a5_ + ((x + _a2_) * _a7_))) ** _a2_) + _a1_) * x);{'d0': {'_a1_': 1.4667757663372876, '_a2_': 1.047040019600246, '_a5_': -1.3329277522564487, '_a7_': 1.8087114915314193, '_a0_': 1.0, '_a3_': 1.0, '_a4_': 1.0, '_a6_': 1.0}};{'d0': 0.02378537057290843};-279.237401084230;37.66017938510396
27600;-102.658856872913;(((pow2((_a5_ + ((x + _a2_) * x))) ** _a2_) + _a1_) * x);{'d0': {'_a1_': -148.6397248771999, '_a2_': 0.6237967287401404, '_a5_': 55.61503726906714, '_a0_': 1.0, '_a3_': 1.0, '_a4_': 1.0, '_a6_': 1.0, '_a7_': 1.0}};{'d0': 0.02487753685701433};-280.638072516033;37.66017938510396
27601;-102.658856872913;(((pow2((_a5_ + ((x + _a2_) * x))) ** _a2_) + _a1_) * x);{'d0': {'_a1_': -148.6397248771999, '_a2_': 0.6237967287401404, '_a5_': 55.61503726906714, '_a0_': 1.0, '_a3_': 1.0, '_a4_': 1.0, '_a6_': 1.0, '_a7_': 1.0}};{'d0': 0.02487753685701433};-280.638072516033;37.66017938510396
27602;-102.658856872913;(((pow2((_a5_ + ((x + _a2_) * x))) ** _a2_) + _a1_) * x);{'d0': {'_a1_': -148.6397248771999, '_a2_': 0.6237967287401404, '_a5_': 55.61503726906714, '_a0_': 1.0, '_a3_': 1.0, '_a4_': 1.0, '_a6_': 1.0, '_a7_': 1.0}};{'d0': 0.02487753685701433};-280.638072516033;37.66017938510396
27603;-102.658856872913;(((pow2((_a5_ + ((x + _a2_) * x))) ** _a2_) + _a1_) * x);{'d0': {'_a1_': -148.6397248771999, '_a2_': 0.6237967287401404, '_a5_': 55.61503726906714, '_a0_': 1.0, '_a3_': 1.0, '_a4_': 1.0, '_a6_': 1.0, '_a7_': 1.0}};{'d0': 0.02487753685701433};-280.638072516033;37.66017938510396
27604;-102.658856872913;(((pow2((_a5_ + ((x + _a2_) * x))) ** _a2_) + _a1_) * x);{'d0': {'_a1_': -148.6397248771999, '_a2_': 0.6237967287401404, '_a5_': 55.61503726906714, '_a0_': 1.0, '_a3_': 1.0, '_a4_': 1.0, '_a6_': 1.0, '_a7_': 1.0}};{'d0': 0.02487753685701433};-280.638072516033;37.66017938510396
27605;-102.658856872913;(((pow2((_a5_ + ((x + _a2_) * x))) ** _a2_) + _a1_) * x);{'d0': {'_a1_': -148.6397248771999, '_a2_': 0.6237967287401404, '_a5_': 55.61503726906714, '_a0_': 1.0, '_a3_': 1.0, '_a4_': 1.0, '_a6_': 1.0, '_a7_': 1.0}};{'d0': 0.02487753685701433};-280.638072516033;37.66017938510396
27606;-102.658856872913;(((pow2((_a5_ + ((x + _a2_) * x))) ** _a2_) + _a1_) * x);{'d0': {'_a1_': -148.6397248771999, '_a2_': 0.6237967287401404, '_a5_': 55.61503726906714, '_a0_': 1.0, '_a3_': 1.0, '_a4_': 1.0, '_a6_': 1.0, '_a7_': 1.0}};{'d0': 0.02487753685701433};-280.638072516033;37.66017938510396
27607;-102.658856872913;(((pow2((_a5_ + ((x + _a2_) * x))) ** _a2_) + _a1_) * x);{'d0': {'_a1_': -148.6397248771999, '_a2_': 0.6237967287401404, '_a5_': 55.61503726906714, '_a0_': 1.0, '_a3_': 1.0, '_a4_': 1.0, '_a6_': 1.0, '_a7_': 1.0}};{'d0': 0.02487753685701433};-280.638072516033;37.66017938510396
27608;-102.658856872913;(((pow2((_a5_ + ((x + _a2_) * x))) ** _a2_) + _a1_) * x);{'d0': {'_a1_': -148.6397248771999, '_a2_': 0.6237967287401404, '_a5_': 55.61503726906714, '_a0_': 1.0, '_a3_': 1.0, '_a4_': 1.0, '_a6_': 1.0, '_a7_': 1.0}};{'d0': 0.02487753685701433};-280.638072516033;37.66017938510396
27609;-102.658856872913;(((pow2((_a5_ + ((x + _a2_) * x))) ** _a2_) + _a1_) * x);{'d0': {'_a1_': -148.6397248771999, '_a2_': 0.6237967287401404, '_a5_': 55.61503726906714, '_a0_': 1.0, '_a3_': 1.0, '_a4_': 1.0, '_a6_': 1.0, '_a7_': 1.0}};{'d0': 0.02487753685701433};-280.638072516033;37.66017938510396
27610;-102.658856872913;(((pow2((_a5_ + ((x + _a2_) * x))) ** _a2_) + _a1_) * x);{'d0': {'_a1_': -148.6397248771999, '_a2_': 0.6237967287401404, '_a5_': 55.61503726906714, '_a0_': 1.0, '_a3_': 1.0, '_a4_': 1.0, '_a6_': 1.0, '_a7_': 1.0}};{'d0': 0.02487753685701433};-280.638072516033;37.66017938510396
27611;-102.658856872913;(((pow2((_a5_ + ((x + _a2_) * x))) ** _a2_) + _a1_) * x);{'d0': {'_a1_': -148.6397248771999, '_a2_': 0.6237967287401404, '_a5_': 55.61503726906714, '_a0_': 1.0, '_a3_': 1.0, '_a4_': 1.0, '_a6_': 1.0, '_a7_': 1.0}};{'d0': 0.02487753685701433};-280.638072516033;37.66017938510396
27612;-102.658856872913;(((pow2((_a5_ + ((x + _a2_) * x))) ** _a2_) + _a1_) * x);{'d0': {'_a1_': -148.6397248771999, '_a2_': 0.6237967287401404, '_a5_': 55.61503726906714, '_a0_': 1.0, '_a3_': 1.0, '_a4_': 1.0, '_a6_': 1.0, '_a7_': 1.0}};{'d0': 0.02487753685701433};-280.638072516033;37.66017938510396
27613;-102.658856872913;(((pow2((_a5_ + ((x + _a2_) * x))) ** _a2_) + _a1_) * x);{'d0': {'_a1_': -148.6397248771999, '_a2_': 0.6237967287401404, '_a5_': 55.61503726906714, '_a0_': 1.0, '_a3_': 1.0, '_a4_': 1.0, '_a6_': 1.0, '_a7_': 1.0}};{'d0': 0.02487753685701433};-280.638072516033;37.66017938510396
27614;-102.658856872913;(((pow2((_a5_ + ((x + _a2_) * x))) ** _a2_) + _a1_) * x);{'d0': {'_a1_': -148.6397248771999, '_a2_': 0.6237967287401404, '_a5_': 55.61503726906714, '_a0_': 1.0, '_a3_': 1.0, '_a4_': 1.0, '_a6_': 1.0, '_a7_': 1.0}};{'d0': 0.02487753685701433};-280.638072516033;37.66017938510396
27615;-102.658856872913;(((pow2((_a5_ + ((x + _a2_) * x))) ** _a2_) + _a1_) * x);{'d0': {'_a1_': -148.6397248771999, '_a2_': 0.6237967287401404, '_a5_': 55.61503726906714, '_a0_': 1.0, '_a3_': 1.0, '_a4_': 1.0, '_a6_': 1.0, '_a7_': 1.0}};{'d0': 0.02487753685701433};-280.638072516033;37.66017938510396
27616;-102.658856872913;(((pow2((_a5_ + ((x + _a2_) * x))) ** _a2_) + _a1_) * x);{'d0': {'_a1_': -148.6397248771999, '_a2_': 0.6237967287401404, '_a5_': 55.61503726906714, '_a0_': 1.0, '_a3_': 1.0, '_a4_': 1.0, '_a6_': 1.0, '_a7_': 1.0}};{'d0': 0.02487753685701433};-280.638072516033;37.66017938510396
27617;-102.658856872913;(((pow2((_a5_ + ((x + _a2_) * x))) ** _a2_) + _a1_) * x);{'d0': {'_a1_': -148.6397248771999, '_a2_': 0.6237967287401404, '_a5_': 55.61503726906714, '_a0_': 1.0, '_a3_': 1.0, '_a4_': 1.0, '_a6_': 1.0, '_a7_': 1.0}};{'d0': 0.02487753685701433};-280.638072516033;37.66017938510396
27618;-102.658856872913;(((pow2((_a5_ + ((x + _a2_) * x))) ** _a2_) + _a1_) * x);{'d0': {'_a1_': -148.6397248771999, '_a2_': 0.6237967287401404, '_a5_': 55.61503726906714, '_a0_': 1.0, '_a3_': 1.0, '_a4_': 1.0, '_a6_': 1.0, '_a7_': 1.0}};{'d0': 0.02487753685701433};-280.638072516033;37.66017938510396
27619;-102.658856872913;(((pow2((_a5_ + ((x + _a2_) * x))) ** _a2_) + _a1_) * x);{'d0': {'_a1_': -148.6397248771999, '_a2_': 0.6237967287401404, '_a5_': 55.61503726906714, '_a0_': 1.0, '_a3_': 1.0, '_a4_': 1.0, '_a6_': 1.0, '_a7_': 1.0}};{'d0': 0.02487753685701433};-280.638072516033;37.66017938510396
27620;-101.958521157010;(((pow2((_a5_ + ((x + _a2_) * _a3_))) ** _a2_) + _a1_) * x);{'d0': {'_a1_': 1.4667757769350627, '_a2_': 1.0470400473339105, '_a3_': -1.8087114759011091, '_a5_': 1.3329277931519206, '_a0_': 1.0, '_a4_': 1.0, '_a6_': 1.0, '_a7_': 1.0}};{'d0': 0.02378537057290975};-279.237401084227;37.66017938510396
27621;-104.167546519764;-((((-(_a2_) + pow2((x + -(_a3_)))) * _a4_) * x));{'d0': {'_a2_': -0.42839162784161444, '_a3_': -0.311929707778604, '_a4_': -3.3767608779902596, '_a0_': 1.0, '_a1_': 1.0, '_a5_': 1.0, '_a6_': 1.0, '_a7_': 1.0}};{'d0': 0.02490583291941668};-280.569866449043;36.117386704757614
27622;-104.167546519764;-((((-(_a2_) + pow2((x + -(_a3_)))) * _a4_) * x));{'d0': {'_a2_': -0.42839162784161444, '_a3_': -0.311929707778604, '_a4_': -3.3767608779902596, '_a0_': 1.0, '_a1_': 1.0, '_a5_': 1.0, '_a6_': 1.0, '_a7_': 1.0}};{'d0': 0.02490583291941668};-280.569866449043;36.117386704757614
27623;-104.167546519764;-((((-(_a2_) + pow2((x + -(_a3_)))) * _a4_) * x));{'d0': {'_a2_': -0.42839162784161444, '_a3_': -0.311929707778604, '_a4_': -3.3767608779902596, '_a0_': 1.0, '_a1_': 1.0, '_a5_': 1.0, '_a6_': 1.0, '_a7_': 1.0}};{'d0': 0.02490583291941668};-280.569866449043;36.117386704757614
27624;-104.167546519764;-((((-(_a2_) + pow2((x + -(_a3_)))) * _a4_) * x));{'d0': {'_a2_': -0.42839162784161444, '_a3_': -0.311929707778604, '_a4_': -3.3767608779902596, '_a0_': 1.0, '_a1_': 1.0, '_a5_': 1.0, '_a6_': 1.0, '_a7_': 1.0}};{'d0': 0.02490583291941668};-280.569866449043;36.117386704757614
27625;-104.167546519764;-((((-(_a2_) + pow2((x + -(_a3_)))) * _a4_) * x));{'d0': {'_a2_': -0.42839162784161444, '_a3_': -0.311929707778604, '_a4_': -3.3767608779902596, '_a0_': 1.0, '_a1_': 1.0, '_a5_': 1.0, '_a6_': 1.0, '_a7_': 1.0}};{'d0': 0.02490583291941668};-280.569866449043;36.117386704757614
27626;-104.167546519764;-((((-(_a2_) + pow2((x + -(_a3_)))) * _a4_) * x));{'d0': {'_a2_': -0.42839162784161444, '_a3_': -0.311929707778604, '_a4_': -3.3767608779902596, '_a0_': 1.0, '_a1_': 1.0, '_a5_': 1.0, '_a6_': 1.0, '_a7_': 1.0}};{'d0': 0.02490583291941668};-280.569866449043;36.117386704757614
27627;-104.167546519764;-((((-(_a2_) + pow2((x + -(_a3_)))) * _a4_) * x));{'d0': {'_a2_': -0.42839162784161444, '_a3_': -0.311929707778604, '_a4_': -3.3767608779902596, '_a0_': 1.0, '_a1_': 1.0, '_a5_': 1.0, '_a6_': 1.0, '_a7_': 1.0}};{'d0': 0.02490583291941668};-280.569866449043;36.117386704757614
27628;-104.167546519764;-((((-(_a2_) + pow2((x + -(_a3_)))) * _a4_) * x));{'d0': {'_a2_': -0.42839162784161444, '_a3_': -0.311929707778604, '_a4_': -3.3767608779902596, '_a0_': 1.0, '_a1_': 1.0, '_a5_': 1.0, '_a6_': 1.0, '_a7_': 1.0}};{'d0': 0.02490583291941668};-280.569866449043;36.117386704757614
27629;-104.167546519764;-((((-(_a2_) + pow2((x + -(_a3_)))) * _a4_) * x));{'d0': {'_a2_': -0.42839162784161444, '_a3_': -0.311929707778604, '_a4_': -3.3767608779902596, '_a0_': 1.0, '_a1_': 1.0, '_a5_': 1.0, '_a6_': 1.0, '_a7_': 1.0}};{'d0': 0.02490583291941668};-280.569866449043;36.117386704757614
27630;-104.167546519764;-((((-(_a2_) + pow2((x + -(_a3_)))) * _a4_) * x));{'d0': {'_a2_': -0.42839162784161444, '_a3_': -0.311929707778604, '_a4_': -3.3767608779902596, '_a0_': 1.0, '_a1_': 1.0, '_a5_': 1.0, '_a6_': 1.0, '_a7_': 1.0}};{'d0': 0.02490583291941668};-280.569866449043;36.117386704757614
27631;-104.167546519764;-((((-(_a2_) + pow2((x + -(_a3_)))) * _a4_) * x));{'d0': {'_a2_': -0.42839162784161444, '_a3_': -0.311929707778604, '_a4_': -3.3767608779902596, '_a0_': 1.0, '_a1_': 1.0, '_a5_': 1.0, '_a6_': 1.0, '_a7_': 1.0}};{'d0': 0.02490583291941668};-280.569866449043;36.117386704757614
27632;-99.2905638806295;-((((-(_a2_) + pow2((x + -((_a2_ * _a1_))))) * _a4_) * x));{'d0': {'_a1_': 0.7281414644384157, '_a2_': -0.42839162853279594, '_a4_': -3.3767608747516213, '_a0_': 1.0, '_a3_': 1.0, '_a5_': 1.0, '_a6_': 1.0, '_a7_': 1.0}};{'d0': 0.024905832919416688};-280.569866449043;40.994369343892615
27633;-99.2905638806295;-((((-(_a2_) + pow2((x + -((_a2_ * _a1_))))) * _a4_) * x));{'d0': {'_a1_': 0.7281414644384157, '_a2_': -0.42839162853279594, '_a4_': -3.3767608747516213, '_a0_': 1.0, '_a3_': 1.0, '_a5_': 1.0, '_a6_': 1.0, '_a7_': 1.0}};{'d0': 0.024905832919416688};-280.569866449043;40.994369343892615
27634;-99.2905638806295;-((((-(_a2_) + pow2((x + -((_a2_ * _a1_))))) * _a4_) * x));{'d0': {'_a1_': 0.7281414644384157, '_a2_': -0.42839162853279594, '_a4_': -3.3767608747516213, '_a0_': 1.0, '_a3_': 1.0, '_a5_': 1.0, '_a6_': 1.0, '_a7_': 1.0}};{'d0': 0.024905832919416688};-280.569866449043;40.994369343892615
27635;-99.2905638806295;-((((-(_a2_) + pow2((x + -((_a2_ * _a1_))))) * _a4_) * x));{'d0': {'_a1_': 0.7281414644384157, '_a2_': -0.42839162853279594, '_a4_': -3.3767608747516213, '_a0_': 1.0, '_a3_': 1.0, '_a5_': 1.0, '_a6_': 1.0, '_a7_': 1.0}};{'d0': 0.024905832919416688};-280.569866449043;40.994369343892615
27636;-99.2905638806295;-((((-(_a2_) + pow2((x + -((_a2_ * _a1_))))) * _a4_) * x));{'d0': {'_a1_': 0.7281414644384157, '_a2_': -0.42839162853279594, '_a4_': -3.3767608747516213, '_a0_': 1.0, '_a3_': 1.0, '_a5_': 1.0, '_a6_': 1.0, '_a7_': 1.0}};{'d0': 0.024905832919416688};-280.569866449043;40.994369343892615
27637;-99.2905638806295;-((((-(_a2_) + pow2((x + -((_a2_ * _a1_))))) * _a4_) * x));{'d0': {'_a1_': 0.7281414644384157, '_a2_': -0.42839162853279594, '_a4_': -3.3767608747516213, '_a0_': 1.0, '_a3_': 1.0, '_a5_': 1.0, '_a6_': 1.0, '_a7_': 1.0}};{'d0': 0.024905832919416688};-280.569866449043;40.994369343892615
27638;-99.2905638806295;-((((-(_a2_) + pow2((x + -((_a2_ * _a1_))))) * _a4_) * x));{'d0': {'_a1_': 0.7281414644384157, '_a2_': -0.42839162853279594, '_a4_': -3.3767608747516213, '_a0_': 1.0, '_a3_': 1.0, '_a5_': 1.0, '_a6_': 1.0, '_a7_': 1.0}};{'d0': 0.024905832919416688};-280.569866449043;40.994369343892615
27639;-99.2905638806295;-((((-(_a2_) + pow2((x + -((_a2_ * _a1_))))) * _a4_) * x));{'d0': {'_a1_': 0.7281414644384157, '_a2_': -0.42839162853279594, '_a4_': -3.3767608747516213, '_a0_': 1.0, '_a3_': 1.0, '_a5_': 1.0, '_a6_': 1.0, '_a7_': 1.0}};{'d0': 0.024905832919416688};-280.569866449043;40.994369343892615
27640;-99.2905638806295;-((((-(_a2_) + pow2((x + -((_a2_ * _a1_))))) * _a4_) * x));{'d0': {'_a1_': 0.7281414644384157, '_a2_': -0.42839162853279594, '_a4_': -3.3767608747516213, '_a0_': 1.0, '_a3_': 1.0, '_a5_': 1.0, '_a6_': 1.0, '_a7_': 1.0}};{'d0': 0.024905832919416688};-280.569866449043;40.994369343892615
27641;-99.2905638806295;-((((-(_a2_) + pow2((x + -((_a2_ * _a1_))))) * _a4_) * x));{'d0': {'_a1_': 0.7281414644384157, '_a2_': -0.42839162853279594, '_a4_': -3.3767608747516213, '_a0_': 1.0, '_a3_': 1.0, '_a5_': 1.0, '_a6_': 1.0, '_a7_': 1.0}};{'d0': 0.024905832919416688};-280.569866449043;40.994369343892615
27642;-99.2905638806295;-((((-(_a2_) + pow2((x + -((_a2_ * _a1_))))) * _a4_) * x));{'d0': {'_a1_': 0.7281414644384157, '_a2_': -0.42839162853279594, '_a4_': -3.3767608747516213, '_a0_': 1.0, '_a3_': 1.0, '_a5_': 1.0, '_a6_': 1.0, '_a7_': 1.0}};{'d0': 0.024905832919416688};-280.569866449043;40.994369343892615
27643;-99.2905638806295;-((((-(_a2_) + pow2((x + -((_a2_ * _a1_))))) * _a4_) * x));{'d0': {'_a1_': 0.7281414644384157, '_a2_': -0.42839162853279594, '_a4_': -3.3767608747516213, '_a0_': 1.0, '_a3_': 1.0, '_a5_': 1.0, '_a6_': 1.0, '_a7_': 1.0}};{'d0': 0.024905832919416688};-280.569866449043;40.994369343892615
27644;-99.2905638806295;-((((-(_a2_) + pow2((x + -((_a2_ * _a1_))))) * _a4_) * x));{'d0': {'_a1_': 0.7281414644384157, '_a2_': -0.42839162853279594, '_a4_': -3.3767608747516213, '_a0_': 1.0, '_a3_': 1.0, '_a5_': 1.0, '_a6_': 1.0, '_a7_': 1.0}};{'d0': 0.024905832919416688};-280.569866449043;40.994369343892615
27645;-99.2905638806295;-((((-(_a2_) + pow2((x + -((_a2_ * _a1_))))) * _a4_) * x));{'d0': {'_a1_': 0.7281414644384157, '_a2_': -0.42839162853279594, '_a4_': -3.3767608747516213, '_a0_': 1.0, '_a3_': 1.0, '_a5_': 1.0, '_a6_': 1.0, '_a7_': 1.0}};{'d0': 0.024905832919416688};-280.569866449043;40.994369343892615
27646;-99.2905638806295;-((((-(_a2_) + pow2((x + -((_a2_ * _a1_))))) * _a4_) * x));{'d0': {'_a1_': 0.7281414644384157, '_a2_': -0.42839162853279594, '_a4_': -3.3767608747516213, '_a0_': 1.0, '_a3_': 1.0, '_a5_': 1.0, '_a6_': 1.0, '_a7_': 1.0}};{'d0': 0.024905832919416688};-280.569866449043;40.994369343892615
27647;-99.2905638806295;-((((-(_a2_) + pow2((x + -((_a2_ * _a1_))))) * _a4_) * x));{'d0': {'_a1_': 0.7281414644384157, '_a2_': -0.42839162853279594, '_a4_': -3.3767608747516213, '_a0_': 1.0, '_a3_': 1.0, '_a5_': 1.0, '_a6_': 1.0, '_a7_': 1.0}};{'d0': 0.024905832919416688};-280.569866449043;40.994369343892615
27648;-99.2905638806295;-((((-(_a2_) + pow2((x + -((_a2_ * _a1_))))) * _a4_) * x));{'d0': {'_a1_': 0.7281414644384157, '_a2_': -0.42839162853279594, '_a4_': -3.3767608747516213, '_a0_': 1.0, '_a3_': 1.0, '_a5_': 1.0, '_a6_': 1.0, '_a7_': 1.0}};{'d0': 0.024905832919416688};-280.569866449043;40.994369343892615
27649;-99.2905638806295;-((((-(_a2_) + pow2((x + -((_a2_ * _a1_))))) * _a4_) * x));{'d0': {'_a1_': 0.7281414644384157, '_a2_': -0.42839162853279594, '_a4_': -3.3767608747516213, '_a0_': 1.0, '_a3_': 1.0, '_a5_': 1.0, '_a6_': 1.0, '_a7_': 1.0}};{'d0': 0.024905832919416688};-280.569866449043;40.994369343892615
27650;-99.2905638806295;-((((-(_a2_) + pow2((x + -((_a2_ * _a1_))))) * _a4_) * x));{'d0': {'_a1_': 0.7281414644384157, '_a2_': -0.42839162853279594, '_a4_': -3.3767608747516213, '_a0_': 1.0, '_a3_': 1.0, '_a5_': 1.0, '_a6_': 1.0, '_a7_': 1.0}};{'d0': 0.024905832919416688};-280.569866449043;40.994369343892615
27651;-99.2905638806295;-((((-(_a2_) + pow2((x + -((_a2_ * _a1_))))) * _a4_) * x));{'d0': {'_a1_': 0.7281414644384157, '_a2_': -0.42839162853279594, '_a4_': -3.3767608747516213, '_a0_': 1.0, '_a3_': 1.0, '_a5_': 1.0, '_a6_': 1.0, '_a7_': 1.0}};{'d0': 0.024905832919416688};-280.569866449043;40.994369343892615
27652;-99.2905638806295;-((((-(_a2_) + pow2((x + -((_a2_ * _a1_))))) * _a4_) * x));{'d0': {'_a1_': 0.7281414644384157, '_a2_': -0.42839162853279594, '_a4_': -3.3767608747516213, '_a0_': 1.0, '_a3_': 1.0, '_a5_': 1.0, '_a6_': 1.0, '_a7_': 1.0}};{'d0': 0.024905832919416688};-280.569866449043;40.994369343892615
27653;-99.2905638806295;-((((-(_a2_) + pow2((x + -((_a2_ * _a1_))))) * _a4_) * x));{'d0': {'_a1_': 0.7281414644384157, '_a2_': -0.42839162853279594, '_a4_': -3.3767608747516213, '_a0_': 1.0, '_a3_': 1.0, '_a5_': 1.0, '_a6_': 1.0, '_a7_': 1.0}};{'d0': 0.024905832919416688};-280.569866449043;40.994369343892615
27654;-102.971521196892;-((((_a2_ + pow2((x + -((_a2_ * _a1_))))) * _a4_) * x));{'d0': {'_a1_': -0.7281414675384157, '_a2_': 0.42839162674662334, '_a4_': -3.3767608833053164, '_a0_': 1.0, '_a3_': 1.0, '_a5_': 1.0, '_a6_': 1.0, '_a7_': 1.0}};{'d0': 0.02490583291941659};-280.569866449044;37.31341202763066
27655;-102.971521196892;-((((_a2_ + pow2((x + -((_a2_ * _a1_))))) * _a4_) * x));{'d0': {'_a1_': -0.7281414675384157, '_a2_': 0.42839162674662334, '_a4_': -3.3767608833053164, '_a0_': 1.0, '_a3_': 1.0, '_a5_': 1.0, '_a6_': 1.0, '_a7_': 1.0}};{'d0': 0.02490583291941659};-280.569866449044;37.31341202763066
27656;-102.971521196892;-((((_a2_ + pow2((x + -((_a2_ * _a1_))))) * _a4_) * x));{'d0': {'_a1_': -0.7281414675384157, '_a2_': 0.42839162674662334, '_a4_': -3.3767608833053164, '_a0_': 1.0, '_a3_': 1.0, '_a5_': 1.0, '_a6_': 1.0, '_a7_': 1.0}};{'d0': 0.02490583291941659};-280.569866449044;37.31341202763066
27657;-102.971521196892;-((((_a2_ + pow2((x + -((_a2_ * _a1_))))) * _a4_) * x));{'d0': {'_a1_': -0.7281414675384157, '_a2_': 0.42839162674662334, '_a4_': -3.3767608833053164, '_a0_': 1.0, '_a3_': 1.0, '_a5_': 1.0, '_a6_': 1.0, '_a7_': 1.0}};{'d0': 0.02490583291941659};-280.569866449044;37.31341202763066
27658;-102.971521196892;-((((_a2_ + pow2((x + -((_a2_ * _a1_))))) * _a4_) * x));{'d0': {'_a1_': -0.7281414675384157, '_a2_': 0.42839162674662334, '_a4_': -3.3767608833053164, '_a0_': 1.0, '_a3_': 1.0, '_a5_': 1.0, '_a6_': 1.0, '_a7_': 1.0}};{'d0': 0.02490583291941659};-280.569866449044;37.31341202763066
27659;-102.971521196892;-((((_a2_ + pow2((x + -((_a2_ * _a1_))))) * _a4_) * x));{'d0': {'_a1_': -0.7281414675384157, '_a2_': 0.42839162674662334, '_a4_': -3.3767608833053164, '_a0_': 1.0, '_a3_': 1.0, '_a5_': 1.0, '_a6_': 1.0, '_a7_': 1.0}};{'d0': 0.02490583291941659};-280.569866449044;37.31341202763066
27660;-102.971521196892;-((((_a2_ + pow2((x + -((_a2_ * _a1_))))) * _a4_) * x));{'d0': {'_a1_': -0.7281414675384157, '_a2_': 0.42839162674662334, '_a4_': -3.3767608833053164, '_a0_': 1.0, '_a3_': 1.0, '_a5_': 1.0, '_a6_': 1.0, '_a7_': 1.0}};{'d0': 0.02490583291941659};-280.569866449044;37.31341202763066
27661;-102.971521196892;-((((_a2_ + pow2((x + -((_a2_ * _a1_))))) * _a4_) * x));{'d0': {'_a1_': -0.7281414675384157, '_a2_': 0.42839162674662334, '_a4_': -3.3767608833053164, '_a0_': 1.0, '_a3_': 1.0, '_a5_': 1.0, '_a6_': 1.0, '_a7_': 1.0}};{'d0': 0.02490583291941659};-280.569866449044;37.31341202763066
27662;-102.971521196892;-((((_a2_ + pow2((x + -((_a2_ * _a1_))))) * _a4_) * x));{'d0': {'_a1_': -0.7281414675384157, '_a2_': 0.42839162674662334, '_a4_': -3.3767608833053164, '_a0_': 1.0, '_a3_': 1.0, '_a5_': 1.0, '_a6_': 1.0, '_a7_': 1.0}};{'d0': 0.02490583291941659};-280.569866449044;37.31341202763066
27663;-102.971521196892;-((((_a2_ + pow2((x + -((_a2_ * _a1_))))) * _a4_) * x));{'d0': {'_a1_': -0.7281414675384157, '_a2_': 0.42839162674662334, '_a4_': -3.3767608833053164, '_a0_': 1.0, '_a3_': 1.0, '_a5_': 1.0, '_a6_': 1.0, '_a7_': 1.0}};{'d0': 0.02490583291941659};-280.569866449044;37.31341202763066
27664;-102.971521196892;-((((_a2_ + pow2((x + -((_a2_ * _a1_))))) * _a4_) * x));{'d0': {'_a1_': -0.7281414675384157, '_a2_': 0.42839162674662334, '_a4_': -3.3767608833053164, '_a0_': 1.0, '_a3_': 1.0, '_a5_': 1.0, '_a6_': 1.0, '_a7_': 1.0}};{'d0': 0.02490583291941659};-280.569866449044;37.31341202763066
27665;-102.971521196892;-((((_a2_ + pow2((x + -((_a2_ * _a1_))))) * _a4_) * x));{'d0': {'_a1_': -0.7281414675384157, '_a2_': 0.42839162674662334, '_a4_': -3.3767608833053164, '_a0_': 1.0, '_a3_': 1.0, '_a5_': 1.0, '_a6_': 1.0, '_a7_': 1.0}};{'d0': 0.02490583291941659};-280.569866449044;37.31341202763066
27666;-102.971521196892;-((((_a2_ + pow2((x + -((_a2_ * _a1_))))) * _a4_) * x));{'d0': {'_a1_': -0.7281414675384157, '_a2_': 0.42839162674662334, '_a4_': -3.3767608833053164, '_a0_': 1.0, '_a3_': 1.0, '_a5_': 1.0, '_a6_': 1.0, '_a7_': 1.0}};{'d0': 0.02490583291941659};-280.569866449044;37.31341202763066
27667;-101.312110424632;(((x * _a3_) + (pow2((x + sqrt(_a1_))) * _a6_)) * -(x));{'d0': {'_a1_': 0.5256917706055227, '_a3_': 2.78999018569823, '_a6_': -3.376760877261221, '_a0_': 1.0, '_a2_': 1.0, '_a4_': 1.0, '_a5_': 1.0, '_a7_': 1.0}};{'d0': 0.0249058329194167};-280.569866449043;38.97282279988934
27668;-101.312110424632;(((x * _a3_) + (pow2((x + sqrt(_a1_))) * _a6_)) * -(x));{'d0': {'_a1_': 0.5256917706055227, '_a3_': 2.78999018569823, '_a6_': -3.376760877261221, '_a0_': 1.0, '_a2_': 1.0, '_a4_': 1.0, '_a5_': 1.0, '_a7_': 1.0}};{'d0': 0.0249058329194167};-280.569866449043;38.97282279988934
27669;-101.312110424632;(((x * _a3_) + (pow2((x + sqrt(_a1_))) * _a6_)) * -(x));{'d0': {'_a1_': 0.5256917706055227, '_a3_': 2.78999018569823, '_a6_': -3.376760877261221, '_a0_': 1.0, '_a2_': 1.0, '_a4_': 1.0, '_a5_': 1.0, '_a7_': 1.0}};{'d0': 0.0249058329194167};-280.569866449043;38.97282279988934
27670;-101.312110424632;(((x * _a3_) + (pow2((x + sqrt(_a1_))) * _a6_)) * -(x));{'d0': {'_a1_': 0.5256917706055227, '_a3_': 2.78999018569823, '_a6_': -3.376760877261221, '_a0_': 1.0, '_a2_': 1.0, '_a4_': 1.0, '_a5_': 1.0, '_a7_': 1.0}};{'d0': 0.0249058329194167};-280.569866449043;38.97282279988934
27671;-101.312110424632;(((x * _a3_) + (pow2((x + sqrt(_a1_))) * _a6_)) * -(x));{'d0': {'_a1_': 0.5256917706055227, '_a3_': 2.78999018569823, '_a6_': -3.376760877261221, '_a0_': 1.0, '_a2_': 1.0, '_a4_': 1.0, '_a5_': 1.0, '_a7_': 1.0}};{'d0': 0.0249058329194167};-280.569866449043;38.97282279988934
27672;-101.312110424632;(((x * _a3_) + (pow2((x + sqrt(_a1_))) * _a6_)) * -(x));{'d0': {'_a1_': 0.5256917706055227, '_a3_': 2.78999018569823, '_a6_': -3.376760877261221, '_a0_': 1.0, '_a2_': 1.0, '_a4_': 1.0, '_a5_': 1.0, '_a7_': 1.0}};{'d0': 0.0249058329194167};-280.569866449043;38.97282279988934
27673;-101.312110424632;(((x * _a3_) + (pow2((x + sqrt(_a1_))) * _a6_)) * -(x));{'d0': {'_a1_': 0.5256917706055227, '_a3_': 2.78999018569823, '_a6_': -3.376760877261221, '_a0_': 1.0, '_a2_': 1.0, '_a4_': 1.0, '_a5_': 1.0, '_a7_': 1.0}};{'d0': 0.0249058329194167};-280.569866449043;38.97282279988934
27674;-101.312110424632;(((x * _a3_) + (pow2((x + sqrt(_a1_))) * _a6_)) * -(x));{'d0': {'_a1_': 0.5256917706055227, '_a3_': 2.78999018569823, '_a6_': -3.376760877261221, '_a0_': 1.0, '_a2_': 1.0, '_a4_': 1.0, '_a5_': 1.0, '_a7_': 1.0}};{'d0': 0.0249058329194167};-280.569866449043;38.97282279988934
27675;-101.312110424632;(((x * _a3_) + (pow2((x + sqrt(_a1_))) * _a6_)) * -(x));{'d0': {'_a1_': 0.5256917706055227, '_a3_': 2.78999018569823, '_a6_': -3.376760877261221, '_a0_': 1.0, '_a2_': 1.0, '_a4_': 1.0, '_a5_': 1.0, '_a7_': 1.0}};{'d0': 0.0249058329194167};-280.569866449043;38.97282279988934
27676;-101.312110424632;(((x * _a3_) + (pow2((x + sqrt(_a1_))) * _a6_)) * -(x));{'d0': {'_a1_': 0.5256917706055227, '_a3_': 2.78999018569823, '_a6_': -3.376760877261221, '_a0_': 1.0, '_a2_': 1.0, '_a4_': 1.0, '_a5_': 1.0, '_a7_': 1.0}};{'d0': 0.0249058329194167};-280.569866449043;38.97282279988934
27677;-101.312110424632;(((x * _a3_) + (pow2((x + sqrt(_a1_))) * _a6_)) * -(x));{'d0': {'_a1_': 0.5256917706055227, '_a3_': 2.78999018569823, '_a6_': -3.376760877261221, '_a0_': 1.0, '_a2_': 1.0, '_a4_': 1.0, '_a5_': 1.0, '_a7_': 1.0}};{'d0': 0.0249058329194167};-280.569866449043;38.97282279988934
27678;-101.312110424632;(((x * _a3_) + (pow2((x + sqrt(_a1_))) * _a6_)) * -(x));{'d0': {'_a1_': 0.5256917706055227, '_a3_': 2.78999018569823, '_a6_': -3.376760877261221, '_a0_': 1.0, '_a2_': 1.0, '_a4_': 1.0, '_a5_': 1.0, '_a7_': 1.0}};{'d0': 0.0249058329194167};-280.569866449043;38.97282279988934
27679;-101.312110424632;(((x * _a3_) + (pow2((x + sqrt(_a1_))) * _a6_)) * -(x));{'d0': {'_a1_': 0.5256917706055227, '_a3_': 2.78999018569823, '_a6_': -3.376760877261221, '_a0_': 1.0, '_a2_': 1.0, '_a4_': 1.0, '_a5_': 1.0, '_a7_': 1.0}};{'d0': 0.0249058329194167};-280.569866449043;38.97282279988934
27680;-101.312110424632;(((x * _a3_) + (pow2((x + sqrt(_a1_))) * _a6_)) * -(x));{'d0': {'_a1_': 0.5256917706055227, '_a3_': 2.78999018569823, '_a6_': -3.376760877261221, '_a0_': 1.0, '_a2_': 1.0, '_a4_': 1.0, '_a5_': 1.0, '_a7_': 1.0}};{'d0': 0.0249058329194167};-280.569866449043;38.97282279988934
27681;-101.312110424632;(((x * _a3_) + (pow2((x + sqrt(_a1_))) * _a6_)) * -(x));{'d0': {'_a1_': 0.5256917706055227, '_a3_': 2.78999018569823, '_a6_': -3.376760877261221, '_a0_': 1.0, '_a2_': 1.0, '_a4_': 1.0, '_a5_': 1.0, '_a7_': 1.0}};{'d0': 0.0249058329194167};-280.569866449043;38.97282279988934
27682;-89.7873706711141;((((_a0_ + x) * (_a1_ * x)) + -(pow3(x))) * (-(_a7_) * sqrt(_a0_)));{'d0': {'_a0_': 0.8426446045217029, '_a1_': -0.6238594155926286, '_a7_': 3.678562043761271, '_a2_': 1.0, '_a3_': 1.0, '_a4_': 1.0, '_a5_': 1.0, '_a6_': 1.0}};{'d0': 0.024905832919416657};-280.569866449044;50.49756255340752
27683;-89.7873706711141;((((_a0_ + x) * (_a1_ * x)) + -(pow3(x))) * (-(_a7_) * sqrt(_a0_)));{'d0': {'_a0_': 0.8426446045217029, '_a1_': -0.6238594155926286, '_a7_': 3.678562043761271, '_a2_': 1.0, '_a3_': 1.0, '_a4_': 1.0, '_a5_': 1.0, '_a6_': 1.0}};{'d0': 0.024905832919416657};-280.569866449044;50.49756255340752
27684;-89.7873706711141;((((_a0_ + x) * (_a1_ * x)) + -(pow3(x))) * (-(_a7_) * sqrt(_a0_)));{'d0': {'_a0_': 0.8426446045217029, '_a1_': -0.6238594155926286, '_a7_': 3.678562043761271, '_a2_': 1.0, '_a3_': 1.0, '_a4_': 1.0, '_a5_': 1.0, '_a6_': 1.0}};{'d0': 0.024905832919416657};-280.569866449044;50.49756255340752
27685;-89.7873706711141;((((_a0_ + x) * (_a1_ * x)) + -(pow3(x))) * (-(_a7_) * sqrt(_a0_)));{'d0': {'_a0_': 0.8426446045217029, '_a1_': -0.6238594155926286, '_a7_': 3.678562043761271, '_a2_': 1.0, '_a3_': 1.0, '_a4_': 1.0, '_a5_': 1.0, '_a6_': 1.0}};{'d0': 0.024905832919416657};-280.569866449044;50.49756255340752
27686;-89.7873706711141;((((_a0_ + x) * (_a1_ * x)) + -(pow3(x))) * (-(_a7_) * sqrt(_a0_)));{'d0': {'_a0_': 0.8426446045217029, '_a1_': -0.6238594155926286, '_a7_': 3.678562043761271, '_a2_': 1.0, '_a3_': 1.0, '_a4_': 1.0, '_a5_': 1.0, '_a6_': 1.0}};{'d0': 0.024905832919416657};-280.569866449044;50.49756255340752
27687;-89.7873706711141;((((_a0_ + x) * (_a1_ * x)) + -(pow3(x))) * (-(_a7_) * sqrt(_a0_)));{'d0': {'_a0_': 0.8426446045217029, '_a1_': -0.6238594155926286, '_a7_': 3.678562043761271, '_a2_': 1.0, '_a3_': 1.0, '_a4_': 1.0, '_a5_': 1.0, '_a6_': 1.0}};{'d0': 0.024905832919416657};-280.569866449044;50.49756255340752
27688;-100.851681668750;(((x * _a3_) + (pow2((x + (_a5_ / _a3_))) * _a6_)) * -(x));{'d0': {'_a3_': 2.789990185368972, '_a5_': 2.0228713550490727, '_a6_': -3.3767608788750785, '_a0_': 1.0, '_a1_': 1.0, '_a2_': 1.0, '_a4_': 1.0, '_a7_': 1.0}};{'d0': 0.02490583291941664};-280.569866449044;39.43325155577174
27689;-100.851681668750;(((x * _a3_) + (pow2((x + (_a5_ / _a3_))) * _a6_)) * -(x));{'d0': {'_a3_': 2.789990185368972, '_a5_': 2.0228713550490727, '_a6_': -3.3767608788750785, '_a0_': 1.0, '_a1_': 1.0, '_a2_': 1.0, '_a4_': 1.0, '_a7_': 1.0}};{'d0': 0.02490583291941664};-280.569866449044;39.43325155577174
27690;-100.851681668750;(((x * _a3_) + (pow2((x + (_a5_ / _a3_))) * _a6_)) * -(x));{'d0': {'_a3_': 2.789990185368972, '_a5_': 2.0228713550490727, '_a6_': -3.3767608788750785, '_a0_': 1.0, '_a1_': 1.0, '_a2_': 1.0, '_a4_': 1.0, '_a7_': 1.0}};{'d0': 0.02490583291941664};-280.569866449044;39.43325155577174
27691;-100.851681668750;(((x * _a3_) + (pow2((x + (_a5_ / _a3_))) * _a6_)) * -(x));{'d0': {'_a3_': 2.789990185368972, '_a5_': 2.0228713550490727, '_a6_': -3.3767608788750785, '_a0_': 1.0, '_a1_': 1.0, '_a2_': 1.0, '_a4_': 1.0, '_a7_': 1.0}};{'d0': 0.02490583291941664};-280.569866449044;39.43325155577174
27692;-100.851681668750;(((x * _a3_) + (pow2((x + (_a5_ / _a3_))) * _a6_)) * -(x));{'d0': {'_a3_': 2.789990185368972, '_a5_': 2.0228713550490727, '_a6_': -3.3767608788750785, '_a0_': 1.0, '_a1_': 1.0, '_a2_': 1.0, '_a4_': 1.0, '_a7_': 1.0}};{'d0': 0.02490583291941664};-280.569866449044;39.43325155577174
27693;-100.851681668750;(((x * _a3_) + (pow2((x + (_a5_ / _a3_))) * _a6_)) * -(x));{'d0': {'_a3_': 2.789990185368972, '_a5_': 2.0228713550490727, '_a6_': -3.3767608788750785, '_a0_': 1.0, '_a1_': 1.0, '_a2_': 1.0, '_a4_': 1.0, '_a7_': 1.0}};{'d0': 0.02490583291941664};-280.569866449044;39.43325155577174
27694;-100.851681668750;(((x * _a3_) + (pow2((x + (_a5_ / _a3_))) * _a6_)) * -(x));{'d0': {'_a3_': 2.789990185368972, '_a5_': 2.0228713550490727, '_a6_': -3.3767608788750785, '_a0_': 1.0, '_a1_': 1.0, '_a2_': 1.0, '_a4_': 1.0, '_a7_': 1.0}};{'d0': 0.02490583291941664};-280.569866449044;39.43325155577174
27695;-100.851681668750;(((x * _a3_) + (pow2((x + (_a5_ / _a3_))) * _a6_)) * -(x));{'d0': {'_a3_': 2.789990185368972, '_a5_': 2.0228713550490727, '_a6_': -3.3767608788750785, '_a0_': 1.0, '_a1_': 1.0, '_a2_': 1.0, '_a4_': 1.0, '_a7_': 1.0}};{'d0': 0.02490583291941664};-280.569866449044;39.43325155577174
27696;-100.851681668750;(((x * _a3_) + (pow2((x + (_a5_ / _a3_))) * _a6_)) * -(x));{'d0': {'_a3_': 2.789990185368972, '_a5_': 2.0228713550490727, '_a6_': -3.3767608788750785, '_a0_': 1.0, '_a1_': 1.0, '_a2_': 1.0, '_a4_': 1.0, '_a7_': 1.0}};{'d0': 0.02490583291941664};-280.569866449044;39.43325155577174
27697;-100.851681668750;(((x * _a3_) + (pow2((x + (_a5_ / _a3_))) * _a6_)) * -(x));{'d0': {'_a3_': 2.789990185368972, '_a5_': 2.0228713550490727, '_a6_': -3.3767608788750785, '_a0_': 1.0, '_a1_': 1.0, '_a2_': 1.0, '_a4_': 1.0, '_a7_': 1.0}};{'d0': 0.02490583291941664};-280.569866449044;39.43325155577174
27698;-100.851681668750;(((x * _a3_) + (pow2((x + (_a5_ / _a3_))) * _a6_)) * -(x));{'d0': {'_a3_': 2.789990185368972, '_a5_': 2.0228713550490727, '_a6_': -3.3767608788750785, '_a0_': 1.0, '_a1_': 1.0, '_a2_': 1.0, '_a4_': 1.0, '_a7_': 1.0}};{'d0': 0.02490583291941664};-280.569866449044;39.43325155577174
27699;-100.851681668750;(((x * _a3_) + (pow2((x + (_a5_ / _a3_))) * _a6_)) * -(x));{'d0': {'_a3_': 2.789990185368972, '_a5_': 2.0228713550490727, '_a6_': -3.3767608788750785, '_a0_': 1.0, '_a1_': 1.0, '_a2_': 1.0, '_a4_': 1.0, '_a7_': 1.0}};{'d0': 0.02490583291941664};-280.569866449044;39.43325155577174
27700;-100.851681668750;(((x * _a3_) + (pow2((x + (_a5_ / _a3_))) * _a6_)) * -(x));{'d0': {'_a3_': 2.789990185368972, '_a5_': 2.0228713550490727, '_a6_': -3.3767608788750785, '_a0_': 1.0, '_a1_': 1.0, '_a2_': 1.0, '_a4_': 1.0, '_a7_': 1.0}};{'d0': 0.02490583291941664};-280.569866449044;39.43325155577174
27701;-100.851681668750;(((x * _a3_) + (pow2((x + (_a5_ / _a3_))) * _a6_)) * -(x));{'d0': {'_a3_': 2.789990185368972, '_a5_': 2.0228713550490727, '_a6_': -3.3767608788750785, '_a0_': 1.0, '_a1_': 1.0, '_a2_': 1.0, '_a4_': 1.0, '_a7_': 1.0}};{'d0': 0.02490583291941664};-280.569866449044;39.43325155577174
27702;-100.851681668750;(((x * _a3_) + (pow2((x + (_a5_ / _a3_))) * _a6_)) * -(x));{'d0': {'_a3_': 2.789990185368972, '_a5_': 2.0228713550490727, '_a6_': -3.3767608788750785, '_a0_': 1.0, '_a1_': 1.0, '_a2_': 1.0, '_a4_': 1.0, '_a7_': 1.0}};{'d0': 0.02490583291941664};-280.569866449044;39.43325155577174
27703;-100.851681668750;(((x * _a3_) + (pow2((x + (_a5_ / _a3_))) * _a6_)) * -(x));{'d0': {'_a3_': 2.789990185368972, '_a5_': 2.0228713550490727, '_a6_': -3.3767608788750785, '_a0_': 1.0, '_a1_': 1.0, '_a2_': 1.0, '_a4_': 1.0, '_a7_': 1.0}};{'d0': 0.02490583291941664};-280.569866449044;39.43325155577174
27704;-100.851681668750;(((x * _a3_) + (pow2((x + (_a5_ / _a3_))) * _a6_)) * -(x));{'d0': {'_a3_': 2.789990185368972, '_a5_': 2.0228713550490727, '_a6_': -3.3767608788750785, '_a0_': 1.0, '_a1_': 1.0, '_a2_': 1.0, '_a4_': 1.0, '_a7_': 1.0}};{'d0': 0.02490583291941664};-280.569866449044;39.43325155577174
27705;-100.851681668750;(((x * _a3_) + (pow2((x + (_a5_ / _a3_))) * _a6_)) * -(x));{'d0': {'_a3_': 2.789990185368972, '_a5_': 2.0228713550490727, '_a6_': -3.3767608788750785, '_a0_': 1.0, '_a1_': 1.0, '_a2_': 1.0, '_a4_': 1.0, '_a7_': 1.0}};{'d0': 0.02490583291941664};-280.569866449044;39.43325155577174
27706;-100.851681668750;(((x * _a3_) + (pow2((x + (_a5_ / _a3_))) * _a6_)) * -(x));{'d0': {'_a3_': 2.789990185368972, '_a5_': 2.0228713550490727, '_a6_': -3.3767608788750785, '_a0_': 1.0, '_a1_': 1.0, '_a2_': 1.0, '_a4_': 1.0, '_a7_': 1.0}};{'d0': 0.02490583291941664};-280.569866449044;39.43325155577174
27707;-100.851681668750;(((x * _a3_) + (pow2((x + (_a5_ / _a3_))) * _a6_)) * -(x));{'d0': {'_a3_': 2.789990185368972, '_a5_': 2.0228713550490727, '_a6_': -3.3767608788750785, '_a0_': 1.0, '_a1_': 1.0, '_a2_': 1.0, '_a4_': 1.0, '_a7_': 1.0}};{'d0': 0.02490583291941664};-280.569866449044;39.43325155577174
27708;-100.851681668750;(((x * _a3_) + (pow2((x + (_a5_ / _a3_))) * _a6_)) * -(x));{'d0': {'_a3_': 2.789990185368972, '_a5_': 2.0228713550490727, '_a6_': -3.3767608788750785, '_a0_': 1.0, '_a1_': 1.0, '_a2_': 1.0, '_a4_': 1.0, '_a7_': 1.0}};{'d0': 0.02490583291941664};-280.569866449044;39.43325155577174
27709;-100.851681668750;(((x * _a3_) + (pow2((x + (_a5_ / _a3_))) * _a6_)) * -(x));{'d0': {'_a3_': 2.789990185368972, '_a5_': 2.0228713550490727, '_a6_': -3.3767608788750785, '_a0_': 1.0, '_a1_': 1.0, '_a2_': 1.0, '_a4_': 1.0, '_a7_': 1.0}};{'d0': 0.02490583291941664};-280.569866449044;39.43325155577174
27710;-91.4462763653722;((((_a0_ + x) * (_a1_ * x)) + -(pow3(x))) * (-(_a7_) * -(_a1_)));{'d0': {'_a0_': 0.8426446044212005, '_a1_': -0.6238594155641043, '_a7_': 5.412695222339984, '_a2_': 1.0, '_a3_': 1.0, '_a4_': 1.0, '_a5_': 1.0, '_a6_': 1.0}};{'d0': 0.02490583291941663};-280.569866449044;48.83865685914947
27711;-91.4462763653722;((((_a0_ + x) * (_a1_ * x)) + -(pow3(x))) * (-(_a7_) * -(_a1_)));{'d0': {'_a0_': 0.8426446044212005, '_a1_': -0.6238594155641043, '_a7_': 5.412695222339984, '_a2_': 1.0, '_a3_': 1.0, '_a4_': 1.0, '_a5_': 1.0, '_a6_': 1.0}};{'d0': 0.02490583291941663};-280.569866449044;48.83865685914947
27712;-95.5118186582301;(((x * _a3_) + (pow2((x + (sqrt(_a5_) / _a3_))) * _a6_)) * -(x));{'d0': {'_a3_': 2.789990185824897, '_a5_': 4.0920085240747035, '_a6_': -3.376760876886365, '_a0_': 1.0, '_a1_': 1.0, '_a2_': 1.0, '_a4_': 1.0, '_a7_': 1.0}};{'d0': 0.024905832919416622};-280.569866449044;44.77311456629174
27713;-95.5118186582301;(((x * _a3_) + (pow2((x + (sqrt(_a5_) / _a3_))) * _a6_)) * -(x));{'d0': {'_a3_': 2.789990185824897, '_a5_': 4.0920085240747035, '_a6_': -3.376760876886365, '_a0_': 1.0, '_a1_': 1.0, '_a2_': 1.0, '_a4_': 1.0, '_a7_': 1.0}};{'d0': 0.024905832919416622};-280.569866449044;44.77311456629174
27714;-95.5118186582302;(((x * _a3_) + (pow2((x + (sqrt(_a5_) / _a3_))) * _a0_)) * -(x));{'d0': {'_a0_': -3.37676087772944, '_a3_': 2.789990185662468, '_a5_': 4.092008522193589, '_a1_': 1.0, '_a2_': 1.0, '_a4_': 1.0, '_a6_': 1.0, '_a7_': 1.0}};{'d0': 0.024905832919416573};-280.569866449044;44.77311456629174
27715;-95.5118186582302;(((x * _a3_) + (pow2((x + (sqrt(_a5_) / _a3_))) * _a0_)) * -(x));{'d0': {'_a0_': -3.37676087772944, '_a3_': 2.789990185662468, '_a5_': 4.092008522193589, '_a1_': 1.0, '_a2_': 1.0, '_a4_': 1.0, '_a6_': 1.0, '_a7_': 1.0}};{'d0': 0.024905832919416573};-280.569866449044;44.77311456629174
27716;-95.5118186582302;(((x * _a3_) + (pow2((x + (sqrt(_a5_) / _a3_))) * _a0_)) * -(x));{'d0': {'_a0_': -3.37676087772944, '_a3_': 2.789990185662468, '_a5_': 4.092008522193589, '_a1_': 1.0, '_a2_': 1.0, '_a4_': 1.0, '_a6_': 1.0, '_a7_': 1.0}};{'d0': 0.024905832919416573};-280.569866449044;44.77311456629174
27717;-95.5118186582302;(((x * _a3_) + (pow2((x + (sqrt(_a5_) / _a3_))) * _a0_)) * -(x));{'d0': {'_a0_': -3.37676087772944, '_a3_': 2.789990185662468, '_a5_': 4.092008522193589, '_a1_': 1.0, '_a2_': 1.0, '_a4_': 1.0, '_a6_': 1.0, '_a7_': 1.0}};{'d0': 0.024905832919416573};-280.569866449044;44.77311456629174
27718;-91.4462763653722;((((_a0_ + x) * (_a1_ * x)) + -(pow3(x))) * (-(_a7_) * -(_a1_)));{'d0': {'_a0_': 0.8426446044212005, '_a1_': -0.6238594155641043, '_a7_': 5.412695222339984, '_a2_': 1.0, '_a3_': 1.0, '_a4_': 1.0, '_a5_': 1.0, '_a6_': 1.0}};{'d0': 0.02490583291941663};-280.569866449044;48.83865685914947
27719;-91.4462763653722;((((_a0_ + x) * (_a1_ * x)) + -(pow3(x))) * (-(_a7_) * -(_a1_)));{'d0': {'_a0_': 0.8426446044212005, '_a1_': -0.6238594155641043, '_a7_': 5.412695222339984, '_a2_': 1.0, '_a3_': 1.0, '_a4_': 1.0, '_a5_': 1.0, '_a6_': 1.0}};{'d0': 0.02490583291941663};-280.569866449044;48.83865685914947
27720;-91.4462763653722;((((_a0_ + x) * (_a1_ * x)) + -(pow3(x))) * (-(_a7_) * -(_a1_)));{'d0': {'_a0_': 0.8426446044212005, '_a1_': -0.6238594155641043, '_a7_': 5.412695222339984, '_a2_': 1.0, '_a3_': 1.0, '_a4_': 1.0, '_a5_': 1.0, '_a6_': 1.0}};{'d0': 0.02490583291941663};-280.569866449044;48.83865685914947
27721;-91.4462763653722;((((_a0_ + x) * (_a1_ * x)) + -(pow3(x))) * (-(_a7_) * -(_a1_)));{'d0': {'_a0_': 0.8426446044212005, '_a1_': -0.6238594155641043, '_a7_': 5.412695222339984, '_a2_': 1.0, '_a3_': 1.0, '_a4_': 1.0, '_a5_': 1.0, '_a6_': 1.0}};{'d0': 0.02490583291941663};-280.569866449044;48.83865685914947
27722;-91.4462763653722;((((_a0_ + x) * (_a1_ * x)) + -(pow3(x))) * (-(_a7_) * -(_a1_)));{'d0': {'_a0_': 0.8426446044212005, '_a1_': -0.6238594155641043, '_a7_': 5.412695222339984, '_a2_': 1.0, '_a3_': 1.0, '_a4_': 1.0, '_a5_': 1.0, '_a6_': 1.0}};{'d0': 0.02490583291941663};-280.569866449044;48.83865685914947
27723;-91.4462763653722;((((_a0_ + x) * (_a1_ * x)) + -(pow3(x))) * (-(_a7_) * -(_a1_)));{'d0': {'_a0_': 0.8426446044212005, '_a1_': -0.6238594155641043, '_a7_': 5.412695222339984, '_a2_': 1.0, '_a3_': 1.0, '_a4_': 1.0, '_a5_': 1.0, '_a6_': 1.0}};{'d0': 0.02490583291941663};-280.569866449044;48.83865685914947
27724;-91.4462763653722;((((_a0_ + x) * (_a1_ * x)) + -(pow3(x))) * (-(_a7_) * -(_a1_)));{'d0': {'_a0_': 0.8426446044212005, '_a1_': -0.6238594155641043, '_a7_': 5.412695222339984, '_a2_': 1.0, '_a3_': 1.0, '_a4_': 1.0, '_a5_': 1.0, '_a6_': 1.0}};{'d0': 0.02490583291941663};-280.569866449044;48.83865685914947
27725;-91.4462763653722;((((_a0_ + x) * (_a1_ * x)) + -(pow3(x))) * (-(_a7_) * -(_a1_)));{'d0': {'_a0_': 0.8426446044212005, '_a1_': -0.6238594155641043, '_a7_': 5.412695222339984, '_a2_': 1.0, '_a3_': 1.0, '_a4_': 1.0, '_a5_': 1.0, '_a6_': 1.0}};{'d0': 0.02490583291941663};-280.569866449044;48.83865685914947
27726;-91.4462763653722;((((_a0_ + x) * (_a1_ * x)) + -(pow3(x))) * (-(_a7_) * -(_a1_)));{'d0': {'_a0_': 0.8426446044212005, '_a1_': -0.6238594155641043, '_a7_': 5.412695222339984, '_a2_': 1.0, '_a3_': 1.0, '_a4_': 1.0, '_a5_': 1.0, '_a6_': 1.0}};{'d0': 0.02490583291941663};-280.569866449044;48.83865685914947
27727;-91.4462763653722;((((_a0_ + x) * (_a1_ * x)) + -(pow3(x))) * (-(_a7_) * -(_a1_)));{'d0': {'_a0_': 0.8426446044212005, '_a1_': -0.6238594155641043, '_a7_': 5.412695222339984, '_a2_': 1.0, '_a3_': 1.0, '_a4_': 1.0, '_a5_': 1.0, '_a6_': 1.0}};{'d0': 0.02490583291941663};-280.569866449044;48.83865685914947
27728;-91.4462763653722;((((_a0_ + x) * (_a1_ * x)) + -(pow3(x))) * (-(_a7_) * -(_a1_)));{'d0': {'_a0_': 0.8426446044212005, '_a1_': -0.6238594155641043, '_a7_': 5.412695222339984, '_a2_': 1.0, '_a3_': 1.0, '_a4_': 1.0, '_a5_': 1.0, '_a6_': 1.0}};{'d0': 0.02490583291941663};-280.569866449044;48.83865685914947
27729;-91.4462763653722;((((_a0_ + x) * (_a1_ * x)) + -(pow3(x))) * (-(_a7_) * -(_a1_)));{'d0': {'_a0_': 0.8426446044212005, '_a1_': -0.6238594155641043, '_a7_': 5.412695222339984, '_a2_': 1.0, '_a3_': 1.0, '_a4_': 1.0, '_a5_': 1.0, '_a6_': 1.0}};{'d0': 0.02490583291941663};-280.569866449044;48.83865685914947
27730;-91.4462763653722;((((_a0_ + x) * (_a1_ * x)) + -(pow3(x))) * (-(_a7_) * -(_a1_)));{'d0': {'_a0_': 0.8426446044212005, '_a1_': -0.6238594155641043, '_a7_': 5.412695222339984, '_a2_': 1.0, '_a3_': 1.0, '_a4_': 1.0, '_a5_': 1.0, '_a6_': 1.0}};{'d0': 0.02490583291941663};-280.569866449044;48.83865685914947
27731;-91.4462763653722;((((_a0_ + x) * (_a1_ * x)) + -(pow3(x))) * (-(_a7_) * -(_a1_)));{'d0': {'_a0_': 0.8426446044212005, '_a1_': -0.6238594155641043, '_a7_': 5.412695222339984, '_a2_': 1.0, '_a3_': 1.0, '_a4_': 1.0, '_a5_': 1.0, '_a6_': 1.0}};{'d0': 0.02490583291941663};-280.569866449044;48.83865685914947
27732;-91.4462763653722;((((_a0_ + x) * (_a1_ * x)) + -(pow3(x))) * (-(_a7_) * -(_a1_)));{'d0': {'_a0_': 0.8426446044212005, '_a1_': -0.6238594155641043, '_a7_': 5.412695222339984, '_a2_': 1.0, '_a3_': 1.0, '_a4_': 1.0, '_a5_': 1.0, '_a6_': 1.0}};{'d0': 0.02490583291941663};-280.569866449044;48.83865685914947
27733;-91.4462763653722;((((_a0_ + x) * (_a1_ * x)) + -(pow3(x))) * (-(_a7_) * -(_a1_)));{'d0': {'_a0_': 0.8426446044212005, '_a1_': -0.6238594155641043, '_a7_': 5.412695222339984, '_a2_': 1.0, '_a3_': 1.0, '_a4_': 1.0, '_a5_': 1.0, '_a6_': 1.0}};{'d0': 0.02490583291941663};-280.569866449044;48.83865685914947
27734;-91.4462763653722;((((_a0_ + x) * (_a1_ * x)) + -(pow3(x))) * (-(_a7_) * -(_a1_)));{'d0': {'_a0_': 0.8426446044212005, '_a1_': -0.6238594155641043, '_a7_': 5.412695222339984, '_a2_': 1.0, '_a3_': 1.0, '_a4_': 1.0, '_a5_': 1.0, '_a6_': 1.0}};{'d0': 0.02490583291941663};-280.569866449044;48.83865685914947
27735;-91.4462763653722;((((_a0_ + x) * (_a1_ * x)) + -(pow3(x))) * (-(_a7_) * -(_a1_)));{'d0': {'_a0_': 0.8426446044212005, '_a1_': -0.6238594155641043, '_a7_': 5.412695222339984, '_a2_': 1.0, '_a3_': 1.0, '_a4_': 1.0, '_a5_': 1.0, '_a6_': 1.0}};{'d0': 0.02490583291941663};-280.569866449044;48.83865685914947
27736;-91.4462763653722;((((_a0_ + x) * (_a1_ * x)) + -(pow3(x))) * (-(_a7_) * -(_a1_)));{'d0': {'_a0_': 0.8426446044212005, '_a1_': -0.6238594155641043, '_a7_': 5.412695222339984, '_a2_': 1.0, '_a3_': 1.0, '_a4_': 1.0, '_a5_': 1.0, '_a6_': 1.0}};{'d0': 0.02490583291941663};-280.569866449044;48.83865685914947
27737;-91.4462763653722;((((_a0_ + x) * (_a1_ * x)) + -(pow3(x))) * (-(_a7_) * -(_a1_)));{'d0': {'_a0_': 0.8426446044212005, '_a1_': -0.6238594155641043, '_a7_': 5.412695222339984, '_a2_': 1.0, '_a3_': 1.0, '_a4_': 1.0, '_a5_': 1.0, '_a6_': 1.0}};{'d0': 0.02490583291941663};-280.569866449044;48.83865685914947
27738;-91.4462763653722;((((_a0_ + x) * (_a1_ * x)) + -(pow3(x))) * (-(_a7_) * -(_a1_)));{'d0': {'_a0_': 0.8426446044212005, '_a1_': -0.6238594155641043, '_a7_': 5.412695222339984, '_a2_': 1.0, '_a3_': 1.0, '_a4_': 1.0, '_a5_': 1.0, '_a6_': 1.0}};{'d0': 0.02490583291941663};-280.569866449044;48.83865685914947
27739;-91.4462763653722;((((_a0_ + x) * (_a1_ * x)) + -(pow3(x))) * (-(_a7_) * -(_a1_)));{'d0': {'_a0_': 0.8426446044212005, '_a1_': -0.6238594155641043, '_a7_': 5.412695222339984, '_a2_': 1.0, '_a3_': 1.0, '_a4_': 1.0, '_a5_': 1.0, '_a6_': 1.0}};{'d0': 0.02490583291941663};-280.569866449044;48.83865685914947
27740;-91.4462763653722;((((_a0_ + x) * (_a1_ * x)) + -(pow3(x))) * (-(_a7_) * -(_a1_)));{'d0': {'_a0_': 0.8426446044212005, '_a1_': -0.6238594155641043, '_a7_': 5.412695222339984, '_a2_': 1.0, '_a3_': 1.0, '_a4_': 1.0, '_a5_': 1.0, '_a6_': 1.0}};{'d0': 0.02490583291941663};-280.569866449044;48.83865685914947
27741;-91.4462763653722;((((_a0_ + x) * (_a1_ * x)) + -(pow3(x))) * (-(_a7_) * -(_a1_)));{'d0': {'_a0_': 0.8426446044212005, '_a1_': -0.6238594155641043, '_a7_': 5.412695222339984, '_a2_': 1.0, '_a3_': 1.0, '_a4_': 1.0, '_a5_': 1.0, '_a6_': 1.0}};{'d0': 0.02490583291941663};-280.569866449044;48.83865685914947
27742;-91.4462763653722;((((_a0_ + x) * (_a1_ * x)) + -(pow3(x))) * (-(_a7_) * -(_a1_)));{'d0': {'_a0_': 0.8426446044212005, '_a1_': -0.6238594155641043, '_a7_': 5.412695222339984, '_a2_': 1.0, '_a3_': 1.0, '_a4_': 1.0, '_a5_': 1.0, '_a6_': 1.0}};{'d0': 0.02490583291941663};-280.569866449044;48.83865685914947
27743;-91.4462763653722;((((_a0_ + x) * (_a1_ * x)) + -(pow3(x))) * (-(_a7_) * -(_a1_)));{'d0': {'_a0_': 0.8426446044212005, '_a1_': -0.6238594155641043, '_a7_': 5.412695222339984, '_a2_': 1.0, '_a3_': 1.0, '_a4_': 1.0, '_a5_': 1.0, '_a6_': 1.0}};{'d0': 0.02490583291941663};-280.569866449044;48.83865685914947
27744;-91.4462763653722;((((_a0_ + x) * (_a1_ * x)) + -(pow3(x))) * (-(_a7_) * -(_a1_)));{'d0': {'_a0_': 0.8426446044212005, '_a1_': -0.6238594155641043, '_a7_': 5.412695222339984, '_a2_': 1.0, '_a3_': 1.0, '_a4_': 1.0, '_a5_': 1.0, '_a6_': 1.0}};{'d0': 0.02490583291941663};-280.569866449044;48.83865685914947
27745;-91.4462763653722;((((_a0_ + x) * (_a1_ * x)) + -(pow3(x))) * (-(_a7_) * -(_a1_)));{'d0': {'_a0_': 0.8426446044212005, '_a1_': -0.6238594155641043, '_a7_': 5.412695222339984, '_a2_': 1.0, '_a3_': 1.0, '_a4_': 1.0, '_a5_': 1.0, '_a6_': 1.0}};{'d0': 0.02490583291941663};-280.569866449044;48.83865685914947
27746;-91.4462763653722;((((_a0_ + x) * (_a1_ * x)) + -(pow3(x))) * (-(_a7_) * -(_a1_)));{'d0': {'_a0_': 0.8426446044212005, '_a1_': -0.6238594155641043, '_a7_': 5.412695222339984, '_a2_': 1.0, '_a3_': 1.0, '_a4_': 1.0, '_a5_': 1.0, '_a6_': 1.0}};{'d0': 0.02490583291941663};-280.569866449044;48.83865685914947
27747;-91.4462763653722;((((_a0_ + x) * (_a1_ * x)) + -(pow3(x))) * (-(_a7_) * -(_a1_)));{'d0': {'_a0_': 0.8426446044212005, '_a1_': -0.6238594155641043, '_a7_': 5.412695222339984, '_a2_': 1.0, '_a3_': 1.0, '_a4_': 1.0, '_a5_': 1.0, '_a6_': 1.0}};{'d0': 0.02490583291941663};-280.569866449044;48.83865685914947
27748;-91.4462763653722;((((_a0_ + x) * (_a1_ * x)) + -(pow3(x))) * (-(_a7_) * -(_a1_)));{'d0': {'_a0_': 0.8426446044212005, '_a1_': -0.6238594155641043, '_a7_': 5.412695222339984, '_a2_': 1.0, '_a3_': 1.0, '_a4_': 1.0, '_a5_': 1.0, '_a6_': 1.0}};{'d0': 0.02490583291941663};-280.569866449044;48.83865685914947
27749;-91.4462763653722;((((_a0_ + x) * (_a1_ * x)) + -(pow3(x))) * (-(_a7_) * -(_a1_)));{'d0': {'_a0_': 0.8426446044212005, '_a1_': -0.6238594155641043, '_a7_': 5.412695222339984, '_a2_': 1.0, '_a3_': 1.0, '_a4_': 1.0, '_a5_': 1.0, '_a6_': 1.0}};{'d0': 0.02490583291941663};-280.569866449044;48.83865685914947
27750;-91.4462763653722;((((_a0_ + x) * (_a1_ * x)) + -(pow3(x))) * (-(_a7_) * -(_a1_)));{'d0': {'_a0_': 0.8426446044212005, '_a1_': -0.6238594155641043, '_a7_': 5.412695222339984, '_a2_': 1.0, '_a3_': 1.0, '_a4_': 1.0, '_a5_': 1.0, '_a6_': 1.0}};{'d0': 0.02490583291941663};-280.569866449044;48.83865685914947
27751;-91.4462763653722;((((_a0_ + x) * (_a1_ * x)) + -(pow3(x))) * (-(_a7_) * -(_a1_)));{'d0': {'_a0_': 0.8426446044212005, '_a1_': -0.6238594155641043, '_a7_': 5.412695222339984, '_a2_': 1.0, '_a3_': 1.0, '_a4_': 1.0, '_a5_': 1.0, '_a6_': 1.0}};{'d0': 0.02490583291941663};-280.569866449044;48.83865685914947
27752;-91.4462763653722;((((_a0_ + x) * (_a1_ * x)) + -(pow3(x))) * (-(_a7_) * -(_a1_)));{'d0': {'_a0_': 0.8426446044212005, '_a1_': -0.6238594155641043, '_a7_': 5.412695222339984, '_a2_': 1.0, '_a3_': 1.0, '_a4_': 1.0, '_a5_': 1.0, '_a6_': 1.0}};{'d0': 0.02490583291941663};-280.569866449044;48.83865685914947
27753;-91.4462763653722;((((_a0_ + x) * (_a1_ * x)) + -(pow3(x))) * (-(_a7_) * -(_a1_)));{'d0': {'_a0_': 0.8426446044212005, '_a1_': -0.6238594155641043, '_a7_': 5.412695222339984, '_a2_': 1.0, '_a3_': 1.0, '_a4_': 1.0, '_a5_': 1.0, '_a6_': 1.0}};{'d0': 0.02490583291941663};-280.569866449044;48.83865685914947
27754;-91.4462763653722;((((_a0_ + x) * (_a1_ * x)) + -(pow3(x))) * (-(_a7_) * -(_a1_)));{'d0': {'_a0_': 0.8426446044212005, '_a1_': -0.6238594155641043, '_a7_': 5.412695222339984, '_a2_': 1.0, '_a3_': 1.0, '_a4_': 1.0, '_a5_': 1.0, '_a6_': 1.0}};{'d0': 0.02490583291941663};-280.569866449044;48.83865685914947
27755;-91.4462763653722;((((_a0_ + x) * (_a1_ * x)) + -(pow3(x))) * (-(_a7_) * -(_a1_)));{'d0': {'_a0_': 0.8426446044212005, '_a1_': -0.6238594155641043, '_a7_': 5.412695222339984, '_a2_': 1.0, '_a3_': 1.0, '_a4_': 1.0, '_a5_': 1.0, '_a6_': 1.0}};{'d0': 0.02490583291941663};-280.569866449044;48.83865685914947
27756;-91.4462763653722;((((_a0_ + x) * (_a1_ * x)) + -(pow3(x))) * (-(_a7_) * -(_a1_)));{'d0': {'_a0_': 0.8426446044212005, '_a1_': -0.6238594155641043, '_a7_': 5.412695222339984, '_a2_': 1.0, '_a3_': 1.0, '_a4_': 1.0, '_a5_': 1.0, '_a6_': 1.0}};{'d0': 0.02490583291941663};-280.569866449044;48.83865685914947
27757;-91.4462763653722;((((_a0_ + x) * (_a1_ * x)) + -(pow3(x))) * (-(_a7_) * -(_a1_)));{'d0': {'_a0_': 0.8426446044212005, '_a1_': -0.6238594155641043, '_a7_': 5.412695222339984, '_a2_': 1.0, '_a3_': 1.0, '_a4_': 1.0, '_a5_': 1.0, '_a6_': 1.0}};{'d0': 0.02490583291941663};-280.569866449044;48.83865685914947
27758;-91.4462763653722;((((_a0_ + x) * (_a1_ * x)) + -(pow3(x))) * (-(_a7_) * -(_a1_)));{'d0': {'_a0_': 0.8426446044212005, '_a1_': -0.6238594155641043, '_a7_': 5.412695222339984, '_a2_': 1.0, '_a3_': 1.0, '_a4_': 1.0, '_a5_': 1.0, '_a6_': 1.0}};{'d0': 0.02490583291941663};-280.569866449044;48.83865685914947
27759;-91.4462763653722;((((_a0_ + x) * (_a1_ * x)) + -(pow3(x))) * (-(_a7_) * -(_a1_)));{'d0': {'_a0_': 0.8426446044212005, '_a1_': -0.6238594155641043, '_a7_': 5.412695222339984, '_a2_': 1.0, '_a3_': 1.0, '_a4_': 1.0, '_a5_': 1.0, '_a6_': 1.0}};{'d0': 0.02490583291941663};-280.569866449044;48.83865685914947
27760;-91.4462763653722;((((_a0_ + x) * (_a1_ * x)) + -(pow3(x))) * (-(_a7_) * -(_a1_)));{'d0': {'_a0_': 0.8426446044212005, '_a1_': -0.6238594155641043, '_a7_': 5.412695222339984, '_a2_': 1.0, '_a3_': 1.0, '_a4_': 1.0, '_a5_': 1.0, '_a6_': 1.0}};{'d0': 0.02490583291941663};-280.569866449044;48.83865685914947
27761;-91.4462763653722;((((_a0_ + x) * (_a1_ * x)) + -(pow3(x))) * (-(_a7_) * -(_a1_)));{'d0': {'_a0_': 0.8426446044212005, '_a1_': -0.6238594155641043, '_a7_': 5.412695222339984, '_a2_': 1.0, '_a3_': 1.0, '_a4_': 1.0, '_a5_': 1.0, '_a6_': 1.0}};{'d0': 0.02490583291941663};-280.569866449044;48.83865685914947
27762;-91.4462763653722;((((_a0_ + x) * (_a1_ * x)) + -(pow3(x))) * (-(_a7_) * -(_a1_)));{'d0': {'_a0_': 0.8426446044212005, '_a1_': -0.6238594155641043, '_a7_': 5.412695222339984, '_a2_': 1.0, '_a3_': 1.0, '_a4_': 1.0, '_a5_': 1.0, '_a6_': 1.0}};{'d0': 0.02490583291941663};-280.569866449044;48.83865685914947
27763;-91.4462763653722;((((_a0_ + x) * (_a1_ * x)) + -(pow3(x))) * (-(_a7_) * -(_a1_)));{'d0': {'_a0_': 0.8426446044212005, '_a1_': -0.6238594155641043, '_a7_': 5.412695222339984, '_a2_': 1.0, '_a3_': 1.0, '_a4_': 1.0, '_a5_': 1.0, '_a6_': 1.0}};{'d0': 0.02490583291941663};-280.569866449044;48.83865685914947
27764;-91.4462763653722;((((_a0_ + x) * (_a1_ * x)) + -(pow3(x))) * (-(_a7_) * -(_a1_)));{'d0': {'_a0_': 0.8426446044212005, '_a1_': -0.6238594155641043, '_a7_': 5.412695222339984, '_a2_': 1.0, '_a3_': 1.0, '_a4_': 1.0, '_a5_': 1.0, '_a6_': 1.0}};{'d0': 0.02490583291941663};-280.569866449044;48.83865685914947
27765;-91.4462763653722;((((_a0_ + x) * (_a1_ * x)) + -(pow3(x))) * (-(_a7_) * -(_a1_)));{'d0': {'_a0_': 0.8426446044212005, '_a1_': -0.6238594155641043, '_a7_': 5.412695222339984, '_a2_': 1.0, '_a3_': 1.0, '_a4_': 1.0, '_a5_': 1.0, '_a6_': 1.0}};{'d0': 0.02490583291941663};-280.569866449044;48.83865685914947
27766;-91.4462763653722;((((_a0_ + x) * (_a1_ * x)) + -(pow3(x))) * (-(_a7_) * -(_a1_)));{'d0': {'_a0_': 0.8426446044212005, '_a1_': -0.6238594155641043, '_a7_': 5.412695222339984, '_a2_': 1.0, '_a3_': 1.0, '_a4_': 1.0, '_a5_': 1.0, '_a6_': 1.0}};{'d0': 0.02490583291941663};-280.569866449044;48.83865685914947
27767;-90.1747172230341;((-((_a1_ * -(x))) + (((_a4_ * pow2(x)) * _a2_) + (_a2_ / _a0_))) * x);{'d0': {'_a0_': 0.5587367843510331, '_a1_': 2.1066240665424067, '_a2_': 0.9918334478181001, '_a4_': 3.4045640834391615, '_a3_': 1.0, '_a5_': 1.0, '_a6_': 1.0, '_a7_': 1.0}};{'d0': 0.024905832920152794};-276.475521885048;48.063043719489976
27768;-90.6156769601534;((-((_a1_ * -(x))) + (((_a4_ * pow2(x)) * _a2_) + log(_a3_))) * x);{'d0': {'_a1_': 2.106624067645656, '_a2_': 1.2916217797383858, '_a3_': 5.901080113981936, '_a4_': 2.6143572690830212, '_a0_': 1.0, '_a5_': 1.0, '_a6_': 1.0, '_a7_': 1.0}};{'d0': 0.02490583291946627};-276.475521886702;47.62208398319758
27769;-90.6156769601534;((-((_a1_ * -(x))) + (((_a4_ * pow2(x)) * _a2_) + log(_a3_))) * x);{'d0': {'_a1_': 2.106624067645656, '_a2_': 1.2916217797383858, '_a3_': 5.901080113981936, '_a4_': 2.6143572690830212, '_a0_': 1.0, '_a5_': 1.0, '_a6_': 1.0, '_a7_': 1.0}};{'d0': 0.02490583291946627};-276.475521886702;47.62208398319758
27770;-90.6156769601534;((-((_a1_ * -(x))) + (((_a4_ * pow2(x)) * _a2_) + log(_a3_))) * x);{'d0': {'_a1_': 2.106624067645656, '_a2_': 1.2916217797383858, '_a3_': 5.901080113981936, '_a4_': 2.6143572690830212, '_a0_': 1.0, '_a5_': 1.0, '_a6_': 1.0, '_a7_': 1.0}};{'d0': 0.02490583291946627};-276.475521886702;47.62208398319758
27771;-90.6156769601534;((-((_a1_ * -(x))) + (((_a4_ * pow2(x)) * _a2_) + log(_a3_))) * x);{'d0': {'_a1_': 2.106624067645656, '_a2_': 1.2916217797383858, '_a3_': 5.901080113981936, '_a4_': 2.6143572690830212, '_a0_': 1.0, '_a5_': 1.0, '_a6_': 1.0, '_a7_': 1.0}};{'d0': 0.02490583291946627};-276.475521886702;47.62208398319758
27772;-90.6156769601534;((-((_a1_ * -(x))) + (((_a4_ * pow2(x)) * _a2_) + log(_a3_))) * x);{'d0': {'_a1_': 2.106624067645656, '_a2_': 1.2916217797383858, '_a3_': 5.901080113981936, '_a4_': 2.6143572690830212, '_a0_': 1.0, '_a5_': 1.0, '_a6_': 1.0, '_a7_': 1.0}};{'d0': 0.02490583291946627};-276.475521886702;47.62208398319758
27773;-90.6156769601534;((-((_a1_ * -(x))) + (((_a4_ * pow2(x)) * _a2_) + log(_a3_))) * x);{'d0': {'_a1_': 2.106624067645656, '_a2_': 1.2916217797383858, '_a3_': 5.901080113981936, '_a4_': 2.6143572690830212, '_a0_': 1.0, '_a5_': 1.0, '_a6_': 1.0, '_a7_': 1.0}};{'d0': 0.02490583291946627};-276.475521886702;47.62208398319758
27774;-92.6628492413242;((-((_a4_ * -(x))) + (((_a4_ * pow2(x)) * _a2_) + log(_a3_))) * x);{'d0': {'_a2_': 1.6029252348573875, '_a3_': 5.901080113857702, '_a4_': 2.1066240680405324, '_a0_': 1.0, '_a1_': 1.0, '_a5_': 1.0, '_a6_': 1.0, '_a7_': 1.0}};{'d0': 0.024905832919416643};-280.569866449044;47.62208398319758
27775;-92.6628492413242;((-((_a4_ * -(x))) + (((_a4_ * pow2(x)) * _a2_) + log(_a3_))) * x);{'d0': {'_a2_': 1.6029252348573875, '_a3_': 5.901080113857702, '_a4_': 2.1066240680405324, '_a0_': 1.0, '_a1_': 1.0, '_a5_': 1.0, '_a6_': 1.0, '_a7_': 1.0}};{'d0': 0.024905832919416643};-280.569866449044;47.62208398319758
27776;-92.6628492413242;((-((_a4_ * -(x))) + (((_a4_ * pow2(x)) * _a2_) + log(_a3_))) * x);{'d0': {'_a2_': 1.6029252348573875, '_a3_': 5.901080113857702, '_a4_': 2.1066240680405324, '_a0_': 1.0, '_a1_': 1.0, '_a5_': 1.0, '_a6_': 1.0, '_a7_': 1.0}};{'d0': 0.024905832919416643};-280.569866449044;47.62208398319758
27777;-92.6628492413242;((-((_a4_ * -(x))) + (((_a4_ * pow2(x)) * _a2_) + log(_a3_))) * x);{'d0': {'_a2_': 1.6029252348573875, '_a3_': 5.901080113857702, '_a4_': 2.1066240680405324, '_a0_': 1.0, '_a1_': 1.0, '_a5_': 1.0, '_a6_': 1.0, '_a7_': 1.0}};{'d0': 0.024905832919416643};-280.569866449044;47.62208398319758
27778;-92.6628492413242;((-((_a4_ * -(x))) + (((_a4_ * pow2(x)) * _a2_) + log(_a3_))) * x);{'d0': {'_a2_': 1.6029252348573875, '_a3_': 5.901080113857702, '_a4_': 2.1066240680405324, '_a0_': 1.0, '_a1_': 1.0, '_a5_': 1.0, '_a6_': 1.0, '_a7_': 1.0}};{'d0': 0.024905832919416643};-280.569866449044;47.62208398319758
27779;-92.6628492413242;((-((_a4_ * -(x))) + (((_a4_ * pow2(x)) * _a2_) + log(_a3_))) * x);{'d0': {'_a2_': 1.6029252348573875, '_a3_': 5.901080113857702, '_a4_': 2.1066240680405324, '_a0_': 1.0, '_a1_': 1.0, '_a5_': 1.0, '_a6_': 1.0, '_a7_': 1.0}};{'d0': 0.024905832919416643};-280.569866449044;47.62208398319758
27780;-98.0221812714343;((-((_a4_ * -(x))) + (((_a4_ * pow2(x)) * _a2_) + _a0_)) * x);{'d0': {'_a0_': 1.775135404080851, '_a2_': 1.6029252345315788, '_a4_': 2.1066240687243933, '_a1_': 1.0, '_a3_': 1.0, '_a5_': 1.0, '_a6_': 1.0, '_a7_': 1.0}};{'d0': 0.024905832919416577};-280.569866449044;42.26275195308757
27781;-98.0221812714343;((-((_a4_ * -(x))) + (((_a4_ * pow2(x)) * _a2_) + _a0_)) * x);{'d0': {'_a0_': 1.775135404080851, '_a2_': 1.6029252345315788, '_a4_': 2.1066240687243933, '_a1_': 1.0, '_a3_': 1.0, '_a5_': 1.0, '_a6_': 1.0, '_a7_': 1.0}};{'d0': 0.024905832919416577};-280.569866449044;42.26275195308757
27782;-98.0221812714343;((-((_a4_ * -(x))) + (((_a4_ * pow2(x)) * _a2_) + _a0_)) * x);{'d0': {'_a0_': 1.775135404080851, '_a2_': 1.6029252345315788, '_a4_': 2.1066240687243933, '_a1_': 1.0, '_a3_': 1.0, '_a5_': 1.0, '_a6_': 1.0, '_a7_': 1.0}};{'d0': 0.024905832919416577};-280.569866449044;42.26275195308757
27783;-98.0221812714343;((-((_a4_ * -(x))) + (((_a4_ * pow2(x)) * _a2_) + _a0_)) * x);{'d0': {'_a0_': 1.775135404080851, '_a2_': 1.6029252345315788, '_a4_': 2.1066240687243933, '_a1_': 1.0, '_a3_': 1.0, '_a5_': 1.0, '_a6_': 1.0, '_a7_': 1.0}};{'d0': 0.024905832919416577};-280.569866449044;42.26275195308757
27784;-98.0221812714343;((-((_a4_ * -(x))) + (((_a4_ * pow2(x)) * _a2_) + _a0_)) * x);{'d0': {'_a0_': 1.775135404080851, '_a2_': 1.6029252345315788, '_a4_': 2.1066240687243933, '_a1_': 1.0, '_a3_': 1.0, '_a5_': 1.0, '_a6_': 1.0, '_a7_': 1.0}};{'d0': 0.024905832919416577};-280.569866449044;42.26275195308757
27785;-98.0221812714343;((-((_a4_ * -(x))) + (((_a4_ * pow2(x)) * _a2_) + _a0_)) * x);{'d0': {'_a0_': 1.775135404080851, '_a2_': 1.6029252345315788, '_a4_': 2.1066240687243933, '_a1_': 1.0, '_a3_': 1.0, '_a5_': 1.0, '_a6_': 1.0, '_a7_': 1.0}};{'d0': 0.024905832919416577};-280.569866449044;42.26275195308757
27786;-98.0221812714343;((-((_a4_ * -(x))) + (((_a4_ * pow2(x)) * _a2_) + _a0_)) * x);{'d0': {'_a0_': 1.775135404080851, '_a2_': 1.6029252345315788, '_a4_': 2.1066240687243933, '_a1_': 1.0, '_a3_': 1.0, '_a5_': 1.0, '_a6_': 1.0, '_a7_': 1.0}};{'d0': 0.024905832919416577};-280.569866449044;42.26275195308757
27787;-98.0221812714343;((-((_a4_ * -(x))) + (((_a4_ * pow2(x)) * _a2_) + _a0_)) * x);{'d0': {'_a0_': 1.775135404080851, '_a2_': 1.6029252345315788, '_a4_': 2.1066240687243933, '_a1_': 1.0, '_a3_': 1.0, '_a5_': 1.0, '_a6_': 1.0, '_a7_': 1.0}};{'d0': 0.024905832919416577};-280.569866449044;42.26275195308757
27788;-98.0221812714343;((-((_a4_ * -(x))) + (((_a4_ * pow2(x)) * _a2_) + _a0_)) * x);{'d0': {'_a0_': 1.775135404080851, '_a2_': 1.6029252345315788, '_a4_': 2.1066240687243933, '_a1_': 1.0, '_a3_': 1.0, '_a5_': 1.0, '_a6_': 1.0, '_a7_': 1.0}};{'d0': 0.024905832919416577};-280.569866449044;42.26275195308757
27789;-98.0221812714343;((-((_a4_ * -(x))) + (((_a4_ * pow2(x)) * _a2_) + _a3_)) * x);{'d0': {'_a2_': 1.60292523465061, '_a3_': 1.7751354040666394, '_a4_': 2.106624068178618, '_a0_': 1.0, '_a1_': 1.0, '_a5_': 1.0, '_a6_': 1.0, '_a7_': 1.0}};{'d0': 0.024905832919416605};-280.569866449044;42.26275195308757
27790;-93.0004840596552;(((-((_a4_ * -(x))) + (((_a4_ * pow2(x)) * _a2_) + _a3_)) * x) * _a2_);{'d0': {'_a2_': 1.6029252342717886, '_a3_': 1.1074349359873092, '_a4_': 1.3142372609768533, '_a0_': 1.0, '_a1_': 1.0, '_a5_': 1.0, '_a6_': 1.0, '_a7_': 1.0}};{'d0': 0.02490583291941666};-280.569866449044;47.28444916486657
27791;-93.0004840596552;(((-((_a4_ * -(x))) + (((_a4_ * pow2(x)) * _a2_) + _a3_)) * x) * _a2_);{'d0': {'_a2_': 1.6029252342717886, '_a3_': 1.1074349359873092, '_a4_': 1.3142372609768533, '_a0_': 1.0, '_a1_': 1.0, '_a5_': 1.0, '_a6_': 1.0, '_a7_': 1.0}};{'d0': 0.02490583291941666};-280.569866449044;47.28444916486657
27792;-99.6374738973450;(((_a2_ + pow2((x + pow2((_a0_ * (_a0_ * _a3_)))))) * _a6_) * x);{'d0': {'_a0_': 0.4228738684974742, '_a2_': 0.4283916279926311, '_a3_': 3.1232479831799824, '_a6_': 3.3767608776012916, '_a1_': 1.0, '_a4_': 1.0, '_a5_': 1.0, '_a7_': 1.0}};{'d0': 0.024905832935098987};-276.475521849042;38.60028702717611
27793;-99.6374738973450;(((_a2_ + pow2((x + pow2((_a0_ * (_a0_ * _a3_)))))) * _a6_) * x);{'d0': {'_a0_': 0.4228738684974742, '_a2_': 0.4283916279926311, '_a3_': 3.1232479831799824, '_a6_': 3.3767608776012916, '_a1_': 1.0, '_a4_': 1.0, '_a5_': 1.0, '_a7_': 1.0}};{'d0': 0.024905832935098987};-276.475521849042;38.60028702717611
27794;-99.6374738973450;(((_a2_ + pow2((x + pow2((_a0_ * (_a0_ * _a3_)))))) * _a6_) * x);{'d0': {'_a0_': 0.4228738684974742, '_a2_': 0.4283916279926311, '_a3_': 3.1232479831799824, '_a6_': 3.3767608776012916, '_a1_': 1.0, '_a4_': 1.0, '_a5_': 1.0, '_a7_': 1.0}};{'d0': 0.024905832935098987};-276.475521849042;38.60028702717611
27795;-93.0004840596552;(((-((_a4_ * -(x))) + (((_a4_ * pow2(x)) * _a2_) + _a3_)) * x) * _a2_);{'d0': {'_a2_': 1.6029252342717886, '_a3_': 1.1074349359873092, '_a4_': 1.3142372609768533, '_a0_': 1.0, '_a1_': 1.0, '_a5_': 1.0, '_a6_': 1.0, '_a7_': 1.0}};{'d0': 0.02490583291941666};-280.569866449044;47.28444916486657
27796;-87.9064295615543;(((-((_a4_ * -(x))) + (((_a4_ * pow2(x)) * _a2_) + (_a3_ * _a4_))) * x) * _a2_);{'d0': {'_a2_': 1.6029252350766552, '_a3_': 0.8426446047358597, '_a4_': 1.3142372586036821, '_a0_': 1.0, '_a1_': 1.0, '_a5_': 1.0, '_a6_': 1.0, '_a7_': 1.0}};{'d0': 0.024905832919416587};-280.569866449044;52.378503662967574
27797;-87.9064295615543;(((-((_a4_ * -(x))) + (((_a4_ * pow2(x)) * _a2_) + (_a3_ * _a4_))) * x) * _a2_);{'d0': {'_a2_': 1.6029252350766552, '_a3_': 0.8426446047358597, '_a4_': 1.3142372586036821, '_a0_': 1.0, '_a1_': 1.0, '_a5_': 1.0, '_a6_': 1.0, '_a7_': 1.0}};{'d0': 0.024905832919416587};-280.569866449044;52.378503662967574
27798;-87.9064295615543;(((-((_a4_ * -(x))) + (((_a4_ * pow2(x)) * _a2_) + (_a3_ * _a4_))) * x) * _a2_);{'d0': {'_a2_': 1.6029252350766552, '_a3_': 0.8426446047358597, '_a4_': 1.3142372586036821, '_a0_': 1.0, '_a1_': 1.0, '_a5_': 1.0, '_a6_': 1.0, '_a7_': 1.0}};{'d0': 0.024905832919416587};-280.569866449044;52.378503662967574
27799;-87.9064295615543;(((-((_a4_ * -(x))) + (((_a4_ * pow2(x)) * _a2_) + (_a3_ * _a4_))) * x) * _a2_);{'d0': {'_a2_': 1.6029252350766552, '_a3_': 0.8426446047358597, '_a4_': 1.3142372586036821, '_a0_': 1.0, '_a1_': 1.0, '_a5_': 1.0, '_a6_': 1.0, '_a7_': 1.0}};{'d0': 0.024905832919416587};-280.569866449044;52.378503662967574
27800;-93.0004840596553;((-((_a4_ * -(x))) + (((_a4_ * pow2(x)) * _a2_) + (_a3_ * _a4_))) * x);{'d0': {'_a2_': 1.6029252347247558, '_a3_': 0.8426446044013236, '_a4_': 2.106624067723654, '_a0_': 1.0, '_a1_': 1.0, '_a5_': 1.0, '_a6_': 1.0, '_a7_': 1.0}};{'d0': 0.0249058329194166};-280.569866449044;47.28444916486657
27801;-93.0004840596553;((-((_a4_ * -(x))) + (((_a4_ * pow2(x)) * _a2_) + (_a3_ * _a4_))) * x);{'d0': {'_a2_': 1.6029252347247558, '_a3_': 0.8426446044013236, '_a4_': 2.106624067723654, '_a0_': 1.0, '_a1_': 1.0, '_a5_': 1.0, '_a6_': 1.0, '_a7_': 1.0}};{'d0': 0.0249058329194166};-280.569866449044;47.28444916486657
27802;-93.0004840596553;((-((_a4_ * -(x))) + (((_a4_ * pow2(x)) * _a2_) + (_a3_ * _a4_))) * x);{'d0': {'_a2_': 1.6029252347247558, '_a3_': 0.8426446044013236, '_a4_': 2.106624067723654, '_a0_': 1.0, '_a1_': 1.0, '_a5_': 1.0, '_a6_': 1.0, '_a7_': 1.0}};{'d0': 0.0249058329194166};-280.569866449044;47.28444916486657
27803;-93.0004840596553;((-((_a4_ * -(x))) + (((_a4_ * pow2(x)) * _a2_) + (_a3_ * _a4_))) * x);{'d0': {'_a2_': 1.6029252347247558, '_a3_': 0.8426446044013236, '_a4_': 2.106624067723654, '_a0_': 1.0, '_a1_': 1.0, '_a5_': 1.0, '_a6_': 1.0, '_a7_': 1.0}};{'d0': 0.0249058329194166};-280.569866449044;47.28444916486657
27804;-93.0004840596553;((-((_a4_ * -(x))) + (((_a4_ * pow2(x)) * _a2_) + (_a3_ * _a4_))) * x);{'d0': {'_a2_': 1.6029252347247558, '_a3_': 0.8426446044013236, '_a4_': 2.106624067723654, '_a0_': 1.0, '_a1_': 1.0, '_a5_': 1.0, '_a6_': 1.0, '_a7_': 1.0}};{'d0': 0.0249058329194166};-280.569866449044;47.28444916486657
27805;-93.0004840596553;((-((_a4_ * -(x))) + (((_a4_ * pow2(x)) * _a2_) + (_a3_ * _a4_))) * x);{'d0': {'_a2_': 1.6029252347247558, '_a3_': 0.8426446044013236, '_a4_': 2.106624067723654, '_a0_': 1.0, '_a1_': 1.0, '_a5_': 1.0, '_a6_': 1.0, '_a7_': 1.0}};{'d0': 0.0249058329194166};-280.569866449044;47.28444916486657
27806;-93.0004840596553;((-((_a4_ * -(x))) + (((_a4_ * pow2(x)) * _a2_) + (_a3_ * _a4_))) * x);{'d0': {'_a2_': 1.6029252347247558, '_a3_': 0.8426446044013236, '_a4_': 2.106624067723654, '_a0_': 1.0, '_a1_': 1.0, '_a5_': 1.0, '_a6_': 1.0, '_a7_': 1.0}};{'d0': 0.0249058329194166};-280.569866449044;47.28444916486657
27807;-93.0004840596553;((-((_a4_ * -(x))) + (((_a4_ * pow2(x)) * _a2_) + (_a3_ * _a4_))) * x);{'d0': {'_a2_': 1.6029252347247558, '_a3_': 0.8426446044013236, '_a4_': 2.106624067723654, '_a0_': 1.0, '_a1_': 1.0, '_a5_': 1.0, '_a6_': 1.0, '_a7_': 1.0}};{'d0': 0.0249058329194166};-280.569866449044;47.28444916486657
27808;-93.0004840596553;((-((_a4_ * -(x))) + (((_a4_ * pow2(x)) * _a2_) + (_a3_ * _a4_))) * x);{'d0': {'_a2_': 1.6029252347247558, '_a3_': 0.8426446044013236, '_a4_': 2.106624067723654, '_a0_': 1.0, '_a1_': 1.0, '_a5_': 1.0, '_a6_': 1.0, '_a7_': 1.0}};{'d0': 0.0249058329194166};-280.569866449044;47.28444916486657
27809;-93.0004840596553;((-((_a4_ * -(x))) + (((_a4_ * pow2(x)) * _a2_) + (_a3_ * _a4_))) * x);{'d0': {'_a2_': 1.6029252347247558, '_a3_': 0.8426446044013236, '_a4_': 2.106624067723654, '_a0_': 1.0, '_a1_': 1.0, '_a5_': 1.0, '_a6_': 1.0, '_a7_': 1.0}};{'d0': 0.0249058329194166};-280.569866449044;47.28444916486657
27810;-93.0004840596553;((-((_a4_ * -(x))) + (((_a4_ * pow2(x)) * _a2_) + (_a3_ * _a4_))) * x);{'d0': {'_a2_': 1.6029252347247558, '_a3_': 0.8426446044013236, '_a4_': 2.106624067723654, '_a0_': 1.0, '_a1_': 1.0, '_a5_': 1.0, '_a6_': 1.0, '_a7_': 1.0}};{'d0': 0.0249058329194166};-280.569866449044;47.28444916486657
27811;-93.0004840596553;((-((_a4_ * -(x))) + (((_a4_ * pow2(x)) * _a2_) + (_a3_ * _a4_))) * x);{'d0': {'_a2_': 1.6029252347247558, '_a3_': 0.8426446044013236, '_a4_': 2.106624067723654, '_a0_': 1.0, '_a1_': 1.0, '_a5_': 1.0, '_a6_': 1.0, '_a7_': 1.0}};{'d0': 0.0249058329194166};-280.569866449044;47.28444916486657
27812;-93.0004840596553;((-((_a4_ * -(x))) + (((_a4_ * pow2(x)) * _a2_) + (_a3_ * _a4_))) * x);{'d0': {'_a2_': 1.6029252347247558, '_a3_': 0.8426446044013236, '_a4_': 2.106624067723654, '_a0_': 1.0, '_a1_': 1.0, '_a5_': 1.0, '_a6_': 1.0, '_a7_': 1.0}};{'d0': 0.0249058329194166};-280.569866449044;47.28444916486657
27813;-93.0004840596553;((-((_a4_ * -(x))) + (((_a4_ * pow2(x)) * _a2_) + (_a3_ * _a4_))) * x);{'d0': {'_a2_': 1.6029252347247558, '_a3_': 0.8426446044013236, '_a4_': 2.106624067723654, '_a0_': 1.0, '_a1_': 1.0, '_a5_': 1.0, '_a6_': 1.0, '_a7_': 1.0}};{'d0': 0.0249058329194166};-280.569866449044;47.28444916486657
27814;-93.0004840596553;((-((_a4_ * -(x))) + (((_a4_ * pow2(x)) * _a2_) + (_a3_ * _a4_))) * x);{'d0': {'_a2_': 1.6029252347247558, '_a3_': 0.8426446044013236, '_a4_': 2.106624067723654, '_a0_': 1.0, '_a1_': 1.0, '_a5_': 1.0, '_a6_': 1.0, '_a7_': 1.0}};{'d0': 0.0249058329194166};-280.569866449044;47.28444916486657
27815;-93.0004840596553;((-((_a4_ * -(x))) + (((_a4_ * pow2(x)) * _a2_) + (_a3_ * _a4_))) * x);{'d0': {'_a2_': 1.6029252347247558, '_a3_': 0.8426446044013236, '_a4_': 2.106624067723654, '_a0_': 1.0, '_a1_': 1.0, '_a5_': 1.0, '_a6_': 1.0, '_a7_': 1.0}};{'d0': 0.0249058329194166};-280.569866449044;47.28444916486657
27816;-93.0004840596553;((-((_a4_ * -(x))) + (((_a4_ * pow2(x)) * _a2_) + (_a3_ * _a4_))) * x);{'d0': {'_a2_': 1.6029252347247558, '_a3_': 0.8426446044013236, '_a4_': 2.106624067723654, '_a0_': 1.0, '_a1_': 1.0, '_a5_': 1.0, '_a6_': 1.0, '_a7_': 1.0}};{'d0': 0.0249058329194166};-280.569866449044;47.28444916486657
27817;-93.0004840596553;((-((_a4_ * -(x))) + (((_a4_ * pow2(x)) * _a2_) + (_a3_ * _a4_))) * x);{'d0': {'_a2_': 1.6029252347247558, '_a3_': 0.8426446044013236, '_a4_': 2.106624067723654, '_a0_': 1.0, '_a1_': 1.0, '_a5_': 1.0, '_a6_': 1.0, '_a7_': 1.0}};{'d0': 0.0249058329194166};-280.569866449044;47.28444916486657
27818;-93.0004840596553;((-((_a4_ * -(x))) + (((_a4_ * pow2(x)) * _a2_) + (_a3_ * _a4_))) * x);{'d0': {'_a2_': 1.6029252347247558, '_a3_': 0.8426446044013236, '_a4_': 2.106624067723654, '_a0_': 1.0, '_a1_': 1.0, '_a5_': 1.0, '_a6_': 1.0, '_a7_': 1.0}};{'d0': 0.0249058329194166};-280.569866449044;47.28444916486657
27819;-104.531628829011;(((_a2_ / _a0_) * (pow2(((x * _a2_) + _a0_)) + _a4_)) * x);{'d0': {'_a0_': 0.3201365510800173, '_a2_': 1.026309911859379, '_a4_': 0.4512300570587757, '_a1_': 1.0, '_a3_': 1.0, '_a5_': 1.0, '_a6_': 1.0, '_a7_': 1.0}};{'d0': 0.024905832919416514};-280.569866449044;35.75330439551135
27820;-104.531628829011;(((_a2_ / _a0_) * (pow2(((x * _a2_) + _a0_)) + _a4_)) * x);{'d0': {'_a0_': 0.3201365510800173, '_a2_': 1.026309911859379, '_a4_': 0.4512300570587757, '_a1_': 1.0, '_a3_': 1.0, '_a5_': 1.0, '_a6_': 1.0, '_a7_': 1.0}};{'d0': 0.024905832919416514};-280.569866449044;35.75330439551135
27821;-104.531628829011;(((_a2_ / _a0_) * (pow2(((x * _a2_) + _a0_)) + _a4_)) * x);{'d0': {'_a0_': 0.3201365510800173, '_a2_': 1.026309911859379, '_a4_': 0.4512300570587757, '_a1_': 1.0, '_a3_': 1.0, '_a5_': 1.0, '_a6_': 1.0, '_a7_': 1.0}};{'d0': 0.024905832919416514};-280.569866449044;35.75330439551135
27822;-104.531628829011;(((_a2_ / _a0_) * (pow2(((x * _a2_) + _a0_)) + _a4_)) * x);{'d0': {'_a0_': 0.3201365510800173, '_a2_': 1.026309911859379, '_a4_': 0.4512300570587757, '_a1_': 1.0, '_a3_': 1.0, '_a5_': 1.0, '_a6_': 1.0, '_a7_': 1.0}};{'d0': 0.024905832919416514};-280.569866449044;35.75330439551135
27823;-104.531628829011;(((_a2_ / _a0_) * (pow2(((x * _a2_) + _a0_)) + _a4_)) * x);{'d0': {'_a0_': 0.3201365510800173, '_a2_': 1.026309911859379, '_a4_': 0.4512300570587757, '_a1_': 1.0, '_a3_': 1.0, '_a5_': 1.0, '_a6_': 1.0, '_a7_': 1.0}};{'d0': 0.024905832919416514};-280.569866449044;35.75330439551135
27824;-104.531628829011;(((_a2_ / _a0_) * (pow2(((x * _a2_) + _a0_)) + _a4_)) * x);{'d0': {'_a0_': 0.3201365510800173, '_a2_': 1.026309911859379, '_a4_': 0.4512300570587757, '_a1_': 1.0, '_a3_': 1.0, '_a5_': 1.0, '_a6_': 1.0, '_a7_': 1.0}};{'d0': 0.024905832919416514};-280.569866449044;35.75330439551135
27825;-104.531628829011;(((_a2_ / _a0_) * (pow2(((x * _a2_) + _a0_)) + _a4_)) * x);{'d0': {'_a0_': 0.3201365510800173, '_a2_': 1.026309911859379, '_a4_': 0.4512300570587757, '_a1_': 1.0, '_a3_': 1.0, '_a5_': 1.0, '_a6_': 1.0, '_a7_': 1.0}};{'d0': 0.024905832919416514};-280.569866449044;35.75330439551135
27826;-104.531628829011;(((_a2_ / _a0_) * (pow2(((x * _a2_) + _a0_)) + _a4_)) * x);{'d0': {'_a0_': 0.3201365510800173, '_a2_': 1.026309911859379, '_a4_': 0.4512300570587757, '_a1_': 1.0, '_a3_': 1.0, '_a5_': 1.0, '_a6_': 1.0, '_a7_': 1.0}};{'d0': 0.024905832919416514};-280.569866449044;35.75330439551135
27827;-104.531628829011;(((_a2_ / _a0_) * (pow2(((x * _a2_) + _a0_)) + _a4_)) * x);{'d0': {'_a0_': 0.3201365510800173, '_a2_': 1.026309911859379, '_a4_': 0.4512300570587757, '_a1_': 1.0, '_a3_': 1.0, '_a5_': 1.0, '_a6_': 1.0, '_a7_': 1.0}};{'d0': 0.024905832919416514};-280.569866449044;35.75330439551135
27828;-104.531628829011;(((_a2_ / _a0_) * (pow2(((x * _a2_) + _a0_)) + _a4_)) * x);{'d0': {'_a0_': 0.3201365510800173, '_a2_': 1.026309911859379, '_a4_': 0.4512300570587757, '_a1_': 1.0, '_a3_': 1.0, '_a5_': 1.0, '_a6_': 1.0, '_a7_': 1.0}};{'d0': 0.024905832919416514};-280.569866449044;35.75330439551135
27829;-104.531628829011;(((_a2_ / _a0_) * (pow2(((x * _a2_) + _a0_)) + _a4_)) * x);{'d0': {'_a0_': 0.3201365510800173, '_a2_': 1.026309911859379, '_a4_': 0.4512300570587757, '_a1_': 1.0, '_a3_': 1.0, '_a5_': 1.0, '_a6_': 1.0, '_a7_': 1.0}};{'d0': 0.024905832919416514};-280.569866449044;35.75330439551135
27830;-104.531628829011;(((_a2_ / _a0_) * (pow2(((x * _a2_) + _a0_)) + _a4_)) * x);{'d0': {'_a0_': 0.3201365510800173, '_a2_': 1.026309911859379, '_a4_': 0.4512300570587757, '_a1_': 1.0, '_a3_': 1.0, '_a5_': 1.0, '_a6_': 1.0, '_a7_': 1.0}};{'d0': 0.024905832919416514};-280.569866449044;35.75330439551135
27831;-104.531628829011;(((_a2_ / _a0_) * (pow2(((x * _a2_) + _a0_)) + _a4_)) * x);{'d0': {'_a0_': 0.3201365510800173, '_a2_': 1.026309911859379, '_a4_': 0.4512300570587757, '_a1_': 1.0, '_a3_': 1.0, '_a5_': 1.0, '_a6_': 1.0, '_a7_': 1.0}};{'d0': 0.024905832919416514};-280.569866449044;35.75330439551135
27832;-104.531628829011;(((_a2_ / _a0_) * (pow2(((x * _a2_) + _a0_)) + _a4_)) * x);{'d0': {'_a0_': 0.3201365510800173, '_a2_': 1.026309911859379, '_a4_': 0.4512300570587757, '_a1_': 1.0, '_a3_': 1.0, '_a5_': 1.0, '_a6_': 1.0, '_a7_': 1.0}};{'d0': 0.024905832919416514};-280.569866449044;35.75330439551135
27833;-104.531628829011;(((_a2_ / _a0_) * (pow2(((x * _a2_) + _a0_)) + _a4_)) * x);{'d0': {'_a0_': 0.3201365510800173, '_a2_': 1.026309911859379, '_a4_': 0.4512300570587757, '_a1_': 1.0, '_a3_': 1.0, '_a5_': 1.0, '_a6_': 1.0, '_a7_': 1.0}};{'d0': 0.024905832919416514};-280.569866449044;35.75330439551135
27834;-104.531628829011;(((_a2_ / _a0_) * (pow2(((x * _a2_) + _a0_)) + _a4_)) * x);{'d0': {'_a0_': 0.3201365510800173, '_a2_': 1.026309911859379, '_a4_': 0.4512300570587757, '_a1_': 1.0, '_a3_': 1.0, '_a5_': 1.0, '_a6_': 1.0, '_a7_': 1.0}};{'d0': 0.024905832919416514};-280.569866449044;35.75330439551135
27835;-104.531628829011;(((_a2_ / _a0_) * (pow2(((x * _a2_) + _a0_)) + _a4_)) * x);{'d0': {'_a0_': 0.3201365510800173, '_a2_': 1.026309911859379, '_a4_': 0.4512300570587757, '_a1_': 1.0, '_a3_': 1.0, '_a5_': 1.0, '_a6_': 1.0, '_a7_': 1.0}};{'d0': 0.024905832919416514};-280.569866449044;35.75330439551135
27836;-104.531628829011;(((_a2_ / _a0_) * (pow2(((x * _a2_) + _a0_)) + _a4_)) * x);{'d0': {'_a0_': 0.3201365510800173, '_a2_': 1.026309911859379, '_a4_': 0.4512300570587757, '_a1_': 1.0, '_a3_': 1.0, '_a5_': 1.0, '_a6_': 1.0, '_a7_': 1.0}};{'d0': 0.024905832919416514};-280.569866449044;35.75330439551135
27837;-104.531628829011;(((_a2_ / _a0_) * (pow2(((x * _a2_) + _a0_)) + _a4_)) * x);{'d0': {'_a0_': 0.3201365510800173, '_a2_': 1.026309911859379, '_a4_': 0.4512300570587757, '_a1_': 1.0, '_a3_': 1.0, '_a5_': 1.0, '_a6_': 1.0, '_a7_': 1.0}};{'d0': 0.024905832919416514};-280.569866449044;35.75330439551135
27838;-104.531628829011;(((_a2_ / _a0_) * (pow2(((x * _a2_) + _a0_)) + _a4_)) * x);{'d0': {'_a0_': 0.3201365510800173, '_a2_': 1.026309911859379, '_a4_': 0.4512300570587757, '_a1_': 1.0, '_a3_': 1.0, '_a5_': 1.0, '_a6_': 1.0, '_a7_': 1.0}};{'d0': 0.024905832919416514};-280.569866449044;35.75330439551135
27839;-104.531628829011;(((_a2_ / _a0_) * (pow2(((x * _a2_) + _a0_)) + _a4_)) * x);{'d0': {'_a0_': 0.3201365510800173, '_a2_': 1.026309911859379, '_a4_': 0.4512300570587757, '_a1_': 1.0, '_a3_': 1.0, '_a5_': 1.0, '_a6_': 1.0, '_a7_': 1.0}};{'d0': 0.024905832919416514};-280.569866449044;35.75330439551135
27840;-104.531628829011;(((_a2_ / _a0_) * (pow2(((x * _a2_) + _a0_)) + _a4_)) * x);{'d0': {'_a0_': 0.3201365510800173, '_a2_': 1.026309911859379, '_a4_': 0.4512300570587757, '_a1_': 1.0, '_a3_': 1.0, '_a5_': 1.0, '_a6_': 1.0, '_a7_': 1.0}};{'d0': 0.024905832919416514};-280.569866449044;35.75330439551135
27841;-106.633986122803;((pow2(_a2_) * (pow2(((x * _a2_) + _a0_)) + _a4_)) * x);{'d0': {'_a0_': 0.42284559952874184, '_a2_': 1.3555797634872446, '_a4_': 0.7872109535245989, '_a1_': 1.0, '_a3_': 1.0, '_a5_': 1.0, '_a6_': 1.0, '_a7_': 1.0}};{'d0': 0.024905832919416653};-280.569866449044;33.65094710171895
27842;-106.633986122803;((pow2(_a2_) * (pow2(((x * _a2_) + _a0_)) + _a4_)) * x);{'d0': {'_a0_': 0.42284559952874184, '_a2_': 1.3555797634872446, '_a4_': 0.7872109535245989, '_a1_': 1.0, '_a3_': 1.0, '_a5_': 1.0, '_a6_': 1.0, '_a7_': 1.0}};{'d0': 0.024905832919416653};-280.569866449044;33.65094710171895
27843;-106.633986122803;((pow2(_a2_) * (pow2(((x * _a2_) + _a0_)) + _a4_)) * x);{'d0': {'_a0_': 0.42284559952874184, '_a2_': 1.3555797634872446, '_a4_': 0.7872109535245989, '_a1_': 1.0, '_a3_': 1.0, '_a5_': 1.0, '_a6_': 1.0, '_a7_': 1.0}};{'d0': 0.024905832919416653};-280.569866449044;33.65094710171895
27844;-106.633986122803;((pow2(_a2_) * (pow2(((x * _a2_) + _a0_)) + _a4_)) * x);{'d0': {'_a0_': 0.42284559952874184, '_a2_': 1.3555797634872446, '_a4_': 0.7872109535245989, '_a1_': 1.0, '_a3_': 1.0, '_a5_': 1.0, '_a6_': 1.0, '_a7_': 1.0}};{'d0': 0.024905832919416653};-280.569866449044;33.65094710171895
27845;-106.633986122803;((pow2(_a2_) * (pow2(((x * _a2_) + _a0_)) + _a4_)) * x);{'d0': {'_a0_': 0.42284559952874184, '_a2_': 1.3555797634872446, '_a4_': 0.7872109535245989, '_a1_': 1.0, '_a3_': 1.0, '_a5_': 1.0, '_a6_': 1.0, '_a7_': 1.0}};{'d0': 0.024905832919416653};-280.569866449044;33.65094710171895
27846;-106.633986122803;((pow2(_a2_) * (pow2(((x * _a2_) + _a0_)) + _a4_)) * x);{'d0': {'_a0_': 0.42284559952874184, '_a2_': 1.3555797634872446, '_a4_': 0.7872109535245989, '_a1_': 1.0, '_a3_': 1.0, '_a5_': 1.0, '_a6_': 1.0, '_a7_': 1.0}};{'d0': 0.024905832919416653};-280.569866449044;33.65094710171895
27847;-106.633986122803;((pow2(_a2_) * (pow2(((x * _a2_) + _a0_)) + _a4_)) * x);{'d0': {'_a0_': 0.42284559952874184, '_a2_': 1.3555797634872446, '_a4_': 0.7872109535245989, '_a1_': 1.0, '_a3_': 1.0, '_a5_': 1.0, '_a6_': 1.0, '_a7_': 1.0}};{'d0': 0.024905832919416653};-280.569866449044;33.65094710171895
27848;-106.633986122803;((pow2(_a2_) * (pow2(((x * _a2_) + _a0_)) + _a4_)) * x);{'d0': {'_a0_': 0.42284559952874184, '_a2_': 1.3555797634872446, '_a4_': 0.7872109535245989, '_a1_': 1.0, '_a3_': 1.0, '_a5_': 1.0, '_a6_': 1.0, '_a7_': 1.0}};{'d0': 0.024905832919416653};-280.569866449044;33.65094710171895
27849;-106.633986122803;((pow2(_a2_) * (pow2(((x * _a2_) + _a0_)) + _a4_)) * x);{'d0': {'_a0_': 0.42284559952874184, '_a2_': 1.3555797634872446, '_a4_': 0.7872109535245989, '_a1_': 1.0, '_a3_': 1.0, '_a5_': 1.0, '_a6_': 1.0, '_a7_': 1.0}};{'d0': 0.024905832919416653};-280.569866449044;33.65094710171895
27850;-106.633986122803;((pow2(_a2_) * (pow2(((x * _a2_) + _a0_)) + _a4_)) * x);{'d0': {'_a0_': 0.42284559952874184, '_a2_': 1.3555797634872446, '_a4_': 0.7872109535245989, '_a1_': 1.0, '_a3_': 1.0, '_a5_': 1.0, '_a6_': 1.0, '_a7_': 1.0}};{'d0': 0.024905832919416653};-280.569866449044;33.65094710171895
27851;-106.633986122803;((pow2(_a2_) * (pow2(((x * _a2_) + _a0_)) + _a4_)) * x);{'d0': {'_a0_': 0.42284559952874184, '_a2_': 1.3555797634872446, '_a4_': 0.7872109535245989, '_a1_': 1.0, '_a3_': 1.0, '_a5_': 1.0, '_a6_': 1.0, '_a7_': 1.0}};{'d0': 0.024905832919416653};-280.569866449044;33.65094710171895
27852;-106.633986122803;((pow2(_a2_) * (pow2(((x * _a2_) + _a0_)) + _a4_)) * x);{'d0': {'_a0_': 0.42284559952874184, '_a2_': 1.3555797634872446, '_a4_': 0.7872109535245989, '_a1_': 1.0, '_a3_': 1.0, '_a5_': 1.0, '_a6_': 1.0, '_a7_': 1.0}};{'d0': 0.024905832919416653};-280.569866449044;33.65094710171895
27853;-106.633986122803;((pow2(_a2_) * (pow2(((x * _a2_) + _a0_)) + _a4_)) * x);{'d0': {'_a0_': 0.42284559952874184, '_a2_': 1.3555797634872446, '_a4_': 0.7872109535245989, '_a1_': 1.0, '_a3_': 1.0, '_a5_': 1.0, '_a6_': 1.0, '_a7_': 1.0}};{'d0': 0.024905832919416653};-280.569866449044;33.65094710171895
27854;-106.633986122803;((pow2(_a2_) * (pow2(((x * _a2_) + _a0_)) + _a4_)) * x);{'d0': {'_a0_': 0.42284559952874184, '_a2_': 1.3555797634872446, '_a4_': 0.7872109535245989, '_a1_': 1.0, '_a3_': 1.0, '_a5_': 1.0, '_a6_': 1.0, '_a7_': 1.0}};{'d0': 0.024905832919416653};-280.569866449044;33.65094710171895
27855;-106.633986122803;((pow2(_a2_) * (pow2(((x * _a2_) + _a0_)) + _a4_)) * x);{'d0': {'_a0_': 0.42284559952874184, '_a2_': 1.3555797634872446, '_a4_': 0.7872109535245989, '_a1_': 1.0, '_a3_': 1.0, '_a5_': 1.0, '_a6_': 1.0, '_a7_': 1.0}};{'d0': 0.024905832919416653};-280.569866449044;33.65094710171895
27856;-106.633986122803;((pow2(_a2_) * (pow2(((x * _a2_) + _a0_)) + _a4_)) * x);{'d0': {'_a0_': 0.42284559952874184, '_a2_': 1.3555797634872446, '_a4_': 0.7872109535245989, '_a1_': 1.0, '_a3_': 1.0, '_a5_': 1.0, '_a6_': 1.0, '_a7_': 1.0}};{'d0': 0.024905832919416653};-280.569866449044;33.65094710171895
27857;-106.633986122803;((pow2(_a2_) * (pow2(((x * _a2_) + _a0_)) + _a4_)) * x);{'d0': {'_a0_': 0.42284559952874184, '_a2_': 1.3555797634872446, '_a4_': 0.7872109535245989, '_a1_': 1.0, '_a3_': 1.0, '_a5_': 1.0, '_a6_': 1.0, '_a7_': 1.0}};{'d0': 0.024905832919416653};-280.569866449044;33.65094710171895
27858;-106.633986122803;((pow2(_a2_) * (pow2(((x * _a2_) + _a0_)) + _a4_)) * x);{'d0': {'_a0_': 0.42284559952874184, '_a2_': 1.3555797634872446, '_a4_': 0.7872109535245989, '_a1_': 1.0, '_a3_': 1.0, '_a5_': 1.0, '_a6_': 1.0, '_a7_': 1.0}};{'d0': 0.024905832919416653};-280.569866449044;33.65094710171895
27859;-106.633986122803;((pow2(_a2_) * (pow2(((x * _a2_) + _a0_)) + _a4_)) * x);{'d0': {'_a0_': 0.42284559952874184, '_a2_': 1.3555797634872446, '_a4_': 0.7872109535245989, '_a1_': 1.0, '_a3_': 1.0, '_a5_': 1.0, '_a6_': 1.0, '_a7_': 1.0}};{'d0': 0.024905832919416653};-280.569866449044;33.65094710171895
27860;-106.633986122803;((pow2(_a2_) * (pow2(((x * _a2_) + _a0_)) + _a4_)) * x);{'d0': {'_a0_': 0.42284559952874184, '_a2_': 1.3555797634872446, '_a4_': 0.7872109535245989, '_a1_': 1.0, '_a3_': 1.0, '_a5_': 1.0, '_a6_': 1.0, '_a7_': 1.0}};{'d0': 0.024905832919416653};-280.569866449044;33.65094710171895
27861;-106.633986122803;((pow2(_a2_) * (pow2(((x * _a2_) + _a0_)) + _a4_)) * x);{'d0': {'_a0_': 0.42284559952874184, '_a2_': 1.3555797634872446, '_a4_': 0.7872109535245989, '_a1_': 1.0, '_a3_': 1.0, '_a5_': 1.0, '_a6_': 1.0, '_a7_': 1.0}};{'d0': 0.024905832919416653};-280.569866449044;33.65094710171895
27862;-106.633986122803;((pow2(_a2_) * (pow2(((x * _a2_) + _a0_)) + _a4_)) * x);{'d0': {'_a0_': 0.42284559952874184, '_a2_': 1.3555797634872446, '_a4_': 0.7872109535245989, '_a1_': 1.0, '_a3_': 1.0, '_a5_': 1.0, '_a6_': 1.0, '_a7_': 1.0}};{'d0': 0.024905832919416653};-280.569866449044;33.65094710171895
27863;-106.633986122803;((pow2(_a2_) * (pow2(((x * _a2_) + _a0_)) + _a4_)) * x);{'d0': {'_a0_': 0.42284559952874184, '_a2_': 1.3555797634872446, '_a4_': 0.7872109535245989, '_a1_': 1.0, '_a3_': 1.0, '_a5_': 1.0, '_a6_': 1.0, '_a7_': 1.0}};{'d0': 0.024905832919416653};-280.569866449044;33.65094710171895
27864;-83.3819485380153;((-((_a4_ * -(x))) + (((_a4_ * pow2(x)) * _a3_) + pow2(_a2_))) * (x * (_a2_ + _a3_)));{'d0': {'_a2_': 0.8505918209053168, '_a3_': 1.6029252343459308, '_a4_': 0.8586139901178242, '_a0_': 1.0, '_a1_': 1.0, '_a5_': 1.0, '_a6_': 1.0, '_a7_': 1.0}};{'d0': 0.024905832919416615};-280.569866449044;56.90298468650657
27865;-83.3819485380153;((-((_a4_ * -(x))) + (((_a4_ * pow2(x)) * _a3_) + pow2(_a2_))) * (x * (_a2_ + _a3_)));{'d0': {'_a2_': 0.8505918209053168, '_a3_': 1.6029252343459308, '_a4_': 0.8586139901178242, '_a0_': 1.0, '_a1_': 1.0, '_a5_': 1.0, '_a6_': 1.0, '_a7_': 1.0}};{'d0': 0.024905832919416615};-280.569866449044;56.90298468650657
27866;-83.3819485380153;((-((_a4_ * -(x))) + (((_a4_ * pow2(x)) * _a3_) + pow2(_a2_))) * (x * (_a2_ + _a3_)));{'d0': {'_a2_': 0.8505918209053168, '_a3_': 1.6029252343459308, '_a4_': 0.8586139901178242, '_a0_': 1.0, '_a1_': 1.0, '_a5_': 1.0, '_a6_': 1.0, '_a7_': 1.0}};{'d0': 0.024905832919416615};-280.569866449044;56.90298468650657
27867;-83.3819485380153;((-((_a4_ * -(x))) + (((_a4_ * pow2(x)) * _a3_) + pow2(_a2_))) * (x * (_a2_ + _a3_)));{'d0': {'_a2_': 0.8505918209053168, '_a3_': 1.6029252343459308, '_a4_': 0.8586139901178242, '_a0_': 1.0, '_a1_': 1.0, '_a5_': 1.0, '_a6_': 1.0, '_a7_': 1.0}};{'d0': 0.024905832919416615};-280.569866449044;56.90298468650657
27868;-83.3819485380153;((-((_a4_ * -(x))) + (((_a4_ * pow2(x)) * _a3_) + pow2(_a2_))) * (x * (_a2_ + _a3_)));{'d0': {'_a2_': 0.8505918209053168, '_a3_': 1.6029252343459308, '_a4_': 0.8586139901178242, '_a0_': 1.0, '_a1_': 1.0, '_a5_': 1.0, '_a6_': 1.0, '_a7_': 1.0}};{'d0': 0.024905832919416615};-280.569866449044;56.90298468650657
27869;-83.3819485380153;((-((_a4_ * -(x))) + (((_a4_ * pow2(x)) * _a3_) + pow2(_a2_))) * (x * (_a2_ + _a3_)));{'d0': {'_a2_': 0.8505918209053168, '_a3_': 1.6029252343459308, '_a4_': 0.8586139901178242, '_a0_': 1.0, '_a1_': 1.0, '_a5_': 1.0, '_a6_': 1.0, '_a7_': 1.0}};{'d0': 0.024905832919416615};-280.569866449044;56.90298468650657
27870;-81.3347762564666;((-((_a4_ * -(x))) + (((_a4_ * pow2(x)) * _a3_) + pow2(_a2_))) * (x * (_a2_ + _a5_)));{'d0': {'_a2_': 0.9068032813088094, '_a3_': 1.6029252348100538, '_a4_': 0.9758469592386232, '_a5_': 1.2519613516193384, '_a0_': 1.0, '_a1_': 1.0, '_a6_': 1.0, '_a7_': 1.0}};{'d0': 0.024905832919779894};-276.475521885946;56.90298468650657
27871;-81.3347762564897;((-((_a2_ * -(x))) + (((_a4_ * pow2(x)) * _a3_) + pow2(_a2_))) * (x * (_a2_ + _a5_)));{'d0': {'_a2_': 0.8426446033011021, '_a3_': 1.4838858304964067, '_a4_': 0.9102426726839397, '_a5_': 1.657370304645887, '_a0_': 1.0, '_a1_': 1.0, '_a6_': 1.0, '_a7_': 1.0}};{'d0': 0.024905832919760708};-276.475521885993;56.90298468650657
27872;-81.3347762564897;((-((_a2_ * -(x))) + (((_a4_ * pow2(x)) * _a3_) + pow2(_a2_))) * (x * (_a2_ + _a5_)));{'d0': {'_a2_': 0.8426446033011021, '_a3_': 1.4838858304964067, '_a4_': 0.9102426726839397, '_a5_': 1.657370304645887, '_a0_': 1.0, '_a1_': 1.0, '_a6_': 1.0, '_a7_': 1.0}};{'d0': 0.024905832919760708};-276.475521885993;56.90298468650657
27873;-81.3347762564897;((-((_a2_ * -(x))) + (((_a4_ * pow2(x)) * _a3_) + pow2(_a2_))) * (x * (_a2_ + _a5_)));{'d0': {'_a2_': 0.8426446033011021, '_a3_': 1.4838858304964067, '_a4_': 0.9102426726839397, '_a5_': 1.657370304645887, '_a0_': 1.0, '_a1_': 1.0, '_a6_': 1.0, '_a7_': 1.0}};{'d0': 0.024905832919760708};-276.475521885993;56.90298468650657
27874;-81.3347762564897;((-((_a2_ * -(x))) + (((_a4_ * pow2(x)) * _a3_) + pow2(_a2_))) * (x * (_a2_ + _a5_)));{'d0': {'_a2_': 0.8426446033011021, '_a3_': 1.4838858304964067, '_a4_': 0.9102426726839397, '_a5_': 1.657370304645887, '_a0_': 1.0, '_a1_': 1.0, '_a6_': 1.0, '_a7_': 1.0}};{'d0': 0.024905832919760708};-276.475521885993;56.90298468650657
27875;-87.2553772911891;((-((_a2_ * -(x))) + (((_a4_ * pow2(x)) * _a3_) + pow2(_a2_))) * (x * _a1_));{'d0': {'_a1_': 2.5000149119238833, '_a2_': 0.8426446025877458, '_a3_': 1.416079525082887, '_a4_': 0.9538276019230331, '_a0_': 1.0, '_a5_': 1.0, '_a6_': 1.0, '_a7_': 1.0}};{'d0': 0.0249058329316579};-276.475521857331;50.98238363747657
27876;-87.2553772911891;((-((_a2_ * -(x))) + (((_a4_ * pow2(x)) * _a3_) + pow2(_a2_))) * (x * _a1_));{'d0': {'_a1_': 2.5000149119238833, '_a2_': 0.8426446025877458, '_a3_': 1.416079525082887, '_a4_': 0.9538276019230331, '_a0_': 1.0, '_a5_': 1.0, '_a6_': 1.0, '_a7_': 1.0}};{'d0': 0.0249058329316579};-276.475521857331;50.98238363747657
27877;-87.2553772911891;((-((_a2_ * -(x))) + (((_a4_ * pow2(x)) * _a3_) + pow2(_a2_))) * (x * _a1_));{'d0': {'_a1_': 2.5000149119238833, '_a2_': 0.8426446025877458, '_a3_': 1.416079525082887, '_a4_': 0.9538276019230331, '_a0_': 1.0, '_a5_': 1.0, '_a6_': 1.0, '_a7_': 1.0}};{'d0': 0.0249058329316579};-276.475521857331;50.98238363747657
27878;-89.5397095185722;-((((pow2((_a7_ * (((x * _a5_) + _a0_) * (_a4_ * _a4_)))) * _a5_) + _a4_) * x));{'d0': {'_a0_': -0.06334009403148198, '_a4_': -1.4465760889818682, '_a5_': -0.20305887020396798, '_a7_': -9.596980746970901, '_a1_': 1.0, '_a2_': 1.0, '_a3_': 1.0, '_a6_': 1.0}};{'d0': 0.024905832919526433};-276.475521886557;48.69805142470636
27879;-89.5397095186489;-((((pow2((_a3_ * (((x * _a5_) + _a0_) * (_a4_ * _a4_)))) * _a5_) + _a4_) * x));{'d0': {'_a0_': -0.1402057006019042, '_a3_': 2.9140981663158154, '_a4_': -1.4465760893675872, '_a5_': -0.4494785109316712, '_a1_': 1.0, '_a2_': 1.0, '_a6_': 1.0, '_a7_': 1.0}};{'d0': 0.0249058329194627};-276.475521886711;48.69805142470636
27880;-89.5397095186489;-((((pow2((_a3_ * (((x * _a5_) + _a0_) * (_a4_ * _a4_)))) * _a5_) + _a4_) * x));{'d0': {'_a0_': -0.1402057006019042, '_a3_': 2.9140981663158154, '_a4_': -1.4465760893675872, '_a5_': -0.4494785109316712, '_a1_': 1.0, '_a2_': 1.0, '_a6_': 1.0, '_a7_': 1.0}};{'d0': 0.0249058329194627};-276.475521886711;48.69805142470636
27881;-89.5397095186489;-((((pow2((_a3_ * (((x * _a5_) + _a0_) * (_a4_ * _a4_)))) * _a5_) + _a4_) * x));{'d0': {'_a0_': -0.1402057006019042, '_a3_': 2.9140981663158154, '_a4_': -1.4465760893675872, '_a5_': -0.4494785109316712, '_a1_': 1.0, '_a2_': 1.0, '_a6_': 1.0, '_a7_': 1.0}};{'d0': 0.0249058329194627};-276.475521886711;48.69805142470636
27882;-89.5397095186489;-((((pow2((_a3_ * (((x * _a5_) + _a0_) * (_a4_ * _a4_)))) * _a5_) + _a4_) * x));{'d0': {'_a0_': -0.1402057006019042, '_a3_': 2.9140981663158154, '_a4_': -1.4465760893675872, '_a5_': -0.4494785109316712, '_a1_': 1.0, '_a2_': 1.0, '_a6_': 1.0, '_a7_': 1.0}};{'d0': 0.0249058329194627};-276.475521886711;48.69805142470636
27883;-89.5397095186489;-((((pow2((_a3_ * (((x * _a5_) + _a0_) * (_a4_ * _a4_)))) * _a5_) + _a4_) * x));{'d0': {'_a0_': -0.1402057006019042, '_a3_': 2.9140981663158154, '_a4_': -1.4465760893675872, '_a5_': -0.4494785109316712, '_a1_': 1.0, '_a2_': 1.0, '_a6_': 1.0, '_a7_': 1.0}};{'d0': 0.0249058329194627};-276.475521886711;48.69805142470636
27884;-89.5397095186489;-((((pow2((_a3_ * (((x * _a5_) + _a0_) * (_a4_ * _a4_)))) * _a5_) + _a4_) * x));{'d0': {'_a0_': -0.1402057006019042, '_a3_': 2.9140981663158154, '_a4_': -1.4465760893675872, '_a5_': -0.4494785109316712, '_a1_': 1.0, '_a2_': 1.0, '_a6_': 1.0, '_a7_': 1.0}};{'d0': 0.0249058329194627};-276.475521886711;48.69805142470636
27885;-88.8334722501042;-((((pow2((_a3_ * (((x * _a5_) + _a0_) / (_a4_ * _a4_)))) * _a5_) + _a4_) * x));{'d0': {'_a0_': -0.22247615666006237, '_a3_': 6.383995744857511, '_a4_': -1.446576088718146, '_a5_': -0.7132252914077759, '_a1_': 1.0, '_a2_': 1.0, '_a6_': 1.0, '_a7_': 1.0}};{'d0': 0.024905832919664746};-276.475521886224;49.40428869300776
27886;-88.8334722501042;-((((pow2((_a3_ * (((x * _a5_) + _a0_) / (_a4_ * _a4_)))) * _a5_) + _a4_) * x));{'d0': {'_a0_': -0.22247615666006237, '_a3_': 6.383995744857511, '_a4_': -1.446576088718146, '_a5_': -0.7132252914077759, '_a1_': 1.0, '_a2_': 1.0, '_a6_': 1.0, '_a7_': 1.0}};{'d0': 0.024905832919664746};-276.475521886224;49.40428869300776
27887;-88.8334722501042;-((((pow2((_a3_ * (((x * _a5_) + _a0_) / (_a4_ * _a4_)))) * _a5_) + _a4_) * x));{'d0': {'_a0_': -0.22247615666006237, '_a3_': 6.383995744857511, '_a4_': -1.446576088718146, '_a5_': -0.7132252914077759, '_a1_': 1.0, '_a2_': 1.0, '_a6_': 1.0, '_a7_': 1.0}};{'d0': 0.024905832919664746};-276.475521886224;49.40428869300776
27888;-87.2553772911891;((-((_a2_ * -(x))) + (((_a4_ * pow2(x)) * _a3_) + pow2(_a2_))) * (x * _a1_));{'d0': {'_a1_': 2.5000149119238833, '_a2_': 0.8426446025877458, '_a3_': 1.416079525082887, '_a4_': 0.9538276019230331, '_a0_': 1.0, '_a5_': 1.0, '_a6_': 1.0, '_a7_': 1.0}};{'d0': 0.0249058329316579};-276.475521857331;50.98238363747657
27889;-87.2553772911891;((-((_a2_ * -(x))) + (((_a4_ * pow2(x)) * _a3_) + pow2(_a2_))) * (x * _a1_));{'d0': {'_a1_': 2.5000149119238833, '_a2_': 0.8426446025877458, '_a3_': 1.416079525082887, '_a4_': 0.9538276019230331, '_a0_': 1.0, '_a5_': 1.0, '_a6_': 1.0, '_a7_': 1.0}};{'d0': 0.0249058329316579};-276.475521857331;50.98238363747657
27890;-87.2553772911891;((-((_a2_ * -(x))) + (((_a4_ * pow2(x)) * _a3_) + pow2(_a2_))) * (x * _a1_));{'d0': {'_a1_': 2.5000149119238833, '_a2_': 0.8426446025877458, '_a3_': 1.416079525082887, '_a4_': 0.9538276019230331, '_a0_': 1.0, '_a5_': 1.0, '_a6_': 1.0, '_a7_': 1.0}};{'d0': 0.0249058329316579};-276.475521857331;50.98238363747657
27891;-87.2553772911891;((-((_a2_ * -(x))) + (((_a4_ * pow2(x)) * _a3_) + pow2(_a2_))) * (x * _a1_));{'d0': {'_a1_': 2.5000149119238833, '_a2_': 0.8426446025877458, '_a3_': 1.416079525082887, '_a4_': 0.9538276019230331, '_a0_': 1.0, '_a5_': 1.0, '_a6_': 1.0, '_a7_': 1.0}};{'d0': 0.0249058329316579};-276.475521857331;50.98238363747657
27892;-87.2553772911891;((-((_a2_ * -(x))) + (((_a4_ * pow2(x)) * _a3_) + pow2(_a2_))) * (x * _a1_));{'d0': {'_a1_': 2.5000149119238833, '_a2_': 0.8426446025877458, '_a3_': 1.416079525082887, '_a4_': 0.9538276019230331, '_a0_': 1.0, '_a5_': 1.0, '_a6_': 1.0, '_a7_': 1.0}};{'d0': 0.0249058329316579};-276.475521857331;50.98238363747657
27893;-87.2553772911891;((-((_a2_ * -(x))) + (((_a4_ * pow2(x)) * _a3_) + pow2(_a2_))) * (x * _a1_));{'d0': {'_a1_': 2.5000149119238833, '_a2_': 0.8426446025877458, '_a3_': 1.416079525082887, '_a4_': 0.9538276019230331, '_a0_': 1.0, '_a5_': 1.0, '_a6_': 1.0, '_a7_': 1.0}};{'d0': 0.0249058329316579};-276.475521857331;50.98238363747657
27894;-87.2553772911891;((-((_a2_ * -(x))) + (((_a4_ * pow2(x)) * _a3_) + pow2(_a2_))) * (x * _a1_));{'d0': {'_a1_': 2.5000149119238833, '_a2_': 0.8426446025877458, '_a3_': 1.416079525082887, '_a4_': 0.9538276019230331, '_a0_': 1.0, '_a5_': 1.0, '_a6_': 1.0, '_a7_': 1.0}};{'d0': 0.0249058329316579};-276.475521857331;50.98238363747657
27895;-87.2553772911891;((-((_a2_ * -(x))) + (((_a4_ * pow2(x)) * _a3_) + pow2(_a2_))) * (x * _a1_));{'d0': {'_a1_': 2.5000149119238833, '_a2_': 0.8426446025877458, '_a3_': 1.416079525082887, '_a4_': 0.9538276019230331, '_a0_': 1.0, '_a5_': 1.0, '_a6_': 1.0, '_a7_': 1.0}};{'d0': 0.0249058329316579};-276.475521857331;50.98238363747657
27896;-87.2553772911891;((-((_a2_ * -(x))) + (((_a4_ * pow2(x)) * _a3_) + pow2(_a2_))) * (x * _a1_));{'d0': {'_a1_': 2.5000149119238833, '_a2_': 0.8426446025877458, '_a3_': 1.416079525082887, '_a4_': 0.9538276019230331, '_a0_': 1.0, '_a5_': 1.0, '_a6_': 1.0, '_a7_': 1.0}};{'d0': 0.0249058329316579};-276.475521857331;50.98238363747657
27897;-87.2553772911891;((-((_a2_ * -(x))) + (((_a4_ * pow2(x)) * _a3_) + pow2(_a2_))) * (x * _a1_));{'d0': {'_a1_': 2.5000149119238833, '_a2_': 0.8426446025877458, '_a3_': 1.416079525082887, '_a4_': 0.9538276019230331, '_a0_': 1.0, '_a5_': 1.0, '_a6_': 1.0, '_a7_': 1.0}};{'d0': 0.0249058329316579};-276.475521857331;50.98238363747657
27898;-87.2553772911891;((-((_a2_ * -(x))) + (((_a4_ * pow2(x)) * _a3_) + pow2(_a2_))) * (x * _a1_));{'d0': {'_a1_': 2.5000149119238833, '_a2_': 0.8426446025877458, '_a3_': 1.416079525082887, '_a4_': 0.9538276019230331, '_a0_': 1.0, '_a5_': 1.0, '_a6_': 1.0, '_a7_': 1.0}};{'d0': 0.0249058329316579};-276.475521857331;50.98238363747657
27899;-87.2553772911891;((-((_a2_ * -(x))) + (((_a4_ * pow2(x)) * _a3_) + pow2(_a2_))) * (x * _a1_));{'d0': {'_a1_': 2.5000149119238833, '_a2_': 0.8426446025877458, '_a3_': 1.416079525082887, '_a4_': 0.9538276019230331, '_a0_': 1.0, '_a5_': 1.0, '_a6_': 1.0, '_a7_': 1.0}};{'d0': 0.0249058329316579};-276.475521857331;50.98238363747657
27900;-87.2553772911891;((-((_a2_ * -(x))) + (((_a4_ * pow2(x)) * _a3_) + pow2(_a2_))) * (x * _a1_));{'d0': {'_a1_': 2.5000149119238833, '_a2_': 0.8426446025877458, '_a3_': 1.416079525082887, '_a4_': 0.9538276019230331, '_a0_': 1.0, '_a5_': 1.0, '_a6_': 1.0, '_a7_': 1.0}};{'d0': 0.0249058329316579};-276.475521857331;50.98238363747657
27901;-87.2553772911891;((-((_a2_ * -(x))) + (((_a4_ * pow2(x)) * _a3_) + pow2(_a2_))) * (x * _a1_));{'d0': {'_a1_': 2.5000149119238833, '_a2_': 0.8426446025877458, '_a3_': 1.416079525082887, '_a4_': 0.9538276019230331, '_a0_': 1.0, '_a5_': 1.0, '_a6_': 1.0, '_a7_': 1.0}};{'d0': 0.0249058329316579};-276.475521857331;50.98238363747657
27902;-87.2553772911891;((-((_a2_ * -(x))) + (((_a4_ * pow2(x)) * _a3_) + pow2(_a2_))) * (x * _a1_));{'d0': {'_a1_': 2.5000149119238833, '_a2_': 0.8426446025877458, '_a3_': 1.416079525082887, '_a4_': 0.9538276019230331, '_a0_': 1.0, '_a5_': 1.0, '_a6_': 1.0, '_a7_': 1.0}};{'d0': 0.0249058329316579};-276.475521857331;50.98238363747657
27903;-87.2553772911891;((-((_a2_ * -(x))) + (((_a4_ * pow2(x)) * _a3_) + pow2(_a2_))) * (x * _a1_));{'d0': {'_a1_': 2.5000149119238833, '_a2_': 0.8426446025877458, '_a3_': 1.416079525082887, '_a4_': 0.9538276019230331, '_a0_': 1.0, '_a5_': 1.0, '_a6_': 1.0, '_a7_': 1.0}};{'d0': 0.0249058329316579};-276.475521857331;50.98238363747657
27904;-90.9533117757296;((-((_a2_ * -(x))) + (((_a4_ * pow2(x)) * _a3_) + _a3_)) * (x * _a1_));{'d0': {'_a1_': 1.7259575426300775, '_a2_': 1.2205536196123419, '_a3_': 1.0284929211655984, '_a4_': 1.9022553842325112, '_a0_': 1.0, '_a5_': 1.0, '_a6_': 1.0, '_a7_': 1.0}};{'d0': 0.024905832921753263};-276.475521881192;47.28444916486657
27905;-90.9533117757296;((-((_a2_ * -(x))) + (((_a4_ * pow2(x)) * _a3_) + _a3_)) * (x * _a1_));{'d0': {'_a1_': 1.7259575426300775, '_a2_': 1.2205536196123419, '_a3_': 1.0284929211655984, '_a4_': 1.9022553842325112, '_a0_': 1.0, '_a5_': 1.0, '_a6_': 1.0, '_a7_': 1.0}};{'d0': 0.024905832921753263};-276.475521881192;47.28444916486657
27906;-90.9533117757296;((-((_a2_ * -(x))) + (((_a4_ * pow2(x)) * _a3_) + _a3_)) * (x * _a1_));{'d0': {'_a1_': 1.7259575426300775, '_a2_': 1.2205536196123419, '_a3_': 1.0284929211655984, '_a4_': 1.9022553842325112, '_a0_': 1.0, '_a5_': 1.0, '_a6_': 1.0, '_a7_': 1.0}};{'d0': 0.024905832921753263};-276.475521881192;47.28444916486657
27907;-90.9533117757296;((-((_a2_ * -(x))) + (((_a4_ * pow2(x)) * _a3_) + _a3_)) * (x * _a1_));{'d0': {'_a1_': 1.7259575426300775, '_a2_': 1.2205536196123419, '_a3_': 1.0284929211655984, '_a4_': 1.9022553842325112, '_a0_': 1.0, '_a5_': 1.0, '_a6_': 1.0, '_a7_': 1.0}};{'d0': 0.024905832921753263};-276.475521881192;47.28444916486657
27908;-90.9533117757296;((-((_a2_ * -(x))) + (((_a4_ * pow2(x)) * _a3_) + _a3_)) * (x * _a1_));{'d0': {'_a1_': 1.7259575426300775, '_a2_': 1.2205536196123419, '_a3_': 1.0284929211655984, '_a4_': 1.9022553842325112, '_a0_': 1.0, '_a5_': 1.0, '_a6_': 1.0, '_a7_': 1.0}};{'d0': 0.024905832921753263};-276.475521881192;47.28444916486657
27909;-90.9533117757296;((-((_a2_ * -(x))) + (((_a4_ * pow2(x)) * _a3_) + _a3_)) * (x * _a1_));{'d0': {'_a1_': 1.7259575426300775, '_a2_': 1.2205536196123419, '_a3_': 1.0284929211655984, '_a4_': 1.9022553842325112, '_a0_': 1.0, '_a5_': 1.0, '_a6_': 1.0, '_a7_': 1.0}};{'d0': 0.024905832921753263};-276.475521881192;47.28444916486657
27910;-90.9533117757296;((-((_a2_ * -(x))) + (((_a4_ * pow2(x)) * _a3_) + _a3_)) * (x * _a1_));{'d0': {'_a1_': 1.7259575426300775, '_a2_': 1.2205536196123419, '_a3_': 1.0284929211655984, '_a4_': 1.9022553842325112, '_a0_': 1.0, '_a5_': 1.0, '_a6_': 1.0, '_a7_': 1.0}};{'d0': 0.024905832921753263};-276.475521881192;47.28444916486657
27911;-90.9533117757296;((-((_a2_ * -(x))) + (((_a4_ * pow2(x)) * _a3_) + _a3_)) * (x * _a1_));{'d0': {'_a1_': 1.7259575426300775, '_a2_': 1.2205536196123419, '_a3_': 1.0284929211655984, '_a4_': 1.9022553842325112, '_a0_': 1.0, '_a5_': 1.0, '_a6_': 1.0, '_a7_': 1.0}};{'d0': 0.024905832921753263};-276.475521881192;47.28444916486657
27912;-106.633986122803;((pow2(_a2_) * (pow2(((x * _a4_) + _a0_)) + _a4_)) * x);{'d0': {'_a0_': 0.7281414675210717, '_a2_': 0.7872109524414481, '_a4_': 2.334312664910289, '_a1_': 1.0, '_a3_': 1.0, '_a5_': 1.0, '_a6_': 1.0, '_a7_': 1.0}};{'d0': 0.02490583291941663};-280.569866449044;33.65094710171895
27913;-106.633986122803;((pow2(_a2_) * (pow2(((x * _a4_) + _a0_)) + _a4_)) * x);{'d0': {'_a0_': 0.7281414675210717, '_a2_': 0.7872109524414481, '_a4_': 2.334312664910289, '_a1_': 1.0, '_a3_': 1.0, '_a5_': 1.0, '_a6_': 1.0, '_a7_': 1.0}};{'d0': 0.02490583291941663};-280.569866449044;33.65094710171895
27914;-106.633986122803;((pow2(_a2_) * (pow2(((x * _a4_) + _a0_)) + _a4_)) * x);{'d0': {'_a0_': 0.7281414675210717, '_a2_': 0.7872109524414481, '_a4_': 2.334312664910289, '_a1_': 1.0, '_a3_': 1.0, '_a5_': 1.0, '_a6_': 1.0, '_a7_': 1.0}};{'d0': 0.02490583291941663};-280.569866449044;33.65094710171895
27915;-106.633986122803;((pow2(_a2_) * (pow2(((x * _a4_) + _a0_)) + _a4_)) * x);{'d0': {'_a0_': 0.7281414675210717, '_a2_': 0.7872109524414481, '_a4_': 2.334312664910289, '_a1_': 1.0, '_a3_': 1.0, '_a5_': 1.0, '_a6_': 1.0, '_a7_': 1.0}};{'d0': 0.02490583291941663};-280.569866449044;33.65094710171895
27916;-106.633986122803;((pow2(_a2_) * (pow2(((x * _a4_) + _a0_)) + _a4_)) * x);{'d0': {'_a0_': 0.7281414675210717, '_a2_': 0.7872109524414481, '_a4_': 2.334312664910289, '_a1_': 1.0, '_a3_': 1.0, '_a5_': 1.0, '_a6_': 1.0, '_a7_': 1.0}};{'d0': 0.02490583291941663};-280.569866449044;33.65094710171895
27917;-106.633986122803;((pow2(_a2_) * (pow2(((x * _a4_) + _a0_)) + _a4_)) * x);{'d0': {'_a0_': 0.7281414675210717, '_a2_': 0.7872109524414481, '_a4_': 2.334312664910289, '_a1_': 1.0, '_a3_': 1.0, '_a5_': 1.0, '_a6_': 1.0, '_a7_': 1.0}};{'d0': 0.02490583291941663};-280.569866449044;33.65094710171895
27918;-106.633986122803;((pow2(_a2_) * (pow2(((x * _a4_) + _a0_)) + _a4_)) * x);{'d0': {'_a0_': 0.7281414675210717, '_a2_': 0.7872109524414481, '_a4_': 2.334312664910289, '_a1_': 1.0, '_a3_': 1.0, '_a5_': 1.0, '_a6_': 1.0, '_a7_': 1.0}};{'d0': 0.02490583291941663};-280.569866449044;33.65094710171895
27919;-106.633986122803;((pow2(_a2_) * (pow2(((x * _a4_) + _a0_)) + _a4_)) * x);{'d0': {'_a0_': 0.7281414675210717, '_a2_': 0.7872109524414481, '_a4_': 2.334312664910289, '_a1_': 1.0, '_a3_': 1.0, '_a5_': 1.0, '_a6_': 1.0, '_a7_': 1.0}};{'d0': 0.02490583291941663};-280.569866449044;33.65094710171895
27920;-106.633986122803;((pow2(_a2_) * (pow2(((x * _a4_) + _a0_)) + _a4_)) * x);{'d0': {'_a0_': 0.7281414675210717, '_a2_': 0.7872109524414481, '_a4_': 2.334312664910289, '_a1_': 1.0, '_a3_': 1.0, '_a5_': 1.0, '_a6_': 1.0, '_a7_': 1.0}};{'d0': 0.02490583291941663};-280.569866449044;33.65094710171895
27921;-106.633986122803;((pow2(_a2_) * (pow2(((x * _a4_) + _a0_)) + _a4_)) * x);{'d0': {'_a0_': 0.7281414675210717, '_a2_': 0.7872109524414481, '_a4_': 2.334312664910289, '_a1_': 1.0, '_a3_': 1.0, '_a5_': 1.0, '_a6_': 1.0, '_a7_': 1.0}};{'d0': 0.02490583291941663};-280.569866449044;33.65094710171895
27922;-106.633986122803;((pow2(_a2_) * (pow2(((x * _a4_) + _a0_)) + _a4_)) * x);{'d0': {'_a0_': 0.7281414675210717, '_a2_': 0.7872109524414481, '_a4_': 2.334312664910289, '_a1_': 1.0, '_a3_': 1.0, '_a5_': 1.0, '_a6_': 1.0, '_a7_': 1.0}};{'d0': 0.02490583291941663};-280.569866449044;33.65094710171895
27923;-106.633986122803;((pow2(_a2_) * (pow2(((x * _a4_) + _a0_)) + _a4_)) * x);{'d0': {'_a0_': 0.7281414675210717, '_a2_': 0.7872109524414481, '_a4_': 2.334312664910289, '_a1_': 1.0, '_a3_': 1.0, '_a5_': 1.0, '_a6_': 1.0, '_a7_': 1.0}};{'d0': 0.02490583291941663};-280.569866449044;33.65094710171895
27924;-106.633986122803;((pow2(_a2_) * (pow2(((x * _a4_) + _a0_)) + _a4_)) * x);{'d0': {'_a0_': 0.7281414675210717, '_a2_': 0.7872109524414481, '_a4_': 2.334312664910289, '_a1_': 1.0, '_a3_': 1.0, '_a5_': 1.0, '_a6_': 1.0, '_a7_': 1.0}};{'d0': 0.02490583291941663};-280.569866449044;33.65094710171895
27925;-106.633986122803;((pow2(_a2_) * (pow2(((x * _a4_) + _a0_)) + _a4_)) * x);{'d0': {'_a0_': 0.7281414675210717, '_a2_': 0.7872109524414481, '_a4_': 2.334312664910289, '_a1_': 1.0, '_a3_': 1.0, '_a5_': 1.0, '_a6_': 1.0, '_a7_': 1.0}};{'d0': 0.02490583291941663};-280.569866449044;33.65094710171895
27926;-106.633986122803;((pow2(_a2_) * (pow2(((x * _a4_) + _a0_)) + _a4_)) * x);{'d0': {'_a0_': 0.7281414675210717, '_a2_': 0.7872109524414481, '_a4_': 2.334312664910289, '_a1_': 1.0, '_a3_': 1.0, '_a5_': 1.0, '_a6_': 1.0, '_a7_': 1.0}};{'d0': 0.02490583291941663};-280.569866449044;33.65094710171895
27927;-106.633986122803;((pow2(_a2_) * (pow2(((x * _a4_) + _a0_)) + _a4_)) * x);{'d0': {'_a0_': 0.7281414675210717, '_a2_': 0.7872109524414481, '_a4_': 2.334312664910289, '_a1_': 1.0, '_a3_': 1.0, '_a5_': 1.0, '_a6_': 1.0, '_a7_': 1.0}};{'d0': 0.02490583291941663};-280.569866449044;33.65094710171895
27928;-106.633986122803;((pow2(_a2_) * (pow2(((x * _a4_) + _a0_)) + _a4_)) * x);{'d0': {'_a0_': 0.7281414675210717, '_a2_': 0.7872109524414481, '_a4_': 2.334312664910289, '_a1_': 1.0, '_a3_': 1.0, '_a5_': 1.0, '_a6_': 1.0, '_a7_': 1.0}};{'d0': 0.02490583291941663};-280.569866449044;33.65094710171895
27929;-106.633986122803;((pow2(_a2_) * (pow2(((x * _a4_) + _a0_)) + _a4_)) * x);{'d0': {'_a0_': 0.7281414675210717, '_a2_': 0.7872109524414481, '_a4_': 2.334312664910289, '_a1_': 1.0, '_a3_': 1.0, '_a5_': 1.0, '_a6_': 1.0, '_a7_': 1.0}};{'d0': 0.02490583291941663};-280.569866449044;33.65094710171895
27930;-106.633986122803;((pow2(_a2_) * (pow2(((x * _a4_) + _a0_)) + _a4_)) * x);{'d0': {'_a0_': 0.7281414675210717, '_a2_': 0.7872109524414481, '_a4_': 2.334312664910289, '_a1_': 1.0, '_a3_': 1.0, '_a5_': 1.0, '_a6_': 1.0, '_a7_': 1.0}};{'d0': 0.02490583291941663};-280.569866449044;33.65094710171895
27931;-106.633986122803;((pow2(_a2_) * (pow2(((x * _a4_) + _a0_)) + _a4_)) * x);{'d0': {'_a0_': 0.7281414675210717, '_a2_': 0.7872109524414481, '_a4_': 2.334312664910289, '_a1_': 1.0, '_a3_': 1.0, '_a5_': 1.0, '_a6_': 1.0, '_a7_': 1.0}};{'d0': 0.02490583291941663};-280.569866449044;33.65094710171895
27932;-106.633986122803;((pow2(_a2_) * (pow2(((x * _a4_) + _a0_)) + _a4_)) * x);{'d0': {'_a0_': 0.7281414675210717, '_a2_': 0.7872109524414481, '_a4_': 2.334312664910289, '_a1_': 1.0, '_a3_': 1.0, '_a5_': 1.0, '_a6_': 1.0, '_a7_': 1.0}};{'d0': 0.02490583291941663};-280.569866449044;33.65094710171895
27933;-89.3866327418746;((-((_a7_ * -(x))) + (((_a4_ * pow2(x)) ** _a7_) + _a3_)) * (x * _a1_));{'d0': {'_a1_': 2.085675133621223, '_a3_': 0.855945878330514, '_a4_': 1.6072534856985936, '_a7_': 1.0078947833123968, '_a0_': 1.0, '_a2_': 1.0, '_a5_': 1.0, '_a6_': 1.0}};{'d0': 0.024843503585664752};-276.625866082124;48.926300299187574
27934;-106.633986122803;((pow2(_a2_) * (pow2(((x * _a4_) + _a0_)) + _a4_)) * x);{'d0': {'_a0_': 0.7281414675210717, '_a2_': 0.7872109524414481, '_a4_': 2.334312664910289, '_a1_': 1.0, '_a3_': 1.0, '_a5_': 1.0, '_a6_': 1.0, '_a7_': 1.0}};{'d0': 0.02490583291941663};-280.569866449044;33.65094710171895
27935;-106.633986122803;((pow2(_a2_) * (pow2(((x * _a4_) + _a0_)) + _a4_)) * x);{'d0': {'_a0_': 0.7281414675210717, '_a2_': 0.7872109524414481, '_a4_': 2.334312664910289, '_a1_': 1.0, '_a3_': 1.0, '_a5_': 1.0, '_a6_': 1.0, '_a7_': 1.0}};{'d0': 0.02490583291941663};-280.569866449044;33.65094710171895
27936;-106.633986122803;((pow2(_a2_) * (pow2(((x * _a4_) + _a0_)) + _a4_)) * x);{'d0': {'_a0_': 0.7281414675210717, '_a2_': 0.7872109524414481, '_a4_': 2.334312664910289, '_a1_': 1.0, '_a3_': 1.0, '_a5_': 1.0, '_a6_': 1.0, '_a7_': 1.0}};{'d0': 0.02490583291941663};-280.569866449044;33.65094710171895
27937;-106.633986122803;((pow2(_a2_) * (pow2(((x * _a4_) + _a0_)) + _a4_)) * x);{'d0': {'_a0_': 0.7281414675210717, '_a2_': 0.7872109524414481, '_a4_': 2.334312664910289, '_a1_': 1.0, '_a3_': 1.0, '_a5_': 1.0, '_a6_': 1.0, '_a7_': 1.0}};{'d0': 0.02490583291941663};-280.569866449044;33.65094710171895
27938;-106.633986122803;((pow2(_a2_) * (pow2(((x * _a4_) + _a0_)) + _a4_)) * x);{'d0': {'_a0_': 0.7281414675210717, '_a2_': 0.7872109524414481, '_a4_': 2.334312664910289, '_a1_': 1.0, '_a3_': 1.0, '_a5_': 1.0, '_a6_': 1.0, '_a7_': 1.0}};{'d0': 0.02490583291941663};-280.569866449044;33.65094710171895
27939;-84.3649355302116;((-((_a7_ * -(x))) + (((_a4_ * pow2(x)) ** (_a3_ * _a4_)) + _a3_)) * (x * _a1_));{'d0': {'_a1_': 2.438204302339202, '_a3_': 0.7321883165636324, '_a4_': 1.3765509486967267, '_a7_': 0.8621677988856551, '_a0_': 1.0, '_a2_': 1.0, '_a5_': 1.0, '_a6_': 1.0}};{'d0': 0.024843503585568694};-276.625866082356;53.94799751096657
27940;-84.3649355302116;((-((_a7_ * -(x))) + (((_a4_ * pow2(x)) ** (_a3_ * _a4_)) + _a3_)) * (x * _a1_));{'d0': {'_a1_': 2.438204302339202, '_a3_': 0.7321883165636324, '_a4_': 1.3765509486967267, '_a7_': 0.8621677988856551, '_a0_': 1.0, '_a2_': 1.0, '_a5_': 1.0, '_a6_': 1.0}};{'d0': 0.024843503585568694};-276.625866082356;53.94799751096657
27941;-84.3649355302116;((-((_a7_ * -(x))) + (((_a4_ * pow2(x)) ** (_a3_ * _a4_)) + _a3_)) * (x * _a1_));{'d0': {'_a1_': 2.438204302339202, '_a3_': 0.7321883165636324, '_a4_': 1.3765509486967267, '_a7_': 0.8621677988856551, '_a0_': 1.0, '_a2_': 1.0, '_a5_': 1.0, '_a6_': 1.0}};{'d0': 0.024843503585568694};-276.625866082356;53.94799751096657
27942;-84.3649355302116;((-((_a7_ * -(x))) + (((_a4_ * pow2(x)) ** (_a3_ * _a4_)) + _a3_)) * (x * _a1_));{'d0': {'_a1_': 2.438204302339202, '_a3_': 0.7321883165636324, '_a4_': 1.3765509486967267, '_a7_': 0.8621677988856551, '_a0_': 1.0, '_a2_': 1.0, '_a5_': 1.0, '_a6_': 1.0}};{'d0': 0.024843503585568694};-276.625866082356;53.94799751096657
27943;-84.3649355302116;((-((_a7_ * -(x))) + (((_a4_ * pow2(x)) ** (_a3_ * _a4_)) + _a3_)) * (x * _a1_));{'d0': {'_a1_': 2.438204302339202, '_a3_': 0.7321883165636324, '_a4_': 1.3765509486967267, '_a7_': 0.8621677988856551, '_a0_': 1.0, '_a2_': 1.0, '_a5_': 1.0, '_a6_': 1.0}};{'d0': 0.024843503585568694};-276.625866082356;53.94799751096657
27944;-84.3649355302116;((-((_a7_ * -(x))) + (((_a4_ * pow2(x)) ** (_a3_ * _a4_)) + _a3_)) * (x * _a1_));{'d0': {'_a1_': 2.438204302339202, '_a3_': 0.7321883165636324, '_a4_': 1.3765509486967267, '_a7_': 0.8621677988856551, '_a0_': 1.0, '_a2_': 1.0, '_a5_': 1.0, '_a6_': 1.0}};{'d0': 0.024843503585568694};-276.625866082356;53.94799751096657
27945;-84.3649355302151;((-((_a2_ * -(x))) + (((_a4_ * pow2(x)) ** (_a3_ * _a4_)) + _a3_)) * (x * _a1_));{'d0': {'_a1_': 2.438204370666295, '_a2_': 0.8621677864754462, '_a3_': 0.7321882680762287, '_a4_': 1.3765509659212976, '_a0_': 1.0, '_a5_': 1.0, '_a6_': 1.0, '_a7_': 1.0}};{'d0': 0.024843503585565807};-276.625866082363;53.94799751096657
27946;-106.633986122803;((pow2(_a2_) * (pow2(((x * _a4_) + _a0_)) + _a4_)) * x);{'d0': {'_a0_': 0.7281414675210717, '_a2_': 0.7872109524414481, '_a4_': 2.334312664910289, '_a1_': 1.0, '_a3_': 1.0, '_a5_': 1.0, '_a6_': 1.0, '_a7_': 1.0}};{'d0': 0.02490583291941663};-280.569866449044;33.65094710171895
27947;-106.633986122803;((pow2(_a2_) * (pow2(((x * _a4_) + _a0_)) + _a4_)) * x);{'d0': {'_a0_': 0.7281414675210717, '_a2_': 0.7872109524414481, '_a4_': 2.334312664910289, '_a1_': 1.0, '_a3_': 1.0, '_a5_': 1.0, '_a6_': 1.0, '_a7_': 1.0}};{'d0': 0.02490583291941663};-280.569866449044;33.65094710171895
27948;-106.633986122803;((pow2(_a2_) * (pow2(((x * _a4_) + _a0_)) + _a4_)) * x);{'d0': {'_a0_': 0.7281414675210717, '_a2_': 0.7872109524414481, '_a4_': 2.334312664910289, '_a1_': 1.0, '_a3_': 1.0, '_a5_': 1.0, '_a6_': 1.0, '_a7_': 1.0}};{'d0': 0.02490583291941663};-280.569866449044;33.65094710171895
27949;-106.633986122803;((pow2(_a2_) * (pow2(((x * _a4_) + _a0_)) + _a4_)) * x);{'d0': {'_a0_': 0.7281414675210717, '_a2_': 0.7872109524414481, '_a4_': 2.334312664910289, '_a1_': 1.0, '_a3_': 1.0, '_a5_': 1.0, '_a6_': 1.0, '_a7_': 1.0}};{'d0': 0.02490583291941663};-280.569866449044;33.65094710171895
27950;-106.633986122803;((pow2(_a2_) * (pow2(((x * _a4_) + _a0_)) + _a4_)) * x);{'d0': {'_a0_': 0.7281414675210717, '_a2_': 0.7872109524414481, '_a4_': 2.334312664910289, '_a1_': 1.0, '_a3_': 1.0, '_a5_': 1.0, '_a6_': 1.0, '_a7_': 1.0}};{'d0': 0.02490583291941663};-280.569866449044;33.65094710171895
27951;-106.633986122803;((pow2(_a2_) * (pow2(((x * _a4_) + _a0_)) + _a4_)) * x);{'d0': {'_a0_': 0.7281414675210717, '_a2_': 0.7872109524414481, '_a4_': 2.334312664910289, '_a1_': 1.0, '_a3_': 1.0, '_a5_': 1.0, '_a6_': 1.0, '_a7_': 1.0}};{'d0': 0.02490583291941663};-280.569866449044;33.65094710171895
27952;-106.633986122803;((pow2(_a2_) * (pow2(((x * _a4_) + _a0_)) + _a4_)) * x);{'d0': {'_a0_': 0.7281414675210717, '_a2_': 0.7872109524414481, '_a4_': 2.334312664910289, '_a1_': 1.0, '_a3_': 1.0, '_a5_': 1.0, '_a6_': 1.0, '_a7_': 1.0}};{'d0': 0.02490583291941663};-280.569866449044;33.65094710171895
27953;-106.633986122803;((pow2(_a2_) * (pow2(((x * _a4_) + _a0_)) + _a4_)) * x);{'d0': {'_a0_': 0.7281414675210717, '_a2_': 0.7872109524414481, '_a4_': 2.334312664910289, '_a1_': 1.0, '_a3_': 1.0, '_a5_': 1.0, '_a6_': 1.0, '_a7_': 1.0}};{'d0': 0.02490583291941663};-280.569866449044;33.65094710171895
27954;-106.633986122803;((pow2(_a2_) * (pow2(((x * _a4_) + _a0_)) + _a4_)) * x);{'d0': {'_a0_': 0.7281414675210717, '_a2_': 0.7872109524414481, '_a4_': 2.334312664910289, '_a1_': 1.0, '_a3_': 1.0, '_a5_': 1.0, '_a6_': 1.0, '_a7_': 1.0}};{'d0': 0.02490583291941663};-280.569866449044;33.65094710171895
27955;-106.633986122803;((pow2(_a2_) * (pow2(((x * _a4_) + _a0_)) + _a4_)) * x);{'d0': {'_a0_': 0.7281414675210717, '_a2_': 0.7872109524414481, '_a4_': 2.334312664910289, '_a1_': 1.0, '_a3_': 1.0, '_a5_': 1.0, '_a6_': 1.0, '_a7_': 1.0}};{'d0': 0.02490583291941663};-280.569866449044;33.65094710171895
27956;-106.633986122803;((pow2(_a2_) * (pow2(((x * _a4_) + _a5_)) + _a4_)) * x);{'d0': {'_a2_': 0.787210953825222, '_a4_': 2.3343126591091514, '_a5_': 0.7281414657084969, '_a0_': 1.0, '_a1_': 1.0, '_a3_': 1.0, '_a6_': 1.0, '_a7_': 1.0}};{'d0': 0.024905832919416664};-280.569866449044;33.65094710171895
27957;-106.633986122803;((pow2(_a2_) * (pow2(((x * _a4_) + _a5_)) + _a4_)) * x);{'d0': {'_a2_': 0.787210953825222, '_a4_': 2.3343126591091514, '_a5_': 0.7281414657084969, '_a0_': 1.0, '_a1_': 1.0, '_a3_': 1.0, '_a6_': 1.0, '_a7_': 1.0}};{'d0': 0.024905832919416664};-280.569866449044;33.65094710171895
27958;-106.633986122803;((pow2(_a2_) * (pow2(((x * _a4_) + _a5_)) + _a4_)) * x);{'d0': {'_a2_': 0.787210953825222, '_a4_': 2.3343126591091514, '_a5_': 0.7281414657084969, '_a0_': 1.0, '_a1_': 1.0, '_a3_': 1.0, '_a6_': 1.0, '_a7_': 1.0}};{'d0': 0.024905832919416664};-280.569866449044;33.65094710171895
27959;-106.633986122803;((pow2(_a2_) * (pow2(((x * _a4_) + _a5_)) + _a4_)) * x);{'d0': {'_a2_': 0.787210953825222, '_a4_': 2.3343126591091514, '_a5_': 0.7281414657084969, '_a0_': 1.0, '_a1_': 1.0, '_a3_': 1.0, '_a6_': 1.0, '_a7_': 1.0}};{'d0': 0.024905832919416664};-280.569866449044;33.65094710171895
27960;-106.633986122803;((pow2(_a2_) * (pow2(((x * _a4_) + _a5_)) + _a4_)) * x);{'d0': {'_a2_': 0.787210953825222, '_a4_': 2.3343126591091514, '_a5_': 0.7281414657084969, '_a0_': 1.0, '_a1_': 1.0, '_a3_': 1.0, '_a6_': 1.0, '_a7_': 1.0}};{'d0': 0.024905832919416664};-280.569866449044;33.65094710171895
27961;-106.633986122803;((pow2(_a2_) * (pow2(((x * _a4_) + _a5_)) + _a4_)) * x);{'d0': {'_a2_': 0.787210953825222, '_a4_': 2.3343126591091514, '_a5_': 0.7281414657084969, '_a0_': 1.0, '_a1_': 1.0, '_a3_': 1.0, '_a6_': 1.0, '_a7_': 1.0}};{'d0': 0.024905832919416664};-280.569866449044;33.65094710171895
27962;-106.633986122803;((pow2(_a2_) * (pow2(((x * _a4_) + _a5_)) + _a4_)) * x);{'d0': {'_a2_': 0.787210953825222, '_a4_': 2.3343126591091514, '_a5_': 0.7281414657084969, '_a0_': 1.0, '_a1_': 1.0, '_a3_': 1.0, '_a6_': 1.0, '_a7_': 1.0}};{'d0': 0.024905832919416664};-280.569866449044;33.65094710171895
27963;-106.633986122803;((pow2(_a2_) * (pow2(((x * _a4_) + _a5_)) + _a4_)) * x);{'d0': {'_a2_': 0.787210953825222, '_a4_': 2.3343126591091514, '_a5_': 0.7281414657084969, '_a0_': 1.0, '_a1_': 1.0, '_a3_': 1.0, '_a6_': 1.0, '_a7_': 1.0}};{'d0': 0.024905832919416664};-280.569866449044;33.65094710171895
27964;-106.633986122803;((pow2(_a2_) * (pow2(((x * _a4_) + _a5_)) + _a4_)) * x);{'d0': {'_a2_': 0.787210953825222, '_a4_': 2.3343126591091514, '_a5_': 0.7281414657084969, '_a0_': 1.0, '_a1_': 1.0, '_a3_': 1.0, '_a6_': 1.0, '_a7_': 1.0}};{'d0': 0.024905832919416664};-280.569866449044;33.65094710171895
27965;-106.633986122803;((pow2(_a2_) * (pow2(((x * _a4_) + _a5_)) + _a4_)) * x);{'d0': {'_a2_': 0.787210953825222, '_a4_': 2.3343126591091514, '_a5_': 0.7281414657084969, '_a0_': 1.0, '_a1_': 1.0, '_a3_': 1.0, '_a6_': 1.0, '_a7_': 1.0}};{'d0': 0.024905832919416664};-280.569866449044;33.65094710171895
27966;-106.633986122803;((pow2(_a2_) * (pow2(((x * _a4_) + _a5_)) + _a4_)) * x);{'d0': {'_a2_': 0.787210953825222, '_a4_': 2.3343126591091514, '_a5_': 0.7281414657084969, '_a0_': 1.0, '_a1_': 1.0, '_a3_': 1.0, '_a6_': 1.0, '_a7_': 1.0}};{'d0': 0.024905832919416664};-280.569866449044;33.65094710171895
27967;-106.633986122803;((pow2(_a2_) * (pow2(((x * _a4_) + _a5_)) + _a4_)) * x);{'d0': {'_a2_': 0.787210953825222, '_a4_': 2.3343126591091514, '_a5_': 0.7281414657084969, '_a0_': 1.0, '_a1_': 1.0, '_a3_': 1.0, '_a6_': 1.0, '_a7_': 1.0}};{'d0': 0.024905832919416664};-280.569866449044;33.65094710171895
27968;-106.633986122803;((pow2(_a2_) * (pow2(((x * _a4_) + _a5_)) + _a4_)) * x);{'d0': {'_a2_': 0.787210953825222, '_a4_': 2.3343126591091514, '_a5_': 0.7281414657084969, '_a0_': 1.0, '_a1_': 1.0, '_a3_': 1.0, '_a6_': 1.0, '_a7_': 1.0}};{'d0': 0.024905832919416664};-280.569866449044;33.65094710171895
27969;-106.633986122803;((pow2(_a2_) * (pow2(((x * _a4_) + _a5_)) + _a4_)) * x);{'d0': {'_a2_': 0.787210953825222, '_a4_': 2.3343126591091514, '_a5_': 0.7281414657084969, '_a0_': 1.0, '_a1_': 1.0, '_a3_': 1.0, '_a6_': 1.0, '_a7_': 1.0}};{'d0': 0.024905832919416664};-280.569866449044;33.65094710171895
27970;-93.0670849802552;((-((_a7_ * x)) + (((_a4_ * pow2(x)) ** _a3_) + _a3_)) * (x * _a1_));{'d0': {'_a1_': 1.7712416248171572, '_a3_': 1.007894468240137, '_a4_': 1.890155273192196, '_a7_': -1.186817900886579, '_a0_': 1.0, '_a2_': 1.0, '_a5_': 1.0, '_a6_': 1.0}};{'d0': 0.024843503585565856};-276.625866082363;45.245848060926406
27971;-93.0670849802552;((-((_a7_ * x)) + (((_a4_ * pow2(x)) ** _a3_) + _a3_)) * (x * _a1_));{'d0': {'_a1_': 1.7712416248171572, '_a3_': 1.007894468240137, '_a4_': 1.890155273192196, '_a7_': -1.186817900886579, '_a0_': 1.0, '_a2_': 1.0, '_a5_': 1.0, '_a6_': 1.0}};{'d0': 0.024843503585565856};-276.625866082363;45.245848060926406
27972;-93.0670849802552;((-((_a7_ * x)) + (((_a4_ * pow2(x)) ** _a3_) + _a3_)) * (x * _a1_));{'d0': {'_a1_': 1.7712416248171572, '_a3_': 1.007894468240137, '_a4_': 1.890155273192196, '_a7_': -1.186817900886579, '_a0_': 1.0, '_a2_': 1.0, '_a5_': 1.0, '_a6_': 1.0}};{'d0': 0.024843503585565856};-276.625866082363;45.245848060926406
27973;-93.0670849802552;((-((_a7_ * x)) + (((_a4_ * pow2(x)) ** _a3_) + _a3_)) * (x * _a1_));{'d0': {'_a1_': 1.7712416248171572, '_a3_': 1.007894468240137, '_a4_': 1.890155273192196, '_a7_': -1.186817900886579, '_a0_': 1.0, '_a2_': 1.0, '_a5_': 1.0, '_a6_': 1.0}};{'d0': 0.024843503585565856};-276.625866082363;45.245848060926406
27974;-93.0670849802552;((-((_a7_ * x)) + (((_a4_ * pow2(x)) ** _a3_) + _a3_)) * (x * _a1_));{'d0': {'_a1_': 1.7712416248171572, '_a3_': 1.007894468240137, '_a4_': 1.890155273192196, '_a7_': -1.186817900886579, '_a0_': 1.0, '_a2_': 1.0, '_a5_': 1.0, '_a6_': 1.0}};{'d0': 0.024843503585565856};-276.625866082363;45.245848060926406
27975;-93.0670849802552;((-((_a7_ * x)) + (((_a4_ * pow2(x)) ** _a3_) + _a3_)) * (x * _a1_));{'d0': {'_a1_': 1.7712416248171572, '_a3_': 1.007894468240137, '_a4_': 1.890155273192196, '_a7_': -1.186817900886579, '_a0_': 1.0, '_a2_': 1.0, '_a5_': 1.0, '_a6_': 1.0}};{'d0': 0.024843503585565856};-276.625866082363;45.245848060926406
27976;-93.0670849802552;((-((_a7_ * x)) + (((_a4_ * pow2(x)) ** _a3_) + _a3_)) * (x * _a1_));{'d0': {'_a1_': 1.7712416248171572, '_a3_': 1.007894468240137, '_a4_': 1.890155273192196, '_a7_': -1.186817900886579, '_a0_': 1.0, '_a2_': 1.0, '_a5_': 1.0, '_a6_': 1.0}};{'d0': 0.024843503585565856};-276.625866082363;45.245848060926406
27977;-93.0670849802552;((-((_a7_ * x)) + (((_a4_ * pow2(x)) ** _a3_) + _a3_)) * (x * _a1_));{'d0': {'_a1_': 1.7712416248171572, '_a3_': 1.007894468240137, '_a4_': 1.890155273192196, '_a7_': -1.186817900886579, '_a0_': 1.0, '_a2_': 1.0, '_a5_': 1.0, '_a6_': 1.0}};{'d0': 0.024843503585565856};-276.625866082363;45.245848060926406
27978;-93.0670849802552;((-((_a7_ * x)) + (((_a4_ * pow2(x)) ** _a3_) + _a3_)) * (x * _a1_));{'d0': {'_a1_': 1.7712416248171572, '_a3_': 1.007894468240137, '_a4_': 1.890155273192196, '_a7_': -1.186817900886579, '_a0_': 1.0, '_a2_': 1.0, '_a5_': 1.0, '_a6_': 1.0}};{'d0': 0.024843503585565856};-276.625866082363;45.245848060926406
27979;-93.0670849802552;((-((_a7_ * x)) + (((_a4_ * pow2(x)) ** _a3_) + _a3_)) * (x * _a1_));{'d0': {'_a1_': 1.7712416248171572, '_a3_': 1.007894468240137, '_a4_': 1.890155273192196, '_a7_': -1.186817900886579, '_a0_': 1.0, '_a2_': 1.0, '_a5_': 1.0, '_a6_': 1.0}};{'d0': 0.024843503585565856};-276.625866082363;45.245848060926406
27980;-93.0670849802552;((-((_a7_ * x)) + (((_a4_ * pow2(x)) ** _a3_) + _a3_)) * (x * _a1_));{'d0': {'_a1_': 1.7712416248171572, '_a3_': 1.007894468240137, '_a4_': 1.890155273192196, '_a7_': -1.186817900886579, '_a0_': 1.0, '_a2_': 1.0, '_a5_': 1.0, '_a6_': 1.0}};{'d0': 0.024843503585565856};-276.625866082363;45.245848060926406
27981;-93.0670849802552;((-((_a7_ * x)) + (((_a4_ * pow2(x)) ** _a3_) + _a3_)) * (x * _a1_));{'d0': {'_a1_': 1.7712416248171572, '_a3_': 1.007894468240137, '_a4_': 1.890155273192196, '_a7_': -1.186817900886579, '_a0_': 1.0, '_a2_': 1.0, '_a5_': 1.0, '_a6_': 1.0}};{'d0': 0.024843503585565856};-276.625866082363;45.245848060926406
27982;-93.0670849802552;((-((_a7_ * x)) + (((_a4_ * pow2(x)) ** _a3_) + _a3_)) * (x * _a1_));{'d0': {'_a1_': 1.7712416248171572, '_a3_': 1.007894468240137, '_a4_': 1.890155273192196, '_a7_': -1.186817900886579, '_a0_': 1.0, '_a2_': 1.0, '_a5_': 1.0, '_a6_': 1.0}};{'d0': 0.024843503585565856};-276.625866082363;45.245848060926406
27983;-93.0670849802552;((-((_a7_ * x)) + (((_a4_ * pow2(x)) ** _a3_) + _a3_)) * (x * _a1_));{'d0': {'_a1_': 1.7712416248171572, '_a3_': 1.007894468240137, '_a4_': 1.890155273192196, '_a7_': -1.186817900886579, '_a0_': 1.0, '_a2_': 1.0, '_a5_': 1.0, '_a6_': 1.0}};{'d0': 0.024843503585565856};-276.625866082363;45.245848060926406
27984;-106.633986122803;((pow2(_a2_) * (pow2(((x * _a4_) + _a5_)) + _a4_)) * x);{'d0': {'_a2_': 0.787210953825222, '_a4_': 2.3343126591091514, '_a5_': 0.7281414657084969, '_a0_': 1.0, '_a1_': 1.0, '_a3_': 1.0, '_a6_': 1.0, '_a7_': 1.0}};{'d0': 0.024905832919416664};-280.569866449044;33.65094710171895
27985;-106.633986122803;((pow2(_a2_) * (pow2(((x * _a4_) + _a5_)) + _a4_)) * x);{'d0': {'_a2_': 0.787210953825222, '_a4_': 2.3343126591091514, '_a5_': 0.7281414657084969, '_a0_': 1.0, '_a1_': 1.0, '_a3_': 1.0, '_a6_': 1.0, '_a7_': 1.0}};{'d0': 0.024905832919416664};-280.569866449044;33.65094710171895
27986;-106.633986122803;((pow2(_a2_) * (pow2(((x * _a4_) + _a5_)) + _a4_)) * x);{'d0': {'_a2_': 0.787210953825222, '_a4_': 2.3343126591091514, '_a5_': 0.7281414657084969, '_a0_': 1.0, '_a1_': 1.0, '_a3_': 1.0, '_a6_': 1.0, '_a7_': 1.0}};{'d0': 0.024905832919416664};-280.569866449044;33.65094710171895
27987;-106.633986122803;((pow2(_a2_) * (pow2(((x * _a4_) + _a5_)) + _a4_)) * x);{'d0': {'_a2_': 0.787210953825222, '_a4_': 2.3343126591091514, '_a5_': 0.7281414657084969, '_a0_': 1.0, '_a1_': 1.0, '_a3_': 1.0, '_a6_': 1.0, '_a7_': 1.0}};{'d0': 0.024905832919416664};-280.569866449044;33.65094710171895
27988;-106.633986122803;((pow2(_a2_) * (pow2(((x * _a4_) + _a5_)) + _a4_)) * x);{'d0': {'_a2_': 0.787210953825222, '_a4_': 2.3343126591091514, '_a5_': 0.7281414657084969, '_a0_': 1.0, '_a1_': 1.0, '_a3_': 1.0, '_a6_': 1.0, '_a7_': 1.0}};{'d0': 0.024905832919416664};-280.569866449044;33.65094710171895
27989;-106.633986122803;((pow2(_a2_) * (pow2(((x * _a4_) + _a5_)) + _a4_)) * x);{'d0': {'_a2_': 0.787210953825222, '_a4_': 2.3343126591091514, '_a5_': 0.7281414657084969, '_a0_': 1.0, '_a1_': 1.0, '_a3_': 1.0, '_a6_': 1.0, '_a7_': 1.0}};{'d0': 0.024905832919416664};-280.569866449044;33.65094710171895
27990;-106.633986122803;((pow2(_a2_) * (pow2(((x * _a4_) + _a5_)) + _a4_)) * x);{'d0': {'_a2_': 0.787210953825222, '_a4_': 2.3343126591091514, '_a5_': 0.7281414657084969, '_a0_': 1.0, '_a1_': 1.0, '_a3_': 1.0, '_a6_': 1.0, '_a7_': 1.0}};{'d0': 0.024905832919416664};-280.569866449044;33.65094710171895
27991;-106.633986122803;((pow2(_a2_) * (pow2(((x * _a4_) + _a5_)) + _a4_)) * x);{'d0': {'_a2_': 0.787210953825222, '_a4_': 2.3343126591091514, '_a5_': 0.7281414657084969, '_a0_': 1.0, '_a1_': 1.0, '_a3_': 1.0, '_a6_': 1.0, '_a7_': 1.0}};{'d0': 0.024905832919416664};-280.569866449044;33.65094710171895
27992;-106.633986122803;((pow2(_a2_) * (pow2(((x * _a4_) + _a5_)) + _a4_)) * x);{'d0': {'_a2_': 0.787210953825222, '_a4_': 2.3343126591091514, '_a5_': 0.7281414657084969, '_a0_': 1.0, '_a1_': 1.0, '_a3_': 1.0, '_a6_': 1.0, '_a7_': 1.0}};{'d0': 0.024905832919416664};-280.569866449044;33.65094710171895
27993;-106.633986122803;((pow2(_a2_) * (pow2(((x * _a4_) + _a5_)) + _a4_)) * x);{'d0': {'_a2_': 0.787210953825222, '_a4_': 2.3343126591091514, '_a5_': 0.7281414657084969, '_a0_': 1.0, '_a1_': 1.0, '_a3_': 1.0, '_a6_': 1.0, '_a7_': 1.0}};{'d0': 0.024905832919416664};-280.569866449044;33.65094710171895
27994;-106.633986122803;((pow2(_a2_) * (pow2(((x * _a4_) + _a5_)) + _a4_)) * x);{'d0': {'_a2_': 0.787210953825222, '_a4_': 2.3343126591091514, '_a5_': 0.7281414657084969, '_a0_': 1.0, '_a1_': 1.0, '_a3_': 1.0, '_a6_': 1.0, '_a7_': 1.0}};{'d0': 0.024905832919416664};-280.569866449044;33.65094710171895
27995;-106.633986122803;((pow2(_a2_) * (pow2(((x * _a4_) + _a5_)) + _a4_)) * x);{'d0': {'_a2_': 0.787210953825222, '_a4_': 2.3343126591091514, '_a5_': 0.7281414657084969, '_a0_': 1.0, '_a1_': 1.0, '_a3_': 1.0, '_a6_': 1.0, '_a7_': 1.0}};{'d0': 0.024905832919416664};-280.569866449044;33.65094710171895
27996;-106.633986122803;((pow2(_a2_) * (pow2(((x * _a4_) + _a5_)) + _a4_)) * x);{'d0': {'_a2_': 0.787210953825222, '_a4_': 2.3343126591091514, '_a5_': 0.7281414657084969, '_a0_': 1.0, '_a1_': 1.0, '_a3_': 1.0, '_a6_': 1.0, '_a7_': 1.0}};{'d0': 0.024905832919416664};-280.569866449044;33.65094710171895
27997;-106.633986122803;((pow2(_a2_) * (pow2(((x * _a4_) + _a5_)) + _a4_)) * x);{'d0': {'_a2_': 0.787210953825222, '_a4_': 2.3343126591091514, '_a5_': 0.7281414657084969, '_a0_': 1.0, '_a1_': 1.0, '_a3_': 1.0, '_a6_': 1.0, '_a7_': 1.0}};{'d0': 0.024905832919416664};-280.569866449044;33.65094710171895
27998;-106.633986122803;((pow2(_a2_) * (pow2(((x * _a4_) + _a5_)) + _a4_)) * x);{'d0': {'_a2_': 0.787210953825222, '_a4_': 2.3343126591091514, '_a5_': 0.7281414657084969, '_a0_': 1.0, '_a1_': 1.0, '_a3_': 1.0, '_a6_': 1.0, '_a7_': 1.0}};{'d0': 0.024905832919416664};-280.569866449044;33.65094710171895
27999;-106.633986122803;((pow2(_a2_) * (pow2(((x * _a4_) + _a5_)) + _a4_)) * x);{'d0': {'_a2_': 0.787210953825222, '_a4_': 2.3343126591091514, '_a5_': 0.7281414657084969, '_a0_': 1.0, '_a1_': 1.0, '_a3_': 1.0, '_a6_': 1.0, '_a7_': 1.0}};{'d0': 0.024905832919416664};-280.569866449044;33.65094710171895
28000;-106.633986122803;((pow2(_a2_) * (pow2(((x * _a4_) + _a5_)) + _a4_)) * x);{'d0': {'_a2_': 0.787210953825222, '_a4_': 2.3343126591091514, '_a5_': 0.7281414657084969, '_a0_': 1.0, '_a1_': 1.0, '_a3_': 1.0, '_a6_': 1.0, '_a7_': 1.0}};{'d0': 0.024905832919416664};-280.569866449044;33.65094710171895
28001;-106.633986122803;((pow2(_a2_) * (pow2(((x * _a4_) + _a5_)) + _a4_)) * x);{'d0': {'_a2_': 0.787210953825222, '_a4_': 2.3343126591091514, '_a5_': 0.7281414657084969, '_a0_': 1.0, '_a1_': 1.0, '_a3_': 1.0, '_a6_': 1.0, '_a7_': 1.0}};{'d0': 0.024905832919416664};-280.569866449044;33.65094710171895
28002;-106.633986122803;((pow2(_a2_) * (pow2(((x * _a4_) + _a5_)) + _a4_)) * x);{'d0': {'_a2_': 0.787210953825222, '_a4_': 2.3343126591091514, '_a5_': 0.7281414657084969, '_a0_': 1.0, '_a1_': 1.0, '_a3_': 1.0, '_a6_': 1.0, '_a7_': 1.0}};{'d0': 0.024905832919416664};-280.569866449044;33.65094710171895
28003;-93.7348601773316;((-((_a7_ * x)) + (((_a4_ * pow2(x)) + _a3_) + _a3_)) * (x * _a1_));{'d0': {'_a1_': 1.4306952289701713, '_a3_': 0.6203750145848126, '_a4_': 2.3602234228492605, '_a7_': -1.4724476050915418, '_a0_': 1.0, '_a2_': 1.0, '_a5_': 1.0, '_a6_': 1.0}};{'d0': 0.024905832921261972};-276.475521882376;44.5029007638564
28004;-106.633986122803;((pow2(_a2_) * (pow2(((x * _a4_) + _a5_)) + _a4_)) * x);{'d0': {'_a2_': 0.787210953825222, '_a4_': 2.3343126591091514, '_a5_': 0.7281414657084969, '_a0_': 1.0, '_a1_': 1.0, '_a3_': 1.0, '_a6_': 1.0, '_a7_': 1.0}};{'d0': 0.024905832919416664};-280.569866449044;33.65094710171895
28005;-106.633986122803;((pow2(_a2_) * (pow2(((x * _a4_) + _a5_)) + _a4_)) * x);{'d0': {'_a2_': 0.787210953825222, '_a4_': 2.3343126591091514, '_a5_': 0.7281414657084969, '_a0_': 1.0, '_a1_': 1.0, '_a3_': 1.0, '_a6_': 1.0, '_a7_': 1.0}};{'d0': 0.024905832919416664};-280.569866449044;33.65094710171895
28006;-106.633986122803;((pow2(_a2_) * (pow2(((x * _a4_) + _a5_)) + _a4_)) * x);{'d0': {'_a2_': 0.787210953825222, '_a4_': 2.3343126591091514, '_a5_': 0.7281414657084969, '_a0_': 1.0, '_a1_': 1.0, '_a3_': 1.0, '_a6_': 1.0, '_a7_': 1.0}};{'d0': 0.024905832919416664};-280.569866449044;33.65094710171895
28007;-106.633986122803;((pow2(_a2_) * (pow2(((x * _a4_) + _a5_)) + _a4_)) * x);{'d0': {'_a2_': 0.787210953825222, '_a4_': 2.3343126591091514, '_a5_': 0.7281414657084969, '_a0_': 1.0, '_a1_': 1.0, '_a3_': 1.0, '_a6_': 1.0, '_a7_': 1.0}};{'d0': 0.024905832919416664};-280.569866449044;33.65094710171895
28008;-106.633986122803;((pow2(_a2_) * (pow2(((x * _a4_) + _a5_)) + _a4_)) * x);{'d0': {'_a2_': 0.787210953825222, '_a4_': 2.3343126591091514, '_a5_': 0.7281414657084969, '_a0_': 1.0, '_a1_': 1.0, '_a3_': 1.0, '_a6_': 1.0, '_a7_': 1.0}};{'d0': 0.024905832919416664};-280.569866449044;33.65094710171895
28009;-106.633986122803;((pow2(_a2_) * (pow2(((x * _a4_) + _a5_)) + _a4_)) * x);{'d0': {'_a2_': 0.787210953825222, '_a4_': 2.3343126591091514, '_a5_': 0.7281414657084969, '_a0_': 1.0, '_a1_': 1.0, '_a3_': 1.0, '_a6_': 1.0, '_a7_': 1.0}};{'d0': 0.024905832919416664};-280.569866449044;33.65094710171895
28010;-106.633986122803;((pow2(_a2_) * (pow2(((x * _a4_) + _a5_)) + _a4_)) * x);{'d0': {'_a2_': 0.787210953825222, '_a4_': 2.3343126591091514, '_a5_': 0.7281414657084969, '_a0_': 1.0, '_a1_': 1.0, '_a3_': 1.0, '_a6_': 1.0, '_a7_': 1.0}};{'d0': 0.024905832919416664};-280.569866449044;33.65094710171895
28011;-106.633986122803;((pow2(_a2_) * (pow2(((x * _a4_) + _a5_)) + _a4_)) * x);{'d0': {'_a2_': 0.787210953825222, '_a4_': 2.3343126591091514, '_a5_': 0.7281414657084969, '_a0_': 1.0, '_a1_': 1.0, '_a3_': 1.0, '_a6_': 1.0, '_a7_': 1.0}};{'d0': 0.024905832919416664};-280.569866449044;33.65094710171895
28012;-106.633986122803;((pow2(_a2_) * (pow2(((x * _a4_) + _a5_)) + _a4_)) * x);{'d0': {'_a2_': 0.787210953825222, '_a4_': 2.3343126591091514, '_a5_': 0.7281414657084969, '_a0_': 1.0, '_a1_': 1.0, '_a3_': 1.0, '_a6_': 1.0, '_a7_': 1.0}};{'d0': 0.024905832919416664};-280.569866449044;33.65094710171895
28013;-106.633986122803;((pow2(_a2_) * (pow2(((x * _a4_) + _a5_)) + _a4_)) * x);{'d0': {'_a2_': 0.787210953825222, '_a4_': 2.3343126591091514, '_a5_': 0.7281414657084969, '_a0_': 1.0, '_a1_': 1.0, '_a3_': 1.0, '_a6_': 1.0, '_a7_': 1.0}};{'d0': 0.024905832919416664};-280.569866449044;33.65094710171895
28014;-106.633986122803;((pow2(_a2_) * (pow2(((x * _a4_) + _a5_)) + _a4_)) * x);{'d0': {'_a2_': 0.787210953825222, '_a4_': 2.3343126591091514, '_a5_': 0.7281414657084969, '_a0_': 1.0, '_a1_': 1.0, '_a3_': 1.0, '_a6_': 1.0, '_a7_': 1.0}};{'d0': 0.024905832919416664};-280.569866449044;33.65094710171895
28015;-106.633986122803;((pow2(_a2_) * (pow2(((x * _a4_) + _a5_)) + _a4_)) * x);{'d0': {'_a2_': 0.787210953825222, '_a4_': 2.3343126591091514, '_a5_': 0.7281414657084969, '_a0_': 1.0, '_a1_': 1.0, '_a3_': 1.0, '_a6_': 1.0, '_a7_': 1.0}};{'d0': 0.024905832919416664};-280.569866449044;33.65094710171895
28016;-106.633986122803;((pow2(_a2_) * (pow2(((x * _a4_) + _a5_)) + _a4_)) * x);{'d0': {'_a2_': 0.787210953825222, '_a4_': 2.3343126591091514, '_a5_': 0.7281414657084969, '_a0_': 1.0, '_a1_': 1.0, '_a3_': 1.0, '_a6_': 1.0, '_a7_': 1.0}};{'d0': 0.024905832919416664};-280.569866449044;33.65094710171895
28017;-106.633986122803;((pow2(_a2_) * (pow2(((x * _a4_) + _a5_)) + _a4_)) * x);{'d0': {'_a2_': 0.787210953825222, '_a4_': 2.3343126591091514, '_a5_': 0.7281414657084969, '_a0_': 1.0, '_a1_': 1.0, '_a3_': 1.0, '_a6_': 1.0, '_a7_': 1.0}};{'d0': 0.024905832919416664};-280.569866449044;33.65094710171895
28018;-106.633986122803;((pow2(_a2_) * (pow2(((x * _a4_) + _a5_)) + _a4_)) * x);{'d0': {'_a2_': 0.787210953825222, '_a4_': 2.3343126591091514, '_a5_': 0.7281414657084969, '_a0_': 1.0, '_a1_': 1.0, '_a3_': 1.0, '_a6_': 1.0, '_a7_': 1.0}};{'d0': 0.024905832919416664};-280.569866449044;33.65094710171895
28019;-106.633986122803;((pow2(_a2_) * (pow2(((x * _a4_) + _a5_)) + _a4_)) * x);{'d0': {'_a2_': 0.787210953825222, '_a4_': 2.3343126591091514, '_a5_': 0.7281414657084969, '_a0_': 1.0, '_a1_': 1.0, '_a3_': 1.0, '_a6_': 1.0, '_a7_': 1.0}};{'d0': 0.024905832919416664};-280.569866449044;33.65094710171895
28020;-106.633986122803;((pow2(_a2_) * (pow2(((x * _a4_) + _a5_)) + _a4_)) * x);{'d0': {'_a2_': 0.787210953825222, '_a4_': 2.3343126591091514, '_a5_': 0.7281414657084969, '_a0_': 1.0, '_a1_': 1.0, '_a3_': 1.0, '_a6_': 1.0, '_a7_': 1.0}};{'d0': 0.024905832919416664};-280.569866449044;33.65094710171895
28021;-106.633986122803;((pow2(_a2_) * (pow2(((x * _a4_) + _a5_)) + _a4_)) * x);{'d0': {'_a2_': 0.787210953825222, '_a4_': 2.3343126591091514, '_a5_': 0.7281414657084969, '_a0_': 1.0, '_a1_': 1.0, '_a3_': 1.0, '_a6_': 1.0, '_a7_': 1.0}};{'d0': 0.024905832919416664};-280.569866449044;33.65094710171895
28022;-106.633986122803;((pow2(_a2_) * (pow2(((x * _a4_) + _a5_)) + _a4_)) * x);{'d0': {'_a2_': 0.787210953825222, '_a4_': 2.3343126591091514, '_a5_': 0.7281414657084969, '_a0_': 1.0, '_a1_': 1.0, '_a3_': 1.0, '_a6_': 1.0, '_a7_': 1.0}};{'d0': 0.024905832919416664};-280.569866449044;33.65094710171895
28023;-106.633986122803;((pow2(_a2_) * (pow2(((x * _a4_) + _a5_)) + _a4_)) * x);{'d0': {'_a2_': 0.787210953825222, '_a4_': 2.3343126591091514, '_a5_': 0.7281414657084969, '_a0_': 1.0, '_a1_': 1.0, '_a3_': 1.0, '_a6_': 1.0, '_a7_': 1.0}};{'d0': 0.024905832919416664};-280.569866449044;33.65094710171895
28024;-106.633986122803;((pow2(_a2_) * (pow2(((x * _a4_) + _a5_)) + _a4_)) * x);{'d0': {'_a2_': 0.787210953825222, '_a4_': 2.3343126591091514, '_a5_': 0.7281414657084969, '_a0_': 1.0, '_a1_': 1.0, '_a3_': 1.0, '_a6_': 1.0, '_a7_': 1.0}};{'d0': 0.024905832919416664};-280.569866449044;33.65094710171895
28025;-106.633986122803;((pow2(_a2_) * (pow2(((x * _a4_) + _a5_)) + _a4_)) * x);{'d0': {'_a2_': 0.787210953825222, '_a4_': 2.3343126591091514, '_a5_': 0.7281414657084969, '_a0_': 1.0, '_a1_': 1.0, '_a3_': 1.0, '_a6_': 1.0, '_a7_': 1.0}};{'d0': 0.024905832919416664};-280.569866449044;33.65094710171895
28026;-106.633986122803;((pow2(_a2_) * (pow2(((x * _a4_) + _a5_)) + _a4_)) * x);{'d0': {'_a2_': 0.787210953825222, '_a4_': 2.3343126591091514, '_a5_': 0.7281414657084969, '_a0_': 1.0, '_a1_': 1.0, '_a3_': 1.0, '_a6_': 1.0, '_a7_': 1.0}};{'d0': 0.024905832919416664};-280.569866449044;33.65094710171895
28027;-106.633986122803;((pow2(_a2_) * (pow2(((x * _a4_) + _a5_)) + _a4_)) * x);{'d0': {'_a2_': 0.787210953825222, '_a4_': 2.3343126591091514, '_a5_': 0.7281414657084969, '_a0_': 1.0, '_a1_': 1.0, '_a3_': 1.0, '_a6_': 1.0, '_a7_': 1.0}};{'d0': 0.024905832919416664};-280.569866449044;33.65094710171895
28028;-106.633986122803;((pow2(_a2_) * (pow2(((x * _a4_) + _a5_)) + _a4_)) * x);{'d0': {'_a2_': 0.787210953825222, '_a4_': 2.3343126591091514, '_a5_': 0.7281414657084969, '_a0_': 1.0, '_a1_': 1.0, '_a3_': 1.0, '_a6_': 1.0, '_a7_': 1.0}};{'d0': 0.024905832919416664};-280.569866449044;33.65094710171895
28029;-106.633986122803;((pow2(_a2_) * (pow2(((x * _a4_) + _a5_)) + _a4_)) * x);{'d0': {'_a2_': 0.787210953825222, '_a4_': 2.3343126591091514, '_a5_': 0.7281414657084969, '_a0_': 1.0, '_a1_': 1.0, '_a3_': 1.0, '_a6_': 1.0, '_a7_': 1.0}};{'d0': 0.024905832919416664};-280.569866449044;33.65094710171895
28030;-100.833694356401;(((_a3_ + pow2((x + ((_a5_ * pow2(_a5_)) * _a6_)))) / _a5_) * x);{'d0': {'_a3_': 0.4283916278213615, '_a5_': 0.29614178681420245, '_a6_': 12.010405237256144, '_a0_': 1.0, '_a1_': 1.0, '_a2_': 1.0, '_a4_': 1.0, '_a7_': 1.0}};{'d0': 0.024905832919416622};-280.569866449044;39.45123886812151
28031;-100.833694356401;(((_a3_ + pow2((x + ((_a5_ * pow2(_a5_)) * _a6_)))) / _a5_) * x);{'d0': {'_a3_': 0.4283916278213615, '_a5_': 0.29614178681420245, '_a6_': 12.010405237256144, '_a0_': 1.0, '_a1_': 1.0, '_a2_': 1.0, '_a4_': 1.0, '_a7_': 1.0}};{'d0': 0.024905832919416622};-280.569866449044;39.45123886812151
28032;-100.833694356401;(((_a3_ + pow2((x + ((_a5_ * pow2(_a5_)) * _a6_)))) / _a5_) * x);{'d0': {'_a3_': 0.4283916278213615, '_a5_': 0.29614178681420245, '_a6_': 12.010405237256144, '_a0_': 1.0, '_a1_': 1.0, '_a2_': 1.0, '_a4_': 1.0, '_a7_': 1.0}};{'d0': 0.024905832919416622};-280.569866449044;39.45123886812151
28033;-100.833694356401;(((_a3_ + pow2((x + ((_a5_ * pow2(_a5_)) * _a6_)))) / _a5_) * x);{'d0': {'_a3_': 0.4283916278213615, '_a5_': 0.29614178681420245, '_a6_': 12.010405237256144, '_a0_': 1.0, '_a1_': 1.0, '_a2_': 1.0, '_a4_': 1.0, '_a7_': 1.0}};{'d0': 0.024905832919416622};-280.569866449044;39.45123886812151
28034;-100.833694356401;(((_a3_ + pow2((x + ((_a5_ * pow2(_a5_)) * _a6_)))) / _a5_) * x);{'d0': {'_a3_': 0.4283916278213615, '_a5_': 0.29614178681420245, '_a6_': 12.010405237256144, '_a0_': 1.0, '_a1_': 1.0, '_a2_': 1.0, '_a4_': 1.0, '_a7_': 1.0}};{'d0': 0.024905832919416622};-280.569866449044;39.45123886812151
28035;-100.833694356401;(((_a3_ + pow2((x + ((_a5_ * pow2(_a5_)) * _a6_)))) / _a5_) * x);{'d0': {'_a3_': 0.4283916278213615, '_a5_': 0.29614178681420245, '_a6_': 12.010405237256144, '_a0_': 1.0, '_a1_': 1.0, '_a2_': 1.0, '_a4_': 1.0, '_a7_': 1.0}};{'d0': 0.024905832919416622};-280.569866449044;39.45123886812151
28036;-100.833694356401;(((_a3_ + pow2((x + ((_a5_ * pow2(_a5_)) * _a6_)))) / _a5_) * x);{'d0': {'_a3_': 0.4283916278213615, '_a5_': 0.29614178681420245, '_a6_': 12.010405237256144, '_a0_': 1.0, '_a1_': 1.0, '_a2_': 1.0, '_a4_': 1.0, '_a7_': 1.0}};{'d0': 0.024905832919416622};-280.569866449044;39.45123886812151
28037;-100.833694356401;(((_a3_ + pow2((x + ((_a5_ * pow2(_a5_)) * _a6_)))) / _a5_) * x);{'d0': {'_a3_': 0.4283916278213615, '_a5_': 0.29614178681420245, '_a6_': 12.010405237256144, '_a0_': 1.0, '_a1_': 1.0, '_a2_': 1.0, '_a4_': 1.0, '_a7_': 1.0}};{'d0': 0.024905832919416622};-280.569866449044;39.45123886812151
28038;-100.833694356401;(((_a3_ + pow2((x + ((_a5_ * pow2(_a5_)) * _a6_)))) / _a5_) * x);{'d0': {'_a3_': 0.4283916278213615, '_a5_': 0.29614178681420245, '_a6_': 12.010405237256144, '_a0_': 1.0, '_a1_': 1.0, '_a2_': 1.0, '_a4_': 1.0, '_a7_': 1.0}};{'d0': 0.024905832919416622};-280.569866449044;39.45123886812151
28039;-100.833694356401;(((_a3_ + pow2((x + ((_a5_ * pow2(_a5_)) * _a6_)))) / _a5_) * x);{'d0': {'_a3_': 0.4283916278213615, '_a5_': 0.29614178681420245, '_a6_': 12.010405237256144, '_a0_': 1.0, '_a1_': 1.0, '_a2_': 1.0, '_a4_': 1.0, '_a7_': 1.0}};{'d0': 0.024905832919416622};-280.569866449044;39.45123886812151
28040;-100.833694356401;(((_a3_ + pow2((x + ((_a5_ * pow2(_a5_)) * _a6_)))) / _a5_) * x);{'d0': {'_a3_': 0.4283916278213615, '_a5_': 0.29614178681420245, '_a6_': 12.010405237256144, '_a0_': 1.0, '_a1_': 1.0, '_a2_': 1.0, '_a4_': 1.0, '_a7_': 1.0}};{'d0': 0.024905832919416622};-280.569866449044;39.45123886812151
28041;-100.833694356401;(((_a3_ + pow2((x + ((_a5_ * pow2(_a5_)) * _a6_)))) / _a5_) * x);{'d0': {'_a3_': 0.4283916278213615, '_a5_': 0.29614178681420245, '_a6_': 12.010405237256144, '_a0_': 1.0, '_a1_': 1.0, '_a2_': 1.0, '_a4_': 1.0, '_a7_': 1.0}};{'d0': 0.024905832919416622};-280.569866449044;39.45123886812151
28042;-100.833694356401;(((_a3_ + pow2((x + ((_a5_ * pow2(_a5_)) * _a6_)))) / _a5_) * x);{'d0': {'_a3_': 0.4283916278213615, '_a5_': 0.29614178681420245, '_a6_': 12.010405237256144, '_a0_': 1.0, '_a1_': 1.0, '_a2_': 1.0, '_a4_': 1.0, '_a7_': 1.0}};{'d0': 0.024905832919416622};-280.569866449044;39.45123886812151
28043;-100.833694356401;(((_a3_ + pow2((x + ((_a5_ * pow2(_a5_)) * _a6_)))) / _a5_) * x);{'d0': {'_a3_': 0.4283916278213615, '_a5_': 0.29614178681420245, '_a6_': 12.010405237256144, '_a0_': 1.0, '_a1_': 1.0, '_a2_': 1.0, '_a4_': 1.0, '_a7_': 1.0}};{'d0': 0.024905832919416622};-280.569866449044;39.45123886812151
28044;-100.833694356401;(((_a3_ + pow2((x + ((_a5_ * pow2(_a5_)) * _a6_)))) / _a5_) * x);{'d0': {'_a3_': 0.4283916278213615, '_a5_': 0.29614178681420245, '_a6_': 12.010405237256144, '_a0_': 1.0, '_a1_': 1.0, '_a2_': 1.0, '_a4_': 1.0, '_a7_': 1.0}};{'d0': 0.024905832919416622};-280.569866449044;39.45123886812151
28045;-100.833694356401;(((_a3_ + pow2((x + ((_a5_ * pow2(_a5_)) * _a6_)))) / _a5_) * x);{'d0': {'_a3_': 0.4283916278213615, '_a5_': 0.29614178681420245, '_a6_': 12.010405237256144, '_a0_': 1.0, '_a1_': 1.0, '_a2_': 1.0, '_a4_': 1.0, '_a7_': 1.0}};{'d0': 0.024905832919416622};-280.569866449044;39.45123886812151
28046;-100.833694356401;(((_a3_ + pow2((x + ((_a5_ * pow2(_a5_)) * _a6_)))) / _a5_) * x);{'d0': {'_a3_': 0.4283916278213615, '_a5_': 0.29614178681420245, '_a6_': 12.010405237256144, '_a0_': 1.0, '_a1_': 1.0, '_a2_': 1.0, '_a4_': 1.0, '_a7_': 1.0}};{'d0': 0.024905832919416622};-280.569866449044;39.45123886812151
28047;-100.833694356401;(((_a3_ + pow2((x + ((_a5_ * pow2(_a5_)) * _a6_)))) / _a5_) * x);{'d0': {'_a3_': 0.4283916278213615, '_a5_': 0.29614178681420245, '_a6_': 12.010405237256144, '_a0_': 1.0, '_a1_': 1.0, '_a2_': 1.0, '_a4_': 1.0, '_a7_': 1.0}};{'d0': 0.024905832919416622};-280.569866449044;39.45123886812151
28048;-100.833694356401;(((_a3_ + pow2((x + ((_a5_ * pow2(_a5_)) * _a6_)))) / _a5_) * x);{'d0': {'_a3_': 0.4283916278213615, '_a5_': 0.29614178681420245, '_a6_': 12.010405237256144, '_a0_': 1.0, '_a1_': 1.0, '_a2_': 1.0, '_a4_': 1.0, '_a7_': 1.0}};{'d0': 0.024905832919416622};-280.569866449044;39.45123886812151
28049;-100.833694356401;(((_a3_ + pow2((x + ((_a5_ * pow2(_a5_)) * _a6_)))) / _a5_) * x);{'d0': {'_a3_': 0.4283916278213615, '_a5_': 0.29614178681420245, '_a6_': 12.010405237256144, '_a0_': 1.0, '_a1_': 1.0, '_a2_': 1.0, '_a4_': 1.0, '_a7_': 1.0}};{'d0': 0.024905832919416622};-280.569866449044;39.45123886812151
28050;-100.833694356401;(((_a3_ + pow2((x + ((_a5_ * pow2(_a5_)) * _a6_)))) / _a5_) * x);{'d0': {'_a3_': 0.4283916278213615, '_a5_': 0.29614178681420245, '_a6_': 12.010405237256144, '_a0_': 1.0, '_a1_': 1.0, '_a2_': 1.0, '_a4_': 1.0, '_a7_': 1.0}};{'d0': 0.024905832919416622};-280.569866449044;39.45123886812151
28051;-106.633986122803;((pow2(_a2_) * (pow2(((x * _a4_) + _a5_)) + _a4_)) * x);{'d0': {'_a2_': 0.787210953825222, '_a4_': 2.3343126591091514, '_a5_': 0.7281414657084969, '_a0_': 1.0, '_a1_': 1.0, '_a3_': 1.0, '_a6_': 1.0, '_a7_': 1.0}};{'d0': 0.024905832919416664};-280.569866449044;33.65094710171895
28052;-106.633986122803;((pow2(_a2_) * (pow2(((x * _a4_) + _a5_)) + _a4_)) * x);{'d0': {'_a2_': 0.787210953825222, '_a4_': 2.3343126591091514, '_a5_': 0.7281414657084969, '_a0_': 1.0, '_a1_': 1.0, '_a3_': 1.0, '_a6_': 1.0, '_a7_': 1.0}};{'d0': 0.024905832919416664};-280.569866449044;33.65094710171895
28053;-106.633986122803;((pow2(_a2_) * (pow2(((x * _a4_) + _a5_)) + _a4_)) * x);{'d0': {'_a2_': 0.787210953825222, '_a4_': 2.3343126591091514, '_a5_': 0.7281414657084969, '_a0_': 1.0, '_a1_': 1.0, '_a3_': 1.0, '_a6_': 1.0, '_a7_': 1.0}};{'d0': 0.024905832919416664};-280.569866449044;33.65094710171895
28054;-106.633986122803;((pow2(_a2_) * (pow2(((x * _a4_) + _a5_)) + _a4_)) * x);{'d0': {'_a2_': 0.787210953825222, '_a4_': 2.3343126591091514, '_a5_': 0.7281414657084969, '_a0_': 1.0, '_a1_': 1.0, '_a3_': 1.0, '_a6_': 1.0, '_a7_': 1.0}};{'d0': 0.024905832919416664};-280.569866449044;33.65094710171895
28055;-106.633986122803;((pow2(_a2_) * (pow2(((x * _a4_) + _a5_)) + _a4_)) * x);{'d0': {'_a2_': 0.787210953825222, '_a4_': 2.3343126591091514, '_a5_': 0.7281414657084969, '_a0_': 1.0, '_a1_': 1.0, '_a3_': 1.0, '_a6_': 1.0, '_a7_': 1.0}};{'d0': 0.024905832919416664};-280.569866449044;33.65094710171895
28056;-106.633986122803;((pow2(_a2_) * (pow2(((x * _a4_) + _a5_)) + _a4_)) * x);{'d0': {'_a2_': 0.787210953825222, '_a4_': 2.3343126591091514, '_a5_': 0.7281414657084969, '_a0_': 1.0, '_a1_': 1.0, '_a3_': 1.0, '_a6_': 1.0, '_a7_': 1.0}};{'d0': 0.024905832919416664};-280.569866449044;33.65094710171895
28057;-106.633986122803;((pow2(_a2_) * (pow2(((x * _a4_) + _a5_)) + _a4_)) * x);{'d0': {'_a2_': 0.787210953825222, '_a4_': 2.3343126591091514, '_a5_': 0.7281414657084969, '_a0_': 1.0, '_a1_': 1.0, '_a3_': 1.0, '_a6_': 1.0, '_a7_': 1.0}};{'d0': 0.024905832919416664};-280.569866449044;33.65094710171895
28058;-106.633986122803;((pow2(_a2_) * (pow2(((x * _a4_) + _a5_)) + _a4_)) * x);{'d0': {'_a2_': 0.787210953825222, '_a4_': 2.3343126591091514, '_a5_': 0.7281414657084969, '_a0_': 1.0, '_a1_': 1.0, '_a3_': 1.0, '_a6_': 1.0, '_a7_': 1.0}};{'d0': 0.024905832919416664};-280.569866449044;33.65094710171895
28059;-106.633986122803;((pow2(_a2_) * (pow2(((x * _a4_) + _a5_)) + _a4_)) * x);{'d0': {'_a2_': 0.787210953825222, '_a4_': 2.3343126591091514, '_a5_': 0.7281414657084969, '_a0_': 1.0, '_a1_': 1.0, '_a3_': 1.0, '_a6_': 1.0, '_a7_': 1.0}};{'d0': 0.024905832919416664};-280.569866449044;33.65094710171895
28060;-106.633986122803;((pow2(_a2_) * (pow2(((x * _a4_) + _a5_)) + _a4_)) * x);{'d0': {'_a2_': 0.787210953825222, '_a4_': 2.3343126591091514, '_a5_': 0.7281414657084969, '_a0_': 1.0, '_a1_': 1.0, '_a3_': 1.0, '_a6_': 1.0, '_a7_': 1.0}};{'d0': 0.024905832919416664};-280.569866449044;33.65094710171895
28061;-105.710676995535;((pow2(_a2_) * (pow2(((x / _a4_) + _a5_)) + _a4_)) * x);{'d0': {'_a2_': 1.3852573997171416, '_a4_': 0.7538419901740055, '_a5_': 0.41378659149349634, '_a0_': 1.0, '_a1_': 1.0, '_a3_': 1.0, '_a6_': 1.0, '_a7_': 1.0}};{'d0': 0.02490583291941668};-280.569866449043;34.57425622898635
28062;-105.710676995535;((pow2(_a2_) * (pow2(((x / _a4_) + _a5_)) + _a4_)) * x);{'d0': {'_a2_': 1.3852573997171416, '_a4_': 0.7538419901740055, '_a5_': 0.41378659149349634, '_a0_': 1.0, '_a1_': 1.0, '_a3_': 1.0, '_a6_': 1.0, '_a7_': 1.0}};{'d0': 0.02490583291941668};-280.569866449043;34.57425622898635
28063;-105.710676995535;((pow2(_a2_) * (pow2(((x / _a4_) + _a5_)) + _a4_)) * x);{'d0': {'_a2_': 1.3852573997171416, '_a4_': 0.7538419901740055, '_a5_': 0.41378659149349634, '_a0_': 1.0, '_a1_': 1.0, '_a3_': 1.0, '_a6_': 1.0, '_a7_': 1.0}};{'d0': 0.02490583291941668};-280.569866449043;34.57425622898635
28064;-105.710676995535;((pow2(_a2_) * (pow2(((x / _a4_) + _a5_)) + _a4_)) * x);{'d0': {'_a2_': 1.3852573997171416, '_a4_': 0.7538419901740055, '_a5_': 0.41378659149349634, '_a0_': 1.0, '_a1_': 1.0, '_a3_': 1.0, '_a6_': 1.0, '_a7_': 1.0}};{'d0': 0.02490583291941668};-280.569866449043;34.57425622898635
28065;-94.2714057815139;(((pow2((_a0_ * _a7_)) + pow2((_a1_ * (_a0_ + x)))) * x) * exp(_a4_));{'d0': {'_a0_': 0.31192970779327556, '_a1_': 1.0650491950837935, '_a4_': 1.0908749248578402, '_a7_': 2.2347730088838595, '_a2_': 1.0, '_a3_': 1.0, '_a5_': 1.0, '_a6_': 1.0}};{'d0': 0.02490583291946699};-276.475521886700;43.966355161836134
28066;-94.2714057815139;(((pow2((_a0_ * _a7_)) + pow2((_a1_ * (_a0_ + x)))) * x) * exp(_a4_));{'d0': {'_a0_': 0.31192970779327556, '_a1_': 1.0650491950837935, '_a4_': 1.0908749248578402, '_a7_': 2.2347730088838595, '_a2_': 1.0, '_a3_': 1.0, '_a5_': 1.0, '_a6_': 1.0}};{'d0': 0.02490583291946699};-276.475521886700;43.966355161836134
28067;-94.2714057815139;(((pow2((_a0_ * _a7_)) + pow2((_a1_ * (_a0_ + x)))) * x) * exp(_a4_));{'d0': {'_a0_': 0.31192970779327556, '_a1_': 1.0650491950837935, '_a4_': 1.0908749248578402, '_a7_': 2.2347730088838595, '_a2_': 1.0, '_a3_': 1.0, '_a5_': 1.0, '_a6_': 1.0}};{'d0': 0.02490583291946699};-276.475521886700;43.966355161836134
28068;-94.2714057815139;(((pow2((_a0_ * _a7_)) + pow2((_a1_ * (_a0_ + x)))) * x) * exp(_a4_));{'d0': {'_a0_': 0.31192970779327556, '_a1_': 1.0650491950837935, '_a4_': 1.0908749248578402, '_a7_': 2.2347730088838595, '_a2_': 1.0, '_a3_': 1.0, '_a5_': 1.0, '_a6_': 1.0}};{'d0': 0.02490583291946699};-276.475521886700;43.966355161836134
28069;-94.2714057815139;(((pow2((_a0_ * _a7_)) + pow2((_a1_ * (_a0_ + x)))) * x) * exp(_a4_));{'d0': {'_a0_': 0.31192970779327556, '_a1_': 1.0650491950837935, '_a4_': 1.0908749248578402, '_a7_': 2.2347730088838595, '_a2_': 1.0, '_a3_': 1.0, '_a5_': 1.0, '_a6_': 1.0}};{'d0': 0.02490583291946699};-276.475521886700;43.966355161836134
28070;-94.2714057815139;(((pow2((_a0_ * _a7_)) + pow2((_a1_ * (_a0_ + x)))) * x) * exp(_a4_));{'d0': {'_a0_': 0.31192970779327556, '_a1_': 1.0650491950837935, '_a4_': 1.0908749248578402, '_a7_': 2.2347730088838595, '_a2_': 1.0, '_a3_': 1.0, '_a5_': 1.0, '_a6_': 1.0}};{'d0': 0.02490583291946699};-276.475521886700;43.966355161836134
28071;-94.2714057815139;(((pow2((_a0_ * _a7_)) + pow2((_a1_ * (_a0_ + x)))) * x) * exp(_a4_));{'d0': {'_a0_': 0.31192970779327556, '_a1_': 1.0650491950837935, '_a4_': 1.0908749248578402, '_a7_': 2.2347730088838595, '_a2_': 1.0, '_a3_': 1.0, '_a5_': 1.0, '_a6_': 1.0}};{'d0': 0.02490583291946699};-276.475521886700;43.966355161836134
28072;-105.710676995535;((pow2(_a2_) * (pow2(((x / _a4_) + _a5_)) + _a4_)) * x);{'d0': {'_a2_': 1.3852573997171416, '_a4_': 0.7538419901740055, '_a5_': 0.41378659149349634, '_a0_': 1.0, '_a1_': 1.0, '_a3_': 1.0, '_a6_': 1.0, '_a7_': 1.0}};{'d0': 0.02490583291941668};-280.569866449043;34.57425622898635
28073;-105.710676995535;((pow2(_a2_) * (pow2(((x / _a4_) + _a5_)) + _a4_)) * x);{'d0': {'_a2_': 1.3852573997171416, '_a4_': 0.7538419901740055, '_a5_': 0.41378659149349634, '_a0_': 1.0, '_a1_': 1.0, '_a3_': 1.0, '_a6_': 1.0, '_a7_': 1.0}};{'d0': 0.02490583291941668};-280.569866449043;34.57425622898635
28074;-105.710676995535;((pow2(_a2_) * (pow2(((x / _a4_) + _a5_)) + _a4_)) * x);{'d0': {'_a2_': 1.3852573997171416, '_a4_': 0.7538419901740055, '_a5_': 0.41378659149349634, '_a0_': 1.0, '_a1_': 1.0, '_a3_': 1.0, '_a6_': 1.0, '_a7_': 1.0}};{'d0': 0.02490583291941668};-280.569866449043;34.57425622898635
28075;-105.710676995535;((pow2(_a2_) * (pow2(((x / _a4_) + _a5_)) + _a4_)) * x);{'d0': {'_a2_': 1.3852573997171416, '_a4_': 0.7538419901740055, '_a5_': 0.41378659149349634, '_a0_': 1.0, '_a1_': 1.0, '_a3_': 1.0, '_a6_': 1.0, '_a7_': 1.0}};{'d0': 0.02490583291941668};-280.569866449043;34.57425622898635
28076;-105.710676995535;((pow2(_a2_) * (pow2(((x / _a4_) + _a5_)) + _a4_)) * x);{'d0': {'_a2_': 1.3852573997171416, '_a4_': 0.7538419901740055, '_a5_': 0.41378659149349634, '_a0_': 1.0, '_a1_': 1.0, '_a3_': 1.0, '_a6_': 1.0, '_a7_': 1.0}};{'d0': 0.02490583291941668};-280.569866449043;34.57425622898635
28077;-105.710676995535;((pow2(_a2_) * (pow2(((x / _a4_) + _a5_)) + _a4_)) * x);{'d0': {'_a2_': 1.3852573997171416, '_a4_': 0.7538419901740055, '_a5_': 0.41378659149349634, '_a0_': 1.0, '_a1_': 1.0, '_a3_': 1.0, '_a6_': 1.0, '_a7_': 1.0}};{'d0': 0.02490583291941668};-280.569866449043;34.57425622898635
28078;-94.2438524677926;(((pow2(abs(_a0_)) + pow2((_a1_ * (_a0_ + x)))) * x) * exp(_a4_));{'d0': {'_a0_': 0.31192970778375034, '_a1_': 0.4765804806682251, '_a4_': 2.699154270824555, '_a2_': 1.0, '_a3_': 1.0, '_a5_': 1.0, '_a6_': 1.0, '_a7_': 1.0}};{'d0': 0.024905832919416636};-280.569866449044;46.04108075672913
28079;-94.2438524677926;(((pow2(abs(_a0_)) + pow2((_a1_ * (_a0_ + x)))) * x) * exp(_a4_));{'d0': {'_a0_': 0.31192970778375034, '_a1_': 0.4765804806682251, '_a4_': 2.699154270824555, '_a2_': 1.0, '_a3_': 1.0, '_a5_': 1.0, '_a6_': 1.0, '_a7_': 1.0}};{'d0': 0.024905832919416636};-280.569866449044;46.04108075672913
28080;-94.2438524677926;(((pow2(abs(_a0_)) + pow2((_a1_ * (_a0_ + x)))) * x) * exp(_a4_));{'d0': {'_a0_': 0.31192970778375034, '_a1_': 0.4765804806682251, '_a4_': 2.699154270824555, '_a2_': 1.0, '_a3_': 1.0, '_a5_': 1.0, '_a6_': 1.0, '_a7_': 1.0}};{'d0': 0.024905832919416636};-280.569866449044;46.04108075672913
28081;-94.2438524677926;(((pow2(abs(_a0_)) + pow2((_a1_ * (_a0_ + x)))) * x) * exp(_a4_));{'d0': {'_a0_': 0.31192970778375034, '_a1_': 0.4765804806682251, '_a4_': 2.699154270824555, '_a2_': 1.0, '_a3_': 1.0, '_a5_': 1.0, '_a6_': 1.0, '_a7_': 1.0}};{'d0': 0.024905832919416636};-280.569866449044;46.04108075672913
28082;-99.6099206024527;(((pow2(abs(_a0_)) + pow2((_a1_ * (_a0_ + x)))) * x) * _a4_);{'d0': {'_a0_': 0.31192970776224677, '_a1_': 0.47658048080927073, '_a4_': 14.867152818626533, '_a2_': 1.0, '_a3_': 1.0, '_a5_': 1.0, '_a6_': 1.0, '_a7_': 1.0}};{'d0': 0.024905832919416587};-280.569866449044;40.67501262206913
28083;-99.6099206024527;(((pow2(abs(_a0_)) + pow2((_a1_ * (_a0_ + x)))) * x) * _a4_);{'d0': {'_a0_': 0.31192970776224677, '_a1_': 0.47658048080927073, '_a4_': 14.867152818626533, '_a2_': 1.0, '_a3_': 1.0, '_a5_': 1.0, '_a6_': 1.0, '_a7_': 1.0}};{'d0': 0.024905832919416587};-280.569866449044;40.67501262206913
28084;-99.6099206024527;(((pow2(abs(_a0_)) + pow2((_a1_ * (_a0_ + x)))) * x) * _a4_);{'d0': {'_a0_': 0.31192970776224677, '_a1_': 0.47658048080927073, '_a4_': 14.867152818626533, '_a2_': 1.0, '_a3_': 1.0, '_a5_': 1.0, '_a6_': 1.0, '_a7_': 1.0}};{'d0': 0.024905832919416587};-280.569866449044;40.67501262206913
28085;-99.6099206024527;(((pow2(abs(_a0_)) + pow2((_a1_ * (_a0_ + x)))) * x) * _a4_);{'d0': {'_a0_': 0.31192970776224677, '_a1_': 0.47658048080927073, '_a4_': 14.867152818626533, '_a2_': 1.0, '_a3_': 1.0, '_a5_': 1.0, '_a6_': 1.0, '_a7_': 1.0}};{'d0': 0.024905832919416587};-280.569866449044;40.67501262206913
28086;-99.6099206024527;(((pow2(abs(_a0_)) + pow2((_a1_ * (_a0_ + x)))) * x) * _a4_);{'d0': {'_a0_': 0.31192970776224677, '_a1_': 0.47658048080927073, '_a4_': 14.867152818626533, '_a2_': 1.0, '_a3_': 1.0, '_a5_': 1.0, '_a6_': 1.0, '_a7_': 1.0}};{'d0': 0.024905832919416587};-280.569866449044;40.67501262206913
28087;-99.6099206024527;(((pow2(abs(_a0_)) + pow2((_a1_ * (_a0_ + x)))) * x) * _a4_);{'d0': {'_a0_': 0.31192970776224677, '_a1_': 0.47658048080927073, '_a4_': 14.867152818626533, '_a2_': 1.0, '_a3_': 1.0, '_a5_': 1.0, '_a6_': 1.0, '_a7_': 1.0}};{'d0': 0.024905832919416587};-280.569866449044;40.67501262206913
28088;-99.6099206024527;(((pow2(abs(_a0_)) + pow2((_a1_ * (_a0_ + x)))) * x) * _a4_);{'d0': {'_a0_': 0.31192970776224677, '_a1_': 0.47658048080927073, '_a4_': 14.867152818626533, '_a2_': 1.0, '_a3_': 1.0, '_a5_': 1.0, '_a6_': 1.0, '_a7_': 1.0}};{'d0': 0.024905832919416587};-280.569866449044;40.67501262206913
28089;-99.6099206024527;(((pow2(abs(_a0_)) + pow2((_a1_ * (_a0_ + x)))) * x) * _a4_);{'d0': {'_a0_': 0.31192970776224677, '_a1_': 0.47658048080927073, '_a4_': 14.867152818626533, '_a2_': 1.0, '_a3_': 1.0, '_a5_': 1.0, '_a6_': 1.0, '_a7_': 1.0}};{'d0': 0.024905832919416587};-280.569866449044;40.67501262206913
28090;-100.833694356400;(((pow2((_a0_ / _a1_)) + pow2((_a1_ * (_a0_ + x)))) * x) * _a4_);{'d0': {'_a0_': 0.311929707867916, '_a1_': 0.6903480867415239, '_a4_': 7.085394836590908, '_a2_': 1.0, '_a3_': 1.0, '_a5_': 1.0, '_a6_': 1.0, '_a7_': 1.0}};{'d0': 0.02490583291941654};-280.569866449044;39.451238868121536
28091;-100.833694356400;(((pow2((_a0_ / _a1_)) + pow2((_a1_ * (_a0_ + x)))) * x) * _a4_);{'d0': {'_a0_': 0.311929707867916, '_a1_': 0.6903480867415239, '_a4_': 7.085394836590908, '_a2_': 1.0, '_a3_': 1.0, '_a5_': 1.0, '_a6_': 1.0, '_a7_': 1.0}};{'d0': 0.02490583291941654};-280.569866449044;39.451238868121536
28092;-100.833694356400;(((pow2((_a0_ / _a1_)) + pow2((_a1_ * (_a0_ + x)))) * x) * _a4_);{'d0': {'_a0_': 0.311929707867916, '_a1_': 0.6903480867415239, '_a4_': 7.085394836590908, '_a2_': 1.0, '_a3_': 1.0, '_a5_': 1.0, '_a6_': 1.0, '_a7_': 1.0}};{'d0': 0.02490583291941654};-280.569866449044;39.451238868121536
28093;-100.833694356400;(((pow2((_a0_ / _a1_)) + pow2((_a1_ * (_a0_ + x)))) * x) * _a4_);{'d0': {'_a0_': 0.311929707867916, '_a1_': 0.6903480867415239, '_a4_': 7.085394836590908, '_a2_': 1.0, '_a3_': 1.0, '_a5_': 1.0, '_a6_': 1.0, '_a7_': 1.0}};{'d0': 0.02490583291941654};-280.569866449044;39.451238868121536
28094;-100.833694356400;(((pow2((_a0_ / _a1_)) + pow2((_a1_ * (_a0_ + x)))) * x) * _a4_);{'d0': {'_a0_': 0.311929707867916, '_a1_': 0.6903480867415239, '_a4_': 7.085394836590908, '_a2_': 1.0, '_a3_': 1.0, '_a5_': 1.0, '_a6_': 1.0, '_a7_': 1.0}};{'d0': 0.02490583291941654};-280.569866449044;39.451238868121536
28095;-100.833694356400;(((pow2((_a0_ / _a1_)) + pow2((_a1_ * (_a0_ + x)))) * x) * _a4_);{'d0': {'_a0_': 0.311929707867916, '_a1_': 0.6903480867415239, '_a4_': 7.085394836590908, '_a2_': 1.0, '_a3_': 1.0, '_a5_': 1.0, '_a6_': 1.0, '_a7_': 1.0}};{'d0': 0.02490583291941654};-280.569866449044;39.451238868121536
28096;-100.833694356400;(((pow2((_a0_ / _a1_)) + pow2((_a1_ * (_a0_ + x)))) * x) * _a4_);{'d0': {'_a0_': 0.311929707867916, '_a1_': 0.6903480867415239, '_a4_': 7.085394836590908, '_a2_': 1.0, '_a3_': 1.0, '_a5_': 1.0, '_a6_': 1.0, '_a7_': 1.0}};{'d0': 0.02490583291941654};-280.569866449044;39.451238868121536
28097;-100.833694356400;(((pow2((_a0_ / _a1_)) + pow2((_a1_ * (_a0_ + x)))) * x) * _a4_);{'d0': {'_a0_': 0.311929707867916, '_a1_': 0.6903480867415239, '_a4_': 7.085394836590908, '_a2_': 1.0, '_a3_': 1.0, '_a5_': 1.0, '_a6_': 1.0, '_a7_': 1.0}};{'d0': 0.02490583291941654};-280.569866449044;39.451238868121536
28098;-99.6099206024527;(((pow2(abs(_a0_)) + pow2((_a1_ * (_a0_ + x)))) * x) * _a4_);{'d0': {'_a0_': 0.31192970776224677, '_a1_': 0.47658048080927073, '_a4_': 14.867152818626533, '_a2_': 1.0, '_a3_': 1.0, '_a5_': 1.0, '_a6_': 1.0, '_a7_': 1.0}};{'d0': 0.024905832919416587};-280.569866449044;40.67501262206913
28099;-99.6099206024527;(((pow2(abs(_a0_)) + pow2((_a1_ * (_a0_ + x)))) * x) * _a4_);{'d0': {'_a0_': 0.31192970776224677, '_a1_': 0.47658048080927073, '_a4_': 14.867152818626533, '_a2_': 1.0, '_a3_': 1.0, '_a5_': 1.0, '_a6_': 1.0, '_a7_': 1.0}};{'d0': 0.024905832919416587};-280.569866449044;40.67501262206913
28100;-99.6099206024527;(((pow2(abs(_a0_)) + pow2((_a1_ * (_a0_ + x)))) * x) * _a4_);{'d0': {'_a0_': 0.31192970776224677, '_a1_': 0.47658048080927073, '_a4_': 14.867152818626533, '_a2_': 1.0, '_a3_': 1.0, '_a5_': 1.0, '_a6_': 1.0, '_a7_': 1.0}};{'d0': 0.024905832919416587};-280.569866449044;40.67501262206913
28101;-99.6099206024527;(((pow2(abs(_a0_)) + pow2((_a1_ * (_a0_ + x)))) * x) * _a4_);{'d0': {'_a0_': 0.31192970776224677, '_a1_': 0.47658048080927073, '_a4_': 14.867152818626533, '_a2_': 1.0, '_a3_': 1.0, '_a5_': 1.0, '_a6_': 1.0, '_a7_': 1.0}};{'d0': 0.024905832919416587};-280.569866449044;40.67501262206913
28102;-99.6099206024527;(((pow2(abs(_a0_)) + pow2((_a1_ * (_a0_ + x)))) * x) * _a4_);{'d0': {'_a0_': 0.31192970776224677, '_a1_': 0.47658048080927073, '_a4_': 14.867152818626533, '_a2_': 1.0, '_a3_': 1.0, '_a5_': 1.0, '_a6_': 1.0, '_a7_': 1.0}};{'d0': 0.024905832919416587};-280.569866449044;40.67501262206913
28103;-99.6099206024527;(((pow2(abs(_a0_)) + pow2((_a1_ * (_a0_ + x)))) * x) * _a4_);{'d0': {'_a0_': 0.31192970776224677, '_a1_': 0.47658048080927073, '_a4_': 14.867152818626533, '_a2_': 1.0, '_a3_': 1.0, '_a5_': 1.0, '_a6_': 1.0, '_a7_': 1.0}};{'d0': 0.024905832919416587};-280.569866449044;40.67501262206913
28104;-99.6099206024527;(((pow2(abs(_a0_)) + pow2((_a1_ * (_a0_ + x)))) * x) * _a4_);{'d0': {'_a0_': 0.31192970776224677, '_a1_': 0.47658048080927073, '_a4_': 14.867152818626533, '_a2_': 1.0, '_a3_': 1.0, '_a5_': 1.0, '_a6_': 1.0, '_a7_': 1.0}};{'d0': 0.024905832919416587};-280.569866449044;40.67501262206913
28105;-99.6099206024527;(((pow2(abs(_a0_)) + pow2((_a1_ * (_a0_ + x)))) * x) * _a4_);{'d0': {'_a0_': 0.31192970776224677, '_a1_': 0.47658048080927073, '_a4_': 14.867152818626533, '_a2_': 1.0, '_a3_': 1.0, '_a5_': 1.0, '_a6_': 1.0, '_a7_': 1.0}};{'d0': 0.024905832919416587};-280.569866449044;40.67501262206913
28106;-99.6099206024527;(((pow2(abs(_a0_)) + pow2((_a1_ * (_a0_ + x)))) * x) * _a4_);{'d0': {'_a0_': 0.31192970776224677, '_a1_': 0.47658048080927073, '_a4_': 14.867152818626533, '_a2_': 1.0, '_a3_': 1.0, '_a5_': 1.0, '_a6_': 1.0, '_a7_': 1.0}};{'d0': 0.024905832919416587};-280.569866449044;40.67501262206913
28107;-105.710676995535;((pow2(_a2_) * (pow2(((x / _a4_) + _a5_)) + _a4_)) * x);{'d0': {'_a2_': 1.3852573997171416, '_a4_': 0.7538419901740055, '_a5_': 0.41378659149349634, '_a0_': 1.0, '_a1_': 1.0, '_a3_': 1.0, '_a6_': 1.0, '_a7_': 1.0}};{'d0': 0.02490583291941668};-280.569866449043;34.57425622898635
28108;-99.6099206024527;(((pow2(abs(_a0_)) + pow2((_a1_ * (_a0_ + x)))) * x) * _a4_);{'d0': {'_a0_': 0.31192970776224677, '_a1_': 0.47658048080927073, '_a4_': 14.867152818626533, '_a2_': 1.0, '_a3_': 1.0, '_a5_': 1.0, '_a6_': 1.0, '_a7_': 1.0}};{'d0': 0.024905832919416587};-280.569866449044;40.67501262206913
28109;-99.6099206024527;(((pow2(abs(_a0_)) + pow2((_a1_ * (_a0_ + x)))) * x) * _a4_);{'d0': {'_a0_': 0.31192970776224677, '_a1_': 0.47658048080927073, '_a4_': 14.867152818626533, '_a2_': 1.0, '_a3_': 1.0, '_a5_': 1.0, '_a6_': 1.0, '_a7_': 1.0}};{'d0': 0.024905832919416587};-280.569866449044;40.67501262206913
28110;-99.6099206024527;(((pow2(abs(_a0_)) + pow2((_a1_ * (_a0_ + x)))) * x) * _a4_);{'d0': {'_a0_': 0.31192970776224677, '_a1_': 0.47658048080927073, '_a4_': 14.867152818626533, '_a2_': 1.0, '_a3_': 1.0, '_a5_': 1.0, '_a6_': 1.0, '_a7_': 1.0}};{'d0': 0.024905832919416587};-280.569866449044;40.67501262206913
28111;-99.6099206024527;(((pow2(abs(_a0_)) + pow2((_a1_ * (_a0_ + x)))) * x) * _a4_);{'d0': {'_a0_': 0.31192970776224677, '_a1_': 0.47658048080927073, '_a4_': 14.867152818626533, '_a2_': 1.0, '_a3_': 1.0, '_a5_': 1.0, '_a6_': 1.0, '_a7_': 1.0}};{'d0': 0.024905832919416587};-280.569866449044;40.67501262206913
28112;-99.6099206024527;(((pow2(abs(_a0_)) + pow2((_a1_ * (_a0_ + x)))) * x) * _a4_);{'d0': {'_a0_': 0.31192970776224677, '_a1_': 0.47658048080927073, '_a4_': 14.867152818626533, '_a2_': 1.0, '_a3_': 1.0, '_a5_': 1.0, '_a6_': 1.0, '_a7_': 1.0}};{'d0': 0.024905832919416587};-280.569866449044;40.67501262206913
28113;-98.7865220542323;(((pow2((_a1_ / _a5_)) + pow2((_a1_ * (_a0_ + x)))) * x) * _a4_);{'d0': {'_a0_': 0.31192970778964324, '_a1_': 0.5655481017597566, '_a4_': 10.557498203808855, '_a5_': 1.5278457581870704, '_a2_': 1.0, '_a3_': 1.0, '_a6_': 1.0, '_a7_': 1.0}};{'d0': 0.024905832936897892};-276.475521844708;39.451238868121536
28114;-98.7865220542323;(((pow2((_a1_ / _a5_)) + pow2((_a1_ * (_a0_ + x)))) * x) * _a4_);{'d0': {'_a0_': 0.31192970778964324, '_a1_': 0.5655481017597566, '_a4_': 10.557498203808855, '_a5_': 1.5278457581870704, '_a2_': 1.0, '_a3_': 1.0, '_a6_': 1.0, '_a7_': 1.0}};{'d0': 0.024905832936897892};-276.475521844708;39.451238868121536
28115;-98.7865220542323;(((pow2((_a1_ / _a5_)) + pow2((_a1_ * (_a0_ + x)))) * x) * _a4_);{'d0': {'_a0_': 0.31192970778964324, '_a1_': 0.5655481017597566, '_a4_': 10.557498203808855, '_a5_': 1.5278457581870704, '_a2_': 1.0, '_a3_': 1.0, '_a6_': 1.0, '_a7_': 1.0}};{'d0': 0.024905832936897892};-276.475521844708;39.451238868121536
28116;-98.7865220542323;(((pow2((_a1_ / _a5_)) + pow2((_a1_ * (_a0_ + x)))) * x) * _a4_);{'d0': {'_a0_': 0.31192970778964324, '_a1_': 0.5655481017597566, '_a4_': 10.557498203808855, '_a5_': 1.5278457581870704, '_a2_': 1.0, '_a3_': 1.0, '_a6_': 1.0, '_a7_': 1.0}};{'d0': 0.024905832936897892};-276.475521844708;39.451238868121536
28117;-98.7865220542323;(((pow2((_a1_ / _a5_)) + pow2((_a1_ * (_a0_ + x)))) * x) * _a4_);{'d0': {'_a0_': 0.31192970778964324, '_a1_': 0.5655481017597566, '_a4_': 10.557498203808855, '_a5_': 1.5278457581870704, '_a2_': 1.0, '_a3_': 1.0, '_a6_': 1.0, '_a7_': 1.0}};{'d0': 0.024905832936897892};-276.475521844708;39.451238868121536
28118;-98.7865220542323;(((pow2((_a1_ / _a5_)) + pow2((_a1_ * (_a0_ + x)))) * x) * _a4_);{'d0': {'_a0_': 0.31192970778964324, '_a1_': 0.5655481017597566, '_a4_': 10.557498203808855, '_a5_': 1.5278457581870704, '_a2_': 1.0, '_a3_': 1.0, '_a6_': 1.0, '_a7_': 1.0}};{'d0': 0.024905832936897892};-276.475521844708;39.451238868121536
28119;-98.7865220542323;(((pow2((_a1_ / _a5_)) + pow2((_a1_ * (_a0_ + x)))) * x) * _a4_);{'d0': {'_a0_': 0.31192970778964324, '_a1_': 0.5655481017597566, '_a4_': 10.557498203808855, '_a5_': 1.5278457581870704, '_a2_': 1.0, '_a3_': 1.0, '_a6_': 1.0, '_a7_': 1.0}};{'d0': 0.024905832936897892};-276.475521844708;39.451238868121536
28120;-98.7865220542323;(((pow2((_a1_ / _a5_)) + pow2((_a1_ * (_a0_ + x)))) * x) * _a4_);{'d0': {'_a0_': 0.31192970778964324, '_a1_': 0.5655481017597566, '_a4_': 10.557498203808855, '_a5_': 1.5278457581870704, '_a2_': 1.0, '_a3_': 1.0, '_a6_': 1.0, '_a7_': 1.0}};{'d0': 0.024905832936897892};-276.475521844708;39.451238868121536
28121;-98.7865220542323;(((pow2((_a1_ / _a5_)) + pow2((_a1_ * (_a0_ + x)))) * x) * _a4_);{'d0': {'_a0_': 0.31192970778964324, '_a1_': 0.5655481017597566, '_a4_': 10.557498203808855, '_a5_': 1.5278457581870704, '_a2_': 1.0, '_a3_': 1.0, '_a6_': 1.0, '_a7_': 1.0}};{'d0': 0.024905832936897892};-276.475521844708;39.451238868121536
28122;-98.7865220542323;(((pow2((_a1_ / _a5_)) + pow2((_a1_ * (_a0_ + x)))) * x) * _a4_);{'d0': {'_a0_': 0.31192970778964324, '_a1_': 0.5655481017597566, '_a4_': 10.557498203808855, '_a5_': 1.5278457581870704, '_a2_': 1.0, '_a3_': 1.0, '_a6_': 1.0, '_a7_': 1.0}};{'d0': 0.024905832936897892};-276.475521844708;39.451238868121536
28123;-98.7865220542323;(((pow2((_a1_ / _a5_)) + pow2((_a1_ * (_a0_ + x)))) * x) * _a4_);{'d0': {'_a0_': 0.31192970778964324, '_a1_': 0.5655481017597566, '_a4_': 10.557498203808855, '_a5_': 1.5278457581870704, '_a2_': 1.0, '_a3_': 1.0, '_a6_': 1.0, '_a7_': 1.0}};{'d0': 0.024905832936897892};-276.475521844708;39.451238868121536
28124;-97.7429036651660;(((pow2((_a1_ / _a5_)) + pow2((_a1_ + (_a0_ + x)))) * x) * _a4_);{'d0': {'_a0_': 213.4905204725676, '_a1_': -213.17859076505187, '_a4_': 3.3767608802739173, '_a5_': 325.7039932783037, '_a2_': 1.0, '_a3_': 1.0, '_a6_': 1.0, '_a7_': 1.0}};{'d0': 0.024905832919606047};-276.475521886365;40.49485727801653
28125;-97.7429036651660;(((pow2((_a1_ / _a5_)) + pow2((_a1_ + (_a0_ + x)))) * x) * _a4_);{'d0': {'_a0_': 213.4905204725676, '_a1_': -213.17859076505187, '_a4_': 3.3767608802739173, '_a5_': 325.7039932783037, '_a2_': 1.0, '_a3_': 1.0, '_a6_': 1.0, '_a7_': 1.0}};{'d0': 0.024905832919606047};-276.475521886365;40.49485727801653
28126;-97.7429036651660;(((pow2((_a1_ / _a5_)) + pow2((_a1_ + (_a0_ + x)))) * x) * _a4_);{'d0': {'_a0_': 213.4905204725676, '_a1_': -213.17859076505187, '_a4_': 3.3767608802739173, '_a5_': 325.7039932783037, '_a2_': 1.0, '_a3_': 1.0, '_a6_': 1.0, '_a7_': 1.0}};{'d0': 0.024905832919606047};-276.475521886365;40.49485727801653
28127;-97.7429036651660;(((pow2((_a1_ / _a5_)) + pow2((_a1_ + (_a0_ + x)))) * x) * _a4_);{'d0': {'_a0_': 213.4905204725676, '_a1_': -213.17859076505187, '_a4_': 3.3767608802739173, '_a5_': 325.7039932783037, '_a2_': 1.0, '_a3_': 1.0, '_a6_': 1.0, '_a7_': 1.0}};{'d0': 0.024905832919606047};-276.475521886365;40.49485727801653
28128;-97.7429036651660;(((pow2((_a1_ / _a5_)) + pow2((_a1_ + (_a0_ + x)))) * x) * _a4_);{'d0': {'_a0_': 213.4905204725676, '_a1_': -213.17859076505187, '_a4_': 3.3767608802739173, '_a5_': 325.7039932783037, '_a2_': 1.0, '_a3_': 1.0, '_a6_': 1.0, '_a7_': 1.0}};{'d0': 0.024905832919606047};-276.475521886365;40.49485727801653
28129;-97.7429036651660;(((pow2((_a1_ / _a5_)) + pow2((_a1_ + (_a0_ + x)))) * x) * _a4_);{'d0': {'_a0_': 213.4905204725676, '_a1_': -213.17859076505187, '_a4_': 3.3767608802739173, '_a5_': 325.7039932783037, '_a2_': 1.0, '_a3_': 1.0, '_a6_': 1.0, '_a7_': 1.0}};{'d0': 0.024905832919606047};-276.475521886365;40.49485727801653
28130;-97.7429036651660;(((pow2((_a1_ / _a5_)) + pow2((_a1_ + (_a0_ + x)))) * x) * _a4_);{'d0': {'_a0_': 213.4905204725676, '_a1_': -213.17859076505187, '_a4_': 3.3767608802739173, '_a5_': 325.7039932783037, '_a2_': 1.0, '_a3_': 1.0, '_a6_': 1.0, '_a7_': 1.0}};{'d0': 0.024905832919606047};-276.475521886365;40.49485727801653
28131;-97.7429036651660;(((pow2((_a1_ / _a5_)) + pow2((_a1_ + (_a0_ + x)))) * x) * _a4_);{'d0': {'_a0_': 213.4905204725676, '_a1_': -213.17859076505187, '_a4_': 3.3767608802739173, '_a5_': 325.7039932783037, '_a2_': 1.0, '_a3_': 1.0, '_a6_': 1.0, '_a7_': 1.0}};{'d0': 0.024905832919606047};-276.475521886365;40.49485727801653
28132;-97.7429036651660;(((pow2((_a1_ / _a5_)) + pow2((_a1_ + (_a0_ + x)))) * x) * _a4_);{'d0': {'_a0_': 213.4905204725676, '_a1_': -213.17859076505187, '_a4_': 3.3767608802739173, '_a5_': 325.7039932783037, '_a2_': 1.0, '_a3_': 1.0, '_a6_': 1.0, '_a7_': 1.0}};{'d0': 0.024905832919606047};-276.475521886365;40.49485727801653
28133;-97.7429036651660;(((pow2((_a1_ / _a5_)) + pow2((_a1_ + (_a0_ + x)))) * x) * _a4_);{'d0': {'_a0_': 213.4905204725676, '_a1_': -213.17859076505187, '_a4_': 3.3767608802739173, '_a5_': 325.7039932783037, '_a2_': 1.0, '_a3_': 1.0, '_a6_': 1.0, '_a7_': 1.0}};{'d0': 0.024905832919606047};-276.475521886365;40.49485727801653
28134;-97.7429036651660;(((pow2((_a1_ / _a5_)) + pow2((_a1_ + (_a0_ + x)))) * x) * _a4_);{'d0': {'_a0_': 213.4905204725676, '_a1_': -213.17859076505187, '_a4_': 3.3767608802739173, '_a5_': 325.7039932783037, '_a2_': 1.0, '_a3_': 1.0, '_a6_': 1.0, '_a7_': 1.0}};{'d0': 0.024905832919606047};-276.475521886365;40.49485727801653
28135;-97.7429036651660;(((pow2((_a1_ / _a5_)) + pow2((_a1_ + (_a0_ + x)))) * x) * _a4_);{'d0': {'_a0_': 213.4905204725676, '_a1_': -213.17859076505187, '_a4_': 3.3767608802739173, '_a5_': 325.7039932783037, '_a2_': 1.0, '_a3_': 1.0, '_a6_': 1.0, '_a7_': 1.0}};{'d0': 0.024905832919606047};-276.475521886365;40.49485727801653
28136;-97.7429036651660;(((pow2((_a1_ / _a5_)) + pow2((_a1_ + (_a0_ + x)))) * x) * _a4_);{'d0': {'_a0_': 213.4905204725676, '_a1_': -213.17859076505187, '_a4_': 3.3767608802739173, '_a5_': 325.7039932783037, '_a2_': 1.0, '_a3_': 1.0, '_a6_': 1.0, '_a7_': 1.0}};{'d0': 0.024905832919606047};-276.475521886365;40.49485727801653
28137;-97.7429036651660;(((pow2((_a1_ / _a5_)) + pow2((_a1_ + (_a0_ + x)))) * x) * _a4_);{'d0': {'_a0_': 213.4905204725676, '_a1_': -213.17859076505187, '_a4_': 3.3767608802739173, '_a5_': 325.7039932783037, '_a2_': 1.0, '_a3_': 1.0, '_a6_': 1.0, '_a7_': 1.0}};{'d0': 0.024905832919606047};-276.475521886365;40.49485727801653
28138;-97.7429036651660;(((pow2((_a1_ / _a5_)) + pow2((_a1_ + (_a0_ + x)))) * x) * _a4_);{'d0': {'_a0_': 213.4905204725676, '_a1_': -213.17859076505187, '_a4_': 3.3767608802739173, '_a5_': 325.7039932783037, '_a2_': 1.0, '_a3_': 1.0, '_a6_': 1.0, '_a7_': 1.0}};{'d0': 0.024905832919606047};-276.475521886365;40.49485727801653
28139;-97.7429036651660;(((pow2((_a1_ / _a5_)) + pow2((_a1_ + (_a0_ + x)))) * x) * _a4_);{'d0': {'_a0_': 213.4905204725676, '_a1_': -213.17859076505187, '_a4_': 3.3767608802739173, '_a5_': 325.7039932783037, '_a2_': 1.0, '_a3_': 1.0, '_a6_': 1.0, '_a7_': 1.0}};{'d0': 0.024905832919606047};-276.475521886365;40.49485727801653
28140;-97.7429036651660;(((pow2((_a1_ / _a5_)) + pow2((_a1_ + (_a0_ + x)))) * x) * _a4_);{'d0': {'_a0_': 213.4905204725676, '_a1_': -213.17859076505187, '_a4_': 3.3767608802739173, '_a5_': 325.7039932783037, '_a2_': 1.0, '_a3_': 1.0, '_a6_': 1.0, '_a7_': 1.0}};{'d0': 0.024905832919606047};-276.475521886365;40.49485727801653
28141;-97.7429036651660;(((pow2((_a1_ / _a5_)) + pow2((_a1_ + (_a0_ + x)))) * x) * _a4_);{'d0': {'_a0_': 213.4905204725676, '_a1_': -213.17859076505187, '_a4_': 3.3767608802739173, '_a5_': 325.7039932783037, '_a2_': 1.0, '_a3_': 1.0, '_a6_': 1.0, '_a7_': 1.0}};{'d0': 0.024905832919606047};-276.475521886365;40.49485727801653
28142;-98.2120566298885;(((_a3_ + pow2((x + ((_a5_ / log(_a5_)) * _a2_)))) / _a5_) * x);{'d0': {'_a2_': -1.2817932466333337, '_a3_': 0.428391627756019, '_a5_': 0.2961417867715473, '_a0_': 1.0, '_a1_': 1.0, '_a4_': 1.0, '_a6_': 1.0, '_a7_': 1.0}};{'d0': 0.024905832919416632};-280.569866449044;42.07287659463371
28143;-98.2120566298885;(((_a3_ + pow2((x + ((_a5_ / log(_a5_)) * _a2_)))) / _a5_) * x);{'d0': {'_a2_': -1.2817932466333337, '_a3_': 0.428391627756019, '_a5_': 0.2961417867715473, '_a0_': 1.0, '_a1_': 1.0, '_a4_': 1.0, '_a6_': 1.0, '_a7_': 1.0}};{'d0': 0.024905832919416632};-280.569866449044;42.07287659463371
28144;-98.2120566298885;(((_a3_ + pow2((x + ((_a5_ / log(_a5_)) * _a2_)))) / _a5_) * x);{'d0': {'_a2_': -1.2817932466333337, '_a3_': 0.428391627756019, '_a5_': 0.2961417867715473, '_a0_': 1.0, '_a1_': 1.0, '_a4_': 1.0, '_a6_': 1.0, '_a7_': 1.0}};{'d0': 0.024905832919416632};-280.569866449044;42.07287659463371
28145;-98.2120566298885;(((_a3_ + pow2((x + ((_a5_ / log(_a5_)) * _a2_)))) / _a5_) * x);{'d0': {'_a2_': -1.2817932466333337, '_a3_': 0.428391627756019, '_a5_': 0.2961417867715473, '_a0_': 1.0, '_a1_': 1.0, '_a4_': 1.0, '_a6_': 1.0, '_a7_': 1.0}};{'d0': 0.024905832919416632};-280.569866449044;42.07287659463371
28146;-97.0960809336715;(((_a3_ + pow2((x + ((_a5_ / log(_a5_)) + _a2_)))) / _a5_) * x);{'d0': {'_a2_': 0.5552838590276439, '_a3_': 0.4283916276101045, '_a5_': 0.29614178670611085, '_a0_': 1.0, '_a1_': 1.0, '_a4_': 1.0, '_a6_': 1.0, '_a7_': 1.0}};{'d0': 0.024905832919416643};-280.569866449044;43.18885229085071
28147;-97.0960809336715;(((_a3_ + pow2((x + ((_a5_ / log(_a5_)) + _a2_)))) / _a5_) * x);{'d0': {'_a2_': 0.5552838590276439, '_a3_': 0.4283916276101045, '_a5_': 0.29614178670611085, '_a0_': 1.0, '_a1_': 1.0, '_a4_': 1.0, '_a6_': 1.0, '_a7_': 1.0}};{'d0': 0.024905832919416643};-280.569866449044;43.18885229085071
28148;-97.0960809336715;(((_a3_ + pow2((x + ((_a5_ / log(_a5_)) + _a2_)))) / _a5_) * x);{'d0': {'_a2_': 0.5552838590276439, '_a3_': 0.4283916276101045, '_a5_': 0.29614178670611085, '_a0_': 1.0, '_a1_': 1.0, '_a4_': 1.0, '_a6_': 1.0, '_a7_': 1.0}};{'d0': 0.024905832919416643};-280.569866449044;43.18885229085071
28149;-97.0960809336715;(((_a3_ + pow2((x + ((_a5_ / log(_a5_)) + _a2_)))) / _a5_) * x);{'d0': {'_a2_': 0.5552838590276439, '_a3_': 0.4283916276101045, '_a5_': 0.29614178670611085, '_a0_': 1.0, '_a1_': 1.0, '_a4_': 1.0, '_a6_': 1.0, '_a7_': 1.0}};{'d0': 0.024905832919416643};-280.569866449044;43.18885229085071
28150;-98.7574784911717;(((_a3_ + pow2((x + ((_a5_ / pow2(_a5_)) + _a2_)))) / _a5_) * x);{'d0': {'_a2_': -3.064831167590259, '_a3_': 0.4283916283825689, '_a5_': 0.296141787027633, '_a0_': 1.0, '_a1_': 1.0, '_a4_': 1.0, '_a6_': 1.0, '_a7_': 1.0}};{'d0': 0.024905832919416476};-280.569866449044;41.52745473335071
28151;-98.7574784911717;(((_a3_ + pow2((x + ((_a5_ / pow2(_a5_)) + _a2_)))) / _a5_) * x);{'d0': {'_a2_': -3.064831167590259, '_a3_': 0.4283916283825689, '_a5_': 0.296141787027633, '_a0_': 1.0, '_a1_': 1.0, '_a4_': 1.0, '_a6_': 1.0, '_a7_': 1.0}};{'d0': 0.024905832919416476};-280.569866449044;41.52745473335071
28152;-98.7574784911717;(((_a3_ + pow2((x + ((_a5_ / pow2(_a5_)) + _a2_)))) / _a5_) * x);{'d0': {'_a2_': -3.064831167590259, '_a3_': 0.4283916283825689, '_a5_': 0.296141787027633, '_a0_': 1.0, '_a1_': 1.0, '_a4_': 1.0, '_a6_': 1.0, '_a7_': 1.0}};{'d0': 0.024905832919416476};-280.569866449044;41.52745473335071
28153;-98.7574784911717;(((_a3_ + pow2((x + ((_a5_ / pow2(_a5_)) + _a2_)))) / _a5_) * x);{'d0': {'_a2_': -3.064831167590259, '_a3_': 0.4283916283825689, '_a5_': 0.296141787027633, '_a0_': 1.0, '_a1_': 1.0, '_a4_': 1.0, '_a6_': 1.0, '_a7_': 1.0}};{'d0': 0.024905832919416476};-280.569866449044;41.52745473335071
28154;-98.7574784911717;(((_a3_ + pow2((x + ((_a5_ / pow2(_a5_)) + _a2_)))) / _a5_) * x);{'d0': {'_a2_': -3.064831167590259, '_a3_': 0.4283916283825689, '_a5_': 0.296141787027633, '_a0_': 1.0, '_a1_': 1.0, '_a4_': 1.0, '_a6_': 1.0, '_a7_': 1.0}};{'d0': 0.024905832919416476};-280.569866449044;41.52745473335071
28155;-98.7574784911717;(((_a3_ + pow2((x + ((_a5_ / pow2(_a5_)) + _a2_)))) / _a5_) * x);{'d0': {'_a2_': -3.064831167590259, '_a3_': 0.4283916283825689, '_a5_': 0.296141787027633, '_a0_': 1.0, '_a1_': 1.0, '_a4_': 1.0, '_a6_': 1.0, '_a7_': 1.0}};{'d0': 0.024905832919416476};-280.569866449044;41.52745473335071
28156;-98.7574784911717;(((_a3_ + pow2((x + ((_a5_ / pow2(_a5_)) + _a2_)))) / _a5_) * x);{'d0': {'_a2_': -3.064831167590259, '_a3_': 0.4283916283825689, '_a5_': 0.296141787027633, '_a0_': 1.0, '_a1_': 1.0, '_a4_': 1.0, '_a6_': 1.0, '_a7_': 1.0}};{'d0': 0.024905832919416476};-280.569866449044;41.52745473335071
28157;-98.7574784911717;(((_a3_ + pow2((x + ((_a5_ / pow2(_a5_)) + _a2_)))) / _a5_) * x);{'d0': {'_a2_': -3.064831167590259, '_a3_': 0.4283916283825689, '_a5_': 0.296141787027633, '_a0_': 1.0, '_a1_': 1.0, '_a4_': 1.0, '_a6_': 1.0, '_a7_': 1.0}};{'d0': 0.024905832919416476};-280.569866449044;41.52745473335071
28158;-98.7574784911717;(((_a3_ + pow2((x + ((_a5_ / pow2(_a5_)) + _a2_)))) / _a5_) * x);{'d0': {'_a2_': -3.064831167590259, '_a3_': 0.4283916283825689, '_a5_': 0.296141787027633, '_a0_': 1.0, '_a1_': 1.0, '_a4_': 1.0, '_a6_': 1.0, '_a7_': 1.0}};{'d0': 0.024905832919416476};-280.569866449044;41.52745473335071
28159;-98.7574784911717;(((_a3_ + pow2((x + ((_a5_ / pow2(_a5_)) + _a2_)))) / _a5_) * x);{'d0': {'_a2_': -3.064831167590259, '_a3_': 0.4283916283825689, '_a5_': 0.296141787027633, '_a0_': 1.0, '_a1_': 1.0, '_a4_': 1.0, '_a6_': 1.0, '_a7_': 1.0}};{'d0': 0.024905832919416476};-280.569866449044;41.52745473335071
28160;-98.7574784911717;(((_a3_ + pow2((x + ((_a5_ / pow2(_a5_)) + _a2_)))) / _a5_) * x);{'d0': {'_a2_': -3.064831167590259, '_a3_': 0.4283916283825689, '_a5_': 0.296141787027633, '_a0_': 1.0, '_a1_': 1.0, '_a4_': 1.0, '_a6_': 1.0, '_a7_': 1.0}};{'d0': 0.024905832919416476};-280.569866449044;41.52745473335071
28161;-98.7574784911717;(((_a3_ + pow2((x + ((_a5_ / pow2(_a5_)) + _a2_)))) / _a5_) * x);{'d0': {'_a2_': -3.064831167590259, '_a3_': 0.4283916283825689, '_a5_': 0.296141787027633, '_a0_': 1.0, '_a1_': 1.0, '_a4_': 1.0, '_a6_': 1.0, '_a7_': 1.0}};{'d0': 0.024905832919416476};-280.569866449044;41.52745473335071
28162;-98.7574784911717;(((_a3_ + pow2((x + ((_a5_ / pow2(_a5_)) + _a2_)))) / _a5_) * x);{'d0': {'_a2_': -3.064831167590259, '_a3_': 0.4283916283825689, '_a5_': 0.296141787027633, '_a0_': 1.0, '_a1_': 1.0, '_a4_': 1.0, '_a6_': 1.0, '_a7_': 1.0}};{'d0': 0.024905832919416476};-280.569866449044;41.52745473335071
28163;-98.7574784911717;(((_a3_ + pow2((x + ((_a5_ / pow2(_a5_)) + _a2_)))) / _a5_) * x);{'d0': {'_a2_': -3.064831167590259, '_a3_': 0.4283916283825689, '_a5_': 0.296141787027633, '_a0_': 1.0, '_a1_': 1.0, '_a4_': 1.0, '_a6_': 1.0, '_a7_': 1.0}};{'d0': 0.024905832919416476};-280.569866449044;41.52745473335071
28164;-98.7574784911717;(((_a3_ + pow2((x + ((_a5_ / pow2(_a5_)) + _a2_)))) / _a5_) * x);{'d0': {'_a2_': -3.064831167590259, '_a3_': 0.4283916283825689, '_a5_': 0.296141787027633, '_a0_': 1.0, '_a1_': 1.0, '_a4_': 1.0, '_a6_': 1.0, '_a7_': 1.0}};{'d0': 0.024905832919416476};-280.569866449044;41.52745473335071
28165;-98.7574784911717;(((_a3_ + pow2((x + ((_a5_ / pow2(_a5_)) + _a2_)))) / _a5_) * x);{'d0': {'_a2_': -3.064831167590259, '_a3_': 0.4283916283825689, '_a5_': 0.296141787027633, '_a0_': 1.0, '_a1_': 1.0, '_a4_': 1.0, '_a6_': 1.0, '_a7_': 1.0}};{'d0': 0.024905832919416476};-280.569866449044;41.52745473335071
28166;-98.7574784911717;(((_a3_ + pow2((x + ((_a5_ / pow2(_a5_)) + _a2_)))) / _a5_) * x);{'d0': {'_a2_': -3.064831167590259, '_a3_': 0.4283916283825689, '_a5_': 0.296141787027633, '_a0_': 1.0, '_a1_': 1.0, '_a4_': 1.0, '_a6_': 1.0, '_a7_': 1.0}};{'d0': 0.024905832919416476};-280.569866449044;41.52745473335071
28167;-98.7574784911717;(((_a3_ + pow2((x + ((_a5_ / pow2(_a5_)) + _a2_)))) / _a5_) * x);{'d0': {'_a2_': -3.064831167590259, '_a3_': 0.4283916283825689, '_a5_': 0.296141787027633, '_a0_': 1.0, '_a1_': 1.0, '_a4_': 1.0, '_a6_': 1.0, '_a7_': 1.0}};{'d0': 0.024905832919416476};-280.569866449044;41.52745473335071
28168;-98.7574784911717;(((_a3_ + pow2((x + ((_a5_ / pow2(_a5_)) + _a2_)))) / _a5_) * x);{'d0': {'_a2_': -3.064831167590259, '_a3_': 0.4283916283825689, '_a5_': 0.296141787027633, '_a0_': 1.0, '_a1_': 1.0, '_a4_': 1.0, '_a6_': 1.0, '_a7_': 1.0}};{'d0': 0.024905832919416476};-280.569866449044;41.52745473335071
28169;-98.7574784911715;(((_a3_ + pow2((x + ((_a5_ / pow2(_a2_)) + _a2_)))) / _a5_) * x);{'d0': {'_a2_': -0.5771407669946003, '_a3_': 0.42839162797911945, '_a5_': 0.29614178685991555, '_a0_': 1.0, '_a1_': 1.0, '_a4_': 1.0, '_a6_': 1.0, '_a7_': 1.0}};{'d0': 0.024905832919416587};-280.569866449044;41.52745473335071
28170;-98.7574784911715;(((_a3_ + pow2((x + ((_a5_ / pow2(_a2_)) + _a2_)))) / _a5_) * x);{'d0': {'_a2_': -0.5771407669946003, '_a3_': 0.42839162797911945, '_a5_': 0.29614178685991555, '_a0_': 1.0, '_a1_': 1.0, '_a4_': 1.0, '_a6_': 1.0, '_a7_': 1.0}};{'d0': 0.024905832919416587};-280.569866449044;41.52745473335071
28171;-98.7574784911715;(((_a3_ + pow2((x + ((_a5_ / pow2(_a2_)) + _a2_)))) / _a5_) * x);{'d0': {'_a2_': -0.5771407669946003, '_a3_': 0.42839162797911945, '_a5_': 0.29614178685991555, '_a0_': 1.0, '_a1_': 1.0, '_a4_': 1.0, '_a6_': 1.0, '_a7_': 1.0}};{'d0': 0.024905832919416587};-280.569866449044;41.52745473335071
28172;-98.7574784911715;(((_a3_ + pow2((x + ((_a5_ / pow2(_a2_)) + _a2_)))) / _a5_) * x);{'d0': {'_a2_': -0.5771407669946003, '_a3_': 0.42839162797911945, '_a5_': 0.29614178685991555, '_a0_': 1.0, '_a1_': 1.0, '_a4_': 1.0, '_a6_': 1.0, '_a7_': 1.0}};{'d0': 0.024905832919416587};-280.569866449044;41.52745473335071
28173;-98.7574784911715;(((_a3_ + pow2((x + ((_a5_ / pow2(_a2_)) + _a2_)))) / _a5_) * x);{'d0': {'_a2_': -0.5771407669946003, '_a3_': 0.42839162797911945, '_a5_': 0.29614178685991555, '_a0_': 1.0, '_a1_': 1.0, '_a4_': 1.0, '_a6_': 1.0, '_a7_': 1.0}};{'d0': 0.024905832919416587};-280.569866449044;41.52745473335071
28174;-98.7574784911715;(((_a3_ + pow2((x + ((_a5_ / pow2(_a2_)) + _a2_)))) / _a5_) * x);{'d0': {'_a2_': -0.5771407669946003, '_a3_': 0.42839162797911945, '_a5_': 0.29614178685991555, '_a0_': 1.0, '_a1_': 1.0, '_a4_': 1.0, '_a6_': 1.0, '_a7_': 1.0}};{'d0': 0.024905832919416587};-280.569866449044;41.52745473335071
28175;-98.7574784911715;(((_a3_ + pow2((x + ((_a5_ / pow2(_a2_)) + _a2_)))) / _a5_) * x);{'d0': {'_a2_': -0.5771407669946003, '_a3_': 0.42839162797911945, '_a5_': 0.29614178685991555, '_a0_': 1.0, '_a1_': 1.0, '_a4_': 1.0, '_a6_': 1.0, '_a7_': 1.0}};{'d0': 0.024905832919416587};-280.569866449044;41.52745473335071
28176;-96.5812591138894;(((_a3_ + pow2((x + ((_a5_ / (_a3_ / _a2_)) + _a2_)))) / _a5_) * x);{'d0': {'_a2_': 0.1844332816710247, '_a3_': 0.428391628472485, '_a5_': 0.2961417870417196, '_a0_': 1.0, '_a1_': 1.0, '_a4_': 1.0, '_a6_': 1.0, '_a7_': 1.0}};{'d0': 0.024905832919416688};-280.569866449043;43.70367411063271
28177;-96.5812591138894;(((_a3_ + pow2((x + ((_a5_ / (_a3_ / _a2_)) + _a2_)))) / _a5_) * x);{'d0': {'_a2_': 0.1844332816710247, '_a3_': 0.428391628472485, '_a5_': 0.2961417870417196, '_a0_': 1.0, '_a1_': 1.0, '_a4_': 1.0, '_a6_': 1.0, '_a7_': 1.0}};{'d0': 0.024905832919416688};-280.569866449043;43.70367411063271
28178;-96.5812591138894;(((_a3_ + pow2((x + ((_a5_ / (_a3_ / _a2_)) + _a2_)))) / _a5_) * x);{'d0': {'_a2_': 0.1844332816710247, '_a3_': 0.428391628472485, '_a5_': 0.2961417870417196, '_a0_': 1.0, '_a1_': 1.0, '_a4_': 1.0, '_a6_': 1.0, '_a7_': 1.0}};{'d0': 0.024905832919416688};-280.569866449043;43.70367411063271
28179;-96.5812591138894;(((_a3_ + pow2((x + ((_a5_ / (_a3_ / _a2_)) + _a2_)))) / _a5_) * x);{'d0': {'_a2_': 0.1844332816710247, '_a3_': 0.428391628472485, '_a5_': 0.2961417870417196, '_a0_': 1.0, '_a1_': 1.0, '_a4_': 1.0, '_a6_': 1.0, '_a7_': 1.0}};{'d0': 0.024905832919416688};-280.569866449043;43.70367411063271
28180;-96.5812591138894;(((_a3_ + pow2((x + ((_a5_ / (_a3_ / _a2_)) + _a2_)))) / _a5_) * x);{'d0': {'_a2_': 0.1844332816710247, '_a3_': 0.428391628472485, '_a5_': 0.2961417870417196, '_a0_': 1.0, '_a1_': 1.0, '_a4_': 1.0, '_a6_': 1.0, '_a7_': 1.0}};{'d0': 0.024905832919416688};-280.569866449043;43.70367411063271
28181;-96.5812591138894;(((_a3_ + pow2((x + ((_a5_ / (_a3_ / _a2_)) + _a2_)))) / _a5_) * x);{'d0': {'_a2_': 0.1844332816710247, '_a3_': 0.428391628472485, '_a5_': 0.2961417870417196, '_a0_': 1.0, '_a1_': 1.0, '_a4_': 1.0, '_a6_': 1.0, '_a7_': 1.0}};{'d0': 0.024905832919416688};-280.569866449043;43.70367411063271
28182;-96.5812591138894;(((_a3_ + pow2((x + ((_a5_ / (_a3_ / _a2_)) + _a2_)))) / _a5_) * x);{'d0': {'_a2_': 0.1844332816710247, '_a3_': 0.428391628472485, '_a5_': 0.2961417870417196, '_a0_': 1.0, '_a1_': 1.0, '_a4_': 1.0, '_a6_': 1.0, '_a7_': 1.0}};{'d0': 0.024905832919416688};-280.569866449043;43.70367411063271
28183;-96.5812591138894;(((_a3_ + pow2((x + ((_a5_ / (_a3_ / _a2_)) + _a2_)))) / _a5_) * x);{'d0': {'_a2_': 0.1844332816710247, '_a3_': 0.428391628472485, '_a5_': 0.2961417870417196, '_a0_': 1.0, '_a1_': 1.0, '_a4_': 1.0, '_a6_': 1.0, '_a7_': 1.0}};{'d0': 0.024905832919416688};-280.569866449043;43.70367411063271
28184;-96.5812591138894;(((_a3_ + pow2((x + ((_a5_ / (_a3_ / _a2_)) + _a2_)))) / _a5_) * x);{'d0': {'_a2_': 0.1844332816710247, '_a3_': 0.428391628472485, '_a5_': 0.2961417870417196, '_a0_': 1.0, '_a1_': 1.0, '_a4_': 1.0, '_a6_': 1.0, '_a7_': 1.0}};{'d0': 0.024905832919416688};-280.569866449043;43.70367411063271
28185;-96.5812591138894;(((_a3_ + pow2((x + ((_a5_ / (_a3_ / _a2_)) + _a2_)))) / _a5_) * x);{'d0': {'_a2_': 0.1844332816710247, '_a3_': 0.428391628472485, '_a5_': 0.2961417870417196, '_a0_': 1.0, '_a1_': 1.0, '_a4_': 1.0, '_a6_': 1.0, '_a7_': 1.0}};{'d0': 0.024905832919416688};-280.569866449043;43.70367411063271
28186;-96.5812591138894;(((_a3_ + pow2((x + ((_a5_ / (_a3_ / _a2_)) + _a2_)))) / _a5_) * x);{'d0': {'_a2_': 0.1844332816710247, '_a3_': 0.428391628472485, '_a5_': 0.2961417870417196, '_a0_': 1.0, '_a1_': 1.0, '_a4_': 1.0, '_a6_': 1.0, '_a7_': 1.0}};{'d0': 0.024905832919416688};-280.569866449043;43.70367411063271
28187;-96.5812591138894;(((_a3_ + pow2((x + ((_a5_ / (_a3_ / _a2_)) + _a2_)))) / _a5_) * x);{'d0': {'_a2_': 0.1844332816710247, '_a3_': 0.428391628472485, '_a5_': 0.2961417870417196, '_a0_': 1.0, '_a1_': 1.0, '_a4_': 1.0, '_a6_': 1.0, '_a7_': 1.0}};{'d0': 0.024905832919416688};-280.569866449043;43.70367411063271
28188;-96.5812591138894;(((_a3_ + pow2((x + ((_a5_ / (_a3_ / _a2_)) + _a2_)))) / _a5_) * x);{'d0': {'_a2_': 0.1844332816710247, '_a3_': 0.428391628472485, '_a5_': 0.2961417870417196, '_a0_': 1.0, '_a1_': 1.0, '_a4_': 1.0, '_a6_': 1.0, '_a7_': 1.0}};{'d0': 0.024905832919416688};-280.569866449043;43.70367411063271
28189;-96.5812591138894;(((_a3_ + pow2((x + ((_a5_ / (_a3_ / _a2_)) + _a2_)))) / _a5_) * x);{'d0': {'_a2_': 0.1844332816710247, '_a3_': 0.428391628472485, '_a5_': 0.2961417870417196, '_a0_': 1.0, '_a1_': 1.0, '_a4_': 1.0, '_a6_': 1.0, '_a7_': 1.0}};{'d0': 0.024905832919416688};-280.569866449043;43.70367411063271
28190;-96.5812591138894;(((_a3_ + pow2((x + ((_a5_ / (_a3_ / _a2_)) + _a2_)))) / _a5_) * x);{'d0': {'_a2_': 0.1844332816710247, '_a3_': 0.428391628472485, '_a5_': 0.2961417870417196, '_a0_': 1.0, '_a1_': 1.0, '_a4_': 1.0, '_a6_': 1.0, '_a7_': 1.0}};{'d0': 0.024905832919416688};-280.569866449043;43.70367411063271
28191;-92.9084311917853;(((-((_a4_ * x)) + (((_a0_ * pow2(x)) + _a4_) / _a5_)) * x) + _a6_);{'d0': {'_a0_': -4.02656348303386, '_a4_': -2.1125553492330225, '_a5_': -1.1904042077742911, '_a6_': -0.0010241288375493075, '_a1_': 1.0, '_a2_': 1.0, '_a3_': 1.0, '_a7_': 1.0}};{'d0': 0.024885482501924204};-276.524567593174;45.353852604801794
28192;-92.9084311917853;(((-((_a4_ * x)) + (((_a0_ * pow2(x)) + _a4_) / _a5_)) * x) + _a6_);{'d0': {'_a0_': -4.02656348303386, '_a4_': -2.1125553492330225, '_a5_': -1.1904042077742911, '_a6_': -0.0010241288375493075, '_a1_': 1.0, '_a2_': 1.0, '_a3_': 1.0, '_a7_': 1.0}};{'d0': 0.024885482501924204};-276.524567593174;45.353852604801794
28193;-92.9084311917853;(((-((_a4_ * x)) + (((_a0_ * pow2(x)) + _a4_) / _a5_)) * x) + _a6_);{'d0': {'_a0_': -4.02656348303386, '_a4_': -2.1125553492330225, '_a5_': -1.1904042077742911, '_a6_': -0.0010241288375493075, '_a1_': 1.0, '_a2_': 1.0, '_a3_': 1.0, '_a7_': 1.0}};{'d0': 0.024885482501924204};-276.524567593174;45.353852604801794
28194;-92.9084311917853;(((-((_a4_ * x)) + (((_a0_ * pow2(x)) + _a4_) / _a5_)) * x) + _a6_);{'d0': {'_a0_': -4.02656348303386, '_a4_': -2.1125553492330225, '_a5_': -1.1904042077742911, '_a6_': -0.0010241288375493075, '_a1_': 1.0, '_a2_': 1.0, '_a3_': 1.0, '_a7_': 1.0}};{'d0': 0.024885482501924204};-276.524567593174;45.353852604801794
28195;-92.9084311917853;(((-((_a4_ * x)) + (((_a0_ * pow2(x)) + _a4_) / _a5_)) * x) + _a6_);{'d0': {'_a0_': -4.02656348303386, '_a4_': -2.1125553492330225, '_a5_': -1.1904042077742911, '_a6_': -0.0010241288375493075, '_a1_': 1.0, '_a2_': 1.0, '_a3_': 1.0, '_a7_': 1.0}};{'d0': 0.024885482501924204};-276.524567593174;45.353852604801794
28196;-92.9084311917853;(((-((_a4_ * x)) + (((_a0_ * pow2(x)) + _a4_) / _a5_)) * x) + _a6_);{'d0': {'_a0_': -4.02656348303386, '_a4_': -2.1125553492330225, '_a5_': -1.1904042077742911, '_a6_': -0.0010241288375493075, '_a1_': 1.0, '_a2_': 1.0, '_a3_': 1.0, '_a7_': 1.0}};{'d0': 0.024885482501924204};-276.524567593174;45.353852604801794
28197;-92.9084311917853;(((-((_a4_ * x)) + (((_a0_ * pow2(x)) + _a4_) / _a5_)) * x) + _a6_);{'d0': {'_a0_': -4.02656348303386, '_a4_': -2.1125553492330225, '_a5_': -1.1904042077742911, '_a6_': -0.0010241288375493075, '_a1_': 1.0, '_a2_': 1.0, '_a3_': 1.0, '_a7_': 1.0}};{'d0': 0.024885482501924204};-276.524567593174;45.353852604801794
28198;-92.9084311917853;(((-((_a4_ * x)) + (((_a0_ * pow2(x)) + _a4_) / _a5_)) * x) + _a6_);{'d0': {'_a0_': -4.02656348303386, '_a4_': -2.1125553492330225, '_a5_': -1.1904042077742911, '_a6_': -0.0010241288375493075, '_a1_': 1.0, '_a2_': 1.0, '_a3_': 1.0, '_a7_': 1.0}};{'d0': 0.024885482501924204};-276.524567593174;45.353852604801794
28199;-92.9084311917853;(((-((_a4_ * x)) + (((_a0_ * pow2(x)) + _a4_) / _a5_)) * x) + _a6_);{'d0': {'_a0_': -4.02656348303386, '_a4_': -2.1125553492330225, '_a5_': -1.1904042077742911, '_a6_': -0.0010241288375493075, '_a1_': 1.0, '_a2_': 1.0, '_a3_': 1.0, '_a7_': 1.0}};{'d0': 0.024885482501924204};-276.524567593174;45.353852604801794
28200;-92.9084311917853;(((-((_a4_ * x)) + (((_a0_ * pow2(x)) + _a4_) / _a5_)) * x) + _a6_);{'d0': {'_a0_': -4.02656348303386, '_a4_': -2.1125553492330225, '_a5_': -1.1904042077742911, '_a6_': -0.0010241288375493075, '_a1_': 1.0, '_a2_': 1.0, '_a3_': 1.0, '_a7_': 1.0}};{'d0': 0.024885482501924204};-276.524567593174;45.353852604801794
28201;-92.9084311917853;(((-((_a4_ * x)) + (((_a0_ * pow2(x)) + _a4_) / _a5_)) * x) + _a6_);{'d0': {'_a0_': -4.02656348303386, '_a4_': -2.1125553492330225, '_a5_': -1.1904042077742911, '_a6_': -0.0010241288375493075, '_a1_': 1.0, '_a2_': 1.0, '_a3_': 1.0, '_a7_': 1.0}};{'d0': 0.024885482501924204};-276.524567593174;45.353852604801794
28202;-92.9084311917853;(((-((_a4_ * x)) + (((_a0_ * pow2(x)) + _a4_) / _a5_)) * x) + _a6_);{'d0': {'_a0_': -4.02656348303386, '_a4_': -2.1125553492330225, '_a5_': -1.1904042077742911, '_a6_': -0.0010241288375493075, '_a1_': 1.0, '_a2_': 1.0, '_a3_': 1.0, '_a7_': 1.0}};{'d0': 0.024885482501924204};-276.524567593174;45.353852604801794
28203;-92.9084311917853;(((-((_a4_ * x)) + (((_a0_ * pow2(x)) + _a4_) / _a5_)) * x) + _a6_);{'d0': {'_a0_': -4.02656348303386, '_a4_': -2.1125553492330225, '_a5_': -1.1904042077742911, '_a6_': -0.0010241288375493075, '_a1_': 1.0, '_a2_': 1.0, '_a3_': 1.0, '_a7_': 1.0}};{'d0': 0.024885482501924204};-276.524567593174;45.353852604801794
28204;-92.9084311917853;(((-((_a4_ * x)) + (((_a0_ * pow2(x)) + _a4_) / _a5_)) * x) + _a6_);{'d0': {'_a0_': -4.02656348303386, '_a4_': -2.1125553492330225, '_a5_': -1.1904042077742911, '_a6_': -0.0010241288375493075, '_a1_': 1.0, '_a2_': 1.0, '_a3_': 1.0, '_a7_': 1.0}};{'d0': 0.024885482501924204};-276.524567593174;45.353852604801794
28205;-92.9084311917853;(((-((_a4_ * x)) + (((_a0_ * pow2(x)) + _a4_) / _a5_)) * x) + _a6_);{'d0': {'_a0_': -4.02656348303386, '_a4_': -2.1125553492330225, '_a5_': -1.1904042077742911, '_a6_': -0.0010241288375493075, '_a1_': 1.0, '_a2_': 1.0, '_a3_': 1.0, '_a7_': 1.0}};{'d0': 0.024885482501924204};-276.524567593174;45.353852604801794
28206;-92.9084311917853;(((-((_a4_ * x)) + (((_a0_ * pow2(x)) + _a4_) / _a5_)) * x) + _a6_);{'d0': {'_a0_': -4.02656348303386, '_a4_': -2.1125553492330225, '_a5_': -1.1904042077742911, '_a6_': -0.0010241288375493075, '_a1_': 1.0, '_a2_': 1.0, '_a3_': 1.0, '_a7_': 1.0}};{'d0': 0.024885482501924204};-276.524567593174;45.353852604801794
28207;-92.9084311917853;(((-((_a4_ * x)) + (((_a0_ * pow2(x)) + _a4_) / _a5_)) * x) + _a6_);{'d0': {'_a0_': -4.02656348303386, '_a4_': -2.1125553492330225, '_a5_': -1.1904042077742911, '_a6_': -0.0010241288375493075, '_a1_': 1.0, '_a2_': 1.0, '_a3_': 1.0, '_a7_': 1.0}};{'d0': 0.024885482501924204};-276.524567593174;45.353852604801794
28208;-92.9084311918539;(((-((_a4_ * x)) + (((_a7_ * pow2(x)) + _a4_) / _a5_)) * x) + _a6_);{'d0': {'_a4_': -2.112555688382239, '_a5_': -1.1904044169621328, '_a6_': -0.0010241877443190257, '_a7_': -4.026564580787387, '_a0_': 1.0, '_a1_': 1.0, '_a2_': 1.0, '_a3_': 1.0}};{'d0': 0.024885482501867295};-276.524567593311;45.353852604801794
28209;-92.9084311918539;(((-((_a4_ * x)) + (((_a7_ * pow2(x)) + _a4_) / _a5_)) * x) + _a6_);{'d0': {'_a4_': -2.112555688382239, '_a5_': -1.1904044169621328, '_a6_': -0.0010241877443190257, '_a7_': -4.026564580787387, '_a0_': 1.0, '_a1_': 1.0, '_a2_': 1.0, '_a3_': 1.0}};{'d0': 0.024885482501867295};-276.524567593311;45.353852604801794
28210;-92.9084311918539;(((-((_a4_ * x)) + (((_a7_ * pow2(x)) + _a4_) / _a5_)) * x) + _a6_);{'d0': {'_a4_': -2.112555688382239, '_a5_': -1.1904044169621328, '_a6_': -0.0010241877443190257, '_a7_': -4.026564580787387, '_a0_': 1.0, '_a1_': 1.0, '_a2_': 1.0, '_a3_': 1.0}};{'d0': 0.024885482501867295};-276.524567593311;45.353852604801794
28211;-92.9084311918539;(((-((_a4_ * x)) + (((_a7_ * pow2(x)) + _a4_) / _a5_)) * x) + _a6_);{'d0': {'_a4_': -2.112555688382239, '_a5_': -1.1904044169621328, '_a6_': -0.0010241877443190257, '_a7_': -4.026564580787387, '_a0_': 1.0, '_a1_': 1.0, '_a2_': 1.0, '_a3_': 1.0}};{'d0': 0.024885482501867295};-276.524567593311;45.353852604801794
28212;-92.9084311918539;(((-((_a4_ * x)) + (((_a7_ * pow2(x)) + _a4_) / _a5_)) * x) + _a6_);{'d0': {'_a4_': -2.112555688382239, '_a5_': -1.1904044169621328, '_a6_': -0.0010241877443190257, '_a7_': -4.026564580787387, '_a0_': 1.0, '_a1_': 1.0, '_a2_': 1.0, '_a3_': 1.0}};{'d0': 0.024885482501867295};-276.524567593311;45.353852604801794
28213;-92.9084311918539;(((-((_a4_ * x)) + (((_a7_ * pow2(x)) + _a4_) / _a5_)) * x) + _a6_);{'d0': {'_a4_': -2.112555688382239, '_a5_': -1.1904044169621328, '_a6_': -0.0010241877443190257, '_a7_': -4.026564580787387, '_a0_': 1.0, '_a1_': 1.0, '_a2_': 1.0, '_a3_': 1.0}};{'d0': 0.024885482501867295};-276.524567593311;45.353852604801794
28214;-93.8551694395661;(((-((_a4_ * x)) + (((_a7_ * pow2(x)) + _a4_) / _a5_)) * x) * _a6_);{'d0': {'_a4_': -186.89469131061648, '_a5_': -1.1867399322789363, '_a6_': 0.011271711791023228, '_a7_': -355.5214329666741, '_a0_': 1.0, '_a1_': 1.0, '_a2_': 1.0, '_a3_': 1.0}};{'d0': 0.0249058329381922};-276.475521841590;44.38259148122879
28215;-93.8551694395661;(((-((_a4_ * x)) + (((_a7_ * pow2(x)) + _a4_) / _a5_)) * x) * _a6_);{'d0': {'_a4_': -186.89469131061648, '_a5_': -1.1867399322789363, '_a6_': 0.011271711791023228, '_a7_': -355.5214329666741, '_a0_': 1.0, '_a1_': 1.0, '_a2_': 1.0, '_a3_': 1.0}};{'d0': 0.0249058329381922};-276.475521841590;44.38259148122879
28216;-93.8551694395661;(((-((_a4_ * x)) + (((_a7_ * pow2(x)) + _a4_) / _a5_)) * x) * _a6_);{'d0': {'_a4_': -186.89469131061648, '_a5_': -1.1867399322789363, '_a6_': 0.011271711791023228, '_a7_': -355.5214329666741, '_a0_': 1.0, '_a1_': 1.0, '_a2_': 1.0, '_a3_': 1.0}};{'d0': 0.0249058329381922};-276.475521841590;44.38259148122879
28217;-89.9177107677895;(((_a3_ + pow2(((x / _a3_) + ((_a5_ / (_a3_ ** _a2_)) + _a2_)))) / _a5_) * x);{'d0': {'_a2_': -0.09371598102072315, '_a3_': 0.7538419905412465, '_a5_': 0.5211215616056598, '_a0_': 1.0, '_a1_': 1.0, '_a4_': 1.0, '_a6_': 1.0, '_a7_': 1.0}};{'d0': 0.02490583291941661};-280.569866449044;50.367222456732705
28218;-89.9177107677895;(((_a3_ + pow2(((x / _a3_) + ((_a5_ / (_a3_ ** _a2_)) + _a2_)))) / _a5_) * x);{'d0': {'_a2_': -0.09371598102072315, '_a3_': 0.7538419905412465, '_a5_': 0.5211215616056598, '_a0_': 1.0, '_a1_': 1.0, '_a4_': 1.0, '_a6_': 1.0, '_a7_': 1.0}};{'d0': 0.02490583291941661};-280.569866449044;50.367222456732705
28219;-89.9177107677895;(((_a3_ + pow2(((x / _a3_) + ((_a5_ / (_a3_ ** _a2_)) + _a2_)))) / _a5_) * x);{'d0': {'_a2_': -0.09371598102072315, '_a3_': 0.7538419905412465, '_a5_': 0.5211215616056598, '_a0_': 1.0, '_a1_': 1.0, '_a4_': 1.0, '_a6_': 1.0, '_a7_': 1.0}};{'d0': 0.02490583291941661};-280.569866449044;50.367222456732705
28220;-96.5812591138895;(((_a3_ + pow2(((x / _a3_) + ((_a5_ / _a5_) + _a2_)))) / _a5_) * x);{'d0': {'_a2_': -0.5862134084776772, '_a3_': 0.7538419904891627, '_a5_': 0.5211215614746645, '_a0_': 1.0, '_a1_': 1.0, '_a4_': 1.0, '_a6_': 1.0, '_a7_': 1.0}};{'d0': 0.0249058329194166};-280.569866449044;43.703674110632704
28221;-96.5812591138895;(((_a3_ + pow2(((x / _a3_) + ((_a5_ / _a5_) + _a2_)))) / _a5_) * x);{'d0': {'_a2_': -0.5862134084776772, '_a3_': 0.7538419904891627, '_a5_': 0.5211215614746645, '_a0_': 1.0, '_a1_': 1.0, '_a4_': 1.0, '_a6_': 1.0, '_a7_': 1.0}};{'d0': 0.0249058329194166};-280.569866449044;43.703674110632704
28222;-97.6507876109685;(((_a3_ + pow2(((x / _a3_) + ((_a5_ * _a5_) + _a2_)))) / _a5_) * x);{'d0': {'_a2_': 0.14221890963905084, '_a3_': 0.7538419906535292, '_a5_': 0.521121561504458, '_a0_': 1.0, '_a1_': 1.0, '_a4_': 1.0, '_a6_': 1.0, '_a7_': 1.0}};{'d0': 0.024905832919416625};-280.569866449044;42.634145613553706
28223;-97.6507876109685;(((_a3_ + pow2(((x / _a3_) + ((_a5_ * _a5_) + _a2_)))) / _a5_) * x);{'d0': {'_a2_': 0.14221890963905084, '_a3_': 0.7538419906535292, '_a5_': 0.521121561504458, '_a0_': 1.0, '_a1_': 1.0, '_a4_': 1.0, '_a6_': 1.0, '_a7_': 1.0}};{'d0': 0.024905832919416625};-280.569866449044;42.634145613553706
28224;-97.6507876109685;(((_a3_ + pow2(((x / _a3_) + ((_a5_ * _a5_) + _a2_)))) / _a5_) * x);{'d0': {'_a2_': 0.14221890963905084, '_a3_': 0.7538419906535292, '_a5_': 0.521121561504458, '_a0_': 1.0, '_a1_': 1.0, '_a4_': 1.0, '_a6_': 1.0, '_a7_': 1.0}};{'d0': 0.024905832919416625};-280.569866449044;42.634145613553706
28225;-97.6507876109685;(((_a3_ + pow2(((x / _a3_) + ((_a5_ * _a5_) + _a2_)))) / _a5_) * x);{'d0': {'_a2_': 0.14221890963905084, '_a3_': 0.7538419906535292, '_a5_': 0.521121561504458, '_a0_': 1.0, '_a1_': 1.0, '_a4_': 1.0, '_a6_': 1.0, '_a7_': 1.0}};{'d0': 0.024905832919416625};-280.569866449044;42.634145613553706
28226;-97.6507876109685;(((_a3_ + pow2(((x / _a3_) + ((_a5_ * _a5_) + _a2_)))) / _a5_) * x);{'d0': {'_a2_': 0.14221890963905084, '_a3_': 0.7538419906535292, '_a5_': 0.521121561504458, '_a0_': 1.0, '_a1_': 1.0, '_a4_': 1.0, '_a6_': 1.0, '_a7_': 1.0}};{'d0': 0.024905832919416625};-280.569866449044;42.634145613553706
28227;-97.6507876109685;(((_a3_ + pow2(((x / _a3_) + ((_a5_ * _a5_) + _a2_)))) / _a5_) * x);{'d0': {'_a2_': 0.14221890963905084, '_a3_': 0.7538419906535292, '_a5_': 0.521121561504458, '_a0_': 1.0, '_a1_': 1.0, '_a4_': 1.0, '_a6_': 1.0, '_a7_': 1.0}};{'d0': 0.024905832919416625};-280.569866449044;42.634145613553706
28228;-97.6507876109685;(((_a3_ + pow2(((x / _a3_) + ((_a5_ * _a5_) + _a2_)))) / _a5_) * x);{'d0': {'_a2_': 0.14221890963905084, '_a3_': 0.7538419906535292, '_a5_': 0.521121561504458, '_a0_': 1.0, '_a1_': 1.0, '_a4_': 1.0, '_a6_': 1.0, '_a7_': 1.0}};{'d0': 0.024905832919416625};-280.569866449044;42.634145613553706
28229;-97.6507876109685;(((_a3_ + pow2(((x / _a3_) + ((_a5_ * _a5_) + _a2_)))) / _a5_) * x);{'d0': {'_a2_': 0.14221890963905084, '_a3_': 0.7538419906535292, '_a5_': 0.521121561504458, '_a0_': 1.0, '_a1_': 1.0, '_a4_': 1.0, '_a6_': 1.0, '_a7_': 1.0}};{'d0': 0.024905832919416625};-280.569866449044;42.634145613553706
28230;-97.6507876109685;(((_a3_ + pow2(((x / _a3_) + ((_a5_ * _a5_) + _a2_)))) / _a5_) * x);{'d0': {'_a2_': 0.14221890963905084, '_a3_': 0.7538419906535292, '_a5_': 0.521121561504458, '_a0_': 1.0, '_a1_': 1.0, '_a4_': 1.0, '_a6_': 1.0, '_a7_': 1.0}};{'d0': 0.024905832919416625};-280.569866449044;42.634145613553706
28231;-97.6507876109685;(((_a3_ + pow2(((x / _a3_) + ((_a5_ * _a5_) + _a2_)))) / _a5_) * x);{'d0': {'_a2_': 0.14221890963905084, '_a3_': 0.7538419906535292, '_a5_': 0.521121561504458, '_a0_': 1.0, '_a1_': 1.0, '_a4_': 1.0, '_a6_': 1.0, '_a7_': 1.0}};{'d0': 0.024905832919416625};-280.569866449044;42.634145613553706
28232;-97.6507876109685;(((_a3_ + pow2(((x / _a3_) + ((_a5_ * _a5_) + _a2_)))) / _a5_) * x);{'d0': {'_a2_': 0.14221890963905084, '_a3_': 0.7538419906535292, '_a5_': 0.521121561504458, '_a0_': 1.0, '_a1_': 1.0, '_a4_': 1.0, '_a6_': 1.0, '_a7_': 1.0}};{'d0': 0.024905832919416625};-280.569866449044;42.634145613553706
28233;-97.6507876109684;(((_a3_ + pow2(((x / _a3_) + ((x * _a5_) + _a2_)))) / _a5_) * x);{'d0': {'_a2_': 0.518758149191087, '_a3_': 1.1848336013093639, '_a5_': 0.8190606841719041, '_a0_': 1.0, '_a1_': 1.0, '_a4_': 1.0, '_a6_': 1.0, '_a7_': 1.0}};{'d0': 0.02490583291941667};-280.569866449043;42.634145613553706
28234;-97.6507876109684;(((_a3_ + pow2(((x / _a3_) + ((x * _a5_) + _a2_)))) / _a5_) * x);{'d0': {'_a2_': 0.518758149191087, '_a3_': 1.1848336013093639, '_a5_': 0.8190606841719041, '_a0_': 1.0, '_a1_': 1.0, '_a4_': 1.0, '_a6_': 1.0, '_a7_': 1.0}};{'d0': 0.02490583291941667};-280.569866449043;42.634145613553706
28235;-97.6507876109684;(((_a3_ + pow2(((x / _a3_) + ((x * _a5_) + _a2_)))) / _a5_) * x);{'d0': {'_a2_': 0.518758149191087, '_a3_': 1.1848336013093639, '_a5_': 0.8190606841719041, '_a0_': 1.0, '_a1_': 1.0, '_a4_': 1.0, '_a6_': 1.0, '_a7_': 1.0}};{'d0': 0.02490583291941667};-280.569866449043;42.634145613553706
28236;-97.6507876109685;(((_a3_ + pow2(((x / _a3_) + ((_a3_ * _a5_) + _a2_)))) / _a5_) * x);{'d0': {'_a2_': 0.020943274580328627, '_a3_': 0.7538419915009773, '_a5_': 0.5211215616516321, '_a0_': 1.0, '_a1_': 1.0, '_a4_': 1.0, '_a6_': 1.0, '_a7_': 1.0}};{'d0': 0.024905832919416643};-280.569866449044;42.634145613553706
28237;-97.5674093700856;(((_a3_ + pow2(((x / _a3_) + ((_a3_ * _a5_) + _a2_)))) + _a5_) * x);{'d0': {'_a2_': 0.08213177011668442, '_a3_': 0.5441891095641236, '_a5_': 0.9023869802595492, '_a0_': 1.0, '_a1_': 1.0, '_a4_': 1.0, '_a6_': 1.0, '_a7_': 1.0}};{'d0': 0.024905832919416674};-280.569866449043;42.71752385443651
28238;-90.9038610239857;(((_a3_ + pow2(((x / _a3_) + (((_a2_ ** _a5_) * _a5_) + _a2_)))) + _a5_) * x);{'d0': {'_a2_': 0.283696448322991, '_a3_': 0.5441891093621997, '_a5_': 0.9023869796673177, '_a0_': 1.0, '_a1_': 1.0, '_a4_': 1.0, '_a6_': 1.0, '_a7_': 1.0}};{'d0': 0.024905832919416605};-280.569866449044;49.38107220053651
28239;-90.9038610239857;(((_a3_ + pow2(((x / _a3_) + (((_a2_ ** _a5_) * _a5_) + _a2_)))) + _a5_) * x);{'d0': {'_a2_': 0.283696448322991, '_a3_': 0.5441891093621997, '_a5_': 0.9023869796673177, '_a0_': 1.0, '_a1_': 1.0, '_a4_': 1.0, '_a6_': 1.0, '_a7_': 1.0}};{'d0': 0.024905832919416605};-280.569866449044;49.38107220053651
28240;-90.9038610239857;(((_a3_ + pow2(((x / _a3_) + (((_a2_ ** _a5_) * _a5_) + _a2_)))) + _a5_) * x);{'d0': {'_a2_': 0.283696448322991, '_a3_': 0.5441891093621997, '_a5_': 0.9023869796673177, '_a0_': 1.0, '_a1_': 1.0, '_a4_': 1.0, '_a6_': 1.0, '_a7_': 1.0}};{'d0': 0.024905832919416605};-280.569866449044;49.38107220053651
28241;-90.9038610239857;(((_a3_ + pow2(((x / _a3_) + (((_a2_ ** _a5_) * _a5_) + _a2_)))) + _a5_) * x);{'d0': {'_a2_': 0.283696448322991, '_a3_': 0.5441891093621997, '_a5_': 0.9023869796673177, '_a0_': 1.0, '_a1_': 1.0, '_a4_': 1.0, '_a6_': 1.0, '_a7_': 1.0}};{'d0': 0.024905832919416605};-280.569866449044;49.38107220053651
28242;-90.9038610239857;(((_a3_ + pow2(((x / _a3_) + (((_a2_ ** _a5_) * _a5_) + _a2_)))) + _a5_) * x);{'d0': {'_a2_': 0.283696448322991, '_a3_': 0.5441891093621997, '_a5_': 0.9023869796673177, '_a0_': 1.0, '_a1_': 1.0, '_a4_': 1.0, '_a6_': 1.0, '_a7_': 1.0}};{'d0': 0.024905832919416605};-280.569866449044;49.38107220053651
28243;-93.8694748974757;(((_a3_ + pow2(((x / _a3_) + ((pow2(_a3_) * _a5_) + _a2_)))) + _a5_) * x);{'d0': {'_a2_': 0.3059664457114, '_a3_': 0.5441891091756318, '_a5_': 0.9023869793919114, '_a0_': 1.0, '_a1_': 1.0, '_a4_': 1.0, '_a6_': 1.0, '_a7_': 1.0}};{'d0': 0.024905832919416632};-280.569866449044;46.41545832704651
28244;-93.8694748974757;(((_a3_ + pow2(((x / _a3_) + ((pow2(_a3_) * _a5_) + _a2_)))) + _a5_) * x);{'d0': {'_a2_': 0.3059664457114, '_a3_': 0.5441891091756318, '_a5_': 0.9023869793919114, '_a0_': 1.0, '_a1_': 1.0, '_a4_': 1.0, '_a6_': 1.0, '_a7_': 1.0}};{'d0': 0.024905832919416632};-280.569866449044;46.41545832704651
28245;-91.2331461471098;(((-(((_a4_ * _a1_) * _a4_)) + pow2((_a0_ + (pow2(_a1_) + x)))) * x) / _a4_);{'d0': {'_a0_': -23.54877019790831, '_a1_': -4.884741539274005, '_a4_': 0.2961417872986831, '_a2_': 1.0, '_a3_': 1.0, '_a5_': 1.0, '_a6_': 1.0, '_a7_': 1.0}};{'d0': 0.024905832919416605};-280.569866449044;49.05178707741192
28246;-91.2331461471098;(((-(((_a4_ * _a1_) * _a4_)) + pow2((_a0_ + (pow2(_a1_) + x)))) * x) / _a4_);{'d0': {'_a0_': -23.54877019790831, '_a1_': -4.884741539274005, '_a4_': 0.2961417872986831, '_a2_': 1.0, '_a3_': 1.0, '_a5_': 1.0, '_a6_': 1.0, '_a7_': 1.0}};{'d0': 0.024905832919416605};-280.569866449044;49.05178707741192
28247;-91.2331461471098;(((-(((_a4_ * _a1_) * _a4_)) + pow2((_a0_ + (pow2(_a1_) + x)))) * x) / _a4_);{'d0': {'_a0_': -23.54877019790831, '_a1_': -4.884741539274005, '_a4_': 0.2961417872986831, '_a2_': 1.0, '_a3_': 1.0, '_a5_': 1.0, '_a6_': 1.0, '_a7_': 1.0}};{'d0': 0.024905832919416605};-280.569866449044;49.05178707741192
28248;-91.2331461471098;(((-(((_a4_ * _a0_) * _a4_)) + pow2((_a0_ + (pow2(_a1_) + x)))) * x) / _a4_);{'d0': {'_a0_': -4.884741544085577, '_a1_': -2.2796208570334104, '_a4_': 0.29614178692234, '_a2_': 1.0, '_a3_': 1.0, '_a5_': 1.0, '_a6_': 1.0, '_a7_': 1.0}};{'d0': 0.024905832919416625};-280.569866449044;49.05178707741192
28249;-91.2331461471098;(((-(((_a4_ * _a0_) * _a4_)) + pow2((_a0_ + (pow2(_a1_) + x)))) * x) / _a4_);{'d0': {'_a0_': -4.884741544085577, '_a1_': -2.2796208570334104, '_a4_': 0.29614178692234, '_a2_': 1.0, '_a3_': 1.0, '_a5_': 1.0, '_a6_': 1.0, '_a7_': 1.0}};{'d0': 0.024905832919416625};-280.569866449044;49.05178707741192
28250;-91.2331461471098;(((-(((_a4_ * _a0_) * _a4_)) + pow2((_a0_ + (pow2(_a1_) + x)))) * x) / _a4_);{'d0': {'_a0_': -4.884741544085577, '_a1_': -2.2796208570334104, '_a4_': 0.29614178692234, '_a2_': 1.0, '_a3_': 1.0, '_a5_': 1.0, '_a6_': 1.0, '_a7_': 1.0}};{'d0': 0.024905832919416625};-280.569866449044;49.05178707741192
28251;-91.2331461471098;(((-(((_a4_ * _a0_) * _a4_)) + pow2((_a0_ + (pow2(_a1_) + x)))) * x) / _a4_);{'d0': {'_a0_': -4.884741544085577, '_a1_': -2.2796208570334104, '_a4_': 0.29614178692234, '_a2_': 1.0, '_a3_': 1.0, '_a5_': 1.0, '_a6_': 1.0, '_a7_': 1.0}};{'d0': 0.024905832919416625};-280.569866449044;49.05178707741192
28252;-91.2331461471098;(((-(((_a4_ * _a0_) * _a4_)) + pow2((_a0_ + (pow2(_a1_) + x)))) * x) / _a4_);{'d0': {'_a0_': -4.884741544085577, '_a1_': -2.2796208570334104, '_a4_': 0.29614178692234, '_a2_': 1.0, '_a3_': 1.0, '_a5_': 1.0, '_a6_': 1.0, '_a7_': 1.0}};{'d0': 0.024905832919416625};-280.569866449044;49.05178707741192
28253;-91.2331461471098;(((-(((_a4_ * _a0_) * _a4_)) + pow2((_a0_ + (pow2(_a1_) + x)))) * x) / _a4_);{'d0': {'_a0_': -4.884741544085577, '_a1_': -2.2796208570334104, '_a4_': 0.29614178692234, '_a2_': 1.0, '_a3_': 1.0, '_a5_': 1.0, '_a6_': 1.0, '_a7_': 1.0}};{'d0': 0.024905832919416625};-280.569866449044;49.05178707741192
28254;-89.1859738657132;(((-(((_a4_ * _a0_) * _a3_)) + pow2((_a0_ + (pow2(_a1_) + x)))) * x) / _a4_);{'d0': {'_a0_': -4.9129635211316565, '_a1_': -2.2858025411565794, '_a3_': 0.2944406256773915, '_a4_': 0.29614178671835484, '_a2_': 1.0, '_a5_': 1.0, '_a6_': 1.0, '_a7_': 1.0}};{'d0': 0.024905832919653724};-276.475521886250;49.05178707741192
28255;-89.1859738657132;(((-(((_a4_ * _a0_) * _a3_)) + pow2((_a0_ + (pow2(_a1_) + x)))) * x) / _a4_);{'d0': {'_a0_': -4.9129635211316565, '_a1_': -2.2858025411565794, '_a3_': 0.2944406256773915, '_a4_': 0.29614178671835484, '_a2_': 1.0, '_a5_': 1.0, '_a6_': 1.0, '_a7_': 1.0}};{'d0': 0.024905832919653724};-276.475521886250;49.05178707741192
28256;-89.1859738657132;(((-(((_a4_ * _a0_) * _a3_)) + pow2((_a0_ + (pow2(_a1_) + x)))) * x) / _a4_);{'d0': {'_a0_': -4.9129635211316565, '_a1_': -2.2858025411565794, '_a3_': 0.2944406256773915, '_a4_': 0.29614178671835484, '_a2_': 1.0, '_a5_': 1.0, '_a6_': 1.0, '_a7_': 1.0}};{'d0': 0.024905832919653724};-276.475521886250;49.05178707741192
28257;-89.1859738657132;(((-(((_a4_ * _a0_) * _a3_)) + pow2((_a0_ + (pow2(_a1_) + x)))) * x) / _a4_);{'d0': {'_a0_': -4.9129635211316565, '_a1_': -2.2858025411565794, '_a3_': 0.2944406256773915, '_a4_': 0.29614178671835484, '_a2_': 1.0, '_a5_': 1.0, '_a6_': 1.0, '_a7_': 1.0}};{'d0': 0.024905832919653724};-276.475521886250;49.05178707741192
28258;-89.1859738657132;(((-(((_a4_ * _a0_) * _a3_)) + pow2((_a0_ + (pow2(_a1_) + x)))) * x) / _a4_);{'d0': {'_a0_': -4.9129635211316565, '_a1_': -2.2858025411565794, '_a3_': 0.2944406256773915, '_a4_': 0.29614178671835484, '_a2_': 1.0, '_a5_': 1.0, '_a6_': 1.0, '_a7_': 1.0}};{'d0': 0.024905832919653724};-276.475521886250;49.05178707741192
28259;-87.1388015588752;(((-(((_a4_ * _a0_) * _a3_)) + pow2((_a7_ + (pow2(_a1_) + x)))) * x) / _a4_);{'d0': {'_a0_': -4.185250799911402, '_a1_': -1.6461847605256785, '_a3_': 0.3456363724613343, '_a4_': 0.29614178675449326, '_a7_': -2.397994558019919, '_a2_': 1.0, '_a5_': 1.0, '_a6_': 1.0}};{'d0': 0.024905832941012045};-272.381177272574;49.05178707741192
28260;-87.1388015588752;(((-(((_a4_ * _a0_) * _a3_)) + pow2((_a7_ + (pow2(_a1_) + x)))) * x) / _a4_);{'d0': {'_a0_': -4.185250799911402, '_a1_': -1.6461847605256785, '_a3_': 0.3456363724613343, '_a4_': 0.29614178675449326, '_a7_': -2.397994558019919, '_a2_': 1.0, '_a5_': 1.0, '_a6_': 1.0}};{'d0': 0.024905832941012045};-272.381177272574;49.05178707741192
28261;-87.1388015588752;(((-(((_a4_ * _a0_) * _a3_)) + pow2((_a7_ + (pow2(_a1_) + x)))) * x) / _a4_);{'d0': {'_a0_': -4.185250799911402, '_a1_': -1.6461847605256785, '_a3_': 0.3456363724613343, '_a4_': 0.29614178675449326, '_a7_': -2.397994558019919, '_a2_': 1.0, '_a5_': 1.0, '_a6_': 1.0}};{'d0': 0.024905832941012045};-272.381177272574;49.05178707741192
28262;-87.1388015588752;(((-(((_a4_ * _a0_) * _a3_)) + pow2((_a7_ + (pow2(_a1_) + x)))) * x) / _a4_);{'d0': {'_a0_': -4.185250799911402, '_a1_': -1.6461847605256785, '_a3_': 0.3456363724613343, '_a4_': 0.29614178675449326, '_a7_': -2.397994558019919, '_a2_': 1.0, '_a5_': 1.0, '_a6_': 1.0}};{'d0': 0.024905832941012045};-272.381177272574;49.05178707741192
28263;-92.8839083385189;(((-(((_a4_ * _a0_) * _a3_)) + pow2((_a7_ + (_a0_ + x)))) * x) / _a4_);{'d0': {'_a0_': -0.15539540223997747, '_a3_': 9.309001419609347, '_a4_': 0.2961417868345913, '_a7_': 0.4673251101178604, '_a1_': 1.0, '_a2_': 1.0, '_a5_': 1.0, '_a6_': 1.0}};{'d0': 0.024905832919491274};-276.475521886642;45.35385260480192
28264;-92.8839083385189;(((-(((_a4_ * _a0_) * _a3_)) + pow2((_a7_ + (_a0_ + x)))) * x) / _a4_);{'d0': {'_a0_': -0.15539540223997747, '_a3_': 9.309001419609347, '_a4_': 0.2961417868345913, '_a7_': 0.4673251101178604, '_a1_': 1.0, '_a2_': 1.0, '_a5_': 1.0, '_a6_': 1.0}};{'d0': 0.024905832919491274};-276.475521886642;45.35385260480192
28265;-93.8694748974756;(((_a3_ + pow2(((x / _a3_) + ((pow2(_a3_) * _a3_) + _a2_)))) + _a5_) * x);{'d0': {'_a2_': 0.41204380237689237, '_a3_': 0.5441891094134681, '_a5_': 0.902386979885511, '_a0_': 1.0, '_a1_': 1.0, '_a4_': 1.0, '_a6_': 1.0, '_a7_': 1.0}};{'d0': 0.024905832919416674};-280.569866449043;46.41545832704651
28266;-93.8694748974756;(((_a3_ + pow2(((x / _a3_) + ((pow2(_a3_) * _a3_) + _a2_)))) + _a5_) * x);{'d0': {'_a2_': 0.41204380237689237, '_a3_': 0.5441891094134681, '_a5_': 0.902386979885511, '_a0_': 1.0, '_a1_': 1.0, '_a4_': 1.0, '_a6_': 1.0, '_a7_': 1.0}};{'d0': 0.024905832919416674};-280.569866449043;46.41545832704651
28267;-93.8694748974756;(((_a3_ + pow2(((x / _a3_) + ((pow2(_a3_) * _a3_) + _a2_)))) + _a5_) * x);{'d0': {'_a2_': 0.41204380237689237, '_a3_': 0.5441891094134681, '_a5_': 0.902386979885511, '_a0_': 1.0, '_a1_': 1.0, '_a4_': 1.0, '_a6_': 1.0, '_a7_': 1.0}};{'d0': 0.024905832919416674};-280.569866449043;46.41545832704651
28268;-93.8694748974756;(((_a3_ + pow2(((x / _a3_) + ((pow2(_a3_) * _a3_) + _a2_)))) + _a5_) * x);{'d0': {'_a2_': 0.41204380237689237, '_a3_': 0.5441891094134681, '_a5_': 0.902386979885511, '_a0_': 1.0, '_a1_': 1.0, '_a4_': 1.0, '_a6_': 1.0, '_a7_': 1.0}};{'d0': 0.024905832919416674};-280.569866449043;46.41545832704651
28269;-93.8694748974756;(((_a3_ + pow2(((x / _a3_) + ((pow2(_a3_) * _a3_) + _a2_)))) + _a5_) * x);{'d0': {'_a2_': 0.41204380237689237, '_a3_': 0.5441891094134681, '_a5_': 0.902386979885511, '_a0_': 1.0, '_a1_': 1.0, '_a4_': 1.0, '_a6_': 1.0, '_a7_': 1.0}};{'d0': 0.024905832919416674};-280.569866449043;46.41545832704651
28270;-93.8694748974756;(((_a3_ + pow2(((x / _a3_) + ((pow2(_a3_) * _a3_) + _a2_)))) + _a5_) * x);{'d0': {'_a2_': 0.41204380237689237, '_a3_': 0.5441891094134681, '_a5_': 0.902386979885511, '_a0_': 1.0, '_a1_': 1.0, '_a4_': 1.0, '_a6_': 1.0, '_a7_': 1.0}};{'d0': 0.024905832919416674};-280.569866449043;46.41545832704651
28271;-93.8694748974756;(((_a3_ + pow2(((x / _a3_) + ((pow2(_a3_) * _a3_) + _a2_)))) + _a5_) * x);{'d0': {'_a2_': 0.41204380237689237, '_a3_': 0.5441891094134681, '_a5_': 0.902386979885511, '_a0_': 1.0, '_a1_': 1.0, '_a4_': 1.0, '_a6_': 1.0, '_a7_': 1.0}};{'d0': 0.024905832919416674};-280.569866449043;46.41545832704651
28272;-93.8694748974756;(((_a3_ + pow2(((x / _a3_) + ((pow2(_a3_) * _a3_) + _a2_)))) + _a5_) * x);{'d0': {'_a2_': 0.41204380237689237, '_a3_': 0.5441891094134681, '_a5_': 0.902386979885511, '_a0_': 1.0, '_a1_': 1.0, '_a4_': 1.0, '_a6_': 1.0, '_a7_': 1.0}};{'d0': 0.024905832919416674};-280.569866449043;46.41545832704651
28273;-91.8223026152953;(((_a3_ + pow2(((x / _a3_) + ((pow2(_a3_) * _a6_) + _a2_)))) + _a5_) * x);{'d0': {'_a2_': -182.73594537582278, '_a3_': 0.5441891096601525, '_a5_': 0.9023872544335831, '_a6_': 618.991153378882, '_a0_': 1.0, '_a1_': 1.0, '_a4_': 1.0, '_a7_': 1.0}};{'d0': 0.02490583292030441};-276.475521884683;46.41545832704651
28274;-95.5202370885762;(((_a3_ + pow2(((x / _a3_) + ((x * _a6_) + _a2_)))) + _a5_) * x);{'d0': {'_a2_': -0.5732009378369702, '_a3_': -364.44652096490984, '_a5_': 365.8930970596396, '_a6_': -1.8348527005989468, '_a0_': 1.0, '_a1_': 1.0, '_a4_': 1.0, '_a7_': 1.0}};{'d0': 0.024905832919747448};-276.475521886025;42.71752385443651
28275;-95.5202370885762;(((_a3_ + pow2(((x / _a3_) + ((x * _a6_) + _a2_)))) + _a5_) * x);{'d0': {'_a2_': -0.5732009378369702, '_a3_': -364.44652096490984, '_a5_': 365.8930970596396, '_a6_': -1.8348527005989468, '_a0_': 1.0, '_a1_': 1.0, '_a4_': 1.0, '_a7_': 1.0}};{'d0': 0.024905832919747448};-276.475521886025;42.71752385443651
28276;-95.5202370885762;(((_a3_ + pow2(((x / _a3_) + ((x * _a6_) + _a2_)))) + _a5_) * x);{'d0': {'_a2_': -0.5732009378369702, '_a3_': -364.44652096490984, '_a5_': 365.8930970596396, '_a6_': -1.8348527005989468, '_a0_': 1.0, '_a1_': 1.0, '_a4_': 1.0, '_a7_': 1.0}};{'d0': 0.024905832919747448};-276.475521886025;42.71752385443651
28277;-95.5202370885762;(((_a3_ + pow2(((x / _a3_) + ((x * _a6_) + _a2_)))) + _a5_) * x);{'d0': {'_a2_': -0.5732009378369702, '_a3_': -364.44652096490984, '_a5_': 365.8930970596396, '_a6_': -1.8348527005989468, '_a0_': 1.0, '_a1_': 1.0, '_a4_': 1.0, '_a7_': 1.0}};{'d0': 0.024905832919747448};-276.475521886025;42.71752385443651
28278;-95.5202370885762;(((_a3_ + pow2(((x / _a3_) + ((x * _a6_) + _a2_)))) + _a5_) * x);{'d0': {'_a2_': -0.5732009378369702, '_a3_': -364.44652096490984, '_a5_': 365.8930970596396, '_a6_': -1.8348527005989468, '_a0_': 1.0, '_a1_': 1.0, '_a4_': 1.0, '_a7_': 1.0}};{'d0': 0.024905832919747448};-276.475521886025;42.71752385443651
28279;-95.5202370885762;(((_a3_ + pow2(((x / _a3_) + ((x * _a6_) + _a2_)))) + _a5_) * x);{'d0': {'_a2_': -0.5732009378369702, '_a3_': -364.44652096490984, '_a5_': 365.8930970596396, '_a6_': -1.8348527005989468, '_a0_': 1.0, '_a1_': 1.0, '_a4_': 1.0, '_a7_': 1.0}};{'d0': 0.024905832919747448};-276.475521886025;42.71752385443651
28280;-90.6432544218547;(((_a3_ + pow2(((x / _a3_) + ((x * (_a6_ * _a6_)) + _a2_)))) + _a5_) * x);{'d0': {'_a2_': 0.5732009377018966, '_a3_': -254928.02067780733, '_a5_': 254929.46725512558, '_a6_': -1.3555812102952065, '_a0_': 1.0, '_a1_': 1.0, '_a4_': 1.0, '_a7_': 1.0}};{'d0': 0.02490583294264955};-276.475521830852;47.59450649357151
28281;-90.6432544218547;(((_a3_ + pow2(((x / _a3_) + ((x * (_a6_ * _a6_)) + _a2_)))) + _a5_) * x);{'d0': {'_a2_': 0.5732009377018966, '_a3_': -254928.02067780733, '_a5_': 254929.46725512558, '_a6_': -1.3555812102952065, '_a0_': 1.0, '_a1_': 1.0, '_a4_': 1.0, '_a7_': 1.0}};{'d0': 0.02490583294264955};-276.475521830852;47.59450649357151
28282;-96.4435461186287;(((_a3_ + pow2((_a6_ + ((x * (_a6_ * _a6_)) + _a2_)))) + _a5_) * x);{'d0': {'_a2_': 1.9287807012586748, '_a3_': -64617518.74489863, '_a5_': 64617520.191472426, '_a6_': -1.3555797634638511, '_a0_': 1.0, '_a1_': 1.0, '_a4_': 1.0, '_a7_': 1.0}};{'d0': 0.024905833000454656};-276.475521691595;41.794214727169106
28283;-96.4435461186287;(((_a3_ + pow2((_a6_ + ((x * (_a6_ * _a6_)) + _a2_)))) + _a5_) * x);{'d0': {'_a2_': 1.9287807012586748, '_a3_': -64617518.74489863, '_a5_': 64617520.191472426, '_a6_': -1.3555797634638511, '_a0_': 1.0, '_a1_': 1.0, '_a4_': 1.0, '_a7_': 1.0}};{'d0': 0.024905833000454656};-276.475521691595;41.794214727169106
28284;-96.4435461186287;(((_a3_ + pow2((_a6_ + ((x * (_a6_ * _a6_)) + _a2_)))) + _a5_) * x);{'d0': {'_a2_': 1.9287807012586748, '_a3_': -64617518.74489863, '_a5_': 64617520.191472426, '_a6_': -1.3555797634638511, '_a0_': 1.0, '_a1_': 1.0, '_a4_': 1.0, '_a7_': 1.0}};{'d0': 0.024905833000454656};-276.475521691595;41.794214727169106
28285;-96.4435461186287;(((_a3_ + pow2((_a6_ + ((x * (_a6_ * _a6_)) + _a2_)))) + _a5_) * x);{'d0': {'_a2_': 1.9287807012586748, '_a3_': -64617518.74489863, '_a5_': 64617520.191472426, '_a6_': -1.3555797634638511, '_a0_': 1.0, '_a1_': 1.0, '_a4_': 1.0, '_a7_': 1.0}};{'d0': 0.024905833000454656};-276.475521691595;41.794214727169106
28286;-98.4907184973531;(((_a3_ + pow2((_a6_ + ((x * (_a6_ * _a6_)) + _a2_)))) + _a6_) * x);{'d0': {'_a2_': 1.9287807009672688, '_a3_': 2.8021558527406536, '_a6_': -1.355579763358247, '_a0_': 1.0, '_a1_': 1.0, '_a4_': 1.0, '_a5_': 1.0, '_a7_': 1.0}};{'d0': 0.02490583291941664};-280.569866449044;41.794214727169106
28287;-98.4907184973531;(((_a3_ + pow2((_a6_ + ((x * (_a6_ * _a6_)) + _a2_)))) + _a6_) * x);{'d0': {'_a2_': 1.9287807009672688, '_a3_': 2.8021558527406536, '_a6_': -1.355579763358247, '_a0_': 1.0, '_a1_': 1.0, '_a4_': 1.0, '_a5_': 1.0, '_a7_': 1.0}};{'d0': 0.02490583291941664};-280.569866449044;41.794214727169106
28288;-98.4907184973531;(((_a3_ + pow2((_a6_ + ((x * (_a6_ * _a6_)) + _a2_)))) + _a6_) * x);{'d0': {'_a2_': 1.9287807009672688, '_a3_': 2.8021558527406536, '_a6_': -1.355579763358247, '_a0_': 1.0, '_a1_': 1.0, '_a4_': 1.0, '_a5_': 1.0, '_a7_': 1.0}};{'d0': 0.02490583291941664};-280.569866449044;41.794214727169106
28289;-93.8874622098246;(((-((x * _a3_)) + pow2(((_a4_ + x) + (_a0_ + x)))) * x) / _a4_);{'d0': {'_a0_': -2.634659242411629, '_a3_': -8.295806041722104, '_a4_': 1.184567147657974, '_a1_': 1.0, '_a2_': 1.0, '_a5_': 1.0, '_a6_': 1.0, '_a7_': 1.0}};{'d0': 0.024905832919416816};-280.569866449043;46.39747101469692
28290;-93.8874622098246;(((-((x * _a3_)) + pow2(((_a4_ + x) + (_a0_ + x)))) * x) / _a4_);{'d0': {'_a0_': -2.634659242411629, '_a3_': -8.295806041722104, '_a4_': 1.184567147657974, '_a1_': 1.0, '_a2_': 1.0, '_a5_': 1.0, '_a6_': 1.0, '_a7_': 1.0}};{'d0': 0.024905832919416816};-280.569866449043;46.39747101469692
28291;-98.4907184973531;(((_a3_ + pow2((_a6_ + ((x * (_a6_ * _a6_)) + _a2_)))) + _a6_) * x);{'d0': {'_a2_': 1.9287807009672688, '_a3_': 2.8021558527406536, '_a6_': -1.355579763358247, '_a0_': 1.0, '_a1_': 1.0, '_a4_': 1.0, '_a5_': 1.0, '_a7_': 1.0}};{'d0': 0.02490583291941664};-280.569866449044;41.794214727169106
28292;-98.4907184973531;(((_a3_ + pow2((_a6_ + ((x * (_a6_ * _a6_)) + _a2_)))) + _a6_) * x);{'d0': {'_a2_': 1.9287807009672688, '_a3_': 2.8021558527406536, '_a6_': -1.355579763358247, '_a0_': 1.0, '_a1_': 1.0, '_a4_': 1.0, '_a5_': 1.0, '_a7_': 1.0}};{'d0': 0.02490583291941664};-280.569866449044;41.794214727169106
28293;-98.4907184973531;(((_a3_ + pow2((_a6_ + ((x * (_a6_ * _a6_)) + _a2_)))) + _a6_) * x);{'d0': {'_a2_': 1.9287807009672688, '_a3_': 2.8021558527406536, '_a6_': -1.355579763358247, '_a0_': 1.0, '_a1_': 1.0, '_a4_': 1.0, '_a5_': 1.0, '_a7_': 1.0}};{'d0': 0.02490583291941664};-280.569866449044;41.794214727169106
28294;-98.4907184973531;(((_a3_ + pow2((_a6_ + ((x * (_a6_ * _a6_)) + _a2_)))) + _a6_) * x);{'d0': {'_a2_': 1.9287807009672688, '_a3_': 2.8021558527406536, '_a6_': -1.355579763358247, '_a0_': 1.0, '_a1_': 1.0, '_a4_': 1.0, '_a5_': 1.0, '_a7_': 1.0}};{'d0': 0.02490583291941664};-280.569866449044;41.794214727169106
28295;-98.4907184973531;(((_a3_ + pow2((_a6_ + ((x * (_a6_ * _a6_)) + _a2_)))) + _a6_) * x);{'d0': {'_a2_': 1.9287807009672688, '_a3_': 2.8021558527406536, '_a6_': -1.355579763358247, '_a0_': 1.0, '_a1_': 1.0, '_a4_': 1.0, '_a5_': 1.0, '_a7_': 1.0}};{'d0': 0.02490583291941664};-280.569866449044;41.794214727169106
28296;-98.4907184973531;(((_a3_ + pow2((_a6_ + ((x * (_a6_ * _a6_)) + _a2_)))) + _a6_) * x);{'d0': {'_a2_': 1.9287807009672688, '_a3_': 2.8021558527406536, '_a6_': -1.355579763358247, '_a0_': 1.0, '_a1_': 1.0, '_a4_': 1.0, '_a5_': 1.0, '_a7_': 1.0}};{'d0': 0.02490583291941664};-280.569866449044;41.794214727169106
28297;-98.4907184973531;(((_a3_ + pow2((_a6_ + ((x * (_a6_ * _a6_)) + _a2_)))) + _a6_) * x);{'d0': {'_a2_': 1.9287807009672688, '_a3_': 2.8021558527406536, '_a6_': -1.355579763358247, '_a0_': 1.0, '_a1_': 1.0, '_a4_': 1.0, '_a5_': 1.0, '_a7_': 1.0}};{'d0': 0.02490583291941664};-280.569866449044;41.794214727169106
28298;-100.360883458177;((_a0_ * _a1_) * (((x * pow2((x + (_a1_ * _a6_)))) * _a6_) + x));{'d0': {'_a0_': 10.82539045477829, '_a1_': 0.13362807508568397, '_a6_': 2.3343126619926235, '_a2_': 1.0, '_a3_': 1.0, '_a4_': 1.0, '_a5_': 1.0, '_a7_': 1.0}};{'d0': 0.02490583291941664};-280.569866449044;39.92404976634494
28299;-100.360883458177;((_a0_ * _a1_) * (((x * pow2((x + (_a1_ * _a6_)))) * _a6_) + x));{'d0': {'_a0_': 10.82539045477829, '_a1_': 0.13362807508568397, '_a6_': 2.3343126619926235, '_a2_': 1.0, '_a3_': 1.0, '_a4_': 1.0, '_a5_': 1.0, '_a7_': 1.0}};{'d0': 0.02490583291941664};-280.569866449044;39.92404976634494
28300;-100.360883458177;((_a0_ * _a1_) * (((x * pow2((x + (_a1_ * _a6_)))) * _a6_) + x));{'d0': {'_a0_': 10.82539045477829, '_a1_': 0.13362807508568397, '_a6_': 2.3343126619926235, '_a2_': 1.0, '_a3_': 1.0, '_a4_': 1.0, '_a5_': 1.0, '_a7_': 1.0}};{'d0': 0.02490583291941664};-280.569866449044;39.92404976634494
28301;-100.360883458177;((_a0_ * _a1_) * (((x * pow2((x + (_a1_ * _a6_)))) * _a6_) + x));{'d0': {'_a0_': 10.82539045477829, '_a1_': 0.13362807508568397, '_a6_': 2.3343126619926235, '_a2_': 1.0, '_a3_': 1.0, '_a4_': 1.0, '_a5_': 1.0, '_a7_': 1.0}};{'d0': 0.02490583291941664};-280.569866449044;39.92404976634494
28302;-98.4907184973531;(((_a3_ + pow2((_a3_ + ((x * (_a6_ * _a6_)) + _a2_)))) + _a6_) * x);{'d0': {'_a2_': -2.228954914878754, '_a3_': 2.802155852625052, '_a6_': -1.3555797634623612, '_a0_': 1.0, '_a1_': 1.0, '_a4_': 1.0, '_a5_': 1.0, '_a7_': 1.0}};{'d0': 0.024905832919416625};-280.569866449044;41.794214727169106
28303;-98.4907184973531;(((_a3_ + pow2((_a3_ + ((x * (_a6_ * _a6_)) + _a2_)))) + _a6_) * x);{'d0': {'_a2_': -2.228954914878754, '_a3_': 2.802155852625052, '_a6_': -1.3555797634623612, '_a0_': 1.0, '_a1_': 1.0, '_a4_': 1.0, '_a5_': 1.0, '_a7_': 1.0}};{'d0': 0.024905832919416625};-280.569866449044;41.794214727169106
28304;-98.4907184973531;(((_a3_ + pow2((_a3_ + ((x * (_a6_ * _a6_)) + _a2_)))) + _a6_) * x);{'d0': {'_a2_': -2.228954914878754, '_a3_': 2.802155852625052, '_a6_': -1.3555797634623612, '_a0_': 1.0, '_a1_': 1.0, '_a4_': 1.0, '_a5_': 1.0, '_a7_': 1.0}};{'d0': 0.024905832919416625};-280.569866449044;41.794214727169106
28305;-98.4907184973531;(((_a3_ + pow2((_a3_ + ((x * (_a6_ * _a6_)) + _a2_)))) + _a6_) * x);{'d0': {'_a2_': -2.228954914878754, '_a3_': 2.802155852625052, '_a6_': -1.3555797634623612, '_a0_': 1.0, '_a1_': 1.0, '_a4_': 1.0, '_a5_': 1.0, '_a7_': 1.0}};{'d0': 0.024905832919416625};-280.569866449044;41.794214727169106
28306;-100.360883458177;((_a0_ * _a1_) * (((x * pow2((x + (_a1_ * _a6_)))) * _a6_) + x));{'d0': {'_a0_': 10.82539045477829, '_a1_': 0.13362807508568397, '_a6_': 2.3343126619926235, '_a2_': 1.0, '_a3_': 1.0, '_a4_': 1.0, '_a5_': 1.0, '_a7_': 1.0}};{'d0': 0.02490583291941664};-280.569866449044;39.92404976634494
28307;-100.360883458177;((_a0_ * _a1_) * (((x * pow2((x + (_a1_ * _a6_)))) * _a6_) + x));{'d0': {'_a0_': 10.82539045477829, '_a1_': 0.13362807508568397, '_a6_': 2.3343126619926235, '_a2_': 1.0, '_a3_': 1.0, '_a4_': 1.0, '_a5_': 1.0, '_a7_': 1.0}};{'d0': 0.02490583291941664};-280.569866449044;39.92404976634494
28308;-100.360883458177;((_a0_ * _a1_) * (((x * pow2((x + (_a1_ * _a6_)))) * _a6_) + x));{'d0': {'_a0_': 10.82539045477829, '_a1_': 0.13362807508568397, '_a6_': 2.3343126619926235, '_a2_': 1.0, '_a3_': 1.0, '_a4_': 1.0, '_a5_': 1.0, '_a7_': 1.0}};{'d0': 0.02490583291941664};-280.569866449044;39.92404976634494
28309;-100.360883458177;((_a0_ * _a1_) * (((x * pow2((x + (_a1_ * _a6_)))) * _a6_) + x));{'d0': {'_a0_': 10.82539045477829, '_a1_': 0.13362807508568397, '_a6_': 2.3343126619926235, '_a2_': 1.0, '_a3_': 1.0, '_a4_': 1.0, '_a5_': 1.0, '_a7_': 1.0}};{'d0': 0.02490583291941664};-280.569866449044;39.92404976634494
28310;-100.360883458177;((_a0_ * _a1_) * (((x * pow2((x + (_a1_ * _a6_)))) * _a6_) + x));{'d0': {'_a0_': 10.82539045477829, '_a1_': 0.13362807508568397, '_a6_': 2.3343126619926235, '_a2_': 1.0, '_a3_': 1.0, '_a4_': 1.0, '_a5_': 1.0, '_a7_': 1.0}};{'d0': 0.02490583291941664};-280.569866449044;39.92404976634494
28311;-100.360883458177;((_a0_ * _a1_) * (((x * pow2((x + (_a1_ * _a6_)))) * _a6_) + x));{'d0': {'_a0_': 10.82539045477829, '_a1_': 0.13362807508568397, '_a6_': 2.3343126619926235, '_a2_': 1.0, '_a3_': 1.0, '_a4_': 1.0, '_a5_': 1.0, '_a7_': 1.0}};{'d0': 0.02490583291941664};-280.569866449044;39.92404976634494
28312;-100.360883458177;((_a0_ * _a1_) * (((x * pow2((x + (_a1_ * _a6_)))) * _a6_) + x));{'d0': {'_a0_': 10.82539045477829, '_a1_': 0.13362807508568397, '_a6_': 2.3343126619926235, '_a2_': 1.0, '_a3_': 1.0, '_a4_': 1.0, '_a5_': 1.0, '_a7_': 1.0}};{'d0': 0.02490583291941664};-280.569866449044;39.92404976634494
28313;-100.360883458177;((_a0_ * _a1_) * (((x * pow2((x + (_a1_ * _a6_)))) * _a6_) + x));{'d0': {'_a0_': 10.82539045477829, '_a1_': 0.13362807508568397, '_a6_': 2.3343126619926235, '_a2_': 1.0, '_a3_': 1.0, '_a4_': 1.0, '_a5_': 1.0, '_a7_': 1.0}};{'d0': 0.02490583291941664};-280.569866449044;39.92404976634494
28314;-100.360883458177;((_a0_ * _a1_) * (((x * pow2((x + (_a1_ * _a6_)))) * _a6_) + x));{'d0': {'_a0_': 10.82539045477829, '_a1_': 0.13362807508568397, '_a6_': 2.3343126619926235, '_a2_': 1.0, '_a3_': 1.0, '_a4_': 1.0, '_a5_': 1.0, '_a7_': 1.0}};{'d0': 0.02490583291941664};-280.569866449044;39.92404976634494
28315;-100.360883458177;((_a0_ * _a1_) * (((x * pow2((x + (_a1_ * _a6_)))) * _a6_) + x));{'d0': {'_a0_': 10.82539045477829, '_a1_': 0.13362807508568397, '_a6_': 2.3343126619926235, '_a2_': 1.0, '_a3_': 1.0, '_a4_': 1.0, '_a5_': 1.0, '_a7_': 1.0}};{'d0': 0.02490583291941664};-280.569866449044;39.92404976634494
28316;-100.360883458177;((_a0_ * _a1_) * (((x * pow2((x + (_a1_ * _a6_)))) * _a6_) + x));{'d0': {'_a0_': 10.82539045477829, '_a1_': 0.13362807508568397, '_a6_': 2.3343126619926235, '_a2_': 1.0, '_a3_': 1.0, '_a4_': 1.0, '_a5_': 1.0, '_a7_': 1.0}};{'d0': 0.02490583291941664};-280.569866449044;39.92404976634494
28317;-105.382580669956;(_a0_ * (((x * pow2((x + (_a1_ * _a6_)))) * _a6_) + x));{'d0': {'_a0_': 1.4465760900352507, '_a1_': 0.13362807545237923, '_a6_': 2.334312657371619, '_a2_': 1.0, '_a3_': 1.0, '_a4_': 1.0, '_a5_': 1.0, '_a7_': 1.0}};{'d0': 0.02490583291941665};-280.569866449044;34.902352554565944
28318;-105.382580669956;(_a0_ * (((x * pow2((x + (_a1_ * _a6_)))) * _a6_) + x));{'d0': {'_a0_': 1.4465760900352507, '_a1_': 0.13362807545237923, '_a6_': 2.334312657371619, '_a2_': 1.0, '_a3_': 1.0, '_a4_': 1.0, '_a5_': 1.0, '_a7_': 1.0}};{'d0': 0.02490583291941665};-280.569866449044;34.902352554565944
28319;-105.382580669956;(_a0_ * (((x * pow2((x + (_a1_ * _a6_)))) * _a6_) + x));{'d0': {'_a0_': 1.4465760900352507, '_a1_': 0.13362807545237923, '_a6_': 2.334312657371619, '_a2_': 1.0, '_a3_': 1.0, '_a4_': 1.0, '_a5_': 1.0, '_a7_': 1.0}};{'d0': 0.02490583291941665};-280.569866449044;34.902352554565944
28320;-105.382580669956;(_a0_ * (((x * pow2((x + (_a1_ * _a6_)))) * _a6_) + x));{'d0': {'_a0_': 1.4465760900352507, '_a1_': 0.13362807545237923, '_a6_': 2.334312657371619, '_a2_': 1.0, '_a3_': 1.0, '_a4_': 1.0, '_a5_': 1.0, '_a7_': 1.0}};{'d0': 0.02490583291941665};-280.569866449044;34.902352554565944
28321;-105.382580669956;(_a0_ * (((x * pow2((x + (_a1_ * _a6_)))) * _a6_) + x));{'d0': {'_a0_': 1.4465760900352507, '_a1_': 0.13362807545237923, '_a6_': 2.334312657371619, '_a2_': 1.0, '_a3_': 1.0, '_a4_': 1.0, '_a5_': 1.0, '_a7_': 1.0}};{'d0': 0.02490583291941665};-280.569866449044;34.902352554565944
28322;-105.382580669956;(_a0_ * (((x * pow2((x + (_a1_ * _a6_)))) * _a6_) + x));{'d0': {'_a0_': 1.4465760900352507, '_a1_': 0.13362807545237923, '_a6_': 2.334312657371619, '_a2_': 1.0, '_a3_': 1.0, '_a4_': 1.0, '_a5_': 1.0, '_a7_': 1.0}};{'d0': 0.02490583291941665};-280.569866449044;34.902352554565944
28323;-105.382580669956;(_a0_ * (((x * pow2((x + (_a1_ * _a6_)))) * _a6_) + x));{'d0': {'_a0_': 1.4465760900352507, '_a1_': 0.13362807545237923, '_a6_': 2.334312657371619, '_a2_': 1.0, '_a3_': 1.0, '_a4_': 1.0, '_a5_': 1.0, '_a7_': 1.0}};{'d0': 0.02490583291941665};-280.569866449044;34.902352554565944
28324;-105.382580669956;(_a0_ * (((x * pow2((x + (_a1_ * _a6_)))) * _a6_) + x));{'d0': {'_a0_': 1.4465760900352507, '_a1_': 0.13362807545237923, '_a6_': 2.334312657371619, '_a2_': 1.0, '_a3_': 1.0, '_a4_': 1.0, '_a5_': 1.0, '_a7_': 1.0}};{'d0': 0.02490583291941665};-280.569866449044;34.902352554565944
28325;-105.382580669956;(_a0_ * (((x * pow2((x + (_a1_ * _a6_)))) * _a6_) + x));{'d0': {'_a0_': 1.4465760900352507, '_a1_': 0.13362807545237923, '_a6_': 2.334312657371619, '_a2_': 1.0, '_a3_': 1.0, '_a4_': 1.0, '_a5_': 1.0, '_a7_': 1.0}};{'d0': 0.02490583291941665};-280.569866449044;34.902352554565944
28326;-105.382580669956;(_a0_ * (((x * pow2((x + (_a1_ * _a6_)))) * _a6_) + x));{'d0': {'_a0_': 1.4465760900352507, '_a1_': 0.13362807545237923, '_a6_': 2.334312657371619, '_a2_': 1.0, '_a3_': 1.0, '_a4_': 1.0, '_a5_': 1.0, '_a7_': 1.0}};{'d0': 0.02490583291941665};-280.569866449044;34.902352554565944
28327;-105.382580669956;(_a0_ * (((x * pow2((x + (_a1_ * _a6_)))) * _a6_) + x));{'d0': {'_a0_': 1.4465760900352507, '_a1_': 0.13362807545237923, '_a6_': 2.334312657371619, '_a2_': 1.0, '_a3_': 1.0, '_a4_': 1.0, '_a5_': 1.0, '_a7_': 1.0}};{'d0': 0.02490583291941665};-280.569866449044;34.902352554565944
28328;-105.382580669956;(_a0_ * (((x * pow2((x + (_a1_ * _a6_)))) * _a6_) + x));{'d0': {'_a0_': 1.4465760900352507, '_a1_': 0.13362807545237923, '_a6_': 2.334312657371619, '_a2_': 1.0, '_a3_': 1.0, '_a4_': 1.0, '_a5_': 1.0, '_a7_': 1.0}};{'d0': 0.02490583291941665};-280.569866449044;34.902352554565944
28329;-105.382580669956;(_a0_ * (((x * pow2((x + (_a1_ * _a6_)))) * _a6_) + x));{'d0': {'_a0_': 1.4465760900352507, '_a1_': 0.13362807545237923, '_a6_': 2.334312657371619, '_a2_': 1.0, '_a3_': 1.0, '_a4_': 1.0, '_a5_': 1.0, '_a7_': 1.0}};{'d0': 0.02490583291941665};-280.569866449044;34.902352554565944
28330;-105.382580669956;(_a0_ * (((x * pow2((x + (_a1_ * _a6_)))) * _a6_) + x));{'d0': {'_a0_': 1.4465760900352507, '_a1_': 0.13362807545237923, '_a6_': 2.334312657371619, '_a2_': 1.0, '_a3_': 1.0, '_a4_': 1.0, '_a5_': 1.0, '_a7_': 1.0}};{'d0': 0.02490583291941665};-280.569866449044;34.902352554565944
28331;-105.382580669956;(_a0_ * (((x * pow2((x + (_a1_ * _a6_)))) * _a6_) + x));{'d0': {'_a0_': 1.4465760900352507, '_a1_': 0.13362807545237923, '_a6_': 2.334312657371619, '_a2_': 1.0, '_a3_': 1.0, '_a4_': 1.0, '_a5_': 1.0, '_a7_': 1.0}};{'d0': 0.02490583291941665};-280.569866449044;34.902352554565944
28332;-100.731372386122;(((-((_a5_ * _a3_)) + pow2((_a3_ + (_a5_ + x)))) * x) * _a4_);{'d0': {'_a3_': -0.516877373815806, '_a4_': 3.3767608785298733, '_a5_': 0.8288070815900732, '_a0_': 1.0, '_a1_': 1.0, '_a2_': 1.0, '_a6_': 1.0, '_a7_': 1.0}};{'d0': 0.02490583291941658};-280.569866449044;39.55356083839952
28333;-100.731372386122;(((-((_a5_ * _a3_)) + pow2((_a3_ + (_a5_ + x)))) * x) * _a4_);{'d0': {'_a3_': -0.516877373815806, '_a4_': 3.3767608785298733, '_a5_': 0.8288070815900732, '_a0_': 1.0, '_a1_': 1.0, '_a2_': 1.0, '_a6_': 1.0, '_a7_': 1.0}};{'d0': 0.02490583291941658};-280.569866449044;39.55356083839952
28334;-99.0452514117226;(((exp((_a5_ * _a3_)) + pow2((_a3_ + (_a5_ + x)))) * x) * _a4_);{'d0': {'_a3_': -0.7778673143439693, '_a4_': 3.3767608768871393, '_a5_': 1.0897970221655822, '_a0_': 1.0, '_a1_': 1.0, '_a2_': 1.0, '_a6_': 1.0, '_a7_': 1.0}};{'d0': 0.024905832919416584};-280.569866449044;41.23968181279913
28335;-99.0452514117226;(((exp((_a5_ * _a3_)) + pow2((_a3_ + (_a5_ + x)))) * x) * _a4_);{'d0': {'_a3_': -0.7778673143439693, '_a4_': 3.3767608768871393, '_a5_': 1.0897970221655822, '_a0_': 1.0, '_a1_': 1.0, '_a2_': 1.0, '_a6_': 1.0, '_a7_': 1.0}};{'d0': 0.024905832919416584};-280.569866449044;41.23968181279913
28336;-100.016512535296;(((exp((_a5_ * _a3_)) + pow2((_a3_ * (_a5_ + x)))) * x) * _a4_);{'d0': {'_a3_': -1.2560365676413807, '_a4_': 2.1404039352343167, '_a5_': 0.31192970781703533, '_a0_': 1.0, '_a1_': 1.0, '_a2_': 1.0, '_a6_': 1.0, '_a7_': 1.0}};{'d0': 0.024905832919416622};-280.569866449044;40.268420689226126
28337;-100.016512535296;(((exp((_a5_ * _a3_)) + pow2((_a3_ * (_a5_ + x)))) * x) * _a4_);{'d0': {'_a3_': -1.2560365676413807, '_a4_': 2.1404039352343167, '_a5_': 0.31192970781703533, '_a0_': 1.0, '_a1_': 1.0, '_a2_': 1.0, '_a6_': 1.0, '_a7_': 1.0}};{'d0': 0.024905832919416622};-280.569866449044;40.268420689226126
28338;-100.016512535296;(((exp((_a5_ * _a3_)) + pow2((_a3_ * (_a5_ + x)))) * x) * _a4_);{'d0': {'_a3_': -1.2560365676413807, '_a4_': 2.1404039352343167, '_a5_': 0.31192970781703533, '_a0_': 1.0, '_a1_': 1.0, '_a2_': 1.0, '_a6_': 1.0, '_a7_': 1.0}};{'d0': 0.024905832919416622};-280.569866449044;40.268420689226126
28339;-100.016512535296;(((exp((_a5_ * _a3_)) + pow2((_a3_ * (_a5_ + x)))) * x) * _a4_);{'d0': {'_a3_': -1.2560365676413807, '_a4_': 2.1404039352343167, '_a5_': 0.31192970781703533, '_a0_': 1.0, '_a1_': 1.0, '_a2_': 1.0, '_a6_': 1.0, '_a7_': 1.0}};{'d0': 0.024905832919416622};-280.569866449044;40.268420689226126
28340;-100.016512535296;(((exp((_a5_ * _a4_)) + pow2((_a3_ * (_a5_ + x)))) * x) * _a4_);{'d0': {'_a3_': -1.7981271813533588, '_a4_': 1.0443822785204553, '_a5_': 0.31192970783385043, '_a0_': 1.0, '_a1_': 1.0, '_a2_': 1.0, '_a6_': 1.0, '_a7_': 1.0}};{'d0': 0.02490583291941665};-280.569866449044;40.268420689226126
28341;-100.016512535296;(((exp((_a5_ * _a4_)) + pow2((_a3_ * (_a5_ + x)))) * x) * _a4_);{'d0': {'_a3_': -1.7981271813533588, '_a4_': 1.0443822785204553, '_a5_': 0.31192970783385043, '_a0_': 1.0, '_a1_': 1.0, '_a2_': 1.0, '_a6_': 1.0, '_a7_': 1.0}};{'d0': 0.02490583291941665};-280.569866449044;40.268420689226126
28342;-100.016512535296;(((exp((_a5_ * _a4_)) + pow2((_a3_ * (_a5_ + x)))) * x) * _a4_);{'d0': {'_a3_': -1.7981271813533588, '_a4_': 1.0443822785204553, '_a5_': 0.31192970783385043, '_a0_': 1.0, '_a1_': 1.0, '_a2_': 1.0, '_a6_': 1.0, '_a7_': 1.0}};{'d0': 0.02490583291941665};-280.569866449044;40.268420689226126
28343;-100.016512535296;(((exp((_a5_ * _a4_)) + pow2((_a3_ * (_a5_ + x)))) * x) * _a4_);{'d0': {'_a3_': -1.7981271813533588, '_a4_': 1.0443822785204553, '_a5_': 0.31192970783385043, '_a0_': 1.0, '_a1_': 1.0, '_a2_': 1.0, '_a6_': 1.0, '_a7_': 1.0}};{'d0': 0.02490583291941665};-280.569866449044;40.268420689226126
28344;-103.367701136488;((_a2_ + (pow2(((x * _a3_) + _a2_)) + (_a4_ + _a3_))) * x);{'d0': {'_a2_': -0.5732009376212793, '_a3_': -1.837596494819962, '_a4_': 3.8573735219814043, '_a0_': 1.0, '_a1_': 1.0, '_a5_': 1.0, '_a6_': 1.0, '_a7_': 1.0}};{'d0': 0.02490583291941661};-280.569866449044;36.917232088033934
28345;-103.367701136488;((_a2_ + (pow2(((x * _a3_) + _a2_)) + (_a4_ + _a3_))) * x);{'d0': {'_a2_': -0.5732009376212793, '_a3_': -1.837596494819962, '_a4_': 3.8573735219814043, '_a0_': 1.0, '_a1_': 1.0, '_a5_': 1.0, '_a6_': 1.0, '_a7_': 1.0}};{'d0': 0.02490583291941661};-280.569866449044;36.917232088033934
28346;-103.367701136488;((_a2_ + (pow2(((x * _a3_) + _a2_)) + (_a4_ + _a3_))) * x);{'d0': {'_a2_': -0.5732009376212793, '_a3_': -1.837596494819962, '_a4_': 3.8573735219814043, '_a0_': 1.0, '_a1_': 1.0, '_a5_': 1.0, '_a6_': 1.0, '_a7_': 1.0}};{'d0': 0.02490583291941661};-280.569866449044;36.917232088033934
28347;-103.367701136488;((_a2_ + (pow2(((x * _a3_) + _a2_)) + (_a4_ + _a3_))) * x);{'d0': {'_a2_': -0.5732009376212793, '_a3_': -1.837596494819962, '_a4_': 3.8573735219814043, '_a0_': 1.0, '_a1_': 1.0, '_a5_': 1.0, '_a6_': 1.0, '_a7_': 1.0}};{'d0': 0.02490583291941661};-280.569866449044;36.917232088033934
28348;-100.016512535296;(((exp((_a5_ * _a4_)) + pow2((_a3_ * (_a5_ + x)))) * x) * _a4_);{'d0': {'_a3_': -1.7981271813533588, '_a4_': 1.0443822785204553, '_a5_': 0.31192970783385043, '_a0_': 1.0, '_a1_': 1.0, '_a2_': 1.0, '_a6_': 1.0, '_a7_': 1.0}};{'d0': 0.02490583291941665};-280.569866449044;40.268420689226126
28349;-100.016512535296;(((exp((_a5_ * _a4_)) + pow2((_a3_ * (_a5_ + x)))) * x) * _a4_);{'d0': {'_a3_': -1.7981271813533588, '_a4_': 1.0443822785204553, '_a5_': 0.31192970783385043, '_a0_': 1.0, '_a1_': 1.0, '_a2_': 1.0, '_a6_': 1.0, '_a7_': 1.0}};{'d0': 0.02490583291941665};-280.569866449044;40.268420689226126
28350;-100.016512535296;(((exp((_a5_ * _a4_)) + pow2((_a3_ * (_a5_ + x)))) * x) * _a4_);{'d0': {'_a3_': -1.7981271813533588, '_a4_': 1.0443822785204553, '_a5_': 0.31192970783385043, '_a0_': 1.0, '_a1_': 1.0, '_a2_': 1.0, '_a6_': 1.0, '_a7_': 1.0}};{'d0': 0.02490583291941665};-280.569866449044;40.268420689226126
28351;-104.965852460753;((exp((_a5_ * _a4_)) + pow2((_a3_ * (_a5_ + x)))) * x);{'d0': {'_a3_': -1.8375964947341783, '_a4_': 1.1835982190858632, '_a5_': 0.3119297077972805, '_a0_': 1.0, '_a1_': 1.0, '_a2_': 1.0, '_a6_': 1.0, '_a7_': 1.0}};{'d0': 0.024905832919416594};-280.569866449044;35.31908076376912
28352;-104.042543333485;((exp((_a5_ / _a4_)) + pow2((_a3_ * (_a5_ + x)))) * x);{'d0': {'_a3_': -1.8375964947189678, '_a4_': 0.8448812981769601, '_a5_': 0.31192970783091, '_a0_': 1.0, '_a1_': 1.0, '_a2_': 1.0, '_a6_': 1.0, '_a7_': 1.0}};{'d0': 0.02490583291941668};-280.569866449043;36.242389891036524
28353;-104.042543333485;((exp((_a5_ / _a4_)) + pow2((_a3_ * (_a5_ + x)))) * x);{'d0': {'_a3_': -1.8375964947189678, '_a4_': 0.8448812981769601, '_a5_': 0.31192970783091, '_a0_': 1.0, '_a1_': 1.0, '_a2_': 1.0, '_a6_': 1.0, '_a7_': 1.0}};{'d0': 0.02490583291941668};-280.569866449043;36.242389891036524
28354;-104.042543333485;((exp((_a5_ / _a4_)) + pow2((_a3_ * (_a5_ + x)))) * x);{'d0': {'_a3_': -1.8375964947189678, '_a4_': 0.8448812981769601, '_a5_': 0.31192970783091, '_a0_': 1.0, '_a1_': 1.0, '_a2_': 1.0, '_a6_': 1.0, '_a7_': 1.0}};{'d0': 0.02490583291941668};-280.569866449043;36.242389891036524
28355;-104.042543333485;((exp((_a5_ / _a4_)) + pow2((_a3_ * (_a5_ + x)))) * x);{'d0': {'_a3_': -1.8375964947189678, '_a4_': 0.8448812981769601, '_a5_': 0.31192970783091, '_a0_': 1.0, '_a1_': 1.0, '_a2_': 1.0, '_a6_': 1.0, '_a7_': 1.0}};{'d0': 0.02490583291941668};-280.569866449043;36.242389891036524
28356;-104.042543333485;((exp((_a5_ / _a4_)) + pow2((_a3_ * (_a5_ + x)))) * x);{'d0': {'_a3_': -1.8375964947189678, '_a4_': 0.8448812981769601, '_a5_': 0.31192970783091, '_a0_': 1.0, '_a1_': 1.0, '_a2_': 1.0, '_a6_': 1.0, '_a7_': 1.0}};{'d0': 0.02490583291941668};-280.569866449043;36.242389891036524
28357;-104.042543333485;((exp((_a5_ / _a4_)) + pow2((_a3_ * (_a5_ + x)))) * x);{'d0': {'_a3_': -1.8375964947189678, '_a4_': 0.8448812981769601, '_a5_': 0.31192970783091, '_a0_': 1.0, '_a1_': 1.0, '_a2_': 1.0, '_a6_': 1.0, '_a7_': 1.0}};{'d0': 0.02490583291941668};-280.569866449043;36.242389891036524
28358;-104.042543333485;((exp((_a5_ / _a4_)) + pow2((_a3_ * (_a5_ + x)))) * x);{'d0': {'_a3_': -1.8375964947189678, '_a4_': 0.8448812981769601, '_a5_': 0.31192970783091, '_a0_': 1.0, '_a1_': 1.0, '_a2_': 1.0, '_a6_': 1.0, '_a7_': 1.0}};{'d0': 0.02490583291941668};-280.569866449043;36.242389891036524
28359;-103.367701136488;((x + (pow2(((x * _a3_) + _a2_)) + (_a4_ + _a3_))) * x);{'d0': {'_a2_': -0.3011063835360159, '_a3_': -1.8375964957486737, '_a4_': 3.522066845840828, '_a0_': 1.0, '_a1_': 1.0, '_a5_': 1.0, '_a6_': 1.0, '_a7_': 1.0}};{'d0': 0.02490583291941663};-280.569866449044;36.917232088033934
28360;-104.042543333485;((exp((_a5_ / _a4_)) + pow2((_a3_ * (_a5_ + x)))) * x);{'d0': {'_a3_': -1.8375964947189678, '_a4_': 0.8448812981769601, '_a5_': 0.31192970783091, '_a0_': 1.0, '_a1_': 1.0, '_a2_': 1.0, '_a6_': 1.0, '_a7_': 1.0}};{'d0': 0.02490583291941668};-280.569866449043;36.242389891036524
28361;-104.042543333485;((exp((_a5_ / _a4_)) + pow2((_a3_ * (_a5_ + x)))) * x);{'d0': {'_a3_': -1.8375964947189678, '_a4_': 0.8448812981769601, '_a5_': 0.31192970783091, '_a0_': 1.0, '_a1_': 1.0, '_a2_': 1.0, '_a6_': 1.0, '_a7_': 1.0}};{'d0': 0.02490583291941668};-280.569866449043;36.242389891036524
28362;-104.042543333485;((exp((_a5_ / _a4_)) + pow2((_a3_ * (_a5_ + x)))) * x);{'d0': {'_a3_': -1.8375964947189678, '_a4_': 0.8448812981769601, '_a5_': 0.31192970783091, '_a0_': 1.0, '_a1_': 1.0, '_a2_': 1.0, '_a6_': 1.0, '_a7_': 1.0}};{'d0': 0.02490583291941668};-280.569866449043;36.242389891036524
28363;-104.042543333485;((exp((_a5_ / _a4_)) + pow2((_a3_ * (_a5_ + x)))) * x);{'d0': {'_a3_': -1.8375964947189678, '_a4_': 0.8448812981769601, '_a5_': 0.31192970783091, '_a0_': 1.0, '_a1_': 1.0, '_a2_': 1.0, '_a6_': 1.0, '_a7_': 1.0}};{'d0': 0.02490583291941668};-280.569866449043;36.242389891036524
28364;-104.042543333485;((exp((_a5_ / _a4_)) + pow2((_a3_ * (_a5_ + x)))) * x);{'d0': {'_a3_': -1.8375964947189678, '_a4_': 0.8448812981769601, '_a5_': 0.31192970783091, '_a0_': 1.0, '_a1_': 1.0, '_a2_': 1.0, '_a6_': 1.0, '_a7_': 1.0}};{'d0': 0.02490583291941668};-280.569866449043;36.242389891036524
28365;-104.042543333485;((exp((_a5_ / _a4_)) + pow2((_a3_ * (_a5_ + x)))) * x);{'d0': {'_a3_': -1.8375964947189678, '_a4_': 0.8448812981769601, '_a5_': 0.31192970783091, '_a0_': 1.0, '_a1_': 1.0, '_a2_': 1.0, '_a6_': 1.0, '_a7_': 1.0}};{'d0': 0.02490583291941668};-280.569866449043;36.242389891036524
28366;-104.042543333485;((exp((_a5_ / _a4_)) + pow2((_a3_ * (_a5_ + x)))) * x);{'d0': {'_a3_': -1.8375964947189678, '_a4_': 0.8448812981769601, '_a5_': 0.31192970783091, '_a0_': 1.0, '_a1_': 1.0, '_a2_': 1.0, '_a6_': 1.0, '_a7_': 1.0}};{'d0': 0.02490583291941668};-280.569866449043;36.242389891036524
28367;-104.042543333485;((exp((_a5_ / _a4_)) + pow2((_a3_ * (_a5_ + x)))) * x);{'d0': {'_a3_': -1.8375964947189678, '_a4_': 0.8448812981769601, '_a5_': 0.31192970783091, '_a0_': 1.0, '_a1_': 1.0, '_a2_': 1.0, '_a6_': 1.0, '_a7_': 1.0}};{'d0': 0.02490583291941668};-280.569866449043;36.242389891036524
28368;-104.042543333485;((exp((_a5_ / _a4_)) + pow2((_a3_ * (_a5_ + x)))) * x);{'d0': {'_a3_': -1.8375964947189678, '_a4_': 0.8448812981769601, '_a5_': 0.31192970783091, '_a0_': 1.0, '_a1_': 1.0, '_a2_': 1.0, '_a6_': 1.0, '_a7_': 1.0}};{'d0': 0.02490583291941668};-280.569866449043;36.242389891036524
28369;-104.042543333485;((exp((_a5_ / _a4_)) + pow2((_a3_ * (_a5_ + x)))) * x);{'d0': {'_a3_': -1.8375964947189678, '_a4_': 0.8448812981769601, '_a5_': 0.31192970783091, '_a0_': 1.0, '_a1_': 1.0, '_a2_': 1.0, '_a6_': 1.0, '_a7_': 1.0}};{'d0': 0.02490583291941668};-280.569866449043;36.242389891036524
28370;-104.042543333485;((exp((_a5_ / _a4_)) + pow2((_a3_ * (_a5_ + x)))) * x);{'d0': {'_a3_': -1.8375964947189678, '_a4_': 0.8448812981769601, '_a5_': 0.31192970783091, '_a0_': 1.0, '_a1_': 1.0, '_a2_': 1.0, '_a6_': 1.0, '_a7_': 1.0}};{'d0': 0.02490583291941668};-280.569866449043;36.242389891036524
28371;-99.1655606943502;((exp((_a5_ / _a4_)) + pow2((_a3_ * ((_a4_ * _a4_) + x)))) * x);{'d0': {'_a3_': -1.837596494578936, '_a4_': 0.5585066765985589, '_a5_': 0.20620035601749143, '_a0_': 1.0, '_a1_': 1.0, '_a2_': 1.0, '_a6_': 1.0, '_a7_': 1.0}};{'d0': 0.024905832919416587};-280.569866449044;41.119372530171525
28372;-99.1655606943502;((exp((_a5_ / _a4_)) + pow2((_a3_ * ((_a4_ * _a4_) + x)))) * x);{'d0': {'_a3_': -1.837596494578936, '_a4_': 0.5585066765985589, '_a5_': 0.20620035601749143, '_a0_': 1.0, '_a1_': 1.0, '_a2_': 1.0, '_a6_': 1.0, '_a7_': 1.0}};{'d0': 0.024905832919416587};-280.569866449044;41.119372530171525
28373;-104.965852460753;((exp(_a5_) + pow2((_a3_ * ((_a4_ * _a4_) + x)))) * x);{'d0': {'_a3_': -1.8375964951008947, '_a4_': 0.5585066765885984, '_a5_': 0.3691994463242576, '_a0_': 1.0, '_a1_': 1.0, '_a2_': 1.0, '_a6_': 1.0, '_a7_': 1.0}};{'d0': 0.02490583291941663};-280.569866449044;35.31908076376912
28374;-104.965852460753;((exp(_a5_) + pow2((_a3_ * ((_a4_ * _a4_) + x)))) * x);{'d0': {'_a3_': -1.8375964951008947, '_a4_': 0.5585066765885984, '_a5_': 0.3691994463242576, '_a0_': 1.0, '_a1_': 1.0, '_a2_': 1.0, '_a6_': 1.0, '_a7_': 1.0}};{'d0': 0.02490583291941663};-280.569866449044;35.31908076376912
28375;-104.965852460753;((exp(_a5_) + pow2((_a3_ * ((_a4_ * _a4_) + x)))) * x);{'d0': {'_a3_': -1.8375964951008947, '_a4_': 0.5585066765885984, '_a5_': 0.3691994463242576, '_a0_': 1.0, '_a1_': 1.0, '_a2_': 1.0, '_a6_': 1.0, '_a7_': 1.0}};{'d0': 0.02490583291941663};-280.569866449044;35.31908076376912
28376;-104.965852460753;((exp(_a5_) + pow2((_a3_ * ((_a4_ * _a4_) + x)))) * x);{'d0': {'_a3_': -1.8375964951008947, '_a4_': 0.5585066765885984, '_a5_': 0.3691994463242576, '_a0_': 1.0, '_a1_': 1.0, '_a2_': 1.0, '_a6_': 1.0, '_a7_': 1.0}};{'d0': 0.02490583291941663};-280.569866449044;35.31908076376912
28377;-104.965852460753;((exp(_a5_) + pow2((_a3_ * ((_a4_ * _a4_) + x)))) * x);{'d0': {'_a3_': -1.8375964951008947, '_a4_': 0.5585066765885984, '_a5_': 0.3691994463242576, '_a0_': 1.0, '_a1_': 1.0, '_a2_': 1.0, '_a6_': 1.0, '_a7_': 1.0}};{'d0': 0.02490583291941663};-280.569866449044;35.31908076376912
28378;-104.965852460753;((exp(_a5_) + pow2((_a3_ * ((_a4_ * _a4_) + x)))) * x);{'d0': {'_a3_': -1.8375964951008947, '_a4_': 0.5585066765885984, '_a5_': 0.3691994463242576, '_a0_': 1.0, '_a1_': 1.0, '_a2_': 1.0, '_a6_': 1.0, '_a7_': 1.0}};{'d0': 0.02490583291941663};-280.569866449044;35.31908076376912
28379;-104.965852460753;((exp(_a5_) + pow2((_a3_ * ((_a4_ * _a4_) + x)))) * x);{'d0': {'_a3_': -1.8375964951008947, '_a4_': 0.5585066765885984, '_a5_': 0.3691994463242576, '_a0_': 1.0, '_a1_': 1.0, '_a2_': 1.0, '_a6_': 1.0, '_a7_': 1.0}};{'d0': 0.02490583291941663};-280.569866449044;35.31908076376912
28380;-104.965852460753;((exp(_a5_) + pow2((_a3_ * ((_a4_ * _a4_) + x)))) * x);{'d0': {'_a3_': -1.8375964951008947, '_a4_': 0.5585066765885984, '_a5_': 0.3691994463242576, '_a0_': 1.0, '_a1_': 1.0, '_a2_': 1.0, '_a6_': 1.0, '_a7_': 1.0}};{'d0': 0.02490583291941663};-280.569866449044;35.31908076376912
28381;-104.965852460753;((exp(_a5_) + pow2((_a3_ * ((_a4_ * _a4_) + x)))) * x);{'d0': {'_a3_': -1.8375964951008947, '_a4_': 0.5585066765885984, '_a5_': 0.3691994463242576, '_a0_': 1.0, '_a1_': 1.0, '_a2_': 1.0, '_a6_': 1.0, '_a7_': 1.0}};{'d0': 0.02490583291941663};-280.569866449044;35.31908076376912
28382;-104.965852460753;((exp(_a5_) + pow2((_a3_ * ((_a4_ * _a4_) + x)))) * x);{'d0': {'_a3_': -1.8375964951008947, '_a4_': 0.5585066765885984, '_a5_': 0.3691994463242576, '_a0_': 1.0, '_a1_': 1.0, '_a2_': 1.0, '_a6_': 1.0, '_a7_': 1.0}};{'d0': 0.02490583291941663};-280.569866449044;35.31908076376912
28383;-104.965852460753;((exp(_a5_) + pow2((_a3_ * ((_a4_ * _a4_) + x)))) * x);{'d0': {'_a3_': -1.8375964951008947, '_a4_': 0.5585066765885984, '_a5_': 0.3691994463242576, '_a0_': 1.0, '_a1_': 1.0, '_a2_': 1.0, '_a6_': 1.0, '_a7_': 1.0}};{'d0': 0.02490583291941663};-280.569866449044;35.31908076376912
28384;-104.965852460753;((exp(_a5_) + pow2((_a3_ * ((_a4_ * _a4_) + x)))) * x);{'d0': {'_a3_': -1.8375964951008947, '_a4_': 0.5585066765885984, '_a5_': 0.3691994463242576, '_a0_': 1.0, '_a1_': 1.0, '_a2_': 1.0, '_a6_': 1.0, '_a7_': 1.0}};{'d0': 0.02490583291941663};-280.569866449044;35.31908076376912
28385;-109.288302185518;((x + (pow2(((x * _a3_) + _a2_)) + _a5_)) * x);{'d0': {'_a2_': -0.30110638317350996, '_a3_': -1.837596495254385, '_a5_': 1.6844703501735423, '_a0_': 1.0, '_a1_': 1.0, '_a4_': 1.0, '_a6_': 1.0, '_a7_': 1.0}};{'d0': 0.024905832919416622};-280.569866449044;30.996631039003933
28386;-109.288302185518;((x + (pow2(((x * _a3_) + _a2_)) + _a5_)) * x);{'d0': {'_a2_': -0.30110638317350996, '_a3_': -1.837596495254385, '_a5_': 1.6844703501735423, '_a0_': 1.0, '_a1_': 1.0, '_a4_': 1.0, '_a6_': 1.0, '_a7_': 1.0}};{'d0': 0.024905832919416622};-280.569866449044;30.996631039003933
28387;-109.288302185518;((x + (pow2(((x * _a3_) + _a2_)) + _a5_)) * x);{'d0': {'_a2_': -0.30110638317350996, '_a3_': -1.837596495254385, '_a5_': 1.6844703501735423, '_a0_': 1.0, '_a1_': 1.0, '_a4_': 1.0, '_a6_': 1.0, '_a7_': 1.0}};{'d0': 0.024905832919416622};-280.569866449044;30.996631039003933
28388;-96.9980791293191;((exp(_a5_) + pow2((_a3_ * (((x + _a2_) * _a4_) + x)))) * x);{'d0': {'_a2_': 0.865585917622233, '_a3_': -1.175385131946676, '_a4_': 0.5633993815173417, '_a5_': 0.36919944523314874, '_a0_': 1.0, '_a1_': 1.0, '_a6_': 1.0, '_a7_': 1.0}};{'d0': 0.024905832920489642};-276.475521884237;41.23968181279912
28389;-102.918680179566;((exp(_a5_) + pow2((_a3_ * ((_a2_ * _a4_) + x)))) * x);{'d0': {'_a2_': 1.144354158907817, '_a3_': -1.837596494951235, '_a4_': 0.27258142670084234, '_a5_': 0.36919944658220344, '_a0_': 1.0, '_a1_': 1.0, '_a6_': 1.0, '_a7_': 1.0}};{'d0': 0.024905832919479707};-276.475521886670;35.31908076376912
28390;-102.918680179566;((exp(_a5_) + pow2((_a3_ * ((_a2_ * _a4_) + x)))) * x);{'d0': {'_a2_': 1.144354158907817, '_a3_': -1.837596494951235, '_a4_': 0.27258142670084234, '_a5_': 0.36919944658220344, '_a0_': 1.0, '_a1_': 1.0, '_a6_': 1.0, '_a7_': 1.0}};{'d0': 0.024905832919479707};-276.475521886670;35.31908076376912
28391;-102.918680179566;((exp(_a5_) + pow2((_a3_ * ((_a2_ * _a4_) + x)))) * x);{'d0': {'_a2_': 1.144354158907817, '_a3_': -1.837596494951235, '_a4_': 0.27258142670084234, '_a5_': 0.36919944658220344, '_a0_': 1.0, '_a1_': 1.0, '_a6_': 1.0, '_a7_': 1.0}};{'d0': 0.024905832919479707};-276.475521886670;35.31908076376912
28392;-102.918680179566;((exp(_a5_) + pow2((_a3_ * ((_a2_ * _a4_) + x)))) * x);{'d0': {'_a2_': 1.144354158907817, '_a3_': -1.837596494951235, '_a4_': 0.27258142670084234, '_a5_': 0.36919944658220344, '_a0_': 1.0, '_a1_': 1.0, '_a6_': 1.0, '_a7_': 1.0}};{'d0': 0.024905832919479707};-276.475521886670;35.31908076376912
28393;-102.918680179566;((exp(_a5_) + pow2((_a3_ * ((_a2_ * _a4_) + x)))) * x);{'d0': {'_a2_': 1.144354158907817, '_a3_': -1.837596494951235, '_a4_': 0.27258142670084234, '_a5_': 0.36919944658220344, '_a0_': 1.0, '_a1_': 1.0, '_a6_': 1.0, '_a7_': 1.0}};{'d0': 0.024905832919479707};-276.475521886670;35.31908076376912
28394;-102.918680179566;((exp(_a5_) + pow2((_a3_ * ((_a2_ * _a4_) + x)))) * x);{'d0': {'_a2_': 1.144354158907817, '_a3_': -1.837596494951235, '_a4_': 0.27258142670084234, '_a5_': 0.36919944658220344, '_a0_': 1.0, '_a1_': 1.0, '_a6_': 1.0, '_a7_': 1.0}};{'d0': 0.024905832919479707};-276.475521886670;35.31908076376912
28395;-104.965852460752;((exp(_a5_) + pow2((_a3_ * ((_a2_ * _a5_) + x)))) * x);{'d0': {'_a2_': 0.844881295573803, '_a3_': -1.8375964942566407, '_a5_': 0.3691994473462531, '_a0_': 1.0, '_a1_': 1.0, '_a4_': 1.0, '_a6_': 1.0, '_a7_': 1.0}};{'d0': 0.024905832919416695};-280.569866449043;35.31908076376912
28396;-104.965852460752;((exp(_a5_) + pow2((_a3_ * ((_a2_ * _a5_) + x)))) * x);{'d0': {'_a2_': 0.844881295573803, '_a3_': -1.8375964942566407, '_a5_': 0.3691994473462531, '_a0_': 1.0, '_a1_': 1.0, '_a4_': 1.0, '_a6_': 1.0, '_a7_': 1.0}};{'d0': 0.024905832919416695};-280.569866449043;35.31908076376912
28397;-104.965852460752;((exp(_a5_) + pow2((_a3_ * ((_a2_ * _a5_) + x)))) * x);{'d0': {'_a2_': 0.844881295573803, '_a3_': -1.8375964942566407, '_a5_': 0.3691994473462531, '_a0_': 1.0, '_a1_': 1.0, '_a4_': 1.0, '_a6_': 1.0, '_a7_': 1.0}};{'d0': 0.024905832919416695};-280.569866449043;35.31908076376912
28398;-104.965852460752;((exp(_a5_) + pow2((_a3_ * ((_a2_ * _a5_) + x)))) * x);{'d0': {'_a2_': 0.844881295573803, '_a3_': -1.8375964942566407, '_a5_': 0.3691994473462531, '_a0_': 1.0, '_a1_': 1.0, '_a4_': 1.0, '_a6_': 1.0, '_a7_': 1.0}};{'d0': 0.024905832919416695};-280.569866449043;35.31908076376912
28399;-104.965852460752;((exp(_a5_) + pow2((_a3_ * ((_a2_ * _a5_) + x)))) * x);{'d0': {'_a2_': 0.844881295573803, '_a3_': -1.8375964942566407, '_a5_': 0.3691994473462531, '_a0_': 1.0, '_a1_': 1.0, '_a4_': 1.0, '_a6_': 1.0, '_a7_': 1.0}};{'d0': 0.024905832919416695};-280.569866449043;35.31908076376912
28400;-109.288302185518;((x + (pow2(((x * _a3_) + _a2_)) + _a5_)) * x);{'d0': {'_a2_': -0.30110638317350996, '_a3_': -1.837596495254385, '_a5_': 1.6844703501735423, '_a0_': 1.0, '_a1_': 1.0, '_a4_': 1.0, '_a6_': 1.0, '_a7_': 1.0}};{'d0': 0.024905832919416622};-280.569866449044;30.996631039003933
28401;-109.288302185518;((x + (pow2(((x * _a3_) + _a2_)) + _a5_)) * x);{'d0': {'_a2_': -0.30110638317350996, '_a3_': -1.837596495254385, '_a5_': 1.6844703501735423, '_a0_': 1.0, '_a1_': 1.0, '_a4_': 1.0, '_a6_': 1.0, '_a7_': 1.0}};{'d0': 0.024905832919416622};-280.569866449044;30.996631039003933
28402;-109.288302185518;((x + (pow2(((x * _a3_) + _a2_)) + _a5_)) * x);{'d0': {'_a2_': -0.30110638317350996, '_a3_': -1.837596495254385, '_a5_': 1.6844703501735423, '_a0_': 1.0, '_a1_': 1.0, '_a4_': 1.0, '_a6_': 1.0, '_a7_': 1.0}};{'d0': 0.024905832919416622};-280.569866449044;30.996631039003933
28403;-109.288302185518;((x + (pow2(((x * _a3_) + _a2_)) + _a5_)) * x);{'d0': {'_a2_': -0.30110638317350996, '_a3_': -1.837596495254385, '_a5_': 1.6844703501735423, '_a0_': 1.0, '_a1_': 1.0, '_a4_': 1.0, '_a6_': 1.0, '_a7_': 1.0}};{'d0': 0.024905832919416622};-280.569866449044;30.996631039003933
28404;-109.288302185518;((x + (pow2(((x * _a3_) + _a2_)) + _a5_)) * x);{'d0': {'_a2_': -0.30110638317350996, '_a3_': -1.837596495254385, '_a5_': 1.6844703501735423, '_a0_': 1.0, '_a1_': 1.0, '_a4_': 1.0, '_a6_': 1.0, '_a7_': 1.0}};{'d0': 0.024905832919416622};-280.569866449044;30.996631039003933
28405;-109.288302185518;((x + (pow2(((x * _a3_) + _a2_)) + _a5_)) * x);{'d0': {'_a2_': -0.30110638317350996, '_a3_': -1.837596495254385, '_a5_': 1.6844703501735423, '_a0_': 1.0, '_a1_': 1.0, '_a4_': 1.0, '_a6_': 1.0, '_a7_': 1.0}};{'d0': 0.024905832919416622};-280.569866449044;30.996631039003933
28406;-109.288302185518;((x + (pow2(((x * _a3_) + _a2_)) + _a5_)) * x);{'d0': {'_a2_': -0.30110638317350996, '_a3_': -1.837596495254385, '_a5_': 1.6844703501735423, '_a0_': 1.0, '_a1_': 1.0, '_a4_': 1.0, '_a6_': 1.0, '_a7_': 1.0}};{'d0': 0.024905832919416622};-280.569866449044;30.996631039003933
28407;-109.288302185518;((x + (pow2(((x * _a3_) + _a2_)) + _a5_)) * x);{'d0': {'_a2_': -0.30110638317350996, '_a3_': -1.837596495254385, '_a5_': 1.6844703501735423, '_a0_': 1.0, '_a1_': 1.0, '_a4_': 1.0, '_a6_': 1.0, '_a7_': 1.0}};{'d0': 0.024905832919416622};-280.569866449044;30.996631039003933
28408;-109.288302185518;((x + (pow2(((x * _a3_) + _a2_)) + _a5_)) * x);{'d0': {'_a2_': -0.30110638317350996, '_a3_': -1.837596495254385, '_a5_': 1.6844703501735423, '_a0_': 1.0, '_a1_': 1.0, '_a4_': 1.0, '_a6_': 1.0, '_a7_': 1.0}};{'d0': 0.024905832919416622};-280.569866449044;30.996631039003933
28409;-109.288302185518;((x + (pow2(((x * _a3_) + _a2_)) + _a5_)) * x);{'d0': {'_a2_': -0.30110638317350996, '_a3_': -1.837596495254385, '_a5_': 1.6844703501735423, '_a0_': 1.0, '_a1_': 1.0, '_a4_': 1.0, '_a6_': 1.0, '_a7_': 1.0}};{'d0': 0.024905832919416622};-280.569866449044;30.996631039003933
28410;-109.288302185518;((x + (pow2(((x * _a3_) + _a2_)) + _a5_)) * x);{'d0': {'_a2_': -0.30110638317350996, '_a3_': -1.837596495254385, '_a5_': 1.6844703501735423, '_a0_': 1.0, '_a1_': 1.0, '_a4_': 1.0, '_a6_': 1.0, '_a7_': 1.0}};{'d0': 0.024905832919416622};-280.569866449044;30.996631039003933
28411;-109.288302185518;((x + (pow2(((x * _a3_) + _a2_)) + _a5_)) * x);{'d0': {'_a2_': -0.30110638317350996, '_a3_': -1.837596495254385, '_a5_': 1.6844703501735423, '_a0_': 1.0, '_a1_': 1.0, '_a4_': 1.0, '_a6_': 1.0, '_a7_': 1.0}};{'d0': 0.024905832919416622};-280.569866449044;30.996631039003933
28412;-109.288302185518;((x + (pow2(((x * _a3_) + _a2_)) + _a5_)) * x);{'d0': {'_a2_': -0.30110638317350996, '_a3_': -1.837596495254385, '_a5_': 1.6844703501735423, '_a0_': 1.0, '_a1_': 1.0, '_a4_': 1.0, '_a6_': 1.0, '_a7_': 1.0}};{'d0': 0.024905832919416622};-280.569866449044;30.996631039003933
28413;-109.288302185518;((x + (pow2(((x * _a3_) + _a2_)) + _a5_)) * x);{'d0': {'_a2_': -0.30110638317350996, '_a3_': -1.837596495254385, '_a5_': 1.6844703501735423, '_a0_': 1.0, '_a1_': 1.0, '_a4_': 1.0, '_a6_': 1.0, '_a7_': 1.0}};{'d0': 0.024905832919416622};-280.569866449044;30.996631039003933
28414;-105.728664307885;(((_a2_ * pow2((_a2_ + (-(x) / _a3_)))) + _a5_) * x);{'d0': {'_a2_': 0.6900352253518447, '_a3_': -0.4520489625943428, '_a5_': 1.4465760893214434, '_a0_': 1.0, '_a1_': 1.0, '_a4_': 1.0, '_a6_': 1.0, '_a7_': 1.0}};{'d0': 0.02490583291941663};-280.569866449044;34.55626891663689
28415;-105.728664307885;(((_a2_ * pow2((_a2_ + (-(x) / _a3_)))) + _a5_) * x);{'d0': {'_a2_': 0.6900352253518447, '_a3_': -0.4520489625943428, '_a5_': 1.4465760893214434, '_a0_': 1.0, '_a1_': 1.0, '_a4_': 1.0, '_a6_': 1.0, '_a7_': 1.0}};{'d0': 0.02490583291941663};-280.569866449044;34.55626891663689
28416;-105.728664307885;(((_a2_ * pow2((_a2_ + (-(x) / _a3_)))) + _a5_) * x);{'d0': {'_a2_': 0.6900352253518447, '_a3_': -0.4520489625943428, '_a5_': 1.4465760893214434, '_a0_': 1.0, '_a1_': 1.0, '_a4_': 1.0, '_a6_': 1.0, '_a7_': 1.0}};{'d0': 0.02490583291941663};-280.569866449044;34.55626891663689
28417;-105.728664307885;(((_a2_ * pow2((_a2_ + (-(x) / _a3_)))) + _a5_) * x);{'d0': {'_a2_': 0.6900352253518447, '_a3_': -0.4520489625943428, '_a5_': 1.4465760893214434, '_a0_': 1.0, '_a1_': 1.0, '_a4_': 1.0, '_a6_': 1.0, '_a7_': 1.0}};{'d0': 0.02490583291941663};-280.569866449044;34.55626891663689
28418;-105.728664307885;(((_a2_ * pow2((_a2_ + (-(x) / _a3_)))) + _a5_) * x);{'d0': {'_a2_': 0.6900352253518447, '_a3_': -0.4520489625943428, '_a5_': 1.4465760893214434, '_a0_': 1.0, '_a1_': 1.0, '_a4_': 1.0, '_a6_': 1.0, '_a7_': 1.0}};{'d0': 0.02490583291941663};-280.569866449044;34.55626891663689
28419;-105.728664307885;(((_a2_ * pow2((_a2_ + (-(x) / _a3_)))) + _a5_) * x);{'d0': {'_a2_': 0.6900352253518447, '_a3_': -0.4520489625943428, '_a5_': 1.4465760893214434, '_a0_': 1.0, '_a1_': 1.0, '_a4_': 1.0, '_a6_': 1.0, '_a7_': 1.0}};{'d0': 0.02490583291941663};-280.569866449044;34.55626891663689
28420;-105.728664307885;(((_a2_ * pow2((_a2_ + (-(x) / _a3_)))) + _a5_) * x);{'d0': {'_a2_': 0.6900352253518447, '_a3_': -0.4520489625943428, '_a5_': 1.4465760893214434, '_a0_': 1.0, '_a1_': 1.0, '_a4_': 1.0, '_a6_': 1.0, '_a7_': 1.0}};{'d0': 0.02490583291941663};-280.569866449044;34.55626891663689
28421;-105.728664307885;(((_a2_ * pow2((_a2_ + (-(x) / _a3_)))) + _a5_) * x);{'d0': {'_a2_': 0.6900352253518447, '_a3_': -0.4520489625943428, '_a5_': 1.4465760893214434, '_a0_': 1.0, '_a1_': 1.0, '_a4_': 1.0, '_a6_': 1.0, '_a7_': 1.0}};{'d0': 0.02490583291941663};-280.569866449044;34.55626891663689
28422;-105.728664307885;(((_a2_ * pow2((_a2_ + (-(x) / _a3_)))) + _a5_) * x);{'d0': {'_a2_': 0.6900352253518447, '_a3_': -0.4520489625943428, '_a5_': 1.4465760893214434, '_a0_': 1.0, '_a1_': 1.0, '_a4_': 1.0, '_a6_': 1.0, '_a7_': 1.0}};{'d0': 0.02490583291941663};-280.569866449044;34.55626891663689
28423;-105.728664307885;(((_a2_ * pow2((_a2_ + (-(x) / _a3_)))) + _a5_) * x);{'d0': {'_a2_': 0.6900352253518447, '_a3_': -0.4520489625943428, '_a5_': 1.4465760893214434, '_a0_': 1.0, '_a1_': 1.0, '_a4_': 1.0, '_a6_': 1.0, '_a7_': 1.0}};{'d0': 0.02490583291941663};-280.569866449044;34.55626891663689
28424;-105.728664307885;(((_a2_ * pow2((_a2_ + (-(x) / _a3_)))) + _a1_) * x);{'d0': {'_a1_': 1.4465760898886588, '_a2_': 0.6900352256240951, '_a3_': -0.45204896273014555, '_a0_': 1.0, '_a4_': 1.0, '_a5_': 1.0, '_a6_': 1.0, '_a7_': 1.0}};{'d0': 0.02490583291941661};-280.569866449044;34.55626891663689
28425;-105.728664307885;(((_a2_ * pow2((_a2_ + (-(x) / _a3_)))) + _a1_) * x);{'d0': {'_a1_': 1.4465760898886588, '_a2_': 0.6900352256240951, '_a3_': -0.45204896273014555, '_a0_': 1.0, '_a4_': 1.0, '_a5_': 1.0, '_a6_': 1.0, '_a7_': 1.0}};{'d0': 0.02490583291941661};-280.569866449044;34.55626891663689
28426;-104.965852460752;((exp(_a5_) + pow2((_a3_ * ((_a2_ * _a5_) + x)))) * x);{'d0': {'_a2_': 0.844881295573803, '_a3_': -1.8375964942566407, '_a5_': 0.3691994473462531, '_a0_': 1.0, '_a1_': 1.0, '_a4_': 1.0, '_a6_': 1.0, '_a7_': 1.0}};{'d0': 0.024905832919416695};-280.569866449043;35.31908076376912
28427;-104.965852460752;((exp(_a5_) + pow2((_a3_ * ((_a2_ * _a5_) + x)))) * x);{'d0': {'_a2_': 0.844881295573803, '_a3_': -1.8375964942566407, '_a5_': 0.3691994473462531, '_a0_': 1.0, '_a1_': 1.0, '_a4_': 1.0, '_a6_': 1.0, '_a7_': 1.0}};{'d0': 0.024905832919416695};-280.569866449043;35.31908076376912
28428;-104.965852460752;((exp(_a5_) + pow2((_a3_ * ((_a2_ * _a5_) + x)))) * x);{'d0': {'_a2_': 0.844881295573803, '_a3_': -1.8375964942566407, '_a5_': 0.3691994473462531, '_a0_': 1.0, '_a1_': 1.0, '_a4_': 1.0, '_a6_': 1.0, '_a7_': 1.0}};{'d0': 0.024905832919416695};-280.569866449043;35.31908076376912
28429;-104.965852460752;((exp(_a5_) + pow2((_a3_ * ((_a2_ * _a5_) + x)))) * x);{'d0': {'_a2_': 0.844881295573803, '_a3_': -1.8375964942566407, '_a5_': 0.3691994473462531, '_a0_': 1.0, '_a1_': 1.0, '_a4_': 1.0, '_a6_': 1.0, '_a7_': 1.0}};{'d0': 0.024905832919416695};-280.569866449043;35.31908076376912
28430;-87.4144729417233;(((pow2(((_a0_ + log(_a0_)) * ((x + _a3_) / _a3_))) * _a3_) + (_a6_ / _a0_)) * x);{'d0': {'_a0_': 1.013198123843974, '_a3_': 0.311929707722477, '_a6_': 1.4656681794240374, '_a1_': 1.0, '_a2_': 1.0, '_a4_': 1.0, '_a5_': 1.0, '_a7_': 1.0}};{'d0': 0.02490583291941661};-280.569866449044;52.870460282798575
28431;-92.7738049718332;(((pow2(((_a0_ + _a6_) * ((x + _a3_) / _a3_))) * _a3_) + (_a6_ / _a0_)) * x);{'d0': {'_a0_': 0.41948824534974377, '_a3_': 0.31192970774098083, '_a6_': 0.6068216656215083, '_a1_': 1.0, '_a2_': 1.0, '_a4_': 1.0, '_a5_': 1.0, '_a7_': 1.0}};{'d0': 0.02490583291941665};-280.569866449044;47.51112825268858
28432;-92.7738049718332;(((pow2(((_a0_ + _a6_) * ((x + _a3_) / _a3_))) * _a3_) + (_a6_ / _a0_)) * x);{'d0': {'_a0_': 0.41948824534974377, '_a3_': 0.31192970774098083, '_a6_': 0.6068216656215083, '_a1_': 1.0, '_a2_': 1.0, '_a4_': 1.0, '_a5_': 1.0, '_a7_': 1.0}};{'d0': 0.02490583291941665};-280.569866449044;47.51112825268858
28433;-92.7738049718332;(((pow2(((_a0_ + _a6_) * ((x + _a3_) / _a3_))) * _a3_) + (_a6_ / _a0_)) * x);{'d0': {'_a0_': 0.41948824534974377, '_a3_': 0.31192970774098083, '_a6_': 0.6068216656215083, '_a1_': 1.0, '_a2_': 1.0, '_a4_': 1.0, '_a5_': 1.0, '_a7_': 1.0}};{'d0': 0.02490583291941665};-280.569866449044;47.51112825268858
28434;-92.7738049718332;(((pow2(((_a0_ + _a6_) * ((x + _a3_) / _a3_))) * _a3_) + (_a6_ / _a0_)) * x);{'d0': {'_a0_': 0.41948824534974377, '_a3_': 0.31192970774098083, '_a6_': 0.6068216656215083, '_a1_': 1.0, '_a2_': 1.0, '_a4_': 1.0, '_a5_': 1.0, '_a7_': 1.0}};{'d0': 0.02490583291941665};-280.569866449044;47.51112825268858
28435;-92.7738049718332;(((pow2(((_a0_ + _a6_) * ((x + _a3_) / _a3_))) * _a3_) + (_a6_ / _a0_)) * x);{'d0': {'_a0_': 0.41948824534974377, '_a3_': 0.31192970774098083, '_a6_': 0.6068216656215083, '_a1_': 1.0, '_a2_': 1.0, '_a4_': 1.0, '_a5_': 1.0, '_a7_': 1.0}};{'d0': 0.02490583291941665};-280.569866449044;47.51112825268858
28436;-92.7738049718332;(((pow2(((_a0_ + _a6_) * ((x + _a3_) / _a3_))) * _a3_) + (_a6_ / _a0_)) * x);{'d0': {'_a0_': 0.41948824534974377, '_a3_': 0.31192970774098083, '_a6_': 0.6068216656215083, '_a1_': 1.0, '_a2_': 1.0, '_a4_': 1.0, '_a5_': 1.0, '_a7_': 1.0}};{'d0': 0.02490583291941665};-280.569866449044;47.51112825268858
28437;-92.7738049718332;(((pow2(((_a0_ + _a6_) * ((x + _a3_) / _a3_))) * _a3_) + (_a6_ / _a0_)) * x);{'d0': {'_a0_': 0.41948824534974377, '_a3_': 0.31192970774098083, '_a6_': 0.6068216656215083, '_a1_': 1.0, '_a2_': 1.0, '_a4_': 1.0, '_a5_': 1.0, '_a7_': 1.0}};{'d0': 0.02490583291941665};-280.569866449044;47.51112825268858
28438;-92.7738049718332;(((pow2(((_a0_ + _a6_) * ((x + _a3_) / _a3_))) * _a3_) + (_a6_ / _a0_)) * x);{'d0': {'_a0_': 0.41948824534974377, '_a3_': 0.31192970774098083, '_a6_': 0.6068216656215083, '_a1_': 1.0, '_a2_': 1.0, '_a4_': 1.0, '_a5_': 1.0, '_a7_': 1.0}};{'d0': 0.02490583291941665};-280.569866449044;47.51112825268858
28439;-92.7738049718332;(((pow2(((_a0_ + _a6_) * ((x + _a3_) / _a3_))) * _a3_) + (_a6_ / _a0_)) * x);{'d0': {'_a0_': 0.41948824534974377, '_a3_': 0.31192970774098083, '_a6_': 0.6068216656215083, '_a1_': 1.0, '_a2_': 1.0, '_a4_': 1.0, '_a5_': 1.0, '_a7_': 1.0}};{'d0': 0.02490583291941665};-280.569866449044;47.51112825268858
28440;-92.7738049718332;(((pow2(((_a0_ + _a6_) * ((x + _a3_) / _a3_))) * _a3_) + (_a6_ / _a0_)) * x);{'d0': {'_a0_': 0.41948824534974377, '_a3_': 0.31192970774098083, '_a6_': 0.6068216656215083, '_a1_': 1.0, '_a2_': 1.0, '_a4_': 1.0, '_a5_': 1.0, '_a7_': 1.0}};{'d0': 0.02490583291941665};-280.569866449044;47.51112825268858
28441;-92.7738049718332;(((pow2(((_a0_ + _a6_) * ((x + _a3_) / _a3_))) * _a3_) + (_a6_ / _a0_)) * x);{'d0': {'_a0_': 0.41948824534974377, '_a3_': 0.31192970774098083, '_a6_': 0.6068216656215083, '_a1_': 1.0, '_a2_': 1.0, '_a4_': 1.0, '_a5_': 1.0, '_a7_': 1.0}};{'d0': 0.02490583291941665};-280.569866449044;47.51112825268858
28442;-92.7738049718332;(((pow2(((_a0_ + _a6_) * ((x + _a3_) / _a3_))) * _a3_) + (_a6_ / _a0_)) * x);{'d0': {'_a0_': 0.41948824534974377, '_a3_': 0.31192970774098083, '_a6_': 0.6068216656215083, '_a1_': 1.0, '_a2_': 1.0, '_a4_': 1.0, '_a5_': 1.0, '_a7_': 1.0}};{'d0': 0.02490583291941665};-280.569866449044;47.51112825268858
28443;-92.7738049718332;(((pow2(((_a0_ + _a6_) * ((x + _a3_) / _a3_))) * _a3_) + (_a6_ / _a0_)) * x);{'d0': {'_a0_': 0.41948824534974377, '_a3_': 0.31192970774098083, '_a6_': 0.6068216656215083, '_a1_': 1.0, '_a2_': 1.0, '_a4_': 1.0, '_a5_': 1.0, '_a7_': 1.0}};{'d0': 0.02490583291941665};-280.569866449044;47.51112825268858
28444;-92.7738049718332;(((pow2(((_a0_ + _a6_) * ((x + _a3_) / _a3_))) * _a3_) + (_a6_ / _a0_)) * x);{'d0': {'_a0_': 0.41948824534974377, '_a3_': 0.31192970774098083, '_a6_': 0.6068216656215083, '_a1_': 1.0, '_a2_': 1.0, '_a4_': 1.0, '_a5_': 1.0, '_a7_': 1.0}};{'d0': 0.02490583291941665};-280.569866449044;47.51112825268858
28445;-92.7738049718332;(((pow2(((_a0_ + _a6_) * ((x + _a3_) / _a3_))) * _a3_) + (_a6_ / _a0_)) * x);{'d0': {'_a0_': 0.41948824534974377, '_a3_': 0.31192970774098083, '_a6_': 0.6068216656215083, '_a1_': 1.0, '_a2_': 1.0, '_a4_': 1.0, '_a5_': 1.0, '_a7_': 1.0}};{'d0': 0.02490583291941665};-280.569866449044;47.51112825268858
28446;-92.7738049718332;(((pow2(((_a0_ + _a6_) * ((x + _a3_) / _a3_))) * _a3_) + (_a6_ / _a0_)) * x);{'d0': {'_a0_': 0.41948824534974377, '_a3_': 0.31192970774098083, '_a6_': 0.6068216656215083, '_a1_': 1.0, '_a2_': 1.0, '_a4_': 1.0, '_a5_': 1.0, '_a7_': 1.0}};{'d0': 0.02490583291941665};-280.569866449044;47.51112825268858
28447;-92.7738049718332;(((pow2(((_a0_ + _a6_) * ((x + _a3_) / _a3_))) * _a3_) + (_a6_ / _a0_)) * x);{'d0': {'_a0_': 0.41948824534974377, '_a3_': 0.31192970774098083, '_a6_': 0.6068216656215083, '_a1_': 1.0, '_a2_': 1.0, '_a4_': 1.0, '_a5_': 1.0, '_a7_': 1.0}};{'d0': 0.02490583291941665};-280.569866449044;47.51112825268858
28448;-92.7738049718332;(((pow2(((_a0_ + _a6_) * ((x + _a3_) / _a3_))) * _a3_) + (_a6_ / _a0_)) * x);{'d0': {'_a0_': 0.41948824534974377, '_a3_': 0.31192970774098083, '_a6_': 0.6068216656215083, '_a1_': 1.0, '_a2_': 1.0, '_a4_': 1.0, '_a5_': 1.0, '_a7_': 1.0}};{'d0': 0.02490583291941665};-280.569866449044;47.51112825268858
28449;-92.7738049718332;(((pow2(((_a0_ + _a6_) * ((x + _a3_) / _a3_))) * _a3_) + (_a6_ / _a0_)) * x);{'d0': {'_a0_': 0.41948824534974377, '_a3_': 0.31192970774098083, '_a6_': 0.6068216656215083, '_a1_': 1.0, '_a2_': 1.0, '_a4_': 1.0, '_a5_': 1.0, '_a7_': 1.0}};{'d0': 0.02490583291941665};-280.569866449044;47.51112825268858
28450;-92.7738049718332;(((pow2(((_a0_ + _a6_) * ((x + _a3_) / _a3_))) * _a3_) + (_a6_ / _a0_)) * x);{'d0': {'_a0_': 0.41948824534974377, '_a3_': 0.31192970774098083, '_a6_': 0.6068216656215083, '_a1_': 1.0, '_a2_': 1.0, '_a4_': 1.0, '_a5_': 1.0, '_a7_': 1.0}};{'d0': 0.02490583291941665};-280.569866449044;47.51112825268858
28451;-92.7738049718332;(((pow2(((_a0_ + _a6_) * ((x + _a3_) / _a3_))) * _a3_) + (_a6_ / _a0_)) * x);{'d0': {'_a0_': 0.41948824534974377, '_a3_': 0.31192970774098083, '_a6_': 0.6068216656215083, '_a1_': 1.0, '_a2_': 1.0, '_a4_': 1.0, '_a5_': 1.0, '_a7_': 1.0}};{'d0': 0.02490583291941665};-280.569866449044;47.51112825268858
28452;-105.728664307885;(((_a2_ * pow2((_a1_ + (-(x) / _a3_)))) + _a2_) * x);{'d0': {'_a1_': 0.47658048063743685, '_a2_': 1.4465760892434185, '_a3_': -0.6545163312135036, '_a0_': 1.0, '_a4_': 1.0, '_a5_': 1.0, '_a6_': 1.0, '_a7_': 1.0}};{'d0': 0.024905832919416573};-280.569866449044;34.55626891663689
28453;-105.728664307885;(((_a2_ * pow2((_a1_ + (-(x) / _a3_)))) + _a2_) * x);{'d0': {'_a1_': 0.47658048063743685, '_a2_': 1.4465760892434185, '_a3_': -0.6545163312135036, '_a0_': 1.0, '_a4_': 1.0, '_a5_': 1.0, '_a6_': 1.0, '_a7_': 1.0}};{'d0': 0.024905832919416573};-280.569866449044;34.55626891663689
28454;-105.728664307885;(((_a2_ * pow2((_a1_ + (-(x) / _a3_)))) + _a2_) * x);{'d0': {'_a1_': 0.47658048063743685, '_a2_': 1.4465760892434185, '_a3_': -0.6545163312135036, '_a0_': 1.0, '_a4_': 1.0, '_a5_': 1.0, '_a6_': 1.0, '_a7_': 1.0}};{'d0': 0.024905832919416573};-280.569866449044;34.55626891663689
28455;-105.728664307885;(((_a2_ * pow2((_a1_ + (-(x) / _a3_)))) + _a2_) * x);{'d0': {'_a1_': 0.47658048063743685, '_a2_': 1.4465760892434185, '_a3_': -0.6545163312135036, '_a0_': 1.0, '_a4_': 1.0, '_a5_': 1.0, '_a6_': 1.0, '_a7_': 1.0}};{'d0': 0.024905832919416573};-280.569866449044;34.55626891663689
28456;-98.6944060208633;(((pow2((_a6_ * ((x + _a3_) / _a3_))) * _a3_) + (_a6_ / _a0_)) * x);{'d0': {'_a0_': 0.7094752358691497, '_a3_': 0.31192970787539137, '_a6_': 1.0263099118611705, '_a1_': 1.0, '_a2_': 1.0, '_a4_': 1.0, '_a5_': 1.0, '_a7_': 1.0}};{'d0': 0.0249058329194166};-280.569866449044;41.59052720365858
28457;-98.6944060208633;(((pow2((_a6_ * ((x + _a3_) / _a3_))) * _a3_) + (_a6_ / _a0_)) * x);{'d0': {'_a0_': 0.7094752358691497, '_a3_': 0.31192970787539137, '_a6_': 1.0263099118611705, '_a1_': 1.0, '_a2_': 1.0, '_a4_': 1.0, '_a5_': 1.0, '_a7_': 1.0}};{'d0': 0.0249058329194166};-280.569866449044;41.59052720365858
28458;-98.6944060208633;(((pow2((_a6_ * ((x + _a3_) / _a3_))) * _a3_) + (_a6_ / _a0_)) * x);{'d0': {'_a0_': 0.7094752358691497, '_a3_': 0.31192970787539137, '_a6_': 1.0263099118611705, '_a1_': 1.0, '_a2_': 1.0, '_a4_': 1.0, '_a5_': 1.0, '_a7_': 1.0}};{'d0': 0.0249058329194166};-280.569866449044;41.59052720365858
28459;-98.6944060208633;(((pow2((_a6_ * ((x + _a3_) / _a3_))) * _a3_) + (_a6_ / _a0_)) * x);{'d0': {'_a0_': 0.7094752358691497, '_a3_': 0.31192970787539137, '_a6_': 1.0263099118611705, '_a1_': 1.0, '_a2_': 1.0, '_a4_': 1.0, '_a5_': 1.0, '_a7_': 1.0}};{'d0': 0.0249058329194166};-280.569866449044;41.59052720365858
28460;-98.6944060208633;(((pow2((_a6_ * ((x + _a3_) / _a3_))) * _a3_) + (_a6_ / _a0_)) * x);{'d0': {'_a0_': 0.7094752358691497, '_a3_': 0.31192970787539137, '_a6_': 1.0263099118611705, '_a1_': 1.0, '_a2_': 1.0, '_a4_': 1.0, '_a5_': 1.0, '_a7_': 1.0}};{'d0': 0.0249058329194166};-280.569866449044;41.59052720365858
28461;-98.6944060208633;(((pow2((_a6_ * ((x + _a3_) / _a3_))) * _a3_) + (_a6_ / _a0_)) * x);{'d0': {'_a0_': 0.7094752358691497, '_a3_': 0.31192970787539137, '_a6_': 1.0263099118611705, '_a1_': 1.0, '_a2_': 1.0, '_a4_': 1.0, '_a5_': 1.0, '_a7_': 1.0}};{'d0': 0.0249058329194166};-280.569866449044;41.59052720365858
28462;-98.6944060208633;(((pow2((_a6_ * ((x + _a3_) / _a3_))) * _a3_) + (_a6_ / _a0_)) * x);{'d0': {'_a0_': 0.7094752358691497, '_a3_': 0.31192970787539137, '_a6_': 1.0263099118611705, '_a1_': 1.0, '_a2_': 1.0, '_a4_': 1.0, '_a5_': 1.0, '_a7_': 1.0}};{'d0': 0.0249058329194166};-280.569866449044;41.59052720365858
28463;-98.6944060208633;(((pow2((_a6_ * ((x + _a3_) / _a3_))) * _a3_) + (_a6_ / _a0_)) * x);{'d0': {'_a0_': 0.7094752358691497, '_a3_': 0.31192970787539137, '_a6_': 1.0263099118611705, '_a1_': 1.0, '_a2_': 1.0, '_a4_': 1.0, '_a5_': 1.0, '_a7_': 1.0}};{'d0': 0.0249058329194166};-280.569866449044;41.59052720365858
28464;-105.728664307885;(((_a2_ * pow2((_a1_ + (-(x) / _a3_)))) + _a2_) * x);{'d0': {'_a1_': 0.47658048063743685, '_a2_': 1.4465760892434185, '_a3_': -0.6545163312135036, '_a0_': 1.0, '_a4_': 1.0, '_a5_': 1.0, '_a6_': 1.0, '_a7_': 1.0}};{'d0': 0.024905832919416573};-280.569866449044;34.55626891663689
28465;-100.369332277775;(((_a2_ * pow2((log(_a0_) + (-(x) / _a3_)))) + _a2_) * x);{'d0': {'_a0_': 1.6105576425775432, '_a2_': 1.4465760891084147, '_a3_': -0.6545163310536892, '_a1_': 1.0, '_a4_': 1.0, '_a5_': 1.0, '_a6_': 1.0, '_a7_': 1.0}};{'d0': 0.024905832919416598};-280.569866449044;39.91560094674689
28466;-100.369332277775;(((_a2_ * pow2((log(_a0_) + (-(x) / _a3_)))) + _a2_) * x);{'d0': {'_a0_': 1.6105576425775432, '_a2_': 1.4465760891084147, '_a3_': -0.6545163310536892, '_a1_': 1.0, '_a4_': 1.0, '_a5_': 1.0, '_a6_': 1.0, '_a7_': 1.0}};{'d0': 0.024905832919416598};-280.569866449044;39.91560094674689
28467;-95.4923496386402;(((_a2_ * pow2((log((_a0_ * _a2_)) + (-(x) / _a3_)))) + _a2_) * x);{'d0': {'_a0_': 1.1133584022705472, '_a2_': 1.4465760886207988, '_a3_': -0.6545163308197377, '_a1_': 1.0, '_a4_': 1.0, '_a5_': 1.0, '_a6_': 1.0, '_a7_': 1.0}};{'d0': 0.02490583291941665};-280.569866449044;44.79258358588189
28468;-95.4923496386402;(((_a2_ * pow2((log((_a0_ * _a2_)) + (-(x) / _a3_)))) + _a2_) * x);{'d0': {'_a0_': 1.1133584022705472, '_a2_': 1.4465760886207988, '_a3_': -0.6545163308197377, '_a1_': 1.0, '_a4_': 1.0, '_a5_': 1.0, '_a6_': 1.0, '_a7_': 1.0}};{'d0': 0.02490583291941665};-280.569866449044;44.79258358588189
28469;-95.4923496386402;(((_a2_ * pow2((log((_a0_ * _a2_)) + (-(x) / _a3_)))) + _a2_) * x);{'d0': {'_a0_': 1.1133584022705472, '_a2_': 1.4465760886207988, '_a3_': -0.6545163308197377, '_a1_': 1.0, '_a4_': 1.0, '_a5_': 1.0, '_a6_': 1.0, '_a7_': 1.0}};{'d0': 0.02490583291941665};-280.569866449044;44.79258358588189
28470;-95.4923496386402;(((_a2_ * pow2((log((_a0_ * _a2_)) + (-(x) / _a3_)))) + _a2_) * x);{'d0': {'_a0_': 1.1133584022705472, '_a2_': 1.4465760886207988, '_a3_': -0.6545163308197377, '_a1_': 1.0, '_a4_': 1.0, '_a5_': 1.0, '_a6_': 1.0, '_a7_': 1.0}};{'d0': 0.02490583291941665};-280.569866449044;44.79258358588189
28471;-95.4923496386402;(((_a2_ * pow2((log((_a0_ * _a2_)) + (-(x) / _a3_)))) + _a2_) * x);{'d0': {'_a0_': 1.1133584022705472, '_a2_': 1.4465760886207988, '_a3_': -0.6545163308197377, '_a1_': 1.0, '_a4_': 1.0, '_a5_': 1.0, '_a6_': 1.0, '_a7_': 1.0}};{'d0': 0.02490583291941665};-280.569866449044;44.79258358588189
28472;-95.4923496386402;(((_a2_ * pow2((log((_a0_ * _a2_)) + (-(x) / _a3_)))) + _a2_) * x);{'d0': {'_a0_': 1.1133584022705472, '_a2_': 1.4465760886207988, '_a3_': -0.6545163308197377, '_a1_': 1.0, '_a4_': 1.0, '_a5_': 1.0, '_a6_': 1.0, '_a7_': 1.0}};{'d0': 0.02490583291941665};-280.569866449044;44.79258358588189
28473;-95.4923496386402;(((_a2_ * pow2((log((_a0_ * _a2_)) + (-(x) / _a3_)))) + _a2_) * x);{'d0': {'_a0_': 1.1133584022705472, '_a2_': 1.4465760886207988, '_a3_': -0.6545163308197377, '_a1_': 1.0, '_a4_': 1.0, '_a5_': 1.0, '_a6_': 1.0, '_a7_': 1.0}};{'d0': 0.02490583291941665};-280.569866449044;44.79258358588189
28474;-95.4923496386402;(((_a2_ * pow2((log((_a0_ * _a2_)) + (-(x) / _a3_)))) + _a2_) * x);{'d0': {'_a0_': 1.1133584022705472, '_a2_': 1.4465760886207988, '_a3_': -0.6545163308197377, '_a1_': 1.0, '_a4_': 1.0, '_a5_': 1.0, '_a6_': 1.0, '_a7_': 1.0}};{'d0': 0.02490583291941665};-280.569866449044;44.79258358588189
28475;-95.4923496386402;(((_a2_ * pow2((log((_a0_ * _a2_)) + (-(x) / _a3_)))) + _a2_) * x);{'d0': {'_a0_': 1.1133584022705472, '_a2_': 1.4465760886207988, '_a3_': -0.6545163308197377, '_a1_': 1.0, '_a4_': 1.0, '_a5_': 1.0, '_a6_': 1.0, '_a7_': 1.0}};{'d0': 0.02490583291941665};-280.569866449044;44.79258358588189
28476;-95.4923496386402;(((_a2_ * pow2((log((_a0_ * _a2_)) + (-(x) / _a3_)))) + _a2_) * x);{'d0': {'_a0_': 1.1133584022705472, '_a2_': 1.4465760886207988, '_a3_': -0.6545163308197377, '_a1_': 1.0, '_a4_': 1.0, '_a5_': 1.0, '_a6_': 1.0, '_a7_': 1.0}};{'d0': 0.02490583291941665};-280.569866449044;44.79258358588189
28477;-95.4923496386402;(((_a2_ * pow2((log((_a0_ * _a2_)) + (-(x) / _a3_)))) + _a2_) * x);{'d0': {'_a0_': 1.1133584022705472, '_a2_': 1.4465760886207988, '_a3_': -0.6545163308197377, '_a1_': 1.0, '_a4_': 1.0, '_a5_': 1.0, '_a6_': 1.0, '_a7_': 1.0}};{'d0': 0.02490583291941665};-280.569866449044;44.79258358588189
28478;-99.7900759465055;(((pow2((_a6_ + ((x + _a3_) / _a5_))) * _a3_) + pow2(_a5_)) * x);{'d0': {'_a3_': 4.884741545749245, '_a5_': 1.2027369160592205, '_a6_': -3.802005057730624, '_a0_': 1.0, '_a1_': 1.0, '_a2_': 1.0, '_a4_': 1.0, '_a7_': 1.0}};{'d0': 0.024905832919416594};-280.569866449044;40.494857278016376
28479;-99.7900759465055;(((pow2((_a6_ + ((x + _a3_) / _a5_))) * _a3_) + pow2(_a5_)) * x);{'d0': {'_a3_': 4.884741545749245, '_a5_': 1.2027369160592205, '_a6_': -3.802005057730624, '_a0_': 1.0, '_a1_': 1.0, '_a2_': 1.0, '_a4_': 1.0, '_a7_': 1.0}};{'d0': 0.024905832919416594};-280.569866449044;40.494857278016376
28480;-99.7900759465055;(((pow2((_a6_ + ((x + _a3_) / _a5_))) * _a3_) + pow2(_a5_)) * x);{'d0': {'_a3_': 4.884741545749245, '_a5_': 1.2027369160592205, '_a6_': -3.802005057730624, '_a0_': 1.0, '_a1_': 1.0, '_a2_': 1.0, '_a4_': 1.0, '_a7_': 1.0}};{'d0': 0.024905832919416594};-280.569866449044;40.494857278016376
28481;-95.4923496386402;(((_a2_ * pow2((log((_a0_ * _a2_)) + (-(x) / _a3_)))) + _a2_) * x);{'d0': {'_a0_': 1.1133584022705472, '_a2_': 1.4465760886207988, '_a3_': -0.6545163308197377, '_a1_': 1.0, '_a4_': 1.0, '_a5_': 1.0, '_a6_': 1.0, '_a7_': 1.0}};{'d0': 0.02490583291941665};-280.569866449044;44.79258358588189
28482;-95.4923496386402;(((_a2_ * pow2((log((_a0_ * _a2_)) + (-(x) / _a3_)))) + _a2_) * x);{'d0': {'_a0_': 1.1133584022705472, '_a2_': 1.4465760886207988, '_a3_': -0.6545163308197377, '_a1_': 1.0, '_a4_': 1.0, '_a5_': 1.0, '_a6_': 1.0, '_a7_': 1.0}};{'d0': 0.02490583291941665};-280.569866449044;44.79258358588189
28483;-95.4923496386402;(((_a2_ * pow2((log((_a0_ * _a2_)) + (-(x) / _a3_)))) + _a2_) * x);{'d0': {'_a0_': 1.1133584022705472, '_a2_': 1.4465760886207988, '_a3_': -0.6545163308197377, '_a1_': 1.0, '_a4_': 1.0, '_a5_': 1.0, '_a6_': 1.0, '_a7_': 1.0}};{'d0': 0.02490583291941665};-280.569866449044;44.79258358588189
28484;-95.4923496386402;(((_a2_ * pow2((log((_a0_ * _a2_)) + (-(x) / _a3_)))) + _a2_) * x);{'d0': {'_a0_': 1.1133584022705472, '_a2_': 1.4465760886207988, '_a3_': -0.6545163308197377, '_a1_': 1.0, '_a4_': 1.0, '_a5_': 1.0, '_a6_': 1.0, '_a7_': 1.0}};{'d0': 0.02490583291941665};-280.569866449044;44.79258358588189
28485;-95.4923496386402;(((_a2_ * pow2((log((_a0_ * _a2_)) + (-(x) / _a3_)))) + _a2_) * x);{'d0': {'_a0_': 1.1133584022705472, '_a2_': 1.4465760886207988, '_a3_': -0.6545163308197377, '_a1_': 1.0, '_a4_': 1.0, '_a5_': 1.0, '_a6_': 1.0, '_a7_': 1.0}};{'d0': 0.02490583291941665};-280.569866449044;44.79258358588189
28486;-95.4923496386402;(((_a2_ * pow2((log((_a0_ * _a2_)) + (-(x) / _a3_)))) + _a2_) * x);{'d0': {'_a0_': 1.1133584022705472, '_a2_': 1.4465760886207988, '_a3_': -0.6545163308197377, '_a1_': 1.0, '_a4_': 1.0, '_a5_': 1.0, '_a6_': 1.0, '_a7_': 1.0}};{'d0': 0.02490583291941665};-280.569866449044;44.79258358588189
28487;-99.7900759465055;(((pow2((_a6_ + ((x + _a3_) / _a5_))) * _a3_) + pow2(_a5_)) * x);{'d0': {'_a3_': 4.884741545749245, '_a5_': 1.2027369160592205, '_a6_': -3.802005057730624, '_a0_': 1.0, '_a1_': 1.0, '_a2_': 1.0, '_a4_': 1.0, '_a7_': 1.0}};{'d0': 0.024905832919416594};-280.569866449044;40.494857278016376
28488;-99.7900759465055;(((pow2((_a6_ + ((x + _a3_) / _a5_))) * _a3_) + pow2(_a5_)) * x);{'d0': {'_a3_': 4.884741545749245, '_a5_': 1.2027369160592205, '_a6_': -3.802005057730624, '_a0_': 1.0, '_a1_': 1.0, '_a2_': 1.0, '_a4_': 1.0, '_a7_': 1.0}};{'d0': 0.024905832919416594};-280.569866449044;40.494857278016376
28489;-99.7900759465055;(((pow2((_a6_ + ((x + _a3_) / _a5_))) * _a3_) + pow2(_a5_)) * x);{'d0': {'_a3_': 4.884741545749245, '_a5_': 1.2027369160592205, '_a6_': -3.802005057730624, '_a0_': 1.0, '_a1_': 1.0, '_a2_': 1.0, '_a4_': 1.0, '_a7_': 1.0}};{'d0': 0.024905832919416594};-280.569866449044;40.494857278016376
28490;-99.7900759465055;(((pow2((_a6_ + ((x + _a3_) / _a5_))) * _a6_) + pow2(_a5_)) * x);{'d0': {'_a3_': -5.563129282522992, '_a5_': 1.2027369162638202, '_a6_': 4.884741551605593, '_a0_': 1.0, '_a1_': 1.0, '_a2_': 1.0, '_a4_': 1.0, '_a7_': 1.0}};{'d0': 0.024905832919416622};-280.569866449044;40.494857278016376
28491;-99.7900759465055;(((pow2((_a6_ + ((x + _a3_) / _a5_))) * _a6_) + pow2(_a5_)) * x);{'d0': {'_a3_': -5.563129282522992, '_a5_': 1.2027369162638202, '_a6_': 4.884741551605593, '_a0_': 1.0, '_a1_': 1.0, '_a2_': 1.0, '_a4_': 1.0, '_a7_': 1.0}};{'d0': 0.024905832919416622};-280.569866449044;40.494857278016376
28492;-99.7900759465055;(((pow2((_a6_ + ((x + _a3_) / _a5_))) * _a6_) + pow2(_a5_)) * x);{'d0': {'_a3_': -5.563129282522992, '_a5_': 1.2027369162638202, '_a6_': 4.884741551605593, '_a0_': 1.0, '_a1_': 1.0, '_a2_': 1.0, '_a4_': 1.0, '_a7_': 1.0}};{'d0': 0.024905832919416622};-280.569866449044;40.494857278016376
28493;-99.7900759465055;(((pow2((_a6_ + ((x + _a3_) / _a5_))) * _a6_) + pow2(_a5_)) * x);{'d0': {'_a3_': -5.563129282522992, '_a5_': 1.2027369162638202, '_a6_': 4.884741551605593, '_a0_': 1.0, '_a1_': 1.0, '_a2_': 1.0, '_a4_': 1.0, '_a7_': 1.0}};{'d0': 0.024905832919416622};-280.569866449044;40.494857278016376
28494;-99.7900759465055;(((pow2((_a6_ + ((x + _a3_) / _a5_))) * _a6_) + pow2(_a5_)) * x);{'d0': {'_a3_': -5.563129282522992, '_a5_': 1.2027369162638202, '_a6_': 4.884741551605593, '_a0_': 1.0, '_a1_': 1.0, '_a2_': 1.0, '_a4_': 1.0, '_a7_': 1.0}};{'d0': 0.024905832919416622};-280.569866449044;40.494857278016376
28495;-99.7900759465055;(((pow2((_a6_ + ((x + _a3_) / _a5_))) * _a6_) + pow2(_a5_)) * x);{'d0': {'_a3_': -5.563129282522992, '_a5_': 1.2027369162638202, '_a6_': 4.884741551605593, '_a0_': 1.0, '_a1_': 1.0, '_a2_': 1.0, '_a4_': 1.0, '_a7_': 1.0}};{'d0': 0.024905832919416622};-280.569866449044;40.494857278016376
28496;-99.7900759465055;(((pow2((_a6_ + ((x + _a3_) / _a5_))) * _a6_) + pow2(_a5_)) * x);{'d0': {'_a3_': -5.563129282522992, '_a5_': 1.2027369162638202, '_a6_': 4.884741551605593, '_a0_': 1.0, '_a1_': 1.0, '_a2_': 1.0, '_a4_': 1.0, '_a7_': 1.0}};{'d0': 0.024905832919416622};-280.569866449044;40.494857278016376
28497;-99.7900759465055;(((pow2((_a6_ + ((x + _a3_) / _a5_))) * _a6_) + pow2(_a5_)) * x);{'d0': {'_a3_': -5.563129282522992, '_a5_': 1.2027369162638202, '_a6_': 4.884741551605593, '_a0_': 1.0, '_a1_': 1.0, '_a2_': 1.0, '_a4_': 1.0, '_a7_': 1.0}};{'d0': 0.024905832919416622};-280.569866449044;40.494857278016376
28498;-99.7900759465055;(((pow2((_a6_ + ((x + _a3_) / _a5_))) * _a6_) + pow2(_a5_)) * x);{'d0': {'_a3_': -5.563129282522992, '_a5_': 1.2027369162638202, '_a6_': 4.884741551605593, '_a0_': 1.0, '_a1_': 1.0, '_a2_': 1.0, '_a4_': 1.0, '_a7_': 1.0}};{'d0': 0.024905832919416622};-280.569866449044;40.494857278016376
28499;-99.7900759465055;(((pow2((_a6_ + ((x + _a3_) / _a5_))) * _a6_) + pow2(_a5_)) * x);{'d0': {'_a3_': -5.563129282522992, '_a5_': 1.2027369162638202, '_a6_': 4.884741551605593, '_a0_': 1.0, '_a1_': 1.0, '_a2_': 1.0, '_a4_': 1.0, '_a7_': 1.0}};{'d0': 0.024905832919416622};-280.569866449044;40.494857278016376
28500;-99.7900759465055;(((pow2((_a6_ + ((x + _a3_) / _a5_))) * _a6_) + pow2(_a5_)) * x);{'d0': {'_a3_': -5.563129282522992, '_a5_': 1.2027369162638202, '_a6_': 4.884741551605593, '_a0_': 1.0, '_a1_': 1.0, '_a2_': 1.0, '_a4_': 1.0, '_a7_': 1.0}};{'d0': 0.024905832919416622};-280.569866449044;40.494857278016376
28501;-99.7900759465055;(((pow2((_a6_ + ((x + _a3_) / _a5_))) * _a6_) + pow2(_a5_)) * x);{'d0': {'_a3_': -5.563129282522992, '_a5_': 1.2027369162638202, '_a6_': 4.884741551605593, '_a0_': 1.0, '_a1_': 1.0, '_a2_': 1.0, '_a4_': 1.0, '_a7_': 1.0}};{'d0': 0.024905832919416622};-280.569866449044;40.494857278016376
28502;-99.7900759465055;(((pow2((_a6_ + ((x + _a3_) / _a5_))) * _a6_) + pow2(_a5_)) * x);{'d0': {'_a3_': -5.563129282522992, '_a5_': 1.2027369162638202, '_a6_': 4.884741551605593, '_a0_': 1.0, '_a1_': 1.0, '_a2_': 1.0, '_a4_': 1.0, '_a7_': 1.0}};{'d0': 0.024905832919416622};-280.569866449044;40.494857278016376
28503;-99.7900759465055;(((pow2((_a6_ + ((x + _a3_) / _a5_))) * _a6_) + pow2(_a5_)) * x);{'d0': {'_a3_': -5.563129282522992, '_a5_': 1.2027369162638202, '_a6_': 4.884741551605593, '_a0_': 1.0, '_a1_': 1.0, '_a2_': 1.0, '_a4_': 1.0, '_a7_': 1.0}};{'d0': 0.024905832919416622};-280.569866449044;40.494857278016376
28504;-99.7900759465055;(((pow2((_a6_ + ((x + _a3_) / _a5_))) * _a6_) + pow2(_a5_)) * x);{'d0': {'_a3_': -5.563129282522992, '_a5_': 1.2027369162638202, '_a6_': 4.884741551605593, '_a0_': 1.0, '_a1_': 1.0, '_a2_': 1.0, '_a4_': 1.0, '_a7_': 1.0}};{'d0': 0.024905832919416622};-280.569866449044;40.494857278016376
28505;-99.7900759465055;(((pow2((_a6_ + ((x + _a3_) / _a5_))) * _a6_) + pow2(_a5_)) * x);{'d0': {'_a3_': -5.563129282522992, '_a5_': 1.2027369162638202, '_a6_': 4.884741551605593, '_a0_': 1.0, '_a1_': 1.0, '_a2_': 1.0, '_a4_': 1.0, '_a7_': 1.0}};{'d0': 0.024905832919416622};-280.569866449044;40.494857278016376
28506;-99.7900759465055;(((pow2((_a6_ + ((x + _a3_) / _a5_))) * _a6_) + pow2(_a5_)) * x);{'d0': {'_a3_': -5.563129282522992, '_a5_': 1.2027369162638202, '_a6_': 4.884741551605593, '_a0_': 1.0, '_a1_': 1.0, '_a2_': 1.0, '_a4_': 1.0, '_a7_': 1.0}};{'d0': 0.024905832919416622};-280.569866449044;40.494857278016376
28507;-99.7900759465055;(((pow2((_a6_ + ((x + _a3_) / _a5_))) * _a6_) + pow2(_a5_)) * x);{'d0': {'_a3_': -5.563129282522992, '_a5_': 1.2027369162638202, '_a6_': 4.884741551605593, '_a0_': 1.0, '_a1_': 1.0, '_a2_': 1.0, '_a4_': 1.0, '_a7_': 1.0}};{'d0': 0.024905832919416622};-280.569866449044;40.494857278016376
28508;-99.7900759465055;(((pow2((_a6_ + ((x + _a3_) / _a5_))) * _a6_) + pow2(_a5_)) * x);{'d0': {'_a3_': -5.563129282522992, '_a5_': 1.2027369162638202, '_a6_': 4.884741551605593, '_a0_': 1.0, '_a1_': 1.0, '_a2_': 1.0, '_a4_': 1.0, '_a7_': 1.0}};{'d0': 0.024905832919416622};-280.569866449044;40.494857278016376
28509;-99.7900759465055;(((pow2((_a6_ + ((x + _a3_) / _a5_))) * _a6_) + pow2(_a5_)) * x);{'d0': {'_a3_': -5.563129282522992, '_a5_': 1.2027369162638202, '_a6_': 4.884741551605593, '_a0_': 1.0, '_a1_': 1.0, '_a2_': 1.0, '_a4_': 1.0, '_a7_': 1.0}};{'d0': 0.024905832919416622};-280.569866449044;40.494857278016376
28510;-99.7900759465055;(((pow2((_a6_ + ((x + _a3_) / _a5_))) * _a6_) + pow2(_a5_)) * x);{'d0': {'_a3_': -5.563129282522992, '_a5_': 1.2027369162638202, '_a6_': 4.884741551605593, '_a0_': 1.0, '_a1_': 1.0, '_a2_': 1.0, '_a4_': 1.0, '_a7_': 1.0}};{'d0': 0.024905832919416622};-280.569866449044;40.494857278016376
28511;-99.7900759465055;(((pow2((_a6_ + ((x + _a3_) / _a5_))) * _a6_) + pow2(_a5_)) * x);{'d0': {'_a3_': -5.563129282522992, '_a5_': 1.2027369162638202, '_a6_': 4.884741551605593, '_a0_': 1.0, '_a1_': 1.0, '_a2_': 1.0, '_a4_': 1.0, '_a7_': 1.0}};{'d0': 0.024905832919416622};-280.569866449044;40.494857278016376
28512;-99.7900759465055;(((pow2((_a6_ + ((x + _a3_) / _a5_))) * _a6_) + pow2(_a5_)) * x);{'d0': {'_a3_': -5.563129282522992, '_a5_': 1.2027369162638202, '_a6_': 4.884741551605593, '_a0_': 1.0, '_a1_': 1.0, '_a2_': 1.0, '_a4_': 1.0, '_a7_': 1.0}};{'d0': 0.024905832919416622};-280.569866449044;40.494857278016376
28513;-99.7900759465055;(((pow2((_a6_ + ((x + _a3_) / _a5_))) * _a6_) + pow2(_a5_)) * x);{'d0': {'_a3_': -5.563129282522992, '_a5_': 1.2027369162638202, '_a6_': 4.884741551605593, '_a0_': 1.0, '_a1_': 1.0, '_a2_': 1.0, '_a4_': 1.0, '_a7_': 1.0}};{'d0': 0.024905832919416622};-280.569866449044;40.494857278016376
28514;-95.0032641431153;(((_a2_ * pow2((log(exp(_a6_)) + (-(x) / _a3_)))) + _a2_) * x);{'d0': {'_a2_': 1.4465760897561404, '_a3_': -0.6545163314071728, '_a6_': 0.47658048063918984, '_a0_': 1.0, '_a1_': 1.0, '_a4_': 1.0, '_a5_': 1.0, '_a7_': 1.0}};{'d0': 0.024905832919416605};-280.569866449044;45.28166908140689
28515;-95.0032641431153;(((_a2_ * pow2((log(exp(_a6_)) + (-(x) / _a3_)))) + _a2_) * x);{'d0': {'_a2_': 1.4465760897561404, '_a3_': -0.6545163314071728, '_a6_': 0.47658048063918984, '_a0_': 1.0, '_a1_': 1.0, '_a4_': 1.0, '_a5_': 1.0, '_a7_': 1.0}};{'d0': 0.024905832919416605};-280.569866449044;45.28166908140689
28516;-95.0032641431153;(((_a2_ * pow2((log(exp(_a6_)) + (-(x) / _a3_)))) + _a2_) * x);{'d0': {'_a2_': 1.4465760897561404, '_a3_': -0.6545163314071728, '_a6_': 0.47658048063918984, '_a0_': 1.0, '_a1_': 1.0, '_a4_': 1.0, '_a5_': 1.0, '_a7_': 1.0}};{'d0': 0.024905832919416605};-280.569866449044;45.28166908140689
28517;-95.0032641431153;(((_a2_ * pow2((log(exp(_a6_)) + (-(x) / _a3_)))) + _a2_) * x);{'d0': {'_a2_': 1.4465760897561404, '_a3_': -0.6545163314071728, '_a6_': 0.47658048063918984, '_a0_': 1.0, '_a1_': 1.0, '_a4_': 1.0, '_a5_': 1.0, '_a7_': 1.0}};{'d0': 0.024905832919416605};-280.569866449044;45.28166908140689
28518;-95.0032641431153;(((_a2_ * pow2((log(exp(_a6_)) + (-(x) / _a3_)))) + _a2_) * x);{'d0': {'_a2_': 1.4465760897561404, '_a3_': -0.6545163314071728, '_a6_': 0.47658048063918984, '_a0_': 1.0, '_a1_': 1.0, '_a4_': 1.0, '_a5_': 1.0, '_a7_': 1.0}};{'d0': 0.024905832919416605};-280.569866449044;45.28166908140689
28519;-95.0032641431153;(((_a2_ * pow2((log(exp(_a6_)) + (-(x) / _a3_)))) + _a2_) * x);{'d0': {'_a2_': 1.4465760897561404, '_a3_': -0.6545163314071728, '_a6_': 0.47658048063918984, '_a0_': 1.0, '_a1_': 1.0, '_a4_': 1.0, '_a5_': 1.0, '_a7_': 1.0}};{'d0': 0.024905832919416605};-280.569866449044;45.28166908140689
28520;-95.0032641431153;(((_a2_ * pow2((log(exp(_a6_)) + (-(x) / _a3_)))) + _a2_) * x);{'d0': {'_a2_': 1.4465760897561404, '_a3_': -0.6545163314071728, '_a6_': 0.47658048063918984, '_a0_': 1.0, '_a1_': 1.0, '_a4_': 1.0, '_a5_': 1.0, '_a7_': 1.0}};{'d0': 0.024905832919416605};-280.569866449044;45.28166908140689
28521;-95.0032641431153;(((_a2_ * pow2((log(exp(_a6_)) + (-(x) / _a3_)))) + _a2_) * x);{'d0': {'_a2_': 1.4465760897561404, '_a3_': -0.6545163314071728, '_a6_': 0.47658048063918984, '_a0_': 1.0, '_a1_': 1.0, '_a4_': 1.0, '_a5_': 1.0, '_a7_': 1.0}};{'d0': 0.024905832919416605};-280.569866449044;45.28166908140689
28522;-95.0032641431153;(((_a2_ * pow2((log(exp(_a6_)) + (-(x) / _a3_)))) + _a2_) * x);{'d0': {'_a2_': 1.4465760897561404, '_a3_': -0.6545163314071728, '_a6_': 0.47658048063918984, '_a0_': 1.0, '_a1_': 1.0, '_a4_': 1.0, '_a5_': 1.0, '_a7_': 1.0}};{'d0': 0.024905832919416605};-280.569866449044;45.28166908140689
28523;-95.0032641431153;(((_a2_ * pow2((log(exp(_a6_)) + (-(x) / _a3_)))) + _a2_) * x);{'d0': {'_a2_': 1.4465760897561404, '_a3_': -0.6545163314071728, '_a6_': 0.47658048063918984, '_a0_': 1.0, '_a1_': 1.0, '_a4_': 1.0, '_a5_': 1.0, '_a7_': 1.0}};{'d0': 0.024905832919416605};-280.569866449044;45.28166908140689
28524;-88.0791092221886;(((_a2_ * pow2((log(exp(_a6_)) + (-(x) / _a3_)))) + (x * _a4_)) * x);{'d0': {'_a2_': 1.3405931106317353, '_a3_': -0.6300838542733573, '_a4_': -2.7899901853393114, '_a6_': 1.150713509420773, '_a0_': 1.0, '_a1_': 1.0, '_a5_': 1.0, '_a7_': 1.0}};{'d0': 0.024905832919981705};-276.475521885460;50.15865172054189
28525;-95.0032641431153;(((_a2_ * pow2((log(exp(_a6_)) + (-(x) / _a3_)))) + _a6_) * x);{'d0': {'_a2_': 0.15701141224452816, '_a3_': -0.21563311471570512, '_a6_': 1.4465760893155093, '_a0_': 1.0, '_a1_': 1.0, '_a4_': 1.0, '_a5_': 1.0, '_a7_': 1.0}};{'d0': 0.024905832919416594};-280.569866449044;45.28166908140689
28526;-95.0032641431153;(((_a2_ * pow2((log(exp(_a6_)) + (-(x) / _a3_)))) + _a6_) * x);{'d0': {'_a2_': 0.15701141224452816, '_a3_': -0.21563311471570512, '_a6_': 1.4465760893155093, '_a0_': 1.0, '_a1_': 1.0, '_a4_': 1.0, '_a5_': 1.0, '_a7_': 1.0}};{'d0': 0.024905832919416594};-280.569866449044;45.28166908140689
28527;-95.0032641431153;(((_a2_ * pow2((log(exp(_a6_)) + (-(x) / _a3_)))) + _a6_) * x);{'d0': {'_a2_': 0.15701141224452816, '_a3_': -0.21563311471570512, '_a6_': 1.4465760893155093, '_a0_': 1.0, '_a1_': 1.0, '_a4_': 1.0, '_a5_': 1.0, '_a7_': 1.0}};{'d0': 0.024905832919416594};-280.569866449044;45.28166908140689
28528;-95.0032641431153;(((_a2_ * pow2((log(exp(_a6_)) + (-(x) / _a3_)))) + _a6_) * x);{'d0': {'_a2_': 0.15701141224452816, '_a3_': -0.21563311471570512, '_a6_': 1.4465760893155093, '_a0_': 1.0, '_a1_': 1.0, '_a4_': 1.0, '_a5_': 1.0, '_a7_': 1.0}};{'d0': 0.024905832919416594};-280.569866449044;45.28166908140689
28529;-95.0032641431153;(((_a2_ * pow2((log(exp(_a6_)) + (-(x) / _a3_)))) + _a6_) * x);{'d0': {'_a2_': 0.15701141224452816, '_a3_': -0.21563311471570512, '_a6_': 1.4465760893155093, '_a0_': 1.0, '_a1_': 1.0, '_a4_': 1.0, '_a5_': 1.0, '_a7_': 1.0}};{'d0': 0.024905832919416594};-280.569866449044;45.28166908140689
28530;-95.0032641431153;(((_a2_ * pow2((log(exp(_a6_)) + (-(x) / _a3_)))) + _a6_) * x);{'d0': {'_a2_': 0.15701141224452816, '_a3_': -0.21563311471570512, '_a6_': 1.4465760893155093, '_a0_': 1.0, '_a1_': 1.0, '_a4_': 1.0, '_a5_': 1.0, '_a7_': 1.0}};{'d0': 0.024905832919416594};-280.569866449044;45.28166908140689
28531;-95.0032641431153;(((_a2_ * pow2((log(exp(_a6_)) + (-(x) / _a3_)))) + _a6_) * x);{'d0': {'_a2_': 0.15701141224452816, '_a3_': -0.21563311471570512, '_a6_': 1.4465760893155093, '_a0_': 1.0, '_a1_': 1.0, '_a4_': 1.0, '_a5_': 1.0, '_a7_': 1.0}};{'d0': 0.024905832919416594};-280.569866449044;45.28166908140689
28532;-98.3221599813957;(((_a2_ * pow2((log(_a7_) + (-(x) / _a3_)))) + _a6_) * x);{'d0': {'_a2_': 0.08542122931722157, '_a3_': -0.15904970101485089, '_a6_': 1.4465760895264397, '_a7_': 7.107901404231592, '_a0_': 1.0, '_a1_': 1.0, '_a4_': 1.0, '_a5_': 1.0}};{'d0': 0.02490583293209253};-276.475521856284;39.91560094674689
28533;-98.3221599813957;(((_a2_ * pow2((log(_a7_) + (-(x) / _a3_)))) + _a6_) * x);{'d0': {'_a2_': 0.08542122931722157, '_a3_': -0.15904970101485089, '_a6_': 1.4465760895264397, '_a7_': 7.107901404231592, '_a0_': 1.0, '_a1_': 1.0, '_a4_': 1.0, '_a5_': 1.0}};{'d0': 0.02490583293209253};-276.475521856284;39.91560094674689
28534;-98.3221599813957;(((_a2_ * pow2((log(_a7_) + (-(x) / _a3_)))) + _a6_) * x);{'d0': {'_a2_': 0.08542122931722157, '_a3_': -0.15904970101485089, '_a6_': 1.4465760895264397, '_a7_': 7.107901404231592, '_a0_': 1.0, '_a1_': 1.0, '_a4_': 1.0, '_a5_': 1.0}};{'d0': 0.02490583293209253};-276.475521856284;39.91560094674689
28535;-98.3221599813957;(((_a2_ * pow2((log(_a7_) + (-(x) / _a3_)))) + _a6_) * x);{'d0': {'_a2_': 0.08542122931722157, '_a3_': -0.15904970101485089, '_a6_': 1.4465760895264397, '_a7_': 7.107901404231592, '_a0_': 1.0, '_a1_': 1.0, '_a4_': 1.0, '_a5_': 1.0}};{'d0': 0.02490583293209253};-276.475521856284;39.91560094674689
28536;-98.3221599813957;(((_a2_ * pow2((log(_a7_) + (-(x) / _a3_)))) + _a6_) * x);{'d0': {'_a2_': 0.08542122931722157, '_a3_': -0.15904970101485089, '_a6_': 1.4465760895264397, '_a7_': 7.107901404231592, '_a0_': 1.0, '_a1_': 1.0, '_a4_': 1.0, '_a5_': 1.0}};{'d0': 0.02490583293209253};-276.475521856284;39.91560094674689
28537;-97.7608909765514;(((_a2_ * pow2(((_a7_ + x) + (-(x) / _a3_)))) + _a6_) * x);{'d0': {'_a2_': 0.07611291755142043, '_a3_': -0.1766560895992945, '_a6_': 1.4465760891993231, '_a7_': 2.077674687855471, '_a0_': 1.0, '_a1_': 1.0, '_a4_': 1.0, '_a5_': 1.0}};{'d0': 0.02490583292040692};-276.475521884436;40.47686996566689
28538;-101.440838137890;(((_a2_ * pow2(((_a7_ + x) + (_a7_ / _a3_)))) + _a6_) * x);{'d0': {'_a2_': 3.376760880091117, '_a3_': -0.29683711498374776, '_a6_': 1.4465760887559806, '_a7_': -0.13167974271254224, '_a0_': 1.0, '_a1_': 1.0, '_a4_': 1.0, '_a5_': 1.0}};{'d0': 0.024905832919511452};-276.475521886593;36.7969228054065
28539;-101.440838137890;(((_a2_ * pow2(((_a7_ + x) + (_a7_ / _a3_)))) + _a6_) * x);{'d0': {'_a2_': 3.376760880091117, '_a3_': -0.29683711498374776, '_a6_': 1.4465760887559806, '_a7_': -0.13167974271254224, '_a0_': 1.0, '_a1_': 1.0, '_a4_': 1.0, '_a5_': 1.0}};{'d0': 0.024905832919511452};-276.475521886593;36.7969228054065
28540;-103.488010419116;(((_a3_ * pow2(((_a7_ + x) + (_a7_ / _a3_)))) + _a6_) * x);{'d0': {'_a3_': 3.3767608764462973, '_a6_': 1.4465760897196935, '_a7_': 0.24066017382658572, '_a0_': 1.0, '_a1_': 1.0, '_a2_': 1.0, '_a4_': 1.0, '_a5_': 1.0}};{'d0': 0.02490583291941658};-280.569866449044;36.7969228054065
28541;-103.488010419116;(((_a3_ * pow2(((_a7_ + x) + (_a7_ / _a3_)))) + _a6_) * x);{'d0': {'_a3_': 3.3767608764462973, '_a6_': 1.4465760897196935, '_a7_': 0.24066017382658572, '_a0_': 1.0, '_a1_': 1.0, '_a2_': 1.0, '_a4_': 1.0, '_a5_': 1.0}};{'d0': 0.02490583291941658};-280.569866449044;36.7969228054065
28542;-98.6741002502885;(((pow2((_a6_ + ((x + _a3_) / _a6_))) + _a3_) + pow2(_a5_)) * x);{'d0': {'_a3_': 0.015787920969048186, '_a5_': 1.1961555786473839, '_a6_': 0.5441891094006047, '_a0_': 1.0, '_a1_': 1.0, '_a2_': 1.0, '_a4_': 1.0, '_a7_': 1.0}};{'d0': 0.024905832919416584};-280.569866449044;41.610832974233375
28543;-98.6741002502885;(((pow2((_a6_ + ((x + _a3_) / _a6_))) + _a3_) + pow2(_a5_)) * x);{'d0': {'_a3_': 0.015787920969048186, '_a5_': 1.1961555786473839, '_a6_': 0.5441891094006047, '_a0_': 1.0, '_a1_': 1.0, '_a2_': 1.0, '_a4_': 1.0, '_a7_': 1.0}};{'d0': 0.024905832919416584};-280.569866449044;41.610832974233375
28544;-98.6741002502885;(((pow2((_a6_ + ((x + _a3_) / _a6_))) + _a3_) + pow2(_a5_)) * x);{'d0': {'_a3_': 0.015787920969048186, '_a5_': 1.1961555786473839, '_a6_': 0.5441891094006047, '_a0_': 1.0, '_a1_': 1.0, '_a2_': 1.0, '_a4_': 1.0, '_a7_': 1.0}};{'d0': 0.024905832919416584};-280.569866449044;41.610832974233375
28545;-98.6741002502885;(((pow2((_a6_ + ((x + _a3_) / _a6_))) + _a3_) + pow2(_a5_)) * x);{'d0': {'_a3_': 0.015787920969048186, '_a5_': 1.1961555786473839, '_a6_': 0.5441891094006047, '_a0_': 1.0, '_a1_': 1.0, '_a2_': 1.0, '_a4_': 1.0, '_a7_': 1.0}};{'d0': 0.024905832919416584};-280.569866449044;41.610832974233375
28546;-98.6741002502885;(((pow2((_a6_ + ((x + _a3_) / _a6_))) + _a3_) + pow2(_a5_)) * x);{'d0': {'_a3_': 0.015787920969048186, '_a5_': 1.1961555786473839, '_a6_': 0.5441891094006047, '_a0_': 1.0, '_a1_': 1.0, '_a2_': 1.0, '_a4_': 1.0, '_a7_': 1.0}};{'d0': 0.024905832919416584};-280.569866449044;41.610832974233375
28547;-98.6741002502885;(((pow2((_a6_ + ((x + _a3_) / _a6_))) + _a3_) + pow2(_a5_)) * x);{'d0': {'_a3_': 0.015787920969048186, '_a5_': 1.1961555786473839, '_a6_': 0.5441891094006047, '_a0_': 1.0, '_a1_': 1.0, '_a2_': 1.0, '_a4_': 1.0, '_a7_': 1.0}};{'d0': 0.024905832919416584};-280.569866449044;41.610832974233375
28548;-98.6741002502885;(((pow2((_a6_ + ((x + _a3_) / _a6_))) + _a3_) + pow2(_a5_)) * x);{'d0': {'_a3_': 0.015787920969048186, '_a5_': 1.1961555786473839, '_a6_': 0.5441891094006047, '_a0_': 1.0, '_a1_': 1.0, '_a2_': 1.0, '_a4_': 1.0, '_a7_': 1.0}};{'d0': 0.024905832919416584};-280.569866449044;41.610832974233375
28549;-98.6741002502885;(((pow2((_a6_ + ((x + _a3_) / _a6_))) + _a3_) + pow2(_a5_)) * x);{'d0': {'_a3_': 0.015787920969048186, '_a5_': 1.1961555786473839, '_a6_': 0.5441891094006047, '_a0_': 1.0, '_a1_': 1.0, '_a2_': 1.0, '_a4_': 1.0, '_a7_': 1.0}};{'d0': 0.024905832919416584};-280.569866449044;41.610832974233375
28550;-98.6741002502885;(((pow2((_a6_ + ((x + _a3_) / _a6_))) + _a3_) + pow2(_a5_)) * x);{'d0': {'_a3_': 0.015787920969048186, '_a5_': 1.1961555786473839, '_a6_': 0.5441891094006047, '_a0_': 1.0, '_a1_': 1.0, '_a2_': 1.0, '_a4_': 1.0, '_a7_': 1.0}};{'d0': 0.024905832919416584};-280.569866449044;41.610832974233375
28551;-98.6741002502885;(((pow2((_a6_ + ((x + _a3_) / _a6_))) + _a3_) + pow2(_a5_)) * x);{'d0': {'_a3_': 0.015787920969048186, '_a5_': 1.1961555786473839, '_a6_': 0.5441891094006047, '_a0_': 1.0, '_a1_': 1.0, '_a2_': 1.0, '_a4_': 1.0, '_a7_': 1.0}};{'d0': 0.024905832919416584};-280.569866449044;41.610832974233375
28552;-98.6741002502885;(((pow2((_a6_ + ((x + _a3_) / _a6_))) + _a3_) + pow2(_a5_)) * x);{'d0': {'_a3_': 0.015787920969048186, '_a5_': 1.1961555786473839, '_a6_': 0.5441891094006047, '_a0_': 1.0, '_a1_': 1.0, '_a2_': 1.0, '_a4_': 1.0, '_a7_': 1.0}};{'d0': 0.024905832919416584};-280.569866449044;41.610832974233375
28553;-102.372034722898;(((pow2((_a6_ + ((x + _a3_) / _a6_))) + _a3_) + _a2_) * x);{'d0': {'_a2_': 1.4307881689470916, '_a3_': 0.015787920705702407, '_a6_': 0.5441891095638183, '_a0_': 1.0, '_a1_': 1.0, '_a4_': 1.0, '_a5_': 1.0, '_a7_': 1.0}};{'d0': 0.02490583291941669};-280.569866449043;37.912898501623374
28554;-102.372034722898;(((pow2((_a6_ + ((x + _a3_) / _a6_))) + _a3_) + _a2_) * x);{'d0': {'_a2_': 1.4307881689470916, '_a3_': 0.015787920705702407, '_a6_': 0.5441891095638183, '_a0_': 1.0, '_a1_': 1.0, '_a4_': 1.0, '_a5_': 1.0, '_a7_': 1.0}};{'d0': 0.02490583291941669};-280.569866449043;37.912898501623374
28555;-102.372034722898;(((pow2((_a6_ + ((x + _a3_) / _a6_))) + _a3_) + _a2_) * x);{'d0': {'_a2_': 1.4307881689470916, '_a3_': 0.015787920705702407, '_a6_': 0.5441891095638183, '_a0_': 1.0, '_a1_': 1.0, '_a4_': 1.0, '_a5_': 1.0, '_a7_': 1.0}};{'d0': 0.02490583291941669};-280.569866449043;37.912898501623374
28556;-102.372034722898;(((pow2((_a6_ + ((x + _a3_) / _a6_))) + _a3_) + _a2_) * x);{'d0': {'_a2_': 1.4307881689470916, '_a3_': 0.015787920705702407, '_a6_': 0.5441891095638183, '_a0_': 1.0, '_a1_': 1.0, '_a4_': 1.0, '_a5_': 1.0, '_a7_': 1.0}};{'d0': 0.02490583291941669};-280.569866449043;37.912898501623374
28557;-102.372034722898;(((pow2((_a6_ + ((x + _a3_) / _a6_))) + _a3_) + _a2_) * x);{'d0': {'_a2_': 1.4307881689470916, '_a3_': 0.015787920705702407, '_a6_': 0.5441891095638183, '_a0_': 1.0, '_a1_': 1.0, '_a4_': 1.0, '_a5_': 1.0, '_a7_': 1.0}};{'d0': 0.02490583291941669};-280.569866449043;37.912898501623374
28558;-102.372034722898;(((pow2((_a6_ + ((x + _a3_) / _a6_))) + _a3_) + _a2_) * x);{'d0': {'_a2_': 1.4307881689470916, '_a3_': 0.015787920705702407, '_a6_': 0.5441891095638183, '_a0_': 1.0, '_a1_': 1.0, '_a4_': 1.0, '_a5_': 1.0, '_a7_': 1.0}};{'d0': 0.02490583291941669};-280.569866449043;37.912898501623374
28559;-102.372034722898;(((pow2((_a6_ + ((x + _a3_) / _a6_))) + _a3_) + _a2_) * x);{'d0': {'_a2_': 1.4307881689470916, '_a3_': 0.015787920705702407, '_a6_': 0.5441891095638183, '_a0_': 1.0, '_a1_': 1.0, '_a4_': 1.0, '_a5_': 1.0, '_a7_': 1.0}};{'d0': 0.02490583291941669};-280.569866449043;37.912898501623374
28560;-102.372034722898;(((pow2((_a6_ + ((x + _a3_) / _a6_))) + _a3_) + _a2_) * x);{'d0': {'_a2_': 1.4307881689470916, '_a3_': 0.015787920705702407, '_a6_': 0.5441891095638183, '_a0_': 1.0, '_a1_': 1.0, '_a4_': 1.0, '_a5_': 1.0, '_a7_': 1.0}};{'d0': 0.02490583291941669};-280.569866449043;37.912898501623374
28561;-102.372034722898;(((pow2((_a6_ + ((x + _a3_) / _a6_))) + _a3_) + _a2_) * x);{'d0': {'_a2_': 1.4307881689470916, '_a3_': 0.015787920705702407, '_a6_': 0.5441891095638183, '_a0_': 1.0, '_a1_': 1.0, '_a4_': 1.0, '_a5_': 1.0, '_a7_': 1.0}};{'d0': 0.02490583291941669};-280.569866449043;37.912898501623374
28562;-102.372034722898;(((pow2((_a6_ + ((x + _a3_) / _a6_))) + _a3_) + _a2_) * x);{'d0': {'_a2_': 1.4307881689470916, '_a3_': 0.015787920705702407, '_a6_': 0.5441891095638183, '_a0_': 1.0, '_a1_': 1.0, '_a4_': 1.0, '_a5_': 1.0, '_a7_': 1.0}};{'d0': 0.02490583291941669};-280.569866449043;37.912898501623374
28563;-98.6741002502884;(((pow2((pow2(_a6_) + ((x + _a3_) / _a6_))) + _a3_) + _a2_) * x);{'d0': {'_a2_': 1.295803516589381, '_a3_': 0.15077257259409726, '_a6_': 0.5441891094263681, '_a0_': 1.0, '_a1_': 1.0, '_a4_': 1.0, '_a5_': 1.0, '_a7_': 1.0}};{'d0': 0.024905832919416684};-280.569866449043;41.610832974233375
28564;-98.6741002502884;(((pow2((pow2(_a6_) + ((x + _a3_) / _a6_))) + _a3_) + _a2_) * x);{'d0': {'_a2_': 1.295803516589381, '_a3_': 0.15077257259409726, '_a6_': 0.5441891094263681, '_a0_': 1.0, '_a1_': 1.0, '_a4_': 1.0, '_a5_': 1.0, '_a7_': 1.0}};{'d0': 0.024905832919416684};-280.569866449043;41.610832974233375
28565;-98.6741002502884;(((pow2((pow2(_a6_) + ((x + _a3_) / _a6_))) + _a3_) + _a2_) * x);{'d0': {'_a2_': 1.295803516589381, '_a3_': 0.15077257259409726, '_a6_': 0.5441891094263681, '_a0_': 1.0, '_a1_': 1.0, '_a4_': 1.0, '_a5_': 1.0, '_a7_': 1.0}};{'d0': 0.024905832919416684};-280.569866449043;41.610832974233375
28566;-98.6741002502884;(((pow2((pow2(_a6_) + ((x + _a3_) / _a6_))) + _a3_) + _a2_) * x);{'d0': {'_a2_': 1.295803516589381, '_a3_': 0.15077257259409726, '_a6_': 0.5441891094263681, '_a0_': 1.0, '_a1_': 1.0, '_a4_': 1.0, '_a5_': 1.0, '_a7_': 1.0}};{'d0': 0.024905832919416684};-280.569866449043;41.610832974233375
28567;-98.6741002502884;(((pow2((pow2(_a6_) + ((x + _a3_) / _a6_))) + _a3_) + _a2_) * x);{'d0': {'_a2_': 1.295803516589381, '_a3_': 0.15077257259409726, '_a6_': 0.5441891094263681, '_a0_': 1.0, '_a1_': 1.0, '_a4_': 1.0, '_a5_': 1.0, '_a7_': 1.0}};{'d0': 0.024905832919416684};-280.569866449043;41.610832974233375
28568;-98.6741002502884;(((pow2((pow2(_a6_) + ((x + _a3_) / _a6_))) + _a3_) + _a2_) * x);{'d0': {'_a2_': 1.295803516589381, '_a3_': 0.15077257259409726, '_a6_': 0.5441891094263681, '_a0_': 1.0, '_a1_': 1.0, '_a4_': 1.0, '_a5_': 1.0, '_a7_': 1.0}};{'d0': 0.024905832919416684};-280.569866449043;41.610832974233375
28569;-98.6741002502884;(((pow2((pow2(_a6_) + ((x + _a3_) / _a6_))) + _a3_) + _a2_) * x);{'d0': {'_a2_': 1.295803516589381, '_a3_': 0.15077257259409726, '_a6_': 0.5441891094263681, '_a0_': 1.0, '_a1_': 1.0, '_a4_': 1.0, '_a5_': 1.0, '_a7_': 1.0}};{'d0': 0.024905832919416684};-280.569866449043;41.610832974233375
28570;-98.6741002502884;(((pow2((pow2(_a6_) + ((x + _a3_) / _a6_))) + _a3_) + _a2_) * x);{'d0': {'_a2_': 1.295803516589381, '_a3_': 0.15077257259409726, '_a6_': 0.5441891094263681, '_a0_': 1.0, '_a1_': 1.0, '_a4_': 1.0, '_a5_': 1.0, '_a7_': 1.0}};{'d0': 0.024905832919416684};-280.569866449043;41.610832974233375
28571;-98.6741002502884;(((pow2((pow2(_a6_) + ((x + _a3_) / _a6_))) + _a3_) + _a2_) * x);{'d0': {'_a2_': 1.295803516589381, '_a3_': 0.15077257259409726, '_a6_': 0.5441891094263681, '_a0_': 1.0, '_a1_': 1.0, '_a4_': 1.0, '_a5_': 1.0, '_a7_': 1.0}};{'d0': 0.024905832919416684};-280.569866449043;41.610832974233375
28572;-98.6741002502884;(((pow2((pow2(_a6_) + ((x + _a3_) / _a6_))) + _a3_) + _a2_) * x);{'d0': {'_a2_': 1.295803516589381, '_a3_': 0.15077257259409726, '_a6_': 0.5441891094263681, '_a0_': 1.0, '_a1_': 1.0, '_a4_': 1.0, '_a5_': 1.0, '_a7_': 1.0}};{'d0': 0.024905832919416684};-280.569866449043;41.610832974233375
28573;-98.6741002502884;(((pow2((pow2(_a6_) + ((x + _a3_) / _a6_))) + _a3_) + _a2_) * x);{'d0': {'_a2_': 1.295803516589381, '_a3_': 0.15077257259409726, '_a6_': 0.5441891094263681, '_a0_': 1.0, '_a1_': 1.0, '_a4_': 1.0, '_a5_': 1.0, '_a7_': 1.0}};{'d0': 0.024905832919416684};-280.569866449043;41.610832974233375
28574;-98.6741002502884;(((pow2((pow2(_a6_) + ((x + _a3_) / _a6_))) + _a3_) + _a2_) * x);{'d0': {'_a2_': 1.295803516589381, '_a3_': 0.15077257259409726, '_a6_': 0.5441891094263681, '_a0_': 1.0, '_a1_': 1.0, '_a4_': 1.0, '_a5_': 1.0, '_a7_': 1.0}};{'d0': 0.024905832919416684};-280.569866449043;41.610832974233375
28575;-98.6741002502884;(((pow2((pow2(_a6_) + ((x + _a3_) / _a6_))) + _a3_) + _a2_) * x);{'d0': {'_a2_': 1.295803516589381, '_a3_': 0.15077257259409726, '_a6_': 0.5441891094263681, '_a0_': 1.0, '_a1_': 1.0, '_a4_': 1.0, '_a5_': 1.0, '_a7_': 1.0}};{'d0': 0.024905832919416684};-280.569866449043;41.610832974233375
28576;-98.6741002502884;(((pow2((pow2(_a6_) + ((x + _a3_) / _a6_))) + _a3_) + _a2_) * x);{'d0': {'_a2_': 1.295803516589381, '_a3_': 0.15077257259409726, '_a6_': 0.5441891094263681, '_a0_': 1.0, '_a1_': 1.0, '_a4_': 1.0, '_a5_': 1.0, '_a7_': 1.0}};{'d0': 0.024905832919416684};-280.569866449043;41.610832974233375
28577;-98.6741002502884;(((pow2((pow2(_a6_) + ((x + _a3_) / _a6_))) + _a3_) + _a2_) * x);{'d0': {'_a2_': 1.295803516589381, '_a3_': 0.15077257259409726, '_a6_': 0.5441891094263681, '_a0_': 1.0, '_a1_': 1.0, '_a4_': 1.0, '_a5_': 1.0, '_a7_': 1.0}};{'d0': 0.024905832919416684};-280.569866449043;41.610832974233375
28578;-98.6741002502884;(((pow2((pow2(_a6_) + ((x + _a3_) / _a6_))) + _a3_) + _a2_) * x);{'d0': {'_a2_': 1.295803516589381, '_a3_': 0.15077257259409726, '_a6_': 0.5441891094263681, '_a0_': 1.0, '_a1_': 1.0, '_a4_': 1.0, '_a5_': 1.0, '_a7_': 1.0}};{'d0': 0.024905832919416684};-280.569866449043;41.610832974233375
28579;-98.6741002502884;(((pow2((pow2(_a6_) + ((x + _a3_) / _a6_))) + _a3_) + _a2_) * x);{'d0': {'_a2_': 1.295803516589381, '_a3_': 0.15077257259409726, '_a6_': 0.5441891094263681, '_a0_': 1.0, '_a1_': 1.0, '_a4_': 1.0, '_a5_': 1.0, '_a7_': 1.0}};{'d0': 0.024905832919416684};-280.569866449043;41.610832974233375
28580;-98.6741002502884;(((pow2((pow2(_a6_) + ((x + _a3_) / _a6_))) + _a3_) + _a2_) * x);{'d0': {'_a2_': 1.295803516589381, '_a3_': 0.15077257259409726, '_a6_': 0.5441891094263681, '_a0_': 1.0, '_a1_': 1.0, '_a4_': 1.0, '_a5_': 1.0, '_a7_': 1.0}};{'d0': 0.024905832919416684};-280.569866449043;41.610832974233375
28581;-98.6920875626381;(((pow2((-(_a6_) + ((x + _a3_) / _a6_))) + _a3_) + _a2_) * x);{'d0': {'_a2_': 0.8385045946457944, '_a3_': 0.608071494492121, '_a6_': 0.5441891093279059, '_a0_': 1.0, '_a1_': 1.0, '_a4_': 1.0, '_a5_': 1.0, '_a7_': 1.0}};{'d0': 0.024905832919416615};-280.569866449044;41.592845661883764
28582;-98.6920875626381;(((pow2((-(_a6_) + ((x + _a3_) / _a6_))) + _a3_) + _a2_) * x);{'d0': {'_a2_': 0.8385045946457944, '_a3_': 0.608071494492121, '_a6_': 0.5441891093279059, '_a0_': 1.0, '_a1_': 1.0, '_a4_': 1.0, '_a5_': 1.0, '_a7_': 1.0}};{'d0': 0.024905832919416615};-280.569866449044;41.592845661883764
28583;-98.6920875626380;(((pow2((-(_a6_) + ((x + _a3_) / _a6_))) + _a2_) + _a2_) * x);{'d0': {'_a2_': 0.7232880445306982, '_a3_': 0.6080714944773696, '_a6_': 0.5441891093163911, '_a0_': 1.0, '_a1_': 1.0, '_a4_': 1.0, '_a5_': 1.0, '_a7_': 1.0}};{'d0': 0.024905832919416653};-280.569866449044;41.592845661883764
28584;-98.6920875626380;(((pow2((-(_a6_) + ((x + _a3_) / _a6_))) + _a2_) + _a2_) * x);{'d0': {'_a2_': 0.7232880445306982, '_a3_': 0.6080714944773696, '_a6_': 0.5441891093163911, '_a0_': 1.0, '_a1_': 1.0, '_a4_': 1.0, '_a5_': 1.0, '_a7_': 1.0}};{'d0': 0.024905832919416653};-280.569866449044;41.592845661883764
28585;-98.6920875626380;(((pow2((-(_a6_) + ((x + _a3_) / _a6_))) + _a2_) + _a2_) * x);{'d0': {'_a2_': 0.7232880445306982, '_a3_': 0.6080714944773696, '_a6_': 0.5441891093163911, '_a0_': 1.0, '_a1_': 1.0, '_a4_': 1.0, '_a5_': 1.0, '_a7_': 1.0}};{'d0': 0.024905832919416653};-280.569866449044;41.592845661883764
28586;-98.6920875626380;(((pow2((-(_a6_) + ((x + _a3_) / _a6_))) + _a2_) + _a2_) * x);{'d0': {'_a2_': 0.7232880445306982, '_a3_': 0.6080714944773696, '_a6_': 0.5441891093163911, '_a0_': 1.0, '_a1_': 1.0, '_a4_': 1.0, '_a5_': 1.0, '_a7_': 1.0}};{'d0': 0.024905832919416653};-280.569866449044;41.592845661883764
28587;-98.6920875626380;(((pow2((-(_a6_) + ((x + _a3_) / _a6_))) + _a2_) + _a2_) * x);{'d0': {'_a2_': 0.7232880445306982, '_a3_': 0.6080714944773696, '_a6_': 0.5441891093163911, '_a0_': 1.0, '_a1_': 1.0, '_a4_': 1.0, '_a5_': 1.0, '_a7_': 1.0}};{'d0': 0.024905832919416653};-280.569866449044;41.592845661883764
28588;-102.372034722898;(((pow2((_a6_ + ((x + _a3_) / _a6_))) + _a2_) + _a2_) * x);{'d0': {'_a2_': 0.7232880463547723, '_a3_': 0.015787918028384324, '_a6_': 0.5441891111676443, '_a0_': 1.0, '_a1_': 1.0, '_a4_': 1.0, '_a5_': 1.0, '_a7_': 1.0}};{'d0': 0.024905832919416903};-280.569866449043;37.912898501623374
28589;-102.372034722898;(((pow2((_a6_ + ((x + _a3_) / _a6_))) + _a2_) + _a2_) * x);{'d0': {'_a2_': 0.7232880463547723, '_a3_': 0.015787918028384324, '_a6_': 0.5441891111676443, '_a0_': 1.0, '_a1_': 1.0, '_a4_': 1.0, '_a5_': 1.0, '_a7_': 1.0}};{'d0': 0.024905832919416903};-280.569866449043;37.912898501623374
28590;-102.372034722898;(((pow2((_a6_ + ((x + _a3_) / _a6_))) + _a2_) + _a2_) * x);{'d0': {'_a2_': 0.7232880463547723, '_a3_': 0.015787918028384324, '_a6_': 0.5441891111676443, '_a0_': 1.0, '_a1_': 1.0, '_a4_': 1.0, '_a5_': 1.0, '_a7_': 1.0}};{'d0': 0.024905832919416903};-280.569866449043;37.912898501623374
28591;-102.372034722898;(((pow2((_a6_ + ((x + _a3_) / _a6_))) + _a2_) + _a2_) * x);{'d0': {'_a2_': 0.7232880463547723, '_a3_': 0.015787918028384324, '_a6_': 0.5441891111676443, '_a0_': 1.0, '_a1_': 1.0, '_a4_': 1.0, '_a5_': 1.0, '_a7_': 1.0}};{'d0': 0.024905832919416903};-280.569866449043;37.912898501623374
28592;-102.372034722898;(((pow2((_a6_ + ((x + _a3_) / _a6_))) + _a2_) + _a2_) * x);{'d0': {'_a2_': 0.7232880463547723, '_a3_': 0.015787918028384324, '_a6_': 0.5441891111676443, '_a0_': 1.0, '_a1_': 1.0, '_a4_': 1.0, '_a5_': 1.0, '_a7_': 1.0}};{'d0': 0.024905832919416903};-280.569866449043;37.912898501623374
28593;-102.372034722898;(((pow2((_a6_ + ((x + _a3_) / _a6_))) + _a2_) + _a2_) * x);{'d0': {'_a2_': 0.7232880463547723, '_a3_': 0.015787918028384324, '_a6_': 0.5441891111676443, '_a0_': 1.0, '_a1_': 1.0, '_a4_': 1.0, '_a5_': 1.0, '_a7_': 1.0}};{'d0': 0.024905832919416903};-280.569866449043;37.912898501623374
28594;-102.372034722898;(((pow2((_a6_ + ((x + _a3_) / _a6_))) + _a2_) + _a2_) * x);{'d0': {'_a2_': 0.7232880463547723, '_a3_': 0.015787918028384324, '_a6_': 0.5441891111676443, '_a0_': 1.0, '_a1_': 1.0, '_a4_': 1.0, '_a5_': 1.0, '_a7_': 1.0}};{'d0': 0.024905832919416903};-280.569866449043;37.912898501623374
28595;-102.372034722898;(((pow2((_a6_ + ((x + _a3_) / _a6_))) + _a2_) + _a2_) * x);{'d0': {'_a2_': 0.7232880463547723, '_a3_': 0.015787918028384324, '_a6_': 0.5441891111676443, '_a0_': 1.0, '_a1_': 1.0, '_a4_': 1.0, '_a5_': 1.0, '_a7_': 1.0}};{'d0': 0.024905832919416903};-280.569866449043;37.912898501623374
28596;-102.372034722898;(((pow2((_a6_ + ((x + _a3_) / _a6_))) + _a2_) + _a2_) * x);{'d0': {'_a2_': 0.7232880463547723, '_a3_': 0.015787918028384324, '_a6_': 0.5441891111676443, '_a0_': 1.0, '_a1_': 1.0, '_a4_': 1.0, '_a5_': 1.0, '_a7_': 1.0}};{'d0': 0.024905832919416903};-280.569866449043;37.912898501623374
28597;-102.372034722898;(((pow2((_a6_ + ((x + _a3_) / _a6_))) + _a2_) + _a6_) * x);{'d0': {'_a2_': 0.9023869803601466, '_a3_': 0.015787921233982375, '_a6_': 0.5441891091011856, '_a0_': 1.0, '_a1_': 1.0, '_a4_': 1.0, '_a5_': 1.0, '_a7_': 1.0}};{'d0': 0.024905832919416653};-280.569866449044;37.912898501623374
28598;-102.372034722898;(((pow2((_a6_ + ((x + _a3_) / _a6_))) + _a2_) + _a6_) * x);{'d0': {'_a2_': 0.9023869803601466, '_a3_': 0.015787921233982375, '_a6_': 0.5441891091011856, '_a0_': 1.0, '_a1_': 1.0, '_a4_': 1.0, '_a5_': 1.0, '_a7_': 1.0}};{'d0': 0.024905832919416653};-280.569866449044;37.912898501623374
28599;-102.372034722898;(((pow2((_a6_ + ((x + _a3_) / _a6_))) + _a2_) + _a6_) * x);{'d0': {'_a2_': 0.9023869803601466, '_a3_': 0.015787921233982375, '_a6_': 0.5441891091011856, '_a0_': 1.0, '_a1_': 1.0, '_a4_': 1.0, '_a5_': 1.0, '_a7_': 1.0}};{'d0': 0.024905832919416653};-280.569866449044;37.912898501623374
28600;-102.372034722898;(((pow2((_a6_ + ((x + _a3_) / _a6_))) + _a2_) + _a6_) * x);{'d0': {'_a2_': 0.9023869803601466, '_a3_': 0.015787921233982375, '_a6_': 0.5441891091011856, '_a0_': 1.0, '_a1_': 1.0, '_a4_': 1.0, '_a5_': 1.0, '_a7_': 1.0}};{'d0': 0.024905832919416653};-280.569866449044;37.912898501623374
28601;-102.372034722898;(((pow2((_a6_ + ((x + _a3_) / _a6_))) + _a2_) + _a6_) * x);{'d0': {'_a2_': 0.9023869803601466, '_a3_': 0.015787921233982375, '_a6_': 0.5441891091011856, '_a0_': 1.0, '_a1_': 1.0, '_a4_': 1.0, '_a5_': 1.0, '_a7_': 1.0}};{'d0': 0.024905832919416653};-280.569866449044;37.912898501623374
28602;-102.372034722898;(((pow2((_a6_ + ((x + _a3_) / _a6_))) + _a2_) + _a6_) * x);{'d0': {'_a2_': 0.9023869803601466, '_a3_': 0.015787921233982375, '_a6_': 0.5441891091011856, '_a0_': 1.0, '_a1_': 1.0, '_a4_': 1.0, '_a5_': 1.0, '_a7_': 1.0}};{'d0': 0.024905832919416653};-280.569866449044;37.912898501623374
28603;-102.372034722898;(((pow2((_a6_ + ((x + _a3_) / _a6_))) + _a2_) + _a6_) * x);{'d0': {'_a2_': 0.9023869803601466, '_a3_': 0.015787921233982375, '_a6_': 0.5441891091011856, '_a0_': 1.0, '_a1_': 1.0, '_a4_': 1.0, '_a5_': 1.0, '_a7_': 1.0}};{'d0': 0.024905832919416653};-280.569866449044;37.912898501623374
28604;-102.372034722898;(((pow2((_a6_ + ((x + _a3_) / _a6_))) + _a2_) + _a6_) * x);{'d0': {'_a2_': 0.9023869803601466, '_a3_': 0.015787921233982375, '_a6_': 0.5441891091011856, '_a0_': 1.0, '_a1_': 1.0, '_a4_': 1.0, '_a5_': 1.0, '_a7_': 1.0}};{'d0': 0.024905832919416653};-280.569866449044;37.912898501623374
28605;-102.372034722898;(((pow2((_a6_ + ((x + _a3_) / _a6_))) + _a2_) + _a6_) * x);{'d0': {'_a2_': 0.9023869803601466, '_a3_': 0.015787921233982375, '_a6_': 0.5441891091011856, '_a0_': 1.0, '_a1_': 1.0, '_a4_': 1.0, '_a5_': 1.0, '_a7_': 1.0}};{'d0': 0.024905832919416653};-280.569866449044;37.912898501623374
28606;-102.372034722898;(((pow2((_a6_ + ((x + _a3_) / _a6_))) + _a2_) + _a6_) * x);{'d0': {'_a2_': 0.9023869803601466, '_a3_': 0.015787921233982375, '_a6_': 0.5441891091011856, '_a0_': 1.0, '_a1_': 1.0, '_a4_': 1.0, '_a5_': 1.0, '_a7_': 1.0}};{'d0': 0.024905832919416653};-280.569866449044;37.912898501623374
28607;-102.372034722898;(((pow2((_a6_ + ((x + _a3_) / _a6_))) + _a2_) + _a6_) * x);{'d0': {'_a2_': 0.9023869803601466, '_a3_': 0.015787921233982375, '_a6_': 0.5441891091011856, '_a0_': 1.0, '_a1_': 1.0, '_a4_': 1.0, '_a5_': 1.0, '_a7_': 1.0}};{'d0': 0.024905832919416653};-280.569866449044;37.912898501623374
28608;-102.372034722898;(((pow2((_a6_ + ((x + _a3_) / _a6_))) + _a2_) + _a6_) * x);{'d0': {'_a2_': 0.9023869803601466, '_a3_': 0.015787921233982375, '_a6_': 0.5441891091011856, '_a0_': 1.0, '_a1_': 1.0, '_a4_': 1.0, '_a5_': 1.0, '_a7_': 1.0}};{'d0': 0.024905832919416653};-280.569866449044;37.912898501623374
28609;-102.455412963781;(((pow2((_a6_ + ((x / _a3_) / _a6_))) + _a2_) + _a6_) * x);{'d0': {'_a2_': 0.8733751528790392, '_a3_': 0.9493862869045951, '_a6_': 0.573200937419468, '_a0_': 1.0, '_a1_': 1.0, '_a4_': 1.0, '_a5_': 1.0, '_a7_': 1.0}};{'d0': 0.02490583291941665};-280.569866449044;37.82952026074057
28610;-102.455412963781;(((pow2((_a6_ + ((x / _a3_) / _a6_))) + _a2_) + _a6_) * x);{'d0': {'_a2_': 0.8733751528790392, '_a3_': 0.9493862869045951, '_a6_': 0.573200937419468, '_a0_': 1.0, '_a1_': 1.0, '_a4_': 1.0, '_a5_': 1.0, '_a7_': 1.0}};{'d0': 0.02490583291941665};-280.569866449044;37.82952026074057
28611;-103.488010419115;(((pow2((_a6_ + ((x * _a3_) / _a6_))) + _a2_) + _a6_) * x);{'d0': {'_a2_': 0.8733751514587871, '_a3_': 1.05331203429778, '_a6_': 0.5732009377979678, '_a0_': 1.0, '_a1_': 1.0, '_a4_': 1.0, '_a5_': 1.0, '_a7_': 1.0}};{'d0': 0.024905832919416622};-280.569866449044;36.796922805406375
28612;-103.488010419115;(((pow2((_a6_ + ((x * _a3_) / _a6_))) + _a2_) + _a6_) * x);{'d0': {'_a2_': 0.8733751514587871, '_a3_': 1.05331203429778, '_a6_': 0.5732009377979678, '_a0_': 1.0, '_a1_': 1.0, '_a4_': 1.0, '_a5_': 1.0, '_a7_': 1.0}};{'d0': 0.024905832919416622};-280.569866449044;36.796922805406375
28613;-103.488010419115;(((pow2((_a6_ + ((x * _a3_) / _a6_))) + _a2_) + _a6_) * x);{'d0': {'_a2_': 0.8733751514587871, '_a3_': 1.05331203429778, '_a6_': 0.5732009377979678, '_a0_': 1.0, '_a1_': 1.0, '_a4_': 1.0, '_a5_': 1.0, '_a7_': 1.0}};{'d0': 0.024905832919416622};-280.569866449044;36.796922805406375
28614;-103.488010419115;(((pow2((_a6_ + ((x * _a3_) / _a6_))) + _a2_) + _a6_) * x);{'d0': {'_a2_': 0.8733751514587871, '_a3_': 1.05331203429778, '_a6_': 0.5732009377979678, '_a0_': 1.0, '_a1_': 1.0, '_a4_': 1.0, '_a5_': 1.0, '_a7_': 1.0}};{'d0': 0.024905832919416622};-280.569866449044;36.796922805406375
28615;-103.488010419115;(((pow2((_a6_ + ((x * _a3_) / _a6_))) + _a2_) + _a6_) * x);{'d0': {'_a2_': 0.8733751514587871, '_a3_': 1.05331203429778, '_a6_': 0.5732009377979678, '_a0_': 1.0, '_a1_': 1.0, '_a4_': 1.0, '_a5_': 1.0, '_a7_': 1.0}};{'d0': 0.024905832919416622};-280.569866449044;36.796922805406375
28616;-103.488010419115;(((pow2((_a6_ + ((x * _a3_) / _a6_))) + _a2_) + _a6_) * x);{'d0': {'_a2_': 0.8733751514587871, '_a3_': 1.05331203429778, '_a6_': 0.5732009377979678, '_a0_': 1.0, '_a1_': 1.0, '_a4_': 1.0, '_a5_': 1.0, '_a7_': 1.0}};{'d0': 0.024905832919416622};-280.569866449044;36.796922805406375
28617;-103.488010419115;(((pow2((_a6_ + ((x * _a3_) / _a6_))) + _a2_) + _a6_) * x);{'d0': {'_a2_': 0.8733751514587871, '_a3_': 1.05331203429778, '_a6_': 0.5732009377979678, '_a0_': 1.0, '_a1_': 1.0, '_a4_': 1.0, '_a5_': 1.0, '_a7_': 1.0}};{'d0': 0.024905832919416622};-280.569866449044;36.796922805406375
28618;-103.488010419115;(((pow2((_a6_ + ((x * _a3_) / _a6_))) + _a2_) + _a6_) * x);{'d0': {'_a2_': 0.8733751514587871, '_a3_': 1.05331203429778, '_a6_': 0.5732009377979678, '_a0_': 1.0, '_a1_': 1.0, '_a4_': 1.0, '_a5_': 1.0, '_a7_': 1.0}};{'d0': 0.024905832919416622};-280.569866449044;36.796922805406375
28619;-103.488010419115;(((pow2((_a6_ + ((x * _a3_) / _a6_))) + _a2_) + _a6_) * x);{'d0': {'_a2_': 0.8733751514587871, '_a3_': 1.05331203429778, '_a6_': 0.5732009377979678, '_a0_': 1.0, '_a1_': 1.0, '_a4_': 1.0, '_a5_': 1.0, '_a7_': 1.0}};{'d0': 0.024905832919416622};-280.569866449044;36.796922805406375
28620;-103.488010419115;(((pow2((_a6_ + ((x * _a3_) / _a6_))) + _a2_) + _a6_) * x);{'d0': {'_a2_': 0.8733751514587871, '_a3_': 1.05331203429778, '_a6_': 0.5732009377979678, '_a0_': 1.0, '_a1_': 1.0, '_a4_': 1.0, '_a5_': 1.0, '_a7_': 1.0}};{'d0': 0.024905832919416622};-280.569866449044;36.796922805406375
28621;-99.8080632588551;(((pow2((_a6_ + ((x * -(_a0_)) / _a6_))) + _a2_) + _a6_) * x);{'d0': {'_a0_': -1.0533120345056477, '_a2_': 2.0197770269234865, '_a6_': -0.5732009378597684, '_a1_': 1.0, '_a3_': 1.0, '_a4_': 1.0, '_a5_': 1.0, '_a7_': 1.0}};{'d0': 0.02490583291941661};-280.569866449044;40.476869965666765
28622;-99.8080632588551;(((pow2((_a6_ + ((x * -(_a0_)) / _a6_))) + _a2_) + _a6_) * x);{'d0': {'_a0_': -1.0533120345056477, '_a2_': 2.0197770269234865, '_a6_': -0.5732009378597684, '_a1_': 1.0, '_a3_': 1.0, '_a4_': 1.0, '_a5_': 1.0, '_a7_': 1.0}};{'d0': 0.02490583291941661};-280.569866449044;40.476869965666765
28623;-99.8080632588551;(((pow2((_a6_ + ((x * -(_a0_)) / _a6_))) + _a2_) + _a6_) * x);{'d0': {'_a0_': -1.0533120345056477, '_a2_': 2.0197770269234865, '_a6_': -0.5732009378597684, '_a1_': 1.0, '_a3_': 1.0, '_a4_': 1.0, '_a5_': 1.0, '_a7_': 1.0}};{'d0': 0.02490583291941661};-280.569866449044;40.476869965666765
28624;-99.8080632588551;(((pow2((_a6_ + ((x * -(_a0_)) / _a6_))) + _a2_) + _a6_) * x);{'d0': {'_a0_': -1.0533120345056477, '_a2_': 2.0197770269234865, '_a6_': -0.5732009378597684, '_a1_': 1.0, '_a3_': 1.0, '_a4_': 1.0, '_a5_': 1.0, '_a7_': 1.0}};{'d0': 0.02490583291941661};-280.569866449044;40.476869965666765
28625;-99.8080632588551;(((pow2((_a6_ + ((x * -(_a0_)) / _a6_))) + _a2_) + _a6_) * x);{'d0': {'_a0_': -1.0533120345056477, '_a2_': 2.0197770269234865, '_a6_': -0.5732009378597684, '_a1_': 1.0, '_a3_': 1.0, '_a4_': 1.0, '_a5_': 1.0, '_a7_': 1.0}};{'d0': 0.02490583291941661};-280.569866449044;40.476869965666765
28626;-99.8080632588551;(((pow2((_a6_ + ((x * -(_a0_)) / _a6_))) + _a2_) + _a6_) * x);{'d0': {'_a0_': -1.0533120345056477, '_a2_': 2.0197770269234865, '_a6_': -0.5732009378597684, '_a1_': 1.0, '_a3_': 1.0, '_a4_': 1.0, '_a5_': 1.0, '_a7_': 1.0}};{'d0': 0.02490583291941661};-280.569866449044;40.476869965666765
28627;-103.488010419115;(((pow2((_a6_ + ((x * _a7_) / _a6_))) + _a2_) + _a6_) * x);{'d0': {'_a2_': 2.0197770269003734, '_a6_': -0.5732009378106974, '_a7_': 1.0533120344090052, '_a0_': 1.0, '_a1_': 1.0, '_a3_': 1.0, '_a4_': 1.0, '_a5_': 1.0}};{'d0': 0.024905832919416646};-280.569866449044;36.796922805406375
28628;-103.488010419115;(((pow2((_a6_ + ((x * _a7_) / _a6_))) + _a2_) + _a6_) * x);{'d0': {'_a2_': 2.0197770269003734, '_a6_': -0.5732009378106974, '_a7_': 1.0533120344090052, '_a0_': 1.0, '_a1_': 1.0, '_a3_': 1.0, '_a4_': 1.0, '_a5_': 1.0}};{'d0': 0.024905832919416646};-280.569866449044;36.796922805406375
28629;-103.488010419115;(((pow2((_a6_ + ((x * _a7_) / _a6_))) + _a2_) + _a6_) * x);{'d0': {'_a2_': 2.0197770269003734, '_a6_': -0.5732009378106974, '_a7_': 1.0533120344090052, '_a0_': 1.0, '_a1_': 1.0, '_a3_': 1.0, '_a4_': 1.0, '_a5_': 1.0}};{'d0': 0.024905832919416646};-280.569866449044;36.796922805406375
28630;-103.488010419115;(((pow2((_a6_ + ((x * _a7_) / _a6_))) + _a2_) + _a6_) * x);{'d0': {'_a2_': 2.0197770269003734, '_a6_': -0.5732009378106974, '_a7_': 1.0533120344090052, '_a0_': 1.0, '_a1_': 1.0, '_a3_': 1.0, '_a4_': 1.0, '_a5_': 1.0}};{'d0': 0.024905832919416646};-280.569866449044;36.796922805406375
28631;-103.488010419115;(((pow2((_a6_ + ((x * _a7_) / _a6_))) + _a2_) + _a6_) * x);{'d0': {'_a2_': 2.0197770269003734, '_a6_': -0.5732009378106974, '_a7_': 1.0533120344090052, '_a0_': 1.0, '_a1_': 1.0, '_a3_': 1.0, '_a4_': 1.0, '_a5_': 1.0}};{'d0': 0.024905832919416646};-280.569866449044;36.796922805406375
28632;-103.488010419115;(((pow2((_a6_ + ((x * _a7_) / _a6_))) + _a2_) + _a6_) * x);{'d0': {'_a2_': 2.0197770269003734, '_a6_': -0.5732009378106974, '_a7_': 1.0533120344090052, '_a0_': 1.0, '_a1_': 1.0, '_a3_': 1.0, '_a4_': 1.0, '_a5_': 1.0}};{'d0': 0.024905832919416646};-280.569866449044;36.796922805406375
28633;-103.488010419115;(((pow2((_a6_ + ((x * _a7_) / _a6_))) + _a2_) + _a6_) * x);{'d0': {'_a2_': 2.0197770269003734, '_a6_': -0.5732009378106974, '_a7_': 1.0533120344090052, '_a0_': 1.0, '_a1_': 1.0, '_a3_': 1.0, '_a4_': 1.0, '_a5_': 1.0}};{'d0': 0.024905832919416646};-280.569866449044;36.796922805406375
28634;-103.488010419115;(((pow2((_a6_ + ((x * _a7_) / _a6_))) + _a2_) + _a6_) * x);{'d0': {'_a2_': 2.0197770269003734, '_a6_': -0.5732009378106974, '_a7_': 1.0533120344090052, '_a0_': 1.0, '_a1_': 1.0, '_a3_': 1.0, '_a4_': 1.0, '_a5_': 1.0}};{'d0': 0.024905832919416646};-280.569866449044;36.796922805406375
28635;-103.488010419115;(((pow2((_a6_ + ((x * _a7_) / _a6_))) + _a2_) + _a6_) * x);{'d0': {'_a2_': 2.0197770269003734, '_a6_': -0.5732009378106974, '_a7_': 1.0533120344090052, '_a0_': 1.0, '_a1_': 1.0, '_a3_': 1.0, '_a4_': 1.0, '_a5_': 1.0}};{'d0': 0.024905832919416646};-280.569866449044;36.796922805406375
28636;-103.488010419115;(((pow2((_a6_ + ((x * _a7_) / _a6_))) + _a2_) + _a6_) * x);{'d0': {'_a2_': 2.0197770269003734, '_a6_': -0.5732009378106974, '_a7_': 1.0533120344090052, '_a0_': 1.0, '_a1_': 1.0, '_a3_': 1.0, '_a4_': 1.0, '_a5_': 1.0}};{'d0': 0.024905832919416646};-280.569866449044;36.796922805406375
28637;-103.488010419115;(((pow2((_a6_ + ((x * _a7_) / _a6_))) + _a2_) + _a6_) * x);{'d0': {'_a2_': 2.0197770269003734, '_a6_': -0.5732009378106974, '_a7_': 1.0533120344090052, '_a0_': 1.0, '_a1_': 1.0, '_a3_': 1.0, '_a4_': 1.0, '_a5_': 1.0}};{'d0': 0.024905832919416646};-280.569866449044;36.796922805406375
28638;-103.488010419115;(((pow2((_a6_ + ((x * _a7_) / _a6_))) + _a2_) + _a6_) * x);{'d0': {'_a2_': 2.0197770269003734, '_a6_': -0.5732009378106974, '_a7_': 1.0533120344090052, '_a0_': 1.0, '_a1_': 1.0, '_a3_': 1.0, '_a4_': 1.0, '_a5_': 1.0}};{'d0': 0.024905832919416646};-280.569866449044;36.796922805406375
28639;-103.488010419115;(((pow2((_a6_ + ((x * _a7_) / _a6_))) + _a2_) + _a6_) * x);{'d0': {'_a2_': 2.0197770269003734, '_a6_': -0.5732009378106974, '_a7_': 1.0533120344090052, '_a0_': 1.0, '_a1_': 1.0, '_a3_': 1.0, '_a4_': 1.0, '_a5_': 1.0}};{'d0': 0.024905832919416646};-280.569866449044;36.796922805406375
28640;-103.488010419115;(((pow2((_a6_ + ((x * _a7_) / _a6_))) + _a2_) + _a6_) * x);{'d0': {'_a2_': 2.0197770269003734, '_a6_': -0.5732009378106974, '_a7_': 1.0533120344090052, '_a0_': 1.0, '_a1_': 1.0, '_a3_': 1.0, '_a4_': 1.0, '_a5_': 1.0}};{'d0': 0.024905832919416646};-280.569866449044;36.796922805406375
28641;-103.488010419115;(((pow2((_a6_ + ((x * _a7_) / _a6_))) + _a2_) + _a6_) * x);{'d0': {'_a2_': 2.0197770269003734, '_a6_': -0.5732009378106974, '_a7_': 1.0533120344090052, '_a0_': 1.0, '_a1_': 1.0, '_a3_': 1.0, '_a4_': 1.0, '_a5_': 1.0}};{'d0': 0.024905832919416646};-280.569866449044;36.796922805406375
28642;-103.488010419115;(((pow2((_a6_ + ((x * _a7_) / _a6_))) + _a2_) + _a6_) * x);{'d0': {'_a2_': 2.0197770269003734, '_a6_': -0.5732009378106974, '_a7_': 1.0533120344090052, '_a0_': 1.0, '_a1_': 1.0, '_a3_': 1.0, '_a4_': 1.0, '_a5_': 1.0}};{'d0': 0.024905832919416646};-280.569866449044;36.796922805406375
28643;-103.488010419115;(((pow2((_a6_ + ((x * _a7_) / _a6_))) + _a2_) + _a6_) * x);{'d0': {'_a2_': 2.0197770269003734, '_a6_': -0.5732009378106974, '_a7_': 1.0533120344090052, '_a0_': 1.0, '_a1_': 1.0, '_a3_': 1.0, '_a4_': 1.0, '_a5_': 1.0}};{'d0': 0.024905832919416646};-280.569866449044;36.796922805406375
28644;-103.488010419115;(((pow2((_a6_ + ((x * _a7_) / _a6_))) + _a2_) + _a6_) * x);{'d0': {'_a2_': 2.0197770269003734, '_a6_': -0.5732009378106974, '_a7_': 1.0533120344090052, '_a0_': 1.0, '_a1_': 1.0, '_a3_': 1.0, '_a4_': 1.0, '_a5_': 1.0}};{'d0': 0.024905832919416646};-280.569866449044;36.796922805406375
28645;-103.488010419115;(((pow2((_a6_ + ((x * _a7_) / _a6_))) + _a2_) + _a6_) * x);{'d0': {'_a2_': 2.0197770269003734, '_a6_': -0.5732009378106974, '_a7_': 1.0533120344090052, '_a0_': 1.0, '_a1_': 1.0, '_a3_': 1.0, '_a4_': 1.0, '_a5_': 1.0}};{'d0': 0.024905832919416646};-280.569866449044;36.796922805406375
28646;-103.488010419115;(((pow2((_a6_ + ((x * _a7_) / _a6_))) + _a2_) + _a6_) * x);{'d0': {'_a2_': 2.0197770269003734, '_a6_': -0.5732009378106974, '_a7_': 1.0533120344090052, '_a0_': 1.0, '_a1_': 1.0, '_a3_': 1.0, '_a4_': 1.0, '_a5_': 1.0}};{'d0': 0.024905832919416646};-280.569866449044;36.796922805406375
28647;-103.488010419115;(((pow2((_a6_ + ((x * _a7_) / _a6_))) + _a2_) + _a6_) * x);{'d0': {'_a2_': 2.0197770269003734, '_a6_': -0.5732009378106974, '_a7_': 1.0533120344090052, '_a0_': 1.0, '_a1_': 1.0, '_a3_': 1.0, '_a4_': 1.0, '_a5_': 1.0}};{'d0': 0.024905832919416646};-280.569866449044;36.796922805406375
28648;-94.7772897919044;(((pow2((_a6_ + ((x * _a7_) / _a6_))) + (_a3_ ** _a0_)) + _a6_) * x);{'d0': {'_a0_': 1.0, '_a3_': 2.019777028099096, '_a6_': -0.5732009367578972, '_a7_': 1.0533120313385984, '_a1_': 1.0, '_a2_': 1.0, '_a4_': 1.0, '_a5_': 1.0}};{'d0': 0.024905832919416667};-276.475521886821;43.460471151506376
28649;-94.7772897919044;(((pow2((_a6_ + ((x * _a7_) / _a6_))) + (_a3_ ** _a0_)) + _a6_) * x);{'d0': {'_a0_': 1.0, '_a3_': 2.019777028099096, '_a6_': -0.5732009367578972, '_a7_': 1.0533120313385984, '_a1_': 1.0, '_a2_': 1.0, '_a4_': 1.0, '_a5_': 1.0}};{'d0': 0.024905832919416667};-276.475521886821;43.460471151506376
28650;-94.7772897919044;(((pow2((_a6_ + ((x * _a7_) / _a6_))) + (_a3_ ** _a0_)) + _a6_) * x);{'d0': {'_a0_': 1.0, '_a3_': 2.019777028099096, '_a6_': -0.5732009367578972, '_a7_': 1.0533120313385984, '_a1_': 1.0, '_a2_': 1.0, '_a4_': 1.0, '_a5_': 1.0}};{'d0': 0.024905832919416667};-276.475521886821;43.460471151506376
28651;-94.7772897919044;(((pow2((_a6_ + ((x * _a7_) / _a6_))) + (_a3_ ** _a0_)) + _a6_) * x);{'d0': {'_a0_': 1.0, '_a3_': 2.019777028099096, '_a6_': -0.5732009367578972, '_a7_': 1.0533120313385984, '_a1_': 1.0, '_a2_': 1.0, '_a4_': 1.0, '_a5_': 1.0}};{'d0': 0.024905832919416667};-276.475521886821;43.460471151506376
28652;-96.8244620730155;(((pow2((_a6_ + ((x * _a0_) / _a6_))) + (_a3_ ** _a0_)) + _a6_) * x);{'d0': {'_a0_': 1.0533120340709128, '_a3_': 1.949175248255978, '_a6_': -0.5732009377193825, '_a1_': 1.0, '_a2_': 1.0, '_a4_': 1.0, '_a5_': 1.0, '_a7_': 1.0}};{'d0': 0.02490583291941656};-280.569866449044;43.460471151506376
28653;-96.8244620730155;(((pow2((_a6_ + ((x * _a0_) / _a6_))) + (_a3_ ** _a0_)) + _a6_) * x);{'d0': {'_a0_': 1.0533120340709128, '_a3_': 1.949175248255978, '_a6_': -0.5732009377193825, '_a1_': 1.0, '_a2_': 1.0, '_a4_': 1.0, '_a5_': 1.0, '_a7_': 1.0}};{'d0': 0.02490583291941656};-280.569866449044;43.460471151506376
28654;-96.8244620730155;(((pow2((_a6_ + ((x * _a0_) / _a6_))) + (_a3_ ** _a0_)) + _a6_) * x);{'d0': {'_a0_': 1.0533120340709128, '_a3_': 1.949175248255978, '_a6_': -0.5732009377193825, '_a1_': 1.0, '_a2_': 1.0, '_a4_': 1.0, '_a5_': 1.0, '_a7_': 1.0}};{'d0': 0.02490583291941656};-280.569866449044;43.460471151506376
28655;-96.8244620730155;(((pow2((_a6_ + ((x * _a0_) / _a6_))) + (_a3_ ** _a0_)) + _a6_) * x);{'d0': {'_a0_': 1.0533120340709128, '_a3_': 1.949175248255978, '_a6_': -0.5732009377193825, '_a1_': 1.0, '_a2_': 1.0, '_a4_': 1.0, '_a5_': 1.0, '_a7_': 1.0}};{'d0': 0.02490583291941656};-280.569866449044;43.460471151506376
28656;-96.8244620730155;(((pow2((_a6_ + ((x * _a0_) / _a6_))) + (_a3_ ** _a0_)) + _a6_) * x);{'d0': {'_a0_': 1.0533120340709128, '_a3_': 1.949175248255978, '_a6_': -0.5732009377193825, '_a1_': 1.0, '_a2_': 1.0, '_a4_': 1.0, '_a5_': 1.0, '_a7_': 1.0}};{'d0': 0.02490583291941656};-280.569866449044;43.460471151506376
28657;-96.9542794752755;((_a5_ + pow2((_a3_ * (sin((_a4_ / (_a5_ / _a3_))) + x)))) * x);{'d0': {'_a3_': -1.837596496212955, '_a4_': 1461.8498468279656, '_a5_': 1.4465763882158715, '_a0_': 1.0, '_a1_': 1.0, '_a2_': 1.0, '_a6_': 1.0, '_a7_': 1.0}};{'d0': 0.0249058329211675};-280.569866444826;43.33065374713724
28658;-96.9542794752755;((_a5_ + pow2((_a3_ * (sin((_a4_ / (_a5_ / _a3_))) + x)))) * x);{'d0': {'_a3_': -1.837596496212955, '_a4_': 1461.8498468279656, '_a5_': 1.4465763882158715, '_a0_': 1.0, '_a1_': 1.0, '_a2_': 1.0, '_a6_': 1.0, '_a7_': 1.0}};{'d0': 0.0249058329211675};-280.569866444826;43.33065374713724
28659;-97.9145196463934;((_a5_ + pow2((_a3_ * (sin((_a4_ / (_a5_ * _a3_))) + x)))) * x);{'d0': {'_a3_': -1.8375964961662032, '_a4_': 1462.2777685996573, '_a5_': 1.4465760995332366, '_a0_': 1.0, '_a1_': 1.0, '_a2_': 1.0, '_a6_': 1.0, '_a7_': 1.0}};{'d0': 0.024905832919419363};-280.569866449037;42.37041357812504
28660;-97.9145196463934;((_a5_ + pow2((_a3_ * (sin((_a4_ / (_a5_ * _a3_))) + x)))) * x);{'d0': {'_a3_': -1.8375964961662032, '_a4_': 1462.2777685996573, '_a5_': 1.4465760995332366, '_a0_': 1.0, '_a1_': 1.0, '_a2_': 1.0, '_a6_': 1.0, '_a7_': 1.0}};{'d0': 0.024905832919419363};-280.569866449037;42.37041357812504
28661;-97.9145196463934;((_a5_ + pow2((_a3_ * (sin((_a4_ / (_a5_ * _a3_))) + x)))) * x);{'d0': {'_a3_': -1.8375964961662032, '_a4_': 1462.2777685996573, '_a5_': 1.4465760995332366, '_a0_': 1.0, '_a1_': 1.0, '_a2_': 1.0, '_a6_': 1.0, '_a7_': 1.0}};{'d0': 0.024905832919419363};-280.569866449037;42.37041357812504
28662;-97.9145196463934;((_a5_ + pow2((_a3_ * (sin((_a4_ / (_a5_ * _a3_))) + x)))) * x);{'d0': {'_a3_': -1.8375964961662032, '_a4_': 1462.2777685996573, '_a5_': 1.4465760995332366, '_a0_': 1.0, '_a1_': 1.0, '_a2_': 1.0, '_a6_': 1.0, '_a7_': 1.0}};{'d0': 0.024905832919419363};-280.569866449037;42.37041357812504
28663;-97.9145196463934;((_a5_ + pow2((_a3_ * (sin((_a4_ / (_a5_ * _a3_))) + x)))) * x);{'d0': {'_a3_': -1.8375964961662032, '_a4_': 1462.2777685996573, '_a5_': 1.4465760995332366, '_a0_': 1.0, '_a1_': 1.0, '_a2_': 1.0, '_a6_': 1.0, '_a7_': 1.0}};{'d0': 0.024905832919419363};-280.569866449037;42.37041357812504
28664;-97.9145196463934;((_a5_ + pow2((_a3_ * (sin((_a4_ / (_a5_ * _a3_))) + x)))) * x);{'d0': {'_a3_': -1.8375964961662032, '_a4_': 1462.2777685996573, '_a5_': 1.4465760995332366, '_a0_': 1.0, '_a1_': 1.0, '_a2_': 1.0, '_a6_': 1.0, '_a7_': 1.0}};{'d0': 0.024905832919419363};-280.569866449037;42.37041357812504
28665;-97.9145196463934;((_a5_ + pow2((_a3_ * (sin((_a4_ / (_a5_ * _a3_))) + x)))) * x);{'d0': {'_a3_': -1.8375964961662032, '_a4_': 1462.2777685996573, '_a5_': 1.4465760995332366, '_a0_': 1.0, '_a1_': 1.0, '_a2_': 1.0, '_a6_': 1.0, '_a7_': 1.0}};{'d0': 0.024905832919419363};-280.569866449037;42.37041357812504
28666;-97.9145196463934;((_a5_ + pow2((_a3_ * (sin((_a4_ / (_a5_ * _a3_))) + x)))) * x);{'d0': {'_a3_': -1.8375964961662032, '_a4_': 1462.2777685996573, '_a5_': 1.4465760995332366, '_a0_': 1.0, '_a1_': 1.0, '_a2_': 1.0, '_a6_': 1.0, '_a7_': 1.0}};{'d0': 0.024905832919419363};-280.569866449037;42.37041357812504
28667;-97.9145196463934;((_a5_ + pow2((_a3_ * (sin((_a4_ / (_a5_ * _a3_))) + x)))) * x);{'d0': {'_a3_': -1.8375964961662032, '_a4_': 1462.2777685996573, '_a5_': 1.4465760995332366, '_a0_': 1.0, '_a1_': 1.0, '_a2_': 1.0, '_a6_': 1.0, '_a7_': 1.0}};{'d0': 0.024905832919419363};-280.569866449037;42.37041357812504
28668;-102.791502285532;((_a5_ + pow2((_a3_ * (sin((_a4_ / _a3_)) + x)))) * x);{'d0': {'_a3_': -1.8375964949251198, '_a4_': 1461.146779740503, '_a5_': 1.4465760893378798, '_a0_': 1.0, '_a1_': 1.0, '_a2_': 1.0, '_a6_': 1.0, '_a7_': 1.0}};{'d0': 0.024905832919416674};-280.569866449043;37.49343093899004
28669;-102.791502285532;((_a5_ + pow2((_a3_ * (sin((_a4_ / _a3_)) + x)))) * x);{'d0': {'_a3_': -1.8375964949251198, '_a4_': 1461.146779740503, '_a5_': 1.4465760893378798, '_a0_': 1.0, '_a1_': 1.0, '_a2_': 1.0, '_a6_': 1.0, '_a7_': 1.0}};{'d0': 0.024905832919416674};-280.569866449043;37.49343093899004
28670;-102.791502285532;((_a5_ + pow2((_a3_ * (sin((_a4_ / _a3_)) + x)))) * x);{'d0': {'_a3_': -1.8375964949251198, '_a4_': 1461.146779740503, '_a5_': 1.4465760893378798, '_a0_': 1.0, '_a1_': 1.0, '_a2_': 1.0, '_a6_': 1.0, '_a7_': 1.0}};{'d0': 0.024905832919416674};-280.569866449043;37.49343093899004
28671;-102.791502285532;((_a5_ + pow2((_a3_ * (sin((_a4_ / _a3_)) + x)))) * x);{'d0': {'_a3_': -1.8375964949251198, '_a4_': 1461.146779740503, '_a5_': 1.4465760893378798, '_a0_': 1.0, '_a1_': 1.0, '_a2_': 1.0, '_a6_': 1.0, '_a7_': 1.0}};{'d0': 0.024905832919416674};-280.569866449043;37.49343093899004
28672;-102.791502285532;((_a5_ + pow2((_a3_ * (sin((_a4_ / _a3_)) + x)))) * x);{'d0': {'_a3_': -1.8375964949251198, '_a4_': 1461.146779740503, '_a5_': 1.4465760893378798, '_a0_': 1.0, '_a1_': 1.0, '_a2_': 1.0, '_a6_': 1.0, '_a7_': 1.0}};{'d0': 0.024905832919416674};-280.569866449043;37.49343093899004
28673;-102.791502285532;((_a5_ + pow2((_a3_ * (sin((_a4_ / _a3_)) + x)))) * x);{'d0': {'_a3_': -1.8375964949251198, '_a4_': 1461.146779740503, '_a5_': 1.4465760893378798, '_a0_': 1.0, '_a1_': 1.0, '_a2_': 1.0, '_a6_': 1.0, '_a7_': 1.0}};{'d0': 0.024905832919416674};-280.569866449043;37.49343093899004
28674;-102.791502285532;((_a5_ + pow2((_a3_ * (sin((_a4_ / _a3_)) + x)))) * x);{'d0': {'_a3_': -1.8375964949251198, '_a4_': 1461.146779740503, '_a5_': 1.4465760893378798, '_a0_': 1.0, '_a1_': 1.0, '_a2_': 1.0, '_a6_': 1.0, '_a7_': 1.0}};{'d0': 0.024905832919416674};-280.569866449043;37.49343093899004
28675;-102.791502285532;((_a5_ + pow2((_a3_ * (sin((_a4_ / _a3_)) + x)))) * x);{'d0': {'_a3_': -1.8375964949251198, '_a4_': 1461.146779740503, '_a5_': 1.4465760893378798, '_a0_': 1.0, '_a1_': 1.0, '_a2_': 1.0, '_a6_': 1.0, '_a7_': 1.0}};{'d0': 0.024905832919416674};-280.569866449043;37.49343093899004
28676;-102.791502285532;((_a5_ + pow2((_a3_ * (sin((_a4_ / _a3_)) + x)))) * x);{'d0': {'_a3_': -1.8375964949251198, '_a4_': 1461.146779740503, '_a5_': 1.4465760893378798, '_a0_': 1.0, '_a1_': 1.0, '_a2_': 1.0, '_a6_': 1.0, '_a7_': 1.0}};{'d0': 0.024905832919416674};-280.569866449043;37.49343093899004
28677;-102.791502285532;((_a5_ + pow2((_a3_ * (sin((_a4_ / _a3_)) + x)))) * x);{'d0': {'_a3_': -1.8375964949251198, '_a4_': 1461.146779740503, '_a5_': 1.4465760893378798, '_a0_': 1.0, '_a1_': 1.0, '_a2_': 1.0, '_a6_': 1.0, '_a7_': 1.0}};{'d0': 0.024905832919416674};-280.569866449043;37.49343093899004
28678;-102.791502285532;((_a5_ + pow2((_a3_ * (sin((_a4_ / _a3_)) + x)))) * x);{'d0': {'_a3_': -1.8375964949251198, '_a4_': 1461.146779740503, '_a5_': 1.4465760893378798, '_a0_': 1.0, '_a1_': 1.0, '_a2_': 1.0, '_a6_': 1.0, '_a7_': 1.0}};{'d0': 0.024905832919416674};-280.569866449043;37.49343093899004
28679;-102.791502285532;((_a5_ + pow2((_a3_ * (sin((_a4_ / _a3_)) + x)))) * x);{'d0': {'_a3_': -1.8375964949251198, '_a4_': 1461.146779740503, '_a5_': 1.4465760893378798, '_a0_': 1.0, '_a1_': 1.0, '_a2_': 1.0, '_a6_': 1.0, '_a7_': 1.0}};{'d0': 0.024905832919416674};-280.569866449043;37.49343093899004
28680;-102.791502285532;((_a5_ + pow2((_a3_ * (sin((_a4_ / _a3_)) + x)))) * x);{'d0': {'_a3_': -1.8375964949251198, '_a4_': 1461.146779740503, '_a5_': 1.4465760893378798, '_a0_': 1.0, '_a1_': 1.0, '_a2_': 1.0, '_a6_': 1.0, '_a7_': 1.0}};{'d0': 0.024905832919416674};-280.569866449043;37.49343093899004
28681;-102.791502285532;((_a5_ + pow2((_a3_ * (sin((_a4_ / _a3_)) + x)))) * x);{'d0': {'_a3_': -1.8375964949251198, '_a4_': 1461.146779740503, '_a5_': 1.4465760893378798, '_a0_': 1.0, '_a1_': 1.0, '_a2_': 1.0, '_a6_': 1.0, '_a7_': 1.0}};{'d0': 0.024905832919416674};-280.569866449043;37.49343093899004
28682;-102.791502285532;((_a5_ + pow2((_a3_ * (sin((_a4_ / _a3_)) + x)))) * x);{'d0': {'_a3_': -1.8375964949251198, '_a4_': 1461.146779740503, '_a5_': 1.4465760893378798, '_a0_': 1.0, '_a1_': 1.0, '_a2_': 1.0, '_a6_': 1.0, '_a7_': 1.0}};{'d0': 0.024905832919416674};-280.569866449043;37.49343093899004
28683;-102.791502285532;((_a5_ + pow2((_a3_ * (sin((_a4_ / _a3_)) + x)))) * x);{'d0': {'_a3_': -1.8375964949251198, '_a4_': 1461.146779740503, '_a5_': 1.4465760893378798, '_a0_': 1.0, '_a1_': 1.0, '_a2_': 1.0, '_a6_': 1.0, '_a7_': 1.0}};{'d0': 0.024905832919416674};-280.569866449043;37.49343093899004
28684;-102.791502285532;((_a5_ + pow2((_a3_ * (sin((_a4_ / _a3_)) + x)))) * x);{'d0': {'_a3_': -1.8375964949251198, '_a4_': 1461.146779740503, '_a5_': 1.4465760893378798, '_a0_': 1.0, '_a1_': 1.0, '_a2_': 1.0, '_a6_': 1.0, '_a7_': 1.0}};{'d0': 0.024905832919416674};-280.569866449043;37.49343093899004
28685;-101.998911989524;((_a5_ + pow2((_a3_ * (sin(pow3(_a0_)) + x)))) * x);{'d0': {'_a0_': 0.6820063320056505, '_a3_': -1.8375964949310766, '_a5_': 1.4465760893264559, '_a1_': 1.0, '_a2_': 1.0, '_a4_': 1.0, '_a6_': 1.0, '_a7_': 1.0}};{'d0': 0.02490583291941667};-280.569866449043;38.28602123499764
28686;-102.671193002904;((_a5_ + pow2((_a3_ * (sin((_a3_ + _a4_)) + x)))) * x);{'d0': {'_a3_': -1.8375964951210761, '_a4_': 2.154819898728914, '_a5_': 1.446576089180265, '_a0_': 1.0, '_a1_': 1.0, '_a2_': 1.0, '_a6_': 1.0, '_a7_': 1.0}};{'d0': 0.02490583291941656};-280.569866449044;37.61374022161764
28687;-102.671193002904;((_a5_ + pow2((_a3_ * (sin((_a3_ + _a4_)) + x)))) * x);{'d0': {'_a3_': -1.8375964951210761, '_a4_': 2.154819898728914, '_a5_': 1.446576089180265, '_a0_': 1.0, '_a1_': 1.0, '_a2_': 1.0, '_a6_': 1.0, '_a7_': 1.0}};{'d0': 0.02490583291941656};-280.569866449044;37.61374022161764
28688;-102.671193002904;((_a5_ + pow2((_a3_ * (sin((_a3_ + _a4_)) + x)))) * x);{'d0': {'_a3_': -1.8375964951210761, '_a4_': 2.154819898728914, '_a5_': 1.446576089180265, '_a0_': 1.0, '_a1_': 1.0, '_a2_': 1.0, '_a6_': 1.0, '_a7_': 1.0}};{'d0': 0.02490583291941656};-280.569866449044;37.61374022161764
28689;-102.671193002904;((_a5_ + pow2((_a3_ * (sin((_a3_ + _a4_)) + x)))) * x);{'d0': {'_a3_': -1.8375964951210761, '_a4_': 2.154819898728914, '_a5_': 1.446576089180265, '_a0_': 1.0, '_a1_': 1.0, '_a2_': 1.0, '_a6_': 1.0, '_a7_': 1.0}};{'d0': 0.02490583291941656};-280.569866449044;37.61374022161764
28690;-102.671193002904;((_a1_ + pow2((_a3_ * (sin((_a3_ + _a4_)) + x)))) * x);{'d0': {'_a1_': 1.4465760891467536, '_a3_': -1.8375964951088064, '_a4_': 2.1548198987110623, '_a0_': 1.0, '_a2_': 1.0, '_a5_': 1.0, '_a6_': 1.0, '_a7_': 1.0}};{'d0': 0.024905832919416684};-280.569866449043;37.61374022161764
28691;-102.671193002904;((_a1_ + pow2((_a3_ * (sin((_a3_ + _a4_)) + x)))) * x);{'d0': {'_a1_': 1.4465760891467536, '_a3_': -1.8375964951088064, '_a4_': 2.1548198987110623, '_a0_': 1.0, '_a2_': 1.0, '_a5_': 1.0, '_a6_': 1.0, '_a7_': 1.0}};{'d0': 0.024905832919416684};-280.569866449043;37.61374022161764
28692;-102.671193002904;((_a1_ + pow2((_a3_ * (sin((_a3_ + _a4_)) + x)))) * x);{'d0': {'_a1_': 1.4465760891467536, '_a3_': -1.8375964951088064, '_a4_': 2.1548198987110623, '_a0_': 1.0, '_a2_': 1.0, '_a5_': 1.0, '_a6_': 1.0, '_a7_': 1.0}};{'d0': 0.024905832919416684};-280.569866449043;37.61374022161764
28693;-102.671193002904;((_a1_ + pow2((_a3_ * (sin((_a3_ + _a4_)) + x)))) * x);{'d0': {'_a1_': 1.4465760891467536, '_a3_': -1.8375964951088064, '_a4_': 2.1548198987110623, '_a0_': 1.0, '_a2_': 1.0, '_a5_': 1.0, '_a6_': 1.0, '_a7_': 1.0}};{'d0': 0.024905832919416684};-280.569866449043;37.61374022161764
28694;-103.232462021824;((_a1_ + pow2((_a3_ * (sin(log(_a6_)) + x)))) * x);{'d0': {'_a1_': 1.446576089462614, '_a3_': -1.8375964948483952, '_a6_': 1.373309339913717, '_a0_': 1.0, '_a2_': 1.0, '_a4_': 1.0, '_a5_': 1.0, '_a7_': 1.0}};{'d0': 0.024905832919416653};-280.569866449044;37.05247120269764
28695;-103.232462021824;((_a1_ + pow2((_a3_ * (sin(log(_a6_)) + x)))) * x);{'d0': {'_a1_': 1.446576089462614, '_a3_': -1.8375964948483952, '_a6_': 1.373309339913717, '_a0_': 1.0, '_a2_': 1.0, '_a4_': 1.0, '_a5_': 1.0, '_a7_': 1.0}};{'d0': 0.024905832919416653};-280.569866449044;37.05247120269764
28696;-103.232462021824;((_a1_ + pow2((_a3_ * (sin(log(_a6_)) + x)))) * x);{'d0': {'_a1_': 1.446576089462614, '_a3_': -1.8375964948483952, '_a6_': 1.373309339913717, '_a0_': 1.0, '_a2_': 1.0, '_a4_': 1.0, '_a5_': 1.0, '_a7_': 1.0}};{'d0': 0.024905832919416653};-280.569866449044;37.05247120269764
28697;-103.232462021824;((_a1_ + pow2((_a3_ * (sin(log(_a6_)) + x)))) * x);{'d0': {'_a1_': 1.446576089462614, '_a3_': -1.8375964948483952, '_a6_': 1.373309339913717, '_a0_': 1.0, '_a2_': 1.0, '_a4_': 1.0, '_a5_': 1.0, '_a7_': 1.0}};{'d0': 0.024905832919416653};-280.569866449044;37.05247120269764
28698;-103.232462021824;((_a1_ + pow2((_a3_ * (sin(log(_a6_)) + x)))) * x);{'d0': {'_a1_': 1.446576089462614, '_a3_': -1.8375964948483952, '_a6_': 1.373309339913717, '_a0_': 1.0, '_a2_': 1.0, '_a4_': 1.0, '_a5_': 1.0, '_a7_': 1.0}};{'d0': 0.024905832919416653};-280.569866449044;37.05247120269764
28699;-103.232462021824;((_a1_ + pow2((_a3_ * (sin(log(_a6_)) + x)))) * x);{'d0': {'_a1_': 1.446576089462614, '_a3_': -1.8375964948483952, '_a6_': 1.373309339913717, '_a0_': 1.0, '_a2_': 1.0, '_a4_': 1.0, '_a5_': 1.0, '_a7_': 1.0}};{'d0': 0.024905832919416653};-280.569866449044;37.05247120269764
28700;-103.232462021824;((_a1_ + pow2((_a3_ * (sin(log(_a6_)) + x)))) * x);{'d0': {'_a1_': 1.446576089462614, '_a3_': -1.8375964948483952, '_a6_': 1.373309339913717, '_a0_': 1.0, '_a2_': 1.0, '_a4_': 1.0, '_a5_': 1.0, '_a7_': 1.0}};{'d0': 0.024905832919416653};-280.569866449044;37.05247120269764
28701;-103.232462021824;((_a1_ + pow2((_a3_ * (sin(log(_a6_)) + x)))) * x);{'d0': {'_a1_': 1.446576089462614, '_a3_': -1.8375964948483952, '_a6_': 1.373309339913717, '_a0_': 1.0, '_a2_': 1.0, '_a4_': 1.0, '_a5_': 1.0, '_a7_': 1.0}};{'d0': 0.024905832919416653};-280.569866449044;37.05247120269764
28702;-103.232462021824;((_a1_ + pow2((_a3_ * (sin(log(_a6_)) + x)))) * x);{'d0': {'_a1_': 1.446576089462614, '_a3_': -1.8375964948483952, '_a6_': 1.373309339913717, '_a0_': 1.0, '_a2_': 1.0, '_a4_': 1.0, '_a5_': 1.0, '_a7_': 1.0}};{'d0': 0.024905832919416653};-280.569866449044;37.05247120269764
28703;-103.232462021824;((_a1_ + pow2((_a3_ * (sin(log(_a6_)) + x)))) * x);{'d0': {'_a1_': 1.446576089462614, '_a3_': -1.8375964948483952, '_a6_': 1.373309339913717, '_a0_': 1.0, '_a2_': 1.0, '_a4_': 1.0, '_a5_': 1.0, '_a7_': 1.0}};{'d0': 0.024905832919416653};-280.569866449044;37.05247120269764
28704;-103.232462021824;((_a1_ + pow2((_a3_ * (sin(log(_a6_)) + x)))) * x);{'d0': {'_a1_': 1.446576089462614, '_a3_': -1.8375964948483952, '_a6_': 1.373309339913717, '_a0_': 1.0, '_a2_': 1.0, '_a4_': 1.0, '_a5_': 1.0, '_a7_': 1.0}};{'d0': 0.024905832919416653};-280.569866449044;37.05247120269764
28705;-103.232462021824;((_a1_ + pow2((_a3_ * (sin(log(_a6_)) + x)))) * x);{'d0': {'_a1_': 1.446576089462614, '_a3_': -1.8375964948483952, '_a6_': 1.373309339913717, '_a0_': 1.0, '_a2_': 1.0, '_a4_': 1.0, '_a5_': 1.0, '_a7_': 1.0}};{'d0': 0.024905832919416653};-280.569866449044;37.05247120269764
28706;-103.232462021824;((_a1_ + pow2((_a3_ * (sin(log(_a6_)) + x)))) * x);{'d0': {'_a1_': 1.446576089462614, '_a3_': -1.8375964948483952, '_a6_': 1.373309339913717, '_a0_': 1.0, '_a2_': 1.0, '_a4_': 1.0, '_a5_': 1.0, '_a7_': 1.0}};{'d0': 0.024905832919416653};-280.569866449044;37.05247120269764
28707;-103.232462021824;((_a1_ + pow2((_a3_ * (sin(log(_a6_)) + x)))) * x);{'d0': {'_a1_': 1.446576089462614, '_a3_': -1.8375964948483952, '_a6_': 1.373309339913717, '_a0_': 1.0, '_a2_': 1.0, '_a4_': 1.0, '_a5_': 1.0, '_a7_': 1.0}};{'d0': 0.024905832919416653};-280.569866449044;37.05247120269764
28708;-103.232462021824;((_a1_ + pow2((_a3_ * (sin(log(_a6_)) + x)))) * x);{'d0': {'_a1_': 1.446576089462614, '_a3_': -1.8375964948483952, '_a6_': 1.373309339913717, '_a0_': 1.0, '_a2_': 1.0, '_a4_': 1.0, '_a5_': 1.0, '_a7_': 1.0}};{'d0': 0.024905832919416653};-280.569866449044;37.05247120269764
28709;-103.232462021824;((_a1_ + pow2((_a3_ * (sin(log(_a6_)) + x)))) * x);{'d0': {'_a1_': 1.446576089462614, '_a3_': -1.8375964948483952, '_a6_': 1.373309339913717, '_a0_': 1.0, '_a2_': 1.0, '_a4_': 1.0, '_a5_': 1.0, '_a7_': 1.0}};{'d0': 0.024905832919416653};-280.569866449044;37.05247120269764
28710;-103.232462021824;((_a1_ + pow2((_a3_ * (sin(log(_a6_)) + x)))) * x);{'d0': {'_a1_': 1.446576089462614, '_a3_': -1.8375964948483952, '_a6_': 1.373309339913717, '_a0_': 1.0, '_a2_': 1.0, '_a4_': 1.0, '_a5_': 1.0, '_a7_': 1.0}};{'d0': 0.024905832919416653};-280.569866449044;37.05247120269764
28711;-103.232462021824;((_a1_ + pow2((_a3_ * (sin(log(_a6_)) + x)))) * x);{'d0': {'_a1_': 1.446576089462614, '_a3_': -1.8375964948483952, '_a6_': 1.373309339913717, '_a0_': 1.0, '_a2_': 1.0, '_a4_': 1.0, '_a5_': 1.0, '_a7_': 1.0}};{'d0': 0.024905832919416653};-280.569866449044;37.05247120269764
28712;-103.232462021824;((_a1_ + pow2((_a3_ * (sin(log(_a6_)) + x)))) * x);{'d0': {'_a1_': 1.446576089462614, '_a3_': -1.8375964948483952, '_a6_': 1.373309339913717, '_a0_': 1.0, '_a2_': 1.0, '_a4_': 1.0, '_a5_': 1.0, '_a7_': 1.0}};{'d0': 0.024905832919416653};-280.569866449044;37.05247120269764
28713;-103.232462021824;((_a1_ + pow2((_a3_ * (sin(log(_a6_)) + x)))) * x);{'d0': {'_a1_': 1.446576089462614, '_a3_': -1.8375964948483952, '_a6_': 1.373309339913717, '_a0_': 1.0, '_a2_': 1.0, '_a4_': 1.0, '_a5_': 1.0, '_a7_': 1.0}};{'d0': 0.024905832919416653};-280.569866449044;37.05247120269764
28714;-103.232462021824;((_a1_ + pow2((_a3_ * (sin(log(_a6_)) + x)))) * x);{'d0': {'_a1_': 1.446576089462614, '_a3_': -1.8375964948483952, '_a6_': 1.373309339913717, '_a0_': 1.0, '_a2_': 1.0, '_a4_': 1.0, '_a5_': 1.0, '_a7_': 1.0}};{'d0': 0.024905832919416653};-280.569866449044;37.05247120269764
28715;-103.232462021824;((_a1_ + pow2((_a3_ * (sin(log(_a6_)) + x)))) * x);{'d0': {'_a1_': 1.446576089462614, '_a3_': -1.8375964948483952, '_a6_': 1.373309339913717, '_a0_': 1.0, '_a2_': 1.0, '_a4_': 1.0, '_a5_': 1.0, '_a7_': 1.0}};{'d0': 0.024905832919416653};-280.569866449044;37.05247120269764
28716;-93.8694748974756;(((_a1_ * pow2(((_a5_ + (x + x)) + x))) + (_a1_ / pow2(_a3_))) * x);{'d0': {'_a1_': 0.3751956530518505, '_a3_': 0.5092819191736595, '_a5_': 0.9357891232084605, '_a0_': 1.0, '_a2_': 1.0, '_a4_': 1.0, '_a6_': 1.0, '_a7_': 1.0}};{'d0': 0.024905832919416657};-280.569866449044;46.41545832704651
28717;-93.8694748974756;(((_a1_ * pow2(((_a5_ + (x + x)) + x))) + (_a1_ / pow2(_a3_))) * x);{'d0': {'_a1_': 0.3751956530518505, '_a3_': 0.5092819191736595, '_a5_': 0.9357891232084605, '_a0_': 1.0, '_a2_': 1.0, '_a4_': 1.0, '_a6_': 1.0, '_a7_': 1.0}};{'d0': 0.024905832919416657};-280.569866449044;46.41545832704651
28718;-93.8694748974756;(((_a1_ * pow2(((_a5_ + (x + x)) + x))) + (_a1_ / pow2(_a3_))) * x);{'d0': {'_a1_': 0.3751956530518505, '_a3_': 0.5092819191736595, '_a5_': 0.9357891232084605, '_a0_': 1.0, '_a2_': 1.0, '_a4_': 1.0, '_a6_': 1.0, '_a7_': 1.0}};{'d0': 0.024905832919416657};-280.569866449044;46.41545832704651
28719;-93.8694748974756;(((_a1_ * pow2(((_a5_ + (x + x)) + x))) + (_a1_ / pow2(_a3_))) * x);{'d0': {'_a1_': 0.3751956530518505, '_a3_': 0.5092819191736595, '_a5_': 0.9357891232084605, '_a0_': 1.0, '_a2_': 1.0, '_a4_': 1.0, '_a6_': 1.0, '_a7_': 1.0}};{'d0': 0.024905832919416657};-280.569866449044;46.41545832704651
28720;-93.8694748974756;(((_a1_ * pow2(((_a5_ + (x + x)) + x))) + (_a1_ / pow2(_a3_))) * x);{'d0': {'_a1_': 0.3751956530518505, '_a3_': 0.5092819191736595, '_a5_': 0.9357891232084605, '_a0_': 1.0, '_a2_': 1.0, '_a4_': 1.0, '_a6_': 1.0, '_a7_': 1.0}};{'d0': 0.024905832919416657};-280.569866449044;46.41545832704651
28721;-93.8694748974756;(((_a1_ * pow2(((_a5_ + (x + x)) + x))) + (_a1_ / pow2(_a3_))) * x);{'d0': {'_a1_': 0.3751956530518505, '_a3_': 0.5092819191736595, '_a5_': 0.9357891232084605, '_a0_': 1.0, '_a2_': 1.0, '_a4_': 1.0, '_a6_': 1.0, '_a7_': 1.0}};{'d0': 0.024905832919416657};-280.569866449044;46.41545832704651
28722;-88.9924922583391;(((_a1_ * pow2(((_a5_ + (x + x)) + (_a1_ * _a3_)))) + (_a1_ / pow2(_a3_))) * x);{'d0': {'_a1_': 0.8441902064738322, '_a3_': 0.7639228682025977, '_a5_': -0.02103678527248306, '_a0_': 1.0, '_a2_': 1.0, '_a4_': 1.0, '_a6_': 1.0, '_a7_': 1.0}};{'d0': 0.024905832919417975};-280.569866449040;51.29244096618151
28723;-88.9924922583391;(((_a1_ * pow2(((_a5_ + (x + x)) + (_a1_ * _a3_)))) + (_a1_ / pow2(_a3_))) * x);{'d0': {'_a1_': 0.8441902064738322, '_a3_': 0.7639228682025977, '_a5_': -0.02103678527248306, '_a0_': 1.0, '_a2_': 1.0, '_a4_': 1.0, '_a6_': 1.0, '_a7_': 1.0}};{'d0': 0.024905832919417975};-280.569866449040;51.29244096618151
28724;-88.9924922583391;(((_a1_ * pow2(((_a5_ + (x + x)) + (_a1_ * _a3_)))) + (_a1_ / pow2(_a3_))) * x);{'d0': {'_a1_': 0.8441902064738322, '_a3_': 0.7639228682025977, '_a5_': -0.02103678527248306, '_a0_': 1.0, '_a2_': 1.0, '_a4_': 1.0, '_a6_': 1.0, '_a7_': 1.0}};{'d0': 0.024905832919417975};-280.569866449040;51.29244096618151
28725;-88.9924922583391;(((_a1_ * pow2(((_a5_ + (x + x)) + (_a1_ * _a3_)))) + (_a1_ / pow2(_a3_))) * x);{'d0': {'_a1_': 0.8441902064738322, '_a3_': 0.7639228682025977, '_a5_': -0.02103678527248306, '_a0_': 1.0, '_a2_': 1.0, '_a4_': 1.0, '_a6_': 1.0, '_a7_': 1.0}};{'d0': 0.024905832919417975};-280.569866449040;51.29244096618151
28726;-88.9924922583391;(((_a1_ * pow2(((_a5_ + (x + x)) + (_a1_ * _a3_)))) + (_a1_ / pow2(_a3_))) * x);{'d0': {'_a1_': 0.8441902064738322, '_a3_': 0.7639228682025977, '_a5_': -0.02103678527248306, '_a0_': 1.0, '_a2_': 1.0, '_a4_': 1.0, '_a6_': 1.0, '_a7_': 1.0}};{'d0': 0.024905832919417975};-280.569866449040;51.29244096618151
28727;-88.9924922583391;(((_a1_ * pow2(((_a5_ + (x + x)) + (_a1_ * _a3_)))) + (_a1_ / pow2(_a3_))) * x);{'d0': {'_a1_': 0.8441902064738322, '_a3_': 0.7639228682025977, '_a5_': -0.02103678527248306, '_a0_': 1.0, '_a2_': 1.0, '_a4_': 1.0, '_a6_': 1.0, '_a7_': 1.0}};{'d0': 0.024905832919417975};-280.569866449040;51.29244096618151
28728;-88.9924922583391;(((_a1_ * pow2(((_a5_ + (x + x)) + (_a1_ * _a3_)))) + (_a1_ / pow2(_a3_))) * x);{'d0': {'_a1_': 0.8441902064738322, '_a3_': 0.7639228682025977, '_a5_': -0.02103678527248306, '_a0_': 1.0, '_a2_': 1.0, '_a4_': 1.0, '_a6_': 1.0, '_a7_': 1.0}};{'d0': 0.024905832919417975};-280.569866449040;51.29244096618151
28729;-88.9924922583391;(((_a1_ * pow2(((_a5_ + (x + x)) + (_a1_ * _a3_)))) + (_a1_ / pow2(_a3_))) * x);{'d0': {'_a1_': 0.8441902064738322, '_a3_': 0.7639228682025977, '_a5_': -0.02103678527248306, '_a0_': 1.0, '_a2_': 1.0, '_a4_': 1.0, '_a6_': 1.0, '_a7_': 1.0}};{'d0': 0.024905832919417975};-280.569866449040;51.29244096618151
28730;-88.9924922583391;(((_a1_ * pow2(((_a5_ + (x + x)) + (_a1_ * _a3_)))) + (_a1_ / pow2(_a3_))) * x);{'d0': {'_a1_': 0.8441902064738322, '_a3_': 0.7639228682025977, '_a5_': -0.02103678527248306, '_a0_': 1.0, '_a2_': 1.0, '_a4_': 1.0, '_a6_': 1.0, '_a7_': 1.0}};{'d0': 0.024905832919417975};-280.569866449040;51.29244096618151
28731;-88.9924922583391;(((_a1_ * pow2(((_a5_ + (x + x)) + (_a1_ * _a3_)))) + (_a1_ / pow2(_a3_))) * x);{'d0': {'_a1_': 0.8441902064738322, '_a3_': 0.7639228682025977, '_a5_': -0.02103678527248306, '_a0_': 1.0, '_a2_': 1.0, '_a4_': 1.0, '_a6_': 1.0, '_a7_': 1.0}};{'d0': 0.024905832919417975};-280.569866449040;51.29244096618151
28732;-88.9924922583391;(((_a1_ * pow2(((_a5_ + (x + x)) + (_a1_ * _a3_)))) + (_a1_ / pow2(_a3_))) * x);{'d0': {'_a1_': 0.8441902064738322, '_a3_': 0.7639228682025977, '_a5_': -0.02103678527248306, '_a0_': 1.0, '_a2_': 1.0, '_a4_': 1.0, '_a6_': 1.0, '_a7_': 1.0}};{'d0': 0.024905832919417975};-280.569866449040;51.29244096618151
28733;-88.9924922583391;(((_a1_ * pow2(((_a5_ + (x + x)) + (_a1_ * _a3_)))) + (_a1_ / pow2(_a3_))) * x);{'d0': {'_a1_': 0.8441902064738322, '_a3_': 0.7639228682025977, '_a5_': -0.02103678527248306, '_a0_': 1.0, '_a2_': 1.0, '_a4_': 1.0, '_a6_': 1.0, '_a7_': 1.0}};{'d0': 0.024905832919417975};-280.569866449040;51.29244096618151
28734;-88.9924922583407;(((_a1_ * pow2(((_a5_ + (x + x)) + (x * _a3_)))) + (_a1_ / pow2(_a3_))) * x);{'d0': {'_a1_': 0.5034166705441593, '_a3_': 0.589920047730969, '_a5_': 0.807873003769798, '_a0_': 1.0, '_a2_': 1.0, '_a4_': 1.0, '_a6_': 1.0, '_a7_': 1.0}};{'d0': 0.02490583291941664};-280.569866449044;51.29244096618151
28735;-88.9924922583407;(((_a1_ * pow2(((_a5_ + (x + x)) + (x * _a3_)))) + (_a1_ / pow2(_a3_))) * x);{'d0': {'_a1_': 0.5034166705441593, '_a3_': 0.589920047730969, '_a5_': 0.807873003769798, '_a0_': 1.0, '_a2_': 1.0, '_a4_': 1.0, '_a6_': 1.0, '_a7_': 1.0}};{'d0': 0.02490583291941664};-280.569866449044;51.29244096618151
28736;-88.9924922583407;(((_a1_ * pow2(((_a5_ + (x + x)) + (x * _a3_)))) + (_a1_ / pow2(_a3_))) * x);{'d0': {'_a1_': 0.5034166705441593, '_a3_': 0.589920047730969, '_a5_': 0.807873003769798, '_a0_': 1.0, '_a2_': 1.0, '_a4_': 1.0, '_a6_': 1.0, '_a7_': 1.0}};{'d0': 0.02490583291941664};-280.569866449044;51.29244096618151
28737;-95.1921407606493;(x * (_a5_ + ((x * ((x + _a6_) * ((_a1_ + _a1_) * _a6_))) + _a4_)));{'d0': {'_a1_': 2.7063475966529054, '_a4_': -543.7060247528848, '_a5_': 545.4811597767807, '_a6_': 0.6238594165686503, '_a0_': 1.0, '_a2_': 1.0, '_a3_': 1.0, '_a7_': 1.0}};{'d0': 0.024905832921695816};-276.475521881331;43.045620180015995
28738;-95.1921407606493;(x * (_a5_ + ((x * ((x + _a6_) * ((_a1_ + _a1_) * _a6_))) + _a4_)));{'d0': {'_a1_': 2.7063475966529054, '_a4_': -543.7060247528848, '_a5_': 545.4811597767807, '_a6_': 0.6238594165686503, '_a0_': 1.0, '_a2_': 1.0, '_a3_': 1.0, '_a7_': 1.0}};{'d0': 0.024905832921695816};-276.475521881331;43.045620180015995
28739;-96.0910445980024;(x * (_a5_ + ((x * ((x + _a6_) * ((_a1_ + _a1_) * _a6_))) * _a4_)));{'d0': {'_a1_': 0.9854274978648183, '_a4_': 2.7463677481531645, '_a5_': 1.7751354042683025, '_a6_': 0.6238594156158436, '_a0_': 1.0, '_a2_': 1.0, '_a3_': 1.0, '_a7_': 1.0}};{'d0': 0.024905832921611058};-276.475521881535;42.146716342765
28740;-96.0907604451197;(x * (_a5_ + ((x * ((x + _a6_) * ((_a1_ + x) * _a6_))) * _a4_)));{'d0': {'_a1_': 45366.91522051645, '_a4_': 0.0001193116843791494, '_a5_': 1.7751220338148113, '_a6_': 0.6238519836319595, '_a0_': 1.0, '_a2_': 1.0, '_a3_': 1.0, '_a7_': 1.0}};{'d0': 0.024906068824868958};-276.474953575770;42.146716342765
28741;-96.0907604451197;(x * (_a5_ + ((x * ((x + _a6_) * ((_a1_ + x) * _a6_))) * _a4_)));{'d0': {'_a1_': 45366.91522051645, '_a4_': 0.0001193116843791494, '_a5_': 1.7751220338148113, '_a6_': 0.6238519836319595, '_a0_': 1.0, '_a2_': 1.0, '_a3_': 1.0, '_a7_': 1.0}};{'d0': 0.024906068824868958};-276.474953575770;42.146716342765
28742;-96.0907604451197;(x * (_a5_ + ((x * ((x + _a6_) * ((_a1_ + x) * _a6_))) * _a4_)));{'d0': {'_a1_': 45366.91522051645, '_a4_': 0.0001193116843791494, '_a5_': 1.7751220338148113, '_a6_': 0.6238519836319595, '_a0_': 1.0, '_a2_': 1.0, '_a3_': 1.0, '_a7_': 1.0}};{'d0': 0.024906068824868958};-276.474953575770;42.146716342765
28743;-96.0907604451197;(x * (_a5_ + ((x * ((x + _a6_) * ((_a1_ + x) * _a6_))) * _a4_)));{'d0': {'_a1_': 45366.91522051645, '_a4_': 0.0001193116843791494, '_a5_': 1.7751220338148113, '_a6_': 0.6238519836319595, '_a0_': 1.0, '_a2_': 1.0, '_a3_': 1.0, '_a7_': 1.0}};{'d0': 0.024906068824868958};-276.474953575770;42.146716342765
28744;-96.0907604451197;(x * (_a5_ + ((x * ((x + _a6_) * ((_a1_ + x) * _a6_))) * _a4_)));{'d0': {'_a1_': 45366.91522051645, '_a4_': 0.0001193116843791494, '_a5_': 1.7751220338148113, '_a6_': 0.6238519836319595, '_a0_': 1.0, '_a2_': 1.0, '_a3_': 1.0, '_a7_': 1.0}};{'d0': 0.024906068824868958};-276.474953575770;42.146716342765
28745;-96.0907604451197;(x * (_a5_ + ((x * ((x + _a6_) * ((_a1_ + x) * _a6_))) * _a4_)));{'d0': {'_a1_': 45366.91522051645, '_a4_': 0.0001193116843791494, '_a5_': 1.7751220338148113, '_a6_': 0.6238519836319595, '_a0_': 1.0, '_a2_': 1.0, '_a3_': 1.0, '_a7_': 1.0}};{'d0': 0.024906068824868958};-276.474953575770;42.146716342765
28746;-96.0907604451197;(x * (_a5_ + ((x * ((x + _a6_) * ((_a1_ + x) * _a6_))) * _a4_)));{'d0': {'_a1_': 45366.91522051645, '_a4_': 0.0001193116843791494, '_a5_': 1.7751220338148113, '_a6_': 0.6238519836319595, '_a0_': 1.0, '_a2_': 1.0, '_a3_': 1.0, '_a7_': 1.0}};{'d0': 0.024906068824868958};-276.474953575770;42.146716342765
28747;-96.0907604451197;(x * (_a5_ + ((x * ((x + _a6_) * ((_a1_ + x) * _a6_))) * _a4_)));{'d0': {'_a1_': 45366.91522051645, '_a4_': 0.0001193116843791494, '_a5_': 1.7751220338148113, '_a6_': 0.6238519836319595, '_a0_': 1.0, '_a2_': 1.0, '_a3_': 1.0, '_a7_': 1.0}};{'d0': 0.024906068824868958};-276.474953575770;42.146716342765
28748;-96.0907604451197;(x * (_a5_ + ((x * ((x + _a6_) * ((_a1_ + x) * _a6_))) * _a4_)));{'d0': {'_a1_': 45366.91522051645, '_a4_': 0.0001193116843791494, '_a5_': 1.7751220338148113, '_a6_': 0.6238519836319595, '_a0_': 1.0, '_a2_': 1.0, '_a3_': 1.0, '_a7_': 1.0}};{'d0': 0.024906068824868958};-276.474953575770;42.146716342765
28749;-96.0907604451197;(x * (_a5_ + ((x * ((x + _a6_) * ((_a1_ + x) * _a6_))) * _a4_)));{'d0': {'_a1_': 45366.91522051645, '_a4_': 0.0001193116843791494, '_a5_': 1.7751220338148113, '_a6_': 0.6238519836319595, '_a0_': 1.0, '_a2_': 1.0, '_a3_': 1.0, '_a7_': 1.0}};{'d0': 0.024906068824868958};-276.474953575770;42.146716342765
28750;-96.0907604451197;(x * (_a5_ + ((x * ((x + _a6_) * ((_a1_ + x) * _a6_))) * _a4_)));{'d0': {'_a1_': 45366.91522051645, '_a4_': 0.0001193116843791494, '_a5_': 1.7751220338148113, '_a6_': 0.6238519836319595, '_a0_': 1.0, '_a2_': 1.0, '_a3_': 1.0, '_a7_': 1.0}};{'d0': 0.024906068824868958};-276.474953575770;42.146716342765
28751;-96.0907604451197;(x * (_a5_ + ((x * ((x + _a6_) * ((_a1_ + x) * _a6_))) * _a4_)));{'d0': {'_a1_': 45366.91522051645, '_a4_': 0.0001193116843791494, '_a5_': 1.7751220338148113, '_a6_': 0.6238519836319595, '_a0_': 1.0, '_a2_': 1.0, '_a3_': 1.0, '_a7_': 1.0}};{'d0': 0.024906068824868958};-276.474953575770;42.146716342765
28752;-96.0907604451197;(x * (_a5_ + ((x * ((x + _a6_) * ((_a1_ + x) * _a6_))) * _a4_)));{'d0': {'_a1_': 45366.91522051645, '_a4_': 0.0001193116843791494, '_a5_': 1.7751220338148113, '_a6_': 0.6238519836319595, '_a0_': 1.0, '_a2_': 1.0, '_a3_': 1.0, '_a7_': 1.0}};{'d0': 0.024906068824868958};-276.474953575770;42.146716342765
28753;-96.0907604451197;(x * (_a5_ + ((x * ((x + _a6_) * ((_a1_ + x) * _a6_))) * _a4_)));{'d0': {'_a1_': 45366.91522051645, '_a4_': 0.0001193116843791494, '_a5_': 1.7751220338148113, '_a6_': 0.6238519836319595, '_a0_': 1.0, '_a2_': 1.0, '_a3_': 1.0, '_a7_': 1.0}};{'d0': 0.024906068824868958};-276.474953575770;42.146716342765
28754;-96.0907604451197;(x * (_a5_ + ((x * ((x + _a6_) * ((_a1_ + x) * _a6_))) * _a4_)));{'d0': {'_a1_': 45366.91522051645, '_a4_': 0.0001193116843791494, '_a5_': 1.7751220338148113, '_a6_': 0.6238519836319595, '_a0_': 1.0, '_a2_': 1.0, '_a3_': 1.0, '_a7_': 1.0}};{'d0': 0.024906068824868958};-276.474953575770;42.146716342765
28755;-96.0907604451197;(x * (_a5_ + ((x * ((x + _a6_) * ((_a1_ + x) * _a6_))) * _a4_)));{'d0': {'_a1_': 45366.91522051645, '_a4_': 0.0001193116843791494, '_a5_': 1.7751220338148113, '_a6_': 0.6238519836319595, '_a0_': 1.0, '_a2_': 1.0, '_a3_': 1.0, '_a7_': 1.0}};{'d0': 0.024906068824868958};-276.474953575770;42.146716342765
28756;-96.0907604451197;(x * (_a5_ + ((x * ((x + _a6_) * ((_a1_ + x) * _a6_))) * _a4_)));{'d0': {'_a1_': 45366.91522051645, '_a4_': 0.0001193116843791494, '_a5_': 1.7751220338148113, '_a6_': 0.6238519836319595, '_a0_': 1.0, '_a2_': 1.0, '_a3_': 1.0, '_a7_': 1.0}};{'d0': 0.024906068824868958};-276.474953575770;42.146716342765
28757;-96.0907604451197;(x * (_a5_ + ((x * ((x + _a6_) * ((_a1_ + x) * _a6_))) * _a4_)));{'d0': {'_a1_': 45366.91522051645, '_a4_': 0.0001193116843791494, '_a5_': 1.7751220338148113, '_a6_': 0.6238519836319595, '_a0_': 1.0, '_a2_': 1.0, '_a3_': 1.0, '_a7_': 1.0}};{'d0': 0.024906068824868958};-276.474953575770;42.146716342765
28758;-96.0907604451197;(x * (_a5_ + ((x * ((x + _a6_) * ((_a1_ + x) * _a6_))) * _a4_)));{'d0': {'_a1_': 45366.91522051645, '_a4_': 0.0001193116843791494, '_a5_': 1.7751220338148113, '_a6_': 0.6238519836319595, '_a0_': 1.0, '_a2_': 1.0, '_a3_': 1.0, '_a7_': 1.0}};{'d0': 0.024906068824868958};-276.474953575770;42.146716342765
28759;-96.0907604451197;(x * (_a5_ + ((x * ((x + _a6_) * ((_a1_ + x) * _a6_))) * _a4_)));{'d0': {'_a1_': 45366.91522051645, '_a4_': 0.0001193116843791494, '_a5_': 1.7751220338148113, '_a6_': 0.6238519836319595, '_a0_': 1.0, '_a2_': 1.0, '_a3_': 1.0, '_a7_': 1.0}};{'d0': 0.024906068824868958};-276.474953575770;42.146716342765
28760;-96.0907604451197;(x * (_a5_ + ((x * ((x + _a6_) * ((_a1_ + x) * _a6_))) * _a4_)));{'d0': {'_a1_': 45366.91522051645, '_a4_': 0.0001193116843791494, '_a5_': 1.7751220338148113, '_a6_': 0.6238519836319595, '_a0_': 1.0, '_a2_': 1.0, '_a3_': 1.0, '_a7_': 1.0}};{'d0': 0.024906068824868958};-276.474953575770;42.146716342765
28761;-96.0907604451197;(x * (_a5_ + ((x * ((x + _a6_) * ((_a1_ + x) * _a6_))) * _a4_)));{'d0': {'_a1_': 45366.91522051645, '_a4_': 0.0001193116843791494, '_a5_': 1.7751220338148113, '_a6_': 0.6238519836319595, '_a0_': 1.0, '_a2_': 1.0, '_a3_': 1.0, '_a7_': 1.0}};{'d0': 0.024906068824868958};-276.474953575770;42.146716342765
28762;-96.0907604451197;(x * (_a5_ + ((x * ((x + _a6_) * ((_a1_ + x) * _a6_))) * _a4_)));{'d0': {'_a1_': 45366.91522051645, '_a4_': 0.0001193116843791494, '_a5_': 1.7751220338148113, '_a6_': 0.6238519836319595, '_a0_': 1.0, '_a2_': 1.0, '_a3_': 1.0, '_a7_': 1.0}};{'d0': 0.024906068824868958};-276.474953575770;42.146716342765
28763;-96.0907604451197;(x * (_a5_ + ((x * ((x + _a6_) * ((_a1_ + x) * _a6_))) * _a4_)));{'d0': {'_a1_': 45366.91522051645, '_a4_': 0.0001193116843791494, '_a5_': 1.7751220338148113, '_a6_': 0.6238519836319595, '_a0_': 1.0, '_a2_': 1.0, '_a3_': 1.0, '_a7_': 1.0}};{'d0': 0.024906068824868958};-276.474953575770;42.146716342765
28764;-96.0907604451197;(x * (_a5_ + ((x * ((x + _a6_) * ((_a1_ + x) * _a6_))) * _a4_)));{'d0': {'_a1_': 45366.91522051645, '_a4_': 0.0001193116843791494, '_a5_': 1.7751220338148113, '_a6_': 0.6238519836319595, '_a0_': 1.0, '_a2_': 1.0, '_a3_': 1.0, '_a7_': 1.0}};{'d0': 0.024906068824868958};-276.474953575770;42.146716342765
28765;-96.0907604451197;(x * (_a5_ + ((x * ((x + _a6_) * ((_a1_ + x) * _a6_))) * _a4_)));{'d0': {'_a1_': 45366.91522051645, '_a4_': 0.0001193116843791494, '_a5_': 1.7751220338148113, '_a6_': 0.6238519836319595, '_a0_': 1.0, '_a2_': 1.0, '_a3_': 1.0, '_a7_': 1.0}};{'d0': 0.024906068824868958};-276.474953575770;42.146716342765
28766;-96.0907604451197;(x * (_a5_ + ((x * ((x + _a6_) * ((_a1_ + x) * _a6_))) * _a4_)));{'d0': {'_a1_': 45366.91522051645, '_a4_': 0.0001193116843791494, '_a5_': 1.7751220338148113, '_a6_': 0.6238519836319595, '_a0_': 1.0, '_a2_': 1.0, '_a3_': 1.0, '_a7_': 1.0}};{'d0': 0.024906068824868958};-276.474953575770;42.146716342765
28767;-96.0907604451197;(x * (_a5_ + ((x * ((x + _a6_) * ((_a1_ + x) * _a6_))) * _a4_)));{'d0': {'_a1_': 45366.91522051645, '_a4_': 0.0001193116843791494, '_a5_': 1.7751220338148113, '_a6_': 0.6238519836319595, '_a0_': 1.0, '_a2_': 1.0, '_a3_': 1.0, '_a7_': 1.0}};{'d0': 0.024906068824868958};-276.474953575770;42.146716342765
28768;-96.0907604451197;(x * (_a5_ + ((x * ((x + _a6_) * ((_a1_ + x) * _a6_))) * _a4_)));{'d0': {'_a1_': 45366.91522051645, '_a4_': 0.0001193116843791494, '_a5_': 1.7751220338148113, '_a6_': 0.6238519836319595, '_a0_': 1.0, '_a2_': 1.0, '_a3_': 1.0, '_a7_': 1.0}};{'d0': 0.024906068824868958};-276.474953575770;42.146716342765
28769;-96.0907604451197;(x * (_a5_ + ((x * ((x + _a6_) * ((_a1_ + x) * _a6_))) * _a4_)));{'d0': {'_a1_': 45366.91522051645, '_a4_': 0.0001193116843791494, '_a5_': 1.7751220338148113, '_a6_': 0.6238519836319595, '_a0_': 1.0, '_a2_': 1.0, '_a3_': 1.0, '_a7_': 1.0}};{'d0': 0.024906068824868958};-276.474953575770;42.146716342765
28770;-96.0907604451197;(x * (_a5_ + ((x * ((x + _a6_) * ((_a1_ + x) * _a6_))) * _a4_)));{'d0': {'_a1_': 45366.91522051645, '_a4_': 0.0001193116843791494, '_a5_': 1.7751220338148113, '_a6_': 0.6238519836319595, '_a0_': 1.0, '_a2_': 1.0, '_a3_': 1.0, '_a7_': 1.0}};{'d0': 0.024906068824868958};-276.474953575770;42.146716342765
28771;-96.0907604451197;(x * (_a5_ + ((x * ((x + _a6_) * ((_a1_ + x) * _a6_))) * _a4_)));{'d0': {'_a1_': 45366.91522051645, '_a4_': 0.0001193116843791494, '_a5_': 1.7751220338148113, '_a6_': 0.6238519836319595, '_a0_': 1.0, '_a2_': 1.0, '_a3_': 1.0, '_a7_': 1.0}};{'d0': 0.024906068824868958};-276.474953575770;42.146716342765
28772;-96.0907604451197;(x * (_a5_ + ((x * ((x + _a6_) * ((_a1_ + x) * _a6_))) * _a4_)));{'d0': {'_a1_': 45366.91522051645, '_a4_': 0.0001193116843791494, '_a5_': 1.7751220338148113, '_a6_': 0.6238519836319595, '_a0_': 1.0, '_a2_': 1.0, '_a3_': 1.0, '_a7_': 1.0}};{'d0': 0.024906068824868958};-276.474953575770;42.146716342765
28773;-96.0907604451197;(x * (_a5_ + ((x * ((x + _a6_) * ((_a1_ + x) * _a6_))) * _a4_)));{'d0': {'_a1_': 45366.91522051645, '_a4_': 0.0001193116843791494, '_a5_': 1.7751220338148113, '_a6_': 0.6238519836319595, '_a0_': 1.0, '_a2_': 1.0, '_a3_': 1.0, '_a7_': 1.0}};{'d0': 0.024906068824868958};-276.474953575770;42.146716342765
28774;-96.0907604451197;(x * (_a5_ + ((x * ((x + _a6_) * ((_a1_ + x) * _a6_))) * _a4_)));{'d0': {'_a1_': 45366.91522051645, '_a4_': 0.0001193116843791494, '_a5_': 1.7751220338148113, '_a6_': 0.6238519836319595, '_a0_': 1.0, '_a2_': 1.0, '_a3_': 1.0, '_a7_': 1.0}};{'d0': 0.024906068824868958};-276.474953575770;42.146716342765
28775;-96.0907604451197;(x * (_a5_ + ((x * ((x + _a6_) * ((_a1_ + x) * _a6_))) * _a4_)));{'d0': {'_a1_': 45366.91522051645, '_a4_': 0.0001193116843791494, '_a5_': 1.7751220338148113, '_a6_': 0.6238519836319595, '_a0_': 1.0, '_a2_': 1.0, '_a3_': 1.0, '_a7_': 1.0}};{'d0': 0.024906068824868958};-276.474953575770;42.146716342765
28776;-96.0907604451197;(x * (_a5_ + ((x * ((x + _a6_) * ((_a1_ + x) * _a6_))) * _a4_)));{'d0': {'_a1_': 45366.91522051645, '_a4_': 0.0001193116843791494, '_a5_': 1.7751220338148113, '_a6_': 0.6238519836319595, '_a0_': 1.0, '_a2_': 1.0, '_a3_': 1.0, '_a7_': 1.0}};{'d0': 0.024906068824868958};-276.474953575770;42.146716342765
28777;-96.0907604451197;(x * (_a5_ + ((x * ((x + _a6_) * ((_a1_ + x) * _a6_))) * _a4_)));{'d0': {'_a1_': 45366.91522051645, '_a4_': 0.0001193116843791494, '_a5_': 1.7751220338148113, '_a6_': 0.6238519836319595, '_a0_': 1.0, '_a2_': 1.0, '_a3_': 1.0, '_a7_': 1.0}};{'d0': 0.024906068824868958};-276.474953575770;42.146716342765
28778;-96.0907604451197;(x * (_a5_ + ((x * ((x + _a6_) * ((_a1_ + x) * _a6_))) * _a4_)));{'d0': {'_a1_': 45366.91522051645, '_a4_': 0.0001193116843791494, '_a5_': 1.7751220338148113, '_a6_': 0.6238519836319595, '_a0_': 1.0, '_a2_': 1.0, '_a3_': 1.0, '_a7_': 1.0}};{'d0': 0.024906068824868958};-276.474953575770;42.146716342765
28779;-96.0907604451197;(x * (_a5_ + ((x * ((x + _a6_) * ((_a1_ + x) * _a6_))) * _a4_)));{'d0': {'_a1_': 45366.91522051645, '_a4_': 0.0001193116843791494, '_a5_': 1.7751220338148113, '_a6_': 0.6238519836319595, '_a0_': 1.0, '_a2_': 1.0, '_a3_': 1.0, '_a7_': 1.0}};{'d0': 0.024906068824868958};-276.474953575770;42.146716342765
28780;-96.0907604451197;(x * (_a5_ + ((x * ((x + _a6_) * ((_a1_ + x) * _a6_))) * _a4_)));{'d0': {'_a1_': 45366.91522051645, '_a4_': 0.0001193116843791494, '_a5_': 1.7751220338148113, '_a6_': 0.6238519836319595, '_a0_': 1.0, '_a2_': 1.0, '_a3_': 1.0, '_a7_': 1.0}};{'d0': 0.024906068824868958};-276.474953575770;42.146716342765
28781;-96.0907604451197;(x * (_a5_ + ((x * ((x + _a6_) * ((_a1_ + x) * _a6_))) * _a4_)));{'d0': {'_a1_': 45366.91522051645, '_a4_': 0.0001193116843791494, '_a5_': 1.7751220338148113, '_a6_': 0.6238519836319595, '_a0_': 1.0, '_a2_': 1.0, '_a3_': 1.0, '_a7_': 1.0}};{'d0': 0.024906068824868958};-276.474953575770;42.146716342765
28782;-96.0907604451197;(x * (_a5_ + ((x * ((x + _a6_) * ((_a1_ + x) * _a6_))) * _a4_)));{'d0': {'_a1_': 45366.91522051645, '_a4_': 0.0001193116843791494, '_a5_': 1.7751220338148113, '_a6_': 0.6238519836319595, '_a0_': 1.0, '_a2_': 1.0, '_a3_': 1.0, '_a7_': 1.0}};{'d0': 0.024906068824868958};-276.474953575770;42.146716342765
28783;-96.0907604451197;(x * (_a5_ + ((x * ((x + _a6_) * ((_a1_ + x) * _a6_))) * _a4_)));{'d0': {'_a1_': 45366.91522051645, '_a4_': 0.0001193116843791494, '_a5_': 1.7751220338148113, '_a6_': 0.6238519836319595, '_a0_': 1.0, '_a2_': 1.0, '_a3_': 1.0, '_a7_': 1.0}};{'d0': 0.024906068824868958};-276.474953575770;42.146716342765
28784;-96.0907604451197;(x * (_a5_ + ((x * ((x + _a6_) * ((_a1_ + x) * _a6_))) * _a4_)));{'d0': {'_a1_': 45366.91522051645, '_a4_': 0.0001193116843791494, '_a5_': 1.7751220338148113, '_a6_': 0.6238519836319595, '_a0_': 1.0, '_a2_': 1.0, '_a3_': 1.0, '_a7_': 1.0}};{'d0': 0.024906068824868958};-276.474953575770;42.146716342765
28785;-96.0907785704584;(x * (_a3_ + ((x * ((x + _a6_) * ((_a1_ + x) * _a6_))) * _a4_)));{'d0': {'_a1_': 48454.44345144201, '_a3_': 1.775122873633327, '_a4_': 0.00011170899576861346, '_a6_': 0.6238524542914766, '_a0_': 1.0, '_a2_': 1.0, '_a5_': 1.0, '_a7_': 1.0}};{'d0': 0.024906053777175762};-276.474989826447;42.146716342765
28786;-96.0907785704584;(x * (_a3_ + ((x * ((x + _a6_) * ((_a1_ + x) * _a6_))) * _a4_)));{'d0': {'_a1_': 48454.44345144201, '_a3_': 1.775122873633327, '_a4_': 0.00011170899576861346, '_a6_': 0.6238524542914766, '_a0_': 1.0, '_a2_': 1.0, '_a5_': 1.0, '_a7_': 1.0}};{'d0': 0.024906053777175762};-276.474989826447;42.146716342765
28787;-96.0907785704584;(x * (_a3_ + ((x * ((x + _a6_) * ((_a1_ + x) * _a6_))) * _a4_)));{'d0': {'_a1_': 48454.44345144201, '_a3_': 1.775122873633327, '_a4_': 0.00011170899576861346, '_a6_': 0.6238524542914766, '_a0_': 1.0, '_a2_': 1.0, '_a5_': 1.0, '_a7_': 1.0}};{'d0': 0.024906053777175762};-276.474989826447;42.146716342765
28788;-96.0907785704584;(x * (_a3_ + ((x * ((x + _a6_) * ((_a1_ + x) * _a6_))) * _a4_)));{'d0': {'_a1_': 48454.44345144201, '_a3_': 1.775122873633327, '_a4_': 0.00011170899576861346, '_a6_': 0.6238524542914766, '_a0_': 1.0, '_a2_': 1.0, '_a5_': 1.0, '_a7_': 1.0}};{'d0': 0.024906053777175762};-276.474989826447;42.146716342765
28789;-96.0907785704584;(x * (_a3_ + ((x * ((x + _a6_) * ((_a1_ + x) * _a6_))) * _a4_)));{'d0': {'_a1_': 48454.44345144201, '_a3_': 1.775122873633327, '_a4_': 0.00011170899576861346, '_a6_': 0.6238524542914766, '_a0_': 1.0, '_a2_': 1.0, '_a5_': 1.0, '_a7_': 1.0}};{'d0': 0.024906053777175762};-276.474989826447;42.146716342765
28790;-96.0907785704584;(x * (_a3_ + ((x * ((x + _a6_) * ((_a1_ + x) * _a6_))) * _a4_)));{'d0': {'_a1_': 48454.44345144201, '_a3_': 1.775122873633327, '_a4_': 0.00011170899576861346, '_a6_': 0.6238524542914766, '_a0_': 1.0, '_a2_': 1.0, '_a5_': 1.0, '_a7_': 1.0}};{'d0': 0.024906053777175762};-276.474989826447;42.146716342765
28791;-88.3309371802201;(x * (_a3_ + ((x * ((x + _a6_) * ((_a1_ + x) * _a6_))) * (_a0_ / _a2_))));{'d0': {'_a0_': -2.204095835059325, '_a1_': -73.4138102871183, '_a2_': 30.282668092260053, '_a3_': 1.7833598854027304, '_a6_': 0.6284131922302774, '_a4_': 1.0, '_a5_': 1.0, '_a7_': 1.0}};{'d0': 0.024833415421104267};-272.555890578775;47.9470081091674
28792;-88.3309371802201;(x * (_a3_ + ((x * ((x + _a6_) * ((_a1_ + x) * _a6_))) * (_a0_ / _a2_))));{'d0': {'_a0_': -2.204095835059325, '_a1_': -73.4138102871183, '_a2_': 30.282668092260053, '_a3_': 1.7833598854027304, '_a6_': 0.6284131922302774, '_a4_': 1.0, '_a5_': 1.0, '_a7_': 1.0}};{'d0': 0.024833415421104267};-272.555890578775;47.9470081091674
28793;-88.3309371802201;(x * (_a3_ + ((x * ((x + _a6_) * ((_a1_ + x) * _a6_))) * (_a0_ / _a2_))));{'d0': {'_a0_': -2.204095835059325, '_a1_': -73.4138102871183, '_a2_': 30.282668092260053, '_a3_': 1.7833598854027304, '_a6_': 0.6284131922302774, '_a4_': 1.0, '_a5_': 1.0, '_a7_': 1.0}};{'d0': 0.024833415421104267};-272.555890578775;47.9470081091674
28794;-94.1641813924807;(x * (_a3_ + ((x * (_a6_ * ((_a1_ + x) * _a6_))) * (_a0_ / _a2_))));{'d0': {'_a0_': 6.015087090925617, '_a1_': 0.6238594155680875, '_a2_': 1.537685060333038, '_a3_': 1.775135404059578, '_a6_': 0.9291029305902511, '_a4_': 1.0, '_a5_': 1.0, '_a7_': 1.0}};{'d0': 0.02490583309349313};-272.381176905236;42.0264070601374
28795;-94.1641813924807;(x * (_a3_ + ((x * (_a6_ * ((_a1_ + x) * _a6_))) * (_a0_ / _a2_))));{'d0': {'_a0_': 6.015087090925617, '_a1_': 0.6238594155680875, '_a2_': 1.537685060333038, '_a3_': 1.775135404059578, '_a6_': 0.9291029305902511, '_a4_': 1.0, '_a5_': 1.0, '_a7_': 1.0}};{'d0': 0.02490583309349313};-272.381176905236;42.0264070601374
28796;-94.1641813924807;(x * (_a3_ + ((x * (_a6_ * ((_a1_ + x) * _a6_))) * (_a0_ / _a2_))));{'d0': {'_a0_': 6.015087090925617, '_a1_': 0.6238594155680875, '_a2_': 1.537685060333038, '_a3_': 1.775135404059578, '_a6_': 0.9291029305902511, '_a4_': 1.0, '_a5_': 1.0, '_a7_': 1.0}};{'d0': 0.02490583309349313};-272.381176905236;42.0264070601374
28797;-96.2113538517665;(x * (_a3_ + ((x * (_a6_ * ((_a1_ + x) * _a6_))) * (_a3_ / _a2_))));{'d0': {'_a1_': 0.6238594155702332, '_a2_': 0.8986836153409472, '_a3_': 1.7751354044424215, '_a6_': 1.307489429612187, '_a0_': 1.0, '_a4_': 1.0, '_a5_': 1.0, '_a7_': 1.0}};{'d0': 0.024905832945573393};-276.475521823808;42.0264070601374
28798;-96.2113538517665;(x * (_a3_ + ((x * (_a6_ * ((_a1_ + x) * _a6_))) * (_a3_ / _a2_))));{'d0': {'_a1_': 0.6238594155702332, '_a2_': 0.8986836153409472, '_a3_': 1.7751354044424215, '_a6_': 1.307489429612187, '_a0_': 1.0, '_a4_': 1.0, '_a5_': 1.0, '_a7_': 1.0}};{'d0': 0.024905832945573393};-276.475521823808;42.0264070601374
28799;-96.2113538517665;(x * (_a3_ + ((x * (_a6_ * ((_a1_ + x) * _a6_))) * (_a3_ / _a2_))));{'d0': {'_a1_': 0.6238594155702332, '_a2_': 0.8986836153409472, '_a3_': 1.7751354044424215, '_a6_': 1.307489429612187, '_a0_': 1.0, '_a4_': 1.0, '_a5_': 1.0, '_a7_': 1.0}};{'d0': 0.024905832945573393};-276.475521823808;42.0264070601374
28800;-96.2113538517665;(x * (_a3_ + ((x * (_a6_ * ((_a1_ + x) * _a6_))) * (_a3_ / _a2_))));{'d0': {'_a1_': 0.6238594155702332, '_a2_': 0.8986836153409472, '_a3_': 1.7751354044424215, '_a6_': 1.307489429612187, '_a0_': 1.0, '_a4_': 1.0, '_a5_': 1.0, '_a7_': 1.0}};{'d0': 0.024905832945573393};-276.475521823808;42.0264070601374
28801;-96.2113538517665;(x * (_a3_ + ((x * (_a6_ * ((_a1_ + x) * _a6_))) * (_a3_ / _a2_))));{'d0': {'_a1_': 0.6238594155702332, '_a2_': 0.8986836153409472, '_a3_': 1.7751354044424215, '_a6_': 1.307489429612187, '_a0_': 1.0, '_a4_': 1.0, '_a5_': 1.0, '_a7_': 1.0}};{'d0': 0.024905832945573393};-276.475521823808;42.0264070601374
28802;-109.080515142566;(((_a4_ * _a5_) + (((_a4_ * x) + _a3_) * x)) * x);{'d0': {'_a3_': 2.1066240672490313, '_a4_': 3.3767608773478504, '_a5_': 0.5256917705471014, '_a0_': 1.0, '_a1_': 1.0, '_a2_': 1.0, '_a6_': 1.0, '_a7_': 1.0}};{'d0': 0.024905832919416688};-280.569866449043;31.204418081955996
28803;-109.080515142566;(((_a4_ * _a5_) + (((_a4_ * x) + _a3_) * x)) * x);{'d0': {'_a3_': 2.1066240672490313, '_a4_': 3.3767608773478504, '_a5_': 0.5256917705471014, '_a0_': 1.0, '_a1_': 1.0, '_a2_': 1.0, '_a6_': 1.0, '_a7_': 1.0}};{'d0': 0.024905832919416688};-280.569866449043;31.204418081955996
28804;-109.080515142566;(((_a4_ * _a5_) + (((_a4_ * x) + _a3_) * x)) * x);{'d0': {'_a3_': 2.1066240672490313, '_a4_': 3.3767608773478504, '_a5_': 0.5256917705471014, '_a0_': 1.0, '_a1_': 1.0, '_a2_': 1.0, '_a6_': 1.0, '_a7_': 1.0}};{'d0': 0.024905832919416688};-280.569866449043;31.204418081955996
28805;-109.080515142566;(((_a4_ * _a5_) + (((_a4_ * x) + _a3_) * x)) * x);{'d0': {'_a3_': 2.1066240672490313, '_a4_': 3.3767608773478504, '_a5_': 0.5256917705471014, '_a0_': 1.0, '_a1_': 1.0, '_a2_': 1.0, '_a6_': 1.0, '_a7_': 1.0}};{'d0': 0.024905832919416688};-280.569866449043;31.204418081955996
28806;-109.080515142566;(((_a4_ * _a5_) + (((_a4_ * x) + _a3_) * x)) * x);{'d0': {'_a3_': 2.1066240672490313, '_a4_': 3.3767608773478504, '_a5_': 0.5256917705471014, '_a0_': 1.0, '_a1_': 1.0, '_a2_': 1.0, '_a6_': 1.0, '_a7_': 1.0}};{'d0': 0.024905832919416688};-280.569866449043;31.204418081955996
28807;-109.080515142566;(((_a4_ * _a5_) + (((_a4_ * x) + _a3_) * x)) * x);{'d0': {'_a3_': 2.1066240672490313, '_a4_': 3.3767608773478504, '_a5_': 0.5256917705471014, '_a0_': 1.0, '_a1_': 1.0, '_a2_': 1.0, '_a6_': 1.0, '_a7_': 1.0}};{'d0': 0.024905832919416688};-280.569866449043;31.204418081955996
28808;-109.080515142566;(((_a4_ * _a5_) + (((_a4_ * x) + _a3_) * x)) * x);{'d0': {'_a3_': 2.1066240672490313, '_a4_': 3.3767608773478504, '_a5_': 0.5256917705471014, '_a0_': 1.0, '_a1_': 1.0, '_a2_': 1.0, '_a6_': 1.0, '_a7_': 1.0}};{'d0': 0.024905832919416688};-280.569866449043;31.204418081955996
28809;-109.080515142566;(((_a4_ * _a5_) + (((_a4_ * x) + _a3_) * x)) * x);{'d0': {'_a3_': 2.1066240672490313, '_a4_': 3.3767608773478504, '_a5_': 0.5256917705471014, '_a0_': 1.0, '_a1_': 1.0, '_a2_': 1.0, '_a6_': 1.0, '_a7_': 1.0}};{'d0': 0.024905832919416688};-280.569866449043;31.204418081955996
28810;-109.080515142566;(((_a4_ * _a5_) + (((_a4_ * x) + _a3_) * x)) * x);{'d0': {'_a3_': 2.1066240672490313, '_a4_': 3.3767608773478504, '_a5_': 0.5256917705471014, '_a0_': 1.0, '_a1_': 1.0, '_a2_': 1.0, '_a6_': 1.0, '_a7_': 1.0}};{'d0': 0.024905832919416688};-280.569866449043;31.204418081955996
28811;-104.058817930787;(((_a4_ * (_a3_ * _a7_)) + (((_a4_ * x) + _a3_) * x)) * x);{'d0': {'_a3_': 2.1066240684156385, '_a4_': 3.3767608787724552, '_a7_': 0.2495422786572716, '_a0_': 1.0, '_a1_': 1.0, '_a2_': 1.0, '_a5_': 1.0, '_a6_': 1.0}};{'d0': 0.02490583291941664};-280.569866449044;36.226115293735
28812;-104.058817930787;(((_a4_ * (_a3_ * _a7_)) + (((_a4_ * x) + _a3_) * x)) * x);{'d0': {'_a3_': 2.1066240684156385, '_a4_': 3.3767608787724552, '_a7_': 0.2495422786572716, '_a0_': 1.0, '_a1_': 1.0, '_a2_': 1.0, '_a5_': 1.0, '_a6_': 1.0}};{'d0': 0.02490583291941664};-280.569866449044;36.226115293735
28813;-104.058817930787;(((_a4_ * (_a3_ * _a7_)) + (((_a4_ * x) + _a3_) * x)) * x);{'d0': {'_a3_': 2.1066240684156385, '_a4_': 3.3767608787724552, '_a7_': 0.2495422786572716, '_a0_': 1.0, '_a1_': 1.0, '_a2_': 1.0, '_a5_': 1.0, '_a6_': 1.0}};{'d0': 0.02490583291941664};-280.569866449044;36.226115293735
28814;-104.058817930787;(((_a4_ * (_a3_ * _a7_)) + (((_a4_ * x) + _a3_) * x)) * x);{'d0': {'_a3_': 2.1066240684156385, '_a4_': 3.3767608787724552, '_a7_': 0.2495422786572716, '_a0_': 1.0, '_a1_': 1.0, '_a2_': 1.0, '_a5_': 1.0, '_a6_': 1.0}};{'d0': 0.02490583291941664};-280.569866449044;36.226115293735
28815;-104.058817930787;(((_a4_ * (_a3_ * _a7_)) + (((_a4_ * x) + _a3_) * x)) * x);{'d0': {'_a3_': 2.1066240684156385, '_a4_': 3.3767608787724552, '_a7_': 0.2495422786572716, '_a0_': 1.0, '_a1_': 1.0, '_a2_': 1.0, '_a5_': 1.0, '_a6_': 1.0}};{'d0': 0.02490583291941664};-280.569866449044;36.226115293735
28816;-103.740652132046;(((_a4_ * sqrt(_a5_)) + (((_a4_ * x) + _a3_) * x)) * x);{'d0': {'_a3_': 2.1066240669790854, '_a4_': 3.3767608778705243, '_a5_': 0.2763518373592795, '_a0_': 1.0, '_a1_': 1.0, '_a2_': 1.0, '_a6_': 1.0, '_a7_': 1.0}};{'d0': 0.02490583291941667};-280.569866449043;36.544281092476
28817;-103.740652132046;(((_a4_ * sqrt(_a5_)) + (((_a4_ * x) + _a3_) * x)) * x);{'d0': {'_a3_': 2.1066240669790854, '_a4_': 3.3767608778705243, '_a5_': 0.2763518373592795, '_a0_': 1.0, '_a1_': 1.0, '_a2_': 1.0, '_a6_': 1.0, '_a7_': 1.0}};{'d0': 0.02490583291941667};-280.569866449043;36.544281092476
28818;-103.740652132046;(((_a4_ * sqrt(_a5_)) + (((_a4_ * x) + _a3_) * x)) * x);{'d0': {'_a3_': 2.1066240669790854, '_a4_': 3.3767608778705243, '_a5_': 0.2763518373592795, '_a0_': 1.0, '_a1_': 1.0, '_a2_': 1.0, '_a6_': 1.0, '_a7_': 1.0}};{'d0': 0.02490583291941667};-280.569866449043;36.544281092476
28819;-103.740652132046;(((_a4_ * sqrt(_a5_)) + (((_a4_ * x) + _a3_) * x)) * x);{'d0': {'_a3_': 2.1066240669790854, '_a4_': 3.3767608778705243, '_a5_': 0.2763518373592795, '_a0_': 1.0, '_a1_': 1.0, '_a2_': 1.0, '_a6_': 1.0, '_a7_': 1.0}};{'d0': 0.02490583291941667};-280.569866449043;36.544281092476
28820;-99.4619796209258;(((pow2((_a6_ + ((x * (_a7_ * _a6_)) * _a3_))) + _a3_) + x) * x);{'d0': {'_a3_': 1.684470350239668, '_a6_': 0.3011063829048496, '_a7_': 3.6229873774190486, '_a0_': 1.0, '_a1_': 1.0, '_a2_': 1.0, '_a4_': 1.0, '_a5_': 1.0}};{'d0': 0.02490583291941668};-280.569866449043;40.82295360359598
28821;-99.4619796209258;(((pow2((_a6_ + ((x * (_a7_ * _a6_)) * _a3_))) + _a3_) + x) * x);{'d0': {'_a3_': 1.684470350239668, '_a6_': 0.3011063829048496, '_a7_': 3.6229873774190486, '_a0_': 1.0, '_a1_': 1.0, '_a2_': 1.0, '_a4_': 1.0, '_a5_': 1.0}};{'d0': 0.02490583291941668};-280.569866449043;40.82295360359598
28822;-99.4619796209258;(((pow2((_a6_ + ((x * (_a7_ * _a6_)) * _a3_))) + _a3_) + x) * x);{'d0': {'_a3_': 1.684470350239668, '_a6_': 0.3011063829048496, '_a7_': 3.6229873774190486, '_a0_': 1.0, '_a1_': 1.0, '_a2_': 1.0, '_a4_': 1.0, '_a5_': 1.0}};{'d0': 0.02490583291941668};-280.569866449043;40.82295360359598
28823;-99.4619796209258;(((pow2((_a6_ + ((x * (_a7_ * _a6_)) * _a3_))) + _a3_) + x) * x);{'d0': {'_a3_': 1.684470350239668, '_a6_': 0.3011063829048496, '_a7_': 3.6229873774190486, '_a0_': 1.0, '_a1_': 1.0, '_a2_': 1.0, '_a4_': 1.0, '_a5_': 1.0}};{'d0': 0.02490583291941668};-280.569866449043;40.82295360359598
28824;-99.4619796209258;(((pow2((_a6_ + ((x * (_a7_ * _a6_)) * _a3_))) + _a3_) + x) * x);{'d0': {'_a3_': 1.684470350239668, '_a6_': 0.3011063829048496, '_a7_': 3.6229873774190486, '_a0_': 1.0, '_a1_': 1.0, '_a2_': 1.0, '_a4_': 1.0, '_a5_': 1.0}};{'d0': 0.02490583291941668};-280.569866449043;40.82295360359598
28825;-99.4619796209258;(((pow2((_a6_ + ((x * (_a7_ * _a6_)) * _a3_))) + _a3_) + x) * x);{'d0': {'_a3_': 1.684470350239668, '_a6_': 0.3011063829048496, '_a7_': 3.6229873774190486, '_a0_': 1.0, '_a1_': 1.0, '_a2_': 1.0, '_a4_': 1.0, '_a5_': 1.0}};{'d0': 0.02490583291941668};-280.569866449043;40.82295360359598
28826;-99.4619796209258;(((pow2((_a6_ + ((x * (_a7_ * _a6_)) * _a3_))) + _a3_) + x) * x);{'d0': {'_a3_': 1.684470350239668, '_a6_': 0.3011063829048496, '_a7_': 3.6229873774190486, '_a0_': 1.0, '_a1_': 1.0, '_a2_': 1.0, '_a4_': 1.0, '_a5_': 1.0}};{'d0': 0.02490583291941668};-280.569866449043;40.82295360359598
28827;-99.4619796209258;(((pow2((_a6_ + ((x * (_a7_ * _a6_)) * _a3_))) + _a3_) + x) * x);{'d0': {'_a3_': 1.684470350239668, '_a6_': 0.3011063829048496, '_a7_': 3.6229873774190486, '_a0_': 1.0, '_a1_': 1.0, '_a2_': 1.0, '_a4_': 1.0, '_a5_': 1.0}};{'d0': 0.02490583291941668};-280.569866449043;40.82295360359598
28828;-99.4619796209258;(((pow2((_a6_ + ((x * (_a7_ * _a6_)) * _a3_))) + _a3_) + x) * x);{'d0': {'_a3_': 1.684470350239668, '_a6_': 0.3011063829048496, '_a7_': 3.6229873774190486, '_a0_': 1.0, '_a1_': 1.0, '_a2_': 1.0, '_a4_': 1.0, '_a5_': 1.0}};{'d0': 0.02490583291941668};-280.569866449043;40.82295360359598
28829;-99.4619796209258;(((pow2((_a6_ + ((x * (_a7_ * _a6_)) * _a3_))) + _a3_) + x) * x);{'d0': {'_a3_': 1.684470350239668, '_a6_': 0.3011063829048496, '_a7_': 3.6229873774190486, '_a0_': 1.0, '_a1_': 1.0, '_a2_': 1.0, '_a4_': 1.0, '_a5_': 1.0}};{'d0': 0.02490583291941668};-280.569866449043;40.82295360359598
28830;-99.4619796209258;(((pow2((_a6_ + ((x * (_a7_ * _a6_)) * _a3_))) + _a3_) + x) * x);{'d0': {'_a3_': 1.684470350239668, '_a6_': 0.3011063829048496, '_a7_': 3.6229873774190486, '_a0_': 1.0, '_a1_': 1.0, '_a2_': 1.0, '_a4_': 1.0, '_a5_': 1.0}};{'d0': 0.02490583291941668};-280.569866449043;40.82295360359598
28831;-99.4619796209258;(((pow2((_a6_ + ((x * (_a7_ * _a6_)) * _a3_))) + _a3_) + x) * x);{'d0': {'_a3_': 1.684470350239668, '_a6_': 0.3011063829048496, '_a7_': 3.6229873774190486, '_a0_': 1.0, '_a1_': 1.0, '_a2_': 1.0, '_a4_': 1.0, '_a5_': 1.0}};{'d0': 0.02490583291941668};-280.569866449043;40.82295360359598
28832;-99.4619796209258;(((pow2((_a6_ + ((x * (_a7_ * _a6_)) * _a3_))) + _a3_) + x) * x);{'d0': {'_a3_': 1.684470350239668, '_a6_': 0.3011063829048496, '_a7_': 3.6229873774190486, '_a0_': 1.0, '_a1_': 1.0, '_a2_': 1.0, '_a4_': 1.0, '_a5_': 1.0}};{'d0': 0.02490583291941668};-280.569866449043;40.82295360359598
28833;-99.4619796209258;(((pow2((_a6_ + ((x * (_a7_ * _a6_)) * _a3_))) + _a3_) + x) * x);{'d0': {'_a3_': 1.684470350239668, '_a6_': 0.3011063829048496, '_a7_': 3.6229873774190486, '_a0_': 1.0, '_a1_': 1.0, '_a2_': 1.0, '_a4_': 1.0, '_a5_': 1.0}};{'d0': 0.02490583291941668};-280.569866449043;40.82295360359598
28834;-99.4619796209258;(((pow2((_a6_ + ((x * (_a7_ * _a6_)) * _a3_))) + _a3_) + x) * x);{'d0': {'_a3_': 1.684470350239668, '_a6_': 0.3011063829048496, '_a7_': 3.6229873774190486, '_a0_': 1.0, '_a1_': 1.0, '_a2_': 1.0, '_a4_': 1.0, '_a5_': 1.0}};{'d0': 0.02490583291941668};-280.569866449043;40.82295360359598
28835;-99.4619796209258;(((pow2((_a6_ + ((x * (_a7_ * _a6_)) * _a3_))) + _a3_) + x) * x);{'d0': {'_a3_': 1.684470350239668, '_a6_': 0.3011063829048496, '_a7_': 3.6229873774190486, '_a0_': 1.0, '_a1_': 1.0, '_a2_': 1.0, '_a4_': 1.0, '_a5_': 1.0}};{'d0': 0.02490583291941668};-280.569866449043;40.82295360359598
28836;-99.4619796209258;(((pow2((_a6_ + ((x * (_a7_ * _a6_)) * _a3_))) + _a3_) + x) * x);{'d0': {'_a3_': 1.684470350239668, '_a6_': 0.3011063829048496, '_a7_': 3.6229873774190486, '_a0_': 1.0, '_a1_': 1.0, '_a2_': 1.0, '_a4_': 1.0, '_a5_': 1.0}};{'d0': 0.02490583291941668};-280.569866449043;40.82295360359598
28837;-99.4619796209258;(((pow2((_a6_ + ((x * (_a7_ * _a6_)) * _a3_))) + _a3_) + x) * x);{'d0': {'_a3_': 1.684470350239668, '_a6_': 0.3011063829048496, '_a7_': 3.6229873774190486, '_a0_': 1.0, '_a1_': 1.0, '_a2_': 1.0, '_a4_': 1.0, '_a5_': 1.0}};{'d0': 0.02490583291941668};-280.569866449043;40.82295360359598
28838;-103.740652132046;(((_a4_ * sqrt(_a3_)) + (((_a4_ * x) + _a6_) * x)) * x);{'d0': {'_a3_': 0.2763518380687894, '_a4_': 3.3767608755742615, '_a6_': 2.10662406636499, '_a0_': 1.0, '_a1_': 1.0, '_a2_': 1.0, '_a5_': 1.0, '_a7_': 1.0}};{'d0': 0.024905832919416643};-280.569866449044;36.544281092476
28839;-103.740652132046;(((_a4_ * sqrt(_a3_)) + (((_a4_ * x) + _a6_) * x)) * x);{'d0': {'_a3_': 0.2763518380687894, '_a4_': 3.3767608755742615, '_a6_': 2.10662406636499, '_a0_': 1.0, '_a1_': 1.0, '_a2_': 1.0, '_a5_': 1.0, '_a7_': 1.0}};{'d0': 0.024905832919416643};-280.569866449044;36.544281092476
28840;-103.740652132046;(((_a4_ * sqrt(_a3_)) + (((_a4_ * x) + _a6_) * x)) * x);{'d0': {'_a3_': 0.2763518380687894, '_a4_': 3.3767608755742615, '_a6_': 2.10662406636499, '_a0_': 1.0, '_a1_': 1.0, '_a2_': 1.0, '_a5_': 1.0, '_a7_': 1.0}};{'d0': 0.024905832919416643};-280.569866449044;36.544281092476
28841;-103.740652132046;(((_a4_ * sqrt(_a3_)) + (((_a4_ * x) + _a6_) * x)) * x);{'d0': {'_a3_': 0.2763518380687894, '_a4_': 3.3767608755742615, '_a6_': 2.10662406636499, '_a0_': 1.0, '_a1_': 1.0, '_a2_': 1.0, '_a5_': 1.0, '_a7_': 1.0}};{'d0': 0.024905832919416643};-280.569866449044;36.544281092476
28842;-103.740652132046;(((_a4_ * sqrt(_a3_)) + (((_a4_ * x) + _a6_) * x)) * x);{'d0': {'_a3_': 0.2763518380687894, '_a4_': 3.3767608755742615, '_a6_': 2.10662406636499, '_a0_': 1.0, '_a1_': 1.0, '_a2_': 1.0, '_a5_': 1.0, '_a7_': 1.0}};{'d0': 0.024905832919416643};-280.569866449044;36.544281092476
28843;-103.740652132046;(((_a4_ * sqrt(_a3_)) + (((_a4_ * x) + _a6_) * x)) * x);{'d0': {'_a3_': 0.2763518380687894, '_a4_': 3.3767608755742615, '_a6_': 2.10662406636499, '_a0_': 1.0, '_a1_': 1.0, '_a2_': 1.0, '_a5_': 1.0, '_a7_': 1.0}};{'d0': 0.024905832919416643};-280.569866449044;36.544281092476
28844;-103.740652132046;(((_a4_ * sqrt(_a3_)) + (((_a4_ * x) + _a6_) * x)) * x);{'d0': {'_a3_': 0.2763518380687894, '_a4_': 3.3767608755742615, '_a6_': 2.10662406636499, '_a0_': 1.0, '_a1_': 1.0, '_a2_': 1.0, '_a5_': 1.0, '_a7_': 1.0}};{'d0': 0.024905832919416643};-280.569866449044;36.544281092476
28845;-103.740652132046;(((_a4_ * sqrt(_a3_)) + (((_a4_ * x) + _a6_) * x)) * x);{'d0': {'_a3_': 0.2763518380687894, '_a4_': 3.3767608755742615, '_a6_': 2.10662406636499, '_a0_': 1.0, '_a1_': 1.0, '_a2_': 1.0, '_a5_': 1.0, '_a7_': 1.0}};{'d0': 0.024905832919416643};-280.569866449044;36.544281092476
28846;-103.740652132046;(((_a4_ * sqrt(_a3_)) + (((_a4_ * x) + _a6_) * x)) * x);{'d0': {'_a3_': 0.2763518380687894, '_a4_': 3.3767608755742615, '_a6_': 2.10662406636499, '_a0_': 1.0, '_a1_': 1.0, '_a2_': 1.0, '_a5_': 1.0, '_a7_': 1.0}};{'d0': 0.024905832919416643};-280.569866449044;36.544281092476
28847;-103.740652132046;(((_a4_ * sqrt(_a3_)) + (((_a4_ * x) + _a6_) * x)) * x);{'d0': {'_a3_': 0.2763518380687894, '_a4_': 3.3767608755742615, '_a6_': 2.10662406636499, '_a0_': 1.0, '_a1_': 1.0, '_a2_': 1.0, '_a5_': 1.0, '_a7_': 1.0}};{'d0': 0.024905832919416643};-280.569866449044;36.544281092476
28848;-103.740652132046;(((_a4_ * sqrt(_a3_)) + (((_a4_ * x) + _a6_) * x)) * x);{'d0': {'_a3_': 0.2763518380687894, '_a4_': 3.3767608755742615, '_a6_': 2.10662406636499, '_a0_': 1.0, '_a1_': 1.0, '_a2_': 1.0, '_a5_': 1.0, '_a7_': 1.0}};{'d0': 0.024905832919416643};-280.569866449044;36.544281092476
28849;-103.740652132046;(((_a4_ * sqrt(_a3_)) + (((_a4_ * x) + _a6_) * x)) * x);{'d0': {'_a3_': 0.2763518380687894, '_a4_': 3.3767608755742615, '_a6_': 2.10662406636499, '_a0_': 1.0, '_a1_': 1.0, '_a2_': 1.0, '_a5_': 1.0, '_a7_': 1.0}};{'d0': 0.024905832919416643};-280.569866449044;36.544281092476
28850;-103.740652132046;(((_a4_ * sqrt(_a3_)) + (((_a4_ * x) + _a6_) * x)) * x);{'d0': {'_a3_': 0.2763518380687894, '_a4_': 3.3767608755742615, '_a6_': 2.10662406636499, '_a0_': 1.0, '_a1_': 1.0, '_a2_': 1.0, '_a5_': 1.0, '_a7_': 1.0}};{'d0': 0.024905832919416643};-280.569866449044;36.544281092476
28851;-103.740652132046;(((_a4_ * sqrt(_a3_)) + (((_a4_ * x) + _a6_) * x)) * x);{'d0': {'_a3_': 0.2763518380687894, '_a4_': 3.3767608755742615, '_a6_': 2.10662406636499, '_a0_': 1.0, '_a1_': 1.0, '_a2_': 1.0, '_a5_': 1.0, '_a7_': 1.0}};{'d0': 0.024905832919416643};-280.569866449044;36.544281092476
28852;-103.740652132046;(((_a4_ * sqrt(_a3_)) + (((_a4_ * x) + _a6_) * x)) * x);{'d0': {'_a3_': 0.2763518380687894, '_a4_': 3.3767608755742615, '_a6_': 2.10662406636499, '_a0_': 1.0, '_a1_': 1.0, '_a2_': 1.0, '_a5_': 1.0, '_a7_': 1.0}};{'d0': 0.024905832919416643};-280.569866449044;36.544281092476
28853;-99.4619796209258;(((pow2((_a6_ + ((x * (_a7_ * _a6_)) * _a3_))) + _a3_) + x) * x);{'d0': {'_a3_': 1.684470350239668, '_a6_': 0.3011063829048496, '_a7_': 3.6229873774190486, '_a0_': 1.0, '_a1_': 1.0, '_a2_': 1.0, '_a4_': 1.0, '_a5_': 1.0}};{'d0': 0.02490583291941668};-280.569866449043;40.82295360359598
28854;-102.889700291100;(((_a4_ / sqrt(_a3_)) + (((_a4_ * x) + _a6_) * x)) * x);{'d0': {'_a3_': 3.618575545849477, '_a4_': 3.376760880008515, '_a6_': 2.1066240694344978, '_a0_': 1.0, '_a1_': 1.0, '_a2_': 1.0, '_a5_': 1.0, '_a7_': 1.0}};{'d0': 0.024905832919416622};-280.569866449044;37.3952329334214
28855;-102.889700291100;(((_a4_ / sqrt(_a3_)) + (((_a4_ * x) + _a6_) * x)) * x);{'d0': {'_a3_': 3.618575545849477, '_a4_': 3.376760880008515, '_a6_': 2.1066240694344978, '_a0_': 1.0, '_a1_': 1.0, '_a2_': 1.0, '_a5_': 1.0, '_a7_': 1.0}};{'d0': 0.024905832919416622};-280.569866449044;37.3952329334214
28856;-102.889700291100;(((_a4_ / sqrt(_a3_)) + (((_a4_ * x) + _a6_) * x)) * x);{'d0': {'_a3_': 3.618575545849477, '_a4_': 3.376760880008515, '_a6_': 2.1066240694344978, '_a0_': 1.0, '_a1_': 1.0, '_a2_': 1.0, '_a5_': 1.0, '_a7_': 1.0}};{'d0': 0.024905832919416622};-280.569866449044;37.3952329334214
28857;-108.229563301620;(((_a4_ / _a5_) + (((_a4_ * x) + _a6_) * x)) * x);{'d0': {'_a4_': 3.376760878737113, '_a5_': 1.902255382848308, '_a6_': 2.106624068746461, '_a0_': 1.0, '_a1_': 1.0, '_a2_': 1.0, '_a3_': 1.0, '_a7_': 1.0}};{'d0': 0.024905832919416643};-280.569866449044;32.0553699229014
28858;-108.229563301620;(((_a4_ / _a5_) + (((_a4_ * x) + _a6_) * x)) * x);{'d0': {'_a4_': 3.376760878737113, '_a5_': 1.902255382848308, '_a6_': 2.106624068746461, '_a0_': 1.0, '_a1_': 1.0, '_a2_': 1.0, '_a3_': 1.0, '_a7_': 1.0}};{'d0': 0.024905832919416643};-280.569866449044;32.0553699229014
28859;-108.229563301620;(((_a4_ / _a5_) + (((_a4_ * x) + _a6_) * x)) * x);{'d0': {'_a4_': 3.376760878737113, '_a5_': 1.902255382848308, '_a6_': 2.106624068746461, '_a0_': 1.0, '_a1_': 1.0, '_a2_': 1.0, '_a3_': 1.0, '_a7_': 1.0}};{'d0': 0.024905832919416643};-280.569866449044;32.0553699229014
28860;-108.229563301620;(((_a4_ / _a5_) + (((_a4_ * x) + _a6_) * x)) * x);{'d0': {'_a4_': 3.376760878737113, '_a5_': 1.902255382848308, '_a6_': 2.106624068746461, '_a0_': 1.0, '_a1_': 1.0, '_a2_': 1.0, '_a3_': 1.0, '_a7_': 1.0}};{'d0': 0.024905832919416643};-280.569866449044;32.0553699229014
28861;-108.229563301620;(((_a4_ / _a5_) + (((_a4_ * x) + _a6_) * x)) * x);{'d0': {'_a4_': 3.376760878737113, '_a5_': 1.902255382848308, '_a6_': 2.106624068746461, '_a0_': 1.0, '_a1_': 1.0, '_a2_': 1.0, '_a3_': 1.0, '_a7_': 1.0}};{'d0': 0.024905832919416643};-280.569866449044;32.0553699229014
28862;-108.229563301620;(((_a4_ / _a5_) + (((_a4_ * x) + _a6_) * x)) * x);{'d0': {'_a4_': 3.376760878737113, '_a5_': 1.902255382848308, '_a6_': 2.106624068746461, '_a0_': 1.0, '_a1_': 1.0, '_a2_': 1.0, '_a3_': 1.0, '_a7_': 1.0}};{'d0': 0.024905832919416643};-280.569866449044;32.0553699229014
28863;-108.229563301620;(((_a4_ / _a5_) + (((_a4_ * x) + _a6_) * x)) * x);{'d0': {'_a4_': 3.376760878737113, '_a5_': 1.902255382848308, '_a6_': 2.106624068746461, '_a0_': 1.0, '_a1_': 1.0, '_a2_': 1.0, '_a3_': 1.0, '_a7_': 1.0}};{'d0': 0.024905832919416643};-280.569866449044;32.0553699229014
28864;-108.229563301620;(((_a4_ / _a5_) + (((_a4_ * x) + _a6_) * x)) * x);{'d0': {'_a4_': 3.376760878737113, '_a5_': 1.902255382848308, '_a6_': 2.106624068746461, '_a0_': 1.0, '_a1_': 1.0, '_a2_': 1.0, '_a3_': 1.0, '_a7_': 1.0}};{'d0': 0.024905832919416643};-280.569866449044;32.0553699229014
28865;-108.229563301620;(((_a4_ / _a5_) + (((_a4_ * x) + _a6_) * x)) * x);{'d0': {'_a4_': 3.376760878737113, '_a5_': 1.902255382848308, '_a6_': 2.106624068746461, '_a0_': 1.0, '_a1_': 1.0, '_a2_': 1.0, '_a3_': 1.0, '_a7_': 1.0}};{'d0': 0.024905832919416643};-280.569866449044;32.0553699229014
28866;-108.229563301620;(((_a4_ / _a5_) + (((_a4_ * x) + _a6_) * x)) * x);{'d0': {'_a4_': 3.376760878737113, '_a5_': 1.902255382848308, '_a6_': 2.106624068746461, '_a0_': 1.0, '_a1_': 1.0, '_a2_': 1.0, '_a3_': 1.0, '_a7_': 1.0}};{'d0': 0.024905832919416643};-280.569866449044;32.0553699229014
28867;-108.229563301620;(((_a4_ / _a5_) + (((_a4_ * x) + _a6_) * x)) * x);{'d0': {'_a4_': 3.376760878737113, '_a5_': 1.902255382848308, '_a6_': 2.106624068746461, '_a0_': 1.0, '_a1_': 1.0, '_a2_': 1.0, '_a3_': 1.0, '_a7_': 1.0}};{'d0': 0.024905832919416643};-280.569866449044;32.0553699229014
28868;-108.229563301620;(((_a4_ / _a5_) + (((_a4_ * x) + _a6_) * x)) * x);{'d0': {'_a4_': 3.376760878737113, '_a5_': 1.902255382848308, '_a6_': 2.106624068746461, '_a0_': 1.0, '_a1_': 1.0, '_a2_': 1.0, '_a3_': 1.0, '_a7_': 1.0}};{'d0': 0.024905832919416643};-280.569866449044;32.0553699229014
28869;-108.229563301620;(((_a4_ / _a5_) + (((_a4_ * x) + _a6_) * x)) * x);{'d0': {'_a4_': 3.376760878737113, '_a5_': 1.902255382848308, '_a6_': 2.106624068746461, '_a0_': 1.0, '_a1_': 1.0, '_a2_': 1.0, '_a3_': 1.0, '_a7_': 1.0}};{'d0': 0.024905832919416643};-280.569866449044;32.0553699229014
28870;-108.229563301620;(((_a4_ / _a5_) + (((_a4_ * x) + _a6_) * x)) * x);{'d0': {'_a4_': 3.376760878737113, '_a5_': 1.902255382848308, '_a6_': 2.106624068746461, '_a0_': 1.0, '_a1_': 1.0, '_a2_': 1.0, '_a3_': 1.0, '_a7_': 1.0}};{'d0': 0.024905832919416643};-280.569866449044;32.0553699229014
28871;-108.229563301620;(((_a4_ / _a5_) + (((_a4_ * x) + _a6_) * x)) * x);{'d0': {'_a4_': 3.376760878737113, '_a5_': 1.902255382848308, '_a6_': 2.106624068746461, '_a0_': 1.0, '_a1_': 1.0, '_a2_': 1.0, '_a3_': 1.0, '_a7_': 1.0}};{'d0': 0.024905832919416643};-280.569866449044;32.0553699229014
28872;-108.229563301620;(((_a4_ / _a5_) + (((_a4_ * x) + _a6_) * x)) * x);{'d0': {'_a4_': 3.376760878737113, '_a5_': 1.902255382848308, '_a6_': 2.106624068746461, '_a0_': 1.0, '_a1_': 1.0, '_a2_': 1.0, '_a3_': 1.0, '_a7_': 1.0}};{'d0': 0.024905832919416643};-280.569866449044;32.0553699229014
28873;-108.229563301620;(((_a4_ / _a5_) + (((_a4_ * x) + _a6_) * x)) * x);{'d0': {'_a4_': 3.376760878737113, '_a5_': 1.902255382848308, '_a6_': 2.106624068746461, '_a0_': 1.0, '_a1_': 1.0, '_a2_': 1.0, '_a3_': 1.0, '_a7_': 1.0}};{'d0': 0.024905832919416643};-280.569866449044;32.0553699229014
28874;-108.229563301620;(((_a4_ / _a5_) + (((_a4_ * x) + _a6_) * x)) * x);{'d0': {'_a4_': 3.376760878737113, '_a5_': 1.902255382848308, '_a6_': 2.106624068746461, '_a0_': 1.0, '_a1_': 1.0, '_a2_': 1.0, '_a3_': 1.0, '_a7_': 1.0}};{'d0': 0.024905832919416643};-280.569866449044;32.0553699229014
28875;-108.229563301620;(((_a4_ / _a5_) + (((_a4_ * x) + _a6_) * x)) * x);{'d0': {'_a4_': 3.376760878737113, '_a5_': 1.902255382848308, '_a6_': 2.106624068746461, '_a0_': 1.0, '_a1_': 1.0, '_a2_': 1.0, '_a3_': 1.0, '_a7_': 1.0}};{'d0': 0.024905832919416643};-280.569866449044;32.0553699229014
28876;-108.229563301620;(((_a4_ / _a5_) + (((_a4_ * x) + _a6_) * x)) * x);{'d0': {'_a4_': 3.376760878737113, '_a5_': 1.902255382848308, '_a6_': 2.106624068746461, '_a0_': 1.0, '_a1_': 1.0, '_a2_': 1.0, '_a3_': 1.0, '_a7_': 1.0}};{'d0': 0.024905832919416643};-280.569866449044;32.0553699229014
28877;-101.566014955520;(((_a4_ / _a5_) + (((_a4_ * x) + (_a5_ ** _a2_)) * x)) * x);{'d0': {'_a2_': 1.1586937641225514, '_a4_': 3.376760878657836, '_a5_': 1.9022553821488595, '_a0_': 1.0, '_a1_': 1.0, '_a3_': 1.0, '_a6_': 1.0, '_a7_': 1.0}};{'d0': 0.024905832919416622};-280.569866449044;38.7189182690014
28878;-101.566014955520;(((_a4_ / _a5_) + (((_a4_ * x) + (_a5_ ** _a2_)) * x)) * x);{'d0': {'_a2_': 1.1586937641225514, '_a4_': 3.376760878657836, '_a5_': 1.9022553821488595, '_a0_': 1.0, '_a1_': 1.0, '_a3_': 1.0, '_a6_': 1.0, '_a7_': 1.0}};{'d0': 0.024905832919416622};-280.569866449044;38.7189182690014
28879;-101.566014955520;(((_a4_ / _a5_) + (((_a4_ * x) + (_a5_ ** _a2_)) * x)) * x);{'d0': {'_a2_': 1.1586937641225514, '_a4_': 3.376760878657836, '_a5_': 1.9022553821488595, '_a0_': 1.0, '_a1_': 1.0, '_a3_': 1.0, '_a6_': 1.0, '_a7_': 1.0}};{'d0': 0.024905832919416622};-280.569866449044;38.7189182690014
28880;-101.566014955520;(((_a4_ / _a5_) + (((_a4_ * x) + (_a5_ ** _a2_)) * x)) * x);{'d0': {'_a2_': 1.1586937641225514, '_a4_': 3.376760878657836, '_a5_': 1.9022553821488595, '_a0_': 1.0, '_a1_': 1.0, '_a3_': 1.0, '_a6_': 1.0, '_a7_': 1.0}};{'d0': 0.024905832919416622};-280.569866449044;38.7189182690014
28881;-96.2066829254102;(((_a4_ / _a5_) + (((log(_a5_) * x) + (_a5_ ** _a2_)) * x)) * x);{'d0': {'_a2_': 0.2206513058963154, '_a4_': 51.96848997353809, '_a5_': 29.27578921825547, '_a0_': 1.0, '_a1_': 1.0, '_a3_': 1.0, '_a6_': 1.0, '_a7_': 1.0}};{'d0': 0.024905832919416712};-280.569866449043;44.0782502991114
28882;-102.870231271510;(((_a4_ / _a5_) + (((log(_a5_) * x) + _a3_) * x)) * x);{'d0': {'_a3_': 2.106624062424454, '_a4_': 51.968490082035146, '_a5_': 29.27578928951813, '_a0_': 1.0, '_a1_': 1.0, '_a2_': 1.0, '_a6_': 1.0, '_a7_': 1.0}};{'d0': 0.024905832919416667};-280.569866449044;37.4147019530114
28883;-102.870231271510;(((_a4_ / _a5_) + (((log(_a5_) * x) + _a3_) * x)) * x);{'d0': {'_a3_': 2.106624062424454, '_a4_': 51.968490082035146, '_a5_': 29.27578928951813, '_a0_': 1.0, '_a1_': 1.0, '_a2_': 1.0, '_a6_': 1.0, '_a7_': 1.0}};{'d0': 0.024905832919416667};-280.569866449044;37.4147019530114
28884;-102.870231271510;(((_a4_ / _a5_) + (((log(_a5_) * x) + _a3_) * x)) * x);{'d0': {'_a3_': 2.106624062424454, '_a4_': 51.968490082035146, '_a5_': 29.27578928951813, '_a0_': 1.0, '_a1_': 1.0, '_a2_': 1.0, '_a6_': 1.0, '_a7_': 1.0}};{'d0': 0.024905832919416667};-280.569866449044;37.4147019530114
28885;-102.870231271510;(((_a4_ / _a5_) + (((log(_a5_) * x) + _a3_) * x)) * x);{'d0': {'_a3_': 2.106624062424454, '_a4_': 51.968490082035146, '_a5_': 29.27578928951813, '_a0_': 1.0, '_a1_': 1.0, '_a2_': 1.0, '_a6_': 1.0, '_a7_': 1.0}};{'d0': 0.024905832919416667};-280.569866449044;37.4147019530114
28886;-102.870231271510;(((_a4_ / _a5_) + (((log(_a5_) * x) + _a3_) * x)) * x);{'d0': {'_a3_': 2.106624062424454, '_a4_': 51.968490082035146, '_a5_': 29.27578928951813, '_a0_': 1.0, '_a1_': 1.0, '_a2_': 1.0, '_a6_': 1.0, '_a7_': 1.0}};{'d0': 0.024905832919416667};-280.569866449044;37.4147019530114
28887;-102.870231271510;(((_a4_ / _a5_) + (((log(_a5_) * x) + _a3_) * x)) * x);{'d0': {'_a3_': 2.106624062424454, '_a4_': 51.968490082035146, '_a5_': 29.27578928951813, '_a0_': 1.0, '_a1_': 1.0, '_a2_': 1.0, '_a6_': 1.0, '_a7_': 1.0}};{'d0': 0.024905832919416667};-280.569866449044;37.4147019530114
28888;-99.4619796209258;(((pow2((_a6_ + ((x * (_a7_ * _a6_)) * _a3_))) + _a3_) + x) * x);{'d0': {'_a3_': 1.684470350239668, '_a6_': 0.3011063829048496, '_a7_': 3.6229873774190486, '_a0_': 1.0, '_a1_': 1.0, '_a2_': 1.0, '_a4_': 1.0, '_a5_': 1.0}};{'d0': 0.02490583291941668};-280.569866449043;40.82295360359598
28889;-99.4619796209258;(((pow2((_a6_ + ((x * (_a7_ * _a6_)) * _a3_))) + _a3_) + x) * x);{'d0': {'_a3_': 1.684470350239668, '_a6_': 0.3011063829048496, '_a7_': 3.6229873774190486, '_a0_': 1.0, '_a1_': 1.0, '_a2_': 1.0, '_a4_': 1.0, '_a5_': 1.0}};{'d0': 0.02490583291941668};-280.569866449043;40.82295360359598
28890;-99.4619796209258;(((pow2((_a6_ + ((x * (_a7_ * _a6_)) * _a3_))) + _a3_) + x) * x);{'d0': {'_a3_': 1.684470350239668, '_a6_': 0.3011063829048496, '_a7_': 3.6229873774190486, '_a0_': 1.0, '_a1_': 1.0, '_a2_': 1.0, '_a4_': 1.0, '_a5_': 1.0}};{'d0': 0.02490583291941668};-280.569866449043;40.82295360359598
28891;-94.1221166104058;(((pow2((_a6_ + ((x * (sqrt(_a0_) * _a6_)) * _a3_))) + _a3_) + x) * x);{'d0': {'_a0_': 13.126037420298161, '_a3_': 1.6844703519228161, '_a6_': 0.30110638397172, '_a1_': 1.0, '_a2_': 1.0, '_a4_': 1.0, '_a5_': 1.0, '_a7_': 1.0}};{'d0': 0.024905832919416646};-280.569866449044;46.162816614115975
28892;-94.1221166104058;(((pow2((_a6_ + ((x * (sqrt(_a0_) * _a6_)) * _a3_))) + _a3_) + x) * x);{'d0': {'_a0_': 13.126037420298161, '_a3_': 1.6844703519228161, '_a6_': 0.30110638397172, '_a1_': 1.0, '_a2_': 1.0, '_a4_': 1.0, '_a5_': 1.0, '_a7_': 1.0}};{'d0': 0.024905832919416646};-280.569866449044;46.162816614115975
28893;-94.1221166104058;(((pow2((_a6_ + ((x * (sqrt(_a0_) * _a6_)) * _a3_))) + _a3_) + x) * x);{'d0': {'_a0_': 13.126037420298161, '_a3_': 1.6844703519228161, '_a6_': 0.30110638397172, '_a1_': 1.0, '_a2_': 1.0, '_a4_': 1.0, '_a5_': 1.0, '_a7_': 1.0}};{'d0': 0.024905832919416646};-280.569866449044;46.162816614115975
28894;-99.4619796209258;(((pow2((_a6_ + ((x * (_a1_ * _a6_)) * _a3_))) + _a3_) + x) * x);{'d0': {'_a1_': 3.622987376266582, '_a3_': 1.6844703504148315, '_a6_': 0.3011063829627336, '_a0_': 1.0, '_a2_': 1.0, '_a4_': 1.0, '_a5_': 1.0, '_a7_': 1.0}};{'d0': 0.02490583291941663};-280.569866449044;40.82295360359598
28895;-99.4619796209258;(((pow2((_a6_ + ((x * (_a1_ * _a6_)) * _a3_))) + _a3_) + x) * x);{'d0': {'_a1_': 3.622987376266582, '_a3_': 1.6844703504148315, '_a6_': 0.3011063829627336, '_a0_': 1.0, '_a2_': 1.0, '_a4_': 1.0, '_a5_': 1.0, '_a7_': 1.0}};{'d0': 0.02490583291941663};-280.569866449044;40.82295360359598
28896;-99.4619796209258;(((pow2((_a6_ + ((x * (_a1_ * _a6_)) * _a3_))) + _a3_) + x) * x);{'d0': {'_a1_': 3.622987376266582, '_a3_': 1.6844703504148315, '_a6_': 0.3011063829627336, '_a0_': 1.0, '_a2_': 1.0, '_a4_': 1.0, '_a5_': 1.0, '_a7_': 1.0}};{'d0': 0.02490583291941663};-280.569866449044;40.82295360359598
28897;-99.4619796209258;(((pow2((_a6_ + ((x * (_a1_ * _a6_)) * _a3_))) + _a3_) + x) * x);{'d0': {'_a1_': 3.622987376266582, '_a3_': 1.6844703504148315, '_a6_': 0.3011063829627336, '_a0_': 1.0, '_a2_': 1.0, '_a4_': 1.0, '_a5_': 1.0, '_a7_': 1.0}};{'d0': 0.02490583291941663};-280.569866449044;40.82295360359598
28898;-99.4619796209258;(((pow2((_a6_ + ((x * (_a1_ * _a6_)) * _a3_))) + _a3_) + x) * x);{'d0': {'_a1_': 3.622987376266582, '_a3_': 1.6844703504148315, '_a6_': 0.3011063829627336, '_a0_': 1.0, '_a2_': 1.0, '_a4_': 1.0, '_a5_': 1.0, '_a7_': 1.0}};{'d0': 0.02490583291941663};-280.569866449044;40.82295360359598
28899;-103.663504712194;(((_a3_ * pow2((_a1_ + x))) + (_a2_ / pow2(_a0_))) * x);{'d0': {'_a0_': -60.08045092856694, '_a1_': 0.31192970779829393, '_a2_': 5221.647438096164, '_a3_': 3.3767608789128563, '_a4_': 1.0, '_a5_': 1.0, '_a6_': 1.0, '_a7_': 1.0}};{'d0': 0.02490583292126846};-276.475521882360;34.57425622898651
28900;-103.663504712194;(((_a3_ * pow2((_a1_ + x))) + (_a2_ / pow2(_a0_))) * x);{'d0': {'_a0_': -60.08045092856694, '_a1_': 0.31192970779829393, '_a2_': 5221.647438096164, '_a3_': 3.3767608789128563, '_a4_': 1.0, '_a5_': 1.0, '_a6_': 1.0, '_a7_': 1.0}};{'d0': 0.02490583292126846};-276.475521882360;34.57425622898651
28901;-103.663504712194;(((_a3_ * pow2((_a1_ + x))) + (_a2_ / pow2(_a0_))) * x);{'d0': {'_a0_': -60.08045092856694, '_a1_': 0.31192970779829393, '_a2_': 5221.647438096164, '_a3_': 3.3767608789128563, '_a4_': 1.0, '_a5_': 1.0, '_a6_': 1.0, '_a7_': 1.0}};{'d0': 0.02490583292126846};-276.475521882360;34.57425622898651
28902;-103.663504712194;(((_a3_ * pow2((_a1_ + x))) + (_a2_ / pow2(_a0_))) * x);{'d0': {'_a0_': -60.08045092856694, '_a1_': 0.31192970779829393, '_a2_': 5221.647438096164, '_a3_': 3.3767608789128563, '_a4_': 1.0, '_a5_': 1.0, '_a6_': 1.0, '_a7_': 1.0}};{'d0': 0.02490583292126846};-276.475521882360;34.57425622898651
28903;-103.663504712194;(((_a3_ * pow2((_a1_ + x))) + (_a2_ / pow2(_a0_))) * x);{'d0': {'_a0_': -60.08045092856694, '_a1_': 0.31192970779829393, '_a2_': 5221.647438096164, '_a3_': 3.3767608789128563, '_a4_': 1.0, '_a5_': 1.0, '_a6_': 1.0, '_a7_': 1.0}};{'d0': 0.02490583292126846};-276.475521882360;34.57425622898651
28904;-103.663504712194;(((_a3_ * pow2((_a1_ + x))) + (_a2_ / pow2(_a0_))) * x);{'d0': {'_a0_': -60.08045092856694, '_a1_': 0.31192970779829393, '_a2_': 5221.647438096164, '_a3_': 3.3767608789128563, '_a4_': 1.0, '_a5_': 1.0, '_a6_': 1.0, '_a7_': 1.0}};{'d0': 0.02490583292126846};-276.475521882360;34.57425622898651
28905;-103.663504712194;(((_a3_ * pow2((_a1_ + x))) + (_a2_ / pow2(_a0_))) * x);{'d0': {'_a0_': -60.08045092856694, '_a1_': 0.31192970779829393, '_a2_': 5221.647438096164, '_a3_': 3.3767608789128563, '_a4_': 1.0, '_a5_': 1.0, '_a6_': 1.0, '_a7_': 1.0}};{'d0': 0.02490583292126846};-276.475521882360;34.57425622898651
28906;-103.663504712194;(((_a3_ * pow2((_a1_ + x))) + (_a2_ / pow2(_a0_))) * x);{'d0': {'_a0_': -60.08045092856694, '_a1_': 0.31192970779829393, '_a2_': 5221.647438096164, '_a3_': 3.3767608789128563, '_a4_': 1.0, '_a5_': 1.0, '_a6_': 1.0, '_a7_': 1.0}};{'d0': 0.02490583292126846};-276.475521882360;34.57425622898651
28907;-103.663504712194;(((_a3_ * pow2((_a1_ + x))) + (_a2_ / pow2(_a0_))) * x);{'d0': {'_a0_': -60.08045092856694, '_a1_': 0.31192970779829393, '_a2_': 5221.647438096164, '_a3_': 3.3767608789128563, '_a4_': 1.0, '_a5_': 1.0, '_a6_': 1.0, '_a7_': 1.0}};{'d0': 0.02490583292126846};-276.475521882360;34.57425622898651
28908;-103.663504712194;(((_a3_ * pow2((_a1_ + x))) + (_a2_ / pow2(_a0_))) * x);{'d0': {'_a0_': -60.08045092856694, '_a1_': 0.31192970779829393, '_a2_': 5221.647438096164, '_a3_': 3.3767608789128563, '_a4_': 1.0, '_a5_': 1.0, '_a6_': 1.0, '_a7_': 1.0}};{'d0': 0.02490583292126846};-276.475521882360;34.57425622898651
28909;-103.663504712194;(((_a3_ * pow2((_a1_ + x))) + (_a2_ / pow2(_a0_))) * x);{'d0': {'_a0_': -60.08045092856694, '_a1_': 0.31192970779829393, '_a2_': 5221.647438096164, '_a3_': 3.3767608789128563, '_a4_': 1.0, '_a5_': 1.0, '_a6_': 1.0, '_a7_': 1.0}};{'d0': 0.02490583292126846};-276.475521882360;34.57425622898651
28910;-103.663504712194;(((_a3_ * pow2((_a1_ + x))) + (_a2_ / pow2(_a0_))) * x);{'d0': {'_a0_': -60.08045092856694, '_a1_': 0.31192970779829393, '_a2_': 5221.647438096164, '_a3_': 3.3767608789128563, '_a4_': 1.0, '_a5_': 1.0, '_a6_': 1.0, '_a7_': 1.0}};{'d0': 0.02490583292126846};-276.475521882360;34.57425622898651
28911;-103.663504712194;(((_a3_ * pow2((_a1_ + x))) + (_a2_ / pow2(_a0_))) * x);{'d0': {'_a0_': -60.08045092856694, '_a1_': 0.31192970779829393, '_a2_': 5221.647438096164, '_a3_': 3.3767608789128563, '_a4_': 1.0, '_a5_': 1.0, '_a6_': 1.0, '_a7_': 1.0}};{'d0': 0.02490583292126846};-276.475521882360;34.57425622898651
28912;-103.663504712194;(((_a3_ * pow2((_a1_ + x))) + (_a2_ / pow2(_a0_))) * x);{'d0': {'_a0_': -60.08045092856694, '_a1_': 0.31192970779829393, '_a2_': 5221.647438096164, '_a3_': 3.3767608789128563, '_a4_': 1.0, '_a5_': 1.0, '_a6_': 1.0, '_a7_': 1.0}};{'d0': 0.02490583292126846};-276.475521882360;34.57425622898651
28913;-103.663504712194;(((_a3_ * pow2((_a1_ + x))) + (_a2_ / pow2(_a0_))) * x);{'d0': {'_a0_': -60.08045092856694, '_a1_': 0.31192970779829393, '_a2_': 5221.647438096164, '_a3_': 3.3767608789128563, '_a4_': 1.0, '_a5_': 1.0, '_a6_': 1.0, '_a7_': 1.0}};{'d0': 0.02490583292126846};-276.475521882360;34.57425622898651
28914;-103.663504712194;(((_a3_ * pow2((_a1_ + x))) + (_a2_ / pow2(_a0_))) * x);{'d0': {'_a0_': -60.08045092856694, '_a1_': 0.31192970779829393, '_a2_': 5221.647438096164, '_a3_': 3.3767608789128563, '_a4_': 1.0, '_a5_': 1.0, '_a6_': 1.0, '_a7_': 1.0}};{'d0': 0.02490583292126846};-276.475521882360;34.57425622898651
28915;-103.663504712194;(((_a3_ * pow2((_a1_ + x))) + (_a2_ / pow2(_a0_))) * x);{'d0': {'_a0_': -60.08045092856694, '_a1_': 0.31192970779829393, '_a2_': 5221.647438096164, '_a3_': 3.3767608789128563, '_a4_': 1.0, '_a5_': 1.0, '_a6_': 1.0, '_a7_': 1.0}};{'d0': 0.02490583292126846};-276.475521882360;34.57425622898651
28916;-103.663504712194;(((_a3_ * pow2((_a1_ + x))) + (_a2_ / pow2(_a0_))) * x);{'d0': {'_a0_': -60.08045092856694, '_a1_': 0.31192970779829393, '_a2_': 5221.647438096164, '_a3_': 3.3767608789128563, '_a4_': 1.0, '_a5_': 1.0, '_a6_': 1.0, '_a7_': 1.0}};{'d0': 0.02490583292126846};-276.475521882360;34.57425622898651
28917;-103.663504712194;(((_a3_ * pow2((_a1_ + x))) + (_a2_ / pow2(_a0_))) * x);{'d0': {'_a0_': -60.08045092856694, '_a1_': 0.31192970779829393, '_a2_': 5221.647438096164, '_a3_': 3.3767608789128563, '_a4_': 1.0, '_a5_': 1.0, '_a6_': 1.0, '_a7_': 1.0}};{'d0': 0.02490583292126846};-276.475521882360;34.57425622898651
28918;-103.663504712194;(((_a3_ * pow2((_a1_ + x))) + (_a2_ / pow2(_a0_))) * x);{'d0': {'_a0_': -60.08045092856694, '_a1_': 0.31192970779829393, '_a2_': 5221.647438096164, '_a3_': 3.3767608789128563, '_a4_': 1.0, '_a5_': 1.0, '_a6_': 1.0, '_a7_': 1.0}};{'d0': 0.02490583292126846};-276.475521882360;34.57425622898651
28919;-103.663504712194;(((_a3_ * pow2((_a1_ + x))) + (_a2_ / pow2(_a0_))) * x);{'d0': {'_a0_': -60.08045092856694, '_a1_': 0.31192970779829393, '_a2_': 5221.647438096164, '_a3_': 3.3767608789128563, '_a4_': 1.0, '_a5_': 1.0, '_a6_': 1.0, '_a7_': 1.0}};{'d0': 0.02490583292126846};-276.475521882360;34.57425622898651
28920;-103.663504712194;(((_a3_ * pow2((_a1_ + x))) + (_a2_ / pow2(_a0_))) * x);{'d0': {'_a0_': -60.08045092856694, '_a1_': 0.31192970779829393, '_a2_': 5221.647438096164, '_a3_': 3.3767608789128563, '_a4_': 1.0, '_a5_': 1.0, '_a6_': 1.0, '_a7_': 1.0}};{'d0': 0.02490583292126846};-276.475521882360;34.57425622898651
28921;-103.663504712194;(((_a3_ * pow2((_a1_ + x))) + (_a2_ / pow2(_a0_))) * x);{'d0': {'_a0_': -60.08045092856694, '_a1_': 0.31192970779829393, '_a2_': 5221.647438096164, '_a3_': 3.3767608789128563, '_a4_': 1.0, '_a5_': 1.0, '_a6_': 1.0, '_a7_': 1.0}};{'d0': 0.02490583292126846};-276.475521882360;34.57425622898651
28922;-103.663504712194;(((_a3_ * pow2((_a1_ + x))) + (_a2_ / pow2(_a0_))) * x);{'d0': {'_a0_': -60.08045092856694, '_a1_': 0.31192970779829393, '_a2_': 5221.647438096164, '_a3_': 3.3767608789128563, '_a4_': 1.0, '_a5_': 1.0, '_a6_': 1.0, '_a7_': 1.0}};{'d0': 0.02490583292126846};-276.475521882360;34.57425622898651
28923;-103.663504712194;(((_a3_ * pow2((_a1_ + x))) + (_a2_ / pow2(_a0_))) * x);{'d0': {'_a0_': -60.08045092856694, '_a1_': 0.31192970779829393, '_a2_': 5221.647438096164, '_a3_': 3.3767608789128563, '_a4_': 1.0, '_a5_': 1.0, '_a6_': 1.0, '_a7_': 1.0}};{'d0': 0.02490583292126846};-276.475521882360;34.57425622898651
28924;-103.663504712194;(((_a3_ * pow2((_a1_ + x))) + (_a2_ / pow2(_a0_))) * x);{'d0': {'_a0_': -60.08045092856694, '_a1_': 0.31192970779829393, '_a2_': 5221.647438096164, '_a3_': 3.3767608789128563, '_a4_': 1.0, '_a5_': 1.0, '_a6_': 1.0, '_a7_': 1.0}};{'d0': 0.02490583292126846};-276.475521882360;34.57425622898651
28925;-103.663504712194;(((_a3_ * pow2((_a1_ + x))) + (_a2_ / pow2(_a0_))) * x);{'d0': {'_a0_': -60.08045092856694, '_a1_': 0.31192970779829393, '_a2_': 5221.647438096164, '_a3_': 3.3767608789128563, '_a4_': 1.0, '_a5_': 1.0, '_a6_': 1.0, '_a7_': 1.0}};{'d0': 0.02490583292126846};-276.475521882360;34.57425622898651
28926;-103.663504712194;(((_a3_ * pow2((_a1_ + x))) + (_a2_ / pow2(_a0_))) * x);{'d0': {'_a0_': -60.08045092856694, '_a1_': 0.31192970779829393, '_a2_': 5221.647438096164, '_a3_': 3.3767608789128563, '_a4_': 1.0, '_a5_': 1.0, '_a6_': 1.0, '_a7_': 1.0}};{'d0': 0.02490583292126846};-276.475521882360;34.57425622898651
28927;-103.663504712194;(((_a3_ * pow2((_a1_ + x))) + (_a2_ / pow2(_a0_))) * x);{'d0': {'_a0_': -60.08045092856694, '_a1_': 0.31192970779829393, '_a2_': 5221.647438096164, '_a3_': 3.3767608789128563, '_a4_': 1.0, '_a5_': 1.0, '_a6_': 1.0, '_a7_': 1.0}};{'d0': 0.02490583292126846};-276.475521882360;34.57425622898651
28928;-103.663504712194;(((_a3_ * pow2((_a1_ + x))) + (_a2_ / pow2(_a0_))) * x);{'d0': {'_a0_': -60.08045092856694, '_a1_': 0.31192970779829393, '_a2_': 5221.647438096164, '_a3_': 3.3767608789128563, '_a4_': 1.0, '_a5_': 1.0, '_a6_': 1.0, '_a7_': 1.0}};{'d0': 0.02490583292126846};-276.475521882360;34.57425622898651
28929;-103.663504712194;(((_a3_ * pow2((_a1_ + x))) + (_a2_ / pow2(_a0_))) * x);{'d0': {'_a0_': -60.08045092856694, '_a1_': 0.31192970779829393, '_a2_': 5221.647438096164, '_a3_': 3.3767608789128563, '_a4_': 1.0, '_a5_': 1.0, '_a6_': 1.0, '_a7_': 1.0}};{'d0': 0.02490583292126846};-276.475521882360;34.57425622898651
28930;-103.663504712194;(((_a3_ * pow2((_a1_ + x))) + (_a2_ / pow2(_a0_))) * x);{'d0': {'_a0_': -60.08045092856694, '_a1_': 0.31192970779829393, '_a2_': 5221.647438096164, '_a3_': 3.3767608789128563, '_a4_': 1.0, '_a5_': 1.0, '_a6_': 1.0, '_a7_': 1.0}};{'d0': 0.02490583292126846};-276.475521882360;34.57425622898651
28931;-103.663504712194;(((_a3_ * pow2((_a1_ + x))) + (_a2_ / pow2(_a0_))) * x);{'d0': {'_a0_': -60.08045092856694, '_a1_': 0.31192970779829393, '_a2_': 5221.647438096164, '_a3_': 3.3767608789128563, '_a4_': 1.0, '_a5_': 1.0, '_a6_': 1.0, '_a7_': 1.0}};{'d0': 0.02490583292126846};-276.475521882360;34.57425622898651
28932;-103.663504712194;(((_a3_ * pow2((_a1_ + x))) + (_a2_ / pow2(_a0_))) * x);{'d0': {'_a0_': -60.08045092856694, '_a1_': 0.31192970779829393, '_a2_': 5221.647438096164, '_a3_': 3.3767608789128563, '_a4_': 1.0, '_a5_': 1.0, '_a6_': 1.0, '_a7_': 1.0}};{'d0': 0.02490583292126846};-276.475521882360;34.57425622898651
28933;-103.663504712194;(((_a3_ * pow2((_a1_ + x))) + (_a2_ / pow2(_a0_))) * x);{'d0': {'_a0_': -60.08045092856694, '_a1_': 0.31192970779829393, '_a2_': 5221.647438096164, '_a3_': 3.3767608789128563, '_a4_': 1.0, '_a5_': 1.0, '_a6_': 1.0, '_a7_': 1.0}};{'d0': 0.02490583292126846};-276.475521882360;34.57425622898651
28934;-103.663504712194;(((_a3_ * pow2((_a1_ + x))) + (_a2_ / pow2(_a0_))) * x);{'d0': {'_a0_': -60.08045092856694, '_a1_': 0.31192970779829393, '_a2_': 5221.647438096164, '_a3_': 3.3767608789128563, '_a4_': 1.0, '_a5_': 1.0, '_a6_': 1.0, '_a7_': 1.0}};{'d0': 0.02490583292126846};-276.475521882360;34.57425622898651
28935;-103.663504712194;(((_a3_ * pow2((_a1_ + x))) + (_a2_ / pow2(_a0_))) * x);{'d0': {'_a0_': -60.08045092856694, '_a1_': 0.31192970779829393, '_a2_': 5221.647438096164, '_a3_': 3.3767608789128563, '_a4_': 1.0, '_a5_': 1.0, '_a6_': 1.0, '_a7_': 1.0}};{'d0': 0.02490583292126846};-276.475521882360;34.57425622898651
28936;-103.663504712194;(((_a3_ * pow2((_a1_ + x))) + (_a2_ / pow2(_a0_))) * x);{'d0': {'_a0_': -60.08045092856694, '_a1_': 0.31192970779829393, '_a2_': 5221.647438096164, '_a3_': 3.3767608789128563, '_a4_': 1.0, '_a5_': 1.0, '_a6_': 1.0, '_a7_': 1.0}};{'d0': 0.02490583292126846};-276.475521882360;34.57425622898651
28937;-99.4619796209258;(((pow2((_a6_ + ((x * _a0_) * (_a0_ * _a0_)))) + _a3_) + x) * x);{'d0': {'_a0_': 1.2248513484019645, '_a3_': 1.6844703503929668, '_a6_': 0.3011063832937506, '_a1_': 1.0, '_a2_': 1.0, '_a4_': 1.0, '_a5_': 1.0, '_a7_': 1.0}};{'d0': 0.024905832919416664};-280.569866449044;40.82295360359598
28938;-99.4619796209258;(((pow2((_a6_ + ((x * _a0_) * (_a0_ * _a0_)))) + _a3_) + x) * x);{'d0': {'_a0_': 1.2248513484019645, '_a3_': 1.6844703503929668, '_a6_': 0.3011063832937506, '_a1_': 1.0, '_a2_': 1.0, '_a4_': 1.0, '_a5_': 1.0, '_a7_': 1.0}};{'d0': 0.024905832919416664};-280.569866449044;40.82295360359598
28939;-99.4619796209258;(((pow2((_a6_ + ((x * _a0_) * (_a0_ * _a0_)))) + _a3_) + x) * x);{'d0': {'_a0_': 1.2248513484019645, '_a3_': 1.6844703503929668, '_a6_': 0.3011063832937506, '_a1_': 1.0, '_a2_': 1.0, '_a4_': 1.0, '_a5_': 1.0, '_a7_': 1.0}};{'d0': 0.024905832919416664};-280.569866449044;40.82295360359598
28940;-99.4619796209258;(((pow2((_a6_ + ((x * _a0_) * (_a0_ * _a0_)))) + _a3_) + x) * x);{'d0': {'_a0_': 1.2248513484019645, '_a3_': 1.6844703503929668, '_a6_': 0.3011063832937506, '_a1_': 1.0, '_a2_': 1.0, '_a4_': 1.0, '_a5_': 1.0, '_a7_': 1.0}};{'d0': 0.024905832919416664};-280.569866449044;40.82295360359598
28941;-99.4619796209258;(((pow2((_a6_ + ((x * _a0_) * (_a0_ * _a0_)))) + _a3_) + x) * x);{'d0': {'_a0_': 1.2248513484019645, '_a3_': 1.6844703503929668, '_a6_': 0.3011063832937506, '_a1_': 1.0, '_a2_': 1.0, '_a4_': 1.0, '_a5_': 1.0, '_a7_': 1.0}};{'d0': 0.024905832919416664};-280.569866449044;40.82295360359598
28942;-99.4619796209258;(((pow2((_a6_ + ((x * _a0_) * (_a0_ * _a0_)))) + _a3_) + x) * x);{'d0': {'_a0_': 1.2248513484019645, '_a3_': 1.6844703503929668, '_a6_': 0.3011063832937506, '_a1_': 1.0, '_a2_': 1.0, '_a4_': 1.0, '_a5_': 1.0, '_a7_': 1.0}};{'d0': 0.024905832919416664};-280.569866449044;40.82295360359598
28943;-99.4619796209258;(((pow2((_a6_ + ((x * _a0_) * (_a0_ * _a0_)))) + _a3_) + x) * x);{'d0': {'_a0_': 1.2248513484019645, '_a3_': 1.6844703503929668, '_a6_': 0.3011063832937506, '_a1_': 1.0, '_a2_': 1.0, '_a4_': 1.0, '_a5_': 1.0, '_a7_': 1.0}};{'d0': 0.024905832919416664};-280.569866449044;40.82295360359598
28944;-99.4619796209258;(((pow2((_a6_ + ((x * _a0_) * (_a0_ * _a0_)))) + _a3_) + x) * x);{'d0': {'_a0_': 1.2248513484019645, '_a3_': 1.6844703503929668, '_a6_': 0.3011063832937506, '_a1_': 1.0, '_a2_': 1.0, '_a4_': 1.0, '_a5_': 1.0, '_a7_': 1.0}};{'d0': 0.024905832919416664};-280.569866449044;40.82295360359598
28945;-99.4619796209258;(((pow2((_a6_ + ((x * _a0_) * (_a0_ * _a0_)))) + _a3_) + x) * x);{'d0': {'_a0_': 1.2248513484019645, '_a3_': 1.6844703503929668, '_a6_': 0.3011063832937506, '_a1_': 1.0, '_a2_': 1.0, '_a4_': 1.0, '_a5_': 1.0, '_a7_': 1.0}};{'d0': 0.024905832919416664};-280.569866449044;40.82295360359598
28946;-99.4619796209258;(((pow2((_a6_ + ((x * _a0_) * (_a0_ * _a0_)))) + _a3_) + x) * x);{'d0': {'_a0_': 1.2248513484019645, '_a3_': 1.6844703503929668, '_a6_': 0.3011063832937506, '_a1_': 1.0, '_a2_': 1.0, '_a4_': 1.0, '_a5_': 1.0, '_a7_': 1.0}};{'d0': 0.024905832919416664};-280.569866449044;40.82295360359598
28947;-99.4619796209258;(((pow2((_a6_ + ((x * _a0_) * (_a0_ * _a0_)))) + _a3_) + x) * x);{'d0': {'_a0_': 1.2248513484019645, '_a3_': 1.6844703503929668, '_a6_': 0.3011063832937506, '_a1_': 1.0, '_a2_': 1.0, '_a4_': 1.0, '_a5_': 1.0, '_a7_': 1.0}};{'d0': 0.024905832919416664};-280.569866449044;40.82295360359598
28948;-99.4619796209258;(((pow2((_a6_ + ((x * _a0_) * (_a0_ * _a0_)))) + _a3_) + x) * x);{'d0': {'_a0_': 1.2248513484019645, '_a3_': 1.6844703503929668, '_a6_': 0.3011063832937506, '_a1_': 1.0, '_a2_': 1.0, '_a4_': 1.0, '_a5_': 1.0, '_a7_': 1.0}};{'d0': 0.024905832919416664};-280.569866449044;40.82295360359598
28949;-99.4619796209258;(((pow2((_a6_ + ((x * _a0_) * (_a0_ * _a0_)))) + _a3_) + x) * x);{'d0': {'_a0_': 1.2248513484019645, '_a3_': 1.6844703503929668, '_a6_': 0.3011063832937506, '_a1_': 1.0, '_a2_': 1.0, '_a4_': 1.0, '_a5_': 1.0, '_a7_': 1.0}};{'d0': 0.024905832919416664};-280.569866449044;40.82295360359598
28950;-99.4619796209258;(((pow2((_a6_ + ((x * _a0_) * (_a0_ * _a0_)))) + _a3_) + x) * x);{'d0': {'_a0_': 1.2248513484019645, '_a3_': 1.6844703503929668, '_a6_': 0.3011063832937506, '_a1_': 1.0, '_a2_': 1.0, '_a4_': 1.0, '_a5_': 1.0, '_a7_': 1.0}};{'d0': 0.024905832919416664};-280.569866449044;40.82295360359598
28951;-94.4402824091468;(((pow2(((_a3_ * _a6_) + ((x * _a0_) * (_a0_ * _a0_)))) + _a3_) + x) * x);{'d0': {'_a0_': 1.224851348256192, '_a3_': 1.6844703507468164, '_a6_': 0.17875433824284187, '_a1_': 1.0, '_a2_': 1.0, '_a4_': 1.0, '_a5_': 1.0, '_a7_': 1.0}};{'d0': 0.024905832919416688};-280.569866449043;45.844650815374976
28952;-94.4402824091468;(((pow2(((_a3_ * _a6_) + ((x * _a0_) * (_a0_ * _a0_)))) + _a3_) + x) * x);{'d0': {'_a0_': 1.224851348256192, '_a3_': 1.6844703507468164, '_a6_': 0.17875433824284187, '_a1_': 1.0, '_a2_': 1.0, '_a4_': 1.0, '_a5_': 1.0, '_a7_': 1.0}};{'d0': 0.024905832919416688};-280.569866449043;45.844650815374976
28953;-94.4402824091468;(((pow2(((_a3_ * _a6_) + ((x * _a0_) * (_a0_ * _a0_)))) + _a3_) + x) * x);{'d0': {'_a0_': 1.224851348256192, '_a3_': 1.6844703507468164, '_a6_': 0.17875433824284187, '_a1_': 1.0, '_a2_': 1.0, '_a4_': 1.0, '_a5_': 1.0, '_a7_': 1.0}};{'d0': 0.024905832919416688};-280.569866449043;45.844650815374976
28954;-94.4402824091468;(((pow2(((_a3_ * _a6_) + ((x * _a0_) * (_a0_ * _a0_)))) + _a3_) + x) * x);{'d0': {'_a0_': 1.224851348256192, '_a3_': 1.6844703507468164, '_a6_': 0.17875433824284187, '_a1_': 1.0, '_a2_': 1.0, '_a4_': 1.0, '_a5_': 1.0, '_a7_': 1.0}};{'d0': 0.024905832919416688};-280.569866449043;45.844650815374976
28955;-94.4402824091468;(((pow2(((_a3_ * _a6_) + ((x * _a0_) * (_a0_ * _a0_)))) + _a3_) + x) * x);{'d0': {'_a0_': 1.224851348256192, '_a3_': 1.6844703507468164, '_a6_': 0.17875433824284187, '_a1_': 1.0, '_a2_': 1.0, '_a4_': 1.0, '_a5_': 1.0, '_a7_': 1.0}};{'d0': 0.024905832919416688};-280.569866449043;45.844650815374976
28956;-94.4402824091468;(((pow2(((_a3_ * _a6_) + ((x * _a0_) * (_a0_ * _a0_)))) + _a3_) + x) * x);{'d0': {'_a0_': 1.224851348256192, '_a3_': 1.6844703507468164, '_a6_': 0.17875433824284187, '_a1_': 1.0, '_a2_': 1.0, '_a4_': 1.0, '_a5_': 1.0, '_a7_': 1.0}};{'d0': 0.024905832919416688};-280.569866449043;45.844650815374976
28957;-94.4402824091468;(((pow2(((_a3_ * _a6_) + ((x * _a0_) * (_a0_ * _a0_)))) + _a3_) + x) * x);{'d0': {'_a0_': 1.224851348256192, '_a3_': 1.6844703507468164, '_a6_': 0.17875433824284187, '_a1_': 1.0, '_a2_': 1.0, '_a4_': 1.0, '_a5_': 1.0, '_a7_': 1.0}};{'d0': 0.024905832919416688};-280.569866449043;45.844650815374976
28958;-94.4402824091468;(((pow2(((_a3_ * _a6_) + ((x * _a0_) * (_a0_ * _a0_)))) + _a3_) + x) * x);{'d0': {'_a0_': 1.224851348256192, '_a3_': 1.6844703507468164, '_a6_': 0.17875433824284187, '_a1_': 1.0, '_a2_': 1.0, '_a4_': 1.0, '_a5_': 1.0, '_a7_': 1.0}};{'d0': 0.024905832919416688};-280.569866449043;45.844650815374976
28959;-94.4402824091468;(((pow2(((_a3_ * _a6_) + ((x * _a0_) * (_a0_ * _a0_)))) + _a3_) + x) * x);{'d0': {'_a0_': 1.224851348256192, '_a3_': 1.6844703507468164, '_a6_': 0.17875433824284187, '_a1_': 1.0, '_a2_': 1.0, '_a4_': 1.0, '_a5_': 1.0, '_a7_': 1.0}};{'d0': 0.024905832919416688};-280.569866449043;45.844650815374976
28960;-94.4402824091468;(((pow2(((_a3_ * _a6_) + ((x * _a0_) * (_a0_ * _a0_)))) + _a3_) + x) * x);{'d0': {'_a0_': 1.224851348256192, '_a3_': 1.6844703507468164, '_a6_': 0.17875433824284187, '_a1_': 1.0, '_a2_': 1.0, '_a4_': 1.0, '_a5_': 1.0, '_a7_': 1.0}};{'d0': 0.024905832919416688};-280.569866449043;45.844650815374976
28961;-94.4402824091468;(((pow2(((_a3_ * _a6_) + ((x * _a0_) * (_a0_ * _a0_)))) + _a3_) + x) * x);{'d0': {'_a0_': 1.224851348256192, '_a3_': 1.6844703507468164, '_a6_': 0.17875433824284187, '_a1_': 1.0, '_a2_': 1.0, '_a4_': 1.0, '_a5_': 1.0, '_a7_': 1.0}};{'d0': 0.024905832919416688};-280.569866449043;45.844650815374976
28962;-94.4402824091468;(((pow2(((_a3_ * _a6_) + ((x * _a0_) * (_a0_ * _a0_)))) + _a3_) + x) * x);{'d0': {'_a0_': 1.224851348256192, '_a3_': 1.6844703507468164, '_a6_': 0.17875433824284187, '_a1_': 1.0, '_a2_': 1.0, '_a4_': 1.0, '_a5_': 1.0, '_a7_': 1.0}};{'d0': 0.024905832919416688};-280.569866449043;45.844650815374976
28963;-94.4402824091468;(((pow2(((_a3_ * _a6_) + ((x * _a0_) * (_a0_ * _a0_)))) + _a3_) + x) * x);{'d0': {'_a0_': 1.224851348256192, '_a3_': 1.6844703507468164, '_a6_': 0.17875433824284187, '_a1_': 1.0, '_a2_': 1.0, '_a4_': 1.0, '_a5_': 1.0, '_a7_': 1.0}};{'d0': 0.024905832919416688};-280.569866449043;45.844650815374976
28964;-94.4402824091468;(((pow2(((_a3_ * _a6_) + ((x * _a0_) * (_a0_ * _a0_)))) + _a3_) + x) * x);{'d0': {'_a0_': 1.224851348256192, '_a3_': 1.6844703507468164, '_a6_': 0.17875433824284187, '_a1_': 1.0, '_a2_': 1.0, '_a4_': 1.0, '_a5_': 1.0, '_a7_': 1.0}};{'d0': 0.024905832919416688};-280.569866449043;45.844650815374976
28965;-93.6616878545235;(((pow2(((_a3_ * _a6_) + ((x / _a0_) * (_a0_ * _a0_)))) + _a3_) + x) * x);{'d0': {'_a0_': 1.837596495050485, '_a3_': 1.6844703504786978, '_a6_': 0.17875433843611607, '_a1_': 1.0, '_a2_': 1.0, '_a4_': 1.0, '_a5_': 1.0, '_a7_': 1.0}};{'d0': 0.024905832919416594};-280.569866449044;46.62324536999837
28966;-93.6616878545235;(((pow2(((_a3_ * _a6_) + ((x / _a0_) * (_a0_ * _a0_)))) + _a3_) + x) * x);{'d0': {'_a0_': 1.837596495050485, '_a3_': 1.6844703504786978, '_a6_': 0.17875433843611607, '_a1_': 1.0, '_a2_': 1.0, '_a4_': 1.0, '_a5_': 1.0, '_a7_': 1.0}};{'d0': 0.024905832919416594};-280.569866449044;46.62324536999837
28967;-93.6616878545235;(((pow2(((_a3_ * _a6_) + ((x / _a0_) * (_a0_ * _a0_)))) + _a3_) + x) * x);{'d0': {'_a0_': 1.837596495050485, '_a3_': 1.6844703504786978, '_a6_': 0.17875433843611607, '_a1_': 1.0, '_a2_': 1.0, '_a4_': 1.0, '_a5_': 1.0, '_a7_': 1.0}};{'d0': 0.024905832919416594};-280.569866449044;46.62324536999837
28968;-93.6616878545235;(((pow2(((_a3_ * _a6_) + ((x / _a0_) * (_a0_ * _a0_)))) + _a3_) + x) * x);{'d0': {'_a0_': 1.837596495050485, '_a3_': 1.6844703504786978, '_a6_': 0.17875433843611607, '_a1_': 1.0, '_a2_': 1.0, '_a4_': 1.0, '_a5_': 1.0, '_a7_': 1.0}};{'d0': 0.024905832919416594};-280.569866449044;46.62324536999837
28969;-93.6616878545235;(((pow2(((_a3_ * _a6_) + ((x / _a0_) * (_a0_ * _a0_)))) + _a3_) + x) * x);{'d0': {'_a0_': 1.837596495050485, '_a3_': 1.6844703504786978, '_a6_': 0.17875433843611607, '_a1_': 1.0, '_a2_': 1.0, '_a4_': 1.0, '_a5_': 1.0, '_a7_': 1.0}};{'d0': 0.024905832919416594};-280.569866449044;46.62324536999837
28970;-94.4402824091468;(((pow2(((_a3_ * _a6_) + ((x * _a0_) * (_a0_ * _a0_)))) + _a3_) + x) * x);{'d0': {'_a0_': 1.224851348256192, '_a3_': 1.6844703507468164, '_a6_': 0.17875433824284187, '_a1_': 1.0, '_a2_': 1.0, '_a4_': 1.0, '_a5_': 1.0, '_a7_': 1.0}};{'d0': 0.024905832919416688};-280.569866449043;45.844650815374976
28971;-94.4402824091468;(((pow2(((_a3_ * _a6_) + ((x * _a0_) * (_a0_ * _a0_)))) + _a3_) + x) * x);{'d0': {'_a0_': 1.224851348256192, '_a3_': 1.6844703507468164, '_a6_': 0.17875433824284187, '_a1_': 1.0, '_a2_': 1.0, '_a4_': 1.0, '_a5_': 1.0, '_a7_': 1.0}};{'d0': 0.024905832919416688};-280.569866449043;45.844650815374976
28972;-92.3931101254104;(((pow2(((_a7_ * _a6_) + ((x * _a0_) * (_a0_ * _a0_)))) + _a3_) + x) * x);{'d0': {'_a0_': 1.2248513483094121, '_a3_': 1.6844703503807068, '_a6_': 0.17101356261606798, '_a7_': 1.7607154234126043, '_a1_': 1.0, '_a2_': 1.0, '_a4_': 1.0, '_a5_': 1.0}};{'d0': 0.0249058329215962};-276.475521881571;45.844650815374976
28973;-103.663504712194;(((_a3_ * pow2((_a1_ + x))) + (_a2_ / pow2(_a0_))) * x);{'d0': {'_a0_': -60.08045092856694, '_a1_': 0.31192970779829393, '_a2_': 5221.647438096164, '_a3_': 3.3767608789128563, '_a4_': 1.0, '_a5_': 1.0, '_a6_': 1.0, '_a7_': 1.0}};{'d0': 0.02490583292126846};-276.475521882360;34.57425622898651
28974;-92.3931101254104;(((pow2(((_a7_ * _a6_) + ((x * _a0_) * (_a0_ * _a0_)))) + _a3_) + x) * x);{'d0': {'_a0_': 1.2248513483094121, '_a3_': 1.6844703503807068, '_a6_': 0.17101356261606798, '_a7_': 1.7607154234126043, '_a1_': 1.0, '_a2_': 1.0, '_a4_': 1.0, '_a5_': 1.0}};{'d0': 0.0249058329215962};-276.475521881571;45.844650815374976
28975;-92.3931101254104;(((pow2(((_a7_ * _a6_) + ((x * _a0_) * (_a0_ * _a0_)))) + _a3_) + x) * x);{'d0': {'_a0_': 1.2248513483094121, '_a3_': 1.6844703503807068, '_a6_': 0.17101356261606798, '_a7_': 1.7607154234126043, '_a1_': 1.0, '_a2_': 1.0, '_a4_': 1.0, '_a5_': 1.0}};{'d0': 0.0249058329215962};-276.475521881571;45.844650815374976
28976;-92.3931101254104;(((pow2(((_a7_ * _a6_) + ((x * _a0_) * (_a0_ * _a0_)))) + _a3_) + x) * x);{'d0': {'_a0_': 1.2248513483094121, '_a3_': 1.6844703503807068, '_a6_': 0.17101356261606798, '_a7_': 1.7607154234126043, '_a1_': 1.0, '_a2_': 1.0, '_a4_': 1.0, '_a5_': 1.0}};{'d0': 0.0249058329215962};-276.475521881571;45.844650815374976
28977;-92.3931101254104;(((pow2(((_a7_ * _a6_) + ((x * _a0_) * (_a0_ * _a0_)))) + _a3_) + x) * x);{'d0': {'_a0_': 1.2248513483094121, '_a3_': 1.6844703503807068, '_a6_': 0.17101356261606798, '_a7_': 1.7607154234126043, '_a1_': 1.0, '_a2_': 1.0, '_a4_': 1.0, '_a5_': 1.0}};{'d0': 0.0249058329215962};-276.475521881571;45.844650815374976
28978;-92.3931101254104;(((pow2(((_a7_ * _a6_) + ((x * _a0_) * (_a0_ * _a0_)))) + _a3_) + x) * x);{'d0': {'_a0_': 1.2248513483094121, '_a3_': 1.6844703503807068, '_a6_': 0.17101356261606798, '_a7_': 1.7607154234126043, '_a1_': 1.0, '_a2_': 1.0, '_a4_': 1.0, '_a5_': 1.0}};{'d0': 0.0249058329215962};-276.475521881571;45.844650815374976
28979;-90.3459378468436;(((pow2(((_a7_ * _a6_) + ((x * _a0_) * (_a0_ * _a4_)))) + _a3_) + x) * x);{'d0': {'_a0_': 1.3845004367232323, '_a3_': 1.6844703502921405, '_a4_': 0.9586585536980722, '_a6_': 0.10477763687261024, '_a7_': 2.8737657434105466, '_a1_': 1.0, '_a2_': 1.0, '_a5_': 1.0}};{'d0': 0.024905832919484016};-272.381177324437;45.844650815374976
28980;-90.3459378468436;(((pow2(((_a7_ * _a6_) + ((x * _a0_) * (_a0_ * _a4_)))) + _a3_) + x) * x);{'d0': {'_a0_': 1.3845004367232323, '_a3_': 1.6844703502921405, '_a4_': 0.9586585536980722, '_a6_': 0.10477763687261024, '_a7_': 2.8737657434105466, '_a1_': 1.0, '_a2_': 1.0, '_a5_': 1.0}};{'d0': 0.024905832919484016};-272.381177324437;45.844650815374976
28981;-90.3459378468436;(((pow2(((_a7_ * _a6_) + ((x * _a0_) * (_a0_ * _a4_)))) + _a3_) + x) * x);{'d0': {'_a0_': 1.3845004367232323, '_a3_': 1.6844703502921405, '_a4_': 0.9586585536980722, '_a6_': 0.10477763687261024, '_a7_': 2.8737657434105466, '_a1_': 1.0, '_a2_': 1.0, '_a5_': 1.0}};{'d0': 0.024905832919484016};-272.381177324437;45.844650815374976
28982;-90.3459378468436;(((pow2(((_a7_ * _a6_) + ((x * _a0_) * (_a0_ * _a4_)))) + _a3_) + x) * x);{'d0': {'_a0_': 1.3845004367232323, '_a3_': 1.6844703502921405, '_a4_': 0.9586585536980722, '_a6_': 0.10477763687261024, '_a7_': 2.8737657434105466, '_a1_': 1.0, '_a2_': 1.0, '_a5_': 1.0}};{'d0': 0.024905832919484016};-272.381177324437;45.844650815374976
28983;-90.3459378468436;(((pow2(((_a7_ * _a6_) + ((x * _a0_) * (_a0_ * _a4_)))) + _a3_) + x) * x);{'d0': {'_a0_': 1.3845004367232323, '_a3_': 1.6844703502921405, '_a4_': 0.9586585536980722, '_a6_': 0.10477763687261024, '_a7_': 2.8737657434105466, '_a1_': 1.0, '_a2_': 1.0, '_a5_': 1.0}};{'d0': 0.024905832919484016};-272.381177324437;45.844650815374976
28984;-90.3459378468436;(((pow2(((_a7_ * _a6_) + ((x * _a0_) * (_a0_ * _a4_)))) + _a3_) + x) * x);{'d0': {'_a0_': 1.3845004367232323, '_a3_': 1.6844703502921405, '_a4_': 0.9586585536980722, '_a6_': 0.10477763687261024, '_a7_': 2.8737657434105466, '_a1_': 1.0, '_a2_': 1.0, '_a5_': 1.0}};{'d0': 0.024905832919484016};-272.381177324437;45.844650815374976
28985;-97.4148073387423;(((pow2(((_a7_ * _a6_) + ((x * _a0_) * _a0_))) + _a3_) + x) * x);{'d0': {'_a0_': 1.3555797633169513, '_a3_': 1.6844703505821923, '_a6_': 0.09724834864075527, '_a7_': 3.096261080346686, '_a1_': 1.0, '_a2_': 1.0, '_a4_': 1.0, '_a5_': 1.0}};{'d0': 0.02490583292030701};-276.475521884676;40.82295360359598
28986;-97.4148073387423;(((pow2(((_a7_ * _a6_) + ((x * _a0_) * _a0_))) + _a3_) + x) * x);{'d0': {'_a0_': 1.3555797633169513, '_a3_': 1.6844703505821923, '_a6_': 0.09724834864075527, '_a7_': 3.096261080346686, '_a1_': 1.0, '_a2_': 1.0, '_a4_': 1.0, '_a5_': 1.0}};{'d0': 0.02490583292030701};-276.475521884676;40.82295360359598
28987;-97.4148073387423;(((pow2(((_a7_ * _a6_) + ((x * _a0_) * _a0_))) + _a3_) + x) * x);{'d0': {'_a0_': 1.3555797633169513, '_a3_': 1.6844703505821923, '_a6_': 0.09724834864075527, '_a7_': 3.096261080346686, '_a1_': 1.0, '_a2_': 1.0, '_a4_': 1.0, '_a5_': 1.0}};{'d0': 0.02490583292030701};-276.475521884676;40.82295360359598
28988;-97.4148073387423;(((pow2(((_a7_ * _a6_) + ((x * _a0_) * _a0_))) + _a3_) + x) * x);{'d0': {'_a0_': 1.3555797633169513, '_a3_': 1.6844703505821923, '_a6_': 0.09724834864075527, '_a7_': 3.096261080346686, '_a1_': 1.0, '_a2_': 1.0, '_a4_': 1.0, '_a5_': 1.0}};{'d0': 0.02490583292030701};-276.475521884676;40.82295360359598
28989;-97.4148073387423;(((pow2(((_a7_ * _a6_) + ((x * _a0_) * _a0_))) + _a3_) + x) * x);{'d0': {'_a0_': 1.3555797633169513, '_a3_': 1.6844703505821923, '_a6_': 0.09724834864075527, '_a7_': 3.096261080346686, '_a1_': 1.0, '_a2_': 1.0, '_a4_': 1.0, '_a5_': 1.0}};{'d0': 0.02490583292030701};-276.475521884676;40.82295360359598
28990;-103.663504712194;(((_a3_ * pow2((_a1_ + x))) + (_a2_ / pow2(_a0_))) * x);{'d0': {'_a0_': -60.08045092856694, '_a1_': 0.31192970779829393, '_a2_': 5221.647438096164, '_a3_': 3.3767608789128563, '_a4_': 1.0, '_a5_': 1.0, '_a6_': 1.0, '_a7_': 1.0}};{'d0': 0.02490583292126846};-276.475521882360;34.57425622898651
28991;-103.663504712194;(((_a3_ * pow2((_a1_ + x))) + (_a2_ / pow2(_a0_))) * x);{'d0': {'_a0_': -60.08045092856694, '_a1_': 0.31192970779829393, '_a2_': 5221.647438096164, '_a3_': 3.3767608789128563, '_a4_': 1.0, '_a5_': 1.0, '_a6_': 1.0, '_a7_': 1.0}};{'d0': 0.02490583292126846};-276.475521882360;34.57425622898651
28992;-103.663504712194;(((_a3_ * pow2((_a1_ + x))) + (_a2_ / pow2(_a0_))) * x);{'d0': {'_a0_': -60.08045092856694, '_a1_': 0.31192970779829393, '_a2_': 5221.647438096164, '_a3_': 3.3767608789128563, '_a4_': 1.0, '_a5_': 1.0, '_a6_': 1.0, '_a7_': 1.0}};{'d0': 0.02490583292126846};-276.475521882360;34.57425622898651
28993;-103.663504712194;(((_a3_ * pow2((_a1_ + x))) + (_a2_ / pow2(_a0_))) * x);{'d0': {'_a0_': -60.08045092856694, '_a1_': 0.31192970779829393, '_a2_': 5221.647438096164, '_a3_': 3.3767608789128563, '_a4_': 1.0, '_a5_': 1.0, '_a6_': 1.0, '_a7_': 1.0}};{'d0': 0.02490583292126846};-276.475521882360;34.57425622898651
28994;-103.663504712194;(((_a3_ * pow2((_a1_ + x))) + (_a2_ / pow2(_a0_))) * x);{'d0': {'_a0_': -60.08045092856694, '_a1_': 0.31192970779829393, '_a2_': 5221.647438096164, '_a3_': 3.3767608789128563, '_a4_': 1.0, '_a5_': 1.0, '_a6_': 1.0, '_a7_': 1.0}};{'d0': 0.02490583292126846};-276.475521882360;34.57425622898651
28995;-103.663504712194;(((_a3_ * pow2((_a1_ + x))) + (_a2_ / pow2(_a0_))) * x);{'d0': {'_a0_': -60.08045092856694, '_a1_': 0.31192970779829393, '_a2_': 5221.647438096164, '_a3_': 3.3767608789128563, '_a4_': 1.0, '_a5_': 1.0, '_a6_': 1.0, '_a7_': 1.0}};{'d0': 0.02490583292126846};-276.475521882360;34.57425622898651
28996;-103.663504712194;(((_a3_ * pow2((_a1_ + x))) + (_a2_ / pow2(_a0_))) * x);{'d0': {'_a0_': -60.08045092856694, '_a1_': 0.31192970779829393, '_a2_': 5221.647438096164, '_a3_': 3.3767608789128563, '_a4_': 1.0, '_a5_': 1.0, '_a6_': 1.0, '_a7_': 1.0}};{'d0': 0.02490583292126846};-276.475521882360;34.57425622898651
28997;-103.663504712194;(((_a3_ * pow2((_a1_ + x))) + (_a2_ / pow2(_a0_))) * x);{'d0': {'_a0_': -60.08045092856694, '_a1_': 0.31192970779829393, '_a2_': 5221.647438096164, '_a3_': 3.3767608789128563, '_a4_': 1.0, '_a5_': 1.0, '_a6_': 1.0, '_a7_': 1.0}};{'d0': 0.02490583292126846};-276.475521882360;34.57425622898651
28998;-103.663504712194;(((_a3_ * pow2((_a1_ + x))) + (_a2_ / pow2(_a0_))) * x);{'d0': {'_a0_': -60.08045092856694, '_a1_': 0.31192970779829393, '_a2_': 5221.647438096164, '_a3_': 3.3767608789128563, '_a4_': 1.0, '_a5_': 1.0, '_a6_': 1.0, '_a7_': 1.0}};{'d0': 0.02490583292126846};-276.475521882360;34.57425622898651
28999;-103.663504712194;(((_a3_ * pow2((_a1_ + x))) + (_a2_ / pow2(_a0_))) * x);{'d0': {'_a0_': -60.08045092856694, '_a1_': 0.31192970779829393, '_a2_': 5221.647438096164, '_a3_': 3.3767608789128563, '_a4_': 1.0, '_a5_': 1.0, '_a6_': 1.0, '_a7_': 1.0}};{'d0': 0.02490583292126846};-276.475521882360;34.57425622898651
29000;-103.663504712194;(((_a3_ * pow2((_a1_ + x))) + (_a2_ / pow2(_a0_))) * x);{'d0': {'_a0_': -60.08045092856694, '_a1_': 0.31192970779829393, '_a2_': 5221.647438096164, '_a3_': 3.3767608789128563, '_a4_': 1.0, '_a5_': 1.0, '_a6_': 1.0, '_a7_': 1.0}};{'d0': 0.02490583292126846};-276.475521882360;34.57425622898651
29001;-103.663504712194;(((_a3_ * pow2((_a1_ + x))) + (_a2_ / pow2(_a0_))) * x);{'d0': {'_a0_': -60.08045092856694, '_a1_': 0.31192970779829393, '_a2_': 5221.647438096164, '_a3_': 3.3767608789128563, '_a4_': 1.0, '_a5_': 1.0, '_a6_': 1.0, '_a7_': 1.0}};{'d0': 0.02490583292126846};-276.475521882360;34.57425622898651
29002;-103.663504712194;(((_a3_ * pow2((_a1_ + x))) + (_a2_ / pow2(_a0_))) * x);{'d0': {'_a0_': -60.08045092856694, '_a1_': 0.31192970779829393, '_a2_': 5221.647438096164, '_a3_': 3.3767608789128563, '_a4_': 1.0, '_a5_': 1.0, '_a6_': 1.0, '_a7_': 1.0}};{'d0': 0.02490583292126846};-276.475521882360;34.57425622898651
29003;-92.7984312748258;(((pow2((((_a0_ ** _a0_) * _a6_) + ((x * _a0_) * _a0_))) + _a3_) + x) * x);{'d0': {'_a0_': 1.3555797632322264, '_a3_': 1.684470350094023, '_a6_': 0.19934891707153, '_a1_': 1.0, '_a2_': 1.0, '_a4_': 1.0, '_a5_': 1.0, '_a7_': 1.0}};{'d0': 0.02490583291941664};-280.569866449044;47.48650194969598
29004;-103.663504712194;(((_a3_ * pow2((_a1_ + x))) + (_a2_ / pow2(_a0_))) * x);{'d0': {'_a0_': -60.08045092856694, '_a1_': 0.31192970779829393, '_a2_': 5221.647438096164, '_a3_': 3.3767608789128563, '_a4_': 1.0, '_a5_': 1.0, '_a6_': 1.0, '_a7_': 1.0}};{'d0': 0.02490583292126846};-276.475521882360;34.57425622898651
29005;-103.663504712194;(((_a3_ * pow2((_a1_ + x))) + (_a2_ / pow2(_a0_))) * x);{'d0': {'_a0_': -60.08045092856694, '_a1_': 0.31192970779829393, '_a2_': 5221.647438096164, '_a3_': 3.3767608789128563, '_a4_': 1.0, '_a5_': 1.0, '_a6_': 1.0, '_a7_': 1.0}};{'d0': 0.02490583292126846};-276.475521882360;34.57425622898651
29006;-103.663504712194;(((_a3_ * pow2((_a1_ + x))) + (_a2_ / pow2(_a0_))) * x);{'d0': {'_a0_': -60.08045092856694, '_a1_': 0.31192970779829393, '_a2_': 5221.647438096164, '_a3_': 3.3767608789128563, '_a4_': 1.0, '_a5_': 1.0, '_a6_': 1.0, '_a7_': 1.0}};{'d0': 0.02490583292126846};-276.475521882360;34.57425622898651
29007;-103.663504712194;(((_a3_ * pow2((_a1_ + x))) + (_a2_ / pow2(_a0_))) * x);{'d0': {'_a0_': -60.08045092856694, '_a1_': 0.31192970779829393, '_a2_': 5221.647438096164, '_a3_': 3.3767608789128563, '_a4_': 1.0, '_a5_': 1.0, '_a6_': 1.0, '_a7_': 1.0}};{'d0': 0.02490583292126846};-276.475521882360;34.57425622898651
29008;-103.663504712194;(((_a3_ * pow2((_a1_ + x))) + (_a2_ / pow2(_a0_))) * x);{'d0': {'_a0_': -60.08045092856694, '_a1_': 0.31192970779829393, '_a2_': 5221.647438096164, '_a3_': 3.3767608789128563, '_a4_': 1.0, '_a5_': 1.0, '_a6_': 1.0, '_a7_': 1.0}};{'d0': 0.02490583292126846};-276.475521882360;34.57425622898651
29009;-103.663504712194;(((_a3_ * pow2((_a1_ + x))) + (_a2_ / pow2(_a0_))) * x);{'d0': {'_a0_': -60.08045092856694, '_a1_': 0.31192970779829393, '_a2_': 5221.647438096164, '_a3_': 3.3767608789128563, '_a4_': 1.0, '_a5_': 1.0, '_a6_': 1.0, '_a7_': 1.0}};{'d0': 0.02490583292126846};-276.475521882360;34.57425622898651
29010;-103.663504712194;(((_a3_ * pow2((_a1_ + x))) + (_a2_ / pow2(_a0_))) * x);{'d0': {'_a0_': -60.08045092856694, '_a1_': 0.31192970779829393, '_a2_': 5221.647438096164, '_a3_': 3.3767608789128563, '_a4_': 1.0, '_a5_': 1.0, '_a6_': 1.0, '_a7_': 1.0}};{'d0': 0.02490583292126846};-276.475521882360;34.57425622898651
29011;-103.663504712194;(((_a3_ * pow2((_a1_ + x))) + (_a2_ / pow2(_a0_))) * x);{'d0': {'_a0_': -60.08045092856694, '_a1_': 0.31192970779829393, '_a2_': 5221.647438096164, '_a3_': 3.3767608789128563, '_a4_': 1.0, '_a5_': 1.0, '_a6_': 1.0, '_a7_': 1.0}};{'d0': 0.02490583292126846};-276.475521882360;34.57425622898651
29012;-103.663504712194;(((_a3_ * pow2((_a1_ + x))) + (_a2_ / pow2(_a0_))) * x);{'d0': {'_a0_': -60.08045092856694, '_a1_': 0.31192970779829393, '_a2_': 5221.647438096164, '_a3_': 3.3767608789128563, '_a4_': 1.0, '_a5_': 1.0, '_a6_': 1.0, '_a7_': 1.0}};{'d0': 0.02490583292126846};-276.475521882360;34.57425622898651
29013;-103.663504712194;(((_a3_ * pow2((_a1_ + x))) + (_a2_ / pow2(_a0_))) * x);{'d0': {'_a0_': -60.08045092856694, '_a1_': 0.31192970779829393, '_a2_': 5221.647438096164, '_a3_': 3.3767608789128563, '_a4_': 1.0, '_a5_': 1.0, '_a6_': 1.0, '_a7_': 1.0}};{'d0': 0.02490583292126846};-276.475521882360;34.57425622898651
29014;-103.663504712194;(((_a3_ * pow2((_a1_ + x))) + (_a2_ / pow2(_a0_))) * x);{'d0': {'_a0_': -60.08045092856694, '_a1_': 0.31192970779829393, '_a2_': 5221.647438096164, '_a3_': 3.3767608789128563, '_a4_': 1.0, '_a5_': 1.0, '_a6_': 1.0, '_a7_': 1.0}};{'d0': 0.02490583292126846};-276.475521882360;34.57425622898651
29015;-103.663504712194;(((_a3_ * pow2((_a1_ + x))) + (_a2_ / pow2(_a0_))) * x);{'d0': {'_a0_': -60.08045092856694, '_a1_': 0.31192970779829393, '_a2_': 5221.647438096164, '_a3_': 3.3767608789128563, '_a4_': 1.0, '_a5_': 1.0, '_a6_': 1.0, '_a7_': 1.0}};{'d0': 0.02490583292126846};-276.475521882360;34.57425622898651
29016;-103.663504712194;(((_a3_ * pow2((_a1_ + x))) + (_a2_ / pow2(_a0_))) * x);{'d0': {'_a0_': -60.08045092856694, '_a1_': 0.31192970779829393, '_a2_': 5221.647438096164, '_a3_': 3.3767608789128563, '_a4_': 1.0, '_a5_': 1.0, '_a6_': 1.0, '_a7_': 1.0}};{'d0': 0.02490583292126846};-276.475521882360;34.57425622898651
29017;-103.663504712194;(((_a3_ * pow2((_a1_ + x))) + (_a2_ / pow2(_a0_))) * x);{'d0': {'_a0_': -60.08045092856694, '_a1_': 0.31192970779829393, '_a2_': 5221.647438096164, '_a3_': 3.3767608789128563, '_a4_': 1.0, '_a5_': 1.0, '_a6_': 1.0, '_a7_': 1.0}};{'d0': 0.02490583292126846};-276.475521882360;34.57425622898651
29018;-103.663504712194;(((_a3_ * pow2((_a1_ + x))) + (_a2_ / pow2(_a0_))) * x);{'d0': {'_a0_': -60.08045092856694, '_a1_': 0.31192970779829393, '_a2_': 5221.647438096164, '_a3_': 3.3767608789128563, '_a4_': 1.0, '_a5_': 1.0, '_a6_': 1.0, '_a7_': 1.0}};{'d0': 0.02490583292126846};-276.475521882360;34.57425622898651
29019;-103.663504712194;(((_a3_ * pow2((_a1_ + x))) + (_a2_ / pow2(_a0_))) * x);{'d0': {'_a0_': -60.08045092856694, '_a1_': 0.31192970779829393, '_a2_': 5221.647438096164, '_a3_': 3.3767608789128563, '_a4_': 1.0, '_a5_': 1.0, '_a6_': 1.0, '_a7_': 1.0}};{'d0': 0.02490583292126846};-276.475521882360;34.57425622898651
29020;-103.663504712194;(((_a3_ * pow2((_a1_ + x))) + (_a2_ / pow2(_a0_))) * x);{'d0': {'_a0_': -60.08045092856694, '_a1_': 0.31192970779829393, '_a2_': 5221.647438096164, '_a3_': 3.3767608789128563, '_a4_': 1.0, '_a5_': 1.0, '_a6_': 1.0, '_a7_': 1.0}};{'d0': 0.02490583292126846};-276.475521882360;34.57425622898651
29021;-103.663504712194;(((_a3_ * pow2((_a1_ + x))) + (_a2_ / pow2(_a0_))) * x);{'d0': {'_a0_': -60.08045092856694, '_a1_': 0.31192970779829393, '_a2_': 5221.647438096164, '_a3_': 3.3767608789128563, '_a4_': 1.0, '_a5_': 1.0, '_a6_': 1.0, '_a7_': 1.0}};{'d0': 0.02490583292126846};-276.475521882360;34.57425622898651
29022;-103.663504712194;(((_a3_ * pow2((_a1_ + x))) + (_a2_ / pow2(_a0_))) * x);{'d0': {'_a0_': -60.08045092856694, '_a1_': 0.31192970779829393, '_a2_': 5221.647438096164, '_a3_': 3.3767608789128563, '_a4_': 1.0, '_a5_': 1.0, '_a6_': 1.0, '_a7_': 1.0}};{'d0': 0.02490583292126846};-276.475521882360;34.57425622898651
29023;-103.663504712194;(((_a3_ * pow2((_a1_ + x))) + (_a2_ / pow2(_a0_))) * x);{'d0': {'_a0_': -60.08045092856694, '_a1_': 0.31192970779829393, '_a2_': 5221.647438096164, '_a3_': 3.3767608789128563, '_a4_': 1.0, '_a5_': 1.0, '_a6_': 1.0, '_a7_': 1.0}};{'d0': 0.02490583292126846};-276.475521882360;34.57425622898651
29024;-103.663504712194;(((_a3_ * pow2((_a1_ + x))) + (_a2_ / pow2(_a0_))) * x);{'d0': {'_a0_': -60.08045092856694, '_a1_': 0.31192970779829393, '_a2_': 5221.647438096164, '_a3_': 3.3767608789128563, '_a4_': 1.0, '_a5_': 1.0, '_a6_': 1.0, '_a7_': 1.0}};{'d0': 0.02490583292126846};-276.475521882360;34.57425622898651
29025;-103.663504712194;(((_a3_ * pow2((_a1_ + x))) + (_a2_ / pow2(_a0_))) * x);{'d0': {'_a0_': -60.08045092856694, '_a1_': 0.31192970779829393, '_a2_': 5221.647438096164, '_a3_': 3.3767608789128563, '_a4_': 1.0, '_a5_': 1.0, '_a6_': 1.0, '_a7_': 1.0}};{'d0': 0.02490583292126846};-276.475521882360;34.57425622898651
29026;-103.663504712194;(((_a3_ * pow2((_a1_ + x))) + (_a2_ / pow2(_a0_))) * x);{'d0': {'_a0_': -60.08045092856694, '_a1_': 0.31192970779829393, '_a2_': 5221.647438096164, '_a3_': 3.3767608789128563, '_a4_': 1.0, '_a5_': 1.0, '_a6_': 1.0, '_a7_': 1.0}};{'d0': 0.02490583292126846};-276.475521882360;34.57425622898651
29027;-103.663504712194;(((_a3_ * pow2((_a1_ + x))) + (_a2_ / pow2(_a0_))) * x);{'d0': {'_a0_': -60.08045092856694, '_a1_': 0.31192970779829393, '_a2_': 5221.647438096164, '_a3_': 3.3767608789128563, '_a4_': 1.0, '_a5_': 1.0, '_a6_': 1.0, '_a7_': 1.0}};{'d0': 0.02490583292126846};-276.475521882360;34.57425622898651
29028;-103.663504712194;(((_a3_ * pow2((_a1_ + x))) + (_a2_ / pow2(_a0_))) * x);{'d0': {'_a0_': -60.08045092856694, '_a1_': 0.31192970779829393, '_a2_': 5221.647438096164, '_a3_': 3.3767608789128563, '_a4_': 1.0, '_a5_': 1.0, '_a6_': 1.0, '_a7_': 1.0}};{'d0': 0.02490583292126846};-276.475521882360;34.57425622898651
29029;-103.663504712194;(((_a3_ * pow2((_a1_ + x))) + (_a2_ / pow2(_a0_))) * x);{'d0': {'_a0_': -60.08045092856694, '_a1_': 0.31192970779829393, '_a2_': 5221.647438096164, '_a3_': 3.3767608789128563, '_a4_': 1.0, '_a5_': 1.0, '_a6_': 1.0, '_a7_': 1.0}};{'d0': 0.02490583292126846};-276.475521882360;34.57425622898651
29030;-103.663504712194;(((_a3_ * pow2((_a1_ + x))) + (_a2_ / pow2(_a0_))) * x);{'d0': {'_a0_': -60.08045092856694, '_a1_': 0.31192970779829393, '_a2_': 5221.647438096164, '_a3_': 3.3767608789128563, '_a4_': 1.0, '_a5_': 1.0, '_a6_': 1.0, '_a7_': 1.0}};{'d0': 0.02490583292126846};-276.475521882360;34.57425622898651
29031;-103.663504712194;(((_a3_ * pow2((_a1_ + x))) + (_a2_ / pow2(_a0_))) * x);{'d0': {'_a0_': -60.08045092856694, '_a1_': 0.31192970779829393, '_a2_': 5221.647438096164, '_a3_': 3.3767608789128563, '_a4_': 1.0, '_a5_': 1.0, '_a6_': 1.0, '_a7_': 1.0}};{'d0': 0.02490583292126846};-276.475521882360;34.57425622898651
29032;-103.663504712194;(((_a3_ * pow2((_a1_ + x))) + (_a2_ / pow2(_a0_))) * x);{'d0': {'_a0_': -60.08045092856694, '_a1_': 0.31192970779829393, '_a2_': 5221.647438096164, '_a3_': 3.3767608789128563, '_a4_': 1.0, '_a5_': 1.0, '_a6_': 1.0, '_a7_': 1.0}};{'d0': 0.02490583292126846};-276.475521882360;34.57425622898651
29033;-103.663504712194;(((_a3_ * pow2((_a1_ + x))) + (_a2_ / pow2(_a0_))) * x);{'d0': {'_a0_': -60.08045092856694, '_a1_': 0.31192970779829393, '_a2_': 5221.647438096164, '_a3_': 3.3767608789128563, '_a4_': 1.0, '_a5_': 1.0, '_a6_': 1.0, '_a7_': 1.0}};{'d0': 0.02490583292126846};-276.475521882360;34.57425622898651
29034;-103.663504712194;(((_a3_ * pow2((_a1_ + x))) + (_a2_ / pow2(_a0_))) * x);{'d0': {'_a0_': -60.08045092856694, '_a1_': 0.31192970779829393, '_a2_': 5221.647438096164, '_a3_': 3.3767608789128563, '_a4_': 1.0, '_a5_': 1.0, '_a6_': 1.0, '_a7_': 1.0}};{'d0': 0.02490583292126846};-276.475521882360;34.57425622898651
29035;-103.663504712194;(((_a3_ * pow2((_a1_ + x))) + (_a2_ / pow2(_a0_))) * x);{'d0': {'_a0_': -60.08045092856694, '_a1_': 0.31192970779829393, '_a2_': 5221.647438096164, '_a3_': 3.3767608789128563, '_a4_': 1.0, '_a5_': 1.0, '_a6_': 1.0, '_a7_': 1.0}};{'d0': 0.02490583292126846};-276.475521882360;34.57425622898651
29036;-89.9817406942631;(((pow2((((_a3_ / _a0_) * _a6_) + (x * -(_a0_)))) + _a3_) + (_a0_ * _a3_)) * x);{'d0': {'_a0_': 1.8375964951203403, '_a3_': 0.5097892147938228, '_a6_': -2.066171671760105, '_a1_': 1.0, '_a2_': 1.0, '_a4_': 1.0, '_a5_': 1.0, '_a7_': 1.0}};{'d0': 0.024905832919416594};-280.569866449044;50.30319253025877
29037;-89.9817406942631;(((pow2((((_a3_ / _a0_) * _a6_) + (x * -(_a0_)))) + _a3_) + (_a0_ * _a3_)) * x);{'d0': {'_a0_': 1.8375964951203403, '_a3_': 0.5097892147938228, '_a6_': -2.066171671760105, '_a1_': 1.0, '_a2_': 1.0, '_a4_': 1.0, '_a5_': 1.0, '_a7_': 1.0}};{'d0': 0.024905832919416594};-280.569866449044;50.30319253025877
29038;-89.9817406942631;(((pow2((((_a3_ / _a0_) * _a6_) + (x * -(_a0_)))) + _a3_) + (_a0_ * _a3_)) * x);{'d0': {'_a0_': 1.8375964951203403, '_a3_': 0.5097892147938228, '_a6_': -2.066171671760105, '_a1_': 1.0, '_a2_': 1.0, '_a4_': 1.0, '_a5_': 1.0, '_a7_': 1.0}};{'d0': 0.024905832919416594};-280.569866449044;50.30319253025877
29039;-89.9817406942631;(((pow2((((_a3_ / _a0_) * _a6_) + (x * -(_a0_)))) + _a3_) + (_a0_ * _a3_)) * x);{'d0': {'_a0_': 1.8375964951203403, '_a3_': 0.5097892147938228, '_a6_': -2.066171671760105, '_a1_': 1.0, '_a2_': 1.0, '_a4_': 1.0, '_a5_': 1.0, '_a7_': 1.0}};{'d0': 0.024905832919416594};-280.569866449044;50.30319253025877
29040;-89.0104795706902;(((pow2((((_a3_ / _a0_) + _a6_) + (x * -(_a0_)))) + _a3_) + (_a0_ * _a3_)) * x);{'d0': {'_a0_': 1.8375964946608916, '_a3_': 0.5097892150848469, '_a6_': -0.8506226765996096, '_a1_': 1.0, '_a2_': 1.0, '_a4_': 1.0, '_a5_': 1.0, '_a7_': 1.0}};{'d0': 0.024905832919416542};-280.569866449044;51.27445365383177
29041;-89.0104795706902;(((pow2((((_a3_ / _a0_) + _a6_) + (x * -(_a0_)))) + _a3_) + (_a0_ * _a3_)) * x);{'d0': {'_a0_': 1.8375964946608916, '_a3_': 0.5097892150848469, '_a6_': -0.8506226765996096, '_a1_': 1.0, '_a2_': 1.0, '_a4_': 1.0, '_a5_': 1.0, '_a7_': 1.0}};{'d0': 0.024905832919416542};-280.569866449044;51.27445365383177
29042;-89.0104795706902;(((pow2((((_a3_ / _a0_) + _a6_) + (x * -(_a0_)))) + _a3_) + (_a0_ * _a3_)) * x);{'d0': {'_a0_': 1.8375964946608916, '_a3_': 0.5097892150848469, '_a6_': -0.8506226765996096, '_a1_': 1.0, '_a2_': 1.0, '_a4_': 1.0, '_a5_': 1.0, '_a7_': 1.0}};{'d0': 0.024905832919416542};-280.569866449044;51.27445365383177
29043;-89.0104795706902;(((pow2((((_a3_ / _a0_) + _a6_) + (x * -(_a0_)))) + _a3_) + (_a0_ * _a3_)) * x);{'d0': {'_a0_': 1.8375964946608916, '_a3_': 0.5097892150848469, '_a6_': -0.8506226765996096, '_a1_': 1.0, '_a2_': 1.0, '_a4_': 1.0, '_a5_': 1.0, '_a7_': 1.0}};{'d0': 0.024905832919416542};-280.569866449044;51.27445365383177
29044;-89.0104795706902;(((pow2((((_a3_ / _a0_) + _a6_) + (x * -(_a0_)))) + _a3_) + (_a0_ * _a3_)) * x);{'d0': {'_a0_': 1.8375964946608916, '_a3_': 0.5097892150848469, '_a6_': -0.8506226765996096, '_a1_': 1.0, '_a2_': 1.0, '_a4_': 1.0, '_a5_': 1.0, '_a7_': 1.0}};{'d0': 0.024905832919416542};-280.569866449044;51.27445365383177
29045;-93.8874622098250;(((pow2((((_a3_ / _a0_) + _a6_) + (x * -(_a0_)))) + _a3_) + _a3_) * x);{'d0': {'_a0_': 1.8375964950712336, '_a3_': 0.7232880446001946, '_a6_': -0.96680641456862, '_a1_': 1.0, '_a2_': 1.0, '_a4_': 1.0, '_a5_': 1.0, '_a7_': 1.0}};{'d0': 0.024905832919416643};-280.569866449044;46.39747101469677
29046;-93.8874622098250;(((pow2((((_a3_ / _a0_) + _a6_) + (x * -(_a0_)))) + _a3_) + _a3_) * x);{'d0': {'_a0_': 1.8375964950712336, '_a3_': 0.7232880446001946, '_a6_': -0.96680641456862, '_a1_': 1.0, '_a2_': 1.0, '_a4_': 1.0, '_a5_': 1.0, '_a7_': 1.0}};{'d0': 0.024905832919416643};-280.569866449044;46.39747101469677
29047;-93.8874622098250;(((pow2((((_a3_ / _a0_) + _a6_) + (x * -(_a0_)))) + _a3_) + _a3_) * x);{'d0': {'_a0_': 1.8375964950712336, '_a3_': 0.7232880446001946, '_a6_': -0.96680641456862, '_a1_': 1.0, '_a2_': 1.0, '_a4_': 1.0, '_a5_': 1.0, '_a7_': 1.0}};{'d0': 0.024905832919416643};-280.569866449044;46.39747101469677
29048;-93.8874622098250;(((pow2((((_a3_ / _a0_) + _a6_) + (x * -(_a0_)))) + _a3_) + _a3_) * x);{'d0': {'_a0_': 1.8375964950712336, '_a3_': 0.7232880446001946, '_a6_': -0.96680641456862, '_a1_': 1.0, '_a2_': 1.0, '_a4_': 1.0, '_a5_': 1.0, '_a7_': 1.0}};{'d0': 0.024905832919416643};-280.569866449044;46.39747101469677
29049;-92.2080773399754;(((pow2((((_a3_ / _a0_) + _a6_) + (x * log(_a0_)))) + _a3_) + _a3_) * x);{'d0': {'_a0_': 6.281422671407972, '_a3_': 0.7232880446899134, '_a6_': 0.4580537675283334, '_a1_': 1.0, '_a2_': 1.0, '_a4_': 1.0, '_a5_': 1.0, '_a7_': 1.0}};{'d0': 0.024905832919416653};-280.569866449044;48.07685588454638
29050;-92.2080773399755;(((pow2((((_a3_ / _a0_) + _a6_) + (x * log(_a0_)))) + _a6_) + _a3_) * x);{'d0': {'_a0_': 6.281422672507052, '_a3_': 1.038742554571453, '_a6_': 0.40783353468483585, '_a1_': 1.0, '_a2_': 1.0, '_a4_': 1.0, '_a5_': 1.0, '_a7_': 1.0}};{'d0': 0.024905832919416605};-280.569866449044;48.07685588454638
29051;-92.2080773399755;(((pow2((((_a3_ / _a0_) + _a6_) + (x * log(_a0_)))) + _a6_) + _a3_) * x);{'d0': {'_a0_': 6.281422672507052, '_a3_': 1.038742554571453, '_a6_': 0.40783353468483585, '_a1_': 1.0, '_a2_': 1.0, '_a4_': 1.0, '_a5_': 1.0, '_a7_': 1.0}};{'d0': 0.024905832919416605};-280.569866449044;48.07685588454638
29052;-92.2080773399755;(((pow2((((_a3_ / _a0_) + _a6_) + (x * log(_a0_)))) + _a6_) + _a3_) * x);{'d0': {'_a0_': 6.281422672507052, '_a3_': 1.038742554571453, '_a6_': 0.40783353468483585, '_a1_': 1.0, '_a2_': 1.0, '_a4_': 1.0, '_a5_': 1.0, '_a7_': 1.0}};{'d0': 0.024905832919416605};-280.569866449044;48.07685588454638
29053;-92.2080773399755;(((pow2((((_a3_ / _a0_) + _a6_) + (x * log(_a0_)))) + _a6_) + _a3_) * x);{'d0': {'_a0_': 6.281422672507052, '_a3_': 1.038742554571453, '_a6_': 0.40783353468483585, '_a1_': 1.0, '_a2_': 1.0, '_a4_': 1.0, '_a5_': 1.0, '_a7_': 1.0}};{'d0': 0.024905832919416605};-280.569866449044;48.07685588454638
29054;-63.1258096773127;(((x * _a7_) * (_a0_ + ((x * (_a4_ * ((_a7_ + x) * _a1_))) / (_a7_ + pow2(_a4_))))) + ((x * _a1_) * (_a2_ * _a4_)));{'d0': {'_a0_': 16.487694946191507, '_a1_': 9.060293938261555, '_a2_': -1.6770097643091422, '_a4_': 0.5601392174822789, '_a7_': 0.6238594154761345, '_a3_': 1.0, '_a5_': 1.0, '_a6_': 1.0}};{'d0': 0.02490583292017253};-272.381177322778;73.06477898407643
29055;-63.1258096773127;(((x * _a7_) * (_a0_ + ((x * (_a4_ * ((_a7_ + x) * _a1_))) / (_a7_ + pow2(_a4_))))) + ((x * _a1_) * (_a2_ * _a4_)));{'d0': {'_a0_': 16.487694946191507, '_a1_': 9.060293938261555, '_a2_': -1.6770097643091422, '_a4_': 0.5601392174822789, '_a7_': 0.6238594154761345, '_a3_': 1.0, '_a5_': 1.0, '_a6_': 1.0}};{'d0': 0.02490583292017253};-272.381177322778;73.06477898407643
29056;-63.1258096773127;(((x * _a7_) * (_a0_ + ((x * (_a4_ * ((_a7_ + x) * _a1_))) / (_a7_ + pow2(_a4_))))) + ((x * _a1_) * (_a2_ * _a4_)));{'d0': {'_a0_': 16.487694946191507, '_a1_': 9.060293938261555, '_a2_': -1.6770097643091422, '_a4_': 0.5601392174822789, '_a7_': 0.6238594154761345, '_a3_': 1.0, '_a5_': 1.0, '_a6_': 1.0}};{'d0': 0.02490583292017253};-272.381177322778;73.06477898407643
29057;-63.1258096772832;(((x * _a7_) * (_a0_ + ((x * (_a4_ * ((_a0_ + x) * _a1_))) / (_a7_ + pow2(_a4_))))) + ((x * _a1_) * (_a2_ * _a4_)));{'d0': {'_a0_': 0.6238594155680128, '_a1_': 17.09767390186547, '_a2_': 0.8357802018350036, '_a4_': 0.19282512168793886, '_a7_': -1.5713727012409135, '_a3_': 1.0, '_a5_': 1.0, '_a6_': 1.0}};{'d0': 0.024905832920197022};-272.381177322719;73.06477898407643
29058;-63.1258096772832;(((x * _a7_) * (_a0_ + ((x * (_a4_ * ((_a0_ + x) * _a1_))) / (_a7_ + pow2(_a4_))))) + ((x * _a1_) * (_a2_ * _a4_)));{'d0': {'_a0_': 0.6238594155680128, '_a1_': 17.09767390186547, '_a2_': 0.8357802018350036, '_a4_': 0.19282512168793886, '_a7_': -1.5713727012409135, '_a3_': 1.0, '_a5_': 1.0, '_a6_': 1.0}};{'d0': 0.024905832920197022};-272.381177322719;73.06477898407643
29059;-63.1258096772832;(((x * _a7_) * (_a0_ + ((x * (_a4_ * ((_a0_ + x) * _a1_))) / (_a7_ + pow2(_a4_))))) + ((x * _a1_) * (_a2_ * _a4_)));{'d0': {'_a0_': 0.6238594155680128, '_a1_': 17.09767390186547, '_a2_': 0.8357802018350036, '_a4_': 0.19282512168793886, '_a7_': -1.5713727012409135, '_a3_': 1.0, '_a5_': 1.0, '_a6_': 1.0}};{'d0': 0.024905832920197022};-272.381177322719;73.06477898407643
29060;-63.1258096772832;(((x * _a7_) * (_a0_ + ((x * (_a4_ * ((_a0_ + x) * _a1_))) / (_a7_ + pow2(_a4_))))) + ((x * _a1_) * (_a2_ * _a4_)));{'d0': {'_a0_': 0.6238594155680128, '_a1_': 17.09767390186547, '_a2_': 0.8357802018350036, '_a4_': 0.19282512168793886, '_a7_': -1.5713727012409135, '_a3_': 1.0, '_a5_': 1.0, '_a6_': 1.0}};{'d0': 0.024905832920197022};-272.381177322719;73.06477898407643
29061;-63.1258096772832;(((x * _a7_) * (_a0_ + ((x * (_a4_ * ((_a0_ + x) * _a1_))) / (_a7_ + pow2(_a4_))))) + ((x * _a1_) * (_a2_ * _a4_)));{'d0': {'_a0_': 0.6238594155680128, '_a1_': 17.09767390186547, '_a2_': 0.8357802018350036, '_a4_': 0.19282512168793886, '_a7_': -1.5713727012409135, '_a3_': 1.0, '_a5_': 1.0, '_a6_': 1.0}};{'d0': 0.024905832920197022};-272.381177322719;73.06477898407643
29062;-63.1258096772832;(((x * _a7_) * (_a0_ + ((x * (_a4_ * ((_a0_ + x) * _a1_))) / (_a7_ + pow2(_a4_))))) + ((x * _a1_) * (_a2_ * _a4_)));{'d0': {'_a0_': 0.6238594155680128, '_a1_': 17.09767390186547, '_a2_': 0.8357802018350036, '_a4_': 0.19282512168793886, '_a7_': -1.5713727012409135, '_a3_': 1.0, '_a5_': 1.0, '_a6_': 1.0}};{'d0': 0.024905832920197022};-272.381177322719;73.06477898407643
29063;-57.2885868329606;(((x * _a7_) * (_a0_ + ((x * (_a4_ * ((_a0_ + x) * _a1_))) / (_a7_ + pow2(_a4_))))) + ((x * _a1_) * ((_a0_ / _a2_) * _a4_)));{'d0': {'_a0_': 0.6238594156566658, '_a1_': 17.544327033407278, '_a2_': 0.9126335687222703, '_a4_': 0.18286334743470023, '_a7_': -0.6699260747006214, '_a3_': 1.0, '_a5_': 1.0, '_a6_': 1.0}};{'d0': 0.024905832950229693};-272.381177250368;78.90200179222363
29064;-57.2885868329606;(((x * _a7_) * (_a0_ + ((x * (_a4_ * ((_a0_ + x) * _a1_))) / (_a7_ + pow2(_a4_))))) + ((x * _a1_) * ((_a0_ / _a2_) * _a4_)));{'d0': {'_a0_': 0.6238594156566658, '_a1_': 17.544327033407278, '_a2_': 0.9126335687222703, '_a4_': 0.18286334743470023, '_a7_': -0.6699260747006214, '_a3_': 1.0, '_a5_': 1.0, '_a6_': 1.0}};{'d0': 0.024905832950229693};-272.381177250368;78.90200179222363
29065;-57.2885868329606;(((x * _a7_) * (_a0_ + ((x * (_a4_ * ((_a0_ + x) * _a1_))) / (_a7_ + pow2(_a4_))))) + ((x * _a1_) * ((_a0_ / _a2_) * _a4_)));{'d0': {'_a0_': 0.6238594156566658, '_a1_': 17.544327033407278, '_a2_': 0.9126335687222703, '_a4_': 0.18286334743470023, '_a7_': -0.6699260747006214, '_a3_': 1.0, '_a5_': 1.0, '_a6_': 1.0}};{'d0': 0.024905832950229693};-272.381177250368;78.90200179222363
29066;-59.3357591278363;(((x * _a7_) * (_a0_ + ((x * (_a4_ * ((_a0_ + x) * _a1_))) / (_a7_ + pow2(_a4_))))) + ((x * _a1_) * ((_a0_ / _a0_) * _a4_)));{'d0': {'_a0_': 0.623859415516912, '_a1_': 17.464250396764847, '_a4_': 0.19053185225345845, '_a7_': -2.4883194661358643, '_a2_': 1.0, '_a3_': 1.0, '_a5_': 1.0, '_a6_': 1.0}};{'d0': 0.02490583293880229};-276.475521840120;78.90200179222363
29067;-59.3357591278363;(((x * _a7_) * (_a0_ + ((x * (_a4_ * ((_a0_ + x) * _a1_))) / (_a7_ + pow2(_a4_))))) + ((x * _a1_) * ((_a0_ / _a0_) * _a4_)));{'d0': {'_a0_': 0.623859415516912, '_a1_': 17.464250396764847, '_a4_': 0.19053185225345845, '_a7_': -2.4883194661358643, '_a2_': 1.0, '_a3_': 1.0, '_a5_': 1.0, '_a6_': 1.0}};{'d0': 0.02490583293880229};-276.475521840120;78.90200179222363
29068;-59.3357591278363;(((x * _a7_) * (_a0_ + ((x * (_a4_ * ((_a0_ + x) * _a1_))) / (_a7_ + pow2(_a4_))))) + ((x * _a1_) * ((_a0_ / _a0_) * _a4_)));{'d0': {'_a0_': 0.623859415516912, '_a1_': 17.464250396764847, '_a4_': 0.19053185225345845, '_a7_': -2.4883194661358643, '_a2_': 1.0, '_a3_': 1.0, '_a5_': 1.0, '_a6_': 1.0}};{'d0': 0.02490583293880229};-276.475521840120;78.90200179222363
29069;-59.3357591278363;(((x * _a7_) * (_a0_ + ((x * (_a4_ * ((_a0_ + x) * _a1_))) / (_a7_ + pow2(_a4_))))) + ((x * _a1_) * ((_a0_ / _a0_) * _a4_)));{'d0': {'_a0_': 0.623859415516912, '_a1_': 17.464250396764847, '_a4_': 0.19053185225345845, '_a7_': -2.4883194661358643, '_a2_': 1.0, '_a3_': 1.0, '_a5_': 1.0, '_a6_': 1.0}};{'d0': 0.02490583293880229};-276.475521840120;78.90200179222363
29070;-59.3357591278363;(((x * _a7_) * (_a0_ + ((x * (_a4_ * ((_a0_ + x) * _a1_))) / (_a7_ + pow2(_a4_))))) + ((x * _a1_) * ((_a0_ / _a0_) * _a4_)));{'d0': {'_a0_': 0.623859415516912, '_a1_': 17.464250396764847, '_a4_': 0.19053185225345845, '_a7_': -2.4883194661358643, '_a2_': 1.0, '_a3_': 1.0, '_a5_': 1.0, '_a6_': 1.0}};{'d0': 0.02490583293880229};-276.475521840120;78.90200179222363
29071;-59.3357591278363;(((x * _a7_) * (_a0_ + ((x * (_a4_ * ((_a0_ + x) * _a1_))) / (_a7_ + pow2(_a4_))))) + ((x * _a1_) * ((_a0_ / _a0_) * _a4_)));{'d0': {'_a0_': 0.623859415516912, '_a1_': 17.464250396764847, '_a4_': 0.19053185225345845, '_a7_': -2.4883194661358643, '_a2_': 1.0, '_a3_': 1.0, '_a5_': 1.0, '_a6_': 1.0}};{'d0': 0.02490583293880229};-276.475521840120;78.90200179222363
29072;-58.5094336114255;(((x * _a7_) * (_a0_ + ((x * (_a4_ * ((_a0_ + x) * _a1_))) / (_a7_ + pow2(_a4_))))) + ((x * _a1_) * ((_a0_ ** _a0_) * _a4_)));{'d0': {'_a0_': 0.6238594157901358, '_a1_': 17.483942922477546, '_a4_': 0.18674270262036705, '_a7_': -1.0536447589784232, '_a2_': 1.0, '_a3_': 1.0, '_a5_': 1.0, '_a6_': 1.0}};{'d0': 0.02490583292091826};-276.475521883204;79.72832733017643
29073;-58.5094336114255;(((x * _a7_) * (_a0_ + ((x * (_a4_ * ((_a0_ + x) * _a1_))) / (_a7_ + pow2(_a4_))))) + ((x * _a1_) * ((_a0_ ** _a0_) * _a4_)));{'d0': {'_a0_': 0.6238594157901358, '_a1_': 17.483942922477546, '_a4_': 0.18674270262036705, '_a7_': -1.0536447589784232, '_a2_': 1.0, '_a3_': 1.0, '_a5_': 1.0, '_a6_': 1.0}};{'d0': 0.02490583292091826};-276.475521883204;79.72832733017643
29074;-58.5094336114255;(((x * _a7_) * (_a0_ + ((x * (_a4_ * ((_a0_ + x) * _a1_))) / (_a7_ + pow2(_a4_))))) + ((x * _a1_) * ((_a0_ ** _a0_) * _a4_)));{'d0': {'_a0_': 0.6238594157901358, '_a1_': 17.483942922477546, '_a4_': 0.18674270262036705, '_a7_': -1.0536447589784232, '_a2_': 1.0, '_a3_': 1.0, '_a5_': 1.0, '_a6_': 1.0}};{'d0': 0.02490583292091826};-276.475521883204;79.72832733017643
29075;-58.5094336114255;(((x * _a7_) * (_a0_ + ((x * (_a4_ * ((_a0_ + x) * _a1_))) / (_a7_ + pow2(_a4_))))) + ((x * _a1_) * ((_a0_ ** _a0_) * _a4_)));{'d0': {'_a0_': 0.6238594157901358, '_a1_': 17.483942922477546, '_a4_': 0.18674270262036705, '_a7_': -1.0536447589784232, '_a2_': 1.0, '_a3_': 1.0, '_a5_': 1.0, '_a6_': 1.0}};{'d0': 0.02490583292091826};-276.475521883204;79.72832733017643
29076;-58.5094336114255;(((x * _a7_) * (_a0_ + ((x * (_a4_ * ((_a0_ + x) * _a1_))) / (_a7_ + pow2(_a4_))))) + ((x * _a1_) * ((_a0_ ** _a0_) * _a4_)));{'d0': {'_a0_': 0.6238594157901358, '_a1_': 17.483942922477546, '_a4_': 0.18674270262036705, '_a7_': -1.0536447589784232, '_a2_': 1.0, '_a3_': 1.0, '_a5_': 1.0, '_a6_': 1.0}};{'d0': 0.02490583292091826};-276.475521883204;79.72832733017643
29077;-58.5094336114255;(((x * _a7_) * (_a0_ + ((x * (_a4_ * ((_a0_ + x) * _a1_))) / (_a7_ + pow2(_a4_))))) + ((x * _a1_) * ((_a0_ ** _a0_) * _a4_)));{'d0': {'_a0_': 0.6238594157901358, '_a1_': 17.483942922477546, '_a4_': 0.18674270262036705, '_a7_': -1.0536447589784232, '_a2_': 1.0, '_a3_': 1.0, '_a5_': 1.0, '_a6_': 1.0}};{'d0': 0.02490583292091826};-276.475521883204;79.72832733017643
29078;-58.5094336114255;(((x * _a7_) * (_a0_ + ((x * (_a4_ * ((_a0_ + x) * _a1_))) / (_a7_ + pow2(_a4_))))) + ((x * _a1_) * ((_a0_ ** _a0_) * _a4_)));{'d0': {'_a0_': 0.6238594157901358, '_a1_': 17.483942922477546, '_a4_': 0.18674270262036705, '_a7_': -1.0536447589784232, '_a2_': 1.0, '_a3_': 1.0, '_a5_': 1.0, '_a6_': 1.0}};{'d0': 0.02490583292091826};-276.475521883204;79.72832733017643
29079;-58.5094336114255;(((x * _a7_) * (_a0_ + ((x * (_a4_ * ((_a0_ + x) * _a1_))) / (_a7_ + pow2(_a4_))))) + ((x * _a1_) * ((_a0_ ** _a0_) * _a4_)));{'d0': {'_a0_': 0.6238594157901358, '_a1_': 17.483942922477546, '_a4_': 0.18674270262036705, '_a7_': -1.0536447589784232, '_a2_': 1.0, '_a3_': 1.0, '_a5_': 1.0, '_a6_': 1.0}};{'d0': 0.02490583292091826};-276.475521883204;79.72832733017643
29080;-58.5094336114255;(((x * _a7_) * (_a0_ + ((x * (_a4_ * ((_a0_ + x) * _a1_))) / (_a7_ + pow2(_a4_))))) + ((x * _a1_) * ((_a0_ ** _a0_) * _a4_)));{'d0': {'_a0_': 0.6238594157901358, '_a1_': 17.483942922477546, '_a4_': 0.18674270262036705, '_a7_': -1.0536447589784232, '_a2_': 1.0, '_a3_': 1.0, '_a5_': 1.0, '_a6_': 1.0}};{'d0': 0.02490583292091826};-276.475521883204;79.72832733017643
29081;-58.5094336114255;(((x * _a7_) * (_a0_ + ((x * (_a4_ * ((_a0_ + x) * _a1_))) / (_a7_ + pow2(_a4_))))) + ((x * _a1_) * ((_a0_ ** _a0_) * _a4_)));{'d0': {'_a0_': 0.6238594157901358, '_a1_': 17.483942922477546, '_a4_': 0.18674270262036705, '_a7_': -1.0536447589784232, '_a2_': 1.0, '_a3_': 1.0, '_a5_': 1.0, '_a6_': 1.0}};{'d0': 0.02490583292091826};-276.475521883204;79.72832733017643
29082;-58.5094335939170;(((x * _a7_) * (_a0_ + ((x * (_a4_ * ((_a0_ + x) * _a0_))) / (_a7_ + pow2(_a4_))))) + ((x * _a1_) * ((_a0_ ** _a0_) * _a4_)));{'d0': {'_a0_': 0.6238594155579419, '_a1_': 3.5991784522358947, '_a4_': 0.8739084127854961, '_a7_': -0.9107632610343418, '_a2_': 1.0, '_a3_': 1.0, '_a5_': 1.0, '_a6_': 1.0}};{'d0': 0.024905832935453693};-276.475521848187;79.72832733017643
29083;-58.5094335939170;(((x * _a7_) * (_a0_ + ((x * (_a4_ * ((_a0_ + x) * _a0_))) / (_a7_ + pow2(_a4_))))) + ((x * _a1_) * ((_a0_ ** _a0_) * _a4_)));{'d0': {'_a0_': 0.6238594155579419, '_a1_': 3.5991784522358947, '_a4_': 0.8739084127854961, '_a7_': -0.9107632610343418, '_a2_': 1.0, '_a3_': 1.0, '_a5_': 1.0, '_a6_': 1.0}};{'d0': 0.024905832935453693};-276.475521848187;79.72832733017643
29084;-58.5094335939170;(((x * _a7_) * (_a0_ + ((x * (_a4_ * ((_a0_ + x) * _a0_))) / (_a7_ + pow2(_a4_))))) + ((x * _a1_) * ((_a0_ ** _a0_) * _a4_)));{'d0': {'_a0_': 0.6238594155579419, '_a1_': 3.5991784522358947, '_a4_': 0.8739084127854961, '_a7_': -0.9107632610343418, '_a2_': 1.0, '_a3_': 1.0, '_a5_': 1.0, '_a6_': 1.0}};{'d0': 0.024905832935453693};-276.475521848187;79.72832733017643
29085;-58.5094335939170;(((x * _a7_) * (_a0_ + ((x * (_a4_ * ((_a0_ + x) * _a0_))) / (_a7_ + pow2(_a4_))))) + ((x * _a1_) * ((_a0_ ** _a0_) * _a4_)));{'d0': {'_a0_': 0.6238594155579419, '_a1_': 3.5991784522358947, '_a4_': 0.8739084127854961, '_a7_': -0.9107632610343418, '_a2_': 1.0, '_a3_': 1.0, '_a5_': 1.0, '_a6_': 1.0}};{'d0': 0.024905832935453693};-276.475521848187;79.72832733017643
29086;-58.5094335939170;(((x * _a7_) * (_a0_ + ((x * (_a4_ * ((_a0_ + x) * _a0_))) / (_a7_ + pow2(_a4_))))) + ((x * _a1_) * ((_a0_ ** _a0_) * _a4_)));{'d0': {'_a0_': 0.6238594155579419, '_a1_': 3.5991784522358947, '_a4_': 0.8739084127854961, '_a7_': -0.9107632610343418, '_a2_': 1.0, '_a3_': 1.0, '_a5_': 1.0, '_a6_': 1.0}};{'d0': 0.024905832935453693};-276.475521848187;79.72832733017643
29087;-65.1729819537385;(((x * _a7_) * (_a0_ + ((x * (_a4_ * ((_a0_ + x) * _a0_))) / (_a7_ + pow2(_a4_))))) + ((x * _a1_) * (_a4_ * _a4_)));{'d0': {'_a0_': 0.6238594155821761, '_a1_': 3.657122887109661, '_a4_': 0.7785683130703197, '_a7_': -0.7080094040879431, '_a2_': 1.0, '_a3_': 1.0, '_a5_': 1.0, '_a6_': 1.0}};{'d0': 0.024905832924062257};-276.475521875630;73.06477898407643
29088;-65.1729819537385;(((x * _a7_) * (_a0_ + ((x * (_a4_ * ((_a0_ + x) * _a0_))) / (_a7_ + pow2(_a4_))))) + ((x * _a1_) * (_a4_ * _a4_)));{'d0': {'_a0_': 0.6238594155821761, '_a1_': 3.657122887109661, '_a4_': 0.7785683130703197, '_a7_': -0.7080094040879431, '_a2_': 1.0, '_a3_': 1.0, '_a5_': 1.0, '_a6_': 1.0}};{'d0': 0.024905832924062257};-276.475521875630;73.06477898407643
29089;-65.1729819537385;(((x * _a7_) * (_a0_ + ((x * (_a4_ * ((_a0_ + x) * _a0_))) / (_a7_ + pow2(_a4_))))) + ((x * _a1_) * (_a4_ * _a4_)));{'d0': {'_a0_': 0.6238594155821761, '_a1_': 3.657122887109661, '_a4_': 0.7785683130703197, '_a7_': -0.7080094040879431, '_a2_': 1.0, '_a3_': 1.0, '_a5_': 1.0, '_a6_': 1.0}};{'d0': 0.024905832924062257};-276.475521875630;73.06477898407643
29090;-63.1258096703085;(((x * _a7_) * (_a0_ + ((x * (_a4_ * ((_a0_ + x) * _a0_))) / (_a7_ + pow2(_a6_))))) + ((x * _a1_) * (_a4_ * _a4_)));{'d0': {'_a0_': 0.623859415637779, '_a1_': 20.312796373981342, '_a4_': 0.33912602704313044, '_a6_': 0.9180698448299384, '_a7_': -0.8991899225103238, '_a2_': 1.0, '_a3_': 1.0, '_a5_': 1.0}};{'d0': 0.024905832925987352};-272.381177308770;73.06477898407643
29091;-63.1258096703085;(((x * _a7_) * (_a0_ + ((x * (_a4_ * ((_a0_ + x) * _a0_))) / (_a7_ + pow2(_a6_))))) + ((x * _a1_) * (_a4_ * _a4_)));{'d0': {'_a0_': 0.623859415637779, '_a1_': 20.312796373981342, '_a4_': 0.33912602704313044, '_a6_': 0.9180698448299384, '_a7_': -0.8991899225103238, '_a2_': 1.0, '_a3_': 1.0, '_a5_': 1.0}};{'d0': 0.024905832925987352};-272.381177308770;73.06477898407643
29092;-63.1258096703085;(((x * _a7_) * (_a0_ + ((x * (_a4_ * ((_a0_ + x) * _a0_))) / (_a7_ + pow2(_a6_))))) + ((x * _a1_) * (_a4_ * _a4_)));{'d0': {'_a0_': 0.623859415637779, '_a1_': 20.312796373981342, '_a4_': 0.33912602704313044, '_a6_': 0.9180698448299384, '_a7_': -0.8991899225103238, '_a2_': 1.0, '_a3_': 1.0, '_a5_': 1.0}};{'d0': 0.024905832925987352};-272.381177308770;73.06477898407643
29093;-63.1258096703085;(((x * _a7_) * (_a0_ + ((x * (_a4_ * ((_a0_ + x) * _a0_))) / (_a7_ + pow2(_a6_))))) + ((x * _a1_) * (_a4_ * _a4_)));{'d0': {'_a0_': 0.623859415637779, '_a1_': 20.312796373981342, '_a4_': 0.33912602704313044, '_a6_': 0.9180698448299384, '_a7_': -0.8991899225103238, '_a2_': 1.0, '_a3_': 1.0, '_a5_': 1.0}};{'d0': 0.024905832925987352};-272.381177308770;73.06477898407643
29094;-63.1258096703085;(((x * _a7_) * (_a0_ + ((x * (_a4_ * ((_a0_ + x) * _a0_))) / (_a7_ + pow2(_a6_))))) + ((x * _a1_) * (_a4_ * _a4_)));{'d0': {'_a0_': 0.623859415637779, '_a1_': 20.312796373981342, '_a4_': 0.33912602704313044, '_a6_': 0.9180698448299384, '_a7_': -0.8991899225103238, '_a2_': 1.0, '_a3_': 1.0, '_a5_': 1.0}};{'d0': 0.024905832925987352};-272.381177308770;73.06477898407643
29095;-63.1258096703085;(((x * _a7_) * (_a0_ + ((x * (_a4_ * ((_a0_ + x) * _a0_))) / (_a7_ + pow2(_a6_))))) + ((x * _a1_) * (_a4_ * _a4_)));{'d0': {'_a0_': 0.623859415637779, '_a1_': 20.312796373981342, '_a4_': 0.33912602704313044, '_a6_': 0.9180698448299384, '_a7_': -0.8991899225103238, '_a2_': 1.0, '_a3_': 1.0, '_a5_': 1.0}};{'d0': 0.024905832925987352};-272.381177308770;73.06477898407643
29096;-90.6984394623984;(((pow2(((pow2(_a5_) + _a7_) + (x * (_a6_ * _a3_)))) + x) + _a0_) * x);{'d0': {'_a0_': 1.6844703501433151, '_a3_': 1.5678109522054209, '_a5_': 0.9999983271268634, '_a6_': -1.1720778262223606, '_a7_': -1.3011030373949313, '_a1_': 1.0, '_a2_': 1.0, '_a4_': 1.0}};{'d0': 0.02490583291951819};-272.381177324355;45.49214919977898
29097;-94.3963738785130;(((pow2(((_a1_ + _a7_) + (x * (_a6_ * _a3_)))) + x) + _a0_) * x);{'d0': {'_a0_': 1.6844703505092604, '_a1_': 1.002961357762878, '_a3_': 1.5684179341453026, '_a6_': -1.1716236736744503, '_a7_': -1.304067740635943, '_a2_': 1.0, '_a4_': 1.0, '_a5_': 1.0}};{'d0': 0.024905832966420353};-272.381177211364;41.79421472716898
29098;-94.3963738785130;(((pow2(((_a1_ + _a7_) + (x * (_a6_ * _a3_)))) + x) + _a0_) * x);{'d0': {'_a0_': 1.6844703505092604, '_a1_': 1.002961357762878, '_a3_': 1.5684179341453026, '_a6_': -1.1716236736744503, '_a7_': -1.304067740635943, '_a2_': 1.0, '_a4_': 1.0, '_a5_': 1.0}};{'d0': 0.024905832966420353};-272.381177211364;41.79421472716898
29099;-94.3963739349060;(((pow2(((_a1_ + _a7_) + (x * (_a6_ * _a3_)))) + _a0_) + _a0_) * x);{'d0': {'_a0_': 0.7232880371193496, '_a1_': 1.8852756189491098, '_a3_': 3.3991060406125087, '_a6_': 0.5406117306334672, '_a7_': -1.3120746533075316, '_a2_': 1.0, '_a4_': 1.0, '_a5_': 1.0}};{'d0': 0.02490583291960319};-272.381177324150;41.79421472716898
29100;-94.3963739349060;(((pow2(((_a1_ + _a7_) + (x * (_a6_ * _a3_)))) + _a0_) + _a0_) * x);{'d0': {'_a0_': 0.7232880371193496, '_a1_': 1.8852756189491098, '_a3_': 3.3991060406125087, '_a6_': 0.5406117306334672, '_a7_': -1.3120746533075316, '_a2_': 1.0, '_a4_': 1.0, '_a5_': 1.0}};{'d0': 0.02490583291960319};-272.381177324150;41.79421472716898
29101;-103.367701136488;(((pow2(((_a1_ + _a7_) + (x * _a1_))) + _a0_) + _a0_) * x);{'d0': {'_a0_': 0.7232880444623414, '_a1_': 1.8375964952680042, '_a7_': -1.2643955575230261, '_a2_': 1.0, '_a3_': 1.0, '_a4_': 1.0, '_a5_': 1.0, '_a6_': 1.0}};{'d0': 0.02490583291941667};-280.569866449043;36.91723208803398
29102;-103.367701136488;(((pow2(((_a1_ + _a7_) + (x * _a1_))) + _a0_) + _a0_) * x);{'d0': {'_a0_': 0.7232880444623414, '_a1_': 1.8375964952680042, '_a7_': -1.2643955575230261, '_a2_': 1.0, '_a3_': 1.0, '_a4_': 1.0, '_a5_': 1.0, '_a6_': 1.0}};{'d0': 0.02490583291941667};-280.569866449043;36.91723208803398
29103;-103.367701136488;(((pow2(((_a1_ + _a7_) + (x * _a1_))) + _a0_) + _a0_) * x);{'d0': {'_a0_': 0.7232880444623414, '_a1_': 1.8375964952680042, '_a7_': -1.2643955575230261, '_a2_': 1.0, '_a3_': 1.0, '_a4_': 1.0, '_a5_': 1.0, '_a6_': 1.0}};{'d0': 0.02490583291941667};-280.569866449043;36.91723208803398
29104;-103.367701136488;(((pow2(((_a1_ + _a7_) + (x * _a1_))) + _a0_) + _a0_) * x);{'d0': {'_a0_': 0.7232880444623414, '_a1_': 1.8375964952680042, '_a7_': -1.2643955575230261, '_a2_': 1.0, '_a3_': 1.0, '_a4_': 1.0, '_a5_': 1.0, '_a6_': 1.0}};{'d0': 0.02490583291941667};-280.569866449043;36.91723208803398
29105;-57.6943740381685;(((x * _a7_) * (_a0_ + ((x * (_a4_ * ((_a0_ + x) * _a0_))) + (_a7_ + pow2(_a6_))))) + ((x * (x * _a5_)) * (_a4_ * _a4_)));{'d0': {'_a0_': 1.4659148696947366, '_a4_': 2.925397095932836, '_a5_': -0.3322548613692442, '_a6_': -0.03213295800442087, '_a7_': 0.787420518291625, '_a1_': 1.0, '_a2_': 1.0, '_a3_': 1.0}};{'d0': 0.024905832919715626};-272.381177323879;78.49621462377102
29106;-57.6943740381685;(((x * _a7_) * (_a0_ + ((x * (_a4_ * ((_a0_ + x) * _a0_))) + (_a7_ + pow2(_a6_))))) + ((x * (x * _a5_)) * (_a4_ * _a4_)));{'d0': {'_a0_': 1.4659148696947366, '_a4_': 2.925397095932836, '_a5_': -0.3322548613692442, '_a6_': -0.03213295800442087, '_a7_': 0.787420518291625, '_a1_': 1.0, '_a2_': 1.0, '_a3_': 1.0}};{'d0': 0.024905832919715626};-272.381177323879;78.49621462377102
29107;-57.6943740381685;(((x * _a7_) * (_a0_ + ((x * (_a4_ * ((_a0_ + x) * _a0_))) + (_a7_ + pow2(_a6_))))) + ((x * (x * _a5_)) * (_a4_ * _a4_)));{'d0': {'_a0_': 1.4659148696947366, '_a4_': 2.925397095932836, '_a5_': -0.3322548613692442, '_a6_': -0.03213295800442087, '_a7_': 0.787420518291625, '_a1_': 1.0, '_a2_': 1.0, '_a3_': 1.0}};{'d0': 0.024905832919715626};-272.381177323879;78.49621462377102
29108;-57.6943740381685;(((x * _a7_) * (_a0_ + ((x * (_a4_ * ((_a0_ + x) * _a0_))) + (_a7_ + pow2(_a6_))))) + ((x * (x * _a5_)) * (_a4_ * _a4_)));{'d0': {'_a0_': 1.4659148696947366, '_a4_': 2.925397095932836, '_a5_': -0.3322548613692442, '_a6_': -0.03213295800442087, '_a7_': 0.787420518291625, '_a1_': 1.0, '_a2_': 1.0, '_a3_': 1.0}};{'d0': 0.024905832919715626};-272.381177323879;78.49621462377102
29109;-57.6943740381685;(((x * _a7_) * (_a0_ + ((x * (_a4_ * ((_a0_ + x) * _a0_))) + (_a7_ + pow2(_a6_))))) + ((x * (x * _a5_)) * (_a4_ * _a4_)));{'d0': {'_a0_': 1.4659148696947366, '_a4_': 2.925397095932836, '_a5_': -0.3322548613692442, '_a6_': -0.03213295800442087, '_a7_': 0.787420518291625, '_a1_': 1.0, '_a2_': 1.0, '_a3_': 1.0}};{'d0': 0.024905832919715626};-272.381177323879;78.49621462377102
29110;-57.6943740381685;(((x * _a7_) * (_a0_ + ((x * (_a4_ * ((_a0_ + x) * _a0_))) + (_a7_ + pow2(_a6_))))) + ((x * (x * _a5_)) * (_a4_ * _a4_)));{'d0': {'_a0_': 1.4659148696947366, '_a4_': 2.925397095932836, '_a5_': -0.3322548613692442, '_a6_': -0.03213295800442087, '_a7_': 0.787420518291625, '_a1_': 1.0, '_a2_': 1.0, '_a3_': 1.0}};{'d0': 0.024905832919715626};-272.381177323879;78.49621462377102
29111;-57.8146833205721;(((x * _a7_) * (_a0_ + ((x * (_a4_ * ((_a0_ + x) * _a0_))) / (_a7_ + pow2(_a6_))))) + ((x * (x * _a5_)) * (_a4_ * _a4_)));{'d0': {'_a0_': 1.240044323656516, '_a4_': 2.7231353125572713, '_a5_': -0.28059046903765156, '_a6_': -0.004516793123365174, '_a7_': 1.4315096468628281, '_a1_': 1.0, '_a2_': 1.0, '_a3_': 1.0}};{'d0': 0.0249058329199016};-272.381177323431;78.37590534114342
29112;-57.2052086279913;(((x * _a7_) * (_a0_ + ((x * (_a4_ * ((_a0_ + x) + _a0_))) / (_a7_ + pow2(_a6_))))) + ((x * (x * _a5_)) * (_a4_ * _a4_)));{'d0': {'_a0_': 0.2704511837513102, '_a4_': 3.376854340992359, '_a5_': 0.02456568838360778, '_a6_': -0.013546388512236166, '_a7_': 6.563607460538094, '_a1_': 1.0, '_a2_': 1.0, '_a3_': 1.0}};{'d0': 0.024905832920414487};-272.381177322195;78.98538003310642
29113;-57.2052086279913;(((x * _a7_) * (_a0_ + ((x * (_a4_ * ((_a0_ + x) + _a0_))) / (_a7_ + pow2(_a6_))))) + ((x * (x * _a5_)) * (_a4_ * _a4_)));{'d0': {'_a0_': 0.2704511837513102, '_a4_': 3.376854340992359, '_a5_': 0.02456568838360778, '_a6_': -0.013546388512236166, '_a7_': 6.563607460538094, '_a1_': 1.0, '_a2_': 1.0, '_a3_': 1.0}};{'d0': 0.024905832920414487};-272.381177322195;78.98538003310642
29114;-57.2052086279913;(((x * _a7_) * (_a0_ + ((x * (_a4_ * ((_a0_ + x) + _a0_))) / (_a7_ + pow2(_a6_))))) + ((x * (x * _a5_)) * (_a4_ * _a4_)));{'d0': {'_a0_': 0.2704511837513102, '_a4_': 3.376854340992359, '_a5_': 0.02456568838360778, '_a6_': -0.013546388512236166, '_a7_': 6.563607460538094, '_a1_': 1.0, '_a2_': 1.0, '_a3_': 1.0}};{'d0': 0.024905832920414487};-272.381177322195;78.98538003310642
29115;-57.2052086279913;(((x * _a7_) * (_a0_ + ((x * (_a4_ * ((_a0_ + x) + _a0_))) / (_a7_ + pow2(_a6_))))) + ((x * (x * _a5_)) * (_a4_ * _a4_)));{'d0': {'_a0_': 0.2704511837513102, '_a4_': 3.376854340992359, '_a5_': 0.02456568838360778, '_a6_': -0.013546388512236166, '_a7_': 6.563607460538094, '_a1_': 1.0, '_a2_': 1.0, '_a3_': 1.0}};{'d0': 0.024905832920414487};-272.381177322195;78.98538003310642
29116;-57.2052086279913;(((x * _a7_) * (_a0_ + ((x * (_a4_ * ((_a0_ + x) + _a0_))) / (_a7_ + pow2(_a6_))))) + ((x * (x * _a5_)) * (_a4_ * _a4_)));{'d0': {'_a0_': 0.2704511837513102, '_a4_': 3.376854340992359, '_a5_': 0.02456568838360778, '_a6_': -0.013546388512236166, '_a7_': 6.563607460538094, '_a1_': 1.0, '_a2_': 1.0, '_a3_': 1.0}};{'d0': 0.024905832920414487};-272.381177322195;78.98538003310642
29117;-57.2052086279913;(((x * _a7_) * (_a0_ + ((x * (_a4_ * ((_a0_ + x) + _a0_))) / (_a7_ + pow2(_a6_))))) + ((x * (x * _a5_)) * (_a4_ * _a4_)));{'d0': {'_a0_': 0.2704511837513102, '_a4_': 3.376854340992359, '_a5_': 0.02456568838360778, '_a6_': -0.013546388512236166, '_a7_': 6.563607460538094, '_a1_': 1.0, '_a2_': 1.0, '_a3_': 1.0}};{'d0': 0.024905832920414487};-272.381177322195;78.98538003310642
29118;-57.2052086279913;(((x * _a7_) * (_a0_ + ((x * (_a4_ * ((_a0_ + x) + _a0_))) / (_a7_ + pow2(_a6_))))) + ((x * (x * _a5_)) * (_a4_ * _a4_)));{'d0': {'_a0_': 0.2704511837513102, '_a4_': 3.376854340992359, '_a5_': 0.02456568838360778, '_a6_': -0.013546388512236166, '_a7_': 6.563607460538094, '_a1_': 1.0, '_a2_': 1.0, '_a3_': 1.0}};{'d0': 0.024905832920414487};-272.381177322195;78.98538003310642
29119;-57.2052086265077;(((x * _a7_) * (_a0_ + ((x * (_a4_ * ((_a0_ + x) + _a0_))) / (_a7_ + pow2(_a6_))))) + ((x * (_a4_ * _a5_)) * (_a4_ * _a4_)));{'d0': {'_a0_': 0.3119297077043657, '_a4_': 3.3788119628322977, '_a5_': 0.008286979612901521, '_a6_': -0.05325962588290113, '_a7_': 4.666036477430147, '_a1_': 1.0, '_a2_': 1.0, '_a3_': 1.0}};{'d0': 0.024905832921646123};-272.381177319228;78.98538003310642
29120;-62.9503153829123;(((x * _a7_) * (_a0_ + ((x * (_a4_ * ((_a0_ + x) + _a0_))) / (_a7_ + _a7_)))) + ((x * (_a4_ * _a5_)) * (_a4_ * _a4_)));{'d0': {'_a0_': 0.31192970734650405, '_a4_': 6.75352178823383, '_a5_': 0.0009213264252799483, '_a7_': 4.781014914825022, '_a1_': 1.0, '_a2_': 1.0, '_a3_': 1.0, '_a6_': 1.0}};{'d0': 0.0249058329194183};-276.475521886817;75.28744556049642
29121;-62.9503153829123;(((x * _a7_) * (_a0_ + ((x * (_a4_ * ((_a0_ + x) + _a0_))) / (_a7_ + _a7_)))) + ((x * (_a4_ * _a5_)) * (_a4_ * _a4_)));{'d0': {'_a0_': 0.31192970734650405, '_a4_': 6.75352178823383, '_a5_': 0.0009213264252799483, '_a7_': 4.781014914825022, '_a1_': 1.0, '_a2_': 1.0, '_a3_': 1.0, '_a6_': 1.0}};{'d0': 0.0249058329194183};-276.475521886817;75.28744556049642
29122;-60.9031430998273;(((x * _a7_) * (_a0_ + ((x * (_a4_ * ((_a3_ + x) + _a0_))) / (_a7_ + _a7_)))) + ((x * (_a4_ * _a5_)) * (_a4_ * _a4_)));{'d0': {'_a0_': -0.2482057406129162, '_a3_': 0.8720651561669858, '_a4_': 6.753521757556634, '_a5_': 0.011121544776878168, '_a7_': 6.650197098764315, '_a1_': 1.0, '_a2_': 1.0, '_a6_': 1.0}};{'d0': 0.024905832921056997};-272.381177320648;75.28744556049642
29123;-60.9031430998273;(((x * _a7_) * (_a0_ + ((x * (_a4_ * ((_a3_ + x) + _a0_))) / (_a7_ + _a7_)))) + ((x * (_a4_ * _a5_)) * (_a4_ * _a4_)));{'d0': {'_a0_': -0.2482057406129162, '_a3_': 0.8720651561669858, '_a4_': 6.753521757556634, '_a5_': 0.011121544776878168, '_a7_': 6.650197098764315, '_a1_': 1.0, '_a2_': 1.0, '_a6_': 1.0}};{'d0': 0.024905832921056997};-272.381177320648;75.28744556049642
29124;-60.9031430998273;(((x * _a7_) * (_a0_ + ((x * (_a4_ * ((_a3_ + x) + _a0_))) / (_a7_ + _a7_)))) + ((x * (_a4_ * _a5_)) * (_a4_ * _a4_)));{'d0': {'_a0_': -0.2482057406129162, '_a3_': 0.8720651561669858, '_a4_': 6.753521757556634, '_a5_': 0.011121544776878168, '_a7_': 6.650197098764315, '_a1_': 1.0, '_a2_': 1.0, '_a6_': 1.0}};{'d0': 0.024905832921056997};-272.381177320648;75.28744556049642
29125;-60.9031430998273;(((x * _a7_) * (_a0_ + ((x * (_a4_ * ((_a3_ + x) + _a0_))) / (_a7_ + _a7_)))) + ((x * (_a4_ * _a5_)) * (_a4_ * _a4_)));{'d0': {'_a0_': -0.2482057406129162, '_a3_': 0.8720651561669858, '_a4_': 6.753521757556634, '_a5_': 0.011121544776878168, '_a7_': 6.650197098764315, '_a1_': 1.0, '_a2_': 1.0, '_a6_': 1.0}};{'d0': 0.024905832921056997};-272.381177320648;75.28744556049642
29126;-98.4907184973529;(((pow2(((_a1_ + (_a2_ * _a0_)) + (x * _a1_))) + _a0_) + _a0_) * x);{'d0': {'_a0_': 0.7232880447733676, '_a1_': 1.8375964948559622, '_a2_': -1.7481217423987307, '_a3_': 1.0, '_a4_': 1.0, '_a5_': 1.0, '_a6_': 1.0, '_a7_': 1.0}};{'d0': 0.024905832919416615};-280.569866449044;41.79421472716898
29127;-98.4907184973529;(((pow2(((_a1_ + (_a2_ * _a0_)) + (x * _a1_))) + _a0_) + _a0_) * x);{'d0': {'_a0_': 0.7232880447733676, '_a1_': 1.8375964948559622, '_a2_': -1.7481217423987307, '_a3_': 1.0, '_a4_': 1.0, '_a5_': 1.0, '_a6_': 1.0, '_a7_': 1.0}};{'d0': 0.024905832919416615};-280.569866449044;41.79421472716898
29128;-98.4907184973529;(((pow2(((_a1_ + (_a2_ * _a0_)) + (x * _a1_))) + _a0_) + _a0_) * x);{'d0': {'_a0_': 0.7232880447733676, '_a1_': 1.8375964948559622, '_a2_': -1.7481217423987307, '_a3_': 1.0, '_a4_': 1.0, '_a5_': 1.0, '_a6_': 1.0, '_a7_': 1.0}};{'d0': 0.024905832919416615};-280.569866449044;41.79421472716898
29129;-98.4907184973529;(((pow2(((_a1_ + (_a2_ * _a0_)) + (x * _a1_))) + _a0_) + _a0_) * x);{'d0': {'_a0_': 0.7232880447733676, '_a1_': 1.8375964948559622, '_a2_': -1.7481217423987307, '_a3_': 1.0, '_a4_': 1.0, '_a5_': 1.0, '_a6_': 1.0, '_a7_': 1.0}};{'d0': 0.024905832919416615};-280.569866449044;41.79421472716898
29130;-98.4907184973529;(((pow2(((_a1_ + (_a2_ * _a0_)) + (x * _a1_))) + _a0_) + _a0_) * x);{'d0': {'_a0_': 0.7232880447733676, '_a1_': 1.8375964948559622, '_a2_': -1.7481217423987307, '_a3_': 1.0, '_a4_': 1.0, '_a5_': 1.0, '_a6_': 1.0, '_a7_': 1.0}};{'d0': 0.024905832919416615};-280.569866449044;41.79421472716898
29131;-98.4907184973529;(((pow2(((_a1_ + (_a2_ * _a0_)) + (x * _a1_))) + _a0_) + _a0_) * x);{'d0': {'_a0_': 0.7232880447733676, '_a1_': 1.8375964948559622, '_a2_': -1.7481217423987307, '_a3_': 1.0, '_a4_': 1.0, '_a5_': 1.0, '_a6_': 1.0, '_a7_': 1.0}};{'d0': 0.024905832919416615};-280.569866449044;41.79421472716898
29132;-98.4907184973529;(((pow2(((_a1_ + (_a2_ * _a0_)) + (x * _a1_))) + _a0_) + _a0_) * x);{'d0': {'_a0_': 0.7232880447733676, '_a1_': 1.8375964948559622, '_a2_': -1.7481217423987307, '_a3_': 1.0, '_a4_': 1.0, '_a5_': 1.0, '_a6_': 1.0, '_a7_': 1.0}};{'d0': 0.024905832919416615};-280.569866449044;41.79421472716898
29133;-98.4907184973529;(((pow2(((_a1_ + (_a2_ * _a0_)) + (x * _a1_))) + _a0_) + _a0_) * x);{'d0': {'_a0_': 0.7232880447733676, '_a1_': 1.8375964948559622, '_a2_': -1.7481217423987307, '_a3_': 1.0, '_a4_': 1.0, '_a5_': 1.0, '_a6_': 1.0, '_a7_': 1.0}};{'d0': 0.024905832919416615};-280.569866449044;41.79421472716898
29134;-98.4907184973529;(((pow2(((_a1_ + (_a2_ * _a0_)) + (x * _a1_))) + _a0_) + _a0_) * x);{'d0': {'_a0_': 0.7232880447733676, '_a1_': 1.8375964948559622, '_a2_': -1.7481217423987307, '_a3_': 1.0, '_a4_': 1.0, '_a5_': 1.0, '_a6_': 1.0, '_a7_': 1.0}};{'d0': 0.024905832919416615};-280.569866449044;41.79421472716898
29135;-98.4907184973529;(((pow2(((_a1_ + (_a2_ * _a0_)) + (x * _a1_))) + _a0_) + _a0_) * x);{'d0': {'_a0_': 0.7232880447733676, '_a1_': 1.8375964948559622, '_a2_': -1.7481217423987307, '_a3_': 1.0, '_a4_': 1.0, '_a5_': 1.0, '_a6_': 1.0, '_a7_': 1.0}};{'d0': 0.024905832919416615};-280.569866449044;41.79421472716898
29136;-98.4907184973529;(((pow2(((_a1_ + (_a2_ * _a0_)) + (x * _a1_))) + _a0_) + _a0_) * x);{'d0': {'_a0_': 0.7232880447733676, '_a1_': 1.8375964948559622, '_a2_': -1.7481217423987307, '_a3_': 1.0, '_a4_': 1.0, '_a5_': 1.0, '_a6_': 1.0, '_a7_': 1.0}};{'d0': 0.024905832919416615};-280.569866449044;41.79421472716898
29137;-100.360883458177;((x * (_a7_ * _a1_)) + (x * ((_a7_ * _a5_) * pow2((_a7_ + x)))));{'d0': {'_a1_': 4.637506635027607, '_a5_': 10.825390446604139, '_a7_': 0.3119297077331537, '_a0_': 1.0, '_a2_': 1.0, '_a3_': 1.0, '_a4_': 1.0, '_a6_': 1.0}};{'d0': 0.024905832919416684};-280.569866449043;39.924049766344915
29138;-100.360883458177;((x * (_a7_ * _a1_)) + (x * ((_a7_ * _a5_) * pow2((_a7_ + x)))));{'d0': {'_a1_': 4.637506635027607, '_a5_': 10.825390446604139, '_a7_': 0.3119297077331537, '_a0_': 1.0, '_a2_': 1.0, '_a3_': 1.0, '_a4_': 1.0, '_a6_': 1.0}};{'d0': 0.024905832919416684};-280.569866449043;39.924049766344915
29139;-100.360883458177;((x * (_a7_ * _a1_)) + (x * ((_a7_ * _a5_) * pow2((_a7_ + x)))));{'d0': {'_a1_': 4.637506635027607, '_a5_': 10.825390446604139, '_a7_': 0.3119297077331537, '_a0_': 1.0, '_a2_': 1.0, '_a3_': 1.0, '_a4_': 1.0, '_a6_': 1.0}};{'d0': 0.024905832919416684};-280.569866449043;39.924049766344915
29140;-100.360883458177;((x * (_a7_ * _a1_)) + (x * ((_a7_ * _a5_) * pow2((_a7_ + x)))));{'d0': {'_a1_': 4.637506635027607, '_a5_': 10.825390446604139, '_a7_': 0.3119297077331537, '_a0_': 1.0, '_a2_': 1.0, '_a3_': 1.0, '_a4_': 1.0, '_a6_': 1.0}};{'d0': 0.024905832919416684};-280.569866449043;39.924049766344915
29141;-100.360883458177;((x * (_a7_ * _a1_)) + (x * ((_a7_ * _a5_) * pow2((_a7_ + x)))));{'d0': {'_a1_': 4.637506635027607, '_a5_': 10.825390446604139, '_a7_': 0.3119297077331537, '_a0_': 1.0, '_a2_': 1.0, '_a3_': 1.0, '_a4_': 1.0, '_a6_': 1.0}};{'d0': 0.024905832919416684};-280.569866449043;39.924049766344915
29142;-100.360883458177;((x * (_a7_ * _a1_)) + (x * ((_a7_ * _a5_) * pow2((_a7_ + x)))));{'d0': {'_a1_': 4.637506635027607, '_a5_': 10.825390446604139, '_a7_': 0.3119297077331537, '_a0_': 1.0, '_a2_': 1.0, '_a3_': 1.0, '_a4_': 1.0, '_a6_': 1.0}};{'d0': 0.024905832919416684};-280.569866449043;39.924049766344915
29143;-100.360883458177;((x * (_a7_ * _a1_)) + (x * ((_a7_ * _a5_) * pow2((_a7_ + x)))));{'d0': {'_a1_': 4.637506635027607, '_a5_': 10.825390446604139, '_a7_': 0.3119297077331537, '_a0_': 1.0, '_a2_': 1.0, '_a3_': 1.0, '_a4_': 1.0, '_a6_': 1.0}};{'d0': 0.024905832919416684};-280.569866449043;39.924049766344915
29144;-100.360883458177;((x * (_a7_ * _a1_)) + (x * ((_a7_ * _a5_) * pow2((_a7_ + x)))));{'d0': {'_a1_': 4.637506635027607, '_a5_': 10.825390446604139, '_a7_': 0.3119297077331537, '_a0_': 1.0, '_a2_': 1.0, '_a3_': 1.0, '_a4_': 1.0, '_a6_': 1.0}};{'d0': 0.024905832919416684};-280.569866449043;39.924049766344915
29145;-100.360883458177;((x * (_a7_ * _a1_)) + (x * ((_a7_ * _a5_) * pow2((_a7_ + x)))));{'d0': {'_a1_': 4.637506635027607, '_a5_': 10.825390446604139, '_a7_': 0.3119297077331537, '_a0_': 1.0, '_a2_': 1.0, '_a3_': 1.0, '_a4_': 1.0, '_a6_': 1.0}};{'d0': 0.024905832919416684};-280.569866449043;39.924049766344915
29146;-100.360883458177;((x * (_a7_ * _a1_)) + (x * ((_a7_ * _a5_) * pow2((_a7_ + x)))));{'d0': {'_a1_': 4.637506635027607, '_a5_': 10.825390446604139, '_a7_': 0.3119297077331537, '_a0_': 1.0, '_a2_': 1.0, '_a3_': 1.0, '_a4_': 1.0, '_a6_': 1.0}};{'d0': 0.024905832919416684};-280.569866449043;39.924049766344915
29147;-100.360883458177;((x * (_a7_ * _a1_)) + (x * ((_a7_ * _a5_) * pow2((_a7_ + x)))));{'d0': {'_a1_': 4.637506635027607, '_a5_': 10.825390446604139, '_a7_': 0.3119297077331537, '_a0_': 1.0, '_a2_': 1.0, '_a3_': 1.0, '_a4_': 1.0, '_a6_': 1.0}};{'d0': 0.024905832919416684};-280.569866449043;39.924049766344915
29148;-105.382580669956;((x * (_a7_ * _a1_)) + (x * (_a2_ * pow2((_a7_ + x)))));{'d0': {'_a1_': 4.637506633803182, '_a2_': 3.376760878520543, '_a7_': 0.3119297078355587, '_a0_': 1.0, '_a3_': 1.0, '_a4_': 1.0, '_a5_': 1.0, '_a6_': 1.0}};{'d0': 0.024905832919416695};-280.569866449043;34.902352554565915
29149;-105.382580669956;((x * (_a7_ * _a1_)) + (x * (_a2_ * pow2((_a7_ + x)))));{'d0': {'_a1_': 4.637506633803182, '_a2_': 3.376760878520543, '_a7_': 0.3119297078355587, '_a0_': 1.0, '_a3_': 1.0, '_a4_': 1.0, '_a5_': 1.0, '_a6_': 1.0}};{'d0': 0.024905832919416695};-280.569866449043;34.902352554565915
29150;-105.382580669956;((x * (_a7_ * _a1_)) + (x * (_a2_ * pow2((_a7_ + x)))));{'d0': {'_a1_': 4.637506633803182, '_a2_': 3.376760878520543, '_a7_': 0.3119297078355587, '_a0_': 1.0, '_a3_': 1.0, '_a4_': 1.0, '_a5_': 1.0, '_a6_': 1.0}};{'d0': 0.024905832919416695};-280.569866449043;34.902352554565915
29151;-105.382580669956;((x * (_a7_ * _a1_)) + (x * (_a2_ * pow2((_a7_ + x)))));{'d0': {'_a1_': 4.637506633803182, '_a2_': 3.376760878520543, '_a7_': 0.3119297078355587, '_a0_': 1.0, '_a3_': 1.0, '_a4_': 1.0, '_a5_': 1.0, '_a6_': 1.0}};{'d0': 0.024905832919416695};-280.569866449043;34.902352554565915
29152;-105.382580669956;((x * (_a7_ * _a1_)) + (x * (_a2_ * pow2((_a7_ + x)))));{'d0': {'_a1_': 4.637506633803182, '_a2_': 3.376760878520543, '_a7_': 0.3119297078355587, '_a0_': 1.0, '_a3_': 1.0, '_a4_': 1.0, '_a5_': 1.0, '_a6_': 1.0}};{'d0': 0.024905832919416695};-280.569866449043;34.902352554565915
29153;-105.382580669956;((x * (_a7_ * _a1_)) + (x * (_a2_ * pow2((_a7_ + x)))));{'d0': {'_a1_': 4.637506633803182, '_a2_': 3.376760878520543, '_a7_': 0.3119297078355587, '_a0_': 1.0, '_a3_': 1.0, '_a4_': 1.0, '_a5_': 1.0, '_a6_': 1.0}};{'d0': 0.024905832919416695};-280.569866449043;34.902352554565915
29154;-105.382580669956;((x * (_a7_ * _a1_)) + (x * (_a2_ * pow2((_a7_ + x)))));{'d0': {'_a1_': 4.637506633803182, '_a2_': 3.376760878520543, '_a7_': 0.3119297078355587, '_a0_': 1.0, '_a3_': 1.0, '_a4_': 1.0, '_a5_': 1.0, '_a6_': 1.0}};{'d0': 0.024905832919416695};-280.569866449043;34.902352554565915
29155;-105.382580669956;((x * (_a7_ * _a1_)) + (x * (_a2_ * pow2((_a7_ + x)))));{'d0': {'_a1_': 4.637506633803182, '_a2_': 3.376760878520543, '_a7_': 0.3119297078355587, '_a0_': 1.0, '_a3_': 1.0, '_a4_': 1.0, '_a5_': 1.0, '_a6_': 1.0}};{'d0': 0.024905832919416695};-280.569866449043;34.902352554565915
29156;-105.382580669956;((x * (_a7_ * _a1_)) + (x * (_a2_ * pow2((_a7_ + x)))));{'d0': {'_a1_': 4.637506633803182, '_a2_': 3.376760878520543, '_a7_': 0.3119297078355587, '_a0_': 1.0, '_a3_': 1.0, '_a4_': 1.0, '_a5_': 1.0, '_a6_': 1.0}};{'d0': 0.024905832919416695};-280.569866449043;34.902352554565915
29157;-105.382580669956;((x * (_a7_ * _a1_)) + (x * (_a0_ * pow2((_a7_ + x)))));{'d0': {'_a0_': 3.37676087838906, '_a1_': 4.6375066337457636, '_a7_': 0.3119297078726844, '_a2_': 1.0, '_a3_': 1.0, '_a4_': 1.0, '_a5_': 1.0, '_a6_': 1.0}};{'d0': 0.02490583291941663};-280.569866449044;34.902352554565915
29158;-105.382580669956;((x * (_a7_ * _a1_)) + (x * (_a0_ * pow2((_a7_ + x)))));{'d0': {'_a0_': 3.37676087838906, '_a1_': 4.6375066337457636, '_a7_': 0.3119297078726844, '_a2_': 1.0, '_a3_': 1.0, '_a4_': 1.0, '_a5_': 1.0, '_a6_': 1.0}};{'d0': 0.02490583291941663};-280.569866449044;34.902352554565915
29159;-105.382580669956;((x * (_a7_ * _a1_)) + (x * (_a0_ * pow2((_a7_ + x)))));{'d0': {'_a0_': 3.37676087838906, '_a1_': 4.6375066337457636, '_a7_': 0.3119297078726844, '_a2_': 1.0, '_a3_': 1.0, '_a4_': 1.0, '_a5_': 1.0, '_a6_': 1.0}};{'d0': 0.02490583291941663};-280.569866449044;34.902352554565915
29160;-105.382580669956;((x * (_a7_ * _a1_)) + (x * (_a0_ * pow2((_a7_ + x)))));{'d0': {'_a0_': 3.37676087838906, '_a1_': 4.6375066337457636, '_a7_': 0.3119297078726844, '_a2_': 1.0, '_a3_': 1.0, '_a4_': 1.0, '_a5_': 1.0, '_a6_': 1.0}};{'d0': 0.02490583291941663};-280.569866449044;34.902352554565915
29161;-105.382580669956;((x * (_a7_ * _a1_)) + (x * (_a0_ * pow2((_a7_ + x)))));{'d0': {'_a0_': 3.37676087838906, '_a1_': 4.6375066337457636, '_a7_': 0.3119297078726844, '_a2_': 1.0, '_a3_': 1.0, '_a4_': 1.0, '_a5_': 1.0, '_a6_': 1.0}};{'d0': 0.02490583291941663};-280.569866449044;34.902352554565915
29162;-105.382580669956;((x * (_a7_ * _a1_)) + (x * (_a0_ * pow2((_a7_ + x)))));{'d0': {'_a0_': 3.37676087838906, '_a1_': 4.6375066337457636, '_a7_': 0.3119297078726844, '_a2_': 1.0, '_a3_': 1.0, '_a4_': 1.0, '_a5_': 1.0, '_a6_': 1.0}};{'d0': 0.02490583291941663};-280.569866449044;34.902352554565915
29163;-105.382580669956;((x * (_a7_ * _a1_)) + (x * (_a0_ * pow2((_a7_ + x)))));{'d0': {'_a0_': 3.37676087838906, '_a1_': 4.6375066337457636, '_a7_': 0.3119297078726844, '_a2_': 1.0, '_a3_': 1.0, '_a4_': 1.0, '_a5_': 1.0, '_a6_': 1.0}};{'d0': 0.02490583291941663};-280.569866449044;34.902352554565915
29164;-105.382580669956;((x * (_a7_ * _a1_)) + (x * (_a0_ * pow2((_a7_ + x)))));{'d0': {'_a0_': 3.37676087838906, '_a1_': 4.6375066337457636, '_a7_': 0.3119297078726844, '_a2_': 1.0, '_a3_': 1.0, '_a4_': 1.0, '_a5_': 1.0, '_a6_': 1.0}};{'d0': 0.02490583291941663};-280.569866449044;34.902352554565915
29165;-105.382580669956;((x * (_a7_ * _a1_)) + (x * (_a0_ * pow2((_a7_ + x)))));{'d0': {'_a0_': 3.37676087838906, '_a1_': 4.6375066337457636, '_a7_': 0.3119297078726844, '_a2_': 1.0, '_a3_': 1.0, '_a4_': 1.0, '_a5_': 1.0, '_a6_': 1.0}};{'d0': 0.02490583291941663};-280.569866449044;34.902352554565915
29166;-105.382580669956;((x * (_a7_ * _a1_)) + (x * (_a0_ * pow2((_a7_ + x)))));{'d0': {'_a0_': 3.37676087838906, '_a1_': 4.6375066337457636, '_a7_': 0.3119297078726844, '_a2_': 1.0, '_a3_': 1.0, '_a4_': 1.0, '_a5_': 1.0, '_a6_': 1.0}};{'d0': 0.02490583291941663};-280.569866449044;34.902352554565915
29167;-105.382580669956;((x * (_a7_ * _a1_)) + (x * (_a0_ * pow2((_a7_ + x)))));{'d0': {'_a0_': 3.37676087838906, '_a1_': 4.6375066337457636, '_a7_': 0.3119297078726844, '_a2_': 1.0, '_a3_': 1.0, '_a4_': 1.0, '_a5_': 1.0, '_a6_': 1.0}};{'d0': 0.02490583291941663};-280.569866449044;34.902352554565915
29168;-105.382580669956;((x * (_a7_ * _a1_)) + (x * (_a0_ * pow2((_a7_ + x)))));{'d0': {'_a0_': 3.37676087838906, '_a1_': 4.6375066337457636, '_a7_': 0.3119297078726844, '_a2_': 1.0, '_a3_': 1.0, '_a4_': 1.0, '_a5_': 1.0, '_a6_': 1.0}};{'d0': 0.02490583291941663};-280.569866449044;34.902352554565915
29169;-105.382580669956;((x * (_a7_ * _a1_)) + (x * (_a0_ * pow2((_a7_ + x)))));{'d0': {'_a0_': 3.37676087838906, '_a1_': 4.6375066337457636, '_a7_': 0.3119297078726844, '_a2_': 1.0, '_a3_': 1.0, '_a4_': 1.0, '_a5_': 1.0, '_a6_': 1.0}};{'d0': 0.02490583291941663};-280.569866449044;34.902352554565915
29170;-105.382580669956;((x * (_a7_ * _a1_)) + (x * (_a0_ * pow2((_a7_ + x)))));{'d0': {'_a0_': 3.37676087838906, '_a1_': 4.6375066337457636, '_a7_': 0.3119297078726844, '_a2_': 1.0, '_a3_': 1.0, '_a4_': 1.0, '_a5_': 1.0, '_a6_': 1.0}};{'d0': 0.02490583291941663};-280.569866449044;34.902352554565915
29171;-105.382580669956;((x * (_a7_ * _a1_)) + (x * (_a0_ * pow2((_a7_ + x)))));{'d0': {'_a0_': 3.37676087838906, '_a1_': 4.6375066337457636, '_a7_': 0.3119297078726844, '_a2_': 1.0, '_a3_': 1.0, '_a4_': 1.0, '_a5_': 1.0, '_a6_': 1.0}};{'d0': 0.02490583291941663};-280.569866449044;34.902352554565915
29172;-105.382580669956;((x * (_a7_ * _a1_)) + (x * (_a0_ * pow2((_a7_ + x)))));{'d0': {'_a0_': 3.37676087838906, '_a1_': 4.6375066337457636, '_a7_': 0.3119297078726844, '_a2_': 1.0, '_a3_': 1.0, '_a4_': 1.0, '_a5_': 1.0, '_a6_': 1.0}};{'d0': 0.02490583291941663};-280.569866449044;34.902352554565915
29173;-105.382580669956;((x * (_a7_ * _a1_)) + (x * (_a0_ * pow2((_a7_ + x)))));{'d0': {'_a0_': 3.37676087838906, '_a1_': 4.6375066337457636, '_a7_': 0.3119297078726844, '_a2_': 1.0, '_a3_': 1.0, '_a4_': 1.0, '_a5_': 1.0, '_a6_': 1.0}};{'d0': 0.02490583291941663};-280.569866449044;34.902352554565915
29174;-105.382580669956;((x * (_a7_ * _a1_)) + (x * (_a0_ * pow2((_a7_ + x)))));{'d0': {'_a0_': 3.37676087838906, '_a1_': 4.6375066337457636, '_a7_': 0.3119297078726844, '_a2_': 1.0, '_a3_': 1.0, '_a4_': 1.0, '_a5_': 1.0, '_a6_': 1.0}};{'d0': 0.02490583291941663};-280.569866449044;34.902352554565915
29175;-105.382580669956;((x * (_a7_ * _a1_)) + (x * (_a0_ * pow2((_a7_ + x)))));{'d0': {'_a0_': 3.37676087838906, '_a1_': 4.6375066337457636, '_a7_': 0.3119297078726844, '_a2_': 1.0, '_a3_': 1.0, '_a4_': 1.0, '_a5_': 1.0, '_a6_': 1.0}};{'d0': 0.02490583291941663};-280.569866449044;34.902352554565915
29176;-103.367701136488;(((pow2(((_a7_ + x) + (x * _a1_))) + _a0_) + _a0_) * x);{'d0': {'_a0_': 0.7232880444640138, '_a1_': 0.8375964952995073, '_a7_': 0.5732009378027604, '_a2_': 1.0, '_a3_': 1.0, '_a4_': 1.0, '_a5_': 1.0, '_a6_': 1.0}};{'d0': 0.02490583291941665};-280.569866449044;36.91723208803398
29177;-103.367701136488;(((pow2(((_a7_ + x) + (x * _a1_))) + _a0_) + _a0_) * x);{'d0': {'_a0_': 0.7232880444640138, '_a1_': 0.8375964952995073, '_a7_': 0.5732009378027604, '_a2_': 1.0, '_a3_': 1.0, '_a4_': 1.0, '_a5_': 1.0, '_a6_': 1.0}};{'d0': 0.02490583291941665};-280.569866449044;36.91723208803398
29178;-103.367701136488;(((pow2(((_a7_ + x) + (x * _a1_))) + _a0_) + _a0_) * x);{'d0': {'_a0_': 0.7232880444640138, '_a1_': 0.8375964952995073, '_a7_': 0.5732009378027604, '_a2_': 1.0, '_a3_': 1.0, '_a4_': 1.0, '_a5_': 1.0, '_a6_': 1.0}};{'d0': 0.02490583291941665};-280.569866449044;36.91723208803398
29179;-103.367701136488;(((pow2(((_a7_ + x) + (x * _a1_))) + _a0_) + _a0_) * x);{'d0': {'_a0_': 0.7232880444640138, '_a1_': 0.8375964952995073, '_a7_': 0.5732009378027604, '_a2_': 1.0, '_a3_': 1.0, '_a4_': 1.0, '_a5_': 1.0, '_a6_': 1.0}};{'d0': 0.02490583291941665};-280.569866449044;36.91723208803398
29180;-103.367701136488;(((pow2(((_a7_ + x) + (x * _a1_))) + _a0_) + _a0_) * x);{'d0': {'_a0_': 0.7232880444640138, '_a1_': 0.8375964952995073, '_a7_': 0.5732009378027604, '_a2_': 1.0, '_a3_': 1.0, '_a4_': 1.0, '_a5_': 1.0, '_a6_': 1.0}};{'d0': 0.02490583291941665};-280.569866449044;36.91723208803398
29181;-103.367701136488;(((pow2(((_a7_ + x) + (x * _a1_))) + _a0_) + _a0_) * x);{'d0': {'_a0_': 0.7232880444640138, '_a1_': 0.8375964952995073, '_a7_': 0.5732009378027604, '_a2_': 1.0, '_a3_': 1.0, '_a4_': 1.0, '_a5_': 1.0, '_a6_': 1.0}};{'d0': 0.02490583291941665};-280.569866449044;36.91723208803398
29182;-103.367701136488;(((pow2(((_a7_ + x) + (x * _a1_))) + _a0_) + _a0_) * x);{'d0': {'_a0_': 0.7232880444640138, '_a1_': 0.8375964952995073, '_a7_': 0.5732009378027604, '_a2_': 1.0, '_a3_': 1.0, '_a4_': 1.0, '_a5_': 1.0, '_a6_': 1.0}};{'d0': 0.02490583291941665};-280.569866449044;36.91723208803398
29183;-103.367701136488;(((pow2(((_a7_ + x) + (x * _a1_))) + _a0_) + _a0_) * x);{'d0': {'_a0_': 0.7232880444640138, '_a1_': 0.8375964952995073, '_a7_': 0.5732009378027604, '_a2_': 1.0, '_a3_': 1.0, '_a4_': 1.0, '_a5_': 1.0, '_a6_': 1.0}};{'d0': 0.02490583291941665};-280.569866449044;36.91723208803398
29184;-77.2534478509976;(((x * _a7_) * (_a6_ + ((x * ((_a7_ * _a1_) * ((_a7_ + x) + _a0_))) / _a7_))) + (_a7_ * _a2_));{'d0': {'_a0_': 3.109657969829163, '_a1_': -1.361115455057073, '_a2_': 0.00041213245664015847, '_a6_': -0.7141154971062954, '_a7_': -2.4851067953974426, '_a3_': 1.0, '_a4_': 1.0, '_a5_': 1.0}};{'d0': 0.024885482508709655};-272.430223014592;58.961663656298434
29185;-77.2534478509976;(((x * _a7_) * (_a6_ + ((x * ((_a7_ * _a1_) * ((_a7_ + x) + _a0_))) / _a7_))) + (_a7_ * _a2_));{'d0': {'_a0_': 3.109657969829163, '_a1_': -1.361115455057073, '_a2_': 0.00041213245664015847, '_a6_': -0.7141154971062954, '_a7_': -2.4851067953974426, '_a3_': 1.0, '_a4_': 1.0, '_a5_': 1.0}};{'d0': 0.024885482508709655};-272.430223014592;58.961663656298434
29186;-77.1331385758539;(((x * _a7_) * (_a6_ + ((x * ((_a7_ * _a1_) * ((_a7_ + x) + _a0_))) + _a7_))) + (_a7_ * _a2_));{'d0': {'_a0_': 1.2781980844009608, '_a1_': 7.91687191089254, '_a2_': 0.0015668623029709847, '_a6_': -2.0613565786317634, '_a7_': -0.6536469226419064, '_a3_': 1.0, '_a4_': 1.0, '_a5_': 1.0}};{'d0': 0.024885482502501628};-272.430223029560;59.081972938926036
29187;-77.1331385758539;(((x * _a7_) * (_a6_ + ((x * ((_a7_ * _a1_) * ((_a7_ + x) + _a0_))) + _a7_))) + (_a7_ * _a2_));{'d0': {'_a0_': 1.2781980844009608, '_a1_': 7.91687191089254, '_a2_': 0.0015668623029709847, '_a6_': -2.0613565786317634, '_a7_': -0.6536469226419064, '_a3_': 1.0, '_a4_': 1.0, '_a5_': 1.0}};{'d0': 0.024885482502501628};-272.430223029560;59.081972938926036
29188;-77.8873278202839;(((x * _a7_) * (_a6_ + ((x * ((_a7_ * _a1_) * ((_a7_ * x) + _a0_))) + _a7_))) + (_a7_ * _a2_));{'d0': {'_a0_': -0.4581899024977785, '_a1_': -8.566572384641395, '_a2_': 0.0013959672327193, '_a6_': -1.6853702745479495, '_a7_': -0.7336307341989573, '_a3_': 1.0, '_a4_': 1.0, '_a5_': 1.0}};{'d0': 0.024885482519238732};-272.430222989206;58.327783674319036
29189;-77.8873278202839;(((x * _a7_) * (_a6_ + ((x * ((_a7_ * _a1_) * ((_a7_ * x) + _a0_))) + _a7_))) + (_a7_ * _a2_));{'d0': {'_a0_': -0.4581899024977785, '_a1_': -8.566572384641395, '_a2_': 0.0013959672327193, '_a6_': -1.6853702745479495, '_a7_': -0.7336307341989573, '_a3_': 1.0, '_a4_': 1.0, '_a5_': 1.0}};{'d0': 0.024885482519238732};-272.430222989206;58.327783674319036
29190;-77.8873278202839;(((x * _a7_) * (_a6_ + ((x * ((_a7_ * _a1_) * ((_a7_ * x) + _a0_))) + _a7_))) + (_a7_ * _a2_));{'d0': {'_a0_': -0.4581899024977785, '_a1_': -8.566572384641395, '_a2_': 0.0013959672327193, '_a6_': -1.6853702745479495, '_a7_': -0.7336307341989573, '_a3_': 1.0, '_a4_': 1.0, '_a5_': 1.0}};{'d0': 0.024885482519238732};-272.430222989206;58.327783674319036
29191;-77.8873278202839;(((x * _a7_) * (_a6_ + ((x * ((_a7_ * _a1_) * ((_a7_ * x) + _a0_))) + _a7_))) + (_a7_ * _a2_));{'d0': {'_a0_': -0.4581899024977785, '_a1_': -8.566572384641395, '_a2_': 0.0013959672327193, '_a6_': -1.6853702745479495, '_a7_': -0.7336307341989573, '_a3_': 1.0, '_a4_': 1.0, '_a5_': 1.0}};{'d0': 0.024885482519238732};-272.430222989206;58.327783674319036
29192;-77.8873278202839;(((x * _a7_) * (_a6_ + ((x * ((_a7_ * _a1_) * ((_a7_ * x) + _a0_))) + _a7_))) + (_a7_ * _a2_));{'d0': {'_a0_': -0.4581899024977785, '_a1_': -8.566572384641395, '_a2_': 0.0013959672327193, '_a6_': -1.6853702745479495, '_a7_': -0.7336307341989573, '_a3_': 1.0, '_a4_': 1.0, '_a5_': 1.0}};{'d0': 0.024885482519238732};-272.430222989206;58.327783674319036
29193;-77.8873278202839;(((x * _a7_) * (_a6_ + ((x * ((_a7_ * _a1_) * ((_a7_ * x) + _a0_))) + _a7_))) + (_a7_ * _a2_));{'d0': {'_a0_': -0.4581899024977785, '_a1_': -8.566572384641395, '_a2_': 0.0013959672327193, '_a6_': -1.6853702745479495, '_a7_': -0.7336307341989573, '_a3_': 1.0, '_a4_': 1.0, '_a5_': 1.0}};{'d0': 0.024885482519238732};-272.430222989206;58.327783674319036
29194;-77.8873278202839;(((x * _a7_) * (_a6_ + ((x * ((_a7_ * _a1_) * ((_a7_ * x) + _a0_))) + _a7_))) + (_a7_ * _a2_));{'d0': {'_a0_': -0.4581899024977785, '_a1_': -8.566572384641395, '_a2_': 0.0013959672327193, '_a6_': -1.6853702745479495, '_a7_': -0.7336307341989573, '_a3_': 1.0, '_a4_': 1.0, '_a5_': 1.0}};{'d0': 0.024885482519238732};-272.430222989206;58.327783674319036
29195;-77.8873278202839;(((x * _a7_) * (_a6_ + ((x * ((_a7_ * _a1_) * ((_a7_ * x) + _a0_))) + _a7_))) + (_a7_ * _a2_));{'d0': {'_a0_': -0.4581899024977785, '_a1_': -8.566572384641395, '_a2_': 0.0013959672327193, '_a6_': -1.6853702745479495, '_a7_': -0.7336307341989573, '_a3_': 1.0, '_a4_': 1.0, '_a5_': 1.0}};{'d0': 0.024885482519238732};-272.430222989206;58.327783674319036
29196;-77.8873278202839;(((x * _a7_) * (_a6_ + ((x * ((_a7_ * _a1_) * ((_a7_ * x) + _a0_))) + _a7_))) + (_a7_ * _a2_));{'d0': {'_a0_': -0.4581899024977785, '_a1_': -8.566572384641395, '_a2_': 0.0013959672327193, '_a6_': -1.6853702745479495, '_a7_': -0.7336307341989573, '_a3_': 1.0, '_a4_': 1.0, '_a5_': 1.0}};{'d0': 0.024885482519238732};-272.430222989206;58.327783674319036
29197;-77.8873278202839;(((x * _a7_) * (_a6_ + ((x * ((_a7_ * _a1_) * ((_a7_ * x) + _a0_))) + _a7_))) + (_a7_ * _a2_));{'d0': {'_a0_': -0.4581899024977785, '_a1_': -8.566572384641395, '_a2_': 0.0013959672327193, '_a6_': -1.6853702745479495, '_a7_': -0.7336307341989573, '_a3_': 1.0, '_a4_': 1.0, '_a5_': 1.0}};{'d0': 0.024885482519238732};-272.430222989206;58.327783674319036
29198;-77.8873278202839;(((x * _a7_) * (_a6_ + ((x * ((_a7_ * _a1_) * ((_a7_ * x) + _a0_))) + _a7_))) + (_a7_ * _a2_));{'d0': {'_a0_': -0.4581899024977785, '_a1_': -8.566572384641395, '_a2_': 0.0013959672327193, '_a6_': -1.6853702745479495, '_a7_': -0.7336307341989573, '_a3_': 1.0, '_a4_': 1.0, '_a5_': 1.0}};{'d0': 0.024885482519238732};-272.430222989206;58.327783674319036
29199;-77.8873278202839;(((x * _a7_) * (_a6_ + ((x * ((_a7_ * _a1_) * ((_a7_ * x) + _a0_))) + _a7_))) + (_a7_ * _a2_));{'d0': {'_a0_': -0.4581899024977785, '_a1_': -8.566572384641395, '_a2_': 0.0013959672327193, '_a6_': -1.6853702745479495, '_a7_': -0.7336307341989573, '_a3_': 1.0, '_a4_': 1.0, '_a5_': 1.0}};{'d0': 0.024885482519238732};-272.430222989206;58.327783674319036
29200;-77.8873278202839;(((x * _a7_) * (_a6_ + ((x * ((_a7_ * _a1_) * ((_a7_ * x) + _a0_))) + _a7_))) + (_a7_ * _a2_));{'d0': {'_a0_': -0.4581899024977785, '_a1_': -8.566572384641395, '_a2_': 0.0013959672327193, '_a6_': -1.6853702745479495, '_a7_': -0.7336307341989573, '_a3_': 1.0, '_a4_': 1.0, '_a5_': 1.0}};{'d0': 0.024885482519238732};-272.430222989206;58.327783674319036
29201;-77.8873278202839;(((x * _a7_) * (_a6_ + ((x * ((_a7_ * _a1_) * ((_a7_ * x) + _a0_))) + _a7_))) + (_a7_ * _a2_));{'d0': {'_a0_': -0.4581899024977785, '_a1_': -8.566572384641395, '_a2_': 0.0013959672327193, '_a6_': -1.6853702745479495, '_a7_': -0.7336307341989573, '_a3_': 1.0, '_a4_': 1.0, '_a5_': 1.0}};{'d0': 0.024885482519238732};-272.430222989206;58.327783674319036
29202;-71.2944457740875;(((x * _a7_) * (_a6_ + ((x * ((_a7_ * _a1_) * ((_a7_ * x) + pow3(_a0_)))) + _a7_))) + (_a7_ * _a2_));{'d0': {'_a0_': -0.7373534552606478, '_a1_': -12.789761274198131, '_a2_': 0.0015954867102336752, '_a6_': -2.1228531928013794, '_a7_': -0.6418878440006115, '_a3_': 1.0, '_a4_': 1.0, '_a5_': 1.0}};{'d0': 0.024885482505789334};-272.430223021633;64.92066573672903
29203;-69.9195544781811;(((x * _a7_) * (_a6_ + ((x * ((_a7_ * _a1_) * ((_a7_ * x) + (_a3_ + _a4_)))) + _a7_))) + (_a7_ * _a2_));{'d0': {'_a1_': -40.05232276411109, '_a2_': 0.002334405629913596, '_a3_': -1.0612246008328314, '_a4_': 0.7872110873202391, '_a6_': -3.6061800562138204, '_a7_': -0.43873668923991105, '_a0_': 1.0, '_a5_': 1.0}};{'d0': 0.024885482529161264};-268.335878403060;64.24838472334903
29204;-69.9195544781811;(((x * _a7_) * (_a6_ + ((x * ((_a7_ * _a1_) * ((_a7_ * x) + (_a3_ + _a4_)))) + _a7_))) + (_a7_ * _a2_));{'d0': {'_a1_': -40.05232276411109, '_a2_': 0.002334405629913596, '_a3_': -1.0612246008328314, '_a4_': 0.7872110873202391, '_a6_': -3.6061800562138204, '_a7_': -0.43873668923991105, '_a0_': 1.0, '_a5_': 1.0}};{'d0': 0.024885482529161264};-268.335878403060;64.24838472334903
29205;-69.9195544781811;(((x * _a7_) * (_a6_ + ((x * ((_a7_ * _a1_) * ((_a7_ * x) + (_a3_ + _a4_)))) + _a7_))) + (_a7_ * _a2_));{'d0': {'_a1_': -40.05232276411109, '_a2_': 0.002334405629913596, '_a3_': -1.0612246008328314, '_a4_': 0.7872110873202391, '_a6_': -3.6061800562138204, '_a7_': -0.43873668923991105, '_a0_': 1.0, '_a5_': 1.0}};{'d0': 0.024885482529161264};-268.335878403060;64.24838472334903
29206;-69.9195544781811;(((x * _a7_) * (_a6_ + ((x * ((_a7_ * _a1_) * ((_a7_ * x) + (_a3_ + _a4_)))) + _a7_))) + (_a7_ * _a2_));{'d0': {'_a1_': -40.05232276411109, '_a2_': 0.002334405629913596, '_a3_': -1.0612246008328314, '_a4_': 0.7872110873202391, '_a6_': -3.6061800562138204, '_a7_': -0.43873668923991105, '_a0_': 1.0, '_a5_': 1.0}};{'d0': 0.024885482529161264};-268.335878403060;64.24838472334903
29207;-69.9195544781811;(((x * _a7_) * (_a6_ + ((x * ((_a7_ * _a1_) * ((_a7_ * x) + (_a3_ + _a4_)))) + _a7_))) + (_a7_ * _a2_));{'d0': {'_a1_': -40.05232276411109, '_a2_': 0.002334405629913596, '_a3_': -1.0612246008328314, '_a4_': 0.7872110873202391, '_a6_': -3.6061800562138204, '_a7_': -0.43873668923991105, '_a0_': 1.0, '_a5_': 1.0}};{'d0': 0.024885482529161264};-268.335878403060;64.24838472334903
29208;-69.9195544781811;(((x * _a7_) * (_a6_ + ((x * ((_a7_ * _a1_) * ((_a7_ * x) + (_a3_ + _a4_)))) + _a7_))) + (_a7_ * _a2_));{'d0': {'_a1_': -40.05232276411109, '_a2_': 0.002334405629913596, '_a3_': -1.0612246008328314, '_a4_': 0.7872110873202391, '_a6_': -3.6061800562138204, '_a7_': -0.43873668923991105, '_a0_': 1.0, '_a5_': 1.0}};{'d0': 0.024885482529161264};-268.335878403060;64.24838472334903
29209;-65.3496176095291;(((x * _a7_) * (sin(_a7_) + ((x * ((_a7_ * _a1_) * ((_a7_ * x) + (_a3_ + _a4_)))) + _a7_))) + (_a7_ * _a2_));{'d0': {'_a1_': -3.5926581787500163, '_a2_': 0.001044924423941813, '_a3_': -2.214196535796976, '_a4_': 1.6020678489108158, '_a7_': -0.9801098073745421, '_a0_': 1.0, '_a5_': 1.0, '_a6_': 1.0}};{'d0': 0.024885482501911232};-272.430223030983;70.86549390596255
29210;-67.3967898896706;(((x * _a7_) * (sin(_a7_) + ((x * ((_a7_ * _a1_) * ((_a7_ * x) + (_a2_ + _a4_)))) + _a7_))) + (_a7_ * _a2_));{'d0': {'_a1_': -3.5926569405401736, '_a2_': 0.0010447544312830457, '_a4_': -0.6131733554884925, '_a7_': -0.9801098306235194, '_a0_': 1.0, '_a3_': 1.0, '_a5_': 1.0, '_a6_': 1.0}};{'d0': 0.024885482502715512};-276.524567591266;70.86549390596255
29211;-67.3967898905386;(((x * _a7_) * (sin(_a7_) + ((x * ((_a7_ * _a1_) * ((_a7_ * x) + (_a4_ + _a4_)))) + _a7_))) + (_a7_ * _a2_));{'d0': {'_a1_': -3.5926579057117003, '_a2_': 0.00104488476561743, '_a4_': -0.3060643369353065, '_a7_': -0.9801098123663083, '_a0_': 1.0, '_a3_': 1.0, '_a5_': 1.0, '_a6_': 1.0}};{'d0': 0.024885482501995505};-276.524567593002;70.86549390596255
29212;-67.3967898905386;(((x * _a7_) * (sin(_a7_) + ((x * ((_a7_ * _a1_) * ((_a7_ * x) + (_a4_ + _a4_)))) + _a7_))) + (_a7_ * _a2_));{'d0': {'_a1_': -3.5926579057117003, '_a2_': 0.00104488476561743, '_a4_': -0.3060643369353065, '_a7_': -0.9801098123663083, '_a0_': 1.0, '_a3_': 1.0, '_a5_': 1.0, '_a6_': 1.0}};{'d0': 0.024885482501995505};-276.524567593002;70.86549390596255
29213;-67.3967898905386;(((x * _a7_) * (sin(_a7_) + ((x * ((_a7_ * _a1_) * ((_a7_ * x) + (_a4_ + _a4_)))) + _a7_))) + (_a7_ * _a2_));{'d0': {'_a1_': -3.5926579057117003, '_a2_': 0.00104488476561743, '_a4_': -0.3060643369353065, '_a7_': -0.9801098123663083, '_a0_': 1.0, '_a3_': 1.0, '_a5_': 1.0, '_a6_': 1.0}};{'d0': 0.024885482501995505};-276.524567593002;70.86549390596255
29214;-67.3967898905386;(((x * _a7_) * (sin(_a7_) + ((x * ((_a7_ * _a1_) * ((_a7_ * x) + (_a4_ + _a4_)))) + _a7_))) + (_a7_ * _a2_));{'d0': {'_a1_': -3.5926579057117003, '_a2_': 0.00104488476561743, '_a4_': -0.3060643369353065, '_a7_': -0.9801098123663083, '_a0_': 1.0, '_a3_': 1.0, '_a5_': 1.0, '_a6_': 1.0}};{'d0': 0.024885482501995505};-276.524567593002;70.86549390596255
29215;-67.3967898905386;(((x * _a7_) * (sin(_a7_) + ((x * ((_a7_ * _a1_) * ((_a7_ * x) + (_a4_ + _a4_)))) + _a7_))) + (_a7_ * _a2_));{'d0': {'_a1_': -3.5926579057117003, '_a2_': 0.00104488476561743, '_a4_': -0.3060643369353065, '_a7_': -0.9801098123663083, '_a0_': 1.0, '_a3_': 1.0, '_a5_': 1.0, '_a6_': 1.0}};{'d0': 0.024885482501995505};-276.524567593002;70.86549390596255
29216;-68.0932980242766;(((x * _a7_) * ((x + _a2_) + ((x * ((_a7_ * _a1_) * ((_a7_ * x) + (_a4_ + _a4_)))) + _a7_))) + (_a7_ * _a2_));{'d0': {'_a1_': -1.4295318405249424, '_a2_': 0.0007685949389376334, '_a4_': -0.6786001803956654, '_a7_': -1.3325456688488109, '_a0_': 1.0, '_a3_': 1.0, '_a5_': 1.0, '_a6_': 1.0}};{'d0': 0.024885482501867295};-276.524567593311;70.16898577237903
29217;-68.0932980242766;(((x * _a7_) * ((x + _a2_) + ((x * ((_a7_ * _a1_) * ((_a7_ * x) + (_a4_ + _a4_)))) + _a7_))) + (_a7_ * _a2_));{'d0': {'_a1_': -1.4295318405249424, '_a2_': 0.0007685949389376334, '_a4_': -0.6786001803956654, '_a7_': -1.3325456688488109, '_a0_': 1.0, '_a3_': 1.0, '_a5_': 1.0, '_a6_': 1.0}};{'d0': 0.024885482501867295};-276.524567593311;70.16898577237903
29218;-68.0932980242766;(((x * _a7_) * ((x + _a2_) + ((x * ((_a7_ * _a1_) * ((_a7_ * x) + (_a4_ + _a4_)))) + _a7_))) + (_a7_ * _a2_));{'d0': {'_a1_': -1.4295318405249424, '_a2_': 0.0007685949389376334, '_a4_': -0.6786001803956654, '_a7_': -1.3325456688488109, '_a0_': 1.0, '_a3_': 1.0, '_a5_': 1.0, '_a6_': 1.0}};{'d0': 0.024885482501867295};-276.524567593311;70.16898577237903
29219;-71.9667267916380;(((x * _a7_) * (_a6_ + ((x * ((_a7_ * _a1_) * ((_a7_ * x) + (_a4_ + _a4_)))) + _a7_))) + (_a7_ * _a2_));{'d0': {'_a1_': -6.384783058592172, '_a2_': 0.0012658742138023458, '_a4_': -0.25267915431400184, '_a6_': -1.3840661294113694, '_a7_': -0.809154282213217, '_a0_': 1.0, '_a3_': 1.0, '_a5_': 1.0}};{'d0': 0.02488548250232984};-272.430223029974;64.24838472334903
29220;-71.9667267916380;(((x * _a7_) * (_a6_ + ((x * ((_a7_ * _a1_) * ((_a7_ * x) + (_a4_ + _a4_)))) + _a7_))) + (_a7_ * _a2_));{'d0': {'_a1_': -6.384783058592172, '_a2_': 0.0012658742138023458, '_a4_': -0.25267915431400184, '_a6_': -1.3840661294113694, '_a7_': -0.809154282213217, '_a0_': 1.0, '_a3_': 1.0, '_a5_': 1.0}};{'d0': 0.02488548250232984};-272.430223029974;64.24838472334903
29221;-71.9667267916380;(((x * _a7_) * (_a6_ + ((x * ((_a7_ * _a1_) * ((_a7_ * x) + (_a4_ + _a4_)))) + _a7_))) + (_a7_ * _a2_));{'d0': {'_a1_': -6.384783058592172, '_a2_': 0.0012658742138023458, '_a4_': -0.25267915431400184, '_a6_': -1.3840661294113694, '_a7_': -0.809154282213217, '_a0_': 1.0, '_a3_': 1.0, '_a5_': 1.0}};{'d0': 0.02488548250232984};-272.430223029974;64.24838472334903
29222;-68.2867796252102;-((((x * _a7_) * (_a6_ + ((x * ((_a7_ * _a1_) * ((_a7_ * x) + (_a4_ + _a4_)))) + _a7_))) + (_a7_ * _a2_)));{'d0': {'_a1_': -12.661317705735016, '_a2_': 0.0015901241036679337, '_a4_': 0.20112141195315153, '_a6_': -3.3995058740518758, '_a7_': 0.644051075101729, '_a0_': 1.0, '_a3_': 1.0, '_a5_': 1.0}};{'d0': 0.02488548250744577};-272.430223017639;67.92833188360942
29223;-68.2867796252102;-((((x * _a7_) * (_a6_ + ((x * ((_a7_ * _a1_) * ((_a7_ * x) + (_a4_ + _a4_)))) + _a7_))) + (_a7_ * _a2_)));{'d0': {'_a1_': -12.661317705735016, '_a2_': 0.0015901241036679337, '_a4_': 0.20112141195315153, '_a6_': -3.3995058740518758, '_a7_': 0.644051075101729, '_a0_': 1.0, '_a3_': 1.0, '_a5_': 1.0}};{'d0': 0.02488548250744577};-272.430223017639;67.92833188360942
29224;-61.2627141114451;-((((x * _a7_) * (_a6_ + ((x * ((_a7_ * _a1_) * ((abs(_a1_) * x) + (_a4_ + _a4_)))) + _a7_))) + (_a7_ * _a2_)));{'d0': {'_a1_': -17.769441560782283, '_a2_': -0.009895034141783731, '_a4_': 5.54896253651253, '_a6_': 17.249680845908056, '_a7_': -0.10350140979289886, '_a0_': 1.0, '_a3_': 1.0, '_a5_': 1.0}};{'d0': 0.024885482501983507};-272.430223030809;74.95239740395942
29225;-61.2627141114451;-((((x * _a7_) * (_a6_ + ((x * ((_a7_ * _a1_) * ((abs(_a1_) * x) + (_a4_ + _a4_)))) + _a7_))) + (_a7_ * _a2_)));{'d0': {'_a1_': -17.769441560782283, '_a2_': -0.009895034141783731, '_a4_': 5.54896253651253, '_a6_': 17.249680845908056, '_a7_': -0.10350140979289886, '_a0_': 1.0, '_a3_': 1.0, '_a5_': 1.0}};{'d0': 0.024885482501983507};-272.430223030809;74.95239740395942
29226;-61.2627141114451;-((((x * _a7_) * (_a6_ + ((x * ((_a7_ * _a1_) * ((abs(_a1_) * x) + (_a4_ + _a4_)))) + _a7_))) + (_a7_ * _a2_)));{'d0': {'_a1_': -17.769441560782283, '_a2_': -0.009895034141783731, '_a4_': 5.54896253651253, '_a6_': 17.249680845908056, '_a7_': -0.10350140979289886, '_a0_': 1.0, '_a3_': 1.0, '_a5_': 1.0}};{'d0': 0.024885482501983507};-272.430223030809;74.95239740395942
29227;-59.2155417978600;-((((x * _a7_) * (_a6_ + ((x * ((_a7_ * _a1_) * ((abs(_a5_) * x) + (_a4_ + _a4_)))) + _a7_))) + (_a7_ * _a2_)));{'d0': {'_a1_': -42.055060746495904, '_a2_': -0.017202824481455693, '_a4_': 7.086892800567333, '_a5_': 22.694356017969884, '_a6_': 29.869512000716554, '_a7_': -0.05953217976665088, '_a0_': 1.0, '_a3_': 1.0}};{'d0': 0.02488548252892129};-268.335878403639;74.95239740395942
29228;-59.2155417978600;-((((x * _a7_) * (_a6_ + ((x * ((_a7_ * _a1_) * ((abs(_a5_) * x) + (_a4_ + _a4_)))) + _a7_))) + (_a7_ * _a2_)));{'d0': {'_a1_': -42.055060746495904, '_a2_': -0.017202824481455693, '_a4_': 7.086892800567333, '_a5_': 22.694356017969884, '_a6_': 29.869512000716554, '_a7_': -0.05953217976665088, '_a0_': 1.0, '_a3_': 1.0}};{'d0': 0.02488548252892129};-268.335878403639;74.95239740395942
29229;-58.4613525588732;-((((x * _a7_) * (_a6_ + ((x * ((_a7_ + _a1_) * ((abs(_a5_) * x) + (_a4_ + _a4_)))) + _a7_))) + (_a7_ * _a2_)));{'d0': {'_a1_': 28.55407776098196, '_a2_': -0.15760793751052904, '_a4_': 5.694059101135851, '_a5_': 18.234084191864714, '_a6_': 273.1096849603455, '_a7_': -0.006498105515820662, '_a0_': 1.0, '_a3_': 1.0}};{'d0': 0.024885482507668897};-268.335878454879;75.70658666856643
29230;-67.4905331014542;-((((x * _a7_) * (_a6_ + ((x * ((_a7_ + _a1_) * ((_a2_ * x) + (_a4_ + _a4_)))) + _a7_))) + (_a7_ * _a2_)));{'d0': {'_a1_': 10637.48754620719, '_a2_': 0.12694510923389607, '_a4_': 0.03958431829611362, '_a6_': 710.3209100575415, '_a7_': -0.002499280872863991, '_a0_': 1.0, '_a3_': 1.0, '_a5_': 1.0}};{'d0': 0.024920394146087384};-272.346108499341;68.68252114821644
29231;-72.6021220114526;-((((x * _a7_) * (_a6_ + ((x * ((_a7_ + _a1_) * ((_a2_ * x) + (_a4_ + _a4_)))) + _a7_))) + x));{'d0': {'_a1_': 7227.58660825764, '_a2_': 0.15568228725709005, '_a4_': 0.04856193036436685, '_a6_': 924.735694445761, '_a7_': -0.0030010134578962507, '_a0_': 1.0, '_a3_': 1.0, '_a5_': 1.0}};{'d0': 0.02490583292002408};-272.381177323136;63.588466650115436
29232;-72.6021220114526;-((((x * _a7_) * (_a6_ + ((x * ((_a7_ + _a1_) * ((_a2_ * x) + (_a4_ + _a4_)))) + _a7_))) + x));{'d0': {'_a1_': 7227.58660825764, '_a2_': 0.15568228725709005, '_a4_': 0.04856193036436685, '_a6_': 924.735694445761, '_a7_': -0.0030010134578962507, '_a0_': 1.0, '_a3_': 1.0, '_a5_': 1.0}};{'d0': 0.02490583292002408};-272.381177323136;63.588466650115436
29233;-72.6021220120836;-((((x * _a7_) * (_a6_ + ((x * ((_a7_ + _a1_) * ((_a2_ * x) + (_a4_ + _a6_)))) + _a7_))) + x));{'d0': {'_a1_': 0.2134610524300968, '_a2_': 982.8389696738813, '_a4_': 454.88114921163896, '_a6_': 158.2721958065419, '_a7_': -0.017535884276978574, '_a0_': 1.0, '_a3_': 1.0, '_a5_': 1.0}};{'d0': 0.024905832919500243};-272.381177324398;63.588466650115436
29234;-72.6021220120836;-((((x * _a7_) * (_a6_ + ((x * ((_a7_ + _a1_) * ((_a2_ * x) + (_a4_ + _a6_)))) + _a7_))) + x));{'d0': {'_a1_': 0.2134610524300968, '_a2_': 982.8389696738813, '_a4_': 454.88114921163896, '_a6_': 158.2721958065419, '_a7_': -0.017535884276978574, '_a0_': 1.0, '_a3_': 1.0, '_a5_': 1.0}};{'d0': 0.024905832919500243};-272.381177324398;63.588466650115436
29235;-72.6021220120836;-((((x * _a7_) * (_a6_ + ((x * ((_a7_ + _a1_) * ((_a2_ * x) + (_a4_ + _a6_)))) + _a7_))) + x));{'d0': {'_a1_': 0.2134610524300968, '_a2_': 982.8389696738813, '_a4_': 454.88114921163896, '_a6_': 158.2721958065419, '_a7_': -0.017535884276978574, '_a0_': 1.0, '_a3_': 1.0, '_a5_': 1.0}};{'d0': 0.024905832919500243};-272.381177324398;63.588466650115436
29236;-72.6021220120836;-((((x * _a7_) * (_a6_ + ((x * ((_a7_ + _a1_) * ((_a2_ * x) + (_a4_ + _a6_)))) + _a7_))) + x));{'d0': {'_a1_': 0.2134610524300968, '_a2_': 982.8389696738813, '_a4_': 454.88114921163896, '_a6_': 158.2721958065419, '_a7_': -0.017535884276978574, '_a0_': 1.0, '_a3_': 1.0, '_a5_': 1.0}};{'d0': 0.024905832919500243};-272.381177324398;63.588466650115436
29237;-72.7224310475754;-((((x * _a7_) * (_a6_ + ((x * ((_a7_ / _a1_) * ((_a2_ * x) + (_a4_ + _a6_)))) + _a7_))) + x));{'d0': {'_a1_': 0.5250213158842688, '_a2_': -19251.536683514252, '_a4_': -12299.448004103615, '_a6_': 289.1955781653605, '_a7_': -0.0095963538240567, '_a0_': 1.0, '_a3_': 1.0, '_a5_': 1.0}};{'d0': 0.024905833124670967};-272.381176830126;63.468157367487834
29238;-99.5822889035534;(((x + ((pow2((x + _a7_)) / (_a6_ * _a6_)) * x)) * _a3_) * _a7_);{'d0': {'_a3_': 4.637506632587832, '_a6_': -0.6545163311740283, '_a7_': 0.3119297079466431, '_a0_': 1.0, '_a1_': 1.0, '_a2_': 1.0, '_a4_': 1.0, '_a5_': 1.0}};{'d0': 0.024905832919416632};-280.569866449044;40.70264432096847
29239;-99.5822889035534;(((x + ((pow2((x + _a7_)) / (_a6_ * _a6_)) * x)) * _a3_) * _a7_);{'d0': {'_a3_': 4.637506632587832, '_a6_': -0.6545163311740283, '_a7_': 0.3119297079466431, '_a0_': 1.0, '_a1_': 1.0, '_a2_': 1.0, '_a4_': 1.0, '_a5_': 1.0}};{'d0': 0.024905832919416632};-280.569866449044;40.70264432096847
29240;-99.5822889035534;(((x + ((pow2((x + _a7_)) / (_a6_ * _a6_)) * x)) * _a3_) * _a7_);{'d0': {'_a3_': 4.637506632587832, '_a6_': -0.6545163311740283, '_a7_': 0.3119297079466431, '_a0_': 1.0, '_a1_': 1.0, '_a2_': 1.0, '_a4_': 1.0, '_a5_': 1.0}};{'d0': 0.024905832919416632};-280.569866449044;40.70264432096847
29241;-99.5822889035534;(((x + ((pow2((x + _a7_)) / (_a6_ * _a6_)) * x)) * _a3_) * _a7_);{'d0': {'_a3_': 4.637506632587832, '_a6_': -0.6545163311740283, '_a7_': 0.3119297079466431, '_a0_': 1.0, '_a1_': 1.0, '_a2_': 1.0, '_a4_': 1.0, '_a5_': 1.0}};{'d0': 0.024905832919416632};-280.569866449044;40.70264432096847
29242;-99.5822889035534;(((x + ((pow2((x + _a7_)) / (_a6_ * _a6_)) * x)) * _a3_) * _a7_);{'d0': {'_a3_': 4.637506632587832, '_a6_': -0.6545163311740283, '_a7_': 0.3119297079466431, '_a0_': 1.0, '_a1_': 1.0, '_a2_': 1.0, '_a4_': 1.0, '_a5_': 1.0}};{'d0': 0.024905832919416632};-280.569866449044;40.70264432096847
29243;-99.5822889035534;(((x + ((pow2((x + _a7_)) / (_a6_ * _a6_)) * x)) * _a3_) * _a7_);{'d0': {'_a3_': 4.637506632587832, '_a6_': -0.6545163311740283, '_a7_': 0.3119297079466431, '_a0_': 1.0, '_a1_': 1.0, '_a2_': 1.0, '_a4_': 1.0, '_a5_': 1.0}};{'d0': 0.024905832919416632};-280.569866449044;40.70264432096847
29244;-99.5822889035534;(((x + ((pow2((x + _a7_)) / (_a6_ * _a6_)) * x)) * _a3_) * _a7_);{'d0': {'_a3_': 4.637506632587832, '_a6_': -0.6545163311740283, '_a7_': 0.3119297079466431, '_a0_': 1.0, '_a1_': 1.0, '_a2_': 1.0, '_a4_': 1.0, '_a5_': 1.0}};{'d0': 0.024905832919416632};-280.569866449044;40.70264432096847
29245;-99.5822889035534;(((x + ((pow2((x + _a7_)) / (_a6_ * _a6_)) * x)) * _a3_) * _a7_);{'d0': {'_a3_': 4.637506632587832, '_a6_': -0.6545163311740283, '_a7_': 0.3119297079466431, '_a0_': 1.0, '_a1_': 1.0, '_a2_': 1.0, '_a4_': 1.0, '_a5_': 1.0}};{'d0': 0.024905832919416632};-280.569866449044;40.70264432096847
29246;-99.5822889035534;(((x + ((pow2((x + _a7_)) / (_a6_ * _a6_)) * x)) * _a3_) * _a7_);{'d0': {'_a3_': 4.637506632587832, '_a6_': -0.6545163311740283, '_a7_': 0.3119297079466431, '_a0_': 1.0, '_a1_': 1.0, '_a2_': 1.0, '_a4_': 1.0, '_a5_': 1.0}};{'d0': 0.024905832919416632};-280.569866449044;40.70264432096847
29247;-99.5822889035534;(((x + ((pow2((x + _a7_)) / (_a6_ * _a6_)) * x)) * _a3_) * _a7_);{'d0': {'_a3_': 4.637506632587832, '_a6_': -0.6545163311740283, '_a7_': 0.3119297079466431, '_a0_': 1.0, '_a1_': 1.0, '_a2_': 1.0, '_a4_': 1.0, '_a5_': 1.0}};{'d0': 0.024905832919416632};-280.569866449044;40.70264432096847
29248;-99.5822889035534;(((x + ((pow2((x + _a7_)) / (_a6_ * _a6_)) * x)) * _a3_) * _a7_);{'d0': {'_a3_': 4.637506632587832, '_a6_': -0.6545163311740283, '_a7_': 0.3119297079466431, '_a0_': 1.0, '_a1_': 1.0, '_a2_': 1.0, '_a4_': 1.0, '_a5_': 1.0}};{'d0': 0.024905832919416632};-280.569866449044;40.70264432096847
29249;-99.5822889035534;(((x + ((pow2((x + _a7_)) / (_a6_ * _a6_)) * x)) * _a3_) * _a7_);{'d0': {'_a3_': 4.637506632587832, '_a6_': -0.6545163311740283, '_a7_': 0.3119297079466431, '_a0_': 1.0, '_a1_': 1.0, '_a2_': 1.0, '_a4_': 1.0, '_a5_': 1.0}};{'d0': 0.024905832919416632};-280.569866449044;40.70264432096847
29250;-99.5822889035534;(((x + ((pow2((x + _a7_)) / (_a6_ * _a6_)) * x)) * _a3_) * _a7_);{'d0': {'_a3_': 4.637506632587832, '_a6_': -0.6545163311740283, '_a7_': 0.3119297079466431, '_a0_': 1.0, '_a1_': 1.0, '_a2_': 1.0, '_a4_': 1.0, '_a5_': 1.0}};{'d0': 0.024905832919416632};-280.569866449044;40.70264432096847
29251;-99.5822889035534;(((x + ((pow2((x + _a7_)) / (_a6_ * _a6_)) * x)) * _a3_) * _a7_);{'d0': {'_a3_': 4.637506632587832, '_a6_': -0.6545163311740283, '_a7_': 0.3119297079466431, '_a0_': 1.0, '_a1_': 1.0, '_a2_': 1.0, '_a4_': 1.0, '_a5_': 1.0}};{'d0': 0.024905832919416632};-280.569866449044;40.70264432096847
29252;-99.5822889035534;(((x + ((pow2((x + _a7_)) / (_a6_ * _a6_)) * x)) * _a3_) * _a7_);{'d0': {'_a3_': 4.637506632587832, '_a6_': -0.6545163311740283, '_a7_': 0.3119297079466431, '_a0_': 1.0, '_a1_': 1.0, '_a2_': 1.0, '_a4_': 1.0, '_a5_': 1.0}};{'d0': 0.024905832919416632};-280.569866449044;40.70264432096847
29253;-99.5822889035534;(((x + ((pow2((x + _a7_)) / (_a6_ * _a6_)) * x)) * _a3_) * _a7_);{'d0': {'_a3_': 4.637506632587832, '_a6_': -0.6545163311740283, '_a7_': 0.3119297079466431, '_a0_': 1.0, '_a1_': 1.0, '_a2_': 1.0, '_a4_': 1.0, '_a5_': 1.0}};{'d0': 0.024905832919416632};-280.569866449044;40.70264432096847
29254;-99.5822889035534;(((x + ((pow2((x + _a7_)) / (_a6_ * _a6_)) * x)) * _a3_) * _a7_);{'d0': {'_a3_': 4.637506632587832, '_a6_': -0.6545163311740283, '_a7_': 0.3119297079466431, '_a0_': 1.0, '_a1_': 1.0, '_a2_': 1.0, '_a4_': 1.0, '_a5_': 1.0}};{'d0': 0.024905832919416632};-280.569866449044;40.70264432096847
29255;-99.5822889035534;(((x + ((pow2((x + _a7_)) / (_a6_ * _a6_)) * x)) * _a3_) * _a7_);{'d0': {'_a3_': 4.637506632587832, '_a6_': -0.6545163311740283, '_a7_': 0.3119297079466431, '_a0_': 1.0, '_a1_': 1.0, '_a2_': 1.0, '_a4_': 1.0, '_a5_': 1.0}};{'d0': 0.024905832919416632};-280.569866449044;40.70264432096847
29256;-99.5822889035534;(((x + ((pow2((x + _a7_)) / (_a6_ * _a6_)) * x)) * _a3_) * _a7_);{'d0': {'_a3_': 4.637506632587832, '_a6_': -0.6545163311740283, '_a7_': 0.3119297079466431, '_a0_': 1.0, '_a1_': 1.0, '_a2_': 1.0, '_a4_': 1.0, '_a5_': 1.0}};{'d0': 0.024905832919416632};-280.569866449044;40.70264432096847
29257;-99.5822889035534;(((x + ((pow2((x + _a7_)) / (_a6_ * _a6_)) * x)) * _a3_) * _a7_);{'d0': {'_a3_': 4.637506632587832, '_a6_': -0.6545163311740283, '_a7_': 0.3119297079466431, '_a0_': 1.0, '_a1_': 1.0, '_a2_': 1.0, '_a4_': 1.0, '_a5_': 1.0}};{'d0': 0.024905832919416632};-280.569866449044;40.70264432096847
29258;-99.5822889035534;(((x + ((pow2((x + _a7_)) / (_a6_ * _a6_)) * x)) * _a3_) * _a7_);{'d0': {'_a3_': 4.637506632587832, '_a6_': -0.6545163311740283, '_a7_': 0.3119297079466431, '_a0_': 1.0, '_a1_': 1.0, '_a2_': 1.0, '_a4_': 1.0, '_a5_': 1.0}};{'d0': 0.024905832919416632};-280.569866449044;40.70264432096847
29259;-99.5822889035534;(((x + ((pow2((x + _a7_)) / (_a6_ * _a6_)) * x)) * _a3_) * _a7_);{'d0': {'_a3_': 4.637506632587832, '_a6_': -0.6545163311740283, '_a7_': 0.3119297079466431, '_a0_': 1.0, '_a1_': 1.0, '_a2_': 1.0, '_a4_': 1.0, '_a5_': 1.0}};{'d0': 0.024905832919416632};-280.569866449044;40.70264432096847
29260;-99.5822889035534;(((x + ((pow2((x + _a7_)) / (_a6_ * _a6_)) * x)) * _a3_) * _a7_);{'d0': {'_a3_': 4.637506632587832, '_a6_': -0.6545163311740283, '_a7_': 0.3119297079466431, '_a0_': 1.0, '_a1_': 1.0, '_a2_': 1.0, '_a4_': 1.0, '_a5_': 1.0}};{'d0': 0.024905832919416632};-280.569866449044;40.70264432096847
29261;-101.702633509696;((x * (_a7_ * -(_a6_))) + (x * (_a0_ * pow2((_a7_ + x)))));{'d0': {'_a0_': 3.376760878538323, '_a6_': -4.637506633997674, '_a7_': 0.31192970782009066, '_a1_': 1.0, '_a2_': 1.0, '_a3_': 1.0, '_a4_': 1.0, '_a5_': 1.0}};{'d0': 0.02490583291941661};-280.569866449044;38.582299714826306
29262;-99.5822889035534;(((x + ((pow2((x + _a7_)) / (_a6_ * _a6_)) * x)) * _a3_) * _a7_);{'d0': {'_a3_': 4.637506632587832, '_a6_': -0.6545163311740283, '_a7_': 0.3119297079466431, '_a0_': 1.0, '_a1_': 1.0, '_a2_': 1.0, '_a4_': 1.0, '_a5_': 1.0}};{'d0': 0.024905832919416632};-280.569866449044;40.70264432096847
29263;-99.5822889035534;(((x + ((pow2((x + _a7_)) / (_a6_ * _a6_)) * x)) * _a3_) * _a7_);{'d0': {'_a3_': 4.637506632587832, '_a6_': -0.6545163311740283, '_a7_': 0.3119297079466431, '_a0_': 1.0, '_a1_': 1.0, '_a2_': 1.0, '_a4_': 1.0, '_a5_': 1.0}};{'d0': 0.024905832919416632};-280.569866449044;40.70264432096847
29264;-99.5822889035534;(((x + ((pow2((x + _a7_)) / (_a6_ * _a6_)) * x)) * _a3_) * _a7_);{'d0': {'_a3_': 4.637506632587832, '_a6_': -0.6545163311740283, '_a7_': 0.3119297079466431, '_a0_': 1.0, '_a1_': 1.0, '_a2_': 1.0, '_a4_': 1.0, '_a5_': 1.0}};{'d0': 0.024905832919416632};-280.569866449044;40.70264432096847
29265;-99.5822889035534;(((x + ((pow2((x + _a7_)) / (_a6_ * _a6_)) * x)) * _a3_) * _a7_);{'d0': {'_a3_': 4.637506632587832, '_a6_': -0.6545163311740283, '_a7_': 0.3119297079466431, '_a0_': 1.0, '_a1_': 1.0, '_a2_': 1.0, '_a4_': 1.0, '_a5_': 1.0}};{'d0': 0.024905832919416632};-280.569866449044;40.70264432096847
29266;-99.5822889035534;(((x + ((pow2((x + _a7_)) / (_a6_ * _a6_)) * x)) * _a3_) * _a7_);{'d0': {'_a3_': 4.637506632587832, '_a6_': -0.6545163311740283, '_a7_': 0.3119297079466431, '_a0_': 1.0, '_a1_': 1.0, '_a2_': 1.0, '_a4_': 1.0, '_a5_': 1.0}};{'d0': 0.024905832919416632};-280.569866449044;40.70264432096847
29267;-99.5822889035534;(((x + ((pow2((x + _a7_)) / (_a6_ * _a6_)) * x)) * _a3_) * _a7_);{'d0': {'_a3_': 4.637506632587832, '_a6_': -0.6545163311740283, '_a7_': 0.3119297079466431, '_a0_': 1.0, '_a1_': 1.0, '_a2_': 1.0, '_a4_': 1.0, '_a5_': 1.0}};{'d0': 0.024905832919416632};-280.569866449044;40.70264432096847
29268;-99.5822889035534;(((x + ((pow2((x + _a7_)) / (_a6_ * _a6_)) * x)) * _a3_) * _a7_);{'d0': {'_a3_': 4.637506632587832, '_a6_': -0.6545163311740283, '_a7_': 0.3119297079466431, '_a0_': 1.0, '_a1_': 1.0, '_a2_': 1.0, '_a4_': 1.0, '_a5_': 1.0}};{'d0': 0.024905832919416632};-280.569866449044;40.70264432096847
29269;-99.5822889035534;(((x + ((pow2((x + _a7_)) / (_a6_ * _a6_)) * x)) * _a3_) * _a7_);{'d0': {'_a3_': 4.637506632587832, '_a6_': -0.6545163311740283, '_a7_': 0.3119297079466431, '_a0_': 1.0, '_a1_': 1.0, '_a2_': 1.0, '_a4_': 1.0, '_a5_': 1.0}};{'d0': 0.024905832919416632};-280.569866449044;40.70264432096847
29270;-99.5822889035534;(((x + ((pow2((x + _a7_)) / (_a6_ * _a6_)) * x)) * _a3_) * _a7_);{'d0': {'_a3_': 4.637506632587832, '_a6_': -0.6545163311740283, '_a7_': 0.3119297079466431, '_a0_': 1.0, '_a1_': 1.0, '_a2_': 1.0, '_a4_': 1.0, '_a5_': 1.0}};{'d0': 0.024905832919416632};-280.569866449044;40.70264432096847
29271;-99.5822889035534;(((x + ((pow2((x + _a7_)) / (_a6_ * _a6_)) * x)) * _a3_) * _a7_);{'d0': {'_a3_': 4.637506632587832, '_a6_': -0.6545163311740283, '_a7_': 0.3119297079466431, '_a0_': 1.0, '_a1_': 1.0, '_a2_': 1.0, '_a4_': 1.0, '_a5_': 1.0}};{'d0': 0.024905832919416632};-280.569866449044;40.70264432096847
29272;-99.5822889035534;(((x + ((pow2((x + _a7_)) / (_a6_ * _a6_)) * x)) * _a3_) * _a7_);{'d0': {'_a3_': 4.637506632587832, '_a6_': -0.6545163311740283, '_a7_': 0.3119297079466431, '_a0_': 1.0, '_a1_': 1.0, '_a2_': 1.0, '_a4_': 1.0, '_a5_': 1.0}};{'d0': 0.024905832919416632};-280.569866449044;40.70264432096847
29273;-99.5822889035534;(((x + ((pow2((x + _a7_)) / (_a6_ * _a6_)) * x)) * _a3_) * _a7_);{'d0': {'_a3_': 4.637506632587832, '_a6_': -0.6545163311740283, '_a7_': 0.3119297079466431, '_a0_': 1.0, '_a1_': 1.0, '_a2_': 1.0, '_a4_': 1.0, '_a5_': 1.0}};{'d0': 0.024905832919416632};-280.569866449044;40.70264432096847
29274;-99.5822889035534;(((x + ((pow2((x + _a7_)) / (_a6_ * _a6_)) * x)) * _a3_) * _a7_);{'d0': {'_a3_': 4.637506632587832, '_a6_': -0.6545163311740283, '_a7_': 0.3119297079466431, '_a0_': 1.0, '_a1_': 1.0, '_a2_': 1.0, '_a4_': 1.0, '_a5_': 1.0}};{'d0': 0.024905832919416632};-280.569866449044;40.70264432096847
29275;-99.5822889035534;(((x + ((pow2((x + _a7_)) / (_a6_ * _a6_)) * x)) * _a3_) * _a7_);{'d0': {'_a3_': 4.637506632587832, '_a6_': -0.6545163311740283, '_a7_': 0.3119297079466431, '_a0_': 1.0, '_a1_': 1.0, '_a2_': 1.0, '_a4_': 1.0, '_a5_': 1.0}};{'d0': 0.024905832919416632};-280.569866449044;40.70264432096847
29276;-99.5822889035534;(((x + ((pow2((x + _a7_)) / (_a6_ * _a6_)) * x)) * _a3_) * _a7_);{'d0': {'_a3_': 4.637506632587832, '_a6_': -0.6545163311740283, '_a7_': 0.3119297079466431, '_a0_': 1.0, '_a1_': 1.0, '_a2_': 1.0, '_a4_': 1.0, '_a5_': 1.0}};{'d0': 0.024905832919416632};-280.569866449044;40.70264432096847
29277;-99.5822889035534;(((x + ((pow2((x + _a7_)) / (_a6_ * _a6_)) * x)) * _a3_) * _a7_);{'d0': {'_a3_': 4.637506632587832, '_a6_': -0.6545163311740283, '_a7_': 0.3119297079466431, '_a0_': 1.0, '_a1_': 1.0, '_a2_': 1.0, '_a4_': 1.0, '_a5_': 1.0}};{'d0': 0.024905832919416632};-280.569866449044;40.70264432096847
29278;-99.5822889035534;(((x + ((pow2((x + _a7_)) / (_a6_ * _a6_)) * x)) * _a3_) * _a7_);{'d0': {'_a3_': 4.637506632587832, '_a6_': -0.6545163311740283, '_a7_': 0.3119297079466431, '_a0_': 1.0, '_a1_': 1.0, '_a2_': 1.0, '_a4_': 1.0, '_a5_': 1.0}};{'d0': 0.024905832919416632};-280.569866449044;40.70264432096847
29279;-99.5822889035534;(((x + ((pow2((x + _a7_)) / (_a6_ * _a6_)) * x)) * _a3_) * _a7_);{'d0': {'_a3_': 4.637506632587832, '_a6_': -0.6545163311740283, '_a7_': 0.3119297079466431, '_a0_': 1.0, '_a1_': 1.0, '_a2_': 1.0, '_a4_': 1.0, '_a5_': 1.0}};{'d0': 0.024905832919416632};-280.569866449044;40.70264432096847
29280;-99.5822889035534;(((x + ((pow2((x + _a7_)) / (_a6_ * _a6_)) * x)) * _a3_) * _a7_);{'d0': {'_a3_': 4.637506632587832, '_a6_': -0.6545163311740283, '_a7_': 0.3119297079466431, '_a0_': 1.0, '_a1_': 1.0, '_a2_': 1.0, '_a4_': 1.0, '_a5_': 1.0}};{'d0': 0.024905832919416632};-280.569866449044;40.70264432096847
29281;-99.5822889035534;(((x + ((pow2((x + _a7_)) / (_a6_ * _a6_)) * x)) * _a3_) * _a7_);{'d0': {'_a3_': 4.637506632587832, '_a6_': -0.6545163311740283, '_a7_': 0.3119297079466431, '_a0_': 1.0, '_a1_': 1.0, '_a2_': 1.0, '_a4_': 1.0, '_a5_': 1.0}};{'d0': 0.024905832919416632};-280.569866449044;40.70264432096847
29282;-99.5822889035534;(((x + ((pow2((x + _a7_)) / (_a6_ * _a6_)) * x)) * _a3_) * _a7_);{'d0': {'_a3_': 4.637506632587832, '_a6_': -0.6545163311740283, '_a7_': 0.3119297079466431, '_a0_': 1.0, '_a1_': 1.0, '_a2_': 1.0, '_a4_': 1.0, '_a5_': 1.0}};{'d0': 0.024905832919416632};-280.569866449044;40.70264432096847
29283;-99.5822889035534;(((x + ((pow2((x + _a7_)) / (_a6_ * _a6_)) * x)) * _a3_) * _a7_);{'d0': {'_a3_': 4.637506632587832, '_a6_': -0.6545163311740283, '_a7_': 0.3119297079466431, '_a0_': 1.0, '_a1_': 1.0, '_a2_': 1.0, '_a4_': 1.0, '_a5_': 1.0}};{'d0': 0.024905832919416632};-280.569866449044;40.70264432096847
29284;-99.5822889035534;(((x + ((pow2((x + _a7_)) / (_a6_ * _a6_)) * x)) * _a3_) * _a7_);{'d0': {'_a3_': 4.637506632587832, '_a6_': -0.6545163311740283, '_a7_': 0.3119297079466431, '_a0_': 1.0, '_a1_': 1.0, '_a2_': 1.0, '_a4_': 1.0, '_a5_': 1.0}};{'d0': 0.024905832919416632};-280.569866449044;40.70264432096847
29285;-99.5822889035534;(((x + ((pow2((x + _a7_)) / (_a6_ * _a6_)) * x)) * _a3_) * _a7_);{'d0': {'_a3_': 4.637506632587832, '_a6_': -0.6545163311740283, '_a7_': 0.3119297079466431, '_a0_': 1.0, '_a1_': 1.0, '_a2_': 1.0, '_a4_': 1.0, '_a5_': 1.0}};{'d0': 0.024905832919416632};-280.569866449044;40.70264432096847
29286;-98.7916000837971;((x * (_a7_ * (_a5_ ** x))) + (x * (_a0_ * pow2((_a5_ + x)))));{'d0': {'_a0_': 2.998504180632949, '_a5_': 0.4836890841558875, '_a7_': 1.089213513545992, '_a1_': 1.0, '_a2_': 1.0, '_a3_': 1.0, '_a4_': 1.0, '_a6_': 1.0}};{'d0': 0.024845660375055034};-280.715001968926;41.565900900665916
29287;-93.7699028720181;((x * (_a7_ * (_a5_ ** x))) + (x * ((_a1_ * _a1_) * pow2((_a5_ + x)))));{'d0': {'_a1_': 1.731618948519541, '_a5_': 0.4836890839785517, '_a7_': 1.0892135128072191, '_a0_': 1.0, '_a2_': 1.0, '_a3_': 1.0, '_a4_': 1.0, '_a6_': 1.0}};{'d0': 0.024845660375055038};-280.715001968926;46.587598112444915
29288;-93.7699028720181;((x * (_a7_ * (_a5_ ** x))) + (x * ((_a1_ * _a1_) * pow2((_a5_ + x)))));{'d0': {'_a1_': 1.731618948519541, '_a5_': 0.4836890839785517, '_a7_': 1.0892135128072191, '_a0_': 1.0, '_a2_': 1.0, '_a3_': 1.0, '_a4_': 1.0, '_a6_': 1.0}};{'d0': 0.024845660375055038};-280.715001968926;46.587598112444915
29289;-93.7699028720181;((x * (_a7_ * (_a5_ ** x))) + (x * ((_a1_ * _a1_) * pow2((_a5_ + x)))));{'d0': {'_a1_': 1.731618948519541, '_a5_': 0.4836890839785517, '_a7_': 1.0892135128072191, '_a0_': 1.0, '_a2_': 1.0, '_a3_': 1.0, '_a4_': 1.0, '_a6_': 1.0}};{'d0': 0.024845660375055038};-280.715001968926;46.587598112444915
29290;-93.7699028720181;((x * (_a7_ * (_a5_ ** x))) + (x * ((_a1_ * _a1_) * pow2((_a5_ + x)))));{'d0': {'_a1_': 1.731618948519541, '_a5_': 0.4836890839785517, '_a7_': 1.0892135128072191, '_a0_': 1.0, '_a2_': 1.0, '_a3_': 1.0, '_a4_': 1.0, '_a6_': 1.0}};{'d0': 0.024845660375055038};-280.715001968926;46.587598112444915
29291;-93.5713635468705;((x * (_a7_ * (_a7_ ** x))) + (x * ((_a1_ * _a1_) * pow2((_a5_ + x)))));{'d0': {'_a1_': 1.7906506442188108, '_a5_': 0.20164757494459815, '_a7_': 1.6394470183599075, '_a0_': 1.0, '_a2_': 1.0, '_a3_': 1.0, '_a4_': 1.0, '_a6_': 1.0}};{'d0': 0.025010633689233546};-280.317923318631;46.587598112444915
29292;-93.5713635468705;((x * (_a7_ * (_a7_ ** x))) + (x * ((_a1_ * _a1_) * pow2((_a5_ + x)))));{'d0': {'_a1_': 1.7906506442188108, '_a5_': 0.20164757494459815, '_a7_': 1.6394470183599075, '_a0_': 1.0, '_a2_': 1.0, '_a3_': 1.0, '_a4_': 1.0, '_a6_': 1.0}};{'d0': 0.025010633689233546};-280.317923318631;46.587598112444915
29293;-93.5713635468705;((x * (_a7_ * (_a7_ ** x))) + (x * ((_a1_ * _a1_) * pow2((_a5_ + x)))));{'d0': {'_a1_': 1.7906506442188108, '_a5_': 0.20164757494459815, '_a7_': 1.6394470183599075, '_a0_': 1.0, '_a2_': 1.0, '_a3_': 1.0, '_a4_': 1.0, '_a6_': 1.0}};{'d0': 0.025010633689233546};-280.317923318631;46.587598112444915
29294;-93.5713635468705;((x * (_a7_ * (_a7_ ** x))) + (x * ((_a1_ * _a1_) * pow2((_a5_ + x)))));{'d0': {'_a1_': 1.7906506442188108, '_a5_': 0.20164757494459815, '_a7_': 1.6394470183599075, '_a0_': 1.0, '_a2_': 1.0, '_a3_': 1.0, '_a4_': 1.0, '_a6_': 1.0}};{'d0': 0.025010633689233546};-280.317923318631;46.587598112444915
29295;-93.5713635468705;((x * (_a7_ * (_a7_ ** x))) + (x * ((_a1_ * _a1_) * pow2((_a5_ + x)))));{'d0': {'_a1_': 1.7906506442188108, '_a5_': 0.20164757494459815, '_a7_': 1.6394470183599075, '_a0_': 1.0, '_a2_': 1.0, '_a3_': 1.0, '_a4_': 1.0, '_a6_': 1.0}};{'d0': 0.025010633689233546};-280.317923318631;46.587598112444915
29296;-93.5713635468705;((x * (_a7_ * (_a7_ ** x))) + (x * ((_a1_ * _a1_) * pow2((_a5_ + x)))));{'d0': {'_a1_': 1.7906506442188108, '_a5_': 0.20164757494459815, '_a7_': 1.6394470183599075, '_a0_': 1.0, '_a2_': 1.0, '_a3_': 1.0, '_a4_': 1.0, '_a6_': 1.0}};{'d0': 0.025010633689233546};-280.317923318631;46.587598112444915
29297;-93.5713635468705;((x * (_a7_ * (_a7_ ** x))) + (x * ((_a1_ * _a1_) * pow2((_a5_ + x)))));{'d0': {'_a1_': 1.7906506442188108, '_a5_': 0.20164757494459815, '_a7_': 1.6394470183599075, '_a0_': 1.0, '_a2_': 1.0, '_a3_': 1.0, '_a4_': 1.0, '_a6_': 1.0}};{'d0': 0.025010633689233546};-280.317923318631;46.587598112444915
29298;-93.5713635468705;((x * (_a7_ * (_a7_ ** x))) + (x * ((_a1_ * _a1_) * pow2((_a5_ + x)))));{'d0': {'_a1_': 1.7906506442188108, '_a5_': 0.20164757494459815, '_a7_': 1.6394470183599075, '_a0_': 1.0, '_a2_': 1.0, '_a3_': 1.0, '_a4_': 1.0, '_a6_': 1.0}};{'d0': 0.025010633689233546};-280.317923318631;46.587598112444915
29299;-93.5713635468705;((x * (_a7_ * (_a7_ ** x))) + (x * ((_a1_ * _a1_) * pow2((_a5_ + x)))));{'d0': {'_a1_': 1.7906506442188108, '_a5_': 0.20164757494459815, '_a7_': 1.6394470183599075, '_a0_': 1.0, '_a2_': 1.0, '_a3_': 1.0, '_a4_': 1.0, '_a6_': 1.0}};{'d0': 0.025010633689233546};-280.317923318631;46.587598112444915
29300;-93.5713635468705;((x * (_a7_ * (_a7_ ** x))) + (x * ((_a1_ * _a1_) * pow2((_a5_ + x)))));{'d0': {'_a1_': 1.7906506442188108, '_a5_': 0.20164757494459815, '_a7_': 1.6394470183599075, '_a0_': 1.0, '_a2_': 1.0, '_a3_': 1.0, '_a4_': 1.0, '_a6_': 1.0}};{'d0': 0.025010633689233546};-280.317923318631;46.587598112444915
29301;-93.5713635468705;((x * (_a7_ * (_a7_ ** x))) + (x * ((_a1_ * _a1_) * pow2((_a5_ + x)))));{'d0': {'_a1_': 1.7906506442188108, '_a5_': 0.20164757494459815, '_a7_': 1.6394470183599075, '_a0_': 1.0, '_a2_': 1.0, '_a3_': 1.0, '_a4_': 1.0, '_a6_': 1.0}};{'d0': 0.025010633689233546};-280.317923318631;46.587598112444915
29302;-93.5713635468705;((x * (_a7_ * (_a7_ ** x))) + (x * ((_a1_ * _a1_) * pow2((_a5_ + x)))));{'d0': {'_a1_': 1.7906506442188108, '_a5_': 0.20164757494459815, '_a7_': 1.6394470183599075, '_a0_': 1.0, '_a2_': 1.0, '_a3_': 1.0, '_a4_': 1.0, '_a6_': 1.0}};{'d0': 0.025010633689233546};-280.317923318631;46.587598112444915
29303;-93.5713635468705;((x * (_a7_ * (_a7_ ** x))) + (x * ((_a1_ * _a1_) * pow2((_a5_ + x)))));{'d0': {'_a1_': 1.7906506442188108, '_a5_': 0.20164757494459815, '_a7_': 1.6394470183599075, '_a0_': 1.0, '_a2_': 1.0, '_a3_': 1.0, '_a4_': 1.0, '_a6_': 1.0}};{'d0': 0.025010633689233546};-280.317923318631;46.587598112444915
29304;-87.6507624978406;((x * (_a7_ * (_a7_ ** x))) + (x * ((_a1_ * (_a1_ + _a5_)) * pow2((_a5_ + x)))));{'d0': {'_a1_': 1.6926630853443978, '_a5_': 0.20164757462933894, '_a7_': 1.6394470197663396, '_a0_': 1.0, '_a2_': 1.0, '_a3_': 1.0, '_a4_': 1.0, '_a6_': 1.0}};{'d0': 0.02501063368923346};-280.317923318631;52.50819916147491
29305;-87.6507624978406;((x * (_a7_ * (_a7_ ** x))) + (x * ((_a1_ * (_a1_ + _a5_)) * pow2((_a5_ + x)))));{'d0': {'_a1_': 1.6926630853443978, '_a5_': 0.20164757462933894, '_a7_': 1.6394470197663396, '_a0_': 1.0, '_a2_': 1.0, '_a3_': 1.0, '_a4_': 1.0, '_a6_': 1.0}};{'d0': 0.02501063368923346};-280.317923318631;52.50819916147491
29306;-87.8493018229881;((x * (_a7_ * (_a5_ ** x))) + (x * ((_a1_ * (_a1_ + _a5_)) * pow2((_a5_ + x)))));{'d0': {'_a1_': 1.5065813115126612, '_a5_': 0.4836890839708585, '_a7_': 1.0892135127904528, '_a0_': 1.0, '_a2_': 1.0, '_a3_': 1.0, '_a4_': 1.0, '_a6_': 1.0}};{'d0': 0.02484566037505503};-280.715001968926;52.50819916147491
29307;-87.8493018229881;((x * (_a7_ * (_a5_ ** x))) + (x * ((_a1_ * (_a1_ + _a5_)) * pow2((_a5_ + x)))));{'d0': {'_a1_': 1.5065813115126612, '_a5_': 0.4836890839708585, '_a7_': 1.0892135127904528, '_a0_': 1.0, '_a2_': 1.0, '_a3_': 1.0, '_a4_': 1.0, '_a6_': 1.0}};{'d0': 0.02484566037505503};-280.715001968926;52.50819916147491
29308;-87.8493018229881;((x * (_a7_ * (_a5_ ** x))) + (x * ((_a1_ * (_a1_ + _a5_)) * pow2((_a5_ + x)))));{'d0': {'_a1_': 1.5065813115126612, '_a5_': 0.4836890839708585, '_a7_': 1.0892135127904528, '_a0_': 1.0, '_a2_': 1.0, '_a3_': 1.0, '_a4_': 1.0, '_a6_': 1.0}};{'d0': 0.02484566037505503};-280.715001968926;52.50819916147491
29309;-87.8493018229881;((x * (_a7_ * (_a5_ ** x))) + (x * ((_a1_ * (_a1_ + _a5_)) * pow2((_a5_ + x)))));{'d0': {'_a1_': 1.5065813115126612, '_a5_': 0.4836890839708585, '_a7_': 1.0892135127904528, '_a0_': 1.0, '_a2_': 1.0, '_a3_': 1.0, '_a4_': 1.0, '_a6_': 1.0}};{'d0': 0.02484566037505503};-280.715001968926;52.50819916147491
29310;-87.8493018229881;((x * (_a7_ * (_a5_ ** x))) + (x * ((_a1_ * (_a1_ + _a5_)) * pow2((_a5_ + x)))));{'d0': {'_a1_': 1.5065813115126612, '_a5_': 0.4836890839708585, '_a7_': 1.0892135127904528, '_a0_': 1.0, '_a2_': 1.0, '_a3_': 1.0, '_a4_': 1.0, '_a6_': 1.0}};{'d0': 0.02484566037505503};-280.715001968926;52.50819916147491
29311;-94.4402824091470;((x * (_a7_ * x)) + (x * ((_a1_ * (_a1_ + _a5_)) * pow2((_a5_ + x)))));{'d0': {'_a1_': 1.5104916106220891, '_a5_': 0.7250460472242753, '_a7_': -2.7899901855374467, '_a0_': 1.0, '_a2_': 1.0, '_a3_': 1.0, '_a4_': 1.0, '_a6_': 1.0}};{'d0': 0.024905832919416622};-280.569866449044;45.84465081537491
29312;-94.4402824091470;((x * (_a7_ * x)) + (x * ((_a1_ * (_a1_ + _a5_)) * pow2((_a5_ + x)))));{'d0': {'_a1_': 1.5104916106220891, '_a5_': 0.7250460472242753, '_a7_': -2.7899901855374467, '_a0_': 1.0, '_a2_': 1.0, '_a3_': 1.0, '_a4_': 1.0, '_a6_': 1.0}};{'d0': 0.024905832919416622};-280.569866449044;45.84465081537491
29313;-94.4402824091470;((x * (_a7_ * x)) + (x * ((_a1_ * (_a1_ + _a5_)) * pow2((_a5_ + x)))));{'d0': {'_a1_': 1.5104916106220891, '_a5_': 0.7250460472242753, '_a7_': -2.7899901855374467, '_a0_': 1.0, '_a2_': 1.0, '_a3_': 1.0, '_a4_': 1.0, '_a6_': 1.0}};{'d0': 0.024905832919416622};-280.569866449044;45.84465081537491
29314;-94.4402824091470;((x * (_a7_ * x)) + (x * ((_a1_ * (_a1_ + _a5_)) * pow2((_a5_ + x)))));{'d0': {'_a1_': 1.5104916106220891, '_a5_': 0.7250460472242753, '_a7_': -2.7899901855374467, '_a0_': 1.0, '_a2_': 1.0, '_a3_': 1.0, '_a4_': 1.0, '_a6_': 1.0}};{'d0': 0.024905832919416622};-280.569866449044;45.84465081537491
29315;-94.4402824091470;((x * (_a7_ * x)) + (x * ((_a1_ * (_a1_ + _a5_)) * pow2((_a5_ + x)))));{'d0': {'_a1_': 1.5104916106220891, '_a5_': 0.7250460472242753, '_a7_': -2.7899901855374467, '_a0_': 1.0, '_a2_': 1.0, '_a3_': 1.0, '_a4_': 1.0, '_a6_': 1.0}};{'d0': 0.024905832919416622};-280.569866449044;45.84465081537491
29316;-94.4402824091470;((x * (_a7_ * x)) + (x * ((_a1_ * (_a1_ + _a5_)) * pow2((_a5_ + x)))));{'d0': {'_a1_': 1.5104916106220891, '_a5_': 0.7250460472242753, '_a7_': -2.7899901855374467, '_a0_': 1.0, '_a2_': 1.0, '_a3_': 1.0, '_a4_': 1.0, '_a6_': 1.0}};{'d0': 0.024905832919416622};-280.569866449044;45.84465081537491
29317;-94.4402824091470;((x * (_a7_ * x)) + (x * ((_a1_ * (_a1_ + _a5_)) * pow2((_a5_ + x)))));{'d0': {'_a1_': 1.5104916106220891, '_a5_': 0.7250460472242753, '_a7_': -2.7899901855374467, '_a0_': 1.0, '_a2_': 1.0, '_a3_': 1.0, '_a4_': 1.0, '_a6_': 1.0}};{'d0': 0.024905832919416622};-280.569866449044;45.84465081537491
29318;-94.4402824091470;((x * (_a7_ * x)) + (x * ((_a1_ * (_a1_ + _a5_)) * pow2((_a5_ + x)))));{'d0': {'_a1_': 1.5104916106220891, '_a5_': 0.7250460472242753, '_a7_': -2.7899901855374467, '_a0_': 1.0, '_a2_': 1.0, '_a3_': 1.0, '_a4_': 1.0, '_a6_': 1.0}};{'d0': 0.024905832919416622};-280.569866449044;45.84465081537491
29319;-94.4402824091470;((x * (_a7_ * x)) + (x * ((_a1_ * (_a1_ + _a5_)) * pow2((_a5_ + x)))));{'d0': {'_a1_': 1.5104916106220891, '_a5_': 0.7250460472242753, '_a7_': -2.7899901855374467, '_a0_': 1.0, '_a2_': 1.0, '_a3_': 1.0, '_a4_': 1.0, '_a6_': 1.0}};{'d0': 0.024905832919416622};-280.569866449044;45.84465081537491
29320;-97.7429035788828;((_a0_ * x) * (((_a2_ + _a5_) / pow2(_a6_)) + pow2((_a6_ + x))));{'d0': {'_a0_': 3.376760878067563, '_a2_': -589.582581475158, '_a5_': 589.6242641038755, '_a6_': 0.311929707711231, '_a1_': 1.0, '_a3_': 1.0, '_a4_': 1.0, '_a7_': 1.0}};{'d0': 0.024905832991237976};-276.475521713799;40.494857278016354
29321;-97.7429035788828;((_a0_ * x) * (((_a2_ + _a5_) / pow2(_a6_)) + pow2((_a6_ + x))));{'d0': {'_a0_': 3.376760878067563, '_a2_': -589.582581475158, '_a5_': 589.6242641038755, '_a6_': 0.311929707711231, '_a1_': 1.0, '_a3_': 1.0, '_a4_': 1.0, '_a7_': 1.0}};{'d0': 0.024905832991237976};-276.475521713799;40.494857278016354
29322;-91.1500216028869;((_a0_ * x) * (((pow3(_a1_) + _a5_) / pow2(_a6_)) + pow2((_a6_ + x))));{'d0': {'_a0_': 3.376760876871152, '_a1_': -7.851690391000599, '_a5_': 484.09087321980934, '_a6_': 0.3119297077313163, '_a2_': 1.0, '_a3_': 1.0, '_a4_': 1.0, '_a7_': 1.0}};{'d0': 0.024905832919497495};-276.475521886627;47.08773934042635
29323;-91.1500216028869;((_a0_ * x) * (((pow3(_a1_) + _a5_) / pow2(_a6_)) + pow2((_a6_ + x))));{'d0': {'_a0_': 3.376760876871152, '_a1_': -7.851690391000599, '_a5_': 484.09087321980934, '_a6_': 0.3119297077313163, '_a2_': 1.0, '_a3_': 1.0, '_a4_': 1.0, '_a7_': 1.0}};{'d0': 0.024905832919497495};-276.475521886627;47.08773934042635
29324;-91.1500216028869;((_a0_ * x) * (((pow3(_a1_) + _a5_) / pow2(_a6_)) + pow2((_a6_ + x))));{'d0': {'_a0_': 3.376760876871152, '_a1_': -7.851690391000599, '_a5_': 484.09087321980934, '_a6_': 0.3119297077313163, '_a2_': 1.0, '_a3_': 1.0, '_a4_': 1.0, '_a7_': 1.0}};{'d0': 0.024905832919497495};-276.475521886627;47.08773934042635
29325;-91.1500216028869;((_a0_ * x) * (((pow3(_a1_) + _a5_) / pow2(_a6_)) + pow2((_a6_ + x))));{'d0': {'_a0_': 3.376760876871152, '_a1_': -7.851690391000599, '_a5_': 484.09087321980934, '_a6_': 0.3119297077313163, '_a2_': 1.0, '_a3_': 1.0, '_a4_': 1.0, '_a7_': 1.0}};{'d0': 0.024905832919497495};-276.475521886627;47.08773934042635
29326;-86.2730389637564;((_a0_ * x) * (((pow3(_a1_) + (_a4_ * _a1_)) / pow2(_a6_)) + pow2((_a6_ + x))));{'d0': {'_a0_': 3.376760878666765, '_a1_': -1.1448901103866795, '_a4_': -1.3471808453954466, '_a6_': 0.3119297077337837, '_a2_': 1.0, '_a3_': 1.0, '_a5_': 1.0, '_a7_': 1.0}};{'d0': 0.02490583291949373};-276.475521886636;51.964721979561354
29327;-86.2730389637564;((_a0_ * x) * (((pow3(_a1_) + (_a4_ * _a1_)) / pow2(_a6_)) + pow2((_a6_ + x))));{'d0': {'_a0_': 3.376760878666765, '_a1_': -1.1448901103866795, '_a4_': -1.3471808453954466, '_a6_': 0.3119297077337837, '_a2_': 1.0, '_a3_': 1.0, '_a5_': 1.0, '_a7_': 1.0}};{'d0': 0.02490583291949373};-276.475521886636;51.964721979561354
29328;-86.2730389637564;((_a0_ * x) * (((pow3(_a1_) + (_a4_ * _a1_)) / pow2(_a6_)) + pow2((_a6_ + x))));{'d0': {'_a0_': 3.376760878666765, '_a1_': -1.1448901103866795, '_a4_': -1.3471808453954466, '_a6_': 0.3119297077337837, '_a2_': 1.0, '_a3_': 1.0, '_a5_': 1.0, '_a7_': 1.0}};{'d0': 0.02490583291949373};-276.475521886636;51.964721979561354
29329;-87.0532198322295;((_a0_ * x) * ((((_a4_ / x) + (_a4_ * _a1_)) / pow2(_a6_)) + pow2((_a6_ + x))));{'d0': {'_a0_': 3.3825586109822576, '_a1_': -1400.8465135862516, '_a4_': -2.9733888307453197e-05, '_a6_': 0.3122780043926901, '_a2_': 1.0, '_a3_': 1.0, '_a5_': 1.0, '_a7_': 1.0}};{'d0': 0.024885483529743537};-276.524565115056;51.20906272529855
29330;-95.7640451483160;((x * (_a7_ * (x + _a3_))) + (x * (pow2(_a1_) * pow2((_a7_ + x)))));{'d0': {'_a1_': -1.837596494987214, '_a3_': 5.616000736606113, '_a7_': 0.2716989948239854, '_a0_': 1.0, '_a2_': 1.0, '_a4_': 1.0, '_a5_': 1.0, '_a6_': 1.0}};{'d0': 0.024905832919416636};-280.569866449044;44.520888076205914
29331;-95.7640451483160;((x * (_a7_ * (x + _a3_))) + (x * (pow2(_a1_) * pow2((_a7_ + x)))));{'d0': {'_a1_': -1.837596494987214, '_a3_': 5.616000736606113, '_a7_': 0.2716989948239854, '_a0_': 1.0, '_a2_': 1.0, '_a4_': 1.0, '_a5_': 1.0, '_a6_': 1.0}};{'d0': 0.024905832919416636};-280.569866449044;44.520888076205914
29332;-95.7640451483160;((x * (_a7_ * (x + _a3_))) + (x * (pow2(_a1_) * pow2((_a7_ + x)))));{'d0': {'_a1_': -1.837596494987214, '_a3_': 5.616000736606113, '_a7_': 0.2716989948239854, '_a0_': 1.0, '_a2_': 1.0, '_a4_': 1.0, '_a5_': 1.0, '_a6_': 1.0}};{'d0': 0.024905832919416636};-280.569866449044;44.520888076205914
29333;-95.7640451483160;((x * (_a7_ * (x + _a3_))) + (x * (pow2(_a1_) * pow2((_a7_ + x)))));{'d0': {'_a1_': -1.837596494987214, '_a3_': 5.616000736606113, '_a7_': 0.2716989948239854, '_a0_': 1.0, '_a2_': 1.0, '_a4_': 1.0, '_a5_': 1.0, '_a6_': 1.0}};{'d0': 0.024905832919416636};-280.569866449044;44.520888076205914
29334;-95.7640451483160;((x * (_a7_ * (x + _a3_))) + (x * (pow2(_a1_) * pow2((_a7_ + x)))));{'d0': {'_a1_': -1.837596494987214, '_a3_': 5.616000736606113, '_a7_': 0.2716989948239854, '_a0_': 1.0, '_a2_': 1.0, '_a4_': 1.0, '_a5_': 1.0, '_a6_': 1.0}};{'d0': 0.024905832919416636};-280.569866449044;44.520888076205914
29335;-88.6951756553535;((x * (_a7_ * ((_a6_ * _a6_) + _a3_))) + (x * (pow2(_a1_) * pow2((_a7_ + x)))));{'d0': {'_a1_': -1.8375964954443318, '_a3_': 4.575794614968693, '_a6_': 0.24841944111503744, '_a7_': 0.31192970774938245, '_a0_': 1.0, '_a2_': 1.0, '_a4_': 1.0, '_a5_': 1.0}};{'d0': 0.02490583291947679};-276.475521886677;49.54258528798491
29336;-88.6951756553535;((x * (_a7_ * ((_a6_ * _a6_) + _a3_))) + (x * (pow2(_a1_) * pow2((_a7_ + x)))));{'d0': {'_a1_': -1.8375964954443318, '_a3_': 4.575794614968693, '_a6_': 0.24841944111503744, '_a7_': 0.31192970774938245, '_a0_': 1.0, '_a2_': 1.0, '_a4_': 1.0, '_a5_': 1.0}};{'d0': 0.02490583291947679};-276.475521886677;49.54258528798491
29337;-88.6951756553535;((x * (_a7_ * ((_a6_ * _a6_) + _a3_))) + (x * (pow2(_a1_) * pow2((_a7_ + x)))));{'d0': {'_a1_': -1.8375964954443318, '_a3_': 4.575794614968693, '_a6_': 0.24841944111503744, '_a7_': 0.31192970774938245, '_a0_': 1.0, '_a2_': 1.0, '_a4_': 1.0, '_a5_': 1.0}};{'d0': 0.02490583291947679};-276.475521886677;49.54258528798491
29338;-88.6951756553535;((x * (_a7_ * ((_a6_ * _a6_) + _a3_))) + (x * (pow2(_a1_) * pow2((_a7_ + x)))));{'d0': {'_a1_': -1.8375964954443318, '_a3_': 4.575794614968693, '_a6_': 0.24841944111503744, '_a7_': 0.31192970774938245, '_a0_': 1.0, '_a2_': 1.0, '_a4_': 1.0, '_a5_': 1.0}};{'d0': 0.02490583291947679};-276.475521886677;49.54258528798491
29339;-88.6951756553535;((x * (_a7_ * ((_a6_ * _a6_) + _a3_))) + (x * (pow2(_a1_) * pow2((_a7_ + x)))));{'d0': {'_a1_': -1.8375964954443318, '_a3_': 4.575794614968693, '_a6_': 0.24841944111503744, '_a7_': 0.31192970774938245, '_a0_': 1.0, '_a2_': 1.0, '_a4_': 1.0, '_a5_': 1.0}};{'d0': 0.02490583291947679};-276.475521886677;49.54258528798491
29340;-88.6951756553535;((x * (_a7_ * ((_a6_ * _a6_) + _a3_))) + (x * (pow2(_a1_) * pow2((_a7_ + x)))));{'d0': {'_a1_': -1.8375964954443318, '_a3_': 4.575794614968693, '_a6_': 0.24841944111503744, '_a7_': 0.31192970774938245, '_a0_': 1.0, '_a2_': 1.0, '_a4_': 1.0, '_a5_': 1.0}};{'d0': 0.02490583291947679};-276.475521886677;49.54258528798491
29341;-88.6951756553535;((x * (_a7_ * ((_a6_ * _a6_) + _a3_))) + (x * (pow2(_a1_) * pow2((_a7_ + x)))));{'d0': {'_a1_': -1.8375964954443318, '_a3_': 4.575794614968693, '_a6_': 0.24841944111503744, '_a7_': 0.31192970774938245, '_a0_': 1.0, '_a2_': 1.0, '_a4_': 1.0, '_a5_': 1.0}};{'d0': 0.02490583291947679};-276.475521886677;49.54258528798491
29342;-88.6951756553535;((x * (_a7_ * ((_a6_ * _a6_) + _a3_))) + (x * (pow2(_a1_) * pow2((_a7_ + x)))));{'d0': {'_a1_': -1.8375964954443318, '_a3_': 4.575794614968693, '_a6_': 0.24841944111503744, '_a7_': 0.31192970774938245, '_a0_': 1.0, '_a2_': 1.0, '_a4_': 1.0, '_a5_': 1.0}};{'d0': 0.02490583291947679};-276.475521886677;49.54258528798491
29343;-88.6951756553535;((x * (_a7_ * ((_a6_ * _a6_) + _a3_))) + (x * (pow2(_a1_) * pow2((_a7_ + x)))));{'d0': {'_a1_': -1.8375964954443318, '_a3_': 4.575794614968693, '_a6_': 0.24841944111503744, '_a7_': 0.31192970774938245, '_a0_': 1.0, '_a2_': 1.0, '_a4_': 1.0, '_a5_': 1.0}};{'d0': 0.02490583291947679};-276.475521886677;49.54258528798491
29344;-88.6951756553535;((x * (_a7_ * ((_a6_ * _a6_) + _a3_))) + (x * (pow2(_a1_) * pow2((_a7_ + x)))));{'d0': {'_a1_': -1.8375964954443318, '_a3_': 4.575794614968693, '_a6_': 0.24841944111503744, '_a7_': 0.31192970774938245, '_a0_': 1.0, '_a2_': 1.0, '_a4_': 1.0, '_a5_': 1.0}};{'d0': 0.02490583291947679};-276.475521886677;49.54258528798491
29345;-88.6951756553535;((x * (_a7_ * ((_a6_ * _a6_) + _a3_))) + (x * (pow2(_a1_) * pow2((_a7_ + x)))));{'d0': {'_a1_': -1.8375964954443318, '_a3_': 4.575794614968693, '_a6_': 0.24841944111503744, '_a7_': 0.31192970774938245, '_a0_': 1.0, '_a2_': 1.0, '_a4_': 1.0, '_a5_': 1.0}};{'d0': 0.02490583291947679};-276.475521886677;49.54258528798491
29346;-88.6951756553535;((x * (_a7_ * ((_a6_ * _a6_) + _a3_))) + (x * (pow2(_a1_) * pow2((_a7_ + x)))));{'d0': {'_a1_': -1.8375964954443318, '_a3_': 4.575794614968693, '_a6_': 0.24841944111503744, '_a7_': 0.31192970774938245, '_a0_': 1.0, '_a2_': 1.0, '_a4_': 1.0, '_a5_': 1.0}};{'d0': 0.02490583291947679};-276.475521886677;49.54258528798491
29347;-88.6951756553535;((x * (_a7_ * ((_a6_ * _a6_) + _a3_))) + (x * (pow2(_a1_) * pow2((_a7_ + x)))));{'d0': {'_a1_': -1.8375964954443318, '_a3_': 4.575794614968693, '_a6_': 0.24841944111503744, '_a7_': 0.31192970774938245, '_a0_': 1.0, '_a2_': 1.0, '_a4_': 1.0, '_a5_': 1.0}};{'d0': 0.02490583291947679};-276.475521886677;49.54258528798491
29348;-88.6951756553535;((x * (_a7_ * ((_a6_ * _a6_) + _a3_))) + (x * (pow2(_a1_) * pow2((_a7_ + x)))));{'d0': {'_a1_': -1.8375964954443318, '_a3_': 4.575794614968693, '_a6_': 0.24841944111503744, '_a7_': 0.31192970774938245, '_a0_': 1.0, '_a2_': 1.0, '_a4_': 1.0, '_a5_': 1.0}};{'d0': 0.02490583291947679};-276.475521886677;49.54258528798491
29349;-88.6951756553535;((x * (_a7_ * ((_a6_ * _a6_) + _a3_))) + (x * (pow2(_a1_) * pow2((_a7_ + x)))));{'d0': {'_a1_': -1.8375964954443318, '_a3_': 4.575794614968693, '_a6_': 0.24841944111503744, '_a7_': 0.31192970774938245, '_a0_': 1.0, '_a2_': 1.0, '_a4_': 1.0, '_a5_': 1.0}};{'d0': 0.02490583291947679};-276.475521886677;49.54258528798491
29350;-88.6951756553535;((x * (_a7_ * ((_a6_ * _a6_) + _a3_))) + (x * (pow2(_a1_) * pow2((_a7_ + x)))));{'d0': {'_a1_': -1.8375964954443318, '_a3_': 4.575794614968693, '_a6_': 0.24841944111503744, '_a7_': 0.31192970774938245, '_a0_': 1.0, '_a2_': 1.0, '_a4_': 1.0, '_a5_': 1.0}};{'d0': 0.02490583291947679};-276.475521886677;49.54258528798491
29351;-88.6951756553535;((x * (_a7_ * ((_a6_ * _a6_) + _a3_))) + (x * (pow2(_a1_) * pow2((_a7_ + x)))));{'d0': {'_a1_': -1.8375964954443318, '_a3_': 4.575794614968693, '_a6_': 0.24841944111503744, '_a7_': 0.31192970774938245, '_a0_': 1.0, '_a2_': 1.0, '_a4_': 1.0, '_a5_': 1.0}};{'d0': 0.02490583291947679};-276.475521886677;49.54258528798491
29352;-103.663504712332;((_a0_ * x) * ((_a3_ / pow2(_a6_)) + pow2((_a2_ + x))));{'d0': {'_a0_': 3.3767608767776736, '_a2_': 0.31192970777256074, '_a3_': 2588.8465483978316, '_a6_': -77.73788440139886, '_a1_': 1.0, '_a4_': 1.0, '_a5_': 1.0, '_a7_': 1.0}};{'d0': 0.02490583292115378};-276.475521882637;34.57425622898636
29353;-103.663504712332;((_a0_ * x) * ((_a3_ / pow2(_a6_)) + pow2((_a2_ + x))));{'d0': {'_a0_': 3.3767608767776736, '_a2_': 0.31192970777256074, '_a3_': 2588.8465483978316, '_a6_': -77.73788440139886, '_a1_': 1.0, '_a4_': 1.0, '_a5_': 1.0, '_a7_': 1.0}};{'d0': 0.02490583292115378};-276.475521882637;34.57425622898636
29354;-103.663504712332;((_a0_ * x) * ((_a3_ / pow2(_a6_)) + pow2((_a2_ + x))));{'d0': {'_a0_': 3.3767608767776736, '_a2_': 0.31192970777256074, '_a3_': 2588.8465483978316, '_a6_': -77.73788440139886, '_a1_': 1.0, '_a4_': 1.0, '_a5_': 1.0, '_a7_': 1.0}};{'d0': 0.02490583292115378};-276.475521882637;34.57425622898636
29355;-103.663504712332;((_a0_ * x) * ((_a3_ / pow2(_a6_)) + pow2((_a2_ + x))));{'d0': {'_a0_': 3.3767608767776736, '_a2_': 0.31192970777256074, '_a3_': 2588.8465483978316, '_a6_': -77.73788440139886, '_a1_': 1.0, '_a4_': 1.0, '_a5_': 1.0, '_a7_': 1.0}};{'d0': 0.02490583292115378};-276.475521882637;34.57425622898636
29356;-103.663504712332;((_a0_ * x) * ((_a3_ / pow2(_a6_)) + pow2((_a2_ + x))));{'d0': {'_a0_': 3.3767608767776736, '_a2_': 0.31192970777256074, '_a3_': 2588.8465483978316, '_a6_': -77.73788440139886, '_a1_': 1.0, '_a4_': 1.0, '_a5_': 1.0, '_a7_': 1.0}};{'d0': 0.02490583292115378};-276.475521882637;34.57425622898636
29357;-103.663504712332;((_a0_ * x) * ((_a3_ / pow2(_a6_)) + pow2((_a2_ + x))));{'d0': {'_a0_': 3.3767608767776736, '_a2_': 0.31192970777256074, '_a3_': 2588.8465483978316, '_a6_': -77.73788440139886, '_a1_': 1.0, '_a4_': 1.0, '_a5_': 1.0, '_a7_': 1.0}};{'d0': 0.02490583292115378};-276.475521882637;34.57425622898636
29358;-103.663504712332;((_a0_ * x) * ((_a3_ / pow2(_a6_)) + pow2((_a2_ + x))));{'d0': {'_a0_': 3.3767608767776736, '_a2_': 0.31192970777256074, '_a3_': 2588.8465483978316, '_a6_': -77.73788440139886, '_a1_': 1.0, '_a4_': 1.0, '_a5_': 1.0, '_a7_': 1.0}};{'d0': 0.02490583292115378};-276.475521882637;34.57425622898636
29359;-103.663504712332;((_a0_ * x) * ((_a3_ / pow2(_a6_)) + pow2((_a2_ + x))));{'d0': {'_a0_': 3.3767608767776736, '_a2_': 0.31192970777256074, '_a3_': 2588.8465483978316, '_a6_': -77.73788440139886, '_a1_': 1.0, '_a4_': 1.0, '_a5_': 1.0, '_a7_': 1.0}};{'d0': 0.02490583292115378};-276.475521882637;34.57425622898636
29360;-103.663504712332;((_a0_ * x) * ((_a3_ / pow2(_a6_)) + pow2((_a2_ + x))));{'d0': {'_a0_': 3.3767608767776736, '_a2_': 0.31192970777256074, '_a3_': 2588.8465483978316, '_a6_': -77.73788440139886, '_a1_': 1.0, '_a4_': 1.0, '_a5_': 1.0, '_a7_': 1.0}};{'d0': 0.02490583292115378};-276.475521882637;34.57425622898636
29361;-103.663504712332;((_a0_ * x) * ((_a3_ / pow2(_a6_)) + pow2((_a2_ + x))));{'d0': {'_a0_': 3.3767608767776736, '_a2_': 0.31192970777256074, '_a3_': 2588.8465483978316, '_a6_': -77.73788440139886, '_a1_': 1.0, '_a4_': 1.0, '_a5_': 1.0, '_a7_': 1.0}};{'d0': 0.02490583292115378};-276.475521882637;34.57425622898636
29362;-103.663504712332;((_a0_ * x) * ((_a3_ / pow2(_a6_)) + pow2((_a2_ + x))));{'d0': {'_a0_': 3.3767608767776736, '_a2_': 0.31192970777256074, '_a3_': 2588.8465483978316, '_a6_': -77.73788440139886, '_a1_': 1.0, '_a4_': 1.0, '_a5_': 1.0, '_a7_': 1.0}};{'d0': 0.02490583292115378};-276.475521882637;34.57425622898636
29363;-103.663504712332;((_a0_ * x) * ((_a3_ / pow2(_a6_)) + pow2((_a2_ + x))));{'d0': {'_a0_': 3.3767608767776736, '_a2_': 0.31192970777256074, '_a3_': 2588.8465483978316, '_a6_': -77.73788440139886, '_a1_': 1.0, '_a4_': 1.0, '_a5_': 1.0, '_a7_': 1.0}};{'d0': 0.02490583292115378};-276.475521882637;34.57425622898636
29364;-103.663504712332;((_a0_ * x) * ((_a3_ / pow2(_a6_)) + pow2((_a2_ + x))));{'d0': {'_a0_': 3.3767608767776736, '_a2_': 0.31192970777256074, '_a3_': 2588.8465483978316, '_a6_': -77.73788440139886, '_a1_': 1.0, '_a4_': 1.0, '_a5_': 1.0, '_a7_': 1.0}};{'d0': 0.02490583292115378};-276.475521882637;34.57425622898636
29365;-103.663504712332;((_a0_ * x) * ((_a3_ / pow2(_a6_)) + pow2((_a2_ + x))));{'d0': {'_a0_': 3.3767608767776736, '_a2_': 0.31192970777256074, '_a3_': 2588.8465483978316, '_a6_': -77.73788440139886, '_a1_': 1.0, '_a4_': 1.0, '_a5_': 1.0, '_a7_': 1.0}};{'d0': 0.02490583292115378};-276.475521882637;34.57425622898636
29366;-103.663504712332;((_a0_ * x) * ((_a3_ / pow2(_a6_)) + pow2((_a2_ + x))));{'d0': {'_a0_': 3.3767608767776736, '_a2_': 0.31192970777256074, '_a3_': 2588.8465483978316, '_a6_': -77.73788440139886, '_a1_': 1.0, '_a4_': 1.0, '_a5_': 1.0, '_a7_': 1.0}};{'d0': 0.02490583292115378};-276.475521882637;34.57425622898636
29367;-103.663504712332;((_a0_ * x) * ((_a3_ / pow2(_a6_)) + pow2((_a2_ + x))));{'d0': {'_a0_': 3.3767608767776736, '_a2_': 0.31192970777256074, '_a3_': 2588.8465483978316, '_a6_': -77.73788440139886, '_a1_': 1.0, '_a4_': 1.0, '_a5_': 1.0, '_a7_': 1.0}};{'d0': 0.02490583292115378};-276.475521882637;34.57425622898636
29368;-103.663504712332;((_a0_ * x) * ((_a3_ / pow2(_a6_)) + pow2((_a2_ + x))));{'d0': {'_a0_': 3.3767608767776736, '_a2_': 0.31192970777256074, '_a3_': 2588.8465483978316, '_a6_': -77.73788440139886, '_a1_': 1.0, '_a4_': 1.0, '_a5_': 1.0, '_a7_': 1.0}};{'d0': 0.02490583292115378};-276.475521882637;34.57425622898636
29369;-103.663504712332;((_a0_ * x) * ((_a3_ / pow2(_a6_)) + pow2((_a2_ + x))));{'d0': {'_a0_': 3.3767608767776736, '_a2_': 0.31192970777256074, '_a3_': 2588.8465483978316, '_a6_': -77.73788440139886, '_a1_': 1.0, '_a4_': 1.0, '_a5_': 1.0, '_a7_': 1.0}};{'d0': 0.02490583292115378};-276.475521882637;34.57425622898636
29370;-103.663504712332;((_a0_ * x) * ((_a3_ / pow2(_a6_)) + pow2((_a2_ + x))));{'d0': {'_a0_': 3.3767608767776736, '_a2_': 0.31192970777256074, '_a3_': 2588.8465483978316, '_a6_': -77.73788440139886, '_a1_': 1.0, '_a4_': 1.0, '_a5_': 1.0, '_a7_': 1.0}};{'d0': 0.02490583292115378};-276.475521882637;34.57425622898636
29371;-94.4402824091470;((x * (_a7_ * ((_a6_ * _a6_) + x))) + (x * (_a5_ * pow2((_a7_ + x)))));{'d0': {'_a5_': 3.3767608781036746, '_a6_': 2.369810274310803, '_a7_': 0.27169899491758287, '_a0_': 1.0, '_a1_': 1.0, '_a2_': 1.0, '_a3_': 1.0, '_a4_': 1.0}};{'d0': 0.024905832919416636};-280.569866449044;45.84465081537491
29372;-94.4402824091470;((x * (_a7_ * ((_a6_ * _a6_) + x))) + (x * (_a5_ * pow2((_a7_ + x)))));{'d0': {'_a5_': 3.3767608781036746, '_a6_': 2.369810274310803, '_a7_': 0.27169899491758287, '_a0_': 1.0, '_a1_': 1.0, '_a2_': 1.0, '_a3_': 1.0, '_a4_': 1.0}};{'d0': 0.024905832919416636};-280.569866449044;45.84465081537491
29373;-94.4402824091470;((x * (_a7_ * ((_a6_ * _a6_) + x))) + (x * (_a5_ * pow2((_a7_ + x)))));{'d0': {'_a5_': 3.3767608781036746, '_a6_': 2.369810274310803, '_a7_': 0.27169899491758287, '_a0_': 1.0, '_a1_': 1.0, '_a2_': 1.0, '_a3_': 1.0, '_a4_': 1.0}};{'d0': 0.024905832919416636};-280.569866449044;45.84465081537491
29374;-94.4402824091470;((x * (_a5_ * ((_a6_ * _a6_) + x))) + (x * (_a5_ * pow2((_a7_ + x)))));{'d0': {'_a5_': 3.3767608779749083, '_a6_': 0.7002294883931213, '_a7_': -0.18807029175317505, '_a0_': 1.0, '_a1_': 1.0, '_a2_': 1.0, '_a3_': 1.0, '_a4_': 1.0}};{'d0': 0.02490583291941664};-280.569866449044;45.84465081537491
29375;-94.4402824091469;((x * (_a5_ * ((_a6_ * _a6_) + _a7_))) + (x * (_a5_ * pow2((_a7_ + x)))));{'d0': {'_a5_': 3.3767608794617945, '_a6_': 0.3412651763717087, '_a7_': 0.3119297077546191, '_a0_': 1.0, '_a1_': 1.0, '_a2_': 1.0, '_a3_': 1.0, '_a4_': 1.0}};{'d0': 0.024905832919416677};-280.569866449043;45.84465081537491
29376;-94.4402824091469;((x * (_a5_ * ((_a6_ * _a6_) + _a7_))) + (x * (_a5_ * pow2((_a7_ + x)))));{'d0': {'_a5_': 3.3767608794617945, '_a6_': 0.3412651763717087, '_a7_': 0.3119297077546191, '_a0_': 1.0, '_a1_': 1.0, '_a2_': 1.0, '_a3_': 1.0, '_a4_': 1.0}};{'d0': 0.024905832919416677};-280.569866449043;45.84465081537491
29377;-94.4402824091469;((x * (_a5_ * ((_a6_ * _a6_) + _a7_))) + (x * (_a5_ * pow2((_a7_ + x)))));{'d0': {'_a5_': 3.3767608794617945, '_a6_': 0.3412651763717087, '_a7_': 0.3119297077546191, '_a0_': 1.0, '_a1_': 1.0, '_a2_': 1.0, '_a3_': 1.0, '_a4_': 1.0}};{'d0': 0.024905832919416677};-280.569866449043;45.84465081537491
29378;-94.4402824091469;((x * (_a5_ * ((_a6_ * _a6_) + _a7_))) + (x * (_a5_ * pow2((_a7_ + x)))));{'d0': {'_a5_': 3.3767608794617945, '_a6_': 0.3412651763717087, '_a7_': 0.3119297077546191, '_a0_': 1.0, '_a1_': 1.0, '_a2_': 1.0, '_a3_': 1.0, '_a4_': 1.0}};{'d0': 0.024905832919416677};-280.569866449043;45.84465081537491
29379;-105.710676995535;((_a0_ * x) * ((_a0_ / pow2(_a6_)) + pow2((_a2_ + x))));{'d0': {'_a0_': 3.376760878398284, '_a2_': 0.31192970773776185, '_a6_': -2.807564009375307, '_a1_': 1.0, '_a3_': 1.0, '_a4_': 1.0, '_a5_': 1.0, '_a7_': 1.0}};{'d0': 0.024905832919416653};-280.569866449044;34.57425622898636
29380;-105.710676995535;((_a0_ * x) * ((_a0_ / pow2(_a6_)) + pow2((_a2_ + x))));{'d0': {'_a0_': 3.376760878398284, '_a2_': 0.31192970773776185, '_a6_': -2.807564009375307, '_a1_': 1.0, '_a3_': 1.0, '_a4_': 1.0, '_a5_': 1.0, '_a7_': 1.0}};{'d0': 0.024905832919416653};-280.569866449044;34.57425622898636
29381;-105.710676995535;((_a0_ * x) * ((_a0_ / pow2(_a6_)) + pow2((_a2_ + x))));{'d0': {'_a0_': 3.376760878398284, '_a2_': 0.31192970773776185, '_a6_': -2.807564009375307, '_a1_': 1.0, '_a3_': 1.0, '_a4_': 1.0, '_a5_': 1.0, '_a7_': 1.0}};{'d0': 0.024905832919416653};-280.569866449044;34.57425622898636
29382;-105.710676995535;((_a0_ * x) * ((_a0_ / pow2(_a6_)) + pow2((_a2_ + x))));{'d0': {'_a0_': 3.376760878398284, '_a2_': 0.31192970773776185, '_a6_': -2.807564009375307, '_a1_': 1.0, '_a3_': 1.0, '_a4_': 1.0, '_a5_': 1.0, '_a7_': 1.0}};{'d0': 0.024905832919416653};-280.569866449044;34.57425622898636
29383;-105.710676995535;((_a0_ * x) * ((_a0_ / pow2(_a6_)) + pow2((_a2_ + x))));{'d0': {'_a0_': 3.376760878398284, '_a2_': 0.31192970773776185, '_a6_': -2.807564009375307, '_a1_': 1.0, '_a3_': 1.0, '_a4_': 1.0, '_a5_': 1.0, '_a7_': 1.0}};{'d0': 0.024905832919416653};-280.569866449044;34.57425622898636
29384;-105.710676995535;((_a0_ * x) * ((_a0_ / pow2(_a6_)) + pow2((_a2_ + x))));{'d0': {'_a0_': 3.376760878398284, '_a2_': 0.31192970773776185, '_a6_': -2.807564009375307, '_a1_': 1.0, '_a3_': 1.0, '_a4_': 1.0, '_a5_': 1.0, '_a7_': 1.0}};{'d0': 0.024905832919416653};-280.569866449044;34.57425622898636
29385;-105.710676995535;((_a0_ * x) * ((_a0_ / pow2(_a6_)) + pow2((_a2_ + x))));{'d0': {'_a0_': 3.376760878398284, '_a2_': 0.31192970773776185, '_a6_': -2.807564009375307, '_a1_': 1.0, '_a3_': 1.0, '_a4_': 1.0, '_a5_': 1.0, '_a7_': 1.0}};{'d0': 0.024905832919416653};-280.569866449044;34.57425622898636
29386;-105.710676995535;((_a0_ * x) * ((_a0_ / pow2(_a6_)) + pow2((_a2_ + x))));{'d0': {'_a0_': 3.376760878398284, '_a2_': 0.31192970773776185, '_a6_': -2.807564009375307, '_a1_': 1.0, '_a3_': 1.0, '_a4_': 1.0, '_a5_': 1.0, '_a7_': 1.0}};{'d0': 0.024905832919416653};-280.569866449044;34.57425622898636
29387;-105.710676995535;((_a0_ * x) * ((_a0_ / pow2(_a6_)) + pow2((_a2_ + x))));{'d0': {'_a0_': 3.376760878398284, '_a2_': 0.31192970773776185, '_a6_': -2.807564009375307, '_a1_': 1.0, '_a3_': 1.0, '_a4_': 1.0, '_a5_': 1.0, '_a7_': 1.0}};{'d0': 0.024905832919416653};-280.569866449044;34.57425622898636
29388;-105.710676995535;((_a0_ * x) * ((_a0_ / pow2(_a6_)) + pow2((_a2_ + x))));{'d0': {'_a0_': 3.376760878398284, '_a2_': 0.31192970773776185, '_a6_': -2.807564009375307, '_a1_': 1.0, '_a3_': 1.0, '_a4_': 1.0, '_a5_': 1.0, '_a7_': 1.0}};{'d0': 0.024905832919416653};-280.569866449044;34.57425622898636
29389;-94.4402824091469;((x * (_a5_ * ((_a6_ * _a6_) + _a7_))) + (x * (_a5_ * pow2((_a7_ + x)))));{'d0': {'_a5_': 3.3767608794617945, '_a6_': 0.3412651763717087, '_a7_': 0.3119297077546191, '_a0_': 1.0, '_a1_': 1.0, '_a2_': 1.0, '_a3_': 1.0, '_a4_': 1.0}};{'d0': 0.024905832919416677};-280.569866449043;45.84465081537491
29390;-94.4402824091469;((x * (_a5_ * ((_a6_ * _a6_) + _a7_))) + (x * (_a5_ * pow2((_a7_ + x)))));{'d0': {'_a5_': 3.3767608794617945, '_a6_': 0.3412651763717087, '_a7_': 0.3119297077546191, '_a0_': 1.0, '_a1_': 1.0, '_a2_': 1.0, '_a3_': 1.0, '_a4_': 1.0}};{'d0': 0.024905832919416677};-280.569866449043;45.84465081537491
29391;-94.4402824091469;((x * (_a5_ * ((_a6_ * _a6_) + _a7_))) + (x * (_a5_ * pow2((_a7_ + x)))));{'d0': {'_a5_': 3.3767608794617945, '_a6_': 0.3412651763717087, '_a7_': 0.3119297077546191, '_a0_': 1.0, '_a1_': 1.0, '_a2_': 1.0, '_a3_': 1.0, '_a4_': 1.0}};{'d0': 0.024905832919416677};-280.569866449043;45.84465081537491
29392;-94.4402824091469;((x * (_a5_ * ((_a6_ * _a6_) + _a7_))) + (x * (_a5_ * pow2((_a7_ + x)))));{'d0': {'_a5_': 3.3767608794617945, '_a6_': 0.3412651763717087, '_a7_': 0.3119297077546191, '_a0_': 1.0, '_a1_': 1.0, '_a2_': 1.0, '_a3_': 1.0, '_a4_': 1.0}};{'d0': 0.024905832919416677};-280.569866449043;45.84465081537491
29393;-94.4402824091469;((x * (_a5_ * ((_a6_ * _a6_) + _a7_))) + (x * (_a5_ * pow2((_a7_ + x)))));{'d0': {'_a5_': 3.3767608794617945, '_a6_': 0.3412651763717087, '_a7_': 0.3119297077546191, '_a0_': 1.0, '_a1_': 1.0, '_a2_': 1.0, '_a3_': 1.0, '_a4_': 1.0}};{'d0': 0.024905832919416677};-280.569866449043;45.84465081537491
29394;-94.4402824091469;((x * (_a5_ * ((_a6_ * _a6_) + _a7_))) + (x * (_a5_ * pow2((_a7_ + x)))));{'d0': {'_a5_': 3.3767608794617945, '_a6_': 0.3412651763717087, '_a7_': 0.3119297077546191, '_a0_': 1.0, '_a1_': 1.0, '_a2_': 1.0, '_a3_': 1.0, '_a4_': 1.0}};{'d0': 0.024905832919416677};-280.569866449043;45.84465081537491
29395;-94.4402824091469;((x * (_a5_ * ((_a6_ * _a6_) + _a7_))) + (x * (_a5_ * pow2((_a7_ + x)))));{'d0': {'_a5_': 3.3767608794617945, '_a6_': 0.3412651763717087, '_a7_': 0.3119297077546191, '_a0_': 1.0, '_a1_': 1.0, '_a2_': 1.0, '_a3_': 1.0, '_a4_': 1.0}};{'d0': 0.024905832919416677};-280.569866449043;45.84465081537491
29396;-94.4402824091469;((x * (_a5_ * ((_a6_ * _a6_) + _a7_))) + (x * (_a5_ * pow2((_a7_ + x)))));{'d0': {'_a5_': 3.3767608794617945, '_a6_': 0.3412651763717087, '_a7_': 0.3119297077546191, '_a0_': 1.0, '_a1_': 1.0, '_a2_': 1.0, '_a3_': 1.0, '_a4_': 1.0}};{'d0': 0.024905832919416677};-280.569866449043;45.84465081537491
29397;-92.3931101275789;((x * (_a5_ * ((_a6_ * _a6_) + _a3_))) + (x * (_a5_ * pow2((_a7_ + x)))));{'d0': {'_a3_': 0.42830756830397365, '_a5_': 3.3767608753473652, '_a6_': -0.009170967299566854, '_a7_': 0.3119297078325903, '_a0_': 1.0, '_a1_': 1.0, '_a2_': 1.0, '_a4_': 1.0}};{'d0': 0.02490583291979606};-276.475521885907;45.84465081537491
29398;-92.3931101275789;((x * (_a5_ * ((_a6_ * _a6_) + _a3_))) + (x * (_a5_ * pow2((_a7_ + x)))));{'d0': {'_a3_': 0.42830756830397365, '_a5_': 3.3767608753473652, '_a6_': -0.009170967299566854, '_a7_': 0.3119297078325903, '_a0_': 1.0, '_a1_': 1.0, '_a2_': 1.0, '_a4_': 1.0}};{'d0': 0.02490583291979606};-276.475521885907;45.84465081537491
29399;-92.3931101275789;((x * (_a5_ * ((_a6_ * _a6_) + _a3_))) + (x * (_a5_ * pow2((_a7_ + x)))));{'d0': {'_a3_': 0.42830756830397365, '_a5_': 3.3767608753473652, '_a6_': -0.009170967299566854, '_a7_': 0.3119297078325903, '_a0_': 1.0, '_a1_': 1.0, '_a2_': 1.0, '_a4_': 1.0}};{'d0': 0.02490583291979606};-276.475521885907;45.84465081537491
29400;-92.3931101275789;((x * (_a5_ * ((_a6_ * _a6_) + _a3_))) + (x * (_a5_ * pow2((_a7_ + x)))));{'d0': {'_a3_': 0.42830756830397365, '_a5_': 3.3767608753473652, '_a6_': -0.009170967299566854, '_a7_': 0.3119297078325903, '_a0_': 1.0, '_a1_': 1.0, '_a2_': 1.0, '_a4_': 1.0}};{'d0': 0.02490583291979606};-276.475521885907;45.84465081537491
29401;-92.3931101275789;((x * (_a5_ * ((_a6_ * _a6_) + _a3_))) + (x * (_a5_ * pow2((_a7_ + x)))));{'d0': {'_a3_': 0.42830756830397365, '_a5_': 3.3767608753473652, '_a6_': -0.009170967299566854, '_a7_': 0.3119297078325903, '_a0_': 1.0, '_a1_': 1.0, '_a2_': 1.0, '_a4_': 1.0}};{'d0': 0.02490583291979606};-276.475521885907;45.84465081537491
29402;-92.3931101275789;((x * (_a5_ * ((_a6_ * _a6_) + _a3_))) + (x * (_a5_ * pow2((_a7_ + x)))));{'d0': {'_a3_': 0.42830756830397365, '_a5_': 3.3767608753473652, '_a6_': -0.009170967299566854, '_a7_': 0.3119297078325903, '_a0_': 1.0, '_a1_': 1.0, '_a2_': 1.0, '_a4_': 1.0}};{'d0': 0.02490583291979606};-276.475521885907;45.84465081537491
29403;-92.3931101275789;((x * (_a5_ * ((_a6_ * _a6_) + _a3_))) + (x * (_a5_ * pow2((_a7_ + x)))));{'d0': {'_a3_': 0.42830756830397365, '_a5_': 3.3767608753473652, '_a6_': -0.009170967299566854, '_a7_': 0.3119297078325903, '_a0_': 1.0, '_a1_': 1.0, '_a2_': 1.0, '_a4_': 1.0}};{'d0': 0.02490583291979606};-276.475521885907;45.84465081537491
29404;-92.3931101275789;((x * (_a5_ * ((_a6_ * _a6_) + _a3_))) + (x * (_a5_ * pow2((_a7_ + x)))));{'d0': {'_a3_': 0.42830756830397365, '_a5_': 3.3767608753473652, '_a6_': -0.009170967299566854, '_a7_': 0.3119297078325903, '_a0_': 1.0, '_a1_': 1.0, '_a2_': 1.0, '_a4_': 1.0}};{'d0': 0.02490583291979606};-276.475521885907;45.84465081537491
29405;-105.710676995535;((_a0_ * x) * ((_a0_ / pow2(_a6_)) + pow2((_a2_ + x))));{'d0': {'_a0_': 3.376760878398284, '_a2_': 0.31192970773776185, '_a6_': -2.807564009375307, '_a1_': 1.0, '_a3_': 1.0, '_a4_': 1.0, '_a5_': 1.0, '_a7_': 1.0}};{'d0': 0.024905832919416653};-280.569866449044;34.57425622898636
29406;-105.710676995535;((_a0_ * x) * ((_a0_ / pow2(_a6_)) + pow2((_a2_ + x))));{'d0': {'_a0_': 3.376760878398284, '_a2_': 0.31192970773776185, '_a6_': -2.807564009375307, '_a1_': 1.0, '_a3_': 1.0, '_a4_': 1.0, '_a5_': 1.0, '_a7_': 1.0}};{'d0': 0.024905832919416653};-280.569866449044;34.57425622898636
29407;-105.710676995535;((_a0_ * x) * ((_a0_ / pow2(_a6_)) + pow2((_a2_ + x))));{'d0': {'_a0_': 3.376760878398284, '_a2_': 0.31192970773776185, '_a6_': -2.807564009375307, '_a1_': 1.0, '_a3_': 1.0, '_a4_': 1.0, '_a5_': 1.0, '_a7_': 1.0}};{'d0': 0.024905832919416653};-280.569866449044;34.57425622898636
29408;-105.710676995535;((_a0_ * x) * ((_a0_ / pow2(_a6_)) + pow2((_a2_ + x))));{'d0': {'_a0_': 3.376760878398284, '_a2_': 0.31192970773776185, '_a6_': -2.807564009375307, '_a1_': 1.0, '_a3_': 1.0, '_a4_': 1.0, '_a5_': 1.0, '_a7_': 1.0}};{'d0': 0.024905832919416653};-280.569866449044;34.57425622898636
29409;-105.710676995535;((_a0_ * x) * ((_a0_ / pow2(_a6_)) + pow2((_a2_ + x))));{'d0': {'_a0_': 3.376760878398284, '_a2_': 0.31192970773776185, '_a6_': -2.807564009375307, '_a1_': 1.0, '_a3_': 1.0, '_a4_': 1.0, '_a5_': 1.0, '_a7_': 1.0}};{'d0': 0.024905832919416653};-280.569866449044;34.57425622898636
29410;-105.710676995535;((_a0_ * x) * ((_a0_ / pow2(_a6_)) + pow2((_a2_ + x))));{'d0': {'_a0_': 3.376760878398284, '_a2_': 0.31192970773776185, '_a6_': -2.807564009375307, '_a1_': 1.0, '_a3_': 1.0, '_a4_': 1.0, '_a5_': 1.0, '_a7_': 1.0}};{'d0': 0.024905832919416653};-280.569866449044;34.57425622898636
29411;-105.710676995535;((_a0_ * x) * ((_a0_ / pow2(_a6_)) + pow2((_a2_ + x))));{'d0': {'_a0_': 3.376760878398284, '_a2_': 0.31192970773776185, '_a6_': -2.807564009375307, '_a1_': 1.0, '_a3_': 1.0, '_a4_': 1.0, '_a5_': 1.0, '_a7_': 1.0}};{'d0': 0.024905832919416653};-280.569866449044;34.57425622898636
29412;-96.3540476093842;(((-(_a5_) * (x * (_a5_ * (exp(_a4_) + x)))) + _a0_) * -(x));{'d0': {'_a0_': -1.7751354039198972, '_a4_': -0.47183023183601824, '_a5_': -1.8375964949397725, '_a1_': 1.0, '_a2_': 1.0, '_a3_': 1.0, '_a6_': 1.0, '_a7_': 1.0}};{'d0': 0.02490583291941657};-280.569866449044;43.93088561513769
29413;-96.3540476093842;(((-(_a5_) * (x * (_a5_ * (exp(_a4_) + x)))) + _a0_) * -(x));{'d0': {'_a0_': -1.7751354039198972, '_a4_': -0.47183023183601824, '_a5_': -1.8375964949397725, '_a1_': 1.0, '_a2_': 1.0, '_a3_': 1.0, '_a6_': 1.0, '_a7_': 1.0}};{'d0': 0.02490583291941657};-280.569866449044;43.93088561513769
29414;-96.3540476093842;(((-(_a5_) * (x * (_a5_ * (exp(_a4_) + x)))) + _a0_) * -(x));{'d0': {'_a0_': -1.7751354039198972, '_a4_': -0.47183023183601824, '_a5_': -1.8375964949397725, '_a1_': 1.0, '_a2_': 1.0, '_a3_': 1.0, '_a6_': 1.0, '_a7_': 1.0}};{'d0': 0.02490583291941657};-280.569866449044;43.93088561513769
29415;-96.3540476093842;(((-(_a5_) * (x * (_a5_ * (exp(_a4_) + x)))) + _a0_) * -(x));{'d0': {'_a0_': -1.7751354039198972, '_a4_': -0.47183023183601824, '_a5_': -1.8375964949397725, '_a1_': 1.0, '_a2_': 1.0, '_a3_': 1.0, '_a6_': 1.0, '_a7_': 1.0}};{'d0': 0.02490583291941657};-280.569866449044;43.93088561513769
29416;-96.3540476093842;(((-(_a5_) * (x * (_a5_ * (exp(_a4_) + x)))) + _a0_) * -(x));{'d0': {'_a0_': -1.7751354039198972, '_a4_': -0.47183023183601824, '_a5_': -1.8375964949397725, '_a1_': 1.0, '_a2_': 1.0, '_a3_': 1.0, '_a6_': 1.0, '_a7_': 1.0}};{'d0': 0.02490583291941657};-280.569866449044;43.93088561513769
29417;-96.3540476093842;(((-(_a5_) * (x * (_a5_ * (exp(_a4_) + x)))) + _a0_) * -(x));{'d0': {'_a0_': -1.7751354039198972, '_a4_': -0.47183023183601824, '_a5_': -1.8375964949397725, '_a1_': 1.0, '_a2_': 1.0, '_a3_': 1.0, '_a6_': 1.0, '_a7_': 1.0}};{'d0': 0.02490583291941657};-280.569866449044;43.93088561513769
29418;-96.3540476093842;(((-(_a5_) * (x * (_a5_ * (exp(_a4_) + x)))) + _a0_) * -(x));{'d0': {'_a0_': -1.7751354039198972, '_a4_': -0.47183023183601824, '_a5_': -1.8375964949397725, '_a1_': 1.0, '_a2_': 1.0, '_a3_': 1.0, '_a6_': 1.0, '_a7_': 1.0}};{'d0': 0.02490583291941657};-280.569866449044;43.93088561513769
29419;-96.3540476093842;(((-(_a5_) * (x * (_a5_ * (exp(_a4_) + x)))) + _a0_) * -(x));{'d0': {'_a0_': -1.7751354039198972, '_a4_': -0.47183023183601824, '_a5_': -1.8375964949397725, '_a1_': 1.0, '_a2_': 1.0, '_a3_': 1.0, '_a6_': 1.0, '_a7_': 1.0}};{'d0': 0.02490583291941657};-280.569866449044;43.93088561513769
29420;-96.3540476093842;(((-(_a5_) * (x * (_a5_ * (exp(_a4_) + x)))) + _a0_) * -(x));{'d0': {'_a0_': -1.7751354039198972, '_a4_': -0.47183023183601824, '_a5_': -1.8375964949397725, '_a1_': 1.0, '_a2_': 1.0, '_a3_': 1.0, '_a6_': 1.0, '_a7_': 1.0}};{'d0': 0.02490583291941657};-280.569866449044;43.93088561513769
29421;-96.3540476093842;(((-(_a5_) * (x * (_a5_ * (exp(_a4_) + x)))) + _a0_) * -(x));{'d0': {'_a0_': -1.7751354039198972, '_a4_': -0.47183023183601824, '_a5_': -1.8375964949397725, '_a1_': 1.0, '_a2_': 1.0, '_a3_': 1.0, '_a6_': 1.0, '_a7_': 1.0}};{'d0': 0.02490583291941657};-280.569866449044;43.93088561513769
29422;-96.3540476093842;(((-(_a5_) * (x * (_a5_ * (exp(_a4_) + x)))) + _a0_) * -(x));{'d0': {'_a0_': -1.7751354039198972, '_a4_': -0.47183023183601824, '_a5_': -1.8375964949397725, '_a1_': 1.0, '_a2_': 1.0, '_a3_': 1.0, '_a6_': 1.0, '_a7_': 1.0}};{'d0': 0.02490583291941657};-280.569866449044;43.93088561513769
29423;-105.710676995535;((_a0_ * x) * ((_a0_ / pow2(_a6_)) + pow2((_a2_ + x))));{'d0': {'_a0_': 3.376760878398284, '_a2_': 0.31192970773776185, '_a6_': -2.807564009375307, '_a1_': 1.0, '_a3_': 1.0, '_a4_': 1.0, '_a5_': 1.0, '_a7_': 1.0}};{'d0': 0.024905832919416653};-280.569866449044;34.57425622898636
29424;-105.710676995535;((_a0_ * x) * ((_a0_ / pow2(_a6_)) + pow2((_a2_ + x))));{'d0': {'_a0_': 3.376760878398284, '_a2_': 0.31192970773776185, '_a6_': -2.807564009375307, '_a1_': 1.0, '_a3_': 1.0, '_a4_': 1.0, '_a5_': 1.0, '_a7_': 1.0}};{'d0': 0.024905832919416653};-280.569866449044;34.57425622898636
29425;-105.710676995535;((_a0_ * x) * ((_a0_ / pow2(_a6_)) + pow2((_a2_ + x))));{'d0': {'_a0_': 3.376760878398284, '_a2_': 0.31192970773776185, '_a6_': -2.807564009375307, '_a1_': 1.0, '_a3_': 1.0, '_a4_': 1.0, '_a5_': 1.0, '_a7_': 1.0}};{'d0': 0.024905832919416653};-280.569866449044;34.57425622898636
29426;-105.710676995535;((_a0_ * x) * ((_a0_ / pow2(_a6_)) + pow2((_a2_ + x))));{'d0': {'_a0_': 3.376760878398284, '_a2_': 0.31192970773776185, '_a6_': -2.807564009375307, '_a1_': 1.0, '_a3_': 1.0, '_a4_': 1.0, '_a5_': 1.0, '_a7_': 1.0}};{'d0': 0.024905832919416653};-280.569866449044;34.57425622898636
29427;-105.710676995535;((_a0_ * x) * ((_a0_ / pow2(_a6_)) + pow2((_a2_ + x))));{'d0': {'_a0_': 3.376760878398284, '_a2_': 0.31192970773776185, '_a6_': -2.807564009375307, '_a1_': 1.0, '_a3_': 1.0, '_a4_': 1.0, '_a5_': 1.0, '_a7_': 1.0}};{'d0': 0.024905832919416653};-280.569866449044;34.57425622898636
29428;-105.710676995535;((_a0_ * x) * ((_a0_ / pow2(_a6_)) + pow2((_a2_ + x))));{'d0': {'_a0_': 3.376760878398284, '_a2_': 0.31192970773776185, '_a6_': -2.807564009375307, '_a1_': 1.0, '_a3_': 1.0, '_a4_': 1.0, '_a5_': 1.0, '_a7_': 1.0}};{'d0': 0.024905832919416653};-280.569866449044;34.57425622898636
29429;-105.710676995535;((_a0_ * x) * ((_a0_ / pow2(_a6_)) + pow2((_a2_ + x))));{'d0': {'_a0_': 3.376760878398284, '_a2_': 0.31192970773776185, '_a6_': -2.807564009375307, '_a1_': 1.0, '_a3_': 1.0, '_a4_': 1.0, '_a5_': 1.0, '_a7_': 1.0}};{'d0': 0.024905832919416653};-280.569866449044;34.57425622898636
29430;-105.710676995535;((_a0_ * x) * ((_a0_ / pow2(_a6_)) + pow2((_a2_ + x))));{'d0': {'_a0_': 3.376760878398284, '_a2_': 0.31192970773776185, '_a6_': -2.807564009375307, '_a1_': 1.0, '_a3_': 1.0, '_a4_': 1.0, '_a5_': 1.0, '_a7_': 1.0}};{'d0': 0.024905832919416653};-280.569866449044;34.57425622898636
29431;-105.710676995535;((_a0_ * x) * ((_a0_ / pow2(_a6_)) + pow2((_a2_ + x))));{'d0': {'_a0_': 3.376760878398284, '_a2_': 0.31192970773776185, '_a6_': -2.807564009375307, '_a1_': 1.0, '_a3_': 1.0, '_a4_': 1.0, '_a5_': 1.0, '_a7_': 1.0}};{'d0': 0.024905832919416653};-280.569866449044;34.57425622898636
29432;-105.710676995535;((_a0_ * x) * ((_a0_ / pow2(_a6_)) + pow2((_a2_ + x))));{'d0': {'_a0_': 3.376760878398284, '_a2_': 0.31192970773776185, '_a6_': -2.807564009375307, '_a1_': 1.0, '_a3_': 1.0, '_a4_': 1.0, '_a5_': 1.0, '_a7_': 1.0}};{'d0': 0.024905832919416653};-280.569866449044;34.57425622898636
29433;-105.710676995535;((_a0_ * x) * ((_a0_ / pow2(_a6_)) + pow2((_a2_ + x))));{'d0': {'_a0_': 3.376760878398284, '_a2_': 0.31192970773776185, '_a6_': -2.807564009375307, '_a1_': 1.0, '_a3_': 1.0, '_a4_': 1.0, '_a5_': 1.0, '_a7_': 1.0}};{'d0': 0.024905832919416653};-280.569866449044;34.57425622898636
29434;-105.710676995535;((_a0_ * x) * ((_a0_ / pow2(_a6_)) + pow2((_a2_ + x))));{'d0': {'_a0_': 3.376760878398284, '_a2_': 0.31192970773776185, '_a6_': -2.807564009375307, '_a1_': 1.0, '_a3_': 1.0, '_a4_': 1.0, '_a5_': 1.0, '_a7_': 1.0}};{'d0': 0.024905832919416653};-280.569866449044;34.57425622898636
29435;-105.710676995535;((_a0_ * x) * ((_a0_ / pow2(_a6_)) + pow2((_a2_ + x))));{'d0': {'_a0_': 3.376760878398284, '_a2_': 0.31192970773776185, '_a6_': -2.807564009375307, '_a1_': 1.0, '_a3_': 1.0, '_a4_': 1.0, '_a5_': 1.0, '_a7_': 1.0}};{'d0': 0.024905832919416653};-280.569866449044;34.57425622898636
29436;-105.710676995535;((_a0_ * x) * ((_a0_ / pow2(_a6_)) + pow2((_a2_ + x))));{'d0': {'_a0_': 3.376760878398284, '_a2_': 0.31192970773776185, '_a6_': -2.807564009375307, '_a1_': 1.0, '_a3_': 1.0, '_a4_': 1.0, '_a5_': 1.0, '_a7_': 1.0}};{'d0': 0.024905832919416653};-280.569866449044;34.57425622898636
29437;-105.710676995535;((_a0_ * x) * ((_a0_ / pow2(_a6_)) + pow2((_a2_ + x))));{'d0': {'_a0_': 3.376760878398284, '_a2_': 0.31192970773776185, '_a6_': -2.807564009375307, '_a1_': 1.0, '_a3_': 1.0, '_a4_': 1.0, '_a5_': 1.0, '_a7_': 1.0}};{'d0': 0.024905832919416653};-280.569866449044;34.57425622898636
29438;-105.710676995535;((_a0_ * x) * ((_a0_ / pow2(_a6_)) + pow2((_a2_ + x))));{'d0': {'_a0_': 3.376760878398284, '_a2_': 0.31192970773776185, '_a6_': -2.807564009375307, '_a1_': 1.0, '_a3_': 1.0, '_a4_': 1.0, '_a5_': 1.0, '_a7_': 1.0}};{'d0': 0.024905832919416653};-280.569866449044;34.57425622898636
29439;-105.710676995535;((_a0_ * x) * ((_a0_ / pow2(_a6_)) + pow2((_a2_ + x))));{'d0': {'_a0_': 3.376760878398284, '_a2_': 0.31192970773776185, '_a6_': -2.807564009375307, '_a1_': 1.0, '_a3_': 1.0, '_a4_': 1.0, '_a5_': 1.0, '_a7_': 1.0}};{'d0': 0.024905832919416653};-280.569866449044;34.57425622898636
29440;-105.710676995535;((_a0_ * x) * ((_a0_ / pow2(_a6_)) + pow2((_a2_ + x))));{'d0': {'_a0_': 3.376760878398284, '_a2_': 0.31192970773776185, '_a6_': -2.807564009375307, '_a1_': 1.0, '_a3_': 1.0, '_a4_': 1.0, '_a5_': 1.0, '_a7_': 1.0}};{'d0': 0.024905832919416653};-280.569866449044;34.57425622898636
29441;-105.710676995535;((_a0_ * x) * ((_a0_ / pow2(_a6_)) + pow2((_a2_ + x))));{'d0': {'_a0_': 3.376760878398284, '_a2_': 0.31192970773776185, '_a6_': -2.807564009375307, '_a1_': 1.0, '_a3_': 1.0, '_a4_': 1.0, '_a5_': 1.0, '_a7_': 1.0}};{'d0': 0.024905832919416653};-280.569866449044;34.57425622898636
29442;-105.710676995535;((_a0_ * x) * ((_a0_ / pow2(_a6_)) + pow2((_a2_ + x))));{'d0': {'_a0_': 3.376760878398284, '_a2_': 0.31192970773776185, '_a6_': -2.807564009375307, '_a1_': 1.0, '_a3_': 1.0, '_a4_': 1.0, '_a5_': 1.0, '_a7_': 1.0}};{'d0': 0.024905832919416653};-280.569866449044;34.57425622898636
29443;-105.710676995535;((_a0_ * x) * ((_a0_ / pow2(_a6_)) + pow2((_a2_ + x))));{'d0': {'_a0_': 3.376760878398284, '_a2_': 0.31192970773776185, '_a6_': -2.807564009375307, '_a1_': 1.0, '_a3_': 1.0, '_a4_': 1.0, '_a5_': 1.0, '_a7_': 1.0}};{'d0': 0.024905832919416653};-280.569866449044;34.57425622898636
29444;-105.710676995535;((_a0_ * x) * ((_a0_ / pow2(_a6_)) + pow2((_a2_ + x))));{'d0': {'_a0_': 3.376760878398284, '_a2_': 0.31192970773776185, '_a6_': -2.807564009375307, '_a1_': 1.0, '_a3_': 1.0, '_a4_': 1.0, '_a5_': 1.0, '_a7_': 1.0}};{'d0': 0.024905832919416653};-280.569866449044;34.57425622898636
29445;-105.710676995535;((_a0_ * x) * ((_a0_ / pow2(_a6_)) + pow2((_a2_ + x))));{'d0': {'_a0_': 3.376760878398284, '_a2_': 0.31192970773776185, '_a6_': -2.807564009375307, '_a1_': 1.0, '_a3_': 1.0, '_a4_': 1.0, '_a5_': 1.0, '_a7_': 1.0}};{'d0': 0.024905832919416653};-280.569866449044;34.57425622898636
29446;-105.710676995535;((_a0_ * x) * ((_a0_ / pow2(_a6_)) + pow2((_a2_ + x))));{'d0': {'_a0_': 3.376760878398284, '_a2_': 0.31192970773776185, '_a6_': -2.807564009375307, '_a1_': 1.0, '_a3_': 1.0, '_a4_': 1.0, '_a5_': 1.0, '_a7_': 1.0}};{'d0': 0.024905832919416653};-280.569866449044;34.57425622898636
29447;-105.710676995535;((_a0_ * x) * ((_a0_ / pow2(_a6_)) + pow2((_a2_ + x))));{'d0': {'_a0_': 3.376760878398284, '_a2_': 0.31192970773776185, '_a6_': -2.807564009375307, '_a1_': 1.0, '_a3_': 1.0, '_a4_': 1.0, '_a5_': 1.0, '_a7_': 1.0}};{'d0': 0.024905832919416653};-280.569866449044;34.57425622898636
29448;-105.710676995535;((_a0_ * x) * ((_a0_ / pow2(_a6_)) + pow2((_a2_ + x))));{'d0': {'_a0_': 3.376760878398284, '_a2_': 0.31192970773776185, '_a6_': -2.807564009375307, '_a1_': 1.0, '_a3_': 1.0, '_a4_': 1.0, '_a5_': 1.0, '_a7_': 1.0}};{'d0': 0.024905832919416653};-280.569866449044;34.57425622898636
29449;-105.710676995535;((_a0_ * x) * ((_a0_ / pow2(_a6_)) + pow2((_a2_ + x))));{'d0': {'_a0_': 3.376760878398284, '_a2_': 0.31192970773776185, '_a6_': -2.807564009375307, '_a1_': 1.0, '_a3_': 1.0, '_a4_': 1.0, '_a5_': 1.0, '_a7_': 1.0}};{'d0': 0.024905832919416653};-280.569866449044;34.57425622898636
29450;-105.710676995535;((_a0_ * x) * ((_a0_ / pow2(_a6_)) + pow2((_a2_ + x))));{'d0': {'_a0_': 3.376760878398284, '_a2_': 0.31192970773776185, '_a6_': -2.807564009375307, '_a1_': 1.0, '_a3_': 1.0, '_a4_': 1.0, '_a5_': 1.0, '_a7_': 1.0}};{'d0': 0.024905832919416653};-280.569866449044;34.57425622898636
29451;-105.710676995535;((_a0_ * x) * ((_a0_ / pow2(_a6_)) + pow2((_a2_ + x))));{'d0': {'_a0_': 3.376760878398284, '_a2_': 0.31192970773776185, '_a6_': -2.807564009375307, '_a1_': 1.0, '_a3_': 1.0, '_a4_': 1.0, '_a5_': 1.0, '_a7_': 1.0}};{'d0': 0.024905832919416653};-280.569866449044;34.57425622898636
29452;-105.710676995535;((_a0_ * x) * ((_a0_ / pow2(_a6_)) + pow2((_a2_ + x))));{'d0': {'_a0_': 3.376760878398284, '_a2_': 0.31192970773776185, '_a6_': -2.807564009375307, '_a1_': 1.0, '_a3_': 1.0, '_a4_': 1.0, '_a5_': 1.0, '_a7_': 1.0}};{'d0': 0.024905832919416653};-280.569866449044;34.57425622898636
29453;-105.710676995535;((_a0_ * x) * ((_a0_ / pow2(_a6_)) + pow2((_a2_ + x))));{'d0': {'_a0_': 3.376760878398284, '_a2_': 0.31192970773776185, '_a6_': -2.807564009375307, '_a1_': 1.0, '_a3_': 1.0, '_a4_': 1.0, '_a5_': 1.0, '_a7_': 1.0}};{'d0': 0.024905832919416653};-280.569866449044;34.57425622898636
29454;-105.710676995535;((_a0_ * x) * ((_a0_ / pow2(_a6_)) + pow2((_a2_ + x))));{'d0': {'_a0_': 3.376760878398284, '_a2_': 0.31192970773776185, '_a6_': -2.807564009375307, '_a1_': 1.0, '_a3_': 1.0, '_a4_': 1.0, '_a5_': 1.0, '_a7_': 1.0}};{'d0': 0.024905832919416653};-280.569866449044;34.57425622898636
29455;-105.710676995535;((_a0_ * x) * ((_a0_ / pow2(_a6_)) + pow2((_a2_ + x))));{'d0': {'_a0_': 3.376760878398284, '_a2_': 0.31192970773776185, '_a6_': -2.807564009375307, '_a1_': 1.0, '_a3_': 1.0, '_a4_': 1.0, '_a5_': 1.0, '_a7_': 1.0}};{'d0': 0.024905832919416653};-280.569866449044;34.57425622898636
29456;-105.710676995535;((_a0_ * x) * ((_a0_ / pow2(_a6_)) + pow2((_a2_ + x))));{'d0': {'_a0_': 3.376760878398284, '_a2_': 0.31192970773776185, '_a6_': -2.807564009375307, '_a1_': 1.0, '_a3_': 1.0, '_a4_': 1.0, '_a5_': 1.0, '_a7_': 1.0}};{'d0': 0.024905832919416653};-280.569866449044;34.57425622898636
29457;-105.710676995535;((_a0_ * x) * ((_a0_ / pow2(_a6_)) + pow2((_a2_ + x))));{'d0': {'_a0_': 3.376760878398284, '_a2_': 0.31192970773776185, '_a6_': -2.807564009375307, '_a1_': 1.0, '_a3_': 1.0, '_a4_': 1.0, '_a5_': 1.0, '_a7_': 1.0}};{'d0': 0.024905832919416653};-280.569866449044;34.57425622898636
29458;-105.710676995535;((_a0_ * x) * ((_a0_ / pow2(_a6_)) + pow2((_a2_ + x))));{'d0': {'_a0_': 3.376760878398284, '_a2_': 0.31192970773776185, '_a6_': -2.807564009375307, '_a1_': 1.0, '_a3_': 1.0, '_a4_': 1.0, '_a5_': 1.0, '_a7_': 1.0}};{'d0': 0.024905832919416653};-280.569866449044;34.57425622898636
29459;-105.710676995535;((_a0_ * x) * ((_a0_ / pow2(_a6_)) + pow2((_a2_ + x))));{'d0': {'_a0_': 3.376760878398284, '_a2_': 0.31192970773776185, '_a6_': -2.807564009375307, '_a1_': 1.0, '_a3_': 1.0, '_a4_': 1.0, '_a5_': 1.0, '_a7_': 1.0}};{'d0': 0.024905832919416653};-280.569866449044;34.57425622898636
29460;-105.710676995535;((_a0_ * x) * ((_a0_ / pow2(_a6_)) + pow2((_a2_ + x))));{'d0': {'_a0_': 3.376760878398284, '_a2_': 0.31192970773776185, '_a6_': -2.807564009375307, '_a1_': 1.0, '_a3_': 1.0, '_a4_': 1.0, '_a5_': 1.0, '_a7_': 1.0}};{'d0': 0.024905832919416653};-280.569866449044;34.57425622898636
29461;-105.710676995535;((_a0_ * x) * ((_a0_ / pow2(_a6_)) + pow2((_a2_ + x))));{'d0': {'_a0_': 3.376760878398284, '_a2_': 0.31192970773776185, '_a6_': -2.807564009375307, '_a1_': 1.0, '_a3_': 1.0, '_a4_': 1.0, '_a5_': 1.0, '_a7_': 1.0}};{'d0': 0.024905832919416653};-280.569866449044;34.57425622898636
29462;-105.710676995535;((_a0_ * x) * ((_a0_ / pow2(_a6_)) + pow2((_a2_ + x))));{'d0': {'_a0_': 3.376760878398284, '_a2_': 0.31192970773776185, '_a6_': -2.807564009375307, '_a1_': 1.0, '_a3_': 1.0, '_a4_': 1.0, '_a5_': 1.0, '_a7_': 1.0}};{'d0': 0.024905832919416653};-280.569866449044;34.57425622898636
29463;-105.710676995535;((_a0_ * x) * ((_a0_ / pow2(_a6_)) + pow2((_a2_ + x))));{'d0': {'_a0_': 3.376760878398284, '_a2_': 0.31192970773776185, '_a6_': -2.807564009375307, '_a1_': 1.0, '_a3_': 1.0, '_a4_': 1.0, '_a5_': 1.0, '_a7_': 1.0}};{'d0': 0.024905832919416653};-280.569866449044;34.57425622898636
29464;-105.710676995535;((_a0_ * x) * ((_a0_ / pow2(_a6_)) + pow2((_a2_ + x))));{'d0': {'_a0_': 3.376760878398284, '_a2_': 0.31192970773776185, '_a6_': -2.807564009375307, '_a1_': 1.0, '_a3_': 1.0, '_a4_': 1.0, '_a5_': 1.0, '_a7_': 1.0}};{'d0': 0.024905832919416653};-280.569866449044;34.57425622898636
29465;-99.6729434624590;(((-(_a4_) * (x * (_a1_ * (_a5_ + x)))) + _a7_) * -(x));{'d0': {'_a1_': 4.592246175145554, '_a4_': 0.7353177629361781, '_a5_': 0.6238594156126825, '_a7_': -1.7751354044249168, '_a0_': 1.0, '_a2_': 1.0, '_a3_': 1.0, '_a6_': 1.0}};{'d0': 0.024905832919810172};-276.475521885873;38.56481748047769
29466;-99.6729434624590;(((-(_a4_) * (x * (_a1_ * (_a5_ + x)))) + _a7_) * -(x));{'d0': {'_a1_': 4.592246175145554, '_a4_': 0.7353177629361781, '_a5_': 0.6238594156126825, '_a7_': -1.7751354044249168, '_a0_': 1.0, '_a2_': 1.0, '_a3_': 1.0, '_a6_': 1.0}};{'d0': 0.024905832919810172};-276.475521885873;38.56481748047769
29467;-99.6729434624590;(((-(_a4_) * (x * (_a1_ * (_a5_ + x)))) + _a7_) * -(x));{'d0': {'_a1_': 4.592246175145554, '_a4_': 0.7353177629361781, '_a5_': 0.6238594156126825, '_a7_': -1.7751354044249168, '_a0_': 1.0, '_a2_': 1.0, '_a3_': 1.0, '_a6_': 1.0}};{'d0': 0.024905832919810172};-276.475521885873;38.56481748047769
29468;-99.6729434624590;(((-(_a4_) * (x * (_a1_ * (_a5_ + x)))) + _a7_) * -(x));{'d0': {'_a1_': 4.592246175145554, '_a4_': 0.7353177629361781, '_a5_': 0.6238594156126825, '_a7_': -1.7751354044249168, '_a0_': 1.0, '_a2_': 1.0, '_a3_': 1.0, '_a6_': 1.0}};{'d0': 0.024905832919810172};-276.475521885873;38.56481748047769
29469;-99.6729434624590;(((-(_a4_) * (x * (_a1_ * (_a5_ + x)))) + _a7_) * -(x));{'d0': {'_a1_': 4.592246175145554, '_a4_': 0.7353177629361781, '_a5_': 0.6238594156126825, '_a7_': -1.7751354044249168, '_a0_': 1.0, '_a2_': 1.0, '_a3_': 1.0, '_a6_': 1.0}};{'d0': 0.024905832919810172};-276.475521885873;38.56481748047769
29470;-99.6729434624590;(((-(_a4_) * (x * (_a1_ * (_a5_ + x)))) + _a7_) * -(x));{'d0': {'_a1_': 4.592246175145554, '_a4_': 0.7353177629361781, '_a5_': 0.6238594156126825, '_a7_': -1.7751354044249168, '_a0_': 1.0, '_a2_': 1.0, '_a3_': 1.0, '_a6_': 1.0}};{'d0': 0.024905832919810172};-276.475521885873;38.56481748047769
29471;-99.6729434624590;(((-(_a4_) * (x * (_a1_ * (_a5_ + x)))) + _a7_) * -(x));{'d0': {'_a1_': 4.592246175145554, '_a4_': 0.7353177629361781, '_a5_': 0.6238594156126825, '_a7_': -1.7751354044249168, '_a0_': 1.0, '_a2_': 1.0, '_a3_': 1.0, '_a6_': 1.0}};{'d0': 0.024905832919810172};-276.475521885873;38.56481748047769
29472;-99.6729434624590;(((-(_a4_) * (x * (_a1_ * (_a5_ + x)))) + _a7_) * -(x));{'d0': {'_a1_': 4.592246175145554, '_a4_': 0.7353177629361781, '_a5_': 0.6238594156126825, '_a7_': -1.7751354044249168, '_a0_': 1.0, '_a2_': 1.0, '_a3_': 1.0, '_a6_': 1.0}};{'d0': 0.024905832919810172};-276.475521885873;38.56481748047769
29473;-99.6729434624590;(((-(_a4_) * (x * (_a1_ * (_a5_ + x)))) + _a7_) * -(x));{'d0': {'_a1_': 4.592246175145554, '_a4_': 0.7353177629361781, '_a5_': 0.6238594156126825, '_a7_': -1.7751354044249168, '_a0_': 1.0, '_a2_': 1.0, '_a3_': 1.0, '_a6_': 1.0}};{'d0': 0.024905832919810172};-276.475521885873;38.56481748047769
29474;-99.6729434624590;(((-(_a4_) * (x * (_a1_ * (_a5_ + x)))) + _a7_) * -(x));{'d0': {'_a1_': 4.592246175145554, '_a4_': 0.7353177629361781, '_a5_': 0.6238594156126825, '_a7_': -1.7751354044249168, '_a0_': 1.0, '_a2_': 1.0, '_a3_': 1.0, '_a6_': 1.0}};{'d0': 0.024905832919810172};-276.475521885873;38.56481748047769
29475;-99.6729434624590;(((-(_a4_) * (x * (_a1_ * (_a5_ + x)))) + _a7_) * -(x));{'d0': {'_a1_': 4.592246175145554, '_a4_': 0.7353177629361781, '_a5_': 0.6238594156126825, '_a7_': -1.7751354044249168, '_a0_': 1.0, '_a2_': 1.0, '_a3_': 1.0, '_a6_': 1.0}};{'d0': 0.024905832919810172};-276.475521885873;38.56481748047769
29476;-99.6729434624590;(((-(_a4_) * (x * (_a1_ * (_a5_ + x)))) + _a7_) * -(x));{'d0': {'_a1_': 4.592246175145554, '_a4_': 0.7353177629361781, '_a5_': 0.6238594156126825, '_a7_': -1.7751354044249168, '_a0_': 1.0, '_a2_': 1.0, '_a3_': 1.0, '_a6_': 1.0}};{'d0': 0.024905832919810172};-276.475521885873;38.56481748047769
29477;-105.710676995535;((_a0_ * x) * ((_a0_ / pow2(_a6_)) + pow2((_a2_ + x))));{'d0': {'_a0_': 3.376760878398284, '_a2_': 0.31192970773776185, '_a6_': -2.807564009375307, '_a1_': 1.0, '_a3_': 1.0, '_a4_': 1.0, '_a5_': 1.0, '_a7_': 1.0}};{'d0': 0.024905832919416653};-280.569866449044;34.57425622898636
29478;-105.710676995535;((_a0_ * x) * ((_a0_ / pow2(_a6_)) + pow2((_a2_ + x))));{'d0': {'_a0_': 3.376760878398284, '_a2_': 0.31192970773776185, '_a6_': -2.807564009375307, '_a1_': 1.0, '_a3_': 1.0, '_a4_': 1.0, '_a5_': 1.0, '_a7_': 1.0}};{'d0': 0.024905832919416653};-280.569866449044;34.57425622898636
29479;-105.710676995535;((_a0_ * x) * ((_a0_ / pow2(_a6_)) + pow2((_a2_ + x))));{'d0': {'_a0_': 3.376760878398284, '_a2_': 0.31192970773776185, '_a6_': -2.807564009375307, '_a1_': 1.0, '_a3_': 1.0, '_a4_': 1.0, '_a5_': 1.0, '_a7_': 1.0}};{'d0': 0.024905832919416653};-280.569866449044;34.57425622898636
29480;-105.710676995535;((_a0_ * x) * ((_a0_ / pow2(_a6_)) + pow2((_a2_ + x))));{'d0': {'_a0_': 3.376760878398284, '_a2_': 0.31192970773776185, '_a6_': -2.807564009375307, '_a1_': 1.0, '_a3_': 1.0, '_a4_': 1.0, '_a5_': 1.0, '_a7_': 1.0}};{'d0': 0.024905832919416653};-280.569866449044;34.57425622898636
29481;-105.710676995535;((_a0_ * x) * ((_a0_ / pow2(_a6_)) + pow2((_a2_ + x))));{'d0': {'_a0_': 3.376760878398284, '_a2_': 0.31192970773776185, '_a6_': -2.807564009375307, '_a1_': 1.0, '_a3_': 1.0, '_a4_': 1.0, '_a5_': 1.0, '_a7_': 1.0}};{'d0': 0.024905832919416653};-280.569866449044;34.57425622898636
29482;-105.710676995535;((_a0_ * x) * ((_a0_ / pow2(_a6_)) + pow2((_a2_ + x))));{'d0': {'_a0_': 3.376760878398284, '_a2_': 0.31192970773776185, '_a6_': -2.807564009375307, '_a1_': 1.0, '_a3_': 1.0, '_a4_': 1.0, '_a5_': 1.0, '_a7_': 1.0}};{'d0': 0.024905832919416653};-280.569866449044;34.57425622898636
29483;-105.710676995535;((_a0_ * x) * ((_a0_ / pow2(_a6_)) + pow2((_a2_ + x))));{'d0': {'_a0_': 3.376760878398284, '_a2_': 0.31192970773776185, '_a6_': -2.807564009375307, '_a1_': 1.0, '_a3_': 1.0, '_a4_': 1.0, '_a5_': 1.0, '_a7_': 1.0}};{'d0': 0.024905832919416653};-280.569866449044;34.57425622898636
29484;-105.710676995535;((_a0_ * x) * ((_a0_ / pow2(_a6_)) + pow2((_a2_ + x))));{'d0': {'_a0_': 3.376760878398284, '_a2_': 0.31192970773776185, '_a6_': -2.807564009375307, '_a1_': 1.0, '_a3_': 1.0, '_a4_': 1.0, '_a5_': 1.0, '_a7_': 1.0}};{'d0': 0.024905832919416653};-280.569866449044;34.57425622898636
29485;-105.710676995535;((_a0_ * x) * ((_a0_ / pow2(_a6_)) + pow2((_a2_ + x))));{'d0': {'_a0_': 3.376760878398284, '_a2_': 0.31192970773776185, '_a6_': -2.807564009375307, '_a1_': 1.0, '_a3_': 1.0, '_a4_': 1.0, '_a5_': 1.0, '_a7_': 1.0}};{'d0': 0.024905832919416653};-280.569866449044;34.57425622898636
29486;-105.710676995535;((_a0_ * x) * ((_a0_ / pow2(_a6_)) + pow2((_a2_ + x))));{'d0': {'_a0_': 3.376760878398284, '_a2_': 0.31192970773776185, '_a6_': -2.807564009375307, '_a1_': 1.0, '_a3_': 1.0, '_a4_': 1.0, '_a5_': 1.0, '_a7_': 1.0}};{'d0': 0.024905832919416653};-280.569866449044;34.57425622898636
29487;-105.710676995535;((_a0_ * x) * ((_a0_ / pow2(_a6_)) + pow2((_a2_ + x))));{'d0': {'_a0_': 3.376760878398284, '_a2_': 0.31192970773776185, '_a6_': -2.807564009375307, '_a1_': 1.0, '_a3_': 1.0, '_a4_': 1.0, '_a5_': 1.0, '_a7_': 1.0}};{'d0': 0.024905832919416653};-280.569866449044;34.57425622898636
29488;-105.710676995535;((_a0_ * x) * ((_a0_ / pow2(_a6_)) + pow2((_a2_ + x))));{'d0': {'_a0_': 3.376760878398284, '_a2_': 0.31192970773776185, '_a6_': -2.807564009375307, '_a1_': 1.0, '_a3_': 1.0, '_a4_': 1.0, '_a5_': 1.0, '_a7_': 1.0}};{'d0': 0.024905832919416653};-280.569866449044;34.57425622898636
29489;-105.710676995535;((_a0_ * x) * ((_a0_ / pow2(_a6_)) + pow2((_a2_ + x))));{'d0': {'_a0_': 3.376760878398284, '_a2_': 0.31192970773776185, '_a6_': -2.807564009375307, '_a1_': 1.0, '_a3_': 1.0, '_a4_': 1.0, '_a5_': 1.0, '_a7_': 1.0}};{'d0': 0.024905832919416653};-280.569866449044;34.57425622898636
29490;-105.710676995535;((_a0_ * x) * ((_a0_ / pow2(_a6_)) + pow2((_a2_ + x))));{'d0': {'_a0_': 3.376760878398284, '_a2_': 0.31192970773776185, '_a6_': -2.807564009375307, '_a1_': 1.0, '_a3_': 1.0, '_a4_': 1.0, '_a5_': 1.0, '_a7_': 1.0}};{'d0': 0.024905832919416653};-280.569866449044;34.57425622898636
29491;-105.710676995535;((_a0_ * x) * ((_a0_ / pow2(_a6_)) + pow2((_a2_ + x))));{'d0': {'_a0_': 3.376760878398284, '_a2_': 0.31192970773776185, '_a6_': -2.807564009375307, '_a1_': 1.0, '_a3_': 1.0, '_a4_': 1.0, '_a5_': 1.0, '_a7_': 1.0}};{'d0': 0.024905832919416653};-280.569866449044;34.57425622898636
29492;-105.710676995535;((_a0_ * x) * ((_a0_ / pow2(_a6_)) + pow2((_a2_ + x))));{'d0': {'_a0_': 3.376760878398284, '_a2_': 0.31192970773776185, '_a6_': -2.807564009375307, '_a1_': 1.0, '_a3_': 1.0, '_a4_': 1.0, '_a5_': 1.0, '_a7_': 1.0}};{'d0': 0.024905832919416653};-280.569866449044;34.57425622898636
29493;-105.710676995535;((_a0_ * x) * ((_a0_ / pow2(_a6_)) + pow2((_a2_ + x))));{'d0': {'_a0_': 3.376760878398284, '_a2_': 0.31192970773776185, '_a6_': -2.807564009375307, '_a1_': 1.0, '_a3_': 1.0, '_a4_': 1.0, '_a5_': 1.0, '_a7_': 1.0}};{'d0': 0.024905832919416653};-280.569866449044;34.57425622898636
29494;-105.710676995535;((_a0_ * x) * ((_a0_ / pow2(_a6_)) + pow2((_a2_ + x))));{'d0': {'_a0_': 3.376760878398284, '_a2_': 0.31192970773776185, '_a6_': -2.807564009375307, '_a1_': 1.0, '_a3_': 1.0, '_a4_': 1.0, '_a5_': 1.0, '_a7_': 1.0}};{'d0': 0.024905832919416653};-280.569866449044;34.57425622898636
29495;-105.710676995535;((_a0_ * x) * ((_a0_ / pow2(_a6_)) + pow2((_a2_ + x))));{'d0': {'_a0_': 3.376760878398284, '_a2_': 0.31192970773776185, '_a6_': -2.807564009375307, '_a1_': 1.0, '_a3_': 1.0, '_a4_': 1.0, '_a5_': 1.0, '_a7_': 1.0}};{'d0': 0.024905832919416653};-280.569866449044;34.57425622898636
29496;-105.710676995535;((_a0_ * x) * ((_a0_ / pow2(_a6_)) + pow2((_a2_ + x))));{'d0': {'_a0_': 3.376760878398284, '_a2_': 0.31192970773776185, '_a6_': -2.807564009375307, '_a1_': 1.0, '_a3_': 1.0, '_a4_': 1.0, '_a5_': 1.0, '_a7_': 1.0}};{'d0': 0.024905832919416653};-280.569866449044;34.57425622898636
29497;-105.710676995535;((_a0_ * x) * ((_a0_ / pow2(_a6_)) + pow2((_a2_ + x))));{'d0': {'_a0_': 3.376760878398284, '_a2_': 0.31192970773776185, '_a6_': -2.807564009375307, '_a1_': 1.0, '_a3_': 1.0, '_a4_': 1.0, '_a5_': 1.0, '_a7_': 1.0}};{'d0': 0.024905832919416653};-280.569866449044;34.57425622898636
29498;-105.710676995535;((_a0_ * x) * ((_a0_ / pow2(_a6_)) + pow2((_a2_ + x))));{'d0': {'_a0_': 3.376760878398284, '_a2_': 0.31192970773776185, '_a6_': -2.807564009375307, '_a1_': 1.0, '_a3_': 1.0, '_a4_': 1.0, '_a5_': 1.0, '_a7_': 1.0}};{'d0': 0.024905832919416653};-280.569866449044;34.57425622898636
29499;-105.710676995535;((_a0_ * x) * ((_a0_ / pow2(_a6_)) + pow2((_a2_ + x))));{'d0': {'_a0_': 3.376760878398284, '_a2_': 0.31192970773776185, '_a6_': -2.807564009375307, '_a1_': 1.0, '_a3_': 1.0, '_a4_': 1.0, '_a5_': 1.0, '_a7_': 1.0}};{'d0': 0.024905832919416653};-280.569866449044;34.57425622898636
29500;-105.710676995535;((_a0_ * x) * ((_a0_ / pow2(_a6_)) + pow2((_a2_ + x))));{'d0': {'_a0_': 3.376760878398284, '_a2_': 0.31192970773776185, '_a6_': -2.807564009375307, '_a1_': 1.0, '_a3_': 1.0, '_a4_': 1.0, '_a5_': 1.0, '_a7_': 1.0}};{'d0': 0.024905832919416653};-280.569866449044;34.57425622898636
29501;-105.710676995535;((_a0_ * x) * ((_a0_ / pow2(_a6_)) + pow2((_a2_ + x))));{'d0': {'_a0_': 3.376760878398284, '_a2_': 0.31192970773776185, '_a6_': -2.807564009375307, '_a1_': 1.0, '_a3_': 1.0, '_a4_': 1.0, '_a5_': 1.0, '_a7_': 1.0}};{'d0': 0.024905832919416653};-280.569866449044;34.57425622898636
29502;-105.710676995535;((_a0_ * x) * ((_a0_ / pow2(_a6_)) + pow2((_a2_ + x))));{'d0': {'_a0_': 3.376760878398284, '_a2_': 0.31192970773776185, '_a6_': -2.807564009375307, '_a1_': 1.0, '_a3_': 1.0, '_a4_': 1.0, '_a5_': 1.0, '_a7_': 1.0}};{'d0': 0.024905832919416653};-280.569866449044;34.57425622898636
29503;-105.710676995535;((_a0_ * x) * ((_a0_ / pow2(_a6_)) + pow2((_a2_ + x))));{'d0': {'_a0_': 3.376760878398284, '_a2_': 0.31192970773776185, '_a6_': -2.807564009375307, '_a1_': 1.0, '_a3_': 1.0, '_a4_': 1.0, '_a5_': 1.0, '_a7_': 1.0}};{'d0': 0.024905832919416653};-280.569866449044;34.57425622898636
29504;-105.710676995535;((_a0_ * x) * ((_a0_ / pow2(_a6_)) + pow2((_a2_ + x))));{'d0': {'_a0_': 3.376760878398284, '_a2_': 0.31192970773776185, '_a6_': -2.807564009375307, '_a1_': 1.0, '_a3_': 1.0, '_a4_': 1.0, '_a5_': 1.0, '_a7_': 1.0}};{'d0': 0.024905832919416653};-280.569866449044;34.57425622898636
29505;-105.710676995535;((_a0_ * x) * ((_a0_ / pow2(_a6_)) + pow2((_a2_ + x))));{'d0': {'_a0_': 3.376760878398284, '_a2_': 0.31192970773776185, '_a6_': -2.807564009375307, '_a1_': 1.0, '_a3_': 1.0, '_a4_': 1.0, '_a5_': 1.0, '_a7_': 1.0}};{'d0': 0.024905832919416653};-280.569866449044;34.57425622898636
29506;-105.710676995535;((_a0_ * x) * ((_a0_ / pow2(_a6_)) + pow2((_a2_ + x))));{'d0': {'_a0_': 3.376760878398284, '_a2_': 0.31192970773776185, '_a6_': -2.807564009375307, '_a1_': 1.0, '_a3_': 1.0, '_a4_': 1.0, '_a5_': 1.0, '_a7_': 1.0}};{'d0': 0.024905832919416653};-280.569866449044;34.57425622898636
29507;-105.710676995535;((_a0_ * x) * ((_a0_ / pow2(_a6_)) + pow2((_a2_ + x))));{'d0': {'_a0_': 3.376760878398284, '_a2_': 0.31192970773776185, '_a6_': -2.807564009375307, '_a1_': 1.0, '_a3_': 1.0, '_a4_': 1.0, '_a5_': 1.0, '_a7_': 1.0}};{'d0': 0.024905832919416653};-280.569866449044;34.57425622898636
29508;-105.710676995535;((_a0_ * x) * ((_a0_ / pow2(_a6_)) + pow2((_a2_ + x))));{'d0': {'_a0_': 3.376760878398284, '_a2_': 0.31192970773776185, '_a6_': -2.807564009375307, '_a1_': 1.0, '_a3_': 1.0, '_a4_': 1.0, '_a5_': 1.0, '_a7_': 1.0}};{'d0': 0.024905832919416653};-280.569866449044;34.57425622898636
29509;-105.710676995535;((_a0_ * x) * ((_a0_ / pow2(_a6_)) + pow2((_a2_ + x))));{'d0': {'_a0_': 3.376760878398284, '_a2_': 0.31192970773776185, '_a6_': -2.807564009375307, '_a1_': 1.0, '_a3_': 1.0, '_a4_': 1.0, '_a5_': 1.0, '_a7_': 1.0}};{'d0': 0.024905832919416653};-280.569866449044;34.57425622898636
29510;-105.710676995535;((_a0_ * x) * ((_a0_ / pow2(_a6_)) + pow2((_a2_ + x))));{'d0': {'_a0_': 3.376760878398284, '_a2_': 0.31192970773776185, '_a6_': -2.807564009375307, '_a1_': 1.0, '_a3_': 1.0, '_a4_': 1.0, '_a5_': 1.0, '_a7_': 1.0}};{'d0': 0.024905832919416653};-280.569866449044;34.57425622898636
29511;-98.6110277799804;((x / pow2(_a6_)) * (_a3_ + ((x * (_a2_ + (x + _a3_))) * _a6_)));{'d0': {'_a2_': 0.46818011562483686, '_a3_': 0.15567929994165114, '_a6_': 0.2961417865818326, '_a0_': 1.0, '_a1_': 1.0, '_a4_': 1.0, '_a5_': 1.0, '_a7_': 1.0}};{'d0': 0.024905832919416598};-280.569866449044;41.67390544454143
29512;-98.6110277799804;((x / pow2(_a6_)) * (_a3_ + ((x * (_a2_ + (x + _a3_))) * _a6_)));{'d0': {'_a2_': 0.46818011562483686, '_a3_': 0.15567929994165114, '_a6_': 0.2961417865818326, '_a0_': 1.0, '_a1_': 1.0, '_a4_': 1.0, '_a5_': 1.0, '_a7_': 1.0}};{'d0': 0.024905832919416598};-280.569866449044;41.67390544454143
29513;-98.6944060208631;((x / pow2(_a6_)) * (_a3_ + ((x * (_a2_ + (x / _a3_))) * _a6_)));{'d0': {'_a2_': 1.15969320011015, '_a3_': 0.5379521200792278, '_a6_': 0.5504984097901273, '_a0_': 1.0, '_a1_': 1.0, '_a4_': 1.0, '_a5_': 1.0, '_a7_': 1.0}};{'d0': 0.024905832919416653};-280.569866449044;41.59052720365863
29514;-98.6944060208631;((x / pow2(_a6_)) * (_a3_ + ((x * (_a2_ + (x / _a3_))) * _a6_)));{'d0': {'_a2_': 1.15969320011015, '_a3_': 0.5379521200792278, '_a6_': 0.5504984097901273, '_a0_': 1.0, '_a1_': 1.0, '_a4_': 1.0, '_a5_': 1.0, '_a7_': 1.0}};{'d0': 0.024905832919416653};-280.569866449044;41.59052720365863
29515;-98.6944060208631;((x / pow2(_a6_)) * (_a3_ + ((x * (_a2_ + (x / _a3_))) * _a6_)));{'d0': {'_a2_': 1.15969320011015, '_a3_': 0.5379521200792278, '_a6_': 0.5504984097901273, '_a0_': 1.0, '_a1_': 1.0, '_a4_': 1.0, '_a5_': 1.0, '_a7_': 1.0}};{'d0': 0.024905832919416653};-280.569866449044;41.59052720365863
29516;-95.3958282868394;((x / (_a1_ * _a6_)) * (_a3_ + ((x * (_a2_ + (x / _a3_))) * _a6_)));{'d0': {'_a1_': 0.5384989951812058, '_a2_': 1.134414943718414, '_a3_': 0.5499393429788351, '_a6_': 0.5753053305391326, '_a0_': 1.0, '_a4_': 1.0, '_a5_': 1.0, '_a7_': 1.0}};{'d0': 0.024905832919471182};-276.475521886690;42.841932656505634
29517;-95.3958282868528;((x / (_a1_ * _a3_)) * (_a3_ + ((x * (_a2_ + (x / _a3_))) * _a6_)));{'d0': {'_a1_': 0.5633373079946289, '_a2_': 1.2538467195283185, '_a3_': 0.4975563437949226, '_a6_': 0.4709267273387519, '_a0_': 1.0, '_a4_': 1.0, '_a5_': 1.0, '_a7_': 1.0}};{'d0': 0.024905832919460046};-276.475521886717;42.841932656505634
29518;-95.3958282868528;((x / (_a1_ * _a3_)) * (_a3_ + ((x * (_a2_ + (x / _a3_))) * _a6_)));{'d0': {'_a1_': 0.5633373079946289, '_a2_': 1.2538467195283185, '_a3_': 0.4975563437949226, '_a6_': 0.4709267273387519, '_a0_': 1.0, '_a4_': 1.0, '_a5_': 1.0, '_a7_': 1.0}};{'d0': 0.024905832919460046};-276.475521886717;42.841932656505634
29519;-95.3958282868528;((x / (_a1_ * _a3_)) * (_a3_ + ((x * (_a2_ + (x / _a3_))) * _a6_)));{'d0': {'_a1_': 0.5633373079946289, '_a2_': 1.2538467195283185, '_a3_': 0.4975563437949226, '_a6_': 0.4709267273387519, '_a0_': 1.0, '_a4_': 1.0, '_a5_': 1.0, '_a7_': 1.0}};{'d0': 0.024905832919460046};-276.475521886717;42.841932656505634
29520;-90.0559652561829;((x / (sqrt(_a1_) * _a3_)) * (_a3_ + ((x * (_a2_ + (x / _a3_))) * _a6_)));{'d0': {'_a1_': 0.31734892264273096, '_a2_': 1.0658903415092433, '_a3_': 0.5852936967472308, '_a6_': 0.6516525980942982, '_a0_': 1.0, '_a4_': 1.0, '_a5_': 1.0, '_a7_': 1.0}};{'d0': 0.024905832936188397};-276.475521846417;48.18179566702563
29521;-90.0559652561829;((x / (sqrt(_a1_) * _a3_)) * (_a3_ + ((x * (_a2_ + (x / _a3_))) * _a6_)));{'d0': {'_a1_': 0.31734892264273096, '_a2_': 1.0658903415092433, '_a3_': 0.5852936967472308, '_a6_': 0.6516525980942982, '_a0_': 1.0, '_a4_': 1.0, '_a5_': 1.0, '_a7_': 1.0}};{'d0': 0.024905832936188397};-276.475521846417;48.18179566702563
29522;-95.3958282863108;((x / (_a5_ * _a3_)) * (_a3_ + ((x * (_a2_ + (x / _a3_))) * _a6_)));{'d0': {'_a2_': 0.6410313496182004, '_a3_': 0.9732118833095594, '_a5_': 0.5633373081689316, '_a6_': 1.8017045081089218, '_a0_': 1.0, '_a1_': 1.0, '_a4_': 1.0, '_a7_': 1.0}};{'d0': 0.024905832919909998};-276.475521885633;42.841932656505634
29523;-105.710676995535;((_a0_ * x) * ((_a0_ / pow2(_a6_)) + pow2((_a2_ + x))));{'d0': {'_a0_': 3.376760878398284, '_a2_': 0.31192970773776185, '_a6_': -2.807564009375307, '_a1_': 1.0, '_a3_': 1.0, '_a4_': 1.0, '_a5_': 1.0, '_a7_': 1.0}};{'d0': 0.024905832919416653};-280.569866449044;34.57425622898636
29524;-105.710676995535;((_a0_ * x) * ((_a0_ / pow2(_a6_)) + pow2((_a2_ + x))));{'d0': {'_a0_': 3.376760878398284, '_a2_': 0.31192970773776185, '_a6_': -2.807564009375307, '_a1_': 1.0, '_a3_': 1.0, '_a4_': 1.0, '_a5_': 1.0, '_a7_': 1.0}};{'d0': 0.024905832919416653};-280.569866449044;34.57425622898636
29525;-105.710676995535;((_a0_ * x) * ((_a0_ / pow2(_a6_)) + pow2((_a2_ + x))));{'d0': {'_a0_': 3.376760878398284, '_a2_': 0.31192970773776185, '_a6_': -2.807564009375307, '_a1_': 1.0, '_a3_': 1.0, '_a4_': 1.0, '_a5_': 1.0, '_a7_': 1.0}};{'d0': 0.024905832919416653};-280.569866449044;34.57425622898636
29526;-105.710676995535;((_a0_ * x) * ((_a0_ / pow2(_a6_)) + pow2((_a2_ + x))));{'d0': {'_a0_': 3.376760878398284, '_a2_': 0.31192970773776185, '_a6_': -2.807564009375307, '_a1_': 1.0, '_a3_': 1.0, '_a4_': 1.0, '_a5_': 1.0, '_a7_': 1.0}};{'d0': 0.024905832919416653};-280.569866449044;34.57425622898636
29527;-105.710676995535;((_a0_ * x) * ((_a0_ / pow2(_a6_)) + pow2((_a2_ + x))));{'d0': {'_a0_': 3.376760878398284, '_a2_': 0.31192970773776185, '_a6_': -2.807564009375307, '_a1_': 1.0, '_a3_': 1.0, '_a4_': 1.0, '_a5_': 1.0, '_a7_': 1.0}};{'d0': 0.024905832919416653};-280.569866449044;34.57425622898636
29528;-105.710676995535;((_a0_ * x) * ((_a0_ / pow2(_a6_)) + pow2((_a2_ + x))));{'d0': {'_a0_': 3.376760878398284, '_a2_': 0.31192970773776185, '_a6_': -2.807564009375307, '_a1_': 1.0, '_a3_': 1.0, '_a4_': 1.0, '_a5_': 1.0, '_a7_': 1.0}};{'d0': 0.024905832919416653};-280.569866449044;34.57425622898636
29529;-95.3958282868947;((x / (_a5_ * _a3_)) * (_a6_ + ((x * (_a2_ + (x / _a3_))) * _a6_)));{'d0': {'_a2_': 1.18673993091827, '_a3_': 0.5256917704105629, '_a5_': 0.13468298181000973, '_a6_': 0.12568266548417142, '_a0_': 1.0, '_a1_': 1.0, '_a4_': 1.0, '_a7_': 1.0}};{'d0': 0.02490583291942528};-276.475521886801;42.841932656505634
29530;-95.3958282868947;((x / (_a5_ * _a3_)) * (_a6_ + ((x * (_a2_ + (x / _a3_))) * _a6_)));{'d0': {'_a2_': 1.18673993091827, '_a3_': 0.5256917704105629, '_a5_': 0.13468298181000973, '_a6_': 0.12568266548417142, '_a0_': 1.0, '_a1_': 1.0, '_a4_': 1.0, '_a7_': 1.0}};{'d0': 0.02490583291942528};-276.475521886801;42.841932656505634
29531;-95.3958282868947;((x / (_a5_ * _a3_)) * (_a6_ + ((x * (_a2_ + (x / _a3_))) * _a6_)));{'d0': {'_a2_': 1.18673993091827, '_a3_': 0.5256917704105629, '_a5_': 0.13468298181000973, '_a6_': 0.12568266548417142, '_a0_': 1.0, '_a1_': 1.0, '_a4_': 1.0, '_a7_': 1.0}};{'d0': 0.02490583291942528};-276.475521886801;42.841932656505634
29532;-95.3958282868947;((x / (_a5_ * _a3_)) * (_a6_ + ((x * (_a2_ + (x / _a3_))) * _a6_)));{'d0': {'_a2_': 1.18673993091827, '_a3_': 0.5256917704105629, '_a5_': 0.13468298181000973, '_a6_': 0.12568266548417142, '_a0_': 1.0, '_a1_': 1.0, '_a4_': 1.0, '_a7_': 1.0}};{'d0': 0.02490583291942528};-276.475521886801;42.841932656505634
29533;-95.3958282868947;((x / (_a5_ * _a3_)) * (_a6_ + ((x * (_a2_ + (x / _a3_))) * _a6_)));{'d0': {'_a2_': 1.18673993091827, '_a3_': 0.5256917704105629, '_a5_': 0.13468298181000973, '_a6_': 0.12568266548417142, '_a0_': 1.0, '_a1_': 1.0, '_a4_': 1.0, '_a7_': 1.0}};{'d0': 0.02490583291942528};-276.475521886801;42.841932656505634
29534;-95.3958282868947;((x / (_a5_ * _a3_)) * (_a6_ + ((x * (_a2_ + (x / _a3_))) * _a6_)));{'d0': {'_a2_': 1.18673993091827, '_a3_': 0.5256917704105629, '_a5_': 0.13468298181000973, '_a6_': 0.12568266548417142, '_a0_': 1.0, '_a1_': 1.0, '_a4_': 1.0, '_a7_': 1.0}};{'d0': 0.02490583291942528};-276.475521886801;42.841932656505634
29535;-91.7158811265077;((x / (_a5_ * _a3_)) * (_a6_ + ((x * (-(_a0_) + (x / _a3_))) * _a6_)));{'d0': {'_a0_': -1.1867399260955063, '_a3_': 0.5256917607021178, '_a5_': -19.100587398292863, '_a6_': -17.824171674154925, '_a1_': 1.0, '_a2_': 1.0, '_a4_': 1.0, '_a7_': 1.0}};{'d0': 0.02490583291953038};-276.475521886547;46.521879816766024
29536;-91.7158811265077;((x / (_a5_ * _a3_)) * (_a6_ + ((x * (-(_a0_) + (x / _a3_))) * _a6_)));{'d0': {'_a0_': -1.1867399260955063, '_a3_': 0.5256917607021178, '_a5_': -19.100587398292863, '_a6_': -17.824171674154925, '_a1_': 1.0, '_a2_': 1.0, '_a4_': 1.0, '_a7_': 1.0}};{'d0': 0.02490583291953038};-276.475521886547;46.521879816766024
29537;-91.7158811265077;((x / (_a5_ * _a3_)) * (_a6_ + ((x * (-(_a0_) + (x / _a3_))) * _a6_)));{'d0': {'_a0_': -1.1867399260955063, '_a3_': 0.5256917607021178, '_a5_': -19.100587398292863, '_a6_': -17.824171674154925, '_a1_': 1.0, '_a2_': 1.0, '_a4_': 1.0, '_a7_': 1.0}};{'d0': 0.02490583291953038};-276.475521886547;46.521879816766024
29538;-91.7158811265077;((x / (_a5_ * _a3_)) * (_a6_ + ((x * (-(_a0_) + (x / _a3_))) * _a6_)));{'d0': {'_a0_': -1.1867399260955063, '_a3_': 0.5256917607021178, '_a5_': -19.100587398292863, '_a6_': -17.824171674154925, '_a1_': 1.0, '_a2_': 1.0, '_a4_': 1.0, '_a7_': 1.0}};{'d0': 0.02490583291953038};-276.475521886547;46.521879816766024
29539;-105.710676995535;((_a0_ * x) * ((_a0_ / pow2(_a6_)) + pow2((_a2_ + x))));{'d0': {'_a0_': 3.376760878398284, '_a2_': 0.31192970773776185, '_a6_': -2.807564009375307, '_a1_': 1.0, '_a3_': 1.0, '_a4_': 1.0, '_a5_': 1.0, '_a7_': 1.0}};{'d0': 0.024905832919416653};-280.569866449044;34.57425622898636
29540;-105.710676995535;((_a0_ * x) * ((_a0_ / pow2(_a6_)) + pow2((_a2_ + x))));{'d0': {'_a0_': 3.376760878398284, '_a2_': 0.31192970773776185, '_a6_': -2.807564009375307, '_a1_': 1.0, '_a3_': 1.0, '_a4_': 1.0, '_a5_': 1.0, '_a7_': 1.0}};{'d0': 0.024905832919416653};-280.569866449044;34.57425622898636
29541;-105.710676995535;((_a0_ * x) * ((_a0_ / pow2(_a6_)) + pow2((_a2_ + x))));{'d0': {'_a0_': 3.376760878398284, '_a2_': 0.31192970773776185, '_a6_': -2.807564009375307, '_a1_': 1.0, '_a3_': 1.0, '_a4_': 1.0, '_a5_': 1.0, '_a7_': 1.0}};{'d0': 0.024905832919416653};-280.569866449044;34.57425622898636
29542;-105.710676995535;((_a0_ * x) * ((_a0_ / pow2(_a6_)) + pow2((_a2_ + x))));{'d0': {'_a0_': 3.376760878398284, '_a2_': 0.31192970773776185, '_a6_': -2.807564009375307, '_a1_': 1.0, '_a3_': 1.0, '_a4_': 1.0, '_a5_': 1.0, '_a7_': 1.0}};{'d0': 0.024905832919416653};-280.569866449044;34.57425622898636
29543;-91.7158811265077;((x / (_a5_ * _a3_)) * (_a6_ + ((x * (-(_a0_) + (x / _a3_))) * _a6_)));{'d0': {'_a0_': -1.1867399260955063, '_a3_': 0.5256917607021178, '_a5_': -19.100587398292863, '_a6_': -17.824171674154925, '_a1_': 1.0, '_a2_': 1.0, '_a4_': 1.0, '_a7_': 1.0}};{'d0': 0.02490583291953038};-276.475521886547;46.521879816766024
29544;-91.7158811265077;((x / (_a5_ * _a3_)) * (_a6_ + ((x * (-(_a0_) + (x / _a3_))) * _a6_)));{'d0': {'_a0_': -1.1867399260955063, '_a3_': 0.5256917607021178, '_a5_': -19.100587398292863, '_a6_': -17.824171674154925, '_a1_': 1.0, '_a2_': 1.0, '_a4_': 1.0, '_a7_': 1.0}};{'d0': 0.02490583291953038};-276.475521886547;46.521879816766024
29545;-88.4231903972358;((x / (sqrt(_a3_) * _a3_)) * (_a6_ + ((x * (-(_a0_) + (x / _a3_))) * _a6_)));{'d0': {'_a0_': -1.1867399330496697, '_a3_': 0.5256917695152484, '_a6_': 0.6765941709889638, '_a1_': 1.0, '_a2_': 1.0, '_a4_': 1.0, '_a5_': 1.0, '_a7_': 1.0}};{'d0': 0.024905832919416605};-280.569866449044;51.86174282728602
29546;-88.4231903972358;((x / (sqrt(_a3_) * _a3_)) * (_a6_ + ((x * (-(_a0_) + (x / _a3_))) * _a6_)));{'d0': {'_a0_': -1.1867399330496697, '_a3_': 0.5256917695152484, '_a6_': 0.6765941709889638, '_a1_': 1.0, '_a2_': 1.0, '_a4_': 1.0, '_a5_': 1.0, '_a7_': 1.0}};{'d0': 0.024905832919416605};-280.569866449044;51.86174282728602
29547;-88.4231903972358;((x / (sqrt(_a3_) * _a3_)) * (_a6_ + ((x * (-(_a0_) + (x / _a3_))) * _a6_)));{'d0': {'_a0_': -1.1867399330496697, '_a3_': 0.5256917695152484, '_a6_': 0.6765941709889638, '_a1_': 1.0, '_a2_': 1.0, '_a4_': 1.0, '_a5_': 1.0, '_a7_': 1.0}};{'d0': 0.024905832919416605};-280.569866449044;51.86174282728602
29548;-88.4231903972358;((x / (sqrt(_a3_) * _a3_)) * (_a6_ + ((x * (-(_a0_) + (x / _a3_))) * _a6_)));{'d0': {'_a0_': -1.1867399330496697, '_a3_': 0.5256917695152484, '_a6_': 0.6765941709889638, '_a1_': 1.0, '_a2_': 1.0, '_a4_': 1.0, '_a5_': 1.0, '_a7_': 1.0}};{'d0': 0.024905832919416605};-280.569866449044;51.86174282728602
29549;-88.4231903972358;((x / (sqrt(_a3_) * _a3_)) * (_a6_ + ((x * (-(_a0_) + (x / _a3_))) * _a6_)));{'d0': {'_a0_': -1.1867399330496697, '_a3_': 0.5256917695152484, '_a6_': 0.6765941709889638, '_a1_': 1.0, '_a2_': 1.0, '_a4_': 1.0, '_a5_': 1.0, '_a7_': 1.0}};{'d0': 0.024905832919416605};-280.569866449044;51.86174282728602
29550;-88.4231903972358;((x / (sqrt(_a3_) * _a3_)) * (_a6_ + ((x * (-(_a0_) + (x / _a3_))) * _a6_)));{'d0': {'_a0_': -1.1867399330496697, '_a3_': 0.5256917695152484, '_a6_': 0.6765941709889638, '_a1_': 1.0, '_a2_': 1.0, '_a4_': 1.0, '_a5_': 1.0, '_a7_': 1.0}};{'d0': 0.024905832919416605};-280.569866449044;51.86174282728602
29551;-88.4231903972358;((x / (sqrt(_a3_) * _a3_)) * (_a6_ + ((x * (-(_a0_) + (x / _a3_))) * _a6_)));{'d0': {'_a0_': -1.1867399330496697, '_a3_': 0.5256917695152484, '_a6_': 0.6765941709889638, '_a1_': 1.0, '_a2_': 1.0, '_a4_': 1.0, '_a5_': 1.0, '_a7_': 1.0}};{'d0': 0.024905832919416605};-280.569866449044;51.86174282728602
29552;-88.4231903972358;((x / (sqrt(_a3_) * _a3_)) * (_a6_ + ((x * (-(_a0_) + (x / _a3_))) * _a6_)));{'d0': {'_a0_': -1.1867399330496697, '_a3_': 0.5256917695152484, '_a6_': 0.6765941709889638, '_a1_': 1.0, '_a2_': 1.0, '_a4_': 1.0, '_a5_': 1.0, '_a7_': 1.0}};{'d0': 0.024905832919416605};-280.569866449044;51.86174282728602
29553;-88.4231903972358;((x / (sqrt(_a3_) * _a3_)) * (_a6_ + ((x * (-(_a0_) + (x / _a3_))) * _a6_)));{'d0': {'_a0_': -1.1867399330496697, '_a3_': 0.5256917695152484, '_a6_': 0.6765941709889638, '_a1_': 1.0, '_a2_': 1.0, '_a4_': 1.0, '_a5_': 1.0, '_a7_': 1.0}};{'d0': 0.024905832919416605};-280.569866449044;51.86174282728602
29554;-88.4231903972358;((x / (sqrt(_a3_) * _a3_)) * (_a6_ + ((x * (-(_a0_) + (x / _a3_))) * _a6_)));{'d0': {'_a0_': -1.1867399330496697, '_a3_': 0.5256917695152484, '_a6_': 0.6765941709889638, '_a1_': 1.0, '_a2_': 1.0, '_a4_': 1.0, '_a5_': 1.0, '_a7_': 1.0}};{'d0': 0.024905832919416605};-280.569866449044;51.86174282728602
29555;-88.4231903972358;((x / (sqrt(_a3_) * _a3_)) * (_a6_ + ((x * (-(_a0_) + (x / _a3_))) * _a6_)));{'d0': {'_a0_': -1.1867399330496697, '_a3_': 0.5256917695152484, '_a6_': 0.6765941709889638, '_a1_': 1.0, '_a2_': 1.0, '_a4_': 1.0, '_a5_': 1.0, '_a7_': 1.0}};{'d0': 0.024905832919416605};-280.569866449044;51.86174282728602
29556;-88.4231903972358;((x / (sqrt(_a3_) * _a3_)) * (_a6_ + ((x * (-(_a0_) + (x / _a3_))) * _a6_)));{'d0': {'_a0_': -1.1867399330496697, '_a3_': 0.5256917695152484, '_a6_': 0.6765941709889638, '_a1_': 1.0, '_a2_': 1.0, '_a4_': 1.0, '_a5_': 1.0, '_a7_': 1.0}};{'d0': 0.024905832919416605};-280.569866449044;51.86174282728602
29557;-88.4231903972358;((x / (sqrt(_a3_) * _a3_)) * (_a6_ + ((x * (-(_a0_) + (x / _a3_))) * _a6_)));{'d0': {'_a0_': -1.1867399330496697, '_a3_': 0.5256917695152484, '_a6_': 0.6765941709889638, '_a1_': 1.0, '_a2_': 1.0, '_a4_': 1.0, '_a5_': 1.0, '_a7_': 1.0}};{'d0': 0.024905832919416605};-280.569866449044;51.86174282728602
29558;-88.4231903972358;((x / (sqrt(_a3_) * _a3_)) * (_a6_ + ((x * (-(_a0_) + (x / _a3_))) * _a6_)));{'d0': {'_a0_': -1.1867399330496697, '_a3_': 0.5256917695152484, '_a6_': 0.6765941709889638, '_a1_': 1.0, '_a2_': 1.0, '_a4_': 1.0, '_a5_': 1.0, '_a7_': 1.0}};{'d0': 0.024905832919416605};-280.569866449044;51.86174282728602
29559;-88.4231903972358;((x / (sqrt(_a3_) * _a3_)) * (_a6_ + ((x * (-(_a0_) + (x / _a3_))) * _a6_)));{'d0': {'_a0_': -1.1867399330496697, '_a3_': 0.5256917695152484, '_a6_': 0.6765941709889638, '_a1_': 1.0, '_a2_': 1.0, '_a4_': 1.0, '_a5_': 1.0, '_a7_': 1.0}};{'d0': 0.024905832919416605};-280.569866449044;51.86174282728602
29560;-88.4231903972358;((x / (sqrt(_a3_) * _a3_)) * (_a6_ + ((x * (-(_a0_) + (x / _a3_))) * _a6_)));{'d0': {'_a0_': -1.1867399330496697, '_a3_': 0.5256917695152484, '_a6_': 0.6765941709889638, '_a1_': 1.0, '_a2_': 1.0, '_a4_': 1.0, '_a5_': 1.0, '_a7_': 1.0}};{'d0': 0.024905832919416605};-280.569866449044;51.86174282728602
29561;-88.4231903972358;((x / (sqrt(_a3_) * _a3_)) * (_a6_ + ((x * (-(_a0_) + (x / _a3_))) * _a6_)));{'d0': {'_a0_': -1.1867399330496697, '_a3_': 0.5256917695152484, '_a6_': 0.6765941709889638, '_a1_': 1.0, '_a2_': 1.0, '_a4_': 1.0, '_a5_': 1.0, '_a7_': 1.0}};{'d0': 0.024905832919416605};-280.569866449044;51.86174282728602
29562;-88.4231903972358;((x / (sqrt(_a3_) * _a3_)) * (_a6_ + ((x * (-(_a0_) + (x / _a3_))) * _a6_)));{'d0': {'_a0_': -1.1867399330496697, '_a3_': 0.5256917695152484, '_a6_': 0.6765941709889638, '_a1_': 1.0, '_a2_': 1.0, '_a4_': 1.0, '_a5_': 1.0, '_a7_': 1.0}};{'d0': 0.024905832919416605};-280.569866449044;51.86174282728602
29563;-88.4231903972358;((x / (sqrt(_a3_) * _a3_)) * (_a6_ + ((x * (-(_a0_) + (x / _a3_))) * _a6_)));{'d0': {'_a0_': -1.1867399330496697, '_a3_': 0.5256917695152484, '_a6_': 0.6765941709889638, '_a1_': 1.0, '_a2_': 1.0, '_a4_': 1.0, '_a5_': 1.0, '_a7_': 1.0}};{'d0': 0.024905832919416605};-280.569866449044;51.86174282728602
29564;-88.4231903972358;((x / (sqrt(_a3_) * _a3_)) * (_a6_ + ((x * (-(_a0_) + (x / _a3_))) * _a6_)));{'d0': {'_a0_': -1.1867399330496697, '_a3_': 0.5256917695152484, '_a6_': 0.6765941709889638, '_a1_': 1.0, '_a2_': 1.0, '_a4_': 1.0, '_a5_': 1.0, '_a7_': 1.0}};{'d0': 0.024905832919416605};-280.569866449044;51.86174282728602
29565;-88.4231903972358;((x / (sqrt(_a3_) * _a3_)) * (_a6_ + ((x * (-(_a0_) + (x / _a3_))) * _a6_)));{'d0': {'_a0_': -1.1867399330496697, '_a3_': 0.5256917695152484, '_a6_': 0.6765941709889638, '_a1_': 1.0, '_a2_': 1.0, '_a4_': 1.0, '_a5_': 1.0, '_a7_': 1.0}};{'d0': 0.024905832919416605};-280.569866449044;51.86174282728602
29566;-88.4231903972358;((x / (sqrt(_a3_) * _a3_)) * (_a6_ + ((x * (-(_a0_) + (x / _a3_))) * _a6_)));{'d0': {'_a0_': -1.1867399330496697, '_a3_': 0.5256917695152484, '_a6_': 0.6765941709889638, '_a1_': 1.0, '_a2_': 1.0, '_a4_': 1.0, '_a5_': 1.0, '_a7_': 1.0}};{'d0': 0.024905832919416605};-280.569866449044;51.86174282728602
29567;-88.4231903972358;((x / (sqrt(_a3_) * _a3_)) * (_a6_ + ((x * (-(_a0_) + (x / _a3_))) * _a6_)));{'d0': {'_a0_': -1.1867399330496697, '_a3_': 0.5256917695152484, '_a6_': 0.6765941709889638, '_a1_': 1.0, '_a2_': 1.0, '_a4_': 1.0, '_a5_': 1.0, '_a7_': 1.0}};{'d0': 0.024905832919416605};-280.569866449044;51.86174282728602
29568;-88.4231903972358;((x / (sqrt(_a3_) * _a3_)) * (_a6_ + ((x * (-(_a0_) + (x / _a3_))) * _a6_)));{'d0': {'_a0_': -1.1867399330496697, '_a3_': 0.5256917695152484, '_a6_': 0.6765941709889638, '_a1_': 1.0, '_a2_': 1.0, '_a4_': 1.0, '_a5_': 1.0, '_a7_': 1.0}};{'d0': 0.024905832919416605};-280.569866449044;51.86174282728602
29569;-88.4231903972358;((x / (sqrt(_a3_) * _a3_)) * (_a6_ + ((x * (-(_a0_) + (x / _a3_))) * _a6_)));{'d0': {'_a0_': -1.1867399330496697, '_a3_': 0.5256917695152484, '_a6_': 0.6765941709889638, '_a1_': 1.0, '_a2_': 1.0, '_a4_': 1.0, '_a5_': 1.0, '_a7_': 1.0}};{'d0': 0.024905832919416605};-280.569866449044;51.86174282728602
29570;-88.4231903972358;((x / (sqrt(_a3_) * _a3_)) * (_a6_ + ((x * (-(_a0_) + (x / _a3_))) * _a6_)));{'d0': {'_a0_': -1.1867399330496697, '_a3_': 0.5256917695152484, '_a6_': 0.6765941709889638, '_a1_': 1.0, '_a2_': 1.0, '_a4_': 1.0, '_a5_': 1.0, '_a7_': 1.0}};{'d0': 0.024905832919416605};-280.569866449044;51.86174282728602
29571;-88.4231903972358;((x / (sqrt(_a3_) * _a3_)) * (_a6_ + ((x * (-(_a0_) + (x / _a3_))) * _a6_)));{'d0': {'_a0_': -1.1867399330496697, '_a3_': 0.5256917695152484, '_a6_': 0.6765941709889638, '_a1_': 1.0, '_a2_': 1.0, '_a4_': 1.0, '_a5_': 1.0, '_a7_': 1.0}};{'d0': 0.024905832919416605};-280.569866449044;51.86174282728602
29572;-88.4231903972358;((x / (sqrt(_a3_) * _a3_)) * (_a6_ + ((x * (-(_a0_) + (x / _a3_))) * _a6_)));{'d0': {'_a0_': -1.1867399330496697, '_a3_': 0.5256917695152484, '_a6_': 0.6765941709889638, '_a1_': 1.0, '_a2_': 1.0, '_a4_': 1.0, '_a5_': 1.0, '_a7_': 1.0}};{'d0': 0.024905832919416605};-280.569866449044;51.86174282728602
29573;-92.1031375574961;((x / (sqrt(_a3_) * _a3_)) * (_a6_ + ((x * (_a0_ + (x / _a3_))) * _a6_)));{'d0': {'_a0_': 1.18673993275426, '_a3_': 0.5256917696219529, '_a6_': 0.6765941712307927, '_a1_': 1.0, '_a2_': 1.0, '_a4_': 1.0, '_a5_': 1.0, '_a7_': 1.0}};{'d0': 0.024905832919416657};-280.569866449044;48.18179566702563
29574;-92.1031375574961;((x / (sqrt(_a3_) * _a3_)) * (_a6_ + ((x * (_a0_ + (x / _a3_))) * _a6_)));{'d0': {'_a0_': 1.18673993275426, '_a3_': 0.5256917696219529, '_a6_': 0.6765941712307927, '_a1_': 1.0, '_a2_': 1.0, '_a4_': 1.0, '_a5_': 1.0, '_a7_': 1.0}};{'d0': 0.024905832919416657};-280.569866449044;48.18179566702563
29575;-97.4430005680161;((x / (_a3_ * _a3_)) * (_a6_ + ((x * (_a0_ + (x / _a3_))) * _a6_)));{'d0': {'_a0_': 1.1867399287303915, '_a3_': 0.5256917710640204, '_a6_': 0.49056193165065265, '_a1_': 1.0, '_a2_': 1.0, '_a4_': 1.0, '_a5_': 1.0, '_a7_': 1.0}};{'d0': 0.02490583291941664};-280.569866449044;42.841932656505634
29576;-90.8501185056062;((x / (_a3_ * _a3_)) * (_a6_ + ((x * (_a0_ + (x / pow3(_a6_)))) * _a6_)));{'d0': {'_a0_': 1.1867399317279343, '_a3_': 0.6742787195566294, '_a6_': 0.8070684919428988, '_a1_': 1.0, '_a2_': 1.0, '_a4_': 1.0, '_a5_': 1.0, '_a7_': 1.0}};{'d0': 0.0249058329194166};-280.569866449044;49.43481471891563
29577;-90.8501185056062;((x / (_a3_ * _a3_)) * (_a6_ + ((x * (_a0_ + (x / pow3(_a6_)))) * _a6_)));{'d0': {'_a0_': 1.1867399317279343, '_a3_': 0.6742787195566294, '_a6_': 0.8070684919428988, '_a1_': 1.0, '_a2_': 1.0, '_a4_': 1.0, '_a5_': 1.0, '_a7_': 1.0}};{'d0': 0.0249058329194166};-280.569866449044;49.43481471891563
29578;-90.8501185056062;((x / (_a3_ * _a3_)) * (_a6_ + ((x * (_a0_ + (x / pow3(_a6_)))) * _a6_)));{'d0': {'_a0_': 1.1867399317279343, '_a3_': 0.6742787195566294, '_a6_': 0.8070684919428988, '_a1_': 1.0, '_a2_': 1.0, '_a4_': 1.0, '_a5_': 1.0, '_a7_': 1.0}};{'d0': 0.0249058329194166};-280.569866449044;49.43481471891563
29579;-90.8501185056062;((x / (_a3_ * _a3_)) * (_a6_ + ((x * (_a0_ + (x / pow3(_a6_)))) * _a6_)));{'d0': {'_a0_': 1.1867399317279343, '_a3_': 0.6742787195566294, '_a6_': 0.8070684919428988, '_a1_': 1.0, '_a2_': 1.0, '_a4_': 1.0, '_a5_': 1.0, '_a7_': 1.0}};{'d0': 0.0249058329194166};-280.569866449044;49.43481471891563
29580;-90.8501185056062;((x / (_a3_ * _a3_)) * (_a6_ + ((x * (_a0_ + (x / pow3(_a6_)))) * _a6_)));{'d0': {'_a0_': 1.1867399317279343, '_a3_': 0.6742787195566294, '_a6_': 0.8070684919428988, '_a1_': 1.0, '_a2_': 1.0, '_a4_': 1.0, '_a5_': 1.0, '_a7_': 1.0}};{'d0': 0.0249058329194166};-280.569866449044;49.43481471891563
29581;-90.8501185056062;((x / (_a3_ * _a3_)) * (_a6_ + ((x * (_a0_ + (x / pow3(_a6_)))) * _a6_)));{'d0': {'_a0_': 1.1867399317279343, '_a3_': 0.6742787195566294, '_a6_': 0.8070684919428988, '_a1_': 1.0, '_a2_': 1.0, '_a4_': 1.0, '_a5_': 1.0, '_a7_': 1.0}};{'d0': 0.0249058329194166};-280.569866449044;49.43481471891563
29582;-90.8501185056062;((x / (_a3_ * _a3_)) * (_a6_ + ((x * (_a0_ + (x / pow3(_a6_)))) * _a6_)));{'d0': {'_a0_': 1.1867399317279343, '_a3_': 0.6742787195566294, '_a6_': 0.8070684919428988, '_a1_': 1.0, '_a2_': 1.0, '_a4_': 1.0, '_a5_': 1.0, '_a7_': 1.0}};{'d0': 0.0249058329194166};-280.569866449044;49.43481471891563
29583;-90.8501185056062;((x / (_a3_ * _a3_)) * (_a6_ + ((x * (_a0_ + (x / pow3(_a6_)))) * _a6_)));{'d0': {'_a0_': 1.1867399317279343, '_a3_': 0.6742787195566294, '_a6_': 0.8070684919428988, '_a1_': 1.0, '_a2_': 1.0, '_a4_': 1.0, '_a5_': 1.0, '_a7_': 1.0}};{'d0': 0.0249058329194166};-280.569866449044;49.43481471891563
29584;-90.8501185056062;((x / (_a3_ * _a3_)) * (_a6_ + ((x * (_a0_ + (x / pow3(_a6_)))) * _a6_)));{'d0': {'_a0_': 1.1867399317279343, '_a3_': 0.6742787195566294, '_a6_': 0.8070684919428988, '_a1_': 1.0, '_a2_': 1.0, '_a4_': 1.0, '_a5_': 1.0, '_a7_': 1.0}};{'d0': 0.0249058329194166};-280.569866449044;49.43481471891563
29585;-90.8501185056062;((x / (_a3_ * _a3_)) * (_a6_ + ((x * (_a0_ + (x / pow3(_a6_)))) * _a6_)));{'d0': {'_a0_': 1.1867399317279343, '_a3_': 0.6742787195566294, '_a6_': 0.8070684919428988, '_a1_': 1.0, '_a2_': 1.0, '_a4_': 1.0, '_a5_': 1.0, '_a7_': 1.0}};{'d0': 0.0249058329194166};-280.569866449044;49.43481471891563
29586;-90.8501185056062;((x / (_a3_ * _a3_)) * (_a6_ + ((x * (_a0_ + (x / pow3(_a6_)))) * _a6_)));{'d0': {'_a0_': 1.1867399317279343, '_a3_': 0.6742787195566294, '_a6_': 0.8070684919428988, '_a1_': 1.0, '_a2_': 1.0, '_a4_': 1.0, '_a5_': 1.0, '_a7_': 1.0}};{'d0': 0.0249058329194166};-280.569866449044;49.43481471891563
29587;-90.8501185056062;((x / (_a3_ * _a3_)) * (_a6_ + ((x * (_a0_ + (x / pow3(_a6_)))) * _a6_)));{'d0': {'_a0_': 1.1867399317279343, '_a3_': 0.6742787195566294, '_a6_': 0.8070684919428988, '_a1_': 1.0, '_a2_': 1.0, '_a4_': 1.0, '_a5_': 1.0, '_a7_': 1.0}};{'d0': 0.0249058329194166};-280.569866449044;49.43481471891563
29588;-90.8501185056062;((x / (_a3_ * _a3_)) * (_a6_ + ((x * (_a0_ + (x / pow3(_a6_)))) * _a6_)));{'d0': {'_a0_': 1.1867399317279343, '_a3_': 0.6742787195566294, '_a6_': 0.8070684919428988, '_a1_': 1.0, '_a2_': 1.0, '_a4_': 1.0, '_a5_': 1.0, '_a7_': 1.0}};{'d0': 0.0249058329194166};-280.569866449044;49.43481471891563
29589;-90.8501185056062;((x / (_a3_ * _a3_)) * (_a6_ + ((x * (_a0_ + (x / pow3(_a6_)))) * _a6_)));{'d0': {'_a0_': 1.1867399317279343, '_a3_': 0.6742787195566294, '_a6_': 0.8070684919428988, '_a1_': 1.0, '_a2_': 1.0, '_a4_': 1.0, '_a5_': 1.0, '_a7_': 1.0}};{'d0': 0.0249058329194166};-280.569866449044;49.43481471891563
29590;-90.8501185056062;((x / (_a3_ * _a3_)) * (_a6_ + ((x * (_a0_ + (x / pow3(_a6_)))) * _a6_)));{'d0': {'_a0_': 1.1867399317279343, '_a3_': 0.6742787195566294, '_a6_': 0.8070684919428988, '_a1_': 1.0, '_a2_': 1.0, '_a4_': 1.0, '_a5_': 1.0, '_a7_': 1.0}};{'d0': 0.0249058329194166};-280.569866449044;49.43481471891563
29591;-90.8501185056062;((x / (_a3_ * _a3_)) * (_a6_ + ((x * (_a0_ + (x / pow3(_a6_)))) * _a6_)));{'d0': {'_a0_': 1.1867399317279343, '_a3_': 0.6742787195566294, '_a6_': 0.8070684919428988, '_a1_': 1.0, '_a2_': 1.0, '_a4_': 1.0, '_a5_': 1.0, '_a7_': 1.0}};{'d0': 0.0249058329194166};-280.569866449044;49.43481471891563
29592;-90.8501185056062;((x / (_a3_ * _a3_)) * (_a6_ + ((x * (_a0_ + (x / pow3(_a6_)))) * _a6_)));{'d0': {'_a0_': 1.1867399317279343, '_a3_': 0.6742787195566294, '_a6_': 0.8070684919428988, '_a1_': 1.0, '_a2_': 1.0, '_a4_': 1.0, '_a5_': 1.0, '_a7_': 1.0}};{'d0': 0.0249058329194166};-280.569866449044;49.43481471891563
29593;-90.8501185056062;((x / (_a3_ * _a3_)) * (_a6_ + ((x * (_a0_ + (x / pow3(_a6_)))) * _a6_)));{'d0': {'_a0_': 1.1867399317279343, '_a3_': 0.6742787195566294, '_a6_': 0.8070684919428988, '_a1_': 1.0, '_a2_': 1.0, '_a4_': 1.0, '_a5_': 1.0, '_a7_': 1.0}};{'d0': 0.0249058329194166};-280.569866449044;49.43481471891563
29594;-90.8501185056062;((x / (_a3_ * _a3_)) * (_a6_ + ((x * (_a0_ + (x / pow3(_a6_)))) * _a6_)));{'d0': {'_a0_': 1.1867399317279343, '_a3_': 0.6742787195566294, '_a6_': 0.8070684919428988, '_a1_': 1.0, '_a2_': 1.0, '_a4_': 1.0, '_a5_': 1.0, '_a7_': 1.0}};{'d0': 0.0249058329194166};-280.569866449044;49.43481471891563
29595;-90.8501185056062;((x / (_a3_ * _a3_)) * (_a6_ + ((x * (_a0_ + (x / pow3(_a6_)))) * _a6_)));{'d0': {'_a0_': 1.1867399317279343, '_a3_': 0.6742787195566294, '_a6_': 0.8070684919428988, '_a1_': 1.0, '_a2_': 1.0, '_a4_': 1.0, '_a5_': 1.0, '_a7_': 1.0}};{'d0': 0.0249058329194166};-280.569866449044;49.43481471891563
29596;-90.8501185056062;((x / (_a3_ * _a3_)) * (_a6_ + ((x * (_a0_ + (x / pow3(_a6_)))) * _a6_)));{'d0': {'_a0_': 1.1867399317279343, '_a3_': 0.6742787195566294, '_a6_': 0.8070684919428988, '_a1_': 1.0, '_a2_': 1.0, '_a4_': 1.0, '_a5_': 1.0, '_a7_': 1.0}};{'d0': 0.0249058329194166};-280.569866449044;49.43481471891563
29597;-90.8501185056062;((x / (_a3_ * _a3_)) * (_a6_ + ((x * (_a0_ + (x / pow3(_a6_)))) * _a6_)));{'d0': {'_a0_': 1.1867399317279343, '_a3_': 0.6742787195566294, '_a6_': 0.8070684919428988, '_a1_': 1.0, '_a2_': 1.0, '_a4_': 1.0, '_a5_': 1.0, '_a7_': 1.0}};{'d0': 0.0249058329194166};-280.569866449044;49.43481471891563
29598;-90.8501185056062;((x / (_a3_ * _a3_)) * (_a6_ + ((x * (_a0_ + (x / pow3(_a6_)))) * _a6_)));{'d0': {'_a0_': 1.1867399317279343, '_a3_': 0.6742787195566294, '_a6_': 0.8070684919428988, '_a1_': 1.0, '_a2_': 1.0, '_a4_': 1.0, '_a5_': 1.0, '_a7_': 1.0}};{'d0': 0.0249058329194166};-280.569866449044;49.43481471891563
29599;-90.8501185056062;((x / (_a3_ * _a3_)) * (_a6_ + ((x * (_a0_ + (x / pow3(_a6_)))) * _a6_)));{'d0': {'_a0_': 1.1867399317279343, '_a3_': 0.6742787195566294, '_a6_': 0.8070684919428988, '_a1_': 1.0, '_a2_': 1.0, '_a4_': 1.0, '_a5_': 1.0, '_a7_': 1.0}};{'d0': 0.0249058329194166};-280.569866449044;49.43481471891563
29600;-90.8501185056062;((x / (_a3_ * _a3_)) * (_a6_ + ((x * (_a0_ + (x / pow3(_a6_)))) * _a6_)));{'d0': {'_a0_': 1.1867399317279343, '_a3_': 0.6742787195566294, '_a6_': 0.8070684919428988, '_a1_': 1.0, '_a2_': 1.0, '_a4_': 1.0, '_a5_': 1.0, '_a7_': 1.0}};{'d0': 0.0249058329194166};-280.569866449044;49.43481471891563
29601;-90.8501185056062;((x / (_a3_ * _a3_)) * (_a6_ + ((x * (_a0_ + (x / pow3(_a6_)))) * _a6_)));{'d0': {'_a0_': 1.1867399317279343, '_a3_': 0.6742787195566294, '_a6_': 0.8070684919428988, '_a1_': 1.0, '_a2_': 1.0, '_a4_': 1.0, '_a5_': 1.0, '_a7_': 1.0}};{'d0': 0.0249058329194166};-280.569866449044;49.43481471891563
29602;-90.8501185056062;((x / (_a3_ * _a3_)) * (_a6_ + ((x * (_a0_ + (x / pow3(_a6_)))) * _a6_)));{'d0': {'_a0_': 1.1867399317279343, '_a3_': 0.6742787195566294, '_a6_': 0.8070684919428988, '_a1_': 1.0, '_a2_': 1.0, '_a4_': 1.0, '_a5_': 1.0, '_a7_': 1.0}};{'d0': 0.0249058329194166};-280.569866449044;49.43481471891563
29603;-95.3958282854057;((x / (_a3_ * _a3_)) * (_a6_ + ((x * (_a0_ + (x / _a7_))) * _a6_)));{'d0': {'_a0_': 1.18673993045168, '_a3_': 3.171673993828225, '_a6_': 17.857000747891803, '_a7_': 0.5256917708897628, '_a1_': 1.0, '_a2_': 1.0, '_a4_': 1.0, '_a5_': 1.0}};{'d0': 0.024905832920661425};-276.475521883823;42.841932656505634
29604;-95.3958282854057;((x / (_a3_ * _a3_)) * (_a6_ + ((x * (_a0_ + (x / _a7_))) * _a6_)));{'d0': {'_a0_': 1.18673993045168, '_a3_': 3.171673993828225, '_a6_': 17.857000747891803, '_a7_': 0.5256917708897628, '_a1_': 1.0, '_a2_': 1.0, '_a4_': 1.0, '_a5_': 1.0}};{'d0': 0.024905832920661425};-276.475521883823;42.841932656505634
29605;-95.3958282854057;((x / (_a3_ * _a3_)) * (_a6_ + ((x * (_a0_ + (x / _a7_))) * _a6_)));{'d0': {'_a0_': 1.18673993045168, '_a3_': 3.171673993828225, '_a6_': 17.857000747891803, '_a7_': 0.5256917708897628, '_a1_': 1.0, '_a2_': 1.0, '_a4_': 1.0, '_a5_': 1.0}};{'d0': 0.024905832920661425};-276.475521883823;42.841932656505634
29606;-95.3958282854057;((x / (_a3_ * _a3_)) * (_a6_ + ((x * (_a0_ + (x / _a7_))) * _a6_)));{'d0': {'_a0_': 1.18673993045168, '_a3_': 3.171673993828225, '_a6_': 17.857000747891803, '_a7_': 0.5256917708897628, '_a1_': 1.0, '_a2_': 1.0, '_a4_': 1.0, '_a5_': 1.0}};{'d0': 0.024905832920661425};-276.475521883823;42.841932656505634
29607;-95.3958282854057;((x / (_a3_ * _a3_)) * (_a6_ + ((x * (_a0_ + (x / _a7_))) * _a6_)));{'d0': {'_a0_': 1.18673993045168, '_a3_': 3.171673993828225, '_a6_': 17.857000747891803, '_a7_': 0.5256917708897628, '_a1_': 1.0, '_a2_': 1.0, '_a4_': 1.0, '_a5_': 1.0}};{'d0': 0.024905832920661425};-276.475521883823;42.841932656505634
29608;-95.3958282854057;((x / (_a3_ * _a3_)) * (_a6_ + ((x * (_a0_ + (x / _a7_))) * _a6_)));{'d0': {'_a0_': 1.18673993045168, '_a3_': 3.171673993828225, '_a6_': 17.857000747891803, '_a7_': 0.5256917708897628, '_a1_': 1.0, '_a2_': 1.0, '_a4_': 1.0, '_a5_': 1.0}};{'d0': 0.024905832920661425};-276.475521883823;42.841932656505634
29609;-95.3958282854057;((x / (_a3_ * _a3_)) * (_a6_ + ((x * (_a0_ + (x / _a7_))) * _a6_)));{'d0': {'_a0_': 1.18673993045168, '_a3_': 3.171673993828225, '_a6_': 17.857000747891803, '_a7_': 0.5256917708897628, '_a1_': 1.0, '_a2_': 1.0, '_a4_': 1.0, '_a5_': 1.0}};{'d0': 0.024905832920661425};-276.475521883823;42.841932656505634
29610;-99.8734541873882;((_a0_ * x) * ((_a0_ / pow2((_a0_ / _a1_))) + pow2((_a2_ + x))));{'d0': {'_a0_': 3.376760877776319, '_a1_': 1.202736916104657, '_a2_': 0.31192970773801193, '_a3_': 1.0, '_a4_': 1.0, '_a5_': 1.0, '_a6_': 1.0, '_a7_': 1.0}};{'d0': 0.024905832919416577};-280.569866449044;40.41147903713356
29611;-105.710676995535;((_a0_ * x) * ((_a0_ / pow2(_a6_)) + pow2((_a2_ + x))));{'d0': {'_a0_': 3.376760878398284, '_a2_': 0.31192970773776185, '_a6_': -2.807564009375307, '_a1_': 1.0, '_a3_': 1.0, '_a4_': 1.0, '_a5_': 1.0, '_a7_': 1.0}};{'d0': 0.024905832919416653};-280.569866449044;34.57425622898636
29612;-105.710676995535;((_a0_ * x) * ((_a0_ / pow2(_a6_)) + pow2((_a2_ + x))));{'d0': {'_a0_': 3.376760878398284, '_a2_': 0.31192970773776185, '_a6_': -2.807564009375307, '_a1_': 1.0, '_a3_': 1.0, '_a4_': 1.0, '_a5_': 1.0, '_a7_': 1.0}};{'d0': 0.024905832919416653};-280.569866449044;34.57425622898636
29613;-105.710676995535;((_a0_ * x) * ((_a0_ / pow2(_a6_)) + pow2((_a2_ + x))));{'d0': {'_a0_': 3.376760878398284, '_a2_': 0.31192970773776185, '_a6_': -2.807564009375307, '_a1_': 1.0, '_a3_': 1.0, '_a4_': 1.0, '_a5_': 1.0, '_a7_': 1.0}};{'d0': 0.024905832919416653};-280.569866449044;34.57425622898636
29614;-105.710676995535;((_a0_ * x) * ((_a0_ / pow2(_a6_)) + pow2((_a2_ + x))));{'d0': {'_a0_': 3.376760878398284, '_a2_': 0.31192970773776185, '_a6_': -2.807564009375307, '_a1_': 1.0, '_a3_': 1.0, '_a4_': 1.0, '_a5_': 1.0, '_a7_': 1.0}};{'d0': 0.024905832919416653};-280.569866449044;34.57425622898636
29615;-105.710676995535;((_a0_ * x) * ((_a0_ / pow2(_a6_)) + pow2((_a2_ + x))));{'d0': {'_a0_': 3.376760878398284, '_a2_': 0.31192970773776185, '_a6_': -2.807564009375307, '_a1_': 1.0, '_a3_': 1.0, '_a4_': 1.0, '_a5_': 1.0, '_a7_': 1.0}};{'d0': 0.024905832919416653};-280.569866449044;34.57425622898636
29616;-105.710676995535;((_a0_ * x) * ((_a0_ / pow2(_a6_)) + pow2((_a2_ + x))));{'d0': {'_a0_': 3.376760878398284, '_a2_': 0.31192970773776185, '_a6_': -2.807564009375307, '_a1_': 1.0, '_a3_': 1.0, '_a4_': 1.0, '_a5_': 1.0, '_a7_': 1.0}};{'d0': 0.024905832919416653};-280.569866449044;34.57425622898636
29617;-105.710676995535;((_a0_ * x) * ((_a0_ / pow2(_a6_)) + pow2((_a2_ + x))));{'d0': {'_a0_': 3.376760878398284, '_a2_': 0.31192970773776185, '_a6_': -2.807564009375307, '_a1_': 1.0, '_a3_': 1.0, '_a4_': 1.0, '_a5_': 1.0, '_a7_': 1.0}};{'d0': 0.024905832919416653};-280.569866449044;34.57425622898636
29618;-105.710676995535;((_a0_ * x) * ((_a0_ / pow2(_a6_)) + pow2((_a2_ + x))));{'d0': {'_a0_': 3.376760878398284, '_a2_': 0.31192970773776185, '_a6_': -2.807564009375307, '_a1_': 1.0, '_a3_': 1.0, '_a4_': 1.0, '_a5_': 1.0, '_a7_': 1.0}};{'d0': 0.024905832919416653};-280.569866449044;34.57425622898636
29619;-105.710676995535;((_a0_ * x) * ((_a0_ / pow2(_a6_)) + pow2((_a2_ + x))));{'d0': {'_a0_': 3.376760878398284, '_a2_': 0.31192970773776185, '_a6_': -2.807564009375307, '_a1_': 1.0, '_a3_': 1.0, '_a4_': 1.0, '_a5_': 1.0, '_a7_': 1.0}};{'d0': 0.024905832919416653};-280.569866449044;34.57425622898636
29620;-105.710676995535;((_a0_ * x) * ((_a0_ / pow2(_a6_)) + pow2((_a2_ + x))));{'d0': {'_a0_': 3.376760878398284, '_a2_': 0.31192970773776185, '_a6_': -2.807564009375307, '_a1_': 1.0, '_a3_': 1.0, '_a4_': 1.0, '_a5_': 1.0, '_a7_': 1.0}};{'d0': 0.024905832919416653};-280.569866449044;34.57425622898636
29621;-100.833694356400;((_a0_ * (x * _a0_)) * ((_a0_ / pow2(_a6_)) + pow2((_a2_ + x))));{'d0': {'_a0_': 1.8375964947801315, '_a2_': 0.31192970791709224, '_a6_': -2.0711167901834107, '_a1_': 1.0, '_a3_': 1.0, '_a4_': 1.0, '_a5_': 1.0, '_a7_': 1.0}};{'d0': 0.024905832919416664};-280.569866449044;39.45123886812136
29622;-100.833694356400;((_a0_ * (x * _a0_)) * ((_a0_ / pow2(_a6_)) + pow2((_a2_ + x))));{'d0': {'_a0_': 1.8375964947801315, '_a2_': 0.31192970791709224, '_a6_': -2.0711167901834107, '_a1_': 1.0, '_a3_': 1.0, '_a4_': 1.0, '_a5_': 1.0, '_a7_': 1.0}};{'d0': 0.024905832919416664};-280.569866449044;39.45123886812136
29623;-100.833694356400;((_a0_ * (x * _a0_)) * ((_a0_ / pow2(_a6_)) + pow2((_a2_ + x))));{'d0': {'_a0_': 1.8375964947801315, '_a2_': 0.31192970791709224, '_a6_': -2.0711167901834107, '_a1_': 1.0, '_a3_': 1.0, '_a4_': 1.0, '_a5_': 1.0, '_a7_': 1.0}};{'d0': 0.024905832919416664};-280.569866449044;39.45123886812136
29624;-100.833694356400;((_a0_ * (x * _a0_)) * ((_a0_ / pow2(_a6_)) + pow2((_a2_ + x))));{'d0': {'_a0_': 1.8375964947801315, '_a2_': 0.31192970791709224, '_a6_': -2.0711167901834107, '_a1_': 1.0, '_a3_': 1.0, '_a4_': 1.0, '_a5_': 1.0, '_a7_': 1.0}};{'d0': 0.024905832919416664};-280.569866449044;39.45123886812136
29625;-100.833694356400;((_a0_ * (x * _a0_)) * ((_a0_ / pow2(_a6_)) + pow2((_a2_ + x))));{'d0': {'_a0_': 1.8375964947801315, '_a2_': 0.31192970791709224, '_a6_': -2.0711167901834107, '_a1_': 1.0, '_a3_': 1.0, '_a4_': 1.0, '_a5_': 1.0, '_a7_': 1.0}};{'d0': 0.024905832919416664};-280.569866449044;39.45123886812136
29626;-100.833694356400;((_a0_ * (x * _a0_)) * ((_a0_ / pow2(_a6_)) + pow2((_a2_ + x))));{'d0': {'_a0_': 1.8375964947801315, '_a2_': 0.31192970791709224, '_a6_': -2.0711167901834107, '_a1_': 1.0, '_a3_': 1.0, '_a4_': 1.0, '_a5_': 1.0, '_a7_': 1.0}};{'d0': 0.024905832919416664};-280.569866449044;39.45123886812136
29627;-100.833694356400;((_a0_ * (x * _a0_)) * ((_a0_ / pow2(_a6_)) + pow2((_a2_ + x))));{'d0': {'_a0_': 1.8375964947801315, '_a2_': 0.31192970791709224, '_a6_': -2.0711167901834107, '_a1_': 1.0, '_a3_': 1.0, '_a4_': 1.0, '_a5_': 1.0, '_a7_': 1.0}};{'d0': 0.024905832919416664};-280.569866449044;39.45123886812136
29628;-100.833694356400;((_a0_ * (x * _a0_)) * ((_a0_ / pow2(_a6_)) + pow2((_a2_ + x))));{'d0': {'_a0_': 1.8375964947801315, '_a2_': 0.31192970791709224, '_a6_': -2.0711167901834107, '_a1_': 1.0, '_a3_': 1.0, '_a4_': 1.0, '_a5_': 1.0, '_a7_': 1.0}};{'d0': 0.024905832919416664};-280.569866449044;39.45123886812136
29629;-100.833694356400;((_a0_ * (x * _a0_)) * ((_a0_ / pow2(_a6_)) + pow2((_a2_ + x))));{'d0': {'_a0_': 1.8375964947801315, '_a2_': 0.31192970791709224, '_a6_': -2.0711167901834107, '_a1_': 1.0, '_a3_': 1.0, '_a4_': 1.0, '_a5_': 1.0, '_a7_': 1.0}};{'d0': 0.024905832919416664};-280.569866449044;39.45123886812136
29630;-100.833694356400;((_a0_ * (x * _a0_)) * ((_a0_ / pow2(_a6_)) + pow2((_a2_ + x))));{'d0': {'_a0_': 1.8375964947801315, '_a2_': 0.31192970791709224, '_a6_': -2.0711167901834107, '_a1_': 1.0, '_a3_': 1.0, '_a4_': 1.0, '_a5_': 1.0, '_a7_': 1.0}};{'d0': 0.024905832919416664};-280.569866449044;39.45123886812136
29631;-100.833694356400;((_a0_ * (x * _a0_)) * ((_a0_ / pow2(_a6_)) + pow2((_a2_ + x))));{'d0': {'_a0_': 1.8375964947801315, '_a2_': 0.31192970791709224, '_a6_': -2.0711167901834107, '_a1_': 1.0, '_a3_': 1.0, '_a4_': 1.0, '_a5_': 1.0, '_a7_': 1.0}};{'d0': 0.024905832919416664};-280.569866449044;39.45123886812136
29632;-100.833694356400;((_a0_ * (x * _a0_)) * ((_a0_ / pow2(_a6_)) + pow2((_a2_ + x))));{'d0': {'_a0_': 1.8375964947801315, '_a2_': 0.31192970791709224, '_a6_': -2.0711167901834107, '_a1_': 1.0, '_a3_': 1.0, '_a4_': 1.0, '_a5_': 1.0, '_a7_': 1.0}};{'d0': 0.024905832919416664};-280.569866449044;39.45123886812136
29633;-100.833694356400;((_a0_ * (x * _a0_)) * ((_a0_ / pow2(_a6_)) + pow2((_a2_ + x))));{'d0': {'_a0_': 1.8375964947801315, '_a2_': 0.31192970791709224, '_a6_': -2.0711167901834107, '_a1_': 1.0, '_a3_': 1.0, '_a4_': 1.0, '_a5_': 1.0, '_a7_': 1.0}};{'d0': 0.024905832919416664};-280.569866449044;39.45123886812136
29634;-100.833694356400;((_a0_ * (x * _a0_)) * ((_a0_ / pow2(_a6_)) + pow2((_a2_ + x))));{'d0': {'_a0_': 1.8375964947801315, '_a2_': 0.31192970791709224, '_a6_': -2.0711167901834107, '_a1_': 1.0, '_a3_': 1.0, '_a4_': 1.0, '_a5_': 1.0, '_a7_': 1.0}};{'d0': 0.024905832919416664};-280.569866449044;39.45123886812136
29635;-100.833694356400;((_a0_ * (x * _a0_)) * ((_a0_ / pow2(_a6_)) + pow2((_a2_ + x))));{'d0': {'_a0_': 1.8375964947801315, '_a2_': 0.31192970791709224, '_a6_': -2.0711167901834107, '_a1_': 1.0, '_a3_': 1.0, '_a4_': 1.0, '_a5_': 1.0, '_a7_': 1.0}};{'d0': 0.024905832919416664};-280.569866449044;39.45123886812136
29636;-100.833694356400;((_a0_ * (x * _a0_)) * ((_a0_ / pow2(_a6_)) + pow2((_a2_ + x))));{'d0': {'_a0_': 1.8375964947801315, '_a2_': 0.31192970791709224, '_a6_': -2.0711167901834107, '_a1_': 1.0, '_a3_': 1.0, '_a4_': 1.0, '_a5_': 1.0, '_a7_': 1.0}};{'d0': 0.024905832919416664};-280.569866449044;39.45123886812136
29637;-100.833694356400;((_a0_ * (x * _a0_)) * ((_a0_ / pow2(_a6_)) + pow2((_a2_ + x))));{'d0': {'_a0_': 1.8375964947801315, '_a2_': 0.31192970791709224, '_a6_': -2.0711167901834107, '_a1_': 1.0, '_a3_': 1.0, '_a4_': 1.0, '_a5_': 1.0, '_a7_': 1.0}};{'d0': 0.024905832919416664};-280.569866449044;39.45123886812136
29638;-100.833694356400;((_a0_ * (x * _a0_)) * ((_a2_ / pow2(_a6_)) + pow2((_a2_ + x))));{'d0': {'_a0_': 1.8375964948224377, '_a2_': 0.3119297077576414, '_a6_': -0.853312056380533, '_a1_': 1.0, '_a3_': 1.0, '_a4_': 1.0, '_a5_': 1.0, '_a7_': 1.0}};{'d0': 0.024905832919416622};-280.569866449044;39.45123886812136
29639;-100.833694356400;((_a0_ * (x * _a0_)) * ((_a2_ / pow2(_a6_)) + pow2((_a2_ + x))));{'d0': {'_a0_': 1.8375964948224377, '_a2_': 0.3119297077576414, '_a6_': -0.853312056380533, '_a1_': 1.0, '_a3_': 1.0, '_a4_': 1.0, '_a5_': 1.0, '_a7_': 1.0}};{'d0': 0.024905832919416622};-280.569866449044;39.45123886812136
29640;-100.833694356400;((_a0_ * (x * _a0_)) * ((_a2_ / pow2(_a6_)) + pow2((_a2_ + x))));{'d0': {'_a0_': 1.8375964948224377, '_a2_': 0.3119297077576414, '_a6_': -0.853312056380533, '_a1_': 1.0, '_a3_': 1.0, '_a4_': 1.0, '_a5_': 1.0, '_a7_': 1.0}};{'d0': 0.024905832919416622};-280.569866449044;39.45123886812136
29641;-100.833694356400;((_a0_ * (x * _a0_)) * ((_a2_ / pow2(_a6_)) + pow2((_a2_ + x))));{'d0': {'_a0_': 1.8375964948224377, '_a2_': 0.3119297077576414, '_a6_': -0.853312056380533, '_a1_': 1.0, '_a3_': 1.0, '_a4_': 1.0, '_a5_': 1.0, '_a7_': 1.0}};{'d0': 0.024905832919416622};-280.569866449044;39.45123886812136
29642;-100.833694356400;((_a0_ * (x * _a0_)) * ((_a2_ / pow2(_a6_)) + pow2((_a2_ + x))));{'d0': {'_a0_': 1.8375964948224377, '_a2_': 0.3119297077576414, '_a6_': -0.853312056380533, '_a1_': 1.0, '_a3_': 1.0, '_a4_': 1.0, '_a5_': 1.0, '_a7_': 1.0}};{'d0': 0.024905832919416622};-280.569866449044;39.45123886812136
29643;-100.833694356400;((_a0_ * (x * _a0_)) * ((_a2_ / pow2(_a6_)) + pow2((_a2_ + x))));{'d0': {'_a0_': 1.8375964948224377, '_a2_': 0.3119297077576414, '_a6_': -0.853312056380533, '_a1_': 1.0, '_a3_': 1.0, '_a4_': 1.0, '_a5_': 1.0, '_a7_': 1.0}};{'d0': 0.024905832919416622};-280.569866449044;39.45123886812136
29644;-100.833694356400;((_a0_ * (x * _a0_)) * ((_a2_ / pow2(_a6_)) + pow2((_a2_ + x))));{'d0': {'_a0_': 1.8375964948224377, '_a2_': 0.3119297077576414, '_a6_': -0.853312056380533, '_a1_': 1.0, '_a3_': 1.0, '_a4_': 1.0, '_a5_': 1.0, '_a7_': 1.0}};{'d0': 0.024905832919416622};-280.569866449044;39.45123886812136
29645;-100.833694356400;((_a0_ * (x * _a0_)) * ((_a2_ / pow2(_a6_)) + pow2((_a2_ + x))));{'d0': {'_a0_': 1.8375964948224377, '_a2_': 0.3119297077576414, '_a6_': -0.853312056380533, '_a1_': 1.0, '_a3_': 1.0, '_a4_': 1.0, '_a5_': 1.0, '_a7_': 1.0}};{'d0': 0.024905832919416622};-280.569866449044;39.45123886812136
29646;-100.833694356400;((_a0_ * (x * _a0_)) * ((_a2_ / pow2(_a6_)) + pow2((_a2_ + x))));{'d0': {'_a0_': 1.8375964948224377, '_a2_': 0.3119297077576414, '_a6_': -0.853312056380533, '_a1_': 1.0, '_a3_': 1.0, '_a4_': 1.0, '_a5_': 1.0, '_a7_': 1.0}};{'d0': 0.024905832919416622};-280.569866449044;39.45123886812136
29647;-100.833694356400;((_a0_ * (x * _a0_)) * ((_a2_ / pow2(_a6_)) + pow2((_a2_ + x))));{'d0': {'_a0_': 1.8375964948224377, '_a2_': 0.3119297077576414, '_a6_': -0.853312056380533, '_a1_': 1.0, '_a3_': 1.0, '_a4_': 1.0, '_a5_': 1.0, '_a7_': 1.0}};{'d0': 0.024905832919416622};-280.569866449044;39.45123886812136
29648;-100.833694356400;((_a0_ * (x * _a0_)) * ((_a2_ / pow2(_a6_)) + pow2((_a2_ + x))));{'d0': {'_a0_': 1.8375964948224377, '_a2_': 0.3119297077576414, '_a6_': -0.853312056380533, '_a1_': 1.0, '_a3_': 1.0, '_a4_': 1.0, '_a5_': 1.0, '_a7_': 1.0}};{'d0': 0.024905832919416622};-280.569866449044;39.45123886812136
29649;-100.833694356400;((_a0_ * (x * _a0_)) * ((_a2_ / pow2(_a6_)) + pow2((_a2_ + x))));{'d0': {'_a0_': 1.8375964948224377, '_a2_': 0.3119297077576414, '_a6_': -0.853312056380533, '_a1_': 1.0, '_a3_': 1.0, '_a4_': 1.0, '_a5_': 1.0, '_a7_': 1.0}};{'d0': 0.024905832919416622};-280.569866449044;39.45123886812136
29650;-100.833694356400;((_a0_ * (x * _a0_)) * ((_a2_ / pow2(_a6_)) + pow2((_a2_ + x))));{'d0': {'_a0_': 1.8375964948224377, '_a2_': 0.3119297077576414, '_a6_': -0.853312056380533, '_a1_': 1.0, '_a3_': 1.0, '_a4_': 1.0, '_a5_': 1.0, '_a7_': 1.0}};{'d0': 0.024905832919416622};-280.569866449044;39.45123886812136
29651;-100.833694356400;((_a0_ * (x * _a0_)) * ((_a2_ / pow2(_a6_)) + pow2((_a2_ + x))));{'d0': {'_a0_': 1.8375964948224377, '_a2_': 0.3119297077576414, '_a6_': -0.853312056380533, '_a1_': 1.0, '_a3_': 1.0, '_a4_': 1.0, '_a5_': 1.0, '_a7_': 1.0}};{'d0': 0.024905832919416622};-280.569866449044;39.45123886812136
29652;-100.833694356400;((_a0_ * (x * _a0_)) * ((_a2_ / pow2(_a6_)) + pow2((_a2_ + x))));{'d0': {'_a0_': 1.8375964948224377, '_a2_': 0.3119297077576414, '_a6_': -0.853312056380533, '_a1_': 1.0, '_a3_': 1.0, '_a4_': 1.0, '_a5_': 1.0, '_a7_': 1.0}};{'d0': 0.024905832919416622};-280.569866449044;39.45123886812136
29653;-104.531628829010;((_a0_ * (x * _a0_)) * ((_a2_ / _a1_) + pow2((_a2_ + x))));{'d0': {'_a0_': 1.8375964951797414, '_a1_': 0.728141466158895, '_a2_': 0.31192970787549534, '_a3_': 1.0, '_a4_': 1.0, '_a5_': 1.0, '_a6_': 1.0, '_a7_': 1.0}};{'d0': 0.02490583291941663};-280.569866449044;35.75330439551136
29654;-104.531628829010;((_a0_ * (x * _a0_)) * ((_a2_ / _a1_) + pow2((_a2_ + x))));{'d0': {'_a0_': 1.8375964951797414, '_a1_': 0.728141466158895, '_a2_': 0.31192970787549534, '_a3_': 1.0, '_a4_': 1.0, '_a5_': 1.0, '_a6_': 1.0, '_a7_': 1.0}};{'d0': 0.02490583291941663};-280.569866449044;35.75330439551136
29655;-104.531628829010;((_a0_ * (x * _a0_)) * ((_a2_ / _a1_) + pow2((_a2_ + x))));{'d0': {'_a0_': 1.8375964951797414, '_a1_': 0.728141466158895, '_a2_': 0.31192970787549534, '_a3_': 1.0, '_a4_': 1.0, '_a5_': 1.0, '_a6_': 1.0, '_a7_': 1.0}};{'d0': 0.02490583291941663};-280.569866449044;35.75330439551136
29656;-96.4717394444431;((x / _a1_) * (_a6_ + ((x * ((_a6_ + _a7_) + (x / _a7_))) * _a6_)));{'d0': {'_a1_': 0.37239308976386293, '_a6_': 0.6610481582233633, '_a7_': 0.5256917712369118, '_a0_': 1.0, '_a2_': 1.0, '_a3_': 1.0, '_a4_': 1.0, '_a5_': 1.0}};{'d0': 0.02490583291941664};-280.569866449044;43.813193780078635
29657;-96.4717394444431;((x / _a1_) * (_a6_ + ((x * ((_a6_ + _a7_) + (x / _a7_))) * _a6_)));{'d0': {'_a1_': 0.37239308976386293, '_a6_': 0.6610481582233633, '_a7_': 0.5256917712369118, '_a0_': 1.0, '_a2_': 1.0, '_a3_': 1.0, '_a4_': 1.0, '_a5_': 1.0}};{'d0': 0.02490583291941664};-280.569866449044;43.813193780078635
29658;-96.4717394444431;((x / _a1_) * (_a6_ + ((x * ((_a6_ + _a7_) + (x / _a7_))) * _a6_)));{'d0': {'_a1_': 0.37239308976386293, '_a6_': 0.6610481582233633, '_a7_': 0.5256917712369118, '_a0_': 1.0, '_a2_': 1.0, '_a3_': 1.0, '_a4_': 1.0, '_a5_': 1.0}};{'d0': 0.02490583291941664};-280.569866449044;43.813193780078635
29659;-96.4717394444431;((x / _a1_) * (_a6_ + ((x * ((_a6_ + _a7_) + (x / _a7_))) * _a6_)));{'d0': {'_a1_': 0.37239308976386293, '_a6_': 0.6610481582233633, '_a7_': 0.5256917712369118, '_a0_': 1.0, '_a2_': 1.0, '_a3_': 1.0, '_a4_': 1.0, '_a5_': 1.0}};{'d0': 0.02490583291941664};-280.569866449044;43.813193780078635
29660;-96.4717394444431;((x / _a1_) * (_a6_ + ((x * ((_a6_ + _a7_) + (x / _a7_))) * _a6_)));{'d0': {'_a1_': 0.37239308976386293, '_a6_': 0.6610481582233633, '_a7_': 0.5256917712369118, '_a0_': 1.0, '_a2_': 1.0, '_a3_': 1.0, '_a4_': 1.0, '_a5_': 1.0}};{'d0': 0.02490583291941664};-280.569866449044;43.813193780078635
29661;-96.4717394444431;((x / _a1_) * (_a6_ + ((x * ((_a6_ + _a7_) + (x / _a7_))) * _a6_)));{'d0': {'_a1_': 0.37239308976386293, '_a6_': 0.6610481582233633, '_a7_': 0.5256917712369118, '_a0_': 1.0, '_a2_': 1.0, '_a3_': 1.0, '_a4_': 1.0, '_a5_': 1.0}};{'d0': 0.02490583291941664};-280.569866449044;43.813193780078635
29662;-96.4717394444431;((x / _a1_) * (_a6_ + ((x * ((_a6_ + _a7_) + (x / _a7_))) * _a6_)));{'d0': {'_a1_': 0.37239308976386293, '_a6_': 0.6610481582233633, '_a7_': 0.5256917712369118, '_a0_': 1.0, '_a2_': 1.0, '_a3_': 1.0, '_a4_': 1.0, '_a5_': 1.0}};{'d0': 0.02490583291941664};-280.569866449044;43.813193780078635
29663;-96.4717394444431;((x / _a1_) * (_a6_ + ((x * ((_a6_ + _a7_) + (x / _a7_))) * _a6_)));{'d0': {'_a1_': 0.37239308976386293, '_a6_': 0.6610481582233633, '_a7_': 0.5256917712369118, '_a0_': 1.0, '_a2_': 1.0, '_a3_': 1.0, '_a4_': 1.0, '_a5_': 1.0}};{'d0': 0.02490583291941664};-280.569866449044;43.813193780078635
29664;-95.4745682336861;((x / _a1_) * (_a6_ + ((x * ((_a6_ + _a7_) + (x / _a7_))) / _a6_)));{'d0': {'_a1_': 0.6427211996913266, '_a6_': 1.1409171567776761, '_a7_': 0.4038526681759406, '_a0_': 1.0, '_a2_': 1.0, '_a3_': 1.0, '_a4_': 1.0, '_a5_': 1.0}};{'d0': 0.024905832919416622};-280.569866449044;44.81036499083564
29665;-95.4745682336861;((x / _a1_) * (_a6_ + ((x * ((_a6_ + _a7_) + (x / _a7_))) / _a6_)));{'d0': {'_a1_': 0.6427211996913266, '_a6_': 1.1409171567776761, '_a7_': 0.4038526681759406, '_a0_': 1.0, '_a2_': 1.0, '_a3_': 1.0, '_a4_': 1.0, '_a5_': 1.0}};{'d0': 0.024905832919416622};-280.569866449044;44.81036499083564
29666;-95.4745682336861;((x / _a1_) * (_a6_ + ((x * ((_a6_ + _a7_) + (x / _a7_))) / _a6_)));{'d0': {'_a1_': 0.6427211996913266, '_a6_': 1.1409171567776761, '_a7_': 0.4038526681759406, '_a0_': 1.0, '_a2_': 1.0, '_a3_': 1.0, '_a4_': 1.0, '_a5_': 1.0}};{'d0': 0.024905832919416622};-280.569866449044;44.81036499083564
29667;-92.2847194763085;((x / (_a5_ + exp(_a0_))) + (x * (_a0_ * pow2(((_a5_ / _a6_) + x)))));{'d0': {'_a0_': 3.3767608828394953, '_a5_': -28.584502133146877, '_a6_': -91.63763958178674, '_a1_': 1.0, '_a2_': 1.0, '_a3_': 1.0, '_a4_': 1.0, '_a7_': 1.0}};{'d0': 0.0249058329194166};-280.569866449044;48.00021374821351
29668;-92.2847194763085;((x / (_a5_ + exp(_a0_))) + (x * (_a0_ * pow2(((_a5_ / _a6_) + x)))));{'d0': {'_a0_': 3.3767608828394953, '_a5_': -28.584502133146877, '_a6_': -91.63763958178674, '_a1_': 1.0, '_a2_': 1.0, '_a3_': 1.0, '_a4_': 1.0, '_a7_': 1.0}};{'d0': 0.0249058329194166};-280.569866449044;48.00021374821351
29669;-92.2847194763085;((x / (_a5_ + exp(_a0_))) + (x * (_a0_ * pow2(((_a5_ / _a6_) + x)))));{'d0': {'_a0_': 3.3767608828394953, '_a5_': -28.584502133146877, '_a6_': -91.63763958178674, '_a1_': 1.0, '_a2_': 1.0, '_a3_': 1.0, '_a4_': 1.0, '_a7_': 1.0}};{'d0': 0.0249058329194166};-280.569866449044;48.00021374821351
29670;-92.2847194763085;((x / (_a5_ + exp(_a0_))) + (x * (_a0_ * pow2(((_a5_ / _a6_) + x)))));{'d0': {'_a0_': 3.3767608828394953, '_a5_': -28.584502133146877, '_a6_': -91.63763958178674, '_a1_': 1.0, '_a2_': 1.0, '_a3_': 1.0, '_a4_': 1.0, '_a7_': 1.0}};{'d0': 0.0249058329194166};-280.569866449044;48.00021374821351
29671;-92.2847194763085;((x / (_a5_ + exp(_a0_))) + (x * (_a0_ * pow2(((_a5_ / _a6_) + x)))));{'d0': {'_a0_': 3.3767608828394953, '_a5_': -28.584502133146877, '_a6_': -91.63763958178674, '_a1_': 1.0, '_a2_': 1.0, '_a3_': 1.0, '_a4_': 1.0, '_a7_': 1.0}};{'d0': 0.0249058329194166};-280.569866449044;48.00021374821351
29672;-92.2847194763085;((x / (_a5_ + exp(_a0_))) + (x * (_a0_ * pow2(((_a5_ / _a6_) + x)))));{'d0': {'_a0_': 3.3767608828394953, '_a5_': -28.584502133146877, '_a6_': -91.63763958178674, '_a1_': 1.0, '_a2_': 1.0, '_a3_': 1.0, '_a4_': 1.0, '_a7_': 1.0}};{'d0': 0.0249058329194166};-280.569866449044;48.00021374821351
29673;-92.2847194763085;((x / (_a5_ + exp(_a0_))) + (x * (_a0_ * pow2(((_a5_ / _a6_) + x)))));{'d0': {'_a0_': 3.3767608828394953, '_a5_': -28.584502133146877, '_a6_': -91.63763958178674, '_a1_': 1.0, '_a2_': 1.0, '_a3_': 1.0, '_a4_': 1.0, '_a7_': 1.0}};{'d0': 0.0249058329194166};-280.569866449044;48.00021374821351
29674;-92.2847194763085;((x / (_a5_ + exp(_a0_))) + (x * (_a0_ * pow2(((_a5_ / _a6_) + x)))));{'d0': {'_a0_': 3.3767608828394953, '_a5_': -28.584502133146877, '_a6_': -91.63763958178674, '_a1_': 1.0, '_a2_': 1.0, '_a3_': 1.0, '_a4_': 1.0, '_a7_': 1.0}};{'d0': 0.0249058329194166};-280.569866449044;48.00021374821351
29675;-92.2847194763085;((x / (_a5_ + exp(_a0_))) + (x * (_a0_ * pow2(((_a5_ / _a6_) + x)))));{'d0': {'_a0_': 3.3767608828394953, '_a5_': -28.584502133146877, '_a6_': -91.63763958178674, '_a1_': 1.0, '_a2_': 1.0, '_a3_': 1.0, '_a4_': 1.0, '_a7_': 1.0}};{'d0': 0.0249058329194166};-280.569866449044;48.00021374821351
29676;-92.2847194763085;((x / (_a5_ + exp(_a0_))) + (x * (_a0_ * pow2(((_a5_ / _a6_) + x)))));{'d0': {'_a0_': 3.3767608828394953, '_a5_': -28.584502133146877, '_a6_': -91.63763958178674, '_a1_': 1.0, '_a2_': 1.0, '_a3_': 1.0, '_a4_': 1.0, '_a7_': 1.0}};{'d0': 0.0249058329194166};-280.569866449044;48.00021374821351
29677;-92.2847194763085;((x / (_a5_ + exp(_a0_))) + (x * (_a0_ * pow2(((_a5_ / _a6_) + x)))));{'d0': {'_a0_': 3.3767608828394953, '_a5_': -28.584502133146877, '_a6_': -91.63763958178674, '_a1_': 1.0, '_a2_': 1.0, '_a3_': 1.0, '_a4_': 1.0, '_a7_': 1.0}};{'d0': 0.0249058329194166};-280.569866449044;48.00021374821351
29678;-92.2847194763085;((x / (_a5_ + exp(_a0_))) + (x * (_a0_ * pow2(((_a5_ / _a6_) + x)))));{'d0': {'_a0_': 3.3767608828394953, '_a5_': -28.584502133146877, '_a6_': -91.63763958178674, '_a1_': 1.0, '_a2_': 1.0, '_a3_': 1.0, '_a4_': 1.0, '_a7_': 1.0}};{'d0': 0.0249058329194166};-280.569866449044;48.00021374821351
29679;-92.0425324918857;((x / (_a5_ + exp(_a0_))) + (x * (_a0_ * pow2((cos(_a4_) + x)))));{'d0': {'_a0_': 3.3767608801766995, '_a4_': 1.253572923199967, '_a5_': -28.584502055563075, '_a1_': 1.0, '_a2_': 1.0, '_a3_': 1.0, '_a6_': 1.0, '_a7_': 1.0}};{'d0': 0.024905832919416535};-280.569866449044;48.24240073263631
29680;-92.0425324918857;((x / (_a5_ + exp(_a0_))) + (x * (_a0_ * pow2((cos(_a4_) + x)))));{'d0': {'_a0_': 3.3767608801766995, '_a4_': 1.253572923199967, '_a5_': -28.584502055563075, '_a1_': 1.0, '_a2_': 1.0, '_a3_': 1.0, '_a6_': 1.0, '_a7_': 1.0}};{'d0': 0.024905832919416535};-280.569866449044;48.24240073263631
29681;-92.0425324918857;((x / (_a5_ + exp(_a0_))) + (x * (_a0_ * pow2((cos(_a4_) + x)))));{'d0': {'_a0_': 3.3767608801766995, '_a4_': 1.253572923199967, '_a5_': -28.584502055563075, '_a1_': 1.0, '_a2_': 1.0, '_a3_': 1.0, '_a6_': 1.0, '_a7_': 1.0}};{'d0': 0.024905832919416535};-280.569866449044;48.24240073263631
29682;-92.0425324918857;((x / (_a5_ + exp(_a0_))) + (x * (_a0_ * pow2((cos(_a4_) + x)))));{'d0': {'_a0_': 3.3767608801766995, '_a4_': 1.253572923199967, '_a5_': -28.584502055563075, '_a1_': 1.0, '_a2_': 1.0, '_a3_': 1.0, '_a6_': 1.0, '_a7_': 1.0}};{'d0': 0.024905832919416535};-280.569866449044;48.24240073263631
29683;-92.0425324918857;((x / (_a5_ + exp(_a0_))) + (x * (_a0_ * pow2((cos(_a4_) + x)))));{'d0': {'_a0_': 3.3767608801766995, '_a4_': 1.253572923199967, '_a5_': -28.584502055563075, '_a1_': 1.0, '_a2_': 1.0, '_a3_': 1.0, '_a6_': 1.0, '_a7_': 1.0}};{'d0': 0.024905832919416535};-280.569866449044;48.24240073263631
29684;-92.0425324918857;((x / (_a5_ + exp(_a0_))) + (x * (_a0_ * pow2((cos(_a4_) + x)))));{'d0': {'_a0_': 3.3767608801766995, '_a4_': 1.253572923199967, '_a5_': -28.584502055563075, '_a1_': 1.0, '_a2_': 1.0, '_a3_': 1.0, '_a6_': 1.0, '_a7_': 1.0}};{'d0': 0.024905832919416535};-280.569866449044;48.24240073263631
29685;-92.0425324918857;((x / (_a5_ + exp(_a0_))) + (x * (_a0_ * pow2((cos(_a4_) + x)))));{'d0': {'_a0_': 3.3767608801766995, '_a4_': 1.253572923199967, '_a5_': -28.584502055563075, '_a1_': 1.0, '_a2_': 1.0, '_a3_': 1.0, '_a6_': 1.0, '_a7_': 1.0}};{'d0': 0.024905832919416535};-280.569866449044;48.24240073263631
29686;-91.5048331018422;((x / (_a5_ + exp(_a0_))) + (x * (_a0_ * pow2((sin(_a4_) + x)))));{'d0': {'_a0_': 3.3767608778075355, '_a4_': 0.3172234036766661, '_a5_': -28.58450198658323, '_a1_': 1.0, '_a2_': 1.0, '_a3_': 1.0, '_a6_': 1.0, '_a7_': 1.0}};{'d0': 0.024905832919416553};-280.569866449044;48.78010012267983
29687;-91.5048331018422;((x / (_a5_ + exp(_a0_))) + (x * (_a0_ * pow2((sin(_a4_) + x)))));{'d0': {'_a0_': 3.3767608778075355, '_a4_': 0.3172234036766661, '_a5_': -28.58450198658323, '_a1_': 1.0, '_a2_': 1.0, '_a3_': 1.0, '_a6_': 1.0, '_a7_': 1.0}};{'d0': 0.024905832919416553};-280.569866449044;48.78010012267983
29688;-91.5048331018422;((x / (_a5_ + exp(_a0_))) + (x * (_a0_ * pow2((sin(_a4_) + x)))));{'d0': {'_a0_': 3.3767608778075355, '_a4_': 0.3172234036766661, '_a5_': -28.58450198658323, '_a1_': 1.0, '_a2_': 1.0, '_a3_': 1.0, '_a6_': 1.0, '_a7_': 1.0}};{'d0': 0.024905832919416553};-280.569866449044;48.78010012267983
29689;-91.5048331018422;((x / (_a5_ + exp(_a0_))) + (x * (_a0_ * pow2((sin(_a4_) + x)))));{'d0': {'_a0_': 3.3767608778075355, '_a4_': 0.3172234036766661, '_a5_': -28.58450198658323, '_a1_': 1.0, '_a2_': 1.0, '_a3_': 1.0, '_a6_': 1.0, '_a7_': 1.0}};{'d0': 0.024905832919416553};-280.569866449044;48.78010012267983
29690;-91.5048331018422;((x / (_a5_ + exp(_a0_))) + (x * (_a0_ * pow2((sin(_a4_) + x)))));{'d0': {'_a0_': 3.3767608778075355, '_a4_': 0.3172234036766661, '_a5_': -28.58450198658323, '_a1_': 1.0, '_a2_': 1.0, '_a3_': 1.0, '_a6_': 1.0, '_a7_': 1.0}};{'d0': 0.024905832919416553};-280.569866449044;48.78010012267983
29691;-91.5048331018422;((x / (_a5_ + exp(_a0_))) + (x * (_a0_ * pow2((sin(_a4_) + x)))));{'d0': {'_a0_': 3.3767608778075355, '_a4_': 0.3172234036766661, '_a5_': -28.58450198658323, '_a1_': 1.0, '_a2_': 1.0, '_a3_': 1.0, '_a6_': 1.0, '_a7_': 1.0}};{'d0': 0.024905832919416553};-280.569866449044;48.78010012267983
29692;-91.5048331018422;((x / (_a5_ + exp(_a0_))) + (x * (_a0_ * pow2((sin(_a4_) + x)))));{'d0': {'_a0_': 3.3767608778075355, '_a4_': 0.3172234036766661, '_a5_': -28.58450198658323, '_a1_': 1.0, '_a2_': 1.0, '_a3_': 1.0, '_a6_': 1.0, '_a7_': 1.0}};{'d0': 0.024905832919416553};-280.569866449044;48.78010012267983
29693;-91.5048331018422;((x / (_a5_ + exp(_a0_))) + (x * (_a0_ * pow2((sin(_a4_) + x)))));{'d0': {'_a0_': 3.3767608778075355, '_a4_': 0.3172234036766661, '_a5_': -28.58450198658323, '_a1_': 1.0, '_a2_': 1.0, '_a3_': 1.0, '_a6_': 1.0, '_a7_': 1.0}};{'d0': 0.024905832919416553};-280.569866449044;48.78010012267983
29694;-91.5048331018422;((x / (_a5_ + exp(_a0_))) + (x * (_a0_ * pow2((sin(_a4_) + x)))));{'d0': {'_a0_': 3.3767608778075355, '_a4_': 0.3172234036766661, '_a5_': -28.58450198658323, '_a1_': 1.0, '_a2_': 1.0, '_a3_': 1.0, '_a6_': 1.0, '_a7_': 1.0}};{'d0': 0.024905832919416553};-280.569866449044;48.78010012267983
29695;-91.5048331018422;((x / (_a5_ + exp(_a0_))) + (x * (_a0_ * pow2((sin(_a4_) + x)))));{'d0': {'_a0_': 3.3767608778075355, '_a4_': 0.3172234036766661, '_a5_': -28.58450198658323, '_a1_': 1.0, '_a2_': 1.0, '_a3_': 1.0, '_a6_': 1.0, '_a7_': 1.0}};{'d0': 0.024905832919416553};-280.569866449044;48.78010012267983
29696;-93.5519769866789;((x / (_a5_ + exp(_a0_))) + (x * (_a0_ * pow2((sin(_a5_) + x)))));{'d0': {'_a0_': 3.377002874033202, '_a5_': -28.591557454965663, '_a1_': 1.0, '_a2_': 1.0, '_a3_': 1.0, '_a4_': 1.0, '_a6_': 1.0, '_a7_': 1.0}};{'d0': 0.024905856493856536};-284.664154218717;48.78010012267983
29697;-93.5519769866789;((x / (_a5_ + exp(_a0_))) + (x * (_a0_ * pow2((sin(_a5_) + x)))));{'d0': {'_a0_': 3.377002874033202, '_a5_': -28.591557454965663, '_a1_': 1.0, '_a2_': 1.0, '_a3_': 1.0, '_a4_': 1.0, '_a6_': 1.0, '_a7_': 1.0}};{'d0': 0.024905856493856536};-284.664154218717;48.78010012267983
29698;-93.5519769866789;((x / (_a5_ + exp(_a0_))) + (x * (_a0_ * pow2((sin(_a5_) + x)))));{'d0': {'_a0_': 3.377002874033202, '_a5_': -28.591557454965663, '_a1_': 1.0, '_a2_': 1.0, '_a3_': 1.0, '_a4_': 1.0, '_a6_': 1.0, '_a7_': 1.0}};{'d0': 0.024905856493856536};-284.664154218717;48.78010012267983
29699;-93.5519769866789;((x / (_a5_ + exp(_a0_))) + (x * (_a0_ * pow2((sin(_a5_) + x)))));{'d0': {'_a0_': 3.377002874033202, '_a5_': -28.591557454965663, '_a1_': 1.0, '_a2_': 1.0, '_a3_': 1.0, '_a4_': 1.0, '_a6_': 1.0, '_a7_': 1.0}};{'d0': 0.024905856493856536};-284.664154218717;48.78010012267983
29700;-93.5519769866789;((x / (_a5_ + exp(_a0_))) + (x * (_a0_ * pow2((sin(_a5_) + x)))));{'d0': {'_a0_': 3.377002874033202, '_a5_': -28.591557454965663, '_a1_': 1.0, '_a2_': 1.0, '_a3_': 1.0, '_a4_': 1.0, '_a6_': 1.0, '_a7_': 1.0}};{'d0': 0.024905856493856536};-284.664154218717;48.78010012267983
29701;-93.5519769866789;((x / (_a5_ + exp(_a0_))) + (x * (_a0_ * pow2((sin(_a5_) + x)))));{'d0': {'_a0_': 3.377002874033202, '_a5_': -28.591557454965663, '_a1_': 1.0, '_a2_': 1.0, '_a3_': 1.0, '_a4_': 1.0, '_a6_': 1.0, '_a7_': 1.0}};{'d0': 0.024905856493856536};-284.664154218717;48.78010012267983
29702;-93.5519769866789;((x / (_a5_ + exp(_a0_))) + (x * (_a0_ * pow2((sin(_a5_) + x)))));{'d0': {'_a0_': 3.377002874033202, '_a5_': -28.591557454965663, '_a1_': 1.0, '_a2_': 1.0, '_a3_': 1.0, '_a4_': 1.0, '_a6_': 1.0, '_a7_': 1.0}};{'d0': 0.024905856493856536};-284.664154218717;48.78010012267983
29703;-93.5519769866789;((x / (_a5_ + exp(_a0_))) + (x * (_a0_ * pow2((sin(_a5_) + x)))));{'d0': {'_a0_': 3.377002874033202, '_a5_': -28.591557454965663, '_a1_': 1.0, '_a2_': 1.0, '_a3_': 1.0, '_a4_': 1.0, '_a6_': 1.0, '_a7_': 1.0}};{'d0': 0.024905856493856536};-284.664154218717;48.78010012267983
29704;-93.5519769866789;((x / (_a5_ + exp(_a0_))) + (x * (_a0_ * pow2((sin(_a5_) + x)))));{'d0': {'_a0_': 3.377002874033202, '_a5_': -28.591557454965663, '_a1_': 1.0, '_a2_': 1.0, '_a3_': 1.0, '_a4_': 1.0, '_a6_': 1.0, '_a7_': 1.0}};{'d0': 0.024905856493856536};-284.664154218717;48.78010012267983
29705;-93.5519769866789;((x / (_a5_ + exp(_a0_))) + (x * (_a0_ * pow2((sin(_a5_) + x)))));{'d0': {'_a0_': 3.377002874033202, '_a5_': -28.591557454965663, '_a1_': 1.0, '_a2_': 1.0, '_a3_': 1.0, '_a4_': 1.0, '_a6_': 1.0, '_a7_': 1.0}};{'d0': 0.024905856493856536};-284.664154218717;48.78010012267983
29706;-93.5519769866789;((x / (_a5_ + exp(_a0_))) + (x * (_a0_ * pow2((sin(_a5_) + x)))));{'d0': {'_a0_': 3.377002874033202, '_a5_': -28.591557454965663, '_a1_': 1.0, '_a2_': 1.0, '_a3_': 1.0, '_a4_': 1.0, '_a6_': 1.0, '_a7_': 1.0}};{'d0': 0.024905856493856536};-284.664154218717;48.78010012267983
29707;-93.5519769866789;((x / (_a5_ + exp(_a0_))) + (x * (_a0_ * pow2((sin(_a5_) + x)))));{'d0': {'_a0_': 3.377002874033202, '_a5_': -28.591557454965663, '_a1_': 1.0, '_a2_': 1.0, '_a3_': 1.0, '_a4_': 1.0, '_a6_': 1.0, '_a7_': 1.0}};{'d0': 0.024905856493856536};-284.664154218717;48.78010012267983
29708;-93.5519769866789;((x / (_a5_ + exp(_a0_))) + (x * (_a0_ * pow2((sin(_a5_) + x)))));{'d0': {'_a0_': 3.377002874033202, '_a5_': -28.591557454965663, '_a1_': 1.0, '_a2_': 1.0, '_a3_': 1.0, '_a4_': 1.0, '_a6_': 1.0, '_a7_': 1.0}};{'d0': 0.024905856493856536};-284.664154218717;48.78010012267983
29709;-93.5519769866789;((x / (_a5_ + exp(_a0_))) + (x * (_a0_ * pow2((sin(_a5_) + x)))));{'d0': {'_a0_': 3.377002874033202, '_a5_': -28.591557454965663, '_a1_': 1.0, '_a2_': 1.0, '_a3_': 1.0, '_a4_': 1.0, '_a6_': 1.0, '_a7_': 1.0}};{'d0': 0.024905856493856536};-284.664154218717;48.78010012267983
29710;-93.5519769866789;((x / (_a5_ + exp(_a0_))) + (x * (_a0_ * pow2((sin(_a5_) + x)))));{'d0': {'_a0_': 3.377002874033202, '_a5_': -28.591557454965663, '_a1_': 1.0, '_a2_': 1.0, '_a3_': 1.0, '_a4_': 1.0, '_a6_': 1.0, '_a7_': 1.0}};{'d0': 0.024905856493856536};-284.664154218717;48.78010012267983
29711;-93.5519769866789;((x / (_a5_ + exp(_a0_))) + (x * (_a0_ * pow2((sin(_a5_) + x)))));{'d0': {'_a0_': 3.377002874033202, '_a5_': -28.591557454965663, '_a1_': 1.0, '_a2_': 1.0, '_a3_': 1.0, '_a4_': 1.0, '_a6_': 1.0, '_a7_': 1.0}};{'d0': 0.024905856493856536};-284.664154218717;48.78010012267983
29712;-93.5519769866789;((x / (_a5_ + exp(_a0_))) + (x * (_a0_ * pow2((sin(_a5_) + x)))));{'d0': {'_a0_': 3.377002874033202, '_a5_': -28.591557454965663, '_a1_': 1.0, '_a2_': 1.0, '_a3_': 1.0, '_a4_': 1.0, '_a6_': 1.0, '_a7_': 1.0}};{'d0': 0.024905856493856536};-284.664154218717;48.78010012267983
29713;-93.5519769866789;((x / (_a5_ + exp(_a0_))) + (x * (_a0_ * pow2((sin(_a5_) + x)))));{'d0': {'_a0_': 3.377002874033202, '_a5_': -28.591557454965663, '_a1_': 1.0, '_a2_': 1.0, '_a3_': 1.0, '_a4_': 1.0, '_a6_': 1.0, '_a7_': 1.0}};{'d0': 0.024905856493856536};-284.664154218717;48.78010012267983
29714;-93.5519769866789;((x / (_a5_ + exp(_a0_))) + (x * (_a0_ * pow2((sin(_a5_) + x)))));{'d0': {'_a0_': 3.377002874033202, '_a5_': -28.591557454965663, '_a1_': 1.0, '_a2_': 1.0, '_a3_': 1.0, '_a4_': 1.0, '_a6_': 1.0, '_a7_': 1.0}};{'d0': 0.024905856493856536};-284.664154218717;48.78010012267983
29715;-93.5519769866789;((x / (_a5_ + exp(_a0_))) + (x * (_a0_ * pow2((sin(_a5_) + x)))));{'d0': {'_a0_': 3.377002874033202, '_a5_': -28.591557454965663, '_a1_': 1.0, '_a2_': 1.0, '_a3_': 1.0, '_a4_': 1.0, '_a6_': 1.0, '_a7_': 1.0}};{'d0': 0.024905856493856536};-284.664154218717;48.78010012267983
29716;-93.5519769866789;((x / (_a5_ + exp(_a0_))) + (x * (_a0_ * pow2((sin(_a5_) + x)))));{'d0': {'_a0_': 3.377002874033202, '_a5_': -28.591557454965663, '_a1_': 1.0, '_a2_': 1.0, '_a3_': 1.0, '_a4_': 1.0, '_a6_': 1.0, '_a7_': 1.0}};{'d0': 0.024905856493856536};-284.664154218717;48.78010012267983
29717;-93.5519769866789;((x / (_a5_ + exp(_a0_))) + (x * (_a0_ * pow2((sin(_a5_) + x)))));{'d0': {'_a0_': 3.377002874033202, '_a5_': -28.591557454965663, '_a1_': 1.0, '_a2_': 1.0, '_a3_': 1.0, '_a4_': 1.0, '_a6_': 1.0, '_a7_': 1.0}};{'d0': 0.024905856493856536};-284.664154218717;48.78010012267983
29718;-93.5519769866789;((x / (_a5_ + exp(_a0_))) + (x * (_a0_ * pow2((sin(_a5_) + x)))));{'d0': {'_a0_': 3.377002874033202, '_a5_': -28.591557454965663, '_a1_': 1.0, '_a2_': 1.0, '_a3_': 1.0, '_a4_': 1.0, '_a6_': 1.0, '_a7_': 1.0}};{'d0': 0.024905856493856536};-284.664154218717;48.78010012267983
29719;-93.5519769866789;((x / (_a5_ + exp(_a0_))) + (x * (_a0_ * pow2((sin(_a5_) + x)))));{'d0': {'_a0_': 3.377002874033202, '_a5_': -28.591557454965663, '_a1_': 1.0, '_a2_': 1.0, '_a3_': 1.0, '_a4_': 1.0, '_a6_': 1.0, '_a7_': 1.0}};{'d0': 0.024905856493856536};-284.664154218717;48.78010012267983
29720;-93.5519769866789;((x / (_a5_ + exp(_a0_))) + (x * (_a0_ * pow2((sin(_a5_) + x)))));{'d0': {'_a0_': 3.377002874033202, '_a5_': -28.591557454965663, '_a1_': 1.0, '_a2_': 1.0, '_a3_': 1.0, '_a4_': 1.0, '_a6_': 1.0, '_a7_': 1.0}};{'d0': 0.024905856493856536};-284.664154218717;48.78010012267983
29721;-93.5519769866789;((x / (_a5_ + exp(_a0_))) + (x * (_a0_ * pow2((sin(_a5_) + x)))));{'d0': {'_a0_': 3.377002874033202, '_a5_': -28.591557454965663, '_a1_': 1.0, '_a2_': 1.0, '_a3_': 1.0, '_a4_': 1.0, '_a6_': 1.0, '_a7_': 1.0}};{'d0': 0.024905856493856536};-284.664154218717;48.78010012267983
29722;-93.5519769866789;((x / (_a5_ + exp(_a0_))) + (x * (_a0_ * pow2((sin(_a5_) + x)))));{'d0': {'_a0_': 3.377002874033202, '_a5_': -28.591557454965663, '_a1_': 1.0, '_a2_': 1.0, '_a3_': 1.0, '_a4_': 1.0, '_a6_': 1.0, '_a7_': 1.0}};{'d0': 0.024905856493856536};-284.664154218717;48.78010012267983
29723;-93.5519769866789;((x / (_a5_ + exp(_a0_))) + (x * (_a0_ * pow2((sin(_a5_) + x)))));{'d0': {'_a0_': 3.377002874033202, '_a5_': -28.591557454965663, '_a1_': 1.0, '_a2_': 1.0, '_a3_': 1.0, '_a4_': 1.0, '_a6_': 1.0, '_a7_': 1.0}};{'d0': 0.024905856493856536};-284.664154218717;48.78010012267983
29724;-93.5519769866789;((x / (_a5_ + exp(_a0_))) + (x * (_a0_ * pow2((sin(_a5_) + x)))));{'d0': {'_a0_': 3.377002874033202, '_a5_': -28.591557454965663, '_a1_': 1.0, '_a2_': 1.0, '_a3_': 1.0, '_a4_': 1.0, '_a6_': 1.0, '_a7_': 1.0}};{'d0': 0.024905856493856536};-284.664154218717;48.78010012267983
29725;-93.5519769866789;((x / (_a5_ + exp(_a0_))) + (x * (_a0_ * pow2((sin(_a5_) + x)))));{'d0': {'_a0_': 3.377002874033202, '_a5_': -28.591557454965663, '_a1_': 1.0, '_a2_': 1.0, '_a3_': 1.0, '_a4_': 1.0, '_a6_': 1.0, '_a7_': 1.0}};{'d0': 0.024905856493856536};-284.664154218717;48.78010012267983
29726;-93.5519769866789;((x / (_a5_ + exp(_a0_))) + (x * (_a0_ * pow2((sin(_a5_) + x)))));{'d0': {'_a0_': 3.377002874033202, '_a5_': -28.591557454965663, '_a1_': 1.0, '_a2_': 1.0, '_a3_': 1.0, '_a4_': 1.0, '_a6_': 1.0, '_a7_': 1.0}};{'d0': 0.024905856493856536};-284.664154218717;48.78010012267983
29727;-93.5519769866789;((x / (_a5_ + exp(_a0_))) + (x * (_a0_ * pow2((sin(_a5_) + x)))));{'d0': {'_a0_': 3.377002874033202, '_a5_': -28.591557454965663, '_a1_': 1.0, '_a2_': 1.0, '_a3_': 1.0, '_a4_': 1.0, '_a6_': 1.0, '_a7_': 1.0}};{'d0': 0.024905856493856536};-284.664154218717;48.78010012267983
29728;-93.5519769866789;((x / (_a5_ + exp(_a0_))) + (x * (_a0_ * pow2((sin(_a5_) + x)))));{'d0': {'_a0_': 3.377002874033202, '_a5_': -28.591557454965663, '_a1_': 1.0, '_a2_': 1.0, '_a3_': 1.0, '_a4_': 1.0, '_a6_': 1.0, '_a7_': 1.0}};{'d0': 0.024905856493856536};-284.664154218717;48.78010012267983
29729;-93.5519769866789;((x / (_a5_ + exp(_a0_))) + (x * (_a0_ * pow2((sin(_a5_) + x)))));{'d0': {'_a0_': 3.377002874033202, '_a5_': -28.591557454965663, '_a1_': 1.0, '_a2_': 1.0, '_a3_': 1.0, '_a4_': 1.0, '_a6_': 1.0, '_a7_': 1.0}};{'d0': 0.024905856493856536};-284.664154218717;48.78010012267983
29730;-93.5519769866789;((x / (_a5_ + exp(_a0_))) + (x * (_a0_ * pow2((sin(_a5_) + x)))));{'d0': {'_a0_': 3.377002874033202, '_a5_': -28.591557454965663, '_a1_': 1.0, '_a2_': 1.0, '_a3_': 1.0, '_a4_': 1.0, '_a6_': 1.0, '_a7_': 1.0}};{'d0': 0.024905856493856536};-284.664154218717;48.78010012267983
29731;-93.5519769866789;((x / (_a5_ + exp(_a0_))) + (x * (_a0_ * pow2((sin(_a5_) + x)))));{'d0': {'_a0_': 3.377002874033202, '_a5_': -28.591557454965663, '_a1_': 1.0, '_a2_': 1.0, '_a3_': 1.0, '_a4_': 1.0, '_a6_': 1.0, '_a7_': 1.0}};{'d0': 0.024905856493856536};-284.664154218717;48.78010012267983
29732;-93.5519769866789;((x / (_a5_ + exp(_a0_))) + (x * (_a0_ * pow2((sin(_a5_) + x)))));{'d0': {'_a0_': 3.377002874033202, '_a5_': -28.591557454965663, '_a1_': 1.0, '_a2_': 1.0, '_a3_': 1.0, '_a4_': 1.0, '_a6_': 1.0, '_a7_': 1.0}};{'d0': 0.024905856493856536};-284.664154218717;48.78010012267983
29733;-93.5519769866789;((x / (_a5_ + exp(_a0_))) + (x * (_a0_ * pow2((sin(_a5_) + x)))));{'d0': {'_a0_': 3.377002874033202, '_a5_': -28.591557454965663, '_a1_': 1.0, '_a2_': 1.0, '_a3_': 1.0, '_a4_': 1.0, '_a6_': 1.0, '_a7_': 1.0}};{'d0': 0.024905856493856536};-284.664154218717;48.78010012267983
29734;-93.5519769866789;((x / (_a5_ + exp(_a0_))) + (x * (_a0_ * pow2((sin(_a5_) + x)))));{'d0': {'_a0_': 3.377002874033202, '_a5_': -28.591557454965663, '_a1_': 1.0, '_a2_': 1.0, '_a3_': 1.0, '_a4_': 1.0, '_a6_': 1.0, '_a7_': 1.0}};{'d0': 0.024905856493856536};-284.664154218717;48.78010012267983
29735;-93.5519769866789;((x / (_a5_ + exp(_a0_))) + (x * (_a0_ * pow2((sin(_a5_) + x)))));{'d0': {'_a0_': 3.377002874033202, '_a5_': -28.591557454965663, '_a1_': 1.0, '_a2_': 1.0, '_a3_': 1.0, '_a4_': 1.0, '_a6_': 1.0, '_a7_': 1.0}};{'d0': 0.024905856493856536};-284.664154218717;48.78010012267983
29736;-102.392340493473;((x * _a1_) * (_a6_ + ((x * (_a4_ + (x / _a1_))) / _a6_)));{'d0': {'_a1_': 5.994207788181745, '_a4_': 0.10407704197269868, '_a6_': 0.2961417866827731, '_a0_': 1.0, '_a2_': 1.0, '_a3_': 1.0, '_a5_': 1.0, '_a7_': 1.0}};{'d0': 0.02490583291941665};-280.569866449044;37.89259273104864
29737;-102.392340493473;((x * _a1_) * (_a6_ + ((x * (_a4_ + (x / _a1_))) / _a6_)));{'d0': {'_a1_': 5.994207788181745, '_a4_': 0.10407704197269868, '_a6_': 0.2961417866827731, '_a0_': 1.0, '_a2_': 1.0, '_a3_': 1.0, '_a5_': 1.0, '_a7_': 1.0}};{'d0': 0.02490583291941665};-280.569866449044;37.89259273104864
29738;-102.392340493473;((x * _a1_) * (_a6_ + ((x * (_a4_ + (x / _a1_))) / _a6_)));{'d0': {'_a1_': 5.994207788181745, '_a4_': 0.10407704197269868, '_a6_': 0.2961417866827731, '_a0_': 1.0, '_a2_': 1.0, '_a3_': 1.0, '_a5_': 1.0, '_a7_': 1.0}};{'d0': 0.02490583291941665};-280.569866449044;37.89259273104864
29739;-102.392340493473;((x * _a1_) * (_a6_ + ((x * (_a4_ + (x / _a1_))) / _a6_)));{'d0': {'_a1_': 5.994207788181745, '_a4_': 0.10407704197269868, '_a6_': 0.2961417866827731, '_a0_': 1.0, '_a2_': 1.0, '_a3_': 1.0, '_a5_': 1.0, '_a7_': 1.0}};{'d0': 0.02490583291941665};-280.569866449044;37.89259273104864
29740;-93.5519769866789;((x / (_a5_ + exp(_a0_))) + (x * (_a0_ * pow2((sin(_a5_) + x)))));{'d0': {'_a0_': 3.377002874033202, '_a5_': -28.591557454965663, '_a1_': 1.0, '_a2_': 1.0, '_a3_': 1.0, '_a4_': 1.0, '_a6_': 1.0, '_a7_': 1.0}};{'d0': 0.024905856493856536};-284.664154218717;48.78010012267983
29741;-93.5519769866789;((x / (_a5_ + exp(_a0_))) + (x * (_a0_ * pow2((sin(_a5_) + x)))));{'d0': {'_a0_': 3.377002874033202, '_a5_': -28.591557454965663, '_a1_': 1.0, '_a2_': 1.0, '_a3_': 1.0, '_a4_': 1.0, '_a6_': 1.0, '_a7_': 1.0}};{'d0': 0.024905856493856536};-284.664154218717;48.78010012267983
29742;-93.5519769866789;((x / (_a5_ + exp(_a0_))) + (x * (_a0_ * pow2((sin(_a5_) + x)))));{'d0': {'_a0_': 3.377002874033202, '_a5_': -28.591557454965663, '_a1_': 1.0, '_a2_': 1.0, '_a3_': 1.0, '_a4_': 1.0, '_a6_': 1.0, '_a7_': 1.0}};{'d0': 0.024905856493856536};-284.664154218717;48.78010012267983
29743;-93.5519769866789;((x / (_a5_ + exp(_a0_))) + (x * (_a0_ * pow2((sin(_a5_) + x)))));{'d0': {'_a0_': 3.377002874033202, '_a5_': -28.591557454965663, '_a1_': 1.0, '_a2_': 1.0, '_a3_': 1.0, '_a4_': 1.0, '_a6_': 1.0, '_a7_': 1.0}};{'d0': 0.024905856493856536};-284.664154218717;48.78010012267983
29744;-93.5519769866789;((x / (_a5_ + exp(_a0_))) + (x * (_a0_ * pow2((sin(_a5_) + x)))));{'d0': {'_a0_': 3.377002874033202, '_a5_': -28.591557454965663, '_a1_': 1.0, '_a2_': 1.0, '_a3_': 1.0, '_a4_': 1.0, '_a6_': 1.0, '_a7_': 1.0}};{'d0': 0.024905856493856536};-284.664154218717;48.78010012267983
29745;-102.392340493473;((x * _a1_) * (_a6_ + ((x * (_a4_ + (x / _a1_))) / _a6_)));{'d0': {'_a1_': 5.994207788181745, '_a4_': 0.10407704197269868, '_a6_': 0.2961417866827731, '_a0_': 1.0, '_a2_': 1.0, '_a3_': 1.0, '_a5_': 1.0, '_a7_': 1.0}};{'d0': 0.02490583291941665};-280.569866449044;37.89259273104864
29746;-102.392340493473;((x * _a1_) * (_a6_ + ((x * (_a4_ + (x / _a1_))) / _a4_)));{'d0': {'_a1_': 2.106624068746487, '_a4_': 0.2961417867525102, '_a6_': 0.8426446042160937, '_a0_': 1.0, '_a2_': 1.0, '_a3_': 1.0, '_a5_': 1.0, '_a7_': 1.0}};{'d0': 0.02490583291941667};-280.569866449043;37.89259273104864
29747;-103.280223376163;((x * _a1_) * (_a6_ + ((x * (_a4_ + (x / _a1_))) * _a4_)));{'d0': {'_a1_': 0.1847508419178893, '_a4_': 3.3767608791726516, '_a6_': 9.60826692488687, '_a0_': 1.0, '_a2_': 1.0, '_a3_': 1.0, '_a5_': 1.0, '_a7_': 1.0}};{'d0': 0.024905832919416674};-280.569866449043;37.00470984835844
29748;-103.280223376163;((x * _a1_) * (_a6_ + ((x * (_a4_ + (x / _a1_))) * _a4_)));{'d0': {'_a1_': 0.1847508419178893, '_a4_': 3.3767608791726516, '_a6_': 9.60826692488687, '_a0_': 1.0, '_a2_': 1.0, '_a3_': 1.0, '_a5_': 1.0, '_a7_': 1.0}};{'d0': 0.024905832919416674};-280.569866449043;37.00470984835844
29749;-103.280223376163;((x * _a1_) * (_a6_ + ((x * (_a4_ + (x / _a1_))) * _a4_)));{'d0': {'_a1_': 0.1847508419178893, '_a4_': 3.3767608791726516, '_a6_': 9.60826692488687, '_a0_': 1.0, '_a2_': 1.0, '_a3_': 1.0, '_a5_': 1.0, '_a7_': 1.0}};{'d0': 0.024905832919416674};-280.569866449043;37.00470984835844
29750;-103.280223376163;((x * _a1_) * (_a6_ + ((x * (_a4_ + (x / _a1_))) * _a4_)));{'d0': {'_a1_': 0.1847508419178893, '_a4_': 3.3767608791726516, '_a6_': 9.60826692488687, '_a0_': 1.0, '_a2_': 1.0, '_a3_': 1.0, '_a5_': 1.0, '_a7_': 1.0}};{'d0': 0.024905832919416674};-280.569866449043;37.00470984835844
29751;-103.280223376163;((x * _a1_) * (_a6_ + ((x * (_a4_ + (x / _a1_))) * _a4_)));{'d0': {'_a1_': 0.1847508419178893, '_a4_': 3.3767608791726516, '_a6_': 9.60826692488687, '_a0_': 1.0, '_a2_': 1.0, '_a3_': 1.0, '_a5_': 1.0, '_a7_': 1.0}};{'d0': 0.024905832919416674};-280.569866449043;37.00470984835844
29752;-103.280223376163;((x * _a1_) * (_a6_ + ((x * (_a4_ + (x / _a1_))) * _a4_)));{'d0': {'_a1_': 0.1847508419178893, '_a4_': 3.3767608791726516, '_a6_': 9.60826692488687, '_a0_': 1.0, '_a2_': 1.0, '_a3_': 1.0, '_a5_': 1.0, '_a7_': 1.0}};{'d0': 0.024905832919416674};-280.569866449043;37.00470984835844
29753;-103.280223376163;((x * _a1_) * (_a6_ + ((x * (_a4_ + (x / _a1_))) * _a4_)));{'d0': {'_a1_': 0.1847508419178893, '_a4_': 3.3767608791726516, '_a6_': 9.60826692488687, '_a0_': 1.0, '_a2_': 1.0, '_a3_': 1.0, '_a5_': 1.0, '_a7_': 1.0}};{'d0': 0.024905832919416674};-280.569866449043;37.00470984835844
29754;-103.280223376163;((x * _a1_) * (_a6_ + ((x * (_a4_ + (x / _a1_))) * _a4_)));{'d0': {'_a1_': 0.1847508419178893, '_a4_': 3.3767608791726516, '_a6_': 9.60826692488687, '_a0_': 1.0, '_a2_': 1.0, '_a3_': 1.0, '_a5_': 1.0, '_a7_': 1.0}};{'d0': 0.024905832919416674};-280.569866449043;37.00470984835844
29755;-103.280223376163;((x * _a1_) * (_a6_ + ((x * (_a4_ + (x / _a1_))) * _a4_)));{'d0': {'_a1_': 0.1847508419178893, '_a4_': 3.3767608791726516, '_a6_': 9.60826692488687, '_a0_': 1.0, '_a2_': 1.0, '_a3_': 1.0, '_a5_': 1.0, '_a7_': 1.0}};{'d0': 0.024905832919416674};-280.569866449043;37.00470984835844
29756;-103.280223376163;((x * _a1_) * (_a6_ + ((x * (_a4_ + (x / _a1_))) * _a4_)));{'d0': {'_a1_': 0.1847508419178893, '_a4_': 3.3767608791726516, '_a6_': 9.60826692488687, '_a0_': 1.0, '_a2_': 1.0, '_a3_': 1.0, '_a5_': 1.0, '_a7_': 1.0}};{'d0': 0.024905832919416674};-280.569866449043;37.00470984835844
29757;-103.280223376163;((x * _a1_) * (_a6_ + ((x * (_a4_ + (x / _a1_))) * _a4_)));{'d0': {'_a1_': 0.1847508419178893, '_a4_': 3.3767608791726516, '_a6_': 9.60826692488687, '_a0_': 1.0, '_a2_': 1.0, '_a3_': 1.0, '_a5_': 1.0, '_a7_': 1.0}};{'d0': 0.024905832919416674};-280.569866449043;37.00470984835844
29758;-103.280223376163;((x * _a1_) * (_a6_ + ((x * (_a4_ + (x / _a1_))) * _a4_)));{'d0': {'_a1_': 0.1847508419178893, '_a4_': 3.3767608791726516, '_a6_': 9.60826692488687, '_a0_': 1.0, '_a2_': 1.0, '_a3_': 1.0, '_a5_': 1.0, '_a7_': 1.0}};{'d0': 0.024905832919416674};-280.569866449043;37.00470984835844
29759;-103.280223376163;((x * _a1_) * (_a6_ + ((x * (_a4_ + (x / _a1_))) * _a4_)));{'d0': {'_a1_': 0.1847508419178893, '_a4_': 3.3767608791726516, '_a6_': 9.60826692488687, '_a0_': 1.0, '_a2_': 1.0, '_a3_': 1.0, '_a5_': 1.0, '_a7_': 1.0}};{'d0': 0.024905832919416674};-280.569866449043;37.00470984835844
29760;-93.5519769866789;((x / (_a5_ + exp(_a0_))) + (x * (_a0_ * pow2((sin(_a5_) + x)))));{'d0': {'_a0_': 3.377002874033202, '_a5_': -28.591557454965663, '_a1_': 1.0, '_a2_': 1.0, '_a3_': 1.0, '_a4_': 1.0, '_a6_': 1.0, '_a7_': 1.0}};{'d0': 0.024905856493856536};-284.664154218717;48.78010012267983
29761;-92.2847194763084;((x / (_a5_ + exp(_a0_))) + (x * (_a0_ * pow2(((_a2_ / _a5_) + x)))));{'d0': {'_a0_': 3.3767608884440485, '_a2_': -8.916355450751158, '_a5_': -28.5845022966511, '_a1_': 1.0, '_a3_': 1.0, '_a4_': 1.0, '_a6_': 1.0, '_a7_': 1.0}};{'d0': 0.024905832919416667};-280.569866449044;48.00021374821351
29762;-92.2847194763084;((x / (_a5_ + exp(_a0_))) + (x * (_a0_ * pow2(((_a2_ / _a5_) + x)))));{'d0': {'_a0_': 3.3767608884440485, '_a2_': -8.916355450751158, '_a5_': -28.5845022966511, '_a1_': 1.0, '_a3_': 1.0, '_a4_': 1.0, '_a6_': 1.0, '_a7_': 1.0}};{'d0': 0.024905832919416667};-280.569866449044;48.00021374821351
29763;-92.2847194763084;((x / (_a5_ + exp(_a0_))) + (x * (_a0_ * pow2(((_a2_ / _a5_) + x)))));{'d0': {'_a0_': 3.3767608884440485, '_a2_': -8.916355450751158, '_a5_': -28.5845022966511, '_a1_': 1.0, '_a3_': 1.0, '_a4_': 1.0, '_a6_': 1.0, '_a7_': 1.0}};{'d0': 0.024905832919416667};-280.569866449044;48.00021374821351
29764;-92.2847194763084;((x / (_a5_ + exp(_a0_))) + (x * (_a0_ * pow2(((_a2_ / _a5_) + x)))));{'d0': {'_a0_': 3.3767608884440485, '_a2_': -8.916355450751158, '_a5_': -28.5845022966511, '_a1_': 1.0, '_a3_': 1.0, '_a4_': 1.0, '_a6_': 1.0, '_a7_': 1.0}};{'d0': 0.024905832919416667};-280.569866449044;48.00021374821351
29765;-92.2847194763084;((x / (_a5_ + exp(_a0_))) + (x * (_a0_ * pow2(((_a2_ / _a5_) + x)))));{'d0': {'_a0_': 3.3767608884440485, '_a2_': -8.916355450751158, '_a5_': -28.5845022966511, '_a1_': 1.0, '_a3_': 1.0, '_a4_': 1.0, '_a6_': 1.0, '_a7_': 1.0}};{'d0': 0.024905832919416667};-280.569866449044;48.00021374821351
29766;-92.2847194763084;((x / (_a5_ + exp(_a0_))) + (x * (_a0_ * pow2(((_a2_ / _a5_) + x)))));{'d0': {'_a0_': 3.3767608884440485, '_a2_': -8.916355450751158, '_a5_': -28.5845022966511, '_a1_': 1.0, '_a3_': 1.0, '_a4_': 1.0, '_a6_': 1.0, '_a7_': 1.0}};{'d0': 0.024905832919416667};-280.569866449044;48.00021374821351
29767;-92.2847194763084;((x / (_a5_ + exp(_a0_))) + (x * (_a0_ * pow2(((_a2_ / _a5_) + x)))));{'d0': {'_a0_': 3.3767608884440485, '_a2_': -8.916355450751158, '_a5_': -28.5845022966511, '_a1_': 1.0, '_a3_': 1.0, '_a4_': 1.0, '_a6_': 1.0, '_a7_': 1.0}};{'d0': 0.024905832919416667};-280.569866449044;48.00021374821351
29768;-92.2847194763084;((x / (_a5_ + exp(_a0_))) + (x * (_a0_ * pow2(((_a2_ / _a5_) + x)))));{'d0': {'_a0_': 3.3767608884440485, '_a2_': -8.916355450751158, '_a5_': -28.5845022966511, '_a1_': 1.0, '_a3_': 1.0, '_a4_': 1.0, '_a6_': 1.0, '_a7_': 1.0}};{'d0': 0.024905832919416667};-280.569866449044;48.00021374821351
29769;-92.2847194763084;((x / (_a5_ + exp(_a0_))) + (x * (_a0_ * pow2(((_a2_ / _a5_) + x)))));{'d0': {'_a0_': 3.3767608884440485, '_a2_': -8.916355450751158, '_a5_': -28.5845022966511, '_a1_': 1.0, '_a3_': 1.0, '_a4_': 1.0, '_a6_': 1.0, '_a7_': 1.0}};{'d0': 0.024905832919416667};-280.569866449044;48.00021374821351
29770;-92.2847194763084;((x / (_a5_ + exp(_a0_))) + (x * (_a0_ * pow2(((_a2_ / _a5_) + x)))));{'d0': {'_a0_': 3.3767608884440485, '_a2_': -8.916355450751158, '_a5_': -28.5845022966511, '_a1_': 1.0, '_a3_': 1.0, '_a4_': 1.0, '_a6_': 1.0, '_a7_': 1.0}};{'d0': 0.024905832919416667};-280.569866449044;48.00021374821351
29771;-92.2847194763084;((x / (_a5_ + exp(_a0_))) + (x * (_a0_ * pow2(((_a2_ / _a5_) + x)))));{'d0': {'_a0_': 3.3767608884440485, '_a2_': -8.916355450751158, '_a5_': -28.5845022966511, '_a1_': 1.0, '_a3_': 1.0, '_a4_': 1.0, '_a6_': 1.0, '_a7_': 1.0}};{'d0': 0.024905832919416667};-280.569866449044;48.00021374821351
29772;-92.2847194763084;((x / (_a5_ + exp(_a0_))) + (x * (_a0_ * pow2(((_a2_ / _a5_) + x)))));{'d0': {'_a0_': 3.3767608884440485, '_a2_': -8.916355450751158, '_a5_': -28.5845022966511, '_a1_': 1.0, '_a3_': 1.0, '_a4_': 1.0, '_a6_': 1.0, '_a7_': 1.0}};{'d0': 0.024905832919416667};-280.569866449044;48.00021374821351
29773;-98.2585261643843;((x * _a1_) * ((_a7_ * _a4_) + ((x * (_a1_ + (x / _a1_))) * _a4_)));{'d0': {'_a1_': 0.7898477166481204, '_a4_': 3.376760879504037, '_a7_': 0.6655609163639038, '_a0_': 1.0, '_a2_': 1.0, '_a3_': 1.0, '_a5_': 1.0, '_a6_': 1.0}};{'d0': 0.02490583291941669};-280.569866449043;42.02640706013744
29774;-98.2585261643843;((x * _a1_) * ((_a7_ * _a4_) + ((x * (_a1_ + (x / _a1_))) * _a4_)));{'d0': {'_a1_': 0.7898477166481204, '_a4_': 3.376760879504037, '_a7_': 0.6655609163639038, '_a0_': 1.0, '_a2_': 1.0, '_a3_': 1.0, '_a5_': 1.0, '_a6_': 1.0}};{'d0': 0.02490583291941669};-280.569866449043;42.02640706013744
29775;-98.2585261643843;((x * _a1_) * ((_a7_ * _a4_) + ((x * (_a1_ + (x / _a1_))) * _a4_)));{'d0': {'_a1_': 0.7898477166481204, '_a4_': 3.376760879504037, '_a7_': 0.6655609163639038, '_a0_': 1.0, '_a2_': 1.0, '_a3_': 1.0, '_a5_': 1.0, '_a6_': 1.0}};{'d0': 0.02490583291941669};-280.569866449043;42.02640706013744
29776;-98.2585261643843;((x * _a1_) * ((_a7_ * _a4_) + ((x * (_a1_ + (x / _a1_))) * _a4_)));{'d0': {'_a1_': 0.7898477166481204, '_a4_': 3.376760879504037, '_a7_': 0.6655609163639038, '_a0_': 1.0, '_a2_': 1.0, '_a3_': 1.0, '_a5_': 1.0, '_a6_': 1.0}};{'d0': 0.02490583291941669};-280.569866449043;42.02640706013744
29777;-98.2585261643843;((x * _a1_) * ((_a7_ * _a4_) + ((x * (_a1_ + (x / _a1_))) * _a4_)));{'d0': {'_a1_': 0.7898477166481204, '_a4_': 3.376760879504037, '_a7_': 0.6655609163639038, '_a0_': 1.0, '_a2_': 1.0, '_a3_': 1.0, '_a5_': 1.0, '_a6_': 1.0}};{'d0': 0.02490583291941669};-280.569866449043;42.02640706013744
29778;-98.2585261643843;((x * _a1_) * ((_a3_ * _a4_) + ((x * (_a1_ + (x / _a1_))) * _a4_)));{'d0': {'_a1_': 0.7898477167178742, '_a3_': 0.6655609162688063, '_a4_': 3.3767608800188786, '_a0_': 1.0, '_a2_': 1.0, '_a5_': 1.0, '_a6_': 1.0, '_a7_': 1.0}};{'d0': 0.024905832919416643};-280.569866449044;42.02640706013744
29779;-98.2585261643843;((x * _a1_) * ((_a3_ * _a4_) + ((x * (_a1_ + (x / _a1_))) * _a4_)));{'d0': {'_a1_': 0.7898477167178742, '_a3_': 0.6655609162688063, '_a4_': 3.3767608800188786, '_a0_': 1.0, '_a2_': 1.0, '_a5_': 1.0, '_a6_': 1.0, '_a7_': 1.0}};{'d0': 0.024905832919416643};-280.569866449044;42.02640706013744
29780;-98.2585261643843;((x * _a1_) * ((_a3_ * _a4_) + ((x * (_a1_ + (x / _a1_))) * _a4_)));{'d0': {'_a1_': 0.7898477167178742, '_a3_': 0.6655609162688063, '_a4_': 3.3767608800188786, '_a0_': 1.0, '_a2_': 1.0, '_a5_': 1.0, '_a6_': 1.0, '_a7_': 1.0}};{'d0': 0.024905832919416643};-280.569866449044;42.02640706013744
29781;-98.2585261643843;((x * _a1_) * ((_a3_ * _a4_) + ((x * (_a1_ + (x / _a1_))) * _a4_)));{'d0': {'_a1_': 0.7898477167178742, '_a3_': 0.6655609162688063, '_a4_': 3.3767608800188786, '_a0_': 1.0, '_a2_': 1.0, '_a5_': 1.0, '_a6_': 1.0, '_a7_': 1.0}};{'d0': 0.024905832919416643};-280.569866449044;42.02640706013744
29782;-98.2585261643843;((x * _a1_) * ((_a3_ * _a4_) + ((x * (_a1_ + (x / _a1_))) * _a4_)));{'d0': {'_a1_': 0.7898477167178742, '_a3_': 0.6655609162688063, '_a4_': 3.3767608800188786, '_a0_': 1.0, '_a2_': 1.0, '_a5_': 1.0, '_a6_': 1.0, '_a7_': 1.0}};{'d0': 0.024905832919416643};-280.569866449044;42.02640706013744
29783;-98.2585261643843;((x * _a1_) * ((_a3_ * _a4_) + ((x * (_a1_ + (x / _a1_))) * _a4_)));{'d0': {'_a1_': 0.7898477167178742, '_a3_': 0.6655609162688063, '_a4_': 3.3767608800188786, '_a0_': 1.0, '_a2_': 1.0, '_a5_': 1.0, '_a6_': 1.0, '_a7_': 1.0}};{'d0': 0.024905832919416643};-280.569866449044;42.02640706013744
29784;-98.2585261643843;((x * _a1_) * ((_a3_ * _a4_) + ((x * (_a1_ + (x / _a1_))) * _a4_)));{'d0': {'_a1_': 0.7898477167178742, '_a3_': 0.6655609162688063, '_a4_': 3.3767608800188786, '_a0_': 1.0, '_a2_': 1.0, '_a5_': 1.0, '_a6_': 1.0, '_a7_': 1.0}};{'d0': 0.024905832919416643};-280.569866449044;42.02640706013744
29785;-98.2585261643843;((x * _a1_) * ((_a3_ * _a4_) + ((x * (_a1_ + (x / _a1_))) * _a4_)));{'d0': {'_a1_': 0.7898477167178742, '_a3_': 0.6655609162688063, '_a4_': 3.3767608800188786, '_a0_': 1.0, '_a2_': 1.0, '_a5_': 1.0, '_a6_': 1.0, '_a7_': 1.0}};{'d0': 0.024905832919416643};-280.569866449044;42.02640706013744
29786;-98.2585261643843;((x * _a1_) * ((_a3_ * _a4_) + ((x * (_a1_ + (x / _a1_))) * _a4_)));{'d0': {'_a1_': 0.7898477167178742, '_a3_': 0.6655609162688063, '_a4_': 3.3767608800188786, '_a0_': 1.0, '_a2_': 1.0, '_a5_': 1.0, '_a6_': 1.0, '_a7_': 1.0}};{'d0': 0.024905832919416643};-280.569866449044;42.02640706013744
29787;-98.2585261643843;((x * _a1_) * ((_a3_ * _a4_) + ((x * (_a1_ + (x / _a1_))) * _a4_)));{'d0': {'_a1_': 0.7898477167178742, '_a3_': 0.6655609162688063, '_a4_': 3.3767608800188786, '_a0_': 1.0, '_a2_': 1.0, '_a5_': 1.0, '_a6_': 1.0, '_a7_': 1.0}};{'d0': 0.024905832919416643};-280.569866449044;42.02640706013744
29788;-98.2585261643843;((x * _a1_) * ((_a3_ * _a4_) + ((x * (_a1_ + (x / _a1_))) * _a4_)));{'d0': {'_a1_': 0.7898477167178742, '_a3_': 0.6655609162688063, '_a4_': 3.3767608800188786, '_a0_': 1.0, '_a2_': 1.0, '_a5_': 1.0, '_a6_': 1.0, '_a7_': 1.0}};{'d0': 0.024905832919416643};-280.569866449044;42.02640706013744
29789;-98.2585261643843;((x * _a1_) * ((_a3_ * _a4_) + ((x * (_a1_ + (x / _a1_))) * _a4_)));{'d0': {'_a1_': 0.7898477167178742, '_a3_': 0.6655609162688063, '_a4_': 3.3767608800188786, '_a0_': 1.0, '_a2_': 1.0, '_a5_': 1.0, '_a6_': 1.0, '_a7_': 1.0}};{'d0': 0.024905832919416643};-280.569866449044;42.02640706013744
29790;-98.1382168817567;((x * _a1_) * ((_a3_ * _a4_) + ((x * (_a1_ + (x + _a1_))) * _a4_)));{'d0': {'_a1_': 0.31192970780483714, '_a3_': 0.5256917704837579, '_a4_': 10.825390443545942, '_a0_': 1.0, '_a2_': 1.0, '_a5_': 1.0, '_a6_': 1.0, '_a7_': 1.0}};{'d0': 0.02490583291941664};-280.569866449044;42.14671634276504
29791;-103.159914093536;((x * _a1_) * (_a3_ + ((x * (_a1_ + (x + _a1_))) * _a4_)));{'d0': {'_a1_': 0.3119297077260512, '_a3_': 5.69081866835948, '_a4_': 10.825390449384809, '_a0_': 1.0, '_a2_': 1.0, '_a5_': 1.0, '_a6_': 1.0, '_a7_': 1.0}};{'d0': 0.024905832919416657};-280.569866449044;37.12501913098604
29792;-103.159914093536;((x * _a1_) * (_a3_ + ((x * (_a1_ + (x + _a1_))) * _a4_)));{'d0': {'_a1_': 0.3119297077260512, '_a3_': 5.69081866835948, '_a4_': 10.825390449384809, '_a0_': 1.0, '_a2_': 1.0, '_a5_': 1.0, '_a6_': 1.0, '_a7_': 1.0}};{'d0': 0.024905832919416657};-280.569866449044;37.12501913098604
29793;-103.159914093536;((x * _a1_) * (_a3_ + ((x * (_a1_ + (x + _a1_))) * _a4_)));{'d0': {'_a1_': 0.3119297077260512, '_a3_': 5.69081866835948, '_a4_': 10.825390449384809, '_a0_': 1.0, '_a2_': 1.0, '_a5_': 1.0, '_a6_': 1.0, '_a7_': 1.0}};{'d0': 0.024905832919416657};-280.569866449044;37.12501913098604
29794;-103.159914093536;((x * _a1_) * (_a3_ + ((x * (_a1_ + (x + _a1_))) * _a4_)));{'d0': {'_a1_': 0.3119297077260512, '_a3_': 5.69081866835948, '_a4_': 10.825390449384809, '_a0_': 1.0, '_a2_': 1.0, '_a5_': 1.0, '_a6_': 1.0, '_a7_': 1.0}};{'d0': 0.024905832919416657};-280.569866449044;37.12501913098604
29795;-103.159914093536;((x * _a1_) * (_a3_ + ((x * (_a1_ + (x + _a1_))) * _a4_)));{'d0': {'_a1_': 0.3119297077260512, '_a3_': 5.69081866835948, '_a4_': 10.825390449384809, '_a0_': 1.0, '_a2_': 1.0, '_a5_': 1.0, '_a6_': 1.0, '_a7_': 1.0}};{'d0': 0.024905832919416657};-280.569866449044;37.12501913098604
29796;-103.159914093536;((x * _a1_) * (_a3_ + ((x * (_a1_ + (x + _a1_))) * _a4_)));{'d0': {'_a1_': 0.3119297077260512, '_a3_': 5.69081866835948, '_a4_': 10.825390449384809, '_a0_': 1.0, '_a2_': 1.0, '_a5_': 1.0, '_a6_': 1.0, '_a7_': 1.0}};{'d0': 0.024905832919416657};-280.569866449044;37.12501913098604
29797;-103.159914093536;((x * _a1_) * (_a3_ + ((x * (_a1_ + (x + _a1_))) * _a4_)));{'d0': {'_a1_': 0.3119297077260512, '_a3_': 5.69081866835948, '_a4_': 10.825390449384809, '_a0_': 1.0, '_a2_': 1.0, '_a5_': 1.0, '_a6_': 1.0, '_a7_': 1.0}};{'d0': 0.024905832919416657};-280.569866449044;37.12501913098604
29798;-103.159914093536;((x * _a1_) * (_a3_ + ((x * (_a1_ + (x + _a1_))) * _a4_)));{'d0': {'_a1_': 0.3119297077260512, '_a3_': 5.69081866835948, '_a4_': 10.825390449384809, '_a0_': 1.0, '_a2_': 1.0, '_a5_': 1.0, '_a6_': 1.0, '_a7_': 1.0}};{'d0': 0.024905832919416657};-280.569866449044;37.12501913098604
29799;-103.159914093536;((x * _a1_) * (_a3_ + ((x * (_a1_ + (x + _a1_))) * _a4_)));{'d0': {'_a1_': 0.3119297077260512, '_a3_': 5.69081866835948, '_a4_': 10.825390449384809, '_a0_': 1.0, '_a2_': 1.0, '_a5_': 1.0, '_a6_': 1.0, '_a7_': 1.0}};{'d0': 0.024905832919416657};-280.569866449044;37.12501913098604
29800;-103.159914093536;((x * _a1_) * (_a3_ + ((x * (_a1_ + (x + _a1_))) * _a4_)));{'d0': {'_a1_': 0.3119297077260512, '_a3_': 5.69081866835948, '_a4_': 10.825390449384809, '_a0_': 1.0, '_a2_': 1.0, '_a5_': 1.0, '_a6_': 1.0, '_a7_': 1.0}};{'d0': 0.024905832919416657};-280.569866449044;37.12501913098604
29801;-104.549616141360;(((_a7_ + (x * (_a1_ * (_a7_ + x)))) / _a5_) * -(x));{'d0': {'_a1_': 1.1867399316035654, '_a5_': -0.3514432837468464, '_a7_': 0.6238594154737082, '_a0_': 1.0, '_a2_': 1.0, '_a3_': 1.0, '_a4_': 1.0, '_a6_': 1.0}};{'d0': 0.024905832919416625};-280.569866449044;35.73531708316192
29802;-103.505997731465;(((_a7_ + (x * (_a1_ + (_a7_ + x)))) / _a5_) * -(x));{'d0': {'_a1_': 0.09816764453919247, '_a5_': -0.29614178703097915, '_a7_': 0.5256917710331575, '_a0_': 1.0, '_a2_': 1.0, '_a3_': 1.0, '_a4_': 1.0, '_a6_': 1.0}};{'d0': 0.024905832919416622};-280.569866449044;36.77893549305691
29803;-103.505997731465;(((_a7_ + (x * (_a1_ + (_a7_ + x)))) / _a5_) * -(x));{'d0': {'_a1_': 0.09816764453919247, '_a5_': -0.29614178703097915, '_a7_': 0.5256917710331575, '_a0_': 1.0, '_a2_': 1.0, '_a3_': 1.0, '_a4_': 1.0, '_a6_': 1.0}};{'d0': 0.024905832919416622};-280.569866449044;36.77893549305691
29804;-103.505997731465;(((_a7_ + (x * (_a1_ + (_a7_ + x)))) / _a5_) * -(x));{'d0': {'_a1_': 0.09816764453919247, '_a5_': -0.29614178703097915, '_a7_': 0.5256917710331575, '_a0_': 1.0, '_a2_': 1.0, '_a3_': 1.0, '_a4_': 1.0, '_a6_': 1.0}};{'d0': 0.024905832919416622};-280.569866449044;36.77893549305691
29805;-103.505997731465;(((_a7_ + (x * (_a1_ + (_a7_ + x)))) / _a5_) * -(x));{'d0': {'_a1_': 0.09816764453919247, '_a5_': -0.29614178703097915, '_a7_': 0.5256917710331575, '_a0_': 1.0, '_a2_': 1.0, '_a3_': 1.0, '_a4_': 1.0, '_a6_': 1.0}};{'d0': 0.024905832919416622};-280.569866449044;36.77893549305691
29806;-103.505997731465;(((_a7_ + (x * (_a1_ + (_a7_ + x)))) / _a5_) * -(x));{'d0': {'_a1_': 0.09816764453919247, '_a5_': -0.29614178703097915, '_a7_': 0.5256917710331575, '_a0_': 1.0, '_a2_': 1.0, '_a3_': 1.0, '_a4_': 1.0, '_a6_': 1.0}};{'d0': 0.024905832919416622};-280.569866449044;36.77893549305691
29807;-103.505997731465;(((_a7_ + (x * (_a1_ + (_a7_ + x)))) / _a5_) * -(x));{'d0': {'_a1_': 0.09816764453919247, '_a5_': -0.29614178703097915, '_a7_': 0.5256917710331575, '_a0_': 1.0, '_a2_': 1.0, '_a3_': 1.0, '_a4_': 1.0, '_a6_': 1.0}};{'d0': 0.024905832919416622};-280.569866449044;36.77893549305691
29808;-103.505997731465;(((_a7_ + (x * (_a1_ + (_a7_ + x)))) / _a5_) * -(x));{'d0': {'_a1_': 0.09816764453919247, '_a5_': -0.29614178703097915, '_a7_': 0.5256917710331575, '_a0_': 1.0, '_a2_': 1.0, '_a3_': 1.0, '_a4_': 1.0, '_a6_': 1.0}};{'d0': 0.024905832919416622};-280.569866449044;36.77893549305691
29809;-103.505997731465;(((_a7_ + (x * (_a1_ + (_a7_ + x)))) / _a5_) * -(x));{'d0': {'_a1_': 0.09816764453919247, '_a5_': -0.29614178703097915, '_a7_': 0.5256917710331575, '_a0_': 1.0, '_a2_': 1.0, '_a3_': 1.0, '_a4_': 1.0, '_a6_': 1.0}};{'d0': 0.024905832919416622};-280.569866449044;36.77893549305691
29810;-103.505997731465;(((_a7_ + (x * (_a1_ + (_a7_ + x)))) / _a5_) * -(x));{'d0': {'_a1_': 0.09816764453919247, '_a5_': -0.29614178703097915, '_a7_': 0.5256917710331575, '_a0_': 1.0, '_a2_': 1.0, '_a3_': 1.0, '_a4_': 1.0, '_a6_': 1.0}};{'d0': 0.024905832919416622};-280.569866449044;36.77893549305691
29811;-103.505997731465;(((_a7_ + (x * (_a1_ + (_a7_ + x)))) / _a5_) * -(x));{'d0': {'_a1_': 0.09816764453919247, '_a5_': -0.29614178703097915, '_a7_': 0.5256917710331575, '_a0_': 1.0, '_a2_': 1.0, '_a3_': 1.0, '_a4_': 1.0, '_a6_': 1.0}};{'d0': 0.024905832919416622};-280.569866449044;36.77893549305691
29812;-103.505997731465;(((_a7_ + (x * (_a1_ + (_a7_ + x)))) / _a5_) * -(x));{'d0': {'_a1_': 0.09816764453919247, '_a5_': -0.29614178703097915, '_a7_': 0.5256917710331575, '_a0_': 1.0, '_a2_': 1.0, '_a3_': 1.0, '_a4_': 1.0, '_a6_': 1.0}};{'d0': 0.024905832919416622};-280.569866449044;36.77893549305691
29813;-103.505997731465;(((_a7_ + (x * (_a1_ + (_a7_ + x)))) / _a5_) * -(x));{'d0': {'_a1_': 0.09816764453919247, '_a5_': -0.29614178703097915, '_a7_': 0.5256917710331575, '_a0_': 1.0, '_a2_': 1.0, '_a3_': 1.0, '_a4_': 1.0, '_a6_': 1.0}};{'d0': 0.024905832919416622};-280.569866449044;36.77893549305691
29814;-103.505997731465;(((_a7_ + (x * (_a1_ + (_a7_ + x)))) / _a5_) * -(x));{'d0': {'_a1_': 0.09816764453919247, '_a5_': -0.29614178703097915, '_a7_': 0.5256917710331575, '_a0_': 1.0, '_a2_': 1.0, '_a3_': 1.0, '_a4_': 1.0, '_a6_': 1.0}};{'d0': 0.024905832919416622};-280.569866449044;36.77893549305691
29815;-103.505997731465;(((_a7_ + (x * (_a1_ + (_a7_ + x)))) / _a5_) * -(x));{'d0': {'_a1_': 0.09816764453919247, '_a5_': -0.29614178703097915, '_a7_': 0.5256917710331575, '_a0_': 1.0, '_a2_': 1.0, '_a3_': 1.0, '_a4_': 1.0, '_a6_': 1.0}};{'d0': 0.024905832919416622};-280.569866449044;36.77893549305691
29816;-103.505997731465;(((_a7_ + (x * (_a1_ + (_a7_ + x)))) / _a5_) * -(x));{'d0': {'_a1_': 0.09816764453919247, '_a5_': -0.29614178703097915, '_a7_': 0.5256917710331575, '_a0_': 1.0, '_a2_': 1.0, '_a3_': 1.0, '_a4_': 1.0, '_a6_': 1.0}};{'d0': 0.024905832919416622};-280.569866449044;36.77893549305691
29817;-103.505997731465;(((_a7_ + (x * (_a1_ + (_a7_ + x)))) / _a5_) * -(x));{'d0': {'_a1_': 0.09816764453919247, '_a5_': -0.29614178703097915, '_a7_': 0.5256917710331575, '_a0_': 1.0, '_a2_': 1.0, '_a3_': 1.0, '_a4_': 1.0, '_a6_': 1.0}};{'d0': 0.024905832919416622};-280.569866449044;36.77893549305691
29818;-103.505997731465;(((_a7_ + (x * (_a1_ + (_a7_ + x)))) / _a5_) * -(x));{'d0': {'_a1_': 0.09816764453919247, '_a5_': -0.29614178703097915, '_a7_': 0.5256917710331575, '_a0_': 1.0, '_a2_': 1.0, '_a3_': 1.0, '_a4_': 1.0, '_a6_': 1.0}};{'d0': 0.024905832919416622};-280.569866449044;36.77893549305691
29819;-103.505997731465;(((_a7_ + (x * (_a1_ + (_a7_ + x)))) / _a5_) * -(x));{'d0': {'_a1_': 0.09816764453919247, '_a5_': -0.29614178703097915, '_a7_': 0.5256917710331575, '_a0_': 1.0, '_a2_': 1.0, '_a3_': 1.0, '_a4_': 1.0, '_a6_': 1.0}};{'d0': 0.024905832919416622};-280.569866449044;36.77893549305691
29820;-103.505997731465;(((_a7_ + (x * (_a1_ + (_a7_ + x)))) / _a5_) * -(x));{'d0': {'_a1_': 0.09816764453919247, '_a5_': -0.29614178703097915, '_a7_': 0.5256917710331575, '_a0_': 1.0, '_a2_': 1.0, '_a3_': 1.0, '_a4_': 1.0, '_a6_': 1.0}};{'d0': 0.024905832919416622};-280.569866449044;36.77893549305691
29821;-103.505997731465;(((_a7_ + (x * (_a1_ + (_a7_ + x)))) / _a5_) * -(x));{'d0': {'_a1_': 0.09816764453919247, '_a5_': -0.29614178703097915, '_a7_': 0.5256917710331575, '_a0_': 1.0, '_a2_': 1.0, '_a3_': 1.0, '_a4_': 1.0, '_a6_': 1.0}};{'d0': 0.024905832919416622};-280.569866449044;36.77893549305691
29822;-103.505997731465;(((_a7_ + (x * (_a1_ + (_a7_ + x)))) / _a5_) * -(x));{'d0': {'_a1_': 0.09816764453919247, '_a5_': -0.29614178703097915, '_a7_': 0.5256917710331575, '_a0_': 1.0, '_a2_': 1.0, '_a3_': 1.0, '_a4_': 1.0, '_a6_': 1.0}};{'d0': 0.024905832919416622};-280.569866449044;36.77893549305691
29823;-103.505997731465;(((_a7_ + (x * (_a1_ + (_a7_ + x)))) / _a5_) * -(x));{'d0': {'_a1_': 0.09816764453919247, '_a5_': -0.29614178703097915, '_a7_': 0.5256917710331575, '_a0_': 1.0, '_a2_': 1.0, '_a3_': 1.0, '_a4_': 1.0, '_a6_': 1.0}};{'d0': 0.024905832919416622};-280.569866449044;36.77893549305691
29824;-103.505997731465;(((_a7_ + (x * (_a1_ + (_a7_ + x)))) / _a5_) * -(x));{'d0': {'_a1_': 0.09816764453919247, '_a5_': -0.29614178703097915, '_a7_': 0.5256917710331575, '_a0_': 1.0, '_a2_': 1.0, '_a3_': 1.0, '_a4_': 1.0, '_a6_': 1.0}};{'d0': 0.024905832919416622};-280.569866449044;36.77893549305691
29825;-103.505997731465;(((_a7_ + (x * (_a1_ + (_a7_ + x)))) / _a5_) * -(x));{'d0': {'_a1_': 0.09816764453919247, '_a5_': -0.29614178703097915, '_a7_': 0.5256917710331575, '_a0_': 1.0, '_a2_': 1.0, '_a3_': 1.0, '_a4_': 1.0, '_a6_': 1.0}};{'d0': 0.024905832919416622};-280.569866449044;36.77893549305691
29826;-103.505997731465;(((_a7_ + (x * (_a1_ + (_a7_ + x)))) / _a5_) * -(x));{'d0': {'_a1_': 0.09816764453919247, '_a5_': -0.29614178703097915, '_a7_': 0.5256917710331575, '_a0_': 1.0, '_a2_': 1.0, '_a3_': 1.0, '_a4_': 1.0, '_a6_': 1.0}};{'d0': 0.024905832919416622};-280.569866449044;36.77893549305691
29827;-103.505997731465;(((_a7_ + (x * (_a1_ + (_a7_ + x)))) / _a5_) * -(x));{'d0': {'_a1_': 0.09816764453919247, '_a5_': -0.29614178703097915, '_a7_': 0.5256917710331575, '_a0_': 1.0, '_a2_': 1.0, '_a3_': 1.0, '_a4_': 1.0, '_a6_': 1.0}};{'d0': 0.024905832919416622};-280.569866449044;36.77893549305691
29828;-103.505997731465;(((_a7_ + (x * (_a1_ + (_a7_ + x)))) / _a5_) * -(x));{'d0': {'_a1_': 0.09816764453919247, '_a5_': -0.29614178703097915, '_a7_': 0.5256917710331575, '_a0_': 1.0, '_a2_': 1.0, '_a3_': 1.0, '_a4_': 1.0, '_a6_': 1.0}};{'d0': 0.024905832919416622};-280.569866449044;36.77893549305691
29829;-103.505997731465;(((_a7_ + (x * (_a1_ + (_a7_ + x)))) / _a5_) * -(x));{'d0': {'_a1_': 0.09816764453919247, '_a5_': -0.29614178703097915, '_a7_': 0.5256917710331575, '_a0_': 1.0, '_a2_': 1.0, '_a3_': 1.0, '_a4_': 1.0, '_a6_': 1.0}};{'d0': 0.024905832919416622};-280.569866449044;36.77893549305691
29830;-103.505997731465;(((_a7_ + (x * (_a1_ + (_a7_ + x)))) / _a5_) * -(x));{'d0': {'_a1_': 0.09816764453919247, '_a5_': -0.29614178703097915, '_a7_': 0.5256917710331575, '_a0_': 1.0, '_a2_': 1.0, '_a3_': 1.0, '_a4_': 1.0, '_a6_': 1.0}};{'d0': 0.024905832919416622};-280.569866449044;36.77893549305691
29831;-103.505997731465;(((_a1_ + (x * (_a1_ + (_a7_ + x)))) / _a5_) * -(x));{'d0': {'_a1_': 0.5256917710834089, '_a5_': -0.29614178709232936, '_a7_': 0.09816764432648166, '_a0_': 1.0, '_a2_': 1.0, '_a3_': 1.0, '_a4_': 1.0, '_a6_': 1.0}};{'d0': 0.024905832919416632};-280.569866449044;36.77893549305691
29832;-103.505997731465;(((_a1_ + (x * (_a1_ + (_a7_ + x)))) / _a5_) * -(x));{'d0': {'_a1_': 0.5256917710834089, '_a5_': -0.29614178709232936, '_a7_': 0.09816764432648166, '_a0_': 1.0, '_a2_': 1.0, '_a3_': 1.0, '_a4_': 1.0, '_a6_': 1.0}};{'d0': 0.024905832919416632};-280.569866449044;36.77893549305691
29833;-103.505997731465;(((_a1_ + (x * (_a1_ + (_a7_ + x)))) / _a5_) * -(x));{'d0': {'_a1_': 0.5256917710834089, '_a5_': -0.29614178709232936, '_a7_': 0.09816764432648166, '_a0_': 1.0, '_a2_': 1.0, '_a3_': 1.0, '_a4_': 1.0, '_a6_': 1.0}};{'d0': 0.024905832919416632};-280.569866449044;36.77893549305691
29834;-103.505997731465;(((_a1_ + (x * (_a1_ + (_a7_ + x)))) / _a5_) * -(x));{'d0': {'_a1_': 0.5256917710834089, '_a5_': -0.29614178709232936, '_a7_': 0.09816764432648166, '_a0_': 1.0, '_a2_': 1.0, '_a3_': 1.0, '_a4_': 1.0, '_a6_': 1.0}};{'d0': 0.024905832919416632};-280.569866449044;36.77893549305691
29835;-103.505997731465;(((_a1_ + (x * (_a1_ + (_a7_ + x)))) / _a5_) * -(x));{'d0': {'_a1_': 0.5256917710834089, '_a5_': -0.29614178709232936, '_a7_': 0.09816764432648166, '_a0_': 1.0, '_a2_': 1.0, '_a3_': 1.0, '_a4_': 1.0, '_a6_': 1.0}};{'d0': 0.024905832919416632};-280.569866449044;36.77893549305691
29836;-103.505997731465;(((_a1_ + (x * (_a1_ + (_a7_ + x)))) / _a5_) * -(x));{'d0': {'_a1_': 0.5256917710834089, '_a5_': -0.29614178709232936, '_a7_': 0.09816764432648166, '_a0_': 1.0, '_a2_': 1.0, '_a3_': 1.0, '_a4_': 1.0, '_a6_': 1.0}};{'d0': 0.024905832919416632};-280.569866449044;36.77893549305691
29837;-103.505997731465;(((_a1_ + (x * (_a1_ + (_a7_ + x)))) / _a5_) * -(x));{'d0': {'_a1_': 0.5256917710834089, '_a5_': -0.29614178709232936, '_a7_': 0.09816764432648166, '_a0_': 1.0, '_a2_': 1.0, '_a3_': 1.0, '_a4_': 1.0, '_a6_': 1.0}};{'d0': 0.024905832919416632};-280.569866449044;36.77893549305691
29838;-103.505997731465;(((_a1_ + (x * (_a1_ + (_a7_ + x)))) / _a5_) * -(x));{'d0': {'_a1_': 0.5256917710834089, '_a5_': -0.29614178709232936, '_a7_': 0.09816764432648166, '_a0_': 1.0, '_a2_': 1.0, '_a3_': 1.0, '_a4_': 1.0, '_a6_': 1.0}};{'d0': 0.024905832919416632};-280.569866449044;36.77893549305691
29839;-104.429306858732;(((_a1_ + (x * (_a1_ + (_a7_ + x)))) * _a5_) * -(x));{'d0': {'_a1_': 0.5256917698575586, '_a5_': -3.3767608812133196, '_a7_': 0.09816764588167992, '_a0_': 1.0, '_a2_': 1.0, '_a3_': 1.0, '_a4_': 1.0, '_a6_': 1.0}};{'d0': 0.02490583291941657};-280.569866449044;35.85562636578951
29840;-104.429306858732;(((_a1_ + (x * (_a1_ + (_a7_ + x)))) * _a5_) * -(x));{'d0': {'_a1_': 0.5256917698575586, '_a5_': -3.3767608812133196, '_a7_': 0.09816764588167992, '_a0_': 1.0, '_a2_': 1.0, '_a3_': 1.0, '_a4_': 1.0, '_a6_': 1.0}};{'d0': 0.02490583291941657};-280.569866449044;35.85562636578951
29841;-104.429306858732;(((_a1_ + (x * (_a1_ + (_a7_ + x)))) * _a5_) * -(x));{'d0': {'_a1_': 0.5256917698575586, '_a5_': -3.3767608812133196, '_a7_': 0.09816764588167992, '_a0_': 1.0, '_a2_': 1.0, '_a3_': 1.0, '_a4_': 1.0, '_a6_': 1.0}};{'d0': 0.02490583291941657};-280.569866449044;35.85562636578951
29842;-104.429306858732;(((_a1_ + (x * (_a1_ + (_a7_ + x)))) * _a5_) * -(x));{'d0': {'_a1_': 0.5256917698575586, '_a5_': -3.3767608812133196, '_a7_': 0.09816764588167992, '_a0_': 1.0, '_a2_': 1.0, '_a3_': 1.0, '_a4_': 1.0, '_a6_': 1.0}};{'d0': 0.02490583291941657};-280.569866449044;35.85562636578951
29843;-104.429306858732;(((_a1_ + (x * (_a1_ + (_a7_ + x)))) * _a5_) * -(x));{'d0': {'_a1_': 0.5256917698575586, '_a5_': -3.3767608812133196, '_a7_': 0.09816764588167992, '_a0_': 1.0, '_a2_': 1.0, '_a3_': 1.0, '_a4_': 1.0, '_a6_': 1.0}};{'d0': 0.02490583291941657};-280.569866449044;35.85562636578951
29844;-104.429306858732;(((_a1_ + (x * (_a1_ + (_a7_ + x)))) * _a5_) * -(x));{'d0': {'_a1_': 0.5256917698575586, '_a5_': -3.3767608812133196, '_a7_': 0.09816764588167992, '_a0_': 1.0, '_a2_': 1.0, '_a3_': 1.0, '_a4_': 1.0, '_a6_': 1.0}};{'d0': 0.02490583291941657};-280.569866449044;35.85562636578951
29845;-104.429306858732;(((_a1_ + (x * (_a1_ + (_a7_ + x)))) * _a5_) * -(x));{'d0': {'_a1_': 0.5256917698575586, '_a5_': -3.3767608812133196, '_a7_': 0.09816764588167992, '_a0_': 1.0, '_a2_': 1.0, '_a3_': 1.0, '_a4_': 1.0, '_a6_': 1.0}};{'d0': 0.02490583291941657};-280.569866449044;35.85562636578951
29846;-104.429306858732;(((_a1_ + (x * (_a1_ + (_a7_ + x)))) * _a5_) * -(x));{'d0': {'_a1_': 0.5256917698575586, '_a5_': -3.3767608812133196, '_a7_': 0.09816764588167992, '_a0_': 1.0, '_a2_': 1.0, '_a3_': 1.0, '_a4_': 1.0, '_a6_': 1.0}};{'d0': 0.02490583291941657};-280.569866449044;35.85562636578951
29847;-104.429306858732;(((_a1_ + (x * (_a1_ + (_a7_ + x)))) * _a5_) * -(x));{'d0': {'_a1_': 0.5256917698575586, '_a5_': -3.3767608812133196, '_a7_': 0.09816764588167992, '_a0_': 1.0, '_a2_': 1.0, '_a3_': 1.0, '_a4_': 1.0, '_a6_': 1.0}};{'d0': 0.02490583291941657};-280.569866449044;35.85562636578951
29848;-104.429306858732;(((_a1_ + (x * (_a1_ + (_a7_ + x)))) * _a5_) * -(x));{'d0': {'_a1_': 0.5256917698575586, '_a5_': -3.3767608812133196, '_a7_': 0.09816764588167992, '_a0_': 1.0, '_a2_': 1.0, '_a3_': 1.0, '_a4_': 1.0, '_a6_': 1.0}};{'d0': 0.02490583291941657};-280.569866449044;35.85562636578951
29849;-104.429306858732;(((_a1_ + (x * (_a1_ + (_a7_ + x)))) * _a5_) * -(x));{'d0': {'_a1_': 0.5256917698575586, '_a5_': -3.3767608812133196, '_a7_': 0.09816764588167992, '_a0_': 1.0, '_a2_': 1.0, '_a3_': 1.0, '_a4_': 1.0, '_a6_': 1.0}};{'d0': 0.02490583291941657};-280.569866449044;35.85562636578951
29850;-104.429306858732;(((_a1_ + (x * (_a1_ + (_a7_ + x)))) * _a5_) * -(x));{'d0': {'_a1_': 0.5256917698575586, '_a5_': -3.3767608812133196, '_a7_': 0.09816764588167992, '_a0_': 1.0, '_a2_': 1.0, '_a3_': 1.0, '_a4_': 1.0, '_a6_': 1.0}};{'d0': 0.02490583291941657};-280.569866449044;35.85562636578951
29851;-104.429306858732;(((_a1_ + (x * (_a1_ + (_a7_ + x)))) * _a5_) * -(x));{'d0': {'_a1_': 0.5256917698575586, '_a5_': -3.3767608812133196, '_a7_': 0.09816764588167992, '_a0_': 1.0, '_a2_': 1.0, '_a3_': 1.0, '_a4_': 1.0, '_a6_': 1.0}};{'d0': 0.02490583291941657};-280.569866449044;35.85562636578951
29852;-104.429306858732;(((_a1_ + (x * (_a1_ + (_a7_ + x)))) * _a5_) * -(x));{'d0': {'_a1_': 0.5256917698575586, '_a5_': -3.3767608812133196, '_a7_': 0.09816764588167992, '_a0_': 1.0, '_a2_': 1.0, '_a3_': 1.0, '_a4_': 1.0, '_a6_': 1.0}};{'d0': 0.02490583291941657};-280.569866449044;35.85562636578951
29853;-104.429306858732;(((_a1_ + (x * (_a1_ + (_a7_ + x)))) * _a5_) * -(x));{'d0': {'_a1_': 0.5256917698575586, '_a5_': -3.3767608812133196, '_a7_': 0.09816764588167992, '_a0_': 1.0, '_a2_': 1.0, '_a3_': 1.0, '_a4_': 1.0, '_a6_': 1.0}};{'d0': 0.02490583291941657};-280.569866449044;35.85562636578951
29854;-104.429306858732;(((_a1_ + (x * (_a1_ + (_a7_ + x)))) * _a5_) * -(x));{'d0': {'_a1_': 0.5256917698575586, '_a5_': -3.3767608812133196, '_a7_': 0.09816764588167992, '_a0_': 1.0, '_a2_': 1.0, '_a3_': 1.0, '_a4_': 1.0, '_a6_': 1.0}};{'d0': 0.02490583291941657};-280.569866449044;35.85562636578951
29855;-104.429306858732;(((_a1_ + (x * (_a1_ + (_a7_ + x)))) * _a5_) * -(x));{'d0': {'_a1_': 0.5256917698575586, '_a5_': -3.3767608812133196, '_a7_': 0.09816764588167992, '_a0_': 1.0, '_a2_': 1.0, '_a3_': 1.0, '_a4_': 1.0, '_a6_': 1.0}};{'d0': 0.02490583291941657};-280.569866449044;35.85562636578951
29856;-104.429306858732;(((_a1_ + (x * (_a1_ + (_a7_ + x)))) * _a5_) * -(x));{'d0': {'_a1_': 0.5256917698575586, '_a5_': -3.3767608812133196, '_a7_': 0.09816764588167992, '_a0_': 1.0, '_a2_': 1.0, '_a3_': 1.0, '_a4_': 1.0, '_a6_': 1.0}};{'d0': 0.02490583291941657};-280.569866449044;35.85562636578951
29857;-104.429306858732;(((_a1_ + (x * (_a1_ + (_a7_ + x)))) * _a5_) * -(x));{'d0': {'_a1_': 0.5256917698575586, '_a5_': -3.3767608812133196, '_a7_': 0.09816764588167992, '_a0_': 1.0, '_a2_': 1.0, '_a3_': 1.0, '_a4_': 1.0, '_a6_': 1.0}};{'d0': 0.02490583291941657};-280.569866449044;35.85562636578951
29858;-104.429306858732;(((_a1_ + (x * (_a1_ + (_a7_ + x)))) * _a5_) * -(x));{'d0': {'_a1_': 0.5256917698575586, '_a5_': -3.3767608812133196, '_a7_': 0.09816764588167992, '_a0_': 1.0, '_a2_': 1.0, '_a3_': 1.0, '_a4_': 1.0, '_a6_': 1.0}};{'d0': 0.02490583291941657};-280.569866449044;35.85562636578951
29859;-104.429306858732;(((_a1_ + (x * (_a1_ + (_a7_ + x)))) * _a5_) * -(x));{'d0': {'_a1_': 0.5256917698575586, '_a5_': -3.3767608812133196, '_a7_': 0.09816764588167992, '_a0_': 1.0, '_a2_': 1.0, '_a3_': 1.0, '_a4_': 1.0, '_a6_': 1.0}};{'d0': 0.02490583291941657};-280.569866449044;35.85562636578951
29860;-104.429306858732;(((_a1_ + (x * (_a1_ + (_a7_ + x)))) * _a5_) * -(x));{'d0': {'_a1_': 0.5256917698575586, '_a5_': -3.3767608812133196, '_a7_': 0.09816764588167992, '_a0_': 1.0, '_a2_': 1.0, '_a3_': 1.0, '_a4_': 1.0, '_a6_': 1.0}};{'d0': 0.02490583291941657};-280.569866449044;35.85562636578951
29861;-104.429306858732;(((_a1_ + (x * (_a1_ + (_a7_ + x)))) * _a5_) * -(x));{'d0': {'_a1_': 0.5256917698575586, '_a5_': -3.3767608812133196, '_a7_': 0.09816764588167992, '_a0_': 1.0, '_a2_': 1.0, '_a3_': 1.0, '_a4_': 1.0, '_a6_': 1.0}};{'d0': 0.02490583291941657};-280.569866449044;35.85562636578951
29862;-104.429306858732;(((_a1_ + (x * (_a1_ + (_a7_ + x)))) * _a5_) * -(x));{'d0': {'_a1_': 0.5256917698575586, '_a5_': -3.3767608812133196, '_a7_': 0.09816764588167992, '_a0_': 1.0, '_a2_': 1.0, '_a3_': 1.0, '_a4_': 1.0, '_a6_': 1.0}};{'d0': 0.02490583291941657};-280.569866449044;35.85562636578951
29863;-104.429306858732;(((_a1_ + (x * (_a1_ + (_a7_ + x)))) * _a5_) * -(x));{'d0': {'_a1_': 0.5256917698575586, '_a5_': -3.3767608812133196, '_a7_': 0.09816764588167992, '_a0_': 1.0, '_a2_': 1.0, '_a3_': 1.0, '_a4_': 1.0, '_a6_': 1.0}};{'d0': 0.02490583291941657};-280.569866449044;35.85562636578951
29864;-104.429306858732;(((_a1_ + (x * (_a1_ + (_a7_ + x)))) * _a5_) * -(x));{'d0': {'_a1_': 0.5256917698575586, '_a5_': -3.3767608812133196, '_a7_': 0.09816764588167992, '_a0_': 1.0, '_a2_': 1.0, '_a3_': 1.0, '_a4_': 1.0, '_a6_': 1.0}};{'d0': 0.02490583291941657};-280.569866449044;35.85562636578951
29865;-104.429306858732;(((_a1_ + (x * (_a1_ + (_a7_ + x)))) * _a5_) * -(x));{'d0': {'_a1_': 0.5256917698575586, '_a5_': -3.3767608812133196, '_a7_': 0.09816764588167992, '_a0_': 1.0, '_a2_': 1.0, '_a3_': 1.0, '_a4_': 1.0, '_a6_': 1.0}};{'d0': 0.02490583291941657};-280.569866449044;35.85562636578951
29866;-104.429306858732;(((_a1_ + (x * (_a1_ + (_a7_ + x)))) * _a5_) * -(x));{'d0': {'_a1_': 0.5256917698575586, '_a5_': -3.3767608812133196, '_a7_': 0.09816764588167992, '_a0_': 1.0, '_a2_': 1.0, '_a3_': 1.0, '_a4_': 1.0, '_a6_': 1.0}};{'d0': 0.02490583291941657};-280.569866449044;35.85562636578951
29867;-104.429306858732;(((_a1_ + (x * (_a1_ + (_a7_ + x)))) * _a5_) * -(x));{'d0': {'_a1_': 0.5256917698575586, '_a5_': -3.3767608812133196, '_a7_': 0.09816764588167992, '_a0_': 1.0, '_a2_': 1.0, '_a3_': 1.0, '_a4_': 1.0, '_a6_': 1.0}};{'d0': 0.02490583291941657};-280.569866449044;35.85562636578951
29868;-104.429306858732;(((_a1_ + (x * (_a1_ + (_a7_ + x)))) * _a5_) * -(x));{'d0': {'_a1_': 0.5256917698575586, '_a5_': -3.3767608812133196, '_a7_': 0.09816764588167992, '_a0_': 1.0, '_a2_': 1.0, '_a3_': 1.0, '_a4_': 1.0, '_a6_': 1.0}};{'d0': 0.02490583291941657};-280.569866449044;35.85562636578951
29869;-104.429306858732;(((_a1_ + (x * (_a1_ + (_a7_ + x)))) * _a5_) * -(x));{'d0': {'_a1_': 0.5256917698575586, '_a5_': -3.3767608812133196, '_a7_': 0.09816764588167992, '_a0_': 1.0, '_a2_': 1.0, '_a3_': 1.0, '_a4_': 1.0, '_a6_': 1.0}};{'d0': 0.02490583291941657};-280.569866449044;35.85562636578951
29870;-104.429306858732;(((_a1_ + (x * (_a1_ + (_a7_ + x)))) * _a5_) * -(x));{'d0': {'_a1_': 0.5256917698575586, '_a5_': -3.3767608812133196, '_a7_': 0.09816764588167992, '_a0_': 1.0, '_a2_': 1.0, '_a3_': 1.0, '_a4_': 1.0, '_a6_': 1.0}};{'d0': 0.02490583291941657};-280.569866449044;35.85562636578951
29871;-104.429306858732;(((_a1_ + (x * (_a1_ + (_a7_ + x)))) * _a5_) * -(x));{'d0': {'_a1_': 0.5256917698575586, '_a5_': -3.3767608812133196, '_a7_': 0.09816764588167992, '_a0_': 1.0, '_a2_': 1.0, '_a3_': 1.0, '_a4_': 1.0, '_a6_': 1.0}};{'d0': 0.02490583291941657};-280.569866449044;35.85562636578951
29872;-104.429306858732;(((_a1_ + (x * (_a1_ + (_a7_ + x)))) * _a5_) * -(x));{'d0': {'_a1_': 0.5256917698575586, '_a5_': -3.3767608812133196, '_a7_': 0.09816764588167992, '_a0_': 1.0, '_a2_': 1.0, '_a3_': 1.0, '_a4_': 1.0, '_a6_': 1.0}};{'d0': 0.02490583291941657};-280.569866449044;35.85562636578951
29873;-104.429306858732;(((_a1_ + (x * (_a1_ + (_a7_ + x)))) * _a5_) * -(x));{'d0': {'_a1_': 0.5256917698575586, '_a5_': -3.3767608812133196, '_a7_': 0.09816764588167992, '_a0_': 1.0, '_a2_': 1.0, '_a3_': 1.0, '_a4_': 1.0, '_a6_': 1.0}};{'d0': 0.02490583291941657};-280.569866449044;35.85562636578951
29874;-104.429306858732;(((_a1_ + (x * (_a1_ + (_a7_ + x)))) * _a5_) * -(x));{'d0': {'_a1_': 0.5256917698575586, '_a5_': -3.3767608812133196, '_a7_': 0.09816764588167992, '_a0_': 1.0, '_a2_': 1.0, '_a3_': 1.0, '_a4_': 1.0, '_a6_': 1.0}};{'d0': 0.02490583291941657};-280.569866449044;35.85562636578951
29875;-104.429306858732;(((_a1_ + (x * (_a1_ + (_a7_ + x)))) * _a5_) * -(x));{'d0': {'_a1_': 0.5256917698575586, '_a5_': -3.3767608812133196, '_a7_': 0.09816764588167992, '_a0_': 1.0, '_a2_': 1.0, '_a3_': 1.0, '_a4_': 1.0, '_a6_': 1.0}};{'d0': 0.02490583291941657};-280.569866449044;35.85562636578951
29876;-104.429306858732;(((_a1_ + (x * (_a1_ + (_a7_ + x)))) * _a5_) * -(x));{'d0': {'_a1_': 0.5256917698575586, '_a5_': -3.3767608812133196, '_a7_': 0.09816764588167992, '_a0_': 1.0, '_a2_': 1.0, '_a3_': 1.0, '_a4_': 1.0, '_a6_': 1.0}};{'d0': 0.02490583291941657};-280.569866449044;35.85562636578951
29877;-104.429306858732;(((_a1_ + (x * (_a1_ + (_a7_ + x)))) * _a5_) * -(x));{'d0': {'_a1_': 0.5256917698575586, '_a5_': -3.3767608812133196, '_a7_': 0.09816764588167992, '_a0_': 1.0, '_a2_': 1.0, '_a3_': 1.0, '_a4_': 1.0, '_a6_': 1.0}};{'d0': 0.02490583291941657};-280.569866449044;35.85562636578951
29878;-104.429306858732;(((_a1_ + (x * (_a1_ + (_a7_ + x)))) * _a5_) * -(x));{'d0': {'_a1_': 0.5256917698575586, '_a5_': -3.3767608812133196, '_a7_': 0.09816764588167992, '_a0_': 1.0, '_a2_': 1.0, '_a3_': 1.0, '_a4_': 1.0, '_a6_': 1.0}};{'d0': 0.02490583291941657};-280.569866449044;35.85562636578951
29879;-104.429306858732;(((_a1_ + (x * (_a1_ + (_a7_ + x)))) * _a5_) * -(x));{'d0': {'_a1_': 0.5256917698575586, '_a5_': -3.3767608812133196, '_a7_': 0.09816764588167992, '_a0_': 1.0, '_a2_': 1.0, '_a3_': 1.0, '_a4_': 1.0, '_a6_': 1.0}};{'d0': 0.02490583291941657};-280.569866449044;35.85562636578951
29880;-104.429306858732;(((_a1_ + (x * (_a1_ + (_a7_ + x)))) * _a5_) * -(x));{'d0': {'_a1_': 0.5256917698575586, '_a5_': -3.3767608812133196, '_a7_': 0.09816764588167992, '_a0_': 1.0, '_a2_': 1.0, '_a3_': 1.0, '_a4_': 1.0, '_a6_': 1.0}};{'d0': 0.02490583291941657};-280.569866449044;35.85562636578951
29881;-104.429306858732;(((_a1_ + (x * (_a1_ + (_a7_ + x)))) * _a5_) * -(x));{'d0': {'_a1_': 0.5256917698575586, '_a5_': -3.3767608812133196, '_a7_': 0.09816764588167992, '_a0_': 1.0, '_a2_': 1.0, '_a3_': 1.0, '_a4_': 1.0, '_a6_': 1.0}};{'d0': 0.02490583291941657};-280.569866449044;35.85562636578951
29882;-104.429306858732;(((_a1_ + (x * (_a1_ + (_a7_ + x)))) * _a5_) * -(x));{'d0': {'_a1_': 0.5256917698575586, '_a5_': -3.3767608812133196, '_a7_': 0.09816764588167992, '_a0_': 1.0, '_a2_': 1.0, '_a3_': 1.0, '_a4_': 1.0, '_a6_': 1.0}};{'d0': 0.02490583291941657};-280.569866449044;35.85562636578951
29883;-104.429306858732;(((_a1_ + (x * (_a1_ + (_a7_ + x)))) * _a5_) * -(x));{'d0': {'_a1_': 0.5256917698575586, '_a5_': -3.3767608812133196, '_a7_': 0.09816764588167992, '_a0_': 1.0, '_a2_': 1.0, '_a3_': 1.0, '_a4_': 1.0, '_a6_': 1.0}};{'d0': 0.02490583291941657};-280.569866449044;35.85562636578951
29884;-104.429306858732;(((_a1_ + (x * (_a1_ + (_a7_ + x)))) * _a5_) * -(x));{'d0': {'_a1_': 0.5256917698575586, '_a5_': -3.3767608812133196, '_a7_': 0.09816764588167992, '_a0_': 1.0, '_a2_': 1.0, '_a3_': 1.0, '_a4_': 1.0, '_a6_': 1.0}};{'d0': 0.02490583291941657};-280.569866449044;35.85562636578951
29885;-104.429306858732;(((_a1_ + (x * (_a1_ + (_a7_ + x)))) * _a5_) * -(x));{'d0': {'_a1_': 0.5256917698575586, '_a5_': -3.3767608812133196, '_a7_': 0.09816764588167992, '_a0_': 1.0, '_a2_': 1.0, '_a3_': 1.0, '_a4_': 1.0, '_a6_': 1.0}};{'d0': 0.02490583291941657};-280.569866449044;35.85562636578951
29886;-104.429306858732;(((_a1_ + (x * (_a1_ + (_a7_ + x)))) * _a5_) * -(x));{'d0': {'_a1_': 0.5256917698575586, '_a5_': -3.3767608812133196, '_a7_': 0.09816764588167992, '_a0_': 1.0, '_a2_': 1.0, '_a3_': 1.0, '_a4_': 1.0, '_a6_': 1.0}};{'d0': 0.02490583291941657};-280.569866449044;35.85562636578951
29887;-104.429306858732;(((_a1_ + (x * (_a1_ + (_a7_ + x)))) * _a5_) * -(x));{'d0': {'_a1_': 0.5256917698575586, '_a5_': -3.3767608812133196, '_a7_': 0.09816764588167992, '_a0_': 1.0, '_a2_': 1.0, '_a3_': 1.0, '_a4_': 1.0, '_a6_': 1.0}};{'d0': 0.02490583291941657};-280.569866449044;35.85562636578951
29888;-104.429306858732;(((_a1_ + (x * (_a1_ + (_a7_ + x)))) * _a5_) * -(x));{'d0': {'_a1_': 0.5256917698575586, '_a5_': -3.3767608812133196, '_a7_': 0.09816764588167992, '_a0_': 1.0, '_a2_': 1.0, '_a3_': 1.0, '_a4_': 1.0, '_a6_': 1.0}};{'d0': 0.02490583291941657};-280.569866449044;35.85562636578951
29889;-104.429306858732;(((_a1_ + (x * (_a1_ + (_a7_ + x)))) * _a5_) * -(x));{'d0': {'_a1_': 0.5256917698575586, '_a5_': -3.3767608812133196, '_a7_': 0.09816764588167992, '_a0_': 1.0, '_a2_': 1.0, '_a3_': 1.0, '_a4_': 1.0, '_a6_': 1.0}};{'d0': 0.02490583291941657};-280.569866449044;35.85562636578951
29890;-104.429306858732;(((_a1_ + (x * (_a1_ + (_a7_ + x)))) * _a5_) * -(x));{'d0': {'_a1_': 0.5256917698575586, '_a5_': -3.3767608812133196, '_a7_': 0.09816764588167992, '_a0_': 1.0, '_a2_': 1.0, '_a3_': 1.0, '_a4_': 1.0, '_a6_': 1.0}};{'d0': 0.02490583291941657};-280.569866449044;35.85562636578951
29891;-104.429306858732;(((_a1_ + (x * (_a1_ + (_a7_ + x)))) * _a5_) * -(x));{'d0': {'_a1_': 0.5256917698575586, '_a5_': -3.3767608812133196, '_a7_': 0.09816764588167992, '_a0_': 1.0, '_a2_': 1.0, '_a3_': 1.0, '_a4_': 1.0, '_a6_': 1.0}};{'d0': 0.02490583291941657};-280.569866449044;35.85562636578951
29892;-104.429306858732;(((_a1_ + (x * (_a1_ + (_a7_ + x)))) * _a5_) * -(x));{'d0': {'_a1_': 0.5256917698575586, '_a5_': -3.3767608812133196, '_a7_': 0.09816764588167992, '_a0_': 1.0, '_a2_': 1.0, '_a3_': 1.0, '_a4_': 1.0, '_a6_': 1.0}};{'d0': 0.02490583291941657};-280.569866449044;35.85562636578951
29893;-104.429306858732;(((_a1_ + (x * (_a1_ + (_a7_ + x)))) * _a5_) * -(x));{'d0': {'_a1_': 0.5256917698575586, '_a5_': -3.3767608812133196, '_a7_': 0.09816764588167992, '_a0_': 1.0, '_a2_': 1.0, '_a3_': 1.0, '_a4_': 1.0, '_a6_': 1.0}};{'d0': 0.02490583291941657};-280.569866449044;35.85562636578951
29894;-104.429306858732;(((_a1_ + (x * (_a1_ + (_a7_ + x)))) * _a5_) * -(x));{'d0': {'_a1_': 0.5256917698575586, '_a5_': -3.3767608812133196, '_a7_': 0.09816764588167992, '_a0_': 1.0, '_a2_': 1.0, '_a3_': 1.0, '_a4_': 1.0, '_a6_': 1.0}};{'d0': 0.02490583291941657};-280.569866449044;35.85562636578951
29895;-104.429306858732;(((_a1_ + (x * (_a1_ + (_a7_ + x)))) * _a5_) * -(x));{'d0': {'_a1_': 0.5256917698575586, '_a5_': -3.3767608812133196, '_a7_': 0.09816764588167992, '_a0_': 1.0, '_a2_': 1.0, '_a3_': 1.0, '_a4_': 1.0, '_a6_': 1.0}};{'d0': 0.02490583291941657};-280.569866449044;35.85562636578951
29896;-104.429306858732;(((_a1_ + (x * (_a1_ + (_a7_ + x)))) * _a5_) * -(x));{'d0': {'_a1_': 0.5256917698575586, '_a5_': -3.3767608812133196, '_a7_': 0.09816764588167992, '_a0_': 1.0, '_a2_': 1.0, '_a3_': 1.0, '_a4_': 1.0, '_a6_': 1.0}};{'d0': 0.02490583291941657};-280.569866449044;35.85562636578951
29897;-104.429306858732;(((_a1_ + (x * (_a1_ + (_a7_ + x)))) * _a5_) * -(x));{'d0': {'_a1_': 0.5256917698575586, '_a5_': -3.3767608812133196, '_a7_': 0.09816764588167992, '_a0_': 1.0, '_a2_': 1.0, '_a3_': 1.0, '_a4_': 1.0, '_a6_': 1.0}};{'d0': 0.02490583291941657};-280.569866449044;35.85562636578951
29898;-104.429306858732;(((_a1_ + (x * (_a1_ + (_a7_ + x)))) * _a5_) * -(x));{'d0': {'_a1_': 0.5256917698575586, '_a5_': -3.3767608812133196, '_a7_': 0.09816764588167992, '_a0_': 1.0, '_a2_': 1.0, '_a3_': 1.0, '_a4_': 1.0, '_a6_': 1.0}};{'d0': 0.02490583291941657};-280.569866449044;35.85562636578951
29899;-104.429306858732;(((_a1_ + (x * (_a1_ + (_a7_ + x)))) * _a5_) * -(x));{'d0': {'_a1_': 0.5256917698575586, '_a5_': -3.3767608812133196, '_a7_': 0.09816764588167992, '_a0_': 1.0, '_a2_': 1.0, '_a3_': 1.0, '_a4_': 1.0, '_a6_': 1.0}};{'d0': 0.02490583291941657};-280.569866449044;35.85562636578951
29900;-104.429306858732;(((_a1_ + (x * (_a1_ + (_a7_ + x)))) * _a5_) * -(x));{'d0': {'_a1_': 0.5256917698575586, '_a5_': -3.3767608812133196, '_a7_': 0.09816764588167992, '_a0_': 1.0, '_a2_': 1.0, '_a3_': 1.0, '_a4_': 1.0, '_a6_': 1.0}};{'d0': 0.02490583291941657};-280.569866449044;35.85562636578951
29901;-104.429306858732;(((_a1_ + (x * (_a1_ + (_a7_ + x)))) * _a5_) * -(x));{'d0': {'_a1_': 0.5256917698575586, '_a5_': -3.3767608812133196, '_a7_': 0.09816764588167992, '_a0_': 1.0, '_a2_': 1.0, '_a3_': 1.0, '_a4_': 1.0, '_a6_': 1.0}};{'d0': 0.02490583291941657};-280.569866449044;35.85562636578951
29902;-104.429306858732;(((_a1_ + (x * (_a1_ + (_a7_ + x)))) * _a5_) * -(x));{'d0': {'_a1_': 0.5256917698575586, '_a5_': -3.3767608812133196, '_a7_': 0.09816764588167992, '_a0_': 1.0, '_a2_': 1.0, '_a3_': 1.0, '_a4_': 1.0, '_a6_': 1.0}};{'d0': 0.02490583291941657};-280.569866449044;35.85562636578951
29903;-104.429306858732;(((_a1_ + (x * (_a1_ + (_a7_ + x)))) * _a5_) * -(x));{'d0': {'_a1_': 0.5256917698575586, '_a5_': -3.3767608812133196, '_a7_': 0.09816764588167992, '_a0_': 1.0, '_a2_': 1.0, '_a3_': 1.0, '_a4_': 1.0, '_a6_': 1.0}};{'d0': 0.02490583291941657};-280.569866449044;35.85562636578951
29904;-104.429306858732;(((_a1_ + (x * (_a1_ + (_a7_ + x)))) * _a5_) * -(x));{'d0': {'_a1_': 0.5256917698575586, '_a5_': -3.3767608812133196, '_a7_': 0.09816764588167992, '_a0_': 1.0, '_a2_': 1.0, '_a3_': 1.0, '_a4_': 1.0, '_a6_': 1.0}};{'d0': 0.02490583291941657};-280.569866449044;35.85562636578951
29905;-104.429306858732;(((_a1_ + (x * (_a1_ + (_a7_ + x)))) * _a5_) * -(x));{'d0': {'_a1_': 0.5256917698575586, '_a5_': -3.3767608812133196, '_a7_': 0.09816764588167992, '_a0_': 1.0, '_a2_': 1.0, '_a3_': 1.0, '_a4_': 1.0, '_a6_': 1.0}};{'d0': 0.02490583291941657};-280.569866449044;35.85562636578951
29906;-104.429306858732;(((_a1_ + (x * (_a1_ + (_a7_ + x)))) * _a5_) * -(x));{'d0': {'_a1_': 0.5256917698575586, '_a5_': -3.3767608812133196, '_a7_': 0.09816764588167992, '_a0_': 1.0, '_a2_': 1.0, '_a3_': 1.0, '_a4_': 1.0, '_a6_': 1.0}};{'d0': 0.02490583291941657};-280.569866449044;35.85562636578951
29907;-104.429306858732;(((_a1_ + (x * (_a1_ + (_a7_ + x)))) * _a5_) * -(x));{'d0': {'_a1_': 0.5256917698575586, '_a5_': -3.3767608812133196, '_a7_': 0.09816764588167992, '_a0_': 1.0, '_a2_': 1.0, '_a3_': 1.0, '_a4_': 1.0, '_a6_': 1.0}};{'d0': 0.02490583291941657};-280.569866449044;35.85562636578951
29908;-104.429306858732;(((_a1_ + (x * (_a1_ + (_a7_ + x)))) * _a5_) * -(x));{'d0': {'_a1_': 0.5256917698575586, '_a5_': -3.3767608812133196, '_a7_': 0.09816764588167992, '_a0_': 1.0, '_a2_': 1.0, '_a3_': 1.0, '_a4_': 1.0, '_a6_': 1.0}};{'d0': 0.02490583291941657};-280.569866449044;35.85562636578951
29909;-104.429306858732;(((_a1_ + (x * (_a1_ + (_a7_ + x)))) * _a5_) * -(x));{'d0': {'_a1_': 0.5256917698575586, '_a5_': -3.3767608812133196, '_a7_': 0.09816764588167992, '_a0_': 1.0, '_a2_': 1.0, '_a3_': 1.0, '_a4_': 1.0, '_a6_': 1.0}};{'d0': 0.02490583291941657};-280.569866449044;35.85562636578951
29910;-104.429306858732;(((_a1_ + (x * (_a1_ + (_a7_ + x)))) * _a5_) * -(x));{'d0': {'_a1_': 0.5256917698575586, '_a5_': -3.3767608812133196, '_a7_': 0.09816764588167992, '_a0_': 1.0, '_a2_': 1.0, '_a3_': 1.0, '_a4_': 1.0, '_a6_': 1.0}};{'d0': 0.02490583291941657};-280.569866449044;35.85562636578951
29911;-104.429306858732;(((_a1_ + (x * (_a1_ + (_a7_ + x)))) * _a5_) * -(x));{'d0': {'_a1_': 0.5256917698575586, '_a5_': -3.3767608812133196, '_a7_': 0.09816764588167992, '_a0_': 1.0, '_a2_': 1.0, '_a3_': 1.0, '_a4_': 1.0, '_a6_': 1.0}};{'d0': 0.02490583291941657};-280.569866449044;35.85562636578951
29912;-104.429306858732;(((_a1_ + (x * (_a1_ + (_a7_ + x)))) * _a5_) * -(x));{'d0': {'_a1_': 0.5256917698575586, '_a5_': -3.3767608812133196, '_a7_': 0.09816764588167992, '_a0_': 1.0, '_a2_': 1.0, '_a3_': 1.0, '_a4_': 1.0, '_a6_': 1.0}};{'d0': 0.02490583291941657};-280.569866449044;35.85562636578951
29913;-104.429306858732;(((_a1_ + (x * (_a1_ + (_a7_ + x)))) * _a5_) * -(x));{'d0': {'_a1_': 0.5256917698575586, '_a5_': -3.3767608812133196, '_a7_': 0.09816764588167992, '_a0_': 1.0, '_a2_': 1.0, '_a3_': 1.0, '_a4_': 1.0, '_a6_': 1.0}};{'d0': 0.02490583291941657};-280.569866449044;35.85562636578951
29914;-104.429306858732;(((_a1_ + (x * (_a1_ + (_a7_ + x)))) * _a5_) * -(x));{'d0': {'_a1_': 0.5256917698575586, '_a5_': -3.3767608812133196, '_a7_': 0.09816764588167992, '_a0_': 1.0, '_a2_': 1.0, '_a3_': 1.0, '_a4_': 1.0, '_a6_': 1.0}};{'d0': 0.02490583291941657};-280.569866449044;35.85562636578951
29915;-104.429306858732;(((_a1_ + (x * (_a1_ + (_a7_ + x)))) * _a5_) * -(x));{'d0': {'_a1_': 0.5256917698575586, '_a5_': -3.3767608812133196, '_a7_': 0.09816764588167992, '_a0_': 1.0, '_a2_': 1.0, '_a3_': 1.0, '_a4_': 1.0, '_a6_': 1.0}};{'d0': 0.02490583291941657};-280.569866449044;35.85562636578951
29916;-104.429306858732;(((_a1_ + (x * (_a1_ + (_a7_ + x)))) * _a5_) * -(x));{'d0': {'_a1_': 0.5256917698575586, '_a5_': -3.3767608812133196, '_a7_': 0.09816764588167992, '_a0_': 1.0, '_a2_': 1.0, '_a3_': 1.0, '_a4_': 1.0, '_a6_': 1.0}};{'d0': 0.02490583291941657};-280.569866449044;35.85562636578951
29917;-104.429306858732;(((_a1_ + (x * (_a1_ + (_a7_ + x)))) * _a5_) * -(x));{'d0': {'_a1_': 0.5256917698575586, '_a5_': -3.3767608812133196, '_a7_': 0.09816764588167992, '_a0_': 1.0, '_a2_': 1.0, '_a3_': 1.0, '_a4_': 1.0, '_a6_': 1.0}};{'d0': 0.02490583291941657};-280.569866449044;35.85562636578951
29918;-104.429306858732;(((_a1_ + (x * (_a1_ + (_a7_ + x)))) * _a5_) * -(x));{'d0': {'_a1_': 0.5256917698575586, '_a5_': -3.3767608812133196, '_a7_': 0.09816764588167992, '_a0_': 1.0, '_a2_': 1.0, '_a3_': 1.0, '_a4_': 1.0, '_a6_': 1.0}};{'d0': 0.02490583291941657};-280.569866449044;35.85562636578951
29919;-104.429306858732;(((_a1_ + (x * (_a1_ + (_a7_ + x)))) * _a5_) * -(x));{'d0': {'_a1_': 0.5256917698575586, '_a5_': -3.3767608812133196, '_a7_': 0.09816764588167992, '_a0_': 1.0, '_a2_': 1.0, '_a3_': 1.0, '_a4_': 1.0, '_a6_': 1.0}};{'d0': 0.02490583291941657};-280.569866449044;35.85562636578951
29920;-104.429306858732;(((_a1_ + (x * (_a1_ + (_a7_ + x)))) * _a5_) * -(x));{'d0': {'_a1_': 0.5256917698575586, '_a5_': -3.3767608812133196, '_a7_': 0.09816764588167992, '_a0_': 1.0, '_a2_': 1.0, '_a3_': 1.0, '_a4_': 1.0, '_a6_': 1.0}};{'d0': 0.02490583291941657};-280.569866449044;35.85562636578951
29921;-104.429306858732;(((_a1_ + (x * (_a1_ + (_a7_ + x)))) * _a5_) * -(x));{'d0': {'_a1_': 0.5256917698575586, '_a5_': -3.3767608812133196, '_a7_': 0.09816764588167992, '_a0_': 1.0, '_a2_': 1.0, '_a3_': 1.0, '_a4_': 1.0, '_a6_': 1.0}};{'d0': 0.02490583291941657};-280.569866449044;35.85562636578951
29922;-104.429306858732;(((_a1_ + (x * (_a1_ + (_a7_ + x)))) * _a5_) * -(x));{'d0': {'_a1_': 0.5256917698575586, '_a5_': -3.3767608812133196, '_a7_': 0.09816764588167992, '_a0_': 1.0, '_a2_': 1.0, '_a3_': 1.0, '_a4_': 1.0, '_a6_': 1.0}};{'d0': 0.02490583291941657};-280.569866449044;35.85562636578951
29923;-104.429306858732;(((_a1_ + (x * (_a1_ + (_a7_ + x)))) * _a5_) * -(x));{'d0': {'_a1_': 0.5256917698575586, '_a5_': -3.3767608812133196, '_a7_': 0.09816764588167992, '_a0_': 1.0, '_a2_': 1.0, '_a3_': 1.0, '_a4_': 1.0, '_a6_': 1.0}};{'d0': 0.02490583291941657};-280.569866449044;35.85562636578951
29924;-104.429306858732;(((_a1_ + (x * (_a1_ + (_a7_ + x)))) * _a5_) * -(x));{'d0': {'_a1_': 0.5256917698575586, '_a5_': -3.3767608812133196, '_a7_': 0.09816764588167992, '_a0_': 1.0, '_a2_': 1.0, '_a3_': 1.0, '_a4_': 1.0, '_a6_': 1.0}};{'d0': 0.02490583291941657};-280.569866449044;35.85562636578951
29925;-104.429306858732;(((_a1_ + (x * (_a1_ + (_a7_ + x)))) * _a5_) * -(x));{'d0': {'_a1_': 0.5256917698575586, '_a5_': -3.3767608812133196, '_a7_': 0.09816764588167992, '_a0_': 1.0, '_a2_': 1.0, '_a3_': 1.0, '_a4_': 1.0, '_a6_': 1.0}};{'d0': 0.02490583291941657};-280.569866449044;35.85562636578951
29926;-104.429306858732;(((_a1_ + (x * (_a1_ + (_a7_ + x)))) * _a5_) * -(x));{'d0': {'_a1_': 0.5256917698575586, '_a5_': -3.3767608812133196, '_a7_': 0.09816764588167992, '_a0_': 1.0, '_a2_': 1.0, '_a3_': 1.0, '_a4_': 1.0, '_a6_': 1.0}};{'d0': 0.02490583291941657};-280.569866449044;35.85562636578951
29927;-104.429306858732;(((_a1_ + (x * (_a1_ + (_a7_ + x)))) * _a5_) * -(x));{'d0': {'_a1_': 0.5256917698575586, '_a5_': -3.3767608812133196, '_a7_': 0.09816764588167992, '_a0_': 1.0, '_a2_': 1.0, '_a3_': 1.0, '_a4_': 1.0, '_a6_': 1.0}};{'d0': 0.02490583291941657};-280.569866449044;35.85562636578951
29928;-104.429306858732;(((_a1_ + (x * (_a1_ + (_a7_ + x)))) * _a5_) * -(x));{'d0': {'_a1_': 0.5256917698575586, '_a5_': -3.3767608812133196, '_a7_': 0.09816764588167992, '_a0_': 1.0, '_a2_': 1.0, '_a3_': 1.0, '_a4_': 1.0, '_a6_': 1.0}};{'d0': 0.02490583291941657};-280.569866449044;35.85562636578951
29929;-97.4148073379497;((pow2(((_a5_ + _a5_) + (_a6_ * x))) + _a7_) * ((_a5_ * x) * _a4_));{'d0': {'_a4_': -1.1526948176870697, '_a5_': -0.414584568800438, '_a6_': -2.6581922685782304, '_a7_': 3.027009245514279, '_a0_': 1.0, '_a1_': 1.0, '_a2_': 1.0, '_a3_': 1.0}};{'d0': 0.024905832920965047};-276.475521883091;40.822953603596
29930;-104.429306858732;(((_a1_ + (x * (_a1_ + (_a7_ + x)))) * _a5_) * -(x));{'d0': {'_a1_': 0.5256917698575586, '_a5_': -3.3767608812133196, '_a7_': 0.09816764588167992, '_a0_': 1.0, '_a2_': 1.0, '_a3_': 1.0, '_a4_': 1.0, '_a6_': 1.0}};{'d0': 0.02490583291941657};-280.569866449044;35.85562636578951
29931;-104.429306858732;(((_a1_ + (x * (_a1_ + (_a7_ + x)))) * _a5_) * -(x));{'d0': {'_a1_': 0.5256917698575586, '_a5_': -3.3767608812133196, '_a7_': 0.09816764588167992, '_a0_': 1.0, '_a2_': 1.0, '_a3_': 1.0, '_a4_': 1.0, '_a6_': 1.0}};{'d0': 0.02490583291941657};-280.569866449044;35.85562636578951
29932;-104.429306858732;(((_a1_ + (x * (_a1_ + (_a7_ + x)))) * _a5_) * -(x));{'d0': {'_a1_': 0.5256917698575586, '_a5_': -3.3767608812133196, '_a7_': 0.09816764588167992, '_a0_': 1.0, '_a2_': 1.0, '_a3_': 1.0, '_a4_': 1.0, '_a6_': 1.0}};{'d0': 0.02490583291941657};-280.569866449044;35.85562636578951
29933;-104.429306858732;(((_a1_ + (x * (_a1_ + (_a7_ + x)))) * _a5_) * -(x));{'d0': {'_a1_': 0.5256917698575586, '_a5_': -3.3767608812133196, '_a7_': 0.09816764588167992, '_a0_': 1.0, '_a2_': 1.0, '_a3_': 1.0, '_a4_': 1.0, '_a6_': 1.0}};{'d0': 0.02490583291941657};-280.569866449044;35.85562636578951
29934;-104.429306858732;(((_a1_ + (x * (_a1_ + (_a7_ + x)))) * _a5_) * -(x));{'d0': {'_a1_': 0.5256917698575586, '_a5_': -3.3767608812133196, '_a7_': 0.09816764588167992, '_a0_': 1.0, '_a2_': 1.0, '_a3_': 1.0, '_a4_': 1.0, '_a6_': 1.0}};{'d0': 0.02490583291941657};-280.569866449044;35.85562636578951
29935;-104.429306858732;(((_a1_ + (x * (_a1_ + (_a7_ + x)))) * _a5_) * -(x));{'d0': {'_a1_': 0.5256917698575586, '_a5_': -3.3767608812133196, '_a7_': 0.09816764588167992, '_a0_': 1.0, '_a2_': 1.0, '_a3_': 1.0, '_a4_': 1.0, '_a6_': 1.0}};{'d0': 0.02490583291941657};-280.569866449044;35.85562636578951
29936;-104.429306858732;(((_a1_ + (x * (_a1_ + (_a7_ + x)))) * _a5_) * -(x));{'d0': {'_a1_': 0.5256917698575586, '_a5_': -3.3767608812133196, '_a7_': 0.09816764588167992, '_a0_': 1.0, '_a2_': 1.0, '_a3_': 1.0, '_a4_': 1.0, '_a6_': 1.0}};{'d0': 0.02490583291941657};-280.569866449044;35.85562636578951
29937;-104.429306858732;(((_a1_ + (x * (_a1_ + (_a7_ + x)))) * _a5_) * -(x));{'d0': {'_a1_': 0.5256917698575586, '_a5_': -3.3767608812133196, '_a7_': 0.09816764588167992, '_a0_': 1.0, '_a2_': 1.0, '_a3_': 1.0, '_a4_': 1.0, '_a6_': 1.0}};{'d0': 0.02490583291941657};-280.569866449044;35.85562636578951
29938;-104.429306858732;(((_a1_ + (x * (_a1_ + (_a7_ + x)))) * _a5_) * -(x));{'d0': {'_a1_': 0.5256917698575586, '_a5_': -3.3767608812133196, '_a7_': 0.09816764588167992, '_a0_': 1.0, '_a2_': 1.0, '_a3_': 1.0, '_a4_': 1.0, '_a6_': 1.0}};{'d0': 0.02490583291941657};-280.569866449044;35.85562636578951
29939;-104.429306858732;(((_a1_ + (x * (_a1_ + (_a7_ + x)))) * _a5_) * -(x));{'d0': {'_a1_': 0.5256917698575586, '_a5_': -3.3767608812133196, '_a7_': 0.09816764588167992, '_a0_': 1.0, '_a2_': 1.0, '_a3_': 1.0, '_a4_': 1.0, '_a6_': 1.0}};{'d0': 0.02490583291941657};-280.569866449044;35.85562636578951
29940;-104.429306858732;(((_a1_ + (x * (_a1_ + (_a7_ + x)))) * _a5_) * -(x));{'d0': {'_a1_': 0.5256917698575586, '_a5_': -3.3767608812133196, '_a7_': 0.09816764588167992, '_a0_': 1.0, '_a2_': 1.0, '_a3_': 1.0, '_a4_': 1.0, '_a6_': 1.0}};{'d0': 0.02490583291941657};-280.569866449044;35.85562636578951
29941;-104.429306858732;(((_a1_ + (x * (_a1_ + (_a7_ + x)))) * _a5_) * -(x));{'d0': {'_a1_': 0.5256917698575586, '_a5_': -3.3767608812133196, '_a7_': 0.09816764588167992, '_a0_': 1.0, '_a2_': 1.0, '_a3_': 1.0, '_a4_': 1.0, '_a6_': 1.0}};{'d0': 0.02490583291941657};-280.569866449044;35.85562636578951
29942;-104.429306858732;(((_a1_ + (x * (_a1_ + (_a7_ + x)))) * _a5_) * -(x));{'d0': {'_a1_': 0.5256917698575586, '_a5_': -3.3767608812133196, '_a7_': 0.09816764588167992, '_a0_': 1.0, '_a2_': 1.0, '_a3_': 1.0, '_a4_': 1.0, '_a6_': 1.0}};{'d0': 0.02490583291941657};-280.569866449044;35.85562636578951
29943;-104.429306858732;(((_a1_ + (x * (_a1_ + (_a7_ + x)))) * _a5_) * -(x));{'d0': {'_a1_': 0.5256917698575586, '_a5_': -3.3767608812133196, '_a7_': 0.09816764588167992, '_a0_': 1.0, '_a2_': 1.0, '_a3_': 1.0, '_a4_': 1.0, '_a6_': 1.0}};{'d0': 0.02490583291941657};-280.569866449044;35.85562636578951
29944;-104.429306858732;(((_a1_ + (x * (_a1_ + (_a7_ + x)))) * _a5_) * -(x));{'d0': {'_a1_': 0.5256917698575586, '_a5_': -3.3767608812133196, '_a7_': 0.09816764588167992, '_a0_': 1.0, '_a2_': 1.0, '_a3_': 1.0, '_a4_': 1.0, '_a6_': 1.0}};{'d0': 0.02490583291941657};-280.569866449044;35.85562636578951
29945;-104.429306858732;(((_a1_ + (x * (_a1_ + (_a7_ + x)))) * _a5_) * -(x));{'d0': {'_a1_': 0.5256917698575586, '_a5_': -3.3767608812133196, '_a7_': 0.09816764588167992, '_a0_': 1.0, '_a2_': 1.0, '_a3_': 1.0, '_a4_': 1.0, '_a6_': 1.0}};{'d0': 0.02490583291941657};-280.569866449044;35.85562636578951
29946;-104.429306858732;(((_a1_ + (x * (_a1_ + (_a7_ + x)))) * _a5_) * -(x));{'d0': {'_a1_': 0.5256917698575586, '_a5_': -3.3767608812133196, '_a7_': 0.09816764588167992, '_a0_': 1.0, '_a2_': 1.0, '_a3_': 1.0, '_a4_': 1.0, '_a6_': 1.0}};{'d0': 0.02490583291941657};-280.569866449044;35.85562636578951
29947;-104.429306858732;(((_a1_ + (x * (_a1_ + (_a7_ + x)))) * _a5_) * -(x));{'d0': {'_a1_': 0.5256917698575586, '_a5_': -3.3767608812133196, '_a7_': 0.09816764588167992, '_a0_': 1.0, '_a2_': 1.0, '_a3_': 1.0, '_a4_': 1.0, '_a6_': 1.0}};{'d0': 0.02490583291941657};-280.569866449044;35.85562636578951
29948;-104.429306858732;(((_a1_ + (x * (_a1_ + (_a7_ + x)))) * _a5_) * -(x));{'d0': {'_a1_': 0.5256917698575586, '_a5_': -3.3767608812133196, '_a7_': 0.09816764588167992, '_a0_': 1.0, '_a2_': 1.0, '_a3_': 1.0, '_a4_': 1.0, '_a6_': 1.0}};{'d0': 0.02490583291941657};-280.569866449044;35.85562636578951
29949;-104.429306858732;(((_a1_ + (x * (_a1_ + (_a7_ + x)))) * _a5_) * -(x));{'d0': {'_a1_': 0.5256917698575586, '_a5_': -3.3767608812133196, '_a7_': 0.09816764588167992, '_a0_': 1.0, '_a2_': 1.0, '_a3_': 1.0, '_a4_': 1.0, '_a6_': 1.0}};{'d0': 0.02490583291941657};-280.569866449044;35.85562636578951
29950;-104.429306858732;(((_a1_ + (x * (_a1_ + (_a7_ + x)))) * _a5_) * -(x));{'d0': {'_a1_': 0.5256917698575586, '_a5_': -3.3767608812133196, '_a7_': 0.09816764588167992, '_a0_': 1.0, '_a2_': 1.0, '_a3_': 1.0, '_a4_': 1.0, '_a6_': 1.0}};{'d0': 0.02490583291941657};-280.569866449044;35.85562636578951
29951;-104.429306858732;(((_a1_ + (x * (_a1_ + (_a7_ + x)))) * _a5_) * -(x));{'d0': {'_a1_': 0.5256917698575586, '_a5_': -3.3767608812133196, '_a7_': 0.09816764588167992, '_a0_': 1.0, '_a2_': 1.0, '_a3_': 1.0, '_a4_': 1.0, '_a6_': 1.0}};{'d0': 0.02490583291941657};-280.569866449044;35.85562636578951
29952;-104.429306858732;(((_a1_ + (x * (_a1_ + (_a7_ + x)))) * _a5_) * -(x));{'d0': {'_a1_': 0.5256917698575586, '_a5_': -3.3767608812133196, '_a7_': 0.09816764588167992, '_a0_': 1.0, '_a2_': 1.0, '_a3_': 1.0, '_a4_': 1.0, '_a6_': 1.0}};{'d0': 0.02490583291941657};-280.569866449044;35.85562636578951
29953;-104.429306858732;(((_a1_ + (x * (_a1_ + (_a7_ + x)))) * _a5_) * -(x));{'d0': {'_a1_': 0.5256917698575586, '_a5_': -3.3767608812133196, '_a7_': 0.09816764588167992, '_a0_': 1.0, '_a2_': 1.0, '_a3_': 1.0, '_a4_': 1.0, '_a6_': 1.0}};{'d0': 0.02490583291941657};-280.569866449044;35.85562636578951
29954;-104.429306858732;(((_a1_ + (x * (_a1_ + (_a7_ + x)))) * _a5_) * -(x));{'d0': {'_a1_': 0.5256917698575586, '_a5_': -3.3767608812133196, '_a7_': 0.09816764588167992, '_a0_': 1.0, '_a2_': 1.0, '_a3_': 1.0, '_a4_': 1.0, '_a6_': 1.0}};{'d0': 0.02490583291941657};-280.569866449044;35.85562636578951
29955;-104.429306858732;(((_a1_ + (x * (_a1_ + (_a7_ + x)))) * _a5_) * -(x));{'d0': {'_a1_': 0.5256917698575586, '_a5_': -3.3767608812133196, '_a7_': 0.09816764588167992, '_a0_': 1.0, '_a2_': 1.0, '_a3_': 1.0, '_a4_': 1.0, '_a6_': 1.0}};{'d0': 0.02490583291941657};-280.569866449044;35.85562636578951
29956;-104.429306858732;(((_a1_ + (x * (_a1_ + (_a7_ + x)))) * _a5_) * -(x));{'d0': {'_a1_': 0.5256917698575586, '_a5_': -3.3767608812133196, '_a7_': 0.09816764588167992, '_a0_': 1.0, '_a2_': 1.0, '_a3_': 1.0, '_a4_': 1.0, '_a6_': 1.0}};{'d0': 0.02490583291941657};-280.569866449044;35.85562636578951
29957;-104.429306858732;(((_a1_ + (x * (_a1_ + (_a7_ + x)))) * _a5_) * -(x));{'d0': {'_a1_': 0.5256917698575586, '_a5_': -3.3767608812133196, '_a7_': 0.09816764588167992, '_a0_': 1.0, '_a2_': 1.0, '_a3_': 1.0, '_a4_': 1.0, '_a6_': 1.0}};{'d0': 0.02490583291941657};-280.569866449044;35.85562636578951
29958;-104.429306858732;(((_a1_ + (x * (_a1_ + (_a7_ + x)))) * _a5_) * -(x));{'d0': {'_a1_': 0.5256917698575586, '_a5_': -3.3767608812133196, '_a7_': 0.09816764588167992, '_a0_': 1.0, '_a2_': 1.0, '_a3_': 1.0, '_a4_': 1.0, '_a6_': 1.0}};{'d0': 0.02490583291941657};-280.569866449044;35.85562636578951
29959;-104.429306858732;(((_a1_ + (x * (_a1_ + (_a7_ + x)))) * _a5_) * -(x));{'d0': {'_a1_': 0.5256917698575586, '_a5_': -3.3767608812133196, '_a7_': 0.09816764588167992, '_a0_': 1.0, '_a2_': 1.0, '_a3_': 1.0, '_a4_': 1.0, '_a6_': 1.0}};{'d0': 0.02490583291941657};-280.569866449044;35.85562636578951
29960;-104.429306858732;(((_a1_ + (x * (_a1_ + (_a7_ + x)))) * _a5_) * -(x));{'d0': {'_a1_': 0.5256917698575586, '_a5_': -3.3767608812133196, '_a7_': 0.09816764588167992, '_a0_': 1.0, '_a2_': 1.0, '_a3_': 1.0, '_a4_': 1.0, '_a6_': 1.0}};{'d0': 0.02490583291941657};-280.569866449044;35.85562636578951
29961;-104.429306858732;(((_a1_ + (x * (_a1_ + (_a7_ + x)))) * _a5_) * -(x));{'d0': {'_a1_': 0.5256917698575586, '_a5_': -3.3767608812133196, '_a7_': 0.09816764588167992, '_a0_': 1.0, '_a2_': 1.0, '_a3_': 1.0, '_a4_': 1.0, '_a6_': 1.0}};{'d0': 0.02490583291941657};-280.569866449044;35.85562636578951
29962;-104.429306858732;(((_a1_ + (x * (_a1_ + (_a7_ + x)))) * _a5_) * -(x));{'d0': {'_a1_': 0.5256917698575586, '_a5_': -3.3767608812133196, '_a7_': 0.09816764588167992, '_a0_': 1.0, '_a2_': 1.0, '_a3_': 1.0, '_a4_': 1.0, '_a6_': 1.0}};{'d0': 0.02490583291941657};-280.569866449044;35.85562636578951
29963;-104.429306858732;(((_a1_ + (x * (_a1_ + (_a7_ + x)))) * _a5_) * -(x));{'d0': {'_a1_': 0.5256917698575586, '_a5_': -3.3767608812133196, '_a7_': 0.09816764588167992, '_a0_': 1.0, '_a2_': 1.0, '_a3_': 1.0, '_a4_': 1.0, '_a6_': 1.0}};{'d0': 0.02490583291941657};-280.569866449044;35.85562636578951
29964;-104.429306858732;(((_a1_ + (x * (_a1_ + (_a7_ + x)))) * _a5_) * -(x));{'d0': {'_a1_': 0.5256917698575586, '_a5_': -3.3767608812133196, '_a7_': 0.09816764588167992, '_a0_': 1.0, '_a2_': 1.0, '_a3_': 1.0, '_a4_': 1.0, '_a6_': 1.0}};{'d0': 0.02490583291941657};-280.569866449044;35.85562636578951
29965;-104.429306858732;(((_a1_ + (x * (_a1_ + (_a7_ + x)))) * _a5_) * -(x));{'d0': {'_a1_': 0.5256917698575586, '_a5_': -3.3767608812133196, '_a7_': 0.09816764588167992, '_a0_': 1.0, '_a2_': 1.0, '_a3_': 1.0, '_a4_': 1.0, '_a6_': 1.0}};{'d0': 0.02490583291941657};-280.569866449044;35.85562636578951
29966;-104.429306858732;(((_a1_ + (x * (_a1_ + (_a7_ + x)))) * _a5_) * -(x));{'d0': {'_a1_': 0.5256917698575586, '_a5_': -3.3767608812133196, '_a7_': 0.09816764588167992, '_a0_': 1.0, '_a2_': 1.0, '_a3_': 1.0, '_a4_': 1.0, '_a6_': 1.0}};{'d0': 0.02490583291941657};-280.569866449044;35.85562636578951
29967;-104.429306858732;(((_a1_ + (x * (_a1_ + (_a7_ + x)))) * _a5_) * -(x));{'d0': {'_a1_': 0.5256917698575586, '_a5_': -3.3767608812133196, '_a7_': 0.09816764588167992, '_a0_': 1.0, '_a2_': 1.0, '_a3_': 1.0, '_a4_': 1.0, '_a6_': 1.0}};{'d0': 0.02490583291941657};-280.569866449044;35.85562636578951
29968;-104.429306858732;(((_a1_ + (x * (_a1_ + (_a7_ + x)))) * _a5_) * -(x));{'d0': {'_a1_': 0.5256917698575586, '_a5_': -3.3767608812133196, '_a7_': 0.09816764588167992, '_a0_': 1.0, '_a2_': 1.0, '_a3_': 1.0, '_a4_': 1.0, '_a6_': 1.0}};{'d0': 0.02490583291941657};-280.569866449044;35.85562636578951
29969;-104.429306858732;(((_a1_ + (x * (_a1_ + (_a7_ + x)))) * _a5_) * -(x));{'d0': {'_a1_': 0.5256917698575586, '_a5_': -3.3767608812133196, '_a7_': 0.09816764588167992, '_a0_': 1.0, '_a2_': 1.0, '_a3_': 1.0, '_a4_': 1.0, '_a6_': 1.0}};{'d0': 0.02490583291941657};-280.569866449044;35.85562636578951
29970;-104.429306858732;(((_a1_ + (x * (_a1_ + (_a7_ + x)))) * _a5_) * -(x));{'d0': {'_a1_': 0.5256917698575586, '_a5_': -3.3767608812133196, '_a7_': 0.09816764588167992, '_a0_': 1.0, '_a2_': 1.0, '_a3_': 1.0, '_a4_': 1.0, '_a6_': 1.0}};{'d0': 0.02490583291941657};-280.569866449044;35.85562636578951
29971;-104.429306858732;(((_a1_ + (x * (_a1_ + (_a7_ + x)))) * _a5_) * -(x));{'d0': {'_a1_': 0.5256917698575586, '_a5_': -3.3767608812133196, '_a7_': 0.09816764588167992, '_a0_': 1.0, '_a2_': 1.0, '_a3_': 1.0, '_a4_': 1.0, '_a6_': 1.0}};{'d0': 0.02490583291941657};-280.569866449044;35.85562636578951
29972;-104.429306858732;(((_a1_ + (x * (_a1_ + (_a7_ + x)))) * _a5_) * -(x));{'d0': {'_a1_': 0.5256917698575586, '_a5_': -3.3767608812133196, '_a7_': 0.09816764588167992, '_a0_': 1.0, '_a2_': 1.0, '_a3_': 1.0, '_a4_': 1.0, '_a6_': 1.0}};{'d0': 0.02490583291941657};-280.569866449044;35.85562636578951
29973;-104.429306858732;(((_a1_ + (x * (_a1_ + (_a7_ + x)))) * _a5_) * -(x));{'d0': {'_a1_': 0.5256917698575586, '_a5_': -3.3767608812133196, '_a7_': 0.09816764588167992, '_a0_': 1.0, '_a2_': 1.0, '_a3_': 1.0, '_a4_': 1.0, '_a6_': 1.0}};{'d0': 0.02490583291941657};-280.569866449044;35.85562636578951
29974;-104.429306858732;(((_a1_ + (x * (_a1_ + (_a7_ + x)))) * _a5_) * -(x));{'d0': {'_a1_': 0.5256917698575586, '_a5_': -3.3767608812133196, '_a7_': 0.09816764588167992, '_a0_': 1.0, '_a2_': 1.0, '_a3_': 1.0, '_a4_': 1.0, '_a6_': 1.0}};{'d0': 0.02490583291941657};-280.569866449044;35.85562636578951
29975;-104.429306858732;(((_a1_ + (x * (_a1_ + (_a7_ + x)))) * _a5_) * -(x));{'d0': {'_a1_': 0.5256917698575586, '_a5_': -3.3767608812133196, '_a7_': 0.09816764588167992, '_a0_': 1.0, '_a2_': 1.0, '_a3_': 1.0, '_a4_': 1.0, '_a6_': 1.0}};{'d0': 0.02490583291941657};-280.569866449044;35.85562636578951
29976;-104.429306858732;(((_a1_ + (x * (_a1_ + (_a7_ + x)))) * _a5_) * -(x));{'d0': {'_a1_': 0.5256917698575586, '_a5_': -3.3767608812133196, '_a7_': 0.09816764588167992, '_a0_': 1.0, '_a2_': 1.0, '_a3_': 1.0, '_a4_': 1.0, '_a6_': 1.0}};{'d0': 0.02490583291941657};-280.569866449044;35.85562636578951
29977;-104.429306858732;(((_a1_ + (x * (_a1_ + (_a7_ + x)))) * _a5_) * -(x));{'d0': {'_a1_': 0.5256917698575586, '_a5_': -3.3767608812133196, '_a7_': 0.09816764588167992, '_a0_': 1.0, '_a2_': 1.0, '_a3_': 1.0, '_a4_': 1.0, '_a6_': 1.0}};{'d0': 0.02490583291941657};-280.569866449044;35.85562636578951
29978;-104.429306858732;(((_a1_ + (x * (_a1_ + (_a7_ + x)))) * _a5_) * -(x));{'d0': {'_a1_': 0.5256917698575586, '_a5_': -3.3767608812133196, '_a7_': 0.09816764588167992, '_a0_': 1.0, '_a2_': 1.0, '_a3_': 1.0, '_a4_': 1.0, '_a6_': 1.0}};{'d0': 0.02490583291941657};-280.569866449044;35.85562636578951
29979;-104.429306858732;(((_a1_ + (x * (_a1_ + (_a7_ + x)))) * _a5_) * -(x));{'d0': {'_a1_': 0.5256917698575586, '_a5_': -3.3767608812133196, '_a7_': 0.09816764588167992, '_a0_': 1.0, '_a2_': 1.0, '_a3_': 1.0, '_a4_': 1.0, '_a6_': 1.0}};{'d0': 0.02490583291941657};-280.569866449044;35.85562636578951
29980;-104.429306858732;(((_a1_ + (x * (_a1_ + (_a7_ + x)))) * _a5_) * -(x));{'d0': {'_a1_': 0.5256917698575586, '_a5_': -3.3767608812133196, '_a7_': 0.09816764588167992, '_a0_': 1.0, '_a2_': 1.0, '_a3_': 1.0, '_a4_': 1.0, '_a6_': 1.0}};{'d0': 0.02490583291941657};-280.569866449044;35.85562636578951
29981;-104.429306858732;(((_a1_ + (x * (_a1_ + (_a7_ + x)))) * _a5_) * -(x));{'d0': {'_a1_': 0.5256917698575586, '_a5_': -3.3767608812133196, '_a7_': 0.09816764588167992, '_a0_': 1.0, '_a2_': 1.0, '_a3_': 1.0, '_a4_': 1.0, '_a6_': 1.0}};{'d0': 0.02490583291941657};-280.569866449044;35.85562636578951
29982;-104.429306858732;(((_a1_ + (x * (_a1_ + (_a7_ + x)))) * _a5_) * -(x));{'d0': {'_a1_': 0.5256917698575586, '_a5_': -3.3767608812133196, '_a7_': 0.09816764588167992, '_a0_': 1.0, '_a2_': 1.0, '_a3_': 1.0, '_a4_': 1.0, '_a6_': 1.0}};{'d0': 0.02490583291941657};-280.569866449044;35.85562636578951
29983;-104.429306858732;(((_a1_ + (x * (_a1_ + (_a7_ + x)))) * _a5_) * -(x));{'d0': {'_a1_': 0.5256917698575586, '_a5_': -3.3767608812133196, '_a7_': 0.09816764588167992, '_a0_': 1.0, '_a2_': 1.0, '_a3_': 1.0, '_a4_': 1.0, '_a6_': 1.0}};{'d0': 0.02490583291941657};-280.569866449044;35.85562636578951
29984;-104.429306858732;(((_a1_ + (x * (_a1_ + (_a7_ + x)))) * _a5_) * -(x));{'d0': {'_a1_': 0.5256917698575586, '_a5_': -3.3767608812133196, '_a7_': 0.09816764588167992, '_a0_': 1.0, '_a2_': 1.0, '_a3_': 1.0, '_a4_': 1.0, '_a6_': 1.0}};{'d0': 0.02490583291941657};-280.569866449044;35.85562636578951
29985;-104.429306858732;(((_a1_ + (x * (_a1_ + (_a7_ + x)))) * _a5_) * -(x));{'d0': {'_a1_': 0.5256917698575586, '_a5_': -3.3767608812133196, '_a7_': 0.09816764588167992, '_a0_': 1.0, '_a2_': 1.0, '_a3_': 1.0, '_a4_': 1.0, '_a6_': 1.0}};{'d0': 0.02490583291941657};-280.569866449044;35.85562636578951
29986;-104.429306858732;(((_a1_ + (x * (_a1_ + (_a7_ + x)))) * _a5_) * -(x));{'d0': {'_a1_': 0.5256917698575586, '_a5_': -3.3767608812133196, '_a7_': 0.09816764588167992, '_a0_': 1.0, '_a2_': 1.0, '_a3_': 1.0, '_a4_': 1.0, '_a6_': 1.0}};{'d0': 0.02490583291941657};-280.569866449044;35.85562636578951
29987;-104.429306858732;(((_a1_ + (x * (_a1_ + (_a7_ + x)))) * _a5_) * -(x));{'d0': {'_a1_': 0.5256917698575586, '_a5_': -3.3767608812133196, '_a7_': 0.09816764588167992, '_a0_': 1.0, '_a2_': 1.0, '_a3_': 1.0, '_a4_': 1.0, '_a6_': 1.0}};{'d0': 0.02490583291941657};-280.569866449044;35.85562636578951
29988;-104.429306858732;(((_a1_ + (x * (_a1_ + (_a7_ + x)))) * _a5_) * -(x));{'d0': {'_a1_': 0.5256917698575586, '_a5_': -3.3767608812133196, '_a7_': 0.09816764588167992, '_a0_': 1.0, '_a2_': 1.0, '_a3_': 1.0, '_a4_': 1.0, '_a6_': 1.0}};{'d0': 0.02490583291941657};-280.569866449044;35.85562636578951
29989;-104.429306858732;(((_a1_ + (x * (_a1_ + (_a7_ + x)))) * _a5_) * -(x));{'d0': {'_a1_': 0.5256917698575586, '_a5_': -3.3767608812133196, '_a7_': 0.09816764588167992, '_a0_': 1.0, '_a2_': 1.0, '_a3_': 1.0, '_a4_': 1.0, '_a6_': 1.0}};{'d0': 0.02490583291941657};-280.569866449044;35.85562636578951
29990;-104.429306858732;(((_a1_ + (x * (_a1_ + (_a7_ + x)))) * _a5_) * -(x));{'d0': {'_a1_': 0.5256917698575586, '_a5_': -3.3767608812133196, '_a7_': 0.09816764588167992, '_a0_': 1.0, '_a2_': 1.0, '_a3_': 1.0, '_a4_': 1.0, '_a6_': 1.0}};{'d0': 0.02490583291941657};-280.569866449044;35.85562636578951
29991;-104.429306858732;(((_a1_ + (x * (_a1_ + (_a7_ + x)))) * _a5_) * -(x));{'d0': {'_a1_': 0.5256917698575586, '_a5_': -3.3767608812133196, '_a7_': 0.09816764588167992, '_a0_': 1.0, '_a2_': 1.0, '_a3_': 1.0, '_a4_': 1.0, '_a6_': 1.0}};{'d0': 0.02490583291941657};-280.569866449044;35.85562636578951
29992;-104.429306858732;(((_a1_ + (x * (_a1_ + (_a7_ + x)))) * _a5_) * -(x));{'d0': {'_a1_': 0.5256917698575586, '_a5_': -3.3767608812133196, '_a7_': 0.09816764588167992, '_a0_': 1.0, '_a2_': 1.0, '_a3_': 1.0, '_a4_': 1.0, '_a6_': 1.0}};{'d0': 0.02490583291941657};-280.569866449044;35.85562636578951
29993;-104.429306858732;(((_a1_ + (x * (_a1_ + (_a7_ + x)))) * _a5_) * -(x));{'d0': {'_a1_': 0.5256917698575586, '_a5_': -3.3767608812133196, '_a7_': 0.09816764588167992, '_a0_': 1.0, '_a2_': 1.0, '_a3_': 1.0, '_a4_': 1.0, '_a6_': 1.0}};{'d0': 0.02490583291941657};-280.569866449044;35.85562636578951
29994;-104.429306858732;(((_a1_ + (x * (_a1_ + (_a7_ + x)))) * _a5_) * -(x));{'d0': {'_a1_': 0.5256917698575586, '_a5_': -3.3767608812133196, '_a7_': 0.09816764588167992, '_a0_': 1.0, '_a2_': 1.0, '_a3_': 1.0, '_a4_': 1.0, '_a6_': 1.0}};{'d0': 0.02490583291941657};-280.569866449044;35.85562636578951
29995;-104.429306858732;(((_a1_ + (x * (_a1_ + (_a7_ + x)))) * _a5_) * -(x));{'d0': {'_a1_': 0.5256917698575586, '_a5_': -3.3767608812133196, '_a7_': 0.09816764588167992, '_a0_': 1.0, '_a2_': 1.0, '_a3_': 1.0, '_a4_': 1.0, '_a6_': 1.0}};{'d0': 0.02490583291941657};-280.569866449044;35.85562636578951
29996;-104.429306858732;(((_a1_ + (x * (_a1_ + (_a7_ + x)))) * _a5_) * -(x));{'d0': {'_a1_': 0.5256917698575586, '_a5_': -3.3767608812133196, '_a7_': 0.09816764588167992, '_a0_': 1.0, '_a2_': 1.0, '_a3_': 1.0, '_a4_': 1.0, '_a6_': 1.0}};{'d0': 0.02490583291941657};-280.569866449044;35.85562636578951
29997;-104.429306858732;(((_a1_ + (x * (_a1_ + (_a7_ + x)))) * _a5_) * -(x));{'d0': {'_a1_': 0.5256917698575586, '_a5_': -3.3767608812133196, '_a7_': 0.09816764588167992, '_a0_': 1.0, '_a2_': 1.0, '_a3_': 1.0, '_a4_': 1.0, '_a6_': 1.0}};{'d0': 0.02490583291941657};-280.569866449044;35.85562636578951
29998;-104.429306858732;(((_a1_ + (x * (_a1_ + (_a7_ + x)))) * _a5_) * -(x));{'d0': {'_a1_': 0.5256917698575586, '_a5_': -3.3767608812133196, '_a7_': 0.09816764588167992, '_a0_': 1.0, '_a2_': 1.0, '_a3_': 1.0, '_a4_': 1.0, '_a6_': 1.0}};{'d0': 0.02490583291941657};-280.569866449044;35.85562636578951
29999;-104.429306858732;(((_a1_ + (x * (_a1_ + (_a7_ + x)))) * _a5_) * -(x));{'d0': {'_a1_': 0.5256917698575586, '_a5_': -3.3767608812133196, '_a7_': 0.09816764588167992, '_a0_': 1.0, '_a2_': 1.0, '_a3_': 1.0, '_a4_': 1.0, '_a6_': 1.0}};{'d0': 0.02490583291941657};-280.569866449044;35.85562636578951
30000;-104.429306858732;(((_a1_ + (x * (_a1_ + (_a7_ + x)))) * _a5_) * -(x));{'d0': {'_a1_': 0.5256917698575586, '_a5_': -3.3767608812133196, '_a7_': 0.09816764588167992, '_a0_': 1.0, '_a2_': 1.0, '_a3_': 1.0, '_a4_': 1.0, '_a6_': 1.0}};{'d0': 0.02490583291941657};-280.569866449044;35.85562636578951
30001;-104.429306858732;(((_a1_ + (x * (_a1_ + (_a7_ + x)))) * _a5_) * -(x));{'d0': {'_a1_': 0.5256917698575586, '_a5_': -3.3767608812133196, '_a7_': 0.09816764588167992, '_a0_': 1.0, '_a2_': 1.0, '_a3_': 1.0, '_a4_': 1.0, '_a6_': 1.0}};{'d0': 0.02490583291941657};-280.569866449044;35.85562636578951
30002;-104.429306858732;(((_a1_ + (x * (_a1_ + (_a7_ + x)))) * _a5_) * -(x));{'d0': {'_a1_': 0.5256917698575586, '_a5_': -3.3767608812133196, '_a7_': 0.09816764588167992, '_a0_': 1.0, '_a2_': 1.0, '_a3_': 1.0, '_a4_': 1.0, '_a6_': 1.0}};{'d0': 0.02490583291941657};-280.569866449044;35.85562636578951
30003;-104.429306858732;(((_a1_ + (x * (_a1_ + (_a7_ + x)))) * _a5_) * -(x));{'d0': {'_a1_': 0.5256917698575586, '_a5_': -3.3767608812133196, '_a7_': 0.09816764588167992, '_a0_': 1.0, '_a2_': 1.0, '_a3_': 1.0, '_a4_': 1.0, '_a6_': 1.0}};{'d0': 0.02490583291941657};-280.569866449044;35.85562636578951
30004;-104.429306858732;(((_a1_ + (x * (_a1_ + (_a7_ + x)))) * _a5_) * -(x));{'d0': {'_a1_': 0.5256917698575586, '_a5_': -3.3767608812133196, '_a7_': 0.09816764588167992, '_a0_': 1.0, '_a2_': 1.0, '_a3_': 1.0, '_a4_': 1.0, '_a6_': 1.0}};{'d0': 0.02490583291941657};-280.569866449044;35.85562636578951
30005;-104.429306858732;(((_a1_ + (x * (_a1_ + (_a7_ + x)))) * _a5_) * -(x));{'d0': {'_a1_': 0.5256917698575586, '_a5_': -3.3767608812133196, '_a7_': 0.09816764588167992, '_a0_': 1.0, '_a2_': 1.0, '_a3_': 1.0, '_a4_': 1.0, '_a6_': 1.0}};{'d0': 0.02490583291941657};-280.569866449044;35.85562636578951
30006;-104.429306858732;(((_a1_ + (x * (_a1_ + (_a7_ + x)))) * _a5_) * -(x));{'d0': {'_a1_': 0.5256917698575586, '_a5_': -3.3767608812133196, '_a7_': 0.09816764588167992, '_a0_': 1.0, '_a2_': 1.0, '_a3_': 1.0, '_a4_': 1.0, '_a6_': 1.0}};{'d0': 0.02490583291941657};-280.569866449044;35.85562636578951
30007;-104.429306858732;(((_a1_ + (x * (_a1_ + (_a7_ + x)))) * _a5_) * -(x));{'d0': {'_a1_': 0.5256917698575586, '_a5_': -3.3767608812133196, '_a7_': 0.09816764588167992, '_a0_': 1.0, '_a2_': 1.0, '_a3_': 1.0, '_a4_': 1.0, '_a6_': 1.0}};{'d0': 0.02490583291941657};-280.569866449044;35.85562636578951
30008;-104.429306858732;(((_a1_ + (x * (_a1_ + (_a7_ + x)))) * _a5_) * -(x));{'d0': {'_a1_': 0.5256917698575586, '_a5_': -3.3767608812133196, '_a7_': 0.09816764588167992, '_a0_': 1.0, '_a2_': 1.0, '_a3_': 1.0, '_a4_': 1.0, '_a6_': 1.0}};{'d0': 0.02490583291941657};-280.569866449044;35.85562636578951
30009;-104.429306858732;(((_a1_ + (x * (_a1_ + (_a7_ + x)))) * _a5_) * -(x));{'d0': {'_a1_': 0.5256917698575586, '_a5_': -3.3767608812133196, '_a7_': 0.09816764588167992, '_a0_': 1.0, '_a2_': 1.0, '_a3_': 1.0, '_a4_': 1.0, '_a6_': 1.0}};{'d0': 0.02490583291941657};-280.569866449044;35.85562636578951
30010;-104.429306858732;(((_a1_ + (x * (_a1_ + (_a7_ + x)))) * _a5_) * -(x));{'d0': {'_a1_': 0.5256917698575586, '_a5_': -3.3767608812133196, '_a7_': 0.09816764588167992, '_a0_': 1.0, '_a2_': 1.0, '_a3_': 1.0, '_a4_': 1.0, '_a6_': 1.0}};{'d0': 0.02490583291941657};-280.569866449044;35.85562636578951
30011;-104.429306858732;(((_a1_ + (x * (_a1_ + (_a7_ + x)))) * _a5_) * -(x));{'d0': {'_a1_': 0.5256917698575586, '_a5_': -3.3767608812133196, '_a7_': 0.09816764588167992, '_a0_': 1.0, '_a2_': 1.0, '_a3_': 1.0, '_a4_': 1.0, '_a6_': 1.0}};{'d0': 0.02490583291941657};-280.569866449044;35.85562636578951
30012;-104.429306858732;(((_a1_ + (x * (_a1_ + (_a7_ + x)))) * _a5_) * -(x));{'d0': {'_a1_': 0.5256917698575586, '_a5_': -3.3767608812133196, '_a7_': 0.09816764588167992, '_a0_': 1.0, '_a2_': 1.0, '_a3_': 1.0, '_a4_': 1.0, '_a6_': 1.0}};{'d0': 0.02490583291941657};-280.569866449044;35.85562636578951
30013;-104.429306858732;(((_a1_ + (x * (_a1_ + (_a7_ + x)))) * _a5_) * -(x));{'d0': {'_a1_': 0.5256917698575586, '_a5_': -3.3767608812133196, '_a7_': 0.09816764588167992, '_a0_': 1.0, '_a2_': 1.0, '_a3_': 1.0, '_a4_': 1.0, '_a6_': 1.0}};{'d0': 0.02490583291941657};-280.569866449044;35.85562636578951
30014;-104.429306858732;(((_a1_ + (x * (_a1_ + (_a7_ + x)))) * _a5_) * -(x));{'d0': {'_a1_': 0.5256917698575586, '_a5_': -3.3767608812133196, '_a7_': 0.09816764588167992, '_a0_': 1.0, '_a2_': 1.0, '_a3_': 1.0, '_a4_': 1.0, '_a6_': 1.0}};{'d0': 0.02490583291941657};-280.569866449044;35.85562636578951
30015;-104.429306858732;(((_a1_ + (x * (_a1_ + (_a7_ + x)))) * _a5_) * -(x));{'d0': {'_a1_': 0.5256917698575586, '_a5_': -3.3767608812133196, '_a7_': 0.09816764588167992, '_a0_': 1.0, '_a2_': 1.0, '_a3_': 1.0, '_a4_': 1.0, '_a6_': 1.0}};{'d0': 0.02490583291941657};-280.569866449044;35.85562636578951
30016;-104.429306858732;(((_a1_ + (x * (_a1_ + (_a7_ + x)))) * _a5_) * -(x));{'d0': {'_a1_': 0.5256917698575586, '_a5_': -3.3767608812133196, '_a7_': 0.09816764588167992, '_a0_': 1.0, '_a2_': 1.0, '_a3_': 1.0, '_a4_': 1.0, '_a6_': 1.0}};{'d0': 0.02490583291941657};-280.569866449044;35.85562636578951
30017;-104.429306858732;(((_a1_ + (x * (_a1_ + (_a7_ + x)))) * _a5_) * -(x));{'d0': {'_a1_': 0.5256917698575586, '_a5_': -3.3767608812133196, '_a7_': 0.09816764588167992, '_a0_': 1.0, '_a2_': 1.0, '_a3_': 1.0, '_a4_': 1.0, '_a6_': 1.0}};{'d0': 0.02490583291941657};-280.569866449044;35.85562636578951
30018;-104.429306858732;(((_a1_ + (x * (_a1_ + (_a7_ + x)))) * _a5_) * -(x));{'d0': {'_a1_': 0.5256917698575586, '_a5_': -3.3767608812133196, '_a7_': 0.09816764588167992, '_a0_': 1.0, '_a2_': 1.0, '_a3_': 1.0, '_a4_': 1.0, '_a6_': 1.0}};{'d0': 0.02490583291941657};-280.569866449044;35.85562636578951
30019;-104.429306858732;(((_a1_ + (x * (_a1_ + (_a7_ + x)))) * _a5_) * -(x));{'d0': {'_a1_': 0.5256917698575586, '_a5_': -3.3767608812133196, '_a7_': 0.09816764588167992, '_a0_': 1.0, '_a2_': 1.0, '_a3_': 1.0, '_a4_': 1.0, '_a6_': 1.0}};{'d0': 0.02490583291941657};-280.569866449044;35.85562636578951
30020;-104.429306858732;(((_a1_ + (x * (_a1_ + (_a7_ + x)))) * _a5_) * -(x));{'d0': {'_a1_': 0.5256917698575586, '_a5_': -3.3767608812133196, '_a7_': 0.09816764588167992, '_a0_': 1.0, '_a2_': 1.0, '_a3_': 1.0, '_a4_': 1.0, '_a6_': 1.0}};{'d0': 0.02490583291941657};-280.569866449044;35.85562636578951
30021;-104.429306858732;(((_a1_ + (x * (_a1_ + (_a7_ + x)))) * _a5_) * -(x));{'d0': {'_a1_': 0.5256917698575586, '_a5_': -3.3767608812133196, '_a7_': 0.09816764588167992, '_a0_': 1.0, '_a2_': 1.0, '_a3_': 1.0, '_a4_': 1.0, '_a6_': 1.0}};{'d0': 0.02490583291941657};-280.569866449044;35.85562636578951
30022;-104.429306858732;(((_a1_ + (x * (_a1_ + (_a7_ + x)))) * _a5_) * -(x));{'d0': {'_a1_': 0.5256917698575586, '_a5_': -3.3767608812133196, '_a7_': 0.09816764588167992, '_a0_': 1.0, '_a2_': 1.0, '_a3_': 1.0, '_a4_': 1.0, '_a6_': 1.0}};{'d0': 0.02490583291941657};-280.569866449044;35.85562636578951
30023;-104.429306858732;(((_a1_ + (x * (_a1_ + (_a7_ + x)))) * _a5_) * -(x));{'d0': {'_a1_': 0.5256917698575586, '_a5_': -3.3767608812133196, '_a7_': 0.09816764588167992, '_a0_': 1.0, '_a2_': 1.0, '_a3_': 1.0, '_a4_': 1.0, '_a6_': 1.0}};{'d0': 0.02490583291941657};-280.569866449044;35.85562636578951
30024;-104.429306858732;(((_a1_ + (x * (_a1_ + (_a7_ + x)))) * _a5_) * -(x));{'d0': {'_a1_': 0.5256917698575586, '_a5_': -3.3767608812133196, '_a7_': 0.09816764588167992, '_a0_': 1.0, '_a2_': 1.0, '_a3_': 1.0, '_a4_': 1.0, '_a6_': 1.0}};{'d0': 0.02490583291941657};-280.569866449044;35.85562636578951
30025;-104.429306858732;(((_a1_ + (x * (_a1_ + (_a7_ + x)))) * _a5_) * -(x));{'d0': {'_a1_': 0.5256917698575586, '_a5_': -3.3767608812133196, '_a7_': 0.09816764588167992, '_a0_': 1.0, '_a2_': 1.0, '_a3_': 1.0, '_a4_': 1.0, '_a6_': 1.0}};{'d0': 0.02490583291941657};-280.569866449044;35.85562636578951
30026;-104.429306858732;(((_a1_ + (x * (_a1_ + (_a7_ + x)))) * _a5_) * -(x));{'d0': {'_a1_': 0.5256917698575586, '_a5_': -3.3767608812133196, '_a7_': 0.09816764588167992, '_a0_': 1.0, '_a2_': 1.0, '_a3_': 1.0, '_a4_': 1.0, '_a6_': 1.0}};{'d0': 0.02490583291941657};-280.569866449044;35.85562636578951
30027;-104.429306858732;(((_a1_ + (x * (_a1_ + (_a7_ + x)))) * _a5_) * -(x));{'d0': {'_a1_': 0.5256917698575586, '_a5_': -3.3767608812133196, '_a7_': 0.09816764588167992, '_a0_': 1.0, '_a2_': 1.0, '_a3_': 1.0, '_a4_': 1.0, '_a6_': 1.0}};{'d0': 0.02490583291941657};-280.569866449044;35.85562636578951
30028;-104.429306858732;(((_a1_ + (x * (_a1_ + (_a7_ + x)))) * _a5_) * -(x));{'d0': {'_a1_': 0.5256917698575586, '_a5_': -3.3767608812133196, '_a7_': 0.09816764588167992, '_a0_': 1.0, '_a2_': 1.0, '_a3_': 1.0, '_a4_': 1.0, '_a6_': 1.0}};{'d0': 0.02490583291941657};-280.569866449044;35.85562636578951
30029;-104.429306858732;(((_a1_ + (x * (_a1_ + (_a7_ + x)))) * _a5_) * -(x));{'d0': {'_a1_': 0.5256917698575586, '_a5_': -3.3767608812133196, '_a7_': 0.09816764588167992, '_a0_': 1.0, '_a2_': 1.0, '_a3_': 1.0, '_a4_': 1.0, '_a6_': 1.0}};{'d0': 0.02490583291941657};-280.569866449044;35.85562636578951
30030;-104.429306858732;(((_a1_ + (x * (_a1_ + (_a7_ + x)))) * _a5_) * -(x));{'d0': {'_a1_': 0.5256917698575586, '_a5_': -3.3767608812133196, '_a7_': 0.09816764588167992, '_a0_': 1.0, '_a2_': 1.0, '_a3_': 1.0, '_a4_': 1.0, '_a6_': 1.0}};{'d0': 0.02490583291941657};-280.569866449044;35.85562636578951
30031;-104.429306858732;(((_a1_ + (x * (_a1_ + (_a7_ + x)))) * _a5_) * -(x));{'d0': {'_a1_': 0.5256917698575586, '_a5_': -3.3767608812133196, '_a7_': 0.09816764588167992, '_a0_': 1.0, '_a2_': 1.0, '_a3_': 1.0, '_a4_': 1.0, '_a6_': 1.0}};{'d0': 0.02490583291941657};-280.569866449044;35.85562636578951
30032;-104.429306858732;(((_a1_ + (x * (_a1_ + (_a7_ + x)))) * _a5_) * -(x));{'d0': {'_a1_': 0.5256917698575586, '_a5_': -3.3767608812133196, '_a7_': 0.09816764588167992, '_a0_': 1.0, '_a2_': 1.0, '_a3_': 1.0, '_a4_': 1.0, '_a6_': 1.0}};{'d0': 0.02490583291941657};-280.569866449044;35.85562636578951
30033;-104.429306858732;(((_a1_ + (x * (_a1_ + (_a7_ + x)))) * _a5_) * -(x));{'d0': {'_a1_': 0.5256917698575586, '_a5_': -3.3767608812133196, '_a7_': 0.09816764588167992, '_a0_': 1.0, '_a2_': 1.0, '_a3_': 1.0, '_a4_': 1.0, '_a6_': 1.0}};{'d0': 0.02490583291941657};-280.569866449044;35.85562636578951
30034;-99.4799669332752;(((_a1_ + (x * (_a1_ + (_a7_ + x)))) * (_a1_ * _a2_)) * -(x));{'d0': {'_a1_': 0.5256917685016328, '_a2_': -6.423461596335101, '_a7_': 0.09816764683561963, '_a0_': 1.0, '_a3_': 1.0, '_a4_': 1.0, '_a5_': 1.0, '_a6_': 1.0}};{'d0': 0.024905832919416695};-280.569866449043;40.804966291246515
30035;-99.4799669332752;(((_a1_ + (x * (_a1_ + (_a7_ + x)))) * (_a1_ * _a2_)) * -(x));{'d0': {'_a1_': 0.5256917685016328, '_a2_': -6.423461596335101, '_a7_': 0.09816764683561963, '_a0_': 1.0, '_a3_': 1.0, '_a4_': 1.0, '_a5_': 1.0, '_a6_': 1.0}};{'d0': 0.024905832919416695};-280.569866449043;40.804966291246515
30036;-99.4799669332752;(((_a1_ + (x * (_a1_ + (_a7_ + x)))) * (_a1_ * _a2_)) * -(x));{'d0': {'_a1_': 0.5256917685016328, '_a2_': -6.423461596335101, '_a7_': 0.09816764683561963, '_a0_': 1.0, '_a3_': 1.0, '_a4_': 1.0, '_a5_': 1.0, '_a6_': 1.0}};{'d0': 0.024905832919416695};-280.569866449043;40.804966291246515
30037;-99.4799669332752;(((_a1_ + (x * (_a1_ + (_a7_ + x)))) * (_a1_ * _a2_)) * -(x));{'d0': {'_a1_': 0.5256917685016328, '_a2_': -6.423461596335101, '_a7_': 0.09816764683561963, '_a0_': 1.0, '_a3_': 1.0, '_a4_': 1.0, '_a5_': 1.0, '_a6_': 1.0}};{'d0': 0.024905832919416695};-280.569866449043;40.804966291246515
30038;-102.971521196892;-((((-((_a6_ * (x + pow2(_a0_)))) * x) + _a3_) * x));{'d0': {'_a0_': 0.7898477166833912, '_a3_': -1.775135404574519, '_a6_': 3.3767608764862076, '_a1_': 1.0, '_a2_': 1.0, '_a4_': 1.0, '_a5_': 1.0, '_a7_': 1.0}};{'d0': 0.024905832919416587};-280.569866449044;37.31341202763063
30039;-102.971521196892;-((((-((_a6_ * (x + pow2(_a0_)))) * x) + _a3_) * x));{'d0': {'_a0_': 0.7898477166833912, '_a3_': -1.775135404574519, '_a6_': 3.3767608764862076, '_a1_': 1.0, '_a2_': 1.0, '_a4_': 1.0, '_a5_': 1.0, '_a7_': 1.0}};{'d0': 0.024905832919416587};-280.569866449044;37.31341202763063
30040;-102.971521196892;-((((-((_a6_ * (x + pow2(_a0_)))) * x) + _a3_) * x));{'d0': {'_a0_': 0.7898477166833912, '_a3_': -1.775135404574519, '_a6_': 3.3767608764862076, '_a1_': 1.0, '_a2_': 1.0, '_a4_': 1.0, '_a5_': 1.0, '_a7_': 1.0}};{'d0': 0.024905832919416587};-280.569866449044;37.31341202763063
30041;-102.971521196892;-((((-((_a6_ * (x + pow2(_a0_)))) * x) + _a3_) * x));{'d0': {'_a0_': 0.7898477166833912, '_a3_': -1.775135404574519, '_a6_': 3.3767608764862076, '_a1_': 1.0, '_a2_': 1.0, '_a4_': 1.0, '_a5_': 1.0, '_a7_': 1.0}};{'d0': 0.024905832919416587};-280.569866449044;37.31341202763063
30042;-102.971521196892;-((((-((_a6_ * (x + pow2(_a0_)))) * x) + _a3_) * x));{'d0': {'_a0_': 0.7898477166833912, '_a3_': -1.775135404574519, '_a6_': 3.3767608764862076, '_a1_': 1.0, '_a2_': 1.0, '_a4_': 1.0, '_a5_': 1.0, '_a7_': 1.0}};{'d0': 0.024905832919416587};-280.569866449044;37.31341202763063
30043;-102.971521196892;-((((-((_a6_ * (x + pow2(_a0_)))) * x) + _a3_) * x));{'d0': {'_a0_': 0.7898477166833912, '_a3_': -1.775135404574519, '_a6_': 3.3767608764862076, '_a1_': 1.0, '_a2_': 1.0, '_a4_': 1.0, '_a5_': 1.0, '_a7_': 1.0}};{'d0': 0.024905832919416587};-280.569866449044;37.31341202763063
30044;-102.971521196892;-((((-((_a6_ * (x + pow2(_a0_)))) * x) + _a3_) * x));{'d0': {'_a0_': 0.7898477166833912, '_a3_': -1.775135404574519, '_a6_': 3.3767608764862076, '_a1_': 1.0, '_a2_': 1.0, '_a4_': 1.0, '_a5_': 1.0, '_a7_': 1.0}};{'d0': 0.024905832919416587};-280.569866449044;37.31341202763063
30045;-102.971521196892;-((((-((_a6_ * (x + pow2(_a0_)))) * x) + _a3_) * x));{'d0': {'_a0_': 0.7898477166833912, '_a3_': -1.775135404574519, '_a6_': 3.3767608764862076, '_a1_': 1.0, '_a2_': 1.0, '_a4_': 1.0, '_a5_': 1.0, '_a7_': 1.0}};{'d0': 0.024905832919416587};-280.569866449044;37.31341202763063
30046;-102.971521196892;-((((-((_a6_ * (x + pow2(_a0_)))) * x) + _a3_) * x));{'d0': {'_a0_': 0.7898477166833912, '_a3_': -1.775135404574519, '_a6_': 3.3767608764862076, '_a1_': 1.0, '_a2_': 1.0, '_a4_': 1.0, '_a5_': 1.0, '_a7_': 1.0}};{'d0': 0.024905832919416587};-280.569866449044;37.31341202763063
30047;-102.971521196892;-((((-((_a6_ * (x + pow2(_a0_)))) * x) + _a3_) * x));{'d0': {'_a0_': 0.7898477166833912, '_a3_': -1.775135404574519, '_a6_': 3.3767608764862076, '_a1_': 1.0, '_a2_': 1.0, '_a4_': 1.0, '_a5_': 1.0, '_a7_': 1.0}};{'d0': 0.024905832919416587};-280.569866449044;37.31341202763063
30048;-102.971521196892;-((((-((_a6_ * (x + pow2(_a0_)))) * x) + _a3_) * x));{'d0': {'_a0_': 0.7898477166833912, '_a3_': -1.775135404574519, '_a6_': 3.3767608764862076, '_a1_': 1.0, '_a2_': 1.0, '_a4_': 1.0, '_a5_': 1.0, '_a7_': 1.0}};{'d0': 0.024905832919416587};-280.569866449044;37.31341202763063
30049;-102.971521196892;-((((-((_a6_ * (x + pow2(_a0_)))) * x) + _a3_) * x));{'d0': {'_a0_': 0.7898477166833912, '_a3_': -1.775135404574519, '_a6_': 3.3767608764862076, '_a1_': 1.0, '_a2_': 1.0, '_a4_': 1.0, '_a5_': 1.0, '_a7_': 1.0}};{'d0': 0.024905832919416587};-280.569866449044;37.31341202763063
30050;-102.971521196892;-((((-((_a6_ * (x + pow2(_a0_)))) * x) + _a3_) * x));{'d0': {'_a0_': 0.7898477166833912, '_a3_': -1.775135404574519, '_a6_': 3.3767608764862076, '_a1_': 1.0, '_a2_': 1.0, '_a4_': 1.0, '_a5_': 1.0, '_a7_': 1.0}};{'d0': 0.024905832919416587};-280.569866449044;37.31341202763063
30051;-102.971521196892;-((((-((_a6_ * (x + pow2(_a0_)))) * x) + _a3_) * x));{'d0': {'_a0_': 0.7898477166833912, '_a3_': -1.775135404574519, '_a6_': 3.3767608764862076, '_a1_': 1.0, '_a2_': 1.0, '_a4_': 1.0, '_a5_': 1.0, '_a7_': 1.0}};{'d0': 0.024905832919416587};-280.569866449044;37.31341202763063
30052;-102.971521196891;-((((-((_a1_ * (x + pow2(_a0_)))) * x) + _a3_) * x));{'d0': {'_a0_': 0.7898477166969655, '_a1_': 3.376760879624587, '_a3_': -1.7751354040875107, '_a2_': 1.0, '_a4_': 1.0, '_a5_': 1.0, '_a6_': 1.0, '_a7_': 1.0}};{'d0': 0.024905832919416674};-280.569866449043;37.31341202763063
30053;-102.971521196891;-((((-((_a1_ * (x + pow2(_a0_)))) * x) + _a3_) * x));{'d0': {'_a0_': 0.7898477166969655, '_a1_': 3.376760879624587, '_a3_': -1.7751354040875107, '_a2_': 1.0, '_a4_': 1.0, '_a5_': 1.0, '_a6_': 1.0, '_a7_': 1.0}};{'d0': 0.024905832919416674};-280.569866449043;37.31341202763063
30054;-102.971521196891;-((((-((_a1_ * (x + pow2(_a0_)))) * x) + _a3_) * x));{'d0': {'_a0_': 0.7898477166969655, '_a1_': 3.376760879624587, '_a3_': -1.7751354040875107, '_a2_': 1.0, '_a4_': 1.0, '_a5_': 1.0, '_a6_': 1.0, '_a7_': 1.0}};{'d0': 0.024905832919416674};-280.569866449043;37.31341202763063
30055;-102.971521196891;-((((-((_a1_ * (x + pow2(_a0_)))) * x) + _a3_) * x));{'d0': {'_a0_': 0.7898477166969655, '_a1_': 3.376760879624587, '_a3_': -1.7751354040875107, '_a2_': 1.0, '_a4_': 1.0, '_a5_': 1.0, '_a6_': 1.0, '_a7_': 1.0}};{'d0': 0.024905832919416674};-280.569866449043;37.31341202763063
30056;-102.971521196891;-((((-((_a1_ * (x + pow2(_a0_)))) * x) + _a3_) * x));{'d0': {'_a0_': 0.7898477166969655, '_a1_': 3.376760879624587, '_a3_': -1.7751354040875107, '_a2_': 1.0, '_a4_': 1.0, '_a5_': 1.0, '_a6_': 1.0, '_a7_': 1.0}};{'d0': 0.024905832919416674};-280.569866449043;37.31341202763063
30057;-102.971521196891;-((((-((_a1_ * (x + pow2(_a0_)))) * x) + _a3_) * x));{'d0': {'_a0_': 0.7898477166969655, '_a1_': 3.376760879624587, '_a3_': -1.7751354040875107, '_a2_': 1.0, '_a4_': 1.0, '_a5_': 1.0, '_a6_': 1.0, '_a7_': 1.0}};{'d0': 0.024905832919416674};-280.569866449043;37.31341202763063
30058;-102.971521196891;-((((-((_a1_ * (x + pow2(_a0_)))) * x) + _a3_) * x));{'d0': {'_a0_': 0.7898477166969655, '_a1_': 3.376760879624587, '_a3_': -1.7751354040875107, '_a2_': 1.0, '_a4_': 1.0, '_a5_': 1.0, '_a6_': 1.0, '_a7_': 1.0}};{'d0': 0.024905832919416674};-280.569866449043;37.31341202763063
30059;-102.971521196891;-((((-((_a1_ * (x + pow2(_a0_)))) * x) + _a3_) * x));{'d0': {'_a0_': 0.7898477166969655, '_a1_': 3.376760879624587, '_a3_': -1.7751354040875107, '_a2_': 1.0, '_a4_': 1.0, '_a5_': 1.0, '_a6_': 1.0, '_a7_': 1.0}};{'d0': 0.024905832919416674};-280.569866449043;37.31341202763063
30060;-102.971521196891;-((((-((_a1_ * (x + pow2(_a0_)))) * x) + _a3_) * x));{'d0': {'_a0_': 0.7898477166969655, '_a1_': 3.376760879624587, '_a3_': -1.7751354040875107, '_a2_': 1.0, '_a4_': 1.0, '_a5_': 1.0, '_a6_': 1.0, '_a7_': 1.0}};{'d0': 0.024905832919416674};-280.569866449043;37.31341202763063
30061;-99.4799669332753;(((_a1_ + (x * (x + (_a7_ + x)))) * (_a1_ * _a2_)) * -(x));{'d0': {'_a1_': 1.0513835404136156, '_a2_': -1.6058653905015163, '_a7_': 1.2477188312752392, '_a0_': 1.0, '_a3_': 1.0, '_a4_': 1.0, '_a5_': 1.0, '_a6_': 1.0}};{'d0': 0.024905832919416615};-280.569866449044;40.804966291246515
30062;-99.4799669332753;(((_a1_ + (x * (x + (_a7_ + x)))) * (_a1_ * _a2_)) * -(x));{'d0': {'_a1_': 1.0513835404136156, '_a2_': -1.6058653905015163, '_a7_': 1.2477188312752392, '_a0_': 1.0, '_a3_': 1.0, '_a4_': 1.0, '_a5_': 1.0, '_a6_': 1.0}};{'d0': 0.024905832919416615};-280.569866449044;40.804966291246515
30063;-99.4799669332753;(((_a1_ + (x * (x + (_a7_ + x)))) * (_a1_ * _a2_)) * -(x));{'d0': {'_a1_': 1.0513835404136156, '_a2_': -1.6058653905015163, '_a7_': 1.2477188312752392, '_a0_': 1.0, '_a3_': 1.0, '_a4_': 1.0, '_a5_': 1.0, '_a6_': 1.0}};{'d0': 0.024905832919416615};-280.569866449044;40.804966291246515
30064;-99.4799669332753;(((_a1_ + (x * (x + (_a7_ + x)))) * (_a1_ * _a2_)) * -(x));{'d0': {'_a1_': 1.0513835404136156, '_a2_': -1.6058653905015163, '_a7_': 1.2477188312752392, '_a0_': 1.0, '_a3_': 1.0, '_a4_': 1.0, '_a5_': 1.0, '_a6_': 1.0}};{'d0': 0.024905832919416615};-280.569866449044;40.804966291246515
30065;-99.4799669332753;(((_a1_ + (x * (x + (_a7_ + x)))) * (_a1_ * _a2_)) * -(x));{'d0': {'_a1_': 1.0513835404136156, '_a2_': -1.6058653905015163, '_a7_': 1.2477188312752392, '_a0_': 1.0, '_a3_': 1.0, '_a4_': 1.0, '_a5_': 1.0, '_a6_': 1.0}};{'d0': 0.024905832919416615};-280.569866449044;40.804966291246515
30066;-99.4799669332753;(((_a1_ + (x * (x + (_a7_ + x)))) * (_a1_ * _a2_)) * -(x));{'d0': {'_a1_': 1.0513835404136156, '_a2_': -1.6058653905015163, '_a7_': 1.2477188312752392, '_a0_': 1.0, '_a3_': 1.0, '_a4_': 1.0, '_a5_': 1.0, '_a6_': 1.0}};{'d0': 0.024905832919416615};-280.569866449044;40.804966291246515
30067;-102.971521196891;-((((-((_a1_ * (x + pow2(_a0_)))) * x) + _a3_) * x));{'d0': {'_a0_': 0.7898477166969655, '_a1_': 3.376760879624587, '_a3_': -1.7751354040875107, '_a2_': 1.0, '_a4_': 1.0, '_a5_': 1.0, '_a6_': 1.0, '_a7_': 1.0}};{'d0': 0.024905832919416674};-280.569866449043;37.31341202763063
30068;-102.971521196891;-((((-((_a1_ * (x + pow2(_a0_)))) * x) + _a3_) * x));{'d0': {'_a0_': 0.7898477166969655, '_a1_': 3.376760879624587, '_a3_': -1.7751354040875107, '_a2_': 1.0, '_a4_': 1.0, '_a5_': 1.0, '_a6_': 1.0, '_a7_': 1.0}};{'d0': 0.024905832919416674};-280.569866449043;37.31341202763063
30069;-102.971521196891;-((((-((_a1_ * (x + pow2(_a0_)))) * x) + _a3_) * x));{'d0': {'_a0_': 0.7898477166969655, '_a1_': 3.376760879624587, '_a3_': -1.7751354040875107, '_a2_': 1.0, '_a4_': 1.0, '_a5_': 1.0, '_a6_': 1.0, '_a7_': 1.0}};{'d0': 0.024905832919416674};-280.569866449043;37.31341202763063
30070;-102.971521196891;-((((-((_a1_ * (x + pow2(_a0_)))) * x) + _a3_) * x));{'d0': {'_a0_': 0.7898477166969655, '_a1_': 3.376760879624587, '_a3_': -1.7751354040875107, '_a2_': 1.0, '_a4_': 1.0, '_a5_': 1.0, '_a6_': 1.0, '_a7_': 1.0}};{'d0': 0.024905832919416674};-280.569866449043;37.31341202763063
30071;-102.971521196892;-((((-((_a6_ * (x + pow2(_a0_)))) * x) + _a3_) * x));{'d0': {'_a0_': 0.7898477166833912, '_a3_': -1.775135404574519, '_a6_': 3.3767608764862076, '_a1_': 1.0, '_a2_': 1.0, '_a4_': 1.0, '_a5_': 1.0, '_a7_': 1.0}};{'d0': 0.024905832919416587};-280.569866449044;37.31341202763063
30072;-102.971521196892;-((((-((_a6_ * (x + pow2(_a0_)))) * x) + _a3_) * x));{'d0': {'_a0_': 0.7898477166833912, '_a3_': -1.775135404574519, '_a6_': 3.3767608764862076, '_a1_': 1.0, '_a2_': 1.0, '_a4_': 1.0, '_a5_': 1.0, '_a7_': 1.0}};{'d0': 0.024905832919416587};-280.569866449044;37.31341202763063
30073;-102.971521196892;-((((-((_a6_ * (x + pow2(_a0_)))) * x) + _a3_) * x));{'d0': {'_a0_': 0.7898477166833912, '_a3_': -1.775135404574519, '_a6_': 3.3767608764862076, '_a1_': 1.0, '_a2_': 1.0, '_a4_': 1.0, '_a5_': 1.0, '_a7_': 1.0}};{'d0': 0.024905832919416587};-280.569866449044;37.31341202763063
30074;-102.971521196892;-((((-((_a6_ * (x + pow2(_a0_)))) * x) + _a3_) * x));{'d0': {'_a0_': 0.7898477166833912, '_a3_': -1.775135404574519, '_a6_': 3.3767608764862076, '_a1_': 1.0, '_a2_': 1.0, '_a4_': 1.0, '_a5_': 1.0, '_a7_': 1.0}};{'d0': 0.024905832919416587};-280.569866449044;37.31341202763063
30075;-102.971521196892;-((((-((_a6_ * (x + pow2(_a0_)))) * x) + _a3_) * x));{'d0': {'_a0_': 0.7898477166833912, '_a3_': -1.775135404574519, '_a6_': 3.3767608764862076, '_a1_': 1.0, '_a2_': 1.0, '_a4_': 1.0, '_a5_': 1.0, '_a7_': 1.0}};{'d0': 0.024905832919416587};-280.569866449044;37.31341202763063
30076;-102.971521196892;-((((-((_a6_ * (x + pow2(_a0_)))) * x) + _a3_) * x));{'d0': {'_a0_': 0.7898477166833912, '_a3_': -1.775135404574519, '_a6_': 3.3767608764862076, '_a1_': 1.0, '_a2_': 1.0, '_a4_': 1.0, '_a5_': 1.0, '_a7_': 1.0}};{'d0': 0.024905832919416587};-280.569866449044;37.31341202763063
30077;-102.971521196892;-((((-((_a6_ * (x + pow2(_a0_)))) * x) + _a3_) * x));{'d0': {'_a0_': 0.7898477166833912, '_a3_': -1.775135404574519, '_a6_': 3.3767608764862076, '_a1_': 1.0, '_a2_': 1.0, '_a4_': 1.0, '_a5_': 1.0, '_a7_': 1.0}};{'d0': 0.024905832919416587};-280.569866449044;37.31341202763063
30078;-102.971521196892;-((((-((_a6_ * (x + pow2(_a0_)))) * x) + _a3_) * x));{'d0': {'_a0_': 0.7898477166833912, '_a3_': -1.775135404574519, '_a6_': 3.3767608764862076, '_a1_': 1.0, '_a2_': 1.0, '_a4_': 1.0, '_a5_': 1.0, '_a7_': 1.0}};{'d0': 0.024905832919416587};-280.569866449044;37.31341202763063
30079;-102.971521196892;-((((-((_a6_ * (x + pow2(_a0_)))) * x) + _a3_) * x));{'d0': {'_a0_': 0.7898477166833912, '_a3_': -1.775135404574519, '_a6_': 3.3767608764862076, '_a1_': 1.0, '_a2_': 1.0, '_a4_': 1.0, '_a5_': 1.0, '_a7_': 1.0}};{'d0': 0.024905832919416587};-280.569866449044;37.31341202763063
30080;-102.971521196892;-((((-((_a6_ * (x + pow2(_a0_)))) * x) + _a3_) * x));{'d0': {'_a0_': 0.7898477166833912, '_a3_': -1.775135404574519, '_a6_': 3.3767608764862076, '_a1_': 1.0, '_a2_': 1.0, '_a4_': 1.0, '_a5_': 1.0, '_a7_': 1.0}};{'d0': 0.024905832919416587};-280.569866449044;37.31341202763063
30081;-102.971521196892;-((((-((_a6_ * (x + pow2(_a0_)))) * x) + _a3_) * x));{'d0': {'_a0_': 0.7898477166833912, '_a3_': -1.775135404574519, '_a6_': 3.3767608764862076, '_a1_': 1.0, '_a2_': 1.0, '_a4_': 1.0, '_a5_': 1.0, '_a7_': 1.0}};{'d0': 0.024905832919416587};-280.569866449044;37.31341202763063
30082;-102.971521196892;-((((-((_a6_ * (x + pow2(_a0_)))) * x) + _a3_) * x));{'d0': {'_a0_': 0.7898477166833912, '_a3_': -1.775135404574519, '_a6_': 3.3767608764862076, '_a1_': 1.0, '_a2_': 1.0, '_a4_': 1.0, '_a5_': 1.0, '_a7_': 1.0}};{'d0': 0.024905832919416587};-280.569866449044;37.31341202763063
30083;-102.971521196892;-((((-((_a6_ * (x + pow2(_a0_)))) * x) + _a3_) * x));{'d0': {'_a0_': 0.7898477166833912, '_a3_': -1.775135404574519, '_a6_': 3.3767608764862076, '_a1_': 1.0, '_a2_': 1.0, '_a4_': 1.0, '_a5_': 1.0, '_a7_': 1.0}};{'d0': 0.024905832919416587};-280.569866449044;37.31341202763063
30084;-102.971521196892;-((((-((_a6_ * (x + pow2(_a0_)))) * x) + _a3_) * x));{'d0': {'_a0_': 0.7898477166833912, '_a3_': -1.775135404574519, '_a6_': 3.3767608764862076, '_a1_': 1.0, '_a2_': 1.0, '_a4_': 1.0, '_a5_': 1.0, '_a7_': 1.0}};{'d0': 0.024905832919416587};-280.569866449044;37.31341202763063
30085;-102.971521196892;-((((-((_a6_ * (x + pow2(_a0_)))) * x) + _a3_) * x));{'d0': {'_a0_': 0.7898477166833912, '_a3_': -1.775135404574519, '_a6_': 3.3767608764862076, '_a1_': 1.0, '_a2_': 1.0, '_a4_': 1.0, '_a5_': 1.0, '_a7_': 1.0}};{'d0': 0.024905832919416587};-280.569866449044;37.31341202763063
30086;-102.971521196892;-((((-((_a6_ * (x + pow2(_a0_)))) * x) + _a3_) * x));{'d0': {'_a0_': 0.7898477166833912, '_a3_': -1.775135404574519, '_a6_': 3.3767608764862076, '_a1_': 1.0, '_a2_': 1.0, '_a4_': 1.0, '_a5_': 1.0, '_a7_': 1.0}};{'d0': 0.024905832919416587};-280.569866449044;37.31341202763063
30087;-102.971521196892;-((((-((_a6_ * (x + pow2(_a0_)))) * x) + _a3_) * x));{'d0': {'_a0_': 0.7898477166833912, '_a3_': -1.775135404574519, '_a6_': 3.3767608764862076, '_a1_': 1.0, '_a2_': 1.0, '_a4_': 1.0, '_a5_': 1.0, '_a7_': 1.0}};{'d0': 0.024905832919416587};-280.569866449044;37.31341202763063
30088;-102.971521196892;-((((-((_a6_ * (x + pow2(_a0_)))) * x) + _a3_) * x));{'d0': {'_a0_': 0.7898477166833912, '_a3_': -1.775135404574519, '_a6_': 3.3767608764862076, '_a1_': 1.0, '_a2_': 1.0, '_a4_': 1.0, '_a5_': 1.0, '_a7_': 1.0}};{'d0': 0.024905832919416587};-280.569866449044;37.31341202763063
30089;-102.971521196892;-((((-((_a6_ * (x + pow2(_a0_)))) * x) + _a3_) * x));{'d0': {'_a0_': 0.7898477166833912, '_a3_': -1.775135404574519, '_a6_': 3.3767608764862076, '_a1_': 1.0, '_a2_': 1.0, '_a4_': 1.0, '_a5_': 1.0, '_a7_': 1.0}};{'d0': 0.024905832919416587};-280.569866449044;37.31341202763063
30090;-102.971521196892;-((((-((_a6_ * (x + pow2(_a0_)))) * x) + _a3_) * x));{'d0': {'_a0_': 0.7898477166833912, '_a3_': -1.775135404574519, '_a6_': 3.3767608764862076, '_a1_': 1.0, '_a2_': 1.0, '_a4_': 1.0, '_a5_': 1.0, '_a7_': 1.0}};{'d0': 0.024905832919416587};-280.569866449044;37.31341202763063
30091;-102.971521196892;-((((-((_a6_ * (x + pow2(_a0_)))) * x) + _a3_) * x));{'d0': {'_a0_': 0.7898477166833912, '_a3_': -1.775135404574519, '_a6_': 3.3767608764862076, '_a1_': 1.0, '_a2_': 1.0, '_a4_': 1.0, '_a5_': 1.0, '_a7_': 1.0}};{'d0': 0.024905832919416587};-280.569866449044;37.31341202763063
30092;-102.988498353240;-((((-((_a6_ * (x + -(_a0_)))) * x) + _a3_) * x));{'d0': {'_a0_': -0.6238594155265607, '_a3_': -1.775135404284237, '_a6_': 3.3767608778093754, '_a1_': 1.0, '_a2_': 1.0, '_a4_': 1.0, '_a5_': 1.0, '_a7_': 1.0}};{'d0': 0.02490583291941664};-280.569866449044;37.296434871282585
30093;-102.988498353240;-((((-((_a6_ * (x + -(_a0_)))) * x) + _a3_) * x));{'d0': {'_a0_': -0.6238594155265607, '_a3_': -1.775135404284237, '_a6_': 3.3767608778093754, '_a1_': 1.0, '_a2_': 1.0, '_a4_': 1.0, '_a5_': 1.0, '_a7_': 1.0}};{'d0': 0.02490583291941664};-280.569866449044;37.296434871282585
30094;-102.988498353240;-((((-((_a6_ * (x + -(_a0_)))) * x) + _a3_) * x));{'d0': {'_a0_': -0.6238594155265607, '_a3_': -1.775135404284237, '_a6_': 3.3767608778093754, '_a1_': 1.0, '_a2_': 1.0, '_a4_': 1.0, '_a5_': 1.0, '_a7_': 1.0}};{'d0': 0.02490583291941664};-280.569866449044;37.296434871282585
30095;-102.988498353240;-((((-((_a6_ * (x + -(_a0_)))) * x) + _a3_) * x));{'d0': {'_a0_': -0.6238594155265607, '_a3_': -1.775135404284237, '_a6_': 3.3767608778093754, '_a1_': 1.0, '_a2_': 1.0, '_a4_': 1.0, '_a5_': 1.0, '_a7_': 1.0}};{'d0': 0.02490583291941664};-280.569866449044;37.296434871282585
30096;-102.988498353240;-((((-((_a6_ * (x + -(_a0_)))) * x) + _a3_) * x));{'d0': {'_a0_': -0.6238594155265607, '_a3_': -1.775135404284237, '_a6_': 3.3767608778093754, '_a1_': 1.0, '_a2_': 1.0, '_a4_': 1.0, '_a5_': 1.0, '_a7_': 1.0}};{'d0': 0.02490583291941664};-280.569866449044;37.296434871282585
30097;-102.988498353240;-((((-((_a6_ * (x + -(_a0_)))) * x) + _a3_) * x));{'d0': {'_a0_': -0.6238594155265607, '_a3_': -1.775135404284237, '_a6_': 3.3767608778093754, '_a1_': 1.0, '_a2_': 1.0, '_a4_': 1.0, '_a5_': 1.0, '_a7_': 1.0}};{'d0': 0.02490583291941664};-280.569866449044;37.296434871282585
30098;-102.988498353240;-((((-((_a6_ * (x + -(_a0_)))) * x) + _a3_) * x));{'d0': {'_a0_': -0.6238594155265607, '_a3_': -1.775135404284237, '_a6_': 3.3767608778093754, '_a1_': 1.0, '_a2_': 1.0, '_a4_': 1.0, '_a5_': 1.0, '_a7_': 1.0}};{'d0': 0.02490583291941664};-280.569866449044;37.296434871282585
30099;-102.988498353240;-((((-((_a6_ * (x + -(_a0_)))) * x) + _a3_) * x));{'d0': {'_a0_': -0.6238594155265607, '_a3_': -1.775135404284237, '_a6_': 3.3767608778093754, '_a1_': 1.0, '_a2_': 1.0, '_a4_': 1.0, '_a5_': 1.0, '_a7_': 1.0}};{'d0': 0.02490583291941664};-280.569866449044;37.296434871282585
30100;-102.988498353240;-((((-((_a6_ * (x + -(_a0_)))) * x) + _a3_) * x));{'d0': {'_a0_': -0.6238594155265607, '_a3_': -1.775135404284237, '_a6_': 3.3767608778093754, '_a1_': 1.0, '_a2_': 1.0, '_a4_': 1.0, '_a5_': 1.0, '_a7_': 1.0}};{'d0': 0.02490583291941664};-280.569866449044;37.296434871282585
30101;-102.988498353240;-((((-((_a6_ * (x + -(_a0_)))) * x) + _a3_) * x));{'d0': {'_a0_': -0.6238594155265607, '_a3_': -1.775135404284237, '_a6_': 3.3767608778093754, '_a1_': 1.0, '_a2_': 1.0, '_a4_': 1.0, '_a5_': 1.0, '_a7_': 1.0}};{'d0': 0.02490583291941664};-280.569866449044;37.296434871282585
30102;-102.988498353240;-((((-((_a6_ * (x + -(_a0_)))) * x) + _a3_) * x));{'d0': {'_a0_': -0.6238594155265607, '_a3_': -1.775135404284237, '_a6_': 3.3767608778093754, '_a1_': 1.0, '_a2_': 1.0, '_a4_': 1.0, '_a5_': 1.0, '_a7_': 1.0}};{'d0': 0.02490583291941664};-280.569866449044;37.296434871282585
30103;-102.988498353240;-((((-((_a6_ * (x + -(_a0_)))) * x) + _a3_) * x));{'d0': {'_a0_': -0.6238594155265607, '_a3_': -1.775135404284237, '_a6_': 3.3767608778093754, '_a1_': 1.0, '_a2_': 1.0, '_a4_': 1.0, '_a5_': 1.0, '_a7_': 1.0}};{'d0': 0.02490583291941664};-280.569866449044;37.296434871282585
30104;-102.988498353240;-((((-((_a6_ * (x + -(_a0_)))) * x) + _a3_) * x));{'d0': {'_a0_': -0.6238594155265607, '_a3_': -1.775135404284237, '_a6_': 3.3767608778093754, '_a1_': 1.0, '_a2_': 1.0, '_a4_': 1.0, '_a5_': 1.0, '_a7_': 1.0}};{'d0': 0.02490583291941664};-280.569866449044;37.296434871282585
30105;-102.988498353240;-((((-((_a6_ * (x + -(_a0_)))) * x) + _a3_) * x));{'d0': {'_a0_': -0.6238594155265607, '_a3_': -1.775135404284237, '_a6_': 3.3767608778093754, '_a1_': 1.0, '_a2_': 1.0, '_a4_': 1.0, '_a5_': 1.0, '_a7_': 1.0}};{'d0': 0.02490583291941664};-280.569866449044;37.296434871282585
30106;-102.988498353240;-((((-((_a6_ * (x + -(_a0_)))) * x) + _a3_) * x));{'d0': {'_a0_': -0.6238594155265607, '_a3_': -1.775135404284237, '_a6_': 3.3767608778093754, '_a1_': 1.0, '_a2_': 1.0, '_a4_': 1.0, '_a5_': 1.0, '_a7_': 1.0}};{'d0': 0.02490583291941664};-280.569866449044;37.296434871282585
30107;-102.988498353240;-((((-((_a6_ * (x + -(_a0_)))) * x) + _a3_) * x));{'d0': {'_a0_': -0.6238594155265607, '_a3_': -1.775135404284237, '_a6_': 3.3767608778093754, '_a1_': 1.0, '_a2_': 1.0, '_a4_': 1.0, '_a5_': 1.0, '_a7_': 1.0}};{'d0': 0.02490583291941664};-280.569866449044;37.296434871282585
30108;-106.669455669501;-((((-((_a6_ * (x + _a0_))) * x) + _a3_) * x));{'d0': {'_a0_': 0.6238594154637361, '_a3_': -1.7751354039674092, '_a6_': 3.3767608787776844, '_a1_': 1.0, '_a2_': 1.0, '_a4_': 1.0, '_a5_': 1.0, '_a7_': 1.0}};{'d0': 0.024905832919416677};-280.569866449043;33.61547755502063
30109;-106.669455669501;-((((-((_a6_ * (x + _a0_))) * x) + _a3_) * x));{'d0': {'_a0_': 0.6238594154637361, '_a3_': -1.7751354039674092, '_a6_': 3.3767608787776844, '_a1_': 1.0, '_a2_': 1.0, '_a4_': 1.0, '_a5_': 1.0, '_a7_': 1.0}};{'d0': 0.024905832919416677};-280.569866449043;33.61547755502063
30110;-106.669455669501;-((((-((_a6_ * (x + _a0_))) * x) + _a3_) * x));{'d0': {'_a0_': 0.6238594154637361, '_a3_': -1.7751354039674092, '_a6_': 3.3767608787776844, '_a1_': 1.0, '_a2_': 1.0, '_a4_': 1.0, '_a5_': 1.0, '_a7_': 1.0}};{'d0': 0.024905832919416677};-280.569866449043;33.61547755502063
30111;-106.669455669501;-((((-((_a6_ * (x + _a0_))) * x) + _a3_) * x));{'d0': {'_a0_': 0.6238594154637361, '_a3_': -1.7751354039674092, '_a6_': 3.3767608787776844, '_a1_': 1.0, '_a2_': 1.0, '_a4_': 1.0, '_a5_': 1.0, '_a7_': 1.0}};{'d0': 0.024905832919416677};-280.569866449043;33.61547755502063
30112;-106.669455669501;-((((-((_a6_ * (x + _a0_))) * x) + _a3_) * x));{'d0': {'_a0_': 0.6238594154637361, '_a3_': -1.7751354039674092, '_a6_': 3.3767608787776844, '_a1_': 1.0, '_a2_': 1.0, '_a4_': 1.0, '_a5_': 1.0, '_a7_': 1.0}};{'d0': 0.024905832919416677};-280.569866449043;33.61547755502063
30113;-106.669455669501;-((((-((_a6_ * (x + _a0_))) * x) + _a3_) * x));{'d0': {'_a0_': 0.6238594154637361, '_a3_': -1.7751354039674092, '_a6_': 3.3767608787776844, '_a1_': 1.0, '_a2_': 1.0, '_a4_': 1.0, '_a5_': 1.0, '_a7_': 1.0}};{'d0': 0.024905832919416677};-280.569866449043;33.61547755502063
30114;-106.669455669501;-((((-((_a6_ * (x + _a0_))) * x) + _a3_) * x));{'d0': {'_a0_': 0.6238594154637361, '_a3_': -1.7751354039674092, '_a6_': 3.3767608787776844, '_a1_': 1.0, '_a2_': 1.0, '_a4_': 1.0, '_a5_': 1.0, '_a7_': 1.0}};{'d0': 0.024905832919416677};-280.569866449043;33.61547755502063
30115;-106.669455669501;-((((-((_a6_ * (x + _a0_))) * x) + _a3_) * x));{'d0': {'_a0_': 0.6238594154637361, '_a3_': -1.7751354039674092, '_a6_': 3.3767608787776844, '_a1_': 1.0, '_a2_': 1.0, '_a4_': 1.0, '_a5_': 1.0, '_a7_': 1.0}};{'d0': 0.024905832919416677};-280.569866449043;33.61547755502063
30116;-106.669455669501;-((((-((_a6_ * (x + _a0_))) * x) + _a3_) * x));{'d0': {'_a0_': 0.6238594154637361, '_a3_': -1.7751354039674092, '_a6_': 3.3767608787776844, '_a1_': 1.0, '_a2_': 1.0, '_a4_': 1.0, '_a5_': 1.0, '_a7_': 1.0}};{'d0': 0.024905832919416677};-280.569866449043;33.61547755502063
30117;-106.669455669501;-((((-((_a6_ * (x + _a0_))) * x) + _a3_) * x));{'d0': {'_a0_': 0.6238594154637361, '_a3_': -1.7751354039674092, '_a6_': 3.3767608787776844, '_a1_': 1.0, '_a2_': 1.0, '_a4_': 1.0, '_a5_': 1.0, '_a7_': 1.0}};{'d0': 0.024905832919416677};-280.569866449043;33.61547755502063
30118;-106.669455669501;-((((-((_a6_ * (x + _a0_))) * x) + _a3_) * x));{'d0': {'_a0_': 0.6238594154637361, '_a3_': -1.7751354039674092, '_a6_': 3.3767608787776844, '_a1_': 1.0, '_a2_': 1.0, '_a4_': 1.0, '_a5_': 1.0, '_a7_': 1.0}};{'d0': 0.024905832919416677};-280.569866449043;33.61547755502063
30119;-87.2001922932527;(x * ((x * ((-(x) + (-(_a4_) * _a6_)) * (pow2(_a4_) / _a6_))) + (_a4_ * _a0_)));{'d0': {'_a0_': -1.3847428732724214, '_a4_': -1.2819242031927236, '_a6_': -0.48665858253679245, '_a1_': 1.0, '_a2_': 1.0, '_a3_': 1.0, '_a5_': 1.0, '_a7_': 1.0}};{'d0': 0.02490583291941665};-280.569866449044;53.08474093126897
30120;-87.2001922932527;(x * ((x * ((-(x) + (-(_a4_) * _a6_)) * (pow2(_a4_) / _a6_))) + (_a4_ * _a0_)));{'d0': {'_a0_': -1.3847428732724214, '_a4_': -1.2819242031927236, '_a6_': -0.48665858253679245, '_a1_': 1.0, '_a2_': 1.0, '_a3_': 1.0, '_a5_': 1.0, '_a7_': 1.0}};{'d0': 0.02490583291941665};-280.569866449044;53.08474093126897
30121;-87.2001922932527;(x * ((x * ((-(x) + (-(_a4_) * _a6_)) * (pow2(_a4_) / _a6_))) + (_a4_ * _a0_)));{'d0': {'_a0_': -1.3847428732724214, '_a4_': -1.2819242031927236, '_a6_': -0.48665858253679245, '_a1_': 1.0, '_a2_': 1.0, '_a3_': 1.0, '_a5_': 1.0, '_a7_': 1.0}};{'d0': 0.02490583291941665};-280.569866449044;53.08474093126897
30122;-87.2001922932527;(x * ((x * ((-(x) + (-(_a4_) * _a6_)) * (pow2(_a4_) / _a6_))) + (_a4_ * _a0_)));{'d0': {'_a0_': -1.3847428732724214, '_a4_': -1.2819242031927236, '_a6_': -0.48665858253679245, '_a1_': 1.0, '_a2_': 1.0, '_a3_': 1.0, '_a5_': 1.0, '_a7_': 1.0}};{'d0': 0.02490583291941665};-280.569866449044;53.08474093126897
30123;-88.5239550324217;(x * ((x * ((-(x) + (-(_a4_) * _a6_)) * (pow2(_a4_) / _a6_))) + pow2(_a0_)));{'d0': {'_a0_': -1.3323420747993966, '_a4_': -1.2819242031537874, '_a6_': -0.486658582512077, '_a1_': 1.0, '_a2_': 1.0, '_a3_': 1.0, '_a5_': 1.0, '_a7_': 1.0}};{'d0': 0.0249058329194167};-280.569866449043;51.76097819209997
30124;-88.5239550324217;(x * ((x * ((-(x) + (-(_a4_) * _a6_)) * (pow2(_a4_) / _a6_))) + pow2(_a0_)));{'d0': {'_a0_': -1.3323420747993966, '_a4_': -1.2819242031537874, '_a6_': -0.486658582512077, '_a1_': 1.0, '_a2_': 1.0, '_a3_': 1.0, '_a5_': 1.0, '_a7_': 1.0}};{'d0': 0.0249058329194167};-280.569866449043;51.76097819209997
30125;-88.5239550324217;(x * ((x * ((-(x) + (-(_a4_) * _a6_)) * (pow2(_a4_) / _a6_))) + pow2(_a0_)));{'d0': {'_a0_': -1.3323420747993966, '_a4_': -1.2819242031537874, '_a6_': -0.486658582512077, '_a1_': 1.0, '_a2_': 1.0, '_a3_': 1.0, '_a5_': 1.0, '_a7_': 1.0}};{'d0': 0.0249058329194167};-280.569866449043;51.76097819209997
30126;-88.5239550324217;(x * ((x * ((-(x) + (-(_a4_) * _a6_)) * (pow2(_a4_) / _a6_))) + pow2(_a0_)));{'d0': {'_a0_': -1.3323420747993966, '_a4_': -1.2819242031537874, '_a6_': -0.486658582512077, '_a1_': 1.0, '_a2_': 1.0, '_a3_': 1.0, '_a5_': 1.0, '_a7_': 1.0}};{'d0': 0.0249058329194167};-280.569866449043;51.76097819209997
30127;-81.4550855395316;(x * (((_a7_ * x) * ((-(x) + (-(_a4_) * _a6_)) * (pow2(_a4_) / _a6_))) + pow2(_a0_)));{'d0': {'_a0_': -1.3323420747993966, '_a4_': -1.2819242031537874, '_a6_': -0.486658582512077, '_a7_': 1.0, '_a1_': 1.0, '_a2_': 1.0, '_a3_': 1.0, '_a5_': 1.0}};{'d0': 0.0249058329194167};-276.475521886821;56.78267540387897
30128;-81.4550855395316;(x * (((_a7_ * x) * ((-(x) + (-(_a4_) * _a6_)) * (pow2(_a4_) / _a6_))) + pow2(_a0_)));{'d0': {'_a0_': -1.3323420747993966, '_a4_': -1.2819242031537874, '_a6_': -0.486658582512077, '_a7_': 1.0, '_a1_': 1.0, '_a2_': 1.0, '_a3_': 1.0, '_a5_': 1.0}};{'d0': 0.0249058329194167};-276.475521886821;56.78267540387897
30129;-81.4550855395316;(x * (((_a7_ * x) * ((-(x) + (-(_a4_) * _a6_)) * (pow2(_a4_) / _a6_))) + pow2(_a0_)));{'d0': {'_a0_': -1.3323420747993966, '_a4_': -1.2819242031537874, '_a6_': -0.486658582512077, '_a7_': 1.0, '_a1_': 1.0, '_a2_': 1.0, '_a3_': 1.0, '_a5_': 1.0}};{'d0': 0.0249058329194167};-276.475521886821;56.78267540387897
30130;-81.4550855395316;(x * (((_a7_ * x) * ((-(x) + (-(_a4_) * _a6_)) * (pow2(_a4_) / _a6_))) + pow2(_a0_)));{'d0': {'_a0_': -1.3323420747993966, '_a4_': -1.2819242031537874, '_a6_': -0.486658582512077, '_a7_': 1.0, '_a1_': 1.0, '_a2_': 1.0, '_a3_': 1.0, '_a5_': 1.0}};{'d0': 0.0249058329194167};-276.475521886821;56.78267540387897
30131;-81.4550855395316;(x * (((_a7_ * x) * ((-(x) + (-(_a4_) * _a6_)) * (pow2(_a4_) / _a6_))) + pow2(_a0_)));{'d0': {'_a0_': -1.3323420747993966, '_a4_': -1.2819242031537874, '_a6_': -0.486658582512077, '_a7_': 1.0, '_a1_': 1.0, '_a2_': 1.0, '_a3_': 1.0, '_a5_': 1.0}};{'d0': 0.0249058329194167};-276.475521886821;56.78267540387897
30132;-81.4720626947928;(x * (((_a7_ * x) * ((-(x) + (-(_a4_) * _a6_)) * (-(_a4_) / _a6_))) + pow2(_a0_)));{'d0': {'_a0_': -1.3323420747661192, '_a4_': -1.1937531466210771, '_a6_': -0.5226032773336559, '_a7_': 1.478283581992502, '_a1_': 1.0, '_a2_': 1.0, '_a3_': 1.0, '_a5_': 1.0}};{'d0': 0.024905832920319036};-276.475521884647;56.76569824753092
30133;-83.5192349769908;(x * (((_a6_ * x) * ((-(x) + (-(_a4_) * _a6_)) * (-(_a4_) / _a6_))) + pow2(_a0_)));{'d0': {'_a0_': -1.3323420746570467, '_a4_': 3.376760879636522, '_a6_': 0.18475084192246766, '_a1_': 1.0, '_a2_': 1.0, '_a3_': 1.0, '_a5_': 1.0, '_a7_': 1.0}};{'d0': 0.024905832919416625};-280.569866449044;56.76569824753092
30134;-83.5192349769908;(x * (((_a6_ * x) * ((-(x) + (-(_a4_) * _a6_)) * (-(_a4_) / _a6_))) + pow2(_a0_)));{'d0': {'_a0_': -1.3323420746570467, '_a4_': 3.376760879636522, '_a6_': 0.18475084192246766, '_a1_': 1.0, '_a2_': 1.0, '_a3_': 1.0, '_a5_': 1.0, '_a7_': 1.0}};{'d0': 0.024905832919416625};-280.569866449044;56.76569824753092
30135;-83.5192349769908;(x * (((_a6_ * x) * ((-(x) + (-(_a4_) * _a6_)) * (-(_a4_) / _a6_))) + pow2(_a0_)));{'d0': {'_a0_': -1.3323420746570467, '_a4_': 3.376760879636522, '_a6_': 0.18475084192246766, '_a1_': 1.0, '_a2_': 1.0, '_a3_': 1.0, '_a5_': 1.0, '_a7_': 1.0}};{'d0': 0.024905832919416625};-280.569866449044;56.76569824753092
30136;-83.5192349769908;(x * (((_a6_ * x) * ((-(x) + (-(_a4_) * _a6_)) * (-(_a4_) / _a6_))) + pow2(_a0_)));{'d0': {'_a0_': -1.3323420746570467, '_a4_': 3.376760879636522, '_a6_': 0.18475084192246766, '_a1_': 1.0, '_a2_': 1.0, '_a3_': 1.0, '_a5_': 1.0, '_a7_': 1.0}};{'d0': 0.024905832919416625};-280.569866449044;56.76569824753092
30137;-83.5192349769908;(x * (((_a6_ * x) * ((-(x) + (-(_a4_) * _a6_)) * (-(_a4_) / _a6_))) + pow2(_a0_)));{'d0': {'_a0_': -1.3323420746570467, '_a4_': 3.376760879636522, '_a6_': 0.18475084192246766, '_a1_': 1.0, '_a2_': 1.0, '_a3_': 1.0, '_a5_': 1.0, '_a7_': 1.0}};{'d0': 0.024905832919416625};-280.569866449044;56.76569824753092
30138;-83.5192349769908;(x * (((_a6_ * x) * ((-(x) + (-(_a4_) * _a6_)) * (-(_a4_) / _a6_))) + pow2(_a0_)));{'d0': {'_a0_': -1.3323420746570467, '_a4_': 3.376760879636522, '_a6_': 0.18475084192246766, '_a1_': 1.0, '_a2_': 1.0, '_a3_': 1.0, '_a5_': 1.0, '_a7_': 1.0}};{'d0': 0.024905832919416625};-280.569866449044;56.76569824753092
30139;-83.5192349769908;(x * (((_a6_ * x) * ((-(x) + (-(_a4_) * _a6_)) * (-(_a4_) / _a6_))) + pow2(_a0_)));{'d0': {'_a0_': -1.3323420746570467, '_a4_': 3.376760879636522, '_a6_': 0.18475084192246766, '_a1_': 1.0, '_a2_': 1.0, '_a3_': 1.0, '_a5_': 1.0, '_a7_': 1.0}};{'d0': 0.024905832919416625};-280.569866449044;56.76569824753092
30140;-83.5192349769908;(x * (((_a6_ * x) * ((-(x) + (-(_a4_) * _a6_)) * (-(_a4_) / _a6_))) + pow2(_a0_)));{'d0': {'_a0_': -1.3323420746570467, '_a4_': 3.376760879636522, '_a6_': 0.18475084192246766, '_a1_': 1.0, '_a2_': 1.0, '_a3_': 1.0, '_a5_': 1.0, '_a7_': 1.0}};{'d0': 0.024905832919416625};-280.569866449044;56.76569824753092
30141;-83.5192349769908;(x * (((_a6_ * x) * ((-(x) + (-(_a4_) * _a6_)) * (-(_a4_) / _a6_))) + pow2(_a0_)));{'d0': {'_a0_': -1.3323420746570467, '_a4_': 3.376760879636522, '_a6_': 0.18475084192246766, '_a1_': 1.0, '_a2_': 1.0, '_a3_': 1.0, '_a5_': 1.0, '_a7_': 1.0}};{'d0': 0.024905832919416625};-280.569866449044;56.76569824753092
30142;-83.5192349769908;(x * (((_a6_ * x) * ((-(x) + (-(_a4_) * _a6_)) * (-(_a4_) / _a6_))) + pow2(_a0_)));{'d0': {'_a0_': -1.3323420746570467, '_a4_': 3.376760879636522, '_a6_': 0.18475084192246766, '_a1_': 1.0, '_a2_': 1.0, '_a3_': 1.0, '_a5_': 1.0, '_a7_': 1.0}};{'d0': 0.024905832919416625};-280.569866449044;56.76569824753092
30143;-83.5192349769908;(x * (((_a6_ * x) * ((-(x) + (-(_a4_) * _a6_)) * (-(_a4_) / _a6_))) + pow2(_a0_)));{'d0': {'_a0_': -1.3323420746570467, '_a4_': 3.376760879636522, '_a6_': 0.18475084192246766, '_a1_': 1.0, '_a2_': 1.0, '_a3_': 1.0, '_a5_': 1.0, '_a7_': 1.0}};{'d0': 0.024905832919416625};-280.569866449044;56.76569824753092
30144;-85.1530200120565;(x * (((_a6_ * x) * ((-(x) + (-(_a4_) * _a6_)) * (_a2_ / _a6_))) + pow2(_a0_)));{'d0': {'_a0_': -1.3323420748092225, '_a2_': -3.376760878511016, '_a4_': 7.467067260492404, '_a6_': 0.08354811429279048, '_a1_': 1.0, '_a3_': 1.0, '_a5_': 1.0, '_a7_': 1.0}};{'d0': 0.024905832919487426};-276.475521886651;53.08474093126897
30145;-85.1530200120565;(x * (((_a6_ * x) * ((-(x) + (-(_a4_) * _a6_)) * (_a2_ / _a6_))) + pow2(_a0_)));{'d0': {'_a0_': -1.3323420748092225, '_a2_': -3.376760878511016, '_a4_': 7.467067260492404, '_a6_': 0.08354811429279048, '_a1_': 1.0, '_a3_': 1.0, '_a5_': 1.0, '_a7_': 1.0}};{'d0': 0.024905832919487426};-276.475521886651;53.08474093126897
30146;-85.1530200120565;(x * (((_a6_ * x) * ((-(x) + (-(_a4_) * _a6_)) * (_a2_ / _a6_))) + pow2(_a0_)));{'d0': {'_a0_': -1.3323420748092225, '_a2_': -3.376760878511016, '_a4_': 7.467067260492404, '_a6_': 0.08354811429279048, '_a1_': 1.0, '_a3_': 1.0, '_a5_': 1.0, '_a7_': 1.0}};{'d0': 0.024905832919487426};-276.475521886651;53.08474093126897
30147;-90.9533117784917;(x * (((_a6_ * x) * ((-(x) + (-(_a4_) * _a6_)) * _a5_)) + pow2(_a0_)));{'d0': {'_a0_': -1.3323420748223311, '_a4_': 2.36449675451608, '_a5_': -12.798300286283808, '_a6_': 0.2638444684696137, '_a1_': 1.0, '_a2_': 1.0, '_a3_': 1.0, '_a7_': 1.0}};{'d0': 0.02490583291946015};-276.475521886717;47.284449164866565
30148;-90.9533117784917;(x * (((_a6_ * x) * ((-(x) + (-(_a4_) * _a6_)) * _a5_)) + pow2(_a0_)));{'d0': {'_a0_': -1.3323420748223311, '_a4_': 2.36449675451608, '_a5_': -12.798300286283808, '_a6_': 0.2638444684696137, '_a1_': 1.0, '_a2_': 1.0, '_a3_': 1.0, '_a7_': 1.0}};{'d0': 0.02490583291946015};-276.475521886717;47.284449164866565
30149;-90.9533117784917;(x * (((_a6_ * x) * ((-(x) + (-(_a4_) * _a6_)) * _a5_)) + pow2(_a0_)));{'d0': {'_a0_': -1.3323420748223311, '_a4_': 2.36449675451608, '_a5_': -12.798300286283808, '_a6_': 0.2638444684696137, '_a1_': 1.0, '_a2_': 1.0, '_a3_': 1.0, '_a7_': 1.0}};{'d0': 0.02490583291946015};-276.475521886717;47.284449164866565
30150;-90.9533117784917;(x * (((_a6_ * x) * ((-(x) + (-(_a4_) * _a6_)) * _a5_)) + pow2(_a0_)));{'d0': {'_a0_': -1.3323420748223311, '_a4_': 2.36449675451608, '_a5_': -12.798300286283808, '_a6_': 0.2638444684696137, '_a1_': 1.0, '_a2_': 1.0, '_a3_': 1.0, '_a7_': 1.0}};{'d0': 0.02490583291946015};-276.475521886717;47.284449164866565
30151;-90.9533117784917;(x * (((_a6_ * x) * ((-(x) + (-(_a4_) * _a6_)) * _a5_)) + pow2(_a0_)));{'d0': {'_a0_': -1.3323420748223311, '_a4_': 2.36449675451608, '_a5_': -12.798300286283808, '_a6_': 0.2638444684696137, '_a1_': 1.0, '_a2_': 1.0, '_a3_': 1.0, '_a7_': 1.0}};{'d0': 0.02490583291946015};-276.475521886717;47.284449164866565
30152;-85.5872436434055;(x * (((_a6_ * x) * ((-(x) + (-(_a4_) * exp(_a4_))) * _a5_)) + pow2(_a0_)));{'d0': {'_a0_': -1.3323420748147992, '_a4_': 0.41284728730335807, '_a5_': -10.936192260432524, '_a6_': 0.3087692773610025, '_a1_': 1.0, '_a2_': 1.0, '_a3_': 1.0, '_a7_': 1.0}};{'d0': 0.024905832919813953};-276.475521885864;52.65051729952656
30153;-85.5872436434055;(x * (((_a6_ * x) * ((-(x) + (-(_a4_) * exp(_a4_))) * _a5_)) + pow2(_a0_)));{'d0': {'_a0_': -1.3323420748147992, '_a4_': 0.41284728730335807, '_a5_': -10.936192260432524, '_a6_': 0.3087692773610025, '_a1_': 1.0, '_a2_': 1.0, '_a3_': 1.0, '_a7_': 1.0}};{'d0': 0.024905832919813953};-276.475521885864;52.65051729952656
30154;-89.2676958762054;(x * (((_a6_ * x) * ((-(x) + (_a5_ * exp(_a4_))) * _a5_)) + pow2(_a0_)));{'d0': {'_a0_': -1.332342074755884, '_a4_': -3.780031430026083, '_a5_': -27.335898262191364, '_a6_': 0.12352833764153481, '_a1_': 1.0, '_a2_': 1.0, '_a3_': 1.0, '_a7_': 1.0}};{'d0': 0.02490583292434795};-276.475521874942;48.970065061265394
30155;-89.2676958762054;(x * (((_a6_ * x) * ((-(x) + (_a5_ * exp(_a4_))) * _a5_)) + pow2(_a0_)));{'d0': {'_a0_': -1.332342074755884, '_a4_': -3.780031430026083, '_a5_': -27.335898262191364, '_a6_': 0.12352833764153481, '_a1_': 1.0, '_a2_': 1.0, '_a3_': 1.0, '_a7_': 1.0}};{'d0': 0.02490583292434795};-276.475521874942;48.970065061265394
30156;-89.2676958762054;(x * (((_a6_ * x) * ((-(x) + (_a5_ * exp(_a4_))) * _a5_)) + pow2(_a0_)));{'d0': {'_a0_': -1.332342074755884, '_a4_': -3.780031430026083, '_a5_': -27.335898262191364, '_a6_': 0.12352833764153481, '_a1_': 1.0, '_a2_': 1.0, '_a3_': 1.0, '_a7_': 1.0}};{'d0': 0.02490583292434795};-276.475521874942;48.970065061265394
30157;-103.280223376163;((x / _a2_) * (_a7_ + ((x * (_a2_ * (x + _a3_))) * _a2_)));{'d0': {'_a2_': 3.376760878516517, '_a3_': 0.6238594154859235, '_a7_': 5.99420778662099, '_a0_': 1.0, '_a1_': 1.0, '_a4_': 1.0, '_a5_': 1.0, '_a6_': 1.0}};{'d0': 0.024905832919416594};-280.569866449044;37.00470984835844
30158;-103.280223376163;((x / _a3_) * (_a7_ + ((x * (_a2_ * (x + _a3_))) * _a2_)));{'d0': {'_a2_': 1.4514213959925788, '_a3_': 0.6238594157757633, '_a7_': 1.107434936562727, '_a0_': 1.0, '_a1_': 1.0, '_a4_': 1.0, '_a5_': 1.0, '_a6_': 1.0}};{'d0': 0.024905832919416598};-280.569866449044;37.00470984835844
30159;-93.7593830327913;-((((pow2((_a5_ + (_a6_ * x))) + _a0_) * ((_a6_ * x) + _a4_)) * _a4_));{'d0': {'_a0_': 32.72544643689709, '_a4_': 0.0050470771069764915, '_a5_': -2.7353041814968164, '_a6_': -8.751182396138196, '_a1_': 1.0, '_a2_': 1.0, '_a3_': 1.0, '_a7_': 1.0}};{'d0': 0.024885482501873966};-276.524567593295;44.50290076385639
30160;-93.7593830327913;-((((pow2((_a5_ + (_a6_ * x))) + _a0_) * ((_a6_ * x) + _a4_)) * _a4_));{'d0': {'_a0_': 32.72544643689709, '_a4_': 0.0050470771069764915, '_a5_': -2.7353041814968164, '_a6_': -8.751182396138196, '_a1_': 1.0, '_a2_': 1.0, '_a3_': 1.0, '_a7_': 1.0}};{'d0': 0.024885482501873966};-276.524567593295;44.50290076385639
30161;-95.0282707199944;-((((pow2((_a5_ + -(x))) + _a0_) * ((_a6_ * x) + _a4_)) * _a4_));{'d0': {'_a0_': 0.42731893302900786, '_a4_': 0.04416734246533093, '_a5_': -0.31256393945745786, '_a6_': -76.58414379195247, '_a1_': 1.0, '_a2_': 1.0, '_a3_': 1.0, '_a7_': 1.0}};{'d0': 0.024885482501867947};-276.524567593310;43.23401307666056
30162;-95.0282707199944;-((((pow2((_a5_ + -(x))) + _a0_) * ((_a6_ * x) + _a4_)) * _a4_));{'d0': {'_a0_': 0.42731893302900786, '_a4_': 0.04416734246533093, '_a5_': -0.31256393945745786, '_a6_': -76.58414379195247, '_a1_': 1.0, '_a2_': 1.0, '_a3_': 1.0, '_a7_': 1.0}};{'d0': 0.024885482501867947};-276.524567593310;43.23401307666056
30163;-95.0282707199944;-((((pow2((_a5_ + -(x))) + _a0_) * ((_a6_ * x) + _a4_)) * _a4_));{'d0': {'_a0_': 0.42731893302900786, '_a4_': 0.04416734246533093, '_a5_': -0.31256393945745786, '_a6_': -76.58414379195247, '_a1_': 1.0, '_a2_': 1.0, '_a3_': 1.0, '_a7_': 1.0}};{'d0': 0.024885482501867947};-276.524567593310;43.23401307666056
30164;-103.280223376163;((x / _a3_) * (_a7_ + ((x * (_a2_ * (x + _a3_))) * _a2_)));{'d0': {'_a2_': 1.4514213959925788, '_a3_': 0.6238594157757633, '_a7_': 1.107434936562727, '_a0_': 1.0, '_a1_': 1.0, '_a4_': 1.0, '_a5_': 1.0, '_a6_': 1.0}};{'d0': 0.024905832919416598};-280.569866449044;37.00470984835844
30165;-88.4353886575835;-((((pow2((_a5_ + -(x))) + _a0_) * ((pow3(_a6_) * x) + _a4_)) * _a4_));{'d0': {'_a0_': 0.4273189352574239, '_a4_': 0.044167305400787546, '_a5_': -0.3125639383650442, '_a6_': -4.24664940628632, '_a1_': 1.0, '_a2_': 1.0, '_a3_': 1.0, '_a7_': 1.0}};{'d0': 0.024885482501868665};-276.524567593308;49.82689513907056
30166;-88.4353886575835;-((((pow2((_a5_ + -(x))) + _a0_) * ((pow3(_a6_) * x) + _a4_)) * _a4_));{'d0': {'_a0_': 0.4273189352574239, '_a4_': 0.044167305400787546, '_a5_': -0.3125639383650442, '_a6_': -4.24664940628632, '_a1_': 1.0, '_a2_': 1.0, '_a3_': 1.0, '_a7_': 1.0}};{'d0': 0.024885482501868665};-276.524567593308;49.82689513907056
30167;-88.4353886575835;-((((pow2((_a5_ + -(x))) + _a0_) * ((pow3(_a6_) * x) + _a4_)) * _a4_));{'d0': {'_a0_': 0.4273189352574239, '_a4_': 0.044167305400787546, '_a5_': -0.3125639383650442, '_a6_': -4.24664940628632, '_a1_': 1.0, '_a2_': 1.0, '_a3_': 1.0, '_a7_': 1.0}};{'d0': 0.024885482501868665};-276.524567593308;49.82689513907056
30168;-88.4353886575835;-((((pow2((_a5_ + -(x))) + _a0_) * ((pow3(_a6_) * x) + _a4_)) * _a4_));{'d0': {'_a0_': 0.4273189352574239, '_a4_': 0.044167305400787546, '_a5_': -0.3125639383650442, '_a6_': -4.24664940628632, '_a1_': 1.0, '_a2_': 1.0, '_a3_': 1.0, '_a7_': 1.0}};{'d0': 0.024885482501868665};-276.524567593308;49.82689513907056
30169;-88.4353886575835;-((((pow2((_a5_ + -(x))) + _a0_) * ((pow3(_a6_) * x) + _a4_)) * _a4_));{'d0': {'_a0_': 0.4273189352574239, '_a4_': 0.044167305400787546, '_a5_': -0.3125639383650442, '_a6_': -4.24664940628632, '_a1_': 1.0, '_a2_': 1.0, '_a3_': 1.0, '_a7_': 1.0}};{'d0': 0.024885482501868665};-276.524567593308;49.82689513907056
30170;-88.4106469675131;-((((pow2((_a5_ + -(x))) + _a0_) * ((pow3(_a6_) * x) + _a5_)) * _a4_));{'d0': {'_a0_': 0.4283964034943137, '_a4_': 2.7799538506066554e-05, '_a5_': -0.31192687681686976, '_a6_': -49.52444768769372, '_a1_': 1.0, '_a2_': 1.0, '_a3_': 1.0, '_a7_': 1.0}};{'d0': 0.02490601459719433};-276.475084213167;49.82689513907056
30171;-88.4106469675131;-((((pow2((_a5_ + -(x))) + _a0_) * ((pow3(_a6_) * x) + _a5_)) * _a4_));{'d0': {'_a0_': 0.4283964034943137, '_a4_': 2.7799538506066554e-05, '_a5_': -0.31192687681686976, '_a6_': -49.52444768769372, '_a1_': 1.0, '_a2_': 1.0, '_a3_': 1.0, '_a7_': 1.0}};{'d0': 0.02490601459719433};-276.475084213167;49.82689513907056
30172;-92.0917038971203;-((((pow2((_a5_ + x)) + _a0_) * ((pow3(_a6_) * x) + _a5_)) * _a4_));{'d0': {'_a0_': 0.42838316711050717, '_a4_': 4.935327087085288e-05, '_a5_': 0.3119347334743476, '_a6_': -40.90063217055826, '_a1_': 1.0, '_a2_': 1.0, '_a3_': 1.0, '_a7_': 1.0}};{'d0': 0.024905512587204064};-276.476293595859;46.14644290080939
30173;-92.0917038971203;-((((pow2((_a5_ + x)) + _a0_) * ((pow3(_a6_) * x) + _a5_)) * _a4_));{'d0': {'_a0_': 0.42838316711050717, '_a4_': 4.935327087085288e-05, '_a5_': 0.3119347334743476, '_a6_': -40.90063217055826, '_a1_': 1.0, '_a2_': 1.0, '_a3_': 1.0, '_a7_': 1.0}};{'d0': 0.024905512587204064};-276.476293595859;46.14644290080939
30174;-92.0917038971203;-((((pow2((_a5_ + x)) + _a0_) * ((pow3(_a6_) * x) + _a5_)) * _a4_));{'d0': {'_a0_': 0.42838316711050717, '_a4_': 4.935327087085288e-05, '_a5_': 0.3119347334743476, '_a6_': -40.90063217055826, '_a1_': 1.0, '_a2_': 1.0, '_a3_': 1.0, '_a7_': 1.0}};{'d0': 0.024905512587204064};-276.476293595859;46.14644290080939
30175;-92.0917038971203;-((((pow2((_a5_ + x)) + _a0_) * ((pow3(_a6_) * x) + _a5_)) * _a4_));{'d0': {'_a0_': 0.42838316711050717, '_a4_': 4.935327087085288e-05, '_a5_': 0.3119347334743476, '_a6_': -40.90063217055826, '_a1_': 1.0, '_a2_': 1.0, '_a3_': 1.0, '_a7_': 1.0}};{'d0': 0.024905512587204064};-276.476293595859;46.14644290080939
30176;-92.0917038971203;-((((pow2((_a5_ + x)) + _a0_) * ((pow3(_a6_) * x) + _a5_)) * _a4_));{'d0': {'_a0_': 0.42838316711050717, '_a4_': 4.935327087085288e-05, '_a5_': 0.3119347334743476, '_a6_': -40.90063217055826, '_a1_': 1.0, '_a2_': 1.0, '_a3_': 1.0, '_a7_': 1.0}};{'d0': 0.024905512587204064};-276.476293595859;46.14644290080939
30177;-92.0917038971203;-((((pow2((_a5_ + x)) + _a0_) * ((pow3(_a6_) * x) + _a5_)) * _a4_));{'d0': {'_a0_': 0.42838316711050717, '_a4_': 4.935327087085288e-05, '_a5_': 0.3119347334743476, '_a6_': -40.90063217055826, '_a1_': 1.0, '_a2_': 1.0, '_a3_': 1.0, '_a7_': 1.0}};{'d0': 0.024905512587204064};-276.476293595859;46.14644290080939
30178;-92.0917038971203;-((((pow2((_a5_ + x)) + _a0_) * ((pow3(_a6_) * x) + _a5_)) * _a4_));{'d0': {'_a0_': 0.42838316711050717, '_a4_': 4.935327087085288e-05, '_a5_': 0.3119347334743476, '_a6_': -40.90063217055826, '_a1_': 1.0, '_a2_': 1.0, '_a3_': 1.0, '_a7_': 1.0}};{'d0': 0.024905512587204064};-276.476293595859;46.14644290080939
30179;-92.0917038971203;-((((pow2((_a5_ + x)) + _a0_) * ((pow3(_a6_) * x) + _a5_)) * _a4_));{'d0': {'_a0_': 0.42838316711050717, '_a4_': 4.935327087085288e-05, '_a5_': 0.3119347334743476, '_a6_': -40.90063217055826, '_a1_': 1.0, '_a2_': 1.0, '_a3_': 1.0, '_a7_': 1.0}};{'d0': 0.024905512587204064};-276.476293595859;46.14644290080939
30180;-92.0917038971203;-((((pow2((_a5_ + x)) + _a0_) * ((pow3(_a6_) * x) + _a5_)) * _a4_));{'d0': {'_a0_': 0.42838316711050717, '_a4_': 4.935327087085288e-05, '_a5_': 0.3119347334743476, '_a6_': -40.90063217055826, '_a1_': 1.0, '_a2_': 1.0, '_a3_': 1.0, '_a7_': 1.0}};{'d0': 0.024905512587204064};-276.476293595859;46.14644290080939
30181;-92.0917038971203;-((((pow2((_a5_ + x)) + _a0_) * ((pow3(_a6_) * x) + _a5_)) * _a4_));{'d0': {'_a0_': 0.42838316711050717, '_a4_': 4.935327087085288e-05, '_a5_': 0.3119347334743476, '_a6_': -40.90063217055826, '_a1_': 1.0, '_a2_': 1.0, '_a3_': 1.0, '_a7_': 1.0}};{'d0': 0.024905512587204064};-276.476293595859;46.14644290080939
30182;-92.0917038971203;-((((pow2((_a5_ + x)) + _a0_) * ((pow3(_a6_) * x) + _a5_)) * _a4_));{'d0': {'_a0_': 0.42838316711050717, '_a4_': 4.935327087085288e-05, '_a5_': 0.3119347334743476, '_a6_': -40.90063217055826, '_a1_': 1.0, '_a2_': 1.0, '_a3_': 1.0, '_a7_': 1.0}};{'d0': 0.024905512587204064};-276.476293595859;46.14644290080939
30183;-92.0917038971203;-((((pow2((_a5_ + x)) + _a0_) * ((pow3(_a6_) * x) + _a5_)) * _a4_));{'d0': {'_a0_': 0.42838316711050717, '_a4_': 4.935327087085288e-05, '_a5_': 0.3119347334743476, '_a6_': -40.90063217055826, '_a1_': 1.0, '_a2_': 1.0, '_a3_': 1.0, '_a7_': 1.0}};{'d0': 0.024905512587204064};-276.476293595859;46.14644290080939
30184;-92.0917038971203;-((((pow2((_a5_ + x)) + _a0_) * ((pow3(_a6_) * x) + _a5_)) * _a4_));{'d0': {'_a0_': 0.42838316711050717, '_a4_': 4.935327087085288e-05, '_a5_': 0.3119347334743476, '_a6_': -40.90063217055826, '_a1_': 1.0, '_a2_': 1.0, '_a3_': 1.0, '_a7_': 1.0}};{'d0': 0.024905512587204064};-276.476293595859;46.14644290080939
30185;-92.0917038971203;-((((pow2((_a5_ + x)) + _a0_) * ((pow3(_a6_) * x) + _a5_)) * _a4_));{'d0': {'_a0_': 0.42838316711050717, '_a4_': 4.935327087085288e-05, '_a5_': 0.3119347334743476, '_a6_': -40.90063217055826, '_a1_': 1.0, '_a2_': 1.0, '_a3_': 1.0, '_a7_': 1.0}};{'d0': 0.024905512587204064};-276.476293595859;46.14644290080939
30186;-92.0917038971203;-((((pow2((_a5_ + x)) + _a0_) * ((pow3(_a6_) * x) + _a5_)) * _a4_));{'d0': {'_a0_': 0.42838316711050717, '_a4_': 4.935327087085288e-05, '_a5_': 0.3119347334743476, '_a6_': -40.90063217055826, '_a1_': 1.0, '_a2_': 1.0, '_a3_': 1.0, '_a7_': 1.0}};{'d0': 0.024905512587204064};-276.476293595859;46.14644290080939
30187;-92.0917038971203;-((((pow2((_a5_ + x)) + _a0_) * ((pow3(_a6_) * x) + _a5_)) * _a4_));{'d0': {'_a0_': 0.42838316711050717, '_a4_': 4.935327087085288e-05, '_a5_': 0.3119347334743476, '_a6_': -40.90063217055826, '_a1_': 1.0, '_a2_': 1.0, '_a3_': 1.0, '_a7_': 1.0}};{'d0': 0.024905512587204064};-276.476293595859;46.14644290080939
30188;-92.0917038971203;-((((pow2((_a5_ + x)) + _a0_) * ((pow3(_a6_) * x) + _a5_)) * _a4_));{'d0': {'_a0_': 0.42838316711050717, '_a4_': 4.935327087085288e-05, '_a5_': 0.3119347334743476, '_a6_': -40.90063217055826, '_a1_': 1.0, '_a2_': 1.0, '_a3_': 1.0, '_a7_': 1.0}};{'d0': 0.024905512587204064};-276.476293595859;46.14644290080939
30189;-92.0917038971203;-((((pow2((_a5_ + x)) + _a0_) * ((pow3(_a6_) * x) + _a5_)) * _a4_));{'d0': {'_a0_': 0.42838316711050717, '_a4_': 4.935327087085288e-05, '_a5_': 0.3119347334743476, '_a6_': -40.90063217055826, '_a1_': 1.0, '_a2_': 1.0, '_a3_': 1.0, '_a7_': 1.0}};{'d0': 0.024905512587204064};-276.476293595859;46.14644290080939
30190;-92.0917038971203;-((((pow2((_a5_ + x)) + _a0_) * ((pow3(_a6_) * x) + _a5_)) * _a4_));{'d0': {'_a0_': 0.42838316711050717, '_a4_': 4.935327087085288e-05, '_a5_': 0.3119347334743476, '_a6_': -40.90063217055826, '_a1_': 1.0, '_a2_': 1.0, '_a3_': 1.0, '_a7_': 1.0}};{'d0': 0.024905512587204064};-276.476293595859;46.14644290080939
30191;-92.9084311918531;-((((pow2((_a5_ + x)) + _a0_) * (((_a1_ / _a4_) * x) + _a5_)) * _a4_));{'d0': {'_a0_': 0.4273189168675485, '_a1_': -3.3825181935607573, '_a4_': 0.0062412310290888345, '_a5_': 0.31256394896663575, '_a2_': 1.0, '_a3_': 1.0, '_a6_': 1.0, '_a7_': 1.0}};{'d0': 0.02488548250186798};-276.524567593310;45.35385260480179
30192;-92.9084311918531;-((((pow2((_a5_ + x)) + _a0_) * (((_a1_ / _a4_) * x) + _a5_)) * _a4_));{'d0': {'_a0_': 0.4273189168675485, '_a1_': -3.3825181935607573, '_a4_': 0.0062412310290888345, '_a5_': 0.31256394896663575, '_a2_': 1.0, '_a3_': 1.0, '_a6_': 1.0, '_a7_': 1.0}};{'d0': 0.02488548250186798};-276.524567593310;45.35385260480179
30193;-92.9084311918531;-((((pow2((_a5_ + x)) + _a0_) * (((_a1_ / _a4_) * x) + _a5_)) * _a4_));{'d0': {'_a0_': 0.4273189168675485, '_a1_': -3.3825181935607573, '_a4_': 0.0062412310290888345, '_a5_': 0.31256394896663575, '_a2_': 1.0, '_a3_': 1.0, '_a6_': 1.0, '_a7_': 1.0}};{'d0': 0.02488548250186798};-276.524567593310;45.35385260480179
30194;-92.9084311918531;-((((pow2((_a5_ + x)) + _a0_) * (((_a1_ / _a4_) * x) + _a5_)) * _a4_));{'d0': {'_a0_': 0.4273189168675485, '_a1_': -3.3825181935607573, '_a4_': 0.0062412310290888345, '_a5_': 0.31256394896663575, '_a2_': 1.0, '_a3_': 1.0, '_a6_': 1.0, '_a7_': 1.0}};{'d0': 0.02488548250186798};-276.524567593310;45.35385260480179
30195;-91.7145893051819;(x * (((_a1_ * x) * ((-(x) + (_a5_ * sin(_a4_))) * _a5_)) + _a6_));{'d0': {'_a1_': 1.6854540046589968, '_a4_': -3.458247052465286, '_a5_': -2.0034721349382494, '_a6_': 1.7751354044190224, '_a0_': 1.0, '_a2_': 1.0, '_a3_': 1.0, '_a7_': 1.0}};{'d0': 0.024905832920761446};-276.475521883582;46.523171636608915
30196;-92.4110974185375;(x * (((_a1_ * x) * ((-(x) + (_a5_ * (x + _a4_))) * _a5_)) + _a6_));{'d0': {'_a1_': 4.059838272092656, '_a4_': 1.779002894953018, '_a5_': -0.5400703144909184, '_a6_': 1.775135404204857, '_a0_': 1.0, '_a2_': 1.0, '_a3_': 1.0, '_a7_': 1.0}};{'d0': 0.024905832937554558};-276.475521843126;45.826663503025394
30197;-92.4110974185375;(x * (((_a1_ * x) * ((-(x) + (_a5_ * (x + _a4_))) * _a5_)) + _a6_));{'d0': {'_a1_': 4.059838272092656, '_a4_': 1.779002894953018, '_a5_': -0.5400703144909184, '_a6_': 1.775135404204857, '_a0_': 1.0, '_a2_': 1.0, '_a3_': 1.0, '_a7_': 1.0}};{'d0': 0.024905832937554558};-276.475521843126;45.826663503025394
30198;-92.4110974185375;(x * (((_a1_ * x) * ((-(x) + (_a5_ * (x + _a4_))) * _a5_)) + _a6_));{'d0': {'_a1_': 4.059838272092656, '_a4_': 1.779002894953018, '_a5_': -0.5400703144909184, '_a6_': 1.775135404204857, '_a0_': 1.0, '_a2_': 1.0, '_a3_': 1.0, '_a7_': 1.0}};{'d0': 0.024905832937554558};-276.475521843126;45.826663503025394
30199;-92.4110974185375;(x * (((_a1_ * x) * ((-(x) + (_a5_ * (x + _a4_))) * _a5_)) + _a6_));{'d0': {'_a1_': 4.059838272092656, '_a4_': 1.779002894953018, '_a5_': -0.5400703144909184, '_a6_': 1.775135404204857, '_a0_': 1.0, '_a2_': 1.0, '_a3_': 1.0, '_a7_': 1.0}};{'d0': 0.024905832937554558};-276.475521843126;45.826663503025394
30200;-92.4110974185375;(x * (((_a1_ * x) * ((-(x) + (_a5_ * (x + _a4_))) * _a5_)) + _a6_));{'d0': {'_a1_': 4.059838272092656, '_a4_': 1.779002894953018, '_a5_': -0.5400703144909184, '_a6_': 1.775135404204857, '_a0_': 1.0, '_a2_': 1.0, '_a3_': 1.0, '_a7_': 1.0}};{'d0': 0.024905832937554558};-276.475521843126;45.826663503025394
30201;-92.4110974185375;(x * (((_a1_ * x) * ((-(x) + (_a5_ * (x + _a4_))) * _a5_)) + _a6_));{'d0': {'_a1_': 4.059838272092656, '_a4_': 1.779002894953018, '_a5_': -0.5400703144909184, '_a6_': 1.775135404204857, '_a0_': 1.0, '_a2_': 1.0, '_a3_': 1.0, '_a7_': 1.0}};{'d0': 0.024905832937554558};-276.475521843126;45.826663503025394
30202;-92.4110974185375;(x * (((_a1_ * x) * ((-(x) + (_a5_ * (x + _a4_))) * _a5_)) + _a6_));{'d0': {'_a1_': 4.059838272092656, '_a4_': 1.779002894953018, '_a5_': -0.5400703144909184, '_a6_': 1.775135404204857, '_a0_': 1.0, '_a2_': 1.0, '_a3_': 1.0, '_a7_': 1.0}};{'d0': 0.024905832937554558};-276.475521843126;45.826663503025394
30203;-94.4582697214963;(x * (((_a1_ * x) * ((-(x) + (_a5_ * (x + _a4_))) * _a5_)) + _a1_));{'d0': {'_a1_': 1.7751354037882068, '_a4_': 1.2689709278844792, '_a5_': -0.9670567079901566, '_a0_': 1.0, '_a2_': 1.0, '_a3_': 1.0, '_a6_': 1.0, '_a7_': 1.0}};{'d0': 0.02490583291941666};-280.569866449044;45.826663503025394
30204;-94.4582697214963;(x * (((_a1_ * x) * ((-(x) + (_a5_ * (x + _a4_))) * _a5_)) + _a1_));{'d0': {'_a1_': 1.7751354037882068, '_a4_': 1.2689709278844792, '_a5_': -0.9670567079901566, '_a0_': 1.0, '_a2_': 1.0, '_a3_': 1.0, '_a6_': 1.0, '_a7_': 1.0}};{'d0': 0.02490583291941666};-280.569866449044;45.826663503025394
30205;-94.4582697214963;(x * (((_a1_ * x) * ((-(x) + (_a5_ * (x + _a4_))) * _a5_)) + _a1_));{'d0': {'_a1_': 1.7751354037882068, '_a4_': 1.2689709278844792, '_a5_': -0.9670567079901566, '_a0_': 1.0, '_a2_': 1.0, '_a3_': 1.0, '_a6_': 1.0, '_a7_': 1.0}};{'d0': 0.02490583291941666};-280.569866449044;45.826663503025394
30206;-94.4582697214963;(x * (((_a1_ * x) * ((-(x) + (_a5_ * (x + _a4_))) * _a5_)) + _a1_));{'d0': {'_a1_': 1.7751354037882068, '_a4_': 1.2689709278844792, '_a5_': -0.9670567079901566, '_a0_': 1.0, '_a2_': 1.0, '_a3_': 1.0, '_a6_': 1.0, '_a7_': 1.0}};{'d0': 0.02490583291941666};-280.569866449044;45.826663503025394
30207;-94.4582697214963;(x * (((_a1_ * x) * ((-(x) + (_a5_ * (x + _a4_))) * _a5_)) + _a1_));{'d0': {'_a1_': 1.7751354037882068, '_a4_': 1.2689709278844792, '_a5_': -0.9670567079901566, '_a0_': 1.0, '_a2_': 1.0, '_a3_': 1.0, '_a6_': 1.0, '_a7_': 1.0}};{'d0': 0.02490583291941666};-280.569866449044;45.826663503025394
30208;-94.4582697214963;(x * (((_a1_ * x) * ((-(x) + (_a5_ * (x + _a4_))) * _a5_)) + _a1_));{'d0': {'_a1_': 1.7751354037882068, '_a4_': 1.2689709278844792, '_a5_': -0.9670567079901566, '_a0_': 1.0, '_a2_': 1.0, '_a3_': 1.0, '_a6_': 1.0, '_a7_': 1.0}};{'d0': 0.02490583291941666};-280.569866449044;45.826663503025394
30209;-94.4582697214963;(x * (((_a1_ * x) * ((-(x) + (_a5_ * (x + _a4_))) * _a5_)) + _a1_));{'d0': {'_a1_': 1.7751354037882068, '_a4_': 1.2689709278844792, '_a5_': -0.9670567079901566, '_a0_': 1.0, '_a2_': 1.0, '_a3_': 1.0, '_a6_': 1.0, '_a7_': 1.0}};{'d0': 0.02490583291941666};-280.569866449044;45.826663503025394
30210;-94.4582697214963;(x * (((_a1_ * x) * ((-(x) + (_a5_ * (x + _a4_))) * _a5_)) + _a1_));{'d0': {'_a1_': 1.7751354037882068, '_a4_': 1.2689709278844792, '_a5_': -0.9670567079901566, '_a0_': 1.0, '_a2_': 1.0, '_a3_': 1.0, '_a6_': 1.0, '_a7_': 1.0}};{'d0': 0.02490583291941666};-280.569866449044;45.826663503025394
30211;-94.4582697214963;(x * (((_a1_ * x) * ((-(x) + (_a5_ * (x + _a4_))) * _a5_)) + _a1_));{'d0': {'_a1_': 1.7751354037882068, '_a4_': 1.2689709278844792, '_a5_': -0.9670567079901566, '_a0_': 1.0, '_a2_': 1.0, '_a3_': 1.0, '_a6_': 1.0, '_a7_': 1.0}};{'d0': 0.02490583291941666};-280.569866449044;45.826663503025394
30212;-106.669455669501;-((((-((_a1_ * (x + _a0_))) * x) + _a3_) * x));{'d0': {'_a0_': 0.6238594155984515, '_a1_': 3.3767608785848315, '_a3_': -1.7751354043324499, '_a2_': 1.0, '_a4_': 1.0, '_a5_': 1.0, '_a6_': 1.0, '_a7_': 1.0}};{'d0': 0.024905832919416622};-280.569866449044;33.61547755502063
30213;-106.669455669501;-((((-((_a1_ * (x + _a0_))) * x) + _a3_) * x));{'d0': {'_a0_': 0.6238594155984515, '_a1_': 3.3767608785848315, '_a3_': -1.7751354043324499, '_a2_': 1.0, '_a4_': 1.0, '_a5_': 1.0, '_a6_': 1.0, '_a7_': 1.0}};{'d0': 0.024905832919416622};-280.569866449044;33.61547755502063
30214;-106.669455669501;-((((-((_a1_ * (x + _a0_))) * x) + _a3_) * x));{'d0': {'_a0_': 0.6238594155984515, '_a1_': 3.3767608785848315, '_a3_': -1.7751354043324499, '_a2_': 1.0, '_a4_': 1.0, '_a5_': 1.0, '_a6_': 1.0, '_a7_': 1.0}};{'d0': 0.024905832919416622};-280.569866449044;33.61547755502063
30215;-106.669455669501;-((((-((_a1_ * (x + _a0_))) * x) + _a3_) * x));{'d0': {'_a0_': 0.6238594155984515, '_a1_': 3.3767608785848315, '_a3_': -1.7751354043324499, '_a2_': 1.0, '_a4_': 1.0, '_a5_': 1.0, '_a6_': 1.0, '_a7_': 1.0}};{'d0': 0.024905832919416622};-280.569866449044;33.61547755502063
30216;-106.669455669501;-((((-((_a1_ * (x + _a0_))) * x) + _a3_) * x));{'d0': {'_a0_': 0.6238594155984515, '_a1_': 3.3767608785848315, '_a3_': -1.7751354043324499, '_a2_': 1.0, '_a4_': 1.0, '_a5_': 1.0, '_a6_': 1.0, '_a7_': 1.0}};{'d0': 0.024905832919416622};-280.569866449044;33.61547755502063
30217;-106.669455669501;-((((-((_a1_ * (x + _a0_))) * x) + _a3_) * x));{'d0': {'_a0_': 0.6238594155984515, '_a1_': 3.3767608785848315, '_a3_': -1.7751354043324499, '_a2_': 1.0, '_a4_': 1.0, '_a5_': 1.0, '_a6_': 1.0, '_a7_': 1.0}};{'d0': 0.024905832919416622};-280.569866449044;33.61547755502063
30218;-106.669455669501;-((((-((_a1_ * (x + _a0_))) * x) + _a3_) * x));{'d0': {'_a0_': 0.6238594155984515, '_a1_': 3.3767608785848315, '_a3_': -1.7751354043324499, '_a2_': 1.0, '_a4_': 1.0, '_a5_': 1.0, '_a6_': 1.0, '_a7_': 1.0}};{'d0': 0.024905832919416622};-280.569866449044;33.61547755502063
30219;-106.669455669501;-((((-((_a1_ * (x + _a0_))) * x) + _a3_) * x));{'d0': {'_a0_': 0.6238594155984515, '_a1_': 3.3767608785848315, '_a3_': -1.7751354043324499, '_a2_': 1.0, '_a4_': 1.0, '_a5_': 1.0, '_a6_': 1.0, '_a7_': 1.0}};{'d0': 0.024905832919416622};-280.569866449044;33.61547755502063
30220;-106.669455669501;-((((-((_a1_ * (x + _a0_))) * x) + _a3_) * x));{'d0': {'_a0_': 0.6238594155984515, '_a1_': 3.3767608785848315, '_a3_': -1.7751354043324499, '_a2_': 1.0, '_a4_': 1.0, '_a5_': 1.0, '_a6_': 1.0, '_a7_': 1.0}};{'d0': 0.024905832919416622};-280.569866449044;33.61547755502063
30221;-106.669455669501;-((((-((_a1_ * (x + _a0_))) * x) + _a3_) * x));{'d0': {'_a0_': 0.6238594155984515, '_a1_': 3.3767608785848315, '_a3_': -1.7751354043324499, '_a2_': 1.0, '_a4_': 1.0, '_a5_': 1.0, '_a6_': 1.0, '_a7_': 1.0}};{'d0': 0.024905832919416622};-280.569866449044;33.61547755502063
30222;-106.669455669501;-((((-((_a1_ * (x + _a0_))) * x) + _a3_) * x));{'d0': {'_a0_': 0.6238594155984515, '_a1_': 3.3767608785848315, '_a3_': -1.7751354043324499, '_a2_': 1.0, '_a4_': 1.0, '_a5_': 1.0, '_a6_': 1.0, '_a7_': 1.0}};{'d0': 0.024905832919416622};-280.569866449044;33.61547755502063
30223;-106.669455669501;-((((-((_a1_ * (x + _a0_))) * x) + _a3_) * x));{'d0': {'_a0_': 0.6238594155984515, '_a1_': 3.3767608785848315, '_a3_': -1.7751354043324499, '_a2_': 1.0, '_a4_': 1.0, '_a5_': 1.0, '_a6_': 1.0, '_a7_': 1.0}};{'d0': 0.024905832919416622};-280.569866449044;33.61547755502063
30224;-106.669455669501;-((((-((_a1_ * (x + _a0_))) * x) + _a3_) * x));{'d0': {'_a0_': 0.6238594155984515, '_a1_': 3.3767608785848315, '_a3_': -1.7751354043324499, '_a2_': 1.0, '_a4_': 1.0, '_a5_': 1.0, '_a6_': 1.0, '_a7_': 1.0}};{'d0': 0.024905832919416622};-280.569866449044;33.61547755502063
30225;-106.669455669501;-((((-((_a1_ * (x + _a0_))) * x) + _a3_) * x));{'d0': {'_a0_': 0.6238594155984515, '_a1_': 3.3767608785848315, '_a3_': -1.7751354043324499, '_a2_': 1.0, '_a4_': 1.0, '_a5_': 1.0, '_a6_': 1.0, '_a7_': 1.0}};{'d0': 0.024905832919416622};-280.569866449044;33.61547755502063
30226;-106.669455669501;-((((-((_a1_ * (x + _a0_))) * x) + _a3_) * x));{'d0': {'_a0_': 0.6238594155984515, '_a1_': 3.3767608785848315, '_a3_': -1.7751354043324499, '_a2_': 1.0, '_a4_': 1.0, '_a5_': 1.0, '_a6_': 1.0, '_a7_': 1.0}};{'d0': 0.024905832919416622};-280.569866449044;33.61547755502063
30227;-106.669455669501;-((((-((_a1_ * (x + _a0_))) * x) + _a3_) * x));{'d0': {'_a0_': 0.6238594155984515, '_a1_': 3.3767608785848315, '_a3_': -1.7751354043324499, '_a2_': 1.0, '_a4_': 1.0, '_a5_': 1.0, '_a6_': 1.0, '_a7_': 1.0}};{'d0': 0.024905832919416622};-280.569866449044;33.61547755502063
30228;-106.669455669501;-((((-((_a1_ * (x + _a0_))) * x) + _a3_) * x));{'d0': {'_a0_': 0.6238594155984515, '_a1_': 3.3767608785848315, '_a3_': -1.7751354043324499, '_a2_': 1.0, '_a4_': 1.0, '_a5_': 1.0, '_a6_': 1.0, '_a7_': 1.0}};{'d0': 0.024905832919416622};-280.569866449044;33.61547755502063
30229;-106.669455669501;-((((-((_a1_ * (x + _a0_))) * x) + _a3_) * x));{'d0': {'_a0_': 0.6238594155984515, '_a1_': 3.3767608785848315, '_a3_': -1.7751354043324499, '_a2_': 1.0, '_a4_': 1.0, '_a5_': 1.0, '_a6_': 1.0, '_a7_': 1.0}};{'d0': 0.024905832919416622};-280.569866449044;33.61547755502063
30230;-106.669455669501;-((((-((_a1_ * (x + _a0_))) * x) + _a3_) * x));{'d0': {'_a0_': 0.6238594155984515, '_a1_': 3.3767608785848315, '_a3_': -1.7751354043324499, '_a2_': 1.0, '_a4_': 1.0, '_a5_': 1.0, '_a6_': 1.0, '_a7_': 1.0}};{'d0': 0.024905832919416622};-280.569866449044;33.61547755502063
30231;-100.748854620471;-((((-((_a1_ * (x + _a0_))) * x) + (_a3_ + _a3_)) * x));{'d0': {'_a0_': 0.6238594156302782, '_a1_': 3.376760878176899, '_a3_': -0.8875677022300946, '_a2_': 1.0, '_a4_': 1.0, '_a5_': 1.0, '_a6_': 1.0, '_a7_': 1.0}};{'d0': 0.024905832919416608};-280.569866449044;39.53607860405063
30232;-100.748854620471;-((((-((_a1_ * (x + _a0_))) * x) + (_a3_ + _a3_)) * x));{'d0': {'_a0_': 0.6238594156302782, '_a1_': 3.376760878176899, '_a3_': -0.8875677022300946, '_a2_': 1.0, '_a4_': 1.0, '_a5_': 1.0, '_a6_': 1.0, '_a7_': 1.0}};{'d0': 0.024905832919416608};-280.569866449044;39.53607860405063
30233;-100.748854620471;-((((-((_a1_ * (x + _a0_))) * x) + (_a3_ + _a3_)) * x));{'d0': {'_a0_': 0.6238594156302782, '_a1_': 3.376760878176899, '_a3_': -0.8875677022300946, '_a2_': 1.0, '_a4_': 1.0, '_a5_': 1.0, '_a6_': 1.0, '_a7_': 1.0}};{'d0': 0.024905832919416608};-280.569866449044;39.53607860405063
30234;-100.748854620471;-((((-((_a1_ * (x + _a0_))) * x) + (_a3_ + _a3_)) * x));{'d0': {'_a0_': 0.6238594156302782, '_a1_': 3.376760878176899, '_a3_': -0.8875677022300946, '_a2_': 1.0, '_a4_': 1.0, '_a5_': 1.0, '_a6_': 1.0, '_a7_': 1.0}};{'d0': 0.024905832919416608};-280.569866449044;39.53607860405063
30235;-100.748854620471;-((((-((_a1_ * (x + _a0_))) * x) + (_a3_ + _a3_)) * x));{'d0': {'_a0_': 0.6238594156302782, '_a1_': 3.376760878176899, '_a3_': -0.8875677022300946, '_a2_': 1.0, '_a4_': 1.0, '_a5_': 1.0, '_a6_': 1.0, '_a7_': 1.0}};{'d0': 0.024905832919416608};-280.569866449044;39.53607860405063
30236;-100.748854620471;-((((-((_a1_ * (x + _a0_))) * x) + (_a3_ + _a3_)) * x));{'d0': {'_a0_': 0.6238594156302782, '_a1_': 3.376760878176899, '_a3_': -0.8875677022300946, '_a2_': 1.0, '_a4_': 1.0, '_a5_': 1.0, '_a6_': 1.0, '_a7_': 1.0}};{'d0': 0.024905832919416608};-280.569866449044;39.53607860405063
30237;-100.748854620471;-((((-((_a1_ * (x + _a0_))) * x) + (_a3_ + _a3_)) * x));{'d0': {'_a0_': 0.6238594156302782, '_a1_': 3.376760878176899, '_a3_': -0.8875677022300946, '_a2_': 1.0, '_a4_': 1.0, '_a5_': 1.0, '_a6_': 1.0, '_a7_': 1.0}};{'d0': 0.024905832919416608};-280.569866449044;39.53607860405063
30238;-100.748854620471;-((((-((_a1_ * (x + _a0_))) * x) + (_a3_ + _a3_)) * x));{'d0': {'_a0_': 0.6238594156302782, '_a1_': 3.376760878176899, '_a3_': -0.8875677022300946, '_a2_': 1.0, '_a4_': 1.0, '_a5_': 1.0, '_a6_': 1.0, '_a7_': 1.0}};{'d0': 0.024905832919416608};-280.569866449044;39.53607860405063
30239;-100.748854620471;-((((-((_a6_ * (x + _a0_))) * x) + (_a3_ + _a3_)) * x));{'d0': {'_a0_': 0.6238594155214727, '_a3_': -0.8875677021753718, '_a6_': 3.376760877688696, '_a1_': 1.0, '_a2_': 1.0, '_a4_': 1.0, '_a5_': 1.0, '_a7_': 1.0}};{'d0': 0.024905832919416664};-280.569866449044;39.53607860405063
30240;-100.748854620471;-((((-((_a6_ * (x + _a0_))) * x) + (_a3_ + _a3_)) * x));{'d0': {'_a0_': 0.6238594155214727, '_a3_': -0.8875677021753718, '_a6_': 3.376760877688696, '_a1_': 1.0, '_a2_': 1.0, '_a4_': 1.0, '_a5_': 1.0, '_a7_': 1.0}};{'d0': 0.024905832919416664};-280.569866449044;39.53607860405063
30241;-100.748854620471;-((((-((_a6_ * (x + _a0_))) * x) + (_a3_ + _a3_)) * x));{'d0': {'_a0_': 0.6238594155214727, '_a3_': -0.8875677021753718, '_a6_': 3.376760877688696, '_a1_': 1.0, '_a2_': 1.0, '_a4_': 1.0, '_a5_': 1.0, '_a7_': 1.0}};{'d0': 0.024905832919416664};-280.569866449044;39.53607860405063
30242;-100.748854620471;-((((-((_a6_ * (x + _a0_))) * x) + (_a3_ + _a3_)) * x));{'d0': {'_a0_': 0.6238594155214727, '_a3_': -0.8875677021753718, '_a6_': 3.376760877688696, '_a1_': 1.0, '_a2_': 1.0, '_a4_': 1.0, '_a5_': 1.0, '_a7_': 1.0}};{'d0': 0.024905832919416664};-280.569866449044;39.53607860405063
30243;-100.748854620471;-((((-((_a6_ * (x + _a0_))) * x) + (_a3_ + _a3_)) * x));{'d0': {'_a0_': 0.6238594155214727, '_a3_': -0.8875677021753718, '_a6_': 3.376760877688696, '_a1_': 1.0, '_a2_': 1.0, '_a4_': 1.0, '_a5_': 1.0, '_a7_': 1.0}};{'d0': 0.024905832919416664};-280.569866449044;39.53607860405063
30244;-100.748854620471;-((((-((_a6_ * (x + _a0_))) * x) + (x + _a3_)) * x));{'d0': {'_a0_': 0.9200012022116459, '_a3_': -1.7751354039908456, '_a6_': 3.376760879586165, '_a1_': 1.0, '_a2_': 1.0, '_a4_': 1.0, '_a5_': 1.0, '_a7_': 1.0}};{'d0': 0.02490583291941664};-280.569866449044;39.53607860405063
30245;-100.748854620471;-((((-((_a6_ * (x + _a0_))) * x) + (x + _a3_)) * x));{'d0': {'_a0_': 0.9200012022116459, '_a3_': -1.7751354039908456, '_a6_': 3.376760879586165, '_a1_': 1.0, '_a2_': 1.0, '_a4_': 1.0, '_a5_': 1.0, '_a7_': 1.0}};{'d0': 0.02490583291941664};-280.569866449044;39.53607860405063
30246;-100.748854620471;-((((-((_a6_ * (x + _a0_))) * x) + (x + _a3_)) * x));{'d0': {'_a0_': 0.9200012022116459, '_a3_': -1.7751354039908456, '_a6_': 3.376760879586165, '_a1_': 1.0, '_a2_': 1.0, '_a4_': 1.0, '_a5_': 1.0, '_a7_': 1.0}};{'d0': 0.02490583291941664};-280.569866449044;39.53607860405063
30247;-100.748854620471;-((((-((_a6_ * (x + _a0_))) * x) + (x + _a3_)) * x));{'d0': {'_a0_': 0.9200012022116459, '_a3_': -1.7751354039908456, '_a6_': 3.376760879586165, '_a1_': 1.0, '_a2_': 1.0, '_a4_': 1.0, '_a5_': 1.0, '_a7_': 1.0}};{'d0': 0.02490583291941664};-280.569866449044;39.53607860405063
30248;-100.748854620471;-((((-((_a6_ * (x + _a0_))) * x) + (x + _a3_)) * x));{'d0': {'_a0_': 0.9200012022116459, '_a3_': -1.7751354039908456, '_a6_': 3.376760879586165, '_a1_': 1.0, '_a2_': 1.0, '_a4_': 1.0, '_a5_': 1.0, '_a7_': 1.0}};{'d0': 0.02490583291941664};-280.569866449044;39.53607860405063
30249;-100.748854620471;-((((-((_a6_ * (x + _a0_))) * x) + (x + _a3_)) * x));{'d0': {'_a0_': 0.9200012022116459, '_a3_': -1.7751354039908456, '_a6_': 3.376760879586165, '_a1_': 1.0, '_a2_': 1.0, '_a4_': 1.0, '_a5_': 1.0, '_a7_': 1.0}};{'d0': 0.02490583291941664};-280.569866449044;39.53607860405063
30250;-100.748854620471;-((((-((_a6_ * (x + _a0_))) * x) + (x + _a3_)) * x));{'d0': {'_a0_': 0.9200012022116459, '_a3_': -1.7751354039908456, '_a6_': 3.376760879586165, '_a1_': 1.0, '_a2_': 1.0, '_a4_': 1.0, '_a5_': 1.0, '_a7_': 1.0}};{'d0': 0.02490583291941664};-280.569866449044;39.53607860405063
30251;-97.0509201478614;-((((-((pow2(_a5_) * (x + _a0_))) * x) + (x + _a3_)) * x));{'d0': {'_a0_': 0.9200012022306779, '_a3_': -1.7751354040853868, '_a5_': 1.837596495250271, '_a1_': 1.0, '_a2_': 1.0, '_a4_': 1.0, '_a6_': 1.0, '_a7_': 1.0}};{'d0': 0.02490583291941666};-280.569866449044;43.23401307666063
30252;-97.0509201478614;-((((-((pow2(_a5_) * (x + _a0_))) * x) + (x + _a3_)) * x));{'d0': {'_a0_': 0.9200012022306779, '_a3_': -1.7751354040853868, '_a5_': 1.837596495250271, '_a1_': 1.0, '_a2_': 1.0, '_a4_': 1.0, '_a6_': 1.0, '_a7_': 1.0}};{'d0': 0.02490583291941666};-280.569866449044;43.23401307666063
30253;-97.0509201478614;-((((-((pow2(_a5_) * (x + _a0_))) * x) + (x + _a3_)) * x));{'d0': {'_a0_': 0.9200012022306779, '_a3_': -1.7751354040853868, '_a5_': 1.837596495250271, '_a1_': 1.0, '_a2_': 1.0, '_a4_': 1.0, '_a6_': 1.0, '_a7_': 1.0}};{'d0': 0.02490583291941666};-280.569866449044;43.23401307666063
30254;-97.0509201478614;-((((-((pow2(_a5_) * (x + _a0_))) * x) + (x + _a3_)) * x));{'d0': {'_a0_': 0.9200012022306779, '_a3_': -1.7751354040853868, '_a5_': 1.837596495250271, '_a1_': 1.0, '_a2_': 1.0, '_a4_': 1.0, '_a6_': 1.0, '_a7_': 1.0}};{'d0': 0.02490583291941666};-280.569866449044;43.23401307666063
30255;-97.0509201478614;-((((-((pow2(_a5_) * (x + _a0_))) * x) + (x + _a3_)) * x));{'d0': {'_a0_': 0.9200012022306779, '_a3_': -1.7751354040853868, '_a5_': 1.837596495250271, '_a1_': 1.0, '_a2_': 1.0, '_a4_': 1.0, '_a6_': 1.0, '_a7_': 1.0}};{'d0': 0.02490583291941666};-280.569866449044;43.23401307666063
30256;-97.0509201478614;-((((-((pow2(_a5_) * (x + _a0_))) * x) + (x + _a3_)) * x));{'d0': {'_a0_': 0.9200012022306779, '_a3_': -1.7751354040853868, '_a5_': 1.837596495250271, '_a1_': 1.0, '_a2_': 1.0, '_a4_': 1.0, '_a6_': 1.0, '_a7_': 1.0}};{'d0': 0.02490583291941666};-280.569866449044;43.23401307666063
30257;-97.0509201478614;-((((-((pow2(_a5_) * (x + _a0_))) * x) + (x + _a3_)) * x));{'d0': {'_a0_': 0.9200012022306779, '_a3_': -1.7751354040853868, '_a5_': 1.837596495250271, '_a1_': 1.0, '_a2_': 1.0, '_a4_': 1.0, '_a6_': 1.0, '_a7_': 1.0}};{'d0': 0.02490583291941666};-280.569866449044;43.23401307666063
30258;-97.0509201478614;-((((-((pow2(_a5_) * (x + _a0_))) * x) + (x + _a3_)) * x));{'d0': {'_a0_': 0.9200012022306779, '_a3_': -1.7751354040853868, '_a5_': 1.837596495250271, '_a1_': 1.0, '_a2_': 1.0, '_a4_': 1.0, '_a6_': 1.0, '_a7_': 1.0}};{'d0': 0.02490583291941666};-280.569866449044;43.23401307666063
30259;-97.0509201478614;-((((-((pow2(_a5_) * (x + _a0_))) * x) + (x + _a3_)) * x));{'d0': {'_a0_': 0.9200012022306779, '_a3_': -1.7751354040853868, '_a5_': 1.837596495250271, '_a1_': 1.0, '_a2_': 1.0, '_a4_': 1.0, '_a6_': 1.0, '_a7_': 1.0}};{'d0': 0.02490583291941666};-280.569866449044;43.23401307666063
30260;-97.0509201478614;-((((-((pow2(_a5_) * (x + _a0_))) * x) + (x + _a3_)) * x));{'d0': {'_a0_': 0.9200012022306779, '_a3_': -1.7751354040853868, '_a5_': 1.837596495250271, '_a1_': 1.0, '_a2_': 1.0, '_a4_': 1.0, '_a6_': 1.0, '_a7_': 1.0}};{'d0': 0.02490583291941666};-280.569866449044;43.23401307666063
30261;-97.0509201478614;-((((-((pow2(_a5_) * (x + _a0_))) * x) + (x + _a3_)) * x));{'d0': {'_a0_': 0.9200012022306779, '_a3_': -1.7751354040853868, '_a5_': 1.837596495250271, '_a1_': 1.0, '_a2_': 1.0, '_a4_': 1.0, '_a6_': 1.0, '_a7_': 1.0}};{'d0': 0.02490583291941666};-280.569866449044;43.23401307666063
30262;-97.0509201478614;-((((-((pow2(_a5_) * (x + _a0_))) * x) + (x + _a3_)) * x));{'d0': {'_a0_': 0.9200012022306779, '_a3_': -1.7751354040853868, '_a5_': 1.837596495250271, '_a1_': 1.0, '_a2_': 1.0, '_a4_': 1.0, '_a6_': 1.0, '_a7_': 1.0}};{'d0': 0.02490583291941666};-280.569866449044;43.23401307666063
30263;-97.0509201478614;-((((-((pow2(_a5_) * (x + _a0_))) * x) + (x + _a3_)) * x));{'d0': {'_a0_': 0.9200012022306779, '_a3_': -1.7751354040853868, '_a5_': 1.837596495250271, '_a1_': 1.0, '_a2_': 1.0, '_a4_': 1.0, '_a6_': 1.0, '_a7_': 1.0}};{'d0': 0.02490583291941666};-280.569866449044;43.23401307666063
30264;-97.0509201478614;-((((-((pow2(_a5_) * (x + _a0_))) * x) + (x + _a3_)) * x));{'d0': {'_a0_': 0.9200012022306779, '_a3_': -1.7751354040853868, '_a5_': 1.837596495250271, '_a1_': 1.0, '_a2_': 1.0, '_a4_': 1.0, '_a6_': 1.0, '_a7_': 1.0}};{'d0': 0.02490583291941666};-280.569866449044;43.23401307666063
30265;-97.0509201478614;-((((-((pow2(_a5_) * (x + _a0_))) * x) + (x + _a3_)) * x));{'d0': {'_a0_': 0.9200012022306779, '_a3_': -1.7751354040853868, '_a5_': 1.837596495250271, '_a1_': 1.0, '_a2_': 1.0, '_a4_': 1.0, '_a6_': 1.0, '_a7_': 1.0}};{'d0': 0.02490583291941666};-280.569866449044;43.23401307666063
30266;-97.0509201478614;-((((-((pow2(_a5_) * (x + _a0_))) * x) + (x + _a3_)) * x));{'d0': {'_a0_': 0.9200012022306779, '_a3_': -1.7751354040853868, '_a5_': 1.837596495250271, '_a1_': 1.0, '_a2_': 1.0, '_a4_': 1.0, '_a6_': 1.0, '_a7_': 1.0}};{'d0': 0.02490583291941666};-280.569866449044;43.23401307666063
30267;-97.0509201478614;-((((-((pow2(_a5_) * (x + _a0_))) * x) + (x + _a3_)) * x));{'d0': {'_a0_': 0.9200012022306779, '_a3_': -1.7751354040853868, '_a5_': 1.837596495250271, '_a1_': 1.0, '_a2_': 1.0, '_a4_': 1.0, '_a6_': 1.0, '_a7_': 1.0}};{'d0': 0.02490583291941666};-280.569866449044;43.23401307666063
30268;-91.1303190988315;-((((-((pow2(_a5_) * (x + _a0_))) * x) + ((x + _a5_) + _a3_)) * x));{'d0': {'_a0_': 0.9200012024006707, '_a3_': -3.612731899140958, '_a5_': 1.8375964947426766, '_a1_': 1.0, '_a2_': 1.0, '_a4_': 1.0, '_a6_': 1.0, '_a7_': 1.0}};{'d0': 0.024905832919416643};-280.569866449044;49.15461412569063
30269;-91.1303190988315;-((((-((pow2(_a5_) * (x + _a0_))) * x) + ((x + _a5_) + _a3_)) * x));{'d0': {'_a0_': 0.9200012024006707, '_a3_': -3.612731899140958, '_a5_': 1.8375964947426766, '_a1_': 1.0, '_a2_': 1.0, '_a4_': 1.0, '_a6_': 1.0, '_a7_': 1.0}};{'d0': 0.024905832919416643};-280.569866449044;49.15461412569063
30270;-91.1303190988315;-((((-((pow2(_a5_) * (x + _a0_))) * x) + ((x + _a5_) + _a3_)) * x));{'d0': {'_a0_': 0.9200012024006707, '_a3_': -3.612731899140958, '_a5_': 1.8375964947426766, '_a1_': 1.0, '_a2_': 1.0, '_a4_': 1.0, '_a6_': 1.0, '_a7_': 1.0}};{'d0': 0.024905832919416643};-280.569866449044;49.15461412569063
30271;-91.1303190988315;-((((-((pow2(_a5_) * (x + _a0_))) * x) + ((x + _a5_) + _a3_)) * x));{'d0': {'_a0_': 0.9200012024006707, '_a3_': -3.612731899140958, '_a5_': 1.8375964947426766, '_a1_': 1.0, '_a2_': 1.0, '_a4_': 1.0, '_a6_': 1.0, '_a7_': 1.0}};{'d0': 0.024905832919416643};-280.569866449044;49.15461412569063
30272;-91.1303190988315;-((((-((pow2(_a5_) * (x + _a0_))) * x) + ((x + _a5_) + _a3_)) * x));{'d0': {'_a0_': 0.9200012024006707, '_a3_': -3.612731899140958, '_a5_': 1.8375964947426766, '_a1_': 1.0, '_a2_': 1.0, '_a4_': 1.0, '_a6_': 1.0, '_a7_': 1.0}};{'d0': 0.024905832919416643};-280.569866449044;49.15461412569063
30273;-91.1303190988315;-((((-((pow2(_a5_) * (x + _a0_))) * x) + ((x + _a5_) + _a3_)) * x));{'d0': {'_a0_': 0.9200012024006707, '_a3_': -3.612731899140958, '_a5_': 1.8375964947426766, '_a1_': 1.0, '_a2_': 1.0, '_a4_': 1.0, '_a6_': 1.0, '_a7_': 1.0}};{'d0': 0.024905832919416643};-280.569866449044;49.15461412569063
30274;-91.1303190988315;-((((-((pow2(_a5_) * (x + _a0_))) * x) + ((x + _a5_) + _a3_)) * x));{'d0': {'_a0_': 0.9200012024006707, '_a3_': -3.612731899140958, '_a5_': 1.8375964947426766, '_a1_': 1.0, '_a2_': 1.0, '_a4_': 1.0, '_a6_': 1.0, '_a7_': 1.0}};{'d0': 0.024905832919416643};-280.569866449044;49.15461412569063
30275;-91.1303190988315;-((((-((pow2(_a5_) * (x + _a0_))) * x) + ((x + _a5_) + _a3_)) * x));{'d0': {'_a0_': 0.9200012024006707, '_a3_': -3.612731899140958, '_a5_': 1.8375964947426766, '_a1_': 1.0, '_a2_': 1.0, '_a4_': 1.0, '_a6_': 1.0, '_a7_': 1.0}};{'d0': 0.024905832919416643};-280.569866449044;49.15461412569063
30276;-91.1303190988315;-((((-((pow2(_a5_) * (x + _a0_))) * x) + ((x + _a5_) + _a3_)) * x));{'d0': {'_a0_': 0.9200012024006707, '_a3_': -3.612731899140958, '_a5_': 1.8375964947426766, '_a1_': 1.0, '_a2_': 1.0, '_a4_': 1.0, '_a6_': 1.0, '_a7_': 1.0}};{'d0': 0.024905832919416643};-280.569866449044;49.15461412569063
30277;-91.1303190988315;-((((-((pow2(_a5_) * (x + _a0_))) * x) + ((x + _a5_) + _a3_)) * x));{'d0': {'_a0_': 0.9200012024006707, '_a3_': -3.612731899140958, '_a5_': 1.8375964947426766, '_a1_': 1.0, '_a2_': 1.0, '_a4_': 1.0, '_a6_': 1.0, '_a7_': 1.0}};{'d0': 0.024905832919416643};-280.569866449044;49.15461412569063
30278;-91.1303190988315;-((((-((pow2(_a5_) * (x + _a0_))) * x) + ((x + _a5_) + _a3_)) * x));{'d0': {'_a0_': 0.9200012024006707, '_a3_': -3.612731899140958, '_a5_': 1.8375964947426766, '_a1_': 1.0, '_a2_': 1.0, '_a4_': 1.0, '_a6_': 1.0, '_a7_': 1.0}};{'d0': 0.024905832919416643};-280.569866449044;49.15461412569063
30279;-91.1303190988315;-((((-((pow2(_a5_) * (x + _a0_))) * x) + ((x + _a5_) + _a3_)) * x));{'d0': {'_a0_': 0.9200012024006707, '_a3_': -3.612731899140958, '_a5_': 1.8375964947426766, '_a1_': 1.0, '_a2_': 1.0, '_a4_': 1.0, '_a6_': 1.0, '_a7_': 1.0}};{'d0': 0.024905832919416643};-280.569866449044;49.15461412569063
30280;-91.1303190988315;-((((-((pow2(_a5_) * (x + _a0_))) * x) + ((x + _a5_) + _a3_)) * x));{'d0': {'_a0_': 0.9200012024006707, '_a3_': -3.612731899140958, '_a5_': 1.8375964947426766, '_a1_': 1.0, '_a2_': 1.0, '_a4_': 1.0, '_a6_': 1.0, '_a7_': 1.0}};{'d0': 0.024905832919416643};-280.569866449044;49.15461412569063
30281;-91.1303190988315;-((((-((pow2(_a5_) * (x + _a0_))) * x) + ((x + _a5_) + _a3_)) * x));{'d0': {'_a0_': 0.9200012024006707, '_a3_': -3.612731899140958, '_a5_': 1.8375964947426766, '_a1_': 1.0, '_a2_': 1.0, '_a4_': 1.0, '_a6_': 1.0, '_a7_': 1.0}};{'d0': 0.024905832919416643};-280.569866449044;49.15461412569063
30282;-91.1303190988315;-((((-((pow2(_a5_) * (x + _a0_))) * x) + ((x + _a5_) + _a3_)) * x));{'d0': {'_a0_': 0.9200012024006707, '_a3_': -3.612731899140958, '_a5_': 1.8375964947426766, '_a1_': 1.0, '_a2_': 1.0, '_a4_': 1.0, '_a6_': 1.0, '_a7_': 1.0}};{'d0': 0.024905832919416643};-280.569866449044;49.15461412569063
30283;-91.1303190988315;-((((-((pow2(_a5_) * (x + _a0_))) * x) + ((x + _a5_) + _a3_)) * x));{'d0': {'_a0_': 0.9200012024006707, '_a3_': -3.612731899140958, '_a5_': 1.8375964947426766, '_a1_': 1.0, '_a2_': 1.0, '_a4_': 1.0, '_a6_': 1.0, '_a7_': 1.0}};{'d0': 0.024905832919416643};-280.569866449044;49.15461412569063
30284;-91.1303190988315;-((((-((pow2(_a5_) * (x + _a0_))) * x) + ((x + _a5_) + _a3_)) * x));{'d0': {'_a0_': 0.9200012024006707, '_a3_': -3.612731899140958, '_a5_': 1.8375964947426766, '_a1_': 1.0, '_a2_': 1.0, '_a4_': 1.0, '_a6_': 1.0, '_a7_': 1.0}};{'d0': 0.024905832919416643};-280.569866449044;49.15461412569063
30285;-91.1303190988315;-((((-((pow2(_a5_) * (x + _a0_))) * x) + ((x + _a5_) + _a3_)) * x));{'d0': {'_a0_': 0.9200012024006707, '_a3_': -3.612731899140958, '_a5_': 1.8375964947426766, '_a1_': 1.0, '_a2_': 1.0, '_a4_': 1.0, '_a6_': 1.0, '_a7_': 1.0}};{'d0': 0.024905832919416643};-280.569866449044;49.15461412569063
30286;-91.1303190988315;-((((-((pow2(_a5_) * (x + _a0_))) * x) + ((x + _a5_) + _a3_)) * x));{'d0': {'_a0_': 0.9200012024006707, '_a3_': -3.612731899140958, '_a5_': 1.8375964947426766, '_a1_': 1.0, '_a2_': 1.0, '_a4_': 1.0, '_a6_': 1.0, '_a7_': 1.0}};{'d0': 0.024905832919416643};-280.569866449044;49.15461412569063
30287;-91.1303190988315;-((((-((pow2(_a5_) * (x + _a0_))) * x) + ((x + _a5_) + _a3_)) * x));{'d0': {'_a0_': 0.9200012024006707, '_a3_': -3.612731899140958, '_a5_': 1.8375964947426766, '_a1_': 1.0, '_a2_': 1.0, '_a4_': 1.0, '_a6_': 1.0, '_a7_': 1.0}};{'d0': 0.024905832919416643};-280.569866449044;49.15461412569063
30288;-91.1303190988315;-((((-((pow2(_a5_) * (x + _a0_))) * x) + ((x + _a5_) + _a3_)) * x));{'d0': {'_a0_': 0.9200012024006707, '_a3_': -3.612731899140958, '_a5_': 1.8375964947426766, '_a1_': 1.0, '_a2_': 1.0, '_a4_': 1.0, '_a6_': 1.0, '_a7_': 1.0}};{'d0': 0.024905832919416643};-280.569866449044;49.15461412569063
30289;-91.1303190988315;-((((-((pow2(_a5_) * (x + _a0_))) * x) + ((x + _a5_) + _a3_)) * x));{'d0': {'_a0_': 0.9200012024006707, '_a3_': -3.612731899140958, '_a5_': 1.8375964947426766, '_a1_': 1.0, '_a2_': 1.0, '_a4_': 1.0, '_a6_': 1.0, '_a7_': 1.0}};{'d0': 0.024905832919416643};-280.569866449044;49.15461412569063
30290;-91.1303190988315;-((((-((pow2(_a5_) * (x + _a0_))) * x) + ((x + _a5_) + _a3_)) * x));{'d0': {'_a0_': 0.9200012024006707, '_a3_': -3.612731899140958, '_a5_': 1.8375964947426766, '_a1_': 1.0, '_a2_': 1.0, '_a4_': 1.0, '_a6_': 1.0, '_a7_': 1.0}};{'d0': 0.024905832919416643};-280.569866449044;49.15461412569063
30291;-91.1303190988315;-((((-((pow2(_a5_) * (x + _a0_))) * x) + ((x + _a5_) + _a3_)) * x));{'d0': {'_a0_': 0.9200012024006707, '_a3_': -3.612731899140958, '_a5_': 1.8375964947426766, '_a1_': 1.0, '_a2_': 1.0, '_a4_': 1.0, '_a6_': 1.0, '_a7_': 1.0}};{'d0': 0.024905832919416643};-280.569866449044;49.15461412569063
30292;-91.1303190988315;-((((-((pow2(_a5_) * (x + _a0_))) * x) + ((x + _a5_) + _a3_)) * x));{'d0': {'_a0_': 0.9200012024006707, '_a3_': -3.612731899140958, '_a5_': 1.8375964947426766, '_a1_': 1.0, '_a2_': 1.0, '_a4_': 1.0, '_a6_': 1.0, '_a7_': 1.0}};{'d0': 0.024905832919416643};-280.569866449044;49.15461412569063
30293;-91.1303190988315;-((((-((pow2(_a5_) * (x + _a0_))) * x) + ((x + _a5_) + _a3_)) * x));{'d0': {'_a0_': 0.9200012024006707, '_a3_': -3.612731899140958, '_a5_': 1.8375964947426766, '_a1_': 1.0, '_a2_': 1.0, '_a4_': 1.0, '_a6_': 1.0, '_a7_': 1.0}};{'d0': 0.024905832919416643};-280.569866449044;49.15461412569063
30294;-91.1303190988315;-((((-((pow2(_a5_) * (x + _a0_))) * x) + ((x + _a5_) + _a3_)) * x));{'d0': {'_a0_': 0.9200012024006707, '_a3_': -3.612731899140958, '_a5_': 1.8375964947426766, '_a1_': 1.0, '_a2_': 1.0, '_a4_': 1.0, '_a6_': 1.0, '_a7_': 1.0}};{'d0': 0.024905832919416643};-280.569866449044;49.15461412569063
30295;-91.1303190988315;-((((-((pow2(_a5_) * (x + _a0_))) * x) + ((x + _a5_) + _a3_)) * x));{'d0': {'_a0_': 0.9200012024006707, '_a3_': -3.612731899140958, '_a5_': 1.8375964947426766, '_a1_': 1.0, '_a2_': 1.0, '_a4_': 1.0, '_a6_': 1.0, '_a7_': 1.0}};{'d0': 0.024905832919416643};-280.569866449044;49.15461412569063
30296;-91.1303190988315;-((((-((pow2(_a5_) * (x + _a0_))) * x) + ((x + _a5_) + _a3_)) * x));{'d0': {'_a0_': 0.9200012024006707, '_a3_': -3.612731899140958, '_a5_': 1.8375964947426766, '_a1_': 1.0, '_a2_': 1.0, '_a4_': 1.0, '_a6_': 1.0, '_a7_': 1.0}};{'d0': 0.024905832919416643};-280.569866449044;49.15461412569063
30297;-91.1303190988315;-((((-((pow2(_a5_) * (x + _a0_))) * x) + ((x + _a5_) + _a3_)) * x));{'d0': {'_a0_': 0.9200012024006707, '_a3_': -3.612731899140958, '_a5_': 1.8375964947426766, '_a1_': 1.0, '_a2_': 1.0, '_a4_': 1.0, '_a6_': 1.0, '_a7_': 1.0}};{'d0': 0.024905832919416643};-280.569866449044;49.15461412569063
30298;-91.1303190988315;-((((-((pow2(_a5_) * (x + _a0_))) * x) + ((x + _a5_) + _a3_)) * x));{'d0': {'_a0_': 0.9200012024006707, '_a3_': -3.612731899140958, '_a5_': 1.8375964947426766, '_a1_': 1.0, '_a2_': 1.0, '_a4_': 1.0, '_a6_': 1.0, '_a7_': 1.0}};{'d0': 0.024905832919416643};-280.569866449044;49.15461412569063
30299;-91.1303190988315;-((((-((pow2(_a5_) * (x + _a0_))) * x) + ((x + _a5_) + _a3_)) * x));{'d0': {'_a0_': 0.9200012024006707, '_a3_': -3.612731899140958, '_a5_': 1.8375964947426766, '_a1_': 1.0, '_a2_': 1.0, '_a4_': 1.0, '_a6_': 1.0, '_a7_': 1.0}};{'d0': 0.024905832919416643};-280.569866449044;49.15461412569063
30300;-91.1303190988315;-((((-((pow2(_a5_) * (x + _a0_))) * x) + ((x + _a5_) + _a3_)) * x));{'d0': {'_a0_': 0.9200012024006707, '_a3_': -3.612731899140958, '_a5_': 1.8375964947426766, '_a1_': 1.0, '_a2_': 1.0, '_a4_': 1.0, '_a6_': 1.0, '_a7_': 1.0}};{'d0': 0.024905832919416643};-280.569866449044;49.15461412569063
30301;-91.1303190988315;-((((-((pow2(_a5_) * (x + _a0_))) * x) + ((x + _a5_) + _a3_)) * x));{'d0': {'_a0_': 0.9200012024006707, '_a3_': -3.612731899140958, '_a5_': 1.8375964947426766, '_a1_': 1.0, '_a2_': 1.0, '_a4_': 1.0, '_a6_': 1.0, '_a7_': 1.0}};{'d0': 0.024905832919416643};-280.569866449044;49.15461412569063
30302;-91.1303190988315;-((((-((pow2(_a5_) * (x + _a0_))) * x) + ((x + _a5_) + _a3_)) * x));{'d0': {'_a0_': 0.9200012024006707, '_a3_': -3.612731899140958, '_a5_': 1.8375964947426766, '_a1_': 1.0, '_a2_': 1.0, '_a4_': 1.0, '_a6_': 1.0, '_a7_': 1.0}};{'d0': 0.024905832919416643};-280.569866449044;49.15461412569063
30303;-91.1303190988315;-((((-((pow2(_a5_) * (x + _a0_))) * x) + ((x + _a5_) + _a3_)) * x));{'d0': {'_a0_': 0.9200012024006707, '_a3_': -3.612731899140958, '_a5_': 1.8375964947426766, '_a1_': 1.0, '_a2_': 1.0, '_a4_': 1.0, '_a6_': 1.0, '_a7_': 1.0}};{'d0': 0.024905832919416643};-280.569866449044;49.15461412569063
30304;-91.1303190988315;-((((-((pow2(_a5_) * (x + _a0_))) * x) + ((x + _a5_) + _a3_)) * x));{'d0': {'_a0_': 0.9200012024006707, '_a3_': -3.612731899140958, '_a5_': 1.8375964947426766, '_a1_': 1.0, '_a2_': 1.0, '_a4_': 1.0, '_a6_': 1.0, '_a7_': 1.0}};{'d0': 0.024905832919416643};-280.569866449044;49.15461412569063
30305;-91.1303190988315;-((((-((pow2(_a5_) * (x + _a0_))) * x) + ((x + _a5_) + _a3_)) * x));{'d0': {'_a0_': 0.9200012024006707, '_a3_': -3.612731899140958, '_a5_': 1.8375964947426766, '_a1_': 1.0, '_a2_': 1.0, '_a4_': 1.0, '_a6_': 1.0, '_a7_': 1.0}};{'d0': 0.024905832919416643};-280.569866449044;49.15461412569063
30306;-91.1303190988315;-((((-((pow2(_a5_) * (x + _a0_))) * x) + ((x + _a5_) + _a3_)) * x));{'d0': {'_a0_': 0.9200012024006707, '_a3_': -3.612731899140958, '_a5_': 1.8375964947426766, '_a1_': 1.0, '_a2_': 1.0, '_a4_': 1.0, '_a6_': 1.0, '_a7_': 1.0}};{'d0': 0.024905832919416643};-280.569866449044;49.15461412569063
30307;-91.1303190988315;-((((-((pow2(_a5_) * (x + _a0_))) * x) + ((x + _a5_) + _a3_)) * x));{'d0': {'_a0_': 0.9200012024006707, '_a3_': -3.612731899140958, '_a5_': 1.8375964947426766, '_a1_': 1.0, '_a2_': 1.0, '_a4_': 1.0, '_a6_': 1.0, '_a7_': 1.0}};{'d0': 0.024905832919416643};-280.569866449044;49.15461412569063
30308;-91.1303190988315;-((((-((pow2(_a5_) * (x + _a0_))) * x) + ((x + _a5_) + _a3_)) * x));{'d0': {'_a0_': 0.9200012024006707, '_a3_': -3.612731899140958, '_a5_': 1.8375964947426766, '_a1_': 1.0, '_a2_': 1.0, '_a4_': 1.0, '_a6_': 1.0, '_a7_': 1.0}};{'d0': 0.024905832919416643};-280.569866449044;49.15461412569063
30309;-91.1303190988315;-((((-((pow2(_a5_) * (x + _a0_))) * x) + ((x + _a5_) + _a3_)) * x));{'d0': {'_a0_': 0.9200012024006707, '_a3_': -3.612731899140958, '_a5_': 1.8375964947426766, '_a1_': 1.0, '_a2_': 1.0, '_a4_': 1.0, '_a6_': 1.0, '_a7_': 1.0}};{'d0': 0.024905832919416643};-280.569866449044;49.15461412569063
30310;-91.1303190988315;-((((-((pow2(_a5_) * (x + _a0_))) * x) + ((x + _a5_) + _a3_)) * x));{'d0': {'_a0_': 0.9200012024006707, '_a3_': -3.612731899140958, '_a5_': 1.8375964947426766, '_a1_': 1.0, '_a2_': 1.0, '_a4_': 1.0, '_a6_': 1.0, '_a7_': 1.0}};{'d0': 0.024905832919416643};-280.569866449044;49.15461412569063
30311;-91.1303190988315;-((((-((pow2(_a5_) * (x + _a0_))) * x) + ((x + _a5_) + _a3_)) * x));{'d0': {'_a0_': 0.9200012024006707, '_a3_': -3.612731899140958, '_a5_': 1.8375964947426766, '_a1_': 1.0, '_a2_': 1.0, '_a4_': 1.0, '_a6_': 1.0, '_a7_': 1.0}};{'d0': 0.024905832919416643};-280.569866449044;49.15461412569063
30312;-91.1303190988315;-((((-((pow2(_a5_) * (x + _a0_))) * x) + ((x + _a5_) + _a3_)) * x));{'d0': {'_a0_': 0.9200012024006707, '_a3_': -3.612731899140958, '_a5_': 1.8375964947426766, '_a1_': 1.0, '_a2_': 1.0, '_a4_': 1.0, '_a6_': 1.0, '_a7_': 1.0}};{'d0': 0.024905832919416643};-280.569866449044;49.15461412569063
30313;-91.1303190988315;-((((-((pow2(_a5_) * (x + _a0_))) * x) + ((x + _a5_) + _a3_)) * x));{'d0': {'_a0_': 0.9200012024006707, '_a3_': -3.612731899140958, '_a5_': 1.8375964947426766, '_a1_': 1.0, '_a2_': 1.0, '_a4_': 1.0, '_a6_': 1.0, '_a7_': 1.0}};{'d0': 0.024905832919416643};-280.569866449044;49.15461412569063
30314;-91.1303190988315;-((((-((pow2(_a5_) * (x + _a0_))) * x) + ((x + _a5_) + _a3_)) * x));{'d0': {'_a0_': 0.9200012024006707, '_a3_': -3.612731899140958, '_a5_': 1.8375964947426766, '_a1_': 1.0, '_a2_': 1.0, '_a4_': 1.0, '_a6_': 1.0, '_a7_': 1.0}};{'d0': 0.024905832919416643};-280.569866449044;49.15461412569063
30315;-92.1015802224045;-((((-((pow2(_a5_) * (x + _a0_))) * x) + ((x * _a5_) + _a3_)) * x));{'d0': {'_a0_': 1.1680485249522619, '_a3_': -1.7751354043203136, '_a5_': 1.8375964949144006, '_a1_': 1.0, '_a2_': 1.0, '_a4_': 1.0, '_a6_': 1.0, '_a7_': 1.0}};{'d0': 0.02490583291941664};-280.569866449044;48.18335300211763
30316;-92.1015802224045;-((((-((pow2(_a5_) * (x + _a0_))) * x) + ((x * _a5_) + _a3_)) * x));{'d0': {'_a0_': 1.1680485249522619, '_a3_': -1.7751354043203136, '_a5_': 1.8375964949144006, '_a1_': 1.0, '_a2_': 1.0, '_a4_': 1.0, '_a6_': 1.0, '_a7_': 1.0}};{'d0': 0.02490583291941664};-280.569866449044;48.18335300211763
30317;-92.1015802224045;-((((-((pow2(_a5_) * (x + _a0_))) * x) + ((x * _a5_) + _a3_)) * x));{'d0': {'_a0_': 1.1680485249522619, '_a3_': -1.7751354043203136, '_a5_': 1.8375964949144006, '_a1_': 1.0, '_a2_': 1.0, '_a4_': 1.0, '_a6_': 1.0, '_a7_': 1.0}};{'d0': 0.02490583291941664};-280.569866449044;48.18335300211763
30318;-92.1015802224045;-((((-((pow2(_a5_) * (x + _a0_))) * x) + ((x * _a5_) + _a3_)) * x));{'d0': {'_a0_': 1.1680485249522619, '_a3_': -1.7751354043203136, '_a5_': 1.8375964949144006, '_a1_': 1.0, '_a2_': 1.0, '_a4_': 1.0, '_a6_': 1.0, '_a7_': 1.0}};{'d0': 0.02490583291941664};-280.569866449044;48.18335300211763
30319;-92.1015802224045;-((((-((pow2(_a5_) * (x + _a0_))) * x) + ((x * _a5_) + _a3_)) * x));{'d0': {'_a0_': 1.1680485249522619, '_a3_': -1.7751354043203136, '_a5_': 1.8375964949144006, '_a1_': 1.0, '_a2_': 1.0, '_a4_': 1.0, '_a6_': 1.0, '_a7_': 1.0}};{'d0': 0.02490583291941664};-280.569866449044;48.18335300211763
30320;-92.1015802224045;-((((-((pow2(_a5_) * (x + _a0_))) * x) + ((x * _a5_) + _a3_)) * x));{'d0': {'_a0_': 1.1680485249522619, '_a3_': -1.7751354043203136, '_a5_': 1.8375964949144006, '_a1_': 1.0, '_a2_': 1.0, '_a4_': 1.0, '_a6_': 1.0, '_a7_': 1.0}};{'d0': 0.02490583291941664};-280.569866449044;48.18335300211763
30321;-92.1015802224045;-((((-((pow2(_a5_) * (x + _a0_))) * x) + ((x * _a5_) + _a3_)) * x));{'d0': {'_a0_': 1.1680485249522619, '_a3_': -1.7751354043203136, '_a5_': 1.8375964949144006, '_a1_': 1.0, '_a2_': 1.0, '_a4_': 1.0, '_a6_': 1.0, '_a7_': 1.0}};{'d0': 0.02490583291941664};-280.569866449044;48.18335300211763
30322;-92.1015802224045;-((((-((pow2(_a5_) * (x + _a0_))) * x) + ((x * _a5_) + _a3_)) * x));{'d0': {'_a0_': 1.1680485249522619, '_a3_': -1.7751354043203136, '_a5_': 1.8375964949144006, '_a1_': 1.0, '_a2_': 1.0, '_a4_': 1.0, '_a6_': 1.0, '_a7_': 1.0}};{'d0': 0.02490583291941664};-280.569866449044;48.18335300211763
30323;-92.1015802224045;-((((-((pow2(_a5_) * (x + _a0_))) * x) + ((x * _a5_) + _a3_)) * x));{'d0': {'_a0_': 1.1680485249522619, '_a3_': -1.7751354043203136, '_a5_': 1.8375964949144006, '_a1_': 1.0, '_a2_': 1.0, '_a4_': 1.0, '_a6_': 1.0, '_a7_': 1.0}};{'d0': 0.02490583291941664};-280.569866449044;48.18335300211763
30324;-92.1015802224045;-((((-((pow2(_a5_) * (x + _a0_))) * x) + ((x * _a5_) + _a3_)) * x));{'d0': {'_a0_': 1.1680485249522619, '_a3_': -1.7751354043203136, '_a5_': 1.8375964949144006, '_a1_': 1.0, '_a2_': 1.0, '_a4_': 1.0, '_a6_': 1.0, '_a7_': 1.0}};{'d0': 0.02490583291941664};-280.569866449044;48.18335300211763
30325;-92.1015802224045;-((((-((pow2(_a5_) * (x + _a0_))) * x) + ((x * _a5_) + _a3_)) * x));{'d0': {'_a0_': 1.1680485249522619, '_a3_': -1.7751354043203136, '_a5_': 1.8375964949144006, '_a1_': 1.0, '_a2_': 1.0, '_a4_': 1.0, '_a6_': 1.0, '_a7_': 1.0}};{'d0': 0.02490583291941664};-280.569866449044;48.18335300211763
30326;-92.1015802224045;-((((-((pow2(_a5_) * (x + _a0_))) * x) + ((x * _a5_) + _a3_)) * x));{'d0': {'_a0_': 1.1680485249522619, '_a3_': -1.7751354043203136, '_a5_': 1.8375964949144006, '_a1_': 1.0, '_a2_': 1.0, '_a4_': 1.0, '_a6_': 1.0, '_a7_': 1.0}};{'d0': 0.02490583291941664};-280.569866449044;48.18335300211763
30327;-92.1015802224045;-((((-((pow2(_a5_) * (x + _a0_))) * x) + ((x * _a5_) + _a3_)) * x));{'d0': {'_a0_': 1.1680485249522619, '_a3_': -1.7751354043203136, '_a5_': 1.8375964949144006, '_a1_': 1.0, '_a2_': 1.0, '_a4_': 1.0, '_a6_': 1.0, '_a7_': 1.0}};{'d0': 0.02490583291941664};-280.569866449044;48.18335300211763
30328;-92.1015802224045;-((((-((pow2(_a5_) * (x + _a0_))) * x) + ((x * _a5_) + _a3_)) * x));{'d0': {'_a0_': 1.1680485249522619, '_a3_': -1.7751354043203136, '_a5_': 1.8375964949144006, '_a1_': 1.0, '_a2_': 1.0, '_a4_': 1.0, '_a6_': 1.0, '_a7_': 1.0}};{'d0': 0.02490583291941664};-280.569866449044;48.18335300211763
30329;-92.1015802224045;-((((-((pow2(_a5_) * (x + _a0_))) * x) + ((x * _a5_) + _a3_)) * x));{'d0': {'_a0_': 1.1680485249522619, '_a3_': -1.7751354043203136, '_a5_': 1.8375964949144006, '_a1_': 1.0, '_a2_': 1.0, '_a4_': 1.0, '_a6_': 1.0, '_a7_': 1.0}};{'d0': 0.02490583291941664};-280.569866449044;48.18335300211763
30330;-92.1015802224045;-((((-((pow2(_a5_) * (x + _a0_))) * x) + ((x * _a5_) + _a3_)) * x));{'d0': {'_a0_': 1.1680485249522619, '_a3_': -1.7751354043203136, '_a5_': 1.8375964949144006, '_a1_': 1.0, '_a2_': 1.0, '_a4_': 1.0, '_a6_': 1.0, '_a7_': 1.0}};{'d0': 0.02490583291941664};-280.569866449044;48.18335300211763
30331;-92.1015802224045;-((((-((pow2(_a5_) * (x + _a0_))) * x) + ((x * _a5_) + _a3_)) * x));{'d0': {'_a0_': 1.1680485249522619, '_a3_': -1.7751354043203136, '_a5_': 1.8375964949144006, '_a1_': 1.0, '_a2_': 1.0, '_a4_': 1.0, '_a6_': 1.0, '_a7_': 1.0}};{'d0': 0.02490583291941664};-280.569866449044;48.18335300211763
30332;-92.1015802224045;-((((-((pow2(_a5_) * (x + _a0_))) * x) + ((x * _a5_) + _a3_)) * x));{'d0': {'_a0_': 1.1680485249522619, '_a3_': -1.7751354043203136, '_a5_': 1.8375964949144006, '_a1_': 1.0, '_a2_': 1.0, '_a4_': 1.0, '_a6_': 1.0, '_a7_': 1.0}};{'d0': 0.02490583291941664};-280.569866449044;48.18335300211763
30333;-92.1015802224045;-((((-((pow2(_a5_) * (x + _a0_))) * x) + ((x * _a5_) + _a3_)) * x));{'d0': {'_a0_': 1.1680485249522619, '_a3_': -1.7751354043203136, '_a5_': 1.8375964949144006, '_a1_': 1.0, '_a2_': 1.0, '_a4_': 1.0, '_a6_': 1.0, '_a7_': 1.0}};{'d0': 0.02490583291941664};-280.569866449044;48.18335300211763
30334;-92.1015802224044;-((((-((pow2(_a0_) * (x + _a0_))) * x) + ((x * _a5_) + _a3_)) * x));{'d0': {'_a0_': 1.8375964954481114, '_a3_': -1.775135403933247, '_a5_': 4.098499890080688, '_a1_': 1.0, '_a2_': 1.0, '_a4_': 1.0, '_a6_': 1.0, '_a7_': 1.0}};{'d0': 0.024905832919416688};-280.569866449043;48.18335300211763
30335;-92.1015802224044;-((((-((pow2(_a0_) * (x + _a0_))) * x) + ((x * _a5_) + _a3_)) * x));{'d0': {'_a0_': 1.8375964954481114, '_a3_': -1.775135403933247, '_a5_': 4.098499890080688, '_a1_': 1.0, '_a2_': 1.0, '_a4_': 1.0, '_a6_': 1.0, '_a7_': 1.0}};{'d0': 0.024905832919416688};-280.569866449043;48.18335300211763
30336;-92.1015802224044;-((((-((pow2(_a0_) * (x + _a0_))) * x) + ((x * _a5_) + _a3_)) * x));{'d0': {'_a0_': 1.8375964954481114, '_a3_': -1.775135403933247, '_a5_': 4.098499890080688, '_a1_': 1.0, '_a2_': 1.0, '_a4_': 1.0, '_a6_': 1.0, '_a7_': 1.0}};{'d0': 0.024905832919416688};-280.569866449043;48.18335300211763
30337;-92.1015802224044;-((((-((pow2(_a0_) * (x + _a0_))) * x) + ((x * _a5_) + _a3_)) * x));{'d0': {'_a0_': 1.8375964954481114, '_a3_': -1.775135403933247, '_a5_': 4.098499890080688, '_a1_': 1.0, '_a2_': 1.0, '_a4_': 1.0, '_a6_': 1.0, '_a7_': 1.0}};{'d0': 0.024905832919416688};-280.569866449043;48.18335300211763
30338;-92.1015802224044;-((((-((pow2(_a0_) * (x + _a0_))) * x) + ((x * _a5_) + _a3_)) * x));{'d0': {'_a0_': 1.8375964954481114, '_a3_': -1.775135403933247, '_a5_': 4.098499890080688, '_a1_': 1.0, '_a2_': 1.0, '_a4_': 1.0, '_a6_': 1.0, '_a7_': 1.0}};{'d0': 0.024905832919416688};-280.569866449043;48.18335300211763
30339;-92.1015802224044;-((((-((pow2(_a0_) * (x + _a0_))) * x) + ((x * _a5_) + _a3_)) * x));{'d0': {'_a0_': 1.8375964954481114, '_a3_': -1.775135403933247, '_a5_': 4.098499890080688, '_a1_': 1.0, '_a2_': 1.0, '_a4_': 1.0, '_a6_': 1.0, '_a7_': 1.0}};{'d0': 0.024905832919416688};-280.569866449043;48.18335300211763
30340;-92.1015802224044;-((((-((pow2(_a0_) * (x + _a0_))) * x) + ((x * _a5_) + _a3_)) * x));{'d0': {'_a0_': 1.8375964954481114, '_a3_': -1.775135403933247, '_a5_': 4.098499890080688, '_a1_': 1.0, '_a2_': 1.0, '_a4_': 1.0, '_a6_': 1.0, '_a7_': 1.0}};{'d0': 0.024905832919416688};-280.569866449043;48.18335300211763
30341;-92.1015802224044;-((((-((pow2(_a0_) * (x + _a0_))) * x) + ((x * _a5_) + _a3_)) * x));{'d0': {'_a0_': 1.8375964954481114, '_a3_': -1.775135403933247, '_a5_': 4.098499890080688, '_a1_': 1.0, '_a2_': 1.0, '_a4_': 1.0, '_a6_': 1.0, '_a7_': 1.0}};{'d0': 0.024905832919416688};-280.569866449043;48.18335300211763
30342;-92.1015802224044;-((((-((pow2(_a0_) * (x + _a0_))) * x) + ((x * _a5_) + _a3_)) * x));{'d0': {'_a0_': 1.8375964954481114, '_a3_': -1.775135403933247, '_a5_': 4.098499890080688, '_a1_': 1.0, '_a2_': 1.0, '_a4_': 1.0, '_a6_': 1.0, '_a7_': 1.0}};{'d0': 0.024905832919416688};-280.569866449043;48.18335300211763
30343;-92.1015802224044;-((((-((pow2(_a0_) * (x + _a0_))) * x) + ((x * _a5_) + _a3_)) * x));{'d0': {'_a0_': 1.8375964954481114, '_a3_': -1.775135403933247, '_a5_': 4.098499890080688, '_a1_': 1.0, '_a2_': 1.0, '_a4_': 1.0, '_a6_': 1.0, '_a7_': 1.0}};{'d0': 0.024905832919416688};-280.569866449043;48.18335300211763
30344;-92.1015802224044;-((((-((pow2(_a0_) * (x + _a0_))) * x) + ((x * _a5_) + _a3_)) * x));{'d0': {'_a0_': 1.8375964954481114, '_a3_': -1.775135403933247, '_a5_': 4.098499890080688, '_a1_': 1.0, '_a2_': 1.0, '_a4_': 1.0, '_a6_': 1.0, '_a7_': 1.0}};{'d0': 0.024905832919416688};-280.569866449043;48.18335300211763
30345;-92.1185573787526;-((((-((-(_a0_) * (x + _a0_))) * x) + ((x * _a5_) + _a3_)) * x));{'d0': {'_a0_': -3.3767608805360743, '_a3_': -1.7751354037649376, '_a5_': -13.509138113560319, '_a1_': 1.0, '_a2_': 1.0, '_a4_': 1.0, '_a6_': 1.0, '_a7_': 1.0}};{'d0': 0.02490583291941654};-280.569866449044;48.16637584576958
30346;-92.1185573787526;-((((-((-(_a0_) * (x + _a0_))) * x) + ((x * _a5_) + _a3_)) * x));{'d0': {'_a0_': -3.3767608805360743, '_a3_': -1.7751354037649376, '_a5_': -13.509138113560319, '_a1_': 1.0, '_a2_': 1.0, '_a4_': 1.0, '_a6_': 1.0, '_a7_': 1.0}};{'d0': 0.02490583291941654};-280.569866449044;48.16637584576958
30347;-92.1185573787526;-((((-((-(_a0_) * (x + _a0_))) * x) + ((x * _a5_) + _a3_)) * x));{'d0': {'_a0_': -3.3767608805360743, '_a3_': -1.7751354037649376, '_a5_': -13.509138113560319, '_a1_': 1.0, '_a2_': 1.0, '_a4_': 1.0, '_a6_': 1.0, '_a7_': 1.0}};{'d0': 0.02490583291941654};-280.569866449044;48.16637584576958
30348;-92.1185573787526;-((((-((-(_a0_) * (x + _a0_))) * x) + ((x * _a5_) + _a3_)) * x));{'d0': {'_a0_': -3.3767608805360743, '_a3_': -1.7751354037649376, '_a5_': -13.509138113560319, '_a1_': 1.0, '_a2_': 1.0, '_a4_': 1.0, '_a6_': 1.0, '_a7_': 1.0}};{'d0': 0.02490583291941654};-280.569866449044;48.16637584576958
30349;-92.1185573787526;-((((-((-(_a0_) * (x + _a0_))) * x) + ((x * _a5_) + _a3_)) * x));{'d0': {'_a0_': -3.3767608805360743, '_a3_': -1.7751354037649376, '_a5_': -13.509138113560319, '_a1_': 1.0, '_a2_': 1.0, '_a4_': 1.0, '_a6_': 1.0, '_a7_': 1.0}};{'d0': 0.02490583291941654};-280.569866449044;48.16637584576958
30350;-92.1185573787526;-((((-((-(_a0_) * (x + _a0_))) * x) + ((x * _a5_) + _a3_)) * x));{'d0': {'_a0_': -3.3767608805360743, '_a3_': -1.7751354037649376, '_a5_': -13.509138113560319, '_a1_': 1.0, '_a2_': 1.0, '_a4_': 1.0, '_a6_': 1.0, '_a7_': 1.0}};{'d0': 0.02490583291941654};-280.569866449044;48.16637584576958
30351;-92.1185573787526;-((((-((-(_a0_) * (x + _a0_))) * x) + ((x * _a5_) + _a3_)) * x));{'d0': {'_a0_': -3.3767608805360743, '_a3_': -1.7751354037649376, '_a5_': -13.509138113560319, '_a1_': 1.0, '_a2_': 1.0, '_a4_': 1.0, '_a6_': 1.0, '_a7_': 1.0}};{'d0': 0.02490583291941654};-280.569866449044;48.16637584576958
30352;-92.1185573787526;-((((-((-(_a0_) * (x + _a0_))) * x) + ((x * _a5_) + _a3_)) * x));{'d0': {'_a0_': -3.3767608805360743, '_a3_': -1.7751354037649376, '_a5_': -13.509138113560319, '_a1_': 1.0, '_a2_': 1.0, '_a4_': 1.0, '_a6_': 1.0, '_a7_': 1.0}};{'d0': 0.02490583291941654};-280.569866449044;48.16637584576958
30353;-92.1185573787526;-((((-((-(_a0_) * (x + _a0_))) * x) + ((x * _a5_) + _a3_)) * x));{'d0': {'_a0_': -3.3767608805360743, '_a3_': -1.7751354037649376, '_a5_': -13.509138113560319, '_a1_': 1.0, '_a2_': 1.0, '_a4_': 1.0, '_a6_': 1.0, '_a7_': 1.0}};{'d0': 0.02490583291941654};-280.569866449044;48.16637584576958
30354;-97.4148073359211;((x * pow2(_a2_)) * (_a5_ + ((x * (_a2_ + (x + _a0_))) * _a7_)));{'d0': {'_a0_': -1.2374820174963077, '_a2_': 1.8613414331112494, '_a5_': 0.5123648325114388, '_a7_': 0.974648760750897, '_a1_': 1.0, '_a3_': 1.0, '_a4_': 1.0, '_a6_': 1.0}};{'d0': 0.024905832922649033};-276.475521879034;40.822953603596034
30355;-97.4148073359211;((x * pow2(_a2_)) * (_a5_ + ((x * (_a2_ + (x + _a0_))) * _a7_)));{'d0': {'_a0_': -1.2374820174963077, '_a2_': 1.8613414331112494, '_a5_': 0.5123648325114388, '_a7_': 0.974648760750897, '_a1_': 1.0, '_a3_': 1.0, '_a4_': 1.0, '_a6_': 1.0}};{'d0': 0.024905832922649033};-276.475521879034;40.822953603596034
30356;-97.4148073359211;((x * pow2(_a2_)) * (_a5_ + ((x * (_a2_ + (x + _a0_))) * _a7_)));{'d0': {'_a0_': -1.2374820174963077, '_a2_': 1.8613414331112494, '_a5_': 0.5123648325114388, '_a7_': 0.974648760750897, '_a1_': 1.0, '_a3_': 1.0, '_a4_': 1.0, '_a6_': 1.0}};{'d0': 0.024905832922649033};-276.475521879034;40.822953603596034
30357;-97.4148073359211;((x * pow2(_a2_)) * (_a5_ + ((x * (_a2_ + (x + _a0_))) * _a7_)));{'d0': {'_a0_': -1.2374820174963077, '_a2_': 1.8613414331112494, '_a5_': 0.5123648325114388, '_a7_': 0.974648760750897, '_a1_': 1.0, '_a3_': 1.0, '_a4_': 1.0, '_a6_': 1.0}};{'d0': 0.024905832922649033};-276.475521879034;40.822953603596034
30358;-97.4148073359211;((x * pow2(_a2_)) * (_a5_ + ((x * (_a2_ + (x + _a0_))) * _a7_)));{'d0': {'_a0_': -1.2374820174963077, '_a2_': 1.8613414331112494, '_a5_': 0.5123648325114388, '_a7_': 0.974648760750897, '_a1_': 1.0, '_a3_': 1.0, '_a4_': 1.0, '_a6_': 1.0}};{'d0': 0.024905832922649033};-276.475521879034;40.822953603596034
30359;-97.4148073359211;((x * pow2(_a2_)) * (_a5_ + ((x * (_a2_ + (x + _a0_))) * _a7_)));{'d0': {'_a0_': -1.2374820174963077, '_a2_': 1.8613414331112494, '_a5_': 0.5123648325114388, '_a7_': 0.974648760750897, '_a1_': 1.0, '_a3_': 1.0, '_a4_': 1.0, '_a6_': 1.0}};{'d0': 0.024905832922649033};-276.475521879034;40.822953603596034
30360;-97.4148073359211;((x * pow2(_a2_)) * (_a5_ + ((x * (_a2_ + (x + _a0_))) * _a7_)));{'d0': {'_a0_': -1.2374820174963077, '_a2_': 1.8613414331112494, '_a5_': 0.5123648325114388, '_a7_': 0.974648760750897, '_a1_': 1.0, '_a3_': 1.0, '_a4_': 1.0, '_a6_': 1.0}};{'d0': 0.024905832922649033};-276.475521879034;40.822953603596034
30361;-97.4148073359211;((x * pow2(_a2_)) * (_a5_ + ((x * (_a2_ + (x + _a0_))) * _a7_)));{'d0': {'_a0_': -1.2374820174963077, '_a2_': 1.8613414331112494, '_a5_': 0.5123648325114388, '_a7_': 0.974648760750897, '_a1_': 1.0, '_a3_': 1.0, '_a4_': 1.0, '_a6_': 1.0}};{'d0': 0.024905832922649033};-276.475521879034;40.822953603596034
30362;-97.4148073359211;((x * pow2(_a2_)) * (_a5_ + ((x * (_a2_ + (x + _a0_))) * _a7_)));{'d0': {'_a0_': -1.2374820174963077, '_a2_': 1.8613414331112494, '_a5_': 0.5123648325114388, '_a7_': 0.974648760750897, '_a1_': 1.0, '_a3_': 1.0, '_a4_': 1.0, '_a6_': 1.0}};{'d0': 0.024905832922649033};-276.475521879034;40.822953603596034
30363;-97.4148073359211;((x * pow2(_a2_)) * (_a5_ + ((x * (_a2_ + (x + _a0_))) * _a7_)));{'d0': {'_a0_': -1.2374820174963077, '_a2_': 1.8613414331112494, '_a5_': 0.5123648325114388, '_a7_': 0.974648760750897, '_a1_': 1.0, '_a3_': 1.0, '_a4_': 1.0, '_a6_': 1.0}};{'d0': 0.024905832922649033};-276.475521879034;40.822953603596034
30364;-97.4148073359211;((x * pow2(_a2_)) * (_a5_ + ((x * (_a2_ + (x + _a0_))) * _a7_)));{'d0': {'_a0_': -1.2374820174963077, '_a2_': 1.8613414331112494, '_a5_': 0.5123648325114388, '_a7_': 0.974648760750897, '_a1_': 1.0, '_a3_': 1.0, '_a4_': 1.0, '_a6_': 1.0}};{'d0': 0.024905832922649033};-276.475521879034;40.822953603596034
30365;-97.4148073227868;((x * pow2(_a2_)) * (_a5_ + ((x * (_a2_ + (x + _a6_))) * _a7_)));{'d0': {'_a2_': 2.339991800312068, '_a5_': 0.3241922590946695, '_a6_': -1.7161323847787437, '_a7_': 0.6166964697782084, '_a0_': 1.0, '_a1_': 1.0, '_a3_': 1.0, '_a4_': 1.0}};{'d0': 0.024905832933553085};-276.475521852766;40.822953603596034
30366;-97.4148073227868;((x * pow2(_a2_)) * (_a5_ + ((x * (_a2_ + (x + _a6_))) * _a7_)));{'d0': {'_a2_': 2.339991800312068, '_a5_': 0.3241922590946695, '_a6_': -1.7161323847787437, '_a7_': 0.6166964697782084, '_a0_': 1.0, '_a1_': 1.0, '_a3_': 1.0, '_a4_': 1.0}};{'d0': 0.024905832933553085};-276.475521852766;40.822953603596034
30367;-97.4148073227868;((x * pow2(_a2_)) * (_a5_ + ((x * (_a2_ + (x + _a6_))) * _a7_)));{'d0': {'_a2_': 2.339991800312068, '_a5_': 0.3241922590946695, '_a6_': -1.7161323847787437, '_a7_': 0.6166964697782084, '_a0_': 1.0, '_a1_': 1.0, '_a3_': 1.0, '_a4_': 1.0}};{'d0': 0.024905832933553085};-276.475521852766;40.822953603596034
30368;-97.4148073227868;((x * pow2(_a2_)) * (_a5_ + ((x * (_a2_ + (x + _a6_))) * _a7_)));{'d0': {'_a2_': 2.339991800312068, '_a5_': 0.3241922590946695, '_a6_': -1.7161323847787437, '_a7_': 0.6166964697782084, '_a0_': 1.0, '_a1_': 1.0, '_a3_': 1.0, '_a4_': 1.0}};{'d0': 0.024905832933553085};-276.475521852766;40.822953603596034
30369;-97.4148073227868;((x * pow2(_a2_)) * (_a5_ + ((x * (_a2_ + (x + _a6_))) * _a7_)));{'d0': {'_a2_': 2.339991800312068, '_a5_': 0.3241922590946695, '_a6_': -1.7161323847787437, '_a7_': 0.6166964697782084, '_a0_': 1.0, '_a1_': 1.0, '_a3_': 1.0, '_a4_': 1.0}};{'d0': 0.024905832933553085};-276.475521852766;40.822953603596034
30370;-97.4148073227868;((x * pow2(_a2_)) * (_a5_ + ((x * (_a2_ + (x + _a6_))) * _a7_)));{'d0': {'_a2_': 2.339991800312068, '_a5_': 0.3241922590946695, '_a6_': -1.7161323847787437, '_a7_': 0.6166964697782084, '_a0_': 1.0, '_a1_': 1.0, '_a3_': 1.0, '_a4_': 1.0}};{'d0': 0.024905832933553085};-276.475521852766;40.822953603596034
30371;-97.4148073227868;((x * pow2(_a2_)) * (_a5_ + ((x * (_a2_ + (x + _a6_))) * _a7_)));{'d0': {'_a2_': 2.339991800312068, '_a5_': 0.3241922590946695, '_a6_': -1.7161323847787437, '_a7_': 0.6166964697782084, '_a0_': 1.0, '_a1_': 1.0, '_a3_': 1.0, '_a4_': 1.0}};{'d0': 0.024905832933553085};-276.475521852766;40.822953603596034
30372;-97.4148073227868;((x * pow2(_a2_)) * (_a5_ + ((x * (_a2_ + (x + _a6_))) * _a7_)));{'d0': {'_a2_': 2.339991800312068, '_a5_': 0.3241922590946695, '_a6_': -1.7161323847787437, '_a7_': 0.6166964697782084, '_a0_': 1.0, '_a1_': 1.0, '_a3_': 1.0, '_a4_': 1.0}};{'d0': 0.024905832933553085};-276.475521852766;40.822953603596034
30373;-97.4148073227868;((x * pow2(_a2_)) * (_a5_ + ((x * (_a2_ + (x + _a6_))) * _a7_)));{'d0': {'_a2_': 2.339991800312068, '_a5_': 0.3241922590946695, '_a6_': -1.7161323847787437, '_a7_': 0.6166964697782084, '_a0_': 1.0, '_a1_': 1.0, '_a3_': 1.0, '_a4_': 1.0}};{'d0': 0.024905832933553085};-276.475521852766;40.822953603596034
30374;-97.4148073227868;((x * pow2(_a2_)) * (_a5_ + ((x * (_a2_ + (x + _a6_))) * _a7_)));{'d0': {'_a2_': 2.339991800312068, '_a5_': 0.3241922590946695, '_a6_': -1.7161323847787437, '_a7_': 0.6166964697782084, '_a0_': 1.0, '_a1_': 1.0, '_a3_': 1.0, '_a4_': 1.0}};{'d0': 0.024905832933553085};-276.475521852766;40.822953603596034
30375;-97.4148073227868;((x * pow2(_a2_)) * (_a5_ + ((x * (_a2_ + (x + _a6_))) * _a7_)));{'d0': {'_a2_': 2.339991800312068, '_a5_': 0.3241922590946695, '_a6_': -1.7161323847787437, '_a7_': 0.6166964697782084, '_a0_': 1.0, '_a1_': 1.0, '_a3_': 1.0, '_a4_': 1.0}};{'d0': 0.024905832933553085};-276.475521852766;40.822953603596034
30376;-97.4148073227868;((x * pow2(_a2_)) * (_a5_ + ((x * (_a2_ + (x + _a6_))) * _a7_)));{'d0': {'_a2_': 2.339991800312068, '_a5_': 0.3241922590946695, '_a6_': -1.7161323847787437, '_a7_': 0.6166964697782084, '_a0_': 1.0, '_a1_': 1.0, '_a3_': 1.0, '_a4_': 1.0}};{'d0': 0.024905832933553085};-276.475521852766;40.822953603596034
30377;-97.4148073227868;((x * pow2(_a2_)) * (_a5_ + ((x * (_a2_ + (x + _a6_))) * _a7_)));{'d0': {'_a2_': 2.339991800312068, '_a5_': 0.3241922590946695, '_a6_': -1.7161323847787437, '_a7_': 0.6166964697782084, '_a0_': 1.0, '_a1_': 1.0, '_a3_': 1.0, '_a4_': 1.0}};{'d0': 0.024905832933553085};-276.475521852766;40.822953603596034
30378;-97.4148073227868;((x * pow2(_a2_)) * (_a5_ + ((x * (_a2_ + (x + _a6_))) * _a7_)));{'d0': {'_a2_': 2.339991800312068, '_a5_': 0.3241922590946695, '_a6_': -1.7161323847787437, '_a7_': 0.6166964697782084, '_a0_': 1.0, '_a1_': 1.0, '_a3_': 1.0, '_a4_': 1.0}};{'d0': 0.024905832933553085};-276.475521852766;40.822953603596034
30379;-99.4619796209257;((x * pow2(_a2_)) * (_a5_ + ((x * (_a2_ + (x + x))) * _a7_)));{'d0': {'_a2_': 1.2477188312186558, '_a5_': 1.1402446060700366, '_a7_': 1.0845182195462544, '_a0_': 1.0, '_a1_': 1.0, '_a3_': 1.0, '_a4_': 1.0, '_a6_': 1.0}};{'d0': 0.02490583291941666};-280.569866449044;40.822953603596034
30380;-99.4619796209257;((x * pow2(_a2_)) * (_a5_ + ((x * (_a2_ + (x + x))) * _a7_)));{'d0': {'_a2_': 1.2477188312186558, '_a5_': 1.1402446060700366, '_a7_': 1.0845182195462544, '_a0_': 1.0, '_a1_': 1.0, '_a3_': 1.0, '_a4_': 1.0, '_a6_': 1.0}};{'d0': 0.02490583291941666};-280.569866449044;40.822953603596034
30381;-99.4619796209257;((x * pow2(_a2_)) * (_a5_ + ((x * (_a2_ + (x + x))) * _a7_)));{'d0': {'_a2_': 1.2477188312186558, '_a5_': 1.1402446060700366, '_a7_': 1.0845182195462544, '_a0_': 1.0, '_a1_': 1.0, '_a3_': 1.0, '_a4_': 1.0, '_a6_': 1.0}};{'d0': 0.02490583291941666};-280.569866449044;40.822953603596034
30382;-99.4619796209257;((x * pow2(_a2_)) * (_a5_ + ((x * (_a2_ + (x + x))) * _a7_)));{'d0': {'_a2_': 1.2477188312186558, '_a5_': 1.1402446060700366, '_a7_': 1.0845182195462544, '_a0_': 1.0, '_a1_': 1.0, '_a3_': 1.0, '_a4_': 1.0, '_a6_': 1.0}};{'d0': 0.02490583291941666};-280.569866449044;40.822953603596034
30383;-99.4619796209257;((x * pow2(_a2_)) * (_a5_ + ((x * (_a2_ + (x + x))) * _a7_)));{'d0': {'_a2_': 1.2477188312186558, '_a5_': 1.1402446060700366, '_a7_': 1.0845182195462544, '_a0_': 1.0, '_a1_': 1.0, '_a3_': 1.0, '_a4_': 1.0, '_a6_': 1.0}};{'d0': 0.02490583291941666};-280.569866449044;40.822953603596034
30384;-99.4619796209257;((x * pow2(_a2_)) * (_a5_ + ((x * (_a2_ + (x + x))) * _a7_)));{'d0': {'_a2_': 1.2477188312186558, '_a5_': 1.1402446060700366, '_a7_': 1.0845182195462544, '_a0_': 1.0, '_a1_': 1.0, '_a3_': 1.0, '_a4_': 1.0, '_a6_': 1.0}};{'d0': 0.02490583291941666};-280.569866449044;40.822953603596034
30385;-99.4619796209257;((x * pow2(_a2_)) * (_a5_ + ((x * (_a2_ + (x + x))) * _a7_)));{'d0': {'_a2_': 1.2477188312186558, '_a5_': 1.1402446060700366, '_a7_': 1.0845182195462544, '_a0_': 1.0, '_a1_': 1.0, '_a3_': 1.0, '_a4_': 1.0, '_a6_': 1.0}};{'d0': 0.02490583291941666};-280.569866449044;40.822953603596034
30386;-99.4619796209257;((x * pow2(_a2_)) * (_a5_ + ((x * (_a2_ + (x + x))) * _a7_)));{'d0': {'_a2_': 1.2477188312186558, '_a5_': 1.1402446060700366, '_a7_': 1.0845182195462544, '_a0_': 1.0, '_a1_': 1.0, '_a3_': 1.0, '_a4_': 1.0, '_a6_': 1.0}};{'d0': 0.02490583291941666};-280.569866449044;40.822953603596034
30387;-99.4619796209257;((x * pow2(_a2_)) * (_a5_ + ((x * (_a2_ + (x + x))) * _a7_)));{'d0': {'_a2_': 1.2477188312186558, '_a5_': 1.1402446060700366, '_a7_': 1.0845182195462544, '_a0_': 1.0, '_a1_': 1.0, '_a3_': 1.0, '_a4_': 1.0, '_a6_': 1.0}};{'d0': 0.02490583291941666};-280.569866449044;40.822953603596034
30388;-99.4619796209257;((x * pow2(_a2_)) * (_a5_ + ((x * (_a2_ + (x + x))) * _a7_)));{'d0': {'_a2_': 1.2477188312186558, '_a5_': 1.1402446060700366, '_a7_': 1.0845182195462544, '_a0_': 1.0, '_a1_': 1.0, '_a3_': 1.0, '_a4_': 1.0, '_a6_': 1.0}};{'d0': 0.02490583291941666};-280.569866449044;40.822953603596034
30389;-99.4619796209257;((x * pow2(_a2_)) * (_a5_ + ((x * (_a2_ + (x + x))) * _a7_)));{'d0': {'_a2_': 1.2477188312186558, '_a5_': 1.1402446060700366, '_a7_': 1.0845182195462544, '_a0_': 1.0, '_a1_': 1.0, '_a3_': 1.0, '_a4_': 1.0, '_a6_': 1.0}};{'d0': 0.02490583291941666};-280.569866449044;40.822953603596034
30390;-99.4619796209257;((x * pow2(_a2_)) * (_a5_ + ((x * (_a2_ + (x + x))) * _a7_)));{'d0': {'_a2_': 1.2477188312186558, '_a5_': 1.1402446060700366, '_a7_': 1.0845182195462544, '_a0_': 1.0, '_a1_': 1.0, '_a3_': 1.0, '_a4_': 1.0, '_a6_': 1.0}};{'d0': 0.02490583291941666};-280.569866449044;40.822953603596034
30391;-99.4619796209257;((x * pow2(_a2_)) * (_a5_ + ((x * (_a2_ + (x + x))) * _a7_)));{'d0': {'_a2_': 1.2477188312186558, '_a5_': 1.1402446060700366, '_a7_': 1.0845182195462544, '_a0_': 1.0, '_a1_': 1.0, '_a3_': 1.0, '_a4_': 1.0, '_a6_': 1.0}};{'d0': 0.02490583291941666};-280.569866449044;40.822953603596034
30392;-99.4619796209257;((x * pow2(_a2_)) * (_a5_ + ((x * (_a2_ + (x + x))) * _a7_)));{'d0': {'_a2_': 1.2477188312186558, '_a5_': 1.1402446060700366, '_a7_': 1.0845182195462544, '_a0_': 1.0, '_a1_': 1.0, '_a3_': 1.0, '_a4_': 1.0, '_a6_': 1.0}};{'d0': 0.02490583291941666};-280.569866449044;40.822953603596034
30393;-99.4619796209257;((x * pow2(_a2_)) * (_a5_ + ((x * (_a2_ + (x + x))) * _a7_)));{'d0': {'_a2_': 1.2477188312186558, '_a5_': 1.1402446060700366, '_a7_': 1.0845182195462544, '_a0_': 1.0, '_a1_': 1.0, '_a3_': 1.0, '_a4_': 1.0, '_a6_': 1.0}};{'d0': 0.02490583291941666};-280.569866449044;40.822953603596034
30394;-99.4619796209257;((x * pow2(_a2_)) * (_a5_ + ((x * (_a2_ + (x + x))) * _a7_)));{'d0': {'_a2_': 1.2477188312186558, '_a5_': 1.1402446060700366, '_a7_': 1.0845182195462544, '_a0_': 1.0, '_a1_': 1.0, '_a3_': 1.0, '_a4_': 1.0, '_a6_': 1.0}};{'d0': 0.02490583291941666};-280.569866449044;40.822953603596034
30395;-99.4619796209257;((x * pow2(_a2_)) * (_a5_ + ((x * (_a2_ + (x + x))) * _a7_)));{'d0': {'_a2_': 1.2477188312186558, '_a5_': 1.1402446060700366, '_a7_': 1.0845182195462544, '_a0_': 1.0, '_a1_': 1.0, '_a3_': 1.0, '_a4_': 1.0, '_a6_': 1.0}};{'d0': 0.02490583291941666};-280.569866449044;40.822953603596034
30396;-92.3931101262714;((x * pow2(_a2_)) * (_a5_ + ((x * ((_a7_ * _a3_) + (x + x))) * _a7_)));{'d0': {'_a2_': 1.0915345747510854, '_a3_': 0.8804838163913492, '_a5_': 1.489897496667699, '_a7_': 1.4170827673149002, '_a0_': 1.0, '_a1_': 1.0, '_a4_': 1.0, '_a6_': 1.0}};{'d0': 0.024905832920881384};-276.475521883293;45.84465081537503
30397;-92.3931101262714;((x * pow2(_a2_)) * (_a5_ + ((x * ((_a7_ * _a3_) + (x + x))) * _a7_)));{'d0': {'_a2_': 1.0915345747510854, '_a3_': 0.8804838163913492, '_a5_': 1.489897496667699, '_a7_': 1.4170827673149002, '_a0_': 1.0, '_a1_': 1.0, '_a4_': 1.0, '_a6_': 1.0}};{'d0': 0.024905832920881384};-276.475521883293;45.84465081537503
30398;-92.3931101262714;((x * pow2(_a2_)) * (_a5_ + ((x * ((_a7_ * _a3_) + (x + x))) * _a7_)));{'d0': {'_a2_': 1.0915345747510854, '_a3_': 0.8804838163913492, '_a5_': 1.489897496667699, '_a7_': 1.4170827673149002, '_a0_': 1.0, '_a1_': 1.0, '_a4_': 1.0, '_a6_': 1.0}};{'d0': 0.024905832920881384};-276.475521883293;45.84465081537503
30399;-92.3931101262714;((x * pow2(_a2_)) * (_a5_ + ((x * ((_a7_ * _a3_) + (x + x))) * _a7_)));{'d0': {'_a2_': 1.0915345747510854, '_a3_': 0.8804838163913492, '_a5_': 1.489897496667699, '_a7_': 1.4170827673149002, '_a0_': 1.0, '_a1_': 1.0, '_a4_': 1.0, '_a6_': 1.0}};{'d0': 0.024905832920881384};-276.475521883293;45.84465081537503
30400;-92.3931101262714;((x * pow2(_a2_)) * (_a5_ + ((x * ((_a7_ * _a3_) + (x + x))) * _a7_)));{'d0': {'_a2_': 1.0915345747510854, '_a3_': 0.8804838163913492, '_a5_': 1.489897496667699, '_a7_': 1.4170827673149002, '_a0_': 1.0, '_a1_': 1.0, '_a4_': 1.0, '_a6_': 1.0}};{'d0': 0.024905832920881384};-276.475521883293;45.84465081537503
30401;-92.3931101262714;((x * pow2(_a2_)) * (_a5_ + ((x * ((_a7_ * _a3_) + (x + x))) * _a7_)));{'d0': {'_a2_': 1.0915345747510854, '_a3_': 0.8804838163913492, '_a5_': 1.489897496667699, '_a7_': 1.4170827673149002, '_a0_': 1.0, '_a1_': 1.0, '_a4_': 1.0, '_a6_': 1.0}};{'d0': 0.024905832920881384};-276.475521883293;45.84465081537503
30402;-92.3931101262714;((x * pow2(_a2_)) * (_a5_ + ((x * ((_a7_ * _a3_) + (x + x))) * _a7_)));{'d0': {'_a2_': 1.0915345747510854, '_a3_': 0.8804838163913492, '_a5_': 1.489897496667699, '_a7_': 1.4170827673149002, '_a0_': 1.0, '_a1_': 1.0, '_a4_': 1.0, '_a6_': 1.0}};{'d0': 0.024905832920881384};-276.475521883293;45.84465081537503
30403;-92.3931101262714;((x * pow2(_a2_)) * (_a5_ + ((x * ((_a7_ * _a3_) + (x + x))) * _a7_)));{'d0': {'_a2_': 1.0915345747510854, '_a3_': 0.8804838163913492, '_a5_': 1.489897496667699, '_a7_': 1.4170827673149002, '_a0_': 1.0, '_a1_': 1.0, '_a4_': 1.0, '_a6_': 1.0}};{'d0': 0.024905832920881384};-276.475521883293;45.84465081537503
30404;-92.3931101262714;((x * pow2(_a2_)) * (_a5_ + ((x * ((_a7_ * _a3_) + (x + x))) * _a7_)));{'d0': {'_a2_': 1.0915345747510854, '_a3_': 0.8804838163913492, '_a5_': 1.489897496667699, '_a7_': 1.4170827673149002, '_a0_': 1.0, '_a1_': 1.0, '_a4_': 1.0, '_a6_': 1.0}};{'d0': 0.024905832920881384};-276.475521883293;45.84465081537503
30405;-92.3931101262714;((x * pow2(_a2_)) * (_a5_ + ((x * ((_a7_ * _a3_) + (x + x))) * _a7_)));{'d0': {'_a2_': 1.0915345747510854, '_a3_': 0.8804838163913492, '_a5_': 1.489897496667699, '_a7_': 1.4170827673149002, '_a0_': 1.0, '_a1_': 1.0, '_a4_': 1.0, '_a6_': 1.0}};{'d0': 0.024905832920881384};-276.475521883293;45.84465081537503
30406;-92.3931101262714;((x * pow2(_a2_)) * (_a5_ + ((x * ((_a7_ * _a3_) + (x + x))) * _a7_)));{'d0': {'_a2_': 1.0915345747510854, '_a3_': 0.8804838163913492, '_a5_': 1.489897496667699, '_a7_': 1.4170827673149002, '_a0_': 1.0, '_a1_': 1.0, '_a4_': 1.0, '_a6_': 1.0}};{'d0': 0.024905832920881384};-276.475521883293;45.84465081537503
30407;-88.3608726165767;((x * pow2(cos(_a3_))) * (_a5_ + ((x * ((_a7_ * _a3_) + (x + x))) * _a7_)));{'d0': {'_a3_': 0.5422137505649351, '_a5_': 2.4193983314042784, '_a7_': 2.3011567486080193, '_a0_': 1.0, '_a1_': 1.0, '_a2_': 1.0, '_a4_': 1.0, '_a6_': 1.0}};{'d0': 0.024905832919416636};-280.569866449044;51.92406060794503
30408;-88.3608726165767;((x * pow2(cos(_a3_))) * (_a5_ + ((x * ((_a7_ * _a3_) + (x + x))) * _a7_)));{'d0': {'_a3_': 0.5422137505649351, '_a5_': 2.4193983314042784, '_a7_': 2.3011567486080193, '_a0_': 1.0, '_a1_': 1.0, '_a2_': 1.0, '_a4_': 1.0, '_a6_': 1.0}};{'d0': 0.024905832919416636};-280.569866449044;51.92406060794503
30409;-88.3608726165767;((x * pow2(cos(_a3_))) * (_a5_ + ((x * ((_a7_ * _a3_) + (x + x))) * _a7_)));{'d0': {'_a3_': 0.5422137505649351, '_a5_': 2.4193983314042784, '_a7_': 2.3011567486080193, '_a0_': 1.0, '_a1_': 1.0, '_a2_': 1.0, '_a4_': 1.0, '_a6_': 1.0}};{'d0': 0.024905832919416636};-280.569866449044;51.92406060794503
30410;-88.3608726165767;((x * pow2(cos(_a3_))) * (_a5_ + ((x * ((_a7_ * _a3_) + (x + x))) * _a7_)));{'d0': {'_a3_': 0.5422137505649351, '_a5_': 2.4193983314042784, '_a7_': 2.3011567486080193, '_a0_': 1.0, '_a1_': 1.0, '_a2_': 1.0, '_a4_': 1.0, '_a6_': 1.0}};{'d0': 0.024905832919416636};-280.569866449044;51.92406060794503
30411;-88.3608726165767;((x * pow2(cos(_a3_))) * (_a5_ + ((x * ((_a7_ * _a3_) + (x + x))) * _a7_)));{'d0': {'_a3_': 0.5422137505649351, '_a5_': 2.4193983314042784, '_a7_': 2.3011567486080193, '_a0_': 1.0, '_a1_': 1.0, '_a2_': 1.0, '_a4_': 1.0, '_a6_': 1.0}};{'d0': 0.024905832919416636};-280.569866449044;51.92406060794503
30412;-88.3608726165767;((x * pow2(cos(_a3_))) * (_a5_ + ((x * ((_a7_ * _a3_) + (x + x))) * _a7_)));{'d0': {'_a3_': 0.5422137505649351, '_a5_': 2.4193983314042784, '_a7_': 2.3011567486080193, '_a0_': 1.0, '_a1_': 1.0, '_a2_': 1.0, '_a4_': 1.0, '_a6_': 1.0}};{'d0': 0.024905832919416636};-280.569866449044;51.92406060794503
30413;-89.1359663489144;(((-((-(_a0_) * (x + _a0_))) * x) + ((x * _a5_) + (_a1_ ** _a0_))) * x);{'d0': {'_a0_': 3.3767608707195813, '_a1_': 1.1852442519941433, '_a5_': -9.295889914396279, '_a2_': 1.0, '_a3_': 1.0, '_a4_': 1.0, '_a6_': 1.0, '_a7_': 1.0}};{'d0': 0.024905832919416653};-280.569866449044;51.14896687560763
30414;-89.1359663489144;(((-((-(_a0_) * (x + _a0_))) * x) + ((x * _a5_) + (_a1_ ** _a0_))) * x);{'d0': {'_a0_': 3.3767608707195813, '_a1_': 1.1852442519941433, '_a5_': -9.295889914396279, '_a2_': 1.0, '_a3_': 1.0, '_a4_': 1.0, '_a6_': 1.0, '_a7_': 1.0}};{'d0': 0.024905832919416653};-280.569866449044;51.14896687560763
30415;-89.1359663489144;(((-((-(_a0_) * (x + _a0_))) * x) + ((x * _a5_) + (_a1_ ** _a0_))) * x);{'d0': {'_a0_': 3.3767608707195813, '_a1_': 1.1852442519941433, '_a5_': -9.295889914396279, '_a2_': 1.0, '_a3_': 1.0, '_a4_': 1.0, '_a6_': 1.0, '_a7_': 1.0}};{'d0': 0.024905832919416653};-280.569866449044;51.14896687560763
30416;-89.1359663489144;(((-((-(_a0_) * (x + _a0_))) * x) + ((x * _a5_) + (_a1_ ** _a0_))) * x);{'d0': {'_a0_': 3.3767608707195813, '_a1_': 1.1852442519941433, '_a5_': -9.295889914396279, '_a2_': 1.0, '_a3_': 1.0, '_a4_': 1.0, '_a6_': 1.0, '_a7_': 1.0}};{'d0': 0.024905832919416653};-280.569866449044;51.14896687560763
30417;-89.1359663489144;(((-((-(_a0_) * (x + _a0_))) * x) + ((x * _a5_) + (_a1_ ** _a0_))) * x);{'d0': {'_a0_': 3.3767608707195813, '_a1_': 1.1852442519941433, '_a5_': -9.295889914396279, '_a2_': 1.0, '_a3_': 1.0, '_a4_': 1.0, '_a6_': 1.0, '_a7_': 1.0}};{'d0': 0.024905832919416653};-280.569866449044;51.14896687560763
30418;-89.1359663489144;(((-((-(_a0_) * (x + _a0_))) * x) + ((x * _a5_) + (_a1_ ** _a0_))) * x);{'d0': {'_a0_': 3.3767608707195813, '_a1_': 1.1852442519941433, '_a5_': -9.295889914396279, '_a2_': 1.0, '_a3_': 1.0, '_a4_': 1.0, '_a6_': 1.0, '_a7_': 1.0}};{'d0': 0.024905832919416653};-280.569866449044;51.14896687560763
30419;-89.1359663489144;(((-((-(_a0_) * (x + _a0_))) * x) + ((x * _a5_) + (_a1_ ** _a0_))) * x);{'d0': {'_a0_': 3.3767608707195813, '_a1_': 1.1852442519941433, '_a5_': -9.295889914396279, '_a2_': 1.0, '_a3_': 1.0, '_a4_': 1.0, '_a6_': 1.0, '_a7_': 1.0}};{'d0': 0.024905832919416653};-280.569866449044;51.14896687560763
30420;-89.1359663489144;(((-((-(_a0_) * (x + _a0_))) * x) + ((x * _a5_) + (_a1_ ** _a0_))) * x);{'d0': {'_a0_': 3.3767608707195813, '_a1_': 1.1852442519941433, '_a5_': -9.295889914396279, '_a2_': 1.0, '_a3_': 1.0, '_a4_': 1.0, '_a6_': 1.0, '_a7_': 1.0}};{'d0': 0.024905832919416653};-280.569866449044;51.14896687560763
30421;-89.1359663489144;(((-((-(_a0_) * (x + _a0_))) * x) + ((x * _a5_) + (_a1_ ** _a0_))) * x);{'d0': {'_a0_': 3.3767608707195813, '_a1_': 1.1852442519941433, '_a5_': -9.295889914396279, '_a2_': 1.0, '_a3_': 1.0, '_a4_': 1.0, '_a6_': 1.0, '_a7_': 1.0}};{'d0': 0.024905832919416653};-280.569866449044;51.14896687560763
30422;-89.1359663489144;(((-((-(_a0_) * (x + _a0_))) * x) + ((x * _a5_) + (_a1_ ** _a0_))) * x);{'d0': {'_a0_': 3.3767608707195813, '_a1_': 1.1852442519941433, '_a5_': -9.295889914396279, '_a2_': 1.0, '_a3_': 1.0, '_a4_': 1.0, '_a6_': 1.0, '_a7_': 1.0}};{'d0': 0.024905832919416653};-280.569866449044;51.14896687560763
30423;-89.1359663489144;(((-((-(_a0_) * (x + _a0_))) * x) + ((x * _a5_) + (_a1_ ** _a0_))) * x);{'d0': {'_a0_': 3.3767608707195813, '_a1_': 1.1852442519941433, '_a5_': -9.295889914396279, '_a2_': 1.0, '_a3_': 1.0, '_a4_': 1.0, '_a6_': 1.0, '_a7_': 1.0}};{'d0': 0.024905832919416653};-280.569866449044;51.14896687560763
30424;-94.4402824091467;((x * pow2(_a5_)) * (_a5_ + ((x * ((_a7_ * _a3_) + (x + x))) * _a7_)));{'d0': {'_a3_': 1.0834297124020569, '_a5_': 1.2108132420330664, '_a7_': 1.1516380036258262, '_a0_': 1.0, '_a1_': 1.0, '_a2_': 1.0, '_a4_': 1.0, '_a6_': 1.0}};{'d0': 0.02490583291941668};-280.569866449043;45.84465081537503
30425;-94.4402824091467;((x * pow2(_a5_)) * (_a5_ + ((x * ((_a7_ * _a3_) + (x + x))) * _a7_)));{'d0': {'_a3_': 1.0834297124020569, '_a5_': 1.2108132420330664, '_a7_': 1.1516380036258262, '_a0_': 1.0, '_a1_': 1.0, '_a2_': 1.0, '_a4_': 1.0, '_a6_': 1.0}};{'d0': 0.02490583291941668};-280.569866449043;45.84465081537503
30426;-99.4619796209257;((x * pow2(_a5_)) * (_a5_ + ((x * (_a2_ + (x + x))) * _a7_)));{'d0': {'_a2_': 1.24771883108391, '_a5_': 1.2108132420263487, '_a7_': 1.1516380037515324, '_a0_': 1.0, '_a1_': 1.0, '_a3_': 1.0, '_a4_': 1.0, '_a6_': 1.0}};{'d0': 0.024905832919416646};-280.569866449044;40.822953603596034
30427;-99.4619796209257;((x * pow2(_a5_)) * (_a5_ + ((x * (_a2_ + (x + x))) * _a7_)));{'d0': {'_a2_': 1.24771883108391, '_a5_': 1.2108132420263487, '_a7_': 1.1516380037515324, '_a0_': 1.0, '_a1_': 1.0, '_a3_': 1.0, '_a4_': 1.0, '_a6_': 1.0}};{'d0': 0.024905832919416646};-280.569866449044;40.822953603596034
30428;-99.4619796209257;((x * pow2(_a5_)) * (_a5_ + ((x * (_a2_ + (x + x))) * _a7_)));{'d0': {'_a2_': 1.24771883108391, '_a5_': 1.2108132420263487, '_a7_': 1.1516380037515324, '_a0_': 1.0, '_a1_': 1.0, '_a3_': 1.0, '_a4_': 1.0, '_a6_': 1.0}};{'d0': 0.024905832919416646};-280.569866449044;40.822953603596034
30429;-99.4619796209257;((x * pow2(_a5_)) * (_a5_ + ((x * (_a2_ + (x + x))) * _a7_)));{'d0': {'_a2_': 1.24771883108391, '_a5_': 1.2108132420263487, '_a7_': 1.1516380037515324, '_a0_': 1.0, '_a1_': 1.0, '_a3_': 1.0, '_a4_': 1.0, '_a6_': 1.0}};{'d0': 0.024905832919416646};-280.569866449044;40.822953603596034
30430;-86.8958175381456;(((-(((_a5_ + _a1_) * (x + _a0_))) * x) + ((x * _a5_) + (_a1_ ** _a5_))) * x);{'d0': {'_a0_': 1.882599303677371, '_a1_': 0.8737027321316727, '_a5_': -4.2504636109946565, '_a2_': 1.0, '_a3_': 1.0, '_a4_': 1.0, '_a6_': 1.0, '_a7_': 1.0}};{'d0': 0.024905832919416723};-280.569866449043;53.389115686376456
30431;-86.8958175381456;(((-(((_a5_ + _a1_) * (x + _a0_))) * x) + ((x * _a5_) + (_a1_ ** _a5_))) * x);{'d0': {'_a0_': 1.882599303677371, '_a1_': 0.8737027321316727, '_a5_': -4.2504636109946565, '_a2_': 1.0, '_a3_': 1.0, '_a4_': 1.0, '_a6_': 1.0, '_a7_': 1.0}};{'d0': 0.024905832919416723};-280.569866449043;53.389115686376456
30432;-86.8958175381456;(((-(((_a5_ + _a1_) * (x + _a0_))) * x) + ((x * _a5_) + (_a1_ ** _a5_))) * x);{'d0': {'_a0_': 1.882599303677371, '_a1_': 0.8737027321316727, '_a5_': -4.2504636109946565, '_a2_': 1.0, '_a3_': 1.0, '_a4_': 1.0, '_a6_': 1.0, '_a7_': 1.0}};{'d0': 0.024905832919416723};-280.569866449043;53.389115686376456
30433;-86.8958175381456;(((-(((_a5_ + _a1_) * (x + _a0_))) * x) + ((x * _a5_) + (_a1_ ** _a5_))) * x);{'d0': {'_a0_': 1.882599303677371, '_a1_': 0.8737027321316727, '_a5_': -4.2504636109946565, '_a2_': 1.0, '_a3_': 1.0, '_a4_': 1.0, '_a6_': 1.0, '_a7_': 1.0}};{'d0': 0.024905832919416723};-280.569866449043;53.389115686376456
30434;-86.8958175381456;(((-(((_a5_ + _a1_) * (x + _a0_))) * x) + ((x * _a5_) + (_a1_ ** _a5_))) * x);{'d0': {'_a0_': 1.882599303677371, '_a1_': 0.8737027321316727, '_a5_': -4.2504636109946565, '_a2_': 1.0, '_a3_': 1.0, '_a4_': 1.0, '_a6_': 1.0, '_a7_': 1.0}};{'d0': 0.024905832919416723};-280.569866449043;53.389115686376456
30435;-86.8958175381456;(((-(((_a5_ + _a1_) * (x + _a0_))) * x) + ((x * _a5_) + (_a1_ ** _a5_))) * x);{'d0': {'_a0_': 1.882599303677371, '_a1_': 0.8737027321316727, '_a5_': -4.2504636109946565, '_a2_': 1.0, '_a3_': 1.0, '_a4_': 1.0, '_a6_': 1.0, '_a7_': 1.0}};{'d0': 0.024905832919416723};-280.569866449043;53.389115686376456
30436;-86.8958175381456;(((-(((_a5_ + _a1_) * (x + _a0_))) * x) + ((x * _a5_) + (_a1_ ** _a5_))) * x);{'d0': {'_a0_': 1.882599303677371, '_a1_': 0.8737027321316727, '_a5_': -4.2504636109946565, '_a2_': 1.0, '_a3_': 1.0, '_a4_': 1.0, '_a6_': 1.0, '_a7_': 1.0}};{'d0': 0.024905832919416723};-280.569866449043;53.389115686376456
30437;-86.8958175381456;(((-(((_a5_ + _a1_) * (x + _a0_))) * x) + ((x * _a5_) + (_a1_ ** _a5_))) * x);{'d0': {'_a0_': 1.882599303677371, '_a1_': 0.8737027321316727, '_a5_': -4.2504636109946565, '_a2_': 1.0, '_a3_': 1.0, '_a4_': 1.0, '_a6_': 1.0, '_a7_': 1.0}};{'d0': 0.024905832919416723};-280.569866449043;53.389115686376456
30438;-91.5121936027539;(((-(((_a5_ + _a1_) * (x + _a0_))) * x) + ((x * _a5_) + _a4_)) * x);{'d0': {'_a0_': 129.45064848372462, '_a1_': 431.6404949061493, '_a4_': 1.7751354113888707, '_a5_': -435.0172557390024, '_a2_': 1.0, '_a3_': 1.0, '_a6_': 1.0, '_a7_': 1.0}};{'d0': 0.02490583291973267};-276.475521886060;46.725567340276456
30439;-91.5121936027539;(((-(((_a5_ + _a1_) * (x + _a0_))) * x) + ((x * _a5_) + _a4_)) * x);{'d0': {'_a0_': 129.45064848372462, '_a1_': 431.6404949061493, '_a4_': 1.7751354113888707, '_a5_': -435.0172557390024, '_a2_': 1.0, '_a3_': 1.0, '_a6_': 1.0, '_a7_': 1.0}};{'d0': 0.02490583291973267};-276.475521886060;46.725567340276456
30440;-91.5121936027539;(((-(((_a5_ + _a1_) * (x + _a0_))) * x) + ((x * _a5_) + _a4_)) * x);{'d0': {'_a0_': 129.45064848372462, '_a1_': 431.6404949061493, '_a4_': 1.7751354113888707, '_a5_': -435.0172557390024, '_a2_': 1.0, '_a3_': 1.0, '_a6_': 1.0, '_a7_': 1.0}};{'d0': 0.02490583291973267};-276.475521886060;46.725567340276456
30441;-85.5915925533277;(((-(((_a5_ + _a1_) * (x + (x + _a3_)))) * x) + ((x * _a5_) + _a4_)) * x);{'d0': {'_a1_': 558.860811044046, '_a3_': 333.25177628602665, '_a4_': 1.7751353584565306, '_a5_': -560.5491915885616, '_a0_': 1.0, '_a2_': 1.0, '_a6_': 1.0, '_a7_': 1.0}};{'d0': 0.02490583292006163};-276.475521885268;52.64616838930645
30442;-85.5915925533277;(((-(((_a5_ + _a1_) * (x + (x + _a3_)))) * x) + ((x * _a5_) + _a4_)) * x);{'d0': {'_a1_': 558.860811044046, '_a3_': 333.25177628602665, '_a4_': 1.7751353584565306, '_a5_': -560.5491915885616, '_a0_': 1.0, '_a2_': 1.0, '_a6_': 1.0, '_a7_': 1.0}};{'d0': 0.02490583292006163};-276.475521885268;52.64616838930645
30443;-85.5915925533277;(((-(((_a5_ + _a1_) * (x + (x + _a3_)))) * x) + ((x * _a5_) + _a4_)) * x);{'d0': {'_a1_': 558.860811044046, '_a3_': 333.25177628602665, '_a4_': 1.7751353584565306, '_a5_': -560.5491915885616, '_a0_': 1.0, '_a2_': 1.0, '_a6_': 1.0, '_a7_': 1.0}};{'d0': 0.02490583292006163};-276.475521885268;52.64616838930645
30444;-106.651973435152;((pow2(x) + -(((_a6_ + x) * _a4_))) * (_a7_ * x));{'d0': {'_a4_': -0.6238594158275598, '_a6_': 0.842644604120984, '_a7_': 3.3767608787971186, '_a0_': 1.0, '_a1_': 1.0, '_a2_': 1.0, '_a3_': 1.0, '_a5_': 1.0}};{'d0': 0.024905832919416615};-280.569866449044;33.632959789369515
30445;-106.651973435152;((pow2(x) + -(((_a6_ + x) * _a4_))) * (_a7_ * x));{'d0': {'_a4_': -0.6238594158275598, '_a6_': 0.842644604120984, '_a7_': 3.3767608787971186, '_a0_': 1.0, '_a1_': 1.0, '_a2_': 1.0, '_a3_': 1.0, '_a5_': 1.0}};{'d0': 0.024905832919416615};-280.569866449044;33.632959789369515
30446;-106.651973435152;((pow2(x) + -(((_a6_ + x) * _a4_))) * (_a7_ * x));{'d0': {'_a4_': -0.6238594158275598, '_a6_': 0.842644604120984, '_a7_': 3.3767608787971186, '_a0_': 1.0, '_a1_': 1.0, '_a2_': 1.0, '_a3_': 1.0, '_a5_': 1.0}};{'d0': 0.024905832919416615};-280.569866449044;33.632959789369515
30447;-106.651973435152;((pow2(x) + -(((_a6_ + x) * _a4_))) * (_a7_ * x));{'d0': {'_a4_': -0.6238594158275598, '_a6_': 0.842644604120984, '_a7_': 3.3767608787971186, '_a0_': 1.0, '_a1_': 1.0, '_a2_': 1.0, '_a3_': 1.0, '_a5_': 1.0}};{'d0': 0.024905832919416615};-280.569866449044;33.632959789369515
30448;-106.651973435152;((pow2(x) + -(((_a6_ + x) * _a4_))) * (_a7_ * x));{'d0': {'_a4_': -0.6238594158275598, '_a6_': 0.842644604120984, '_a7_': 3.3767608787971186, '_a0_': 1.0, '_a1_': 1.0, '_a2_': 1.0, '_a3_': 1.0, '_a5_': 1.0}};{'d0': 0.024905832919416615};-280.569866449044;33.632959789369515
30449;-106.651973435152;((pow2(x) + -(((_a6_ + x) * _a4_))) * (_a7_ * x));{'d0': {'_a4_': -0.6238594158275598, '_a6_': 0.842644604120984, '_a7_': 3.3767608787971186, '_a0_': 1.0, '_a1_': 1.0, '_a2_': 1.0, '_a3_': 1.0, '_a5_': 1.0}};{'d0': 0.024905832919416615};-280.569866449044;33.632959789369515
30450;-106.651973435152;((pow2(x) + -(((_a6_ + x) * _a4_))) * (_a7_ * x));{'d0': {'_a4_': -0.6238594158275598, '_a6_': 0.842644604120984, '_a7_': 3.3767608787971186, '_a0_': 1.0, '_a1_': 1.0, '_a2_': 1.0, '_a3_': 1.0, '_a5_': 1.0}};{'d0': 0.024905832919416615};-280.569866449044;33.632959789369515
30451;-106.651973435152;((pow2(x) + -(((_a6_ + x) * _a4_))) * (_a7_ * x));{'d0': {'_a4_': -0.6238594158275598, '_a6_': 0.842644604120984, '_a7_': 3.3767608787971186, '_a0_': 1.0, '_a1_': 1.0, '_a2_': 1.0, '_a3_': 1.0, '_a5_': 1.0}};{'d0': 0.024905832919416615};-280.569866449044;33.632959789369515
30452;-106.651973435152;((pow2(x) + -(((_a6_ + x) * _a4_))) * (_a7_ * x));{'d0': {'_a4_': -0.6238594158275598, '_a6_': 0.842644604120984, '_a7_': 3.3767608787971186, '_a0_': 1.0, '_a1_': 1.0, '_a2_': 1.0, '_a3_': 1.0, '_a5_': 1.0}};{'d0': 0.024905832919416615};-280.569866449044;33.632959789369515
30453;-106.651973435152;((pow2(x) + -(((_a6_ + x) * _a4_))) * (_a7_ * x));{'d0': {'_a4_': -0.6238594158275598, '_a6_': 0.842644604120984, '_a7_': 3.3767608787971186, '_a0_': 1.0, '_a1_': 1.0, '_a2_': 1.0, '_a3_': 1.0, '_a5_': 1.0}};{'d0': 0.024905832919416615};-280.569866449044;33.632959789369515
30454;-106.651973435152;((pow2(x) + -(((_a6_ + x) * _a4_))) * (_a7_ * x));{'d0': {'_a4_': -0.6238594158275598, '_a6_': 0.842644604120984, '_a7_': 3.3767608787971186, '_a0_': 1.0, '_a1_': 1.0, '_a2_': 1.0, '_a3_': 1.0, '_a5_': 1.0}};{'d0': 0.024905832919416615};-280.569866449044;33.632959789369515
30455;-106.651973435152;((pow2(x) + -(((_a6_ + x) * _a4_))) * (_a7_ * x));{'d0': {'_a4_': -0.6238594158275598, '_a6_': 0.842644604120984, '_a7_': 3.3767608787971186, '_a0_': 1.0, '_a1_': 1.0, '_a2_': 1.0, '_a3_': 1.0, '_a5_': 1.0}};{'d0': 0.024905832919416615};-280.569866449044;33.632959789369515
30456;-93.5593658842456;(((-(((_a5_ + _a1_) * (x + _a5_))) * x) + ((x * _a4_) + _a4_)) * x);{'d0': {'_a1_': -3.474928526032267, '_a4_': 1.7751354042787455, '_a5_': 0.09816764567462123, '_a0_': 1.0, '_a2_': 1.0, '_a3_': 1.0, '_a6_': 1.0, '_a7_': 1.0}};{'d0': 0.024905832919416677};-280.569866449043;46.725567340276456
30457;-93.5593658842456;(((-(((_a5_ + _a1_) * (x + _a5_))) * x) + ((x * _a4_) + _a4_)) * x);{'d0': {'_a1_': -3.474928526032267, '_a4_': 1.7751354042787455, '_a5_': 0.09816764567462123, '_a0_': 1.0, '_a2_': 1.0, '_a3_': 1.0, '_a6_': 1.0, '_a7_': 1.0}};{'d0': 0.024905832919416677};-280.569866449043;46.725567340276456
30458;-93.5593658842456;(((-(((_a5_ + _a1_) * (x + _a5_))) * x) + ((x * _a4_) + _a4_)) * x);{'d0': {'_a1_': -3.474928526032267, '_a4_': 1.7751354042787455, '_a5_': 0.09816764567462123, '_a0_': 1.0, '_a2_': 1.0, '_a3_': 1.0, '_a6_': 1.0, '_a7_': 1.0}};{'d0': 0.024905832919416677};-280.569866449043;46.725567340276456
30459;-93.5593658842456;(((-(((_a5_ + _a1_) * (x + _a5_))) * x) + ((x * _a4_) + _a4_)) * x);{'d0': {'_a1_': -3.474928526032267, '_a4_': 1.7751354042787455, '_a5_': 0.09816764567462123, '_a0_': 1.0, '_a2_': 1.0, '_a3_': 1.0, '_a6_': 1.0, '_a7_': 1.0}};{'d0': 0.024905832919416677};-280.569866449043;46.725567340276456
30460;-91.5121936027230;(((-(((_a5_ + _a1_) * (x + _a5_))) * x) + ((x * _a4_) + _a0_)) * x);{'d0': {'_a0_': 1.7751353975115431, '_a1_': -72.29776521428967, '_a4_': -230.6231296220056, '_a5_': 68.92100429968681, '_a2_': 1.0, '_a3_': 1.0, '_a6_': 1.0, '_a7_': 1.0}};{'d0': 0.02490583291975836};-276.475521885998;46.725567340276456
30461;-91.5121936027230;(((-(((_a5_ + _a1_) * (x + _a5_))) * x) + ((x * _a4_) + _a0_)) * x);{'d0': {'_a0_': 1.7751353975115431, '_a1_': -72.29776521428967, '_a4_': -230.6231296220056, '_a5_': 68.92100429968681, '_a2_': 1.0, '_a3_': 1.0, '_a6_': 1.0, '_a7_': 1.0}};{'d0': 0.02490583291975836};-276.475521885998;46.725567340276456
30462;-91.5121936027230;(((-(((_a5_ + _a1_) * (x + _a5_))) * x) + ((x * _a4_) + _a0_)) * x);{'d0': {'_a0_': 1.7751353975115431, '_a1_': -72.29776521428967, '_a4_': -230.6231296220056, '_a5_': 68.92100429968681, '_a2_': 1.0, '_a3_': 1.0, '_a6_': 1.0, '_a7_': 1.0}};{'d0': 0.02490583291975836};-276.475521885998;46.725567340276456
30463;-91.5121936027230;(((-(((_a5_ + _a1_) * (x + _a5_))) * x) + ((x * _a4_) + _a0_)) * x);{'d0': {'_a0_': 1.7751353975115431, '_a1_': -72.29776521428967, '_a4_': -230.6231296220056, '_a5_': 68.92100429968681, '_a2_': 1.0, '_a3_': 1.0, '_a6_': 1.0, '_a7_': 1.0}};{'d0': 0.02490583291975836};-276.475521885998;46.725567340276456
30464;-91.5121936027230;(((-(((_a5_ + _a1_) * (x + _a5_))) * x) + ((x * _a4_) + _a0_)) * x);{'d0': {'_a0_': 1.7751353975115431, '_a1_': -72.29776521428967, '_a4_': -230.6231296220056, '_a5_': 68.92100429968681, '_a2_': 1.0, '_a3_': 1.0, '_a6_': 1.0, '_a7_': 1.0}};{'d0': 0.02490583291975836};-276.475521885998;46.725567340276456
30465;-91.5121936027230;(((-(((_a5_ + _a1_) * (x + _a5_))) * x) + ((x * _a4_) + _a0_)) * x);{'d0': {'_a0_': 1.7751353975115431, '_a1_': -72.29776521428967, '_a4_': -230.6231296220056, '_a5_': 68.92100429968681, '_a2_': 1.0, '_a3_': 1.0, '_a6_': 1.0, '_a7_': 1.0}};{'d0': 0.02490583291975836};-276.475521885998;46.725567340276456
30466;-91.5121936027230;(((-(((_a5_ + _a1_) * (x + _a5_))) * x) + ((x * _a4_) + _a0_)) * x);{'d0': {'_a0_': 1.7751353975115431, '_a1_': -72.29776521428967, '_a4_': -230.6231296220056, '_a5_': 68.92100429968681, '_a2_': 1.0, '_a3_': 1.0, '_a6_': 1.0, '_a7_': 1.0}};{'d0': 0.02490583291975836};-276.475521885998;46.725567340276456
30467;-93.1426376750427;(((-(((_a5_ + _a1_) * (x + _a5_))) * x) + (exp(_a0_) + _a0_)) * x);{'d0': {'_a0_': 0.3525065010003155, '_a1_': -4.000620291693468, '_a5_': 0.6238594157334153, '_a2_': 1.0, '_a3_': 1.0, '_a4_': 1.0, '_a6_': 1.0, '_a7_': 1.0}};{'d0': 0.02490583291941662};-280.569866449044;47.142295549479456
30468;-93.1426376750427;(((-(((_a5_ + _a1_) * (x + _a5_))) * x) + (exp(_a0_) + _a0_)) * x);{'d0': {'_a0_': 0.3525065010003155, '_a1_': -4.000620291693468, '_a5_': 0.6238594157334153, '_a2_': 1.0, '_a3_': 1.0, '_a4_': 1.0, '_a6_': 1.0, '_a7_': 1.0}};{'d0': 0.02490583291941662};-280.569866449044;47.142295549479456
30469;-93.1426376750427;(((-(((_a5_ + _a1_) * (x + _a5_))) * x) + (exp(_a0_) + _a0_)) * x);{'d0': {'_a0_': 0.3525065010003155, '_a1_': -4.000620291693468, '_a5_': 0.6238594157334153, '_a2_': 1.0, '_a3_': 1.0, '_a4_': 1.0, '_a6_': 1.0, '_a7_': 1.0}};{'d0': 0.02490583291941662};-280.569866449044;47.142295549479456
30470;-93.1426376750427;(((-(((_a5_ + _a1_) * (x + _a5_))) * x) + (exp(_a0_) + _a0_)) * x);{'d0': {'_a0_': 0.3525065010003155, '_a1_': -4.000620291693468, '_a5_': 0.6238594157334153, '_a2_': 1.0, '_a3_': 1.0, '_a4_': 1.0, '_a6_': 1.0, '_a7_': 1.0}};{'d0': 0.02490583291941662};-280.569866449044;47.142295549479456
30471;-94.1138987986156;(((-(((_a5_ + _a1_) * (x + _a5_))) * x) + (exp(_a0_) * _a0_)) * x);{'d0': {'_a0_': 0.7986762781992918, '_a1_': -4.000620292961518, '_a5_': 0.6238594155447216, '_a2_': 1.0, '_a3_': 1.0, '_a4_': 1.0, '_a6_': 1.0, '_a7_': 1.0}};{'d0': 0.02490583291941663};-280.569866449044;46.171034425906456
30472;-94.1138987986156;(((-(((_a5_ + _a1_) * (x + _a5_))) * x) + (exp(_a0_) * _a0_)) * x);{'d0': {'_a0_': 0.7986762781992918, '_a1_': -4.000620292961518, '_a5_': 0.6238594155447216, '_a2_': 1.0, '_a3_': 1.0, '_a4_': 1.0, '_a6_': 1.0, '_a7_': 1.0}};{'d0': 0.02490583291941663};-280.569866449044;46.171034425906456
30473;-94.1138987986156;(((-(((_a5_ + _a1_) * (x + _a5_))) * x) + (exp(_a0_) * _a0_)) * x);{'d0': {'_a0_': 0.7986762781992918, '_a1_': -4.000620292961518, '_a5_': 0.6238594155447216, '_a2_': 1.0, '_a3_': 1.0, '_a4_': 1.0, '_a6_': 1.0, '_a7_': 1.0}};{'d0': 0.02490583291941663};-280.569866449044;46.171034425906456
30474;-94.1138987986156;(((-(((_a5_ + _a1_) * (x + _a5_))) * x) + (exp(_a0_) * _a0_)) * x);{'d0': {'_a0_': 0.7986762781992918, '_a1_': -4.000620292961518, '_a5_': 0.6238594155447216, '_a2_': 1.0, '_a3_': 1.0, '_a4_': 1.0, '_a6_': 1.0, '_a7_': 1.0}};{'d0': 0.02490583291941663};-280.569866449044;46.171034425906456
30475;-94.1138987986156;(((-(((_a5_ + _a1_) * (x + _a5_))) * x) + (exp(_a0_) * _a0_)) * x);{'d0': {'_a0_': 0.7986762781992918, '_a1_': -4.000620292961518, '_a5_': 0.6238594155447216, '_a2_': 1.0, '_a3_': 1.0, '_a4_': 1.0, '_a6_': 1.0, '_a7_': 1.0}};{'d0': 0.02490583291941663};-280.569866449044;46.171034425906456
30476;-94.1138987986156;(((-(((_a5_ + _a1_) * (x + _a5_))) * x) + (exp(_a0_) * _a0_)) * x);{'d0': {'_a0_': 0.7986762781992918, '_a1_': -4.000620292961518, '_a5_': 0.6238594155447216, '_a2_': 1.0, '_a3_': 1.0, '_a4_': 1.0, '_a6_': 1.0, '_a7_': 1.0}};{'d0': 0.02490583291941663};-280.569866449044;46.171034425906456
30477;-94.1138987986156;(((-(((_a5_ + _a1_) * (x + _a5_))) * x) + (exp(_a0_) * _a0_)) * x);{'d0': {'_a0_': 0.7986762781992918, '_a1_': -4.000620292961518, '_a5_': 0.6238594155447216, '_a2_': 1.0, '_a3_': 1.0, '_a4_': 1.0, '_a6_': 1.0, '_a7_': 1.0}};{'d0': 0.02490583291941663};-280.569866449044;46.171034425906456
30478;-94.1138987986156;(((-(((_a5_ + _a1_) * (x + _a5_))) * x) + (exp(_a0_) * _a0_)) * x);{'d0': {'_a0_': 0.7986762781992918, '_a1_': -4.000620292961518, '_a5_': 0.6238594155447216, '_a2_': 1.0, '_a3_': 1.0, '_a4_': 1.0, '_a6_': 1.0, '_a7_': 1.0}};{'d0': 0.02490583291941663};-280.569866449044;46.171034425906456
30479;-94.1138987986156;(((-(((_a5_ + _a1_) * (x + _a5_))) * x) + (exp(_a0_) * _a0_)) * x);{'d0': {'_a0_': 0.7986762781992918, '_a1_': -4.000620292961518, '_a5_': 0.6238594155447216, '_a2_': 1.0, '_a3_': 1.0, '_a4_': 1.0, '_a6_': 1.0, '_a7_': 1.0}};{'d0': 0.02490583291941663};-280.569866449044;46.171034425906456
30480;-94.1138987986156;(((-(((_a5_ + _a1_) * (x + _a5_))) * x) + (exp(_a0_) * _a0_)) * x);{'d0': {'_a0_': 0.7986762781992918, '_a1_': -4.000620292961518, '_a5_': 0.6238594155447216, '_a2_': 1.0, '_a3_': 1.0, '_a4_': 1.0, '_a6_': 1.0, '_a7_': 1.0}};{'d0': 0.02490583291941663};-280.569866449044;46.171034425906456
30481;-94.1138987986156;(((-(((_a5_ + _a1_) * (x + _a5_))) * x) + (exp(_a0_) * _a0_)) * x);{'d0': {'_a0_': 0.7986762781992918, '_a1_': -4.000620292961518, '_a5_': 0.6238594155447216, '_a2_': 1.0, '_a3_': 1.0, '_a4_': 1.0, '_a6_': 1.0, '_a7_': 1.0}};{'d0': 0.02490583291941663};-280.569866449044;46.171034425906456
30482;-94.1138987986156;(((-(((_a5_ + _a1_) * (x + _a5_))) * x) + (exp(_a0_) * _a0_)) * x);{'d0': {'_a0_': 0.7986762781992918, '_a1_': -4.000620292961518, '_a5_': 0.6238594155447216, '_a2_': 1.0, '_a3_': 1.0, '_a4_': 1.0, '_a6_': 1.0, '_a7_': 1.0}};{'d0': 0.02490583291941663};-280.569866449044;46.171034425906456
30483;-100.034499847646;(((-((_a6_ * (x + _a5_))) * x) + (exp(_a0_) * _a0_)) * x);{'d0': {'_a0_': 0.7986762782480836, '_a5_': 0.6238594156595828, '_a6_': -3.3767608777067575, '_a1_': 1.0, '_a2_': 1.0, '_a3_': 1.0, '_a4_': 1.0, '_a7_': 1.0}};{'d0': 0.02490583291941662};-280.569866449044;40.25043337687646
30484;-100.034499847646;(((-((_a6_ * (x + _a5_))) * x) + (exp(_a0_) * _a0_)) * x);{'d0': {'_a0_': 0.7986762782480836, '_a5_': 0.6238594156595828, '_a6_': -3.3767608777067575, '_a1_': 1.0, '_a2_': 1.0, '_a3_': 1.0, '_a4_': 1.0, '_a7_': 1.0}};{'d0': 0.02490583291941662};-280.569866449044;40.25043337687646
30485;-100.034499847646;(((-((_a6_ * (x + _a5_))) * x) + (exp(_a0_) * _a0_)) * x);{'d0': {'_a0_': 0.7986762782480836, '_a5_': 0.6238594156595828, '_a6_': -3.3767608777067575, '_a1_': 1.0, '_a2_': 1.0, '_a3_': 1.0, '_a4_': 1.0, '_a7_': 1.0}};{'d0': 0.02490583291941662};-280.569866449044;40.25043337687646
30486;-92.7721487470968;((x * exp(_a5_)) * (_a5_ + ((x * (_a2_ + (x + (_a2_ * x)))) * _a3_)));{'d0': {'_a2_': 1.6585804384426521, '_a3_': 0.5714652176187069, '_a5_': 0.7986762781982739, '_a0_': 1.0, '_a1_': 1.0, '_a4_': 1.0, '_a6_': 1.0, '_a7_': 1.0}};{'d0': 0.02490583291941661};-280.569866449044;47.51278447742503
30487;-89.4274962541599;((x * (_a6_ ** _a6_)) * (_a5_ + ((x * (_a2_ + (x + (_a2_ * x)))) * _a3_)));{'d0': {'_a2_': 1.6585804419171928, '_a3_': 0.6875718588546256, '_a5_': 0.9609462085720241, '_a6_': 1.503920914306426, '_a0_': 1.0, '_a1_': 1.0, '_a4_': 1.0, '_a7_': 1.0}};{'d0': 0.02490583291973695};-276.475521886050;48.81026468886503
30488;-89.4274962541599;((x * (_a6_ ** _a6_)) * (_a5_ + ((x * (_a2_ + (x + (_a2_ * x)))) * _a3_)));{'d0': {'_a2_': 1.6585804419171928, '_a3_': 0.6875718588546256, '_a5_': 0.9609462085720241, '_a6_': 1.503920914306426, '_a0_': 1.0, '_a1_': 1.0, '_a4_': 1.0, '_a7_': 1.0}};{'d0': 0.02490583291973695};-276.475521886050;48.81026468886503
30489;-89.4274962541599;((x * (_a6_ ** _a6_)) * (_a5_ + ((x * (_a2_ + (x + (_a2_ * x)))) * _a3_)));{'d0': {'_a2_': 1.6585804419171928, '_a3_': 0.6875718588546256, '_a5_': 0.9609462085720241, '_a6_': 1.503920914306426, '_a0_': 1.0, '_a1_': 1.0, '_a4_': 1.0, '_a7_': 1.0}};{'d0': 0.02490583291973695};-276.475521886050;48.81026468886503
30490;-85.7295617818374;((x * (_a6_ ** _a6_)) * (_a5_ + ((x * (_a2_ + (x + (_a2_ * x)))) * pow2(_a0_))));{'d0': {'_a0_': 0.758264375975702, '_a2_': 1.6585804400890463, '_a5_': 0.8035673420103658, '_a6_': 1.627436155294792, '_a1_': 1.0, '_a3_': 1.0, '_a4_': 1.0, '_a7_': 1.0}};{'d0': 0.02490583291949821};-276.475521886625;52.508199161475034
30491;-85.7295617818374;((x * (_a6_ ** _a6_)) * (_a5_ + ((x * (_a2_ + (x + (_a2_ * x)))) * pow2(_a0_))));{'d0': {'_a0_': 0.758264375975702, '_a2_': 1.6585804400890463, '_a5_': 0.8035673420103658, '_a6_': 1.627436155294792, '_a1_': 1.0, '_a3_': 1.0, '_a4_': 1.0, '_a7_': 1.0}};{'d0': 0.02490583291949821};-276.475521886625;52.508199161475034
30492;-85.7295617818374;((x * (_a6_ ** _a6_)) * (_a5_ + ((x * (_a2_ + (x + (_a2_ * x)))) * pow2(_a0_))));{'d0': {'_a0_': 0.758264375975702, '_a2_': 1.6585804400890463, '_a5_': 0.8035673420103658, '_a6_': 1.627436155294792, '_a1_': 1.0, '_a3_': 1.0, '_a4_': 1.0, '_a7_': 1.0}};{'d0': 0.02490583291949821};-276.475521886625;52.508199161475034
30493;-85.7295617818374;((x * (_a6_ ** _a6_)) * (_a5_ + ((x * (_a2_ + (x + (_a2_ * x)))) * pow2(_a0_))));{'d0': {'_a0_': 0.758264375975702, '_a2_': 1.6585804400890463, '_a5_': 0.8035673420103658, '_a6_': 1.627436155294792, '_a1_': 1.0, '_a3_': 1.0, '_a4_': 1.0, '_a7_': 1.0}};{'d0': 0.02490583291949821};-276.475521886625;52.508199161475034
30494;-85.7295617818374;((x * (_a6_ ** _a6_)) * (_a5_ + ((x * (_a2_ + (x + (_a2_ * x)))) * pow2(_a0_))));{'d0': {'_a0_': 0.758264375975702, '_a2_': 1.6585804400890463, '_a5_': 0.8035673420103658, '_a6_': 1.627436155294792, '_a1_': 1.0, '_a3_': 1.0, '_a4_': 1.0, '_a7_': 1.0}};{'d0': 0.02490583291949821};-276.475521886625;52.508199161475034
30495;-85.7295617818374;((x * (_a6_ ** _a6_)) * (_a5_ + ((x * (_a2_ + (x + (_a2_ * x)))) * pow2(_a0_))));{'d0': {'_a0_': 0.758264375975702, '_a2_': 1.6585804400890463, '_a5_': 0.8035673420103658, '_a6_': 1.627436155294792, '_a1_': 1.0, '_a3_': 1.0, '_a4_': 1.0, '_a7_': 1.0}};{'d0': 0.02490583291949821};-276.475521886625;52.508199161475034
30496;-85.7295617818374;((x * (_a6_ ** _a6_)) * (_a5_ + ((x * (_a2_ + (x + (_a2_ * x)))) * pow2(_a0_))));{'d0': {'_a0_': 0.758264375975702, '_a2_': 1.6585804400890463, '_a5_': 0.8035673420103658, '_a6_': 1.627436155294792, '_a1_': 1.0, '_a3_': 1.0, '_a4_': 1.0, '_a7_': 1.0}};{'d0': 0.02490583291949821};-276.475521886625;52.508199161475034
30497;-85.7295617818374;((x * (_a6_ ** _a6_)) * (_a5_ + ((x * (_a2_ + (x + (_a2_ * x)))) * pow2(_a0_))));{'d0': {'_a0_': 0.758264375975702, '_a2_': 1.6585804400890463, '_a5_': 0.8035673420103658, '_a6_': 1.627436155294792, '_a1_': 1.0, '_a3_': 1.0, '_a4_': 1.0, '_a7_': 1.0}};{'d0': 0.02490583291949821};-276.475521886625;52.508199161475034
30498;-85.7295617818374;((x * (_a6_ ** _a6_)) * (_a5_ + ((x * (_a2_ + (x + (_a2_ * x)))) * pow2(_a0_))));{'d0': {'_a0_': 0.758264375975702, '_a2_': 1.6585804400890463, '_a5_': 0.8035673420103658, '_a6_': 1.627436155294792, '_a1_': 1.0, '_a3_': 1.0, '_a4_': 1.0, '_a7_': 1.0}};{'d0': 0.02490583291949821};-276.475521886625;52.508199161475034
30499;-85.7295617818374;((x * (_a6_ ** _a6_)) * (_a5_ + ((x * (_a2_ + (x + (_a2_ * x)))) * pow2(_a0_))));{'d0': {'_a0_': 0.758264375975702, '_a2_': 1.6585804400890463, '_a5_': 0.8035673420103658, '_a6_': 1.627436155294792, '_a1_': 1.0, '_a3_': 1.0, '_a4_': 1.0, '_a7_': 1.0}};{'d0': 0.02490583291949821};-276.475521886625;52.508199161475034
30500;-85.7295617818374;((x * (_a6_ ** _a6_)) * (_a5_ + ((x * (_a2_ + (x + (_a2_ * x)))) * pow2(_a0_))));{'d0': {'_a0_': 0.758264375975702, '_a2_': 1.6585804400890463, '_a5_': 0.8035673420103658, '_a6_': 1.627436155294792, '_a1_': 1.0, '_a3_': 1.0, '_a4_': 1.0, '_a7_': 1.0}};{'d0': 0.02490583291949821};-276.475521886625;52.508199161475034
30501;-85.7295617818374;((x * (_a6_ ** _a6_)) * (_a5_ + ((x * (_a2_ + (x + (_a2_ * x)))) * pow2(_a0_))));{'d0': {'_a0_': 0.758264375975702, '_a2_': 1.6585804400890463, '_a5_': 0.8035673420103658, '_a6_': 1.627436155294792, '_a1_': 1.0, '_a3_': 1.0, '_a4_': 1.0, '_a7_': 1.0}};{'d0': 0.02490583291949821};-276.475521886625;52.508199161475034
30502;-85.7295617818374;((x * (_a6_ ** _a6_)) * (_a5_ + ((x * (_a2_ + (x + (_a2_ * x)))) * pow2(_a0_))));{'d0': {'_a0_': 0.758264375975702, '_a2_': 1.6585804400890463, '_a5_': 0.8035673420103658, '_a6_': 1.627436155294792, '_a1_': 1.0, '_a3_': 1.0, '_a4_': 1.0, '_a7_': 1.0}};{'d0': 0.02490583291949821};-276.475521886625;52.508199161475034
30503;-85.7295617818374;((x * (_a6_ ** _a6_)) * (_a5_ + ((x * (_a2_ + (x + (_a2_ * x)))) * pow2(_a0_))));{'d0': {'_a0_': 0.758264375975702, '_a2_': 1.6585804400890463, '_a5_': 0.8035673420103658, '_a6_': 1.627436155294792, '_a1_': 1.0, '_a3_': 1.0, '_a4_': 1.0, '_a7_': 1.0}};{'d0': 0.02490583291949821};-276.475521886625;52.508199161475034
30504;-85.7295617818374;((x * (_a6_ ** _a6_)) * (_a5_ + ((x * (_a2_ + (x + (_a2_ * x)))) * pow2(_a0_))));{'d0': {'_a0_': 0.758264375975702, '_a2_': 1.6585804400890463, '_a5_': 0.8035673420103658, '_a6_': 1.627436155294792, '_a1_': 1.0, '_a3_': 1.0, '_a4_': 1.0, '_a7_': 1.0}};{'d0': 0.02490583291949821};-276.475521886625;52.508199161475034
30505;-85.7295617818374;((x * (_a6_ ** _a6_)) * (_a5_ + ((x * (_a2_ + (x + (_a2_ * x)))) * pow2(_a0_))));{'d0': {'_a0_': 0.758264375975702, '_a2_': 1.6585804400890463, '_a5_': 0.8035673420103658, '_a6_': 1.627436155294792, '_a1_': 1.0, '_a3_': 1.0, '_a4_': 1.0, '_a7_': 1.0}};{'d0': 0.02490583291949821};-276.475521886625;52.508199161475034
30506;-87.2990556295183;((x * (_a6_ * _a6_)) * (_a5_ + ((x * (_a2_ + (x + (_a2_ * x)))) * pow2(_a0_))));{'d0': {'_a0_': 0.6700453514818583, '_a2_': 1.6585804387300236, '_a5_': 0.6274648041604719, '_a6_': 1.6819808342160596, '_a1_': 1.0, '_a3_': 1.0, '_a4_': 1.0, '_a7_': 1.0}};{'d0': 0.02490583291976235};-276.475521885989;50.938705313476035
30507;-87.2990556298072;((x * (_a6_ * _a6_)) * (_a5_ + ((x * (_a2_ + (_a6_ + (_a2_ * x)))) * pow2(_a0_))));{'d0': {'_a0_': 1.1127769499450908, '_a2_': 2.681191820766853, '_a5_': 1.745320982181069, '_a6_': -1.0085050587022109, '_a1_': 1.0, '_a3_': 1.0, '_a4_': 1.0, '_a7_': 1.0}};{'d0': 0.02490583291952245};-276.475521886567;50.938705313476035
30508;-87.2990556298072;((x * (_a6_ * _a6_)) * (_a5_ + ((x * (_a2_ + (_a6_ + (_a2_ * x)))) * pow2(_a0_))));{'d0': {'_a0_': 1.1127769499450908, '_a2_': 2.681191820766853, '_a5_': 1.745320982181069, '_a6_': -1.0085050587022109, '_a1_': 1.0, '_a3_': 1.0, '_a4_': 1.0, '_a7_': 1.0}};{'d0': 0.02490583291952245};-276.475521886567;50.938705313476035
30509;-87.2990556298072;((x * (_a6_ * _a6_)) * (_a5_ + ((x * (_a2_ + (_a6_ + (_a2_ * x)))) * pow2(_a0_))));{'d0': {'_a0_': 1.1127769499450908, '_a2_': 2.681191820766853, '_a5_': 1.745320982181069, '_a6_': -1.0085050587022109, '_a1_': 1.0, '_a3_': 1.0, '_a4_': 1.0, '_a7_': 1.0}};{'d0': 0.02490583291952245};-276.475521886567;50.938705313476035
30510;-87.2990556298072;((x * (_a6_ * _a6_)) * (_a5_ + ((x * (_a2_ + (_a6_ + (_a2_ * x)))) * pow2(_a0_))));{'d0': {'_a0_': 1.1127769499450908, '_a2_': 2.681191820766853, '_a5_': 1.745320982181069, '_a6_': -1.0085050587022109, '_a1_': 1.0, '_a3_': 1.0, '_a4_': 1.0, '_a7_': 1.0}};{'d0': 0.02490583291952245};-276.475521886567;50.938705313476035
30511;-87.2990556298072;((x * (_a6_ * _a6_)) * (_a5_ + ((x * (_a2_ + (_a6_ + (_a2_ * x)))) * pow2(_a0_))));{'d0': {'_a0_': 1.1127769499450908, '_a2_': 2.681191820766853, '_a5_': 1.745320982181069, '_a6_': -1.0085050587022109, '_a1_': 1.0, '_a3_': 1.0, '_a4_': 1.0, '_a7_': 1.0}};{'d0': 0.02490583291952245};-276.475521886567;50.938705313476035
30512;-86.4725090737176;((x * (_a6_ * _a6_)) * (_a5_ + ((x * (_a2_ + (_a6_ + (_a2_ + x)))) * pow2(_a0_))));{'d0': {'_a0_': 1.6526666590156978, '_a2_': 0.8678785840391509, '_a5_': 1.4358255414630072, '_a6_': -1.1118977525083498, '_a1_': 1.0, '_a3_': 1.0, '_a4_': 1.0, '_a7_': 1.0}};{'d0': 0.024905832923806773};-276.475521876245;51.76525186440504
30513;-86.4725090737176;((x * (_a6_ * _a6_)) * (_a5_ + ((x * (_a2_ + (_a6_ + (_a2_ + x)))) * pow2(_a0_))));{'d0': {'_a0_': 1.6526666590156978, '_a2_': 0.8678785840391509, '_a5_': 1.4358255414630072, '_a6_': -1.1118977525083498, '_a1_': 1.0, '_a3_': 1.0, '_a4_': 1.0, '_a7_': 1.0}};{'d0': 0.024905832923806773};-276.475521876245;51.76525186440504
30514;-86.4725090737176;((x * (_a6_ * _a6_)) * (_a5_ + ((x * (_a2_ + (_a6_ + (_a2_ + x)))) * pow2(_a0_))));{'d0': {'_a0_': 1.6526666590156978, '_a2_': 0.8678785840391509, '_a5_': 1.4358255414630072, '_a6_': -1.1118977525083498, '_a1_': 1.0, '_a3_': 1.0, '_a4_': 1.0, '_a7_': 1.0}};{'d0': 0.024905832923806773};-276.475521876245;51.76525186440504
30515;-86.4725090737176;((x * (_a6_ * _a6_)) * (_a5_ + ((x * (_a2_ + (_a6_ + (_a2_ + x)))) * pow2(_a0_))));{'d0': {'_a0_': 1.6526666590156978, '_a2_': 0.8678785840391509, '_a5_': 1.4358255414630072, '_a6_': -1.1118977525083498, '_a1_': 1.0, '_a3_': 1.0, '_a4_': 1.0, '_a7_': 1.0}};{'d0': 0.024905832923806773};-276.475521876245;51.76525186440504
30516;-86.4725090737176;((x * (_a6_ * _a6_)) * (_a5_ + ((x * (_a2_ + (_a6_ + (_a2_ + x)))) * pow2(_a0_))));{'d0': {'_a0_': 1.6526666590156978, '_a2_': 0.8678785840391509, '_a5_': 1.4358255414630072, '_a6_': -1.1118977525083498, '_a1_': 1.0, '_a3_': 1.0, '_a4_': 1.0, '_a7_': 1.0}};{'d0': 0.024905832923806773};-276.475521876245;51.76525186440504
30517;-86.4725090737144;((x * (_a6_ * _a6_)) * (_a5_ + ((x * (_a2_ + (_a5_ + (_a2_ + x)))) * pow2(_a0_))));{'d0': {'_a0_': 1.4602015471062626, '_a2_': -0.2485072358573635, '_a5_': 1.1208738871821629, '_a6_': -1.2584539082599822, '_a1_': 1.0, '_a3_': 1.0, '_a4_': 1.0, '_a7_': 1.0}};{'d0': 0.024905832923809445};-276.475521876239;51.76525186440504
30518;-86.4725090737144;((x * (_a6_ * _a6_)) * (_a5_ + ((x * (_a2_ + (_a5_ + (_a2_ + x)))) * pow2(_a0_))));{'d0': {'_a0_': 1.4602015471062626, '_a2_': -0.2485072358573635, '_a5_': 1.1208738871821629, '_a6_': -1.2584539082599822, '_a1_': 1.0, '_a3_': 1.0, '_a4_': 1.0, '_a7_': 1.0}};{'d0': 0.024905832923809445};-276.475521876239;51.76525186440504
30519;-86.4725090737144;((x * (_a6_ * _a6_)) * (_a5_ + ((x * (_a2_ + (_a5_ + (_a2_ + x)))) * pow2(_a0_))));{'d0': {'_a0_': 1.4602015471062626, '_a2_': -0.2485072358573635, '_a5_': 1.1208738871821629, '_a6_': -1.2584539082599822, '_a1_': 1.0, '_a3_': 1.0, '_a4_': 1.0, '_a7_': 1.0}};{'d0': 0.024905832923809445};-276.475521876239;51.76525186440504
30520;-86.4725090737144;((x * (_a6_ * _a6_)) * (_a5_ + ((x * (_a2_ + (_a5_ + (_a2_ + x)))) * pow2(_a0_))));{'d0': {'_a0_': 1.4602015471062626, '_a2_': -0.2485072358573635, '_a5_': 1.1208738871821629, '_a6_': -1.2584539082599822, '_a1_': 1.0, '_a3_': 1.0, '_a4_': 1.0, '_a7_': 1.0}};{'d0': 0.024905832923809445};-276.475521876239;51.76525186440504
30521;-86.4725090737144;((x * (_a6_ * _a6_)) * (_a5_ + ((x * (_a2_ + (_a5_ + (_a2_ + x)))) * pow2(_a0_))));{'d0': {'_a0_': 1.4602015471062626, '_a2_': -0.2485072358573635, '_a5_': 1.1208738871821629, '_a6_': -1.2584539082599822, '_a1_': 1.0, '_a3_': 1.0, '_a4_': 1.0, '_a7_': 1.0}};{'d0': 0.024905832923809445};-276.475521876239;51.76525186440504
30522;-86.4725090737144;((x * (_a6_ * _a6_)) * (_a5_ + ((x * (_a2_ + (_a5_ + (_a2_ + x)))) * pow2(_a0_))));{'d0': {'_a0_': 1.4602015471062626, '_a2_': -0.2485072358573635, '_a5_': 1.1208738871821629, '_a6_': -1.2584539082599822, '_a1_': 1.0, '_a3_': 1.0, '_a4_': 1.0, '_a7_': 1.0}};{'d0': 0.024905832923809445};-276.475521876239;51.76525186440504
30523;-86.4725090737176;((x * (_a6_ * _a6_)) * (_a5_ + ((x * (_a2_ + (_a6_ + (_a2_ + x)))) * pow2(_a0_))));{'d0': {'_a0_': 1.6526666590156978, '_a2_': 0.8678785840391509, '_a5_': 1.4358255414630072, '_a6_': -1.1118977525083498, '_a1_': 1.0, '_a3_': 1.0, '_a4_': 1.0, '_a7_': 1.0}};{'d0': 0.024905832923806773};-276.475521876245;51.76525186440504
30524;-87.2990556165465;((x * (_a6_ * _a6_)) * (_a5_ + ((x * (_a2_ * (_a6_ + (_a2_ + x)))) * pow2(_a0_))));{'d0': {'_a0_': 1.5783640970358785, '_a2_': 1.5569198238845017, '_a5_': 2.038974554708015, '_a6_': -0.9330604081884347, '_a1_': 1.0, '_a3_': 1.0, '_a4_': 1.0, '_a7_': 1.0}};{'d0': 0.024905832930531453};-276.475521860045;50.938705313476035
30525;-87.2990556165465;((x * (_a6_ * _a6_)) * (_a5_ + ((x * (_a2_ * (_a6_ + (_a2_ + x)))) * pow2(_a0_))));{'d0': {'_a0_': 1.5783640970358785, '_a2_': 1.5569198238845017, '_a5_': 2.038974554708015, '_a6_': -0.9330604081884347, '_a1_': 1.0, '_a3_': 1.0, '_a4_': 1.0, '_a7_': 1.0}};{'d0': 0.024905832930531453};-276.475521860045;50.938705313476035
30526;-89.3462279110457;((x * (_a6_ * _a6_)) * (_a0_ + ((x * (_a2_ * (_a6_ + (_a2_ + x)))) * pow2(_a0_))));{'d0': {'_a0_': 0.9584103691101575, '_a2_': 1.984802588182342, '_a6_': -1.3609431724371381, '_a1_': 1.0, '_a3_': 1.0, '_a4_': 1.0, '_a5_': 1.0, '_a7_': 1.0}};{'d0': 0.024905832919416632};-280.569866449044;50.938705313476035
30527;-89.3462279110457;((x * (_a6_ * _a6_)) * (_a0_ + ((x * (_a2_ * (_a6_ + (_a2_ + x)))) * pow2(_a0_))));{'d0': {'_a0_': 0.9584103691101575, '_a2_': 1.984802588182342, '_a6_': -1.3609431724371381, '_a1_': 1.0, '_a3_': 1.0, '_a4_': 1.0, '_a5_': 1.0, '_a7_': 1.0}};{'d0': 0.024905832919416632};-280.569866449044;50.938705313476035
30528;-89.3462279110457;((x * (_a6_ * _a6_)) * (_a0_ + ((x * (_a2_ * (_a6_ + (_a2_ + x)))) * pow2(_a0_))));{'d0': {'_a0_': 0.9584103691101575, '_a2_': 1.984802588182342, '_a6_': -1.3609431724371381, '_a1_': 1.0, '_a3_': 1.0, '_a4_': 1.0, '_a5_': 1.0, '_a7_': 1.0}};{'d0': 0.024905832919416632};-280.569866449044;50.938705313476035
30529;-87.2990556120525;((x * (_a6_ * _a5_)) * (_a0_ + ((x * (_a2_ * (_a6_ + (_a2_ + x)))) * pow2(_a0_))));{'d0': {'_a0_': 1.674207941665595, '_a2_': 1.1362120198284784, '_a5_': -2.0694406436412898, '_a6_': -0.512352604337701, '_a1_': 1.0, '_a3_': 1.0, '_a4_': 1.0, '_a7_': 1.0}};{'d0': 0.024905832934262344};-276.475521851057;50.938705313476035
30530;-86.4725090736762;((x * (_a6_ * _a5_)) * (_a0_ + ((x * (_a2_ + (_a6_ + (_a2_ + x)))) * pow2(_a0_))));{'d0': {'_a0_': 1.9022553828483415, '_a2_': 0.6999017995190557, '_a5_': -1.2026301429676398, '_a6_': -0.7759441834547234, '_a1_': 1.0, '_a3_': 1.0, '_a4_': 1.0, '_a7_': 1.0}};{'d0': 0.024905832923841128};-276.475521876163;51.76525186440504
30531;-86.4725090736762;((x * (_a6_ * _a5_)) * (_a0_ + ((x * (_a2_ + (_a6_ + (_a2_ + x)))) * pow2(_a0_))));{'d0': {'_a0_': 1.9022553828483415, '_a2_': 0.6999017995190557, '_a5_': -1.2026301429676398, '_a6_': -0.7759441834547234, '_a1_': 1.0, '_a3_': 1.0, '_a4_': 1.0, '_a7_': 1.0}};{'d0': 0.024905832923841128};-276.475521876163;51.76525186440504
30532;-86.4725090765570;((x * (_a6_ * _a7_)) * (_a0_ + ((x * (_a2_ + (_a6_ + (_a2_ + x)))) * pow2(_a0_))));{'d0': {'_a0_': 1.9022553836276155, '_a2_': 0.037624669850711744, '_a6_': 0.5486100757326564, '_a7_': 1.7009784769482195, '_a1_': 1.0, '_a3_': 1.0, '_a4_': 1.0, '_a5_': 1.0}};{'d0': 0.024905832921449513};-276.475521881924;51.76525186440504
30533;-91.4942062873528;((x * _a1_) * (_a0_ + ((x * (_a2_ + (_a6_ + (_a2_ + x)))) * pow2(_a0_))));{'d0': {'_a0_': 1.9022553806207192, '_a1_': 0.9331740748347583, '_a2_': -276.68272469731585, '_a6_': 553.9893086410428, '_a3_': 1.0, '_a4_': 1.0, '_a5_': 1.0, '_a7_': 1.0}};{'d0': 0.02490583292226577};-276.475521879958;46.74355465262604
30534;-91.4942062873528;((x * _a1_) * (_a0_ + ((x * (_a2_ + (_a6_ + (_a2_ + x)))) * pow2(_a0_))));{'d0': {'_a0_': 1.9022553806207192, '_a1_': 0.9331740748347583, '_a2_': -276.68272469731585, '_a6_': 553.9893086410428, '_a3_': 1.0, '_a4_': 1.0, '_a5_': 1.0, '_a7_': 1.0}};{'d0': 0.02490583292226577};-276.475521879958;46.74355465262604
30535;-106.669455669501;(((-((_a6_ * (x + _a3_))) * x) + -(_a4_)) * x);{'d0': {'_a3_': 0.6238594156506474, '_a4_': -1.7751354045390866, '_a6_': -3.376760877834325, '_a0_': 1.0, '_a1_': 1.0, '_a2_': 1.0, '_a5_': 1.0, '_a7_': 1.0}};{'d0': 0.02490583291941668};-280.569866449043;33.61547755502063
30536;-106.669455669501;(((-((_a6_ * (x + _a3_))) * x) + -(_a4_)) * x);{'d0': {'_a3_': 0.6238594156506474, '_a4_': -1.7751354045390866, '_a6_': -3.376760877834325, '_a0_': 1.0, '_a1_': 1.0, '_a2_': 1.0, '_a5_': 1.0, '_a7_': 1.0}};{'d0': 0.02490583291941668};-280.569866449043;33.61547755502063
30537;-106.669455669501;(((-((_a6_ * (x + _a3_))) * x) + -(_a4_)) * x);{'d0': {'_a3_': 0.6238594156506474, '_a4_': -1.7751354045390866, '_a6_': -3.376760877834325, '_a0_': 1.0, '_a1_': 1.0, '_a2_': 1.0, '_a5_': 1.0, '_a7_': 1.0}};{'d0': 0.02490583291941668};-280.569866449043;33.61547755502063
30538;-100.042717659436;(((pow2((_a6_ + x)) + _a0_) * ((_a6_ * x) * _a5_)) * sqrt(_a5_));{'d0': {'_a0_': 0.428391627915887, '_a5_': 4.893606519711963, '_a6_': 0.3119297078142726, '_a1_': 1.0, '_a2_': 1.0, '_a3_': 1.0, '_a4_': 1.0, '_a7_': 1.0}};{'d0': 0.024905832919416664};-280.569866449044;40.24221556508599
30539;-100.042717659436;(((pow2((_a6_ + x)) + _a0_) * ((_a6_ * x) * _a5_)) * sqrt(_a5_));{'d0': {'_a0_': 0.428391627915887, '_a5_': 4.893606519711963, '_a6_': 0.3119297078142726, '_a1_': 1.0, '_a2_': 1.0, '_a3_': 1.0, '_a4_': 1.0, '_a7_': 1.0}};{'d0': 0.024905832919416664};-280.569866449044;40.24221556508599
30540;-100.042717659436;(((pow2((_a6_ + x)) + _a0_) * ((_a6_ * x) * _a5_)) * sqrt(_a5_));{'d0': {'_a0_': 0.428391627915887, '_a5_': 4.893606519711963, '_a6_': 0.3119297078142726, '_a1_': 1.0, '_a2_': 1.0, '_a3_': 1.0, '_a4_': 1.0, '_a7_': 1.0}};{'d0': 0.024905832919416664};-280.569866449044;40.24221556508599
30541;-100.042717659436;(((pow2((_a6_ + x)) + _a0_) * ((_a6_ * x) * _a5_)) * sqrt(_a5_));{'d0': {'_a0_': 0.428391627915887, '_a5_': 4.893606519711963, '_a6_': 0.3119297078142726, '_a1_': 1.0, '_a2_': 1.0, '_a3_': 1.0, '_a4_': 1.0, '_a7_': 1.0}};{'d0': 0.024905832919416664};-280.569866449044;40.24221556508599
30542;-100.042717659436;(((pow2((_a6_ + x)) + _a0_) * ((_a6_ * x) * _a5_)) * sqrt(_a5_));{'d0': {'_a0_': 0.428391627915887, '_a5_': 4.893606519711963, '_a6_': 0.3119297078142726, '_a1_': 1.0, '_a2_': 1.0, '_a3_': 1.0, '_a4_': 1.0, '_a7_': 1.0}};{'d0': 0.024905832919416664};-280.569866449044;40.24221556508599
30543;-100.042717659436;(((pow2((_a6_ + x)) + _a0_) * ((_a6_ * x) * _a5_)) * sqrt(_a5_));{'d0': {'_a0_': 0.428391627915887, '_a5_': 4.893606519711963, '_a6_': 0.3119297078142726, '_a1_': 1.0, '_a2_': 1.0, '_a3_': 1.0, '_a4_': 1.0, '_a7_': 1.0}};{'d0': 0.024905832919416664};-280.569866449044;40.24221556508599
30544;-100.042717659436;(((pow2((_a6_ + x)) + _a0_) * ((_a6_ * x) * _a5_)) * sqrt(_a5_));{'d0': {'_a0_': 0.428391627915887, '_a5_': 4.893606519711963, '_a6_': 0.3119297078142726, '_a1_': 1.0, '_a2_': 1.0, '_a3_': 1.0, '_a4_': 1.0, '_a7_': 1.0}};{'d0': 0.024905832919416664};-280.569866449044;40.24221556508599
30545;-87.9342741716710;-(((x * _a1_) * (_a0_ + ((x * (_a2_ + (_a6_ / (_a2_ + x)))) * pow2(_a0_)))));{'d0': {'_a0_': 1.902155585825281, '_a1_': -0.9332410358739341, '_a2_': -45800.623879097104, '_a6_': -2097725720.8967993, '_a3_': 1.0, '_a4_': 1.0, '_a5_': 1.0, '_a7_': 1.0}};{'d0': 0.024906077198253294};-276.474933403860;50.303192530258826
30546;-87.9342741716710;-(((x * _a1_) * (_a0_ + ((x * (_a2_ + (_a6_ / (_a2_ + x)))) * pow2(_a0_)))));{'d0': {'_a0_': 1.902155585825281, '_a1_': -0.9332410358739341, '_a2_': -45800.623879097104, '_a6_': -2097725720.8967993, '_a3_': 1.0, '_a4_': 1.0, '_a5_': 1.0, '_a7_': 1.0}};{'d0': 0.024906077198253294};-276.474933403860;50.303192530258826
30547;-87.9342741716710;-(((x * _a1_) * (_a0_ + ((x * (_a2_ + (_a6_ / (_a2_ + x)))) * pow2(_a0_)))));{'d0': {'_a0_': 1.902155585825281, '_a1_': -0.9332410358739341, '_a2_': -45800.623879097104, '_a6_': -2097725720.8967993, '_a3_': 1.0, '_a4_': 1.0, '_a5_': 1.0, '_a7_': 1.0}};{'d0': 0.024906077198253294};-276.474933403860;50.303192530258826
30548;-87.9342741716710;-(((x * _a1_) * (_a0_ + ((x * (_a2_ + (_a6_ / (_a2_ + x)))) * pow2(_a0_)))));{'d0': {'_a0_': 1.902155585825281, '_a1_': -0.9332410358739341, '_a2_': -45800.623879097104, '_a6_': -2097725720.8967993, '_a3_': 1.0, '_a4_': 1.0, '_a5_': 1.0, '_a7_': 1.0}};{'d0': 0.024906077198253294};-276.474933403860;50.303192530258826
30549;-87.9342741716710;-(((x * _a1_) * (_a0_ + ((x * (_a2_ + (_a6_ / (_a2_ + x)))) * pow2(_a0_)))));{'d0': {'_a0_': 1.902155585825281, '_a1_': -0.9332410358739341, '_a2_': -45800.623879097104, '_a6_': -2097725720.8967993, '_a3_': 1.0, '_a4_': 1.0, '_a5_': 1.0, '_a7_': 1.0}};{'d0': 0.024906077198253294};-276.474933403860;50.303192530258826
30550;-87.9342741716710;-(((x * _a1_) * (_a0_ + ((x * (_a2_ + (_a6_ / (_a2_ + x)))) * pow2(_a0_)))));{'d0': {'_a0_': 1.902155585825281, '_a1_': -0.9332410358739341, '_a2_': -45800.623879097104, '_a6_': -2097725720.8967993, '_a3_': 1.0, '_a4_': 1.0, '_a5_': 1.0, '_a7_': 1.0}};{'d0': 0.024906077198253294};-276.474933403860;50.303192530258826
30551;-87.9342741716710;-(((x * _a1_) * (_a0_ + ((x * (_a2_ + (_a6_ / (_a2_ + x)))) * pow2(_a0_)))));{'d0': {'_a0_': 1.902155585825281, '_a1_': -0.9332410358739341, '_a2_': -45800.623879097104, '_a6_': -2097725720.8967993, '_a3_': 1.0, '_a4_': 1.0, '_a5_': 1.0, '_a7_': 1.0}};{'d0': 0.024906077198253294};-276.474933403860;50.303192530258826
30552;-87.9342741716710;-(((x * _a1_) * (_a0_ + ((x * (_a2_ + (_a6_ / (_a2_ + x)))) * pow2(_a0_)))));{'d0': {'_a0_': 1.902155585825281, '_a1_': -0.9332410358739341, '_a2_': -45800.623879097104, '_a6_': -2097725720.8967993, '_a3_': 1.0, '_a4_': 1.0, '_a5_': 1.0, '_a7_': 1.0}};{'d0': 0.024906077198253294};-276.474933403860;50.303192530258826
30553;-87.9342741716710;-(((x * _a1_) * (_a0_ + ((x * (_a2_ + (_a6_ / (_a2_ + x)))) * pow2(_a0_)))));{'d0': {'_a0_': 1.902155585825281, '_a1_': -0.9332410358739341, '_a2_': -45800.623879097104, '_a6_': -2097725720.8967993, '_a3_': 1.0, '_a4_': 1.0, '_a5_': 1.0, '_a7_': 1.0}};{'d0': 0.024906077198253294};-276.474933403860;50.303192530258826
30554;-87.9342741716710;-(((x * _a1_) * (_a0_ + ((x * (_a2_ + (_a6_ / (_a2_ + x)))) * pow2(_a0_)))));{'d0': {'_a0_': 1.902155585825281, '_a1_': -0.9332410358739341, '_a2_': -45800.623879097104, '_a6_': -2097725720.8967993, '_a3_': 1.0, '_a4_': 1.0, '_a5_': 1.0, '_a7_': 1.0}};{'d0': 0.024906077198253294};-276.474933403860;50.303192530258826
30555;-87.9342741716710;-(((x * _a1_) * (_a0_ + ((x * (_a2_ + (_a6_ / (_a2_ + x)))) * pow2(_a0_)))));{'d0': {'_a0_': 1.902155585825281, '_a1_': -0.9332410358739341, '_a2_': -45800.623879097104, '_a6_': -2097725720.8967993, '_a3_': 1.0, '_a4_': 1.0, '_a5_': 1.0, '_a7_': 1.0}};{'d0': 0.024906077198253294};-276.474933403860;50.303192530258826
30556;-87.9342741716710;-(((x * _a1_) * (_a0_ + ((x * (_a2_ + (_a6_ / (_a2_ + x)))) * pow2(_a0_)))));{'d0': {'_a0_': 1.902155585825281, '_a1_': -0.9332410358739341, '_a2_': -45800.623879097104, '_a6_': -2097725720.8967993, '_a3_': 1.0, '_a4_': 1.0, '_a5_': 1.0, '_a7_': 1.0}};{'d0': 0.024906077198253294};-276.474933403860;50.303192530258826
30557;-87.9342741716710;-(((x * _a1_) * (_a0_ + ((x * (_a2_ + (_a6_ / (_a2_ + x)))) * pow2(_a0_)))));{'d0': {'_a0_': 1.902155585825281, '_a1_': -0.9332410358739341, '_a2_': -45800.623879097104, '_a6_': -2097725720.8967993, '_a3_': 1.0, '_a4_': 1.0, '_a5_': 1.0, '_a7_': 1.0}};{'d0': 0.024906077198253294};-276.474933403860;50.303192530258826
30558;-87.9342741716710;-(((x * _a1_) * (_a0_ + ((x * (_a2_ + (_a6_ / (_a2_ + x)))) * pow2(_a0_)))));{'d0': {'_a0_': 1.902155585825281, '_a1_': -0.9332410358739341, '_a2_': -45800.623879097104, '_a6_': -2097725720.8967993, '_a3_': 1.0, '_a4_': 1.0, '_a5_': 1.0, '_a7_': 1.0}};{'d0': 0.024906077198253294};-276.474933403860;50.303192530258826
30559;-88.0179466537266;-(((x * _a1_) * (_a0_ + ((x * (_a2_ + (_a6_ / (_a2_ / x)))) * pow2(_a0_)))));{'d0': {'_a0_': 1.8586736652459654, '_a1_': -0.9550548831291187, '_a2_': 0.6384874992618622, '_a6_': 0.6534585619100737, '_a3_': 1.0, '_a4_': 1.0, '_a5_': 1.0, '_a7_': 1.0}};{'d0': 0.0249058329196724};-276.475521886205;50.219814289376025
30560;-87.9342741716710;-(((x * _a1_) * (_a0_ + ((x * (_a2_ + (_a6_ / (_a2_ + x)))) * pow2(_a0_)))));{'d0': {'_a0_': 1.902155585825281, '_a1_': -0.9332410358739341, '_a2_': -45800.623879097104, '_a6_': -2097725720.8967993, '_a3_': 1.0, '_a4_': 1.0, '_a5_': 1.0, '_a7_': 1.0}};{'d0': 0.024906077198253294};-276.474933403860;50.303192530258826
30561;-87.9342741716710;-(((x * _a1_) * (_a0_ + ((x * (_a2_ + (_a6_ / (_a2_ + x)))) * pow2(_a0_)))));{'d0': {'_a0_': 1.902155585825281, '_a1_': -0.9332410358739341, '_a2_': -45800.623879097104, '_a6_': -2097725720.8967993, '_a3_': 1.0, '_a4_': 1.0, '_a5_': 1.0, '_a7_': 1.0}};{'d0': 0.024906077198253294};-276.474933403860;50.303192530258826
30562;-87.9342741716710;-(((x * _a1_) * (_a0_ + ((x * (_a2_ + (_a6_ / (_a2_ + x)))) * pow2(_a0_)))));{'d0': {'_a0_': 1.902155585825281, '_a1_': -0.9332410358739341, '_a2_': -45800.623879097104, '_a6_': -2097725720.8967993, '_a3_': 1.0, '_a4_': 1.0, '_a5_': 1.0, '_a7_': 1.0}};{'d0': 0.024906077198253294};-276.474933403860;50.303192530258826
30563;-87.9342741716710;-(((x * _a1_) * (_a0_ + ((x * (_a2_ + (_a6_ / (_a2_ + x)))) * pow2(_a0_)))));{'d0': {'_a0_': 1.902155585825281, '_a1_': -0.9332410358739341, '_a2_': -45800.623879097104, '_a6_': -2097725720.8967993, '_a3_': 1.0, '_a4_': 1.0, '_a5_': 1.0, '_a7_': 1.0}};{'d0': 0.024906077198253294};-276.474933403860;50.303192530258826
30564;-87.9342741716710;-(((x * _a1_) * (_a0_ + ((x * (_a2_ + (_a6_ / (_a2_ + x)))) * pow2(_a0_)))));{'d0': {'_a0_': 1.902155585825281, '_a1_': -0.9332410358739341, '_a2_': -45800.623879097104, '_a6_': -2097725720.8967993, '_a3_': 1.0, '_a4_': 1.0, '_a5_': 1.0, '_a7_': 1.0}};{'d0': 0.024906077198253294};-276.474933403860;50.303192530258826
30565;-87.9342869772948;-(((x * _a1_) * (_a0_ + ((x * (_a2_ + (_a6_ / (_a2_ + x)))) * pow2(_a2_)))));{'d0': {'_a0_': 1102743331.1391857, '_a1_': -1.6097328459297563e-09, '_a2_': -45801.02831609499, '_a6_': -2097762767.8739038, '_a3_': 1.0, '_a4_': 1.0, '_a5_': 1.0, '_a7_': 1.0}};{'d0': 0.024906066566993724};-276.474959015107;50.303192530258826
30566;-87.9342869772948;-(((x * _a1_) * (_a0_ + ((x * (_a2_ + (_a6_ / (_a2_ + x)))) * pow2(_a2_)))));{'d0': {'_a0_': 1102743331.1391857, '_a1_': -1.6097328459297563e-09, '_a2_': -45801.02831609499, '_a6_': -2097762767.8739038, '_a3_': 1.0, '_a4_': 1.0, '_a5_': 1.0, '_a7_': 1.0}};{'d0': 0.024906066566993724};-276.474959015107;50.303192530258826
30567;-87.9342869772948;-(((x * _a1_) * (_a0_ + ((x * (_a2_ + (_a6_ / (_a2_ + x)))) * pow2(_a2_)))));{'d0': {'_a0_': 1102743331.1391857, '_a1_': -1.6097328459297563e-09, '_a2_': -45801.02831609499, '_a6_': -2097762767.8739038, '_a3_': 1.0, '_a4_': 1.0, '_a5_': 1.0, '_a7_': 1.0}};{'d0': 0.024906066566993724};-276.474959015107;50.303192530258826
30568;-87.9342869772948;-(((x * _a1_) * (_a0_ + ((x * (_a2_ + (_a6_ / (_a2_ + x)))) * pow2(_a2_)))));{'d0': {'_a0_': 1102743331.1391857, '_a1_': -1.6097328459297563e-09, '_a2_': -45801.02831609499, '_a6_': -2097762767.8739038, '_a3_': 1.0, '_a4_': 1.0, '_a5_': 1.0, '_a7_': 1.0}};{'d0': 0.024906066566993724};-276.474959015107;50.303192530258826
30569;-87.9342869772948;-(((x * _a1_) * (_a0_ + ((x * (_a2_ + (_a6_ / (_a2_ + x)))) * pow2(_a2_)))));{'d0': {'_a0_': 1102743331.1391857, '_a1_': -1.6097328459297563e-09, '_a2_': -45801.02831609499, '_a6_': -2097762767.8739038, '_a3_': 1.0, '_a4_': 1.0, '_a5_': 1.0, '_a7_': 1.0}};{'d0': 0.024906066566993724};-276.474959015107;50.303192530258826
30570;-88.0179466529770;-(((x * _a1_) * (_a0_ + ((x * (_a2_ + (_a6_ / (_a2_ / x)))) * pow2(_a2_)))));{'d0': {'_a0_': 107055157.97387567, '_a1_': -1.658150117426456e-08, '_a2_': 502.7140874456079, '_a6_': 405093.5909847566, '_a3_': 1.0, '_a4_': 1.0, '_a5_': 1.0, '_a7_': 1.0}};{'d0': 0.024905832920294708};-276.475521884706;50.219814289376025
30571;-88.0179466529770;-(((x * _a1_) * (_a0_ + ((x * (_a2_ + (_a6_ / (_a2_ / x)))) * pow2(_a2_)))));{'d0': {'_a0_': 107055157.97387567, '_a1_': -1.658150117426456e-08, '_a2_': 502.7140874456079, '_a6_': 405093.5909847566, '_a3_': 1.0, '_a4_': 1.0, '_a5_': 1.0, '_a7_': 1.0}};{'d0': 0.024905832920294708};-276.475521884706;50.219814289376025
30572;-88.0179466529770;-(((x * _a1_) * (_a0_ + ((x * (_a2_ + (_a6_ / (_a2_ / x)))) * pow2(_a2_)))));{'d0': {'_a0_': 107055157.97387567, '_a1_': -1.658150117426456e-08, '_a2_': 502.7140874456079, '_a6_': 405093.5909847566, '_a3_': 1.0, '_a4_': 1.0, '_a5_': 1.0, '_a7_': 1.0}};{'d0': 0.024905832920294708};-276.475521884706;50.219814289376025
30573;-88.0179466529770;-(((x * _a1_) * (_a0_ + ((x * (_a2_ + (_a6_ / (_a2_ / x)))) * pow2(_a2_)))));{'d0': {'_a0_': 107055157.97387567, '_a1_': -1.658150117426456e-08, '_a2_': 502.7140874456079, '_a6_': 405093.5909847566, '_a3_': 1.0, '_a4_': 1.0, '_a5_': 1.0, '_a7_': 1.0}};{'d0': 0.024905832920294708};-276.475521884706;50.219814289376025
30574;-88.0179466529770;-(((x * _a1_) * (_a0_ + ((x * (_a2_ + (_a6_ / (_a2_ / x)))) * pow2(_a2_)))));{'d0': {'_a0_': 107055157.97387567, '_a1_': -1.658150117426456e-08, '_a2_': 502.7140874456079, '_a6_': 405093.5909847566, '_a3_': 1.0, '_a4_': 1.0, '_a5_': 1.0, '_a7_': 1.0}};{'d0': 0.024905832920294708};-276.475521884706;50.219814289376025
30575;-88.0179466529770;-(((x * _a1_) * (_a0_ + ((x * (_a2_ + (_a6_ / (_a2_ / x)))) * pow2(_a2_)))));{'d0': {'_a0_': 107055157.97387567, '_a1_': -1.658150117426456e-08, '_a2_': 502.7140874456079, '_a6_': 405093.5909847566, '_a3_': 1.0, '_a4_': 1.0, '_a5_': 1.0, '_a7_': 1.0}};{'d0': 0.024905832920294708};-276.475521884706;50.219814289376025
30576;-88.0179466529770;-(((x * _a1_) * (_a0_ + ((x * (_a2_ + (_a6_ / (_a2_ / x)))) * pow2(_a2_)))));{'d0': {'_a0_': 107055157.97387567, '_a1_': -1.658150117426456e-08, '_a2_': 502.7140874456079, '_a6_': 405093.5909847566, '_a3_': 1.0, '_a4_': 1.0, '_a5_': 1.0, '_a7_': 1.0}};{'d0': 0.024905832920294708};-276.475521884706;50.219814289376025
30577;-88.0179466529770;-(((x * _a1_) * (_a0_ + ((x * (_a2_ + (_a6_ / (_a2_ / x)))) * pow2(_a2_)))));{'d0': {'_a0_': 107055157.97387567, '_a1_': -1.658150117426456e-08, '_a2_': 502.7140874456079, '_a6_': 405093.5909847566, '_a3_': 1.0, '_a4_': 1.0, '_a5_': 1.0, '_a7_': 1.0}};{'d0': 0.024905832920294708};-276.475521884706;50.219814289376025
30578;-88.0179466529770;-(((x * _a1_) * (_a0_ + ((x * (_a2_ + (_a6_ / (_a2_ / x)))) * pow2(_a2_)))));{'d0': {'_a0_': 107055157.97387567, '_a1_': -1.658150117426456e-08, '_a2_': 502.7140874456079, '_a6_': 405093.5909847566, '_a3_': 1.0, '_a4_': 1.0, '_a5_': 1.0, '_a7_': 1.0}};{'d0': 0.024905832920294708};-276.475521884706;50.219814289376025
30579;-88.0179466529770;-(((x * _a1_) * (_a0_ + ((x * (_a2_ + (_a6_ / (_a2_ / x)))) * pow2(_a2_)))));{'d0': {'_a0_': 107055157.97387567, '_a1_': -1.658150117426456e-08, '_a2_': 502.7140874456079, '_a6_': 405093.5909847566, '_a3_': 1.0, '_a4_': 1.0, '_a5_': 1.0, '_a7_': 1.0}};{'d0': 0.024905832920294708};-276.475521884706;50.219814289376025
30580;-88.0179466529770;-(((x * _a1_) * (_a0_ + ((x * (_a2_ + (_a6_ / (_a2_ / x)))) * pow2(_a2_)))));{'d0': {'_a0_': 107055157.97387567, '_a1_': -1.658150117426456e-08, '_a2_': 502.7140874456079, '_a6_': 405093.5909847566, '_a3_': 1.0, '_a4_': 1.0, '_a5_': 1.0, '_a7_': 1.0}};{'d0': 0.024905832920294708};-276.475521884706;50.219814289376025
30581;-88.0179466529770;-(((x * _a1_) * (_a0_ + ((x * (_a2_ + (_a6_ / (_a2_ / x)))) * pow2(_a2_)))));{'d0': {'_a0_': 107055157.97387567, '_a1_': -1.658150117426456e-08, '_a2_': 502.7140874456079, '_a6_': 405093.5909847566, '_a3_': 1.0, '_a4_': 1.0, '_a5_': 1.0, '_a7_': 1.0}};{'d0': 0.024905832920294708};-276.475521884706;50.219814289376025
30582;-88.0179466529770;-(((x * _a1_) * (_a0_ + ((x * (_a2_ + (_a6_ / (_a2_ / x)))) * pow2(_a2_)))));{'d0': {'_a0_': 107055157.97387567, '_a1_': -1.658150117426456e-08, '_a2_': 502.7140874456079, '_a6_': 405093.5909847566, '_a3_': 1.0, '_a4_': 1.0, '_a5_': 1.0, '_a7_': 1.0}};{'d0': 0.024905832920294708};-276.475521884706;50.219814289376025
30583;-88.0179466529770;-(((x * _a1_) * (_a0_ + ((x * (_a2_ + (_a6_ / (_a2_ / x)))) * pow2(_a2_)))));{'d0': {'_a0_': 107055157.97387567, '_a1_': -1.658150117426456e-08, '_a2_': 502.7140874456079, '_a6_': 405093.5909847566, '_a3_': 1.0, '_a4_': 1.0, '_a5_': 1.0, '_a7_': 1.0}};{'d0': 0.024905832920294708};-276.475521884706;50.219814289376025
30584;-88.0179466529770;-(((x * _a1_) * (_a0_ + ((x * (_a2_ + (_a6_ / (_a2_ / x)))) * pow2(_a2_)))));{'d0': {'_a0_': 107055157.97387567, '_a1_': -1.658150117426456e-08, '_a2_': 502.7140874456079, '_a6_': 405093.5909847566, '_a3_': 1.0, '_a4_': 1.0, '_a5_': 1.0, '_a7_': 1.0}};{'d0': 0.024905832920294708};-276.475521884706;50.219814289376025
30585;-88.0179466529770;-(((x * _a1_) * (_a0_ + ((x * (_a2_ + (_a6_ / (_a2_ / x)))) * pow2(_a2_)))));{'d0': {'_a0_': 107055157.97387567, '_a1_': -1.658150117426456e-08, '_a2_': 502.7140874456079, '_a6_': 405093.5909847566, '_a3_': 1.0, '_a4_': 1.0, '_a5_': 1.0, '_a7_': 1.0}};{'d0': 0.024905832920294708};-276.475521884706;50.219814289376025
30586;-100.748854620471;(((-((_a6_ * (x + (x + _a3_)))) * x) + -(_a4_)) * x);{'d0': {'_a3_': 1.2477188312336762, '_a4_': -1.7751354045148608, '_a6_': -1.688380439000853, '_a0_': 1.0, '_a1_': 1.0, '_a2_': 1.0, '_a5_': 1.0, '_a7_': 1.0}};{'d0': 0.024905832919416636};-280.569866449044;39.53607860405063
30587;-100.748854620471;(((-((_a0_ * (x + (x + _a3_)))) * x) + -(_a4_)) * x);{'d0': {'_a0_': -1.6883804388185435, '_a3_': 1.247718831156027, '_a4_': -1.7751354043798202, '_a1_': 1.0, '_a2_': 1.0, '_a5_': 1.0, '_a6_': 1.0, '_a7_': 1.0}};{'d0': 0.024905832919416622};-280.569866449044;39.53607860405063
30588;-100.748854620471;(((-((_a0_ * (x + (x + _a3_)))) * x) + -(_a4_)) * x);{'d0': {'_a0_': -1.6883804388185435, '_a3_': 1.247718831156027, '_a4_': -1.7751354043798202, '_a1_': 1.0, '_a2_': 1.0, '_a5_': 1.0, '_a6_': 1.0, '_a7_': 1.0}};{'d0': 0.024905832919416622};-280.569866449044;39.53607860405063
30589;-100.748854620471;(((-((_a0_ * (x + (x + _a3_)))) * x) + -(_a4_)) * x);{'d0': {'_a0_': -1.6883804388185435, '_a3_': 1.247718831156027, '_a4_': -1.7751354043798202, '_a1_': 1.0, '_a2_': 1.0, '_a5_': 1.0, '_a6_': 1.0, '_a7_': 1.0}};{'d0': 0.024905832919416622};-280.569866449044;39.53607860405063
30590;-100.748854620471;(((-((_a0_ * (x + (x + _a3_)))) * x) + -(_a4_)) * x);{'d0': {'_a0_': -1.6883804388185435, '_a3_': 1.247718831156027, '_a4_': -1.7751354043798202, '_a1_': 1.0, '_a2_': 1.0, '_a5_': 1.0, '_a6_': 1.0, '_a7_': 1.0}};{'d0': 0.024905832919416622};-280.569866449044;39.53607860405063
30591;-100.748854620471;(((-((_a0_ * (x + (x + _a3_)))) * x) + -(_a4_)) * x);{'d0': {'_a0_': -1.6883804388185435, '_a3_': 1.247718831156027, '_a4_': -1.7751354043798202, '_a1_': 1.0, '_a2_': 1.0, '_a5_': 1.0, '_a6_': 1.0, '_a7_': 1.0}};{'d0': 0.024905832919416622};-280.569866449044;39.53607860405063
30592;-100.748854620471;(((-((_a0_ * (x + (x + _a3_)))) * x) + -(_a4_)) * x);{'d0': {'_a0_': -1.6883804388185435, '_a3_': 1.247718831156027, '_a4_': -1.7751354043798202, '_a1_': 1.0, '_a2_': 1.0, '_a5_': 1.0, '_a6_': 1.0, '_a7_': 1.0}};{'d0': 0.024905832919416622};-280.569866449044;39.53607860405063
30593;-100.748854620471;(((-((_a0_ * (x + (x + _a3_)))) * x) + -(_a4_)) * x);{'d0': {'_a0_': -1.6883804388185435, '_a3_': 1.247718831156027, '_a4_': -1.7751354043798202, '_a1_': 1.0, '_a2_': 1.0, '_a5_': 1.0, '_a6_': 1.0, '_a7_': 1.0}};{'d0': 0.024905832919416622};-280.569866449044;39.53607860405063
30594;-100.748854620471;(((-((_a0_ * (x + (x + _a3_)))) * x) + -(_a4_)) * x);{'d0': {'_a0_': -1.6883804388185435, '_a3_': 1.247718831156027, '_a4_': -1.7751354043798202, '_a1_': 1.0, '_a2_': 1.0, '_a5_': 1.0, '_a6_': 1.0, '_a7_': 1.0}};{'d0': 0.024905832919416622};-280.569866449044;39.53607860405063
30595;-100.748854620471;(((-((_a0_ * (x + (x + _a3_)))) * x) + -(_a4_)) * x);{'d0': {'_a0_': -1.6883804388185435, '_a3_': 1.247718831156027, '_a4_': -1.7751354043798202, '_a1_': 1.0, '_a2_': 1.0, '_a5_': 1.0, '_a6_': 1.0, '_a7_': 1.0}};{'d0': 0.024905832919416622};-280.569866449044;39.53607860405063
30596;-100.748854620471;(((-((_a0_ * (x + (x + _a3_)))) * x) + -(_a4_)) * x);{'d0': {'_a0_': -1.6883804388185435, '_a3_': 1.247718831156027, '_a4_': -1.7751354043798202, '_a1_': 1.0, '_a2_': 1.0, '_a5_': 1.0, '_a6_': 1.0, '_a7_': 1.0}};{'d0': 0.024905832919416622};-280.569866449044;39.53607860405063
30597;-100.748854620471;(((-((_a0_ * (x + (x + _a3_)))) * x) + -(_a4_)) * x);{'d0': {'_a0_': -1.6883804388185435, '_a3_': 1.247718831156027, '_a4_': -1.7751354043798202, '_a1_': 1.0, '_a2_': 1.0, '_a5_': 1.0, '_a6_': 1.0, '_a7_': 1.0}};{'d0': 0.024905832919416622};-280.569866449044;39.53607860405063
30598;-100.748854620471;(((-((_a0_ * (x + (x + _a3_)))) * x) + -(_a4_)) * x);{'d0': {'_a0_': -1.6883804388185435, '_a3_': 1.247718831156027, '_a4_': -1.7751354043798202, '_a1_': 1.0, '_a2_': 1.0, '_a5_': 1.0, '_a6_': 1.0, '_a7_': 1.0}};{'d0': 0.024905832919416622};-280.569866449044;39.53607860405063
30599;-100.748854620471;(((-((_a0_ * (x + (x + _a3_)))) * x) + -(_a4_)) * x);{'d0': {'_a0_': -1.6883804388185435, '_a3_': 1.247718831156027, '_a4_': -1.7751354043798202, '_a1_': 1.0, '_a2_': 1.0, '_a5_': 1.0, '_a6_': 1.0, '_a7_': 1.0}};{'d0': 0.024905832919416622};-280.569866449044;39.53607860405063
30600;-100.748854620471;(((-((_a0_ * (x + (x + _a3_)))) * x) + -(_a4_)) * x);{'d0': {'_a0_': -1.6883804388185435, '_a3_': 1.247718831156027, '_a4_': -1.7751354043798202, '_a1_': 1.0, '_a2_': 1.0, '_a5_': 1.0, '_a6_': 1.0, '_a7_': 1.0}};{'d0': 0.024905832919416622};-280.569866449044;39.53607860405063
30601;-100.748854620471;(((-((_a0_ * (x + (x + _a3_)))) * x) + -(_a4_)) * x);{'d0': {'_a0_': -1.6883804388185435, '_a3_': 1.247718831156027, '_a4_': -1.7751354043798202, '_a1_': 1.0, '_a2_': 1.0, '_a5_': 1.0, '_a6_': 1.0, '_a7_': 1.0}};{'d0': 0.024905832919416622};-280.569866449044;39.53607860405063
30602;-100.748854620471;(((-((_a0_ * (x + (x + _a3_)))) * x) + -(_a4_)) * x);{'d0': {'_a0_': -1.6883804388185435, '_a3_': 1.247718831156027, '_a4_': -1.7751354043798202, '_a1_': 1.0, '_a2_': 1.0, '_a5_': 1.0, '_a6_': 1.0, '_a7_': 1.0}};{'d0': 0.024905832919416622};-280.569866449044;39.53607860405063
30603;-100.748854620471;(((-((_a0_ * (x + (x + _a3_)))) * x) + -(_a4_)) * x);{'d0': {'_a0_': -1.6883804388185435, '_a3_': 1.247718831156027, '_a4_': -1.7751354043798202, '_a1_': 1.0, '_a2_': 1.0, '_a5_': 1.0, '_a6_': 1.0, '_a7_': 1.0}};{'d0': 0.024905832919416622};-280.569866449044;39.53607860405063
30604;-100.748854620471;(((-((_a0_ * (x + (x + _a3_)))) * x) + -(_a4_)) * x);{'d0': {'_a0_': -1.6883804388185435, '_a3_': 1.247718831156027, '_a4_': -1.7751354043798202, '_a1_': 1.0, '_a2_': 1.0, '_a5_': 1.0, '_a6_': 1.0, '_a7_': 1.0}};{'d0': 0.024905832919416622};-280.569866449044;39.53607860405063
30605;-100.748854620471;(((-((_a0_ * (x + (x + _a3_)))) * x) + -(_a4_)) * x);{'d0': {'_a0_': -1.6883804388185435, '_a3_': 1.247718831156027, '_a4_': -1.7751354043798202, '_a1_': 1.0, '_a2_': 1.0, '_a5_': 1.0, '_a6_': 1.0, '_a7_': 1.0}};{'d0': 0.024905832919416622};-280.569866449044;39.53607860405063
30606;-100.748854620471;(((-((_a0_ * (x + (x + _a3_)))) * x) + -(_a4_)) * x);{'d0': {'_a0_': -1.6883804388185435, '_a3_': 1.247718831156027, '_a4_': -1.7751354043798202, '_a1_': 1.0, '_a2_': 1.0, '_a5_': 1.0, '_a6_': 1.0, '_a7_': 1.0}};{'d0': 0.024905832919416622};-280.569866449044;39.53607860405063
30607;-100.748854620471;(((-((_a0_ * (x + (x + _a3_)))) * x) + -(_a4_)) * x);{'d0': {'_a0_': -1.6883804388185435, '_a3_': 1.247718831156027, '_a4_': -1.7751354043798202, '_a1_': 1.0, '_a2_': 1.0, '_a5_': 1.0, '_a6_': 1.0, '_a7_': 1.0}};{'d0': 0.024905832919416622};-280.569866449044;39.53607860405063
30608;-100.748854620471;(((-((_a0_ * (x + (x + _a3_)))) * x) + -(_a4_)) * x);{'d0': {'_a0_': -1.6883804388185435, '_a3_': 1.247718831156027, '_a4_': -1.7751354043798202, '_a1_': 1.0, '_a2_': 1.0, '_a5_': 1.0, '_a6_': 1.0, '_a7_': 1.0}};{'d0': 0.024905832919416622};-280.569866449044;39.53607860405063
30609;-100.748854620471;(((-((_a0_ * (x + (x + _a3_)))) * x) + -(_a4_)) * x);{'d0': {'_a0_': -1.6883804388185435, '_a3_': 1.247718831156027, '_a4_': -1.7751354043798202, '_a1_': 1.0, '_a2_': 1.0, '_a5_': 1.0, '_a6_': 1.0, '_a7_': 1.0}};{'d0': 0.024905832919416622};-280.569866449044;39.53607860405063
30610;-100.748854620471;(((-((_a0_ * (x + (x + _a3_)))) * x) + -(_a4_)) * x);{'d0': {'_a0_': -1.6883804388185435, '_a3_': 1.247718831156027, '_a4_': -1.7751354043798202, '_a1_': 1.0, '_a2_': 1.0, '_a5_': 1.0, '_a6_': 1.0, '_a7_': 1.0}};{'d0': 0.024905832919416622};-280.569866449044;39.53607860405063
30611;-100.748854620471;(((-((_a0_ * (x + (x + _a3_)))) * x) + -(_a4_)) * x);{'d0': {'_a0_': -1.6883804388185435, '_a3_': 1.247718831156027, '_a4_': -1.7751354043798202, '_a1_': 1.0, '_a2_': 1.0, '_a5_': 1.0, '_a6_': 1.0, '_a7_': 1.0}};{'d0': 0.024905832919416622};-280.569866449044;39.53607860405063
30612;-100.748854620471;(((-((_a0_ * (x + (x + _a3_)))) * x) + -(_a4_)) * x);{'d0': {'_a0_': -1.6883804388185435, '_a3_': 1.247718831156027, '_a4_': -1.7751354043798202, '_a1_': 1.0, '_a2_': 1.0, '_a5_': 1.0, '_a6_': 1.0, '_a7_': 1.0}};{'d0': 0.024905832919416622};-280.569866449044;39.53607860405063
30613;-100.748854620471;(((-((_a0_ * (x + (x + _a3_)))) * x) + -(_a4_)) * x);{'d0': {'_a0_': -1.6883804388185435, '_a3_': 1.247718831156027, '_a4_': -1.7751354043798202, '_a1_': 1.0, '_a2_': 1.0, '_a5_': 1.0, '_a6_': 1.0, '_a7_': 1.0}};{'d0': 0.024905832919416622};-280.569866449044;39.53607860405063
30614;-100.748854620471;(((-((_a0_ * (x + (x + _a3_)))) * x) + -(_a4_)) * x);{'d0': {'_a0_': -1.6883804388185435, '_a3_': 1.247718831156027, '_a4_': -1.7751354043798202, '_a1_': 1.0, '_a2_': 1.0, '_a5_': 1.0, '_a6_': 1.0, '_a7_': 1.0}};{'d0': 0.024905832919416622};-280.569866449044;39.53607860405063
30615;-100.748854620471;(((-((_a0_ * (x + (x + _a3_)))) * x) + -(_a4_)) * x);{'d0': {'_a0_': -1.6883804388185435, '_a3_': 1.247718831156027, '_a4_': -1.7751354043798202, '_a1_': 1.0, '_a2_': 1.0, '_a5_': 1.0, '_a6_': 1.0, '_a7_': 1.0}};{'d0': 0.024905832919416622};-280.569866449044;39.53607860405063
30616;-100.748854620471;(((-((_a0_ * (x + (x + _a3_)))) * x) + -(_a4_)) * x);{'d0': {'_a0_': -1.6883804388185435, '_a3_': 1.247718831156027, '_a4_': -1.7751354043798202, '_a1_': 1.0, '_a2_': 1.0, '_a5_': 1.0, '_a6_': 1.0, '_a7_': 1.0}};{'d0': 0.024905832919416622};-280.569866449044;39.53607860405063
30617;-100.748854620471;(((-((_a0_ * (x + (x + _a3_)))) * x) + -(_a4_)) * x);{'d0': {'_a0_': -1.6883804388185435, '_a3_': 1.247718831156027, '_a4_': -1.7751354043798202, '_a1_': 1.0, '_a2_': 1.0, '_a5_': 1.0, '_a6_': 1.0, '_a7_': 1.0}};{'d0': 0.024905832919416622};-280.569866449044;39.53607860405063
30618;-100.748854620471;(((-((_a0_ * (x + (x + _a3_)))) * x) + -(_a4_)) * x);{'d0': {'_a0_': -1.6883804388185435, '_a3_': 1.247718831156027, '_a4_': -1.7751354043798202, '_a1_': 1.0, '_a2_': 1.0, '_a5_': 1.0, '_a6_': 1.0, '_a7_': 1.0}};{'d0': 0.024905832919416622};-280.569866449044;39.53607860405063
30619;-100.748854620471;(((-((_a0_ * (x + (x + _a3_)))) * x) + -(_a4_)) * x);{'d0': {'_a0_': -1.6883804388185435, '_a3_': 1.247718831156027, '_a4_': -1.7751354043798202, '_a1_': 1.0, '_a2_': 1.0, '_a5_': 1.0, '_a6_': 1.0, '_a7_': 1.0}};{'d0': 0.024905832919416622};-280.569866449044;39.53607860405063
30620;-100.748854620471;(((-((_a0_ * (x + (x + _a3_)))) * x) + -(_a4_)) * x);{'d0': {'_a0_': -1.6883804388185435, '_a3_': 1.247718831156027, '_a4_': -1.7751354043798202, '_a1_': 1.0, '_a2_': 1.0, '_a5_': 1.0, '_a6_': 1.0, '_a7_': 1.0}};{'d0': 0.024905832919416622};-280.569866449044;39.53607860405063
30621;-100.748854620471;(((-((_a0_ * (x + (x + _a3_)))) * x) + -(_a4_)) * x);{'d0': {'_a0_': -1.6883804388185435, '_a3_': 1.247718831156027, '_a4_': -1.7751354043798202, '_a1_': 1.0, '_a2_': 1.0, '_a5_': 1.0, '_a6_': 1.0, '_a7_': 1.0}};{'d0': 0.024905832919416622};-280.569866449044;39.53607860405063
30622;-100.748854620471;(((-((_a0_ * (x + (x + _a3_)))) * x) + -(_a4_)) * x);{'d0': {'_a0_': -1.6883804388185435, '_a3_': 1.247718831156027, '_a4_': -1.7751354043798202, '_a1_': 1.0, '_a2_': 1.0, '_a5_': 1.0, '_a6_': 1.0, '_a7_': 1.0}};{'d0': 0.024905832919416622};-280.569866449044;39.53607860405063
30623;-100.748854620471;(((-((_a0_ * (x + (_a4_ + _a3_)))) * x) + -(_a4_)) * x);{'d0': {'_a0_': -3.3767608772846835, '_a3_': 2.3989948202799933, '_a4_': -1.7751354046410035, '_a1_': 1.0, '_a2_': 1.0, '_a5_': 1.0, '_a6_': 1.0, '_a7_': 1.0}};{'d0': 0.024905832919416605};-280.569866449044;39.53607860405063
30624;-100.748854620471;(((-((_a0_ * (x + (_a4_ + _a3_)))) * x) + -(_a4_)) * x);{'d0': {'_a0_': -3.3767608772846835, '_a3_': 2.3989948202799933, '_a4_': -1.7751354046410035, '_a1_': 1.0, '_a2_': 1.0, '_a5_': 1.0, '_a6_': 1.0, '_a7_': 1.0}};{'d0': 0.024905832919416605};-280.569866449044;39.53607860405063
30625;-100.748854620471;(((-((_a0_ * (x + (_a4_ + _a3_)))) * x) + -(_a4_)) * x);{'d0': {'_a0_': -3.3767608772846835, '_a3_': 2.3989948202799933, '_a4_': -1.7751354046410035, '_a1_': 1.0, '_a2_': 1.0, '_a5_': 1.0, '_a6_': 1.0, '_a7_': 1.0}};{'d0': 0.024905832919416605};-280.569866449044;39.53607860405063
30626;-100.748854620471;(((-((_a0_ * (x + (_a4_ + _a3_)))) * x) + -(_a4_)) * x);{'d0': {'_a0_': -3.3767608772846835, '_a3_': 2.3989948202799933, '_a4_': -1.7751354046410035, '_a1_': 1.0, '_a2_': 1.0, '_a5_': 1.0, '_a6_': 1.0, '_a7_': 1.0}};{'d0': 0.024905832919416605};-280.569866449044;39.53607860405063
30627;-100.748854620471;(((-((_a0_ * (x + (_a4_ + _a3_)))) * x) + -(_a4_)) * x);{'d0': {'_a0_': -3.3767608772846835, '_a3_': 2.3989948202799933, '_a4_': -1.7751354046410035, '_a1_': 1.0, '_a2_': 1.0, '_a5_': 1.0, '_a6_': 1.0, '_a7_': 1.0}};{'d0': 0.024905832919416605};-280.569866449044;39.53607860405063
30628;-100.748854620471;(((-((_a0_ * (x + (_a4_ + _a3_)))) * x) + -(_a4_)) * x);{'d0': {'_a0_': -3.3767608772846835, '_a3_': 2.3989948202799933, '_a4_': -1.7751354046410035, '_a1_': 1.0, '_a2_': 1.0, '_a5_': 1.0, '_a6_': 1.0, '_a7_': 1.0}};{'d0': 0.024905832919416605};-280.569866449044;39.53607860405063
30629;-100.748854620471;(((-((_a0_ * (x + (_a4_ + _a3_)))) * x) + -(_a4_)) * x);{'d0': {'_a0_': -3.3767608772846835, '_a3_': 2.3989948202799933, '_a4_': -1.7751354046410035, '_a1_': 1.0, '_a2_': 1.0, '_a5_': 1.0, '_a6_': 1.0, '_a7_': 1.0}};{'d0': 0.024905832919416605};-280.569866449044;39.53607860405063
30630;-100.748854620471;(((-((_a0_ * (x + (_a4_ + _a3_)))) * x) + -(_a4_)) * x);{'d0': {'_a0_': -3.3767608772846835, '_a3_': 2.3989948202799933, '_a4_': -1.7751354046410035, '_a1_': 1.0, '_a2_': 1.0, '_a5_': 1.0, '_a6_': 1.0, '_a7_': 1.0}};{'d0': 0.024905832919416605};-280.569866449044;39.53607860405063
30631;-100.748854620471;(((-((_a0_ * (x + (_a4_ + _a3_)))) * x) + -(_a4_)) * x);{'d0': {'_a0_': -3.3767608772846835, '_a3_': 2.3989948202799933, '_a4_': -1.7751354046410035, '_a1_': 1.0, '_a2_': 1.0, '_a5_': 1.0, '_a6_': 1.0, '_a7_': 1.0}};{'d0': 0.024905832919416605};-280.569866449044;39.53607860405063
30632;-100.748854620471;(((-((_a0_ * (x + (_a4_ + _a3_)))) * x) + -(_a4_)) * x);{'d0': {'_a0_': -3.3767608772846835, '_a3_': 2.3989948202799933, '_a4_': -1.7751354046410035, '_a1_': 1.0, '_a2_': 1.0, '_a5_': 1.0, '_a6_': 1.0, '_a7_': 1.0}};{'d0': 0.024905832919416605};-280.569866449044;39.53607860405063
30633;-100.748854620471;(((-((_a0_ * (x + (_a4_ + _a3_)))) * x) + -(_a4_)) * x);{'d0': {'_a0_': -3.3767608772846835, '_a3_': 2.3989948202799933, '_a4_': -1.7751354046410035, '_a1_': 1.0, '_a2_': 1.0, '_a5_': 1.0, '_a6_': 1.0, '_a7_': 1.0}};{'d0': 0.024905832919416605};-280.569866449044;39.53607860405063
30634;-100.748854620471;(((-((_a0_ * (x + (_a4_ + _a3_)))) * x) + -(_a4_)) * x);{'d0': {'_a0_': -3.3767608772846835, '_a3_': 2.3989948202799933, '_a4_': -1.7751354046410035, '_a1_': 1.0, '_a2_': 1.0, '_a5_': 1.0, '_a6_': 1.0, '_a7_': 1.0}};{'d0': 0.024905832919416605};-280.569866449044;39.53607860405063
30635;-100.748854620471;(((-((_a0_ * (x + (_a4_ + _a3_)))) * x) + -(_a4_)) * x);{'d0': {'_a0_': -3.3767608772846835, '_a3_': 2.3989948202799933, '_a4_': -1.7751354046410035, '_a1_': 1.0, '_a2_': 1.0, '_a5_': 1.0, '_a6_': 1.0, '_a7_': 1.0}};{'d0': 0.024905832919416605};-280.569866449044;39.53607860405063
30636;-100.748854620471;(((-((_a0_ * (x + (_a4_ + _a3_)))) * x) + -(_a4_)) * x);{'d0': {'_a0_': -3.3767608772846835, '_a3_': 2.3989948202799933, '_a4_': -1.7751354046410035, '_a1_': 1.0, '_a2_': 1.0, '_a5_': 1.0, '_a6_': 1.0, '_a7_': 1.0}};{'d0': 0.024905832919416605};-280.569866449044;39.53607860405063
30637;-94.8282535714415;(((-(((_a3_ + _a7_) * (x + (_a4_ + _a3_)))) * x) + -(_a4_)) * x);{'d0': {'_a3_': 2.39899481946609, '_a4_': -1.7751354040037857, '_a7_': -5.775755697805693, '_a0_': 1.0, '_a1_': 1.0, '_a2_': 1.0, '_a5_': 1.0, '_a6_': 1.0}};{'d0': 0.024905832919416615};-280.569866449044;45.45667965308063
30638;-94.8282535714414;(((-(((_a3_ + _a7_) * (x + (x + _a3_)))) * x) + -(_a4_)) * x);{'d0': {'_a3_': 1.2477188312213205, '_a4_': -1.775135404389785, '_a7_': -2.9360992703639543, '_a0_': 1.0, '_a1_': 1.0, '_a2_': 1.0, '_a5_': 1.0, '_a6_': 1.0}};{'d0': 0.024905832919416653};-280.569866449044;45.45667965308063
30639;-95.3827864858115;(((-(((_a3_ + _a7_) * (x + exp(_a7_)))) * x) + -(_a4_)) * x);{'d0': {'_a3_': -2.9049306470978626, '_a4_': -1.7751354039540668, '_a7_': -0.4718302317441391, '_a0_': 1.0, '_a1_': 1.0, '_a2_': 1.0, '_a5_': 1.0, '_a6_': 1.0}};{'d0': 0.02490583291941661};-280.569866449044;44.90214673871063
30640;-95.3827864858115;(((-(((_a3_ + _a7_) * (x + exp(_a7_)))) * x) + -(_a4_)) * x);{'d0': {'_a3_': -2.9049306470978626, '_a4_': -1.7751354039540668, '_a7_': -0.4718302317441391, '_a0_': 1.0, '_a1_': 1.0, '_a2_': 1.0, '_a5_': 1.0, '_a6_': 1.0}};{'d0': 0.02490583291941661};-280.569866449044;44.90214673871063
30641;-95.3827864858115;(((-(((_a3_ + _a7_) * (x + exp(_a7_)))) * x) + -(_a4_)) * x);{'d0': {'_a3_': -2.9049306470978626, '_a4_': -1.7751354039540668, '_a7_': -0.4718302317441391, '_a0_': 1.0, '_a1_': 1.0, '_a2_': 1.0, '_a5_': 1.0, '_a6_': 1.0}};{'d0': 0.02490583291941661};-280.569866449044;44.90214673871063
30642;-95.3827864858115;(((-(((_a3_ + _a7_) * (x + exp(_a7_)))) * x) + -(_a4_)) * x);{'d0': {'_a3_': -2.9049306470978626, '_a4_': -1.7751354039540668, '_a7_': -0.4718302317441391, '_a0_': 1.0, '_a1_': 1.0, '_a2_': 1.0, '_a5_': 1.0, '_a6_': 1.0}};{'d0': 0.02490583291941661};-280.569866449044;44.90214673871063
30643;-95.3827864858115;(((-(((_a3_ + _a7_) * (x + exp(_a7_)))) * x) + -(_a4_)) * x);{'d0': {'_a3_': -2.9049306470978626, '_a4_': -1.7751354039540668, '_a7_': -0.4718302317441391, '_a0_': 1.0, '_a1_': 1.0, '_a2_': 1.0, '_a5_': 1.0, '_a6_': 1.0}};{'d0': 0.02490583291941661};-280.569866449044;44.90214673871063
30644;-91.7018291695495;(((-(((_a3_ + _a7_) * (x + exp(_a7_)))) * x) + -(-(_a6_))) * x);{'d0': {'_a3_': -2.904930647361939, '_a6_': 1.775135404232951, '_a7_': -0.47183023153295334, '_a0_': 1.0, '_a1_': 1.0, '_a2_': 1.0, '_a4_': 1.0, '_a5_': 1.0}};{'d0': 0.02490583291941661};-280.569866449044;48.58310405497258
30645;-91.7018291695495;(((-(((_a3_ + _a7_) * (x + exp(_a7_)))) * x) + -(-(_a6_))) * x);{'d0': {'_a3_': -2.904930647361939, '_a6_': 1.775135404232951, '_a7_': -0.47183023153295334, '_a0_': 1.0, '_a1_': 1.0, '_a2_': 1.0, '_a4_': 1.0, '_a5_': 1.0}};{'d0': 0.02490583291941661};-280.569866449044;48.58310405497258
30646;-91.7018291695495;(((-(((_a3_ + _a7_) * (x + exp(_a7_)))) * x) + -(-(_a6_))) * x);{'d0': {'_a3_': -2.904930647361939, '_a6_': 1.775135404232951, '_a7_': -0.47183023153295334, '_a0_': 1.0, '_a1_': 1.0, '_a2_': 1.0, '_a4_': 1.0, '_a5_': 1.0}};{'d0': 0.02490583291941661};-280.569866449044;48.58310405497258
30647;-91.7018291695495;(((-(((_a3_ + _a7_) * (x + exp(_a7_)))) * x) + -(-(_a6_))) * x);{'d0': {'_a3_': -2.904930647361939, '_a6_': 1.775135404232951, '_a7_': -0.47183023153295334, '_a0_': 1.0, '_a1_': 1.0, '_a2_': 1.0, '_a4_': 1.0, '_a5_': 1.0}};{'d0': 0.02490583291941661};-280.569866449044;48.58310405497258
30648;-91.7018291695495;(((-(((_a3_ + _a7_) * (x + exp(_a7_)))) * x) + -(-(_a6_))) * x);{'d0': {'_a3_': -2.904930647361939, '_a6_': 1.775135404232951, '_a7_': -0.47183023153295334, '_a0_': 1.0, '_a1_': 1.0, '_a2_': 1.0, '_a4_': 1.0, '_a5_': 1.0}};{'d0': 0.02490583291941661};-280.569866449044;48.58310405497258
30649;-91.7018291695495;(((-(((_a3_ + _a7_) * (x + exp(_a7_)))) * x) + -(-(_a6_))) * x);{'d0': {'_a3_': -2.904930647361939, '_a6_': 1.775135404232951, '_a7_': -0.47183023153295334, '_a0_': 1.0, '_a1_': 1.0, '_a2_': 1.0, '_a4_': 1.0, '_a5_': 1.0}};{'d0': 0.02490583291941661};-280.569866449044;48.58310405497258
30650;-91.7018291695495;(((-(((_a3_ + _a7_) * (x + exp(_a7_)))) * x) + -(-(_a6_))) * x);{'d0': {'_a3_': -2.904930647361939, '_a6_': 1.775135404232951, '_a7_': -0.47183023153295334, '_a0_': 1.0, '_a1_': 1.0, '_a2_': 1.0, '_a4_': 1.0, '_a5_': 1.0}};{'d0': 0.02490583291941661};-280.569866449044;48.58310405497258
30651;-91.7018291695495;(((-(((_a3_ + _a7_) * (x + exp(_a7_)))) * x) + -(-(_a6_))) * x);{'d0': {'_a3_': -2.904930647361939, '_a6_': 1.775135404232951, '_a7_': -0.47183023153295334, '_a0_': 1.0, '_a1_': 1.0, '_a2_': 1.0, '_a4_': 1.0, '_a5_': 1.0}};{'d0': 0.02490583291941661};-280.569866449044;48.58310405497258
30652;-91.7018291695495;(((-(((_a3_ + _a7_) * (x + exp(_a7_)))) * x) + -(-(_a6_))) * x);{'d0': {'_a3_': -2.904930647361939, '_a6_': 1.775135404232951, '_a7_': -0.47183023153295334, '_a0_': 1.0, '_a1_': 1.0, '_a2_': 1.0, '_a4_': 1.0, '_a5_': 1.0}};{'d0': 0.02490583291941661};-280.569866449044;48.58310405497258
30653;-96.6629489855667;(((((pow2(pow2(_a2_)) * (_a4_ + x)) * x) * (_a2_ * x)) + x) * _a3_);{'d0': {'_a2_': 1.1372442883867282, '_a3_': 1.7751354044457577, '_a4_': 0.6238594156245256, '_a0_': 1.0, '_a1_': 1.0, '_a5_': 1.0, '_a6_': 1.0, '_a7_': 1.0}};{'d0': 0.024905832919416615};-280.569866449044;43.62198423895495
30654;-96.6629489855667;(((((pow2(pow2(_a2_)) * (_a4_ + x)) * x) * (_a2_ * x)) + x) * _a3_);{'d0': {'_a2_': 1.1372442883867282, '_a3_': 1.7751354044457577, '_a4_': 0.6238594156245256, '_a0_': 1.0, '_a1_': 1.0, '_a5_': 1.0, '_a6_': 1.0, '_a7_': 1.0}};{'d0': 0.024905832919416615};-280.569866449044;43.62198423895495
30655;-96.6629489855667;(((((pow2(pow2(_a2_)) * (_a4_ + x)) * x) * (_a2_ * x)) + x) * _a3_);{'d0': {'_a2_': 1.1372442883867282, '_a3_': 1.7751354044457577, '_a4_': 0.6238594156245256, '_a0_': 1.0, '_a1_': 1.0, '_a5_': 1.0, '_a6_': 1.0, '_a7_': 1.0}};{'d0': 0.024905832919416615};-280.569866449044;43.62198423895495
30656;-96.6629489855667;(((((pow2(pow2(_a2_)) * (_a4_ + x)) * x) * (_a2_ * x)) + x) * _a3_);{'d0': {'_a2_': 1.1372442883867282, '_a3_': 1.7751354044457577, '_a4_': 0.6238594156245256, '_a0_': 1.0, '_a1_': 1.0, '_a5_': 1.0, '_a6_': 1.0, '_a7_': 1.0}};{'d0': 0.024905832919416615};-280.569866449044;43.62198423895495
30657;-91.7018291695495;(((-(((_a3_ + _a7_) * (x + exp(_a7_)))) * x) + -(-(_a6_))) * x);{'d0': {'_a3_': -2.904930647361939, '_a6_': 1.775135404232951, '_a7_': -0.47183023153295334, '_a0_': 1.0, '_a1_': 1.0, '_a2_': 1.0, '_a4_': 1.0, '_a5_': 1.0}};{'d0': 0.02490583291941661};-280.569866449044;48.58310405497258
30658;-91.7018291695495;(((-(((_a3_ + _a7_) * (x + exp(_a7_)))) * x) + -(-(_a6_))) * x);{'d0': {'_a3_': -2.904930647361939, '_a6_': 1.775135404232951, '_a7_': -0.47183023153295334, '_a0_': 1.0, '_a1_': 1.0, '_a2_': 1.0, '_a4_': 1.0, '_a5_': 1.0}};{'d0': 0.02490583291941661};-280.569866449044;48.58310405497258
30659;-91.7018291695495;(((-(((_a3_ + _a7_) * (x + exp(_a7_)))) * x) + -(-(_a6_))) * x);{'d0': {'_a3_': -2.904930647361939, '_a6_': 1.775135404232951, '_a7_': -0.47183023153295334, '_a0_': 1.0, '_a1_': 1.0, '_a2_': 1.0, '_a4_': 1.0, '_a5_': 1.0}};{'d0': 0.02490583291941661};-280.569866449044;48.58310405497258
30660;-91.7018291695495;(((-(((_a3_ + _a7_) * (x + exp(_a7_)))) * x) + -(-(_a6_))) * x);{'d0': {'_a3_': -2.904930647361939, '_a6_': 1.775135404232951, '_a7_': -0.47183023153295334, '_a0_': 1.0, '_a1_': 1.0, '_a2_': 1.0, '_a4_': 1.0, '_a5_': 1.0}};{'d0': 0.02490583291941661};-280.569866449044;48.58310405497258
30661;-91.7018291695495;(((-(((_a3_ + _a7_) * (x + exp(_a7_)))) * x) + -(-(_a6_))) * x);{'d0': {'_a3_': -2.904930647361939, '_a6_': 1.775135404232951, '_a7_': -0.47183023153295334, '_a0_': 1.0, '_a1_': 1.0, '_a2_': 1.0, '_a4_': 1.0, '_a5_': 1.0}};{'d0': 0.02490583291941661};-280.569866449044;48.58310405497258
30662;-91.7018291695495;(((-(((_a3_ + _a7_) * (x + exp(_a7_)))) * x) + -(-(_a6_))) * x);{'d0': {'_a3_': -2.904930647361939, '_a6_': 1.775135404232951, '_a7_': -0.47183023153295334, '_a0_': 1.0, '_a1_': 1.0, '_a2_': 1.0, '_a4_': 1.0, '_a5_': 1.0}};{'d0': 0.02490583291941661};-280.569866449044;48.58310405497258
30663;-91.7018291695495;(((-(((_a3_ + _a7_) * (x + exp(_a7_)))) * x) + -(-(_a6_))) * x);{'d0': {'_a3_': -2.904930647361939, '_a6_': 1.775135404232951, '_a7_': -0.47183023153295334, '_a0_': 1.0, '_a1_': 1.0, '_a2_': 1.0, '_a4_': 1.0, '_a5_': 1.0}};{'d0': 0.02490583291941661};-280.569866449044;48.58310405497258
30664;-96.6629489855667;(((((pow2(pow2(_a2_)) * (_a4_ + x)) * x) * (_a2_ * x)) + x) * _a3_);{'d0': {'_a2_': 1.1372442883867282, '_a3_': 1.7751354044457577, '_a4_': 0.6238594156245256, '_a0_': 1.0, '_a1_': 1.0, '_a5_': 1.0, '_a6_': 1.0, '_a7_': 1.0}};{'d0': 0.024905832919416615};-280.569866449044;43.62198423895495
30665;-96.6629489855667;(((((pow2(pow2(_a2_)) * (_a4_ + x)) * x) * (_a2_ * x)) + x) * _a3_);{'d0': {'_a2_': 1.1372442883867282, '_a3_': 1.7751354044457577, '_a4_': 0.6238594156245256, '_a0_': 1.0, '_a1_': 1.0, '_a5_': 1.0, '_a6_': 1.0, '_a7_': 1.0}};{'d0': 0.024905832919416615};-280.569866449044;43.62198423895495
30666;-96.6629489855667;(((((pow2(pow2(_a2_)) * (_a4_ + x)) * x) * (_a2_ * x)) + x) * _a3_);{'d0': {'_a2_': 1.1372442883867282, '_a3_': 1.7751354044457577, '_a4_': 0.6238594156245256, '_a0_': 1.0, '_a1_': 1.0, '_a5_': 1.0, '_a6_': 1.0, '_a7_': 1.0}};{'d0': 0.024905832919416615};-280.569866449044;43.62198423895495
30667;-96.6629489855667;(((((pow2(pow2(_a2_)) * (_a4_ + x)) * x) * (_a2_ * x)) + x) * _a3_);{'d0': {'_a2_': 1.1372442883867282, '_a3_': 1.7751354044457577, '_a4_': 0.6238594156245256, '_a0_': 1.0, '_a1_': 1.0, '_a5_': 1.0, '_a6_': 1.0, '_a7_': 1.0}};{'d0': 0.024905832919416615};-280.569866449044;43.62198423895495
30668;-96.6629489855667;(((((pow2(pow2(_a2_)) * (_a4_ + x)) * x) * (_a2_ * x)) + x) * _a3_);{'d0': {'_a2_': 1.1372442883867282, '_a3_': 1.7751354044457577, '_a4_': 0.6238594156245256, '_a0_': 1.0, '_a1_': 1.0, '_a5_': 1.0, '_a6_': 1.0, '_a7_': 1.0}};{'d0': 0.024905832919416615};-280.569866449044;43.62198423895495
30669;-96.6629489855667;(((((pow2(pow2(_a2_)) * (_a4_ + x)) * x) * (_a2_ * x)) + x) * _a3_);{'d0': {'_a2_': 1.1372442883867282, '_a3_': 1.7751354044457577, '_a4_': 0.6238594156245256, '_a0_': 1.0, '_a1_': 1.0, '_a5_': 1.0, '_a6_': 1.0, '_a7_': 1.0}};{'d0': 0.024905832919416615};-280.569866449044;43.62198423895495
30670;-96.6629489855667;(((((pow2(pow2(_a2_)) * (_a4_ + x)) * x) * (_a2_ * x)) + x) * _a3_);{'d0': {'_a2_': 1.1372442883867282, '_a3_': 1.7751354044457577, '_a4_': 0.6238594156245256, '_a0_': 1.0, '_a1_': 1.0, '_a5_': 1.0, '_a6_': 1.0, '_a7_': 1.0}};{'d0': 0.024905832919416615};-280.569866449044;43.62198423895495
30671;-96.6629489855667;(((((pow2(pow2(_a2_)) * (_a4_ + x)) * x) * (_a2_ * x)) + x) * _a3_);{'d0': {'_a2_': 1.1372442883867282, '_a3_': 1.7751354044457577, '_a4_': 0.6238594156245256, '_a0_': 1.0, '_a1_': 1.0, '_a5_': 1.0, '_a6_': 1.0, '_a7_': 1.0}};{'d0': 0.024905832919416615};-280.569866449044;43.62198423895495
30672;-96.6629489855667;(((((pow2(pow2(_a2_)) * (_a4_ + x)) * x) * (_a2_ * x)) + x) * _a3_);{'d0': {'_a2_': 1.1372442883867282, '_a3_': 1.7751354044457577, '_a4_': 0.6238594156245256, '_a0_': 1.0, '_a1_': 1.0, '_a5_': 1.0, '_a6_': 1.0, '_a7_': 1.0}};{'d0': 0.024905832919416615};-280.569866449044;43.62198423895495
30673;-96.6629489855667;(((((pow2(pow2(_a2_)) * (_a4_ + x)) * x) * (_a2_ * x)) + x) * _a3_);{'d0': {'_a2_': 1.1372442883867282, '_a3_': 1.7751354044457577, '_a4_': 0.6238594156245256, '_a0_': 1.0, '_a1_': 1.0, '_a5_': 1.0, '_a6_': 1.0, '_a7_': 1.0}};{'d0': 0.024905832919416615};-280.569866449044;43.62198423895495
30674;-91.5688944874657;(((((pow2(pow2(_a2_)) * (_a4_ + x)) * x) * (_a2_ * x)) + x) * (_a2_ * _a3_));{'d0': {'_a2_': 1.1372442884435598, '_a3_': 1.5609094917649307, '_a4_': 0.6238594156209296, '_a0_': 1.0, '_a1_': 1.0, '_a5_': 1.0, '_a6_': 1.0, '_a7_': 1.0}};{'d0': 0.02490583291941665};-280.569866449044;48.71603873705595
30675;-91.5688944874657;(((((pow2(pow2(_a2_)) * (_a4_ + x)) * x) * (_a2_ * x)) + x) * (_a2_ * _a3_));{'d0': {'_a2_': 1.1372442884435598, '_a3_': 1.5609094917649307, '_a4_': 0.6238594156209296, '_a0_': 1.0, '_a1_': 1.0, '_a5_': 1.0, '_a6_': 1.0, '_a7_': 1.0}};{'d0': 0.02490583291941665};-280.569866449044;48.71603873705595
30676;-91.5688944874657;(((((pow2(pow2(_a2_)) * (_a4_ + x)) * x) * (_a2_ * x)) + x) * (_a2_ * _a3_));{'d0': {'_a2_': 1.1372442884435598, '_a3_': 1.5609094917649307, '_a4_': 0.6238594156209296, '_a0_': 1.0, '_a1_': 1.0, '_a5_': 1.0, '_a6_': 1.0, '_a7_': 1.0}};{'d0': 0.02490583291941665};-280.569866449044;48.71603873705595
30677;-91.5688944874657;(((((pow2(pow2(_a2_)) * (_a4_ + x)) * x) * (_a2_ * x)) + x) * (_a2_ * _a3_));{'d0': {'_a2_': 1.1372442884435598, '_a3_': 1.5609094917649307, '_a4_': 0.6238594156209296, '_a0_': 1.0, '_a1_': 1.0, '_a5_': 1.0, '_a6_': 1.0, '_a7_': 1.0}};{'d0': 0.02490583291941665};-280.569866449044;48.71603873705595
30678;-91.5688944874657;(((((pow2(pow2(_a2_)) * (_a4_ + x)) * x) * (_a2_ * x)) + x) * (_a2_ * _a3_));{'d0': {'_a2_': 1.1372442884435598, '_a3_': 1.5609094917649307, '_a4_': 0.6238594156209296, '_a0_': 1.0, '_a1_': 1.0, '_a5_': 1.0, '_a6_': 1.0, '_a7_': 1.0}};{'d0': 0.02490583291941665};-280.569866449044;48.71603873705595
30679;-91.5688944874657;(((((pow2(pow2(_a2_)) * (_a4_ + x)) * x) * (_a2_ * x)) + x) * (_a2_ * _a3_));{'d0': {'_a2_': 1.1372442884435598, '_a3_': 1.5609094917649307, '_a4_': 0.6238594156209296, '_a0_': 1.0, '_a1_': 1.0, '_a5_': 1.0, '_a6_': 1.0, '_a7_': 1.0}};{'d0': 0.02490583291941665};-280.569866449044;48.71603873705595
30680;-91.5688944874657;(((((pow2(pow2(_a2_)) * (_a4_ + x)) * x) * (_a2_ * x)) + x) * (_a2_ * _a3_));{'d0': {'_a2_': 1.1372442884435598, '_a3_': 1.5609094917649307, '_a4_': 0.6238594156209296, '_a0_': 1.0, '_a1_': 1.0, '_a5_': 1.0, '_a6_': 1.0, '_a7_': 1.0}};{'d0': 0.02490583291941665};-280.569866449044;48.71603873705595
30681;-91.5688944874657;(((((pow2(pow2(_a2_)) * (_a4_ + x)) * x) * (_a2_ * x)) + x) * (_a2_ * _a3_));{'d0': {'_a2_': 1.1372442884435598, '_a3_': 1.5609094917649307, '_a4_': 0.6238594156209296, '_a0_': 1.0, '_a1_': 1.0, '_a5_': 1.0, '_a6_': 1.0, '_a7_': 1.0}};{'d0': 0.02490583291941665};-280.569866449044;48.71603873705595
30682;-99.4619796209258;(((pow2(((_a4_ + x) + x)) + _a0_) * ((_a5_ * x) * _a5_)) * _a0_);{'d0': {'_a0_': 1.7135665114903742, '_a4_': 0.6238594157457432, '_a5_': 0.701891002255434, '_a1_': 1.0, '_a2_': 1.0, '_a3_': 1.0, '_a6_': 1.0, '_a7_': 1.0}};{'d0': 0.024905832919416605};-280.569866449044;40.82295360359599
30683;-99.4619796209258;(((pow2(((_a4_ + x) + x)) + _a0_) * ((_a5_ * x) * _a5_)) * _a0_);{'d0': {'_a0_': 1.7135665114903742, '_a4_': 0.6238594157457432, '_a5_': 0.701891002255434, '_a1_': 1.0, '_a2_': 1.0, '_a3_': 1.0, '_a6_': 1.0, '_a7_': 1.0}};{'d0': 0.024905832919416605};-280.569866449044;40.82295360359599
30684;-99.4619796209258;(((pow2(((_a4_ + x) + x)) + _a0_) * ((_a5_ * x) * _a5_)) * _a0_);{'d0': {'_a0_': 1.7135665114903742, '_a4_': 0.6238594157457432, '_a5_': 0.701891002255434, '_a1_': 1.0, '_a2_': 1.0, '_a3_': 1.0, '_a6_': 1.0, '_a7_': 1.0}};{'d0': 0.024905832919416605};-280.569866449044;40.82295360359599
30685;-99.4619796209258;(((pow2(((_a4_ + x) + x)) + _a0_) * ((_a5_ * x) * _a5_)) * _a0_);{'d0': {'_a0_': 1.7135665114903742, '_a4_': 0.6238594157457432, '_a5_': 0.701891002255434, '_a1_': 1.0, '_a2_': 1.0, '_a3_': 1.0, '_a6_': 1.0, '_a7_': 1.0}};{'d0': 0.024905832919416605};-280.569866449044;40.82295360359599
30686;-99.4619796209258;(((pow2(((_a4_ + x) + _a5_)) + _a0_) * ((_a5_ * x) * _a5_)) * _a0_);{'d0': {'_a0_': 0.428391627915549, '_a4_': -2.4956343008422257, '_a5_': 2.8075640086305893, '_a1_': 1.0, '_a2_': 1.0, '_a3_': 1.0, '_a6_': 1.0, '_a7_': 1.0}};{'d0': 0.024905832919416615};-280.569866449044;40.82295360359599
30687;-99.4619796209258;(((pow2(((_a4_ + x) + _a5_)) + _a0_) * ((_a5_ * x) * _a5_)) * _a0_);{'d0': {'_a0_': 0.428391627915549, '_a4_': -2.4956343008422257, '_a5_': 2.8075640086305893, '_a1_': 1.0, '_a2_': 1.0, '_a3_': 1.0, '_a6_': 1.0, '_a7_': 1.0}};{'d0': 0.024905832919416615};-280.569866449044;40.82295360359599
30688;-99.4619796209258;(((pow2(((_a4_ + x) + _a5_)) + _a0_) * ((_a5_ * x) * _a5_)) * _a0_);{'d0': {'_a0_': 0.428391627915549, '_a4_': -2.4956343008422257, '_a5_': 2.8075640086305893, '_a1_': 1.0, '_a2_': 1.0, '_a3_': 1.0, '_a6_': 1.0, '_a7_': 1.0}};{'d0': 0.024905832919416615};-280.569866449044;40.82295360359599
30689;-99.4619796209258;(((pow2(((_a4_ + x) + _a5_)) + _a0_) * ((_a5_ * x) * _a5_)) * _a0_);{'d0': {'_a0_': 0.428391627915549, '_a4_': -2.4956343008422257, '_a5_': 2.8075640086305893, '_a1_': 1.0, '_a2_': 1.0, '_a3_': 1.0, '_a6_': 1.0, '_a7_': 1.0}};{'d0': 0.024905832919416615};-280.569866449044;40.82295360359599
30690;-99.4619796209258;(((pow2(((_a4_ + x) + _a5_)) + _a0_) * ((_a5_ * x) * _a5_)) * _a0_);{'d0': {'_a0_': 0.428391627915549, '_a4_': -2.4956343008422257, '_a5_': 2.8075640086305893, '_a1_': 1.0, '_a2_': 1.0, '_a3_': 1.0, '_a6_': 1.0, '_a7_': 1.0}};{'d0': 0.024905832919416615};-280.569866449044;40.82295360359599
30691;-99.4619796209258;(((pow2(((_a4_ + x) + _a5_)) + _a0_) * ((_a5_ * x) * _a5_)) * _a0_);{'d0': {'_a0_': 0.428391627915549, '_a4_': -2.4956343008422257, '_a5_': 2.8075640086305893, '_a1_': 1.0, '_a2_': 1.0, '_a3_': 1.0, '_a6_': 1.0, '_a7_': 1.0}};{'d0': 0.024905832919416615};-280.569866449044;40.82295360359599
30692;-99.4619796209258;(((pow2(((_a6_ + x) + _a5_)) + _a0_) * ((_a5_ * x) * _a5_)) * _a0_);{'d0': {'_a0_': 0.4283916288153381, '_a5_': 2.8075640040776615, '_a6_': -2.4956342962332334, '_a1_': 1.0, '_a2_': 1.0, '_a3_': 1.0, '_a4_': 1.0, '_a7_': 1.0}};{'d0': 0.02490583291941664};-280.569866449044;40.82295360359599
30693;-99.4619796209258;(((pow2(((_a6_ + x) + _a5_)) + _a0_) * ((_a5_ * x) * _a5_)) * _a0_);{'d0': {'_a0_': 0.4283916288153381, '_a5_': 2.8075640040776615, '_a6_': -2.4956342962332334, '_a1_': 1.0, '_a2_': 1.0, '_a3_': 1.0, '_a4_': 1.0, '_a7_': 1.0}};{'d0': 0.02490583291941664};-280.569866449044;40.82295360359599
30694;-99.4619796209258;(((pow2(((_a6_ + x) + _a5_)) + _a0_) * ((_a5_ * x) * _a5_)) * _a0_);{'d0': {'_a0_': 0.4283916288153381, '_a5_': 2.8075640040776615, '_a6_': -2.4956342962332334, '_a1_': 1.0, '_a2_': 1.0, '_a3_': 1.0, '_a4_': 1.0, '_a7_': 1.0}};{'d0': 0.02490583291941664};-280.569866449044;40.82295360359599
30695;-99.4619796209258;(((pow2(((_a6_ + x) + _a5_)) + _a0_) * ((_a5_ * x) * _a5_)) * _a0_);{'d0': {'_a0_': 0.4283916288153381, '_a5_': 2.8075640040776615, '_a6_': -2.4956342962332334, '_a1_': 1.0, '_a2_': 1.0, '_a3_': 1.0, '_a4_': 1.0, '_a7_': 1.0}};{'d0': 0.02490583291941664};-280.569866449044;40.82295360359599
30696;-99.4619796209258;(((pow2(((_a6_ + x) + _a5_)) + _a0_) * ((_a5_ * x) * _a5_)) * _a0_);{'d0': {'_a0_': 0.4283916288153381, '_a5_': 2.8075640040776615, '_a6_': -2.4956342962332334, '_a1_': 1.0, '_a2_': 1.0, '_a3_': 1.0, '_a4_': 1.0, '_a7_': 1.0}};{'d0': 0.02490583291941664};-280.569866449044;40.82295360359599
30697;-99.4619796209258;(((pow2(((_a6_ + x) + _a5_)) + _a0_) * ((_a5_ * x) * _a5_)) * _a0_);{'d0': {'_a0_': 0.4283916288153381, '_a5_': 2.8075640040776615, '_a6_': -2.4956342962332334, '_a1_': 1.0, '_a2_': 1.0, '_a3_': 1.0, '_a4_': 1.0, '_a7_': 1.0}};{'d0': 0.02490583291941664};-280.569866449044;40.82295360359599
30698;-99.4619796209258;(((pow2(((_a6_ + x) + _a5_)) + _a0_) * ((_a5_ * x) * _a5_)) * _a0_);{'d0': {'_a0_': 0.4283916288153381, '_a5_': 2.8075640040776615, '_a6_': -2.4956342962332334, '_a1_': 1.0, '_a2_': 1.0, '_a3_': 1.0, '_a4_': 1.0, '_a7_': 1.0}};{'d0': 0.02490583291941664};-280.569866449044;40.82295360359599
30699;-99.4619796209258;(((pow2(((_a6_ + x) + _a5_)) + _a0_) * ((_a5_ * x) * _a5_)) * _a0_);{'d0': {'_a0_': 0.4283916288153381, '_a5_': 2.8075640040776615, '_a6_': -2.4956342962332334, '_a1_': 1.0, '_a2_': 1.0, '_a3_': 1.0, '_a4_': 1.0, '_a7_': 1.0}};{'d0': 0.02490583291941664};-280.569866449044;40.82295360359599
30700;-91.5688944874658;(((((pow2(pow2(_a2_)) * (_a4_ + x)) * x) * (_a2_ * x)) + x) * (_a2_ * _a0_));{'d0': {'_a0_': 1.560909492402736, '_a2_': 1.1372442883112328, '_a4_': 0.6238594157311668, '_a1_': 1.0, '_a3_': 1.0, '_a5_': 1.0, '_a6_': 1.0, '_a7_': 1.0}};{'d0': 0.024905832919416566};-280.569866449044;48.71603873705595
30701;-91.5688944874658;(((((pow2(pow2(_a2_)) * (_a4_ + x)) * x) * (_a2_ * x)) + x) * (_a2_ * _a0_));{'d0': {'_a0_': 1.560909492402736, '_a2_': 1.1372442883112328, '_a4_': 0.6238594157311668, '_a1_': 1.0, '_a3_': 1.0, '_a5_': 1.0, '_a6_': 1.0, '_a7_': 1.0}};{'d0': 0.024905832919416566};-280.569866449044;48.71603873705595
30702;-99.4619796209258;(((pow2(((_a6_ + x) + _a5_)) + _a0_) * ((_a5_ * x) * _a5_)) * _a0_);{'d0': {'_a0_': 0.4283916288153381, '_a5_': 2.8075640040776615, '_a6_': -2.4956342962332334, '_a1_': 1.0, '_a2_': 1.0, '_a3_': 1.0, '_a4_': 1.0, '_a7_': 1.0}};{'d0': 0.02490583291941664};-280.569866449044;40.82295360359599
30703;-99.4619796209258;(((pow2(((_a6_ + x) + _a5_)) + _a0_) * ((_a5_ * x) * _a5_)) * _a0_);{'d0': {'_a0_': 0.4283916288153381, '_a5_': 2.8075640040776615, '_a6_': -2.4956342962332334, '_a1_': 1.0, '_a2_': 1.0, '_a3_': 1.0, '_a4_': 1.0, '_a7_': 1.0}};{'d0': 0.02490583291941664};-280.569866449044;40.82295360359599
30704;-99.4619796209258;(((pow2(((_a6_ + x) + _a5_)) + _a0_) * ((_a5_ * x) * _a5_)) * _a0_);{'d0': {'_a0_': 0.4283916288153381, '_a5_': 2.8075640040776615, '_a6_': -2.4956342962332334, '_a1_': 1.0, '_a2_': 1.0, '_a3_': 1.0, '_a4_': 1.0, '_a7_': 1.0}};{'d0': 0.02490583291941664};-280.569866449044;40.82295360359599
30705;-99.4619796209258;(((pow2(((_a6_ + x) + _a5_)) + _a0_) * ((_a5_ * x) * _a5_)) * _a0_);{'d0': {'_a0_': 0.4283916288153381, '_a5_': 2.8075640040776615, '_a6_': -2.4956342962332334, '_a1_': 1.0, '_a2_': 1.0, '_a3_': 1.0, '_a4_': 1.0, '_a7_': 1.0}};{'d0': 0.02490583291941664};-280.569866449044;40.82295360359599
30706;-99.4619796209258;(((pow2(((_a6_ + x) + _a5_)) + _a0_) * ((_a5_ * x) * _a5_)) * _a0_);{'d0': {'_a0_': 0.4283916288153381, '_a5_': 2.8075640040776615, '_a6_': -2.4956342962332334, '_a1_': 1.0, '_a2_': 1.0, '_a3_': 1.0, '_a4_': 1.0, '_a7_': 1.0}};{'d0': 0.02490583291941664};-280.569866449044;40.82295360359599
30707;-99.4619796209258;(((pow2(((_a6_ + x) + _a5_)) + _a0_) * ((_a5_ * x) * _a5_)) * _a0_);{'d0': {'_a0_': 0.4283916288153381, '_a5_': 2.8075640040776615, '_a6_': -2.4956342962332334, '_a1_': 1.0, '_a2_': 1.0, '_a3_': 1.0, '_a4_': 1.0, '_a7_': 1.0}};{'d0': 0.02490583291941664};-280.569866449044;40.82295360359599
30708;-99.4619796209258;(((pow2(((_a6_ + x) + _a5_)) + _a0_) * ((_a5_ * x) * _a5_)) * _a0_);{'d0': {'_a0_': 0.4283916288153381, '_a5_': 2.8075640040776615, '_a6_': -2.4956342962332334, '_a1_': 1.0, '_a2_': 1.0, '_a3_': 1.0, '_a4_': 1.0, '_a7_': 1.0}};{'d0': 0.02490583291941664};-280.569866449044;40.82295360359599
30709;-89.5217221931227;(((((pow2(pow2(_a5_)) * (_a4_ + x)) * x) * (_a2_ * x)) + x) * (_a2_ * _a0_));{'d0': {'_a0_': 1.544012657679355, '_a2_': 1.1496893256534668, '_a4_': 0.6238594154809428, '_a5_': 1.1341540827289762, '_a1_': 1.0, '_a3_': 1.0, '_a6_': 1.0, '_a7_': 1.0}};{'d0': 0.024905832930401713};-276.475521860358;48.71603873705595
30710;-89.5217221931227;(((((pow2(pow2(_a5_)) * (_a4_ + x)) * x) * (_a2_ * x)) + x) * (_a2_ * _a0_));{'d0': {'_a0_': 1.544012657679355, '_a2_': 1.1496893256534668, '_a4_': 0.6238594154809428, '_a5_': 1.1341540827289762, '_a1_': 1.0, '_a3_': 1.0, '_a6_': 1.0, '_a7_': 1.0}};{'d0': 0.024905832930401713};-276.475521860358;48.71603873705595
30711;-89.5217221931227;(((((pow2(pow2(_a5_)) * (_a4_ + x)) * x) * (_a2_ * x)) + x) * (_a2_ * _a0_));{'d0': {'_a0_': 1.544012657679355, '_a2_': 1.1496893256534668, '_a4_': 0.6238594154809428, '_a5_': 1.1341540827289762, '_a1_': 1.0, '_a3_': 1.0, '_a6_': 1.0, '_a7_': 1.0}};{'d0': 0.024905832930401713};-276.475521860358;48.71603873705595
30712;-89.5217221931227;(((((pow2(pow2(_a5_)) * (_a4_ + x)) * x) * (_a2_ * x)) + x) * (_a2_ * _a0_));{'d0': {'_a0_': 1.544012657679355, '_a2_': 1.1496893256534668, '_a4_': 0.6238594154809428, '_a5_': 1.1341540827289762, '_a1_': 1.0, '_a3_': 1.0, '_a6_': 1.0, '_a7_': 1.0}};{'d0': 0.024905832930401713};-276.475521860358;48.71603873705595
30713;-95.2668289600757;(((((pow2(_a0_) * (_a4_ + x)) * x) * (_a2_ * x)) + x) * (_a2_ * _a0_));{'d0': {'_a0_': 1.0716114293852268, '_a2_': 1.6565103303965072, '_a4_': 0.6238594153450117, '_a1_': 1.0, '_a3_': 1.0, '_a5_': 1.0, '_a6_': 1.0, '_a7_': 1.0}};{'d0': 0.024905832919416646};-280.569866449044;45.01810426444595
30714;-95.2668289600757;(((((pow2(_a0_) * (_a4_ + x)) * x) * (_a2_ * x)) + x) * (_a2_ * _a0_));{'d0': {'_a0_': 1.0716114293852268, '_a2_': 1.6565103303965072, '_a4_': 0.6238594153450117, '_a1_': 1.0, '_a3_': 1.0, '_a5_': 1.0, '_a6_': 1.0, '_a7_': 1.0}};{'d0': 0.024905832919416646};-280.569866449044;45.01810426444595
30715;-95.2668289600757;(((((pow2(_a0_) * (_a4_ + x)) * x) * (_a2_ * x)) + x) * (_a2_ * _a0_));{'d0': {'_a0_': 1.0716114293852268, '_a2_': 1.6565103303965072, '_a4_': 0.6238594153450117, '_a1_': 1.0, '_a3_': 1.0, '_a5_': 1.0, '_a6_': 1.0, '_a7_': 1.0}};{'d0': 0.024905832919416646};-280.569866449044;45.01810426444595
30716;-95.2668289600757;(((((pow2(_a0_) * (_a4_ + x)) * x) * (_a2_ * x)) + x) * (_a2_ * _a0_));{'d0': {'_a0_': 1.0716114293852268, '_a2_': 1.6565103303965072, '_a4_': 0.6238594153450117, '_a1_': 1.0, '_a3_': 1.0, '_a5_': 1.0, '_a6_': 1.0, '_a7_': 1.0}};{'d0': 0.024905832919416646};-280.569866449044;45.01810426444595
30717;-95.2668289600757;(((((pow2(_a0_) * (_a4_ + x)) * x) * (_a2_ * x)) + x) * (_a2_ * _a0_));{'d0': {'_a0_': 1.0716114293852268, '_a2_': 1.6565103303965072, '_a4_': 0.6238594153450117, '_a1_': 1.0, '_a3_': 1.0, '_a5_': 1.0, '_a6_': 1.0, '_a7_': 1.0}};{'d0': 0.024905832919416646};-280.569866449044;45.01810426444595
30718;-95.2668289600757;(((((pow2(_a0_) * (_a4_ + x)) * x) * (_a2_ * x)) + x) * (_a2_ * _a0_));{'d0': {'_a0_': 1.0716114293852268, '_a2_': 1.6565103303965072, '_a4_': 0.6238594153450117, '_a1_': 1.0, '_a3_': 1.0, '_a5_': 1.0, '_a6_': 1.0, '_a7_': 1.0}};{'d0': 0.024905832919416646};-280.569866449044;45.01810426444595
30719;-95.2668289600757;(((((pow2(_a0_) * (_a4_ + x)) * x) * (_a2_ * x)) + x) * (_a2_ * _a0_));{'d0': {'_a0_': 1.0716114293852268, '_a2_': 1.6565103303965072, '_a4_': 0.6238594153450117, '_a1_': 1.0, '_a3_': 1.0, '_a5_': 1.0, '_a6_': 1.0, '_a7_': 1.0}};{'d0': 0.024905832919416646};-280.569866449044;45.01810426444595
30720;-95.2668289600757;(((((pow2(_a0_) * (_a4_ + x)) * x) * (_a2_ * x)) + x) * (_a2_ * _a0_));{'d0': {'_a0_': 1.0716114293852268, '_a2_': 1.6565103303965072, '_a4_': 0.6238594153450117, '_a1_': 1.0, '_a3_': 1.0, '_a5_': 1.0, '_a6_': 1.0, '_a7_': 1.0}};{'d0': 0.024905832919416646};-280.569866449044;45.01810426444595
30721;-88.6739468976657;(((((pow2(pow3(_a0_)) * (_a4_ + x)) * x) * (_a2_ * x)) + x) * (_a2_ * _a0_));{'d0': {'_a0_': 1.0139288189684943, '_a2_': 1.750749530568222, '_a4_': 0.623859415367602, '_a1_': 1.0, '_a3_': 1.0, '_a5_': 1.0, '_a6_': 1.0, '_a7_': 1.0}};{'d0': 0.02490583291941663};-280.569866449044;51.61098632685595
30722;-88.6739468976657;(((((pow2(pow3(_a0_)) * (_a4_ + x)) * x) * (_a2_ * x)) + x) * (_a2_ * _a0_));{'d0': {'_a0_': 1.0139288189684943, '_a2_': 1.750749530568222, '_a4_': 0.623859415367602, '_a1_': 1.0, '_a3_': 1.0, '_a5_': 1.0, '_a6_': 1.0, '_a7_': 1.0}};{'d0': 0.02490583291941663};-280.569866449044;51.61098632685595
30723;-88.6739468976657;(((((pow2(pow3(_a0_)) * (_a4_ + x)) * x) * (_a2_ * x)) + x) * (_a2_ * _a0_));{'d0': {'_a0_': 1.0139288189684943, '_a2_': 1.750749530568222, '_a4_': 0.623859415367602, '_a1_': 1.0, '_a3_': 1.0, '_a5_': 1.0, '_a6_': 1.0, '_a7_': 1.0}};{'d0': 0.02490583291941663};-280.569866449044;51.61098632685595
30724;-88.6739468976657;(((((pow2(pow3(_a0_)) * (_a4_ + x)) * x) * (_a2_ * x)) + x) * (_a2_ * _a0_));{'d0': {'_a0_': 1.0139288189684943, '_a2_': 1.750749530568222, '_a4_': 0.623859415367602, '_a1_': 1.0, '_a3_': 1.0, '_a5_': 1.0, '_a6_': 1.0, '_a7_': 1.0}};{'d0': 0.02490583291941663};-280.569866449044;51.61098632685595
30725;-88.6739468976657;(((((pow2(pow3(_a0_)) * (_a4_ + x)) * x) * (_a2_ * x)) + x) * (_a2_ * _a0_));{'d0': {'_a0_': 1.0139288189684943, '_a2_': 1.750749530568222, '_a4_': 0.623859415367602, '_a1_': 1.0, '_a3_': 1.0, '_a5_': 1.0, '_a6_': 1.0, '_a7_': 1.0}};{'d0': 0.02490583291941663};-280.569866449044;51.61098632685595
30726;-88.6739468976657;(((((pow2(pow3(_a0_)) * (_a4_ + x)) * x) * (_a2_ * x)) + x) * (_a2_ * _a0_));{'d0': {'_a0_': 1.0139288189684943, '_a2_': 1.750749530568222, '_a4_': 0.623859415367602, '_a1_': 1.0, '_a3_': 1.0, '_a5_': 1.0, '_a6_': 1.0, '_a7_': 1.0}};{'d0': 0.02490583291941663};-280.569866449044;51.61098632685595
30727;-88.6739468976657;(((((pow2(pow3(_a0_)) * (_a4_ + x)) * x) * (_a2_ * x)) + x) * (_a2_ * _a0_));{'d0': {'_a0_': 1.0139288189684943, '_a2_': 1.750749530568222, '_a4_': 0.623859415367602, '_a1_': 1.0, '_a3_': 1.0, '_a5_': 1.0, '_a6_': 1.0, '_a7_': 1.0}};{'d0': 0.02490583291941663};-280.569866449044;51.61098632685595
30728;-88.6739468976657;(((((pow2(pow3(_a0_)) * (_a4_ + x)) * x) * (_a2_ * x)) + x) * (_a2_ * _a0_));{'d0': {'_a0_': 1.0139288189684943, '_a2_': 1.750749530568222, '_a4_': 0.623859415367602, '_a1_': 1.0, '_a3_': 1.0, '_a5_': 1.0, '_a6_': 1.0, '_a7_': 1.0}};{'d0': 0.02490583291941663};-280.569866449044;51.61098632685595
30729;-88.6739468976657;(((((pow2(pow3(_a0_)) * (_a4_ + x)) * x) * (_a2_ * x)) + x) * (_a2_ * _a0_));{'d0': {'_a0_': 1.0139288189684943, '_a2_': 1.750749530568222, '_a4_': 0.623859415367602, '_a1_': 1.0, '_a3_': 1.0, '_a5_': 1.0, '_a6_': 1.0, '_a7_': 1.0}};{'d0': 0.02490583291941663};-280.569866449044;51.61098632685595
30730;-88.6739468976657;(((((pow2(pow3(_a0_)) * (_a4_ + x)) * x) * (_a2_ * x)) + x) * (_a2_ * _a0_));{'d0': {'_a0_': 1.0139288189684943, '_a2_': 1.750749530568222, '_a4_': 0.623859415367602, '_a1_': 1.0, '_a3_': 1.0, '_a5_': 1.0, '_a6_': 1.0, '_a7_': 1.0}};{'d0': 0.02490583291941663};-280.569866449044;51.61098632685595
30731;-88.6739468976657;(((((pow2(pow3(_a0_)) * (_a4_ + x)) * x) * (_a2_ * x)) + x) * (_a2_ * _a0_));{'d0': {'_a0_': 1.0139288189684943, '_a2_': 1.750749530568222, '_a4_': 0.623859415367602, '_a1_': 1.0, '_a3_': 1.0, '_a5_': 1.0, '_a6_': 1.0, '_a7_': 1.0}};{'d0': 0.02490583291941663};-280.569866449044;51.61098632685595
30732;-88.6739468976657;(((((pow2(pow3(_a0_)) * (_a4_ + x)) * x) * (_a2_ * x)) + x) * (_a2_ * _a0_));{'d0': {'_a0_': 1.0139288189684943, '_a2_': 1.750749530568222, '_a4_': 0.623859415367602, '_a1_': 1.0, '_a3_': 1.0, '_a5_': 1.0, '_a6_': 1.0, '_a7_': 1.0}};{'d0': 0.02490583291941663};-280.569866449044;51.61098632685595
30733;-93.7680013957668;(((((pow2(pow3(_a0_)) * (_a4_ + x)) * x) * (_a2_ * x)) + x) * _a2_);{'d0': {'_a0_': 1.0115939484758107, '_a2_': 1.7751354040617722, '_a4_': 0.6238594154506106, '_a1_': 1.0, '_a3_': 1.0, '_a5_': 1.0, '_a6_': 1.0, '_a7_': 1.0}};{'d0': 0.024905832919416598};-280.569866449044;46.51693182875495
30734;-93.7680013957668;(((((pow2(pow3(_a0_)) * (_a4_ + x)) * x) * (_a2_ * x)) + x) * _a2_);{'d0': {'_a0_': 1.0115939484758107, '_a2_': 1.7751354040617722, '_a4_': 0.6238594154506106, '_a1_': 1.0, '_a3_': 1.0, '_a5_': 1.0, '_a6_': 1.0, '_a7_': 1.0}};{'d0': 0.024905832919416598};-280.569866449044;46.51693182875495
30735;-93.7680013957668;(((((pow2(pow3(_a0_)) * (_a4_ + x)) * x) * (_a2_ * x)) + x) * _a2_);{'d0': {'_a0_': 1.0115939484758107, '_a2_': 1.7751354040617722, '_a4_': 0.6238594154506106, '_a1_': 1.0, '_a3_': 1.0, '_a5_': 1.0, '_a6_': 1.0, '_a7_': 1.0}};{'d0': 0.024905832919416598};-280.569866449044;46.51693182875495
30736;-93.7680013957668;(((((pow2(pow3(_a0_)) * (_a4_ + x)) * x) * (_a2_ * x)) + x) * _a2_);{'d0': {'_a0_': 1.0115939484758107, '_a2_': 1.7751354040617722, '_a4_': 0.6238594154506106, '_a1_': 1.0, '_a3_': 1.0, '_a5_': 1.0, '_a6_': 1.0, '_a7_': 1.0}};{'d0': 0.024905832919416598};-280.569866449044;46.51693182875495
30737;-93.7680013957668;(((((pow2(pow3(_a0_)) * (_a4_ + x)) * x) * (_a2_ * x)) + x) * _a2_);{'d0': {'_a0_': 1.0115939484758107, '_a2_': 1.7751354040617722, '_a4_': 0.6238594154506106, '_a1_': 1.0, '_a3_': 1.0, '_a5_': 1.0, '_a6_': 1.0, '_a7_': 1.0}};{'d0': 0.024905832919416598};-280.569866449044;46.51693182875495
30738;-100.360883458177;(((((pow2(_a5_) * (_a4_ + x)) * x) * (_a2_ * x)) + x) * _a2_);{'d0': {'_a2_': 1.7751354041170846, '_a4_': 0.6238594155161155, '_a5_': 1.0351866628089013, '_a0_': 1.0, '_a1_': 1.0, '_a3_': 1.0, '_a6_': 1.0, '_a7_': 1.0}};{'d0': 0.0249058329194166};-280.569866449044;39.92404976634495
30739;-100.360883458177;(((((pow2(_a5_) * (_a4_ + x)) * x) * (_a2_ * x)) + x) * _a2_);{'d0': {'_a2_': 1.7751354041170846, '_a4_': 0.6238594155161155, '_a5_': 1.0351866628089013, '_a0_': 1.0, '_a1_': 1.0, '_a3_': 1.0, '_a6_': 1.0, '_a7_': 1.0}};{'d0': 0.0249058329194166};-280.569866449044;39.92404976634495
30740;-100.360883458177;(((((pow2(_a5_) * (_a4_ + x)) * x) * (_a2_ * x)) + x) * _a2_);{'d0': {'_a2_': 1.7751354041170846, '_a4_': 0.6238594155161155, '_a5_': 1.0351866628089013, '_a0_': 1.0, '_a1_': 1.0, '_a3_': 1.0, '_a6_': 1.0, '_a7_': 1.0}};{'d0': 0.0249058329194166};-280.569866449044;39.92404976634495
30741;-100.360883458177;(((((pow2(_a5_) * (_a4_ + x)) * x) * (_a2_ * x)) + x) * _a2_);{'d0': {'_a2_': 1.7751354041170846, '_a4_': 0.6238594155161155, '_a5_': 1.0351866628089013, '_a0_': 1.0, '_a1_': 1.0, '_a3_': 1.0, '_a6_': 1.0, '_a7_': 1.0}};{'d0': 0.0249058329194166};-280.569866449044;39.92404976634495
30742;-100.360883458177;(((((pow2(_a5_) * (_a4_ + x)) * x) * (_a2_ * x)) + x) * _a2_);{'d0': {'_a2_': 1.7751354041170846, '_a4_': 0.6238594155161155, '_a5_': 1.0351866628089013, '_a0_': 1.0, '_a1_': 1.0, '_a3_': 1.0, '_a6_': 1.0, '_a7_': 1.0}};{'d0': 0.0249058329194166};-280.569866449044;39.92404976634495
30743;-100.360883458177;(((((pow2(_a5_) * (_a4_ + x)) * x) * (_a2_ * x)) + x) * _a2_);{'d0': {'_a2_': 1.7751354041170846, '_a4_': 0.6238594155161155, '_a5_': 1.0351866628089013, '_a0_': 1.0, '_a1_': 1.0, '_a3_': 1.0, '_a6_': 1.0, '_a7_': 1.0}};{'d0': 0.0249058329194166};-280.569866449044;39.92404976634495
30744;-100.360883458177;(((((pow2(_a5_) * (_a4_ + x)) * x) * (_a2_ * x)) + x) * _a2_);{'d0': {'_a2_': 1.7751354041170846, '_a4_': 0.6238594155161155, '_a5_': 1.0351866628089013, '_a0_': 1.0, '_a1_': 1.0, '_a3_': 1.0, '_a6_': 1.0, '_a7_': 1.0}};{'d0': 0.0249058329194166};-280.569866449044;39.92404976634495
30745;-100.360883458177;(((((pow2(_a5_) * (_a4_ + x)) * x) * (_a2_ * x)) + x) * _a2_);{'d0': {'_a2_': 1.7751354041170846, '_a4_': 0.6238594155161155, '_a5_': 1.0351866628089013, '_a0_': 1.0, '_a1_': 1.0, '_a3_': 1.0, '_a6_': 1.0, '_a7_': 1.0}};{'d0': 0.0249058329194166};-280.569866449044;39.92404976634495
30746;-100.360883458177;(((((pow2(_a5_) * (_a4_ + x)) * x) * (_a2_ * x)) + x) * _a2_);{'d0': {'_a2_': 1.7751354041170846, '_a4_': 0.6238594155161155, '_a5_': 1.0351866628089013, '_a0_': 1.0, '_a1_': 1.0, '_a3_': 1.0, '_a6_': 1.0, '_a7_': 1.0}};{'d0': 0.0249058329194166};-280.569866449044;39.92404976634495
30747;-93.6973351120767;(((((pow2(_a5_) * (_a4_ + x)) * x) * (_a2_ * x)) + x) * (_a5_ ** _a5_));{'d0': {'_a2_': 0.8738316991870916, '_a4_': 0.6238594154856094, '_a5_': 1.4754364676331126, '_a0_': 1.0, '_a1_': 1.0, '_a3_': 1.0, '_a6_': 1.0, '_a7_': 1.0}};{'d0': 0.024905832919416664};-280.569866449044;46.58759811244495
30748;-94.4402824091467;(((((pow2(_a5_) * (_a4_ + x)) * x) * (_a2_ * x)) + x) * (_a5_ + _a5_));{'d0': {'_a2_': 2.414714782275444, '_a4_': 0.6238594157397659, '_a5_': 0.8875677024372887, '_a0_': 1.0, '_a1_': 1.0, '_a3_': 1.0, '_a6_': 1.0, '_a7_': 1.0}};{'d0': 0.02490583291941661};-280.569866449044;45.84465081537495
30749;-94.4402824091468;(((((pow2(_a5_) * (_a4_ + x)) * x) * (_a2_ * x)) + x) * (_a4_ + _a5_));{'d0': {'_a2_': 1.435191743781776, '_a4_': 0.6238594156170123, '_a5_': 1.151275988750504, '_a0_': 1.0, '_a1_': 1.0, '_a3_': 1.0, '_a6_': 1.0, '_a7_': 1.0}};{'d0': 0.0249058329194166};-280.569866449044;45.84465081537495
30750;-94.4402824091468;(((((pow2(_a5_) * (_a4_ + x)) * x) * (_a2_ * x)) + x) * (_a4_ + _a5_));{'d0': {'_a2_': 1.435191743781776, '_a4_': 0.6238594156170123, '_a5_': 1.151275988750504, '_a0_': 1.0, '_a1_': 1.0, '_a3_': 1.0, '_a6_': 1.0, '_a7_': 1.0}};{'d0': 0.0249058329194166};-280.569866449044;45.84465081537495
30751;-94.4402824091468;(((((pow2(_a5_) * (_a4_ + x)) * x) * (_a2_ * x)) + x) * (_a4_ + _a5_));{'d0': {'_a2_': 1.435191743781776, '_a4_': 0.6238594156170123, '_a5_': 1.151275988750504, '_a0_': 1.0, '_a1_': 1.0, '_a3_': 1.0, '_a6_': 1.0, '_a7_': 1.0}};{'d0': 0.0249058329194166};-280.569866449044;45.84465081537495
30752;-95.7820324606654;-((((pow2(((_a6_ + x) + _a5_)) + _a0_) * ((_a0_ * x) * _a5_)) * _a0_));{'d0': {'_a0_': 0.42839162867659736, '_a5_': -18.40002258028781, '_a6_': 18.71195228811277, '_a1_': 1.0, '_a2_': 1.0, '_a3_': 1.0, '_a4_': 1.0, '_a7_': 1.0}};{'d0': 0.02490583291941663};-280.569866449044;44.50290076385638
30753;-95.7820324606654;-((((pow2(((_a6_ + x) + _a5_)) + _a0_) * ((_a0_ * x) * _a5_)) * _a0_));{'d0': {'_a0_': 0.42839162867659736, '_a5_': -18.40002258028781, '_a6_': 18.71195228811277, '_a1_': 1.0, '_a2_': 1.0, '_a3_': 1.0, '_a4_': 1.0, '_a7_': 1.0}};{'d0': 0.02490583291941663};-280.569866449044;44.50290076385638
30754;-95.7820324606654;-((((pow2(((_a6_ + x) + _a5_)) + _a0_) * ((_a0_ * x) * _a5_)) * _a0_));{'d0': {'_a0_': 0.42839162867659736, '_a5_': -18.40002258028781, '_a6_': 18.71195228811277, '_a1_': 1.0, '_a2_': 1.0, '_a3_': 1.0, '_a4_': 1.0, '_a7_': 1.0}};{'d0': 0.02490583291941663};-280.569866449044;44.50290076385638
30755;-95.7820324606654;-((((pow2(((_a6_ + x) + _a5_)) + _a0_) * ((_a0_ * x) * _a5_)) * _a0_));{'d0': {'_a0_': 0.42839162867659736, '_a5_': -18.40002258028781, '_a6_': 18.71195228811277, '_a1_': 1.0, '_a2_': 1.0, '_a3_': 1.0, '_a4_': 1.0, '_a7_': 1.0}};{'d0': 0.02490583291941663};-280.569866449044;44.50290076385638
30756;-95.7820324606654;-((((pow2(((_a6_ + x) + _a5_)) + _a0_) * ((_a0_ * x) * _a5_)) * _a0_));{'d0': {'_a0_': 0.42839162867659736, '_a5_': -18.40002258028781, '_a6_': 18.71195228811277, '_a1_': 1.0, '_a2_': 1.0, '_a3_': 1.0, '_a4_': 1.0, '_a7_': 1.0}};{'d0': 0.02490583291941663};-280.569866449044;44.50290076385638
30757;-95.7820324606654;-((((pow2(((_a6_ + x) + _a5_)) + _a0_) * ((_a0_ * x) * _a5_)) * _a0_));{'d0': {'_a0_': 0.42839162867659736, '_a5_': -18.40002258028781, '_a6_': 18.71195228811277, '_a1_': 1.0, '_a2_': 1.0, '_a3_': 1.0, '_a4_': 1.0, '_a7_': 1.0}};{'d0': 0.02490583291941663};-280.569866449044;44.50290076385638
30758;-95.7820324606654;-((((pow2(((_a6_ + x) + _a5_)) + _a0_) * ((_a0_ * x) * _a5_)) * _a0_));{'d0': {'_a0_': 0.42839162867659736, '_a5_': -18.40002258028781, '_a6_': 18.71195228811277, '_a1_': 1.0, '_a2_': 1.0, '_a3_': 1.0, '_a4_': 1.0, '_a7_': 1.0}};{'d0': 0.02490583291941663};-280.569866449044;44.50290076385638
30759;-95.7820324606654;-((((pow2(((_a6_ + x) + _a5_)) + _a0_) * ((_a0_ * x) * _a5_)) * _a0_));{'d0': {'_a0_': 0.42839162867659736, '_a5_': -18.40002258028781, '_a6_': 18.71195228811277, '_a1_': 1.0, '_a2_': 1.0, '_a3_': 1.0, '_a4_': 1.0, '_a7_': 1.0}};{'d0': 0.02490583291941663};-280.569866449044;44.50290076385638
30760;-95.7820324606654;-((((pow2(((_a6_ + x) + _a5_)) + _a0_) * ((_a0_ * x) * _a5_)) * _a0_));{'d0': {'_a0_': 0.42839162867659736, '_a5_': -18.40002258028781, '_a6_': 18.71195228811277, '_a1_': 1.0, '_a2_': 1.0, '_a3_': 1.0, '_a4_': 1.0, '_a7_': 1.0}};{'d0': 0.02490583291941663};-280.569866449044;44.50290076385638
30761;-95.7820324606654;-((((pow2(((_a6_ + x) + _a5_)) + _a0_) * ((_a0_ * x) * _a5_)) * _a0_));{'d0': {'_a0_': 0.42839162867659736, '_a5_': -18.40002258028781, '_a6_': 18.71195228811277, '_a1_': 1.0, '_a2_': 1.0, '_a3_': 1.0, '_a4_': 1.0, '_a7_': 1.0}};{'d0': 0.02490583291941663};-280.569866449044;44.50290076385638
30762;-93.7348601794003;-((((pow2(((_a6_ + x) + _a5_)) + _a2_) * ((_a0_ * x) * _a5_)) * _a0_));{'d0': {'_a0_': 0.5773288134217743, '_a2_': 0.4283916283818659, '_a5_': -10.131035216079226, '_a6_': 10.442964923930976, '_a1_': 1.0, '_a3_': 1.0, '_a4_': 1.0, '_a7_': 1.0}};{'d0': 0.024905832919544586};-276.475521886513;44.50290076385638
30763;-94.4402824091468;(((((pow2(_a5_) * (_a4_ + x)) * x) * (_a2_ * x)) + x) * (_a4_ + _a5_));{'d0': {'_a2_': 1.435191743781776, '_a4_': 0.6238594156170123, '_a5_': 1.151275988750504, '_a0_': 1.0, '_a1_': 1.0, '_a3_': 1.0, '_a6_': 1.0, '_a7_': 1.0}};{'d0': 0.0249058329194166};-280.569866449044;45.84465081537495
30764;-94.4402824091468;(((((pow2(_a5_) * (_a4_ + x)) * x) * (_a2_ * x)) + x) * (_a4_ + _a5_));{'d0': {'_a2_': 1.435191743781776, '_a4_': 0.6238594156170123, '_a5_': 1.151275988750504, '_a0_': 1.0, '_a1_': 1.0, '_a3_': 1.0, '_a6_': 1.0, '_a7_': 1.0}};{'d0': 0.0249058329194166};-280.569866449044;45.84465081537495
30765;-94.4402824091468;(((((pow2(_a5_) * (_a4_ + x)) * x) * (_a2_ * x)) + x) * (_a4_ + _a5_));{'d0': {'_a2_': 1.435191743781776, '_a4_': 0.6238594156170123, '_a5_': 1.151275988750504, '_a0_': 1.0, '_a1_': 1.0, '_a3_': 1.0, '_a6_': 1.0, '_a7_': 1.0}};{'d0': 0.0249058329194166};-280.569866449044;45.84465081537495
30766;-94.4402824091468;(((((pow2(_a5_) * (_a4_ + x)) * x) * (_a2_ * x)) + x) * (_a4_ + _a5_));{'d0': {'_a2_': 1.435191743781776, '_a4_': 0.6238594156170123, '_a5_': 1.151275988750504, '_a0_': 1.0, '_a1_': 1.0, '_a3_': 1.0, '_a6_': 1.0, '_a7_': 1.0}};{'d0': 0.0249058329194166};-280.569866449044;45.84465081537495
30767;-93.7348601794003;-((((pow2(((_a6_ + x) + _a5_)) + _a2_) * ((_a0_ * x) * _a5_)) * _a0_));{'d0': {'_a0_': 0.5773288134217743, '_a2_': 0.4283916283818659, '_a5_': -10.131035216079226, '_a6_': 10.442964923930976, '_a1_': 1.0, '_a3_': 1.0, '_a4_': 1.0, '_a7_': 1.0}};{'d0': 0.024905832919544586};-276.475521886513;44.50290076385638
30768;-93.7348601794003;-((((pow2(((_a6_ + x) + _a5_)) + _a2_) * ((_a0_ * x) * _a5_)) * _a0_));{'d0': {'_a0_': 0.5773288134217743, '_a2_': 0.4283916283818659, '_a5_': -10.131035216079226, '_a6_': 10.442964923930976, '_a1_': 1.0, '_a3_': 1.0, '_a4_': 1.0, '_a7_': 1.0}};{'d0': 0.024905832919544586};-276.475521886513;44.50290076385638
30769;-93.7348601794003;-((((pow2(((_a6_ + x) + _a5_)) + _a2_) * ((_a0_ * x) * _a5_)) * _a0_));{'d0': {'_a0_': 0.5773288134217743, '_a2_': 0.4283916283818659, '_a5_': -10.131035216079226, '_a6_': 10.442964923930976, '_a1_': 1.0, '_a3_': 1.0, '_a4_': 1.0, '_a7_': 1.0}};{'d0': 0.024905832919544586};-276.475521886513;44.50290076385638
30770;-93.7348601794003;-((((pow2(((_a6_ + x) + _a5_)) + _a2_) * ((_a0_ * x) * _a5_)) * _a0_));{'d0': {'_a0_': 0.5773288134217743, '_a2_': 0.4283916283818659, '_a5_': -10.131035216079226, '_a6_': 10.442964923930976, '_a1_': 1.0, '_a3_': 1.0, '_a4_': 1.0, '_a7_': 1.0}};{'d0': 0.024905832919544586};-276.475521886513;44.50290076385638
30771;-93.7348601794003;-((((pow2(((_a6_ + x) + _a5_)) + _a2_) * ((_a0_ * x) * _a5_)) * _a0_));{'d0': {'_a0_': 0.5773288134217743, '_a2_': 0.4283916283818659, '_a5_': -10.131035216079226, '_a6_': 10.442964923930976, '_a1_': 1.0, '_a3_': 1.0, '_a4_': 1.0, '_a7_': 1.0}};{'d0': 0.024905832919544586};-276.475521886513;44.50290076385638
30772;-93.7348601794003;-((((pow2(((_a6_ + x) + _a5_)) + _a2_) * ((_a0_ * x) * _a5_)) * _a0_));{'d0': {'_a0_': 0.5773288134217743, '_a2_': 0.4283916283818659, '_a5_': -10.131035216079226, '_a6_': 10.442964923930976, '_a1_': 1.0, '_a3_': 1.0, '_a4_': 1.0, '_a7_': 1.0}};{'d0': 0.024905832919544586};-276.475521886513;44.50290076385638
30773;-93.7348601794003;-((((pow2(((_a6_ + x) + _a5_)) + _a2_) * ((_a0_ * x) * _a5_)) * _a0_));{'d0': {'_a0_': 0.5773288134217743, '_a2_': 0.4283916283818659, '_a5_': -10.131035216079226, '_a6_': 10.442964923930976, '_a1_': 1.0, '_a3_': 1.0, '_a4_': 1.0, '_a7_': 1.0}};{'d0': 0.024905832919544586};-276.475521886513;44.50290076385638
30774;-93.7348601794003;-((((pow2(((_a6_ + x) + _a5_)) + _a2_) * ((_a0_ * x) * _a5_)) * _a0_));{'d0': {'_a0_': 0.5773288134217743, '_a2_': 0.4283916283818659, '_a5_': -10.131035216079226, '_a6_': 10.442964923930976, '_a1_': 1.0, '_a3_': 1.0, '_a4_': 1.0, '_a7_': 1.0}};{'d0': 0.024905832919544586};-276.475521886513;44.50290076385638
30775;-93.7348601794003;-((((pow2(((_a6_ + x) + _a5_)) + _a2_) * ((_a0_ * x) * _a5_)) * _a0_));{'d0': {'_a0_': 0.5773288134217743, '_a2_': 0.4283916283818659, '_a5_': -10.131035216079226, '_a6_': 10.442964923930976, '_a1_': 1.0, '_a3_': 1.0, '_a4_': 1.0, '_a7_': 1.0}};{'d0': 0.024905832919544586};-276.475521886513;44.50290076385638
30776;-93.7348601755902;-((((pow2(((_a6_ + x) + _a0_)) + _a2_) * ((_a0_ * x) * _a5_)) * _a0_));{'d0': {'_a0_': 0.30207679600441023, '_a2_': 0.4283916326747479, '_a5_': -37.00543288218474, '_a6_': 0.009852913390675162, '_a1_': 1.0, '_a3_': 1.0, '_a4_': 1.0, '_a7_': 1.0}};{'d0': 0.02490583292270766};-276.475521878893;44.50290076385638
30777;-93.7348601755902;-((((pow2(((_a6_ + x) + _a0_)) + _a2_) * ((_a0_ * x) * _a5_)) * _a0_));{'d0': {'_a0_': 0.30207679600441023, '_a2_': 0.4283916326747479, '_a5_': -37.00543288218474, '_a6_': 0.009852913390675162, '_a1_': 1.0, '_a3_': 1.0, '_a4_': 1.0, '_a7_': 1.0}};{'d0': 0.02490583292270766};-276.475521878893;44.50290076385638
30778;-93.7348601755902;-((((pow2(((_a6_ + x) + _a0_)) + _a2_) * ((_a0_ * x) * _a5_)) * _a0_));{'d0': {'_a0_': 0.30207679600441023, '_a2_': 0.4283916326747479, '_a5_': -37.00543288218474, '_a6_': 0.009852913390675162, '_a1_': 1.0, '_a3_': 1.0, '_a4_': 1.0, '_a7_': 1.0}};{'d0': 0.02490583292270766};-276.475521878893;44.50290076385638
30779;-93.7348601755902;-((((pow2(((_a6_ + x) + _a0_)) + _a2_) * ((_a0_ * x) * _a5_)) * _a0_));{'d0': {'_a0_': 0.30207679600441023, '_a2_': 0.4283916326747479, '_a5_': -37.00543288218474, '_a6_': 0.009852913390675162, '_a1_': 1.0, '_a3_': 1.0, '_a4_': 1.0, '_a7_': 1.0}};{'d0': 0.02490583292270766};-276.475521878893;44.50290076385638
30780;-93.7348601755902;-((((pow2(((_a6_ + x) + _a0_)) + _a2_) * ((_a0_ * x) * _a5_)) * _a0_));{'d0': {'_a0_': 0.30207679600441023, '_a2_': 0.4283916326747479, '_a5_': -37.00543288218474, '_a6_': 0.009852913390675162, '_a1_': 1.0, '_a3_': 1.0, '_a4_': 1.0, '_a7_': 1.0}};{'d0': 0.02490583292270766};-276.475521878893;44.50290076385638
30781;-93.7348601755902;-((((pow2(((_a6_ + x) + _a0_)) + _a2_) * ((_a0_ * x) * _a5_)) * _a0_));{'d0': {'_a0_': 0.30207679600441023, '_a2_': 0.4283916326747479, '_a5_': -37.00543288218474, '_a6_': 0.009852913390675162, '_a1_': 1.0, '_a3_': 1.0, '_a4_': 1.0, '_a7_': 1.0}};{'d0': 0.02490583292270766};-276.475521878893;44.50290076385638
30782;-93.7348601755902;-((((pow2(((_a6_ + x) + _a0_)) + _a2_) * ((_a0_ * x) * _a5_)) * _a0_));{'d0': {'_a0_': 0.30207679600441023, '_a2_': 0.4283916326747479, '_a5_': -37.00543288218474, '_a6_': 0.009852913390675162, '_a1_': 1.0, '_a3_': 1.0, '_a4_': 1.0, '_a7_': 1.0}};{'d0': 0.02490583292270766};-276.475521878893;44.50290076385638
30783;-93.7348601755902;-((((pow2(((_a6_ + x) + _a0_)) + _a2_) * ((_a0_ * x) * _a5_)) * _a0_));{'d0': {'_a0_': 0.30207679600441023, '_a2_': 0.4283916326747479, '_a5_': -37.00543288218474, '_a6_': 0.009852913390675162, '_a1_': 1.0, '_a3_': 1.0, '_a4_': 1.0, '_a7_': 1.0}};{'d0': 0.02490583292270766};-276.475521878893;44.50290076385638
30784;-93.7348601755902;-((((pow2(((_a6_ + x) + _a0_)) + _a2_) * ((_a0_ * x) * _a5_)) * _a0_));{'d0': {'_a0_': 0.30207679600441023, '_a2_': 0.4283916326747479, '_a5_': -37.00543288218474, '_a6_': 0.009852913390675162, '_a1_': 1.0, '_a3_': 1.0, '_a4_': 1.0, '_a7_': 1.0}};{'d0': 0.02490583292270766};-276.475521878893;44.50290076385638
30785;-93.7348601755902;-((((pow2(((_a6_ + x) + _a0_)) + _a2_) * ((_a0_ * x) * _a5_)) * _a0_));{'d0': {'_a0_': 0.30207679600441023, '_a2_': 0.4283916326747479, '_a5_': -37.00543288218474, '_a6_': 0.009852913390675162, '_a1_': 1.0, '_a3_': 1.0, '_a4_': 1.0, '_a7_': 1.0}};{'d0': 0.02490583292270766};-276.475521878893;44.50290076385638
30786;-93.7348601755902;-((((pow2(((_a6_ + x) + _a0_)) + _a2_) * ((_a0_ * x) * _a5_)) * _a0_));{'d0': {'_a0_': 0.30207679600441023, '_a2_': 0.4283916326747479, '_a5_': -37.00543288218474, '_a6_': 0.009852913390675162, '_a1_': 1.0, '_a3_': 1.0, '_a4_': 1.0, '_a7_': 1.0}};{'d0': 0.02490583292270766};-276.475521878893;44.50290076385638
30787;-93.7348601755902;-((((pow2(((_a6_ + x) + _a0_)) + _a2_) * ((_a0_ * x) * _a5_)) * _a0_));{'d0': {'_a0_': 0.30207679600441023, '_a2_': 0.4283916326747479, '_a5_': -37.00543288218474, '_a6_': 0.009852913390675162, '_a1_': 1.0, '_a3_': 1.0, '_a4_': 1.0, '_a7_': 1.0}};{'d0': 0.02490583292270766};-276.475521878893;44.50290076385638
30788;-93.7348601755902;-((((pow2(((_a6_ + x) + _a0_)) + _a2_) * ((_a0_ * x) * _a5_)) * _a0_));{'d0': {'_a0_': 0.30207679600441023, '_a2_': 0.4283916326747479, '_a5_': -37.00543288218474, '_a6_': 0.009852913390675162, '_a1_': 1.0, '_a3_': 1.0, '_a4_': 1.0, '_a7_': 1.0}};{'d0': 0.02490583292270766};-276.475521878893;44.50290076385638
30789;-93.7348601755902;-((((pow2(((_a6_ + x) + _a0_)) + _a2_) * ((_a0_ * x) * _a5_)) * _a0_));{'d0': {'_a0_': 0.30207679600441023, '_a2_': 0.4283916326747479, '_a5_': -37.00543288218474, '_a6_': 0.009852913390675162, '_a1_': 1.0, '_a3_': 1.0, '_a4_': 1.0, '_a7_': 1.0}};{'d0': 0.02490583292270766};-276.475521878893;44.50290076385638
30790;-101.684646197346;(((pow2(x) * _a5_) * _a0_) + (x * (_a1_ * pow2((_a0_ + x)))));{'d0': {'_a0_': 0.7250460472222198, '_a1_': 3.376760877603765, '_a5_': -3.8480179241615806, '_a2_': 1.0, '_a3_': 1.0, '_a4_': 1.0, '_a6_': 1.0, '_a7_': 1.0}};{'d0': 0.024905832919416594};-280.569866449044;38.60028702717592
30791;-93.7168728492180;(((pow2(x) * _a5_) * _a0_) + (x * (_a1_ * pow2((_a0_ + (_a3_ + x))))));{'d0': {'_a0_': 0.38191287038080124, '_a1_': 3.376760877040097, '_a3_': 0.3431331769004638, '_a5_': -7.305302057141551, '_a2_': 1.0, '_a4_': 1.0, '_a6_': 1.0, '_a7_': 1.0}};{'d0': 0.024905832934349285};-276.475521850848;44.52088807620592
30792;-93.7168728492180;(((pow2(x) * _a5_) * _a0_) + (x * (_a1_ * pow2((_a0_ + (_a3_ + x))))));{'d0': {'_a0_': 0.38191287038080124, '_a1_': 3.376760877040097, '_a3_': 0.3431331769004638, '_a5_': -7.305302057141551, '_a2_': 1.0, '_a4_': 1.0, '_a6_': 1.0, '_a7_': 1.0}};{'d0': 0.024905832934349285};-276.475521850848;44.52088807620592
30793;-93.7168728492180;(((pow2(x) * _a5_) * _a0_) + (x * (_a1_ * pow2((_a0_ + (_a3_ + x))))));{'d0': {'_a0_': 0.38191287038080124, '_a1_': 3.376760877040097, '_a3_': 0.3431331769004638, '_a5_': -7.305302057141551, '_a2_': 1.0, '_a4_': 1.0, '_a6_': 1.0, '_a7_': 1.0}};{'d0': 0.024905832934349285};-276.475521850848;44.52088807620592
30794;-93.7168728492180;(((pow2(x) * _a5_) * _a0_) + (x * (_a1_ * pow2((_a0_ + (_a3_ + x))))));{'d0': {'_a0_': 0.38191287038080124, '_a1_': 3.376760877040097, '_a3_': 0.3431331769004638, '_a5_': -7.305302057141551, '_a2_': 1.0, '_a4_': 1.0, '_a6_': 1.0, '_a7_': 1.0}};{'d0': 0.024905832934349285};-276.475521850848;44.52088807620592
30795;-93.7168728492180;(((pow2(x) * _a5_) * _a0_) + (x * (_a1_ * pow2((_a0_ + (_a3_ + x))))));{'d0': {'_a0_': 0.38191287038080124, '_a1_': 3.376760877040097, '_a3_': 0.3431331769004638, '_a5_': -7.305302057141551, '_a2_': 1.0, '_a4_': 1.0, '_a6_': 1.0, '_a7_': 1.0}};{'d0': 0.024905832934349285};-276.475521850848;44.52088807620592
30796;-93.7168728492180;(((pow2(x) * _a5_) * _a0_) + (x * (_a1_ * pow2((_a0_ + (_a3_ + x))))));{'d0': {'_a0_': 0.38191287038080124, '_a1_': 3.376760877040097, '_a3_': 0.3431331769004638, '_a5_': -7.305302057141551, '_a2_': 1.0, '_a4_': 1.0, '_a6_': 1.0, '_a7_': 1.0}};{'d0': 0.024905832934349285};-276.475521850848;44.52088807620592
30797;-93.7168728492180;(((pow2(x) * _a5_) * _a0_) + (x * (_a1_ * pow2((_a0_ + (_a3_ + x))))));{'d0': {'_a0_': 0.38191287038080124, '_a1_': 3.376760877040097, '_a3_': 0.3431331769004638, '_a5_': -7.305302057141551, '_a2_': 1.0, '_a4_': 1.0, '_a6_': 1.0, '_a7_': 1.0}};{'d0': 0.024905832934349285};-276.475521850848;44.52088807620592
30798;-93.7168728492180;(((pow2(x) * _a5_) * _a0_) + (x * (_a1_ * pow2((_a0_ + (_a3_ + x))))));{'d0': {'_a0_': 0.38191287038080124, '_a1_': 3.376760877040097, '_a3_': 0.3431331769004638, '_a5_': -7.305302057141551, '_a2_': 1.0, '_a4_': 1.0, '_a6_': 1.0, '_a7_': 1.0}};{'d0': 0.024905832934349285};-276.475521850848;44.52088807620592
30799;-93.7168728492180;(((pow2(x) * _a5_) * _a0_) + (x * (_a1_ * pow2((_a0_ + (_a3_ + x))))));{'d0': {'_a0_': 0.38191287038080124, '_a1_': 3.376760877040097, '_a3_': 0.3431331769004638, '_a5_': -7.305302057141551, '_a2_': 1.0, '_a4_': 1.0, '_a6_': 1.0, '_a7_': 1.0}};{'d0': 0.024905832934349285};-276.475521850848;44.52088807620592
30800;-93.7168728492180;(((pow2(x) * _a5_) * _a0_) + (x * (_a1_ * pow2((_a0_ + (_a3_ + x))))));{'d0': {'_a0_': 0.38191287038080124, '_a1_': 3.376760877040097, '_a3_': 0.3431331769004638, '_a5_': -7.305302057141551, '_a2_': 1.0, '_a4_': 1.0, '_a6_': 1.0, '_a7_': 1.0}};{'d0': 0.024905832934349285};-276.475521850848;44.52088807620592
30801;-93.7168728492180;(((pow2(x) * _a5_) * _a0_) + (x * (_a1_ * pow2((_a0_ + (_a3_ + x))))));{'d0': {'_a0_': 0.38191287038080124, '_a1_': 3.376760877040097, '_a3_': 0.3431331769004638, '_a5_': -7.305302057141551, '_a2_': 1.0, '_a4_': 1.0, '_a6_': 1.0, '_a7_': 1.0}};{'d0': 0.024905832934349285};-276.475521850848;44.52088807620592
30802;-93.7168728492180;(((pow2(x) * _a5_) * _a0_) + (x * (_a1_ * pow2((_a0_ + (_a3_ + x))))));{'d0': {'_a0_': 0.38191287038080124, '_a1_': 3.376760877040097, '_a3_': 0.3431331769004638, '_a5_': -7.305302057141551, '_a2_': 1.0, '_a4_': 1.0, '_a6_': 1.0, '_a7_': 1.0}};{'d0': 0.024905832934349285};-276.475521850848;44.52088807620592
30803;-95.7640451483161;(((pow2(x) * _a5_) * _a0_) + (x * (_a1_ * pow2((_a0_ + (_a1_ + x))))));{'d0': {'_a0_': -2.6517148318389063, '_a1_': 3.376760878842415, '_a5_': 1.052145634910938, '_a2_': 1.0, '_a3_': 1.0, '_a4_': 1.0, '_a6_': 1.0, '_a7_': 1.0}};{'d0': 0.024905832919416594};-280.569866449044;44.52088807620592
30804;-95.7640451483160;(((pow2(x) * _a5_) * _a0_) + (x * (_a1_ * pow2((_a5_ + (_a1_ + x))))));{'d0': {'_a0_': 1.052145633754774, '_a1_': 3.3767608811508447, '_a5_': -2.651714834473368, '_a2_': 1.0, '_a3_': 1.0, '_a4_': 1.0, '_a6_': 1.0, '_a7_': 1.0}};{'d0': 0.024905832919416615};-280.569866449044;44.52088807620592
30805;-95.7640451483160;(((pow2(x) * _a5_) * _a0_) + (x * (_a1_ * pow2((_a5_ + (_a1_ + x))))));{'d0': {'_a0_': 1.052145633754774, '_a1_': 3.3767608811508447, '_a5_': -2.651714834473368, '_a2_': 1.0, '_a3_': 1.0, '_a4_': 1.0, '_a6_': 1.0, '_a7_': 1.0}};{'d0': 0.024905832919416615};-280.569866449044;44.52088807620592
30806;-95.7640451483160;(((pow2(x) * _a5_) * _a0_) + (x * (_a1_ * pow2((_a5_ + (_a1_ + x))))));{'d0': {'_a0_': 1.052145633754774, '_a1_': 3.3767608811508447, '_a5_': -2.651714834473368, '_a2_': 1.0, '_a3_': 1.0, '_a4_': 1.0, '_a6_': 1.0, '_a7_': 1.0}};{'d0': 0.024905832919416615};-280.569866449044;44.52088807620592
30807;-95.7640451483160;(((pow2(x) * _a5_) * _a0_) + (x * (_a1_ * pow2((_a5_ + (_a1_ + x))))));{'d0': {'_a0_': 1.052145633754774, '_a1_': 3.3767608811508447, '_a5_': -2.651714834473368, '_a2_': 1.0, '_a3_': 1.0, '_a4_': 1.0, '_a6_': 1.0, '_a7_': 1.0}};{'d0': 0.024905832919416615};-280.569866449044;44.52088807620592
30808;-92.0661106757061;(((pow2(x) * _a5_) * _a0_) + (x * (_a1_ * pow2((_a5_ + (pow2(_a0_) + x))))));{'d0': {'_a0_': -1.7871000056622088, '_a1_': 3.3767608749283324, '_a5_': -3.9187724777502217, '_a2_': 1.0, '_a3_': 1.0, '_a4_': 1.0, '_a6_': 1.0, '_a7_': 1.0}};{'d0': 0.024905832919416542};-280.569866449044;48.21882254881592
30809;-92.0661106757061;(((pow2(x) * _a5_) * _a0_) + (x * (_a1_ * pow2((_a5_ + (pow2(_a0_) + x))))));{'d0': {'_a0_': -1.7871000056622088, '_a1_': 3.3767608749283324, '_a5_': -3.9187724777502217, '_a2_': 1.0, '_a3_': 1.0, '_a4_': 1.0, '_a6_': 1.0, '_a7_': 1.0}};{'d0': 0.024905832919416542};-280.569866449044;48.21882254881592
30810;-92.0661106757061;(((pow2(x) * _a5_) * _a0_) + (x * (_a1_ * pow2((_a5_ + (pow2(_a0_) + x))))));{'d0': {'_a0_': -1.7871000056622088, '_a1_': 3.3767608749283324, '_a5_': -3.9187724777502217, '_a2_': 1.0, '_a3_': 1.0, '_a4_': 1.0, '_a6_': 1.0, '_a7_': 1.0}};{'d0': 0.024905832919416542};-280.569866449044;48.21882254881592
30811;-92.0661106757061;(((pow2(x) * _a5_) * _a0_) + (x * (_a1_ * pow2((_a5_ + (pow2(_a0_) + x))))));{'d0': {'_a0_': -1.7871000056622088, '_a1_': 3.3767608749283324, '_a5_': -3.9187724777502217, '_a2_': 1.0, '_a3_': 1.0, '_a4_': 1.0, '_a6_': 1.0, '_a7_': 1.0}};{'d0': 0.024905832919416542};-280.569866449044;48.21882254881592
30812;-92.0661106757061;(((pow2(x) * _a5_) * _a0_) + (x * (_a1_ * pow2((_a5_ + (pow2(_a0_) + x))))));{'d0': {'_a0_': -1.7871000056622088, '_a1_': 3.3767608749283324, '_a5_': -3.9187724777502217, '_a2_': 1.0, '_a3_': 1.0, '_a4_': 1.0, '_a6_': 1.0, '_a7_': 1.0}};{'d0': 0.024905832919416542};-280.569866449044;48.21882254881592
30813;-86.5471495063451;(((((((_a4_ * _a3_) / (_a3_ / _a0_)) * (_a4_ + x)) * x) * (_a3_ * x)) + x) / _a0_);{'d0': {'_a0_': 0.5633373081722461, '_a3_': 5.412695225541889, '_a4_': 0.6238594154314062, '_a1_': 1.0, '_a2_': 1.0, '_a5_': 1.0, '_a6_': 1.0, '_a7_': 1.0}};{'d0': 0.024905832919416632};-280.569866449044;53.737783718176544
30814;-86.5471495063451;(((((((_a4_ * _a3_) / (_a3_ / _a0_)) * (_a4_ + x)) * x) * (_a3_ * x)) + x) / _a0_);{'d0': {'_a0_': 0.5633373081722461, '_a3_': 5.412695225541889, '_a4_': 0.6238594154314062, '_a1_': 1.0, '_a2_': 1.0, '_a5_': 1.0, '_a6_': 1.0, '_a7_': 1.0}};{'d0': 0.024905832919416632};-280.569866449044;53.737783718176544
30815;-80.8020427523151;(((((((_a4_ * _a3_) / (_a3_ / pow2(_a2_))) * (_a4_ + x)) * x) * (_a3_ * x)) + x) / _a0_);{'d0': {'_a0_': 0.5633373079223155, '_a2_': -0.48327829989463383, '_a3_': 13.055317123612225, '_a4_': 0.6238594156697376, '_a1_': 1.0, '_a5_': 1.0, '_a6_': 1.0, '_a7_': 1.0}};{'d0': 0.0249058329196731};-276.475521886204;57.435718190786545
30816;-80.8020427523151;(((((((_a4_ * _a3_) / (_a3_ / pow2(_a2_))) * (_a4_ + x)) * x) * (_a3_ * x)) + x) / _a0_);{'d0': {'_a0_': 0.5633373079223155, '_a2_': -0.48327829989463383, '_a3_': 13.055317123612225, '_a4_': 0.6238594156697376, '_a1_': 1.0, '_a5_': 1.0, '_a6_': 1.0, '_a7_': 1.0}};{'d0': 0.0249058329196731};-276.475521886204;57.435718190786545
30817;-80.8020427506422;(((((((_a2_ * _a3_) / (_a3_ / pow2(_a2_))) * (_a4_ + x)) * x) * (_a3_ * x)) + x) / _a0_);{'d0': {'_a0_': 0.5633373080583192, '_a2_': -0.3819243019369371, '_a3_': -34.14575805734767, '_a4_': 0.6238594155180234, '_a1_': 1.0, '_a5_': 1.0, '_a6_': 1.0, '_a7_': 1.0}};{'d0': 0.024905832921061972};-276.475521882858;57.435718190786545
30818;-80.8020427506422;(((((((_a2_ * _a3_) / (_a3_ / pow2(_a2_))) * (_a4_ + x)) * x) * (_a3_ * x)) + x) / _a0_);{'d0': {'_a0_': 0.5633373080583192, '_a2_': -0.3819243019369371, '_a3_': -34.14575805734767, '_a4_': 0.6238594155180234, '_a1_': 1.0, '_a5_': 1.0, '_a6_': 1.0, '_a7_': 1.0}};{'d0': 0.024905832921061972};-276.475521882858;57.435718190786545
30819;-80.8020427506422;(((((((_a2_ * _a3_) / (_a3_ / pow2(_a2_))) * (_a4_ + x)) * x) * (_a3_ * x)) + x) / _a0_);{'d0': {'_a0_': 0.5633373080583192, '_a2_': -0.3819243019369371, '_a3_': -34.14575805734767, '_a4_': 0.6238594155180234, '_a1_': 1.0, '_a5_': 1.0, '_a6_': 1.0, '_a7_': 1.0}};{'d0': 0.024905832921061972};-276.475521882858;57.435718190786545
30820;-80.8020427506422;(((((((_a2_ * _a3_) / (_a3_ / pow2(_a2_))) * (_a4_ + x)) * x) * (_a3_ * x)) + x) / _a0_);{'d0': {'_a0_': 0.5633373080583192, '_a2_': -0.3819243019369371, '_a3_': -34.14575805734767, '_a4_': 0.6238594155180234, '_a1_': 1.0, '_a5_': 1.0, '_a6_': 1.0, '_a7_': 1.0}};{'d0': 0.024905832921061972};-276.475521882858;57.435718190786545
30821;-80.8020427506422;(((((((_a2_ * _a3_) / (_a3_ / pow2(_a2_))) * (_a4_ + x)) * x) * (_a3_ * x)) + x) / _a0_);{'d0': {'_a0_': 0.5633373080583192, '_a2_': -0.3819243019369371, '_a3_': -34.14575805734767, '_a4_': 0.6238594155180234, '_a1_': 1.0, '_a5_': 1.0, '_a6_': 1.0, '_a7_': 1.0}};{'d0': 0.024905832921061972};-276.475521882858;57.435718190786545
30822;-80.8020427506422;(((((((_a2_ * _a3_) / (_a3_ / pow2(_a2_))) * (_a4_ + x)) * x) * (_a3_ * x)) + x) / _a0_);{'d0': {'_a0_': 0.5633373080583192, '_a2_': -0.3819243019369371, '_a3_': -34.14575805734767, '_a4_': 0.6238594155180234, '_a1_': 1.0, '_a5_': 1.0, '_a6_': 1.0, '_a7_': 1.0}};{'d0': 0.024905832921061972};-276.475521882858;57.435718190786545
30823;-84.4999772247168;(((((((_a2_ * _a3_) / (_a3_ / _a4_)) * (_a4_ + x)) * x) * (_a3_ * x)) + x) / _a0_);{'d0': {'_a0_': 0.563337308237144, '_a2_': -0.09813215099905966, '_a3_': -31.07210504774253, '_a4_': 0.6238594153841018, '_a1_': 1.0, '_a5_': 1.0, '_a6_': 1.0, '_a7_': 1.0}};{'d0': 0.024905832919846067};-276.475521885787;53.737783718176544
30824;-84.4999772247168;(((((((_a2_ * _a3_) / (_a3_ / _a4_)) * (_a4_ + x)) * x) * (_a3_ * x)) + x) / _a0_);{'d0': {'_a0_': 0.563337308237144, '_a2_': -0.09813215099905966, '_a3_': -31.07210504774253, '_a4_': 0.6238594153841018, '_a1_': 1.0, '_a5_': 1.0, '_a6_': 1.0, '_a7_': 1.0}};{'d0': 0.024905832919846067};-276.475521885787;53.737783718176544
30825;-84.4999772247168;(((((((_a2_ * _a3_) / (_a3_ / _a4_)) * (_a4_ + x)) * x) * (_a3_ * x)) + x) / _a0_);{'d0': {'_a0_': 0.563337308237144, '_a2_': -0.09813215099905966, '_a3_': -31.07210504774253, '_a4_': 0.6238594153841018, '_a1_': 1.0, '_a5_': 1.0, '_a6_': 1.0, '_a7_': 1.0}};{'d0': 0.024905832919846067};-276.475521885787;53.737783718176544
30826;-85.2800765692315;(((((((_a2_ * _a3_) * (_a3_ / _a4_)) * (_a4_ + x)) * x) * (_a3_ * x)) + x) / _a0_);{'d0': {'_a0_': 0.5633373079847729, '_a2_': -0.14395293384144778, '_a3_': -2.0201249124846403, '_a4_': 0.6238594155547385, '_a1_': 1.0, '_a5_': 1.0, '_a6_': 1.0, '_a7_': 1.0}};{'d0': 0.024905832925886794};-276.475521871234;52.95768436638554
30827;-85.2800765692315;(((((((_a2_ * _a3_) * (_a3_ / _a4_)) * (_a4_ + x)) * x) * (_a3_ * x)) + x) / _a0_);{'d0': {'_a0_': 0.5633373079847729, '_a2_': -0.14395293384144778, '_a3_': -2.0201249124846403, '_a4_': 0.6238594155547385, '_a1_': 1.0, '_a5_': 1.0, '_a6_': 1.0, '_a7_': 1.0}};{'d0': 0.024905832925886794};-276.475521871234;52.95768436638554
30828;-85.2800765692315;(((((((_a2_ * _a3_) * (_a3_ / _a4_)) * (_a4_ + x)) * x) * (_a3_ * x)) + x) / _a0_);{'d0': {'_a0_': 0.5633373079847729, '_a2_': -0.14395293384144778, '_a3_': -2.0201249124846403, '_a4_': 0.6238594155547385, '_a1_': 1.0, '_a5_': 1.0, '_a6_': 1.0, '_a7_': 1.0}};{'d0': 0.024905832925886794};-276.475521871234;52.95768436638554
30829;-84.4535300023567;(((((((_a2_ + _a3_) * (_a3_ / _a4_)) * (_a4_ + x)) * x) * (_a3_ * x)) + x) / _a0_);{'d0': {'_a0_': 0.5633373079329574, '_a2_': 2.008517913383704, '_a3_': -1.4198529495901884, '_a4_': 0.6238594156344924, '_a1_': 1.0, '_a5_': 1.0, '_a6_': 1.0, '_a7_': 1.0}};{'d0': 0.02490583293912488};-276.475521839343;53.784230917314545
30830;-84.4535300023567;(((((((_a2_ + _a3_) * (_a3_ / _a4_)) * (_a4_ + x)) * x) * (_a3_ * x)) + x) / _a0_);{'d0': {'_a0_': 0.5633373079329574, '_a2_': 2.008517913383704, '_a3_': -1.4198529495901884, '_a4_': 0.6238594156344924, '_a1_': 1.0, '_a5_': 1.0, '_a6_': 1.0, '_a7_': 1.0}};{'d0': 0.02490583293912488};-276.475521839343;53.784230917314545
30831;-90.3741310741233;((((((_a1_ * (_a3_ / _a4_)) * (_a4_ + x)) * x) * (_a3_ * x)) + x) / _a0_);{'d0': {'_a0_': 0.5633373079899937, '_a1_': 3.036187449392643, '_a3_': -0.6251920151015757, '_a4_': 0.6238594155577024, '_a2_': 1.0, '_a5_': 1.0, '_a6_': 1.0, '_a7_': 1.0}};{'d0': 0.024905832920249168};-276.475521884816;47.86362986828455
30832;-90.3741310741233;((((((_a1_ * (_a3_ / _a4_)) * (_a4_ + x)) * x) * (_a3_ * x)) + x) / _a0_);{'d0': {'_a0_': 0.5633373079899937, '_a1_': 3.036187449392643, '_a3_': -0.6251920151015757, '_a4_': 0.6238594155577024, '_a2_': 1.0, '_a5_': 1.0, '_a6_': 1.0, '_a7_': 1.0}};{'d0': 0.024905832920249168};-276.475521884816;47.86362986828455
30833;-90.3741310741233;((((((_a1_ * (_a3_ / _a4_)) * (_a4_ + x)) * x) * (_a3_ * x)) + x) / _a0_);{'d0': {'_a0_': 0.5633373079899937, '_a1_': 3.036187449392643, '_a3_': -0.6251920151015757, '_a4_': 0.6238594155577024, '_a2_': 1.0, '_a5_': 1.0, '_a6_': 1.0, '_a7_': 1.0}};{'d0': 0.024905832920249168};-276.475521884816;47.86362986828455
30834;-90.3741310741233;((((((_a1_ * (_a3_ / _a4_)) * (_a4_ + x)) * x) * (_a3_ * x)) + x) / _a0_);{'d0': {'_a0_': 0.5633373079899937, '_a1_': 3.036187449392643, '_a3_': -0.6251920151015757, '_a4_': 0.6238594155577024, '_a2_': 1.0, '_a5_': 1.0, '_a6_': 1.0, '_a7_': 1.0}};{'d0': 0.024905832920249168};-276.475521884816;47.86362986828455
30835;-90.3741310741233;((((((_a1_ * (_a3_ / _a4_)) * (_a4_ + x)) * x) * (_a3_ * x)) + x) / _a0_);{'d0': {'_a0_': 0.5633373079899937, '_a1_': 3.036187449392643, '_a3_': -0.6251920151015757, '_a4_': 0.6238594155577024, '_a2_': 1.0, '_a5_': 1.0, '_a6_': 1.0, '_a7_': 1.0}};{'d0': 0.024905832920249168};-276.475521884816;47.86362986828455
30836;-90.3741310741233;((((((_a1_ * (_a3_ / _a4_)) * (_a4_ + x)) * x) * (_a3_ * x)) + x) / _a0_);{'d0': {'_a0_': 0.5633373079899937, '_a1_': 3.036187449392643, '_a3_': -0.6251920151015757, '_a4_': 0.6238594155577024, '_a2_': 1.0, '_a5_': 1.0, '_a6_': 1.0, '_a7_': 1.0}};{'d0': 0.024905832920249168};-276.475521884816;47.86362986828455
30837;-90.3741310741233;((((((_a1_ * (_a3_ / _a4_)) * (_a4_ + x)) * x) * (_a3_ * x)) + x) / _a0_);{'d0': {'_a0_': 0.5633373079899937, '_a1_': 3.036187449392643, '_a3_': -0.6251920151015757, '_a4_': 0.6238594155577024, '_a2_': 1.0, '_a5_': 1.0, '_a6_': 1.0, '_a7_': 1.0}};{'d0': 0.024905832920249168};-276.475521884816;47.86362986828455
30838;-90.3741310741233;((((((_a1_ * (_a3_ / _a4_)) * (_a4_ + x)) * x) * (_a3_ * x)) + x) / _a0_);{'d0': {'_a0_': 0.5633373079899937, '_a1_': 3.036187449392643, '_a3_': -0.6251920151015757, '_a4_': 0.6238594155577024, '_a2_': 1.0, '_a5_': 1.0, '_a6_': 1.0, '_a7_': 1.0}};{'d0': 0.024905832920249168};-276.475521884816;47.86362986828455
30839;-90.3741310741233;((((((_a1_ * (_a3_ / _a4_)) * (_a4_ + x)) * x) * (_a3_ * x)) + x) / _a0_);{'d0': {'_a0_': 0.5633373079899937, '_a1_': 3.036187449392643, '_a3_': -0.6251920151015757, '_a4_': 0.6238594155577024, '_a2_': 1.0, '_a5_': 1.0, '_a6_': 1.0, '_a7_': 1.0}};{'d0': 0.024905832920249168};-276.475521884816;47.86362986828455
30840;-90.3741310741233;((((((_a1_ * (_a3_ / _a4_)) * (_a4_ + x)) * x) * (_a3_ * x)) + x) / _a0_);{'d0': {'_a0_': 0.5633373079899937, '_a1_': 3.036187449392643, '_a3_': -0.6251920151015757, '_a4_': 0.6238594155577024, '_a2_': 1.0, '_a5_': 1.0, '_a6_': 1.0, '_a7_': 1.0}};{'d0': 0.024905832920249168};-276.475521884816;47.86362986828455
30841;-90.3741310741233;((((((_a1_ * (_a3_ / _a4_)) * (_a4_ + x)) * x) * (_a3_ * x)) + x) / _a0_);{'d0': {'_a0_': 0.5633373079899937, '_a1_': 3.036187449392643, '_a3_': -0.6251920151015757, '_a4_': 0.6238594155577024, '_a2_': 1.0, '_a5_': 1.0, '_a6_': 1.0, '_a7_': 1.0}};{'d0': 0.024905832920249168};-276.475521884816;47.86362986828455
30842;-90.3741310741233;((((((_a1_ * (_a3_ / _a4_)) * (_a4_ + x)) * x) * (_a3_ * x)) + x) / _a0_);{'d0': {'_a0_': 0.5633373079899937, '_a1_': 3.036187449392643, '_a3_': -0.6251920151015757, '_a4_': 0.6238594155577024, '_a2_': 1.0, '_a5_': 1.0, '_a6_': 1.0, '_a7_': 1.0}};{'d0': 0.024905832920249168};-276.475521884816;47.86362986828455
30843;-90.3741310741233;((((((_a1_ * (_a3_ / _a4_)) * (_a4_ + x)) * x) * (_a3_ * x)) + x) / _a0_);{'d0': {'_a0_': 0.5633373079899937, '_a1_': 3.036187449392643, '_a3_': -0.6251920151015757, '_a4_': 0.6238594155577024, '_a2_': 1.0, '_a5_': 1.0, '_a6_': 1.0, '_a7_': 1.0}};{'d0': 0.024905832920249168};-276.475521884816;47.86362986828455
30844;-90.3741310741233;((((((_a1_ * (_a3_ / _a4_)) * (_a4_ + x)) * x) * (_a3_ * x)) + x) / _a0_);{'d0': {'_a0_': 0.5633373079899937, '_a1_': 3.036187449392643, '_a3_': -0.6251920151015757, '_a4_': 0.6238594155577024, '_a2_': 1.0, '_a5_': 1.0, '_a6_': 1.0, '_a7_': 1.0}};{'d0': 0.024905832920249168};-276.475521884816;47.86362986828455
30845;-90.3741310741233;((((((_a1_ * (_a3_ / _a4_)) * (_a4_ + x)) * x) * (_a3_ * x)) + x) / _a0_);{'d0': {'_a0_': 0.5633373079899937, '_a1_': 3.036187449392643, '_a3_': -0.6251920151015757, '_a4_': 0.6238594155577024, '_a2_': 1.0, '_a5_': 1.0, '_a6_': 1.0, '_a7_': 1.0}};{'d0': 0.024905832920249168};-276.475521884816;47.86362986828455
30846;-90.3741310741233;((((((_a1_ * (_a3_ / _a4_)) * (_a4_ + x)) * x) * (_a3_ * x)) + x) / _a0_);{'d0': {'_a0_': 0.5633373079899937, '_a1_': 3.036187449392643, '_a3_': -0.6251920151015757, '_a4_': 0.6238594155577024, '_a2_': 1.0, '_a5_': 1.0, '_a6_': 1.0, '_a7_': 1.0}};{'d0': 0.024905832920249168};-276.475521884816;47.86362986828455
30847;-90.3741310741233;((((((_a1_ * (_a3_ / _a4_)) * (_a4_ + x)) * x) * (_a3_ * x)) + x) / _a0_);{'d0': {'_a0_': 0.5633373079899937, '_a1_': 3.036187449392643, '_a3_': -0.6251920151015757, '_a4_': 0.6238594155577024, '_a2_': 1.0, '_a5_': 1.0, '_a6_': 1.0, '_a7_': 1.0}};{'d0': 0.024905832920249168};-276.475521884816;47.86362986828455
30848;-85.0342680645336;((((((_a1_ * (_a3_ / _a4_)) * (_a4_ + x)) * x) * (_a3_ * x)) + x) / sqrt(_a0_));{'d0': {'_a0_': 0.31734892260382586, '_a1_': 10.862194057454618, '_a3_': 0.33053616334441127, '_a4_': 0.6238594155691597, '_a2_': 1.0, '_a5_': 1.0, '_a6_': 1.0, '_a7_': 1.0}};{'d0': 0.024905832919476772};-276.475521886677;53.203492878804546
30849;-85.0342680645336;((((((_a1_ * (_a3_ / _a4_)) * (_a4_ + x)) * x) * (_a3_ * x)) + x) / sqrt(_a0_));{'d0': {'_a0_': 0.31734892260382586, '_a1_': 10.862194057454618, '_a3_': 0.33053616334441127, '_a4_': 0.6238594155691597, '_a2_': 1.0, '_a5_': 1.0, '_a6_': 1.0, '_a7_': 1.0}};{'d0': 0.024905832919476772};-276.475521886677;53.203492878804546
30850;-85.0342680645336;((((((_a1_ * (_a3_ / _a4_)) * (_a4_ + x)) * x) * (_a3_ * x)) + x) / sqrt(_a0_));{'d0': {'_a0_': 0.31734892260382586, '_a1_': 10.862194057454618, '_a3_': 0.33053616334441127, '_a4_': 0.6238594155691597, '_a2_': 1.0, '_a5_': 1.0, '_a6_': 1.0, '_a7_': 1.0}};{'d0': 0.024905832919476772};-276.475521886677;53.203492878804546
30851;-85.0342680645336;((((((_a1_ * (_a3_ / _a4_)) * (_a4_ + x)) * x) * (_a3_ * x)) + x) / sqrt(_a0_));{'d0': {'_a0_': 0.31734892260382586, '_a1_': 10.862194057454618, '_a3_': 0.33053616334441127, '_a4_': 0.6238594155691597, '_a2_': 1.0, '_a5_': 1.0, '_a6_': 1.0, '_a7_': 1.0}};{'d0': 0.024905832919476772};-276.475521886677;53.203492878804546
30852;-85.0342680645336;((((((_a1_ * (_a3_ / _a4_)) * (_a4_ + x)) * x) * (_a3_ * x)) + x) / sqrt(_a0_));{'d0': {'_a0_': 0.31734892260382586, '_a1_': 10.862194057454618, '_a3_': 0.33053616334441127, '_a4_': 0.6238594155691597, '_a2_': 1.0, '_a5_': 1.0, '_a6_': 1.0, '_a7_': 1.0}};{'d0': 0.024905832919476772};-276.475521886677;53.203492878804546
30853;-85.0342680645336;((((((_a1_ * (_a3_ / _a4_)) * (_a4_ + x)) * x) * (_a3_ * x)) + x) / sqrt(_a0_));{'d0': {'_a0_': 0.31734892260382586, '_a1_': 10.862194057454618, '_a3_': 0.33053616334441127, '_a4_': 0.6238594155691597, '_a2_': 1.0, '_a5_': 1.0, '_a6_': 1.0, '_a7_': 1.0}};{'d0': 0.024905832919476772};-276.475521886677;53.203492878804546
30854;-87.0814403457171;((((((_a0_ * (_a3_ / _a4_)) * (_a4_ + x)) * x) * (_a3_ * x)) + x) / sqrt(_a0_));{'d0': {'_a0_': 0.3173489224943321, '_a3_': 1.9337897940161952, '_a4_': 0.6238594156385256, '_a1_': 1.0, '_a2_': 1.0, '_a5_': 1.0, '_a6_': 1.0, '_a7_': 1.0}};{'d0': 0.024905832919416667};-280.569866449044;53.203492878804546
30855;-87.8246086557634;((((((_a0_ * (_a3_ / _a4_)) * (_a4_ + x)) * x) * (_a3_ * x)) + x) * sqrt(_a0_));{'d0': {'_a0_': 3.1511057050108624, '_a3_': 0.6136861073516922, '_a4_': 0.6238594156002455, '_a1_': 1.0, '_a2_': 1.0, '_a5_': 1.0, '_a6_': 1.0, '_a7_': 1.0}};{'d0': 0.024905832919416594};-280.569866449044;52.460324568758345
30856;-87.8246086557634;((((((_a0_ * (_a3_ / _a4_)) * (_a4_ + x)) * x) * (_a3_ * x)) + x) * sqrt(_a0_));{'d0': {'_a0_': 3.1511057050108624, '_a3_': 0.6136861073516922, '_a4_': 0.6238594156002455, '_a1_': 1.0, '_a2_': 1.0, '_a5_': 1.0, '_a6_': 1.0, '_a7_': 1.0}};{'d0': 0.024905832919416594};-280.569866449044;52.460324568758345
30857;-87.8246086557634;((((((_a0_ * (_a3_ / _a4_)) * (_a4_ + x)) * x) * (_a3_ * x)) + x) * sqrt(_a0_));{'d0': {'_a0_': 3.1511057050108624, '_a3_': 0.6136861073516922, '_a4_': 0.6238594156002455, '_a1_': 1.0, '_a2_': 1.0, '_a5_': 1.0, '_a6_': 1.0, '_a7_': 1.0}};{'d0': 0.024905832919416594};-280.569866449044;52.460324568758345
30858;-87.8246086557634;((((((_a0_ * (_a3_ / _a4_)) * (_a4_ + x)) * x) * (_a3_ * x)) + x) * sqrt(_a0_));{'d0': {'_a0_': 3.1511057050108624, '_a3_': 0.6136861073516922, '_a4_': 0.6238594156002455, '_a1_': 1.0, '_a2_': 1.0, '_a5_': 1.0, '_a6_': 1.0, '_a7_': 1.0}};{'d0': 0.024905832919416594};-280.569866449044;52.460324568758345
30859;-87.8246086557634;((((((_a0_ * (_a3_ / _a4_)) * (_a4_ + x)) * x) * (_a3_ * x)) + x) * sqrt(_a0_));{'d0': {'_a0_': 3.1511057050108624, '_a3_': 0.6136861073516922, '_a4_': 0.6238594156002455, '_a1_': 1.0, '_a2_': 1.0, '_a5_': 1.0, '_a6_': 1.0, '_a7_': 1.0}};{'d0': 0.024905832919416594};-280.569866449044;52.460324568758345
30860;-87.8246086557634;((((((_a0_ * (_a3_ / _a4_)) * (_a4_ + x)) * x) * (_a3_ * x)) + x) * sqrt(_a0_));{'d0': {'_a0_': 3.1511057050108624, '_a3_': 0.6136861073516922, '_a4_': 0.6238594156002455, '_a1_': 1.0, '_a2_': 1.0, '_a5_': 1.0, '_a6_': 1.0, '_a7_': 1.0}};{'d0': 0.024905832919416594};-280.569866449044;52.460324568758345
30861;-87.8246086557634;((((((_a0_ * (_a3_ / _a4_)) * (_a4_ + x)) * x) * (_a3_ * x)) + x) * sqrt(_a0_));{'d0': {'_a0_': 3.1511057050108624, '_a3_': 0.6136861073516922, '_a4_': 0.6238594156002455, '_a1_': 1.0, '_a2_': 1.0, '_a5_': 1.0, '_a6_': 1.0, '_a7_': 1.0}};{'d0': 0.024905832919416594};-280.569866449044;52.460324568758345
30862;-87.8246086557634;((((((_a0_ * (_a3_ / _a4_)) * (_a4_ + x)) * x) * (_a3_ * x)) + x) * sqrt(_a0_));{'d0': {'_a0_': 3.1511057050108624, '_a3_': 0.6136861073516922, '_a4_': 0.6238594156002455, '_a1_': 1.0, '_a2_': 1.0, '_a5_': 1.0, '_a6_': 1.0, '_a7_': 1.0}};{'d0': 0.024905832919416594};-280.569866449044;52.460324568758345
30863;-87.8246086557634;((((((_a0_ * (_a3_ / _a4_)) * (_a4_ + x)) * x) * (_a3_ * x)) + x) * sqrt(_a0_));{'d0': {'_a0_': 3.1511057050108624, '_a3_': 0.6136861073516922, '_a4_': 0.6238594156002455, '_a1_': 1.0, '_a2_': 1.0, '_a5_': 1.0, '_a6_': 1.0, '_a7_': 1.0}};{'d0': 0.024905832919416594};-280.569866449044;52.460324568758345
30864;-87.8246086557634;((((((_a0_ * (_a3_ / _a4_)) * (_a4_ + x)) * x) * (_a3_ * x)) + x) * sqrt(_a0_));{'d0': {'_a0_': 3.1511057050108624, '_a3_': 0.6136861073516922, '_a4_': 0.6238594156002455, '_a1_': 1.0, '_a2_': 1.0, '_a5_': 1.0, '_a6_': 1.0, '_a7_': 1.0}};{'d0': 0.024905832919416594};-280.569866449044;52.460324568758345
30865;-87.8246086557634;((((((_a0_ * (_a3_ / _a4_)) * (_a4_ + x)) * x) * (_a3_ * x)) + x) * sqrt(_a0_));{'d0': {'_a0_': 3.1511057050108624, '_a3_': 0.6136861073516922, '_a4_': 0.6238594156002455, '_a1_': 1.0, '_a2_': 1.0, '_a5_': 1.0, '_a6_': 1.0, '_a7_': 1.0}};{'d0': 0.024905832919416594};-280.569866449044;52.460324568758345
30866;-87.8246086557634;((((((_a0_ * (_a3_ / _a4_)) * (_a4_ + x)) * x) * (_a3_ * x)) + x) * sqrt(_a0_));{'d0': {'_a0_': 3.1511057050108624, '_a3_': 0.6136861073516922, '_a4_': 0.6238594156002455, '_a1_': 1.0, '_a2_': 1.0, '_a5_': 1.0, '_a6_': 1.0, '_a7_': 1.0}};{'d0': 0.024905832919416594};-280.569866449044;52.460324568758345
30867;-87.8246086557634;((((((_a0_ * (_a3_ / _a4_)) * (_a4_ + x)) * x) * (_a3_ * x)) + x) * sqrt(_a0_));{'d0': {'_a0_': 3.1511057050108624, '_a3_': 0.6136861073516922, '_a4_': 0.6238594156002455, '_a1_': 1.0, '_a2_': 1.0, '_a5_': 1.0, '_a6_': 1.0, '_a7_': 1.0}};{'d0': 0.024905832919416594};-280.569866449044;52.460324568758345
30868;-87.8246086557634;((((((_a0_ * (_a3_ / _a4_)) * (_a4_ + x)) * x) * (_a3_ * x)) + x) * sqrt(_a0_));{'d0': {'_a0_': 3.1511057050108624, '_a3_': 0.6136861073516922, '_a4_': 0.6238594156002455, '_a1_': 1.0, '_a2_': 1.0, '_a5_': 1.0, '_a6_': 1.0, '_a7_': 1.0}};{'d0': 0.024905832919416594};-280.569866449044;52.460324568758345
30869;-87.8246086557634;((((((_a0_ * (_a3_ / _a4_)) * (_a4_ + x)) * x) * (_a3_ * x)) + x) * sqrt(_a0_));{'d0': {'_a0_': 3.1511057050108624, '_a3_': 0.6136861073516922, '_a4_': 0.6238594156002455, '_a1_': 1.0, '_a2_': 1.0, '_a5_': 1.0, '_a6_': 1.0, '_a7_': 1.0}};{'d0': 0.024905832919416594};-280.569866449044;52.460324568758345
30870;-87.8246086557634;((((((_a0_ * (_a3_ / _a4_)) * (_a4_ + x)) * x) * (_a3_ * x)) + x) * sqrt(_a0_));{'d0': {'_a0_': 3.1511057050108624, '_a3_': 0.6136861073516922, '_a4_': 0.6238594156002455, '_a1_': 1.0, '_a2_': 1.0, '_a5_': 1.0, '_a6_': 1.0, '_a7_': 1.0}};{'d0': 0.024905832919416594};-280.569866449044;52.460324568758345
30871;-97.2307071536923;((x + -(log(_a1_))) * (_a5_ + pow2(((x + _a3_) / _a0_))));{'d0': {'_a0_': -0.5437257891172745, '_a1_': 1.000576887079186, '_a3_': 0.3125639439544656, '_a5_': 1.4454140195546001, '_a2_': 1.0, '_a4_': 1.0, '_a6_': 1.0, '_a7_': 1.0}};{'d0': 0.024885482501866948};-276.524567593312;41.03157664296373
30872;-97.2307071536923;((x + -(log(_a1_))) * (_a5_ + pow2(((x + _a3_) / _a0_))));{'d0': {'_a0_': -0.5437257891172745, '_a1_': 1.000576887079186, '_a3_': 0.3125639439544656, '_a5_': 1.4454140195546001, '_a2_': 1.0, '_a4_': 1.0, '_a6_': 1.0, '_a7_': 1.0}};{'d0': 0.024885482501866948};-276.524567593312;41.03157664296373
30873;-97.2307071536923;((x + -(log(_a1_))) * (_a5_ + pow2(((x + _a3_) / _a0_))));{'d0': {'_a0_': -0.5437257891172745, '_a1_': 1.000576887079186, '_a3_': 0.3125639439544656, '_a5_': 1.4454140195546001, '_a2_': 1.0, '_a4_': 1.0, '_a6_': 1.0, '_a7_': 1.0}};{'d0': 0.024885482501866948};-276.524567593312;41.03157664296373
30874;-97.2307071536923;((x + -(log(_a1_))) * (_a5_ + pow2(((x + _a3_) / _a0_))));{'d0': {'_a0_': -0.5437257891172745, '_a1_': 1.000576887079186, '_a3_': 0.3125639439544656, '_a5_': 1.4454140195546001, '_a2_': 1.0, '_a4_': 1.0, '_a6_': 1.0, '_a7_': 1.0}};{'d0': 0.024885482501866948};-276.524567593312;41.03157664296373
30875;-95.7382415496337;((x + -((_a4_ * _a1_))) * (_a5_ + pow2(((x + _a3_) / _a0_))));{'d0': {'_a0_': -0.5437257964428875, '_a1_': 0.0030280768739608193, '_a3_': 0.3125639340015235, '_a4_': 0.19044663607660042, '_a5_': 1.4454140383947498, '_a2_': 1.0, '_a6_': 1.0, '_a7_': 1.0}};{'d0': 0.02488548250206984};-272.430223030601;40.47686996566673
30876;-95.7382415496337;((x + -((_a4_ * _a1_))) * (_a5_ + pow2(((x + _a3_) / _a0_))));{'d0': {'_a0_': -0.5437257964428875, '_a1_': 0.0030280768739608193, '_a3_': 0.3125639340015235, '_a4_': 0.19044663607660042, '_a5_': 1.4454140383947498, '_a2_': 1.0, '_a6_': 1.0, '_a7_': 1.0}};{'d0': 0.02488548250206984};-272.430223030601;40.47686996566673
30877;-95.7382415496337;((x + -((_a4_ * _a1_))) * (_a5_ + pow2(((x + _a3_) / _a0_))));{'d0': {'_a0_': -0.5437257964428875, '_a1_': 0.0030280768739608193, '_a3_': 0.3125639340015235, '_a4_': 0.19044663607660042, '_a5_': 1.4454140383947498, '_a2_': 1.0, '_a6_': 1.0, '_a7_': 1.0}};{'d0': 0.02488548250206984};-272.430223030601;40.47686996566673
30878;-95.7382415496337;((x + -((_a4_ * _a1_))) * (_a5_ + pow2(((x + _a3_) / _a0_))));{'d0': {'_a0_': -0.5437257964428875, '_a1_': 0.0030280768739608193, '_a3_': 0.3125639340015235, '_a4_': 0.19044663607660042, '_a5_': 1.4454140383947498, '_a2_': 1.0, '_a6_': 1.0, '_a7_': 1.0}};{'d0': 0.02488548250206984};-272.430223030601;40.47686996566673
30879;-95.7382415496337;((x + -((_a4_ * _a1_))) * (_a5_ + pow2(((x + _a3_) / _a0_))));{'d0': {'_a0_': -0.5437257964428875, '_a1_': 0.0030280768739608193, '_a3_': 0.3125639340015235, '_a4_': 0.19044663607660042, '_a5_': 1.4454140383947498, '_a2_': 1.0, '_a6_': 1.0, '_a7_': 1.0}};{'d0': 0.02488548250206984};-272.430223030601;40.47686996566673
30880;-95.7382415496337;((x + -((_a4_ * _a1_))) * (_a5_ + pow2(((x + _a3_) / _a0_))));{'d0': {'_a0_': -0.5437257964428875, '_a1_': 0.0030280768739608193, '_a3_': 0.3125639340015235, '_a4_': 0.19044663607660042, '_a5_': 1.4454140383947498, '_a2_': 1.0, '_a6_': 1.0, '_a7_': 1.0}};{'d0': 0.02488548250206984};-272.430223030601;40.47686996566673
30881;-95.7382415496337;((x + -((_a4_ * _a1_))) * (_a5_ + pow2(((x + _a3_) / _a0_))));{'d0': {'_a0_': -0.5437257964428875, '_a1_': 0.0030280768739608193, '_a3_': 0.3125639340015235, '_a4_': 0.19044663607660042, '_a5_': 1.4454140383947498, '_a2_': 1.0, '_a6_': 1.0, '_a7_': 1.0}};{'d0': 0.02488548250206984};-272.430223030601;40.47686996566673
30882;-95.7382415496337;((x + -((_a4_ * _a1_))) * (_a5_ + pow2(((x + _a3_) / _a0_))));{'d0': {'_a0_': -0.5437257964428875, '_a1_': 0.0030280768739608193, '_a3_': 0.3125639340015235, '_a4_': 0.19044663607660042, '_a5_': 1.4454140383947498, '_a2_': 1.0, '_a6_': 1.0, '_a7_': 1.0}};{'d0': 0.02488548250206984};-272.430223030601;40.47686996566673
30883;-96.6615506704870;((x + -((_a4_ * _a1_))) * (_a5_ + pow2(((x + _a3_) * _a0_))));{'d0': {'_a0_': -1.8391622803520478, '_a1_': -0.0010417595685287483, '_a3_': 0.31256391619773805, '_a4_': -0.5534495395029483, '_a5_': 1.4454140717324628, '_a2_': 1.0, '_a6_': 1.0, '_a7_': 1.0}};{'d0': 0.02488548250739043};-272.430223017773;39.55356083839933
30884;-96.6615506704870;((x + -((_a4_ * _a1_))) * (_a5_ + pow2(((x + _a3_) * _a0_))));{'d0': {'_a0_': -1.8391622803520478, '_a1_': -0.0010417595685287483, '_a3_': 0.31256391619773805, '_a4_': -0.5534495395029483, '_a5_': 1.4454140717324628, '_a2_': 1.0, '_a6_': 1.0, '_a7_': 1.0}};{'d0': 0.02488548250739043};-272.430223017773;39.55356083839933
30885;-96.6615506704870;((x + -((_a4_ * _a1_))) * (_a5_ + pow2(((x + _a3_) * _a0_))));{'d0': {'_a0_': -1.8391622803520478, '_a1_': -0.0010417595685287483, '_a3_': 0.31256391619773805, '_a4_': -0.5534495395029483, '_a5_': 1.4454140717324628, '_a2_': 1.0, '_a6_': 1.0, '_a7_': 1.0}};{'d0': 0.02488548250739043};-272.430223017773;39.55356083839933
30886;-96.6615506704870;((x + -((_a4_ * _a1_))) * (_a5_ + pow2(((x + _a3_) * _a0_))));{'d0': {'_a0_': -1.8391622803520478, '_a1_': -0.0010417595685287483, '_a3_': 0.31256391619773805, '_a4_': -0.5534495395029483, '_a5_': 1.4454140717324628, '_a2_': 1.0, '_a6_': 1.0, '_a7_': 1.0}};{'d0': 0.02488548250739043};-272.430223017773;39.55356083839933
30887;-96.6615506704870;((x + -((_a4_ * _a1_))) * (_a5_ + pow2(((x + _a3_) * _a0_))));{'d0': {'_a0_': -1.8391622803520478, '_a1_': -0.0010417595685287483, '_a3_': 0.31256391619773805, '_a4_': -0.5534495395029483, '_a5_': 1.4454140717324628, '_a2_': 1.0, '_a6_': 1.0, '_a7_': 1.0}};{'d0': 0.02488548250739043};-272.430223017773;39.55356083839933
30888;-96.6615506704870;((x + -((_a4_ * _a1_))) * (_a5_ + pow2(((x + _a3_) * _a0_))));{'d0': {'_a0_': -1.8391622803520478, '_a1_': -0.0010417595685287483, '_a3_': 0.31256391619773805, '_a4_': -0.5534495395029483, '_a5_': 1.4454140717324628, '_a2_': 1.0, '_a6_': 1.0, '_a7_': 1.0}};{'d0': 0.02488548250739043};-272.430223017773;39.55356083839933
30889;-96.6615506704870;((x + -((_a4_ * _a1_))) * (_a5_ + pow2(((x + _a3_) * _a0_))));{'d0': {'_a0_': -1.8391622803520478, '_a1_': -0.0010417595685287483, '_a3_': 0.31256391619773805, '_a4_': -0.5534495395029483, '_a5_': 1.4454140717324628, '_a2_': 1.0, '_a6_': 1.0, '_a7_': 1.0}};{'d0': 0.02488548250739043};-272.430223017773;39.55356083839933
30890;-95.0282707199714;((x + -((-(_a3_) * _a1_))) * (_a5_ + pow2(((x + _a3_) * _a0_))));{'d0': {'_a0_': -1.8391623010465752, '_a1_': -0.0018450726289266513, '_a3_': 0.3125639233153382, '_a5_': 1.4454140594011406, '_a2_': 1.0, '_a4_': 1.0, '_a6_': 1.0, '_a7_': 1.0}};{'d0': 0.02488548250188699};-276.524567593264;43.234013076660496
30891;-95.0282707199714;((x + -((-(_a3_) * _a1_))) * (_a5_ + pow2(((x + _a3_) * _a0_))));{'d0': {'_a0_': -1.8391623010465752, '_a1_': -0.0018450726289266513, '_a3_': 0.3125639233153382, '_a5_': 1.4454140594011406, '_a2_': 1.0, '_a4_': 1.0, '_a6_': 1.0, '_a7_': 1.0}};{'d0': 0.02488548250188699};-276.524567593264;43.234013076660496
30892;-95.0282707199714;((x + -((-(_a3_) * _a1_))) * (_a5_ + pow2(((x + _a3_) * _a0_))));{'d0': {'_a0_': -1.8391623010465752, '_a1_': -0.0018450726289266513, '_a3_': 0.3125639233153382, '_a5_': 1.4454140594011406, '_a2_': 1.0, '_a4_': 1.0, '_a6_': 1.0, '_a7_': 1.0}};{'d0': 0.02488548250188699};-276.524567593264;43.234013076660496
30893;-95.0037478651020;((x + -((-(x) * _a1_))) * (_a5_ + pow2(((x + _a3_) * _a0_))));{'d0': {'_a0_': -1.849276215183554, '_a1_': -0.012591877836248813, '_a3_': 0.31192970733428865, '_a5_': 1.465023279888242, '_a2_': 1.0, '_a4_': 1.0, '_a6_': 1.0, '_a7_': 1.0}};{'d0': 0.024905832920784934};-276.475521883525;43.234013076660496
30894;-95.0037478651020;((x + -((-(x) * _a1_))) * (_a5_ + pow2(((x + _a3_) * _a0_))));{'d0': {'_a0_': -1.849276215183554, '_a1_': -0.012591877836248813, '_a3_': 0.31192970733428865, '_a5_': 1.465023279888242, '_a2_': 1.0, '_a4_': 1.0, '_a6_': 1.0, '_a7_': 1.0}};{'d0': 0.024905832920784934};-276.475521883525;43.234013076660496
30895;-95.0037478651020;((x + -((-(x) * _a1_))) * (_a5_ + pow2(((x + _a3_) * _a0_))));{'d0': {'_a0_': -1.849276215183554, '_a1_': -0.012591877836248813, '_a3_': 0.31192970733428865, '_a5_': 1.465023279888242, '_a2_': 1.0, '_a4_': 1.0, '_a6_': 1.0, '_a7_': 1.0}};{'d0': 0.024905832920784934};-276.475521883525;43.234013076660496
30896;-93.7348547485900;(((x * _a6_) * _a6_) + (x * (_a1_ * pow2((_a5_ + (-(_a4_) + x))))));{'d0': {'_a1_': 3.376760879379307, '_a4_': -89209.50618761191, '_a5_': -89209.19425790414, '_a6_': 1.2027297983714655, '_a0_': 1.0, '_a2_': 1.0, '_a3_': 1.0, '_a7_': 1.0}};{'d0': 0.024905837428173552};-276.475511024892;44.50290076385631
30897;-93.7348547485900;(((x * _a6_) * _a6_) + (x * (_a1_ * pow2((_a5_ + (-(_a4_) + x))))));{'d0': {'_a1_': 3.376760879379307, '_a4_': -89209.50618761191, '_a5_': -89209.19425790414, '_a6_': 1.2027297983714655, '_a0_': 1.0, '_a2_': 1.0, '_a3_': 1.0, '_a7_': 1.0}};{'d0': 0.024905837428173552};-276.475511024892;44.50290076385631
30898;-93.7348547485900;(((x * _a6_) * _a6_) + (x * (_a1_ * pow2((_a5_ + (-(_a4_) + x))))));{'d0': {'_a1_': 3.376760879379307, '_a4_': -89209.50618761191, '_a5_': -89209.19425790414, '_a6_': 1.2027297983714655, '_a0_': 1.0, '_a2_': 1.0, '_a3_': 1.0, '_a7_': 1.0}};{'d0': 0.024905837428173552};-276.475511024892;44.50290076385631
30899;-93.7348547485900;(((x * _a6_) * _a6_) + (x * (_a1_ * pow2((_a5_ + (-(_a4_) + x))))));{'d0': {'_a1_': 3.376760879379307, '_a4_': -89209.50618761191, '_a5_': -89209.19425790414, '_a6_': 1.2027297983714655, '_a0_': 1.0, '_a2_': 1.0, '_a3_': 1.0, '_a7_': 1.0}};{'d0': 0.024905837428173552};-276.475511024892;44.50290076385631
30900;-93.7348547485900;(((x * _a6_) * _a6_) + (x * (_a1_ * pow2((_a5_ + (-(_a4_) + x))))));{'d0': {'_a1_': 3.376760879379307, '_a4_': -89209.50618761191, '_a5_': -89209.19425790414, '_a6_': 1.2027297983714655, '_a0_': 1.0, '_a2_': 1.0, '_a3_': 1.0, '_a7_': 1.0}};{'d0': 0.024905837428173552};-276.475511024892;44.50290076385631
30901;-93.7348547485900;(((x * _a6_) * _a6_) + (x * (_a1_ * pow2((_a5_ + (-(_a4_) + x))))));{'d0': {'_a1_': 3.376760879379307, '_a4_': -89209.50618761191, '_a5_': -89209.19425790414, '_a6_': 1.2027297983714655, '_a0_': 1.0, '_a2_': 1.0, '_a3_': 1.0, '_a7_': 1.0}};{'d0': 0.024905837428173552};-276.475511024892;44.50290076385631
30902;-93.7348547485900;(((x * _a6_) * _a6_) + (x * (_a1_ * pow2((_a5_ + (-(_a4_) + x))))));{'d0': {'_a1_': 3.376760879379307, '_a4_': -89209.50618761191, '_a5_': -89209.19425790414, '_a6_': 1.2027297983714655, '_a0_': 1.0, '_a2_': 1.0, '_a3_': 1.0, '_a7_': 1.0}};{'d0': 0.024905837428173552};-276.475511024892;44.50290076385631
30903;-93.7348547485900;(((x * _a6_) * _a6_) + (x * (_a1_ * pow2((_a5_ + (-(_a4_) + x))))));{'d0': {'_a1_': 3.376760879379307, '_a4_': -89209.50618761191, '_a5_': -89209.19425790414, '_a6_': 1.2027297983714655, '_a0_': 1.0, '_a2_': 1.0, '_a3_': 1.0, '_a7_': 1.0}};{'d0': 0.024905837428173552};-276.475511024892;44.50290076385631
30904;-93.7348547485900;(((x * _a6_) * _a6_) + (x * (_a1_ * pow2((_a5_ + (-(_a4_) + x))))));{'d0': {'_a1_': 3.376760879379307, '_a4_': -89209.50618761191, '_a5_': -89209.19425790414, '_a6_': 1.2027297983714655, '_a0_': 1.0, '_a2_': 1.0, '_a3_': 1.0, '_a7_': 1.0}};{'d0': 0.024905837428173552};-276.475511024892;44.50290076385631
30905;-93.7348547485900;(((x * _a6_) * _a6_) + (x * (_a1_ * pow2((_a5_ + (-(_a4_) + x))))));{'d0': {'_a1_': 3.376760879379307, '_a4_': -89209.50618761191, '_a5_': -89209.19425790414, '_a6_': 1.2027297983714655, '_a0_': 1.0, '_a2_': 1.0, '_a3_': 1.0, '_a7_': 1.0}};{'d0': 0.024905837428173552};-276.475511024892;44.50290076385631
30906;-93.7348547485900;(((x * _a6_) * _a6_) + (x * (_a1_ * pow2((_a5_ + (-(_a4_) + x))))));{'d0': {'_a1_': 3.376760879379307, '_a4_': -89209.50618761191, '_a5_': -89209.19425790414, '_a6_': 1.2027297983714655, '_a0_': 1.0, '_a2_': 1.0, '_a3_': 1.0, '_a7_': 1.0}};{'d0': 0.024905837428173552};-276.475511024892;44.50290076385631
30907;-93.7348547485900;(((x * _a6_) * _a6_) + (x * (_a1_ * pow2((_a5_ + (-(_a4_) + x))))));{'d0': {'_a1_': 3.376760879379307, '_a4_': -89209.50618761191, '_a5_': -89209.19425790414, '_a6_': 1.2027297983714655, '_a0_': 1.0, '_a2_': 1.0, '_a3_': 1.0, '_a7_': 1.0}};{'d0': 0.024905837428173552};-276.475511024892;44.50290076385631
30908;-93.7348547485900;(((x * _a6_) * _a6_) + (x * (_a1_ * pow2((_a5_ + (-(_a4_) + x))))));{'d0': {'_a1_': 3.376760879379307, '_a4_': -89209.50618761191, '_a5_': -89209.19425790414, '_a6_': 1.2027297983714655, '_a0_': 1.0, '_a2_': 1.0, '_a3_': 1.0, '_a7_': 1.0}};{'d0': 0.024905837428173552};-276.475511024892;44.50290076385631
30909;-93.7348547485900;(((x * _a6_) * _a6_) + (x * (_a1_ * pow2((_a5_ + (-(_a4_) + x))))));{'d0': {'_a1_': 3.376760879379307, '_a4_': -89209.50618761191, '_a5_': -89209.19425790414, '_a6_': 1.2027297983714655, '_a0_': 1.0, '_a2_': 1.0, '_a3_': 1.0, '_a7_': 1.0}};{'d0': 0.024905837428173552};-276.475511024892;44.50290076385631
30910;-93.7348547485900;(((x * _a6_) * _a6_) + (x * (_a1_ * pow2((_a5_ + (-(_a4_) + x))))));{'d0': {'_a1_': 3.376760879379307, '_a4_': -89209.50618761191, '_a5_': -89209.19425790414, '_a6_': 1.2027297983714655, '_a0_': 1.0, '_a2_': 1.0, '_a3_': 1.0, '_a7_': 1.0}};{'d0': 0.024905837428173552};-276.475511024892;44.50290076385631
30911;-93.7348547485900;(((x * _a6_) * _a6_) + (x * (_a1_ * pow2((_a5_ + (-(_a4_) + x))))));{'d0': {'_a1_': 3.376760879379307, '_a4_': -89209.50618761191, '_a5_': -89209.19425790414, '_a6_': 1.2027297983714655, '_a0_': 1.0, '_a2_': 1.0, '_a3_': 1.0, '_a7_': 1.0}};{'d0': 0.024905837428173552};-276.475511024892;44.50290076385631
30912;-93.7348547485900;(((x * _a6_) * _a6_) + (x * (_a1_ * pow2((_a5_ + (-(_a4_) + x))))));{'d0': {'_a1_': 3.376760879379307, '_a4_': -89209.50618761191, '_a5_': -89209.19425790414, '_a6_': 1.2027297983714655, '_a0_': 1.0, '_a2_': 1.0, '_a3_': 1.0, '_a7_': 1.0}};{'d0': 0.024905837428173552};-276.475511024892;44.50290076385631
30913;-93.7348547485900;(((x * _a6_) * _a6_) + (x * (_a1_ * pow2((_a5_ + (-(_a4_) + x))))));{'d0': {'_a1_': 3.376760879379307, '_a4_': -89209.50618761191, '_a5_': -89209.19425790414, '_a6_': 1.2027297983714655, '_a0_': 1.0, '_a2_': 1.0, '_a3_': 1.0, '_a7_': 1.0}};{'d0': 0.024905837428173552};-276.475511024892;44.50290076385631
30914;-93.7348547485900;(((x * _a6_) * _a6_) + (x * (_a1_ * pow2((_a5_ + (-(_a4_) + x))))));{'d0': {'_a1_': 3.376760879379307, '_a4_': -89209.50618761191, '_a5_': -89209.19425790414, '_a6_': 1.2027297983714655, '_a0_': 1.0, '_a2_': 1.0, '_a3_': 1.0, '_a7_': 1.0}};{'d0': 0.024905837428173552};-276.475511024892;44.50290076385631
30915;-92.1015802224042;((x + -((-(x) * _a1_))) * (_a1_ + pow2(((x + (_a5_ * _a0_)) * _a0_))));{'d0': {'_a0_': 1.3687032150513232, '_a1_': 0.8025268095932698, '_a5_': 0.22790164035247323, '_a2_': 1.0, '_a3_': 1.0, '_a4_': 1.0, '_a6_': 1.0, '_a7_': 1.0}};{'d0': 0.02490583291941665};-280.569866449044;48.1833530021175
30916;-92.1015802224042;((x + -((-(x) * _a1_))) * (_a1_ + pow2(((x + (_a5_ * _a0_)) * _a0_))));{'d0': {'_a0_': 1.3687032150513232, '_a1_': 0.8025268095932698, '_a5_': 0.22790164035247323, '_a2_': 1.0, '_a3_': 1.0, '_a4_': 1.0, '_a6_': 1.0, '_a7_': 1.0}};{'d0': 0.02490583291941665};-280.569866449044;48.1833530021175
30917;-92.1015802224042;((x + -((-(x) * _a1_))) * (_a1_ + pow2(((x + (_a5_ * _a0_)) * _a0_))));{'d0': {'_a0_': 1.3687032150513232, '_a1_': 0.8025268095932698, '_a5_': 0.22790164035247323, '_a2_': 1.0, '_a3_': 1.0, '_a4_': 1.0, '_a6_': 1.0, '_a7_': 1.0}};{'d0': 0.02490583291941665};-280.569866449044;48.1833530021175
30918;-92.1015802224042;((x + -((-(x) * _a1_))) * (_a1_ + pow2(((x + (_a5_ * _a0_)) * _a0_))));{'d0': {'_a0_': 1.3687032150513232, '_a1_': 0.8025268095932698, '_a5_': 0.22790164035247323, '_a2_': 1.0, '_a3_': 1.0, '_a4_': 1.0, '_a6_': 1.0, '_a7_': 1.0}};{'d0': 0.02490583291941665};-280.569866449044;48.1833530021175
30919;-92.1015802224042;((x + -((-(x) * _a1_))) * (_a1_ + pow2(((x + (_a5_ * _a0_)) * _a0_))));{'d0': {'_a0_': 1.3687032150513232, '_a1_': 0.8025268095932698, '_a5_': 0.22790164035247323, '_a2_': 1.0, '_a3_': 1.0, '_a4_': 1.0, '_a6_': 1.0, '_a7_': 1.0}};{'d0': 0.02490583291941665};-280.569866449044;48.1833530021175
30920;-92.1015802224042;((x + -((-(x) * _a1_))) * (_a1_ + pow2(((x + (_a5_ * _a0_)) * _a0_))));{'d0': {'_a0_': 1.3687032150513232, '_a1_': 0.8025268095932698, '_a5_': 0.22790164035247323, '_a2_': 1.0, '_a3_': 1.0, '_a4_': 1.0, '_a6_': 1.0, '_a7_': 1.0}};{'d0': 0.02490583291941665};-280.569866449044;48.1833530021175
30921;-92.1015802224042;((x + -((-(x) * _a1_))) * (_a1_ + pow2(((x + (_a5_ * _a0_)) * _a0_))));{'d0': {'_a0_': 1.3687032150513232, '_a1_': 0.8025268095932698, '_a5_': 0.22790164035247323, '_a2_': 1.0, '_a3_': 1.0, '_a4_': 1.0, '_a6_': 1.0, '_a7_': 1.0}};{'d0': 0.02490583291941665};-280.569866449044;48.1833530021175
30922;-92.1015802224042;((x + -((-(x) * _a1_))) * (_a1_ + pow2(((x + (_a5_ * _a0_)) * _a0_))));{'d0': {'_a0_': 1.3687032150513232, '_a1_': 0.8025268095932698, '_a5_': 0.22790164035247323, '_a2_': 1.0, '_a3_': 1.0, '_a4_': 1.0, '_a6_': 1.0, '_a7_': 1.0}};{'d0': 0.02490583291941665};-280.569866449044;48.1833530021175
30923;-92.1015802224042;((x + -((-(x) * _a1_))) * (_a1_ + pow2(((x + (_a5_ * _a0_)) * _a0_))));{'d0': {'_a0_': 1.3687032150513232, '_a1_': 0.8025268095932698, '_a5_': 0.22790164035247323, '_a2_': 1.0, '_a3_': 1.0, '_a4_': 1.0, '_a6_': 1.0, '_a7_': 1.0}};{'d0': 0.02490583291941665};-280.569866449044;48.1833530021175
30924;-92.1015802224042;((x + -((-(x) * _a1_))) * (_a1_ + pow2(((x + (_a5_ * _a0_)) * _a0_))));{'d0': {'_a0_': 1.3687032150513232, '_a1_': 0.8025268095932698, '_a5_': 0.22790164035247323, '_a2_': 1.0, '_a3_': 1.0, '_a4_': 1.0, '_a6_': 1.0, '_a7_': 1.0}};{'d0': 0.02490583291941665};-280.569866449044;48.1833530021175
30925;-92.1015802224042;((x + -((-(x) * _a1_))) * (_a1_ + pow2(((x + (_a5_ * _a0_)) * _a0_))));{'d0': {'_a0_': 1.3687032150513232, '_a1_': 0.8025268095932698, '_a5_': 0.22790164035247323, '_a2_': 1.0, '_a3_': 1.0, '_a4_': 1.0, '_a6_': 1.0, '_a7_': 1.0}};{'d0': 0.02490583291941665};-280.569866449044;48.1833530021175
30926;-92.1015802224042;((x + -((-(x) * _a1_))) * (_a1_ + pow2(((x + (_a5_ * _a0_)) * _a0_))));{'d0': {'_a0_': 1.3687032150513232, '_a1_': 0.8025268095932698, '_a5_': 0.22790164035247323, '_a2_': 1.0, '_a3_': 1.0, '_a4_': 1.0, '_a6_': 1.0, '_a7_': 1.0}};{'d0': 0.02490583291941665};-280.569866449044;48.1833530021175
30927;-92.1015802224042;((x + -((-(x) * _a1_))) * (_a1_ + pow2(((x + (_a5_ * _a0_)) * _a0_))));{'d0': {'_a0_': 1.3687032150513232, '_a1_': 0.8025268095932698, '_a5_': 0.22790164035247323, '_a2_': 1.0, '_a3_': 1.0, '_a4_': 1.0, '_a6_': 1.0, '_a7_': 1.0}};{'d0': 0.02490583291941665};-280.569866449044;48.1833530021175
30928;-92.1015802224042;((x + -((-(x) * _a1_))) * (_a1_ + pow2(((x + (_a5_ * _a0_)) * _a0_))));{'d0': {'_a0_': 1.3687032150513232, '_a1_': 0.8025268095932698, '_a5_': 0.22790164035247323, '_a2_': 1.0, '_a3_': 1.0, '_a4_': 1.0, '_a6_': 1.0, '_a7_': 1.0}};{'d0': 0.02490583291941665};-280.569866449044;48.1833530021175
30929;-88.7376858205509;((x + -(((_a6_ * _a0_) * _a1_))) * (_a1_ + pow2(((x + (_a5_ * _a0_)) * _a0_))));{'d0': {'_a0_': 1.8391621335515316, '_a1_': 1.4454141805757243, '_a5_': 0.16994904959972115, '_a6_': 0.0002169168497045311, '_a2_': 1.0, '_a3_': 1.0, '_a4_': 1.0, '_a7_': 1.0}};{'d0': 0.024885482502256626};-276.524567592373;49.52459797563533
30930;-88.7376858205509;((x + -(((_a6_ * _a0_) * _a1_))) * (_a1_ + pow2(((x + (_a5_ * _a0_)) * _a0_))));{'d0': {'_a0_': 1.8391621335515316, '_a1_': 1.4454141805757243, '_a5_': 0.16994904959972115, '_a6_': 0.0002169168497045311, '_a2_': 1.0, '_a3_': 1.0, '_a4_': 1.0, '_a7_': 1.0}};{'d0': 0.024885482502256626};-276.524567592373;49.52459797563533
30931;-88.7376858205509;((x + -(((_a6_ * _a0_) * _a1_))) * (_a1_ + pow2(((x + (_a5_ * _a0_)) * _a0_))));{'d0': {'_a0_': 1.8391621335515316, '_a1_': 1.4454141805757243, '_a5_': 0.16994904959972115, '_a6_': 0.0002169168497045311, '_a2_': 1.0, '_a3_': 1.0, '_a4_': 1.0, '_a7_': 1.0}};{'d0': 0.024885482502256626};-276.524567592373;49.52459797563533
30932;-88.7376858205509;((x + -(((_a6_ * _a0_) * _a1_))) * (_a1_ + pow2(((x + (_a5_ * _a0_)) * _a0_))));{'d0': {'_a0_': 1.8391621335515316, '_a1_': 1.4454141805757243, '_a5_': 0.16994904959972115, '_a6_': 0.0002169168497045311, '_a2_': 1.0, '_a3_': 1.0, '_a4_': 1.0, '_a7_': 1.0}};{'d0': 0.024885482502256626};-276.524567592373;49.52459797563533
30933;-88.7376858205509;((x + -(((_a6_ * _a0_) * _a1_))) * (_a1_ + pow2(((x + (_a5_ * _a0_)) * _a0_))));{'d0': {'_a0_': 1.8391621335515316, '_a1_': 1.4454141805757243, '_a5_': 0.16994904959972115, '_a6_': 0.0002169168497045311, '_a2_': 1.0, '_a3_': 1.0, '_a4_': 1.0, '_a7_': 1.0}};{'d0': 0.024885482502256626};-276.524567592373;49.52459797563533
30934;-88.7376858205509;((x + -(((_a6_ * _a0_) * _a1_))) * (_a1_ + pow2(((x + (_a5_ * _a0_)) * _a0_))));{'d0': {'_a0_': 1.8391621335515316, '_a1_': 1.4454141805757243, '_a5_': 0.16994904959972115, '_a6_': 0.0002169168497045311, '_a2_': 1.0, '_a3_': 1.0, '_a4_': 1.0, '_a7_': 1.0}};{'d0': 0.024885482502256626};-276.524567592373;49.52459797563533
30935;-88.7376858205509;((x + -(((_a6_ * _a0_) * _a1_))) * (_a1_ + pow2(((x + (_a5_ * _a0_)) * _a0_))));{'d0': {'_a0_': 1.8391621335515316, '_a1_': 1.4454141805757243, '_a5_': 0.16994904959972115, '_a6_': 0.0002169168497045311, '_a2_': 1.0, '_a3_': 1.0, '_a4_': 1.0, '_a7_': 1.0}};{'d0': 0.024885482502256626};-276.524567592373;49.52459797563533
30936;-88.7376858205509;((x + -(((_a6_ * _a0_) * _a1_))) * (_a1_ + pow2(((x + (_a5_ * _a0_)) * _a0_))));{'d0': {'_a0_': 1.8391621335515316, '_a1_': 1.4454141805757243, '_a5_': 0.16994904959972115, '_a6_': 0.0002169168497045311, '_a2_': 1.0, '_a3_': 1.0, '_a4_': 1.0, '_a7_': 1.0}};{'d0': 0.024885482502256626};-276.524567592373;49.52459797563533
30937;-88.7376858205509;((x + -(((_a6_ * _a0_) * _a1_))) * (_a1_ + pow2(((x + (_a5_ * _a0_)) * _a0_))));{'d0': {'_a0_': 1.8391621335515316, '_a1_': 1.4454141805757243, '_a5_': 0.16994904959972115, '_a6_': 0.0002169168497045311, '_a2_': 1.0, '_a3_': 1.0, '_a4_': 1.0, '_a7_': 1.0}};{'d0': 0.024885482502256626};-276.524567592373;49.52459797563533
30938;-88.7376858205509;((x + -(((_a6_ * _a0_) * _a1_))) * (_a1_ + pow2(((x + (_a5_ * _a0_)) * _a0_))));{'d0': {'_a0_': 1.8391621335515316, '_a1_': 1.4454141805757243, '_a5_': 0.16994904959972115, '_a6_': 0.0002169168497045311, '_a2_': 1.0, '_a3_': 1.0, '_a4_': 1.0, '_a7_': 1.0}};{'d0': 0.024885482502256626};-276.524567592373;49.52459797563533
30939;-88.7376858205509;((x + -(((_a6_ * _a0_) * _a1_))) * (_a1_ + pow2(((x + (_a5_ * _a0_)) * _a0_))));{'d0': {'_a0_': 1.8391621335515316, '_a1_': 1.4454141805757243, '_a5_': 0.16994904959972115, '_a6_': 0.0002169168497045311, '_a2_': 1.0, '_a3_': 1.0, '_a4_': 1.0, '_a7_': 1.0}};{'d0': 0.024885482502256626};-276.524567592373;49.52459797563533
30940;-88.7376858205509;((x + -(((_a6_ * _a0_) * _a1_))) * (_a1_ + pow2(((x + (_a5_ * _a0_)) * _a0_))));{'d0': {'_a0_': 1.8391621335515316, '_a1_': 1.4454141805757243, '_a5_': 0.16994904959972115, '_a6_': 0.0002169168497045311, '_a2_': 1.0, '_a3_': 1.0, '_a4_': 1.0, '_a7_': 1.0}};{'d0': 0.024885482502256626};-276.524567592373;49.52459797563533
30941;-88.7376858205509;((x + -(((_a6_ * _a0_) * _a1_))) * (_a1_ + pow2(((x + (_a5_ * _a0_)) * _a0_))));{'d0': {'_a0_': 1.8391621335515316, '_a1_': 1.4454141805757243, '_a5_': 0.16994904959972115, '_a6_': 0.0002169168497045311, '_a2_': 1.0, '_a3_': 1.0, '_a4_': 1.0, '_a7_': 1.0}};{'d0': 0.024885482502256626};-276.524567592373;49.52459797563533
30942;-88.7376858205509;((x + -(((_a6_ * _a0_) * _a1_))) * (_a1_ + pow2(((x + (_a5_ * _a0_)) * _a0_))));{'d0': {'_a0_': 1.8391621335515316, '_a1_': 1.4454141805757243, '_a5_': 0.16994904959972115, '_a6_': 0.0002169168497045311, '_a2_': 1.0, '_a3_': 1.0, '_a4_': 1.0, '_a7_': 1.0}};{'d0': 0.024885482502256626};-276.524567592373;49.52459797563533
30943;-87.1665009703805;((x + -(((_a6_ * _a0_) * _a1_))) * (_a1_ + pow2(((x + pow3(_a2_)) * _a0_))));{'d0': {'_a0_': 1.8391623810548545, '_a1_': 1.4454139967604207, '_a2_': 0.6786506956838835, '_a6_': 0.00021695111564332055, '_a3_': 1.0, '_a4_': 1.0, '_a5_': 1.0, '_a7_': 1.0}};{'d0': 0.024885482501874633};-276.524567593294;51.09578282626633
30944;-87.1665009703805;((x + -(((_a6_ * _a0_) * _a1_))) * (_a1_ + pow2(((x + pow3(_a2_)) * _a0_))));{'d0': {'_a0_': 1.8391623810548545, '_a1_': 1.4454139967604207, '_a2_': 0.6786506956838835, '_a6_': 0.00021695111564332055, '_a3_': 1.0, '_a4_': 1.0, '_a5_': 1.0, '_a7_': 1.0}};{'d0': 0.024885482501874633};-276.524567593294;51.09578282626633
30945;-87.1665009703805;((x + -(((_a6_ * _a0_) * _a1_))) * (_a1_ + pow2(((x + pow3(_a2_)) * _a0_))));{'d0': {'_a0_': 1.8391623810548545, '_a1_': 1.4454139967604207, '_a2_': 0.6786506956838835, '_a6_': 0.00021695111564332055, '_a3_': 1.0, '_a4_': 1.0, '_a5_': 1.0, '_a7_': 1.0}};{'d0': 0.024885482501874633};-276.524567593294;51.09578282626633
30946;-87.1665009703805;((x + -(((_a6_ * _a0_) * _a1_))) * (_a1_ + pow2(((x + pow3(_a2_)) * _a0_))));{'d0': {'_a0_': 1.8391623810548545, '_a1_': 1.4454139967604207, '_a2_': 0.6786506956838835, '_a6_': 0.00021695111564332055, '_a3_': 1.0, '_a4_': 1.0, '_a5_': 1.0, '_a7_': 1.0}};{'d0': 0.024885482501874633};-276.524567593294;51.09578282626633
30947;-87.1665009703805;((x + -(((_a6_ * _a0_) * _a1_))) * (_a1_ + pow2(((x + pow3(_a2_)) * _a0_))));{'d0': {'_a0_': 1.8391623810548545, '_a1_': 1.4454139967604207, '_a2_': 0.6786506956838835, '_a6_': 0.00021695111564332055, '_a3_': 1.0, '_a4_': 1.0, '_a5_': 1.0, '_a7_': 1.0}};{'d0': 0.024885482501874633};-276.524567593294;51.09578282626633
30948;-87.1665009703805;((x + -(((_a6_ * _a0_) * _a1_))) * (_a1_ + pow2(((x + pow3(_a2_)) * _a0_))));{'d0': {'_a0_': 1.8391623810548545, '_a1_': 1.4454139967604207, '_a2_': 0.6786506956838835, '_a6_': 0.00021695111564332055, '_a3_': 1.0, '_a4_': 1.0, '_a5_': 1.0, '_a7_': 1.0}};{'d0': 0.024885482501874633};-276.524567593294;51.09578282626633
30949;-85.7916097025869;((x + -(((_a6_ * _a0_) * _a1_))) * (_a1_ + pow2(((x + (_a4_ + _a7_)) * _a0_))));{'d0': {'_a0_': 1.8391623347220454, '_a1_': 1.445414003735864, '_a4_': 2.790789419376677, '_a6_': 0.0002169458549602927, '_a7_': -2.478225466908933, '_a2_': 1.0, '_a3_': 1.0, '_a5_': 1.0}};{'d0': 0.024885482501926442};-272.430223030947;50.42350181288633
30950;-85.7916097025869;((x + -(((_a6_ * _a0_) * _a1_))) * (_a1_ + pow2(((x + (_a4_ + _a7_)) * _a0_))));{'d0': {'_a0_': 1.8391623347220454, '_a1_': 1.445414003735864, '_a4_': 2.790789419376677, '_a6_': 0.0002169458549602927, '_a7_': -2.478225466908933, '_a2_': 1.0, '_a3_': 1.0, '_a5_': 1.0}};{'d0': 0.024885482501926442};-272.430223030947;50.42350181288633
30951;-92.7881219091466;((x + -((_a4_ * _a1_))) * (_a1_ + pow2(((x + (_a4_ + _a7_)) * _a0_))));{'d0': {'_a0_': 1.8391622609200753, '_a1_': 1.4454140857114621, '_a4_': 0.0003989776534225995, '_a7_': 0.31216493029609915, '_a2_': 1.0, '_a3_': 1.0, '_a5_': 1.0, '_a6_': 1.0}};{'d0': 0.0248854825019334};-276.524567593152;45.47416188742933
30952;-92.7881219091466;((x + -((_a4_ * _a1_))) * (_a1_ + pow2(((x + (_a4_ + _a7_)) * _a0_))));{'d0': {'_a0_': 1.8391622609200753, '_a1_': 1.4454140857114621, '_a4_': 0.0003989776534225995, '_a7_': 0.31216493029609915, '_a2_': 1.0, '_a3_': 1.0, '_a5_': 1.0, '_a6_': 1.0}};{'d0': 0.0248854825019334};-276.524567593152;45.47416188742933
30953;-91.0774780815539;((x + exp((_a4_ * _a1_))) * (_a1_ + pow2(((x + (_a4_ + _a7_)) * _a0_))));{'d0': {'_a0_': 1.8375964958415256, '_a1_': 1.4465761227667753, '_a4_': -23.2033795030943, '_a7_': 23.515309209108548, '_a2_': 1.0, '_a3_': 1.0, '_a5_': 1.0, '_a6_': 1.0}};{'d0': 0.02490583291943969};-276.475521886766;47.16028286182894
30954;-91.0774780815539;((x + exp((_a4_ * _a1_))) * (_a1_ + pow2(((x + (_a4_ + _a7_)) * _a0_))));{'d0': {'_a0_': 1.8375964958415256, '_a1_': 1.4465761227667753, '_a4_': -23.2033795030943, '_a7_': 23.515309209108548, '_a2_': 1.0, '_a3_': 1.0, '_a5_': 1.0, '_a6_': 1.0}};{'d0': 0.02490583291943969};-276.475521886766;47.16028286182894
30955;-91.0774780815539;((x + exp((_a4_ * _a1_))) * (_a1_ + pow2(((x + (_a4_ + _a7_)) * _a0_))));{'d0': {'_a0_': 1.8375964958415256, '_a1_': 1.4465761227667753, '_a4_': -23.2033795030943, '_a7_': 23.515309209108548, '_a2_': 1.0, '_a3_': 1.0, '_a5_': 1.0, '_a6_': 1.0}};{'d0': 0.02490583291943969};-276.475521886766;47.16028286182894
30956;-91.0774780815539;((x + exp((_a4_ * _a1_))) * (_a1_ + pow2(((x + (_a4_ + _a7_)) * _a0_))));{'d0': {'_a0_': 1.8375964958415256, '_a1_': 1.4465761227667753, '_a4_': -23.2033795030943, '_a7_': 23.515309209108548, '_a2_': 1.0, '_a3_': 1.0, '_a5_': 1.0, '_a6_': 1.0}};{'d0': 0.02490583291943969};-276.475521886766;47.16028286182894
30957;-91.0774780815539;((x + exp((_a4_ * _a1_))) * (_a1_ + pow2(((x + (_a4_ + _a7_)) * _a0_))));{'d0': {'_a0_': 1.8375964958415256, '_a1_': 1.4465761227667753, '_a4_': -23.2033795030943, '_a7_': 23.515309209108548, '_a2_': 1.0, '_a3_': 1.0, '_a5_': 1.0, '_a6_': 1.0}};{'d0': 0.02490583291943969};-276.475521886766;47.16028286182894
30958;-91.0774780815541;((x + exp((_a4_ * _a0_))) * (_a1_ + pow2(((x + (_a4_ + _a7_)) * _a0_))));{'d0': {'_a0_': 1.8375964958415256, '_a1_': 1.4465761227667753, '_a4_': -23.2033795030943, '_a7_': 23.515309209108548, '_a2_': 1.0, '_a3_': 1.0, '_a5_': 1.0, '_a6_': 1.0}};{'d0': 0.024905832919439513};-276.475521886766;47.16028286182894
30959;-91.0774780815541;((x + exp((_a4_ * _a0_))) * (_a1_ + pow2(((x + (_a4_ + _a7_)) * _a0_))));{'d0': {'_a0_': 1.8375964958415256, '_a1_': 1.4465761227667753, '_a4_': -23.2033795030943, '_a7_': 23.515309209108548, '_a2_': 1.0, '_a3_': 1.0, '_a5_': 1.0, '_a6_': 1.0}};{'d0': 0.024905832919439513};-276.475521886766;47.16028286182894
30960;-91.0774780815541;((x + exp((_a4_ * _a0_))) * (_a1_ + pow2(((x + (_a4_ + _a7_)) * _a0_))));{'d0': {'_a0_': 1.8375964958415256, '_a1_': 1.4465761227667753, '_a4_': -23.2033795030943, '_a7_': 23.515309209108548, '_a2_': 1.0, '_a3_': 1.0, '_a5_': 1.0, '_a6_': 1.0}};{'d0': 0.024905832919439513};-276.475521886766;47.16028286182894
30961;-94.6337640115381;(((x * _a4_) * _a6_) + (x * (_a1_ * pow2((_a5_ + (-(_a4_) * x))))));{'d0': {'_a1_': 7.43074180835749e-08, '_a4_': 6741.149979921494, '_a5_': -2102.764943237332, '_a6_': 0.00021458889322458188, '_a0_': 1.0, '_a2_': 1.0, '_a3_': 1.0, '_a7_': 1.0}};{'d0': 0.02490583292378965};-276.475521876287;43.60399692660531
30962;-94.6337640115381;(((x * _a4_) * _a6_) + (x * (_a1_ * pow2((_a5_ + (-(_a4_) * x))))));{'d0': {'_a1_': 7.43074180835749e-08, '_a4_': 6741.149979921494, '_a5_': -2102.764943237332, '_a6_': 0.00021458889322458188, '_a0_': 1.0, '_a2_': 1.0, '_a3_': 1.0, '_a7_': 1.0}};{'d0': 0.02490583292378965};-276.475521876287;43.60399692660531
30963;-94.6337640115381;(((x * _a4_) * _a6_) + (x * (_a1_ * pow2((_a5_ + (-(_a4_) * x))))));{'d0': {'_a1_': 7.43074180835749e-08, '_a4_': 6741.149979921494, '_a5_': -2102.764943237332, '_a6_': 0.00021458889322458188, '_a0_': 1.0, '_a2_': 1.0, '_a3_': 1.0, '_a7_': 1.0}};{'d0': 0.02490583292378965};-276.475521876287;43.60399692660531
30964;-94.6337640115381;(((x * _a4_) * _a6_) + (x * (_a1_ * pow2((_a5_ + (-(_a4_) * x))))));{'d0': {'_a1_': 7.43074180835749e-08, '_a4_': 6741.149979921494, '_a5_': -2102.764943237332, '_a6_': 0.00021458889322458188, '_a0_': 1.0, '_a2_': 1.0, '_a3_': 1.0, '_a7_': 1.0}};{'d0': 0.02490583292378965};-276.475521876287;43.60399692660531
30965;-94.6337640115381;(((x * _a4_) * _a6_) + (x * (_a1_ * pow2((_a5_ + (-(_a4_) * x))))));{'d0': {'_a1_': 7.43074180835749e-08, '_a4_': 6741.149979921494, '_a5_': -2102.764943237332, '_a6_': 0.00021458889322458188, '_a0_': 1.0, '_a2_': 1.0, '_a3_': 1.0, '_a7_': 1.0}};{'d0': 0.02490583292378965};-276.475521876287;43.60399692660531
30966;-94.6337640115381;(((x * _a4_) * _a6_) + (x * (_a1_ * pow2((_a5_ + (-(_a4_) * x))))));{'d0': {'_a1_': 7.43074180835749e-08, '_a4_': 6741.149979921494, '_a5_': -2102.764943237332, '_a6_': 0.00021458889322458188, '_a0_': 1.0, '_a2_': 1.0, '_a3_': 1.0, '_a7_': 1.0}};{'d0': 0.02490583292378965};-276.475521876287;43.60399692660531
30967;-94.6337640115381;(((x * _a4_) * _a6_) + (x * (_a1_ * pow2((_a5_ + (-(_a4_) * x))))));{'d0': {'_a1_': 7.43074180835749e-08, '_a4_': 6741.149979921494, '_a5_': -2102.764943237332, '_a6_': 0.00021458889322458188, '_a0_': 1.0, '_a2_': 1.0, '_a3_': 1.0, '_a7_': 1.0}};{'d0': 0.02490583292378965};-276.475521876287;43.60399692660531
30968;-94.6337640115381;(((x * _a4_) * _a6_) + (x * (_a1_ * pow2((_a5_ + (-(_a4_) * x))))));{'d0': {'_a1_': 7.43074180835749e-08, '_a4_': 6741.149979921494, '_a5_': -2102.764943237332, '_a6_': 0.00021458889322458188, '_a0_': 1.0, '_a2_': 1.0, '_a3_': 1.0, '_a7_': 1.0}};{'d0': 0.02490583292378965};-276.475521876287;43.60399692660531
30969;-94.6337640115381;(((x * _a4_) * _a6_) + (x * (_a1_ * pow2((_a5_ + (-(_a4_) * x))))));{'d0': {'_a1_': 7.43074180835749e-08, '_a4_': 6741.149979921494, '_a5_': -2102.764943237332, '_a6_': 0.00021458889322458188, '_a0_': 1.0, '_a2_': 1.0, '_a3_': 1.0, '_a7_': 1.0}};{'d0': 0.02490583292378965};-276.475521876287;43.60399692660531
30970;-94.6337640115381;(((x * _a4_) * _a6_) + (x * (_a1_ * pow2((_a5_ + (-(_a4_) * x))))));{'d0': {'_a1_': 7.43074180835749e-08, '_a4_': 6741.149979921494, '_a5_': -2102.764943237332, '_a6_': 0.00021458889322458188, '_a0_': 1.0, '_a2_': 1.0, '_a3_': 1.0, '_a7_': 1.0}};{'d0': 0.02490583292378965};-276.475521876287;43.60399692660531
30971;-94.6337640115381;(((x * _a4_) * _a6_) + (x * (_a1_ * pow2((_a5_ + (-(_a4_) * x))))));{'d0': {'_a1_': 7.43074180835749e-08, '_a4_': 6741.149979921494, '_a5_': -2102.764943237332, '_a6_': 0.00021458889322458188, '_a0_': 1.0, '_a2_': 1.0, '_a3_': 1.0, '_a7_': 1.0}};{'d0': 0.02490583292378965};-276.475521876287;43.60399692660531
30972;-94.6337640115381;(((x * _a4_) * _a6_) + (x * (_a1_ * pow2((_a5_ + (-(_a4_) * x))))));{'d0': {'_a1_': 7.43074180835749e-08, '_a4_': 6741.149979921494, '_a5_': -2102.764943237332, '_a6_': 0.00021458889322458188, '_a0_': 1.0, '_a2_': 1.0, '_a3_': 1.0, '_a7_': 1.0}};{'d0': 0.02490583292378965};-276.475521876287;43.60399692660531
30973;-94.6337640115381;(((x * _a4_) * _a6_) + (x * (_a1_ * pow2((_a5_ + (-(_a4_) * x))))));{'d0': {'_a1_': 7.43074180835749e-08, '_a4_': 6741.149979921494, '_a5_': -2102.764943237332, '_a6_': 0.00021458889322458188, '_a0_': 1.0, '_a2_': 1.0, '_a3_': 1.0, '_a7_': 1.0}};{'d0': 0.02490583292378965};-276.475521876287;43.60399692660531
30974;-94.6337640115381;(((x * _a4_) * _a6_) + (x * (_a1_ * pow2((_a5_ + (-(_a4_) * x))))));{'d0': {'_a1_': 7.43074180835749e-08, '_a4_': 6741.149979921494, '_a5_': -2102.764943237332, '_a6_': 0.00021458889322458188, '_a0_': 1.0, '_a2_': 1.0, '_a3_': 1.0, '_a7_': 1.0}};{'d0': 0.02490583292378965};-276.475521876287;43.60399692660531
30975;-94.6337640115381;(((x * _a4_) * _a6_) + (x * (_a1_ * pow2((_a5_ + (-(_a4_) * x))))));{'d0': {'_a1_': 7.43074180835749e-08, '_a4_': 6741.149979921494, '_a5_': -2102.764943237332, '_a6_': 0.00021458889322458188, '_a0_': 1.0, '_a2_': 1.0, '_a3_': 1.0, '_a7_': 1.0}};{'d0': 0.02490583292378965};-276.475521876287;43.60399692660531
30976;-94.6337640115381;(((x * _a4_) * _a6_) + (x * (_a1_ * pow2((_a5_ + (-(_a4_) * x))))));{'d0': {'_a1_': 7.43074180835749e-08, '_a4_': 6741.149979921494, '_a5_': -2102.764943237332, '_a6_': 0.00021458889322458188, '_a0_': 1.0, '_a2_': 1.0, '_a3_': 1.0, '_a7_': 1.0}};{'d0': 0.02490583292378965};-276.475521876287;43.60399692660531
30977;-94.6337640115381;(((x * _a4_) * _a6_) + (x * (_a1_ * pow2((_a5_ + (-(_a4_) * x))))));{'d0': {'_a1_': 7.43074180835749e-08, '_a4_': 6741.149979921494, '_a5_': -2102.764943237332, '_a6_': 0.00021458889322458188, '_a0_': 1.0, '_a2_': 1.0, '_a3_': 1.0, '_a7_': 1.0}};{'d0': 0.02490583292378965};-276.475521876287;43.60399692660531
30978;-94.6337640115381;(((x * _a4_) * _a6_) + (x * (_a1_ * pow2((_a5_ + (-(_a4_) * x))))));{'d0': {'_a1_': 7.43074180835749e-08, '_a4_': 6741.149979921494, '_a5_': -2102.764943237332, '_a6_': 0.00021458889322458188, '_a0_': 1.0, '_a2_': 1.0, '_a3_': 1.0, '_a7_': 1.0}};{'d0': 0.02490583292378965};-276.475521876287;43.60399692660531
30979;-94.6337640115381;(((x * _a4_) * _a6_) + (x * (_a1_ * pow2((_a5_ + (-(_a4_) * x))))));{'d0': {'_a1_': 7.43074180835749e-08, '_a4_': 6741.149979921494, '_a5_': -2102.764943237332, '_a6_': 0.00021458889322458188, '_a0_': 1.0, '_a2_': 1.0, '_a3_': 1.0, '_a7_': 1.0}};{'d0': 0.02490583292378965};-276.475521876287;43.60399692660531
30980;-92.5865917354082;(((x * _a4_) * _a6_) + (x * (_a1_ * pow2((_a5_ + (-(_a7_) * x))))));{'d0': {'_a1_': 1.4985855209361753e-07, '_a4_': 6894.441571452573, '_a5_': 1480.696671291884, '_a6_': 0.0002098177312992066, '_a7_': -4746.892118659838, '_a0_': 1.0, '_a2_': 1.0, '_a3_': 1.0}};{'d0': 0.024905832919654317};-272.381177324027;43.60399692660531
30981;-92.5865917354082;(((x * _a4_) * _a6_) + (x * (_a1_ * pow2((_a5_ + (-(_a7_) * x))))));{'d0': {'_a1_': 1.4985855209361753e-07, '_a4_': 6894.441571452573, '_a5_': 1480.696671291884, '_a6_': 0.0002098177312992066, '_a7_': -4746.892118659838, '_a0_': 1.0, '_a2_': 1.0, '_a3_': 1.0}};{'d0': 0.024905832919654317};-272.381177324027;43.60399692660531
30982;-92.5865917354082;(((x * _a4_) * _a6_) + (x * (_a1_ * pow2((_a5_ + (-(_a7_) * x))))));{'d0': {'_a1_': 1.4985855209361753e-07, '_a4_': 6894.441571452573, '_a5_': 1480.696671291884, '_a6_': 0.0002098177312992066, '_a7_': -4746.892118659838, '_a0_': 1.0, '_a2_': 1.0, '_a3_': 1.0}};{'d0': 0.024905832919654317};-272.381177324027;43.60399692660531
30983;-92.5865917354082;(((x * _a4_) * _a6_) + (x * (_a1_ * pow2((_a5_ + (-(_a7_) * x))))));{'d0': {'_a1_': 1.4985855209361753e-07, '_a4_': 6894.441571452573, '_a5_': 1480.696671291884, '_a6_': 0.0002098177312992066, '_a7_': -4746.892118659838, '_a0_': 1.0, '_a2_': 1.0, '_a3_': 1.0}};{'d0': 0.024905832919654317};-272.381177324027;43.60399692660531
30984;-92.5865917354082;(((x * _a4_) * _a6_) + (x * (_a1_ * pow2((_a5_ + (-(_a7_) * x))))));{'d0': {'_a1_': 1.4985855209361753e-07, '_a4_': 6894.441571452573, '_a5_': 1480.696671291884, '_a6_': 0.0002098177312992066, '_a7_': -4746.892118659838, '_a0_': 1.0, '_a2_': 1.0, '_a3_': 1.0}};{'d0': 0.024905832919654317};-272.381177324027;43.60399692660531
30985;-92.5865917354082;(((x * _a4_) * _a6_) + (x * (_a1_ * pow2((_a5_ + (-(_a7_) * x))))));{'d0': {'_a1_': 1.4985855209361753e-07, '_a4_': 6894.441571452573, '_a5_': 1480.696671291884, '_a6_': 0.0002098177312992066, '_a7_': -4746.892118659838, '_a0_': 1.0, '_a2_': 1.0, '_a3_': 1.0}};{'d0': 0.024905832919654317};-272.381177324027;43.60399692660531
30986;-92.5865917354082;(((x * _a4_) * _a6_) + (x * (_a1_ * pow2((_a5_ + (-(_a7_) * x))))));{'d0': {'_a1_': 1.4985855209361753e-07, '_a4_': 6894.441571452573, '_a5_': 1480.696671291884, '_a6_': 0.0002098177312992066, '_a7_': -4746.892118659838, '_a0_': 1.0, '_a2_': 1.0, '_a3_': 1.0}};{'d0': 0.024905832919654317};-272.381177324027;43.60399692660531
30987;-92.5865917354082;(((x * _a4_) * _a6_) + (x * (_a1_ * pow2((_a5_ + (-(_a7_) * x))))));{'d0': {'_a1_': 1.4985855209361753e-07, '_a4_': 6894.441571452573, '_a5_': 1480.696671291884, '_a6_': 0.0002098177312992066, '_a7_': -4746.892118659838, '_a0_': 1.0, '_a2_': 1.0, '_a3_': 1.0}};{'d0': 0.024905832919654317};-272.381177324027;43.60399692660531
30988;-92.5865917354082;(((x * _a4_) * _a6_) + (x * (_a1_ * pow2((_a5_ + (-(_a7_) * x))))));{'d0': {'_a1_': 1.4985855209361753e-07, '_a4_': 6894.441571452573, '_a5_': 1480.696671291884, '_a6_': 0.0002098177312992066, '_a7_': -4746.892118659838, '_a0_': 1.0, '_a2_': 1.0, '_a3_': 1.0}};{'d0': 0.024905832919654317};-272.381177324027;43.60399692660531
30989;-92.5865917354082;(((x * _a4_) * _a6_) + (x * (_a1_ * pow2((_a5_ + (-(_a7_) * x))))));{'d0': {'_a1_': 1.4985855209361753e-07, '_a4_': 6894.441571452573, '_a5_': 1480.696671291884, '_a6_': 0.0002098177312992066, '_a7_': -4746.892118659838, '_a0_': 1.0, '_a2_': 1.0, '_a3_': 1.0}};{'d0': 0.024905832919654317};-272.381177324027;43.60399692660531
30990;-92.5865917354082;(((x * _a4_) * _a6_) + (x * (_a1_ * pow2((_a5_ + (-(_a7_) * x))))));{'d0': {'_a1_': 1.4985855209361753e-07, '_a4_': 6894.441571452573, '_a5_': 1480.696671291884, '_a6_': 0.0002098177312992066, '_a7_': -4746.892118659838, '_a0_': 1.0, '_a2_': 1.0, '_a3_': 1.0}};{'d0': 0.024905832919654317};-272.381177324027;43.60399692660531
30991;-92.5865917354082;(((x * _a4_) * _a6_) + (x * (_a1_ * pow2((_a5_ + (-(_a7_) * x))))));{'d0': {'_a1_': 1.4985855209361753e-07, '_a4_': 6894.441571452573, '_a5_': 1480.696671291884, '_a6_': 0.0002098177312992066, '_a7_': -4746.892118659838, '_a0_': 1.0, '_a2_': 1.0, '_a3_': 1.0}};{'d0': 0.024905832919654317};-272.381177324027;43.60399692660531
30992;-92.5865917354082;(((x * _a4_) * _a6_) + (x * (_a1_ * pow2((_a5_ + (-(_a7_) * x))))));{'d0': {'_a1_': 1.4985855209361753e-07, '_a4_': 6894.441571452573, '_a5_': 1480.696671291884, '_a6_': 0.0002098177312992066, '_a7_': -4746.892118659838, '_a0_': 1.0, '_a2_': 1.0, '_a3_': 1.0}};{'d0': 0.024905832919654317};-272.381177324027;43.60399692660531
30993;-92.5865917354082;(((x * _a4_) * _a6_) + (x * (_a1_ * pow2((_a5_ + (-(_a7_) * x))))));{'d0': {'_a1_': 1.4985855209361753e-07, '_a4_': 6894.441571452573, '_a5_': 1480.696671291884, '_a6_': 0.0002098177312992066, '_a7_': -4746.892118659838, '_a0_': 1.0, '_a2_': 1.0, '_a3_': 1.0}};{'d0': 0.024905832919654317};-272.381177324027;43.60399692660531
30994;-92.5865917354082;(((x * _a4_) * _a6_) + (x * (_a1_ * pow2((_a5_ + (-(_a7_) * x))))));{'d0': {'_a1_': 1.4985855209361753e-07, '_a4_': 6894.441571452573, '_a5_': 1480.696671291884, '_a6_': 0.0002098177312992066, '_a7_': -4746.892118659838, '_a0_': 1.0, '_a2_': 1.0, '_a3_': 1.0}};{'d0': 0.024905832919654317};-272.381177324027;43.60399692660531
30995;-92.5865917354082;(((x * _a4_) * _a6_) + (x * (_a1_ * pow2((_a5_ + (-(_a7_) * x))))));{'d0': {'_a1_': 1.4985855209361753e-07, '_a4_': 6894.441571452573, '_a5_': 1480.696671291884, '_a6_': 0.0002098177312992066, '_a7_': -4746.892118659838, '_a0_': 1.0, '_a2_': 1.0, '_a3_': 1.0}};{'d0': 0.024905832919654317};-272.381177324027;43.60399692660531
30996;-92.5865917354082;(((x * _a4_) * _a6_) + (x * (_a1_ * pow2((_a5_ + (-(_a7_) * x))))));{'d0': {'_a1_': 1.4985855209361753e-07, '_a4_': 6894.441571452573, '_a5_': 1480.696671291884, '_a6_': 0.0002098177312992066, '_a7_': -4746.892118659838, '_a0_': 1.0, '_a2_': 1.0, '_a3_': 1.0}};{'d0': 0.024905832919654317};-272.381177324027;43.60399692660531
30997;-92.5865917354082;(((x * _a4_) * _a6_) + (x * (_a1_ * pow2((_a5_ + (-(_a7_) * x))))));{'d0': {'_a1_': 1.4985855209361753e-07, '_a4_': 6894.441571452573, '_a5_': 1480.696671291884, '_a6_': 0.0002098177312992066, '_a7_': -4746.892118659838, '_a0_': 1.0, '_a2_': 1.0, '_a3_': 1.0}};{'d0': 0.024905832919654317};-272.381177324027;43.60399692660531
30998;-92.5865917354082;(((x * _a4_) * _a6_) + (x * (_a1_ * pow2((_a5_ + (-(_a7_) * x))))));{'d0': {'_a1_': 1.4985855209361753e-07, '_a4_': 6894.441571452573, '_a5_': 1480.696671291884, '_a6_': 0.0002098177312992066, '_a7_': -4746.892118659838, '_a0_': 1.0, '_a2_': 1.0, '_a3_': 1.0}};{'d0': 0.024905832919654317};-272.381177324027;43.60399692660531
30999;-92.5865917354082;(((x * _a4_) * _a6_) + (x * (_a1_ * pow2((_a5_ + (-(_a7_) * x))))));{'d0': {'_a1_': 1.4985855209361753e-07, '_a4_': 6894.441571452573, '_a5_': 1480.696671291884, '_a6_': 0.0002098177312992066, '_a7_': -4746.892118659838, '_a0_': 1.0, '_a2_': 1.0, '_a3_': 1.0}};{'d0': 0.024905832919654317};-272.381177324027;43.60399692660531
31000;-92.5865917354082;(((x * _a4_) * _a6_) + (x * (_a1_ * pow2((_a5_ + (-(_a7_) * x))))));{'d0': {'_a1_': 1.4985855209361753e-07, '_a4_': 6894.441571452573, '_a5_': 1480.696671291884, '_a6_': 0.0002098177312992066, '_a7_': -4746.892118659838, '_a0_': 1.0, '_a2_': 1.0, '_a3_': 1.0}};{'d0': 0.024905832919654317};-272.381177324027;43.60399692660531
31001;-92.5865917354082;(((x * _a4_) * _a6_) + (x * (_a1_ * pow2((_a5_ + (-(_a7_) * x))))));{'d0': {'_a1_': 1.4985855209361753e-07, '_a4_': 6894.441571452573, '_a5_': 1480.696671291884, '_a6_': 0.0002098177312992066, '_a7_': -4746.892118659838, '_a0_': 1.0, '_a2_': 1.0, '_a3_': 1.0}};{'d0': 0.024905832919654317};-272.381177324027;43.60399692660531
31002;-92.5865917354082;(((x * _a4_) * _a6_) + (x * (_a1_ * pow2((_a5_ + (-(_a7_) * x))))));{'d0': {'_a1_': 1.4985855209361753e-07, '_a4_': 6894.441571452573, '_a5_': 1480.696671291884, '_a6_': 0.0002098177312992066, '_a7_': -4746.892118659838, '_a0_': 1.0, '_a2_': 1.0, '_a3_': 1.0}};{'d0': 0.024905832919654317};-272.381177324027;43.60399692660531
31003;-92.5865917354082;(((x * _a4_) * _a6_) + (x * (_a1_ * pow2((_a5_ + (-(_a7_) * x))))));{'d0': {'_a1_': 1.4985855209361753e-07, '_a4_': 6894.441571452573, '_a5_': 1480.696671291884, '_a6_': 0.0002098177312992066, '_a7_': -4746.892118659838, '_a0_': 1.0, '_a2_': 1.0, '_a3_': 1.0}};{'d0': 0.024905832919654317};-272.381177324027;43.60399692660531
31004;-92.5865917354082;(((x * _a4_) * _a6_) + (x * (_a1_ * pow2((_a5_ + (-(_a7_) * x))))));{'d0': {'_a1_': 1.4985855209361753e-07, '_a4_': 6894.441571452573, '_a5_': 1480.696671291884, '_a6_': 0.0002098177312992066, '_a7_': -4746.892118659838, '_a0_': 1.0, '_a2_': 1.0, '_a3_': 1.0}};{'d0': 0.024905832919654317};-272.381177324027;43.60399692660531
31005;-92.5865917354082;(((x * _a4_) * _a6_) + (x * (_a1_ * pow2((_a5_ + (-(_a7_) * x))))));{'d0': {'_a1_': 1.4985855209361753e-07, '_a4_': 6894.441571452573, '_a5_': 1480.696671291884, '_a6_': 0.0002098177312992066, '_a7_': -4746.892118659838, '_a0_': 1.0, '_a2_': 1.0, '_a3_': 1.0}};{'d0': 0.024905832919654317};-272.381177324027;43.60399692660531
31006;-92.5865917354082;(((x * _a4_) * _a6_) + (x * (_a1_ * pow2((_a5_ + (-(_a7_) * x))))));{'d0': {'_a1_': 1.4985855209361753e-07, '_a4_': 6894.441571452573, '_a5_': 1480.696671291884, '_a6_': 0.0002098177312992066, '_a7_': -4746.892118659838, '_a0_': 1.0, '_a2_': 1.0, '_a3_': 1.0}};{'d0': 0.024905832919654317};-272.381177324027;43.60399692660531
31007;-91.7122102953007;(((x + _a4_) * _a6_) + (x * (_a1_ * pow2((_a5_ + (-(_a7_) * x))))));{'d0': {'_a1_': 1.3323585375285507e-07, '_a4_': -0.0007107064214680943, '_a5_': 1573.4396180839233, '_a6_': 1.4447911531199753, '_a7_': -5038.620831387454, '_a0_': 1.0, '_a2_': 1.0, '_a3_': 1.0}};{'d0': 0.024885482880448288};-272.430222118314;44.50290076385631
31008;-91.7122102953007;(((x + _a4_) * _a6_) + (x * (_a1_ * pow2((_a5_ + (-(_a7_) * x))))));{'d0': {'_a1_': 1.3323585375285507e-07, '_a4_': -0.0007107064214680943, '_a5_': 1573.4396180839233, '_a6_': 1.4447911531199753, '_a7_': -5038.620831387454, '_a0_': 1.0, '_a2_': 1.0, '_a3_': 1.0}};{'d0': 0.024885482880448288};-272.430222118314;44.50290076385631
31009;-91.7122102953007;(((x + _a4_) * _a6_) + (x * (_a1_ * pow2((_a5_ + (-(_a7_) * x))))));{'d0': {'_a1_': 1.3323585375285507e-07, '_a4_': -0.0007107064214680943, '_a5_': 1573.4396180839233, '_a6_': 1.4447911531199753, '_a7_': -5038.620831387454, '_a0_': 1.0, '_a2_': 1.0, '_a3_': 1.0}};{'d0': 0.024885482880448288};-272.430222118314;44.50290076385631
31010;-91.7122102953007;(((x + _a4_) * _a6_) + (x * (_a1_ * pow2((_a5_ + (-(_a7_) * x))))));{'d0': {'_a1_': 1.3323585375285507e-07, '_a4_': -0.0007107064214680943, '_a5_': 1573.4396180839233, '_a6_': 1.4447911531199753, '_a7_': -5038.620831387454, '_a0_': 1.0, '_a2_': 1.0, '_a3_': 1.0}};{'d0': 0.024885482880448288};-272.430222118314;44.50290076385631
31011;-91.7122102953007;(((x + _a4_) * _a6_) + (x * (_a1_ * pow2((_a5_ + (-(_a7_) * x))))));{'d0': {'_a1_': 1.3323585375285507e-07, '_a4_': -0.0007107064214680943, '_a5_': 1573.4396180839233, '_a6_': 1.4447911531199753, '_a7_': -5038.620831387454, '_a0_': 1.0, '_a2_': 1.0, '_a3_': 1.0}};{'d0': 0.024885482880448288};-272.430222118314;44.50290076385631
31012;-91.7122102953007;(((x + _a4_) * _a6_) + (x * (_a1_ * pow2((_a5_ + (-(_a7_) * x))))));{'d0': {'_a1_': 1.3323585375285507e-07, '_a4_': -0.0007107064214680943, '_a5_': 1573.4396180839233, '_a6_': 1.4447911531199753, '_a7_': -5038.620831387454, '_a0_': 1.0, '_a2_': 1.0, '_a3_': 1.0}};{'d0': 0.024885482880448288};-272.430222118314;44.50290076385631
31013;-91.7122102953007;(((x + _a4_) * _a6_) + (x * (_a1_ * pow2((_a5_ + (-(_a7_) * x))))));{'d0': {'_a1_': 1.3323585375285507e-07, '_a4_': -0.0007107064214680943, '_a5_': 1573.4396180839233, '_a6_': 1.4447911531199753, '_a7_': -5038.620831387454, '_a0_': 1.0, '_a2_': 1.0, '_a3_': 1.0}};{'d0': 0.024885482880448288};-272.430222118314;44.50290076385631
31014;-91.7122102953007;(((x + _a4_) * _a6_) + (x * (_a1_ * pow2((_a5_ + (-(_a7_) * x))))));{'d0': {'_a1_': 1.3323585375285507e-07, '_a4_': -0.0007107064214680943, '_a5_': 1573.4396180839233, '_a6_': 1.4447911531199753, '_a7_': -5038.620831387454, '_a0_': 1.0, '_a2_': 1.0, '_a3_': 1.0}};{'d0': 0.024885482880448288};-272.430222118314;44.50290076385631
31015;-91.7122102953007;(((x + _a4_) * _a6_) + (x * (_a1_ * pow2((_a5_ + (-(_a7_) * x))))));{'d0': {'_a1_': 1.3323585375285507e-07, '_a4_': -0.0007107064214680943, '_a5_': 1573.4396180839233, '_a6_': 1.4447911531199753, '_a7_': -5038.620831387454, '_a0_': 1.0, '_a2_': 1.0, '_a3_': 1.0}};{'d0': 0.024885482880448288};-272.430222118314;44.50290076385631
31016;-91.7122102953007;(((x + _a4_) * _a6_) + (x * (_a1_ * pow2((_a5_ + (-(_a7_) * x))))));{'d0': {'_a1_': 1.3323585375285507e-07, '_a4_': -0.0007107064214680943, '_a5_': 1573.4396180839233, '_a6_': 1.4447911531199753, '_a7_': -5038.620831387454, '_a0_': 1.0, '_a2_': 1.0, '_a3_': 1.0}};{'d0': 0.024885482880448288};-272.430222118314;44.50290076385631
31017;-93.7593830327950;(((x + _a4_) * _a6_) + (x * (_a7_ * pow2((_a5_ + (-(_a7_) * x))))));{'d0': {'_a4_': -0.000708883371104898, '_a5_': -0.46876094396397905, '_a6_': 1.444803974704675, '_a7_': 1.5011129878861627, '_a0_': 1.0, '_a1_': 1.0, '_a2_': 1.0, '_a3_': 1.0}};{'d0': 0.02488548250187106};-276.524567593302;44.50290076385631
31018;-93.7593830327950;(((x + _a4_) * _a6_) + (x * (_a7_ * pow2((_a5_ + (-(_a7_) * x))))));{'d0': {'_a4_': -0.000708883371104898, '_a5_': -0.46876094396397905, '_a6_': 1.444803974704675, '_a7_': 1.5011129878861627, '_a0_': 1.0, '_a1_': 1.0, '_a2_': 1.0, '_a3_': 1.0}};{'d0': 0.02488548250187106};-276.524567593302;44.50290076385631
31019;-93.7593830327950;(((x + _a4_) * _a6_) + (x * (_a7_ * pow2((_a5_ + (-(_a7_) * x))))));{'d0': {'_a4_': -0.000708883371104898, '_a5_': -0.46876094396397905, '_a6_': 1.444803974704675, '_a7_': 1.5011129878861627, '_a0_': 1.0, '_a1_': 1.0, '_a2_': 1.0, '_a3_': 1.0}};{'d0': 0.02488548250187106};-276.524567593302;44.50290076385631
31020;-93.7593830327950;(((x + _a4_) * _a6_) + (x * (_a7_ * pow2((_a5_ + (-(_a7_) * x))))));{'d0': {'_a4_': -0.000708883371104898, '_a5_': -0.46876094396397905, '_a6_': 1.444803974704675, '_a7_': 1.5011129878861627, '_a0_': 1.0, '_a1_': 1.0, '_a2_': 1.0, '_a3_': 1.0}};{'d0': 0.02488548250187106};-276.524567593302;44.50290076385631
31021;-93.7593830327950;(((x + _a4_) * _a6_) + (x * (_a7_ * pow2((_a5_ + (-(_a7_) * x))))));{'d0': {'_a4_': -0.000708883371104898, '_a5_': -0.46876094396397905, '_a6_': 1.444803974704675, '_a7_': 1.5011129878861627, '_a0_': 1.0, '_a1_': 1.0, '_a2_': 1.0, '_a3_': 1.0}};{'d0': 0.02488548250187106};-276.524567593302;44.50290076385631
31022;-93.7593830327950;(((x + _a4_) * _a6_) + (x * (_a7_ * pow2((_a5_ + (-(_a7_) * x))))));{'d0': {'_a4_': -0.000708883371104898, '_a5_': -0.46876094396397905, '_a6_': 1.444803974704675, '_a7_': 1.5011129878861627, '_a0_': 1.0, '_a1_': 1.0, '_a2_': 1.0, '_a3_': 1.0}};{'d0': 0.02488548250187106};-276.524567593302;44.50290076385631
31023;-93.7593830327950;(((x + _a4_) * _a6_) + (x * (_a7_ * pow2((_a5_ + (-(_a7_) * x))))));{'d0': {'_a4_': -0.000708883371104898, '_a5_': -0.46876094396397905, '_a6_': 1.444803974704675, '_a7_': 1.5011129878861627, '_a0_': 1.0, '_a1_': 1.0, '_a2_': 1.0, '_a3_': 1.0}};{'d0': 0.02488548250187106};-276.524567593302;44.50290076385631
31024;-92.7881219092270;(((x + _a4_) * _a6_) + (x * (_a7_ * pow2((_a5_ + (-(_a7_) + x))))));{'d0': {'_a4_': -0.0007088725753992231, '_a5_': 3.6947937266733457, '_a6_': 1.444804000474144, '_a7_': 3.3825181433475615, '_a0_': 1.0, '_a1_': 1.0, '_a2_': 1.0, '_a3_': 1.0}};{'d0': 0.024885482501866885};-276.524567593312;45.47416188742931
31025;-92.7881219092270;(((x + _a4_) * _a6_) + (x * (_a7_ * pow2((_a5_ + (-(_a7_) + x))))));{'d0': {'_a4_': -0.0007088725753992231, '_a5_': 3.6947937266733457, '_a6_': 1.444804000474144, '_a7_': 3.3825181433475615, '_a0_': 1.0, '_a1_': 1.0, '_a2_': 1.0, '_a3_': 1.0}};{'d0': 0.024885482501866885};-276.524567593312;45.47416188742931
31026;-92.7881219092270;(((x + _a4_) * _a6_) + (x * (_a7_ * pow2((_a5_ + (-(_a7_) + x))))));{'d0': {'_a4_': -0.0007088725753992231, '_a5_': 3.6947937266733457, '_a6_': 1.444804000474144, '_a7_': 3.3825181433475615, '_a0_': 1.0, '_a1_': 1.0, '_a2_': 1.0, '_a3_': 1.0}};{'d0': 0.024885482501866885};-276.524567593312;45.47416188742931
31027;-92.7881219092270;(((x + _a4_) * _a6_) + (x * (_a7_ * pow2((_a5_ + (-(_a7_) + x))))));{'d0': {'_a4_': -0.0007088725753992231, '_a5_': 3.6947937266733457, '_a6_': 1.444804000474144, '_a7_': 3.3825181433475615, '_a0_': 1.0, '_a1_': 1.0, '_a2_': 1.0, '_a3_': 1.0}};{'d0': 0.024885482501866885};-276.524567593312;45.47416188742931
31028;-92.7881219092270;(((x + _a4_) * _a6_) + (x * (_a7_ * pow2((_a5_ + (-(_a7_) + x))))));{'d0': {'_a4_': -0.0007088725753992231, '_a5_': 3.6947937266733457, '_a6_': 1.444804000474144, '_a7_': 3.3825181433475615, '_a0_': 1.0, '_a1_': 1.0, '_a2_': 1.0, '_a3_': 1.0}};{'d0': 0.024885482501866885};-276.524567593312;45.47416188742931
31029;-92.7881219092270;(((x + _a4_) * _a6_) + (x * (_a7_ * pow2((_a5_ + (-(_a7_) + x))))));{'d0': {'_a4_': -0.0007088725753992231, '_a5_': 3.6947937266733457, '_a6_': 1.444804000474144, '_a7_': 3.3825181433475615, '_a0_': 1.0, '_a1_': 1.0, '_a2_': 1.0, '_a3_': 1.0}};{'d0': 0.024885482501866885};-276.524567593312;45.47416188742931
31030;-92.7881219092270;(((x + _a4_) * _a6_) + (x * (_a7_ * pow2((_a5_ + (-(_a7_) + x))))));{'d0': {'_a4_': -0.0007088725753992231, '_a5_': 3.6947937266733457, '_a6_': 1.444804000474144, '_a7_': 3.3825181433475615, '_a0_': 1.0, '_a1_': 1.0, '_a2_': 1.0, '_a3_': 1.0}};{'d0': 0.024885482501866885};-276.524567593312;45.47416188742931
31031;-92.7881219092270;(((x + _a4_) * _a6_) + (x * (_a7_ * pow2((_a5_ + (-(_a7_) + x))))));{'d0': {'_a4_': -0.0007088725753992231, '_a5_': 3.6947937266733457, '_a6_': 1.444804000474144, '_a7_': 3.3825181433475615, '_a0_': 1.0, '_a1_': 1.0, '_a2_': 1.0, '_a3_': 1.0}};{'d0': 0.024885482501866885};-276.524567593312;45.47416188742931
31032;-87.8387819835508;(((x + _a4_) * _a6_) + (x * (_a7_ * pow2(((_a5_ * _a7_) + (-(_a7_) + x))))));{'d0': {'_a4_': -0.0007088063754984514, '_a5_': 1.0923204510310516, '_a6_': 1.4448041656468336, '_a7_': 3.382517607585136, '_a0_': 1.0, '_a1_': 1.0, '_a2_': 1.0, '_a3_': 1.0}};{'d0': 0.02488548250204876};-276.524567592874;50.423501812886315
31033;-87.8387819835508;(((x + _a4_) * _a6_) + (x * (_a7_ * pow2(((_a5_ * _a7_) + (-(_a7_) + x))))));{'d0': {'_a4_': -0.0007088063754984514, '_a5_': 1.0923204510310516, '_a6_': 1.4448041656468336, '_a7_': 3.382517607585136, '_a0_': 1.0, '_a1_': 1.0, '_a2_': 1.0, '_a3_': 1.0}};{'d0': 0.02488548250204876};-276.524567592874;50.423501812886315
31034;-87.8387819835508;(((x + _a4_) * _a6_) + (x * (_a7_ * pow2(((_a5_ * _a7_) + (-(_a7_) + x))))));{'d0': {'_a4_': -0.0007088063754984514, '_a5_': 1.0923204510310516, '_a6_': 1.4448041656468336, '_a7_': 3.382517607585136, '_a0_': 1.0, '_a1_': 1.0, '_a2_': 1.0, '_a3_': 1.0}};{'d0': 0.02488548250204876};-276.524567592874;50.423501812886315
31035;-87.8387819835508;(((x + _a4_) * _a6_) + (x * (_a7_ * pow2(((_a5_ * _a7_) + (-(_a7_) + x))))));{'d0': {'_a4_': -0.0007088063754984514, '_a5_': 1.0923204510310516, '_a6_': 1.4448041656468336, '_a7_': 3.382517607585136, '_a0_': 1.0, '_a1_': 1.0, '_a2_': 1.0, '_a3_': 1.0}};{'d0': 0.02488548250204876};-276.524567592874;50.423501812886315
31036;-87.8387819835508;(((x + _a4_) * _a6_) + (x * (_a7_ * pow2(((_a5_ * _a7_) + (-(_a7_) + x))))));{'d0': {'_a4_': -0.0007088063754984514, '_a5_': 1.0923204510310516, '_a6_': 1.4448041656468336, '_a7_': 3.382517607585136, '_a0_': 1.0, '_a1_': 1.0, '_a2_': 1.0, '_a3_': 1.0}};{'d0': 0.02488548250204876};-276.524567592874;50.423501812886315
31037;-87.8387819835508;(((x + _a4_) * _a6_) + (x * (_a7_ * pow2(((_a5_ * _a7_) + (-(_a7_) + x))))));{'d0': {'_a4_': -0.0007088063754984514, '_a5_': 1.0923204510310516, '_a6_': 1.4448041656468336, '_a7_': 3.382517607585136, '_a0_': 1.0, '_a1_': 1.0, '_a2_': 1.0, '_a3_': 1.0}};{'d0': 0.02488548250204876};-276.524567592874;50.423501812886315
31038;-87.8387819835508;(((x + _a4_) * _a6_) + (x * (_a7_ * pow2(((_a5_ * _a7_) + (-(_a7_) + x))))));{'d0': {'_a4_': -0.0007088063754984514, '_a5_': 1.0923204510310516, '_a6_': 1.4448041656468336, '_a7_': 3.382517607585136, '_a0_': 1.0, '_a1_': 1.0, '_a2_': 1.0, '_a3_': 1.0}};{'d0': 0.02488548250204876};-276.524567592874;50.423501812886315
31039;-87.8387819835508;(((x + _a4_) * _a6_) + (x * (_a7_ * pow2(((_a5_ * _a7_) + (-(_a7_) + x))))));{'d0': {'_a4_': -0.0007088063754984514, '_a5_': 1.0923204510310516, '_a6_': 1.4448041656468336, '_a7_': 3.382517607585136, '_a0_': 1.0, '_a1_': 1.0, '_a2_': 1.0, '_a3_': 1.0}};{'d0': 0.02488548250204876};-276.524567592874;50.423501812886315
31040;-103.571388659998;(((x / _a2_) * (_a1_ + pow2(((x + _a0_) * _a0_)))) / _a0_);{'d0': {'_a0_': 0.31192970796770986, '_a1_': 0.0416825665831983, '_a2_': 0.09237542112975489, '_a3_': 1.0, '_a4_': 1.0, '_a5_': 1.0, '_a6_': 1.0, '_a7_': 1.0}};{'d0': 0.02490583291941671};-280.569866449043;36.713544564523545
31041;-103.571388659998;(((x / _a2_) * (_a1_ + pow2(((x + _a0_) * _a0_)))) / _a0_);{'d0': {'_a0_': 0.31192970796770986, '_a1_': 0.0416825665831983, '_a2_': 0.09237542112975489, '_a3_': 1.0, '_a4_': 1.0, '_a5_': 1.0, '_a6_': 1.0, '_a7_': 1.0}};{'d0': 0.02490583291941671};-280.569866449043;36.713544564523545
31042;-103.571388659998;(((x / _a2_) * (_a1_ + pow2(((x + _a0_) * _a0_)))) / _a0_);{'d0': {'_a0_': 0.31192970796770986, '_a1_': 0.0416825665831983, '_a2_': 0.09237542112975489, '_a3_': 1.0, '_a4_': 1.0, '_a5_': 1.0, '_a6_': 1.0, '_a7_': 1.0}};{'d0': 0.02490583291941671};-280.569866449043;36.713544564523545
31043;-103.571388659998;(((x / _a2_) * (_a1_ + pow2(((x + _a0_) * _a0_)))) / _a0_);{'d0': {'_a0_': 0.31192970796770986, '_a1_': 0.0416825665831983, '_a2_': 0.09237542112975489, '_a3_': 1.0, '_a4_': 1.0, '_a5_': 1.0, '_a6_': 1.0, '_a7_': 1.0}};{'d0': 0.02490583291941671};-280.569866449043;36.713544564523545
31044;-103.571388659998;(((x / _a2_) * (_a1_ + pow2(((x + _a0_) * _a0_)))) / _a0_);{'d0': {'_a0_': 0.31192970796770986, '_a1_': 0.0416825665831983, '_a2_': 0.09237542112975489, '_a3_': 1.0, '_a4_': 1.0, '_a5_': 1.0, '_a6_': 1.0, '_a7_': 1.0}};{'d0': 0.02490583291941671};-280.569866449043;36.713544564523545
31045;-103.571388659998;(((x / _a2_) * (_a1_ + pow2(((x + _a0_) * _a0_)))) / _a0_);{'d0': {'_a0_': 0.31192970796770986, '_a1_': 0.0416825665831983, '_a2_': 0.09237542112975489, '_a3_': 1.0, '_a4_': 1.0, '_a5_': 1.0, '_a6_': 1.0, '_a7_': 1.0}};{'d0': 0.02490583291941671};-280.569866449043;36.713544564523545
31046;-103.571388659998;(((x / _a2_) * (_a1_ + pow2(((x + _a0_) * _a0_)))) / _a0_);{'d0': {'_a0_': 0.31192970796770986, '_a1_': 0.0416825665831983, '_a2_': 0.09237542112975489, '_a3_': 1.0, '_a4_': 1.0, '_a5_': 1.0, '_a6_': 1.0, '_a7_': 1.0}};{'d0': 0.02490583291941671};-280.569866449043;36.713544564523545
31047;-103.571388659998;(((x / _a2_) * (_a1_ + pow2(((x + _a0_) * _a0_)))) / _a0_);{'d0': {'_a0_': 0.31192970796770986, '_a1_': 0.0416825665831983, '_a2_': 0.09237542112975489, '_a3_': 1.0, '_a4_': 1.0, '_a5_': 1.0, '_a6_': 1.0, '_a7_': 1.0}};{'d0': 0.02490583291941671};-280.569866449043;36.713544564523545
31048;-103.571388659998;(((x / _a2_) * (_a1_ + pow2(((x + _a0_) * _a0_)))) / _a0_);{'d0': {'_a0_': 0.31192970796770986, '_a1_': 0.0416825665831983, '_a2_': 0.09237542112975489, '_a3_': 1.0, '_a4_': 1.0, '_a5_': 1.0, '_a6_': 1.0, '_a7_': 1.0}};{'d0': 0.02490583291941671};-280.569866449043;36.713544564523545
31049;-103.571388659998;(((x / _a2_) * (_a1_ + pow2(((x + _a0_) * _a0_)))) / _a0_);{'d0': {'_a0_': 0.31192970796770986, '_a1_': 0.0416825665831983, '_a2_': 0.09237542112975489, '_a3_': 1.0, '_a4_': 1.0, '_a5_': 1.0, '_a6_': 1.0, '_a7_': 1.0}};{'d0': 0.02490583291941671};-280.569866449043;36.713544564523545
31050;-103.571388659998;(((x / _a2_) * (_a1_ + pow2(((x + _a0_) * _a0_)))) / _a0_);{'d0': {'_a0_': 0.31192970796770986, '_a1_': 0.0416825665831983, '_a2_': 0.09237542112975489, '_a3_': 1.0, '_a4_': 1.0, '_a5_': 1.0, '_a6_': 1.0, '_a7_': 1.0}};{'d0': 0.02490583291941671};-280.569866449043;36.713544564523545
31051;-103.571388659998;(((x / _a2_) * (_a1_ + pow2(((x + _a0_) * _a0_)))) / _a0_);{'d0': {'_a0_': 0.31192970796770986, '_a1_': 0.0416825665831983, '_a2_': 0.09237542112975489, '_a3_': 1.0, '_a4_': 1.0, '_a5_': 1.0, '_a6_': 1.0, '_a7_': 1.0}};{'d0': 0.02490583291941671};-280.569866449043;36.713544564523545
31052;-103.571388659998;(((x / _a2_) * (_a1_ + pow2(((x + _a0_) * _a0_)))) / _a0_);{'d0': {'_a0_': 0.31192970796770986, '_a1_': 0.0416825665831983, '_a2_': 0.09237542112975489, '_a3_': 1.0, '_a4_': 1.0, '_a5_': 1.0, '_a6_': 1.0, '_a7_': 1.0}};{'d0': 0.02490583291941671};-280.569866449043;36.713544564523545
31053;-103.571388659998;(((x / _a2_) * (_a1_ + pow2(((x + _a0_) * _a0_)))) / _a0_);{'d0': {'_a0_': 0.31192970796770986, '_a1_': 0.0416825665831983, '_a2_': 0.09237542112975489, '_a3_': 1.0, '_a4_': 1.0, '_a5_': 1.0, '_a6_': 1.0, '_a7_': 1.0}};{'d0': 0.02490583291941671};-280.569866449043;36.713544564523545
31054;-103.571388659998;(((x / _a2_) * (_a1_ + pow2(((x + _a0_) * _a0_)))) / _a0_);{'d0': {'_a0_': 0.31192970796770986, '_a1_': 0.0416825665831983, '_a2_': 0.09237542112975489, '_a3_': 1.0, '_a4_': 1.0, '_a5_': 1.0, '_a6_': 1.0, '_a7_': 1.0}};{'d0': 0.02490583291941671};-280.569866449043;36.713544564523545
31055;-103.571388659998;(((x / _a2_) * (_a1_ + pow2(((x + _a0_) * _a0_)))) / _a0_);{'d0': {'_a0_': 0.31192970796770986, '_a1_': 0.0416825665831983, '_a2_': 0.09237542112975489, '_a3_': 1.0, '_a4_': 1.0, '_a5_': 1.0, '_a6_': 1.0, '_a7_': 1.0}};{'d0': 0.02490583291941671};-280.569866449043;36.713544564523545
31056;-103.571388659998;(((x / _a2_) * (_a1_ + pow2(((x + _a0_) * _a0_)))) / _a0_);{'d0': {'_a0_': 0.31192970796770986, '_a1_': 0.0416825665831983, '_a2_': 0.09237542112975489, '_a3_': 1.0, '_a4_': 1.0, '_a5_': 1.0, '_a6_': 1.0, '_a7_': 1.0}};{'d0': 0.02490583291941671};-280.569866449043;36.713544564523545
31057;-103.571388659998;(((x / _a2_) * (_a1_ + pow2(((x + _a0_) * _a0_)))) / _a0_);{'d0': {'_a0_': 0.31192970796770986, '_a1_': 0.0416825665831983, '_a2_': 0.09237542112975489, '_a3_': 1.0, '_a4_': 1.0, '_a5_': 1.0, '_a6_': 1.0, '_a7_': 1.0}};{'d0': 0.02490583291941671};-280.569866449043;36.713544564523545
31058;-103.571388659998;(((x / _a2_) * (_a1_ + pow2(((x + _a0_) * _a0_)))) / _a0_);{'d0': {'_a0_': 0.31192970796770986, '_a1_': 0.0416825665831983, '_a2_': 0.09237542112975489, '_a3_': 1.0, '_a4_': 1.0, '_a5_': 1.0, '_a6_': 1.0, '_a7_': 1.0}};{'d0': 0.02490583291941671};-280.569866449043;36.713544564523545
31059;-103.571388659998;(((x / _a2_) * (_a1_ + pow2(((x + _a0_) * _a0_)))) / _a0_);{'d0': {'_a0_': 0.31192970796770986, '_a1_': 0.0416825665831983, '_a2_': 0.09237542112975489, '_a3_': 1.0, '_a4_': 1.0, '_a5_': 1.0, '_a6_': 1.0, '_a7_': 1.0}};{'d0': 0.02490583291941671};-280.569866449043;36.713544564523545
31060;-85.3816175646575;(((x + _a4_) * _a6_) + (x * (log(_a2_) * pow2((_a3_ + (-(_a7_) + x))))));{'d0': {'_a2_': 29.44483176883162, '_a3_': -629.2460430569753, '_a4_': -0.0007089049833202413, '_a6_': 1.4448025805843354, '_a7_': -629.5583186558067, '_a0_': 1.0, '_a1_': 1.0, '_a5_': 1.0}};{'d0': 0.024885482529529997};-272.430222964393;50.833493917539315
31061;-85.3816175646575;(((x + _a4_) * _a6_) + (x * (log(_a2_) * pow2((_a3_ + (-(_a7_) + x))))));{'d0': {'_a2_': 29.44483176883162, '_a3_': -629.2460430569753, '_a4_': -0.0007089049833202413, '_a6_': 1.4448025805843354, '_a7_': -629.5583186558067, '_a0_': 1.0, '_a1_': 1.0, '_a5_': 1.0}};{'d0': 0.024885482529529997};-272.430222964393;50.833493917539315
31062;-80.4322776710013;(((x + _a4_) * _a6_) + (x * (log(_a2_) * pow2(((_a5_ * _a7_) + (-(_a7_) + x))))));{'d0': {'_a2_': 29.44484149431887, '_a4_': -0.0007089456454555993, '_a5_': 1.0726780004984047, '_a6_': 1.4448038184404812, '_a7_': 4.296699692847145, '_a0_': 1.0, '_a1_': 1.0, '_a3_': 1.0}};{'d0': 0.024885482503150754};-272.430223027995;55.78283384299631
31063;-80.4322776710013;(((x + _a4_) * _a6_) + (x * (log(_a2_) * pow2(((_a5_ * _a7_) + (-(_a7_) + x))))));{'d0': {'_a2_': 29.44484149431887, '_a4_': -0.0007089456454555993, '_a5_': 1.0726780004984047, '_a6_': 1.4448038184404812, '_a7_': 4.296699692847145, '_a0_': 1.0, '_a1_': 1.0, '_a3_': 1.0}};{'d0': 0.024885482503150754};-272.430223027995;55.78283384299631
31064;-80.4322776710013;(((x + _a4_) * _a6_) + (x * (log(_a2_) * pow2(((_a5_ * _a7_) + (-(_a7_) + x))))));{'d0': {'_a2_': 29.44484149431887, '_a4_': -0.0007089456454555993, '_a5_': 1.0726780004984047, '_a6_': 1.4448038184404812, '_a7_': 4.296699692847145, '_a0_': 1.0, '_a1_': 1.0, '_a3_': 1.0}};{'d0': 0.024885482503150754};-272.430223027995;55.78283384299631
31065;-80.4322776710013;(((x + _a4_) * _a6_) + (x * (log(_a2_) * pow2(((_a5_ * _a7_) + (-(_a7_) + x))))));{'d0': {'_a2_': 29.44484149431887, '_a4_': -0.0007089456454555993, '_a5_': 1.0726780004984047, '_a6_': 1.4448038184404812, '_a7_': 4.296699692847145, '_a0_': 1.0, '_a1_': 1.0, '_a3_': 1.0}};{'d0': 0.024885482503150754};-272.430223027995;55.78283384299631
31066;-80.4322776710013;(((x + _a4_) * _a6_) + (x * (log(_a2_) * pow2(((_a5_ * _a7_) + (-(_a7_) + x))))));{'d0': {'_a2_': 29.44484149431887, '_a4_': -0.0007089456454555993, '_a5_': 1.0726780004984047, '_a6_': 1.4448038184404812, '_a7_': 4.296699692847145, '_a0_': 1.0, '_a1_': 1.0, '_a3_': 1.0}};{'d0': 0.024885482503150754};-272.430223027995;55.78283384299631
31067;-80.4322776710013;(((x + _a4_) * _a6_) + (x * (log(_a2_) * pow2(((_a5_ * _a7_) + (-(_a7_) + x))))));{'d0': {'_a2_': 29.44484149431887, '_a4_': -0.0007089456454555993, '_a5_': 1.0726780004984047, '_a6_': 1.4448038184404812, '_a7_': 4.296699692847145, '_a0_': 1.0, '_a1_': 1.0, '_a3_': 1.0}};{'d0': 0.024885482503150754};-272.430223027995;55.78283384299631
31068;-80.4517466920138;(((x + _a4_) * _a6_) + (x * (sqrt(_a2_) * pow2(((_a5_ * _a7_) + (-(_a7_) + x))))));{'d0': {'_a2_': 11.441430208993403, '_a4_': -0.0007088945537947118, '_a5_': 1.0755142379551037, '_a6_': 1.4448039450710357, '_a7_': 4.135320448896271, '_a0_': 1.0, '_a1_': 1.0, '_a3_': 1.0}};{'d0': 0.024885482501970743};-272.430223030840;55.76336482340631
31069;-80.4517466920138;(((x + _a4_) * _a6_) + (x * (sqrt(_a2_) * pow2(((_a5_ * _a7_) + (-(_a7_) + x))))));{'d0': {'_a2_': 11.441430208993403, '_a4_': -0.0007088945537947118, '_a5_': 1.0755142379551037, '_a6_': 1.4448039450710357, '_a7_': 4.135320448896271, '_a0_': 1.0, '_a1_': 1.0, '_a3_': 1.0}};{'d0': 0.024885482501970743};-272.430223030840;55.76336482340631
31070;-80.4517466920138;(((x + _a4_) * _a6_) + (x * (sqrt(_a2_) * pow2(((_a5_ * _a7_) + (-(_a7_) + x))))));{'d0': {'_a2_': 11.441430208993403, '_a4_': -0.0007088945537947118, '_a5_': 1.0755142379551037, '_a6_': 1.4448039450710357, '_a7_': 4.135320448896271, '_a0_': 1.0, '_a1_': 1.0, '_a3_': 1.0}};{'d0': 0.024885482501970743};-272.430223030840;55.76336482340631
31071;-80.4517466920138;(((x + _a4_) * _a6_) + (x * (sqrt(_a2_) * pow2(((_a5_ * _a7_) + (-(_a7_) + x))))));{'d0': {'_a2_': 11.441430208993403, '_a4_': -0.0007088945537947118, '_a5_': 1.0755142379551037, '_a6_': 1.4448039450710357, '_a7_': 4.135320448896271, '_a0_': 1.0, '_a1_': 1.0, '_a3_': 1.0}};{'d0': 0.024885482501970743};-272.430223030840;55.76336482340631
31072;-80.4517466920138;(((x + _a4_) * _a6_) + (x * (sqrt(_a2_) * pow2(((_a5_ * _a7_) + (-(_a7_) + x))))));{'d0': {'_a2_': 11.441430208993403, '_a4_': -0.0007088945537947118, '_a5_': 1.0755142379551037, '_a6_': 1.4448039450710357, '_a7_': 4.135320448896271, '_a0_': 1.0, '_a1_': 1.0, '_a3_': 1.0}};{'d0': 0.024885482501970743};-272.430223030840;55.76336482340631
31073;-80.4517466920138;(((x + _a4_) * _a6_) + (x * (sqrt(_a2_) * pow2(((_a5_ * _a7_) + (-(_a7_) + x))))));{'d0': {'_a2_': 11.441430208993403, '_a4_': -0.0007088945537947118, '_a5_': 1.0755142379551037, '_a6_': 1.4448039450710357, '_a7_': 4.135320448896271, '_a0_': 1.0, '_a1_': 1.0, '_a3_': 1.0}};{'d0': 0.024885482501970743};-272.430223030840;55.76336482340631
31074;-80.4517466920138;(((x + _a4_) * _a6_) + (x * (sqrt(_a2_) * pow2(((_a5_ * _a7_) + (-(_a7_) + x))))));{'d0': {'_a2_': 11.441430208993403, '_a4_': -0.0007088945537947118, '_a5_': 1.0755142379551037, '_a6_': 1.4448039450710357, '_a7_': 4.135320448896271, '_a0_': 1.0, '_a1_': 1.0, '_a3_': 1.0}};{'d0': 0.024885482501970743};-272.430223030840;55.76336482340631
31075;-80.4517466920138;(((x + _a4_) * _a6_) + (x * (sqrt(_a2_) * pow2(((_a5_ * _a7_) + (-(_a7_) + x))))));{'d0': {'_a2_': 11.441430208993403, '_a4_': -0.0007088945537947118, '_a5_': 1.0755142379551037, '_a6_': 1.4448039450710357, '_a7_': 4.135320448896271, '_a0_': 1.0, '_a1_': 1.0, '_a3_': 1.0}};{'d0': 0.024885482501970743};-272.430223030840;55.76336482340631
31076;-80.4517466920138;(((x + _a4_) * _a6_) + (x * (sqrt(_a2_) * pow2(((_a5_ * _a7_) + (-(_a7_) + x))))));{'d0': {'_a2_': 11.441430208993403, '_a4_': -0.0007088945537947118, '_a5_': 1.0755142379551037, '_a6_': 1.4448039450710357, '_a7_': 4.135320448896271, '_a0_': 1.0, '_a1_': 1.0, '_a3_': 1.0}};{'d0': 0.024885482501970743};-272.430223030840;55.76336482340631
31077;-80.4517466920138;(((x + _a4_) * _a6_) + (x * (sqrt(_a2_) * pow2(((_a5_ * _a7_) + (-(_a7_) + x))))));{'d0': {'_a2_': 11.441430208993403, '_a4_': -0.0007088945537947118, '_a5_': 1.0755142379551037, '_a6_': 1.4448039450710357, '_a7_': 4.135320448896271, '_a0_': 1.0, '_a1_': 1.0, '_a3_': 1.0}};{'d0': 0.024885482501970743};-272.430223030840;55.76336482340631
31078;-80.4517466920138;(((x + _a4_) * _a6_) + (x * (sqrt(_a2_) * pow2(((_a5_ * _a7_) + (-(_a7_) + x))))));{'d0': {'_a2_': 11.441430208993403, '_a4_': -0.0007088945537947118, '_a5_': 1.0755142379551037, '_a6_': 1.4448039450710357, '_a7_': 4.135320448896271, '_a0_': 1.0, '_a1_': 1.0, '_a3_': 1.0}};{'d0': 0.024885482501970743};-272.430223030840;55.76336482340631
31079;-80.4517466920138;(((x + _a4_) * _a6_) + (x * (sqrt(_a2_) * pow2(((_a5_ * _a7_) + (-(_a7_) + x))))));{'d0': {'_a2_': 11.441430208993403, '_a4_': -0.0007088945537947118, '_a5_': 1.0755142379551037, '_a6_': 1.4448039450710357, '_a7_': 4.135320448896271, '_a0_': 1.0, '_a1_': 1.0, '_a3_': 1.0}};{'d0': 0.024885482501970743};-272.430223030840;55.76336482340631
31080;-80.4517466920138;(((x + _a4_) * _a6_) + (x * (sqrt(_a2_) * pow2(((_a5_ * _a7_) + (-(_a7_) + x))))));{'d0': {'_a2_': 11.441430208993403, '_a4_': -0.0007088945537947118, '_a5_': 1.0755142379551037, '_a6_': 1.4448039450710357, '_a7_': 4.135320448896271, '_a0_': 1.0, '_a1_': 1.0, '_a3_': 1.0}};{'d0': 0.024885482501970743};-272.430223030840;55.76336482340631
31081;-80.4517466920138;(((x + _a4_) * _a6_) + (x * (sqrt(_a2_) * pow2(((_a5_ * _a7_) + (-(_a7_) + x))))));{'d0': {'_a2_': 11.441430208993403, '_a4_': -0.0007088945537947118, '_a5_': 1.0755142379551037, '_a6_': 1.4448039450710357, '_a7_': 4.135320448896271, '_a0_': 1.0, '_a1_': 1.0, '_a3_': 1.0}};{'d0': 0.024885482501970743};-272.430223030840;55.76336482340631
31082;-80.4517466919707;(((x + _a4_) * _a6_) + (x * (sqrt(_a2_) * pow2(((_a5_ * _a5_) + (-(_a7_) + x))))));{'d0': {'_a2_': 11.441430359104867, '_a4_': -0.000708897268822545, '_a5_': 0.9672457682792707, '_a6_': 1.444803938100518, '_a7_': 0.6232887557457741, '_a0_': 1.0, '_a1_': 1.0, '_a3_': 1.0}};{'d0': 0.02488548250200651};-272.430223030754;55.76336482340631
31083;-80.4517466919707;(((x + _a4_) * _a6_) + (x * (sqrt(_a2_) * pow2(((_a5_ * _a5_) + (-(_a7_) + x))))));{'d0': {'_a2_': 11.441430359104867, '_a4_': -0.000708897268822545, '_a5_': 0.9672457682792707, '_a6_': 1.444803938100518, '_a7_': 0.6232887557457741, '_a0_': 1.0, '_a1_': 1.0, '_a3_': 1.0}};{'d0': 0.02488548250200651};-272.430223030754;55.76336482340631
31084;-80.4517466919707;(((x + _a4_) * _a6_) + (x * (sqrt(_a2_) * pow2(((_a5_ * _a5_) + (-(_a7_) + x))))));{'d0': {'_a2_': 11.441430359104867, '_a4_': -0.000708897268822545, '_a5_': 0.9672457682792707, '_a6_': 1.444803938100518, '_a7_': 0.6232887557457741, '_a0_': 1.0, '_a1_': 1.0, '_a3_': 1.0}};{'d0': 0.02488548250200651};-272.430223030754;55.76336482340631
31085;-80.4517466919707;(((x + _a4_) * _a6_) + (x * (sqrt(_a2_) * pow2(((_a5_ * _a5_) + (-(_a7_) + x))))));{'d0': {'_a2_': 11.441430359104867, '_a4_': -0.000708897268822545, '_a5_': 0.9672457682792707, '_a6_': 1.444803938100518, '_a7_': 0.6232887557457741, '_a0_': 1.0, '_a1_': 1.0, '_a3_': 1.0}};{'d0': 0.02488548250200651};-272.430223030754;55.76336482340631
31086;-80.4517466919707;(((x + _a4_) * _a6_) + (x * (sqrt(_a2_) * pow2(((_a5_ * _a5_) + (-(_a7_) + x))))));{'d0': {'_a2_': 11.441430359104867, '_a4_': -0.000708897268822545, '_a5_': 0.9672457682792707, '_a6_': 1.444803938100518, '_a7_': 0.6232887557457741, '_a0_': 1.0, '_a1_': 1.0, '_a3_': 1.0}};{'d0': 0.02488548250200651};-272.430223030754;55.76336482340631
31087;-103.571388659998;(((x / _a2_) * (_a1_ + pow2(((x + _a0_) * _a0_)))) / _a1_);{'d0': {'_a0_': 0.3119297075404925, '_a1_': 0.041682566342376014, '_a2_': 0.6912875224640002, '_a3_': 1.0, '_a4_': 1.0, '_a5_': 1.0, '_a6_': 1.0, '_a7_': 1.0}};{'d0': 0.024905832919416688};-280.569866449043;36.713544564523545
31088;-103.571388659998;(((x / _a2_) * (_a1_ + pow2(((x + _a0_) * _a0_)))) / _a1_);{'d0': {'_a0_': 0.3119297075404925, '_a1_': 0.041682566342376014, '_a2_': 0.6912875224640002, '_a3_': 1.0, '_a4_': 1.0, '_a5_': 1.0, '_a6_': 1.0, '_a7_': 1.0}};{'d0': 0.024905832919416688};-280.569866449043;36.713544564523545
31089;-103.571388659998;(((x / _a2_) * (_a1_ + pow2(((x + _a0_) * _a0_)))) / _a1_);{'d0': {'_a0_': 0.3119297075404925, '_a1_': 0.041682566342376014, '_a2_': 0.6912875224640002, '_a3_': 1.0, '_a4_': 1.0, '_a5_': 1.0, '_a6_': 1.0, '_a7_': 1.0}};{'d0': 0.024905832919416688};-280.569866449043;36.713544564523545
31090;-103.571388659998;(((x / _a2_) * (_a1_ + pow2(((x + _a0_) * _a0_)))) / _a1_);{'d0': {'_a0_': 0.3119297075404925, '_a1_': 0.041682566342376014, '_a2_': 0.6912875224640002, '_a3_': 1.0, '_a4_': 1.0, '_a5_': 1.0, '_a6_': 1.0, '_a7_': 1.0}};{'d0': 0.024905832919416688};-280.569866449043;36.713544564523545
31091;-103.571388659998;(((x / _a2_) * (_a1_ + pow2(((x + _a0_) * _a0_)))) / _a1_);{'d0': {'_a0_': 0.3119297075404925, '_a1_': 0.041682566342376014, '_a2_': 0.6912875224640002, '_a3_': 1.0, '_a4_': 1.0, '_a5_': 1.0, '_a6_': 1.0, '_a7_': 1.0}};{'d0': 0.024905832919416688};-280.569866449043;36.713544564523545
31092;-103.571388659998;(((x / _a2_) * (_a1_ + pow2(((x + _a0_) * _a0_)))) / _a1_);{'d0': {'_a0_': 0.3119297075404925, '_a1_': 0.041682566342376014, '_a2_': 0.6912875224640002, '_a3_': 1.0, '_a4_': 1.0, '_a5_': 1.0, '_a6_': 1.0, '_a7_': 1.0}};{'d0': 0.024905832919416688};-280.569866449043;36.713544564523545
31093;-103.571388659998;(((x / _a2_) * (_a1_ + pow2(((x + _a0_) * _a0_)))) / _a1_);{'d0': {'_a0_': 0.3119297075404925, '_a1_': 0.041682566342376014, '_a2_': 0.6912875224640002, '_a3_': 1.0, '_a4_': 1.0, '_a5_': 1.0, '_a6_': 1.0, '_a7_': 1.0}};{'d0': 0.024905832919416688};-280.569866449043;36.713544564523545
31094;-103.571388659998;(((x / _a2_) * (_a1_ + pow2(((x + _a0_) * _a0_)))) / _a1_);{'d0': {'_a0_': 0.3119297075404925, '_a1_': 0.041682566342376014, '_a2_': 0.6912875224640002, '_a3_': 1.0, '_a4_': 1.0, '_a5_': 1.0, '_a6_': 1.0, '_a7_': 1.0}};{'d0': 0.024905832919416688};-280.569866449043;36.713544564523545
31095;-103.571388659998;(((x / _a2_) * (_a1_ + pow2(((x + _a0_) * _a0_)))) / _a1_);{'d0': {'_a0_': 0.3119297075404925, '_a1_': 0.041682566342376014, '_a2_': 0.6912875224640002, '_a3_': 1.0, '_a4_': 1.0, '_a5_': 1.0, '_a6_': 1.0, '_a7_': 1.0}};{'d0': 0.024905832919416688};-280.569866449043;36.713544564523545
31096;-103.571388659998;(((x / _a2_) * (_a1_ + pow2(((x + _a0_) * _a0_)))) / _a1_);{'d0': {'_a0_': 0.3119297075404925, '_a1_': 0.041682566342376014, '_a2_': 0.6912875224640002, '_a3_': 1.0, '_a4_': 1.0, '_a5_': 1.0, '_a6_': 1.0, '_a7_': 1.0}};{'d0': 0.024905832919416688};-280.569866449043;36.713544564523545
31097;-103.571388659998;(((x / _a2_) * (_a1_ + pow2(((x + _a0_) * _a0_)))) / _a1_);{'d0': {'_a0_': 0.3119297075404925, '_a1_': 0.041682566342376014, '_a2_': 0.6912875224640002, '_a3_': 1.0, '_a4_': 1.0, '_a5_': 1.0, '_a6_': 1.0, '_a7_': 1.0}};{'d0': 0.024905832919416688};-280.569866449043;36.713544564523545
31098;-103.571388659998;(((x / _a2_) * (_a1_ + pow2(((x + _a0_) * _a0_)))) / _a1_);{'d0': {'_a0_': 0.3119297075404925, '_a1_': 0.041682566342376014, '_a2_': 0.6912875224640002, '_a3_': 1.0, '_a4_': 1.0, '_a5_': 1.0, '_a6_': 1.0, '_a7_': 1.0}};{'d0': 0.024905832919416688};-280.569866449043;36.713544564523545
31099;-104.058817930787;(((((_a3_ * (_a1_ + x)) * x) * (_a4_ * x)) + x) * _a3_);{'d0': {'_a1_': 0.6238594157963007, '_a3_': 1.7751354057498954, '_a4_': 1.0716114242367085, '_a0_': 1.0, '_a2_': 1.0, '_a5_': 1.0, '_a6_': 1.0, '_a7_': 1.0}};{'d0': 0.024905832919416625};-280.569866449044;36.22611529373495
31100;-104.058817930787;(((((_a3_ * (_a1_ + x)) * x) * (_a4_ * x)) + x) * _a3_);{'d0': {'_a1_': 0.6238594157963007, '_a3_': 1.7751354057498954, '_a4_': 1.0716114242367085, '_a0_': 1.0, '_a2_': 1.0, '_a5_': 1.0, '_a6_': 1.0, '_a7_': 1.0}};{'d0': 0.024905832919416625};-280.569866449044;36.22611529373495
31101;-104.058817930787;(((((_a3_ * (_a1_ + x)) * x) * (_a4_ * x)) + x) * _a3_);{'d0': {'_a1_': 0.6238594157963007, '_a3_': 1.7751354057498954, '_a4_': 1.0716114242367085, '_a0_': 1.0, '_a2_': 1.0, '_a5_': 1.0, '_a6_': 1.0, '_a7_': 1.0}};{'d0': 0.024905832919416625};-280.569866449044;36.22611529373495
31102;-104.058817930787;(((((_a3_ * (_a1_ + x)) * x) * (_a4_ * x)) + x) * _a3_);{'d0': {'_a1_': 0.6238594157963007, '_a3_': 1.7751354057498954, '_a4_': 1.0716114242367085, '_a0_': 1.0, '_a2_': 1.0, '_a5_': 1.0, '_a6_': 1.0, '_a7_': 1.0}};{'d0': 0.024905832919416625};-280.569866449044;36.22611529373495
31103;-104.058817930787;(((((_a3_ * (_a1_ + x)) * x) * (_a4_ * x)) + x) * _a3_);{'d0': {'_a1_': 0.6238594157963007, '_a3_': 1.7751354057498954, '_a4_': 1.0716114242367085, '_a0_': 1.0, '_a2_': 1.0, '_a5_': 1.0, '_a6_': 1.0, '_a7_': 1.0}};{'d0': 0.024905832919416625};-280.569866449044;36.22611529373495
31104;-104.058817930787;(((((_a3_ * (_a1_ + x)) * x) * (_a4_ * x)) + x) * _a3_);{'d0': {'_a1_': 0.6238594157963007, '_a3_': 1.7751354057498954, '_a4_': 1.0716114242367085, '_a0_': 1.0, '_a2_': 1.0, '_a5_': 1.0, '_a6_': 1.0, '_a7_': 1.0}};{'d0': 0.024905832919416625};-280.569866449044;36.22611529373495
31105;-104.058817930787;(((((_a3_ * (_a1_ + x)) * x) * (_a4_ * x)) + x) * _a3_);{'d0': {'_a1_': 0.6238594157963007, '_a3_': 1.7751354057498954, '_a4_': 1.0716114242367085, '_a0_': 1.0, '_a2_': 1.0, '_a5_': 1.0, '_a6_': 1.0, '_a7_': 1.0}};{'d0': 0.024905832919416625};-280.569866449044;36.22611529373495
31106;-104.058817930787;(((((_a3_ * (_a1_ + x)) * x) * (_a4_ * x)) + x) * _a3_);{'d0': {'_a1_': 0.6238594157963007, '_a3_': 1.7751354057498954, '_a4_': 1.0716114242367085, '_a0_': 1.0, '_a2_': 1.0, '_a5_': 1.0, '_a6_': 1.0, '_a7_': 1.0}};{'d0': 0.024905832919416625};-280.569866449044;36.22611529373495
31107;-104.058817930787;(((((_a3_ * (_a1_ + x)) * x) * (_a4_ * x)) + x) * _a3_);{'d0': {'_a1_': 0.6238594157963007, '_a3_': 1.7751354057498954, '_a4_': 1.0716114242367085, '_a0_': 1.0, '_a2_': 1.0, '_a5_': 1.0, '_a6_': 1.0, '_a7_': 1.0}};{'d0': 0.024905832919416625};-280.569866449044;36.22611529373495
31108;-104.058817930787;(((((_a3_ * (_a1_ + x)) * x) * (_a4_ * x)) + x) * _a3_);{'d0': {'_a1_': 0.6238594157963007, '_a3_': 1.7751354057498954, '_a4_': 1.0716114242367085, '_a0_': 1.0, '_a2_': 1.0, '_a5_': 1.0, '_a6_': 1.0, '_a7_': 1.0}};{'d0': 0.024905832919416625};-280.569866449044;36.22611529373495
31109;-104.058817930787;(((((_a3_ * (_a1_ + x)) * x) * (_a4_ * x)) + x) * _a3_);{'d0': {'_a1_': 0.6238594157963007, '_a3_': 1.7751354057498954, '_a4_': 1.0716114242367085, '_a0_': 1.0, '_a2_': 1.0, '_a5_': 1.0, '_a6_': 1.0, '_a7_': 1.0}};{'d0': 0.024905832919416625};-280.569866449044;36.22611529373495
31110;-104.058817930787;(((((_a3_ * (_a1_ + x)) * x) * (_a4_ * x)) + x) * _a3_);{'d0': {'_a1_': 0.6238594157963007, '_a3_': 1.7751354057498954, '_a4_': 1.0716114242367085, '_a0_': 1.0, '_a2_': 1.0, '_a5_': 1.0, '_a6_': 1.0, '_a7_': 1.0}};{'d0': 0.024905832919416625};-280.569866449044;36.22611529373495
31111;-104.058817930787;(((((_a3_ * (_a1_ + x)) * x) * (_a4_ * x)) + x) * _a3_);{'d0': {'_a1_': 0.6238594157963007, '_a3_': 1.7751354057498954, '_a4_': 1.0716114242367085, '_a0_': 1.0, '_a2_': 1.0, '_a5_': 1.0, '_a6_': 1.0, '_a7_': 1.0}};{'d0': 0.024905832919416625};-280.569866449044;36.22611529373495
31112;-104.058817930787;(((((_a3_ * (_a1_ + x)) * x) * (_a4_ * x)) + x) * _a3_);{'d0': {'_a1_': 0.6238594157963007, '_a3_': 1.7751354057498954, '_a4_': 1.0716114242367085, '_a0_': 1.0, '_a2_': 1.0, '_a5_': 1.0, '_a6_': 1.0, '_a7_': 1.0}};{'d0': 0.024905832919416625};-280.569866449044;36.22611529373495
31113;-104.058817930787;(((((_a3_ * (_a1_ + x)) * x) * (_a4_ * x)) + x) * _a3_);{'d0': {'_a1_': 0.6238594157963007, '_a3_': 1.7751354057498954, '_a4_': 1.0716114242367085, '_a0_': 1.0, '_a2_': 1.0, '_a5_': 1.0, '_a6_': 1.0, '_a7_': 1.0}};{'d0': 0.024905832919416625};-280.569866449044;36.22611529373495
31114;-104.058817930787;(((((_a3_ * (_a1_ + x)) * x) * (_a4_ * x)) + x) * _a3_);{'d0': {'_a1_': 0.6238594157963007, '_a3_': 1.7751354057498954, '_a4_': 1.0716114242367085, '_a0_': 1.0, '_a2_': 1.0, '_a5_': 1.0, '_a6_': 1.0, '_a7_': 1.0}};{'d0': 0.024905832919416625};-280.569866449044;36.22611529373495
31115;-104.058817930787;(((((_a3_ * (_a1_ + x)) * x) * (_a4_ * x)) + x) * _a3_);{'d0': {'_a1_': 0.6238594157963007, '_a3_': 1.7751354057498954, '_a4_': 1.0716114242367085, '_a0_': 1.0, '_a2_': 1.0, '_a5_': 1.0, '_a6_': 1.0, '_a7_': 1.0}};{'d0': 0.024905832919416625};-280.569866449044;36.22611529373495
31116;-104.058817930787;(((((_a3_ * (_a1_ + x)) * x) * (_a4_ * x)) + x) * _a3_);{'d0': {'_a1_': 0.6238594157963007, '_a3_': 1.7751354057498954, '_a4_': 1.0716114242367085, '_a0_': 1.0, '_a2_': 1.0, '_a5_': 1.0, '_a6_': 1.0, '_a7_': 1.0}};{'d0': 0.024905832919416625};-280.569866449044;36.22611529373495
31117;-103.571388659998;(((x * _a2_) * (_a1_ + pow2(((x + _a0_) / _a0_)))) / _a1_);{'d0': {'_a0_': 0.31192970782071566, '_a1_': 4.402785199550575, '_a2_': 1.4465760894164639, '_a3_': 1.0, '_a4_': 1.0, '_a5_': 1.0, '_a6_': 1.0, '_a7_': 1.0}};{'d0': 0.02490583291941667};-280.569866449043;36.713544564523545
31118;-103.571388659998;(((x * _a2_) * (_a1_ + pow2(((x + _a0_) / _a0_)))) / _a1_);{'d0': {'_a0_': 0.31192970782071566, '_a1_': 4.402785199550575, '_a2_': 1.4465760894164639, '_a3_': 1.0, '_a4_': 1.0, '_a5_': 1.0, '_a6_': 1.0, '_a7_': 1.0}};{'d0': 0.02490583291941667};-280.569866449043;36.713544564523545
31119;-103.571388659998;(((x * _a2_) * (_a1_ + pow2(((x + _a0_) / _a0_)))) / _a1_);{'d0': {'_a0_': 0.31192970782071566, '_a1_': 4.402785199550575, '_a2_': 1.4465760894164639, '_a3_': 1.0, '_a4_': 1.0, '_a5_': 1.0, '_a6_': 1.0, '_a7_': 1.0}};{'d0': 0.02490583291941667};-280.569866449043;36.713544564523545
31120;-103.571388659998;(((x * _a2_) * (_a1_ + pow2(((x + _a0_) / _a0_)))) / _a1_);{'d0': {'_a0_': 0.31192970782071566, '_a1_': 4.402785199550575, '_a2_': 1.4465760894164639, '_a3_': 1.0, '_a4_': 1.0, '_a5_': 1.0, '_a6_': 1.0, '_a7_': 1.0}};{'d0': 0.02490583291941667};-280.569866449043;36.713544564523545
31121;-103.571388659998;(((x * _a2_) * (_a1_ + pow2(((x + _a0_) / _a0_)))) / _a1_);{'d0': {'_a0_': 0.31192970782071566, '_a1_': 4.402785199550575, '_a2_': 1.4465760894164639, '_a3_': 1.0, '_a4_': 1.0, '_a5_': 1.0, '_a6_': 1.0, '_a7_': 1.0}};{'d0': 0.02490583291941667};-280.569866449043;36.713544564523545
31122;-102.501860162919;(((x / _a2_) * (_a1_ + pow2(((x + _a0_) / _a0_)))) / _a1_);{'d0': {'_a0_': 0.3119297078448963, '_a1_': 4.4027852001018255, '_a2_': 0.6912875217218788, '_a3_': 1.0, '_a4_': 1.0, '_a5_': 1.0, '_a6_': 1.0, '_a7_': 1.0}};{'d0': 0.024905832919416646};-280.569866449044;37.78307306160254
31123;-102.501860162919;(((x / _a2_) * (_a1_ + pow2(((x + _a0_) / _a0_)))) / _a1_);{'d0': {'_a0_': 0.3119297078448963, '_a1_': 4.4027852001018255, '_a2_': 0.6912875217218788, '_a3_': 1.0, '_a4_': 1.0, '_a5_': 1.0, '_a6_': 1.0, '_a7_': 1.0}};{'d0': 0.024905832919416646};-280.569866449044;37.78307306160254
31124;-102.501860162919;(((x / _a2_) * (_a1_ + pow2(((x + _a0_) / _a0_)))) / _a1_);{'d0': {'_a0_': 0.3119297078448963, '_a1_': 4.4027852001018255, '_a2_': 0.6912875217218788, '_a3_': 1.0, '_a4_': 1.0, '_a5_': 1.0, '_a6_': 1.0, '_a7_': 1.0}};{'d0': 0.024905832919416646};-280.569866449044;37.78307306160254
31125;-102.501860162919;(((x / _a2_) * (_a1_ + pow2(((x + _a0_) / _a0_)))) / _a1_);{'d0': {'_a0_': 0.3119297078448963, '_a1_': 4.4027852001018255, '_a2_': 0.6912875217218788, '_a3_': 1.0, '_a4_': 1.0, '_a5_': 1.0, '_a6_': 1.0, '_a7_': 1.0}};{'d0': 0.024905832919416646};-280.569866449044;37.78307306160254
31126;-102.501860162919;(((x / _a2_) * (_a1_ + pow2(((x + _a0_) / _a0_)))) / _a1_);{'d0': {'_a0_': 0.3119297078448963, '_a1_': 4.4027852001018255, '_a2_': 0.6912875217218788, '_a3_': 1.0, '_a4_': 1.0, '_a5_': 1.0, '_a6_': 1.0, '_a7_': 1.0}};{'d0': 0.024905832919416646};-280.569866449044;37.78307306160254
31127;-102.501860162919;(((x / _a2_) * (_a1_ + pow2(((x + _a0_) / _a0_)))) / _a1_);{'d0': {'_a0_': 0.3119297078448963, '_a1_': 4.4027852001018255, '_a2_': 0.6912875217218788, '_a3_': 1.0, '_a4_': 1.0, '_a5_': 1.0, '_a6_': 1.0, '_a7_': 1.0}};{'d0': 0.024905832919416646};-280.569866449044;37.78307306160254
31128;-102.501860162919;(((x / _a2_) * (_a1_ + pow2(((x + _a0_) / _a0_)))) / _a1_);{'d0': {'_a0_': 0.3119297078448963, '_a1_': 4.4027852001018255, '_a2_': 0.6912875217218788, '_a3_': 1.0, '_a4_': 1.0, '_a5_': 1.0, '_a6_': 1.0, '_a7_': 1.0}};{'d0': 0.024905832919416646};-280.569866449044;37.78307306160254
31129;-102.501860162919;(((x / _a2_) * (_a1_ + pow2(((x + _a0_) / _a0_)))) / _a1_);{'d0': {'_a0_': 0.3119297078448963, '_a1_': 4.4027852001018255, '_a2_': 0.6912875217218788, '_a3_': 1.0, '_a4_': 1.0, '_a5_': 1.0, '_a6_': 1.0, '_a7_': 1.0}};{'d0': 0.024905832919416646};-280.569866449044;37.78307306160254
31130;-102.501860162919;(((x / _a2_) * (_a1_ + pow2(((x + _a0_) / _a0_)))) / _a1_);{'d0': {'_a0_': 0.3119297078448963, '_a1_': 4.4027852001018255, '_a2_': 0.6912875217218788, '_a3_': 1.0, '_a4_': 1.0, '_a5_': 1.0, '_a6_': 1.0, '_a7_': 1.0}};{'d0': 0.024905832919416646};-280.569866449044;37.78307306160254
31131;-102.501860162919;(((x / _a2_) * (_a1_ + pow2(((x + _a0_) / _a0_)))) / _a1_);{'d0': {'_a0_': 0.3119297078448963, '_a1_': 4.4027852001018255, '_a2_': 0.6912875217218788, '_a3_': 1.0, '_a4_': 1.0, '_a5_': 1.0, '_a6_': 1.0, '_a7_': 1.0}};{'d0': 0.024905832919416646};-280.569866449044;37.78307306160254
31132;-102.501860162919;(((x / _a2_) * (_a1_ + pow2(((x + _a0_) / _a0_)))) / _a1_);{'d0': {'_a0_': 0.3119297078448963, '_a1_': 4.4027852001018255, '_a2_': 0.6912875217218788, '_a3_': 1.0, '_a4_': 1.0, '_a5_': 1.0, '_a6_': 1.0, '_a7_': 1.0}};{'d0': 0.024905832919416646};-280.569866449044;37.78307306160254
31133;-108.376014012811;((x / _a2_) * (_a1_ + pow2(((x + _a0_) / _a0_))));{'d0': {'_a0_': 0.31192970776471163, '_a1_': 4.4027851941576115, '_a2_': 3.043590468098646, '_a3_': 1.0, '_a4_': 1.0, '_a5_': 1.0, '_a6_': 1.0, '_a7_': 1.0}};{'d0': 0.024905832919416622};-280.569866449044;31.908919211710543
31134;-108.376014012811;((x / _a2_) * (_a1_ + pow2(((x + _a0_) / _a0_))));{'d0': {'_a0_': 0.31192970776471163, '_a1_': 4.4027851941576115, '_a2_': 3.043590468098646, '_a3_': 1.0, '_a4_': 1.0, '_a5_': 1.0, '_a6_': 1.0, '_a7_': 1.0}};{'d0': 0.024905832919416622};-280.569866449044;31.908919211710543
31135;-108.376014012811;((x / _a2_) * (_a1_ + pow2(((x + _a0_) / _a0_))));{'d0': {'_a0_': 0.31192970776471163, '_a1_': 4.4027851941576115, '_a2_': 3.043590468098646, '_a3_': 1.0, '_a4_': 1.0, '_a5_': 1.0, '_a6_': 1.0, '_a7_': 1.0}};{'d0': 0.024905832919416622};-280.569866449044;31.908919211710543
31136;-108.376014012811;((x / _a2_) * (_a1_ + pow2(((x + _a0_) / _a0_))));{'d0': {'_a0_': 0.31192970776471163, '_a1_': 4.4027851941576115, '_a2_': 3.043590468098646, '_a3_': 1.0, '_a4_': 1.0, '_a5_': 1.0, '_a6_': 1.0, '_a7_': 1.0}};{'d0': 0.024905832919416622};-280.569866449044;31.908919211710543
31137;-108.376014012811;((x / _a2_) * (_a1_ + pow2(((x + _a0_) / _a0_))));{'d0': {'_a0_': 0.31192970776471163, '_a1_': 4.4027851941576115, '_a2_': 3.043590468098646, '_a3_': 1.0, '_a4_': 1.0, '_a5_': 1.0, '_a6_': 1.0, '_a7_': 1.0}};{'d0': 0.024905832919416622};-280.569866449044;31.908919211710543
31138;-108.376014012811;((x / _a2_) * (_a1_ + pow2(((x + _a0_) / _a0_))));{'d0': {'_a0_': 0.31192970776471163, '_a1_': 4.4027851941576115, '_a2_': 3.043590468098646, '_a3_': 1.0, '_a4_': 1.0, '_a5_': 1.0, '_a6_': 1.0, '_a7_': 1.0}};{'d0': 0.024905832919416622};-280.569866449044;31.908919211710543
31139;-108.376014012811;((x / _a2_) * (_a1_ + pow2(((x + _a0_) / _a0_))));{'d0': {'_a0_': 0.31192970776471163, '_a1_': 4.4027851941576115, '_a2_': 3.043590468098646, '_a3_': 1.0, '_a4_': 1.0, '_a5_': 1.0, '_a6_': 1.0, '_a7_': 1.0}};{'d0': 0.024905832919416622};-280.569866449044;31.908919211710543
31140;-108.376014012811;((x / _a2_) * (_a1_ + pow2(((x + _a0_) / _a0_))));{'d0': {'_a0_': 0.31192970776471163, '_a1_': 4.4027851941576115, '_a2_': 3.043590468098646, '_a3_': 1.0, '_a4_': 1.0, '_a5_': 1.0, '_a6_': 1.0, '_a7_': 1.0}};{'d0': 0.024905832919416622};-280.569866449044;31.908919211710543
31141;-108.376014012811;((x / _a2_) * (_a1_ + pow2(((x + _a0_) / _a0_))));{'d0': {'_a0_': 0.31192970776471163, '_a1_': 4.4027851941576115, '_a2_': 3.043590468098646, '_a3_': 1.0, '_a4_': 1.0, '_a5_': 1.0, '_a6_': 1.0, '_a7_': 1.0}};{'d0': 0.024905832919416622};-280.569866449044;31.908919211710543
31142;-108.376014012811;((x / _a2_) * (_a1_ + pow2(((x + _a0_) / _a0_))));{'d0': {'_a0_': 0.31192970776471163, '_a1_': 4.4027851941576115, '_a2_': 3.043590468098646, '_a3_': 1.0, '_a4_': 1.0, '_a5_': 1.0, '_a6_': 1.0, '_a7_': 1.0}};{'d0': 0.024905832919416622};-280.569866449044;31.908919211710543
31143;-108.376014012811;((x / _a2_) * (_a1_ + pow2(((x + _a0_) / _a0_))));{'d0': {'_a0_': 0.31192970776471163, '_a1_': 4.4027851941576115, '_a2_': 3.043590468098646, '_a3_': 1.0, '_a4_': 1.0, '_a5_': 1.0, '_a6_': 1.0, '_a7_': 1.0}};{'d0': 0.024905832919416622};-280.569866449044;31.908919211710543
31144;-108.376014012811;((x / _a2_) * (_a1_ + pow2(((x + _a0_) / _a0_))));{'d0': {'_a0_': 0.31192970776471163, '_a1_': 4.4027851941576115, '_a2_': 3.043590468098646, '_a3_': 1.0, '_a4_': 1.0, '_a5_': 1.0, '_a6_': 1.0, '_a7_': 1.0}};{'d0': 0.024905832919416622};-280.569866449044;31.908919211710543
31145;-108.376014012811;((x / _a2_) * (_a1_ + pow2(((x + _a0_) / _a0_))));{'d0': {'_a0_': 0.31192970776471163, '_a1_': 4.4027851941576115, '_a2_': 3.043590468098646, '_a3_': 1.0, '_a4_': 1.0, '_a5_': 1.0, '_a6_': 1.0, '_a7_': 1.0}};{'d0': 0.024905832919416622};-280.569866449044;31.908919211710543
31146;-108.376014012811;((x / _a2_) * (_a1_ + pow2(((x + _a0_) / _a0_))));{'d0': {'_a0_': 0.31192970776471163, '_a1_': 4.4027851941576115, '_a2_': 3.043590468098646, '_a3_': 1.0, '_a4_': 1.0, '_a5_': 1.0, '_a6_': 1.0, '_a7_': 1.0}};{'d0': 0.024905832919416622};-280.569866449044;31.908919211710543
31147;-108.376014012811;((x / _a2_) * (_a1_ + pow2(((x + _a0_) / _a0_))));{'d0': {'_a0_': 0.31192970776471163, '_a1_': 4.4027851941576115, '_a2_': 3.043590468098646, '_a3_': 1.0, '_a4_': 1.0, '_a5_': 1.0, '_a6_': 1.0, '_a7_': 1.0}};{'d0': 0.024905832919416622};-280.569866449044;31.908919211710543
31148;-108.376014012811;((x / _a2_) * (_a1_ + pow2(((x + _a0_) / _a0_))));{'d0': {'_a0_': 0.31192970776471163, '_a1_': 4.4027851941576115, '_a2_': 3.043590468098646, '_a3_': 1.0, '_a4_': 1.0, '_a5_': 1.0, '_a6_': 1.0, '_a7_': 1.0}};{'d0': 0.024905832919416622};-280.569866449044;31.908919211710543
31149;-108.376014012811;((x / _a2_) * (_a1_ + pow2(((x + _a0_) / _a0_))));{'d0': {'_a0_': 0.31192970776471163, '_a1_': 4.4027851941576115, '_a2_': 3.043590468098646, '_a3_': 1.0, '_a4_': 1.0, '_a5_': 1.0, '_a6_': 1.0, '_a7_': 1.0}};{'d0': 0.024905832919416622};-280.569866449044;31.908919211710543
31150;-108.376014012811;((x / _a2_) * (_a1_ + pow2(((x + _a0_) / _a0_))));{'d0': {'_a0_': 0.31192970776471163, '_a1_': 4.4027851941576115, '_a2_': 3.043590468098646, '_a3_': 1.0, '_a4_': 1.0, '_a5_': 1.0, '_a6_': 1.0, '_a7_': 1.0}};{'d0': 0.024905832919416622};-280.569866449044;31.908919211710543
31151;-108.376014012811;((x / _a2_) * (_a1_ + pow2(((x + _a0_) / _a0_))));{'d0': {'_a0_': 0.31192970776471163, '_a1_': 4.4027851941576115, '_a2_': 3.043590468098646, '_a3_': 1.0, '_a4_': 1.0, '_a5_': 1.0, '_a6_': 1.0, '_a7_': 1.0}};{'d0': 0.024905832919416622};-280.569866449044;31.908919211710543
31152;-108.376014012811;((x / _a2_) * (_a1_ + pow2(((x + _a0_) / _a0_))));{'d0': {'_a0_': 0.31192970776471163, '_a1_': 4.4027851941576115, '_a2_': 3.043590468098646, '_a3_': 1.0, '_a4_': 1.0, '_a5_': 1.0, '_a6_': 1.0, '_a7_': 1.0}};{'d0': 0.024905832919416622};-280.569866449044;31.908919211710543
31153;-108.376014012811;((x / _a2_) * (_a1_ + pow2(((x + _a0_) / _a0_))));{'d0': {'_a0_': 0.31192970776471163, '_a1_': 4.4027851941576115, '_a2_': 3.043590468098646, '_a3_': 1.0, '_a4_': 1.0, '_a5_': 1.0, '_a6_': 1.0, '_a7_': 1.0}};{'d0': 0.024905832919416622};-280.569866449044;31.908919211710543
31154;-108.376014012811;((x / _a2_) * (_a1_ + pow2(((x + _a0_) / _a0_))));{'d0': {'_a0_': 0.31192970776471163, '_a1_': 4.4027851941576115, '_a2_': 3.043590468098646, '_a3_': 1.0, '_a4_': 1.0, '_a5_': 1.0, '_a6_': 1.0, '_a7_': 1.0}};{'d0': 0.024905832919416622};-280.569866449044;31.908919211710543
31155;-108.376014012811;((x / _a2_) * (_a1_ + pow2(((x + _a0_) / _a0_))));{'d0': {'_a0_': 0.31192970776471163, '_a1_': 4.4027851941576115, '_a2_': 3.043590468098646, '_a3_': 1.0, '_a4_': 1.0, '_a5_': 1.0, '_a6_': 1.0, '_a7_': 1.0}};{'d0': 0.024905832919416622};-280.569866449044;31.908919211710543
31156;-108.376014012811;((x / _a2_) * (_a1_ + pow2(((x + _a0_) / _a0_))));{'d0': {'_a0_': 0.31192970776471163, '_a1_': 4.4027851941576115, '_a2_': 3.043590468098646, '_a3_': 1.0, '_a4_': 1.0, '_a5_': 1.0, '_a6_': 1.0, '_a7_': 1.0}};{'d0': 0.024905832919416622};-280.569866449044;31.908919211710543
31157;-108.376014012811;((x / _a2_) * (_a1_ + pow2(((x + _a0_) / _a0_))));{'d0': {'_a0_': 0.31192970776471163, '_a1_': 4.4027851941576115, '_a2_': 3.043590468098646, '_a3_': 1.0, '_a4_': 1.0, '_a5_': 1.0, '_a6_': 1.0, '_a7_': 1.0}};{'d0': 0.024905832919416622};-280.569866449044;31.908919211710543
31158;-108.376014012811;((x / _a2_) * (_a1_ + pow2(((x + _a0_) / _a0_))));{'d0': {'_a0_': 0.31192970776471163, '_a1_': 4.4027851941576115, '_a2_': 3.043590468098646, '_a3_': 1.0, '_a4_': 1.0, '_a5_': 1.0, '_a6_': 1.0, '_a7_': 1.0}};{'d0': 0.024905832919416622};-280.569866449044;31.908919211710543
31159;-108.376014012811;((x / _a2_) * (_a1_ + pow2(((x + _a0_) / _a0_))));{'d0': {'_a0_': 0.31192970776471163, '_a1_': 4.4027851941576115, '_a2_': 3.043590468098646, '_a3_': 1.0, '_a4_': 1.0, '_a5_': 1.0, '_a6_': 1.0, '_a7_': 1.0}};{'d0': 0.024905832919416622};-280.569866449044;31.908919211710543
31160;-108.376014012811;((x / _a2_) * (_a1_ + pow2(((x + _a0_) / _a0_))));{'d0': {'_a0_': 0.31192970776471163, '_a1_': 4.4027851941576115, '_a2_': 3.043590468098646, '_a3_': 1.0, '_a4_': 1.0, '_a5_': 1.0, '_a6_': 1.0, '_a7_': 1.0}};{'d0': 0.024905832919416622};-280.569866449044;31.908919211710543
31161;-108.376014012811;((x / _a2_) * (_a1_ + pow2(((x + _a0_) / _a0_))));{'d0': {'_a0_': 0.31192970776471163, '_a1_': 4.4027851941576115, '_a2_': 3.043590468098646, '_a3_': 1.0, '_a4_': 1.0, '_a5_': 1.0, '_a6_': 1.0, '_a7_': 1.0}};{'d0': 0.024905832919416622};-280.569866449044;31.908919211710543
31162;-108.376014012811;((x / _a2_) * (_a1_ + pow2(((x + _a0_) / _a0_))));{'d0': {'_a0_': 0.31192970776471163, '_a1_': 4.4027851941576115, '_a2_': 3.043590468098646, '_a3_': 1.0, '_a4_': 1.0, '_a5_': 1.0, '_a6_': 1.0, '_a7_': 1.0}};{'d0': 0.024905832919416622};-280.569866449044;31.908919211710543
31163;-108.376014012811;((x / _a2_) * (_a1_ + pow2(((x + _a0_) / _a0_))));{'d0': {'_a0_': 0.31192970776471163, '_a1_': 4.4027851941576115, '_a2_': 3.043590468098646, '_a3_': 1.0, '_a4_': 1.0, '_a5_': 1.0, '_a6_': 1.0, '_a7_': 1.0}};{'d0': 0.024905832919416622};-280.569866449044;31.908919211710543
31164;-108.376014012811;((x / _a2_) * (_a1_ + pow2(((x + _a0_) / _a0_))));{'d0': {'_a0_': 0.31192970776471163, '_a1_': 4.4027851941576115, '_a2_': 3.043590468098646, '_a3_': 1.0, '_a4_': 1.0, '_a5_': 1.0, '_a6_': 1.0, '_a7_': 1.0}};{'d0': 0.024905832919416622};-280.569866449044;31.908919211710543
31165;-108.292635771928;((x / _a2_) * (_a1_ + pow2(((x + _a0_) + _a0_))));{'d0': {'_a0_': 0.15596485383758388, '_a1_': 0.4283916275356527, '_a2_': 0.2961417866942983, '_a3_': 1.0, '_a4_': 1.0, '_a5_': 1.0, '_a6_': 1.0, '_a7_': 1.0}};{'d0': 0.024905832919416532};-280.569866449044;31.992297452593345
31166;-108.292635771928;((x / _a2_) * (_a1_ + pow2(((x + _a0_) + _a0_))));{'d0': {'_a0_': 0.15596485383758388, '_a1_': 0.4283916275356527, '_a2_': 0.2961417866942983, '_a3_': 1.0, '_a4_': 1.0, '_a5_': 1.0, '_a6_': 1.0, '_a7_': 1.0}};{'d0': 0.024905832919416532};-280.569866449044;31.992297452593345
31167;-108.292635771928;((x / _a2_) * (_a1_ + pow2(((x + _a0_) + _a0_))));{'d0': {'_a0_': 0.15596485383758388, '_a1_': 0.4283916275356527, '_a2_': 0.2961417866942983, '_a3_': 1.0, '_a4_': 1.0, '_a5_': 1.0, '_a6_': 1.0, '_a7_': 1.0}};{'d0': 0.024905832919416532};-280.569866449044;31.992297452593345
31168;-108.292635771928;((x / _a2_) * (_a1_ + pow2(((x + _a0_) + _a0_))));{'d0': {'_a0_': 0.15596485383758388, '_a1_': 0.4283916275356527, '_a2_': 0.2961417866942983, '_a3_': 1.0, '_a4_': 1.0, '_a5_': 1.0, '_a6_': 1.0, '_a7_': 1.0}};{'d0': 0.024905832919416532};-280.569866449044;31.992297452593345
31169;-108.292635771928;((x / _a2_) * (_a1_ + pow2(((x + _a0_) + _a0_))));{'d0': {'_a0_': 0.15596485383758388, '_a1_': 0.4283916275356527, '_a2_': 0.2961417866942983, '_a3_': 1.0, '_a4_': 1.0, '_a5_': 1.0, '_a6_': 1.0, '_a7_': 1.0}};{'d0': 0.024905832919416532};-280.569866449044;31.992297452593345
31170;-108.292635771928;((x / _a2_) * (_a1_ + pow2(((x + _a0_) + _a0_))));{'d0': {'_a0_': 0.15596485383758388, '_a1_': 0.4283916275356527, '_a2_': 0.2961417866942983, '_a3_': 1.0, '_a4_': 1.0, '_a5_': 1.0, '_a6_': 1.0, '_a7_': 1.0}};{'d0': 0.024905832919416532};-280.569866449044;31.992297452593345
31171;-108.292635771928;((x / _a2_) * (_a1_ + pow2(((x + _a0_) + _a0_))));{'d0': {'_a0_': 0.15596485383758388, '_a1_': 0.4283916275356527, '_a2_': 0.2961417866942983, '_a3_': 1.0, '_a4_': 1.0, '_a5_': 1.0, '_a6_': 1.0, '_a7_': 1.0}};{'d0': 0.024905832919416532};-280.569866449044;31.992297452593345
31172;-108.292635771928;((x / _a2_) * (_a1_ + pow2(((x + _a0_) + _a0_))));{'d0': {'_a0_': 0.15596485383758388, '_a1_': 0.4283916275356527, '_a2_': 0.2961417866942983, '_a3_': 1.0, '_a4_': 1.0, '_a5_': 1.0, '_a6_': 1.0, '_a7_': 1.0}};{'d0': 0.024905832919416532};-280.569866449044;31.992297452593345
31173;-108.292635771928;((x / _a2_) * (_a1_ + pow2(((x + _a0_) + _a0_))));{'d0': {'_a0_': 0.15596485383758388, '_a1_': 0.4283916275356527, '_a2_': 0.2961417866942983, '_a3_': 1.0, '_a4_': 1.0, '_a5_': 1.0, '_a6_': 1.0, '_a7_': 1.0}};{'d0': 0.024905832919416532};-280.569866449044;31.992297452593345
31174;-108.292635771928;((x / _a2_) * (_a1_ + pow2(((x + _a0_) + _a0_))));{'d0': {'_a0_': 0.15596485383758388, '_a1_': 0.4283916275356527, '_a2_': 0.2961417866942983, '_a3_': 1.0, '_a4_': 1.0, '_a5_': 1.0, '_a6_': 1.0, '_a7_': 1.0}};{'d0': 0.024905832919416532};-280.569866449044;31.992297452593345
31175;-108.292635771928;((x / _a2_) * (_a1_ + pow2(((x + _a0_) + _a0_))));{'d0': {'_a0_': 0.15596485383758388, '_a1_': 0.4283916275356527, '_a2_': 0.2961417866942983, '_a3_': 1.0, '_a4_': 1.0, '_a5_': 1.0, '_a6_': 1.0, '_a7_': 1.0}};{'d0': 0.024905832919416532};-280.569866449044;31.992297452593345
31176;-108.292635771928;((x / _a2_) * (_a1_ + pow2(((x + _a0_) + _a0_))));{'d0': {'_a0_': 0.15596485383758388, '_a1_': 0.4283916275356527, '_a2_': 0.2961417866942983, '_a3_': 1.0, '_a4_': 1.0, '_a5_': 1.0, '_a6_': 1.0, '_a7_': 1.0}};{'d0': 0.024905832919416532};-280.569866449044;31.992297452593345
31177;-108.292635771928;((x / _a2_) * (_a1_ + pow2(((x + _a0_) + _a0_))));{'d0': {'_a0_': 0.15596485383758388, '_a1_': 0.4283916275356527, '_a2_': 0.2961417866942983, '_a3_': 1.0, '_a4_': 1.0, '_a5_': 1.0, '_a6_': 1.0, '_a7_': 1.0}};{'d0': 0.024905832919416532};-280.569866449044;31.992297452593345
31178;-108.292635771928;((x / _a2_) * (_a1_ + pow2(((x + _a0_) + _a0_))));{'d0': {'_a0_': 0.15596485383758388, '_a1_': 0.4283916275356527, '_a2_': 0.2961417866942983, '_a3_': 1.0, '_a4_': 1.0, '_a5_': 1.0, '_a6_': 1.0, '_a7_': 1.0}};{'d0': 0.024905832919416532};-280.569866449044;31.992297452593345
31179;-108.292635771928;((x / _a2_) * (_a1_ + pow2(((x + _a0_) + _a0_))));{'d0': {'_a0_': 0.15596485383758388, '_a1_': 0.4283916275356527, '_a2_': 0.2961417866942983, '_a3_': 1.0, '_a4_': 1.0, '_a5_': 1.0, '_a6_': 1.0, '_a7_': 1.0}};{'d0': 0.024905832919416532};-280.569866449044;31.992297452593345
31180;-108.292635771928;((x / _a2_) * (_a1_ + pow2(((x + _a0_) + _a0_))));{'d0': {'_a0_': 0.15596485383758388, '_a1_': 0.4283916275356527, '_a2_': 0.2961417866942983, '_a3_': 1.0, '_a4_': 1.0, '_a5_': 1.0, '_a6_': 1.0, '_a7_': 1.0}};{'d0': 0.024905832919416532};-280.569866449044;31.992297452593345
31181;-108.292635771928;((x / _a2_) * (_a1_ + pow2(((x + _a0_) + _a0_))));{'d0': {'_a0_': 0.15596485383758388, '_a1_': 0.4283916275356527, '_a2_': 0.2961417866942983, '_a3_': 1.0, '_a4_': 1.0, '_a5_': 1.0, '_a6_': 1.0, '_a7_': 1.0}};{'d0': 0.024905832919416532};-280.569866449044;31.992297452593345
31182;-108.292635771928;((x / _a2_) * (_a1_ + pow2(((x + _a0_) + _a0_))));{'d0': {'_a0_': 0.15596485383758388, '_a1_': 0.4283916275356527, '_a2_': 0.2961417866942983, '_a3_': 1.0, '_a4_': 1.0, '_a5_': 1.0, '_a6_': 1.0, '_a7_': 1.0}};{'d0': 0.024905832919416532};-280.569866449044;31.992297452593345
31183;-108.292635771928;((x / _a2_) * (_a1_ + pow2(((x + _a0_) + _a0_))));{'d0': {'_a0_': 0.15596485383758388, '_a1_': 0.4283916275356527, '_a2_': 0.2961417866942983, '_a3_': 1.0, '_a4_': 1.0, '_a5_': 1.0, '_a6_': 1.0, '_a7_': 1.0}};{'d0': 0.024905832919416532};-280.569866449044;31.992297452593345
31184;-108.292635771928;((x / _a2_) * (_a1_ + pow2(((x + _a0_) + _a0_))));{'d0': {'_a0_': 0.15596485383758388, '_a1_': 0.4283916275356527, '_a2_': 0.2961417866942983, '_a3_': 1.0, '_a4_': 1.0, '_a5_': 1.0, '_a6_': 1.0, '_a7_': 1.0}};{'d0': 0.024905832919416532};-280.569866449044;31.992297452593345
31185;-108.292635771928;((x / _a2_) * (_a1_ + pow2(((x + _a0_) + _a0_))));{'d0': {'_a0_': 0.15596485383758388, '_a1_': 0.4283916275356527, '_a2_': 0.2961417866942983, '_a3_': 1.0, '_a4_': 1.0, '_a5_': 1.0, '_a6_': 1.0, '_a7_': 1.0}};{'d0': 0.024905832919416532};-280.569866449044;31.992297452593345
31186;-108.292635771928;((x / _a2_) * (_a1_ + pow2(((x + _a0_) + _a0_))));{'d0': {'_a0_': 0.15596485383758388, '_a1_': 0.4283916275356527, '_a2_': 0.2961417866942983, '_a3_': 1.0, '_a4_': 1.0, '_a5_': 1.0, '_a6_': 1.0, '_a7_': 1.0}};{'d0': 0.024905832919416532};-280.569866449044;31.992297452593345
31187;-108.292635771928;((x / _a2_) * (_a1_ + pow2(((x + _a0_) + _a0_))));{'d0': {'_a0_': 0.15596485383758388, '_a1_': 0.4283916275356527, '_a2_': 0.2961417866942983, '_a3_': 1.0, '_a4_': 1.0, '_a5_': 1.0, '_a6_': 1.0, '_a7_': 1.0}};{'d0': 0.024905832919416532};-280.569866449044;31.992297452593345
31188;-108.292635771928;((x / _a2_) * (_a1_ + pow2(((x + _a0_) + _a0_))));{'d0': {'_a0_': 0.15596485383758388, '_a1_': 0.4283916275356527, '_a2_': 0.2961417866942983, '_a3_': 1.0, '_a4_': 1.0, '_a5_': 1.0, '_a6_': 1.0, '_a7_': 1.0}};{'d0': 0.024905832919416532};-280.569866449044;31.992297452593345
31189;-108.292635771928;((x / _a2_) * (_a1_ + pow2(((x + _a0_) + _a0_))));{'d0': {'_a0_': 0.15596485383758388, '_a1_': 0.4283916275356527, '_a2_': 0.2961417866942983, '_a3_': 1.0, '_a4_': 1.0, '_a5_': 1.0, '_a6_': 1.0, '_a7_': 1.0}};{'d0': 0.024905832919416532};-280.569866449044;31.992297452593345
31190;-108.292635771928;((x / _a2_) * (_a1_ + pow2(((x + _a0_) + _a0_))));{'d0': {'_a0_': 0.15596485383758388, '_a1_': 0.4283916275356527, '_a2_': 0.2961417866942983, '_a3_': 1.0, '_a4_': 1.0, '_a5_': 1.0, '_a6_': 1.0, '_a7_': 1.0}};{'d0': 0.024905832919416532};-280.569866449044;31.992297452593345
31191;-108.292635771928;((x / _a2_) * (_a1_ + pow2(((x + _a0_) + _a0_))));{'d0': {'_a0_': 0.15596485383758388, '_a1_': 0.4283916275356527, '_a2_': 0.2961417866942983, '_a3_': 1.0, '_a4_': 1.0, '_a5_': 1.0, '_a6_': 1.0, '_a7_': 1.0}};{'d0': 0.024905832919416532};-280.569866449044;31.992297452593345
31192;-108.292635771928;((x / _a2_) * (_a1_ + pow2(((x + _a0_) + _a0_))));{'d0': {'_a0_': 0.15596485383758388, '_a1_': 0.4283916275356527, '_a2_': 0.2961417866942983, '_a3_': 1.0, '_a4_': 1.0, '_a5_': 1.0, '_a6_': 1.0, '_a7_': 1.0}};{'d0': 0.024905832919416532};-280.569866449044;31.992297452593345
31193;-108.292635771928;((x / _a2_) * (_a1_ + pow2(((x + _a0_) + _a0_))));{'d0': {'_a0_': 0.15596485383758388, '_a1_': 0.4283916275356527, '_a2_': 0.2961417866942983, '_a3_': 1.0, '_a4_': 1.0, '_a5_': 1.0, '_a6_': 1.0, '_a7_': 1.0}};{'d0': 0.024905832919416532};-280.569866449044;31.992297452593345
31194;-108.292635771928;((x / _a2_) * (_a1_ + pow2(((x + _a0_) + _a0_))));{'d0': {'_a0_': 0.15596485383758388, '_a1_': 0.4283916275356527, '_a2_': 0.2961417866942983, '_a3_': 1.0, '_a4_': 1.0, '_a5_': 1.0, '_a6_': 1.0, '_a7_': 1.0}};{'d0': 0.024905832919416532};-280.569866449044;31.992297452593345
31195;-108.292635771928;((x / _a2_) * (_a1_ + pow2(((x + _a0_) + _a0_))));{'d0': {'_a0_': 0.15596485383758388, '_a1_': 0.4283916275356527, '_a2_': 0.2961417866942983, '_a3_': 1.0, '_a4_': 1.0, '_a5_': 1.0, '_a6_': 1.0, '_a7_': 1.0}};{'d0': 0.024905832919416532};-280.569866449044;31.992297452593345
31196;-108.292635771928;((x / _a2_) * (_a1_ + pow2(((x + _a0_) + _a0_))));{'d0': {'_a0_': 0.15596485383758388, '_a1_': 0.4283916275356527, '_a2_': 0.2961417866942983, '_a3_': 1.0, '_a4_': 1.0, '_a5_': 1.0, '_a6_': 1.0, '_a7_': 1.0}};{'d0': 0.024905832919416532};-280.569866449044;31.992297452593345
31197;-108.292635771928;((x / _a2_) * (_a1_ + pow2(((x + _a0_) + _a0_))));{'d0': {'_a0_': 0.15596485383758388, '_a1_': 0.4283916275356527, '_a2_': 0.2961417866942983, '_a3_': 1.0, '_a4_': 1.0, '_a5_': 1.0, '_a6_': 1.0, '_a7_': 1.0}};{'d0': 0.024905832919416532};-280.569866449044;31.992297452593345
31198;-108.292635771928;((x / _a2_) * (_a1_ + pow2(((x + _a0_) + _a0_))));{'d0': {'_a0_': 0.15596485383758388, '_a1_': 0.4283916275356527, '_a2_': 0.2961417866942983, '_a3_': 1.0, '_a4_': 1.0, '_a5_': 1.0, '_a6_': 1.0, '_a7_': 1.0}};{'d0': 0.024905832919416532};-280.569866449044;31.992297452593345
31199;-100.324862441703;((x / _a2_) * (_a1_ + pow2((((x + _a5_) + _a0_) + _a0_))));{'d0': {'_a0_': -7.767311790705238, '_a1_': 0.42839164732810003, '_a2_': 0.2961417867479295, '_a5_': 15.84655328861172, '_a3_': 1.0, '_a4_': 1.0, '_a6_': 1.0, '_a7_': 1.0}};{'d0': 0.024905832919486715};-276.475521886653;37.912898501623346
31200;-100.324862441703;((x / _a2_) * (_a1_ + pow2((((x + _a5_) + _a0_) + _a0_))));{'d0': {'_a0_': -7.767311790705238, '_a1_': 0.42839164732810003, '_a2_': 0.2961417867479295, '_a5_': 15.84655328861172, '_a3_': 1.0, '_a4_': 1.0, '_a6_': 1.0, '_a7_': 1.0}};{'d0': 0.024905832919486715};-276.475521886653;37.912898501623346
31201;-100.324862441774;((x / _a2_) * (_a1_ + pow2((((x + _a5_) + _a2_) + _a0_))));{'d0': {'_a0_': -25.331992724567872, '_a1_': 0.4283916290555652, '_a2_': 0.29614178715932116, '_a5_': 25.34778065331408, '_a3_': 1.0, '_a4_': 1.0, '_a6_': 1.0, '_a7_': 1.0}};{'d0': 0.024905832919428078};-276.475521886794;37.912898501623346
31202;-100.324862441774;((x / _a2_) * (_a1_ + pow2((((x + _a5_) + _a2_) + _a0_))));{'d0': {'_a0_': -25.331992724567872, '_a1_': 0.4283916290555652, '_a2_': 0.29614178715932116, '_a5_': 25.34778065331408, '_a3_': 1.0, '_a4_': 1.0, '_a6_': 1.0, '_a7_': 1.0}};{'d0': 0.024905832919428078};-276.475521886794;37.912898501623346
31203;-100.324862441774;((x / _a2_) * (_a1_ + pow2((((x + _a5_) + _a2_) + _a0_))));{'d0': {'_a0_': -25.331992724567872, '_a1_': 0.4283916290555652, '_a2_': 0.29614178715932116, '_a5_': 25.34778065331408, '_a3_': 1.0, '_a4_': 1.0, '_a6_': 1.0, '_a7_': 1.0}};{'d0': 0.024905832919428078};-276.475521886794;37.912898501623346
31204;-94.4042613233366;((x / _a2_) * ((_a4_ + x) + pow2((((x + _a5_) + _a2_) + _a0_))));{'d0': {'_a0_': -2645.289520544295, '_a2_': 0.2961417866460527, '_a4_': 0.4903215432537305, '_a5_': 2644.8053082600272, '_a1_': 1.0, '_a3_': 1.0, '_a6_': 1.0, '_a7_': 1.0}};{'d0': 0.024905832977049278};-276.475521747980;43.83349955065334
31205;-94.4042613233366;((x / _a2_) * ((_a4_ + x) + pow2((((x + _a5_) + _a2_) + _a0_))));{'d0': {'_a0_': -2645.289520544295, '_a2_': 0.2961417866460527, '_a4_': 0.4903215432537305, '_a5_': 2644.8053082600272, '_a1_': 1.0, '_a3_': 1.0, '_a6_': 1.0, '_a7_': 1.0}};{'d0': 0.024905832977049278};-276.475521747980;43.83349955065334
31206;-94.4042613233366;((x / _a2_) * ((_a4_ + x) + pow2((((x + _a5_) + _a2_) + _a0_))));{'d0': {'_a0_': -2645.289520544295, '_a2_': 0.2961417866460527, '_a4_': 0.4903215432537305, '_a5_': 2644.8053082600272, '_a1_': 1.0, '_a3_': 1.0, '_a6_': 1.0, '_a7_': 1.0}};{'d0': 0.024905832977049278};-276.475521747980;43.83349955065334
31207;-94.4042612928729;((x / _a2_) * ((_a4_ + x) + pow2((((x + _a5_) + _a2_) + _a6_))));{'d0': {'_a2_': 0.2961417865100845, '_a4_': 0.4903199058161571, '_a5_': 14827.900147730244, '_a6_': -14828.384360332297, '_a0_': 1.0, '_a1_': 1.0, '_a3_': 1.0, '_a7_': 1.0}};{'d0': 0.0249058330023401};-276.475521687053;43.83349955065334
31208;-94.4042612928729;((x / _a2_) * ((_a4_ + x) + pow2((((x + _a5_) + _a2_) + _a6_))));{'d0': {'_a2_': 0.2961417865100845, '_a4_': 0.4903199058161571, '_a5_': 14827.900147730244, '_a6_': -14828.384360332297, '_a0_': 1.0, '_a1_': 1.0, '_a3_': 1.0, '_a7_': 1.0}};{'d0': 0.0249058330023401};-276.475521687053;43.83349955065334
31209;-94.4042612928729;((x / _a2_) * ((_a4_ + x) + pow2((((x + _a5_) + _a2_) + _a6_))));{'d0': {'_a2_': 0.2961417865100845, '_a4_': 0.4903199058161571, '_a5_': 14827.900147730244, '_a6_': -14828.384360332297, '_a0_': 1.0, '_a1_': 1.0, '_a3_': 1.0, '_a7_': 1.0}};{'d0': 0.0249058330023401};-276.475521687053;43.83349955065334
31210;-94.4042612928729;((x / _a2_) * ((_a4_ + x) + pow2((((x + _a5_) + _a2_) + _a6_))));{'d0': {'_a2_': 0.2961417865100845, '_a4_': 0.4903199058161571, '_a5_': 14827.900147730244, '_a6_': -14828.384360332297, '_a0_': 1.0, '_a1_': 1.0, '_a3_': 1.0, '_a7_': 1.0}};{'d0': 0.0249058330023401};-276.475521687053;43.83349955065334
31211;-94.4042612928729;((x / _a2_) * ((_a4_ + x) + pow2((((x + _a5_) + _a2_) + _a6_))));{'d0': {'_a2_': 0.2961417865100845, '_a4_': 0.4903199058161571, '_a5_': 14827.900147730244, '_a6_': -14828.384360332297, '_a0_': 1.0, '_a1_': 1.0, '_a3_': 1.0, '_a7_': 1.0}};{'d0': 0.0249058330023401};-276.475521687053;43.83349955065334
31212;-94.4042612928729;((x / _a2_) * ((_a4_ + x) + pow2((((x + _a5_) + _a2_) + _a6_))));{'d0': {'_a2_': 0.2961417865100845, '_a4_': 0.4903199058161571, '_a5_': 14827.900147730244, '_a6_': -14828.384360332297, '_a0_': 1.0, '_a1_': 1.0, '_a3_': 1.0, '_a7_': 1.0}};{'d0': 0.0249058330023401};-276.475521687053;43.83349955065334
31213;-94.4042612928729;((x / _a2_) * ((_a4_ + x) + pow2((((x + _a5_) + _a2_) + _a6_))));{'d0': {'_a2_': 0.2961417865100845, '_a4_': 0.4903199058161571, '_a5_': 14827.900147730244, '_a6_': -14828.384360332297, '_a0_': 1.0, '_a1_': 1.0, '_a3_': 1.0, '_a7_': 1.0}};{'d0': 0.0249058330023401};-276.475521687053;43.83349955065334
31214;-95.0207250098633;(x * (((-(_a2_) * x) * ((-(x) + _a6_) + -(_a0_))) + _a1_));{'d0': {'_a0_': 857.9287579485069, '_a1_': 1.775135403489876, '_a2_': 3.376760878524706, '_a6_': 857.3048988654672, '_a3_': 1.0, '_a4_': 1.0, '_a5_': 1.0, '_a7_': 1.0}};{'d0': 0.02490583293040413};-276.475521860352;43.21703592031251
31215;-95.0207250098633;(x * (((-(_a2_) * x) * ((-(x) + _a6_) + -(_a0_))) + _a1_));{'d0': {'_a0_': 857.9287579485069, '_a1_': 1.775135403489876, '_a2_': 3.376760878524706, '_a6_': 857.3048988654672, '_a3_': 1.0, '_a4_': 1.0, '_a5_': 1.0, '_a7_': 1.0}};{'d0': 0.02490583293040413};-276.475521860352;43.21703592031251
31216;-95.0207250098633;(x * (((-(_a2_) * x) * ((-(x) + _a6_) + -(_a0_))) + _a1_));{'d0': {'_a0_': 857.9287579485069, '_a1_': 1.775135403489876, '_a2_': 3.376760878524706, '_a6_': 857.3048988654672, '_a3_': 1.0, '_a4_': 1.0, '_a5_': 1.0, '_a7_': 1.0}};{'d0': 0.02490583293040413};-276.475521860352;43.21703592031251
31217;-95.0207250098633;(x * (((-(_a2_) * x) * ((-(x) + _a6_) + -(_a0_))) + _a1_));{'d0': {'_a0_': 857.9287579485069, '_a1_': 1.775135403489876, '_a2_': 3.376760878524706, '_a6_': 857.3048988654672, '_a3_': 1.0, '_a4_': 1.0, '_a5_': 1.0, '_a7_': 1.0}};{'d0': 0.02490583293040413};-276.475521860352;43.21703592031251
31218;-95.0207250098633;(x * (((-(_a2_) * x) * ((-(x) + _a6_) + -(_a0_))) + _a1_));{'d0': {'_a0_': 857.9287579485069, '_a1_': 1.775135403489876, '_a2_': 3.376760878524706, '_a6_': 857.3048988654672, '_a3_': 1.0, '_a4_': 1.0, '_a5_': 1.0, '_a7_': 1.0}};{'d0': 0.02490583293040413};-276.475521860352;43.21703592031251
31219;-95.0207250098633;(x * (((-(_a2_) * x) * ((-(x) + _a6_) + -(_a0_))) + _a1_));{'d0': {'_a0_': 857.9287579485069, '_a1_': 1.775135403489876, '_a2_': 3.376760878524706, '_a6_': 857.3048988654672, '_a3_': 1.0, '_a4_': 1.0, '_a5_': 1.0, '_a7_': 1.0}};{'d0': 0.02490583293040413};-276.475521860352;43.21703592031251
31220;-95.0207250098633;(x * (((-(_a2_) * x) * ((-(x) + _a6_) + -(_a0_))) + _a1_));{'d0': {'_a0_': 857.9287579485069, '_a1_': 1.775135403489876, '_a2_': 3.376760878524706, '_a6_': 857.3048988654672, '_a3_': 1.0, '_a4_': 1.0, '_a5_': 1.0, '_a7_': 1.0}};{'d0': 0.02490583293040413};-276.475521860352;43.21703592031251
31221;-95.0207250098633;(x * (((-(_a2_) * x) * ((-(x) + _a6_) + -(_a0_))) + _a1_));{'d0': {'_a0_': 857.9287579485069, '_a1_': 1.775135403489876, '_a2_': 3.376760878524706, '_a6_': 857.3048988654672, '_a3_': 1.0, '_a4_': 1.0, '_a5_': 1.0, '_a7_': 1.0}};{'d0': 0.02490583293040413};-276.475521860352;43.21703592031251
31222;-95.0207250098633;(x * (((-(_a2_) * x) * ((-(x) + _a6_) + -(_a0_))) + _a1_));{'d0': {'_a0_': 857.9287579485069, '_a1_': 1.775135403489876, '_a2_': 3.376760878524706, '_a6_': 857.3048988654672, '_a3_': 1.0, '_a4_': 1.0, '_a5_': 1.0, '_a7_': 1.0}};{'d0': 0.02490583293040413};-276.475521860352;43.21703592031251
31223;-95.0207250098633;(x * (((-(_a2_) * x) * ((-(x) + _a6_) + -(_a0_))) + _a1_));{'d0': {'_a0_': 857.9287579485069, '_a1_': 1.775135403489876, '_a2_': 3.376760878524706, '_a6_': 857.3048988654672, '_a3_': 1.0, '_a4_': 1.0, '_a5_': 1.0, '_a7_': 1.0}};{'d0': 0.02490583293040413};-276.475521860352;43.21703592031251
31224;-95.9919861460585;(x * (((-(_a2_) * x) * ((-(x) * _a6_) + -(_a0_))) + _a1_));{'d0': {'_a0_': 0.19214374735058476, '_a1_': 1.775135404048195, '_a2_': 10.96378938184962, '_a6_': 0.3079920612429554, '_a3_': 1.0, '_a4_': 1.0, '_a5_': 1.0, '_a7_': 1.0}};{'d0': 0.02490583291992531};-276.475521885596;42.24577479673951
31225;-95.9919861460585;(x * (((-(_a2_) * x) * ((-(x) * _a6_) + -(_a0_))) + _a1_));{'d0': {'_a0_': 0.19214374735058476, '_a1_': 1.775135404048195, '_a2_': 10.96378938184962, '_a6_': 0.3079920612429554, '_a3_': 1.0, '_a4_': 1.0, '_a5_': 1.0, '_a7_': 1.0}};{'d0': 0.02490583291992531};-276.475521885596;42.24577479673951
31226;-95.9919861460585;(x * (((-(_a2_) * x) * ((-(x) * _a6_) + -(_a0_))) + _a1_));{'d0': {'_a0_': 0.19214374735058476, '_a1_': 1.775135404048195, '_a2_': 10.96378938184962, '_a6_': 0.3079920612429554, '_a3_': 1.0, '_a4_': 1.0, '_a5_': 1.0, '_a7_': 1.0}};{'d0': 0.02490583291992531};-276.475521885596;42.24577479673951
31227;-95.9919861460585;(x * (((-(_a2_) * x) * ((-(x) * _a6_) + -(_a0_))) + _a1_));{'d0': {'_a0_': 0.19214374735058476, '_a1_': 1.775135404048195, '_a2_': 10.96378938184962, '_a6_': 0.3079920612429554, '_a3_': 1.0, '_a4_': 1.0, '_a5_': 1.0, '_a7_': 1.0}};{'d0': 0.02490583291992531};-276.475521885596;42.24577479673951
31228;-95.9919861460585;(x * (((-(_a2_) * x) * ((-(x) * _a6_) + -(_a0_))) + _a1_));{'d0': {'_a0_': 0.19214374735058476, '_a1_': 1.775135404048195, '_a2_': 10.96378938184962, '_a6_': 0.3079920612429554, '_a3_': 1.0, '_a4_': 1.0, '_a5_': 1.0, '_a7_': 1.0}};{'d0': 0.02490583291992531};-276.475521885596;42.24577479673951
31229;-93.7523424138167;(x * ((((_a1_ + _a7_) * x) * ((-(x) * _a6_) + -(_a0_))) + _a1_));{'d0': {'_a0_': 0.20767611718485687, '_a1_': 1.7751354043543792, '_a6_': 0.3328892888041663, '_a7_': -11.91893004076217, '_a2_': 1.0, '_a3_': 1.0, '_a4_': 1.0, '_a5_': 1.0}};{'d0': 0.024905832919488394};-276.475521886649;44.48541852950756
31230;-93.7523424138167;(x * ((((_a1_ + _a7_) * x) * ((-(x) * _a6_) + -(_a0_))) + _a1_));{'d0': {'_a0_': 0.20767611718485687, '_a1_': 1.7751354043543792, '_a6_': 0.3328892888041663, '_a7_': -11.91893004076217, '_a2_': 1.0, '_a3_': 1.0, '_a4_': 1.0, '_a5_': 1.0}};{'d0': 0.024905832919488394};-276.475521886649;44.48541852950756
31231;-93.7523424138167;(x * ((((_a1_ + _a7_) * x) * ((-(x) * _a6_) + -(_a0_))) + _a1_));{'d0': {'_a0_': 0.20767611718485687, '_a1_': 1.7751354043543792, '_a6_': 0.3328892888041663, '_a7_': -11.91893004076217, '_a2_': 1.0, '_a3_': 1.0, '_a4_': 1.0, '_a5_': 1.0}};{'d0': 0.024905832919488394};-276.475521886649;44.48541852950756
31232;-93.7523424138167;(x * ((((_a1_ + _a7_) * x) * ((-(x) * _a6_) + -(_a0_))) + _a1_));{'d0': {'_a0_': 0.20767611718485687, '_a1_': 1.7751354043543792, '_a6_': 0.3328892888041663, '_a7_': -11.91893004076217, '_a2_': 1.0, '_a3_': 1.0, '_a4_': 1.0, '_a5_': 1.0}};{'d0': 0.024905832919488394};-276.475521886649;44.48541852950756
31233;-89.8789136459841;(x * ((((_a1_ + _a7_) * x) * ((-(x) * _a6_) + -((_a1_ + _a1_)))) + _a1_));{'d0': {'_a1_': 1.775135404436791, '_a6_': 5.6908186678302375, '_a7_': -2.368505370329502, '_a0_': 1.0, '_a2_': 1.0, '_a3_': 1.0, '_a4_': 1.0, '_a5_': 1.0}};{'d0': 0.02490583291941667};-280.569866449043;50.40601957853756
31234;-89.9992229286117;(x * ((((_a1_ / _a7_) * x) * ((-(x) * _a6_) + -((_a1_ + _a1_)))) + _a1_));{'d0': {'_a1_': 1.7751354043758407, '_a6_': 5.690818668954334, '_a7_': -2.9916165415126073, '_a0_': 1.0, '_a2_': 1.0, '_a3_': 1.0, '_a4_': 1.0, '_a5_': 1.0}};{'d0': 0.0249058329194167};-280.569866449043;50.28571029590996
31235;-89.9992229286117;(x * ((((_a1_ / _a7_) * x) * ((-(x) * _a6_) + -((_a1_ + _a1_)))) + _a1_));{'d0': {'_a1_': 1.7751354043758407, '_a6_': 5.690818668954334, '_a7_': -2.9916165415126073, '_a0_': 1.0, '_a2_': 1.0, '_a3_': 1.0, '_a4_': 1.0, '_a5_': 1.0}};{'d0': 0.0249058329194167};-280.569866449043;50.28571029590996
31236;-89.9992229286117;(x * ((((_a1_ / _a7_) * x) * ((-(x) * _a6_) + -((_a1_ + _a1_)))) + _a1_));{'d0': {'_a1_': 1.7751354043758407, '_a6_': 5.690818668954334, '_a7_': -2.9916165415126073, '_a0_': 1.0, '_a2_': 1.0, '_a3_': 1.0, '_a4_': 1.0, '_a5_': 1.0}};{'d0': 0.0249058329194167};-280.569866449043;50.28571029590996
31237;-89.9992229286117;(x * ((((_a1_ / _a7_) * x) * ((-(x) * _a6_) + -((_a1_ + _a1_)))) + _a1_));{'d0': {'_a1_': 1.7751354043758407, '_a6_': 5.690818668954334, '_a7_': -2.9916165415126073, '_a0_': 1.0, '_a2_': 1.0, '_a3_': 1.0, '_a4_': 1.0, '_a5_': 1.0}};{'d0': 0.0249058329194167};-280.569866449043;50.28571029590996
31238;-96.5638554982404;((x / _a2_) * ((_a4_ * x) + pow2((((x * _a5_) + _a2_) + _a6_))));{'d0': {'_a2_': 0.7040871644903748, '_a4_': 4.930890208461613, '_a5_': 1.5419254352177505, '_a6_': -1.822054107298798, '_a0_': 1.0, '_a1_': 1.0, '_a3_': 1.0, '_a7_': 1.0}};{'d0': 0.02490583291993872};-276.475521885564;41.67390544454135
31239;-96.5638554982404;((x / _a2_) * ((_a4_ * x) + pow2((((x * _a5_) + _a2_) + _a6_))));{'d0': {'_a2_': 0.7040871644903748, '_a4_': 4.930890208461613, '_a5_': 1.5419254352177505, '_a6_': -1.822054107298798, '_a0_': 1.0, '_a1_': 1.0, '_a3_': 1.0, '_a7_': 1.0}};{'d0': 0.02490583291993872};-276.475521885564;41.67390544454135
31240;-98.6110277799803;((x / _a2_) * ((_a4_ * x) + pow2((((x * _a5_) + _a2_) + x))));{'d0': {'_a2_': 1.7751354039987295, '_a4_': -4.9526103547407905, '_a5_': 1.4483071268228298, '_a0_': 1.0, '_a1_': 1.0, '_a3_': 1.0, '_a6_': 1.0, '_a7_': 1.0}};{'d0': 0.024905832919416667};-280.569866449044;41.67390544454135
31241;-98.6110277799803;((x / _a2_) * ((_a4_ * x) + pow2((((x * _a5_) + _a2_) + x))));{'d0': {'_a2_': 1.7751354039987295, '_a4_': -4.9526103547407905, '_a5_': 1.4483071268228298, '_a0_': 1.0, '_a1_': 1.0, '_a3_': 1.0, '_a6_': 1.0, '_a7_': 1.0}};{'d0': 0.024905832919416667};-280.569866449044;41.67390544454135
31242;-98.6110277799803;((x / _a2_) * ((_a4_ * x) + pow2((((x * _a5_) + _a2_) + x))));{'d0': {'_a2_': 1.7751354039987295, '_a4_': -4.9526103547407905, '_a5_': 1.4483071268228298, '_a0_': 1.0, '_a1_': 1.0, '_a3_': 1.0, '_a6_': 1.0, '_a7_': 1.0}};{'d0': 0.024905832919416667};-280.569866449044;41.67390544454135
31243;-98.6110277799803;((x / _a2_) * ((_a4_ * x) + pow2((((x * _a5_) + _a2_) + x))));{'d0': {'_a2_': 1.7751354039987295, '_a4_': -4.9526103547407905, '_a5_': 1.4483071268228298, '_a0_': 1.0, '_a1_': 1.0, '_a3_': 1.0, '_a6_': 1.0, '_a7_': 1.0}};{'d0': 0.024905832919416667};-280.569866449044;41.67390544454135
31244;-98.6110277799803;((x / _a2_) * ((_a4_ * x) + pow2((((x * _a5_) + _a2_) + x))));{'d0': {'_a2_': 1.7751354039987295, '_a4_': -4.9526103547407905, '_a5_': 1.4483071268228298, '_a0_': 1.0, '_a1_': 1.0, '_a3_': 1.0, '_a6_': 1.0, '_a7_': 1.0}};{'d0': 0.024905832919416667};-280.569866449044;41.67390544454135
31245;-98.6110277799803;((x / _a2_) * ((_a4_ * x) + pow2((((x * _a5_) + _a2_) + x))));{'d0': {'_a2_': 1.7751354039987295, '_a4_': -4.9526103547407905, '_a5_': 1.4483071268228298, '_a0_': 1.0, '_a1_': 1.0, '_a3_': 1.0, '_a6_': 1.0, '_a7_': 1.0}};{'d0': 0.024905832919416667};-280.569866449044;41.67390544454135
31246;-98.6110277799803;((x / _a2_) * ((_a4_ * x) + pow2((((x * _a5_) + _a2_) + x))));{'d0': {'_a2_': 1.7751354039987295, '_a4_': -4.9526103547407905, '_a5_': 1.4483071268228298, '_a0_': 1.0, '_a1_': 1.0, '_a3_': 1.0, '_a6_': 1.0, '_a7_': 1.0}};{'d0': 0.024905832919416667};-280.569866449044;41.67390544454135
31247;-98.6110277799803;((x / _a2_) * ((_a4_ * x) + pow2((((x * _a0_) + _a2_) + x))));{'d0': {'_a0_': 1.4483071271032915, '_a2_': 1.7751354038911147, '_a4_': -4.952610354112819, '_a1_': 1.0, '_a3_': 1.0, '_a5_': 1.0, '_a6_': 1.0, '_a7_': 1.0}};{'d0': 0.024905832919416643};-280.569866449044;41.67390544454135
31248;-96.5638554921579;((x / _a2_) * ((_a4_ * x) + pow2((((x * _a0_) + _a5_) + x))));{'d0': {'_a0_': 2.546469837045214, '_a2_': 3.724706308913759, '_a4_': -10.391894030363002, '_a5_': 2.571353936325781, '_a1_': 1.0, '_a3_': 1.0, '_a6_': 1.0, '_a7_': 1.0}};{'d0': 0.024905832924988425};-276.475521873399;41.67390544454135
31249;-96.5638554921579;((x / _a2_) * ((_a4_ * x) + pow2((((x * _a0_) + _a5_) + x))));{'d0': {'_a0_': 2.546469837045214, '_a2_': 3.724706308913759, '_a4_': -10.391894030363002, '_a5_': 2.571353936325781, '_a1_': 1.0, '_a3_': 1.0, '_a6_': 1.0, '_a7_': 1.0}};{'d0': 0.024905832924988425};-276.475521873399;41.67390544454135
31250;-96.5638554921579;((x / _a2_) * ((_a4_ * x) + pow2((((x * _a0_) + _a5_) + x))));{'d0': {'_a0_': 2.546469837045214, '_a2_': 3.724706308913759, '_a4_': -10.391894030363002, '_a5_': 2.571353936325781, '_a1_': 1.0, '_a3_': 1.0, '_a6_': 1.0, '_a7_': 1.0}};{'d0': 0.024905832924988425};-276.475521873399;41.67390544454135
31251;-96.5638554921579;((x / _a2_) * ((_a4_ * x) + pow2((((x * _a0_) + _a5_) + x))));{'d0': {'_a0_': 2.546469837045214, '_a2_': 3.724706308913759, '_a4_': -10.391894030363002, '_a5_': 2.571353936325781, '_a1_': 1.0, '_a3_': 1.0, '_a6_': 1.0, '_a7_': 1.0}};{'d0': 0.024905832924988425};-276.475521873399;41.67390544454135
31252;-96.5638554921579;((x / _a2_) * ((_a4_ * x) + pow2((((x * _a0_) + _a5_) + x))));{'d0': {'_a0_': 2.546469837045214, '_a2_': 3.724706308913759, '_a4_': -10.391894030363002, '_a5_': 2.571353936325781, '_a1_': 1.0, '_a3_': 1.0, '_a6_': 1.0, '_a7_': 1.0}};{'d0': 0.024905832924988425};-276.475521873399;41.67390544454135
31253;-96.5638554921579;((x / _a2_) * ((_a4_ * x) + pow2((((x * _a0_) + _a5_) + x))));{'d0': {'_a0_': 2.546469837045214, '_a2_': 3.724706308913759, '_a4_': -10.391894030363002, '_a5_': 2.571353936325781, '_a1_': 1.0, '_a3_': 1.0, '_a6_': 1.0, '_a7_': 1.0}};{'d0': 0.024905832924988425};-276.475521873399;41.67390544454135
31254;-96.5638554921579;((x / _a2_) * ((_a4_ * x) + pow2((((x * _a0_) + _a5_) + x))));{'d0': {'_a0_': 2.546469837045214, '_a2_': 3.724706308913759, '_a4_': -10.391894030363002, '_a5_': 2.571353936325781, '_a1_': 1.0, '_a3_': 1.0, '_a6_': 1.0, '_a7_': 1.0}};{'d0': 0.024905832924988425};-276.475521873399;41.67390544454135
31255;-96.5638554921579;((x / _a2_) * ((_a4_ * x) + pow2((((x * _a0_) + _a5_) + x))));{'d0': {'_a0_': 2.546469837045214, '_a2_': 3.724706308913759, '_a4_': -10.391894030363002, '_a5_': 2.571353936325781, '_a1_': 1.0, '_a3_': 1.0, '_a6_': 1.0, '_a7_': 1.0}};{'d0': 0.024905832924988425};-276.475521873399;41.67390544454135
31256;-96.5638554921579;((x / _a2_) * ((_a4_ * x) + pow2((((x * _a0_) + _a5_) + x))));{'d0': {'_a0_': 2.546469837045214, '_a2_': 3.724706308913759, '_a4_': -10.391894030363002, '_a5_': 2.571353936325781, '_a1_': 1.0, '_a3_': 1.0, '_a6_': 1.0, '_a7_': 1.0}};{'d0': 0.024905832924988425};-276.475521873399;41.67390544454135
31257;-96.5638554921579;((x / _a2_) * ((_a4_ * x) + pow2((((x * _a0_) + _a5_) + x))));{'d0': {'_a0_': 2.546469837045214, '_a2_': 3.724706308913759, '_a4_': -10.391894030363002, '_a5_': 2.571353936325781, '_a1_': 1.0, '_a3_': 1.0, '_a6_': 1.0, '_a7_': 1.0}};{'d0': 0.024905832924988425};-276.475521873399;41.67390544454135
31258;-96.5638554921579;((x / _a2_) * ((_a4_ * x) + pow2((((x * _a0_) + _a5_) + x))));{'d0': {'_a0_': 2.546469837045214, '_a2_': 3.724706308913759, '_a4_': -10.391894030363002, '_a5_': 2.571353936325781, '_a1_': 1.0, '_a3_': 1.0, '_a6_': 1.0, '_a7_': 1.0}};{'d0': 0.024905832924988425};-276.475521873399;41.67390544454135
31259;-96.5638554921579;((x / _a2_) * ((_a4_ * x) + pow2((((x * _a0_) + _a5_) + x))));{'d0': {'_a0_': 2.546469837045214, '_a2_': 3.724706308913759, '_a4_': -10.391894030363002, '_a5_': 2.571353936325781, '_a1_': 1.0, '_a3_': 1.0, '_a6_': 1.0, '_a7_': 1.0}};{'d0': 0.024905832924988425};-276.475521873399;41.67390544454135
31260;-96.5638554921579;((x / _a2_) * ((_a4_ * x) + pow2((((x * _a0_) + _a5_) + x))));{'d0': {'_a0_': 2.546469837045214, '_a2_': 3.724706308913759, '_a4_': -10.391894030363002, '_a5_': 2.571353936325781, '_a1_': 1.0, '_a3_': 1.0, '_a6_': 1.0, '_a7_': 1.0}};{'d0': 0.024905832924988425};-276.475521873399;41.67390544454135
31261;-96.5638554907411;((x / _a2_) * ((_a4_ * x) + pow2((((x * _a7_) + _a5_) + x))));{'d0': {'_a2_': 10.871818498326416, '_a4_': -30.33226693945128, '_a5_': 4.393058120854525, '_a7_': 5.059005684643259, '_a0_': 1.0, '_a1_': 1.0, '_a3_': 1.0, '_a6_': 1.0}};{'d0': 0.02490583292616461};-276.475521870565;41.67390544454135
31262;-104.411319546383;(x * ((_a4_ * x) + pow2((((x * _a7_) + _a5_) + x))));{'d0': {'_a4_': -2.789990185538308, '_a5_': 1.3323420748281496, '_a7_': 0.8375964948988979, '_a0_': 1.0, '_a1_': 1.0, '_a2_': 1.0, '_a3_': 1.0, '_a6_': 1.0}};{'d0': 0.02490583291941665};-280.569866449044;35.873613678138945
31263;-104.411319546383;(x * ((_a4_ * x) + pow2((((x * _a7_) + _a5_) + x))));{'d0': {'_a4_': -2.789990185538308, '_a5_': 1.3323420748281496, '_a7_': 0.8375964948988979, '_a0_': 1.0, '_a1_': 1.0, '_a2_': 1.0, '_a3_': 1.0, '_a6_': 1.0}};{'d0': 0.02490583291941665};-280.569866449044;35.873613678138945
31264;-104.411319546383;(x * ((_a4_ * x) + pow2((((x * _a7_) + _a5_) + x))));{'d0': {'_a4_': -2.789990185538308, '_a5_': 1.3323420748281496, '_a7_': 0.8375964948988979, '_a0_': 1.0, '_a1_': 1.0, '_a2_': 1.0, '_a3_': 1.0, '_a6_': 1.0}};{'d0': 0.02490583291941665};-280.569866449044;35.873613678138945
31265;-93.6616878545236;((x * _a5_) + (x * (_a4_ * pow2(((_a5_ * (_a3_ / _a5_)) + (_a3_ + x))))));{'d0': {'_a3_': 0.1559648539106379, '_a4_': 3.376760877645753, '_a5_': 1.4465760895660524, '_a0_': 1.0, '_a1_': 1.0, '_a2_': 1.0, '_a6_': 1.0, '_a7_': 1.0}};{'d0': 0.02490583291941662};-280.569866449044;46.623245369998315
31266;-93.6616878545236;((x * _a5_) + (x * (_a4_ * pow2(((_a5_ * (_a3_ / _a5_)) + (_a3_ + x))))));{'d0': {'_a3_': 0.1559648539106379, '_a4_': 3.376760877645753, '_a5_': 1.4465760895660524, '_a0_': 1.0, '_a1_': 1.0, '_a2_': 1.0, '_a6_': 1.0, '_a7_': 1.0}};{'d0': 0.02490583291941662};-280.569866449044;46.623245369998315
31267;-93.6616878545236;((x * _a5_) + (x * (_a4_ * pow2(((_a5_ * (_a3_ / _a5_)) + (_a3_ + x))))));{'d0': {'_a3_': 0.1559648539106379, '_a4_': 3.376760877645753, '_a5_': 1.4465760895660524, '_a0_': 1.0, '_a1_': 1.0, '_a2_': 1.0, '_a6_': 1.0, '_a7_': 1.0}};{'d0': 0.02490583291941662};-280.569866449044;46.623245369998315
31268;-94.4402824091470;((x * _a5_) + (x * (_a4_ * pow2(((_a5_ * (_a3_ * _a5_)) + (_a3_ + x))))));{'d0': {'_a3_': 0.1008638314179328, '_a4_': 3.376760881251173, '_a5_': 1.446576088467878, '_a0_': 1.0, '_a1_': 1.0, '_a2_': 1.0, '_a6_': 1.0, '_a7_': 1.0}};{'d0': 0.02490583291941665};-280.569866449044;45.84465081537492
31269;-90.7603352488867;((x * _a5_) + (-(x) * (_a4_ * pow2(((_a5_ * (_a3_ * _a5_)) + (_a3_ + x))))));{'d0': {'_a3_': 0.1008638313318272, '_a4_': -3.3767608780364005, '_a5_': 1.4465760893531672, '_a0_': 1.0, '_a1_': 1.0, '_a2_': 1.0, '_a6_': 1.0, '_a7_': 1.0}};{'d0': 0.02490583291941658};-280.569866449044;49.52459797563531
31270;-90.7603352488867;((x * _a5_) + (-(x) * (_a4_ * pow2(((_a5_ * (_a3_ * _a5_)) + (_a3_ + x))))));{'d0': {'_a3_': 0.1008638313318272, '_a4_': -3.3767608780364005, '_a5_': 1.4465760893531672, '_a0_': 1.0, '_a1_': 1.0, '_a2_': 1.0, '_a6_': 1.0, '_a7_': 1.0}};{'d0': 0.02490583291941658};-280.569866449044;49.52459797563531
31271;-90.7603352488867;((x * _a5_) + (-(x) * (_a4_ * pow2(((_a5_ * (_a3_ * _a5_)) + (_a3_ + x))))));{'d0': {'_a3_': 0.1008638313318272, '_a4_': -3.3767608780364005, '_a5_': 1.4465760893531672, '_a0_': 1.0, '_a1_': 1.0, '_a2_': 1.0, '_a6_': 1.0, '_a7_': 1.0}};{'d0': 0.02490583291941658};-280.569866449044;49.52459797563531
31272;-90.7603352488867;((x * _a5_) + (-(x) * (_a4_ * pow2(((_a5_ * (_a3_ * _a5_)) + (_a3_ + x))))));{'d0': {'_a3_': 0.1008638313318272, '_a4_': -3.3767608780364005, '_a5_': 1.4465760893531672, '_a0_': 1.0, '_a1_': 1.0, '_a2_': 1.0, '_a6_': 1.0, '_a7_': 1.0}};{'d0': 0.02490583291941658};-280.569866449044;49.52459797563531
31273;-90.7603352488867;((x * _a5_) + (-(x) * (_a4_ * pow2(((_a5_ * (_a3_ * _a5_)) + (_a3_ + x))))));{'d0': {'_a3_': 0.1008638313318272, '_a4_': -3.3767608780364005, '_a5_': 1.4465760893531672, '_a0_': 1.0, '_a1_': 1.0, '_a2_': 1.0, '_a6_': 1.0, '_a7_': 1.0}};{'d0': 0.02490583291941658};-280.569866449044;49.52459797563531
31274;-88.7131629677754;((x * _a5_) + (-(x) * (_a4_ * pow2(((_a5_ * (_a3_ * _a5_)) + (_a0_ + x))))));{'d0': {'_a0_': 0.9087739367509968, '_a3_': -0.2852189885309174, '_a4_': -3.3767608825659177, '_a5_': 1.4465760867462887, '_a1_': 1.0, '_a2_': 1.0, '_a6_': 1.0, '_a7_': 1.0}};{'d0': 0.02490583291941678};-276.475521886821;49.52459797563531
31275;-88.7131629677754;((x * _a5_) + (-(x) * (_a4_ * pow2(((_a5_ * (_a3_ * _a5_)) + (_a0_ + x))))));{'d0': {'_a0_': 0.9087739367509968, '_a3_': -0.2852189885309174, '_a4_': -3.3767608825659177, '_a5_': 1.4465760867462887, '_a1_': 1.0, '_a2_': 1.0, '_a6_': 1.0, '_a7_': 1.0}};{'d0': 0.02490583291941678};-276.475521886821;49.52459797563531
31276;-88.7131629677754;((x * _a5_) + (-(x) * (_a4_ * pow2(((_a5_ * (_a3_ * _a5_)) + (_a0_ + x))))));{'d0': {'_a0_': 0.9087739367509968, '_a3_': -0.2852189885309174, '_a4_': -3.3767608825659177, '_a5_': 1.4465760867462887, '_a1_': 1.0, '_a2_': 1.0, '_a6_': 1.0, '_a7_': 1.0}};{'d0': 0.02490583291941678};-276.475521886821;49.52459797563531
31277;-83.6191084693310;((x * _a5_) + (-(x) * (_a4_ * pow2(((_a5_ * (_a3_ * (_a0_ * _a4_))) + (_a0_ + x))))));{'d0': {'_a0_': 0.29607769065873474, '_a3_': -0.010960646655161999, '_a4_': -3.376760876134124, '_a5_': 1.446576089717243, '_a1_': 1.0, '_a2_': 1.0, '_a6_': 1.0, '_a7_': 1.0}};{'d0': 0.02490583291970188};-276.475521886134;54.61865247373631
31278;-85.6662807507856;((x * _a5_) + (-(x) * (_a4_ * pow2(((_a5_ * (_a5_ * (_a0_ * _a4_))) + (_a0_ + x))))));{'d0': {'_a0_': -0.05142136134552841, '_a4_': -3.376760877369443, '_a5_': 1.446576089701321, '_a1_': 1.0, '_a2_': 1.0, '_a3_': 1.0, '_a6_': 1.0, '_a7_': 1.0}};{'d0': 0.024905832919416643};-280.569866449044;54.61865247373631
31279;-85.6662807507856;((x * _a5_) + (-(x) * (_a4_ * pow2(((_a5_ * (_a5_ * (_a0_ * _a4_))) + (_a0_ + x))))));{'d0': {'_a0_': -0.05142136134552841, '_a4_': -3.376760877369443, '_a5_': 1.446576089701321, '_a1_': 1.0, '_a2_': 1.0, '_a3_': 1.0, '_a6_': 1.0, '_a7_': 1.0}};{'d0': 0.024905832919416643};-280.569866449044;54.61865247373631
31280;-85.6662807507856;((x * _a5_) + (-(x) * (_a4_ * pow2(((_a5_ * (_a5_ * (_a0_ * _a4_))) + (_a0_ + x))))));{'d0': {'_a0_': -0.05142136134552841, '_a4_': -3.376760877369443, '_a5_': 1.446576089701321, '_a1_': 1.0, '_a2_': 1.0, '_a3_': 1.0, '_a6_': 1.0, '_a7_': 1.0}};{'d0': 0.024905832919416643};-280.569866449044;54.61865247373631
31281;-85.6662807507856;((x * _a5_) + (-(x) * (_a4_ * pow2(((_a5_ * (_a5_ * (_a0_ * _a4_))) + (_a0_ + x))))));{'d0': {'_a0_': -0.05142136134552841, '_a4_': -3.376760877369443, '_a5_': 1.446576089701321, '_a1_': 1.0, '_a2_': 1.0, '_a3_': 1.0, '_a6_': 1.0, '_a7_': 1.0}};{'d0': 0.024905832919416643};-280.569866449044;54.61865247373631
31282;-85.6662807507856;((x * _a5_) + (-(x) * (_a4_ * pow2(((_a5_ * (_a5_ * (_a0_ * _a4_))) + (_a0_ + x))))));{'d0': {'_a0_': -0.05142136134552841, '_a4_': -3.376760877369443, '_a5_': 1.446576089701321, '_a1_': 1.0, '_a2_': 1.0, '_a3_': 1.0, '_a6_': 1.0, '_a7_': 1.0}};{'d0': 0.024905832919416643};-280.569866449044;54.61865247373631
31283;-85.6662807507856;((x * _a5_) + (-(x) * (_a4_ * pow2(((_a5_ * (_a5_ * (_a0_ * _a4_))) + (_a0_ + x))))));{'d0': {'_a0_': -0.05142136134552841, '_a4_': -3.376760877369443, '_a5_': 1.446576089701321, '_a1_': 1.0, '_a2_': 1.0, '_a3_': 1.0, '_a6_': 1.0, '_a7_': 1.0}};{'d0': 0.024905832919416643};-280.569866449044;54.61865247373631
31284;-90.7603352488865;((x * _a5_) + (-(x) * (_a4_ * pow2(((_a5_ * (_a5_ * x)) + (_a0_ + x))))));{'d0': {'_a0_': 0.964668319981774, '_a4_': -0.35306750741368137, '_a5_': 1.44657609033798, '_a1_': 1.0, '_a2_': 1.0, '_a3_': 1.0, '_a6_': 1.0, '_a7_': 1.0}};{'d0': 0.024905832919416688};-280.569866449043;49.52459797563531
31285;-90.7603352488865;((x * _a5_) + (-(x) * (_a4_ * pow2(((_a5_ * (_a5_ * x)) + (_a0_ + x))))));{'d0': {'_a0_': 0.964668319981774, '_a4_': -0.35306750741368137, '_a5_': 1.44657609033798, '_a1_': 1.0, '_a2_': 1.0, '_a3_': 1.0, '_a6_': 1.0, '_a7_': 1.0}};{'d0': 0.024905832919416688};-280.569866449043;49.52459797563531
31286;-104.411319546383;(x * ((_a4_ * x) + pow2((((x * _a7_) + _a5_) + x))));{'d0': {'_a4_': -2.789990185538308, '_a5_': 1.3323420748281496, '_a7_': 0.8375964948988979, '_a0_': 1.0, '_a1_': 1.0, '_a2_': 1.0, '_a3_': 1.0, '_a6_': 1.0}};{'d0': 0.02490583291941665};-280.569866449044;35.87361367813895
31287;-104.411319546383;(x * ((_a4_ * x) + pow2((((x * _a7_) + _a5_) + x))));{'d0': {'_a4_': -2.789990185538308, '_a5_': 1.3323420748281496, '_a7_': 0.8375964948988979, '_a0_': 1.0, '_a1_': 1.0, '_a2_': 1.0, '_a3_': 1.0, '_a6_': 1.0}};{'d0': 0.02490583291941665};-280.569866449044;35.87361367813895
31288;-104.411319546383;(x * ((_a4_ * x) + pow2((((x * _a7_) + _a5_) + x))));{'d0': {'_a4_': -2.789990185538308, '_a5_': 1.3323420748281496, '_a7_': 0.8375964948988979, '_a0_': 1.0, '_a1_': 1.0, '_a2_': 1.0, '_a3_': 1.0, '_a6_': 1.0}};{'d0': 0.02490583291941665};-280.569866449044;35.87361367813895
31289;-104.411319546383;(x * ((_a4_ * x) + pow2((((x * _a7_) + _a5_) + x))));{'d0': {'_a4_': -2.789990185538308, '_a5_': 1.3323420748281496, '_a7_': 0.8375964948988979, '_a0_': 1.0, '_a1_': 1.0, '_a2_': 1.0, '_a3_': 1.0, '_a6_': 1.0}};{'d0': 0.02490583291941665};-280.569866449044;35.87361367813895
31290;-104.411319546383;(x * ((_a4_ * x) + pow2((((x * _a7_) + _a5_) + x))));{'d0': {'_a4_': -2.789990185538308, '_a5_': 1.3323420748281496, '_a7_': 0.8375964948988979, '_a0_': 1.0, '_a1_': 1.0, '_a2_': 1.0, '_a3_': 1.0, '_a6_': 1.0}};{'d0': 0.02490583291941665};-280.569866449044;35.87361367813895
31291;-104.411319546383;(x * ((_a4_ * x) + pow2((((x * _a7_) + _a5_) + x))));{'d0': {'_a4_': -2.789990185538308, '_a5_': 1.3323420748281496, '_a7_': 0.8375964948988979, '_a0_': 1.0, '_a1_': 1.0, '_a2_': 1.0, '_a3_': 1.0, '_a6_': 1.0}};{'d0': 0.02490583291941665};-280.569866449044;35.87361367813895
31292;-90.7603352488865;((x * _a5_) + (-(x) * (_a4_ * pow2(((_a5_ * (_a5_ * x)) + (_a0_ + x))))));{'d0': {'_a0_': 0.964668319981774, '_a4_': -0.35306750741368137, '_a5_': 1.44657609033798, '_a1_': 1.0, '_a2_': 1.0, '_a3_': 1.0, '_a6_': 1.0, '_a7_': 1.0}};{'d0': 0.024905832919416688};-280.569866449043;49.52459797563531
31293;-90.7603352488865;((x * _a5_) + (-(x) * (_a4_ * pow2(((_a5_ * (_a5_ * x)) + (_a0_ + x))))));{'d0': {'_a0_': 0.964668319981774, '_a4_': -0.35306750741368137, '_a5_': 1.44657609033798, '_a1_': 1.0, '_a2_': 1.0, '_a3_': 1.0, '_a6_': 1.0, '_a7_': 1.0}};{'d0': 0.024905832919416688};-280.569866449043;49.52459797563531
31294;-90.7603352488865;((x * _a5_) + (-(x) * (_a4_ * pow2(((_a5_ * (_a5_ * x)) + (_a0_ + x))))));{'d0': {'_a0_': 0.964668319981774, '_a4_': -0.35306750741368137, '_a5_': 1.44657609033798, '_a1_': 1.0, '_a2_': 1.0, '_a3_': 1.0, '_a6_': 1.0, '_a7_': 1.0}};{'d0': 0.024905832919416688};-280.569866449043;49.52459797563531
31295;-90.7603352488865;((x * _a5_) + (-(x) * (_a4_ * pow2(((_a5_ * (_a5_ * x)) + (_a0_ + x))))));{'d0': {'_a0_': 0.964668319981774, '_a4_': -0.35306750741368137, '_a5_': 1.44657609033798, '_a1_': 1.0, '_a2_': 1.0, '_a3_': 1.0, '_a6_': 1.0, '_a7_': 1.0}};{'d0': 0.024905832919416688};-280.569866449043;49.52459797563531
31296;-90.7603352488865;((x * _a5_) + (-(x) * (_a4_ * pow2(((_a5_ * (_a5_ * x)) + (_a0_ + x))))));{'d0': {'_a0_': 0.964668319981774, '_a4_': -0.35306750741368137, '_a5_': 1.44657609033798, '_a1_': 1.0, '_a2_': 1.0, '_a3_': 1.0, '_a6_': 1.0, '_a7_': 1.0}};{'d0': 0.024905832919416688};-280.569866449043;49.52459797563531
31297;-90.7603352488865;((x * _a5_) + (-(x) * (_a4_ * pow2(((_a5_ * (_a5_ * x)) + (_a0_ + x))))));{'d0': {'_a0_': 0.964668319981774, '_a4_': -0.35306750741368137, '_a5_': 1.44657609033798, '_a1_': 1.0, '_a2_': 1.0, '_a3_': 1.0, '_a6_': 1.0, '_a7_': 1.0}};{'d0': 0.024905832919416688};-280.569866449043;49.52459797563531
31298;-90.7603352488865;((x * _a5_) + (-(x) * (_a4_ * pow2(((_a5_ * (_a5_ * x)) + (_a0_ + x))))));{'d0': {'_a0_': 0.964668319981774, '_a4_': -0.35306750741368137, '_a5_': 1.44657609033798, '_a1_': 1.0, '_a2_': 1.0, '_a3_': 1.0, '_a6_': 1.0, '_a7_': 1.0}};{'d0': 0.024905832919416688};-280.569866449043;49.52459797563531
31299;-90.7603352488865;((x * _a5_) + (-(x) * (_a4_ * pow2(((_a5_ * (_a5_ * x)) + (_a0_ + x))))));{'d0': {'_a0_': 0.964668319981774, '_a4_': -0.35306750741368137, '_a5_': 1.44657609033798, '_a1_': 1.0, '_a2_': 1.0, '_a3_': 1.0, '_a6_': 1.0, '_a7_': 1.0}};{'d0': 0.024905832919416688};-280.569866449043;49.52459797563531
31300;-90.7603352488865;((x * _a5_) + (-(x) * (_a4_ * pow2(((_a5_ * (_a5_ * x)) + (_a0_ + x))))));{'d0': {'_a0_': 0.964668319981774, '_a4_': -0.35306750741368137, '_a5_': 1.44657609033798, '_a1_': 1.0, '_a2_': 1.0, '_a3_': 1.0, '_a6_': 1.0, '_a7_': 1.0}};{'d0': 0.024905832919416688};-280.569866449043;49.52459797563531
31301;-90.7603352488865;((x * _a5_) + (-(x) * (_a4_ * pow2(((_a5_ * (_a5_ * x)) + (_a0_ + x))))));{'d0': {'_a0_': 0.964668319981774, '_a4_': -0.35306750741368137, '_a5_': 1.44657609033798, '_a1_': 1.0, '_a2_': 1.0, '_a3_': 1.0, '_a6_': 1.0, '_a7_': 1.0}};{'d0': 0.024905832919416688};-280.569866449043;49.52459797563531
31302;-90.7603352488865;((x * _a5_) + (-(x) * (_a4_ * pow2(((_a5_ * (_a5_ * x)) + (_a0_ + x))))));{'d0': {'_a0_': 0.964668319981774, '_a4_': -0.35306750741368137, '_a5_': 1.44657609033798, '_a1_': 1.0, '_a2_': 1.0, '_a3_': 1.0, '_a6_': 1.0, '_a7_': 1.0}};{'d0': 0.024905832919416688};-280.569866449043;49.52459797563531
31303;-87.0798830106254;((x * -(_a4_)) + (-(x) * (_a4_ * pow2(((_a5_ * (_a5_ * x)) + (_a0_ + x))))));{'d0': {'_a0_': 0.4765804809214762, '_a4_': -1.4465760890669344, '_a5_': 0.7265299430579265, '_a1_': 1.0, '_a2_': 1.0, '_a3_': 1.0, '_a6_': 1.0, '_a7_': 1.0}};{'d0': 0.02490583291941663};-280.569866449044;53.20505021389648
31304;-87.0798830106254;((x * -(_a4_)) + (-(x) * (_a4_ * pow2(((_a5_ * (_a5_ * x)) + (_a0_ + x))))));{'d0': {'_a0_': 0.4765804809214762, '_a4_': -1.4465760890669344, '_a5_': 0.7265299430579265, '_a1_': 1.0, '_a2_': 1.0, '_a3_': 1.0, '_a6_': 1.0, '_a7_': 1.0}};{'d0': 0.02490583291941663};-280.569866449044;53.20505021389648
31305;-87.0798830106254;((x * -(_a4_)) + (-(x) * (_a4_ * pow2(((_a5_ * (_a5_ * x)) + (_a0_ + x))))));{'d0': {'_a0_': 0.4765804809214762, '_a4_': -1.4465760890669344, '_a5_': 0.7265299430579265, '_a1_': 1.0, '_a2_': 1.0, '_a3_': 1.0, '_a6_': 1.0, '_a7_': 1.0}};{'d0': 0.02490583291941663};-280.569866449044;53.20505021389648
31306;-87.0798830106254;((x * -(_a4_)) + (-(x) * (_a4_ * pow2(((_a5_ * (_a5_ * x)) + (_a0_ + x))))));{'d0': {'_a0_': 0.4765804809214762, '_a4_': -1.4465760890669344, '_a5_': 0.7265299430579265, '_a1_': 1.0, '_a2_': 1.0, '_a3_': 1.0, '_a6_': 1.0, '_a7_': 1.0}};{'d0': 0.02490583291941663};-280.569866449044;53.20505021389648
31307;-87.0798830106254;((x * -(_a4_)) + (-(x) * (_a4_ * pow2(((_a5_ * (_a5_ * x)) + (_a0_ + x))))));{'d0': {'_a0_': 0.4765804809214762, '_a4_': -1.4465760890669344, '_a5_': 0.7265299430579265, '_a1_': 1.0, '_a2_': 1.0, '_a3_': 1.0, '_a6_': 1.0, '_a7_': 1.0}};{'d0': 0.02490583291941663};-280.569866449044;53.20505021389648
31308;-87.0798830106254;((x * -(_a4_)) + (-(x) * (_a4_ * pow2(((_a5_ * (_a5_ * x)) + (_a0_ + x))))));{'d0': {'_a0_': 0.4765804809214762, '_a4_': -1.4465760890669344, '_a5_': 0.7265299430579265, '_a1_': 1.0, '_a2_': 1.0, '_a3_': 1.0, '_a6_': 1.0, '_a7_': 1.0}};{'d0': 0.02490583291941663};-280.569866449044;53.20505021389648
31309;-87.0798830106254;((x * -(_a4_)) + (-(x) * (_a4_ * pow2(((_a5_ * (_a5_ * x)) + (_a0_ + x))))));{'d0': {'_a0_': 0.4765804809214762, '_a4_': -1.4465760890669344, '_a5_': 0.7265299430579265, '_a1_': 1.0, '_a2_': 1.0, '_a3_': 1.0, '_a6_': 1.0, '_a7_': 1.0}};{'d0': 0.02490583291941663};-280.569866449044;53.20505021389648
31310;-104.411319546383;(x * ((_a4_ * x) + pow2((((x * _a7_) + _a5_) + x))));{'d0': {'_a4_': -2.789990185538308, '_a5_': 1.3323420748281496, '_a7_': 0.8375964948988979, '_a0_': 1.0, '_a1_': 1.0, '_a2_': 1.0, '_a3_': 1.0, '_a6_': 1.0}};{'d0': 0.02490583291941665};-280.569866449044;35.87361367813895
31311;-104.411319546383;(x * ((_a4_ * x) + pow2((((x * _a7_) + _a5_) + x))));{'d0': {'_a4_': -2.789990185538308, '_a5_': 1.3323420748281496, '_a7_': 0.8375964948988979, '_a0_': 1.0, '_a1_': 1.0, '_a2_': 1.0, '_a3_': 1.0, '_a6_': 1.0}};{'d0': 0.02490583291941665};-280.569866449044;35.87361367813895
31312;-104.411319546383;(x * ((_a4_ * x) + pow2((((x * _a7_) + _a5_) + x))));{'d0': {'_a4_': -2.789990185538308, '_a5_': 1.3323420748281496, '_a7_': 0.8375964948988979, '_a0_': 1.0, '_a1_': 1.0, '_a2_': 1.0, '_a3_': 1.0, '_a6_': 1.0}};{'d0': 0.02490583291941665};-280.569866449044;35.87361367813895
31313;-104.411319546383;(x * ((_a4_ * x) + pow2((((x * _a7_) + _a5_) + x))));{'d0': {'_a4_': -2.789990185538308, '_a5_': 1.3323420748281496, '_a7_': 0.8375964948988979, '_a0_': 1.0, '_a1_': 1.0, '_a2_': 1.0, '_a3_': 1.0, '_a6_': 1.0}};{'d0': 0.02490583291941665};-280.569866449044;35.87361367813895
31314;-104.411319546383;(x * ((_a4_ * x) + pow2((((x * _a7_) + _a5_) + x))));{'d0': {'_a4_': -2.789990185538308, '_a5_': 1.3323420748281496, '_a7_': 0.8375964948988979, '_a0_': 1.0, '_a1_': 1.0, '_a2_': 1.0, '_a3_': 1.0, '_a6_': 1.0}};{'d0': 0.02490583291941665};-280.569866449044;35.87361367813895
31315;-104.411319546383;(x * ((_a4_ * x) + pow2((((x * _a7_) + _a5_) + x))));{'d0': {'_a4_': -2.789990185538308, '_a5_': 1.3323420748281496, '_a7_': 0.8375964948988979, '_a0_': 1.0, '_a1_': 1.0, '_a2_': 1.0, '_a3_': 1.0, '_a6_': 1.0}};{'d0': 0.02490583291941665};-280.569866449044;35.87361367813895
31316;-104.411319546383;(x * ((_a4_ * x) + pow2((((x * _a7_) + _a5_) + x))));{'d0': {'_a4_': -2.789990185538308, '_a5_': 1.3323420748281496, '_a7_': 0.8375964948988979, '_a0_': 1.0, '_a1_': 1.0, '_a2_': 1.0, '_a3_': 1.0, '_a6_': 1.0}};{'d0': 0.02490583291941665};-280.569866449044;35.87361367813895
31317;-104.411319546383;(x * ((_a4_ * x) + pow2((((x * _a7_) + _a5_) + x))));{'d0': {'_a4_': -2.789990185538308, '_a5_': 1.3323420748281496, '_a7_': 0.8375964948988979, '_a0_': 1.0, '_a1_': 1.0, '_a2_': 1.0, '_a3_': 1.0, '_a6_': 1.0}};{'d0': 0.02490583291941665};-280.569866449044;35.87361367813895
31318;-87.0798830106254;((x * -(_a4_)) + (-(x) * (_a4_ * pow2(((_a5_ * (_a5_ * x)) + (_a0_ + x))))));{'d0': {'_a0_': 0.4765804809214762, '_a4_': -1.4465760890669344, '_a5_': 0.7265299430579265, '_a1_': 1.0, '_a2_': 1.0, '_a3_': 1.0, '_a6_': 1.0, '_a7_': 1.0}};{'d0': 0.02490583291941663};-280.569866449044;53.20505021389648
31319;-87.0798830106254;((x * -(_a4_)) + (-(x) * (_a4_ * pow2(((_a5_ * (_a5_ * x)) + (_a0_ + x))))));{'d0': {'_a0_': 0.4765804809214762, '_a4_': -1.4465760890669344, '_a5_': 0.7265299430579265, '_a1_': 1.0, '_a2_': 1.0, '_a3_': 1.0, '_a6_': 1.0, '_a7_': 1.0}};{'d0': 0.02490583291941663};-280.569866449044;53.20505021389648
31320;-87.0798830106254;((x * -(_a4_)) + (-(x) * (_a4_ * pow2(((_a5_ * (_a5_ * x)) + (_a0_ + x))))));{'d0': {'_a0_': 0.4765804809214762, '_a4_': -1.4465760890669344, '_a5_': 0.7265299430579265, '_a1_': 1.0, '_a2_': 1.0, '_a3_': 1.0, '_a6_': 1.0, '_a7_': 1.0}};{'d0': 0.02490583291941663};-280.569866449044;53.20505021389648
31321;-87.0798830106254;((x * -(_a4_)) + (-(x) * (_a4_ * pow2(((_a5_ * (_a5_ * x)) + (_a0_ + x))))));{'d0': {'_a0_': 0.4765804809214762, '_a4_': -1.4465760890669344, '_a5_': 0.7265299430579265, '_a1_': 1.0, '_a2_': 1.0, '_a3_': 1.0, '_a6_': 1.0, '_a7_': 1.0}};{'d0': 0.02490583291941663};-280.569866449044;53.20505021389648
31322;-87.0798830106254;((x * -(_a4_)) + (-(x) * (_a4_ * pow2(((_a5_ * (_a5_ * x)) + (_a0_ + x))))));{'d0': {'_a0_': 0.4765804809214762, '_a4_': -1.4465760890669344, '_a5_': 0.7265299430579265, '_a1_': 1.0, '_a2_': 1.0, '_a3_': 1.0, '_a6_': 1.0, '_a7_': 1.0}};{'d0': 0.02490583291941663};-280.569866449044;53.20505021389648
31323;-87.0798830106254;((x * -(_a4_)) + (-(x) * (_a4_ * pow2(((_a5_ * (_a5_ * x)) + (_a0_ + x))))));{'d0': {'_a0_': 0.4765804809214762, '_a4_': -1.4465760890669344, '_a5_': 0.7265299430579265, '_a1_': 1.0, '_a2_': 1.0, '_a3_': 1.0, '_a6_': 1.0, '_a7_': 1.0}};{'d0': 0.02490583291941663};-280.569866449044;53.20505021389648
31324;-87.0798830106254;((x * -(_a4_)) + (-(x) * (_a4_ * pow2(((_a5_ * (_a5_ * x)) + (_a0_ + x))))));{'d0': {'_a0_': 0.4765804809214762, '_a4_': -1.4465760890669344, '_a5_': 0.7265299430579265, '_a1_': 1.0, '_a2_': 1.0, '_a3_': 1.0, '_a6_': 1.0, '_a7_': 1.0}};{'d0': 0.02490583291941663};-280.569866449044;53.20505021389648
31325;-87.0798830106254;((x * -(_a4_)) + (-(x) * (_a4_ * pow2(((_a5_ * (_a5_ * x)) + (_a0_ + x))))));{'d0': {'_a0_': 0.4765804809214762, '_a4_': -1.4465760890669344, '_a5_': 0.7265299430579265, '_a1_': 1.0, '_a2_': 1.0, '_a3_': 1.0, '_a6_': 1.0, '_a7_': 1.0}};{'d0': 0.02490583291941663};-280.569866449044;53.20505021389648
31326;-87.0798830106254;((x * -(_a4_)) + (-(x) * (_a4_ * pow2(((_a5_ * (_a5_ * x)) + (_a0_ + x))))));{'d0': {'_a0_': 0.4765804809214762, '_a4_': -1.4465760890669344, '_a5_': 0.7265299430579265, '_a1_': 1.0, '_a2_': 1.0, '_a3_': 1.0, '_a6_': 1.0, '_a7_': 1.0}};{'d0': 0.02490583291941663};-280.569866449044;53.20505021389648
31327;-87.0798830106254;((x * -(_a4_)) + (-(x) * (_a4_ * pow2(((_a5_ * (_a5_ * x)) + (_a0_ + x))))));{'d0': {'_a0_': 0.4765804809214762, '_a4_': -1.4465760890669344, '_a5_': 0.7265299430579265, '_a1_': 1.0, '_a2_': 1.0, '_a3_': 1.0, '_a6_': 1.0, '_a7_': 1.0}};{'d0': 0.02490583291941663};-280.569866449044;53.20505021389648
31328;-87.0798830106254;((x * -(_a4_)) + (-(x) * (_a4_ * pow2(((_a5_ * (_a5_ * x)) + (_a0_ + x))))));{'d0': {'_a0_': 0.4765804809214762, '_a4_': -1.4465760890669344, '_a5_': 0.7265299430579265, '_a1_': 1.0, '_a2_': 1.0, '_a3_': 1.0, '_a6_': 1.0, '_a7_': 1.0}};{'d0': 0.02490583291941663};-280.569866449044;53.20505021389648
31329;-87.0798830106254;((x * -(_a4_)) + (-(x) * (_a4_ * pow2(((_a5_ * (_a5_ * x)) + (_a0_ + x))))));{'d0': {'_a0_': 0.4765804809214762, '_a4_': -1.4465760890669344, '_a5_': 0.7265299430579265, '_a1_': 1.0, '_a2_': 1.0, '_a3_': 1.0, '_a6_': 1.0, '_a7_': 1.0}};{'d0': 0.02490583291941663};-280.569866449044;53.20505021389648
31330;-87.0798830106254;((x * -(_a4_)) + (-(x) * (_a4_ * pow2(((_a5_ * (_a5_ * x)) + (_a0_ + x))))));{'d0': {'_a0_': 0.4765804809214762, '_a4_': -1.4465760890669344, '_a5_': 0.7265299430579265, '_a1_': 1.0, '_a2_': 1.0, '_a3_': 1.0, '_a6_': 1.0, '_a7_': 1.0}};{'d0': 0.02490583291941663};-280.569866449044;53.20505021389648
31331;-87.0798830106254;((x * -(_a4_)) + (-(x) * (_a4_ * pow2(((_a5_ * (_a5_ * x)) + (_a0_ + x))))));{'d0': {'_a0_': 0.4765804809214762, '_a4_': -1.4465760890669344, '_a5_': 0.7265299430579265, '_a1_': 1.0, '_a2_': 1.0, '_a3_': 1.0, '_a6_': 1.0, '_a7_': 1.0}};{'d0': 0.02490583291941663};-280.569866449044;53.20505021389648
31332;-87.0798830106254;((x * -(_a4_)) + (-(x) * (_a4_ * pow2(((_a5_ * (_a5_ * x)) + (_a0_ + x))))));{'d0': {'_a0_': 0.4765804809214762, '_a4_': -1.4465760890669344, '_a5_': 0.7265299430579265, '_a1_': 1.0, '_a2_': 1.0, '_a3_': 1.0, '_a6_': 1.0, '_a7_': 1.0}};{'d0': 0.02490583291941663};-280.569866449044;53.20505021389648
31333;-87.0798830106254;((x * -(_a4_)) + (-(x) * (_a4_ * pow2(((_a5_ * (_a5_ * x)) + (_a0_ + x))))));{'d0': {'_a0_': 0.4765804809214762, '_a4_': -1.4465760890669344, '_a5_': 0.7265299430579265, '_a1_': 1.0, '_a2_': 1.0, '_a3_': 1.0, '_a6_': 1.0, '_a7_': 1.0}};{'d0': 0.02490583291941663};-280.569866449044;53.20505021389648
31334;-87.0798830106254;((x * -(_a4_)) + (-(x) * (_a4_ * pow2(((_a5_ * (_a5_ * x)) + (_a0_ + x))))));{'d0': {'_a0_': 0.4765804809214762, '_a4_': -1.4465760890669344, '_a5_': 0.7265299430579265, '_a1_': 1.0, '_a2_': 1.0, '_a3_': 1.0, '_a6_': 1.0, '_a7_': 1.0}};{'d0': 0.02490583291941663};-280.569866449044;53.20505021389648
31335;-87.0798830106254;((x * -(_a4_)) + (-(x) * (_a4_ * pow2(((_a5_ * (_a5_ * x)) + (_a0_ + x))))));{'d0': {'_a0_': 0.4765804809214762, '_a4_': -1.4465760890669344, '_a5_': 0.7265299430579265, '_a1_': 1.0, '_a2_': 1.0, '_a3_': 1.0, '_a6_': 1.0, '_a7_': 1.0}};{'d0': 0.02490583291941663};-280.569866449044;53.20505021389648
31336;-87.0798830106254;((x * -(_a4_)) + (-(x) * (_a4_ * pow2(((_a5_ * (_a5_ * x)) + (_a0_ + x))))));{'d0': {'_a0_': 0.4765804809214762, '_a4_': -1.4465760890669344, '_a5_': 0.7265299430579265, '_a1_': 1.0, '_a2_': 1.0, '_a3_': 1.0, '_a6_': 1.0, '_a7_': 1.0}};{'d0': 0.02490583291941663};-280.569866449044;53.20505021389648
31337;-87.0798830106254;((x * -(_a4_)) + (-(x) * (_a4_ * pow2(((_a5_ * (_a5_ * x)) + (_a0_ + x))))));{'d0': {'_a0_': 0.4765804809214762, '_a4_': -1.4465760890669344, '_a5_': 0.7265299430579265, '_a1_': 1.0, '_a2_': 1.0, '_a3_': 1.0, '_a6_': 1.0, '_a7_': 1.0}};{'d0': 0.02490583291941663};-280.569866449044;53.20505021389648
31338;-87.0798830106254;((x * -(_a4_)) + (-(x) * (_a4_ * pow2(((_a5_ * (_a5_ * x)) + (_a0_ + x))))));{'d0': {'_a0_': 0.4765804809214762, '_a4_': -1.4465760890669344, '_a5_': 0.7265299430579265, '_a1_': 1.0, '_a2_': 1.0, '_a3_': 1.0, '_a6_': 1.0, '_a7_': 1.0}};{'d0': 0.02490583291941663};-280.569866449044;53.20505021389648
31339;-87.0798830106254;((x * -(_a4_)) + (-(x) * (_a4_ * pow2(((_a5_ * (_a5_ * x)) + (_a0_ + x))))));{'d0': {'_a0_': 0.4765804809214762, '_a4_': -1.4465760890669344, '_a5_': 0.7265299430579265, '_a1_': 1.0, '_a2_': 1.0, '_a3_': 1.0, '_a6_': 1.0, '_a7_': 1.0}};{'d0': 0.02490583291941663};-280.569866449044;53.20505021389648
31340;-87.0798830106254;((x * -(_a4_)) + (-(x) * (_a4_ * pow2(((_a5_ * (_a5_ * x)) + (_a0_ + x))))));{'d0': {'_a0_': 0.4765804809214762, '_a4_': -1.4465760890669344, '_a5_': 0.7265299430579265, '_a1_': 1.0, '_a2_': 1.0, '_a3_': 1.0, '_a6_': 1.0, '_a7_': 1.0}};{'d0': 0.02490583291941663};-280.569866449044;53.20505021389648
31341;-87.0798830106254;((x * -(_a4_)) + (-(x) * (_a4_ * pow2(((_a5_ * (_a5_ * x)) + (_a0_ + x))))));{'d0': {'_a0_': 0.4765804809214762, '_a4_': -1.4465760890669344, '_a5_': 0.7265299430579265, '_a1_': 1.0, '_a2_': 1.0, '_a3_': 1.0, '_a6_': 1.0, '_a7_': 1.0}};{'d0': 0.02490583291941663};-280.569866449044;53.20505021389648
31342;-87.0798830106254;((x * -(_a4_)) + (-(x) * (_a4_ * pow2(((_a5_ * (_a5_ * x)) + (_a0_ + x))))));{'d0': {'_a0_': 0.4765804809214762, '_a4_': -1.4465760890669344, '_a5_': 0.7265299430579265, '_a1_': 1.0, '_a2_': 1.0, '_a3_': 1.0, '_a6_': 1.0, '_a7_': 1.0}};{'d0': 0.02490583291941663};-280.569866449044;53.20505021389648
31343;-87.0798830106254;((x * -(_a4_)) + (-(x) * (_a4_ * pow2(((_a5_ * (_a5_ * x)) + (_a0_ + x))))));{'d0': {'_a0_': 0.4765804809214762, '_a4_': -1.4465760890669344, '_a5_': 0.7265299430579265, '_a1_': 1.0, '_a2_': 1.0, '_a3_': 1.0, '_a6_': 1.0, '_a7_': 1.0}};{'d0': 0.02490583291941663};-280.569866449044;53.20505021389648
31344;-87.0798830106254;((x * -(_a4_)) + (-(x) * (_a4_ * pow2(((_a5_ * (_a5_ * x)) + (_a0_ + x))))));{'d0': {'_a0_': 0.4765804809214762, '_a4_': -1.4465760890669344, '_a5_': 0.7265299430579265, '_a1_': 1.0, '_a2_': 1.0, '_a3_': 1.0, '_a6_': 1.0, '_a7_': 1.0}};{'d0': 0.02490583291941663};-280.569866449044;53.20505021389648
31345;-93.0004840596554;((x * -(_a4_)) + (-(x) * (_a4_ * pow2(((_a5_ * (_a5_ * x)) + _a7_)))));{'d0': {'_a4_': -1.4465760893948225, '_a5_': 1.2360605801038063, '_a7_': 0.476580480729051, '_a0_': 1.0, '_a1_': 1.0, '_a2_': 1.0, '_a3_': 1.0, '_a6_': 1.0}};{'d0': 0.02490583291941664};-280.569866449044;47.28444916486648
31346;-93.0004840596554;((x * -(_a4_)) + (-(x) * (_a4_ * pow2(((_a5_ * (_a5_ * x)) + _a7_)))));{'d0': {'_a4_': -1.4465760893948225, '_a5_': 1.2360605801038063, '_a7_': 0.476580480729051, '_a0_': 1.0, '_a1_': 1.0, '_a2_': 1.0, '_a3_': 1.0, '_a6_': 1.0}};{'d0': 0.02490583291941664};-280.569866449044;47.28444916486648
31347;-93.0004840596554;((x * -(_a4_)) + (-(x) * (_a4_ * pow2(((_a5_ * (_a5_ * x)) + _a7_)))));{'d0': {'_a4_': -1.4465760893948225, '_a5_': 1.2360605801038063, '_a7_': 0.476580480729051, '_a0_': 1.0, '_a1_': 1.0, '_a2_': 1.0, '_a3_': 1.0, '_a6_': 1.0}};{'d0': 0.02490583291941664};-280.569866449044;47.28444916486648
31348;-90.8806445315142;((x * (_a5_ / _a7_)) + (-(x) * (_a4_ * pow2(((_a5_ * (_a5_ * x)) + _a7_)))));{'d0': {'_a4_': -0.13998851047365823, '_a5_': 2.2161644231575157, '_a7_': 1.5320068109746567, '_a0_': 1.0, '_a1_': 1.0, '_a2_': 1.0, '_a3_': 1.0, '_a6_': 1.0}};{'d0': 0.02490583291941669};-280.569866449043;49.40428869300771
31349;-90.0651189351460;((x / (_a5_ / _a7_)) + (-(x) * (_a4_ * pow2(((_a5_ * (_a5_ * x)) + _a7_)))));{'d0': {'_a4_': -0.007300660163049403, '_a5_': 4.637506631963625, '_a7_': 6.708506204988469, '_a0_': 1.0, '_a1_': 1.0, '_a2_': 1.0, '_a3_': 1.0, '_a6_': 1.0}};{'d0': 0.024905832919416608};-280.569866449044;50.219814289375904
31350;-90.0651189351460;((x / (_a5_ / _a7_)) + (-(x) * (_a4_ * pow2(((_a5_ * (_a5_ * x)) + _a7_)))));{'d0': {'_a4_': -0.007300660163049403, '_a5_': 4.637506631963625, '_a7_': 6.708506204988469, '_a0_': 1.0, '_a1_': 1.0, '_a2_': 1.0, '_a3_': 1.0, '_a6_': 1.0}};{'d0': 0.024905832919416608};-280.569866449044;50.219814289375904
31351;-90.0651189351460;((x / (_a5_ / _a7_)) + (-(x) * (_a4_ * pow2(((_a5_ * (_a5_ * x)) + _a7_)))));{'d0': {'_a4_': -0.007300660163049403, '_a5_': 4.637506631963625, '_a7_': 6.708506204988469, '_a0_': 1.0, '_a1_': 1.0, '_a2_': 1.0, '_a3_': 1.0, '_a6_': 1.0}};{'d0': 0.024905832919416608};-280.569866449044;50.219814289375904
31352;-90.0651189351460;((x / (_a5_ / _a7_)) + (-(x) * (_a4_ * pow2(((_a5_ * (_a5_ * x)) + _a7_)))));{'d0': {'_a4_': -0.007300660163049403, '_a5_': 4.637506631963625, '_a7_': 6.708506204988469, '_a0_': 1.0, '_a1_': 1.0, '_a2_': 1.0, '_a3_': 1.0, '_a6_': 1.0}};{'d0': 0.024905832919416608};-280.569866449044;50.219814289375904
31353;-90.0651189351460;((x / (_a5_ / _a7_)) + (-(x) * (_a4_ * pow2(((_a5_ * (_a5_ * x)) + _a7_)))));{'d0': {'_a4_': -0.007300660163049403, '_a5_': 4.637506631963625, '_a7_': 6.708506204988469, '_a0_': 1.0, '_a1_': 1.0, '_a2_': 1.0, '_a3_': 1.0, '_a6_': 1.0}};{'d0': 0.024905832919416608};-280.569866449044;50.219814289375904
31354;-90.0651189351460;((x / (_a5_ / _a7_)) + (-(x) * (_a4_ * pow2(((_a5_ * (_a5_ * x)) + _a7_)))));{'d0': {'_a4_': -0.007300660163049403, '_a5_': 4.637506631963625, '_a7_': 6.708506204988469, '_a0_': 1.0, '_a1_': 1.0, '_a2_': 1.0, '_a3_': 1.0, '_a6_': 1.0}};{'d0': 0.024905832919416608};-280.569866449044;50.219814289375904
31355;-95.9023417432932;((x / _a7_) + (-(x) * (_a4_ * pow2(((_a5_ * (_a5_ * x)) + _a7_)))));{'d0': {'_a4_': -0.6875374342097721, '_a5_': 1.4886787517359104, '_a7_': 0.6912875218101774, '_a0_': 1.0, '_a1_': 1.0, '_a2_': 1.0, '_a3_': 1.0, '_a6_': 1.0}};{'d0': 0.024905832919416632};-280.569866449044;44.3825914812287
31356;-95.9023417432932;((x / _a7_) + (-(x) * (_a4_ * pow2(((_a5_ * (_a5_ * x)) + _a7_)))));{'d0': {'_a4_': -0.6875374342097721, '_a5_': 1.4886787517359104, '_a7_': 0.6912875218101774, '_a0_': 1.0, '_a1_': 1.0, '_a2_': 1.0, '_a3_': 1.0, '_a6_': 1.0}};{'d0': 0.024905832919416632};-280.569866449044;44.3825914812287
31357;-95.9023417432932;((x / _a7_) + (-(x) * (_a4_ * pow2(((_a5_ * (_a5_ * x)) + _a7_)))));{'d0': {'_a4_': -0.6875374342097721, '_a5_': 1.4886787517359104, '_a7_': 0.6912875218101774, '_a0_': 1.0, '_a1_': 1.0, '_a2_': 1.0, '_a3_': 1.0, '_a6_': 1.0}};{'d0': 0.024905832919416632};-280.569866449044;44.3825914812287
31358;-95.9023417432932;((x / _a7_) + (-(x) * (_a4_ * pow2(((_a5_ * (_a5_ * x)) + _a7_)))));{'d0': {'_a4_': -0.6875374342097721, '_a5_': 1.4886787517359104, '_a7_': 0.6912875218101774, '_a0_': 1.0, '_a1_': 1.0, '_a2_': 1.0, '_a3_': 1.0, '_a6_': 1.0}};{'d0': 0.024905832919416632};-280.569866449044;44.3825914812287
31359;-95.9023417432932;((x / _a7_) + (-(x) * (_a4_ * pow2(((_a5_ * (_a5_ * x)) + _a7_)))));{'d0': {'_a4_': -0.6875374342097721, '_a5_': 1.4886787517359104, '_a7_': 0.6912875218101774, '_a0_': 1.0, '_a1_': 1.0, '_a2_': 1.0, '_a3_': 1.0, '_a6_': 1.0}};{'d0': 0.024905832919416632};-280.569866449044;44.3825914812287
31360;-95.9023417432932;((x / _a7_) + (-(x) * (_a4_ * pow2(((_a5_ * (_a5_ * x)) + _a7_)))));{'d0': {'_a4_': -0.6875374342097721, '_a5_': 1.4886787517359104, '_a7_': 0.6912875218101774, '_a0_': 1.0, '_a1_': 1.0, '_a2_': 1.0, '_a3_': 1.0, '_a6_': 1.0}};{'d0': 0.024905832919416632};-280.569866449044;44.3825914812287
31361;-95.9023417432932;((x / _a7_) + (-(x) * (_a4_ * pow2(((_a5_ * (_a5_ * x)) + _a7_)))));{'d0': {'_a4_': -0.6875374342097721, '_a5_': 1.4886787517359104, '_a7_': 0.6912875218101774, '_a0_': 1.0, '_a1_': 1.0, '_a2_': 1.0, '_a3_': 1.0, '_a6_': 1.0}};{'d0': 0.024905832919416632};-280.569866449044;44.3825914812287
31362;-95.9023417432932;((x / _a7_) + (-(x) * (_a4_ * pow2(((_a5_ * (_a5_ * x)) + _a7_)))));{'d0': {'_a4_': -0.6875374342097721, '_a5_': 1.4886787517359104, '_a7_': 0.6912875218101774, '_a0_': 1.0, '_a1_': 1.0, '_a2_': 1.0, '_a3_': 1.0, '_a6_': 1.0}};{'d0': 0.024905832919416632};-280.569866449044;44.3825914812287
31363;-95.9023417432932;((x / _a7_) + (-(x) * (_a4_ * pow2(((_a5_ * (_a5_ * x)) + _a7_)))));{'d0': {'_a4_': -0.6875374342097721, '_a5_': 1.4886787517359104, '_a7_': 0.6912875218101774, '_a0_': 1.0, '_a1_': 1.0, '_a2_': 1.0, '_a3_': 1.0, '_a6_': 1.0}};{'d0': 0.024905832919416632};-280.569866449044;44.3825914812287
31364;-95.9023417432932;((x / _a7_) + (-(x) * (_a4_ * pow2(((_a5_ * (_a5_ * x)) + _a7_)))));{'d0': {'_a4_': -0.6875374342097721, '_a5_': 1.4886787517359104, '_a7_': 0.6912875218101774, '_a0_': 1.0, '_a1_': 1.0, '_a2_': 1.0, '_a3_': 1.0, '_a6_': 1.0}};{'d0': 0.024905832919416632};-280.569866449044;44.3825914812287
31365;-95.9023417432932;((x / _a7_) + (-(x) * (_a4_ * pow2(((_a5_ * (_a5_ * x)) + _a7_)))));{'d0': {'_a4_': -0.6875374342097721, '_a5_': 1.4886787517359104, '_a7_': 0.6912875218101774, '_a0_': 1.0, '_a1_': 1.0, '_a2_': 1.0, '_a3_': 1.0, '_a6_': 1.0}};{'d0': 0.024905832919416632};-280.569866449044;44.3825914812287
31366;-95.9023417432932;((x / _a7_) + (-(x) * (_a4_ * pow2(((_a5_ * (_a5_ * x)) + _a7_)))));{'d0': {'_a4_': -0.6875374342097721, '_a5_': 1.4886787517359104, '_a7_': 0.6912875218101774, '_a0_': 1.0, '_a1_': 1.0, '_a2_': 1.0, '_a3_': 1.0, '_a6_': 1.0}};{'d0': 0.024905832919416632};-280.569866449044;44.3825914812287
31367;-90.7425131445198;((_a7_ + (((_a3_ * x) * (_a3_ + (sin(_a4_) + (_a3_ / x)))) * x)) * x);{'d0': {'_a3_': 1.4514213959169322, '_a4_': 1.0656394871037342, '_a7_': 1.7751354055072641, '_a0_': 1.0, '_a1_': 1.0, '_a2_': 1.0, '_a5_': 1.0, '_a6_': 1.0}};{'d0': 0.024905832919416653};-280.569866449044;49.54242008000199
31368;-90.7425131445198;((_a7_ + (((_a3_ * x) * (_a3_ + (sin(_a4_) + (_a3_ / x)))) * x)) * x);{'d0': {'_a3_': 1.4514213959169322, '_a4_': 1.0656394871037342, '_a7_': 1.7751354055072641, '_a0_': 1.0, '_a1_': 1.0, '_a2_': 1.0, '_a5_': 1.0, '_a6_': 1.0}};{'d0': 0.024905832919416653};-280.569866449044;49.54242008000199
31369;-90.7425131445198;((_a7_ + (((_a3_ * x) * (_a3_ + (sin(_a4_) + (_a3_ / x)))) * x)) * x);{'d0': {'_a3_': 1.4514213959169322, '_a4_': 1.0656394871037342, '_a7_': 1.7751354055072641, '_a0_': 1.0, '_a1_': 1.0, '_a2_': 1.0, '_a5_': 1.0, '_a6_': 1.0}};{'d0': 0.024905832919416653};-280.569866449044;49.54242008000199
31370;-90.7425131445198;((_a7_ + (((_a3_ * x) * (_a3_ + (sin(_a4_) + (_a3_ / x)))) * x)) * x);{'d0': {'_a3_': 1.4514213959169322, '_a4_': 1.0656394871037342, '_a7_': 1.7751354055072641, '_a0_': 1.0, '_a1_': 1.0, '_a2_': 1.0, '_a5_': 1.0, '_a6_': 1.0}};{'d0': 0.024905832919416653};-280.569866449044;49.54242008000199
31371;-90.7425131445198;((_a7_ + (((_a3_ * x) * (_a3_ + (sin(_a4_) + (_a3_ / x)))) * x)) * x);{'d0': {'_a3_': 1.4514213959169322, '_a4_': 1.0656394871037342, '_a7_': 1.7751354055072641, '_a0_': 1.0, '_a1_': 1.0, '_a2_': 1.0, '_a5_': 1.0, '_a6_': 1.0}};{'d0': 0.024905832919416653};-280.569866449044;49.54242008000199
31372;-90.7425131445198;((_a7_ + (((_a3_ * x) * (_a3_ + (sin(_a4_) + (_a3_ / x)))) * x)) * x);{'d0': {'_a3_': 1.4514213959169322, '_a4_': 1.0656394871037342, '_a7_': 1.7751354055072641, '_a0_': 1.0, '_a1_': 1.0, '_a2_': 1.0, '_a5_': 1.0, '_a6_': 1.0}};{'d0': 0.024905832919416653};-280.569866449044;49.54242008000199
31373;-90.7425131445198;((_a7_ + (((_a3_ * x) * (_a3_ + (sin(_a4_) + (_a3_ / x)))) * x)) * x);{'d0': {'_a3_': 1.4514213959169322, '_a4_': 1.0656394871037342, '_a7_': 1.7751354055072641, '_a0_': 1.0, '_a1_': 1.0, '_a2_': 1.0, '_a5_': 1.0, '_a6_': 1.0}};{'d0': 0.024905832919416653};-280.569866449044;49.54242008000199
31374;-90.7425131445198;((_a7_ + (((_a3_ * x) * (_a3_ + (sin(_a4_) + (_a3_ / x)))) * x)) * x);{'d0': {'_a3_': 1.4514213959169322, '_a4_': 1.0656394871037342, '_a7_': 1.7751354055072641, '_a0_': 1.0, '_a1_': 1.0, '_a2_': 1.0, '_a5_': 1.0, '_a6_': 1.0}};{'d0': 0.024905832919416653};-280.569866449044;49.54242008000199
31375;-90.7425131445198;((_a7_ + (((_a3_ * x) * (_a3_ + (sin(_a4_) + (_a3_ / x)))) * x)) * x);{'d0': {'_a3_': 1.4514213959169322, '_a4_': 1.0656394871037342, '_a7_': 1.7751354055072641, '_a0_': 1.0, '_a1_': 1.0, '_a2_': 1.0, '_a5_': 1.0, '_a6_': 1.0}};{'d0': 0.024905832919416653};-280.569866449044;49.54242008000199
31376;-90.7425131445198;((_a7_ + (((_a3_ * x) * (_a3_ + (sin(_a4_) + (_a3_ / x)))) * x)) * x);{'d0': {'_a3_': 1.4514213959169322, '_a4_': 1.0656394871037342, '_a7_': 1.7751354055072641, '_a0_': 1.0, '_a1_': 1.0, '_a2_': 1.0, '_a5_': 1.0, '_a6_': 1.0}};{'d0': 0.024905832919416653};-280.569866449044;49.54242008000199
31377;-90.7425131445198;((_a7_ + (((_a3_ * x) * (_a3_ + (sin(_a4_) + (_a3_ / x)))) * x)) * x);{'d0': {'_a3_': 1.4514213959169322, '_a4_': 1.0656394871037342, '_a7_': 1.7751354055072641, '_a0_': 1.0, '_a1_': 1.0, '_a2_': 1.0, '_a5_': 1.0, '_a6_': 1.0}};{'d0': 0.024905832919416653};-280.569866449044;49.54242008000199
31378;-90.7425131445198;((_a7_ + (((_a3_ * x) * (_a3_ + (sin(_a4_) + (_a3_ / x)))) * x)) * x);{'d0': {'_a3_': 1.4514213959169322, '_a4_': 1.0656394871037342, '_a7_': 1.7751354055072641, '_a0_': 1.0, '_a1_': 1.0, '_a2_': 1.0, '_a5_': 1.0, '_a6_': 1.0}};{'d0': 0.024905832919416653};-280.569866449044;49.54242008000199
31379;-90.7425131445198;((_a7_ + (((_a3_ * x) * (_a3_ + (sin(_a4_) + (_a3_ / x)))) * x)) * x);{'d0': {'_a3_': 1.4514213959169322, '_a4_': 1.0656394871037342, '_a7_': 1.7751354055072641, '_a0_': 1.0, '_a1_': 1.0, '_a2_': 1.0, '_a5_': 1.0, '_a6_': 1.0}};{'d0': 0.024905832919416653};-280.569866449044;49.54242008000199
31380;-90.7425131445198;((_a7_ + (((_a3_ * x) * (_a3_ + (sin(_a4_) + (_a3_ / x)))) * x)) * x);{'d0': {'_a3_': 1.4514213959169322, '_a4_': 1.0656394871037342, '_a7_': 1.7751354055072641, '_a0_': 1.0, '_a1_': 1.0, '_a2_': 1.0, '_a5_': 1.0, '_a6_': 1.0}};{'d0': 0.024905832919416653};-280.569866449044;49.54242008000199
31381;-90.7425131445198;((_a7_ + (((_a3_ * x) * (_a3_ + (sin(_a4_) + (_a3_ / x)))) * x)) * x);{'d0': {'_a3_': 1.4514213959169322, '_a4_': 1.0656394871037342, '_a7_': 1.7751354055072641, '_a0_': 1.0, '_a1_': 1.0, '_a2_': 1.0, '_a5_': 1.0, '_a6_': 1.0}};{'d0': 0.024905832919416653};-280.569866449044;49.54242008000199
31382;-90.7425131445198;((_a7_ + (((_a3_ * x) * (_a3_ + (sin(_a4_) + (_a3_ / x)))) * x)) * x);{'d0': {'_a3_': 1.4514213959169322, '_a4_': 1.0656394871037342, '_a7_': 1.7751354055072641, '_a0_': 1.0, '_a1_': 1.0, '_a2_': 1.0, '_a5_': 1.0, '_a6_': 1.0}};{'d0': 0.024905832919416653};-280.569866449044;49.54242008000199
31383;-90.7425131445198;((_a7_ + (((_a3_ * x) * (_a3_ + (sin(_a4_) + (_a3_ / x)))) * x)) * x);{'d0': {'_a3_': 1.4514213959169322, '_a4_': 1.0656394871037342, '_a7_': 1.7751354055072641, '_a0_': 1.0, '_a1_': 1.0, '_a2_': 1.0, '_a5_': 1.0, '_a6_': 1.0}};{'d0': 0.024905832919416653};-280.569866449044;49.54242008000199
31384;-90.7425131445198;((_a7_ + (((_a3_ * x) * (_a3_ + (sin(_a4_) + (_a3_ / x)))) * x)) * x);{'d0': {'_a3_': 1.4514213959169322, '_a4_': 1.0656394871037342, '_a7_': 1.7751354055072641, '_a0_': 1.0, '_a1_': 1.0, '_a2_': 1.0, '_a5_': 1.0, '_a6_': 1.0}};{'d0': 0.024905832919416653};-280.569866449044;49.54242008000199
31385;-90.7425131445198;((_a7_ + (((_a3_ * x) * (_a3_ + (sin(_a4_) + (_a3_ / x)))) * x)) * x);{'d0': {'_a3_': 1.4514213959169322, '_a4_': 1.0656394871037342, '_a7_': 1.7751354055072641, '_a0_': 1.0, '_a1_': 1.0, '_a2_': 1.0, '_a5_': 1.0, '_a6_': 1.0}};{'d0': 0.024905832919416653};-280.569866449044;49.54242008000199
31386;-90.7425131445198;((_a7_ + (((_a3_ * x) * (_a3_ + (sin(_a4_) + (_a3_ / x)))) * x)) * x);{'d0': {'_a3_': 1.4514213959169322, '_a4_': 1.0656394871037342, '_a7_': 1.7751354055072641, '_a0_': 1.0, '_a1_': 1.0, '_a2_': 1.0, '_a5_': 1.0, '_a6_': 1.0}};{'d0': 0.024905832919416653};-280.569866449044;49.54242008000199
31387;-90.7425131445198;((_a7_ + (((_a3_ * x) * (_a3_ + (sin(_a4_) + (_a3_ / x)))) * x)) * x);{'d0': {'_a3_': 1.4514213959169322, '_a4_': 1.0656394871037342, '_a7_': 1.7751354055072641, '_a0_': 1.0, '_a1_': 1.0, '_a2_': 1.0, '_a5_': 1.0, '_a6_': 1.0}};{'d0': 0.024905832919416653};-280.569866449044;49.54242008000199
31388;-90.6960739810333;((_a7_ + (((_a3_ * x) * (_a3_ + ((_a2_ ** _a7_) + (_a3_ / x)))) * x)) * x);{'d0': {'_a2_': 0.9275952929977489, '_a3_': 1.451421395580971, '_a7_': 1.7751354041157419, '_a0_': 1.0, '_a1_': 1.0, '_a4_': 1.0, '_a5_': 1.0, '_a6_': 1.0}};{'d0': 0.024905832919416677};-280.569866449043;49.58885924348847
31389;-90.6960739810333;((_a7_ + (((_a3_ * x) * (_a3_ + ((_a2_ ** _a7_) + (_a3_ / x)))) * x)) * x);{'d0': {'_a2_': 0.9275952929977489, '_a3_': 1.451421395580971, '_a7_': 1.7751354041157419, '_a0_': 1.0, '_a1_': 1.0, '_a4_': 1.0, '_a5_': 1.0, '_a6_': 1.0}};{'d0': 0.024905832919416677};-280.569866449043;49.58885924348847
31390;-90.6960739810333;((_a7_ + (((_a3_ * x) * (_a3_ + ((_a2_ ** _a7_) + (_a3_ / x)))) * x)) * x);{'d0': {'_a2_': 0.9275952929977489, '_a3_': 1.451421395580971, '_a7_': 1.7751354041157419, '_a0_': 1.0, '_a1_': 1.0, '_a4_': 1.0, '_a5_': 1.0, '_a6_': 1.0}};{'d0': 0.024905832919416677};-280.569866449043;49.58885924348847
31391;-90.6960739810333;((_a7_ + (((_a3_ * x) * (_a3_ + ((_a2_ ** _a7_) + (_a3_ / x)))) * x)) * x);{'d0': {'_a2_': 0.9275952929977489, '_a3_': 1.451421395580971, '_a7_': 1.7751354041157419, '_a0_': 1.0, '_a1_': 1.0, '_a4_': 1.0, '_a5_': 1.0, '_a6_': 1.0}};{'d0': 0.024905832919416677};-280.569866449043;49.58885924348847
31392;-90.6960739810333;((_a7_ + (((_a3_ * x) * (_a3_ + ((_a2_ ** _a7_) + (_a3_ / x)))) * x)) * x);{'d0': {'_a2_': 0.9275952929977489, '_a3_': 1.451421395580971, '_a7_': 1.7751354041157419, '_a0_': 1.0, '_a1_': 1.0, '_a4_': 1.0, '_a5_': 1.0, '_a6_': 1.0}};{'d0': 0.024905832919416677};-280.569866449043;49.58885924348847
31393;-90.6960739810333;((_a7_ + (((_a3_ * x) * (_a3_ + ((_a2_ ** _a7_) + (_a3_ / x)))) * x)) * x);{'d0': {'_a2_': 0.9275952929977489, '_a3_': 1.451421395580971, '_a7_': 1.7751354041157419, '_a0_': 1.0, '_a1_': 1.0, '_a4_': 1.0, '_a5_': 1.0, '_a6_': 1.0}};{'d0': 0.024905832919416677};-280.569866449043;49.58885924348847
31394;-90.6960739810333;((_a7_ + (((_a3_ * x) * (_a3_ + ((_a2_ ** _a7_) + (_a3_ / x)))) * x)) * x);{'d0': {'_a2_': 0.9275952929977489, '_a3_': 1.451421395580971, '_a7_': 1.7751354041157419, '_a0_': 1.0, '_a1_': 1.0, '_a4_': 1.0, '_a5_': 1.0, '_a6_': 1.0}};{'d0': 0.024905832919416677};-280.569866449043;49.58885924348847
31395;-90.6960739810333;((_a7_ + (((_a3_ * x) * (_a3_ + ((_a2_ ** _a7_) + (_a3_ / x)))) * x)) * x);{'d0': {'_a2_': 0.9275952929977489, '_a3_': 1.451421395580971, '_a7_': 1.7751354041157419, '_a0_': 1.0, '_a1_': 1.0, '_a4_': 1.0, '_a5_': 1.0, '_a6_': 1.0}};{'d0': 0.024905832919416677};-280.569866449043;49.58885924348847
31396;-90.6960739810333;((_a7_ + (((_a3_ * x) * (_a3_ + ((_a2_ ** _a7_) + (_a3_ / x)))) * x)) * x);{'d0': {'_a2_': 0.9275952929977489, '_a3_': 1.451421395580971, '_a7_': 1.7751354041157419, '_a0_': 1.0, '_a1_': 1.0, '_a4_': 1.0, '_a5_': 1.0, '_a6_': 1.0}};{'d0': 0.024905832919416677};-280.569866449043;49.58885924348847
31397;-105.590367712908;(x * (pow2(_a3_) + pow2((((x * _a1_) + _a5_) + x))));{'d0': {'_a1_': 0.8375964950247349, '_a3_': 1.2027369160925576, '_a5_': 0.5732009377436774, '_a0_': 1.0, '_a2_': 1.0, '_a4_': 1.0, '_a6_': 1.0, '_a7_': 1.0}};{'d0': 0.024905832919416667};-280.569866449044;34.69456551161395
31398;-105.590367712908;(x * (pow2(_a3_) + pow2((((x * _a1_) + _a5_) + x))));{'d0': {'_a1_': 0.8375964950247349, '_a3_': 1.2027369160925576, '_a5_': 0.5732009377436774, '_a0_': 1.0, '_a2_': 1.0, '_a4_': 1.0, '_a6_': 1.0, '_a7_': 1.0}};{'d0': 0.024905832919416667};-280.569866449044;34.69456551161395
31399;-105.590367712908;(x * (pow2(_a3_) + pow2((((x * _a1_) + _a5_) + x))));{'d0': {'_a1_': 0.8375964950247349, '_a3_': 1.2027369160925576, '_a5_': 0.5732009377436774, '_a0_': 1.0, '_a2_': 1.0, '_a4_': 1.0, '_a6_': 1.0, '_a7_': 1.0}};{'d0': 0.024905832919416667};-280.569866449044;34.69456551161395
31400;-105.590367712908;(x * (pow2(_a3_) + pow2((((x * _a1_) + _a5_) + x))));{'d0': {'_a1_': 0.8375964950247349, '_a3_': 1.2027369160925576, '_a5_': 0.5732009377436774, '_a0_': 1.0, '_a2_': 1.0, '_a4_': 1.0, '_a6_': 1.0, '_a7_': 1.0}};{'d0': 0.024905832919416667};-280.569866449044;34.69456551161395
31401;-105.590367712908;(x * (pow2(_a3_) + pow2((((x * _a1_) + _a5_) + x))));{'d0': {'_a1_': 0.8375964950247349, '_a3_': 1.2027369160925576, '_a5_': 0.5732009377436774, '_a0_': 1.0, '_a2_': 1.0, '_a4_': 1.0, '_a6_': 1.0, '_a7_': 1.0}};{'d0': 0.024905832919416667};-280.569866449044;34.69456551161395
31402;-105.590367712908;(x * (pow2(_a3_) + pow2((((x * _a1_) + _a5_) + x))));{'d0': {'_a1_': 0.8375964950247349, '_a3_': 1.2027369160925576, '_a5_': 0.5732009377436774, '_a0_': 1.0, '_a2_': 1.0, '_a4_': 1.0, '_a6_': 1.0, '_a7_': 1.0}};{'d0': 0.024905832919416667};-280.569866449044;34.69456551161395
31403;-105.590367712908;(x * (pow2(_a3_) + pow2((((x * _a1_) + _a5_) + x))));{'d0': {'_a1_': 0.8375964950247349, '_a3_': 1.2027369160925576, '_a5_': 0.5732009377436774, '_a0_': 1.0, '_a2_': 1.0, '_a4_': 1.0, '_a6_': 1.0, '_a7_': 1.0}};{'d0': 0.024905832919416667};-280.569866449044;34.69456551161395
31404;-105.590367712908;(x * (pow2(_a3_) + pow2((((x * _a1_) + _a5_) + x))));{'d0': {'_a1_': 0.8375964950247349, '_a3_': 1.2027369160925576, '_a5_': 0.5732009377436774, '_a0_': 1.0, '_a2_': 1.0, '_a4_': 1.0, '_a6_': 1.0, '_a7_': 1.0}};{'d0': 0.024905832919416667};-280.569866449044;34.69456551161395
31405;-105.590367712908;(x * (pow2(_a3_) + pow2((((x * _a1_) + _a5_) + x))));{'d0': {'_a1_': 0.8375964950247349, '_a3_': 1.2027369160925576, '_a5_': 0.5732009377436774, '_a0_': 1.0, '_a2_': 1.0, '_a4_': 1.0, '_a6_': 1.0, '_a7_': 1.0}};{'d0': 0.024905832919416667};-280.569866449044;34.69456551161395
31406;-105.590367712908;(x * (pow2(_a3_) + pow2((((x * _a1_) + _a5_) + x))));{'d0': {'_a1_': 0.8375964950247349, '_a3_': 1.2027369160925576, '_a5_': 0.5732009377436774, '_a0_': 1.0, '_a2_': 1.0, '_a4_': 1.0, '_a6_': 1.0, '_a7_': 1.0}};{'d0': 0.024905832919416667};-280.569866449044;34.69456551161395
31407;-105.590367712908;(x * (pow2(_a3_) + pow2((((x * _a1_) + _a5_) + x))));{'d0': {'_a1_': 0.8375964950247349, '_a3_': 1.2027369160925576, '_a5_': 0.5732009377436774, '_a0_': 1.0, '_a2_': 1.0, '_a4_': 1.0, '_a6_': 1.0, '_a7_': 1.0}};{'d0': 0.024905832919416667};-280.569866449044;34.69456551161395
31408;-105.590367712908;(x * (pow2(_a3_) + pow2((((x * _a1_) + _a5_) + x))));{'d0': {'_a1_': 0.8375964950247349, '_a3_': 1.2027369160925576, '_a5_': 0.5732009377436774, '_a0_': 1.0, '_a2_': 1.0, '_a4_': 1.0, '_a6_': 1.0, '_a7_': 1.0}};{'d0': 0.024905832919416667};-280.569866449044;34.69456551161395
31409;-105.590367712908;(x * (pow2(_a3_) + pow2((((x * _a1_) + _a5_) + x))));{'d0': {'_a1_': 0.8375964950247349, '_a3_': 1.2027369160925576, '_a5_': 0.5732009377436774, '_a0_': 1.0, '_a2_': 1.0, '_a4_': 1.0, '_a6_': 1.0, '_a7_': 1.0}};{'d0': 0.024905832919416667};-280.569866449044;34.69456551161395
31410;-105.590367712908;(x * (pow2(_a3_) + pow2((((x * _a1_) + _a5_) + x))));{'d0': {'_a1_': 0.8375964950247349, '_a3_': 1.2027369160925576, '_a5_': 0.5732009377436774, '_a0_': 1.0, '_a2_': 1.0, '_a4_': 1.0, '_a6_': 1.0, '_a7_': 1.0}};{'d0': 0.024905832919416667};-280.569866449044;34.69456551161395
31411;-105.590367712908;(x * (pow2(_a3_) + pow2((((x * _a1_) + _a5_) + x))));{'d0': {'_a1_': 0.8375964950247349, '_a3_': 1.2027369160925576, '_a5_': 0.5732009377436774, '_a0_': 1.0, '_a2_': 1.0, '_a4_': 1.0, '_a6_': 1.0, '_a7_': 1.0}};{'d0': 0.024905832919416667};-280.569866449044;34.69456551161395
31412;-106.651973435153;((_a4_ + (pow2(((x * _a4_) + _a5_)) * _a7_)) * -(x));{'d0': {'_a4_': -1.446576088399938, '_a5_': -0.4512300563986909, '_a7_': -1.613681216777692, '_a0_': 1.0, '_a1_': 1.0, '_a2_': 1.0, '_a3_': 1.0, '_a6_': 1.0}};{'d0': 0.024905832919416615};-280.569866449044;33.6329597893693
31413;-106.651973435153;((_a4_ + (pow2(((x * _a4_) + _a5_)) * _a7_)) * -(x));{'d0': {'_a4_': -1.446576088399938, '_a5_': -0.4512300563986909, '_a7_': -1.613681216777692, '_a0_': 1.0, '_a1_': 1.0, '_a2_': 1.0, '_a3_': 1.0, '_a6_': 1.0}};{'d0': 0.024905832919416615};-280.569866449044;33.6329597893693
31414;-106.651973435153;((_a4_ + (pow2(((x * _a4_) + _a5_)) * _a7_)) * -(x));{'d0': {'_a4_': -1.446576088399938, '_a5_': -0.4512300563986909, '_a7_': -1.613681216777692, '_a0_': 1.0, '_a1_': 1.0, '_a2_': 1.0, '_a3_': 1.0, '_a6_': 1.0}};{'d0': 0.024905832919416615};-280.569866449044;33.6329597893693
31415;-106.651973435153;((_a4_ + (pow2(((x * _a4_) + _a5_)) * _a7_)) * -(x));{'d0': {'_a4_': -1.446576088399938, '_a5_': -0.4512300563986909, '_a7_': -1.613681216777692, '_a0_': 1.0, '_a1_': 1.0, '_a2_': 1.0, '_a3_': 1.0, '_a6_': 1.0}};{'d0': 0.024905832919416615};-280.569866449044;33.6329597893693
31416;-106.651973435153;((_a4_ + (pow2(((x * _a4_) + _a5_)) * _a7_)) * -(x));{'d0': {'_a4_': -1.446576088399938, '_a5_': -0.4512300563986909, '_a7_': -1.613681216777692, '_a0_': 1.0, '_a1_': 1.0, '_a2_': 1.0, '_a3_': 1.0, '_a6_': 1.0}};{'d0': 0.024905832919416615};-280.569866449044;33.6329597893693
31417;-106.651973435153;((_a4_ + (pow2(((x * _a4_) + _a5_)) * _a7_)) * -(x));{'d0': {'_a4_': -1.446576088399938, '_a5_': -0.4512300563986909, '_a7_': -1.613681216777692, '_a0_': 1.0, '_a1_': 1.0, '_a2_': 1.0, '_a3_': 1.0, '_a6_': 1.0}};{'d0': 0.024905832919416615};-280.569866449044;33.6329597893693
31418;-106.651973435153;((_a4_ + (pow2(((x * _a4_) + _a5_)) * _a7_)) * -(x));{'d0': {'_a4_': -1.446576088399938, '_a5_': -0.4512300563986909, '_a7_': -1.613681216777692, '_a0_': 1.0, '_a1_': 1.0, '_a2_': 1.0, '_a3_': 1.0, '_a6_': 1.0}};{'d0': 0.024905832919416615};-280.569866449044;33.6329597893693
31419;-106.651973435153;((_a4_ + (pow2(((x * _a4_) + _a5_)) * _a7_)) * -(x));{'d0': {'_a4_': -1.446576088399938, '_a5_': -0.4512300563986909, '_a7_': -1.613681216777692, '_a0_': 1.0, '_a1_': 1.0, '_a2_': 1.0, '_a3_': 1.0, '_a6_': 1.0}};{'d0': 0.024905832919416615};-280.569866449044;33.6329597893693
31420;-106.651973435153;((_a4_ + (pow2(((x * _a4_) + _a5_)) * _a7_)) * -(x));{'d0': {'_a4_': -1.446576088399938, '_a5_': -0.4512300563986909, '_a7_': -1.613681216777692, '_a0_': 1.0, '_a1_': 1.0, '_a2_': 1.0, '_a3_': 1.0, '_a6_': 1.0}};{'d0': 0.024905832919416615};-280.569866449044;33.6329597893693
31421;-106.651973435153;((_a4_ + (pow2(((x * _a4_) + _a5_)) * _a7_)) * -(x));{'d0': {'_a4_': -1.446576088399938, '_a5_': -0.4512300563986909, '_a7_': -1.613681216777692, '_a0_': 1.0, '_a1_': 1.0, '_a2_': 1.0, '_a3_': 1.0, '_a6_': 1.0}};{'d0': 0.024905832919416615};-280.569866449044;33.6329597893693
31422;-106.651973435153;((_a4_ + (pow2(((x * _a4_) + _a5_)) * _a7_)) * -(x));{'d0': {'_a4_': -1.446576088399938, '_a5_': -0.4512300563986909, '_a7_': -1.613681216777692, '_a0_': 1.0, '_a1_': 1.0, '_a2_': 1.0, '_a3_': 1.0, '_a6_': 1.0}};{'d0': 0.024905832919416615};-280.569866449044;33.6329597893693
31423;-106.651973435153;((_a4_ + (pow2(((x * _a4_) + _a5_)) * _a7_)) * -(x));{'d0': {'_a4_': -1.446576088399938, '_a5_': -0.4512300563986909, '_a7_': -1.613681216777692, '_a0_': 1.0, '_a1_': 1.0, '_a2_': 1.0, '_a3_': 1.0, '_a6_': 1.0}};{'d0': 0.024905832919416615};-280.569866449044;33.6329597893693
31424;-106.651973435153;((_a4_ + (pow2(((x * _a4_) + _a5_)) * _a7_)) * -(x));{'d0': {'_a4_': -1.446576088399938, '_a5_': -0.4512300563986909, '_a7_': -1.613681216777692, '_a0_': 1.0, '_a1_': 1.0, '_a2_': 1.0, '_a3_': 1.0, '_a6_': 1.0}};{'d0': 0.024905832919416615};-280.569866449044;33.6329597893693
31425;-106.651973435153;((_a4_ + (pow2(((x * _a4_) + _a5_)) * _a7_)) * -(x));{'d0': {'_a4_': -1.446576088399938, '_a5_': -0.4512300563986909, '_a7_': -1.613681216777692, '_a0_': 1.0, '_a1_': 1.0, '_a2_': 1.0, '_a3_': 1.0, '_a6_': 1.0}};{'d0': 0.024905832919416615};-280.569866449044;33.6329597893693
31426;-106.651973435153;((_a4_ + (pow2(((x * _a4_) + _a5_)) * _a7_)) * -(x));{'d0': {'_a4_': -1.446576088399938, '_a5_': -0.4512300563986909, '_a7_': -1.613681216777692, '_a0_': 1.0, '_a1_': 1.0, '_a2_': 1.0, '_a3_': 1.0, '_a6_': 1.0}};{'d0': 0.024905832919416615};-280.569866449044;33.6329597893693
31427;-106.651973435153;((_a4_ + (pow2(((x * _a4_) + _a5_)) * _a7_)) * -(x));{'d0': {'_a4_': -1.446576088399938, '_a5_': -0.4512300563986909, '_a7_': -1.613681216777692, '_a0_': 1.0, '_a1_': 1.0, '_a2_': 1.0, '_a3_': 1.0, '_a6_': 1.0}};{'d0': 0.024905832919416615};-280.569866449044;33.6329597893693
31428;-106.651973435153;((_a4_ + (pow2(((x * _a4_) + _a5_)) * _a7_)) * -(x));{'d0': {'_a4_': -1.446576088399938, '_a5_': -0.4512300563986909, '_a7_': -1.613681216777692, '_a0_': 1.0, '_a1_': 1.0, '_a2_': 1.0, '_a3_': 1.0, '_a6_': 1.0}};{'d0': 0.024905832919416615};-280.569866449044;33.6329597893693
31429;-106.651973435153;((_a4_ + (pow2(((x * _a4_) + _a5_)) * _a7_)) * -(x));{'d0': {'_a4_': -1.446576088399938, '_a5_': -0.4512300563986909, '_a7_': -1.613681216777692, '_a0_': 1.0, '_a1_': 1.0, '_a2_': 1.0, '_a3_': 1.0, '_a6_': 1.0}};{'d0': 0.024905832919416615};-280.569866449044;33.6329597893693
31430;-106.651973435153;((_a4_ + (pow2(((x * _a4_) + _a5_)) * _a7_)) * -(x));{'d0': {'_a4_': -1.446576088399938, '_a5_': -0.4512300563986909, '_a7_': -1.613681216777692, '_a0_': 1.0, '_a1_': 1.0, '_a2_': 1.0, '_a3_': 1.0, '_a6_': 1.0}};{'d0': 0.024905832919416615};-280.569866449044;33.6329597893693
31431;-106.651973435153;((_a4_ + (pow2(((x * _a4_) + _a5_)) * _a7_)) * -(x));{'d0': {'_a4_': -1.446576088399938, '_a5_': -0.4512300563986909, '_a7_': -1.613681216777692, '_a0_': 1.0, '_a1_': 1.0, '_a2_': 1.0, '_a3_': 1.0, '_a6_': 1.0}};{'d0': 0.024905832919416615};-280.569866449044;33.6329597893693
31432;-106.651973435153;((_a4_ + (pow2(((x * _a4_) + _a5_)) * _a7_)) * -(x));{'d0': {'_a4_': -1.446576088399938, '_a5_': -0.4512300563986909, '_a7_': -1.613681216777692, '_a0_': 1.0, '_a1_': 1.0, '_a2_': 1.0, '_a3_': 1.0, '_a6_': 1.0}};{'d0': 0.024905832919416615};-280.569866449044;33.6329597893693
31433;-106.651973435153;((_a4_ + (pow2(((x * _a4_) + _a5_)) * _a7_)) * -(x));{'d0': {'_a4_': -1.446576088399938, '_a5_': -0.4512300563986909, '_a7_': -1.613681216777692, '_a0_': 1.0, '_a1_': 1.0, '_a2_': 1.0, '_a3_': 1.0, '_a6_': 1.0}};{'d0': 0.024905832919416615};-280.569866449044;33.6329597893693
31434;-106.651973435153;((_a4_ + (pow2(((x * _a4_) + _a5_)) * _a7_)) * -(x));{'d0': {'_a4_': -1.446576088399938, '_a5_': -0.4512300563986909, '_a7_': -1.613681216777692, '_a0_': 1.0, '_a1_': 1.0, '_a2_': 1.0, '_a3_': 1.0, '_a6_': 1.0}};{'d0': 0.024905832919416615};-280.569866449044;33.6329597893693
31435;-106.651973435153;((_a4_ + (pow2(((x * _a4_) + _a5_)) * _a7_)) * -(x));{'d0': {'_a4_': -1.446576088399938, '_a5_': -0.4512300563986909, '_a7_': -1.613681216777692, '_a0_': 1.0, '_a1_': 1.0, '_a2_': 1.0, '_a3_': 1.0, '_a6_': 1.0}};{'d0': 0.024905832919416615};-280.569866449044;33.6329597893693
31436;-106.651973435153;((_a4_ + (pow2(((x * _a4_) + _a5_)) * _a7_)) * -(x));{'d0': {'_a4_': -1.446576088399938, '_a5_': -0.4512300563986909, '_a7_': -1.613681216777692, '_a0_': 1.0, '_a1_': 1.0, '_a2_': 1.0, '_a3_': 1.0, '_a6_': 1.0}};{'d0': 0.024905832919416615};-280.569866449044;33.6329597893693
31437;-106.651973435153;((_a4_ + (pow2(((x * _a4_) + _a5_)) * _a7_)) * -(x));{'d0': {'_a4_': -1.446576088399938, '_a5_': -0.4512300563986909, '_a7_': -1.613681216777692, '_a0_': 1.0, '_a1_': 1.0, '_a2_': 1.0, '_a3_': 1.0, '_a6_': 1.0}};{'d0': 0.024905832919416615};-280.569866449044;33.6329597893693
31438;-106.651973435153;((_a4_ + (pow2(((x * _a4_) + _a5_)) * _a7_)) * -(x));{'d0': {'_a4_': -1.446576088399938, '_a5_': -0.4512300563986909, '_a7_': -1.613681216777692, '_a0_': 1.0, '_a1_': 1.0, '_a2_': 1.0, '_a3_': 1.0, '_a6_': 1.0}};{'d0': 0.024905832919416615};-280.569866449044;33.6329597893693
31439;-106.651973435153;((_a4_ + (pow2(((x * _a4_) + _a5_)) * _a7_)) * -(x));{'d0': {'_a4_': -1.446576088399938, '_a5_': -0.4512300563986909, '_a7_': -1.613681216777692, '_a0_': 1.0, '_a1_': 1.0, '_a2_': 1.0, '_a3_': 1.0, '_a6_': 1.0}};{'d0': 0.024905832919416615};-280.569866449044;33.6329597893693
31440;-106.651973435153;((_a4_ + (pow2(((x * _a4_) + _a5_)) * _a7_)) * -(x));{'d0': {'_a4_': -1.446576088399938, '_a5_': -0.4512300563986909, '_a7_': -1.613681216777692, '_a0_': 1.0, '_a1_': 1.0, '_a2_': 1.0, '_a3_': 1.0, '_a6_': 1.0}};{'d0': 0.024905832919416615};-280.569866449044;33.6329597893693
31441;-106.651973435153;((_a4_ + (pow2(((x * _a4_) + _a5_)) * _a7_)) * -(x));{'d0': {'_a4_': -1.446576088399938, '_a5_': -0.4512300563986909, '_a7_': -1.613681216777692, '_a0_': 1.0, '_a1_': 1.0, '_a2_': 1.0, '_a3_': 1.0, '_a6_': 1.0}};{'d0': 0.024905832919416615};-280.569866449044;33.6329597893693
31442;-106.651973435153;((_a4_ + (pow2(((x * _a4_) + _a5_)) * _a7_)) * -(x));{'d0': {'_a4_': -1.446576088399938, '_a5_': -0.4512300563986909, '_a7_': -1.613681216777692, '_a0_': 1.0, '_a1_': 1.0, '_a2_': 1.0, '_a3_': 1.0, '_a6_': 1.0}};{'d0': 0.024905832919416615};-280.569866449044;33.6329597893693
31443;-106.651973435153;((_a4_ + (pow2(((x * _a4_) + _a5_)) * _a7_)) * -(x));{'d0': {'_a4_': -1.446576088399938, '_a5_': -0.4512300563986909, '_a7_': -1.613681216777692, '_a0_': 1.0, '_a1_': 1.0, '_a2_': 1.0, '_a3_': 1.0, '_a6_': 1.0}};{'d0': 0.024905832919416615};-280.569866449044;33.6329597893693
31444;-106.651973435153;((_a4_ + (pow2(((x * _a4_) + _a5_)) * _a7_)) * -(x));{'d0': {'_a4_': -1.446576088399938, '_a5_': -0.4512300563986909, '_a7_': -1.613681216777692, '_a0_': 1.0, '_a1_': 1.0, '_a2_': 1.0, '_a3_': 1.0, '_a6_': 1.0}};{'d0': 0.024905832919416615};-280.569866449044;33.6329597893693
31445;-106.651973435153;((_a4_ + (pow2(((x * _a4_) + _a5_)) * _a7_)) * -(x));{'d0': {'_a4_': -1.446576088399938, '_a5_': -0.4512300563986909, '_a7_': -1.613681216777692, '_a0_': 1.0, '_a1_': 1.0, '_a2_': 1.0, '_a3_': 1.0, '_a6_': 1.0}};{'d0': 0.024905832919416615};-280.569866449044;33.6329597893693
31446;-106.651973435153;((_a4_ + (pow2(((x * _a4_) + _a5_)) * _a7_)) * -(x));{'d0': {'_a4_': -1.446576088399938, '_a5_': -0.4512300563986909, '_a7_': -1.613681216777692, '_a0_': 1.0, '_a1_': 1.0, '_a2_': 1.0, '_a3_': 1.0, '_a6_': 1.0}};{'d0': 0.024905832919416615};-280.569866449044;33.6329597893693
31447;-106.651973435153;((_a4_ + (pow2(((x * _a4_) + _a5_)) * _a7_)) * -(x));{'d0': {'_a4_': -1.446576088399938, '_a5_': -0.4512300563986909, '_a7_': -1.613681216777692, '_a0_': 1.0, '_a1_': 1.0, '_a2_': 1.0, '_a3_': 1.0, '_a6_': 1.0}};{'d0': 0.024905832919416615};-280.569866449044;33.6329597893693
31448;-106.651973435153;((_a4_ + (pow2(((x * _a4_) + _a5_)) * _a7_)) * -(x));{'d0': {'_a4_': -1.446576088399938, '_a5_': -0.4512300563986909, '_a7_': -1.613681216777692, '_a0_': 1.0, '_a1_': 1.0, '_a2_': 1.0, '_a3_': 1.0, '_a6_': 1.0}};{'d0': 0.024905832919416615};-280.569866449044;33.6329597893693
31449;-106.651973435153;((_a4_ + (pow2(((x * _a4_) + _a5_)) * _a7_)) * -(x));{'d0': {'_a4_': -1.446576088399938, '_a5_': -0.4512300563986909, '_a7_': -1.613681216777692, '_a0_': 1.0, '_a1_': 1.0, '_a2_': 1.0, '_a3_': 1.0, '_a6_': 1.0}};{'d0': 0.024905832919416615};-280.569866449044;33.6329597893693
31450;-106.651973435153;((_a4_ + (pow2(((x * _a4_) + _a5_)) * _a7_)) * -(x));{'d0': {'_a4_': -1.446576088399938, '_a5_': -0.4512300563986909, '_a7_': -1.613681216777692, '_a0_': 1.0, '_a1_': 1.0, '_a2_': 1.0, '_a3_': 1.0, '_a6_': 1.0}};{'d0': 0.024905832919416615};-280.569866449044;33.6329597893693
31451;-106.651973435153;((_a4_ + (pow2(((x * _a4_) + _a5_)) * _a7_)) * -(x));{'d0': {'_a4_': -1.446576088399938, '_a5_': -0.4512300563986909, '_a7_': -1.613681216777692, '_a0_': 1.0, '_a1_': 1.0, '_a2_': 1.0, '_a3_': 1.0, '_a6_': 1.0}};{'d0': 0.024905832919416615};-280.569866449044;33.6329597893693
31452;-106.651973435153;((_a4_ + (pow2(((x * _a4_) + _a5_)) * _a7_)) * -(x));{'d0': {'_a4_': -1.446576088399938, '_a5_': -0.4512300563986909, '_a7_': -1.613681216777692, '_a0_': 1.0, '_a1_': 1.0, '_a2_': 1.0, '_a3_': 1.0, '_a6_': 1.0}};{'d0': 0.024905832919416615};-280.569866449044;33.6329597893693
31453;-106.651973435153;((_a4_ + (pow2(((x * _a4_) + _a5_)) * _a7_)) * -(x));{'d0': {'_a4_': -1.446576088399938, '_a5_': -0.4512300563986909, '_a7_': -1.613681216777692, '_a0_': 1.0, '_a1_': 1.0, '_a2_': 1.0, '_a3_': 1.0, '_a6_': 1.0}};{'d0': 0.024905832919416615};-280.569866449044;33.6329597893693
31454;-106.651973435153;((_a4_ + (pow2(((x * _a4_) + _a5_)) * _a7_)) * -(x));{'d0': {'_a4_': -1.446576088399938, '_a5_': -0.4512300563986909, '_a7_': -1.613681216777692, '_a0_': 1.0, '_a1_': 1.0, '_a2_': 1.0, '_a3_': 1.0, '_a6_': 1.0}};{'d0': 0.024905832919416615};-280.569866449044;33.6329597893693
31455;-106.651973435153;((_a4_ + (pow2(((x * _a4_) + _a5_)) * _a7_)) * -(x));{'d0': {'_a4_': -1.446576088399938, '_a5_': -0.4512300563986909, '_a7_': -1.613681216777692, '_a0_': 1.0, '_a1_': 1.0, '_a2_': 1.0, '_a3_': 1.0, '_a6_': 1.0}};{'d0': 0.024905832919416615};-280.569866449044;33.6329597893693
31456;-106.651973435153;((_a4_ + (pow2(((x * _a4_) + _a5_)) * _a3_)) * -(x));{'d0': {'_a3_': -1.6136812166905137, '_a4_': -1.446576088473046, '_a5_': -0.4512300565051217, '_a0_': 1.0, '_a1_': 1.0, '_a2_': 1.0, '_a6_': 1.0, '_a7_': 1.0}};{'d0': 0.024905832919416625};-280.569866449044;33.6329597893693
31457;-106.651973435153;((_a4_ + (pow2(((x * _a4_) + _a5_)) * _a3_)) * -(x));{'d0': {'_a3_': -1.6136812166905137, '_a4_': -1.446576088473046, '_a5_': -0.4512300565051217, '_a0_': 1.0, '_a1_': 1.0, '_a2_': 1.0, '_a6_': 1.0, '_a7_': 1.0}};{'d0': 0.024905832919416625};-280.569866449044;33.6329597893693
31458;-106.651973435153;((_a4_ + (pow2(((x * _a4_) + _a5_)) * _a3_)) * -(x));{'d0': {'_a3_': -1.6136812166905137, '_a4_': -1.446576088473046, '_a5_': -0.4512300565051217, '_a0_': 1.0, '_a1_': 1.0, '_a2_': 1.0, '_a6_': 1.0, '_a7_': 1.0}};{'d0': 0.024905832919416625};-280.569866449044;33.6329597893693
31459;-106.651973435153;((_a4_ + (pow2(((x * _a4_) + _a5_)) * _a3_)) * -(x));{'d0': {'_a3_': -1.6136812166905137, '_a4_': -1.446576088473046, '_a5_': -0.4512300565051217, '_a0_': 1.0, '_a1_': 1.0, '_a2_': 1.0, '_a6_': 1.0, '_a7_': 1.0}};{'d0': 0.024905832919416625};-280.569866449044;33.6329597893693
31460;-106.651973435153;((_a4_ + (pow2(((x * _a4_) + _a5_)) * _a3_)) * -(x));{'d0': {'_a3_': -1.6136812166905137, '_a4_': -1.446576088473046, '_a5_': -0.4512300565051217, '_a0_': 1.0, '_a1_': 1.0, '_a2_': 1.0, '_a6_': 1.0, '_a7_': 1.0}};{'d0': 0.024905832919416625};-280.569866449044;33.6329597893693
31461;-106.651973435153;((_a4_ + (pow2(((x * _a4_) + _a5_)) * _a3_)) * -(x));{'d0': {'_a3_': -1.6136812166905137, '_a4_': -1.446576088473046, '_a5_': -0.4512300565051217, '_a0_': 1.0, '_a1_': 1.0, '_a2_': 1.0, '_a6_': 1.0, '_a7_': 1.0}};{'d0': 0.024905832919416625};-280.569866449044;33.6329597893693
31462;-106.651973435153;((_a4_ + (pow2(((x * _a4_) + _a5_)) * _a3_)) * -(x));{'d0': {'_a3_': -1.6136812166905137, '_a4_': -1.446576088473046, '_a5_': -0.4512300565051217, '_a0_': 1.0, '_a1_': 1.0, '_a2_': 1.0, '_a6_': 1.0, '_a7_': 1.0}};{'d0': 0.024905832919416625};-280.569866449044;33.6329597893693
31463;-106.651973435153;((_a4_ + (pow2(((x * _a4_) + _a5_)) * _a3_)) * -(x));{'d0': {'_a3_': -1.6136812166905137, '_a4_': -1.446576088473046, '_a5_': -0.4512300565051217, '_a0_': 1.0, '_a1_': 1.0, '_a2_': 1.0, '_a6_': 1.0, '_a7_': 1.0}};{'d0': 0.024905832919416625};-280.569866449044;33.6329597893693
31464;-106.651973435153;((_a4_ + (pow2(((x * _a4_) + _a5_)) * _a3_)) * -(x));{'d0': {'_a3_': -1.6136812166905137, '_a4_': -1.446576088473046, '_a5_': -0.4512300565051217, '_a0_': 1.0, '_a1_': 1.0, '_a2_': 1.0, '_a6_': 1.0, '_a7_': 1.0}};{'d0': 0.024905832919416625};-280.569866449044;33.6329597893693
31465;-106.651973435153;((_a4_ + (pow2(((x * _a4_) + _a5_)) * _a3_)) * -(x));{'d0': {'_a3_': -1.6136812166905137, '_a4_': -1.446576088473046, '_a5_': -0.4512300565051217, '_a0_': 1.0, '_a1_': 1.0, '_a2_': 1.0, '_a6_': 1.0, '_a7_': 1.0}};{'d0': 0.024905832919416625};-280.569866449044;33.6329597893693
31466;-106.651973435153;((_a4_ + (pow2(((x * _a4_) + _a5_)) * _a3_)) * -(x));{'d0': {'_a3_': -1.6136812166905137, '_a4_': -1.446576088473046, '_a5_': -0.4512300565051217, '_a0_': 1.0, '_a1_': 1.0, '_a2_': 1.0, '_a6_': 1.0, '_a7_': 1.0}};{'d0': 0.024905832919416625};-280.569866449044;33.6329597893693
31467;-106.651973435153;((_a4_ + (pow2(((x * _a4_) + _a5_)) * _a3_)) * -(x));{'d0': {'_a3_': -1.6136812166905137, '_a4_': -1.446576088473046, '_a5_': -0.4512300565051217, '_a0_': 1.0, '_a1_': 1.0, '_a2_': 1.0, '_a6_': 1.0, '_a7_': 1.0}};{'d0': 0.024905832919416625};-280.569866449044;33.6329597893693
31468;-106.651973435153;((_a4_ + (pow2(((x * _a4_) + _a5_)) * _a3_)) * -(x));{'d0': {'_a3_': -1.6136812166905137, '_a4_': -1.446576088473046, '_a5_': -0.4512300565051217, '_a0_': 1.0, '_a1_': 1.0, '_a2_': 1.0, '_a6_': 1.0, '_a7_': 1.0}};{'d0': 0.024905832919416625};-280.569866449044;33.6329597893693
31469;-106.651973435153;((_a4_ + (pow2(((x * _a4_) + _a5_)) * _a3_)) * -(x));{'d0': {'_a3_': -1.6136812166905137, '_a4_': -1.446576088473046, '_a5_': -0.4512300565051217, '_a0_': 1.0, '_a1_': 1.0, '_a2_': 1.0, '_a6_': 1.0, '_a7_': 1.0}};{'d0': 0.024905832919416625};-280.569866449044;33.6329597893693
31470;-106.651973435153;((_a4_ + (pow2(((x * _a4_) + _a5_)) * _a3_)) * -(x));{'d0': {'_a3_': -1.6136812166905137, '_a4_': -1.446576088473046, '_a5_': -0.4512300565051217, '_a0_': 1.0, '_a1_': 1.0, '_a2_': 1.0, '_a6_': 1.0, '_a7_': 1.0}};{'d0': 0.024905832919416625};-280.569866449044;33.6329597893693
31471;-106.651973435153;((_a4_ + (pow2(((x * _a4_) + _a5_)) * _a3_)) * -(x));{'d0': {'_a3_': -1.6136812166905137, '_a4_': -1.446576088473046, '_a5_': -0.4512300565051217, '_a0_': 1.0, '_a1_': 1.0, '_a2_': 1.0, '_a6_': 1.0, '_a7_': 1.0}};{'d0': 0.024905832919416625};-280.569866449044;33.6329597893693
31472;-106.651973435153;((_a4_ + (pow2(((x * _a4_) + _a5_)) * _a3_)) * -(x));{'d0': {'_a3_': -1.6136812166905137, '_a4_': -1.446576088473046, '_a5_': -0.4512300565051217, '_a0_': 1.0, '_a1_': 1.0, '_a2_': 1.0, '_a6_': 1.0, '_a7_': 1.0}};{'d0': 0.024905832919416625};-280.569866449044;33.6329597893693
31473;-106.651973435153;((_a4_ + (pow2(((x * _a4_) + _a5_)) * _a3_)) * -(x));{'d0': {'_a3_': -1.6136812166905137, '_a4_': -1.446576088473046, '_a5_': -0.4512300565051217, '_a0_': 1.0, '_a1_': 1.0, '_a2_': 1.0, '_a6_': 1.0, '_a7_': 1.0}};{'d0': 0.024905832919416625};-280.569866449044;33.6329597893693
31474;-106.651973435153;((_a4_ + (pow2(((x * _a4_) + _a5_)) * _a3_)) * -(x));{'d0': {'_a3_': -1.6136812166905137, '_a4_': -1.446576088473046, '_a5_': -0.4512300565051217, '_a0_': 1.0, '_a1_': 1.0, '_a2_': 1.0, '_a6_': 1.0, '_a7_': 1.0}};{'d0': 0.024905832919416625};-280.569866449044;33.6329597893693
31475;-106.651973435153;((_a4_ + (pow2(((x * _a4_) + _a5_)) * _a3_)) * -(x));{'d0': {'_a3_': -1.6136812166905137, '_a4_': -1.446576088473046, '_a5_': -0.4512300565051217, '_a0_': 1.0, '_a1_': 1.0, '_a2_': 1.0, '_a6_': 1.0, '_a7_': 1.0}};{'d0': 0.024905832919416625};-280.569866449044;33.6329597893693
31476;-106.651973435153;((_a4_ + (pow2(((x * _a4_) + _a5_)) * _a3_)) * -(x));{'d0': {'_a3_': -1.6136812166905137, '_a4_': -1.446576088473046, '_a5_': -0.4512300565051217, '_a0_': 1.0, '_a1_': 1.0, '_a2_': 1.0, '_a6_': 1.0, '_a7_': 1.0}};{'d0': 0.024905832919416625};-280.569866449044;33.6329597893693
31477;-106.651973435153;((_a4_ + (pow2(((x * _a4_) + _a5_)) * _a3_)) * -(x));{'d0': {'_a3_': -1.6136812166905137, '_a4_': -1.446576088473046, '_a5_': -0.4512300565051217, '_a0_': 1.0, '_a1_': 1.0, '_a2_': 1.0, '_a6_': 1.0, '_a7_': 1.0}};{'d0': 0.024905832919416625};-280.569866449044;33.6329597893693
31478;-106.651973435153;((_a4_ + (pow2(((x * _a4_) + _a5_)) * _a3_)) * -(x));{'d0': {'_a3_': -1.6136812166905137, '_a4_': -1.446576088473046, '_a5_': -0.4512300565051217, '_a0_': 1.0, '_a1_': 1.0, '_a2_': 1.0, '_a6_': 1.0, '_a7_': 1.0}};{'d0': 0.024905832919416625};-280.569866449044;33.6329597893693
31479;-97.3596223271334;((_a7_ + (((_a3_ * x) * (_a3_ + (_a3_ + (_a0_ / x)))) * x)) * x);{'d0': {'_a0_': 1.621257080252607, '_a3_': 1.2993769427407453, '_a7_': 1.775135404270303, '_a1_': 1.0, '_a2_': 1.0, '_a4_': 1.0, '_a5_': 1.0, '_a6_': 1.0}};{'d0': 0.024905832919416598};-280.569866449044;42.92531089738847
31480;-97.3596223271334;((_a7_ + (((_a3_ * x) * (_a3_ + (_a3_ + (_a0_ / x)))) * x)) * x);{'d0': {'_a0_': 1.621257080252607, '_a3_': 1.2993769427407453, '_a7_': 1.775135404270303, '_a1_': 1.0, '_a2_': 1.0, '_a4_': 1.0, '_a5_': 1.0, '_a6_': 1.0}};{'d0': 0.024905832919416598};-280.569866449044;42.92531089738847
31481;-97.3596223271334;((_a7_ + (((_a3_ * x) * (_a3_ + (_a3_ + (_a0_ / x)))) * x)) * x);{'d0': {'_a0_': 1.621257080252607, '_a3_': 1.2993769427407453, '_a7_': 1.775135404270303, '_a1_': 1.0, '_a2_': 1.0, '_a4_': 1.0, '_a5_': 1.0, '_a6_': 1.0}};{'d0': 0.024905832919416598};-280.569866449044;42.92531089738847
31482;-97.3596223271334;((_a7_ + (((_a3_ * x) * (_a3_ + (_a3_ + (_a0_ / x)))) * x)) * x);{'d0': {'_a0_': 1.621257080252607, '_a3_': 1.2993769427407453, '_a7_': 1.775135404270303, '_a1_': 1.0, '_a2_': 1.0, '_a4_': 1.0, '_a5_': 1.0, '_a6_': 1.0}};{'d0': 0.024905832919416598};-280.569866449044;42.92531089738847
31483;-97.3596223271334;((_a7_ + (((_a3_ * x) * (_a3_ + (_a3_ + (_a0_ / x)))) * x)) * x);{'d0': {'_a0_': 1.621257080252607, '_a3_': 1.2993769427407453, '_a7_': 1.775135404270303, '_a1_': 1.0, '_a2_': 1.0, '_a4_': 1.0, '_a5_': 1.0, '_a6_': 1.0}};{'d0': 0.024905832919416598};-280.569866449044;42.92531089738847
31484;-97.3596223271334;((_a7_ + (((_a3_ * x) * (_a3_ + (_a3_ + (_a0_ / x)))) * x)) * x);{'d0': {'_a0_': 1.621257080252607, '_a3_': 1.2993769427407453, '_a7_': 1.775135404270303, '_a1_': 1.0, '_a2_': 1.0, '_a4_': 1.0, '_a5_': 1.0, '_a6_': 1.0}};{'d0': 0.024905832919416598};-280.569866449044;42.92531089738847
31485;-97.3596223271334;((_a7_ + (((_a3_ * x) * (_a3_ + (_a3_ + (_a0_ / x)))) * x)) * x);{'d0': {'_a0_': 1.621257080252607, '_a3_': 1.2993769427407453, '_a7_': 1.775135404270303, '_a1_': 1.0, '_a2_': 1.0, '_a4_': 1.0, '_a5_': 1.0, '_a6_': 1.0}};{'d0': 0.024905832919416598};-280.569866449044;42.92531089738847
31486;-97.3596223271334;((_a7_ + (((_a3_ * x) * (_a3_ + (_a3_ + (_a0_ / x)))) * x)) * x);{'d0': {'_a0_': 1.621257080252607, '_a3_': 1.2993769427407453, '_a7_': 1.775135404270303, '_a1_': 1.0, '_a2_': 1.0, '_a4_': 1.0, '_a5_': 1.0, '_a6_': 1.0}};{'d0': 0.024905832919416598};-280.569866449044;42.92531089738847
31487;-97.3596223271334;((_a7_ + (((_a3_ * x) * (_a3_ + (_a3_ + (_a0_ / x)))) * x)) * x);{'d0': {'_a0_': 1.621257080252607, '_a3_': 1.2993769427407453, '_a7_': 1.775135404270303, '_a1_': 1.0, '_a2_': 1.0, '_a4_': 1.0, '_a5_': 1.0, '_a6_': 1.0}};{'d0': 0.024905832919416598};-280.569866449044;42.92531089738847
31488;-97.3596223271334;((_a7_ + (((_a3_ * x) * (_a3_ + (_a3_ + (_a0_ / x)))) * x)) * x);{'d0': {'_a0_': 1.621257080252607, '_a3_': 1.2993769427407453, '_a7_': 1.775135404270303, '_a1_': 1.0, '_a2_': 1.0, '_a4_': 1.0, '_a5_': 1.0, '_a6_': 1.0}};{'d0': 0.024905832919416598};-280.569866449044;42.92531089738847
31489;-97.3596223271334;((_a7_ + (((_a3_ * x) * (_a3_ + (_a3_ + (_a0_ / x)))) * x)) * x);{'d0': {'_a0_': 1.621257080252607, '_a3_': 1.2993769427407453, '_a7_': 1.775135404270303, '_a1_': 1.0, '_a2_': 1.0, '_a4_': 1.0, '_a5_': 1.0, '_a6_': 1.0}};{'d0': 0.024905832919416598};-280.569866449044;42.92531089738847
31490;-97.3596223271334;((_a7_ + (((_a3_ * x) * (_a3_ + (_a3_ + (_a0_ / x)))) * x)) * x);{'d0': {'_a0_': 1.621257080252607, '_a3_': 1.2993769427407453, '_a7_': 1.775135404270303, '_a1_': 1.0, '_a2_': 1.0, '_a4_': 1.0, '_a5_': 1.0, '_a6_': 1.0}};{'d0': 0.024905832919416598};-280.569866449044;42.92531089738847
31491;-97.3596223271334;((_a7_ + (((_a3_ * x) * (_a3_ + (_a3_ + (_a0_ / x)))) * x)) * x);{'d0': {'_a0_': 1.621257080252607, '_a3_': 1.2993769427407453, '_a7_': 1.775135404270303, '_a1_': 1.0, '_a2_': 1.0, '_a4_': 1.0, '_a5_': 1.0, '_a6_': 1.0}};{'d0': 0.024905832919416598};-280.569866449044;42.92531089738847
31492;-97.3596223271334;((_a7_ + (((_a3_ * x) * (_a3_ + (_a3_ + (_a0_ / x)))) * x)) * x);{'d0': {'_a0_': 1.621257080252607, '_a3_': 1.2993769427407453, '_a7_': 1.775135404270303, '_a1_': 1.0, '_a2_': 1.0, '_a4_': 1.0, '_a5_': 1.0, '_a6_': 1.0}};{'d0': 0.024905832919416598};-280.569866449044;42.92531089738847
31493;-97.3596223271334;((_a7_ + (((_a3_ * x) * (_a3_ + (_a3_ + (_a0_ / x)))) * x)) * x);{'d0': {'_a0_': 1.621257080252607, '_a3_': 1.2993769427407453, '_a7_': 1.775135404270303, '_a1_': 1.0, '_a2_': 1.0, '_a4_': 1.0, '_a5_': 1.0, '_a6_': 1.0}};{'d0': 0.024905832919416598};-280.569866449044;42.92531089738847
31494;-97.3596223271334;((_a7_ + (((_a3_ * x) * (_a3_ + (_a3_ + (_a0_ / x)))) * x)) * x);{'d0': {'_a0_': 1.621257080252607, '_a3_': 1.2993769427407453, '_a7_': 1.775135404270303, '_a1_': 1.0, '_a2_': 1.0, '_a4_': 1.0, '_a5_': 1.0, '_a6_': 1.0}};{'d0': 0.024905832919416598};-280.569866449044;42.92531089738847
31495;-97.3596223271334;((_a7_ + (((_a3_ * x) * (_a3_ + (_a3_ + (_a0_ / x)))) * x)) * x);{'d0': {'_a0_': 1.621257080252607, '_a3_': 1.2993769427407453, '_a7_': 1.775135404270303, '_a1_': 1.0, '_a2_': 1.0, '_a4_': 1.0, '_a5_': 1.0, '_a6_': 1.0}};{'d0': 0.024905832919416598};-280.569866449044;42.92531089738847
31496;-97.3596223271334;((_a7_ + (((_a3_ * x) * (_a3_ + (_a3_ + (_a0_ / x)))) * x)) * x);{'d0': {'_a0_': 1.621257080252607, '_a3_': 1.2993769427407453, '_a7_': 1.775135404270303, '_a1_': 1.0, '_a2_': 1.0, '_a4_': 1.0, '_a5_': 1.0, '_a6_': 1.0}};{'d0': 0.024905832919416598};-280.569866449044;42.92531089738847
31497;-97.3596223271334;((_a7_ + (((_a3_ * x) * (_a3_ + (_a3_ + (_a0_ / x)))) * x)) * x);{'d0': {'_a0_': 1.621257080252607, '_a3_': 1.2993769427407453, '_a7_': 1.775135404270303, '_a1_': 1.0, '_a2_': 1.0, '_a4_': 1.0, '_a5_': 1.0, '_a6_': 1.0}};{'d0': 0.024905832919416598};-280.569866449044;42.92531089738847
31498;-97.3596223271334;((_a7_ + (((_a3_ * x) * (_a3_ + (_a3_ + (_a0_ / x)))) * x)) * x);{'d0': {'_a0_': 1.621257080252607, '_a3_': 1.2993769427407453, '_a7_': 1.775135404270303, '_a1_': 1.0, '_a2_': 1.0, '_a4_': 1.0, '_a5_': 1.0, '_a6_': 1.0}};{'d0': 0.024905832919416598};-280.569866449044;42.92531089738847
31499;-97.3596223271334;((_a7_ + (((_a3_ * x) * (_a3_ + (_a3_ + (_a0_ / x)))) * x)) * x);{'d0': {'_a0_': 1.621257080252607, '_a3_': 1.2993769427407453, '_a7_': 1.775135404270303, '_a1_': 1.0, '_a2_': 1.0, '_a4_': 1.0, '_a5_': 1.0, '_a6_': 1.0}};{'d0': 0.024905832919416598};-280.569866449044;42.92531089738847
31500;-97.3596223271334;((_a7_ + (((_a3_ * x) * (_a3_ + (_a3_ + (_a0_ / x)))) * x)) * x);{'d0': {'_a0_': 1.621257080252607, '_a3_': 1.2993769427407453, '_a7_': 1.775135404270303, '_a1_': 1.0, '_a2_': 1.0, '_a4_': 1.0, '_a5_': 1.0, '_a6_': 1.0}};{'d0': 0.024905832919416598};-280.569866449044;42.92531089738847
31501;-97.3596223271334;((_a7_ + (((_a3_ * x) * (_a3_ + (_a3_ + (_a0_ / x)))) * x)) * x);{'d0': {'_a0_': 1.621257080252607, '_a3_': 1.2993769427407453, '_a7_': 1.775135404270303, '_a1_': 1.0, '_a2_': 1.0, '_a4_': 1.0, '_a5_': 1.0, '_a6_': 1.0}};{'d0': 0.024905832919416598};-280.569866449044;42.92531089738847
31502;-97.3596223271334;((_a7_ + (((_a3_ * x) * (_a3_ + (_a3_ + (_a0_ / x)))) * x)) * x);{'d0': {'_a0_': 1.621257080252607, '_a3_': 1.2993769427407453, '_a7_': 1.775135404270303, '_a1_': 1.0, '_a2_': 1.0, '_a4_': 1.0, '_a5_': 1.0, '_a6_': 1.0}};{'d0': 0.024905832919416598};-280.569866449044;42.92531089738847
31503;-97.3596223271334;((_a7_ + (((_a3_ * x) * (_a3_ + (_a3_ + (_a0_ / x)))) * x)) * x);{'d0': {'_a0_': 1.621257080252607, '_a3_': 1.2993769427407453, '_a7_': 1.775135404270303, '_a1_': 1.0, '_a2_': 1.0, '_a4_': 1.0, '_a5_': 1.0, '_a6_': 1.0}};{'d0': 0.024905832919416598};-280.569866449044;42.92531089738847
31504;-97.3596223271334;((_a7_ + (((_a3_ * x) * (_a3_ + (_a3_ + (_a0_ / x)))) * x)) * x);{'d0': {'_a0_': 1.621257080252607, '_a3_': 1.2993769427407453, '_a7_': 1.775135404270303, '_a1_': 1.0, '_a2_': 1.0, '_a4_': 1.0, '_a5_': 1.0, '_a6_': 1.0}};{'d0': 0.024905832919416598};-280.569866449044;42.92531089738847
31505;-97.3596223271333;((_a2_ + (((_a3_ * x) * (_a3_ + (_a3_ + (_a0_ / x)))) * x)) * x);{'d0': {'_a0_': 1.6212570805541162, '_a2_': 1.7751354044175085, '_a3_': 1.2993769428063602, '_a1_': 1.0, '_a4_': 1.0, '_a5_': 1.0, '_a6_': 1.0, '_a7_': 1.0}};{'d0': 0.024905832919416643};-280.569866449044;42.92531089738847
31506;-97.3596223271333;((_a2_ + (((_a3_ * x) * (_a3_ + (_a3_ + (_a0_ / x)))) * x)) * x);{'d0': {'_a0_': 1.6212570805541162, '_a2_': 1.7751354044175085, '_a3_': 1.2993769428063602, '_a1_': 1.0, '_a4_': 1.0, '_a5_': 1.0, '_a6_': 1.0, '_a7_': 1.0}};{'d0': 0.024905832919416643};-280.569866449044;42.92531089738847
31507;-97.3596223271333;((_a2_ + (((_a3_ * x) * (_a3_ + (_a3_ + (_a0_ / x)))) * x)) * x);{'d0': {'_a0_': 1.6212570805541162, '_a2_': 1.7751354044175085, '_a3_': 1.2993769428063602, '_a1_': 1.0, '_a4_': 1.0, '_a5_': 1.0, '_a6_': 1.0, '_a7_': 1.0}};{'d0': 0.024905832919416643};-280.569866449044;42.92531089738847
31508;-97.3596223271333;((_a2_ + (((_a3_ * x) * (_a3_ + (_a3_ + (_a0_ / x)))) * x)) * x);{'d0': {'_a0_': 1.6212570805541162, '_a2_': 1.7751354044175085, '_a3_': 1.2993769428063602, '_a1_': 1.0, '_a4_': 1.0, '_a5_': 1.0, '_a6_': 1.0, '_a7_': 1.0}};{'d0': 0.024905832919416643};-280.569866449044;42.92531089738847
31509;-97.3596223271333;((_a2_ + (((_a3_ * x) * (_a3_ + (_a3_ + (_a0_ / x)))) * x)) * x);{'d0': {'_a0_': 1.6212570805541162, '_a2_': 1.7751354044175085, '_a3_': 1.2993769428063602, '_a1_': 1.0, '_a4_': 1.0, '_a5_': 1.0, '_a6_': 1.0, '_a7_': 1.0}};{'d0': 0.024905832919416643};-280.569866449044;42.92531089738847
31510;-97.3596223271333;((_a2_ + (((_a3_ * x) * (_a3_ + (_a3_ + (_a0_ / x)))) * x)) * x);{'d0': {'_a0_': 1.6212570805541162, '_a2_': 1.7751354044175085, '_a3_': 1.2993769428063602, '_a1_': 1.0, '_a4_': 1.0, '_a5_': 1.0, '_a6_': 1.0, '_a7_': 1.0}};{'d0': 0.024905832919416643};-280.569866449044;42.92531089738847
31511;-97.3596223271333;((_a2_ + (((_a3_ * x) * (_a3_ + (_a3_ + (_a0_ / x)))) * x)) * x);{'d0': {'_a0_': 1.6212570805541162, '_a2_': 1.7751354044175085, '_a3_': 1.2993769428063602, '_a1_': 1.0, '_a4_': 1.0, '_a5_': 1.0, '_a6_': 1.0, '_a7_': 1.0}};{'d0': 0.024905832919416643};-280.569866449044;42.92531089738847
31512;-97.3596223271333;((_a2_ + (((_a3_ * x) * (_a3_ + (_a3_ + (_a0_ / x)))) * x)) * x);{'d0': {'_a0_': 1.6212570805541162, '_a2_': 1.7751354044175085, '_a3_': 1.2993769428063602, '_a1_': 1.0, '_a4_': 1.0, '_a5_': 1.0, '_a6_': 1.0, '_a7_': 1.0}};{'d0': 0.024905832919416643};-280.569866449044;42.92531089738847
31513;-97.3596223271333;((_a2_ + (((_a3_ * x) * (_a3_ + (_a3_ + (_a0_ / x)))) * x)) * x);{'d0': {'_a0_': 1.6212570805541162, '_a2_': 1.7751354044175085, '_a3_': 1.2993769428063602, '_a1_': 1.0, '_a4_': 1.0, '_a5_': 1.0, '_a6_': 1.0, '_a7_': 1.0}};{'d0': 0.024905832919416643};-280.569866449044;42.92531089738847
31514;-97.3596223271333;((_a2_ + (((_a3_ * x) * (_a3_ + (_a3_ + (_a0_ / x)))) * x)) * x);{'d0': {'_a0_': 1.6212570805541162, '_a2_': 1.7751354044175085, '_a3_': 1.2993769428063602, '_a1_': 1.0, '_a4_': 1.0, '_a5_': 1.0, '_a6_': 1.0, '_a7_': 1.0}};{'d0': 0.024905832919416643};-280.569866449044;42.92531089738847
31515;-97.3596223271333;((_a2_ + (((_a3_ * x) * (_a3_ + (_a3_ + (_a0_ / x)))) * x)) * x);{'d0': {'_a0_': 1.6212570805541162, '_a2_': 1.7751354044175085, '_a3_': 1.2993769428063602, '_a1_': 1.0, '_a4_': 1.0, '_a5_': 1.0, '_a6_': 1.0, '_a7_': 1.0}};{'d0': 0.024905832919416643};-280.569866449044;42.92531089738847
31516;-97.3596223271333;((_a2_ + (((_a3_ * x) * (_a3_ + (_a3_ + (_a0_ / x)))) * x)) * x);{'d0': {'_a0_': 1.6212570805541162, '_a2_': 1.7751354044175085, '_a3_': 1.2993769428063602, '_a1_': 1.0, '_a4_': 1.0, '_a5_': 1.0, '_a6_': 1.0, '_a7_': 1.0}};{'d0': 0.024905832919416643};-280.569866449044;42.92531089738847
31517;-97.3596223271333;((_a2_ + (((_a3_ * x) * (_a3_ + (_a3_ + (_a0_ / x)))) * x)) * x);{'d0': {'_a0_': 1.6212570805541162, '_a2_': 1.7751354044175085, '_a3_': 1.2993769428063602, '_a1_': 1.0, '_a4_': 1.0, '_a5_': 1.0, '_a6_': 1.0, '_a7_': 1.0}};{'d0': 0.024905832919416643};-280.569866449044;42.92531089738847
31518;-98.2585261643843;((_a2_ + (((_a3_ * x) * (_a3_ + (_a3_ * (_a0_ / x)))) * x)) * x);{'d0': {'_a0_': 0.6238594155727168, '_a2_': 1.7751354042706362, '_a3_': 1.8375964950163173, '_a1_': 1.0, '_a4_': 1.0, '_a5_': 1.0, '_a6_': 1.0, '_a7_': 1.0}};{'d0': 0.02490583291941663};-280.569866449044;42.02640706013747
31519;-98.2585261643843;((_a2_ + (((_a3_ * x) * (_a3_ + (_a3_ * (_a0_ / x)))) * x)) * x);{'d0': {'_a0_': 0.6238594155727168, '_a2_': 1.7751354042706362, '_a3_': 1.8375964950163173, '_a1_': 1.0, '_a4_': 1.0, '_a5_': 1.0, '_a6_': 1.0, '_a7_': 1.0}};{'d0': 0.02490583291941663};-280.569866449044;42.02640706013747
31520;-98.2585261643843;((_a2_ + (((_a3_ * x) * (_a3_ + (_a3_ * (_a0_ / x)))) * x)) * x);{'d0': {'_a0_': 0.6238594155727168, '_a2_': 1.7751354042706362, '_a3_': 1.8375964950163173, '_a1_': 1.0, '_a4_': 1.0, '_a5_': 1.0, '_a6_': 1.0, '_a7_': 1.0}};{'d0': 0.02490583291941663};-280.569866449044;42.02640706013747
31521;-98.2585261643843;((_a2_ + (((_a3_ * x) * (_a3_ + (_a3_ * (_a0_ / x)))) * x)) * x);{'d0': {'_a0_': 0.6238594155727168, '_a2_': 1.7751354042706362, '_a3_': 1.8375964950163173, '_a1_': 1.0, '_a4_': 1.0, '_a5_': 1.0, '_a6_': 1.0, '_a7_': 1.0}};{'d0': 0.02490583291941663};-280.569866449044;42.02640706013747
31522;-98.2585261643843;((_a2_ + (((_a3_ * x) * (_a3_ + (_a3_ * (_a0_ / x)))) * x)) * x);{'d0': {'_a0_': 0.6238594155727168, '_a2_': 1.7751354042706362, '_a3_': 1.8375964950163173, '_a1_': 1.0, '_a4_': 1.0, '_a5_': 1.0, '_a6_': 1.0, '_a7_': 1.0}};{'d0': 0.02490583291941663};-280.569866449044;42.02640706013747
31523;-98.2585261643843;((_a2_ + (((_a3_ * x) * (_a3_ + (_a3_ * (_a0_ / x)))) * x)) * x);{'d0': {'_a0_': 0.6238594155727168, '_a2_': 1.7751354042706362, '_a3_': 1.8375964950163173, '_a1_': 1.0, '_a4_': 1.0, '_a5_': 1.0, '_a6_': 1.0, '_a7_': 1.0}};{'d0': 0.02490583291941663};-280.569866449044;42.02640706013747
31524;-98.2585261643843;((_a2_ + (((_a3_ * x) * (_a3_ + (_a3_ * (_a0_ / x)))) * x)) * x);{'d0': {'_a0_': 0.6238594155727168, '_a2_': 1.7751354042706362, '_a3_': 1.8375964950163173, '_a1_': 1.0, '_a4_': 1.0, '_a5_': 1.0, '_a6_': 1.0, '_a7_': 1.0}};{'d0': 0.02490583291941663};-280.569866449044;42.02640706013747
31525;-98.2585261643843;((_a2_ + (((_a3_ * x) * (_a3_ + (_a3_ * (_a0_ / x)))) * x)) * x);{'d0': {'_a0_': 0.6238594155727168, '_a2_': 1.7751354042706362, '_a3_': 1.8375964950163173, '_a1_': 1.0, '_a4_': 1.0, '_a5_': 1.0, '_a6_': 1.0, '_a7_': 1.0}};{'d0': 0.02490583291941663};-280.569866449044;42.02640706013747
31526;-98.2585261643843;((_a2_ + (((_a3_ * x) * (_a3_ + (_a3_ * (_a0_ / x)))) * x)) * x);{'d0': {'_a0_': 0.6238594155727168, '_a2_': 1.7751354042706362, '_a3_': 1.8375964950163173, '_a1_': 1.0, '_a4_': 1.0, '_a5_': 1.0, '_a6_': 1.0, '_a7_': 1.0}};{'d0': 0.02490583291941663};-280.569866449044;42.02640706013747
31527;-98.2585261643843;((_a2_ + (((_a3_ * x) * (_a3_ + (_a3_ * (_a0_ / x)))) * x)) * x);{'d0': {'_a0_': 0.6238594155727168, '_a2_': 1.7751354042706362, '_a3_': 1.8375964950163173, '_a1_': 1.0, '_a4_': 1.0, '_a5_': 1.0, '_a6_': 1.0, '_a7_': 1.0}};{'d0': 0.02490583291941663};-280.569866449044;42.02640706013747
31528;-98.2585261643843;((_a2_ + (((_a3_ * x) * (_a3_ + (_a3_ * (_a0_ / x)))) * x)) * x);{'d0': {'_a0_': 0.6238594155727168, '_a2_': 1.7751354042706362, '_a3_': 1.8375964950163173, '_a1_': 1.0, '_a4_': 1.0, '_a5_': 1.0, '_a6_': 1.0, '_a7_': 1.0}};{'d0': 0.02490583291941663};-280.569866449044;42.02640706013747
31529;-98.2585261643843;((_a2_ + (((_a3_ * x) * (_a3_ + (_a3_ * (_a0_ / x)))) * x)) * x);{'d0': {'_a0_': 0.6238594155727168, '_a2_': 1.7751354042706362, '_a3_': 1.8375964950163173, '_a1_': 1.0, '_a4_': 1.0, '_a5_': 1.0, '_a6_': 1.0, '_a7_': 1.0}};{'d0': 0.02490583291941663};-280.569866449044;42.02640706013747
31530;-98.2585261643843;((_a2_ + (((_a3_ * x) * (_a3_ + (_a3_ * (_a0_ / x)))) * x)) * x);{'d0': {'_a0_': 0.6238594155727168, '_a2_': 1.7751354042706362, '_a3_': 1.8375964950163173, '_a1_': 1.0, '_a4_': 1.0, '_a5_': 1.0, '_a6_': 1.0, '_a7_': 1.0}};{'d0': 0.02490583291941663};-280.569866449044;42.02640706013747
31531;-98.2585261643843;((_a2_ + (((_a3_ * x) * (_a3_ + (_a3_ * (_a0_ / x)))) * x)) * x);{'d0': {'_a0_': 0.6238594155727168, '_a2_': 1.7751354042706362, '_a3_': 1.8375964950163173, '_a1_': 1.0, '_a4_': 1.0, '_a5_': 1.0, '_a6_': 1.0, '_a7_': 1.0}};{'d0': 0.02490583291941663};-280.569866449044;42.02640706013747
31532;-98.2585261643843;((_a2_ + (((_a3_ * x) * (_a3_ + (_a3_ * (_a0_ / x)))) * x)) * x);{'d0': {'_a0_': 0.6238594155727168, '_a2_': 1.7751354042706362, '_a3_': 1.8375964950163173, '_a1_': 1.0, '_a4_': 1.0, '_a5_': 1.0, '_a6_': 1.0, '_a7_': 1.0}};{'d0': 0.02490583291941663};-280.569866449044;42.02640706013747
31533;-98.2585261643843;((_a2_ + (((_a3_ * x) * (_a3_ + (_a3_ * (_a0_ / x)))) * x)) * x);{'d0': {'_a0_': 0.6238594155727168, '_a2_': 1.7751354042706362, '_a3_': 1.8375964950163173, '_a1_': 1.0, '_a4_': 1.0, '_a5_': 1.0, '_a6_': 1.0, '_a7_': 1.0}};{'d0': 0.02490583291941663};-280.569866449044;42.02640706013747
31534;-98.2585261643843;((_a2_ + (((_a3_ * x) * (_a3_ + (_a3_ * (_a0_ / x)))) * x)) * x);{'d0': {'_a0_': 0.6238594155727168, '_a2_': 1.7751354042706362, '_a3_': 1.8375964950163173, '_a1_': 1.0, '_a4_': 1.0, '_a5_': 1.0, '_a6_': 1.0, '_a7_': 1.0}};{'d0': 0.02490583291941663};-280.569866449044;42.02640706013747
31535;-98.2585261643843;((_a2_ + (((_a3_ * x) * (_a3_ + (_a3_ * (_a0_ / x)))) * x)) * x);{'d0': {'_a0_': 0.6238594155727168, '_a2_': 1.7751354042706362, '_a3_': 1.8375964950163173, '_a1_': 1.0, '_a4_': 1.0, '_a5_': 1.0, '_a6_': 1.0, '_a7_': 1.0}};{'d0': 0.02490583291941663};-280.569866449044;42.02640706013747
31536;-98.2585261643843;((_a2_ + (((_a3_ * x) * (_a3_ + (_a3_ * (_a0_ / x)))) * x)) * x);{'d0': {'_a0_': 0.6238594155727168, '_a2_': 1.7751354042706362, '_a3_': 1.8375964950163173, '_a1_': 1.0, '_a4_': 1.0, '_a5_': 1.0, '_a6_': 1.0, '_a7_': 1.0}};{'d0': 0.02490583291941663};-280.569866449044;42.02640706013747
31537;-98.2585261643843;((_a2_ + (((_a3_ * x) * (_a3_ + (_a3_ * (_a0_ / x)))) * x)) * x);{'d0': {'_a0_': 0.6238594155727168, '_a2_': 1.7751354042706362, '_a3_': 1.8375964950163173, '_a1_': 1.0, '_a4_': 1.0, '_a5_': 1.0, '_a6_': 1.0, '_a7_': 1.0}};{'d0': 0.02490583291941663};-280.569866449044;42.02640706013747
31538;-105.382580669956;((x * _a7_) + (x * (_a7_ * pow2(((_a4_ * x) + _a5_)))));{'d0': {'_a4_': 1.5278457575080022, '_a5_': 0.4765804806652043, '_a7_': 1.446576089503412, '_a0_': 1.0, '_a1_': 1.0, '_a2_': 1.0, '_a3_': 1.0, '_a6_': 1.0}};{'d0': 0.02490583291941667};-280.569866449043;34.902352554565915
31539;-105.382580669956;((x * _a7_) + (x * (_a7_ * pow2(((_a4_ * x) + _a5_)))));{'d0': {'_a4_': 1.5278457575080022, '_a5_': 0.4765804806652043, '_a7_': 1.446576089503412, '_a0_': 1.0, '_a1_': 1.0, '_a2_': 1.0, '_a3_': 1.0, '_a6_': 1.0}};{'d0': 0.02490583291941667};-280.569866449043;34.902352554565915
31540;-105.382580669956;((x * _a7_) + (x * (_a7_ * pow2(((_a4_ * x) + _a5_)))));{'d0': {'_a4_': 1.5278457575080022, '_a5_': 0.4765804806652043, '_a7_': 1.446576089503412, '_a0_': 1.0, '_a1_': 1.0, '_a2_': 1.0, '_a3_': 1.0, '_a6_': 1.0}};{'d0': 0.02490583291941667};-280.569866449043;34.902352554565915
31541;-105.382580669956;((x * _a7_) + (x * (_a7_ * pow2(((_a4_ * x) + _a5_)))));{'d0': {'_a4_': 1.5278457575080022, '_a5_': 0.4765804806652043, '_a7_': 1.446576089503412, '_a0_': 1.0, '_a1_': 1.0, '_a2_': 1.0, '_a3_': 1.0, '_a6_': 1.0}};{'d0': 0.02490583291941667};-280.569866449043;34.902352554565915
31542;-105.382580669956;((x * _a7_) + (x * (_a7_ * pow2(((_a4_ * x) + _a5_)))));{'d0': {'_a4_': 1.5278457575080022, '_a5_': 0.4765804806652043, '_a7_': 1.446576089503412, '_a0_': 1.0, '_a1_': 1.0, '_a2_': 1.0, '_a3_': 1.0, '_a6_': 1.0}};{'d0': 0.02490583291941667};-280.569866449043;34.902352554565915
31543;-105.382580669956;((x * _a7_) + (x * (_a7_ * pow2(((_a4_ * x) + _a5_)))));{'d0': {'_a4_': 1.5278457575080022, '_a5_': 0.4765804806652043, '_a7_': 1.446576089503412, '_a0_': 1.0, '_a1_': 1.0, '_a2_': 1.0, '_a3_': 1.0, '_a6_': 1.0}};{'d0': 0.02490583291941667};-280.569866449043;34.902352554565915
31544;-105.382580669956;((x * _a7_) + (x * (_a7_ * pow2(((_a4_ * x) + _a5_)))));{'d0': {'_a4_': 1.5278457575080022, '_a5_': 0.4765804806652043, '_a7_': 1.446576089503412, '_a0_': 1.0, '_a1_': 1.0, '_a2_': 1.0, '_a3_': 1.0, '_a6_': 1.0}};{'d0': 0.02490583291941667};-280.569866449043;34.902352554565915
31545;-98.3137111770659;((x * (_a7_ * _a2_)) + (x * (_a7_ * pow2(((_a4_ * x) + _a5_)))));{'d0': {'_a2_': 1.0, '_a4_': 1.5278457575080022, '_a5_': 0.4765804806652043, '_a7_': 1.446576089503412, '_a0_': 1.0, '_a1_': 1.0, '_a3_': 1.0, '_a6_': 1.0}};{'d0': 0.02490583291941667};-276.475521886821;39.924049766344915
31546;-98.3137111770659;((x * (_a7_ * _a2_)) + (x * (_a7_ * pow2(((_a4_ * x) + _a5_)))));{'d0': {'_a2_': 1.0, '_a4_': 1.5278457575080022, '_a5_': 0.4765804806652043, '_a7_': 1.446576089503412, '_a0_': 1.0, '_a1_': 1.0, '_a3_': 1.0, '_a6_': 1.0}};{'d0': 0.02490583291941667};-276.475521886821;39.924049766344915
31547;-98.3137111770659;((x * (_a7_ * _a2_)) + (x * (_a7_ * pow2(((_a4_ * x) + _a5_)))));{'d0': {'_a2_': 1.0, '_a4_': 1.5278457575080022, '_a5_': 0.4765804806652043, '_a7_': 1.446576089503412, '_a0_': 1.0, '_a1_': 1.0, '_a3_': 1.0, '_a6_': 1.0}};{'d0': 0.02490583291941667};-276.475521886821;39.924049766344915
31548;-98.2585261643843;((_a2_ + (((_a3_ * x) * (_a3_ + (_a3_ * (_a0_ / x)))) * x)) * x);{'d0': {'_a0_': 0.6238594155727168, '_a2_': 1.7751354042706362, '_a3_': 1.8375964950163173, '_a1_': 1.0, '_a4_': 1.0, '_a5_': 1.0, '_a6_': 1.0, '_a7_': 1.0}};{'d0': 0.02490583291941663};-280.569866449044;42.02640706013747
31549;-98.2585261643843;((_a2_ + (((_a3_ * x) * (_a3_ + (_a3_ * (_a0_ / x)))) * x)) * x);{'d0': {'_a0_': 0.6238594155727168, '_a2_': 1.7751354042706362, '_a3_': 1.8375964950163173, '_a1_': 1.0, '_a4_': 1.0, '_a5_': 1.0, '_a6_': 1.0, '_a7_': 1.0}};{'d0': 0.02490583291941663};-280.569866449044;42.02640706013747
31550;-98.2585261643843;((_a2_ + (((_a3_ * x) * (_a3_ + (_a3_ * (_a0_ / x)))) * x)) * x);{'d0': {'_a0_': 0.6238594155727168, '_a2_': 1.7751354042706362, '_a3_': 1.8375964950163173, '_a1_': 1.0, '_a4_': 1.0, '_a5_': 1.0, '_a6_': 1.0, '_a7_': 1.0}};{'d0': 0.02490583291941663};-280.569866449044;42.02640706013747
31551;-98.2585261643843;((_a2_ + (((_a3_ * x) * (_a3_ + (_a3_ * (_a0_ / x)))) * x)) * x);{'d0': {'_a0_': 0.6238594155727168, '_a2_': 1.7751354042706362, '_a3_': 1.8375964950163173, '_a1_': 1.0, '_a4_': 1.0, '_a5_': 1.0, '_a6_': 1.0, '_a7_': 1.0}};{'d0': 0.02490583291941663};-280.569866449044;42.02640706013747
31552;-98.2585261643843;((_a2_ + (((_a3_ * x) * (_a3_ + (_a3_ * (_a0_ / x)))) * x)) * x);{'d0': {'_a0_': 0.6238594155727168, '_a2_': 1.7751354042706362, '_a3_': 1.8375964950163173, '_a1_': 1.0, '_a4_': 1.0, '_a5_': 1.0, '_a6_': 1.0, '_a7_': 1.0}};{'d0': 0.02490583291941663};-280.569866449044;42.02640706013747
31553;-99.6554612283984;((x * -(_a0_)) + (x * (_a7_ * pow2(((_a4_ * x) + _a5_)))));{'d0': {'_a0_': -1.4465760894714668, '_a4_': 0.5136338568332349, '_a5_': 0.16021765889049094, '_a7_': 12.799499258125985, '_a1_': 1.0, '_a2_': 1.0, '_a3_': 1.0, '_a6_': 1.0}};{'d0': 0.0249058329195712};-276.475521886449;38.582299714826306
31554;-98.2585261643843;((_a2_ + (((_a3_ * x) * (_a3_ + (_a3_ * (_a0_ / x)))) * x)) * x);{'d0': {'_a0_': 0.6238594155727168, '_a2_': 1.7751354042706362, '_a3_': 1.8375964950163173, '_a1_': 1.0, '_a4_': 1.0, '_a5_': 1.0, '_a6_': 1.0, '_a7_': 1.0}};{'d0': 0.02490583291941663};-280.569866449044;42.02640706013747
31555;-99.6554612283984;((x * -(_a0_)) + (x * (_a7_ * pow2(((_a4_ * x) + _a5_)))));{'d0': {'_a0_': -1.4465760894714668, '_a4_': 0.5136338568332349, '_a5_': 0.16021765889049094, '_a7_': 12.799499258125985, '_a1_': 1.0, '_a2_': 1.0, '_a3_': 1.0, '_a6_': 1.0}};{'d0': 0.0249058329195712};-276.475521886449;38.582299714826306
31556;-99.6554612283984;((x * -(_a0_)) + (x * (_a7_ * pow2(((_a4_ * x) + _a5_)))));{'d0': {'_a0_': -1.4465760894714668, '_a4_': 0.5136338568332349, '_a5_': 0.16021765889049094, '_a7_': 12.799499258125985, '_a1_': 1.0, '_a2_': 1.0, '_a3_': 1.0, '_a6_': 1.0}};{'d0': 0.0249058329195712};-276.475521886449;38.582299714826306
31557;-99.6554612283984;((x * -(_a0_)) + (x * (_a7_ * pow2(((_a4_ * x) + _a5_)))));{'d0': {'_a0_': -1.4465760894714668, '_a4_': 0.5136338568332349, '_a5_': 0.16021765889049094, '_a7_': 12.799499258125985, '_a1_': 1.0, '_a2_': 1.0, '_a3_': 1.0, '_a6_': 1.0}};{'d0': 0.0249058329195712};-276.475521886449;38.582299714826306
31558;-99.6554612283984;((x * -(_a0_)) + (x * (_a7_ * pow2(((_a4_ * x) + _a5_)))));{'d0': {'_a0_': -1.4465760894714668, '_a4_': 0.5136338568332349, '_a5_': 0.16021765889049094, '_a7_': 12.799499258125985, '_a1_': 1.0, '_a2_': 1.0, '_a3_': 1.0, '_a6_': 1.0}};{'d0': 0.0249058329195712};-276.475521886449;38.582299714826306
31559;-99.6554612283984;((x * -(_a0_)) + (x * (_a7_ * pow2(((_a4_ * x) + _a5_)))));{'d0': {'_a0_': -1.4465760894714668, '_a4_': 0.5136338568332349, '_a5_': 0.16021765889049094, '_a7_': 12.799499258125985, '_a1_': 1.0, '_a2_': 1.0, '_a3_': 1.0, '_a6_': 1.0}};{'d0': 0.0249058329195712};-276.475521886449;38.582299714826306
31560;-99.6554612283984;((x * -(_a0_)) + (x * (_a7_ * pow2(((_a4_ * x) + _a5_)))));{'d0': {'_a0_': -1.4465760894714668, '_a4_': 0.5136338568332349, '_a5_': 0.16021765889049094, '_a7_': 12.799499258125985, '_a1_': 1.0, '_a2_': 1.0, '_a3_': 1.0, '_a6_': 1.0}};{'d0': 0.0249058329195712};-276.475521886449;38.582299714826306
31561;-96.3627704991756;((x * -(_a0_)) + (x * (_a7_ * pow2(((sqrt(_a7_) * x) + _a5_)))));{'d0': {'_a0_': -1.4465760890134172, '_a5_': 0.42284559952571416, '_a7_': 1.837596495263692, '_a1_': 1.0, '_a2_': 1.0, '_a3_': 1.0, '_a4_': 1.0, '_a6_': 1.0}};{'d0': 0.024905832919416636};-280.569866449044;43.922162725346304
31562;-96.3627704991756;((x * -(_a0_)) + (x * (_a7_ * pow2(((sqrt(_a7_) * x) + _a5_)))));{'d0': {'_a0_': -1.4465760890134172, '_a5_': 0.42284559952571416, '_a7_': 1.837596495263692, '_a1_': 1.0, '_a2_': 1.0, '_a3_': 1.0, '_a4_': 1.0, '_a6_': 1.0}};{'d0': 0.024905832919416636};-280.569866449044;43.922162725346304
31563;-96.3627704991756;((x * -(_a0_)) + (x * (_a7_ * pow2(((sqrt(_a7_) * x) + _a5_)))));{'d0': {'_a0_': -1.4465760890134172, '_a5_': 0.42284559952571416, '_a7_': 1.837596495263692, '_a1_': 1.0, '_a2_': 1.0, '_a3_': 1.0, '_a4_': 1.0, '_a6_': 1.0}};{'d0': 0.024905832919416636};-280.569866449044;43.922162725346304
31564;-96.3627704991756;((x * -(_a0_)) + (x * (_a7_ * pow2(((sqrt(_a7_) * x) + _a5_)))));{'d0': {'_a0_': -1.4465760890134172, '_a5_': 0.42284559952571416, '_a7_': 1.837596495263692, '_a1_': 1.0, '_a2_': 1.0, '_a3_': 1.0, '_a4_': 1.0, '_a6_': 1.0}};{'d0': 0.024905832919416636};-280.569866449044;43.922162725346304
31565;-96.3627704991756;((x * -(_a0_)) + (x * (_a7_ * pow2(((sqrt(_a7_) * x) + _a5_)))));{'d0': {'_a0_': -1.4465760890134172, '_a5_': 0.42284559952571416, '_a7_': 1.837596495263692, '_a1_': 1.0, '_a2_': 1.0, '_a3_': 1.0, '_a4_': 1.0, '_a6_': 1.0}};{'d0': 0.024905832919416636};-280.569866449044;43.922162725346304
31566;-96.3627704991756;((x * -(_a0_)) + (x * (_a7_ * pow2(((sqrt(_a7_) * x) + _a5_)))));{'d0': {'_a0_': -1.4465760890134172, '_a5_': 0.42284559952571416, '_a7_': 1.837596495263692, '_a1_': 1.0, '_a2_': 1.0, '_a3_': 1.0, '_a4_': 1.0, '_a6_': 1.0}};{'d0': 0.024905832919416636};-280.569866449044;43.922162725346304
31567;-96.3627704991756;((x * -(_a0_)) + (x * (_a7_ * pow2(((sqrt(_a7_) * x) + _a5_)))));{'d0': {'_a0_': -1.4465760890134172, '_a5_': 0.42284559952571416, '_a7_': 1.837596495263692, '_a1_': 1.0, '_a2_': 1.0, '_a3_': 1.0, '_a4_': 1.0, '_a6_': 1.0}};{'d0': 0.024905832919416636};-280.569866449044;43.922162725346304
31568;-96.3627704991756;((x * -(_a0_)) + (x * (_a7_ * pow2(((sqrt(_a7_) * x) + _a5_)))));{'d0': {'_a0_': -1.4465760890134172, '_a5_': 0.42284559952571416, '_a7_': 1.837596495263692, '_a1_': 1.0, '_a2_': 1.0, '_a3_': 1.0, '_a4_': 1.0, '_a6_': 1.0}};{'d0': 0.024905832919416636};-280.569866449044;43.922162725346304
31569;-96.3627704991756;((x * -(_a0_)) + (x * (_a7_ * pow2(((sqrt(_a7_) * x) + _a5_)))));{'d0': {'_a0_': -1.4465760890134172, '_a5_': 0.42284559952571416, '_a7_': 1.837596495263692, '_a1_': 1.0, '_a2_': 1.0, '_a3_': 1.0, '_a4_': 1.0, '_a6_': 1.0}};{'d0': 0.024905832919416636};-280.569866449044;43.922162725346304
31570;-96.3627704991756;((x * -(_a0_)) + (x * (_a7_ * pow2(((sqrt(_a7_) * x) + _a5_)))));{'d0': {'_a0_': -1.4465760890134172, '_a5_': 0.42284559952571416, '_a7_': 1.837596495263692, '_a1_': 1.0, '_a2_': 1.0, '_a3_': 1.0, '_a4_': 1.0, '_a6_': 1.0}};{'d0': 0.024905832919416636};-280.569866449044;43.922162725346304
31571;-96.3627704991756;((x * -(_a0_)) + (x * (_a7_ * pow2(((sqrt(_a7_) * x) + _a5_)))));{'d0': {'_a0_': -1.4465760890134172, '_a5_': 0.42284559952571416, '_a7_': 1.837596495263692, '_a1_': 1.0, '_a2_': 1.0, '_a3_': 1.0, '_a4_': 1.0, '_a6_': 1.0}};{'d0': 0.024905832919416636};-280.569866449044;43.922162725346304
31572;-96.3627704991756;((x * -(_a0_)) + (x * (_a7_ * pow2(((sqrt(_a7_) * x) + _a5_)))));{'d0': {'_a0_': -1.4465760890134172, '_a5_': 0.42284559952571416, '_a7_': 1.837596495263692, '_a1_': 1.0, '_a2_': 1.0, '_a3_': 1.0, '_a4_': 1.0, '_a6_': 1.0}};{'d0': 0.024905832919416636};-280.569866449044;43.922162725346304
31573;-96.3627704991756;((x * -(_a0_)) + (x * (_a7_ * pow2(((sqrt(_a7_) * x) + _a5_)))));{'d0': {'_a0_': -1.4465760890134172, '_a5_': 0.42284559952571416, '_a7_': 1.837596495263692, '_a1_': 1.0, '_a2_': 1.0, '_a3_': 1.0, '_a4_': 1.0, '_a6_': 1.0}};{'d0': 0.024905832919416636};-280.569866449044;43.922162725346304
31574;-96.3627704991756;((x * -(_a0_)) + (x * (_a7_ * pow2(((sqrt(_a7_) * x) + _a5_)))));{'d0': {'_a0_': -1.4465760890134172, '_a5_': 0.42284559952571416, '_a7_': 1.837596495263692, '_a1_': 1.0, '_a2_': 1.0, '_a3_': 1.0, '_a4_': 1.0, '_a6_': 1.0}};{'d0': 0.024905832919416636};-280.569866449044;43.922162725346304
31575;-96.3627704991756;((x * -(_a0_)) + (x * (_a7_ * pow2(((sqrt(_a7_) * x) + _a5_)))));{'d0': {'_a0_': -1.4465760890134172, '_a5_': 0.42284559952571416, '_a7_': 1.837596495263692, '_a1_': 1.0, '_a2_': 1.0, '_a3_': 1.0, '_a4_': 1.0, '_a6_': 1.0}};{'d0': 0.024905832919416636};-280.569866449044;43.922162725346304
31576;-96.3627704991756;((x * -(_a0_)) + (x * (_a7_ * pow2(((sqrt(_a7_) * x) + _a5_)))));{'d0': {'_a0_': -1.4465760890134172, '_a5_': 0.42284559952571416, '_a7_': 1.837596495263692, '_a1_': 1.0, '_a2_': 1.0, '_a3_': 1.0, '_a4_': 1.0, '_a6_': 1.0}};{'d0': 0.024905832919416636};-280.569866449044;43.922162725346304
31577;-96.3627704991756;((x * -(_a0_)) + (x * (_a7_ * pow2(((sqrt(_a7_) * x) + _a5_)))));{'d0': {'_a0_': -1.4465760890134172, '_a5_': 0.42284559952571416, '_a7_': 1.837596495263692, '_a1_': 1.0, '_a2_': 1.0, '_a3_': 1.0, '_a4_': 1.0, '_a6_': 1.0}};{'d0': 0.024905832919416636};-280.569866449044;43.922162725346304
31578;-100.731372386122;(x * (((_a0_ * x) * ((-(x) + _a1_) + pow2(_a0_))) + _a2_));{'d0': {'_a0_': -3.376760878295677, '_a1_': -12.026373444738534, '_a2_': 1.7751354042444014, '_a3_': 1.0, '_a4_': 1.0, '_a5_': 1.0, '_a6_': 1.0, '_a7_': 1.0}};{'d0': 0.024905832919416636};-280.569866449044;39.553560838399385
31579;-100.731372386122;(x * (((_a0_ * x) * ((-(x) + _a1_) + pow2(_a0_))) + _a2_));{'d0': {'_a0_': -3.376760878295677, '_a1_': -12.026373444738534, '_a2_': 1.7751354042444014, '_a3_': 1.0, '_a4_': 1.0, '_a5_': 1.0, '_a6_': 1.0, '_a7_': 1.0}};{'d0': 0.024905832919416636};-280.569866449044;39.553560838399385
31580;-100.731372386122;(x * (((_a0_ * x) * ((-(x) + _a1_) + pow2(_a0_))) + _a2_));{'d0': {'_a0_': -3.376760878295677, '_a1_': -12.026373444738534, '_a2_': 1.7751354042444014, '_a3_': 1.0, '_a4_': 1.0, '_a5_': 1.0, '_a6_': 1.0, '_a7_': 1.0}};{'d0': 0.024905832919416636};-280.569866449044;39.553560838399385
31581;-100.731372386122;(x * (((_a0_ * x) * ((-(x) + _a1_) + pow2(_a0_))) + _a2_));{'d0': {'_a0_': -3.376760878295677, '_a1_': -12.026373444738534, '_a2_': 1.7751354042444014, '_a3_': 1.0, '_a4_': 1.0, '_a5_': 1.0, '_a6_': 1.0, '_a7_': 1.0}};{'d0': 0.024905832919416636};-280.569866449044;39.553560838399385
31582;-100.731372386122;(x * (((_a0_ * x) * ((-(x) + _a1_) + pow2(_a0_))) + _a2_));{'d0': {'_a0_': -3.376760878295677, '_a1_': -12.026373444738534, '_a2_': 1.7751354042444014, '_a3_': 1.0, '_a4_': 1.0, '_a5_': 1.0, '_a6_': 1.0, '_a7_': 1.0}};{'d0': 0.024905832919416636};-280.569866449044;39.553560838399385
31583;-100.731372386122;(x * (((_a0_ * x) * ((-(x) + _a1_) + pow2(_a0_))) + _a2_));{'d0': {'_a0_': -3.376760878295677, '_a1_': -12.026373444738534, '_a2_': 1.7751354042444014, '_a3_': 1.0, '_a4_': 1.0, '_a5_': 1.0, '_a6_': 1.0, '_a7_': 1.0}};{'d0': 0.024905832919416636};-280.569866449044;39.553560838399385
31584;-100.731372386122;(x * (((_a0_ * x) * ((-(x) + _a1_) + pow2(_a0_))) + _a2_));{'d0': {'_a0_': -3.376760878295677, '_a1_': -12.026373444738534, '_a2_': 1.7751354042444014, '_a3_': 1.0, '_a4_': 1.0, '_a5_': 1.0, '_a6_': 1.0, '_a7_': 1.0}};{'d0': 0.024905832919416636};-280.569866449044;39.553560838399385
31585;-100.731372386122;(x * (((_a0_ * x) * ((-(x) + _a1_) + pow2(_a0_))) + _a2_));{'d0': {'_a0_': -3.376760878295677, '_a1_': -12.026373444738534, '_a2_': 1.7751354042444014, '_a3_': 1.0, '_a4_': 1.0, '_a5_': 1.0, '_a6_': 1.0, '_a7_': 1.0}};{'d0': 0.024905832919416636};-280.569866449044;39.553560838399385
31586;-100.731372386122;(x * (((_a0_ * x) * ((-(x) + _a1_) + pow2(_a0_))) + _a2_));{'d0': {'_a0_': -3.376760878295677, '_a1_': -12.026373444738534, '_a2_': 1.7751354042444014, '_a3_': 1.0, '_a4_': 1.0, '_a5_': 1.0, '_a6_': 1.0, '_a7_': 1.0}};{'d0': 0.024905832919416636};-280.569866449044;39.553560838399385
31587;-100.731372386122;(x * (((_a0_ * x) * ((-(x) + _a1_) + pow2(_a0_))) + _a2_));{'d0': {'_a0_': -3.376760878295677, '_a1_': -12.026373444738534, '_a2_': 1.7751354042444014, '_a3_': 1.0, '_a4_': 1.0, '_a5_': 1.0, '_a6_': 1.0, '_a7_': 1.0}};{'d0': 0.024905832919416636};-280.569866449044;39.553560838399385
31588;-100.731372386122;(x * (((_a0_ * x) * ((-(x) + _a1_) + pow2(_a0_))) + _a2_));{'d0': {'_a0_': -3.376760878295677, '_a1_': -12.026373444738534, '_a2_': 1.7751354042444014, '_a3_': 1.0, '_a4_': 1.0, '_a5_': 1.0, '_a6_': 1.0, '_a7_': 1.0}};{'d0': 0.024905832919416636};-280.569866449044;39.553560838399385
31589;-100.731372386122;(x * (((_a0_ * x) * ((-(x) + _a1_) + pow2(_a0_))) + _a2_));{'d0': {'_a0_': -3.376760878295677, '_a1_': -12.026373444738534, '_a2_': 1.7751354042444014, '_a3_': 1.0, '_a4_': 1.0, '_a5_': 1.0, '_a6_': 1.0, '_a7_': 1.0}};{'d0': 0.024905832919416636};-280.569866449044;39.553560838399385
31590;-100.731372386122;(x * (((_a0_ * x) * ((-(x) + _a1_) + pow2(_a0_))) + _a2_));{'d0': {'_a0_': -3.376760878295677, '_a1_': -12.026373444738534, '_a2_': 1.7751354042444014, '_a3_': 1.0, '_a4_': 1.0, '_a5_': 1.0, '_a6_': 1.0, '_a7_': 1.0}};{'d0': 0.024905832919416636};-280.569866449044;39.553560838399385
31591;-100.731372386122;(x * (((_a0_ * x) * ((-(x) + _a1_) + pow2(_a0_))) + _a2_));{'d0': {'_a0_': -3.376760878295677, '_a1_': -12.026373444738534, '_a2_': 1.7751354042444014, '_a3_': 1.0, '_a4_': 1.0, '_a5_': 1.0, '_a6_': 1.0, '_a7_': 1.0}};{'d0': 0.024905832919416636};-280.569866449044;39.553560838399385
31592;-100.731372386122;(x * (((_a0_ * x) * ((-(x) + _a1_) + pow2(_a0_))) + _a2_));{'d0': {'_a0_': -3.376760878295677, '_a1_': -12.026373444738534, '_a2_': 1.7751354042444014, '_a3_': 1.0, '_a4_': 1.0, '_a5_': 1.0, '_a6_': 1.0, '_a7_': 1.0}};{'d0': 0.024905832919416636};-280.569866449044;39.553560838399385
31593;-100.731372386122;(x * (((_a0_ * x) * ((-(x) + _a1_) + pow2(_a0_))) + _a2_));{'d0': {'_a0_': -3.376760878295677, '_a1_': -12.026373444738534, '_a2_': 1.7751354042444014, '_a3_': 1.0, '_a4_': 1.0, '_a5_': 1.0, '_a6_': 1.0, '_a7_': 1.0}};{'d0': 0.024905832919416636};-280.569866449044;39.553560838399385
31594;-100.731372386122;(x * (((_a0_ * x) * ((-(x) + _a1_) + pow2(_a0_))) + _a2_));{'d0': {'_a0_': -3.376760878295677, '_a1_': -12.026373444738534, '_a2_': 1.7751354042444014, '_a3_': 1.0, '_a4_': 1.0, '_a5_': 1.0, '_a6_': 1.0, '_a7_': 1.0}};{'d0': 0.024905832919416636};-280.569866449044;39.553560838399385
31595;-100.731372386122;(x * (((_a0_ * x) * ((-(x) + _a1_) + pow2(_a0_))) + _a2_));{'d0': {'_a0_': -3.376760878295677, '_a1_': -12.026373444738534, '_a2_': 1.7751354042444014, '_a3_': 1.0, '_a4_': 1.0, '_a5_': 1.0, '_a6_': 1.0, '_a7_': 1.0}};{'d0': 0.024905832919416636};-280.569866449044;39.553560838399385
31596;-100.731372386122;(x * (((_a0_ * x) * ((-(x) + _a1_) + pow2(_a0_))) + _a2_));{'d0': {'_a0_': -3.376760878295677, '_a1_': -12.026373444738534, '_a2_': 1.7751354042444014, '_a3_': 1.0, '_a4_': 1.0, '_a5_': 1.0, '_a6_': 1.0, '_a7_': 1.0}};{'d0': 0.024905832919416636};-280.569866449044;39.553560838399385
31597;-100.731372386122;(x * (((_a0_ * x) * ((-(x) + _a1_) + pow2(_a0_))) + _a2_));{'d0': {'_a0_': -3.376760878295677, '_a1_': -12.026373444738534, '_a2_': 1.7751354042444014, '_a3_': 1.0, '_a4_': 1.0, '_a5_': 1.0, '_a6_': 1.0, '_a7_': 1.0}};{'d0': 0.024905832919416636};-280.569866449044;39.553560838399385
31598;-100.731372386122;(x * (((_a0_ * x) * ((-(x) + _a1_) + pow2(_a0_))) + _a2_));{'d0': {'_a0_': -3.376760878295677, '_a1_': -12.026373444738534, '_a2_': 1.7751354042444014, '_a3_': 1.0, '_a4_': 1.0, '_a5_': 1.0, '_a6_': 1.0, '_a7_': 1.0}};{'d0': 0.024905832919416636};-280.569866449044;39.553560838399385
31599;-100.731372386122;(x * (((_a0_ * x) * ((-(x) + _a1_) + pow2(_a0_))) + _a2_));{'d0': {'_a0_': -3.376760878295677, '_a1_': -12.026373444738534, '_a2_': 1.7751354042444014, '_a3_': 1.0, '_a4_': 1.0, '_a5_': 1.0, '_a6_': 1.0, '_a7_': 1.0}};{'d0': 0.024905832919416636};-280.569866449044;39.553560838399385
31600;-100.731372386122;(x * (((_a0_ * x) * ((-(x) + _a1_) + pow2(_a0_))) + _a2_));{'d0': {'_a0_': -3.376760878295677, '_a1_': -12.026373444738534, '_a2_': 1.7751354042444014, '_a3_': 1.0, '_a4_': 1.0, '_a5_': 1.0, '_a6_': 1.0, '_a7_': 1.0}};{'d0': 0.024905832919416636};-280.569866449044;39.553560838399385
31601;-100.731372386122;(x * (((_a0_ * x) * ((-(x) + _a1_) + pow2(_a0_))) + _a2_));{'d0': {'_a0_': -3.376760878295677, '_a1_': -12.026373444738534, '_a2_': 1.7751354042444014, '_a3_': 1.0, '_a4_': 1.0, '_a5_': 1.0, '_a6_': 1.0, '_a7_': 1.0}};{'d0': 0.024905832919416636};-280.569866449044;39.553560838399385
31602;-100.731372386122;(x * (((_a0_ * x) * ((-(x) + _a1_) + pow2(_a0_))) + _a2_));{'d0': {'_a0_': -3.376760878295677, '_a1_': -12.026373444738534, '_a2_': 1.7751354042444014, '_a3_': 1.0, '_a4_': 1.0, '_a5_': 1.0, '_a6_': 1.0, '_a7_': 1.0}};{'d0': 0.024905832919416636};-280.569866449044;39.553560838399385
31603;-100.731372386122;(x * (((_a0_ * x) * ((-(x) + _a1_) + pow2(_a0_))) + _a2_));{'d0': {'_a0_': -3.376760878295677, '_a1_': -12.026373444738534, '_a2_': 1.7751354042444014, '_a3_': 1.0, '_a4_': 1.0, '_a5_': 1.0, '_a6_': 1.0, '_a7_': 1.0}};{'d0': 0.024905832919416636};-280.569866449044;39.553560838399385
31604;-100.731372386122;(x * (((_a0_ * x) * ((-(x) + _a1_) + pow2(_a0_))) + _a2_));{'d0': {'_a0_': -3.376760878295677, '_a1_': -12.026373444738534, '_a2_': 1.7751354042444014, '_a3_': 1.0, '_a4_': 1.0, '_a5_': 1.0, '_a6_': 1.0, '_a7_': 1.0}};{'d0': 0.024905832919416636};-280.569866449044;39.553560838399385
31605;-100.731372386122;(x * (((_a0_ * x) * ((-(x) + _a1_) + pow2(_a0_))) + _a2_));{'d0': {'_a0_': -3.376760878295677, '_a1_': -12.026373444738534, '_a2_': 1.7751354042444014, '_a3_': 1.0, '_a4_': 1.0, '_a5_': 1.0, '_a6_': 1.0, '_a7_': 1.0}};{'d0': 0.024905832919416636};-280.569866449044;39.553560838399385
31606;-100.731372386122;(x * (((_a0_ * x) * ((-(x) + _a1_) + pow2(_a0_))) + _a2_));{'d0': {'_a0_': -3.376760878295677, '_a1_': -12.026373444738534, '_a2_': 1.7751354042444014, '_a3_': 1.0, '_a4_': 1.0, '_a5_': 1.0, '_a6_': 1.0, '_a7_': 1.0}};{'d0': 0.024905832919416636};-280.569866449044;39.553560838399385
31607;-100.731372386122;(x * (((_a0_ * x) * ((-(x) + _a1_) + pow2(_a0_))) + _a2_));{'d0': {'_a0_': -3.376760878295677, '_a1_': -12.026373444738534, '_a2_': 1.7751354042444014, '_a3_': 1.0, '_a4_': 1.0, '_a5_': 1.0, '_a6_': 1.0, '_a7_': 1.0}};{'d0': 0.024905832919416636};-280.569866449044;39.553560838399385
31608;-100.731372386122;(x * (((_a0_ * x) * ((-(x) + _a1_) + pow2(_a0_))) + _a2_));{'d0': {'_a0_': -3.376760878295677, '_a1_': -12.026373444738534, '_a2_': 1.7751354042444014, '_a3_': 1.0, '_a4_': 1.0, '_a5_': 1.0, '_a6_': 1.0, '_a7_': 1.0}};{'d0': 0.024905832919416636};-280.569866449044;39.553560838399385
31609;-100.731372386122;(x * (((_a0_ * x) * ((-(x) + _a1_) + pow2(_a0_))) + _a2_));{'d0': {'_a0_': -3.376760878295677, '_a1_': -12.026373444738534, '_a2_': 1.7751354042444014, '_a3_': 1.0, '_a4_': 1.0, '_a5_': 1.0, '_a6_': 1.0, '_a7_': 1.0}};{'d0': 0.024905832919416636};-280.569866449044;39.553560838399385
31610;-100.731372386122;(x * (((_a0_ * x) * ((-(x) + _a1_) + pow2(_a0_))) + _a2_));{'d0': {'_a0_': -3.376760878295677, '_a1_': -12.026373444738534, '_a2_': 1.7751354042444014, '_a3_': 1.0, '_a4_': 1.0, '_a5_': 1.0, '_a6_': 1.0, '_a7_': 1.0}};{'d0': 0.024905832919416636};-280.569866449044;39.553560838399385
31611;-100.731372386122;(x * (((_a0_ * x) * ((-(x) + _a1_) + pow2(_a0_))) + _a2_));{'d0': {'_a0_': -3.376760878295677, '_a1_': -12.026373444738534, '_a2_': 1.7751354042444014, '_a3_': 1.0, '_a4_': 1.0, '_a5_': 1.0, '_a6_': 1.0, '_a7_': 1.0}};{'d0': 0.024905832919416636};-280.569866449044;39.553560838399385
31612;-100.731372386122;(x * (((_a0_ * x) * ((-(x) + _a1_) + pow2(_a0_))) + _a2_));{'d0': {'_a0_': -3.376760878295677, '_a1_': -12.026373444738534, '_a2_': 1.7751354042444014, '_a3_': 1.0, '_a4_': 1.0, '_a5_': 1.0, '_a6_': 1.0, '_a7_': 1.0}};{'d0': 0.024905832919416636};-280.569866449044;39.553560838399385
31613;-100.731372386122;(x * (((_a0_ * x) * ((-(x) + _a1_) + pow2(_a0_))) + _a2_));{'d0': {'_a0_': -3.376760878295677, '_a1_': -12.026373444738534, '_a2_': 1.7751354042444014, '_a3_': 1.0, '_a4_': 1.0, '_a5_': 1.0, '_a6_': 1.0, '_a7_': 1.0}};{'d0': 0.024905832919416636};-280.569866449044;39.553560838399385
31614;-104.411319546383;(x * (((_a0_ * x) * ((x + _a1_) + pow2(_a0_))) + _a2_));{'d0': {'_a0_': 3.376760877416039, '_a1_': -10.778654607697746, '_a2_': 1.77513540438969, '_a3_': 1.0, '_a4_': 1.0, '_a5_': 1.0, '_a6_': 1.0, '_a7_': 1.0}};{'d0': 0.02490583291941664};-280.569866449044;35.873613678138994
31615;-104.411319546383;(x * (((_a0_ * x) * ((x + _a1_) + pow2(_a0_))) + _a2_));{'d0': {'_a0_': 3.376760877416039, '_a1_': -10.778654607697746, '_a2_': 1.77513540438969, '_a3_': 1.0, '_a4_': 1.0, '_a5_': 1.0, '_a6_': 1.0, '_a7_': 1.0}};{'d0': 0.02490583291941664};-280.569866449044;35.873613678138994
31616;-104.411319546383;(x * (((_a0_ * x) * ((x + _a1_) + pow2(_a0_))) + _a2_));{'d0': {'_a0_': 3.376760877416039, '_a1_': -10.778654607697746, '_a2_': 1.77513540438969, '_a3_': 1.0, '_a4_': 1.0, '_a5_': 1.0, '_a6_': 1.0, '_a7_': 1.0}};{'d0': 0.02490583291941664};-280.569866449044;35.873613678138994
31617;-104.411319546383;(x * (((_a0_ * x) * ((x + _a1_) + pow2(_a0_))) + _a2_));{'d0': {'_a0_': 3.376760877416039, '_a1_': -10.778654607697746, '_a2_': 1.77513540438969, '_a3_': 1.0, '_a4_': 1.0, '_a5_': 1.0, '_a6_': 1.0, '_a7_': 1.0}};{'d0': 0.02490583291941664};-280.569866449044;35.873613678138994
31618;-102.364147264739;(x * (((_a4_ * x) * ((x + _a1_) + pow2(_a0_))) + _a2_));{'d0': {'_a0_': 3.3023042053074114, '_a1_': -10.281353582176607, '_a2_': 1.7751354040830465, '_a4_': 3.3767608795763238, '_a3_': 1.0, '_a5_': 1.0, '_a6_': 1.0, '_a7_': 1.0}};{'d0': 0.024905832919858692};-276.475521885757;35.873613678138994
31619;-102.364147264739;(x * (((_a4_ * x) * ((x + _a1_) + pow2(_a0_))) + _a2_));{'d0': {'_a0_': 3.3023042053074114, '_a1_': -10.281353582176607, '_a2_': 1.7751354040830465, '_a4_': 3.3767608795763238, '_a3_': 1.0, '_a5_': 1.0, '_a6_': 1.0, '_a7_': 1.0}};{'d0': 0.024905832919858692};-276.475521885757;35.873613678138994
31620;-102.364147264739;(x * (((_a4_ * x) * ((x + _a1_) + pow2(_a0_))) + _a2_));{'d0': {'_a0_': 3.3023042053074114, '_a1_': -10.281353582176607, '_a2_': 1.7751354040830465, '_a4_': 3.3767608795763238, '_a3_': 1.0, '_a5_': 1.0, '_a6_': 1.0, '_a7_': 1.0}};{'d0': 0.024905832919858692};-276.475521885757;35.873613678138994
31621;-102.364147264739;(x * (((_a4_ * x) * ((x + _a1_) + pow2(_a0_))) + _a2_));{'d0': {'_a0_': 3.3023042053074114, '_a1_': -10.281353582176607, '_a2_': 1.7751354040830465, '_a4_': 3.3767608795763238, '_a3_': 1.0, '_a5_': 1.0, '_a6_': 1.0, '_a7_': 1.0}};{'d0': 0.024905832919858692};-276.475521885757;35.873613678138994
31622;-102.364147264739;(x * (((_a4_ * x) * ((x + _a1_) + pow2(_a0_))) + _a2_));{'d0': {'_a0_': 3.3023042053074114, '_a1_': -10.281353582176607, '_a2_': 1.7751354040830465, '_a4_': 3.3767608795763238, '_a3_': 1.0, '_a5_': 1.0, '_a6_': 1.0, '_a7_': 1.0}};{'d0': 0.024905832919858692};-276.475521885757;35.873613678138994
31623;-102.364147264739;(x * (((_a4_ * x) * ((x + _a1_) + pow2(_a0_))) + _a2_));{'d0': {'_a0_': 3.3023042053074114, '_a1_': -10.281353582176607, '_a2_': 1.7751354040830465, '_a4_': 3.3767608795763238, '_a3_': 1.0, '_a5_': 1.0, '_a6_': 1.0, '_a7_': 1.0}};{'d0': 0.024905832919858692};-276.475521885757;35.873613678138994
31624;-102.364147264739;(x * (((_a4_ * x) * ((x + _a1_) + pow2(_a0_))) + _a2_));{'d0': {'_a0_': 3.3023042053074114, '_a1_': -10.281353582176607, '_a2_': 1.7751354040830465, '_a4_': 3.3767608795763238, '_a3_': 1.0, '_a5_': 1.0, '_a6_': 1.0, '_a7_': 1.0}};{'d0': 0.024905832919858692};-276.475521885757;35.873613678138994
31625;-102.364147264739;(x * (((_a4_ * x) * ((x + _a1_) + pow2(_a0_))) + _a2_));{'d0': {'_a0_': 3.3023042053074114, '_a1_': -10.281353582176607, '_a2_': 1.7751354040830465, '_a4_': 3.3767608795763238, '_a3_': 1.0, '_a5_': 1.0, '_a6_': 1.0, '_a7_': 1.0}};{'d0': 0.024905832919858692};-276.475521885757;35.873613678138994
31626;-102.364147264739;(x * (((_a4_ * x) * ((x + _a1_) + pow2(_a0_))) + _a2_));{'d0': {'_a0_': 3.3023042053074114, '_a1_': -10.281353582176607, '_a2_': 1.7751354040830465, '_a4_': 3.3767608795763238, '_a3_': 1.0, '_a5_': 1.0, '_a6_': 1.0, '_a7_': 1.0}};{'d0': 0.024905832919858692};-276.475521885757;35.873613678138994
31627;-102.364147264739;(x * (((_a4_ * x) * ((x + _a1_) + pow2(_a0_))) + _a2_));{'d0': {'_a0_': 3.3023042053074114, '_a1_': -10.281353582176607, '_a2_': 1.7751354040830465, '_a4_': 3.3767608795763238, '_a3_': 1.0, '_a5_': 1.0, '_a6_': 1.0, '_a7_': 1.0}};{'d0': 0.024905832919858692};-276.475521885757;35.873613678138994
31628;-102.364147264739;(x * (((_a4_ * x) * ((x + _a1_) + pow2(_a0_))) + _a2_));{'d0': {'_a0_': 3.3023042053074114, '_a1_': -10.281353582176607, '_a2_': 1.7751354040830465, '_a4_': 3.3767608795763238, '_a3_': 1.0, '_a5_': 1.0, '_a6_': 1.0, '_a7_': 1.0}};{'d0': 0.024905832919858692};-276.475521885757;35.873613678138994
31629;-102.364147264739;(x * (((_a4_ * x) * ((x + _a1_) + pow2(_a0_))) + _a2_));{'d0': {'_a0_': 3.3023042053074114, '_a1_': -10.281353582176607, '_a2_': 1.7751354040830465, '_a4_': 3.3767608795763238, '_a3_': 1.0, '_a5_': 1.0, '_a6_': 1.0, '_a7_': 1.0}};{'d0': 0.024905832919858692};-276.475521885757;35.873613678138994
31630;-102.364147264739;(x * (((_a4_ * x) * ((x + _a1_) + pow2(_a0_))) + _a2_));{'d0': {'_a0_': 3.3023042053074114, '_a1_': -10.281353582176607, '_a2_': 1.7751354040830465, '_a4_': 3.3767608795763238, '_a3_': 1.0, '_a5_': 1.0, '_a6_': 1.0, '_a7_': 1.0}};{'d0': 0.024905832919858692};-276.475521885757;35.873613678138994
31631;-102.364147264739;(x * (((_a4_ * x) * ((x + _a1_) + pow2(_a0_))) + _a2_));{'d0': {'_a0_': 3.3023042053074114, '_a1_': -10.281353582176607, '_a2_': 1.7751354040830465, '_a4_': 3.3767608795763238, '_a3_': 1.0, '_a5_': 1.0, '_a6_': 1.0, '_a7_': 1.0}};{'d0': 0.024905832919858692};-276.475521885757;35.873613678138994
31632;-102.364147264739;(x * (((_a4_ * x) * ((x + _a1_) + pow2(_a0_))) + _a2_));{'d0': {'_a0_': 3.3023042053074114, '_a1_': -10.281353582176607, '_a2_': 1.7751354040830465, '_a4_': 3.3767608795763238, '_a3_': 1.0, '_a5_': 1.0, '_a6_': 1.0, '_a7_': 1.0}};{'d0': 0.024905832919858692};-276.475521885757;35.873613678138994
31633;-101.112741807749;(x * (((_a4_ * x) * ((x + _a1_) + (_a7_ * _a4_))) + _a2_));{'d0': {'_a1_': 755.2153417656073, '_a2_': 1.7751354075966328, '_a4_': 3.3767608690233892, '_a7_': -223.46607053794145, '_a0_': 1.0, '_a3_': 1.0, '_a5_': 1.0, '_a6_': 1.0}};{'d0': 0.024905832923298576};-276.475521877470;37.125019130986
31634;-101.112741807749;(x * (((_a4_ * x) * ((x + _a1_) + (_a7_ * _a4_))) + _a2_));{'d0': {'_a1_': 755.2153417656073, '_a2_': 1.7751354075966328, '_a4_': 3.3767608690233892, '_a7_': -223.46607053794145, '_a0_': 1.0, '_a3_': 1.0, '_a5_': 1.0, '_a6_': 1.0}};{'d0': 0.024905832923298576};-276.475521877470;37.125019130986
31635;-101.112741807749;(x * (((_a4_ * x) * ((x + _a1_) + (_a7_ * _a4_))) + _a2_));{'d0': {'_a1_': 755.2153417656073, '_a2_': 1.7751354075966328, '_a4_': 3.3767608690233892, '_a7_': -223.46607053794145, '_a0_': 1.0, '_a3_': 1.0, '_a5_': 1.0, '_a6_': 1.0}};{'d0': 0.024905832923298576};-276.475521877470;37.125019130986
31636;-101.112741807749;(x * (((_a4_ * x) * ((x + _a1_) + (_a7_ * _a4_))) + _a2_));{'d0': {'_a1_': 755.2153417656073, '_a2_': 1.7751354075966328, '_a4_': 3.3767608690233892, '_a7_': -223.46607053794145, '_a0_': 1.0, '_a3_': 1.0, '_a5_': 1.0, '_a6_': 1.0}};{'d0': 0.024905832923298576};-276.475521877470;37.125019130986
31637;-101.112741807749;(x * (((_a4_ * x) * ((x + _a1_) + (_a7_ * _a4_))) + _a2_));{'d0': {'_a1_': 755.2153417656073, '_a2_': 1.7751354075966328, '_a4_': 3.3767608690233892, '_a7_': -223.46607053794145, '_a0_': 1.0, '_a3_': 1.0, '_a5_': 1.0, '_a6_': 1.0}};{'d0': 0.024905832923298576};-276.475521877470;37.125019130986
31638;-101.112741807749;(x * (((_a4_ * x) * ((x + _a1_) + (_a7_ * _a4_))) + _a2_));{'d0': {'_a1_': 755.2153417656073, '_a2_': 1.7751354075966328, '_a4_': 3.3767608690233892, '_a7_': -223.46607053794145, '_a0_': 1.0, '_a3_': 1.0, '_a5_': 1.0, '_a6_': 1.0}};{'d0': 0.024905832923298576};-276.475521877470;37.125019130986
31639;-101.112741763475;(x * (((_a4_ * x) * ((x + _a1_) + (_a7_ * _a4_))) + _a6_));{'d0': {'_a1_': 111774.65785682441, '_a4_': 3.3767608812612715, '_a6_': 1.7751354038114542, '_a7_': -33100.96211343829, '_a0_': 1.0, '_a2_': 1.0, '_a3_': 1.0, '_a5_': 1.0}};{'d0': 0.024905832960054726};-276.475521788921;37.125019130986
31640;-101.112741763475;(x * (((_a4_ * x) * ((x + _a1_) + (_a7_ * _a4_))) + _a6_));{'d0': {'_a1_': 111774.65785682441, '_a4_': 3.3767608812612715, '_a6_': 1.7751354038114542, '_a7_': -33100.96211343829, '_a0_': 1.0, '_a2_': 1.0, '_a3_': 1.0, '_a5_': 1.0}};{'d0': 0.024905832960054726};-276.475521788921;37.125019130986
31641;-101.112741763475;(x * (((_a4_ * x) * ((x + _a1_) + (_a7_ * _a4_))) + _a6_));{'d0': {'_a1_': 111774.65785682441, '_a4_': 3.3767608812612715, '_a6_': 1.7751354038114542, '_a7_': -33100.96211343829, '_a0_': 1.0, '_a2_': 1.0, '_a3_': 1.0, '_a5_': 1.0}};{'d0': 0.024905832960054726};-276.475521788921;37.125019130986
31642;-101.112741763475;(x * (((_a4_ * x) * ((x + _a1_) + (_a7_ * _a4_))) + _a6_));{'d0': {'_a1_': 111774.65785682441, '_a4_': 3.3767608812612715, '_a6_': 1.7751354038114542, '_a7_': -33100.96211343829, '_a0_': 1.0, '_a2_': 1.0, '_a3_': 1.0, '_a5_': 1.0}};{'d0': 0.024905832960054726};-276.475521788921;37.125019130986
31643;-101.112741763475;(x * (((_a4_ * x) * ((x + _a1_) + (_a7_ * _a4_))) + _a6_));{'d0': {'_a1_': 111774.65785682441, '_a4_': 3.3767608812612715, '_a6_': 1.7751354038114542, '_a7_': -33100.96211343829, '_a0_': 1.0, '_a2_': 1.0, '_a3_': 1.0, '_a5_': 1.0}};{'d0': 0.024905832960054726};-276.475521788921;37.125019130986
31644;-101.112741763475;(x * (((_a4_ * x) * ((x + _a1_) + (_a7_ * _a4_))) + _a6_));{'d0': {'_a1_': 111774.65785682441, '_a4_': 3.3767608812612715, '_a6_': 1.7751354038114542, '_a7_': -33100.96211343829, '_a0_': 1.0, '_a2_': 1.0, '_a3_': 1.0, '_a5_': 1.0}};{'d0': 0.024905832960054726};-276.475521788921;37.125019130986
31645;-101.112741763475;(x * (((_a4_ * x) * ((x + _a1_) + (_a7_ * _a4_))) + _a6_));{'d0': {'_a1_': 111774.65785682441, '_a4_': 3.3767608812612715, '_a6_': 1.7751354038114542, '_a7_': -33100.96211343829, '_a0_': 1.0, '_a2_': 1.0, '_a3_': 1.0, '_a5_': 1.0}};{'d0': 0.024905832960054726};-276.475521788921;37.125019130986
31646;-101.112741763475;(x * (((_a4_ * x) * ((x + _a1_) + (_a7_ * _a4_))) + _a6_));{'d0': {'_a1_': 111774.65785682441, '_a4_': 3.3767608812612715, '_a6_': 1.7751354038114542, '_a7_': -33100.96211343829, '_a0_': 1.0, '_a2_': 1.0, '_a3_': 1.0, '_a5_': 1.0}};{'d0': 0.024905832960054726};-276.475521788921;37.125019130986
31647;-101.112741763475;(x * (((_a4_ * x) * ((x + _a1_) + (_a7_ * _a4_))) + _a6_));{'d0': {'_a1_': 111774.65785682441, '_a4_': 3.3767608812612715, '_a6_': 1.7751354038114542, '_a7_': -33100.96211343829, '_a0_': 1.0, '_a2_': 1.0, '_a3_': 1.0, '_a5_': 1.0}};{'d0': 0.024905832960054726};-276.475521788921;37.125019130986
31648;-101.112741763475;(x * (((_a4_ * x) * ((x + _a1_) + (_a7_ * _a4_))) + _a6_));{'d0': {'_a1_': 111774.65785682441, '_a4_': 3.3767608812612715, '_a6_': 1.7751354038114542, '_a7_': -33100.96211343829, '_a0_': 1.0, '_a2_': 1.0, '_a3_': 1.0, '_a5_': 1.0}};{'d0': 0.024905832960054726};-276.475521788921;37.125019130986
31649;-101.112741763475;(x * (((_a4_ * x) * ((x + _a1_) + (_a7_ * _a4_))) + _a6_));{'d0': {'_a1_': 111774.65785682441, '_a4_': 3.3767608812612715, '_a6_': 1.7751354038114542, '_a7_': -33100.96211343829, '_a0_': 1.0, '_a2_': 1.0, '_a3_': 1.0, '_a5_': 1.0}};{'d0': 0.024905832960054726};-276.475521788921;37.125019130986
31650;-101.112741763475;(x * (((_a4_ * x) * ((x + _a1_) + (_a7_ * _a4_))) + _a6_));{'d0': {'_a1_': 111774.65785682441, '_a4_': 3.3767608812612715, '_a6_': 1.7751354038114542, '_a7_': -33100.96211343829, '_a0_': 1.0, '_a2_': 1.0, '_a3_': 1.0, '_a5_': 1.0}};{'d0': 0.024905832960054726};-276.475521788921;37.125019130986
31651;-99.0655695309033;(x * (((_a4_ * x) * ((x + _a1_) + (_a7_ * _a0_))) + _a6_));{'d0': {'_a0_': 2.050700003475901, '_a1_': 101876.27237257395, '_a4_': 3.3767608781434326, '_a6_': 1.7751354043495258, '_a7_': -49678.474833189845, '_a2_': 1.0, '_a3_': 1.0, '_a5_': 1.0}};{'d0': 0.024905832919757294};-272.381177323779;37.125019130986
31652;-99.0655695309033;(x * (((_a4_ * x) * ((x + _a1_) + (_a7_ * _a0_))) + _a6_));{'d0': {'_a0_': 2.050700003475901, '_a1_': 101876.27237257395, '_a4_': 3.3767608781434326, '_a6_': 1.7751354043495258, '_a7_': -49678.474833189845, '_a2_': 1.0, '_a3_': 1.0, '_a5_': 1.0}};{'d0': 0.024905832919757294};-272.381177323779;37.125019130986
31653;-99.0655695309033;(x * (((_a4_ * x) * ((x + _a1_) + (_a7_ * _a0_))) + _a6_));{'d0': {'_a0_': 2.050700003475901, '_a1_': 101876.27237257395, '_a4_': 3.3767608781434326, '_a6_': 1.7751354043495258, '_a7_': -49678.474833189845, '_a2_': 1.0, '_a3_': 1.0, '_a5_': 1.0}};{'d0': 0.024905832919757294};-272.381177323779;37.125019130986
31654;-99.0655695309033;(x * (((_a4_ * x) * ((x + _a1_) + (_a7_ * _a0_))) + _a6_));{'d0': {'_a0_': 2.050700003475901, '_a1_': 101876.27237257395, '_a4_': 3.3767608781434326, '_a6_': 1.7751354043495258, '_a7_': -49678.474833189845, '_a2_': 1.0, '_a3_': 1.0, '_a5_': 1.0}};{'d0': 0.024905832919757294};-272.381177323779;37.125019130986
31655;-99.0655695309033;(x * (((_a4_ * x) * ((x + _a1_) + (_a7_ * _a0_))) + _a6_));{'d0': {'_a0_': 2.050700003475901, '_a1_': 101876.27237257395, '_a4_': 3.3767608781434326, '_a6_': 1.7751354043495258, '_a7_': -49678.474833189845, '_a2_': 1.0, '_a3_': 1.0, '_a5_': 1.0}};{'d0': 0.024905832919757294};-272.381177323779;37.125019130986
31656;-99.0655695309033;(x * (((_a4_ * x) * ((x + _a1_) + (_a7_ * _a0_))) + _a6_));{'d0': {'_a0_': 2.050700003475901, '_a1_': 101876.27237257395, '_a4_': 3.3767608781434326, '_a6_': 1.7751354043495258, '_a7_': -49678.474833189845, '_a2_': 1.0, '_a3_': 1.0, '_a5_': 1.0}};{'d0': 0.024905832919757294};-272.381177323779;37.125019130986
31657;-99.0655695309033;(x * (((_a4_ * x) * ((x + _a1_) + (_a7_ * _a0_))) + _a6_));{'d0': {'_a0_': 2.050700003475901, '_a1_': 101876.27237257395, '_a4_': 3.3767608781434326, '_a6_': 1.7751354043495258, '_a7_': -49678.474833189845, '_a2_': 1.0, '_a3_': 1.0, '_a5_': 1.0}};{'d0': 0.024905832919757294};-272.381177323779;37.125019130986
31658;-99.0655695309033;(x * (((_a4_ * x) * ((x + _a1_) + (_a7_ * _a0_))) + _a6_));{'d0': {'_a0_': 2.050700003475901, '_a1_': 101876.27237257395, '_a4_': 3.3767608781434326, '_a6_': 1.7751354043495258, '_a7_': -49678.474833189845, '_a2_': 1.0, '_a3_': 1.0, '_a5_': 1.0}};{'d0': 0.024905832919757294};-272.381177323779;37.125019130986
31659;-99.0655695309033;(x * (((_a4_ * x) * ((x + _a1_) + (_a7_ * _a0_))) + _a6_));{'d0': {'_a0_': 2.050700003475901, '_a1_': 101876.27237257395, '_a4_': 3.3767608781434326, '_a6_': 1.7751354043495258, '_a7_': -49678.474833189845, '_a2_': 1.0, '_a3_': 1.0, '_a5_': 1.0}};{'d0': 0.024905832919757294};-272.381177323779;37.125019130986
31660;-99.0655695309033;(x * (((_a4_ * x) * ((x + _a1_) + (_a7_ * _a0_))) + _a6_));{'d0': {'_a0_': 2.050700003475901, '_a1_': 101876.27237257395, '_a4_': 3.3767608781434326, '_a6_': 1.7751354043495258, '_a7_': -49678.474833189845, '_a2_': 1.0, '_a3_': 1.0, '_a5_': 1.0}};{'d0': 0.024905832919757294};-272.381177323779;37.125019130986
31661;-99.0655695309033;(x * (((_a4_ * x) * ((x + _a1_) + (_a7_ * _a0_))) + _a6_));{'d0': {'_a0_': 2.050700003475901, '_a1_': 101876.27237257395, '_a4_': 3.3767608781434326, '_a6_': 1.7751354043495258, '_a7_': -49678.474833189845, '_a2_': 1.0, '_a3_': 1.0, '_a5_': 1.0}};{'d0': 0.024905832919757294};-272.381177323779;37.125019130986
31662;-99.0655695309033;(x * (((_a4_ * x) * ((x + _a1_) + (_a7_ * _a0_))) + _a6_));{'d0': {'_a0_': 2.050700003475901, '_a1_': 101876.27237257395, '_a4_': 3.3767608781434326, '_a6_': 1.7751354043495258, '_a7_': -49678.474833189845, '_a2_': 1.0, '_a3_': 1.0, '_a5_': 1.0}};{'d0': 0.024905832919757294};-272.381177323779;37.125019130986
31663;-99.0655695309033;(x * (((_a4_ * x) * ((x + _a1_) + (_a7_ * _a0_))) + _a6_));{'d0': {'_a0_': 2.050700003475901, '_a1_': 101876.27237257395, '_a4_': 3.3767608781434326, '_a6_': 1.7751354043495258, '_a7_': -49678.474833189845, '_a2_': 1.0, '_a3_': 1.0, '_a5_': 1.0}};{'d0': 0.024905832919757294};-272.381177323779;37.125019130986
31664;-99.0655695309033;(x * (((_a4_ * x) * ((x + _a1_) + (_a7_ * _a0_))) + _a6_));{'d0': {'_a0_': 2.050700003475901, '_a1_': 101876.27237257395, '_a4_': 3.3767608781434326, '_a6_': 1.7751354043495258, '_a7_': -49678.474833189845, '_a2_': 1.0, '_a3_': 1.0, '_a5_': 1.0}};{'d0': 0.024905832919757294};-272.381177323779;37.125019130986
31665;-99.0655695309033;(x * (((_a4_ * x) * ((x + _a1_) + (_a7_ * _a0_))) + _a6_));{'d0': {'_a0_': 2.050700003475901, '_a1_': 101876.27237257395, '_a4_': 3.3767608781434326, '_a6_': 1.7751354043495258, '_a7_': -49678.474833189845, '_a2_': 1.0, '_a3_': 1.0, '_a5_': 1.0}};{'d0': 0.024905832919757294};-272.381177323779;37.125019130986
31666;-99.0655695309033;(x * (((_a4_ * x) * ((x + _a1_) + (_a7_ * _a0_))) + _a6_));{'d0': {'_a0_': 2.050700003475901, '_a1_': 101876.27237257395, '_a4_': 3.3767608781434326, '_a6_': 1.7751354043495258, '_a7_': -49678.474833189845, '_a2_': 1.0, '_a3_': 1.0, '_a5_': 1.0}};{'d0': 0.024905832919757294};-272.381177323779;37.125019130986
31667;-99.0655695309033;(x * (((_a4_ * x) * ((x + _a1_) + (_a7_ * _a0_))) + _a6_));{'d0': {'_a0_': 2.050700003475901, '_a1_': 101876.27237257395, '_a4_': 3.3767608781434326, '_a6_': 1.7751354043495258, '_a7_': -49678.474833189845, '_a2_': 1.0, '_a3_': 1.0, '_a5_': 1.0}};{'d0': 0.024905832919757294};-272.381177323779;37.125019130986
31668;-99.0655695309033;(x * (((_a4_ * x) * ((x + _a1_) + (_a7_ * _a0_))) + _a6_));{'d0': {'_a0_': 2.050700003475901, '_a1_': 101876.27237257395, '_a4_': 3.3767608781434326, '_a6_': 1.7751354043495258, '_a7_': -49678.474833189845, '_a2_': 1.0, '_a3_': 1.0, '_a5_': 1.0}};{'d0': 0.024905832919757294};-272.381177323779;37.125019130986
31669;-99.0655695309033;(x * (((_a4_ * x) * ((x + _a1_) + (_a7_ * _a0_))) + _a6_));{'d0': {'_a0_': 2.050700003475901, '_a1_': 101876.27237257395, '_a4_': 3.3767608781434326, '_a6_': 1.7751354043495258, '_a7_': -49678.474833189845, '_a2_': 1.0, '_a3_': 1.0, '_a5_': 1.0}};{'d0': 0.024905832919757294};-272.381177323779;37.125019130986
31670;-99.0655695309033;(x * (((_a4_ * x) * ((x + _a1_) + (_a7_ * _a0_))) + _a6_));{'d0': {'_a0_': 2.050700003475901, '_a1_': 101876.27237257395, '_a4_': 3.3767608781434326, '_a6_': 1.7751354043495258, '_a7_': -49678.474833189845, '_a2_': 1.0, '_a3_': 1.0, '_a5_': 1.0}};{'d0': 0.024905832919757294};-272.381177323779;37.125019130986
31671;-99.0655695309033;(x * (((_a4_ * x) * ((x + _a1_) + (_a7_ * _a0_))) + _a6_));{'d0': {'_a0_': 2.050700003475901, '_a1_': 101876.27237257395, '_a4_': 3.3767608781434326, '_a6_': 1.7751354043495258, '_a7_': -49678.474833189845, '_a2_': 1.0, '_a3_': 1.0, '_a5_': 1.0}};{'d0': 0.024905832919757294};-272.381177323779;37.125019130986
31672;-99.0655695309033;(x * (((_a4_ * x) * ((x + _a1_) + (_a7_ * _a0_))) + _a6_));{'d0': {'_a0_': 2.050700003475901, '_a1_': 101876.27237257395, '_a4_': 3.3767608781434326, '_a6_': 1.7751354043495258, '_a7_': -49678.474833189845, '_a2_': 1.0, '_a3_': 1.0, '_a5_': 1.0}};{'d0': 0.024905832919757294};-272.381177323779;37.125019130986
31673;-99.0655695309033;(x * (((_a4_ * x) * ((x + _a1_) + (_a7_ * _a0_))) + _a6_));{'d0': {'_a0_': 2.050700003475901, '_a1_': 101876.27237257395, '_a4_': 3.3767608781434326, '_a6_': 1.7751354043495258, '_a7_': -49678.474833189845, '_a2_': 1.0, '_a3_': 1.0, '_a5_': 1.0}};{'d0': 0.024905832919757294};-272.381177323779;37.125019130986
31674;-99.0655695309033;(x * (((_a4_ * x) * ((x + _a1_) + (_a7_ * _a0_))) + _a6_));{'d0': {'_a0_': 2.050700003475901, '_a1_': 101876.27237257395, '_a4_': 3.3767608781434326, '_a6_': 1.7751354043495258, '_a7_': -49678.474833189845, '_a2_': 1.0, '_a3_': 1.0, '_a5_': 1.0}};{'d0': 0.024905832919757294};-272.381177323779;37.125019130986
31675;-99.0655695309033;(x * (((_a4_ * x) * ((x + _a1_) + (_a7_ * _a0_))) + _a6_));{'d0': {'_a0_': 2.050700003475901, '_a1_': 101876.27237257395, '_a4_': 3.3767608781434326, '_a6_': 1.7751354043495258, '_a7_': -49678.474833189845, '_a2_': 1.0, '_a3_': 1.0, '_a5_': 1.0}};{'d0': 0.024905832919757294};-272.381177323779;37.125019130986
31676;-101.112741707936;(x * (((_a4_ * x) * ((x + _a1_) + (_a6_ * _a0_))) + _a6_));{'d0': {'_a0_': -9783.479418080782, '_a1_': 17367.624552397003, '_a4_': 3.3767608797755546, '_a6_': 1.7751354044675625, '_a2_': 1.0, '_a3_': 1.0, '_a5_': 1.0, '_a7_': 1.0}};{'d0': 0.02490583300616276};-276.475521677844;37.125019130986
31677;-95.7534097821321;(x * (((log(_a3_) * x) * ((x + _a1_) + (_a6_ * _a0_))) + _a6_));{'d0': {'_a0_': -9781.298325454556, '_a1_': 17363.752821691425, '_a3_': 29.275785839254965, '_a6_': 1.7751354047815353, '_a2_': 1.0, '_a4_': 1.0, '_a5_': 1.0, '_a7_': 1.0}};{'d0': 0.02490583291956819};-276.475521886456;42.484351161096
31678;-95.7534097821321;(x * (((log(_a3_) * x) * ((x + _a1_) + (_a6_ * _a0_))) + _a6_));{'d0': {'_a0_': -9781.298325454556, '_a1_': 17363.752821691425, '_a3_': 29.275785839254965, '_a6_': 1.7751354047815353, '_a2_': 1.0, '_a4_': 1.0, '_a5_': 1.0, '_a7_': 1.0}};{'d0': 0.02490583291956819};-276.475521886456;42.484351161096
31679;-95.7534097821321;(x * (((log(_a3_) * x) * ((x + _a1_) + (_a6_ * _a0_))) + _a6_));{'d0': {'_a0_': -9781.298325454556, '_a1_': 17363.752821691425, '_a3_': 29.275785839254965, '_a6_': 1.7751354047815353, '_a2_': 1.0, '_a4_': 1.0, '_a5_': 1.0, '_a7_': 1.0}};{'d0': 0.02490583291956819};-276.475521886456;42.484351161096
31680;-93.2652777649092;(x * ((((_a7_ / _a3_) * x) * ((x + _a1_) + (_a6_ * _a0_))) + _a6_));{'d0': {'_a0_': -9738.513284566672, '_a1_': 17287.803582088785, '_a3_': 3812.2445221379435, '_a6_': 1.7751354049153563, '_a7_': 12873.037987365204, '_a2_': 1.0, '_a4_': 1.0, '_a5_': 1.0}};{'d0': 0.024905832919418343};-272.381177324595;42.9253108973884
31681;-93.2652777600623;(x * ((((_a7_ / _a3_) * x) * ((x + _a1_) + (_a6_ * _a4_))) + _a6_));{'d0': {'_a1_': -21122.102275191737, '_a3_': 57032.17373682446, '_a4_': 11899.219677830884, '_a6_': 1.7751354043626388, '_a7_': 192584.01306692057, '_a0_': 1.0, '_a2_': 1.0, '_a5_': 1.0}};{'d0': 0.02490583292344223};-272.381177314901;42.9253108973884
31682;-101.233051095052;(x * ((((_a7_ / _a3_) * x) * (x + (_a6_ * _a4_))) + _a6_));{'d0': {'_a3_': -4074101.868478735, '_a4_': 0.35144328366326, '_a6_': 1.77513540480077, '_a7_': -13757267.768941246, '_a0_': 1.0, '_a1_': 1.0, '_a2_': 1.0, '_a5_': 1.0}};{'d0': 0.02490583291941668};-276.475521886821;37.0047098483584
31683;-101.233051095052;(x * ((((_a7_ / _a3_) * x) * (x + (_a6_ * _a4_))) + _a6_));{'d0': {'_a3_': -4074101.868478735, '_a4_': 0.35144328366326, '_a6_': 1.77513540480077, '_a7_': -13757267.768941246, '_a0_': 1.0, '_a1_': 1.0, '_a2_': 1.0, '_a5_': 1.0}};{'d0': 0.02490583291941668};-276.475521886821;37.0047098483584
31684;-101.233051095052;(x * ((((_a7_ / _a3_) * x) * (x + (_a6_ * _a4_))) + _a6_));{'d0': {'_a3_': -4074101.868478735, '_a4_': 0.35144328366326, '_a6_': 1.77513540480077, '_a7_': -13757267.768941246, '_a0_': 1.0, '_a1_': 1.0, '_a2_': 1.0, '_a5_': 1.0}};{'d0': 0.02490583291941668};-276.475521886821;37.0047098483584
31685;-101.233051095052;(x * ((((_a7_ / _a3_) * x) * (x + (_a6_ * _a4_))) + _a6_));{'d0': {'_a3_': -4074101.868478735, '_a4_': 0.35144328366326, '_a6_': 1.77513540480077, '_a7_': -13757267.768941246, '_a0_': 1.0, '_a1_': 1.0, '_a2_': 1.0, '_a5_': 1.0}};{'d0': 0.02490583291941668};-276.475521886821;37.0047098483584
31686;-101.233051095052;(x * ((((_a7_ / _a3_) * x) * (x + (_a6_ * _a4_))) + _a6_));{'d0': {'_a3_': -4074101.868478735, '_a4_': 0.35144328366326, '_a6_': 1.77513540480077, '_a7_': -13757267.768941246, '_a0_': 1.0, '_a1_': 1.0, '_a2_': 1.0, '_a5_': 1.0}};{'d0': 0.02490583291941668};-276.475521886821;37.0047098483584
31687;-101.233051095052;(x * ((((_a7_ / _a3_) * x) * (x + (_a6_ * _a4_))) + _a6_));{'d0': {'_a3_': -4074101.868478735, '_a4_': 0.35144328366326, '_a6_': 1.77513540480077, '_a7_': -13757267.768941246, '_a0_': 1.0, '_a1_': 1.0, '_a2_': 1.0, '_a5_': 1.0}};{'d0': 0.02490583291941668};-276.475521886821;37.0047098483584
31688;-101.233051095052;(x * ((((_a7_ / _a3_) * x) * (x + (_a6_ * _a4_))) + _a6_));{'d0': {'_a3_': -4074101.868478735, '_a4_': 0.35144328366326, '_a6_': 1.77513540480077, '_a7_': -13757267.768941246, '_a0_': 1.0, '_a1_': 1.0, '_a2_': 1.0, '_a5_': 1.0}};{'d0': 0.02490583291941668};-276.475521886821;37.0047098483584
31689;-101.112741810847;(((_a2_ + (((_a6_ + x) * (_a1_ + _a0_)) * x)) * x) * _a0_);{'d0': {'_a0_': 0.9596976561823933, '_a1_': 2.5588693081603675, '_a2_': 1.849681695586919, '_a6_': 0.6238594158223381, '_a3_': 1.0, '_a4_': 1.0, '_a5_': 1.0, '_a7_': 1.0}};{'d0': 0.024905832920726158};-276.475521883667;37.125019130986075
31690;-101.112741810847;(((_a2_ + (((_a6_ + x) * (_a1_ + _a0_)) * x)) * x) * _a0_);{'d0': {'_a0_': 0.9596976561823933, '_a1_': 2.5588693081603675, '_a2_': 1.849681695586919, '_a6_': 0.6238594158223381, '_a3_': 1.0, '_a4_': 1.0, '_a5_': 1.0, '_a7_': 1.0}};{'d0': 0.024905832920726158};-276.475521883667;37.125019130986075
31691;-101.112741810847;(((_a2_ + (((_a6_ + x) * (_a1_ + _a0_)) * x)) * x) * _a0_);{'d0': {'_a0_': 0.9596976561823933, '_a1_': 2.5588693081603675, '_a2_': 1.849681695586919, '_a6_': 0.6238594158223381, '_a3_': 1.0, '_a4_': 1.0, '_a5_': 1.0, '_a7_': 1.0}};{'d0': 0.024905832920726158};-276.475521883667;37.125019130986075
31692;-101.112741810847;(((_a2_ + (((_a6_ + x) * (_a1_ + _a0_)) * x)) * x) * _a0_);{'d0': {'_a0_': 0.9596976561823933, '_a1_': 2.5588693081603675, '_a2_': 1.849681695586919, '_a6_': 0.6238594158223381, '_a3_': 1.0, '_a4_': 1.0, '_a5_': 1.0, '_a7_': 1.0}};{'d0': 0.024905832920726158};-276.475521883667;37.125019130986075
31693;-101.112741810847;(((_a2_ + (((_a6_ + x) * (_a1_ + _a0_)) * x)) * x) * _a0_);{'d0': {'_a0_': 0.9596976561823933, '_a1_': 2.5588693081603675, '_a2_': 1.849681695586919, '_a6_': 0.6238594158223381, '_a3_': 1.0, '_a4_': 1.0, '_a5_': 1.0, '_a7_': 1.0}};{'d0': 0.024905832920726158};-276.475521883667;37.125019130986075
31694;-101.112741810847;(((_a2_ + (((_a6_ + x) * (_a1_ + _a0_)) * x)) * x) * _a0_);{'d0': {'_a0_': 0.9596976561823933, '_a1_': 2.5588693081603675, '_a2_': 1.849681695586919, '_a6_': 0.6238594158223381, '_a3_': 1.0, '_a4_': 1.0, '_a5_': 1.0, '_a7_': 1.0}};{'d0': 0.024905832920726158};-276.475521883667;37.125019130986075
31695;-101.112741810847;(((_a2_ + (((_a6_ + x) * (_a1_ + _a0_)) * x)) * x) * _a0_);{'d0': {'_a0_': 0.9596976561823933, '_a1_': 2.5588693081603675, '_a2_': 1.849681695586919, '_a6_': 0.6238594158223381, '_a3_': 1.0, '_a4_': 1.0, '_a5_': 1.0, '_a7_': 1.0}};{'d0': 0.024905832920726158};-276.475521883667;37.125019130986075
31696;-101.112741810847;(((_a2_ + (((_a6_ + x) * (_a1_ + _a0_)) * x)) * x) * _a0_);{'d0': {'_a0_': 0.9596976561823933, '_a1_': 2.5588693081603675, '_a2_': 1.849681695586919, '_a6_': 0.6238594158223381, '_a3_': 1.0, '_a4_': 1.0, '_a5_': 1.0, '_a7_': 1.0}};{'d0': 0.024905832920726158};-276.475521883667;37.125019130986075
31697;-101.112741810847;(((_a2_ + (((_a6_ + x) * (_a1_ + _a0_)) * x)) * x) * _a0_);{'d0': {'_a0_': 0.9596976561823933, '_a1_': 2.5588693081603675, '_a2_': 1.849681695586919, '_a6_': 0.6238594158223381, '_a3_': 1.0, '_a4_': 1.0, '_a5_': 1.0, '_a7_': 1.0}};{'d0': 0.024905832920726158};-276.475521883667;37.125019130986075
31698;-103.721183112456;(x * (((log(_a1_) * x) * (x + (_a6_ * _a4_))) + _a6_));{'d0': {'_a1_': 29.275789446100376, '_a4_': 0.35144328365959565, '_a6_': 1.7751354047542658, '_a0_': 1.0, '_a2_': 1.0, '_a3_': 1.0, '_a5_': 1.0, '_a7_': 1.0}};{'d0': 0.02490583291941669};-280.569866449043;36.563750112066
31699;-103.721183112456;(x * (((log(_a1_) * x) * (x + (_a6_ * _a4_))) + _a6_));{'d0': {'_a1_': 29.275789446100376, '_a4_': 0.35144328365959565, '_a6_': 1.7751354047542658, '_a0_': 1.0, '_a2_': 1.0, '_a3_': 1.0, '_a5_': 1.0, '_a7_': 1.0}};{'d0': 0.02490583291941669};-280.569866449043;36.563750112066
31700;-103.721183112456;(x * (((log(_a1_) * x) * (x + (_a6_ * _a4_))) + _a6_));{'d0': {'_a1_': 29.275789446100376, '_a4_': 0.35144328365959565, '_a6_': 1.7751354047542658, '_a0_': 1.0, '_a2_': 1.0, '_a3_': 1.0, '_a5_': 1.0, '_a7_': 1.0}};{'d0': 0.02490583291941669};-280.569866449043;36.563750112066
31701;-103.721183112456;(x * (((log(_a1_) * x) * (x + (_a6_ * _a4_))) + _a6_));{'d0': {'_a1_': 29.275789446100376, '_a4_': 0.35144328365959565, '_a6_': 1.7751354047542658, '_a0_': 1.0, '_a2_': 1.0, '_a3_': 1.0, '_a5_': 1.0, '_a7_': 1.0}};{'d0': 0.02490583291941669};-280.569866449043;36.563750112066
31702;-103.280223376163;(x * ((((_a4_ / _a0_) * x) * (x + (_a6_ * _a4_))) + _a6_));{'d0': {'_a0_': 0.10407704197625023, '_a4_': 0.35144328375329814, '_a6_': 1.775135404041389, '_a1_': 1.0, '_a2_': 1.0, '_a3_': 1.0, '_a5_': 1.0, '_a7_': 1.0}};{'d0': 0.024905832919416653};-280.569866449044;37.0047098483584
31703;-103.280223376163;(x * ((((_a4_ / _a0_) * x) * (x + (_a6_ * _a4_))) + _a6_));{'d0': {'_a0_': 0.10407704197625023, '_a4_': 0.35144328375329814, '_a6_': 1.775135404041389, '_a1_': 1.0, '_a2_': 1.0, '_a3_': 1.0, '_a5_': 1.0, '_a7_': 1.0}};{'d0': 0.024905832919416653};-280.569866449044;37.0047098483584
31704;-103.280223376163;(x * ((((_a4_ / _a0_) * x) * (x + (_a6_ * _a4_))) + _a6_));{'d0': {'_a0_': 0.10407704197625023, '_a4_': 0.35144328375329814, '_a6_': 1.775135404041389, '_a1_': 1.0, '_a2_': 1.0, '_a3_': 1.0, '_a5_': 1.0, '_a7_': 1.0}};{'d0': 0.024905832919416653};-280.569866449044;37.0047098483584
31705;-103.280223376163;(x * ((((_a4_ / _a0_) * x) * (x + (_a6_ * _a4_))) + _a6_));{'d0': {'_a0_': 0.10407704197625023, '_a4_': 0.35144328375329814, '_a6_': 1.775135404041389, '_a1_': 1.0, '_a2_': 1.0, '_a3_': 1.0, '_a5_': 1.0, '_a7_': 1.0}};{'d0': 0.024905832919416653};-280.569866449044;37.0047098483584
31706;-103.280223376163;(x * ((((_a4_ / _a0_) * x) * (x + (_a6_ * _a4_))) + _a6_));{'d0': {'_a0_': 0.10407704197625023, '_a4_': 0.35144328375329814, '_a6_': 1.775135404041389, '_a1_': 1.0, '_a2_': 1.0, '_a3_': 1.0, '_a5_': 1.0, '_a7_': 1.0}};{'d0': 0.024905832919416653};-280.569866449044;37.0047098483584
31707;-103.280223376163;(x * ((((_a4_ / _a0_) * x) * (x + (_a6_ * _a4_))) + _a6_));{'d0': {'_a0_': 0.10407704197625023, '_a4_': 0.35144328375329814, '_a6_': 1.775135404041389, '_a1_': 1.0, '_a2_': 1.0, '_a3_': 1.0, '_a5_': 1.0, '_a7_': 1.0}};{'d0': 0.024905832919416653};-280.569866449044;37.0047098483584
31708;-103.280223376163;(x * ((((_a4_ / _a0_) * x) * (x + (_a6_ * _a4_))) + _a6_));{'d0': {'_a0_': 0.10407704197625023, '_a4_': 0.35144328375329814, '_a6_': 1.775135404041389, '_a1_': 1.0, '_a2_': 1.0, '_a3_': 1.0, '_a5_': 1.0, '_a7_': 1.0}};{'d0': 0.024905832919416653};-280.569866449044;37.0047098483584
31709;-101.233051093131;(x * ((((_a4_ / _a0_) * x) * (x + (_a6_ * _a4_))) + _a1_));{'d0': {'_a0_': 0.0880621740920287, '_a1_': 1.7751354042668739, '_a4_': 0.2973649043994118, '_a6_': 2.0979587025235906, '_a2_': 1.0, '_a3_': 1.0, '_a5_': 1.0, '_a7_': 1.0}};{'d0': 0.02490583292101146};-276.475521882979;37.0047098483584
31710;-101.233051093131;(x * ((((_a4_ / _a0_) * x) * (x + (_a6_ * _a4_))) + _a1_));{'d0': {'_a0_': 0.0880621740920287, '_a1_': 1.7751354042668739, '_a4_': 0.2973649043994118, '_a6_': 2.0979587025235906, '_a2_': 1.0, '_a3_': 1.0, '_a5_': 1.0, '_a7_': 1.0}};{'d0': 0.02490583292101146};-276.475521882979;37.0047098483584
31711;-101.233051093131;(x * ((((_a4_ / _a0_) * x) * (x + (_a6_ * _a4_))) + _a1_));{'d0': {'_a0_': 0.0880621740920287, '_a1_': 1.7751354042668739, '_a4_': 0.2973649043994118, '_a6_': 2.0979587025235906, '_a2_': 1.0, '_a3_': 1.0, '_a5_': 1.0, '_a7_': 1.0}};{'d0': 0.02490583292101146};-276.475521882979;37.0047098483584
31712;-101.233051093131;(x * ((((_a4_ / _a0_) * x) * (x + (_a6_ * _a4_))) + _a1_));{'d0': {'_a0_': 0.0880621740920287, '_a1_': 1.7751354042668739, '_a4_': 0.2973649043994118, '_a6_': 2.0979587025235906, '_a2_': 1.0, '_a3_': 1.0, '_a5_': 1.0, '_a7_': 1.0}};{'d0': 0.02490583292101146};-276.475521882979;37.0047098483584
31713;-101.233051093131;(x * ((((_a4_ / _a0_) * x) * (x + (_a6_ * _a4_))) + _a1_));{'d0': {'_a0_': 0.0880621740920287, '_a1_': 1.7751354042668739, '_a4_': 0.2973649043994118, '_a6_': 2.0979587025235906, '_a2_': 1.0, '_a3_': 1.0, '_a5_': 1.0, '_a7_': 1.0}};{'d0': 0.02490583292101146};-276.475521882979;37.0047098483584
31714;-101.233051093131;(x * ((((_a4_ / _a0_) * x) * (x + (_a6_ * _a4_))) + _a1_));{'d0': {'_a0_': 0.0880621740920287, '_a1_': 1.7751354042668739, '_a4_': 0.2973649043994118, '_a6_': 2.0979587025235906, '_a2_': 1.0, '_a3_': 1.0, '_a5_': 1.0, '_a7_': 1.0}};{'d0': 0.02490583292101146};-276.475521882979;37.0047098483584
31715;-94.0438723049106;(((_a2_ + (((_a6_ + x) * (_a1_ + (_a7_ * _a6_))) * x)) * x) * _a0_);{'d0': {'_a0_': 1.0049347106721858, '_a1_': 5.6587979531988415, '_a2_': 1.76641798370766, '_a6_': 0.6238594156867553, '_a7_': -3.684515737555129, '_a3_': 1.0, '_a4_': 1.0, '_a5_': 1.0}};{'d0': 0.024905832931557435};-272.381177295351;42.146716342765075
31716;-96.0910445847192;(((_a2_ + (((_a6_ + x) * (_a1_ + (_a0_ * _a6_))) * x)) * x) * _a0_);{'d0': {'_a0_': 0.8989443245423666, '_a1_': 3.1955463080617004, '_a2_': 1.9746881623091088, '_a6_': 0.6238594156466747, '_a3_': 1.0, '_a4_': 1.0, '_a5_': 1.0, '_a7_': 1.0}};{'d0': 0.02490583293263875};-276.475521854968;42.146716342765075
31717;-96.0910445847192;(((_a2_ + (((_a6_ + x) * (_a1_ + (_a0_ * _a6_))) * x)) * x) * _a0_);{'d0': {'_a0_': 0.8989443245423666, '_a1_': 3.1955463080617004, '_a2_': 1.9746881623091088, '_a6_': 0.6238594156466747, '_a3_': 1.0, '_a4_': 1.0, '_a5_': 1.0, '_a7_': 1.0}};{'d0': 0.02490583293263875};-276.475521854968;42.146716342765075
31718;-96.0910445847192;(((_a2_ + (((_a6_ + x) * (_a1_ + (_a0_ * _a6_))) * x)) * x) * _a0_);{'d0': {'_a0_': 0.8989443245423666, '_a1_': 3.1955463080617004, '_a2_': 1.9746881623091088, '_a6_': 0.6238594156466747, '_a3_': 1.0, '_a4_': 1.0, '_a5_': 1.0, '_a7_': 1.0}};{'d0': 0.02490583293263875};-276.475521854968;42.146716342765075
31719;-96.0910445847192;(((_a2_ + (((_a6_ + x) * (_a1_ + (_a0_ * _a6_))) * x)) * x) * _a0_);{'d0': {'_a0_': 0.8989443245423666, '_a1_': 3.1955463080617004, '_a2_': 1.9746881623091088, '_a6_': 0.6238594156466747, '_a3_': 1.0, '_a4_': 1.0, '_a5_': 1.0, '_a7_': 1.0}};{'d0': 0.02490583293263875};-276.475521854968;42.146716342765075
31720;-96.0910445847192;(((_a2_ + (((_a6_ + x) * (_a1_ + (_a0_ * _a6_))) * x)) * x) * _a0_);{'d0': {'_a0_': 0.8989443245423666, '_a1_': 3.1955463080617004, '_a2_': 1.9746881623091088, '_a6_': 0.6238594156466747, '_a3_': 1.0, '_a4_': 1.0, '_a5_': 1.0, '_a7_': 1.0}};{'d0': 0.02490583293263875};-276.475521854968;42.146716342765075
31721;-101.112741812234;((_a2_ + (((_a6_ + x) * (_a1_ + (_a0_ * _a6_))) * x)) * x);{'d0': {'_a0_': -1977.0995249467019, '_a1_': 1236.8089142005501, '_a2_': 1.7751354039553717, '_a6_': 0.6238594153705906, '_a3_': 1.0, '_a4_': 1.0, '_a5_': 1.0, '_a7_': 1.0}};{'d0': 0.02490583291957507};-276.475521886440;37.125019130986075
31722;-101.112741812234;((_a2_ + (((_a6_ + x) * (_a1_ + (_a0_ * _a6_))) * x)) * x);{'d0': {'_a0_': -1977.0995249467019, '_a1_': 1236.8089142005501, '_a2_': 1.7751354039553717, '_a6_': 0.6238594153705906, '_a3_': 1.0, '_a4_': 1.0, '_a5_': 1.0, '_a7_': 1.0}};{'d0': 0.02490583291957507};-276.475521886440;37.125019130986075
31723;-104.411319546383;((_a2_ + (((_a6_ + x) * (_a1_ + pow2(_a2_))) * x)) * x);{'d0': {'_a1_': 0.22565520266454134, '_a2_': 1.7751353997183343, '_a6_': 0.6238594146668744, '_a0_': 1.0, '_a3_': 1.0, '_a4_': 1.0, '_a5_': 1.0, '_a7_': 1.0}};{'d0': 0.024905832919416747};-280.569866449043;35.87361367813907
31724;-104.411319546383;((_a2_ + (((_a6_ + x) * (_a1_ + pow2(_a2_))) * x)) * x);{'d0': {'_a1_': 0.22565520266454134, '_a2_': 1.7751353997183343, '_a6_': 0.6238594146668744, '_a0_': 1.0, '_a3_': 1.0, '_a4_': 1.0, '_a5_': 1.0, '_a7_': 1.0}};{'d0': 0.024905832919416747};-280.569866449043;35.87361367813907
31725;-104.411319546383;((_a2_ + (((_a6_ + x) * (_a1_ + pow2(_a2_))) * x)) * x);{'d0': {'_a1_': 0.22565520266454134, '_a2_': 1.7751353997183343, '_a6_': 0.6238594146668744, '_a0_': 1.0, '_a3_': 1.0, '_a4_': 1.0, '_a5_': 1.0, '_a7_': 1.0}};{'d0': 0.024905832919416747};-280.569866449043;35.87361367813907
31726;-104.411319546383;((_a2_ + (((_a6_ + x) * (_a1_ + pow2(_a2_))) * x)) * x);{'d0': {'_a1_': 0.22565520266454134, '_a2_': 1.7751353997183343, '_a6_': 0.6238594146668744, '_a0_': 1.0, '_a3_': 1.0, '_a4_': 1.0, '_a5_': 1.0, '_a7_': 1.0}};{'d0': 0.024905832919416747};-280.569866449043;35.87361367813907
31727;-104.411319546383;((_a2_ + (((_a6_ + x) * (_a1_ + pow2(_a2_))) * x)) * x);{'d0': {'_a1_': 0.22565520266454134, '_a2_': 1.7751353997183343, '_a6_': 0.6238594146668744, '_a0_': 1.0, '_a3_': 1.0, '_a4_': 1.0, '_a5_': 1.0, '_a7_': 1.0}};{'d0': 0.024905832919416747};-280.569866449043;35.87361367813907
31728;-104.411319546383;((_a2_ + (((_a6_ + x) * (_a1_ + pow2(_a2_))) * x)) * x);{'d0': {'_a1_': 0.22565520266454134, '_a2_': 1.7751353997183343, '_a6_': 0.6238594146668744, '_a0_': 1.0, '_a3_': 1.0, '_a4_': 1.0, '_a5_': 1.0, '_a7_': 1.0}};{'d0': 0.024905832919416747};-280.569866449043;35.87361367813907
31729;-98.4907184973526;((_a2_ + ((((x + _a0_) + x) * (_a1_ + pow2(_a2_))) * x)) * x);{'d0': {'_a0_': 1.2477188319301307, '_a1_': -1.4627252724913342, '_a2_': 1.7751354060718376, '_a3_': 1.0, '_a4_': 1.0, '_a5_': 1.0, '_a6_': 1.0, '_a7_': 1.0}};{'d0': 0.02490583291941671};-280.569866449043;41.79421472716907
31730;-98.4907184973526;((_a2_ + ((((x + _a0_) + x) * (_a1_ + pow2(_a2_))) * x)) * x);{'d0': {'_a0_': 1.2477188319301307, '_a1_': -1.4627252724913342, '_a2_': 1.7751354060718376, '_a3_': 1.0, '_a4_': 1.0, '_a5_': 1.0, '_a6_': 1.0, '_a7_': 1.0}};{'d0': 0.02490583291941671};-280.569866449043;41.79421472716907
31731;-98.4907184973526;((_a2_ + ((((x + _a0_) + x) * (_a1_ + pow2(_a2_))) * x)) * x);{'d0': {'_a0_': 1.2477188319301307, '_a1_': -1.4627252724913342, '_a2_': 1.7751354060718376, '_a3_': 1.0, '_a4_': 1.0, '_a5_': 1.0, '_a6_': 1.0, '_a7_': 1.0}};{'d0': 0.02490583291941671};-280.569866449043;41.79421472716907
31732;-98.4907184973526;((_a2_ + ((((x + _a0_) + x) * (_a1_ + pow2(_a2_))) * x)) * x);{'d0': {'_a0_': 1.2477188319301307, '_a1_': -1.4627252724913342, '_a2_': 1.7751354060718376, '_a3_': 1.0, '_a4_': 1.0, '_a5_': 1.0, '_a6_': 1.0, '_a7_': 1.0}};{'d0': 0.02490583291941671};-280.569866449043;41.79421472716907
31733;-98.4907184973526;((_a2_ + ((((x + _a0_) + x) * (_a1_ + pow2(_a2_))) * x)) * x);{'d0': {'_a0_': 1.2477188319301307, '_a1_': -1.4627252724913342, '_a2_': 1.7751354060718376, '_a3_': 1.0, '_a4_': 1.0, '_a5_': 1.0, '_a6_': 1.0, '_a7_': 1.0}};{'d0': 0.02490583291941671};-280.569866449043;41.79421472716907
31734;-98.4907184973526;((_a2_ + ((((x + _a0_) + x) * (_a1_ + pow2(_a2_))) * x)) * x);{'d0': {'_a0_': 1.2477188319301307, '_a1_': -1.4627252724913342, '_a2_': 1.7751354060718376, '_a3_': 1.0, '_a4_': 1.0, '_a5_': 1.0, '_a6_': 1.0, '_a7_': 1.0}};{'d0': 0.02490583291941671};-280.569866449043;41.79421472716907
31735;-98.4907184973526;((_a2_ + ((((x + _a0_) + x) * (_a1_ + pow2(_a2_))) * x)) * x);{'d0': {'_a0_': 1.2477188319301307, '_a1_': -1.4627252724913342, '_a2_': 1.7751354060718376, '_a3_': 1.0, '_a4_': 1.0, '_a5_': 1.0, '_a6_': 1.0, '_a7_': 1.0}};{'d0': 0.02490583291941671};-280.569866449043;41.79421472716907
31736;-98.4907184973526;((_a2_ + ((((x + _a0_) + x) * (_a1_ + pow2(_a2_))) * x)) * x);{'d0': {'_a0_': 1.2477188319301307, '_a1_': -1.4627252724913342, '_a2_': 1.7751354060718376, '_a3_': 1.0, '_a4_': 1.0, '_a5_': 1.0, '_a6_': 1.0, '_a7_': 1.0}};{'d0': 0.02490583291941671};-280.569866449043;41.79421472716907
31737;-98.4907184973526;((_a2_ + ((((x + _a0_) + x) * (_a1_ + pow2(_a2_))) * x)) * x);{'d0': {'_a0_': 1.2477188319301307, '_a1_': -1.4627252724913342, '_a2_': 1.7751354060718376, '_a3_': 1.0, '_a4_': 1.0, '_a5_': 1.0, '_a6_': 1.0, '_a7_': 1.0}};{'d0': 0.02490583291941671};-280.569866449043;41.79421472716907
31738;-98.4907184973526;((_a2_ + ((((x + _a0_) + x) * (_a1_ + pow2(_a2_))) * x)) * x);{'d0': {'_a0_': 1.2477188319301307, '_a1_': -1.4627252724913342, '_a2_': 1.7751354060718376, '_a3_': 1.0, '_a4_': 1.0, '_a5_': 1.0, '_a6_': 1.0, '_a7_': 1.0}};{'d0': 0.02490583291941671};-280.569866449043;41.79421472716907
31739;-98.4907184973526;((_a2_ + ((((x + _a0_) + x) * (_a1_ + pow2(_a2_))) * x)) * x);{'d0': {'_a0_': 1.2477188319301307, '_a1_': -1.4627252724913342, '_a2_': 1.7751354060718376, '_a3_': 1.0, '_a4_': 1.0, '_a5_': 1.0, '_a6_': 1.0, '_a7_': 1.0}};{'d0': 0.02490583291941671};-280.569866449043;41.79421472716907
31740;-98.4907184973526;((_a2_ + ((((x + _a0_) + x) * (_a1_ + pow2(_a2_))) * x)) * x);{'d0': {'_a0_': 1.2477188319301307, '_a1_': -1.4627252724913342, '_a2_': 1.7751354060718376, '_a3_': 1.0, '_a4_': 1.0, '_a5_': 1.0, '_a6_': 1.0, '_a7_': 1.0}};{'d0': 0.02490583291941671};-280.569866449043;41.79421472716907
31741;-98.4907184973526;((_a2_ + ((((x + _a0_) + x) * (_a1_ + pow2(_a2_))) * x)) * x);{'d0': {'_a0_': 1.2477188319301307, '_a1_': -1.4627252724913342, '_a2_': 1.7751354060718376, '_a3_': 1.0, '_a4_': 1.0, '_a5_': 1.0, '_a6_': 1.0, '_a7_': 1.0}};{'d0': 0.02490583291941671};-280.569866449043;41.79421472716907
31742;-102.188652969963;((_a2_ + ((((x + _a0_) + x) * (_a1_ + _a2_)) * x)) * x);{'d0': {'_a0_': 1.2477188329576252, '_a1_': -0.08675498074562325, '_a2_': 1.7751354102155639, '_a3_': 1.0, '_a4_': 1.0, '_a5_': 1.0, '_a6_': 1.0, '_a7_': 1.0}};{'d0': 0.02490583291941681};-280.569866449043;38.09628025455907
31743;-102.188652969963;((_a2_ + ((((x + _a0_) + x) * (_a1_ + _a2_)) * x)) * x);{'d0': {'_a0_': 1.2477188329576252, '_a1_': -0.08675498074562325, '_a2_': 1.7751354102155639, '_a3_': 1.0, '_a4_': 1.0, '_a5_': 1.0, '_a6_': 1.0, '_a7_': 1.0}};{'d0': 0.02490583291941681};-280.569866449043;38.09628025455907
31744;-102.188652969963;((_a2_ + ((((x + _a0_) + x) * (_a1_ + _a2_)) * x)) * x);{'d0': {'_a0_': 1.2477188329576252, '_a1_': -0.08675498074562325, '_a2_': 1.7751354102155639, '_a3_': 1.0, '_a4_': 1.0, '_a5_': 1.0, '_a6_': 1.0, '_a7_': 1.0}};{'d0': 0.02490583291941681};-280.569866449043;38.09628025455907
31745;-102.188652969963;((_a2_ + ((((x + _a0_) + x) * (_a1_ + _a2_)) * x)) * x);{'d0': {'_a0_': 1.2477188329576252, '_a1_': -0.08675498074562325, '_a2_': 1.7751354102155639, '_a3_': 1.0, '_a4_': 1.0, '_a5_': 1.0, '_a6_': 1.0, '_a7_': 1.0}};{'d0': 0.02490583291941681};-280.569866449043;38.09628025455907
31746;-102.188652969963;((_a2_ + ((((x + _a0_) + x) * (_a1_ + _a2_)) * x)) * x);{'d0': {'_a0_': 1.2477188329576252, '_a1_': -0.08675498074562325, '_a2_': 1.7751354102155639, '_a3_': 1.0, '_a4_': 1.0, '_a5_': 1.0, '_a6_': 1.0, '_a7_': 1.0}};{'d0': 0.02490583291941681};-280.569866449043;38.09628025455907
31747;-102.188652969963;((_a2_ + ((((x + _a0_) + x) * (_a1_ + _a2_)) * x)) * x);{'d0': {'_a0_': 1.2477188329576252, '_a1_': -0.08675498074562325, '_a2_': 1.7751354102155639, '_a3_': 1.0, '_a4_': 1.0, '_a5_': 1.0, '_a6_': 1.0, '_a7_': 1.0}};{'d0': 0.02490583291941681};-280.569866449043;38.09628025455907
31748;-102.188652969963;((_a2_ + ((((x + _a0_) + x) * (_a1_ + _a2_)) * x)) * x);{'d0': {'_a0_': 1.2477188329576252, '_a1_': -0.08675498074562325, '_a2_': 1.7751354102155639, '_a3_': 1.0, '_a4_': 1.0, '_a5_': 1.0, '_a6_': 1.0, '_a7_': 1.0}};{'d0': 0.02490583291941681};-280.569866449043;38.09628025455907
31749;-102.188652969963;((_a2_ + ((((x + _a0_) + x) * (_a1_ + _a2_)) * x)) * x);{'d0': {'_a0_': 1.2477188329576252, '_a1_': -0.08675498074562325, '_a2_': 1.7751354102155639, '_a3_': 1.0, '_a4_': 1.0, '_a5_': 1.0, '_a6_': 1.0, '_a7_': 1.0}};{'d0': 0.02490583291941681};-280.569866449043;38.09628025455907
31750;-102.188652969963;((_a2_ + ((((x + _a0_) + x) * (_a1_ + _a2_)) * x)) * x);{'d0': {'_a0_': 1.2477188329576252, '_a1_': -0.08675498074562325, '_a2_': 1.7751354102155639, '_a3_': 1.0, '_a4_': 1.0, '_a5_': 1.0, '_a6_': 1.0, '_a7_': 1.0}};{'d0': 0.02490583291941681};-280.569866449043;38.09628025455907
31751;-102.188652969963;((_a2_ + ((((x + _a0_) + x) * (_a1_ + _a2_)) * x)) * x);{'d0': {'_a0_': 1.2477188329576252, '_a1_': -0.08675498074562325, '_a2_': 1.7751354102155639, '_a3_': 1.0, '_a4_': 1.0, '_a5_': 1.0, '_a6_': 1.0, '_a7_': 1.0}};{'d0': 0.02490583291941681};-280.569866449043;38.09628025455907
31752;-102.188652969963;((_a2_ + ((((x + _a0_) + x) * (_a1_ + _a2_)) * x)) * x);{'d0': {'_a0_': 1.2477188329576252, '_a1_': -0.08675498074562325, '_a2_': 1.7751354102155639, '_a3_': 1.0, '_a4_': 1.0, '_a5_': 1.0, '_a6_': 1.0, '_a7_': 1.0}};{'d0': 0.02490583291941681};-280.569866449043;38.09628025455907
31753;-102.188652969963;((_a2_ + ((((x + _a0_) + x) * (_a1_ + _a2_)) * x)) * x);{'d0': {'_a0_': 1.2477188329576252, '_a1_': -0.08675498074562325, '_a2_': 1.7751354102155639, '_a3_': 1.0, '_a4_': 1.0, '_a5_': 1.0, '_a6_': 1.0, '_a7_': 1.0}};{'d0': 0.02490583291941681};-280.569866449043;38.09628025455907
31754;-102.188652969963;((_a2_ + ((((x + _a0_) + x) * (_a1_ + _a2_)) * x)) * x);{'d0': {'_a0_': 1.2477188329576252, '_a1_': -0.08675498074562325, '_a2_': 1.7751354102155639, '_a3_': 1.0, '_a4_': 1.0, '_a5_': 1.0, '_a6_': 1.0, '_a7_': 1.0}};{'d0': 0.02490583291941681};-280.569866449043;38.09628025455907
31755;-102.188652969963;((_a2_ + ((((x + _a0_) + x) * (_a1_ + _a2_)) * x)) * x);{'d0': {'_a0_': 1.2477188329576252, '_a1_': -0.08675498074562325, '_a2_': 1.7751354102155639, '_a3_': 1.0, '_a4_': 1.0, '_a5_': 1.0, '_a6_': 1.0, '_a7_': 1.0}};{'d0': 0.02490583291941681};-280.569866449043;38.09628025455907
31756;-102.188652969963;((_a2_ + ((((x + _a0_) + x) * (_a1_ + _a2_)) * x)) * x);{'d0': {'_a0_': 1.2477188329576252, '_a1_': -0.08675498074562325, '_a2_': 1.7751354102155639, '_a3_': 1.0, '_a4_': 1.0, '_a5_': 1.0, '_a6_': 1.0, '_a7_': 1.0}};{'d0': 0.02490583291941681};-280.569866449043;38.09628025455907
31757;-102.188652969963;((_a2_ + ((((x + _a0_) + x) * (_a1_ + _a2_)) * x)) * x);{'d0': {'_a0_': 1.2477188329576252, '_a1_': -0.08675498074562325, '_a2_': 1.7751354102155639, '_a3_': 1.0, '_a4_': 1.0, '_a5_': 1.0, '_a6_': 1.0, '_a7_': 1.0}};{'d0': 0.02490583291941681};-280.569866449043;38.09628025455907
31758;-102.188652969963;((_a2_ + ((((x + _a0_) + x) * (_a1_ + _a2_)) * x)) * x);{'d0': {'_a0_': 1.2477188329576252, '_a1_': -0.08675498074562325, '_a2_': 1.7751354102155639, '_a3_': 1.0, '_a4_': 1.0, '_a5_': 1.0, '_a6_': 1.0, '_a7_': 1.0}};{'d0': 0.02490583291941681};-280.569866449043;38.09628025455907
31759;-102.188652969963;((_a2_ + ((((x + _a0_) + x) * (_a1_ + _a2_)) * x)) * x);{'d0': {'_a0_': 1.2477188329576252, '_a1_': -0.08675498074562325, '_a2_': 1.7751354102155639, '_a3_': 1.0, '_a4_': 1.0, '_a5_': 1.0, '_a6_': 1.0, '_a7_': 1.0}};{'d0': 0.02490583291941681};-280.569866449043;38.09628025455907
31760;-102.188652969963;((_a2_ + ((((x + _a0_) + x) * (_a1_ + _a2_)) * x)) * x);{'d0': {'_a0_': 1.2477188329576252, '_a1_': -0.08675498074562325, '_a2_': 1.7751354102155639, '_a3_': 1.0, '_a4_': 1.0, '_a5_': 1.0, '_a6_': 1.0, '_a7_': 1.0}};{'d0': 0.02490583291941681};-280.569866449043;38.09628025455907
31761;-102.188652969963;((_a2_ + ((((x + _a0_) + x) * (_a1_ + _a2_)) * x)) * x);{'d0': {'_a0_': 1.2477188329576252, '_a1_': -0.08675498074562325, '_a2_': 1.7751354102155639, '_a3_': 1.0, '_a4_': 1.0, '_a5_': 1.0, '_a6_': 1.0, '_a7_': 1.0}};{'d0': 0.02490583291941681};-280.569866449043;38.09628025455907
31762;-102.188652969963;((_a2_ + ((((x + _a0_) + x) * (_a1_ + _a2_)) * x)) * x);{'d0': {'_a0_': 1.2477188329576252, '_a1_': -0.08675498074562325, '_a2_': 1.7751354102155639, '_a3_': 1.0, '_a4_': 1.0, '_a5_': 1.0, '_a6_': 1.0, '_a7_': 1.0}};{'d0': 0.02490583291941681};-280.569866449043;38.09628025455907
31763;-102.188652969963;((_a2_ + ((((x + _a0_) + x) * (_a1_ + _a2_)) * x)) * x);{'d0': {'_a0_': 1.2477188329576252, '_a1_': -0.08675498074562325, '_a2_': 1.7751354102155639, '_a3_': 1.0, '_a4_': 1.0, '_a5_': 1.0, '_a6_': 1.0, '_a7_': 1.0}};{'d0': 0.02490583291941681};-280.569866449043;38.09628025455907
31764;-102.188652969963;((_a2_ + ((((x + _a0_) + x) * (_a1_ + _a2_)) * x)) * x);{'d0': {'_a0_': 1.2477188329576252, '_a1_': -0.08675498074562325, '_a2_': 1.7751354102155639, '_a3_': 1.0, '_a4_': 1.0, '_a5_': 1.0, '_a6_': 1.0, '_a7_': 1.0}};{'d0': 0.02490583291941681};-280.569866449043;38.09628025455907
31765;-102.188652969963;((_a2_ + ((((x + _a0_) + x) * (_a1_ + _a2_)) * x)) * x);{'d0': {'_a0_': 1.2477188329576252, '_a1_': -0.08675498074562325, '_a2_': 1.7751354102155639, '_a3_': 1.0, '_a4_': 1.0, '_a5_': 1.0, '_a6_': 1.0, '_a7_': 1.0}};{'d0': 0.02490583291941681};-280.569866449043;38.09628025455907
31766;-101.265343842695;((_a2_ + ((((x + _a0_) + x) / (_a1_ + _a2_)) * x)) * x);{'d0': {'_a0_': 1.2477188312994945, '_a1_': -1.1828518309458378, '_a2_': 1.7751354044336545, '_a3_': 1.0, '_a4_': 1.0, '_a5_': 1.0, '_a6_': 1.0, '_a7_': 1.0}};{'d0': 0.024905832919416594};-280.569866449044;39.01958938182647
31767;-101.265343842695;((_a2_ + ((((x + _a0_) + x) / (_a1_ + _a2_)) * x)) * x);{'d0': {'_a0_': 1.2477188312994945, '_a1_': -1.1828518309458378, '_a2_': 1.7751354044336545, '_a3_': 1.0, '_a4_': 1.0, '_a5_': 1.0, '_a6_': 1.0, '_a7_': 1.0}};{'d0': 0.024905832919416594};-280.569866449044;39.01958938182647
31768;-101.265343842695;((_a2_ + ((((x + _a0_) + x) / (_a1_ + _a2_)) * x)) * x);{'d0': {'_a0_': 1.2477188312994945, '_a1_': -1.1828518309458378, '_a2_': 1.7751354044336545, '_a3_': 1.0, '_a4_': 1.0, '_a5_': 1.0, '_a6_': 1.0, '_a7_': 1.0}};{'d0': 0.024905832919416594};-280.569866449044;39.01958938182647
31769;-101.265343842695;((_a2_ + ((((x + _a0_) + x) / (_a1_ + _a2_)) * x)) * x);{'d0': {'_a0_': 1.2477188312994945, '_a1_': -1.1828518309458378, '_a2_': 1.7751354044336545, '_a3_': 1.0, '_a4_': 1.0, '_a5_': 1.0, '_a6_': 1.0, '_a7_': 1.0}};{'d0': 0.024905832919416594};-280.569866449044;39.01958938182647
31770;-101.265343842695;((_a2_ + ((((_a2_ + _a0_) + x) / (_a1_ + _a2_)) * x)) * x);{'d0': {'_a0_': -1.1512759886062702, '_a1_': -1.478993617426644, '_a2_': 1.7751354041583949, '_a3_': 1.0, '_a4_': 1.0, '_a5_': 1.0, '_a6_': 1.0, '_a7_': 1.0}};{'d0': 0.024905832919416622};-280.569866449044;39.01958938182647
31771;-101.265343842695;((_a2_ + ((((_a2_ + _a0_) + x) / (_a1_ + _a2_)) * x)) * x);{'d0': {'_a0_': -1.1512759886062702, '_a1_': -1.478993617426644, '_a2_': 1.7751354041583949, '_a3_': 1.0, '_a4_': 1.0, '_a5_': 1.0, '_a6_': 1.0, '_a7_': 1.0}};{'d0': 0.024905832919416622};-280.569866449044;39.01958938182647
31772;-101.265343842695;((_a2_ + ((((_a2_ + _a0_) + x) / (_a1_ + _a2_)) * x)) * x);{'d0': {'_a0_': -1.1512759886062702, '_a1_': -1.478993617426644, '_a2_': 1.7751354041583949, '_a3_': 1.0, '_a4_': 1.0, '_a5_': 1.0, '_a6_': 1.0, '_a7_': 1.0}};{'d0': 0.024905832919416622};-280.569866449044;39.01958938182647
31773;-101.265343842695;((_a2_ + ((((_a2_ + _a0_) + x) / (_a1_ + _a2_)) * x)) * x);{'d0': {'_a0_': -1.1512759886062702, '_a1_': -1.478993617426644, '_a2_': 1.7751354041583949, '_a3_': 1.0, '_a4_': 1.0, '_a5_': 1.0, '_a6_': 1.0, '_a7_': 1.0}};{'d0': 0.024905832919416622};-280.569866449044;39.01958938182647
31774;-105.382580669956;(x * (((_a2_ * x) * (x + (pow2(_a5_) * _a1_))) + _a1_));{'d0': {'_a1_': 1.7751354042921321, '_a2_': 3.3767608772007223, '_a5_': 0.5928265207464858, '_a0_': 1.0, '_a3_': 1.0, '_a4_': 1.0, '_a6_': 1.0, '_a7_': 1.0}};{'d0': 0.02490583291941667};-280.569866449043;34.902352554566
31775;-105.382580669956;(x * (((_a2_ * x) * (x + (pow2(_a5_) * _a1_))) + _a1_));{'d0': {'_a1_': 1.7751354042921321, '_a2_': 3.3767608772007223, '_a5_': 0.5928265207464858, '_a0_': 1.0, '_a3_': 1.0, '_a4_': 1.0, '_a6_': 1.0, '_a7_': 1.0}};{'d0': 0.02490583291941667};-280.569866449043;34.902352554566
31776;-105.382580669956;(x * (((_a2_ * x) * (x + (pow2(_a5_) * _a1_))) + _a1_));{'d0': {'_a1_': 1.7751354042921321, '_a2_': 3.3767608772007223, '_a5_': 0.5928265207464858, '_a0_': 1.0, '_a3_': 1.0, '_a4_': 1.0, '_a6_': 1.0, '_a7_': 1.0}};{'d0': 0.02490583291941667};-280.569866449043;34.902352554566
31777;-105.382580669956;(x * (((_a2_ * x) * (x + (pow2(_a5_) * _a1_))) + _a1_));{'d0': {'_a1_': 1.7751354042921321, '_a2_': 3.3767608772007223, '_a5_': 0.5928265207464858, '_a0_': 1.0, '_a3_': 1.0, '_a4_': 1.0, '_a6_': 1.0, '_a7_': 1.0}};{'d0': 0.02490583291941667};-280.569866449043;34.902352554566
31778;-105.382580669956;(x * (((_a2_ * x) * (x + (pow2(_a5_) * _a1_))) + _a1_));{'d0': {'_a1_': 1.7751354042921321, '_a2_': 3.3767608772007223, '_a5_': 0.5928265207464858, '_a0_': 1.0, '_a3_': 1.0, '_a4_': 1.0, '_a6_': 1.0, '_a7_': 1.0}};{'d0': 0.02490583291941667};-280.569866449043;34.902352554566
31779;-105.400567982305;(x * (((_a2_ * x) * (x + (-(_a5_) * _a1_))) + _a1_));{'d0': {'_a1_': 1.7751354043486778, '_a2_': 3.376760878873643, '_a5_': -0.3514432837547635, '_a0_': 1.0, '_a3_': 1.0, '_a4_': 1.0, '_a6_': 1.0, '_a7_': 1.0}};{'d0': 0.024905832919416653};-280.569866449044;34.88436524221639
31780;-105.400567982305;(x * (((_a2_ * x) * (x + (-(_a5_) * _a1_))) + _a1_));{'d0': {'_a1_': 1.7751354043486778, '_a2_': 3.376760878873643, '_a5_': -0.3514432837547635, '_a0_': 1.0, '_a3_': 1.0, '_a4_': 1.0, '_a6_': 1.0, '_a7_': 1.0}};{'d0': 0.024905832919416653};-280.569866449044;34.88436524221639
31781;-105.400567982305;(x * (((_a2_ * x) * (x + (-(_a5_) * _a1_))) + _a1_));{'d0': {'_a1_': 1.7751354043486778, '_a2_': 3.376760878873643, '_a5_': -0.3514432837547635, '_a0_': 1.0, '_a3_': 1.0, '_a4_': 1.0, '_a6_': 1.0, '_a7_': 1.0}};{'d0': 0.024905832919416653};-280.569866449044;34.88436524221639
31782;-105.400567982305;(x * (((_a2_ * x) * (x + (-(_a5_) * _a1_))) + _a1_));{'d0': {'_a1_': 1.7751354043486778, '_a2_': 3.376760878873643, '_a5_': -0.3514432837547635, '_a0_': 1.0, '_a3_': 1.0, '_a4_': 1.0, '_a6_': 1.0, '_a7_': 1.0}};{'d0': 0.024905832919416653};-280.569866449044;34.88436524221639
31783;-105.400567982305;(x * (((_a2_ * x) * (x + (-(_a5_) * _a1_))) + _a1_));{'d0': {'_a1_': 1.7751354043486778, '_a2_': 3.376760878873643, '_a5_': -0.3514432837547635, '_a0_': 1.0, '_a3_': 1.0, '_a4_': 1.0, '_a6_': 1.0, '_a7_': 1.0}};{'d0': 0.024905832919416653};-280.569866449044;34.88436524221639
31784;-104.058817930787;(x * (((_a2_ * x) * (x + ((_a0_ * _a0_) * _a1_))) + _a1_));{'d0': {'_a0_': 0.5928265207986033, '_a1_': 1.7751354041027056, '_a2_': 3.3767608788010683, '_a3_': 1.0, '_a4_': 1.0, '_a5_': 1.0, '_a6_': 1.0, '_a7_': 1.0}};{'d0': 0.024905832919416646};-280.569866449044;36.226115293735
31785;-104.058817930787;(x * (((_a2_ * x) * (x + ((_a0_ * _a0_) * _a1_))) + _a1_));{'d0': {'_a0_': 0.5928265207986033, '_a1_': 1.7751354041027056, '_a2_': 3.3767608788010683, '_a3_': 1.0, '_a4_': 1.0, '_a5_': 1.0, '_a6_': 1.0, '_a7_': 1.0}};{'d0': 0.024905832919416646};-280.569866449044;36.226115293735
31786;-104.058817930787;(x * (((_a2_ * x) * (x + ((_a0_ * _a0_) * _a1_))) + _a1_));{'d0': {'_a0_': 0.5928265207986033, '_a1_': 1.7751354041027056, '_a2_': 3.3767608788010683, '_a3_': 1.0, '_a4_': 1.0, '_a5_': 1.0, '_a6_': 1.0, '_a7_': 1.0}};{'d0': 0.024905832919416646};-280.569866449044;36.226115293735
31787;-104.058817930787;(x * (((_a2_ * x) * (x + ((_a0_ * _a0_) * _a1_))) + _a1_));{'d0': {'_a0_': 0.5928265207986033, '_a1_': 1.7751354041027056, '_a2_': 3.3767608788010683, '_a3_': 1.0, '_a4_': 1.0, '_a5_': 1.0, '_a6_': 1.0, '_a7_': 1.0}};{'d0': 0.024905832919416646};-280.569866449044;36.226115293735
31788;-104.058817930787;(x * (((_a2_ * x) * (x + ((_a0_ * _a0_) * _a1_))) + _a1_));{'d0': {'_a0_': 0.5928265207986033, '_a1_': 1.7751354041027056, '_a2_': 3.3767608788010683, '_a3_': 1.0, '_a4_': 1.0, '_a5_': 1.0, '_a6_': 1.0, '_a7_': 1.0}};{'d0': 0.024905832919416646};-280.569866449044;36.226115293735
31789;-104.058817930787;(x * (((_a2_ * x) * (x + ((_a0_ * _a0_) * _a1_))) + _a1_));{'d0': {'_a0_': 0.5928265207986033, '_a1_': 1.7751354041027056, '_a2_': 3.3767608788010683, '_a3_': 1.0, '_a4_': 1.0, '_a5_': 1.0, '_a6_': 1.0, '_a7_': 1.0}};{'d0': 0.024905832919416646};-280.569866449044;36.226115293735
31790;-104.058817930787;(x * (((_a2_ * x) * (x + ((_a0_ * _a0_) * _a1_))) + _a1_));{'d0': {'_a0_': 0.5928265207986033, '_a1_': 1.7751354041027056, '_a2_': 3.3767608788010683, '_a3_': 1.0, '_a4_': 1.0, '_a5_': 1.0, '_a6_': 1.0, '_a7_': 1.0}};{'d0': 0.024905832919416646};-280.569866449044;36.226115293735
31791;-103.488010419115;((_a2_ + (((pow2(_a6_) + x) / (_a3_ + _a2_)) * x)) * x);{'d0': {'_a2_': 1.7751354045184256, '_a3_': -1.478993617744879, '_a6_': 0.7898477168151714, '_a0_': 1.0, '_a1_': 1.0, '_a4_': 1.0, '_a5_': 1.0, '_a7_': 1.0}};{'d0': 0.024905832919416608};-280.569866449044;36.79692280540647
31792;-103.488010419115;((_a2_ + (((pow2(_a6_) + x) / (_a3_ + _a2_)) * x)) * x);{'d0': {'_a2_': 1.7751354045184256, '_a3_': -1.478993617744879, '_a6_': 0.7898477168151714, '_a0_': 1.0, '_a1_': 1.0, '_a4_': 1.0, '_a5_': 1.0, '_a7_': 1.0}};{'d0': 0.024905832919416608};-280.569866449044;36.79692280540647
31793;-103.488010419115;((_a2_ + (((pow2(_a6_) + x) / (_a3_ + _a2_)) * x)) * x);{'d0': {'_a2_': 1.7751354045184256, '_a3_': -1.478993617744879, '_a6_': 0.7898477168151714, '_a0_': 1.0, '_a1_': 1.0, '_a4_': 1.0, '_a5_': 1.0, '_a7_': 1.0}};{'d0': 0.024905832919416608};-280.569866449044;36.79692280540647
31794;-100.568835709112;((_a2_ + (((sin(_a6_) + x) / (_a3_ + _a2_)) * x)) * x);{'d0': {'_a2_': 1.7751354044382994, '_a3_': -1.4789936176537664, '_a6_': 0.6736712686789893, '_a0_': 1.0, '_a1_': 1.0, '_a4_': 1.0, '_a5_': 1.0, '_a7_': 1.0}};{'d0': 0.024905832919416657};-280.569866449044;39.716097515409984
31795;-100.568835709112;((_a2_ + (((sin(_a6_) + x) / (_a3_ + _a2_)) * x)) * x);{'d0': {'_a2_': 1.7751354044382994, '_a3_': -1.4789936176537664, '_a6_': 0.6736712686789893, '_a0_': 1.0, '_a1_': 1.0, '_a4_': 1.0, '_a5_': 1.0, '_a7_': 1.0}};{'d0': 0.024905832919416657};-280.569866449044;39.716097515409984
31796;-107.185944891725;((_a2_ + (((_a0_ + x) / (_a3_ + _a2_)) * x)) * x);{'d0': {'_a0_': 0.6238594155163159, '_a2_': 1.775135404123526, '_a3_': -1.4789936173745268, '_a1_': 1.0, '_a4_': 1.0, '_a5_': 1.0, '_a6_': 1.0, '_a7_': 1.0}};{'d0': 0.02490583291941664};-280.569866449044;33.098988332796466
31797;-107.185944891725;((_a2_ + (((_a0_ + x) / (_a3_ + _a2_)) * x)) * x);{'d0': {'_a0_': 0.6238594155163159, '_a2_': 1.775135404123526, '_a3_': -1.4789936173745268, '_a1_': 1.0, '_a4_': 1.0, '_a5_': 1.0, '_a6_': 1.0, '_a7_': 1.0}};{'d0': 0.02490583291941664};-280.569866449044;33.098988332796466
31798;-107.185944891725;((_a2_ + (((_a0_ + x) / (_a3_ + _a2_)) * x)) * x);{'d0': {'_a0_': 0.6238594155163159, '_a2_': 1.775135404123526, '_a3_': -1.4789936173745268, '_a1_': 1.0, '_a4_': 1.0, '_a5_': 1.0, '_a6_': 1.0, '_a7_': 1.0}};{'d0': 0.02490583291941664};-280.569866449044;33.098988332796466
31799;-107.185944891725;((_a2_ + (((_a0_ + x) / (_a3_ + _a2_)) * x)) * x);{'d0': {'_a0_': 0.6238594155163159, '_a2_': 1.775135404123526, '_a3_': -1.4789936173745268, '_a1_': 1.0, '_a4_': 1.0, '_a5_': 1.0, '_a6_': 1.0, '_a7_': 1.0}};{'d0': 0.02490583291941664};-280.569866449044;33.098988332796466
31800;-107.185944891725;((_a2_ + (((_a0_ + x) / (_a3_ + _a2_)) * x)) * x);{'d0': {'_a0_': 0.6238594155163159, '_a2_': 1.775135404123526, '_a3_': -1.4789936173745268, '_a1_': 1.0, '_a4_': 1.0, '_a5_': 1.0, '_a6_': 1.0, '_a7_': 1.0}};{'d0': 0.02490583291941664};-280.569866449044;33.098988332796466
31801;-107.185944891725;((_a2_ + (((_a0_ + x) / (_a3_ + _a2_)) * x)) * x);{'d0': {'_a0_': 0.6238594155163159, '_a2_': 1.775135404123526, '_a3_': -1.4789936173745268, '_a1_': 1.0, '_a4_': 1.0, '_a5_': 1.0, '_a6_': 1.0, '_a7_': 1.0}};{'d0': 0.02490583291941664};-280.569866449044;33.098988332796466
31802;-107.185944891725;((_a2_ + (((_a0_ + x) / (_a3_ + _a2_)) * x)) * x);{'d0': {'_a0_': 0.6238594155163159, '_a2_': 1.775135404123526, '_a3_': -1.4789936173745268, '_a1_': 1.0, '_a4_': 1.0, '_a5_': 1.0, '_a6_': 1.0, '_a7_': 1.0}};{'d0': 0.02490583291941664};-280.569866449044;33.098988332796466
31803;-100.261789971479;(((_a2_ + (((_a0_ + x) / (_a3_ + _a2_)) * x)) * x) * _a5_);{'d0': {'_a0_': 0.6238594155163159, '_a2_': 1.775135404123526, '_a3_': -1.4789936173745268, '_a5_': 1.0, '_a1_': 1.0, '_a4_': 1.0, '_a6_': 1.0, '_a7_': 1.0}};{'d0': 0.02490583291941664};-276.475521886821;37.97597097193147
31804;-100.261789971479;(((_a2_ + (((_a0_ + x) / (_a3_ + _a2_)) * x)) * x) * _a5_);{'d0': {'_a0_': 0.6238594155163159, '_a2_': 1.775135404123526, '_a3_': -1.4789936173745268, '_a5_': 1.0, '_a1_': 1.0, '_a4_': 1.0, '_a6_': 1.0, '_a7_': 1.0}};{'d0': 0.02490583291941664};-276.475521886821;37.97597097193147
31805;-100.261789971479;(((_a2_ + (((_a0_ + x) / (_a3_ + _a2_)) * x)) * x) * _a5_);{'d0': {'_a0_': 0.6238594155163159, '_a2_': 1.775135404123526, '_a3_': -1.4789936173745268, '_a5_': 1.0, '_a1_': 1.0, '_a4_': 1.0, '_a6_': 1.0, '_a7_': 1.0}};{'d0': 0.02490583291941664};-276.475521886821;37.97597097193147
31806;-100.261789971479;(((_a2_ + (((_a0_ + x) / (_a3_ + _a2_)) * x)) * x) * _a5_);{'d0': {'_a0_': 0.6238594155163159, '_a2_': 1.775135404123526, '_a3_': -1.4789936173745268, '_a5_': 1.0, '_a1_': 1.0, '_a4_': 1.0, '_a6_': 1.0, '_a7_': 1.0}};{'d0': 0.02490583291941664};-276.475521886821;37.97597097193147
31807;-100.261789971479;(((_a2_ + (((_a0_ + x) / (_a3_ + _a2_)) * x)) * x) * _a5_);{'d0': {'_a0_': 0.6238594155163159, '_a2_': 1.775135404123526, '_a3_': -1.4789936173745268, '_a5_': 1.0, '_a1_': 1.0, '_a4_': 1.0, '_a6_': 1.0, '_a7_': 1.0}};{'d0': 0.02490583291941664};-276.475521886821;37.97597097193147
31808;-100.261789971479;(((_a2_ + (((_a0_ + x) / (_a3_ + _a2_)) * x)) * x) * _a5_);{'d0': {'_a0_': 0.6238594155163159, '_a2_': 1.775135404123526, '_a3_': -1.4789936173745268, '_a5_': 1.0, '_a1_': 1.0, '_a4_': 1.0, '_a6_': 1.0, '_a7_': 1.0}};{'d0': 0.02490583291941664};-276.475521886821;37.97597097193147
31809;-100.261789971479;(((_a2_ + (((_a0_ + x) / (_a3_ + _a2_)) * x)) * x) * _a5_);{'d0': {'_a0_': 0.6238594155163159, '_a2_': 1.775135404123526, '_a3_': -1.4789936173745268, '_a5_': 1.0, '_a1_': 1.0, '_a4_': 1.0, '_a6_': 1.0, '_a7_': 1.0}};{'d0': 0.02490583291941664};-276.475521886821;37.97597097193147
31810;-100.261789971479;(((_a2_ + (((_a0_ + x) / (_a3_ + _a2_)) * x)) * x) * _a5_);{'d0': {'_a0_': 0.6238594155163159, '_a2_': 1.775135404123526, '_a3_': -1.4789936173745268, '_a5_': 1.0, '_a1_': 1.0, '_a4_': 1.0, '_a6_': 1.0, '_a7_': 1.0}};{'d0': 0.02490583291941664};-276.475521886821;37.97597097193147
31811;-102.308962252590;(((_a2_ + (((_a0_ + x) / (_a2_ + _a2_)) * x)) * x) * _a5_);{'d0': {'_a0_': 0.6238594155400817, '_a2_': 0.5126849765235025, '_a5_': 3.4624291434932006, '_a1_': 1.0, '_a3_': 1.0, '_a4_': 1.0, '_a6_': 1.0, '_a7_': 1.0}};{'d0': 0.02490583291941661};-280.569866449044;37.97597097193147
31812;-102.308962252590;(((_a2_ + (((_a0_ + x) / (_a2_ + _a2_)) * x)) * x) * _a5_);{'d0': {'_a0_': 0.6238594155400817, '_a2_': 0.5126849765235025, '_a5_': 3.4624291434932006, '_a1_': 1.0, '_a3_': 1.0, '_a4_': 1.0, '_a6_': 1.0, '_a7_': 1.0}};{'d0': 0.02490583291941661};-280.569866449044;37.97597097193147
31813;-102.308962252590;(((_a2_ + (((_a0_ + x) / (_a2_ + _a2_)) * x)) * x) * _a5_);{'d0': {'_a0_': 0.6238594155400817, '_a2_': 0.5126849765235025, '_a5_': 3.4624291434932006, '_a1_': 1.0, '_a3_': 1.0, '_a4_': 1.0, '_a6_': 1.0, '_a7_': 1.0}};{'d0': 0.02490583291941661};-280.569866449044;37.97597097193147
31814;-102.308962252590;(((_a2_ + (((_a0_ + x) / (_a2_ + _a2_)) * x)) * x) * _a5_);{'d0': {'_a0_': 0.6238594155400817, '_a2_': 0.5126849765235025, '_a5_': 3.4624291434932006, '_a1_': 1.0, '_a3_': 1.0, '_a4_': 1.0, '_a6_': 1.0, '_a7_': 1.0}};{'d0': 0.02490583291941661};-280.569866449044;37.97597097193147
31815;-102.308962252590;(((_a2_ + (((_a0_ + x) / (_a2_ + _a2_)) * x)) * x) * _a5_);{'d0': {'_a0_': 0.6238594155400817, '_a2_': 0.5126849765235025, '_a5_': 3.4624291434932006, '_a1_': 1.0, '_a3_': 1.0, '_a4_': 1.0, '_a6_': 1.0, '_a7_': 1.0}};{'d0': 0.02490583291941661};-280.569866449044;37.97597097193147
31816;-103.280223376163;(((_a2_ + (((_a0_ + x) / (_a2_ * _a2_)) * x)) * x) * _a5_);{'d0': {'_a0_': 0.6238594154708628, '_a2_': 0.8070684920076349, '_a5_': 2.1994854485056137, '_a1_': 1.0, '_a3_': 1.0, '_a4_': 1.0, '_a6_': 1.0, '_a7_': 1.0}};{'d0': 0.024905832919416594};-280.569866449044;37.004709848358466
31817;-103.280223376163;(((_a2_ + (((_a0_ + x) / (_a2_ * _a2_)) * x)) * x) * _a5_);{'d0': {'_a0_': 0.6238594154708628, '_a2_': 0.8070684920076349, '_a5_': 2.1994854485056137, '_a1_': 1.0, '_a3_': 1.0, '_a4_': 1.0, '_a6_': 1.0, '_a7_': 1.0}};{'d0': 0.024905832919416594};-280.569866449044;37.004709848358466
31818;-103.280223376163;(((_a2_ + (((_a0_ + x) / (_a2_ * _a2_)) * x)) * x) * _a5_);{'d0': {'_a0_': 0.6238594154708628, '_a2_': 0.8070684920076349, '_a5_': 2.1994854485056137, '_a1_': 1.0, '_a3_': 1.0, '_a4_': 1.0, '_a6_': 1.0, '_a7_': 1.0}};{'d0': 0.024905832919416594};-280.569866449044;37.004709848358466
31819;-103.280223376163;(((_a2_ + (((_a0_ + x) / (_a2_ * _a2_)) * x)) * x) * _a5_);{'d0': {'_a0_': 0.6238594154708628, '_a2_': 0.8070684920076349, '_a5_': 2.1994854485056137, '_a1_': 1.0, '_a3_': 1.0, '_a4_': 1.0, '_a6_': 1.0, '_a7_': 1.0}};{'d0': 0.024905832919416594};-280.569866449044;37.004709848358466
31820;-94.6978033880424;(((_a2_ + (((tanh(_a0_) + x) / (_a2_ * _a2_)) * x)) * x) * _a5_);{'d0': {'_a0_': 0.7312989910144766, '_a2_': 0.8070684919821857, '_a5_': 2.199485448838845, '_a1_': 1.0, '_a3_': 1.0, '_a4_': 1.0, '_a6_': 1.0, '_a7_': 1.0}};{'d0': 0.024905832919416622};-280.569866449044;45.58712983647946
31821;-94.6978033880424;(((_a2_ + (((tanh(_a0_) + x) / (_a2_ * _a2_)) * x)) * x) * _a5_);{'d0': {'_a0_': 0.7312989910144766, '_a2_': 0.8070684919821857, '_a5_': 2.199485448838845, '_a1_': 1.0, '_a3_': 1.0, '_a4_': 1.0, '_a6_': 1.0, '_a7_': 1.0}};{'d0': 0.024905832919416622};-280.569866449044;45.58712983647946
31822;-94.6978033880424;(((_a2_ + (((tanh(_a0_) + x) / (_a2_ * _a2_)) * x)) * x) * _a5_);{'d0': {'_a0_': 0.7312989910144766, '_a2_': 0.8070684919821857, '_a5_': 2.199485448838845, '_a1_': 1.0, '_a3_': 1.0, '_a4_': 1.0, '_a6_': 1.0, '_a7_': 1.0}};{'d0': 0.024905832919416622};-280.569866449044;45.58712983647946
31823;-94.6978033880424;(((_a2_ + (((tanh(_a0_) + x) / (_a2_ * _a2_)) * x)) * x) * _a5_);{'d0': {'_a0_': 0.7312989910144766, '_a2_': 0.8070684919821857, '_a5_': 2.199485448838845, '_a1_': 1.0, '_a3_': 1.0, '_a4_': 1.0, '_a6_': 1.0, '_a7_': 1.0}};{'d0': 0.024905832919416622};-280.569866449044;45.58712983647946
31824;-94.6978033880424;(((_a2_ + (((tanh(_a0_) + x) / (_a2_ * _a2_)) * x)) * x) * _a5_);{'d0': {'_a0_': 0.7312989910144766, '_a2_': 0.8070684919821857, '_a5_': 2.199485448838845, '_a1_': 1.0, '_a3_': 1.0, '_a4_': 1.0, '_a6_': 1.0, '_a7_': 1.0}};{'d0': 0.024905832919416622};-280.569866449044;45.58712983647946
31825;-100.731372386122;(_a6_ * -((x * (_a4_ * ((pow2((_a0_ + x)) + _a4_) + x)))));{'d0': {'_a0_': -0.188070292148714, '_a4_': 0.4903213356180959, '_a6_': -6.886832436955661, '_a1_': 1.0, '_a2_': 1.0, '_a3_': 1.0, '_a5_': 1.0, '_a7_': 1.0}};{'d0': 0.024905832919416504};-280.569866449044;39.55356083839932
31826;-100.731372386122;(_a6_ * -((x * (_a4_ * ((pow2((_a0_ + x)) + _a4_) + x)))));{'d0': {'_a0_': -0.188070292148714, '_a4_': 0.4903213356180959, '_a6_': -6.886832436955661, '_a1_': 1.0, '_a2_': 1.0, '_a3_': 1.0, '_a5_': 1.0, '_a7_': 1.0}};{'d0': 0.024905832919416504};-280.569866449044;39.55356083839932
31827;-100.731372386122;(_a6_ * -((x * (_a4_ * ((pow2((_a0_ + x)) + _a4_) + x)))));{'d0': {'_a0_': -0.188070292148714, '_a4_': 0.4903213356180959, '_a6_': -6.886832436955661, '_a1_': 1.0, '_a2_': 1.0, '_a3_': 1.0, '_a5_': 1.0, '_a7_': 1.0}};{'d0': 0.024905832919416504};-280.569866449044;39.55356083839932
31828;-100.731372386122;(_a6_ * -((x * (_a4_ * ((pow2((_a0_ + x)) + _a4_) + x)))));{'d0': {'_a0_': -0.188070292148714, '_a4_': 0.4903213356180959, '_a6_': -6.886832436955661, '_a1_': 1.0, '_a2_': 1.0, '_a3_': 1.0, '_a5_': 1.0, '_a7_': 1.0}};{'d0': 0.024905832919416504};-280.569866449044;39.55356083839932
31829;-100.731372386122;(_a6_ * -((x * (_a4_ * ((pow2((_a0_ + x)) + _a4_) + x)))));{'d0': {'_a0_': -0.188070292148714, '_a4_': 0.4903213356180959, '_a6_': -6.886832436955661, '_a1_': 1.0, '_a2_': 1.0, '_a3_': 1.0, '_a5_': 1.0, '_a7_': 1.0}};{'d0': 0.024905832919416504};-280.569866449044;39.55356083839932
31830;-100.731372386122;(_a6_ * -((x * (_a4_ * ((pow2((_a0_ + x)) + _a4_) + x)))));{'d0': {'_a0_': -0.188070292148714, '_a4_': 0.4903213356180959, '_a6_': -6.886832436955661, '_a1_': 1.0, '_a2_': 1.0, '_a3_': 1.0, '_a5_': 1.0, '_a7_': 1.0}};{'d0': 0.024905832919416504};-280.569866449044;39.55356083839932
31831;-100.731372386122;(_a6_ * -((x * (_a4_ * ((pow2((_a0_ + x)) + _a4_) + x)))));{'d0': {'_a0_': -0.188070292148714, '_a4_': 0.4903213356180959, '_a6_': -6.886832436955661, '_a1_': 1.0, '_a2_': 1.0, '_a3_': 1.0, '_a5_': 1.0, '_a7_': 1.0}};{'d0': 0.024905832919416504};-280.569866449044;39.55356083839932
31832;-100.731372386122;(_a6_ * -((x * (_a4_ * ((pow2((_a0_ + x)) + _a4_) + x)))));{'d0': {'_a0_': -0.188070292148714, '_a4_': 0.4903213356180959, '_a6_': -6.886832436955661, '_a1_': 1.0, '_a2_': 1.0, '_a3_': 1.0, '_a5_': 1.0, '_a7_': 1.0}};{'d0': 0.024905832919416504};-280.569866449044;39.55356083839932
31833;-95.7820324606651;(_a6_ * -((x * (_a4_ * ((pow2(((_a5_ * _a6_) + x)) + _a4_) + x)))));{'d0': {'_a4_': 0.49032133238494363, '_a5_': 0.02730867814279613, '_a6_': -6.886832509265327, '_a0_': 1.0, '_a1_': 1.0, '_a2_': 1.0, '_a3_': 1.0, '_a7_': 1.0}};{'d0': 0.024905832919416816};-280.569866449043;44.50290076385632
31834;-95.7820324606651;(_a6_ * -((x * (_a4_ * ((pow2(((_a5_ * _a6_) + x)) + _a4_) + x)))));{'d0': {'_a4_': 0.49032133238494363, '_a5_': 0.02730867814279613, '_a6_': -6.886832509265327, '_a0_': 1.0, '_a1_': 1.0, '_a2_': 1.0, '_a3_': 1.0, '_a7_': 1.0}};{'d0': 0.024905832919416816};-280.569866449043;44.50290076385632
31835;-95.7820324606651;(_a6_ * -((x * (_a4_ * ((pow2(((_a5_ * _a6_) + x)) + _a4_) + x)))));{'d0': {'_a4_': 0.49032133238494363, '_a5_': 0.02730867814279613, '_a6_': -6.886832509265327, '_a0_': 1.0, '_a1_': 1.0, '_a2_': 1.0, '_a3_': 1.0, '_a7_': 1.0}};{'d0': 0.024905832919416816};-280.569866449043;44.50290076385632
31836;-95.7820324606651;(_a6_ * -((x * (_a4_ * ((pow2(((_a5_ * _a6_) + x)) + _a4_) + x)))));{'d0': {'_a4_': 0.49032133238494363, '_a5_': 0.02730867814279613, '_a6_': -6.886832509265327, '_a0_': 1.0, '_a1_': 1.0, '_a2_': 1.0, '_a3_': 1.0, '_a7_': 1.0}};{'d0': 0.024905832919416816};-280.569866449043;44.50290076385632
31837;-95.7820324606651;(_a6_ * -((x * (_a4_ * ((pow2(((_a5_ * _a6_) + x)) + _a4_) + x)))));{'d0': {'_a4_': 0.49032133238494363, '_a5_': 0.02730867814279613, '_a6_': -6.886832509265327, '_a0_': 1.0, '_a1_': 1.0, '_a2_': 1.0, '_a3_': 1.0, '_a7_': 1.0}};{'d0': 0.024905832919416816};-280.569866449043;44.50290076385632
31838;-95.7820324606651;(_a6_ * -((x * (_a4_ * ((pow2(((_a5_ * _a6_) + x)) + _a4_) + x)))));{'d0': {'_a4_': 0.49032133238494363, '_a5_': 0.02730867814279613, '_a6_': -6.886832509265327, '_a0_': 1.0, '_a1_': 1.0, '_a2_': 1.0, '_a3_': 1.0, '_a7_': 1.0}};{'d0': 0.024905832919416816};-280.569866449043;44.50290076385632
31839;-95.7820324606651;(_a6_ * -((x * (_a4_ * ((pow2(((_a5_ * _a6_) + x)) + _a4_) + x)))));{'d0': {'_a4_': 0.49032133238494363, '_a5_': 0.02730867814279613, '_a6_': -6.886832509265327, '_a0_': 1.0, '_a1_': 1.0, '_a2_': 1.0, '_a3_': 1.0, '_a7_': 1.0}};{'d0': 0.024905832919416816};-280.569866449043;44.50290076385632
31840;-96.6809362979160;(_a6_ * -((x * (_a4_ * ((pow2(((_a5_ * _a6_) + x)) * _a4_) + x)))));{'d0': {'_a4_': 0.4821713506368643, '_a5_': 0.04991925387541293, '_a6_': -14.524376676543747, '_a0_': 1.0, '_a1_': 1.0, '_a2_': 1.0, '_a3_': 1.0, '_a7_': 1.0}};{'d0': 0.02490583291941685};-280.569866449043;43.60399692660532
31841;-98.6110277799803;(((pow2((((_a3_ * (_a3_ + x)) * _a0_) + _a3_)) + _a0_) / _a5_) * x);{'d0': {'_a0_': 30.06065478854843, '_a3_': 0.27866363270473227, '_a5_': 20.780555546734163, '_a1_': 1.0, '_a2_': 1.0, '_a4_': 1.0, '_a6_': 1.0, '_a7_': 1.0}};{'d0': 0.02490583291941663};-280.569866449044;41.67390544454121
31842;-98.6110277799803;(((pow2((((_a3_ * (_a3_ + x)) * _a0_) + _a3_)) + _a0_) / _a5_) * x);{'d0': {'_a0_': 30.06065478854843, '_a3_': 0.27866363270473227, '_a5_': 20.780555546734163, '_a1_': 1.0, '_a2_': 1.0, '_a4_': 1.0, '_a6_': 1.0, '_a7_': 1.0}};{'d0': 0.02490583291941663};-280.569866449044;41.67390544454121
31843;-98.6110277799803;(((pow2((((_a3_ * (_a3_ + x)) * _a0_) + _a3_)) + _a0_) / _a5_) * x);{'d0': {'_a0_': 30.06065478854843, '_a3_': 0.27866363270473227, '_a5_': 20.780555546734163, '_a1_': 1.0, '_a2_': 1.0, '_a4_': 1.0, '_a6_': 1.0, '_a7_': 1.0}};{'d0': 0.02490583291941663};-280.569866449044;41.67390544454121
31844;-98.6110277799803;(((pow2((((_a3_ * (_a3_ + x)) * _a0_) + _a3_)) + _a0_) / _a5_) * x);{'d0': {'_a0_': 30.06065478854843, '_a3_': 0.27866363270473227, '_a5_': 20.780555546734163, '_a1_': 1.0, '_a2_': 1.0, '_a4_': 1.0, '_a6_': 1.0, '_a7_': 1.0}};{'d0': 0.02490583291941663};-280.569866449044;41.67390544454121
31845;-98.6110277799803;(((pow2((((_a3_ * (_a3_ + x)) * _a0_) + _a3_)) + _a0_) / _a5_) * x);{'d0': {'_a0_': 30.06065478854843, '_a3_': 0.27866363270473227, '_a5_': 20.780555546734163, '_a1_': 1.0, '_a2_': 1.0, '_a4_': 1.0, '_a6_': 1.0, '_a7_': 1.0}};{'d0': 0.02490583291941663};-280.569866449044;41.67390544454121
31846;-98.6110277799803;(((pow2((((_a3_ * (_a3_ + x)) * _a0_) + _a3_)) + _a0_) / _a5_) * x);{'d0': {'_a0_': 30.06065478854843, '_a3_': 0.27866363270473227, '_a5_': 20.780555546734163, '_a1_': 1.0, '_a2_': 1.0, '_a4_': 1.0, '_a6_': 1.0, '_a7_': 1.0}};{'d0': 0.02490583291941663};-280.569866449044;41.67390544454121
31847;-98.6110277799803;(((pow2((((_a3_ * (_a3_ + x)) * _a0_) + _a3_)) + _a0_) / _a5_) * x);{'d0': {'_a0_': 30.06065478854843, '_a3_': 0.27866363270473227, '_a5_': 20.780555546734163, '_a1_': 1.0, '_a2_': 1.0, '_a4_': 1.0, '_a6_': 1.0, '_a7_': 1.0}};{'d0': 0.02490583291941663};-280.569866449044;41.67390544454121
31848;-98.6110277799803;(((pow2((((_a3_ * (_a3_ + x)) * _a0_) + _a3_)) + _a0_) / _a5_) * x);{'d0': {'_a0_': 30.06065478854843, '_a3_': 0.27866363270473227, '_a5_': 20.780555546734163, '_a1_': 1.0, '_a2_': 1.0, '_a4_': 1.0, '_a6_': 1.0, '_a7_': 1.0}};{'d0': 0.02490583291941663};-280.569866449044;41.67390544454121
31849;-98.6110277799803;(((pow2((((_a3_ * (_a3_ + x)) * _a0_) + _a3_)) + _a0_) / _a5_) * x);{'d0': {'_a0_': 30.06065478854843, '_a3_': 0.27866363270473227, '_a5_': 20.780555546734163, '_a1_': 1.0, '_a2_': 1.0, '_a4_': 1.0, '_a6_': 1.0, '_a7_': 1.0}};{'d0': 0.02490583291941663};-280.569866449044;41.67390544454121
31850;-98.6110277799803;(((pow2((((_a3_ * (_a3_ + x)) * _a0_) + _a3_)) + _a0_) / _a5_) * x);{'d0': {'_a0_': 30.06065478854843, '_a3_': 0.27866363270473227, '_a5_': 20.780555546734163, '_a1_': 1.0, '_a2_': 1.0, '_a4_': 1.0, '_a6_': 1.0, '_a7_': 1.0}};{'d0': 0.02490583291941663};-280.569866449044;41.67390544454121
31851;-98.6110277799803;(((pow2((((_a3_ * (_a3_ + x)) * _a0_) + _a3_)) + _a0_) / _a5_) * x);{'d0': {'_a0_': 30.06065478854843, '_a3_': 0.27866363270473227, '_a5_': 20.780555546734163, '_a1_': 1.0, '_a2_': 1.0, '_a4_': 1.0, '_a6_': 1.0, '_a7_': 1.0}};{'d0': 0.02490583291941663};-280.569866449044;41.67390544454121
31852;-98.6110277799803;(((pow2((((_a3_ * (_a3_ + x)) * _a0_) + _a3_)) + _a0_) / _a5_) * x);{'d0': {'_a0_': 30.06065478854843, '_a3_': 0.27866363270473227, '_a5_': 20.780555546734163, '_a1_': 1.0, '_a2_': 1.0, '_a4_': 1.0, '_a6_': 1.0, '_a7_': 1.0}};{'d0': 0.02490583291941663};-280.569866449044;41.67390544454121
31853;-98.6110277799803;(((pow2((((_a3_ * (_a3_ + x)) * _a0_) + _a3_)) + _a0_) / _a5_) * x);{'d0': {'_a0_': 30.06065478854843, '_a3_': 0.27866363270473227, '_a5_': 20.780555546734163, '_a1_': 1.0, '_a2_': 1.0, '_a4_': 1.0, '_a6_': 1.0, '_a7_': 1.0}};{'d0': 0.02490583291941663};-280.569866449044;41.67390544454121
31854;-98.6110277799803;(((pow2((((_a3_ * (_a3_ + x)) * _a0_) + _a3_)) + _a0_) / _a5_) * x);{'d0': {'_a0_': 30.06065478854843, '_a3_': 0.27866363270473227, '_a5_': 20.780555546734163, '_a1_': 1.0, '_a2_': 1.0, '_a4_': 1.0, '_a6_': 1.0, '_a7_': 1.0}};{'d0': 0.02490583291941663};-280.569866449044;41.67390544454121
31855;-98.4907184973528;(((pow2((((_a3_ * (_a3_ + x)) * _a0_) + _a3_)) + _a0_) + _a5_) * x);{'d0': {'_a0_': 9.096910056629735, '_a3_': 0.20200227152069158, '_a5_': -7.650333967708017, '_a1_': 1.0, '_a2_': 1.0, '_a4_': 1.0, '_a6_': 1.0, '_a7_': 1.0}};{'d0': 0.024905832919416598};-280.569866449044;41.794214727168814
31856;-98.4907184973527;(((pow2((((_a3_ * (_a3_ + x)) * _a0_) + _a5_)) + _a0_) + _a5_) * x);{'d0': {'_a0_': 2.3254588476086977, '_a3_': 0.7902081331891403, '_a5_': -0.8788827580423574, '_a1_': 1.0, '_a2_': 1.0, '_a4_': 1.0, '_a6_': 1.0, '_a7_': 1.0}};{'d0': 0.024905832919416664};-280.569866449044;41.794214727168814
31857;-98.4907184973527;(((pow2((((_a3_ * (_a3_ + x)) * _a0_) + _a5_)) + _a0_) + _a5_) * x);{'d0': {'_a0_': 2.3254588476086977, '_a3_': 0.7902081331891403, '_a5_': -0.8788827580423574, '_a1_': 1.0, '_a2_': 1.0, '_a4_': 1.0, '_a6_': 1.0, '_a7_': 1.0}};{'d0': 0.024905832919416664};-280.569866449044;41.794214727168814
31858;-98.4907184973528;(((pow2((((_a3_ * (_a3_ + x)) * _a3_) + _a5_)) + _a0_) + _a5_) * x);{'d0': {'_a0_': 3.364383773625411, '_a3_': 1.3555797634718167, '_a5_': -1.9178076844824365, '_a1_': 1.0, '_a2_': 1.0, '_a4_': 1.0, '_a6_': 1.0, '_a7_': 1.0}};{'d0': 0.024905832919416598};-280.569866449044;41.794214727168814
31859;-98.4907184973528;(((pow2((((_a3_ * (_a3_ + x)) * _a3_) + _a5_)) + _a0_) + _a5_) * x);{'d0': {'_a0_': 3.364383773625411, '_a3_': 1.3555797634718167, '_a5_': -1.9178076844824365, '_a1_': 1.0, '_a2_': 1.0, '_a4_': 1.0, '_a6_': 1.0, '_a7_': 1.0}};{'d0': 0.024905832919416598};-280.569866449044;41.794214727168814
31860;-98.4907184973528;(((pow2((((_a3_ * (_a3_ + x)) * _a3_) + _a5_)) + _a0_) + _a5_) * x);{'d0': {'_a0_': 3.364383773625411, '_a3_': 1.3555797634718167, '_a5_': -1.9178076844824365, '_a1_': 1.0, '_a2_': 1.0, '_a4_': 1.0, '_a6_': 1.0, '_a7_': 1.0}};{'d0': 0.024905832919416598};-280.569866449044;41.794214727168814
31861;-98.4907184973528;(((pow2((((_a3_ * (_a3_ + x)) * _a3_) + _a5_)) + _a0_) + _a5_) * x);{'d0': {'_a0_': 3.364383773625411, '_a3_': 1.3555797634718167, '_a5_': -1.9178076844824365, '_a1_': 1.0, '_a2_': 1.0, '_a4_': 1.0, '_a6_': 1.0, '_a7_': 1.0}};{'d0': 0.024905832919416598};-280.569866449044;41.794214727168814
31862;-98.4907184973528;(((pow2((((_a3_ * (_a3_ + x)) * _a3_) + _a5_)) + _a0_) + _a5_) * x);{'d0': {'_a0_': 3.364383773625411, '_a3_': 1.3555797634718167, '_a5_': -1.9178076844824365, '_a1_': 1.0, '_a2_': 1.0, '_a4_': 1.0, '_a6_': 1.0, '_a7_': 1.0}};{'d0': 0.024905832919416598};-280.569866449044;41.794214727168814
31863;-98.4907184973528;(((pow2((((_a3_ * (_a3_ + x)) * _a3_) + _a5_)) + _a0_) + _a5_) * x);{'d0': {'_a0_': 3.364383773625411, '_a3_': 1.3555797634718167, '_a5_': -1.9178076844824365, '_a1_': 1.0, '_a2_': 1.0, '_a4_': 1.0, '_a6_': 1.0, '_a7_': 1.0}};{'d0': 0.024905832919416598};-280.569866449044;41.794214727168814
31864;-98.4907184973528;(((pow2((((_a3_ * (_a3_ + x)) * _a3_) + _a5_)) + _a0_) + _a5_) * x);{'d0': {'_a0_': 3.364383773625411, '_a3_': 1.3555797634718167, '_a5_': -1.9178076844824365, '_a1_': 1.0, '_a2_': 1.0, '_a4_': 1.0, '_a6_': 1.0, '_a7_': 1.0}};{'d0': 0.024905832919416598};-280.569866449044;41.794214727168814
31865;-98.4907184973528;(((pow2((((_a3_ * (_a3_ + x)) * _a3_) + _a5_)) + _a0_) + _a5_) * x);{'d0': {'_a0_': 3.364383773625411, '_a3_': 1.3555797634718167, '_a5_': -1.9178076844824365, '_a1_': 1.0, '_a2_': 1.0, '_a4_': 1.0, '_a6_': 1.0, '_a7_': 1.0}};{'d0': 0.024905832919416598};-280.569866449044;41.794214727168814
31866;-98.4907184973528;(((pow2((((_a3_ * (_a3_ + x)) * _a3_) + _a5_)) + _a0_) + _a5_) * x);{'d0': {'_a0_': 3.364383773625411, '_a3_': 1.3555797634718167, '_a5_': -1.9178076844824365, '_a1_': 1.0, '_a2_': 1.0, '_a4_': 1.0, '_a6_': 1.0, '_a7_': 1.0}};{'d0': 0.024905832919416598};-280.569866449044;41.794214727168814
31867;-79.4515915703102;(((pow2((((x * (_a2_ / _a6_)) * _a6_) + (_a6_ * _a0_))) + (_a5_ * (x + _a6_))) * _a1_) * x);{'d0': {'_a0_': 0.111853713407815, '_a1_': 1.3790138277561705, '_a2_': 1.5648251813100278, '_a5_': 0.3353260532760786, '_a6_': 3.4059704472574075, '_a3_': 1.0, '_a4_': 1.0, '_a7_': 1.0}};{'d0': 0.024905832929471485};-272.381177300377;56.73899707987858
31868;-79.4515915703102;(((pow2((((x * (_a2_ / _a6_)) * _a6_) + (_a6_ * _a0_))) + (_a5_ * (x + _a6_))) * _a1_) * x);{'d0': {'_a0_': 0.111853713407815, '_a1_': 1.3790138277561705, '_a2_': 1.5648251813100278, '_a5_': 0.3353260532760786, '_a6_': 3.4059704472574075, '_a3_': 1.0, '_a4_': 1.0, '_a7_': 1.0}};{'d0': 0.024905832929471485};-272.381177300377;56.73899707987858
31869;-79.4515915703102;(((pow2((((x * (_a2_ / _a6_)) * _a6_) + (_a6_ * _a0_))) + (_a5_ * (x + _a6_))) * _a1_) * x);{'d0': {'_a0_': 0.111853713407815, '_a1_': 1.3790138277561705, '_a2_': 1.5648251813100278, '_a5_': 0.3353260532760786, '_a6_': 3.4059704472574075, '_a3_': 1.0, '_a4_': 1.0, '_a7_': 1.0}};{'d0': 0.024905832929471485};-272.381177300377;56.73899707987858
31870;-79.4515915703102;(((pow2((((x * (_a2_ / _a6_)) * _a6_) + (_a6_ * _a0_))) + (_a5_ * (x + _a6_))) * _a1_) * x);{'d0': {'_a0_': 0.111853713407815, '_a1_': 1.3790138277561705, '_a2_': 1.5648251813100278, '_a5_': 0.3353260532760786, '_a6_': 3.4059704472574075, '_a3_': 1.0, '_a4_': 1.0, '_a7_': 1.0}};{'d0': 0.024905832929471485};-272.381177300377;56.73899707987858
31871;-85.2518833477359;(((pow2((((x * _a3_) * _a6_) + (_a6_ * _a0_))) + (_a5_ * (x + _a6_))) * _a1_) * x);{'d0': {'_a0_': 0.8123356750087766, '_a1_': 3.7586861273839838, '_a3_': 1.5591181748897565, '_a5_': -0.37569321572415737, '_a6_': -0.6079292581511957, '_a2_': 1.0, '_a4_': 1.0, '_a7_': 1.0}};{'d0': 0.024905832920319986};-272.381177322423;50.93870531347618
31872;-85.2518833463123;(((pow2((((x * _a3_) * _a3_) + (_a6_ * _a0_))) + (_a5_ * (x + _a6_))) * _a1_) * x);{'d0': {'_a0_': -1.3479256690494061, '_a1_': 1.5738278410221442, '_a3_': 1.210279750339797, '_a5_': -0.9255145142954943, '_a6_': -0.5733480936230829, '_a2_': 1.0, '_a4_': 1.0, '_a7_': 1.0}};{'d0': 0.02490583292150179};-272.381177319576;50.93870531347618
31873;-84.4971643211177;(((pow2((((x * _a3_) * _a3_) + (_a6_ * _a0_))) + (_a5_ * (x + _a6_))) ** _a1_) * x);{'d0': {'_a0_': -1.2540658549088277, '_a1_': 1.1384850775408588, '_a3_': 1.2794848486430508, '_a5_': -1.2315199968307546, '_a6_': -0.7049970809657788, '_a2_': 1.0, '_a4_': 1.0, '_a7_': 1.0}};{'d0': 0.024238514326282636};-274.010726965185;52.508199161475176
31874;-84.4971643211177;(((pow2((((x * _a3_) * _a3_) + (_a6_ * _a0_))) + (_a5_ * (x + _a6_))) ** _a1_) * x);{'d0': {'_a0_': -1.2540658549088277, '_a1_': 1.1384850775408588, '_a3_': 1.2794848486430508, '_a5_': -1.2315199968307546, '_a6_': -0.7049970809657788, '_a2_': 1.0, '_a4_': 1.0, '_a7_': 1.0}};{'d0': 0.024238514326282636};-274.010726965185;52.508199161475176
31875;-84.4971643211177;(((pow2((((x * _a3_) * _a3_) + (_a6_ * _a0_))) + (_a5_ * (x + _a6_))) ** _a1_) * x);{'d0': {'_a0_': -1.2540658549088277, '_a1_': 1.1384850775408588, '_a3_': 1.2794848486430508, '_a5_': -1.2315199968307546, '_a6_': -0.7049970809657788, '_a2_': 1.0, '_a4_': 1.0, '_a7_': 1.0}};{'d0': 0.024238514326282636};-274.010726965185;52.508199161475176
31876;-84.4971643211177;(((pow2((((x * _a3_) * _a3_) + (_a6_ * _a0_))) + (_a5_ * (x + _a6_))) ** _a1_) * x);{'d0': {'_a0_': -1.2540658549088277, '_a1_': 1.1384850775408588, '_a3_': 1.2794848486430508, '_a5_': -1.2315199968307546, '_a6_': -0.7049970809657788, '_a2_': 1.0, '_a4_': 1.0, '_a7_': 1.0}};{'d0': 0.024238514326282636};-274.010726965185;52.508199161475176
31877;-84.4971643211177;(((pow2((((x * _a3_) * _a3_) + (_a6_ * _a0_))) + (_a5_ * (x + _a6_))) ** _a1_) * x);{'d0': {'_a0_': -1.2540658549088277, '_a1_': 1.1384850775408588, '_a3_': 1.2794848486430508, '_a5_': -1.2315199968307546, '_a6_': -0.7049970809657788, '_a2_': 1.0, '_a4_': 1.0, '_a7_': 1.0}};{'d0': 0.024238514326282636};-274.010726965185;52.508199161475176
31878;-84.4971643211177;(((pow2((((x * _a3_) * _a3_) + (_a6_ * _a0_))) + (_a5_ * (x + _a6_))) ** _a1_) * x);{'d0': {'_a0_': -1.2540658549088277, '_a1_': 1.1384850775408588, '_a3_': 1.2794848486430508, '_a5_': -1.2315199968307546, '_a6_': -0.7049970809657788, '_a2_': 1.0, '_a4_': 1.0, '_a7_': 1.0}};{'d0': 0.024238514326282636};-274.010726965185;52.508199161475176
31879;-84.4971643211177;(((pow2((((x * _a3_) * _a3_) + (_a6_ * _a0_))) + (_a5_ * (x + _a6_))) ** _a1_) * x);{'d0': {'_a0_': -1.2540658549088277, '_a1_': 1.1384850775408588, '_a3_': 1.2794848486430508, '_a5_': -1.2315199968307546, '_a6_': -0.7049970809657788, '_a2_': 1.0, '_a4_': 1.0, '_a7_': 1.0}};{'d0': 0.024238514326282636};-274.010726965185;52.508199161475176
31880;-84.4971643211177;(((pow2((((x * _a3_) * _a3_) + (_a6_ * _a0_))) + (_a5_ * (x + _a6_))) ** _a1_) * x);{'d0': {'_a0_': -1.2540658549088277, '_a1_': 1.1384850775408588, '_a3_': 1.2794848486430508, '_a5_': -1.2315199968307546, '_a6_': -0.7049970809657788, '_a2_': 1.0, '_a4_': 1.0, '_a7_': 1.0}};{'d0': 0.024238514326282636};-274.010726965185;52.508199161475176
31881;-84.4971643211177;(((pow2((((x * _a3_) * _a3_) + (_a6_ * _a0_))) + (_a5_ * (x + _a6_))) ** _a1_) * x);{'d0': {'_a0_': -1.2540658549088277, '_a1_': 1.1384850775408588, '_a3_': 1.2794848486430508, '_a5_': -1.2315199968307546, '_a6_': -0.7049970809657788, '_a2_': 1.0, '_a4_': 1.0, '_a7_': 1.0}};{'d0': 0.024238514326282636};-274.010726965185;52.508199161475176
31882;-90.4177653845968;(((pow2((((x * _a3_) * _a3_) + (_a6_ * _a0_))) + (_a5_ * _a5_)) ** _a1_) * x);{'d0': {'_a0_': -0.6579810146380068, '_a1_': 1.1384853797383965, '_a3_': 1.279484700775597, '_a5_': -1.17975854662442, '_a6_': -0.7720289234972778, '_a2_': 1.0, '_a4_': 1.0, '_a7_': 1.0}};{'d0': 0.024238514314608432};-274.010726994083;46.58759811244518
31883;-90.4177653845968;(((pow2((((x * _a3_) * _a3_) + (_a6_ * _a0_))) + (_a5_ * _a5_)) ** _a1_) * x);{'d0': {'_a0_': -0.6579810146380068, '_a1_': 1.1384853797383965, '_a3_': 1.279484700775597, '_a5_': -1.17975854662442, '_a6_': -0.7720289234972778, '_a2_': 1.0, '_a4_': 1.0, '_a7_': 1.0}};{'d0': 0.024238514314608432};-274.010726994083;46.58759811244518
31884;-90.4177653845968;(((pow2((((x * _a3_) * _a3_) + (_a6_ * _a0_))) + (_a5_ * _a5_)) ** _a1_) * x);{'d0': {'_a0_': -0.6579810146380068, '_a1_': 1.1384853797383965, '_a3_': 1.279484700775597, '_a5_': -1.17975854662442, '_a6_': -0.7720289234972778, '_a2_': 1.0, '_a4_': 1.0, '_a7_': 1.0}};{'d0': 0.024238514314608432};-274.010726994083;46.58759811244518
31885;-90.4177653845968;(((pow2((((x * _a3_) * _a3_) + (_a6_ * _a0_))) + (_a5_ * _a5_)) ** _a1_) * x);{'d0': {'_a0_': -0.6579810146380068, '_a1_': 1.1384853797383965, '_a3_': 1.279484700775597, '_a5_': -1.17975854662442, '_a6_': -0.7720289234972778, '_a2_': 1.0, '_a4_': 1.0, '_a7_': 1.0}};{'d0': 0.024238514314608432};-274.010726994083;46.58759811244518
31886;-90.4177653845968;(((pow2((((x * _a3_) * _a3_) + (_a6_ * _a0_))) + (_a5_ * _a5_)) ** _a1_) * x);{'d0': {'_a0_': -0.6579810146380068, '_a1_': 1.1384853797383965, '_a3_': 1.279484700775597, '_a5_': -1.17975854662442, '_a6_': -0.7720289234972778, '_a2_': 1.0, '_a4_': 1.0, '_a7_': 1.0}};{'d0': 0.024238514314608432};-274.010726994083;46.58759811244518
31887;-90.4177653845968;(((pow2((((x * _a3_) * _a3_) + (_a6_ * _a0_))) + (_a5_ * _a5_)) ** _a1_) * x);{'d0': {'_a0_': -0.6579810146380068, '_a1_': 1.1384853797383965, '_a3_': 1.279484700775597, '_a5_': -1.17975854662442, '_a6_': -0.7720289234972778, '_a2_': 1.0, '_a4_': 1.0, '_a7_': 1.0}};{'d0': 0.024238514314608432};-274.010726994083;46.58759811244518
31888;-90.4177653845968;(((pow2((((x * _a3_) * _a3_) + (_a6_ * _a0_))) + (_a5_ * _a5_)) ** _a1_) * x);{'d0': {'_a0_': -0.6579810146380068, '_a1_': 1.1384853797383965, '_a3_': 1.279484700775597, '_a5_': -1.17975854662442, '_a6_': -0.7720289234972778, '_a2_': 1.0, '_a4_': 1.0, '_a7_': 1.0}};{'d0': 0.024238514314608432};-274.010726994083;46.58759811244518
31889;-90.4177653845968;(((pow2((((x * _a3_) * _a3_) + (_a6_ * _a0_))) + (_a5_ * _a5_)) ** _a1_) * x);{'d0': {'_a0_': -0.6579810146380068, '_a1_': 1.1384853797383965, '_a3_': 1.279484700775597, '_a5_': -1.17975854662442, '_a6_': -0.7720289234972778, '_a2_': 1.0, '_a4_': 1.0, '_a7_': 1.0}};{'d0': 0.024238514314608432};-274.010726994083;46.58759811244518
31890;-90.4177653845968;(((pow2((((x * _a3_) * _a3_) + (_a6_ * _a0_))) + (_a5_ * _a5_)) ** _a1_) * x);{'d0': {'_a0_': -0.6579810146380068, '_a1_': 1.1384853797383965, '_a3_': 1.279484700775597, '_a5_': -1.17975854662442, '_a6_': -0.7720289234972778, '_a2_': 1.0, '_a4_': 1.0, '_a7_': 1.0}};{'d0': 0.024238514314608432};-274.010726994083;46.58759811244518
31891;-90.4177653845968;(((pow2((((x * _a3_) * _a3_) + (_a6_ * _a0_))) + (_a5_ * _a5_)) ** _a1_) * x);{'d0': {'_a0_': -0.6579810146380068, '_a1_': 1.1384853797383965, '_a3_': 1.279484700775597, '_a5_': -1.17975854662442, '_a6_': -0.7720289234972778, '_a2_': 1.0, '_a4_': 1.0, '_a7_': 1.0}};{'d0': 0.024238514314608432};-274.010726994083;46.58759811244518
31892;-90.4177653845968;(((pow2((((x * _a3_) * _a3_) + (_a6_ * _a0_))) + (_a5_ * _a5_)) ** _a1_) * x);{'d0': {'_a0_': -0.6579810146380068, '_a1_': 1.1384853797383965, '_a3_': 1.279484700775597, '_a5_': -1.17975854662442, '_a6_': -0.7720289234972778, '_a2_': 1.0, '_a4_': 1.0, '_a7_': 1.0}};{'d0': 0.024238514314608432};-274.010726994083;46.58759811244518
31893;-85.8720556033594;(((pow2((((x * _a3_) * _a3_) + (pow3(_a0_) * _a0_))) + (_a5_ * _a5_)) ** _a1_) * x);{'d0': {'_a0_': -0.844231948619523, '_a1_': 1.1384848699346515, '_a3_': 1.2794849493748472, '_a5_': -1.1797586211328428, '_a2_': 1.0, '_a4_': 1.0, '_a6_': 1.0, '_a7_': 1.0}};{'d0': 0.024238514314558722};-278.105071556428;53.18048017485518
31894;-85.8720556033594;(((pow2((((x * _a3_) * _a3_) + (pow3(_a0_) * _a0_))) + (_a5_ * _a5_)) ** _a1_) * x);{'d0': {'_a0_': -0.844231948619523, '_a1_': 1.1384848699346515, '_a3_': 1.2794849493748472, '_a5_': -1.1797586211328428, '_a2_': 1.0, '_a4_': 1.0, '_a6_': 1.0, '_a7_': 1.0}};{'d0': 0.024238514314558722};-278.105071556428;53.18048017485518
31895;-85.8720556033594;(((pow2((((x * _a3_) * _a3_) + (pow3(_a0_) * _a0_))) + (_a5_ * _a5_)) ** _a1_) * x);{'d0': {'_a0_': -0.844231948619523, '_a1_': 1.1384848699346515, '_a3_': 1.2794849493748472, '_a5_': -1.1797586211328428, '_a2_': 1.0, '_a4_': 1.0, '_a6_': 1.0, '_a7_': 1.0}};{'d0': 0.024238514314558722};-278.105071556428;53.18048017485518
31896;-85.8720556033594;(((pow2((((x * _a3_) * _a3_) + (pow3(_a0_) * _a0_))) + (_a5_ * _a5_)) ** _a1_) * x);{'d0': {'_a0_': -0.844231948619523, '_a1_': 1.1384848699346515, '_a3_': 1.2794849493748472, '_a5_': -1.1797586211328428, '_a2_': 1.0, '_a4_': 1.0, '_a6_': 1.0, '_a7_': 1.0}};{'d0': 0.024238514314558722};-278.105071556428;53.18048017485518
31897;-85.8720556033594;(((pow2((((x * _a3_) * _a3_) + (pow3(_a0_) * _a0_))) + (_a5_ * _a5_)) ** _a1_) * x);{'d0': {'_a0_': -0.844231948619523, '_a1_': 1.1384848699346515, '_a3_': 1.2794849493748472, '_a5_': -1.1797586211328428, '_a2_': 1.0, '_a4_': 1.0, '_a6_': 1.0, '_a7_': 1.0}};{'d0': 0.024238514314558722};-278.105071556428;53.18048017485518
31898;-85.8720556033594;(((pow2((((x * _a3_) * _a3_) + (pow3(_a0_) * _a0_))) + (_a5_ * _a5_)) ** _a1_) * x);{'d0': {'_a0_': -0.844231948619523, '_a1_': 1.1384848699346515, '_a3_': 1.2794849493748472, '_a5_': -1.1797586211328428, '_a2_': 1.0, '_a4_': 1.0, '_a6_': 1.0, '_a7_': 1.0}};{'d0': 0.024238514314558722};-278.105071556428;53.18048017485518
31899;-87.3708831676239;(((pow2((((x * _a3_) * _a3_) + ((_a1_ * _a3_) * _a0_))) + (_a5_ * _a5_)) ** _a1_) * x);{'d0': {'_a0_': 0.34872663540593013, '_a1_': 1.1384840991505019, '_a3_': 1.2794853250007727, '_a5_': -1.179758733987558, '_a2_': 1.0, '_a4_': 1.0, '_a6_': 1.0, '_a7_': 1.0}};{'d0': 0.024238514314594714};-278.105071556339;51.68165261054617
31900;-87.3708831676239;(((pow2((((x * _a3_) * _a3_) + ((_a1_ * _a3_) * _a0_))) + (_a5_ * _a5_)) ** _a1_) * x);{'d0': {'_a0_': 0.34872663540593013, '_a1_': 1.1384840991505019, '_a3_': 1.2794853250007727, '_a5_': -1.179758733987558, '_a2_': 1.0, '_a4_': 1.0, '_a6_': 1.0, '_a7_': 1.0}};{'d0': 0.024238514314594714};-278.105071556339;51.68165261054617
31901;-87.3708831676239;(((pow2((((x * _a3_) * _a3_) + ((_a1_ * _a3_) * _a0_))) + (_a5_ * _a5_)) ** _a1_) * x);{'d0': {'_a0_': 0.34872663540593013, '_a1_': 1.1384840991505019, '_a3_': 1.2794853250007727, '_a5_': -1.179758733987558, '_a2_': 1.0, '_a4_': 1.0, '_a6_': 1.0, '_a7_': 1.0}};{'d0': 0.024238514314594714};-278.105071556339;51.68165261054617
31902;-87.3708831676239;(((pow2((((x * _a3_) * _a3_) + ((_a1_ * _a3_) * _a0_))) + (_a5_ * _a5_)) ** _a1_) * x);{'d0': {'_a0_': 0.34872663540593013, '_a1_': 1.1384840991505019, '_a3_': 1.2794853250007727, '_a5_': -1.179758733987558, '_a2_': 1.0, '_a4_': 1.0, '_a6_': 1.0, '_a7_': 1.0}};{'d0': 0.024238514314594714};-278.105071556339;51.68165261054617
31903;-92.4649376657406;(((pow2((((x * _a3_) * _a3_) + (_a3_ * _a0_))) + (_a5_ * _a5_)) ** _a1_) * x);{'d0': {'_a0_': 0.3970196965905029, '_a1_': 1.1384843043091504, '_a3_': 1.2794852251664854, '_a5_': -1.1797587041400739, '_a2_': 1.0, '_a4_': 1.0, '_a6_': 1.0, '_a7_': 1.0}};{'d0': 0.024238514314582};-278.105071556371;46.58759811244517
31904;-92.4649376657406;(((pow2((((x * _a3_) * _a3_) + (_a3_ * _a0_))) + (_a5_ * _a5_)) ** _a1_) * x);{'d0': {'_a0_': 0.3970196965905029, '_a1_': 1.1384843043091504, '_a3_': 1.2794852251664854, '_a5_': -1.1797587041400739, '_a2_': 1.0, '_a4_': 1.0, '_a6_': 1.0, '_a7_': 1.0}};{'d0': 0.024238514314582};-278.105071556371;46.58759811244517
31905;-92.4649376657406;(((pow2((((x * _a3_) * _a3_) + (_a3_ * _a0_))) + (_a5_ * _a5_)) ** _a1_) * x);{'d0': {'_a0_': 0.3970196965905029, '_a1_': 1.1384843043091504, '_a3_': 1.2794852251664854, '_a5_': -1.1797587041400739, '_a2_': 1.0, '_a4_': 1.0, '_a6_': 1.0, '_a7_': 1.0}};{'d0': 0.024238514314582};-278.105071556371;46.58759811244517
31906;-92.4649376657406;(((pow2((((x * _a3_) * _a3_) + (_a3_ * _a0_))) + (_a5_ * _a5_)) ** _a1_) * x);{'d0': {'_a0_': 0.3970196965905029, '_a1_': 1.1384843043091504, '_a3_': 1.2794852251664854, '_a5_': -1.1797587041400739, '_a2_': 1.0, '_a4_': 1.0, '_a6_': 1.0, '_a7_': 1.0}};{'d0': 0.024238514314582};-278.105071556371;46.58759811244517
31907;-92.4649376657406;(((pow2((((x * _a3_) * _a3_) + (_a3_ * _a0_))) + (_a5_ * _a5_)) ** _a1_) * x);{'d0': {'_a0_': 0.3970196965905029, '_a1_': 1.1384843043091504, '_a3_': 1.2794852251664854, '_a5_': -1.1797587041400739, '_a2_': 1.0, '_a4_': 1.0, '_a6_': 1.0, '_a7_': 1.0}};{'d0': 0.024238514314582};-278.105071556371;46.58759811244517
31908;-92.4649376657406;(((pow2((((x * _a3_) * _a3_) + (_a3_ * _a0_))) + (_a5_ * _a5_)) ** _a1_) * x);{'d0': {'_a0_': 0.3970196965905029, '_a1_': 1.1384843043091504, '_a3_': 1.2794852251664854, '_a5_': -1.1797587041400739, '_a2_': 1.0, '_a4_': 1.0, '_a6_': 1.0, '_a7_': 1.0}};{'d0': 0.024238514314582};-278.105071556371;46.58759811244517
31909;-97.4866348773320;(((pow2(((x * _a3_) + (_a3_ * _a0_))) + (_a5_ * _a5_)) ** _a1_) * x);{'d0': {'_a0_': 0.3102963943138962, '_a1_': 1.1384879371600585, '_a3_': 1.6370779060678688, '_a5_': -1.1797581716108068, '_a2_': 1.0, '_a4_': 1.0, '_a6_': 1.0, '_a7_': 1.0}};{'d0': 0.024238514314733547};-278.105071555995;41.56590090066617
31910;-97.4866348773320;(((pow2(((x * _a3_) + (_a3_ * _a0_))) + (_a5_ * _a5_)) ** _a1_) * x);{'d0': {'_a0_': 0.3102963943138962, '_a1_': 1.1384879371600585, '_a3_': 1.6370779060678688, '_a5_': -1.1797581716108068, '_a2_': 1.0, '_a4_': 1.0, '_a6_': 1.0, '_a7_': 1.0}};{'d0': 0.024238514314733547};-278.105071555995;41.56590090066617
31911;-97.4866348773320;(((pow2(((x * _a3_) + (_a3_ * _a0_))) + (_a5_ * _a5_)) ** _a1_) * x);{'d0': {'_a0_': 0.3102963943138962, '_a1_': 1.1384879371600585, '_a3_': 1.6370779060678688, '_a5_': -1.1797581716108068, '_a2_': 1.0, '_a4_': 1.0, '_a6_': 1.0, '_a7_': 1.0}};{'d0': 0.024238514314733547};-278.105071555995;41.56590090066617
31912;-97.4866348773320;(((pow2(((x * _a3_) + (_a3_ * _a0_))) + (_a5_ * _a5_)) ** _a1_) * x);{'d0': {'_a0_': 0.3102963943138962, '_a1_': 1.1384879371600585, '_a3_': 1.6370779060678688, '_a5_': -1.1797581716108068, '_a2_': 1.0, '_a4_': 1.0, '_a6_': 1.0, '_a7_': 1.0}};{'d0': 0.024238514314733547};-278.105071555995;41.56590090066617
31913;-97.4866348773320;(((pow2(((x * _a3_) + (_a3_ * _a0_))) + (_a5_ * _a5_)) ** _a1_) * x);{'d0': {'_a0_': 0.3102963943138962, '_a1_': 1.1384879371600585, '_a3_': 1.6370779060678688, '_a5_': -1.1797581716108068, '_a2_': 1.0, '_a4_': 1.0, '_a6_': 1.0, '_a7_': 1.0}};{'d0': 0.024238514314733547};-278.105071555995;41.56590090066617
31914;-97.4866348773320;(((pow2(((x * _a3_) + (_a3_ * _a0_))) + (_a5_ * _a5_)) ** _a1_) * x);{'d0': {'_a0_': 0.3102963943138962, '_a1_': 1.1384879371600585, '_a3_': 1.6370779060678688, '_a5_': -1.1797581716108068, '_a2_': 1.0, '_a4_': 1.0, '_a6_': 1.0, '_a7_': 1.0}};{'d0': 0.024238514314733547};-278.105071555995;41.56590090066617
31915;-97.4866348773320;(((pow2(((x * _a3_) + (_a3_ * _a0_))) + (_a5_ * _a5_)) ** _a1_) * x);{'d0': {'_a0_': 0.3102963943138962, '_a1_': 1.1384879371600585, '_a3_': 1.6370779060678688, '_a5_': -1.1797581716108068, '_a2_': 1.0, '_a4_': 1.0, '_a6_': 1.0, '_a7_': 1.0}};{'d0': 0.024238514314733547};-278.105071555995;41.56590090066617
31916;-97.4866348773320;(((pow2(((x * _a3_) + (_a3_ * _a0_))) + (_a5_ * _a5_)) ** _a1_) * x);{'d0': {'_a0_': 0.3102963943138962, '_a1_': 1.1384879371600585, '_a3_': 1.6370779060678688, '_a5_': -1.1797581716108068, '_a2_': 1.0, '_a4_': 1.0, '_a6_': 1.0, '_a7_': 1.0}};{'d0': 0.024238514314733547};-278.105071555995;41.56590090066617
31917;-97.4866348773320;(((pow2(((x * _a3_) + (_a3_ * _a0_))) + (_a5_ * _a5_)) ** _a1_) * x);{'d0': {'_a0_': 0.3102963943138962, '_a1_': 1.1384879371600585, '_a3_': 1.6370779060678688, '_a5_': -1.1797581716108068, '_a2_': 1.0, '_a4_': 1.0, '_a6_': 1.0, '_a7_': 1.0}};{'d0': 0.024238514314733547};-278.105071555995;41.56590090066617
31918;-97.4866348773320;(((pow2(((x * _a3_) + (_a3_ * _a0_))) + (_a5_ * _a5_)) ** _a1_) * x);{'d0': {'_a0_': 0.3102963943138962, '_a1_': 1.1384879371600585, '_a3_': 1.6370779060678688, '_a5_': -1.1797581716108068, '_a2_': 1.0, '_a4_': 1.0, '_a6_': 1.0, '_a7_': 1.0}};{'d0': 0.024238514314733547};-278.105071555995;41.56590090066617
31919;-97.4866348773320;(((pow2(((x * _a3_) + (_a3_ * _a0_))) + (_a5_ * _a5_)) ** _a1_) * x);{'d0': {'_a0_': 0.3102963943138962, '_a1_': 1.1384879371600585, '_a3_': 1.6370779060678688, '_a5_': -1.1797581716108068, '_a2_': 1.0, '_a4_': 1.0, '_a6_': 1.0, '_a7_': 1.0}};{'d0': 0.024238514314733547};-278.105071555995;41.56590090066617
31920;-97.4148073319736;(((pow2(((x * _a3_) + (_a3_ * _a0_))) + (_a5_ * _a5_)) + _a1_) * x);{'d0': {'_a0_': 0.3119297077239593, '_a1_': -5.311958951496582, '_a3_': 1.8375964947491619, '_a5_': -2.5997183869511735, '_a2_': 1.0, '_a4_': 1.0, '_a6_': 1.0, '_a7_': 1.0}};{'d0': 0.02490583292592653};-276.475521871139;40.822953603596176
31921;-97.4148073319736;(((pow2(((x * _a3_) + (_a3_ * _a0_))) + (_a5_ * _a5_)) + _a1_) * x);{'d0': {'_a0_': 0.3119297077239593, '_a1_': -5.311958951496582, '_a3_': 1.8375964947491619, '_a5_': -2.5997183869511735, '_a2_': 1.0, '_a4_': 1.0, '_a6_': 1.0, '_a7_': 1.0}};{'d0': 0.02490583292592653};-276.475521871139;40.822953603596176
31922;-97.4148073319736;(((pow2(((x * _a3_) + (_a3_ * _a0_))) + (_a5_ * _a5_)) + _a1_) * x);{'d0': {'_a0_': 0.3119297077239593, '_a1_': -5.311958951496582, '_a3_': 1.8375964947491619, '_a5_': -2.5997183869511735, '_a2_': 1.0, '_a4_': 1.0, '_a6_': 1.0, '_a7_': 1.0}};{'d0': 0.02490583292592653};-276.475521871139;40.822953603596176
31923;-97.4148073319736;(((pow2(((x * _a3_) + (_a3_ * _a0_))) + (_a5_ * _a5_)) + _a1_) * x);{'d0': {'_a0_': 0.3119297077239593, '_a1_': -5.311958951496582, '_a3_': 1.8375964947491619, '_a5_': -2.5997183869511735, '_a2_': 1.0, '_a4_': 1.0, '_a6_': 1.0, '_a7_': 1.0}};{'d0': 0.02490583292592653};-276.475521871139;40.822953603596176
31924;-102.364147265272;(((pow2(((x * _a3_) + (_a3_ * _a0_))) + _a5_) + _a1_) * x);{'d0': {'_a0_': 0.311929706834715, '_a1_': -1.5355627479066214, '_a3_': 1.8375964966429639, '_a5_': 2.9821388362962713, '_a2_': 1.0, '_a4_': 1.0, '_a6_': 1.0, '_a7_': 1.0}};{'d0': 0.024905832919416854};-276.475521886821;35.87361367813918
31925;-102.364147265272;(((pow2(((x * _a3_) + (_a3_ * _a0_))) + _a5_) + _a1_) * x);{'d0': {'_a0_': 0.311929706834715, '_a1_': -1.5355627479066214, '_a3_': 1.8375964966429639, '_a5_': 2.9821388362962713, '_a2_': 1.0, '_a4_': 1.0, '_a6_': 1.0, '_a7_': 1.0}};{'d0': 0.024905832919416854};-276.475521886821;35.87361367813918
31926;-102.364147265272;(((pow2(((x * _a3_) + (_a3_ * _a0_))) + _a5_) + _a1_) * x);{'d0': {'_a0_': 0.311929706834715, '_a1_': -1.5355627479066214, '_a3_': 1.8375964966429639, '_a5_': 2.9821388362962713, '_a2_': 1.0, '_a4_': 1.0, '_a6_': 1.0, '_a7_': 1.0}};{'d0': 0.024905832919416854};-276.475521886821;35.87361367813918
31927;-102.364147265272;(((pow2(((x * _a3_) + (_a3_ * _a0_))) + _a5_) + _a1_) * x);{'d0': {'_a0_': 0.311929706834715, '_a1_': -1.5355627479066214, '_a3_': 1.8375964966429639, '_a5_': 2.9821388362962713, '_a2_': 1.0, '_a4_': 1.0, '_a6_': 1.0, '_a7_': 1.0}};{'d0': 0.024905832919416854};-276.475521886821;35.87361367813918
31928;-102.364147265272;(((pow2(((x * _a3_) + (_a3_ * _a0_))) + _a5_) + _a1_) * x);{'d0': {'_a0_': 0.311929706834715, '_a1_': -1.5355627479066214, '_a3_': 1.8375964966429639, '_a5_': 2.9821388362962713, '_a2_': 1.0, '_a4_': 1.0, '_a6_': 1.0, '_a7_': 1.0}};{'d0': 0.024905832919416854};-276.475521886821;35.87361367813918
31929;-102.364147265272;(((pow2(((x * _a3_) + (_a3_ * _a0_))) + _a5_) + _a1_) * x);{'d0': {'_a0_': 0.311929706834715, '_a1_': -1.5355627479066214, '_a3_': 1.8375964966429639, '_a5_': 2.9821388362962713, '_a2_': 1.0, '_a4_': 1.0, '_a6_': 1.0, '_a7_': 1.0}};{'d0': 0.024905832919416854};-276.475521886821;35.87361367813918
31930;-102.364147265272;(((pow2(((x * _a3_) + (_a3_ * _a0_))) + _a5_) + _a1_) * x);{'d0': {'_a0_': 0.311929706834715, '_a1_': -1.5355627479066214, '_a3_': 1.8375964966429639, '_a5_': 2.9821388362962713, '_a2_': 1.0, '_a4_': 1.0, '_a6_': 1.0, '_a7_': 1.0}};{'d0': 0.024905832919416854};-276.475521886821;35.87361367813918
31931;-102.364147265272;(((pow2(((x * _a3_) + (_a3_ * _a0_))) + _a5_) + _a1_) * x);{'d0': {'_a0_': 0.311929706834715, '_a1_': -1.5355627479066214, '_a3_': 1.8375964966429639, '_a5_': 2.9821388362962713, '_a2_': 1.0, '_a4_': 1.0, '_a6_': 1.0, '_a7_': 1.0}};{'d0': 0.024905832919416854};-276.475521886821;35.87361367813918
31932;-102.364147265272;(((pow2(((x * _a3_) + (_a3_ * _a0_))) + _a5_) + _a1_) * x);{'d0': {'_a0_': 0.311929706834715, '_a1_': -1.5355627479066214, '_a3_': 1.8375964966429639, '_a5_': 2.9821388362962713, '_a2_': 1.0, '_a4_': 1.0, '_a6_': 1.0, '_a7_': 1.0}};{'d0': 0.024905832919416854};-276.475521886821;35.87361367813918
31933;-102.364147265272;(((pow2(((x * _a3_) + (_a3_ * _a0_))) + _a5_) + _a1_) * x);{'d0': {'_a0_': 0.311929706834715, '_a1_': -1.5355627479066214, '_a3_': 1.8375964966429639, '_a5_': 2.9821388362962713, '_a2_': 1.0, '_a4_': 1.0, '_a6_': 1.0, '_a7_': 1.0}};{'d0': 0.024905832919416854};-276.475521886821;35.87361367813918
31934;-102.364147265272;(((pow2(((x * _a3_) + (_a3_ * _a0_))) + _a5_) + _a1_) * x);{'d0': {'_a0_': 0.311929706834715, '_a1_': -1.5355627479066214, '_a3_': 1.8375964966429639, '_a5_': 2.9821388362962713, '_a2_': 1.0, '_a4_': 1.0, '_a6_': 1.0, '_a7_': 1.0}};{'d0': 0.024905832919416854};-276.475521886821;35.87361367813918
31935;-102.364147265272;(((pow2(((x * _a3_) + (_a3_ * _a0_))) + _a5_) + _a1_) * x);{'d0': {'_a0_': 0.311929706834715, '_a1_': -1.5355627479066214, '_a3_': 1.8375964966429639, '_a5_': 2.9821388362962713, '_a2_': 1.0, '_a4_': 1.0, '_a6_': 1.0, '_a7_': 1.0}};{'d0': 0.024905832919416854};-276.475521886821;35.87361367813918
31936;-102.364147265272;(((pow2(((x * _a3_) + (_a3_ * _a0_))) + _a5_) + _a1_) * x);{'d0': {'_a0_': 0.311929706834715, '_a1_': -1.5355627479066214, '_a3_': 1.8375964966429639, '_a5_': 2.9821388362962713, '_a2_': 1.0, '_a4_': 1.0, '_a6_': 1.0, '_a7_': 1.0}};{'d0': 0.024905832919416854};-276.475521886821;35.87361367813918
31937;-102.364147265272;(((pow2(((x * _a3_) + (_a3_ * _a0_))) + _a5_) + _a1_) * x);{'d0': {'_a0_': 0.311929706834715, '_a1_': -1.5355627479066214, '_a3_': 1.8375964966429639, '_a5_': 2.9821388362962713, '_a2_': 1.0, '_a4_': 1.0, '_a6_': 1.0, '_a7_': 1.0}};{'d0': 0.024905832919416854};-276.475521886821;35.87361367813918
31938;-102.364147265272;(((pow2(((x * _a3_) + (_a3_ * _a0_))) + _a5_) + _a1_) * x);{'d0': {'_a0_': 0.311929706834715, '_a1_': -1.5355627479066214, '_a3_': 1.8375964966429639, '_a5_': 2.9821388362962713, '_a2_': 1.0, '_a4_': 1.0, '_a6_': 1.0, '_a7_': 1.0}};{'d0': 0.024905832919416854};-276.475521886821;35.87361367813918
31939;-102.364147265272;(((pow2(((x * _a3_) + (_a3_ * _a0_))) + _a5_) + _a1_) * x);{'d0': {'_a0_': 0.311929706834715, '_a1_': -1.5355627479066214, '_a3_': 1.8375964966429639, '_a5_': 2.9821388362962713, '_a2_': 1.0, '_a4_': 1.0, '_a6_': 1.0, '_a7_': 1.0}};{'d0': 0.024905832919416854};-276.475521886821;35.87361367813918
31940;-102.364147265272;(((pow2(((x * _a3_) + (_a3_ * _a0_))) + _a5_) + _a1_) * x);{'d0': {'_a0_': 0.311929706834715, '_a1_': -1.5355627479066214, '_a3_': 1.8375964966429639, '_a5_': 2.9821388362962713, '_a2_': 1.0, '_a4_': 1.0, '_a6_': 1.0, '_a7_': 1.0}};{'d0': 0.024905832919416854};-276.475521886821;35.87361367813918
31941;-102.364147265272;(((pow2(((x * _a3_) + (_a3_ * _a0_))) + _a5_) + _a1_) * x);{'d0': {'_a0_': 0.311929706834715, '_a1_': -1.5355627479066214, '_a3_': 1.8375964966429639, '_a5_': 2.9821388362962713, '_a2_': 1.0, '_a4_': 1.0, '_a6_': 1.0, '_a7_': 1.0}};{'d0': 0.024905832919416854};-276.475521886821;35.87361367813918
31942;-102.364147265272;(((pow2(((x * _a3_) + (_a3_ * _a0_))) + _a5_) + _a1_) * x);{'d0': {'_a0_': 0.311929706834715, '_a1_': -1.5355627479066214, '_a3_': 1.8375964966429639, '_a5_': 2.9821388362962713, '_a2_': 1.0, '_a4_': 1.0, '_a6_': 1.0, '_a7_': 1.0}};{'d0': 0.024905832919416854};-276.475521886821;35.87361367813918
31943;-102.364147265272;(((pow2(((x * _a3_) + (_a3_ * _a0_))) + _a5_) + _a1_) * x);{'d0': {'_a0_': 0.311929706834715, '_a1_': -1.5355627479066214, '_a3_': 1.8375964966429639, '_a5_': 2.9821388362962713, '_a2_': 1.0, '_a4_': 1.0, '_a6_': 1.0, '_a7_': 1.0}};{'d0': 0.024905832919416854};-276.475521886821;35.87361367813918
31944;-102.364147265272;(((pow2(((x * _a3_) + (_a3_ * _a0_))) + _a5_) + _a1_) * x);{'d0': {'_a0_': 0.311929706834715, '_a1_': -1.5355627479066214, '_a3_': 1.8375964966429639, '_a5_': 2.9821388362962713, '_a2_': 1.0, '_a4_': 1.0, '_a6_': 1.0, '_a7_': 1.0}};{'d0': 0.024905832919416854};-276.475521886821;35.87361367813918
31945;-102.364147265272;(((pow2(((x * _a3_) + (_a3_ * _a0_))) + _a5_) + _a1_) * x);{'d0': {'_a0_': 0.311929706834715, '_a1_': -1.5355627479066214, '_a3_': 1.8375964966429639, '_a5_': 2.9821388362962713, '_a2_': 1.0, '_a4_': 1.0, '_a6_': 1.0, '_a7_': 1.0}};{'d0': 0.024905832919416854};-276.475521886821;35.87361367813918
31946;-102.364147265272;(((pow2(((x * _a3_) + (_a3_ * _a0_))) + _a5_) + _a1_) * x);{'d0': {'_a0_': 0.311929706834715, '_a1_': -1.5355627479066214, '_a3_': 1.8375964966429639, '_a5_': 2.9821388362962713, '_a2_': 1.0, '_a4_': 1.0, '_a6_': 1.0, '_a7_': 1.0}};{'d0': 0.024905832919416854};-276.475521886821;35.87361367813918
31947;-102.364147265272;(((pow2(((x * _a3_) + (_a3_ * _a0_))) + _a5_) + _a1_) * x);{'d0': {'_a0_': 0.311929706834715, '_a1_': -1.5355627479066214, '_a3_': 1.8375964966429639, '_a5_': 2.9821388362962713, '_a2_': 1.0, '_a4_': 1.0, '_a6_': 1.0, '_a7_': 1.0}};{'d0': 0.024905832919416854};-276.475521886821;35.87361367813918
31948;-102.364147265272;(((pow2(((x * _a3_) + (_a3_ * _a0_))) + _a5_) + _a1_) * x);{'d0': {'_a0_': 0.311929706834715, '_a1_': -1.5355627479066214, '_a3_': 1.8375964966429639, '_a5_': 2.9821388362962713, '_a2_': 1.0, '_a4_': 1.0, '_a6_': 1.0, '_a7_': 1.0}};{'d0': 0.024905832919416854};-276.475521886821;35.87361367813918
31949;-102.364147265272;(((pow2(((x * _a3_) + (_a3_ * _a0_))) + _a5_) + _a1_) * x);{'d0': {'_a0_': 0.311929706834715, '_a1_': -1.5355627479066214, '_a3_': 1.8375964966429639, '_a5_': 2.9821388362962713, '_a2_': 1.0, '_a4_': 1.0, '_a6_': 1.0, '_a7_': 1.0}};{'d0': 0.024905832919416854};-276.475521886821;35.87361367813918
31950;-102.364147265272;(((pow2(((x * _a3_) + (_a3_ * _a0_))) + _a5_) + _a1_) * x);{'d0': {'_a0_': 0.311929706834715, '_a1_': -1.5355627479066214, '_a3_': 1.8375964966429639, '_a5_': 2.9821388362962713, '_a2_': 1.0, '_a4_': 1.0, '_a6_': 1.0, '_a7_': 1.0}};{'d0': 0.024905832919416854};-276.475521886821;35.87361367813918
31951;-102.364147265272;(((pow2(((x * _a3_) + (_a3_ * _a0_))) + _a5_) + _a1_) * x);{'d0': {'_a0_': 0.311929706834715, '_a1_': -1.5355627479066214, '_a3_': 1.8375964966429639, '_a5_': 2.9821388362962713, '_a2_': 1.0, '_a4_': 1.0, '_a6_': 1.0, '_a7_': 1.0}};{'d0': 0.024905832919416854};-276.475521886821;35.87361367813918
31952;-102.364147265272;(((pow2(((x * _a3_) + (_a3_ * _a0_))) + _a5_) + _a1_) * x);{'d0': {'_a0_': 0.311929706834715, '_a1_': -1.5355627479066214, '_a3_': 1.8375964966429639, '_a5_': 2.9821388362962713, '_a2_': 1.0, '_a4_': 1.0, '_a6_': 1.0, '_a7_': 1.0}};{'d0': 0.024905832919416854};-276.475521886821;35.87361367813918
31953;-94.8107713370924;(((pow2((((_a3_ * x) + _a3_) + _a5_)) + -(_a0_)) + (_a5_ * _a3_)) * x);{'d0': {'_a0_': -3.7700249339104954, '_a3_': 1.837596495158025, '_a5_': -1.264395557405559, '_a1_': 1.0, '_a2_': 1.0, '_a4_': 1.0, '_a6_': 1.0, '_a7_': 1.0}};{'d0': 0.024905832919416605};-280.569866449044;45.47416188742921
31954;-94.8107713370924;(((pow2((((_a3_ * x) + _a3_) + _a5_)) + -(_a0_)) + (_a5_ * _a3_)) * x);{'d0': {'_a0_': -3.7700249339104954, '_a3_': 1.837596495158025, '_a5_': -1.264395557405559, '_a1_': 1.0, '_a2_': 1.0, '_a4_': 1.0, '_a6_': 1.0, '_a7_': 1.0}};{'d0': 0.024905832919416605};-280.569866449044;45.47416188742921
31955;-94.8107713370924;(((pow2((((_a3_ * x) + _a3_) + _a5_)) + -(_a0_)) + (_a5_ * _a3_)) * x);{'d0': {'_a0_': -3.7700249339104954, '_a3_': 1.837596495158025, '_a5_': -1.264395557405559, '_a1_': 1.0, '_a2_': 1.0, '_a4_': 1.0, '_a6_': 1.0, '_a7_': 1.0}};{'d0': 0.024905832919416605};-280.569866449044;45.47416188742921
31956;-94.8107713370924;(((pow2((((_a3_ * x) + _a3_) + _a5_)) + -(_a0_)) + (_a5_ * _a3_)) * x);{'d0': {'_a0_': -3.7700249339104954, '_a3_': 1.837596495158025, '_a5_': -1.264395557405559, '_a1_': 1.0, '_a2_': 1.0, '_a4_': 1.0, '_a6_': 1.0, '_a7_': 1.0}};{'d0': 0.024905832919416605};-280.569866449044;45.47416188742921
31957;-94.8107713370924;(((pow2((((_a3_ * x) + _a3_) + _a5_)) + -(_a0_)) + (_a5_ * _a3_)) * x);{'d0': {'_a0_': -3.7700249339104954, '_a3_': 1.837596495158025, '_a5_': -1.264395557405559, '_a1_': 1.0, '_a2_': 1.0, '_a4_': 1.0, '_a6_': 1.0, '_a7_': 1.0}};{'d0': 0.024905832919416605};-280.569866449044;45.47416188742921
31958;-94.8107713370924;(((pow2((((_a3_ * x) + _a3_) + _a5_)) + -(_a0_)) + (_a5_ * _a3_)) * x);{'d0': {'_a0_': -3.7700249339104954, '_a3_': 1.837596495158025, '_a5_': -1.264395557405559, '_a1_': 1.0, '_a2_': 1.0, '_a4_': 1.0, '_a6_': 1.0, '_a7_': 1.0}};{'d0': 0.024905832919416605};-280.569866449044;45.47416188742921
31959;-94.8107713370924;(((pow2((((_a3_ * x) + _a3_) + _a5_)) + -(_a0_)) + (_a5_ * _a3_)) * x);{'d0': {'_a0_': -3.7700249339104954, '_a3_': 1.837596495158025, '_a5_': -1.264395557405559, '_a1_': 1.0, '_a2_': 1.0, '_a4_': 1.0, '_a6_': 1.0, '_a7_': 1.0}};{'d0': 0.024905832919416605};-280.569866449044;45.47416188742921
31960;-94.8107713370924;(((pow2((((_a3_ * x) + _a3_) + _a5_)) + -(_a0_)) + (_a5_ * _a3_)) * x);{'d0': {'_a0_': -3.7700249339104954, '_a3_': 1.837596495158025, '_a5_': -1.264395557405559, '_a1_': 1.0, '_a2_': 1.0, '_a4_': 1.0, '_a6_': 1.0, '_a7_': 1.0}};{'d0': 0.024905832919416605};-280.569866449044;45.47416188742921
31961;-94.8107713370924;(((pow2((((_a3_ * x) + _a3_) + _a5_)) + -(_a0_)) + (_a5_ * _a3_)) * x);{'d0': {'_a0_': -3.7700249339104954, '_a3_': 1.837596495158025, '_a5_': -1.264395557405559, '_a1_': 1.0, '_a2_': 1.0, '_a4_': 1.0, '_a6_': 1.0, '_a7_': 1.0}};{'d0': 0.024905832919416605};-280.569866449044;45.47416188742921
31962;-94.8107713370924;(((pow2((((_a3_ * x) + _a3_) + _a5_)) + -(_a0_)) + (_a5_ * _a3_)) * x);{'d0': {'_a0_': -3.7700249339104954, '_a3_': 1.837596495158025, '_a5_': -1.264395557405559, '_a1_': 1.0, '_a2_': 1.0, '_a4_': 1.0, '_a6_': 1.0, '_a7_': 1.0}};{'d0': 0.024905832919416605};-280.569866449044;45.47416188742921
31963;-94.8107713370924;(((pow2((((_a3_ * x) + _a3_) + _a5_)) + -(_a0_)) + (_a5_ * _a3_)) * x);{'d0': {'_a0_': -3.7700249339104954, '_a3_': 1.837596495158025, '_a5_': -1.264395557405559, '_a1_': 1.0, '_a2_': 1.0, '_a4_': 1.0, '_a6_': 1.0, '_a7_': 1.0}};{'d0': 0.024905832919416605};-280.569866449044;45.47416188742921
31964;-94.8107713370924;(((pow2((((_a3_ * x) + _a3_) + _a5_)) + -(_a0_)) + (_a5_ * _a3_)) * x);{'d0': {'_a0_': -3.7700249339104954, '_a3_': 1.837596495158025, '_a5_': -1.264395557405559, '_a1_': 1.0, '_a2_': 1.0, '_a4_': 1.0, '_a6_': 1.0, '_a7_': 1.0}};{'d0': 0.024905832919416605};-280.569866449044;45.47416188742921
31965;-94.8107713370923;(((pow2((((_a3_ * x) + _a3_) + _a0_)) + -(_a0_)) + (_a5_ * _a3_)) * x);{'d0': {'_a0_': -1.2643955577866113, '_a3_': 1.8375964955535906, '_a5_': 0.0991406607231828, '_a1_': 1.0, '_a2_': 1.0, '_a4_': 1.0, '_a6_': 1.0, '_a7_': 1.0}};{'d0': 0.02490583291941665};-280.569866449044;45.47416188742921
31966;-94.8107713370924;(((pow2((((_a3_ * x) + _a3_) + _a0_)) + -(x)) + (_a5_ * _a3_)) * x);{'d0': {'_a0_': -0.9923010027637348, '_a3_': 1.837596495087261, '_a5_': 0.5771729199104975, '_a1_': 1.0, '_a2_': 1.0, '_a4_': 1.0, '_a6_': 1.0, '_a7_': 1.0}};{'d0': 0.024905832919416573};-280.569866449044;45.47416188742921
31967;-94.8107713370924;(((pow2((((_a3_ * x) + _a3_) + _a0_)) + -(x)) + (_a5_ * _a3_)) * x);{'d0': {'_a0_': -0.9923010027637348, '_a3_': 1.837596495087261, '_a5_': 0.5771729199104975, '_a1_': 1.0, '_a2_': 1.0, '_a4_': 1.0, '_a6_': 1.0, '_a7_': 1.0}};{'d0': 0.024905832919416573};-280.569866449044;45.47416188742921
31968;-94.8107713370923;(((pow2((((_a3_ * x) + _a3_) + _a0_)) + -(x)) + (_a1_ * _a3_)) * x);{'d0': {'_a0_': -0.9923010027191689, '_a1_': 0.5771729198888295, '_a3_': 1.8375964951083372, '_a2_': 1.0, '_a4_': 1.0, '_a5_': 1.0, '_a6_': 1.0, '_a7_': 1.0}};{'d0': 0.02490583291941666};-280.569866449044;45.47416188742921
31969;-94.8107713370923;(((pow2((((_a3_ * x) + _a3_) + _a0_)) + -(x)) + (_a1_ * _a3_)) * x);{'d0': {'_a0_': -0.9923010027191689, '_a1_': 0.5771729198888295, '_a3_': 1.8375964951083372, '_a2_': 1.0, '_a4_': 1.0, '_a5_': 1.0, '_a6_': 1.0, '_a7_': 1.0}};{'d0': 0.02490583291941666};-280.569866449044;45.47416188742921
31970;-94.8107713370923;(((pow2((((_a3_ * x) + _a3_) + _a0_)) + -(x)) + (_a1_ * _a3_)) * x);{'d0': {'_a0_': -0.9923010027191689, '_a1_': 0.5771729198888295, '_a3_': 1.8375964951083372, '_a2_': 1.0, '_a4_': 1.0, '_a5_': 1.0, '_a6_': 1.0, '_a7_': 1.0}};{'d0': 0.02490583291941666};-280.569866449044;45.47416188742921
31971;-94.8107713370923;(((pow2((((_a3_ * x) + _a3_) + _a0_)) + -(x)) + (_a1_ * _a3_)) * x);{'d0': {'_a0_': -0.9923010027191689, '_a1_': 0.5771729198888295, '_a3_': 1.8375964951083372, '_a2_': 1.0, '_a4_': 1.0, '_a5_': 1.0, '_a6_': 1.0, '_a7_': 1.0}};{'d0': 0.02490583291941666};-280.569866449044;45.47416188742921
31972;-94.8107713370923;(((pow2((((_a3_ * x) + _a3_) + _a0_)) + -(x)) + (_a1_ * _a3_)) * x);{'d0': {'_a0_': -0.9923010027191689, '_a1_': 0.5771729198888295, '_a3_': 1.8375964951083372, '_a2_': 1.0, '_a4_': 1.0, '_a5_': 1.0, '_a6_': 1.0, '_a7_': 1.0}};{'d0': 0.02490583291941666};-280.569866449044;45.47416188742921
31973;-94.8107713370923;(((pow2((((_a3_ * x) + _a3_) + _a0_)) + -(x)) + (_a1_ * _a3_)) * x);{'d0': {'_a0_': -0.9923010027191689, '_a1_': 0.5771729198888295, '_a3_': 1.8375964951083372, '_a2_': 1.0, '_a4_': 1.0, '_a5_': 1.0, '_a6_': 1.0, '_a7_': 1.0}};{'d0': 0.02490583291941666};-280.569866449044;45.47416188742921
31974;-94.8107713370923;(((pow2((((_a3_ * x) + _a3_) + _a0_)) + -(x)) + (_a1_ * _a3_)) * x);{'d0': {'_a0_': -0.9923010027191689, '_a1_': 0.5771729198888295, '_a3_': 1.8375964951083372, '_a2_': 1.0, '_a4_': 1.0, '_a5_': 1.0, '_a6_': 1.0, '_a7_': 1.0}};{'d0': 0.02490583291941666};-280.569866449044;45.47416188742921
31975;-94.8107713370923;(((pow2((((_a3_ * x) + _a3_) + _a0_)) + -(x)) + (_a1_ * _a3_)) * x);{'d0': {'_a0_': -0.9923010027191689, '_a1_': 0.5771729198888295, '_a3_': 1.8375964951083372, '_a2_': 1.0, '_a4_': 1.0, '_a5_': 1.0, '_a6_': 1.0, '_a7_': 1.0}};{'d0': 0.02490583291941666};-280.569866449044;45.47416188742921
31976;-94.8107713370923;(((pow2((((_a3_ * x) + _a3_) + _a0_)) + -(x)) + (_a1_ * _a3_)) * x);{'d0': {'_a0_': -0.9923010027191689, '_a1_': 0.5771729198888295, '_a3_': 1.8375964951083372, '_a2_': 1.0, '_a4_': 1.0, '_a5_': 1.0, '_a6_': 1.0, '_a7_': 1.0}};{'d0': 0.02490583291941666};-280.569866449044;45.47416188742921
31977;-94.8107713370923;(((pow2((((_a3_ * x) + _a3_) + _a0_)) + -(x)) + (_a1_ * _a3_)) * x);{'d0': {'_a0_': -0.9923010027191689, '_a1_': 0.5771729198888295, '_a3_': 1.8375964951083372, '_a2_': 1.0, '_a4_': 1.0, '_a5_': 1.0, '_a6_': 1.0, '_a7_': 1.0}};{'d0': 0.02490583291941666};-280.569866449044;45.47416188742921
31978;-94.8107713370923;(((pow2((((_a3_ * x) + _a3_) + _a0_)) + -(x)) + (_a1_ * _a3_)) * x);{'d0': {'_a0_': -0.9923010027191689, '_a1_': 0.5771729198888295, '_a3_': 1.8375964951083372, '_a2_': 1.0, '_a4_': 1.0, '_a5_': 1.0, '_a6_': 1.0, '_a7_': 1.0}};{'d0': 0.02490583291941666};-280.569866449044;45.47416188742921
31979;-94.8107713370923;(((pow2((((_a3_ * x) + _a3_) + _a0_)) + -(x)) + (_a1_ * _a3_)) * x);{'d0': {'_a0_': -0.9923010027191689, '_a1_': 0.5771729198888295, '_a3_': 1.8375964951083372, '_a2_': 1.0, '_a4_': 1.0, '_a5_': 1.0, '_a6_': 1.0, '_a7_': 1.0}};{'d0': 0.02490583291941666};-280.569866449044;45.47416188742921
31980;-94.8107713370923;(((pow2((((_a3_ * x) + _a3_) + _a0_)) + -(x)) + (_a1_ * _a3_)) * x);{'d0': {'_a0_': -0.9923010027191689, '_a1_': 0.5771729198888295, '_a3_': 1.8375964951083372, '_a2_': 1.0, '_a4_': 1.0, '_a5_': 1.0, '_a6_': 1.0, '_a7_': 1.0}};{'d0': 0.02490583291941666};-280.569866449044;45.47416188742921
31981;-94.8107713370923;(((pow2((((_a3_ * x) + _a3_) + _a0_)) + -(x)) + (_a1_ * _a3_)) * x);{'d0': {'_a0_': -0.9923010027191689, '_a1_': 0.5771729198888295, '_a3_': 1.8375964951083372, '_a2_': 1.0, '_a4_': 1.0, '_a5_': 1.0, '_a6_': 1.0, '_a7_': 1.0}};{'d0': 0.02490583291941666};-280.569866449044;45.47416188742921
31982;-94.8107713370923;(((pow2((((_a3_ * x) + _a3_) + _a0_)) + -(x)) + (_a1_ * _a3_)) * x);{'d0': {'_a0_': -0.9923010027191689, '_a1_': 0.5771729198888295, '_a3_': 1.8375964951083372, '_a2_': 1.0, '_a4_': 1.0, '_a5_': 1.0, '_a6_': 1.0, '_a7_': 1.0}};{'d0': 0.02490583291941666};-280.569866449044;45.47416188742921
31983;-94.8107713370923;(((pow2((((_a3_ * x) + _a3_) + _a0_)) + -(x)) + (_a1_ * _a3_)) * x);{'d0': {'_a0_': -0.9923010027191689, '_a1_': 0.5771729198888295, '_a3_': 1.8375964951083372, '_a2_': 1.0, '_a4_': 1.0, '_a5_': 1.0, '_a6_': 1.0, '_a7_': 1.0}};{'d0': 0.02490583291941666};-280.569866449044;45.47416188742921
31984;-94.8107713370923;(((pow2((((_a3_ * x) + _a3_) + _a0_)) + -(x)) + (_a1_ * _a3_)) * x);{'d0': {'_a0_': -0.9923010027191689, '_a1_': 0.5771729198888295, '_a3_': 1.8375964951083372, '_a2_': 1.0, '_a4_': 1.0, '_a5_': 1.0, '_a6_': 1.0, '_a7_': 1.0}};{'d0': 0.02490583291941666};-280.569866449044;45.47416188742921
31985;-94.8107713370923;(((pow2((((_a3_ * x) + _a3_) + _a0_)) + -(x)) + (_a1_ * _a3_)) * x);{'d0': {'_a0_': -0.9923010027191689, '_a1_': 0.5771729198888295, '_a3_': 1.8375964951083372, '_a2_': 1.0, '_a4_': 1.0, '_a5_': 1.0, '_a6_': 1.0, '_a7_': 1.0}};{'d0': 0.02490583291941666};-280.569866449044;45.47416188742921
31986;-94.8107713370923;(((pow2((((_a3_ * x) + _a3_) + _a0_)) + -(x)) + (_a1_ * _a3_)) * x);{'d0': {'_a0_': -0.9923010027191689, '_a1_': 0.5771729198888295, '_a3_': 1.8375964951083372, '_a2_': 1.0, '_a4_': 1.0, '_a5_': 1.0, '_a6_': 1.0, '_a7_': 1.0}};{'d0': 0.02490583291941666};-280.569866449044;45.47416188742921
31987;-94.8107713370923;(((pow2((((_a3_ * x) + _a3_) + _a0_)) + -(x)) + (_a1_ * _a3_)) * x);{'d0': {'_a0_': -0.9923010027191689, '_a1_': 0.5771729198888295, '_a3_': 1.8375964951083372, '_a2_': 1.0, '_a4_': 1.0, '_a5_': 1.0, '_a6_': 1.0, '_a7_': 1.0}};{'d0': 0.02490583291941666};-280.569866449044;45.47416188742921
31988;-94.8107713370923;(((pow2((((_a3_ * x) + _a3_) + _a0_)) + -(x)) + (_a1_ * _a3_)) * x);{'d0': {'_a0_': -0.9923010027191689, '_a1_': 0.5771729198888295, '_a3_': 1.8375964951083372, '_a2_': 1.0, '_a4_': 1.0, '_a5_': 1.0, '_a6_': 1.0, '_a7_': 1.0}};{'d0': 0.02490583291941666};-280.569866449044;45.47416188742921
31989;-86.8429979569286;(((pow2((((_a3_ * x) + _a3_) + _a0_)) + -((_a3_ + _a5_))) + (_a1_ * _a3_)) * x);{'d0': {'_a0_': -1.2643955564708937, '_a1_': 754.0994673071141, '_a3_': 1.8375964944625496, '_a5_': 1382.4463633716616, '_a2_': 1.0, '_a4_': 1.0, '_a6_': 1.0, '_a7_': 1.0}};{'d0': 0.024905832960945208};-276.475521786776;51.39476293645921
31990;-86.8429980049777;(((pow2((((_a3_ * x) + _a3_) + _a0_)) + -((_a3_ + _a5_))) + (_a6_ * _a3_)) * x);{'d0': {'_a0_': -1.264395557247137, '_a3_': 1.837596497263335, '_a5_': -254.5722995536301, '_a6_': -136.74826166416534, '_a1_': 1.0, '_a2_': 1.0, '_a4_': 1.0, '_a7_': 1.0}};{'d0': 0.024905832921055106};-276.475521882874;51.39476293645921
31991;-86.8429980049777;(((pow2((((_a3_ * x) + _a3_) + _a0_)) + -((_a3_ + _a5_))) + (_a6_ * _a3_)) * x);{'d0': {'_a0_': -1.264395557247137, '_a3_': 1.837596497263335, '_a5_': -254.5722995536301, '_a6_': -136.74826166416534, '_a1_': 1.0, '_a2_': 1.0, '_a4_': 1.0, '_a7_': 1.0}};{'d0': 0.024905832921055106};-276.475521882874;51.39476293645921
31992;-82.8107604954923;(((pow2((((_a3_ * x) + _a3_) + _a0_)) + -((_a3_ + cos(_a3_)))) + (_a6_ * _a3_)) * x);{'d0': {'_a0_': -1.2643955572772623, '_a3_': 1.8375964949811712, '_a6_': 1.6437375783473345, '_a1_': 1.0, '_a2_': 1.0, '_a4_': 1.0, '_a5_': 1.0, '_a7_': 1.0}};{'d0': 0.02490583291941664};-280.569866449044;57.474172729029206
31993;-82.8107604954923;(((pow2((((_a3_ * x) + _a3_) + _a0_)) + -((_a3_ + cos(_a3_)))) + (_a6_ * _a3_)) * x);{'d0': {'_a0_': -1.2643955572772623, '_a3_': 1.8375964949811712, '_a6_': 1.6437375783473345, '_a1_': 1.0, '_a2_': 1.0, '_a4_': 1.0, '_a5_': 1.0, '_a7_': 1.0}};{'d0': 0.02490583291941664};-280.569866449044;57.474172729029206
31994;-82.8107604954923;(((pow2((((_a3_ * x) + _a3_) + _a0_)) + -((_a3_ + cos(_a3_)))) + (_a6_ * _a3_)) * x);{'d0': {'_a0_': -1.2643955572772623, '_a3_': 1.8375964949811712, '_a6_': 1.6437375783473345, '_a1_': 1.0, '_a2_': 1.0, '_a4_': 1.0, '_a5_': 1.0, '_a7_': 1.0}};{'d0': 0.02490583291941664};-280.569866449044;57.474172729029206
31995;-82.8107604954923;(((pow2((((_a3_ * x) + _a3_) + _a0_)) + -((_a3_ + cos(_a3_)))) + (_a6_ * _a3_)) * x);{'d0': {'_a0_': -1.2643955572772623, '_a3_': 1.8375964949811712, '_a6_': 1.6437375783473345, '_a1_': 1.0, '_a2_': 1.0, '_a4_': 1.0, '_a5_': 1.0, '_a7_': 1.0}};{'d0': 0.02490583291941664};-280.569866449044;57.474172729029206
31996;-82.8107604954923;(((pow2((((_a3_ * x) + _a3_) + _a0_)) + -((_a3_ + cos(_a3_)))) + (_a6_ * _a3_)) * x);{'d0': {'_a0_': -1.2643955572772623, '_a3_': 1.8375964949811712, '_a6_': 1.6437375783473345, '_a1_': 1.0, '_a2_': 1.0, '_a4_': 1.0, '_a5_': 1.0, '_a7_': 1.0}};{'d0': 0.02490583291941664};-280.569866449044;57.474172729029206
31997;-79.1303082572312;(((pow2((((_a3_ * x) + _a3_) + _a0_)) + -((_a3_ + cos(_a3_)))) + (-(_a5_) * _a3_)) * x);{'d0': {'_a0_': -1.2643955573914794, '_a3_': 1.8375964953209107, '_a5_': -1.6437375779244172, '_a1_': 1.0, '_a2_': 1.0, '_a4_': 1.0, '_a6_': 1.0, '_a7_': 1.0}};{'d0': 0.02490583291941662};-280.569866449044;61.154624967290374
31998;-79.1303082572312;(((pow2((((_a3_ * x) + _a3_) + _a0_)) + -((_a3_ + cos(_a3_)))) + (-(_a5_) * _a3_)) * x);{'d0': {'_a0_': -1.2643955573914794, '_a3_': 1.8375964953209107, '_a5_': -1.6437375779244172, '_a1_': 1.0, '_a2_': 1.0, '_a4_': 1.0, '_a6_': 1.0, '_a7_': 1.0}};{'d0': 0.02490583291941662};-280.569866449044;61.154624967290374
31999;-103.329201675575;(x * (_a6_ + pow2(((cos(_a4_) + (_a5_ * x)) / _a6_))));{'d0': {'_a4_': -0.5931593928725045, '_a5_': 2.6582231535016234, '_a6_': 1.4465760905318983, '_a0_': 1.0, '_a1_': 1.0, '_a2_': 1.0, '_a3_': 1.0, '_a7_': 1.0}};{'d0': 0.02490583291941662};-280.569866449044;36.95573154894634
32000;-103.329201675575;(x * (_a6_ + pow2(((cos(_a4_) + (_a5_ * x)) / _a6_))));{'d0': {'_a4_': -0.5931593928725045, '_a5_': 2.6582231535016234, '_a6_': 1.4465760905318983, '_a0_': 1.0, '_a1_': 1.0, '_a2_': 1.0, '_a3_': 1.0, '_a7_': 1.0}};{'d0': 0.02490583291941662};-280.569866449044;36.95573154894634
32001;-103.329201675575;(x * (_a6_ + pow2(((cos(_a4_) + (_a5_ * x)) / _a6_))));{'d0': {'_a4_': -0.5931593928725045, '_a5_': 2.6582231535016234, '_a6_': 1.4465760905318983, '_a0_': 1.0, '_a1_': 1.0, '_a2_': 1.0, '_a3_': 1.0, '_a7_': 1.0}};{'d0': 0.02490583291941662};-280.569866449044;36.95573154894634
32002;-103.329201675575;(x * (_a6_ + pow2(((cos(_a4_) + (_a5_ * x)) / _a6_))));{'d0': {'_a4_': -0.5931593928725045, '_a5_': 2.6582231535016234, '_a6_': 1.4465760905318983, '_a0_': 1.0, '_a1_': 1.0, '_a2_': 1.0, '_a3_': 1.0, '_a7_': 1.0}};{'d0': 0.02490583291941662};-280.569866449044;36.95573154894634
32003;-79.1303082572312;(((pow2((((_a3_ * x) + _a3_) + _a0_)) + -((_a3_ + cos(_a3_)))) + (-(_a5_) * _a3_)) * x);{'d0': {'_a0_': -1.2643955573914794, '_a3_': 1.8375964953209107, '_a5_': -1.6437375779244172, '_a1_': 1.0, '_a2_': 1.0, '_a4_': 1.0, '_a6_': 1.0, '_a7_': 1.0}};{'d0': 0.02490583291941662};-280.569866449044;61.154624967290374
32004;-79.1303082572312;(((pow2((((_a3_ * x) + _a3_) + _a0_)) + -((_a3_ + cos(_a3_)))) + (-(_a5_) * _a3_)) * x);{'d0': {'_a0_': -1.2643955573914794, '_a3_': 1.8375964953209107, '_a5_': -1.6437375779244172, '_a1_': 1.0, '_a2_': 1.0, '_a4_': 1.0, '_a6_': 1.0, '_a7_': 1.0}};{'d0': 0.02490583291941662};-280.569866449044;61.154624967290374
32005;-85.2097180498012;(((pow2((((_a3_ * x) + _a3_) + _a0_)) + -((_a3_ + x))) + (-(_a5_) * _a3_)) * x);{'d0': {'_a0_': -0.992301002828913, '_a3_': 1.8375964952545771, '_a5_': -1.5771729195842459, '_a1_': 1.0, '_a2_': 1.0, '_a4_': 1.0, '_a6_': 1.0, '_a7_': 1.0}};{'d0': 0.024905832919416643};-280.569866449044;55.07521517472038
32006;-85.2097180498012;(((pow2((((_a3_ * x) + _a3_) + _a0_)) + -((_a3_ + x))) + (-(_a5_) * _a3_)) * x);{'d0': {'_a0_': -0.992301002828913, '_a3_': 1.8375964952545771, '_a5_': -1.5771729195842459, '_a1_': 1.0, '_a2_': 1.0, '_a4_': 1.0, '_a6_': 1.0, '_a7_': 1.0}};{'d0': 0.024905832919416643};-280.569866449044;55.07521517472038
32007;-85.2097180498012;(((pow2((((_a3_ * x) + _a3_) + _a0_)) + -((_a3_ + x))) + (-(_a5_) * _a3_)) * x);{'d0': {'_a0_': -0.992301002828913, '_a3_': 1.8375964952545771, '_a5_': -1.5771729195842459, '_a1_': 1.0, '_a2_': 1.0, '_a4_': 1.0, '_a6_': 1.0, '_a7_': 1.0}};{'d0': 0.024905832919416643};-280.569866449044;55.07521517472038
32008;-76.2990760032818;(sin(_a0_) * (-(x) * ((x * ((_a5_ + _a7_) + (_a1_ / (_a3_ / (_a0_ * x))))) + _a0_)));{'d0': {'_a0_': 502.65131334758377, '_a1_': 2.449418265481287e+24, '_a3_': 1.2675004644163953e+24, '_a5_': 103031202960.11794, '_a7_': -103031202356.78577, '_a2_': 1.0, '_a4_': 1.0, '_a6_': 1.0}};{'d0': 0.025606155799984192};-270.717332103383;59.05959004840955
32009;-76.2990760032818;(sin(_a0_) * (-(x) * ((x * ((_a5_ + _a7_) + (_a1_ / (_a3_ / (_a0_ * x))))) + _a0_)));{'d0': {'_a0_': 502.65131334758377, '_a1_': 2.449418265481287e+24, '_a3_': 1.2675004644163953e+24, '_a5_': 103031202960.11794, '_a7_': -103031202356.78577, '_a2_': 1.0, '_a4_': 1.0, '_a6_': 1.0}};{'d0': 0.025606155799984192};-270.717332103383;59.05959004840955
32010;-76.2990760032818;(sin(_a0_) * (-(x) * ((x * ((_a5_ + _a7_) + (_a1_ / (_a3_ / (_a0_ * x))))) + _a0_)));{'d0': {'_a0_': 502.65131334758377, '_a1_': 2.449418265481287e+24, '_a3_': 1.2675004644163953e+24, '_a5_': 103031202960.11794, '_a7_': -103031202356.78577, '_a2_': 1.0, '_a4_': 1.0, '_a6_': 1.0}};{'d0': 0.025606155799984192};-270.717332103383;59.05959004840955
32011;-76.2990760032818;(sin(_a0_) * (-(x) * ((x * ((_a5_ + _a7_) + (_a1_ / (_a3_ / (_a0_ * x))))) + _a0_)));{'d0': {'_a0_': 502.65131334758377, '_a1_': 2.449418265481287e+24, '_a3_': 1.2675004644163953e+24, '_a5_': 103031202960.11794, '_a7_': -103031202356.78577, '_a2_': 1.0, '_a4_': 1.0, '_a6_': 1.0}};{'d0': 0.025606155799984192};-270.717332103383;59.05959004840955
32012;-76.2990760032818;(sin(_a0_) * (-(x) * ((x * ((_a5_ + _a7_) + (_a1_ / (_a3_ / (_a0_ * x))))) + _a0_)));{'d0': {'_a0_': 502.65131334758377, '_a1_': 2.449418265481287e+24, '_a3_': 1.2675004644163953e+24, '_a5_': 103031202960.11794, '_a7_': -103031202356.78577, '_a2_': 1.0, '_a4_': 1.0, '_a6_': 1.0}};{'d0': 0.025606155799984192};-270.717332103383;59.05959004840955
32013;-76.2990760032818;(sin(_a0_) * (-(x) * ((x * ((_a5_ + _a7_) + (_a1_ / (_a3_ / (_a0_ * x))))) + _a0_)));{'d0': {'_a0_': 502.65131334758377, '_a1_': 2.449418265481287e+24, '_a3_': 1.2675004644163953e+24, '_a5_': 103031202960.11794, '_a7_': -103031202356.78577, '_a2_': 1.0, '_a4_': 1.0, '_a6_': 1.0}};{'d0': 0.025606155799984192};-270.717332103383;59.05959004840955
32014;-76.2990760032818;(sin(_a0_) * (-(x) * ((x * ((_a5_ + _a7_) + (_a1_ / (_a3_ / (_a0_ * x))))) + _a0_)));{'d0': {'_a0_': 502.65131334758377, '_a1_': 2.449418265481287e+24, '_a3_': 1.2675004644163953e+24, '_a5_': 103031202960.11794, '_a7_': -103031202356.78577, '_a2_': 1.0, '_a4_': 1.0, '_a6_': 1.0}};{'d0': 0.025606155799984192};-270.717332103383;59.05959004840955
32015;-76.3706960621123;((_a6_ * _a0_) * (-(x) * ((x * ((_a5_ + _a7_) + (_a1_ / (_a3_ / (_a0_ * x))))) + _a0_)));{'d0': {'_a0_': 501.24640991216637, '_a1_': 2.42314926984818e+24, '_a3_': 1.276765905966383e+24, '_a5_': 115619105570.26553, '_a6_': -7.069383683226858e-06, '_a7_': -115619104975.26907, '_a2_': 1.0, '_a4_': 1.0}};{'d0': 0.025163304715828172};-267.669748279375;57.46417807757503
32016;-76.3706960621123;((_a6_ * _a0_) * (-(x) * ((x * ((_a5_ + _a7_) + (_a1_ / (_a3_ / (_a0_ * x))))) + _a0_)));{'d0': {'_a0_': 501.24640991216637, '_a1_': 2.42314926984818e+24, '_a3_': 1.276765905966383e+24, '_a5_': 115619105570.26553, '_a6_': -7.069383683226858e-06, '_a7_': -115619104975.26907, '_a2_': 1.0, '_a4_': 1.0}};{'d0': 0.025163304715828172};-267.669748279375;57.46417807757503
32017;-76.3706960621123;((_a6_ * _a0_) * (-(x) * ((x * ((_a5_ + _a7_) + (_a1_ / (_a3_ / (_a0_ * x))))) + _a0_)));{'d0': {'_a0_': 501.24640991216637, '_a1_': 2.42314926984818e+24, '_a3_': 1.276765905966383e+24, '_a5_': 115619105570.26553, '_a6_': -7.069383683226858e-06, '_a7_': -115619104975.26907, '_a2_': 1.0, '_a4_': 1.0}};{'d0': 0.025163304715828172};-267.669748279375;57.46417807757503
32018;-76.3706960621123;((_a6_ * _a0_) * (-(x) * ((x * ((_a5_ + _a7_) + (_a1_ / (_a3_ / (_a0_ * x))))) + _a0_)));{'d0': {'_a0_': 501.24640991216637, '_a1_': 2.42314926984818e+24, '_a3_': 1.276765905966383e+24, '_a5_': 115619105570.26553, '_a6_': -7.069383683226858e-06, '_a7_': -115619104975.26907, '_a2_': 1.0, '_a4_': 1.0}};{'d0': 0.025163304715828172};-267.669748279375;57.46417807757503
32019;-76.3706960621123;((_a6_ * _a0_) * (-(x) * ((x * ((_a5_ + _a7_) + (_a1_ / (_a3_ / (_a0_ * x))))) + _a0_)));{'d0': {'_a0_': 501.24640991216637, '_a1_': 2.42314926984818e+24, '_a3_': 1.276765905966383e+24, '_a5_': 115619105570.26553, '_a6_': -7.069383683226858e-06, '_a7_': -115619104975.26907, '_a2_': 1.0, '_a4_': 1.0}};{'d0': 0.025163304715828172};-267.669748279375;57.46417807757503
32020;-76.3706960621123;((_a6_ * _a0_) * (-(x) * ((x * ((_a5_ + _a7_) + (_a1_ / (_a3_ / (_a0_ * x))))) + _a0_)));{'d0': {'_a0_': 501.24640991216637, '_a1_': 2.42314926984818e+24, '_a3_': 1.276765905966383e+24, '_a5_': 115619105570.26553, '_a6_': -7.069383683226858e-06, '_a7_': -115619104975.26907, '_a2_': 1.0, '_a4_': 1.0}};{'d0': 0.025163304715828172};-267.669748279375;57.46417807757503
32021;-76.3706960621123;((_a6_ * _a0_) * (-(x) * ((x * ((_a5_ + _a7_) + (_a1_ / (_a3_ / (_a0_ * x))))) + _a0_)));{'d0': {'_a0_': 501.24640991216637, '_a1_': 2.42314926984818e+24, '_a3_': 1.276765905966383e+24, '_a5_': 115619105570.26553, '_a6_': -7.069383683226858e-06, '_a7_': -115619104975.26907, '_a2_': 1.0, '_a4_': 1.0}};{'d0': 0.025163304715828172};-267.669748279375;57.46417807757503
32022;-76.3706960621123;((_a6_ * _a0_) * (-(x) * ((x * ((_a5_ + _a7_) + (_a1_ / (_a3_ / (_a0_ * x))))) + _a0_)));{'d0': {'_a0_': 501.24640991216637, '_a1_': 2.42314926984818e+24, '_a3_': 1.276765905966383e+24, '_a5_': 115619105570.26553, '_a6_': -7.069383683226858e-06, '_a7_': -115619104975.26907, '_a2_': 1.0, '_a4_': 1.0}};{'d0': 0.025163304715828172};-267.669748279375;57.46417807757503
32023;-76.3706960621123;((_a6_ * _a0_) * (-(x) * ((x * ((_a5_ + _a7_) + (_a1_ / (_a3_ / (_a0_ * x))))) + _a0_)));{'d0': {'_a0_': 501.24640991216637, '_a1_': 2.42314926984818e+24, '_a3_': 1.276765905966383e+24, '_a5_': 115619105570.26553, '_a6_': -7.069383683226858e-06, '_a7_': -115619104975.26907, '_a2_': 1.0, '_a4_': 1.0}};{'d0': 0.025163304715828172};-267.669748279375;57.46417807757503
32024;-76.3706960621123;((_a6_ * _a0_) * (-(x) * ((x * ((_a5_ + _a7_) + (_a1_ / (_a3_ / (_a0_ * x))))) + _a0_)));{'d0': {'_a0_': 501.24640991216637, '_a1_': 2.42314926984818e+24, '_a3_': 1.276765905966383e+24, '_a5_': 115619105570.26553, '_a6_': -7.069383683226858e-06, '_a7_': -115619104975.26907, '_a2_': 1.0, '_a4_': 1.0}};{'d0': 0.025163304715828172};-267.669748279375;57.46417807757503
32025;-76.3706960621123;((_a6_ * _a0_) * (-(x) * ((x * ((_a5_ + _a7_) + (_a1_ / (_a3_ / (_a0_ * x))))) + _a0_)));{'d0': {'_a0_': 501.24640991216637, '_a1_': 2.42314926984818e+24, '_a3_': 1.276765905966383e+24, '_a5_': 115619105570.26553, '_a6_': -7.069383683226858e-06, '_a7_': -115619104975.26907, '_a2_': 1.0, '_a4_': 1.0}};{'d0': 0.025163304715828172};-267.669748279375;57.46417807757503
32026;-76.3706960621123;((_a6_ * _a0_) * (-(x) * ((x * ((_a5_ + _a7_) + (_a1_ / (_a3_ / (_a0_ * x))))) + _a0_)));{'d0': {'_a0_': 501.24640991216637, '_a1_': 2.42314926984818e+24, '_a3_': 1.276765905966383e+24, '_a5_': 115619105570.26553, '_a6_': -7.069383683226858e-06, '_a7_': -115619104975.26907, '_a2_': 1.0, '_a4_': 1.0}};{'d0': 0.025163304715828172};-267.669748279375;57.46417807757503
32027;-76.3706960621123;((_a6_ * _a0_) * (-(x) * ((x * ((_a5_ + _a7_) + (_a1_ / (_a3_ / (_a0_ * x))))) + _a0_)));{'d0': {'_a0_': 501.24640991216637, '_a1_': 2.42314926984818e+24, '_a3_': 1.276765905966383e+24, '_a5_': 115619105570.26553, '_a6_': -7.069383683226858e-06, '_a7_': -115619104975.26907, '_a2_': 1.0, '_a4_': 1.0}};{'d0': 0.025163304715828172};-267.669748279375;57.46417807757503
32028;-105.382580669956;(((pow2(((x * _a5_) + (_a5_ * _a7_))) * _a7_) + _a1_) * x);{'d0': {'_a1_': 1.4465760895313076, '_a5_': -3.290196110032756, '_a7_': 0.31192970783877505, '_a0_': 1.0, '_a2_': 1.0, '_a3_': 1.0, '_a4_': 1.0, '_a6_': 1.0}};{'d0': 0.024905832919416577};-280.569866449044;34.90235255456617
32029;-105.382580669956;(((pow2(((x * _a5_) + (_a5_ * _a7_))) * _a7_) + _a1_) * x);{'d0': {'_a1_': 1.4465760895313076, '_a5_': -3.290196110032756, '_a7_': 0.31192970783877505, '_a0_': 1.0, '_a2_': 1.0, '_a3_': 1.0, '_a4_': 1.0, '_a6_': 1.0}};{'d0': 0.024905832919416577};-280.569866449044;34.90235255456617
32030;-105.382580669956;(((pow2(((x * _a5_) + (_a5_ * _a7_))) * _a7_) + _a1_) * x);{'d0': {'_a1_': 1.4465760895313076, '_a5_': -3.290196110032756, '_a7_': 0.31192970783877505, '_a0_': 1.0, '_a2_': 1.0, '_a3_': 1.0, '_a4_': 1.0, '_a6_': 1.0}};{'d0': 0.024905832919416577};-280.569866449044;34.90235255456617
32031;-97.4148073398150;(((pow2(((x * _a5_) + (_a5_ * _a7_))) * _a7_) + (_a4_ + _a6_)) * x);{'d0': {'_a4_': -190.29551938780907, '_a5_': -3.290196113754743, '_a6_': 191.7420954736412, '_a7_': 0.3119297079282992, '_a0_': 1.0, '_a1_': 1.0, '_a2_': 1.0, '_a3_': 1.0}};{'d0': 0.02490583291941672};-276.475521886821;40.82295360359617
32032;-93.7348601786621;(((pow2(((x * _a5_) + (_a5_ * _a7_))) * -(_a4_)) + (_a4_ + _a6_)) * x);{'d0': {'_a4_': -24.232336180671663, '_a5_': -0.3732952513315716, '_a6_': 25.678912270035294, '_a7_': 0.311929708110452, '_a0_': 1.0, '_a1_': 1.0, '_a2_': 1.0, '_a3_': 1.0}};{'d0': 0.024905832920157654};-276.475521885036;44.50290076385656
32033;-94.6337640142200;(((pow2(((x * _a5_) + (_a5_ * _a7_))) * -(_a4_)) + (_a4_ * _a6_)) * x);{'d0': {'_a4_': -0.10848828265095274, '_a5_': 5.579030150291932, '_a6_': -13.333936178662064, '_a7_': 0.3119297077909332, '_a0_': 1.0, '_a1_': 1.0, '_a2_': 1.0, '_a3_': 1.0}};{'d0': 0.02490583292156322};-276.475521881650;43.60399692660556
32034;-94.6337640142200;(((pow2(((x * _a5_) + (_a5_ * _a7_))) * -(_a4_)) + (_a4_ * _a6_)) * x);{'d0': {'_a4_': -0.10848828265095274, '_a5_': 5.579030150291932, '_a6_': -13.333936178662064, '_a7_': 0.3119297077909332, '_a0_': 1.0, '_a1_': 1.0, '_a2_': 1.0, '_a3_': 1.0}};{'d0': 0.02490583292156322};-276.475521881650;43.60399692660556
32035;-94.6337640142200;(((pow2(((x * _a5_) + (_a5_ * _a7_))) * -(_a4_)) + (_a4_ * _a6_)) * x);{'d0': {'_a4_': -0.10848828265095274, '_a5_': 5.579030150291932, '_a6_': -13.333936178662064, '_a7_': 0.3119297077909332, '_a0_': 1.0, '_a1_': 1.0, '_a2_': 1.0, '_a3_': 1.0}};{'d0': 0.02490583292156322};-276.475521881650;43.60399692660556
32036;-94.6337640142200;(((pow2(((x * _a5_) + (_a5_ * _a7_))) * -(_a4_)) + (_a4_ * _a6_)) * x);{'d0': {'_a4_': -0.10848828265095274, '_a5_': 5.579030150291932, '_a6_': -13.333936178662064, '_a7_': 0.3119297077909332, '_a0_': 1.0, '_a1_': 1.0, '_a2_': 1.0, '_a3_': 1.0}};{'d0': 0.02490583292156322};-276.475521881650;43.60399692660556
32037;-94.6337640142200;(((pow2(((x * _a5_) + (_a5_ * _a7_))) * -(_a4_)) + (_a4_ * _a6_)) * x);{'d0': {'_a4_': -0.10848828265095274, '_a5_': 5.579030150291932, '_a6_': -13.333936178662064, '_a7_': 0.3119297077909332, '_a0_': 1.0, '_a1_': 1.0, '_a2_': 1.0, '_a3_': 1.0}};{'d0': 0.02490583292156322};-276.475521881650;43.60399692660556
32038;-94.6337640142200;(((pow2(((x * _a5_) + (_a5_ * _a7_))) * -(_a4_)) + (_a4_ * _a6_)) * x);{'d0': {'_a4_': -0.10848828265095274, '_a5_': 5.579030150291932, '_a6_': -13.333936178662064, '_a7_': 0.3119297077909332, '_a0_': 1.0, '_a1_': 1.0, '_a2_': 1.0, '_a3_': 1.0}};{'d0': 0.02490583292156322};-276.475521881650;43.60399692660556
32039;-94.6337640142200;(((pow2(((x * _a5_) + (_a5_ * _a7_))) * -(_a4_)) + (_a4_ * _a6_)) * x);{'d0': {'_a4_': -0.10848828265095274, '_a5_': 5.579030150291932, '_a6_': -13.333936178662064, '_a7_': 0.3119297077909332, '_a0_': 1.0, '_a1_': 1.0, '_a2_': 1.0, '_a3_': 1.0}};{'d0': 0.02490583292156322};-276.475521881650;43.60399692660556
32040;-94.6337640142200;(((pow2(((x * _a5_) + (_a5_ * _a7_))) * -(_a4_)) + (_a4_ * _a6_)) * x);{'d0': {'_a4_': -0.10848828265095274, '_a5_': 5.579030150291932, '_a6_': -13.333936178662064, '_a7_': 0.3119297077909332, '_a0_': 1.0, '_a1_': 1.0, '_a2_': 1.0, '_a3_': 1.0}};{'d0': 0.02490583292156322};-276.475521881650;43.60399692660556
32041;-94.6337640142200;(((pow2(((x * _a5_) + (_a5_ * _a7_))) * -(_a4_)) + (_a4_ * _a6_)) * x);{'d0': {'_a4_': -0.10848828265095274, '_a5_': 5.579030150291932, '_a6_': -13.333936178662064, '_a7_': 0.3119297077909332, '_a0_': 1.0, '_a1_': 1.0, '_a2_': 1.0, '_a3_': 1.0}};{'d0': 0.02490583292156322};-276.475521881650;43.60399692660556
32042;-94.6337640142200;(((pow2(((x * _a5_) + (_a5_ * _a7_))) * -(_a4_)) + (_a4_ * _a6_)) * x);{'d0': {'_a4_': -0.10848828265095274, '_a5_': 5.579030150291932, '_a6_': -13.333936178662064, '_a7_': 0.3119297077909332, '_a0_': 1.0, '_a1_': 1.0, '_a2_': 1.0, '_a3_': 1.0}};{'d0': 0.02490583292156322};-276.475521881650;43.60399692660556
32043;-94.6337640142200;(((pow2(((x * _a5_) + (_a5_ * _a7_))) * -(_a4_)) + (_a4_ * _a6_)) * x);{'d0': {'_a4_': -0.10848828265095274, '_a5_': 5.579030150291932, '_a6_': -13.333936178662064, '_a7_': 0.3119297077909332, '_a0_': 1.0, '_a1_': 1.0, '_a2_': 1.0, '_a3_': 1.0}};{'d0': 0.02490583292156322};-276.475521881650;43.60399692660556
32044;-94.6337640142200;(((pow2(((x * _a5_) + (_a5_ * _a7_))) * -(_a4_)) + (_a4_ * _a6_)) * x);{'d0': {'_a4_': -0.10848828265095274, '_a5_': 5.579030150291932, '_a6_': -13.333936178662064, '_a7_': 0.3119297077909332, '_a0_': 1.0, '_a1_': 1.0, '_a2_': 1.0, '_a3_': 1.0}};{'d0': 0.02490583292156322};-276.475521881650;43.60399692660556
32045;-94.6337640142200;(((pow2(((x * _a5_) + (_a5_ * _a7_))) * -(_a4_)) + (_a4_ * _a6_)) * x);{'d0': {'_a4_': -0.10848828265095274, '_a5_': 5.579030150291932, '_a6_': -13.333936178662064, '_a7_': 0.3119297077909332, '_a0_': 1.0, '_a1_': 1.0, '_a2_': 1.0, '_a3_': 1.0}};{'d0': 0.02490583292156322};-276.475521881650;43.60399692660556
32046;-94.6337640142200;(((pow2(((x * _a5_) + (_a5_ * _a7_))) * -(_a4_)) + (_a4_ * _a6_)) * x);{'d0': {'_a4_': -0.10848828265095274, '_a5_': 5.579030150291932, '_a6_': -13.333936178662064, '_a7_': 0.3119297077909332, '_a0_': 1.0, '_a1_': 1.0, '_a2_': 1.0, '_a3_': 1.0}};{'d0': 0.02490583292156322};-276.475521881650;43.60399692660556
32047;-94.6337640167554;(((pow2(((x * _a5_) + (_a5_ * _a0_))) * -(_a4_)) + (_a4_ * _a6_)) * x);{'d0': {'_a0_': 0.3119297077847988, '_a4_': -0.18968807698973766, '_a5_': 4.219200200213822, '_a6_': -7.6260779103950975, '_a1_': 1.0, '_a2_': 1.0, '_a3_': 1.0, '_a7_': 1.0}};{'d0': 0.0249058329194584};-276.475521886721;43.60399692660556
32048;-94.6337640167554;(((pow2(((x * _a5_) + (_a5_ * _a0_))) * -(_a4_)) + (_a4_ * _a6_)) * x);{'d0': {'_a0_': 0.3119297077847988, '_a4_': -0.18968807698973766, '_a5_': 4.219200200213822, '_a6_': -7.6260779103950975, '_a1_': 1.0, '_a2_': 1.0, '_a3_': 1.0, '_a7_': 1.0}};{'d0': 0.0249058329194584};-276.475521886721;43.60399692660556
32049;-93.7348601785336;(((pow2(((x + _a5_) + (_a5_ * _a0_))) * -(_a4_)) + (_a4_ * _a6_)) * x);{'d0': {'_a0_': -0.6850403668414357, '_a4_': -3.3767608802337388, '_a5_': 0.990379740614856, '_a6_': -0.4283916273697885, '_a1_': 1.0, '_a2_': 1.0, '_a3_': 1.0, '_a7_': 1.0}};{'d0': 0.02490583292026432};-276.475521884779;44.50290076385656
32050;-93.7348601785336;(((pow2(((x + _a5_) + (_a5_ * _a0_))) * -(_a4_)) + (_a4_ * _a6_)) * x);{'d0': {'_a0_': -0.6850403668414357, '_a4_': -3.3767608802337388, '_a5_': 0.990379740614856, '_a6_': -0.4283916273697885, '_a1_': 1.0, '_a2_': 1.0, '_a3_': 1.0, '_a7_': 1.0}};{'d0': 0.02490583292026432};-276.475521884779;44.50290076385656
32051;-92.7635990559813;(((pow2(((x + _a5_) + (_a5_ + _a0_))) * -(_a4_)) + (_a4_ * _a6_)) * x);{'d0': {'_a0_': -0.8145141192587793, '_a4_': -3.376760876871292, '_a5_': 0.5632219143822236, '_a6_': -0.42839162926253815, '_a1_': 1.0, '_a2_': 1.0, '_a3_': 1.0, '_a7_': 1.0}};{'d0': 0.02490583291941693};-276.475521886821;45.47416188742956
32052;-92.7635990559813;(((pow2(((x + _a5_) + (_a5_ + _a0_))) * -(_a4_)) + (_a4_ * _a6_)) * x);{'d0': {'_a0_': -0.8145141192587793, '_a4_': -3.376760876871292, '_a5_': 0.5632219143822236, '_a6_': -0.42839162926253815, '_a1_': 1.0, '_a2_': 1.0, '_a3_': 1.0, '_a7_': 1.0}};{'d0': 0.02490583291941693};-276.475521886821;45.47416188742956
32053;-92.7635990559813;(((pow2(((x + _a5_) + (_a5_ + _a0_))) * -(_a4_)) + (_a4_ * _a6_)) * x);{'d0': {'_a0_': -0.8145141192587793, '_a4_': -3.376760876871292, '_a5_': 0.5632219143822236, '_a6_': -0.42839162926253815, '_a1_': 1.0, '_a2_': 1.0, '_a3_': 1.0, '_a7_': 1.0}};{'d0': 0.02490583291941693};-276.475521886821;45.47416188742956
32054;-92.7635990559813;(((pow2(((x + _a5_) + (_a5_ + _a0_))) * -(_a4_)) + (_a4_ * _a6_)) * x);{'d0': {'_a0_': -0.8145141192587793, '_a4_': -3.376760876871292, '_a5_': 0.5632219143822236, '_a6_': -0.42839162926253815, '_a1_': 1.0, '_a2_': 1.0, '_a3_': 1.0, '_a7_': 1.0}};{'d0': 0.02490583291941693};-276.475521886821;45.47416188742956
32055;-100.731372386123;(((pow2(((x + _a5_) + x)) * -(_a4_)) + (_a4_ * _a6_)) * x);{'d0': {'_a4_': -0.8441902200390025, '_a5_': 0.6238594157276913, '_a6_': -1.7135665097756212, '_a0_': 1.0, '_a1_': 1.0, '_a2_': 1.0, '_a3_': 1.0, '_a7_': 1.0}};{'d0': 0.024905832919416605};-280.569866449044;39.55356083839956
32056;-100.731372386123;(((pow2(((x + _a5_) + x)) * -(_a4_)) + (_a4_ * _a6_)) * x);{'d0': {'_a4_': -0.8441902200390025, '_a5_': 0.6238594157276913, '_a6_': -1.7135665097756212, '_a0_': 1.0, '_a1_': 1.0, '_a2_': 1.0, '_a3_': 1.0, '_a7_': 1.0}};{'d0': 0.024905832919416605};-280.569866449044;39.55356083839956
32057;-100.731372386123;(((pow2(((x + _a5_) + x)) * -(_a4_)) + (_a4_ * _a6_)) * x);{'d0': {'_a4_': -0.8441902200390025, '_a5_': 0.6238594157276913, '_a6_': -1.7135665097756212, '_a0_': 1.0, '_a1_': 1.0, '_a2_': 1.0, '_a3_': 1.0, '_a7_': 1.0}};{'d0': 0.024905832919416605};-280.569866449044;39.55356083839956
32058;-100.731372386123;(((pow2(((x + _a5_) + x)) * -(_a4_)) + (_a4_ * _a6_)) * x);{'d0': {'_a4_': -0.8441902200390025, '_a5_': 0.6238594157276913, '_a6_': -1.7135665097756212, '_a0_': 1.0, '_a1_': 1.0, '_a2_': 1.0, '_a3_': 1.0, '_a7_': 1.0}};{'d0': 0.024905832919416605};-280.569866449044;39.55356083839956
32059;-100.731372386123;(((pow2(((x + _a5_) + x)) * -(_a4_)) + (_a4_ * _a6_)) * x);{'d0': {'_a4_': -0.8441902200390025, '_a5_': 0.6238594157276913, '_a6_': -1.7135665097756212, '_a0_': 1.0, '_a1_': 1.0, '_a2_': 1.0, '_a3_': 1.0, '_a7_': 1.0}};{'d0': 0.024905832919416605};-280.569866449044;39.55356083839956
32060;-100.731372386123;(((pow2(((x + _a5_) + x)) * -(_a4_)) + (_a4_ * _a6_)) * x);{'d0': {'_a4_': -0.8441902200390025, '_a5_': 0.6238594157276913, '_a6_': -1.7135665097756212, '_a0_': 1.0, '_a1_': 1.0, '_a2_': 1.0, '_a3_': 1.0, '_a7_': 1.0}};{'d0': 0.024905832919416605};-280.569866449044;39.55356083839956
32061;-100.731372386123;(((pow2(((x + _a5_) + x)) * -(_a4_)) + (_a4_ * _a6_)) * x);{'d0': {'_a4_': -0.8441902200390025, '_a5_': 0.6238594157276913, '_a6_': -1.7135665097756212, '_a0_': 1.0, '_a1_': 1.0, '_a2_': 1.0, '_a3_': 1.0, '_a7_': 1.0}};{'d0': 0.024905832919416605};-280.569866449044;39.55356083839956
32062;-100.731372386123;(((pow2(((x + _a5_) + x)) * -(_a4_)) + (_a4_ * _a6_)) * x);{'d0': {'_a4_': -0.8441902200390025, '_a5_': 0.6238594157276913, '_a6_': -1.7135665097756212, '_a0_': 1.0, '_a1_': 1.0, '_a2_': 1.0, '_a3_': 1.0, '_a7_': 1.0}};{'d0': 0.024905832919416605};-280.569866449044;39.55356083839956
32063;-100.731372386123;(((pow2(((x + _a5_) + x)) * -(_a4_)) + (_a4_ * _a6_)) * x);{'d0': {'_a4_': -0.8441902200390025, '_a5_': 0.6238594157276913, '_a6_': -1.7135665097756212, '_a0_': 1.0, '_a1_': 1.0, '_a2_': 1.0, '_a3_': 1.0, '_a7_': 1.0}};{'d0': 0.024905832919416605};-280.569866449044;39.55356083839956
32064;-100.731372386123;(((pow2(((x + _a5_) + x)) * -(_a4_)) + (_a4_ * _a6_)) * x);{'d0': {'_a4_': -0.8441902200390025, '_a5_': 0.6238594157276913, '_a6_': -1.7135665097756212, '_a0_': 1.0, '_a1_': 1.0, '_a2_': 1.0, '_a3_': 1.0, '_a7_': 1.0}};{'d0': 0.024905832919416605};-280.569866449044;39.55356083839956
32065;-89.0831468167230;(((pow2((((_a5_ * x) + _a3_) + _a1_)) + -(_a5_)) + (-(_a5_) * _a0_)) * x);{'d0': {'_a0_': -0.21278888824609687, '_a1_': 288.2183566865741, '_a3_': -288.7915576844572, '_a5_': -1.837596494543354, '_a2_': 1.0, '_a4_': 1.0, '_a6_': 1.0, '_a7_': 1.0}};{'d0': 0.024905832920244435};-276.475521884827;49.15461412569039
32066;-89.0831468167230;(((pow2((((_a5_ * x) + _a3_) + _a1_)) + -(_a5_)) + (-(_a5_) * _a0_)) * x);{'d0': {'_a0_': -0.21278888824609687, '_a1_': 288.2183566865741, '_a3_': -288.7915576844572, '_a5_': -1.837596494543354, '_a2_': 1.0, '_a4_': 1.0, '_a6_': 1.0, '_a7_': 1.0}};{'d0': 0.024905832920244435};-276.475521884827;49.15461412569039
32067;-89.0831468167230;(((pow2((((_a5_ * x) + _a3_) + _a1_)) + -(_a5_)) + (-(_a5_) * _a0_)) * x);{'d0': {'_a0_': -0.21278888824609687, '_a1_': 288.2183566865741, '_a3_': -288.7915576844572, '_a5_': -1.837596494543354, '_a2_': 1.0, '_a4_': 1.0, '_a6_': 1.0, '_a7_': 1.0}};{'d0': 0.024905832920244435};-276.475521884827;49.15461412569039
32068;-89.0831468167230;(((pow2((((_a5_ * x) + _a3_) + _a1_)) + -(_a5_)) + (-(_a5_) * _a0_)) * x);{'d0': {'_a0_': -0.21278888824609687, '_a1_': 288.2183566865741, '_a3_': -288.7915576844572, '_a5_': -1.837596494543354, '_a2_': 1.0, '_a4_': 1.0, '_a6_': 1.0, '_a7_': 1.0}};{'d0': 0.024905832920244435};-276.475521884827;49.15461412569039
32069;-89.0831468167230;(((pow2((((_a5_ * x) + _a3_) + _a1_)) + -(_a5_)) + (-(_a5_) * _a0_)) * x);{'d0': {'_a0_': -0.21278888824609687, '_a1_': 288.2183566865741, '_a3_': -288.7915576844572, '_a5_': -1.837596494543354, '_a2_': 1.0, '_a4_': 1.0, '_a6_': 1.0, '_a7_': 1.0}};{'d0': 0.024905832920244435};-276.475521884827;49.15461412569039
32070;-100.731372386123;(((pow2(((_a6_ + _a5_) + x)) * -(_a4_)) + (_a4_ * _a6_)) * x);{'d0': {'_a4_': -3.3767608799959614, '_a5_': 0.7403213352223547, '_a6_': -0.4283916274354218, '_a0_': 1.0, '_a1_': 1.0, '_a2_': 1.0, '_a3_': 1.0, '_a7_': 1.0}};{'d0': 0.024905832919416674};-280.569866449043;39.55356083839956
32071;-100.731372386123;(((pow2(((_a5_ + _a5_) + x)) * -(_a4_)) + (_a4_ * _a6_)) * x);{'d0': {'_a4_': -3.376760877799344, '_a5_': 0.15596485393481063, '_a6_': -0.4283916279558132, '_a0_': 1.0, '_a1_': 1.0, '_a2_': 1.0, '_a3_': 1.0, '_a7_': 1.0}};{'d0': 0.024905832919416598};-280.569866449044;39.55356083839956
32072;-100.731372386123;(((pow2(((_a5_ + _a5_) + x)) * -(_a4_)) + (_a4_ * _a6_)) * x);{'d0': {'_a4_': -3.376760877799344, '_a5_': 0.15596485393481063, '_a6_': -0.4283916279558132, '_a0_': 1.0, '_a1_': 1.0, '_a2_': 1.0, '_a3_': 1.0, '_a7_': 1.0}};{'d0': 0.024905832919416598};-280.569866449044;39.55356083839956
32073;-100.731372386123;(((pow2(((_a5_ + _a5_) + x)) * -(_a4_)) + (_a4_ * _a6_)) * x);{'d0': {'_a4_': -3.376760877799344, '_a5_': 0.15596485393481063, '_a6_': -0.4283916279558132, '_a0_': 1.0, '_a1_': 1.0, '_a2_': 1.0, '_a3_': 1.0, '_a7_': 1.0}};{'d0': 0.024905832919416598};-280.569866449044;39.55356083839956
32074;-100.731372386123;(((pow2(((_a5_ + _a5_) + x)) * -(_a4_)) + (_a4_ * _a6_)) * x);{'d0': {'_a4_': -3.376760877799344, '_a5_': 0.15596485393481063, '_a6_': -0.4283916279558132, '_a0_': 1.0, '_a1_': 1.0, '_a2_': 1.0, '_a3_': 1.0, '_a7_': 1.0}};{'d0': 0.024905832919416598};-280.569866449044;39.55356083839956
32075;-100.731372386123;(((pow2(((_a5_ + _a5_) + x)) * -(_a4_)) + (_a4_ * _a6_)) * x);{'d0': {'_a4_': -3.376760877799344, '_a5_': 0.15596485393481063, '_a6_': -0.4283916279558132, '_a0_': 1.0, '_a1_': 1.0, '_a2_': 1.0, '_a3_': 1.0, '_a7_': 1.0}};{'d0': 0.024905832919416598};-280.569866449044;39.55356083839956
32076;-100.731372386123;(((pow2(((_a5_ + _a5_) + x)) * -(_a4_)) + (_a4_ * _a6_)) * x);{'d0': {'_a4_': -3.376760877799344, '_a5_': 0.15596485393481063, '_a6_': -0.4283916279558132, '_a0_': 1.0, '_a1_': 1.0, '_a2_': 1.0, '_a3_': 1.0, '_a7_': 1.0}};{'d0': 0.024905832919416598};-280.569866449044;39.55356083839956
32077;-100.731372386123;(((pow2(((_a5_ + _a5_) + x)) * -(_a4_)) + (_a4_ * _a6_)) * x);{'d0': {'_a4_': -3.376760877799344, '_a5_': 0.15596485393481063, '_a6_': -0.4283916279558132, '_a0_': 1.0, '_a1_': 1.0, '_a2_': 1.0, '_a3_': 1.0, '_a7_': 1.0}};{'d0': 0.024905832919416598};-280.569866449044;39.55356083839956
32078;-100.731372386123;(((pow2(((_a5_ + _a5_) + x)) * -(_a4_)) + (_a4_ * _a6_)) * x);{'d0': {'_a4_': -3.376760877799344, '_a5_': 0.15596485393481063, '_a6_': -0.4283916279558132, '_a0_': 1.0, '_a1_': 1.0, '_a2_': 1.0, '_a3_': 1.0, '_a7_': 1.0}};{'d0': 0.024905832919416598};-280.569866449044;39.55356083839956
32079;-89.0831468167230;(((pow2((((_a5_ * x) + _a3_) + _a1_)) + -(_a5_)) + (-(_a5_) * _a0_)) * x);{'d0': {'_a0_': -0.21278888824609687, '_a1_': 288.2183566865741, '_a3_': -288.7915576844572, '_a5_': -1.837596494543354, '_a2_': 1.0, '_a4_': 1.0, '_a6_': 1.0, '_a7_': 1.0}};{'d0': 0.024905832920244435};-276.475521884827;49.15461412569039
32080;-89.0831468167230;(((pow2((((_a5_ * x) + _a3_) + _a1_)) + -(_a5_)) + (-(_a5_) * _a0_)) * x);{'d0': {'_a0_': -0.21278888824609687, '_a1_': 288.2183566865741, '_a3_': -288.7915576844572, '_a5_': -1.837596494543354, '_a2_': 1.0, '_a4_': 1.0, '_a6_': 1.0, '_a7_': 1.0}};{'d0': 0.024905832920244435};-276.475521884827;49.15461412569039
32081;-89.0831468167230;(((pow2((((_a5_ * x) + _a3_) + _a1_)) + -(_a5_)) + (-(_a5_) * _a0_)) * x);{'d0': {'_a0_': -0.21278888824609687, '_a1_': 288.2183566865741, '_a3_': -288.7915576844572, '_a5_': -1.837596494543354, '_a2_': 1.0, '_a4_': 1.0, '_a6_': 1.0, '_a7_': 1.0}};{'d0': 0.024905832920244435};-276.475521884827;49.15461412569039
32082;-89.0831468167230;(((pow2((((_a5_ * x) + _a3_) + _a1_)) + -(_a5_)) + (-(_a5_) * _a0_)) * x);{'d0': {'_a0_': -0.21278888824609687, '_a1_': 288.2183566865741, '_a3_': -288.7915576844572, '_a5_': -1.837596494543354, '_a2_': 1.0, '_a4_': 1.0, '_a6_': 1.0, '_a7_': 1.0}};{'d0': 0.024905832920244435};-276.475521884827;49.15461412569039
32083;-89.0831468167230;(((pow2((((_a5_ * x) + _a3_) + _a1_)) + -(_a5_)) + (-(_a5_) * _a0_)) * x);{'d0': {'_a0_': -0.21278888824609687, '_a1_': 288.2183566865741, '_a3_': -288.7915576844572, '_a5_': -1.837596494543354, '_a2_': 1.0, '_a4_': 1.0, '_a6_': 1.0, '_a7_': 1.0}};{'d0': 0.024905832920244435};-276.475521884827;49.15461412569039
32084;-89.0831468167230;(((pow2((((_a5_ * x) + _a3_) + _a1_)) + -(_a5_)) + (-(_a5_) * _a0_)) * x);{'d0': {'_a0_': -0.21278888824609687, '_a1_': 288.2183566865741, '_a3_': -288.7915576844572, '_a5_': -1.837596494543354, '_a2_': 1.0, '_a4_': 1.0, '_a6_': 1.0, '_a7_': 1.0}};{'d0': 0.024905832920244435};-276.475521884827;49.15461412569039
32085;-89.0831468167230;(((pow2((((_a5_ * x) + _a3_) + _a1_)) + -(_a5_)) + (-(_a5_) * _a0_)) * x);{'d0': {'_a0_': -0.21278888824609687, '_a1_': 288.2183566865741, '_a3_': -288.7915576844572, '_a5_': -1.837596494543354, '_a2_': 1.0, '_a4_': 1.0, '_a6_': 1.0, '_a7_': 1.0}};{'d0': 0.024905832920244435};-276.475521884827;49.15461412569039
32086;-89.0831468167230;(((pow2((((_a5_ * x) + _a3_) + _a1_)) + -(_a5_)) + (-(_a5_) * _a0_)) * x);{'d0': {'_a0_': -0.21278888824609687, '_a1_': 288.2183566865741, '_a3_': -288.7915576844572, '_a5_': -1.837596494543354, '_a2_': 1.0, '_a4_': 1.0, '_a6_': 1.0, '_a7_': 1.0}};{'d0': 0.024905832920244435};-276.475521884827;49.15461412569039
32087;-89.0831468167230;(((pow2((((_a5_ * x) + _a3_) + _a1_)) + -(_a5_)) + (-(_a5_) * _a0_)) * x);{'d0': {'_a0_': -0.21278888824609687, '_a1_': 288.2183566865741, '_a3_': -288.7915576844572, '_a5_': -1.837596494543354, '_a2_': 1.0, '_a4_': 1.0, '_a6_': 1.0, '_a7_': 1.0}};{'d0': 0.024905832920244435};-276.475521884827;49.15461412569039
32088;-79.2876796036216;((_a6_ * _a0_) * (-(x) * ((x * (log(_a2_) + (_a1_ / (_a3_ / (_a0_ * x))))) + _a0_)));{'d0': {'_a0_': 14.02538845170853, '_a1_': -4.4717103331255785e+29, '_a2_': 16928144.015469853, '_a3_': -2.3507414047950698e+29, '_a6_': -0.009024054093842201, '_a4_': 1.0, '_a5_': 1.0, '_a7_': 1.0}};{'d0': 0.024905832919435773};-272.381177324553;56.90290905865503
32089;-79.2876796036216;((_a6_ * _a0_) * (-(x) * ((x * (log(_a2_) + (_a1_ / (_a3_ / (_a0_ * x))))) + _a0_)));{'d0': {'_a0_': 14.02538845170853, '_a1_': -4.4717103331255785e+29, '_a2_': 16928144.015469853, '_a3_': -2.3507414047950698e+29, '_a6_': -0.009024054093842201, '_a4_': 1.0, '_a5_': 1.0, '_a7_': 1.0}};{'d0': 0.024905832919435773};-272.381177324553;56.90290905865503
32090;-79.2876796036216;((_a6_ * _a0_) * (-(x) * ((x * (log(_a2_) + (_a1_ / (_a3_ / (_a0_ * x))))) + _a0_)));{'d0': {'_a0_': 14.02538845170853, '_a1_': -4.4717103331255785e+29, '_a2_': 16928144.015469853, '_a3_': -2.3507414047950698e+29, '_a6_': -0.009024054093842201, '_a4_': 1.0, '_a5_': 1.0, '_a7_': 1.0}};{'d0': 0.024905832919435773};-272.381177324553;56.90290905865503
32091;-79.2876796036216;((_a6_ * _a0_) * (-(x) * ((x * (log(_a2_) + (_a1_ / (_a3_ / (_a0_ * x))))) + _a0_)));{'d0': {'_a0_': 14.02538845170853, '_a1_': -4.4717103331255785e+29, '_a2_': 16928144.015469853, '_a3_': -2.3507414047950698e+29, '_a6_': -0.009024054093842201, '_a4_': 1.0, '_a5_': 1.0, '_a7_': 1.0}};{'d0': 0.024905832919435773};-272.381177324553;56.90290905865503
32092;-79.2876796036216;((_a6_ * _a0_) * (-(x) * ((x * (log(_a2_) + (_a1_ / (_a3_ / (_a0_ * x))))) + _a0_)));{'d0': {'_a0_': 14.02538845170853, '_a1_': -4.4717103331255785e+29, '_a2_': 16928144.015469853, '_a3_': -2.3507414047950698e+29, '_a6_': -0.009024054093842201, '_a4_': 1.0, '_a5_': 1.0, '_a7_': 1.0}};{'d0': 0.024905832919435773};-272.381177324553;56.90290905865503
32093;-79.2876796036216;((_a6_ * _a0_) * (-(x) * ((x * (log(_a2_) + (_a1_ / (_a3_ / (_a0_ * x))))) + _a0_)));{'d0': {'_a0_': 14.02538845170853, '_a1_': -4.4717103331255785e+29, '_a2_': 16928144.015469853, '_a3_': -2.3507414047950698e+29, '_a6_': -0.009024054093842201, '_a4_': 1.0, '_a5_': 1.0, '_a7_': 1.0}};{'d0': 0.024905832919435773};-272.381177324553;56.90290905865503
32094;-79.2876796036216;((_a6_ * _a0_) * (-(x) * ((x * (log(_a2_) + (_a1_ / (_a3_ / (_a0_ * x))))) + _a0_)));{'d0': {'_a0_': 14.02538845170853, '_a1_': -4.4717103331255785e+29, '_a2_': 16928144.015469853, '_a3_': -2.3507414047950698e+29, '_a6_': -0.009024054093842201, '_a4_': 1.0, '_a5_': 1.0, '_a7_': 1.0}};{'d0': 0.024905832919435773};-272.381177324553;56.90290905865503
32095;-79.2876796036216;((_a6_ * _a0_) * (-(x) * ((x * (log(_a2_) + (_a1_ / (_a3_ / (_a0_ * x))))) + _a0_)));{'d0': {'_a0_': 14.02538845170853, '_a1_': -4.4717103331255785e+29, '_a2_': 16928144.015469853, '_a3_': -2.3507414047950698e+29, '_a6_': -0.009024054093842201, '_a4_': 1.0, '_a5_': 1.0, '_a7_': 1.0}};{'d0': 0.024905832919435773};-272.381177324553;56.90290905865503
32096;-79.2876796036216;((_a6_ * _a0_) * (-(x) * ((x * (log(_a2_) + (_a1_ / (_a3_ / (_a0_ * x))))) + _a0_)));{'d0': {'_a0_': 14.02538845170853, '_a1_': -4.4717103331255785e+29, '_a2_': 16928144.015469853, '_a3_': -2.3507414047950698e+29, '_a6_': -0.009024054093842201, '_a4_': 1.0, '_a5_': 1.0, '_a7_': 1.0}};{'d0': 0.024905832919435773};-272.381177324553;56.90290905865503
32097;-79.2876796036216;((_a6_ * _a0_) * (-(x) * ((x * (log(_a2_) + (_a1_ / (_a3_ / (_a0_ * x))))) + _a0_)));{'d0': {'_a0_': 14.02538845170853, '_a1_': -4.4717103331255785e+29, '_a2_': 16928144.015469853, '_a3_': -2.3507414047950698e+29, '_a6_': -0.009024054093842201, '_a4_': 1.0, '_a5_': 1.0, '_a7_': 1.0}};{'d0': 0.024905832919435773};-272.381177324553;56.90290905865503
32098;-79.2876796036216;((_a6_ * _a0_) * (-(x) * ((x * (log(_a2_) + (_a1_ / (_a3_ / (_a0_ * x))))) + _a0_)));{'d0': {'_a0_': 14.02538845170853, '_a1_': -4.4717103331255785e+29, '_a2_': 16928144.015469853, '_a3_': -2.3507414047950698e+29, '_a6_': -0.009024054093842201, '_a4_': 1.0, '_a5_': 1.0, '_a7_': 1.0}};{'d0': 0.024905832919435773};-272.381177324553;56.90290905865503
32099;-79.2876796036216;((_a6_ * _a0_) * (-(x) * ((x * (log(_a2_) + (_a1_ / (_a3_ / (_a0_ * x))))) + _a0_)));{'d0': {'_a0_': 14.02538845170853, '_a1_': -4.4717103331255785e+29, '_a2_': 16928144.015469853, '_a3_': -2.3507414047950698e+29, '_a6_': -0.009024054093842201, '_a4_': 1.0, '_a5_': 1.0, '_a7_': 1.0}};{'d0': 0.024905832919435773};-272.381177324553;56.90290905865503
32100;-79.2876796036216;((_a6_ * _a0_) * (-(x) * ((x * (log(_a2_) + (_a1_ / (_a3_ / (_a0_ * x))))) + _a0_)));{'d0': {'_a0_': 14.02538845170853, '_a1_': -4.4717103331255785e+29, '_a2_': 16928144.015469853, '_a3_': -2.3507414047950698e+29, '_a6_': -0.009024054093842201, '_a4_': 1.0, '_a5_': 1.0, '_a7_': 1.0}};{'d0': 0.024905832919435773};-272.381177324553;56.90290905865503
32101;-79.2876796036216;((_a6_ * _a0_) * (-(x) * ((x * (log(_a2_) + (_a1_ / (_a3_ / (_a0_ * x))))) + _a0_)));{'d0': {'_a0_': 14.02538845170853, '_a1_': -4.4717103331255785e+29, '_a2_': 16928144.015469853, '_a3_': -2.3507414047950698e+29, '_a6_': -0.009024054093842201, '_a4_': 1.0, '_a5_': 1.0, '_a7_': 1.0}};{'d0': 0.024905832919435773};-272.381177324553;56.90290905865503
32102;-79.2876796036216;((_a6_ * _a0_) * (-(x) * ((x * (log(_a2_) + (_a1_ / (_a3_ / (_a0_ * x))))) + _a0_)));{'d0': {'_a0_': 14.02538845170853, '_a1_': -4.4717103331255785e+29, '_a2_': 16928144.015469853, '_a3_': -2.3507414047950698e+29, '_a6_': -0.009024054093842201, '_a4_': 1.0, '_a5_': 1.0, '_a7_': 1.0}};{'d0': 0.024905832919435773};-272.381177324553;56.90290905865503
32103;-101.702633509696;(((pow2(((_a0_ * _a4_) + x)) * -(_a4_)) + (_a6_ * _a6_)) * x);{'d0': {'_a0_': -0.09237542098605189, '_a4_': -3.3767608784226164, '_a6_': 1.2027369160043384, '_a1_': 1.0, '_a2_': 1.0, '_a3_': 1.0, '_a5_': 1.0, '_a7_': 1.0}};{'d0': 0.024905832919416615};-280.569866449044;38.58229971482656
32104;-101.702633509696;(((pow2(((_a0_ * _a4_) + x)) * -(_a4_)) + (_a6_ * _a6_)) * x);{'d0': {'_a0_': -0.09237542098605189, '_a4_': -3.3767608784226164, '_a6_': 1.2027369160043384, '_a1_': 1.0, '_a2_': 1.0, '_a3_': 1.0, '_a5_': 1.0, '_a7_': 1.0}};{'d0': 0.024905832919416615};-280.569866449044;38.58229971482656
32105;-101.702633509696;(((pow2(((_a0_ * _a4_) + x)) * -(_a4_)) + (_a6_ * _a6_)) * x);{'d0': {'_a0_': -0.09237542098605189, '_a4_': -3.3767608784226164, '_a6_': 1.2027369160043384, '_a1_': 1.0, '_a2_': 1.0, '_a3_': 1.0, '_a5_': 1.0, '_a7_': 1.0}};{'d0': 0.024905832919416615};-280.569866449044;38.58229971482656
32106;-101.702633509696;(((pow2(((_a0_ * _a4_) + x)) * -(_a4_)) + (_a6_ * _a6_)) * x);{'d0': {'_a0_': -0.09237542098605189, '_a4_': -3.3767608784226164, '_a6_': 1.2027369160043384, '_a1_': 1.0, '_a2_': 1.0, '_a3_': 1.0, '_a5_': 1.0, '_a7_': 1.0}};{'d0': 0.024905832919416615};-280.569866449044;38.58229971482656
32107;-101.702633509696;(((pow2(((_a0_ * _a4_) + x)) * -(_a4_)) + (_a6_ * _a6_)) * x);{'d0': {'_a0_': -0.09237542098605189, '_a4_': -3.3767608784226164, '_a6_': 1.2027369160043384, '_a1_': 1.0, '_a2_': 1.0, '_a3_': 1.0, '_a5_': 1.0, '_a7_': 1.0}};{'d0': 0.024905832919416615};-280.569866449044;38.58229971482656
32108;-101.702633509696;(((pow2(((_a0_ * _a4_) + x)) * -(_a4_)) + (_a6_ * _a6_)) * x);{'d0': {'_a0_': -0.09237542098605189, '_a4_': -3.3767608784226164, '_a6_': 1.2027369160043384, '_a1_': 1.0, '_a2_': 1.0, '_a3_': 1.0, '_a5_': 1.0, '_a7_': 1.0}};{'d0': 0.024905832919416615};-280.569866449044;38.58229971482656
32109;-101.702633509696;(((pow2(((_a0_ * _a4_) + x)) * -(_a4_)) + (_a6_ * _a6_)) * x);{'d0': {'_a0_': -0.09237542098605189, '_a4_': -3.3767608784226164, '_a6_': 1.2027369160043384, '_a1_': 1.0, '_a2_': 1.0, '_a3_': 1.0, '_a5_': 1.0, '_a7_': 1.0}};{'d0': 0.024905832919416615};-280.569866449044;38.58229971482656
32110;-101.702633509696;(((pow2(((_a0_ * _a4_) + x)) * -(_a4_)) + (_a6_ * _a6_)) * x);{'d0': {'_a0_': -0.09237542098605189, '_a4_': -3.3767608784226164, '_a6_': 1.2027369160043384, '_a1_': 1.0, '_a2_': 1.0, '_a3_': 1.0, '_a5_': 1.0, '_a7_': 1.0}};{'d0': 0.024905832919416615};-280.569866449044;38.58229971482656
32111;-101.702633509696;(((pow2(((_a0_ * _a4_) + x)) * -(_a4_)) + (_a6_ * _a6_)) * x);{'d0': {'_a0_': -0.09237542098605189, '_a4_': -3.3767608784226164, '_a6_': 1.2027369160043384, '_a1_': 1.0, '_a2_': 1.0, '_a3_': 1.0, '_a5_': 1.0, '_a7_': 1.0}};{'d0': 0.024905832919416615};-280.569866449044;38.58229971482656
32112;-101.702633509696;(((pow2(((_a0_ * _a4_) + x)) * -(_a4_)) + (_a6_ * _a6_)) * x);{'d0': {'_a0_': -0.09237542098605189, '_a4_': -3.3767608784226164, '_a6_': 1.2027369160043384, '_a1_': 1.0, '_a2_': 1.0, '_a3_': 1.0, '_a5_': 1.0, '_a7_': 1.0}};{'d0': 0.024905832919416615};-280.569866449044;38.58229971482656
32113;-101.702633509696;(((pow2(((_a0_ * _a4_) + x)) * -(_a4_)) + (_a6_ * _a6_)) * x);{'d0': {'_a0_': -0.09237542098605189, '_a4_': -3.3767608784226164, '_a6_': 1.2027369160043384, '_a1_': 1.0, '_a2_': 1.0, '_a3_': 1.0, '_a5_': 1.0, '_a7_': 1.0}};{'d0': 0.024905832919416615};-280.569866449044;38.58229971482656
32114;-101.702633509696;(((pow2(((_a0_ * _a4_) + x)) * -(_a4_)) + (_a6_ * _a6_)) * x);{'d0': {'_a0_': -0.09237542098605189, '_a4_': -3.3767608784226164, '_a6_': 1.2027369160043384, '_a1_': 1.0, '_a2_': 1.0, '_a3_': 1.0, '_a5_': 1.0, '_a7_': 1.0}};{'d0': 0.024905832919416615};-280.569866449044;38.58229971482656
32115;-101.702633509696;(((pow2(((_a0_ * _a4_) + x)) * -(_a4_)) + (_a6_ * _a6_)) * x);{'d0': {'_a0_': -0.09237542098605189, '_a4_': -3.3767608784226164, '_a6_': 1.2027369160043384, '_a1_': 1.0, '_a2_': 1.0, '_a3_': 1.0, '_a5_': 1.0, '_a7_': 1.0}};{'d0': 0.024905832919416615};-280.569866449044;38.58229971482656
32116;-101.702633509696;(((pow2(((_a0_ * _a4_) + x)) * -(_a4_)) + (_a6_ * _a6_)) * x);{'d0': {'_a0_': -0.09237542098605189, '_a4_': -3.3767608784226164, '_a6_': 1.2027369160043384, '_a1_': 1.0, '_a2_': 1.0, '_a3_': 1.0, '_a5_': 1.0, '_a7_': 1.0}};{'d0': 0.024905832919416615};-280.569866449044;38.58229971482656
32117;-101.702633509696;(((pow2(((_a0_ * _a4_) + x)) * -(_a4_)) + (_a6_ * _a6_)) * x);{'d0': {'_a0_': -0.09237542098605189, '_a4_': -3.3767608784226164, '_a6_': 1.2027369160043384, '_a1_': 1.0, '_a2_': 1.0, '_a3_': 1.0, '_a5_': 1.0, '_a7_': 1.0}};{'d0': 0.024905832919416615};-280.569866449044;38.58229971482656
32118;-101.702633509696;(((pow2(((_a0_ * _a4_) + x)) * -(_a4_)) + (_a6_ * _a6_)) * x);{'d0': {'_a0_': -0.09237542098605189, '_a4_': -3.3767608784226164, '_a6_': 1.2027369160043384, '_a1_': 1.0, '_a2_': 1.0, '_a3_': 1.0, '_a5_': 1.0, '_a7_': 1.0}};{'d0': 0.024905832919416615};-280.569866449044;38.58229971482656
32119;-106.651973435153;(((pow2((_a0_ + x)) * -(_a4_)) + (_a6_ * _a6_)) * x);{'d0': {'_a0_': 0.31192970770168515, '_a4_': -3.3767608786755434, '_a6_': 1.2027369159556824, '_a1_': 1.0, '_a2_': 1.0, '_a3_': 1.0, '_a5_': 1.0, '_a7_': 1.0}};{'d0': 0.024905832919416664};-280.569866449044;33.632959789369565
32120;-106.651973435153;(((pow2((_a0_ + x)) * -(_a4_)) + (_a6_ * _a6_)) * x);{'d0': {'_a0_': 0.31192970770168515, '_a4_': -3.3767608786755434, '_a6_': 1.2027369159556824, '_a1_': 1.0, '_a2_': 1.0, '_a3_': 1.0, '_a5_': 1.0, '_a7_': 1.0}};{'d0': 0.024905832919416664};-280.569866449044;33.632959789369565
32121;-106.651973435153;(((pow2((_a0_ + x)) * -(_a4_)) + (_a6_ * _a6_)) * x);{'d0': {'_a0_': 0.31192970770168515, '_a4_': -3.3767608786755434, '_a6_': 1.2027369159556824, '_a1_': 1.0, '_a2_': 1.0, '_a3_': 1.0, '_a5_': 1.0, '_a7_': 1.0}};{'d0': 0.024905832919416664};-280.569866449044;33.632959789369565
32122;-106.651973435153;(((pow2((_a0_ + x)) * -(_a4_)) + (_a6_ * _a6_)) * x);{'d0': {'_a0_': 0.31192970770168515, '_a4_': -3.3767608786755434, '_a6_': 1.2027369159556824, '_a1_': 1.0, '_a2_': 1.0, '_a3_': 1.0, '_a5_': 1.0, '_a7_': 1.0}};{'d0': 0.024905832919416664};-280.569866449044;33.632959789369565
32123;-108.292635771928;(x * (_a3_ + pow2((((_a3_ + x) + _a0_) / _a6_))));{'d0': {'_a0_': -1.13464638212459, '_a3_': 1.4465760899275004, '_a6_': -0.5441891095163052, '_a1_': 1.0, '_a2_': 1.0, '_a4_': 1.0, '_a5_': 1.0, '_a7_': 1.0}};{'d0': 0.024905832919416594};-280.569866449044;31.99229745259334
32124;-108.292635771928;(x * (_a3_ + pow2((((_a3_ + x) + _a0_) / _a6_))));{'d0': {'_a0_': -1.13464638212459, '_a3_': 1.4465760899275004, '_a6_': -0.5441891095163052, '_a1_': 1.0, '_a2_': 1.0, '_a4_': 1.0, '_a5_': 1.0, '_a7_': 1.0}};{'d0': 0.024905832919416594};-280.569866449044;31.99229745259334
32125;-108.292635771928;(x * (_a3_ + pow2((((_a3_ + x) + _a0_) / _a6_))));{'d0': {'_a0_': -1.13464638212459, '_a3_': 1.4465760899275004, '_a6_': -0.5441891095163052, '_a1_': 1.0, '_a2_': 1.0, '_a4_': 1.0, '_a5_': 1.0, '_a7_': 1.0}};{'d0': 0.024905832919416594};-280.569866449044;31.99229745259334
32126;-108.292635771928;(x * (_a3_ + pow2((((_a3_ + x) + _a0_) / _a6_))));{'d0': {'_a0_': -1.13464638212459, '_a3_': 1.4465760899275004, '_a6_': -0.5441891095163052, '_a1_': 1.0, '_a2_': 1.0, '_a4_': 1.0, '_a5_': 1.0, '_a7_': 1.0}};{'d0': 0.024905832919416594};-280.569866449044;31.99229745259334
32127;-108.292635771928;(x * (_a3_ + pow2((((_a3_ + x) + _a0_) / _a6_))));{'d0': {'_a0_': -1.13464638212459, '_a3_': 1.4465760899275004, '_a6_': -0.5441891095163052, '_a1_': 1.0, '_a2_': 1.0, '_a4_': 1.0, '_a5_': 1.0, '_a7_': 1.0}};{'d0': 0.024905832919416594};-280.569866449044;31.99229745259334
32128;-108.292635771928;(x * (_a3_ + pow2((((_a3_ + x) + _a0_) / _a6_))));{'d0': {'_a0_': -1.13464638212459, '_a3_': 1.4465760899275004, '_a6_': -0.5441891095163052, '_a1_': 1.0, '_a2_': 1.0, '_a4_': 1.0, '_a5_': 1.0, '_a7_': 1.0}};{'d0': 0.024905832919416594};-280.569866449044;31.99229745259334
32129;-108.292635771928;(x * (_a3_ + pow2((((_a3_ + x) + _a0_) / _a6_))));{'d0': {'_a0_': -1.13464638212459, '_a3_': 1.4465760899275004, '_a6_': -0.5441891095163052, '_a1_': 1.0, '_a2_': 1.0, '_a4_': 1.0, '_a5_': 1.0, '_a7_': 1.0}};{'d0': 0.024905832919416594};-280.569866449044;31.99229745259334
32130;-108.292635771928;(x * (_a3_ + pow2((((_a3_ + x) + _a0_) / _a6_))));{'d0': {'_a0_': -1.13464638212459, '_a3_': 1.4465760899275004, '_a6_': -0.5441891095163052, '_a1_': 1.0, '_a2_': 1.0, '_a4_': 1.0, '_a5_': 1.0, '_a7_': 1.0}};{'d0': 0.024905832919416594};-280.569866449044;31.99229745259334
32131;-108.292635771928;(x * (_a3_ + pow2((((_a3_ + x) + _a0_) / _a6_))));{'d0': {'_a0_': -1.13464638212459, '_a3_': 1.4465760899275004, '_a6_': -0.5441891095163052, '_a1_': 1.0, '_a2_': 1.0, '_a4_': 1.0, '_a5_': 1.0, '_a7_': 1.0}};{'d0': 0.024905832919416594};-280.569866449044;31.99229745259334
32132;-108.292635771928;(x * (_a3_ + pow2((((_a3_ + x) + _a0_) / _a6_))));{'d0': {'_a0_': -1.13464638212459, '_a3_': 1.4465760899275004, '_a6_': -0.5441891095163052, '_a1_': 1.0, '_a2_': 1.0, '_a4_': 1.0, '_a5_': 1.0, '_a7_': 1.0}};{'d0': 0.024905832919416594};-280.569866449044;31.99229745259334
32133;-108.292635771928;(x * (_a3_ + pow2((((_a3_ + x) + _a0_) / _a6_))));{'d0': {'_a0_': -1.13464638212459, '_a3_': 1.4465760899275004, '_a6_': -0.5441891095163052, '_a1_': 1.0, '_a2_': 1.0, '_a4_': 1.0, '_a5_': 1.0, '_a7_': 1.0}};{'d0': 0.024905832919416594};-280.569866449044;31.99229745259334
32134;-108.292635771928;(x * (_a3_ + pow2((((_a3_ + x) + _a0_) / _a6_))));{'d0': {'_a0_': -1.13464638212459, '_a3_': 1.4465760899275004, '_a6_': -0.5441891095163052, '_a1_': 1.0, '_a2_': 1.0, '_a4_': 1.0, '_a5_': 1.0, '_a7_': 1.0}};{'d0': 0.024905832919416594};-280.569866449044;31.99229745259334
32135;-108.292635771928;(x * (_a3_ + pow2((((_a3_ + x) + _a0_) / _a6_))));{'d0': {'_a0_': -1.13464638212459, '_a3_': 1.4465760899275004, '_a6_': -0.5441891095163052, '_a1_': 1.0, '_a2_': 1.0, '_a4_': 1.0, '_a5_': 1.0, '_a7_': 1.0}};{'d0': 0.024905832919416594};-280.569866449044;31.99229745259334
32136;-108.292635771928;(x * (_a3_ + pow2((((_a3_ + x) + _a0_) / _a6_))));{'d0': {'_a0_': -1.13464638212459, '_a3_': 1.4465760899275004, '_a6_': -0.5441891095163052, '_a1_': 1.0, '_a2_': 1.0, '_a4_': 1.0, '_a5_': 1.0, '_a7_': 1.0}};{'d0': 0.024905832919416594};-280.569866449044;31.99229745259334
32137;-93.3486560035684;(_a5_ * (x * ((x * (_a7_ + (_a1_ / (_a3_ / (_a0_ * x))))) + _a0_)));{'d0': {'_a0_': -2.178437858396914, '_a1_': -7.474514237628262e+30, '_a3_': -3.92929062193423e+30, '_a5_': -0.8148660932819324, '_a7_': -2.5852391951050535, '_a2_': 1.0, '_a4_': 1.0, '_a6_': 1.0}};{'d0': 0.024905832921264314};-272.381177320148;42.84193265650564
32138;-93.3486560035684;(_a5_ * (x * ((x * (_a7_ + (_a1_ / (_a3_ / (_a0_ * x))))) + _a0_)));{'d0': {'_a0_': -2.178437858396914, '_a1_': -7.474514237628262e+30, '_a3_': -3.92929062193423e+30, '_a5_': -0.8148660932819324, '_a7_': -2.5852391951050535, '_a2_': 1.0, '_a4_': 1.0, '_a6_': 1.0}};{'d0': 0.024905832921264314};-272.381177320148;42.84193265650564
32139;-93.3486560035684;(_a5_ * (x * ((x * (_a7_ + (_a1_ / (_a3_ / (_a0_ * x))))) + _a0_)));{'d0': {'_a0_': -2.178437858396914, '_a1_': -7.474514237628262e+30, '_a3_': -3.92929062193423e+30, '_a5_': -0.8148660932819324, '_a7_': -2.5852391951050535, '_a2_': 1.0, '_a4_': 1.0, '_a6_': 1.0}};{'d0': 0.024905832921264314};-272.381177320148;42.84193265650564
32140;-93.3486560035684;(_a5_ * (x * ((x * (_a7_ + (_a1_ / (_a3_ / (_a0_ * x))))) + _a0_)));{'d0': {'_a0_': -2.178437858396914, '_a1_': -7.474514237628262e+30, '_a3_': -3.92929062193423e+30, '_a5_': -0.8148660932819324, '_a7_': -2.5852391951050535, '_a2_': 1.0, '_a4_': 1.0, '_a6_': 1.0}};{'d0': 0.024905832921264314};-272.381177320148;42.84193265650564
32141;-93.3486560035684;(_a5_ * (x * ((x * (_a7_ + (_a1_ / (_a3_ / (_a0_ * x))))) + _a0_)));{'d0': {'_a0_': -2.178437858396914, '_a1_': -7.474514237628262e+30, '_a3_': -3.92929062193423e+30, '_a5_': -0.8148660932819324, '_a7_': -2.5852391951050535, '_a2_': 1.0, '_a4_': 1.0, '_a6_': 1.0}};{'d0': 0.024905832921264314};-272.381177320148;42.84193265650564
32142;-93.3486560035684;(_a5_ * (x * ((x * (_a7_ + (_a1_ / (_a3_ / (_a0_ * x))))) + _a0_)));{'d0': {'_a0_': -2.178437858396914, '_a1_': -7.474514237628262e+30, '_a3_': -3.92929062193423e+30, '_a5_': -0.8148660932819324, '_a7_': -2.5852391951050535, '_a2_': 1.0, '_a4_': 1.0, '_a6_': 1.0}};{'d0': 0.024905832921264314};-272.381177320148;42.84193265650564
32143;-93.3486560035684;(_a5_ * (x * ((x * (_a7_ + (_a1_ / (_a3_ / (_a0_ * x))))) + _a0_)));{'d0': {'_a0_': -2.178437858396914, '_a1_': -7.474514237628262e+30, '_a3_': -3.92929062193423e+30, '_a5_': -0.8148660932819324, '_a7_': -2.5852391951050535, '_a2_': 1.0, '_a4_': 1.0, '_a6_': 1.0}};{'d0': 0.024905832921264314};-272.381177320148;42.84193265650564
32144;-93.3486560035684;(_a5_ * (x * ((x * (_a7_ + (_a1_ / (_a3_ / (_a0_ * x))))) + _a0_)));{'d0': {'_a0_': -2.178437858396914, '_a1_': -7.474514237628262e+30, '_a3_': -3.92929062193423e+30, '_a5_': -0.8148660932819324, '_a7_': -2.5852391951050535, '_a2_': 1.0, '_a4_': 1.0, '_a6_': 1.0}};{'d0': 0.024905832921264314};-272.381177320148;42.84193265650564
32145;-93.3486560035684;(_a5_ * (x * ((x * (_a7_ + (_a1_ / (_a3_ / (_a0_ * x))))) + _a0_)));{'d0': {'_a0_': -2.178437858396914, '_a1_': -7.474514237628262e+30, '_a3_': -3.92929062193423e+30, '_a5_': -0.8148660932819324, '_a7_': -2.5852391951050535, '_a2_': 1.0, '_a4_': 1.0, '_a6_': 1.0}};{'d0': 0.024905832921264314};-272.381177320148;42.84193265650564
32146;-93.3486560035684;(_a5_ * (x * ((x * (_a7_ + (_a1_ / (_a3_ / (_a0_ * x))))) + _a0_)));{'d0': {'_a0_': -2.178437858396914, '_a1_': -7.474514237628262e+30, '_a3_': -3.92929062193423e+30, '_a5_': -0.8148660932819324, '_a7_': -2.5852391951050535, '_a2_': 1.0, '_a4_': 1.0, '_a6_': 1.0}};{'d0': 0.024905832921264314};-272.381177320148;42.84193265650564
32147;-95.3958282864154;(_a3_ * (x * ((x * (_a7_ + (_a1_ / (_a3_ / (_a0_ * x))))) + _a0_)));{'d0': {'_a0_': -9.403124818941659e-20, '_a1_': -3.5911047785581887e+19, '_a3_': -1.88781422990447e+19, '_a7_': -1.1159063694642924e-19, '_a2_': 1.0, '_a4_': 1.0, '_a5_': 1.0, '_a6_': 1.0}};{'d0': 0.02490583291982316};-276.475521885842;42.84193265650564
32148;-95.3958282864154;(_a3_ * (x * ((x * (_a7_ + (_a1_ / (_a3_ / (_a0_ * x))))) + _a0_)));{'d0': {'_a0_': -9.403124818941659e-20, '_a1_': -3.5911047785581887e+19, '_a3_': -1.88781422990447e+19, '_a7_': -1.1159063694642924e-19, '_a2_': 1.0, '_a4_': 1.0, '_a5_': 1.0, '_a6_': 1.0}};{'d0': 0.02490583291982316};-276.475521885842;42.84193265650564
32149;-95.3958282864154;(_a3_ * (x * ((x * (_a7_ + (_a1_ / (_a3_ / (_a0_ * x))))) + _a0_)));{'d0': {'_a0_': -9.403124818941659e-20, '_a1_': -3.5911047785581887e+19, '_a3_': -1.88781422990447e+19, '_a7_': -1.1159063694642924e-19, '_a2_': 1.0, '_a4_': 1.0, '_a5_': 1.0, '_a6_': 1.0}};{'d0': 0.02490583291982316};-276.475521885842;42.84193265650564
32150;-95.3958282864154;(_a3_ * (x * ((x * (_a7_ + (_a1_ / (_a3_ / (_a0_ * x))))) + _a0_)));{'d0': {'_a0_': -9.403124818941659e-20, '_a1_': -3.5911047785581887e+19, '_a3_': -1.88781422990447e+19, '_a7_': -1.1159063694642924e-19, '_a2_': 1.0, '_a4_': 1.0, '_a5_': 1.0, '_a6_': 1.0}};{'d0': 0.02490583291982316};-276.475521885842;42.84193265650564
32151;-95.3958282864154;(_a3_ * (x * ((x * (_a7_ + (_a1_ / (_a3_ / (_a0_ * x))))) + _a0_)));{'d0': {'_a0_': -9.403124818941659e-20, '_a1_': -3.5911047785581887e+19, '_a3_': -1.88781422990447e+19, '_a7_': -1.1159063694642924e-19, '_a2_': 1.0, '_a4_': 1.0, '_a5_': 1.0, '_a6_': 1.0}};{'d0': 0.02490583291982316};-276.475521885842;42.84193265650564
32152;-95.3958282864154;(_a3_ * (x * ((x * (_a7_ + (_a1_ / (_a3_ / (_a0_ * x))))) + _a0_)));{'d0': {'_a0_': -9.403124818941659e-20, '_a1_': -3.5911047785581887e+19, '_a3_': -1.88781422990447e+19, '_a7_': -1.1159063694642924e-19, '_a2_': 1.0, '_a4_': 1.0, '_a5_': 1.0, '_a6_': 1.0}};{'d0': 0.02490583291982316};-276.475521885842;42.84193265650564
32153;-95.3958282864154;(_a3_ * (x * ((x * (_a7_ + (_a1_ / (_a3_ / (_a0_ * x))))) + _a0_)));{'d0': {'_a0_': -9.403124818941659e-20, '_a1_': -3.5911047785581887e+19, '_a3_': -1.88781422990447e+19, '_a7_': -1.1159063694642924e-19, '_a2_': 1.0, '_a4_': 1.0, '_a5_': 1.0, '_a6_': 1.0}};{'d0': 0.02490583291982316};-276.475521885842;42.84193265650564
32154;-95.3958282864154;(_a3_ * (x * ((x * (_a7_ + (_a1_ / (_a3_ / (_a0_ * x))))) + _a0_)));{'d0': {'_a0_': -9.403124818941659e-20, '_a1_': -3.5911047785581887e+19, '_a3_': -1.88781422990447e+19, '_a7_': -1.1159063694642924e-19, '_a2_': 1.0, '_a4_': 1.0, '_a5_': 1.0, '_a6_': 1.0}};{'d0': 0.02490583291982316};-276.475521885842;42.84193265650564
32155;-95.3958282864154;(_a3_ * (x * ((x * (_a7_ + (_a1_ / (_a3_ / (_a0_ * x))))) + _a0_)));{'d0': {'_a0_': -9.403124818941659e-20, '_a1_': -3.5911047785581887e+19, '_a3_': -1.88781422990447e+19, '_a7_': -1.1159063694642924e-19, '_a2_': 1.0, '_a4_': 1.0, '_a5_': 1.0, '_a6_': 1.0}};{'d0': 0.02490583291982316};-276.475521885842;42.84193265650564
32156;-95.3958282864154;(_a3_ * (x * ((x * (_a7_ + (_a1_ / (_a3_ / (_a0_ * x))))) + _a0_)));{'d0': {'_a0_': -9.403124818941659e-20, '_a1_': -3.5911047785581887e+19, '_a3_': -1.88781422990447e+19, '_a7_': -1.1159063694642924e-19, '_a2_': 1.0, '_a4_': 1.0, '_a5_': 1.0, '_a6_': 1.0}};{'d0': 0.02490583291982316};-276.475521885842;42.84193265650564
32157;-108.292635771928;(x * (_a3_ + pow2((((_a3_ + x) + _a0_) / _a6_))));{'d0': {'_a0_': -1.13464638212459, '_a3_': 1.4465760899275004, '_a6_': -0.5441891095163052, '_a1_': 1.0, '_a2_': 1.0, '_a4_': 1.0, '_a5_': 1.0, '_a7_': 1.0}};{'d0': 0.024905832919416594};-280.569866449044;31.99229745259334
32158;-108.292635771928;(x * (_a3_ + pow2((((_a3_ + x) + _a0_) / _a6_))));{'d0': {'_a0_': -1.13464638212459, '_a3_': 1.4465760899275004, '_a6_': -0.5441891095163052, '_a1_': 1.0, '_a2_': 1.0, '_a4_': 1.0, '_a5_': 1.0, '_a7_': 1.0}};{'d0': 0.024905832919416594};-280.569866449044;31.99229745259334
32159;-95.3958282864154;(_a3_ * (x * ((x * (_a7_ + (_a1_ / (_a3_ / (_a0_ * x))))) + _a0_)));{'d0': {'_a0_': -9.403124818941659e-20, '_a1_': -3.5911047785581887e+19, '_a3_': -1.88781422990447e+19, '_a7_': -1.1159063694642924e-19, '_a2_': 1.0, '_a4_': 1.0, '_a5_': 1.0, '_a6_': 1.0}};{'d0': 0.02490583291982316};-276.475521885842;42.84193265650564
32160;-95.3958282864154;(_a3_ * (x * ((x * (_a7_ + (_a1_ / (_a3_ / (_a0_ * x))))) + _a0_)));{'d0': {'_a0_': -9.403124818941659e-20, '_a1_': -3.5911047785581887e+19, '_a3_': -1.88781422990447e+19, '_a7_': -1.1159063694642924e-19, '_a2_': 1.0, '_a4_': 1.0, '_a5_': 1.0, '_a6_': 1.0}};{'d0': 0.02490583291982316};-276.475521885842;42.84193265650564
32161;-95.3958282864154;(_a3_ * (x * ((x * (_a7_ + (_a1_ / (_a3_ / (_a0_ * x))))) + _a0_)));{'d0': {'_a0_': -9.403124818941659e-20, '_a1_': -3.5911047785581887e+19, '_a3_': -1.88781422990447e+19, '_a7_': -1.1159063694642924e-19, '_a2_': 1.0, '_a4_': 1.0, '_a5_': 1.0, '_a6_': 1.0}};{'d0': 0.02490583291982316};-276.475521885842;42.84193265650564
32162;-95.3958282864154;(_a3_ * (x * ((x * (_a7_ + (_a1_ / (_a3_ / (_a0_ * x))))) + _a0_)));{'d0': {'_a0_': -9.403124818941659e-20, '_a1_': -3.5911047785581887e+19, '_a3_': -1.88781422990447e+19, '_a7_': -1.1159063694642924e-19, '_a2_': 1.0, '_a4_': 1.0, '_a5_': 1.0, '_a6_': 1.0}};{'d0': 0.02490583291982316};-276.475521885842;42.84193265650564
32163;-95.3958282864154;(_a3_ * (x * ((x * (_a7_ + (_a1_ / (_a3_ / (_a0_ * x))))) + _a0_)));{'d0': {'_a0_': -9.403124818941659e-20, '_a1_': -3.5911047785581887e+19, '_a3_': -1.88781422990447e+19, '_a7_': -1.1159063694642924e-19, '_a2_': 1.0, '_a4_': 1.0, '_a5_': 1.0, '_a6_': 1.0}};{'d0': 0.02490583291982316};-276.475521885842;42.84193265650564
32164;-95.3958282864154;(_a3_ * (x * ((x * (_a7_ + (_a1_ / (_a3_ / (_a0_ * x))))) + _a0_)));{'d0': {'_a0_': -9.403124818941659e-20, '_a1_': -3.5911047785581887e+19, '_a3_': -1.88781422990447e+19, '_a7_': -1.1159063694642924e-19, '_a2_': 1.0, '_a4_': 1.0, '_a5_': 1.0, '_a6_': 1.0}};{'d0': 0.02490583291982316};-276.475521885842;42.84193265650564
32165;-95.3958282864154;(_a3_ * (x * ((x * (_a7_ + (_a1_ / (_a3_ / (_a0_ * x))))) + _a0_)));{'d0': {'_a0_': -9.403124818941659e-20, '_a1_': -3.5911047785581887e+19, '_a3_': -1.88781422990447e+19, '_a7_': -1.1159063694642924e-19, '_a2_': 1.0, '_a4_': 1.0, '_a5_': 1.0, '_a6_': 1.0}};{'d0': 0.02490583291982316};-276.475521885842;42.84193265650564
32166;-108.292635771928;(x * (_a3_ + pow2((((_a3_ + x) + _a0_) / _a6_))));{'d0': {'_a0_': -1.13464638212459, '_a3_': 1.4465760899275004, '_a6_': -0.5441891095163052, '_a1_': 1.0, '_a2_': 1.0, '_a4_': 1.0, '_a5_': 1.0, '_a7_': 1.0}};{'d0': 0.024905832919416594};-280.569866449044;31.99229745259334
32167;-95.3958282864154;(_a3_ * (x * ((x * (_a7_ + (_a1_ / (_a3_ / (_a0_ * x))))) + _a0_)));{'d0': {'_a0_': -9.403124818941659e-20, '_a1_': -3.5911047785581887e+19, '_a3_': -1.88781422990447e+19, '_a7_': -1.1159063694642924e-19, '_a2_': 1.0, '_a4_': 1.0, '_a5_': 1.0, '_a6_': 1.0}};{'d0': 0.02490583291982316};-276.475521885842;42.84193265650564
32168;-95.3958282864154;(_a3_ * (x * ((x * (_a7_ + (_a1_ / (_a3_ / (_a0_ * x))))) + _a0_)));{'d0': {'_a0_': -9.403124818941659e-20, '_a1_': -3.5911047785581887e+19, '_a3_': -1.88781422990447e+19, '_a7_': -1.1159063694642924e-19, '_a2_': 1.0, '_a4_': 1.0, '_a5_': 1.0, '_a6_': 1.0}};{'d0': 0.02490583291982316};-276.475521885842;42.84193265650564
32169;-95.3958282861687;(_a3_ * (x * ((x * (_a7_ + (_a1_ / (_a3_ / (_a1_ * x))))) + _a0_)));{'d0': {'_a0_': 2.0616348025592695e-21, '_a1_': -1.8375964948233108, '_a3_': 8.610327177698688e+20, '_a7_': 2.4466243438779818e-21, '_a2_': 1.0, '_a4_': 1.0, '_a5_': 1.0, '_a6_': 1.0}};{'d0': 0.024905832920027966};-276.475521885349;42.84193265650564
32170;-95.3958282861687;(_a3_ * (x * ((x * (_a7_ + (_a1_ / (_a3_ / (_a1_ * x))))) + _a0_)));{'d0': {'_a0_': 2.0616348025592695e-21, '_a1_': -1.8375964948233108, '_a3_': 8.610327177698688e+20, '_a7_': 2.4466243438779818e-21, '_a2_': 1.0, '_a4_': 1.0, '_a5_': 1.0, '_a6_': 1.0}};{'d0': 0.024905832920027966};-276.475521885349;42.84193265650564
32171;-95.3958282861687;(_a3_ * (x * ((x * (_a7_ + (_a1_ / (_a3_ / (_a1_ * x))))) + _a0_)));{'d0': {'_a0_': 2.0616348025592695e-21, '_a1_': -1.8375964948233108, '_a3_': 8.610327177698688e+20, '_a7_': 2.4466243438779818e-21, '_a2_': 1.0, '_a4_': 1.0, '_a5_': 1.0, '_a6_': 1.0}};{'d0': 0.024905832920027966};-276.475521885349;42.84193265650564
32172;-95.3958282861687;(_a3_ * (x * ((x * (_a7_ + (_a1_ / (_a3_ / (_a1_ * x))))) + _a0_)));{'d0': {'_a0_': 2.0616348025592695e-21, '_a1_': -1.8375964948233108, '_a3_': 8.610327177698688e+20, '_a7_': 2.4466243438779818e-21, '_a2_': 1.0, '_a4_': 1.0, '_a5_': 1.0, '_a6_': 1.0}};{'d0': 0.024905832920027966};-276.475521885349;42.84193265650564
32173;-95.3958282861687;(_a3_ * (x * ((x * (_a7_ + (_a1_ / (_a3_ / (_a1_ * x))))) + _a0_)));{'d0': {'_a0_': 2.0616348025592695e-21, '_a1_': -1.8375964948233108, '_a3_': 8.610327177698688e+20, '_a7_': 2.4466243438779818e-21, '_a2_': 1.0, '_a4_': 1.0, '_a5_': 1.0, '_a6_': 1.0}};{'d0': 0.024905832920027966};-276.475521885349;42.84193265650564
32174;-95.3958282861687;(_a3_ * (x * ((x * (_a7_ + (_a1_ / (_a3_ / (_a1_ * x))))) + _a0_)));{'d0': {'_a0_': 2.0616348025592695e-21, '_a1_': -1.8375964948233108, '_a3_': 8.610327177698688e+20, '_a7_': 2.4466243438779818e-21, '_a2_': 1.0, '_a4_': 1.0, '_a5_': 1.0, '_a6_': 1.0}};{'d0': 0.024905832920027966};-276.475521885349;42.84193265650564
32175;-103.488010419115;(x * (_a0_ + pow2((((_a3_ + (_a0_ * x)) + _a0_) / _a6_))));{'d0': {'_a0_': 1.4465760899728737, '_a3_': -0.9953460328515746, '_a6_': 0.7872109542393035, '_a1_': 1.0, '_a2_': 1.0, '_a4_': 1.0, '_a5_': 1.0, '_a7_': 1.0}};{'d0': 0.02490583291941652};-280.569866449044;36.79692280540634
32176;-103.488010419115;(x * (_a0_ + pow2((((_a3_ + (_a0_ * x)) + _a0_) / _a6_))));{'d0': {'_a0_': 1.4465760899728737, '_a3_': -0.9953460328515746, '_a6_': 0.7872109542393035, '_a1_': 1.0, '_a2_': 1.0, '_a4_': 1.0, '_a5_': 1.0, '_a7_': 1.0}};{'d0': 0.02490583291941652};-280.569866449044;36.79692280540634
32177;-95.3958282861687;(_a3_ * (x * ((x * (_a7_ + (_a1_ / (_a3_ / (_a1_ * x))))) + _a0_)));{'d0': {'_a0_': 2.0616348025592695e-21, '_a1_': -1.8375964948233108, '_a3_': 8.610327177698688e+20, '_a7_': 2.4466243438779818e-21, '_a2_': 1.0, '_a4_': 1.0, '_a5_': 1.0, '_a6_': 1.0}};{'d0': 0.024905832920027966};-276.475521885349;42.84193265650564
32178;-95.3958282861687;(_a3_ * (x * ((x * (_a7_ + (_a1_ / (_a3_ / (_a1_ * x))))) + _a0_)));{'d0': {'_a0_': 2.0616348025592695e-21, '_a1_': -1.8375964948233108, '_a3_': 8.610327177698688e+20, '_a7_': 2.4466243438779818e-21, '_a2_': 1.0, '_a4_': 1.0, '_a5_': 1.0, '_a6_': 1.0}};{'d0': 0.024905832920027966};-276.475521885349;42.84193265650564
32179;-95.3958282861687;(_a3_ * (x * ((x * (_a7_ + (_a1_ / (_a3_ / (_a1_ * x))))) + _a0_)));{'d0': {'_a0_': 2.0616348025592695e-21, '_a1_': -1.8375964948233108, '_a3_': 8.610327177698688e+20, '_a7_': 2.4466243438779818e-21, '_a2_': 1.0, '_a4_': 1.0, '_a5_': 1.0, '_a6_': 1.0}};{'d0': 0.024905832920027966};-276.475521885349;42.84193265650564
32180;-103.488010419115;(x * (_a0_ + pow2((((_a3_ + (_a0_ * x)) + _a0_) / _a6_))));{'d0': {'_a0_': 1.4465760899728737, '_a3_': -0.9953460328515746, '_a6_': 0.7872109542393035, '_a1_': 1.0, '_a2_': 1.0, '_a4_': 1.0, '_a5_': 1.0, '_a7_': 1.0}};{'d0': 0.02490583291941652};-280.569866449044;36.79692280540634
32181;-103.488010419115;(x * (_a0_ + pow2((((_a3_ + (_a0_ * x)) + _a0_) / _a6_))));{'d0': {'_a0_': 1.4465760899728737, '_a3_': -0.9953460328515746, '_a6_': 0.7872109542393035, '_a1_': 1.0, '_a2_': 1.0, '_a4_': 1.0, '_a5_': 1.0, '_a7_': 1.0}};{'d0': 0.02490583291941652};-280.569866449044;36.79692280540634
32182;-103.488010419115;(x * (_a0_ + pow2((((_a3_ + (_a0_ * x)) + _a0_) / _a6_))));{'d0': {'_a0_': 1.4465760899728737, '_a3_': -0.9953460328515746, '_a6_': 0.7872109542393035, '_a1_': 1.0, '_a2_': 1.0, '_a4_': 1.0, '_a5_': 1.0, '_a7_': 1.0}};{'d0': 0.02490583291941652};-280.569866449044;36.79692280540634
32183;-103.488010419115;(x * (_a0_ + pow2((((_a3_ + (_a0_ * x)) + _a0_) / _a6_))));{'d0': {'_a0_': 1.4465760899728737, '_a3_': -0.9953460328515746, '_a6_': 0.7872109542393035, '_a1_': 1.0, '_a2_': 1.0, '_a4_': 1.0, '_a5_': 1.0, '_a7_': 1.0}};{'d0': 0.02490583291941652};-280.569866449044;36.79692280540634
32184;-103.488010419115;(x * (_a0_ + pow2((((_a3_ + (_a0_ * x)) + _a0_) / _a6_))));{'d0': {'_a0_': 1.4465760899728737, '_a3_': -0.9953460328515746, '_a6_': 0.7872109542393035, '_a1_': 1.0, '_a2_': 1.0, '_a4_': 1.0, '_a5_': 1.0, '_a7_': 1.0}};{'d0': 0.02490583291941652};-280.569866449044;36.79692280540634
32185;-103.488010419115;(x * (_a0_ + pow2((((_a3_ + (_a0_ * x)) + _a0_) / _a6_))));{'d0': {'_a0_': 1.4465760899728737, '_a3_': -0.9953460328515746, '_a6_': 0.7872109542393035, '_a1_': 1.0, '_a2_': 1.0, '_a4_': 1.0, '_a5_': 1.0, '_a7_': 1.0}};{'d0': 0.02490583291941652};-280.569866449044;36.79692280540634
32186;-103.488010419115;(x * (_a0_ + pow2((((_a3_ + (_a0_ * x)) + _a0_) / _a6_))));{'d0': {'_a0_': 1.4465760899728737, '_a3_': -0.9953460328515746, '_a6_': 0.7872109542393035, '_a1_': 1.0, '_a2_': 1.0, '_a4_': 1.0, '_a5_': 1.0, '_a7_': 1.0}};{'d0': 0.02490583291941652};-280.569866449044;36.79692280540634
32187;-103.488010419115;(x * (_a0_ + pow2((((_a3_ + (_a0_ * x)) + _a0_) / _a6_))));{'d0': {'_a0_': 1.4465760899728737, '_a3_': -0.9953460328515746, '_a6_': 0.7872109542393035, '_a1_': 1.0, '_a2_': 1.0, '_a4_': 1.0, '_a5_': 1.0, '_a7_': 1.0}};{'d0': 0.02490583291941652};-280.569866449044;36.79692280540634
32188;-103.488010419115;(x * (_a0_ + pow2((((_a3_ + (_a0_ * x)) + _a0_) / _a6_))));{'d0': {'_a0_': 1.4465760899728737, '_a3_': -0.9953460328515746, '_a6_': 0.7872109542393035, '_a1_': 1.0, '_a2_': 1.0, '_a4_': 1.0, '_a5_': 1.0, '_a7_': 1.0}};{'d0': 0.02490583291941652};-280.569866449044;36.79692280540634
32189;-103.488010419115;(x * (_a0_ + pow2((((_a3_ + (_a0_ * x)) + _a0_) / _a6_))));{'d0': {'_a0_': 1.4465760899728737, '_a3_': -0.9953460328515746, '_a6_': 0.7872109542393035, '_a1_': 1.0, '_a2_': 1.0, '_a4_': 1.0, '_a5_': 1.0, '_a7_': 1.0}};{'d0': 0.02490583291941652};-280.569866449044;36.79692280540634
32190;-103.488010419115;(x * (_a0_ + pow2((((_a3_ + (_a0_ * x)) + _a0_) / _a6_))));{'d0': {'_a0_': 1.4465760899728737, '_a3_': -0.9953460328515746, '_a6_': 0.7872109542393035, '_a1_': 1.0, '_a2_': 1.0, '_a4_': 1.0, '_a5_': 1.0, '_a7_': 1.0}};{'d0': 0.02490583291941652};-280.569866449044;36.79692280540634
32191;-103.488010419115;(x * (_a0_ + pow2((((_a3_ + (_a0_ * x)) + _a0_) / _a6_))));{'d0': {'_a0_': 1.4465760899728737, '_a3_': -0.9953460328515746, '_a6_': 0.7872109542393035, '_a1_': 1.0, '_a2_': 1.0, '_a4_': 1.0, '_a5_': 1.0, '_a7_': 1.0}};{'d0': 0.02490583291941652};-280.569866449044;36.79692280540634
32192;-103.488010419115;(x * (_a0_ + pow2((((_a3_ + (_a0_ * x)) + _a0_) / _a6_))));{'d0': {'_a0_': 1.4465760899728737, '_a3_': -0.9953460328515746, '_a6_': 0.7872109542393035, '_a1_': 1.0, '_a2_': 1.0, '_a4_': 1.0, '_a5_': 1.0, '_a7_': 1.0}};{'d0': 0.02490583291941652};-280.569866449044;36.79692280540634
32193;-103.488010419115;(x * (_a0_ + pow2((((_a3_ + (_a0_ * x)) + _a0_) / _a6_))));{'d0': {'_a0_': 1.4465760899728737, '_a3_': -0.9953460328515746, '_a6_': 0.7872109542393035, '_a1_': 1.0, '_a2_': 1.0, '_a4_': 1.0, '_a5_': 1.0, '_a7_': 1.0}};{'d0': 0.02490583291941652};-280.569866449044;36.79692280540634
32194;-103.488010419115;(x * (_a0_ + pow2((((_a3_ + (_a0_ * x)) + _a0_) / _a6_))));{'d0': {'_a0_': 1.4465760899728737, '_a3_': -0.9953460328515746, '_a6_': 0.7872109542393035, '_a1_': 1.0, '_a2_': 1.0, '_a4_': 1.0, '_a5_': 1.0, '_a7_': 1.0}};{'d0': 0.02490583291941652};-280.569866449044;36.79692280540634
32195;-103.488010419115;(x * (_a0_ + pow2((((_a3_ + (_a0_ * x)) + _a0_) / _a6_))));{'d0': {'_a0_': 1.4465760899728737, '_a3_': -0.9953460328515746, '_a6_': 0.7872109542393035, '_a1_': 1.0, '_a2_': 1.0, '_a4_': 1.0, '_a5_': 1.0, '_a7_': 1.0}};{'d0': 0.02490583291941652};-280.569866449044;36.79692280540634
32196;-103.488010419115;(x * (_a0_ + pow2((((_a3_ + (_a0_ * x)) + _a0_) / _a6_))));{'d0': {'_a0_': 1.4465760899728737, '_a3_': -0.9953460328515746, '_a6_': 0.7872109542393035, '_a1_': 1.0, '_a2_': 1.0, '_a4_': 1.0, '_a5_': 1.0, '_a7_': 1.0}};{'d0': 0.02490583291941652};-280.569866449044;36.79692280540634
32197;-99.7900759465054;(x * (_a0_ + pow2((((_a3_ + (_a0_ * x)) + _a0_) / pow2(_a2_)))));{'d0': {'_a0_': 1.4465760892689785, '_a2_': 0.8872490933513693, '_a3_': -0.9953460324511555, '_a1_': 1.0, '_a4_': 1.0, '_a5_': 1.0, '_a6_': 1.0, '_a7_': 1.0}};{'d0': 0.02490583291941662};-280.569866449044;40.49485727801634
32198;-99.7900759465054;(x * (_a0_ + pow2((((_a3_ + (_a0_ * x)) + _a0_) / pow2(_a2_)))));{'d0': {'_a0_': 1.4465760892689785, '_a2_': 0.8872490933513693, '_a3_': -0.9953460324511555, '_a1_': 1.0, '_a4_': 1.0, '_a5_': 1.0, '_a6_': 1.0, '_a7_': 1.0}};{'d0': 0.02490583291941662};-280.569866449044;40.49485727801634
32199;-99.7900759465054;(x * (_a0_ + pow2((((_a3_ + (_a0_ * x)) + _a0_) / pow2(_a2_)))));{'d0': {'_a0_': 1.4465760892689785, '_a2_': 0.8872490933513693, '_a3_': -0.9953460324511555, '_a1_': 1.0, '_a4_': 1.0, '_a5_': 1.0, '_a6_': 1.0, '_a7_': 1.0}};{'d0': 0.02490583291941662};-280.569866449044;40.49485727801634
32200;-99.7900759465054;(x * (_a0_ + pow2((((_a3_ + (_a0_ * x)) + _a0_) / pow2(_a2_)))));{'d0': {'_a0_': 1.4465760892689785, '_a2_': 0.8872490933513693, '_a3_': -0.9953460324511555, '_a1_': 1.0, '_a4_': 1.0, '_a5_': 1.0, '_a6_': 1.0, '_a7_': 1.0}};{'d0': 0.02490583291941662};-280.569866449044;40.49485727801634
32201;-99.7900759465054;(x * (_a0_ + pow2((((_a3_ + (_a0_ * x)) + _a0_) / pow2(_a2_)))));{'d0': {'_a0_': 1.4465760892689785, '_a2_': 0.8872490933513693, '_a3_': -0.9953460324511555, '_a1_': 1.0, '_a4_': 1.0, '_a5_': 1.0, '_a6_': 1.0, '_a7_': 1.0}};{'d0': 0.02490583291941662};-280.569866449044;40.49485727801634
32202;-104.594701299318;(x * (_a0_ + pow2((((_a3_ + x) + _a0_) / pow2(_a2_)))));{'d0': {'_a0_': 1.4465760890265782, '_a2_': 0.7376917441063261, '_a3_': -1.1346463812636778, '_a1_': 1.0, '_a4_': 1.0, '_a5_': 1.0, '_a6_': 1.0, '_a7_': 1.0}};{'d0': 0.024905832919416646};-280.569866449044;35.69023192520334
32203;-104.594701299318;(x * (_a0_ + pow2((((_a3_ + x) + _a0_) / pow2(_a2_)))));{'d0': {'_a0_': 1.4465760890265782, '_a2_': 0.7376917441063261, '_a3_': -1.1346463812636778, '_a1_': 1.0, '_a4_': 1.0, '_a5_': 1.0, '_a6_': 1.0, '_a7_': 1.0}};{'d0': 0.024905832919416646};-280.569866449044;35.69023192520334
32204;-104.594701299318;(x * (_a0_ + pow2((((_a3_ + x) + _a0_) / pow2(_a2_)))));{'d0': {'_a0_': 1.4465760890265782, '_a2_': 0.7376917441063261, '_a3_': -1.1346463812636778, '_a1_': 1.0, '_a4_': 1.0, '_a5_': 1.0, '_a6_': 1.0, '_a7_': 1.0}};{'d0': 0.024905832919416646};-280.569866449044;35.69023192520334
32205;-104.594701299318;(x * (_a0_ + pow2((((_a3_ + x) + _a0_) / pow2(_a2_)))));{'d0': {'_a0_': 1.4465760890265782, '_a2_': 0.7376917441063261, '_a3_': -1.1346463812636778, '_a1_': 1.0, '_a4_': 1.0, '_a5_': 1.0, '_a6_': 1.0, '_a7_': 1.0}};{'d0': 0.024905832919416646};-280.569866449044;35.69023192520334
32206;-103.367701136488;(((pow2((((_a5_ * x) + _a6_) + _a1_)) + _a6_) + _a6_) * x);{'d0': {'_a1_': -1.2964889824552477, '_a5_': -1.8375964947908219, '_a6_': 0.7232880447808816, '_a0_': 1.0, '_a2_': 1.0, '_a3_': 1.0, '_a4_': 1.0, '_a7_': 1.0}};{'d0': 0.02490583291941662};-280.569866449044;36.91723208803382
32207;-103.367701136488;(((pow2((((_a5_ * x) + _a6_) + _a1_)) + _a6_) + _a6_) * x);{'d0': {'_a1_': -1.2964889824552477, '_a5_': -1.8375964947908219, '_a6_': 0.7232880447808816, '_a0_': 1.0, '_a2_': 1.0, '_a3_': 1.0, '_a4_': 1.0, '_a7_': 1.0}};{'d0': 0.02490583291941662};-280.569866449044;36.91723208803382
32208;-103.367701136488;(((pow2((((_a5_ * x) + _a6_) + _a1_)) + _a6_) + _a6_) * x);{'d0': {'_a1_': -1.2964889824552477, '_a5_': -1.8375964947908219, '_a6_': 0.7232880447808816, '_a0_': 1.0, '_a2_': 1.0, '_a3_': 1.0, '_a4_': 1.0, '_a7_': 1.0}};{'d0': 0.02490583291941662};-280.569866449044;36.91723208803382
32209;-103.367701136488;(((pow2((((_a5_ * x) + _a6_) + _a1_)) + _a6_) + _a6_) * x);{'d0': {'_a1_': -1.2964889824552477, '_a5_': -1.8375964947908219, '_a6_': 0.7232880447808816, '_a0_': 1.0, '_a2_': 1.0, '_a3_': 1.0, '_a4_': 1.0, '_a7_': 1.0}};{'d0': 0.02490583291941662};-280.569866449044;36.91723208803382
32210;-103.367701136488;(((pow2((((_a5_ * x) + _a6_) + _a1_)) + _a6_) + _a6_) * x);{'d0': {'_a1_': -1.2964889824552477, '_a5_': -1.8375964947908219, '_a6_': 0.7232880447808816, '_a0_': 1.0, '_a2_': 1.0, '_a3_': 1.0, '_a4_': 1.0, '_a7_': 1.0}};{'d0': 0.02490583291941662};-280.569866449044;36.91723208803382
32211;-104.594701299318;(x * (_a0_ + pow2((((_a3_ + x) + _a0_) / pow2(_a2_)))));{'d0': {'_a0_': 1.4465760890265782, '_a2_': 0.7376917441063261, '_a3_': -1.1346463812636778, '_a1_': 1.0, '_a4_': 1.0, '_a5_': 1.0, '_a6_': 1.0, '_a7_': 1.0}};{'d0': 0.024905832919416646};-280.569866449044;35.69023192520334
32212;-104.594701299318;(x * (_a0_ + pow2((((_a3_ + x) + _a0_) / pow2(_a2_)))));{'d0': {'_a0_': 1.4465760890265782, '_a2_': 0.7376917441063261, '_a3_': -1.1346463812636778, '_a1_': 1.0, '_a4_': 1.0, '_a5_': 1.0, '_a6_': 1.0, '_a7_': 1.0}};{'d0': 0.024905832919416646};-280.569866449044;35.69023192520334
32213;-104.594701299318;(x * (_a0_ + pow2((((_a3_ + x) + _a0_) / pow2(_a2_)))));{'d0': {'_a0_': 1.4465760890265782, '_a2_': 0.7376917441063261, '_a3_': -1.1346463812636778, '_a1_': 1.0, '_a4_': 1.0, '_a5_': 1.0, '_a6_': 1.0, '_a7_': 1.0}};{'d0': 0.024905832919416646};-280.569866449044;35.69023192520334
32214;-104.594701299318;(x * (_a0_ + pow2((((_a3_ + x) + _a0_) / pow2(_a2_)))));{'d0': {'_a0_': 1.4465760890265782, '_a2_': 0.7376917441063261, '_a3_': -1.1346463812636778, '_a1_': 1.0, '_a4_': 1.0, '_a5_': 1.0, '_a6_': 1.0, '_a7_': 1.0}};{'d0': 0.024905832919416646};-280.569866449044;35.69023192520334
32215;-104.594701299318;(x * (_a0_ + pow2((((_a3_ + x) + _a0_) / pow2(_a2_)))));{'d0': {'_a0_': 1.4465760890265782, '_a2_': 0.7376917441063261, '_a3_': -1.1346463812636778, '_a1_': 1.0, '_a4_': 1.0, '_a5_': 1.0, '_a6_': 1.0, '_a7_': 1.0}};{'d0': 0.024905832919416646};-280.569866449044;35.69023192520334
32216;-104.594701299318;(x * (_a0_ + pow2((((_a3_ + x) + _a0_) / pow2(_a2_)))));{'d0': {'_a0_': 1.4465760890265782, '_a2_': 0.7376917441063261, '_a3_': -1.1346463812636778, '_a1_': 1.0, '_a4_': 1.0, '_a5_': 1.0, '_a6_': 1.0, '_a7_': 1.0}};{'d0': 0.024905832919416646};-280.569866449044;35.69023192520334
32217;-104.594701299318;(x * (_a0_ + pow2((((_a3_ + x) + _a0_) / pow2(_a2_)))));{'d0': {'_a0_': 1.4465760890265782, '_a2_': 0.7376917441063261, '_a3_': -1.1346463812636778, '_a1_': 1.0, '_a4_': 1.0, '_a5_': 1.0, '_a6_': 1.0, '_a7_': 1.0}};{'d0': 0.024905832919416646};-280.569866449044;35.69023192520334
32218;-104.594701299318;(x * (_a0_ + pow2((((_a3_ + x) + _a0_) / pow2(_a2_)))));{'d0': {'_a0_': 1.4465760890265782, '_a2_': 0.7376917441063261, '_a3_': -1.1346463812636778, '_a1_': 1.0, '_a4_': 1.0, '_a5_': 1.0, '_a6_': 1.0, '_a7_': 1.0}};{'d0': 0.024905832919416646};-280.569866449044;35.69023192520334
32219;-104.594701299318;(x * (_a0_ + pow2((((_a3_ + x) + _a0_) / pow2(_a2_)))));{'d0': {'_a0_': 1.4465760890265782, '_a2_': 0.7376917441063261, '_a3_': -1.1346463812636778, '_a1_': 1.0, '_a4_': 1.0, '_a5_': 1.0, '_a6_': 1.0, '_a7_': 1.0}};{'d0': 0.024905832919416646};-280.569866449044;35.69023192520334
32220;-104.594701299318;(x * (_a0_ + pow2((((_a3_ + x) + _a0_) / pow2(_a2_)))));{'d0': {'_a0_': 1.4465760890265782, '_a2_': 0.7376917441063261, '_a3_': -1.1346463812636778, '_a1_': 1.0, '_a4_': 1.0, '_a5_': 1.0, '_a6_': 1.0, '_a7_': 1.0}};{'d0': 0.024905832919416646};-280.569866449044;35.69023192520334
32221;-104.594701299318;(x * (_a0_ + pow2((((_a3_ + x) + _a0_) / pow2(_a2_)))));{'d0': {'_a0_': 1.4465760890265782, '_a2_': 0.7376917441063261, '_a3_': -1.1346463812636778, '_a1_': 1.0, '_a4_': 1.0, '_a5_': 1.0, '_a6_': 1.0, '_a7_': 1.0}};{'d0': 0.024905832919416646};-280.569866449044;35.69023192520334
32222;-104.594701299318;(x * (_a0_ + pow2((((_a3_ + x) + _a0_) / pow2(_a2_)))));{'d0': {'_a0_': 1.4465760890265782, '_a2_': 0.7376917441063261, '_a3_': -1.1346463812636778, '_a1_': 1.0, '_a4_': 1.0, '_a5_': 1.0, '_a6_': 1.0, '_a7_': 1.0}};{'d0': 0.024905832919416646};-280.569866449044;35.69023192520334
32223;-104.594701299318;(x * (_a0_ + pow2((((_a3_ + x) + _a0_) / pow2(_a2_)))));{'d0': {'_a0_': 1.4465760890265782, '_a2_': 0.7376917441063261, '_a3_': -1.1346463812636778, '_a1_': 1.0, '_a4_': 1.0, '_a5_': 1.0, '_a6_': 1.0, '_a7_': 1.0}};{'d0': 0.024905832919416646};-280.569866449044;35.69023192520334
32224;-104.594701299318;(x * (_a0_ + pow2((((_a3_ + x) + _a0_) / pow2(_a2_)))));{'d0': {'_a0_': 1.4465760890265782, '_a2_': 0.7376917441063261, '_a3_': -1.1346463812636778, '_a1_': 1.0, '_a4_': 1.0, '_a5_': 1.0, '_a6_': 1.0, '_a7_': 1.0}};{'d0': 0.024905832919416646};-280.569866449044;35.69023192520334
32225;-104.594701299318;(x * (_a0_ + pow2((((_a3_ + x) + _a0_) / pow2(_a2_)))));{'d0': {'_a0_': 1.4465760890265782, '_a2_': 0.7376917441063261, '_a3_': -1.1346463812636778, '_a1_': 1.0, '_a4_': 1.0, '_a5_': 1.0, '_a6_': 1.0, '_a7_': 1.0}};{'d0': 0.024905832919416646};-280.569866449044;35.69023192520334
32226;-104.594701299318;(x * (_a0_ + pow2((((_a3_ + x) + _a0_) / pow2(_a2_)))));{'d0': {'_a0_': 1.4465760890265782, '_a2_': 0.7376917441063261, '_a3_': -1.1346463812636778, '_a1_': 1.0, '_a4_': 1.0, '_a5_': 1.0, '_a6_': 1.0, '_a7_': 1.0}};{'d0': 0.024905832919416646};-280.569866449044;35.69023192520334
32227;-104.594701299318;(x * (_a0_ + pow2((((_a3_ + x) + _a0_) / pow2(_a2_)))));{'d0': {'_a0_': 1.4465760890265782, '_a2_': 0.7376917441063261, '_a3_': -1.1346463812636778, '_a1_': 1.0, '_a4_': 1.0, '_a5_': 1.0, '_a6_': 1.0, '_a7_': 1.0}};{'d0': 0.024905832919416646};-280.569866449044;35.69023192520334
32228;-104.594701299318;(x * (_a0_ + pow2((((_a3_ + x) + _a0_) / pow2(_a2_)))));{'d0': {'_a0_': 1.4465760890265782, '_a2_': 0.7376917441063261, '_a3_': -1.1346463812636778, '_a1_': 1.0, '_a4_': 1.0, '_a5_': 1.0, '_a6_': 1.0, '_a7_': 1.0}};{'d0': 0.024905832919416646};-280.569866449044;35.69023192520334
32229;-104.594701299318;(x * (_a0_ + pow2((((_a3_ + x) + _a0_) / pow2(_a2_)))));{'d0': {'_a0_': 1.4465760890265782, '_a2_': 0.7376917441063261, '_a3_': -1.1346463812636778, '_a1_': 1.0, '_a4_': 1.0, '_a5_': 1.0, '_a6_': 1.0, '_a7_': 1.0}};{'d0': 0.024905832919416646};-280.569866449044;35.69023192520334
32230;-104.594701299318;(x * (_a0_ + pow2((((_a3_ + x) + _a0_) / pow2(_a2_)))));{'d0': {'_a0_': 1.4465760890265782, '_a2_': 0.7376917441063261, '_a3_': -1.1346463812636778, '_a1_': 1.0, '_a4_': 1.0, '_a5_': 1.0, '_a6_': 1.0, '_a7_': 1.0}};{'d0': 0.024905832919416646};-280.569866449044;35.69023192520334
32231;-104.594701299318;(x * (_a0_ + pow2((((_a3_ + x) + _a0_) / pow2(_a2_)))));{'d0': {'_a0_': 1.4465760890265782, '_a2_': 0.7376917441063261, '_a3_': -1.1346463812636778, '_a1_': 1.0, '_a4_': 1.0, '_a5_': 1.0, '_a6_': 1.0, '_a7_': 1.0}};{'d0': 0.024905832919416646};-280.569866449044;35.69023192520334
32232;-104.594701299318;(x * (_a0_ + pow2((((_a3_ + x) + _a0_) / pow2(_a2_)))));{'d0': {'_a0_': 1.4465760890265782, '_a2_': 0.7376917441063261, '_a3_': -1.1346463812636778, '_a1_': 1.0, '_a4_': 1.0, '_a5_': 1.0, '_a6_': 1.0, '_a7_': 1.0}};{'d0': 0.024905832919416646};-280.569866449044;35.69023192520334
32233;-99.7900759465053;(x * (_a0_ + pow2((((_a3_ + x) + _a0_) / pow2((_a0_ * _a5_))))));{'d0': {'_a0_': 1.446576088865181, '_a3_': -1.1346463811161942, '_a5_': 0.5099570978489516, '_a1_': 1.0, '_a2_': 1.0, '_a4_': 1.0, '_a6_': 1.0, '_a7_': 1.0}};{'d0': 0.024905832919416636};-280.569866449044;40.49485727801634
32234;-99.7900759465053;(x * (_a0_ + pow2((((_a3_ + x) + _a0_) / pow2((_a0_ * _a5_))))));{'d0': {'_a0_': 1.446576088865181, '_a3_': -1.1346463811161942, '_a5_': 0.5099570978489516, '_a1_': 1.0, '_a2_': 1.0, '_a4_': 1.0, '_a6_': 1.0, '_a7_': 1.0}};{'d0': 0.024905832919416636};-280.569866449044;40.49485727801634
32235;-99.7900759465053;(x * (_a0_ + pow2((((_a3_ + x) + _a0_) / pow2((_a0_ * _a5_))))));{'d0': {'_a0_': 1.446576088865181, '_a3_': -1.1346463811161942, '_a5_': 0.5099570978489516, '_a1_': 1.0, '_a2_': 1.0, '_a4_': 1.0, '_a6_': 1.0, '_a7_': 1.0}};{'d0': 0.024905832919416636};-280.569866449044;40.49485727801634
32236;-99.7900759465053;(x * (_a0_ + pow2((((_a3_ + x) + _a0_) / pow2((_a0_ * _a5_))))));{'d0': {'_a0_': 1.446576088865181, '_a3_': -1.1346463811161942, '_a5_': 0.5099570978489516, '_a1_': 1.0, '_a2_': 1.0, '_a4_': 1.0, '_a6_': 1.0, '_a7_': 1.0}};{'d0': 0.024905832919416636};-280.569866449044;40.49485727801634
32237;-99.7900759465053;(x * (_a0_ + pow2((((_a3_ + x) + _a0_) / pow2((_a0_ * _a5_))))));{'d0': {'_a0_': 1.446576088865181, '_a3_': -1.1346463811161942, '_a5_': 0.5099570978489516, '_a1_': 1.0, '_a2_': 1.0, '_a4_': 1.0, '_a6_': 1.0, '_a7_': 1.0}};{'d0': 0.024905832919416636};-280.569866449044;40.49485727801634
32238;-99.7900759465053;(x * (_a0_ + pow2((((_a3_ + x) + _a0_) / pow2((_a0_ * _a5_))))));{'d0': {'_a0_': 1.446576088865181, '_a3_': -1.1346463811161942, '_a5_': 0.5099570978489516, '_a1_': 1.0, '_a2_': 1.0, '_a4_': 1.0, '_a6_': 1.0, '_a7_': 1.0}};{'d0': 0.024905832919416636};-280.569866449044;40.49485727801634
32239;-99.7900759465053;(x * (_a0_ + pow2((((_a3_ + x) + _a0_) / pow2((_a0_ * _a5_))))));{'d0': {'_a0_': 1.446576088865181, '_a3_': -1.1346463811161942, '_a5_': 0.5099570978489516, '_a1_': 1.0, '_a2_': 1.0, '_a4_': 1.0, '_a6_': 1.0, '_a7_': 1.0}};{'d0': 0.024905832919416636};-280.569866449044;40.49485727801634
32240;-99.7900759465053;(x * (_a0_ + pow2((((_a3_ + x) + _a0_) / pow2((_a0_ * _a5_))))));{'d0': {'_a0_': 1.446576088865181, '_a3_': -1.1346463811161942, '_a5_': 0.5099570978489516, '_a1_': 1.0, '_a2_': 1.0, '_a4_': 1.0, '_a6_': 1.0, '_a7_': 1.0}};{'d0': 0.024905832919416636};-280.569866449044;40.49485727801634
32241;-99.7900759465053;(x * (_a0_ + pow2((((_a3_ + x) + _a0_) / pow2((_a0_ * _a5_))))));{'d0': {'_a0_': 1.446576088865181, '_a3_': -1.1346463811161942, '_a5_': 0.5099570978489516, '_a1_': 1.0, '_a2_': 1.0, '_a4_': 1.0, '_a6_': 1.0, '_a7_': 1.0}};{'d0': 0.024905832919416636};-280.569866449044;40.49485727801634
32242;-99.7900759465053;(x * (_a0_ + pow2((((_a3_ + x) + _a0_) / pow2((_a0_ * _a5_))))));{'d0': {'_a0_': 1.446576088865181, '_a3_': -1.1346463811161942, '_a5_': 0.5099570978489516, '_a1_': 1.0, '_a2_': 1.0, '_a4_': 1.0, '_a6_': 1.0, '_a7_': 1.0}};{'d0': 0.024905832919416636};-280.569866449044;40.49485727801634
32243;-99.7900759465053;(x * (_a0_ + pow2((((_a3_ + x) + _a0_) / pow2((_a0_ * _a5_))))));{'d0': {'_a0_': 1.446576088865181, '_a3_': -1.1346463811161942, '_a5_': 0.5099570978489516, '_a1_': 1.0, '_a2_': 1.0, '_a4_': 1.0, '_a6_': 1.0, '_a7_': 1.0}};{'d0': 0.024905832919416636};-280.569866449044;40.49485727801634
32244;-99.7900759465053;(x * (_a0_ + pow2((((_a3_ + x) + _a0_) / pow2((_a0_ * _a5_))))));{'d0': {'_a0_': 1.446576088865181, '_a3_': -1.1346463811161942, '_a5_': 0.5099570978489516, '_a1_': 1.0, '_a2_': 1.0, '_a4_': 1.0, '_a6_': 1.0, '_a7_': 1.0}};{'d0': 0.024905832919416636};-280.569866449044;40.49485727801634
32245;-99.7900759465053;(x * (_a0_ + pow2((((_a3_ + x) + _a0_) / pow2((_a0_ * _a5_))))));{'d0': {'_a0_': 1.446576088865181, '_a3_': -1.1346463811161942, '_a5_': 0.5099570978489516, '_a1_': 1.0, '_a2_': 1.0, '_a4_': 1.0, '_a6_': 1.0, '_a7_': 1.0}};{'d0': 0.024905832919416636};-280.569866449044;40.49485727801634
32246;-99.7900759465053;(x * (_a0_ + pow2((((_a3_ + x) + _a0_) / pow2((_a0_ * _a5_))))));{'d0': {'_a0_': 1.446576088865181, '_a3_': -1.1346463811161942, '_a5_': 0.5099570978489516, '_a1_': 1.0, '_a2_': 1.0, '_a4_': 1.0, '_a6_': 1.0, '_a7_': 1.0}};{'d0': 0.024905832919416636};-280.569866449044;40.49485727801634
32247;-99.7900759465053;(x * (_a0_ + pow2((((_a3_ + x) + _a0_) / pow2((_a0_ * _a5_))))));{'d0': {'_a0_': 1.446576088865181, '_a3_': -1.1346463811161942, '_a5_': 0.5099570978489516, '_a1_': 1.0, '_a2_': 1.0, '_a4_': 1.0, '_a6_': 1.0, '_a7_': 1.0}};{'d0': 0.024905832919416636};-280.569866449044;40.49485727801634
32248;-99.7900759465053;(x * (_a0_ + pow2((((_a3_ + x) + _a0_) / pow2((_a0_ * _a5_))))));{'d0': {'_a0_': 1.446576088865181, '_a3_': -1.1346463811161942, '_a5_': 0.5099570978489516, '_a1_': 1.0, '_a2_': 1.0, '_a4_': 1.0, '_a6_': 1.0, '_a7_': 1.0}};{'d0': 0.024905832919416636};-280.569866449044;40.49485727801634
32249;-99.7900759465053;(x * (_a0_ + pow2((((_a3_ + x) + _a0_) / pow2((_a0_ * _a5_))))));{'d0': {'_a0_': 1.446576088865181, '_a3_': -1.1346463811161942, '_a5_': 0.5099570978489516, '_a1_': 1.0, '_a2_': 1.0, '_a4_': 1.0, '_a6_': 1.0, '_a7_': 1.0}};{'d0': 0.024905832919416636};-280.569866449044;40.49485727801634
32250;-99.7900759465053;(x * (_a0_ + pow2((((_a3_ + x) + _a0_) / pow2((_a0_ * _a5_))))));{'d0': {'_a0_': 1.446576088865181, '_a3_': -1.1346463811161942, '_a5_': 0.5099570978489516, '_a1_': 1.0, '_a2_': 1.0, '_a4_': 1.0, '_a6_': 1.0, '_a7_': 1.0}};{'d0': 0.024905832919416636};-280.569866449044;40.49485727801634
32251;-99.7900759465053;(x * (_a0_ + pow2((((_a3_ + x) + _a0_) / pow2((_a0_ * _a5_))))));{'d0': {'_a0_': 1.446576088865181, '_a3_': -1.1346463811161942, '_a5_': 0.5099570978489516, '_a1_': 1.0, '_a2_': 1.0, '_a4_': 1.0, '_a6_': 1.0, '_a7_': 1.0}};{'d0': 0.024905832919416636};-280.569866449044;40.49485727801634
32252;-96.1101287862450;(x * (_a0_ + pow2((((_a3_ + x) + -(_a0_)) / pow2((_a0_ * _a5_))))));{'d0': {'_a0_': 1.4465760891929824, '_a3_': 1.7585057969691846, '_a5_': -0.5099570977579153, '_a1_': 1.0, '_a2_': 1.0, '_a4_': 1.0, '_a6_': 1.0, '_a7_': 1.0}};{'d0': 0.024905832919416636};-280.569866449044;44.17480443827673
32253;-96.1101287862450;(x * (_a0_ + pow2((((_a3_ + x) + -(_a0_)) / pow2((_a0_ * _a5_))))));{'d0': {'_a0_': 1.4465760891929824, '_a3_': 1.7585057969691846, '_a5_': -0.5099570977579153, '_a1_': 1.0, '_a2_': 1.0, '_a4_': 1.0, '_a6_': 1.0, '_a7_': 1.0}};{'d0': 0.024905832919416636};-280.569866449044;44.17480443827673
32254;-92.4296765479838;(x * (-(_a0_) + pow2((((_a3_ + x) + -(_a0_)) / pow2((_a0_ * _a5_))))));{'d0': {'_a0_': -1.4465760887056793, '_a3_': -1.134646380954697, '_a5_': 0.50995709788454, '_a1_': 1.0, '_a2_': 1.0, '_a4_': 1.0, '_a6_': 1.0, '_a7_': 1.0}};{'d0': 0.024905832919416625};-280.569866449044;47.8552566765379
32255;-92.4296765479838;(x * (-(_a0_) + pow2((((_a3_ + x) + -(_a0_)) / pow2((_a0_ * _a5_))))));{'d0': {'_a0_': -1.4465760887056793, '_a3_': -1.134646380954697, '_a5_': 0.50995709788454, '_a1_': 1.0, '_a2_': 1.0, '_a4_': 1.0, '_a6_': 1.0, '_a7_': 1.0}};{'d0': 0.024905832919416625};-280.569866449044;47.8552566765379
32256;-92.4296765479838;(x * (-(_a0_) + pow2((((_a3_ + x) + -(_a0_)) / pow2((_a0_ * _a5_))))));{'d0': {'_a0_': -1.4465760887056793, '_a3_': -1.134646380954697, '_a5_': 0.50995709788454, '_a1_': 1.0, '_a2_': 1.0, '_a4_': 1.0, '_a6_': 1.0, '_a7_': 1.0}};{'d0': 0.024905832919416625};-280.569866449044;47.8552566765379
32257;-92.4296765479838;(x * (-(_a0_) + pow2((((_a3_ + x) + -(_a0_)) / pow2((_a0_ * _a5_))))));{'d0': {'_a0_': -1.4465760887056793, '_a3_': -1.134646380954697, '_a5_': 0.50995709788454, '_a1_': 1.0, '_a2_': 1.0, '_a4_': 1.0, '_a6_': 1.0, '_a7_': 1.0}};{'d0': 0.024905832919416625};-280.569866449044;47.8552566765379
32258;-92.4296765479838;(x * (-(_a0_) + pow2((((_a3_ + x) + -(_a0_)) / pow2((_a0_ * _a5_))))));{'d0': {'_a0_': -1.4465760887056793, '_a3_': -1.134646380954697, '_a5_': 0.50995709788454, '_a1_': 1.0, '_a2_': 1.0, '_a4_': 1.0, '_a6_': 1.0, '_a7_': 1.0}};{'d0': 0.024905832919416625};-280.569866449044;47.8552566765379
32259;-92.4296765479838;(x * (-(_a0_) + pow2((((_a3_ + x) + -(_a0_)) / pow2((_a0_ * _a5_))))));{'d0': {'_a0_': -1.4465760887056793, '_a3_': -1.134646380954697, '_a5_': 0.50995709788454, '_a1_': 1.0, '_a2_': 1.0, '_a4_': 1.0, '_a6_': 1.0, '_a7_': 1.0}};{'d0': 0.024905832919416625};-280.569866449044;47.8552566765379
32260;-92.4296765479838;(x * (-(_a0_) + pow2((((_a3_ + x) + -(_a0_)) / pow2((_a0_ * _a5_))))));{'d0': {'_a0_': -1.4465760887056793, '_a3_': -1.134646380954697, '_a5_': 0.50995709788454, '_a1_': 1.0, '_a2_': 1.0, '_a4_': 1.0, '_a6_': 1.0, '_a7_': 1.0}};{'d0': 0.024905832919416625};-280.569866449044;47.8552566765379
32261;-92.4296765479838;(x * (-(_a0_) + pow2((((_a3_ + x) + -(_a0_)) / pow2((_a0_ * _a5_))))));{'d0': {'_a0_': -1.4465760887056793, '_a3_': -1.134646380954697, '_a5_': 0.50995709788454, '_a1_': 1.0, '_a2_': 1.0, '_a4_': 1.0, '_a6_': 1.0, '_a7_': 1.0}};{'d0': 0.024905832919416625};-280.569866449044;47.8552566765379
32262;-92.4296765479838;(x * (-(_a0_) + pow2((((_a3_ + x) + -(_a0_)) / pow2((_a5_ * _a5_))))));{'d0': {'_a0_': -1.4465760895867505, '_a3_': -1.1346463817857713, '_a5_': 0.8588898323885128, '_a1_': 1.0, '_a2_': 1.0, '_a4_': 1.0, '_a6_': 1.0, '_a7_': 1.0}};{'d0': 0.02490583291941662};-280.569866449044;47.8552566765379
32263;-92.4296765479838;(x * (-(_a0_) + pow2((((_a3_ + x) + -(_a0_)) / pow2((_a5_ * _a5_))))));{'d0': {'_a0_': -1.4465760895867505, '_a3_': -1.1346463817857713, '_a5_': 0.8588898323885128, '_a1_': 1.0, '_a2_': 1.0, '_a4_': 1.0, '_a6_': 1.0, '_a7_': 1.0}};{'d0': 0.02490583291941662};-280.569866449044;47.8552566765379
32264;-91.2331461471100;(x * ((_a5_ * _a3_) + pow2((((_a3_ + x) + -(_a0_)) / pow2((_a5_ * _a5_))))));{'d0': {'_a0_': 1.3723096842599836, '_a3_': 1.6842393920315453, '_a5_': 0.8588898323475966, '_a1_': 1.0, '_a2_': 1.0, '_a4_': 1.0, '_a6_': 1.0, '_a7_': 1.0}};{'d0': 0.02490583291941662};-280.569866449044;49.05178707741173
32265;-91.2331461471100;(x * ((_a5_ * _a3_) + pow2((((_a3_ + x) + -(_a0_)) / pow2((_a5_ * _a5_))))));{'d0': {'_a0_': 1.3723096842599836, '_a3_': 1.6842393920315453, '_a5_': 0.8588898323475966, '_a1_': 1.0, '_a2_': 1.0, '_a4_': 1.0, '_a6_': 1.0, '_a7_': 1.0}};{'d0': 0.02490583291941662};-280.569866449044;49.05178707741173
32266;-91.2331461471100;(x * ((_a5_ * _a3_) + pow2((((_a3_ + x) + -(_a0_)) / pow2((_a5_ * _a5_))))));{'d0': {'_a0_': 1.3723096842599836, '_a3_': 1.6842393920315453, '_a5_': 0.8588898323475966, '_a1_': 1.0, '_a2_': 1.0, '_a4_': 1.0, '_a6_': 1.0, '_a7_': 1.0}};{'d0': 0.02490583291941662};-280.569866449044;49.05178707741173
32267;-91.2331461471100;(x * ((_a5_ * _a3_) + pow2((((_a3_ + x) + -(_a0_)) / pow2((_a5_ * _a5_))))));{'d0': {'_a0_': 1.3723096842599836, '_a3_': 1.6842393920315453, '_a5_': 0.8588898323475966, '_a1_': 1.0, '_a2_': 1.0, '_a4_': 1.0, '_a6_': 1.0, '_a7_': 1.0}};{'d0': 0.02490583291941662};-280.569866449044;49.05178707741173
32268;-91.2331461471100;(x * ((_a5_ * _a3_) + pow2((((_a3_ + x) + -(_a0_)) / pow2((_a5_ * _a5_))))));{'d0': {'_a0_': 1.3723096842599836, '_a3_': 1.6842393920315453, '_a5_': 0.8588898323475966, '_a1_': 1.0, '_a2_': 1.0, '_a4_': 1.0, '_a6_': 1.0, '_a7_': 1.0}};{'d0': 0.02490583291941662};-280.569866449044;49.05178707741173
32269;-99.5822889035532;(((((pow2(_a6_) * x) * (x + _a6_)) * (_a1_ * x)) + x) / _a2_);{'d0': {'_a1_': 4.887596591409152, '_a2_': 0.5633373078681303, '_a6_': 0.6238594157144756, '_a0_': 1.0, '_a3_': 1.0, '_a4_': 1.0, '_a5_': 1.0, '_a7_': 1.0}};{'d0': 0.024905832919416674};-280.569866449043;40.702644320968346
32270;-99.5822889035532;(((((pow2(_a6_) * x) * (x + _a6_)) * (_a1_ * x)) + x) / _a2_);{'d0': {'_a1_': 4.887596591409152, '_a2_': 0.5633373078681303, '_a6_': 0.6238594157144756, '_a0_': 1.0, '_a3_': 1.0, '_a4_': 1.0, '_a5_': 1.0, '_a7_': 1.0}};{'d0': 0.024905832919416674};-280.569866449043;40.702644320968346
32271;-99.5822889035532;(((((pow2(_a6_) * x) * (x + _a6_)) * (_a1_ * x)) + x) / _a2_);{'d0': {'_a1_': 4.887596591409152, '_a2_': 0.5633373078681303, '_a6_': 0.6238594157144756, '_a0_': 1.0, '_a3_': 1.0, '_a4_': 1.0, '_a5_': 1.0, '_a7_': 1.0}};{'d0': 0.024905832919416674};-280.569866449043;40.702644320968346
32272;-94.9130933073704;(x * ((_a5_ * _a3_) + pow2((((_a3_ + x) + _a0_) / pow2((_a5_ * _a5_))))));{'d0': {'_a0_': -1.3723096846403726, '_a3_': 1.6842393924263825, '_a5_': 0.8588898323767655, '_a1_': 1.0, '_a2_': 1.0, '_a4_': 1.0, '_a6_': 1.0, '_a7_': 1.0}};{'d0': 0.02490583291941662};-280.569866449044;45.37183991715134
32273;-94.9130933073704;(x * ((_a5_ * _a3_) + pow2((((_a3_ + x) + _a0_) / pow2((_a5_ * _a5_))))));{'d0': {'_a0_': -1.3723096846403726, '_a3_': 1.6842393924263825, '_a5_': 0.8588898323767655, '_a1_': 1.0, '_a2_': 1.0, '_a4_': 1.0, '_a6_': 1.0, '_a7_': 1.0}};{'d0': 0.02490583291941662};-280.569866449044;45.37183991715134
32274;-94.9130933073704;(x * ((_a5_ * _a3_) + pow2((((_a3_ + x) + _a0_) / pow2((_a5_ * _a5_))))));{'d0': {'_a0_': -1.3723096846403726, '_a3_': 1.6842393924263825, '_a5_': 0.8588898323767655, '_a1_': 1.0, '_a2_': 1.0, '_a4_': 1.0, '_a6_': 1.0, '_a7_': 1.0}};{'d0': 0.02490583291941662};-280.569866449044;45.37183991715134
32275;-94.9130933073704;(x * ((_a5_ * _a3_) + pow2((((_a3_ + x) + _a0_) / pow2((_a5_ * _a5_))))));{'d0': {'_a0_': -1.3723096846403726, '_a3_': 1.6842393924263825, '_a5_': 0.8588898323767655, '_a1_': 1.0, '_a2_': 1.0, '_a4_': 1.0, '_a6_': 1.0, '_a7_': 1.0}};{'d0': 0.02490583291941662};-280.569866449044;45.37183991715134
32276;-94.9130933073704;(x * ((_a5_ * _a3_) + pow2((((_a3_ + x) + _a0_) / pow2((_a5_ * _a5_))))));{'d0': {'_a0_': -1.3723096846403726, '_a3_': 1.6842393924263825, '_a5_': 0.8588898323767655, '_a1_': 1.0, '_a2_': 1.0, '_a4_': 1.0, '_a6_': 1.0, '_a7_': 1.0}};{'d0': 0.02490583291941662};-280.569866449044;45.37183991715134
32277;-94.9130933073704;(x * ((_a5_ * _a3_) + pow2((((_a3_ + x) + _a0_) / pow2((_a5_ * _a5_))))));{'d0': {'_a0_': -1.3723096846403726, '_a3_': 1.6842393924263825, '_a5_': 0.8588898323767655, '_a1_': 1.0, '_a2_': 1.0, '_a4_': 1.0, '_a6_': 1.0, '_a7_': 1.0}};{'d0': 0.02490583291941662};-280.569866449044;45.37183991715134
32278;-94.9130933073704;(x * ((_a5_ * _a3_) + pow2((((_a3_ + x) + _a0_) / pow2((_a5_ * _a5_))))));{'d0': {'_a0_': -1.3723096846403726, '_a3_': 1.6842393924263825, '_a5_': 0.8588898323767655, '_a1_': 1.0, '_a2_': 1.0, '_a4_': 1.0, '_a6_': 1.0, '_a7_': 1.0}};{'d0': 0.02490583291941662};-280.569866449044;45.37183991715134
32279;-94.9130933073704;(x * ((_a5_ * _a3_) + pow2((((_a3_ + x) + _a0_) / pow2((_a5_ * _a5_))))));{'d0': {'_a0_': -1.3723096846403726, '_a3_': 1.6842393924263825, '_a5_': 0.8588898323767655, '_a1_': 1.0, '_a2_': 1.0, '_a4_': 1.0, '_a6_': 1.0, '_a7_': 1.0}};{'d0': 0.02490583291941662};-280.569866449044;45.37183991715134
32280;-94.9130933073704;(x * ((_a5_ * _a3_) + pow2((((_a3_ + x) + _a0_) / pow2((_a5_ * _a5_))))));{'d0': {'_a0_': -1.3723096846403726, '_a3_': 1.6842393924263825, '_a5_': 0.8588898323767655, '_a1_': 1.0, '_a2_': 1.0, '_a4_': 1.0, '_a6_': 1.0, '_a7_': 1.0}};{'d0': 0.02490583291941662};-280.569866449044;45.37183991715134
32281;-94.9130933073704;(x * ((_a5_ * _a3_) + pow2((((_a3_ + x) + _a0_) / pow2((_a5_ * _a5_))))));{'d0': {'_a0_': -1.3723096846403726, '_a3_': 1.6842393924263825, '_a5_': 0.8588898323767655, '_a1_': 1.0, '_a2_': 1.0, '_a4_': 1.0, '_a6_': 1.0, '_a7_': 1.0}};{'d0': 0.02490583291941662};-280.569866449044;45.37183991715134
32282;-94.9130933073704;(x * ((_a5_ * _a3_) + pow2((((_a3_ + x) + _a0_) / pow2((_a5_ * _a5_))))));{'d0': {'_a0_': -1.3723096846403726, '_a3_': 1.6842393924263825, '_a5_': 0.8588898323767655, '_a1_': 1.0, '_a2_': 1.0, '_a4_': 1.0, '_a6_': 1.0, '_a7_': 1.0}};{'d0': 0.02490583291941662};-280.569866449044;45.37183991715134
32283;-94.9130933073704;(x * ((_a5_ * _a3_) + pow2((((_a3_ + x) + _a0_) / pow2((_a5_ * _a5_))))));{'d0': {'_a0_': -1.3723096846403726, '_a3_': 1.6842393924263825, '_a5_': 0.8588898323767655, '_a1_': 1.0, '_a2_': 1.0, '_a4_': 1.0, '_a6_': 1.0, '_a7_': 1.0}};{'d0': 0.02490583291941662};-280.569866449044;45.37183991715134
32284;-94.9130933073704;(x * ((_a5_ * _a3_) + pow2((((_a3_ + x) + _a0_) / pow2((_a5_ * _a5_))))));{'d0': {'_a0_': -1.3723096846403726, '_a3_': 1.6842393924263825, '_a5_': 0.8588898323767655, '_a1_': 1.0, '_a2_': 1.0, '_a4_': 1.0, '_a6_': 1.0, '_a7_': 1.0}};{'d0': 0.02490583291941662};-280.569866449044;45.37183991715134
32285;-100.851681668750;(((pow2(((-(x) / _a6_) + (_a6_ * _a5_))) + _a6_) * _a7_) * x);{'d0': {'_a5_': -0.5489036121131046, '_a6_': 0.7538419904826994, '_a7_': 1.9189380631928392, '_a0_': 1.0, '_a1_': 1.0, '_a2_': 1.0, '_a3_': 1.0, '_a4_': 1.0}};{'d0': 0.024905832919416705};-280.569866449043;39.43325155577161
32286;-105.728664307885;(((pow2(((-(x) / _a6_) + _a4_)) + _a6_) * _a7_) * x);{'d0': {'_a4_': -0.4137865916128948, '_a6_': 0.7538419904738743, '_a7_': 1.9189380632439819, '_a0_': 1.0, '_a1_': 1.0, '_a2_': 1.0, '_a3_': 1.0, '_a5_': 1.0}};{'d0': 0.02490583291941664};-280.569866449044;34.55626891663661
32287;-100.851681668750;(((pow2(((-(x) / _a6_) + _a4_)) + _a6_) * (_a3_ * _a3_)) * x);{'d0': {'_a3_': 1.3852573996301492, '_a4_': -0.413786591415158, '_a6_': 0.7538419906548646, '_a0_': 1.0, '_a1_': 1.0, '_a2_': 1.0, '_a5_': 1.0, '_a7_': 1.0}};{'d0': 0.024905832919416605};-280.569866449044;39.43325155577161
32288;-100.851681668750;(((pow2(((-(x) / _a6_) + _a4_)) + _a6_) * (_a3_ * _a3_)) * x);{'d0': {'_a3_': 1.3852573996301492, '_a4_': -0.413786591415158, '_a6_': 0.7538419906548646, '_a0_': 1.0, '_a1_': 1.0, '_a2_': 1.0, '_a5_': 1.0, '_a7_': 1.0}};{'d0': 0.024905832919416605};-280.569866449044;39.43325155577161
32289;-100.851681668750;(((pow2(((-(x) / _a6_) + _a4_)) + _a6_) * (_a3_ * _a3_)) * x);{'d0': {'_a3_': 1.3852573996301492, '_a4_': -0.413786591415158, '_a6_': 0.7538419906548646, '_a0_': 1.0, '_a1_': 1.0, '_a2_': 1.0, '_a5_': 1.0, '_a7_': 1.0}};{'d0': 0.024905832919416605};-280.569866449044;39.43325155577161
32290;-100.851681668750;(((pow2(((-(x) / _a6_) + _a4_)) + _a6_) * (_a3_ * _a3_)) * x);{'d0': {'_a3_': 1.3852573996301492, '_a4_': -0.413786591415158, '_a6_': 0.7538419906548646, '_a0_': 1.0, '_a1_': 1.0, '_a2_': 1.0, '_a5_': 1.0, '_a7_': 1.0}};{'d0': 0.024905832919416605};-280.569866449044;39.43325155577161
32291;-100.851681668750;(((pow2(((-(x) / _a6_) + _a4_)) + _a6_) * (_a3_ * _a3_)) * x);{'d0': {'_a3_': 1.3852573996301492, '_a4_': -0.413786591415158, '_a6_': 0.7538419906548646, '_a0_': 1.0, '_a1_': 1.0, '_a2_': 1.0, '_a5_': 1.0, '_a7_': 1.0}};{'d0': 0.024905832919416605};-280.569866449044;39.43325155577161
32292;-100.851681668750;(((pow2(((-(x) / _a6_) + _a4_)) + _a6_) * (_a3_ * _a3_)) * x);{'d0': {'_a3_': 1.3852573996301492, '_a4_': -0.413786591415158, '_a6_': 0.7538419906548646, '_a0_': 1.0, '_a1_': 1.0, '_a2_': 1.0, '_a5_': 1.0, '_a7_': 1.0}};{'d0': 0.024905832919416605};-280.569866449044;39.43325155577161
32293;-100.851681668750;(((pow2(((-(x) / _a6_) + _a4_)) + _a6_) * (_a3_ * _a3_)) * x);{'d0': {'_a3_': 1.3852573996301492, '_a4_': -0.413786591415158, '_a6_': 0.7538419906548646, '_a0_': 1.0, '_a1_': 1.0, '_a2_': 1.0, '_a5_': 1.0, '_a7_': 1.0}};{'d0': 0.024905832919416605};-280.569866449044;39.43325155577161
32294;-100.851681668750;(((pow2(((-(x) / _a6_) + _a4_)) + _a6_) * (_a3_ * _a4_)) * x);{'d0': {'_a3_': -4.637506634762616, '_a4_': -0.41378659144682023, '_a6_': 0.7538419905863597, '_a0_': 1.0, '_a1_': 1.0, '_a2_': 1.0, '_a5_': 1.0, '_a7_': 1.0}};{'d0': 0.024905832919416622};-280.569866449044;39.43325155577161
32295;-100.851681668750;(((pow2(((-(x) / _a6_) + _a4_)) + _a6_) * (_a3_ * _a4_)) * x);{'d0': {'_a3_': -4.637506634762616, '_a4_': -0.41378659144682023, '_a6_': 0.7538419905863597, '_a0_': 1.0, '_a1_': 1.0, '_a2_': 1.0, '_a5_': 1.0, '_a7_': 1.0}};{'d0': 0.024905832919416622};-280.569866449044;39.43325155577161
32296;-100.851681668750;(((pow2(((-(x) / _a6_) + _a4_)) + _a6_) * (_a3_ * _a4_)) * x);{'d0': {'_a3_': -4.637506634762616, '_a4_': -0.41378659144682023, '_a6_': 0.7538419905863597, '_a0_': 1.0, '_a1_': 1.0, '_a2_': 1.0, '_a5_': 1.0, '_a7_': 1.0}};{'d0': 0.024905832919416622};-280.569866449044;39.43325155577161
32297;-100.851681668750;(((pow2(((-(x) / _a6_) + _a4_)) + _a6_) * (_a3_ * _a4_)) * x);{'d0': {'_a3_': -4.637506634762616, '_a4_': -0.41378659144682023, '_a6_': 0.7538419905863597, '_a0_': 1.0, '_a1_': 1.0, '_a2_': 1.0, '_a5_': 1.0, '_a7_': 1.0}};{'d0': 0.024905832919416622};-280.569866449044;39.43325155577161
32298;-100.851681668750;(((pow2(((-(x) / _a6_) + _a4_)) + _a6_) * (_a3_ * _a4_)) * x);{'d0': {'_a3_': -4.637506634762616, '_a4_': -0.41378659144682023, '_a6_': 0.7538419905863597, '_a0_': 1.0, '_a1_': 1.0, '_a2_': 1.0, '_a5_': 1.0, '_a7_': 1.0}};{'d0': 0.024905832919416622};-280.569866449044;39.43325155577161
32299;-100.851681668750;(((pow2(((-(x) / _a6_) + _a4_)) + _a6_) * (_a3_ * _a4_)) * x);{'d0': {'_a3_': -4.637506634762616, '_a4_': -0.41378659144682023, '_a6_': 0.7538419905863597, '_a0_': 1.0, '_a1_': 1.0, '_a2_': 1.0, '_a5_': 1.0, '_a7_': 1.0}};{'d0': 0.024905832919416622};-280.569866449044;39.43325155577161
32300;-100.851681668750;(((pow2(((-(x) / _a6_) + _a4_)) + _a6_) * (_a3_ * _a4_)) * x);{'d0': {'_a3_': -4.637506634762616, '_a4_': -0.41378659144682023, '_a6_': 0.7538419905863597, '_a0_': 1.0, '_a1_': 1.0, '_a2_': 1.0, '_a5_': 1.0, '_a7_': 1.0}};{'d0': 0.024905832919416622};-280.569866449044;39.43325155577161
32301;-100.851681668750;(((pow2(((-(x) / _a6_) + _a4_)) + _a6_) * (_a3_ * _a4_)) * x);{'d0': {'_a3_': -4.637506634762616, '_a4_': -0.41378659144682023, '_a6_': 0.7538419905863597, '_a0_': 1.0, '_a1_': 1.0, '_a2_': 1.0, '_a5_': 1.0, '_a7_': 1.0}};{'d0': 0.024905832919416622};-280.569866449044;39.43325155577161
32302;-93.4384412528674;(((pow2(((-(x) / exp(_a7_)) + _a4_)) + _a6_) * (_a3_ * _a4_)) * x);{'d0': {'_a3_': -4.764213185635441, '_a4_': -0.41008529325812737, '_a6_': 0.7404161526536333, '_a7_': -0.2735873060566732, '_a0_': 1.0, '_a1_': 1.0, '_a2_': 1.0, '_a5_': 1.0}};{'d0': 0.02490583291950919};-276.475521886598;44.79931969043161
32303;-99.5822889035532;(((((pow2(_a6_) * x) * (x + _a6_)) * (_a1_ * x)) + x) / _a2_);{'d0': {'_a1_': 4.887596591409152, '_a2_': 0.5633373078681303, '_a6_': 0.6238594157144756, '_a0_': 1.0, '_a3_': 1.0, '_a4_': 1.0, '_a5_': 1.0, '_a7_': 1.0}};{'d0': 0.024905832919416674};-280.569866449043;40.702644320968346
32304;-99.5822889035532;(((((pow2(_a6_) * x) * (x + _a6_)) * (_a1_ * x)) + x) / _a2_);{'d0': {'_a1_': 4.887596591409152, '_a2_': 0.5633373078681303, '_a6_': 0.6238594157144756, '_a0_': 1.0, '_a3_': 1.0, '_a4_': 1.0, '_a5_': 1.0, '_a7_': 1.0}};{'d0': 0.024905832919416674};-280.569866449043;40.702644320968346
32305;-94.9964715482532;(x * ((_a5_ / _a3_) + pow2((((_a3_ * x) + _a0_) / pow2((_a5_ * _a5_))))));{'d0': {'_a0_': 0.1556628499885738, '_a3_': 0.4990318206725154, '_a5_': 0.7218874992826418, '_a1_': 1.0, '_a2_': 1.0, '_a4_': 1.0, '_a6_': 1.0, '_a7_': 1.0}};{'d0': 0.024905832919416636};-280.569866449044;45.28846167626855
32306;-90.0471316227961;((x * ((_a5_ / _a3_) + pow2((((_a3_ * x) + _a0_) / pow2((_a5_ * _a5_)))))) * _a5_);{'d0': {'_a0_': 0.058558985117140666, '_a3_': 0.18773134991876966, '_a5_': 0.5211215615907338, '_a1_': 1.0, '_a2_': 1.0, '_a4_': 1.0, '_a6_': 1.0, '_a7_': 1.0}};{'d0': 0.024905832919416712};-280.569866449043;50.23780160172555
32307;-99.5822889035532;(((((pow2(_a6_) * x) * (x + _a6_)) * (_a1_ * x)) + x) / _a2_);{'d0': {'_a1_': 4.887596591409152, '_a2_': 0.5633373078681303, '_a6_': 0.6238594157144756, '_a0_': 1.0, '_a3_': 1.0, '_a4_': 1.0, '_a5_': 1.0, '_a7_': 1.0}};{'d0': 0.024905832919416674};-280.569866449043;40.702644320968346
32308;-99.5822889035532;(((((pow2(_a6_) * x) * (x + _a6_)) * (_a1_ * x)) + x) / _a2_);{'d0': {'_a1_': 4.887596591409152, '_a2_': 0.5633373078681303, '_a6_': 0.6238594157144756, '_a0_': 1.0, '_a3_': 1.0, '_a4_': 1.0, '_a5_': 1.0, '_a7_': 1.0}};{'d0': 0.024905832919416674};-280.569866449043;40.702644320968346
32309;-99.5822889035532;(((((pow2(_a6_) * x) * (x + _a6_)) * (_a1_ * x)) + x) / _a2_);{'d0': {'_a1_': 4.887596591409152, '_a2_': 0.5633373078681303, '_a6_': 0.6238594157144756, '_a0_': 1.0, '_a3_': 1.0, '_a4_': 1.0, '_a5_': 1.0, '_a7_': 1.0}};{'d0': 0.024905832919416674};-280.569866449043;40.702644320968346
32310;-99.5822889035532;(((((pow2(_a6_) * x) * (x + _a6_)) * (_a1_ * x)) + x) / _a2_);{'d0': {'_a1_': 4.887596591409152, '_a2_': 0.5633373078681303, '_a6_': 0.6238594157144756, '_a0_': 1.0, '_a3_': 1.0, '_a4_': 1.0, '_a5_': 1.0, '_a7_': 1.0}};{'d0': 0.024905832919416674};-280.569866449043;40.702644320968346
32311;-99.5822889035532;(((((pow2(_a6_) * x) * (x + _a6_)) * (_a1_ * x)) + x) / _a2_);{'d0': {'_a1_': 4.887596591409152, '_a2_': 0.5633373078681303, '_a6_': 0.6238594157144756, '_a0_': 1.0, '_a3_': 1.0, '_a4_': 1.0, '_a5_': 1.0, '_a7_': 1.0}};{'d0': 0.024905832919416674};-280.569866449043;40.702644320968346
32312;-90.0471316227961;((x * ((_a5_ / _a3_) + pow2((((_a3_ * x) + _a0_) / pow2((_a5_ * _a5_)))))) * _a5_);{'d0': {'_a0_': 0.058558985117140666, '_a3_': 0.18773134991876966, '_a5_': 0.5211215615907338, '_a1_': 1.0, '_a2_': 1.0, '_a4_': 1.0, '_a6_': 1.0, '_a7_': 1.0}};{'d0': 0.024905832919416712};-280.569866449043;50.23780160172555
32313;-90.0471316227961;((x * ((_a5_ / _a3_) + pow2((((_a3_ * x) + _a0_) / pow2((_a5_ * _a5_)))))) * _a5_);{'d0': {'_a0_': 0.058558985117140666, '_a3_': 0.18773134991876966, '_a5_': 0.5211215615907338, '_a1_': 1.0, '_a2_': 1.0, '_a4_': 1.0, '_a6_': 1.0, '_a7_': 1.0}};{'d0': 0.024905832919416712};-280.569866449043;50.23780160172555
32314;-90.0471316227961;((x * ((_a5_ / _a3_) + pow2((((_a3_ * x) + _a0_) / pow2((_a5_ * _a5_)))))) * _a5_);{'d0': {'_a0_': 0.058558985117140666, '_a3_': 0.18773134991876966, '_a5_': 0.5211215615907338, '_a1_': 1.0, '_a2_': 1.0, '_a4_': 1.0, '_a6_': 1.0, '_a7_': 1.0}};{'d0': 0.024905832919416712};-280.569866449043;50.23780160172555
32315;-90.0471316227961;((x * ((_a5_ / _a3_) + pow2((((_a3_ * x) + _a0_) / pow2((_a5_ * _a5_)))))) * _a5_);{'d0': {'_a0_': 0.058558985117140666, '_a3_': 0.18773134991876966, '_a5_': 0.5211215615907338, '_a1_': 1.0, '_a2_': 1.0, '_a4_': 1.0, '_a6_': 1.0, '_a7_': 1.0}};{'d0': 0.024905832919416712};-280.569866449043;50.23780160172555
32316;-90.0471316227961;((x * ((_a5_ / _a3_) + pow2((((_a3_ * x) + _a0_) / pow2((_a5_ * _a5_)))))) * _a5_);{'d0': {'_a0_': 0.058558985117140666, '_a3_': 0.18773134991876966, '_a5_': 0.5211215615907338, '_a1_': 1.0, '_a2_': 1.0, '_a4_': 1.0, '_a6_': 1.0, '_a7_': 1.0}};{'d0': 0.024905832919416712};-280.569866449043;50.23780160172555
32317;-90.0471316227961;((x * ((_a5_ / _a3_) + pow2((((_a3_ * x) + _a0_) / pow2((_a5_ * _a5_)))))) * _a5_);{'d0': {'_a0_': 0.058558985117140666, '_a3_': 0.18773134991876966, '_a5_': 0.5211215615907338, '_a1_': 1.0, '_a2_': 1.0, '_a4_': 1.0, '_a6_': 1.0, '_a7_': 1.0}};{'d0': 0.024905832919416712};-280.569866449043;50.23780160172555
32318;-90.0471316227961;((x * ((_a5_ / _a3_) + pow2((((_a3_ * x) + _a0_) / pow2((_a5_ * _a5_)))))) * _a5_);{'d0': {'_a0_': 0.058558985117140666, '_a3_': 0.18773134991876966, '_a5_': 0.5211215615907338, '_a1_': 1.0, '_a2_': 1.0, '_a4_': 1.0, '_a6_': 1.0, '_a7_': 1.0}};{'d0': 0.024905832919416712};-280.569866449043;50.23780160172555
32319;-90.0471316227961;((x * ((_a5_ / _a3_) + pow2((((_a3_ * x) + _a0_) / pow2((_a5_ * _a5_)))))) * _a5_);{'d0': {'_a0_': 0.058558985117140666, '_a3_': 0.18773134991876966, '_a5_': 0.5211215615907338, '_a1_': 1.0, '_a2_': 1.0, '_a4_': 1.0, '_a6_': 1.0, '_a7_': 1.0}};{'d0': 0.024905832919416712};-280.569866449043;50.23780160172555
32320;-90.0471316227961;((x * ((_a5_ / _a3_) + pow2((((_a3_ * x) + _a0_) / pow2((_a5_ * _a5_)))))) * _a5_);{'d0': {'_a0_': 0.058558985117140666, '_a3_': 0.18773134991876966, '_a5_': 0.5211215615907338, '_a1_': 1.0, '_a2_': 1.0, '_a4_': 1.0, '_a6_': 1.0, '_a7_': 1.0}};{'d0': 0.024905832919416712};-280.569866449043;50.23780160172555
32321;-99.5822889035532;(((((pow2(_a6_) * x) * (x + _a6_)) * (_a1_ * x)) + x) / _a2_);{'d0': {'_a1_': 4.887596591409152, '_a2_': 0.5633373078681303, '_a6_': 0.6238594157144756, '_a0_': 1.0, '_a3_': 1.0, '_a4_': 1.0, '_a5_': 1.0, '_a7_': 1.0}};{'d0': 0.024905832919416674};-280.569866449043;40.702644320968346
32322;-99.5822889035532;(((((pow2(_a6_) * x) * (x + _a6_)) * (_a1_ * x)) + x) / _a2_);{'d0': {'_a1_': 4.887596591409152, '_a2_': 0.5633373078681303, '_a6_': 0.6238594157144756, '_a0_': 1.0, '_a3_': 1.0, '_a4_': 1.0, '_a5_': 1.0, '_a7_': 1.0}};{'d0': 0.024905832919416674};-280.569866449043;40.702644320968346
32323;-99.5822889035532;(((((pow2(_a6_) * x) * (x + _a6_)) * (_a1_ * x)) + x) / _a2_);{'d0': {'_a1_': 4.887596591409152, '_a2_': 0.5633373078681303, '_a6_': 0.6238594157144756, '_a0_': 1.0, '_a3_': 1.0, '_a4_': 1.0, '_a5_': 1.0, '_a7_': 1.0}};{'d0': 0.024905832919416674};-280.569866449043;40.702644320968346
32324;-99.5822889035532;(((((pow2(_a6_) * x) * (x + _a6_)) * (_a1_ * x)) + x) / _a2_);{'d0': {'_a1_': 4.887596591409152, '_a2_': 0.5633373078681303, '_a6_': 0.6238594157144756, '_a0_': 1.0, '_a3_': 1.0, '_a4_': 1.0, '_a5_': 1.0, '_a7_': 1.0}};{'d0': 0.024905832919416674};-280.569866449043;40.702644320968346
32325;-99.5822889035532;(((((pow2(_a6_) * x) * (x + _a6_)) * (_a1_ * x)) + x) / _a2_);{'d0': {'_a1_': 4.887596591409152, '_a2_': 0.5633373078681303, '_a6_': 0.6238594157144756, '_a0_': 1.0, '_a3_': 1.0, '_a4_': 1.0, '_a5_': 1.0, '_a7_': 1.0}};{'d0': 0.024905832919416674};-280.569866449043;40.702644320968346
32326;-88.9170617556832;(x * ((cos(_a0_) / _a3_) + pow2((((_a3_ * x) + _a0_) / pow2((_a5_ * _a5_))))));{'d0': {'_a0_': 0.21085724107258802, '_a3_': 0.6759767851584543, '_a5_': 0.7787900727592263, '_a1_': 1.0, '_a2_': 1.0, '_a4_': 1.0, '_a6_': 1.0, '_a7_': 1.0}};{'d0': 0.024905832919416632};-280.569866449044;51.367871468838544
32327;-88.9170617556832;(x * ((cos(_a0_) / _a3_) + pow2((((_a3_ * x) + _a0_) / pow2((_a5_ * _a5_))))));{'d0': {'_a0_': 0.21085724107258802, '_a3_': 0.6759767851584543, '_a5_': 0.7787900727592263, '_a1_': 1.0, '_a2_': 1.0, '_a4_': 1.0, '_a6_': 1.0, '_a7_': 1.0}};{'d0': 0.024905832919416632};-280.569866449044;51.367871468838544
32328;-88.9170617556832;(x * ((cos(_a0_) / _a3_) + pow2((((_a3_ * x) + _a0_) / pow2((_a5_ * _a5_))))));{'d0': {'_a0_': 0.21085724107258802, '_a3_': 0.6759767851584543, '_a5_': 0.7787900727592263, '_a1_': 1.0, '_a2_': 1.0, '_a4_': 1.0, '_a6_': 1.0, '_a7_': 1.0}};{'d0': 0.024905832919416632};-280.569866449044;51.367871468838544
32329;-89.8049446383733;(x * ((cos(_a0_) * _a3_) + pow2((((_a3_ * x) + _a0_) / pow2((_a5_ * _a5_))))));{'d0': {'_a0_': 0.5199410702595462, '_a3_': 1.6668533241743497, '_a5_': 0.9759145835378884, '_a1_': 1.0, '_a2_': 1.0, '_a4_': 1.0, '_a6_': 1.0, '_a7_': 1.0}};{'d0': 0.024905832919416646};-280.569866449044;50.479988586148345
32330;-89.8049446383733;(x * ((cos(_a0_) * _a3_) + pow2((((_a3_ * x) + _a0_) / pow2((_a5_ * _a5_))))));{'d0': {'_a0_': 0.5199410702595462, '_a3_': 1.6668533241743497, '_a5_': 0.9759145835378884, '_a1_': 1.0, '_a2_': 1.0, '_a4_': 1.0, '_a6_': 1.0, '_a7_': 1.0}};{'d0': 0.024905832919416646};-280.569866449044;50.479988586148345
32331;-89.8049446383733;(x * ((cos(_a0_) * _a3_) + pow2((((_a3_ * x) + _a0_) / pow2((_a5_ * _a5_))))));{'d0': {'_a0_': 0.5199410702595462, '_a3_': 1.6668533241743497, '_a5_': 0.9759145835378884, '_a1_': 1.0, '_a2_': 1.0, '_a4_': 1.0, '_a6_': 1.0, '_a7_': 1.0}};{'d0': 0.024905832919416646};-280.569866449044;50.479988586148345
32332;-99.5822889035532;(((((pow2(_a6_) * x) * (x + _a6_)) * (_a1_ * x)) + x) / _a2_);{'d0': {'_a1_': 4.887596591409152, '_a2_': 0.5633373078681303, '_a6_': 0.6238594157144756, '_a0_': 1.0, '_a3_': 1.0, '_a4_': 1.0, '_a5_': 1.0, '_a7_': 1.0}};{'d0': 0.024905832919416674};-280.569866449043;40.702644320968346
32333;-99.5822889035532;(((((pow2(_a6_) * x) * (x + _a6_)) * (_a1_ * x)) + x) / _a2_);{'d0': {'_a1_': 4.887596591409152, '_a2_': 0.5633373078681303, '_a6_': 0.6238594157144756, '_a0_': 1.0, '_a3_': 1.0, '_a4_': 1.0, '_a5_': 1.0, '_a7_': 1.0}};{'d0': 0.024905832919416674};-280.569866449043;40.702644320968346
32334;-99.5822889035532;(((((pow2(_a6_) * x) * (x + _a6_)) * (_a1_ * x)) + x) / _a2_);{'d0': {'_a1_': 4.887596591409152, '_a2_': 0.5633373078681303, '_a6_': 0.6238594157144756, '_a0_': 1.0, '_a3_': 1.0, '_a4_': 1.0, '_a5_': 1.0, '_a7_': 1.0}};{'d0': 0.024905832919416674};-280.569866449043;40.702644320968346
32335;-99.5822889035532;(((((pow2(_a6_) * x) * (x + _a6_)) * (_a1_ * x)) + x) / _a2_);{'d0': {'_a1_': 4.887596591409152, '_a2_': 0.5633373078681303, '_a6_': 0.6238594157144756, '_a0_': 1.0, '_a3_': 1.0, '_a4_': 1.0, '_a5_': 1.0, '_a7_': 1.0}};{'d0': 0.024905832919416674};-280.569866449043;40.702644320968346
32336;-99.5822889035532;(((((pow2(_a6_) * x) * (x + _a6_)) * (_a1_ * x)) + x) / _a2_);{'d0': {'_a1_': 4.887596591409152, '_a2_': 0.5633373078681303, '_a6_': 0.6238594157144756, '_a0_': 1.0, '_a3_': 1.0, '_a4_': 1.0, '_a5_': 1.0, '_a7_': 1.0}};{'d0': 0.024905832919416674};-280.569866449043;40.702644320968346
32337;-99.5822889035532;(((((pow2(_a6_) * x) * (x + _a6_)) * (_a1_ * x)) + x) / _a2_);{'d0': {'_a1_': 4.887596591409152, '_a2_': 0.5633373078681303, '_a6_': 0.6238594157144756, '_a0_': 1.0, '_a3_': 1.0, '_a4_': 1.0, '_a5_': 1.0, '_a7_': 1.0}};{'d0': 0.024905832919416674};-280.569866449043;40.702644320968346
32338;-99.5822889035532;(((((pow2(_a6_) * x) * (x + _a6_)) * (_a1_ * x)) + x) / _a2_);{'d0': {'_a1_': 4.887596591409152, '_a2_': 0.5633373078681303, '_a6_': 0.6238594157144756, '_a0_': 1.0, '_a3_': 1.0, '_a4_': 1.0, '_a5_': 1.0, '_a7_': 1.0}};{'d0': 0.024905832919416674};-280.569866449043;40.702644320968346
32339;-99.5822889035532;(((((pow2(_a6_) * x) * (x + _a6_)) * (_a1_ * x)) + x) / _a2_);{'d0': {'_a1_': 4.887596591409152, '_a2_': 0.5633373078681303, '_a6_': 0.6238594157144756, '_a0_': 1.0, '_a3_': 1.0, '_a4_': 1.0, '_a5_': 1.0, '_a7_': 1.0}};{'d0': 0.024905832919416674};-280.569866449043;40.702644320968346
32340;-99.5822889035532;(((((pow2(_a6_) * x) * (x + _a6_)) * (_a1_ * x)) + x) / _a2_);{'d0': {'_a1_': 4.887596591409152, '_a2_': 0.5633373078681303, '_a6_': 0.6238594157144756, '_a0_': 1.0, '_a3_': 1.0, '_a4_': 1.0, '_a5_': 1.0, '_a7_': 1.0}};{'d0': 0.024905832919416674};-280.569866449043;40.702644320968346
32341;-99.5822889035532;(((((pow2(_a6_) * x) * (x + _a6_)) * (_a1_ * x)) + x) / _a2_);{'d0': {'_a1_': 4.887596591409152, '_a2_': 0.5633373078681303, '_a6_': 0.6238594157144756, '_a0_': 1.0, '_a3_': 1.0, '_a4_': 1.0, '_a5_': 1.0, '_a7_': 1.0}};{'d0': 0.024905832919416674};-280.569866449043;40.702644320968346
32342;-99.5822889035532;(((((pow2(_a6_) * x) * (x + _a6_)) * (_a1_ * x)) + x) / _a2_);{'d0': {'_a1_': 4.887596591409152, '_a2_': 0.5633373078681303, '_a6_': 0.6238594157144756, '_a0_': 1.0, '_a3_': 1.0, '_a4_': 1.0, '_a5_': 1.0, '_a7_': 1.0}};{'d0': 0.024905832919416674};-280.569866449043;40.702644320968346
32343;-99.5822889035532;(((((pow2(_a6_) * x) * (x + _a6_)) * (_a1_ * x)) + x) / _a2_);{'d0': {'_a1_': 4.887596591409152, '_a2_': 0.5633373078681303, '_a6_': 0.6238594157144756, '_a0_': 1.0, '_a3_': 1.0, '_a4_': 1.0, '_a5_': 1.0, '_a7_': 1.0}};{'d0': 0.024905832919416674};-280.569866449043;40.702644320968346
32344;-99.5822889035532;(((((pow2(_a6_) * x) * (x + _a6_)) * (_a1_ * x)) + x) / _a2_);{'d0': {'_a1_': 4.887596591409152, '_a2_': 0.5633373078681303, '_a6_': 0.6238594157144756, '_a0_': 1.0, '_a3_': 1.0, '_a4_': 1.0, '_a5_': 1.0, '_a7_': 1.0}};{'d0': 0.024905832919416674};-280.569866449043;40.702644320968346
32345;-99.5822889035532;(((((pow2(_a6_) * x) * (x + _a6_)) * (_a1_ * x)) + x) / _a2_);{'d0': {'_a1_': 4.887596591409152, '_a2_': 0.5633373078681303, '_a6_': 0.6238594157144756, '_a0_': 1.0, '_a3_': 1.0, '_a4_': 1.0, '_a5_': 1.0, '_a7_': 1.0}};{'d0': 0.024905832919416674};-280.569866449043;40.702644320968346
32346;-99.5822889035532;(((((pow2(_a6_) * x) * (x + _a6_)) * (_a1_ * x)) + x) / _a2_);{'d0': {'_a1_': 4.887596591409152, '_a2_': 0.5633373078681303, '_a6_': 0.6238594157144756, '_a0_': 1.0, '_a3_': 1.0, '_a4_': 1.0, '_a5_': 1.0, '_a7_': 1.0}};{'d0': 0.024905832919416674};-280.569866449043;40.702644320968346
32347;-99.5822889035532;(((((pow2(_a6_) * x) * (x + _a6_)) * (_a1_ * x)) + x) / _a2_);{'d0': {'_a1_': 4.887596591409152, '_a2_': 0.5633373078681303, '_a6_': 0.6238594157144756, '_a0_': 1.0, '_a3_': 1.0, '_a4_': 1.0, '_a5_': 1.0, '_a7_': 1.0}};{'d0': 0.024905832919416674};-280.569866449043;40.702644320968346
32348;-99.5822889035532;(((((pow2(_a6_) * x) * (x + _a6_)) * (_a1_ * x)) + x) / _a2_);{'d0': {'_a1_': 4.887596591409152, '_a2_': 0.5633373078681303, '_a6_': 0.6238594157144756, '_a0_': 1.0, '_a3_': 1.0, '_a4_': 1.0, '_a5_': 1.0, '_a7_': 1.0}};{'d0': 0.024905832919416674};-280.569866449043;40.702644320968346
32349;-99.5822889035532;(((((pow2(_a6_) * x) * (x + _a6_)) * (_a1_ * x)) + x) / _a2_);{'d0': {'_a1_': 4.887596591409152, '_a2_': 0.5633373078681303, '_a6_': 0.6238594157144756, '_a0_': 1.0, '_a3_': 1.0, '_a4_': 1.0, '_a5_': 1.0, '_a7_': 1.0}};{'d0': 0.024905832919416674};-280.569866449043;40.702644320968346
32350;-99.5822889035532;(((((pow2(_a6_) * x) * (x + _a6_)) * (_a1_ * x)) + x) / _a2_);{'d0': {'_a1_': 4.887596591409152, '_a2_': 0.5633373078681303, '_a6_': 0.6238594157144756, '_a0_': 1.0, '_a3_': 1.0, '_a4_': 1.0, '_a5_': 1.0, '_a7_': 1.0}};{'d0': 0.024905832919416674};-280.569866449043;40.702644320968346
32351;-99.5822889035532;(((((pow2(_a6_) * x) * (x + _a6_)) * (_a1_ * x)) + x) / _a2_);{'d0': {'_a1_': 4.887596591409152, '_a2_': 0.5633373078681303, '_a6_': 0.6238594157144756, '_a0_': 1.0, '_a3_': 1.0, '_a4_': 1.0, '_a5_': 1.0, '_a7_': 1.0}};{'d0': 0.024905832919416674};-280.569866449043;40.702644320968346
32352;-99.5822889035532;(((((pow2(_a6_) * x) * (x + _a6_)) * (_a1_ * x)) + x) / _a2_);{'d0': {'_a1_': 4.887596591409152, '_a2_': 0.5633373078681303, '_a6_': 0.6238594157144756, '_a0_': 1.0, '_a3_': 1.0, '_a4_': 1.0, '_a5_': 1.0, '_a7_': 1.0}};{'d0': 0.024905832919416674};-280.569866449043;40.702644320968346
32353;-106.651973435153;(((pow2((_a6_ + x)) * -((_a5_ * _a6_))) + _a3_) * x);{'d0': {'_a3_': 1.4465760892624464, '_a5_': -10.825390445569111, '_a6_': 0.3119297077713093, '_a0_': 1.0, '_a1_': 1.0, '_a2_': 1.0, '_a4_': 1.0, '_a7_': 1.0}};{'d0': 0.02490583291941657};-280.569866449044;33.632959789369565
32354;-106.651973435153;(((pow2((_a6_ + x)) * -((_a5_ * _a6_))) + _a3_) * x);{'d0': {'_a3_': 1.4465760892624464, '_a5_': -10.825390445569111, '_a6_': 0.3119297077713093, '_a0_': 1.0, '_a1_': 1.0, '_a2_': 1.0, '_a4_': 1.0, '_a7_': 1.0}};{'d0': 0.02490583291941657};-280.569866449044;33.632959789369565
32355;-99.5822889035532;(((((pow2(_a6_) * x) * (x + _a6_)) * (_a1_ * x)) + x) / _a2_);{'d0': {'_a1_': 4.887596591409152, '_a2_': 0.5633373078681303, '_a6_': 0.6238594157144756, '_a0_': 1.0, '_a3_': 1.0, '_a4_': 1.0, '_a5_': 1.0, '_a7_': 1.0}};{'d0': 0.024905832919416674};-280.569866449043;40.702644320968346
32356;-99.5822889035532;(((((pow2(_a6_) * x) * (x + _a6_)) * (_a1_ * x)) + x) / _a2_);{'d0': {'_a1_': 4.887596591409152, '_a2_': 0.5633373078681303, '_a6_': 0.6238594157144756, '_a0_': 1.0, '_a3_': 1.0, '_a4_': 1.0, '_a5_': 1.0, '_a7_': 1.0}};{'d0': 0.024905832919416674};-280.569866449043;40.702644320968346
32357;-99.5822889035532;(((((pow2(_a6_) * x) * (x + _a6_)) * (_a1_ * x)) + x) / _a2_);{'d0': {'_a1_': 4.887596591409152, '_a2_': 0.5633373078681303, '_a6_': 0.6238594157144756, '_a0_': 1.0, '_a3_': 1.0, '_a4_': 1.0, '_a5_': 1.0, '_a7_': 1.0}};{'d0': 0.024905832919416674};-280.569866449043;40.702644320968346
32358;-106.651973435153;(((pow2((_a6_ + x)) * -((_a5_ * _a6_))) + _a3_) * x);{'d0': {'_a3_': 1.4465760892624464, '_a5_': -10.825390445569111, '_a6_': 0.3119297077713093, '_a0_': 1.0, '_a1_': 1.0, '_a2_': 1.0, '_a4_': 1.0, '_a7_': 1.0}};{'d0': 0.02490583291941657};-280.569866449044;33.632959789369565
32359;-106.651973435153;(((pow2((_a6_ + x)) * -((_a5_ * _a6_))) + _a3_) * x);{'d0': {'_a3_': 1.4465760892624464, '_a5_': -10.825390445569111, '_a6_': 0.3119297077713093, '_a0_': 1.0, '_a1_': 1.0, '_a2_': 1.0, '_a4_': 1.0, '_a7_': 1.0}};{'d0': 0.02490583291941657};-280.569866449044;33.632959789369565
32360;-101.702633509696;(((pow2((_a6_ + x)) * -(((_a6_ * _a4_) * _a6_))) + _a3_) * x);{'d0': {'_a3_': 1.4465760892540056, '_a4_': -34.7045830392528, '_a6_': 0.3119297077794592, '_a0_': 1.0, '_a1_': 1.0, '_a2_': 1.0, '_a5_': 1.0, '_a7_': 1.0}};{'d0': 0.024905832919416587};-280.569866449044;38.58229971482656
32361;-101.702633509696;(((pow2((_a6_ + x)) * -(((_a6_ * _a4_) * _a6_))) + _a3_) * x);{'d0': {'_a3_': 1.4465760892540056, '_a4_': -34.7045830392528, '_a6_': 0.3119297077794592, '_a0_': 1.0, '_a1_': 1.0, '_a2_': 1.0, '_a5_': 1.0, '_a7_': 1.0}};{'d0': 0.024905832919416587};-280.569866449044;38.58229971482656
32362;-101.702633509696;(((pow2((_a6_ + x)) * -(((_a6_ * _a4_) * _a6_))) + _a3_) * x);{'d0': {'_a3_': 1.4465760892540056, '_a4_': -34.7045830392528, '_a6_': 0.3119297077794592, '_a0_': 1.0, '_a1_': 1.0, '_a2_': 1.0, '_a5_': 1.0, '_a7_': 1.0}};{'d0': 0.024905832919416587};-280.569866449044;38.58229971482656
32363;-99.5822889035532;(((((pow2(_a6_) * x) * (x + _a6_)) * (_a1_ * x)) + x) / _a2_);{'d0': {'_a1_': 4.887596591409152, '_a2_': 0.5633373078681303, '_a6_': 0.6238594157144756, '_a0_': 1.0, '_a3_': 1.0, '_a4_': 1.0, '_a5_': 1.0, '_a7_': 1.0}};{'d0': 0.024905832919416674};-280.569866449043;40.702644320968346
32364;-99.5822889035532;(((((pow2(_a6_) * x) * (x + _a6_)) * (_a1_ * x)) + x) / _a2_);{'d0': {'_a1_': 4.887596591409152, '_a2_': 0.5633373078681303, '_a6_': 0.6238594157144756, '_a0_': 1.0, '_a3_': 1.0, '_a4_': 1.0, '_a5_': 1.0, '_a7_': 1.0}};{'d0': 0.024905832919416674};-280.569866449043;40.702644320968346
32365;-99.5822889035532;(((((pow2(_a6_) * x) * (x + _a6_)) * (_a1_ * x)) + x) / _a2_);{'d0': {'_a1_': 4.887596591409152, '_a2_': 0.5633373078681303, '_a6_': 0.6238594157144756, '_a0_': 1.0, '_a3_': 1.0, '_a4_': 1.0, '_a5_': 1.0, '_a7_': 1.0}};{'d0': 0.024905832919416674};-280.569866449043;40.702644320968346
32366;-99.5822889035532;(((((pow2(_a6_) * x) * (x + _a6_)) * (_a1_ * x)) + x) / _a2_);{'d0': {'_a1_': 4.887596591409152, '_a2_': 0.5633373078681303, '_a6_': 0.6238594157144756, '_a0_': 1.0, '_a3_': 1.0, '_a4_': 1.0, '_a5_': 1.0, '_a7_': 1.0}};{'d0': 0.024905832919416674};-280.569866449043;40.702644320968346
32367;-99.5822889035532;(((((pow2(_a6_) * x) * (x + _a6_)) * (_a1_ * x)) + x) / _a2_);{'d0': {'_a1_': 4.887596591409152, '_a2_': 0.5633373078681303, '_a6_': 0.6238594157144756, '_a0_': 1.0, '_a3_': 1.0, '_a4_': 1.0, '_a5_': 1.0, '_a7_': 1.0}};{'d0': 0.024905832919416674};-280.569866449043;40.702644320968346
32368;-99.5822889035532;(((((pow2(_a6_) * x) * (x + _a6_)) * (_a1_ * x)) + x) / _a2_);{'d0': {'_a1_': 4.887596591409152, '_a2_': 0.5633373078681303, '_a6_': 0.6238594157144756, '_a0_': 1.0, '_a3_': 1.0, '_a4_': 1.0, '_a5_': 1.0, '_a7_': 1.0}};{'d0': 0.024905832919416674};-280.569866449043;40.702644320968346
32369;-99.5822889035532;(((((pow2(_a6_) * x) * (x + _a6_)) * (_a1_ * x)) + x) / _a2_);{'d0': {'_a1_': 4.887596591409152, '_a2_': 0.5633373078681303, '_a6_': 0.6238594157144756, '_a0_': 1.0, '_a3_': 1.0, '_a4_': 1.0, '_a5_': 1.0, '_a7_': 1.0}};{'d0': 0.024905832919416674};-280.569866449043;40.702644320968346
32370;-99.5822889035532;(((((pow2(_a6_) * x) * (x + _a6_)) * (_a1_ * x)) + x) / _a2_);{'d0': {'_a1_': 4.887596591409152, '_a2_': 0.5633373078681303, '_a6_': 0.6238594157144756, '_a0_': 1.0, '_a3_': 1.0, '_a4_': 1.0, '_a5_': 1.0, '_a7_': 1.0}};{'d0': 0.024905832919416674};-280.569866449043;40.702644320968346
32371;-99.5822889035532;(((((pow2(_a6_) * x) * (x + _a6_)) * (_a1_ * x)) + x) / _a2_);{'d0': {'_a1_': 4.887596591409152, '_a2_': 0.5633373078681303, '_a6_': 0.6238594157144756, '_a0_': 1.0, '_a3_': 1.0, '_a4_': 1.0, '_a5_': 1.0, '_a7_': 1.0}};{'d0': 0.024905832919416674};-280.569866449043;40.702644320968346
32372;-99.5822889035532;(((((pow2(_a6_) * x) * (x + _a6_)) * (_a1_ * x)) + x) / _a2_);{'d0': {'_a1_': 4.887596591409152, '_a2_': 0.5633373078681303, '_a6_': 0.6238594157144756, '_a0_': 1.0, '_a3_': 1.0, '_a4_': 1.0, '_a5_': 1.0, '_a7_': 1.0}};{'d0': 0.024905832919416674};-280.569866449043;40.702644320968346
32373;-99.5822889035532;(((((pow2(_a6_) * x) * (x + _a6_)) * (_a1_ * x)) + x) / _a2_);{'d0': {'_a1_': 4.887596591409152, '_a2_': 0.5633373078681303, '_a6_': 0.6238594157144756, '_a0_': 1.0, '_a3_': 1.0, '_a4_': 1.0, '_a5_': 1.0, '_a7_': 1.0}};{'d0': 0.024905832919416674};-280.569866449043;40.702644320968346
32374;-99.5822889035532;(((((pow2(_a6_) * x) * (x + _a6_)) * (_a1_ * x)) + x) / _a2_);{'d0': {'_a1_': 4.887596591409152, '_a2_': 0.5633373078681303, '_a6_': 0.6238594157144756, '_a0_': 1.0, '_a3_': 1.0, '_a4_': 1.0, '_a5_': 1.0, '_a7_': 1.0}};{'d0': 0.024905832919416674};-280.569866449043;40.702644320968346
32375;-99.5822889035532;(((((pow2(_a6_) * x) * (x + _a6_)) * (_a1_ * x)) + x) / _a2_);{'d0': {'_a1_': 4.887596591409152, '_a2_': 0.5633373078681303, '_a6_': 0.6238594157144756, '_a0_': 1.0, '_a3_': 1.0, '_a4_': 1.0, '_a5_': 1.0, '_a7_': 1.0}};{'d0': 0.024905832919416674};-280.569866449043;40.702644320968346
32376;-99.5822889035532;(((((pow2(_a6_) * x) * (x + _a6_)) * (_a1_ * x)) + x) / _a2_);{'d0': {'_a1_': 4.887596591409152, '_a2_': 0.5633373078681303, '_a6_': 0.6238594157144756, '_a0_': 1.0, '_a3_': 1.0, '_a4_': 1.0, '_a5_': 1.0, '_a7_': 1.0}};{'d0': 0.024905832919416674};-280.569866449043;40.702644320968346
32377;-99.5822889035532;(((((pow2(_a6_) * x) * (x + _a6_)) * (_a1_ * x)) + x) / _a2_);{'d0': {'_a1_': 4.887596591409152, '_a2_': 0.5633373078681303, '_a6_': 0.6238594157144756, '_a0_': 1.0, '_a3_': 1.0, '_a4_': 1.0, '_a5_': 1.0, '_a7_': 1.0}};{'d0': 0.024905832919416674};-280.569866449043;40.702644320968346
32378;-99.5822889035532;(((((pow2(_a6_) * x) * (x + _a6_)) * (_a1_ * x)) + x) / _a2_);{'d0': {'_a1_': 4.887596591409152, '_a2_': 0.5633373078681303, '_a6_': 0.6238594157144756, '_a0_': 1.0, '_a3_': 1.0, '_a4_': 1.0, '_a5_': 1.0, '_a7_': 1.0}};{'d0': 0.024905832919416674};-280.569866449043;40.702644320968346
32379;-99.5822889035532;(((((pow2(_a6_) * x) * (x + _a6_)) * (_a1_ * x)) + x) / _a2_);{'d0': {'_a1_': 4.887596591409152, '_a2_': 0.5633373078681303, '_a6_': 0.6238594157144756, '_a0_': 1.0, '_a3_': 1.0, '_a4_': 1.0, '_a5_': 1.0, '_a7_': 1.0}};{'d0': 0.024905832919416674};-280.569866449043;40.702644320968346
32380;-99.5822889035532;(((((pow2(_a6_) * x) * (x + _a6_)) * (_a1_ * x)) + x) / _a2_);{'d0': {'_a1_': 4.887596591409152, '_a2_': 0.5633373078681303, '_a6_': 0.6238594157144756, '_a0_': 1.0, '_a3_': 1.0, '_a4_': 1.0, '_a5_': 1.0, '_a7_': 1.0}};{'d0': 0.024905832919416674};-280.569866449043;40.702644320968346
32381;-99.5822889035532;(((((pow2(_a6_) * x) * (x + _a6_)) * (_a1_ * x)) + x) / _a2_);{'d0': {'_a1_': 4.887596591409152, '_a2_': 0.5633373078681303, '_a6_': 0.6238594157144756, '_a0_': 1.0, '_a3_': 1.0, '_a4_': 1.0, '_a5_': 1.0, '_a7_': 1.0}};{'d0': 0.024905832919416674};-280.569866449043;40.702644320968346
32382;-99.5822889035532;(((((pow2(_a6_) * x) * (x + _a6_)) * (_a1_ * x)) + x) / _a2_);{'d0': {'_a1_': 4.887596591409152, '_a2_': 0.5633373078681303, '_a6_': 0.6238594157144756, '_a0_': 1.0, '_a3_': 1.0, '_a4_': 1.0, '_a5_': 1.0, '_a7_': 1.0}};{'d0': 0.024905832919416674};-280.569866449043;40.702644320968346
32383;-99.5822889035532;(((((pow2(_a6_) * x) * (x + _a6_)) * (_a1_ * x)) + x) / _a2_);{'d0': {'_a1_': 4.887596591409152, '_a2_': 0.5633373078681303, '_a6_': 0.6238594157144756, '_a0_': 1.0, '_a3_': 1.0, '_a4_': 1.0, '_a5_': 1.0, '_a7_': 1.0}};{'d0': 0.024905832919416674};-280.569866449043;40.702644320968346
32384;-99.5822889035532;(((((pow2(_a6_) * x) * (x + _a6_)) * (_a1_ * x)) + x) / _a2_);{'d0': {'_a1_': 4.887596591409152, '_a2_': 0.5633373078681303, '_a6_': 0.6238594157144756, '_a0_': 1.0, '_a3_': 1.0, '_a4_': 1.0, '_a5_': 1.0, '_a7_': 1.0}};{'d0': 0.024905832919416674};-280.569866449043;40.702644320968346
32385;-99.5822889035532;(((((pow2(_a6_) * x) * (x + _a6_)) * (_a1_ * x)) + x) / _a2_);{'d0': {'_a1_': 4.887596591409152, '_a2_': 0.5633373078681303, '_a6_': 0.6238594157144756, '_a0_': 1.0, '_a3_': 1.0, '_a4_': 1.0, '_a5_': 1.0, '_a7_': 1.0}};{'d0': 0.024905832919416674};-280.569866449043;40.702644320968346
32386;-99.5822889035532;(((((pow2(_a6_) * x) * (x + _a6_)) * (_a1_ * x)) + x) / _a2_);{'d0': {'_a1_': 4.887596591409152, '_a2_': 0.5633373078681303, '_a6_': 0.6238594157144756, '_a0_': 1.0, '_a3_': 1.0, '_a4_': 1.0, '_a5_': 1.0, '_a7_': 1.0}};{'d0': 0.024905832919416674};-280.569866449043;40.702644320968346
32387;-99.5822889035532;(((((pow2(_a6_) * x) * (x + _a6_)) * (_a1_ * x)) + x) / _a2_);{'d0': {'_a1_': 4.887596591409152, '_a2_': 0.5633373078681303, '_a6_': 0.6238594157144756, '_a0_': 1.0, '_a3_': 1.0, '_a4_': 1.0, '_a5_': 1.0, '_a7_': 1.0}};{'d0': 0.024905832919416674};-280.569866449043;40.702644320968346
32388;-99.5822889035532;(((((pow2(_a6_) * x) * (x + _a6_)) * (_a1_ * x)) + x) / _a2_);{'d0': {'_a1_': 4.887596591409152, '_a2_': 0.5633373078681303, '_a6_': 0.6238594157144756, '_a0_': 1.0, '_a3_': 1.0, '_a4_': 1.0, '_a5_': 1.0, '_a7_': 1.0}};{'d0': 0.024905832919416674};-280.569866449043;40.702644320968346
32389;-99.5822889035532;(((((pow2(_a6_) * x) * (x + _a6_)) * (_a1_ * x)) + x) / _a2_);{'d0': {'_a1_': 4.887596591409152, '_a2_': 0.5633373078681303, '_a6_': 0.6238594157144756, '_a0_': 1.0, '_a3_': 1.0, '_a4_': 1.0, '_a5_': 1.0, '_a7_': 1.0}};{'d0': 0.024905832919416674};-280.569866449043;40.702644320968346
32390;-99.5822889035532;(((((pow2(_a6_) * x) * (x + _a6_)) * (_a1_ * x)) + x) / _a2_);{'d0': {'_a1_': 4.887596591409152, '_a2_': 0.5633373078681303, '_a6_': 0.6238594157144756, '_a0_': 1.0, '_a3_': 1.0, '_a4_': 1.0, '_a5_': 1.0, '_a7_': 1.0}};{'d0': 0.024905832919416674};-280.569866449043;40.702644320968346
32391;-99.5822889035532;(((((pow2(_a6_) * x) * (x + _a6_)) * (_a1_ * x)) + x) / _a2_);{'d0': {'_a1_': 4.887596591409152, '_a2_': 0.5633373078681303, '_a6_': 0.6238594157144756, '_a0_': 1.0, '_a3_': 1.0, '_a4_': 1.0, '_a5_': 1.0, '_a7_': 1.0}};{'d0': 0.024905832919416674};-280.569866449043;40.702644320968346
32392;-99.5822889035532;(((((pow2(_a6_) * x) * (x + _a6_)) * (_a1_ * x)) + x) / _a2_);{'d0': {'_a1_': 4.887596591409152, '_a2_': 0.5633373078681303, '_a6_': 0.6238594157144756, '_a0_': 1.0, '_a3_': 1.0, '_a4_': 1.0, '_a5_': 1.0, '_a7_': 1.0}};{'d0': 0.024905832919416674};-280.569866449043;40.702644320968346
32393;-99.5822889035532;(((((pow2(_a6_) * x) * (x + _a6_)) * (_a1_ * x)) + x) / _a2_);{'d0': {'_a1_': 4.887596591409152, '_a2_': 0.5633373078681303, '_a6_': 0.6238594157144756, '_a0_': 1.0, '_a3_': 1.0, '_a4_': 1.0, '_a5_': 1.0, '_a7_': 1.0}};{'d0': 0.024905832919416674};-280.569866449043;40.702644320968346
32394;-99.5822889035532;(((((pow2(_a6_) * x) * (x + _a6_)) * (_a1_ * x)) + x) / _a2_);{'d0': {'_a1_': 4.887596591409152, '_a2_': 0.5633373078681303, '_a6_': 0.6238594157144756, '_a0_': 1.0, '_a3_': 1.0, '_a4_': 1.0, '_a5_': 1.0, '_a7_': 1.0}};{'d0': 0.024905832919416674};-280.569866449043;40.702644320968346
32395;-99.5822889035532;(((((pow2(_a6_) * x) * (x + _a6_)) * (_a1_ * x)) + x) / _a2_);{'d0': {'_a1_': 4.887596591409152, '_a2_': 0.5633373078681303, '_a6_': 0.6238594157144756, '_a0_': 1.0, '_a3_': 1.0, '_a4_': 1.0, '_a5_': 1.0, '_a7_': 1.0}};{'d0': 0.024905832919416674};-280.569866449043;40.702644320968346
32396;-100.360883458177;(((((pow2(_a6_) * x) * (x + _a6_)) * (_a1_ * x)) + x) * _a2_);{'d0': {'_a1_': 4.887596596947774, '_a2_': 1.7751354042038514, '_a6_': 0.6238594155681183, '_a0_': 1.0, '_a3_': 1.0, '_a4_': 1.0, '_a5_': 1.0, '_a7_': 1.0}};{'d0': 0.02490583291941662};-280.569866449044;39.92404976634495
32397;-100.360883458177;(((((pow2(_a6_) * x) * (x + _a6_)) * (_a1_ * x)) + x) * _a2_);{'d0': {'_a1_': 4.887596596947774, '_a2_': 1.7751354042038514, '_a6_': 0.6238594155681183, '_a0_': 1.0, '_a3_': 1.0, '_a4_': 1.0, '_a5_': 1.0, '_a7_': 1.0}};{'d0': 0.02490583291941662};-280.569866449044;39.92404976634495
32398;-100.360883458177;(((((pow2(_a6_) * x) * (x + _a6_)) * (_a1_ * x)) + x) * _a2_);{'d0': {'_a1_': 4.887596596947774, '_a2_': 1.7751354042038514, '_a6_': 0.6238594155681183, '_a0_': 1.0, '_a3_': 1.0, '_a4_': 1.0, '_a5_': 1.0, '_a7_': 1.0}};{'d0': 0.02490583291941662};-280.569866449044;39.92404976634495
32399;-100.360883458177;(((((pow2(_a6_) * x) * (x + _a6_)) * (_a1_ * x)) + x) * _a2_);{'d0': {'_a1_': 4.887596596947774, '_a2_': 1.7751354042038514, '_a6_': 0.6238594155681183, '_a0_': 1.0, '_a3_': 1.0, '_a4_': 1.0, '_a5_': 1.0, '_a7_': 1.0}};{'d0': 0.02490583291941662};-280.569866449044;39.92404976634495
32400;-106.651973435153;(((pow2((_a6_ + x)) * -((_a5_ * _a6_))) + _a3_) * x);{'d0': {'_a3_': 1.4465760892624464, '_a5_': -10.825390445569111, '_a6_': 0.3119297077713093, '_a0_': 1.0, '_a1_': 1.0, '_a2_': 1.0, '_a4_': 1.0, '_a7_': 1.0}};{'d0': 0.02490583291941657};-280.569866449044;33.632959789369565
32401;-106.651973435153;(((pow2((_a6_ + x)) * -((_a5_ * _a6_))) + _a3_) * x);{'d0': {'_a3_': 1.4465760892624464, '_a5_': -10.825390445569111, '_a6_': 0.3119297077713093, '_a0_': 1.0, '_a1_': 1.0, '_a2_': 1.0, '_a4_': 1.0, '_a7_': 1.0}};{'d0': 0.02490583291941657};-280.569866449044;33.632959789369565
32402;-106.651973435153;(((pow2((_a6_ + x)) * -((_a5_ * _a6_))) + _a3_) * x);{'d0': {'_a3_': 1.4465760892624464, '_a5_': -10.825390445569111, '_a6_': 0.3119297077713093, '_a0_': 1.0, '_a1_': 1.0, '_a2_': 1.0, '_a4_': 1.0, '_a7_': 1.0}};{'d0': 0.02490583291941657};-280.569866449044;33.632959789369565
32403;-106.651973435153;(((pow2((_a6_ + x)) * -((_a5_ * _a6_))) + _a3_) * x);{'d0': {'_a3_': 1.4465760892624464, '_a5_': -10.825390445569111, '_a6_': 0.3119297077713093, '_a0_': 1.0, '_a1_': 1.0, '_a2_': 1.0, '_a4_': 1.0, '_a7_': 1.0}};{'d0': 0.02490583291941657};-280.569866449044;33.632959789369565
32404;-100.851681668750;(((pow2((_a6_ + (x / _a3_))) * -((_a5_ * _a6_))) + _a3_) * x);{'d0': {'_a3_': 1.446576088648041, '_a5_': -32.769318973610744, '_a6_': 0.21563311480461195, '_a0_': 1.0, '_a1_': 1.0, '_a2_': 1.0, '_a4_': 1.0, '_a7_': 1.0}};{'d0': 0.024905832919416636};-280.569866449044;39.43325155577197
32405;-100.851681668750;(((pow2((_a6_ + (x / _a3_))) * -((_a5_ * _a6_))) + _a3_) * x);{'d0': {'_a3_': 1.446576088648041, '_a5_': -32.769318973610744, '_a6_': 0.21563311480461195, '_a0_': 1.0, '_a1_': 1.0, '_a2_': 1.0, '_a4_': 1.0, '_a7_': 1.0}};{'d0': 0.024905832919416636};-280.569866449044;39.43325155577197
32406;-100.851681668750;(((pow2((_a6_ + (x / _a3_))) * -((_a5_ * _a6_))) + _a3_) * x);{'d0': {'_a3_': 1.446576088648041, '_a5_': -32.769318973610744, '_a6_': 0.21563311480461195, '_a0_': 1.0, '_a1_': 1.0, '_a2_': 1.0, '_a4_': 1.0, '_a7_': 1.0}};{'d0': 0.024905832919416636};-280.569866449044;39.43325155577197
32407;-100.851681668750;(((pow2((_a6_ + (x / _a3_))) * -((_a5_ * _a6_))) + _a3_) * x);{'d0': {'_a3_': 1.446576088648041, '_a5_': -32.769318973610744, '_a6_': 0.21563311480461195, '_a0_': 1.0, '_a1_': 1.0, '_a2_': 1.0, '_a4_': 1.0, '_a7_': 1.0}};{'d0': 0.024905832919416636};-280.569866449044;39.43325155577197
32408;-100.851681668750;(((pow2((_a6_ + (x / _a6_))) * -((_a5_ * _a6_))) + _a3_) * x);{'d0': {'_a3_': 1.4465760888104995, '_a5_': -1.8859434964974522, '_a6_': 0.5585066765634202, '_a0_': 1.0, '_a1_': 1.0, '_a2_': 1.0, '_a4_': 1.0, '_a7_': 1.0}};{'d0': 0.02490583291941663};-280.569866449044;39.43325155577197
32409;-100.851681668750;(((pow2((_a6_ + (x / _a6_))) * -((_a5_ * _a6_))) + _a3_) * x);{'d0': {'_a3_': 1.4465760888104995, '_a5_': -1.8859434964974522, '_a6_': 0.5585066765634202, '_a0_': 1.0, '_a1_': 1.0, '_a2_': 1.0, '_a4_': 1.0, '_a7_': 1.0}};{'d0': 0.02490583291941663};-280.569866449044;39.43325155577197
32410;-100.851681668750;(((pow2((_a6_ + (x / _a6_))) * -((_a5_ * _a6_))) + _a3_) * x);{'d0': {'_a3_': 1.4465760888104995, '_a5_': -1.8859434964974522, '_a6_': 0.5585066765634202, '_a0_': 1.0, '_a1_': 1.0, '_a2_': 1.0, '_a4_': 1.0, '_a7_': 1.0}};{'d0': 0.02490583291941663};-280.569866449044;39.43325155577197
32411;-100.851681668750;(((pow2((_a6_ + (x / _a6_))) * -((_a5_ * _a6_))) + _a3_) * x);{'d0': {'_a3_': 1.4465760888104995, '_a5_': -1.8859434964974522, '_a6_': 0.5585066765634202, '_a0_': 1.0, '_a1_': 1.0, '_a2_': 1.0, '_a4_': 1.0, '_a7_': 1.0}};{'d0': 0.02490583291941663};-280.569866449044;39.43325155577197
32412;-100.851681668750;(((pow2((_a6_ + (x / _a6_))) * -((_a5_ * _a6_))) + _a3_) * x);{'d0': {'_a3_': 1.4465760888104995, '_a5_': -1.8859434964974522, '_a6_': 0.5585066765634202, '_a0_': 1.0, '_a1_': 1.0, '_a2_': 1.0, '_a4_': 1.0, '_a7_': 1.0}};{'d0': 0.02490583291941663};-280.569866449044;39.43325155577197
32413;-100.851681668750;(((pow2((_a6_ + (x / _a6_))) * -((_a5_ * _a6_))) + _a3_) * x);{'d0': {'_a3_': 1.4465760888104995, '_a5_': -1.8859434964974522, '_a6_': 0.5585066765634202, '_a0_': 1.0, '_a1_': 1.0, '_a2_': 1.0, '_a4_': 1.0, '_a7_': 1.0}};{'d0': 0.02490583291941663};-280.569866449044;39.43325155577197
32414;-100.851681668750;(((pow2((_a6_ + (x / _a6_))) * -((_a5_ * _a6_))) + _a3_) * x);{'d0': {'_a3_': 1.4465760888104995, '_a5_': -1.8859434964974522, '_a6_': 0.5585066765634202, '_a0_': 1.0, '_a1_': 1.0, '_a2_': 1.0, '_a4_': 1.0, '_a7_': 1.0}};{'d0': 0.02490583291941663};-280.569866449044;39.43325155577197
32415;-100.851681668750;(((pow2((_a6_ + (x / _a6_))) * -((_a5_ * _a6_))) + _a3_) * x);{'d0': {'_a3_': 1.4465760888104995, '_a5_': -1.8859434964974522, '_a6_': 0.5585066765634202, '_a0_': 1.0, '_a1_': 1.0, '_a2_': 1.0, '_a4_': 1.0, '_a7_': 1.0}};{'d0': 0.02490583291941663};-280.569866449044;39.43325155577197
32416;-100.851681668750;(((pow2((_a6_ + (x / _a6_))) * -((_a5_ * _a6_))) + _a3_) * x);{'d0': {'_a3_': 1.4465760888104995, '_a5_': -1.8859434964974522, '_a6_': 0.5585066765634202, '_a0_': 1.0, '_a1_': 1.0, '_a2_': 1.0, '_a4_': 1.0, '_a7_': 1.0}};{'d0': 0.02490583291941663};-280.569866449044;39.43325155577197
32417;-100.851681668750;(((pow2((_a6_ + (x / _a6_))) * -((_a5_ * _a6_))) + _a3_) * x);{'d0': {'_a3_': 1.4465760888104995, '_a5_': -1.8859434964974522, '_a6_': 0.5585066765634202, '_a0_': 1.0, '_a1_': 1.0, '_a2_': 1.0, '_a4_': 1.0, '_a7_': 1.0}};{'d0': 0.02490583291941663};-280.569866449044;39.43325155577197
32418;-100.851681668750;(((pow2((_a6_ + (x / _a6_))) * -((_a5_ * _a6_))) + _a3_) * x);{'d0': {'_a3_': 1.4465760888104995, '_a5_': -1.8859434964974522, '_a6_': 0.5585066765634202, '_a0_': 1.0, '_a1_': 1.0, '_a2_': 1.0, '_a4_': 1.0, '_a7_': 1.0}};{'d0': 0.02490583291941663};-280.569866449044;39.43325155577197
32419;-100.851681668750;(((pow2((_a6_ + (x / _a6_))) * -((_a5_ * _a6_))) + _a3_) * x);{'d0': {'_a3_': 1.4465760888104995, '_a5_': -1.8859434964974522, '_a6_': 0.5585066765634202, '_a0_': 1.0, '_a1_': 1.0, '_a2_': 1.0, '_a4_': 1.0, '_a7_': 1.0}};{'d0': 0.02490583291941663};-280.569866449044;39.43325155577197
32420;-100.851681668750;(((pow2((_a6_ + (x / _a6_))) * -((_a5_ * _a6_))) + _a3_) * x);{'d0': {'_a3_': 1.4465760888104995, '_a5_': -1.8859434964974522, '_a6_': 0.5585066765634202, '_a0_': 1.0, '_a1_': 1.0, '_a2_': 1.0, '_a4_': 1.0, '_a7_': 1.0}};{'d0': 0.02490583291941663};-280.569866449044;39.43325155577197
32421;-100.851681668750;(((pow2((_a6_ + (x / _a6_))) * -((_a5_ * _a6_))) + _a3_) * x);{'d0': {'_a3_': 1.4465760888104995, '_a5_': -1.8859434964974522, '_a6_': 0.5585066765634202, '_a0_': 1.0, '_a1_': 1.0, '_a2_': 1.0, '_a4_': 1.0, '_a7_': 1.0}};{'d0': 0.02490583291941663};-280.569866449044;39.43325155577197
32422;-100.851681668750;(((pow2((_a6_ + (x / _a6_))) * -((_a5_ * _a6_))) + _a3_) * x);{'d0': {'_a3_': 1.4465760888104995, '_a5_': -1.8859434964974522, '_a6_': 0.5585066765634202, '_a0_': 1.0, '_a1_': 1.0, '_a2_': 1.0, '_a4_': 1.0, '_a7_': 1.0}};{'d0': 0.02490583291941663};-280.569866449044;39.43325155577197
32423;-100.851681668750;(((pow2((_a6_ + (x / _a6_))) * -((_a5_ * _a6_))) + _a3_) * x);{'d0': {'_a3_': 1.4465760888104995, '_a5_': -1.8859434964974522, '_a6_': 0.5585066765634202, '_a0_': 1.0, '_a1_': 1.0, '_a2_': 1.0, '_a4_': 1.0, '_a7_': 1.0}};{'d0': 0.02490583291941663};-280.569866449044;39.43325155577197
32424;-100.851681668750;(((pow2((_a6_ + (x / _a6_))) * -((_a5_ * _a6_))) + _a3_) * x);{'d0': {'_a3_': 1.4465760888104995, '_a5_': -1.8859434964974522, '_a6_': 0.5585066765634202, '_a0_': 1.0, '_a1_': 1.0, '_a2_': 1.0, '_a4_': 1.0, '_a7_': 1.0}};{'d0': 0.02490583291941663};-280.569866449044;39.43325155577197
32425;-100.851681668750;(((pow2((_a6_ + (x / _a6_))) * -((_a5_ * _a6_))) + _a3_) * x);{'d0': {'_a3_': 1.4465760888104995, '_a5_': -1.8859434964974522, '_a6_': 0.5585066765634202, '_a0_': 1.0, '_a1_': 1.0, '_a2_': 1.0, '_a4_': 1.0, '_a7_': 1.0}};{'d0': 0.02490583291941663};-280.569866449044;39.43325155577197
32426;-100.851681668750;(((pow2((_a6_ + (x / _a6_))) * -((_a5_ * _a6_))) + _a3_) * x);{'d0': {'_a3_': 1.4465760888104995, '_a5_': -1.8859434964974522, '_a6_': 0.5585066765634202, '_a0_': 1.0, '_a1_': 1.0, '_a2_': 1.0, '_a4_': 1.0, '_a7_': 1.0}};{'d0': 0.02490583291941663};-280.569866449044;39.43325155577197
32427;-91.7804438651843;(((pow2((_a6_ + (x / _a6_))) * -((_a5_ * abs(_a7_)))) + _a3_) * x);{'d0': {'_a3_': 1.4465760893025423, '_a5_': -1.6618536494791412, '_a6_': 0.5585066765342573, '_a7_': 0.6338173594244256, '_a0_': 1.0, '_a1_': 1.0, '_a2_': 1.0, '_a4_': 1.0}};{'d0': 0.024905832921164182};-276.475521882611;46.45731707612197
32428;-91.7804438651843;(((pow2((_a6_ + (x / _a6_))) * -((_a5_ * abs(_a7_)))) + _a3_) * x);{'d0': {'_a3_': 1.4465760893025423, '_a5_': -1.6618536494791412, '_a6_': 0.5585066765342573, '_a7_': 0.6338173594244256, '_a0_': 1.0, '_a1_': 1.0, '_a2_': 1.0, '_a4_': 1.0}};{'d0': 0.024905832921164182};-276.475521882611;46.45731707612197
32429;-91.7804438651843;(((pow2((_a6_ + (x / _a6_))) * -((_a5_ * abs(_a7_)))) + _a3_) * x);{'d0': {'_a3_': 1.4465760893025423, '_a5_': -1.6618536494791412, '_a6_': 0.5585066765342573, '_a7_': 0.6338173594244256, '_a0_': 1.0, '_a1_': 1.0, '_a2_': 1.0, '_a4_': 1.0}};{'d0': 0.024905832921164182};-276.475521882611;46.45731707612197
32430;-91.7804438651843;(((pow2((_a6_ + (x / _a6_))) * -((_a5_ * abs(_a7_)))) + _a3_) * x);{'d0': {'_a3_': 1.4465760893025423, '_a5_': -1.6618536494791412, '_a6_': 0.5585066765342573, '_a7_': 0.6338173594244256, '_a0_': 1.0, '_a1_': 1.0, '_a2_': 1.0, '_a4_': 1.0}};{'d0': 0.024905832921164182};-276.475521882611;46.45731707612197
32431;-91.7804438651843;(((pow2((_a6_ + (x / _a6_))) * -((_a5_ * abs(_a7_)))) + _a3_) * x);{'d0': {'_a3_': 1.4465760893025423, '_a5_': -1.6618536494791412, '_a6_': 0.5585066765342573, '_a7_': 0.6338173594244256, '_a0_': 1.0, '_a1_': 1.0, '_a2_': 1.0, '_a4_': 1.0}};{'d0': 0.024905832921164182};-276.475521882611;46.45731707612197
32432;-91.7804438651843;(((pow2((_a6_ + (x / _a6_))) * -((_a5_ * abs(_a7_)))) + _a3_) * x);{'d0': {'_a3_': 1.4465760893025423, '_a5_': -1.6618536494791412, '_a6_': 0.5585066765342573, '_a7_': 0.6338173594244256, '_a0_': 1.0, '_a1_': 1.0, '_a2_': 1.0, '_a4_': 1.0}};{'d0': 0.024905832921164182};-276.475521882611;46.45731707612197
32433;-91.7804438651843;(((pow2((_a6_ + (x / _a6_))) * -((_a5_ * abs(_a7_)))) + _a3_) * x);{'d0': {'_a3_': 1.4465760893025423, '_a5_': -1.6618536494791412, '_a6_': 0.5585066765342573, '_a7_': 0.6338173594244256, '_a0_': 1.0, '_a1_': 1.0, '_a2_': 1.0, '_a4_': 1.0}};{'d0': 0.024905832921164182};-276.475521882611;46.45731707612197
32434;-91.7804438651843;(((pow2((_a6_ + (x / _a6_))) * -((_a5_ * abs(_a7_)))) + _a3_) * x);{'d0': {'_a3_': 1.4465760893025423, '_a5_': -1.6618536494791412, '_a6_': 0.5585066765342573, '_a7_': 0.6338173594244256, '_a0_': 1.0, '_a1_': 1.0, '_a2_': 1.0, '_a4_': 1.0}};{'d0': 0.024905832921164182};-276.475521882611;46.45731707612197
32435;-91.7804438651843;(((pow2((_a6_ + (x / _a6_))) * -((_a5_ * abs(_a7_)))) + _a3_) * x);{'d0': {'_a3_': 1.4465760893025423, '_a5_': -1.6618536494791412, '_a6_': 0.5585066765342573, '_a7_': 0.6338173594244256, '_a0_': 1.0, '_a1_': 1.0, '_a2_': 1.0, '_a4_': 1.0}};{'d0': 0.024905832921164182};-276.475521882611;46.45731707612197
32436;-91.7804438651843;(((pow2((_a6_ + (x / _a6_))) * -((_a5_ * abs(_a7_)))) + _a3_) * x);{'d0': {'_a3_': 1.4465760893025423, '_a5_': -1.6618536494791412, '_a6_': 0.5585066765342573, '_a7_': 0.6338173594244256, '_a0_': 1.0, '_a1_': 1.0, '_a2_': 1.0, '_a4_': 1.0}};{'d0': 0.024905832921164182};-276.475521882611;46.45731707612197
32437;-91.7804438651843;(((pow2((_a6_ + (x / _a6_))) * -((_a5_ * abs(_a7_)))) + _a3_) * x);{'d0': {'_a3_': 1.4465760893025423, '_a5_': -1.6618536494791412, '_a6_': 0.5585066765342573, '_a7_': 0.6338173594244256, '_a0_': 1.0, '_a1_': 1.0, '_a2_': 1.0, '_a4_': 1.0}};{'d0': 0.024905832921164182};-276.475521882611;46.45731707612197
32438;-91.7804438651843;(((pow2((_a6_ + (x / _a6_))) * -((_a5_ * abs(_a7_)))) + _a3_) * x);{'d0': {'_a3_': 1.4465760893025423, '_a5_': -1.6618536494791412, '_a6_': 0.5585066765342573, '_a7_': 0.6338173594244256, '_a0_': 1.0, '_a1_': 1.0, '_a2_': 1.0, '_a4_': 1.0}};{'d0': 0.024905832921164182};-276.475521882611;46.45731707612197
32439;-91.7804438651843;(((pow2((_a6_ + (x / _a6_))) * -((_a5_ * abs(_a7_)))) + _a3_) * x);{'d0': {'_a3_': 1.4465760893025423, '_a5_': -1.6618536494791412, '_a6_': 0.5585066765342573, '_a7_': 0.6338173594244256, '_a0_': 1.0, '_a1_': 1.0, '_a2_': 1.0, '_a4_': 1.0}};{'d0': 0.024905832921164182};-276.475521882611;46.45731707612197
32440;-91.7804438651843;(((pow2((_a6_ + (x / _a6_))) * -((_a5_ * abs(_a7_)))) + _a3_) * x);{'d0': {'_a3_': 1.4465760893025423, '_a5_': -1.6618536494791412, '_a6_': 0.5585066765342573, '_a7_': 0.6338173594244256, '_a0_': 1.0, '_a1_': 1.0, '_a2_': 1.0, '_a4_': 1.0}};{'d0': 0.024905832921164182};-276.475521882611;46.45731707612197
32441;-91.7804438651843;(((pow2((_a6_ + (x / _a6_))) * -((_a5_ * abs(_a7_)))) + _a3_) * x);{'d0': {'_a3_': 1.4465760893025423, '_a5_': -1.6618536494791412, '_a6_': 0.5585066765342573, '_a7_': 0.6338173594244256, '_a0_': 1.0, '_a1_': 1.0, '_a2_': 1.0, '_a4_': 1.0}};{'d0': 0.024905832921164182};-276.475521882611;46.45731707612197
32442;-91.7804438651843;(((pow2((_a6_ + (x / _a6_))) * -((_a5_ * abs(_a7_)))) + _a3_) * x);{'d0': {'_a3_': 1.4465760893025423, '_a5_': -1.6618536494791412, '_a6_': 0.5585066765342573, '_a7_': 0.6338173594244256, '_a0_': 1.0, '_a1_': 1.0, '_a2_': 1.0, '_a4_': 1.0}};{'d0': 0.024905832921164182};-276.475521882611;46.45731707612197
32443;-85.8598428167121;(((pow2((_a6_ + ((x + _a5_) / _a6_))) * -((_a5_ * abs(_a7_)))) + _a3_) * x);{'d0': {'_a3_': 1.4465760897676725, '_a5_': -0.24084240392457767, '_a6_': 0.7434864643021932, '_a7_': 7.750208304520383, '_a0_': 1.0, '_a1_': 1.0, '_a2_': 1.0, '_a4_': 1.0}};{'d0': 0.024905832920701036};-276.475521883727;52.377918125151965
32444;-87.9345684126806;(((pow2((_a6_ + ((x + _a5_) / _a6_))) * -((_a5_ * (_a3_ * _a2_)))) + _a3_) * x);{'d0': {'_a2_': 3.934890861802061, '_a3_': 1.4465760894817707, '_a5_': -0.45492390928059767, '_a6_': 0.8757017946252416, '_a0_': 1.0, '_a1_': 1.0, '_a4_': 1.0, '_a7_': 1.0}};{'d0': 0.02490583291980823};-276.475521885878;50.30319253025897
32445;-87.9345684126806;(((pow2((_a6_ + ((x + _a5_) / _a6_))) * -((_a5_ * (_a3_ * _a2_)))) + _a3_) * x);{'d0': {'_a2_': 3.934890861802061, '_a3_': 1.4465760894817707, '_a5_': -0.45492390928059767, '_a6_': 0.8757017946252416, '_a0_': 1.0, '_a1_': 1.0, '_a4_': 1.0, '_a7_': 1.0}};{'d0': 0.02490583291980823};-276.475521885878;50.30319253025897
32446;-86.9633072841619;(((pow2((_a6_ + ((x + _a5_) / _a6_))) * -((_a5_ * (_a3_ + _a2_)))) + _a3_) * x);{'d0': {'_a2_': 5.34819942820932, '_a3_': 1.4465760892408421, '_a5_': -0.308164620391813, '_a6_': 0.7874607032259213, '_a0_': 1.0, '_a1_': 1.0, '_a4_': 1.0, '_a7_': 1.0}};{'d0': 0.024905832923914115};-276.475521875987;51.27445365383197
32447;-89.1859738429962;(((pow2((_a6_ + ((x + _a5_) / _a6_))) * -((_a5_ * pow2(_a7_)))) + _a3_) * x);{'d0': {'_a3_': 1.4465760895419375, '_a5_': -0.4294536372497428, '_a6_': 0.8610362683475956, '_a7_': 2.414422543049917, '_a0_': 1.0, '_a1_': 1.0, '_a2_': 1.0, '_a4_': 1.0}};{'d0': 0.024905832938513638};-276.475521840815;49.05178707741197
32448;-89.1859738429962;(((pow2((_a6_ + ((x + _a5_) / _a6_))) * -((_a5_ * pow2(_a7_)))) + _a3_) * x);{'d0': {'_a3_': 1.4465760895419375, '_a5_': -0.4294536372497428, '_a6_': 0.8610362683475956, '_a7_': 2.414422543049917, '_a0_': 1.0, '_a1_': 1.0, '_a2_': 1.0, '_a4_': 1.0}};{'d0': 0.024905832938513638};-276.475521840815;49.05178707741197
32449;-89.1859738429962;(((pow2((_a6_ + ((x + _a5_) / _a6_))) * -((_a5_ * pow2(_a7_)))) + _a3_) * x);{'d0': {'_a3_': 1.4465760895419375, '_a5_': -0.4294536372497428, '_a6_': 0.8610362683475956, '_a7_': 2.414422543049917, '_a0_': 1.0, '_a1_': 1.0, '_a2_': 1.0, '_a4_': 1.0}};{'d0': 0.024905832938513638};-276.475521840815;49.05178707741197
32450;-99.4619796209257;(((((pow2(_a1_) + x) * (x + _a5_)) * (_a1_ * x)) + x) * _a2_);{'d0': {'_a1_': 1.0253885665538776, '_a2_': 3.293152456324658, '_a5_': -0.42756229672192936, '_a0_': 1.0, '_a3_': 1.0, '_a4_': 1.0, '_a6_': 1.0, '_a7_': 1.0}};{'d0': 0.02490583291941664};-280.569866449044;40.82295360359595
32451;-99.4619796209257;(((((pow2(_a1_) + x) * (x + _a5_)) * (_a1_ * x)) + x) * _a2_);{'d0': {'_a1_': 1.0253885665538776, '_a2_': 3.293152456324658, '_a5_': -0.42756229672192936, '_a0_': 1.0, '_a3_': 1.0, '_a4_': 1.0, '_a6_': 1.0, '_a7_': 1.0}};{'d0': 0.02490583291941664};-280.569866449044;40.82295360359595
32452;-99.4619796209257;(((((pow2(_a1_) + x) * (x + _a5_)) * (_a1_ * x)) + x) * _a2_);{'d0': {'_a1_': 1.0253885665538776, '_a2_': 3.293152456324658, '_a5_': -0.42756229672192936, '_a0_': 1.0, '_a3_': 1.0, '_a4_': 1.0, '_a6_': 1.0, '_a7_': 1.0}};{'d0': 0.02490583291941664};-280.569866449044;40.82295360359595
32453;-99.4619796209257;(((((pow2(_a1_) + x) * (x + _a5_)) * (_a1_ * x)) + x) * _a2_);{'d0': {'_a1_': 1.0253885665538776, '_a2_': 3.293152456324658, '_a5_': -0.42756229672192936, '_a0_': 1.0, '_a3_': 1.0, '_a4_': 1.0, '_a6_': 1.0, '_a7_': 1.0}};{'d0': 0.02490583291941664};-280.569866449044;40.82295360359595
32454;-99.4619796209257;(((((pow2(_a1_) + x) * (x + _a5_)) * (_a1_ * x)) + x) * _a2_);{'d0': {'_a1_': 1.0253885665538776, '_a2_': 3.293152456324658, '_a5_': -0.42756229672192936, '_a0_': 1.0, '_a3_': 1.0, '_a4_': 1.0, '_a6_': 1.0, '_a7_': 1.0}};{'d0': 0.02490583291941664};-280.569866449044;40.82295360359595
32455;-99.4619796209257;(((((pow2(_a1_) + x) * (x + _a5_)) * (_a1_ * x)) + x) * _a2_);{'d0': {'_a1_': 1.0253885665538776, '_a2_': 3.293152456324658, '_a5_': -0.42756229672192936, '_a0_': 1.0, '_a3_': 1.0, '_a4_': 1.0, '_a6_': 1.0, '_a7_': 1.0}};{'d0': 0.02490583291941664};-280.569866449044;40.82295360359595
32456;-99.4619796209257;(((((pow2(_a1_) + x) * (x + _a5_)) * (_a1_ * x)) + x) * _a2_);{'d0': {'_a1_': 1.0253885665538776, '_a2_': 3.293152456324658, '_a5_': -0.42756229672192936, '_a0_': 1.0, '_a3_': 1.0, '_a4_': 1.0, '_a6_': 1.0, '_a7_': 1.0}};{'d0': 0.02490583291941664};-280.569866449044;40.82295360359595
32457;-99.4619796209257;(((((pow2(_a1_) + x) * (x + _a5_)) * (_a1_ * x)) + x) * _a2_);{'d0': {'_a1_': 1.0253885665538776, '_a2_': 3.293152456324658, '_a5_': -0.42756229672192936, '_a0_': 1.0, '_a3_': 1.0, '_a4_': 1.0, '_a6_': 1.0, '_a7_': 1.0}};{'d0': 0.02490583291941664};-280.569866449044;40.82295360359595
32458;-99.4619796209257;(((((pow2(_a1_) + x) * (x + _a5_)) * (_a1_ * x)) + x) * _a2_);{'d0': {'_a1_': 1.0253885665538776, '_a2_': 3.293152456324658, '_a5_': -0.42756229672192936, '_a0_': 1.0, '_a3_': 1.0, '_a4_': 1.0, '_a6_': 1.0, '_a7_': 1.0}};{'d0': 0.02490583291941664};-280.569866449044;40.82295360359595
32459;-99.4619796209257;(((((pow2(_a1_) + x) * (x + _a5_)) * (_a1_ * x)) + x) * _a2_);{'d0': {'_a1_': 1.0253885665538776, '_a2_': 3.293152456324658, '_a5_': -0.42756229672192936, '_a0_': 1.0, '_a3_': 1.0, '_a4_': 1.0, '_a6_': 1.0, '_a7_': 1.0}};{'d0': 0.02490583291941664};-280.569866449044;40.82295360359595
32460;-99.4619796209257;(((((pow2(_a1_) + x) * (x + _a5_)) * (_a1_ * x)) + x) * _a2_);{'d0': {'_a1_': 1.0253885665538776, '_a2_': 3.293152456324658, '_a5_': -0.42756229672192936, '_a0_': 1.0, '_a3_': 1.0, '_a4_': 1.0, '_a6_': 1.0, '_a7_': 1.0}};{'d0': 0.02490583291941664};-280.569866449044;40.82295360359595
32461;-94.4402824091466;((((((pow2(_a1_) + x) * (x + _a5_)) * (_a1_ * x)) + x) * _a2_) * _a5_);{'d0': {'_a1_': 1.025388566615952, '_a2_': -7.702158213139601, '_a5_': -0.4275622970131811, '_a0_': 1.0, '_a3_': 1.0, '_a4_': 1.0, '_a6_': 1.0, '_a7_': 1.0}};{'d0': 0.02490583291941667};-280.569866449043;45.84465081537495
32462;-94.4402824091466;((((((pow2(_a1_) + x) * (x + _a5_)) * (_a1_ * x)) + x) * _a2_) * _a5_);{'d0': {'_a1_': 1.025388566615952, '_a2_': -7.702158213139601, '_a5_': -0.4275622970131811, '_a0_': 1.0, '_a3_': 1.0, '_a4_': 1.0, '_a6_': 1.0, '_a7_': 1.0}};{'d0': 0.02490583291941667};-280.569866449043;45.84465081537495
32463;-94.4402824091466;((((((pow2(_a1_) + x) * (x + _a5_)) * (_a1_ * x)) + x) * _a2_) * _a5_);{'d0': {'_a1_': 1.025388566615952, '_a2_': -7.702158213139601, '_a5_': -0.4275622970131811, '_a0_': 1.0, '_a3_': 1.0, '_a4_': 1.0, '_a6_': 1.0, '_a7_': 1.0}};{'d0': 0.02490583291941667};-280.569866449043;45.84465081537495
32464;-94.4402824091466;((((((pow2(_a1_) + x) * (x + _a5_)) * (_a1_ * x)) + x) * _a2_) * _a5_);{'d0': {'_a1_': 1.025388566615952, '_a2_': -7.702158213139601, '_a5_': -0.4275622970131811, '_a0_': 1.0, '_a3_': 1.0, '_a4_': 1.0, '_a6_': 1.0, '_a7_': 1.0}};{'d0': 0.02490583291941667};-280.569866449043;45.84465081537495
32465;-94.4402824091466;((((((pow2(_a1_) + x) * (x + _a5_)) * (_a1_ * x)) + x) * _a2_) * _a5_);{'d0': {'_a1_': 1.025388566615952, '_a2_': -7.702158213139601, '_a5_': -0.4275622970131811, '_a0_': 1.0, '_a3_': 1.0, '_a4_': 1.0, '_a6_': 1.0, '_a7_': 1.0}};{'d0': 0.02490583291941667};-280.569866449043;45.84465081537495
32466;-94.4402824091466;((((((pow2(_a1_) + x) * (x + _a5_)) * (_a1_ * x)) + x) * _a2_) * _a5_);{'d0': {'_a1_': 1.025388566615952, '_a2_': -7.702158213139601, '_a5_': -0.4275622970131811, '_a0_': 1.0, '_a3_': 1.0, '_a4_': 1.0, '_a6_': 1.0, '_a7_': 1.0}};{'d0': 0.02490583291941667};-280.569866449043;45.84465081537495
32467;-94.4402824091466;((((((pow2(_a1_) + x) * (x + _a5_)) * (_a1_ * x)) + x) * _a2_) * _a5_);{'d0': {'_a1_': 1.025388566615952, '_a2_': -7.702158213139601, '_a5_': -0.4275622970131811, '_a0_': 1.0, '_a3_': 1.0, '_a4_': 1.0, '_a6_': 1.0, '_a7_': 1.0}};{'d0': 0.02490583291941667};-280.569866449043;45.84465081537495
32468;-94.4402824091466;((((((pow2(_a1_) + x) * (x + _a5_)) * (_a1_ * x)) + x) * _a2_) * _a5_);{'d0': {'_a1_': 1.025388566615952, '_a2_': -7.702158213139601, '_a5_': -0.4275622970131811, '_a0_': 1.0, '_a3_': 1.0, '_a4_': 1.0, '_a6_': 1.0, '_a7_': 1.0}};{'d0': 0.02490583291941667};-280.569866449043;45.84465081537495
32469;-94.4402824091466;((((((pow2(_a1_) + x) * (x + _a5_)) * (_a1_ * x)) + x) * _a2_) * _a5_);{'d0': {'_a1_': 1.025388566615952, '_a2_': -7.702158213139601, '_a5_': -0.4275622970131811, '_a0_': 1.0, '_a3_': 1.0, '_a4_': 1.0, '_a6_': 1.0, '_a7_': 1.0}};{'d0': 0.02490583291941667};-280.569866449043;45.84465081537495
32470;-94.4402824091466;((((((pow2(_a1_) + x) * (x + _a5_)) * (_a1_ * x)) + x) * _a2_) * _a5_);{'d0': {'_a1_': 1.025388566615952, '_a2_': -7.702158213139601, '_a5_': -0.4275622970131811, '_a0_': 1.0, '_a3_': 1.0, '_a4_': 1.0, '_a6_': 1.0, '_a7_': 1.0}};{'d0': 0.02490583291941667};-280.569866449043;45.84465081537495
32471;-104.531628829010;(((pow2((_a7_ * (_a7_ * (x + _a2_)))) / _a2_) + _a4_) * x);{'d0': {'_a2_': 0.31192970781775387, '_a4_': 1.4465760892854103, '_a7_': 1.0130695491329784, '_a0_': 1.0, '_a1_': 1.0, '_a3_': 1.0, '_a5_': 1.0, '_a6_': 1.0}};{'d0': 0.024905832919416643};-280.569866449044;35.7533043955114
32472;-104.531628829010;(((pow2((_a7_ * (_a7_ * (x + _a2_)))) / _a2_) + _a4_) * x);{'d0': {'_a2_': 0.31192970781775387, '_a4_': 1.4465760892854103, '_a7_': 1.0130695491329784, '_a0_': 1.0, '_a1_': 1.0, '_a3_': 1.0, '_a5_': 1.0, '_a6_': 1.0}};{'d0': 0.024905832919416643};-280.569866449044;35.7533043955114
32473;-104.531628829010;(((pow2((_a7_ * (_a7_ * (x + _a2_)))) / _a2_) + _a4_) * x);{'d0': {'_a2_': 0.31192970781775387, '_a4_': 1.4465760892854103, '_a7_': 1.0130695491329784, '_a0_': 1.0, '_a1_': 1.0, '_a3_': 1.0, '_a5_': 1.0, '_a6_': 1.0}};{'d0': 0.024905832919416643};-280.569866449044;35.7533043955114
32474;-104.531628829010;(((pow2((_a7_ * (_a7_ * (x + _a2_)))) / _a2_) + _a4_) * x);{'d0': {'_a2_': 0.31192970781775387, '_a4_': 1.4465760892854103, '_a7_': 1.0130695491329784, '_a0_': 1.0, '_a1_': 1.0, '_a3_': 1.0, '_a5_': 1.0, '_a6_': 1.0}};{'d0': 0.024905832919416643};-280.569866449044;35.7533043955114
32475;-104.531628829010;(((pow2((_a7_ * (_a7_ * (x + _a2_)))) / _a2_) + _a4_) * x);{'d0': {'_a2_': 0.31192970781775387, '_a4_': 1.4465760892854103, '_a7_': 1.0130695491329784, '_a0_': 1.0, '_a1_': 1.0, '_a3_': 1.0, '_a5_': 1.0, '_a6_': 1.0}};{'d0': 0.024905832919416643};-280.569866449044;35.7533043955114
32476;-104.531628829010;(((pow2((_a7_ * (_a7_ * (x + _a2_)))) / _a2_) + _a4_) * x);{'d0': {'_a2_': 0.31192970781775387, '_a4_': 1.4465760892854103, '_a7_': 1.0130695491329784, '_a0_': 1.0, '_a1_': 1.0, '_a3_': 1.0, '_a5_': 1.0, '_a6_': 1.0}};{'d0': 0.024905832919416643};-280.569866449044;35.7533043955114
32477;-104.531628829010;(((pow2((_a7_ * (_a7_ * (x + _a2_)))) / _a2_) + _a4_) * x);{'d0': {'_a2_': 0.31192970781775387, '_a4_': 1.4465760892854103, '_a7_': 1.0130695491329784, '_a0_': 1.0, '_a1_': 1.0, '_a3_': 1.0, '_a5_': 1.0, '_a6_': 1.0}};{'d0': 0.024905832919416643};-280.569866449044;35.7533043955114
32478;-99.4619796209257;(((((pow2(_a1_) + x) * (x + _a5_)) * (_a1_ * x)) + x) * _a2_);{'d0': {'_a1_': 1.0253885665538776, '_a2_': 3.293152456324658, '_a5_': -0.42756229672192936, '_a0_': 1.0, '_a3_': 1.0, '_a4_': 1.0, '_a6_': 1.0, '_a7_': 1.0}};{'d0': 0.02490583291941664};-280.569866449044;40.82295360359595
32479;-99.4619796209257;(((((pow2(_a1_) + x) * (x + _a5_)) * (_a1_ * x)) + x) * _a2_);{'d0': {'_a1_': 1.0253885665538776, '_a2_': 3.293152456324658, '_a5_': -0.42756229672192936, '_a0_': 1.0, '_a3_': 1.0, '_a4_': 1.0, '_a6_': 1.0, '_a7_': 1.0}};{'d0': 0.02490583291941664};-280.569866449044;40.82295360359595
32480;-100.360883458177;(((((pow2(_a1_) + x) * (x * _a5_)) * (_a1_ * x)) + x) * _a2_);{'d0': {'_a1_': 0.7898477167885539, '_a2_': 1.775135404197131, '_a5_': 2.408382455090826, '_a0_': 1.0, '_a3_': 1.0, '_a4_': 1.0, '_a6_': 1.0, '_a7_': 1.0}};{'d0': 0.024905832919416598};-280.569866449044;39.92404976634495
32481;-104.531628829010;(((pow2((_a7_ * (_a7_ * (x + _a2_)))) / _a2_) + _a4_) * x);{'d0': {'_a2_': 0.31192970781775387, '_a4_': 1.4465760892854103, '_a7_': 1.0130695491329784, '_a0_': 1.0, '_a1_': 1.0, '_a3_': 1.0, '_a5_': 1.0, '_a6_': 1.0}};{'d0': 0.024905832919416643};-280.569866449044;35.7533043955114
32482;-104.531628829010;(((pow2((_a7_ * (_a7_ * (x + _a2_)))) / _a2_) + _a4_) * x);{'d0': {'_a2_': 0.31192970781775387, '_a4_': 1.4465760892854103, '_a7_': 1.0130695491329784, '_a0_': 1.0, '_a1_': 1.0, '_a3_': 1.0, '_a5_': 1.0, '_a6_': 1.0}};{'d0': 0.024905832919416643};-280.569866449044;35.7533043955114
32483;-104.531628829010;(((pow2((_a7_ * (_a7_ * (x + _a2_)))) / _a2_) + _a4_) * x);{'d0': {'_a2_': 0.31192970781775387, '_a4_': 1.4465760892854103, '_a7_': 1.0130695491329784, '_a0_': 1.0, '_a1_': 1.0, '_a3_': 1.0, '_a5_': 1.0, '_a6_': 1.0}};{'d0': 0.024905832919416643};-280.569866449044;35.7533043955114
32484;-104.531628829010;(((pow2((_a7_ * (_a7_ * (x + _a2_)))) / _a2_) + _a4_) * x);{'d0': {'_a2_': 0.31192970781775387, '_a4_': 1.4465760892854103, '_a7_': 1.0130695491329784, '_a0_': 1.0, '_a1_': 1.0, '_a3_': 1.0, '_a5_': 1.0, '_a6_': 1.0}};{'d0': 0.024905832919416643};-280.569866449044;35.7533043955114
32485;-104.531628829010;(((pow2((_a7_ * (_a7_ * (x + _a2_)))) / _a2_) + _a4_) * x);{'d0': {'_a2_': 0.31192970781775387, '_a4_': 1.4465760892854103, '_a7_': 1.0130695491329784, '_a0_': 1.0, '_a1_': 1.0, '_a3_': 1.0, '_a5_': 1.0, '_a6_': 1.0}};{'d0': 0.024905832919416643};-280.569866449044;35.7533043955114
32486;-104.531628829010;(((pow2((_a7_ * (_a7_ * (x + _a2_)))) / _a2_) + _a4_) * x);{'d0': {'_a2_': 0.31192970781775387, '_a4_': 1.4465760892854103, '_a7_': 1.0130695491329784, '_a0_': 1.0, '_a1_': 1.0, '_a3_': 1.0, '_a5_': 1.0, '_a6_': 1.0}};{'d0': 0.024905832919416643};-280.569866449044;35.7533043955114
32487;-104.531628829010;(((pow2((_a7_ * (_a7_ * (x + _a2_)))) / _a2_) + _a4_) * x);{'d0': {'_a2_': 0.31192970781775387, '_a4_': 1.4465760892854103, '_a7_': 1.0130695491329784, '_a0_': 1.0, '_a1_': 1.0, '_a3_': 1.0, '_a5_': 1.0, '_a6_': 1.0}};{'d0': 0.024905832919416643};-280.569866449044;35.7533043955114
32488;-104.531628829010;(((pow2((_a7_ * (_a7_ * (x + _a2_)))) / _a2_) + _a4_) * x);{'d0': {'_a2_': 0.31192970781775387, '_a4_': 1.4465760892854103, '_a7_': 1.0130695491329784, '_a0_': 1.0, '_a1_': 1.0, '_a3_': 1.0, '_a5_': 1.0, '_a6_': 1.0}};{'d0': 0.024905832919416643};-280.569866449044;35.7533043955114
32489;-104.531628829010;(((pow2((_a7_ * (_a7_ * (x + _a2_)))) / _a2_) + _a4_) * x);{'d0': {'_a2_': 0.31192970781775387, '_a4_': 1.4465760892854103, '_a7_': 1.0130695491329784, '_a0_': 1.0, '_a1_': 1.0, '_a3_': 1.0, '_a5_': 1.0, '_a6_': 1.0}};{'d0': 0.024905832919416643};-280.569866449044;35.7533043955114
32490;-104.531628829010;(((pow2((_a7_ * (_a7_ * (x + _a2_)))) / _a2_) + _a4_) * x);{'d0': {'_a2_': 0.31192970781775387, '_a4_': 1.4465760892854103, '_a7_': 1.0130695491329784, '_a0_': 1.0, '_a1_': 1.0, '_a3_': 1.0, '_a5_': 1.0, '_a6_': 1.0}};{'d0': 0.024905832919416643};-280.569866449044;35.7533043955114
32491;-104.531628829010;(((pow2((_a7_ * (_a7_ * (x + _a2_)))) / _a2_) + _a4_) * x);{'d0': {'_a2_': 0.31192970781775387, '_a4_': 1.4465760892854103, '_a7_': 1.0130695491329784, '_a0_': 1.0, '_a1_': 1.0, '_a3_': 1.0, '_a5_': 1.0, '_a6_': 1.0}};{'d0': 0.024905832919416643};-280.569866449044;35.7533043955114
32492;-104.531628829010;(((pow2((_a7_ * (_a7_ * (x + _a2_)))) / _a2_) + _a4_) * x);{'d0': {'_a2_': 0.31192970781775387, '_a4_': 1.4465760892854103, '_a7_': 1.0130695491329784, '_a0_': 1.0, '_a1_': 1.0, '_a3_': 1.0, '_a5_': 1.0, '_a6_': 1.0}};{'d0': 0.024905832919416643};-280.569866449044;35.7533043955114
32493;-104.531628829010;(((pow2((_a7_ * (_a7_ * (x + _a2_)))) / _a2_) + _a4_) * x);{'d0': {'_a2_': 0.31192970781775387, '_a4_': 1.4465760892854103, '_a7_': 1.0130695491329784, '_a0_': 1.0, '_a1_': 1.0, '_a3_': 1.0, '_a5_': 1.0, '_a6_': 1.0}};{'d0': 0.024905832919416643};-280.569866449044;35.7533043955114
32494;-104.531628829010;(((pow2((_a7_ * (_a7_ * (x + _a2_)))) / _a2_) + _a4_) * x);{'d0': {'_a2_': 0.31192970781775387, '_a4_': 1.4465760892854103, '_a7_': 1.0130695491329784, '_a0_': 1.0, '_a1_': 1.0, '_a3_': 1.0, '_a5_': 1.0, '_a6_': 1.0}};{'d0': 0.024905832919416643};-280.569866449044;35.7533043955114
32495;-104.531628829010;(((pow2((_a7_ * (_a7_ * (x + _a2_)))) / _a2_) + _a4_) * x);{'d0': {'_a2_': 0.31192970781775387, '_a4_': 1.4465760892854103, '_a7_': 1.0130695491329784, '_a0_': 1.0, '_a1_': 1.0, '_a3_': 1.0, '_a5_': 1.0, '_a6_': 1.0}};{'d0': 0.024905832919416643};-280.569866449044;35.7533043955114
32496;-104.531628829010;(((pow2((_a7_ * (_a7_ * (x + _a2_)))) / _a2_) + _a4_) * x);{'d0': {'_a2_': 0.31192970781775387, '_a4_': 1.4465760892854103, '_a7_': 1.0130695491329784, '_a0_': 1.0, '_a1_': 1.0, '_a3_': 1.0, '_a5_': 1.0, '_a6_': 1.0}};{'d0': 0.024905832919416643};-280.569866449044;35.7533043955114
32497;-104.531628829010;(((pow2((_a7_ * (_a7_ * (x + _a2_)))) / _a2_) + _a4_) * x);{'d0': {'_a2_': 0.31192970781775387, '_a4_': 1.4465760892854103, '_a7_': 1.0130695491329784, '_a0_': 1.0, '_a1_': 1.0, '_a3_': 1.0, '_a5_': 1.0, '_a6_': 1.0}};{'d0': 0.024905832919416643};-280.569866449044;35.7533043955114
32498;-104.531628829010;(((pow2((_a7_ * (_a7_ * (x + _a2_)))) / _a2_) + _a4_) * x);{'d0': {'_a2_': 0.31192970781775387, '_a4_': 1.4465760892854103, '_a7_': 1.0130695491329784, '_a0_': 1.0, '_a1_': 1.0, '_a3_': 1.0, '_a5_': 1.0, '_a6_': 1.0}};{'d0': 0.024905832919416643};-280.569866449044;35.7533043955114
32499;-104.531628829010;(((pow2((_a7_ * (_a7_ * (x + _a2_)))) / _a2_) + _a4_) * x);{'d0': {'_a2_': 0.31192970781775387, '_a4_': 1.4465760892854103, '_a7_': 1.0130695491329784, '_a0_': 1.0, '_a1_': 1.0, '_a3_': 1.0, '_a5_': 1.0, '_a6_': 1.0}};{'d0': 0.024905832919416643};-280.569866449044;35.7533043955114
32500;-104.531628829010;(((pow2((_a7_ * (_a7_ * (x + _a2_)))) / _a2_) + _a4_) * x);{'d0': {'_a2_': 0.31192970781775387, '_a4_': 1.4465760892854103, '_a7_': 1.0130695491329784, '_a0_': 1.0, '_a1_': 1.0, '_a3_': 1.0, '_a5_': 1.0, '_a6_': 1.0}};{'d0': 0.024905832919416643};-280.569866449044;35.7533043955114
32501;-104.531628829010;(((pow2((_a7_ * (_a7_ * (x + _a2_)))) / _a2_) + _a4_) * x);{'d0': {'_a2_': 0.31192970781775387, '_a4_': 1.4465760892854103, '_a7_': 1.0130695491329784, '_a0_': 1.0, '_a1_': 1.0, '_a3_': 1.0, '_a5_': 1.0, '_a6_': 1.0}};{'d0': 0.024905832919416643};-280.569866449044;35.7533043955114
32502;-104.531628829010;(((pow2((_a7_ * (_a7_ * (x + _a2_)))) / _a2_) + _a4_) * x);{'d0': {'_a2_': 0.31192970781775387, '_a4_': 1.4465760892854103, '_a7_': 1.0130695491329784, '_a0_': 1.0, '_a1_': 1.0, '_a3_': 1.0, '_a5_': 1.0, '_a6_': 1.0}};{'d0': 0.024905832919416643};-280.569866449044;35.7533043955114
32503;-104.531628829010;(((pow2((_a7_ * (_a7_ * (x + _a2_)))) / _a2_) + _a4_) * x);{'d0': {'_a2_': 0.31192970781775387, '_a4_': 1.4465760892854103, '_a7_': 1.0130695491329784, '_a0_': 1.0, '_a1_': 1.0, '_a3_': 1.0, '_a5_': 1.0, '_a6_': 1.0}};{'d0': 0.024905832919416643};-280.569866449044;35.7533043955114
32504;-104.531628829010;(((pow2((_a7_ * (_a7_ * (x + _a2_)))) / _a2_) + _a4_) * x);{'d0': {'_a2_': 0.31192970781775387, '_a4_': 1.4465760892854103, '_a7_': 1.0130695491329784, '_a0_': 1.0, '_a1_': 1.0, '_a3_': 1.0, '_a5_': 1.0, '_a6_': 1.0}};{'d0': 0.024905832919416643};-280.569866449044;35.7533043955114
32505;-104.531628829010;(((pow2((_a7_ * (_a7_ * (x + _a2_)))) / _a2_) + _a4_) * x);{'d0': {'_a2_': 0.31192970781775387, '_a4_': 1.4465760892854103, '_a7_': 1.0130695491329784, '_a0_': 1.0, '_a1_': 1.0, '_a3_': 1.0, '_a5_': 1.0, '_a6_': 1.0}};{'d0': 0.024905832919416643};-280.569866449044;35.7533043955114
32506;-104.531628829010;(((pow2((_a7_ * (_a7_ * (x + _a2_)))) / _a2_) + _a4_) * x);{'d0': {'_a2_': 0.31192970781775387, '_a4_': 1.4465760892854103, '_a7_': 1.0130695491329784, '_a0_': 1.0, '_a1_': 1.0, '_a3_': 1.0, '_a5_': 1.0, '_a6_': 1.0}};{'d0': 0.024905832919416643};-280.569866449044;35.7533043955114
32507;-104.531628829010;(((pow2((_a7_ * (_a7_ * (x + _a2_)))) / _a2_) + _a4_) * x);{'d0': {'_a2_': 0.31192970781775387, '_a4_': 1.4465760892854103, '_a7_': 1.0130695491329784, '_a0_': 1.0, '_a1_': 1.0, '_a3_': 1.0, '_a5_': 1.0, '_a6_': 1.0}};{'d0': 0.024905832919416643};-280.569866449044;35.7533043955114
32508;-104.531628829010;(((pow2((_a7_ * (_a7_ * (x + _a2_)))) / _a2_) + _a4_) * x);{'d0': {'_a2_': 0.31192970781775387, '_a4_': 1.4465760892854103, '_a7_': 1.0130695491329784, '_a0_': 1.0, '_a1_': 1.0, '_a3_': 1.0, '_a5_': 1.0, '_a6_': 1.0}};{'d0': 0.024905832919416643};-280.569866449044;35.7533043955114
32509;-104.531628829010;(((pow2((_a7_ * (_a7_ * (x + _a2_)))) / _a2_) + _a4_) * x);{'d0': {'_a2_': 0.31192970781775387, '_a4_': 1.4465760892854103, '_a7_': 1.0130695491329784, '_a0_': 1.0, '_a1_': 1.0, '_a3_': 1.0, '_a5_': 1.0, '_a6_': 1.0}};{'d0': 0.024905832919416643};-280.569866449044;35.7533043955114
32510;-104.531628829010;(((pow2((_a7_ * (_a7_ * (x + _a2_)))) / _a2_) + _a4_) * x);{'d0': {'_a2_': 0.31192970781775387, '_a4_': 1.4465760892854103, '_a7_': 1.0130695491329784, '_a0_': 1.0, '_a1_': 1.0, '_a3_': 1.0, '_a5_': 1.0, '_a6_': 1.0}};{'d0': 0.024905832919416643};-280.569866449044;35.7533043955114
32511;-104.531628829010;(((pow2((_a7_ * (_a7_ * (x + _a2_)))) / _a2_) + _a4_) * x);{'d0': {'_a2_': 0.31192970781775387, '_a4_': 1.4465760892854103, '_a7_': 1.0130695491329784, '_a0_': 1.0, '_a1_': 1.0, '_a3_': 1.0, '_a5_': 1.0, '_a6_': 1.0}};{'d0': 0.024905832919416643};-280.569866449044;35.7533043955114
32512;-104.531628829010;(((pow2((_a7_ * (_a7_ * (x + _a2_)))) / _a2_) + _a4_) * x);{'d0': {'_a2_': 0.31192970781775387, '_a4_': 1.4465760892854103, '_a7_': 1.0130695491329784, '_a0_': 1.0, '_a1_': 1.0, '_a3_': 1.0, '_a5_': 1.0, '_a6_': 1.0}};{'d0': 0.024905832919416643};-280.569866449044;35.7533043955114
32513;-104.531628829010;(((pow2((_a7_ * (_a7_ * (x + _a2_)))) / _a2_) + _a4_) * x);{'d0': {'_a2_': 0.31192970781775387, '_a4_': 1.4465760892854103, '_a7_': 1.0130695491329784, '_a0_': 1.0, '_a1_': 1.0, '_a3_': 1.0, '_a5_': 1.0, '_a6_': 1.0}};{'d0': 0.024905832919416643};-280.569866449044;35.7533043955114
32514;-104.531628829010;(((pow2((_a7_ * (_a7_ * (x + _a2_)))) / _a2_) + _a4_) * x);{'d0': {'_a2_': 0.31192970781775387, '_a4_': 1.4465760892854103, '_a7_': 1.0130695491329784, '_a0_': 1.0, '_a1_': 1.0, '_a3_': 1.0, '_a5_': 1.0, '_a6_': 1.0}};{'d0': 0.024905832919416643};-280.569866449044;35.7533043955114
32515;-104.531628829010;(((pow2((_a7_ * (_a7_ * (x + _a2_)))) / _a2_) + _a4_) * x);{'d0': {'_a2_': 0.31192970781775387, '_a4_': 1.4465760892854103, '_a7_': 1.0130695491329784, '_a0_': 1.0, '_a1_': 1.0, '_a3_': 1.0, '_a5_': 1.0, '_a6_': 1.0}};{'d0': 0.024905832919416643};-280.569866449044;35.7533043955114
32516;-96.4050467428764;(((pow2((cos(_a6_) * (_a7_ * (x + _a2_)))) / _a2_) + _a4_) * x);{'d0': {'_a2_': 0.3119297078365349, '_a4_': 1.4465760898285245, '_a6_': 0.08125851295429666, '_a7_': 1.0297071863176903, '_a0_': 1.0, '_a1_': 1.0, '_a3_': 1.0, '_a5_': 1.0}};{'d0': 0.024905832929755043};-276.475521861915;41.8327141880814
32517;-96.4050467428764;(((pow2((cos(_a6_) * (_a7_ * (x + _a2_)))) / _a2_) + _a4_) * x);{'d0': {'_a2_': 0.3119297078365349, '_a4_': 1.4465760898285245, '_a6_': 0.08125851295429666, '_a7_': 1.0297071863176903, '_a0_': 1.0, '_a1_': 1.0, '_a3_': 1.0, '_a5_': 1.0}};{'d0': 0.024905832929755043};-276.475521861915;41.8327141880814
32518;-97.1445935370478;(((pow2((sqrt(_a6_) * (_a7_ * (x + _a2_)))) / _a2_) + _a4_) * x);{'d0': {'_a2_': 0.3119297077787824, '_a4_': 1.4465760893327866, '_a6_': 0.2164911569631664, '_a7_': 2.205760800023936, '_a0_': 1.0, '_a1_': 1.0, '_a3_': 1.0, '_a5_': 1.0}};{'d0': 0.024905832919691864};-276.475521886158;41.0931674060314
32519;-97.1445935370478;(((pow2((sqrt(_a6_) * (_a7_ * (x + _a2_)))) / _a2_) + _a4_) * x);{'d0': {'_a2_': 0.3119297077787824, '_a4_': 1.4465760893327866, '_a6_': 0.2164911569631664, '_a7_': 2.205760800023936, '_a0_': 1.0, '_a1_': 1.0, '_a3_': 1.0, '_a5_': 1.0}};{'d0': 0.024905832919691864};-276.475521886158;41.0931674060314
32520;-97.0242842545761;(((pow2((sqrt(_a6_) * (_a7_ * (x + _a2_)))) + _a2_) + _a4_) * x);{'d0': {'_a2_': 0.3119297079039894, '_a4_': 1.1346463818386618, '_a6_': 0.4199473256148824, '_a7_': 2.8356506397773367, '_a0_': 1.0, '_a1_': 1.0, '_a3_': 1.0, '_a5_': 1.0}};{'d0': 0.024905832919562502};-276.475521886470;41.213476688659
32521;-97.0242842545761;(((pow2((sqrt(_a6_) * (_a7_ * (x + _a2_)))) + _a2_) + _a4_) * x);{'d0': {'_a2_': 0.3119297079039894, '_a4_': 1.1346463818386618, '_a6_': 0.4199473256148824, '_a7_': 2.8356506397773367, '_a0_': 1.0, '_a1_': 1.0, '_a3_': 1.0, '_a5_': 1.0}};{'d0': 0.024905832919562502};-276.475521886470;41.213476688659
32522;-97.0242842545761;(((pow2((sqrt(_a6_) * (_a7_ * (x + _a2_)))) + _a2_) + _a4_) * x);{'d0': {'_a2_': 0.3119297079039894, '_a4_': 1.1346463818386618, '_a6_': 0.4199473256148824, '_a7_': 2.8356506397773367, '_a0_': 1.0, '_a1_': 1.0, '_a3_': 1.0, '_a5_': 1.0}};{'d0': 0.024905832919562502};-276.475521886470;41.213476688659
32523;-97.0242842410704;(((pow2((sqrt(_a0_) * (_a7_ * (x + _a2_)))) + _a2_) + _a4_) * x);{'d0': {'_a0_': 1.7711680739388078, '_a2_': 0.3119297077918312, '_a4_': 1.1346463816995473, '_a7_': -1.3807660064214944, '_a1_': 1.0, '_a3_': 1.0, '_a5_': 1.0, '_a6_': 1.0}};{'d0': 0.024905832930774825};-276.475521859459;41.213476688659
32524;-97.0242842410704;(((pow2((sqrt(_a0_) * (_a7_ * (x + _a2_)))) + _a2_) + _a4_) * x);{'d0': {'_a0_': 1.7711680739388078, '_a2_': 0.3119297077918312, '_a4_': 1.1346463816995473, '_a7_': -1.3807660064214944, '_a1_': 1.0, '_a3_': 1.0, '_a5_': 1.0, '_a6_': 1.0}};{'d0': 0.024905832930774825};-276.475521859459;41.213476688659
32525;-97.0242842410704;(((pow2((sqrt(_a0_) * (_a7_ * (x + _a2_)))) + _a2_) + _a4_) * x);{'d0': {'_a0_': 1.7711680739388078, '_a2_': 0.3119297077918312, '_a4_': 1.1346463816995473, '_a7_': -1.3807660064214944, '_a1_': 1.0, '_a3_': 1.0, '_a5_': 1.0, '_a6_': 1.0}};{'d0': 0.024905832930774825};-276.475521859459;41.213476688659
32526;-97.0242842410704;(((pow2((sqrt(_a0_) * (_a7_ * (x + _a2_)))) + _a2_) + _a4_) * x);{'d0': {'_a0_': 1.7711680739388078, '_a2_': 0.3119297077918312, '_a4_': 1.1346463816995473, '_a7_': -1.3807660064214944, '_a1_': 1.0, '_a3_': 1.0, '_a5_': 1.0, '_a6_': 1.0}};{'d0': 0.024905832930774825};-276.475521859459;41.213476688659
32527;-99.0714565358628;(((pow2((sqrt(_a2_) * (_a7_ * (x + _a2_)))) + _a2_) + _a4_) * x);{'d0': {'_a2_': 0.31192970780876617, '_a4_': 1.1346463817138603, '_a7_': -3.290196110105042, '_a0_': 1.0, '_a1_': 1.0, '_a3_': 1.0, '_a5_': 1.0, '_a6_': 1.0}};{'d0': 0.02490583291941666};-280.569866449044;41.213476688659
32528;-99.0714565358628;(((pow2((sqrt(_a2_) * (_a7_ * (x + _a2_)))) + _a2_) + _a4_) * x);{'d0': {'_a2_': 0.31192970780876617, '_a4_': 1.1346463817138603, '_a7_': -3.290196110105042, '_a0_': 1.0, '_a1_': 1.0, '_a3_': 1.0, '_a5_': 1.0, '_a6_': 1.0}};{'d0': 0.02490583291941666};-280.569866449044;41.213476688659
32529;-99.0714565358628;(((pow2((sqrt(_a2_) * (_a7_ * (x + _a2_)))) + _a2_) + _a4_) * x);{'d0': {'_a2_': 0.31192970780876617, '_a4_': 1.1346463817138603, '_a7_': -3.290196110105042, '_a0_': 1.0, '_a1_': 1.0, '_a3_': 1.0, '_a5_': 1.0, '_a6_': 1.0}};{'d0': 0.02490583291941666};-280.569866449044;41.213476688659
32530;-99.0714565358628;(((pow2((sqrt(_a2_) * (_a7_ * (x + _a2_)))) + _a2_) + _a4_) * x);{'d0': {'_a2_': 0.31192970780876617, '_a4_': 1.1346463817138603, '_a7_': -3.290196110105042, '_a0_': 1.0, '_a1_': 1.0, '_a3_': 1.0, '_a5_': 1.0, '_a6_': 1.0}};{'d0': 0.02490583291941666};-280.569866449044;41.213476688659
32531;-109.408611468145;(x * (_a0_ + pow2((((_a3_ * x) + _a0_) / _a4_))));{'d0': {'_a0_': 1.4465760885341354, '_a3_': 4.637506631351129, '_a4_': -2.523680602606692, '_a1_': 1.0, '_a2_': 1.0, '_a5_': 1.0, '_a6_': 1.0, '_a7_': 1.0}};{'d0': 0.02490583291941667};-280.569866449043;30.87632175637633
32532;-109.408611468145;(x * (_a0_ + pow2((((_a3_ * x) + _a0_) / _a4_))));{'d0': {'_a0_': 1.4465760885341354, '_a3_': 4.637506631351129, '_a4_': -2.523680602606692, '_a1_': 1.0, '_a2_': 1.0, '_a5_': 1.0, '_a6_': 1.0, '_a7_': 1.0}};{'d0': 0.02490583291941667};-280.569866449043;30.87632175637633
32533;-109.408611468145;(x * (_a0_ + pow2((((_a3_ * x) + _a0_) / _a4_))));{'d0': {'_a0_': 1.4465760885341354, '_a3_': 4.637506631351129, '_a4_': -2.523680602606692, '_a1_': 1.0, '_a2_': 1.0, '_a5_': 1.0, '_a6_': 1.0, '_a7_': 1.0}};{'d0': 0.02490583291941667};-280.569866449043;30.87632175637633
32534;-99.0714565358629;(((pow2((sqrt(_a7_) * (_a7_ * (x + _a2_)))) + _a2_) + _a4_) * x);{'d0': {'_a2_': 0.3119297078425059, '_a4_': 1.1346463812708694, '_a7_': 1.500260825646297, '_a0_': 1.0, '_a1_': 1.0, '_a3_': 1.0, '_a5_': 1.0, '_a6_': 1.0}};{'d0': 0.02490583291941654};-280.569866449044;41.213476688659
32535;-99.0714565358629;(((pow2((sqrt(_a7_) * (_a7_ * (x + _a2_)))) + _a2_) + _a4_) * x);{'d0': {'_a2_': 0.3119297078425059, '_a4_': 1.1346463812708694, '_a7_': 1.500260825646297, '_a0_': 1.0, '_a1_': 1.0, '_a3_': 1.0, '_a5_': 1.0, '_a6_': 1.0}};{'d0': 0.02490583291941654};-280.569866449044;41.213476688659
32536;-99.0714565358629;(((pow2((sqrt(_a7_) * (_a7_ * (x + _a2_)))) + _a2_) + _a4_) * x);{'d0': {'_a2_': 0.3119297078425059, '_a4_': 1.1346463812708694, '_a7_': 1.500260825646297, '_a0_': 1.0, '_a1_': 1.0, '_a3_': 1.0, '_a5_': 1.0, '_a6_': 1.0}};{'d0': 0.02490583291941654};-280.569866449044;41.213476688659
32537;-99.0714565358629;(((pow2((sqrt(_a7_) * (_a7_ * (x + _a2_)))) + _a2_) + _a4_) * x);{'d0': {'_a2_': 0.3119297078425059, '_a4_': 1.1346463812708694, '_a7_': 1.500260825646297, '_a0_': 1.0, '_a1_': 1.0, '_a3_': 1.0, '_a5_': 1.0, '_a6_': 1.0}};{'d0': 0.02490583291941654};-280.569866449044;41.213476688659
32538;-99.0714565358629;(((pow2((sqrt(_a7_) * (_a7_ * (x + _a2_)))) + _a2_) + _a4_) * x);{'d0': {'_a2_': 0.3119297078425059, '_a4_': 1.1346463812708694, '_a7_': 1.500260825646297, '_a0_': 1.0, '_a1_': 1.0, '_a3_': 1.0, '_a5_': 1.0, '_a6_': 1.0}};{'d0': 0.02490583291941654};-280.569866449044;41.213476688659
32539;-99.0714565358629;(((pow2((sqrt(_a7_) * (_a7_ * (x + _a2_)))) + _a2_) + _a4_) * x);{'d0': {'_a2_': 0.3119297078425059, '_a4_': 1.1346463812708694, '_a7_': 1.500260825646297, '_a0_': 1.0, '_a1_': 1.0, '_a3_': 1.0, '_a5_': 1.0, '_a6_': 1.0}};{'d0': 0.02490583291941654};-280.569866449044;41.213476688659
32540;-99.0714565358629;(((pow2((sqrt(_a7_) * (_a7_ * (x + _a2_)))) + _a2_) + _a4_) * x);{'d0': {'_a2_': 0.3119297078425059, '_a4_': 1.1346463812708694, '_a7_': 1.500260825646297, '_a0_': 1.0, '_a1_': 1.0, '_a3_': 1.0, '_a5_': 1.0, '_a6_': 1.0}};{'d0': 0.02490583291941654};-280.569866449044;41.213476688659
32541;-99.0714565358629;(((pow2((sqrt(_a7_) * (_a7_ * (x + _a2_)))) + _a2_) + _a4_) * x);{'d0': {'_a2_': 0.3119297078425059, '_a4_': 1.1346463812708694, '_a7_': 1.500260825646297, '_a0_': 1.0, '_a1_': 1.0, '_a3_': 1.0, '_a5_': 1.0, '_a6_': 1.0}};{'d0': 0.02490583291941654};-280.569866449044;41.213476688659
32542;-99.0714565358629;(((pow2((sqrt(_a7_) * (_a7_ * (x + _a2_)))) + _a2_) + _a4_) * x);{'d0': {'_a2_': 0.3119297078425059, '_a4_': 1.1346463812708694, '_a7_': 1.500260825646297, '_a0_': 1.0, '_a1_': 1.0, '_a3_': 1.0, '_a5_': 1.0, '_a6_': 1.0}};{'d0': 0.02490583291941654};-280.569866449044;41.213476688659
32543;-99.0714565358629;(((pow2((sqrt(_a7_) * (_a7_ * (x + _a2_)))) + _a2_) + _a4_) * x);{'d0': {'_a2_': 0.3119297078425059, '_a4_': 1.1346463812708694, '_a7_': 1.500260825646297, '_a0_': 1.0, '_a1_': 1.0, '_a3_': 1.0, '_a5_': 1.0, '_a6_': 1.0}};{'d0': 0.02490583291941654};-280.569866449044;41.213476688659
32544;-99.0714565358629;(((pow2((sqrt(_a7_) * (_a7_ * (x + _a2_)))) + _a2_) + _a4_) * x);{'d0': {'_a2_': 0.3119297078425059, '_a4_': 1.1346463812708694, '_a7_': 1.500260825646297, '_a0_': 1.0, '_a1_': 1.0, '_a3_': 1.0, '_a5_': 1.0, '_a6_': 1.0}};{'d0': 0.02490583291941654};-280.569866449044;41.213476688659
32545;-99.0714565358629;(((pow2((sqrt(_a7_) * (_a7_ * (x + _a2_)))) + _a2_) + _a4_) * x);{'d0': {'_a2_': 0.3119297078425059, '_a4_': 1.1346463812708694, '_a7_': 1.500260825646297, '_a0_': 1.0, '_a1_': 1.0, '_a3_': 1.0, '_a5_': 1.0, '_a6_': 1.0}};{'d0': 0.02490583291941654};-280.569866449044;41.213476688659
32546;-99.0714565358629;(((pow2((sqrt(_a7_) * (_a7_ * (x + _a2_)))) + _a2_) + _a4_) * x);{'d0': {'_a2_': 0.3119297078425059, '_a4_': 1.1346463812708694, '_a7_': 1.500260825646297, '_a0_': 1.0, '_a1_': 1.0, '_a3_': 1.0, '_a5_': 1.0, '_a6_': 1.0}};{'d0': 0.02490583291941654};-280.569866449044;41.213476688659
32547;-99.0714565358629;(((pow2((sqrt(_a7_) * (_a7_ * (x + _a2_)))) + _a2_) + _a4_) * x);{'d0': {'_a2_': 0.3119297078425059, '_a4_': 1.1346463812708694, '_a7_': 1.500260825646297, '_a0_': 1.0, '_a1_': 1.0, '_a3_': 1.0, '_a5_': 1.0, '_a6_': 1.0}};{'d0': 0.02490583291941654};-280.569866449044;41.213476688659
32548;-99.0714565358629;(((pow2((sqrt(_a7_) * (_a7_ * (x + _a2_)))) + _a2_) + _a4_) * x);{'d0': {'_a2_': 0.3119297078425059, '_a4_': 1.1346463812708694, '_a7_': 1.500260825646297, '_a0_': 1.0, '_a1_': 1.0, '_a3_': 1.0, '_a5_': 1.0, '_a6_': 1.0}};{'d0': 0.02490583291941654};-280.569866449044;41.213476688659
32549;-99.0714565358629;(((pow2((sqrt(_a7_) * (_a7_ * (x + _a2_)))) + _a2_) + _a4_) * x);{'d0': {'_a2_': 0.3119297078425059, '_a4_': 1.1346463812708694, '_a7_': 1.500260825646297, '_a0_': 1.0, '_a1_': 1.0, '_a3_': 1.0, '_a5_': 1.0, '_a6_': 1.0}};{'d0': 0.02490583291941654};-280.569866449044;41.213476688659
32550;-99.0714565358629;(((pow2((sqrt(_a7_) * (_a7_ * (x + _a2_)))) + _a2_) + _a1_) * x);{'d0': {'_a1_': 1.134646381658466, '_a2_': 0.31192970769681666, '_a7_': 1.500260825420586, '_a0_': 1.0, '_a3_': 1.0, '_a4_': 1.0, '_a5_': 1.0, '_a6_': 1.0}};{'d0': 0.02490583291941657};-280.569866449044;41.213476688659
32551;-99.0714565358629;(((pow2((sqrt(_a7_) * (_a7_ * (x + _a2_)))) + _a2_) + _a1_) * x);{'d0': {'_a1_': 1.134646381658466, '_a2_': 0.31192970769681666, '_a7_': 1.500260825420586, '_a0_': 1.0, '_a3_': 1.0, '_a4_': 1.0, '_a5_': 1.0, '_a6_': 1.0}};{'d0': 0.02490583291941657};-280.569866449044;41.213476688659
32552;-99.0714565358629;(((pow2((sqrt(_a7_) * (_a7_ * (x + _a2_)))) + _a2_) + _a1_) * x);{'d0': {'_a1_': 1.134646381658466, '_a2_': 0.31192970769681666, '_a7_': 1.500260825420586, '_a0_': 1.0, '_a3_': 1.0, '_a4_': 1.0, '_a5_': 1.0, '_a6_': 1.0}};{'d0': 0.02490583291941657};-280.569866449044;41.213476688659
32553;-99.0714565358629;(((pow2((sqrt(_a7_) * (_a7_ * (x + _a2_)))) + _a2_) + _a1_) * x);{'d0': {'_a1_': 1.134646381658466, '_a2_': 0.31192970769681666, '_a7_': 1.500260825420586, '_a0_': 1.0, '_a3_': 1.0, '_a4_': 1.0, '_a5_': 1.0, '_a6_': 1.0}};{'d0': 0.02490583291941657};-280.569866449044;41.213476688659
32554;-99.0714565358629;(((pow2((sqrt(_a7_) * (_a7_ * (x + _a2_)))) + _a2_) + _a1_) * x);{'d0': {'_a1_': 1.134646381658466, '_a2_': 0.31192970769681666, '_a7_': 1.500260825420586, '_a0_': 1.0, '_a3_': 1.0, '_a4_': 1.0, '_a5_': 1.0, '_a6_': 1.0}};{'d0': 0.02490583291941657};-280.569866449044;41.213476688659
32555;-99.0714565358629;(((pow2((sqrt(_a7_) * (_a7_ * (x + _a2_)))) + _a2_) + _a1_) * x);{'d0': {'_a1_': 1.134646381658466, '_a2_': 0.31192970769681666, '_a7_': 1.500260825420586, '_a0_': 1.0, '_a3_': 1.0, '_a4_': 1.0, '_a5_': 1.0, '_a6_': 1.0}};{'d0': 0.02490583291941657};-280.569866449044;41.213476688659
32556;-99.0714565358629;(((pow2((sqrt(_a7_) * (_a7_ * (x + _a2_)))) + _a2_) + _a1_) * x);{'d0': {'_a1_': 1.134646381658466, '_a2_': 0.31192970769681666, '_a7_': 1.500260825420586, '_a0_': 1.0, '_a3_': 1.0, '_a4_': 1.0, '_a5_': 1.0, '_a6_': 1.0}};{'d0': 0.02490583291941657};-280.569866449044;41.213476688659
32557;-99.0714565358629;(((pow2((sqrt(_a7_) * (_a7_ * (x + _a2_)))) + _a2_) + _a1_) * x);{'d0': {'_a1_': 1.134646381658466, '_a2_': 0.31192970769681666, '_a7_': 1.500260825420586, '_a0_': 1.0, '_a3_': 1.0, '_a4_': 1.0, '_a5_': 1.0, '_a6_': 1.0}};{'d0': 0.02490583291941657};-280.569866449044;41.213476688659
32558;-99.0714565358629;(((pow2((sqrt(_a7_) * (_a7_ * (x + _a2_)))) + _a2_) + _a1_) * x);{'d0': {'_a1_': 1.134646381658466, '_a2_': 0.31192970769681666, '_a7_': 1.500260825420586, '_a0_': 1.0, '_a3_': 1.0, '_a4_': 1.0, '_a5_': 1.0, '_a6_': 1.0}};{'d0': 0.02490583291941657};-280.569866449044;41.213476688659
32559;-99.0714565358629;(((pow2((sqrt(_a7_) * (_a7_ * (x + _a2_)))) + _a2_) + _a1_) * x);{'d0': {'_a1_': 1.134646381658466, '_a2_': 0.31192970769681666, '_a7_': 1.500260825420586, '_a0_': 1.0, '_a3_': 1.0, '_a4_': 1.0, '_a5_': 1.0, '_a6_': 1.0}};{'d0': 0.02490583291941657};-280.569866449044;41.213476688659
32560;-99.0714565358629;(((pow2((sqrt(_a7_) * (_a7_ * (x + _a2_)))) + _a2_) + _a1_) * x);{'d0': {'_a1_': 1.134646381658466, '_a2_': 0.31192970769681666, '_a7_': 1.500260825420586, '_a0_': 1.0, '_a3_': 1.0, '_a4_': 1.0, '_a5_': 1.0, '_a6_': 1.0}};{'d0': 0.02490583291941657};-280.569866449044;41.213476688659
32561;-99.0714565358629;(((pow2((sqrt(_a7_) * (_a7_ * (x + _a2_)))) + _a2_) + _a1_) * x);{'d0': {'_a1_': 1.134646381658466, '_a2_': 0.31192970769681666, '_a7_': 1.500260825420586, '_a0_': 1.0, '_a3_': 1.0, '_a4_': 1.0, '_a5_': 1.0, '_a6_': 1.0}};{'d0': 0.02490583291941657};-280.569866449044;41.213476688659
32562;-99.0714565358629;(((pow2((sqrt(_a7_) * (_a7_ * (x + _a2_)))) + _a2_) + _a1_) * x);{'d0': {'_a1_': 1.134646381658466, '_a2_': 0.31192970769681666, '_a7_': 1.500260825420586, '_a0_': 1.0, '_a3_': 1.0, '_a4_': 1.0, '_a5_': 1.0, '_a6_': 1.0}};{'d0': 0.02490583291941657};-280.569866449044;41.213476688659
32563;-99.0714565358629;(((pow2((sqrt(_a7_) * (_a7_ * (x + _a2_)))) + _a2_) + _a1_) * x);{'d0': {'_a1_': 1.134646381658466, '_a2_': 0.31192970769681666, '_a7_': 1.500260825420586, '_a0_': 1.0, '_a3_': 1.0, '_a4_': 1.0, '_a5_': 1.0, '_a6_': 1.0}};{'d0': 0.02490583291941657};-280.569866449044;41.213476688659
32564;-99.0714565358629;(((pow2((sqrt(_a7_) * (_a7_ * (x + _a2_)))) + _a2_) + _a1_) * x);{'d0': {'_a1_': 1.134646381658466, '_a2_': 0.31192970769681666, '_a7_': 1.500260825420586, '_a0_': 1.0, '_a3_': 1.0, '_a4_': 1.0, '_a5_': 1.0, '_a6_': 1.0}};{'d0': 0.02490583291941657};-280.569866449044;41.213476688659
32565;-99.0714565358629;(((pow2((sqrt(_a7_) * (_a7_ * (x + _a2_)))) + _a2_) + _a1_) * x);{'d0': {'_a1_': 1.134646381658466, '_a2_': 0.31192970769681666, '_a7_': 1.500260825420586, '_a0_': 1.0, '_a3_': 1.0, '_a4_': 1.0, '_a5_': 1.0, '_a6_': 1.0}};{'d0': 0.02490583291941657};-280.569866449044;41.213476688659
32566;-99.0714565358629;(((pow2((sqrt(_a7_) * (_a7_ * (x + _a2_)))) + _a2_) + _a1_) * x);{'d0': {'_a1_': 1.134646381658466, '_a2_': 0.31192970769681666, '_a7_': 1.500260825420586, '_a0_': 1.0, '_a3_': 1.0, '_a4_': 1.0, '_a5_': 1.0, '_a6_': 1.0}};{'d0': 0.02490583291941657};-280.569866449044;41.213476688659
32567;-99.0714565358629;(((pow2((sqrt(_a7_) * (_a7_ * (x + _a2_)))) + _a2_) + _a1_) * x);{'d0': {'_a1_': 1.134646381658466, '_a2_': 0.31192970769681666, '_a7_': 1.500260825420586, '_a0_': 1.0, '_a3_': 1.0, '_a4_': 1.0, '_a5_': 1.0, '_a6_': 1.0}};{'d0': 0.02490583291941657};-280.569866449044;41.213476688659
32568;-93.7315935253429;(((pow2((sqrt(sqrt(_a2_)) * (_a7_ * (x + _a2_)))) + _a2_) + _a1_) * x);{'d0': {'_a1_': 1.1346463815688637, '_a2_': 0.31192970779871515, '_a7_': 2.4588722700299503, '_a0_': 1.0, '_a3_': 1.0, '_a4_': 1.0, '_a5_': 1.0, '_a6_': 1.0}};{'d0': 0.024905832919416577};-280.569866449044;46.553339699179
32569;-93.7315935253429;(((pow2((sqrt(sqrt(_a2_)) * (_a7_ * (x + _a2_)))) + _a2_) + _a1_) * x);{'d0': {'_a1_': 1.1346463815688637, '_a2_': 0.31192970779871515, '_a7_': 2.4588722700299503, '_a0_': 1.0, '_a3_': 1.0, '_a4_': 1.0, '_a5_': 1.0, '_a6_': 1.0}};{'d0': 0.024905832919416577};-280.569866449044;46.553339699179
32570;-93.7315935253429;(((pow2((sqrt(sqrt(_a2_)) * (_a7_ * (x + _a2_)))) + _a2_) + _a1_) * x);{'d0': {'_a1_': 1.1346463815688637, '_a2_': 0.31192970779871515, '_a7_': 2.4588722700299503, '_a0_': 1.0, '_a3_': 1.0, '_a4_': 1.0, '_a5_': 1.0, '_a6_': 1.0}};{'d0': 0.024905832919416577};-280.569866449044;46.553339699179
32571;-93.7315935253429;(((pow2((sqrt(sqrt(_a2_)) * (_a7_ * (x + _a2_)))) + _a2_) + _a1_) * x);{'d0': {'_a1_': 1.1346463815688637, '_a2_': 0.31192970779871515, '_a7_': 2.4588722700299503, '_a0_': 1.0, '_a3_': 1.0, '_a4_': 1.0, '_a5_': 1.0, '_a6_': 1.0}};{'d0': 0.024905832919416577};-280.569866449044;46.553339699179
32572;-93.7315935253429;(((pow2((sqrt(sqrt(_a2_)) * (_a7_ * (x + _a2_)))) + _a2_) + _a1_) * x);{'d0': {'_a1_': 1.1346463815688637, '_a2_': 0.31192970779871515, '_a7_': 2.4588722700299503, '_a0_': 1.0, '_a3_': 1.0, '_a4_': 1.0, '_a5_': 1.0, '_a6_': 1.0}};{'d0': 0.024905832919416577};-280.569866449044;46.553339699179
32573;-93.7315935253429;(((pow2((sqrt(sqrt(_a2_)) * (_a7_ * (x + _a2_)))) + _a2_) + _a1_) * x);{'d0': {'_a1_': 1.1346463815688637, '_a2_': 0.31192970779871515, '_a7_': 2.4588722700299503, '_a0_': 1.0, '_a3_': 1.0, '_a4_': 1.0, '_a5_': 1.0, '_a6_': 1.0}};{'d0': 0.024905832919416577};-280.569866449044;46.553339699179
32574;-93.7315935253429;(((pow2((sqrt(sqrt(_a2_)) * (_a7_ * (x + _a2_)))) + _a2_) + _a1_) * x);{'d0': {'_a1_': 1.1346463815688637, '_a2_': 0.31192970779871515, '_a7_': 2.4588722700299503, '_a0_': 1.0, '_a3_': 1.0, '_a4_': 1.0, '_a5_': 1.0, '_a6_': 1.0}};{'d0': 0.024905832919416577};-280.569866449044;46.553339699179
32575;-93.7315935253429;(((pow2((sqrt(sqrt(_a2_)) * (_a7_ * (x + _a2_)))) + _a2_) + _a1_) * x);{'d0': {'_a1_': 1.1346463815688637, '_a2_': 0.31192970779871515, '_a7_': 2.4588722700299503, '_a0_': 1.0, '_a3_': 1.0, '_a4_': 1.0, '_a5_': 1.0, '_a6_': 1.0}};{'d0': 0.024905832919416577};-280.569866449044;46.553339699179
32576;-93.7315935253429;(((pow2((sqrt(sqrt(_a2_)) * (_a7_ * (x + _a2_)))) + _a2_) + _a1_) * x);{'d0': {'_a1_': 1.1346463815688637, '_a2_': 0.31192970779871515, '_a7_': 2.4588722700299503, '_a0_': 1.0, '_a3_': 1.0, '_a4_': 1.0, '_a5_': 1.0, '_a6_': 1.0}};{'d0': 0.024905832919416577};-280.569866449044;46.553339699179
32577;-105.382580669956;(x * (_a0_ + pow2((((_a3_ * x) + _a0_) * (_a7_ * _a0_)))));{'d0': {'_a0_': 1.4465760897957847, '_a3_': 4.637506636420995, '_a7_': 0.273920368446731, '_a1_': 1.0, '_a2_': 1.0, '_a4_': 1.0, '_a5_': 1.0, '_a6_': 1.0}};{'d0': 0.02490583291941662};-280.569866449044;34.90235255456594
32578;-105.382580669956;(x * (_a0_ + pow2((((_a3_ * x) + _a0_) * (_a7_ * _a0_)))));{'d0': {'_a0_': 1.4465760897957847, '_a3_': 4.637506636420995, '_a7_': 0.273920368446731, '_a1_': 1.0, '_a2_': 1.0, '_a4_': 1.0, '_a5_': 1.0, '_a6_': 1.0}};{'d0': 0.02490583291941662};-280.569866449044;34.90235255456594
32579;-105.382580669956;(x * (_a0_ + pow2((((_a3_ * x) + _a0_) * (_a7_ * _a0_)))));{'d0': {'_a0_': 1.4465760897957847, '_a3_': 4.637506636420995, '_a7_': 0.273920368446731, '_a1_': 1.0, '_a2_': 1.0, '_a4_': 1.0, '_a5_': 1.0, '_a6_': 1.0}};{'d0': 0.02490583291941662};-280.569866449044;34.90235255456594
32580;-105.382580669956;(x * (_a0_ + pow2((((_a3_ * x) + _a0_) * (_a7_ * _a0_)))));{'d0': {'_a0_': 1.4465760897957847, '_a3_': 4.637506636420995, '_a7_': 0.273920368446731, '_a1_': 1.0, '_a2_': 1.0, '_a4_': 1.0, '_a5_': 1.0, '_a6_': 1.0}};{'d0': 0.02490583291941662};-280.569866449044;34.90235255456594
32581;-105.382580669956;(x * (_a0_ + pow2((((_a3_ * x) + _a0_) * (_a7_ * _a0_)))));{'d0': {'_a0_': 1.4465760897957847, '_a3_': 4.637506636420995, '_a7_': 0.273920368446731, '_a1_': 1.0, '_a2_': 1.0, '_a4_': 1.0, '_a5_': 1.0, '_a6_': 1.0}};{'d0': 0.02490583291941662};-280.569866449044;34.90235255456594
32582;-105.382580669956;(x * (_a0_ + pow2((((_a3_ * x) + _a0_) * (_a7_ * _a0_)))));{'d0': {'_a0_': 1.4465760897957847, '_a3_': 4.637506636420995, '_a7_': 0.273920368446731, '_a1_': 1.0, '_a2_': 1.0, '_a4_': 1.0, '_a5_': 1.0, '_a6_': 1.0}};{'d0': 0.02490583291941662};-280.569866449044;34.90235255456594
32583;-105.382580669956;(x * (_a0_ + pow2((((_a3_ * x) + _a0_) * (_a7_ * _a0_)))));{'d0': {'_a0_': 1.4465760897957847, '_a3_': 4.637506636420995, '_a7_': 0.273920368446731, '_a1_': 1.0, '_a2_': 1.0, '_a4_': 1.0, '_a5_': 1.0, '_a6_': 1.0}};{'d0': 0.02490583291941662};-280.569866449044;34.90235255456594
32584;-105.382580669956;(x * (_a0_ + pow2((((_a3_ * x) + _a0_) * (_a7_ * _a0_)))));{'d0': {'_a0_': 1.4465760897957847, '_a3_': 4.637506636420995, '_a7_': 0.273920368446731, '_a1_': 1.0, '_a2_': 1.0, '_a4_': 1.0, '_a5_': 1.0, '_a6_': 1.0}};{'d0': 0.02490583291941662};-280.569866449044;34.90235255456594
32585;-105.382580669956;(x * (_a0_ + pow2((((_a3_ * x) + _a0_) * (_a7_ * _a0_)))));{'d0': {'_a0_': 1.4465760897957847, '_a3_': 4.637506636420995, '_a7_': 0.273920368446731, '_a1_': 1.0, '_a2_': 1.0, '_a4_': 1.0, '_a5_': 1.0, '_a6_': 1.0}};{'d0': 0.02490583291941662};-280.569866449044;34.90235255456594
32586;-105.382580669956;(x * (_a0_ + pow2((((_a3_ * x) + _a0_) * (_a7_ * _a0_)))));{'d0': {'_a0_': 1.4465760897957847, '_a3_': 4.637506636420995, '_a7_': 0.273920368446731, '_a1_': 1.0, '_a2_': 1.0, '_a4_': 1.0, '_a5_': 1.0, '_a6_': 1.0}};{'d0': 0.02490583291941662};-280.569866449044;34.90235255456594
32587;-105.382580669956;(x * (_a0_ + pow2((((_a3_ * x) + _a0_) * (_a7_ * _a0_)))));{'d0': {'_a0_': 1.4465760897957847, '_a3_': 4.637506636420995, '_a7_': 0.273920368446731, '_a1_': 1.0, '_a2_': 1.0, '_a4_': 1.0, '_a5_': 1.0, '_a6_': 1.0}};{'d0': 0.02490583291941662};-280.569866449044;34.90235255456594
32588;-105.382580669956;(x * (_a0_ + pow2((((_a3_ * x) + _a0_) * (_a7_ * _a0_)))));{'d0': {'_a0_': 1.4465760897957847, '_a3_': 4.637506636420995, '_a7_': 0.273920368446731, '_a1_': 1.0, '_a2_': 1.0, '_a4_': 1.0, '_a5_': 1.0, '_a6_': 1.0}};{'d0': 0.02490583291941662};-280.569866449044;34.90235255456594
32589;-105.382580669956;(x * (_a0_ + pow2((((_a3_ * x) + _a0_) * (_a7_ * _a0_)))));{'d0': {'_a0_': 1.4465760897957847, '_a3_': 4.637506636420995, '_a7_': 0.273920368446731, '_a1_': 1.0, '_a2_': 1.0, '_a4_': 1.0, '_a5_': 1.0, '_a6_': 1.0}};{'d0': 0.02490583291941662};-280.569866449044;34.90235255456594
32590;-105.382580669956;(x * (_a0_ + pow2((((_a3_ * x) + _a0_) * (_a7_ * _a0_)))));{'d0': {'_a0_': 1.4465760897957847, '_a3_': 4.637506636420995, '_a7_': 0.273920368446731, '_a1_': 1.0, '_a2_': 1.0, '_a4_': 1.0, '_a5_': 1.0, '_a6_': 1.0}};{'d0': 0.02490583291941662};-280.569866449044;34.90235255456594
32591;-90.0713850975730;(_a2_ * (x * ((-(x) * (_a0_ + (_a0_ * (_a3_ + -(-(x)))))) + _a5_)));{'d0': {'_a0_': 492.7785355054471, '_a2_': -0.0068524916324626825, '_a3_': -0.3761405848237198, '_a5_': -259.0496207746056, '_a1_': 1.0, '_a4_': 1.0, '_a6_': 1.0, '_a7_': 1.0}};{'d0': 0.024905832919473243};-276.475521886685;48.166375845769565
32592;-90.0713850975730;(_a2_ * (x * ((-(x) * (_a0_ + (_a0_ * (_a3_ + -(-(x)))))) + _a5_)));{'d0': {'_a0_': 492.7785355054471, '_a2_': -0.0068524916324626825, '_a3_': -0.3761405848237198, '_a5_': -259.0496207746056, '_a1_': 1.0, '_a4_': 1.0, '_a6_': 1.0, '_a7_': 1.0}};{'d0': 0.024905832919473243};-276.475521886685;48.166375845769565
32593;-87.9520506187192;(_a2_ * (x * (((x / _a2_) * (_a0_ + (_a0_ * (_a3_ + -(-(x)))))) + _a5_)));{'d0': {'_a0_': 3.37676087791863, '_a2_': 0.007926006957911484, '_a3_': -0.3761405848793667, '_a5_': 223.9632347576356, '_a1_': 1.0, '_a4_': 1.0, '_a6_': 1.0, '_a7_': 1.0}};{'d0': 0.024905832943310904};-276.475521829258;50.285710295910015
32594;-105.382580669956;(x * (_a0_ + pow2((((_a3_ * x) + _a0_) * (_a7_ * _a0_)))));{'d0': {'_a0_': 1.4465760897957847, '_a3_': 4.637506636420995, '_a7_': 0.273920368446731, '_a1_': 1.0, '_a2_': 1.0, '_a4_': 1.0, '_a5_': 1.0, '_a6_': 1.0}};{'d0': 0.02490583291941662};-280.569866449044;34.90235255456594
32595;-105.382580669956;(x * (_a0_ + pow2((((_a3_ * x) + _a0_) * (_a7_ * _a0_)))));{'d0': {'_a0_': 1.4465760897957847, '_a3_': 4.637506636420995, '_a7_': 0.273920368446731, '_a1_': 1.0, '_a2_': 1.0, '_a4_': 1.0, '_a5_': 1.0, '_a6_': 1.0}};{'d0': 0.02490583291941662};-280.569866449044;34.90235255456594
32596;-105.382580669956;(x * (_a0_ + pow2((((_a3_ * x) + _a0_) * (_a7_ * _a0_)))));{'d0': {'_a0_': 1.4465760897957847, '_a3_': 4.637506636420995, '_a7_': 0.273920368446731, '_a1_': 1.0, '_a2_': 1.0, '_a4_': 1.0, '_a5_': 1.0, '_a6_': 1.0}};{'d0': 0.02490583291941662};-280.569866449044;34.90235255456594
32597;-82.9303534355337;((_a2_ * _a0_) * (x * (((x / _a2_) * (_a0_ + (_a0_ * (_a3_ + -(-(x)))))) + _a5_)));{'d0': {'_a0_': 1.8375964949850017, '_a2_': 0.006431661853705395, '_a3_': -0.3761405845916833, '_a5_': 150.19590918576995, '_a1_': 1.0, '_a4_': 1.0, '_a6_': 1.0, '_a7_': 1.0}};{'d0': 0.02490583291957267};-276.475521886446;55.307407507689014
32598;-82.9303534356599;((_a2_ * _a0_) * (x * (((x / _a2_) * (_a0_ + (_a2_ * (_a3_ + -(-(x)))))) + _a5_)));{'d0': {'_a0_': 22.77523505638954, '_a2_': 0.14826458833480638, '_a3_': -152.98824249608774, '_a5_': 0.5256917761834444, '_a1_': 1.0, '_a4_': 1.0, '_a6_': 1.0, '_a7_': 1.0}};{'d0': 0.024905832919467897};-276.475521886698;55.307407507689014
32599;-82.9303534356599;((_a2_ * _a0_) * (x * (((x / _a2_) * (_a0_ + (_a2_ * (_a3_ + -(-(x)))))) + _a5_)));{'d0': {'_a0_': 22.77523505638954, '_a2_': 0.14826458833480638, '_a3_': -152.98824249608774, '_a5_': 0.5256917761834444, '_a1_': 1.0, '_a4_': 1.0, '_a6_': 1.0, '_a7_': 1.0}};{'d0': 0.024905832919467897};-276.475521886698;55.307407507689014
32600;-82.9303534356599;((_a2_ * _a0_) * (x * (((x / _a2_) * (_a0_ + (_a2_ * (_a3_ + -(-(x)))))) + _a5_)));{'d0': {'_a0_': 22.77523505638954, '_a2_': 0.14826458833480638, '_a3_': -152.98824249608774, '_a5_': 0.5256917761834444, '_a1_': 1.0, '_a4_': 1.0, '_a6_': 1.0, '_a7_': 1.0}};{'d0': 0.024905832919467897};-276.475521886698;55.307407507689014
32601;-82.9303534356599;((_a2_ * _a0_) * (x * (((x / _a2_) * (_a0_ + (_a2_ * (_a3_ + -(-(x)))))) + _a5_)));{'d0': {'_a0_': 22.77523505638954, '_a2_': 0.14826458833480638, '_a3_': -152.98824249608774, '_a5_': 0.5256917761834444, '_a1_': 1.0, '_a4_': 1.0, '_a6_': 1.0, '_a7_': 1.0}};{'d0': 0.024905832919467897};-276.475521886698;55.307407507689014
32602;-82.9303534356599;((_a2_ * _a0_) * (x * (((x / _a2_) * (_a0_ + (_a2_ * (_a3_ + -(-(x)))))) + _a5_)));{'d0': {'_a0_': 22.77523505638954, '_a2_': 0.14826458833480638, '_a3_': -152.98824249608774, '_a5_': 0.5256917761834444, '_a1_': 1.0, '_a4_': 1.0, '_a6_': 1.0, '_a7_': 1.0}};{'d0': 0.024905832919467897};-276.475521886698;55.307407507689014
32603;-82.9303534356599;((_a2_ * _a0_) * (x * (((x / _a2_) * (_a0_ + (_a2_ * (_a3_ + -(-(x)))))) + _a5_)));{'d0': {'_a0_': 22.77523505638954, '_a2_': 0.14826458833480638, '_a3_': -152.98824249608774, '_a5_': 0.5256917761834444, '_a1_': 1.0, '_a4_': 1.0, '_a6_': 1.0, '_a7_': 1.0}};{'d0': 0.024905832919467897};-276.475521886698;55.307407507689014
32604;-82.9303534356599;((_a2_ * _a0_) * (x * (((x / _a2_) * (_a0_ + (_a2_ * (_a3_ + -(-(x)))))) + _a5_)));{'d0': {'_a0_': 22.77523505638954, '_a2_': 0.14826458833480638, '_a3_': -152.98824249608774, '_a5_': 0.5256917761834444, '_a1_': 1.0, '_a4_': 1.0, '_a6_': 1.0, '_a7_': 1.0}};{'d0': 0.024905832919467897};-276.475521886698;55.307407507689014
32605;-82.9303534356599;((_a2_ * _a0_) * (x * (((x / _a2_) * (_a0_ + (_a2_ * (_a3_ + -(-(x)))))) + _a5_)));{'d0': {'_a0_': 22.77523505638954, '_a2_': 0.14826458833480638, '_a3_': -152.98824249608774, '_a5_': 0.5256917761834444, '_a1_': 1.0, '_a4_': 1.0, '_a6_': 1.0, '_a7_': 1.0}};{'d0': 0.024905832919467897};-276.475521886698;55.307407507689014
32606;-82.9303534356599;((_a2_ * _a0_) * (x * (((x / _a2_) * (_a0_ + (_a2_ * (_a3_ + -(-(x)))))) + _a5_)));{'d0': {'_a0_': 22.77523505638954, '_a2_': 0.14826458833480638, '_a3_': -152.98824249608774, '_a5_': 0.5256917761834444, '_a1_': 1.0, '_a4_': 1.0, '_a6_': 1.0, '_a7_': 1.0}};{'d0': 0.024905832919467897};-276.475521886698;55.307407507689014
32607;-82.9303534356599;((_a2_ * _a0_) * (x * (((x / _a2_) * (_a0_ + (_a2_ * (_a3_ + -(-(x)))))) + _a5_)));{'d0': {'_a0_': 22.77523505638954, '_a2_': 0.14826458833480638, '_a3_': -152.98824249608774, '_a5_': 0.5256917761834444, '_a1_': 1.0, '_a4_': 1.0, '_a6_': 1.0, '_a7_': 1.0}};{'d0': 0.024905832919467897};-276.475521886698;55.307407507689014
32608;-82.9303534356599;((_a2_ * _a0_) * (x * (((x / _a2_) * (_a0_ + (_a2_ * (_a3_ + -(-(x)))))) + _a5_)));{'d0': {'_a0_': 22.77523505638954, '_a2_': 0.14826458833480638, '_a3_': -152.98824249608774, '_a5_': 0.5256917761834444, '_a1_': 1.0, '_a4_': 1.0, '_a6_': 1.0, '_a7_': 1.0}};{'d0': 0.024905832919467897};-276.475521886698;55.307407507689014
32609;-82.9303534356599;((_a2_ * _a0_) * (x * (((x / _a2_) * (_a0_ + (_a2_ * (_a3_ + -(-(x)))))) + _a5_)));{'d0': {'_a0_': 22.77523505638954, '_a2_': 0.14826458833480638, '_a3_': -152.98824249608774, '_a5_': 0.5256917761834444, '_a1_': 1.0, '_a4_': 1.0, '_a6_': 1.0, '_a7_': 1.0}};{'d0': 0.024905832919467897};-276.475521886698;55.307407507689014
32610;-82.9303534356599;((_a2_ * _a0_) * (x * (((x / _a2_) * (_a0_ + (_a2_ * (_a3_ + -(-(x)))))) + _a5_)));{'d0': {'_a0_': 22.77523505638954, '_a2_': 0.14826458833480638, '_a3_': -152.98824249608774, '_a5_': 0.5256917761834444, '_a1_': 1.0, '_a4_': 1.0, '_a6_': 1.0, '_a7_': 1.0}};{'d0': 0.024905832919467897};-276.475521886698;55.307407507689014
32611;-82.9303534299027;((_a2_ * _a0_) * (x * (((x / _a2_) * (x + (_a2_ * (_a3_ + -(-(x)))))) + _a5_)));{'d0': {'_a0_': 2.6245530731570494, '_a2_': 0.28660410430535005, '_a3_': 2.8005866583095442, '_a5_': 2.3598992359724464, '_a1_': 1.0, '_a4_': 1.0, '_a6_': 1.0, '_a7_': 1.0}};{'d0': 0.02490583292424754};-276.475521875183;55.307407507689014
32612;-81.2883673720109;((_a2_ * _a0_) * (x * (((x / _a2_) * (x + (_a2_ ** (_a3_ + -(-(x)))))) + _a5_)));{'d0': {'_a0_': 3.3889740241706745, '_a2_': 0.9942365989309812, '_a3_': 82.25522268422925, '_a5_': 0.5268317690271965, '_a1_': 1.0, '_a4_': 1.0, '_a6_': 1.0, '_a7_': 1.0}};{'d0': 0.024905944937296497};-276.475252028042;56.949258642010015
32613;-81.2883673720109;((_a2_ * _a0_) * (x * (((x / _a2_) * (x + (_a2_ ** (_a3_ + -(-(x)))))) + _a5_)));{'d0': {'_a0_': 3.3889740241706745, '_a2_': 0.9942365989309812, '_a3_': 82.25522268422925, '_a5_': 0.5268317690271965, '_a1_': 1.0, '_a4_': 1.0, '_a6_': 1.0, '_a7_': 1.0}};{'d0': 0.024905944937296497};-276.475252028042;56.949258642010015
32614;-81.2883673720109;((_a2_ * _a0_) * (x * (((x / _a2_) * (x + (_a2_ ** (_a3_ + -(-(x)))))) + _a5_)));{'d0': {'_a0_': 3.3889740241706745, '_a2_': 0.9942365989309812, '_a3_': 82.25522268422925, '_a5_': 0.5268317690271965, '_a1_': 1.0, '_a4_': 1.0, '_a6_': 1.0, '_a7_': 1.0}};{'d0': 0.024905944937296497};-276.475252028042;56.949258642010015
32615;-81.2883673720109;((_a2_ * _a0_) * (x * (((x / _a2_) * (x + (_a2_ ** (_a3_ + -(-(x)))))) + _a5_)));{'d0': {'_a0_': 3.3889740241706745, '_a2_': 0.9942365989309812, '_a3_': 82.25522268422925, '_a5_': 0.5268317690271965, '_a1_': 1.0, '_a4_': 1.0, '_a6_': 1.0, '_a7_': 1.0}};{'d0': 0.024905944937296497};-276.475252028042;56.949258642010015
32616;-81.2883673720109;((_a2_ * _a0_) * (x * (((x / _a2_) * (x + (_a2_ ** (_a3_ + -(-(x)))))) + _a5_)));{'d0': {'_a0_': 3.3889740241706745, '_a2_': 0.9942365989309812, '_a3_': 82.25522268422925, '_a5_': 0.5268317690271965, '_a1_': 1.0, '_a4_': 1.0, '_a6_': 1.0, '_a7_': 1.0}};{'d0': 0.024905944937296497};-276.475252028042;56.949258642010015
32617;-81.2883673720109;((_a2_ * _a0_) * (x * (((x / _a2_) * (x + (_a2_ ** (_a3_ + -(-(x)))))) + _a5_)));{'d0': {'_a0_': 3.3889740241706745, '_a2_': 0.9942365989309812, '_a3_': 82.25522268422925, '_a5_': 0.5268317690271965, '_a1_': 1.0, '_a4_': 1.0, '_a6_': 1.0, '_a7_': 1.0}};{'d0': 0.024905944937296497};-276.475252028042;56.949258642010015
32618;-106.651973435152;(x * (-(_a4_) + pow2((((_a3_ * x) + _a0_) * _a4_))));{'d0': {'_a0_': 0.39624665573428497, '_a3_': 1.2703075271774056, '_a4_': -1.4465760893474238, '_a1_': 1.0, '_a2_': 1.0, '_a5_': 1.0, '_a6_': 1.0, '_a7_': 1.0}};{'d0': 0.024905832919416625};-280.569866449044;33.63295978936932
32619;-106.651973435152;(x * (-(_a4_) + pow2((((_a3_ * x) + _a0_) * _a4_))));{'d0': {'_a0_': 0.39624665573428497, '_a3_': 1.2703075271774056, '_a4_': -1.4465760893474238, '_a1_': 1.0, '_a2_': 1.0, '_a5_': 1.0, '_a6_': 1.0, '_a7_': 1.0}};{'d0': 0.024905832919416625};-280.569866449044;33.63295978936932
32620;-81.2883673720109;((_a2_ * _a0_) * (x * (((x / _a2_) * (x + (_a2_ ** (_a3_ + -(-(x)))))) + _a5_)));{'d0': {'_a0_': 3.3889740241706745, '_a2_': 0.9942365989309812, '_a3_': 82.25522268422925, '_a5_': 0.5268317690271965, '_a1_': 1.0, '_a4_': 1.0, '_a6_': 1.0, '_a7_': 1.0}};{'d0': 0.024905944937296497};-276.475252028042;56.949258642010015
32621;-81.2883673720109;((_a2_ * _a0_) * (x * (((x / _a2_) * (x + (_a2_ ** (_a3_ + -(-(x)))))) + _a5_)));{'d0': {'_a0_': 3.3889740241706745, '_a2_': 0.9942365989309812, '_a3_': 82.25522268422925, '_a5_': 0.5268317690271965, '_a1_': 1.0, '_a4_': 1.0, '_a6_': 1.0, '_a7_': 1.0}};{'d0': 0.024905944937296497};-276.475252028042;56.949258642010015
32622;-81.2883673720109;((_a2_ * _a0_) * (x * (((x / _a2_) * (x + (_a2_ ** (_a3_ + -(-(x)))))) + _a5_)));{'d0': {'_a0_': 3.3889740241706745, '_a2_': 0.9942365989309812, '_a3_': 82.25522268422925, '_a5_': 0.5268317690271965, '_a1_': 1.0, '_a4_': 1.0, '_a6_': 1.0, '_a7_': 1.0}};{'d0': 0.024905944937296497};-276.475252028042;56.949258642010015
32623;-81.2883673720109;((_a2_ * _a0_) * (x * (((x / _a2_) * (x + (_a2_ ** (_a3_ + -(-(x)))))) + _a5_)));{'d0': {'_a0_': 3.3889740241706745, '_a2_': 0.9942365989309812, '_a3_': 82.25522268422925, '_a5_': 0.5268317690271965, '_a1_': 1.0, '_a4_': 1.0, '_a6_': 1.0, '_a7_': 1.0}};{'d0': 0.024905944937296497};-276.475252028042;56.949258642010015
32624;-81.2883673720109;((_a2_ * _a0_) * (x * (((x / _a2_) * (x + (_a2_ ** (_a3_ + -(-(x)))))) + _a5_)));{'d0': {'_a0_': 3.3889740241706745, '_a2_': 0.9942365989309812, '_a3_': 82.25522268422925, '_a5_': 0.5268317690271965, '_a1_': 1.0, '_a4_': 1.0, '_a6_': 1.0, '_a7_': 1.0}};{'d0': 0.024905944937296497};-276.475252028042;56.949258642010015
32625;-81.2883673720109;((_a2_ * _a0_) * (x * (((x / _a2_) * (x + (_a2_ ** (_a3_ + -(-(x)))))) + _a5_)));{'d0': {'_a0_': 3.3889740241706745, '_a2_': 0.9942365989309812, '_a3_': 82.25522268422925, '_a5_': 0.5268317690271965, '_a1_': 1.0, '_a4_': 1.0, '_a6_': 1.0, '_a7_': 1.0}};{'d0': 0.024905944937296497};-276.475252028042;56.949258642010015
32626;-81.2883673720109;((_a2_ * _a0_) * (x * (((x / _a2_) * (x + (_a2_ ** (_a3_ + -(-(x)))))) + _a5_)));{'d0': {'_a0_': 3.3889740241706745, '_a2_': 0.9942365989309812, '_a3_': 82.25522268422925, '_a5_': 0.5268317690271965, '_a1_': 1.0, '_a4_': 1.0, '_a6_': 1.0, '_a7_': 1.0}};{'d0': 0.024905944937296497};-276.475252028042;56.949258642010015
32627;-81.2883673720109;((_a2_ * _a0_) * (x * (((x / _a2_) * (x + (_a2_ ** (_a3_ + -(-(x)))))) + _a5_)));{'d0': {'_a0_': 3.3889740241706745, '_a2_': 0.9942365989309812, '_a3_': 82.25522268422925, '_a5_': 0.5268317690271965, '_a1_': 1.0, '_a4_': 1.0, '_a6_': 1.0, '_a7_': 1.0}};{'d0': 0.024905944937296497};-276.475252028042;56.949258642010015
32628;-81.2883673720109;((_a2_ * _a0_) * (x * (((x / _a2_) * (x + (_a2_ ** (_a3_ + -(-(x)))))) + _a5_)));{'d0': {'_a0_': 3.3889740241706745, '_a2_': 0.9942365989309812, '_a3_': 82.25522268422925, '_a5_': 0.5268317690271965, '_a1_': 1.0, '_a4_': 1.0, '_a6_': 1.0, '_a7_': 1.0}};{'d0': 0.024905944937296497};-276.475252028042;56.949258642010015
32629;-81.2883673720109;((_a2_ * _a0_) * (x * (((x / _a2_) * (x + (_a2_ ** (_a3_ + -(-(x)))))) + _a5_)));{'d0': {'_a0_': 3.3889740241706745, '_a2_': 0.9942365989309812, '_a3_': 82.25522268422925, '_a5_': 0.5268317690271965, '_a1_': 1.0, '_a4_': 1.0, '_a6_': 1.0, '_a7_': 1.0}};{'d0': 0.024905944937296497};-276.475252028042;56.949258642010015
32630;-81.2883673720109;((_a2_ * _a0_) * (x * (((x / _a2_) * (x + (_a2_ ** (_a3_ + -(-(x)))))) + _a5_)));{'d0': {'_a0_': 3.3889740241706745, '_a2_': 0.9942365989309812, '_a3_': 82.25522268422925, '_a5_': 0.5268317690271965, '_a1_': 1.0, '_a4_': 1.0, '_a6_': 1.0, '_a7_': 1.0}};{'d0': 0.024905944937296497};-276.475252028042;56.949258642010015
32631;-81.2883673720109;((_a2_ * _a0_) * (x * (((x / _a2_) * (x + (_a2_ ** (_a3_ + -(-(x)))))) + _a5_)));{'d0': {'_a0_': 3.3889740241706745, '_a2_': 0.9942365989309812, '_a3_': 82.25522268422925, '_a5_': 0.5268317690271965, '_a1_': 1.0, '_a4_': 1.0, '_a6_': 1.0, '_a7_': 1.0}};{'d0': 0.024905944937296497};-276.475252028042;56.949258642010015
32632;-81.2883673720109;((_a2_ * _a0_) * (x * (((x / _a2_) * (x + (_a2_ ** (_a3_ + -(-(x)))))) + _a5_)));{'d0': {'_a0_': 3.3889740241706745, '_a2_': 0.9942365989309812, '_a3_': 82.25522268422925, '_a5_': 0.5268317690271965, '_a1_': 1.0, '_a4_': 1.0, '_a6_': 1.0, '_a7_': 1.0}};{'d0': 0.024905944937296497};-276.475252028042;56.949258642010015
32633;-81.2883673720109;((_a2_ * _a0_) * (x * (((x / _a2_) * (x + (_a2_ ** (_a3_ + -(-(x)))))) + _a5_)));{'d0': {'_a0_': 3.3889740241706745, '_a2_': 0.9942365989309812, '_a3_': 82.25522268422925, '_a5_': 0.5268317690271965, '_a1_': 1.0, '_a4_': 1.0, '_a6_': 1.0, '_a7_': 1.0}};{'d0': 0.024905944937296497};-276.475252028042;56.949258642010015
32634;-81.2883673720109;((_a2_ * _a0_) * (x * (((x / _a2_) * (x + (_a2_ ** (_a3_ + -(-(x)))))) + _a5_)));{'d0': {'_a0_': 3.3889740241706745, '_a2_': 0.9942365989309812, '_a3_': 82.25522268422925, '_a5_': 0.5268317690271965, '_a1_': 1.0, '_a4_': 1.0, '_a6_': 1.0, '_a7_': 1.0}};{'d0': 0.024905944937296497};-276.475252028042;56.949258642010015
32635;-81.2883673720109;((_a2_ * _a0_) * (x * (((x / _a2_) * (x + (_a2_ ** (_a3_ + -(-(x)))))) + _a5_)));{'d0': {'_a0_': 3.3889740241706745, '_a2_': 0.9942365989309812, '_a3_': 82.25522268422925, '_a5_': 0.5268317690271965, '_a1_': 1.0, '_a4_': 1.0, '_a6_': 1.0, '_a7_': 1.0}};{'d0': 0.024905944937296497};-276.475252028042;56.949258642010015
32636;-81.2883673720109;((_a2_ * _a0_) * (x * (((x / _a2_) * (x + (_a2_ ** (_a3_ + -(-(x)))))) + _a5_)));{'d0': {'_a0_': 3.3889740241706745, '_a2_': 0.9942365989309812, '_a3_': 82.25522268422925, '_a5_': 0.5268317690271965, '_a1_': 1.0, '_a4_': 1.0, '_a6_': 1.0, '_a7_': 1.0}};{'d0': 0.024905944937296497};-276.475252028042;56.949258642010015
32637;-81.2883673720109;((_a2_ * _a0_) * (x * (((x / _a2_) * (x + (_a2_ ** (_a3_ + -(-(x)))))) + _a5_)));{'d0': {'_a0_': 3.3889740241706745, '_a2_': 0.9942365989309812, '_a3_': 82.25522268422925, '_a5_': 0.5268317690271965, '_a1_': 1.0, '_a4_': 1.0, '_a6_': 1.0, '_a7_': 1.0}};{'d0': 0.024905944937296497};-276.475252028042;56.949258642010015
32638;-81.2883673720109;((_a2_ * _a0_) * (x * (((x / _a2_) * (x + (_a2_ ** (_a3_ + -(-(x)))))) + _a5_)));{'d0': {'_a0_': 3.3889740241706745, '_a2_': 0.9942365989309812, '_a3_': 82.25522268422925, '_a5_': 0.5268317690271965, '_a1_': 1.0, '_a4_': 1.0, '_a6_': 1.0, '_a7_': 1.0}};{'d0': 0.024905944937296497};-276.475252028042;56.949258642010015
32639;-81.2883673720109;((_a2_ * _a0_) * (x * (((x / _a2_) * (x + (_a2_ ** (_a3_ + -(-(x)))))) + _a5_)));{'d0': {'_a0_': 3.3889740241706745, '_a2_': 0.9942365989309812, '_a3_': 82.25522268422925, '_a5_': 0.5268317690271965, '_a1_': 1.0, '_a4_': 1.0, '_a6_': 1.0, '_a7_': 1.0}};{'d0': 0.024905944937296497};-276.475252028042;56.949258642010015
32640;-81.2883673720109;((_a2_ * _a0_) * (x * (((x / _a2_) * (x + (_a2_ ** (_a3_ + -(-(x)))))) + _a5_)));{'d0': {'_a0_': 3.3889740241706745, '_a2_': 0.9942365989309812, '_a3_': 82.25522268422925, '_a5_': 0.5268317690271965, '_a1_': 1.0, '_a4_': 1.0, '_a6_': 1.0, '_a7_': 1.0}};{'d0': 0.024905944937296497};-276.475252028042;56.949258642010015
32641;-81.2883673720109;((_a2_ * _a0_) * (x * (((x / _a2_) * (x + (_a2_ ** (_a3_ + -(-(x)))))) + _a5_)));{'d0': {'_a0_': 3.3889740241706745, '_a2_': 0.9942365989309812, '_a3_': 82.25522268422925, '_a5_': 0.5268317690271965, '_a1_': 1.0, '_a4_': 1.0, '_a6_': 1.0, '_a7_': 1.0}};{'d0': 0.024905944937296497};-276.475252028042;56.949258642010015
32642;-81.2883673720109;((_a2_ * _a0_) * (x * (((x / _a2_) * (x + (_a2_ ** (_a3_ + -(-(x)))))) + _a5_)));{'d0': {'_a0_': 3.3889740241706745, '_a2_': 0.9942365989309812, '_a3_': 82.25522268422925, '_a5_': 0.5268317690271965, '_a1_': 1.0, '_a4_': 1.0, '_a6_': 1.0, '_a7_': 1.0}};{'d0': 0.024905944937296497};-276.475252028042;56.949258642010015
32643;-81.2883673720109;((_a2_ * _a0_) * (x * (((x / _a2_) * (x + (_a2_ ** (_a3_ + -(-(x)))))) + _a5_)));{'d0': {'_a0_': 3.3889740241706745, '_a2_': 0.9942365989309812, '_a3_': 82.25522268422925, '_a5_': 0.5268317690271965, '_a1_': 1.0, '_a4_': 1.0, '_a6_': 1.0, '_a7_': 1.0}};{'d0': 0.024905944937296497};-276.475252028042;56.949258642010015
32644;-81.2883673720109;((_a2_ * _a0_) * (x * (((x / _a2_) * (x + (_a2_ ** (_a3_ + -(-(x)))))) + _a5_)));{'d0': {'_a0_': 3.3889740241706745, '_a2_': 0.9942365989309812, '_a3_': 82.25522268422925, '_a5_': 0.5268317690271965, '_a1_': 1.0, '_a4_': 1.0, '_a6_': 1.0, '_a7_': 1.0}};{'d0': 0.024905944937296497};-276.475252028042;56.949258642010015
32645;-81.2883673720109;((_a2_ * _a0_) * (x * (((x / _a2_) * (x + (_a2_ ** (_a3_ + -(-(x)))))) + _a5_)));{'d0': {'_a0_': 3.3889740241706745, '_a2_': 0.9942365989309812, '_a3_': 82.25522268422925, '_a5_': 0.5268317690271965, '_a1_': 1.0, '_a4_': 1.0, '_a6_': 1.0, '_a7_': 1.0}};{'d0': 0.024905944937296497};-276.475252028042;56.949258642010015
32646;-81.2883673720109;((_a2_ * _a0_) * (x * (((x / _a2_) * (x + (_a2_ ** (_a3_ + -(-(x)))))) + _a5_)));{'d0': {'_a0_': 3.3889740241706745, '_a2_': 0.9942365989309812, '_a3_': 82.25522268422925, '_a5_': 0.5268317690271965, '_a1_': 1.0, '_a4_': 1.0, '_a6_': 1.0, '_a7_': 1.0}};{'d0': 0.024905944937296497};-276.475252028042;56.949258642010015
32647;-99.5822889035532;(((((pow2(_a1_) + x) * (x * _a5_)) * (_a2_ * x)) + x) / _a2_);{'d0': {'_a1_': 0.7898477167239065, '_a2_': 0.5633373079482255, '_a5_': 3.376760877971179, '_a0_': 1.0, '_a3_': 1.0, '_a4_': 1.0, '_a6_': 1.0, '_a7_': 1.0}};{'d0': 0.024905832919416677};-280.569866449043;40.702644320968346
32648;-99.5822889035532;(((((pow2(_a1_) + x) * (x * _a5_)) * (_a2_ * x)) + x) / _a2_);{'d0': {'_a1_': 0.7898477167239065, '_a2_': 0.5633373079482255, '_a5_': 3.376760877971179, '_a0_': 1.0, '_a3_': 1.0, '_a4_': 1.0, '_a6_': 1.0, '_a7_': 1.0}};{'d0': 0.024905832919416677};-280.569866449043;40.702644320968346
32649;-99.5822889035532;(((((pow2(_a1_) + x) * (x * _a5_)) * (_a2_ * x)) + x) / _a2_);{'d0': {'_a1_': 0.7898477167239065, '_a2_': 0.5633373079482255, '_a5_': 3.376760877971179, '_a0_': 1.0, '_a3_': 1.0, '_a4_': 1.0, '_a6_': 1.0, '_a7_': 1.0}};{'d0': 0.024905832919416677};-280.569866449043;40.702644320968346
32650;-99.5822889035532;(((((pow2(_a1_) + x) * (x * _a5_)) * (_a2_ * x)) + x) / _a2_);{'d0': {'_a1_': 0.7898477167239065, '_a2_': 0.5633373079482255, '_a5_': 3.376760877971179, '_a0_': 1.0, '_a3_': 1.0, '_a4_': 1.0, '_a6_': 1.0, '_a7_': 1.0}};{'d0': 0.024905832919416677};-280.569866449043;40.702644320968346
32651;-99.5822889035532;(((((pow2(_a1_) + x) * (x * _a5_)) * (_a2_ * x)) + x) / _a2_);{'d0': {'_a1_': 0.7898477167239065, '_a2_': 0.5633373079482255, '_a5_': 3.376760877971179, '_a0_': 1.0, '_a3_': 1.0, '_a4_': 1.0, '_a6_': 1.0, '_a7_': 1.0}};{'d0': 0.024905832919416677};-280.569866449043;40.702644320968346
32652;-99.5822889035532;(((((pow2(_a1_) + x) * (x * _a5_)) * (_a2_ * x)) + x) / _a2_);{'d0': {'_a1_': 0.7898477167239065, '_a2_': 0.5633373079482255, '_a5_': 3.376760877971179, '_a0_': 1.0, '_a3_': 1.0, '_a4_': 1.0, '_a6_': 1.0, '_a7_': 1.0}};{'d0': 0.024905832919416677};-280.569866449043;40.702644320968346
32653;-99.5822889035532;(((((pow2(_a1_) + x) * (x * _a5_)) * (_a2_ * x)) + x) / _a2_);{'d0': {'_a1_': 0.7898477167239065, '_a2_': 0.5633373079482255, '_a5_': 3.376760877971179, '_a0_': 1.0, '_a3_': 1.0, '_a4_': 1.0, '_a6_': 1.0, '_a7_': 1.0}};{'d0': 0.024905832919416677};-280.569866449043;40.702644320968346
32654;-99.5822889035532;(((((pow2(_a1_) + x) * (x * _a5_)) * (_a2_ * x)) + x) / _a2_);{'d0': {'_a1_': 0.7898477167239065, '_a2_': 0.5633373079482255, '_a5_': 3.376760877971179, '_a0_': 1.0, '_a3_': 1.0, '_a4_': 1.0, '_a6_': 1.0, '_a7_': 1.0}};{'d0': 0.024905832919416677};-280.569866449043;40.702644320968346
32655;-99.5822889035532;(((((pow2(_a1_) + x) * (x * _a5_)) * (_a2_ * x)) + x) / _a2_);{'d0': {'_a1_': 0.7898477167239065, '_a2_': 0.5633373079482255, '_a5_': 3.376760877971179, '_a0_': 1.0, '_a3_': 1.0, '_a4_': 1.0, '_a6_': 1.0, '_a7_': 1.0}};{'d0': 0.024905832919416677};-280.569866449043;40.702644320968346
32656;-99.5822889035532;(((((pow2(_a1_) + x) * (x * _a5_)) * (_a2_ * x)) + x) / _a2_);{'d0': {'_a1_': 0.7898477167239065, '_a2_': 0.5633373079482255, '_a5_': 3.376760877971179, '_a0_': 1.0, '_a3_': 1.0, '_a4_': 1.0, '_a6_': 1.0, '_a7_': 1.0}};{'d0': 0.024905832919416677};-280.569866449043;40.702644320968346
32657;-99.5822889035532;(((((pow2(_a1_) + x) * (x * _a5_)) * (_a2_ * x)) + x) / _a2_);{'d0': {'_a1_': 0.7898477167239065, '_a2_': 0.5633373079482255, '_a5_': 3.376760877971179, '_a0_': 1.0, '_a3_': 1.0, '_a4_': 1.0, '_a6_': 1.0, '_a7_': 1.0}};{'d0': 0.024905832919416677};-280.569866449043;40.702644320968346
32658;-99.5822889035532;(((((pow2(_a1_) + x) * (x * _a5_)) * (_a2_ * x)) + x) / _a2_);{'d0': {'_a1_': 0.7898477167239065, '_a2_': 0.5633373079482255, '_a5_': 3.376760877971179, '_a0_': 1.0, '_a3_': 1.0, '_a4_': 1.0, '_a6_': 1.0, '_a7_': 1.0}};{'d0': 0.024905832919416677};-280.569866449043;40.702644320968346
32659;-99.5822889035532;(((((pow2(_a1_) + x) * (x * _a5_)) * (_a2_ * x)) + x) / _a2_);{'d0': {'_a1_': 0.7898477167239065, '_a2_': 0.5633373079482255, '_a5_': 3.376760877971179, '_a0_': 1.0, '_a3_': 1.0, '_a4_': 1.0, '_a6_': 1.0, '_a7_': 1.0}};{'d0': 0.024905832919416677};-280.569866449043;40.702644320968346
32660;-93.7450660954061;(((((pow2(_a1_) + x) * (x * (_a1_ / _a4_))) * (_a2_ * x)) + x) / _a2_);{'d0': {'_a1_': 0.7898477167851793, '_a2_': 0.5633373078188282, '_a4_': 0.23390691422526033, '_a0_': 1.0, '_a3_': 1.0, '_a5_': 1.0, '_a6_': 1.0, '_a7_': 1.0}};{'d0': 0.024905832919416643};-280.569866449044;46.53986712911555
32661;-93.7450660954061;(((((pow2(_a1_) + x) * (x * (_a1_ / _a4_))) * (_a2_ * x)) + x) / _a2_);{'d0': {'_a1_': 0.7898477167851793, '_a2_': 0.5633373078188282, '_a4_': 0.23390691422526033, '_a0_': 1.0, '_a3_': 1.0, '_a5_': 1.0, '_a6_': 1.0, '_a7_': 1.0}};{'d0': 0.024905832919416643};-280.569866449044;46.53986712911555
32662;-93.7450660954061;(((((pow2(_a1_) + x) * (x * (_a1_ / _a4_))) * (_a2_ * x)) + x) / _a2_);{'d0': {'_a1_': 0.7898477167851793, '_a2_': 0.5633373078188282, '_a4_': 0.23390691422526033, '_a0_': 1.0, '_a3_': 1.0, '_a5_': 1.0, '_a6_': 1.0, '_a7_': 1.0}};{'d0': 0.024905832919416643};-280.569866449044;46.53986712911555
32663;-93.7450660954061;(((((pow2(_a1_) + x) * (x * (_a1_ / _a4_))) * (_a2_ * x)) + x) / _a2_);{'d0': {'_a1_': 0.7898477167851793, '_a2_': 0.5633373078188282, '_a4_': 0.23390691422526033, '_a0_': 1.0, '_a3_': 1.0, '_a5_': 1.0, '_a6_': 1.0, '_a7_': 1.0}};{'d0': 0.024905832919416643};-280.569866449044;46.53986712911555
32664;-99.5822889035533;(((((pow2(_a1_) + x) * (x * _a0_)) * (_a2_ * x)) + x) / _a2_);{'d0': {'_a0_': 3.376760877971132, '_a1_': 0.7898477166779743, '_a2_': 0.5633373080127004, '_a3_': 1.0, '_a4_': 1.0, '_a5_': 1.0, '_a6_': 1.0, '_a7_': 1.0}};{'d0': 0.024905832919416608};-280.569866449044;40.702644320968346
32665;-99.5822889035533;(((((pow2(_a1_) + x) * (x * _a0_)) * (_a2_ * x)) + x) / _a2_);{'d0': {'_a0_': 3.376760877971132, '_a1_': 0.7898477166779743, '_a2_': 0.5633373080127004, '_a3_': 1.0, '_a4_': 1.0, '_a5_': 1.0, '_a6_': 1.0, '_a7_': 1.0}};{'d0': 0.024905832919416608};-280.569866449044;40.702644320968346
32666;-99.5822889035533;(((((pow2(_a1_) + x) * (x * _a0_)) * (_a2_ * x)) + x) / _a2_);{'d0': {'_a0_': 3.376760877971132, '_a1_': 0.7898477166779743, '_a2_': 0.5633373080127004, '_a3_': 1.0, '_a4_': 1.0, '_a5_': 1.0, '_a6_': 1.0, '_a7_': 1.0}};{'d0': 0.024905832919416608};-280.569866449044;40.702644320968346
32667;-104.604801153852;(x * (-(_a4_) + pow2((((_a3_ * x) + _a0_) * _a5_))));{'d0': {'_a0_': 0.3118527789108136, '_a3_': 0.9997533774560274, '_a4_': -1.4465760896568474, '_a5_': 1.8380497097322501, '_a1_': 1.0, '_a2_': 1.0, '_a6_': 1.0, '_a7_': 1.0}};{'d0': 0.02490583291957409};-276.475521886442;33.632959789369316
32668;-98.6842001048047;(x * (-(_a4_) + pow2(((((_a3_ + _a4_) * x) + _a0_) * _a5_))));{'d0': {'_a0_': -0.24279514595211643, '_a3_': 0.6682111572901961, '_a4_': -1.4465760895844628, '_a5_': 2.360841714775325, '_a1_': 1.0, '_a2_': 1.0, '_a6_': 1.0, '_a7_': 1.0}};{'d0': 0.024905832919588176};-276.475521886408;39.553560838399314
32669;-98.6842001048047;(x * (-(_a4_) + pow2(((((_a3_ + _a4_) * x) + _a0_) * _a5_))));{'d0': {'_a0_': -0.24279514595211643, '_a3_': 0.6682111572901961, '_a4_': -1.4465760895844628, '_a5_': 2.360841714775325, '_a1_': 1.0, '_a2_': 1.0, '_a6_': 1.0, '_a7_': 1.0}};{'d0': 0.024905832919588176};-276.475521886408;39.553560838399314
32670;-98.6842001048047;(x * (-(_a4_) + pow2(((((_a3_ + _a4_) * x) + _a0_) * _a5_))));{'d0': {'_a0_': -0.24279514595211643, '_a3_': 0.6682111572901961, '_a4_': -1.4465760895844628, '_a5_': 2.360841714775325, '_a1_': 1.0, '_a2_': 1.0, '_a6_': 1.0, '_a7_': 1.0}};{'d0': 0.024905832919588176};-276.475521886408;39.553560838399314
32671;-98.6842001048047;(x * (-(_a4_) + pow2(((((_a3_ + _a4_) * x) + _a0_) * _a5_))));{'d0': {'_a0_': -0.24279514595211643, '_a3_': 0.6682111572901961, '_a4_': -1.4465760895844628, '_a5_': 2.360841714775325, '_a1_': 1.0, '_a2_': 1.0, '_a6_': 1.0, '_a7_': 1.0}};{'d0': 0.024905832919588176};-276.475521886408;39.553560838399314
32672;-98.6842001048047;(x * (-(_a4_) + pow2(((((_a3_ + _a4_) * x) + _a0_) * _a5_))));{'d0': {'_a0_': -0.24279514595211643, '_a3_': 0.6682111572901961, '_a4_': -1.4465760895844628, '_a5_': 2.360841714775325, '_a1_': 1.0, '_a2_': 1.0, '_a6_': 1.0, '_a7_': 1.0}};{'d0': 0.024905832919588176};-276.475521886408;39.553560838399314
32673;-98.6842001048047;(x * (-(_a4_) + pow2(((((_a3_ + _a4_) * x) + _a0_) * _a5_))));{'d0': {'_a0_': -0.24279514595211643, '_a3_': 0.6682111572901961, '_a4_': -1.4465760895844628, '_a5_': 2.360841714775325, '_a1_': 1.0, '_a2_': 1.0, '_a6_': 1.0, '_a7_': 1.0}};{'d0': 0.024905832919588176};-276.475521886408;39.553560838399314
32674;-98.6842001048047;(x * (-(_a4_) + pow2(((((_a3_ + _a4_) * x) + _a0_) * _a5_))));{'d0': {'_a0_': -0.24279514595211643, '_a3_': 0.6682111572901961, '_a4_': -1.4465760895844628, '_a5_': 2.360841714775325, '_a1_': 1.0, '_a2_': 1.0, '_a6_': 1.0, '_a7_': 1.0}};{'d0': 0.024905832919588176};-276.475521886408;39.553560838399314
32675;-98.6842001048047;(x * (-(_a4_) + pow2(((((_a3_ + _a4_) * x) + _a0_) * _a5_))));{'d0': {'_a0_': -0.24279514595211643, '_a3_': 0.6682111572901961, '_a4_': -1.4465760895844628, '_a5_': 2.360841714775325, '_a1_': 1.0, '_a2_': 1.0, '_a6_': 1.0, '_a7_': 1.0}};{'d0': 0.024905832919588176};-276.475521886408;39.553560838399314
32676;-97.6405815192278;(x * (-(_a4_) + pow2(((((_a3_ + _a4_) + x) + _a0_) * _a5_))));{'d0': {'_a0_': -993.5218394498141, '_a3_': 995.2803423016485, '_a4_': -1.446573102763274, '_a5_': 1.8375964955383506, '_a1_': 1.0, '_a2_': 1.0, '_a6_': 1.0, '_a7_': 1.0}};{'d0': 0.024905833065438258};-276.475521535045;40.59717924829431
32677;-97.6405815192278;(x * (-(_a4_) + pow2(((((_a3_ + _a4_) + x) + _a0_) * _a5_))));{'d0': {'_a0_': -993.5218394498141, '_a3_': 995.2803423016485, '_a4_': -1.446573102763274, '_a5_': 1.8375964955383506, '_a1_': 1.0, '_a2_': 1.0, '_a6_': 1.0, '_a7_': 1.0}};{'d0': 0.024905833065438258};-276.475521535045;40.59717924829431
32678;-97.6405815192278;(x * (-(_a4_) + pow2(((((_a3_ + _a4_) + x) + _a0_) * _a5_))));{'d0': {'_a0_': -993.5218394498141, '_a3_': 995.2803423016485, '_a4_': -1.446573102763274, '_a5_': 1.8375964955383506, '_a1_': 1.0, '_a2_': 1.0, '_a6_': 1.0, '_a7_': 1.0}};{'d0': 0.024905833065438258};-276.475521535045;40.59717924829431
32679;-105.608355025257;(x * (-(_a4_) + pow2((((x + x) + _a0_) * _a5_))));{'d0': {'_a0_': 0.6238594156611366, '_a4_': -1.446576089652772, '_a5_': 0.918798247381297, '_a1_': 1.0, '_a2_': 1.0, '_a3_': 1.0, '_a6_': 1.0, '_a7_': 1.0}};{'d0': 0.024905832919416632};-280.569866449044;34.67657819926431
32680;-105.608355025257;(x * (-(_a4_) + pow2((((x + x) + _a0_) * _a5_))));{'d0': {'_a0_': 0.6238594156611366, '_a4_': -1.446576089652772, '_a5_': 0.918798247381297, '_a1_': 1.0, '_a2_': 1.0, '_a3_': 1.0, '_a6_': 1.0, '_a7_': 1.0}};{'d0': 0.024905832919416632};-280.569866449044;34.67657819926431
32681;-105.608355025257;(x * (-(_a4_) + pow2((((x + x) + _a0_) * _a5_))));{'d0': {'_a0_': 0.6238594156611366, '_a4_': -1.446576089652772, '_a5_': 0.918798247381297, '_a1_': 1.0, '_a2_': 1.0, '_a3_': 1.0, '_a6_': 1.0, '_a7_': 1.0}};{'d0': 0.024905832919416632};-280.569866449044;34.67657819926431
32682;-105.608355025257;(x * (-(_a4_) + pow2((((x + x) + _a0_) * _a5_))));{'d0': {'_a0_': 0.6238594156611366, '_a4_': -1.446576089652772, '_a5_': 0.918798247381297, '_a1_': 1.0, '_a2_': 1.0, '_a3_': 1.0, '_a6_': 1.0, '_a7_': 1.0}};{'d0': 0.024905832919416632};-280.569866449044;34.67657819926431
32683;-105.608355025257;(x * (-(_a4_) + pow2((((x + x) + _a0_) * _a5_))));{'d0': {'_a0_': 0.6238594156611366, '_a4_': -1.446576089652772, '_a5_': 0.918798247381297, '_a1_': 1.0, '_a2_': 1.0, '_a3_': 1.0, '_a6_': 1.0, '_a7_': 1.0}};{'d0': 0.024905832919416632};-280.569866449044;34.67657819926431
32684;-105.608355025257;(x * (-(_a4_) + pow2((((x + x) + _a0_) * _a5_))));{'d0': {'_a0_': 0.6238594156611366, '_a4_': -1.446576089652772, '_a5_': 0.918798247381297, '_a1_': 1.0, '_a2_': 1.0, '_a3_': 1.0, '_a6_': 1.0, '_a7_': 1.0}};{'d0': 0.024905832919416632};-280.569866449044;34.67657819926431
32685;-105.608355025257;(x * (-(_a4_) + pow2((((x + x) + _a0_) * _a5_))));{'d0': {'_a0_': 0.6238594156611366, '_a4_': -1.446576089652772, '_a5_': 0.918798247381297, '_a1_': 1.0, '_a2_': 1.0, '_a3_': 1.0, '_a6_': 1.0, '_a7_': 1.0}};{'d0': 0.024905832919416632};-280.569866449044;34.67657819926431
32686;-105.608355025257;(x * (-(_a4_) + pow2((((x + x) + _a0_) * _a5_))));{'d0': {'_a0_': 0.6238594156611366, '_a4_': -1.446576089652772, '_a5_': 0.918798247381297, '_a1_': 1.0, '_a2_': 1.0, '_a3_': 1.0, '_a6_': 1.0, '_a7_': 1.0}};{'d0': 0.024905832919416632};-280.569866449044;34.67657819926431
32687;-105.608355025257;(x * (-(_a4_) + pow2((((x + x) + _a0_) * _a5_))));{'d0': {'_a0_': 0.6238594156611366, '_a4_': -1.446576089652772, '_a5_': 0.918798247381297, '_a1_': 1.0, '_a2_': 1.0, '_a3_': 1.0, '_a6_': 1.0, '_a7_': 1.0}};{'d0': 0.024905832919416632};-280.569866449044;34.67657819926431
32688;-105.608355025257;(x * (-(_a4_) + pow2((((x + x) + _a0_) * _a5_))));{'d0': {'_a0_': 0.6238594156611366, '_a4_': -1.446576089652772, '_a5_': 0.918798247381297, '_a1_': 1.0, '_a2_': 1.0, '_a3_': 1.0, '_a6_': 1.0, '_a7_': 1.0}};{'d0': 0.024905832919416632};-280.569866449044;34.67657819926431
32689;-105.608355025257;(x * (-(_a4_) + pow2((((x + x) + _a0_) * _a5_))));{'d0': {'_a0_': 0.6238594156611366, '_a4_': -1.446576089652772, '_a5_': 0.918798247381297, '_a1_': 1.0, '_a2_': 1.0, '_a3_': 1.0, '_a6_': 1.0, '_a7_': 1.0}};{'d0': 0.024905832919416632};-280.569866449044;34.67657819926431
32690;-87.4168903828136;(((pow2((((x + _a1_) / -((_a5_ ** -(_a0_)))) + _a4_)) + _a1_) * _a0_) * x);{'d0': {'_a0_': 1.020901348361504, '_a1_': 1.4169594708043036, '_a4_': 2.009704294552532, '_a5_': 1.796552762159036, '_a2_': 1.0, '_a3_': 1.0, '_a6_': 1.0, '_a7_': 1.0}};{'d0': 0.024905832928191027};-276.475521865683;50.82087055002777
32691;-87.4168903828136;(((pow2((((x + _a1_) / -((_a5_ ** -(_a0_)))) + _a4_)) + _a1_) * _a0_) * x);{'d0': {'_a0_': 1.020901348361504, '_a1_': 1.4169594708043036, '_a4_': 2.009704294552532, '_a5_': 1.796552762159036, '_a2_': 1.0, '_a3_': 1.0, '_a6_': 1.0, '_a7_': 1.0}};{'d0': 0.024905832928191027};-276.475521865683;50.82087055002777
32692;-89.4640626744938;(((pow2((((x + _a1_) / -((_a5_ ** -(_a0_)))) + _a5_)) + _a1_) * _a0_) * x);{'d0': {'_a0_': 1.1681123532777657, '_a1_': 1.2383878017758936, '_a5_': 1.5751924635865355, '_a2_': 1.0, '_a3_': 1.0, '_a4_': 1.0, '_a6_': 1.0, '_a7_': 1.0}};{'d0': 0.024905832919416584};-280.569866449044;50.82087055002777
32693;-89.4640626744938;(((pow2((((x + _a1_) / -((_a5_ ** -(_a0_)))) + _a5_)) + _a1_) * _a0_) * x);{'d0': {'_a0_': 1.1681123532777657, '_a1_': 1.2383878017758936, '_a5_': 1.5751924635865355, '_a2_': 1.0, '_a3_': 1.0, '_a4_': 1.0, '_a6_': 1.0, '_a7_': 1.0}};{'d0': 0.024905832919416584};-280.569866449044;50.82087055002777
32694;-90.2070099715638;(((pow2((((x + _a1_) / -((_a5_ + -(_a0_)))) + _a5_)) + _a1_) * _a0_) * x);{'d0': {'_a0_': 1.1212766433601462, '_a1_': 1.2901152431554577, '_a5_': 1.6975204013638272, '_a2_': 1.0, '_a3_': 1.0, '_a4_': 1.0, '_a6_': 1.0, '_a7_': 1.0}};{'d0': 0.024905832919416594};-280.569866449044;50.077923252957774
32695;-90.2070099715638;(((pow2((((x + _a1_) / -((_a5_ + -(_a0_)))) + _a5_)) + _a1_) * _a0_) * x);{'d0': {'_a0_': 1.1212766433601462, '_a1_': 1.2901152431554577, '_a5_': 1.6975204013638272, '_a2_': 1.0, '_a3_': 1.0, '_a4_': 1.0, '_a6_': 1.0, '_a7_': 1.0}};{'d0': 0.024905832919416594};-280.569866449044;50.077923252957774
32696;-90.2070099715638;(((pow2((((x + _a1_) / -((_a5_ + -(_a0_)))) + _a5_)) + _a1_) * _a0_) * x);{'d0': {'_a0_': 1.1212766433601462, '_a1_': 1.2901152431554577, '_a5_': 1.6975204013638272, '_a2_': 1.0, '_a3_': 1.0, '_a4_': 1.0, '_a6_': 1.0, '_a7_': 1.0}};{'d0': 0.024905832919416594};-280.569866449044;50.077923252957774
32697;-97.7657585126323;(_a7_ * (x * ((x * (x + (_a5_ ** (_a5_ + -(_a2_))))) + _a5_)));{'d0': {'_a2_': -0.2080574003580695, '_a5_': 0.5256917707985226, '_a7_': 3.3767608753028338, '_a0_': 1.0, '_a1_': 1.0, '_a3_': 1.0, '_a4_': 1.0, '_a6_': 1.0}};{'d0': 0.024905832919416646};-280.569866449044;42.51917471188944
32698;-97.7657585126323;(_a7_ * (x * ((x * (x + (_a5_ ** (_a5_ + -(_a2_))))) + _a5_)));{'d0': {'_a2_': -0.2080574003580695, '_a5_': 0.5256917707985226, '_a7_': 3.3767608753028338, '_a0_': 1.0, '_a1_': 1.0, '_a3_': 1.0, '_a4_': 1.0, '_a6_': 1.0}};{'d0': 0.024905832919416646};-280.569866449044;42.51917471188944
32699;-97.7657585126323;(_a7_ * (x * ((x * (x + (_a5_ ** (_a5_ + -(_a2_))))) + _a5_)));{'d0': {'_a2_': -0.2080574003580695, '_a5_': 0.5256917707985226, '_a7_': 3.3767608753028338, '_a0_': 1.0, '_a1_': 1.0, '_a3_': 1.0, '_a4_': 1.0, '_a6_': 1.0}};{'d0': 0.024905832919416646};-280.569866449044;42.51917471188944
32700;-97.7657585126323;(_a7_ * (x * ((x * (x + (_a5_ ** (_a5_ + -(_a2_))))) + _a5_)));{'d0': {'_a2_': -0.2080574003580695, '_a5_': 0.5256917707985226, '_a7_': 3.3767608753028338, '_a0_': 1.0, '_a1_': 1.0, '_a3_': 1.0, '_a4_': 1.0, '_a6_': 1.0}};{'d0': 0.024905832919416646};-280.569866449044;42.51917471188944
32701;-97.7657585126323;(_a7_ * (x * ((x * (x + (_a5_ ** (_a5_ + -(_a2_))))) + _a5_)));{'d0': {'_a2_': -0.2080574003580695, '_a5_': 0.5256917707985226, '_a7_': 3.3767608753028338, '_a0_': 1.0, '_a1_': 1.0, '_a3_': 1.0, '_a4_': 1.0, '_a6_': 1.0}};{'d0': 0.024905832919416646};-280.569866449044;42.51917471188944
32702;-97.7657585126323;(_a7_ * (x * ((x * (x + (_a5_ ** (_a5_ + -(_a2_))))) + _a5_)));{'d0': {'_a2_': -0.2080574003580695, '_a5_': 0.5256917707985226, '_a7_': 3.3767608753028338, '_a0_': 1.0, '_a1_': 1.0, '_a3_': 1.0, '_a4_': 1.0, '_a6_': 1.0}};{'d0': 0.024905832919416646};-280.569866449044;42.51917471188944
32703;-97.7657585126323;(_a7_ * (x * ((x * (x + (_a5_ ** (_a5_ + -(_a2_))))) + _a5_)));{'d0': {'_a2_': -0.2080574003580695, '_a5_': 0.5256917707985226, '_a7_': 3.3767608753028338, '_a0_': 1.0, '_a1_': 1.0, '_a3_': 1.0, '_a4_': 1.0, '_a6_': 1.0}};{'d0': 0.024905832919416646};-280.569866449044;42.51917471188944
32704;-97.7657585126323;(_a7_ * (x * ((x * (x + (_a5_ ** (_a5_ + -(_a2_))))) + _a5_)));{'d0': {'_a2_': -0.2080574003580695, '_a5_': 0.5256917707985226, '_a7_': 3.3767608753028338, '_a0_': 1.0, '_a1_': 1.0, '_a3_': 1.0, '_a4_': 1.0, '_a6_': 1.0}};{'d0': 0.024905832919416646};-280.569866449044;42.51917471188944
32705;-97.7657585126323;(_a7_ * (x * ((x * (x + (_a5_ ** (_a5_ + -(_a2_))))) + _a5_)));{'d0': {'_a2_': -0.2080574003580695, '_a5_': 0.5256917707985226, '_a7_': 3.3767608753028338, '_a0_': 1.0, '_a1_': 1.0, '_a3_': 1.0, '_a4_': 1.0, '_a6_': 1.0}};{'d0': 0.024905832919416646};-280.569866449044;42.51917471188944
32706;-97.7657585126323;(_a7_ * (x * ((x * (x + (_a5_ ** (_a5_ + -(_a2_))))) + _a5_)));{'d0': {'_a2_': -0.2080574003580695, '_a5_': 0.5256917707985226, '_a7_': 3.3767608753028338, '_a0_': 1.0, '_a1_': 1.0, '_a3_': 1.0, '_a4_': 1.0, '_a6_': 1.0}};{'d0': 0.024905832919416646};-280.569866449044;42.51917471188944
32707;-97.7657585126323;(_a7_ * (x * ((x * (x + (_a5_ ** (_a5_ + -(_a2_))))) + _a5_)));{'d0': {'_a2_': -0.2080574003580695, '_a5_': 0.5256917707985226, '_a7_': 3.3767608753028338, '_a0_': 1.0, '_a1_': 1.0, '_a3_': 1.0, '_a4_': 1.0, '_a6_': 1.0}};{'d0': 0.024905832919416646};-280.569866449044;42.51917471188944
32708;-97.7657585126323;(_a7_ * (x * ((x * (x + (_a5_ ** (_a5_ + -(_a2_))))) + _a5_)));{'d0': {'_a2_': -0.2080574003580695, '_a5_': 0.5256917707985226, '_a7_': 3.3767608753028338, '_a0_': 1.0, '_a1_': 1.0, '_a3_': 1.0, '_a4_': 1.0, '_a6_': 1.0}};{'d0': 0.024905832919416646};-280.569866449044;42.51917471188944
32709;-96.6449152814995;(((pow2((((x + _a3_) / -(_a3_)) + _a5_)) + _a1_) + _a0_) * x);{'d0': {'_a0_': -645.6242852461435, '_a1_': 647.070861373668, '_a3_': -0.5441891093164376, '_a5_': 1.5732009377423293, '_a2_': 1.0, '_a4_': 1.0, '_a6_': 1.0, '_a7_': 1.0}};{'d0': 0.024905832919439336};-276.475521886767;41.59284566188361
32710;-96.6449152814995;(((pow2((((x + _a3_) / -(_a3_)) + _a5_)) + _a1_) + _a0_) * x);{'d0': {'_a0_': -645.6242852461435, '_a1_': 647.070861373668, '_a3_': -0.5441891093164376, '_a5_': 1.5732009377423293, '_a2_': 1.0, '_a4_': 1.0, '_a6_': 1.0, '_a7_': 1.0}};{'d0': 0.024905832919439336};-276.475521886767;41.59284566188361
32711;-96.6449152814995;(((pow2((((x + _a3_) / -(_a3_)) + _a5_)) + _a1_) + _a0_) * x);{'d0': {'_a0_': -645.6242852461435, '_a1_': 647.070861373668, '_a3_': -0.5441891093164376, '_a5_': 1.5732009377423293, '_a2_': 1.0, '_a4_': 1.0, '_a6_': 1.0, '_a7_': 1.0}};{'d0': 0.024905832919439336};-276.475521886767;41.59284566188361
32712;-96.6449152814995;(((pow2((((x + _a3_) / -(_a3_)) + _a5_)) + _a1_) + _a0_) * x);{'d0': {'_a0_': -645.6242852461435, '_a1_': 647.070861373668, '_a3_': -0.5441891093164376, '_a5_': 1.5732009377423293, '_a2_': 1.0, '_a4_': 1.0, '_a6_': 1.0, '_a7_': 1.0}};{'d0': 0.024905832919439336};-276.475521886767;41.59284566188361
32713;-96.6449152814995;(((pow2((((x + _a3_) / -(_a3_)) + _a5_)) + _a1_) + _a0_) * x);{'d0': {'_a0_': -645.6242852461435, '_a1_': 647.070861373668, '_a3_': -0.5441891093164376, '_a5_': 1.5732009377423293, '_a2_': 1.0, '_a4_': 1.0, '_a6_': 1.0, '_a7_': 1.0}};{'d0': 0.024905832919439336};-276.475521886767;41.59284566188361
32714;-96.6449152814995;(((pow2((((x + _a3_) / -(_a3_)) + _a5_)) + _a1_) + _a0_) * x);{'d0': {'_a0_': -645.6242852461435, '_a1_': 647.070861373668, '_a3_': -0.5441891093164376, '_a5_': 1.5732009377423293, '_a2_': 1.0, '_a4_': 1.0, '_a6_': 1.0, '_a7_': 1.0}};{'d0': 0.024905832919439336};-276.475521886767;41.59284566188361
32715;-96.6449152814995;(((pow2((((x + _a3_) / -(_a3_)) + _a5_)) + _a1_) + _a0_) * x);{'d0': {'_a0_': -645.6242852461435, '_a1_': 647.070861373668, '_a3_': -0.5441891093164376, '_a5_': 1.5732009377423293, '_a2_': 1.0, '_a4_': 1.0, '_a6_': 1.0, '_a7_': 1.0}};{'d0': 0.024905832919439336};-276.475521886767;41.59284566188361
32716;-100.324862441693;(((pow2((((x + _a3_) / _a5_) + _a5_)) + _a1_) + _a0_) * x);{'d0': {'_a0_': -642.0267280333294, '_a1_': 643.4733040476493, '_a3_': 0.015787924030310728, '_a5_': 0.5441891075329918, '_a2_': 1.0, '_a4_': 1.0, '_a6_': 1.0, '_a7_': 1.0}};{'d0': 0.024905832919495042};-276.475521886633;37.91289850162322
32717;-100.324862441693;(((pow2((((x + _a3_) / _a5_) + _a5_)) + _a1_) + _a0_) * x);{'d0': {'_a0_': -642.0267280333294, '_a1_': 643.4733040476493, '_a3_': 0.015787924030310728, '_a5_': 0.5441891075329918, '_a2_': 1.0, '_a4_': 1.0, '_a6_': 1.0, '_a7_': 1.0}};{'d0': 0.024905832919495042};-276.475521886633;37.91289850162322
32718;-100.324862441693;(((pow2((((x + _a3_) / _a5_) + _a5_)) + _a1_) + _a0_) * x);{'d0': {'_a0_': -642.0267280333294, '_a1_': 643.4733040476493, '_a3_': 0.015787924030310728, '_a5_': 0.5441891075329918, '_a2_': 1.0, '_a4_': 1.0, '_a6_': 1.0, '_a7_': 1.0}};{'d0': 0.024905832919495042};-276.475521886633;37.91289850162322
32719;-100.324862441693;(((pow2((((x + _a3_) / _a5_) + _a5_)) + _a1_) + _a0_) * x);{'d0': {'_a0_': -642.0267280333294, '_a1_': 643.4733040476493, '_a3_': 0.015787924030310728, '_a5_': 0.5441891075329918, '_a2_': 1.0, '_a4_': 1.0, '_a6_': 1.0, '_a7_': 1.0}};{'d0': 0.024905832919495042};-276.475521886633;37.91289850162322
32720;-100.324862441785;(((pow2((((x + _a3_) / _a5_) + _a1_)) + _a1_) + _a0_) * x);{'d0': {'_a0_': 177.72060862190887, '_a1_': -176.27403253528257, '_a3_': 96.23833876235652, '_a5_': 0.5441891109614364, '_a2_': 1.0, '_a4_': 1.0, '_a6_': 1.0, '_a7_': 1.0}};{'d0': 0.02490583291941832};-276.475521886817;37.91289850162322
32721;-100.324862441785;(((pow2((((x + _a3_) / _a5_) + _a1_)) + _a1_) + _a0_) * x);{'d0': {'_a0_': 177.72060862190887, '_a1_': -176.27403253528257, '_a3_': 96.23833876235652, '_a5_': 0.5441891109614364, '_a2_': 1.0, '_a4_': 1.0, '_a6_': 1.0, '_a7_': 1.0}};{'d0': 0.02490583291941832};-276.475521886817;37.91289850162322
32722;-100.324862441785;(((pow2((((x + _a3_) / _a5_) + _a1_)) + _a1_) + _a0_) * x);{'d0': {'_a0_': 177.72060862190887, '_a1_': -176.27403253528257, '_a3_': 96.23833876235652, '_a5_': 0.5441891109614364, '_a2_': 1.0, '_a4_': 1.0, '_a6_': 1.0, '_a7_': 1.0}};{'d0': 0.02490583291941832};-276.475521886817;37.91289850162322
32723;-100.324862441785;(((pow2((((x + _a3_) / _a5_) + _a1_)) + _a1_) + _a0_) * x);{'d0': {'_a0_': 177.72060862190887, '_a1_': -176.27403253528257, '_a3_': 96.23833876235652, '_a5_': 0.5441891109614364, '_a2_': 1.0, '_a4_': 1.0, '_a6_': 1.0, '_a7_': 1.0}};{'d0': 0.02490583291941832};-276.475521886817;37.91289850162322
32724;-100.324862441785;(((pow2((((x + _a3_) / _a5_) + _a1_)) + _a1_) + _a0_) * x);{'d0': {'_a0_': 177.72060862190887, '_a1_': -176.27403253528257, '_a3_': 96.23833876235652, '_a5_': 0.5441891109614364, '_a2_': 1.0, '_a4_': 1.0, '_a6_': 1.0, '_a7_': 1.0}};{'d0': 0.02490583291941832};-276.475521886817;37.91289850162322
32725;-100.324862441785;(((pow2((((x + _a3_) / _a5_) + _a1_)) + _a1_) + _a0_) * x);{'d0': {'_a0_': 177.72060862190887, '_a1_': -176.27403253528257, '_a3_': 96.23833876235652, '_a5_': 0.5441891109614364, '_a2_': 1.0, '_a4_': 1.0, '_a6_': 1.0, '_a7_': 1.0}};{'d0': 0.02490583291941832};-276.475521886817;37.91289850162322
32726;-100.324862441785;(((pow2((((x + _a3_) / _a5_) + _a1_)) + _a1_) + _a0_) * x);{'d0': {'_a0_': 177.72060862190887, '_a1_': -176.27403253528257, '_a3_': 96.23833876235652, '_a5_': 0.5441891109614364, '_a2_': 1.0, '_a4_': 1.0, '_a6_': 1.0, '_a7_': 1.0}};{'d0': 0.02490583291941832};-276.475521886817;37.91289850162322
32727;-100.324862441785;(((pow2((((x + _a3_) / _a5_) + _a1_)) + _a1_) + _a0_) * x);{'d0': {'_a0_': 177.72060862190887, '_a1_': -176.27403253528257, '_a3_': 96.23833876235652, '_a5_': 0.5441891109614364, '_a2_': 1.0, '_a4_': 1.0, '_a6_': 1.0, '_a7_': 1.0}};{'d0': 0.02490583291941832};-276.475521886817;37.91289850162322
32728;-100.324862441785;(((pow2((((x + _a3_) / _a5_) + _a1_)) + _a1_) + _a0_) * x);{'d0': {'_a0_': 177.72060862190887, '_a1_': -176.27403253528257, '_a3_': 96.23833876235652, '_a5_': 0.5441891109614364, '_a2_': 1.0, '_a4_': 1.0, '_a6_': 1.0, '_a7_': 1.0}};{'d0': 0.02490583291941832};-276.475521886817;37.91289850162322
32729;-100.324862441785;(((pow2((((x + _a3_) / _a5_) + _a1_)) + _a1_) + _a0_) * x);{'d0': {'_a0_': 177.72060862190887, '_a1_': -176.27403253528257, '_a3_': 96.23833876235652, '_a5_': 0.5441891109614364, '_a2_': 1.0, '_a4_': 1.0, '_a6_': 1.0, '_a7_': 1.0}};{'d0': 0.02490583291941832};-276.475521886817;37.91289850162322
32730;-100.324862441785;(((pow2((((x + _a3_) / _a5_) + _a1_)) + _a1_) + _a0_) * x);{'d0': {'_a0_': 177.72060862190887, '_a1_': -176.27403253528257, '_a3_': 96.23833876235652, '_a5_': 0.5441891109614364, '_a2_': 1.0, '_a4_': 1.0, '_a6_': 1.0, '_a7_': 1.0}};{'d0': 0.02490583291941832};-276.475521886817;37.91289850162322
32731;-100.324862441785;(((pow2((((x + _a3_) / _a5_) + _a1_)) + _a1_) + _a0_) * x);{'d0': {'_a0_': 177.72060862190887, '_a1_': -176.27403253528257, '_a3_': 96.23833876235652, '_a5_': 0.5441891109614364, '_a2_': 1.0, '_a4_': 1.0, '_a6_': 1.0, '_a7_': 1.0}};{'d0': 0.02490583291941832};-276.475521886817;37.91289850162322
32732;-100.324862441785;(((pow2((((x + _a3_) / _a5_) + _a1_)) + _a1_) + _a0_) * x);{'d0': {'_a0_': 177.72060862190887, '_a1_': -176.27403253528257, '_a3_': 96.23833876235652, '_a5_': 0.5441891109614364, '_a2_': 1.0, '_a4_': 1.0, '_a6_': 1.0, '_a7_': 1.0}};{'d0': 0.02490583291941832};-276.475521886817;37.91289850162322
32733;-100.324862365945;(((pow2((((x + _a3_) / _a5_) + _a3_)) + _a1_) + _a0_) * x);{'d0': {'_a0_': 30139.753902687728, '_a1_': -30138.307324575395, '_a3_': 0.20200227151245126, '_a5_': 0.5441891093471575, '_a2_': 1.0, '_a4_': 1.0, '_a6_': 1.0, '_a7_': 1.0}};{'d0': 0.024905832982380055};-276.475521735138;37.91289850162322
32734;-101.320528855375;(((pow2((((x + _a3_) * _a5_) + _a3_)) + _a1_) + _a0_) * x);{'d0': {'_a0_': 30132.30733111971, '_a1_': -30130.86075503816, '_a3_': 0.2020022715390675, '_a5_': 1.8375964949724404, '_a2_': 1.0, '_a4_': 1.0, '_a6_': 1.0, '_a7_': 1.0}};{'d0': 0.024905832919417593};-276.475521886819;36.91723208803382
32735;-101.320528855375;(((pow2((((x + _a3_) * _a5_) + _a3_)) + _a1_) + _a0_) * x);{'d0': {'_a0_': 30132.30733111971, '_a1_': -30130.86075503816, '_a3_': 0.2020022715390675, '_a5_': 1.8375964949724404, '_a2_': 1.0, '_a4_': 1.0, '_a6_': 1.0, '_a7_': 1.0}};{'d0': 0.024905832919417593};-276.475521886819;36.91723208803382
32736;-101.320528855375;(((pow2((((x + _a3_) * _a5_) + _a3_)) + _a1_) + _a0_) * x);{'d0': {'_a0_': 30132.30733111971, '_a1_': -30130.86075503816, '_a3_': 0.2020022715390675, '_a5_': 1.8375964949724404, '_a2_': 1.0, '_a4_': 1.0, '_a6_': 1.0, '_a7_': 1.0}};{'d0': 0.024905832919417593};-276.475521886819;36.91723208803382
32737;-101.320528855375;(((pow2((((x + _a3_) * _a5_) + _a3_)) + _a1_) + _a0_) * x);{'d0': {'_a0_': 30132.30733111971, '_a1_': -30130.86075503816, '_a3_': 0.2020022715390675, '_a5_': 1.8375964949724404, '_a2_': 1.0, '_a4_': 1.0, '_a6_': 1.0, '_a7_': 1.0}};{'d0': 0.024905832919417593};-276.475521886819;36.91723208803382
32738;-101.320528855375;(((pow2((((x + _a3_) * _a5_) + _a3_)) + _a1_) + _a0_) * x);{'d0': {'_a0_': 30132.30733111971, '_a1_': -30130.86075503816, '_a3_': 0.2020022715390675, '_a5_': 1.8375964949724404, '_a2_': 1.0, '_a4_': 1.0, '_a6_': 1.0, '_a7_': 1.0}};{'d0': 0.024905832919417593};-276.475521886819;36.91723208803382
32739;-101.320528855375;(((pow2((((x + _a3_) * _a5_) + _a3_)) + _a1_) + _a0_) * x);{'d0': {'_a0_': 30132.30733111971, '_a1_': -30130.86075503816, '_a3_': 0.2020022715390675, '_a5_': 1.8375964949724404, '_a2_': 1.0, '_a4_': 1.0, '_a6_': 1.0, '_a7_': 1.0}};{'d0': 0.024905832919417593};-276.475521886819;36.91723208803382
32740;-101.320528855375;(((pow2((((x + _a3_) * _a5_) + _a3_)) + _a1_) + _a0_) * x);{'d0': {'_a0_': 30132.30733111971, '_a1_': -30130.86075503816, '_a3_': 0.2020022715390675, '_a5_': 1.8375964949724404, '_a2_': 1.0, '_a4_': 1.0, '_a6_': 1.0, '_a7_': 1.0}};{'d0': 0.024905832919417593};-276.475521886819;36.91723208803382
32741;-101.320528855375;(((pow2((((x + _a3_) * _a5_) + _a3_)) + _a1_) + _a0_) * x);{'d0': {'_a0_': 30132.30733111971, '_a1_': -30130.86075503816, '_a3_': 0.2020022715390675, '_a5_': 1.8375964949724404, '_a2_': 1.0, '_a4_': 1.0, '_a6_': 1.0, '_a7_': 1.0}};{'d0': 0.024905832919417593};-276.475521886819;36.91723208803382
32742;-101.566014955520;(_a7_ * (x * ((x * (x + (_a5_ ** (_a5_ / _a3_)))) + _a5_)));{'d0': {'_a3_': 0.7164461537082532, '_a5_': 0.5256917706321953, '_a7_': 3.3767608771233966, '_a0_': 1.0, '_a1_': 1.0, '_a2_': 1.0, '_a4_': 1.0, '_a6_': 1.0}};{'d0': 0.02490583291941657};-280.569866449044;38.71891826900145
32743;-101.566014955520;(_a7_ * (x * ((x * (x + (_a5_ ** (_a5_ / _a3_)))) + _a5_)));{'d0': {'_a3_': 0.7164461537082532, '_a5_': 0.5256917706321953, '_a7_': 3.3767608771233966, '_a0_': 1.0, '_a1_': 1.0, '_a2_': 1.0, '_a4_': 1.0, '_a6_': 1.0}};{'d0': 0.02490583291941657};-280.569866449044;38.71891826900145
32744;-101.566014955520;(_a7_ * (x * ((x * (x + (_a5_ ** (_a5_ / _a3_)))) + _a5_)));{'d0': {'_a3_': 0.7164461537082532, '_a5_': 0.5256917706321953, '_a7_': 3.3767608771233966, '_a0_': 1.0, '_a1_': 1.0, '_a2_': 1.0, '_a4_': 1.0, '_a6_': 1.0}};{'d0': 0.02490583291941657};-280.569866449044;38.71891826900145
32745;-101.566014955520;(_a7_ * (x * ((x * (x + (_a5_ ** (_a5_ / _a3_)))) + _a5_)));{'d0': {'_a3_': 0.7164461537082532, '_a5_': 0.5256917706321953, '_a7_': 3.3767608771233966, '_a0_': 1.0, '_a1_': 1.0, '_a2_': 1.0, '_a4_': 1.0, '_a6_': 1.0}};{'d0': 0.02490583291941657};-280.569866449044;38.71891826900145
32746;-101.566014955520;(_a7_ * (x * ((x * (x + (_a5_ ** (_a5_ / _a3_)))) + _a5_)));{'d0': {'_a3_': 0.7164461537082532, '_a5_': 0.5256917706321953, '_a7_': 3.3767608771233966, '_a0_': 1.0, '_a1_': 1.0, '_a2_': 1.0, '_a4_': 1.0, '_a6_': 1.0}};{'d0': 0.02490583291941657};-280.569866449044;38.71891826900145
32747;-101.566014955520;(_a7_ * (x * ((x * (x + (_a5_ ** (_a5_ / _a3_)))) + _a5_)));{'d0': {'_a3_': 0.7164461537082532, '_a5_': 0.5256917706321953, '_a7_': 3.3767608771233966, '_a0_': 1.0, '_a1_': 1.0, '_a2_': 1.0, '_a4_': 1.0, '_a6_': 1.0}};{'d0': 0.02490583291941657};-280.569866449044;38.71891826900145
32748;-101.566014955520;(_a7_ * (x * ((x * (x + (_a5_ ** (_a5_ / _a3_)))) + _a5_)));{'d0': {'_a3_': 0.7164461537082532, '_a5_': 0.5256917706321953, '_a7_': 3.3767608771233966, '_a0_': 1.0, '_a1_': 1.0, '_a2_': 1.0, '_a4_': 1.0, '_a6_': 1.0}};{'d0': 0.02490583291941657};-280.569866449044;38.71891826900145
32749;-101.566014955520;(_a7_ * (x * ((x * (x + (_a5_ ** (_a5_ / _a3_)))) + _a5_)));{'d0': {'_a3_': 0.7164461537082532, '_a5_': 0.5256917706321953, '_a7_': 3.3767608771233966, '_a0_': 1.0, '_a1_': 1.0, '_a2_': 1.0, '_a4_': 1.0, '_a6_': 1.0}};{'d0': 0.02490583291941657};-280.569866449044;38.71891826900145
32750;-101.566014955520;(_a7_ * (x * ((x * (x + (_a5_ ** (_a5_ / _a3_)))) + _a5_)));{'d0': {'_a3_': 0.7164461537082532, '_a5_': 0.5256917706321953, '_a7_': 3.3767608771233966, '_a0_': 1.0, '_a1_': 1.0, '_a2_': 1.0, '_a4_': 1.0, '_a6_': 1.0}};{'d0': 0.02490583291941657};-280.569866449044;38.71891826900145
32751;-101.566014955520;(_a7_ * (x * ((x * (x + (_a5_ ** (_a5_ / _a3_)))) + _a5_)));{'d0': {'_a3_': 0.7164461537082532, '_a5_': 0.5256917706321953, '_a7_': 3.3767608771233966, '_a0_': 1.0, '_a1_': 1.0, '_a2_': 1.0, '_a4_': 1.0, '_a6_': 1.0}};{'d0': 0.02490583291941657};-280.569866449044;38.71891826900145
32752;-101.566014955520;(_a7_ * (x * ((x * (x + (_a5_ ** (_a5_ / _a3_)))) + _a5_)));{'d0': {'_a3_': 0.7164461537082532, '_a5_': 0.5256917706321953, '_a7_': 3.3767608771233966, '_a0_': 1.0, '_a1_': 1.0, '_a2_': 1.0, '_a4_': 1.0, '_a6_': 1.0}};{'d0': 0.02490583291941657};-280.569866449044;38.71891826900145
32753;-101.566014955520;(_a7_ * (x * ((x * (x + (_a5_ ** (_a5_ / _a3_)))) + _a5_)));{'d0': {'_a3_': 0.7164461537082532, '_a5_': 0.5256917706321953, '_a7_': 3.3767608771233966, '_a0_': 1.0, '_a1_': 1.0, '_a2_': 1.0, '_a4_': 1.0, '_a6_': 1.0}};{'d0': 0.02490583291941657};-280.569866449044;38.71891826900145
32754;-101.566014955520;(_a7_ * (x * ((x * (x + (_a5_ ** (_a5_ / _a3_)))) + _a5_)));{'d0': {'_a3_': 0.7164461537082532, '_a5_': 0.5256917706321953, '_a7_': 3.3767608771233966, '_a0_': 1.0, '_a1_': 1.0, '_a2_': 1.0, '_a4_': 1.0, '_a6_': 1.0}};{'d0': 0.02490583291941657};-280.569866449044;38.71891826900145
32755;-95.3676350472865;(x * (_a7_ + pow2(((((x * _a3_) + (_a3_ * _a1_)) + _a0_) * _a5_))));{'d0': {'_a0_': -0.7944190108756726, '_a1_': 0.6377478624365739, '_a3_': 2.438229622951805, '_a5_': 0.7536600761868475, '_a7_': 1.446576088794268, '_a2_': 1.0, '_a4_': 1.0, '_a6_': 1.0}};{'d0': 0.024905832928895116};-272.381177301765;40.82295360359592
32756;-95.3676350585944;(x * (_a7_ + pow2(((((x * _a7_) + (_a3_ * _a1_)) + _a0_) * _a5_))));{'d0': {'_a0_': -0.4351789484465109, '_a1_': 0.4820731578504277, '_a3_': 1.83874381533022, '_a5_': 1.2703075268984985, '_a7_': 1.4465760895444513, '_a2_': 1.0, '_a4_': 1.0, '_a6_': 1.0}};{'d0': 0.02490583291950735};-272.381177324381;40.82295360359592
32757;-95.3676350585944;(x * (_a7_ + pow2(((((x * _a7_) + (_a3_ * _a1_)) + _a0_) * _a5_))));{'d0': {'_a0_': -0.4351789484465109, '_a1_': 0.4820731578504277, '_a3_': 1.83874381533022, '_a5_': 1.2703075268984985, '_a7_': 1.4465760895444513, '_a2_': 1.0, '_a4_': 1.0, '_a6_': 1.0}};{'d0': 0.02490583291950735};-272.381177324381;40.82295360359592
32758;-95.3676350585944;(x * (_a7_ + pow2(((((x * _a7_) + (_a3_ * _a1_)) + _a0_) * _a5_))));{'d0': {'_a0_': -0.4351789484465109, '_a1_': 0.4820731578504277, '_a3_': 1.83874381533022, '_a5_': 1.2703075268984985, '_a7_': 1.4465760895444513, '_a2_': 1.0, '_a4_': 1.0, '_a6_': 1.0}};{'d0': 0.02490583291950735};-272.381177324381;40.82295360359592
32759;-95.3676350584383;(x * (_a7_ + pow2(((((x * _a7_) + (_a3_ * _a1_)) + _a4_) * _a5_))));{'d0': {'_a1_': 0.17643564507046078, '_a3_': 0.6729682580718648, '_a4_': 0.3324945186399517, '_a5_': -1.2703075258511114, '_a7_': 1.4465760903282103, '_a0_': 1.0, '_a2_': 1.0, '_a6_': 1.0}};{'d0': 0.02490583291963693};-272.381177324069;40.82295360359592
32760;-94.3963739298484;(x * (_a7_ + pow2(((((x + _a7_) + (_a3_ * _a1_)) + _a4_) * _a5_))));{'d0': {'_a1_': -0.11816947719647479, '_a3_': -0.4507269774750797, '_a4_': -1.1879083995183684, '_a5_': -1.8375964940737837, '_a7_': 1.4465760907308565, '_a0_': 1.0, '_a2_': 1.0, '_a6_': 1.0}};{'d0': 0.02490583292380194};-272.381177314035;41.79421472716892
32761;-94.3963739298484;(x * (_a7_ + pow2(((((x + _a7_) + (_a3_ * _a1_)) + _a4_) * _a5_))));{'d0': {'_a1_': -0.11816947719647479, '_a3_': -0.4507269774750797, '_a4_': -1.1879083995183684, '_a5_': -1.8375964940737837, '_a7_': 1.4465760907308565, '_a0_': 1.0, '_a2_': 1.0, '_a6_': 1.0}};{'d0': 0.02490583292380194};-272.381177314035;41.79421472716892
32762;-94.5695027459299;((_a6_ * _a0_) * (x * ((x * (x + (_a5_ ** (_a5_ / _a3_)))) + _a5_)));{'d0': {'_a0_': 2.335279556077269, '_a3_': 0.7164461543049446, '_a5_': 0.5256917699426948, '_a6_': 1.4459769073569446, '_a1_': 1.0, '_a2_': 1.0, '_a4_': 1.0, '_a7_': 1.0}};{'d0': 0.024905832921925775};-276.475521880777;43.668258194458446
32763;-96.4435462160396;(x * (_a7_ + pow2(((((x + _a7_) + (_a4_ * _a1_)) + _a4_) * _a5_))));{'d0': {'_a1_': -0.1603216201430858, '_a4_': -1.3512868478723836, '_a5_': -1.8375964951165786, '_a7_': 1.44657608916436, '_a0_': 1.0, '_a2_': 1.0, '_a3_': 1.0, '_a6_': 1.0}};{'d0': 0.02490583291958437};-276.475521886417;41.79421472716892
32764;-96.4435462160396;(x * (_a7_ + pow2(((((x + _a7_) + (_a4_ * _a1_)) + _a4_) * _a5_))));{'d0': {'_a1_': -0.1603216201430858, '_a4_': -1.3512868478723836, '_a5_': -1.8375964951165786, '_a7_': 1.44657608916436, '_a0_': 1.0, '_a2_': 1.0, '_a3_': 1.0, '_a6_': 1.0}};{'d0': 0.02490583291958437};-276.475521886417;41.79421472716892
32765;-96.4435462160396;(x * (_a7_ + pow2(((((x + _a7_) + (_a4_ * _a1_)) + _a4_) * _a5_))));{'d0': {'_a1_': -0.1603216201430858, '_a4_': -1.3512868478723836, '_a5_': -1.8375964951165786, '_a7_': 1.44657608916436, '_a0_': 1.0, '_a2_': 1.0, '_a3_': 1.0, '_a6_': 1.0}};{'d0': 0.02490583291958437};-276.475521886417;41.79421472716892
32766;-101.320528855374;(x * (_a7_ + pow2(((((x + _a7_) + _a0_) + _a4_) * _a5_))));{'d0': {'_a0_': -1.6852346478249705, '_a4_': 0.5505882723980726, '_a5_': -1.8375965081182992, '_a7_': 1.4465760822869347, '_a1_': 1.0, '_a2_': 1.0, '_a3_': 1.0, '_a6_': 1.0}};{'d0': 0.024905832919418527};-276.475521886817;36.91723208803392
32767;-94.5695027459299;((_a6_ * _a0_) * (x * ((x * (x + (_a5_ ** (_a5_ / _a3_)))) + _a5_)));{'d0': {'_a0_': 2.335279556077269, '_a3_': 0.7164461543049446, '_a5_': 0.5256917699426948, '_a6_': 1.4459769073569446, '_a1_': 1.0, '_a2_': 1.0, '_a4_': 1.0, '_a7_': 1.0}};{'d0': 0.024905832921925775};-276.475521880777;43.668258194458446
32768;-94.5695027459299;((_a6_ * _a0_) * (x * ((x * (x + (_a5_ ** (_a5_ / _a3_)))) + _a5_)));{'d0': {'_a0_': 2.335279556077269, '_a3_': 0.7164461543049446, '_a5_': 0.5256917699426948, '_a6_': 1.4459769073569446, '_a1_': 1.0, '_a2_': 1.0, '_a4_': 1.0, '_a7_': 1.0}};{'d0': 0.024905832921925775};-276.475521880777;43.668258194458446
32769;-94.5695027459299;((_a6_ * _a0_) * (x * ((x * (x + (_a5_ ** (_a5_ / _a3_)))) + _a5_)));{'d0': {'_a0_': 2.335279556077269, '_a3_': 0.7164461543049446, '_a5_': 0.5256917699426948, '_a6_': 1.4459769073569446, '_a1_': 1.0, '_a2_': 1.0, '_a4_': 1.0, '_a7_': 1.0}};{'d0': 0.024905832921925775};-276.475521880777;43.668258194458446
32770;-94.5695027459299;((_a6_ * _a0_) * (x * ((x * (x + (_a5_ ** (_a5_ / _a3_)))) + _a5_)));{'d0': {'_a0_': 2.335279556077269, '_a3_': 0.7164461543049446, '_a5_': 0.5256917699426948, '_a6_': 1.4459769073569446, '_a1_': 1.0, '_a2_': 1.0, '_a4_': 1.0, '_a7_': 1.0}};{'d0': 0.024905832921925775};-276.475521880777;43.668258194458446
32771;-94.5695027459299;((_a6_ * _a0_) * (x * ((x * (x + (_a5_ ** (_a5_ / _a3_)))) + _a5_)));{'d0': {'_a0_': 2.335279556077269, '_a3_': 0.7164461543049446, '_a5_': 0.5256917699426948, '_a6_': 1.4459769073569446, '_a1_': 1.0, '_a2_': 1.0, '_a4_': 1.0, '_a7_': 1.0}};{'d0': 0.024905832921925775};-276.475521880777;43.668258194458446
32772;-94.5695027459299;((_a6_ * _a0_) * (x * ((x * (x + (_a5_ ** (_a5_ / _a3_)))) + _a5_)));{'d0': {'_a0_': 2.335279556077269, '_a3_': 0.7164461543049446, '_a5_': 0.5256917699426948, '_a6_': 1.4459769073569446, '_a1_': 1.0, '_a2_': 1.0, '_a4_': 1.0, '_a7_': 1.0}};{'d0': 0.024905832921925775};-276.475521880777;43.668258194458446
32773;-94.5695027459299;((_a6_ * _a0_) * (x * ((x * (x + (_a5_ ** (_a5_ / _a3_)))) + _a5_)));{'d0': {'_a0_': 2.335279556077269, '_a3_': 0.7164461543049446, '_a5_': 0.5256917699426948, '_a6_': 1.4459769073569446, '_a1_': 1.0, '_a2_': 1.0, '_a4_': 1.0, '_a7_': 1.0}};{'d0': 0.024905832921925775};-276.475521880777;43.668258194458446
32774;-94.5695027459299;((_a6_ * _a0_) * (x * ((x * (x + (_a5_ ** (_a5_ / _a3_)))) + _a5_)));{'d0': {'_a0_': 2.335279556077269, '_a3_': 0.7164461543049446, '_a5_': 0.5256917699426948, '_a6_': 1.4459769073569446, '_a1_': 1.0, '_a2_': 1.0, '_a4_': 1.0, '_a7_': 1.0}};{'d0': 0.024905832921925775};-276.475521880777;43.668258194458446
32775;-100.369794514914;((_a6_ * _a0_) * (x * ((x * (x + (_a5_ ** _a3_))) + _a5_)));{'d0': {'_a0_': 2.2788793009405217, '_a3_': 0.7337491689262154, '_a5_': 0.5256917701797484, '_a6_': 1.4817637161601274, '_a1_': 1.0, '_a2_': 1.0, '_a4_': 1.0, '_a7_': 1.0}};{'d0': 0.024905832919782225};-276.475521885941;37.86796642805604
32776;-100.369794514914;((_a6_ * _a0_) * (x * ((x * (x + (_a5_ ** _a3_))) + _a5_)));{'d0': {'_a0_': 2.2788793009405217, '_a3_': 0.7337491689262154, '_a5_': 0.5256917701797484, '_a6_': 1.4817637161601274, '_a1_': 1.0, '_a2_': 1.0, '_a4_': 1.0, '_a7_': 1.0}};{'d0': 0.024905832919782225};-276.475521885941;37.86796642805604
32777;-100.369794514914;((_a6_ * _a0_) * (x * ((x * (x + (_a5_ ** _a3_))) + _a5_)));{'d0': {'_a0_': 2.2788793009405217, '_a3_': 0.7337491689262154, '_a5_': 0.5256917701797484, '_a6_': 1.4817637161601274, '_a1_': 1.0, '_a2_': 1.0, '_a4_': 1.0, '_a7_': 1.0}};{'d0': 0.024905832919782225};-276.475521885941;37.86796642805604
32778;-100.369794514914;((_a6_ * _a0_) * (x * ((x * (x + (_a5_ ** _a3_))) + _a5_)));{'d0': {'_a0_': 2.2788793009405217, '_a3_': 0.7337491689262154, '_a5_': 0.5256917701797484, '_a6_': 1.4817637161601274, '_a1_': 1.0, '_a2_': 1.0, '_a4_': 1.0, '_a7_': 1.0}};{'d0': 0.024905832919782225};-276.475521885941;37.86796642805604
32779;-100.369794514914;((_a6_ * _a0_) * (x * ((x * (x + (_a5_ ** _a3_))) + _a5_)));{'d0': {'_a0_': 2.2788793009405217, '_a3_': 0.7337491689262154, '_a5_': 0.5256917701797484, '_a6_': 1.4817637161601274, '_a1_': 1.0, '_a2_': 1.0, '_a4_': 1.0, '_a7_': 1.0}};{'d0': 0.024905832919782225};-276.475521885941;37.86796642805604
32780;-100.369794514914;((_a6_ * _a0_) * (x * ((x * (x + (_a5_ ** _a3_))) + _a5_)));{'d0': {'_a0_': 2.2788793009405217, '_a3_': 0.7337491689262154, '_a5_': 0.5256917701797484, '_a6_': 1.4817637161601274, '_a1_': 1.0, '_a2_': 1.0, '_a4_': 1.0, '_a7_': 1.0}};{'d0': 0.024905832919782225};-276.475521885941;37.86796642805604
32781;-100.369794514914;((_a6_ * _a0_) * (x * ((x * (x + (_a5_ ** _a3_))) + _a5_)));{'d0': {'_a0_': 2.2788793009405217, '_a3_': 0.7337491689262154, '_a5_': 0.5256917701797484, '_a6_': 1.4817637161601274, '_a1_': 1.0, '_a2_': 1.0, '_a4_': 1.0, '_a7_': 1.0}};{'d0': 0.024905832919782225};-276.475521885941;37.86796642805604
32782;-100.369794514914;((_a6_ * _a0_) * (x * ((x * (x + (_a5_ ** _a3_))) + _a5_)));{'d0': {'_a0_': 2.2788793009405217, '_a3_': 0.7337491689262154, '_a5_': 0.5256917701797484, '_a6_': 1.4817637161601274, '_a1_': 1.0, '_a2_': 1.0, '_a4_': 1.0, '_a7_': 1.0}};{'d0': 0.024905832919782225};-276.475521885941;37.86796642805604
32783;-100.369794514914;((_a6_ * _a0_) * (x * ((x * (x + (_a5_ ** _a3_))) + _a5_)));{'d0': {'_a0_': 2.2788793009405217, '_a3_': 0.7337491689262154, '_a5_': 0.5256917701797484, '_a6_': 1.4817637161601274, '_a1_': 1.0, '_a2_': 1.0, '_a4_': 1.0, '_a7_': 1.0}};{'d0': 0.024905832919782225};-276.475521885941;37.86796642805604
32784;-100.369794514914;((_a6_ * _a0_) * (x * ((x * (x + (_a5_ ** _a3_))) + _a5_)));{'d0': {'_a0_': 2.2788793009405217, '_a3_': 0.7337491689262154, '_a5_': 0.5256917701797484, '_a6_': 1.4817637161601274, '_a1_': 1.0, '_a2_': 1.0, '_a4_': 1.0, '_a7_': 1.0}};{'d0': 0.024905832919782225};-276.475521885941;37.86796642805604
32785;-100.369794514914;((_a6_ * _a0_) * (x * ((x * (x + (_a5_ ** _a3_))) + _a5_)));{'d0': {'_a0_': 2.2788793009405217, '_a3_': 0.7337491689262154, '_a5_': 0.5256917701797484, '_a6_': 1.4817637161601274, '_a1_': 1.0, '_a2_': 1.0, '_a4_': 1.0, '_a7_': 1.0}};{'d0': 0.024905832919782225};-276.475521885941;37.86796642805604
32786;-102.416966796466;((_a6_ * _a6_) * (x * ((x * (x + (_a5_ ** _a3_))) + _a5_)));{'d0': {'_a3_': 0.7337491689607617, '_a5_': 0.5256917703312676, '_a6_': 1.8375964951131305, '_a0_': 1.0, '_a1_': 1.0, '_a2_': 1.0, '_a4_': 1.0, '_a7_': 1.0}};{'d0': 0.024905832919416587};-280.569866449044;37.86796642805604
32787;-102.416966796466;((_a6_ * _a6_) * (x * ((x * (x + (_a5_ ** _a3_))) + _a5_)));{'d0': {'_a3_': 0.7337491689607617, '_a5_': 0.5256917703312676, '_a6_': 1.8375964951131305, '_a0_': 1.0, '_a1_': 1.0, '_a2_': 1.0, '_a4_': 1.0, '_a7_': 1.0}};{'d0': 0.024905832919416587};-280.569866449044;37.86796642805604
32788;-102.416966796466;((_a6_ * _a6_) * (x * ((x * (x + (_a5_ ** _a3_))) + _a5_)));{'d0': {'_a3_': 0.7337491689607617, '_a5_': 0.5256917703312676, '_a6_': 1.8375964951131305, '_a0_': 1.0, '_a1_': 1.0, '_a2_': 1.0, '_a4_': 1.0, '_a7_': 1.0}};{'d0': 0.024905832919416587};-280.569866449044;37.86796642805604
32789;-102.416966796466;((_a6_ * _a6_) * (x * ((x * (x + (_a5_ ** _a3_))) + _a5_)));{'d0': {'_a3_': 0.7337491689607617, '_a5_': 0.5256917703312676, '_a6_': 1.8375964951131305, '_a0_': 1.0, '_a1_': 1.0, '_a2_': 1.0, '_a4_': 1.0, '_a7_': 1.0}};{'d0': 0.024905832919416587};-280.569866449044;37.86796642805604
32790;-102.416966796466;((_a6_ * _a6_) * (x * ((x * (x + (_a5_ ** _a3_))) + _a5_)));{'d0': {'_a3_': 0.7337491689607617, '_a5_': 0.5256917703312676, '_a6_': 1.8375964951131305, '_a0_': 1.0, '_a1_': 1.0, '_a2_': 1.0, '_a4_': 1.0, '_a7_': 1.0}};{'d0': 0.024905832919416587};-280.569866449044;37.86796642805604
32791;-102.416966796466;((_a6_ * _a6_) * (x * ((x * (x + (_a5_ ** _a3_))) + _a5_)));{'d0': {'_a3_': 0.7337491689607617, '_a5_': 0.5256917703312676, '_a6_': 1.8375964951131305, '_a0_': 1.0, '_a1_': 1.0, '_a2_': 1.0, '_a4_': 1.0, '_a7_': 1.0}};{'d0': 0.024905832919416587};-280.569866449044;37.86796642805604
32792;-100.316974984140;(x * (_a7_ + pow2(((((_a6_ + x) + _a0_) * _a4_) * _a5_))));{'d0': {'_a0_': -3.3502429060943086, '_a4_': 88.34233837412438, '_a5_': 0.020800858733094285, '_a6_': 3.6621726013211577, '_a7_': 1.4465760505458425, '_a1_': 1.0, '_a2_': 1.0, '_a3_': 1.0}};{'d0': 0.02490583291943379};-272.381177324558;35.873613678138916
32793;-100.316974984140;(x * (_a7_ + pow2(((((_a6_ + x) + _a0_) * _a4_) * _a5_))));{'d0': {'_a0_': -3.3502429060943086, '_a4_': 88.34233837412438, '_a5_': 0.020800858733094285, '_a6_': 3.6621726013211577, '_a7_': 1.4465760505458425, '_a1_': 1.0, '_a2_': 1.0, '_a3_': 1.0}};{'d0': 0.02490583291943379};-272.381177324558;35.873613678138916
32794;-100.316974984140;(x * (_a7_ + pow2(((((_a6_ + x) + _a0_) * _a4_) * _a5_))));{'d0': {'_a0_': -3.3502429060943086, '_a4_': 88.34233837412438, '_a5_': 0.020800858733094285, '_a6_': 3.6621726013211577, '_a7_': 1.4465760505458425, '_a1_': 1.0, '_a2_': 1.0, '_a3_': 1.0}};{'d0': 0.02490583291943379};-272.381177324558;35.873613678138916
32795;-100.316974984140;(x * (_a7_ + pow2(((((_a6_ + x) + _a0_) * _a4_) * _a5_))));{'d0': {'_a0_': -3.3502429060943086, '_a4_': 88.34233837412438, '_a5_': 0.020800858733094285, '_a6_': 3.6621726013211577, '_a7_': 1.4465760505458425, '_a1_': 1.0, '_a2_': 1.0, '_a3_': 1.0}};{'d0': 0.02490583291943379};-272.381177324558;35.873613678138916
32796;-100.316974984140;(x * (_a7_ + pow2(((((_a6_ + x) + _a0_) * _a4_) * _a5_))));{'d0': {'_a0_': -3.3502429060943086, '_a4_': 88.34233837412438, '_a5_': 0.020800858733094285, '_a6_': 3.6621726013211577, '_a7_': 1.4465760505458425, '_a1_': 1.0, '_a2_': 1.0, '_a3_': 1.0}};{'d0': 0.02490583291943379};-272.381177324558;35.873613678138916
32797;-102.308962252591;(((x * ((x + _a4_) + (_a1_ * x))) + (_a1_ / _a0_)) * x);{'d0': {'_a0_': 1.3389180742133147, '_a1_': 2.3767608780759617, '_a4_': 2.1066240682798014, '_a2_': 1.0, '_a3_': 1.0, '_a5_': 1.0, '_a6_': 1.0, '_a7_': 1.0}};{'d0': 0.024905832919416598};-280.569866449044;37.975970971931424
32798;-102.308962252591;(((x * ((x + _a4_) + (_a1_ * x))) + (_a1_ / _a0_)) * x);{'d0': {'_a0_': 1.3389180742133147, '_a1_': 2.3767608780759617, '_a4_': 2.1066240682798014, '_a2_': 1.0, '_a3_': 1.0, '_a5_': 1.0, '_a6_': 1.0, '_a7_': 1.0}};{'d0': 0.024905832919416598};-280.569866449044;37.975970971931424
32799;-102.308962252591;(((x * ((x + _a4_) + (_a1_ * x))) + (_a1_ / _a0_)) * x);{'d0': {'_a0_': 1.3389180742133147, '_a1_': 2.3767608780759617, '_a4_': 2.1066240682798014, '_a2_': 1.0, '_a3_': 1.0, '_a5_': 1.0, '_a6_': 1.0, '_a7_': 1.0}};{'d0': 0.024905832919416598};-280.569866449044;37.975970971931424
32800;-102.308962252591;(((x * ((x + _a4_) + (_a1_ * x))) + (_a1_ / _a0_)) * x);{'d0': {'_a0_': 1.3389180742133147, '_a1_': 2.3767608780759617, '_a4_': 2.1066240682798014, '_a2_': 1.0, '_a3_': 1.0, '_a5_': 1.0, '_a6_': 1.0, '_a7_': 1.0}};{'d0': 0.024905832919416598};-280.569866449044;37.975970971931424
32801;-102.308962252591;(((x * ((x + _a4_) + (_a1_ * x))) + (_a1_ / _a0_)) * x);{'d0': {'_a0_': 1.3389180742133147, '_a1_': 2.3767608780759617, '_a4_': 2.1066240682798014, '_a2_': 1.0, '_a3_': 1.0, '_a5_': 1.0, '_a6_': 1.0, '_a7_': 1.0}};{'d0': 0.024905832919416598};-280.569866449044;37.975970971931424
32802;-102.308962252591;(((x * ((x + _a4_) + (_a1_ * x))) + (_a1_ / _a0_)) * x);{'d0': {'_a0_': 1.3389180742133147, '_a1_': 2.3767608780759617, '_a4_': 2.1066240682798014, '_a2_': 1.0, '_a3_': 1.0, '_a5_': 1.0, '_a6_': 1.0, '_a7_': 1.0}};{'d0': 0.024905832919416598};-280.569866449044;37.975970971931424
32803;-102.308962252591;(((x * ((x + _a4_) + (_a1_ * x))) + (_a1_ / _a0_)) * x);{'d0': {'_a0_': 1.3389180742133147, '_a1_': 2.3767608780759617, '_a4_': 2.1066240682798014, '_a2_': 1.0, '_a3_': 1.0, '_a5_': 1.0, '_a6_': 1.0, '_a7_': 1.0}};{'d0': 0.024905832919416598};-280.569866449044;37.975970971931424
32804;-102.308962252591;(((x * ((x + _a4_) + (_a1_ * x))) + (_a1_ / _a0_)) * x);{'d0': {'_a0_': 1.3389180742133147, '_a1_': 2.3767608780759617, '_a4_': 2.1066240682798014, '_a2_': 1.0, '_a3_': 1.0, '_a5_': 1.0, '_a6_': 1.0, '_a7_': 1.0}};{'d0': 0.024905832919416598};-280.569866449044;37.975970971931424
32805;-102.308962252591;(((x * ((x + _a4_) + (_a1_ * x))) + (_a1_ / _a0_)) * x);{'d0': {'_a0_': 1.3389180742133147, '_a1_': 2.3767608780759617, '_a4_': 2.1066240682798014, '_a2_': 1.0, '_a3_': 1.0, '_a5_': 1.0, '_a6_': 1.0, '_a7_': 1.0}};{'d0': 0.024905832919416598};-280.569866449044;37.975970971931424
32806;-102.308962252591;(((x * ((x + _a4_) + (_a1_ * x))) + (_a1_ / _a0_)) * x);{'d0': {'_a0_': 1.3389180742133147, '_a1_': 2.3767608780759617, '_a4_': 2.1066240682798014, '_a2_': 1.0, '_a3_': 1.0, '_a5_': 1.0, '_a6_': 1.0, '_a7_': 1.0}};{'d0': 0.024905832919416598};-280.569866449044;37.975970971931424
32807;-102.308962252591;(((x * ((x + _a4_) + (_a1_ * x))) + (_a1_ / _a0_)) * x);{'d0': {'_a0_': 1.3389180742133147, '_a1_': 2.3767608780759617, '_a4_': 2.1066240682798014, '_a2_': 1.0, '_a3_': 1.0, '_a5_': 1.0, '_a6_': 1.0, '_a7_': 1.0}};{'d0': 0.024905832919416598};-280.569866449044;37.975970971931424
32808;-102.308962252591;(((x * ((x + _a4_) + (_a1_ * x))) + (_a1_ / _a0_)) * x);{'d0': {'_a0_': 1.3389180742133147, '_a1_': 2.3767608780759617, '_a4_': 2.1066240682798014, '_a2_': 1.0, '_a3_': 1.0, '_a5_': 1.0, '_a6_': 1.0, '_a7_': 1.0}};{'d0': 0.024905832919416598};-280.569866449044;37.975970971931424
32809;-102.308962252591;(((x * ((x + _a4_) + (_a1_ * x))) + (_a1_ / _a0_)) * x);{'d0': {'_a0_': 1.3389180742133147, '_a1_': 2.3767608780759617, '_a4_': 2.1066240682798014, '_a2_': 1.0, '_a3_': 1.0, '_a5_': 1.0, '_a6_': 1.0, '_a7_': 1.0}};{'d0': 0.024905832919416598};-280.569866449044;37.975970971931424
32810;-102.308962252591;(((x * ((x + _a4_) + (_a1_ * x))) + (_a1_ / _a0_)) * x);{'d0': {'_a0_': 1.3389180742133147, '_a1_': 2.3767608780759617, '_a4_': 2.1066240682798014, '_a2_': 1.0, '_a3_': 1.0, '_a5_': 1.0, '_a6_': 1.0, '_a7_': 1.0}};{'d0': 0.024905832919416598};-280.569866449044;37.975970971931424
32811;-102.308962252591;(((x * ((x + _a4_) + (_a1_ * x))) + (_a1_ / _a0_)) * x);{'d0': {'_a0_': 1.3389180742133147, '_a1_': 2.3767608780759617, '_a4_': 2.1066240682798014, '_a2_': 1.0, '_a3_': 1.0, '_a5_': 1.0, '_a6_': 1.0, '_a7_': 1.0}};{'d0': 0.024905832919416598};-280.569866449044;37.975970971931424
32812;-102.308962252591;(((x * ((x + _a4_) + (_a1_ * x))) + (_a1_ / _a0_)) * x);{'d0': {'_a0_': 1.3389180742133147, '_a1_': 2.3767608780759617, '_a4_': 2.1066240682798014, '_a2_': 1.0, '_a3_': 1.0, '_a5_': 1.0, '_a6_': 1.0, '_a7_': 1.0}};{'d0': 0.024905832919416598};-280.569866449044;37.975970971931424
32813;-102.308962252591;(((x * ((x + _a4_) + (_a1_ * x))) + (_a1_ / _a0_)) * x);{'d0': {'_a0_': 1.3389180742133147, '_a1_': 2.3767608780759617, '_a4_': 2.1066240682798014, '_a2_': 1.0, '_a3_': 1.0, '_a5_': 1.0, '_a6_': 1.0, '_a7_': 1.0}};{'d0': 0.024905832919416598};-280.569866449044;37.975970971931424
32814;-102.308962252591;(((x * ((x + _a4_) + (_a1_ * x))) + (_a1_ / _a0_)) * x);{'d0': {'_a0_': 1.3389180742133147, '_a1_': 2.3767608780759617, '_a4_': 2.1066240682798014, '_a2_': 1.0, '_a3_': 1.0, '_a5_': 1.0, '_a6_': 1.0, '_a7_': 1.0}};{'d0': 0.024905832919416598};-280.569866449044;37.975970971931424
32815;-102.308962252591;(((x * ((x + _a4_) + (_a1_ * x))) + (_a1_ / _a0_)) * x);{'d0': {'_a0_': 1.3389180742133147, '_a1_': 2.3767608780759617, '_a4_': 2.1066240682798014, '_a2_': 1.0, '_a3_': 1.0, '_a5_': 1.0, '_a6_': 1.0, '_a7_': 1.0}};{'d0': 0.024905832919416598};-280.569866449044;37.975970971931424
32816;-102.308962252591;(((x * ((x + _a4_) + (_a1_ * x))) + (_a1_ / _a0_)) * x);{'d0': {'_a0_': 1.3389180742133147, '_a1_': 2.3767608780759617, '_a4_': 2.1066240682798014, '_a2_': 1.0, '_a3_': 1.0, '_a5_': 1.0, '_a6_': 1.0, '_a7_': 1.0}};{'d0': 0.024905832919416598};-280.569866449044;37.975970971931424
32817;-102.308962252591;(((x * ((x + _a4_) + (_a1_ * x))) + (_a1_ / _a0_)) * x);{'d0': {'_a0_': 1.3389180742133147, '_a1_': 2.3767608780759617, '_a4_': 2.1066240682798014, '_a2_': 1.0, '_a3_': 1.0, '_a5_': 1.0, '_a6_': 1.0, '_a7_': 1.0}};{'d0': 0.024905832919416598};-280.569866449044;37.975970971931424
32818;-102.308962252591;(((x * ((x + _a4_) + (_a1_ * x))) + (_a1_ / _a0_)) * x);{'d0': {'_a0_': 1.3389180742133147, '_a1_': 2.3767608780759617, '_a4_': 2.1066240682798014, '_a2_': 1.0, '_a3_': 1.0, '_a5_': 1.0, '_a6_': 1.0, '_a7_': 1.0}};{'d0': 0.024905832919416598};-280.569866449044;37.975970971931424
32819;-102.308962252591;(((x * ((x + _a4_) + (_a1_ * x))) + (_a1_ / _a0_)) * x);{'d0': {'_a0_': 1.3389180742133147, '_a1_': 2.3767608780759617, '_a4_': 2.1066240682798014, '_a2_': 1.0, '_a3_': 1.0, '_a5_': 1.0, '_a6_': 1.0, '_a7_': 1.0}};{'d0': 0.024905832919416598};-280.569866449044;37.975970971931424
32820;-102.308962252591;(((x * ((x + _a4_) + (_a1_ * x))) + (_a1_ / _a0_)) * x);{'d0': {'_a0_': 1.3389180742133147, '_a1_': 2.3767608780759617, '_a4_': 2.1066240682798014, '_a2_': 1.0, '_a3_': 1.0, '_a5_': 1.0, '_a6_': 1.0, '_a7_': 1.0}};{'d0': 0.024905832919416598};-280.569866449044;37.975970971931424
32821;-102.308962252591;(((x * ((x + _a4_) + (_a1_ * x))) + (_a1_ / _a0_)) * x);{'d0': {'_a0_': 1.3389180742133147, '_a1_': 2.3767608780759617, '_a4_': 2.1066240682798014, '_a2_': 1.0, '_a3_': 1.0, '_a5_': 1.0, '_a6_': 1.0, '_a7_': 1.0}};{'d0': 0.024905832919416598};-280.569866449044;37.975970971931424
32822;-102.308962252591;(((x * ((x + _a4_) + (_a1_ * x))) + (_a1_ / _a0_)) * x);{'d0': {'_a0_': 1.3389180742133147, '_a1_': 2.3767608780759617, '_a4_': 2.1066240682798014, '_a2_': 1.0, '_a3_': 1.0, '_a5_': 1.0, '_a6_': 1.0, '_a7_': 1.0}};{'d0': 0.024905832919416598};-280.569866449044;37.975970971931424
32823;-102.308962252591;(((x * ((x + _a4_) + (_a1_ * x))) + (_a1_ / _a0_)) * x);{'d0': {'_a0_': 1.3389180742133147, '_a1_': 2.3767608780759617, '_a4_': 2.1066240682798014, '_a2_': 1.0, '_a3_': 1.0, '_a5_': 1.0, '_a6_': 1.0, '_a7_': 1.0}};{'d0': 0.024905832919416598};-280.569866449044;37.975970971931424
32824;-102.308962252591;(((x * ((x + _a4_) + (_a1_ * x))) + (_a1_ / _a0_)) * x);{'d0': {'_a0_': 1.3389180742133147, '_a1_': 2.3767608780759617, '_a4_': 2.1066240682798014, '_a2_': 1.0, '_a3_': 1.0, '_a5_': 1.0, '_a6_': 1.0, '_a7_': 1.0}};{'d0': 0.024905832919416598};-280.569866449044;37.975970971931424
32825;-102.308962252591;(((x * ((x + _a4_) + (_a1_ * x))) + (_a1_ / _a0_)) * x);{'d0': {'_a0_': 1.3389180742133147, '_a1_': 2.3767608780759617, '_a4_': 2.1066240682798014, '_a2_': 1.0, '_a3_': 1.0, '_a5_': 1.0, '_a6_': 1.0, '_a7_': 1.0}};{'d0': 0.024905832919416598};-280.569866449044;37.975970971931424
32826;-102.308962252591;(((x * ((x + _a4_) + (_a1_ * x))) + (_a1_ / _a0_)) * x);{'d0': {'_a0_': 1.3389180742133147, '_a1_': 2.3767608780759617, '_a4_': 2.1066240682798014, '_a2_': 1.0, '_a3_': 1.0, '_a5_': 1.0, '_a6_': 1.0, '_a7_': 1.0}};{'d0': 0.024905832919416598};-280.569866449044;37.975970971931424
32827;-102.308962252591;(((x * ((x + _a4_) + (_a1_ * x))) + (_a1_ / _a0_)) * x);{'d0': {'_a0_': 1.3389180742133147, '_a1_': 2.3767608780759617, '_a4_': 2.1066240682798014, '_a2_': 1.0, '_a3_': 1.0, '_a5_': 1.0, '_a6_': 1.0, '_a7_': 1.0}};{'d0': 0.024905832919416598};-280.569866449044;37.975970971931424
32828;-102.308962252591;(((x * ((x + _a4_) + (_a1_ * x))) + (_a1_ / _a0_)) * x);{'d0': {'_a0_': 1.3389180742133147, '_a1_': 2.3767608780759617, '_a4_': 2.1066240682798014, '_a2_': 1.0, '_a3_': 1.0, '_a5_': 1.0, '_a6_': 1.0, '_a7_': 1.0}};{'d0': 0.024905832919416598};-280.569866449044;37.975970971931424
32829;-102.308962252591;(((x * ((x + _a4_) + (_a1_ * x))) + (_a1_ / _a0_)) * x);{'d0': {'_a0_': 1.3389180742133147, '_a1_': 2.3767608780759617, '_a4_': 2.1066240682798014, '_a2_': 1.0, '_a3_': 1.0, '_a5_': 1.0, '_a6_': 1.0, '_a7_': 1.0}};{'d0': 0.024905832919416598};-280.569866449044;37.975970971931424
32830;-102.308962252591;(((x * ((x + _a4_) + (_a1_ * x))) + (_a1_ / _a0_)) * x);{'d0': {'_a0_': 1.3389180742133147, '_a1_': 2.3767608780759617, '_a4_': 2.1066240682798014, '_a2_': 1.0, '_a3_': 1.0, '_a5_': 1.0, '_a6_': 1.0, '_a7_': 1.0}};{'d0': 0.024905832919416598};-280.569866449044;37.975970971931424
32831;-102.308962252591;(((x * ((x + _a4_) + (_a1_ * x))) + (_a1_ / _a0_)) * x);{'d0': {'_a0_': 1.3389180742133147, '_a1_': 2.3767608780759617, '_a4_': 2.1066240682798014, '_a2_': 1.0, '_a3_': 1.0, '_a5_': 1.0, '_a6_': 1.0, '_a7_': 1.0}};{'d0': 0.024905832919416598};-280.569866449044;37.975970971931424
32832;-102.308962252591;(((x * ((x + _a4_) + (_a1_ * x))) + (_a1_ / _a0_)) * x);{'d0': {'_a0_': 1.3389180742133147, '_a1_': 2.3767608780759617, '_a4_': 2.1066240682798014, '_a2_': 1.0, '_a3_': 1.0, '_a5_': 1.0, '_a6_': 1.0, '_a7_': 1.0}};{'d0': 0.024905832919416598};-280.569866449044;37.975970971931424
32833;-102.308962252591;(((x * ((x + _a4_) + (_a1_ * x))) + (_a1_ / _a0_)) * x);{'d0': {'_a0_': 1.3389180742133147, '_a1_': 2.3767608780759617, '_a4_': 2.1066240682798014, '_a2_': 1.0, '_a3_': 1.0, '_a5_': 1.0, '_a6_': 1.0, '_a7_': 1.0}};{'d0': 0.024905832919416598};-280.569866449044;37.975970971931424
32834;-102.308962252591;(((x * ((x + _a4_) + (_a1_ * x))) + (_a1_ / _a0_)) * x);{'d0': {'_a0_': 1.3389180742133147, '_a1_': 2.3767608780759617, '_a4_': 2.1066240682798014, '_a2_': 1.0, '_a3_': 1.0, '_a5_': 1.0, '_a6_': 1.0, '_a7_': 1.0}};{'d0': 0.024905832919416598};-280.569866449044;37.975970971931424
32835;-102.308962252591;(((x * ((x + _a4_) + (_a1_ * x))) + (_a1_ / _a0_)) * x);{'d0': {'_a0_': 1.3389180742133147, '_a1_': 2.3767608780759617, '_a4_': 2.1066240682798014, '_a2_': 1.0, '_a3_': 1.0, '_a5_': 1.0, '_a6_': 1.0, '_a7_': 1.0}};{'d0': 0.024905832919416598};-280.569866449044;37.975970971931424
32836;-102.308962252591;(((x * ((x + _a4_) + (_a1_ * x))) + (_a1_ / _a0_)) * x);{'d0': {'_a0_': 1.3389180742133147, '_a1_': 2.3767608780759617, '_a4_': 2.1066240682798014, '_a2_': 1.0, '_a3_': 1.0, '_a5_': 1.0, '_a6_': 1.0, '_a7_': 1.0}};{'d0': 0.024905832919416598};-280.569866449044;37.975970971931424
32837;-102.308962252591;(((x * ((x + _a4_) + (_a1_ * x))) + (_a1_ / _a0_)) * x);{'d0': {'_a0_': 1.3389180742133147, '_a1_': 2.3767608780759617, '_a4_': 2.1066240682798014, '_a2_': 1.0, '_a3_': 1.0, '_a5_': 1.0, '_a6_': 1.0, '_a7_': 1.0}};{'d0': 0.024905832919416598};-280.569866449044;37.975970971931424
32838;-102.308962252591;(((x * ((x + _a4_) + (_a1_ * x))) + (_a1_ / _a0_)) * x);{'d0': {'_a0_': 1.3389180742133147, '_a1_': 2.3767608780759617, '_a4_': 2.1066240682798014, '_a2_': 1.0, '_a3_': 1.0, '_a5_': 1.0, '_a6_': 1.0, '_a7_': 1.0}};{'d0': 0.024905832919416598};-280.569866449044;37.975970971931424
32839;-102.308962252591;(((x * ((x + _a4_) + (_a1_ * x))) + (_a1_ / _a0_)) * x);{'d0': {'_a0_': 1.3389180742133147, '_a1_': 2.3767608780759617, '_a4_': 2.1066240682798014, '_a2_': 1.0, '_a3_': 1.0, '_a5_': 1.0, '_a6_': 1.0, '_a7_': 1.0}};{'d0': 0.024905832919416598};-280.569866449044;37.975970971931424
32840;-102.308962252591;(((x * ((x + _a4_) + (_a1_ * x))) + (_a1_ / _a0_)) * x);{'d0': {'_a0_': 1.3389180742133147, '_a1_': 2.3767608780759617, '_a4_': 2.1066240682798014, '_a2_': 1.0, '_a3_': 1.0, '_a5_': 1.0, '_a6_': 1.0, '_a7_': 1.0}};{'d0': 0.024905832919416598};-280.569866449044;37.975970971931424
32841;-102.308962252591;(((x * ((x + _a4_) + (_a1_ * x))) + (_a1_ / _a0_)) * x);{'d0': {'_a0_': 1.3389180742133147, '_a1_': 2.3767608780759617, '_a4_': 2.1066240682798014, '_a2_': 1.0, '_a3_': 1.0, '_a5_': 1.0, '_a6_': 1.0, '_a7_': 1.0}};{'d0': 0.024905832919416598};-280.569866449044;37.975970971931424
32842;-102.308962252591;(((x * ((x + _a4_) + (_a1_ * x))) + (_a1_ / _a0_)) * x);{'d0': {'_a0_': 1.3389180742133147, '_a1_': 2.3767608780759617, '_a4_': 2.1066240682798014, '_a2_': 1.0, '_a3_': 1.0, '_a5_': 1.0, '_a6_': 1.0, '_a7_': 1.0}};{'d0': 0.024905832919416598};-280.569866449044;37.975970971931424
32843;-102.308962252591;(((x * ((x + _a4_) + (_a1_ * x))) + (_a1_ / _a0_)) * x);{'d0': {'_a0_': 1.3389180742133147, '_a1_': 2.3767608780759617, '_a4_': 2.1066240682798014, '_a2_': 1.0, '_a3_': 1.0, '_a5_': 1.0, '_a6_': 1.0, '_a7_': 1.0}};{'d0': 0.024905832919416598};-280.569866449044;37.975970971931424
32844;-102.308962252591;(((x * ((x + _a4_) + (_a1_ * x))) + (_a1_ / _a0_)) * x);{'d0': {'_a0_': 1.3389180742133147, '_a1_': 2.3767608780759617, '_a4_': 2.1066240682798014, '_a2_': 1.0, '_a3_': 1.0, '_a5_': 1.0, '_a6_': 1.0, '_a7_': 1.0}};{'d0': 0.024905832919416598};-280.569866449044;37.975970971931424
32845;-103.488010419115;(((pow2((((x * _a3_) / _a0_) + _a3_)) + _a5_) + _a5_) * x);{'d0': {'_a0_': 0.31192970758174915, '_a3_': 0.5732009372795588, '_a5_': 0.7232880441076034, '_a1_': 1.0, '_a2_': 1.0, '_a4_': 1.0, '_a6_': 1.0, '_a7_': 1.0}};{'d0': 0.024905832919416608};-280.569866449044;36.79692280540622
32846;-103.488010419115;(((pow2((((x * _a3_) / _a0_) + _a3_)) + _a5_) + _a5_) * x);{'d0': {'_a0_': 0.31192970758174915, '_a3_': 0.5732009372795588, '_a5_': 0.7232880441076034, '_a1_': 1.0, '_a2_': 1.0, '_a4_': 1.0, '_a6_': 1.0, '_a7_': 1.0}};{'d0': 0.024905832919416608};-280.569866449044;36.79692280540622
32847;-103.488010419115;(((pow2((((x * _a3_) / _a0_) + _a3_)) + _a5_) + _a5_) * x);{'d0': {'_a0_': 0.31192970758174915, '_a3_': 0.5732009372795588, '_a5_': 0.7232880441076034, '_a1_': 1.0, '_a2_': 1.0, '_a4_': 1.0, '_a6_': 1.0, '_a7_': 1.0}};{'d0': 0.024905832919416608};-280.569866449044;36.79692280540622
32848;-103.488010419115;(((pow2((((x * _a3_) / _a0_) + _a3_)) + _a5_) + _a5_) * x);{'d0': {'_a0_': 0.31192970758174915, '_a3_': 0.5732009372795588, '_a5_': 0.7232880441076034, '_a1_': 1.0, '_a2_': 1.0, '_a4_': 1.0, '_a6_': 1.0, '_a7_': 1.0}};{'d0': 0.024905832919416608};-280.569866449044;36.79692280540622
32849;-103.488010419115;(((pow2((((x * _a3_) / _a0_) + _a3_)) + _a5_) + _a5_) * x);{'d0': {'_a0_': 0.31192970758174915, '_a3_': 0.5732009372795588, '_a5_': 0.7232880441076034, '_a1_': 1.0, '_a2_': 1.0, '_a4_': 1.0, '_a6_': 1.0, '_a7_': 1.0}};{'d0': 0.024905832919416608};-280.569866449044;36.79692280540622
32850;-103.488010419115;(((pow2((((x * _a3_) / _a0_) + _a3_)) + _a5_) + _a5_) * x);{'d0': {'_a0_': 0.31192970758174915, '_a3_': 0.5732009372795588, '_a5_': 0.7232880441076034, '_a1_': 1.0, '_a2_': 1.0, '_a4_': 1.0, '_a6_': 1.0, '_a7_': 1.0}};{'d0': 0.024905832919416608};-280.569866449044;36.79692280540622
32851;-103.488010419115;(((pow2((((x * _a3_) / _a0_) + _a3_)) + _a5_) + _a5_) * x);{'d0': {'_a0_': 0.31192970758174915, '_a3_': 0.5732009372795588, '_a5_': 0.7232880441076034, '_a1_': 1.0, '_a2_': 1.0, '_a4_': 1.0, '_a6_': 1.0, '_a7_': 1.0}};{'d0': 0.024905832919416608};-280.569866449044;36.79692280540622
32852;-103.488010419115;(((pow2((((x * _a3_) / _a0_) + _a3_)) + _a5_) + _a5_) * x);{'d0': {'_a0_': 0.31192970758174915, '_a3_': 0.5732009372795588, '_a5_': 0.7232880441076034, '_a1_': 1.0, '_a2_': 1.0, '_a4_': 1.0, '_a6_': 1.0, '_a7_': 1.0}};{'d0': 0.024905832919416608};-280.569866449044;36.79692280540622
32853;-103.488010419115;(((pow2((((x * _a3_) / _a0_) + _a3_)) + _a5_) + _a5_) * x);{'d0': {'_a0_': 0.31192970758174915, '_a3_': 0.5732009372795588, '_a5_': 0.7232880441076034, '_a1_': 1.0, '_a2_': 1.0, '_a4_': 1.0, '_a6_': 1.0, '_a7_': 1.0}};{'d0': 0.024905832919416608};-280.569866449044;36.79692280540622
32854;-103.488010419115;(((pow2((((x * _a3_) / _a0_) + _a3_)) + _a5_) + _a5_) * x);{'d0': {'_a0_': 0.31192970758174915, '_a3_': 0.5732009372795588, '_a5_': 0.7232880441076034, '_a1_': 1.0, '_a2_': 1.0, '_a4_': 1.0, '_a6_': 1.0, '_a7_': 1.0}};{'d0': 0.024905832919416608};-280.569866449044;36.79692280540622
32855;-103.488010419115;(((pow2((((x * _a3_) / _a0_) + _a3_)) + _a5_) + _a5_) * x);{'d0': {'_a0_': 0.31192970758174915, '_a3_': 0.5732009372795588, '_a5_': 0.7232880441076034, '_a1_': 1.0, '_a2_': 1.0, '_a4_': 1.0, '_a6_': 1.0, '_a7_': 1.0}};{'d0': 0.024905832919416608};-280.569866449044;36.79692280540622
32856;-103.488010419115;(((pow2((((x * _a3_) / _a0_) + _a3_)) + _a5_) + _a5_) * x);{'d0': {'_a0_': 0.31192970758174915, '_a3_': 0.5732009372795588, '_a5_': 0.7232880441076034, '_a1_': 1.0, '_a2_': 1.0, '_a4_': 1.0, '_a6_': 1.0, '_a7_': 1.0}};{'d0': 0.024905832919416608};-280.569866449044;36.79692280540622
32857;-103.488010419115;(((pow2((((x * _a3_) / _a0_) + _a3_)) + _a5_) + _a5_) * x);{'d0': {'_a0_': 0.31192970758174915, '_a3_': 0.5732009372795588, '_a5_': 0.7232880441076034, '_a1_': 1.0, '_a2_': 1.0, '_a4_': 1.0, '_a6_': 1.0, '_a7_': 1.0}};{'d0': 0.024905832919416608};-280.569866449044;36.79692280540622
32858;-103.488010419115;(((pow2((((x * _a3_) / _a0_) + _a3_)) + _a5_) + _a5_) * x);{'d0': {'_a0_': 0.31192970758174915, '_a3_': 0.5732009372795588, '_a5_': 0.7232880441076034, '_a1_': 1.0, '_a2_': 1.0, '_a4_': 1.0, '_a6_': 1.0, '_a7_': 1.0}};{'d0': 0.024905832919416608};-280.569866449044;36.79692280540622
32859;-103.488010419115;(((pow2((((x * _a3_) / _a0_) + _a3_)) + _a5_) + _a5_) * x);{'d0': {'_a0_': 0.31192970758174915, '_a3_': 0.5732009372795588, '_a5_': 0.7232880441076034, '_a1_': 1.0, '_a2_': 1.0, '_a4_': 1.0, '_a6_': 1.0, '_a7_': 1.0}};{'d0': 0.024905832919416608};-280.569866449044;36.79692280540622
32860;-103.488010419115;(((pow2((((x * _a3_) / _a0_) + _a3_)) + _a5_) + _a5_) * x);{'d0': {'_a0_': 0.31192970758174915, '_a3_': 0.5732009372795588, '_a5_': 0.7232880441076034, '_a1_': 1.0, '_a2_': 1.0, '_a4_': 1.0, '_a6_': 1.0, '_a7_': 1.0}};{'d0': 0.024905832919416608};-280.569866449044;36.79692280540622
32861;-103.488010419115;(((pow2((((x * _a3_) / _a0_) + _a3_)) + _a5_) + _a5_) * x);{'d0': {'_a0_': 0.31192970758174915, '_a3_': 0.5732009372795588, '_a5_': 0.7232880441076034, '_a1_': 1.0, '_a2_': 1.0, '_a4_': 1.0, '_a6_': 1.0, '_a7_': 1.0}};{'d0': 0.024905832919416608};-280.569866449044;36.79692280540622
32862;-97.5674093700853;(((pow2((((x * _a3_) / _a0_) + (_a0_ + _a0_))) + _a5_) + _a5_) * x);{'d0': {'_a0_': 0.2866004690578241, '_a3_': 0.5266560176059913, '_a5_': 0.7232880444053974, '_a1_': 1.0, '_a2_': 1.0, '_a4_': 1.0, '_a6_': 1.0, '_a7_': 1.0}};{'d0': 0.02490583291941659};-280.569866449044;42.717523854436216
32863;-97.5674093700853;(((pow2((((x * _a3_) / _a0_) + (_a0_ + _a0_))) + _a5_) + _a5_) * x);{'d0': {'_a0_': 0.2866004690578241, '_a3_': 0.5266560176059913, '_a5_': 0.7232880444053974, '_a1_': 1.0, '_a2_': 1.0, '_a4_': 1.0, '_a6_': 1.0, '_a7_': 1.0}};{'d0': 0.02490583291941659};-280.569866449044;42.717523854436216
32864;-97.5674093700853;(((pow2((((x * _a3_) / _a0_) + (_a0_ + _a0_))) + _a5_) + _a5_) * x);{'d0': {'_a0_': 0.2866004690578241, '_a3_': 0.5266560176059913, '_a5_': 0.7232880444053974, '_a1_': 1.0, '_a2_': 1.0, '_a4_': 1.0, '_a6_': 1.0, '_a7_': 1.0}};{'d0': 0.02490583291941659};-280.569866449044;42.717523854436216
32865;-97.5674093700853;(((pow2((((x * _a3_) / _a0_) + (_a0_ + _a0_))) + _a5_) + _a5_) * x);{'d0': {'_a0_': 0.2866004690578241, '_a3_': 0.5266560176059913, '_a5_': 0.7232880444053974, '_a1_': 1.0, '_a2_': 1.0, '_a4_': 1.0, '_a6_': 1.0, '_a7_': 1.0}};{'d0': 0.02490583291941659};-280.569866449044;42.717523854436216
32866;-97.5674093700853;(((pow2((((x * _a3_) / _a0_) + (_a0_ + _a0_))) + _a5_) + _a5_) * x);{'d0': {'_a0_': 0.2866004690578241, '_a3_': 0.5266560176059913, '_a5_': 0.7232880444053974, '_a1_': 1.0, '_a2_': 1.0, '_a4_': 1.0, '_a6_': 1.0, '_a7_': 1.0}};{'d0': 0.02490583291941659};-280.569866449044;42.717523854436216
32867;-97.5674093700853;(((pow2((((x * _a3_) / _a0_) + (_a0_ + _a0_))) + _a5_) + _a5_) * x);{'d0': {'_a0_': 0.2866004690578241, '_a3_': 0.5266560176059913, '_a5_': 0.7232880444053974, '_a1_': 1.0, '_a2_': 1.0, '_a4_': 1.0, '_a6_': 1.0, '_a7_': 1.0}};{'d0': 0.02490583291941659};-280.569866449044;42.717523854436216
32868;-98.6110277799804;(((pow2((((x * _a3_) / _a0_) + (_a0_ + _a0_))) * _a5_) + _a5_) * x);{'d0': {'_a0_': 0.23829024047615202, '_a3_': 0.36407073303640547, '_a5_': 1.4465760895164417, '_a1_': 1.0, '_a2_': 1.0, '_a4_': 1.0, '_a6_': 1.0, '_a7_': 1.0}};{'d0': 0.024905832919416535};-280.569866449044;41.67390544454122
32869;-98.6110277799804;(((pow2((((x * _a3_) / _a0_) + (_a0_ + _a0_))) * _a5_) + _a5_) * x);{'d0': {'_a0_': 0.23829024047615202, '_a3_': 0.36407073303640547, '_a5_': 1.4465760895164417, '_a1_': 1.0, '_a2_': 1.0, '_a4_': 1.0, '_a6_': 1.0, '_a7_': 1.0}};{'d0': 0.024905832919416535};-280.569866449044;41.67390544454122
32870;-98.6110277799804;(((pow2((((x * _a3_) / _a0_) + (_a0_ + _a0_))) * _a5_) + _a5_) * x);{'d0': {'_a0_': 0.23829024047615202, '_a3_': 0.36407073303640547, '_a5_': 1.4465760895164417, '_a1_': 1.0, '_a2_': 1.0, '_a4_': 1.0, '_a6_': 1.0, '_a7_': 1.0}};{'d0': 0.024905832919416535};-280.569866449044;41.67390544454122
32871;-98.6110277799804;(((pow2((((x * _a3_) / _a0_) + (_a0_ + _a0_))) * _a5_) + _a5_) * x);{'d0': {'_a0_': 0.23829024047615202, '_a3_': 0.36407073303640547, '_a5_': 1.4465760895164417, '_a1_': 1.0, '_a2_': 1.0, '_a4_': 1.0, '_a6_': 1.0, '_a7_': 1.0}};{'d0': 0.024905832919416535};-280.569866449044;41.67390544454122
32872;-108.663786933363;(_a0_ * (x * ((x * (x + exp(_a1_))) + _a5_)));{'d0': {'_a0_': 3.3767608795875677, '_a1_': -0.47183023177923017, '_a5_': 0.5256917700405818, '_a2_': 1.0, '_a3_': 1.0, '_a4_': 1.0, '_a6_': 1.0, '_a7_': 1.0}};{'d0': 0.024905832919416664};-280.569866449044;31.62114629115904
32873;-108.663786933363;(_a0_ * (x * ((x * (x + exp(_a1_))) + _a5_)));{'d0': {'_a0_': 3.3767608795875677, '_a1_': -0.47183023177923017, '_a5_': 0.5256917700405818, '_a2_': 1.0, '_a3_': 1.0, '_a4_': 1.0, '_a6_': 1.0, '_a7_': 1.0}};{'d0': 0.024905832919416664};-280.569866449044;31.62114629115904
32874;-108.663786933363;(_a0_ * (x * ((x * (x + exp(_a1_))) + _a5_)));{'d0': {'_a0_': 3.3767608795875677, '_a1_': -0.47183023177923017, '_a5_': 0.5256917700405818, '_a2_': 1.0, '_a3_': 1.0, '_a4_': 1.0, '_a6_': 1.0, '_a7_': 1.0}};{'d0': 0.024905832919416664};-280.569866449044;31.62114629115904
32875;-108.663786933363;(_a0_ * (x * ((x * (x + exp(_a1_))) + _a5_)));{'d0': {'_a0_': 3.3767608795875677, '_a1_': -0.47183023177923017, '_a5_': 0.5256917700405818, '_a2_': 1.0, '_a3_': 1.0, '_a4_': 1.0, '_a6_': 1.0, '_a7_': 1.0}};{'d0': 0.024905832919416664};-280.569866449044;31.62114629115904
32876;-108.663786933363;(_a0_ * (x * ((x * (x + exp(_a1_))) + _a5_)));{'d0': {'_a0_': 3.3767608795875677, '_a1_': -0.47183023177923017, '_a5_': 0.5256917700405818, '_a2_': 1.0, '_a3_': 1.0, '_a4_': 1.0, '_a6_': 1.0, '_a7_': 1.0}};{'d0': 0.024905832919416664};-280.569866449044;31.62114629115904
32877;-108.663786933363;(_a0_ * (x * ((x * (x + exp(_a1_))) + _a5_)));{'d0': {'_a0_': 3.3767608795875677, '_a1_': -0.47183023177923017, '_a5_': 0.5256917700405818, '_a2_': 1.0, '_a3_': 1.0, '_a4_': 1.0, '_a6_': 1.0, '_a7_': 1.0}};{'d0': 0.024905832919416664};-280.569866449044;31.62114629115904
32878;-108.663786933363;(_a0_ * (x * ((x * (x + exp(_a1_))) + _a5_)));{'d0': {'_a0_': 3.3767608795875677, '_a1_': -0.47183023177923017, '_a5_': 0.5256917700405818, '_a2_': 1.0, '_a3_': 1.0, '_a4_': 1.0, '_a6_': 1.0, '_a7_': 1.0}};{'d0': 0.024905832919416664};-280.569866449044;31.62114629115904
32879;-108.663786933363;(_a0_ * (x * ((x * (x + exp(_a1_))) + _a5_)));{'d0': {'_a0_': 3.3767608795875677, '_a1_': -0.47183023177923017, '_a5_': 0.5256917700405818, '_a2_': 1.0, '_a3_': 1.0, '_a4_': 1.0, '_a6_': 1.0, '_a7_': 1.0}};{'d0': 0.024905832919416664};-280.569866449044;31.62114629115904
32880;-108.663786933363;(_a0_ * (x * ((x * (x + exp(_a1_))) + _a5_)));{'d0': {'_a0_': 3.3767608795875677, '_a1_': -0.47183023177923017, '_a5_': 0.5256917700405818, '_a2_': 1.0, '_a3_': 1.0, '_a4_': 1.0, '_a6_': 1.0, '_a7_': 1.0}};{'d0': 0.024905832919416664};-280.569866449044;31.62114629115904
32881;-108.663786933363;(_a0_ * (x * ((x * (x + exp(_a1_))) + _a5_)));{'d0': {'_a0_': 3.3767608795875677, '_a1_': -0.47183023177923017, '_a5_': 0.5256917700405818, '_a2_': 1.0, '_a3_': 1.0, '_a4_': 1.0, '_a6_': 1.0, '_a7_': 1.0}};{'d0': 0.024905832919416664};-280.569866449044;31.62114629115904
32882;-108.663786933363;(_a0_ * (x * ((x * (x + exp(_a1_))) + _a5_)));{'d0': {'_a0_': 3.3767608795875677, '_a1_': -0.47183023177923017, '_a5_': 0.5256917700405818, '_a2_': 1.0, '_a3_': 1.0, '_a4_': 1.0, '_a6_': 1.0, '_a7_': 1.0}};{'d0': 0.024905832919416664};-280.569866449044;31.62114629115904
32883;-108.663786933363;(_a0_ * (x * ((x * (x + exp(_a1_))) + _a5_)));{'d0': {'_a0_': 3.3767608795875677, '_a1_': -0.47183023177923017, '_a5_': 0.5256917700405818, '_a2_': 1.0, '_a3_': 1.0, '_a4_': 1.0, '_a6_': 1.0, '_a7_': 1.0}};{'d0': 0.024905832919416664};-280.569866449044;31.62114629115904
32884;-108.663786933363;(_a0_ * (x * ((x * (x + exp(_a1_))) + _a5_)));{'d0': {'_a0_': 3.3767608795875677, '_a1_': -0.47183023177923017, '_a5_': 0.5256917700405818, '_a2_': 1.0, '_a3_': 1.0, '_a4_': 1.0, '_a6_': 1.0, '_a7_': 1.0}};{'d0': 0.024905832919416664};-280.569866449044;31.62114629115904
32885;-108.663786933363;(_a0_ * (x * ((x * (x + exp(_a1_))) + _a5_)));{'d0': {'_a0_': 3.3767608795875677, '_a1_': -0.47183023177923017, '_a5_': 0.5256917700405818, '_a2_': 1.0, '_a3_': 1.0, '_a4_': 1.0, '_a6_': 1.0, '_a7_': 1.0}};{'d0': 0.024905832919416664};-280.569866449044;31.62114629115904
32886;-108.663786933363;(_a0_ * (x * ((x * (x + exp(_a1_))) + _a5_)));{'d0': {'_a0_': 3.3767608795875677, '_a1_': -0.47183023177923017, '_a5_': 0.5256917700405818, '_a2_': 1.0, '_a3_': 1.0, '_a4_': 1.0, '_a6_': 1.0, '_a7_': 1.0}};{'d0': 0.024905832919416664};-280.569866449044;31.62114629115904
32887;-108.663786933363;(_a0_ * (x * ((x * (x + exp(_a1_))) + _a5_)));{'d0': {'_a0_': 3.3767608795875677, '_a1_': -0.47183023177923017, '_a5_': 0.5256917700405818, '_a2_': 1.0, '_a3_': 1.0, '_a4_': 1.0, '_a6_': 1.0, '_a7_': 1.0}};{'d0': 0.024905832919416664};-280.569866449044;31.62114629115904
32888;-108.663786933363;(_a0_ * (x * ((x * (x + exp(_a1_))) + _a5_)));{'d0': {'_a0_': 3.3767608795875677, '_a1_': -0.47183023177923017, '_a5_': 0.5256917700405818, '_a2_': 1.0, '_a3_': 1.0, '_a4_': 1.0, '_a6_': 1.0, '_a7_': 1.0}};{'d0': 0.024905832919416664};-280.569866449044;31.62114629115904
32889;-108.663786933363;(_a0_ * (x * ((x * (x + exp(_a1_))) + _a5_)));{'d0': {'_a0_': 3.3767608795875677, '_a1_': -0.47183023177923017, '_a5_': 0.5256917700405818, '_a2_': 1.0, '_a3_': 1.0, '_a4_': 1.0, '_a6_': 1.0, '_a7_': 1.0}};{'d0': 0.024905832919416664};-280.569866449044;31.62114629115904
32890;-108.663786933363;(_a0_ * (x * ((x * (x + exp(_a1_))) + _a5_)));{'d0': {'_a0_': 3.3767608795875677, '_a1_': -0.47183023177923017, '_a5_': 0.5256917700405818, '_a2_': 1.0, '_a3_': 1.0, '_a4_': 1.0, '_a6_': 1.0, '_a7_': 1.0}};{'d0': 0.024905832919416664};-280.569866449044;31.62114629115904
32891;-108.663786933363;(_a0_ * (x * ((x * (x + exp(_a1_))) + _a5_)));{'d0': {'_a0_': 3.3767608795875677, '_a1_': -0.47183023177923017, '_a5_': 0.5256917700405818, '_a2_': 1.0, '_a3_': 1.0, '_a4_': 1.0, '_a6_': 1.0, '_a7_': 1.0}};{'d0': 0.024905832919416664};-280.569866449044;31.62114629115904
32892;-108.663786933363;(_a0_ * (x * ((x * (x + exp(_a1_))) + _a5_)));{'d0': {'_a0_': 3.3767608795875677, '_a1_': -0.47183023177923017, '_a5_': 0.5256917700405818, '_a2_': 1.0, '_a3_': 1.0, '_a4_': 1.0, '_a6_': 1.0, '_a7_': 1.0}};{'d0': 0.024905832919416664};-280.569866449044;31.62114629115904
32893;-108.663786933363;(_a0_ * (x * ((x * (x + exp(_a1_))) + _a5_)));{'d0': {'_a0_': 3.3767608795875677, '_a1_': -0.47183023177923017, '_a5_': 0.5256917700405818, '_a2_': 1.0, '_a3_': 1.0, '_a4_': 1.0, '_a6_': 1.0, '_a7_': 1.0}};{'d0': 0.024905832919416664};-280.569866449044;31.62114629115904
32894;-108.663786933363;(_a0_ * (x * ((x * (x + exp(_a1_))) + _a5_)));{'d0': {'_a0_': 3.3767608795875677, '_a1_': -0.47183023177923017, '_a5_': 0.5256917700405818, '_a2_': 1.0, '_a3_': 1.0, '_a4_': 1.0, '_a6_': 1.0, '_a7_': 1.0}};{'d0': 0.024905832919416664};-280.569866449044;31.62114629115904
32895;-108.663786933363;(_a0_ * (x * ((x * (x + exp(_a1_))) + _a5_)));{'d0': {'_a0_': 3.3767608795875677, '_a1_': -0.47183023177923017, '_a5_': 0.5256917700405818, '_a2_': 1.0, '_a3_': 1.0, '_a4_': 1.0, '_a6_': 1.0, '_a7_': 1.0}};{'d0': 0.024905832919416664};-280.569866449044;31.62114629115904
32896;-108.663786933363;(_a0_ * (x * ((x * (x + exp(_a1_))) + _a5_)));{'d0': {'_a0_': 3.3767608795875677, '_a1_': -0.47183023177923017, '_a5_': 0.5256917700405818, '_a2_': 1.0, '_a3_': 1.0, '_a4_': 1.0, '_a6_': 1.0, '_a7_': 1.0}};{'d0': 0.024905832919416664};-280.569866449044;31.62114629115904
32897;-108.663786933363;(_a0_ * (x * ((x * (x + exp(_a1_))) + _a5_)));{'d0': {'_a0_': 3.3767608795875677, '_a1_': -0.47183023177923017, '_a5_': 0.5256917700405818, '_a2_': 1.0, '_a3_': 1.0, '_a4_': 1.0, '_a6_': 1.0, '_a7_': 1.0}};{'d0': 0.024905832919416664};-280.569866449044;31.62114629115904
32898;-108.663786933363;(_a0_ * (x * ((x * (x + exp(_a1_))) + _a5_)));{'d0': {'_a0_': 3.3767608795875677, '_a1_': -0.47183023177923017, '_a5_': 0.5256917700405818, '_a2_': 1.0, '_a3_': 1.0, '_a4_': 1.0, '_a6_': 1.0, '_a7_': 1.0}};{'d0': 0.024905832919416664};-280.569866449044;31.62114629115904
32899;-108.663786933363;(_a0_ * (x * ((x * (x + exp(_a1_))) + _a5_)));{'d0': {'_a0_': 3.3767608795875677, '_a1_': -0.47183023177923017, '_a5_': 0.5256917700405818, '_a2_': 1.0, '_a3_': 1.0, '_a4_': 1.0, '_a6_': 1.0, '_a7_': 1.0}};{'d0': 0.024905832919416664};-280.569866449044;31.62114629115904
32900;-108.663786933363;(_a0_ * (x * ((x * (x + exp(_a1_))) + _a5_)));{'d0': {'_a0_': 3.3767608795875677, '_a1_': -0.47183023177923017, '_a5_': 0.5256917700405818, '_a2_': 1.0, '_a3_': 1.0, '_a4_': 1.0, '_a6_': 1.0, '_a7_': 1.0}};{'d0': 0.024905832919416664};-280.569866449044;31.62114629115904
32901;-108.663786933363;(_a0_ * (x * ((x * (x + exp(_a1_))) + _a5_)));{'d0': {'_a0_': 3.3767608795875677, '_a1_': -0.47183023177923017, '_a5_': 0.5256917700405818, '_a2_': 1.0, '_a3_': 1.0, '_a4_': 1.0, '_a6_': 1.0, '_a7_': 1.0}};{'d0': 0.024905832919416664};-280.569866449044;31.62114629115904
32902;-108.663786933363;(_a0_ * (x * ((x * (x + exp(_a1_))) + _a5_)));{'d0': {'_a0_': 3.3767608795875677, '_a1_': -0.47183023177923017, '_a5_': 0.5256917700405818, '_a2_': 1.0, '_a3_': 1.0, '_a4_': 1.0, '_a6_': 1.0, '_a7_': 1.0}};{'d0': 0.024905832919416664};-280.569866449044;31.62114629115904
32903;-108.663786933363;(_a0_ * (x * ((x * (x + exp(_a1_))) + _a5_)));{'d0': {'_a0_': 3.3767608795875677, '_a1_': -0.47183023177923017, '_a5_': 0.5256917700405818, '_a2_': 1.0, '_a3_': 1.0, '_a4_': 1.0, '_a6_': 1.0, '_a7_': 1.0}};{'d0': 0.024905832919416664};-280.569866449044;31.62114629115904
32904;-108.663786933363;(_a0_ * (x * ((x * (x + exp(_a1_))) + _a5_)));{'d0': {'_a0_': 3.3767608795875677, '_a1_': -0.47183023177923017, '_a5_': 0.5256917700405818, '_a2_': 1.0, '_a3_': 1.0, '_a4_': 1.0, '_a6_': 1.0, '_a7_': 1.0}};{'d0': 0.024905832919416664};-280.569866449044;31.62114629115904
32905;-108.663786933363;(_a0_ * (x * ((x * (x + exp(_a1_))) + _a5_)));{'d0': {'_a0_': 3.3767608795875677, '_a1_': -0.47183023177923017, '_a5_': 0.5256917700405818, '_a2_': 1.0, '_a3_': 1.0, '_a4_': 1.0, '_a6_': 1.0, '_a7_': 1.0}};{'d0': 0.024905832919416664};-280.569866449044;31.62114629115904
32906;-108.663786933363;(_a0_ * (x * ((x * (x + exp(_a1_))) + _a5_)));{'d0': {'_a0_': 3.3767608795875677, '_a1_': -0.47183023177923017, '_a5_': 0.5256917700405818, '_a2_': 1.0, '_a3_': 1.0, '_a4_': 1.0, '_a6_': 1.0, '_a7_': 1.0}};{'d0': 0.024905832919416664};-280.569866449044;31.62114629115904
32907;-108.663786933363;(_a0_ * (x * ((x * (x + exp(_a1_))) + _a5_)));{'d0': {'_a0_': 3.3767608795875677, '_a1_': -0.47183023177923017, '_a5_': 0.5256917700405818, '_a2_': 1.0, '_a3_': 1.0, '_a4_': 1.0, '_a6_': 1.0, '_a7_': 1.0}};{'d0': 0.024905832919416664};-280.569866449044;31.62114629115904
32908;-108.663786933363;(_a0_ * (x * ((x * (x + exp(_a1_))) + _a5_)));{'d0': {'_a0_': 3.3767608795875677, '_a1_': -0.47183023177923017, '_a5_': 0.5256917700405818, '_a2_': 1.0, '_a3_': 1.0, '_a4_': 1.0, '_a6_': 1.0, '_a7_': 1.0}};{'d0': 0.024905832919416664};-280.569866449044;31.62114629115904
32909;-108.663786933363;(_a0_ * (x * ((x * (x + exp(_a1_))) + _a5_)));{'d0': {'_a0_': 3.3767608795875677, '_a1_': -0.47183023177923017, '_a5_': 0.5256917700405818, '_a2_': 1.0, '_a3_': 1.0, '_a4_': 1.0, '_a6_': 1.0, '_a7_': 1.0}};{'d0': 0.024905832919416664};-280.569866449044;31.62114629115904
32910;-108.663786933363;(_a0_ * (x * ((x * (x + exp(_a1_))) + _a5_)));{'d0': {'_a0_': 3.3767608795875677, '_a1_': -0.47183023177923017, '_a5_': 0.5256917700405818, '_a2_': 1.0, '_a3_': 1.0, '_a4_': 1.0, '_a6_': 1.0, '_a7_': 1.0}};{'d0': 0.024905832919416664};-280.569866449044;31.62114629115904
32911;-108.663786933363;(_a0_ * (x * ((x * (x + exp(_a1_))) + _a5_)));{'d0': {'_a0_': 3.3767608795875677, '_a1_': -0.47183023177923017, '_a5_': 0.5256917700405818, '_a2_': 1.0, '_a3_': 1.0, '_a4_': 1.0, '_a6_': 1.0, '_a7_': 1.0}};{'d0': 0.024905832919416664};-280.569866449044;31.62114629115904
32912;-108.663786933363;(_a0_ * (x * ((x * (x + exp(_a1_))) + _a5_)));{'d0': {'_a0_': 3.3767608795875677, '_a1_': -0.47183023177923017, '_a5_': 0.5256917700405818, '_a2_': 1.0, '_a3_': 1.0, '_a4_': 1.0, '_a6_': 1.0, '_a7_': 1.0}};{'d0': 0.024905832919416664};-280.569866449044;31.62114629115904
32913;-108.663786933363;(_a0_ * (x * ((x * (x + exp(_a1_))) + _a5_)));{'d0': {'_a0_': 3.3767608795875677, '_a1_': -0.47183023177923017, '_a5_': 0.5256917700405818, '_a2_': 1.0, '_a3_': 1.0, '_a4_': 1.0, '_a6_': 1.0, '_a7_': 1.0}};{'d0': 0.024905832919416664};-280.569866449044;31.62114629115904
32914;-108.663786933363;(_a0_ * (x * ((x * (x + exp(_a1_))) + _a5_)));{'d0': {'_a0_': 3.3767608795875677, '_a1_': -0.47183023177923017, '_a5_': 0.5256917700405818, '_a2_': 1.0, '_a3_': 1.0, '_a4_': 1.0, '_a6_': 1.0, '_a7_': 1.0}};{'d0': 0.024905832919416664};-280.569866449044;31.62114629115904
32915;-108.663786933363;(_a0_ * (x * ((x * (x + exp(_a1_))) + _a5_)));{'d0': {'_a0_': 3.3767608795875677, '_a1_': -0.47183023177923017, '_a5_': 0.5256917700405818, '_a2_': 1.0, '_a3_': 1.0, '_a4_': 1.0, '_a6_': 1.0, '_a7_': 1.0}};{'d0': 0.024905832919416664};-280.569866449044;31.62114629115904
32916;-108.663786933363;(_a0_ * (x * ((x * (x + exp(_a1_))) + _a5_)));{'d0': {'_a0_': 3.3767608795875677, '_a1_': -0.47183023177923017, '_a5_': 0.5256917700405818, '_a2_': 1.0, '_a3_': 1.0, '_a4_': 1.0, '_a6_': 1.0, '_a7_': 1.0}};{'d0': 0.024905832919416664};-280.569866449044;31.62114629115904
32917;-108.663786933363;(_a0_ * (x * ((x * (x + exp(_a1_))) + _a5_)));{'d0': {'_a0_': 3.3767608795875677, '_a1_': -0.47183023177923017, '_a5_': 0.5256917700405818, '_a2_': 1.0, '_a3_': 1.0, '_a4_': 1.0, '_a6_': 1.0, '_a7_': 1.0}};{'d0': 0.024905832919416664};-280.569866449044;31.62114629115904
32918;-108.663786933363;(_a0_ * (x * ((x * (x + exp(_a1_))) + _a5_)));{'d0': {'_a0_': 3.3767608795875677, '_a1_': -0.47183023177923017, '_a5_': 0.5256917700405818, '_a2_': 1.0, '_a3_': 1.0, '_a4_': 1.0, '_a6_': 1.0, '_a7_': 1.0}};{'d0': 0.024905832919416664};-280.569866449044;31.62114629115904
32919;-108.663786933363;(_a0_ * (x * ((x * (x + exp(_a1_))) + _a5_)));{'d0': {'_a0_': 3.3767608795875677, '_a1_': -0.47183023177923017, '_a5_': 0.5256917700405818, '_a2_': 1.0, '_a3_': 1.0, '_a4_': 1.0, '_a6_': 1.0, '_a7_': 1.0}};{'d0': 0.024905832919416664};-280.569866449044;31.62114629115904
32920;-108.663786933363;(_a0_ * (x * ((x * (x + exp(_a1_))) + _a5_)));{'d0': {'_a0_': 3.3767608795875677, '_a1_': -0.47183023177923017, '_a5_': 0.5256917700405818, '_a2_': 1.0, '_a3_': 1.0, '_a4_': 1.0, '_a6_': 1.0, '_a7_': 1.0}};{'d0': 0.024905832919416664};-280.569866449044;31.62114629115904
32921;-108.663786933363;(_a0_ * (x * ((x * (x + exp(_a1_))) + _a5_)));{'d0': {'_a0_': 3.3767608795875677, '_a1_': -0.47183023177923017, '_a5_': 0.5256917700405818, '_a2_': 1.0, '_a3_': 1.0, '_a4_': 1.0, '_a6_': 1.0, '_a7_': 1.0}};{'d0': 0.024905832919416664};-280.569866449044;31.62114629115904
32922;-108.663786933363;(_a0_ * (x * ((x * (x + exp(_a1_))) + _a5_)));{'d0': {'_a0_': 3.3767608795875677, '_a1_': -0.47183023177923017, '_a5_': 0.5256917700405818, '_a2_': 1.0, '_a3_': 1.0, '_a4_': 1.0, '_a6_': 1.0, '_a7_': 1.0}};{'d0': 0.024905832919416664};-280.569866449044;31.62114629115904
32923;-108.663786933363;(_a0_ * (x * ((x * (x + exp(_a1_))) + _a5_)));{'d0': {'_a0_': 3.3767608795875677, '_a1_': -0.47183023177923017, '_a5_': 0.5256917700405818, '_a2_': 1.0, '_a3_': 1.0, '_a4_': 1.0, '_a6_': 1.0, '_a7_': 1.0}};{'d0': 0.024905832919416664};-280.569866449044;31.62114629115904
32924;-108.663786933363;(_a0_ * (x * ((x * (x + exp(_a1_))) + _a5_)));{'d0': {'_a0_': 3.3767608795875677, '_a1_': -0.47183023177923017, '_a5_': 0.5256917700405818, '_a2_': 1.0, '_a3_': 1.0, '_a4_': 1.0, '_a6_': 1.0, '_a7_': 1.0}};{'d0': 0.024905832919416664};-280.569866449044;31.62114629115904
32925;-108.663786933363;(_a0_ * (x * ((x * (x + exp(_a1_))) + _a5_)));{'d0': {'_a0_': 3.3767608795875677, '_a1_': -0.47183023177923017, '_a5_': 0.5256917700405818, '_a2_': 1.0, '_a3_': 1.0, '_a4_': 1.0, '_a6_': 1.0, '_a7_': 1.0}};{'d0': 0.024905832919416664};-280.569866449044;31.62114629115904
32926;-108.663786933363;(_a0_ * (x * ((x * (x + exp(_a1_))) + _a5_)));{'d0': {'_a0_': 3.3767608795875677, '_a1_': -0.47183023177923017, '_a5_': 0.5256917700405818, '_a2_': 1.0, '_a3_': 1.0, '_a4_': 1.0, '_a6_': 1.0, '_a7_': 1.0}};{'d0': 0.024905832919416664};-280.569866449044;31.62114629115904
32927;-108.663786933363;(_a0_ * (x * ((x * (x + exp(_a1_))) + _a5_)));{'d0': {'_a0_': 3.3767608795875677, '_a1_': -0.47183023177923017, '_a5_': 0.5256917700405818, '_a2_': 1.0, '_a3_': 1.0, '_a4_': 1.0, '_a6_': 1.0, '_a7_': 1.0}};{'d0': 0.024905832919416664};-280.569866449044;31.62114629115904
32928;-108.663786933363;(_a0_ * (x * ((x * (x + exp(_a1_))) + _a5_)));{'d0': {'_a0_': 3.3767608795875677, '_a1_': -0.47183023177923017, '_a5_': 0.5256917700405818, '_a2_': 1.0, '_a3_': 1.0, '_a4_': 1.0, '_a6_': 1.0, '_a7_': 1.0}};{'d0': 0.024905832919416664};-280.569866449044;31.62114629115904
32929;-108.663786933363;(_a0_ * (x * ((x * (x + exp(_a1_))) + _a5_)));{'d0': {'_a0_': 3.3767608795875677, '_a1_': -0.47183023177923017, '_a5_': 0.5256917700405818, '_a2_': 1.0, '_a3_': 1.0, '_a4_': 1.0, '_a6_': 1.0, '_a7_': 1.0}};{'d0': 0.024905832919416664};-280.569866449044;31.62114629115904
32930;-108.663786933363;(_a0_ * (x * ((x * (x + exp(_a1_))) + _a5_)));{'d0': {'_a0_': 3.3767608795875677, '_a1_': -0.47183023177923017, '_a5_': 0.5256917700405818, '_a2_': 1.0, '_a3_': 1.0, '_a4_': 1.0, '_a6_': 1.0, '_a7_': 1.0}};{'d0': 0.024905832919416664};-280.569866449044;31.62114629115904
32931;-108.663786933363;(_a0_ * (x * ((x * (x + exp(_a1_))) + _a5_)));{'d0': {'_a0_': 3.3767608795875677, '_a1_': -0.47183023177923017, '_a5_': 0.5256917700405818, '_a2_': 1.0, '_a3_': 1.0, '_a4_': 1.0, '_a6_': 1.0, '_a7_': 1.0}};{'d0': 0.024905832919416664};-280.569866449044;31.62114629115904
32932;-108.663786933363;(_a0_ * (x * ((x * (x + exp(_a1_))) + _a5_)));{'d0': {'_a0_': 3.3767608795875677, '_a1_': -0.47183023177923017, '_a5_': 0.5256917700405818, '_a2_': 1.0, '_a3_': 1.0, '_a4_': 1.0, '_a6_': 1.0, '_a7_': 1.0}};{'d0': 0.024905832919416664};-280.569866449044;31.62114629115904
32933;-108.663786933363;(_a0_ * (x * ((x * (x + exp(_a1_))) + _a5_)));{'d0': {'_a0_': 3.3767608795875677, '_a1_': -0.47183023177923017, '_a5_': 0.5256917700405818, '_a2_': 1.0, '_a3_': 1.0, '_a4_': 1.0, '_a6_': 1.0, '_a7_': 1.0}};{'d0': 0.024905832919416664};-280.569866449044;31.62114629115904
32934;-108.663786933363;(_a0_ * (x * ((x * (x + exp(_a1_))) + _a5_)));{'d0': {'_a0_': 3.3767608795875677, '_a1_': -0.47183023177923017, '_a5_': 0.5256917700405818, '_a2_': 1.0, '_a3_': 1.0, '_a4_': 1.0, '_a6_': 1.0, '_a7_': 1.0}};{'d0': 0.024905832919416664};-280.569866449044;31.62114629115904
32935;-108.663786933363;(_a0_ * (x * ((x * (x + exp(_a1_))) + _a5_)));{'d0': {'_a0_': 3.3767608795875677, '_a1_': -0.47183023177923017, '_a5_': 0.5256917700405818, '_a2_': 1.0, '_a3_': 1.0, '_a4_': 1.0, '_a6_': 1.0, '_a7_': 1.0}};{'d0': 0.024905832919416664};-280.569866449044;31.62114629115904
32936;-108.663786933363;(_a0_ * (x * ((x * (x + exp(_a1_))) + _a5_)));{'d0': {'_a0_': 3.3767608795875677, '_a1_': -0.47183023177923017, '_a5_': 0.5256917700405818, '_a2_': 1.0, '_a3_': 1.0, '_a4_': 1.0, '_a6_': 1.0, '_a7_': 1.0}};{'d0': 0.024905832919416664};-280.569866449044;31.62114629115904
32937;-96.8951283567053;(x * (_a0_ + pow2((((_a3_ + (_a5_ + x)) / pow3(_a0_)) * _a5_))));{'d0': {'_a0_': 1.4465760891247372, '_a3_': 5.874480639507499, '_a5_': -5.562550932403423, '_a1_': 1.0, '_a2_': 1.0, '_a4_': 1.0, '_a6_': 1.0, '_a7_': 1.0}};{'d0': 0.02490583291941665};-280.569866449044;43.38980486781632
32938;-96.8951283567053;(x * (_a0_ + pow2((((_a3_ + (_a5_ + x)) / pow3(_a0_)) * _a5_))));{'d0': {'_a0_': 1.4465760891247372, '_a3_': 5.874480639507499, '_a5_': -5.562550932403423, '_a1_': 1.0, '_a2_': 1.0, '_a4_': 1.0, '_a6_': 1.0, '_a7_': 1.0}};{'d0': 0.02490583291941665};-280.569866449044;43.38980486781632
32939;-96.8951283567053;(x * (_a0_ + pow2((((_a3_ + (_a5_ + x)) / pow3(_a0_)) * _a5_))));{'d0': {'_a0_': 1.4465760891247372, '_a3_': 5.874480639507499, '_a5_': -5.562550932403423, '_a1_': 1.0, '_a2_': 1.0, '_a4_': 1.0, '_a6_': 1.0, '_a7_': 1.0}};{'d0': 0.02490583291941665};-280.569866449044;43.38980486781632
32940;-96.8951283567053;(x * (_a0_ + pow2((((_a3_ + (_a5_ + x)) / pow3(_a0_)) * _a5_))));{'d0': {'_a0_': 1.4465760891247372, '_a3_': 5.874480639507499, '_a5_': -5.562550932403423, '_a1_': 1.0, '_a2_': 1.0, '_a4_': 1.0, '_a6_': 1.0, '_a7_': 1.0}};{'d0': 0.02490583291941665};-280.569866449044;43.38980486781632
32941;-96.8951283567053;(x * (_a0_ + pow2((((_a3_ + (_a5_ + x)) / pow3(_a0_)) * _a5_))));{'d0': {'_a0_': 1.4465760891247372, '_a3_': 5.874480639507499, '_a5_': -5.562550932403423, '_a1_': 1.0, '_a2_': 1.0, '_a4_': 1.0, '_a6_': 1.0, '_a7_': 1.0}};{'d0': 0.02490583291941665};-280.569866449044;43.38980486781632
32942;-96.8951283567053;(x * (_a0_ + pow2((((_a3_ + (_a5_ + x)) / pow3(_a0_)) * _a5_))));{'d0': {'_a0_': 1.4465760891247372, '_a3_': 5.874480639507499, '_a5_': -5.562550932403423, '_a1_': 1.0, '_a2_': 1.0, '_a4_': 1.0, '_a6_': 1.0, '_a7_': 1.0}};{'d0': 0.02490583291941665};-280.569866449044;43.38980486781632
32943;-96.8951283567053;(x * (_a0_ + pow2((((_a3_ + (_a5_ + x)) / pow3(_a0_)) * _a5_))));{'d0': {'_a0_': 1.4465760891247372, '_a3_': 5.874480639507499, '_a5_': -5.562550932403423, '_a1_': 1.0, '_a2_': 1.0, '_a4_': 1.0, '_a6_': 1.0, '_a7_': 1.0}};{'d0': 0.02490583291941665};-280.569866449044;43.38980486781632
32944;-96.8951283567053;(x * (_a0_ + pow2((((_a3_ + (_a5_ + x)) / pow3(_a0_)) * _a5_))));{'d0': {'_a0_': 1.4465760891247372, '_a3_': 5.874480639507499, '_a5_': -5.562550932403423, '_a1_': 1.0, '_a2_': 1.0, '_a4_': 1.0, '_a6_': 1.0, '_a7_': 1.0}};{'d0': 0.02490583291941665};-280.569866449044;43.38980486781632
32945;-96.8951283567053;(x * (_a0_ + pow2((((_a3_ + (_a5_ + x)) / pow3(_a0_)) * _a5_))));{'d0': {'_a0_': 1.4465760891247372, '_a3_': 5.874480639507499, '_a5_': -5.562550932403423, '_a1_': 1.0, '_a2_': 1.0, '_a4_': 1.0, '_a6_': 1.0, '_a7_': 1.0}};{'d0': 0.02490583291941665};-280.569866449044;43.38980486781632
32946;-96.8951283567053;(x * (_a0_ + pow2((((_a3_ + (_a5_ + x)) / pow3(_a0_)) * _a5_))));{'d0': {'_a0_': 1.4465760891247372, '_a3_': 5.874480639507499, '_a5_': -5.562550932403423, '_a1_': 1.0, '_a2_': 1.0, '_a4_': 1.0, '_a6_': 1.0, '_a7_': 1.0}};{'d0': 0.02490583291941665};-280.569866449044;43.38980486781632
32947;-96.8951283567053;(x * (_a0_ + pow2((((_a3_ + (_a5_ + x)) / pow3(_a0_)) * _a5_))));{'d0': {'_a0_': 1.4465760891247372, '_a3_': 5.874480639507499, '_a5_': -5.562550932403423, '_a1_': 1.0, '_a2_': 1.0, '_a4_': 1.0, '_a6_': 1.0, '_a7_': 1.0}};{'d0': 0.02490583291941665};-280.569866449044;43.38980486781632
32948;-96.8951283567053;(x * (_a0_ + pow2((((_a3_ + (_a5_ + x)) / pow3(_a0_)) * _a5_))));{'d0': {'_a0_': 1.4465760891247372, '_a3_': 5.874480639507499, '_a5_': -5.562550932403423, '_a1_': 1.0, '_a2_': 1.0, '_a4_': 1.0, '_a6_': 1.0, '_a7_': 1.0}};{'d0': 0.02490583291941665};-280.569866449044;43.38980486781632
32949;-96.8951283567053;(x * (_a0_ + pow2((((_a3_ + (_a5_ + x)) / pow3(_a0_)) * _a5_))));{'d0': {'_a0_': 1.4465760891247372, '_a3_': 5.874480639507499, '_a5_': -5.562550932403423, '_a1_': 1.0, '_a2_': 1.0, '_a4_': 1.0, '_a6_': 1.0, '_a7_': 1.0}};{'d0': 0.02490583291941665};-280.569866449044;43.38980486781632
32950;-96.8951283567053;(x * (_a0_ + pow2((((_a3_ + (_a5_ + x)) / pow3(_a0_)) * _a5_))));{'d0': {'_a0_': 1.4465760891247372, '_a3_': 5.874480639507499, '_a5_': -5.562550932403423, '_a1_': 1.0, '_a2_': 1.0, '_a4_': 1.0, '_a6_': 1.0, '_a7_': 1.0}};{'d0': 0.02490583291941665};-280.569866449044;43.38980486781632
32951;-96.8951283567053;(x * (_a0_ + pow2((((_a3_ + (_a5_ + x)) / pow3(_a0_)) * _a5_))));{'d0': {'_a0_': 1.4465760891247372, '_a3_': 5.874480639507499, '_a5_': -5.562550932403423, '_a1_': 1.0, '_a2_': 1.0, '_a4_': 1.0, '_a6_': 1.0, '_a7_': 1.0}};{'d0': 0.02490583291941665};-280.569866449044;43.38980486781632
32952;-96.8951283567053;(x * (_a0_ + pow2((((_a3_ + (_a5_ + x)) / pow3(_a0_)) * _a5_))));{'d0': {'_a0_': 1.4465760891247372, '_a3_': 5.874480639507499, '_a5_': -5.562550932403423, '_a1_': 1.0, '_a2_': 1.0, '_a4_': 1.0, '_a6_': 1.0, '_a7_': 1.0}};{'d0': 0.02490583291941665};-280.569866449044;43.38980486781632
32953;-96.8951283567053;(x * (_a0_ + pow2((((_a3_ + (_a5_ + x)) / pow3(_a0_)) * _a5_))));{'d0': {'_a0_': 1.4465760891247372, '_a3_': 5.874480639507499, '_a5_': -5.562550932403423, '_a1_': 1.0, '_a2_': 1.0, '_a4_': 1.0, '_a6_': 1.0, '_a7_': 1.0}};{'d0': 0.02490583291941665};-280.569866449044;43.38980486781632
32954;-96.8951283567053;(x * (_a0_ + pow2((((_a3_ + (_a5_ + x)) / pow3(_a0_)) * _a5_))));{'d0': {'_a0_': 1.4465760891247372, '_a3_': 5.874480639507499, '_a5_': -5.562550932403423, '_a1_': 1.0, '_a2_': 1.0, '_a4_': 1.0, '_a6_': 1.0, '_a7_': 1.0}};{'d0': 0.02490583291941665};-280.569866449044;43.38980486781632
32955;-96.8951283567053;(x * (_a0_ + pow2((((_a3_ + (_a5_ + x)) / pow3(_a0_)) * _a5_))));{'d0': {'_a0_': 1.4465760891247372, '_a3_': 5.874480639507499, '_a5_': -5.562550932403423, '_a1_': 1.0, '_a2_': 1.0, '_a4_': 1.0, '_a6_': 1.0, '_a7_': 1.0}};{'d0': 0.02490583291941665};-280.569866449044;43.38980486781632
32956;-96.8951283567053;(x * (_a0_ + pow2((((_a3_ + (_a5_ + x)) / pow3(_a0_)) * _a5_))));{'d0': {'_a0_': 1.4465760891247372, '_a3_': 5.874480639507499, '_a5_': -5.562550932403423, '_a1_': 1.0, '_a2_': 1.0, '_a4_': 1.0, '_a6_': 1.0, '_a7_': 1.0}};{'d0': 0.02490583291941665};-280.569866449044;43.38980486781632
32957;-94.5166832122247;(x * (_a0_ + pow2((((_a3_ + (_a5_ + x)) / (_a6_ * _a7_)) * _a5_))));{'d0': {'_a0_': 1.4465760896183781, '_a3_': -604.7141247351962, '_a5_': 605.0260544429782, '_a6_': 16.36113320656552, '_a7_': 20.123820212112555, '_a1_': 1.0, '_a2_': 1.0, '_a4_': 1.0}};{'d0': 0.02490583292401056};-272.381177313532;41.673905444541326
32958;-94.5166832122247;(x * (_a0_ + pow2((((_a3_ + (_a5_ + x)) / (_a6_ * _a7_)) * _a5_))));{'d0': {'_a0_': 1.4465760896183781, '_a3_': -604.7141247351962, '_a5_': 605.0260544429782, '_a6_': 16.36113320656552, '_a7_': 20.123820212112555, '_a1_': 1.0, '_a2_': 1.0, '_a4_': 1.0}};{'d0': 0.02490583292401056};-272.381177313532;41.673905444541326
32959;-97.7429035647769;(x * (_a0_ + pow2((((_a3_ + (_a5_ + x)) / pow2(_a1_)) * _a5_))));{'d0': {'_a0_': 1.4465757094862775, '_a1_': -104.34882491932528, '_a3_': 20009.299682940386, '_a5_': -20008.987754054444, '_a2_': 1.0, '_a4_': 1.0, '_a6_': 1.0, '_a7_': 1.0}};{'d0': 0.024905833002948633};-276.475521685587;40.494857278016326
32960;-97.7429035647769;(x * (_a0_ + pow2((((_a3_ + (_a5_ + x)) / pow2(_a1_)) * _a5_))));{'d0': {'_a0_': 1.4465757094862775, '_a1_': -104.34882491932528, '_a3_': 20009.299682940386, '_a5_': -20008.987754054444, '_a2_': 1.0, '_a4_': 1.0, '_a6_': 1.0, '_a7_': 1.0}};{'d0': 0.024905833002948633};-276.475521685587;40.494857278016326
32961;-97.7429035647769;(x * (_a0_ + pow2((((_a3_ + (_a5_ + x)) / pow2(_a1_)) * _a5_))));{'d0': {'_a0_': 1.4465757094862775, '_a1_': -104.34882491932528, '_a3_': 20009.299682940386, '_a5_': -20008.987754054444, '_a2_': 1.0, '_a4_': 1.0, '_a6_': 1.0, '_a7_': 1.0}};{'d0': 0.024905833002948633};-276.475521685587;40.494857278016326
32962;-97.7429035647769;(x * (_a0_ + pow2((((_a3_ + (_a5_ + x)) / pow2(_a1_)) * _a5_))));{'d0': {'_a0_': 1.4465757094862775, '_a1_': -104.34882491932528, '_a3_': 20009.299682940386, '_a5_': -20008.987754054444, '_a2_': 1.0, '_a4_': 1.0, '_a6_': 1.0, '_a7_': 1.0}};{'d0': 0.024905833002948633};-276.475521685587;40.494857278016326
32963;-97.7429035647769;(x * (_a0_ + pow2((((_a3_ + (_a5_ + x)) / pow2(_a1_)) * _a5_))));{'d0': {'_a0_': 1.4465757094862775, '_a1_': -104.34882491932528, '_a3_': 20009.299682940386, '_a5_': -20008.987754054444, '_a2_': 1.0, '_a4_': 1.0, '_a6_': 1.0, '_a7_': 1.0}};{'d0': 0.024905833002948633};-276.475521685587;40.494857278016326
32964;-97.7429035647769;(x * (_a0_ + pow2((((_a3_ + (_a5_ + x)) / pow2(_a1_)) * _a5_))));{'d0': {'_a0_': 1.4465757094862775, '_a1_': -104.34882491932528, '_a3_': 20009.299682940386, '_a5_': -20008.987754054444, '_a2_': 1.0, '_a4_': 1.0, '_a6_': 1.0, '_a7_': 1.0}};{'d0': 0.024905833002948633};-276.475521685587;40.494857278016326
32965;-97.7429035647769;(x * (_a0_ + pow2((((_a3_ + (_a5_ + x)) / pow2(_a1_)) * _a5_))));{'d0': {'_a0_': 1.4465757094862775, '_a1_': -104.34882491932528, '_a3_': 20009.299682940386, '_a5_': -20008.987754054444, '_a2_': 1.0, '_a4_': 1.0, '_a6_': 1.0, '_a7_': 1.0}};{'d0': 0.024905833002948633};-276.475521685587;40.494857278016326
32966;-97.7429035647769;(x * (_a0_ + pow2((((_a3_ + (_a5_ + x)) / pow2(_a1_)) * _a5_))));{'d0': {'_a0_': 1.4465757094862775, '_a1_': -104.34882491932528, '_a3_': 20009.299682940386, '_a5_': -20008.987754054444, '_a2_': 1.0, '_a4_': 1.0, '_a6_': 1.0, '_a7_': 1.0}};{'d0': 0.024905833002948633};-276.475521685587;40.494857278016326
32967;-97.7429035647769;(x * (_a0_ + pow2((((_a3_ + (_a5_ + x)) / pow2(_a1_)) * _a5_))));{'d0': {'_a0_': 1.4465757094862775, '_a1_': -104.34882491932528, '_a3_': 20009.299682940386, '_a5_': -20008.987754054444, '_a2_': 1.0, '_a4_': 1.0, '_a6_': 1.0, '_a7_': 1.0}};{'d0': 0.024905833002948633};-276.475521685587;40.494857278016326
32968;-97.7429035647769;(x * (_a0_ + pow2((((_a3_ + (_a5_ + x)) / pow2(_a1_)) * _a5_))));{'d0': {'_a0_': 1.4465757094862775, '_a1_': -104.34882491932528, '_a3_': 20009.299682940386, '_a5_': -20008.987754054444, '_a2_': 1.0, '_a4_': 1.0, '_a6_': 1.0, '_a7_': 1.0}};{'d0': 0.024905833002948633};-276.475521685587;40.494857278016326
32969;-97.7429035647769;(x * (_a0_ + pow2((((_a3_ + (_a5_ + x)) / pow2(_a1_)) * _a5_))));{'d0': {'_a0_': 1.4465757094862775, '_a1_': -104.34882491932528, '_a3_': 20009.299682940386, '_a5_': -20008.987754054444, '_a2_': 1.0, '_a4_': 1.0, '_a6_': 1.0, '_a7_': 1.0}};{'d0': 0.024905833002948633};-276.475521685587;40.494857278016326
32970;-97.7429035647769;(x * (_a0_ + pow2((((_a3_ + (_a5_ + x)) / pow2(_a1_)) * _a5_))));{'d0': {'_a0_': 1.4465757094862775, '_a1_': -104.34882491932528, '_a3_': 20009.299682940386, '_a5_': -20008.987754054444, '_a2_': 1.0, '_a4_': 1.0, '_a6_': 1.0, '_a7_': 1.0}};{'d0': 0.024905833002948633};-276.475521685587;40.494857278016326
32971;-103.663504711734;(x * (_a0_ + pow2((((_a3_ + x) / pow2(_a1_)) * _a5_))));{'d0': {'_a0_': 1.4465760894246549, '_a1_': -209.26462080680025, '_a3_': 0.3119297077818179, '_a5_': 80471.42570246087, '_a2_': 1.0, '_a4_': 1.0, '_a6_': 1.0, '_a7_': 1.0}};{'d0': 0.02490583292165042};-276.475521881440;34.57425622898633
32972;-103.663504711734;(x * (_a0_ + pow2((((_a3_ + x) / pow2(_a1_)) * _a5_))));{'d0': {'_a0_': 1.4465760894246549, '_a1_': -209.26462080680025, '_a3_': 0.3119297077818179, '_a5_': 80471.42570246087, '_a2_': 1.0, '_a4_': 1.0, '_a6_': 1.0, '_a7_': 1.0}};{'d0': 0.02490583292165042};-276.475521881440;34.57425622898633
32973;-103.663504711734;(x * (_a0_ + pow2((((_a3_ + x) / pow2(_a1_)) * _a5_))));{'d0': {'_a0_': 1.4465760894246549, '_a1_': -209.26462080680025, '_a3_': 0.3119297077818179, '_a5_': 80471.42570246087, '_a2_': 1.0, '_a4_': 1.0, '_a6_': 1.0, '_a7_': 1.0}};{'d0': 0.02490583292165042};-276.475521881440;34.57425622898633
32974;-103.663504711734;(x * (_a0_ + pow2((((_a3_ + x) / pow2(_a1_)) * _a5_))));{'d0': {'_a0_': 1.4465760894246549, '_a1_': -209.26462080680025, '_a3_': 0.3119297077818179, '_a5_': 80471.42570246087, '_a2_': 1.0, '_a4_': 1.0, '_a6_': 1.0, '_a7_': 1.0}};{'d0': 0.02490583292165042};-276.475521881440;34.57425622898633
32975;-103.663504711734;(x * (_a0_ + pow2((((_a3_ + x) / pow2(_a1_)) * _a5_))));{'d0': {'_a0_': 1.4465760894246549, '_a1_': -209.26462080680025, '_a3_': 0.3119297077818179, '_a5_': 80471.42570246087, '_a2_': 1.0, '_a4_': 1.0, '_a6_': 1.0, '_a7_': 1.0}};{'d0': 0.02490583292165042};-276.475521881440;34.57425622898633
32976;-103.663504711734;(x * (_a0_ + pow2((((_a3_ + x) / pow2(_a1_)) * _a5_))));{'d0': {'_a0_': 1.4465760894246549, '_a1_': -209.26462080680025, '_a3_': 0.3119297077818179, '_a5_': 80471.42570246087, '_a2_': 1.0, '_a4_': 1.0, '_a6_': 1.0, '_a7_': 1.0}};{'d0': 0.02490583292165042};-276.475521881440;34.57425622898633
32977;-103.663504711734;(x * (_a0_ + pow2((((_a3_ + x) / pow2(_a1_)) * _a5_))));{'d0': {'_a0_': 1.4465760894246549, '_a1_': -209.26462080680025, '_a3_': 0.3119297077818179, '_a5_': 80471.42570246087, '_a2_': 1.0, '_a4_': 1.0, '_a6_': 1.0, '_a7_': 1.0}};{'d0': 0.02490583292165042};-276.475521881440;34.57425622898633
32978;-103.663504711734;(x * (_a0_ + pow2((((_a3_ + x) / pow2(_a1_)) * _a5_))));{'d0': {'_a0_': 1.4465760894246549, '_a1_': -209.26462080680025, '_a3_': 0.3119297077818179, '_a5_': 80471.42570246087, '_a2_': 1.0, '_a4_': 1.0, '_a6_': 1.0, '_a7_': 1.0}};{'d0': 0.02490583292165042};-276.475521881440;34.57425622898633
32979;-103.663504711734;(x * (_a0_ + pow2((((_a3_ + x) / pow2(_a1_)) * _a5_))));{'d0': {'_a0_': 1.4465760894246549, '_a1_': -209.26462080680025, '_a3_': 0.3119297077818179, '_a5_': 80471.42570246087, '_a2_': 1.0, '_a4_': 1.0, '_a6_': 1.0, '_a7_': 1.0}};{'d0': 0.02490583292165042};-276.475521881440;34.57425622898633
32980;-103.663504711734;(x * (_a0_ + pow2((((_a3_ + x) / pow2(_a1_)) * _a5_))));{'d0': {'_a0_': 1.4465760894246549, '_a1_': -209.26462080680025, '_a3_': 0.3119297077818179, '_a5_': 80471.42570246087, '_a2_': 1.0, '_a4_': 1.0, '_a6_': 1.0, '_a7_': 1.0}};{'d0': 0.02490583292165042};-276.475521881440;34.57425622898633
32981;-103.663504711734;(x * (_a0_ + pow2((((_a3_ + x) / pow2(_a1_)) * _a5_))));{'d0': {'_a0_': 1.4465760894246549, '_a1_': -209.26462080680025, '_a3_': 0.3119297077818179, '_a5_': 80471.42570246087, '_a2_': 1.0, '_a4_': 1.0, '_a6_': 1.0, '_a7_': 1.0}};{'d0': 0.02490583292165042};-276.475521881440;34.57425622898633
32982;-103.663504711734;(x * (_a0_ + pow2((((_a3_ + x) / pow2(_a1_)) * _a5_))));{'d0': {'_a0_': 1.4465760894246549, '_a1_': -209.26462080680025, '_a3_': 0.3119297077818179, '_a5_': 80471.42570246087, '_a2_': 1.0, '_a4_': 1.0, '_a6_': 1.0, '_a7_': 1.0}};{'d0': 0.02490583292165042};-276.475521881440;34.57425622898633
32983;-103.663504711734;(x * (_a0_ + pow2((((_a3_ + x) / pow2(_a1_)) * _a5_))));{'d0': {'_a0_': 1.4465760894246549, '_a1_': -209.26462080680025, '_a3_': 0.3119297077818179, '_a5_': 80471.42570246087, '_a2_': 1.0, '_a4_': 1.0, '_a6_': 1.0, '_a7_': 1.0}};{'d0': 0.02490583292165042};-276.475521881440;34.57425622898633
32984;-103.663504711734;(x * (_a0_ + pow2((((_a3_ + x) / pow2(_a1_)) * _a5_))));{'d0': {'_a0_': 1.4465760894246549, '_a1_': -209.26462080680025, '_a3_': 0.3119297077818179, '_a5_': 80471.42570246087, '_a2_': 1.0, '_a4_': 1.0, '_a6_': 1.0, '_a7_': 1.0}};{'d0': 0.02490583292165042};-276.475521881440;34.57425622898633
32985;-103.663504711734;(x * (_a0_ + pow2((((_a3_ + x) / pow2(_a1_)) * _a5_))));{'d0': {'_a0_': 1.4465760894246549, '_a1_': -209.26462080680025, '_a3_': 0.3119297077818179, '_a5_': 80471.42570246087, '_a2_': 1.0, '_a4_': 1.0, '_a6_': 1.0, '_a7_': 1.0}};{'d0': 0.02490583292165042};-276.475521881440;34.57425622898633
32986;-84.5456460804531;(((pow2((_a7_ * (_a7_ + (x + _a6_)))) + ((_a2_ / _a4_) * _a7_)) * _a0_) * (_a0_ * x));{'d0': {'_a0_': 0.903627957151675, '_a2_': -319.0967493024181, '_a4_': -366.2864689657694, '_a6_': -1.7216466629859286, '_a7_': 2.0335763707752283, '_a1_': 1.0, '_a3_': 1.0, '_a5_': 1.0}};{'d0': 0.024905832919474107};-272.381177324461;51.644942581777386
32987;-84.5456460804531;(((pow2((_a7_ * (_a7_ + (x + _a6_)))) + ((_a2_ / _a4_) * _a7_)) * _a0_) * (_a0_ * x));{'d0': {'_a0_': 0.903627957151675, '_a2_': -319.0967493024181, '_a4_': -366.2864689657694, '_a6_': -1.7216466629859286, '_a7_': 2.0335763707752283, '_a1_': 1.0, '_a3_': 1.0, '_a5_': 1.0}};{'d0': 0.024905832919474107};-272.381177324461;51.644942581777386
32988;-84.5456460804531;(((pow2((_a7_ * (_a7_ + (x + _a6_)))) + ((_a2_ / _a4_) * _a7_)) * _a0_) * (_a0_ * x));{'d0': {'_a0_': 0.903627957151675, '_a2_': -319.0967493024181, '_a4_': -366.2864689657694, '_a6_': -1.7216466629859286, '_a7_': 2.0335763707752283, '_a1_': 1.0, '_a3_': 1.0, '_a5_': 1.0}};{'d0': 0.024905832919474107};-272.381177324461;51.644942581777386
32989;-80.6722173119799;(((pow2((_a7_ * (_a7_ + (x + (x + _a0_))))) + ((_a2_ / _a4_) * _a7_)) * _a0_) * (_a0_ * x));{'d0': {'_a0_': 1.319946766155572, '_a2_': -732193.4242861157, '_a4_': 613848.3063920448, '_a7_': -0.6960873510156735, '_a1_': 1.0, '_a3_': 1.0, '_a5_': 1.0, '_a6_': 1.0}};{'d0': 0.024905832919934253};-276.475521885574;57.56554363080738
32990;-80.6722173119799;(((pow2((_a7_ * (_a7_ + (x + (x + _a0_))))) + ((_a2_ / _a4_) * _a7_)) * _a0_) * (_a0_ * x));{'d0': {'_a0_': 1.319946766155572, '_a2_': -732193.4242861157, '_a4_': 613848.3063920448, '_a7_': -0.6960873510156735, '_a1_': 1.0, '_a3_': 1.0, '_a5_': 1.0, '_a6_': 1.0}};{'d0': 0.024905832919934253};-276.475521885574;57.56554363080738
32991;-80.6722173119799;(((pow2((_a7_ * (_a7_ + (x + (x + _a0_))))) + ((_a2_ / _a4_) * _a7_)) * _a0_) * (_a0_ * x));{'d0': {'_a0_': 1.319946766155572, '_a2_': -732193.4242861157, '_a4_': 613848.3063920448, '_a7_': -0.6960873510156735, '_a1_': 1.0, '_a3_': 1.0, '_a5_': 1.0, '_a6_': 1.0}};{'d0': 0.024905832919934253};-276.475521885574;57.56554363080738
32992;-103.663504711734;(x * (_a0_ + pow2((((_a3_ + x) / pow2(_a1_)) * _a5_))));{'d0': {'_a0_': 1.4465760894246549, '_a1_': -209.26462080680025, '_a3_': 0.3119297077818179, '_a5_': 80471.42570246087, '_a2_': 1.0, '_a4_': 1.0, '_a6_': 1.0, '_a7_': 1.0}};{'d0': 0.02490583292165042};-276.475521881440;34.57425622898633
32993;-103.663504711734;(x * (_a0_ + pow2((((_a3_ + x) / pow2(_a1_)) * _a5_))));{'d0': {'_a0_': 1.4465760894246549, '_a1_': -209.26462080680025, '_a3_': 0.3119297077818179, '_a5_': 80471.42570246087, '_a2_': 1.0, '_a4_': 1.0, '_a6_': 1.0, '_a7_': 1.0}};{'d0': 0.02490583292165042};-276.475521881440;34.57425622898633
32994;-78.6250450296966;(((pow2((_a7_ * (_a7_ + (x + (_a6_ + _a0_))))) + ((_a2_ / _a4_) * _a7_)) * _a0_) * (_a0_ * x));{'d0': {'_a0_': 2.080324343755043, '_a2_': -471175.07306381984, '_a4_': 1245151.6516917532, '_a6_': -0.8850725876728391, '_a7_': -0.8833220483086803, '_a1_': 1.0, '_a3_': 1.0, '_a5_': 1.0}};{'d0': 0.02490583292090741};-272.381177321008;57.56554363080738
32995;-78.6250450296966;(((pow2((_a7_ * (_a7_ + (x + (_a6_ + _a0_))))) + ((_a2_ / _a4_) * _a7_)) * _a0_) * (_a0_ * x));{'d0': {'_a0_': 2.080324343755043, '_a2_': -471175.07306381984, '_a4_': 1245151.6516917532, '_a6_': -0.8850725876728391, '_a7_': -0.8833220483086803, '_a1_': 1.0, '_a3_': 1.0, '_a5_': 1.0}};{'d0': 0.02490583292090741};-272.381177321008;57.56554363080738
32996;-78.6250450296966;(((pow2((_a7_ * (_a7_ + (x + (_a6_ + _a0_))))) + ((_a2_ / _a4_) * _a7_)) * _a0_) * (_a0_ * x));{'d0': {'_a0_': 2.080324343755043, '_a2_': -471175.07306381984, '_a4_': 1245151.6516917532, '_a6_': -0.8850725876728391, '_a7_': -0.8833220483086803, '_a1_': 1.0, '_a3_': 1.0, '_a5_': 1.0}};{'d0': 0.02490583292090741};-272.381177321008;57.56554363080738
32997;-78.6250450296966;(((pow2((_a7_ * (_a7_ + (x + (_a6_ + _a0_))))) + ((_a2_ / _a4_) * _a7_)) * _a0_) * (_a0_ * x));{'d0': {'_a0_': 2.080324343755043, '_a2_': -471175.07306381984, '_a4_': 1245151.6516917532, '_a6_': -0.8850725876728391, '_a7_': -0.8833220483086803, '_a1_': 1.0, '_a3_': 1.0, '_a5_': 1.0}};{'d0': 0.02490583292090741};-272.381177321008;57.56554363080738
32998;-78.6250450296966;(((pow2((_a7_ * (_a7_ + (x + (_a6_ + _a0_))))) + ((_a2_ / _a4_) * _a7_)) * _a0_) * (_a0_ * x));{'d0': {'_a0_': 2.080324343755043, '_a2_': -471175.07306381984, '_a4_': 1245151.6516917532, '_a6_': -0.8850725876728391, '_a7_': -0.8833220483086803, '_a1_': 1.0, '_a3_': 1.0, '_a5_': 1.0}};{'d0': 0.02490583292090741};-272.381177321008;57.56554363080738
32999;-78.6250450296966;(((pow2((_a7_ * (_a7_ + (x + (_a6_ + _a0_))))) + ((_a2_ / _a4_) * _a7_)) * _a0_) * (_a0_ * x));{'d0': {'_a0_': 2.080324343755043, '_a2_': -471175.07306381984, '_a4_': 1245151.6516917532, '_a6_': -0.8850725876728391, '_a7_': -0.8833220483086803, '_a1_': 1.0, '_a3_': 1.0, '_a5_': 1.0}};{'d0': 0.02490583292090741};-272.381177321008;57.56554363080738
33000;-78.6250450296966;(((pow2((_a7_ * (_a7_ + (x + (_a6_ + _a0_))))) + ((_a2_ / _a4_) * _a7_)) * _a0_) * (_a0_ * x));{'d0': {'_a0_': 2.080324343755043, '_a2_': -471175.07306381984, '_a4_': 1245151.6516917532, '_a6_': -0.8850725876728391, '_a7_': -0.8833220483086803, '_a1_': 1.0, '_a3_': 1.0, '_a5_': 1.0}};{'d0': 0.02490583292090741};-272.381177321008;57.56554363080738
33001;-78.6250450296966;(((pow2((_a7_ * (_a7_ + (x + (_a6_ + _a0_))))) + ((_a2_ / _a4_) * _a7_)) * _a0_) * (_a0_ * x));{'d0': {'_a0_': 2.080324343755043, '_a2_': -471175.07306381984, '_a4_': 1245151.6516917532, '_a6_': -0.8850725876728391, '_a7_': -0.8833220483086803, '_a1_': 1.0, '_a3_': 1.0, '_a5_': 1.0}};{'d0': 0.02490583292090741};-272.381177321008;57.56554363080738
33002;-78.6250450296966;(((pow2((_a7_ * (_a7_ + (x + (_a6_ + _a0_))))) + ((_a2_ / _a4_) * _a7_)) * _a0_) * (_a0_ * x));{'d0': {'_a0_': 2.080324343755043, '_a2_': -471175.07306381984, '_a4_': 1245151.6516917532, '_a6_': -0.8850725876728391, '_a7_': -0.8833220483086803, '_a1_': 1.0, '_a3_': 1.0, '_a5_': 1.0}};{'d0': 0.02490583292090741};-272.381177321008;57.56554363080738
33003;-78.6250450296966;(((pow2((_a7_ * (_a7_ + (x + (_a6_ + _a0_))))) + ((_a2_ / _a4_) * _a7_)) * _a0_) * (_a0_ * x));{'d0': {'_a0_': 2.080324343755043, '_a2_': -471175.07306381984, '_a4_': 1245151.6516917532, '_a6_': -0.8850725876728391, '_a7_': -0.8833220483086803, '_a1_': 1.0, '_a3_': 1.0, '_a5_': 1.0}};{'d0': 0.02490583292090741};-272.381177321008;57.56554363080738
33004;-78.6250450296966;(((pow2((_a7_ * (_a7_ + (x + (_a6_ + _a0_))))) + ((_a2_ / _a4_) * _a7_)) * _a0_) * (_a0_ * x));{'d0': {'_a0_': 2.080324343755043, '_a2_': -471175.07306381984, '_a4_': 1245151.6516917532, '_a6_': -0.8850725876728391, '_a7_': -0.8833220483086803, '_a1_': 1.0, '_a3_': 1.0, '_a5_': 1.0}};{'d0': 0.02490583292090741};-272.381177321008;57.56554363080738
33005;-75.5781627774045;(((pow2((_a7_ * (_a7_ + (x + ((_a0_ * _a7_) + _a0_))))) + ((_a2_ / _a4_) * _a7_)) * _a0_) * (_a0_ * x));{'d0': {'_a0_': 2.8047088283085766, '_a2_': 1541752396.7801867, '_a4_': -5493015959.649338, '_a7_': -0.6551826259235141, '_a1_': 1.0, '_a3_': 1.0, '_a5_': 1.0, '_a6_': 1.0}};{'d0': 0.02490583295021506};-276.475521812626;62.659598128908385
33006;-75.5781627774045;(((pow2((_a7_ * (_a7_ + (x + ((_a0_ * _a7_) + _a0_))))) + ((_a2_ / _a4_) * _a7_)) * _a0_) * (_a0_ * x));{'d0': {'_a0_': 2.8047088283085766, '_a2_': 1541752396.7801867, '_a4_': -5493015959.649338, '_a7_': -0.6551826259235141, '_a1_': 1.0, '_a3_': 1.0, '_a5_': 1.0, '_a6_': 1.0}};{'d0': 0.02490583295021506};-276.475521812626;62.659598128908385
33007;-75.5781627774045;(((pow2((_a7_ * (_a7_ + (x + ((_a0_ * _a7_) + _a0_))))) + ((_a2_ / _a4_) * _a7_)) * _a0_) * (_a0_ * x));{'d0': {'_a0_': 2.8047088283085766, '_a2_': 1541752396.7801867, '_a4_': -5493015959.649338, '_a7_': -0.6551826259235141, '_a1_': 1.0, '_a3_': 1.0, '_a5_': 1.0, '_a6_': 1.0}};{'d0': 0.02490583295021506};-276.475521812626;62.659598128908385
33008;-75.5781627774045;(((pow2((_a7_ * (_a7_ + (x + ((_a0_ * _a7_) + _a0_))))) + ((_a2_ / _a4_) * _a7_)) * _a0_) * (_a0_ * x));{'d0': {'_a0_': 2.8047088283085766, '_a2_': 1541752396.7801867, '_a4_': -5493015959.649338, '_a7_': -0.6551826259235141, '_a1_': 1.0, '_a3_': 1.0, '_a5_': 1.0, '_a6_': 1.0}};{'d0': 0.02490583295021506};-276.475521812626;62.659598128908385
33009;-75.5781627774045;(((pow2((_a7_ * (_a7_ + (x + ((_a0_ * _a7_) + _a0_))))) + ((_a2_ / _a4_) * _a7_)) * _a0_) * (_a0_ * x));{'d0': {'_a0_': 2.8047088283085766, '_a2_': 1541752396.7801867, '_a4_': -5493015959.649338, '_a7_': -0.6551826259235141, '_a1_': 1.0, '_a3_': 1.0, '_a5_': 1.0, '_a6_': 1.0}};{'d0': 0.02490583295021506};-276.475521812626;62.659598128908385
33010;-75.5781627774045;(((pow2((_a7_ * (_a7_ + (x + ((_a0_ * _a7_) + _a0_))))) + ((_a2_ / _a4_) * _a7_)) * _a0_) * (_a0_ * x));{'d0': {'_a0_': 2.8047088283085766, '_a2_': 1541752396.7801867, '_a4_': -5493015959.649338, '_a7_': -0.6551826259235141, '_a1_': 1.0, '_a3_': 1.0, '_a5_': 1.0, '_a6_': 1.0}};{'d0': 0.02490583295021506};-276.475521812626;62.659598128908385
33011;-75.5781627774045;(((pow2((_a7_ * (_a7_ + (x + ((_a0_ * _a7_) + _a0_))))) + ((_a2_ / _a4_) * _a7_)) * _a0_) * (_a0_ * x));{'d0': {'_a0_': 2.8047088283085766, '_a2_': 1541752396.7801867, '_a4_': -5493015959.649338, '_a7_': -0.6551826259235141, '_a1_': 1.0, '_a3_': 1.0, '_a5_': 1.0, '_a6_': 1.0}};{'d0': 0.02490583295021506};-276.475521812626;62.659598128908385
33012;-75.5781627774045;(((pow2((_a7_ * (_a7_ + (x + ((_a0_ * _a7_) + _a0_))))) + ((_a2_ / _a4_) * _a7_)) * _a0_) * (_a0_ * x));{'d0': {'_a0_': 2.8047088283085766, '_a2_': 1541752396.7801867, '_a4_': -5493015959.649338, '_a7_': -0.6551826259235141, '_a1_': 1.0, '_a3_': 1.0, '_a5_': 1.0, '_a6_': 1.0}};{'d0': 0.02490583295021506};-276.475521812626;62.659598128908385
33013;-75.5781627774045;(((pow2((_a7_ * (_a7_ + (x + ((_a0_ * _a7_) + _a0_))))) + ((_a2_ / _a4_) * _a7_)) * _a0_) * (_a0_ * x));{'d0': {'_a0_': 2.8047088283085766, '_a2_': 1541752396.7801867, '_a4_': -5493015959.649338, '_a7_': -0.6551826259235141, '_a1_': 1.0, '_a3_': 1.0, '_a5_': 1.0, '_a6_': 1.0}};{'d0': 0.02490583295021506};-276.475521812626;62.659598128908385
33014;-75.5781627774045;(((pow2((_a7_ * (_a7_ + (x + ((_a0_ * _a7_) + _a0_))))) + ((_a2_ / _a4_) * _a7_)) * _a0_) * (_a0_ * x));{'d0': {'_a0_': 2.8047088283085766, '_a2_': 1541752396.7801867, '_a4_': -5493015959.649338, '_a7_': -0.6551826259235141, '_a1_': 1.0, '_a3_': 1.0, '_a5_': 1.0, '_a6_': 1.0}};{'d0': 0.02490583295021506};-276.475521812626;62.659598128908385
33015;-75.5781627774045;(((pow2((_a7_ * (_a7_ + (x + ((_a0_ * _a7_) + _a0_))))) + ((_a2_ / _a4_) * _a7_)) * _a0_) * (_a0_ * x));{'d0': {'_a0_': 2.8047088283085766, '_a2_': 1541752396.7801867, '_a4_': -5493015959.649338, '_a7_': -0.6551826259235141, '_a1_': 1.0, '_a3_': 1.0, '_a5_': 1.0, '_a6_': 1.0}};{'d0': 0.02490583295021506};-276.475521812626;62.659598128908385
33016;-75.5781627774045;(((pow2((_a7_ * (_a7_ + (x + ((_a0_ * _a7_) + _a0_))))) + ((_a2_ / _a4_) * _a7_)) * _a0_) * (_a0_ * x));{'d0': {'_a0_': 2.8047088283085766, '_a2_': 1541752396.7801867, '_a4_': -5493015959.649338, '_a7_': -0.6551826259235141, '_a1_': 1.0, '_a3_': 1.0, '_a5_': 1.0, '_a6_': 1.0}};{'d0': 0.02490583295021506};-276.475521812626;62.659598128908385
33017;-75.5781627774045;(((pow2((_a7_ * (_a7_ + (x + ((_a0_ * _a7_) + _a0_))))) + ((_a2_ / _a4_) * _a7_)) * _a0_) * (_a0_ * x));{'d0': {'_a0_': 2.8047088283085766, '_a2_': 1541752396.7801867, '_a4_': -5493015959.649338, '_a7_': -0.6551826259235141, '_a1_': 1.0, '_a3_': 1.0, '_a5_': 1.0, '_a6_': 1.0}};{'d0': 0.02490583295021506};-276.475521812626;62.659598128908385
33018;-75.5781627774045;(((pow2((_a7_ * (_a7_ + (x + ((_a0_ * _a7_) + _a0_))))) + ((_a2_ / _a4_) * _a7_)) * _a0_) * (_a0_ * x));{'d0': {'_a0_': 2.8047088283085766, '_a2_': 1541752396.7801867, '_a4_': -5493015959.649338, '_a7_': -0.6551826259235141, '_a1_': 1.0, '_a3_': 1.0, '_a5_': 1.0, '_a6_': 1.0}};{'d0': 0.02490583295021506};-276.475521812626;62.659598128908385
33019;-75.5781627774045;(((pow2((_a7_ * (_a7_ + (x + ((_a0_ * _a7_) + _a0_))))) + ((_a2_ / _a4_) * _a7_)) * _a0_) * (_a0_ * x));{'d0': {'_a0_': 2.8047088283085766, '_a2_': 1541752396.7801867, '_a4_': -5493015959.649338, '_a7_': -0.6551826259235141, '_a1_': 1.0, '_a3_': 1.0, '_a5_': 1.0, '_a6_': 1.0}};{'d0': 0.02490583295021506};-276.475521812626;62.659598128908385
33020;-74.8349944772906;(((pow2((_a7_ * (_a7_ + (x + ((_a0_ * _a7_) + _a0_))))) + ((_a2_ / _a4_) / _a7_)) * _a0_) * (_a0_ * x));{'d0': {'_a0_': 2.804708828245283, '_a2_': 8093880220231.909, '_a4_': -67178305492017.67, '_a7_': -0.6551826257852961, '_a1_': 1.0, '_a3_': 1.0, '_a5_': 1.0, '_a6_': 1.0}};{'d0': 0.024905832941969387};-276.475521832490;63.402766438954586
33021;-74.8349944772906;(((pow2((_a7_ * (_a7_ + (x + ((_a0_ * _a7_) + _a0_))))) + ((_a2_ / _a4_) / _a7_)) * _a0_) * (_a0_ * x));{'d0': {'_a0_': 2.804708828245283, '_a2_': 8093880220231.909, '_a4_': -67178305492017.67, '_a7_': -0.6551826257852961, '_a1_': 1.0, '_a3_': 1.0, '_a5_': 1.0, '_a6_': 1.0}};{'d0': 0.024905832941969387};-276.475521832490;63.402766438954586
33022;-74.8349944772906;(((pow2((_a7_ * (_a7_ + (x + ((_a0_ * _a7_) + _a0_))))) + ((_a2_ / _a4_) / _a7_)) * _a0_) * (_a0_ * x));{'d0': {'_a0_': 2.804708828245283, '_a2_': 8093880220231.909, '_a4_': -67178305492017.67, '_a7_': -0.6551826257852961, '_a1_': 1.0, '_a3_': 1.0, '_a5_': 1.0, '_a6_': 1.0}};{'d0': 0.024905832941969387};-276.475521832490;63.402766438954586
33023;-74.8349944772906;(((pow2((_a7_ * (_a7_ + (x + ((_a0_ * _a7_) + _a0_))))) + ((_a2_ / _a4_) / _a7_)) * _a0_) * (_a0_ * x));{'d0': {'_a0_': 2.804708828245283, '_a2_': 8093880220231.909, '_a4_': -67178305492017.67, '_a7_': -0.6551826257852961, '_a1_': 1.0, '_a3_': 1.0, '_a5_': 1.0, '_a6_': 1.0}};{'d0': 0.024905832941969387};-276.475521832490;63.402766438954586
33024;-74.8349944772906;(((pow2((_a7_ * (_a7_ + (x + ((_a0_ * _a7_) + _a0_))))) + ((_a2_ / _a4_) / _a7_)) * _a0_) * (_a0_ * x));{'d0': {'_a0_': 2.804708828245283, '_a2_': 8093880220231.909, '_a4_': -67178305492017.67, '_a7_': -0.6551826257852961, '_a1_': 1.0, '_a3_': 1.0, '_a5_': 1.0, '_a6_': 1.0}};{'d0': 0.024905832941969387};-276.475521832490;63.402766438954586
33025;-74.8349944772906;(((pow2((_a7_ * (_a7_ + (x + ((_a0_ * _a7_) + _a0_))))) + ((_a2_ / _a4_) / _a7_)) * _a0_) * (_a0_ * x));{'d0': {'_a0_': 2.804708828245283, '_a2_': 8093880220231.909, '_a4_': -67178305492017.67, '_a7_': -0.6551826257852961, '_a1_': 1.0, '_a3_': 1.0, '_a5_': 1.0, '_a6_': 1.0}};{'d0': 0.024905832941969387};-276.475521832490;63.402766438954586
33026;-74.8349944772906;(((pow2((_a7_ * (_a7_ + (x + ((_a0_ * _a7_) + _a0_))))) + ((_a2_ / _a4_) / _a7_)) * _a0_) * (_a0_ * x));{'d0': {'_a0_': 2.804708828245283, '_a2_': 8093880220231.909, '_a4_': -67178305492017.67, '_a7_': -0.6551826257852961, '_a1_': 1.0, '_a3_': 1.0, '_a5_': 1.0, '_a6_': 1.0}};{'d0': 0.024905832941969387};-276.475521832490;63.402766438954586
33027;-74.8349944772906;(((pow2((_a7_ * (_a7_ + (x + ((_a0_ * _a7_) + _a0_))))) + ((_a2_ / _a4_) / _a7_)) * _a0_) * (_a0_ * x));{'d0': {'_a0_': 2.804708828245283, '_a2_': 8093880220231.909, '_a4_': -67178305492017.67, '_a7_': -0.6551826257852961, '_a1_': 1.0, '_a3_': 1.0, '_a5_': 1.0, '_a6_': 1.0}};{'d0': 0.024905832941969387};-276.475521832490;63.402766438954586
33028;-74.8349944772906;(((pow2((_a7_ * (_a7_ + (x + ((_a0_ * _a7_) + _a0_))))) + ((_a2_ / _a4_) / _a7_)) * _a0_) * (_a0_ * x));{'d0': {'_a0_': 2.804708828245283, '_a2_': 8093880220231.909, '_a4_': -67178305492017.67, '_a7_': -0.6551826257852961, '_a1_': 1.0, '_a3_': 1.0, '_a5_': 1.0, '_a6_': 1.0}};{'d0': 0.024905832941969387};-276.475521832490;63.402766438954586
33029;-74.8349944772906;(((pow2((_a7_ * (_a7_ + (x + ((_a0_ * _a7_) + _a0_))))) + ((_a2_ / _a4_) / _a7_)) * _a0_) * (_a0_ * x));{'d0': {'_a0_': 2.804708828245283, '_a2_': 8093880220231.909, '_a4_': -67178305492017.67, '_a7_': -0.6551826257852961, '_a1_': 1.0, '_a3_': 1.0, '_a5_': 1.0, '_a6_': 1.0}};{'d0': 0.024905832941969387};-276.475521832490;63.402766438954586
33030;-74.8349944772906;(((pow2((_a7_ * (_a7_ + (x + ((_a0_ * _a7_) + _a0_))))) + ((_a2_ / _a4_) / _a7_)) * _a0_) * (_a0_ * x));{'d0': {'_a0_': 2.804708828245283, '_a2_': 8093880220231.909, '_a4_': -67178305492017.67, '_a7_': -0.6551826257852961, '_a1_': 1.0, '_a3_': 1.0, '_a5_': 1.0, '_a6_': 1.0}};{'d0': 0.024905832941969387};-276.475521832490;63.402766438954586
33031;-74.8349944772906;(((pow2((_a7_ * (_a7_ + (x + ((_a0_ * _a7_) + _a0_))))) + ((_a2_ / _a4_) / _a7_)) * _a0_) * (_a0_ * x));{'d0': {'_a0_': 2.804708828245283, '_a2_': 8093880220231.909, '_a4_': -67178305492017.67, '_a7_': -0.6551826257852961, '_a1_': 1.0, '_a3_': 1.0, '_a5_': 1.0, '_a6_': 1.0}};{'d0': 0.024905832941969387};-276.475521832490;63.402766438954586
33032;-74.8349944772906;(((pow2((_a7_ * (_a7_ + (x + ((_a0_ * _a7_) + _a0_))))) + ((_a2_ / _a4_) / _a7_)) * _a0_) * (_a0_ * x));{'d0': {'_a0_': 2.804708828245283, '_a2_': 8093880220231.909, '_a4_': -67178305492017.67, '_a7_': -0.6551826257852961, '_a1_': 1.0, '_a3_': 1.0, '_a5_': 1.0, '_a6_': 1.0}};{'d0': 0.024905832941969387};-276.475521832490;63.402766438954586
33033;-105.400567982306;(((x * (-(_a7_) + (_a1_ * x))) + _a5_) * (_a1_ * x));{'d0': {'_a1_': 1.837596494858137, '_a5_': 0.9660093547127384, '_a7_': -1.1464018754127796, '_a0_': 1.0, '_a2_': 1.0, '_a3_': 1.0, '_a4_': 1.0, '_a6_': 1.0}};{'d0': 0.02490583291941662};-280.569866449044;34.88436524221642
33034;-105.400567982306;(((x * (-(_a7_) + (_a1_ * x))) + _a5_) * (_a1_ * x));{'d0': {'_a1_': 1.837596494858137, '_a5_': 0.9660093547127384, '_a7_': -1.1464018754127796, '_a0_': 1.0, '_a2_': 1.0, '_a3_': 1.0, '_a4_': 1.0, '_a6_': 1.0}};{'d0': 0.02490583291941662};-280.569866449044;34.88436524221642
33035;-105.400567982306;(((x * (-(_a7_) + (_a1_ * x))) + _a5_) * (_a1_ * x));{'d0': {'_a1_': 1.837596494858137, '_a5_': 0.9660093547127384, '_a7_': -1.1464018754127796, '_a0_': 1.0, '_a2_': 1.0, '_a3_': 1.0, '_a4_': 1.0, '_a6_': 1.0}};{'d0': 0.02490583291941662};-280.569866449044;34.88436524221642
33036;-105.400567982306;(((x * (-(_a7_) + (_a1_ * x))) + _a5_) * (_a1_ * x));{'d0': {'_a1_': 1.837596494858137, '_a5_': 0.9660093547127384, '_a7_': -1.1464018754127796, '_a0_': 1.0, '_a2_': 1.0, '_a3_': 1.0, '_a4_': 1.0, '_a6_': 1.0}};{'d0': 0.02490583291941662};-280.569866449044;34.88436524221642
33037;-105.400567982306;(((x * (-(_a7_) + (_a1_ * x))) + _a5_) * (_a1_ * x));{'d0': {'_a1_': 1.837596494858137, '_a5_': 0.9660093547127384, '_a7_': -1.1464018754127796, '_a0_': 1.0, '_a2_': 1.0, '_a3_': 1.0, '_a4_': 1.0, '_a6_': 1.0}};{'d0': 0.02490583291941662};-280.569866449044;34.88436524221642
33038;-105.400567982306;(((x * (-(_a7_) + (_a1_ * x))) + _a5_) * (_a1_ * x));{'d0': {'_a1_': 1.837596494858137, '_a5_': 0.9660093547127384, '_a7_': -1.1464018754127796, '_a0_': 1.0, '_a2_': 1.0, '_a3_': 1.0, '_a4_': 1.0, '_a6_': 1.0}};{'d0': 0.02490583291941662};-280.569866449044;34.88436524221642
33039;-105.400567982306;(((x * (-(_a7_) + (_a1_ * x))) + _a5_) * (_a1_ * x));{'d0': {'_a1_': 1.837596494858137, '_a5_': 0.9660093547127384, '_a7_': -1.1464018754127796, '_a0_': 1.0, '_a2_': 1.0, '_a3_': 1.0, '_a4_': 1.0, '_a6_': 1.0}};{'d0': 0.02490583291941662};-280.569866449044;34.88436524221642
33040;-105.400567982306;(((x * (-(_a7_) + (_a1_ * x))) + _a5_) * (_a5_ * x));{'d0': {'_a1_': 2.5344548842972374, '_a5_': 1.3323420746926198, '_a7_': -1.5811435426455838, '_a0_': 1.0, '_a2_': 1.0, '_a3_': 1.0, '_a4_': 1.0, '_a6_': 1.0}};{'d0': 0.024905832919416657};-280.569866449044;34.88436524221642
33041;-105.400567982306;(((x * (-(_a7_) + (_a1_ * x))) + _a5_) * (_a5_ * x));{'d0': {'_a1_': 2.5344548842972374, '_a5_': 1.3323420746926198, '_a7_': -1.5811435426455838, '_a0_': 1.0, '_a2_': 1.0, '_a3_': 1.0, '_a4_': 1.0, '_a6_': 1.0}};{'d0': 0.024905832919416657};-280.569866449044;34.88436524221642
33042;-105.400567982306;(((x * (-(_a7_) + (_a1_ * x))) + _a5_) * (_a5_ * x));{'d0': {'_a1_': 2.5344548842972374, '_a5_': 1.3323420746926198, '_a7_': -1.5811435426455838, '_a0_': 1.0, '_a2_': 1.0, '_a3_': 1.0, '_a4_': 1.0, '_a6_': 1.0}};{'d0': 0.024905832919416657};-280.569866449044;34.88436524221642
33043;-105.400567982306;(((x * (-(_a7_) + (_a1_ * x))) + _a5_) * (_a5_ * x));{'d0': {'_a1_': 2.5344548842972374, '_a5_': 1.3323420746926198, '_a7_': -1.5811435426455838, '_a0_': 1.0, '_a2_': 1.0, '_a3_': 1.0, '_a4_': 1.0, '_a6_': 1.0}};{'d0': 0.024905832919416657};-280.569866449044;34.88436524221642
33044;-105.400567982306;(((x * (-(_a7_) + (_a1_ * x))) + _a5_) * (_a5_ * x));{'d0': {'_a1_': 2.5344548842972374, '_a5_': 1.3323420746926198, '_a7_': -1.5811435426455838, '_a0_': 1.0, '_a2_': 1.0, '_a3_': 1.0, '_a4_': 1.0, '_a6_': 1.0}};{'d0': 0.024905832919416657};-280.569866449044;34.88436524221642
33045;-105.400567982306;(((x * (-(_a7_) + (_a1_ * x))) + _a5_) * (_a5_ * x));{'d0': {'_a1_': 2.5344548842972374, '_a5_': 1.3323420746926198, '_a7_': -1.5811435426455838, '_a0_': 1.0, '_a2_': 1.0, '_a3_': 1.0, '_a4_': 1.0, '_a6_': 1.0}};{'d0': 0.024905832919416657};-280.569866449044;34.88436524221642
33046;-98.3316984894156;((((x * (-(_a7_) + (_a1_ * x))) + _a5_) * (_a5_ * x)) * _a4_);{'d0': {'_a1_': 2.5344548842972374, '_a4_': 1.0, '_a5_': 1.3323420746926198, '_a7_': -1.5811435426455838, '_a0_': 1.0, '_a2_': 1.0, '_a3_': 1.0, '_a6_': 1.0}};{'d0': 0.024905832919416657};-276.475521886821;39.90606245399542
33047;-98.3316984894156;((((x * (-(_a7_) + (_a1_ * x))) + _a5_) * (_a5_ * x)) * _a4_);{'d0': {'_a1_': 2.5344548842972374, '_a4_': 1.0, '_a5_': 1.3323420746926198, '_a7_': -1.5811435426455838, '_a0_': 1.0, '_a2_': 1.0, '_a3_': 1.0, '_a6_': 1.0}};{'d0': 0.024905832919416657};-276.475521886821;39.90606245399542
33048;-92.5314067181722;((((x * (-((_a6_ / _a4_)) + (_a1_ * x))) + _a5_) * (_a5_ * x)) * _a4_);{'d0': {'_a1_': 1.4267019212556606, '_a4_': 3.155749850436165, '_a5_': 0.7500054590873836, '_a6_': -2.8088115028798732, '_a0_': 1.0, '_a2_': 1.0, '_a3_': 1.0, '_a7_': 1.0}};{'d0': 0.024905832923435577};-276.475521877140;45.70635422039782
33049;-92.5314067181722;((((x * (-((_a6_ / _a4_)) + (_a1_ * x))) + _a5_) * (_a5_ * x)) * _a4_);{'d0': {'_a1_': 1.4267019212556606, '_a4_': 3.155749850436165, '_a5_': 0.7500054590873836, '_a6_': -2.8088115028798732, '_a0_': 1.0, '_a2_': 1.0, '_a3_': 1.0, '_a7_': 1.0}};{'d0': 0.024905832923435577};-276.475521877140;45.70635422039782
33050;-102.000238587263;((_a7_ ** _a7_) * (x * ((x * (x + exp(_a1_))) + _a5_)));{'d0': {'_a1_': -0.47183023189685674, '_a5_': 0.5256917697946132, '_a7_': 1.8984126989874552, '_a0_': 1.0, '_a2_': 1.0, '_a3_': 1.0, '_a4_': 1.0, '_a6_': 1.0}};{'d0': 0.0249058329194166};-280.569866449044;38.28469463725904
33051;-102.000238587263;((_a7_ ** _a7_) * (x * ((x * (x + exp(_a1_))) + _a5_)));{'d0': {'_a1_': -0.47183023189685674, '_a5_': 0.5256917697946132, '_a7_': 1.8984126989874552, '_a0_': 1.0, '_a2_': 1.0, '_a3_': 1.0, '_a4_': 1.0, '_a6_': 1.0}};{'d0': 0.0249058329194166};-280.569866449044;38.28469463725904
33052;-102.000238587263;((_a7_ ** _a7_) * (x * ((x * (x + exp(_a1_))) + _a5_)));{'d0': {'_a1_': -0.47183023189685674, '_a5_': 0.5256917697946132, '_a7_': 1.8984126989874552, '_a0_': 1.0, '_a2_': 1.0, '_a3_': 1.0, '_a4_': 1.0, '_a6_': 1.0}};{'d0': 0.0249058329194166};-280.569866449044;38.28469463725904
33053;-102.000238587263;((_a7_ ** _a7_) * (x * ((x * (x + exp(_a1_))) + _a5_)));{'d0': {'_a1_': -0.47183023189685674, '_a5_': 0.5256917697946132, '_a7_': 1.8984126989874552, '_a0_': 1.0, '_a2_': 1.0, '_a3_': 1.0, '_a4_': 1.0, '_a6_': 1.0}};{'d0': 0.0249058329194166};-280.569866449044;38.28469463725904
33054;-92.5314067181722;((((x * (-((_a6_ / _a4_)) + (_a1_ * x))) + _a5_) * (_a5_ * x)) * _a4_);{'d0': {'_a1_': 1.4267019212556606, '_a4_': 3.155749850436165, '_a5_': 0.7500054590873836, '_a6_': -2.8088115028798732, '_a0_': 1.0, '_a2_': 1.0, '_a3_': 1.0, '_a7_': 1.0}};{'d0': 0.024905832923435577};-276.475521877140;45.70635422039782
33055;-93.2376439910290;((((x * (-((_a6_ * _a4_)) + (_a1_ * x))) + _a5_) * (_a5_ * x)) * _a4_);{'d0': {'_a1_': 3.1441183354582267, '_a4_': 0.6497874694141669, '_a5_': 1.6528371334936334, '_a6_': -3.0186601649456, '_a0_': 1.0, '_a2_': 1.0, '_a3_': 1.0, '_a7_': 1.0}};{'d0': 0.02490583291965376};-276.475521886250;45.00011695209642
33056;-93.2376439910290;((((x * (-((_a6_ * _a4_)) + (_a1_ * x))) + _a5_) * (_a5_ * x)) * _a4_);{'d0': {'_a1_': 3.1441183354582267, '_a4_': 0.6497874694141669, '_a5_': 1.6528371334936334, '_a6_': -3.0186601649456, '_a0_': 1.0, '_a2_': 1.0, '_a3_': 1.0, '_a7_': 1.0}};{'d0': 0.02490583291965376};-276.475521886250;45.00011695209642
33057;-102.000238587263;((_a7_ ** _a7_) * (x * ((x * (x + exp(_a1_))) + _a5_)));{'d0': {'_a1_': -0.47183023189685674, '_a5_': 0.5256917697946132, '_a7_': 1.8984126989874552, '_a0_': 1.0, '_a2_': 1.0, '_a3_': 1.0, '_a4_': 1.0, '_a6_': 1.0}};{'d0': 0.0249058329194166};-280.569866449044;38.28469463725904
33058;-102.000238587263;((_a7_ ** _a7_) * (x * ((x * (x + exp(_a1_))) + _a5_)));{'d0': {'_a1_': -0.47183023189685674, '_a5_': 0.5256917697946132, '_a7_': 1.8984126989874552, '_a0_': 1.0, '_a2_': 1.0, '_a3_': 1.0, '_a4_': 1.0, '_a6_': 1.0}};{'d0': 0.0249058329194166};-280.569866449044;38.28469463725904
33059;-102.000238587263;((_a7_ ** _a7_) * (x * ((x * (x + exp(_a1_))) + _a5_)));{'d0': {'_a1_': -0.47183023189685674, '_a5_': 0.5256917697946132, '_a7_': 1.8984126989874552, '_a0_': 1.0, '_a2_': 1.0, '_a3_': 1.0, '_a4_': 1.0, '_a6_': 1.0}};{'d0': 0.0249058329194166};-280.569866449044;38.28469463725904
33060;-102.000238587263;((_a7_ ** _a7_) * (x * ((x * (x + exp(_a1_))) + _a5_)));{'d0': {'_a1_': -0.47183023189685674, '_a5_': 0.5256917697946132, '_a7_': 1.8984126989874552, '_a0_': 1.0, '_a2_': 1.0, '_a3_': 1.0, '_a4_': 1.0, '_a6_': 1.0}};{'d0': 0.0249058329194166};-280.569866449044;38.28469463725904
33061;-102.000238587263;((_a7_ ** _a7_) * (x * ((x * (x + exp(_a1_))) + _a5_)));{'d0': {'_a1_': -0.47183023189685674, '_a5_': 0.5256917697946132, '_a7_': 1.8984126989874552, '_a0_': 1.0, '_a2_': 1.0, '_a3_': 1.0, '_a4_': 1.0, '_a6_': 1.0}};{'d0': 0.0249058329194166};-280.569866449044;38.28469463725904
33062;-102.000238587263;((_a7_ ** _a7_) * (x * ((x * (x + exp(_a1_))) + _a5_)));{'d0': {'_a1_': -0.47183023189685674, '_a5_': 0.5256917697946132, '_a7_': 1.8984126989874552, '_a0_': 1.0, '_a2_': 1.0, '_a3_': 1.0, '_a4_': 1.0, '_a6_': 1.0}};{'d0': 0.0249058329194166};-280.569866449044;38.28469463725904
33063;-102.000238587263;((_a7_ ** _a7_) * (x * ((x * (x + exp(_a1_))) + _a5_)));{'d0': {'_a1_': -0.47183023189685674, '_a5_': 0.5256917697946132, '_a7_': 1.8984126989874552, '_a0_': 1.0, '_a2_': 1.0, '_a3_': 1.0, '_a4_': 1.0, '_a6_': 1.0}};{'d0': 0.0249058329194166};-280.569866449044;38.28469463725904
33064;-102.000238587263;((_a7_ ** _a7_) * (x * ((x * (x + exp(_a1_))) + _a5_)));{'d0': {'_a1_': -0.47183023189685674, '_a5_': 0.5256917697946132, '_a7_': 1.8984126989874552, '_a0_': 1.0, '_a2_': 1.0, '_a3_': 1.0, '_a4_': 1.0, '_a6_': 1.0}};{'d0': 0.0249058329194166};-280.569866449044;38.28469463725904
33065;-102.000238587263;((_a7_ ** _a7_) * (x * ((x * (x + exp(_a1_))) + _a5_)));{'d0': {'_a1_': -0.47183023189685674, '_a5_': 0.5256917697946132, '_a7_': 1.8984126989874552, '_a0_': 1.0, '_a2_': 1.0, '_a3_': 1.0, '_a4_': 1.0, '_a6_': 1.0}};{'d0': 0.0249058329194166};-280.569866449044;38.28469463725904
33066;-102.000238587263;((_a7_ ** _a5_) * (x * ((x * (x + exp(_a1_))) + _a5_)));{'d0': {'_a1_': -0.4718302312378094, '_a5_': 0.5256917716739558, '_a7_': 10.123776558157, '_a0_': 1.0, '_a2_': 1.0, '_a3_': 1.0, '_a4_': 1.0, '_a6_': 1.0}};{'d0': 0.02490583291941668};-280.569866449043;38.28469463725904
33067;-102.000238587263;((_a7_ ** _a5_) * (x * ((x * (x + exp(_a1_))) + _a5_)));{'d0': {'_a1_': -0.4718302312378094, '_a5_': 0.5256917716739558, '_a7_': 10.123776558157, '_a0_': 1.0, '_a2_': 1.0, '_a3_': 1.0, '_a4_': 1.0, '_a6_': 1.0}};{'d0': 0.02490583291941668};-280.569866449043;38.28469463725904
33068;-102.000238587263;((_a7_ ** _a5_) * (x * ((x * (x + exp(_a1_))) + _a5_)));{'d0': {'_a1_': -0.4718302312378094, '_a5_': 0.5256917716739558, '_a7_': 10.123776558157, '_a0_': 1.0, '_a2_': 1.0, '_a3_': 1.0, '_a4_': 1.0, '_a6_': 1.0}};{'d0': 0.02490583291941668};-280.569866449043;38.28469463725904
33069;-103.714447007906;((_a7_ * _a5_) * (x * ((x * (x + exp(_a1_))) + _a5_)));{'d0': {'_a1_': -0.4718302317596524, '_a5_': 0.5256917702759454, '_a7_': 6.423461559390284, '_a0_': 1.0, '_a2_': 1.0, '_a3_': 1.0, '_a4_': 1.0, '_a6_': 1.0}};{'d0': 0.02490583291941665};-280.569866449044;36.57048621661604
33070;-103.714447007906;((_a7_ * _a5_) * (x * ((x * (x + exp(_a1_))) + _a5_)));{'d0': {'_a1_': -0.4718302317596524, '_a5_': 0.5256917702759454, '_a7_': 6.423461559390284, '_a0_': 1.0, '_a2_': 1.0, '_a3_': 1.0, '_a4_': 1.0, '_a6_': 1.0}};{'d0': 0.02490583291941665};-280.569866449044;36.57048621661604
33071;-103.714447007906;((_a7_ * _a5_) * (x * ((x * (x + exp(_a1_))) + _a5_)));{'d0': {'_a1_': -0.4718302317596524, '_a5_': 0.5256917702759454, '_a7_': 6.423461559390284, '_a0_': 1.0, '_a2_': 1.0, '_a3_': 1.0, '_a4_': 1.0, '_a6_': 1.0}};{'d0': 0.02490583291941665};-280.569866449044;36.57048621661604
33072;-103.714447007906;((_a7_ * _a5_) * (x * ((x * (x + exp(_a1_))) + _a5_)));{'d0': {'_a1_': -0.4718302317596524, '_a5_': 0.5256917702759454, '_a7_': 6.423461559390284, '_a0_': 1.0, '_a2_': 1.0, '_a3_': 1.0, '_a4_': 1.0, '_a6_': 1.0}};{'d0': 0.02490583291941665};-280.569866449044;36.57048621661604
33073;-103.714447007906;((_a7_ * _a5_) * (x * ((x * (x + exp(_a1_))) + _a5_)));{'d0': {'_a1_': -0.4718302317596524, '_a5_': 0.5256917702759454, '_a7_': 6.423461559390284, '_a0_': 1.0, '_a2_': 1.0, '_a3_': 1.0, '_a4_': 1.0, '_a6_': 1.0}};{'d0': 0.02490583291941665};-280.569866449044;36.57048621661604
33074;-103.714447007906;((_a7_ * _a5_) * (x * ((x * (x + exp(_a1_))) + _a5_)));{'d0': {'_a1_': -0.4718302317596524, '_a5_': 0.5256917702759454, '_a7_': 6.423461559390284, '_a0_': 1.0, '_a2_': 1.0, '_a3_': 1.0, '_a4_': 1.0, '_a6_': 1.0}};{'d0': 0.02490583291941665};-280.569866449044;36.57048621661604
33075;-103.714447007906;((_a7_ * _a5_) * (x * ((x * (x + exp(_a1_))) + _a5_)));{'d0': {'_a1_': -0.4718302317596524, '_a5_': 0.5256917702759454, '_a7_': 6.423461559390284, '_a0_': 1.0, '_a2_': 1.0, '_a3_': 1.0, '_a4_': 1.0, '_a6_': 1.0}};{'d0': 0.02490583291941665};-280.569866449044;36.57048621661604
33076;-103.714447007906;((_a7_ * _a5_) * (x * ((x * (x + exp(_a1_))) + _a5_)));{'d0': {'_a1_': -0.4718302317596524, '_a5_': 0.5256917702759454, '_a7_': 6.423461559390284, '_a0_': 1.0, '_a2_': 1.0, '_a3_': 1.0, '_a4_': 1.0, '_a6_': 1.0}};{'d0': 0.02490583291941665};-280.569866449044;36.57048621661604
33077;-103.714447007906;((_a7_ * _a5_) * (x * ((x * (x + exp(_a1_))) + _a5_)));{'d0': {'_a1_': -0.4718302317596524, '_a5_': 0.5256917702759454, '_a7_': 6.423461559390284, '_a0_': 1.0, '_a2_': 1.0, '_a3_': 1.0, '_a4_': 1.0, '_a6_': 1.0}};{'d0': 0.02490583291941665};-280.569866449044;36.57048621661604
33078;-103.714447007906;((_a7_ * _a5_) * (x * ((x * (x + exp(_a1_))) + _a5_)));{'d0': {'_a1_': -0.4718302317596524, '_a5_': 0.5256917702759454, '_a7_': 6.423461559390284, '_a0_': 1.0, '_a2_': 1.0, '_a3_': 1.0, '_a4_': 1.0, '_a6_': 1.0}};{'d0': 0.02490583291941665};-280.569866449044;36.57048621661604
33079;-103.714447007906;((_a7_ * _a5_) * (x * ((x * (x + exp(_a1_))) + _a5_)));{'d0': {'_a1_': -0.4718302317596524, '_a5_': 0.5256917702759454, '_a7_': 6.423461559390284, '_a0_': 1.0, '_a2_': 1.0, '_a3_': 1.0, '_a4_': 1.0, '_a6_': 1.0}};{'d0': 0.02490583291941665};-280.569866449044;36.57048621661604
33080;-103.714447007906;((_a7_ * _a5_) * (x * ((x * (x + exp(_a1_))) + _a5_)));{'d0': {'_a1_': -0.4718302317596524, '_a5_': 0.5256917702759454, '_a7_': 6.423461559390284, '_a0_': 1.0, '_a2_': 1.0, '_a3_': 1.0, '_a4_': 1.0, '_a6_': 1.0}};{'d0': 0.02490583291941665};-280.569866449044;36.57048621661604
33081;-103.280223376163;((_a7_ * _a5_) * (x * ((x * (x + (_a4_ / _a5_))) + _a5_)));{'d0': {'_a4_': 0.32795775969807395, '_a5_': 0.5256917691277656, '_a7_': 6.423461582689272, '_a0_': 1.0, '_a1_': 1.0, '_a2_': 1.0, '_a3_': 1.0, '_a6_': 1.0}};{'d0': 0.02490583291941665};-280.569866449044;37.00470984835844
33082;-103.280223376163;((_a7_ * _a5_) * (x * ((x * (x + (_a4_ / _a5_))) + _a5_)));{'d0': {'_a4_': 0.32795775969807395, '_a5_': 0.5256917691277656, '_a7_': 6.423461582689272, '_a0_': 1.0, '_a1_': 1.0, '_a2_': 1.0, '_a3_': 1.0, '_a6_': 1.0}};{'d0': 0.02490583291941665};-280.569866449044;37.00470984835844
33083;-103.280223376163;((_a7_ * _a5_) * (x * ((x * (x + (_a4_ / _a5_))) + _a5_)));{'d0': {'_a4_': 0.32795775969807395, '_a5_': 0.5256917691277656, '_a7_': 6.423461582689272, '_a0_': 1.0, '_a1_': 1.0, '_a2_': 1.0, '_a3_': 1.0, '_a6_': 1.0}};{'d0': 0.02490583291941665};-280.569866449044;37.00470984835844
33084;-103.280223376163;((_a7_ * _a5_) * (x * ((x * (x + (_a4_ / _a5_))) + _a5_)));{'d0': {'_a4_': 0.32795775969807395, '_a5_': 0.5256917691277656, '_a7_': 6.423461582689272, '_a0_': 1.0, '_a1_': 1.0, '_a2_': 1.0, '_a3_': 1.0, '_a6_': 1.0}};{'d0': 0.02490583291941665};-280.569866449044;37.00470984835844
33085;-103.280223376163;((_a7_ * _a5_) * (x * ((x * (x + (_a4_ / _a5_))) + _a5_)));{'d0': {'_a4_': 0.32795775969807395, '_a5_': 0.5256917691277656, '_a7_': 6.423461582689272, '_a0_': 1.0, '_a1_': 1.0, '_a2_': 1.0, '_a3_': 1.0, '_a6_': 1.0}};{'d0': 0.02490583291941665};-280.569866449044;37.00470984835844
33086;-103.280223376163;((_a7_ * _a5_) * (x * ((x * (x + (_a4_ / _a5_))) + _a5_)));{'d0': {'_a4_': 0.32795775969807395, '_a5_': 0.5256917691277656, '_a7_': 6.423461582689272, '_a0_': 1.0, '_a1_': 1.0, '_a2_': 1.0, '_a3_': 1.0, '_a6_': 1.0}};{'d0': 0.02490583291941665};-280.569866449044;37.00470984835844
33087;-103.280223376163;((_a7_ * _a5_) * (x * ((x * (x + (_a4_ / _a5_))) + _a5_)));{'d0': {'_a4_': 0.32795775969807395, '_a5_': 0.5256917691277656, '_a7_': 6.423461582689272, '_a0_': 1.0, '_a1_': 1.0, '_a2_': 1.0, '_a3_': 1.0, '_a6_': 1.0}};{'d0': 0.02490583291941665};-280.569866449044;37.00470984835844
33088;-103.280223376163;((_a7_ * _a5_) * (x * ((x * (x + (_a4_ / _a5_))) + _a5_)));{'d0': {'_a4_': 0.32795775969807395, '_a5_': 0.5256917691277656, '_a7_': 6.423461582689272, '_a0_': 1.0, '_a1_': 1.0, '_a2_': 1.0, '_a3_': 1.0, '_a6_': 1.0}};{'d0': 0.02490583291941665};-280.569866449044;37.00470984835844
33089;-103.280223376163;((_a7_ * _a5_) * (x * ((x * (x + (_a4_ / _a5_))) + _a5_)));{'d0': {'_a4_': 0.32795775969807395, '_a5_': 0.5256917691277656, '_a7_': 6.423461582689272, '_a0_': 1.0, '_a1_': 1.0, '_a2_': 1.0, '_a3_': 1.0, '_a6_': 1.0}};{'d0': 0.02490583291941665};-280.569866449044;37.00470984835844
33090;-103.280223376163;((_a7_ * _a5_) * (x * ((x * (x + (_a4_ / _a5_))) + _a5_)));{'d0': {'_a4_': 0.32795775969807395, '_a5_': 0.5256917691277656, '_a7_': 6.423461582689272, '_a0_': 1.0, '_a1_': 1.0, '_a2_': 1.0, '_a3_': 1.0, '_a6_': 1.0}};{'d0': 0.02490583291941665};-280.569866449044;37.00470984835844
33091;-103.280223376163;((_a7_ * _a5_) * (x * ((x * (x + (_a4_ / _a5_))) + _a5_)));{'d0': {'_a4_': 0.32795775969807395, '_a5_': 0.5256917691277656, '_a7_': 6.423461582689272, '_a0_': 1.0, '_a1_': 1.0, '_a2_': 1.0, '_a3_': 1.0, '_a6_': 1.0}};{'d0': 0.02490583291941665};-280.569866449044;37.00470984835844
33092;-103.280223376163;((_a7_ * _a5_) * (x * ((x * (x + (_a4_ / _a5_))) + _a5_)));{'d0': {'_a4_': 0.32795775969807395, '_a5_': 0.5256917691277656, '_a7_': 6.423461582689272, '_a0_': 1.0, '_a1_': 1.0, '_a2_': 1.0, '_a3_': 1.0, '_a6_': 1.0}};{'d0': 0.02490583291941665};-280.569866449044;37.00470984835844
33093;-103.280223376163;((_a7_ * _a5_) * (x * ((x * (x + (_a4_ / _a5_))) + _a5_)));{'d0': {'_a4_': 0.32795775969807395, '_a5_': 0.5256917691277656, '_a7_': 6.423461582689272, '_a0_': 1.0, '_a1_': 1.0, '_a2_': 1.0, '_a3_': 1.0, '_a6_': 1.0}};{'d0': 0.02490583291941665};-280.569866449044;37.00470984835844
33094;-103.280223376163;((_a7_ * _a5_) * (x * ((x * (x + (_a4_ / _a5_))) + _a5_)));{'d0': {'_a4_': 0.32795775969807395, '_a5_': 0.5256917691277656, '_a7_': 6.423461582689272, '_a0_': 1.0, '_a1_': 1.0, '_a2_': 1.0, '_a3_': 1.0, '_a6_': 1.0}};{'d0': 0.02490583291941665};-280.569866449044;37.00470984835844
33095;-103.280223376163;((_a7_ * _a5_) * (x * ((x * (x + (_a4_ / _a5_))) + _a5_)));{'d0': {'_a4_': 0.32795775969807395, '_a5_': 0.5256917691277656, '_a7_': 6.423461582689272, '_a0_': 1.0, '_a1_': 1.0, '_a2_': 1.0, '_a3_': 1.0, '_a6_': 1.0}};{'d0': 0.02490583291941665};-280.569866449044;37.00470984835844
33096;-103.280223376163;((_a7_ * _a5_) * (x * ((x * (x + (_a4_ / _a5_))) + _a5_)));{'d0': {'_a4_': 0.32795775969807395, '_a5_': 0.5256917691277656, '_a7_': 6.423461582689272, '_a0_': 1.0, '_a1_': 1.0, '_a2_': 1.0, '_a3_': 1.0, '_a6_': 1.0}};{'d0': 0.02490583291941665};-280.569866449044;37.00470984835844
33097;-103.280223376163;((_a7_ * _a5_) * (x * ((x * (x + (_a4_ / _a5_))) + _a5_)));{'d0': {'_a4_': 0.32795775969807395, '_a5_': 0.5256917691277656, '_a7_': 6.423461582689272, '_a0_': 1.0, '_a1_': 1.0, '_a2_': 1.0, '_a3_': 1.0, '_a6_': 1.0}};{'d0': 0.02490583291941665};-280.569866449044;37.00470984835844
33098;-103.280223376163;((_a7_ * _a5_) * (x * ((x * (x + (_a4_ / _a7_))) + _a5_)));{'d0': {'_a4_': 4.007336965419902, '_a5_': 0.5256917709816743, '_a7_': 6.423461545110617, '_a0_': 1.0, '_a1_': 1.0, '_a2_': 1.0, '_a3_': 1.0, '_a6_': 1.0}};{'d0': 0.024905832919416643};-280.569866449044;37.00470984835844
33099;-103.280223376163;((_a7_ * _a5_) * (x * ((x * (x + (_a4_ / _a7_))) + _a5_)));{'d0': {'_a4_': 4.007336965419902, '_a5_': 0.5256917709816743, '_a7_': 6.423461545110617, '_a0_': 1.0, '_a1_': 1.0, '_a2_': 1.0, '_a3_': 1.0, '_a6_': 1.0}};{'d0': 0.024905832919416643};-280.569866449044;37.00470984835844
33100;-103.280223376163;((_a7_ * _a5_) * (x * ((x * (x + (_a4_ / _a7_))) + _a5_)));{'d0': {'_a4_': 4.007336965419902, '_a5_': 0.5256917709816743, '_a7_': 6.423461545110617, '_a0_': 1.0, '_a1_': 1.0, '_a2_': 1.0, '_a3_': 1.0, '_a6_': 1.0}};{'d0': 0.024905832919416643};-280.569866449044;37.00470984835844
33101;-103.280223376163;((_a7_ * _a5_) * (x * ((x * (x + (_a4_ / _a7_))) + _a5_)));{'d0': {'_a4_': 4.007336965419902, '_a5_': 0.5256917709816743, '_a7_': 6.423461545110617, '_a0_': 1.0, '_a1_': 1.0, '_a2_': 1.0, '_a3_': 1.0, '_a6_': 1.0}};{'d0': 0.024905832919416643};-280.569866449044;37.00470984835844
33102;-103.280223376163;((_a7_ * _a5_) * (x * ((x * (x + (_a4_ / _a7_))) + _a5_)));{'d0': {'_a4_': 4.007336965419902, '_a5_': 0.5256917709816743, '_a7_': 6.423461545110617, '_a0_': 1.0, '_a1_': 1.0, '_a2_': 1.0, '_a3_': 1.0, '_a6_': 1.0}};{'d0': 0.024905832919416643};-280.569866449044;37.00470984835844
33103;-103.280223376163;((_a7_ * _a5_) * (x * ((x * (x + (_a4_ / _a7_))) + _a5_)));{'d0': {'_a4_': 4.007336965419902, '_a5_': 0.5256917709816743, '_a7_': 6.423461545110617, '_a0_': 1.0, '_a1_': 1.0, '_a2_': 1.0, '_a3_': 1.0, '_a6_': 1.0}};{'d0': 0.024905832919416643};-280.569866449044;37.00470984835844
33104;-103.280223376163;((_a7_ * _a5_) * (x * ((x * (x + (_a4_ / _a7_))) + _a5_)));{'d0': {'_a4_': 4.007336965419902, '_a5_': 0.5256917709816743, '_a7_': 6.423461545110617, '_a0_': 1.0, '_a1_': 1.0, '_a2_': 1.0, '_a3_': 1.0, '_a6_': 1.0}};{'d0': 0.024905832919416643};-280.569866449044;37.00470984835844
33105;-103.280223376163;((_a7_ * _a5_) * (x * ((x * (x + (_a4_ / _a7_))) + _a5_)));{'d0': {'_a4_': 4.007336965419902, '_a5_': 0.5256917709816743, '_a7_': 6.423461545110617, '_a0_': 1.0, '_a1_': 1.0, '_a2_': 1.0, '_a3_': 1.0, '_a6_': 1.0}};{'d0': 0.024905832919416643};-280.569866449044;37.00470984835844
33106;-103.280223376163;((_a7_ * _a5_) * (x * ((x * (x + (_a4_ / _a7_))) + _a5_)));{'d0': {'_a4_': 4.007336965419902, '_a5_': 0.5256917709816743, '_a7_': 6.423461545110617, '_a0_': 1.0, '_a1_': 1.0, '_a2_': 1.0, '_a3_': 1.0, '_a6_': 1.0}};{'d0': 0.024905832919416643};-280.569866449044;37.00470984835844
33107;-103.280223376163;((_a7_ * _a5_) * (x * ((x * (x + (_a4_ / _a7_))) + _a5_)));{'d0': {'_a4_': 4.007336965419902, '_a5_': 0.5256917709816743, '_a7_': 6.423461545110617, '_a0_': 1.0, '_a1_': 1.0, '_a2_': 1.0, '_a3_': 1.0, '_a6_': 1.0}};{'d0': 0.024905832919416643};-280.569866449044;37.00470984835844
33108;-103.280223376163;((_a7_ * _a5_) * (x * ((x * (x + (_a4_ / _a7_))) + _a5_)));{'d0': {'_a4_': 4.007336965419902, '_a5_': 0.5256917709816743, '_a7_': 6.423461545110617, '_a0_': 1.0, '_a1_': 1.0, '_a2_': 1.0, '_a3_': 1.0, '_a6_': 1.0}};{'d0': 0.024905832919416643};-280.569866449044;37.00470984835844
33109;-103.280223376163;((_a7_ * _a5_) * (x * ((x * (x + (_a4_ / _a7_))) + _a5_)));{'d0': {'_a4_': 4.007336965419902, '_a5_': 0.5256917709816743, '_a7_': 6.423461545110617, '_a0_': 1.0, '_a1_': 1.0, '_a2_': 1.0, '_a3_': 1.0, '_a6_': 1.0}};{'d0': 0.024905832919416643};-280.569866449044;37.00470984835844
33110;-103.280223376163;((_a7_ * _a5_) * (x * ((x * (x + (_a4_ / _a7_))) + _a5_)));{'d0': {'_a4_': 4.007336965419902, '_a5_': 0.5256917709816743, '_a7_': 6.423461545110617, '_a0_': 1.0, '_a1_': 1.0, '_a2_': 1.0, '_a3_': 1.0, '_a6_': 1.0}};{'d0': 0.024905832919416643};-280.569866449044;37.00470984835844
33111;-103.280223376164;((((x * ((_a4_ / _a6_) + x)) + _a6_) * (_a5_ * x)) * _a4_);{'d0': {'_a4_': 0.3279577600469402, '_a5_': 10.296328651970462, '_a6_': 0.5256917696016526, '_a0_': 1.0, '_a1_': 1.0, '_a2_': 1.0, '_a3_': 1.0, '_a7_': 1.0}};{'d0': 0.02490583291941662};-280.569866449044;37.00470984835843
33112;-108.229563301621;(((x * ((_a4_ / _a6_) + x)) + _a6_) * (_a5_ * x));{'d0': {'_a4_': 0.3279577600150632, '_a5_': 3.376760881835173, '_a6_': 0.5256917695289837, '_a0_': 1.0, '_a1_': 1.0, '_a2_': 1.0, '_a3_': 1.0, '_a7_': 1.0}};{'d0': 0.024905832919416622};-280.569866449044;32.055369922901434
33113;-108.229563301621;(((x * ((_a4_ / _a6_) + x)) + _a6_) * (_a5_ * x));{'d0': {'_a4_': 0.3279577600150632, '_a5_': 3.376760881835173, '_a6_': 0.5256917695289837, '_a0_': 1.0, '_a1_': 1.0, '_a2_': 1.0, '_a3_': 1.0, '_a7_': 1.0}};{'d0': 0.024905832919416622};-280.569866449044;32.055369922901434
33114;-108.229563301621;(((x * ((_a4_ / _a6_) + x)) + _a6_) * (_a5_ * x));{'d0': {'_a4_': 0.3279577600150632, '_a5_': 3.376760881835173, '_a6_': 0.5256917695289837, '_a0_': 1.0, '_a1_': 1.0, '_a2_': 1.0, '_a3_': 1.0, '_a7_': 1.0}};{'d0': 0.024905832919416622};-280.569866449044;32.055369922901434
33115;-108.229563301621;(((x * ((_a4_ / _a6_) + x)) + _a6_) * (_a5_ * x));{'d0': {'_a4_': 0.3279577600150632, '_a5_': 3.376760881835173, '_a6_': 0.5256917695289837, '_a0_': 1.0, '_a1_': 1.0, '_a2_': 1.0, '_a3_': 1.0, '_a7_': 1.0}};{'d0': 0.024905832919416622};-280.569866449044;32.055369922901434
33116;-108.229563301621;(((x * ((_a4_ / _a6_) + x)) + _a6_) * (_a5_ * x));{'d0': {'_a4_': 0.3279577600150632, '_a5_': 3.376760881835173, '_a6_': 0.5256917695289837, '_a0_': 1.0, '_a1_': 1.0, '_a2_': 1.0, '_a3_': 1.0, '_a7_': 1.0}};{'d0': 0.024905832919416622};-280.569866449044;32.055369922901434
33117;-108.229563301621;(((x * ((_a4_ / _a6_) + x)) + _a6_) * (_a5_ * x));{'d0': {'_a4_': 0.3279577600150632, '_a5_': 3.376760881835173, '_a6_': 0.5256917695289837, '_a0_': 1.0, '_a1_': 1.0, '_a2_': 1.0, '_a3_': 1.0, '_a7_': 1.0}};{'d0': 0.024905832919416622};-280.569866449044;32.055369922901434
33118;-108.229563301621;(((x * ((_a4_ / _a6_) + x)) + _a6_) * (_a5_ * x));{'d0': {'_a4_': 0.3279577600150632, '_a5_': 3.376760881835173, '_a6_': 0.5256917695289837, '_a0_': 1.0, '_a1_': 1.0, '_a2_': 1.0, '_a3_': 1.0, '_a7_': 1.0}};{'d0': 0.024905832919416622};-280.569866449044;32.055369922901434
33119;-108.229563301621;(((x * ((_a4_ / _a6_) + x)) + _a6_) * (_a5_ * x));{'d0': {'_a4_': 0.3279577600150632, '_a5_': 3.376760881835173, '_a6_': 0.5256917695289837, '_a0_': 1.0, '_a1_': 1.0, '_a2_': 1.0, '_a3_': 1.0, '_a7_': 1.0}};{'d0': 0.024905832919416622};-280.569866449044;32.055369922901434
33120;-108.229563301621;(((x * ((_a4_ / _a6_) + x)) + _a6_) * (_a5_ * x));{'d0': {'_a4_': 0.3279577600150632, '_a5_': 3.376760881835173, '_a6_': 0.5256917695289837, '_a0_': 1.0, '_a1_': 1.0, '_a2_': 1.0, '_a3_': 1.0, '_a7_': 1.0}};{'d0': 0.024905832919416622};-280.569866449044;32.055369922901434
33121;-108.229563301621;(((x * ((_a4_ / _a6_) + x)) + _a6_) * (_a5_ * x));{'d0': {'_a4_': 0.3279577600150632, '_a5_': 3.376760881835173, '_a6_': 0.5256917695289837, '_a0_': 1.0, '_a1_': 1.0, '_a2_': 1.0, '_a3_': 1.0, '_a7_': 1.0}};{'d0': 0.024905832919416622};-280.569866449044;32.055369922901434
33122;-108.229563301621;(((x * ((_a4_ / _a6_) + x)) + _a6_) * (_a5_ * x));{'d0': {'_a4_': 0.3279577600150632, '_a5_': 3.376760881835173, '_a6_': 0.5256917695289837, '_a0_': 1.0, '_a1_': 1.0, '_a2_': 1.0, '_a3_': 1.0, '_a7_': 1.0}};{'d0': 0.024905832919416622};-280.569866449044;32.055369922901434
33123;-108.229563301621;(((x * ((_a4_ / _a6_) + x)) + _a6_) * (_a5_ * x));{'d0': {'_a4_': 0.3279577600150632, '_a5_': 3.376760881835173, '_a6_': 0.5256917695289837, '_a0_': 1.0, '_a1_': 1.0, '_a2_': 1.0, '_a3_': 1.0, '_a7_': 1.0}};{'d0': 0.024905832919416622};-280.569866449044;32.055369922901434
33124;-108.229563301621;(((x * ((_a4_ / _a6_) + x)) + _a6_) * (_a5_ * x));{'d0': {'_a4_': 0.3279577600150632, '_a5_': 3.376760881835173, '_a6_': 0.5256917695289837, '_a0_': 1.0, '_a1_': 1.0, '_a2_': 1.0, '_a3_': 1.0, '_a7_': 1.0}};{'d0': 0.024905832919416622};-280.569866449044;32.055369922901434
33125;-108.229563301621;(((x * ((_a4_ / _a6_) + x)) + _a6_) * (_a5_ * x));{'d0': {'_a4_': 0.3279577600150632, '_a5_': 3.376760881835173, '_a6_': 0.5256917695289837, '_a0_': 1.0, '_a1_': 1.0, '_a2_': 1.0, '_a3_': 1.0, '_a7_': 1.0}};{'d0': 0.024905832919416622};-280.569866449044;32.055369922901434
33126;-108.229563301621;(((x * ((_a4_ / _a6_) + x)) + _a6_) * (_a5_ * x));{'d0': {'_a4_': 0.3279577600150632, '_a5_': 3.376760881835173, '_a6_': 0.5256917695289837, '_a0_': 1.0, '_a1_': 1.0, '_a2_': 1.0, '_a3_': 1.0, '_a7_': 1.0}};{'d0': 0.024905832919416622};-280.569866449044;32.055369922901434
33127;-108.229563301621;(((x * ((_a4_ / _a6_) + x)) + _a6_) * (_a5_ * x));{'d0': {'_a4_': 0.3279577600150632, '_a5_': 3.376760881835173, '_a6_': 0.5256917695289837, '_a0_': 1.0, '_a1_': 1.0, '_a2_': 1.0, '_a3_': 1.0, '_a7_': 1.0}};{'d0': 0.024905832919416622};-280.569866449044;32.055369922901434
33128;-108.229563301621;(((x * ((_a4_ / _a6_) + x)) + _a6_) * (_a5_ * x));{'d0': {'_a4_': 0.3279577600150632, '_a5_': 3.376760881835173, '_a6_': 0.5256917695289837, '_a0_': 1.0, '_a1_': 1.0, '_a2_': 1.0, '_a3_': 1.0, '_a7_': 1.0}};{'d0': 0.024905832919416622};-280.569866449044;32.055369922901434
33129;-108.229563301621;(((x * ((_a4_ / _a6_) + x)) + _a6_) * (_a5_ * x));{'d0': {'_a4_': 0.3279577600150632, '_a5_': 3.376760881835173, '_a6_': 0.5256917695289837, '_a0_': 1.0, '_a1_': 1.0, '_a2_': 1.0, '_a3_': 1.0, '_a7_': 1.0}};{'d0': 0.024905832919416622};-280.569866449044;32.055369922901434
33130;-108.229563301621;(((x * ((_a4_ / _a6_) + x)) + _a6_) * (_a5_ * x));{'d0': {'_a4_': 0.3279577600150632, '_a5_': 3.376760881835173, '_a6_': 0.5256917695289837, '_a0_': 1.0, '_a1_': 1.0, '_a2_': 1.0, '_a3_': 1.0, '_a7_': 1.0}};{'d0': 0.024905832919416622};-280.569866449044;32.055369922901434
33131;-108.229563301621;(((x * ((_a4_ / _a6_) + x)) + _a6_) * (_a5_ * x));{'d0': {'_a4_': 0.3279577600150632, '_a5_': 3.376760881835173, '_a6_': 0.5256917695289837, '_a0_': 1.0, '_a1_': 1.0, '_a2_': 1.0, '_a3_': 1.0, '_a7_': 1.0}};{'d0': 0.024905832919416622};-280.569866449044;32.055369922901434
33132;-108.229563301621;(((x * ((_a4_ / _a6_) + x)) + _a6_) * (_a5_ * x));{'d0': {'_a4_': 0.3279577600150632, '_a5_': 3.376760881835173, '_a6_': 0.5256917695289837, '_a0_': 1.0, '_a1_': 1.0, '_a2_': 1.0, '_a3_': 1.0, '_a7_': 1.0}};{'d0': 0.024905832919416622};-280.569866449044;32.055369922901434
33133;-108.229563301621;(((x * ((_a4_ / _a6_) + x)) + _a6_) * (_a5_ * x));{'d0': {'_a4_': 0.3279577600150632, '_a5_': 3.376760881835173, '_a6_': 0.5256917695289837, '_a0_': 1.0, '_a1_': 1.0, '_a2_': 1.0, '_a3_': 1.0, '_a7_': 1.0}};{'d0': 0.024905832919416622};-280.569866449044;32.055369922901434
33134;-108.229563301621;(((x * ((_a4_ / _a6_) + x)) + _a6_) * (_a5_ * x));{'d0': {'_a4_': 0.3279577600150632, '_a5_': 3.376760881835173, '_a6_': 0.5256917695289837, '_a0_': 1.0, '_a1_': 1.0, '_a2_': 1.0, '_a3_': 1.0, '_a7_': 1.0}};{'d0': 0.024905832919416622};-280.569866449044;32.055369922901434
33135;-108.229563301621;(((x * ((_a4_ / _a6_) + x)) + _a6_) * (_a5_ * x));{'d0': {'_a4_': 0.3279577600150632, '_a5_': 3.376760881835173, '_a6_': 0.5256917695289837, '_a0_': 1.0, '_a1_': 1.0, '_a2_': 1.0, '_a3_': 1.0, '_a7_': 1.0}};{'d0': 0.024905832919416622};-280.569866449044;32.055369922901434
33136;-108.229563301621;(((x * ((_a4_ / _a6_) + x)) + _a6_) * (_a5_ * x));{'d0': {'_a4_': 0.3279577600150632, '_a5_': 3.376760881835173, '_a6_': 0.5256917695289837, '_a0_': 1.0, '_a1_': 1.0, '_a2_': 1.0, '_a3_': 1.0, '_a7_': 1.0}};{'d0': 0.024905832919416622};-280.569866449044;32.055369922901434
33137;-108.229563301621;(((x * ((_a4_ / _a6_) + x)) + _a6_) * (_a5_ * x));{'d0': {'_a4_': 0.3279577600150632, '_a5_': 3.376760881835173, '_a6_': 0.5256917695289837, '_a0_': 1.0, '_a1_': 1.0, '_a2_': 1.0, '_a3_': 1.0, '_a7_': 1.0}};{'d0': 0.024905832919416622};-280.569866449044;32.055369922901434
33138;-108.229563301621;(((x * ((_a4_ / _a6_) + x)) + _a6_) * (_a5_ * x));{'d0': {'_a4_': 0.3279577600150632, '_a5_': 3.376760881835173, '_a6_': 0.5256917695289837, '_a0_': 1.0, '_a1_': 1.0, '_a2_': 1.0, '_a3_': 1.0, '_a7_': 1.0}};{'d0': 0.024905832919416622};-280.569866449044;32.055369922901434
33139;-108.689992057503;(((x * (sqrt(_a0_) + x)) + _a6_) * (_a5_ * x));{'d0': {'_a0_': 0.3892005703019998, '_a5_': 3.3767608799181126, '_a6_': 0.5256917700153598, '_a1_': 1.0, '_a2_': 1.0, '_a3_': 1.0, '_a4_': 1.0, '_a7_': 1.0}};{'d0': 0.02490583291941667};-280.569866449043;31.594941167019034
33140;-108.689992057503;(((x * (sqrt(_a0_) + x)) + _a6_) * (_a5_ * x));{'d0': {'_a0_': 0.3892005703019998, '_a5_': 3.3767608799181126, '_a6_': 0.5256917700153598, '_a1_': 1.0, '_a2_': 1.0, '_a3_': 1.0, '_a4_': 1.0, '_a7_': 1.0}};{'d0': 0.02490583291941667};-280.569866449043;31.594941167019034
33141;-108.689992057503;(((x * (sqrt(_a0_) + x)) + _a6_) * (_a5_ * x));{'d0': {'_a0_': 0.3892005703019998, '_a5_': 3.3767608799181126, '_a6_': 0.5256917700153598, '_a1_': 1.0, '_a2_': 1.0, '_a3_': 1.0, '_a4_': 1.0, '_a7_': 1.0}};{'d0': 0.02490583291941667};-280.569866449043;31.594941167019034
33142;-108.689992057503;(((x * (sqrt(_a0_) + x)) + _a6_) * (_a5_ * x));{'d0': {'_a0_': 0.3892005703019998, '_a5_': 3.3767608799181126, '_a6_': 0.5256917700153598, '_a1_': 1.0, '_a2_': 1.0, '_a3_': 1.0, '_a4_': 1.0, '_a7_': 1.0}};{'d0': 0.02490583291941667};-280.569866449043;31.594941167019034
33143;-108.689992057503;(((x * (sqrt(_a0_) + x)) + _a6_) * (_a5_ * x));{'d0': {'_a0_': 0.3892005703019998, '_a5_': 3.3767608799181126, '_a6_': 0.5256917700153598, '_a1_': 1.0, '_a2_': 1.0, '_a3_': 1.0, '_a4_': 1.0, '_a7_': 1.0}};{'d0': 0.02490583291941667};-280.569866449043;31.594941167019034
33144;-88.7131629675592;(((pow2((_a7_ * (_a7_ * (x + (-(_a1_) + _a0_))))) + _a1_) * _a3_) * (_a0_ * x));{'d0': {'_a0_': 1.2061116288273441, '_a1_': 0.8941819210085776, '_a3_': 1.3413060138165387, '_a7_': -1.2019771961884032, '_a2_': 1.0, '_a4_': 1.0, '_a5_': 1.0, '_a6_': 1.0}};{'d0': 0.024905832919596114};-276.475521886389;49.52459797563536
33145;-88.7131629675592;(((pow2((_a7_ * (_a7_ * (x + (-(_a1_) + _a0_))))) + _a1_) * _a3_) * (_a0_ * x));{'d0': {'_a0_': 1.2061116288273441, '_a1_': 0.8941819210085776, '_a3_': 1.3413060138165387, '_a7_': -1.2019771961884032, '_a2_': 1.0, '_a4_': 1.0, '_a5_': 1.0, '_a6_': 1.0}};{'d0': 0.024905832919596114};-276.475521886389;49.52459797563536
33146;-88.7131629675592;(((pow2((_a7_ * (_a7_ * (x + (-(_a1_) + _a0_))))) + _a1_) * _a3_) * (_a0_ * x));{'d0': {'_a0_': 1.2061116288273441, '_a1_': 0.8941819210085776, '_a3_': 1.3413060138165387, '_a7_': -1.2019771961884032, '_a2_': 1.0, '_a4_': 1.0, '_a5_': 1.0, '_a6_': 1.0}};{'d0': 0.024905832919596114};-276.475521886389;49.52459797563536
33147;-88.7131629675592;(((pow2((_a7_ * (_a7_ * (x + (-(_a1_) + _a0_))))) + _a1_) * _a3_) * (_a0_ * x));{'d0': {'_a0_': 1.2061116288273441, '_a1_': 0.8941819210085776, '_a3_': 1.3413060138165387, '_a7_': -1.2019771961884032, '_a2_': 1.0, '_a4_': 1.0, '_a5_': 1.0, '_a6_': 1.0}};{'d0': 0.024905832919596114};-276.475521886389;49.52459797563536
33148;-88.7131629675592;(((pow2((_a7_ * (_a7_ * (x + (-(_a1_) + _a0_))))) + _a1_) * _a3_) * (_a0_ * x));{'d0': {'_a0_': 1.2061116288273441, '_a1_': 0.8941819210085776, '_a3_': 1.3413060138165387, '_a7_': -1.2019771961884032, '_a2_': 1.0, '_a4_': 1.0, '_a5_': 1.0, '_a6_': 1.0}};{'d0': 0.024905832919596114};-276.475521886389;49.52459797563536
33149;-88.7131629675592;(((pow2((_a7_ * (_a7_ * (x + (-(_a1_) + _a0_))))) + _a1_) * _a3_) * (_a0_ * x));{'d0': {'_a0_': 1.2061116288273441, '_a1_': 0.8941819210085776, '_a3_': 1.3413060138165387, '_a7_': -1.2019771961884032, '_a2_': 1.0, '_a4_': 1.0, '_a5_': 1.0, '_a6_': 1.0}};{'d0': 0.024905832919596114};-276.475521886389;49.52459797563536
33150;-88.7131629675592;(((pow2((_a7_ * (_a7_ * (x + (-(_a1_) + _a0_))))) + _a1_) * _a3_) * (_a0_ * x));{'d0': {'_a0_': 1.2061116288273441, '_a1_': 0.8941819210085776, '_a3_': 1.3413060138165387, '_a7_': -1.2019771961884032, '_a2_': 1.0, '_a4_': 1.0, '_a5_': 1.0, '_a6_': 1.0}};{'d0': 0.024905832919596114};-276.475521886389;49.52459797563536
33151;-83.2329042959087;((((((_a1_ + (_a4_ * x)) * (x / (_a7_ * _a0_))) * (_a7_ * x)) + x) / _a7_) * _a2_);{'d0': {'_a0_': 6.837295020160947, '_a1_': 8.114090835051345, '_a2_': 74.8559317462795, '_a4_': 13.006280958889036, '_a7_': 42.16913906963399, '_a3_': 1.0, '_a5_': 1.0, '_a6_': 1.0}};{'d0': 0.024905832919421066};-272.381177324589;52.95768436638555
33152;-83.2329042959087;((((((_a1_ + (_a4_ * x)) * (x / (_a7_ * _a0_))) * (_a7_ * x)) + x) / _a7_) * _a2_);{'d0': {'_a0_': 6.837295020160947, '_a1_': 8.114090835051345, '_a2_': 74.8559317462795, '_a4_': 13.006280958889036, '_a7_': 42.16913906963399, '_a3_': 1.0, '_a5_': 1.0, '_a6_': 1.0}};{'d0': 0.024905832919421066};-272.381177324589;52.95768436638555
33153;-83.2329042959087;((((((_a1_ + (_a4_ * x)) * (x / (_a7_ * _a0_))) * (_a7_ * x)) + x) / _a7_) * _a2_);{'d0': {'_a0_': 6.837295020160947, '_a1_': 8.114090835051345, '_a2_': 74.8559317462795, '_a4_': 13.006280958889036, '_a7_': 42.16913906963399, '_a3_': 1.0, '_a5_': 1.0, '_a6_': 1.0}};{'d0': 0.024905832919421066};-272.381177324589;52.95768436638555
33154;-83.2329042959087;((((((_a1_ + (_a4_ * x)) * (x / (_a7_ * _a0_))) * (_a7_ * x)) + x) / _a7_) * _a2_);{'d0': {'_a0_': 6.837295020160947, '_a1_': 8.114090835051345, '_a2_': 74.8559317462795, '_a4_': 13.006280958889036, '_a7_': 42.16913906963399, '_a3_': 1.0, '_a5_': 1.0, '_a6_': 1.0}};{'d0': 0.024905832919421066};-272.381177324589;52.95768436638555
33155;-83.2329042959087;((((((_a1_ + (_a4_ * x)) * (x / (_a7_ * _a0_))) * (_a7_ * x)) + x) / _a7_) * _a2_);{'d0': {'_a0_': 6.837295020160947, '_a1_': 8.114090835051345, '_a2_': 74.8559317462795, '_a4_': 13.006280958889036, '_a7_': 42.16913906963399, '_a3_': 1.0, '_a5_': 1.0, '_a6_': 1.0}};{'d0': 0.024905832919421066};-272.381177324589;52.95768436638555
33156;-83.2329042959087;((((((_a1_ + (_a4_ * x)) * (x / (_a7_ * _a0_))) * (_a7_ * x)) + x) / _a7_) * _a2_);{'d0': {'_a0_': 6.837295020160947, '_a1_': 8.114090835051345, '_a2_': 74.8559317462795, '_a4_': 13.006280958889036, '_a7_': 42.16913906963399, '_a3_': 1.0, '_a5_': 1.0, '_a6_': 1.0}};{'d0': 0.024905832919421066};-272.381177324589;52.95768436638555
33157;-83.2329042959087;((((((_a1_ + (_a4_ * x)) * (x / (_a7_ * _a0_))) * (_a7_ * x)) + x) / _a7_) * _a2_);{'d0': {'_a0_': 6.837295020160947, '_a1_': 8.114090835051345, '_a2_': 74.8559317462795, '_a4_': 13.006280958889036, '_a7_': 42.16913906963399, '_a3_': 1.0, '_a5_': 1.0, '_a6_': 1.0}};{'d0': 0.024905832919421066};-272.381177324589;52.95768436638555
33158;-83.2329042959087;((((((_a1_ + (_a4_ * x)) * (x / (_a7_ * _a0_))) * (_a7_ * x)) + x) / _a7_) * _a2_);{'d0': {'_a0_': 6.837295020160947, '_a1_': 8.114090835051345, '_a2_': 74.8559317462795, '_a4_': 13.006280958889036, '_a7_': 42.16913906963399, '_a3_': 1.0, '_a5_': 1.0, '_a6_': 1.0}};{'d0': 0.024905832919421066};-272.381177324589;52.95768436638555
33159;-83.2329042959087;((((((_a1_ + (_a4_ * x)) * (x / (_a7_ * _a0_))) * (_a7_ * x)) + x) / _a7_) * _a2_);{'d0': {'_a0_': 6.837295020160947, '_a1_': 8.114090835051345, '_a2_': 74.8559317462795, '_a4_': 13.006280958889036, '_a7_': 42.16913906963399, '_a3_': 1.0, '_a5_': 1.0, '_a6_': 1.0}};{'d0': 0.024905832919421066};-272.381177324589;52.95768436638555
33160;-83.2329042959087;((((((_a1_ + (_a4_ * x)) * (x / (_a7_ * _a0_))) * (_a7_ * x)) + x) / _a7_) * _a2_);{'d0': {'_a0_': 6.837295020160947, '_a1_': 8.114090835051345, '_a2_': 74.8559317462795, '_a4_': 13.006280958889036, '_a7_': 42.16913906963399, '_a3_': 1.0, '_a5_': 1.0, '_a6_': 1.0}};{'d0': 0.024905832919421066};-272.381177324589;52.95768436638555
33161;-83.2329042959087;((((((_a1_ + (_a4_ * x)) * (x / (_a7_ * _a0_))) * (_a7_ * x)) + x) / _a7_) * _a2_);{'d0': {'_a0_': 6.837295020160947, '_a1_': 8.114090835051345, '_a2_': 74.8559317462795, '_a4_': 13.006280958889036, '_a7_': 42.16913906963399, '_a3_': 1.0, '_a5_': 1.0, '_a6_': 1.0}};{'d0': 0.024905832919421066};-272.381177324589;52.95768436638555
33162;-82.4063577449838;((((((_a1_ + (_a4_ + x)) * (x / (_a7_ * _a0_))) * (_a7_ * x)) + x) / _a7_) * _a2_);{'d0': {'_a0_': 0.5256917704325381, '_a1_': -2.510042163983427, '_a2_': 27.451614898083776, '_a4_': 3.133901579637244, '_a7_': 15.464518781393215, '_a3_': 1.0, '_a5_': 1.0, '_a6_': 1.0}};{'d0': 0.024905832919417687};-272.381177324597;53.78423091731455
33163;-82.4063577449838;((((((_a1_ + (_a4_ + x)) * (x / (_a7_ * _a0_))) * (_a7_ * x)) + x) / _a7_) * _a2_);{'d0': {'_a0_': 0.5256917704325381, '_a1_': -2.510042163983427, '_a2_': 27.451614898083776, '_a4_': 3.133901579637244, '_a7_': 15.464518781393215, '_a3_': 1.0, '_a5_': 1.0, '_a6_': 1.0}};{'d0': 0.024905832919417687};-272.381177324597;53.78423091731455
33164;-82.4063577449838;((((((_a1_ + (_a4_ + x)) * (x / (_a7_ * _a0_))) * (_a7_ * x)) + x) / _a7_) * _a2_);{'d0': {'_a0_': 0.5256917704325381, '_a1_': -2.510042163983427, '_a2_': 27.451614898083776, '_a4_': 3.133901579637244, '_a7_': 15.464518781393215, '_a3_': 1.0, '_a5_': 1.0, '_a6_': 1.0}};{'d0': 0.024905832919417687};-272.381177324597;53.78423091731455
33165;-82.4063577449838;((((((_a1_ + (_a4_ + x)) * (x / (_a7_ * _a0_))) * (_a7_ * x)) + x) / _a7_) * _a2_);{'d0': {'_a0_': 0.5256917704325381, '_a1_': -2.510042163983427, '_a2_': 27.451614898083776, '_a4_': 3.133901579637244, '_a7_': 15.464518781393215, '_a3_': 1.0, '_a5_': 1.0, '_a6_': 1.0}};{'d0': 0.024905832919417687};-272.381177324597;53.78423091731455
33166;-82.4063577449838;((((((_a1_ + (_a4_ + x)) * (x / (_a7_ * _a0_))) * (_a7_ * x)) + x) / _a7_) * _a2_);{'d0': {'_a0_': 0.5256917704325381, '_a1_': -2.510042163983427, '_a2_': 27.451614898083776, '_a4_': 3.133901579637244, '_a7_': 15.464518781393215, '_a3_': 1.0, '_a5_': 1.0, '_a6_': 1.0}};{'d0': 0.024905832919417687};-272.381177324597;53.78423091731455
33167;-89.4752272378711;(((((_a1_ + (_a4_ + x)) * (x / (_a7_ * _a0_))) * (_a7_ * x)) + x) / _a7_);{'d0': {'_a0_': 0.5256917700898193, '_a1_': -1.4386796170634057, '_a4_': 2.0625390276113515, '_a7_': 0.5633373075703773, '_a2_': 1.0, '_a3_': 1.0, '_a5_': 1.0, '_a6_': 1.0}};{'d0': 0.024905832919419897};-276.475521886814;48.76253370553555
33168;-89.4752272378711;(((((_a1_ + (_a4_ + x)) * (x / (_a7_ * _a0_))) * (_a7_ * x)) + x) / _a7_);{'d0': {'_a0_': 0.5256917700898193, '_a1_': -1.4386796170634057, '_a4_': 2.0625390276113515, '_a7_': 0.5633373075703773, '_a2_': 1.0, '_a3_': 1.0, '_a5_': 1.0, '_a6_': 1.0}};{'d0': 0.024905832919419897};-276.475521886814;48.76253370553555
33169;-89.4752272378711;(((((_a1_ + (_a4_ + x)) * (x / (_a7_ * _a0_))) * (_a7_ * x)) + x) / _a7_);{'d0': {'_a0_': 0.5256917700898193, '_a1_': -1.4386796170634057, '_a4_': 2.0625390276113515, '_a7_': 0.5633373075703773, '_a2_': 1.0, '_a3_': 1.0, '_a5_': 1.0, '_a6_': 1.0}};{'d0': 0.024905832919419897};-276.475521886814;48.76253370553555
33170;-89.4752272378711;(((((_a1_ + (_a4_ + x)) * (x / (_a7_ * _a0_))) * (_a7_ * x)) + x) / _a7_);{'d0': {'_a0_': 0.5256917700898193, '_a1_': -1.4386796170634057, '_a4_': 2.0625390276113515, '_a7_': 0.5633373075703773, '_a2_': 1.0, '_a3_': 1.0, '_a5_': 1.0, '_a6_': 1.0}};{'d0': 0.024905832919419897};-276.475521886814;48.76253370553555
33171;-89.4752272378711;(((((_a1_ + (_a4_ + x)) * (x / (_a7_ * _a0_))) * (_a7_ * x)) + x) / _a7_);{'d0': {'_a0_': 0.5256917700898193, '_a1_': -1.4386796170634057, '_a4_': 2.0625390276113515, '_a7_': 0.5633373075703773, '_a2_': 1.0, '_a3_': 1.0, '_a5_': 1.0, '_a6_': 1.0}};{'d0': 0.024905832919419897};-276.475521886814;48.76253370553555
33172;-89.4752272378711;(((((_a1_ + (_a4_ + x)) * (x / (_a7_ * _a0_))) * (_a7_ * x)) + x) / _a7_);{'d0': {'_a0_': 0.5256917700898193, '_a1_': -1.4386796170634057, '_a4_': 2.0625390276113515, '_a7_': 0.5633373075703773, '_a2_': 1.0, '_a3_': 1.0, '_a5_': 1.0, '_a6_': 1.0}};{'d0': 0.024905832919419897};-276.475521886814;48.76253370553555
33173;-89.4752272378711;(((((_a1_ + (_a4_ + x)) * (x / (_a7_ * _a0_))) * (_a7_ * x)) + x) / _a7_);{'d0': {'_a0_': 0.5256917700898193, '_a1_': -1.4386796170634057, '_a4_': 2.0625390276113515, '_a7_': 0.5633373075703773, '_a2_': 1.0, '_a3_': 1.0, '_a5_': 1.0, '_a6_': 1.0}};{'d0': 0.024905832919419897};-276.475521886814;48.76253370553555
33174;-89.4752272378711;(((((_a1_ + (_a4_ + x)) * (x / (_a7_ * _a0_))) * (_a7_ * x)) + x) / _a7_);{'d0': {'_a0_': 0.5256917700898193, '_a1_': -1.4386796170634057, '_a4_': 2.0625390276113515, '_a7_': 0.5633373075703773, '_a2_': 1.0, '_a3_': 1.0, '_a5_': 1.0, '_a6_': 1.0}};{'d0': 0.024905832919419897};-276.475521886814;48.76253370553555
33175;-89.4752272378711;(((((_a1_ + (_a4_ + x)) * (x / (_a7_ * _a0_))) * (_a7_ * x)) + x) / _a7_);{'d0': {'_a0_': 0.5256917700898193, '_a1_': -1.4386796170634057, '_a4_': 2.0625390276113515, '_a7_': 0.5633373075703773, '_a2_': 1.0, '_a3_': 1.0, '_a5_': 1.0, '_a6_': 1.0}};{'d0': 0.024905832919419897};-276.475521886814;48.76253370553555
33176;-89.4752272378711;(((((_a1_ + (_a4_ + x)) * (x / (_a7_ * _a0_))) * (_a7_ * x)) + x) / _a7_);{'d0': {'_a0_': 0.5256917700898193, '_a1_': -1.4386796170634057, '_a4_': 2.0625390276113515, '_a7_': 0.5633373075703773, '_a2_': 1.0, '_a3_': 1.0, '_a5_': 1.0, '_a6_': 1.0}};{'d0': 0.024905832919419897};-276.475521886814;48.76253370553555
33177;-89.4752272378711;(((((_a1_ + (_a4_ + x)) * (x / (_a7_ * _a0_))) * (_a7_ * x)) + x) / _a7_);{'d0': {'_a0_': 0.5256917700898193, '_a1_': -1.4386796170634057, '_a4_': 2.0625390276113515, '_a7_': 0.5633373075703773, '_a2_': 1.0, '_a3_': 1.0, '_a5_': 1.0, '_a6_': 1.0}};{'d0': 0.024905832919419897};-276.475521886814;48.76253370553555
33178;-89.4752272378711;(((((_a1_ + (_a4_ + x)) * (x / (_a7_ * _a0_))) * (_a7_ * x)) + x) / _a7_);{'d0': {'_a0_': 0.5256917700898193, '_a1_': -1.4386796170634057, '_a4_': 2.0625390276113515, '_a7_': 0.5633373075703773, '_a2_': 1.0, '_a3_': 1.0, '_a5_': 1.0, '_a6_': 1.0}};{'d0': 0.024905832919419897};-276.475521886814;48.76253370553555
33179;-89.4752272378711;(((((_a1_ + (_a4_ + x)) * (x / (_a7_ * _a0_))) * (_a7_ * x)) + x) / _a7_);{'d0': {'_a0_': 0.5256917700898193, '_a1_': -1.4386796170634057, '_a4_': 2.0625390276113515, '_a7_': 0.5633373075703773, '_a2_': 1.0, '_a3_': 1.0, '_a5_': 1.0, '_a6_': 1.0}};{'d0': 0.024905832919419897};-276.475521886814;48.76253370553555
33180;-89.4752272378711;(((((_a1_ + (_a4_ + x)) * (x / (_a7_ * _a0_))) * (_a7_ * x)) + x) / _a7_);{'d0': {'_a0_': 0.5256917700898193, '_a1_': -1.4386796170634057, '_a4_': 2.0625390276113515, '_a7_': 0.5633373075703773, '_a2_': 1.0, '_a3_': 1.0, '_a5_': 1.0, '_a6_': 1.0}};{'d0': 0.024905832919419897};-276.475521886814;48.76253370553555
33181;-89.4752272378711;(((((_a1_ + (_a4_ + x)) * (x / (_a7_ * _a0_))) * (_a7_ * x)) + x) / _a7_);{'d0': {'_a0_': 0.5256917700898193, '_a1_': -1.4386796170634057, '_a4_': 2.0625390276113515, '_a7_': 0.5633373075703773, '_a2_': 1.0, '_a3_': 1.0, '_a5_': 1.0, '_a6_': 1.0}};{'d0': 0.024905832919419897};-276.475521886814;48.76253370553555
33182;-89.4752272378711;(((((_a1_ + (_a4_ + x)) * (x / (_a7_ * _a0_))) * (_a7_ * x)) + x) / _a7_);{'d0': {'_a0_': 0.5256917700898193, '_a1_': -1.4386796170634057, '_a4_': 2.0625390276113515, '_a7_': 0.5633373075703773, '_a2_': 1.0, '_a3_': 1.0, '_a5_': 1.0, '_a6_': 1.0}};{'d0': 0.024905832919419897};-276.475521886814;48.76253370553555
33183;-89.4752272378711;(((((_a1_ + (_a4_ + x)) * (x / (_a7_ * _a0_))) * (_a7_ * x)) + x) / _a7_);{'d0': {'_a0_': 0.5256917700898193, '_a1_': -1.4386796170634057, '_a4_': 2.0625390276113515, '_a7_': 0.5633373075703773, '_a2_': 1.0, '_a3_': 1.0, '_a5_': 1.0, '_a6_': 1.0}};{'d0': 0.024905832919419897};-276.475521886814;48.76253370553555
33184;-89.4752272378711;(((((_a1_ + (_a4_ + x)) * (x / (_a7_ * _a0_))) * (_a7_ * x)) + x) / _a7_);{'d0': {'_a0_': 0.5256917700898193, '_a1_': -1.4386796170634057, '_a4_': 2.0625390276113515, '_a7_': 0.5633373075703773, '_a2_': 1.0, '_a3_': 1.0, '_a5_': 1.0, '_a6_': 1.0}};{'d0': 0.024905832919419897};-276.475521886814;48.76253370553555
33185;-89.4752272378711;(((((_a1_ + (_a4_ + x)) * (x / (_a7_ * _a0_))) * (_a7_ * x)) + x) / _a7_);{'d0': {'_a0_': 0.5256917700898193, '_a1_': -1.4386796170634057, '_a4_': 2.0625390276113515, '_a7_': 0.5633373075703773, '_a2_': 1.0, '_a3_': 1.0, '_a5_': 1.0, '_a6_': 1.0}};{'d0': 0.024905832919419897};-276.475521886814;48.76253370553555
33186;-83.6191084676290;(((pow2((_a7_ * (_a7_ * (x + (-(_a1_) + _a0_))))) + _a1_) * _a3_) * ((_a7_ * _a7_) * x));{'d0': {'_a0_': 1.0729185784430546, '_a1_': 0.7609888706681027, '_a3_': 1.4262453374786743, '_a7_': -1.1544744780494962, '_a2_': 1.0, '_a4_': 1.0, '_a5_': 1.0, '_a6_': 1.0}};{'d0': 0.024905832921114687};-276.475521882731;54.61865247373636
33187;-83.6191084676290;(((pow2((_a7_ * (_a7_ * (x + (-(_a1_) + _a0_))))) + _a1_) * _a3_) * ((_a7_ * _a7_) * x));{'d0': {'_a0_': 1.0729185784430546, '_a1_': 0.7609888706681027, '_a3_': 1.4262453374786743, '_a7_': -1.1544744780494962, '_a2_': 1.0, '_a4_': 1.0, '_a5_': 1.0, '_a6_': 1.0}};{'d0': 0.024905832921114687};-276.475521882731;54.61865247373636
33188;-83.6191084676290;(((pow2((_a7_ * (_a7_ * (x + (-(_a1_) + _a0_))))) + _a1_) * _a3_) * ((_a7_ * _a7_) * x));{'d0': {'_a0_': 1.0729185784430546, '_a1_': 0.7609888706681027, '_a3_': 1.4262453374786743, '_a7_': -1.1544744780494962, '_a2_': 1.0, '_a4_': 1.0, '_a5_': 1.0, '_a6_': 1.0}};{'d0': 0.024905832921114687};-276.475521882731;54.61865247373636
33189;-83.6191084676290;(((pow2((_a7_ * (_a7_ * (x + (-(_a1_) + _a0_))))) + _a1_) * _a3_) * ((_a7_ * _a7_) * x));{'d0': {'_a0_': 1.0729185784430546, '_a1_': 0.7609888706681027, '_a3_': 1.4262453374786743, '_a7_': -1.1544744780494962, '_a2_': 1.0, '_a4_': 1.0, '_a5_': 1.0, '_a6_': 1.0}};{'d0': 0.024905832921114687};-276.475521882731;54.61865247373636
33190;-83.6191084676290;(((pow2((_a7_ * (_a7_ * (x + (-(_a1_) + _a0_))))) + _a1_) * _a3_) * ((_a7_ * _a7_) * x));{'d0': {'_a0_': 1.0729185784430546, '_a1_': 0.7609888706681027, '_a3_': 1.4262453374786743, '_a7_': -1.1544744780494962, '_a2_': 1.0, '_a4_': 1.0, '_a5_': 1.0, '_a6_': 1.0}};{'d0': 0.024905832921114687};-276.475521882731;54.61865247373636
33191;-87.2990556296497;(((pow2((_a7_ * (_a7_ * (x + (_a7_ + _a0_))))) + _a1_) * _a3_) * ((_a7_ * _a7_) * x));{'d0': {'_a0_': 1.3108309329493768, '_a1_': 0.4265118997240005, '_a3_': 3.3991083902372115, '_a7_': -0.9989012251449056, '_a2_': 1.0, '_a4_': 1.0, '_a5_': 1.0, '_a6_': 1.0}};{'d0': 0.0249058329196533};-276.475521886251;50.93870531347597
33192;-87.2990556296497;(((pow2((_a7_ * (_a7_ * (x + (_a7_ + _a0_))))) + _a1_) * _a3_) * ((_a7_ * _a7_) * x));{'d0': {'_a0_': 1.3108309329493768, '_a1_': 0.4265118997240005, '_a3_': 3.3991083902372115, '_a7_': -0.9989012251449056, '_a2_': 1.0, '_a4_': 1.0, '_a5_': 1.0, '_a6_': 1.0}};{'d0': 0.0249058329196533};-276.475521886251;50.93870531347597
33193;-87.2990556296497;(((pow2((_a7_ * (_a7_ * (x + (_a7_ + _a0_))))) + _a1_) * _a3_) * ((_a7_ * _a7_) * x));{'d0': {'_a0_': 1.3108309329493768, '_a1_': 0.4265118997240005, '_a3_': 3.3991083902372115, '_a7_': -0.9989012251449056, '_a2_': 1.0, '_a4_': 1.0, '_a5_': 1.0, '_a6_': 1.0}};{'d0': 0.0249058329196533};-276.475521886251;50.93870531347597
33194;-92.3931101238082;(((pow2((_a7_ * (_a7_ * (x + (_a7_ + _a0_))))) + _a1_) * _a3_) * (_a1_ * x));{'d0': {'_a0_': 1.3817465403298181, '_a1_': 0.5611496163552695, '_a3_': 4.593924465767817, '_a7_': -1.0698168325450854, '_a2_': 1.0, '_a4_': 1.0, '_a5_': 1.0, '_a6_': 1.0}};{'d0': 0.024905832922926332};-276.475521878366;45.84465081537497
33195;-92.3931101238082;(((pow2((_a7_ * (_a7_ * (x + (_a7_ + _a0_))))) + _a1_) * _a3_) * (_a1_ * x));{'d0': {'_a0_': 1.3817465403298181, '_a1_': 0.5611496163552695, '_a3_': 4.593924465767817, '_a7_': -1.0698168325450854, '_a2_': 1.0, '_a4_': 1.0, '_a5_': 1.0, '_a6_': 1.0}};{'d0': 0.024905832922926332};-276.475521878366;45.84465081537497
33196;-92.3931101238082;(((pow2((_a7_ * (_a7_ * (x + (_a7_ + _a0_))))) + _a1_) * _a3_) * (_a1_ * x));{'d0': {'_a0_': 1.3817465403298181, '_a1_': 0.5611496163552695, '_a3_': 4.593924465767817, '_a7_': -1.0698168325450854, '_a2_': 1.0, '_a4_': 1.0, '_a5_': 1.0, '_a6_': 1.0}};{'d0': 0.024905832922926332};-276.475521878366;45.84465081537497
33197;-92.3931101238082;(((pow2((_a7_ * (_a7_ * (x + (_a7_ + _a0_))))) + _a1_) * _a3_) * (_a1_ * x));{'d0': {'_a0_': 1.3817465403298181, '_a1_': 0.5611496163552695, '_a3_': 4.593924465767817, '_a7_': -1.0698168325450854, '_a2_': 1.0, '_a4_': 1.0, '_a5_': 1.0, '_a6_': 1.0}};{'d0': 0.024905832922926332};-276.475521878366;45.84465081537497
33198;-92.3931101260573;(((pow2((_a7_ * (_a7_ * (x + (_a7_ + _a0_))))) + _a1_) * _a3_) * (_a3_ * x));{'d0': {'_a0_': 1.1320037612721545, '_a1_': 0.19375513568786534, '_a3_': 2.7323982123638015, '_a7_': -0.8200740534864065, '_a2_': 1.0, '_a4_': 1.0, '_a5_': 1.0, '_a6_': 1.0}};{'d0': 0.024905832921059166};-276.475521882864;45.84465081537497
33199;-92.3931101260573;(((pow2((_a7_ * (_a7_ * (x + (_a7_ + _a0_))))) + _a1_) * _a3_) * (_a3_ * x));{'d0': {'_a0_': 1.1320037612721545, '_a1_': 0.19375513568786534, '_a3_': 2.7323982123638015, '_a7_': -0.8200740534864065, '_a2_': 1.0, '_a4_': 1.0, '_a5_': 1.0, '_a6_': 1.0}};{'d0': 0.024905832921059166};-276.475521882864;45.84465081537497
33200;-92.3931101260573;(((pow2((_a7_ * (_a7_ * (x + (_a7_ + _a0_))))) + _a1_) * _a3_) * (_a3_ * x));{'d0': {'_a0_': 1.1320037612721545, '_a1_': 0.19375513568786534, '_a3_': 2.7323982123638015, '_a7_': -0.8200740534864065, '_a2_': 1.0, '_a4_': 1.0, '_a5_': 1.0, '_a6_': 1.0}};{'d0': 0.024905832921059166};-276.475521882864;45.84465081537497
33201;-92.3931101260573;(((pow2((_a7_ * (_a7_ * (x + (_a7_ + _a0_))))) + _a1_) * _a3_) * (_a3_ * x));{'d0': {'_a0_': 1.1320037612721545, '_a1_': 0.19375513568786534, '_a3_': 2.7323982123638015, '_a7_': -0.8200740534864065, '_a2_': 1.0, '_a4_': 1.0, '_a5_': 1.0, '_a6_': 1.0}};{'d0': 0.024905832921059166};-276.475521882864;45.84465081537497
33202;-77.4294645055192;(((((_a1_ + ((_a0_ * x) + x)) * (x / (_a7_ * _a0_))) * (abs(_a2_) * x)) + x) / _a7_);{'d0': {'_a0_': -21.33782963364085, '_a1_': -12.687946511962647, '_a2_': 1.1243018151194948, '_a7_': 0.5633373077578011, '_a3_': 1.0, '_a4_': 1.0, '_a5_': 1.0, '_a6_': 1.0}};{'d0': 0.024905832919604992};-276.475521886368;60.80829643766455
33203;-77.4294645055192;(((((_a1_ + ((_a0_ * x) + x)) * (x / (_a7_ * _a0_))) * (abs(_a2_) * x)) + x) / _a7_);{'d0': {'_a0_': -21.33782963364085, '_a1_': -12.687946511962647, '_a2_': 1.1243018151194948, '_a7_': 0.5633373077578011, '_a3_': 1.0, '_a4_': 1.0, '_a5_': 1.0, '_a6_': 1.0}};{'d0': 0.024905832919604992};-276.475521886368;60.80829643766455
33204;-77.4294645055192;(((((_a1_ + ((_a0_ * x) + x)) * (x / (_a7_ * _a0_))) * (abs(_a2_) * x)) + x) / _a7_);{'d0': {'_a0_': -21.33782963364085, '_a1_': -12.687946511962647, '_a2_': 1.1243018151194948, '_a7_': 0.5633373077578011, '_a3_': 1.0, '_a4_': 1.0, '_a5_': 1.0, '_a6_': 1.0}};{'d0': 0.024905832919604992};-276.475521886368;60.80829643766455
33205;-77.4294645055192;(((((_a1_ + ((_a0_ * x) + x)) * (x / (_a7_ * _a0_))) * (abs(_a2_) * x)) + x) / _a7_);{'d0': {'_a0_': -21.33782963364085, '_a1_': -12.687946511962647, '_a2_': 1.1243018151194948, '_a7_': 0.5633373077578011, '_a3_': 1.0, '_a4_': 1.0, '_a5_': 1.0, '_a6_': 1.0}};{'d0': 0.024905832919604992};-276.475521886368;60.80829643766455
33206;-77.4294645055192;(((((_a1_ + ((_a0_ * x) + x)) * (x / (_a7_ * _a0_))) * (abs(_a2_) * x)) + x) / _a7_);{'d0': {'_a0_': -21.33782963364085, '_a1_': -12.687946511962647, '_a2_': 1.1243018151194948, '_a7_': 0.5633373077578011, '_a3_': 1.0, '_a4_': 1.0, '_a5_': 1.0, '_a6_': 1.0}};{'d0': 0.024905832919604992};-276.475521886368;60.80829643766455
33207;-77.4294645055192;(((((_a1_ + ((_a0_ * x) + x)) * (x / (_a7_ * _a0_))) * (abs(_a2_) * x)) + x) / _a7_);{'d0': {'_a0_': -21.33782963364085, '_a1_': -12.687946511962647, '_a2_': 1.1243018151194948, '_a7_': 0.5633373077578011, '_a3_': 1.0, '_a4_': 1.0, '_a5_': 1.0, '_a6_': 1.0}};{'d0': 0.024905832919604992};-276.475521886368;60.80829643766455
33208;-77.4294645055192;(((((_a1_ + ((_a0_ * x) + x)) * (x / (_a7_ * _a0_))) * (abs(_a2_) * x)) + x) / _a7_);{'d0': {'_a0_': -21.33782963364085, '_a1_': -12.687946511962647, '_a2_': 1.1243018151194948, '_a7_': 0.5633373077578011, '_a3_': 1.0, '_a4_': 1.0, '_a5_': 1.0, '_a6_': 1.0}};{'d0': 0.024905832919604992};-276.475521886368;60.80829643766455
33209;-77.4294645055192;(((((_a1_ + ((_a0_ * x) + x)) * (x / (_a7_ * _a0_))) * (abs(_a2_) * x)) + x) / _a7_);{'d0': {'_a0_': -21.33782963364085, '_a1_': -12.687946511962647, '_a2_': 1.1243018151194948, '_a7_': 0.5633373077578011, '_a3_': 1.0, '_a4_': 1.0, '_a5_': 1.0, '_a6_': 1.0}};{'d0': 0.024905832919604992};-276.475521886368;60.80829643766455
33210;-77.4294645056339;(((((_a1_ + ((_a0_ * x) + x)) * (x / (_a7_ * _a7_))) * (abs(_a2_) * x)) + x) / _a7_);{'d0': {'_a0_': 1.4312002187207, '_a1_': 1.516727147984071, '_a2_': 0.2483047796002092, '_a7_': 0.5633373076687499, '_a3_': 1.0, '_a4_': 1.0, '_a5_': 1.0, '_a6_': 1.0}};{'d0': 0.024905832919509735};-276.475521886597;60.80829643766455
33211;-77.4294645056339;(((((_a1_ + ((_a0_ * x) + x)) * (x / (_a7_ * _a7_))) * (abs(_a2_) * x)) + x) / _a7_);{'d0': {'_a0_': 1.4312002187207, '_a1_': 1.516727147984071, '_a2_': 0.2483047796002092, '_a7_': 0.5633373076687499, '_a3_': 1.0, '_a4_': 1.0, '_a5_': 1.0, '_a6_': 1.0}};{'d0': 0.024905832919509735};-276.475521886597;60.80829643766455
33212;-92.3931101260573;(((pow2((_a7_ * (_a7_ * (x + (_a7_ + _a0_))))) + _a1_) * _a3_) * (_a3_ * x));{'d0': {'_a0_': 1.1320037612721545, '_a1_': 0.19375513568786534, '_a3_': 2.7323982123638015, '_a7_': -0.8200740534864065, '_a2_': 1.0, '_a4_': 1.0, '_a5_': 1.0, '_a6_': 1.0}};{'d0': 0.024905832921059166};-276.475521882864;45.84465081537497
33213;-92.3931101260573;(((pow2((_a7_ * (_a7_ * (x + (_a7_ + _a0_))))) + _a1_) * _a3_) * (_a3_ * x));{'d0': {'_a0_': 1.1320037612721545, '_a1_': 0.19375513568786534, '_a3_': 2.7323982123638015, '_a7_': -0.8200740534864065, '_a2_': 1.0, '_a4_': 1.0, '_a5_': 1.0, '_a6_': 1.0}};{'d0': 0.024905832921059166};-276.475521882864;45.84465081537497
33214;-92.3931101260573;(((pow2((_a7_ * (_a7_ * (x + (_a7_ + _a0_))))) + _a1_) * _a3_) * (_a3_ * x));{'d0': {'_a0_': 1.1320037612721545, '_a1_': 0.19375513568786534, '_a3_': 2.7323982123638015, '_a7_': -0.8200740534864065, '_a2_': 1.0, '_a4_': 1.0, '_a5_': 1.0, '_a6_': 1.0}};{'d0': 0.024905832921059166};-276.475521882864;45.84465081537497
33215;-92.3931101260573;(((pow2((_a7_ * (_a7_ * (x + (_a7_ + _a0_))))) + _a1_) * _a3_) * (_a3_ * x));{'d0': {'_a0_': 1.1320037612721545, '_a1_': 0.19375513568786534, '_a3_': 2.7323982123638015, '_a7_': -0.8200740534864065, '_a2_': 1.0, '_a4_': 1.0, '_a5_': 1.0, '_a6_': 1.0}};{'d0': 0.024905832921059166};-276.475521882864;45.84465081537497
33216;-92.3931101260573;(((pow2((_a7_ * (_a7_ * (x + (_a7_ + _a0_))))) + _a1_) * _a3_) * (_a3_ * x));{'d0': {'_a0_': 1.1320037612721545, '_a1_': 0.19375513568786534, '_a3_': 2.7323982123638015, '_a7_': -0.8200740534864065, '_a2_': 1.0, '_a4_': 1.0, '_a5_': 1.0, '_a6_': 1.0}};{'d0': 0.024905832921059166};-276.475521882864;45.84465081537497
33217;-92.3931101260573;(((pow2((_a7_ * (_a7_ * (x + (_a7_ + _a0_))))) + _a1_) * _a3_) * (_a3_ * x));{'d0': {'_a0_': 1.1320037612721545, '_a1_': 0.19375513568786534, '_a3_': 2.7323982123638015, '_a7_': -0.8200740534864065, '_a2_': 1.0, '_a4_': 1.0, '_a5_': 1.0, '_a6_': 1.0}};{'d0': 0.024905832921059166};-276.475521882864;45.84465081537497
33218;-92.3931101260573;(((pow2((_a7_ * (_a7_ * (x + (_a7_ + _a0_))))) + _a1_) * _a3_) * (_a3_ * x));{'d0': {'_a0_': 1.1320037612721545, '_a1_': 0.19375513568786534, '_a3_': 2.7323982123638015, '_a7_': -0.8200740534864065, '_a2_': 1.0, '_a4_': 1.0, '_a5_': 1.0, '_a6_': 1.0}};{'d0': 0.024905832921059166};-276.475521882864;45.84465081537497
33219;-92.3931101260573;(((pow2((_a7_ * (_a7_ * (x + (_a7_ + _a0_))))) + _a1_) * _a3_) * (_a3_ * x));{'d0': {'_a0_': 1.1320037612721545, '_a1_': 0.19375513568786534, '_a3_': 2.7323982123638015, '_a7_': -0.8200740534864065, '_a2_': 1.0, '_a4_': 1.0, '_a5_': 1.0, '_a6_': 1.0}};{'d0': 0.024905832921059166};-276.475521882864;45.84465081537497
33220;-92.3931101260573;(((pow2((_a7_ * (_a7_ * (x + (_a7_ + _a0_))))) + _a1_) * _a3_) * (_a3_ * x));{'d0': {'_a0_': 1.1320037612721545, '_a1_': 0.19375513568786534, '_a3_': 2.7323982123638015, '_a7_': -0.8200740534864065, '_a2_': 1.0, '_a4_': 1.0, '_a5_': 1.0, '_a6_': 1.0}};{'d0': 0.024905832921059166};-276.475521882864;45.84465081537497
33221;-92.3931101260573;(((pow2((_a7_ * (_a7_ * (x + (_a7_ + _a0_))))) + _a1_) * _a3_) * (_a3_ * x));{'d0': {'_a0_': 1.1320037612721545, '_a1_': 0.19375513568786534, '_a3_': 2.7323982123638015, '_a7_': -0.8200740534864065, '_a2_': 1.0, '_a4_': 1.0, '_a5_': 1.0, '_a6_': 1.0}};{'d0': 0.024905832921059166};-276.475521882864;45.84465081537497
33222;-92.3931101260573;(((pow2((_a7_ * (_a7_ * (x + (_a7_ + _a0_))))) + _a1_) * _a3_) * (_a3_ * x));{'d0': {'_a0_': 1.1320037612721545, '_a1_': 0.19375513568786534, '_a3_': 2.7323982123638015, '_a7_': -0.8200740534864065, '_a2_': 1.0, '_a4_': 1.0, '_a5_': 1.0, '_a6_': 1.0}};{'d0': 0.024905832921059166};-276.475521882864;45.84465081537497
33223;-92.3931101260573;(((pow2((_a7_ * (_a7_ * (x + (_a7_ + _a0_))))) + _a1_) * _a3_) * (_a3_ * x));{'d0': {'_a0_': 1.1320037612721545, '_a1_': 0.19375513568786534, '_a3_': 2.7323982123638015, '_a7_': -0.8200740534864065, '_a2_': 1.0, '_a4_': 1.0, '_a5_': 1.0, '_a6_': 1.0}};{'d0': 0.024905832921059166};-276.475521882864;45.84465081537497
33224;-92.3931101260573;(((pow2((_a7_ * (_a7_ * (x + (_a7_ + _a0_))))) + _a1_) * _a3_) * (_a3_ * x));{'d0': {'_a0_': 1.1320037612721545, '_a1_': 0.19375513568786534, '_a3_': 2.7323982123638015, '_a7_': -0.8200740534864065, '_a2_': 1.0, '_a4_': 1.0, '_a5_': 1.0, '_a6_': 1.0}};{'d0': 0.024905832921059166};-276.475521882864;45.84465081537497
33225;-92.3931101260573;(((pow2((_a7_ * (_a7_ * (x + (_a7_ + _a0_))))) + _a1_) * _a3_) * (_a3_ * x));{'d0': {'_a0_': 1.1320037612721545, '_a1_': 0.19375513568786534, '_a3_': 2.7323982123638015, '_a7_': -0.8200740534864065, '_a2_': 1.0, '_a4_': 1.0, '_a5_': 1.0, '_a6_': 1.0}};{'d0': 0.024905832921059166};-276.475521882864;45.84465081537497
33226;-92.3931101260573;(((pow2((_a7_ * (_a7_ * (x + (_a7_ + _a0_))))) + _a1_) * _a3_) * (_a3_ * x));{'d0': {'_a0_': 1.1320037612721545, '_a1_': 0.19375513568786534, '_a3_': 2.7323982123638015, '_a7_': -0.8200740534864065, '_a2_': 1.0, '_a4_': 1.0, '_a5_': 1.0, '_a6_': 1.0}};{'d0': 0.024905832921059166};-276.475521882864;45.84465081537497
33227;-92.3931101260573;(((pow2((_a7_ * (_a7_ * (x + (_a7_ + _a0_))))) + _a1_) * _a3_) * (_a3_ * x));{'d0': {'_a0_': 1.1320037612721545, '_a1_': 0.19375513568786534, '_a3_': 2.7323982123638015, '_a7_': -0.8200740534864065, '_a2_': 1.0, '_a4_': 1.0, '_a5_': 1.0, '_a6_': 1.0}};{'d0': 0.024905832921059166};-276.475521882864;45.84465081537497
33228;-92.3931101260573;(((pow2((_a7_ * (_a7_ * (x + (_a7_ + _a0_))))) + _a1_) * _a3_) * (_a3_ * x));{'d0': {'_a0_': 1.1320037612721545, '_a1_': 0.19375513568786534, '_a3_': 2.7323982123638015, '_a7_': -0.8200740534864065, '_a2_': 1.0, '_a4_': 1.0, '_a5_': 1.0, '_a6_': 1.0}};{'d0': 0.024905832921059166};-276.475521882864;45.84465081537497
33229;-94.4402824091468;(((pow2((_a7_ * (_a7_ * (x + (_a7_ + _a0_))))) + _a3_) * _a3_) * (_a3_ * x));{'d0': {'_a0_': 1.5866107590581395, '_a3_': 1.130959607049449, '_a7_': -1.2746810512677653, '_a1_': 1.0, '_a2_': 1.0, '_a4_': 1.0, '_a5_': 1.0, '_a6_': 1.0}};{'d0': 0.024905832919416636};-280.569866449044;45.84465081537497
33230;-94.4402824091468;(((pow2((_a7_ * (_a7_ * (x + (_a7_ + _a0_))))) + _a3_) * _a3_) * (_a3_ * x));{'d0': {'_a0_': 1.5866107590581395, '_a3_': 1.130959607049449, '_a7_': -1.2746810512677653, '_a1_': 1.0, '_a2_': 1.0, '_a4_': 1.0, '_a5_': 1.0, '_a6_': 1.0}};{'d0': 0.024905832919416636};-280.569866449044;45.84465081537497
33231;-94.4402824091468;(((pow2((_a7_ * (_a7_ * (x + (_a7_ + _a0_))))) + _a3_) * _a3_) * (_a3_ * x));{'d0': {'_a0_': 1.5866107590581395, '_a3_': 1.130959607049449, '_a7_': -1.2746810512677653, '_a1_': 1.0, '_a2_': 1.0, '_a4_': 1.0, '_a5_': 1.0, '_a6_': 1.0}};{'d0': 0.024905832919416636};-280.569866449044;45.84465081537497
33232;-94.4402824091468;(((pow2((_a7_ * (_a7_ * (x + (_a7_ + _a0_))))) + _a3_) * _a3_) * (_a3_ * x));{'d0': {'_a0_': 1.5866107590581395, '_a3_': 1.130959607049449, '_a7_': -1.2746810512677653, '_a1_': 1.0, '_a2_': 1.0, '_a4_': 1.0, '_a5_': 1.0, '_a6_': 1.0}};{'d0': 0.024905832919416636};-280.569866449044;45.84465081537497
33233;-94.4402824091468;(((pow2((_a7_ * (_a7_ * (x + (_a7_ + _a0_))))) + _a3_) * _a3_) * (_a3_ * x));{'d0': {'_a0_': 1.5866107590581395, '_a3_': 1.130959607049449, '_a7_': -1.2746810512677653, '_a1_': 1.0, '_a2_': 1.0, '_a4_': 1.0, '_a5_': 1.0, '_a6_': 1.0}};{'d0': 0.024905832919416636};-280.569866449044;45.84465081537497
33234;-94.4402824091468;(((pow2((_a7_ * (_a7_ * (x + (_a7_ + _a0_))))) + _a3_) * _a3_) * (_a3_ * x));{'d0': {'_a0_': 1.5866107590581395, '_a3_': 1.130959607049449, '_a7_': -1.2746810512677653, '_a1_': 1.0, '_a2_': 1.0, '_a4_': 1.0, '_a5_': 1.0, '_a6_': 1.0}};{'d0': 0.024905832919416636};-280.569866449044;45.84465081537497
33235;-88.5196813601168;(((pow2((_a7_ * (_a7_ * (x + (_a7_ + _a0_))))) + _a3_) * _a3_) * ((_a0_ + _a0_) * x));{'d0': {'_a0_': 1.4455070112403212, '_a3_': 0.7073682163126424, '_a7_': -1.133577303448968, '_a1_': 1.0, '_a2_': 1.0, '_a4_': 1.0, '_a5_': 1.0, '_a6_': 1.0}};{'d0': 0.024905832919416605};-280.569866449044;51.765251864404966
33236;-88.5196813601168;(((pow2((_a7_ * (_a7_ * (x + (_a7_ + _a0_))))) + _a3_) * _a3_) * ((_a0_ + _a0_) * x));{'d0': {'_a0_': 1.4455070112403212, '_a3_': 0.7073682163126424, '_a7_': -1.133577303448968, '_a1_': 1.0, '_a2_': 1.0, '_a4_': 1.0, '_a5_': 1.0, '_a6_': 1.0}};{'d0': 0.024905832919416605};-280.569866449044;51.765251864404966
33237;-88.5196813601168;(((pow2((_a7_ * (_a7_ * (x + (_a7_ + _a0_))))) + _a3_) * _a3_) * ((_a0_ + _a0_) * x));{'d0': {'_a0_': 1.4455070112403212, '_a3_': 0.7073682163126424, '_a7_': -1.133577303448968, '_a1_': 1.0, '_a2_': 1.0, '_a4_': 1.0, '_a5_': 1.0, '_a6_': 1.0}};{'d0': 0.024905832919416605};-280.569866449044;51.765251864404966
33238;-88.5196813601168;(((pow2((_a7_ * (_a7_ * (x + (_a7_ + _a0_))))) + _a3_) * _a3_) * ((_a0_ + _a0_) * x));{'d0': {'_a0_': 1.4455070112403212, '_a3_': 0.7073682163126424, '_a7_': -1.133577303448968, '_a1_': 1.0, '_a2_': 1.0, '_a4_': 1.0, '_a5_': 1.0, '_a6_': 1.0}};{'d0': 0.024905832919416605};-280.569866449044;51.765251864404966
33239;-80.5519080132062;(((pow2((_a7_ * (_a7_ * (x + (_a7_ + (_a5_ + _a5_)))))) + _a3_) * _a3_) * ((_a0_ + _a0_) * x));{'d0': {'_a0_': 2.7153920878897937, '_a3_': 0.516106440079829, '_a5_': 0.6797999424117409, '_a7_': -1.0476701770277335, '_a1_': 1.0, '_a2_': 1.0, '_a4_': 1.0, '_a6_': 1.0}};{'d0': 0.024905832933338607};-276.475521853282;57.685852913434964
33240;-86.4725090784557;(((pow2((_a7_ * (_a7_ * (x + (_a7_ + (_a5_ + _a5_)))))) + _a3_) * _a3_) * (_a2_ * x));{'d0': {'_a2_': 5.244482401497377, '_a3_': 0.5251934588490917, '_a5_': 0.6820906414303448, '_a7_': -1.052251575091656, '_a0_': 1.0, '_a1_': 1.0, '_a4_': 1.0, '_a6_': 1.0}};{'d0': 0.024905832919873267};-276.475521885721;51.765251864404966
33241;-86.4725090784557;(((pow2((_a7_ * (_a7_ * (x + (_a7_ + (_a5_ + _a5_)))))) + _a3_) * _a3_) * (_a2_ * x));{'d0': {'_a2_': 5.244482401497377, '_a3_': 0.5251934588490917, '_a5_': 0.6820906414303448, '_a7_': -1.052251575091656, '_a0_': 1.0, '_a1_': 1.0, '_a4_': 1.0, '_a6_': 1.0}};{'d0': 0.024905832919873267};-276.475521885721;51.765251864404966
33242;-86.4725090784557;(((pow2((_a7_ * (_a7_ * (x + (_a7_ + (_a5_ + _a5_)))))) + _a3_) * _a3_) * (_a2_ * x));{'d0': {'_a2_': 5.244482401497377, '_a3_': 0.5251934588490917, '_a5_': 0.6820906414303448, '_a7_': -1.052251575091656, '_a0_': 1.0, '_a1_': 1.0, '_a4_': 1.0, '_a6_': 1.0}};{'d0': 0.024905832919873267};-276.475521885721;51.765251864404966
33243;-86.4725090784557;(((pow2((_a7_ * (_a7_ * (x + (_a7_ + (_a5_ + _a5_)))))) + _a3_) * _a3_) * (_a2_ * x));{'d0': {'_a2_': 5.244482401497377, '_a3_': 0.5251934588490917, '_a5_': 0.6820906414303448, '_a7_': -1.052251575091656, '_a0_': 1.0, '_a1_': 1.0, '_a4_': 1.0, '_a6_': 1.0}};{'d0': 0.024905832919873267};-276.475521885721;51.765251864404966
33244;-86.4725090784557;(((pow2((_a7_ * (_a7_ * (x + (_a7_ + (_a5_ + _a5_)))))) + _a3_) * _a3_) * (_a2_ * x));{'d0': {'_a2_': 5.244482401497377, '_a3_': 0.5251934588490917, '_a5_': 0.6820906414303448, '_a7_': -1.052251575091656, '_a0_': 1.0, '_a1_': 1.0, '_a4_': 1.0, '_a6_': 1.0}};{'d0': 0.024905832919873267};-276.475521885721;51.765251864404966
33245;-86.4725090784557;(((pow2((_a7_ * (_a7_ * (x + (_a7_ + (_a5_ + _a5_)))))) + _a3_) * _a3_) * (_a2_ * x));{'d0': {'_a2_': 5.244482401497377, '_a3_': 0.5251934588490917, '_a5_': 0.6820906414303448, '_a7_': -1.052251575091656, '_a0_': 1.0, '_a1_': 1.0, '_a4_': 1.0, '_a6_': 1.0}};{'d0': 0.024905832919873267};-276.475521885721;51.765251864404966
33246;-86.4725090784557;(((pow2((_a7_ * (_a7_ * (x + (_a7_ + (_a5_ + _a5_)))))) + _a3_) * _a3_) * (_a2_ * x));{'d0': {'_a2_': 5.244482401497377, '_a3_': 0.5251934588490917, '_a5_': 0.6820906414303448, '_a7_': -1.052251575091656, '_a0_': 1.0, '_a1_': 1.0, '_a4_': 1.0, '_a6_': 1.0}};{'d0': 0.024905832919873267};-276.475521885721;51.765251864404966
33247;-86.4725090784557;(((pow2((_a7_ * (_a7_ * (x + (_a7_ + (_a5_ + _a5_)))))) + _a3_) * _a3_) * (_a2_ * x));{'d0': {'_a2_': 5.244482401497377, '_a3_': 0.5251934588490917, '_a5_': 0.6820906414303448, '_a7_': -1.052251575091656, '_a0_': 1.0, '_a1_': 1.0, '_a4_': 1.0, '_a6_': 1.0}};{'d0': 0.024905832919873267};-276.475521885721;51.765251864404966
33248;-86.4725090784557;(((pow2((_a7_ * (_a7_ * (x + (_a7_ + (_a5_ + _a5_)))))) + _a3_) * _a3_) * (_a2_ * x));{'d0': {'_a2_': 5.244482401497377, '_a3_': 0.5251934588490917, '_a5_': 0.6820906414303448, '_a7_': -1.052251575091656, '_a0_': 1.0, '_a1_': 1.0, '_a4_': 1.0, '_a6_': 1.0}};{'d0': 0.024905832919873267};-276.475521885721;51.765251864404966
33249;-86.4725090784557;(((pow2((_a7_ * (_a7_ * (x + (_a7_ + (_a5_ + _a5_)))))) + _a3_) * _a3_) * (_a2_ * x));{'d0': {'_a2_': 5.244482401497377, '_a3_': 0.5251934588490917, '_a5_': 0.6820906414303448, '_a7_': -1.052251575091656, '_a0_': 1.0, '_a1_': 1.0, '_a4_': 1.0, '_a6_': 1.0}};{'d0': 0.024905832919873267};-276.475521885721;51.765251864404966
33250;-86.4725090784557;(((pow2((_a7_ * (_a7_ * (x + (_a7_ + (_a5_ + _a5_)))))) + _a3_) * _a3_) * (_a2_ * x));{'d0': {'_a2_': 5.244482401497377, '_a3_': 0.5251934588490917, '_a5_': 0.6820906414303448, '_a7_': -1.052251575091656, '_a0_': 1.0, '_a1_': 1.0, '_a4_': 1.0, '_a6_': 1.0}};{'d0': 0.024905832919873267};-276.475521885721;51.765251864404966
33251;-86.4725090784557;(((pow2((_a7_ * (_a7_ * (x + (_a7_ + (_a5_ + _a5_)))))) + _a3_) * _a3_) * (_a2_ * x));{'d0': {'_a2_': 5.244482401497377, '_a3_': 0.5251934588490917, '_a5_': 0.6820906414303448, '_a7_': -1.052251575091656, '_a0_': 1.0, '_a1_': 1.0, '_a4_': 1.0, '_a6_': 1.0}};{'d0': 0.024905832919873267};-276.475521885721;51.765251864404966
33252;-86.4725090784557;(((pow2((_a7_ * (_a7_ * (x + (_a7_ + (_a5_ + _a5_)))))) + _a3_) * _a3_) * (_a2_ * x));{'d0': {'_a2_': 5.244482401497377, '_a3_': 0.5251934588490917, '_a5_': 0.6820906414303448, '_a7_': -1.052251575091656, '_a0_': 1.0, '_a1_': 1.0, '_a4_': 1.0, '_a6_': 1.0}};{'d0': 0.024905832919873267};-276.475521885721;51.765251864404966
33253;-86.4725090784557;(((pow2((_a7_ * (_a7_ * (x + (_a7_ + (_a5_ + _a5_)))))) + _a3_) * _a3_) * (_a2_ * x));{'d0': {'_a2_': 5.244482401497377, '_a3_': 0.5251934588490917, '_a5_': 0.6820906414303448, '_a7_': -1.052251575091656, '_a0_': 1.0, '_a1_': 1.0, '_a4_': 1.0, '_a6_': 1.0}};{'d0': 0.024905832919873267};-276.475521885721;51.765251864404966
33254;-86.4725090784557;(((pow2((_a7_ * (_a7_ * (x + (_a7_ + (_a5_ + _a5_)))))) + _a3_) * _a3_) * (_a2_ * x));{'d0': {'_a2_': 5.244482401497377, '_a3_': 0.5251934588490917, '_a5_': 0.6820906414303448, '_a7_': -1.052251575091656, '_a0_': 1.0, '_a1_': 1.0, '_a4_': 1.0, '_a6_': 1.0}};{'d0': 0.024905832919873267};-276.475521885721;51.765251864404966
33255;-94.4402824091468;(((pow2((_a7_ * (_a7_ * (x + (_a7_ + _a3_))))) + _a3_) * _a3_) * (_a2_ * x));{'d0': {'_a2_': 0.48367215507323535, '_a3_': 1.7293985810365835, '_a7_': -1.4174688732334846, '_a0_': 1.0, '_a1_': 1.0, '_a4_': 1.0, '_a5_': 1.0, '_a6_': 1.0}};{'d0': 0.024905832919416622};-280.569866449044;45.84465081537497
33256;-94.4402824091468;(((pow2((_a7_ * (_a7_ * (x + (_a7_ + _a3_))))) + _a3_) * _a3_) * (_a2_ * x));{'d0': {'_a2_': 0.48367215507323535, '_a3_': 1.7293985810365835, '_a7_': -1.4174688732334846, '_a0_': 1.0, '_a1_': 1.0, '_a4_': 1.0, '_a5_': 1.0, '_a6_': 1.0}};{'d0': 0.024905832919416622};-280.569866449044;45.84465081537497
33257;-94.4402824091468;(((pow2((_a3_ * (_a7_ * (x + (_a7_ + _a3_))))) + _a3_) * _a3_) * (_a2_ * x));{'d0': {'_a2_': 0.6082050835982765, '_a3_': 1.5422174690540613, '_a7_': -1.2302877612889629, '_a0_': 1.0, '_a1_': 1.0, '_a4_': 1.0, '_a5_': 1.0, '_a6_': 1.0}};{'d0': 0.024905832919416622};-280.569866449044;45.84465081537497
33258;-94.4402824091468;(((pow2((_a3_ * (_a7_ * (x + (_a7_ + _a3_))))) + _a3_) * _a3_) * (_a2_ * x));{'d0': {'_a2_': 0.6082050835982765, '_a3_': 1.5422174690540613, '_a7_': -1.2302877612889629, '_a0_': 1.0, '_a1_': 1.0, '_a4_': 1.0, '_a5_': 1.0, '_a6_': 1.0}};{'d0': 0.024905832919416622};-280.569866449044;45.84465081537497
33259;-92.3931101274622;(((pow2((_a0_ * (_a7_ * (x + (_a7_ + _a3_))))) + _a3_) * _a3_) * (_a2_ * x));{'d0': {'_a0_': 1.5968769241331273, '_a2_': 0.6665047770370834, '_a3_': 1.4732247116598833, '_a7_': -1.1612950038878447, '_a1_': 1.0, '_a4_': 1.0, '_a5_': 1.0, '_a6_': 1.0}};{'d0': 0.024905832919892828};-276.475521885674;45.84465081537497
33260;-92.3931101274622;(((pow2((_a0_ * (_a7_ * (x + (_a7_ + _a3_))))) + _a3_) * _a3_) * (_a2_ * x));{'d0': {'_a0_': 1.5968769241331273, '_a2_': 0.6665047770370834, '_a3_': 1.4732247116598833, '_a7_': -1.1612950038878447, '_a1_': 1.0, '_a4_': 1.0, '_a5_': 1.0, '_a6_': 1.0}};{'d0': 0.024905832919892828};-276.475521885674;45.84465081537497
33261;-92.3931101274622;(((pow2((_a0_ * (_a7_ * (x + (_a7_ + _a3_))))) + _a3_) * _a3_) * (_a2_ * x));{'d0': {'_a0_': 1.5968769241331273, '_a2_': 0.6665047770370834, '_a3_': 1.4732247116598833, '_a7_': -1.1612950038878447, '_a1_': 1.0, '_a4_': 1.0, '_a5_': 1.0, '_a6_': 1.0}};{'d0': 0.024905832919892828};-276.475521885674;45.84465081537497
33262;-92.3931101274622;(((pow2((_a0_ * (_a7_ * (x + (_a7_ + _a3_))))) + _a3_) * _a3_) * (_a2_ * x));{'d0': {'_a0_': 1.5968769241331273, '_a2_': 0.6665047770370834, '_a3_': 1.4732247116598833, '_a7_': -1.1612950038878447, '_a1_': 1.0, '_a4_': 1.0, '_a5_': 1.0, '_a6_': 1.0}};{'d0': 0.024905832919892828};-276.475521885674;45.84465081537497
33263;-92.3931101274622;(((pow2((_a0_ * (_a7_ * (x + (_a7_ + _a3_))))) + _a3_) * _a3_) * (_a2_ * x));{'d0': {'_a0_': 1.5968769241331273, '_a2_': 0.6665047770370834, '_a3_': 1.4732247116598833, '_a7_': -1.1612950038878447, '_a1_': 1.0, '_a4_': 1.0, '_a5_': 1.0, '_a6_': 1.0}};{'d0': 0.024905832919892828};-276.475521885674;45.84465081537497
33264;-92.3931101274622;(((pow2((_a0_ * (_a7_ * (x + (_a7_ + _a3_))))) + _a3_) * _a3_) * (_a2_ * x));{'d0': {'_a0_': 1.5968769241331273, '_a2_': 0.6665047770370834, '_a3_': 1.4732247116598833, '_a7_': -1.1612950038878447, '_a1_': 1.0, '_a4_': 1.0, '_a5_': 1.0, '_a6_': 1.0}};{'d0': 0.024905832919892828};-276.475521885674;45.84465081537497
33265;-92.3931101274622;(((pow2((_a0_ * (_a7_ * (x + (_a7_ + _a3_))))) + _a3_) * _a3_) * (_a2_ * x));{'d0': {'_a0_': 1.5968769241331273, '_a2_': 0.6665047770370834, '_a3_': 1.4732247116598833, '_a7_': -1.1612950038878447, '_a1_': 1.0, '_a4_': 1.0, '_a5_': 1.0, '_a6_': 1.0}};{'d0': 0.024905832919892828};-276.475521885674;45.84465081537497
33266;-91.5660338285080;(((pow2((_a0_ * (_a7_ * (x + (_a7_ + _a3_))))) + _a3_) ** _a3_) * (_a2_ * x));{'d0': {'_a0_': 1.7877707277955819, '_a2_': 1.2570230251570986, '_a3_': 1.1384846193664462, '_a7_': -0.8281881931477147, '_a1_': 1.0, '_a4_': 1.0, '_a5_': 1.0, '_a6_': 1.0}};{'d0': 0.024238514314566913};-278.105071556408;47.48650194969597
33267;-91.5660338285080;(((pow2((_a0_ * (_a7_ * (x + (_a7_ + _a3_))))) + _a3_) ** _a3_) * (_a2_ * x));{'d0': {'_a0_': 1.7877707277955819, '_a2_': 1.2570230251570986, '_a3_': 1.1384846193664462, '_a7_': -0.8281881931477147, '_a1_': 1.0, '_a4_': 1.0, '_a5_': 1.0, '_a6_': 1.0}};{'d0': 0.024238514314566913};-278.105071556408;47.48650194969597
33268;-91.5660338285080;(((pow2((_a0_ * (_a7_ * (x + (_a7_ + _a3_))))) + _a3_) ** _a3_) * (_a2_ * x));{'d0': {'_a0_': 1.7877707277955819, '_a2_': 1.2570230251570986, '_a3_': 1.1384846193664462, '_a7_': -0.8281881931477147, '_a1_': 1.0, '_a4_': 1.0, '_a5_': 1.0, '_a6_': 1.0}};{'d0': 0.024238514314566913};-278.105071556408;47.48650194969597
33269;-91.5660338285080;(((pow2((_a0_ * (_a7_ * (x + (_a7_ + _a3_))))) + _a3_) ** _a3_) * (_a2_ * x));{'d0': {'_a0_': 1.7877707277955819, '_a2_': 1.2570230251570986, '_a3_': 1.1384846193664462, '_a7_': -0.8281881931477147, '_a1_': 1.0, '_a4_': 1.0, '_a5_': 1.0, '_a6_': 1.0}};{'d0': 0.024238514314566913};-278.105071556408;47.48650194969597
33270;-91.5660338285080;(((pow2((_a0_ * (_a7_ * (x + (_a7_ + _a3_))))) + _a3_) ** _a3_) * (_a2_ * x));{'d0': {'_a0_': 1.7877707277955819, '_a2_': 1.2570230251570986, '_a3_': 1.1384846193664462, '_a7_': -0.8281881931477147, '_a1_': 1.0, '_a4_': 1.0, '_a5_': 1.0, '_a6_': 1.0}};{'d0': 0.024238514314566913};-278.105071556408;47.48650194969597
33271;-91.5660338285238;(((pow2((_a0_ * (_a7_ * (x + (_a7_ + _a3_))))) + _a3_) ** _a2_) * (_a2_ * x));{'d0': {'_a0_': 1.6598520006156183, '_a2_': 1.1384855928125273, '_a3_': 1.241967966966414, '_a7_': -0.9316715501758147, '_a1_': 1.0, '_a4_': 1.0, '_a5_': 1.0, '_a6_': 1.0}};{'d0': 0.024238514314554135};-278.105071556440;47.48650194969597
33272;-91.5660338285238;(((pow2((_a0_ * (_a7_ * (x + (_a7_ + _a3_))))) + _a3_) ** _a2_) * (_a2_ * x));{'d0': {'_a0_': 1.6598520006156183, '_a2_': 1.1384855928125273, '_a3_': 1.241967966966414, '_a7_': -0.9316715501758147, '_a1_': 1.0, '_a4_': 1.0, '_a5_': 1.0, '_a6_': 1.0}};{'d0': 0.024238514314554135};-278.105071556440;47.48650194969597
33273;-91.5660338285238;(((pow2((_a0_ * (_a7_ * (x + (_a7_ + _a3_))))) + _a3_) ** _a2_) * (_a2_ * x));{'d0': {'_a0_': 1.6598520006156183, '_a2_': 1.1384855928125273, '_a3_': 1.241967966966414, '_a7_': -0.9316715501758147, '_a1_': 1.0, '_a4_': 1.0, '_a5_': 1.0, '_a6_': 1.0}};{'d0': 0.024238514314554135};-278.105071556440;47.48650194969597
33274;-91.5660338285238;(((pow2((_a0_ * (_a7_ * (x + (_a7_ + _a3_))))) + _a3_) ** _a2_) * (_a2_ * x));{'d0': {'_a0_': 1.6598520006156183, '_a2_': 1.1384855928125273, '_a3_': 1.241967966966414, '_a7_': -0.9316715501758147, '_a1_': 1.0, '_a4_': 1.0, '_a5_': 1.0, '_a6_': 1.0}};{'d0': 0.024238514314554135};-278.105071556440;47.48650194969597
33275;-91.5660338285238;(((pow2((_a0_ * (_a7_ * (x + (_a7_ + _a3_))))) + _a3_) ** _a2_) * (_a2_ * x));{'d0': {'_a0_': 1.6598520006156183, '_a2_': 1.1384855928125273, '_a3_': 1.241967966966414, '_a7_': -0.9316715501758147, '_a1_': 1.0, '_a4_': 1.0, '_a5_': 1.0, '_a6_': 1.0}};{'d0': 0.024238514314554135};-278.105071556440;47.48650194969597
33276;-91.5660338285238;(((pow2((_a0_ * (_a7_ * (x + (_a7_ + _a3_))))) + _a3_) ** _a2_) * (_a2_ * x));{'d0': {'_a0_': 1.6598520006156183, '_a2_': 1.1384855928125273, '_a3_': 1.241967966966414, '_a7_': -0.9316715501758147, '_a1_': 1.0, '_a4_': 1.0, '_a5_': 1.0, '_a6_': 1.0}};{'d0': 0.024238514314554135};-278.105071556440;47.48650194969597
33277;-91.5660338285238;(((pow2((_a0_ * (_a7_ * (x + (_a7_ + _a3_))))) + _a3_) ** _a2_) * (_a2_ * x));{'d0': {'_a0_': 1.6598520006156183, '_a2_': 1.1384855928125273, '_a3_': 1.241967966966414, '_a7_': -0.9316715501758147, '_a1_': 1.0, '_a4_': 1.0, '_a5_': 1.0, '_a6_': 1.0}};{'d0': 0.024238514314554135};-278.105071556440;47.48650194969597
33278;-91.5660338285238;(((pow2((_a0_ * (_a7_ * (x + (_a7_ + _a3_))))) + _a3_) ** _a2_) * (_a2_ * x));{'d0': {'_a0_': 1.6598520006156183, '_a2_': 1.1384855928125273, '_a3_': 1.241967966966414, '_a7_': -0.9316715501758147, '_a1_': 1.0, '_a4_': 1.0, '_a5_': 1.0, '_a6_': 1.0}};{'d0': 0.024238514314554135};-278.105071556440;47.48650194969597
33279;-91.5660338285238;(((pow2((_a0_ * (_a7_ * (x + (_a7_ + _a3_))))) + _a3_) ** _a2_) * (_a2_ * x));{'d0': {'_a0_': 1.6598520006156183, '_a2_': 1.1384855928125273, '_a3_': 1.241967966966414, '_a7_': -0.9316715501758147, '_a1_': 1.0, '_a4_': 1.0, '_a5_': 1.0, '_a6_': 1.0}};{'d0': 0.024238514314554135};-278.105071556440;47.48650194969597
33280;-91.5660338285238;(((pow2((_a0_ * (_a7_ * (x + (_a7_ + _a3_))))) + _a3_) ** _a2_) * (_a2_ * x));{'d0': {'_a0_': 1.6598520006156183, '_a2_': 1.1384855928125273, '_a3_': 1.241967966966414, '_a7_': -0.9316715501758147, '_a1_': 1.0, '_a4_': 1.0, '_a5_': 1.0, '_a6_': 1.0}};{'d0': 0.024238514314554135};-278.105071556440;47.48650194969597
33281;-104.252510802843;(x * (_a6_ + pow2((((_a2_ + x) * cos(_a1_)) * _a1_))));{'d0': {'_a1_': 29.783392299925318, '_a2_': 0.31192970782738694, '_a6_': 1.4465760894688864, '_a0_': 1.0, '_a3_': 1.0, '_a4_': 1.0, '_a5_': 1.0, '_a7_': 1.0}};{'d0': 0.024905832919416632};-280.569866449044;36.03242242167895
33282;-104.252510802843;(x * (_a6_ + pow2((((_a2_ + x) * cos(_a1_)) * _a1_))));{'d0': {'_a1_': 29.783392299925318, '_a2_': 0.31192970782738694, '_a6_': 1.4465760894688864, '_a0_': 1.0, '_a3_': 1.0, '_a4_': 1.0, '_a5_': 1.0, '_a7_': 1.0}};{'d0': 0.024905832919416632};-280.569866449044;36.03242242167895
33283;-104.252510802843;(x * (_a6_ + pow2((((_a2_ + x) * cos(_a1_)) * _a1_))));{'d0': {'_a1_': 29.783392299925318, '_a2_': 0.31192970782738694, '_a6_': 1.4465760894688864, '_a0_': 1.0, '_a3_': 1.0, '_a4_': 1.0, '_a5_': 1.0, '_a7_': 1.0}};{'d0': 0.024905832919416632};-280.569866449044;36.03242242167895
33284;-104.252510802843;(x * (_a6_ + pow2((((_a2_ + x) * cos(_a1_)) * _a1_))));{'d0': {'_a1_': 29.783392299925318, '_a2_': 0.31192970782738694, '_a6_': 1.4465760894688864, '_a0_': 1.0, '_a3_': 1.0, '_a4_': 1.0, '_a5_': 1.0, '_a7_': 1.0}};{'d0': 0.024905832919416632};-280.569866449044;36.03242242167895
33285;-104.252510802843;(x * (_a6_ + pow2((((_a2_ + x) * cos(_a1_)) * _a1_))));{'d0': {'_a1_': 29.783392299925318, '_a2_': 0.31192970782738694, '_a6_': 1.4465760894688864, '_a0_': 1.0, '_a3_': 1.0, '_a4_': 1.0, '_a5_': 1.0, '_a7_': 1.0}};{'d0': 0.024905832919416632};-280.569866449044;36.03242242167895
33286;-104.252510802843;(x * (_a6_ + pow2((((_a2_ + x) * cos(_a1_)) * _a1_))));{'d0': {'_a1_': 29.783392299925318, '_a2_': 0.31192970782738694, '_a6_': 1.4465760894688864, '_a0_': 1.0, '_a3_': 1.0, '_a4_': 1.0, '_a5_': 1.0, '_a7_': 1.0}};{'d0': 0.024905832919416632};-280.569866449044;36.03242242167895
33287;-104.252510802843;(x * (_a6_ + pow2((((_a2_ + x) * cos(_a1_)) * _a1_))));{'d0': {'_a1_': 29.783392299925318, '_a2_': 0.31192970782738694, '_a6_': 1.4465760894688864, '_a0_': 1.0, '_a3_': 1.0, '_a4_': 1.0, '_a5_': 1.0, '_a7_': 1.0}};{'d0': 0.024905832919416632};-280.569866449044;36.03242242167895
33288;-104.252510802843;(x * (_a6_ + pow2((((_a2_ + x) * cos(_a1_)) * _a1_))));{'d0': {'_a1_': 29.783392299925318, '_a2_': 0.31192970782738694, '_a6_': 1.4465760894688864, '_a0_': 1.0, '_a3_': 1.0, '_a4_': 1.0, '_a5_': 1.0, '_a7_': 1.0}};{'d0': 0.024905832919416632};-280.569866449044;36.03242242167895
33289;-104.252510802843;(x * (_a6_ + pow2((((_a2_ + x) * cos(_a1_)) * _a1_))));{'d0': {'_a1_': 29.783392299925318, '_a2_': 0.31192970782738694, '_a6_': 1.4465760894688864, '_a0_': 1.0, '_a3_': 1.0, '_a4_': 1.0, '_a5_': 1.0, '_a7_': 1.0}};{'d0': 0.024905832919416632};-280.569866449044;36.03242242167895
33290;-104.252510802843;(x * (_a6_ + pow2((((_a2_ + x) * cos(_a1_)) * _a1_))));{'d0': {'_a1_': 29.783392299925318, '_a2_': 0.31192970782738694, '_a6_': 1.4465760894688864, '_a0_': 1.0, '_a3_': 1.0, '_a4_': 1.0, '_a5_': 1.0, '_a7_': 1.0}};{'d0': 0.024905832919416632};-280.569866449044;36.03242242167895
33291;-104.252510802843;(x * (_a6_ + pow2((((_a2_ + x) * cos(_a1_)) * _a1_))));{'d0': {'_a1_': 29.783392299925318, '_a2_': 0.31192970782738694, '_a6_': 1.4465760894688864, '_a0_': 1.0, '_a3_': 1.0, '_a4_': 1.0, '_a5_': 1.0, '_a7_': 1.0}};{'d0': 0.024905832919416632};-280.569866449044;36.03242242167895
33292;-104.252510802843;(x * (_a0_ + pow2((((_a2_ + x) * cos(_a1_)) * _a1_))));{'d0': {'_a0_': 1.4465760888599262, '_a1_': 29.783392299920997, '_a2_': 0.31192970771289513, '_a3_': 1.0, '_a4_': 1.0, '_a5_': 1.0, '_a6_': 1.0, '_a7_': 1.0}};{'d0': 0.024905832919416556};-280.569866449044;36.03242242167895
33293;-104.252510802843;(x * (_a0_ + pow2((((_a2_ + x) * cos(_a1_)) * _a1_))));{'d0': {'_a0_': 1.4465760888599262, '_a1_': 29.783392299920997, '_a2_': 0.31192970771289513, '_a3_': 1.0, '_a4_': 1.0, '_a5_': 1.0, '_a6_': 1.0, '_a7_': 1.0}};{'d0': 0.024905832919416556};-280.569866449044;36.03242242167895
33294;-104.252510802843;(x * (_a0_ + pow2((((_a2_ + x) * cos(_a1_)) * _a1_))));{'d0': {'_a0_': 1.4465760888599262, '_a1_': 29.783392299920997, '_a2_': 0.31192970771289513, '_a3_': 1.0, '_a4_': 1.0, '_a5_': 1.0, '_a6_': 1.0, '_a7_': 1.0}};{'d0': 0.024905832919416556};-280.569866449044;36.03242242167895
33295;-104.252510802843;(x * (_a0_ + pow2((((_a2_ + x) * cos(_a1_)) * _a1_))));{'d0': {'_a0_': 1.4465760888599262, '_a1_': 29.783392299920997, '_a2_': 0.31192970771289513, '_a3_': 1.0, '_a4_': 1.0, '_a5_': 1.0, '_a6_': 1.0, '_a7_': 1.0}};{'d0': 0.024905832919416556};-280.569866449044;36.03242242167895
33296;-104.252510802843;(x * (_a0_ + pow2((((_a2_ + x) * cos(_a1_)) * _a1_))));{'d0': {'_a0_': 1.4465760888599262, '_a1_': 29.783392299920997, '_a2_': 0.31192970771289513, '_a3_': 1.0, '_a4_': 1.0, '_a5_': 1.0, '_a6_': 1.0, '_a7_': 1.0}};{'d0': 0.024905832919416556};-280.569866449044;36.03242242167895
33297;-104.252510802843;(x * (_a0_ + pow2((((_a2_ + x) * cos(_a1_)) * _a1_))));{'d0': {'_a0_': 1.4465760888599262, '_a1_': 29.783392299920997, '_a2_': 0.31192970771289513, '_a3_': 1.0, '_a4_': 1.0, '_a5_': 1.0, '_a6_': 1.0, '_a7_': 1.0}};{'d0': 0.024905832919416556};-280.569866449044;36.03242242167895
33298;-102.364147264881;(x * (_a0_ + pow2((((_a2_ + x) * (_a7_ + _a2_)) * _a1_))));{'d0': {'_a0_': 1.446576089289504, '_a1_': 54.02380010944202, '_a2_': 0.31192970768856704, '_a7_': -0.3459442783522, '_a3_': 1.0, '_a4_': 1.0, '_a5_': 1.0, '_a6_': 1.0}};{'d0': 0.02490583291974089};-276.475521886040;35.87361367813895
33299;-102.364147264881;(x * (_a0_ + pow2((((_a2_ + x) * (_a7_ + _a2_)) * _a1_))));{'d0': {'_a0_': 1.446576089289504, '_a1_': 54.02380010944202, '_a2_': 0.31192970768856704, '_a7_': -0.3459442783522, '_a3_': 1.0, '_a4_': 1.0, '_a5_': 1.0, '_a6_': 1.0}};{'d0': 0.02490583291974089};-276.475521886040;35.87361367813895
33300;-92.0487391944271;(_a6_ * (((x * pow2(((_a5_ * x) + _a2_))) + exp((_a2_ * _a4_))) + x));{'d0': {'_a2_': 0.47658058511838913, '_a4_': -47.46686555487442, '_a5_': 1.5278459653160414, '_a6_': 1.4465759239078164, '_a0_': 1.0, '_a1_': 1.0, '_a3_': 1.0, '_a7_': 1.0}};{'d0': 0.02490583292832259};-276.475521865366;46.18902173825594
33301;-92.0487391944271;(_a6_ * (((x * pow2(((_a5_ * x) + _a2_))) + exp((_a2_ * _a4_))) + x));{'d0': {'_a2_': 0.47658058511838913, '_a4_': -47.46686555487442, '_a5_': 1.5278459653160414, '_a6_': 1.4465759239078164, '_a0_': 1.0, '_a1_': 1.0, '_a3_': 1.0, '_a7_': 1.0}};{'d0': 0.02490583292832259};-276.475521865366;46.18902173825594
33302;-92.0487391944271;(_a6_ * (((x * pow2(((_a5_ * x) + _a2_))) + exp((_a2_ * _a4_))) + x));{'d0': {'_a2_': 0.47658058511838913, '_a4_': -47.46686555487442, '_a5_': 1.5278459653160414, '_a6_': 1.4465759239078164, '_a0_': 1.0, '_a1_': 1.0, '_a3_': 1.0, '_a7_': 1.0}};{'d0': 0.02490583292832259};-276.475521865366;46.18902173825594
33303;-92.0487391944271;(_a6_ * (((x * pow2(((_a5_ * x) + _a2_))) + exp((_a2_ * _a4_))) + x));{'d0': {'_a2_': 0.47658058511838913, '_a4_': -47.46686555487442, '_a5_': 1.5278459653160414, '_a6_': 1.4465759239078164, '_a0_': 1.0, '_a1_': 1.0, '_a3_': 1.0, '_a7_': 1.0}};{'d0': 0.02490583292832259};-276.475521865366;46.18902173825594
33304;-92.0487391944271;(_a6_ * (((x * pow2(((_a5_ * x) + _a2_))) + exp((_a2_ * _a4_))) + x));{'d0': {'_a2_': 0.47658058511838913, '_a4_': -47.46686555487442, '_a5_': 1.5278459653160414, '_a6_': 1.4465759239078164, '_a0_': 1.0, '_a1_': 1.0, '_a3_': 1.0, '_a7_': 1.0}};{'d0': 0.02490583292832259};-276.475521865366;46.18902173825594
33305;-92.0487391944271;(_a6_ * (((x * pow2(((_a5_ * x) + _a2_))) + exp((_a2_ * _a4_))) + x));{'d0': {'_a2_': 0.47658058511838913, '_a4_': -47.46686555487442, '_a5_': 1.5278459653160414, '_a6_': 1.4465759239078164, '_a0_': 1.0, '_a1_': 1.0, '_a3_': 1.0, '_a7_': 1.0}};{'d0': 0.02490583292832259};-276.475521865366;46.18902173825594
33306;-92.0487391944271;(_a6_ * (((x * pow2(((_a5_ * x) + _a2_))) + exp((_a2_ * _a4_))) + x));{'d0': {'_a2_': 0.47658058511838913, '_a4_': -47.46686555487442, '_a5_': 1.5278459653160414, '_a6_': 1.4465759239078164, '_a0_': 1.0, '_a1_': 1.0, '_a3_': 1.0, '_a7_': 1.0}};{'d0': 0.02490583292832259};-276.475521865366;46.18902173825594
33307;-92.0487391944271;(_a6_ * (((x * pow2(((_a5_ * x) + _a2_))) + exp((_a2_ * _a4_))) + x));{'d0': {'_a2_': 0.47658058511838913, '_a4_': -47.46686555487442, '_a5_': 1.5278459653160414, '_a6_': 1.4465759239078164, '_a0_': 1.0, '_a1_': 1.0, '_a3_': 1.0, '_a7_': 1.0}};{'d0': 0.02490583292832259};-276.475521865366;46.18902173825594
33308;-92.0487391944271;(_a6_ * (((x * pow2(((_a5_ * x) + _a2_))) + exp((_a2_ * _a4_))) + x));{'d0': {'_a2_': 0.47658058511838913, '_a4_': -47.46686555487442, '_a5_': 1.5278459653160414, '_a6_': 1.4465759239078164, '_a0_': 1.0, '_a1_': 1.0, '_a3_': 1.0, '_a7_': 1.0}};{'d0': 0.02490583292832259};-276.475521865366;46.18902173825594
33309;-92.0487391944271;(_a6_ * (((x * pow2(((_a5_ * x) + _a2_))) + exp((_a2_ * _a4_))) + x));{'d0': {'_a2_': 0.47658058511838913, '_a4_': -47.46686555487442, '_a5_': 1.5278459653160414, '_a6_': 1.4465759239078164, '_a0_': 1.0, '_a1_': 1.0, '_a3_': 1.0, '_a7_': 1.0}};{'d0': 0.02490583292832259};-276.475521865366;46.18902173825594
33310;-92.0487391944271;(_a6_ * (((x * pow2(((_a5_ * x) + _a2_))) + exp((_a2_ * _a4_))) + x));{'d0': {'_a2_': 0.47658058511838913, '_a4_': -47.46686555487442, '_a5_': 1.5278459653160414, '_a6_': 1.4465759239078164, '_a0_': 1.0, '_a1_': 1.0, '_a3_': 1.0, '_a7_': 1.0}};{'d0': 0.02490583292832259};-276.475521865366;46.18902173825594
33311;-92.0487391944271;(_a6_ * (((x * pow2(((_a5_ * x) + _a2_))) + exp((_a2_ * _a4_))) + x));{'d0': {'_a2_': 0.47658058511838913, '_a4_': -47.46686555487442, '_a5_': 1.5278459653160414, '_a6_': 1.4465759239078164, '_a0_': 1.0, '_a1_': 1.0, '_a3_': 1.0, '_a7_': 1.0}};{'d0': 0.02490583292832259};-276.475521865366;46.18902173825594
33312;-92.0487391944271;(_a6_ * (((x * pow2(((_a5_ * x) + _a2_))) + exp((_a2_ * _a4_))) + x));{'d0': {'_a2_': 0.47658058511838913, '_a4_': -47.46686555487442, '_a5_': 1.5278459653160414, '_a6_': 1.4465759239078164, '_a0_': 1.0, '_a1_': 1.0, '_a3_': 1.0, '_a7_': 1.0}};{'d0': 0.02490583292832259};-276.475521865366;46.18902173825594
33313;-92.0487391944271;(_a6_ * (((x * pow2(((_a5_ * x) + _a2_))) + exp((_a2_ * _a4_))) + x));{'d0': {'_a2_': 0.47658058511838913, '_a4_': -47.46686555487442, '_a5_': 1.5278459653160414, '_a6_': 1.4465759239078164, '_a0_': 1.0, '_a1_': 1.0, '_a3_': 1.0, '_a7_': 1.0}};{'d0': 0.02490583292832259};-276.475521865366;46.18902173825594
33314;-92.0487391944271;(_a6_ * (((x * pow2(((_a5_ * x) + _a2_))) + exp((_a2_ * _a4_))) + x));{'d0': {'_a2_': 0.47658058511838913, '_a4_': -47.46686555487442, '_a5_': 1.5278459653160414, '_a6_': 1.4465759239078164, '_a0_': 1.0, '_a1_': 1.0, '_a3_': 1.0, '_a7_': 1.0}};{'d0': 0.02490583292832259};-276.475521865366;46.18902173825594
33315;-92.0487391944271;(_a6_ * (((x * pow2(((_a5_ * x) + _a2_))) + exp((_a2_ * _a4_))) + x));{'d0': {'_a2_': 0.47658058511838913, '_a4_': -47.46686555487442, '_a5_': 1.5278459653160414, '_a6_': 1.4465759239078164, '_a0_': 1.0, '_a1_': 1.0, '_a3_': 1.0, '_a7_': 1.0}};{'d0': 0.02490583292832259};-276.475521865366;46.18902173825594
33316;-92.0487391944271;(_a6_ * (((x * pow2(((_a5_ * x) + _a2_))) + exp((_a2_ * _a4_))) + x));{'d0': {'_a2_': 0.47658058511838913, '_a4_': -47.46686555487442, '_a5_': 1.5278459653160414, '_a6_': 1.4465759239078164, '_a0_': 1.0, '_a1_': 1.0, '_a3_': 1.0, '_a7_': 1.0}};{'d0': 0.02490583292832259};-276.475521865366;46.18902173825594
33317;-92.0487391944271;(_a6_ * (((x * pow2(((_a5_ * x) + _a2_))) + exp((_a2_ * _a4_))) + x));{'d0': {'_a2_': 0.47658058511838913, '_a4_': -47.46686555487442, '_a5_': 1.5278459653160414, '_a6_': 1.4465759239078164, '_a0_': 1.0, '_a1_': 1.0, '_a3_': 1.0, '_a7_': 1.0}};{'d0': 0.02490583292832259};-276.475521865366;46.18902173825594
33318;-92.0487391944271;(_a6_ * (((x * pow2(((_a5_ * x) + _a2_))) + exp((_a2_ * _a4_))) + x));{'d0': {'_a2_': 0.47658058511838913, '_a4_': -47.46686555487442, '_a5_': 1.5278459653160414, '_a6_': 1.4465759239078164, '_a0_': 1.0, '_a1_': 1.0, '_a3_': 1.0, '_a7_': 1.0}};{'d0': 0.02490583292832259};-276.475521865366;46.18902173825594
33319;-92.0487391944271;(_a6_ * (((x * pow2(((_a5_ * x) + _a2_))) + exp((_a2_ * _a4_))) + x));{'d0': {'_a2_': 0.47658058511838913, '_a4_': -47.46686555487442, '_a5_': 1.5278459653160414, '_a6_': 1.4465759239078164, '_a0_': 1.0, '_a1_': 1.0, '_a3_': 1.0, '_a7_': 1.0}};{'d0': 0.02490583292832259};-276.475521865366;46.18902173825594
33320;-92.0487391944271;(_a6_ * (((x * pow2(((_a5_ * x) + _a2_))) + exp((_a2_ * _a4_))) + x));{'d0': {'_a2_': 0.47658058511838913, '_a4_': -47.46686555487442, '_a5_': 1.5278459653160414, '_a6_': 1.4465759239078164, '_a0_': 1.0, '_a1_': 1.0, '_a3_': 1.0, '_a7_': 1.0}};{'d0': 0.02490583292832259};-276.475521865366;46.18902173825594
33321;-92.0487391944271;(_a6_ * (((x * pow2(((_a5_ * x) + _a2_))) + exp((_a2_ * _a4_))) + x));{'d0': {'_a2_': 0.47658058511838913, '_a4_': -47.46686555487442, '_a5_': 1.5278459653160414, '_a6_': 1.4465759239078164, '_a0_': 1.0, '_a1_': 1.0, '_a3_': 1.0, '_a7_': 1.0}};{'d0': 0.02490583292832259};-276.475521865366;46.18902173825594
33322;-93.0441623836557;(((((x + ((_a4_ * _a4_) + x)) * (x * _a1_)) * (_a6_ * x)) + x) * _a1_);{'d0': {'_a1_': 1.7751354041437764, '_a4_': 1.1170133531042952, '_a6_': 0.5358057133747448, '_a0_': 1.0, '_a2_': 1.0, '_a3_': 1.0, '_a5_': 1.0, '_a7_': 1.0}};{'d0': 0.024905832919416653};-280.569866449044;47.24077084086595
33323;-93.0441623836557;(((((x + ((_a4_ * _a4_) + x)) * (x * _a1_)) * (_a6_ * x)) + x) * _a1_);{'d0': {'_a1_': 1.7751354041437764, '_a4_': 1.1170133531042952, '_a6_': 0.5358057133747448, '_a0_': 1.0, '_a2_': 1.0, '_a3_': 1.0, '_a5_': 1.0, '_a7_': 1.0}};{'d0': 0.024905832919416653};-280.569866449044;47.24077084086595
33324;-93.0441623836557;(((((x + ((_a4_ * _a4_) + x)) * (x * _a1_)) * (_a6_ * x)) + x) * _a1_);{'d0': {'_a1_': 1.7751354041437764, '_a4_': 1.1170133531042952, '_a6_': 0.5358057133747448, '_a0_': 1.0, '_a2_': 1.0, '_a3_': 1.0, '_a5_': 1.0, '_a7_': 1.0}};{'d0': 0.024905832919416653};-280.569866449044;47.24077084086595
33325;-93.0441623836557;(((((x + ((_a4_ * _a4_) + x)) * (x * _a1_)) * (_a6_ * x)) + x) * _a1_);{'d0': {'_a1_': 1.7751354041437764, '_a4_': 1.1170133531042952, '_a6_': 0.5358057133747448, '_a0_': 1.0, '_a2_': 1.0, '_a3_': 1.0, '_a5_': 1.0, '_a7_': 1.0}};{'d0': 0.024905832919416653};-280.569866449044;47.24077084086595
33326;-93.0441623836557;(((((x + ((_a4_ * _a4_) + x)) * (x * _a1_)) * (_a6_ * x)) + x) * _a1_);{'d0': {'_a1_': 1.7751354041437764, '_a4_': 1.1170133531042952, '_a6_': 0.5358057133747448, '_a0_': 1.0, '_a2_': 1.0, '_a3_': 1.0, '_a5_': 1.0, '_a7_': 1.0}};{'d0': 0.024905832919416653};-280.569866449044;47.24077084086595
33327;-93.0441623836557;(((((x + ((_a4_ * _a4_) + x)) * (x * _a1_)) * (_a6_ * x)) + x) * _a1_);{'d0': {'_a1_': 1.7751354041437764, '_a4_': 1.1170133531042952, '_a6_': 0.5358057133747448, '_a0_': 1.0, '_a2_': 1.0, '_a3_': 1.0, '_a5_': 1.0, '_a7_': 1.0}};{'d0': 0.024905832919416653};-280.569866449044;47.24077084086595
33328;-93.0441623836557;(((((x + ((_a4_ * _a4_) + x)) * (x * _a1_)) * (_a6_ * x)) + x) * _a1_);{'d0': {'_a1_': 1.7751354041437764, '_a4_': 1.1170133531042952, '_a6_': 0.5358057133747448, '_a0_': 1.0, '_a2_': 1.0, '_a3_': 1.0, '_a5_': 1.0, '_a7_': 1.0}};{'d0': 0.024905832919416653};-280.569866449044;47.24077084086595
33329;-93.0441623836557;(((((x + ((_a4_ * _a4_) + x)) * (x * _a1_)) * (_a6_ * x)) + x) * _a1_);{'d0': {'_a1_': 1.7751354041437764, '_a4_': 1.1170133531042952, '_a6_': 0.5358057133747448, '_a0_': 1.0, '_a2_': 1.0, '_a3_': 1.0, '_a5_': 1.0, '_a7_': 1.0}};{'d0': 0.024905832919416653};-280.569866449044;47.24077084086595
33330;-93.0441623836557;(((((x + ((_a4_ * _a4_) + x)) * (x * _a1_)) * (_a6_ * x)) + x) * _a1_);{'d0': {'_a1_': 1.7751354041437764, '_a4_': 1.1170133531042952, '_a6_': 0.5358057133747448, '_a0_': 1.0, '_a2_': 1.0, '_a3_': 1.0, '_a5_': 1.0, '_a7_': 1.0}};{'d0': 0.024905832919416653};-280.569866449044;47.24077084086595
33331;-93.0441623836557;(((((x + ((_a4_ * _a4_) + x)) * (x * _a1_)) * (_a6_ * x)) + x) * _a1_);{'d0': {'_a1_': 1.7751354041437764, '_a4_': 1.1170133531042952, '_a6_': 0.5358057133747448, '_a0_': 1.0, '_a2_': 1.0, '_a3_': 1.0, '_a5_': 1.0, '_a7_': 1.0}};{'d0': 0.024905832919416653};-280.569866449044;47.24077084086595
33332;-93.0441623836557;(((((x + ((_a4_ * _a4_) + x)) * (x * _a1_)) * (_a6_ * x)) + x) * _a1_);{'d0': {'_a1_': 1.7751354041437764, '_a4_': 1.1170133531042952, '_a6_': 0.5358057133747448, '_a0_': 1.0, '_a2_': 1.0, '_a3_': 1.0, '_a5_': 1.0, '_a7_': 1.0}};{'d0': 0.024905832919416653};-280.569866449044;47.24077084086595
33333;-93.0441623836557;(((((x + ((_a4_ * _a4_) + x)) * (x * _a1_)) * (_a6_ * x)) + x) * _a1_);{'d0': {'_a1_': 1.7751354041437764, '_a4_': 1.1170133531042952, '_a6_': 0.5358057133747448, '_a0_': 1.0, '_a2_': 1.0, '_a3_': 1.0, '_a5_': 1.0, '_a7_': 1.0}};{'d0': 0.024905832919416653};-280.569866449044;47.24077084086595
33334;-93.0441623836557;(((((x + ((_a4_ * _a4_) + x)) * (x * _a1_)) * (_a6_ * x)) + x) * _a1_);{'d0': {'_a1_': 1.7751354041437764, '_a4_': 1.1170133531042952, '_a6_': 0.5358057133747448, '_a0_': 1.0, '_a2_': 1.0, '_a3_': 1.0, '_a5_': 1.0, '_a7_': 1.0}};{'d0': 0.024905832919416653};-280.569866449044;47.24077084086595
33335;-93.0441623836557;(((((x + ((_a4_ * _a4_) + x)) * (x * _a1_)) * (_a6_ * x)) + x) * _a1_);{'d0': {'_a1_': 1.7751354041437764, '_a4_': 1.1170133531042952, '_a6_': 0.5358057133747448, '_a0_': 1.0, '_a2_': 1.0, '_a3_': 1.0, '_a5_': 1.0, '_a7_': 1.0}};{'d0': 0.024905832919416653};-280.569866449044;47.24077084086595
33336;-93.0441623836557;(((((x + ((_a4_ * _a4_) + x)) * (x * _a1_)) * (_a6_ * x)) + x) * _a1_);{'d0': {'_a1_': 1.7751354041437764, '_a4_': 1.1170133531042952, '_a6_': 0.5358057133747448, '_a0_': 1.0, '_a2_': 1.0, '_a3_': 1.0, '_a5_': 1.0, '_a7_': 1.0}};{'d0': 0.024905832919416653};-280.569866449044;47.24077084086595
33337;-93.0441623836557;(((((x + ((_a4_ * _a4_) + x)) * (x * _a1_)) * (_a6_ * x)) + x) * _a1_);{'d0': {'_a1_': 1.7751354041437764, '_a4_': 1.1170133531042952, '_a6_': 0.5358057133747448, '_a0_': 1.0, '_a2_': 1.0, '_a3_': 1.0, '_a5_': 1.0, '_a7_': 1.0}};{'d0': 0.024905832919416653};-280.569866449044;47.24077084086595
33338;-93.0441623836557;(((((x + ((_a4_ * _a4_) + x)) * (x * _a1_)) * (_a6_ * x)) + x) * _a1_);{'d0': {'_a1_': 1.7751354041437764, '_a4_': 1.1170133531042952, '_a6_': 0.5358057133747448, '_a0_': 1.0, '_a2_': 1.0, '_a3_': 1.0, '_a5_': 1.0, '_a7_': 1.0}};{'d0': 0.024905832919416653};-280.569866449044;47.24077084086595
33339;-93.0441623836557;(((((x + ((_a4_ * _a4_) + x)) * (x * _a1_)) * (_a6_ * x)) + x) * _a1_);{'d0': {'_a1_': 1.7751354041437764, '_a4_': 1.1170133531042952, '_a6_': 0.5358057133747448, '_a0_': 1.0, '_a2_': 1.0, '_a3_': 1.0, '_a5_': 1.0, '_a7_': 1.0}};{'d0': 0.024905832919416653};-280.569866449044;47.24077084086595
33340;-93.0441623836557;(((((x + ((_a4_ * _a4_) + x)) * (x * _a1_)) * (_a6_ * x)) + x) * _a1_);{'d0': {'_a1_': 1.7751354041437764, '_a4_': 1.1170133531042952, '_a6_': 0.5358057133747448, '_a0_': 1.0, '_a2_': 1.0, '_a3_': 1.0, '_a5_': 1.0, '_a7_': 1.0}};{'d0': 0.024905832919416653};-280.569866449044;47.24077084086595
33341;-92.0487391944271;(_a6_ * (((x * pow2(((_a5_ * x) + _a2_))) + exp((_a2_ * _a4_))) + x));{'d0': {'_a2_': 0.47658058511838913, '_a4_': -47.46686555487442, '_a5_': 1.5278459653160414, '_a6_': 1.4465759239078164, '_a0_': 1.0, '_a1_': 1.0, '_a3_': 1.0, '_a7_': 1.0}};{'d0': 0.02490583292832259};-276.475521865366;46.18902173825594
33342;-92.0487391944271;(_a6_ * (((x * pow2(((_a5_ * x) + _a2_))) + exp((_a2_ * _a4_))) + x));{'d0': {'_a2_': 0.47658058511838913, '_a4_': -47.46686555487442, '_a5_': 1.5278459653160414, '_a6_': 1.4465759239078164, '_a0_': 1.0, '_a1_': 1.0, '_a3_': 1.0, '_a7_': 1.0}};{'d0': 0.02490583292832259};-276.475521865366;46.18902173825594
33343;-92.0487391944271;(_a6_ * (((x * pow2(((_a5_ * x) + _a2_))) + exp((_a2_ * _a4_))) + x));{'d0': {'_a2_': 0.47658058511838913, '_a4_': -47.46686555487442, '_a5_': 1.5278459653160414, '_a6_': 1.4465759239078164, '_a0_': 1.0, '_a1_': 1.0, '_a3_': 1.0, '_a7_': 1.0}};{'d0': 0.02490583292832259};-276.475521865366;46.18902173825594
33344;-93.0441623836557;(((((x + ((_a4_ * _a4_) + x)) * (x * _a1_)) * (_a6_ * x)) + x) * _a1_);{'d0': {'_a1_': 1.7751354041437764, '_a4_': 1.1170133531042952, '_a6_': 0.5358057133747448, '_a0_': 1.0, '_a2_': 1.0, '_a3_': 1.0, '_a5_': 1.0, '_a7_': 1.0}};{'d0': 0.024905832919416653};-280.569866449044;47.24077084086595
33345;-93.0441623836557;(((((x + ((_a4_ * _a4_) + x)) * (x * _a1_)) * (_a6_ * x)) + x) * _a1_);{'d0': {'_a1_': 1.7751354041437764, '_a4_': 1.1170133531042952, '_a6_': 0.5358057133747448, '_a0_': 1.0, '_a2_': 1.0, '_a3_': 1.0, '_a5_': 1.0, '_a7_': 1.0}};{'d0': 0.024905832919416653};-280.569866449044;47.24077084086595
33346;-93.0441623836557;(((((x + ((_a4_ * _a4_) + x)) * (x * _a1_)) * (_a6_ * x)) + x) * _a1_);{'d0': {'_a1_': 1.7751354041437764, '_a4_': 1.1170133531042952, '_a6_': 0.5358057133747448, '_a0_': 1.0, '_a2_': 1.0, '_a3_': 1.0, '_a5_': 1.0, '_a7_': 1.0}};{'d0': 0.024905832919416653};-280.569866449044;47.24077084086595
33347;-92.0487391944271;(_a6_ * (((x * pow2(((_a5_ * x) + _a2_))) + exp((_a2_ * _a4_))) + x));{'d0': {'_a2_': 0.47658058511838913, '_a4_': -47.46686555487442, '_a5_': 1.5278459653160414, '_a6_': 1.4465759239078164, '_a0_': 1.0, '_a1_': 1.0, '_a3_': 1.0, '_a7_': 1.0}};{'d0': 0.02490583292832259};-276.475521865366;46.18902173825594
33348;-92.0487391944271;(_a6_ * (((x * pow2(((_a5_ * x) + _a2_))) + exp((_a2_ * _a4_))) + x));{'d0': {'_a2_': 0.47658058511838913, '_a4_': -47.46686555487442, '_a5_': 1.5278459653160414, '_a6_': 1.4465759239078164, '_a0_': 1.0, '_a1_': 1.0, '_a3_': 1.0, '_a7_': 1.0}};{'d0': 0.02490583292832259};-276.475521865366;46.18902173825594
33349;-92.0487391944271;(_a6_ * (((x * pow2(((_a5_ * x) + _a2_))) + exp((_a2_ * _a4_))) + x));{'d0': {'_a2_': 0.47658058511838913, '_a4_': -47.46686555487442, '_a5_': 1.5278459653160414, '_a6_': 1.4465759239078164, '_a0_': 1.0, '_a1_': 1.0, '_a3_': 1.0, '_a7_': 1.0}};{'d0': 0.02490583292832259};-276.475521865366;46.18902173825594
33350;-92.0487391944271;(_a6_ * (((x * pow2(((_a5_ * x) + _a2_))) + exp((_a2_ * _a4_))) + x));{'d0': {'_a2_': 0.47658058511838913, '_a4_': -47.46686555487442, '_a5_': 1.5278459653160414, '_a6_': 1.4465759239078164, '_a0_': 1.0, '_a1_': 1.0, '_a3_': 1.0, '_a7_': 1.0}};{'d0': 0.02490583292832259};-276.475521865366;46.18902173825594
33351;-92.0487391944271;(_a6_ * (((x * pow2(((_a5_ * x) + _a2_))) + exp((_a2_ * _a4_))) + x));{'d0': {'_a2_': 0.47658058511838913, '_a4_': -47.46686555487442, '_a5_': 1.5278459653160414, '_a6_': 1.4465759239078164, '_a0_': 1.0, '_a1_': 1.0, '_a3_': 1.0, '_a7_': 1.0}};{'d0': 0.02490583292832259};-276.475521865366;46.18902173825594
33352;-92.0487391944271;(_a6_ * (((x * pow2(((_a5_ * x) + _a2_))) + exp((_a2_ * _a4_))) + x));{'d0': {'_a2_': 0.47658058511838913, '_a4_': -47.46686555487442, '_a5_': 1.5278459653160414, '_a6_': 1.4465759239078164, '_a0_': 1.0, '_a1_': 1.0, '_a3_': 1.0, '_a7_': 1.0}};{'d0': 0.02490583292832259};-276.475521865366;46.18902173825594
33353;-92.0487391944271;(_a6_ * (((x * pow2(((_a5_ * x) + _a2_))) + exp((_a2_ * _a4_))) + x));{'d0': {'_a2_': 0.47658058511838913, '_a4_': -47.46686555487442, '_a5_': 1.5278459653160414, '_a6_': 1.4465759239078164, '_a0_': 1.0, '_a1_': 1.0, '_a3_': 1.0, '_a7_': 1.0}};{'d0': 0.02490583292832259};-276.475521865366;46.18902173825594
33354;-92.0487391944271;(_a6_ * (((x * pow2(((_a5_ * x) + _a2_))) + exp((_a2_ * _a4_))) + x));{'d0': {'_a2_': 0.47658058511838913, '_a4_': -47.46686555487442, '_a5_': 1.5278459653160414, '_a6_': 1.4465759239078164, '_a0_': 1.0, '_a1_': 1.0, '_a3_': 1.0, '_a7_': 1.0}};{'d0': 0.02490583292832259};-276.475521865366;46.18902173825594
33355;-92.0487391944271;(_a6_ * (((x * pow2(((_a5_ * x) + _a2_))) + exp((_a2_ * _a4_))) + x));{'d0': {'_a2_': 0.47658058511838913, '_a4_': -47.46686555487442, '_a5_': 1.5278459653160414, '_a6_': 1.4465759239078164, '_a0_': 1.0, '_a1_': 1.0, '_a3_': 1.0, '_a7_': 1.0}};{'d0': 0.02490583292832259};-276.475521865366;46.18902173825594
33356;-92.0487391944271;(_a6_ * (((x * pow2(((_a5_ * x) + _a2_))) + exp((_a2_ * _a4_))) + x));{'d0': {'_a2_': 0.47658058511838913, '_a4_': -47.46686555487442, '_a5_': 1.5278459653160414, '_a6_': 1.4465759239078164, '_a0_': 1.0, '_a1_': 1.0, '_a3_': 1.0, '_a7_': 1.0}};{'d0': 0.02490583292832259};-276.475521865366;46.18902173825594
33357;-92.0487391944271;(_a6_ * (((x * pow2(((_a5_ * x) + _a2_))) + exp((_a2_ * _a4_))) + x));{'d0': {'_a2_': 0.47658058511838913, '_a4_': -47.46686555487442, '_a5_': 1.5278459653160414, '_a6_': 1.4465759239078164, '_a0_': 1.0, '_a1_': 1.0, '_a3_': 1.0, '_a7_': 1.0}};{'d0': 0.02490583292832259};-276.475521865366;46.18902173825594
33358;-92.0487391944271;(_a6_ * (((x * pow2(((_a5_ * x) + _a2_))) + exp((_a2_ * _a4_))) + x));{'d0': {'_a2_': 0.47658058511838913, '_a4_': -47.46686555487442, '_a5_': 1.5278459653160414, '_a6_': 1.4465759239078164, '_a0_': 1.0, '_a1_': 1.0, '_a3_': 1.0, '_a7_': 1.0}};{'d0': 0.02490583292832259};-276.475521865366;46.18902173825594
33359;-92.0487391944271;(_a6_ * (((x * pow2(((_a5_ * x) + _a2_))) + exp((_a2_ * _a4_))) + x));{'d0': {'_a2_': 0.47658058511838913, '_a4_': -47.46686555487442, '_a5_': 1.5278459653160414, '_a6_': 1.4465759239078164, '_a0_': 1.0, '_a1_': 1.0, '_a3_': 1.0, '_a7_': 1.0}};{'d0': 0.02490583292832259};-276.475521865366;46.18902173825594
33360;-92.0487391944271;(_a6_ * (((x * pow2(((_a5_ * x) + _a2_))) + exp((_a2_ * _a4_))) + x));{'d0': {'_a2_': 0.47658058511838913, '_a4_': -47.46686555487442, '_a5_': 1.5278459653160414, '_a6_': 1.4465759239078164, '_a0_': 1.0, '_a1_': 1.0, '_a3_': 1.0, '_a7_': 1.0}};{'d0': 0.02490583292832259};-276.475521865366;46.18902173825594
33361;-92.0487391944271;(_a6_ * (((x * pow2(((_a5_ * x) + _a2_))) + exp((_a2_ * _a4_))) + x));{'d0': {'_a2_': 0.47658058511838913, '_a4_': -47.46686555487442, '_a5_': 1.5278459653160414, '_a6_': 1.4465759239078164, '_a0_': 1.0, '_a1_': 1.0, '_a3_': 1.0, '_a7_': 1.0}};{'d0': 0.02490583292832259};-276.475521865366;46.18902173825594
33362;-92.0487391944271;(_a6_ * (((x * pow2(((_a5_ * x) + _a2_))) + exp((_a2_ * _a4_))) + x));{'d0': {'_a2_': 0.47658058511838913, '_a4_': -47.46686555487442, '_a5_': 1.5278459653160414, '_a6_': 1.4465759239078164, '_a0_': 1.0, '_a1_': 1.0, '_a3_': 1.0, '_a7_': 1.0}};{'d0': 0.02490583292832259};-276.475521865366;46.18902173825594
33363;-92.0487391944271;(_a6_ * (((x * pow2(((_a5_ * x) + _a2_))) + exp((_a2_ * _a4_))) + x));{'d0': {'_a2_': 0.47658058511838913, '_a4_': -47.46686555487442, '_a5_': 1.5278459653160414, '_a6_': 1.4465759239078164, '_a0_': 1.0, '_a1_': 1.0, '_a3_': 1.0, '_a7_': 1.0}};{'d0': 0.02490583292832259};-276.475521865366;46.18902173825594
33364;-92.0487391944271;(_a6_ * (((x * pow2(((_a5_ * x) + _a2_))) + exp((_a2_ * _a4_))) + x));{'d0': {'_a2_': 0.47658058511838913, '_a4_': -47.46686555487442, '_a5_': 1.5278459653160414, '_a6_': 1.4465759239078164, '_a0_': 1.0, '_a1_': 1.0, '_a3_': 1.0, '_a7_': 1.0}};{'d0': 0.02490583292832259};-276.475521865366;46.18902173825594
33365;-92.0487391944271;(_a6_ * (((x * pow2(((_a5_ * x) + _a2_))) + exp((_a2_ * _a4_))) + x));{'d0': {'_a2_': 0.47658058511838913, '_a4_': -47.46686555487442, '_a5_': 1.5278459653160414, '_a6_': 1.4465759239078164, '_a0_': 1.0, '_a1_': 1.0, '_a3_': 1.0, '_a7_': 1.0}};{'d0': 0.02490583292832259};-276.475521865366;46.18902173825594
33366;-92.0487391944271;(_a6_ * (((x * pow2(((_a5_ * x) + _a2_))) + exp((_a2_ * _a4_))) + x));{'d0': {'_a2_': 0.47658058511838913, '_a4_': -47.46686555487442, '_a5_': 1.5278459653160414, '_a6_': 1.4465759239078164, '_a0_': 1.0, '_a1_': 1.0, '_a3_': 1.0, '_a7_': 1.0}};{'d0': 0.02490583292832259};-276.475521865366;46.18902173825594
33367;-92.0487391944271;(_a6_ * (((x * pow2(((_a5_ * x) + _a2_))) + exp((_a2_ * _a4_))) + x));{'d0': {'_a2_': 0.47658058511838913, '_a4_': -47.46686555487442, '_a5_': 1.5278459653160414, '_a6_': 1.4465759239078164, '_a0_': 1.0, '_a1_': 1.0, '_a3_': 1.0, '_a7_': 1.0}};{'d0': 0.02490583292832259};-276.475521865366;46.18902173825594
33368;-92.0487391944271;(_a6_ * (((x * pow2(((_a5_ * x) + _a2_))) + exp((_a2_ * _a4_))) + x));{'d0': {'_a2_': 0.47658058511838913, '_a4_': -47.46686555487442, '_a5_': 1.5278459653160414, '_a6_': 1.4465759239078164, '_a0_': 1.0, '_a1_': 1.0, '_a3_': 1.0, '_a7_': 1.0}};{'d0': 0.02490583292832259};-276.475521865366;46.18902173825594
33369;-92.0487391944271;(_a6_ * (((x * pow2(((_a5_ * x) + _a2_))) + exp((_a2_ * _a4_))) + x));{'d0': {'_a2_': 0.47658058511838913, '_a4_': -47.46686555487442, '_a5_': 1.5278459653160414, '_a6_': 1.4465759239078164, '_a0_': 1.0, '_a1_': 1.0, '_a3_': 1.0, '_a7_': 1.0}};{'d0': 0.02490583292832259};-276.475521865366;46.18902173825594
33370;-99.4799669332754;(((_a3_ + _a6_) + ((_a6_ + -((_a5_ * (x * _a3_)))) * x)) * x);{'d0': {'_a3_': -0.3314886764318065, '_a5_': 10.18665533190785, '_a6_': 2.106624078335172, '_a0_': 1.0, '_a1_': 1.0, '_a2_': 1.0, '_a4_': 1.0, '_a7_': 1.0}};{'d0': 0.02490583291941675};-280.569866449043;40.80496629124645
33371;-99.4799669332754;(((_a3_ + _a6_) + ((_a6_ + -((_a5_ * (x * _a3_)))) * x)) * x);{'d0': {'_a3_': -0.3314886764318065, '_a5_': 10.18665533190785, '_a6_': 2.106624078335172, '_a0_': 1.0, '_a1_': 1.0, '_a2_': 1.0, '_a4_': 1.0, '_a7_': 1.0}};{'d0': 0.02490583291941675};-280.569866449043;40.80496629124645
33372;-99.4799669332754;(((_a3_ + _a6_) + ((_a6_ + -((_a5_ * (x * _a3_)))) * x)) * x);{'d0': {'_a3_': -0.3314886764318065, '_a5_': 10.18665533190785, '_a6_': 2.106624078335172, '_a0_': 1.0, '_a1_': 1.0, '_a2_': 1.0, '_a4_': 1.0, '_a7_': 1.0}};{'d0': 0.02490583291941675};-280.569866449043;40.80496629124645
33373;-99.4799669332754;(((_a3_ + _a6_) + ((_a6_ + -((_a5_ * (x * _a3_)))) * x)) * x);{'d0': {'_a3_': -0.3314886764318065, '_a5_': 10.18665533190785, '_a6_': 2.106624078335172, '_a0_': 1.0, '_a1_': 1.0, '_a2_': 1.0, '_a4_': 1.0, '_a7_': 1.0}};{'d0': 0.02490583291941675};-280.569866449043;40.80496629124645
33374;-99.4799669332754;(((_a3_ + _a6_) + ((_a6_ + -((_a5_ * (x * _a3_)))) * x)) * x);{'d0': {'_a3_': -0.3314886764318065, '_a5_': 10.18665533190785, '_a6_': 2.106624078335172, '_a0_': 1.0, '_a1_': 1.0, '_a2_': 1.0, '_a4_': 1.0, '_a7_': 1.0}};{'d0': 0.02490583291941675};-280.569866449043;40.80496629124645
33375;-95.7995146950144;(((_a3_ + _a6_) + ((_a6_ + -((-(_a5_) * (x * _a3_)))) * x)) * x);{'d0': {'_a3_': -0.331488659090247, '_a5_': -10.18665580338499, '_a6_': 2.1066240640739657, '_a0_': 1.0, '_a1_': 1.0, '_a2_': 1.0, '_a4_': 1.0, '_a7_': 1.0}};{'d0': 0.024905832919416615};-280.569866449044;44.48541852950762
33376;-95.7995146950144;(((_a3_ + _a6_) + ((_a6_ + -((-(_a5_) * (x * _a3_)))) * x)) * x);{'d0': {'_a3_': -0.331488659090247, '_a5_': -10.18665580338499, '_a6_': 2.1066240640739657, '_a0_': 1.0, '_a1_': 1.0, '_a2_': 1.0, '_a4_': 1.0, '_a7_': 1.0}};{'d0': 0.024905832919416615};-280.569866449044;44.48541852950762
33377;-95.7995146950144;(((_a3_ + _a6_) + ((_a6_ + -((-(_a5_) * (x * _a3_)))) * x)) * x);{'d0': {'_a3_': -0.331488659090247, '_a5_': -10.18665580338499, '_a6_': 2.1066240640739657, '_a0_': 1.0, '_a1_': 1.0, '_a2_': 1.0, '_a4_': 1.0, '_a7_': 1.0}};{'d0': 0.024905832919416615};-280.569866449044;44.48541852950762
33378;-95.7995146950144;(((_a3_ + _a6_) + ((_a6_ + -((-(_a5_) * (x * _a3_)))) * x)) * x);{'d0': {'_a3_': -0.331488659090247, '_a5_': -10.18665580338499, '_a6_': 2.1066240640739657, '_a0_': 1.0, '_a1_': 1.0, '_a2_': 1.0, '_a4_': 1.0, '_a7_': 1.0}};{'d0': 0.024905832919416615};-280.569866449044;44.48541852950762
33379;-95.7995146950144;(((_a3_ + _a6_) + ((_a6_ + -((-(_a5_) * (x * _a6_)))) * x)) * x);{'d0': {'_a3_': -0.33148866677620914, '_a5_': 1.602925234333011, '_a6_': 2.106624070516953, '_a0_': 1.0, '_a1_': 1.0, '_a2_': 1.0, '_a4_': 1.0, '_a7_': 1.0}};{'d0': 0.024905832919416615};-280.569866449044;44.48541852950762
33380;-95.7995146950144;(((_a3_ + _a6_) + ((_a6_ + -((-(_a5_) * (x * _a6_)))) * x)) * x);{'d0': {'_a3_': -0.33148866677620914, '_a5_': 1.602925234333011, '_a6_': 2.106624070516953, '_a0_': 1.0, '_a1_': 1.0, '_a2_': 1.0, '_a4_': 1.0, '_a7_': 1.0}};{'d0': 0.024905832919416615};-280.569866449044;44.48541852950762
33381;-95.7995146950144;(((_a3_ + _a6_) + ((_a6_ + -((-(_a5_) * (x * _a6_)))) * x)) * x);{'d0': {'_a3_': -0.33148866677620914, '_a5_': 1.602925234333011, '_a6_': 2.106624070516953, '_a0_': 1.0, '_a1_': 1.0, '_a2_': 1.0, '_a4_': 1.0, '_a7_': 1.0}};{'d0': 0.024905832919416615};-280.569866449044;44.48541852950762
33382;-95.7995146950144;(((_a3_ + _a6_) + ((_a6_ + -((-(_a5_) * (x * _a6_)))) * x)) * x);{'d0': {'_a3_': -0.33148866677620914, '_a5_': 1.602925234333011, '_a6_': 2.106624070516953, '_a0_': 1.0, '_a1_': 1.0, '_a2_': 1.0, '_a4_': 1.0, '_a7_': 1.0}};{'d0': 0.024905832919416615};-280.569866449044;44.48541852950762
33383;-95.7995146950144;(((_a3_ + _a6_) + ((_a6_ + -((-(_a5_) * (x * _a6_)))) * x)) * x);{'d0': {'_a3_': -0.33148866677620914, '_a5_': 1.602925234333011, '_a6_': 2.106624070516953, '_a0_': 1.0, '_a1_': 1.0, '_a2_': 1.0, '_a4_': 1.0, '_a7_': 1.0}};{'d0': 0.024905832919416615};-280.569866449044;44.48541852950762
33384;-95.7995146950144;(((_a3_ + _a6_) + ((_a6_ + -((-(_a5_) * (x * _a6_)))) * x)) * x);{'d0': {'_a3_': -0.33148866677620914, '_a5_': 1.602925234333011, '_a6_': 2.106624070516953, '_a0_': 1.0, '_a1_': 1.0, '_a2_': 1.0, '_a4_': 1.0, '_a7_': 1.0}};{'d0': 0.024905832919416615};-280.569866449044;44.48541852950762
33385;-95.7995146950144;(((_a3_ + _a6_) + ((_a6_ + -((-(_a5_) * (x * _a6_)))) * x)) * x);{'d0': {'_a3_': -0.33148866677620914, '_a5_': 1.602925234333011, '_a6_': 2.106624070516953, '_a0_': 1.0, '_a1_': 1.0, '_a2_': 1.0, '_a4_': 1.0, '_a7_': 1.0}};{'d0': 0.024905832919416615};-280.569866449044;44.48541852950762
33386;-95.7995146950144;(((_a3_ + _a6_) + ((_a6_ + -((-(_a5_) * (x * _a6_)))) * x)) * x);{'d0': {'_a3_': -0.33148866677620914, '_a5_': 1.602925234333011, '_a6_': 2.106624070516953, '_a0_': 1.0, '_a1_': 1.0, '_a2_': 1.0, '_a4_': 1.0, '_a7_': 1.0}};{'d0': 0.024905832919416615};-280.569866449044;44.48541852950762
33387;-95.7995146950144;(((_a3_ + _a6_) + ((_a6_ + -((-(_a5_) * (x * _a6_)))) * x)) * x);{'d0': {'_a3_': -0.33148866677620914, '_a5_': 1.602925234333011, '_a6_': 2.106624070516953, '_a0_': 1.0, '_a1_': 1.0, '_a2_': 1.0, '_a4_': 1.0, '_a7_': 1.0}};{'d0': 0.024905832919416615};-280.569866449044;44.48541852950762
33388;-95.7995146950144;(((_a3_ + _a6_) + ((_a6_ + -((-(_a5_) * (x * _a6_)))) * x)) * x);{'d0': {'_a3_': -0.33148866677620914, '_a5_': 1.602925234333011, '_a6_': 2.106624070516953, '_a0_': 1.0, '_a1_': 1.0, '_a2_': 1.0, '_a4_': 1.0, '_a7_': 1.0}};{'d0': 0.024905832919416615};-280.569866449044;44.48541852950762
33389;-95.7995146950144;(((_a3_ + _a6_) + ((_a6_ + -((-(_a5_) * (x * _a6_)))) * x)) * x);{'d0': {'_a3_': -0.33148866677620914, '_a5_': 1.602925234333011, '_a6_': 2.106624070516953, '_a0_': 1.0, '_a1_': 1.0, '_a2_': 1.0, '_a4_': 1.0, '_a7_': 1.0}};{'d0': 0.024905832919416615};-280.569866449044;44.48541852950762
33390;-95.7995146950144;(((_a3_ + _a6_) + ((_a6_ + -((-(_a5_) * (x * _a6_)))) * x)) * x);{'d0': {'_a3_': -0.33148866677620914, '_a5_': 1.602925234333011, '_a6_': 2.106624070516953, '_a0_': 1.0, '_a1_': 1.0, '_a2_': 1.0, '_a4_': 1.0, '_a7_': 1.0}};{'d0': 0.024905832919416615};-280.569866449044;44.48541852950762
33391;-95.7995146950144;(((_a3_ + _a6_) + ((_a6_ + -((-(_a5_) * (x * _a6_)))) * x)) * x);{'d0': {'_a3_': -0.33148866677620914, '_a5_': 1.602925234333011, '_a6_': 2.106624070516953, '_a0_': 1.0, '_a1_': 1.0, '_a2_': 1.0, '_a4_': 1.0, '_a7_': 1.0}};{'d0': 0.024905832919416615};-280.569866449044;44.48541852950762
33392;-95.7995146950144;(((_a3_ + _a6_) + ((_a6_ + -((-(_a5_) * (x * _a6_)))) * x)) * x);{'d0': {'_a3_': -0.33148866677620914, '_a5_': 1.602925234333011, '_a6_': 2.106624070516953, '_a0_': 1.0, '_a1_': 1.0, '_a2_': 1.0, '_a4_': 1.0, '_a7_': 1.0}};{'d0': 0.024905832919416615};-280.569866449044;44.48541852950762
33393;-95.7995146950144;(((_a3_ + _a6_) + ((_a6_ + -((-(_a5_) * (x * _a6_)))) * x)) * x);{'d0': {'_a3_': -0.33148866677620914, '_a5_': 1.602925234333011, '_a6_': 2.106624070516953, '_a0_': 1.0, '_a1_': 1.0, '_a2_': 1.0, '_a4_': 1.0, '_a7_': 1.0}};{'d0': 0.024905832919416615};-280.569866449044;44.48541852950762
33394;-95.7995146950144;(((_a3_ + _a6_) + ((_a6_ + -((-(_a5_) * (x * _a6_)))) * x)) * x);{'d0': {'_a3_': -0.33148866677620914, '_a5_': 1.602925234333011, '_a6_': 2.106624070516953, '_a0_': 1.0, '_a1_': 1.0, '_a2_': 1.0, '_a4_': 1.0, '_a7_': 1.0}};{'d0': 0.024905832919416615};-280.569866449044;44.48541852950762
33395;-95.7995146950144;(((_a3_ + _a6_) + ((_a6_ + -((-(_a5_) * (x * _a6_)))) * x)) * x);{'d0': {'_a3_': -0.33148866677620914, '_a5_': 1.602925234333011, '_a6_': 2.106624070516953, '_a0_': 1.0, '_a1_': 1.0, '_a2_': 1.0, '_a4_': 1.0, '_a7_': 1.0}};{'d0': 0.024905832919416615};-280.569866449044;44.48541852950762
33396;-95.7995146950144;(((_a3_ + _a6_) + ((_a6_ + -((-(_a5_) * (x * _a6_)))) * x)) * x);{'d0': {'_a3_': -0.33148866677620914, '_a5_': 1.602925234333011, '_a6_': 2.106624070516953, '_a0_': 1.0, '_a1_': 1.0, '_a2_': 1.0, '_a4_': 1.0, '_a7_': 1.0}};{'d0': 0.024905832919416615};-280.569866449044;44.48541852950762
33397;-95.7995146950144;(((_a3_ + _a6_) + ((_a6_ + -((-(_a5_) * (x * _a6_)))) * x)) * x);{'d0': {'_a3_': -0.33148866677620914, '_a5_': 1.602925234333011, '_a6_': 2.106624070516953, '_a0_': 1.0, '_a1_': 1.0, '_a2_': 1.0, '_a4_': 1.0, '_a7_': 1.0}};{'d0': 0.024905832919416615};-280.569866449044;44.48541852950762
33398;-95.7995146950144;(((_a3_ + _a6_) + ((_a6_ + -((-(_a5_) * (x * _a6_)))) * x)) * x);{'d0': {'_a3_': -0.33148866677620914, '_a5_': 1.602925234333011, '_a6_': 2.106624070516953, '_a0_': 1.0, '_a1_': 1.0, '_a2_': 1.0, '_a4_': 1.0, '_a7_': 1.0}};{'d0': 0.024905832919416615};-280.569866449044;44.48541852950762
33399;-93.5593658842455;(((_a3_ + _a6_) + ((_a6_ + -(((_a3_ + _a0_) * (x * _a6_)))) * x)) * x);{'d0': {'_a0_': -1.2714365750984953, '_a3_': -0.33148865882360246, '_a6_': 2.106624064961484, '_a1_': 1.0, '_a2_': 1.0, '_a4_': 1.0, '_a5_': 1.0, '_a7_': 1.0}};{'d0': 0.024905832919416684};-280.569866449043;46.72556734027645
33400;-93.5593658842455;(((_a3_ + _a6_) + ((_a6_ + -(((_a3_ + _a0_) * (x * _a6_)))) * x)) * x);{'d0': {'_a0_': -1.2714365750984953, '_a3_': -0.33148865882360246, '_a6_': 2.106624064961484, '_a1_': 1.0, '_a2_': 1.0, '_a4_': 1.0, '_a5_': 1.0, '_a7_': 1.0}};{'d0': 0.024905832919416684};-280.569866449043;46.72556734027645
33401;-93.5593658842455;(((_a3_ + _a6_) + ((_a6_ + -(((_a3_ + _a0_) * (x * _a6_)))) * x)) * x);{'d0': {'_a0_': -1.2714365750984953, '_a3_': -0.33148865882360246, '_a6_': 2.106624064961484, '_a1_': 1.0, '_a2_': 1.0, '_a4_': 1.0, '_a5_': 1.0, '_a7_': 1.0}};{'d0': 0.024905832919416684};-280.569866449043;46.72556734027645
33402;-81.2142022531327;(((((_a4_ + ((_a4_ * (_a6_ * x)) + x)) * (x * _a1_)) * (_a6_ * x)) + x) * (_a4_ ** _a4_));{'d0': {'_a1_': 0.8693974046756172, '_a4_': 1.4754364677910334, '_a6_': 0.9251596913083172, '_a0_': 1.0, '_a2_': 1.0, '_a3_': 1.0, '_a5_': 1.0, '_a7_': 1.0}};{'d0': 0.024905832919416653};-280.569866449044;59.07073097138895
33403;-81.2142022531327;(((((_a4_ + ((_a4_ * (_a6_ * x)) + x)) * (x * _a1_)) * (_a6_ * x)) + x) * (_a4_ ** _a4_));{'d0': {'_a1_': 0.8693974046756172, '_a4_': 1.4754364677910334, '_a6_': 0.9251596913083172, '_a0_': 1.0, '_a2_': 1.0, '_a3_': 1.0, '_a5_': 1.0, '_a7_': 1.0}};{'d0': 0.024905832919416653};-280.569866449044;59.07073097138895
33404;-81.2142022531327;(((((_a4_ + ((_a4_ * (_a6_ * x)) + x)) * (x * _a1_)) * (_a6_ * x)) + x) * (_a4_ ** _a4_));{'d0': {'_a1_': 0.8693974046756172, '_a4_': 1.4754364677910334, '_a6_': 0.9251596913083172, '_a0_': 1.0, '_a2_': 1.0, '_a3_': 1.0, '_a5_': 1.0, '_a7_': 1.0}};{'d0': 0.024905832919416653};-280.569866449044;59.07073097138895
33405;-81.2142022531327;(((((_a4_ + ((_a4_ * (_a6_ * x)) + x)) * (x * _a1_)) * (_a6_ * x)) + x) * (_a4_ ** _a4_));{'d0': {'_a1_': 0.8693974046756172, '_a4_': 1.4754364677910334, '_a6_': 0.9251596913083172, '_a0_': 1.0, '_a2_': 1.0, '_a3_': 1.0, '_a5_': 1.0, '_a7_': 1.0}};{'d0': 0.024905832919416653};-280.569866449044;59.07073097138895
33406;-81.2142022531327;(((((_a4_ + ((_a4_ * (_a6_ * x)) + x)) * (x * _a1_)) * (_a6_ * x)) + x) * (_a4_ ** _a4_));{'d0': {'_a1_': 0.8693974046756172, '_a4_': 1.4754364677910334, '_a6_': 0.9251596913083172, '_a0_': 1.0, '_a2_': 1.0, '_a3_': 1.0, '_a5_': 1.0, '_a7_': 1.0}};{'d0': 0.024905832919416653};-280.569866449044;59.07073097138895
33407;-81.2142022531327;(((((_a4_ + ((_a4_ * (_a6_ * x)) + x)) * (x * _a1_)) * (_a6_ * x)) + x) * (_a4_ ** _a4_));{'d0': {'_a1_': 0.8693974046756172, '_a4_': 1.4754364677910334, '_a6_': 0.9251596913083172, '_a0_': 1.0, '_a2_': 1.0, '_a3_': 1.0, '_a5_': 1.0, '_a7_': 1.0}};{'d0': 0.024905832919416653};-280.569866449044;59.07073097138895
33408;-81.2142022531327;(((((_a4_ + ((_a4_ * (_a6_ * x)) + x)) * (x * _a1_)) * (_a6_ * x)) + x) * (_a4_ ** _a4_));{'d0': {'_a1_': 0.8693974046756172, '_a4_': 1.4754364677910334, '_a6_': 0.9251596913083172, '_a0_': 1.0, '_a2_': 1.0, '_a3_': 1.0, '_a5_': 1.0, '_a7_': 1.0}};{'d0': 0.024905832919416653};-280.569866449044;59.07073097138895
33409;-81.2142022531327;(((((_a4_ + ((_a4_ * (_a6_ * x)) + x)) * (x * _a1_)) * (_a6_ * x)) + x) * (_a6_ ** _a4_));{'d0': {'_a1_': 0.3534822502437495, '_a4_': 2.7183319932892624, '_a6_': 1.2350525816505822, '_a0_': 1.0, '_a2_': 1.0, '_a3_': 1.0, '_a5_': 1.0, '_a7_': 1.0}};{'d0': 0.024905832919416677};-280.569866449043;59.07073097138895
33410;-81.2142022531327;(((((_a4_ + ((_a4_ * (_a6_ * x)) + x)) * (x * _a1_)) * (_a6_ * x)) + x) * (_a6_ ** _a4_));{'d0': {'_a1_': 0.3534822502437495, '_a4_': 2.7183319932892624, '_a6_': 1.2350525816505822, '_a0_': 1.0, '_a2_': 1.0, '_a3_': 1.0, '_a5_': 1.0, '_a7_': 1.0}};{'d0': 0.024905832919416677};-280.569866449043;59.07073097138895
33411;-81.2142022531327;(((((_a4_ + ((_a4_ * (_a6_ * x)) + x)) * (x * _a1_)) * (_a6_ * x)) + x) * (_a6_ ** _a4_));{'d0': {'_a1_': 0.3534822502437495, '_a4_': 2.7183319932892624, '_a6_': 1.2350525816505822, '_a0_': 1.0, '_a2_': 1.0, '_a3_': 1.0, '_a5_': 1.0, '_a7_': 1.0}};{'d0': 0.024905832919416677};-280.569866449043;59.07073097138895
33412;-81.2142022531327;(((((_a4_ + ((_a4_ * (_a6_ * x)) + x)) * (x * _a1_)) * (_a6_ * x)) + x) * (_a6_ ** _a4_));{'d0': {'_a1_': 0.3534822502437495, '_a4_': 2.7183319932892624, '_a6_': 1.2350525816505822, '_a0_': 1.0, '_a2_': 1.0, '_a3_': 1.0, '_a5_': 1.0, '_a7_': 1.0}};{'d0': 0.024905832919416677};-280.569866449043;59.07073097138895
33413;-81.2142022531327;(((((_a4_ + ((_a4_ * (_a6_ * x)) + x)) * (x * _a1_)) * (_a6_ * x)) + x) * (_a6_ ** _a4_));{'d0': {'_a1_': 0.3534822502437495, '_a4_': 2.7183319932892624, '_a6_': 1.2350525816505822, '_a0_': 1.0, '_a2_': 1.0, '_a3_': 1.0, '_a5_': 1.0, '_a7_': 1.0}};{'d0': 0.024905832919416677};-280.569866449043;59.07073097138895
33414;-81.2142022531327;(((((_a4_ + ((_a4_ * (_a6_ * x)) + x)) * (x * _a1_)) * (_a6_ * x)) + x) * (_a6_ ** _a4_));{'d0': {'_a1_': 0.3534822502437495, '_a4_': 2.7183319932892624, '_a6_': 1.2350525816505822, '_a0_': 1.0, '_a2_': 1.0, '_a3_': 1.0, '_a5_': 1.0, '_a7_': 1.0}};{'d0': 0.024905832919416677};-280.569866449043;59.07073097138895
33415;-81.2142022531327;(((((_a4_ + ((_a4_ * (_a6_ * x)) + x)) * (x * _a1_)) * (_a6_ * x)) + x) * (_a6_ ** _a4_));{'d0': {'_a1_': 0.3534822502437495, '_a4_': 2.7183319932892624, '_a6_': 1.2350525816505822, '_a0_': 1.0, '_a2_': 1.0, '_a3_': 1.0, '_a5_': 1.0, '_a7_': 1.0}};{'d0': 0.024905832919416677};-280.569866449043;59.07073097138895
33416;-81.2142022531327;(((((_a4_ + ((_a4_ * (_a6_ * x)) + x)) * (x * _a1_)) * (_a6_ * x)) + x) * (_a6_ ** _a4_));{'d0': {'_a1_': 0.3534822502437495, '_a4_': 2.7183319932892624, '_a6_': 1.2350525816505822, '_a0_': 1.0, '_a2_': 1.0, '_a3_': 1.0, '_a5_': 1.0, '_a7_': 1.0}};{'d0': 0.024905832919416677};-280.569866449043;59.07073097138895
33417;-81.2142022531327;(((((_a4_ + ((_a4_ * (_a6_ * x)) + x)) * (x * _a1_)) * (_a6_ * x)) + x) * (_a6_ ** _a4_));{'d0': {'_a1_': 0.3534822502437495, '_a4_': 2.7183319932892624, '_a6_': 1.2350525816505822, '_a0_': 1.0, '_a2_': 1.0, '_a3_': 1.0, '_a5_': 1.0, '_a7_': 1.0}};{'d0': 0.024905832919416677};-280.569866449043;59.07073097138895
33418;-81.2142022531327;(((((_a4_ + ((_a4_ * (_a6_ * x)) + x)) * (x * _a1_)) * (_a6_ * x)) + x) * (_a6_ ** _a4_));{'d0': {'_a1_': 0.3534822502437495, '_a4_': 2.7183319932892624, '_a6_': 1.2350525816505822, '_a0_': 1.0, '_a2_': 1.0, '_a3_': 1.0, '_a5_': 1.0, '_a7_': 1.0}};{'d0': 0.024905832919416677};-280.569866449043;59.07073097138895
33419;-81.2142022531327;(((((_a4_ + ((_a4_ * (_a6_ * x)) + x)) * (x * _a1_)) * (_a6_ * x)) + x) * (_a6_ ** _a4_));{'d0': {'_a1_': 0.3534822502437495, '_a4_': 2.7183319932892624, '_a6_': 1.2350525816505822, '_a0_': 1.0, '_a2_': 1.0, '_a3_': 1.0, '_a5_': 1.0, '_a7_': 1.0}};{'d0': 0.024905832919416677};-280.569866449043;59.07073097138895
33420;-81.2142022531327;(((((_a4_ + ((_a4_ * (_a6_ * x)) + x)) * (x * _a1_)) * (_a6_ * x)) + x) * (_a6_ ** _a4_));{'d0': {'_a1_': 0.3534822502437495, '_a4_': 2.7183319932892624, '_a6_': 1.2350525816505822, '_a0_': 1.0, '_a2_': 1.0, '_a3_': 1.0, '_a5_': 1.0, '_a7_': 1.0}};{'d0': 0.024905832919416677};-280.569866449043;59.07073097138895
33421;-81.2142022531327;(((((_a4_ + ((_a4_ * (_a6_ * x)) + x)) * (x * _a1_)) * (_a6_ * x)) + x) * (_a6_ ** _a4_));{'d0': {'_a1_': 0.3534822502437495, '_a4_': 2.7183319932892624, '_a6_': 1.2350525816505822, '_a0_': 1.0, '_a2_': 1.0, '_a3_': 1.0, '_a5_': 1.0, '_a7_': 1.0}};{'d0': 0.024905832919416677};-280.569866449043;59.07073097138895
33422;-81.2142022531327;(((((_a4_ + ((_a4_ * (_a6_ * x)) + x)) * (x * _a1_)) * (_a6_ * x)) + x) * (_a6_ ** _a4_));{'d0': {'_a1_': 0.3534822502437495, '_a4_': 2.7183319932892624, '_a6_': 1.2350525816505822, '_a0_': 1.0, '_a2_': 1.0, '_a3_': 1.0, '_a5_': 1.0, '_a7_': 1.0}};{'d0': 0.024905832919416677};-280.569866449043;59.07073097138895
33423;-81.2142022531327;(((((_a4_ + ((_a4_ * (_a6_ * x)) + x)) * (x * _a1_)) * (_a6_ * x)) + x) * (_a6_ ** _a4_));{'d0': {'_a1_': 0.3534822502437495, '_a4_': 2.7183319932892624, '_a6_': 1.2350525816505822, '_a0_': 1.0, '_a2_': 1.0, '_a3_': 1.0, '_a5_': 1.0, '_a7_': 1.0}};{'d0': 0.024905832919416677};-280.569866449043;59.07073097138895
33424;-99.6002762159029;((_a4_ + (((_a7_ * (_a7_ + (x / _a1_))) * _a4_) * x)) * -(x));{'d0': {'_a1_': 0.5726759645507111, '_a4_': -1.7751354037824867, '_a7_': 1.0893759369934153, '_a0_': 1.0, '_a2_': 1.0, '_a3_': 1.0, '_a5_': 1.0, '_a6_': 1.0}};{'d0': 0.024905832919416615};-280.569866449044;40.68465700861886
33425;-99.6002762159029;((_a4_ + (((_a7_ * (_a7_ + (x / _a1_))) * _a4_) * x)) * -(x));{'d0': {'_a1_': 0.5726759645507111, '_a4_': -1.7751354037824867, '_a7_': 1.0893759369934153, '_a0_': 1.0, '_a2_': 1.0, '_a3_': 1.0, '_a5_': 1.0, '_a6_': 1.0}};{'d0': 0.024905832919416615};-280.569866449044;40.68465700861886
33426;-99.6002762159029;((_a4_ + (((_a7_ * (_a7_ + (x / _a1_))) * _a4_) * x)) * -(x));{'d0': {'_a1_': 0.5726759645507111, '_a4_': -1.7751354037824867, '_a7_': 1.0893759369934153, '_a0_': 1.0, '_a2_': 1.0, '_a3_': 1.0, '_a5_': 1.0, '_a6_': 1.0}};{'d0': 0.024905832919416615};-280.569866449044;40.68465700861886
33427;-99.6002762159029;((_a4_ + (((_a7_ * (_a7_ + (x / _a1_))) * _a4_) * x)) * -(x));{'d0': {'_a1_': 0.5726759645507111, '_a4_': -1.7751354037824867, '_a7_': 1.0893759369934153, '_a0_': 1.0, '_a2_': 1.0, '_a3_': 1.0, '_a5_': 1.0, '_a6_': 1.0}};{'d0': 0.024905832919416615};-280.569866449044;40.68465700861886
33428;-81.2142022531327;(((((_a4_ + ((_a4_ * (_a6_ * x)) + x)) * (x * _a1_)) * (_a6_ * x)) + x) * (_a6_ ** _a4_));{'d0': {'_a1_': 0.3534822502437495, '_a4_': 2.7183319932892624, '_a6_': 1.2350525816505822, '_a0_': 1.0, '_a2_': 1.0, '_a3_': 1.0, '_a5_': 1.0, '_a7_': 1.0}};{'d0': 0.024905832919416677};-280.569866449043;59.07073097138895
33429;-81.2142022531327;(((((_a4_ + ((_a4_ * (_a6_ * x)) + x)) * (x * _a1_)) * (_a6_ * x)) + x) * (_a6_ ** _a4_));{'d0': {'_a1_': 0.3534822502437495, '_a4_': 2.7183319932892624, '_a6_': 1.2350525816505822, '_a0_': 1.0, '_a2_': 1.0, '_a3_': 1.0, '_a5_': 1.0, '_a7_': 1.0}};{'d0': 0.024905832919416677};-280.569866449043;59.07073097138895
33430;-81.2142022531327;(((((_a4_ + ((_a4_ * (_a6_ * x)) + x)) * (x * _a1_)) * (_a6_ * x)) + x) * (_a6_ ** _a4_));{'d0': {'_a1_': 0.3534822502437495, '_a4_': 2.7183319932892624, '_a6_': 1.2350525816505822, '_a0_': 1.0, '_a2_': 1.0, '_a3_': 1.0, '_a5_': 1.0, '_a7_': 1.0}};{'d0': 0.024905832919416677};-280.569866449043;59.07073097138895
33431;-81.2142022531327;(((((_a4_ + ((_a4_ * (_a6_ * x)) + x)) * (x * _a1_)) * (_a6_ * x)) + x) * (_a6_ ** _a4_));{'d0': {'_a1_': 0.3534822502437495, '_a4_': 2.7183319932892624, '_a6_': 1.2350525816505822, '_a0_': 1.0, '_a2_': 1.0, '_a3_': 1.0, '_a5_': 1.0, '_a7_': 1.0}};{'d0': 0.024905832919416677};-280.569866449043;59.07073097138895
33432;-81.2142022531327;(((((_a4_ + ((_a4_ * (_a6_ * x)) + x)) * (x * _a1_)) * (_a6_ * x)) + x) * (_a6_ ** _a4_));{'d0': {'_a1_': 0.3534822502437495, '_a4_': 2.7183319932892624, '_a6_': 1.2350525816505822, '_a0_': 1.0, '_a2_': 1.0, '_a3_': 1.0, '_a5_': 1.0, '_a7_': 1.0}};{'d0': 0.024905832919416677};-280.569866449043;59.07073097138895
33433;-81.2142022531327;(((((_a4_ + ((_a4_ * (_a6_ * x)) + x)) * (x * _a1_)) * (_a6_ * x)) + x) * (_a6_ ** _a4_));{'d0': {'_a1_': 0.3534822502437495, '_a4_': 2.7183319932892624, '_a6_': 1.2350525816505822, '_a0_': 1.0, '_a2_': 1.0, '_a3_': 1.0, '_a5_': 1.0, '_a7_': 1.0}};{'d0': 0.024905832919416677};-280.569866449043;59.07073097138895
33434;-81.2142022531327;(((((_a4_ + ((_a4_ * (_a6_ * x)) + x)) * (x * _a1_)) * (_a6_ * x)) + x) * (_a6_ ** _a4_));{'d0': {'_a1_': 0.3534822502437495, '_a4_': 2.7183319932892624, '_a6_': 1.2350525816505822, '_a0_': 1.0, '_a2_': 1.0, '_a3_': 1.0, '_a5_': 1.0, '_a7_': 1.0}};{'d0': 0.024905832919416677};-280.569866449043;59.07073097138895
33435;-81.2142022531327;(((((_a4_ + ((_a4_ * (_a6_ * x)) + x)) * (x * _a1_)) * (_a6_ * x)) + x) * (_a6_ ** _a4_));{'d0': {'_a1_': 0.3534822502437495, '_a4_': 2.7183319932892624, '_a6_': 1.2350525816505822, '_a0_': 1.0, '_a2_': 1.0, '_a3_': 1.0, '_a5_': 1.0, '_a7_': 1.0}};{'d0': 0.024905832919416677};-280.569866449043;59.07073097138895
33436;-81.2142022531327;(((((_a4_ + ((_a4_ * (_a6_ * x)) + x)) * (x * _a1_)) * (_a6_ * x)) + x) * (_a6_ ** _a4_));{'d0': {'_a1_': 0.3534822502437495, '_a4_': 2.7183319932892624, '_a6_': 1.2350525816505822, '_a0_': 1.0, '_a2_': 1.0, '_a3_': 1.0, '_a5_': 1.0, '_a7_': 1.0}};{'d0': 0.024905832919416677};-280.569866449043;59.07073097138895
33437;-81.2142022531327;(((((_a4_ + ((_a4_ * (_a6_ * x)) + x)) * (x * _a1_)) * (_a6_ * x)) + x) * (_a6_ ** _a4_));{'d0': {'_a1_': 0.3534822502437495, '_a4_': 2.7183319932892624, '_a6_': 1.2350525816505822, '_a0_': 1.0, '_a2_': 1.0, '_a3_': 1.0, '_a5_': 1.0, '_a7_': 1.0}};{'d0': 0.024905832919416677};-280.569866449043;59.07073097138895
33438;-81.2142022531327;(((((_a4_ + ((_a4_ * (_a6_ * x)) + x)) * (x * _a1_)) * (_a6_ * x)) + x) * (_a6_ ** _a4_));{'d0': {'_a1_': 0.3534822502437495, '_a4_': 2.7183319932892624, '_a6_': 1.2350525816505822, '_a0_': 1.0, '_a2_': 1.0, '_a3_': 1.0, '_a5_': 1.0, '_a7_': 1.0}};{'d0': 0.024905832919416677};-280.569866449043;59.07073097138895
33439;-81.2142022531327;(((((_a4_ + ((_a4_ * (_a6_ * x)) + x)) * (x * _a1_)) * (_a6_ * x)) + x) * (_a6_ ** _a4_));{'d0': {'_a1_': 0.3534822502437495, '_a4_': 2.7183319932892624, '_a6_': 1.2350525816505822, '_a0_': 1.0, '_a2_': 1.0, '_a3_': 1.0, '_a5_': 1.0, '_a7_': 1.0}};{'d0': 0.024905832919416677};-280.569866449043;59.07073097138895
33440;-86.3806140375557;(((((_a4_ + ((_a4_ * _a4_) + x)) * (x * _a1_)) * (_a6_ * x)) + x) * (_a6_ ** _a4_));{'d0': {'_a1_': 2.8377423857406736, '_a4_': -1.4348044798851178, '_a6_': 0.6703411107160462, '_a0_': 1.0, '_a2_': 1.0, '_a3_': 1.0, '_a5_': 1.0, '_a7_': 1.0}};{'d0': 0.024905832919416632};-280.569866449044;53.90431918696595
33441;-99.4619796209256;(((_a7_ + _a1_) * pow2(_a2_)) * (x * ((x * (x + _a1_)) + _a7_)));{'d0': {'_a1_': 0.623859415448652, '_a2_': 1.713902045348203, '_a7_': 0.525691770059589, '_a0_': 1.0, '_a3_': 1.0, '_a4_': 1.0, '_a5_': 1.0, '_a6_': 1.0}};{'d0': 0.0249058329194167};-280.569866449043;40.82295360359605
33442;-99.4619796209256;(((_a7_ + _a1_) * pow2(_a2_)) * (x * ((x * (x + _a1_)) + _a7_)));{'d0': {'_a1_': 0.623859415448652, '_a2_': 1.713902045348203, '_a7_': 0.525691770059589, '_a0_': 1.0, '_a3_': 1.0, '_a4_': 1.0, '_a5_': 1.0, '_a6_': 1.0}};{'d0': 0.0249058329194167};-280.569866449043;40.82295360359605
33443;-99.4619796209256;(((_a7_ + _a1_) * pow2(_a2_)) * (x * ((x * (x + _a1_)) + _a7_)));{'d0': {'_a1_': 0.623859415448652, '_a2_': 1.713902045348203, '_a7_': 0.525691770059589, '_a0_': 1.0, '_a3_': 1.0, '_a4_': 1.0, '_a5_': 1.0, '_a6_': 1.0}};{'d0': 0.0249058329194167};-280.569866449043;40.82295360359605
33444;-99.4619796209256;(((_a7_ + _a1_) * pow2(_a2_)) * (x * ((x * (x + _a1_)) + _a7_)));{'d0': {'_a1_': 0.623859415448652, '_a2_': 1.713902045348203, '_a7_': 0.525691770059589, '_a0_': 1.0, '_a3_': 1.0, '_a4_': 1.0, '_a5_': 1.0, '_a6_': 1.0}};{'d0': 0.0249058329194167};-280.569866449043;40.82295360359605
33445;-99.4619796209256;(((_a7_ + _a1_) * pow2(_a2_)) * (x * ((x * (x + _a1_)) + _a7_)));{'d0': {'_a1_': 0.623859415448652, '_a2_': 1.713902045348203, '_a7_': 0.525691770059589, '_a0_': 1.0, '_a3_': 1.0, '_a4_': 1.0, '_a5_': 1.0, '_a6_': 1.0}};{'d0': 0.0249058329194167};-280.569866449043;40.82295360359605
33446;-99.4619796209256;(((_a7_ + _a1_) * pow2(_a2_)) * (x * ((x * (x + _a1_)) + _a7_)));{'d0': {'_a1_': 0.623859415448652, '_a2_': 1.713902045348203, '_a7_': 0.525691770059589, '_a0_': 1.0, '_a3_': 1.0, '_a4_': 1.0, '_a5_': 1.0, '_a6_': 1.0}};{'d0': 0.0249058329194167};-280.569866449043;40.82295360359605
33447;-99.4619796209256;(((_a7_ + _a1_) * pow2(_a2_)) * (x * ((x * (x + _a1_)) + _a7_)));{'d0': {'_a1_': 0.623859415448652, '_a2_': 1.713902045348203, '_a7_': 0.525691770059589, '_a0_': 1.0, '_a3_': 1.0, '_a4_': 1.0, '_a5_': 1.0, '_a6_': 1.0}};{'d0': 0.0249058329194167};-280.569866449043;40.82295360359605
33448;-99.4619796209256;(((_a7_ + _a1_) * pow2(_a2_)) * (x * ((x * (x + _a1_)) + _a7_)));{'d0': {'_a1_': 0.623859415448652, '_a2_': 1.713902045348203, '_a7_': 0.525691770059589, '_a0_': 1.0, '_a3_': 1.0, '_a4_': 1.0, '_a5_': 1.0, '_a6_': 1.0}};{'d0': 0.0249058329194167};-280.569866449043;40.82295360359605
33449;-99.4619796209256;(((_a7_ + _a1_) * pow2(_a2_)) * (x * ((x * (x + _a1_)) + _a7_)));{'d0': {'_a1_': 0.623859415448652, '_a2_': 1.713902045348203, '_a7_': 0.525691770059589, '_a0_': 1.0, '_a3_': 1.0, '_a4_': 1.0, '_a5_': 1.0, '_a6_': 1.0}};{'d0': 0.0249058329194167};-280.569866449043;40.82295360359605
33450;-99.4619796209256;(((_a7_ + _a1_) * pow2(_a2_)) * (x * ((x * (x + _a1_)) + _a7_)));{'d0': {'_a1_': 0.623859415448652, '_a2_': 1.713902045348203, '_a7_': 0.525691770059589, '_a0_': 1.0, '_a3_': 1.0, '_a4_': 1.0, '_a5_': 1.0, '_a6_': 1.0}};{'d0': 0.0249058329194167};-280.569866449043;40.82295360359605
33451;-99.4619796209256;(((_a7_ + _a1_) * pow2(_a2_)) * (x * ((x * (x + _a1_)) + _a7_)));{'d0': {'_a1_': 0.623859415448652, '_a2_': 1.713902045348203, '_a7_': 0.525691770059589, '_a0_': 1.0, '_a3_': 1.0, '_a4_': 1.0, '_a5_': 1.0, '_a6_': 1.0}};{'d0': 0.0249058329194167};-280.569866449043;40.82295360359605
33452;-99.4619796209256;(((_a7_ + _a1_) * pow2(_a2_)) * (x * ((x * (x + _a1_)) + _a7_)));{'d0': {'_a1_': 0.623859415448652, '_a2_': 1.713902045348203, '_a7_': 0.525691770059589, '_a0_': 1.0, '_a3_': 1.0, '_a4_': 1.0, '_a5_': 1.0, '_a6_': 1.0}};{'d0': 0.0249058329194167};-280.569866449043;40.82295360359605
33453;-99.4619796209256;(((_a7_ + _a1_) * pow2(_a2_)) * (x * ((x * (x + _a1_)) + _a7_)));{'d0': {'_a1_': 0.623859415448652, '_a2_': 1.713902045348203, '_a7_': 0.525691770059589, '_a0_': 1.0, '_a3_': 1.0, '_a4_': 1.0, '_a5_': 1.0, '_a6_': 1.0}};{'d0': 0.0249058329194167};-280.569866449043;40.82295360359605
33454;-99.4619796209256;(((_a7_ + _a1_) * pow2(_a2_)) * (x * ((x * (x + _a1_)) + _a7_)));{'d0': {'_a1_': 0.623859415448652, '_a2_': 1.713902045348203, '_a7_': 0.525691770059589, '_a0_': 1.0, '_a3_': 1.0, '_a4_': 1.0, '_a5_': 1.0, '_a6_': 1.0}};{'d0': 0.0249058329194167};-280.569866449043;40.82295360359605
33455;-103.159914093536;(((_a7_ + _a1_) * _a0_) * (x * ((x * (x + _a1_)) + _a7_)));{'d0': {'_a0_': 2.9374602181260068, '_a1_': 0.6238594156579219, '_a7_': 0.5256917705078626, '_a2_': 1.0, '_a3_': 1.0, '_a4_': 1.0, '_a5_': 1.0, '_a6_': 1.0}};{'d0': 0.02490583291941666};-280.569866449044;37.12501913098605
33456;-103.159914093536;(((_a7_ + _a1_) * _a0_) * (x * ((x * (x + _a1_)) + _a7_)));{'d0': {'_a0_': 2.9374602181260068, '_a1_': 0.6238594156579219, '_a7_': 0.5256917705078626, '_a2_': 1.0, '_a3_': 1.0, '_a4_': 1.0, '_a5_': 1.0, '_a6_': 1.0}};{'d0': 0.02490583291941666};-280.569866449044;37.12501913098605
33457;-103.159914093536;(((_a7_ + _a1_) * _a0_) * (x * ((x * (x + _a1_)) + _a7_)));{'d0': {'_a0_': 2.9374602181260068, '_a1_': 0.6238594156579219, '_a7_': 0.5256917705078626, '_a2_': 1.0, '_a3_': 1.0, '_a4_': 1.0, '_a5_': 1.0, '_a6_': 1.0}};{'d0': 0.02490583291941666};-280.569866449044;37.12501913098605
33458;-103.159914093536;(((_a7_ + _a1_) * _a0_) * (x * ((x * (x + _a1_)) + _a7_)));{'d0': {'_a0_': 2.9374602181260068, '_a1_': 0.6238594156579219, '_a7_': 0.5256917705078626, '_a2_': 1.0, '_a3_': 1.0, '_a4_': 1.0, '_a5_': 1.0, '_a6_': 1.0}};{'d0': 0.02490583291941666};-280.569866449044;37.12501913098605
33459;-103.159914093536;(((_a7_ + _a1_) * _a0_) * (x * ((x * (x + _a1_)) + _a7_)));{'d0': {'_a0_': 2.9374602181260068, '_a1_': 0.6238594156579219, '_a7_': 0.5256917705078626, '_a2_': 1.0, '_a3_': 1.0, '_a4_': 1.0, '_a5_': 1.0, '_a6_': 1.0}};{'d0': 0.02490583291941666};-280.569866449044;37.12501913098605
33460;-103.159914093536;(((_a7_ + _a1_) * _a0_) * (x * ((x * (x + _a1_)) + _a7_)));{'d0': {'_a0_': 2.9374602181260068, '_a1_': 0.6238594156579219, '_a7_': 0.5256917705078626, '_a2_': 1.0, '_a3_': 1.0, '_a4_': 1.0, '_a5_': 1.0, '_a6_': 1.0}};{'d0': 0.02490583291941666};-280.569866449044;37.12501913098605
33461;-103.159914093536;(((_a7_ + _a1_) * _a0_) * (x * ((x * (x + _a1_)) + _a7_)));{'d0': {'_a0_': 2.9374602181260068, '_a1_': 0.6238594156579219, '_a7_': 0.5256917705078626, '_a2_': 1.0, '_a3_': 1.0, '_a4_': 1.0, '_a5_': 1.0, '_a6_': 1.0}};{'d0': 0.02490583291941666};-280.569866449044;37.12501913098605
33462;-103.159914093536;(((_a7_ + _a1_) * _a0_) * (x * ((x * (x + _a1_)) + _a7_)));{'d0': {'_a0_': 2.9374602181260068, '_a1_': 0.6238594156579219, '_a7_': 0.5256917705078626, '_a2_': 1.0, '_a3_': 1.0, '_a4_': 1.0, '_a5_': 1.0, '_a6_': 1.0}};{'d0': 0.02490583291941666};-280.569866449044;37.12501913098605
33463;-103.159914093536;(((_a7_ + _a1_) * _a0_) * (x * ((x * (x + _a1_)) + _a7_)));{'d0': {'_a0_': 2.9374602181260068, '_a1_': 0.6238594156579219, '_a7_': 0.5256917705078626, '_a2_': 1.0, '_a3_': 1.0, '_a4_': 1.0, '_a5_': 1.0, '_a6_': 1.0}};{'d0': 0.02490583291941666};-280.569866449044;37.12501913098605
33464;-103.159914093536;(((_a7_ + _a1_) * _a0_) * (x * ((x * (x + _a1_)) + _a7_)));{'d0': {'_a0_': 2.9374602181260068, '_a1_': 0.6238594156579219, '_a7_': 0.5256917705078626, '_a2_': 1.0, '_a3_': 1.0, '_a4_': 1.0, '_a5_': 1.0, '_a6_': 1.0}};{'d0': 0.02490583291941666};-280.569866449044;37.12501913098605
33465;-103.159914093536;(((_a7_ + _a1_) * _a0_) * (x * ((x * (x + _a1_)) + _a7_)));{'d0': {'_a0_': 2.9374602181260068, '_a1_': 0.6238594156579219, '_a7_': 0.5256917705078626, '_a2_': 1.0, '_a3_': 1.0, '_a4_': 1.0, '_a5_': 1.0, '_a6_': 1.0}};{'d0': 0.02490583291941666};-280.569866449044;37.12501913098605
33466;-103.159914093536;(((_a7_ + _a1_) * _a0_) * (x * ((x * (x + _a1_)) + _a7_)));{'d0': {'_a0_': 2.9374602181260068, '_a1_': 0.6238594156579219, '_a7_': 0.5256917705078626, '_a2_': 1.0, '_a3_': 1.0, '_a4_': 1.0, '_a5_': 1.0, '_a6_': 1.0}};{'d0': 0.02490583291941666};-280.569866449044;37.12501913098605
33467;-103.159914093536;(((_a7_ + _a1_) * _a0_) * (x * ((x * (x + _a1_)) + _a7_)));{'d0': {'_a0_': 2.9374602181260068, '_a1_': 0.6238594156579219, '_a7_': 0.5256917705078626, '_a2_': 1.0, '_a3_': 1.0, '_a4_': 1.0, '_a5_': 1.0, '_a6_': 1.0}};{'d0': 0.02490583291941666};-280.569866449044;37.12501913098605
33468;-103.159914093536;(((_a7_ + _a1_) * _a0_) * (x * ((x * (x + _a1_)) + _a7_)));{'d0': {'_a0_': 2.9374602181260068, '_a1_': 0.6238594156579219, '_a7_': 0.5256917705078626, '_a2_': 1.0, '_a3_': 1.0, '_a4_': 1.0, '_a5_': 1.0, '_a6_': 1.0}};{'d0': 0.02490583291941666};-280.569866449044;37.12501913098605
33469;-103.159914093536;(((_a7_ + _a1_) * _a0_) * (x * ((x * (x + _a1_)) + _a7_)));{'d0': {'_a0_': 2.9374602181260068, '_a1_': 0.6238594156579219, '_a7_': 0.5256917705078626, '_a2_': 1.0, '_a3_': 1.0, '_a4_': 1.0, '_a5_': 1.0, '_a6_': 1.0}};{'d0': 0.02490583291941666};-280.569866449044;37.12501913098605
33470;-103.159914093536;(((_a7_ + _a1_) * _a0_) * (x * ((x * (x + _a1_)) + _a7_)));{'d0': {'_a0_': 2.9374602181260068, '_a1_': 0.6238594156579219, '_a7_': 0.5256917705078626, '_a2_': 1.0, '_a3_': 1.0, '_a4_': 1.0, '_a5_': 1.0, '_a6_': 1.0}};{'d0': 0.02490583291941666};-280.569866449044;37.12501913098605
33471;-103.159914093536;(((_a7_ + _a1_) * _a0_) * (x * ((x * (x + _a1_)) + _a7_)));{'d0': {'_a0_': 2.9374602181260068, '_a1_': 0.6238594156579219, '_a7_': 0.5256917705078626, '_a2_': 1.0, '_a3_': 1.0, '_a4_': 1.0, '_a5_': 1.0, '_a6_': 1.0}};{'d0': 0.02490583291941666};-280.569866449044;37.12501913098605
33472;-103.159914093536;(((_a7_ + _a1_) * _a0_) * (x * ((x * (x + _a1_)) + _a7_)));{'d0': {'_a0_': 2.9374602181260068, '_a1_': 0.6238594156579219, '_a7_': 0.5256917705078626, '_a2_': 1.0, '_a3_': 1.0, '_a4_': 1.0, '_a5_': 1.0, '_a6_': 1.0}};{'d0': 0.02490583291941666};-280.569866449044;37.12501913098605
33473;-103.159914093536;(((_a7_ + _a1_) * _a0_) * (x * ((x * (x + _a1_)) + _a7_)));{'d0': {'_a0_': 2.9374602181260068, '_a1_': 0.6238594156579219, '_a7_': 0.5256917705078626, '_a2_': 1.0, '_a3_': 1.0, '_a4_': 1.0, '_a5_': 1.0, '_a6_': 1.0}};{'d0': 0.02490583291941666};-280.569866449044;37.12501913098605
33474;-103.159914093536;(((_a7_ + _a1_) * _a0_) * (x * ((x * (x + _a1_)) + _a7_)));{'d0': {'_a0_': 2.9374602181260068, '_a1_': 0.6238594156579219, '_a7_': 0.5256917705078626, '_a2_': 1.0, '_a3_': 1.0, '_a4_': 1.0, '_a5_': 1.0, '_a6_': 1.0}};{'d0': 0.02490583291941666};-280.569866449044;37.12501913098605
33475;-103.159914093536;(((_a7_ + _a1_) * _a0_) * (x * ((x * (x + _a1_)) + _a7_)));{'d0': {'_a0_': 2.9374602181260068, '_a1_': 0.6238594156579219, '_a7_': 0.5256917705078626, '_a2_': 1.0, '_a3_': 1.0, '_a4_': 1.0, '_a5_': 1.0, '_a6_': 1.0}};{'d0': 0.02490583291941666};-280.569866449044;37.12501913098605
33476;-103.159914093536;(((_a7_ + _a1_) * _a0_) * (x * ((x * (x + _a1_)) + _a7_)));{'d0': {'_a0_': 2.9374602181260068, '_a1_': 0.6238594156579219, '_a7_': 0.5256917705078626, '_a2_': 1.0, '_a3_': 1.0, '_a4_': 1.0, '_a5_': 1.0, '_a6_': 1.0}};{'d0': 0.02490583291941666};-280.569866449044;37.12501913098605
33477;-103.159914093536;(((_a7_ + _a1_) * _a0_) * (x * ((x * (x + _a1_)) + _a7_)));{'d0': {'_a0_': 2.9374602181260068, '_a1_': 0.6238594156579219, '_a7_': 0.5256917705078626, '_a2_': 1.0, '_a3_': 1.0, '_a4_': 1.0, '_a5_': 1.0, '_a6_': 1.0}};{'d0': 0.02490583291941666};-280.569866449044;37.12501913098605
33478;-103.159914093536;(((_a7_ + _a1_) * _a0_) * (x * ((x * (x + _a1_)) + _a7_)));{'d0': {'_a0_': 2.9374602181260068, '_a1_': 0.6238594156579219, '_a7_': 0.5256917705078626, '_a2_': 1.0, '_a3_': 1.0, '_a4_': 1.0, '_a5_': 1.0, '_a6_': 1.0}};{'d0': 0.02490583291941666};-280.569866449044;37.12501913098605
33479;-103.159914093536;(((_a7_ + _a1_) * _a0_) * (x * ((x * (x + _a1_)) + _a7_)));{'d0': {'_a0_': 2.9374602181260068, '_a1_': 0.6238594156579219, '_a7_': 0.5256917705078626, '_a2_': 1.0, '_a3_': 1.0, '_a4_': 1.0, '_a5_': 1.0, '_a6_': 1.0}};{'d0': 0.02490583291941666};-280.569866449044;37.12501913098605
33480;-88.7380895350288;(((((_a2_ + ((_a4_ * _a4_) ** x)) * (x * _a1_)) * x) + x) / (_a6_ + _a4_));{'d0': {'_a1_': -67.31857012100748, '_a2_': -1.0175745837217696, '_a4_': 0.9862356797826446, '_a6_': -0.4255456093772541, '_a0_': 1.0, '_a3_': 1.0, '_a5_': 1.0, '_a7_': 1.0}};{'d0': 0.024831899629051926};-276.653897557034;49.58885924348836
33481;-88.7380895350288;(((((_a2_ + ((_a4_ * _a4_) ** x)) * (x * _a1_)) * x) + x) / (_a6_ + _a4_));{'d0': {'_a1_': -67.31857012100748, '_a2_': -1.0175745837217696, '_a4_': 0.9862356797826446, '_a6_': -0.4255456093772541, '_a0_': 1.0, '_a3_': 1.0, '_a5_': 1.0, '_a7_': 1.0}};{'d0': 0.024831899629051926};-276.653897557034;49.58885924348836
33482;-88.7380895350288;(((((_a2_ + ((_a4_ * _a4_) ** x)) * (x * _a1_)) * x) + x) / (_a6_ + _a4_));{'d0': {'_a1_': -67.31857012100748, '_a2_': -1.0175745837217696, '_a4_': 0.9862356797826446, '_a6_': -0.4255456093772541, '_a0_': 1.0, '_a3_': 1.0, '_a5_': 1.0, '_a7_': 1.0}};{'d0': 0.024831899629051926};-276.653897557034;49.58885924348836
33483;-89.5166840896758;(((((_a2_ + ((_a4_ * _a4_) ** x)) * (x * _a1_)) * x) + x) * (_a6_ + _a4_));{'d0': {'_a1_': -67.31948699121257, '_a2_': -1.0175743449786459, '_a4_': 0.9862358625218091, '_a6_': 0.7972805400858538, '_a0_': 1.0, '_a3_': 1.0, '_a5_': 1.0, '_a7_': 1.0}};{'d0': 0.02483189962903241};-276.653897557082;48.81026468886496
33484;-89.5166840896758;(((((_a2_ + ((_a4_ * _a4_) ** x)) * (x * _a1_)) * x) + x) * (_a6_ + _a4_));{'d0': {'_a1_': -67.31948699121257, '_a2_': -1.0175743449786459, '_a4_': 0.9862358625218091, '_a6_': 0.7972805400858538, '_a0_': 1.0, '_a3_': 1.0, '_a5_': 1.0, '_a7_': 1.0}};{'d0': 0.02483189962903241};-276.653897557082;48.81026468886496
33485;-89.5166840896758;(((((_a2_ + ((_a4_ * _a4_) ** x)) * (x * _a1_)) * x) + x) * (_a6_ + _a4_));{'d0': {'_a1_': -67.31948699121257, '_a2_': -1.0175743449786459, '_a4_': 0.9862358625218091, '_a6_': 0.7972805400858538, '_a0_': 1.0, '_a3_': 1.0, '_a5_': 1.0, '_a7_': 1.0}};{'d0': 0.02483189962903241};-276.653897557082;48.81026468886496
33486;-90.3432306406003;(((((_a2_ + ((_a4_ * _a4_) ** x)) * (x * _a1_)) * x) + x) * (_a6_ * _a4_));{'d0': {'_a1_': -67.31915919125227, '_a2_': -1.0175744301754053, '_a4_': 0.9862357973098886, '_a6_': 1.8084077335599658, '_a0_': 1.0, '_a3_': 1.0, '_a5_': 1.0, '_a7_': 1.0}};{'d0': 0.024831899629036147};-276.653897557073;47.98371813793596
33487;-90.3432306406003;(((((_a2_ + ((_a4_ * _a4_) ** x)) * (x * _a1_)) * x) + x) * (_a6_ * _a4_));{'d0': {'_a1_': -67.31915919125227, '_a2_': -1.0175744301754053, '_a4_': 0.9862357973098886, '_a6_': 1.8084077335599658, '_a0_': 1.0, '_a3_': 1.0, '_a5_': 1.0, '_a7_': 1.0}};{'d0': 0.024831899629036147};-276.653897557073;47.98371813793596
33488;-90.3432306406003;(((((_a2_ + ((_a4_ * _a4_) ** x)) * (x * _a1_)) * x) + x) * (_a6_ * _a4_));{'d0': {'_a1_': -67.31915919125227, '_a2_': -1.0175744301754053, '_a4_': 0.9862357973098886, '_a6_': 1.8084077335599658, '_a0_': 1.0, '_a3_': 1.0, '_a5_': 1.0, '_a7_': 1.0}};{'d0': 0.024831899629036147};-276.653897557073;47.98371813793596
33489;-90.3432306406003;(((((_a2_ + ((_a4_ * _a4_) ** x)) * (x * _a1_)) * x) + x) * (_a6_ * _a4_));{'d0': {'_a1_': -67.31915919125227, '_a2_': -1.0175744301754053, '_a4_': 0.9862357973098886, '_a6_': 1.8084077335599658, '_a0_': 1.0, '_a3_': 1.0, '_a5_': 1.0, '_a7_': 1.0}};{'d0': 0.024831899629036147};-276.653897557073;47.98371813793596
33490;-90.3432306406003;(((((_a2_ + ((_a4_ * _a4_) ** x)) * (x * _a1_)) * x) + x) * (_a6_ * _a4_));{'d0': {'_a1_': -67.31915919125227, '_a2_': -1.0175744301754053, '_a4_': 0.9862357973098886, '_a6_': 1.8084077335599658, '_a0_': 1.0, '_a3_': 1.0, '_a5_': 1.0, '_a7_': 1.0}};{'d0': 0.024831899629036147};-276.653897557073;47.98371813793596
33491;-102.382134400849;((_a4_ + ((_a0_ + -((_a5_ + (x * _a7_)))) * x)) * x);{'d0': {'_a0_': -4578104.2068940615, '_a4_': 1.7751354042585186, '_a5_': -4578106.31351403, '_a7_': -3.3767608789996166, '_a1_': 1.0, '_a2_': 1.0, '_a3_': 1.0, '_a6_': 1.0}};{'d0': 0.02490583306617181};-276.475521533277;35.855626365789455
33492;-102.382134400849;((_a4_ + ((_a0_ + -((_a5_ + (x * _a7_)))) * x)) * x);{'d0': {'_a0_': -4578104.2068940615, '_a4_': 1.7751354042585186, '_a5_': -4578106.31351403, '_a7_': -3.3767608789996166, '_a1_': 1.0, '_a2_': 1.0, '_a3_': 1.0, '_a6_': 1.0}};{'d0': 0.02490583306617181};-276.475521533277;35.855626365789455
33493;-102.382134400849;((_a4_ + ((_a0_ + -((_a5_ + (x * _a7_)))) * x)) * x);{'d0': {'_a0_': -4578104.2068940615, '_a4_': 1.7751354042585186, '_a5_': -4578106.31351403, '_a7_': -3.3767608789996166, '_a1_': 1.0, '_a2_': 1.0, '_a3_': 1.0, '_a6_': 1.0}};{'d0': 0.02490583306617181};-276.475521533277;35.855626365789455
33494;-102.382134400849;((_a4_ + ((_a0_ + -((_a5_ + (x * _a7_)))) * x)) * x);{'d0': {'_a0_': -4578104.2068940615, '_a4_': 1.7751354042585186, '_a5_': -4578106.31351403, '_a7_': -3.3767608789996166, '_a1_': 1.0, '_a2_': 1.0, '_a3_': 1.0, '_a6_': 1.0}};{'d0': 0.02490583306617181};-276.475521533277;35.855626365789455
33495;-102.382134400849;((_a4_ + ((_a0_ + -((_a5_ + (x * _a7_)))) * x)) * x);{'d0': {'_a0_': -4578104.2068940615, '_a4_': 1.7751354042585186, '_a5_': -4578106.31351403, '_a7_': -3.3767608789996166, '_a1_': 1.0, '_a2_': 1.0, '_a3_': 1.0, '_a6_': 1.0}};{'d0': 0.02490583306617181};-276.475521533277;35.855626365789455
33496;-102.382134400849;((_a4_ + ((_a0_ + -((_a5_ + (x * _a7_)))) * x)) * x);{'d0': {'_a0_': -4578104.2068940615, '_a4_': 1.7751354042585186, '_a5_': -4578106.31351403, '_a7_': -3.3767608789996166, '_a1_': 1.0, '_a2_': 1.0, '_a3_': 1.0, '_a6_': 1.0}};{'d0': 0.02490583306617181};-276.475521533277;35.855626365789455
33497;-102.382134400849;((_a4_ + ((_a0_ + -((_a5_ + (x * _a7_)))) * x)) * x);{'d0': {'_a0_': -4578104.2068940615, '_a4_': 1.7751354042585186, '_a5_': -4578106.31351403, '_a7_': -3.3767608789996166, '_a1_': 1.0, '_a2_': 1.0, '_a3_': 1.0, '_a6_': 1.0}};{'d0': 0.02490583306617181};-276.475521533277;35.855626365789455
33498;-102.382134400849;((_a4_ + ((_a0_ + -((_a5_ + (x * _a7_)))) * x)) * x);{'d0': {'_a0_': -4578104.2068940615, '_a4_': 1.7751354042585186, '_a5_': -4578106.31351403, '_a7_': -3.3767608789996166, '_a1_': 1.0, '_a2_': 1.0, '_a3_': 1.0, '_a6_': 1.0}};{'d0': 0.02490583306617181};-276.475521533277;35.855626365789455
33499;-102.382134400849;((_a4_ + ((_a0_ + -((_a5_ + (x * _a7_)))) * x)) * x);{'d0': {'_a0_': -4578104.2068940615, '_a4_': 1.7751354042585186, '_a5_': -4578106.31351403, '_a7_': -3.3767608789996166, '_a1_': 1.0, '_a2_': 1.0, '_a3_': 1.0, '_a6_': 1.0}};{'d0': 0.02490583306617181};-276.475521533277;35.855626365789455
33500;-102.382134400849;((_a4_ + ((_a0_ + -((_a5_ + (x * _a7_)))) * x)) * x);{'d0': {'_a0_': -4578104.2068940615, '_a4_': 1.7751354042585186, '_a5_': -4578106.31351403, '_a7_': -3.3767608789996166, '_a1_': 1.0, '_a2_': 1.0, '_a3_': 1.0, '_a6_': 1.0}};{'d0': 0.02490583306617181};-276.475521533277;35.855626365789455
33501;-102.382134400849;((_a4_ + ((_a0_ + -((_a5_ + (x * _a7_)))) * x)) * x);{'d0': {'_a0_': -4578104.2068940615, '_a4_': 1.7751354042585186, '_a5_': -4578106.31351403, '_a7_': -3.3767608789996166, '_a1_': 1.0, '_a2_': 1.0, '_a3_': 1.0, '_a6_': 1.0}};{'d0': 0.02490583306617181};-276.475521533277;35.855626365789455
33502;-102.382134400849;((_a4_ + ((_a0_ + -((_a5_ + (x * _a7_)))) * x)) * x);{'d0': {'_a0_': -4578104.2068940615, '_a4_': 1.7751354042585186, '_a5_': -4578106.31351403, '_a7_': -3.3767608789996166, '_a1_': 1.0, '_a2_': 1.0, '_a3_': 1.0, '_a6_': 1.0}};{'d0': 0.02490583306617181};-276.475521533277;35.855626365789455
33503;-102.382134400849;((_a4_ + ((_a0_ + -((_a5_ + (x * _a7_)))) * x)) * x);{'d0': {'_a0_': -4578104.2068940615, '_a4_': 1.7751354042585186, '_a5_': -4578106.31351403, '_a7_': -3.3767608789996166, '_a1_': 1.0, '_a2_': 1.0, '_a3_': 1.0, '_a6_': 1.0}};{'d0': 0.02490583306617181};-276.475521533277;35.855626365789455
33504;-102.364113935428;((_a4_ + ((_a0_ + pow2((_a5_ + (x * _a7_)))) * x)) * x);{'d0': {'_a0_': -327867.20206282014, '_a4_': 1.7751365242392534, '_a5_': -572.5987326894779, '_a7_': -0.002948620912459209, '_a1_': 1.0, '_a2_': 1.0, '_a3_': 1.0, '_a6_': 1.0}};{'d0': 0.024905860589682728};-276.475455227134;35.873613678139066
33505;-102.364113935428;((_a4_ + ((_a0_ + pow2((_a5_ + (x * _a7_)))) * x)) * x);{'d0': {'_a0_': -327867.20206282014, '_a4_': 1.7751365242392534, '_a5_': -572.5987326894779, '_a7_': -0.002948620912459209, '_a1_': 1.0, '_a2_': 1.0, '_a3_': 1.0, '_a6_': 1.0}};{'d0': 0.024905860589682728};-276.475455227134;35.873613678139066
33506;-102.364113935428;((_a4_ + ((_a0_ + pow2((_a5_ + (x * _a7_)))) * x)) * x);{'d0': {'_a0_': -327867.20206282014, '_a4_': 1.7751365242392534, '_a5_': -572.5987326894779, '_a7_': -0.002948620912459209, '_a1_': 1.0, '_a2_': 1.0, '_a3_': 1.0, '_a6_': 1.0}};{'d0': 0.024905860589682728};-276.475455227134;35.873613678139066
33507;-102.364113935428;((_a4_ + ((_a0_ + pow2((_a5_ + (x * _a7_)))) * x)) * x);{'d0': {'_a0_': -327867.20206282014, '_a4_': 1.7751365242392534, '_a5_': -572.5987326894779, '_a7_': -0.002948620912459209, '_a1_': 1.0, '_a2_': 1.0, '_a3_': 1.0, '_a6_': 1.0}};{'d0': 0.024905860589682728};-276.475455227134;35.873613678139066
33508;-102.364113935428;((_a4_ + ((_a0_ + pow2((_a5_ + (x * _a7_)))) * x)) * x);{'d0': {'_a0_': -327867.20206282014, '_a4_': 1.7751365242392534, '_a5_': -572.5987326894779, '_a7_': -0.002948620912459209, '_a1_': 1.0, '_a2_': 1.0, '_a3_': 1.0, '_a6_': 1.0}};{'d0': 0.024905860589682728};-276.475455227134;35.873613678139066
33509;-102.364113935428;((_a4_ + ((_a0_ + pow2((_a5_ + (x * _a7_)))) * x)) * x);{'d0': {'_a0_': -327867.20206282014, '_a4_': 1.7751365242392534, '_a5_': -572.5987326894779, '_a7_': -0.002948620912459209, '_a1_': 1.0, '_a2_': 1.0, '_a3_': 1.0, '_a6_': 1.0}};{'d0': 0.024905860589682728};-276.475455227134;35.873613678139066
33510;-102.364113935428;((_a4_ + ((_a0_ + pow2((_a5_ + (x * _a7_)))) * x)) * x);{'d0': {'_a0_': -327867.20206282014, '_a4_': 1.7751365242392534, '_a5_': -572.5987326894779, '_a7_': -0.002948620912459209, '_a1_': 1.0, '_a2_': 1.0, '_a3_': 1.0, '_a6_': 1.0}};{'d0': 0.024905860589682728};-276.475455227134;35.873613678139066
33511;-102.364113935428;((_a4_ + ((_a0_ + pow2((_a5_ + (x * _a7_)))) * x)) * x);{'d0': {'_a0_': -327867.20206282014, '_a4_': 1.7751365242392534, '_a5_': -572.5987326894779, '_a7_': -0.002948620912459209, '_a1_': 1.0, '_a2_': 1.0, '_a3_': 1.0, '_a6_': 1.0}};{'d0': 0.024905860589682728};-276.475455227134;35.873613678139066
33512;-102.364113935428;((_a4_ + ((_a0_ + pow2((_a5_ + (x * _a7_)))) * x)) * x);{'d0': {'_a0_': -327867.20206282014, '_a4_': 1.7751365242392534, '_a5_': -572.5987326894779, '_a7_': -0.002948620912459209, '_a1_': 1.0, '_a2_': 1.0, '_a3_': 1.0, '_a6_': 1.0}};{'d0': 0.024905860589682728};-276.475455227134;35.873613678139066
33513;-102.364113935428;((_a4_ + ((_a0_ + pow2((_a5_ + (x * _a7_)))) * x)) * x);{'d0': {'_a0_': -327867.20206282014, '_a4_': 1.7751365242392534, '_a5_': -572.5987326894779, '_a7_': -0.002948620912459209, '_a1_': 1.0, '_a2_': 1.0, '_a3_': 1.0, '_a6_': 1.0}};{'d0': 0.024905860589682728};-276.475455227134;35.873613678139066
33514;-102.364113935428;((_a4_ + ((_a0_ + pow2((_a5_ + (x * _a7_)))) * x)) * x);{'d0': {'_a0_': -327867.20206282014, '_a4_': 1.7751365242392534, '_a5_': -572.5987326894779, '_a7_': -0.002948620912459209, '_a1_': 1.0, '_a2_': 1.0, '_a3_': 1.0, '_a6_': 1.0}};{'d0': 0.024905860589682728};-276.475455227134;35.873613678139066
33515;-102.364113935428;((_a4_ + ((_a0_ + pow2((_a5_ + (x * _a7_)))) * x)) * x);{'d0': {'_a0_': -327867.20206282014, '_a4_': 1.7751365242392534, '_a5_': -572.5987326894779, '_a7_': -0.002948620912459209, '_a1_': 1.0, '_a2_': 1.0, '_a3_': 1.0, '_a6_': 1.0}};{'d0': 0.024905860589682728};-276.475455227134;35.873613678139066
33516;-102.364113935428;((_a4_ + ((_a0_ + pow2((_a5_ + (x * _a7_)))) * x)) * x);{'d0': {'_a0_': -327867.20206282014, '_a4_': 1.7751365242392534, '_a5_': -572.5987326894779, '_a7_': -0.002948620912459209, '_a1_': 1.0, '_a2_': 1.0, '_a3_': 1.0, '_a6_': 1.0}};{'d0': 0.024905860589682728};-276.475455227134;35.873613678139066
33517;-102.364113935428;((_a4_ + ((_a0_ + pow2((_a5_ + (x * _a7_)))) * x)) * x);{'d0': {'_a0_': -327867.20206282014, '_a4_': 1.7751365242392534, '_a5_': -572.5987326894779, '_a7_': -0.002948620912459209, '_a1_': 1.0, '_a2_': 1.0, '_a3_': 1.0, '_a6_': 1.0}};{'d0': 0.024905860589682728};-276.475455227134;35.873613678139066
33518;-91.7573379784514;-((((((_a2_ + ((_a4_ * _a4_) ** x)) * (x * _a1_)) * x) + x) * _a3_));{'d0': {'_a1_': -67.3196872443171, '_a2_': -1.0175742928670064, '_a3_': -1.7835163783314634, '_a4_': 0.9862359024105545, '_a0_': 1.0, '_a5_': 1.0, '_a6_': 1.0, '_a7_': 1.0}};{'d0': 0.02483189962902745};-276.653897557094;46.56961080009535
33519;-91.7573379784514;-((((((_a2_ + ((_a4_ * _a4_) ** x)) * (x * _a1_)) * x) + x) * _a3_));{'d0': {'_a1_': -67.3196872443171, '_a2_': -1.0175742928670064, '_a3_': -1.7835163783314634, '_a4_': 0.9862359024105545, '_a0_': 1.0, '_a5_': 1.0, '_a6_': 1.0, '_a7_': 1.0}};{'d0': 0.02483189962902745};-276.653897557094;46.56961080009535
33520;-91.7573379784514;-((((((_a2_ + ((_a4_ * _a4_) ** x)) * (x * _a1_)) * x) + x) * _a3_));{'d0': {'_a1_': -67.3196872443171, '_a2_': -1.0175742928670064, '_a3_': -1.7835163783314634, '_a4_': 0.9862359024105545, '_a0_': 1.0, '_a5_': 1.0, '_a6_': 1.0, '_a7_': 1.0}};{'d0': 0.02483189962902745};-276.653897557094;46.56961080009535
33521;-91.7573379784514;-((((((_a2_ + ((_a4_ * _a4_) ** x)) * (x * _a1_)) * x) + x) * _a3_));{'d0': {'_a1_': -67.3196872443171, '_a2_': -1.0175742928670064, '_a3_': -1.7835163783314634, '_a4_': 0.9862359024105545, '_a0_': 1.0, '_a5_': 1.0, '_a6_': 1.0, '_a7_': 1.0}};{'d0': 0.02483189962902745};-276.653897557094;46.56961080009535
33522;-91.4391721797095;-((((((_a2_ + (sqrt(_a6_) ** x)) * (x * _a1_)) * x) + x) * _a3_));{'d0': {'_a1_': -67.31955742026118, '_a2_': -1.0175743267928115, '_a3_': -1.7835163943494305, '_a6_': 0.9460698177433498, '_a0_': 1.0, '_a4_': 1.0, '_a5_': 1.0, '_a7_': 1.0}};{'d0': 0.024831899629028206};-276.653897557092;46.887776598836346
33523;-91.4391721797095;-((((((_a2_ + (sqrt(_a6_) ** x)) * (x * _a1_)) * x) + x) * _a3_));{'d0': {'_a1_': -67.31955742026118, '_a2_': -1.0175743267928115, '_a3_': -1.7835163943494305, '_a6_': 0.9460698177433498, '_a0_': 1.0, '_a4_': 1.0, '_a5_': 1.0, '_a7_': 1.0}};{'d0': 0.024831899629028206};-276.653897557092;46.887776598836346
33524;-91.4391721797095;-((((((_a2_ + (sqrt(_a6_) ** x)) * (x * _a1_)) * x) + x) * _a3_));{'d0': {'_a1_': -67.31955742026118, '_a2_': -1.0175743267928115, '_a3_': -1.7835163943494305, '_a6_': 0.9460698177433498, '_a0_': 1.0, '_a4_': 1.0, '_a5_': 1.0, '_a7_': 1.0}};{'d0': 0.024831899629028206};-276.653897557092;46.887776598836346
33525;-91.4391721797095;-((((((_a2_ + (sqrt(_a6_) ** x)) * (x * _a1_)) * x) + x) * _a3_));{'d0': {'_a1_': -67.31955742026118, '_a2_': -1.0175743267928115, '_a3_': -1.7835163943494305, '_a6_': 0.9460698177433498, '_a0_': 1.0, '_a4_': 1.0, '_a5_': 1.0, '_a7_': 1.0}};{'d0': 0.024831899629028206};-276.653897557092;46.887776598836346
33526;-102.364113935428;((_a4_ + ((_a0_ + pow2((_a5_ + (x * _a7_)))) * x)) * x);{'d0': {'_a0_': -327867.20206282014, '_a4_': 1.7751365242392534, '_a5_': -572.5987326894779, '_a7_': -0.002948620912459209, '_a1_': 1.0, '_a2_': 1.0, '_a3_': 1.0, '_a6_': 1.0}};{'d0': 0.024905860589682728};-276.475455227134;35.873613678139066
33527;-91.4391721797095;-((((((_a2_ + (sqrt(_a6_) ** x)) * (x * _a1_)) * x) + x) * _a3_));{'d0': {'_a1_': -67.31955742026118, '_a2_': -1.0175743267928115, '_a3_': -1.7835163943494305, '_a6_': 0.9460698177433498, '_a0_': 1.0, '_a4_': 1.0, '_a5_': 1.0, '_a7_': 1.0}};{'d0': 0.024831899629028206};-276.653897557092;46.887776598836346
33528;-91.4391721797095;-((((((_a2_ + (sqrt(_a6_) ** x)) * (x * _a1_)) * x) + x) * _a3_));{'d0': {'_a1_': -67.31955742026118, '_a2_': -1.0175743267928115, '_a3_': -1.7835163943494305, '_a6_': 0.9460698177433498, '_a0_': 1.0, '_a4_': 1.0, '_a5_': 1.0, '_a7_': 1.0}};{'d0': 0.024831899629028206};-276.653897557092;46.887776598836346
33529;-91.4391721797095;-((((((_a2_ + (sqrt(_a6_) ** x)) * (x * _a1_)) * x) + x) * _a3_));{'d0': {'_a1_': -67.31955742026118, '_a2_': -1.0175743267928115, '_a3_': -1.7835163943494305, '_a6_': 0.9460698177433498, '_a0_': 1.0, '_a4_': 1.0, '_a5_': 1.0, '_a7_': 1.0}};{'d0': 0.024831899629028206};-276.653897557092;46.887776598836346
33530;-91.4391721797095;-((((((_a2_ + (sqrt(_a6_) ** x)) * (x * _a1_)) * x) + x) * _a3_));{'d0': {'_a1_': -67.31955742026118, '_a2_': -1.0175743267928115, '_a3_': -1.7835163943494305, '_a6_': 0.9460698177433498, '_a0_': 1.0, '_a4_': 1.0, '_a5_': 1.0, '_a7_': 1.0}};{'d0': 0.024831899629028206};-276.653897557092;46.887776598836346
33531;-95.1191193399405;(((((_a2_ + (sqrt(_a6_) ** x)) * (x * _a1_)) * x) + x) * _a3_);{'d0': {'_a1_': -67.31854999833209, '_a2_': -1.01757458897361, '_a3_': 1.7835165168290124, '_a6_': 0.9460690477056434, '_a0_': 1.0, '_a4_': 1.0, '_a5_': 1.0, '_a7_': 1.0}};{'d0': 0.024831899629052467};-276.653897557033;43.207829438575956
33532;-95.1191193399405;(((((_a2_ + (sqrt(_a6_) ** x)) * (x * _a1_)) * x) + x) * _a3_);{'d0': {'_a1_': -67.31854999833209, '_a2_': -1.01757458897361, '_a3_': 1.7835165168290124, '_a6_': 0.9460690477056434, '_a0_': 1.0, '_a4_': 1.0, '_a5_': 1.0, '_a7_': 1.0}};{'d0': 0.024831899629052467};-276.653897557033;43.207829438575956
33533;-100.458982350489;(((((_a2_ + (_a7_ ** x)) * (x * _a1_)) * x) + x) * _a3_);{'d0': {'_a1_': -67.31938870602312, '_a2_': -1.0175743707025604, '_a3_': 1.783516414904434, '_a7_': 0.9726611376941854, '_a0_': 1.0, '_a4_': 1.0, '_a5_': 1.0, '_a6_': 1.0}};{'d0': 0.024831899629028903};-276.653897557090;37.86796642805596
33534;-100.458982350489;(((((_a2_ + (_a7_ ** x)) * (x * _a1_)) * x) + x) * _a3_);{'d0': {'_a1_': -67.31938870602312, '_a2_': -1.0175743707025604, '_a3_': 1.783516414904434, '_a7_': 0.9726611376941854, '_a0_': 1.0, '_a4_': 1.0, '_a5_': 1.0, '_a6_': 1.0}};{'d0': 0.024831899629028903};-276.653897557090;37.86796642805596
33535;-100.458982350489;(((((_a2_ + (_a7_ ** x)) * (x * _a1_)) * x) + x) * _a3_);{'d0': {'_a1_': -67.31938870602312, '_a2_': -1.0175743707025604, '_a3_': 1.783516414904434, '_a7_': 0.9726611376941854, '_a0_': 1.0, '_a4_': 1.0, '_a5_': 1.0, '_a6_': 1.0}};{'d0': 0.024831899629028903};-276.653897557090;37.86796642805596
33536;-100.458982350489;(((((_a2_ + (_a7_ ** x)) * (x * _a1_)) * x) + x) * _a3_);{'d0': {'_a1_': -67.31938870602312, '_a2_': -1.0175743707025604, '_a3_': 1.783516414904434, '_a7_': 0.9726611376941854, '_a0_': 1.0, '_a4_': 1.0, '_a5_': 1.0, '_a6_': 1.0}};{'d0': 0.024831899629028903};-276.653897557090;37.86796642805596
33537;-100.458982350489;(((((_a2_ + (_a7_ ** x)) * (x * _a1_)) * x) + x) * _a3_);{'d0': {'_a1_': -67.31938870602312, '_a2_': -1.0175743707025604, '_a3_': 1.783516414904434, '_a7_': 0.9726611376941854, '_a0_': 1.0, '_a4_': 1.0, '_a5_': 1.0, '_a6_': 1.0}};{'d0': 0.024831899629028903};-276.653897557090;37.86796642805596
33538;-100.458982350489;(((((_a2_ + (_a7_ ** x)) * (x * _a1_)) * x) + x) * _a3_);{'d0': {'_a1_': -67.31938870602312, '_a2_': -1.0175743707025604, '_a3_': 1.783516414904434, '_a7_': 0.9726611376941854, '_a0_': 1.0, '_a4_': 1.0, '_a5_': 1.0, '_a6_': 1.0}};{'d0': 0.024831899629028903};-276.653897557090;37.86796642805596
33539;-100.458982350489;(((((_a2_ + (_a7_ ** x)) * (x * _a1_)) * x) + x) * _a3_);{'d0': {'_a1_': -67.31938870602312, '_a2_': -1.0175743707025604, '_a3_': 1.783516414904434, '_a7_': 0.9726611376941854, '_a0_': 1.0, '_a4_': 1.0, '_a5_': 1.0, '_a6_': 1.0}};{'d0': 0.024831899629028903};-276.653897557090;37.86796642805596
33540;-100.458982350489;(((((_a2_ + (_a7_ ** x)) * (x * _a1_)) * x) + x) * _a3_);{'d0': {'_a1_': -67.31938870602312, '_a2_': -1.0175743707025604, '_a3_': 1.783516414904434, '_a7_': 0.9726611376941854, '_a0_': 1.0, '_a4_': 1.0, '_a5_': 1.0, '_a6_': 1.0}};{'d0': 0.024831899629028903};-276.653897557090;37.86796642805596
33541;-100.458982350489;(((((_a2_ + (_a7_ ** x)) * (x * _a1_)) * x) + x) * _a3_);{'d0': {'_a1_': -67.31938870602312, '_a2_': -1.0175743707025604, '_a3_': 1.783516414904434, '_a7_': 0.9726611376941854, '_a0_': 1.0, '_a4_': 1.0, '_a5_': 1.0, '_a6_': 1.0}};{'d0': 0.024831899629028903};-276.653897557090;37.86796642805596
33542;-100.458982350489;(((((_a2_ + (_a7_ ** x)) * (x * _a1_)) * x) + x) * _a3_);{'d0': {'_a1_': -67.31938870602312, '_a2_': -1.0175743707025604, '_a3_': 1.783516414904434, '_a7_': 0.9726611376941854, '_a0_': 1.0, '_a4_': 1.0, '_a5_': 1.0, '_a6_': 1.0}};{'d0': 0.024831899629028903};-276.653897557090;37.86796642805596
33543;-99.6002762159029;((_a4_ + (((_a7_ * (_a1_ + (x / _a1_))) * _a4_) * x)) * -(x));{'d0': {'_a1_': 0.7898477166867945, '_a4_': -1.77513540422662, '_a7_': 1.5024920708882614, '_a0_': 1.0, '_a2_': 1.0, '_a3_': 1.0, '_a5_': 1.0, '_a6_': 1.0}};{'d0': 0.024905832919416664};-280.569866449044;40.68465700861886
33544;-99.6002762159029;((_a4_ + (((_a7_ * (_a1_ + (x / _a1_))) * _a4_) * x)) * -(x));{'d0': {'_a1_': 0.7898477166867945, '_a4_': -1.77513540422662, '_a7_': 1.5024920708882614, '_a0_': 1.0, '_a2_': 1.0, '_a3_': 1.0, '_a5_': 1.0, '_a6_': 1.0}};{'d0': 0.024905832919416664};-280.569866449044;40.68465700861886
33545;-99.6002762159029;((_a4_ + (((_a7_ * (_a1_ + (x / _a1_))) * _a4_) * x)) * -(x));{'d0': {'_a1_': 0.7898477166867945, '_a4_': -1.77513540422662, '_a7_': 1.5024920708882614, '_a0_': 1.0, '_a2_': 1.0, '_a3_': 1.0, '_a5_': 1.0, '_a6_': 1.0}};{'d0': 0.024905832919416664};-280.569866449044;40.68465700861886
33546;-99.6002762159029;((_a4_ + (((_a7_ * (_a1_ + (x / _a1_))) * _a4_) * x)) * -(x));{'d0': {'_a1_': 0.7898477166867945, '_a4_': -1.77513540422662, '_a7_': 1.5024920708882614, '_a0_': 1.0, '_a2_': 1.0, '_a3_': 1.0, '_a5_': 1.0, '_a6_': 1.0}};{'d0': 0.024905832919416664};-280.569866449044;40.68465700861886
33547;-99.6002762159029;((_a4_ + (((_a7_ * (_a1_ + (x / _a1_))) * _a4_) * x)) * -(x));{'d0': {'_a1_': 0.7898477166867945, '_a4_': -1.77513540422662, '_a7_': 1.5024920708882614, '_a0_': 1.0, '_a2_': 1.0, '_a3_': 1.0, '_a5_': 1.0, '_a6_': 1.0}};{'d0': 0.024905832919416664};-280.569866449044;40.68465700861886
33548;-99.6002762159029;((_a4_ + (((_a7_ * (_a1_ + (x / _a1_))) * _a4_) * x)) * -(x));{'d0': {'_a1_': 0.7898477166867945, '_a4_': -1.77513540422662, '_a7_': 1.5024920708882614, '_a0_': 1.0, '_a2_': 1.0, '_a3_': 1.0, '_a5_': 1.0, '_a6_': 1.0}};{'d0': 0.024905832919416664};-280.569866449044;40.68465700861886
33549;-99.6002762159029;((_a4_ + (((_a7_ * (_a1_ + (x / _a1_))) * _a4_) * x)) * -(x));{'d0': {'_a1_': 0.7898477166867945, '_a4_': -1.77513540422662, '_a7_': 1.5024920708882614, '_a0_': 1.0, '_a2_': 1.0, '_a3_': 1.0, '_a5_': 1.0, '_a6_': 1.0}};{'d0': 0.024905832919416664};-280.569866449044;40.68465700861886
33550;-99.6002762159029;((_a4_ + (((_a7_ * (_a1_ + (x / _a1_))) * _a4_) * x)) * -(x));{'d0': {'_a1_': 0.7898477166867945, '_a4_': -1.77513540422662, '_a7_': 1.5024920708882614, '_a0_': 1.0, '_a2_': 1.0, '_a3_': 1.0, '_a5_': 1.0, '_a6_': 1.0}};{'d0': 0.024905832919416664};-280.569866449044;40.68465700861886
33551;-99.6002762159029;((_a4_ + (((_a7_ * (_a1_ + (x / _a1_))) * _a4_) * x)) * -(x));{'d0': {'_a1_': 0.7898477166867945, '_a4_': -1.77513540422662, '_a7_': 1.5024920708882614, '_a0_': 1.0, '_a2_': 1.0, '_a3_': 1.0, '_a5_': 1.0, '_a6_': 1.0}};{'d0': 0.024905832919416664};-280.569866449044;40.68465700861886
33552;-99.6002762159029;((_a4_ + (((_a7_ * (_a1_ + (x / _a1_))) * _a4_) * x)) * -(x));{'d0': {'_a1_': 0.7898477166867945, '_a4_': -1.77513540422662, '_a7_': 1.5024920708882614, '_a0_': 1.0, '_a2_': 1.0, '_a3_': 1.0, '_a5_': 1.0, '_a6_': 1.0}};{'d0': 0.024905832919416664};-280.569866449044;40.68465700861886
33553;-94.5695010630791;(((((_a2_ + (_a7_ ** x)) * (x * (_a2_ / _a5_))) * x) + x) * _a3_);{'d0': {'_a2_': -0.9999998307400484, '_a3_': 1.7751353215910863, '_a5_': -1.4262597016377842e-07, '_a7_': 1.0000002713110874, '_a0_': 1.0, '_a1_': 1.0, '_a4_': 1.0, '_a6_': 1.0}};{'d0': 0.024905834319019216};-276.475518515075;43.66825819445836
33554;-94.5695010630791;(((((_a2_ + (_a7_ ** x)) * (x * (_a2_ / _a5_))) * x) + x) * _a3_);{'d0': {'_a2_': -0.9999998307400484, '_a3_': 1.7751353215910863, '_a5_': -1.4262597016377842e-07, '_a7_': 1.0000002713110874, '_a0_': 1.0, '_a1_': 1.0, '_a4_': 1.0, '_a6_': 1.0}};{'d0': 0.024905834319019216};-276.475518515075;43.66825819445836
33555;-94.5695010630791;(((((_a2_ + (_a7_ ** x)) * (x * (_a2_ / _a5_))) * x) + x) * _a3_);{'d0': {'_a2_': -0.9999998307400484, '_a3_': 1.7751353215910863, '_a5_': -1.4262597016377842e-07, '_a7_': 1.0000002713110874, '_a0_': 1.0, '_a1_': 1.0, '_a4_': 1.0, '_a6_': 1.0}};{'d0': 0.024905834319019216};-276.475518515075;43.66825819445836
33556;-94.5695010630791;(((((_a2_ + (_a7_ ** x)) * (x * (_a2_ / _a5_))) * x) + x) * _a3_);{'d0': {'_a2_': -0.9999998307400484, '_a3_': 1.7751353215910863, '_a5_': -1.4262597016377842e-07, '_a7_': 1.0000002713110874, '_a0_': 1.0, '_a1_': 1.0, '_a4_': 1.0, '_a6_': 1.0}};{'d0': 0.024905834319019216};-276.475518515075;43.66825819445836
33557;-94.5695010630791;(((((_a2_ + (_a7_ ** x)) * (x * (_a2_ / _a5_))) * x) + x) * _a3_);{'d0': {'_a2_': -0.9999998307400484, '_a3_': 1.7751353215910863, '_a5_': -1.4262597016377842e-07, '_a7_': 1.0000002713110874, '_a0_': 1.0, '_a1_': 1.0, '_a4_': 1.0, '_a6_': 1.0}};{'d0': 0.024905834319019216};-276.475518515075;43.66825819445836
33558;-94.5695010630791;(((((_a2_ + (_a7_ ** x)) * (x * (_a2_ / _a5_))) * x) + x) * _a3_);{'d0': {'_a2_': -0.9999998307400484, '_a3_': 1.7751353215910863, '_a5_': -1.4262597016377842e-07, '_a7_': 1.0000002713110874, '_a0_': 1.0, '_a1_': 1.0, '_a4_': 1.0, '_a6_': 1.0}};{'d0': 0.024905834319019216};-276.475518515075;43.66825819445836
33559;-94.5695010630791;(((((_a2_ + (_a7_ ** x)) * (x * (_a2_ / _a5_))) * x) + x) * _a3_);{'d0': {'_a2_': -0.9999998307400484, '_a3_': 1.7751353215910863, '_a5_': -1.4262597016377842e-07, '_a7_': 1.0000002713110874, '_a0_': 1.0, '_a1_': 1.0, '_a4_': 1.0, '_a6_': 1.0}};{'d0': 0.024905834319019216};-276.475518515075;43.66825819445836
33560;-94.5695010630791;(((((_a2_ + (_a7_ ** x)) * (x * (_a2_ / _a5_))) * x) + x) * _a3_);{'d0': {'_a2_': -0.9999998307400484, '_a3_': 1.7751353215910863, '_a5_': -1.4262597016377842e-07, '_a7_': 1.0000002713110874, '_a0_': 1.0, '_a1_': 1.0, '_a4_': 1.0, '_a6_': 1.0}};{'d0': 0.024905834319019216};-276.475518515075;43.66825819445836
33561;-94.5695010630791;(((((_a2_ + (_a7_ ** x)) * (x * (_a2_ / _a5_))) * x) + x) * _a3_);{'d0': {'_a2_': -0.9999998307400484, '_a3_': 1.7751353215910863, '_a5_': -1.4262597016377842e-07, '_a7_': 1.0000002713110874, '_a0_': 1.0, '_a1_': 1.0, '_a4_': 1.0, '_a6_': 1.0}};{'d0': 0.024905834319019216};-276.475518515075;43.66825819445836
33562;-94.5695010630791;(((((_a2_ + (_a7_ ** x)) * (x * (_a2_ / _a5_))) * x) + x) * _a3_);{'d0': {'_a2_': -0.9999998307400484, '_a3_': 1.7751353215910863, '_a5_': -1.4262597016377842e-07, '_a7_': 1.0000002713110874, '_a0_': 1.0, '_a1_': 1.0, '_a4_': 1.0, '_a6_': 1.0}};{'d0': 0.024905834319019216};-276.475518515075;43.66825819445836
33563;-94.5695010630791;(((((_a2_ + (_a7_ ** x)) * (x * (_a2_ / _a5_))) * x) + x) * _a3_);{'d0': {'_a2_': -0.9999998307400484, '_a3_': 1.7751353215910863, '_a5_': -1.4262597016377842e-07, '_a7_': 1.0000002713110874, '_a0_': 1.0, '_a1_': 1.0, '_a4_': 1.0, '_a6_': 1.0}};{'d0': 0.024905834319019216};-276.475518515075;43.66825819445836
33564;-94.5695010630791;(((((_a2_ + (_a7_ ** x)) * (x * (_a2_ / _a5_))) * x) + x) * _a3_);{'d0': {'_a2_': -0.9999998307400484, '_a3_': 1.7751353215910863, '_a5_': -1.4262597016377842e-07, '_a7_': 1.0000002713110874, '_a0_': 1.0, '_a1_': 1.0, '_a4_': 1.0, '_a6_': 1.0}};{'d0': 0.024905834319019216};-276.475518515075;43.66825819445836
33565;-94.5695010630791;(((((_a2_ + (_a7_ ** x)) * (x * (_a2_ / _a5_))) * x) + x) * _a3_);{'d0': {'_a2_': -0.9999998307400484, '_a3_': 1.7751353215910863, '_a5_': -1.4262597016377842e-07, '_a7_': 1.0000002713110874, '_a0_': 1.0, '_a1_': 1.0, '_a4_': 1.0, '_a6_': 1.0}};{'d0': 0.024905834319019216};-276.475518515075;43.66825819445836
33566;-94.5695010630791;(((((_a2_ + (_a7_ ** x)) * (x * (_a2_ / _a5_))) * x) + x) * _a3_);{'d0': {'_a2_': -0.9999998307400484, '_a3_': 1.7751353215910863, '_a5_': -1.4262597016377842e-07, '_a7_': 1.0000002713110874, '_a0_': 1.0, '_a1_': 1.0, '_a4_': 1.0, '_a6_': 1.0}};{'d0': 0.024905834319019216};-276.475518515075;43.66825819445836
33567;-94.5695010630791;(((((_a2_ + (_a7_ ** x)) * (x * (_a2_ / _a5_))) * x) + x) * _a3_);{'d0': {'_a2_': -0.9999998307400484, '_a3_': 1.7751353215910863, '_a5_': -1.4262597016377842e-07, '_a7_': 1.0000002713110874, '_a0_': 1.0, '_a1_': 1.0, '_a4_': 1.0, '_a6_': 1.0}};{'d0': 0.024905834319019216};-276.475518515075;43.66825819445836
33568;-94.5695010630791;(((((_a2_ + (_a7_ ** x)) * (x * (_a2_ / _a5_))) * x) + x) * _a3_);{'d0': {'_a2_': -0.9999998307400484, '_a3_': 1.7751353215910863, '_a5_': -1.4262597016377842e-07, '_a7_': 1.0000002713110874, '_a0_': 1.0, '_a1_': 1.0, '_a4_': 1.0, '_a6_': 1.0}};{'d0': 0.024905834319019216};-276.475518515075;43.66825819445836
33569;-94.5695010630791;(((((_a2_ + (_a7_ ** x)) * (x * (_a2_ / _a5_))) * x) + x) * _a3_);{'d0': {'_a2_': -0.9999998307400484, '_a3_': 1.7751353215910863, '_a5_': -1.4262597016377842e-07, '_a7_': 1.0000002713110874, '_a0_': 1.0, '_a1_': 1.0, '_a4_': 1.0, '_a6_': 1.0}};{'d0': 0.024905834319019216};-276.475518515075;43.66825819445836
33570;-94.5695010630791;(((((_a2_ + (_a7_ ** x)) * (x * (_a2_ / _a5_))) * x) + x) * _a3_);{'d0': {'_a2_': -0.9999998307400484, '_a3_': 1.7751353215910863, '_a5_': -1.4262597016377842e-07, '_a7_': 1.0000002713110874, '_a0_': 1.0, '_a1_': 1.0, '_a4_': 1.0, '_a6_': 1.0}};{'d0': 0.024905834319019216};-276.475518515075;43.66825819445836
33571;-94.5695010630791;(((((_a2_ + (_a7_ ** x)) * (x * (_a2_ / _a5_))) * x) + x) * _a3_);{'d0': {'_a2_': -0.9999998307400484, '_a3_': 1.7751353215910863, '_a5_': -1.4262597016377842e-07, '_a7_': 1.0000002713110874, '_a0_': 1.0, '_a1_': 1.0, '_a4_': 1.0, '_a6_': 1.0}};{'d0': 0.024905834319019216};-276.475518515075;43.66825819445836
33572;-94.5695010630791;(((((_a2_ + (_a7_ ** x)) * (x * (_a2_ / _a5_))) * x) + x) * _a3_);{'d0': {'_a2_': -0.9999998307400484, '_a3_': 1.7751353215910863, '_a5_': -1.4262597016377842e-07, '_a7_': 1.0000002713110874, '_a0_': 1.0, '_a1_': 1.0, '_a4_': 1.0, '_a6_': 1.0}};{'d0': 0.024905834319019216};-276.475518515075;43.66825819445836
33573;-102.364113935428;((_a4_ + ((_a0_ + pow2((_a5_ + (x * _a7_)))) * x)) * x);{'d0': {'_a0_': -327867.20206282014, '_a4_': 1.7751365242392534, '_a5_': -572.5987326894779, '_a7_': -0.002948620912459209, '_a1_': 1.0, '_a2_': 1.0, '_a3_': 1.0, '_a6_': 1.0}};{'d0': 0.024905860589682728};-276.475455227134;35.873613678139066
33574;-102.364113935428;((_a4_ + ((_a0_ + pow2((_a5_ + (x * _a7_)))) * x)) * x);{'d0': {'_a0_': -327867.20206282014, '_a4_': 1.7751365242392534, '_a5_': -572.5987326894779, '_a7_': -0.002948620912459209, '_a1_': 1.0, '_a2_': 1.0, '_a3_': 1.0, '_a6_': 1.0}};{'d0': 0.024905860589682728};-276.475455227134;35.873613678139066
33575;-102.364113935428;((_a4_ + ((_a0_ + pow2((_a5_ + (x * _a7_)))) * x)) * x);{'d0': {'_a0_': -327867.20206282014, '_a4_': 1.7751365242392534, '_a5_': -572.5987326894779, '_a7_': -0.002948620912459209, '_a1_': 1.0, '_a2_': 1.0, '_a3_': 1.0, '_a6_': 1.0}};{'d0': 0.024905860589682728};-276.475455227134;35.873613678139066
33576;-102.364113935428;((_a4_ + ((_a0_ + pow2((_a5_ + (x * _a7_)))) * x)) * x);{'d0': {'_a0_': -327867.20206282014, '_a4_': 1.7751365242392534, '_a5_': -572.5987326894779, '_a7_': -0.002948620912459209, '_a1_': 1.0, '_a2_': 1.0, '_a3_': 1.0, '_a6_': 1.0}};{'d0': 0.024905860589682728};-276.475455227134;35.873613678139066
33577;-102.364113935428;((_a4_ + ((_a0_ + pow2((_a5_ + (x * _a7_)))) * x)) * x);{'d0': {'_a0_': -327867.20206282014, '_a4_': 1.7751365242392534, '_a5_': -572.5987326894779, '_a7_': -0.002948620912459209, '_a1_': 1.0, '_a2_': 1.0, '_a3_': 1.0, '_a6_': 1.0}};{'d0': 0.024905860589682728};-276.475455227134;35.873613678139066
33578;-102.364113935428;((_a4_ + ((_a0_ + pow2((_a5_ + (x * _a7_)))) * x)) * x);{'d0': {'_a0_': -327867.20206282014, '_a4_': 1.7751365242392534, '_a5_': -572.5987326894779, '_a7_': -0.002948620912459209, '_a1_': 1.0, '_a2_': 1.0, '_a3_': 1.0, '_a6_': 1.0}};{'d0': 0.024905860589682728};-276.475455227134;35.873613678139066
33579;-102.364113935428;((_a4_ + ((_a0_ + pow2((_a5_ + (x * _a7_)))) * x)) * x);{'d0': {'_a0_': -327867.20206282014, '_a4_': 1.7751365242392534, '_a5_': -572.5987326894779, '_a7_': -0.002948620912459209, '_a1_': 1.0, '_a2_': 1.0, '_a3_': 1.0, '_a6_': 1.0}};{'d0': 0.024905860589682728};-276.475455227134;35.873613678139066
33580;-102.364113935428;((_a4_ + ((_a0_ + pow2((_a5_ + (x * _a7_)))) * x)) * x);{'d0': {'_a0_': -327867.20206282014, '_a4_': 1.7751365242392534, '_a5_': -572.5987326894779, '_a7_': -0.002948620912459209, '_a1_': 1.0, '_a2_': 1.0, '_a3_': 1.0, '_a6_': 1.0}};{'d0': 0.024905860589682728};-276.475455227134;35.873613678139066
33581;-102.364113935428;((_a4_ + ((_a0_ + pow2((_a5_ + (x * _a7_)))) * x)) * x);{'d0': {'_a0_': -327867.20206282014, '_a4_': 1.7751365242392534, '_a5_': -572.5987326894779, '_a7_': -0.002948620912459209, '_a1_': 1.0, '_a2_': 1.0, '_a3_': 1.0, '_a6_': 1.0}};{'d0': 0.024905860589682728};-276.475455227134;35.873613678139066
33582;-102.364113935428;((_a4_ + ((_a0_ + pow2((_a5_ + (x * _a7_)))) * x)) * x);{'d0': {'_a0_': -327867.20206282014, '_a4_': 1.7751365242392534, '_a5_': -572.5987326894779, '_a7_': -0.002948620912459209, '_a1_': 1.0, '_a2_': 1.0, '_a3_': 1.0, '_a6_': 1.0}};{'d0': 0.024905860589682728};-276.475455227134;35.873613678139066
33583;-102.364113935428;((_a4_ + ((_a0_ + pow2((_a5_ + (x * _a7_)))) * x)) * x);{'d0': {'_a0_': -327867.20206282014, '_a4_': 1.7751365242392534, '_a5_': -572.5987326894779, '_a7_': -0.002948620912459209, '_a1_': 1.0, '_a2_': 1.0, '_a3_': 1.0, '_a6_': 1.0}};{'d0': 0.024905860589682728};-276.475455227134;35.873613678139066
33584;-102.364113935428;((_a4_ + ((_a0_ + pow2((_a5_ + (x * _a7_)))) * x)) * x);{'d0': {'_a0_': -327867.20206282014, '_a4_': 1.7751365242392534, '_a5_': -572.5987326894779, '_a7_': -0.002948620912459209, '_a1_': 1.0, '_a2_': 1.0, '_a3_': 1.0, '_a6_': 1.0}};{'d0': 0.024905860589682728};-276.475455227134;35.873613678139066
33585;-102.364113935428;((_a4_ + ((_a0_ + pow2((_a5_ + (x * _a7_)))) * x)) * x);{'d0': {'_a0_': -327867.20206282014, '_a4_': 1.7751365242392534, '_a5_': -572.5987326894779, '_a7_': -0.002948620912459209, '_a1_': 1.0, '_a2_': 1.0, '_a3_': 1.0, '_a6_': 1.0}};{'d0': 0.024905860589682728};-276.475455227134;35.873613678139066
33586;-102.364113935428;((_a4_ + ((_a0_ + pow2((_a5_ + (x * _a7_)))) * x)) * x);{'d0': {'_a0_': -327867.20206282014, '_a4_': 1.7751365242392534, '_a5_': -572.5987326894779, '_a7_': -0.002948620912459209, '_a1_': 1.0, '_a2_': 1.0, '_a3_': 1.0, '_a6_': 1.0}};{'d0': 0.024905860589682728};-276.475455227134;35.873613678139066
33587;-102.364113935428;((_a4_ + ((_a0_ + pow2((_a5_ + (x * _a7_)))) * x)) * x);{'d0': {'_a0_': -327867.20206282014, '_a4_': 1.7751365242392534, '_a5_': -572.5987326894779, '_a7_': -0.002948620912459209, '_a1_': 1.0, '_a2_': 1.0, '_a3_': 1.0, '_a6_': 1.0}};{'d0': 0.024905860589682728};-276.475455227134;35.873613678139066
33588;-102.364113935428;((_a4_ + ((_a0_ + pow2((_a5_ + (x * _a7_)))) * x)) * x);{'d0': {'_a0_': -327867.20206282014, '_a4_': 1.7751365242392534, '_a5_': -572.5987326894779, '_a7_': -0.002948620912459209, '_a1_': 1.0, '_a2_': 1.0, '_a3_': 1.0, '_a6_': 1.0}};{'d0': 0.024905860589682728};-276.475455227134;35.873613678139066
33589;-102.364113935428;((_a4_ + ((_a0_ + pow2((_a5_ + (x * _a7_)))) * x)) * x);{'d0': {'_a0_': -327867.20206282014, '_a4_': 1.7751365242392534, '_a5_': -572.5987326894779, '_a7_': -0.002948620912459209, '_a1_': 1.0, '_a2_': 1.0, '_a3_': 1.0, '_a6_': 1.0}};{'d0': 0.024905860589682728};-276.475455227134;35.873613678139066
33590;-102.364113935428;((_a4_ + ((_a0_ + pow2((_a5_ + (x * _a7_)))) * x)) * x);{'d0': {'_a0_': -327867.20206282014, '_a4_': 1.7751365242392534, '_a5_': -572.5987326894779, '_a7_': -0.002948620912459209, '_a1_': 1.0, '_a2_': 1.0, '_a3_': 1.0, '_a6_': 1.0}};{'d0': 0.024905860589682728};-276.475455227134;35.873613678139066
33591;-102.364113935428;((_a4_ + ((_a0_ + pow2((_a5_ + (x * _a7_)))) * x)) * x);{'d0': {'_a0_': -327867.20206282014, '_a4_': 1.7751365242392534, '_a5_': -572.5987326894779, '_a7_': -0.002948620912459209, '_a1_': 1.0, '_a2_': 1.0, '_a3_': 1.0, '_a6_': 1.0}};{'d0': 0.024905860589682728};-276.475455227134;35.873613678139066
33592;-102.364113935428;((_a4_ + ((_a0_ + pow2((_a5_ + (x * _a7_)))) * x)) * x);{'d0': {'_a0_': -327867.20206282014, '_a4_': 1.7751365242392534, '_a5_': -572.5987326894779, '_a7_': -0.002948620912459209, '_a1_': 1.0, '_a2_': 1.0, '_a3_': 1.0, '_a6_': 1.0}};{'d0': 0.024905860589682728};-276.475455227134;35.873613678139066
33593;-102.364113935428;((_a4_ + ((_a0_ + pow2((_a5_ + (x * _a7_)))) * x)) * x);{'d0': {'_a0_': -327867.20206282014, '_a4_': 1.7751365242392534, '_a5_': -572.5987326894779, '_a7_': -0.002948620912459209, '_a1_': 1.0, '_a2_': 1.0, '_a3_': 1.0, '_a6_': 1.0}};{'d0': 0.024905860589682728};-276.475455227134;35.873613678139066
33594;-102.364113935428;((_a4_ + ((_a0_ + pow2((_a5_ + (x * _a7_)))) * x)) * x);{'d0': {'_a0_': -327867.20206282014, '_a4_': 1.7751365242392534, '_a5_': -572.5987326894779, '_a7_': -0.002948620912459209, '_a1_': 1.0, '_a2_': 1.0, '_a3_': 1.0, '_a6_': 1.0}};{'d0': 0.024905860589682728};-276.475455227134;35.873613678139066
33595;-102.364113935428;((_a4_ + ((_a0_ + pow2((_a5_ + (x * _a7_)))) * x)) * x);{'d0': {'_a0_': -327867.20206282014, '_a4_': 1.7751365242392534, '_a5_': -572.5987326894779, '_a7_': -0.002948620912459209, '_a1_': 1.0, '_a2_': 1.0, '_a3_': 1.0, '_a6_': 1.0}};{'d0': 0.024905860589682728};-276.475455227134;35.873613678139066
33596;-104.549616141360;(-(_a2_) * (x * ((x * (x + (_a7_ / _a4_))) + _a7_)));{'d0': {'_a2_': -3.3767608803772293, '_a4_': 0.8426446036152118, '_a7_': 0.5256917699257949, '_a0_': 1.0, '_a1_': 1.0, '_a3_': 1.0, '_a5_': 1.0, '_a6_': 1.0}};{'d0': 0.024905832919416598};-280.569866449044;35.73531708316184
33597;-104.549616141360;(-(_a2_) * (x * ((x * (x + (_a7_ / _a4_))) + _a7_)));{'d0': {'_a2_': -3.3767608803772293, '_a4_': 0.8426446036152118, '_a7_': 0.5256917699257949, '_a0_': 1.0, '_a1_': 1.0, '_a3_': 1.0, '_a5_': 1.0, '_a6_': 1.0}};{'d0': 0.024905832919416598};-280.569866449044;35.73531708316184
33598;-104.549616141360;(-(_a2_) * (x * ((x * (x + (_a7_ / _a4_))) + _a7_)));{'d0': {'_a2_': -3.3767608803772293, '_a4_': 0.8426446036152118, '_a7_': 0.5256917699257949, '_a0_': 1.0, '_a1_': 1.0, '_a3_': 1.0, '_a5_': 1.0, '_a6_': 1.0}};{'d0': 0.024905832919416598};-280.569866449044;35.73531708316184
33599;-104.549616141360;(-(_a2_) * (x * ((x * (x + (_a7_ / _a4_))) + _a7_)));{'d0': {'_a2_': -3.3767608803772293, '_a4_': 0.8426446036152118, '_a7_': 0.5256917699257949, '_a0_': 1.0, '_a1_': 1.0, '_a3_': 1.0, '_a5_': 1.0, '_a6_': 1.0}};{'d0': 0.024905832919416598};-280.569866449044;35.73531708316184
33600;-104.549616141360;(-(_a2_) * (x * ((x * (x + (_a7_ / _a4_))) + _a7_)));{'d0': {'_a2_': -3.3767608803772293, '_a4_': 0.8426446036152118, '_a7_': 0.5256917699257949, '_a0_': 1.0, '_a1_': 1.0, '_a3_': 1.0, '_a5_': 1.0, '_a6_': 1.0}};{'d0': 0.024905832919416598};-280.569866449044;35.73531708316184
33601;-104.549616141360;(-(_a2_) * (x * ((x * (x + (_a7_ / _a4_))) + _a7_)));{'d0': {'_a2_': -3.3767608803772293, '_a4_': 0.8426446036152118, '_a7_': 0.5256917699257949, '_a0_': 1.0, '_a1_': 1.0, '_a3_': 1.0, '_a5_': 1.0, '_a6_': 1.0}};{'d0': 0.024905832919416598};-280.569866449044;35.73531708316184
33602;-104.549616141360;(-(_a2_) * (x * ((x * (x + (_a7_ / _a4_))) + _a7_)));{'d0': {'_a2_': -3.3767608803772293, '_a4_': 0.8426446036152118, '_a7_': 0.5256917699257949, '_a0_': 1.0, '_a1_': 1.0, '_a3_': 1.0, '_a5_': 1.0, '_a6_': 1.0}};{'d0': 0.024905832919416598};-280.569866449044;35.73531708316184
33603;-104.549616141360;(-(_a2_) * (x * ((x * (x + (_a7_ / _a4_))) + _a7_)));{'d0': {'_a2_': -3.3767608803772293, '_a4_': 0.8426446036152118, '_a7_': 0.5256917699257949, '_a0_': 1.0, '_a1_': 1.0, '_a3_': 1.0, '_a5_': 1.0, '_a6_': 1.0}};{'d0': 0.024905832919416598};-280.569866449044;35.73531708316184
33604;-104.549616141360;(-(_a2_) * (x * ((x * (x + (_a7_ / _a4_))) + _a7_)));{'d0': {'_a2_': -3.3767608803772293, '_a4_': 0.8426446036152118, '_a7_': 0.5256917699257949, '_a0_': 1.0, '_a1_': 1.0, '_a3_': 1.0, '_a5_': 1.0, '_a6_': 1.0}};{'d0': 0.024905832919416598};-280.569866449044;35.73531708316184
33605;-104.549616141360;(-(_a2_) * (x * ((x * (x + (_a7_ / _a4_))) + _a7_)));{'d0': {'_a2_': -3.3767608803772293, '_a4_': 0.8426446036152118, '_a7_': 0.5256917699257949, '_a0_': 1.0, '_a1_': 1.0, '_a3_': 1.0, '_a5_': 1.0, '_a6_': 1.0}};{'d0': 0.024905832919416598};-280.569866449044;35.73531708316184
33606;-104.549616141360;(-(_a2_) * (x * ((x * (x + (_a7_ / _a4_))) + _a7_)));{'d0': {'_a2_': -3.3767608803772293, '_a4_': 0.8426446036152118, '_a7_': 0.5256917699257949, '_a0_': 1.0, '_a1_': 1.0, '_a3_': 1.0, '_a5_': 1.0, '_a6_': 1.0}};{'d0': 0.024905832919416598};-280.569866449044;35.73531708316184
33607;-104.549616141360;(-(_a2_) * (x * ((x * (x + (_a7_ / _a4_))) + _a7_)));{'d0': {'_a2_': -3.3767608803772293, '_a4_': 0.8426446036152118, '_a7_': 0.5256917699257949, '_a0_': 1.0, '_a1_': 1.0, '_a3_': 1.0, '_a5_': 1.0, '_a6_': 1.0}};{'d0': 0.024905832919416598};-280.569866449044;35.73531708316184
33608;-104.549616141360;(-(_a2_) * (x * ((x * (x + (_a7_ / _a4_))) + _a7_)));{'d0': {'_a2_': -3.3767608803772293, '_a4_': 0.8426446036152118, '_a7_': 0.5256917699257949, '_a0_': 1.0, '_a1_': 1.0, '_a3_': 1.0, '_a5_': 1.0, '_a6_': 1.0}};{'d0': 0.024905832919416598};-280.569866449044;35.73531708316184
33609;-104.549616141360;(-(_a2_) * (x * ((x * (x + (_a7_ / _a4_))) + _a7_)));{'d0': {'_a2_': -3.3767608803772293, '_a4_': 0.8426446036152118, '_a7_': 0.5256917699257949, '_a0_': 1.0, '_a1_': 1.0, '_a3_': 1.0, '_a5_': 1.0, '_a6_': 1.0}};{'d0': 0.024905832919416598};-280.569866449044;35.73531708316184
33610;-104.549616141360;(-(_a2_) * (x * ((x * (x + (_a7_ / _a4_))) + _a7_)));{'d0': {'_a2_': -3.3767608803772293, '_a4_': 0.8426446036152118, '_a7_': 0.5256917699257949, '_a0_': 1.0, '_a1_': 1.0, '_a3_': 1.0, '_a5_': 1.0, '_a6_': 1.0}};{'d0': 0.024905832919416598};-280.569866449044;35.73531708316184
33611;-104.549616141360;(-(_a2_) * (x * ((x * (x + (_a7_ / _a4_))) + _a7_)));{'d0': {'_a2_': -3.3767608803772293, '_a4_': 0.8426446036152118, '_a7_': 0.5256917699257949, '_a0_': 1.0, '_a1_': 1.0, '_a3_': 1.0, '_a5_': 1.0, '_a6_': 1.0}};{'d0': 0.024905832919416598};-280.569866449044;35.73531708316184
33612;-102.364113935428;((_a4_ + ((_a0_ + pow2((_a5_ + (x * _a7_)))) * x)) * x);{'d0': {'_a0_': -327867.20206282014, '_a4_': 1.7751365242392534, '_a5_': -572.5987326894779, '_a7_': -0.002948620912459209, '_a1_': 1.0, '_a2_': 1.0, '_a3_': 1.0, '_a6_': 1.0}};{'d0': 0.024905860589682728};-276.475455227134;35.873613678139066
33613;-102.364113935428;((_a4_ + ((_a0_ + pow2((_a5_ + (x * _a7_)))) * x)) * x);{'d0': {'_a0_': -327867.20206282014, '_a4_': 1.7751365242392534, '_a5_': -572.5987326894779, '_a7_': -0.002948620912459209, '_a1_': 1.0, '_a2_': 1.0, '_a3_': 1.0, '_a6_': 1.0}};{'d0': 0.024905860589682728};-276.475455227134;35.873613678139066
33614;-102.364113935428;((_a4_ + ((_a0_ + pow2((_a5_ + (x * _a7_)))) * x)) * x);{'d0': {'_a0_': -327867.20206282014, '_a4_': 1.7751365242392534, '_a5_': -572.5987326894779, '_a7_': -0.002948620912459209, '_a1_': 1.0, '_a2_': 1.0, '_a3_': 1.0, '_a6_': 1.0}};{'d0': 0.024905860589682728};-276.475455227134;35.873613678139066
33615;-102.364113935428;((_a4_ + ((_a0_ + pow2((_a5_ + (x * _a7_)))) * x)) * x);{'d0': {'_a0_': -327867.20206282014, '_a4_': 1.7751365242392534, '_a5_': -572.5987326894779, '_a7_': -0.002948620912459209, '_a1_': 1.0, '_a2_': 1.0, '_a3_': 1.0, '_a6_': 1.0}};{'d0': 0.024905860589682728};-276.475455227134;35.873613678139066
33616;-102.364113935428;((_a4_ + ((_a0_ + pow2((_a5_ + (x * _a7_)))) * x)) * x);{'d0': {'_a0_': -327867.20206282014, '_a4_': 1.7751365242392534, '_a5_': -572.5987326894779, '_a7_': -0.002948620912459209, '_a1_': 1.0, '_a2_': 1.0, '_a3_': 1.0, '_a6_': 1.0}};{'d0': 0.024905860589682728};-276.475455227134;35.873613678139066
33617;-102.364113935428;((_a4_ + ((_a0_ + pow2((_a5_ + (x * _a7_)))) * x)) * x);{'d0': {'_a0_': -327867.20206282014, '_a4_': 1.7751365242392534, '_a5_': -572.5987326894779, '_a7_': -0.002948620912459209, '_a1_': 1.0, '_a2_': 1.0, '_a3_': 1.0, '_a6_': 1.0}};{'d0': 0.024905860589682728};-276.475455227134;35.873613678139066
33618;-102.364113935428;((_a4_ + ((_a0_ + pow2((_a5_ + (x * _a7_)))) * x)) * x);{'d0': {'_a0_': -327867.20206282014, '_a4_': 1.7751365242392534, '_a5_': -572.5987326894779, '_a7_': -0.002948620912459209, '_a1_': 1.0, '_a2_': 1.0, '_a3_': 1.0, '_a6_': 1.0}};{'d0': 0.024905860589682728};-276.475455227134;35.873613678139066
33619;-102.364113935428;((_a4_ + ((_a0_ + pow2((_a5_ + (x * _a7_)))) * x)) * x);{'d0': {'_a0_': -327867.20206282014, '_a4_': 1.7751365242392534, '_a5_': -572.5987326894779, '_a7_': -0.002948620912459209, '_a1_': 1.0, '_a2_': 1.0, '_a3_': 1.0, '_a6_': 1.0}};{'d0': 0.024905860589682728};-276.475455227134;35.873613678139066
33620;-102.364113935428;((_a4_ + ((_a0_ + pow2((_a5_ + (x * _a7_)))) * x)) * x);{'d0': {'_a0_': -327867.20206282014, '_a4_': 1.7751365242392534, '_a5_': -572.5987326894779, '_a7_': -0.002948620912459209, '_a1_': 1.0, '_a2_': 1.0, '_a3_': 1.0, '_a6_': 1.0}};{'d0': 0.024905860589682728};-276.475455227134;35.873613678139066
33621;-102.364113935428;((_a4_ + ((_a0_ + pow2((_a5_ + (x * _a7_)))) * x)) * x);{'d0': {'_a0_': -327867.20206282014, '_a4_': 1.7751365242392534, '_a5_': -572.5987326894779, '_a7_': -0.002948620912459209, '_a1_': 1.0, '_a2_': 1.0, '_a3_': 1.0, '_a6_': 1.0}};{'d0': 0.024905860589682728};-276.475455227134;35.873613678139066
33622;-102.364113935428;((_a4_ + ((_a0_ + pow2((_a5_ + (x * _a7_)))) * x)) * x);{'d0': {'_a0_': -327867.20206282014, '_a4_': 1.7751365242392534, '_a5_': -572.5987326894779, '_a7_': -0.002948620912459209, '_a1_': 1.0, '_a2_': 1.0, '_a3_': 1.0, '_a6_': 1.0}};{'d0': 0.024905860589682728};-276.475455227134;35.873613678139066
33623;-102.364113935428;((_a4_ + ((_a0_ + pow2((_a5_ + (x * _a7_)))) * x)) * x);{'d0': {'_a0_': -327867.20206282014, '_a4_': 1.7751365242392534, '_a5_': -572.5987326894779, '_a7_': -0.002948620912459209, '_a1_': 1.0, '_a2_': 1.0, '_a3_': 1.0, '_a6_': 1.0}};{'d0': 0.024905860589682728};-276.475455227134;35.873613678139066
33624;-102.364113935428;((_a4_ + ((_a0_ + pow2((_a5_ + (x * _a7_)))) * x)) * x);{'d0': {'_a0_': -327867.20206282014, '_a4_': 1.7751365242392534, '_a5_': -572.5987326894779, '_a7_': -0.002948620912459209, '_a1_': 1.0, '_a2_': 1.0, '_a3_': 1.0, '_a6_': 1.0}};{'d0': 0.024905860589682728};-276.475455227134;35.873613678139066
33625;-102.364113935428;((_a4_ + ((_a0_ + pow2((_a5_ + (x * _a7_)))) * x)) * x);{'d0': {'_a0_': -327867.20206282014, '_a4_': 1.7751365242392534, '_a5_': -572.5987326894779, '_a7_': -0.002948620912459209, '_a1_': 1.0, '_a2_': 1.0, '_a3_': 1.0, '_a6_': 1.0}};{'d0': 0.024905860589682728};-276.475455227134;35.873613678139066
33626;-102.364113935428;((_a4_ + ((_a0_ + pow2((_a5_ + (x * _a7_)))) * x)) * x);{'d0': {'_a0_': -327867.20206282014, '_a4_': 1.7751365242392534, '_a5_': -572.5987326894779, '_a7_': -0.002948620912459209, '_a1_': 1.0, '_a2_': 1.0, '_a3_': 1.0, '_a6_': 1.0}};{'d0': 0.024905860589682728};-276.475455227134;35.873613678139066
33627;-102.364113935428;((_a4_ + ((_a0_ + pow2((_a5_ + (x * _a7_)))) * x)) * x);{'d0': {'_a0_': -327867.20206282014, '_a4_': 1.7751365242392534, '_a5_': -572.5987326894779, '_a7_': -0.002948620912459209, '_a1_': 1.0, '_a2_': 1.0, '_a3_': 1.0, '_a6_': 1.0}};{'d0': 0.024905860589682728};-276.475455227134;35.873613678139066
33628;-104.983839773102;(-(_a2_) * (x * ((x * (x + exp(_a0_))) + _a7_)));{'d0': {'_a0_': -0.47183023194443924, '_a2_': -3.376760878774421, '_a7_': 0.5256917701283477, '_a1_': 1.0, '_a3_': 1.0, '_a4_': 1.0, '_a5_': 1.0, '_a6_': 1.0}};{'d0': 0.024905832919416632};-280.569866449044;35.30109345141944
33629;-104.983839773102;(-(_a2_) * (x * ((x * (x + exp(_a0_))) + _a7_)));{'d0': {'_a0_': -0.47183023194443924, '_a2_': -3.376760878774421, '_a7_': 0.5256917701283477, '_a1_': 1.0, '_a3_': 1.0, '_a4_': 1.0, '_a5_': 1.0, '_a6_': 1.0}};{'d0': 0.024905832919416632};-280.569866449044;35.30109345141944
33630;-104.983839773102;(-(_a2_) * (x * ((x * (x + exp(_a0_))) + _a7_)));{'d0': {'_a0_': -0.47183023194443924, '_a2_': -3.376760878774421, '_a7_': 0.5256917701283477, '_a1_': 1.0, '_a3_': 1.0, '_a4_': 1.0, '_a5_': 1.0, '_a6_': 1.0}};{'d0': 0.024905832919416632};-280.569866449044;35.30109345141944
33631;-104.983839773102;(-(_a2_) * (x * ((x * (x + exp(_a0_))) + _a7_)));{'d0': {'_a0_': -0.47183023194443924, '_a2_': -3.376760878774421, '_a7_': 0.5256917701283477, '_a1_': 1.0, '_a3_': 1.0, '_a4_': 1.0, '_a5_': 1.0, '_a6_': 1.0}};{'d0': 0.024905832919416632};-280.569866449044;35.30109345141944
33632;-104.983839773102;(-(_a2_) * (x * ((x * (x + exp(_a0_))) + _a7_)));{'d0': {'_a0_': -0.47183023194443924, '_a2_': -3.376760878774421, '_a7_': 0.5256917701283477, '_a1_': 1.0, '_a3_': 1.0, '_a4_': 1.0, '_a5_': 1.0, '_a6_': 1.0}};{'d0': 0.024905832919416632};-280.569866449044;35.30109345141944
33633;-104.983839773102;(-(_a2_) * (x * ((x * (x + exp(_a0_))) + _a7_)));{'d0': {'_a0_': -0.47183023194443924, '_a2_': -3.376760878774421, '_a7_': 0.5256917701283477, '_a1_': 1.0, '_a3_': 1.0, '_a4_': 1.0, '_a5_': 1.0, '_a6_': 1.0}};{'d0': 0.024905832919416632};-280.569866449044;35.30109345141944
33634;-104.983839773102;(-(_a2_) * (x * ((x * (x + exp(_a0_))) + _a7_)));{'d0': {'_a0_': -0.47183023194443924, '_a2_': -3.376760878774421, '_a7_': 0.5256917701283477, '_a1_': 1.0, '_a3_': 1.0, '_a4_': 1.0, '_a5_': 1.0, '_a6_': 1.0}};{'d0': 0.024905832919416632};-280.569866449044;35.30109345141944
33635;-104.983839773102;(-(_a2_) * (x * ((x * (x + exp(_a0_))) + _a7_)));{'d0': {'_a0_': -0.47183023194443924, '_a2_': -3.376760878774421, '_a7_': 0.5256917701283477, '_a1_': 1.0, '_a3_': 1.0, '_a4_': 1.0, '_a5_': 1.0, '_a6_': 1.0}};{'d0': 0.024905832919416632};-280.569866449044;35.30109345141944
33636;-104.983839773102;(-(_a2_) * (x * ((x * (x + exp(_a0_))) + _a7_)));{'d0': {'_a0_': -0.47183023194443924, '_a2_': -3.376760878774421, '_a7_': 0.5256917701283477, '_a1_': 1.0, '_a3_': 1.0, '_a4_': 1.0, '_a5_': 1.0, '_a6_': 1.0}};{'d0': 0.024905832919416632};-280.569866449044;35.30109345141944
33637;-104.983839773102;(-(_a2_) * (x * ((x * (x + exp(_a0_))) + _a7_)));{'d0': {'_a0_': -0.47183023194443924, '_a2_': -3.376760878774421, '_a7_': 0.5256917701283477, '_a1_': 1.0, '_a3_': 1.0, '_a4_': 1.0, '_a5_': 1.0, '_a6_': 1.0}};{'d0': 0.024905832919416632};-280.569866449044;35.30109345141944
33638;-104.983839773102;(-(_a2_) * (x * ((x * (x + exp(_a0_))) + _a7_)));{'d0': {'_a0_': -0.47183023194443924, '_a2_': -3.376760878774421, '_a7_': 0.5256917701283477, '_a1_': 1.0, '_a3_': 1.0, '_a4_': 1.0, '_a5_': 1.0, '_a6_': 1.0}};{'d0': 0.024905832919416632};-280.569866449044;35.30109345141944
33639;-104.983839773102;(-(_a2_) * (x * ((x * (x + exp(_a0_))) + _a7_)));{'d0': {'_a0_': -0.47183023194443924, '_a2_': -3.376760878774421, '_a7_': 0.5256917701283477, '_a1_': 1.0, '_a3_': 1.0, '_a4_': 1.0, '_a5_': 1.0, '_a6_': 1.0}};{'d0': 0.024905832919416632};-280.569866449044;35.30109345141944
33640;-104.983839773102;(-(_a2_) * (x * ((x * (x + exp(_a0_))) + _a7_)));{'d0': {'_a0_': -0.47183023194443924, '_a2_': -3.376760878774421, '_a7_': 0.5256917701283477, '_a1_': 1.0, '_a3_': 1.0, '_a4_': 1.0, '_a5_': 1.0, '_a6_': 1.0}};{'d0': 0.024905832919416632};-280.569866449044;35.30109345141944
33641;-104.983839773102;(-(_a2_) * (x * ((x * (x + exp(_a0_))) + _a7_)));{'d0': {'_a0_': -0.47183023194443924, '_a2_': -3.376760878774421, '_a7_': 0.5256917701283477, '_a1_': 1.0, '_a3_': 1.0, '_a4_': 1.0, '_a5_': 1.0, '_a6_': 1.0}};{'d0': 0.024905832919416632};-280.569866449044;35.30109345141944
33642;-104.983839773102;(-(_a2_) * (x * ((x * (x + exp(_a0_))) + _a7_)));{'d0': {'_a0_': -0.47183023194443924, '_a2_': -3.376760878774421, '_a7_': 0.5256917701283477, '_a1_': 1.0, '_a3_': 1.0, '_a4_': 1.0, '_a5_': 1.0, '_a6_': 1.0}};{'d0': 0.024905832919416632};-280.569866449044;35.30109345141944
33643;-104.983839773102;(-(_a2_) * (x * ((x * (x + exp(_a0_))) + _a7_)));{'d0': {'_a0_': -0.47183023194443924, '_a2_': -3.376760878774421, '_a7_': 0.5256917701283477, '_a1_': 1.0, '_a3_': 1.0, '_a4_': 1.0, '_a5_': 1.0, '_a6_': 1.0}};{'d0': 0.024905832919416632};-280.569866449044;35.30109345141944
33644;-104.983839773102;(-(_a2_) * (x * ((x * (x + exp(_a0_))) + _a7_)));{'d0': {'_a0_': -0.47183023194443924, '_a2_': -3.376760878774421, '_a7_': 0.5256917701283477, '_a1_': 1.0, '_a3_': 1.0, '_a4_': 1.0, '_a5_': 1.0, '_a6_': 1.0}};{'d0': 0.024905832919416632};-280.569866449044;35.30109345141944
33645;-104.983839773102;(-(_a2_) * (x * ((x * (x + exp(_a0_))) + _a7_)));{'d0': {'_a0_': -0.47183023194443924, '_a2_': -3.376760878774421, '_a7_': 0.5256917701283477, '_a1_': 1.0, '_a3_': 1.0, '_a4_': 1.0, '_a5_': 1.0, '_a6_': 1.0}};{'d0': 0.024905832919416632};-280.569866449044;35.30109345141944
33646;-104.983839773102;(-(_a2_) * (x * ((x * (x + exp(_a0_))) + _a7_)));{'d0': {'_a0_': -0.47183023194443924, '_a2_': -3.376760878774421, '_a7_': 0.5256917701283477, '_a1_': 1.0, '_a3_': 1.0, '_a4_': 1.0, '_a5_': 1.0, '_a6_': 1.0}};{'d0': 0.024905832919416632};-280.569866449044;35.30109345141944
33647;-104.983839773102;(-(_a2_) * (x * ((x * (x + exp(_a0_))) + _a7_)));{'d0': {'_a0_': -0.47183023194443924, '_a2_': -3.376760878774421, '_a7_': 0.5256917701283477, '_a1_': 1.0, '_a3_': 1.0, '_a4_': 1.0, '_a5_': 1.0, '_a6_': 1.0}};{'d0': 0.024905832919416632};-280.569866449044;35.30109345141944
33648;-104.983839773102;(-(_a2_) * (x * ((x * (x + exp(_a0_))) + _a7_)));{'d0': {'_a0_': -0.47183023194443924, '_a2_': -3.376760878774421, '_a7_': 0.5256917701283477, '_a1_': 1.0, '_a3_': 1.0, '_a4_': 1.0, '_a5_': 1.0, '_a6_': 1.0}};{'d0': 0.024905832919416632};-280.569866449044;35.30109345141944
33649;-104.983839773102;(-(_a2_) * (x * ((x * (x + exp(_a0_))) + _a7_)));{'d0': {'_a0_': -0.47183023194443924, '_a2_': -3.376760878774421, '_a7_': 0.5256917701283477, '_a1_': 1.0, '_a3_': 1.0, '_a4_': 1.0, '_a5_': 1.0, '_a6_': 1.0}};{'d0': 0.024905832919416632};-280.569866449044;35.30109345141944
33650;-104.983839773102;(-(_a2_) * (x * ((x * (x + exp(_a0_))) + _a7_)));{'d0': {'_a0_': -0.47183023194443924, '_a2_': -3.376760878774421, '_a7_': 0.5256917701283477, '_a1_': 1.0, '_a3_': 1.0, '_a4_': 1.0, '_a5_': 1.0, '_a6_': 1.0}};{'d0': 0.024905832919416632};-280.569866449044;35.30109345141944
33651;-104.983839773102;(-(_a2_) * (x * ((x * (x + exp(_a0_))) + _a7_)));{'d0': {'_a0_': -0.47183023194443924, '_a2_': -3.376760878774421, '_a7_': 0.5256917701283477, '_a1_': 1.0, '_a3_': 1.0, '_a4_': 1.0, '_a5_': 1.0, '_a6_': 1.0}};{'d0': 0.024905832919416632};-280.569866449044;35.30109345141944
33652;-104.983839773102;(-(_a2_) * (x * ((x * (x + exp(_a0_))) + _a7_)));{'d0': {'_a0_': -0.47183023194443924, '_a2_': -3.376760878774421, '_a7_': 0.5256917701283477, '_a1_': 1.0, '_a3_': 1.0, '_a4_': 1.0, '_a5_': 1.0, '_a6_': 1.0}};{'d0': 0.024905832919416632};-280.569866449044;35.30109345141944
33653;-104.983839773102;(-(_a2_) * (x * ((x * (x + exp(_a0_))) + _a7_)));{'d0': {'_a0_': -0.47183023194443924, '_a2_': -3.376760878774421, '_a7_': 0.5256917701283477, '_a1_': 1.0, '_a3_': 1.0, '_a4_': 1.0, '_a5_': 1.0, '_a6_': 1.0}};{'d0': 0.024905832919416632};-280.569866449044;35.30109345141944
33654;-104.983839773102;(-(_a2_) * (x * ((x * (x + exp(_a0_))) + _a7_)));{'d0': {'_a0_': -0.47183023194443924, '_a2_': -3.376760878774421, '_a7_': 0.5256917701283477, '_a1_': 1.0, '_a3_': 1.0, '_a4_': 1.0, '_a5_': 1.0, '_a6_': 1.0}};{'d0': 0.024905832919416632};-280.569866449044;35.30109345141944
33655;-104.983839773102;(-(_a2_) * (x * ((x * (x + exp(_a0_))) + _a7_)));{'d0': {'_a0_': -0.47183023194443924, '_a2_': -3.376760878774421, '_a7_': 0.5256917701283477, '_a1_': 1.0, '_a3_': 1.0, '_a4_': 1.0, '_a5_': 1.0, '_a6_': 1.0}};{'d0': 0.024905832919416632};-280.569866449044;35.30109345141944
33656;-104.983839773102;(-(_a2_) * (x * ((x * (x + exp(_a0_))) + _a7_)));{'d0': {'_a0_': -0.47183023194443924, '_a2_': -3.376760878774421, '_a7_': 0.5256917701283477, '_a1_': 1.0, '_a3_': 1.0, '_a4_': 1.0, '_a5_': 1.0, '_a6_': 1.0}};{'d0': 0.024905832919416632};-280.569866449044;35.30109345141944
33657;-104.983839773102;(-(_a2_) * (x * ((x * (x + exp(_a0_))) + _a7_)));{'d0': {'_a0_': -0.47183023194443924, '_a2_': -3.376760878774421, '_a7_': 0.5256917701283477, '_a1_': 1.0, '_a3_': 1.0, '_a4_': 1.0, '_a5_': 1.0, '_a6_': 1.0}};{'d0': 0.024905832919416632};-280.569866449044;35.30109345141944
33658;-104.983839773102;(-(_a2_) * (x * ((x * (x + exp(_a0_))) + _a7_)));{'d0': {'_a0_': -0.47183023194443924, '_a2_': -3.376760878774421, '_a7_': 0.5256917701283477, '_a1_': 1.0, '_a3_': 1.0, '_a4_': 1.0, '_a5_': 1.0, '_a6_': 1.0}};{'d0': 0.024905832919416632};-280.569866449044;35.30109345141944
33659;-104.983839773102;(-(_a2_) * (x * ((x * (x + exp(_a0_))) + _a7_)));{'d0': {'_a0_': -0.47183023194443924, '_a2_': -3.376760878774421, '_a7_': 0.5256917701283477, '_a1_': 1.0, '_a3_': 1.0, '_a4_': 1.0, '_a5_': 1.0, '_a6_': 1.0}};{'d0': 0.024905832919416632};-280.569866449044;35.30109345141944
33660;-104.983839773102;(-(_a2_) * (x * ((x * (x + exp(_a0_))) + _a7_)));{'d0': {'_a0_': -0.47183023194443924, '_a2_': -3.376760878774421, '_a7_': 0.5256917701283477, '_a1_': 1.0, '_a3_': 1.0, '_a4_': 1.0, '_a5_': 1.0, '_a6_': 1.0}};{'d0': 0.024905832919416632};-280.569866449044;35.30109345141944
33661;-104.983839773102;(-(_a2_) * (x * ((x * (x + exp(_a0_))) + _a7_)));{'d0': {'_a0_': -0.47183023194443924, '_a2_': -3.376760878774421, '_a7_': 0.5256917701283477, '_a1_': 1.0, '_a3_': 1.0, '_a4_': 1.0, '_a5_': 1.0, '_a6_': 1.0}};{'d0': 0.024905832919416632};-280.569866449044;35.30109345141944
33662;-104.983839773102;(-(_a2_) * (x * ((x * (x + exp(_a0_))) + _a7_)));{'d0': {'_a0_': -0.47183023194443924, '_a2_': -3.376760878774421, '_a7_': 0.5256917701283477, '_a1_': 1.0, '_a3_': 1.0, '_a4_': 1.0, '_a5_': 1.0, '_a6_': 1.0}};{'d0': 0.024905832919416632};-280.569866449044;35.30109345141944
33663;-104.983839773102;(-(_a2_) * (x * ((x * (x + exp(_a0_))) + _a7_)));{'d0': {'_a0_': -0.47183023194443924, '_a2_': -3.376760878774421, '_a7_': 0.5256917701283477, '_a1_': 1.0, '_a3_': 1.0, '_a4_': 1.0, '_a5_': 1.0, '_a6_': 1.0}};{'d0': 0.024905832919416632};-280.569866449044;35.30109345141944
33664;-104.983839773102;(-(_a2_) * (x * ((x * (x + exp(_a0_))) + _a7_)));{'d0': {'_a0_': -0.47183023194443924, '_a2_': -3.376760878774421, '_a7_': 0.5256917701283477, '_a1_': 1.0, '_a3_': 1.0, '_a4_': 1.0, '_a5_': 1.0, '_a6_': 1.0}};{'d0': 0.024905832919416632};-280.569866449044;35.30109345141944
33665;-104.983839773102;(-(_a2_) * (x * ((x * (x + exp(_a0_))) + _a7_)));{'d0': {'_a0_': -0.47183023194443924, '_a2_': -3.376760878774421, '_a7_': 0.5256917701283477, '_a1_': 1.0, '_a3_': 1.0, '_a4_': 1.0, '_a5_': 1.0, '_a6_': 1.0}};{'d0': 0.024905832919416632};-280.569866449044;35.30109345141944
33666;-100.034499847645;(-(_a2_) * (x * ((x * (x + exp(_a0_))) + (_a7_ * _a0_))));{'d0': {'_a0_': -0.4718302315063709, '_a2_': -3.3767608796799484, '_a7_': -1.1141544882524919, '_a1_': 1.0, '_a3_': 1.0, '_a4_': 1.0, '_a5_': 1.0, '_a6_': 1.0}};{'d0': 0.024905832919416643};-280.569866449044;40.250433376876444
33667;-100.034499847645;(-(_a2_) * (x * ((x * (x + exp(_a0_))) + (_a7_ * _a0_))));{'d0': {'_a0_': -0.4718302315063709, '_a2_': -3.3767608796799484, '_a7_': -1.1141544882524919, '_a1_': 1.0, '_a3_': 1.0, '_a4_': 1.0, '_a5_': 1.0, '_a6_': 1.0}};{'d0': 0.024905832919416643};-280.569866449044;40.250433376876444
33668;-100.034499847645;(-(_a2_) * (x * ((x * (x + exp(_a0_))) + (_a7_ * _a0_))));{'d0': {'_a0_': -0.4718302315063709, '_a2_': -3.3767608796799484, '_a7_': -1.1141544882524919, '_a1_': 1.0, '_a3_': 1.0, '_a4_': 1.0, '_a5_': 1.0, '_a6_': 1.0}};{'d0': 0.024905832919416643};-280.569866449044;40.250433376876444
33669;-100.034499847645;(-(_a2_) * (x * ((x * (x + exp(_a0_))) + (_a7_ * _a0_))));{'d0': {'_a0_': -0.4718302315063709, '_a2_': -3.3767608796799484, '_a7_': -1.1141544882524919, '_a1_': 1.0, '_a3_': 1.0, '_a4_': 1.0, '_a5_': 1.0, '_a6_': 1.0}};{'d0': 0.024905832919416643};-280.569866449044;40.250433376876444
33670;-100.034499847645;(-(_a2_) * (x * ((x * (x + exp(_a0_))) + (_a7_ * _a0_))));{'d0': {'_a0_': -0.4718302315063709, '_a2_': -3.3767608796799484, '_a7_': -1.1141544882524919, '_a1_': 1.0, '_a3_': 1.0, '_a4_': 1.0, '_a5_': 1.0, '_a6_': 1.0}};{'d0': 0.024905832919416643};-280.569866449044;40.250433376876444
33671;-100.034499847645;(-(_a2_) * (x * ((x * (x + exp(_a0_))) + (_a7_ * _a0_))));{'d0': {'_a0_': -0.4718302315063709, '_a2_': -3.3767608796799484, '_a7_': -1.1141544882524919, '_a1_': 1.0, '_a3_': 1.0, '_a4_': 1.0, '_a5_': 1.0, '_a6_': 1.0}};{'d0': 0.024905832919416643};-280.569866449044;40.250433376876444
33672;-100.034499847645;(-(_a2_) * (x * ((x * (x + exp(_a0_))) + (_a7_ * _a0_))));{'d0': {'_a0_': -0.4718302315063709, '_a2_': -3.3767608796799484, '_a7_': -1.1141544882524919, '_a1_': 1.0, '_a3_': 1.0, '_a4_': 1.0, '_a5_': 1.0, '_a6_': 1.0}};{'d0': 0.024905832919416643};-280.569866449044;40.250433376876444
33673;-100.034499847645;(-(_a2_) * (x * ((x * (x + exp(_a0_))) + (_a7_ * _a0_))));{'d0': {'_a0_': -0.4718302315063709, '_a2_': -3.3767608796799484, '_a7_': -1.1141544882524919, '_a1_': 1.0, '_a3_': 1.0, '_a4_': 1.0, '_a5_': 1.0, '_a6_': 1.0}};{'d0': 0.024905832919416643};-280.569866449044;40.250433376876444
33674;-100.034499847645;(-(_a2_) * (x * ((x * (x + exp(_a0_))) + (_a7_ * _a0_))));{'d0': {'_a0_': -0.4718302315063709, '_a2_': -3.3767608796799484, '_a7_': -1.1141544882524919, '_a1_': 1.0, '_a3_': 1.0, '_a4_': 1.0, '_a5_': 1.0, '_a6_': 1.0}};{'d0': 0.024905832919416643};-280.569866449044;40.250433376876444
33675;-100.034499847645;(-(_a2_) * (x * ((x * (x + exp(_a0_))) + (_a7_ * _a0_))));{'d0': {'_a0_': -0.4718302315063709, '_a2_': -3.3767608796799484, '_a7_': -1.1141544882524919, '_a1_': 1.0, '_a3_': 1.0, '_a4_': 1.0, '_a5_': 1.0, '_a6_': 1.0}};{'d0': 0.024905832919416643};-280.569866449044;40.250433376876444
33676;-100.034499847645;(-(_a2_) * (x * ((x * (x + exp(_a0_))) + (_a7_ * _a0_))));{'d0': {'_a0_': -0.4718302315063709, '_a2_': -3.3767608796799484, '_a7_': -1.1141544882524919, '_a1_': 1.0, '_a3_': 1.0, '_a4_': 1.0, '_a5_': 1.0, '_a6_': 1.0}};{'d0': 0.024905832919416643};-280.569866449044;40.250433376876444
33677;-100.034499847645;(-(_a2_) * (x * ((x * (x + exp(_a0_))) + (_a7_ * _a0_))));{'d0': {'_a0_': -0.4718302315063709, '_a2_': -3.3767608796799484, '_a7_': -1.1141544882524919, '_a1_': 1.0, '_a3_': 1.0, '_a4_': 1.0, '_a5_': 1.0, '_a6_': 1.0}};{'d0': 0.024905832919416643};-280.569866449044;40.250433376876444
33678;-100.034499847645;(-(_a2_) * (x * ((x * (x + exp(_a0_))) + (_a7_ * _a0_))));{'d0': {'_a0_': -0.4718302315063709, '_a2_': -3.3767608796799484, '_a7_': -1.1141544882524919, '_a1_': 1.0, '_a3_': 1.0, '_a4_': 1.0, '_a5_': 1.0, '_a6_': 1.0}};{'d0': 0.024905832919416643};-280.569866449044;40.250433376876444
33679;-100.034499847645;(-(_a2_) * (x * ((x * (x + exp(_a0_))) + (_a7_ * _a0_))));{'d0': {'_a0_': -0.4718302315063709, '_a2_': -3.3767608796799484, '_a7_': -1.1141544882524919, '_a1_': 1.0, '_a3_': 1.0, '_a4_': 1.0, '_a5_': 1.0, '_a6_': 1.0}};{'d0': 0.024905832919416643};-280.569866449044;40.250433376876444
33680;-100.034499847645;(-(_a2_) * (x * ((x * (x + exp(_a0_))) + (_a7_ * _a0_))));{'d0': {'_a0_': -0.4718302315063709, '_a2_': -3.3767608796799484, '_a7_': -1.1141544882524919, '_a1_': 1.0, '_a3_': 1.0, '_a4_': 1.0, '_a5_': 1.0, '_a6_': 1.0}};{'d0': 0.024905832919416643};-280.569866449044;40.250433376876444
33681;-100.034499847645;(-(_a2_) * (x * ((x * (x + exp(_a0_))) + (_a7_ * _a0_))));{'d0': {'_a0_': -0.4718302315063709, '_a2_': -3.3767608796799484, '_a7_': -1.1141544882524919, '_a1_': 1.0, '_a3_': 1.0, '_a4_': 1.0, '_a5_': 1.0, '_a6_': 1.0}};{'d0': 0.024905832919416643};-280.569866449044;40.250433376876444
33682;-101.702633509695;(_a5_ * -((x * (_a2_ * ((pow2((_a2_ + x)) + _a0_) * _a0_)))));{'d0': {'_a0_': 0.4283916267876365, '_a2_': 0.31192970777589785, '_a5_': -25.269846056211207, '_a1_': 1.0, '_a3_': 1.0, '_a4_': 1.0, '_a6_': 1.0, '_a7_': 1.0}};{'d0': 0.024905832919416598};-280.569866449044;38.58229971482632
33683;-101.702633509695;(_a5_ * -((x * (_a2_ * ((pow2((_a2_ + x)) + _a0_) * _a0_)))));{'d0': {'_a0_': 0.4283916267876365, '_a2_': 0.31192970777589785, '_a5_': -25.269846056211207, '_a1_': 1.0, '_a3_': 1.0, '_a4_': 1.0, '_a6_': 1.0, '_a7_': 1.0}};{'d0': 0.024905832919416598};-280.569866449044;38.58229971482632
33684;-101.702633509695;(_a5_ * -((x * (_a2_ * ((pow2((_a2_ + x)) + _a0_) * _a0_)))));{'d0': {'_a0_': 0.4283916267876365, '_a2_': 0.31192970777589785, '_a5_': -25.269846056211207, '_a1_': 1.0, '_a3_': 1.0, '_a4_': 1.0, '_a6_': 1.0, '_a7_': 1.0}};{'d0': 0.024905832919416598};-280.569866449044;38.58229971482632
33685;-101.702633509695;(_a5_ * -((x * (_a2_ * ((pow2((_a2_ + x)) + _a0_) * _a0_)))));{'d0': {'_a0_': 0.4283916267876365, '_a2_': 0.31192970777589785, '_a5_': -25.269846056211207, '_a1_': 1.0, '_a3_': 1.0, '_a4_': 1.0, '_a6_': 1.0, '_a7_': 1.0}};{'d0': 0.024905832919416598};-280.569866449044;38.58229971482632
33686;-101.702633509695;(_a5_ * -((x * (_a2_ * ((pow2((_a2_ + x)) + _a0_) * _a0_)))));{'d0': {'_a0_': 0.4283916267876365, '_a2_': 0.31192970777589785, '_a5_': -25.269846056211207, '_a1_': 1.0, '_a3_': 1.0, '_a4_': 1.0, '_a6_': 1.0, '_a7_': 1.0}};{'d0': 0.024905832919416598};-280.569866449044;38.58229971482632
33687;-101.702633509695;(_a5_ * -((x * (_a2_ * ((pow2((_a2_ + x)) + _a0_) * _a0_)))));{'d0': {'_a0_': 0.4283916267876365, '_a2_': 0.31192970777589785, '_a5_': -25.269846056211207, '_a1_': 1.0, '_a3_': 1.0, '_a4_': 1.0, '_a6_': 1.0, '_a7_': 1.0}};{'d0': 0.024905832919416598};-280.569866449044;38.58229971482632
33688;-101.702633509695;(_a5_ * -((x * (_a2_ * ((pow2((_a2_ + x)) + _a0_) * _a0_)))));{'d0': {'_a0_': 0.4283916267876365, '_a2_': 0.31192970777589785, '_a5_': -25.269846056211207, '_a1_': 1.0, '_a3_': 1.0, '_a4_': 1.0, '_a6_': 1.0, '_a7_': 1.0}};{'d0': 0.024905832919416598};-280.569866449044;38.58229971482632
33689;-101.702633509695;(_a5_ * -((x * (_a2_ * ((pow2((_a2_ + x)) + _a0_) * _a0_)))));{'d0': {'_a0_': 0.4283916267876365, '_a2_': 0.31192970777589785, '_a5_': -25.269846056211207, '_a1_': 1.0, '_a3_': 1.0, '_a4_': 1.0, '_a6_': 1.0, '_a7_': 1.0}};{'d0': 0.024905832919416598};-280.569866449044;38.58229971482632
33690;-101.702633509695;(_a5_ * -((x * (_a2_ * ((pow2((_a2_ + x)) + _a0_) * _a0_)))));{'d0': {'_a0_': 0.4283916267876365, '_a2_': 0.31192970777589785, '_a5_': -25.269846056211207, '_a1_': 1.0, '_a3_': 1.0, '_a4_': 1.0, '_a6_': 1.0, '_a7_': 1.0}};{'d0': 0.024905832919416598};-280.569866449044;38.58229971482632
33691;-101.702633509695;(_a5_ * -((x * (_a2_ * ((pow2((_a2_ + x)) + _a0_) * _a0_)))));{'d0': {'_a0_': 0.4283916267876365, '_a2_': 0.31192970777589785, '_a5_': -25.269846056211207, '_a1_': 1.0, '_a3_': 1.0, '_a4_': 1.0, '_a6_': 1.0, '_a7_': 1.0}};{'d0': 0.024905832919416598};-280.569866449044;38.58229971482632
33692;-101.702633509695;(_a5_ * -((x * (_a2_ * ((pow2((_a2_ + x)) + _a0_) * _a0_)))));{'d0': {'_a0_': 0.4283916267876365, '_a2_': 0.31192970777589785, '_a5_': -25.269846056211207, '_a1_': 1.0, '_a3_': 1.0, '_a4_': 1.0, '_a6_': 1.0, '_a7_': 1.0}};{'d0': 0.024905832919416598};-280.569866449044;38.58229971482632
33693;-101.702633509695;(_a5_ * -((x * (_a2_ * ((pow2((_a2_ + x)) + _a0_) * _a0_)))));{'d0': {'_a0_': 0.4283916267876365, '_a2_': 0.31192970777589785, '_a5_': -25.269846056211207, '_a1_': 1.0, '_a3_': 1.0, '_a4_': 1.0, '_a6_': 1.0, '_a7_': 1.0}};{'d0': 0.024905832919416598};-280.569866449044;38.58229971482632
33694;-101.702633509695;(_a5_ * -((x * (_a2_ * ((pow2((_a2_ + x)) + _a0_) * _a0_)))));{'d0': {'_a0_': 0.4283916267876365, '_a2_': 0.31192970777589785, '_a5_': -25.269846056211207, '_a1_': 1.0, '_a3_': 1.0, '_a4_': 1.0, '_a6_': 1.0, '_a7_': 1.0}};{'d0': 0.024905832919416598};-280.569866449044;38.58229971482632
33695;-101.702633509695;(_a5_ * -((x * (_a2_ * ((pow2((_a2_ + x)) + _a0_) * _a0_)))));{'d0': {'_a0_': 0.4283916267876365, '_a2_': 0.31192970777589785, '_a5_': -25.269846056211207, '_a1_': 1.0, '_a3_': 1.0, '_a4_': 1.0, '_a6_': 1.0, '_a7_': 1.0}};{'d0': 0.024905832919416598};-280.569866449044;38.58229971482632
33696;-101.702633509695;(_a5_ * -((x * (_a2_ * ((pow2((_a2_ + x)) + _a0_) * _a0_)))));{'d0': {'_a0_': 0.4283916267876365, '_a2_': 0.31192970777589785, '_a5_': -25.269846056211207, '_a1_': 1.0, '_a3_': 1.0, '_a4_': 1.0, '_a6_': 1.0, '_a7_': 1.0}};{'d0': 0.024905832919416598};-280.569866449044;38.58229971482632
33697;-101.702633509695;(_a5_ * -((x * (_a2_ * ((pow2((_a2_ + x)) + _a0_) * _a0_)))));{'d0': {'_a0_': 0.4283916267876365, '_a2_': 0.31192970777589785, '_a5_': -25.269846056211207, '_a1_': 1.0, '_a3_': 1.0, '_a4_': 1.0, '_a6_': 1.0, '_a7_': 1.0}};{'d0': 0.024905832919416598};-280.569866449044;38.58229971482632
33698;-101.702633509695;(_a5_ * -((x * (_a2_ * ((pow2((_a2_ + x)) + _a0_) * _a0_)))));{'d0': {'_a0_': 0.4283916267876365, '_a2_': 0.31192970777589785, '_a5_': -25.269846056211207, '_a1_': 1.0, '_a3_': 1.0, '_a4_': 1.0, '_a6_': 1.0, '_a7_': 1.0}};{'d0': 0.024905832919416598};-280.569866449044;38.58229971482632
33699;-101.702633509695;(_a5_ * -((x * (_a2_ * ((pow2((_a2_ + x)) + _a0_) * _a0_)))));{'d0': {'_a0_': 0.4283916267876365, '_a2_': 0.31192970777589785, '_a5_': -25.269846056211207, '_a1_': 1.0, '_a3_': 1.0, '_a4_': 1.0, '_a6_': 1.0, '_a7_': 1.0}};{'d0': 0.024905832919416598};-280.569866449044;38.58229971482632
33700;-101.702633509695;(_a5_ * -((x * (_a2_ * ((pow2((_a2_ + x)) + _a0_) * _a0_)))));{'d0': {'_a0_': 0.4283916267876365, '_a2_': 0.31192970777589785, '_a5_': -25.269846056211207, '_a1_': 1.0, '_a3_': 1.0, '_a4_': 1.0, '_a6_': 1.0, '_a7_': 1.0}};{'d0': 0.024905832919416598};-280.569866449044;38.58229971482632
33701;-101.702633509695;(_a5_ * -((x * (_a2_ * ((pow2((_a2_ + x)) + _a0_) * _a0_)))));{'d0': {'_a0_': 0.4283916267876365, '_a2_': 0.31192970777589785, '_a5_': -25.269846056211207, '_a1_': 1.0, '_a3_': 1.0, '_a4_': 1.0, '_a6_': 1.0, '_a7_': 1.0}};{'d0': 0.024905832919416598};-280.569866449044;38.58229971482632
33702;-101.702633509695;(_a5_ * -((x * (_a2_ * ((pow2((_a2_ + x)) + _a0_) * _a0_)))));{'d0': {'_a0_': 0.4283916267876365, '_a2_': 0.31192970777589785, '_a5_': -25.269846056211207, '_a1_': 1.0, '_a3_': 1.0, '_a4_': 1.0, '_a6_': 1.0, '_a7_': 1.0}};{'d0': 0.024905832919416598};-280.569866449044;38.58229971482632
33703;-101.702633509695;(_a5_ * -((x * (_a2_ * ((pow2((_a2_ + x)) + _a0_) * _a0_)))));{'d0': {'_a0_': 0.4283916267876365, '_a2_': 0.31192970777589785, '_a5_': -25.269846056211207, '_a1_': 1.0, '_a3_': 1.0, '_a4_': 1.0, '_a6_': 1.0, '_a7_': 1.0}};{'d0': 0.024905832919416598};-280.569866449044;38.58229971482632
33704;-101.702633509695;(_a5_ * -((x * (_a2_ * ((pow2((_a2_ + x)) + _a0_) * _a0_)))));{'d0': {'_a0_': 0.4283916267876365, '_a2_': 0.31192970777589785, '_a5_': -25.269846056211207, '_a1_': 1.0, '_a3_': 1.0, '_a4_': 1.0, '_a6_': 1.0, '_a7_': 1.0}};{'d0': 0.024905832919416598};-280.569866449044;38.58229971482632
33705;-101.702633509695;(_a5_ * -((x * (_a2_ * ((pow2((_a2_ + x)) + _a0_) * _a0_)))));{'d0': {'_a0_': 0.4283916267876365, '_a2_': 0.31192970777589785, '_a5_': -25.269846056211207, '_a1_': 1.0, '_a3_': 1.0, '_a4_': 1.0, '_a6_': 1.0, '_a7_': 1.0}};{'d0': 0.024905832919416598};-280.569866449044;38.58229971482632
33706;-101.702633509695;(_a5_ * -((x * (_a2_ * ((pow2((_a2_ + x)) + _a0_) * _a0_)))));{'d0': {'_a0_': 0.4283916267876365, '_a2_': 0.31192970777589785, '_a5_': -25.269846056211207, '_a1_': 1.0, '_a3_': 1.0, '_a4_': 1.0, '_a6_': 1.0, '_a7_': 1.0}};{'d0': 0.024905832919416598};-280.569866449044;38.58229971482632
33707;-101.702633509695;(_a5_ * -((x * (_a2_ * ((pow2((_a2_ + x)) + _a0_) * _a0_)))));{'d0': {'_a0_': 0.4283916267876365, '_a2_': 0.31192970777589785, '_a5_': -25.269846056211207, '_a1_': 1.0, '_a3_': 1.0, '_a4_': 1.0, '_a6_': 1.0, '_a7_': 1.0}};{'d0': 0.024905832919416598};-280.569866449044;38.58229971482632
33708;-101.702633509695;(_a5_ * -((x * (_a2_ * ((pow2((_a2_ + x)) + _a0_) * _a0_)))));{'d0': {'_a0_': 0.4283916267876365, '_a2_': 0.31192970777589785, '_a5_': -25.269846056211207, '_a1_': 1.0, '_a3_': 1.0, '_a4_': 1.0, '_a6_': 1.0, '_a7_': 1.0}};{'d0': 0.024905832919416598};-280.569866449044;38.58229971482632
33709;-101.702633509695;(_a5_ * -((x * (_a2_ * ((pow2((_a2_ + x)) + _a0_) * _a0_)))));{'d0': {'_a0_': 0.4283916267876365, '_a2_': 0.31192970777589785, '_a5_': -25.269846056211207, '_a1_': 1.0, '_a3_': 1.0, '_a4_': 1.0, '_a6_': 1.0, '_a7_': 1.0}};{'d0': 0.024905832919416598};-280.569866449044;38.58229971482632
33710;-101.702633509695;(_a5_ * -((x * (_a2_ * ((pow2((_a2_ + x)) + _a0_) * _a0_)))));{'d0': {'_a0_': 0.4283916267876365, '_a2_': 0.31192970777589785, '_a5_': -25.269846056211207, '_a1_': 1.0, '_a3_': 1.0, '_a4_': 1.0, '_a6_': 1.0, '_a7_': 1.0}};{'d0': 0.024905832919416598};-280.569866449044;38.58229971482632
33711;-101.702633509695;(_a5_ * -((x * (_a2_ * ((pow2((_a2_ + x)) + _a0_) * _a0_)))));{'d0': {'_a0_': 0.4283916267876365, '_a2_': 0.31192970777589785, '_a5_': -25.269846056211207, '_a1_': 1.0, '_a3_': 1.0, '_a4_': 1.0, '_a6_': 1.0, '_a7_': 1.0}};{'d0': 0.024905832919416598};-280.569866449044;38.58229971482632
33712;-101.702633509695;(_a5_ * -((x * (_a2_ * ((pow2((_a2_ + x)) + _a0_) * _a0_)))));{'d0': {'_a0_': 0.4283916267876365, '_a2_': 0.31192970777589785, '_a5_': -25.269846056211207, '_a1_': 1.0, '_a3_': 1.0, '_a4_': 1.0, '_a6_': 1.0, '_a7_': 1.0}};{'d0': 0.024905832919416598};-280.569866449044;38.58229971482632
33713;-101.702633509695;(_a5_ * -((x * (_a2_ * ((pow2((_a2_ + x)) + _a0_) * _a0_)))));{'d0': {'_a0_': 0.4283916267876365, '_a2_': 0.31192970777589785, '_a5_': -25.269846056211207, '_a1_': 1.0, '_a3_': 1.0, '_a4_': 1.0, '_a6_': 1.0, '_a7_': 1.0}};{'d0': 0.024905832919416598};-280.569866449044;38.58229971482632
33714;-101.702633509695;(_a5_ * -((x * (_a2_ * ((pow2((_a2_ + x)) + _a0_) * _a0_)))));{'d0': {'_a0_': 0.4283916267876365, '_a2_': 0.31192970777589785, '_a5_': -25.269846056211207, '_a1_': 1.0, '_a3_': 1.0, '_a4_': 1.0, '_a6_': 1.0, '_a7_': 1.0}};{'d0': 0.024905832919416598};-280.569866449044;38.58229971482632
33715;-101.702633509695;(_a5_ * -((x * (_a2_ * ((pow2((_a2_ + x)) + _a0_) * _a0_)))));{'d0': {'_a0_': 0.4283916267876365, '_a2_': 0.31192970777589785, '_a5_': -25.269846056211207, '_a1_': 1.0, '_a3_': 1.0, '_a4_': 1.0, '_a6_': 1.0, '_a7_': 1.0}};{'d0': 0.024905832919416598};-280.569866449044;38.58229971482632
33716;-101.702633509695;(_a5_ * -((x * (_a2_ * ((pow2((_a2_ + x)) + _a0_) * _a0_)))));{'d0': {'_a0_': 0.4283916267876365, '_a2_': 0.31192970777589785, '_a5_': -25.269846056211207, '_a1_': 1.0, '_a3_': 1.0, '_a4_': 1.0, '_a6_': 1.0, '_a7_': 1.0}};{'d0': 0.024905832919416598};-280.569866449044;38.58229971482632
33717;-101.702633509695;(_a5_ * -((x * (_a2_ * ((pow2((_a2_ + x)) + _a0_) * _a0_)))));{'d0': {'_a0_': 0.4283916267876365, '_a2_': 0.31192970777589785, '_a5_': -25.269846056211207, '_a1_': 1.0, '_a3_': 1.0, '_a4_': 1.0, '_a6_': 1.0, '_a7_': 1.0}};{'d0': 0.024905832919416598};-280.569866449044;38.58229971482632
33718;-100.851681668750;(_a5_ * -((x * (_a2_ * ((pow2((_a2_ + x)) + _a0_) / _a0_)))));{'d0': {'_a0_': 0.42839162787173074, '_a2_': 0.3119297078539828, '_a5_': -4.63750663388589, '_a1_': 1.0, '_a3_': 1.0, '_a4_': 1.0, '_a6_': 1.0, '_a7_': 1.0}};{'d0': 0.024905832919416695};-280.569866449043;39.43325155577172
33719;-100.851681668750;(_a5_ * -((x * (_a2_ * ((pow2((_a2_ + x)) + _a0_) / _a0_)))));{'d0': {'_a0_': 0.42839162787173074, '_a2_': 0.3119297078539828, '_a5_': -4.63750663388589, '_a1_': 1.0, '_a3_': 1.0, '_a4_': 1.0, '_a6_': 1.0, '_a7_': 1.0}};{'d0': 0.024905832919416695};-280.569866449043;39.43325155577172
33720;-100.851681668750;(_a5_ * -((x * (_a2_ * ((pow2((_a2_ + x)) + _a0_) / _a0_)))));{'d0': {'_a0_': 0.42839162787173074, '_a2_': 0.3119297078539828, '_a5_': -4.63750663388589, '_a1_': 1.0, '_a3_': 1.0, '_a4_': 1.0, '_a6_': 1.0, '_a7_': 1.0}};{'d0': 0.024905832919416695};-280.569866449043;39.43325155577172
33721;-100.851681668750;(_a5_ * -((x * (_a2_ * ((pow2((_a2_ + x)) + _a0_) / _a0_)))));{'d0': {'_a0_': 0.42839162787173074, '_a2_': 0.3119297078539828, '_a5_': -4.63750663388589, '_a1_': 1.0, '_a3_': 1.0, '_a4_': 1.0, '_a6_': 1.0, '_a7_': 1.0}};{'d0': 0.024905832919416695};-280.569866449043;39.43325155577172
33722;-100.851681668750;(_a5_ * -((x * (_a2_ * ((pow2((_a2_ + x)) + _a0_) / _a0_)))));{'d0': {'_a0_': 0.42839162787173074, '_a2_': 0.3119297078539828, '_a5_': -4.63750663388589, '_a1_': 1.0, '_a3_': 1.0, '_a4_': 1.0, '_a6_': 1.0, '_a7_': 1.0}};{'d0': 0.024905832919416695};-280.569866449043;39.43325155577172
33723;-100.851681668750;(_a5_ * -((x * (_a2_ * ((pow2((_a2_ + x)) + _a0_) / _a0_)))));{'d0': {'_a0_': 0.42839162787173074, '_a2_': 0.3119297078539828, '_a5_': -4.63750663388589, '_a1_': 1.0, '_a3_': 1.0, '_a4_': 1.0, '_a6_': 1.0, '_a7_': 1.0}};{'d0': 0.024905832919416695};-280.569866449043;39.43325155577172
33724;-100.851681668750;(_a5_ * -((x * (_a2_ * ((pow2((_a2_ + x)) + _a0_) / _a0_)))));{'d0': {'_a0_': 0.42839162787173074, '_a2_': 0.3119297078539828, '_a5_': -4.63750663388589, '_a1_': 1.0, '_a3_': 1.0, '_a4_': 1.0, '_a6_': 1.0, '_a7_': 1.0}};{'d0': 0.024905832919416695};-280.569866449043;39.43325155577172
33725;-100.851681668750;(_a5_ * -((x * (_a2_ * ((pow2((_a2_ + x)) + _a0_) / _a0_)))));{'d0': {'_a0_': 0.42839162787173074, '_a2_': 0.3119297078539828, '_a5_': -4.63750663388589, '_a1_': 1.0, '_a3_': 1.0, '_a4_': 1.0, '_a6_': 1.0, '_a7_': 1.0}};{'d0': 0.024905832919416695};-280.569866449043;39.43325155577172
33726;-100.851681668750;(_a5_ * -((x * (_a2_ * ((pow2((_a2_ + x)) + _a0_) / _a0_)))));{'d0': {'_a0_': 0.42839162787173074, '_a2_': 0.3119297078539828, '_a5_': -4.63750663388589, '_a1_': 1.0, '_a3_': 1.0, '_a4_': 1.0, '_a6_': 1.0, '_a7_': 1.0}};{'d0': 0.024905832919416695};-280.569866449043;39.43325155577172
33727;-100.851681668750;(_a5_ * -((x * (_a2_ * ((pow2((_a2_ + x)) + _a0_) / _a0_)))));{'d0': {'_a0_': 0.42839162787173074, '_a2_': 0.3119297078539828, '_a5_': -4.63750663388589, '_a1_': 1.0, '_a3_': 1.0, '_a4_': 1.0, '_a6_': 1.0, '_a7_': 1.0}};{'d0': 0.024905832919416695};-280.569866449043;39.43325155577172
33728;-100.851681668750;(_a5_ * -((x * (_a2_ * ((pow2((_a2_ + x)) + _a0_) / _a0_)))));{'d0': {'_a0_': 0.42839162787173074, '_a2_': 0.3119297078539828, '_a5_': -4.63750663388589, '_a1_': 1.0, '_a3_': 1.0, '_a4_': 1.0, '_a6_': 1.0, '_a7_': 1.0}};{'d0': 0.024905832919416695};-280.569866449043;39.43325155577172
33729;-100.851681668750;(_a5_ * -((x * (_a2_ * ((pow2((_a2_ + x)) + _a0_) / _a0_)))));{'d0': {'_a0_': 0.42839162787173074, '_a2_': 0.3119297078539828, '_a5_': -4.63750663388589, '_a1_': 1.0, '_a3_': 1.0, '_a4_': 1.0, '_a6_': 1.0, '_a7_': 1.0}};{'d0': 0.024905832919416695};-280.569866449043;39.43325155577172
33730;-100.851681668750;(_a5_ * -((x * (_a2_ * ((pow2((_a2_ + x)) + _a0_) / _a0_)))));{'d0': {'_a0_': 0.42839162787173074, '_a2_': 0.3119297078539828, '_a5_': -4.63750663388589, '_a1_': 1.0, '_a3_': 1.0, '_a4_': 1.0, '_a6_': 1.0, '_a7_': 1.0}};{'d0': 0.024905832919416695};-280.569866449043;39.43325155577172
33731;-100.851681668750;(_a5_ * -((x * (_a2_ * ((pow2((_a2_ + x)) + _a0_) / _a0_)))));{'d0': {'_a0_': 0.42839162787173074, '_a2_': 0.3119297078539828, '_a5_': -4.63750663388589, '_a1_': 1.0, '_a3_': 1.0, '_a4_': 1.0, '_a6_': 1.0, '_a7_': 1.0}};{'d0': 0.024905832919416695};-280.569866449043;39.43325155577172
33732;-100.851681668750;(_a5_ * -((x * (_a2_ * ((pow2((_a2_ + x)) + _a0_) / _a0_)))));{'d0': {'_a0_': 0.42839162787173074, '_a2_': 0.3119297078539828, '_a5_': -4.63750663388589, '_a1_': 1.0, '_a3_': 1.0, '_a4_': 1.0, '_a6_': 1.0, '_a7_': 1.0}};{'d0': 0.024905832919416695};-280.569866449043;39.43325155577172
33733;-100.851681668750;(_a5_ * -((x * (_a2_ * ((pow2((_a2_ + x)) + _a0_) / _a0_)))));{'d0': {'_a0_': 0.42839162787173074, '_a2_': 0.3119297078539828, '_a5_': -4.63750663388589, '_a1_': 1.0, '_a3_': 1.0, '_a4_': 1.0, '_a6_': 1.0, '_a7_': 1.0}};{'d0': 0.024905832919416695};-280.569866449043;39.43325155577172
33734;-100.851681668750;(_a5_ * -((x * (_a2_ * ((pow2((_a2_ + x)) + _a0_) / _a0_)))));{'d0': {'_a0_': 0.42839162787173074, '_a2_': 0.3119297078539828, '_a5_': -4.63750663388589, '_a1_': 1.0, '_a3_': 1.0, '_a4_': 1.0, '_a6_': 1.0, '_a7_': 1.0}};{'d0': 0.024905832919416695};-280.569866449043;39.43325155577172
33735;-100.851681668750;(_a5_ * -((x * (_a2_ * ((pow2((_a2_ + x)) + _a0_) / _a0_)))));{'d0': {'_a0_': 0.42839162787173074, '_a2_': 0.3119297078539828, '_a5_': -4.63750663388589, '_a1_': 1.0, '_a3_': 1.0, '_a4_': 1.0, '_a6_': 1.0, '_a7_': 1.0}};{'d0': 0.024905832919416695};-280.569866449043;39.43325155577172
33736;-100.851681668750;(_a5_ * -((x * (_a2_ * ((pow2((_a2_ + x)) + _a0_) / _a0_)))));{'d0': {'_a0_': 0.42839162787173074, '_a2_': 0.3119297078539828, '_a5_': -4.63750663388589, '_a1_': 1.0, '_a3_': 1.0, '_a4_': 1.0, '_a6_': 1.0, '_a7_': 1.0}};{'d0': 0.024905832919416695};-280.569866449043;39.43325155577172
33737;-100.851681668750;(_a5_ * -((x * (_a2_ * ((pow2((_a2_ + x)) + _a0_) / _a0_)))));{'d0': {'_a0_': 0.42839162787173074, '_a2_': 0.3119297078539828, '_a5_': -4.63750663388589, '_a1_': 1.0, '_a3_': 1.0, '_a4_': 1.0, '_a6_': 1.0, '_a7_': 1.0}};{'d0': 0.024905832919416695};-280.569866449043;39.43325155577172
33738;-100.851681668750;(_a5_ * -((x * (_a2_ * ((pow2((_a2_ + x)) + _a0_) / _a0_)))));{'d0': {'_a0_': 0.42839162787173074, '_a2_': 0.3119297078539828, '_a5_': -4.63750663388589, '_a1_': 1.0, '_a3_': 1.0, '_a4_': 1.0, '_a6_': 1.0, '_a7_': 1.0}};{'d0': 0.024905832919416695};-280.569866449043;39.43325155577172
33739;-100.851681668750;(_a5_ * -((x * (_a2_ * ((pow2((_a2_ + x)) + _a0_) / _a0_)))));{'d0': {'_a0_': 0.42839162787173074, '_a2_': 0.3119297078539828, '_a5_': -4.63750663388589, '_a1_': 1.0, '_a3_': 1.0, '_a4_': 1.0, '_a6_': 1.0, '_a7_': 1.0}};{'d0': 0.024905832919416695};-280.569866449043;39.43325155577172
33740;-100.851681668750;(_a5_ * -((x * (_a2_ * ((pow2((_a2_ + x)) + _a0_) / _a0_)))));{'d0': {'_a0_': 0.42839162787173074, '_a2_': 0.3119297078539828, '_a5_': -4.63750663388589, '_a1_': 1.0, '_a3_': 1.0, '_a4_': 1.0, '_a6_': 1.0, '_a7_': 1.0}};{'d0': 0.024905832919416695};-280.569866449043;39.43325155577172
33741;-100.851681668750;(_a5_ * -((x * (_a2_ * ((pow2((_a2_ + x)) + _a0_) / _a0_)))));{'d0': {'_a0_': 0.42839162787173074, '_a2_': 0.3119297078539828, '_a5_': -4.63750663388589, '_a1_': 1.0, '_a3_': 1.0, '_a4_': 1.0, '_a6_': 1.0, '_a7_': 1.0}};{'d0': 0.024905832919416695};-280.569866449043;39.43325155577172
33742;-100.851681668750;(_a5_ * -((x * (_a2_ * ((pow2((_a2_ + x)) + _a0_) / _a0_)))));{'d0': {'_a0_': 0.42839162787173074, '_a2_': 0.3119297078539828, '_a5_': -4.63750663388589, '_a1_': 1.0, '_a3_': 1.0, '_a4_': 1.0, '_a6_': 1.0, '_a7_': 1.0}};{'d0': 0.024905832919416695};-280.569866449043;39.43325155577172
33743;-100.851681668750;(_a5_ * -((x * (_a2_ * ((pow2((_a2_ + x)) + _a0_) / _a0_)))));{'d0': {'_a0_': 0.42839162787173074, '_a2_': 0.3119297078539828, '_a5_': -4.63750663388589, '_a1_': 1.0, '_a3_': 1.0, '_a4_': 1.0, '_a6_': 1.0, '_a7_': 1.0}};{'d0': 0.024905832919416695};-280.569866449043;39.43325155577172
33744;-100.851681668750;(_a5_ * -((x * (_a2_ * ((pow2((_a2_ + x)) + _a0_) / _a0_)))));{'d0': {'_a0_': 0.42839162787173074, '_a2_': 0.3119297078539828, '_a5_': -4.63750663388589, '_a1_': 1.0, '_a3_': 1.0, '_a4_': 1.0, '_a6_': 1.0, '_a7_': 1.0}};{'d0': 0.024905832919416695};-280.569866449043;39.43325155577172
33745;-100.851681668750;(_a5_ * -((x * (_a2_ * ((pow2((_a2_ + x)) + _a0_) / _a0_)))));{'d0': {'_a0_': 0.42839162787173074, '_a2_': 0.3119297078539828, '_a5_': -4.63750663388589, '_a1_': 1.0, '_a3_': 1.0, '_a4_': 1.0, '_a6_': 1.0, '_a7_': 1.0}};{'d0': 0.024905832919416695};-280.569866449043;39.43325155577172
33746;-100.851681668750;(_a5_ * -((x * (_a2_ * ((pow2((_a2_ + x)) + _a0_) / _a0_)))));{'d0': {'_a0_': 0.42839162787173074, '_a2_': 0.3119297078539828, '_a5_': -4.63750663388589, '_a1_': 1.0, '_a3_': 1.0, '_a4_': 1.0, '_a6_': 1.0, '_a7_': 1.0}};{'d0': 0.024905832919416695};-280.569866449043;39.43325155577172
33747;-100.851681668750;(_a5_ * -((x * (_a2_ * ((pow2((_a2_ + x)) + _a0_) / _a0_)))));{'d0': {'_a0_': 0.42839162787173074, '_a2_': 0.3119297078539828, '_a5_': -4.63750663388589, '_a1_': 1.0, '_a3_': 1.0, '_a4_': 1.0, '_a6_': 1.0, '_a7_': 1.0}};{'d0': 0.024905832919416695};-280.569866449043;39.43325155577172
33748;-101.702633509695;(_a5_ * -((x * (_a2_ * ((pow2((_a2_ + x)) + _a0_) * _a0_)))));{'d0': {'_a0_': 0.4283916267876365, '_a2_': 0.31192970777589785, '_a5_': -25.269846056211207, '_a1_': 1.0, '_a3_': 1.0, '_a4_': 1.0, '_a6_': 1.0, '_a7_': 1.0}};{'d0': 0.024905832919416598};-280.569866449044;38.58229971482632
33749;-101.702633509695;(_a5_ * -((x * (_a2_ * ((pow2((_a2_ + x)) + _a0_) * _a0_)))));{'d0': {'_a0_': 0.4283916267876365, '_a2_': 0.31192970777589785, '_a5_': -25.269846056211207, '_a1_': 1.0, '_a3_': 1.0, '_a4_': 1.0, '_a6_': 1.0, '_a7_': 1.0}};{'d0': 0.024905832919416598};-280.569866449044;38.58229971482632
33750;-101.702633509695;(_a5_ * -((x * (_a2_ * ((pow2((_a2_ + x)) + _a0_) * _a0_)))));{'d0': {'_a0_': 0.4283916267876365, '_a2_': 0.31192970777589785, '_a5_': -25.269846056211207, '_a1_': 1.0, '_a3_': 1.0, '_a4_': 1.0, '_a6_': 1.0, '_a7_': 1.0}};{'d0': 0.024905832919416598};-280.569866449044;38.58229971482632
33751;-101.702633509695;(_a5_ * -((x * (_a2_ * ((pow2((_a2_ + x)) + _a0_) * _a0_)))));{'d0': {'_a0_': 0.4283916267876365, '_a2_': 0.31192970777589785, '_a5_': -25.269846056211207, '_a1_': 1.0, '_a3_': 1.0, '_a4_': 1.0, '_a6_': 1.0, '_a7_': 1.0}};{'d0': 0.024905832919416598};-280.569866449044;38.58229971482632
33752;-101.702633509695;(_a5_ * -((x * (_a2_ * ((pow2((_a2_ + x)) + _a0_) * _a0_)))));{'d0': {'_a0_': 0.4283916267876365, '_a2_': 0.31192970777589785, '_a5_': -25.269846056211207, '_a1_': 1.0, '_a3_': 1.0, '_a4_': 1.0, '_a6_': 1.0, '_a7_': 1.0}};{'d0': 0.024905832919416598};-280.569866449044;38.58229971482632
33753;-101.702633509695;(_a5_ * -((x * (_a2_ * ((pow2((_a2_ + x)) + _a0_) * _a0_)))));{'d0': {'_a0_': 0.4283916267876365, '_a2_': 0.31192970777589785, '_a5_': -25.269846056211207, '_a1_': 1.0, '_a3_': 1.0, '_a4_': 1.0, '_a6_': 1.0, '_a7_': 1.0}};{'d0': 0.024905832919416598};-280.569866449044;38.58229971482632
33754;-101.702633509695;(_a5_ * -((x * (_a2_ * ((pow2((_a2_ + x)) + _a0_) * _a0_)))));{'d0': {'_a0_': 0.4283916267876365, '_a2_': 0.31192970777589785, '_a5_': -25.269846056211207, '_a1_': 1.0, '_a3_': 1.0, '_a4_': 1.0, '_a6_': 1.0, '_a7_': 1.0}};{'d0': 0.024905832919416598};-280.569866449044;38.58229971482632
33755;-101.702633509695;(_a5_ * -((x * (_a2_ * ((pow2((_a2_ + x)) + _a0_) * _a0_)))));{'d0': {'_a0_': 0.4283916267876365, '_a2_': 0.31192970777589785, '_a5_': -25.269846056211207, '_a1_': 1.0, '_a3_': 1.0, '_a4_': 1.0, '_a6_': 1.0, '_a7_': 1.0}};{'d0': 0.024905832919416598};-280.569866449044;38.58229971482632
33756;-101.702633509695;(_a5_ * -((x * (_a2_ * ((pow2((_a2_ + x)) + _a0_) * _a0_)))));{'d0': {'_a0_': 0.4283916267876365, '_a2_': 0.31192970777589785, '_a5_': -25.269846056211207, '_a1_': 1.0, '_a3_': 1.0, '_a4_': 1.0, '_a6_': 1.0, '_a7_': 1.0}};{'d0': 0.024905832919416598};-280.569866449044;38.58229971482632
33757;-101.702633509695;(_a5_ * -((x * (_a2_ * ((pow2((_a2_ + x)) + _a0_) * _a0_)))));{'d0': {'_a0_': 0.4283916267876365, '_a2_': 0.31192970777589785, '_a5_': -25.269846056211207, '_a1_': 1.0, '_a3_': 1.0, '_a4_': 1.0, '_a6_': 1.0, '_a7_': 1.0}};{'d0': 0.024905832919416598};-280.569866449044;38.58229971482632
33758;-101.702633509695;(_a5_ * -((x * (_a2_ * ((pow2((_a2_ + x)) + _a0_) * _a0_)))));{'d0': {'_a0_': 0.4283916267876365, '_a2_': 0.31192970777589785, '_a5_': -25.269846056211207, '_a1_': 1.0, '_a3_': 1.0, '_a4_': 1.0, '_a6_': 1.0, '_a7_': 1.0}};{'d0': 0.024905832919416598};-280.569866449044;38.58229971482632
33759;-101.702633509695;(_a5_ * -((x * (_a2_ * ((pow2((_a2_ + x)) + _a0_) * _a0_)))));{'d0': {'_a0_': 0.4283916267876365, '_a2_': 0.31192970777589785, '_a5_': -25.269846056211207, '_a1_': 1.0, '_a3_': 1.0, '_a4_': 1.0, '_a6_': 1.0, '_a7_': 1.0}};{'d0': 0.024905832919416598};-280.569866449044;38.58229971482632
33760;-101.702633509695;(_a5_ * -((x * (_a2_ * ((pow2((_a2_ + x)) + _a0_) * _a0_)))));{'d0': {'_a0_': 0.4283916267876365, '_a2_': 0.31192970777589785, '_a5_': -25.269846056211207, '_a1_': 1.0, '_a3_': 1.0, '_a4_': 1.0, '_a6_': 1.0, '_a7_': 1.0}};{'d0': 0.024905832919416598};-280.569866449044;38.58229971482632
33761;-101.702633509695;(_a5_ * -((x * (_a2_ * ((pow2((_a2_ + x)) + _a0_) * _a0_)))));{'d0': {'_a0_': 0.4283916267876365, '_a2_': 0.31192970777589785, '_a5_': -25.269846056211207, '_a1_': 1.0, '_a3_': 1.0, '_a4_': 1.0, '_a6_': 1.0, '_a7_': 1.0}};{'d0': 0.024905832919416598};-280.569866449044;38.58229971482632
33762;-101.702633509695;(_a5_ * -((x * (_a2_ * ((pow2((_a2_ + x)) + _a0_) * _a0_)))));{'d0': {'_a0_': 0.4283916267876365, '_a2_': 0.31192970777589785, '_a5_': -25.269846056211207, '_a1_': 1.0, '_a3_': 1.0, '_a4_': 1.0, '_a6_': 1.0, '_a7_': 1.0}};{'d0': 0.024905832919416598};-280.569866449044;38.58229971482632
33763;-101.702633509695;(_a5_ * -((x * (_a2_ * ((pow2((_a2_ + x)) + _a0_) * _a0_)))));{'d0': {'_a0_': 0.4283916267876365, '_a2_': 0.31192970777589785, '_a5_': -25.269846056211207, '_a1_': 1.0, '_a3_': 1.0, '_a4_': 1.0, '_a6_': 1.0, '_a7_': 1.0}};{'d0': 0.024905832919416598};-280.569866449044;38.58229971482632
33764;-101.702633509695;(_a5_ * -((x * (_a2_ * ((pow2((_a2_ + x)) + _a0_) * _a0_)))));{'d0': {'_a0_': 0.4283916267876365, '_a2_': 0.31192970777589785, '_a5_': -25.269846056211207, '_a1_': 1.0, '_a3_': 1.0, '_a4_': 1.0, '_a6_': 1.0, '_a7_': 1.0}};{'d0': 0.024905832919416598};-280.569866449044;38.58229971482632
33765;-101.702633509695;(_a5_ * -((x * (_a2_ * ((pow2((_a2_ + x)) + _a0_) * _a0_)))));{'d0': {'_a0_': 0.4283916267876365, '_a2_': 0.31192970777589785, '_a5_': -25.269846056211207, '_a1_': 1.0, '_a3_': 1.0, '_a4_': 1.0, '_a6_': 1.0, '_a7_': 1.0}};{'d0': 0.024905832919416598};-280.569866449044;38.58229971482632
33766;-101.702633509695;(_a5_ * -((x * (_a2_ * ((pow2((_a2_ + x)) + _a0_) * _a0_)))));{'d0': {'_a0_': 0.4283916267876365, '_a2_': 0.31192970777589785, '_a5_': -25.269846056211207, '_a1_': 1.0, '_a3_': 1.0, '_a4_': 1.0, '_a6_': 1.0, '_a7_': 1.0}};{'d0': 0.024905832919416598};-280.569866449044;38.58229971482632
33767;-101.702633509695;(_a5_ * -((x * (_a2_ * ((pow2((_a2_ + x)) + _a0_) * _a0_)))));{'d0': {'_a0_': 0.4283916267876365, '_a2_': 0.31192970777589785, '_a5_': -25.269846056211207, '_a1_': 1.0, '_a3_': 1.0, '_a4_': 1.0, '_a6_': 1.0, '_a7_': 1.0}};{'d0': 0.024905832919416598};-280.569866449044;38.58229971482632
33768;-101.702633509695;(_a5_ * -((x * (_a2_ * ((pow2((_a2_ + x)) + _a0_) * _a0_)))));{'d0': {'_a0_': 0.4283916267876365, '_a2_': 0.31192970777589785, '_a5_': -25.269846056211207, '_a1_': 1.0, '_a3_': 1.0, '_a4_': 1.0, '_a6_': 1.0, '_a7_': 1.0}};{'d0': 0.024905832919416598};-280.569866449044;38.58229971482632
33769;-101.702633509695;(_a5_ * -((x * (_a2_ * ((pow2((_a2_ + x)) + _a0_) * _a0_)))));{'d0': {'_a0_': 0.4283916267876365, '_a2_': 0.31192970777589785, '_a5_': -25.269846056211207, '_a1_': 1.0, '_a3_': 1.0, '_a4_': 1.0, '_a6_': 1.0, '_a7_': 1.0}};{'d0': 0.024905832919416598};-280.569866449044;38.58229971482632
33770;-101.702633509695;(_a5_ * -((x * (_a2_ * ((pow2((_a2_ + x)) + _a0_) * _a0_)))));{'d0': {'_a0_': 0.4283916267876365, '_a2_': 0.31192970777589785, '_a5_': -25.269846056211207, '_a1_': 1.0, '_a3_': 1.0, '_a4_': 1.0, '_a6_': 1.0, '_a7_': 1.0}};{'d0': 0.024905832919416598};-280.569866449044;38.58229971482632
33771;-101.702633509695;(_a5_ * -((x * (_a2_ * ((pow2((_a2_ + x)) + _a0_) * _a0_)))));{'d0': {'_a0_': 0.4283916267876365, '_a2_': 0.31192970777589785, '_a5_': -25.269846056211207, '_a1_': 1.0, '_a3_': 1.0, '_a4_': 1.0, '_a6_': 1.0, '_a7_': 1.0}};{'d0': 0.024905832919416598};-280.569866449044;38.58229971482632
33772;-101.702633509695;(_a5_ * -((x * (_a2_ * ((pow2((_a2_ + x)) + _a0_) * _a0_)))));{'d0': {'_a0_': 0.4283916267876365, '_a2_': 0.31192970777589785, '_a5_': -25.269846056211207, '_a1_': 1.0, '_a3_': 1.0, '_a4_': 1.0, '_a6_': 1.0, '_a7_': 1.0}};{'d0': 0.024905832919416598};-280.569866449044;38.58229971482632
33773;-101.702633509695;(_a5_ * -((x * (_a2_ * ((pow2((_a2_ + x)) + _a0_) * _a0_)))));{'d0': {'_a0_': 0.4283916267876365, '_a2_': 0.31192970777589785, '_a5_': -25.269846056211207, '_a1_': 1.0, '_a3_': 1.0, '_a4_': 1.0, '_a6_': 1.0, '_a7_': 1.0}};{'d0': 0.024905832919416598};-280.569866449044;38.58229971482632
33774;-101.702633509695;(_a5_ * -((x * (_a2_ * ((pow2((_a2_ + x)) + _a0_) * _a0_)))));{'d0': {'_a0_': 0.4283916267876365, '_a2_': 0.31192970777589785, '_a5_': -25.269846056211207, '_a1_': 1.0, '_a3_': 1.0, '_a4_': 1.0, '_a6_': 1.0, '_a7_': 1.0}};{'d0': 0.024905832919416598};-280.569866449044;38.58229971482632
33775;-101.702633509695;(_a5_ * -((x * (_a2_ * ((pow2((_a2_ + x)) + _a0_) * _a0_)))));{'d0': {'_a0_': 0.4283916267876365, '_a2_': 0.31192970777589785, '_a5_': -25.269846056211207, '_a1_': 1.0, '_a3_': 1.0, '_a4_': 1.0, '_a6_': 1.0, '_a7_': 1.0}};{'d0': 0.024905832919416598};-280.569866449044;38.58229971482632
33776;-101.702633509695;(_a5_ * -((x * (_a2_ * ((pow2((_a2_ + x)) + _a0_) * _a0_)))));{'d0': {'_a0_': 0.4283916267876365, '_a2_': 0.31192970777589785, '_a5_': -25.269846056211207, '_a1_': 1.0, '_a3_': 1.0, '_a4_': 1.0, '_a6_': 1.0, '_a7_': 1.0}};{'d0': 0.024905832919416598};-280.569866449044;38.58229971482632
33777;-105.400567982305;(-(_a2_) * (x * ((x * (x + _a5_)) + (_a7_ * _a7_))));{'d0': {'_a2_': -3.3767608804883773, '_a5_': 0.6238594157256494, '_a7_': -0.7250460470018046, '_a0_': 1.0, '_a1_': 1.0, '_a3_': 1.0, '_a4_': 1.0, '_a6_': 1.0}};{'d0': 0.024905832919416594};-280.569866449044;34.88436524221645
33778;-101.702633509695;(_a5_ * -((x * (_a2_ * ((pow2((_a2_ + x)) + _a0_) * _a0_)))));{'d0': {'_a0_': 0.4283916267876365, '_a2_': 0.31192970777589785, '_a5_': -25.269846056211207, '_a1_': 1.0, '_a3_': 1.0, '_a4_': 1.0, '_a6_': 1.0, '_a7_': 1.0}};{'d0': 0.024905832919416598};-280.569866449044;38.58229971482632
33779;-101.702633509695;(_a5_ * -((x * (_a2_ * ((pow2((_a2_ + x)) + _a0_) * _a0_)))));{'d0': {'_a0_': 0.4283916267876365, '_a2_': 0.31192970777589785, '_a5_': -25.269846056211207, '_a1_': 1.0, '_a3_': 1.0, '_a4_': 1.0, '_a6_': 1.0, '_a7_': 1.0}};{'d0': 0.024905832919416598};-280.569866449044;38.58229971482632
33780;-101.702633509695;(_a5_ * -((x * (_a2_ * ((pow2((_a2_ + x)) + _a0_) * _a0_)))));{'d0': {'_a0_': 0.4283916267876365, '_a2_': 0.31192970777589785, '_a5_': -25.269846056211207, '_a1_': 1.0, '_a3_': 1.0, '_a4_': 1.0, '_a6_': 1.0, '_a7_': 1.0}};{'d0': 0.024905832919416598};-280.569866449044;38.58229971482632
33781;-101.702633509695;(_a5_ * -((x * (_a2_ * ((pow2((_a2_ + x)) + _a0_) * _a0_)))));{'d0': {'_a0_': 0.4283916267876365, '_a2_': 0.31192970777589785, '_a5_': -25.269846056211207, '_a1_': 1.0, '_a3_': 1.0, '_a4_': 1.0, '_a6_': 1.0, '_a7_': 1.0}};{'d0': 0.024905832919416598};-280.569866449044;38.58229971482632
33782;-101.702633509695;(_a5_ * -((x * (_a2_ * ((pow2((_a2_ + x)) + _a0_) * _a0_)))));{'d0': {'_a0_': 0.4283916267876365, '_a2_': 0.31192970777589785, '_a5_': -25.269846056211207, '_a1_': 1.0, '_a3_': 1.0, '_a4_': 1.0, '_a6_': 1.0, '_a7_': 1.0}};{'d0': 0.024905832919416598};-280.569866449044;38.58229971482632
33783;-101.702633509695;(_a5_ * -((x * (_a2_ * ((pow2((_a2_ + x)) + _a0_) * _a0_)))));{'d0': {'_a0_': 0.4283916267876365, '_a2_': 0.31192970777589785, '_a5_': -25.269846056211207, '_a1_': 1.0, '_a3_': 1.0, '_a4_': 1.0, '_a6_': 1.0, '_a7_': 1.0}};{'d0': 0.024905832919416598};-280.569866449044;38.58229971482632
33784;-101.702633509695;(_a5_ * -((x * (_a2_ * ((pow2((_a2_ + x)) + _a0_) * _a0_)))));{'d0': {'_a0_': 0.4283916267876365, '_a2_': 0.31192970777589785, '_a5_': -25.269846056211207, '_a1_': 1.0, '_a3_': 1.0, '_a4_': 1.0, '_a6_': 1.0, '_a7_': 1.0}};{'d0': 0.024905832919416598};-280.569866449044;38.58229971482632
33785;-95.7820324606653;((_a7_ + _a2_) * -((x * (_a2_ * ((pow2((_a2_ + x)) + _a0_) * _a0_)))));{'d0': {'_a0_': 0.4283916286369168, '_a2_': 0.3119297079468674, '_a7_': -25.58177558071134, '_a1_': 1.0, '_a3_': 1.0, '_a4_': 1.0, '_a5_': 1.0, '_a6_': 1.0}};{'d0': 0.024905832919416664};-280.569866449044;44.50290076385632
33786;-105.400567982305;(-(_a2_) * (x * ((x * (x + _a5_)) + (_a7_ * _a7_))));{'d0': {'_a2_': -3.3767608804883773, '_a5_': 0.6238594157256494, '_a7_': -0.7250460470018046, '_a0_': 1.0, '_a1_': 1.0, '_a3_': 1.0, '_a4_': 1.0, '_a6_': 1.0}};{'d0': 0.024905832919416594};-280.569866449044;34.88436524221645
33787;-105.400567982305;(-(_a2_) * (x * ((x * (x + _a5_)) + (_a7_ * _a7_))));{'d0': {'_a2_': -3.3767608804883773, '_a5_': 0.6238594157256494, '_a7_': -0.7250460470018046, '_a0_': 1.0, '_a1_': 1.0, '_a3_': 1.0, '_a4_': 1.0, '_a6_': 1.0}};{'d0': 0.024905832919416594};-280.569866449044;34.88436524221645
33788;-101.702633509695;(-(_a2_) * (x * ((x * (x + pow2(_a4_))) + (_a7_ * _a7_))));{'d0': {'_a2_': -3.37676087962836, '_a4_': 0.7898477166695788, '_a7_': -0.7250460468689088, '_a0_': 1.0, '_a1_': 1.0, '_a3_': 1.0, '_a5_': 1.0, '_a6_': 1.0}};{'d0': 0.024905832919416622};-280.569866449044;38.58229971482645
33789;-101.702633509695;(-(_a2_) * (x * ((x * (x + pow2(_a4_))) + (_a7_ * _a7_))));{'d0': {'_a2_': -3.37676087962836, '_a4_': 0.7898477166695788, '_a7_': -0.7250460468689088, '_a0_': 1.0, '_a1_': 1.0, '_a3_': 1.0, '_a5_': 1.0, '_a6_': 1.0}};{'d0': 0.024905832919416622};-280.569866449044;38.58229971482645
33790;-101.702633509695;(-(_a2_) * (x * ((x * (x + pow2(_a4_))) + (_a7_ * _a7_))));{'d0': {'_a2_': -3.37676087962836, '_a4_': 0.7898477166695788, '_a7_': -0.7250460468689088, '_a0_': 1.0, '_a1_': 1.0, '_a3_': 1.0, '_a5_': 1.0, '_a6_': 1.0}};{'d0': 0.024905832919416622};-280.569866449044;38.58229971482645
33791;-95.7820324606653;((_a7_ + _a2_) * -((x * (_a2_ * ((pow2((_a2_ + x)) + _a0_) * _a0_)))));{'d0': {'_a0_': 0.4283916286369168, '_a2_': 0.3119297079468674, '_a7_': -25.58177558071134, '_a1_': 1.0, '_a3_': 1.0, '_a4_': 1.0, '_a5_': 1.0, '_a6_': 1.0}};{'d0': 0.024905832919416664};-280.569866449044;44.50290076385632
33792;-95.7820324606653;((_a7_ + _a2_) * -((x * (_a2_ * ((pow2((_a2_ + x)) + _a0_) * _a0_)))));{'d0': {'_a0_': 0.4283916286369168, '_a2_': 0.3119297079468674, '_a7_': -25.58177558071134, '_a1_': 1.0, '_a3_': 1.0, '_a4_': 1.0, '_a5_': 1.0, '_a6_': 1.0}};{'d0': 0.024905832919416664};-280.569866449044;44.50290076385632
33793;-101.702633509695;(-(_a2_) * (x * ((x * (x + pow2(_a4_))) + (_a7_ * _a7_))));{'d0': {'_a2_': -3.37676087962836, '_a4_': 0.7898477166695788, '_a7_': -0.7250460468689088, '_a0_': 1.0, '_a1_': 1.0, '_a3_': 1.0, '_a5_': 1.0, '_a6_': 1.0}};{'d0': 0.024905832919416622};-280.569866449044;38.58229971482645
33794;-101.702633509695;(-(_a2_) * (x * ((x * (x + pow2(_a4_))) + (_a7_ * _a7_))));{'d0': {'_a2_': -3.37676087962836, '_a4_': 0.7898477166695788, '_a7_': -0.7250460468689088, '_a0_': 1.0, '_a1_': 1.0, '_a3_': 1.0, '_a5_': 1.0, '_a6_': 1.0}};{'d0': 0.024905832919416622};-280.569866449044;38.58229971482645
33795;-101.702633509695;(-(_a2_) * (x * ((x * (x + pow2(_a4_))) + (_a7_ * _a7_))));{'d0': {'_a2_': -3.37676087962836, '_a4_': 0.7898477166695788, '_a7_': -0.7250460468689088, '_a0_': 1.0, '_a1_': 1.0, '_a3_': 1.0, '_a5_': 1.0, '_a6_': 1.0}};{'d0': 0.024905832919416622};-280.569866449044;38.58229971482645
33796;-101.702633509695;(-(_a2_) * (x * ((x * (x + pow2(_a4_))) + (_a7_ * _a7_))));{'d0': {'_a2_': -3.37676087962836, '_a4_': 0.7898477166695788, '_a7_': -0.7250460468689088, '_a0_': 1.0, '_a1_': 1.0, '_a3_': 1.0, '_a5_': 1.0, '_a6_': 1.0}};{'d0': 0.024905832919416622};-280.569866449044;38.58229971482645
33797;-101.702633509695;(-(_a2_) * (x * ((x * (x + pow2(_a4_))) + (_a7_ * _a7_))));{'d0': {'_a2_': -3.37676087962836, '_a4_': 0.7898477166695788, '_a7_': -0.7250460468689088, '_a0_': 1.0, '_a1_': 1.0, '_a3_': 1.0, '_a5_': 1.0, '_a6_': 1.0}};{'d0': 0.024905832919416622};-280.569866449044;38.58229971482645
33798;-99.3211581897353;(-(_a2_) * (x * ((x * (x + cos(_a4_))) + (_a7_ * _a7_))));{'d0': {'_a2_': -3.376760877859936, '_a4_': 0.8971250583215075, '_a7_': -0.7250460470900176, '_a0_': 1.0, '_a1_': 1.0, '_a3_': 1.0, '_a5_': 1.0, '_a6_': 1.0}};{'d0': 0.024905832919416608};-280.569866449044;40.96377503478645
33799;-99.3211581897353;(-(_a2_) * (x * ((x * (x + cos(_a4_))) + (_a7_ * _a7_))));{'d0': {'_a2_': -3.376760877859936, '_a4_': 0.8971250583215075, '_a7_': -0.7250460470900176, '_a0_': 1.0, '_a1_': 1.0, '_a3_': 1.0, '_a5_': 1.0, '_a6_': 1.0}};{'d0': 0.024905832919416608};-280.569866449044;40.96377503478645
33800;-99.3211581897353;(-(_a2_) * (x * ((x * (x + cos(_a4_))) + (_a7_ * _a7_))));{'d0': {'_a2_': -3.376760877859936, '_a4_': 0.8971250583215075, '_a7_': -0.7250460470900176, '_a0_': 1.0, '_a1_': 1.0, '_a3_': 1.0, '_a5_': 1.0, '_a6_': 1.0}};{'d0': 0.024905832919416608};-280.569866449044;40.96377503478645
33801;-99.3211581897353;(-(_a2_) * (x * ((x * (x + cos(_a4_))) + (_a7_ * _a7_))));{'d0': {'_a2_': -3.376760877859936, '_a4_': 0.8971250583215075, '_a7_': -0.7250460470900176, '_a0_': 1.0, '_a1_': 1.0, '_a3_': 1.0, '_a5_': 1.0, '_a6_': 1.0}};{'d0': 0.024905832919416608};-280.569866449044;40.96377503478645
33802;-100.060704971785;(-(_a2_) * (x * ((x * (x + sqrt(_a4_))) + (_a7_ * _a7_))));{'d0': {'_a2_': -3.3767608770662876, '_a4_': 0.38920057071828085, '_a7_': -0.7250460473744462, '_a0_': 1.0, '_a1_': 1.0, '_a3_': 1.0, '_a5_': 1.0, '_a6_': 1.0}};{'d0': 0.02490583291941667};-280.569866449043;40.22422825273645
33803;-100.060704971785;(-(_a2_) * (x * ((x * (x + sqrt(_a4_))) + (_a7_ * _a7_))));{'d0': {'_a2_': -3.3767608770662876, '_a4_': 0.38920057071828085, '_a7_': -0.7250460473744462, '_a0_': 1.0, '_a1_': 1.0, '_a3_': 1.0, '_a5_': 1.0, '_a6_': 1.0}};{'d0': 0.02490583291941667};-280.569866449043;40.22422825273645
33804;-100.060704971785;(-(_a2_) * (x * ((x * (x + sqrt(_a4_))) + (_a7_ * _a7_))));{'d0': {'_a2_': -3.3767608770662876, '_a4_': 0.38920057071828085, '_a7_': -0.7250460473744462, '_a0_': 1.0, '_a1_': 1.0, '_a3_': 1.0, '_a5_': 1.0, '_a6_': 1.0}};{'d0': 0.02490583291941667};-280.569866449043;40.22422825273645
33805;-100.060704971785;(-(_a2_) * (x * ((x * (x + sqrt(_a4_))) + (_a7_ * _a7_))));{'d0': {'_a2_': -3.3767608770662876, '_a4_': 0.38920057071828085, '_a7_': -0.7250460473744462, '_a0_': 1.0, '_a1_': 1.0, '_a3_': 1.0, '_a5_': 1.0, '_a6_': 1.0}};{'d0': 0.02490583291941667};-280.569866449043;40.22422825273645
33806;-100.060704971785;(-(_a2_) * (x * ((x * (x + sqrt(_a4_))) + (_a7_ * _a7_))));{'d0': {'_a2_': -3.3767608770662876, '_a4_': 0.38920057071828085, '_a7_': -0.7250460473744462, '_a0_': 1.0, '_a1_': 1.0, '_a3_': 1.0, '_a5_': 1.0, '_a6_': 1.0}};{'d0': 0.02490583291941667};-280.569866449043;40.22422825273645
33807;-100.060704971785;(-(_a2_) * (x * ((x * (x + sqrt(_a4_))) + (_a7_ * _a7_))));{'d0': {'_a2_': -3.3767608770662876, '_a4_': 0.38920057071828085, '_a7_': -0.7250460473744462, '_a0_': 1.0, '_a1_': 1.0, '_a3_': 1.0, '_a5_': 1.0, '_a6_': 1.0}};{'d0': 0.02490583291941667};-280.569866449043;40.22422825273645
33808;-100.060704971785;(-(_a2_) * (x * ((x * (x + sqrt(_a4_))) + (_a7_ * _a7_))));{'d0': {'_a2_': -3.3767608770662876, '_a4_': 0.38920057071828085, '_a7_': -0.7250460473744462, '_a0_': 1.0, '_a1_': 1.0, '_a3_': 1.0, '_a5_': 1.0, '_a6_': 1.0}};{'d0': 0.02490583291941667};-280.569866449043;40.22422825273645
33809;-100.060704971785;(-(_a2_) * (x * ((x * (x + sqrt(_a4_))) + (_a7_ * _a7_))));{'d0': {'_a2_': -3.3767608770662876, '_a4_': 0.38920057071828085, '_a7_': -0.7250460473744462, '_a0_': 1.0, '_a1_': 1.0, '_a3_': 1.0, '_a5_': 1.0, '_a6_': 1.0}};{'d0': 0.02490583291941667};-280.569866449043;40.22422825273645
33810;-100.060704971785;(-(_a2_) * (x * ((x * (x + sqrt(_a4_))) + (_a7_ * _a7_))));{'d0': {'_a2_': -3.3767608770662876, '_a4_': 0.38920057071828085, '_a7_': -0.7250460473744462, '_a0_': 1.0, '_a1_': 1.0, '_a3_': 1.0, '_a5_': 1.0, '_a6_': 1.0}};{'d0': 0.02490583291941667};-280.569866449043;40.22422825273645
33811;-100.060704971785;(-(_a2_) * (x * ((x * (x + sqrt(_a4_))) + (_a7_ * _a7_))));{'d0': {'_a2_': -3.3767608770662876, '_a4_': 0.38920057071828085, '_a7_': -0.7250460473744462, '_a0_': 1.0, '_a1_': 1.0, '_a3_': 1.0, '_a5_': 1.0, '_a6_': 1.0}};{'d0': 0.02490583291941667};-280.569866449043;40.22422825273645
33812;-100.060704971785;(-(_a2_) * (x * ((x * (x + sqrt(_a4_))) + (_a7_ * _a7_))));{'d0': {'_a2_': -3.3767608770662876, '_a4_': 0.38920057071828085, '_a7_': -0.7250460473744462, '_a0_': 1.0, '_a1_': 1.0, '_a3_': 1.0, '_a5_': 1.0, '_a6_': 1.0}};{'d0': 0.02490583291941667};-280.569866449043;40.22422825273645
33813;-100.060704971785;(-(_a2_) * (x * ((x * (x + sqrt(_a4_))) + (_a7_ * _a7_))));{'d0': {'_a2_': -3.3767608770662876, '_a4_': 0.38920057071828085, '_a7_': -0.7250460473744462, '_a0_': 1.0, '_a1_': 1.0, '_a3_': 1.0, '_a5_': 1.0, '_a6_': 1.0}};{'d0': 0.02490583291941667};-280.569866449043;40.22422825273645
33814;-100.060704971785;(-(_a2_) * (x * ((x * (x + sqrt(_a4_))) + (_a7_ * _a7_))));{'d0': {'_a2_': -3.3767608770662876, '_a4_': 0.38920057071828085, '_a7_': -0.7250460473744462, '_a0_': 1.0, '_a1_': 1.0, '_a3_': 1.0, '_a5_': 1.0, '_a6_': 1.0}};{'d0': 0.02490583291941667};-280.569866449043;40.22422825273645
33815;-100.060704971785;(-(_a2_) * (x * ((x * (x + sqrt(_a4_))) + (_a7_ * _a7_))));{'d0': {'_a2_': -3.3767608770662876, '_a4_': 0.38920057071828085, '_a7_': -0.7250460473744462, '_a0_': 1.0, '_a1_': 1.0, '_a3_': 1.0, '_a5_': 1.0, '_a6_': 1.0}};{'d0': 0.02490583291941667};-280.569866449043;40.22422825273645
33816;-100.060704971785;(-(_a2_) * (x * ((x * (x + sqrt(_a4_))) + (_a7_ * _a7_))));{'d0': {'_a2_': -3.3767608770662876, '_a4_': 0.38920057071828085, '_a7_': -0.7250460473744462, '_a0_': 1.0, '_a1_': 1.0, '_a3_': 1.0, '_a5_': 1.0, '_a6_': 1.0}};{'d0': 0.02490583291941667};-280.569866449043;40.22422825273645
33817;-100.060704971785;(-(_a2_) * (x * ((x * (x + sqrt(_a4_))) + (_a7_ * _a7_))));{'d0': {'_a2_': -3.3767608770662876, '_a4_': 0.38920057071828085, '_a7_': -0.7250460473744462, '_a0_': 1.0, '_a1_': 1.0, '_a3_': 1.0, '_a5_': 1.0, '_a6_': 1.0}};{'d0': 0.02490583291941667};-280.569866449043;40.22422825273645
33818;-100.060704971785;(-(_a2_) * (x * ((x * (x + sqrt(_a4_))) + (_a7_ * _a7_))));{'d0': {'_a2_': -3.3767608770662876, '_a4_': 0.38920057071828085, '_a7_': -0.7250460473744462, '_a0_': 1.0, '_a1_': 1.0, '_a3_': 1.0, '_a5_': 1.0, '_a6_': 1.0}};{'d0': 0.02490583291941667};-280.569866449043;40.22422825273645
33819;-89.9817406942629;(((_a0_ * _a3_) + _a0_) * -((x * (_a2_ * ((pow2((_a2_ + x)) + _a0_) / _a0_)))));{'d0': {'_a0_': 0.428391626247677, '_a2_': 0.31192970776317425, '_a3_': -11.82539046913694, '_a1_': 1.0, '_a4_': 1.0, '_a5_': 1.0, '_a6_': 1.0, '_a7_': 1.0}};{'d0': 0.024905832919416622};-280.569866449044;50.30319253025871
33820;-89.9817406942629;(((_a0_ * _a3_) + _a0_) * -((x * (_a2_ * ((pow2((_a2_ + x)) + _a0_) / _a0_)))));{'d0': {'_a0_': 0.428391626247677, '_a2_': 0.31192970776317425, '_a3_': -11.82539046913694, '_a1_': 1.0, '_a4_': 1.0, '_a5_': 1.0, '_a6_': 1.0, '_a7_': 1.0}};{'d0': 0.024905832919416622};-280.569866449044;50.30319253025871
33821;-89.9817406942629;(((_a0_ * _a3_) + _a0_) * -((x * (_a2_ * ((pow2((_a2_ + x)) + _a0_) / _a0_)))));{'d0': {'_a0_': 0.428391626247677, '_a2_': 0.31192970776317425, '_a3_': -11.82539046913694, '_a1_': 1.0, '_a4_': 1.0, '_a5_': 1.0, '_a6_': 1.0, '_a7_': 1.0}};{'d0': 0.024905832919416622};-280.569866449044;50.30319253025871
33822;-89.9817406942629;(((_a0_ * _a3_) + _a0_) * -((x * (_a2_ * ((pow2((_a2_ + x)) + _a0_) / _a0_)))));{'d0': {'_a0_': 0.428391626247677, '_a2_': 0.31192970776317425, '_a3_': -11.82539046913694, '_a1_': 1.0, '_a4_': 1.0, '_a5_': 1.0, '_a6_': 1.0, '_a7_': 1.0}};{'d0': 0.024905832919416622};-280.569866449044;50.30319253025871
33823;-94.9310806197198;((_a5_ + _a0_) * -((x * (_a2_ * ((pow2((_a2_ + x)) + _a0_) / _a0_)))));{'d0': {'_a0_': 0.4283916275579058, '_a2_': 0.31192970788767854, '_a5_': -5.065898259714791, '_a1_': 1.0, '_a3_': 1.0, '_a4_': 1.0, '_a6_': 1.0, '_a7_': 1.0}};{'d0': 0.024905832919416705};-280.569866449043;45.353852604801716
33824;-94.9310806197198;((_a5_ + _a0_) * -((x * (_a2_ * ((pow2((_a2_ + x)) + _a0_) / _a0_)))));{'d0': {'_a0_': 0.4283916275579058, '_a2_': 0.31192970788767854, '_a5_': -5.065898259714791, '_a1_': 1.0, '_a3_': 1.0, '_a4_': 1.0, '_a6_': 1.0, '_a7_': 1.0}};{'d0': 0.024905832919416705};-280.569866449043;45.353852604801716
33825;-94.9310806197198;((_a5_ + _a0_) * -((x * (_a2_ * ((pow2((_a2_ + x)) + _a0_) / _a0_)))));{'d0': {'_a0_': 0.4283916275579058, '_a2_': 0.31192970788767854, '_a5_': -5.065898259714791, '_a1_': 1.0, '_a3_': 1.0, '_a4_': 1.0, '_a6_': 1.0, '_a7_': 1.0}};{'d0': 0.024905832919416705};-280.569866449043;45.353852604801716
33826;-94.9310806197198;((_a5_ + _a0_) * -((x * (_a2_ * ((pow2((_a2_ + x)) + _a0_) / _a0_)))));{'d0': {'_a0_': 0.4283916275579058, '_a2_': 0.31192970788767854, '_a5_': -5.065898259714791, '_a1_': 1.0, '_a3_': 1.0, '_a4_': 1.0, '_a6_': 1.0, '_a7_': 1.0}};{'d0': 0.024905832919416705};-280.569866449043;45.353852604801716
33827;-91.2506283814588;-(((_a5_ + _a0_) * -((x * (_a2_ * ((pow2((_a2_ + x)) + _a0_) / _a0_))))));{'d0': {'_a0_': 0.42839162775487005, '_a2_': 0.3119297077820925, '_a5_': 4.209115006644853, '_a1_': 1.0, '_a3_': 1.0, '_a4_': 1.0, '_a6_': 1.0, '_a7_': 1.0}};{'d0': 0.024905832919416622};-280.569866449044;49.034304843062884
33828;-91.2506283814588;-(((_a5_ + _a0_) * -((x * (_a2_ * ((pow2((_a2_ + x)) + _a0_) / _a0_))))));{'d0': {'_a0_': 0.42839162775487005, '_a2_': 0.3119297077820925, '_a5_': 4.209115006644853, '_a1_': 1.0, '_a3_': 1.0, '_a4_': 1.0, '_a6_': 1.0, '_a7_': 1.0}};{'d0': 0.024905832919416622};-280.569866449044;49.034304843062884
33829;-91.2506283814588;-(((_a5_ + _a0_) * -((x * (_a2_ * ((pow2((_a2_ + x)) + _a0_) / _a0_))))));{'d0': {'_a0_': 0.42839162775487005, '_a2_': 0.3119297077820925, '_a5_': 4.209115006644853, '_a1_': 1.0, '_a3_': 1.0, '_a4_': 1.0, '_a6_': 1.0, '_a7_': 1.0}};{'d0': 0.024905832919416622};-280.569866449044;49.034304843062884
33830;-91.2506283814588;-(((_a5_ + _a0_) * -((x * (_a2_ * ((pow2((_a2_ + x)) + _a0_) / _a0_))))));{'d0': {'_a0_': 0.42839162775487005, '_a2_': 0.3119297077820925, '_a5_': 4.209115006644853, '_a1_': 1.0, '_a3_': 1.0, '_a4_': 1.0, '_a6_': 1.0, '_a7_': 1.0}};{'d0': 0.024905832919416622};-280.569866449044;49.034304843062884
33831;-94.9310806197198;((_a5_ + _a0_) * -((x * (_a2_ * ((pow2((_a2_ + x)) + _a0_) / _a0_)))));{'d0': {'_a0_': 0.4283916275579058, '_a2_': 0.31192970788767854, '_a5_': -5.065898259714791, '_a1_': 1.0, '_a3_': 1.0, '_a4_': 1.0, '_a6_': 1.0, '_a7_': 1.0}};{'d0': 0.024905832919416705};-280.569866449043;45.353852604801716
33832;-94.9310806197198;((_a5_ + _a0_) * -((x * (_a2_ * ((pow2((_a2_ + x)) + _a0_) / _a0_)))));{'d0': {'_a0_': 0.4283916275579058, '_a2_': 0.31192970788767854, '_a5_': -5.065898259714791, '_a1_': 1.0, '_a3_': 1.0, '_a4_': 1.0, '_a6_': 1.0, '_a7_': 1.0}};{'d0': 0.024905832919416705};-280.569866449043;45.353852604801716
33833;-94.9310806197198;((_a5_ + _a0_) * -((x * (_a2_ * ((pow2((_a2_ + x)) + _a0_) / _a0_)))));{'d0': {'_a0_': 0.4283916275579058, '_a2_': 0.31192970788767854, '_a5_': -5.065898259714791, '_a1_': 1.0, '_a3_': 1.0, '_a4_': 1.0, '_a6_': 1.0, '_a7_': 1.0}};{'d0': 0.024905832919416705};-280.569866449043;45.353852604801716
33834;-94.9310806197198;((_a5_ + _a0_) * -((x * (_a2_ * ((pow2((_a2_ + x)) + _a0_) / _a0_)))));{'d0': {'_a0_': 0.4283916275579058, '_a2_': 0.31192970788767854, '_a5_': -5.065898259714791, '_a1_': 1.0, '_a3_': 1.0, '_a4_': 1.0, '_a6_': 1.0, '_a7_': 1.0}};{'d0': 0.024905832919416705};-280.569866449043;45.353852604801716
33835;-94.9310806197198;((_a5_ + _a0_) * -((x * (_a2_ * ((pow2((_a2_ + x)) + _a0_) / _a0_)))));{'d0': {'_a0_': 0.4283916275579058, '_a2_': 0.31192970788767854, '_a5_': -5.065898259714791, '_a1_': 1.0, '_a3_': 1.0, '_a4_': 1.0, '_a6_': 1.0, '_a7_': 1.0}};{'d0': 0.024905832919416705};-280.569866449043;45.353852604801716
33836;-94.9310806197198;((_a5_ + _a0_) * -((x * (_a2_ * ((pow2((_a2_ + x)) + _a0_) / _a0_)))));{'d0': {'_a0_': 0.4283916275579058, '_a2_': 0.31192970788767854, '_a5_': -5.065898259714791, '_a1_': 1.0, '_a3_': 1.0, '_a4_': 1.0, '_a6_': 1.0, '_a7_': 1.0}};{'d0': 0.024905832919416705};-280.569866449043;45.353852604801716
33837;-94.9310806197198;((_a5_ + _a0_) * -((x * (_a2_ * ((pow2((_a2_ + x)) + _a0_) / _a0_)))));{'d0': {'_a0_': 0.4283916275579058, '_a2_': 0.31192970788767854, '_a5_': -5.065898259714791, '_a1_': 1.0, '_a3_': 1.0, '_a4_': 1.0, '_a6_': 1.0, '_a7_': 1.0}};{'d0': 0.024905832919416705};-280.569866449043;45.353852604801716
33838;-94.9310806197198;((_a5_ + _a0_) * -((x * (_a2_ * ((pow2((_a2_ + x)) + _a0_) / _a0_)))));{'d0': {'_a0_': 0.4283916275579058, '_a2_': 0.31192970788767854, '_a5_': -5.065898259714791, '_a1_': 1.0, '_a3_': 1.0, '_a4_': 1.0, '_a6_': 1.0, '_a7_': 1.0}};{'d0': 0.024905832919416705};-280.569866449043;45.353852604801716
33839;-94.9310806197198;((_a5_ + _a0_) * -((x * (_a2_ * ((pow2((_a2_ + x)) + _a0_) / _a0_)))));{'d0': {'_a0_': 0.4283916275579058, '_a2_': 0.31192970788767854, '_a5_': -5.065898259714791, '_a1_': 1.0, '_a3_': 1.0, '_a4_': 1.0, '_a6_': 1.0, '_a7_': 1.0}};{'d0': 0.024905832919416705};-280.569866449043;45.353852604801716
33840;-94.9310806197198;((_a5_ + _a0_) * -((x * (_a2_ * ((pow2((_a2_ + x)) + _a0_) / _a0_)))));{'d0': {'_a0_': 0.4283916275579058, '_a2_': 0.31192970788767854, '_a5_': -5.065898259714791, '_a1_': 1.0, '_a3_': 1.0, '_a4_': 1.0, '_a6_': 1.0, '_a7_': 1.0}};{'d0': 0.024905832919416705};-280.569866449043;45.353852604801716
33841;-94.9310806197198;((_a5_ + _a0_) * -((x * (_a2_ * ((pow2((_a2_ + x)) + _a0_) / _a0_)))));{'d0': {'_a0_': 0.4283916275579058, '_a2_': 0.31192970788767854, '_a5_': -5.065898259714791, '_a1_': 1.0, '_a3_': 1.0, '_a4_': 1.0, '_a6_': 1.0, '_a7_': 1.0}};{'d0': 0.024905832919416705};-280.569866449043;45.353852604801716
33842;-94.9310806197198;((_a5_ + _a0_) * -((x * (_a2_ * ((pow2((_a2_ + x)) + _a0_) / _a0_)))));{'d0': {'_a0_': 0.4283916275579058, '_a2_': 0.31192970788767854, '_a5_': -5.065898259714791, '_a1_': 1.0, '_a3_': 1.0, '_a4_': 1.0, '_a6_': 1.0, '_a7_': 1.0}};{'d0': 0.024905832919416705};-280.569866449043;45.353852604801716
33843;-94.9310806197198;((_a5_ + _a0_) * -((x * (_a2_ * ((pow2((_a2_ + x)) + _a0_) / _a0_)))));{'d0': {'_a0_': 0.4283916275579058, '_a2_': 0.31192970788767854, '_a5_': -5.065898259714791, '_a1_': 1.0, '_a3_': 1.0, '_a4_': 1.0, '_a6_': 1.0, '_a7_': 1.0}};{'d0': 0.024905832919416705};-280.569866449043;45.353852604801716
33844;-94.9310806197198;((_a5_ + _a0_) * -((x * (_a2_ * ((pow2((_a2_ + x)) + _a0_) / _a0_)))));{'d0': {'_a0_': 0.4283916275579058, '_a2_': 0.31192970788767854, '_a5_': -5.065898259714791, '_a1_': 1.0, '_a3_': 1.0, '_a4_': 1.0, '_a6_': 1.0, '_a7_': 1.0}};{'d0': 0.024905832919416705};-280.569866449043;45.353852604801716
33845;-94.9310806197198;((_a5_ + _a0_) * -((x * (_a2_ * ((pow2((_a2_ + x)) + _a0_) / _a0_)))));{'d0': {'_a0_': 0.4283916275579058, '_a2_': 0.31192970788767854, '_a5_': -5.065898259714791, '_a1_': 1.0, '_a3_': 1.0, '_a4_': 1.0, '_a6_': 1.0, '_a7_': 1.0}};{'d0': 0.024905832919416705};-280.569866449043;45.353852604801716
33846;-94.9310806197198;((_a5_ + _a0_) * -((x * (_a2_ * ((pow2((_a2_ + x)) + _a0_) / _a0_)))));{'d0': {'_a0_': 0.4283916275579058, '_a2_': 0.31192970788767854, '_a5_': -5.065898259714791, '_a1_': 1.0, '_a3_': 1.0, '_a4_': 1.0, '_a6_': 1.0, '_a7_': 1.0}};{'d0': 0.024905832919416705};-280.569866449043;45.353852604801716
33847;-94.9310806197198;((_a5_ + _a0_) * -((x * (_a2_ * ((pow2((_a2_ + x)) + _a0_) / _a0_)))));{'d0': {'_a0_': 0.4283916275579058, '_a2_': 0.31192970788767854, '_a5_': -5.065898259714791, '_a1_': 1.0, '_a3_': 1.0, '_a4_': 1.0, '_a6_': 1.0, '_a7_': 1.0}};{'d0': 0.024905832919416705};-280.569866449043;45.353852604801716
33848;-94.9310806197198;((_a5_ + _a0_) * -((x * (_a2_ * ((pow2((_a2_ + x)) + _a0_) / _a0_)))));{'d0': {'_a0_': 0.4283916275579058, '_a2_': 0.31192970788767854, '_a5_': -5.065898259714791, '_a1_': 1.0, '_a3_': 1.0, '_a4_': 1.0, '_a6_': 1.0, '_a7_': 1.0}};{'d0': 0.024905832919416705};-280.569866449043;45.353852604801716
33849;-94.9310806197198;((_a5_ + _a0_) * -((x * (_a2_ * ((pow2((_a2_ + x)) + _a0_) / _a0_)))));{'d0': {'_a0_': 0.4283916275579058, '_a2_': 0.31192970788767854, '_a5_': -5.065898259714791, '_a1_': 1.0, '_a3_': 1.0, '_a4_': 1.0, '_a6_': 1.0, '_a7_': 1.0}};{'d0': 0.024905832919416705};-280.569866449043;45.353852604801716
33850;-94.9310806197198;((_a5_ + _a0_) * -((x * (_a2_ * ((pow2((_a2_ + x)) + _a0_) / _a0_)))));{'d0': {'_a0_': 0.4283916275579058, '_a2_': 0.31192970788767854, '_a5_': -5.065898259714791, '_a1_': 1.0, '_a3_': 1.0, '_a4_': 1.0, '_a6_': 1.0, '_a7_': 1.0}};{'d0': 0.024905832919416705};-280.569866449043;45.353852604801716
33851;-94.9310806197198;((_a5_ + _a0_) * -((x * (_a2_ * ((pow2((_a2_ + x)) + _a0_) / _a0_)))));{'d0': {'_a0_': 0.4283916275579058, '_a2_': 0.31192970788767854, '_a5_': -5.065898259714791, '_a1_': 1.0, '_a3_': 1.0, '_a4_': 1.0, '_a6_': 1.0, '_a7_': 1.0}};{'d0': 0.024905832919416705};-280.569866449043;45.353852604801716
33852;-94.9310806197198;((_a5_ + _a0_) * -((x * (_a2_ * ((pow2((_a2_ + x)) + _a0_) / _a0_)))));{'d0': {'_a0_': 0.4283916275579058, '_a2_': 0.31192970788767854, '_a5_': -5.065898259714791, '_a1_': 1.0, '_a3_': 1.0, '_a4_': 1.0, '_a6_': 1.0, '_a7_': 1.0}};{'d0': 0.024905832919416705};-280.569866449043;45.353852604801716
33853;-94.9310806197198;((_a5_ + _a0_) * -((x * (_a2_ * ((pow2((_a2_ + x)) + _a0_) / _a0_)))));{'d0': {'_a0_': 0.4283916275579058, '_a2_': 0.31192970788767854, '_a5_': -5.065898259714791, '_a1_': 1.0, '_a3_': 1.0, '_a4_': 1.0, '_a6_': 1.0, '_a7_': 1.0}};{'d0': 0.024905832919416705};-280.569866449043;45.353852604801716
33854;-94.9310806197198;((_a5_ + _a0_) * -((x * (_a2_ * ((pow2((_a2_ + x)) + _a0_) / _a0_)))));{'d0': {'_a0_': 0.4283916275579058, '_a2_': 0.31192970788767854, '_a5_': -5.065898259714791, '_a1_': 1.0, '_a3_': 1.0, '_a4_': 1.0, '_a6_': 1.0, '_a7_': 1.0}};{'d0': 0.024905832919416705};-280.569866449043;45.353852604801716
33855;-94.9310806197198;((_a5_ + _a0_) * -((x * (_a2_ * ((pow2((_a2_ + x)) + _a0_) / _a0_)))));{'d0': {'_a0_': 0.4283916275579058, '_a2_': 0.31192970788767854, '_a5_': -5.065898259714791, '_a1_': 1.0, '_a3_': 1.0, '_a4_': 1.0, '_a6_': 1.0, '_a7_': 1.0}};{'d0': 0.024905832919416705};-280.569866449043;45.353852604801716
33856;-94.9310806197198;((_a5_ + _a0_) * -((x * (_a2_ * ((pow2((_a2_ + x)) + _a0_) / _a0_)))));{'d0': {'_a0_': 0.4283916275579058, '_a2_': 0.31192970788767854, '_a5_': -5.065898259714791, '_a1_': 1.0, '_a3_': 1.0, '_a4_': 1.0, '_a6_': 1.0, '_a7_': 1.0}};{'d0': 0.024905832919416705};-280.569866449043;45.353852604801716
33857;-94.9310806197198;((_a5_ + _a0_) * -((x * (_a2_ * ((pow2((_a2_ + x)) + _a0_) / _a0_)))));{'d0': {'_a0_': 0.4283916275579058, '_a2_': 0.31192970788767854, '_a5_': -5.065898259714791, '_a1_': 1.0, '_a3_': 1.0, '_a4_': 1.0, '_a6_': 1.0, '_a7_': 1.0}};{'d0': 0.024905832919416705};-280.569866449043;45.353852604801716
33858;-94.9310806197198;((_a5_ + _a0_) * -((x * (_a2_ * ((pow2((_a2_ + x)) + _a0_) / _a0_)))));{'d0': {'_a0_': 0.4283916275579058, '_a2_': 0.31192970788767854, '_a5_': -5.065898259714791, '_a1_': 1.0, '_a3_': 1.0, '_a4_': 1.0, '_a6_': 1.0, '_a7_': 1.0}};{'d0': 0.024905832919416705};-280.569866449043;45.353852604801716
33859;-94.9310806197198;((_a5_ + _a0_) * -((x * (_a2_ * ((pow2((_a2_ + x)) + _a0_) / _a0_)))));{'d0': {'_a0_': 0.4283916275579058, '_a2_': 0.31192970788767854, '_a5_': -5.065898259714791, '_a1_': 1.0, '_a3_': 1.0, '_a4_': 1.0, '_a6_': 1.0, '_a7_': 1.0}};{'d0': 0.024905832919416705};-280.569866449043;45.353852604801716
33860;-94.9310806197198;((_a5_ + _a0_) * -((x * (_a2_ * ((pow2((_a2_ + x)) + _a0_) / _a0_)))));{'d0': {'_a0_': 0.4283916275579058, '_a2_': 0.31192970788767854, '_a5_': -5.065898259714791, '_a1_': 1.0, '_a3_': 1.0, '_a4_': 1.0, '_a6_': 1.0, '_a7_': 1.0}};{'d0': 0.024905832919416705};-280.569866449043;45.353852604801716
33861;-94.9310806197198;((_a5_ + _a0_) * -((x * (_a2_ * ((pow2((_a2_ + x)) + _a0_) / _a0_)))));{'d0': {'_a0_': 0.4283916275579058, '_a2_': 0.31192970788767854, '_a5_': -5.065898259714791, '_a1_': 1.0, '_a3_': 1.0, '_a4_': 1.0, '_a6_': 1.0, '_a7_': 1.0}};{'d0': 0.024905832919416705};-280.569866449043;45.353852604801716
33862;-94.9310806197198;((_a5_ + _a0_) * -((x * (_a2_ * ((pow2((_a2_ + x)) + _a0_) / _a0_)))));{'d0': {'_a0_': 0.4283916275579058, '_a2_': 0.31192970788767854, '_a5_': -5.065898259714791, '_a1_': 1.0, '_a3_': 1.0, '_a4_': 1.0, '_a6_': 1.0, '_a7_': 1.0}};{'d0': 0.024905832919416705};-280.569866449043;45.353852604801716
33863;-94.9310806197198;((_a5_ + _a0_) * -((x * (_a2_ * ((pow2((_a2_ + x)) + _a0_) / _a0_)))));{'d0': {'_a0_': 0.4283916275579058, '_a2_': 0.31192970788767854, '_a5_': -5.065898259714791, '_a1_': 1.0, '_a3_': 1.0, '_a4_': 1.0, '_a6_': 1.0, '_a7_': 1.0}};{'d0': 0.024905832919416705};-280.569866449043;45.353852604801716
33864;-94.9310806197198;((_a5_ + _a0_) * -((x * (_a2_ * ((pow2((_a2_ + x)) + _a0_) / _a0_)))));{'d0': {'_a0_': 0.4283916275579058, '_a2_': 0.31192970788767854, '_a5_': -5.065898259714791, '_a1_': 1.0, '_a3_': 1.0, '_a4_': 1.0, '_a6_': 1.0, '_a7_': 1.0}};{'d0': 0.024905832919416705};-280.569866449043;45.353852604801716
33865;-94.9310806197198;((_a5_ + _a0_) * -((x * (_a2_ * ((pow2((_a2_ + x)) + _a0_) / _a0_)))));{'d0': {'_a0_': 0.4283916275579058, '_a2_': 0.31192970788767854, '_a5_': -5.065898259714791, '_a1_': 1.0, '_a3_': 1.0, '_a4_': 1.0, '_a6_': 1.0, '_a7_': 1.0}};{'d0': 0.024905832919416705};-280.569866449043;45.353852604801716
33866;-94.4582697214963;(-(_a2_) * (x * ((x * (x + (_a4_ * _a2_))) + ((_a7_ + _a4_) * _a4_))));{'d0': {'_a2_': -3.3767608775091627, '_a4_': -0.1847508420641453, '_a7_': -2.660658492236178, '_a0_': 1.0, '_a1_': 1.0, '_a3_': 1.0, '_a5_': 1.0, '_a6_': 1.0}};{'d0': 0.02490583291941663};-280.569866449044;45.82666350302546
33867;-94.4582697214963;(-(_a2_) * (x * ((x * (x + (_a4_ * _a2_))) + ((_a7_ + _a4_) * _a4_))));{'d0': {'_a2_': -3.3767608775091627, '_a4_': -0.1847508420641453, '_a7_': -2.660658492236178, '_a0_': 1.0, '_a1_': 1.0, '_a3_': 1.0, '_a5_': 1.0, '_a6_': 1.0}};{'d0': 0.02490583291941663};-280.569866449044;45.82666350302546
33868;-94.9310806197198;((_a5_ + _a0_) * -((x * (_a2_ * ((pow2((_a2_ + x)) + _a0_) / _a0_)))));{'d0': {'_a0_': 0.4283916275579058, '_a2_': 0.31192970788767854, '_a5_': -5.065898259714791, '_a1_': 1.0, '_a3_': 1.0, '_a4_': 1.0, '_a6_': 1.0, '_a7_': 1.0}};{'d0': 0.024905832919416705};-280.569866449043;45.353852604801716
33869;-94.9310806197198;((_a5_ + _a0_) * -((x * (_a2_ * ((pow2((_a2_ + x)) + _a0_) / _a0_)))));{'d0': {'_a0_': 0.4283916275579058, '_a2_': 0.31192970788767854, '_a5_': -5.065898259714791, '_a1_': 1.0, '_a3_': 1.0, '_a4_': 1.0, '_a6_': 1.0, '_a7_': 1.0}};{'d0': 0.024905832919416705};-280.569866449043;45.353852604801716
33870;-94.9310806197198;((_a5_ + _a0_) * -((x * (_a2_ * ((pow2((_a2_ + x)) + _a0_) / _a0_)))));{'d0': {'_a0_': 0.4283916275579058, '_a2_': 0.31192970788767854, '_a5_': -5.065898259714791, '_a1_': 1.0, '_a3_': 1.0, '_a4_': 1.0, '_a6_': 1.0, '_a7_': 1.0}};{'d0': 0.024905832919416705};-280.569866449043;45.353852604801716
33871;-94.9310806197198;((_a5_ + _a0_) * -((x * (_a2_ * ((pow2((_a2_ + x)) + _a0_) / _a0_)))));{'d0': {'_a0_': 0.4283916275579058, '_a2_': 0.31192970788767854, '_a5_': -5.065898259714791, '_a1_': 1.0, '_a3_': 1.0, '_a4_': 1.0, '_a6_': 1.0, '_a7_': 1.0}};{'d0': 0.024905832919416705};-280.569866449043;45.353852604801716
33872;-94.9310806197198;((_a5_ + _a0_) * -((x * (_a2_ * ((pow2((_a2_ + x)) + _a0_) / _a0_)))));{'d0': {'_a0_': 0.4283916275579058, '_a2_': 0.31192970788767854, '_a5_': -5.065898259714791, '_a1_': 1.0, '_a3_': 1.0, '_a4_': 1.0, '_a6_': 1.0, '_a7_': 1.0}};{'d0': 0.024905832919416705};-280.569866449043;45.353852604801716
33873;-100.851681668750;(_a1_ * -((x * (_a2_ * ((pow2((_a2_ + x)) + _a0_) / _a0_)))));{'d0': {'_a0_': 0.42839162748935744, '_a1_': -4.637506633016286, '_a2_': 0.3119297077869971, '_a3_': 1.0, '_a4_': 1.0, '_a5_': 1.0, '_a6_': 1.0, '_a7_': 1.0}};{'d0': 0.024905832919416674};-280.569866449043;39.43325155577172
33874;-100.851681668750;(_a1_ * -((x * (_a2_ * ((pow2((_a2_ + x)) + _a0_) / _a0_)))));{'d0': {'_a0_': 0.42839162748935744, '_a1_': -4.637506633016286, '_a2_': 0.3119297077869971, '_a3_': 1.0, '_a4_': 1.0, '_a5_': 1.0, '_a6_': 1.0, '_a7_': 1.0}};{'d0': 0.024905832919416674};-280.569866449043;39.43325155577172
33875;-100.851681668750;(_a1_ * -((x * (_a2_ * ((pow2((_a2_ + x)) + _a0_) / _a0_)))));{'d0': {'_a0_': 0.42839162748935744, '_a1_': -4.637506633016286, '_a2_': 0.3119297077869971, '_a3_': 1.0, '_a4_': 1.0, '_a5_': 1.0, '_a6_': 1.0, '_a7_': 1.0}};{'d0': 0.024905832919416674};-280.569866449043;39.43325155577172
33876;-100.851681668750;(_a1_ * -((x * (_a2_ * ((pow2((_a2_ + x)) + _a0_) / _a0_)))));{'d0': {'_a0_': 0.42839162748935744, '_a1_': -4.637506633016286, '_a2_': 0.3119297077869971, '_a3_': 1.0, '_a4_': 1.0, '_a5_': 1.0, '_a6_': 1.0, '_a7_': 1.0}};{'d0': 0.024905832919416674};-280.569866449043;39.43325155577172
33877;-100.851681668750;(_a1_ * -((x * (_a2_ * ((pow2((_a2_ + x)) + _a0_) / _a0_)))));{'d0': {'_a0_': 0.42839162748935744, '_a1_': -4.637506633016286, '_a2_': 0.3119297077869971, '_a3_': 1.0, '_a4_': 1.0, '_a5_': 1.0, '_a6_': 1.0, '_a7_': 1.0}};{'d0': 0.024905832919416674};-280.569866449043;39.43325155577172
33878;-100.851681668750;(_a1_ * -((x * (_a2_ * ((pow2((_a2_ + x)) + _a0_) / _a0_)))));{'d0': {'_a0_': 0.42839162748935744, '_a1_': -4.637506633016286, '_a2_': 0.3119297077869971, '_a3_': 1.0, '_a4_': 1.0, '_a5_': 1.0, '_a6_': 1.0, '_a7_': 1.0}};{'d0': 0.024905832919416674};-280.569866449043;39.43325155577172
33879;-100.851681668750;(_a1_ * -((x * (_a2_ * ((pow2((_a2_ + x)) + _a0_) / _a0_)))));{'d0': {'_a0_': 0.42839162748935744, '_a1_': -4.637506633016286, '_a2_': 0.3119297077869971, '_a3_': 1.0, '_a4_': 1.0, '_a5_': 1.0, '_a6_': 1.0, '_a7_': 1.0}};{'d0': 0.024905832919416674};-280.569866449043;39.43325155577172
33880;-94.4582697214963;(-(_a2_) * (x * ((x * (x + (_a4_ * _a2_))) + ((_a7_ + _a4_) * _a4_))));{'d0': {'_a2_': -3.3767608775091627, '_a4_': -0.1847508420641453, '_a7_': -2.660658492236178, '_a0_': 1.0, '_a1_': 1.0, '_a3_': 1.0, '_a5_': 1.0, '_a6_': 1.0}};{'d0': 0.02490583291941663};-280.569866449044;45.82666350302546
33881;-94.4582697214963;(-(_a2_) * (x * ((x * (x + (_a4_ * _a2_))) + ((_a7_ + _a4_) * _a4_))));{'d0': {'_a2_': -3.3767608775091627, '_a4_': -0.1847508420641453, '_a7_': -2.660658492236178, '_a0_': 1.0, '_a1_': 1.0, '_a3_': 1.0, '_a5_': 1.0, '_a6_': 1.0}};{'d0': 0.02490583291941663};-280.569866449044;45.82666350302546
33882;-94.4582697214963;(-(_a2_) * (x * ((x * (x + (_a4_ * _a2_))) + ((_a7_ + _a4_) * _a4_))));{'d0': {'_a2_': -3.3767608775091627, '_a4_': -0.1847508420641453, '_a7_': -2.660658492236178, '_a0_': 1.0, '_a1_': 1.0, '_a3_': 1.0, '_a5_': 1.0, '_a6_': 1.0}};{'d0': 0.02490583291941663};-280.569866449044;45.82666350302546
33883;-94.4582697214963;(-(_a2_) * (x * ((x * (x + (_a4_ * _a2_))) + ((_a7_ + _a4_) * _a4_))));{'d0': {'_a2_': -3.3767608775091627, '_a4_': -0.1847508420641453, '_a7_': -2.660658492236178, '_a0_': 1.0, '_a1_': 1.0, '_a3_': 1.0, '_a5_': 1.0, '_a6_': 1.0}};{'d0': 0.02490583291941663};-280.569866449044;45.82666350302546
33884;-94.4582697214963;(-(_a2_) * (x * ((x * (x + (_a4_ * _a2_))) + ((_a7_ + _a4_) * _a4_))));{'d0': {'_a2_': -3.3767608775091627, '_a4_': -0.1847508420641453, '_a7_': -2.660658492236178, '_a0_': 1.0, '_a1_': 1.0, '_a3_': 1.0, '_a5_': 1.0, '_a6_': 1.0}};{'d0': 0.02490583291941663};-280.569866449044;45.82666350302546
33885;-94.4582697214963;(-(_a2_) * (x * ((x * (x + (_a4_ * _a2_))) + ((_a7_ + _a4_) * _a4_))));{'d0': {'_a2_': -3.3767608775091627, '_a4_': -0.1847508420641453, '_a7_': -2.660658492236178, '_a0_': 1.0, '_a1_': 1.0, '_a3_': 1.0, '_a5_': 1.0, '_a6_': 1.0}};{'d0': 0.02490583291941663};-280.569866449044;45.82666350302546
33886;-94.4582697214963;(-(_a2_) * (x * ((x * (x + (_a4_ * _a2_))) + ((_a7_ + _a4_) * _a4_))));{'d0': {'_a2_': -3.3767608775091627, '_a4_': -0.1847508420641453, '_a7_': -2.660658492236178, '_a0_': 1.0, '_a1_': 1.0, '_a3_': 1.0, '_a5_': 1.0, '_a6_': 1.0}};{'d0': 0.02490583291941663};-280.569866449044;45.82666350302546
33887;-94.4582697214963;(-(_a2_) * (x * ((x * (x + (_a4_ * _a2_))) + ((_a7_ + _a4_) * _a4_))));{'d0': {'_a2_': -3.3767608775091627, '_a4_': -0.1847508420641453, '_a7_': -2.660658492236178, '_a0_': 1.0, '_a1_': 1.0, '_a3_': 1.0, '_a5_': 1.0, '_a6_': 1.0}};{'d0': 0.02490583291941663};-280.569866449044;45.82666350302546
33888;-94.4582697214963;(-(_a2_) * (x * ((x * (x + (_a4_ * _a2_))) + ((_a7_ + _a4_) * _a4_))));{'d0': {'_a2_': -3.3767608775091627, '_a4_': -0.1847508420641453, '_a7_': -2.660658492236178, '_a0_': 1.0, '_a1_': 1.0, '_a3_': 1.0, '_a5_': 1.0, '_a6_': 1.0}};{'d0': 0.02490583291941663};-280.569866449044;45.82666350302546
33889;-94.4582697214963;(-(_a2_) * (x * ((x * (x + (_a4_ * _a2_))) + ((_a7_ + _a4_) * _a4_))));{'d0': {'_a2_': -3.3767608775091627, '_a4_': -0.1847508420641453, '_a7_': -2.660658492236178, '_a0_': 1.0, '_a1_': 1.0, '_a3_': 1.0, '_a5_': 1.0, '_a6_': 1.0}};{'d0': 0.02490583291941663};-280.569866449044;45.82666350302546
33890;-94.4582697214963;(-(_a2_) * (x * ((x * (x + (_a4_ * _a2_))) + ((_a7_ + _a4_) * _a4_))));{'d0': {'_a2_': -3.3767608775091627, '_a4_': -0.1847508420641453, '_a7_': -2.660658492236178, '_a0_': 1.0, '_a1_': 1.0, '_a3_': 1.0, '_a5_': 1.0, '_a6_': 1.0}};{'d0': 0.02490583291941663};-280.569866449044;45.82666350302546
33891;-94.4582697214963;(-(_a2_) * (x * ((x * (x + (_a4_ * _a2_))) + ((_a7_ + _a4_) * _a4_))));{'d0': {'_a2_': -3.3767608775091627, '_a4_': -0.1847508420641453, '_a7_': -2.660658492236178, '_a0_': 1.0, '_a1_': 1.0, '_a3_': 1.0, '_a5_': 1.0, '_a6_': 1.0}};{'d0': 0.02490583291941663};-280.569866449044;45.82666350302546
33892;-94.4582697214963;(-(_a2_) * (x * ((x * (x + (_a4_ * _a2_))) + ((_a7_ + _a4_) * _a4_))));{'d0': {'_a2_': -3.3767608775091627, '_a4_': -0.1847508420641453, '_a7_': -2.660658492236178, '_a0_': 1.0, '_a1_': 1.0, '_a3_': 1.0, '_a5_': 1.0, '_a6_': 1.0}};{'d0': 0.02490583291941663};-280.569866449044;45.82666350302546
33893;-94.4582697214963;(-(_a2_) * (x * ((x * (x + (_a4_ * _a2_))) + ((_a7_ + _a4_) * _a4_))));{'d0': {'_a2_': -3.3767608775091627, '_a4_': -0.1847508420641453, '_a7_': -2.660658492236178, '_a0_': 1.0, '_a1_': 1.0, '_a3_': 1.0, '_a5_': 1.0, '_a6_': 1.0}};{'d0': 0.02490583291941663};-280.569866449044;45.82666350302546
33894;-94.4582697214963;(-(_a2_) * (x * ((x * (x + (_a4_ * _a2_))) + ((_a0_ + _a4_) * _a4_))));{'d0': {'_a0_': -2.6606584920051617, '_a2_': -3.3767608795032964, '_a4_': -0.18475084194511002, '_a1_': 1.0, '_a3_': 1.0, '_a5_': 1.0, '_a6_': 1.0, '_a7_': 1.0}};{'d0': 0.024905832919416632};-280.569866449044;45.82666350302546
33895;-94.4582697214963;(-(_a2_) * (x * ((x * (x + (_a4_ * _a2_))) + ((_a0_ + _a4_) * _a4_))));{'d0': {'_a0_': -2.6606584920051617, '_a2_': -3.3767608795032964, '_a4_': -0.18475084194511002, '_a1_': 1.0, '_a3_': 1.0, '_a5_': 1.0, '_a6_': 1.0, '_a7_': 1.0}};{'d0': 0.024905832919416632};-280.569866449044;45.82666350302546
33896;-94.4582697214963;(-(_a2_) * (x * ((x * (x + (_a4_ * _a2_))) + ((_a0_ + _a4_) * _a4_))));{'d0': {'_a0_': -2.6606584920051617, '_a2_': -3.3767608795032964, '_a4_': -0.18475084194511002, '_a1_': 1.0, '_a3_': 1.0, '_a5_': 1.0, '_a6_': 1.0, '_a7_': 1.0}};{'d0': 0.024905832919416632};-280.569866449044;45.82666350302546
33897;-94.4582697214963;(-(_a2_) * (x * ((x * (x + (_a4_ * _a2_))) + ((_a0_ + _a4_) * _a4_))));{'d0': {'_a0_': -2.6606584920051617, '_a2_': -3.3767608795032964, '_a4_': -0.18475084194511002, '_a1_': 1.0, '_a3_': 1.0, '_a5_': 1.0, '_a6_': 1.0, '_a7_': 1.0}};{'d0': 0.024905832919416632};-280.569866449044;45.82666350302546
33898;-94.4582697214963;(-(_a2_) * (x * ((x * (x + (_a4_ * _a2_))) + ((_a0_ + _a4_) * _a4_))));{'d0': {'_a0_': -2.6606584920051617, '_a2_': -3.3767608795032964, '_a4_': -0.18475084194511002, '_a1_': 1.0, '_a3_': 1.0, '_a5_': 1.0, '_a6_': 1.0, '_a7_': 1.0}};{'d0': 0.024905832919416632};-280.569866449044;45.82666350302546
33899;-86.3216197620034;((exp(_a6_) + (pow2(((_a7_ * x) + _a1_)) * (_a5_ + _a6_))) * -((x * _a0_)));{'d0': {'_a0_': -0.37338554566385074, '_a1_': 0.5416817280838464, '_a5_': 1.6445968985725627, '_a6_': 1.3543431882843355, '_a7_': 1.7365506216347029, '_a2_': 1.0, '_a3_': 1.0, '_a4_': 1.0}};{'d0': 0.024905832920894426};-272.381177321039;49.868968898516286
33900;-80.5213279971296;(((exp(_a6_) + (pow2(((_a7_ * x) + _a1_)) * (_a5_ + _a6_))) * -((x * _a0_))) / _a1_);{'d0': {'_a0_': -0.6093390600097137, '_a1_': 0.055435405392212284, '_a5_': 11.754701436671164, '_a6_': -2.027956970342698, '_a7_': 0.1777176203961433, '_a2_': 1.0, '_a3_': 1.0, '_a4_': 1.0}};{'d0': 0.024905832919625382};-272.381177324096;55.66926066491869
33901;-80.5213279973325;(((exp(_a6_) + (pow2(((_a7_ * x) + _a6_)) * (_a5_ + _a6_))) * -((x * _a0_))) / _a1_);{'d0': {'_a0_': -0.14997909937320253, '_a1_': 0.08084028977243587, '_a5_': 3.109286667143181, '_a6_': -0.2488210245385103, '_a7_': -0.7976829982496284, '_a2_': 1.0, '_a3_': 1.0, '_a4_': 1.0}};{'d0': 0.024905832919456947};-272.381177324502;55.66926066491869
33902;-80.5213279973325;(((exp(_a6_) + (pow2(((_a7_ * x) + _a6_)) * (_a5_ + _a6_))) * -((x * _a0_))) / _a1_);{'d0': {'_a0_': -0.14997909937320253, '_a1_': 0.08084028977243587, '_a5_': 3.109286667143181, '_a6_': -0.2488210245385103, '_a7_': -0.7976829982496284, '_a2_': 1.0, '_a3_': 1.0, '_a4_': 1.0}};{'d0': 0.024905832919456947};-272.381177324502;55.66926066491869
33903;-80.5213279973325;(((exp(_a6_) + (pow2(((_a7_ * x) + _a6_)) * (_a5_ + _a6_))) * -((x * _a0_))) / _a1_);{'d0': {'_a0_': -0.14997909937320253, '_a1_': 0.08084028977243587, '_a5_': 3.109286667143181, '_a6_': -0.2488210245385103, '_a7_': -0.7976829982496284, '_a2_': 1.0, '_a3_': 1.0, '_a4_': 1.0}};{'d0': 0.024905832919456947};-272.381177324502;55.66926066491869
33904;-80.5213279973325;(((exp(_a6_) + (pow2(((_a7_ * x) + _a6_)) * (_a5_ + _a6_))) * -((x * _a0_))) / _a1_);{'d0': {'_a0_': -0.14997909937320253, '_a1_': 0.08084028977243587, '_a5_': 3.109286667143181, '_a6_': -0.2488210245385103, '_a7_': -0.7976829982496284, '_a2_': 1.0, '_a3_': 1.0, '_a4_': 1.0}};{'d0': 0.024905832919456947};-272.381177324502;55.66926066491869
33905;-80.5213279973325;(((exp(_a6_) + (pow2(((_a7_ * x) + _a6_)) * (_a5_ + _a6_))) * -((x * _a0_))) / _a1_);{'d0': {'_a0_': -0.14997909937320253, '_a1_': 0.08084028977243587, '_a5_': 3.109286667143181, '_a6_': -0.2488210245385103, '_a7_': -0.7976829982496284, '_a2_': 1.0, '_a3_': 1.0, '_a4_': 1.0}};{'d0': 0.024905832919456947};-272.381177324502;55.66926066491869
33906;-80.5213279973325;(((exp(_a6_) + (pow2(((_a7_ * x) + _a6_)) * (_a5_ + _a6_))) * -((x * _a0_))) / _a1_);{'d0': {'_a0_': -0.14997909937320253, '_a1_': 0.08084028977243587, '_a5_': 3.109286667143181, '_a6_': -0.2488210245385103, '_a7_': -0.7976829982496284, '_a2_': 1.0, '_a3_': 1.0, '_a4_': 1.0}};{'d0': 0.024905832919456947};-272.381177324502;55.66926066491869
33907;-80.5213279973325;(((exp(_a6_) + (pow2(((_a7_ * x) + _a6_)) * (_a5_ + _a6_))) * -((x * _a0_))) / _a1_);{'d0': {'_a0_': -0.14997909937320253, '_a1_': 0.08084028977243587, '_a5_': 3.109286667143181, '_a6_': -0.2488210245385103, '_a7_': -0.7976829982496284, '_a2_': 1.0, '_a3_': 1.0, '_a4_': 1.0}};{'d0': 0.024905832919456947};-272.381177324502;55.66926066491869
33908;-80.5213279973325;(((exp(_a6_) + (pow2(((_a7_ * x) + _a6_)) * (_a5_ + _a6_))) * -((x * _a0_))) / _a1_);{'d0': {'_a0_': -0.14997909937320253, '_a1_': 0.08084028977243587, '_a5_': 3.109286667143181, '_a6_': -0.2488210245385103, '_a7_': -0.7976829982496284, '_a2_': 1.0, '_a3_': 1.0, '_a4_': 1.0}};{'d0': 0.024905832919456947};-272.381177324502;55.66926066491869
33909;-80.5213279973325;(((exp(_a6_) + (pow2(((_a7_ * x) + _a6_)) * (_a5_ + _a6_))) * -((x * _a0_))) / _a1_);{'d0': {'_a0_': -0.14997909937320253, '_a1_': 0.08084028977243587, '_a5_': 3.109286667143181, '_a6_': -0.2488210245385103, '_a7_': -0.7976829982496284, '_a2_': 1.0, '_a3_': 1.0, '_a4_': 1.0}};{'d0': 0.024905832919456947};-272.381177324502;55.66926066491869
33910;-80.5213279973325;(((exp(_a6_) + (pow2(((_a7_ * x) + _a6_)) * (_a5_ + _a6_))) * -((x * _a0_))) / _a1_);{'d0': {'_a0_': -0.14997909937320253, '_a1_': 0.08084028977243587, '_a5_': 3.109286667143181, '_a6_': -0.2488210245385103, '_a7_': -0.7976829982496284, '_a2_': 1.0, '_a3_': 1.0, '_a4_': 1.0}};{'d0': 0.024905832919456947};-272.381177324502;55.66926066491869
33911;-74.7937034756291;(((exp(-(_a3_)) + (pow2(((_a7_ * x) + _a6_)) * (_a5_ + _a6_))) * -((x * _a0_))) / _a1_);{'d0': {'_a0_': -0.20677903565482006, '_a1_': 0.08668874898543186, '_a3_': 0.5001269961377094, '_a5_': 2.2318609681448645, '_a6_': -0.2646092698264104, '_a7_': -0.8482977518637298, '_a2_': 1.0, '_a4_': 1.0}};{'d0': 0.024905832921392233};-268.286832757618;59.34971290317986
33912;-82.6411675226070;((exp(-(_a3_)) + (pow2(((_a7_ * x) + _a6_)) * (_a5_ + _a6_))) * -((x * _a0_)));{'d0': {'_a0_': -0.3556455156216817, '_a3_': -1.4030200977901532, '_a5_': 7.73447324841684, '_a6_': -0.3537936235182869, '_a7_': -1.1342094540019632, '_a1_': 1.0, '_a2_': 1.0, '_a4_': 1.0}};{'d0': 0.02490583292183688};-272.381177318769;53.549421136777454
33913;-82.6411675226070;((exp(-(_a3_)) + (pow2(((_a7_ * x) + _a6_)) * (_a5_ + _a6_))) * -((x * _a0_)));{'d0': {'_a0_': -0.3556455156216817, '_a3_': -1.4030200977901532, '_a5_': 7.73447324841684, '_a6_': -0.3537936235182869, '_a7_': -1.1342094540019632, '_a1_': 1.0, '_a2_': 1.0, '_a4_': 1.0}};{'d0': 0.02490583292183688};-272.381177318769;53.549421136777454
33914;-82.6411675226070;((exp(-(_a3_)) + (pow2(((_a7_ * x) + _a6_)) * (_a5_ + _a6_))) * -((x * _a0_)));{'d0': {'_a0_': -0.3556455156216817, '_a3_': -1.4030200977901532, '_a5_': 7.73447324841684, '_a6_': -0.3537936235182869, '_a7_': -1.1342094540019632, '_a1_': 1.0, '_a2_': 1.0, '_a4_': 1.0}};{'d0': 0.02490583292183688};-272.381177318769;53.549421136777454
33915;-82.6411675226070;((exp(-(_a3_)) + (pow2(((_a7_ * x) + _a6_)) * (_a5_ + _a6_))) * -((x * _a0_)));{'d0': {'_a0_': -0.3556455156216817, '_a3_': -1.4030200977901532, '_a5_': 7.73447324841684, '_a6_': -0.3537936235182869, '_a7_': -1.1342094540019632, '_a1_': 1.0, '_a2_': 1.0, '_a4_': 1.0}};{'d0': 0.02490583292183688};-272.381177318769;53.549421136777454
33916;-82.6411675226070;((exp(-(_a3_)) + (pow2(((_a7_ * x) + _a6_)) * (_a5_ + _a6_))) * -((x * _a0_)));{'d0': {'_a0_': -0.3556455156216817, '_a3_': -1.4030200977901532, '_a5_': 7.73447324841684, '_a6_': -0.3537936235182869, '_a7_': -1.1342094540019632, '_a1_': 1.0, '_a2_': 1.0, '_a4_': 1.0}};{'d0': 0.02490583292183688};-272.381177318769;53.549421136777454
33917;-82.6411675226070;((exp(-(_a3_)) + (pow2(((_a7_ * x) + _a6_)) * (_a5_ + _a6_))) * -((x * _a0_)));{'d0': {'_a0_': -0.3556455156216817, '_a3_': -1.4030200977901532, '_a5_': 7.73447324841684, '_a6_': -0.3537936235182869, '_a7_': -1.1342094540019632, '_a1_': 1.0, '_a2_': 1.0, '_a4_': 1.0}};{'d0': 0.02490583292183688};-272.381177318769;53.549421136777454
33918;-82.6411675226070;((exp(-(_a3_)) + (pow2(((_a7_ * x) + _a6_)) * (_a5_ + _a6_))) * -((x * _a0_)));{'d0': {'_a0_': -0.3556455156216817, '_a3_': -1.4030200977901532, '_a5_': 7.73447324841684, '_a6_': -0.3537936235182869, '_a7_': -1.1342094540019632, '_a1_': 1.0, '_a2_': 1.0, '_a4_': 1.0}};{'d0': 0.02490583292183688};-272.381177318769;53.549421136777454
33919;-81.4192072283779;((exp((x * _a3_)) + (pow2(((_a7_ * x) + _a6_)) * (_a5_ + _a6_))) * -((x * _a0_)));{'d0': {'_a0_': -1.1455604920780653, '_a3_': -0.617553638584257, '_a5_': 3.4938642994453772, '_a6_': -0.4265400512864662, '_a7_': -0.9395129598990204, '_a1_': 1.0, '_a2_': 1.0, '_a4_': 1.0}};{'d0': 0.024807000063061954};-272.619746677346;54.890666110295285
33920;-81.4192072283779;((exp((x * _a3_)) + (pow2(((_a7_ * x) + _a6_)) * (_a5_ + _a6_))) * -((x * _a0_)));{'d0': {'_a0_': -1.1455604920780653, '_a3_': -0.617553638584257, '_a5_': 3.4938642994453772, '_a6_': -0.4265400512864662, '_a7_': -0.9395129598990204, '_a1_': 1.0, '_a2_': 1.0, '_a4_': 1.0}};{'d0': 0.024807000063061954};-272.619746677346;54.890666110295285
33921;-81.4025217621119;((exp((x * _a3_)) + (-(((_a7_ * x) + _a6_)) * (_a5_ + _a6_))) * -((x * _a0_)));{'d0': {'_a0_': -2575.4775387581985, '_a3_': -0.050755333303985906, '_a5_': 1.9062437411117716, '_a6_': 0.42809066870636525, '_a7_': -0.022094049275870165, '_a1_': 1.0, '_a2_': 1.0, '_a4_': 1.0}};{'d0': 0.02483526943003752};-272.551411276117;54.87318387594645
33922;-81.4025217621119;((exp((x * _a3_)) + (-(((_a7_ * x) + _a6_)) * (_a5_ + _a6_))) * -((x * _a0_)));{'d0': {'_a0_': -2575.4775387581985, '_a3_': -0.050755333303985906, '_a5_': 1.9062437411117716, '_a6_': 0.42809066870636525, '_a7_': -0.022094049275870165, '_a1_': 1.0, '_a2_': 1.0, '_a4_': 1.0}};{'d0': 0.02483526943003752};-272.551411276117;54.87318387594645
33923;-81.4025217621119;((exp((x * _a3_)) + (-(((_a7_ * x) + _a6_)) * (_a5_ + _a6_))) * -((x * _a0_)));{'d0': {'_a0_': -2575.4775387581985, '_a3_': -0.050755333303985906, '_a5_': 1.9062437411117716, '_a6_': 0.42809066870636525, '_a7_': -0.022094049275870165, '_a1_': 1.0, '_a2_': 1.0, '_a4_': 1.0}};{'d0': 0.02483526943003752};-272.551411276117;54.87318387594645
33924;-81.4025217621119;((exp((x * _a3_)) + (-(((_a7_ * x) + _a6_)) * (_a5_ + _a6_))) * -((x * _a0_)));{'d0': {'_a0_': -2575.4775387581985, '_a3_': -0.050755333303985906, '_a5_': 1.9062437411117716, '_a6_': 0.42809066870636525, '_a7_': -0.022094049275870165, '_a1_': 1.0, '_a2_': 1.0, '_a4_': 1.0}};{'d0': 0.02483526943003752};-272.551411276117;54.87318387594645
33925;-77.3745851258060;((exp((x * _a3_)) + (-(((_a7_ * x) + _a6_)) * (cos(_a6_) + _a6_))) * -((x * _a0_)));{'d0': {'_a0_': -3804.0216661769873, '_a3_': -0.04182844997051439, '_a6_': 0.6849001106619759, '_a7_': -0.029041839496680114, '_a1_': 1.0, '_a2_': 1.0, '_a4_': 1.0, '_a5_': 1.0}};{'d0': 0.024831709238802225};-276.654357588645;60.95259366851645
33926;-77.3745851258060;((exp((x * _a3_)) + (-(((_a7_ * x) + _a6_)) * (cos(_a6_) + _a6_))) * -((x * _a0_)));{'d0': {'_a0_': -3804.0216661769873, '_a3_': -0.04182844997051439, '_a6_': 0.6849001106619759, '_a7_': -0.029041839496680114, '_a1_': 1.0, '_a2_': 1.0, '_a4_': 1.0, '_a5_': 1.0}};{'d0': 0.024831709238802225};-276.654357588645;60.95259366851645
33927;-77.3745851258060;((exp((x * _a3_)) + (-(((_a7_ * x) + _a6_)) * (cos(_a6_) + _a6_))) * -((x * _a0_)));{'d0': {'_a0_': -3804.0216661769873, '_a3_': -0.04182844997051439, '_a6_': 0.6849001106619759, '_a7_': -0.029041839496680114, '_a1_': 1.0, '_a2_': 1.0, '_a4_': 1.0, '_a5_': 1.0}};{'d0': 0.024831709238802225};-276.654357588645;60.95259366851645
33928;-77.3745851258060;((exp((x * _a3_)) + (-(((_a7_ * x) + _a6_)) * (cos(_a6_) + _a6_))) * -((x * _a0_)));{'d0': {'_a0_': -3804.0216661769873, '_a3_': -0.04182844997051439, '_a6_': 0.6849001106619759, '_a7_': -0.029041839496680114, '_a1_': 1.0, '_a2_': 1.0, '_a4_': 1.0, '_a5_': 1.0}};{'d0': 0.024831709238802225};-276.654357588645;60.95259366851645
33929;-77.3745851258060;((exp((x * _a3_)) + (-(((_a7_ * x) + _a6_)) * (cos(_a6_) + _a6_))) * -((x * _a0_)));{'d0': {'_a0_': -3804.0216661769873, '_a3_': -0.04182844997051439, '_a6_': 0.6849001106619759, '_a7_': -0.029041839496680114, '_a1_': 1.0, '_a2_': 1.0, '_a4_': 1.0, '_a5_': 1.0}};{'d0': 0.024831709238802225};-276.654357588645;60.95259366851645
33930;-77.3745851258060;((exp((x * _a3_)) + (-(((_a7_ * x) + _a6_)) * (cos(_a6_) + _a6_))) * -((x * _a0_)));{'d0': {'_a0_': -3804.0216661769873, '_a3_': -0.04182844997051439, '_a6_': 0.6849001106619759, '_a7_': -0.029041839496680114, '_a1_': 1.0, '_a2_': 1.0, '_a4_': 1.0, '_a5_': 1.0}};{'d0': 0.024831709238802225};-276.654357588645;60.95259366851645
33931;-77.3745851258060;((exp((x * _a3_)) + (-(((_a7_ * x) + _a6_)) * (cos(_a6_) + _a6_))) * -((x * _a0_)));{'d0': {'_a0_': -3804.0216661769873, '_a3_': -0.04182844997051439, '_a6_': 0.6849001106619759, '_a7_': -0.029041839496680114, '_a1_': 1.0, '_a2_': 1.0, '_a4_': 1.0, '_a5_': 1.0}};{'d0': 0.024831709238802225};-276.654357588645;60.95259366851645
33932;-77.3744484882644;((exp((x * _a3_)) + (-(((_a7_ * x) + _a6_)) * (cos(_a7_) + _a6_))) * -((x * _a0_)));{'d0': {'_a0_': -4165.866077928951, '_a3_': -0.0399835315059838, '_a6_': 0.6179291192972003, '_a7_': -0.025030672593081078, '_a1_': 1.0, '_a2_': 1.0, '_a4_': 1.0, '_a5_': 1.0}};{'d0': 0.024831822337183222};-276.654084313562;60.95259366851645
33933;-73.6935122227372;((exp((x * _a3_)) + (-(((_a7_ * x) + _a6_)) * (cos(_a7_) + _a6_))) * -((x * -(_a5_))));{'d0': {'_a3_': -0.04313296740644879, '_a5_': 3575.755331882621, '_a6_': 0.6179118274582083, '_a7_': -0.027030507253460265, '_a0_': 1.0, '_a1_': 1.0, '_a2_': 1.0, '_a4_': 1.0}};{'d0': 0.0248318049129192};-276.654126415031;64.6335509847784
33934;-101.702633509695;((_a0_ + pow2(((_a4_ * -((_a0_ * x))) + (_a7_ * _a4_)))) * x);{'d0': {'_a0_': 1.4465760884309582, '_a4_': -1.2703075284242267, '_a7_': -0.4512300564714164, '_a1_': 1.0, '_a2_': 1.0, '_a3_': 1.0, '_a5_': 1.0, '_a6_': 1.0}};{'d0': 0.024905832919416688};-280.569866449043;38.58229971482645
33935;-101.702633509695;((_a0_ + pow2(((_a4_ * -((_a0_ * x))) + (_a7_ * _a4_)))) * x);{'d0': {'_a0_': 1.4465760884309582, '_a4_': -1.2703075284242267, '_a7_': -0.4512300564714164, '_a1_': 1.0, '_a2_': 1.0, '_a3_': 1.0, '_a5_': 1.0, '_a6_': 1.0}};{'d0': 0.024905832919416688};-280.569866449043;38.58229971482645
33936;-73.6935122227372;((exp((x * _a3_)) + (-(((_a7_ * x) + _a6_)) * (cos(_a7_) + _a6_))) * -((x * -(_a5_))));{'d0': {'_a3_': -0.04313296740644879, '_a5_': 3575.755331882621, '_a6_': 0.6179118274582083, '_a7_': -0.027030507253460265, '_a0_': 1.0, '_a1_': 1.0, '_a2_': 1.0, '_a4_': 1.0}};{'d0': 0.0248318049129192};-276.654126415031;64.6335509847784
33937;-73.6935122227372;((exp((x * _a3_)) + (-(((_a7_ * x) + _a6_)) * (cos(_a7_) + _a6_))) * -((x * -(_a5_))));{'d0': {'_a3_': -0.04313296740644879, '_a5_': 3575.755331882621, '_a6_': 0.6179118274582083, '_a7_': -0.027030507253460265, '_a0_': 1.0, '_a1_': 1.0, '_a2_': 1.0, '_a4_': 1.0}};{'d0': 0.0248318049129192};-276.654126415031;64.6335509847784
33938;-73.6935122227372;((exp((x * _a3_)) + (-(((_a7_ * x) + _a6_)) * (cos(_a7_) + _a6_))) * -((x * -(_a5_))));{'d0': {'_a3_': -0.04313296740644879, '_a5_': 3575.755331882621, '_a6_': 0.6179118274582083, '_a7_': -0.027030507253460265, '_a0_': 1.0, '_a1_': 1.0, '_a2_': 1.0, '_a4_': 1.0}};{'d0': 0.0248318049129192};-276.654126415031;64.6335509847784
33939;-73.6935122227372;((exp((x * _a3_)) + (-(((_a7_ * x) + _a6_)) * (cos(_a7_) + _a6_))) * -((x * -(_a5_))));{'d0': {'_a3_': -0.04313296740644879, '_a5_': 3575.755331882621, '_a6_': 0.6179118274582083, '_a7_': -0.027030507253460265, '_a0_': 1.0, '_a1_': 1.0, '_a2_': 1.0, '_a4_': 1.0}};{'d0': 0.0248318049129192};-276.654126415031;64.6335509847784
33940;-71.5740167112609;((exp((x * _a3_)) + (-(((_a7_ * x) + _a6_)) * (cos(_a7_) + _a6_))) * -((x * (_a3_ / _a2_))));{'d0': {'_a2_': 1.2762468047916016e-05, '_a3_': -0.0439473280700051, '_a6_': 0.6179071389960026, '_a7_': -0.027548308395086197, '_a0_': 1.0, '_a1_': 1.0, '_a4_': 1.0, '_a5_': 1.0}};{'d0': 0.024831938228066106};-276.653804292359;66.75288543491885
33941;-71.5740167112609;((exp((x * _a3_)) + (-(((_a7_ * x) + _a6_)) * (cos(_a7_) + _a6_))) * -((x * (_a3_ / _a2_))));{'d0': {'_a2_': 1.2762468047916016e-05, '_a3_': -0.0439473280700051, '_a6_': 0.6179071389960026, '_a7_': -0.027548308395086197, '_a0_': 1.0, '_a1_': 1.0, '_a4_': 1.0, '_a5_': 1.0}};{'d0': 0.024831938228066106};-276.653804292359;66.75288543491885
33942;-71.5740167112609;((exp((x * _a3_)) + (-(((_a7_ * x) + _a6_)) * (cos(_a7_) + _a6_))) * -((x * (_a3_ / _a2_))));{'d0': {'_a2_': 1.2762468047916016e-05, '_a3_': -0.0439473280700051, '_a6_': 0.6179071389960026, '_a7_': -0.027548308395086197, '_a0_': 1.0, '_a1_': 1.0, '_a4_': 1.0, '_a5_': 1.0}};{'d0': 0.024831938228066106};-276.653804292359;66.75288543491885
33943;-77.6536851939126;((exp((x * _a3_)) + (-(((_a7_ * x) + _a6_)) * (_a3_ + _a6_))) * -((x * (_a3_ / _a2_))));{'d0': {'_a2_': 1.1331399749810848e-05, '_a3_': -0.042247596832271764, '_a6_': 1.0211077041158572, '_a7_': -0.04373818000780386, '_a0_': 1.0, '_a1_': 1.0, '_a4_': 1.0, '_a5_': 1.0}};{'d0': 0.02483172410311829};-276.654321672523;60.673475642348855
33944;-77.6536851939126;((exp((x * _a3_)) + (-(((_a7_ * x) + _a6_)) * (_a3_ + _a6_))) * -((x * (_a3_ / _a2_))));{'d0': {'_a2_': 1.1331399749810848e-05, '_a3_': -0.042247596832271764, '_a6_': 1.0211077041158572, '_a7_': -0.04373818000780386, '_a0_': 1.0, '_a1_': 1.0, '_a4_': 1.0, '_a5_': 1.0}};{'d0': 0.02483172410311829};-276.654321672523;60.673475642348855
33945;-77.6536851939126;((exp((x * _a3_)) + (-(((_a7_ * x) + _a6_)) * (_a3_ + _a6_))) * -((x * (_a3_ / _a2_))));{'d0': {'_a2_': 1.1331399749810848e-05, '_a3_': -0.042247596832271764, '_a6_': 1.0211077041158572, '_a7_': -0.04373818000780386, '_a0_': 1.0, '_a1_': 1.0, '_a4_': 1.0, '_a5_': 1.0}};{'d0': 0.02483172410311829};-276.654321672523;60.673475642348855
33946;-77.6536851939126;((exp((x * _a3_)) + (-(((_a7_ * x) + _a6_)) * (_a3_ + _a6_))) * -((x * (_a3_ / _a2_))));{'d0': {'_a2_': 1.1331399749810848e-05, '_a3_': -0.042247596832271764, '_a6_': 1.0211077041158572, '_a7_': -0.04373818000780386, '_a0_': 1.0, '_a1_': 1.0, '_a4_': 1.0, '_a5_': 1.0}};{'d0': 0.02483172410311829};-276.654321672523;60.673475642348855
33947;-77.6536851939126;((exp((x * _a3_)) + (-(((_a7_ * x) + _a6_)) * (_a3_ + _a6_))) * -((x * (_a3_ / _a2_))));{'d0': {'_a2_': 1.1331399749810848e-05, '_a3_': -0.042247596832271764, '_a6_': 1.0211077041158572, '_a7_': -0.04373818000780386, '_a0_': 1.0, '_a1_': 1.0, '_a4_': 1.0, '_a5_': 1.0}};{'d0': 0.02483172410311829};-276.654321672523;60.673475642348855
33948;-77.6536851939126;((exp((x * _a3_)) + (-(((_a7_ * x) + _a6_)) * (_a3_ + _a6_))) * -((x * (_a3_ / _a2_))));{'d0': {'_a2_': 1.1331399749810848e-05, '_a3_': -0.042247596832271764, '_a6_': 1.0211077041158572, '_a7_': -0.04373818000780386, '_a0_': 1.0, '_a1_': 1.0, '_a4_': 1.0, '_a5_': 1.0}};{'d0': 0.02483172410311829};-276.654321672523;60.673475642348855
33949;-77.6536851939126;((exp((x * _a3_)) + (-(((_a7_ * x) + _a6_)) * (_a3_ + _a6_))) * -((x * (_a3_ / _a2_))));{'d0': {'_a2_': 1.1331399749810848e-05, '_a3_': -0.042247596832271764, '_a6_': 1.0211077041158572, '_a7_': -0.04373818000780386, '_a0_': 1.0, '_a1_': 1.0, '_a4_': 1.0, '_a5_': 1.0}};{'d0': 0.02483172410311829};-276.654321672523;60.673475642348855
33950;-77.6536851939126;((exp((x * _a3_)) + (-(((_a7_ * x) + _a6_)) * (_a3_ + _a6_))) * -((x * (_a3_ / _a2_))));{'d0': {'_a2_': 1.1331399749810848e-05, '_a3_': -0.042247596832271764, '_a6_': 1.0211077041158572, '_a7_': -0.04373818000780386, '_a0_': 1.0, '_a1_': 1.0, '_a4_': 1.0, '_a5_': 1.0}};{'d0': 0.02483172410311829};-276.654321672523;60.673475642348855
33951;-77.6536851939126;((exp((x * _a3_)) + (-(((_a7_ * x) + _a6_)) * (_a3_ + _a6_))) * -((x * (_a3_ / _a2_))));{'d0': {'_a2_': 1.1331399749810848e-05, '_a3_': -0.042247596832271764, '_a6_': 1.0211077041158572, '_a7_': -0.04373818000780386, '_a0_': 1.0, '_a1_': 1.0, '_a4_': 1.0, '_a5_': 1.0}};{'d0': 0.02483172410311829};-276.654321672523;60.673475642348855
33952;-77.6536851939126;((exp((x * _a3_)) + (-(((_a7_ * x) + _a6_)) * (_a3_ + _a6_))) * -((x * (_a3_ / _a2_))));{'d0': {'_a2_': 1.1331399749810848e-05, '_a3_': -0.042247596832271764, '_a6_': 1.0211077041158572, '_a7_': -0.04373818000780386, '_a0_': 1.0, '_a1_': 1.0, '_a4_': 1.0, '_a5_': 1.0}};{'d0': 0.02483172410311829};-276.654321672523;60.673475642348855
33953;-77.6536851939126;((exp((x * _a3_)) + (-(((_a7_ * x) + _a6_)) * (_a3_ + _a6_))) * -((x * (_a3_ / _a2_))));{'d0': {'_a2_': 1.1331399749810848e-05, '_a3_': -0.042247596832271764, '_a6_': 1.0211077041158572, '_a7_': -0.04373818000780386, '_a0_': 1.0, '_a1_': 1.0, '_a4_': 1.0, '_a5_': 1.0}};{'d0': 0.02483172410311829};-276.654321672523;60.673475642348855
33954;-77.6536851939126;((exp((x * _a3_)) + (-(((_a7_ * x) + _a6_)) * (_a3_ + _a6_))) * -((x * (_a3_ / _a2_))));{'d0': {'_a2_': 1.1331399749810848e-05, '_a3_': -0.042247596832271764, '_a6_': 1.0211077041158572, '_a7_': -0.04373818000780386, '_a0_': 1.0, '_a1_': 1.0, '_a4_': 1.0, '_a5_': 1.0}};{'d0': 0.02483172410311829};-276.654321672523;60.673475642348855
33955;-77.6536851939126;((exp((x * _a3_)) + (-(((_a7_ * x) + _a6_)) * (_a3_ + _a6_))) * -((x * (_a3_ / _a2_))));{'d0': {'_a2_': 1.1331399749810848e-05, '_a3_': -0.042247596832271764, '_a6_': 1.0211077041158572, '_a7_': -0.04373818000780386, '_a0_': 1.0, '_a1_': 1.0, '_a4_': 1.0, '_a5_': 1.0}};{'d0': 0.02483172410311829};-276.654321672523;60.673475642348855
33956;-76.0124740323518;((exp((x * _a3_)) + (-(((_a7_ * x) + _a6_)) ** (_a3_ + _a6_))) * -((x * (_a3_ / _a2_))));{'d0': {'_a2_': 1.7526194034207895e-05, '_a3_': -0.04802120408885098, '_a6_': 0.9993156381541398, '_a7_': -0.051287706757538035, '_a0_': 1.0, '_a1_': 1.0, '_a4_': 1.0, '_a5_': 1.0}};{'d0': 0.0248311943878679};-276.655601618043;62.315326776669856
33957;-76.0124740323518;((exp((x * _a3_)) + (-(((_a7_ * x) + _a6_)) ** (_a3_ + _a6_))) * -((x * (_a3_ / _a2_))));{'d0': {'_a2_': 1.7526194034207895e-05, '_a3_': -0.04802120408885098, '_a6_': 0.9993156381541398, '_a7_': -0.051287706757538035, '_a0_': 1.0, '_a1_': 1.0, '_a4_': 1.0, '_a5_': 1.0}};{'d0': 0.0248311943878679};-276.655601618043;62.315326776669856
33958;-76.0124740323518;((exp((x * _a3_)) + (-(((_a7_ * x) + _a6_)) ** (_a3_ + _a6_))) * -((x * (_a3_ / _a2_))));{'d0': {'_a2_': 1.7526194034207895e-05, '_a3_': -0.04802120408885098, '_a6_': 0.9993156381541398, '_a7_': -0.051287706757538035, '_a0_': 1.0, '_a1_': 1.0, '_a4_': 1.0, '_a5_': 1.0}};{'d0': 0.0248311943878679};-276.655601618043;62.315326776669856
33959;-76.0124740323518;((exp((x * _a3_)) + (-(((_a7_ * x) + _a6_)) ** (_a3_ + _a6_))) * -((x * (_a3_ / _a2_))));{'d0': {'_a2_': 1.7526194034207895e-05, '_a3_': -0.04802120408885098, '_a6_': 0.9993156381541398, '_a7_': -0.051287706757538035, '_a0_': 1.0, '_a1_': 1.0, '_a4_': 1.0, '_a5_': 1.0}};{'d0': 0.0248311943878679};-276.655601618043;62.315326776669856
33960;-76.0124740323518;((exp((x * _a3_)) + (-(((_a7_ * x) + _a6_)) ** (_a3_ + _a6_))) * -((x * (_a3_ / _a2_))));{'d0': {'_a2_': 1.7526194034207895e-05, '_a3_': -0.04802120408885098, '_a6_': 0.9993156381541398, '_a7_': -0.051287706757538035, '_a0_': 1.0, '_a1_': 1.0, '_a4_': 1.0, '_a5_': 1.0}};{'d0': 0.0248311943878679};-276.655601618043;62.315326776669856
33961;-76.0124740323518;((exp((x * _a3_)) + (-(((_a7_ * x) + _a6_)) ** (_a3_ + _a6_))) * -((x * (_a3_ / _a2_))));{'d0': {'_a2_': 1.7526194034207895e-05, '_a3_': -0.04802120408885098, '_a6_': 0.9993156381541398, '_a7_': -0.051287706757538035, '_a0_': 1.0, '_a1_': 1.0, '_a4_': 1.0, '_a5_': 1.0}};{'d0': 0.0248311943878679};-276.655601618043;62.315326776669856
33962;-98.6290150923300;(_a4_ * (x * ((x * (x + _a6_)) + ((_a0_ + -(x)) / _a4_))));{'d0': {'_a0_': 1.7751354043849858, '_a4_': 3.376760879874354, '_a6_': 0.9200012022614423, '_a1_': 1.0, '_a2_': 1.0, '_a3_': 1.0, '_a5_': 1.0, '_a7_': 1.0}};{'d0': 0.0249058329194166};-280.569866449044;41.65591813219186
33963;-98.6290150923300;(_a4_ * (x * ((x * (x + _a6_)) + ((_a0_ + -(x)) / _a4_))));{'d0': {'_a0_': 1.7751354043849858, '_a4_': 3.376760879874354, '_a6_': 0.9200012022614423, '_a1_': 1.0, '_a2_': 1.0, '_a3_': 1.0, '_a5_': 1.0, '_a7_': 1.0}};{'d0': 0.0249058329194166};-280.569866449044;41.65591813219186
33964;-98.6290150923300;(_a4_ * (x * ((x * (x + _a6_)) + ((_a0_ + -(x)) / _a4_))));{'d0': {'_a0_': 1.7751354043849858, '_a4_': 3.376760879874354, '_a6_': 0.9200012022614423, '_a1_': 1.0, '_a2_': 1.0, '_a3_': 1.0, '_a5_': 1.0, '_a7_': 1.0}};{'d0': 0.0249058329194166};-280.569866449044;41.65591813219186
33965;-98.6290150923300;(_a4_ * (x * ((x * (x + _a6_)) + ((_a0_ + -(x)) / _a4_))));{'d0': {'_a0_': 1.7751354043849858, '_a4_': 3.376760879874354, '_a6_': 0.9200012022614423, '_a1_': 1.0, '_a2_': 1.0, '_a3_': 1.0, '_a5_': 1.0, '_a7_': 1.0}};{'d0': 0.0249058329194166};-280.569866449044;41.65591813219186
33966;-98.6290150923300;(_a4_ * (x * ((x * (x + _a6_)) + ((_a0_ + -(x)) / _a4_))));{'d0': {'_a0_': 1.7751354043849858, '_a4_': 3.376760879874354, '_a6_': 0.9200012022614423, '_a1_': 1.0, '_a2_': 1.0, '_a3_': 1.0, '_a5_': 1.0, '_a7_': 1.0}};{'d0': 0.0249058329194166};-280.569866449044;41.65591813219186
33967;-98.6290150923300;(_a4_ * (x * ((x * (x + _a6_)) + ((_a0_ + -(x)) / _a4_))));{'d0': {'_a0_': 1.7751354043849858, '_a4_': 3.376760879874354, '_a6_': 0.9200012022614423, '_a1_': 1.0, '_a2_': 1.0, '_a3_': 1.0, '_a5_': 1.0, '_a7_': 1.0}};{'d0': 0.0249058329194166};-280.569866449044;41.65591813219186
33968;-99.4799669332755;(_a4_ * (x * ((x * (x + _a6_)) + ((_a0_ + -(x)) * _a4_))));{'d0': {'_a0_': 0.15567930229084115, '_a4_': 3.3767608599007217, '_a6_': 4.000620276073105, '_a1_': 1.0, '_a2_': 1.0, '_a3_': 1.0, '_a5_': 1.0, '_a7_': 1.0}};{'d0': 0.024905832919416497};-280.569866449044;40.80496629124646
33969;-99.4799669332755;(_a4_ * (x * ((x * (x + _a6_)) + ((_a0_ + -(x)) * _a4_))));{'d0': {'_a0_': 0.15567930229084115, '_a4_': 3.3767608599007217, '_a6_': 4.000620276073105, '_a1_': 1.0, '_a2_': 1.0, '_a3_': 1.0, '_a5_': 1.0, '_a7_': 1.0}};{'d0': 0.024905832919416497};-280.569866449044;40.80496629124646
33970;-99.4799669332755;(_a4_ * (x * ((x * (x + _a6_)) + ((_a0_ + -(x)) * _a4_))));{'d0': {'_a0_': 0.15567930229084115, '_a4_': 3.3767608599007217, '_a6_': 4.000620276073105, '_a1_': 1.0, '_a2_': 1.0, '_a3_': 1.0, '_a5_': 1.0, '_a7_': 1.0}};{'d0': 0.024905832919416497};-280.569866449044;40.80496629124646
33971;-99.4799669332755;(_a4_ * (x * ((x * (x + _a6_)) + ((_a0_ + -(x)) * _a4_))));{'d0': {'_a0_': 0.15567930229084115, '_a4_': 3.3767608599007217, '_a6_': 4.000620276073105, '_a1_': 1.0, '_a2_': 1.0, '_a3_': 1.0, '_a5_': 1.0, '_a7_': 1.0}};{'d0': 0.024905832919416497};-280.569866449044;40.80496629124646
33972;-99.4799669332755;(_a4_ * (x * ((x * (x + _a6_)) + ((_a0_ + -(x)) * _a4_))));{'d0': {'_a0_': 0.15567930229084115, '_a4_': 3.3767608599007217, '_a6_': 4.000620276073105, '_a1_': 1.0, '_a2_': 1.0, '_a3_': 1.0, '_a5_': 1.0, '_a7_': 1.0}};{'d0': 0.024905832919416497};-280.569866449044;40.80496629124646
33973;-99.4799669332755;(_a4_ * (x * ((x * (x + _a6_)) + ((_a0_ + -(x)) * _a4_))));{'d0': {'_a0_': 0.15567930229084115, '_a4_': 3.3767608599007217, '_a6_': 4.000620276073105, '_a1_': 1.0, '_a2_': 1.0, '_a3_': 1.0, '_a5_': 1.0, '_a7_': 1.0}};{'d0': 0.024905832919416497};-280.569866449044;40.80496629124646
33974;-97.5674093700852;(((((pow2(((x + x) * _a2_)) + _a7_) + x) * x) + x) / _a3_);{'d0': {'_a2_': -0.6330334181346239, '_a3_': 0.47469314083022623, '_a7_': -0.1573554006378266, '_a0_': 1.0, '_a1_': 1.0, '_a4_': 1.0, '_a5_': 1.0, '_a6_': 1.0}};{'d0': 0.024905832919416747};-280.569866449043;42.71752385443623
33975;-97.5674093700852;(((((pow2(((x + x) * _a2_)) + _a7_) + x) * x) + x) / _a3_);{'d0': {'_a2_': -0.6330334181346239, '_a3_': 0.47469314083022623, '_a7_': -0.1573554006378266, '_a0_': 1.0, '_a1_': 1.0, '_a4_': 1.0, '_a5_': 1.0, '_a6_': 1.0}};{'d0': 0.024905832919416747};-280.569866449043;42.71752385443623
33976;-97.5674093700852;(((((pow2(((x + x) * _a2_)) + _a7_) + x) * x) + x) / _a3_);{'d0': {'_a2_': -0.6330334181346239, '_a3_': 0.47469314083022623, '_a7_': -0.1573554006378266, '_a0_': 1.0, '_a1_': 1.0, '_a4_': 1.0, '_a5_': 1.0, '_a6_': 1.0}};{'d0': 0.024905832919416747};-280.569866449043;42.71752385443623
33977;-97.5674093700852;(((((pow2(((x + x) * _a2_)) + _a7_) + x) * x) + x) / _a3_);{'d0': {'_a2_': -0.6330334181346239, '_a3_': 0.47469314083022623, '_a7_': -0.1573554006378266, '_a0_': 1.0, '_a1_': 1.0, '_a4_': 1.0, '_a5_': 1.0, '_a6_': 1.0}};{'d0': 0.024905832919416747};-280.569866449043;42.71752385443623
33978;-97.5674093700852;(((((pow2(((x + x) * _a2_)) + _a7_) + x) * x) + x) / _a3_);{'d0': {'_a2_': -0.6330334181346239, '_a3_': 0.47469314083022623, '_a7_': -0.1573554006378266, '_a0_': 1.0, '_a1_': 1.0, '_a4_': 1.0, '_a5_': 1.0, '_a6_': 1.0}};{'d0': 0.024905832919416747};-280.569866449043;42.71752385443623
33979;-97.5674093700852;(((((pow2(((x + x) * _a2_)) + _a7_) + x) * x) + x) / _a3_);{'d0': {'_a2_': -0.6330334181346239, '_a3_': 0.47469314083022623, '_a7_': -0.1573554006378266, '_a0_': 1.0, '_a1_': 1.0, '_a4_': 1.0, '_a5_': 1.0, '_a6_': 1.0}};{'d0': 0.024905832919416747};-280.569866449043;42.71752385443623
33980;-97.5674093700852;(((((pow2(((x + x) * _a2_)) + _a7_) + x) * x) + x) / _a3_);{'d0': {'_a2_': -0.6330334181346239, '_a3_': 0.47469314083022623, '_a7_': -0.1573554006378266, '_a0_': 1.0, '_a1_': 1.0, '_a4_': 1.0, '_a5_': 1.0, '_a6_': 1.0}};{'d0': 0.024905832919416747};-280.569866449043;42.71752385443623
33981;-97.5674093700852;(((((pow2(((x + x) * _a2_)) + _a7_) + x) * x) + x) / _a3_);{'d0': {'_a2_': -0.6330334181346239, '_a3_': 0.47469314083022623, '_a7_': -0.1573554006378266, '_a0_': 1.0, '_a1_': 1.0, '_a4_': 1.0, '_a5_': 1.0, '_a6_': 1.0}};{'d0': 0.024905832919416747};-280.569866449043;42.71752385443623
33982;-97.5674093700852;(((((pow2(((x + x) * _a2_)) + _a7_) + x) * x) + x) / _a3_);{'d0': {'_a2_': -0.6330334181346239, '_a3_': 0.47469314083022623, '_a7_': -0.1573554006378266, '_a0_': 1.0, '_a1_': 1.0, '_a4_': 1.0, '_a5_': 1.0, '_a6_': 1.0}};{'d0': 0.024905832919416747};-280.569866449043;42.71752385443623
33983;-97.5674093700852;(((((pow2(((x + x) * _a2_)) + _a7_) + x) * x) + x) / _a3_);{'d0': {'_a2_': -0.6330334181346239, '_a3_': 0.47469314083022623, '_a7_': -0.1573554006378266, '_a0_': 1.0, '_a1_': 1.0, '_a4_': 1.0, '_a5_': 1.0, '_a6_': 1.0}};{'d0': 0.024905832919416747};-280.569866449043;42.71752385443623
33984;-97.5674093700852;(((((pow2(((x + x) * _a2_)) + _a7_) + x) * x) + x) / _a3_);{'d0': {'_a2_': -0.6330334181346239, '_a3_': 0.47469314083022623, '_a7_': -0.1573554006378266, '_a0_': 1.0, '_a1_': 1.0, '_a4_': 1.0, '_a5_': 1.0, '_a6_': 1.0}};{'d0': 0.024905832919416747};-280.569866449043;42.71752385443623
33985;-97.5674093700852;(((((pow2(((x + x) * _a2_)) + _a7_) + x) * x) + x) / _a3_);{'d0': {'_a2_': -0.6330334181346239, '_a3_': 0.47469314083022623, '_a7_': -0.1573554006378266, '_a0_': 1.0, '_a1_': 1.0, '_a4_': 1.0, '_a5_': 1.0, '_a6_': 1.0}};{'d0': 0.024905832919416747};-280.569866449043;42.71752385443623
33986;-97.5674093700852;(((((pow2(((x + x) * _a2_)) + _a7_) + x) * x) + x) / _a3_);{'d0': {'_a2_': -0.6330334181346239, '_a3_': 0.47469314083022623, '_a7_': -0.1573554006378266, '_a0_': 1.0, '_a1_': 1.0, '_a4_': 1.0, '_a5_': 1.0, '_a6_': 1.0}};{'d0': 0.024905832919416747};-280.569866449043;42.71752385443623
33987;-97.5674093700852;(((((pow2(((x + x) * _a2_)) + _a7_) + x) * x) + x) / _a3_);{'d0': {'_a2_': -0.6330334181346239, '_a3_': 0.47469314083022623, '_a7_': -0.1573554006378266, '_a0_': 1.0, '_a1_': 1.0, '_a4_': 1.0, '_a5_': 1.0, '_a6_': 1.0}};{'d0': 0.024905832919416747};-280.569866449043;42.71752385443623
33988;-97.5674093700852;(((((pow2(((x + x) * _a2_)) + _a7_) + x) * x) + x) / _a3_);{'d0': {'_a2_': -0.6330334181346239, '_a3_': 0.47469314083022623, '_a7_': -0.1573554006378266, '_a0_': 1.0, '_a1_': 1.0, '_a4_': 1.0, '_a5_': 1.0, '_a6_': 1.0}};{'d0': 0.024905832919416747};-280.569866449043;42.71752385443623
33989;-103.488010419115;(((((pow2((x * _a2_)) + _a7_) + x) * x) + x) / _a3_);{'d0': {'_a2_': -1.2660668365070558, '_a3_': 0.4746931434241468, '_a7_': -0.1573553946389323, '_a0_': 1.0, '_a1_': 1.0, '_a4_': 1.0, '_a5_': 1.0, '_a6_': 1.0}};{'d0': 0.024905832919416573};-280.569866449044;36.79692280540623
33990;-103.488010419115;(((((pow2((x * _a2_)) + _a7_) + x) * x) + x) / _a3_);{'d0': {'_a2_': -1.2660668365070558, '_a3_': 0.4746931434241468, '_a7_': -0.1573553946389323, '_a0_': 1.0, '_a1_': 1.0, '_a4_': 1.0, '_a5_': 1.0, '_a6_': 1.0}};{'d0': 0.024905832919416573};-280.569866449044;36.79692280540623
33991;-103.488010419115;(((((pow2((x * _a2_)) + _a7_) + x) * x) + x) / _a3_);{'d0': {'_a2_': -1.2660668365070558, '_a3_': 0.4746931434241468, '_a7_': -0.1573553946389323, '_a0_': 1.0, '_a1_': 1.0, '_a4_': 1.0, '_a5_': 1.0, '_a6_': 1.0}};{'d0': 0.024905832919416573};-280.569866449044;36.79692280540623
33992;-103.488010419115;(((((pow2((x * _a2_)) + _a7_) + x) * x) + x) / _a3_);{'d0': {'_a2_': -1.2660668365070558, '_a3_': 0.4746931434241468, '_a7_': -0.1573553946389323, '_a0_': 1.0, '_a1_': 1.0, '_a4_': 1.0, '_a5_': 1.0, '_a6_': 1.0}};{'d0': 0.024905832919416573};-280.569866449044;36.79692280540623
33993;-103.488010419115;(((((pow2((x * _a2_)) + _a7_) + x) * x) + x) / _a3_);{'d0': {'_a2_': -1.2660668365070558, '_a3_': 0.4746931434241468, '_a7_': -0.1573553946389323, '_a0_': 1.0, '_a1_': 1.0, '_a4_': 1.0, '_a5_': 1.0, '_a6_': 1.0}};{'d0': 0.024905832919416573};-280.569866449044;36.79692280540623
33994;-103.488010419115;(((((pow2((x * _a2_)) + _a7_) + x) * x) + x) / _a3_);{'d0': {'_a2_': -1.2660668365070558, '_a3_': 0.4746931434241468, '_a7_': -0.1573553946389323, '_a0_': 1.0, '_a1_': 1.0, '_a4_': 1.0, '_a5_': 1.0, '_a6_': 1.0}};{'d0': 0.024905832919416573};-280.569866449044;36.79692280540623
33995;-103.488010419115;(((((pow2((x * _a2_)) + _a7_) + x) * x) + x) / _a3_);{'d0': {'_a2_': -1.2660668365070558, '_a3_': 0.4746931434241468, '_a7_': -0.1573553946389323, '_a0_': 1.0, '_a1_': 1.0, '_a4_': 1.0, '_a5_': 1.0, '_a6_': 1.0}};{'d0': 0.024905832919416573};-280.569866449044;36.79692280540623
33996;-103.488010419115;(((((pow2((x * _a2_)) + _a7_) + x) * x) + x) / _a3_);{'d0': {'_a2_': -1.2660668365070558, '_a3_': 0.4746931434241468, '_a7_': -0.1573553946389323, '_a0_': 1.0, '_a1_': 1.0, '_a4_': 1.0, '_a5_': 1.0, '_a6_': 1.0}};{'d0': 0.024905832919416573};-280.569866449044;36.79692280540623
33997;-103.488010419115;(((((pow2((x * _a2_)) + _a7_) + x) * x) + x) / _a3_);{'d0': {'_a2_': -1.2660668365070558, '_a3_': 0.4746931434241468, '_a7_': -0.1573553946389323, '_a0_': 1.0, '_a1_': 1.0, '_a4_': 1.0, '_a5_': 1.0, '_a6_': 1.0}};{'d0': 0.024905832919416573};-280.569866449044;36.79692280540623
33998;-103.488010419115;(((((pow2((x * _a2_)) + _a7_) + x) * x) + x) / _a3_);{'d0': {'_a2_': -1.2660668365070558, '_a3_': 0.4746931434241468, '_a7_': -0.1573553946389323, '_a0_': 1.0, '_a1_': 1.0, '_a4_': 1.0, '_a5_': 1.0, '_a6_': 1.0}};{'d0': 0.024905832919416573};-280.569866449044;36.79692280540623
33999;-103.488010419115;(((((pow2((x * _a2_)) + _a7_) + x) * x) + x) / _a3_);{'d0': {'_a2_': -1.2660668365070558, '_a3_': 0.4746931434241468, '_a7_': -0.1573553946389323, '_a0_': 1.0, '_a1_': 1.0, '_a4_': 1.0, '_a5_': 1.0, '_a6_': 1.0}};{'d0': 0.024905832919416573};-280.569866449044;36.79692280540623
34000;-103.488010419115;(((((pow2((x * _a2_)) + _a7_) + x) * x) + x) / _a3_);{'d0': {'_a2_': -1.2660668365070558, '_a3_': 0.4746931434241468, '_a7_': -0.1573553946389323, '_a0_': 1.0, '_a1_': 1.0, '_a4_': 1.0, '_a5_': 1.0, '_a6_': 1.0}};{'d0': 0.024905832919416573};-280.569866449044;36.79692280540623
34001;-103.488010419115;(((((pow2((x * _a2_)) + _a7_) + x) * x) + x) / _a3_);{'d0': {'_a2_': -1.2660668365070558, '_a3_': 0.4746931434241468, '_a7_': -0.1573553946389323, '_a0_': 1.0, '_a1_': 1.0, '_a4_': 1.0, '_a5_': 1.0, '_a6_': 1.0}};{'d0': 0.024905832919416573};-280.569866449044;36.79692280540623
34002;-103.488010419115;(((((pow2((x * _a2_)) + _a7_) + x) * x) + x) / _a3_);{'d0': {'_a2_': -1.2660668365070558, '_a3_': 0.4746931434241468, '_a7_': -0.1573553946389323, '_a0_': 1.0, '_a1_': 1.0, '_a4_': 1.0, '_a5_': 1.0, '_a6_': 1.0}};{'d0': 0.024905832919416573};-280.569866449044;36.79692280540623
34003;-103.488010419115;(((((pow2((x * _a2_)) + _a7_) + x) * x) + x) / _a3_);{'d0': {'_a2_': -1.2660668365070558, '_a3_': 0.4746931434241468, '_a7_': -0.1573553946389323, '_a0_': 1.0, '_a1_': 1.0, '_a4_': 1.0, '_a5_': 1.0, '_a6_': 1.0}};{'d0': 0.024905832919416573};-280.569866449044;36.79692280540623
34004;-103.488010419115;(((((pow2((x * _a2_)) + _a7_) + x) * x) + x) / _a3_);{'d0': {'_a2_': -1.2660668365070558, '_a3_': 0.4746931434241468, '_a7_': -0.1573553946389323, '_a0_': 1.0, '_a1_': 1.0, '_a4_': 1.0, '_a5_': 1.0, '_a6_': 1.0}};{'d0': 0.024905832919416573};-280.569866449044;36.79692280540623
34005;-103.488010419115;(((((pow2((x * _a2_)) + _a7_) + x) * x) + x) / _a3_);{'d0': {'_a2_': -1.2660668365070558, '_a3_': 0.4746931434241468, '_a7_': -0.1573553946389323, '_a0_': 1.0, '_a1_': 1.0, '_a4_': 1.0, '_a5_': 1.0, '_a6_': 1.0}};{'d0': 0.024905832919416573};-280.569866449044;36.79692280540623
34006;-103.488010419115;(((((pow2((x * _a2_)) + _a7_) + x) * x) + x) / _a3_);{'d0': {'_a2_': -1.2660668365070558, '_a3_': 0.4746931434241468, '_a7_': -0.1573553946389323, '_a0_': 1.0, '_a1_': 1.0, '_a4_': 1.0, '_a5_': 1.0, '_a6_': 1.0}};{'d0': 0.024905832919416573};-280.569866449044;36.79692280540623
34007;-103.488010419115;(((((pow2((x * _a2_)) + _a7_) + x) * x) + x) / _a3_);{'d0': {'_a2_': -1.2660668365070558, '_a3_': 0.4746931434241468, '_a7_': -0.1573553946389323, '_a0_': 1.0, '_a1_': 1.0, '_a4_': 1.0, '_a5_': 1.0, '_a6_': 1.0}};{'d0': 0.024905832919416573};-280.569866449044;36.79692280540623
34008;-103.488010419115;(((((pow2((x * _a2_)) + _a7_) + x) * x) + x) / _a3_);{'d0': {'_a2_': -1.2660668365070558, '_a3_': 0.4746931434241468, '_a7_': -0.1573553946389323, '_a0_': 1.0, '_a1_': 1.0, '_a4_': 1.0, '_a5_': 1.0, '_a6_': 1.0}};{'d0': 0.024905832919416573};-280.569866449044;36.79692280540623
34009;-103.488010419115;(((((pow2((x * _a2_)) + _a7_) + x) * x) + x) / _a3_);{'d0': {'_a2_': -1.2660668365070558, '_a3_': 0.4746931434241468, '_a7_': -0.1573553946389323, '_a0_': 1.0, '_a1_': 1.0, '_a4_': 1.0, '_a5_': 1.0, '_a6_': 1.0}};{'d0': 0.024905832919416573};-280.569866449044;36.79692280540623
34010;-103.488010419115;(((((pow2((x * _a2_)) + _a7_) + x) * x) + x) / _a3_);{'d0': {'_a2_': -1.2660668365070558, '_a3_': 0.4746931434241468, '_a7_': -0.1573553946389323, '_a0_': 1.0, '_a1_': 1.0, '_a4_': 1.0, '_a5_': 1.0, '_a6_': 1.0}};{'d0': 0.024905832919416573};-280.569866449044;36.79692280540623
34011;-103.488010419115;(((((pow2((x * _a2_)) + _a7_) + x) * x) + x) / _a3_);{'d0': {'_a2_': -1.2660668365070558, '_a3_': 0.4746931434241468, '_a7_': -0.1573553946389323, '_a0_': 1.0, '_a1_': 1.0, '_a4_': 1.0, '_a5_': 1.0, '_a6_': 1.0}};{'d0': 0.024905832919416573};-280.569866449044;36.79692280540623
34012;-103.488010419115;(((((pow2((x * _a2_)) + _a7_) + x) * x) + x) / _a3_);{'d0': {'_a2_': -1.2660668365070558, '_a3_': 0.4746931434241468, '_a7_': -0.1573553946389323, '_a0_': 1.0, '_a1_': 1.0, '_a4_': 1.0, '_a5_': 1.0, '_a6_': 1.0}};{'d0': 0.024905832919416573};-280.569866449044;36.79692280540623
34013;-103.488010419115;(((((pow2((x * _a2_)) + _a7_) + x) * x) + x) / _a3_);{'d0': {'_a2_': -1.2660668365070558, '_a3_': 0.4746931434241468, '_a7_': -0.1573553946389323, '_a0_': 1.0, '_a1_': 1.0, '_a4_': 1.0, '_a5_': 1.0, '_a6_': 1.0}};{'d0': 0.024905832919416573};-280.569866449044;36.79692280540623
34014;-103.488010419115;(((((pow2((x * _a2_)) + _a7_) + x) * x) + x) / _a3_);{'d0': {'_a2_': -1.2660668365070558, '_a3_': 0.4746931434241468, '_a7_': -0.1573553946389323, '_a0_': 1.0, '_a1_': 1.0, '_a4_': 1.0, '_a5_': 1.0, '_a6_': 1.0}};{'d0': 0.024905832919416573};-280.569866449044;36.79692280540623
34015;-103.488010419115;(((((pow2((x * _a2_)) + _a7_) + x) * x) + x) / _a3_);{'d0': {'_a2_': -1.2660668365070558, '_a3_': 0.4746931434241468, '_a7_': -0.1573553946389323, '_a0_': 1.0, '_a1_': 1.0, '_a4_': 1.0, '_a5_': 1.0, '_a6_': 1.0}};{'d0': 0.024905832919416573};-280.569866449044;36.79692280540623
34016;-103.488010419115;(((((pow2((x * _a2_)) + _a7_) + x) * x) + x) / _a3_);{'d0': {'_a2_': -1.2660668365070558, '_a3_': 0.4746931434241468, '_a7_': -0.1573553946389323, '_a0_': 1.0, '_a1_': 1.0, '_a4_': 1.0, '_a5_': 1.0, '_a6_': 1.0}};{'d0': 0.024905832919416573};-280.569866449044;36.79692280540623
34017;-103.488010419115;(((((pow2((x * _a2_)) + _a7_) + x) * x) + x) / _a3_);{'d0': {'_a2_': -1.2660668365070558, '_a3_': 0.4746931434241468, '_a7_': -0.1573553946389323, '_a0_': 1.0, '_a1_': 1.0, '_a4_': 1.0, '_a5_': 1.0, '_a6_': 1.0}};{'d0': 0.024905832919416573};-280.569866449044;36.79692280540623
34018;-103.488010419115;(((((pow2((x * _a2_)) + _a7_) + x) * x) + x) / _a3_);{'d0': {'_a2_': -1.2660668365070558, '_a3_': 0.4746931434241468, '_a7_': -0.1573553946389323, '_a0_': 1.0, '_a1_': 1.0, '_a4_': 1.0, '_a5_': 1.0, '_a6_': 1.0}};{'d0': 0.024905832919416573};-280.569866449044;36.79692280540623
34019;-103.488010419115;(((((pow2((x * _a2_)) + _a7_) + x) * x) + x) / _a3_);{'d0': {'_a2_': -1.2660668365070558, '_a3_': 0.4746931434241468, '_a7_': -0.1573553946389323, '_a0_': 1.0, '_a1_': 1.0, '_a4_': 1.0, '_a5_': 1.0, '_a6_': 1.0}};{'d0': 0.024905832919416573};-280.569866449044;36.79692280540623
34020;-103.488010419115;(((((pow2((x * _a2_)) + _a7_) + x) * x) + x) / _a3_);{'d0': {'_a2_': -1.2660668365070558, '_a3_': 0.4746931434241468, '_a7_': -0.1573553946389323, '_a0_': 1.0, '_a1_': 1.0, '_a4_': 1.0, '_a5_': 1.0, '_a6_': 1.0}};{'d0': 0.024905832919416573};-280.569866449044;36.79692280540623
34021;-103.488010419115;(((((pow2((x * _a2_)) + _a7_) + x) * x) + x) / _a3_);{'d0': {'_a2_': -1.2660668365070558, '_a3_': 0.4746931434241468, '_a7_': -0.1573553946389323, '_a0_': 1.0, '_a1_': 1.0, '_a4_': 1.0, '_a5_': 1.0, '_a6_': 1.0}};{'d0': 0.024905832919416573};-280.569866449044;36.79692280540623
34022;-103.488010419115;(((((pow2((x * _a2_)) + _a7_) + x) * x) + x) / _a3_);{'d0': {'_a2_': -1.2660668365070558, '_a3_': 0.4746931434241468, '_a7_': -0.1573553946389323, '_a0_': 1.0, '_a1_': 1.0, '_a4_': 1.0, '_a5_': 1.0, '_a6_': 1.0}};{'d0': 0.024905832919416573};-280.569866449044;36.79692280540623
34023;-103.488010419115;(((((pow2((x * _a2_)) + _a7_) + x) * x) + x) / _a3_);{'d0': {'_a2_': -1.2660668365070558, '_a3_': 0.4746931434241468, '_a7_': -0.1573553946389323, '_a0_': 1.0, '_a1_': 1.0, '_a4_': 1.0, '_a5_': 1.0, '_a6_': 1.0}};{'d0': 0.024905832919416573};-280.569866449044;36.79692280540623
34024;-103.488010419115;(((((pow2((x * _a2_)) + _a7_) + x) * x) + x) / _a3_);{'d0': {'_a2_': -1.2660668365070558, '_a3_': 0.4746931434241468, '_a7_': -0.1573553946389323, '_a0_': 1.0, '_a1_': 1.0, '_a4_': 1.0, '_a5_': 1.0, '_a6_': 1.0}};{'d0': 0.024905832919416573};-280.569866449044;36.79692280540623
34025;-103.488010419115;(((((pow2((x * _a2_)) + _a7_) + x) * x) + x) / _a3_);{'d0': {'_a2_': -1.2660668365070558, '_a3_': 0.4746931434241468, '_a7_': -0.1573553946389323, '_a0_': 1.0, '_a1_': 1.0, '_a4_': 1.0, '_a5_': 1.0, '_a6_': 1.0}};{'d0': 0.024905832919416573};-280.569866449044;36.79692280540623
34026;-103.488010419115;(((((pow2((x * _a2_)) + _a0_) + x) * x) + x) / _a3_);{'d0': {'_a0_': -0.15735539541047996, '_a2_': -1.2660668365492806, '_a3_': 0.474693143144787, '_a1_': 1.0, '_a4_': 1.0, '_a5_': 1.0, '_a6_': 1.0, '_a7_': 1.0}};{'d0': 0.024905832919416695};-280.569866449043;36.79692280540623
34027;-103.488010419115;(((((pow2((x * _a2_)) + _a0_) + x) * x) + x) / _a3_);{'d0': {'_a0_': -0.15735539541047996, '_a2_': -1.2660668365492806, '_a3_': 0.474693143144787, '_a1_': 1.0, '_a4_': 1.0, '_a5_': 1.0, '_a6_': 1.0, '_a7_': 1.0}};{'d0': 0.024905832919416695};-280.569866449043;36.79692280540623
34028;-103.488010419115;(((((pow2((x * _a2_)) + _a0_) + x) * x) + x) / _a3_);{'d0': {'_a0_': -0.15735539541047996, '_a2_': -1.2660668365492806, '_a3_': 0.474693143144787, '_a1_': 1.0, '_a4_': 1.0, '_a5_': 1.0, '_a6_': 1.0, '_a7_': 1.0}};{'d0': 0.024905832919416695};-280.569866449043;36.79692280540623
34029;-103.488010419115;(((((pow2((x * _a2_)) + _a0_) + x) * x) + x) / _a3_);{'d0': {'_a0_': -0.15735539541047996, '_a2_': -1.2660668365492806, '_a3_': 0.474693143144787, '_a1_': 1.0, '_a4_': 1.0, '_a5_': 1.0, '_a6_': 1.0, '_a7_': 1.0}};{'d0': 0.024905832919416695};-280.569866449043;36.79692280540623
34030;-103.488010419115;(((((pow2((x * _a2_)) + _a0_) + x) * x) + x) / _a3_);{'d0': {'_a0_': -0.15735539541047996, '_a2_': -1.2660668365492806, '_a3_': 0.474693143144787, '_a1_': 1.0, '_a4_': 1.0, '_a5_': 1.0, '_a6_': 1.0, '_a7_': 1.0}};{'d0': 0.024905832919416695};-280.569866449043;36.79692280540623
34031;-103.488010419115;(((((pow2((x * _a2_)) + _a0_) + x) * x) + x) / _a3_);{'d0': {'_a0_': -0.15735539541047996, '_a2_': -1.2660668365492806, '_a3_': 0.474693143144787, '_a1_': 1.0, '_a4_': 1.0, '_a5_': 1.0, '_a6_': 1.0, '_a7_': 1.0}};{'d0': 0.024905832919416695};-280.569866449043;36.79692280540623
34032;-103.488010419115;(((((pow2((x * _a2_)) + _a0_) + x) * x) + x) / _a3_);{'d0': {'_a0_': -0.15735539541047996, '_a2_': -1.2660668365492806, '_a3_': 0.474693143144787, '_a1_': 1.0, '_a4_': 1.0, '_a5_': 1.0, '_a6_': 1.0, '_a7_': 1.0}};{'d0': 0.024905832919416695};-280.569866449043;36.79692280540623
34033;-103.488010419115;(((((pow2((x * _a2_)) + _a0_) + x) * x) + x) / _a3_);{'d0': {'_a0_': -0.15735539541047996, '_a2_': -1.2660668365492806, '_a3_': 0.474693143144787, '_a1_': 1.0, '_a4_': 1.0, '_a5_': 1.0, '_a6_': 1.0, '_a7_': 1.0}};{'d0': 0.024905832919416695};-280.569866449043;36.79692280540623
34034;-103.488010419115;(((((pow2((x * _a2_)) + _a0_) + x) * x) + x) / _a3_);{'d0': {'_a0_': -0.15735539541047996, '_a2_': -1.2660668365492806, '_a3_': 0.474693143144787, '_a1_': 1.0, '_a4_': 1.0, '_a5_': 1.0, '_a6_': 1.0, '_a7_': 1.0}};{'d0': 0.024905832919416695};-280.569866449043;36.79692280540623
34035;-103.488010419115;(((((pow2((x * _a2_)) + _a0_) + x) * x) + x) / _a3_);{'d0': {'_a0_': -0.15735539541047996, '_a2_': -1.2660668365492806, '_a3_': 0.474693143144787, '_a1_': 1.0, '_a4_': 1.0, '_a5_': 1.0, '_a6_': 1.0, '_a7_': 1.0}};{'d0': 0.024905832919416695};-280.569866449043;36.79692280540623
34036;-103.488010419115;(((((pow2((x * _a2_)) + _a0_) + x) * x) + x) / _a3_);{'d0': {'_a0_': -0.15735539541047996, '_a2_': -1.2660668365492806, '_a3_': 0.474693143144787, '_a1_': 1.0, '_a4_': 1.0, '_a5_': 1.0, '_a6_': 1.0, '_a7_': 1.0}};{'d0': 0.024905832919416695};-280.569866449043;36.79692280540623
34037;-103.488010419115;(((((pow2((x * _a2_)) + _a0_) + x) * x) + x) / _a3_);{'d0': {'_a0_': -0.15735539541047996, '_a2_': -1.2660668365492806, '_a3_': 0.474693143144787, '_a1_': 1.0, '_a4_': 1.0, '_a5_': 1.0, '_a6_': 1.0, '_a7_': 1.0}};{'d0': 0.024905832919416695};-280.569866449043;36.79692280540623
34038;-103.488010419115;(((((pow2((x * _a2_)) + _a0_) + x) * x) + x) / _a3_);{'d0': {'_a0_': -0.15735539541047996, '_a2_': -1.2660668365492806, '_a3_': 0.474693143144787, '_a1_': 1.0, '_a4_': 1.0, '_a5_': 1.0, '_a6_': 1.0, '_a7_': 1.0}};{'d0': 0.024905832919416695};-280.569866449043;36.79692280540623
34039;-103.488010419115;(((((pow2((x * _a2_)) + _a0_) + x) * x) + x) / _a3_);{'d0': {'_a0_': -0.15735539541047996, '_a2_': -1.2660668365492806, '_a3_': 0.474693143144787, '_a1_': 1.0, '_a4_': 1.0, '_a5_': 1.0, '_a6_': 1.0, '_a7_': 1.0}};{'d0': 0.024905832919416695};-280.569866449043;36.79692280540623
34040;-103.488010419115;(((((pow2((x * _a2_)) + _a0_) + x) * x) + x) / _a3_);{'d0': {'_a0_': -0.15735539541047996, '_a2_': -1.2660668365492806, '_a3_': 0.474693143144787, '_a1_': 1.0, '_a4_': 1.0, '_a5_': 1.0, '_a6_': 1.0, '_a7_': 1.0}};{'d0': 0.024905832919416695};-280.569866449043;36.79692280540623
34041;-103.488010419115;(((((pow2((x * _a2_)) + _a0_) + x) * x) + x) / _a3_);{'d0': {'_a0_': -0.15735539541047996, '_a2_': -1.2660668365492806, '_a3_': 0.474693143144787, '_a1_': 1.0, '_a4_': 1.0, '_a5_': 1.0, '_a6_': 1.0, '_a7_': 1.0}};{'d0': 0.024905832919416695};-280.569866449043;36.79692280540623
34042;-103.488010419115;(((((pow2((x * _a2_)) + _a0_) + x) * x) + x) / _a3_);{'d0': {'_a0_': -0.15735539541047996, '_a2_': -1.2660668365492806, '_a3_': 0.474693143144787, '_a1_': 1.0, '_a4_': 1.0, '_a5_': 1.0, '_a6_': 1.0, '_a7_': 1.0}};{'d0': 0.024905832919416695};-280.569866449043;36.79692280540623
34043;-103.488010419115;(((((pow2((x * _a2_)) + _a0_) + x) * x) + x) / _a3_);{'d0': {'_a0_': -0.15735539541047996, '_a2_': -1.2660668365492806, '_a3_': 0.474693143144787, '_a1_': 1.0, '_a4_': 1.0, '_a5_': 1.0, '_a6_': 1.0, '_a7_': 1.0}};{'d0': 0.024905832919416695};-280.569866449043;36.79692280540623
34044;-103.488010419115;(((((pow2((x * _a2_)) + _a0_) + x) * x) + x) / _a3_);{'d0': {'_a0_': -0.15735539541047996, '_a2_': -1.2660668365492806, '_a3_': 0.474693143144787, '_a1_': 1.0, '_a4_': 1.0, '_a5_': 1.0, '_a6_': 1.0, '_a7_': 1.0}};{'d0': 0.024905832919416695};-280.569866449043;36.79692280540623
34045;-103.488010419115;(((((pow2((x * _a2_)) + _a0_) + x) * x) + x) / _a3_);{'d0': {'_a0_': -0.15735539541047996, '_a2_': -1.2660668365492806, '_a3_': 0.474693143144787, '_a1_': 1.0, '_a4_': 1.0, '_a5_': 1.0, '_a6_': 1.0, '_a7_': 1.0}};{'d0': 0.024905832919416695};-280.569866449043;36.79692280540623
34046;-103.488010419115;(((((pow2((x * _a2_)) + _a0_) + x) * x) + x) / _a3_);{'d0': {'_a0_': -0.15735539541047996, '_a2_': -1.2660668365492806, '_a3_': 0.474693143144787, '_a1_': 1.0, '_a4_': 1.0, '_a5_': 1.0, '_a6_': 1.0, '_a7_': 1.0}};{'d0': 0.024905832919416695};-280.569866449043;36.79692280540623
34047;-103.488010419115;(((((pow2((x * _a2_)) + _a0_) + x) * x) + x) / _a3_);{'d0': {'_a0_': -0.15735539541047996, '_a2_': -1.2660668365492806, '_a3_': 0.474693143144787, '_a1_': 1.0, '_a4_': 1.0, '_a5_': 1.0, '_a6_': 1.0, '_a7_': 1.0}};{'d0': 0.024905832919416695};-280.569866449043;36.79692280540623
34048;-103.488010419115;(((((pow2((x * _a2_)) + _a0_) + x) * x) + x) / _a3_);{'d0': {'_a0_': -0.15735539541047996, '_a2_': -1.2660668365492806, '_a3_': 0.474693143144787, '_a1_': 1.0, '_a4_': 1.0, '_a5_': 1.0, '_a6_': 1.0, '_a7_': 1.0}};{'d0': 0.024905832919416695};-280.569866449043;36.79692280540623
34049;-103.488010419115;(((((pow2((x * _a2_)) + _a0_) + x) * x) + x) / _a3_);{'d0': {'_a0_': -0.15735539541047996, '_a2_': -1.2660668365492806, '_a3_': 0.474693143144787, '_a1_': 1.0, '_a4_': 1.0, '_a5_': 1.0, '_a6_': 1.0, '_a7_': 1.0}};{'d0': 0.024905832919416695};-280.569866449043;36.79692280540623
34050;-103.488010419115;(((((pow2((x * _a2_)) + _a0_) + x) * x) + x) / _a3_);{'d0': {'_a0_': -0.15735539541047996, '_a2_': -1.2660668365492806, '_a3_': 0.474693143144787, '_a1_': 1.0, '_a4_': 1.0, '_a5_': 1.0, '_a6_': 1.0, '_a7_': 1.0}};{'d0': 0.024905832919416695};-280.569866449043;36.79692280540623
34051;-103.488010419115;(((((pow2((x * _a2_)) + _a0_) + x) * x) + x) / _a3_);{'d0': {'_a0_': -0.15735539541047996, '_a2_': -1.2660668365492806, '_a3_': 0.474693143144787, '_a1_': 1.0, '_a4_': 1.0, '_a5_': 1.0, '_a6_': 1.0, '_a7_': 1.0}};{'d0': 0.024905832919416695};-280.569866449043;36.79692280540623
34052;-103.488010419115;(((((pow2((x * _a2_)) + _a0_) + x) * x) + x) / _a3_);{'d0': {'_a0_': -0.15735539541047996, '_a2_': -1.2660668365492806, '_a3_': 0.474693143144787, '_a1_': 1.0, '_a4_': 1.0, '_a5_': 1.0, '_a6_': 1.0, '_a7_': 1.0}};{'d0': 0.024905832919416695};-280.569866449043;36.79692280540623
34053;-103.488010419115;(((((pow2((x * _a2_)) + _a0_) + x) * x) + x) / _a3_);{'d0': {'_a0_': -0.15735539541047996, '_a2_': -1.2660668365492806, '_a3_': 0.474693143144787, '_a1_': 1.0, '_a4_': 1.0, '_a5_': 1.0, '_a6_': 1.0, '_a7_': 1.0}};{'d0': 0.024905832919416695};-280.569866449043;36.79692280540623
34054;-103.488010419115;(((((pow2((x * _a2_)) + _a0_) + x) * x) + x) / _a3_);{'d0': {'_a0_': -0.15735539541047996, '_a2_': -1.2660668365492806, '_a3_': 0.474693143144787, '_a1_': 1.0, '_a4_': 1.0, '_a5_': 1.0, '_a6_': 1.0, '_a7_': 1.0}};{'d0': 0.024905832919416695};-280.569866449043;36.79692280540623
34055;-103.488010419115;(((((pow2((x * _a2_)) + _a0_) + x) * x) + x) / _a3_);{'d0': {'_a0_': -0.15735539541047996, '_a2_': -1.2660668365492806, '_a3_': 0.474693143144787, '_a1_': 1.0, '_a4_': 1.0, '_a5_': 1.0, '_a6_': 1.0, '_a7_': 1.0}};{'d0': 0.024905832919416695};-280.569866449043;36.79692280540623
34056;-103.488010419115;(((((pow2((x * _a2_)) + _a0_) + x) * x) + x) / _a3_);{'d0': {'_a0_': -0.15735539541047996, '_a2_': -1.2660668365492806, '_a3_': 0.474693143144787, '_a1_': 1.0, '_a4_': 1.0, '_a5_': 1.0, '_a6_': 1.0, '_a7_': 1.0}};{'d0': 0.024905832919416695};-280.569866449043;36.79692280540623
34057;-103.488010419115;(((((pow2((x * _a2_)) + _a0_) + x) * x) + x) / _a3_);{'d0': {'_a0_': -0.15735539541047996, '_a2_': -1.2660668365492806, '_a3_': 0.474693143144787, '_a1_': 1.0, '_a4_': 1.0, '_a5_': 1.0, '_a6_': 1.0, '_a7_': 1.0}};{'d0': 0.024905832919416695};-280.569866449043;36.79692280540623
34058;-103.488010419115;(((((pow2((x * _a2_)) + _a0_) + x) * x) + x) / _a3_);{'d0': {'_a0_': -0.15735539541047996, '_a2_': -1.2660668365492806, '_a3_': 0.474693143144787, '_a1_': 1.0, '_a4_': 1.0, '_a5_': 1.0, '_a6_': 1.0, '_a7_': 1.0}};{'d0': 0.024905832919416695};-280.569866449043;36.79692280540623
34059;-103.488010419115;(((((pow2((x * _a2_)) + _a0_) + x) * x) + x) / _a3_);{'d0': {'_a0_': -0.15735539541047996, '_a2_': -1.2660668365492806, '_a3_': 0.474693143144787, '_a1_': 1.0, '_a4_': 1.0, '_a5_': 1.0, '_a6_': 1.0, '_a7_': 1.0}};{'d0': 0.024905832919416695};-280.569866449043;36.79692280540623
34060;-103.488010419115;(((((pow2((x * _a2_)) + _a0_) + x) * x) + x) / _a3_);{'d0': {'_a0_': -0.15735539541047996, '_a2_': -1.2660668365492806, '_a3_': 0.474693143144787, '_a1_': 1.0, '_a4_': 1.0, '_a5_': 1.0, '_a6_': 1.0, '_a7_': 1.0}};{'d0': 0.024905832919416695};-280.569866449043;36.79692280540623
34061;-103.488010419115;(((((pow2((x * _a2_)) + _a0_) + x) * x) + x) / _a3_);{'d0': {'_a0_': -0.15735539541047996, '_a2_': -1.2660668365492806, '_a3_': 0.474693143144787, '_a1_': 1.0, '_a4_': 1.0, '_a5_': 1.0, '_a6_': 1.0, '_a7_': 1.0}};{'d0': 0.024905832919416695};-280.569866449043;36.79692280540623
34062;-97.5674093700853;((((((pow2((x * _a2_)) + _a0_) + x) * x) + x) / _a3_) + x);{'d0': {'_a0_': -0.6320485387710351, '_a2_': -1.2660668364449659, '_a3_': 0.474693142870175, '_a1_': 1.0, '_a4_': 1.0, '_a5_': 1.0, '_a6_': 1.0, '_a7_': 1.0}};{'d0': 0.024905832919416632};-280.569866449044;42.71752385443623
34063;-97.5674093700853;((((((pow2((x * _a2_)) + _a0_) + x) * x) + x) / _a3_) + x);{'d0': {'_a0_': -0.6320485387710351, '_a2_': -1.2660668364449659, '_a3_': 0.474693142870175, '_a1_': 1.0, '_a4_': 1.0, '_a5_': 1.0, '_a6_': 1.0, '_a7_': 1.0}};{'d0': 0.024905832919416632};-280.569866449044;42.71752385443623
34064;-97.5674093700853;((((((pow2((x * _a2_)) + _a0_) + x) * x) + x) / _a3_) + x);{'d0': {'_a0_': -0.6320485387710351, '_a2_': -1.2660668364449659, '_a3_': 0.474693142870175, '_a1_': 1.0, '_a4_': 1.0, '_a5_': 1.0, '_a6_': 1.0, '_a7_': 1.0}};{'d0': 0.024905832919416632};-280.569866449044;42.71752385443623
34065;-97.5674093700853;((((((pow2((x * _a2_)) + _a0_) + x) * x) + x) / _a3_) + x);{'d0': {'_a0_': -0.6320485387710351, '_a2_': -1.2660668364449659, '_a3_': 0.474693142870175, '_a1_': 1.0, '_a4_': 1.0, '_a5_': 1.0, '_a6_': 1.0, '_a7_': 1.0}};{'d0': 0.024905832919416632};-280.569866449044;42.71752385443623
34066;-97.5674093700853;((((((pow2((x * _a2_)) + _a0_) + x) * x) + x) / _a3_) + x);{'d0': {'_a0_': -0.6320485387710351, '_a2_': -1.2660668364449659, '_a3_': 0.474693142870175, '_a1_': 1.0, '_a4_': 1.0, '_a5_': 1.0, '_a6_': 1.0, '_a7_': 1.0}};{'d0': 0.024905832919416632};-280.569866449044;42.71752385443623
34067;-97.5674093700853;((((((pow2((x * _a2_)) + _a0_) + x) * x) + x) / _a3_) + x);{'d0': {'_a0_': -0.6320485387710351, '_a2_': -1.2660668364449659, '_a3_': 0.474693142870175, '_a1_': 1.0, '_a4_': 1.0, '_a5_': 1.0, '_a6_': 1.0, '_a7_': 1.0}};{'d0': 0.024905832919416632};-280.569866449044;42.71752385443623
34068;-97.5674093700853;((((((pow2((x * _a2_)) + _a0_) + x) * x) + x) / _a3_) + x);{'d0': {'_a0_': -0.6320485387710351, '_a2_': -1.2660668364449659, '_a3_': 0.474693142870175, '_a1_': 1.0, '_a4_': 1.0, '_a5_': 1.0, '_a6_': 1.0, '_a7_': 1.0}};{'d0': 0.024905832919416632};-280.569866449044;42.71752385443623
34069;-97.5674093700853;((((((pow2((x * _a2_)) + _a0_) + x) * x) + x) / _a3_) + x);{'d0': {'_a0_': -0.6320485387710351, '_a2_': -1.2660668364449659, '_a3_': 0.474693142870175, '_a1_': 1.0, '_a4_': 1.0, '_a5_': 1.0, '_a6_': 1.0, '_a7_': 1.0}};{'d0': 0.024905832919416632};-280.569866449044;42.71752385443623
34070;-97.5674093700853;((((((pow2((x * _a2_)) + _a0_) + x) * x) + x) / _a3_) + x);{'d0': {'_a0_': -0.6320485387710351, '_a2_': -1.2660668364449659, '_a3_': 0.474693142870175, '_a1_': 1.0, '_a4_': 1.0, '_a5_': 1.0, '_a6_': 1.0, '_a7_': 1.0}};{'d0': 0.024905832919416632};-280.569866449044;42.71752385443623
34071;-97.5674093700853;((((((pow2((x * _a2_)) + _a0_) + x) * x) + x) / _a3_) + x);{'d0': {'_a0_': -0.6320485387710351, '_a2_': -1.2660668364449659, '_a3_': 0.474693142870175, '_a1_': 1.0, '_a4_': 1.0, '_a5_': 1.0, '_a6_': 1.0, '_a7_': 1.0}};{'d0': 0.024905832919416632};-280.569866449044;42.71752385443623
34072;-97.5674093700853;((((((pow2((x * _a2_)) + _a0_) + x) * x) + x) / _a3_) + x);{'d0': {'_a0_': -0.6320485387710351, '_a2_': -1.2660668364449659, '_a3_': 0.474693142870175, '_a1_': 1.0, '_a4_': 1.0, '_a5_': 1.0, '_a6_': 1.0, '_a7_': 1.0}};{'d0': 0.024905832919416632};-280.569866449044;42.71752385443623
34073;-97.5674093700853;((((((pow2((x * _a2_)) + _a0_) + x) * x) + x) / _a3_) + x);{'d0': {'_a0_': -0.6320485387710351, '_a2_': -1.2660668364449659, '_a3_': 0.474693142870175, '_a1_': 1.0, '_a4_': 1.0, '_a5_': 1.0, '_a6_': 1.0, '_a7_': 1.0}};{'d0': 0.024905832919416632};-280.569866449044;42.71752385443623
34074;-97.5674093700853;((((((pow2((x * _a2_)) + _a0_) + x) * x) + x) / _a3_) + x);{'d0': {'_a0_': -0.6320485387710351, '_a2_': -1.2660668364449659, '_a3_': 0.474693142870175, '_a1_': 1.0, '_a4_': 1.0, '_a5_': 1.0, '_a6_': 1.0, '_a7_': 1.0}};{'d0': 0.024905832919416632};-280.569866449044;42.71752385443623
34075;-97.5674093700853;((((((pow2((x * _a2_)) + _a0_) + x) * x) + x) / _a3_) + x);{'d0': {'_a0_': -0.6320485387710351, '_a2_': -1.2660668364449659, '_a3_': 0.474693142870175, '_a1_': 1.0, '_a4_': 1.0, '_a5_': 1.0, '_a6_': 1.0, '_a7_': 1.0}};{'d0': 0.024905832919416632};-280.569866449044;42.71752385443623
34076;-97.5674093700853;((((((pow2((x * _a2_)) + _a0_) + x) * x) + x) / _a3_) + x);{'d0': {'_a0_': -0.6320485387710351, '_a2_': -1.2660668364449659, '_a3_': 0.474693142870175, '_a1_': 1.0, '_a4_': 1.0, '_a5_': 1.0, '_a6_': 1.0, '_a7_': 1.0}};{'d0': 0.024905832919416632};-280.569866449044;42.71752385443623
34077;-97.5674093700853;((((((pow2((x * _a2_)) + _a0_) + x) * x) + x) / _a3_) + x);{'d0': {'_a0_': -0.6320485387710351, '_a2_': -1.2660668364449659, '_a3_': 0.474693142870175, '_a1_': 1.0, '_a4_': 1.0, '_a5_': 1.0, '_a6_': 1.0, '_a7_': 1.0}};{'d0': 0.024905832919416632};-280.569866449044;42.71752385443623
34078;-97.5674093700853;((((((pow2((x * _a2_)) + _a0_) + x) * x) + x) / _a3_) + x);{'d0': {'_a0_': -0.6320485387710351, '_a2_': -1.2660668364449659, '_a3_': 0.474693142870175, '_a1_': 1.0, '_a4_': 1.0, '_a5_': 1.0, '_a6_': 1.0, '_a7_': 1.0}};{'d0': 0.024905832919416632};-280.569866449044;42.71752385443623
34079;-97.5674093700854;((((((pow2((x * _a2_)) + _a7_) + x) * x) + x) / _a3_) + x);{'d0': {'_a2_': -1.2660668365457377, '_a3_': 0.4746931428760535, '_a7_': -0.6320485389271657, '_a0_': 1.0, '_a1_': 1.0, '_a4_': 1.0, '_a5_': 1.0, '_a6_': 1.0}};{'d0': 0.02490583291941659};-280.569866449044;42.71752385443623
34080;-97.5674093700854;((((((pow2((x * _a2_)) + _a7_) + x) * x) + x) / _a3_) + x);{'d0': {'_a2_': -1.2660668365457377, '_a3_': 0.4746931428760535, '_a7_': -0.6320485389271657, '_a0_': 1.0, '_a1_': 1.0, '_a4_': 1.0, '_a5_': 1.0, '_a6_': 1.0}};{'d0': 0.02490583291941659};-280.569866449044;42.71752385443623
34081;-97.5674093700854;((((((pow2((x * _a2_)) + _a7_) + x) * x) + x) / _a3_) + x);{'d0': {'_a2_': -1.2660668365457377, '_a3_': 0.4746931428760535, '_a7_': -0.6320485389271657, '_a0_': 1.0, '_a1_': 1.0, '_a4_': 1.0, '_a5_': 1.0, '_a6_': 1.0}};{'d0': 0.02490583291941659};-280.569866449044;42.71752385443623
34082;-94.4582697214964;(_a4_ * (x * ((x * ((x * _a6_) + _a6_)) + ((_a0_ + -(x)) * _a4_))));{'d0': {'_a0_': 1.397593858080756, '_a4_': 1.1270034651788183, '_a6_': 2.996229367474357, '_a1_': 1.0, '_a2_': 1.0, '_a3_': 1.0, '_a5_': 1.0, '_a7_': 1.0}};{'d0': 0.0249058329194166};-280.569866449044;45.82666350302546
34083;-94.4582697214964;(_a4_ * (x * ((x * ((x * _a6_) + _a6_)) + ((_a0_ + -(x)) * _a4_))));{'d0': {'_a0_': 1.397593858080756, '_a4_': 1.1270034651788183, '_a6_': 2.996229367474357, '_a1_': 1.0, '_a2_': 1.0, '_a3_': 1.0, '_a5_': 1.0, '_a7_': 1.0}};{'d0': 0.0249058329194166};-280.569866449044;45.82666350302546
34084;-94.4582697214964;(_a4_ * (x * ((x * ((x * _a6_) + _a6_)) + ((_a0_ + -(x)) * _a4_))));{'d0': {'_a0_': 1.397593858080756, '_a4_': 1.1270034651788183, '_a6_': 2.996229367474357, '_a1_': 1.0, '_a2_': 1.0, '_a3_': 1.0, '_a5_': 1.0, '_a7_': 1.0}};{'d0': 0.0249058329194166};-280.569866449044;45.82666350302546
34085;-94.4582697214964;(_a4_ * (x * ((x * ((x * _a6_) + _a6_)) + ((_a0_ + -(x)) * _a4_))));{'d0': {'_a0_': 1.397593858080756, '_a4_': 1.1270034651788183, '_a6_': 2.996229367474357, '_a1_': 1.0, '_a2_': 1.0, '_a3_': 1.0, '_a5_': 1.0, '_a7_': 1.0}};{'d0': 0.0249058329194166};-280.569866449044;45.82666350302546
34086;-94.4582697214964;(_a4_ * (x * ((x * ((x * _a6_) + _a6_)) + ((_a0_ + -(x)) * _a4_))));{'d0': {'_a0_': 1.397593858080756, '_a4_': 1.1270034651788183, '_a6_': 2.996229367474357, '_a1_': 1.0, '_a2_': 1.0, '_a3_': 1.0, '_a5_': 1.0, '_a7_': 1.0}};{'d0': 0.0249058329194166};-280.569866449044;45.82666350302546
34087;-94.4582697214964;(_a4_ * (x * ((x * ((x * _a6_) + _a6_)) + ((_a0_ + -(x)) * _a4_))));{'d0': {'_a0_': 1.397593858080756, '_a4_': 1.1270034651788183, '_a6_': 2.996229367474357, '_a1_': 1.0, '_a2_': 1.0, '_a3_': 1.0, '_a5_': 1.0, '_a7_': 1.0}};{'d0': 0.0249058329194166};-280.569866449044;45.82666350302546
34088;-94.4582697214964;(_a4_ * (x * ((x * ((x * _a6_) + _a6_)) + ((_a0_ + -(x)) * _a4_))));{'d0': {'_a0_': 1.397593858080756, '_a4_': 1.1270034651788183, '_a6_': 2.996229367474357, '_a1_': 1.0, '_a2_': 1.0, '_a3_': 1.0, '_a5_': 1.0, '_a7_': 1.0}};{'d0': 0.0249058329194166};-280.569866449044;45.82666350302546
34089;-97.5674093700854;((((((pow2((x * _a2_)) + _a7_) + x) * x) + x) / _a3_) + x);{'d0': {'_a2_': -1.2660668365457377, '_a3_': 0.4746931428760535, '_a7_': -0.6320485389271657, '_a0_': 1.0, '_a1_': 1.0, '_a4_': 1.0, '_a5_': 1.0, '_a6_': 1.0}};{'d0': 0.02490583291941659};-280.569866449044;42.71752385443623
34090;-97.5674093700854;((((((pow2((x * _a2_)) + _a7_) + x) * x) + x) / _a3_) + x);{'d0': {'_a2_': -1.2660668365457377, '_a3_': 0.4746931428760535, '_a7_': -0.6320485389271657, '_a0_': 1.0, '_a1_': 1.0, '_a4_': 1.0, '_a5_': 1.0, '_a6_': 1.0}};{'d0': 0.02490583291941659};-280.569866449044;42.71752385443623
34091;-97.5674093700854;((((((pow2((x * _a2_)) + _a7_) + x) * x) + x) / _a3_) + x);{'d0': {'_a2_': -1.2660668365457377, '_a3_': 0.4746931428760535, '_a7_': -0.6320485389271657, '_a0_': 1.0, '_a1_': 1.0, '_a4_': 1.0, '_a5_': 1.0, '_a6_': 1.0}};{'d0': 0.02490583291941659};-280.569866449044;42.71752385443623
34092;-97.5674093700854;((((((pow2((x * _a2_)) + _a7_) + x) * x) + x) / _a3_) + x);{'d0': {'_a2_': -1.2660668365457377, '_a3_': 0.4746931428760535, '_a7_': -0.6320485389271657, '_a0_': 1.0, '_a1_': 1.0, '_a4_': 1.0, '_a5_': 1.0, '_a6_': 1.0}};{'d0': 0.02490583291941659};-280.569866449044;42.71752385443623
34093;-90.9038610239853;((((((pow2((x * (_a0_ ** _a0_))) + _a7_) + x) * x) + x) / _a3_) + x);{'d0': {'_a0_': 1.2144148717508874, '_a3_': 0.47469314273266167, '_a7_': -0.6320485389264217, '_a1_': 1.0, '_a2_': 1.0, '_a4_': 1.0, '_a5_': 1.0, '_a6_': 1.0}};{'d0': 0.02490583291941664};-280.569866449044;49.38107220053623
34094;-90.9038610239853;((((((pow2((x * (_a0_ ** _a0_))) + _a7_) + x) * x) + x) / _a3_) + x);{'d0': {'_a0_': 1.2144148717508874, '_a3_': 0.47469314273266167, '_a7_': -0.6320485389264217, '_a1_': 1.0, '_a2_': 1.0, '_a4_': 1.0, '_a5_': 1.0, '_a6_': 1.0}};{'d0': 0.02490583291941664};-280.569866449044;49.38107220053623
34095;-90.9038610239853;((((((pow2((x * (_a0_ ** _a0_))) + _a7_) + x) * x) + x) / _a3_) + x);{'d0': {'_a0_': 1.2144148717508874, '_a3_': 0.47469314273266167, '_a7_': -0.6320485389264217, '_a1_': 1.0, '_a2_': 1.0, '_a4_': 1.0, '_a5_': 1.0, '_a6_': 1.0}};{'d0': 0.02490583291941664};-280.569866449044;49.38107220053623
34096;-90.9038610239853;((((((pow2((x * (_a0_ ** _a0_))) + _a7_) + x) * x) + x) / _a3_) + x);{'d0': {'_a0_': 1.2144148717508874, '_a3_': 0.47469314273266167, '_a7_': -0.6320485389264217, '_a1_': 1.0, '_a2_': 1.0, '_a4_': 1.0, '_a5_': 1.0, '_a6_': 1.0}};{'d0': 0.02490583291941664};-280.569866449044;49.38107220053623
34097;-90.9038610239853;((((((pow2((x * (_a0_ ** _a0_))) + _a7_) + x) * x) + x) / _a3_) + x);{'d0': {'_a0_': 1.2144148717508874, '_a3_': 0.47469314273266167, '_a7_': -0.6320485389264217, '_a1_': 1.0, '_a2_': 1.0, '_a4_': 1.0, '_a5_': 1.0, '_a6_': 1.0}};{'d0': 0.02490583291941664};-280.569866449044;49.38107220053623
34098;-90.9038610239853;((((((pow2((x * (_a0_ ** _a0_))) + _a7_) + x) * x) + x) / _a3_) + x);{'d0': {'_a0_': 1.2144148717508874, '_a3_': 0.47469314273266167, '_a7_': -0.6320485389264217, '_a1_': 1.0, '_a2_': 1.0, '_a4_': 1.0, '_a5_': 1.0, '_a6_': 1.0}};{'d0': 0.02490583291941664};-280.569866449044;49.38107220053623
34099;-90.9038610239853;((((((pow2((x * (_a0_ ** _a0_))) + _a7_) + x) * x) + x) / _a3_) + x);{'d0': {'_a0_': 1.2144148717508874, '_a3_': 0.47469314273266167, '_a7_': -0.6320485389264217, '_a1_': 1.0, '_a2_': 1.0, '_a4_': 1.0, '_a5_': 1.0, '_a6_': 1.0}};{'d0': 0.02490583291941664};-280.569866449044;49.38107220053623
34100;-90.9038610239853;((((((pow2((x * (_a0_ ** _a0_))) + _a7_) + x) * x) + x) / _a3_) + x);{'d0': {'_a0_': 1.2144148717508874, '_a3_': 0.47469314273266167, '_a7_': -0.6320485389264217, '_a1_': 1.0, '_a2_': 1.0, '_a4_': 1.0, '_a5_': 1.0, '_a6_': 1.0}};{'d0': 0.02490583291941664};-280.569866449044;49.38107220053623
34101;-90.9038610239853;((((((pow2((x * (_a0_ ** _a0_))) + _a7_) + x) * x) + x) / _a3_) + x);{'d0': {'_a0_': 1.2144148717508874, '_a3_': 0.47469314273266167, '_a7_': -0.6320485389264217, '_a1_': 1.0, '_a2_': 1.0, '_a4_': 1.0, '_a5_': 1.0, '_a6_': 1.0}};{'d0': 0.02490583291941664};-280.569866449044;49.38107220053623
34102;-90.9038610239853;((((((pow2((x * (_a0_ ** _a0_))) + _a7_) + x) * x) + x) / _a3_) + x);{'d0': {'_a0_': 1.2144148717508874, '_a3_': 0.47469314273266167, '_a7_': -0.6320485389264217, '_a1_': 1.0, '_a2_': 1.0, '_a4_': 1.0, '_a5_': 1.0, '_a6_': 1.0}};{'d0': 0.02490583291941664};-280.569866449044;49.38107220053623
34103;-90.9038610239853;((((((pow2((x * (_a0_ ** _a0_))) + _a7_) + x) * x) + x) / _a3_) + x);{'d0': {'_a0_': 1.2144148717508874, '_a3_': 0.47469314273266167, '_a7_': -0.6320485389264217, '_a1_': 1.0, '_a2_': 1.0, '_a4_': 1.0, '_a5_': 1.0, '_a6_': 1.0}};{'d0': 0.02490583291941664};-280.569866449044;49.38107220053623
34104;-94.4582697214964;(_a4_ * (x * ((x * ((x * _a6_) + _a6_)) + ((_a0_ + -(x)) * _a4_))));{'d0': {'_a0_': 1.397593858080756, '_a4_': 1.1270034651788183, '_a6_': 2.996229367474357, '_a1_': 1.0, '_a2_': 1.0, '_a3_': 1.0, '_a5_': 1.0, '_a7_': 1.0}};{'d0': 0.0249058329194166};-280.569866449044;45.82666350302546
34105;-94.4582697214964;(_a4_ * (x * ((x * ((x * _a6_) + _a6_)) + ((_a0_ + -(x)) * _a4_))));{'d0': {'_a0_': 1.397593858080756, '_a4_': 1.1270034651788183, '_a6_': 2.996229367474357, '_a1_': 1.0, '_a2_': 1.0, '_a3_': 1.0, '_a5_': 1.0, '_a7_': 1.0}};{'d0': 0.0249058329194166};-280.569866449044;45.82666350302546
34106;-94.4582697214964;(_a4_ * (x * ((x * ((x * _a6_) + _a6_)) + ((_a0_ + -(x)) * _a4_))));{'d0': {'_a0_': 1.397593858080756, '_a4_': 1.1270034651788183, '_a6_': 2.996229367474357, '_a1_': 1.0, '_a2_': 1.0, '_a3_': 1.0, '_a5_': 1.0, '_a7_': 1.0}};{'d0': 0.0249058329194166};-280.569866449044;45.82666350302546
34107;-94.4582697214964;(_a4_ * (x * ((x * ((x * _a6_) + _a6_)) + ((_a0_ + -(x)) * _a4_))));{'d0': {'_a0_': 1.397593858080756, '_a4_': 1.1270034651788183, '_a6_': 2.996229367474357, '_a1_': 1.0, '_a2_': 1.0, '_a3_': 1.0, '_a5_': 1.0, '_a7_': 1.0}};{'d0': 0.0249058329194166};-280.569866449044;45.82666350302546
34108;-94.4582697214964;(_a4_ * (x * ((x * ((x * _a6_) + _a6_)) + ((_a0_ + -(x)) * _a4_))));{'d0': {'_a0_': 1.397593858080756, '_a4_': 1.1270034651788183, '_a6_': 2.996229367474357, '_a1_': 1.0, '_a2_': 1.0, '_a3_': 1.0, '_a5_': 1.0, '_a7_': 1.0}};{'d0': 0.0249058329194166};-280.569866449044;45.82666350302546
34109;-94.4582697214964;(_a4_ * (x * ((x * ((x * _a6_) + _a6_)) + ((_a0_ + -(x)) * _a4_))));{'d0': {'_a0_': 1.397593858080756, '_a4_': 1.1270034651788183, '_a6_': 2.996229367474357, '_a1_': 1.0, '_a2_': 1.0, '_a3_': 1.0, '_a5_': 1.0, '_a7_': 1.0}};{'d0': 0.0249058329194166};-280.569866449044;45.82666350302546
34110;-94.4582697214964;(_a4_ * (x * ((x * ((x * _a6_) + _a6_)) + ((_a0_ + -(x)) * _a4_))));{'d0': {'_a0_': 1.397593858080756, '_a4_': 1.1270034651788183, '_a6_': 2.996229367474357, '_a1_': 1.0, '_a2_': 1.0, '_a3_': 1.0, '_a5_': 1.0, '_a7_': 1.0}};{'d0': 0.0249058329194166};-280.569866449044;45.82666350302546
34111;-94.4582697214964;(_a4_ * (x * ((x * ((x * _a6_) + _a6_)) + ((_a0_ + -(x)) * _a4_))));{'d0': {'_a0_': 1.397593858080756, '_a4_': 1.1270034651788183, '_a6_': 2.996229367474357, '_a1_': 1.0, '_a2_': 1.0, '_a3_': 1.0, '_a5_': 1.0, '_a7_': 1.0}};{'d0': 0.0249058329194166};-280.569866449044;45.82666350302546
34112;-94.4582697214964;(_a4_ * (x * ((x * ((x * _a6_) + _a6_)) + ((_a0_ + -(x)) * _a4_))));{'d0': {'_a0_': 1.397593858080756, '_a4_': 1.1270034651788183, '_a6_': 2.996229367474357, '_a1_': 1.0, '_a2_': 1.0, '_a3_': 1.0, '_a5_': 1.0, '_a7_': 1.0}};{'d0': 0.0249058329194166};-280.569866449044;45.82666350302546
34113;-94.4582697214964;(_a4_ * (x * ((x * ((x * _a6_) + _a6_)) + ((_a0_ + -(x)) * _a4_))));{'d0': {'_a0_': 1.397593858080756, '_a4_': 1.1270034651788183, '_a6_': 2.996229367474357, '_a1_': 1.0, '_a2_': 1.0, '_a3_': 1.0, '_a5_': 1.0, '_a7_': 1.0}};{'d0': 0.0249058329194166};-280.569866449044;45.82666350302546
34114;-94.4582697214964;(_a4_ * (x * ((x * ((x * _a6_) + _a6_)) + ((_a0_ + -(x)) * _a4_))));{'d0': {'_a0_': 1.397593858080756, '_a4_': 1.1270034651788183, '_a6_': 2.996229367474357, '_a1_': 1.0, '_a2_': 1.0, '_a3_': 1.0, '_a5_': 1.0, '_a7_': 1.0}};{'d0': 0.0249058329194166};-280.569866449044;45.82666350302546
34115;-94.4582697214964;(_a4_ * (x * ((x * ((x * _a6_) + _a6_)) + ((_a0_ + -(x)) * _a4_))));{'d0': {'_a0_': 1.397593858080756, '_a4_': 1.1270034651788183, '_a6_': 2.996229367474357, '_a1_': 1.0, '_a2_': 1.0, '_a3_': 1.0, '_a5_': 1.0, '_a7_': 1.0}};{'d0': 0.0249058329194166};-280.569866449044;45.82666350302546
34116;-94.4582697214964;(_a4_ * (x * ((x * ((x * _a6_) + _a6_)) + ((_a0_ + -(x)) * _a4_))));{'d0': {'_a0_': 1.397593858080756, '_a4_': 1.1270034651788183, '_a6_': 2.996229367474357, '_a1_': 1.0, '_a2_': 1.0, '_a3_': 1.0, '_a5_': 1.0, '_a7_': 1.0}};{'d0': 0.0249058329194166};-280.569866449044;45.82666350302546
34117;-94.4582697214964;(_a4_ * (x * ((x * ((x * _a6_) + _a6_)) + ((_a0_ + -(x)) * _a4_))));{'d0': {'_a0_': 1.397593858080756, '_a4_': 1.1270034651788183, '_a6_': 2.996229367474357, '_a1_': 1.0, '_a2_': 1.0, '_a3_': 1.0, '_a5_': 1.0, '_a7_': 1.0}};{'d0': 0.0249058329194166};-280.569866449044;45.82666350302546
34118;-94.4582697214964;(_a4_ * (x * ((x * ((x * _a6_) + _a6_)) + ((_a0_ + -(x)) * _a4_))));{'d0': {'_a0_': 1.397593858080756, '_a4_': 1.1270034651788183, '_a6_': 2.996229367474357, '_a1_': 1.0, '_a2_': 1.0, '_a3_': 1.0, '_a5_': 1.0, '_a7_': 1.0}};{'d0': 0.0249058329194166};-280.569866449044;45.82666350302546
34119;-94.4582697214964;(_a4_ * (x * ((x * ((x * _a6_) + _a6_)) + ((_a0_ + -(x)) * _a4_))));{'d0': {'_a0_': 1.397593858080756, '_a4_': 1.1270034651788183, '_a6_': 2.996229367474357, '_a1_': 1.0, '_a2_': 1.0, '_a3_': 1.0, '_a5_': 1.0, '_a7_': 1.0}};{'d0': 0.0249058329194166};-280.569866449044;45.82666350302546
34120;-94.4582697214964;(_a4_ * (x * ((x * ((x * _a6_) + _a6_)) + ((_a0_ + -(x)) * _a4_))));{'d0': {'_a0_': 1.397593858080756, '_a4_': 1.1270034651788183, '_a6_': 2.996229367474357, '_a1_': 1.0, '_a2_': 1.0, '_a3_': 1.0, '_a5_': 1.0, '_a7_': 1.0}};{'d0': 0.0249058329194166};-280.569866449044;45.82666350302546
34121;-94.4582697214964;(_a4_ * (x * ((x * ((x * _a6_) + _a6_)) + ((_a0_ + -(x)) * _a4_))));{'d0': {'_a0_': 1.397593858080756, '_a4_': 1.1270034651788183, '_a6_': 2.996229367474357, '_a1_': 1.0, '_a2_': 1.0, '_a3_': 1.0, '_a5_': 1.0, '_a7_': 1.0}};{'d0': 0.0249058329194166};-280.569866449044;45.82666350302546
34122;-94.4582697214964;(_a4_ * (x * ((x * ((x * _a6_) + _a6_)) + ((_a0_ + -(x)) * _a4_))));{'d0': {'_a0_': 1.397593858080756, '_a4_': 1.1270034651788183, '_a6_': 2.996229367474357, '_a1_': 1.0, '_a2_': 1.0, '_a3_': 1.0, '_a5_': 1.0, '_a7_': 1.0}};{'d0': 0.0249058329194166};-280.569866449044;45.82666350302546
34123;-94.4582697214964;(_a4_ * (x * ((x * ((x * _a6_) + _a6_)) + ((_a0_ + -(x)) * _a4_))));{'d0': {'_a0_': 1.397593858080756, '_a4_': 1.1270034651788183, '_a6_': 2.996229367474357, '_a1_': 1.0, '_a2_': 1.0, '_a3_': 1.0, '_a5_': 1.0, '_a7_': 1.0}};{'d0': 0.0249058329194166};-280.569866449044;45.82666350302546
34124;-94.4582697214964;(_a4_ * (x * ((x * ((x * _a6_) + _a6_)) + ((_a0_ + -(x)) * _a4_))));{'d0': {'_a0_': 1.397593858080756, '_a4_': 1.1270034651788183, '_a6_': 2.996229367474357, '_a1_': 1.0, '_a2_': 1.0, '_a3_': 1.0, '_a5_': 1.0, '_a7_': 1.0}};{'d0': 0.0249058329194166};-280.569866449044;45.82666350302546
34125;-94.4582697214964;(_a4_ * (x * ((x * ((x * _a6_) + _a6_)) + ((_a0_ + -(x)) * _a4_))));{'d0': {'_a0_': 1.397593858080756, '_a4_': 1.1270034651788183, '_a6_': 2.996229367474357, '_a1_': 1.0, '_a2_': 1.0, '_a3_': 1.0, '_a5_': 1.0, '_a7_': 1.0}};{'d0': 0.0249058329194166};-280.569866449044;45.82666350302546
34126;-94.4582697214964;(_a4_ * (x * ((x * ((x * _a6_) + _a6_)) + ((_a0_ + -(x)) * _a4_))));{'d0': {'_a0_': 1.397593858080756, '_a4_': 1.1270034651788183, '_a6_': 2.996229367474357, '_a1_': 1.0, '_a2_': 1.0, '_a3_': 1.0, '_a5_': 1.0, '_a7_': 1.0}};{'d0': 0.0249058329194166};-280.569866449044;45.82666350302546
34127;-94.4582697214964;(_a4_ * (x * ((x * ((x * _a6_) + _a6_)) + ((_a0_ + -(x)) * _a4_))));{'d0': {'_a0_': 1.397593858080756, '_a4_': 1.1270034651788183, '_a6_': 2.996229367474357, '_a1_': 1.0, '_a2_': 1.0, '_a3_': 1.0, '_a5_': 1.0, '_a7_': 1.0}};{'d0': 0.0249058329194166};-280.569866449044;45.82666350302546
34128;-94.4582697214964;(_a4_ * (x * ((x * ((x * _a6_) + _a6_)) + ((_a0_ + -(x)) * _a4_))));{'d0': {'_a0_': 1.397593858080756, '_a4_': 1.1270034651788183, '_a6_': 2.996229367474357, '_a1_': 1.0, '_a2_': 1.0, '_a3_': 1.0, '_a5_': 1.0, '_a7_': 1.0}};{'d0': 0.0249058329194166};-280.569866449044;45.82666350302546
34129;-94.4582697214964;(_a4_ * (x * ((x * ((x * _a6_) + _a6_)) + ((_a0_ + -(x)) * _a4_))));{'d0': {'_a0_': 1.397593858080756, '_a4_': 1.1270034651788183, '_a6_': 2.996229367474357, '_a1_': 1.0, '_a2_': 1.0, '_a3_': 1.0, '_a5_': 1.0, '_a7_': 1.0}};{'d0': 0.0249058329194166};-280.569866449044;45.82666350302546
34130;-87.3170429421294;(_a4_ * (x * ((x * ((x * _a6_) + _a6_)) + ((_a0_ + -(x)) * (_a7_ * _a6_)))));{'d0': {'_a0_': 1.397593856386144, '_a4_': 0.6164913105421277, '_a6_': 5.477385800087721, '_a7_': 0.37614058455761135, '_a1_': 1.0, '_a2_': 1.0, '_a3_': 1.0, '_a5_': 1.0}};{'d0': 0.024905832919545148};-276.475521886512;50.92071800112646
34131;-87.3170429421294;(_a4_ * (x * ((x * ((x * _a6_) + _a6_)) + ((_a0_ + -(x)) * (_a7_ * _a6_)))));{'d0': {'_a0_': 1.397593856386144, '_a4_': 0.6164913105421277, '_a6_': 5.477385800087721, '_a7_': 0.37614058455761135, '_a1_': 1.0, '_a2_': 1.0, '_a3_': 1.0, '_a5_': 1.0}};{'d0': 0.024905832919545148};-276.475521886512;50.92071800112646
34132;-87.3170429421294;(_a4_ * (x * ((x * ((x * _a6_) + _a6_)) + ((_a0_ + -(x)) * (_a7_ * _a6_)))));{'d0': {'_a0_': 1.397593856386144, '_a4_': 0.6164913105421277, '_a6_': 5.477385800087721, '_a7_': 0.37614058455761135, '_a1_': 1.0, '_a2_': 1.0, '_a3_': 1.0, '_a5_': 1.0}};{'d0': 0.024905832919545148};-276.475521886512;50.92071800112646
34133;-89.3642152233954;(_a6_ * (x * ((x * ((x * _a6_) + _a6_)) + ((_a0_ + -(x)) * (_a7_ * _a6_)))));{'d0': {'_a0_': 1.3975938570249085, '_a6_': 1.8375964953211663, '_a7_': 0.3761405844026895, '_a1_': 1.0, '_a2_': 1.0, '_a3_': 1.0, '_a4_': 1.0, '_a5_': 1.0}};{'d0': 0.02490583291941659};-280.569866449044;50.92071800112646
34134;-90.6142108657212;((((((pow2((x / (_a2_ + _a7_))) + _a7_) + x) * x) + x) / _a3_) + x);{'d0': {'_a2_': -0.15779917840033011, '_a3_': 0.4746931428947424, '_a7_': -0.6320485384426074, '_a0_': 1.0, '_a1_': 1.0, '_a4_': 1.0, '_a5_': 1.0, '_a6_': 1.0}};{'d0': 0.024905832919416594};-280.569866449044;49.670722358800425
34135;-90.6142108657212;((((((pow2((x / (_a2_ + _a7_))) + _a7_) + x) * x) + x) / _a3_) + x);{'d0': {'_a2_': -0.15779917840033011, '_a3_': 0.4746931428947424, '_a7_': -0.6320485384426074, '_a0_': 1.0, '_a1_': 1.0, '_a4_': 1.0, '_a5_': 1.0, '_a6_': 1.0}};{'d0': 0.024905832919416594};-280.569866449044;49.670722358800425
34136;-90.6142108657212;((((((pow2((x / (_a2_ + _a7_))) + _a7_) + x) * x) + x) / _a3_) + x);{'d0': {'_a2_': -0.15779917840033011, '_a3_': 0.4746931428947424, '_a7_': -0.6320485384426074, '_a0_': 1.0, '_a1_': 1.0, '_a4_': 1.0, '_a5_': 1.0, '_a6_': 1.0}};{'d0': 0.024905832919416594};-280.569866449044;49.670722358800425
34137;-90.6142108657212;((((((pow2((x / (_a2_ + _a7_))) + _a7_) + x) * x) + x) / _a3_) + x);{'d0': {'_a2_': -0.15779917840033011, '_a3_': 0.4746931428947424, '_a7_': -0.6320485384426074, '_a0_': 1.0, '_a1_': 1.0, '_a4_': 1.0, '_a5_': 1.0, '_a6_': 1.0}};{'d0': 0.024905832919416594};-280.569866449044;49.670722358800425
34138;-90.6142108657212;((((((pow2((x / (_a2_ + _a7_))) + _a7_) + x) * x) + x) / _a3_) + x);{'d0': {'_a2_': -0.15779917840033011, '_a3_': 0.4746931428947424, '_a7_': -0.6320485384426074, '_a0_': 1.0, '_a1_': 1.0, '_a4_': 1.0, '_a5_': 1.0, '_a6_': 1.0}};{'d0': 0.024905832919416594};-280.569866449044;49.670722358800425
34139;-90.6142108657212;((((((pow2((x / (_a2_ + _a7_))) + _a7_) + x) * x) + x) / _a3_) + x);{'d0': {'_a2_': -0.15779917840033011, '_a3_': 0.4746931428947424, '_a7_': -0.6320485384426074, '_a0_': 1.0, '_a1_': 1.0, '_a4_': 1.0, '_a5_': 1.0, '_a6_': 1.0}};{'d0': 0.024905832919416594};-280.569866449044;49.670722358800425
34140;-90.6142108657212;((((((pow2((x / (_a2_ + _a7_))) + _a7_) + x) * x) + x) / _a3_) + x);{'d0': {'_a2_': -0.15779917840033011, '_a3_': 0.4746931428947424, '_a7_': -0.6320485384426074, '_a0_': 1.0, '_a1_': 1.0, '_a4_': 1.0, '_a5_': 1.0, '_a6_': 1.0}};{'d0': 0.024905832919416594};-280.569866449044;49.670722358800425
34141;-90.6142108657212;((((((pow2((x / (_a2_ + _a7_))) + _a7_) + x) * x) + x) / _a3_) + x);{'d0': {'_a2_': -0.15779917840033011, '_a3_': 0.4746931428947424, '_a7_': -0.6320485384426074, '_a0_': 1.0, '_a1_': 1.0, '_a4_': 1.0, '_a5_': 1.0, '_a6_': 1.0}};{'d0': 0.024905832919416594};-280.569866449044;49.670722358800425
34142;-90.6142108657212;((((((pow2((x / (_a2_ + _a7_))) + _a7_) + x) * x) + x) / _a3_) + x);{'d0': {'_a2_': -0.15779917840033011, '_a3_': 0.4746931428947424, '_a7_': -0.6320485384426074, '_a0_': 1.0, '_a1_': 1.0, '_a4_': 1.0, '_a5_': 1.0, '_a6_': 1.0}};{'d0': 0.024905832919416594};-280.569866449044;49.670722358800425
34143;-90.6142108657212;((((((pow2((x / (_a2_ + _a7_))) + _a7_) + x) * x) + x) / _a3_) + x);{'d0': {'_a2_': -0.15779917840033011, '_a3_': 0.4746931428947424, '_a7_': -0.6320485384426074, '_a0_': 1.0, '_a1_': 1.0, '_a4_': 1.0, '_a5_': 1.0, '_a6_': 1.0}};{'d0': 0.024905832919416594};-280.569866449044;49.670722358800425
34144;-90.6142108657212;((((((pow2((x / (_a2_ + _a7_))) + _a7_) + x) * x) + x) / _a3_) + x);{'d0': {'_a2_': -0.15779917840033011, '_a3_': 0.4746931428947424, '_a7_': -0.6320485384426074, '_a0_': 1.0, '_a1_': 1.0, '_a4_': 1.0, '_a5_': 1.0, '_a6_': 1.0}};{'d0': 0.024905832919416594};-280.569866449044;49.670722358800425
34145;-110.349907907763;(((-((x + _a3_)) * (x * _a6_)) + _a4_) * x);{'d0': {'_a3_': 0.623859415475503, '_a4_': 1.7751354041663594, '_a6_': -3.37676087796201, '_a0_': 1.0, '_a1_': 1.0, '_a2_': 1.0, '_a5_': 1.0, '_a7_': 1.0}};{'d0': 0.024905832919416605};-280.569866449044;29.9350253167595
34146;-110.349907907763;(((-((x + _a3_)) * (x * _a6_)) + _a4_) * x);{'d0': {'_a3_': 0.623859415475503, '_a4_': 1.7751354041663594, '_a6_': -3.37676087796201, '_a0_': 1.0, '_a1_': 1.0, '_a2_': 1.0, '_a5_': 1.0, '_a7_': 1.0}};{'d0': 0.024905832919416605};-280.569866449044;29.9350253167595
34147;-110.349907907763;(((-((x + _a3_)) * (x * _a6_)) + _a4_) * x);{'d0': {'_a3_': 0.623859415475503, '_a4_': 1.7751354041663594, '_a6_': -3.37676087796201, '_a0_': 1.0, '_a1_': 1.0, '_a2_': 1.0, '_a5_': 1.0, '_a7_': 1.0}};{'d0': 0.024905832919416605};-280.569866449044;29.9350253167595
34148;-110.349907907763;(((-((x + _a3_)) * (x * _a6_)) + _a4_) * x);{'d0': {'_a3_': 0.623859415475503, '_a4_': 1.7751354041663594, '_a6_': -3.37676087796201, '_a0_': 1.0, '_a1_': 1.0, '_a2_': 1.0, '_a5_': 1.0, '_a7_': 1.0}};{'d0': 0.024905832919416605};-280.569866449044;29.9350253167595
34149;-110.349907907763;(((-((x + _a3_)) * (x * _a6_)) + _a4_) * x);{'d0': {'_a3_': 0.623859415475503, '_a4_': 1.7751354041663594, '_a6_': -3.37676087796201, '_a0_': 1.0, '_a1_': 1.0, '_a2_': 1.0, '_a5_': 1.0, '_a7_': 1.0}};{'d0': 0.024905832919416605};-280.569866449044;29.9350253167595
34150;-110.349907907763;(((-((x + _a3_)) * (x * _a6_)) + _a4_) * x);{'d0': {'_a3_': 0.623859415475503, '_a4_': 1.7751354041663594, '_a6_': -3.37676087796201, '_a0_': 1.0, '_a1_': 1.0, '_a2_': 1.0, '_a5_': 1.0, '_a7_': 1.0}};{'d0': 0.024905832919416605};-280.569866449044;29.9350253167595
34151;-110.349907907763;(((-((x + _a3_)) * (x * _a6_)) + _a4_) * x);{'d0': {'_a3_': 0.623859415475503, '_a4_': 1.7751354041663594, '_a6_': -3.37676087796201, '_a0_': 1.0, '_a1_': 1.0, '_a2_': 1.0, '_a5_': 1.0, '_a7_': 1.0}};{'d0': 0.024905832919416605};-280.569866449044;29.9350253167595
34152;-110.349907907763;(((-((x + _a3_)) * (x * _a6_)) + _a4_) * x);{'d0': {'_a3_': 0.623859415475503, '_a4_': 1.7751354041663594, '_a6_': -3.37676087796201, '_a0_': 1.0, '_a1_': 1.0, '_a2_': 1.0, '_a5_': 1.0, '_a7_': 1.0}};{'d0': 0.024905832919416605};-280.569866449044;29.9350253167595
34153;-110.349907907763;(((-((x + _a3_)) * (x * _a6_)) + _a4_) * x);{'d0': {'_a3_': 0.623859415475503, '_a4_': 1.7751354041663594, '_a6_': -3.37676087796201, '_a0_': 1.0, '_a1_': 1.0, '_a2_': 1.0, '_a5_': 1.0, '_a7_': 1.0}};{'d0': 0.024905832919416605};-280.569866449044;29.9350253167595
34154;-110.349907907763;(((-((x + _a3_)) * (x * _a6_)) + _a4_) * x);{'d0': {'_a3_': 0.623859415475503, '_a4_': 1.7751354041663594, '_a6_': -3.37676087796201, '_a0_': 1.0, '_a1_': 1.0, '_a2_': 1.0, '_a5_': 1.0, '_a7_': 1.0}};{'d0': 0.024905832919416605};-280.569866449044;29.9350253167595
34155;-110.349907907763;(((-((x + _a3_)) * (x * _a6_)) + _a4_) * x);{'d0': {'_a3_': 0.623859415475503, '_a4_': 1.7751354041663594, '_a6_': -3.37676087796201, '_a0_': 1.0, '_a1_': 1.0, '_a2_': 1.0, '_a5_': 1.0, '_a7_': 1.0}};{'d0': 0.024905832919416605};-280.569866449044;29.9350253167595
34156;-110.349907907763;(((-((x + _a3_)) * (x * _a6_)) + _a4_) * x);{'d0': {'_a3_': 0.623859415475503, '_a4_': 1.7751354041663594, '_a6_': -3.37676087796201, '_a0_': 1.0, '_a1_': 1.0, '_a2_': 1.0, '_a5_': 1.0, '_a7_': 1.0}};{'d0': 0.024905832919416605};-280.569866449044;29.9350253167595
34157;-110.349907907763;(((-((x + _a3_)) * (x * _a6_)) + _a4_) * x);{'d0': {'_a3_': 0.623859415475503, '_a4_': 1.7751354041663594, '_a6_': -3.37676087796201, '_a0_': 1.0, '_a1_': 1.0, '_a2_': 1.0, '_a5_': 1.0, '_a7_': 1.0}};{'d0': 0.024905832919416605};-280.569866449044;29.9350253167595
34158;-110.349907907763;(((-((x + _a3_)) * (x * _a6_)) + _a4_) * x);{'d0': {'_a3_': 0.623859415475503, '_a4_': 1.7751354041663594, '_a6_': -3.37676087796201, '_a0_': 1.0, '_a1_': 1.0, '_a2_': 1.0, '_a5_': 1.0, '_a7_': 1.0}};{'d0': 0.024905832919416605};-280.569866449044;29.9350253167595
34159;-110.349907907763;(((-((x + _a3_)) * (x * _a6_)) + _a4_) * x);{'d0': {'_a3_': 0.623859415475503, '_a4_': 1.7751354041663594, '_a6_': -3.37676087796201, '_a0_': 1.0, '_a1_': 1.0, '_a2_': 1.0, '_a5_': 1.0, '_a7_': 1.0}};{'d0': 0.024905832919416605};-280.569866449044;29.9350253167595
34160;-110.349907907763;(((-((x + _a3_)) * (x * _a6_)) + _a4_) * x);{'d0': {'_a3_': 0.623859415475503, '_a4_': 1.7751354041663594, '_a6_': -3.37676087796201, '_a0_': 1.0, '_a1_': 1.0, '_a2_': 1.0, '_a5_': 1.0, '_a7_': 1.0}};{'d0': 0.024905832919416605};-280.569866449044;29.9350253167595
34161;-110.349907907763;(((-((x + _a3_)) * (x * _a6_)) + _a4_) * x);{'d0': {'_a3_': 0.623859415475503, '_a4_': 1.7751354041663594, '_a6_': -3.37676087796201, '_a0_': 1.0, '_a1_': 1.0, '_a2_': 1.0, '_a5_': 1.0, '_a7_': 1.0}};{'d0': 0.024905832919416605};-280.569866449044;29.9350253167595
34162;-110.349907907763;(((-((x + _a3_)) * (x * _a6_)) + _a4_) * x);{'d0': {'_a3_': 0.623859415475503, '_a4_': 1.7751354041663594, '_a6_': -3.37676087796201, '_a0_': 1.0, '_a1_': 1.0, '_a2_': 1.0, '_a5_': 1.0, '_a7_': 1.0}};{'d0': 0.024905832919416605};-280.569866449044;29.9350253167595
34163;-110.349907907763;(((-((x + _a3_)) * (x * _a6_)) + _a4_) * x);{'d0': {'_a3_': 0.623859415475503, '_a4_': 1.7751354041663594, '_a6_': -3.37676087796201, '_a0_': 1.0, '_a1_': 1.0, '_a2_': 1.0, '_a5_': 1.0, '_a7_': 1.0}};{'d0': 0.024905832919416605};-280.569866449044;29.9350253167595
34164;-110.349907907763;(((-((x + _a3_)) * (x * _a6_)) + _a4_) * x);{'d0': {'_a3_': 0.623859415475503, '_a4_': 1.7751354041663594, '_a6_': -3.37676087796201, '_a0_': 1.0, '_a1_': 1.0, '_a2_': 1.0, '_a5_': 1.0, '_a7_': 1.0}};{'d0': 0.024905832919416605};-280.569866449044;29.9350253167595
34165;-110.349907907763;(((-((x + _a3_)) * (x * _a6_)) + _a4_) * x);{'d0': {'_a3_': 0.623859415475503, '_a4_': 1.7751354041663594, '_a6_': -3.37676087796201, '_a0_': 1.0, '_a1_': 1.0, '_a2_': 1.0, '_a5_': 1.0, '_a7_': 1.0}};{'d0': 0.024905832919416605};-280.569866449044;29.9350253167595
34166;-110.349907907763;(((-((x + _a3_)) * (x * _a6_)) + _a4_) * x);{'d0': {'_a3_': 0.623859415475503, '_a4_': 1.7751354041663594, '_a6_': -3.37676087796201, '_a0_': 1.0, '_a1_': 1.0, '_a2_': 1.0, '_a5_': 1.0, '_a7_': 1.0}};{'d0': 0.024905832919416605};-280.569866449044;29.9350253167595
34167;-110.349907907763;(((-((x + _a3_)) * (x * _a6_)) + _a4_) * x);{'d0': {'_a3_': 0.623859415475503, '_a4_': 1.7751354041663594, '_a6_': -3.37676087796201, '_a0_': 1.0, '_a1_': 1.0, '_a2_': 1.0, '_a5_': 1.0, '_a7_': 1.0}};{'d0': 0.024905832919416605};-280.569866449044;29.9350253167595
34168;-110.349907907763;(((-((x + _a3_)) * (x * _a6_)) + _a4_) * x);{'d0': {'_a3_': 0.623859415475503, '_a4_': 1.7751354041663594, '_a6_': -3.37676087796201, '_a0_': 1.0, '_a1_': 1.0, '_a2_': 1.0, '_a5_': 1.0, '_a7_': 1.0}};{'d0': 0.024905832919416605};-280.569866449044;29.9350253167595
34169;-110.349907907763;(((-((x + _a3_)) * (x * _a6_)) + _a4_) * x);{'d0': {'_a3_': 0.623859415475503, '_a4_': 1.7751354041663594, '_a6_': -3.37676087796201, '_a0_': 1.0, '_a1_': 1.0, '_a2_': 1.0, '_a5_': 1.0, '_a7_': 1.0}};{'d0': 0.024905832919416605};-280.569866449044;29.9350253167595
34170;-110.349907907763;(((-((x + _a3_)) * (x * _a6_)) + _a4_) * x);{'d0': {'_a3_': 0.623859415475503, '_a4_': 1.7751354041663594, '_a6_': -3.37676087796201, '_a0_': 1.0, '_a1_': 1.0, '_a2_': 1.0, '_a5_': 1.0, '_a7_': 1.0}};{'d0': 0.024905832919416605};-280.569866449044;29.9350253167595
34171;-110.349907907763;(((-((x + _a3_)) * (x * _a6_)) + _a4_) * x);{'d0': {'_a3_': 0.623859415475503, '_a4_': 1.7751354041663594, '_a6_': -3.37676087796201, '_a0_': 1.0, '_a1_': 1.0, '_a2_': 1.0, '_a5_': 1.0, '_a7_': 1.0}};{'d0': 0.024905832919416605};-280.569866449044;29.9350253167595
34172;-110.349907907763;(((-((x + _a3_)) * (x * _a6_)) + _a4_) * x);{'d0': {'_a3_': 0.623859415475503, '_a4_': 1.7751354041663594, '_a6_': -3.37676087796201, '_a0_': 1.0, '_a1_': 1.0, '_a2_': 1.0, '_a5_': 1.0, '_a7_': 1.0}};{'d0': 0.024905832919416605};-280.569866449044;29.9350253167595
34173;-110.349907907763;(((-((x + _a3_)) * (x * _a6_)) + _a4_) * x);{'d0': {'_a3_': 0.623859415475503, '_a4_': 1.7751354041663594, '_a6_': -3.37676087796201, '_a0_': 1.0, '_a1_': 1.0, '_a2_': 1.0, '_a5_': 1.0, '_a7_': 1.0}};{'d0': 0.024905832919416605};-280.569866449044;29.9350253167595
34174;-110.349907907763;(((-((x + _a3_)) * (x * _a6_)) + _a4_) * x);{'d0': {'_a3_': 0.623859415475503, '_a4_': 1.7751354041663594, '_a6_': -3.37676087796201, '_a0_': 1.0, '_a1_': 1.0, '_a2_': 1.0, '_a5_': 1.0, '_a7_': 1.0}};{'d0': 0.024905832919416605};-280.569866449044;29.9350253167595
34175;-110.349907907763;(((-((x + _a3_)) * (x * _a6_)) + _a4_) * x);{'d0': {'_a3_': 0.623859415475503, '_a4_': 1.7751354041663594, '_a6_': -3.37676087796201, '_a0_': 1.0, '_a1_': 1.0, '_a2_': 1.0, '_a5_': 1.0, '_a7_': 1.0}};{'d0': 0.024905832919416605};-280.569866449044;29.9350253167595
34176;-110.349907907763;(((-((x + _a3_)) * (x * _a6_)) + _a4_) * x);{'d0': {'_a3_': 0.623859415475503, '_a4_': 1.7751354041663594, '_a6_': -3.37676087796201, '_a0_': 1.0, '_a1_': 1.0, '_a2_': 1.0, '_a5_': 1.0, '_a7_': 1.0}};{'d0': 0.024905832919416605};-280.569866449044;29.9350253167595
34177;-78.4495507198259;((((_a7_ + (_a3_ + x)) * (x * ((x * ((_a5_ + _a1_) / _a7_)) + _a5_))) * _a1_) + (x * _a7_));{'d0': {'_a1_': 24.114610452241276, '_a3_': -186.74549919749435, '_a5_': 1.0613295769587285, '_a7_': 179.79003933399608, '_a0_': 1.0, '_a2_': 1.0, '_a4_': 1.0, '_a6_': 1.0}};{'d0': 0.02490583293299647};-276.475521854107;59.78821020722735
34178;-78.4495507198259;((((_a7_ + (_a3_ + x)) * (x * ((x * ((_a5_ + _a1_) / _a7_)) + _a5_))) * _a1_) + (x * _a7_));{'d0': {'_a1_': 24.114610452241276, '_a3_': -186.74549919749435, '_a5_': 1.0613295769587285, '_a7_': 179.79003933399608, '_a0_': 1.0, '_a2_': 1.0, '_a4_': 1.0, '_a6_': 1.0}};{'d0': 0.02490583293299647};-276.475521854107;59.78821020722735
34179;-78.4495507198259;((((_a7_ + (_a3_ + x)) * (x * ((x * ((_a5_ + _a1_) / _a7_)) + _a5_))) * _a1_) + (x * _a7_));{'d0': {'_a1_': 24.114610452241276, '_a3_': -186.74549919749435, '_a5_': 1.0613295769587285, '_a7_': 179.79003933399608, '_a0_': 1.0, '_a2_': 1.0, '_a4_': 1.0, '_a6_': 1.0}};{'d0': 0.02490583293299647};-276.475521854107;59.78821020722735
34180;-78.4495507198259;((((_a7_ + (_a3_ + x)) * (x * ((x * ((_a5_ + _a1_) / _a7_)) + _a5_))) * _a1_) + (x * _a7_));{'d0': {'_a1_': 24.114610452241276, '_a3_': -186.74549919749435, '_a5_': 1.0613295769587285, '_a7_': 179.79003933399608, '_a0_': 1.0, '_a2_': 1.0, '_a4_': 1.0, '_a6_': 1.0}};{'d0': 0.02490583293299647};-276.475521854107;59.78821020722735
34181;-78.4495507198259;((((_a7_ + (_a3_ + x)) * (x * ((x * ((_a5_ + _a1_) / _a7_)) + _a5_))) * _a1_) + (x * _a7_));{'d0': {'_a1_': 24.114610452241276, '_a3_': -186.74549919749435, '_a5_': 1.0613295769587285, '_a7_': 179.79003933399608, '_a0_': 1.0, '_a2_': 1.0, '_a4_': 1.0, '_a6_': 1.0}};{'d0': 0.02490583293299647};-276.475521854107;59.78821020722735
34182;-78.4495507198259;((((_a7_ + (_a3_ + x)) * (x * ((x * ((_a5_ + _a1_) / _a7_)) + _a5_))) * _a1_) + (x * _a7_));{'d0': {'_a1_': 24.114610452241276, '_a3_': -186.74549919749435, '_a5_': 1.0613295769587285, '_a7_': 179.79003933399608, '_a0_': 1.0, '_a2_': 1.0, '_a4_': 1.0, '_a6_': 1.0}};{'d0': 0.02490583293299647};-276.475521854107;59.78821020722735
34183;-78.4495507198259;((((_a7_ + (_a3_ + x)) * (x * ((x * ((_a5_ + _a1_) / _a7_)) + _a5_))) * _a1_) + (x * _a7_));{'d0': {'_a1_': 24.114610452241276, '_a3_': -186.74549919749435, '_a5_': 1.0613295769587285, '_a7_': 179.79003933399608, '_a0_': 1.0, '_a2_': 1.0, '_a4_': 1.0, '_a6_': 1.0}};{'d0': 0.02490583293299647};-276.475521854107;59.78821020722735
34184;-78.4495507198259;((((_a7_ + (_a3_ + x)) * (x * ((x * ((_a5_ + _a1_) / _a7_)) + _a5_))) * _a1_) + (x * _a7_));{'d0': {'_a1_': 24.114610452241276, '_a3_': -186.74549919749435, '_a5_': 1.0613295769587285, '_a7_': 179.79003933399608, '_a0_': 1.0, '_a2_': 1.0, '_a4_': 1.0, '_a6_': 1.0}};{'d0': 0.02490583293299647};-276.475521854107;59.78821020722735
34185;-78.4495507198259;((((_a7_ + (_a3_ + x)) * (x * ((x * ((_a5_ + _a1_) / _a7_)) + _a5_))) * _a1_) + (x * _a7_));{'d0': {'_a1_': 24.114610452241276, '_a3_': -186.74549919749435, '_a5_': 1.0613295769587285, '_a7_': 179.79003933399608, '_a0_': 1.0, '_a2_': 1.0, '_a4_': 1.0, '_a6_': 1.0}};{'d0': 0.02490583293299647};-276.475521854107;59.78821020722735
34186;-71.3083239564181;(((((_a7_ + (_a3_ + x)) * (x * ((x * ((_a5_ + _a1_) / _a7_)) + _a5_))) * _a1_) + (x * _a7_)) * _a2_);{'d0': {'_a1_': 24.11541090691292, '_a2_': 0.9999356484369525, '_a3_': -186.74538776464712, '_a5_': 1.0613299705574235, '_a7_': 179.7901611053528, '_a0_': 1.0, '_a4_': 1.0, '_a6_': 1.0}};{'d0': 0.024905832919875852};-272.381177323493;64.88226470532835
34187;-71.3083239564181;(((((_a7_ + (_a3_ + x)) * (x * ((x * ((_a5_ + _a1_) / _a7_)) + _a5_))) * _a1_) + (x * _a7_)) * _a2_);{'d0': {'_a1_': 24.11541090691292, '_a2_': 0.9999356484369525, '_a3_': -186.74538776464712, '_a5_': 1.0613299705574235, '_a7_': 179.7901611053528, '_a0_': 1.0, '_a4_': 1.0, '_a6_': 1.0}};{'d0': 0.024905832919875852};-272.381177323493;64.88226470532835
34188;-72.0625132199073;(((((_a7_ + (_a3_ + x)) * (x * ((x * ((_a5_ * _a1_) / _a7_)) + _a5_))) * _a1_) + (x * _a7_)) * _a2_);{'d0': {'_a1_': 24.38549032959502, '_a2_': 0.9448822716027224, '_a3_': -186.62247605812718, '_a5_': 1.0809830456521123, '_a7_': 179.87021893193932, '_a0_': 1.0, '_a4_': 1.0, '_a6_': 1.0}};{'d0': 0.02490583292080381};-272.381177321258;64.12807544072135
34189;-72.0625132199073;(((((_a7_ + (_a3_ + x)) * (x * ((x * ((_a5_ * _a1_) / _a7_)) + _a5_))) * _a1_) + (x * _a7_)) * _a2_);{'d0': {'_a1_': 24.38549032959502, '_a2_': 0.9448822716027224, '_a3_': -186.62247605812718, '_a5_': 1.0809830456521123, '_a7_': 179.87021893193932, '_a0_': 1.0, '_a4_': 1.0, '_a6_': 1.0}};{'d0': 0.02490583292080381};-272.381177321258;64.12807544072135
34190;-72.0625132199073;(((((_a7_ + (_a3_ + x)) * (x * ((x * ((_a5_ * _a1_) / _a7_)) + _a5_))) * _a1_) + (x * _a7_)) * _a2_);{'d0': {'_a1_': 24.38549032959502, '_a2_': 0.9448822716027224, '_a3_': -186.62247605812718, '_a5_': 1.0809830456521123, '_a7_': 179.87021893193932, '_a0_': 1.0, '_a4_': 1.0, '_a6_': 1.0}};{'d0': 0.02490583292080381};-272.381177321258;64.12807544072135
34191;-72.0625132199073;(((((_a7_ + (_a3_ + x)) * (x * ((x * ((_a5_ * _a1_) / _a7_)) + _a5_))) * _a1_) + (x * _a7_)) * _a2_);{'d0': {'_a1_': 24.38549032959502, '_a2_': 0.9448822716027224, '_a3_': -186.62247605812718, '_a5_': 1.0809830456521123, '_a7_': 179.87021893193932, '_a0_': 1.0, '_a4_': 1.0, '_a6_': 1.0}};{'d0': 0.02490583292080381};-272.381177321258;64.12807544072135
34192;-72.0625132199073;(((((_a7_ + (_a3_ + x)) * (x * ((x * ((_a5_ * _a1_) / _a7_)) + _a5_))) * _a1_) + (x * _a7_)) * _a2_);{'d0': {'_a1_': 24.38549032959502, '_a2_': 0.9448822716027224, '_a3_': -186.62247605812718, '_a5_': 1.0809830456521123, '_a7_': 179.87021893193932, '_a0_': 1.0, '_a4_': 1.0, '_a6_': 1.0}};{'d0': 0.02490583292080381};-272.381177321258;64.12807544072135
34193;-72.0625132199073;(((((_a7_ + (_a3_ + x)) * (x * ((x * ((_a5_ * _a1_) / _a7_)) + _a5_))) * _a1_) + (x * _a7_)) * _a2_);{'d0': {'_a1_': 24.38549032959502, '_a2_': 0.9448822716027224, '_a3_': -186.62247605812718, '_a5_': 1.0809830456521123, '_a7_': 179.87021893193932, '_a0_': 1.0, '_a4_': 1.0, '_a6_': 1.0}};{'d0': 0.02490583292080381};-272.381177321258;64.12807544072135
34194;-72.0625132199073;(((((_a7_ + (_a3_ + x)) * (x * ((x * ((_a5_ * _a1_) / _a7_)) + _a5_))) * _a1_) + (x * _a7_)) * _a2_);{'d0': {'_a1_': 24.38549032959502, '_a2_': 0.9448822716027224, '_a3_': -186.62247605812718, '_a5_': 1.0809830456521123, '_a7_': 179.87021893193932, '_a0_': 1.0, '_a4_': 1.0, '_a6_': 1.0}};{'d0': 0.02490583292080381};-272.381177321258;64.12807544072135
34195;-72.0625132199073;(((((_a7_ + (_a3_ + x)) * (x * ((x * ((_a5_ * _a1_) / _a7_)) + _a5_))) * _a1_) + (x * _a7_)) * _a2_);{'d0': {'_a1_': 24.38549032959502, '_a2_': 0.9448822716027224, '_a3_': -186.62247605812718, '_a5_': 1.0809830456521123, '_a7_': 179.87021893193932, '_a0_': 1.0, '_a4_': 1.0, '_a6_': 1.0}};{'d0': 0.02490583292080381};-272.381177321258;64.12807544072135
34196;-72.0625132199073;(((((_a7_ + (_a3_ + x)) * (x * ((x * ((_a5_ * _a1_) / _a7_)) + _a5_))) * _a1_) + (x * _a7_)) * _a2_);{'d0': {'_a1_': 24.38549032959502, '_a2_': 0.9448822716027224, '_a3_': -186.62247605812718, '_a5_': 1.0809830456521123, '_a7_': 179.87021893193932, '_a0_': 1.0, '_a4_': 1.0, '_a6_': 1.0}};{'d0': 0.02490583292080381};-272.381177321258;64.12807544072135
34197;-72.0625132199073;(((((_a7_ + (_a3_ + x)) * (x * ((x * ((_a5_ * _a1_) / _a7_)) + _a5_))) * _a1_) + (x * _a7_)) * _a2_);{'d0': {'_a1_': 24.38549032959502, '_a2_': 0.9448822716027224, '_a3_': -186.62247605812718, '_a5_': 1.0809830456521123, '_a7_': 179.87021893193932, '_a0_': 1.0, '_a4_': 1.0, '_a6_': 1.0}};{'d0': 0.02490583292080381};-272.381177321258;64.12807544072135
34198;-72.0625132199073;(((((_a7_ + (_a3_ + x)) * (x * ((x * ((_a5_ * _a1_) / _a7_)) + _a5_))) * _a1_) + (x * _a7_)) * _a2_);{'d0': {'_a1_': 24.38549032959502, '_a2_': 0.9448822716027224, '_a3_': -186.62247605812718, '_a5_': 1.0809830456521123, '_a7_': 179.87021893193932, '_a0_': 1.0, '_a4_': 1.0, '_a6_': 1.0}};{'d0': 0.02490583292080381};-272.381177321258;64.12807544072135
34199;-72.0625132199073;(((((_a7_ + (_a3_ + x)) * (x * ((x * ((_a5_ * _a1_) / _a7_)) + _a5_))) * _a1_) + (x * _a7_)) * _a2_);{'d0': {'_a1_': 24.38549032959502, '_a2_': 0.9448822716027224, '_a3_': -186.62247605812718, '_a5_': 1.0809830456521123, '_a7_': 179.87021893193932, '_a0_': 1.0, '_a4_': 1.0, '_a6_': 1.0}};{'d0': 0.02490583292080381};-272.381177321258;64.12807544072135
34200;-103.325842387413;(((-((x + abs(_a2_))) * (x * _a6_)) + _a4_) * x);{'d0': {'_a2_': 0.6238594153346414, '_a4_': 1.775135403121394, '_a6_': -3.376760878306645, '_a0_': 1.0, '_a1_': 1.0, '_a3_': 1.0, '_a5_': 1.0, '_a7_': 1.0}};{'d0': 0.024905832919416632};-280.569866449044;36.9590908371095
34201;-103.325842387413;(((-((x + abs(_a2_))) * (x * _a6_)) + _a4_) * x);{'d0': {'_a2_': 0.6238594153346414, '_a4_': 1.775135403121394, '_a6_': -3.376760878306645, '_a0_': 1.0, '_a1_': 1.0, '_a3_': 1.0, '_a5_': 1.0, '_a7_': 1.0}};{'d0': 0.024905832919416632};-280.569866449044;36.9590908371095
34202;-103.325842387413;(((-((x + abs(_a2_))) * (x * _a6_)) + _a4_) * x);{'d0': {'_a2_': 0.6238594153346414, '_a4_': 1.775135403121394, '_a6_': -3.376760878306645, '_a0_': 1.0, '_a1_': 1.0, '_a3_': 1.0, '_a5_': 1.0, '_a7_': 1.0}};{'d0': 0.024905832919416632};-280.569866449044;36.9590908371095
34203;-103.325842387413;(((-((x + abs(_a2_))) * (x * _a6_)) + _a4_) * x);{'d0': {'_a2_': 0.6238594153346414, '_a4_': 1.775135403121394, '_a6_': -3.376760878306645, '_a0_': 1.0, '_a1_': 1.0, '_a3_': 1.0, '_a5_': 1.0, '_a7_': 1.0}};{'d0': 0.024905832919416632};-280.569866449044;36.9590908371095
34204;-103.325842387413;(((-((x + abs(_a2_))) * (x * _a6_)) + _a4_) * x);{'d0': {'_a2_': 0.6238594153346414, '_a4_': 1.775135403121394, '_a6_': -3.376760878306645, '_a0_': 1.0, '_a1_': 1.0, '_a3_': 1.0, '_a5_': 1.0, '_a7_': 1.0}};{'d0': 0.024905832919416632};-280.569866449044;36.9590908371095
34205;-103.325842387413;(((-((x + abs(_a2_))) * (x * _a6_)) + _a4_) * x);{'d0': {'_a2_': 0.6238594153346414, '_a4_': 1.775135403121394, '_a6_': -3.376760878306645, '_a0_': 1.0, '_a1_': 1.0, '_a3_': 1.0, '_a5_': 1.0, '_a7_': 1.0}};{'d0': 0.024905832919416632};-280.569866449044;36.9590908371095
34206;-103.325842387413;(((-((x + abs(_a2_))) * (x * _a6_)) + _a4_) * x);{'d0': {'_a2_': 0.6238594153346414, '_a4_': 1.775135403121394, '_a6_': -3.376760878306645, '_a0_': 1.0, '_a1_': 1.0, '_a3_': 1.0, '_a5_': 1.0, '_a7_': 1.0}};{'d0': 0.024905832919416632};-280.569866449044;36.9590908371095
34207;-103.325842387413;(((-((x + abs(_a2_))) * (x * _a6_)) + _a4_) * x);{'d0': {'_a2_': 0.6238594153346414, '_a4_': 1.775135403121394, '_a6_': -3.376760878306645, '_a0_': 1.0, '_a1_': 1.0, '_a3_': 1.0, '_a5_': 1.0, '_a7_': 1.0}};{'d0': 0.024905832919416632};-280.569866449044;36.9590908371095
34208;-103.325842387413;(((-((x + abs(_a2_))) * (x * _a6_)) + _a4_) * x);{'d0': {'_a2_': 0.6238594153346414, '_a4_': 1.775135403121394, '_a6_': -3.376760878306645, '_a0_': 1.0, '_a1_': 1.0, '_a3_': 1.0, '_a5_': 1.0, '_a7_': 1.0}};{'d0': 0.024905832919416632};-280.569866449044;36.9590908371095
34209;-103.325842387413;(((-((x + abs(_a2_))) * (x * _a6_)) + _a4_) * x);{'d0': {'_a2_': 0.6238594153346414, '_a4_': 1.775135403121394, '_a6_': -3.376760878306645, '_a0_': 1.0, '_a1_': 1.0, '_a3_': 1.0, '_a5_': 1.0, '_a7_': 1.0}};{'d0': 0.024905832919416632};-280.569866449044;36.9590908371095
34210;-103.325842387413;(((-((x + abs(_a2_))) * (x * _a6_)) + _a4_) * x);{'d0': {'_a2_': 0.6238594153346414, '_a4_': 1.775135403121394, '_a6_': -3.376760878306645, '_a0_': 1.0, '_a1_': 1.0, '_a3_': 1.0, '_a5_': 1.0, '_a7_': 1.0}};{'d0': 0.024905832919416632};-280.569866449044;36.9590908371095
34211;-103.325842387413;(((-((x + abs(_a2_))) * (x * _a6_)) + _a4_) * x);{'d0': {'_a2_': 0.6238594153346414, '_a4_': 1.775135403121394, '_a6_': -3.376760878306645, '_a0_': 1.0, '_a1_': 1.0, '_a3_': 1.0, '_a5_': 1.0, '_a7_': 1.0}};{'d0': 0.024905832919416632};-280.569866449044;36.9590908371095
34212;-99.6453901491515;(((-((x + abs(_a2_))) * (x * -(_a5_))) + _a4_) * x);{'d0': {'_a2_': 0.6238594155533191, '_a4_': 1.7751354041415575, '_a5_': 3.37676087869771, '_a0_': 1.0, '_a1_': 1.0, '_a3_': 1.0, '_a6_': 1.0, '_a7_': 1.0}};{'d0': 0.02490583291941664};-280.569866449044;40.63954307537067
34213;-99.6453901491515;(((-((x + abs(_a2_))) * (x * -(_a5_))) + _a4_) * x);{'d0': {'_a2_': 0.6238594155533191, '_a4_': 1.7751354041415575, '_a5_': 3.37676087869771, '_a0_': 1.0, '_a1_': 1.0, '_a3_': 1.0, '_a6_': 1.0, '_a7_': 1.0}};{'d0': 0.02490583291941664};-280.569866449044;40.63954307537067
34214;-99.6453901491515;(((-((x + abs(_a2_))) * (x * -(_a5_))) + _a4_) * x);{'d0': {'_a2_': 0.6238594155533191, '_a4_': 1.7751354041415575, '_a5_': 3.37676087869771, '_a0_': 1.0, '_a1_': 1.0, '_a3_': 1.0, '_a6_': 1.0, '_a7_': 1.0}};{'d0': 0.02490583291941664};-280.569866449044;40.63954307537067
34215;-99.6453901491515;(((-((x + abs(_a2_))) * (x * -(_a5_))) + _a4_) * x);{'d0': {'_a2_': 0.6238594155533191, '_a4_': 1.7751354041415575, '_a5_': 3.37676087869771, '_a0_': 1.0, '_a1_': 1.0, '_a3_': 1.0, '_a6_': 1.0, '_a7_': 1.0}};{'d0': 0.02490583291941664};-280.569866449044;40.63954307537067
34216;-99.6453901491515;(((-((x + abs(_a2_))) * (x * -(_a5_))) + _a4_) * x);{'d0': {'_a2_': 0.6238594155533191, '_a4_': 1.7751354041415575, '_a5_': 3.37676087869771, '_a0_': 1.0, '_a1_': 1.0, '_a3_': 1.0, '_a6_': 1.0, '_a7_': 1.0}};{'d0': 0.02490583291941664};-280.569866449044;40.63954307537067
34217;-99.6453901491515;(((-((x + abs(_a2_))) * (x * -(_a5_))) + _a4_) * x);{'d0': {'_a2_': 0.6238594155533191, '_a4_': 1.7751354041415575, '_a5_': 3.37676087869771, '_a0_': 1.0, '_a1_': 1.0, '_a3_': 1.0, '_a6_': 1.0, '_a7_': 1.0}};{'d0': 0.02490583291941664};-280.569866449044;40.63954307537067
34218;-99.6453901491515;(((-((x + abs(_a2_))) * (x * -(_a5_))) + _a4_) * x);{'d0': {'_a2_': 0.6238594155533191, '_a4_': 1.7751354041415575, '_a5_': 3.37676087869771, '_a0_': 1.0, '_a1_': 1.0, '_a3_': 1.0, '_a6_': 1.0, '_a7_': 1.0}};{'d0': 0.02490583291941664};-280.569866449044;40.63954307537067
34219;-99.6453901491515;(((-((x + abs(_a2_))) * (x * -(_a5_))) + _a4_) * x);{'d0': {'_a2_': 0.6238594155533191, '_a4_': 1.7751354041415575, '_a5_': 3.37676087869771, '_a0_': 1.0, '_a1_': 1.0, '_a3_': 1.0, '_a6_': 1.0, '_a7_': 1.0}};{'d0': 0.02490583291941664};-280.569866449044;40.63954307537067
34220;-99.6453901491515;(((-((x + abs(_a2_))) * (x * -(_a5_))) + _a4_) * x);{'d0': {'_a2_': 0.6238594155533191, '_a4_': 1.7751354041415575, '_a5_': 3.37676087869771, '_a0_': 1.0, '_a1_': 1.0, '_a3_': 1.0, '_a6_': 1.0, '_a7_': 1.0}};{'d0': 0.02490583291941664};-280.569866449044;40.63954307537067
34221;-71.3917021978038;(((((_a1_ + (_a3_ + x)) * (x * ((x / ((_a5_ * _a1_) / _a2_)) + _a5_))) * _a1_) + (x * _a7_)) * _a2_);{'d0': {'_a1_': 5.4694870359756225, '_a2_': 0.22339473006579544, '_a3_': -4.850975291634553, '_a5_': 0.014779016123607136, '_a7_': 7.89618612973665, '_a0_': 1.0, '_a4_': 1.0, '_a6_': 1.0}};{'d0': 0.024905832919458325};-272.381177324499;64.79888646444554
34222;-71.3917021966712;(((((_a1_ + (_a3_ + x)) * (x * ((x / ((_a5_ * _a1_) / _a7_)) + _a5_))) * _a1_) + (x * _a7_)) * _a2_);{'d0': {'_a1_': 4.060770383012272, '_a2_': 0.4605500507005786, '_a3_': -5.626226346734945, '_a5_': 3.952968573712456, '_a7_': 28.983233526428698, '_a0_': 1.0, '_a4_': 1.0, '_a6_': 1.0}};{'d0': 0.02490583292039864};-272.381177322234;64.79888646444554
34223;-71.3917021966712;(((((_a1_ + (_a3_ + x)) * (x * ((x / ((_a5_ * _a1_) / _a7_)) + _a5_))) * _a1_) + (x * _a7_)) * _a2_);{'d0': {'_a1_': 4.060770383012272, '_a2_': 0.4605500507005786, '_a3_': -5.626226346734945, '_a5_': 3.952968573712456, '_a7_': 28.983233526428698, '_a0_': 1.0, '_a4_': 1.0, '_a6_': 1.0}};{'d0': 0.02490583292039864};-272.381177322234;64.79888646444554
34224;-71.3917021966712;(((((_a1_ + (_a3_ + x)) * (x * ((x / ((_a5_ * _a1_) / _a7_)) + _a5_))) * _a1_) + (x * _a7_)) * _a2_);{'d0': {'_a1_': 4.060770383012272, '_a2_': 0.4605500507005786, '_a3_': -5.626226346734945, '_a5_': 3.952968573712456, '_a7_': 28.983233526428698, '_a0_': 1.0, '_a4_': 1.0, '_a6_': 1.0}};{'d0': 0.02490583292039864};-272.381177322234;64.79888646444554
34225;-71.3917021942390;(((((_a1_ + (_a3_ + x)) * (x * ((x / ((_a5_ * _a1_) / _a7_)) + x))) * _a1_) + (x * _a7_)) * _a2_);{'d0': {'_a1_': 0.9107417222393672, '_a2_': 0.734216585854164, '_a3_': -0.28688230660092096, '_a5_': 0.6554956542733555, '_a7_': 2.4177271915621095, '_a0_': 1.0, '_a4_': 1.0, '_a6_': 1.0}};{'d0': 0.024905832922417805};-272.381177317369;64.79888646444554
34226;-71.3917021942390;(((((_a1_ + (_a3_ + x)) * (x * ((x / ((_a5_ * _a1_) / _a7_)) + x))) * _a1_) + (x * _a7_)) * _a2_);{'d0': {'_a1_': 0.9107417222393672, '_a2_': 0.734216585854164, '_a3_': -0.28688230660092096, '_a5_': 0.6554956542733555, '_a7_': 2.4177271915621095, '_a0_': 1.0, '_a4_': 1.0, '_a6_': 1.0}};{'d0': 0.024905832922417805};-272.381177317369;64.79888646444554
34227;-71.3917021942390;(((((_a1_ + (_a3_ + x)) * (x * ((x / ((_a5_ * _a1_) / _a7_)) + x))) * _a1_) + (x * _a7_)) * _a2_);{'d0': {'_a1_': 0.9107417222393672, '_a2_': 0.734216585854164, '_a3_': -0.28688230660092096, '_a5_': 0.6554956542733555, '_a7_': 2.4177271915621095, '_a0_': 1.0, '_a4_': 1.0, '_a6_': 1.0}};{'d0': 0.024905832922417805};-272.381177317369;64.79888646444554
34228;-71.3083239548027;(((((_a1_ + (_a3_ + x)) * (x * ((x / ((_a5_ * _a1_) + _a7_)) + x))) * _a1_) + (x * _a7_)) * _a2_);{'d0': {'_a1_': 3.818081514376697, '_a2_': 0.8920153062781757, '_a3_': -3.1942220990090897, '_a5_': -31.25099123827391, '_a7_': 1.9900279491361086, '_a0_': 1.0, '_a4_': 1.0, '_a6_': 1.0}};{'d0': 0.024905832921217005};-272.381177320262;64.88226470532834
34229;-71.3083239548027;(((((_a1_ + (_a3_ + x)) * (x * ((x / ((_a5_ * _a1_) + _a7_)) + x))) * _a1_) + (x * _a7_)) * _a2_);{'d0': {'_a1_': 3.818081514376697, '_a2_': 0.8920153062781757, '_a3_': -3.1942220990090897, '_a5_': -31.25099123827391, '_a7_': 1.9900279491361086, '_a0_': 1.0, '_a4_': 1.0, '_a6_': 1.0}};{'d0': 0.024905832921217005};-272.381177320262;64.88226470532834
34230;-71.3083239548027;(((((_a1_ + (_a3_ + x)) * (x * ((x / ((_a5_ * _a1_) + _a7_)) + x))) * _a1_) + (x * _a7_)) * _a2_);{'d0': {'_a1_': 3.818081514376697, '_a2_': 0.8920153062781757, '_a3_': -3.1942220990090897, '_a5_': -31.25099123827391, '_a7_': 1.9900279491361086, '_a0_': 1.0, '_a4_': 1.0, '_a6_': 1.0}};{'d0': 0.024905832921217005};-272.381177320262;64.88226470532834
34231;-71.3083239548027;(((((_a1_ + (_a3_ + x)) * (x * ((x / ((_a5_ * _a1_) + _a7_)) + x))) * _a1_) + (x * _a7_)) * _a2_);{'d0': {'_a1_': 3.818081514376697, '_a2_': 0.8920153062781757, '_a3_': -3.1942220990090897, '_a5_': -31.25099123827391, '_a7_': 1.9900279491361086, '_a0_': 1.0, '_a4_': 1.0, '_a6_': 1.0}};{'d0': 0.024905832921217005};-272.381177320262;64.88226470532834
34232;-71.3083239548027;(((((_a1_ + (_a3_ + x)) * (x * ((x / ((_a5_ * _a1_) + _a7_)) + x))) * _a1_) + (x * _a7_)) * _a2_);{'d0': {'_a1_': 3.818081514376697, '_a2_': 0.8920153062781757, '_a3_': -3.1942220990090897, '_a5_': -31.25099123827391, '_a7_': 1.9900279491361086, '_a0_': 1.0, '_a4_': 1.0, '_a6_': 1.0}};{'d0': 0.024905832921217005};-272.381177320262;64.88226470532834
34233;-71.3083239548027;(((((_a1_ + (_a3_ + x)) * (x * ((x / ((_a5_ * _a1_) + _a7_)) + x))) * _a1_) + (x * _a7_)) * _a2_);{'d0': {'_a1_': 3.818081514376697, '_a2_': 0.8920153062781757, '_a3_': -3.1942220990090897, '_a5_': -31.25099123827391, '_a7_': 1.9900279491361086, '_a0_': 1.0, '_a4_': 1.0, '_a6_': 1.0}};{'d0': 0.024905832921217005};-272.381177320262;64.88226470532834
34234;-70.4817774059152;(((((_a1_ + (_a3_ + x)) * (x * ((x / ((_a5_ + _a1_) + _a7_)) + x))) * _a1_) + (x * _a7_)) * _a2_);{'d0': {'_a1_': 3.8188287683199333, '_a2_': 0.8935195695525163, '_a3_': -3.194969352738601, '_a5_': -102.0927096709449, '_a7_': 1.986677699133246, '_a0_': 1.0, '_a4_': 1.0, '_a6_': 1.0}};{'d0': 0.024905832919522117};-272.381177324345;65.70881125625733
34235;-70.4817774059152;(((((_a1_ + (_a3_ + x)) * (x * ((x / ((_a5_ + _a1_) + _a7_)) + x))) * _a1_) + (x * _a7_)) * _a2_);{'d0': {'_a1_': 3.8188287683199333, '_a2_': 0.8935195695525163, '_a3_': -3.194969352738601, '_a5_': -102.0927096709449, '_a7_': 1.986677699133246, '_a0_': 1.0, '_a4_': 1.0, '_a6_': 1.0}};{'d0': 0.024905832919522117};-272.381177324345;65.70881125625733
34236;-70.4817774059152;(((((_a1_ + (_a3_ + x)) * (x * ((x / ((_a5_ + _a1_) + _a7_)) + x))) * _a1_) + (x * _a7_)) * _a2_);{'d0': {'_a1_': 3.8188287683199333, '_a2_': 0.8935195695525163, '_a3_': -3.194969352738601, '_a5_': -102.0927096709449, '_a7_': 1.986677699133246, '_a0_': 1.0, '_a4_': 1.0, '_a6_': 1.0}};{'d0': 0.024905832919522117};-272.381177324345;65.70881125625733
34237;-71.3083239249197;(((((_a1_ + (_a3_ + x)) * (x * ((x / ((_a5_ + _a1_) * _a7_)) + x))) * _a1_) + (x * _a7_)) * _a2_);{'d0': {'_a1_': 3.818949109017863, '_a2_': 0.8940759459413641, '_a3_': -3.1950896938219926, '_a5_': -49.46517041246541, '_a7_': 1.985441372636377, '_a0_': 1.0, '_a4_': 1.0, '_a6_': 1.0}};{'d0': 0.024905832946025636};-272.381177260496;64.88226470532834
34238;-71.3083239249197;(((((_a1_ + (_a3_ + x)) * (x * ((x / ((_a5_ + _a1_) * _a7_)) + x))) * _a1_) + (x * _a7_)) * _a2_);{'d0': {'_a1_': 3.818949109017863, '_a2_': 0.8940759459413641, '_a3_': -3.1950896938219926, '_a5_': -49.46517041246541, '_a7_': 1.985441372636377, '_a0_': 1.0, '_a4_': 1.0, '_a6_': 1.0}};{'d0': 0.024905832946025636};-272.381177260496;64.88226470532834
34239;-92.6488779425834;(((-((x + abs(_a2_))) * (x * -(_a5_))) + _a4_) * (_a6_ * x));{'d0': {'_a2_': 0.6238594155533191, '_a4_': 1.7751354041415575, '_a5_': 3.37676087869771, '_a6_': 1.0, '_a0_': 1.0, '_a1_': 1.0, '_a3_': 1.0, '_a7_': 1.0}};{'d0': 0.02490583291941664};-276.475521886821;45.588883000827664
34240;-92.6488779425834;(((-((x + abs(_a2_))) * (x * -(_a5_))) + _a4_) * (_a6_ * x));{'d0': {'_a2_': 0.6238594155533191, '_a4_': 1.7751354041415575, '_a5_': 3.37676087869771, '_a6_': 1.0, '_a0_': 1.0, '_a1_': 1.0, '_a3_': 1.0, '_a7_': 1.0}};{'d0': 0.02490583291941664};-276.475521886821;45.588883000827664
34241;-101.720115744044;(((-((x + _a5_)) * (x * -(_a5_))) + _a4_) * (_a6_ * x));{'d0': {'_a4_': 0.32795776041542324, '_a5_': 0.6238594154206845, '_a6_': 5.412695225094212, '_a0_': 1.0, '_a1_': 1.0, '_a2_': 1.0, '_a3_': 1.0, '_a7_': 1.0}};{'d0': 0.02490583291941666};-280.569866449044;38.564817480477664
34242;-101.720115744044;(((-((x + _a5_)) * (x * -(_a5_))) + _a4_) * (_a6_ * x));{'d0': {'_a4_': 0.32795776041542324, '_a5_': 0.6238594154206845, '_a6_': 5.412695225094212, '_a0_': 1.0, '_a1_': 1.0, '_a2_': 1.0, '_a3_': 1.0, '_a7_': 1.0}};{'d0': 0.02490583291941666};-280.569866449044;38.564817480477664
34243;-65.5175483362103;(((((_a1_ + (_a3_ + x)) * (x * ((x / ((_a5_ / _a1_) * (_a3_ / _a2_))) + x))) * _a1_) + (x * _a7_)) * _a2_);{'d0': {'_a1_': 3.816085932049085, '_a2_': 0.8775701305661866, '_a3_': -3.192226516363811, '_a5_': -126.00643764316841, '_a7_': 2.022784656675979, '_a0_': 1.0, '_a4_': 1.0, '_a6_': 1.0}};{'d0': 0.024905832929172873};-272.381177301096;70.67304031433754
34244;-65.5175483362103;(((((_a1_ + (_a3_ + x)) * (x * ((x / ((_a5_ / _a1_) * (_a3_ / _a2_))) + x))) * _a1_) + (x * _a7_)) * _a2_);{'d0': {'_a1_': 3.816085932049085, '_a2_': 0.8775701305661866, '_a3_': -3.192226516363811, '_a5_': -126.00643764316841, '_a7_': 2.022784656675979, '_a0_': 1.0, '_a4_': 1.0, '_a6_': 1.0}};{'d0': 0.024905832929172873};-272.381177301096;70.67304031433754
34245;-101.720115744044;(((-((x + _a5_)) * (x * -(_a5_))) + _a4_) * (_a6_ * x));{'d0': {'_a4_': 0.32795776041542324, '_a5_': 0.6238594154206845, '_a6_': 5.412695225094212, '_a0_': 1.0, '_a1_': 1.0, '_a2_': 1.0, '_a3_': 1.0, '_a7_': 1.0}};{'d0': 0.02490583291941666};-280.569866449044;38.564817480477664
34246;-101.720115744044;(((-((x + _a5_)) * (x * -(_a5_))) + _a4_) * (_a6_ * x));{'d0': {'_a4_': 0.32795776041542324, '_a5_': 0.6238594154206845, '_a6_': 5.412695225094212, '_a0_': 1.0, '_a1_': 1.0, '_a2_': 1.0, '_a3_': 1.0, '_a7_': 1.0}};{'d0': 0.02490583291941666};-280.569866449044;38.564817480477664
34247;-101.720115744044;(((-((x + _a5_)) * (x * -(_a5_))) + _a4_) * (_a6_ * x));{'d0': {'_a4_': 0.32795776041542324, '_a5_': 0.6238594154206845, '_a6_': 5.412695225094212, '_a0_': 1.0, '_a1_': 1.0, '_a2_': 1.0, '_a3_': 1.0, '_a7_': 1.0}};{'d0': 0.02490583291941666};-280.569866449044;38.564817480477664
34248;-72.6587751270666;((((_a1_ + (_a3_ + x)) * (x * ((x / ((_a5_ / _a1_) * (_a3_ / _a1_))) + x))) * _a1_) + (x * _a7_));{'d0': {'_a1_': 3.3767591798172063, '_a3_': -2.7528997635300563, '_a5_': -6898013.8117784485, '_a7_': 1.7751354062790596, '_a0_': 1.0, '_a2_': 1.0, '_a4_': 1.0, '_a6_': 1.0}};{'d0': 0.024905832919505863};-276.475521886606;65.57898581623654
34249;-72.6587751270666;((((_a1_ + (_a3_ + x)) * (x * ((x / ((_a5_ / _a1_) * (_a3_ / _a1_))) + x))) * _a1_) + (x * _a7_));{'d0': {'_a1_': 3.3767591798172063, '_a3_': -2.7528997635300563, '_a5_': -6898013.8117784485, '_a7_': 1.7751354062790596, '_a0_': 1.0, '_a2_': 1.0, '_a4_': 1.0, '_a6_': 1.0}};{'d0': 0.024905832919505863};-276.475521886606;65.57898581623654
34250;-70.6116028312066;((((_a1_ + (_a3_ + x)) * (x * ((_a0_ / ((_a5_ / _a1_) * (_a3_ / _a1_))) + x))) * _a1_) + (x * _a7_));{'d0': {'_a0_': 1.0, '_a1_': 3.3767591798172063, '_a3_': -2.7528997635300563, '_a5_': -6898013.8117784485, '_a7_': 1.7751354062790596, '_a2_': 1.0, '_a4_': 1.0, '_a6_': 1.0}};{'d0': 0.024905832931750412};-272.381177294886;65.57898581623654
34251;-70.6116028312066;((((_a1_ + (_a3_ + x)) * (x * ((_a0_ / ((_a5_ / _a1_) * (_a3_ / _a1_))) + x))) * _a1_) + (x * _a7_));{'d0': {'_a0_': 1.0, '_a1_': 3.3767591798172063, '_a3_': -2.7528997635300563, '_a5_': -6898013.8117784485, '_a7_': 1.7751354062790596, '_a2_': 1.0, '_a4_': 1.0, '_a6_': 1.0}};{'d0': 0.024905832931750412};-272.381177294886;65.57898581623654
34252;-70.6116028312066;((((_a1_ + (_a3_ + x)) * (x * ((_a0_ / ((_a5_ / _a1_) * (_a3_ / _a1_))) + x))) * _a1_) + (x * _a7_));{'d0': {'_a0_': 1.0, '_a1_': 3.3767591798172063, '_a3_': -2.7528997635300563, '_a5_': -6898013.8117784485, '_a7_': 1.7751354062790596, '_a2_': 1.0, '_a4_': 1.0, '_a6_': 1.0}};{'d0': 0.024905832931750412};-272.381177294886;65.57898581623654
34253;-70.6116028312066;((((_a1_ + (_a3_ + x)) * (x * ((_a0_ / ((_a5_ / _a1_) * (_a3_ / _a1_))) + x))) * _a1_) + (x * _a7_));{'d0': {'_a0_': 1.0, '_a1_': 3.3767591798172063, '_a3_': -2.7528997635300563, '_a5_': -6898013.8117784485, '_a7_': 1.7751354062790596, '_a2_': 1.0, '_a4_': 1.0, '_a6_': 1.0}};{'d0': 0.024905832931750412};-272.381177294886;65.57898581623654
34254;-101.720115744044;(((-((x + _a5_)) * (x * -(_a5_))) + _a4_) * (_a6_ * x));{'d0': {'_a4_': 0.32795776041542324, '_a5_': 0.6238594154206845, '_a6_': 5.412695225094212, '_a0_': 1.0, '_a1_': 1.0, '_a2_': 1.0, '_a3_': 1.0, '_a7_': 1.0}};{'d0': 0.02490583291941666};-280.569866449044;38.564817480477664
34255;-101.720115744044;(((-((x + _a5_)) * (x * -(_a5_))) + _a4_) * (_a6_ * x));{'d0': {'_a4_': 0.32795776041542324, '_a5_': 0.6238594154206845, '_a6_': 5.412695225094212, '_a0_': 1.0, '_a1_': 1.0, '_a2_': 1.0, '_a3_': 1.0, '_a7_': 1.0}};{'d0': 0.02490583291941666};-280.569866449044;38.564817480477664
34256;-101.720115744044;(((-((x + _a5_)) * (x * -(_a5_))) + _a4_) * (_a6_ * x));{'d0': {'_a4_': 0.32795776041542324, '_a5_': 0.6238594154206845, '_a6_': 5.412695225094212, '_a0_': 1.0, '_a1_': 1.0, '_a2_': 1.0, '_a3_': 1.0, '_a7_': 1.0}};{'d0': 0.02490583291941666};-280.569866449044;38.564817480477664
34257;-101.720115744044;(((-((x + _a5_)) * (x * -(_a5_))) + _a4_) * (_a6_ * x));{'d0': {'_a4_': 0.32795776041542324, '_a5_': 0.6238594154206845, '_a6_': 5.412695225094212, '_a0_': 1.0, '_a1_': 1.0, '_a2_': 1.0, '_a3_': 1.0, '_a7_': 1.0}};{'d0': 0.02490583291941666};-280.569866449044;38.564817480477664
34258;-101.720115744044;(((-((x + _a5_)) * (x * -(_a5_))) + _a4_) * (_a6_ * x));{'d0': {'_a4_': 0.32795776041542324, '_a5_': 0.6238594154206845, '_a6_': 5.412695225094212, '_a0_': 1.0, '_a1_': 1.0, '_a2_': 1.0, '_a3_': 1.0, '_a7_': 1.0}};{'d0': 0.02490583291941666};-280.569866449044;38.564817480477664
34259;-101.720115744044;(((-((x + _a5_)) * (x * -(_a5_))) + _a4_) * (_a6_ * x));{'d0': {'_a4_': 0.32795776041542324, '_a5_': 0.6238594154206845, '_a6_': 5.412695225094212, '_a0_': 1.0, '_a1_': 1.0, '_a2_': 1.0, '_a3_': 1.0, '_a7_': 1.0}};{'d0': 0.02490583291941666};-280.569866449044;38.564817480477664
34260;-101.720115744044;(((-((x + _a5_)) * (x * -(_a5_))) + _a4_) * (_a6_ * x));{'d0': {'_a4_': 0.32795776041542324, '_a5_': 0.6238594154206845, '_a6_': 5.412695225094212, '_a0_': 1.0, '_a1_': 1.0, '_a2_': 1.0, '_a3_': 1.0, '_a7_': 1.0}};{'d0': 0.02490583291941666};-280.569866449044;38.564817480477664
34261;-101.720115744044;(((-((x + _a5_)) * (x * -(_a5_))) + _a4_) * (_a6_ * x));{'d0': {'_a4_': 0.32795776041542324, '_a5_': 0.6238594154206845, '_a6_': 5.412695225094212, '_a0_': 1.0, '_a1_': 1.0, '_a2_': 1.0, '_a3_': 1.0, '_a7_': 1.0}};{'d0': 0.02490583291941666};-280.569866449044;38.564817480477664
34262;-101.720115744044;(((-((x + _a5_)) * (x * -(_a5_))) + _a4_) * (_a6_ * x));{'d0': {'_a4_': 0.32795776041542324, '_a5_': 0.6238594154206845, '_a6_': 5.412695225094212, '_a0_': 1.0, '_a1_': 1.0, '_a2_': 1.0, '_a3_': 1.0, '_a7_': 1.0}};{'d0': 0.02490583291941666};-280.569866449044;38.564817480477664
34263;-101.720115744044;(((-((x + _a5_)) * (x * -(_a5_))) + _a4_) * (_a6_ * x));{'d0': {'_a4_': 0.32795776041542324, '_a5_': 0.6238594154206845, '_a6_': 5.412695225094212, '_a0_': 1.0, '_a1_': 1.0, '_a2_': 1.0, '_a3_': 1.0, '_a7_': 1.0}};{'d0': 0.02490583291941666};-280.569866449044;38.564817480477664
34264;-101.720115744044;(((-((x + _a5_)) * (x * -(_a5_))) + _a4_) * (_a6_ * x));{'d0': {'_a4_': 0.32795776041542324, '_a5_': 0.6238594154206845, '_a6_': 5.412695225094212, '_a0_': 1.0, '_a1_': 1.0, '_a2_': 1.0, '_a3_': 1.0, '_a7_': 1.0}};{'d0': 0.02490583291941666};-280.569866449044;38.564817480477664
34265;-101.720115744044;(((-((x + _a5_)) * (x * -(_a5_))) + _a4_) * (_a6_ * x));{'d0': {'_a4_': 0.32795776041542324, '_a5_': 0.6238594154206845, '_a6_': 5.412695225094212, '_a0_': 1.0, '_a1_': 1.0, '_a2_': 1.0, '_a3_': 1.0, '_a7_': 1.0}};{'d0': 0.02490583291941666};-280.569866449044;38.564817480477664
34266;-101.720115744044;(((-((x + _a5_)) * (x * -(_a5_))) + _a4_) * (_a6_ * x));{'d0': {'_a4_': 0.32795776041542324, '_a5_': 0.6238594154206845, '_a6_': 5.412695225094212, '_a0_': 1.0, '_a1_': 1.0, '_a2_': 1.0, '_a3_': 1.0, '_a7_': 1.0}};{'d0': 0.02490583291941666};-280.569866449044;38.564817480477664
34267;-101.720115744044;(((-((x + _a5_)) * (x * -(_a5_))) + _a4_) * (_a6_ * x));{'d0': {'_a4_': 0.32795776041542324, '_a5_': 0.6238594154206845, '_a6_': 5.412695225094212, '_a0_': 1.0, '_a1_': 1.0, '_a2_': 1.0, '_a3_': 1.0, '_a7_': 1.0}};{'d0': 0.02490583291941666};-280.569866449044;38.564817480477664
34268;-101.720115744044;(((-((x + _a5_)) * (x * -(_a5_))) + _a4_) * (_a6_ * x));{'d0': {'_a4_': 0.32795776041542324, '_a5_': 0.6238594154206845, '_a6_': 5.412695225094212, '_a0_': 1.0, '_a1_': 1.0, '_a2_': 1.0, '_a3_': 1.0, '_a7_': 1.0}};{'d0': 0.02490583291941666};-280.569866449044;38.564817480477664
34269;-101.720115744044;(((-((x + _a5_)) * (x * -(_a5_))) + _a4_) * (_a6_ * x));{'d0': {'_a4_': 0.32795776041542324, '_a5_': 0.6238594154206845, '_a6_': 5.412695225094212, '_a0_': 1.0, '_a1_': 1.0, '_a2_': 1.0, '_a3_': 1.0, '_a7_': 1.0}};{'d0': 0.02490583291941666};-280.569866449044;38.564817480477664
34270;-101.720115744044;(((-((x + _a5_)) * (x * -(_a5_))) + _a4_) * (_a6_ * x));{'d0': {'_a4_': 0.32795776041542324, '_a5_': 0.6238594154206845, '_a6_': 5.412695225094212, '_a0_': 1.0, '_a1_': 1.0, '_a2_': 1.0, '_a3_': 1.0, '_a7_': 1.0}};{'d0': 0.02490583291941666};-280.569866449044;38.564817480477664
34271;-101.720115744044;(((-((x + _a5_)) * (x * -(_a5_))) + _a4_) * (_a6_ * x));{'d0': {'_a4_': 0.32795776041542324, '_a5_': 0.6238594154206845, '_a6_': 5.412695225094212, '_a0_': 1.0, '_a1_': 1.0, '_a2_': 1.0, '_a3_': 1.0, '_a7_': 1.0}};{'d0': 0.02490583291941666};-280.569866449044;38.564817480477664
34272;-101.720115744044;(((-((x + _a5_)) * (x * -(_a5_))) + _a4_) * (_a6_ * x));{'d0': {'_a4_': 0.32795776041542324, '_a5_': 0.6238594154206845, '_a6_': 5.412695225094212, '_a0_': 1.0, '_a1_': 1.0, '_a2_': 1.0, '_a3_': 1.0, '_a7_': 1.0}};{'d0': 0.02490583291941666};-280.569866449044;38.564817480477664
34273;-101.720115744044;(((-((x + _a5_)) * (x * -(_a5_))) + _a4_) * (_a6_ * x));{'d0': {'_a4_': 0.32795776041542324, '_a5_': 0.6238594154206845, '_a6_': 5.412695225094212, '_a0_': 1.0, '_a1_': 1.0, '_a2_': 1.0, '_a3_': 1.0, '_a7_': 1.0}};{'d0': 0.02490583291941666};-280.569866449044;38.564817480477664
34274;-101.720115744044;(((-((x + _a5_)) * (x * -(_a5_))) + _a4_) * (_a6_ * x));{'d0': {'_a4_': 0.32795776041542324, '_a5_': 0.6238594154206845, '_a6_': 5.412695225094212, '_a0_': 1.0, '_a1_': 1.0, '_a2_': 1.0, '_a3_': 1.0, '_a7_': 1.0}};{'d0': 0.02490583291941666};-280.569866449044;38.564817480477664
34275;-101.720115744044;(((-((x + _a5_)) * (x * -(_a5_))) + _a4_) * (_a6_ * x));{'d0': {'_a4_': 0.32795776041542324, '_a5_': 0.6238594154206845, '_a6_': 5.412695225094212, '_a0_': 1.0, '_a1_': 1.0, '_a2_': 1.0, '_a3_': 1.0, '_a7_': 1.0}};{'d0': 0.02490583291941666};-280.569866449044;38.564817480477664
34276;-93.9528531383582;(((((pow2((x / pow2(_a0_))) + (_a7_ * _a0_)) + x) * x) + x) / _a3_);{'d0': {'_a0_': 0.8887337716194461, '_a3_': 0.47469314137511515, '_a7_': -0.1770557217392864, '_a1_': 1.0, '_a2_': 1.0, '_a4_': 1.0, '_a5_': 1.0, '_a6_': 1.0}};{'d0': 0.024905832919416622};-280.569866449044;46.33208008616343
34277;-93.9528531383582;(((((pow2((x / pow2(_a0_))) + (_a7_ * _a0_)) + x) * x) + x) / _a3_);{'d0': {'_a0_': 0.8887337716194461, '_a3_': 0.47469314137511515, '_a7_': -0.1770557217392864, '_a1_': 1.0, '_a2_': 1.0, '_a4_': 1.0, '_a5_': 1.0, '_a6_': 1.0}};{'d0': 0.024905832919416622};-280.569866449044;46.33208008616343
34278;-93.9528531383582;(((((pow2((x / pow2(_a0_))) + (_a7_ * _a0_)) + x) * x) + x) / _a3_);{'d0': {'_a0_': 0.8887337716194461, '_a3_': 0.47469314137511515, '_a7_': -0.1770557217392864, '_a1_': 1.0, '_a2_': 1.0, '_a4_': 1.0, '_a5_': 1.0, '_a6_': 1.0}};{'d0': 0.024905832919416622};-280.569866449044;46.33208008616343
34279;-93.9528531383582;(((((pow2((x / pow2(_a0_))) + (_a7_ * _a0_)) + x) * x) + x) / _a3_);{'d0': {'_a0_': 0.8887337716194461, '_a3_': 0.47469314137511515, '_a7_': -0.1770557217392864, '_a1_': 1.0, '_a2_': 1.0, '_a4_': 1.0, '_a5_': 1.0, '_a6_': 1.0}};{'d0': 0.024905832919416622};-280.569866449044;46.33208008616343
34280;-93.9528531383582;(((((pow2((x / pow2(_a0_))) + (_a7_ * _a0_)) + x) * x) + x) / _a3_);{'d0': {'_a0_': 0.8887337716194461, '_a3_': 0.47469314137511515, '_a7_': -0.1770557217392864, '_a1_': 1.0, '_a2_': 1.0, '_a4_': 1.0, '_a5_': 1.0, '_a6_': 1.0}};{'d0': 0.024905832919416622};-280.569866449044;46.33208008616343
34281;-101.720115744044;(((-((x + _a5_)) * (x * -(_a5_))) + _a4_) * (_a6_ * x));{'d0': {'_a4_': 0.32795776041542324, '_a5_': 0.6238594154206845, '_a6_': 5.412695225094212, '_a0_': 1.0, '_a1_': 1.0, '_a2_': 1.0, '_a3_': 1.0, '_a7_': 1.0}};{'d0': 0.02490583291941666};-280.569866449044;38.564817480477664
34282;-101.720115744044;(((-((x + _a5_)) * (x * -(_a5_))) + _a4_) * (_a6_ * x));{'d0': {'_a4_': 0.32795776041542324, '_a5_': 0.6238594154206845, '_a6_': 5.412695225094212, '_a0_': 1.0, '_a1_': 1.0, '_a2_': 1.0, '_a3_': 1.0, '_a7_': 1.0}};{'d0': 0.02490583291941666};-280.569866449044;38.564817480477664
34283;-101.720115744044;(((-((x + _a5_)) * (x * -(_a5_))) + _a4_) * (_a6_ * x));{'d0': {'_a4_': 0.32795776041542324, '_a5_': 0.6238594154206845, '_a6_': 5.412695225094212, '_a0_': 1.0, '_a1_': 1.0, '_a2_': 1.0, '_a3_': 1.0, '_a7_': 1.0}};{'d0': 0.02490583291941666};-280.569866449044;38.564817480477664
34284;-101.720115744044;(((-((x + _a5_)) * (x * -(_a5_))) + _a4_) * (_a6_ * x));{'d0': {'_a4_': 0.32795776041542324, '_a5_': 0.6238594154206845, '_a6_': 5.412695225094212, '_a0_': 1.0, '_a1_': 1.0, '_a2_': 1.0, '_a3_': 1.0, '_a7_': 1.0}};{'d0': 0.02490583291941666};-280.569866449044;38.564817480477664
34285;-101.720115744044;(((-((x + _a5_)) * (x * -(_a5_))) + _a4_) * (_a6_ * x));{'d0': {'_a4_': 0.32795776041542324, '_a5_': 0.6238594154206845, '_a6_': 5.412695225094212, '_a0_': 1.0, '_a1_': 1.0, '_a2_': 1.0, '_a3_': 1.0, '_a7_': 1.0}};{'d0': 0.02490583291941666};-280.569866449044;38.564817480477664
34286;-101.720115744044;(((-((x + _a5_)) * (x * -(_a5_))) + _a4_) * (_a6_ * x));{'d0': {'_a4_': 0.32795776041542324, '_a5_': 0.6238594154206845, '_a6_': 5.412695225094212, '_a0_': 1.0, '_a1_': 1.0, '_a2_': 1.0, '_a3_': 1.0, '_a7_': 1.0}};{'d0': 0.02490583291941666};-280.569866449044;38.564817480477664
34287;-101.720115744045;(((-((x + _a5_)) * (x * -(_a5_))) + _a7_) * (_a6_ * x));{'d0': {'_a5_': 0.6238594154777628, '_a6_': 5.41269522473644, '_a7_': 0.32795776045825686, '_a0_': 1.0, '_a1_': 1.0, '_a2_': 1.0, '_a3_': 1.0, '_a4_': 1.0}};{'d0': 0.024905832919416594};-280.569866449044;38.564817480477664
34288;-101.720115744045;(((-((x + _a5_)) * (x * -(_a5_))) + _a7_) * (_a6_ * x));{'d0': {'_a5_': 0.6238594154777628, '_a6_': 5.41269522473644, '_a7_': 0.32795776045825686, '_a0_': 1.0, '_a1_': 1.0, '_a2_': 1.0, '_a3_': 1.0, '_a4_': 1.0}};{'d0': 0.024905832919416594};-280.569866449044;38.564817480477664
34289;-101.720115744045;(((-((x + _a5_)) * (x * -(_a5_))) + _a7_) * (_a6_ * x));{'d0': {'_a5_': 0.6238594154777628, '_a6_': 5.41269522473644, '_a7_': 0.32795776045825686, '_a0_': 1.0, '_a1_': 1.0, '_a2_': 1.0, '_a3_': 1.0, '_a4_': 1.0}};{'d0': 0.024905832919416594};-280.569866449044;38.564817480477664
34290;-101.720115744045;(((-((x + _a5_)) * (x * -(_a5_))) + _a7_) * (_a6_ * x));{'d0': {'_a5_': 0.6238594154777628, '_a6_': 5.41269522473644, '_a7_': 0.32795776045825686, '_a0_': 1.0, '_a1_': 1.0, '_a2_': 1.0, '_a3_': 1.0, '_a4_': 1.0}};{'d0': 0.024905832919416594};-280.569866449044;38.564817480477664
34291;-101.720115744045;(((-((x + _a5_)) * (x * -(_a5_))) + _a7_) * (_a6_ * x));{'d0': {'_a5_': 0.6238594154777628, '_a6_': 5.41269522473644, '_a7_': 0.32795776045825686, '_a0_': 1.0, '_a1_': 1.0, '_a2_': 1.0, '_a3_': 1.0, '_a4_': 1.0}};{'d0': 0.024905832919416594};-280.569866449044;38.564817480477664
34292;-78.1530052233290;((exp((-(x) / _a3_)) + (-(((_a6_ * x) * _a2_)) + _a2_)) * -((x / (_a4_ / _a2_))));{'d0': {'_a2_': -0.9995422497872696, '_a3_': 24.192940963448887, '_a4_': 0.00025654409288504876, '_a6_': 0.04189511542416641, '_a0_': 1.0, '_a1_': 1.0, '_a5_': 1.0, '_a7_': 1.0}};{'d0': 0.024831711010635315};-276.654353307426;60.17417143038402
34293;-78.1530052233290;((exp((-(x) / _a3_)) + (-(((_a6_ * x) * _a2_)) + _a2_)) * -((x / (_a4_ / _a2_))));{'d0': {'_a2_': -0.9995422497872696, '_a3_': 24.192940963448887, '_a4_': 0.00025654409288504876, '_a6_': 0.04189511542416641, '_a0_': 1.0, '_a1_': 1.0, '_a5_': 1.0, '_a7_': 1.0}};{'d0': 0.024831711010635315};-276.654353307426;60.17417143038402
34294;-78.1530052233290;((exp((-(x) / _a3_)) + (-(((_a6_ * x) * _a2_)) + _a2_)) * -((x / (_a4_ / _a2_))));{'d0': {'_a2_': -0.9995422497872696, '_a3_': 24.192940963448887, '_a4_': 0.00025654409288504876, '_a6_': 0.04189511542416641, '_a0_': 1.0, '_a1_': 1.0, '_a5_': 1.0, '_a7_': 1.0}};{'d0': 0.024831711010635315};-276.654353307426;60.17417143038402
34295;-78.1530052233290;((exp((-(x) / _a3_)) + (-(((_a6_ * x) * _a2_)) + _a2_)) * -((x / (_a4_ / _a2_))));{'d0': {'_a2_': -0.9995422497872696, '_a3_': 24.192940963448887, '_a4_': 0.00025654409288504876, '_a6_': 0.04189511542416641, '_a0_': 1.0, '_a1_': 1.0, '_a5_': 1.0, '_a7_': 1.0}};{'d0': 0.024831711010635315};-276.654353307426;60.17417143038402
34296;-78.1530052233290;((exp((-(x) / _a3_)) + (-(((_a6_ * x) * _a2_)) + _a2_)) * -((x / (_a4_ / _a2_))));{'d0': {'_a2_': -0.9995422497872696, '_a3_': 24.192940963448887, '_a4_': 0.00025654409288504876, '_a6_': 0.04189511542416641, '_a0_': 1.0, '_a1_': 1.0, '_a5_': 1.0, '_a7_': 1.0}};{'d0': 0.024831711010635315};-276.654353307426;60.17417143038402
34297;-78.1530052233290;((exp((-(x) / _a3_)) + (-(((_a6_ * x) * _a2_)) + _a2_)) * -((x / (_a4_ / _a2_))));{'d0': {'_a2_': -0.9995422497872696, '_a3_': 24.192940963448887, '_a4_': 0.00025654409288504876, '_a6_': 0.04189511542416641, '_a0_': 1.0, '_a1_': 1.0, '_a5_': 1.0, '_a7_': 1.0}};{'d0': 0.024831711010635315};-276.654353307426;60.17417143038402
34298;-78.1530052233290;((exp((-(x) / _a3_)) + (-(((_a6_ * x) * _a2_)) + _a2_)) * -((x / (_a4_ / _a2_))));{'d0': {'_a2_': -0.9995422497872696, '_a3_': 24.192940963448887, '_a4_': 0.00025654409288504876, '_a6_': 0.04189511542416641, '_a0_': 1.0, '_a1_': 1.0, '_a5_': 1.0, '_a7_': 1.0}};{'d0': 0.024831711010635315};-276.654353307426;60.17417143038402
34299;-78.1530052233290;((exp((-(x) / _a3_)) + (-(((_a6_ * x) * _a2_)) + _a2_)) * -((x / (_a4_ / _a2_))));{'d0': {'_a2_': -0.9995422497872696, '_a3_': 24.192940963448887, '_a4_': 0.00025654409288504876, '_a6_': 0.04189511542416641, '_a0_': 1.0, '_a1_': 1.0, '_a5_': 1.0, '_a7_': 1.0}};{'d0': 0.024831711010635315};-276.654353307426;60.17417143038402
34300;-78.1530052233290;((exp((-(x) / _a3_)) + (-(((_a6_ * x) * _a2_)) + _a2_)) * -((x / (_a4_ / _a2_))));{'d0': {'_a2_': -0.9995422497872696, '_a3_': 24.192940963448887, '_a4_': 0.00025654409288504876, '_a6_': 0.04189511542416641, '_a0_': 1.0, '_a1_': 1.0, '_a5_': 1.0, '_a7_': 1.0}};{'d0': 0.024831711010635315};-276.654353307426;60.17417143038402
34301;-78.1530052233290;((exp((-(x) / _a3_)) + (-(((_a6_ * x) * _a2_)) + _a2_)) * -((x / (_a4_ / _a2_))));{'d0': {'_a2_': -0.9995422497872696, '_a3_': 24.192940963448887, '_a4_': 0.00025654409288504876, '_a6_': 0.04189511542416641, '_a0_': 1.0, '_a1_': 1.0, '_a5_': 1.0, '_a7_': 1.0}};{'d0': 0.024831711010635315};-276.654353307426;60.17417143038402
34302;-78.1530052233290;((exp((-(x) / _a3_)) + (-(((_a6_ * x) * _a2_)) + _a2_)) * -((x / (_a4_ / _a2_))));{'d0': {'_a2_': -0.9995422497872696, '_a3_': 24.192940963448887, '_a4_': 0.00025654409288504876, '_a6_': 0.04189511542416641, '_a0_': 1.0, '_a1_': 1.0, '_a5_': 1.0, '_a7_': 1.0}};{'d0': 0.024831711010635315};-276.654353307426;60.17417143038402
34303;-78.1530052233290;((exp((-(x) / _a3_)) + (-(((_a6_ * x) * _a2_)) + _a2_)) * -((x / (_a4_ / _a2_))));{'d0': {'_a2_': -0.9995422497872696, '_a3_': 24.192940963448887, '_a4_': 0.00025654409288504876, '_a6_': 0.04189511542416641, '_a0_': 1.0, '_a1_': 1.0, '_a5_': 1.0, '_a7_': 1.0}};{'d0': 0.024831711010635315};-276.654353307426;60.17417143038402
34304;-78.1530052233290;((exp((-(x) / _a3_)) + (-(((_a6_ * x) * _a2_)) + _a2_)) * -((x / (_a4_ / _a2_))));{'d0': {'_a2_': -0.9995422497872696, '_a3_': 24.192940963448887, '_a4_': 0.00025654409288504876, '_a6_': 0.04189511542416641, '_a0_': 1.0, '_a1_': 1.0, '_a5_': 1.0, '_a7_': 1.0}};{'d0': 0.024831711010635315};-276.654353307426;60.17417143038402
34305;-78.1530052233290;((exp((-(x) / _a3_)) + (-(((_a6_ * x) * _a2_)) + _a2_)) * -((x / (_a4_ / _a2_))));{'d0': {'_a2_': -0.9995422497872696, '_a3_': 24.192940963448887, '_a4_': 0.00025654409288504876, '_a6_': 0.04189511542416641, '_a0_': 1.0, '_a1_': 1.0, '_a5_': 1.0, '_a7_': 1.0}};{'d0': 0.024831711010635315};-276.654353307426;60.17417143038402
34306;-78.1530052233290;((exp((-(x) / _a3_)) + (-(((_a6_ * x) * _a2_)) + _a2_)) * -((x / (_a4_ / _a2_))));{'d0': {'_a2_': -0.9995422497872696, '_a3_': 24.192940963448887, '_a4_': 0.00025654409288504876, '_a6_': 0.04189511542416641, '_a0_': 1.0, '_a1_': 1.0, '_a5_': 1.0, '_a7_': 1.0}};{'d0': 0.024831711010635315};-276.654353307426;60.17417143038402
34307;-78.1530052233290;((exp((-(x) / _a3_)) + (-(((_a6_ * x) * _a2_)) + _a2_)) * -((x / (_a4_ / _a2_))));{'d0': {'_a2_': -0.9995422497872696, '_a3_': 24.192940963448887, '_a4_': 0.00025654409288504876, '_a6_': 0.04189511542416641, '_a0_': 1.0, '_a1_': 1.0, '_a5_': 1.0, '_a7_': 1.0}};{'d0': 0.024831711010635315};-276.654353307426;60.17417143038402
34308;-78.1530052233290;((exp((-(x) / _a3_)) + (-(((_a6_ * x) * _a2_)) + _a2_)) * -((x / (_a4_ / _a2_))));{'d0': {'_a2_': -0.9995422497872696, '_a3_': 24.192940963448887, '_a4_': 0.00025654409288504876, '_a6_': 0.04189511542416641, '_a0_': 1.0, '_a1_': 1.0, '_a5_': 1.0, '_a7_': 1.0}};{'d0': 0.024831711010635315};-276.654353307426;60.17417143038402
34309;-78.1530052233290;((exp((-(x) / _a3_)) + (-(((_a6_ * x) * _a2_)) + _a2_)) * -((x / (_a4_ / _a2_))));{'d0': {'_a2_': -0.9995422497872696, '_a3_': 24.192940963448887, '_a4_': 0.00025654409288504876, '_a6_': 0.04189511542416641, '_a0_': 1.0, '_a1_': 1.0, '_a5_': 1.0, '_a7_': 1.0}};{'d0': 0.024831711010635315};-276.654353307426;60.17417143038402
34310;-78.1530052233290;((exp((-(x) / _a3_)) + (-(((_a6_ * x) * _a2_)) + _a2_)) * -((x / (_a4_ / _a2_))));{'d0': {'_a2_': -0.9995422497872696, '_a3_': 24.192940963448887, '_a4_': 0.00025654409288504876, '_a6_': 0.04189511542416641, '_a0_': 1.0, '_a1_': 1.0, '_a5_': 1.0, '_a7_': 1.0}};{'d0': 0.024831711010635315};-276.654353307426;60.17417143038402
34311;-78.1530052233290;((exp((-(x) / _a3_)) + (-(((_a6_ * x) * _a2_)) + _a2_)) * -((x / (_a4_ / _a2_))));{'d0': {'_a2_': -0.9995422497872696, '_a3_': 24.192940963448887, '_a4_': 0.00025654409288504876, '_a6_': 0.04189511542416641, '_a0_': 1.0, '_a1_': 1.0, '_a5_': 1.0, '_a7_': 1.0}};{'d0': 0.024831711010635315};-276.654353307426;60.17417143038402
34312;-78.1530052233290;((exp((-(x) / _a3_)) + (-(((_a6_ * x) * _a2_)) + _a2_)) * -((x / (_a4_ / _a2_))));{'d0': {'_a2_': -0.9995422497872696, '_a3_': 24.192940963448887, '_a4_': 0.00025654409288504876, '_a6_': 0.04189511542416641, '_a0_': 1.0, '_a1_': 1.0, '_a5_': 1.0, '_a7_': 1.0}};{'d0': 0.024831711010635315};-276.654353307426;60.17417143038402
34313;-78.1530052233290;((exp((-(x) / _a3_)) + (-(((_a6_ * x) * _a2_)) + _a2_)) * -((x / (_a4_ / _a2_))));{'d0': {'_a2_': -0.9995422497872696, '_a3_': 24.192940963448887, '_a4_': 0.00025654409288504876, '_a6_': 0.04189511542416641, '_a0_': 1.0, '_a1_': 1.0, '_a5_': 1.0, '_a7_': 1.0}};{'d0': 0.024831711010635315};-276.654353307426;60.17417143038402
34314;-78.1530052233290;((exp((-(x) / _a3_)) + (-(((_a6_ * x) * _a2_)) + _a2_)) * -((x / (_a4_ / _a2_))));{'d0': {'_a2_': -0.9995422497872696, '_a3_': 24.192940963448887, '_a4_': 0.00025654409288504876, '_a6_': 0.04189511542416641, '_a0_': 1.0, '_a1_': 1.0, '_a5_': 1.0, '_a7_': 1.0}};{'d0': 0.024831711010635315};-276.654353307426;60.17417143038402
34315;-78.1530052233290;((exp((-(x) / _a3_)) + (-(((_a6_ * x) * _a2_)) + _a2_)) * -((x / (_a4_ / _a2_))));{'d0': {'_a2_': -0.9995422497872696, '_a3_': 24.192940963448887, '_a4_': 0.00025654409288504876, '_a6_': 0.04189511542416641, '_a0_': 1.0, '_a1_': 1.0, '_a5_': 1.0, '_a7_': 1.0}};{'d0': 0.024831711010635315};-276.654353307426;60.17417143038402
34316;-78.1530052233290;((exp((-(x) / _a3_)) + (-(((_a6_ * x) * _a2_)) + _a2_)) * -((x / (_a4_ / _a2_))));{'d0': {'_a2_': -0.9995422497872696, '_a3_': 24.192940963448887, '_a4_': 0.00025654409288504876, '_a6_': 0.04189511542416641, '_a0_': 1.0, '_a1_': 1.0, '_a5_': 1.0, '_a7_': 1.0}};{'d0': 0.024831711010635315};-276.654353307426;60.17417143038402
34317;-78.1530052233290;((exp((-(x) / _a3_)) + (-(((_a6_ * x) * _a2_)) + _a2_)) * -((x / (_a4_ / _a2_))));{'d0': {'_a2_': -0.9995422497872696, '_a3_': 24.192940963448887, '_a4_': 0.00025654409288504876, '_a6_': 0.04189511542416641, '_a0_': 1.0, '_a1_': 1.0, '_a5_': 1.0, '_a7_': 1.0}};{'d0': 0.024831711010635315};-276.654353307426;60.17417143038402
34318;-78.1530052233290;((exp((-(x) / _a3_)) + (-(((_a6_ * x) * _a2_)) + _a2_)) * -((x / (_a4_ / _a2_))));{'d0': {'_a2_': -0.9995422497872696, '_a3_': 24.192940963448887, '_a4_': 0.00025654409288504876, '_a6_': 0.04189511542416641, '_a0_': 1.0, '_a1_': 1.0, '_a5_': 1.0, '_a7_': 1.0}};{'d0': 0.024831711010635315};-276.654353307426;60.17417143038402
34319;-78.1530052233290;((exp((-(x) / _a3_)) + (-(((_a6_ * x) * _a2_)) + _a2_)) * -((x / (_a4_ / _a2_))));{'d0': {'_a2_': -0.9995422497872696, '_a3_': 24.192940963448887, '_a4_': 0.00025654409288504876, '_a6_': 0.04189511542416641, '_a0_': 1.0, '_a1_': 1.0, '_a5_': 1.0, '_a7_': 1.0}};{'d0': 0.024831711010635315};-276.654353307426;60.17417143038402
34320;-78.1530052233290;((exp((-(x) / _a3_)) + (-(((_a6_ * x) * _a2_)) + _a2_)) * -((x / (_a4_ / _a2_))));{'d0': {'_a2_': -0.9995422497872696, '_a3_': 24.192940963448887, '_a4_': 0.00025654409288504876, '_a6_': 0.04189511542416641, '_a0_': 1.0, '_a1_': 1.0, '_a5_': 1.0, '_a7_': 1.0}};{'d0': 0.024831711010635315};-276.654353307426;60.17417143038402
34321;-78.1530052233290;((exp((-(x) / _a3_)) + (-(((_a6_ * x) * _a2_)) + _a2_)) * -((x / (_a4_ / _a2_))));{'d0': {'_a2_': -0.9995422497872696, '_a3_': 24.192940963448887, '_a4_': 0.00025654409288504876, '_a6_': 0.04189511542416641, '_a0_': 1.0, '_a1_': 1.0, '_a5_': 1.0, '_a7_': 1.0}};{'d0': 0.024831711010635315};-276.654353307426;60.17417143038402
34322;-78.1530052233290;((exp((-(x) / _a3_)) + (-(((_a6_ * x) * _a2_)) + _a2_)) * -((x / (_a4_ / _a2_))));{'d0': {'_a2_': -0.9995422497872696, '_a3_': 24.192940963448887, '_a4_': 0.00025654409288504876, '_a6_': 0.04189511542416641, '_a0_': 1.0, '_a1_': 1.0, '_a5_': 1.0, '_a7_': 1.0}};{'d0': 0.024831711010635315};-276.654353307426;60.17417143038402
34323;-78.1530052233290;((exp((-(x) / _a3_)) + (-(((_a6_ * x) * _a2_)) + _a2_)) * -((x / (_a4_ / _a2_))));{'d0': {'_a2_': -0.9995422497872696, '_a3_': 24.192940963448887, '_a4_': 0.00025654409288504876, '_a6_': 0.04189511542416641, '_a0_': 1.0, '_a1_': 1.0, '_a5_': 1.0, '_a7_': 1.0}};{'d0': 0.024831711010635315};-276.654353307426;60.17417143038402
34324;-78.1530052233290;((exp((-(x) / _a3_)) + (-(((_a6_ * x) * _a2_)) + _a2_)) * -((x / (_a4_ / _a2_))));{'d0': {'_a2_': -0.9995422497872696, '_a3_': 24.192940963448887, '_a4_': 0.00025654409288504876, '_a6_': 0.04189511542416641, '_a0_': 1.0, '_a1_': 1.0, '_a5_': 1.0, '_a7_': 1.0}};{'d0': 0.024831711010635315};-276.654353307426;60.17417143038402
34325;-78.1530052233290;((exp((-(x) / _a3_)) + (-(((_a6_ * x) * _a2_)) + _a2_)) * -((x / (_a4_ / _a2_))));{'d0': {'_a2_': -0.9995422497872696, '_a3_': 24.192940963448887, '_a4_': 0.00025654409288504876, '_a6_': 0.04189511542416641, '_a0_': 1.0, '_a1_': 1.0, '_a5_': 1.0, '_a7_': 1.0}};{'d0': 0.024831711010635315};-276.654353307426;60.17417143038402
34326;-78.1530052233290;((exp((-(x) / _a3_)) + (-(((_a6_ * x) * _a2_)) + _a2_)) * -((x / (_a4_ / _a2_))));{'d0': {'_a2_': -0.9995422497872696, '_a3_': 24.192940963448887, '_a4_': 0.00025654409288504876, '_a6_': 0.04189511542416641, '_a0_': 1.0, '_a1_': 1.0, '_a5_': 1.0, '_a7_': 1.0}};{'d0': 0.024831711010635315};-276.654353307426;60.17417143038402
34327;-78.1530052233290;((exp((-(x) / _a3_)) + (-(((_a6_ * x) * _a2_)) + _a2_)) * -((x / (_a4_ / _a2_))));{'d0': {'_a2_': -0.9995422497872696, '_a3_': 24.192940963448887, '_a4_': 0.00025654409288504876, '_a6_': 0.04189511542416641, '_a0_': 1.0, '_a1_': 1.0, '_a5_': 1.0, '_a7_': 1.0}};{'d0': 0.024831711010635315};-276.654353307426;60.17417143038402
34328;-78.1530052233290;((exp((-(x) / _a3_)) + (-(((_a6_ * x) * _a2_)) + _a2_)) * -((x / (_a4_ / _a2_))));{'d0': {'_a2_': -0.9995422497872696, '_a3_': 24.192940963448887, '_a4_': 0.00025654409288504876, '_a6_': 0.04189511542416641, '_a0_': 1.0, '_a1_': 1.0, '_a5_': 1.0, '_a7_': 1.0}};{'d0': 0.024831711010635315};-276.654353307426;60.17417143038402
34329;-78.1530052233290;((exp((-(x) / _a3_)) + (-(((_a6_ * x) * _a2_)) + _a2_)) * -((x / (_a4_ / _a2_))));{'d0': {'_a2_': -0.9995422497872696, '_a3_': 24.192940963448887, '_a4_': 0.00025654409288504876, '_a6_': 0.04189511542416641, '_a0_': 1.0, '_a1_': 1.0, '_a5_': 1.0, '_a7_': 1.0}};{'d0': 0.024831711010635315};-276.654353307426;60.17417143038402
34330;-78.1530052233290;((exp((-(x) / _a3_)) + (-(((_a6_ * x) * _a2_)) + _a2_)) * -((x / (_a4_ / _a2_))));{'d0': {'_a2_': -0.9995422497872696, '_a3_': 24.192940963448887, '_a4_': 0.00025654409288504876, '_a6_': 0.04189511542416641, '_a0_': 1.0, '_a1_': 1.0, '_a5_': 1.0, '_a7_': 1.0}};{'d0': 0.024831711010635315};-276.654353307426;60.17417143038402
34331;-104.411319546383;(((((pow2((x * _a7_)) + _a2_) + x) * x) + x) * _a3_);{'d0': {'_a2_': -0.15735539406330978, '_a3_': 2.106624064615079, '_a7_': -1.2660668366965944, '_a0_': 1.0, '_a1_': 1.0, '_a4_': 1.0, '_a5_': 1.0, '_a6_': 1.0}};{'d0': 0.02490583291941661};-280.569866449044;35.873613678138824
34332;-104.411319546383;(((((pow2((x * _a7_)) + _a2_) + x) * x) + x) * _a3_);{'d0': {'_a2_': -0.15735539406330978, '_a3_': 2.106624064615079, '_a7_': -1.2660668366965944, '_a0_': 1.0, '_a1_': 1.0, '_a4_': 1.0, '_a5_': 1.0, '_a6_': 1.0}};{'d0': 0.02490583291941661};-280.569866449044;35.873613678138824
34333;-104.411319546383;(((((pow2((x * _a7_)) + _a2_) + x) * x) + x) * _a3_);{'d0': {'_a2_': -0.15735539406330978, '_a3_': 2.106624064615079, '_a7_': -1.2660668366965944, '_a0_': 1.0, '_a1_': 1.0, '_a4_': 1.0, '_a5_': 1.0, '_a6_': 1.0}};{'d0': 0.02490583291941661};-280.569866449044;35.873613678138824
34334;-104.411319546383;(((((pow2((x * _a7_)) + _a2_) + x) * x) + x) * _a3_);{'d0': {'_a2_': -0.15735539406330978, '_a3_': 2.106624064615079, '_a7_': -1.2660668366965944, '_a0_': 1.0, '_a1_': 1.0, '_a4_': 1.0, '_a5_': 1.0, '_a6_': 1.0}};{'d0': 0.02490583291941661};-280.569866449044;35.873613678138824
34335;-104.411319546383;(((((pow2((x * _a7_)) + _a2_) + x) * x) + x) * _a3_);{'d0': {'_a2_': -0.15735539406330978, '_a3_': 2.106624064615079, '_a7_': -1.2660668366965944, '_a0_': 1.0, '_a1_': 1.0, '_a4_': 1.0, '_a5_': 1.0, '_a6_': 1.0}};{'d0': 0.02490583291941661};-280.569866449044;35.873613678138824
34336;-104.411319546383;(((((pow2((x * _a7_)) + _a2_) + x) * x) + x) * _a3_);{'d0': {'_a2_': -0.15735539406330978, '_a3_': 2.106624064615079, '_a7_': -1.2660668366965944, '_a0_': 1.0, '_a1_': 1.0, '_a4_': 1.0, '_a5_': 1.0, '_a6_': 1.0}};{'d0': 0.02490583291941661};-280.569866449044;35.873613678138824
34337;-104.411319546383;(((((pow2((x * _a7_)) + _a2_) + x) * x) + x) * _a3_);{'d0': {'_a2_': -0.15735539406330978, '_a3_': 2.106624064615079, '_a7_': -1.2660668366965944, '_a0_': 1.0, '_a1_': 1.0, '_a4_': 1.0, '_a5_': 1.0, '_a6_': 1.0}};{'d0': 0.02490583291941661};-280.569866449044;35.873613678138824
34338;-104.411319546383;(((((pow2((x * _a7_)) + _a2_) + x) * x) + x) * _a3_);{'d0': {'_a2_': -0.15735539406330978, '_a3_': 2.106624064615079, '_a7_': -1.2660668366965944, '_a0_': 1.0, '_a1_': 1.0, '_a4_': 1.0, '_a5_': 1.0, '_a6_': 1.0}};{'d0': 0.02490583291941661};-280.569866449044;35.873613678138824
34339;-104.411319546383;(((((pow2((x * _a7_)) + _a2_) + x) * x) + x) * _a3_);{'d0': {'_a2_': -0.15735539406330978, '_a3_': 2.106624064615079, '_a7_': -1.2660668366965944, '_a0_': 1.0, '_a1_': 1.0, '_a4_': 1.0, '_a5_': 1.0, '_a6_': 1.0}};{'d0': 0.02490583291941661};-280.569866449044;35.873613678138824
34340;-70.1851991818459;((exp((-(x) / (_a1_ + _a3_))) + (-(((_a6_ * x) * _a2_)) + _a2_)) * -((x / (_a4_ / _a2_))));{'d0': {'_a1_': 501.622655981245, '_a2_': -0.9995167093970144, '_a3_': -478.07149052317567, '_a4_': 0.00027081669234179696, '_a6_': 0.04305328392826304, '_a0_': 1.0, '_a5_': 1.0, '_a7_': 1.0}};{'d0': 0.02483173808660318};-272.559943322520;66.09477247941402
34341;-70.1851991818459;((exp((-(x) / (_a1_ + _a3_))) + (-(((_a6_ * x) * _a2_)) + _a2_)) * -((x / (_a4_ / _a2_))));{'d0': {'_a1_': 501.622655981245, '_a2_': -0.9995167093970144, '_a3_': -478.07149052317567, '_a4_': 0.00027081669234179696, '_a6_': 0.04305328392826304, '_a0_': 1.0, '_a5_': 1.0, '_a7_': 1.0}};{'d0': 0.02483173808660318};-272.559943322520;66.09477247941402
34342;-104.411319546383;(((((pow2((x * _a7_)) + _a2_) + x) * x) + x) * _a3_);{'d0': {'_a2_': -0.15735539406330978, '_a3_': 2.106624064615079, '_a7_': -1.2660668366965944, '_a0_': 1.0, '_a1_': 1.0, '_a4_': 1.0, '_a5_': 1.0, '_a6_': 1.0}};{'d0': 0.02490583291941661};-280.569866449044;35.873613678138824
34343;-104.411319546383;(((((pow2((x * _a7_)) + _a2_) + x) * x) + x) * _a3_);{'d0': {'_a2_': -0.15735539406330978, '_a3_': 2.106624064615079, '_a7_': -1.2660668366965944, '_a0_': 1.0, '_a1_': 1.0, '_a4_': 1.0, '_a5_': 1.0, '_a6_': 1.0}};{'d0': 0.02490583291941661};-280.569866449044;35.873613678138824
34344;-100.713385073773;(((((pow2((x * pow2(_a5_))) + _a2_) + x) * x) + x) * _a3_);{'d0': {'_a2_': -0.15735539587244193, '_a3_': 2.1066240684180655, '_a5_': 1.1251963546478019, '_a0_': 1.0, '_a1_': 1.0, '_a4_': 1.0, '_a6_': 1.0, '_a7_': 1.0}};{'d0': 0.024905832919416553};-280.569866449044;39.571548150748825
34345;-70.1851991818459;((exp((-(x) / (_a1_ + _a3_))) + (-(((_a6_ * x) * _a2_)) + _a2_)) * -((x / (_a4_ / _a2_))));{'d0': {'_a1_': 501.622655981245, '_a2_': -0.9995167093970144, '_a3_': -478.07149052317567, '_a4_': 0.00027081669234179696, '_a6_': 0.04305328392826304, '_a0_': 1.0, '_a5_': 1.0, '_a7_': 1.0}};{'d0': 0.02483173808660318};-272.559943322520;66.09477247941402
34346;-100.713385073773;(((((pow2((x * pow2(_a5_))) + _a2_) + x) * x) + x) * _a3_);{'d0': {'_a2_': -0.15735539587244193, '_a3_': 2.1066240684180655, '_a5_': 1.1251963546478019, '_a0_': 1.0, '_a1_': 1.0, '_a4_': 1.0, '_a6_': 1.0, '_a7_': 1.0}};{'d0': 0.024905832919416553};-280.569866449044;39.571548150748825
34347;-100.713385073773;(((((pow2((x * pow2(_a5_))) + _a2_) + x) * x) + x) * _a3_);{'d0': {'_a2_': -0.15735539587244193, '_a3_': 2.1066240684180655, '_a5_': 1.1251963546478019, '_a0_': 1.0, '_a1_': 1.0, '_a4_': 1.0, '_a6_': 1.0, '_a7_': 1.0}};{'d0': 0.024905832919416553};-280.569866449044;39.571548150748825
34348;-99.7900759465054;(((((pow2((x / pow2(_a5_))) + _a2_) + x) * x) + x) * _a3_);{'d0': {'_a2_': -0.15735539634825724, '_a3_': 2.1066240694174967, '_a5_': 0.8887337714559538, '_a0_': 1.0, '_a1_': 1.0, '_a4_': 1.0, '_a6_': 1.0, '_a7_': 1.0}};{'d0': 0.024905832919416598};-280.569866449044;40.49485727801623
34349;-99.7900759465054;(((((pow2((x / pow2(_a5_))) + _a2_) + x) * x) + x) * _a3_);{'d0': {'_a2_': -0.15735539634825724, '_a3_': 2.1066240694174967, '_a5_': 0.8887337714559538, '_a0_': 1.0, '_a1_': 1.0, '_a4_': 1.0, '_a6_': 1.0, '_a7_': 1.0}};{'d0': 0.024905832919416598};-280.569866449044;40.49485727801623
34350;-99.7900759465054;(((((pow2((x / pow2(_a5_))) + _a2_) + x) * x) + x) * _a3_);{'d0': {'_a2_': -0.15735539634825724, '_a3_': 2.1066240694174967, '_a5_': 0.8887337714559538, '_a0_': 1.0, '_a1_': 1.0, '_a4_': 1.0, '_a6_': 1.0, '_a7_': 1.0}};{'d0': 0.024905832919416598};-280.569866449044;40.49485727801623
34351;-99.7900759465054;(((((pow2((x / pow2(_a5_))) + _a2_) + x) * x) + x) * _a3_);{'d0': {'_a2_': -0.15735539634825724, '_a3_': 2.1066240694174967, '_a5_': 0.8887337714559538, '_a0_': 1.0, '_a1_': 1.0, '_a4_': 1.0, '_a6_': 1.0, '_a7_': 1.0}};{'d0': 0.024905832919416598};-280.569866449044;40.49485727801623
34352;-99.7900759465054;(((((pow2((x / pow2(_a5_))) + _a2_) + x) * x) + x) * _a3_);{'d0': {'_a2_': -0.15735539634825724, '_a3_': 2.1066240694174967, '_a5_': 0.8887337714559538, '_a0_': 1.0, '_a1_': 1.0, '_a4_': 1.0, '_a6_': 1.0, '_a7_': 1.0}};{'d0': 0.024905832919416598};-280.569866449044;40.49485727801623
34353;-99.7900759465054;(((((pow2((x / pow2(_a5_))) + _a2_) + x) * x) + x) * _a3_);{'d0': {'_a2_': -0.15735539634825724, '_a3_': 2.1066240694174967, '_a5_': 0.8887337714559538, '_a0_': 1.0, '_a1_': 1.0, '_a4_': 1.0, '_a6_': 1.0, '_a7_': 1.0}};{'d0': 0.024905832919416598};-280.569866449044;40.49485727801623
34354;-99.7900759465054;(((((pow2((x / pow2(_a5_))) + _a2_) + x) * x) + x) * _a3_);{'d0': {'_a2_': -0.15735539634825724, '_a3_': 2.1066240694174967, '_a5_': 0.8887337714559538, '_a0_': 1.0, '_a1_': 1.0, '_a4_': 1.0, '_a6_': 1.0, '_a7_': 1.0}};{'d0': 0.024905832919416598};-280.569866449044;40.49485727801623
34355;-99.7900759465054;(((((pow2((x / pow2(_a5_))) + _a2_) + x) * x) + x) * _a3_);{'d0': {'_a2_': -0.15735539634825724, '_a3_': 2.1066240694174967, '_a5_': 0.8887337714559538, '_a0_': 1.0, '_a1_': 1.0, '_a4_': 1.0, '_a6_': 1.0, '_a7_': 1.0}};{'d0': 0.024905832919416598};-280.569866449044;40.49485727801623
34356;-99.7900759465054;(((((pow2((x / pow2(_a5_))) + _a2_) + x) * x) + x) * _a3_);{'d0': {'_a2_': -0.15735539634825724, '_a3_': 2.1066240694174967, '_a5_': 0.8887337714559538, '_a0_': 1.0, '_a1_': 1.0, '_a4_': 1.0, '_a6_': 1.0, '_a7_': 1.0}};{'d0': 0.024905832919416598};-280.569866449044;40.49485727801623
34357;-99.7900759465054;(((((pow2((x / pow2(_a5_))) + _a2_) + x) * x) + x) * _a3_);{'d0': {'_a2_': -0.15735539634825724, '_a3_': 2.1066240694174967, '_a5_': 0.8887337714559538, '_a0_': 1.0, '_a1_': 1.0, '_a4_': 1.0, '_a6_': 1.0, '_a7_': 1.0}};{'d0': 0.024905832919416598};-280.569866449044;40.49485727801623
34358;-96.0921414738953;(((((pow2((x / pow2(pow2(_a5_)))) + _a2_) + x) * x) + x) * _a3_);{'d0': {'_a2_': -0.15735539366978302, '_a3_': 2.1066240644512617, '_a5_': 0.942726774575409, '_a0_': 1.0, '_a1_': 1.0, '_a4_': 1.0, '_a6_': 1.0, '_a7_': 1.0}};{'d0': 0.024905832919416653};-280.569866449044;44.19279175062623
34359;-96.0921414738953;(((((pow2((x / pow2(pow2(_a5_)))) + _a2_) + x) * x) + x) * _a3_);{'d0': {'_a2_': -0.15735539366978302, '_a3_': 2.1066240644512617, '_a5_': 0.942726774575409, '_a0_': 1.0, '_a1_': 1.0, '_a4_': 1.0, '_a6_': 1.0, '_a7_': 1.0}};{'d0': 0.024905832919416653};-280.569866449044;44.19279175062623
34360;-96.0921414738953;(((((pow2((x / pow2(pow2(_a5_)))) + _a2_) + x) * x) + x) * _a3_);{'d0': {'_a2_': -0.15735539366978302, '_a3_': 2.1066240644512617, '_a5_': 0.942726774575409, '_a0_': 1.0, '_a1_': 1.0, '_a4_': 1.0, '_a6_': 1.0, '_a7_': 1.0}};{'d0': 0.024905832919416653};-280.569866449044;44.19279175062623
34361;-96.0921414738953;(((((pow2((x / pow2(pow2(_a5_)))) + _a2_) + x) * x) + x) * _a3_);{'d0': {'_a2_': -0.15735539366978302, '_a3_': 2.1066240644512617, '_a5_': 0.942726774575409, '_a0_': 1.0, '_a1_': 1.0, '_a4_': 1.0, '_a6_': 1.0, '_a7_': 1.0}};{'d0': 0.024905832919416653};-280.569866449044;44.19279175062623
34362;-96.0921414738953;(((((pow2((x / pow2(pow2(_a5_)))) + _a2_) + x) * x) + x) * _a3_);{'d0': {'_a2_': -0.15735539366978302, '_a3_': 2.1066240644512617, '_a5_': 0.942726774575409, '_a0_': 1.0, '_a1_': 1.0, '_a4_': 1.0, '_a6_': 1.0, '_a7_': 1.0}};{'d0': 0.024905832919416653};-280.569866449044;44.19279175062623
34363;-96.0921414738953;(((((pow2((x / pow2(pow2(_a5_)))) + _a2_) + x) * x) + x) * _a3_);{'d0': {'_a2_': -0.15735539366978302, '_a3_': 2.1066240644512617, '_a5_': 0.942726774575409, '_a0_': 1.0, '_a1_': 1.0, '_a4_': 1.0, '_a6_': 1.0, '_a7_': 1.0}};{'d0': 0.024905832919416653};-280.569866449044;44.19279175062623
34364;-96.0921414738953;(((((pow2((x / pow2(pow2(_a5_)))) + _a2_) + x) * x) + x) * _a3_);{'d0': {'_a2_': -0.15735539366978302, '_a3_': 2.1066240644512617, '_a5_': 0.942726774575409, '_a0_': 1.0, '_a1_': 1.0, '_a4_': 1.0, '_a6_': 1.0, '_a7_': 1.0}};{'d0': 0.024905832919416653};-280.569866449044;44.19279175062623
34365;-96.0921414738953;(((((pow2((x / pow2(pow2(_a5_)))) + _a2_) + x) * x) + x) * _a3_);{'d0': {'_a2_': -0.15735539366978302, '_a3_': 2.1066240644512617, '_a5_': 0.942726774575409, '_a0_': 1.0, '_a1_': 1.0, '_a4_': 1.0, '_a6_': 1.0, '_a7_': 1.0}};{'d0': 0.024905832919416653};-280.569866449044;44.19279175062623
34366;-96.0921414738953;(((((pow2((x / pow2(pow2(_a5_)))) + _a2_) + x) * x) + x) * _a3_);{'d0': {'_a2_': -0.15735539366978302, '_a3_': 2.1066240644512617, '_a5_': 0.942726774575409, '_a0_': 1.0, '_a1_': 1.0, '_a4_': 1.0, '_a6_': 1.0, '_a7_': 1.0}};{'d0': 0.024905832919416653};-280.569866449044;44.19279175062623
34367;-96.0921414738953;(((((pow2((x / pow2(pow2(_a5_)))) + _a2_) + x) * x) + x) * _a3_);{'d0': {'_a2_': -0.15735539366978302, '_a3_': 2.1066240644512617, '_a5_': 0.942726774575409, '_a0_': 1.0, '_a1_': 1.0, '_a4_': 1.0, '_a6_': 1.0, '_a7_': 1.0}};{'d0': 0.024905832919416653};-280.569866449044;44.19279175062623
34368;-96.0921414738953;(((((pow2((x / pow2(pow2(_a5_)))) + _a2_) + x) * x) + x) * _a3_);{'d0': {'_a2_': -0.15735539366978302, '_a3_': 2.1066240644512617, '_a5_': 0.942726774575409, '_a0_': 1.0, '_a1_': 1.0, '_a4_': 1.0, '_a6_': 1.0, '_a7_': 1.0}};{'d0': 0.024905832919416653};-280.569866449044;44.19279175062623
34369;-96.0921414738953;(((((pow2((x / pow2(pow2(_a5_)))) + _a2_) + x) * x) + x) * _a3_);{'d0': {'_a2_': -0.15735539366978302, '_a3_': 2.1066240644512617, '_a5_': 0.942726774575409, '_a0_': 1.0, '_a1_': 1.0, '_a4_': 1.0, '_a6_': 1.0, '_a7_': 1.0}};{'d0': 0.024905832919416653};-280.569866449044;44.19279175062623
34370;-96.0921414738953;(((((pow2((x / pow2(pow2(_a5_)))) + _a2_) + x) * x) + x) * _a3_);{'d0': {'_a2_': -0.15735539366978302, '_a3_': 2.1066240644512617, '_a5_': 0.942726774575409, '_a0_': 1.0, '_a1_': 1.0, '_a4_': 1.0, '_a6_': 1.0, '_a7_': 1.0}};{'d0': 0.024905832919416653};-280.569866449044;44.19279175062623
34371;-71.9255734781879;((exp((-(x) * (_a1_ + _a3_))) + (-(((_a6_ * x) * _a1_)) + _a2_)) * -(((x * _a3_) / _a5_)));{'d0': {'_a1_': 188.39890608591776, '_a2_': -0.9995310508034387, '_a3_': -188.35707398354316, '_a5_': 0.04952398524817586, '_a6_': -0.000224984841594229, '_a0_': 1.0, '_a4_': 1.0, '_a7_': 1.0}};{'d0': 0.02483170930205079};-272.560012873597;64.35443295861081
34372;-71.9255734781879;((exp((-(x) * (_a1_ + _a3_))) + (-(((_a6_ * x) * _a1_)) + _a2_)) * -(((x * _a3_) / _a5_)));{'d0': {'_a1_': 188.39890608591776, '_a2_': -0.9995310508034387, '_a3_': -188.35707398354316, '_a5_': 0.04952398524817586, '_a6_': -0.000224984841594229, '_a0_': 1.0, '_a4_': 1.0, '_a7_': 1.0}};{'d0': 0.02483170930205079};-272.560012873597;64.35443295861081
34373;-71.9255734781879;((exp((-(x) * (_a1_ + _a3_))) + (-(((_a6_ * x) * _a1_)) + _a2_)) * -(((x * _a3_) / _a5_)));{'d0': {'_a1_': 188.39890608591776, '_a2_': -0.9995310508034387, '_a3_': -188.35707398354316, '_a5_': 0.04952398524817586, '_a6_': -0.000224984841594229, '_a0_': 1.0, '_a4_': 1.0, '_a7_': 1.0}};{'d0': 0.02483170930205079};-272.560012873597;64.35443295861081
34374;-71.9255734781879;((exp((-(x) * (_a1_ + _a3_))) + (-(((_a6_ * x) * _a1_)) + _a2_)) * -(((x * _a3_) / _a5_)));{'d0': {'_a1_': 188.39890608591776, '_a2_': -0.9995310508034387, '_a3_': -188.35707398354316, '_a5_': 0.04952398524817586, '_a6_': -0.000224984841594229, '_a0_': 1.0, '_a4_': 1.0, '_a7_': 1.0}};{'d0': 0.02483170930205079};-272.560012873597;64.35443295861081
34375;-71.9255734781879;((exp((-(x) * (_a1_ + _a3_))) + (-(((_a6_ * x) * _a1_)) + _a2_)) * -(((x * _a3_) / _a5_)));{'d0': {'_a1_': 188.39890608591776, '_a2_': -0.9995310508034387, '_a3_': -188.35707398354316, '_a5_': 0.04952398524817586, '_a6_': -0.000224984841594229, '_a0_': 1.0, '_a4_': 1.0, '_a7_': 1.0}};{'d0': 0.02483170930205079};-272.560012873597;64.35443295861081
34376;-71.9255734781879;((exp((-(x) * (_a1_ + _a3_))) + (-(((_a6_ * x) * _a1_)) + _a2_)) * -(((x * _a3_) / _a5_)));{'d0': {'_a1_': 188.39890608591776, '_a2_': -0.9995310508034387, '_a3_': -188.35707398354316, '_a5_': 0.04952398524817586, '_a6_': -0.000224984841594229, '_a0_': 1.0, '_a4_': 1.0, '_a7_': 1.0}};{'d0': 0.02483170930205079};-272.560012873597;64.35443295861081
34377;-71.9255734781879;((exp((-(x) * (_a1_ + _a3_))) + (-(((_a6_ * x) * _a1_)) + _a2_)) * -(((x * _a3_) / _a5_)));{'d0': {'_a1_': 188.39890608591776, '_a2_': -0.9995310508034387, '_a3_': -188.35707398354316, '_a5_': 0.04952398524817586, '_a6_': -0.000224984841594229, '_a0_': 1.0, '_a4_': 1.0, '_a7_': 1.0}};{'d0': 0.02483170930205079};-272.560012873597;64.35443295861081
34378;-71.9255734781879;((exp((-(x) * (_a1_ + _a3_))) + (-(((_a6_ * x) * _a1_)) + _a2_)) * -(((x * _a3_) / _a5_)));{'d0': {'_a1_': 188.39890608591776, '_a2_': -0.9995310508034387, '_a3_': -188.35707398354316, '_a5_': 0.04952398524817586, '_a6_': -0.000224984841594229, '_a0_': 1.0, '_a4_': 1.0, '_a7_': 1.0}};{'d0': 0.02483170930205079};-272.560012873597;64.35443295861081
34379;-77.7542585470871;((exp((-(x) * _a6_)) + (-(((_a6_ * x) * _a1_)) + _a2_)) * -(((x * _a3_) / _a5_)));{'d0': {'_a1_': -0.9998238488583058, '_a2_': -0.9999999161725898, '_a3_': -281.6617998246347, '_a5_': 1.330135095458227e-05, '_a6_': -0.0005648018494585976, '_a0_': 1.0, '_a4_': 1.0, '_a7_': 1.0}};{'d0': 0.02490790700217568};-272.376180913336;58.43383190958082
34380;-96.0921414738953;(((((pow2((x / pow2(pow2(_a5_)))) + _a2_) + x) * x) + x) * _a3_);{'d0': {'_a2_': -0.15735539366978302, '_a3_': 2.1066240644512617, '_a5_': 0.942726774575409, '_a0_': 1.0, '_a1_': 1.0, '_a4_': 1.0, '_a6_': 1.0, '_a7_': 1.0}};{'d0': 0.024905832919416653};-280.569866449044;44.19279175062623
34381;-96.0921414738953;(((((pow2((x / pow2(pow2(_a5_)))) + _a2_) + x) * x) + x) * _a3_);{'d0': {'_a2_': -0.15735539366978302, '_a3_': 2.1066240644512617, '_a5_': 0.942726774575409, '_a0_': 1.0, '_a1_': 1.0, '_a4_': 1.0, '_a6_': 1.0, '_a7_': 1.0}};{'d0': 0.024905832919416653};-280.569866449044;44.19279175062623
34382;-96.0921414738953;(((((pow2((x / pow2(pow2(_a5_)))) + _a2_) + x) * x) + x) * _a3_);{'d0': {'_a2_': -0.15735539366978302, '_a3_': 2.1066240644512617, '_a5_': 0.942726774575409, '_a0_': 1.0, '_a1_': 1.0, '_a4_': 1.0, '_a6_': 1.0, '_a7_': 1.0}};{'d0': 0.024905832919416653};-280.569866449044;44.19279175062623
34383;-96.0921414738953;(((((pow2((x / pow2(pow2(_a5_)))) + _a2_) + x) * x) + x) * _a3_);{'d0': {'_a2_': -0.15735539366978302, '_a3_': 2.1066240644512617, '_a5_': 0.942726774575409, '_a0_': 1.0, '_a1_': 1.0, '_a4_': 1.0, '_a6_': 1.0, '_a7_': 1.0}};{'d0': 0.024905832919416653};-280.569866449044;44.19279175062623
34384;-96.0921414738953;(((((pow2((x / pow2(pow2(_a5_)))) + _a2_) + x) * x) + x) * _a3_);{'d0': {'_a2_': -0.15735539366978302, '_a3_': 2.1066240644512617, '_a5_': 0.942726774575409, '_a0_': 1.0, '_a1_': 1.0, '_a4_': 1.0, '_a6_': 1.0, '_a7_': 1.0}};{'d0': 0.024905832919416653};-280.569866449044;44.19279175062623
34385;-96.0921414738953;(((((pow2((x / pow2(pow2(_a5_)))) + _a2_) + x) * x) + x) * _a3_);{'d0': {'_a2_': -0.15735539366978302, '_a3_': 2.1066240644512617, '_a5_': 0.942726774575409, '_a0_': 1.0, '_a1_': 1.0, '_a4_': 1.0, '_a6_': 1.0, '_a7_': 1.0}};{'d0': 0.024905832919416653};-280.569866449044;44.19279175062623
34386;-86.4204700153923;((((_a7_ + pow2(((_a1_ * -((((_a7_ + x) * _a0_) * _a7_))) * _a1_))) * x) * _a1_) * _a0_);{'d0': {'_a0_': 7.86172671671702, '_a1_': 0.5898839780517486, '_a7_': 0.31192970781642737, '_a2_': 1.0, '_a3_': 1.0, '_a4_': 1.0, '_a5_': 1.0, '_a6_': 1.0}};{'d0': 0.024905832919416657};-280.569866449044;53.86446320912944
34387;-86.4204700153923;((((_a7_ + pow2(((_a1_ * -((((_a7_ + x) * _a0_) * _a7_))) * _a1_))) * x) * _a1_) * _a0_);{'d0': {'_a0_': 7.86172671671702, '_a1_': 0.5898839780517486, '_a7_': 0.31192970781642737, '_a2_': 1.0, '_a3_': 1.0, '_a4_': 1.0, '_a5_': 1.0, '_a6_': 1.0}};{'d0': 0.024905832919416657};-280.569866449044;53.86446320912944
34388;-85.6662807507853;((((_a7_ + pow2(((_a1_ + -((((_a7_ + x) * _a0_) * _a7_))) * _a1_))) * x) * _a1_) * _a0_);{'d0': {'_a0_': 1.7548873810604873, '_a1_': 0.9195354856482998, '_a7_': 0.8964447682495217, '_a2_': 1.0, '_a3_': 1.0, '_a4_': 1.0, '_a5_': 1.0, '_a6_': 1.0}};{'d0': 0.024905832919416605};-280.569866449044;54.61865247373644
34389;-85.6662807507853;((((_a7_ + pow2(((_a1_ + -((((_a7_ + x) * _a0_) * _a7_))) * _a1_))) * x) * _a1_) * _a0_);{'d0': {'_a0_': 1.7548873810604873, '_a1_': 0.9195354856482998, '_a7_': 0.8964447682495217, '_a2_': 1.0, '_a3_': 1.0, '_a4_': 1.0, '_a5_': 1.0, '_a6_': 1.0}};{'d0': 0.024905832919416605};-280.569866449044;54.61865247373644
34390;-85.6662807507853;((((_a7_ + pow2(((_a1_ + -((((_a7_ + x) * _a0_) * _a7_))) * _a1_))) * x) * _a1_) * _a0_);{'d0': {'_a0_': 1.7548873810604873, '_a1_': 0.9195354856482998, '_a7_': 0.8964447682495217, '_a2_': 1.0, '_a3_': 1.0, '_a4_': 1.0, '_a5_': 1.0, '_a6_': 1.0}};{'d0': 0.024905832919416605};-280.569866449044;54.61865247373644
34391;-85.6662807507853;((((_a7_ + pow2(((_a1_ + -((((_a7_ + x) * _a0_) * _a7_))) * _a1_))) * x) * _a1_) * _a0_);{'d0': {'_a0_': 1.7548873810604873, '_a1_': 0.9195354856482998, '_a7_': 0.8964447682495217, '_a2_': 1.0, '_a3_': 1.0, '_a4_': 1.0, '_a5_': 1.0, '_a6_': 1.0}};{'d0': 0.024905832919416605};-280.569866449044;54.61865247373644
34392;-85.6662807507853;((((_a7_ + pow2(((_a1_ + -((((_a7_ + x) * _a0_) * _a7_))) * _a1_))) * x) * _a1_) * _a0_);{'d0': {'_a0_': 1.7548873810604873, '_a1_': 0.9195354856482998, '_a7_': 0.8964447682495217, '_a2_': 1.0, '_a3_': 1.0, '_a4_': 1.0, '_a5_': 1.0, '_a6_': 1.0}};{'d0': 0.024905832919416605};-280.569866449044;54.61865247373644
34393;-85.6662807507853;((((_a7_ + pow2(((_a1_ + -((((_a7_ + x) * _a0_) * _a7_))) * _a1_))) * x) * _a1_) * _a0_);{'d0': {'_a0_': 1.7548873810604873, '_a1_': 0.9195354856482998, '_a7_': 0.8964447682495217, '_a2_': 1.0, '_a3_': 1.0, '_a4_': 1.0, '_a5_': 1.0, '_a6_': 1.0}};{'d0': 0.024905832919416605};-280.569866449044;54.61865247373644
34394;-85.6662807507853;((((_a7_ + pow2(((_a1_ + -((((_a7_ + x) * _a0_) * _a7_))) * _a1_))) * x) * _a1_) * _a0_);{'d0': {'_a0_': 1.7548873810604873, '_a1_': 0.9195354856482998, '_a7_': 0.8964447682495217, '_a2_': 1.0, '_a3_': 1.0, '_a4_': 1.0, '_a5_': 1.0, '_a6_': 1.0}};{'d0': 0.024905832919416605};-280.569866449044;54.61865247373644
34395;-85.6662807507853;((((_a7_ + pow2(((_a1_ + -((((_a7_ + x) * _a0_) * _a7_))) * _a1_))) * x) * _a1_) * _a0_);{'d0': {'_a0_': 1.7548873810604873, '_a1_': 0.9195354856482998, '_a7_': 0.8964447682495217, '_a2_': 1.0, '_a3_': 1.0, '_a4_': 1.0, '_a5_': 1.0, '_a6_': 1.0}};{'d0': 0.024905832919416605};-280.569866449044;54.61865247373644
34396;-85.6662807507853;((((_a7_ + pow2(((_a1_ + -((((_a7_ + x) * _a0_) * _a7_))) * _a1_))) * x) * _a1_) * _a0_);{'d0': {'_a0_': 1.7548873810604873, '_a1_': 0.9195354856482998, '_a7_': 0.8964447682495217, '_a2_': 1.0, '_a3_': 1.0, '_a4_': 1.0, '_a5_': 1.0, '_a6_': 1.0}};{'d0': 0.024905832919416605};-280.569866449044;54.61865247373644
34397;-85.6662807507853;((((_a7_ + pow2(((_a1_ + -((((_a7_ + x) * _a0_) * _a7_))) * _a1_))) * x) * _a1_) * _a0_);{'d0': {'_a0_': 1.7548873810604873, '_a1_': 0.9195354856482998, '_a7_': 0.8964447682495217, '_a2_': 1.0, '_a3_': 1.0, '_a4_': 1.0, '_a5_': 1.0, '_a6_': 1.0}};{'d0': 0.024905832919416605};-280.569866449044;54.61865247373644
34398;-85.6662807507853;((((_a7_ + pow2(((_a1_ + -((((_a7_ + x) * _a0_) * _a7_))) * _a1_))) * x) * _a1_) * _a0_);{'d0': {'_a0_': 1.7548873810604873, '_a1_': 0.9195354856482998, '_a7_': 0.8964447682495217, '_a2_': 1.0, '_a3_': 1.0, '_a4_': 1.0, '_a5_': 1.0, '_a6_': 1.0}};{'d0': 0.024905832919416605};-280.569866449044;54.61865247373644
34399;-85.6662807507853;((((_a7_ + pow2(((_a1_ + -((((_a7_ + x) * _a0_) * _a7_))) * _a1_))) * x) * _a1_) * _a0_);{'d0': {'_a0_': 1.7548873810604873, '_a1_': 0.9195354856482998, '_a7_': 0.8964447682495217, '_a2_': 1.0, '_a3_': 1.0, '_a4_': 1.0, '_a5_': 1.0, '_a6_': 1.0}};{'d0': 0.024905832919416605};-280.569866449044;54.61865247373644
34400;-85.6662807507853;((((_a7_ + pow2(((_a1_ + -((((_a7_ + x) * _a0_) * _a7_))) * _a1_))) * x) * _a1_) * _a0_);{'d0': {'_a0_': 1.7548873810604873, '_a1_': 0.9195354856482998, '_a7_': 0.8964447682495217, '_a2_': 1.0, '_a3_': 1.0, '_a4_': 1.0, '_a5_': 1.0, '_a6_': 1.0}};{'d0': 0.024905832919416605};-280.569866449044;54.61865247373644
34401;-85.6662807507853;((((_a7_ + pow2(((_a1_ + -((((_a7_ + x) * _a0_) * _a7_))) * _a1_))) * x) * _a1_) * _a0_);{'d0': {'_a0_': 1.7548873810604873, '_a1_': 0.9195354856482998, '_a7_': 0.8964447682495217, '_a2_': 1.0, '_a3_': 1.0, '_a4_': 1.0, '_a5_': 1.0, '_a6_': 1.0}};{'d0': 0.024905832919416605};-280.569866449044;54.61865247373644
34402;-85.6662807507853;((((_a7_ + pow2(((_a1_ + -((((_a7_ + x) * _a0_) * _a7_))) * _a1_))) * x) * _a1_) * _a0_);{'d0': {'_a0_': 1.7548873810604873, '_a1_': 0.9195354856482998, '_a7_': 0.8964447682495217, '_a2_': 1.0, '_a3_': 1.0, '_a4_': 1.0, '_a5_': 1.0, '_a6_': 1.0}};{'d0': 0.024905832919416605};-280.569866449044;54.61865247373644
34403;-85.6662807507853;((((_a7_ + pow2(((_a1_ + -((((_a7_ + x) * _a0_) * _a7_))) * _a1_))) * x) * _a1_) * _a0_);{'d0': {'_a0_': 1.7548873810604873, '_a1_': 0.9195354856482998, '_a7_': 0.8964447682495217, '_a2_': 1.0, '_a3_': 1.0, '_a4_': 1.0, '_a5_': 1.0, '_a6_': 1.0}};{'d0': 0.024905832919416605};-280.569866449044;54.61865247373644
34404;-85.6662807507853;((((_a7_ + pow2(((_a1_ + -((((_a7_ + x) * _a0_) * _a7_))) * _a1_))) * x) * _a1_) * _a0_);{'d0': {'_a0_': 1.7548873810604873, '_a1_': 0.9195354856482998, '_a7_': 0.8964447682495217, '_a2_': 1.0, '_a3_': 1.0, '_a4_': 1.0, '_a5_': 1.0, '_a6_': 1.0}};{'d0': 0.024905832919416605};-280.569866449044;54.61865247373644
34405;-85.6662807507853;((((_a7_ + pow2(((_a1_ + -((((_a7_ + x) * _a0_) * _a7_))) * _a1_))) * x) * _a1_) * _a0_);{'d0': {'_a0_': 1.7548873810604873, '_a1_': 0.9195354856482998, '_a7_': 0.8964447682495217, '_a2_': 1.0, '_a3_': 1.0, '_a4_': 1.0, '_a5_': 1.0, '_a6_': 1.0}};{'d0': 0.024905832919416605};-280.569866449044;54.61865247373644
34406;-85.6662807507853;((((_a7_ + pow2(((_a1_ + -((((_a7_ + x) * _a0_) * _a7_))) * _a1_))) * x) * _a1_) * _a0_);{'d0': {'_a0_': 1.7548873810604873, '_a1_': 0.9195354856482998, '_a7_': 0.8964447682495217, '_a2_': 1.0, '_a3_': 1.0, '_a4_': 1.0, '_a5_': 1.0, '_a6_': 1.0}};{'d0': 0.024905832919416605};-280.569866449044;54.61865247373644
34407;-85.6662807507853;((((_a7_ + pow2(((_a1_ + -((((_a7_ + x) * _a0_) * _a7_))) * _a1_))) * x) * _a1_) * _a0_);{'d0': {'_a0_': 1.7548873810604873, '_a1_': 0.9195354856482998, '_a7_': 0.8964447682495217, '_a2_': 1.0, '_a3_': 1.0, '_a4_': 1.0, '_a5_': 1.0, '_a6_': 1.0}};{'d0': 0.024905832919416605};-280.569866449044;54.61865247373644
34408;-85.6662807507853;((((_a7_ + pow2(((_a1_ + -((((_a7_ + x) * _a0_) * _a7_))) * _a1_))) * x) * _a1_) * _a0_);{'d0': {'_a0_': 1.7548873810604873, '_a1_': 0.9195354856482998, '_a7_': 0.8964447682495217, '_a2_': 1.0, '_a3_': 1.0, '_a4_': 1.0, '_a5_': 1.0, '_a6_': 1.0}};{'d0': 0.024905832919416605};-280.569866449044;54.61865247373644
34409;-85.6662807507853;((((_a7_ + pow2(((_a1_ + -((((_a7_ + x) * _a0_) * _a7_))) * _a1_))) * x) * _a1_) * _a0_);{'d0': {'_a0_': 1.7548873810604873, '_a1_': 0.9195354856482998, '_a7_': 0.8964447682495217, '_a2_': 1.0, '_a3_': 1.0, '_a4_': 1.0, '_a5_': 1.0, '_a6_': 1.0}};{'d0': 0.024905832919416605};-280.569866449044;54.61865247373644
34410;-85.6662807507853;((((_a7_ + pow2(((_a1_ + -((((_a7_ + x) * _a0_) * _a7_))) * _a1_))) * x) * _a1_) * _a0_);{'d0': {'_a0_': 1.7548873810604873, '_a1_': 0.9195354856482998, '_a7_': 0.8964447682495217, '_a2_': 1.0, '_a3_': 1.0, '_a4_': 1.0, '_a5_': 1.0, '_a6_': 1.0}};{'d0': 0.024905832919416605};-280.569866449044;54.61865247373644
34411;-85.6662807507853;((((_a7_ + pow2(((_a1_ + -((((_a7_ + x) * _a0_) * _a7_))) * _a1_))) * x) * _a1_) * _a0_);{'d0': {'_a0_': 1.7548873810604873, '_a1_': 0.9195354856482998, '_a7_': 0.8964447682495217, '_a2_': 1.0, '_a3_': 1.0, '_a4_': 1.0, '_a5_': 1.0, '_a6_': 1.0}};{'d0': 0.024905832919416605};-280.569866449044;54.61865247373644
34412;-85.6662807507853;((((_a7_ + pow2(((_a1_ + -((((_a7_ + x) * _a0_) * _a7_))) * _a1_))) * x) * _a1_) * _a0_);{'d0': {'_a0_': 1.7548873810604873, '_a1_': 0.9195354856482998, '_a7_': 0.8964447682495217, '_a2_': 1.0, '_a3_': 1.0, '_a4_': 1.0, '_a5_': 1.0, '_a6_': 1.0}};{'d0': 0.024905832919416605};-280.569866449044;54.61865247373644
34413;-85.6662807507853;((((_a7_ + pow2(((_a1_ + -((((_a7_ + x) * _a0_) * _a7_))) * _a1_))) * x) * _a1_) * _a0_);{'d0': {'_a0_': 1.7548873810604873, '_a1_': 0.9195354856482998, '_a7_': 0.8964447682495217, '_a2_': 1.0, '_a3_': 1.0, '_a4_': 1.0, '_a5_': 1.0, '_a6_': 1.0}};{'d0': 0.024905832919416605};-280.569866449044;54.61865247373644
34414;-85.6662807507853;((((_a7_ + pow2(((_a1_ + -((((_a7_ + x) * _a0_) * _a7_))) * _a1_))) * x) * _a1_) * _a0_);{'d0': {'_a0_': 1.7548873810604873, '_a1_': 0.9195354856482998, '_a7_': 0.8964447682495217, '_a2_': 1.0, '_a3_': 1.0, '_a4_': 1.0, '_a5_': 1.0, '_a6_': 1.0}};{'d0': 0.024905832919416605};-280.569866449044;54.61865247373644
34415;-85.6662807507853;((((_a7_ + pow2(((_a1_ + -((((_a7_ + x) * _a0_) * _a7_))) * _a1_))) * x) * _a1_) * _a0_);{'d0': {'_a0_': 1.7548873810604873, '_a1_': 0.9195354856482998, '_a7_': 0.8964447682495217, '_a2_': 1.0, '_a3_': 1.0, '_a4_': 1.0, '_a5_': 1.0, '_a6_': 1.0}};{'d0': 0.024905832919416605};-280.569866449044;54.61865247373644
34416;-85.6662807507853;((((_a7_ + pow2(((_a1_ + -((((_a7_ + x) * _a0_) * _a7_))) * _a1_))) * x) * _a1_) * _a0_);{'d0': {'_a0_': 1.7548873810604873, '_a1_': 0.9195354856482998, '_a7_': 0.8964447682495217, '_a2_': 1.0, '_a3_': 1.0, '_a4_': 1.0, '_a5_': 1.0, '_a6_': 1.0}};{'d0': 0.024905832919416605};-280.569866449044;54.61865247373644
34417;-85.6662807507853;((((_a7_ + pow2(((_a1_ + -((((_a7_ + x) * _a0_) * _a7_))) * _a1_))) * x) * _a1_) * _a0_);{'d0': {'_a0_': 1.7548873810604873, '_a1_': 0.9195354856482998, '_a7_': 0.8964447682495217, '_a2_': 1.0, '_a3_': 1.0, '_a4_': 1.0, '_a5_': 1.0, '_a6_': 1.0}};{'d0': 0.024905832919416605};-280.569866449044;54.61865247373644
34418;-85.6662807507853;((((_a7_ + pow2(((_a1_ + -((((_a7_ + x) * _a0_) * _a7_))) * _a1_))) * x) * _a1_) * _a0_);{'d0': {'_a0_': 1.7548873810604873, '_a1_': 0.9195354856482998, '_a7_': 0.8964447682495217, '_a2_': 1.0, '_a3_': 1.0, '_a4_': 1.0, '_a5_': 1.0, '_a6_': 1.0}};{'d0': 0.024905832919416605};-280.569866449044;54.61865247373644
34419;-85.6662807507853;((((_a7_ + pow2(((_a1_ + -((((_a7_ + x) * _a0_) * _a7_))) * _a1_))) * x) * _a1_) * _a0_);{'d0': {'_a0_': 1.7548873810604873, '_a1_': 0.9195354856482998, '_a7_': 0.8964447682495217, '_a2_': 1.0, '_a3_': 1.0, '_a4_': 1.0, '_a5_': 1.0, '_a6_': 1.0}};{'d0': 0.024905832919416605};-280.569866449044;54.61865247373644
34420;-85.6662807507853;((((_a7_ + pow2(((_a1_ + -((((_a7_ + x) * _a0_) * _a7_))) * _a1_))) * x) * _a1_) * _a0_);{'d0': {'_a0_': 1.7548873810604873, '_a1_': 0.9195354856482998, '_a7_': 0.8964447682495217, '_a2_': 1.0, '_a3_': 1.0, '_a4_': 1.0, '_a5_': 1.0, '_a6_': 1.0}};{'d0': 0.024905832919416605};-280.569866449044;54.61865247373644
34421;-85.6662807507853;((((_a7_ + pow2(((_a1_ + -((((_a7_ + x) * _a0_) * _a7_))) * _a1_))) * x) * _a1_) * _a0_);{'d0': {'_a0_': 1.7548873810604873, '_a1_': 0.9195354856482998, '_a7_': 0.8964447682495217, '_a2_': 1.0, '_a3_': 1.0, '_a4_': 1.0, '_a5_': 1.0, '_a6_': 1.0}};{'d0': 0.024905832919416605};-280.569866449044;54.61865247373644
34422;-85.6662807507853;((((_a7_ + pow2(((_a1_ + -((((_a7_ + x) * _a0_) * _a7_))) * _a1_))) * x) * _a1_) * _a0_);{'d0': {'_a0_': 1.7548873810604873, '_a1_': 0.9195354856482998, '_a7_': 0.8964447682495217, '_a2_': 1.0, '_a3_': 1.0, '_a4_': 1.0, '_a5_': 1.0, '_a6_': 1.0}};{'d0': 0.024905832919416605};-280.569866449044;54.61865247373644
34423;-85.6662807507853;((((_a7_ + pow2(((_a1_ + -((((_a7_ + x) * _a0_) * _a7_))) * _a1_))) * x) * _a1_) * _a0_);{'d0': {'_a0_': 1.7548873810604873, '_a1_': 0.9195354856482998, '_a7_': 0.8964447682495217, '_a2_': 1.0, '_a3_': 1.0, '_a4_': 1.0, '_a5_': 1.0, '_a6_': 1.0}};{'d0': 0.024905832919416605};-280.569866449044;54.61865247373644
34424;-85.6662807507853;((((_a7_ + pow2(((_a1_ + -((((_a7_ + x) * _a0_) * _a7_))) * _a1_))) * x) * _a1_) * _a0_);{'d0': {'_a0_': 1.7548873810604873, '_a1_': 0.9195354856482998, '_a7_': 0.8964447682495217, '_a2_': 1.0, '_a3_': 1.0, '_a4_': 1.0, '_a5_': 1.0, '_a6_': 1.0}};{'d0': 0.024905832919416605};-280.569866449044;54.61865247373644
34425;-100.378870770526;((_a3_ + (((_a2_ * ((_a7_ * _a2_) + -(x))) * _a3_) * x)) * x);{'d0': {'_a2_': -1.902255383928628, '_a3_': 1.7751354040631675, '_a7_': 0.3279577604751242, '_a0_': 1.0, '_a1_': 1.0, '_a4_': 1.0, '_a5_': 1.0, '_a6_': 1.0}};{'d0': 0.024905832919416646};-280.569866449044;39.90606245399546
34426;-100.378870770526;((_a3_ + (((_a2_ * ((_a7_ * _a2_) + -(x))) * _a3_) * x)) * x);{'d0': {'_a2_': -1.902255383928628, '_a3_': 1.7751354040631675, '_a7_': 0.3279577604751242, '_a0_': 1.0, '_a1_': 1.0, '_a4_': 1.0, '_a5_': 1.0, '_a6_': 1.0}};{'d0': 0.024905832919416646};-280.569866449044;39.90606245399546
34427;-100.378870770526;((_a3_ + (((_a2_ * ((_a7_ * _a2_) + -(x))) * _a3_) * x)) * x);{'d0': {'_a2_': -1.902255383928628, '_a3_': 1.7751354040631675, '_a7_': 0.3279577604751242, '_a0_': 1.0, '_a1_': 1.0, '_a4_': 1.0, '_a5_': 1.0, '_a6_': 1.0}};{'d0': 0.024905832919416646};-280.569866449044;39.90606245399546
34428;-100.378870770526;((_a3_ + (((_a2_ * ((_a7_ * _a2_) + -(x))) * _a3_) * x)) * x);{'d0': {'_a2_': -1.902255383928628, '_a3_': 1.7751354040631675, '_a7_': 0.3279577604751242, '_a0_': 1.0, '_a1_': 1.0, '_a4_': 1.0, '_a5_': 1.0, '_a6_': 1.0}};{'d0': 0.024905832919416646};-280.569866449044;39.90606245399546
34429;-100.378870770526;((_a3_ + (((_a2_ * ((_a7_ * _a2_) + -(x))) * _a3_) * x)) * x);{'d0': {'_a2_': -1.902255383928628, '_a3_': 1.7751354040631675, '_a7_': 0.3279577604751242, '_a0_': 1.0, '_a1_': 1.0, '_a4_': 1.0, '_a5_': 1.0, '_a6_': 1.0}};{'d0': 0.024905832919416646};-280.569866449044;39.90606245399546
34430;-100.378870770526;((_a3_ + (((_a2_ * ((_a7_ * _a2_) + -(x))) * _a3_) * x)) * x);{'d0': {'_a2_': -1.902255383928628, '_a3_': 1.7751354040631675, '_a7_': 0.3279577604751242, '_a0_': 1.0, '_a1_': 1.0, '_a4_': 1.0, '_a5_': 1.0, '_a6_': 1.0}};{'d0': 0.024905832919416646};-280.569866449044;39.90606245399546
34431;-100.378870770526;((_a3_ + (((_a2_ * ((_a7_ * _a2_) + -(x))) * _a3_) * x)) * x);{'d0': {'_a2_': -1.902255383928628, '_a3_': 1.7751354040631675, '_a7_': 0.3279577604751242, '_a0_': 1.0, '_a1_': 1.0, '_a4_': 1.0, '_a5_': 1.0, '_a6_': 1.0}};{'d0': 0.024905832919416646};-280.569866449044;39.90606245399546
34432;-100.378870770526;((_a3_ + (((_a2_ * ((_a7_ * _a2_) + -(x))) * _a3_) * x)) * x);{'d0': {'_a2_': -1.902255383928628, '_a3_': 1.7751354040631675, '_a7_': 0.3279577604751242, '_a0_': 1.0, '_a1_': 1.0, '_a4_': 1.0, '_a5_': 1.0, '_a6_': 1.0}};{'d0': 0.024905832919416646};-280.569866449044;39.90606245399546
34433;-100.378870770526;((_a3_ + (((_a2_ * ((_a7_ * _a2_) + -(x))) * _a3_) * x)) * x);{'d0': {'_a2_': -1.902255383928628, '_a3_': 1.7751354040631675, '_a7_': 0.3279577604751242, '_a0_': 1.0, '_a1_': 1.0, '_a4_': 1.0, '_a5_': 1.0, '_a6_': 1.0}};{'d0': 0.024905832919416646};-280.569866449044;39.90606245399546
34434;-100.378870770526;((_a3_ + (((_a2_ * ((_a7_ * _a2_) + -(x))) * _a3_) * x)) * x);{'d0': {'_a2_': -1.902255383928628, '_a3_': 1.7751354040631675, '_a7_': 0.3279577604751242, '_a0_': 1.0, '_a1_': 1.0, '_a4_': 1.0, '_a5_': 1.0, '_a6_': 1.0}};{'d0': 0.024905832919416646};-280.569866449044;39.90606245399546
34435;-100.378870770526;((_a3_ + (((_a2_ * ((_a7_ * _a2_) + -(x))) * _a3_) * x)) * x);{'d0': {'_a2_': -1.902255383928628, '_a3_': 1.7751354040631675, '_a7_': 0.3279577604751242, '_a0_': 1.0, '_a1_': 1.0, '_a4_': 1.0, '_a5_': 1.0, '_a6_': 1.0}};{'d0': 0.024905832919416646};-280.569866449044;39.90606245399546
34436;-100.378870770526;((_a3_ + (((_a2_ * ((_a7_ * _a2_) + -(x))) * _a3_) * x)) * x);{'d0': {'_a2_': -1.902255383928628, '_a3_': 1.7751354040631675, '_a7_': 0.3279577604751242, '_a0_': 1.0, '_a1_': 1.0, '_a4_': 1.0, '_a5_': 1.0, '_a6_': 1.0}};{'d0': 0.024905832919416646};-280.569866449044;39.90606245399546
34437;-100.378870770526;((_a3_ + (((_a2_ * ((_a7_ * _a2_) + -(x))) * _a3_) * x)) * x);{'d0': {'_a2_': -1.902255383928628, '_a3_': 1.7751354040631675, '_a7_': 0.3279577604751242, '_a0_': 1.0, '_a1_': 1.0, '_a4_': 1.0, '_a5_': 1.0, '_a6_': 1.0}};{'d0': 0.024905832919416646};-280.569866449044;39.90606245399546
34438;-100.378870770526;((_a3_ + (((_a2_ * ((_a7_ * _a2_) + -(x))) * _a3_) * x)) * x);{'d0': {'_a2_': -1.902255383928628, '_a3_': 1.7751354040631675, '_a7_': 0.3279577604751242, '_a0_': 1.0, '_a1_': 1.0, '_a4_': 1.0, '_a5_': 1.0, '_a6_': 1.0}};{'d0': 0.024905832919416646};-280.569866449044;39.90606245399546
34439;-100.378870770526;((_a3_ + (((_a2_ * ((_a7_ * _a2_) + -(x))) * _a3_) * x)) * x);{'d0': {'_a2_': -1.902255383928628, '_a3_': 1.7751354040631675, '_a7_': 0.3279577604751242, '_a0_': 1.0, '_a1_': 1.0, '_a4_': 1.0, '_a5_': 1.0, '_a6_': 1.0}};{'d0': 0.024905832919416646};-280.569866449044;39.90606245399546
34440;-100.378870770526;((_a3_ + (((_a2_ * ((_a7_ * _a2_) + -(x))) * _a3_) * x)) * x);{'d0': {'_a2_': -1.902255383928628, '_a3_': 1.7751354040631675, '_a7_': 0.3279577604751242, '_a0_': 1.0, '_a1_': 1.0, '_a4_': 1.0, '_a5_': 1.0, '_a6_': 1.0}};{'d0': 0.024905832919416646};-280.569866449044;39.90606245399546
34441;-100.378870770526;((_a3_ + (((_a2_ * ((_a7_ * _a2_) + -(x))) * _a3_) * x)) * x);{'d0': {'_a2_': -1.902255383928628, '_a3_': 1.7751354040631675, '_a7_': 0.3279577604751242, '_a0_': 1.0, '_a1_': 1.0, '_a4_': 1.0, '_a5_': 1.0, '_a6_': 1.0}};{'d0': 0.024905832919416646};-280.569866449044;39.90606245399546
34442;-100.378870770526;((_a3_ + (((_a2_ * ((_a7_ * _a2_) + -(x))) * _a3_) * x)) * x);{'d0': {'_a2_': -1.902255383928628, '_a3_': 1.7751354040631675, '_a7_': 0.3279577604751242, '_a0_': 1.0, '_a1_': 1.0, '_a4_': 1.0, '_a5_': 1.0, '_a6_': 1.0}};{'d0': 0.024905832919416646};-280.569866449044;39.90606245399546
34443;-100.378870770526;((_a3_ + (((_a2_ * ((_a7_ * _a2_) + -(x))) * _a3_) * x)) * x);{'d0': {'_a2_': -1.902255383928628, '_a3_': 1.7751354040631675, '_a7_': 0.3279577604751242, '_a0_': 1.0, '_a1_': 1.0, '_a4_': 1.0, '_a5_': 1.0, '_a6_': 1.0}};{'d0': 0.024905832919416646};-280.569866449044;39.90606245399546
34444;-85.6662807507849;((((x + pow2(((_a1_ + -((((_a7_ + x) * _a0_) * _a1_))) * _a1_))) * x) * _a1_) * _a0_);{'d0': {'_a0_': 70.63128543343922, '_a1_': 0.09915207225534485, '_a7_': -0.7108880160581863, '_a2_': 1.0, '_a3_': 1.0, '_a4_': 1.0, '_a5_': 1.0, '_a6_': 1.0}};{'d0': 0.02490583291941694};-280.569866449043;54.61865247373644
34445;-85.6662807507849;((((x + pow2(((_a1_ + -((((_a7_ + x) * _a0_) * _a1_))) * _a1_))) * x) * _a1_) * _a0_);{'d0': {'_a0_': 70.63128543343922, '_a1_': 0.09915207225534485, '_a7_': -0.7108880160581863, '_a2_': 1.0, '_a3_': 1.0, '_a4_': 1.0, '_a5_': 1.0, '_a6_': 1.0}};{'d0': 0.02490583291941694};-280.569866449043;54.61865247373644
34446;-85.6662807507849;((((x + pow2(((_a1_ + -((((_a7_ + x) * _a0_) * _a1_))) * _a1_))) * x) * _a1_) * _a0_);{'d0': {'_a0_': 70.63128543343922, '_a1_': 0.09915207225534485, '_a7_': -0.7108880160581863, '_a2_': 1.0, '_a3_': 1.0, '_a4_': 1.0, '_a5_': 1.0, '_a6_': 1.0}};{'d0': 0.02490583291941694};-280.569866449043;54.61865247373644
34447;-85.6662807507849;((((x + pow2(((_a1_ + -((((_a7_ + x) * _a0_) * _a1_))) * _a1_))) * x) * _a1_) * _a0_);{'d0': {'_a0_': 70.63128543343922, '_a1_': 0.09915207225534485, '_a7_': -0.7108880160581863, '_a2_': 1.0, '_a3_': 1.0, '_a4_': 1.0, '_a5_': 1.0, '_a6_': 1.0}};{'d0': 0.02490583291941694};-280.569866449043;54.61865247373644
34448;-85.6662807507849;((((x + pow2(((_a1_ + -((((_a7_ + x) * _a0_) * _a1_))) * _a1_))) * x) * _a1_) * _a0_);{'d0': {'_a0_': 70.63128543343922, '_a1_': 0.09915207225534485, '_a7_': -0.7108880160581863, '_a2_': 1.0, '_a3_': 1.0, '_a4_': 1.0, '_a5_': 1.0, '_a6_': 1.0}};{'d0': 0.02490583291941694};-280.569866449043;54.61865247373644
34449;-85.6662807507849;((((x + pow2(((_a1_ + -((((_a7_ + x) * _a0_) * _a1_))) * _a1_))) * x) * _a1_) * _a0_);{'d0': {'_a0_': 70.63128543343922, '_a1_': 0.09915207225534485, '_a7_': -0.7108880160581863, '_a2_': 1.0, '_a3_': 1.0, '_a4_': 1.0, '_a5_': 1.0, '_a6_': 1.0}};{'d0': 0.02490583291941694};-280.569866449043;54.61865247373644
34450;-85.6662807507849;((((x + pow2(((_a1_ + -((((_a7_ + x) * _a0_) * _a1_))) * _a1_))) * x) * _a1_) * _a0_);{'d0': {'_a0_': 70.63128543343922, '_a1_': 0.09915207225534485, '_a7_': -0.7108880160581863, '_a2_': 1.0, '_a3_': 1.0, '_a4_': 1.0, '_a5_': 1.0, '_a6_': 1.0}};{'d0': 0.02490583291941694};-280.569866449043;54.61865247373644
34451;-85.6662807507849;((((x + pow2(((_a1_ + -((((_a7_ + x) * _a0_) * _a1_))) * _a1_))) * x) * _a1_) * _a0_);{'d0': {'_a0_': 70.63128543343922, '_a1_': 0.09915207225534485, '_a7_': -0.7108880160581863, '_a2_': 1.0, '_a3_': 1.0, '_a4_': 1.0, '_a5_': 1.0, '_a6_': 1.0}};{'d0': 0.02490583291941694};-280.569866449043;54.61865247373644
34452;-85.6662807507849;((((x + pow2(((_a1_ + -((((_a7_ + x) * _a0_) * _a1_))) * _a1_))) * x) * _a1_) * _a0_);{'d0': {'_a0_': 70.63128543343922, '_a1_': 0.09915207225534485, '_a7_': -0.7108880160581863, '_a2_': 1.0, '_a3_': 1.0, '_a4_': 1.0, '_a5_': 1.0, '_a6_': 1.0}};{'d0': 0.02490583291941694};-280.569866449043;54.61865247373644
34453;-85.6662807507849;((((x + pow2(((_a1_ + -((((_a7_ + x) * _a0_) * _a1_))) * _a1_))) * x) * _a1_) * _a0_);{'d0': {'_a0_': 70.63128543343922, '_a1_': 0.09915207225534485, '_a7_': -0.7108880160581863, '_a2_': 1.0, '_a3_': 1.0, '_a4_': 1.0, '_a5_': 1.0, '_a6_': 1.0}};{'d0': 0.02490583291941694};-280.569866449043;54.61865247373644
34454;-85.6662807507849;((((x + pow2(((_a1_ + -((((_a7_ + x) * _a0_) * _a1_))) * _a1_))) * x) * _a1_) * _a0_);{'d0': {'_a0_': 70.63128543343922, '_a1_': 0.09915207225534485, '_a7_': -0.7108880160581863, '_a2_': 1.0, '_a3_': 1.0, '_a4_': 1.0, '_a5_': 1.0, '_a6_': 1.0}};{'d0': 0.02490583291941694};-280.569866449043;54.61865247373644
34455;-85.6662807507849;((((x + pow2(((_a1_ + -((((_a7_ + x) * _a0_) * _a1_))) * _a1_))) * x) * _a1_) * _a0_);{'d0': {'_a0_': 70.63128543343922, '_a1_': 0.09915207225534485, '_a7_': -0.7108880160581863, '_a2_': 1.0, '_a3_': 1.0, '_a4_': 1.0, '_a5_': 1.0, '_a6_': 1.0}};{'d0': 0.02490583291941694};-280.569866449043;54.61865247373644
34456;-85.6662807507849;((((x + pow2(((_a1_ + -((((_a7_ + x) * _a0_) * _a1_))) * _a1_))) * x) * _a1_) * _a0_);{'d0': {'_a0_': 70.63128543343922, '_a1_': 0.09915207225534485, '_a7_': -0.7108880160581863, '_a2_': 1.0, '_a3_': 1.0, '_a4_': 1.0, '_a5_': 1.0, '_a6_': 1.0}};{'d0': 0.02490583291941694};-280.569866449043;54.61865247373644
34457;-78.4526966587416;((((x + pow2((((_a7_ * _a6_) + -((((_a7_ + x) * _a0_) * _a1_))) * _a1_))) * x) * _a1_) * _a0_);{'d0': {'_a0_': 70.631285445293, '_a1_': 0.09915207227829603, '_a6_': -5.032805787082393, '_a7_': -0.42187194931452293, '_a2_': 1.0, '_a3_': 1.0, '_a4_': 1.0, '_a5_': 1.0}};{'d0': 0.024905832941424816};-276.475521833802;59.78506425815944
34458;-78.4526966587416;((((x + pow2((((_a7_ * _a6_) + -((((_a7_ + x) * _a0_) * _a1_))) * _a1_))) * x) * _a1_) * _a0_);{'d0': {'_a0_': 70.631285445293, '_a1_': 0.09915207227829603, '_a6_': -5.032805787082393, '_a7_': -0.42187194931452293, '_a2_': 1.0, '_a3_': 1.0, '_a4_': 1.0, '_a5_': 1.0}};{'d0': 0.024905832941424816};-276.475521833802;59.78506425815944
34459;-78.4526966587416;((((x + pow2((((_a7_ * _a6_) + -((((_a7_ + x) * _a0_) * _a1_))) * _a1_))) * x) * _a1_) * _a0_);{'d0': {'_a0_': 70.631285445293, '_a1_': 0.09915207227829603, '_a6_': -5.032805787082393, '_a7_': -0.42187194931452293, '_a2_': 1.0, '_a3_': 1.0, '_a4_': 1.0, '_a5_': 1.0}};{'d0': 0.024905832941424816};-276.475521833802;59.78506425815944
34460;-78.4526966587416;((((x + pow2((((_a7_ * _a6_) + -((((_a7_ + x) * _a0_) * _a1_))) * _a1_))) * x) * _a1_) * _a0_);{'d0': {'_a0_': 70.631285445293, '_a1_': 0.09915207227829603, '_a6_': -5.032805787082393, '_a7_': -0.42187194931452293, '_a2_': 1.0, '_a3_': 1.0, '_a4_': 1.0, '_a5_': 1.0}};{'d0': 0.024905832941424816};-276.475521833802;59.78506425815944
34461;-78.4526966587416;((((x + pow2((((_a7_ * _a6_) + -((((_a7_ + x) * _a0_) * _a1_))) * _a1_))) * x) * _a1_) * _a0_);{'d0': {'_a0_': 70.631285445293, '_a1_': 0.09915207227829603, '_a6_': -5.032805787082393, '_a7_': -0.42187194931452293, '_a2_': 1.0, '_a3_': 1.0, '_a4_': 1.0, '_a5_': 1.0}};{'d0': 0.024905832941424816};-276.475521833802;59.78506425815944
34462;-78.4526966587416;((((x + pow2((((_a7_ * _a6_) + -((((_a7_ + x) * _a0_) * _a1_))) * _a1_))) * x) * _a1_) * _a0_);{'d0': {'_a0_': 70.631285445293, '_a1_': 0.09915207227829603, '_a6_': -5.032805787082393, '_a7_': -0.42187194931452293, '_a2_': 1.0, '_a3_': 1.0, '_a4_': 1.0, '_a5_': 1.0}};{'d0': 0.024905832941424816};-276.475521833802;59.78506425815944
34463;-78.4526966587416;((((x + pow2((((_a7_ * _a6_) + -((((_a7_ + x) * _a0_) * _a1_))) * _a1_))) * x) * _a1_) * _a0_);{'d0': {'_a0_': 70.631285445293, '_a1_': 0.09915207227829603, '_a6_': -5.032805787082393, '_a7_': -0.42187194931452293, '_a2_': 1.0, '_a3_': 1.0, '_a4_': 1.0, '_a5_': 1.0}};{'d0': 0.024905832941424816};-276.475521833802;59.78506425815944
34464;-78.4526966587416;((((x + pow2((((_a7_ * _a6_) + -((((_a7_ + x) * _a0_) * _a1_))) * _a1_))) * x) * _a1_) * _a0_);{'d0': {'_a0_': 70.631285445293, '_a1_': 0.09915207227829603, '_a6_': -5.032805787082393, '_a7_': -0.42187194931452293, '_a2_': 1.0, '_a3_': 1.0, '_a4_': 1.0, '_a5_': 1.0}};{'d0': 0.024905832941424816};-276.475521833802;59.78506425815944
34465;-110.331920595413;(x * ((_a3_ * x) + pow2(((x * _a7_) + _a0_))));{'d0': {'_a0_': 1.3323420747436794, '_a3_': -2.7899901853468863, '_a7_': 1.8375964950767085, '_a1_': 1.0, '_a2_': 1.0, '_a4_': 1.0, '_a5_': 1.0, '_a6_': 1.0}};{'d0': 0.02490583291941663};-280.569866449044;29.95301262910893
34466;-110.331920595413;(x * ((_a3_ * x) + pow2(((x * _a7_) + _a0_))));{'d0': {'_a0_': 1.3323420747436794, '_a3_': -2.7899901853468863, '_a7_': 1.8375964950767085, '_a1_': 1.0, '_a2_': 1.0, '_a4_': 1.0, '_a5_': 1.0, '_a6_': 1.0}};{'d0': 0.02490583291941663};-280.569866449044;29.95301262910893
34467;-110.331920595413;(x * ((_a3_ * x) + pow2(((x * _a7_) + _a0_))));{'d0': {'_a0_': 1.3323420747436794, '_a3_': -2.7899901853468863, '_a7_': 1.8375964950767085, '_a1_': 1.0, '_a2_': 1.0, '_a4_': 1.0, '_a5_': 1.0, '_a6_': 1.0}};{'d0': 0.02490583291941663};-280.569866449044;29.95301262910893
34468;-110.331920595413;(x * ((_a3_ * x) + pow2(((x * _a7_) + _a0_))));{'d0': {'_a0_': 1.3323420747436794, '_a3_': -2.7899901853468863, '_a7_': 1.8375964950767085, '_a1_': 1.0, '_a2_': 1.0, '_a4_': 1.0, '_a5_': 1.0, '_a6_': 1.0}};{'d0': 0.02490583291941663};-280.569866449044;29.95301262910893
34469;-110.331920595413;(x * ((_a3_ * x) + pow2(((x * _a7_) + _a0_))));{'d0': {'_a0_': 1.3323420747436794, '_a3_': -2.7899901853468863, '_a7_': 1.8375964950767085, '_a1_': 1.0, '_a2_': 1.0, '_a4_': 1.0, '_a5_': 1.0, '_a6_': 1.0}};{'d0': 0.02490583291941663};-280.569866449044;29.95301262910893
34470;-110.331920595413;(x * ((_a3_ * x) + pow2(((x * _a7_) + _a0_))));{'d0': {'_a0_': 1.3323420747436794, '_a3_': -2.7899901853468863, '_a7_': 1.8375964950767085, '_a1_': 1.0, '_a2_': 1.0, '_a4_': 1.0, '_a5_': 1.0, '_a6_': 1.0}};{'d0': 0.02490583291941663};-280.569866449044;29.95301262910893
34471;-110.331920595413;(x * ((_a3_ * x) + pow2(((x * _a7_) + _a0_))));{'d0': {'_a0_': 1.3323420747436794, '_a3_': -2.7899901853468863, '_a7_': 1.8375964950767085, '_a1_': 1.0, '_a2_': 1.0, '_a4_': 1.0, '_a5_': 1.0, '_a6_': 1.0}};{'d0': 0.02490583291941663};-280.569866449044;29.95301262910893
34472;-110.331920595413;(x * ((_a3_ * x) + pow2(((x * _a7_) + _a0_))));{'d0': {'_a0_': 1.3323420747436794, '_a3_': -2.7899901853468863, '_a7_': 1.8375964950767085, '_a1_': 1.0, '_a2_': 1.0, '_a4_': 1.0, '_a5_': 1.0, '_a6_': 1.0}};{'d0': 0.02490583291941663};-280.569866449044;29.95301262910893
34473;-110.331920595413;(x * ((_a3_ * x) + pow2(((x * _a7_) + _a0_))));{'d0': {'_a0_': 1.3323420747436794, '_a3_': -2.7899901853468863, '_a7_': 1.8375964950767085, '_a1_': 1.0, '_a2_': 1.0, '_a4_': 1.0, '_a5_': 1.0, '_a6_': 1.0}};{'d0': 0.02490583291941663};-280.569866449044;29.95301262910893
34474;-110.331920595413;(x * ((_a3_ * x) + pow2(((x * _a7_) + _a0_))));{'d0': {'_a0_': 1.3323420747436794, '_a3_': -2.7899901853468863, '_a7_': 1.8375964950767085, '_a1_': 1.0, '_a2_': 1.0, '_a4_': 1.0, '_a5_': 1.0, '_a6_': 1.0}};{'d0': 0.02490583291941663};-280.569866449044;29.95301262910893
34475;-110.331920595413;(x * ((_a3_ * x) + pow2(((x * _a7_) + _a0_))));{'d0': {'_a0_': 1.3323420747436794, '_a3_': -2.7899901853468863, '_a7_': 1.8375964950767085, '_a1_': 1.0, '_a2_': 1.0, '_a4_': 1.0, '_a5_': 1.0, '_a6_': 1.0}};{'d0': 0.02490583291941663};-280.569866449044;29.95301262910893
34476;-110.331920595413;(x * ((_a3_ * x) + pow2(((x * _a7_) + _a0_))));{'d0': {'_a0_': 1.3323420747436794, '_a3_': -2.7899901853468863, '_a7_': 1.8375964950767085, '_a1_': 1.0, '_a2_': 1.0, '_a4_': 1.0, '_a5_': 1.0, '_a6_': 1.0}};{'d0': 0.02490583291941663};-280.569866449044;29.95301262910893
34477;-110.331920595413;(x * ((_a3_ * x) + pow2(((x * _a7_) + _a0_))));{'d0': {'_a0_': 1.3323420747436794, '_a3_': -2.7899901853468863, '_a7_': 1.8375964950767085, '_a1_': 1.0, '_a2_': 1.0, '_a4_': 1.0, '_a5_': 1.0, '_a6_': 1.0}};{'d0': 0.02490583291941663};-280.569866449044;29.95301262910893
34478;-110.331920595413;(x * ((_a3_ * x) + pow2(((x * _a7_) + _a0_))));{'d0': {'_a0_': 1.3323420747436794, '_a3_': -2.7899901853468863, '_a7_': 1.8375964950767085, '_a1_': 1.0, '_a2_': 1.0, '_a4_': 1.0, '_a5_': 1.0, '_a6_': 1.0}};{'d0': 0.02490583291941663};-280.569866449044;29.95301262910893
34479;-110.331920595413;(x * ((_a3_ * x) + pow2(((x * _a7_) + _a0_))));{'d0': {'_a0_': 1.3323420747436794, '_a3_': -2.7899901853468863, '_a7_': 1.8375964950767085, '_a1_': 1.0, '_a2_': 1.0, '_a4_': 1.0, '_a5_': 1.0, '_a6_': 1.0}};{'d0': 0.02490583291941663};-280.569866449044;29.95301262910893
34480;-110.331920595413;(x * ((_a3_ * x) + pow2(((x * _a7_) + _a0_))));{'d0': {'_a0_': 1.3323420747436794, '_a3_': -2.7899901853468863, '_a7_': 1.8375964950767085, '_a1_': 1.0, '_a2_': 1.0, '_a4_': 1.0, '_a5_': 1.0, '_a6_': 1.0}};{'d0': 0.02490583291941663};-280.569866449044;29.95301262910893
34481;-110.331920595413;(x * ((_a3_ * x) + pow2(((x * _a7_) + _a0_))));{'d0': {'_a0_': 1.3323420747436794, '_a3_': -2.7899901853468863, '_a7_': 1.8375964950767085, '_a1_': 1.0, '_a2_': 1.0, '_a4_': 1.0, '_a5_': 1.0, '_a6_': 1.0}};{'d0': 0.02490583291941663};-280.569866449044;29.95301262910893
34482;-110.331920595413;(x * ((_a3_ * x) + pow2(((x * _a7_) + _a0_))));{'d0': {'_a0_': 1.3323420747436794, '_a3_': -2.7899901853468863, '_a7_': 1.8375964950767085, '_a1_': 1.0, '_a2_': 1.0, '_a4_': 1.0, '_a5_': 1.0, '_a6_': 1.0}};{'d0': 0.02490583291941663};-280.569866449044;29.95301262910893
34483;-110.331920595413;(x * ((_a3_ * x) + pow2(((x * _a7_) + _a0_))));{'d0': {'_a0_': 1.3323420747436794, '_a3_': -2.7899901853468863, '_a7_': 1.8375964950767085, '_a1_': 1.0, '_a2_': 1.0, '_a4_': 1.0, '_a5_': 1.0, '_a6_': 1.0}};{'d0': 0.02490583291941663};-280.569866449044;29.95301262910893
34484;-110.331920595413;(x * ((_a3_ * x) + pow2(((x * _a7_) + _a0_))));{'d0': {'_a0_': 1.3323420747436794, '_a3_': -2.7899901853468863, '_a7_': 1.8375964950767085, '_a1_': 1.0, '_a2_': 1.0, '_a4_': 1.0, '_a5_': 1.0, '_a6_': 1.0}};{'d0': 0.02490583291941663};-280.569866449044;29.95301262910893
34485;-110.331920595413;(x * ((_a3_ * x) + pow2(((x * _a7_) + _a0_))));{'d0': {'_a0_': 1.3323420747436794, '_a3_': -2.7899901853468863, '_a7_': 1.8375964950767085, '_a1_': 1.0, '_a2_': 1.0, '_a4_': 1.0, '_a5_': 1.0, '_a6_': 1.0}};{'d0': 0.02490583291941663};-280.569866449044;29.95301262910893
34486;-110.331920595413;(x * ((_a3_ * x) + pow2(((x * _a7_) + _a0_))));{'d0': {'_a0_': 1.3323420747436794, '_a3_': -2.7899901853468863, '_a7_': 1.8375964950767085, '_a1_': 1.0, '_a2_': 1.0, '_a4_': 1.0, '_a5_': 1.0, '_a6_': 1.0}};{'d0': 0.02490583291941663};-280.569866449044;29.95301262910893
34487;-110.331920595413;(x * ((_a3_ * x) + pow2(((x * _a7_) + _a0_))));{'d0': {'_a0_': 1.3323420747436794, '_a3_': -2.7899901853468863, '_a7_': 1.8375964950767085, '_a1_': 1.0, '_a2_': 1.0, '_a4_': 1.0, '_a5_': 1.0, '_a6_': 1.0}};{'d0': 0.02490583291941663};-280.569866449044;29.95301262910893
34488;-110.331920595413;(x * ((_a3_ * x) + pow2(((x * _a7_) + _a0_))));{'d0': {'_a0_': 1.3323420747436794, '_a3_': -2.7899901853468863, '_a7_': 1.8375964950767085, '_a1_': 1.0, '_a2_': 1.0, '_a4_': 1.0, '_a5_': 1.0, '_a6_': 1.0}};{'d0': 0.02490583291941663};-280.569866449044;29.95301262910893
34489;-110.331920595413;(x * ((_a3_ * x) + pow2(((x * _a7_) + _a0_))));{'d0': {'_a0_': 1.3323420747436794, '_a3_': -2.7899901853468863, '_a7_': 1.8375964950767085, '_a1_': 1.0, '_a2_': 1.0, '_a4_': 1.0, '_a5_': 1.0, '_a6_': 1.0}};{'d0': 0.02490583291941663};-280.569866449044;29.95301262910893
34490;-110.331920595413;(x * ((_a3_ * x) + pow2(((x * _a7_) + _a0_))));{'d0': {'_a0_': 1.3323420747436794, '_a3_': -2.7899901853468863, '_a7_': 1.8375964950767085, '_a1_': 1.0, '_a2_': 1.0, '_a4_': 1.0, '_a5_': 1.0, '_a6_': 1.0}};{'d0': 0.02490583291941663};-280.569866449044;29.95301262910893
34491;-110.331920595413;(x * ((_a3_ * x) + pow2(((x * _a7_) + _a0_))));{'d0': {'_a0_': 1.3323420747436794, '_a3_': -2.7899901853468863, '_a7_': 1.8375964950767085, '_a1_': 1.0, '_a2_': 1.0, '_a4_': 1.0, '_a5_': 1.0, '_a6_': 1.0}};{'d0': 0.02490583291941663};-280.569866449044;29.95301262910893
34492;-110.331920595413;(x * ((_a3_ * x) + pow2(((x * _a7_) + _a0_))));{'d0': {'_a0_': 1.3323420747436794, '_a3_': -2.7899901853468863, '_a7_': 1.8375964950767085, '_a1_': 1.0, '_a2_': 1.0, '_a4_': 1.0, '_a5_': 1.0, '_a6_': 1.0}};{'d0': 0.02490583291941663};-280.569866449044;29.95301262910893
34493;-110.331920595413;(x * ((_a3_ * x) + pow2(((x * _a7_) + _a0_))));{'d0': {'_a0_': 1.3323420747436794, '_a3_': -2.7899901853468863, '_a7_': 1.8375964950767085, '_a1_': 1.0, '_a2_': 1.0, '_a4_': 1.0, '_a5_': 1.0, '_a6_': 1.0}};{'d0': 0.02490583291941663};-280.569866449044;29.95301262910893
34494;-110.331920595413;(x * ((_a3_ * x) + pow2(((x * _a7_) + _a0_))));{'d0': {'_a0_': 1.3323420747436794, '_a3_': -2.7899901853468863, '_a7_': 1.8375964950767085, '_a1_': 1.0, '_a2_': 1.0, '_a4_': 1.0, '_a5_': 1.0, '_a6_': 1.0}};{'d0': 0.02490583291941663};-280.569866449044;29.95301262910893
34495;-110.331920595413;(x * ((_a3_ * x) + pow2(((x * _a7_) + _a0_))));{'d0': {'_a0_': 1.3323420747436794, '_a3_': -2.7899901853468863, '_a7_': 1.8375964950767085, '_a1_': 1.0, '_a2_': 1.0, '_a4_': 1.0, '_a5_': 1.0, '_a6_': 1.0}};{'d0': 0.02490583291941663};-280.569866449044;29.95301262910893
34496;-110.331920595413;(x * ((_a3_ * x) + pow2(((x * _a7_) + _a0_))));{'d0': {'_a0_': 1.3323420747436794, '_a3_': -2.7899901853468863, '_a7_': 1.8375964950767085, '_a1_': 1.0, '_a2_': 1.0, '_a4_': 1.0, '_a5_': 1.0, '_a6_': 1.0}};{'d0': 0.02490583291941663};-280.569866449044;29.95301262910893
34497;-110.331920595413;(x * ((_a3_ * x) + pow2(((x * _a7_) + _a0_))));{'d0': {'_a0_': 1.3323420747436794, '_a3_': -2.7899901853468863, '_a7_': 1.8375964950767085, '_a1_': 1.0, '_a2_': 1.0, '_a4_': 1.0, '_a5_': 1.0, '_a6_': 1.0}};{'d0': 0.02490583291941663};-280.569866449044;29.95301262910893
34498;-110.331920595413;(x * ((_a3_ * x) + pow2(((x * _a7_) + _a0_))));{'d0': {'_a0_': 1.3323420747436794, '_a3_': -2.7899901853468863, '_a7_': 1.8375964950767085, '_a1_': 1.0, '_a2_': 1.0, '_a4_': 1.0, '_a5_': 1.0, '_a6_': 1.0}};{'d0': 0.02490583291941663};-280.569866449044;29.95301262910893
34499;-110.331920595413;(x * ((_a3_ * x) + pow2(((x * _a7_) + _a0_))));{'d0': {'_a0_': 1.3323420747436794, '_a3_': -2.7899901853468863, '_a7_': 1.8375964950767085, '_a1_': 1.0, '_a2_': 1.0, '_a4_': 1.0, '_a5_': 1.0, '_a6_': 1.0}};{'d0': 0.02490583291941663};-280.569866449044;29.95301262910893
34500;-110.331920595413;(x * ((_a3_ * x) + pow2(((x * _a7_) + _a0_))));{'d0': {'_a0_': 1.3323420747436794, '_a3_': -2.7899901853468863, '_a7_': 1.8375964950767085, '_a1_': 1.0, '_a2_': 1.0, '_a4_': 1.0, '_a5_': 1.0, '_a6_': 1.0}};{'d0': 0.02490583291941663};-280.569866449044;29.95301262910893
34501;-110.331920595413;(x * ((_a3_ * x) + pow2(((x * _a7_) + _a0_))));{'d0': {'_a0_': 1.3323420747436794, '_a3_': -2.7899901853468863, '_a7_': 1.8375964950767085, '_a1_': 1.0, '_a2_': 1.0, '_a4_': 1.0, '_a5_': 1.0, '_a6_': 1.0}};{'d0': 0.02490583291941663};-280.569866449044;29.95301262910893
34502;-110.331920595413;(x * ((_a3_ * x) + pow2(((x * _a7_) + _a0_))));{'d0': {'_a0_': 1.3323420747436794, '_a3_': -2.7899901853468863, '_a7_': 1.8375964950767085, '_a1_': 1.0, '_a2_': 1.0, '_a4_': 1.0, '_a5_': 1.0, '_a6_': 1.0}};{'d0': 0.02490583291941663};-280.569866449044;29.95301262910893
34503;-96.6809362979163;((pow2(_a0_) + ((((_a1_ * _a0_) * (_a1_ + -(x))) * _a3_) * x)) * x);{'d0': {'_a0_': 1.3323420754872088, '_a1_': -0.6238594162128976, '_a3_': 4.062541675455179, '_a2_': 1.0, '_a4_': 1.0, '_a5_': 1.0, '_a6_': 1.0, '_a7_': 1.0}};{'d0': 0.024905832919416646};-280.569866449044;43.60399692660546
34504;-96.6809362979163;((pow2(_a0_) + ((((_a1_ * _a0_) * (_a1_ + -(x))) * _a3_) * x)) * x);{'d0': {'_a0_': 1.3323420754872088, '_a1_': -0.6238594162128976, '_a3_': 4.062541675455179, '_a2_': 1.0, '_a4_': 1.0, '_a5_': 1.0, '_a6_': 1.0, '_a7_': 1.0}};{'d0': 0.024905832919416646};-280.569866449044;43.60399692660546
34505;-96.6809362979163;((pow2(_a0_) + ((((_a1_ * _a0_) * (_a1_ + -(x))) * _a3_) * x)) * x);{'d0': {'_a0_': 1.3323420754872088, '_a1_': -0.6238594162128976, '_a3_': 4.062541675455179, '_a2_': 1.0, '_a4_': 1.0, '_a5_': 1.0, '_a6_': 1.0, '_a7_': 1.0}};{'d0': 0.024905832919416646};-280.569866449044;43.60399692660546
34506;-95.0390077600063;((sqrt(_a0_) + ((((_a1_ * _a0_) * (_a1_ + -(x))) * _a3_) * x)) * x);{'d0': {'_a0_': 3.1511057006857284, '_a1_': -0.6238594153268973, '_a3_': 1.7177130004952583, '_a2_': 1.0, '_a4_': 1.0, '_a5_': 1.0, '_a6_': 1.0, '_a7_': 1.0}};{'d0': 0.024905832919416632};-280.569866449044;45.24592546451546
34507;-95.0390077600063;((sqrt(_a0_) + ((((_a1_ * _a0_) * (_a1_ + -(x))) * _a3_) * x)) * x);{'d0': {'_a0_': 3.1511057006857284, '_a1_': -0.6238594153268973, '_a3_': 1.7177130004952583, '_a2_': 1.0, '_a4_': 1.0, '_a5_': 1.0, '_a6_': 1.0, '_a7_': 1.0}};{'d0': 0.024905832919416632};-280.569866449044;45.24592546451546
34508;-95.0390077600063;((sqrt(_a0_) + ((((_a1_ * _a0_) * (_a1_ + -(x))) * _a3_) * x)) * x);{'d0': {'_a0_': 3.1511057006857284, '_a1_': -0.6238594153268973, '_a3_': 1.7177130004952583, '_a2_': 1.0, '_a4_': 1.0, '_a5_': 1.0, '_a6_': 1.0, '_a7_': 1.0}};{'d0': 0.024905832919416632};-280.569866449044;45.24592546451546
34509;-95.0390077600063;((sqrt(_a0_) + ((((_a1_ * _a0_) * (_a1_ + -(x))) * _a3_) * x)) * x);{'d0': {'_a0_': 3.1511057006857284, '_a1_': -0.6238594153268973, '_a3_': 1.7177130004952583, '_a2_': 1.0, '_a4_': 1.0, '_a5_': 1.0, '_a6_': 1.0, '_a7_': 1.0}};{'d0': 0.024905832919416632};-280.569866449044;45.24592546451546
34510;-95.0390077600063;((sqrt(_a0_) + ((((_a1_ * _a0_) * (_a1_ + -(x))) * _a3_) * x)) * x);{'d0': {'_a0_': 3.1511057006857284, '_a1_': -0.6238594153268973, '_a3_': 1.7177130004952583, '_a2_': 1.0, '_a4_': 1.0, '_a5_': 1.0, '_a6_': 1.0, '_a7_': 1.0}};{'d0': 0.024905832919416632};-280.569866449044;45.24592546451546
34511;-95.0390077600063;((sqrt(_a0_) + ((((_a1_ * _a0_) * (_a1_ + -(x))) * _a3_) * x)) * x);{'d0': {'_a0_': 3.1511057006857284, '_a1_': -0.6238594153268973, '_a3_': 1.7177130004952583, '_a2_': 1.0, '_a4_': 1.0, '_a5_': 1.0, '_a6_': 1.0, '_a7_': 1.0}};{'d0': 0.024905832919416632};-280.569866449044;45.24592546451546
34512;-110.331920595413;(x * ((_a3_ * x) + pow2(((x * _a7_) + _a0_))));{'d0': {'_a0_': 1.3323420747436794, '_a3_': -2.7899901853468863, '_a7_': 1.8375964950767085, '_a1_': 1.0, '_a2_': 1.0, '_a4_': 1.0, '_a5_': 1.0, '_a6_': 1.0}};{'d0': 0.02490583291941663};-280.569866449044;29.95301262910893
34513;-110.331920595413;(x * ((_a3_ * x) + pow2(((x * _a7_) + _a0_))));{'d0': {'_a0_': 1.3323420747436794, '_a3_': -2.7899901853468863, '_a7_': 1.8375964950767085, '_a1_': 1.0, '_a2_': 1.0, '_a4_': 1.0, '_a5_': 1.0, '_a6_': 1.0}};{'d0': 0.02490583291941663};-280.569866449044;29.95301262910893
34514;-110.331920595413;(x * ((_a3_ * x) + pow2(((x * _a7_) + _a0_))));{'d0': {'_a0_': 1.3323420747436794, '_a3_': -2.7899901853468863, '_a7_': 1.8375964950767085, '_a1_': 1.0, '_a2_': 1.0, '_a4_': 1.0, '_a5_': 1.0, '_a6_': 1.0}};{'d0': 0.02490583291941663};-280.569866449044;29.95301262910893
34515;-110.331920595413;(x * ((_a3_ * x) + pow2(((x * _a7_) + _a0_))));{'d0': {'_a0_': 1.3323420747436794, '_a3_': -2.7899901853468863, '_a7_': 1.8375964950767085, '_a1_': 1.0, '_a2_': 1.0, '_a4_': 1.0, '_a5_': 1.0, '_a6_': 1.0}};{'d0': 0.02490583291941663};-280.569866449044;29.95301262910893
34516;-110.331920595413;(x * ((_a3_ * x) + pow2(((x * _a7_) + _a0_))));{'d0': {'_a0_': 1.3323420747436794, '_a3_': -2.7899901853468863, '_a7_': 1.8375964950767085, '_a1_': 1.0, '_a2_': 1.0, '_a4_': 1.0, '_a5_': 1.0, '_a6_': 1.0}};{'d0': 0.02490583291941663};-280.569866449044;29.95301262910893
34517;-110.331920595413;(x * ((_a3_ * x) + pow2(((x * _a7_) + _a0_))));{'d0': {'_a0_': 1.3323420747436794, '_a3_': -2.7899901853468863, '_a7_': 1.8375964950767085, '_a1_': 1.0, '_a2_': 1.0, '_a4_': 1.0, '_a5_': 1.0, '_a6_': 1.0}};{'d0': 0.02490583291941663};-280.569866449044;29.95301262910893
34518;-110.331920595413;(x * ((_a3_ * x) + pow2(((x * _a7_) + _a0_))));{'d0': {'_a0_': 1.3323420747436794, '_a3_': -2.7899901853468863, '_a7_': 1.8375964950767085, '_a1_': 1.0, '_a2_': 1.0, '_a4_': 1.0, '_a5_': 1.0, '_a6_': 1.0}};{'d0': 0.02490583291941663};-280.569866449044;29.95301262910893
34519;-110.331920595413;(x * ((_a3_ * x) + pow2(((x * _a7_) + _a0_))));{'d0': {'_a0_': 1.3323420747436794, '_a3_': -2.7899901853468863, '_a7_': 1.8375964950767085, '_a1_': 1.0, '_a2_': 1.0, '_a4_': 1.0, '_a5_': 1.0, '_a6_': 1.0}};{'d0': 0.02490583291941663};-280.569866449044;29.95301262910893
34520;-110.331920595413;(x * ((_a3_ * x) + pow2(((x * _a7_) + _a0_))));{'d0': {'_a0_': 1.3323420747436794, '_a3_': -2.7899901853468863, '_a7_': 1.8375964950767085, '_a1_': 1.0, '_a2_': 1.0, '_a4_': 1.0, '_a5_': 1.0, '_a6_': 1.0}};{'d0': 0.02490583291941663};-280.569866449044;29.95301262910893
34521;-110.331920595413;(x * ((_a3_ * x) + pow2(((x * _a7_) + _a0_))));{'d0': {'_a0_': 1.3323420747436794, '_a3_': -2.7899901853468863, '_a7_': 1.8375964950767085, '_a1_': 1.0, '_a2_': 1.0, '_a4_': 1.0, '_a5_': 1.0, '_a6_': 1.0}};{'d0': 0.02490583291941663};-280.569866449044;29.95301262910893
34522;-110.331920595413;(x * ((_a3_ * x) + pow2(((x * _a7_) + _a0_))));{'d0': {'_a0_': 1.3323420747436794, '_a3_': -2.7899901853468863, '_a7_': 1.8375964950767085, '_a1_': 1.0, '_a2_': 1.0, '_a4_': 1.0, '_a5_': 1.0, '_a6_': 1.0}};{'d0': 0.02490583291941663};-280.569866449044;29.95301262910893
34523;-110.331920595413;(x * ((_a3_ * x) + pow2(((x * _a7_) + _a0_))));{'d0': {'_a0_': 1.3323420747436794, '_a3_': -2.7899901853468863, '_a7_': 1.8375964950767085, '_a1_': 1.0, '_a2_': 1.0, '_a4_': 1.0, '_a5_': 1.0, '_a6_': 1.0}};{'d0': 0.02490583291941663};-280.569866449044;29.95301262910893
34524;-110.331920595413;(x * ((_a3_ * x) + pow2(((x * _a7_) + _a0_))));{'d0': {'_a0_': 1.3323420747436794, '_a3_': -2.7899901853468863, '_a7_': 1.8375964950767085, '_a1_': 1.0, '_a2_': 1.0, '_a4_': 1.0, '_a5_': 1.0, '_a6_': 1.0}};{'d0': 0.02490583291941663};-280.569866449044;29.95301262910893
34525;-110.331920595413;(x * ((_a3_ * x) + pow2(((x * _a7_) + _a0_))));{'d0': {'_a0_': 1.3323420747436794, '_a3_': -2.7899901853468863, '_a7_': 1.8375964950767085, '_a1_': 1.0, '_a2_': 1.0, '_a4_': 1.0, '_a5_': 1.0, '_a6_': 1.0}};{'d0': 0.02490583291941663};-280.569866449044;29.95301262910893
34526;-110.331920595413;(x * ((_a3_ * x) + pow2(((x * _a7_) + _a0_))));{'d0': {'_a0_': 1.3323420747436794, '_a3_': -2.7899901853468863, '_a7_': 1.8375964950767085, '_a1_': 1.0, '_a2_': 1.0, '_a4_': 1.0, '_a5_': 1.0, '_a6_': 1.0}};{'d0': 0.02490583291941663};-280.569866449044;29.95301262910893
34527;-110.331920595413;(x * ((_a3_ * x) + pow2(((x * _a7_) + _a0_))));{'d0': {'_a0_': 1.3323420747436794, '_a3_': -2.7899901853468863, '_a7_': 1.8375964950767085, '_a1_': 1.0, '_a2_': 1.0, '_a4_': 1.0, '_a5_': 1.0, '_a6_': 1.0}};{'d0': 0.02490583291941663};-280.569866449044;29.95301262910893
34528;-103.280223376163;((((_a6_ * x) * (x * (_a7_ + x))) * _a0_) + (x / _a0_));{'d0': {'_a0_': 0.5633373079061282, '_a6_': 5.994207788138388, '_a7_': 0.6238594156952509, '_a1_': 1.0, '_a2_': 1.0, '_a3_': 1.0, '_a4_': 1.0, '_a5_': 1.0}};{'d0': 0.02490583291941662};-280.569866449044;37.00470984835835
34529;-103.280223376163;((((_a6_ * x) * (x * (_a7_ + x))) * _a0_) + (x / _a0_));{'d0': {'_a0_': 0.5633373079061282, '_a6_': 5.994207788138388, '_a7_': 0.6238594156952509, '_a1_': 1.0, '_a2_': 1.0, '_a3_': 1.0, '_a4_': 1.0, '_a5_': 1.0}};{'d0': 0.02490583291941662};-280.569866449044;37.00470984835835
34530;-103.280223376163;((((_a6_ * x) * (x * (_a7_ + x))) * _a0_) + (x / _a0_));{'d0': {'_a0_': 0.5633373079061282, '_a6_': 5.994207788138388, '_a7_': 0.6238594156952509, '_a1_': 1.0, '_a2_': 1.0, '_a3_': 1.0, '_a4_': 1.0, '_a5_': 1.0}};{'d0': 0.02490583291941662};-280.569866449044;37.00470984835835
34531;-103.280223376163;((((_a6_ * x) * (x * (_a7_ + x))) * _a0_) + (x / _a0_));{'d0': {'_a0_': 0.5633373079061282, '_a6_': 5.994207788138388, '_a7_': 0.6238594156952509, '_a1_': 1.0, '_a2_': 1.0, '_a3_': 1.0, '_a4_': 1.0, '_a5_': 1.0}};{'d0': 0.02490583291941662};-280.569866449044;37.00470984835835
34532;-103.280223376163;((((_a6_ * x) * (x * (_a7_ + x))) * _a0_) + (x / _a0_));{'d0': {'_a0_': 0.5633373079061282, '_a6_': 5.994207788138388, '_a7_': 0.6238594156952509, '_a1_': 1.0, '_a2_': 1.0, '_a3_': 1.0, '_a4_': 1.0, '_a5_': 1.0}};{'d0': 0.02490583291941662};-280.569866449044;37.00470984835835
34533;-103.280223376163;((((_a6_ * x) * (x * (_a7_ + x))) * _a0_) + (x / _a0_));{'d0': {'_a0_': 0.5633373079061282, '_a6_': 5.994207788138388, '_a7_': 0.6238594156952509, '_a1_': 1.0, '_a2_': 1.0, '_a3_': 1.0, '_a4_': 1.0, '_a5_': 1.0}};{'d0': 0.02490583291941662};-280.569866449044;37.00470984835835
34534;-103.280223376163;((((_a6_ * x) * (x * (_a7_ + x))) * _a0_) + (x / _a0_));{'d0': {'_a0_': 0.5633373079061282, '_a6_': 5.994207788138388, '_a7_': 0.6238594156952509, '_a1_': 1.0, '_a2_': 1.0, '_a3_': 1.0, '_a4_': 1.0, '_a5_': 1.0}};{'d0': 0.02490583291941662};-280.569866449044;37.00470984835835
34535;-103.280223376163;((((_a6_ * x) * (x * (_a7_ + x))) * _a0_) + (x / _a0_));{'d0': {'_a0_': 0.5633373079061282, '_a6_': 5.994207788138388, '_a7_': 0.6238594156952509, '_a1_': 1.0, '_a2_': 1.0, '_a3_': 1.0, '_a4_': 1.0, '_a5_': 1.0}};{'d0': 0.02490583291941662};-280.569866449044;37.00470984835835
34536;-103.280223376163;((((_a6_ * x) * (x * (_a7_ + x))) * _a0_) + (x / _a0_));{'d0': {'_a0_': 0.5633373079061282, '_a6_': 5.994207788138388, '_a7_': 0.6238594156952509, '_a1_': 1.0, '_a2_': 1.0, '_a3_': 1.0, '_a4_': 1.0, '_a5_': 1.0}};{'d0': 0.02490583291941662};-280.569866449044;37.00470984835835
34537;-110.331920595413;(x * ((_a3_ * x) + pow2(((x * _a7_) + _a0_))));{'d0': {'_a0_': 1.3323420747436794, '_a3_': -2.7899901853468863, '_a7_': 1.8375964950767085, '_a1_': 1.0, '_a2_': 1.0, '_a4_': 1.0, '_a5_': 1.0, '_a6_': 1.0}};{'d0': 0.02490583291941663};-280.569866449044;29.95301262910893
34538;-105.382580669956;(x * (((_a0_ * _a6_) * x) + pow2(((x * _a7_) + _a0_))));{'d0': {'_a0_': 1.332342074666331, '_a6_': -2.094049447564236, '_a7_': 1.8375964951547177, '_a1_': 1.0, '_a2_': 1.0, '_a3_': 1.0, '_a4_': 1.0, '_a5_': 1.0}};{'d0': 0.024905832919416622};-280.569866449044;34.90235255456593
34539;-105.382580669956;(x * (((_a0_ * _a6_) * x) + pow2(((x * _a7_) + _a0_))));{'d0': {'_a0_': 1.332342074666331, '_a6_': -2.094049447564236, '_a7_': 1.8375964951547177, '_a1_': 1.0, '_a2_': 1.0, '_a3_': 1.0, '_a4_': 1.0, '_a5_': 1.0}};{'d0': 0.024905832919416622};-280.569866449044;34.90235255456593
34540;-103.280223376163;((((_a6_ * x) * (x * (_a7_ + x))) * _a0_) + (x / _a0_));{'d0': {'_a0_': 0.5633373079061282, '_a6_': 5.994207788138388, '_a7_': 0.6238594156952509, '_a1_': 1.0, '_a2_': 1.0, '_a3_': 1.0, '_a4_': 1.0, '_a5_': 1.0}};{'d0': 0.02490583291941662};-280.569866449044;37.00470984835835
34541;-103.280223376163;((((_a6_ * x) * (x * (_a7_ + x))) * _a0_) + (x / _a0_));{'d0': {'_a0_': 0.5633373079061282, '_a6_': 5.994207788138388, '_a7_': 0.6238594156952509, '_a1_': 1.0, '_a2_': 1.0, '_a3_': 1.0, '_a4_': 1.0, '_a5_': 1.0}};{'d0': 0.02490583291941662};-280.569866449044;37.00470984835835
34542;-103.280223376163;((((_a6_ * x) * (x * (_a7_ + x))) * _a0_) + (x / _a0_));{'d0': {'_a0_': 0.5633373079061282, '_a6_': 5.994207788138388, '_a7_': 0.6238594156952509, '_a1_': 1.0, '_a2_': 1.0, '_a3_': 1.0, '_a4_': 1.0, '_a5_': 1.0}};{'d0': 0.02490583291941662};-280.569866449044;37.00470984835835
34543;-103.280223376163;((((_a6_ * x) * (x * (_a7_ + x))) * _a0_) + (x / _a0_));{'d0': {'_a0_': 0.5633373079061282, '_a6_': 5.994207788138388, '_a7_': 0.6238594156952509, '_a1_': 1.0, '_a2_': 1.0, '_a3_': 1.0, '_a4_': 1.0, '_a5_': 1.0}};{'d0': 0.02490583291941662};-280.569866449044;37.00470984835835
34544;-103.280223376163;((((_a6_ * x) * (x * (_a7_ + x))) * _a0_) + (x / _a0_));{'d0': {'_a0_': 0.5633373079061282, '_a6_': 5.994207788138388, '_a7_': 0.6238594156952509, '_a1_': 1.0, '_a2_': 1.0, '_a3_': 1.0, '_a4_': 1.0, '_a5_': 1.0}};{'d0': 0.02490583291941662};-280.569866449044;37.00470984835835
34545;-103.280223376163;((((_a6_ * x) * (x * (_a7_ + x))) * _a0_) + (x / _a0_));{'d0': {'_a0_': 0.5633373079061282, '_a6_': 5.994207788138388, '_a7_': 0.6238594156952509, '_a1_': 1.0, '_a2_': 1.0, '_a3_': 1.0, '_a4_': 1.0, '_a5_': 1.0}};{'d0': 0.02490583291941662};-280.569866449044;37.00470984835835
34546;-103.280223376163;((((_a6_ * x) * (x * (_a7_ + x))) * _a0_) + (x / _a0_));{'d0': {'_a0_': 0.5633373079061282, '_a6_': 5.994207788138388, '_a7_': 0.6238594156952509, '_a1_': 1.0, '_a2_': 1.0, '_a3_': 1.0, '_a4_': 1.0, '_a5_': 1.0}};{'d0': 0.02490583291941662};-280.569866449044;37.00470984835835
34547;-103.280223376163;((((_a6_ * x) * (x * (_a7_ + x))) * _a0_) + (x / _a0_));{'d0': {'_a0_': 0.5633373079061282, '_a6_': 5.994207788138388, '_a7_': 0.6238594156952509, '_a1_': 1.0, '_a2_': 1.0, '_a3_': 1.0, '_a4_': 1.0, '_a5_': 1.0}};{'d0': 0.02490583291941662};-280.569866449044;37.00470984835835
34548;-103.280223376163;((((_a6_ * x) * (x * (_a7_ + x))) * _a0_) + (x / _a0_));{'d0': {'_a0_': 0.5633373079061282, '_a6_': 5.994207788138388, '_a7_': 0.6238594156952509, '_a1_': 1.0, '_a2_': 1.0, '_a3_': 1.0, '_a4_': 1.0, '_a5_': 1.0}};{'d0': 0.02490583291941662};-280.569866449044;37.00470984835835
34549;-103.280223376163;((((_a6_ * x) * (x * (_a7_ + x))) * _a0_) + (x / _a0_));{'d0': {'_a0_': 0.5633373079061282, '_a6_': 5.994207788138388, '_a7_': 0.6238594156952509, '_a1_': 1.0, '_a2_': 1.0, '_a3_': 1.0, '_a4_': 1.0, '_a5_': 1.0}};{'d0': 0.02490583291941662};-280.569866449044;37.00470984835835
34550;-103.280223376163;((((_a6_ * x) * (x * (_a7_ + x))) * _a0_) + (x / _a0_));{'d0': {'_a0_': 0.5633373079061282, '_a6_': 5.994207788138388, '_a7_': 0.6238594156952509, '_a1_': 1.0, '_a2_': 1.0, '_a3_': 1.0, '_a4_': 1.0, '_a5_': 1.0}};{'d0': 0.02490583291941662};-280.569866449044;37.00470984835835
34551;-103.280223376163;((((_a6_ * x) * (x * (_a7_ + x))) * _a0_) + (x / _a0_));{'d0': {'_a0_': 0.5633373079061282, '_a6_': 5.994207788138388, '_a7_': 0.6238594156952509, '_a1_': 1.0, '_a2_': 1.0, '_a3_': 1.0, '_a4_': 1.0, '_a5_': 1.0}};{'d0': 0.02490583291941662};-280.569866449044;37.00470984835835
34552;-103.280223376163;((((_a6_ * x) * (x * (_a7_ + x))) * _a0_) + (x / _a0_));{'d0': {'_a0_': 0.5633373079061282, '_a6_': 5.994207788138388, '_a7_': 0.6238594156952509, '_a1_': 1.0, '_a2_': 1.0, '_a3_': 1.0, '_a4_': 1.0, '_a5_': 1.0}};{'d0': 0.02490583291941662};-280.569866449044;37.00470984835835
34553;-103.280223376163;((((_a6_ * x) * (x * (_a7_ + x))) * _a0_) + (x / _a0_));{'d0': {'_a0_': 0.5633373079061282, '_a6_': 5.994207788138388, '_a7_': 0.6238594156952509, '_a1_': 1.0, '_a2_': 1.0, '_a3_': 1.0, '_a4_': 1.0, '_a5_': 1.0}};{'d0': 0.02490583291941662};-280.569866449044;37.00470984835835
34554;-103.280223376163;((((_a6_ * x) * (x * (_a7_ + x))) * _a0_) + (x / _a0_));{'d0': {'_a0_': 0.5633373079061282, '_a6_': 5.994207788138388, '_a7_': 0.6238594156952509, '_a1_': 1.0, '_a2_': 1.0, '_a3_': 1.0, '_a4_': 1.0, '_a5_': 1.0}};{'d0': 0.02490583291941662};-280.569866449044;37.00470984835835
34555;-103.280223376163;((((_a6_ * x) * (x * (_a7_ + x))) * _a0_) + (x / _a0_));{'d0': {'_a0_': 0.5633373079061282, '_a6_': 5.994207788138388, '_a7_': 0.6238594156952509, '_a1_': 1.0, '_a2_': 1.0, '_a3_': 1.0, '_a4_': 1.0, '_a5_': 1.0}};{'d0': 0.02490583291941662};-280.569866449044;37.00470984835835
34556;-103.280223376163;((((_a6_ * x) * (x * (_a7_ + x))) * _a0_) + (x / _a0_));{'d0': {'_a0_': 0.5633373079061282, '_a6_': 5.994207788138388, '_a7_': 0.6238594156952509, '_a1_': 1.0, '_a2_': 1.0, '_a3_': 1.0, '_a4_': 1.0, '_a5_': 1.0}};{'d0': 0.02490583291941662};-280.569866449044;37.00470984835835
34557;-103.280223376163;((((_a6_ * x) * (x * (_a7_ + x))) * _a0_) + (x / _a0_));{'d0': {'_a0_': 0.5633373079061282, '_a6_': 5.994207788138388, '_a7_': 0.6238594156952509, '_a1_': 1.0, '_a2_': 1.0, '_a3_': 1.0, '_a4_': 1.0, '_a5_': 1.0}};{'d0': 0.02490583291941662};-280.569866449044;37.00470984835835
34558;-103.280223376163;((((_a6_ * x) * (x * (_a7_ + x))) * _a0_) + (x / _a0_));{'d0': {'_a0_': 0.5633373079061282, '_a6_': 5.994207788138388, '_a7_': 0.6238594156952509, '_a1_': 1.0, '_a2_': 1.0, '_a3_': 1.0, '_a4_': 1.0, '_a5_': 1.0}};{'d0': 0.02490583291941662};-280.569866449044;37.00470984835835
34559;-96.2113538832733;(((((_a6_ * x) * (x * (_a7_ + x))) * _a0_) + (x / _a0_)) * _a2_);{'d0': {'_a0_': 0.5633373079061282, '_a2_': 1.0, '_a6_': 5.994207788138388, '_a7_': 0.6238594156952509, '_a1_': 1.0, '_a3_': 1.0, '_a4_': 1.0, '_a5_': 1.0}};{'d0': 0.02490583291941662};-276.475521886822;42.02640706013735
34560;-96.2113538832733;(((((_a6_ * x) * (x * (_a7_ + x))) * _a0_) + (x / _a0_)) * _a2_);{'d0': {'_a0_': 0.5633373079061282, '_a2_': 1.0, '_a6_': 5.994207788138388, '_a7_': 0.6238594156952509, '_a1_': 1.0, '_a3_': 1.0, '_a4_': 1.0, '_a5_': 1.0}};{'d0': 0.02490583291941662};-276.475521886822;42.02640706013735
34561;-110.331920595413;(x * ((_a3_ * x) + pow2(((x * _a7_) + _a0_))));{'d0': {'_a0_': 1.3323420747436794, '_a3_': -2.7899901853468863, '_a7_': 1.8375964950767085, '_a1_': 1.0, '_a2_': 1.0, '_a4_': 1.0, '_a5_': 1.0, '_a6_': 1.0}};{'d0': 0.02490583291941663};-280.569866449044;29.95301262910893
34562;-110.331920595413;(x * ((_a3_ * x) + pow2(((x * _a7_) + _a0_))));{'d0': {'_a0_': 1.3323420747436794, '_a3_': -2.7899901853468863, '_a7_': 1.8375964950767085, '_a1_': 1.0, '_a2_': 1.0, '_a4_': 1.0, '_a5_': 1.0, '_a6_': 1.0}};{'d0': 0.02490583291941663};-280.569866449044;29.95301262910893
34563;-110.331920595413;(x * ((_a3_ * x) + pow2(((x * _a7_) + _a0_))));{'d0': {'_a0_': 1.3323420747436794, '_a3_': -2.7899901853468863, '_a7_': 1.8375964950767085, '_a1_': 1.0, '_a2_': 1.0, '_a4_': 1.0, '_a5_': 1.0, '_a6_': 1.0}};{'d0': 0.02490583291941663};-280.569866449044;29.95301262910893
34564;-104.604801139756;(x * ((_a3_ * -(_a6_)) + pow2(((x * _a7_) + _a0_))));{'d0': {'_a0_': 0.5732009377041316, '_a3_': -1.3338343786922542, '_a6_': 1.084523861724003, '_a7_': 1.8375964949245132, '_a1_': 1.0, '_a2_': 1.0, '_a4_': 1.0, '_a5_': 1.0}};{'d0': 0.024905832931276448};-276.475521858250;33.632959789369316
34565;-104.604801139756;(x * ((_a3_ * -(_a6_)) + pow2(((x * _a7_) + _a0_))));{'d0': {'_a0_': 0.5732009377041316, '_a3_': -1.3338343786922542, '_a6_': 1.084523861724003, '_a7_': 1.8375964949245132, '_a1_': 1.0, '_a2_': 1.0, '_a4_': 1.0, '_a5_': 1.0}};{'d0': 0.024905832931276448};-276.475521858250;33.632959789369316
34566;-96.2113538832733;(((((_a6_ * x) * (x * (_a7_ + x))) * _a0_) + (x / _a0_)) * _a2_);{'d0': {'_a0_': 0.5633373079061282, '_a2_': 1.0, '_a6_': 5.994207788138388, '_a7_': 0.6238594156952509, '_a1_': 1.0, '_a3_': 1.0, '_a4_': 1.0, '_a5_': 1.0}};{'d0': 0.02490583291941662};-276.475521886822;42.02640706013735
34567;-96.2113538832733;(((((_a6_ * x) * (x * (_a7_ + x))) * _a0_) + (x / _a0_)) * _a2_);{'d0': {'_a0_': 0.5633373079061282, '_a2_': 1.0, '_a6_': 5.994207788138388, '_a7_': 0.6238594156952509, '_a1_': 1.0, '_a3_': 1.0, '_a4_': 1.0, '_a5_': 1.0}};{'d0': 0.02490583291941662};-276.475521886822;42.02640706013735
34568;-96.2113538832733;(((((_a6_ * x) * (x * (_a7_ + x))) * _a0_) + (x / _a0_)) * _a2_);{'d0': {'_a0_': 0.5633373079061282, '_a2_': 1.0, '_a6_': 5.994207788138388, '_a7_': 0.6238594156952509, '_a1_': 1.0, '_a3_': 1.0, '_a4_': 1.0, '_a5_': 1.0}};{'d0': 0.02490583291941662};-276.475521886822;42.02640706013735
34569;-96.2113538832733;(((((_a6_ * x) * (x * (_a7_ + x))) * _a0_) + (x / _a0_)) * _a2_);{'d0': {'_a0_': 0.5633373079061282, '_a2_': 1.0, '_a6_': 5.994207788138388, '_a7_': 0.6238594156952509, '_a1_': 1.0, '_a3_': 1.0, '_a4_': 1.0, '_a5_': 1.0}};{'d0': 0.02490583291941662};-276.475521886822;42.02640706013735
34570;-96.2113538832733;(((((_a6_ * x) * (x * (_a7_ + x))) * _a0_) + (x / _a0_)) * _a2_);{'d0': {'_a0_': 0.5633373079061282, '_a2_': 1.0, '_a6_': 5.994207788138388, '_a7_': 0.6238594156952509, '_a1_': 1.0, '_a3_': 1.0, '_a4_': 1.0, '_a5_': 1.0}};{'d0': 0.02490583291941662};-276.475521886822;42.02640706013735
34571;-96.2113538832733;(((((_a6_ * x) * (x * (_a7_ + x))) * _a0_) + (x / _a0_)) * _a2_);{'d0': {'_a0_': 0.5633373079061282, '_a2_': 1.0, '_a6_': 5.994207788138388, '_a7_': 0.6238594156952509, '_a1_': 1.0, '_a3_': 1.0, '_a4_': 1.0, '_a5_': 1.0}};{'d0': 0.02490583291941662};-276.475521886822;42.02640706013735
34572;-96.2113538832733;(((((_a6_ * x) * (x * (_a7_ + x))) * _a0_) + (x / _a0_)) * _a2_);{'d0': {'_a0_': 0.5633373079061282, '_a2_': 1.0, '_a6_': 5.994207788138388, '_a7_': 0.6238594156952509, '_a1_': 1.0, '_a3_': 1.0, '_a4_': 1.0, '_a5_': 1.0}};{'d0': 0.02490583291941662};-276.475521886822;42.02640706013735
34573;-96.2113538832733;(((((_a6_ * x) * (x * (_a7_ + x))) * _a0_) + (x / _a0_)) * _a2_);{'d0': {'_a0_': 0.5633373079061282, '_a2_': 1.0, '_a6_': 5.994207788138388, '_a7_': 0.6238594156952509, '_a1_': 1.0, '_a3_': 1.0, '_a4_': 1.0, '_a5_': 1.0}};{'d0': 0.02490583291941662};-276.475521886822;42.02640706013735
34574;-96.2113538832733;(((((_a6_ * x) * (x * (_a7_ + x))) * _a0_) + (x / _a0_)) * _a2_);{'d0': {'_a0_': 0.5633373079061282, '_a2_': 1.0, '_a6_': 5.994207788138388, '_a7_': 0.6238594156952509, '_a1_': 1.0, '_a3_': 1.0, '_a4_': 1.0, '_a5_': 1.0}};{'d0': 0.02490583291941662};-276.475521886822;42.02640706013735
34575;-96.2113538832733;(((((_a6_ * x) * (x * (_a7_ + x))) * _a0_) + (x / _a0_)) * _a2_);{'d0': {'_a0_': 0.5633373079061282, '_a2_': 1.0, '_a6_': 5.994207788138388, '_a7_': 0.6238594156952509, '_a1_': 1.0, '_a3_': 1.0, '_a4_': 1.0, '_a5_': 1.0}};{'d0': 0.02490583291941662};-276.475521886822;42.02640706013735
34576;-96.2113538832733;(((((_a6_ * x) * (x * (_a7_ + x))) * _a0_) + (x / _a0_)) * _a2_);{'d0': {'_a0_': 0.5633373079061282, '_a2_': 1.0, '_a6_': 5.994207788138388, '_a7_': 0.6238594156952509, '_a1_': 1.0, '_a3_': 1.0, '_a4_': 1.0, '_a5_': 1.0}};{'d0': 0.02490583291941662};-276.475521886822;42.02640706013735
34577;-96.2113538832733;(((((_a6_ * x) * (x * (_a7_ + x))) * _a0_) + (x / _a0_)) * _a2_);{'d0': {'_a0_': 0.5633373079061282, '_a2_': 1.0, '_a6_': 5.994207788138388, '_a7_': 0.6238594156952509, '_a1_': 1.0, '_a3_': 1.0, '_a4_': 1.0, '_a5_': 1.0}};{'d0': 0.02490583291941662};-276.475521886822;42.02640706013735
34578;-96.2113538832733;(((((_a6_ * x) * (x * (_a7_ + x))) * _a0_) + (x / _a0_)) * _a2_);{'d0': {'_a0_': 0.5633373079061282, '_a2_': 1.0, '_a6_': 5.994207788138388, '_a7_': 0.6238594156952509, '_a1_': 1.0, '_a3_': 1.0, '_a4_': 1.0, '_a5_': 1.0}};{'d0': 0.02490583291941662};-276.475521886822;42.02640706013735
34579;-96.2113538832733;(((((_a6_ * x) * (x * (_a7_ + x))) * _a0_) + (x / _a0_)) * _a2_);{'d0': {'_a0_': 0.5633373079061282, '_a2_': 1.0, '_a6_': 5.994207788138388, '_a7_': 0.6238594156952509, '_a1_': 1.0, '_a3_': 1.0, '_a4_': 1.0, '_a5_': 1.0}};{'d0': 0.02490583291941662};-276.475521886822;42.02640706013735
34580;-92.5314067189270;(((((_a6_ * x) * (x * (_a7_ + x))) * -(_a7_)) + (x / _a0_)) * _a2_);{'d0': {'_a0_': -0.30169967512319434, '_a2_': -0.5355577746476444, '_a6_': 10.106644353809724, '_a7_': 0.6238594155240073, '_a1_': 1.0, '_a3_': 1.0, '_a4_': 1.0, '_a5_': 1.0}};{'d0': 0.02490583292280875};-276.475521878650;45.70635422039774
34581;-92.5314067189270;(((((_a6_ * x) * (x * (_a7_ + x))) * -(_a7_)) + (x / _a0_)) * _a2_);{'d0': {'_a0_': -0.30169967512319434, '_a2_': -0.5355577746476444, '_a6_': 10.106644353809724, '_a7_': 0.6238594155240073, '_a1_': 1.0, '_a3_': 1.0, '_a4_': 1.0, '_a5_': 1.0}};{'d0': 0.02490583292280875};-276.475521878650;45.70635422039774
34582;-92.5314067189270;(((((_a6_ * x) * (x * (_a7_ + x))) * -(_a7_)) + (x / _a0_)) * _a2_);{'d0': {'_a0_': -0.30169967512319434, '_a2_': -0.5355577746476444, '_a6_': 10.106644353809724, '_a7_': 0.6238594155240073, '_a1_': 1.0, '_a3_': 1.0, '_a4_': 1.0, '_a5_': 1.0}};{'d0': 0.02490583292280875};-276.475521878650;45.70635422039774
34583;-92.5314067189270;(((((_a6_ * x) * (x * (_a7_ + x))) * -(_a7_)) + (x / _a0_)) * _a2_);{'d0': {'_a0_': -0.30169967512319434, '_a2_': -0.5355577746476444, '_a6_': 10.106644353809724, '_a7_': 0.6238594155240073, '_a1_': 1.0, '_a3_': 1.0, '_a4_': 1.0, '_a5_': 1.0}};{'d0': 0.02490583292280875};-276.475521878650;45.70635422039774
34584;-94.5785790041240;(((((_a7_ * x) * (x * (_a7_ + x))) * -(_a7_)) + (x / _a0_)) * _a2_);{'d0': {'_a0_': -4.887596591666764, '_a2_': -8.676145753829303, '_a7_': 0.6238594157081105, '_a1_': 1.0, '_a3_': 1.0, '_a4_': 1.0, '_a5_': 1.0, '_a6_': 1.0}};{'d0': 0.02490583291941664};-280.569866449044;45.70635422039774
34585;-94.5785790041240;(((((_a7_ * x) * (x * (_a7_ + x))) * -(_a7_)) + (x / _a0_)) * _a2_);{'d0': {'_a0_': -4.887596591666764, '_a2_': -8.676145753829303, '_a7_': 0.6238594157081105, '_a1_': 1.0, '_a3_': 1.0, '_a4_': 1.0, '_a5_': 1.0, '_a6_': 1.0}};{'d0': 0.02490583291941664};-280.569866449044;45.70635422039774
34586;-94.5785790041240;(((((_a7_ * x) * (x * (_a7_ + x))) * -(_a7_)) + (x / _a0_)) * _a2_);{'d0': {'_a0_': -4.887596591666764, '_a2_': -8.676145753829303, '_a7_': 0.6238594157081105, '_a1_': 1.0, '_a3_': 1.0, '_a4_': 1.0, '_a5_': 1.0, '_a6_': 1.0}};{'d0': 0.02490583291941664};-280.569866449044;45.70635422039774
34587;-94.5785790041240;(((((_a7_ * x) * (x * (_a7_ + x))) * -(_a7_)) + (x / _a0_)) * _a2_);{'d0': {'_a0_': -4.887596591666764, '_a2_': -8.676145753829303, '_a7_': 0.6238594157081105, '_a1_': 1.0, '_a3_': 1.0, '_a4_': 1.0, '_a5_': 1.0, '_a6_': 1.0}};{'d0': 0.02490583291941664};-280.569866449044;45.70635422039774
34588;-94.5785790041240;(((((_a7_ * x) * (x * (_a7_ + x))) * -(_a7_)) + (x / _a0_)) * _a2_);{'d0': {'_a0_': -4.887596591666764, '_a2_': -8.676145753829303, '_a7_': 0.6238594157081105, '_a1_': 1.0, '_a3_': 1.0, '_a4_': 1.0, '_a5_': 1.0, '_a6_': 1.0}};{'d0': 0.02490583291941664};-280.569866449044;45.70635422039774
34589;-99.6002762159030;((((x * (x * (_a7_ + x))) * -(_a7_)) + (x / _a0_)) * _a2_);{'d0': {'_a0_': -3.049173154000211, '_a2_': -5.412695220715391, '_a7_': 0.6238594156965496, '_a1_': 1.0, '_a3_': 1.0, '_a4_': 1.0, '_a5_': 1.0, '_a6_': 1.0}};{'d0': 0.024905832919416622};-280.569866449044;40.68465700861874
34590;-99.6002762159030;((((x * (x * (_a7_ + x))) * -(_a7_)) + (x / _a0_)) * _a2_);{'d0': {'_a0_': -3.049173154000211, '_a2_': -5.412695220715391, '_a7_': 0.6238594156965496, '_a1_': 1.0, '_a3_': 1.0, '_a4_': 1.0, '_a5_': 1.0, '_a6_': 1.0}};{'d0': 0.024905832919416622};-280.569866449044;40.68465700861874
34591;-99.6002762159030;((((x * (x * (_a7_ + x))) * -(_a7_)) + (x / _a0_)) * _a2_);{'d0': {'_a0_': -3.049173154000211, '_a2_': -5.412695220715391, '_a7_': 0.6238594156965496, '_a1_': 1.0, '_a3_': 1.0, '_a4_': 1.0, '_a5_': 1.0, '_a6_': 1.0}};{'d0': 0.024905832919416622};-280.569866449044;40.68465700861874
34592;-99.6002762159030;((((x * (x * (_a7_ + x))) * -(_a7_)) + (x / _a0_)) * _a2_);{'d0': {'_a0_': -3.049173154000211, '_a2_': -5.412695220715391, '_a7_': 0.6238594156965496, '_a1_': 1.0, '_a3_': 1.0, '_a4_': 1.0, '_a5_': 1.0, '_a6_': 1.0}};{'d0': 0.024905832919416622};-280.569866449044;40.68465700861874
34593;-99.6002762159030;((((x * (x * (_a7_ + x))) * -(_a7_)) + (x / _a0_)) * _a2_);{'d0': {'_a0_': -3.049173154000211, '_a2_': -5.412695220715391, '_a7_': 0.6238594156965496, '_a1_': 1.0, '_a3_': 1.0, '_a4_': 1.0, '_a5_': 1.0, '_a6_': 1.0}};{'d0': 0.024905832919416622};-280.569866449044;40.68465700861874
34594;-99.6002762159030;((((x * (x * (_a7_ + x))) * -(_a7_)) + (x / _a0_)) * _a2_);{'d0': {'_a0_': -3.049173154000211, '_a2_': -5.412695220715391, '_a7_': 0.6238594156965496, '_a1_': 1.0, '_a3_': 1.0, '_a4_': 1.0, '_a5_': 1.0, '_a6_': 1.0}};{'d0': 0.024905832919416622};-280.569866449044;40.68465700861874
34595;-99.6002762159030;((((x * (x * (_a7_ + x))) * -(_a7_)) + (x / _a0_)) * _a2_);{'d0': {'_a0_': -3.049173154000211, '_a2_': -5.412695220715391, '_a7_': 0.6238594156965496, '_a1_': 1.0, '_a3_': 1.0, '_a4_': 1.0, '_a5_': 1.0, '_a6_': 1.0}};{'d0': 0.024905832919416622};-280.569866449044;40.68465700861874
34596;-99.6002762159030;((((x * (x * (_a7_ + x))) * -(_a7_)) + (x / _a0_)) * _a2_);{'d0': {'_a0_': -3.049173154000211, '_a2_': -5.412695220715391, '_a7_': 0.6238594156965496, '_a1_': 1.0, '_a3_': 1.0, '_a4_': 1.0, '_a5_': 1.0, '_a6_': 1.0}};{'d0': 0.024905832919416622};-280.569866449044;40.68465700861874
34597;-99.6002762159030;((((x * (x * (_a7_ + x))) * -(_a7_)) + (x / _a0_)) * _a2_);{'d0': {'_a0_': -3.049173154000211, '_a2_': -5.412695220715391, '_a7_': 0.6238594156965496, '_a1_': 1.0, '_a3_': 1.0, '_a4_': 1.0, '_a5_': 1.0, '_a6_': 1.0}};{'d0': 0.024905832919416622};-280.569866449044;40.68465700861874
34598;-91.7158811266447;(((((x * (x * (_a7_ + x))) * -(_a7_)) + (x / _a0_)) * _a2_) / _a5_);{'d0': {'_a0_': -3.049173154000211, '_a2_': -5.412695220715391, '_a5_': 1.0, '_a7_': 0.6238594156965496, '_a1_': 1.0, '_a3_': 1.0, '_a4_': 1.0, '_a6_': 1.0}};{'d0': 0.024905832919416622};-276.475521886822;46.521879816765946
34599;-91.7158811266447;(((((x * (x * (_a7_ + x))) * -(_a7_)) + (x / _a0_)) * _a2_) / _a5_);{'d0': {'_a0_': -3.049173154000211, '_a2_': -5.412695220715391, '_a5_': 1.0, '_a7_': 0.6238594156965496, '_a1_': 1.0, '_a3_': 1.0, '_a4_': 1.0, '_a6_': 1.0}};{'d0': 0.024905832919416622};-276.475521886822;46.521879816765946
34600;-84.6470116337547;(((((x * (x * (_a7_ + x))) * -((_a6_ * _a7_))) + (x / _a0_)) * _a2_) / _a5_);{'d0': {'_a0_': -3.049173154000211, '_a2_': -5.412695220715391, '_a5_': 1.0, '_a6_': 1.0, '_a7_': 0.6238594156965496, '_a1_': 1.0, '_a3_': 1.0, '_a4_': 1.0}};{'d0': 0.024905832919416622};-272.381177324599;51.543577028544945
34601;-84.6470116337547;(((((x * (x * (_a7_ + x))) * -((_a6_ * _a7_))) + (x / _a0_)) * _a2_) / _a5_);{'d0': {'_a0_': -3.049173154000211, '_a2_': -5.412695220715391, '_a5_': 1.0, '_a6_': 1.0, '_a7_': 0.6238594156965496, '_a1_': 1.0, '_a3_': 1.0, '_a4_': 1.0}};{'d0': 0.024905832919416622};-272.381177324599;51.543577028544945
34602;-82.2962091392116;(((x + pow2(((pow2(sqrt(x)) + -((-(_a7_) / _a1_))) / (_a7_ * _a1_)))) * x) * _a0_);{'d0': {'_a0_': 7.003238322457484, '_a1_': 1.409343494050071, '_a7_': -1.0218389290925995, '_a2_': 1.0, '_a3_': 1.0, '_a4_': 1.0, '_a5_': 1.0, '_a6_': 1.0}};{'d0': 0.02490583291941658};-280.569866449044;57.98872408531021
34603;-82.2962091392116;(((x + pow2(((pow2(sqrt(x)) + -((-(_a7_) / _a1_))) / (_a7_ * _a1_)))) * x) * _a0_);{'d0': {'_a0_': 7.003238322457484, '_a1_': 1.409343494050071, '_a7_': -1.0218389290925995, '_a2_': 1.0, '_a3_': 1.0, '_a4_': 1.0, '_a5_': 1.0, '_a6_': 1.0}};{'d0': 0.02490583291941658};-280.569866449044;57.98872408531021
34604;-82.2962091392116;(((x + pow2(((pow2(sqrt(x)) + -((-(_a7_) / _a1_))) / (_a7_ * _a1_)))) * x) * _a0_);{'d0': {'_a0_': 7.003238322457484, '_a1_': 1.409343494050071, '_a7_': -1.0218389290925995, '_a2_': 1.0, '_a3_': 1.0, '_a4_': 1.0, '_a5_': 1.0, '_a6_': 1.0}};{'d0': 0.02490583291941658};-280.569866449044;57.98872408531021
34605;-82.2962091392116;(((x + pow2(((pow2(sqrt(x)) + -((-(_a7_) / _a1_))) / (_a7_ * _a1_)))) * x) * _a0_);{'d0': {'_a0_': 7.003238322457484, '_a1_': 1.409343494050071, '_a7_': -1.0218389290925995, '_a2_': 1.0, '_a3_': 1.0, '_a4_': 1.0, '_a5_': 1.0, '_a6_': 1.0}};{'d0': 0.02490583291941658};-280.569866449044;57.98872408531021
34606;-82.2962091392116;(((x + pow2(((pow2(sqrt(x)) + -((-(_a7_) / _a1_))) / (_a7_ * _a1_)))) * x) * _a0_);{'d0': {'_a0_': 7.003238322457484, '_a1_': 1.409343494050071, '_a7_': -1.0218389290925995, '_a2_': 1.0, '_a3_': 1.0, '_a4_': 1.0, '_a5_': 1.0, '_a6_': 1.0}};{'d0': 0.02490583291941658};-280.569866449044;57.98872408531021
34607;-82.2962091392116;(((x + pow2(((pow2(sqrt(x)) + -((-(_a7_) / _a1_))) / (_a7_ * _a1_)))) * x) * _a0_);{'d0': {'_a0_': 7.003238322457484, '_a1_': 1.409343494050071, '_a7_': -1.0218389290925995, '_a2_': 1.0, '_a3_': 1.0, '_a4_': 1.0, '_a5_': 1.0, '_a6_': 1.0}};{'d0': 0.02490583291941658};-280.569866449044;57.98872408531021
34608;-82.2962091392116;(((x + pow2(((pow2(sqrt(x)) + -((-(_a7_) / _a1_))) / (_a7_ * _a1_)))) * x) * _a0_);{'d0': {'_a0_': 7.003238322457484, '_a1_': 1.409343494050071, '_a7_': -1.0218389290925995, '_a2_': 1.0, '_a3_': 1.0, '_a4_': 1.0, '_a5_': 1.0, '_a6_': 1.0}};{'d0': 0.02490583291941658};-280.569866449044;57.98872408531021
34609;-82.2962091392116;(((x + pow2(((pow2(sqrt(x)) + -((-(_a7_) / _a1_))) / (_a7_ * _a1_)))) * x) * _a0_);{'d0': {'_a0_': 7.003238322457484, '_a1_': 1.409343494050071, '_a7_': -1.0218389290925995, '_a2_': 1.0, '_a3_': 1.0, '_a4_': 1.0, '_a5_': 1.0, '_a6_': 1.0}};{'d0': 0.02490583291941658};-280.569866449044;57.98872408531021
34610;-82.2962091392116;(((x + pow2(((pow2(sqrt(x)) + -((-(_a7_) / _a1_))) / (_a7_ * _a1_)))) * x) * _a0_);{'d0': {'_a0_': 7.003238322457484, '_a1_': 1.409343494050071, '_a7_': -1.0218389290925995, '_a2_': 1.0, '_a3_': 1.0, '_a4_': 1.0, '_a5_': 1.0, '_a6_': 1.0}};{'d0': 0.02490583291941658};-280.569866449044;57.98872408531021
34611;-82.2962091392116;(((x + pow2(((pow2(sqrt(x)) + -((-(_a7_) / _a1_))) / (_a7_ * _a1_)))) * x) * _a0_);{'d0': {'_a0_': 7.003238322457484, '_a1_': 1.409343494050071, '_a7_': -1.0218389290925995, '_a2_': 1.0, '_a3_': 1.0, '_a4_': 1.0, '_a5_': 1.0, '_a6_': 1.0}};{'d0': 0.02490583291941658};-280.569866449044;57.98872408531021
34612;-82.2962091392116;(((x + pow2(((pow2(sqrt(x)) + -((-(_a7_) / _a1_))) / (_a7_ * _a1_)))) * x) * _a0_);{'d0': {'_a0_': 7.003238322457484, '_a1_': 1.409343494050071, '_a7_': -1.0218389290925995, '_a2_': 1.0, '_a3_': 1.0, '_a4_': 1.0, '_a5_': 1.0, '_a6_': 1.0}};{'d0': 0.02490583291941658};-280.569866449044;57.98872408531021
34613;-82.2962091392116;(((x + pow2(((pow2(sqrt(x)) + -((-(_a7_) / _a1_))) / (_a7_ * _a1_)))) * x) * _a0_);{'d0': {'_a0_': 7.003238322457484, '_a1_': 1.409343494050071, '_a7_': -1.0218389290925995, '_a2_': 1.0, '_a3_': 1.0, '_a4_': 1.0, '_a5_': 1.0, '_a6_': 1.0}};{'d0': 0.02490583291941658};-280.569866449044;57.98872408531021
34614;-82.2962091392116;(((x + pow2(((pow2(sqrt(x)) + -((-(_a7_) / _a1_))) / (_a7_ * _a1_)))) * x) * _a0_);{'d0': {'_a0_': 7.003238322457484, '_a1_': 1.409343494050071, '_a7_': -1.0218389290925995, '_a2_': 1.0, '_a3_': 1.0, '_a4_': 1.0, '_a5_': 1.0, '_a6_': 1.0}};{'d0': 0.02490583291941658};-280.569866449044;57.98872408531021
34615;-82.2962091392116;(((x + pow2(((pow2(sqrt(x)) + -((-(_a7_) / _a1_))) / (_a7_ * _a1_)))) * x) * _a0_);{'d0': {'_a0_': 7.003238322457484, '_a1_': 1.409343494050071, '_a7_': -1.0218389290925995, '_a2_': 1.0, '_a3_': 1.0, '_a4_': 1.0, '_a5_': 1.0, '_a6_': 1.0}};{'d0': 0.02490583291941658};-280.569866449044;57.98872408531021
34616;-82.2962091392116;(((x + pow2(((pow2(sqrt(x)) + -((-(_a7_) / _a1_))) / (_a7_ * _a1_)))) * x) * _a0_);{'d0': {'_a0_': 7.003238322457484, '_a1_': 1.409343494050071, '_a7_': -1.0218389290925995, '_a2_': 1.0, '_a3_': 1.0, '_a4_': 1.0, '_a5_': 1.0, '_a6_': 1.0}};{'d0': 0.02490583291941658};-280.569866449044;57.98872408531021
34617;-82.2962091392116;(((x + pow2(((pow2(sqrt(x)) + -((-(_a7_) / _a1_))) / (_a7_ * _a1_)))) * x) * _a0_);{'d0': {'_a0_': 7.003238322457484, '_a1_': 1.409343494050071, '_a7_': -1.0218389290925995, '_a2_': 1.0, '_a3_': 1.0, '_a4_': 1.0, '_a5_': 1.0, '_a6_': 1.0}};{'d0': 0.02490583291941658};-280.569866449044;57.98872408531021
34618;-82.2962091392116;(((x + pow2(((pow2(sqrt(x)) + -((-(_a7_) / _a1_))) / (_a7_ * _a1_)))) * x) * _a0_);{'d0': {'_a0_': 7.003238322457484, '_a1_': 1.409343494050071, '_a7_': -1.0218389290925995, '_a2_': 1.0, '_a3_': 1.0, '_a4_': 1.0, '_a5_': 1.0, '_a6_': 1.0}};{'d0': 0.02490583291941658};-280.569866449044;57.98872408531021
34619;-82.2962091392116;(((x + pow2(((pow2(sqrt(x)) + -((-(_a7_) / _a1_))) / (_a7_ * _a1_)))) * x) * _a0_);{'d0': {'_a0_': 7.003238322457484, '_a1_': 1.409343494050071, '_a7_': -1.0218389290925995, '_a2_': 1.0, '_a3_': 1.0, '_a4_': 1.0, '_a5_': 1.0, '_a6_': 1.0}};{'d0': 0.02490583291941658};-280.569866449044;57.98872408531021
34620;-82.2962091392116;(((x + pow2(((pow2(sqrt(x)) + -((-(_a7_) / _a1_))) / (_a7_ * _a1_)))) * x) * _a0_);{'d0': {'_a0_': 7.003238322457484, '_a1_': 1.409343494050071, '_a7_': -1.0218389290925995, '_a2_': 1.0, '_a3_': 1.0, '_a4_': 1.0, '_a5_': 1.0, '_a6_': 1.0}};{'d0': 0.02490583291941658};-280.569866449044;57.98872408531021
34621;-82.2962091392116;(((x + pow2(((pow2(sqrt(x)) + -((-(_a7_) / _a1_))) / (_a7_ * _a1_)))) * x) * _a0_);{'d0': {'_a0_': 7.003238322457484, '_a1_': 1.409343494050071, '_a7_': -1.0218389290925995, '_a2_': 1.0, '_a3_': 1.0, '_a4_': 1.0, '_a5_': 1.0, '_a6_': 1.0}};{'d0': 0.02490583291941658};-280.569866449044;57.98872408531021
34622;-82.2962091392116;(((x + pow2(((pow2(sqrt(x)) + -((-(_a7_) / _a1_))) / (_a7_ * _a1_)))) * x) * _a0_);{'d0': {'_a0_': 7.003238322457484, '_a1_': 1.409343494050071, '_a7_': -1.0218389290925995, '_a2_': 1.0, '_a3_': 1.0, '_a4_': 1.0, '_a5_': 1.0, '_a6_': 1.0}};{'d0': 0.02490583291941658};-280.569866449044;57.98872408531021
34623;-82.2962091392116;(((x + pow2(((pow2(sqrt(x)) + -((-(_a7_) / _a1_))) / (_a7_ * _a1_)))) * x) * _a0_);{'d0': {'_a0_': 7.003238322457484, '_a1_': 1.409343494050071, '_a7_': -1.0218389290925995, '_a2_': 1.0, '_a3_': 1.0, '_a4_': 1.0, '_a5_': 1.0, '_a6_': 1.0}};{'d0': 0.02490583291941658};-280.569866449044;57.98872408531021
34624;-82.2962091392116;(((x + pow2(((pow2(sqrt(x)) + -((-(_a7_) / _a1_))) / (_a7_ * _a1_)))) * x) * _a0_);{'d0': {'_a0_': 7.003238322457484, '_a1_': 1.409343494050071, '_a7_': -1.0218389290925995, '_a2_': 1.0, '_a3_': 1.0, '_a4_': 1.0, '_a5_': 1.0, '_a6_': 1.0}};{'d0': 0.02490583291941658};-280.569866449044;57.98872408531021
34625;-82.2962091392116;(((x + pow2(((pow2(sqrt(x)) + -((-(_a7_) / _a1_))) / (_a7_ * _a1_)))) * x) * _a0_);{'d0': {'_a0_': 7.003238322457484, '_a1_': 1.409343494050071, '_a7_': -1.0218389290925995, '_a2_': 1.0, '_a3_': 1.0, '_a4_': 1.0, '_a5_': 1.0, '_a6_': 1.0}};{'d0': 0.02490583291941658};-280.569866449044;57.98872408531021
34626;-82.2962091392116;(((x + pow2(((pow2(sqrt(x)) + -((-(_a7_) / _a1_))) / (_a7_ * _a1_)))) * x) * _a0_);{'d0': {'_a0_': 7.003238322457484, '_a1_': 1.409343494050071, '_a7_': -1.0218389290925995, '_a2_': 1.0, '_a3_': 1.0, '_a4_': 1.0, '_a5_': 1.0, '_a6_': 1.0}};{'d0': 0.02490583291941658};-280.569866449044;57.98872408531021
34627;-82.2962091392116;(((x + pow2(((pow2(sqrt(x)) + -((-(_a7_) / _a1_))) / (_a7_ * _a1_)))) * x) * _a0_);{'d0': {'_a0_': 7.003238322457484, '_a1_': 1.409343494050071, '_a7_': -1.0218389290925995, '_a2_': 1.0, '_a3_': 1.0, '_a4_': 1.0, '_a5_': 1.0, '_a6_': 1.0}};{'d0': 0.02490583291941658};-280.569866449044;57.98872408531021
34628;-82.2962091392116;(((x + pow2(((pow2(sqrt(x)) + -((-(_a7_) / _a1_))) / (_a7_ * _a1_)))) * x) * _a0_);{'d0': {'_a0_': 7.003238322457484, '_a1_': 1.409343494050071, '_a7_': -1.0218389290925995, '_a2_': 1.0, '_a3_': 1.0, '_a4_': 1.0, '_a5_': 1.0, '_a6_': 1.0}};{'d0': 0.02490583291941658};-280.569866449044;57.98872408531021
34629;-82.2962091392116;(((x + pow2(((pow2(sqrt(x)) + -((-(_a7_) / _a1_))) / (_a7_ * _a1_)))) * x) * _a0_);{'d0': {'_a0_': 7.003238322457484, '_a1_': 1.409343494050071, '_a7_': -1.0218389290925995, '_a2_': 1.0, '_a3_': 1.0, '_a4_': 1.0, '_a5_': 1.0, '_a6_': 1.0}};{'d0': 0.02490583291941658};-280.569866449044;57.98872408531021
34630;-82.2962091392116;(((x + pow2(((pow2(sqrt(x)) + -((-(_a7_) / _a1_))) / (_a7_ * _a1_)))) * x) * _a0_);{'d0': {'_a0_': 7.003238322457484, '_a1_': 1.409343494050071, '_a7_': -1.0218389290925995, '_a2_': 1.0, '_a3_': 1.0, '_a4_': 1.0, '_a5_': 1.0, '_a6_': 1.0}};{'d0': 0.02490583291941658};-280.569866449044;57.98872408531021
34631;-77.3468692137547;(((x + pow2(((pow2(sqrt(x)) + -((-(_a7_) / _a1_))) / (_a7_ * _a1_)))) * x) * (_a6_ * _a1_));{'d0': {'_a1_': 1.4093434937034788, '_a6_': 4.969149360657693, '_a7_': -1.0218389297112225, '_a0_': 1.0, '_a2_': 1.0, '_a3_': 1.0, '_a4_': 1.0, '_a5_': 1.0}};{'d0': 0.024905832919416483};-280.569866449044;62.93806401076721
34632;-77.3468692137547;(((x + pow2(((pow2(sqrt(x)) + -((-(_a7_) / _a1_))) / (_a7_ * _a1_)))) * x) * (_a6_ * _a1_));{'d0': {'_a1_': 1.4093434937034788, '_a6_': 4.969149360657693, '_a7_': -1.0218389297112225, '_a0_': 1.0, '_a2_': 1.0, '_a3_': 1.0, '_a4_': 1.0, '_a5_': 1.0}};{'d0': 0.024905832919416483};-280.569866449044;62.93806401076721
34633;-77.3468692137547;(((x + pow2(((pow2(sqrt(x)) + -((-(_a7_) / _a1_))) / (_a7_ * _a1_)))) * x) * (_a6_ * _a1_));{'d0': {'_a1_': 1.4093434937034788, '_a6_': 4.969149360657693, '_a7_': -1.0218389297112225, '_a0_': 1.0, '_a2_': 1.0, '_a3_': 1.0, '_a4_': 1.0, '_a5_': 1.0}};{'d0': 0.024905832919416483};-280.569866449044;62.93806401076721
34634;-77.3468692137547;(((x + pow2(((pow2(sqrt(x)) + -((-(_a7_) / _a1_))) / (_a7_ * _a1_)))) * x) * (_a6_ * _a1_));{'d0': {'_a1_': 1.4093434937034788, '_a6_': 4.969149360657693, '_a7_': -1.0218389297112225, '_a0_': 1.0, '_a2_': 1.0, '_a3_': 1.0, '_a4_': 1.0, '_a5_': 1.0}};{'d0': 0.024905832919416483};-280.569866449044;62.93806401076721
34635;-77.3468692137547;(((x + pow2(((pow2(sqrt(x)) + -((-(_a7_) / _a1_))) / (_a7_ * _a1_)))) * x) * (_a6_ * _a1_));{'d0': {'_a1_': 1.4093434937034788, '_a6_': 4.969149360657693, '_a7_': -1.0218389297112225, '_a0_': 1.0, '_a2_': 1.0, '_a3_': 1.0, '_a4_': 1.0, '_a5_': 1.0}};{'d0': 0.024905832919416483};-280.569866449044;62.93806401076721
34636;-77.3468692137547;(((x + pow2(((pow2(sqrt(x)) + -((-(_a7_) / _a1_))) / (_a7_ * _a1_)))) * x) * (_a6_ * _a1_));{'d0': {'_a1_': 1.4093434937034788, '_a6_': 4.969149360657693, '_a7_': -1.0218389297112225, '_a0_': 1.0, '_a2_': 1.0, '_a3_': 1.0, '_a4_': 1.0, '_a5_': 1.0}};{'d0': 0.024905832919416483};-280.569866449044;62.93806401076721
34637;-77.3468692137547;(((x + pow2(((pow2(sqrt(x)) + -((-(_a7_) / _a1_))) / (_a7_ * _a1_)))) * x) * (_a6_ * _a1_));{'d0': {'_a1_': 1.4093434937034788, '_a6_': 4.969149360657693, '_a7_': -1.0218389297112225, '_a0_': 1.0, '_a2_': 1.0, '_a3_': 1.0, '_a4_': 1.0, '_a5_': 1.0}};{'d0': 0.024905832919416483};-280.569866449044;62.93806401076721
34638;-77.3468692137547;(((x + pow2(((pow2(sqrt(x)) + -((-(_a7_) / _a1_))) / (_a7_ * _a1_)))) * x) * (_a6_ * _a1_));{'d0': {'_a1_': 1.4093434937034788, '_a6_': 4.969149360657693, '_a7_': -1.0218389297112225, '_a0_': 1.0, '_a2_': 1.0, '_a3_': 1.0, '_a4_': 1.0, '_a5_': 1.0}};{'d0': 0.024905832919416483};-280.569866449044;62.93806401076721
34639;-77.3468692137547;(((x + pow2(((pow2(sqrt(x)) + -((-(_a7_) / _a1_))) / (_a7_ * _a1_)))) * x) * (_a6_ * _a1_));{'d0': {'_a1_': 1.4093434937034788, '_a6_': 4.969149360657693, '_a7_': -1.0218389297112225, '_a0_': 1.0, '_a2_': 1.0, '_a3_': 1.0, '_a4_': 1.0, '_a5_': 1.0}};{'d0': 0.024905832919416483};-280.569866449044;62.93806401076721
34640;-77.3468692137547;(((x + pow2(((pow2(sqrt(x)) + -((-(_a7_) / _a1_))) / (_a7_ * _a1_)))) * x) * (_a6_ * _a1_));{'d0': {'_a1_': 1.4093434937034788, '_a6_': 4.969149360657693, '_a7_': -1.0218389297112225, '_a0_': 1.0, '_a2_': 1.0, '_a3_': 1.0, '_a4_': 1.0, '_a5_': 1.0}};{'d0': 0.024905832919416483};-280.569866449044;62.93806401076721
34641;-77.3468692137547;(((x + pow2(((pow2(sqrt(x)) + -((-(_a7_) / _a1_))) / (_a7_ * _a1_)))) * x) * (_a6_ * _a1_));{'d0': {'_a1_': 1.4093434937034788, '_a6_': 4.969149360657693, '_a7_': -1.0218389297112225, '_a0_': 1.0, '_a2_': 1.0, '_a3_': 1.0, '_a4_': 1.0, '_a5_': 1.0}};{'d0': 0.024905832919416483};-280.569866449044;62.93806401076721
34642;-77.3468692137547;(((x + pow2(((pow2(sqrt(x)) + -((-(_a7_) / _a1_))) / (_a7_ * _a1_)))) * x) * (_a6_ * _a1_));{'d0': {'_a1_': 1.4093434937034788, '_a6_': 4.969149360657693, '_a7_': -1.0218389297112225, '_a0_': 1.0, '_a2_': 1.0, '_a3_': 1.0, '_a4_': 1.0, '_a5_': 1.0}};{'d0': 0.024905832919416483};-280.569866449044;62.93806401076721
34643;-77.3468692137547;(((x + pow2(((pow2(sqrt(x)) + -((-(_a7_) / _a1_))) / (_a7_ * _a1_)))) * x) * (_a6_ * _a1_));{'d0': {'_a1_': 1.4093434937034788, '_a6_': 4.969149360657693, '_a7_': -1.0218389297112225, '_a0_': 1.0, '_a2_': 1.0, '_a3_': 1.0, '_a4_': 1.0, '_a5_': 1.0}};{'d0': 0.024905832919416483};-280.569866449044;62.93806401076721
34644;-77.3468692137547;(((x + pow2(((pow2(sqrt(x)) + -((-(_a7_) / _a1_))) / (_a7_ * _a1_)))) * x) * (_a6_ * _a1_));{'d0': {'_a1_': 1.4093434937034788, '_a6_': 4.969149360657693, '_a7_': -1.0218389297112225, '_a0_': 1.0, '_a2_': 1.0, '_a3_': 1.0, '_a4_': 1.0, '_a5_': 1.0}};{'d0': 0.024905832919416483};-280.569866449044;62.93806401076721
34645;-77.3468692137547;(((x + pow2(((pow2(sqrt(x)) + -((-(_a7_) / _a1_))) / (_a7_ * _a1_)))) * x) * (_a6_ * _a1_));{'d0': {'_a1_': 1.4093434937034788, '_a6_': 4.969149360657693, '_a7_': -1.0218389297112225, '_a0_': 1.0, '_a2_': 1.0, '_a3_': 1.0, '_a4_': 1.0, '_a5_': 1.0}};{'d0': 0.024905832919416483};-280.569866449044;62.93806401076721
34646;-97.3596223271333;((((x * (x * (_a7_ + x))) * (_a7_ + _a7_)) + (x / _a0_)) * _a2_);{'d0': {'_a0_': 1.5245865766496411, '_a2_': 2.7063476098878865, '_a7_': 0.6238594157001108, '_a1_': 1.0, '_a3_': 1.0, '_a4_': 1.0, '_a5_': 1.0, '_a6_': 1.0}};{'d0': 0.024905832919416688};-280.569866449043;42.92531089738835
34647;-97.3596223271333;((((x * (x * (_a7_ + x))) * (_a7_ + _a7_)) + (x / _a0_)) * _a2_);{'d0': {'_a0_': 1.5245865766496411, '_a2_': 2.7063476098878865, '_a7_': 0.6238594157001108, '_a1_': 1.0, '_a3_': 1.0, '_a4_': 1.0, '_a5_': 1.0, '_a6_': 1.0}};{'d0': 0.024905832919416688};-280.569866449043;42.92531089738835
34648;-97.3596223271333;((((x * (x * (_a7_ + x))) * (_a7_ + _a7_)) + (x / _a0_)) * _a2_);{'d0': {'_a0_': 1.5245865766496411, '_a2_': 2.7063476098878865, '_a7_': 0.6238594157001108, '_a1_': 1.0, '_a3_': 1.0, '_a4_': 1.0, '_a5_': 1.0, '_a6_': 1.0}};{'d0': 0.024905832919416688};-280.569866449043;42.92531089738835
34649;-97.3596223271333;((((x * (x * (_a7_ + x))) * (_a7_ + _a7_)) + (x / _a0_)) * _a2_);{'d0': {'_a0_': 1.5245865766496411, '_a2_': 2.7063476098878865, '_a7_': 0.6238594157001108, '_a1_': 1.0, '_a3_': 1.0, '_a4_': 1.0, '_a5_': 1.0, '_a6_': 1.0}};{'d0': 0.024905832919416688};-280.569866449043;42.92531089738835
34650;-97.3596223271333;((((x * (x * (_a7_ + x))) * (_a7_ + _a7_)) + (x / _a0_)) * _a2_);{'d0': {'_a0_': 1.5245865766496411, '_a2_': 2.7063476098878865, '_a7_': 0.6238594157001108, '_a1_': 1.0, '_a3_': 1.0, '_a4_': 1.0, '_a5_': 1.0, '_a6_': 1.0}};{'d0': 0.024905832919416688};-280.569866449043;42.92531089738835
34651;-91.9935541924734;((((x * (x * (_a7_ + x))) * (_a7_ + _a7_)) + (x / _a0_)) * exp(_a2_));{'d0': {'_a0_': 1.5245865783978048, '_a2_': 0.9955999812000378, '_a7_': 0.6238594155086603, '_a1_': 1.0, '_a3_': 1.0, '_a4_': 1.0, '_a5_': 1.0, '_a6_': 1.0}};{'d0': 0.02490583291941662};-280.569866449044;48.29137903204835
34652;-91.9935541924734;((((x * (x * (_a7_ + x))) * (_a7_ + _a7_)) + (x / _a0_)) * exp(_a2_));{'d0': {'_a0_': 1.5245865783978048, '_a2_': 0.9955999812000378, '_a7_': 0.6238594155086603, '_a1_': 1.0, '_a3_': 1.0, '_a4_': 1.0, '_a5_': 1.0, '_a6_': 1.0}};{'d0': 0.02490583291941662};-280.569866449044;48.29137903204835
34653;-91.9935541924734;((((x * (x * (_a7_ + x))) * (_a7_ + _a7_)) + (x / _a0_)) * exp(_a2_));{'d0': {'_a0_': 1.5245865783978048, '_a2_': 0.9955999812000378, '_a7_': 0.6238594155086603, '_a1_': 1.0, '_a3_': 1.0, '_a4_': 1.0, '_a5_': 1.0, '_a6_': 1.0}};{'d0': 0.02490583291941662};-280.569866449044;48.29137903204835
34654;-91.9935541924734;((((x * (x * (_a7_ + x))) * (_a7_ + _a7_)) + (x / _a0_)) * exp(_a2_));{'d0': {'_a0_': 1.5245865783978048, '_a2_': 0.9955999812000378, '_a7_': 0.6238594155086603, '_a1_': 1.0, '_a3_': 1.0, '_a4_': 1.0, '_a5_': 1.0, '_a6_': 1.0}};{'d0': 0.02490583291941662};-280.569866449044;48.29137903204835
34655;-91.9935541924734;((((x * (x * (_a7_ + x))) * (_a7_ + _a7_)) + (x / _a0_)) * exp(_a2_));{'d0': {'_a0_': 1.5245865783978048, '_a2_': 0.9955999812000378, '_a7_': 0.6238594155086603, '_a1_': 1.0, '_a3_': 1.0, '_a4_': 1.0, '_a5_': 1.0, '_a6_': 1.0}};{'d0': 0.02490583291941662};-280.569866449044;48.29137903204835
34656;-91.9935541924734;((((x * (x * (_a7_ + x))) * (_a7_ + _a7_)) + (x / _a0_)) * exp(_a2_));{'d0': {'_a0_': 1.5245865783978048, '_a2_': 0.9955999812000378, '_a7_': 0.6238594155086603, '_a1_': 1.0, '_a3_': 1.0, '_a4_': 1.0, '_a5_': 1.0, '_a6_': 1.0}};{'d0': 0.02490583291941662};-280.569866449044;48.29137903204835
34657;-91.9935541924734;((((x * (x * (_a7_ + x))) * (_a7_ + _a7_)) + (x / _a0_)) * exp(_a2_));{'d0': {'_a0_': 1.5245865783978048, '_a2_': 0.9955999812000378, '_a7_': 0.6238594155086603, '_a1_': 1.0, '_a3_': 1.0, '_a4_': 1.0, '_a5_': 1.0, '_a6_': 1.0}};{'d0': 0.02490583291941662};-280.569866449044;48.29137903204835
34658;-91.9935541924734;((((x * (x * (_a7_ + x))) * (_a7_ + _a7_)) + (x / _a0_)) * exp(_a2_));{'d0': {'_a0_': 1.5245865783978048, '_a2_': 0.9955999812000378, '_a7_': 0.6238594155086603, '_a1_': 1.0, '_a3_': 1.0, '_a4_': 1.0, '_a5_': 1.0, '_a6_': 1.0}};{'d0': 0.02490583291941662};-280.569866449044;48.29137903204835
34659;-91.9935541924734;((((x * (x * (_a7_ + x))) * (_a7_ + _a7_)) + (x / _a0_)) * exp(_a2_));{'d0': {'_a0_': 1.5245865783978048, '_a2_': 0.9955999812000378, '_a7_': 0.6238594155086603, '_a1_': 1.0, '_a3_': 1.0, '_a4_': 1.0, '_a5_': 1.0, '_a6_': 1.0}};{'d0': 0.02490583291941662};-280.569866449044;48.29137903204835
34660;-91.9935541924734;((((x * (x * (_a7_ + x))) * (_a7_ + _a7_)) + (x / _a0_)) * exp(_a2_));{'d0': {'_a0_': 1.5245865783978048, '_a2_': 0.9955999812000378, '_a7_': 0.6238594155086603, '_a1_': 1.0, '_a3_': 1.0, '_a4_': 1.0, '_a5_': 1.0, '_a6_': 1.0}};{'d0': 0.02490583291941662};-280.569866449044;48.29137903204835
34661;-91.9935541924734;((((x * (x * (_a7_ + x))) * (_a7_ + _a7_)) + (x / _a0_)) * exp(_a2_));{'d0': {'_a0_': 1.5245865783978048, '_a2_': 0.9955999812000378, '_a7_': 0.6238594155086603, '_a1_': 1.0, '_a3_': 1.0, '_a4_': 1.0, '_a5_': 1.0, '_a6_': 1.0}};{'d0': 0.02490583291941662};-280.569866449044;48.29137903204835
34662;-91.9935541924734;((((x * (x * (_a7_ + x))) * (_a7_ + _a7_)) + (x / _a0_)) * exp(_a2_));{'d0': {'_a0_': 1.5245865783978048, '_a2_': 0.9955999812000378, '_a7_': 0.6238594155086603, '_a1_': 1.0, '_a3_': 1.0, '_a4_': 1.0, '_a5_': 1.0, '_a6_': 1.0}};{'d0': 0.02490583291941662};-280.569866449044;48.29137903204835
34663;-91.9935541924734;((((x * (x * (_a7_ + x))) * (_a7_ + _a7_)) + (x / _a0_)) * exp(_a2_));{'d0': {'_a0_': 1.5245865783978048, '_a2_': 0.9955999812000378, '_a7_': 0.6238594155086603, '_a1_': 1.0, '_a3_': 1.0, '_a4_': 1.0, '_a5_': 1.0, '_a6_': 1.0}};{'d0': 0.02490583291941662};-280.569866449044;48.29137903204835
34664;-91.9935541924734;((((x * (x * (_a7_ + x))) * (_a7_ + _a7_)) + (x / _a0_)) * exp(_a2_));{'d0': {'_a0_': 1.5245865783978048, '_a2_': 0.9955999812000378, '_a7_': 0.6238594155086603, '_a1_': 1.0, '_a3_': 1.0, '_a4_': 1.0, '_a5_': 1.0, '_a6_': 1.0}};{'d0': 0.02490583291941662};-280.569866449044;48.29137903204835
34665;-91.9935541924734;((((x * (x * (_a7_ + x))) * (_a7_ + _a7_)) + (x / _a0_)) * exp(_a2_));{'d0': {'_a0_': 1.5245865783978048, '_a2_': 0.9955999812000378, '_a7_': 0.6238594155086603, '_a1_': 1.0, '_a3_': 1.0, '_a4_': 1.0, '_a5_': 1.0, '_a6_': 1.0}};{'d0': 0.02490583291941662};-280.569866449044;48.29137903204835
34666;-91.9935541924734;((((x * (x * (_a7_ + x))) * (_a7_ + _a7_)) + (x / _a0_)) * exp(_a2_));{'d0': {'_a0_': 1.5245865783978048, '_a2_': 0.9955999812000378, '_a7_': 0.6238594155086603, '_a1_': 1.0, '_a3_': 1.0, '_a4_': 1.0, '_a5_': 1.0, '_a6_': 1.0}};{'d0': 0.02490583291941662};-280.569866449044;48.29137903204835
34667;-91.9935541924734;((((x * (x * (_a7_ + x))) * (_a7_ + _a7_)) + (x / _a0_)) * exp(_a2_));{'d0': {'_a0_': 1.5245865783978048, '_a2_': 0.9955999812000378, '_a7_': 0.6238594155086603, '_a1_': 1.0, '_a3_': 1.0, '_a4_': 1.0, '_a5_': 1.0, '_a6_': 1.0}};{'d0': 0.02490583291941662};-280.569866449044;48.29137903204835
34668;-91.9935541924734;((((x * (x * (_a7_ + x))) * (_a7_ + _a7_)) + (x / _a0_)) * exp(_a2_));{'d0': {'_a0_': 1.5245865783978048, '_a2_': 0.9955999812000378, '_a7_': 0.6238594155086603, '_a1_': 1.0, '_a3_': 1.0, '_a4_': 1.0, '_a5_': 1.0, '_a6_': 1.0}};{'d0': 0.02490583291941662};-280.569866449044;48.29137903204835
34669;-91.5223995189862;((((x * (x * (_a7_ + x))) * (_a7_ + _a7_)) + (x / _a0_)) * (_a0_ / _a6_));{'d0': {'_a0_': 1.5245865802971337, '_a6_': 0.5633373082946959, '_a7_': 0.6238594153880602, '_a1_': 1.0, '_a2_': 1.0, '_a3_': 1.0, '_a4_': 1.0, '_a5_': 1.0}};{'d0': 0.024905832919416587};-280.569866449044;48.762533705535546
34670;-91.5223995189862;((((x * (x * (_a7_ + x))) * (_a7_ + _a7_)) + (x / _a0_)) * (_a0_ / _a6_));{'d0': {'_a0_': 1.5245865802971337, '_a6_': 0.5633373082946959, '_a7_': 0.6238594153880602, '_a1_': 1.0, '_a2_': 1.0, '_a3_': 1.0, '_a4_': 1.0, '_a5_': 1.0}};{'d0': 0.024905832919416587};-280.569866449044;48.762533705535546
34671;-91.5223995189862;((((x * (x * (_a7_ + x))) * (_a7_ + _a7_)) + (x / _a0_)) * (_a0_ / _a6_));{'d0': {'_a0_': 1.5245865802971337, '_a6_': 0.5633373082946959, '_a7_': 0.6238594153880602, '_a1_': 1.0, '_a2_': 1.0, '_a3_': 1.0, '_a4_': 1.0, '_a5_': 1.0}};{'d0': 0.024905832919416587};-280.569866449044;48.762533705535546
34672;-91.5688467181242;((((x * (x * (_a7_ + x))) * (_a7_ / _a7_)) + (x / _a0_)) * (_a0_ / _a6_));{'d0': {'_a0_': 1.9022553832673816, '_a6_': 0.5633373080157743, '_a7_': 0.6238594155834627, '_a1_': 1.0, '_a2_': 1.0, '_a3_': 1.0, '_a4_': 1.0, '_a5_': 1.0}};{'d0': 0.024905832919416615};-280.569866449044;48.716086506397545
34673;-91.5688467181242;((((x * (x * (_a7_ + x))) * (_a7_ / _a7_)) + (x / _a0_)) * (_a0_ / _a6_));{'d0': {'_a0_': 1.9022553832673816, '_a6_': 0.5633373080157743, '_a7_': 0.6238594155834627, '_a1_': 1.0, '_a2_': 1.0, '_a3_': 1.0, '_a4_': 1.0, '_a5_': 1.0}};{'d0': 0.024905832919416615};-280.569866449044;48.716086506397545
34674;-91.5688467181242;((((x * (x * (_a7_ + x))) * (_a7_ / _a7_)) + (x / _a0_)) * (_a0_ / _a6_));{'d0': {'_a0_': 1.9022553832673816, '_a6_': 0.5633373080157743, '_a7_': 0.6238594155834627, '_a1_': 1.0, '_a2_': 1.0, '_a3_': 1.0, '_a4_': 1.0, '_a5_': 1.0}};{'d0': 0.024905832919416615};-280.569866449044;48.716086506397545
34675;-91.5688467181242;((((x * (x * (_a7_ + x))) * (_a7_ / _a7_)) + (x / _a0_)) * (_a0_ / _a6_));{'d0': {'_a0_': 1.9022553832673816, '_a6_': 0.5633373080157743, '_a7_': 0.6238594155834627, '_a1_': 1.0, '_a2_': 1.0, '_a3_': 1.0, '_a4_': 1.0, '_a5_': 1.0}};{'d0': 0.024905832919416615};-280.569866449044;48.716086506397545
34676;-91.5688467181242;((((x * (x * (_a7_ + x))) * (_a7_ / _a7_)) + (x / _a0_)) * (_a0_ / _a6_));{'d0': {'_a0_': 1.9022553832673816, '_a6_': 0.5633373080157743, '_a7_': 0.6238594155834627, '_a1_': 1.0, '_a2_': 1.0, '_a3_': 1.0, '_a4_': 1.0, '_a5_': 1.0}};{'d0': 0.024905832919416615};-280.569866449044;48.716086506397545
34677;-91.5688467181242;((((x * (x * (_a7_ + x))) * (_a7_ / _a7_)) + (x / _a0_)) * (_a0_ / _a6_));{'d0': {'_a0_': 1.9022553832673816, '_a6_': 0.5633373080157743, '_a7_': 0.6238594155834627, '_a1_': 1.0, '_a2_': 1.0, '_a3_': 1.0, '_a4_': 1.0, '_a5_': 1.0}};{'d0': 0.024905832919416615};-280.569866449044;48.716086506397545
34678;-91.5688467181242;((((x * (x * (_a7_ + x))) * (_a7_ / _a7_)) + (x / _a0_)) * (_a0_ / _a6_));{'d0': {'_a0_': 1.9022553832673816, '_a6_': 0.5633373080157743, '_a7_': 0.6238594155834627, '_a1_': 1.0, '_a2_': 1.0, '_a3_': 1.0, '_a4_': 1.0, '_a5_': 1.0}};{'d0': 0.024905832919416615};-280.569866449044;48.716086506397545
34679;-91.5688467181242;((((x * (x * (_a7_ + x))) * (_a7_ / _a7_)) + (x / _a0_)) * (_a0_ / _a6_));{'d0': {'_a0_': 1.9022553832673816, '_a6_': 0.5633373080157743, '_a7_': 0.6238594155834627, '_a1_': 1.0, '_a2_': 1.0, '_a3_': 1.0, '_a4_': 1.0, '_a5_': 1.0}};{'d0': 0.024905832919416615};-280.569866449044;48.716086506397545
34680;-91.5688467181242;((((x * (x * (_a7_ + x))) * (_a7_ / _a7_)) + (x / _a0_)) * (_a0_ / _a6_));{'d0': {'_a0_': 1.9022553832673816, '_a6_': 0.5633373080157743, '_a7_': 0.6238594155834627, '_a1_': 1.0, '_a2_': 1.0, '_a3_': 1.0, '_a4_': 1.0, '_a5_': 1.0}};{'d0': 0.024905832919416615};-280.569866449044;48.716086506397545
34681;-91.5688467181242;((((x * (x * (_a7_ + x))) * (_a7_ / _a7_)) + (x / _a0_)) * (_a0_ / _a6_));{'d0': {'_a0_': 1.9022553832673816, '_a6_': 0.5633373080157743, '_a7_': 0.6238594155834627, '_a1_': 1.0, '_a2_': 1.0, '_a3_': 1.0, '_a4_': 1.0, '_a5_': 1.0}};{'d0': 0.024905832919416615};-280.569866449044;48.716086506397545
34682;-91.5688467181242;((((x * (x * (_a7_ + x))) * (_a7_ / _a7_)) + (x / _a0_)) * (_a0_ / _a6_));{'d0': {'_a0_': 1.9022553832673816, '_a6_': 0.5633373080157743, '_a7_': 0.6238594155834627, '_a1_': 1.0, '_a2_': 1.0, '_a3_': 1.0, '_a4_': 1.0, '_a5_': 1.0}};{'d0': 0.024905832919416615};-280.569866449044;48.716086506397545
34683;-91.5688467181242;((((x * (x * (_a7_ + x))) * (_a7_ / _a7_)) + (x / _a0_)) * (_a0_ / _a6_));{'d0': {'_a0_': 1.9022553832673816, '_a6_': 0.5633373080157743, '_a7_': 0.6238594155834627, '_a1_': 1.0, '_a2_': 1.0, '_a3_': 1.0, '_a4_': 1.0, '_a5_': 1.0}};{'d0': 0.024905832919416615};-280.569866449044;48.716086506397545
34684;-91.5688467181242;((((x * (x * (_a7_ + x))) * (_a7_ / _a7_)) + (x / _a0_)) * (_a0_ / _a6_));{'d0': {'_a0_': 1.9022553832673816, '_a6_': 0.5633373080157743, '_a7_': 0.6238594155834627, '_a1_': 1.0, '_a2_': 1.0, '_a3_': 1.0, '_a4_': 1.0, '_a5_': 1.0}};{'d0': 0.024905832919416615};-280.569866449044;48.716086506397545
34685;-91.5688467181242;((((x * (x * (_a7_ + x))) * (_a7_ / _a7_)) + (x / _a0_)) * (_a0_ / _a6_));{'d0': {'_a0_': 1.9022553832673816, '_a6_': 0.5633373080157743, '_a7_': 0.6238594155834627, '_a1_': 1.0, '_a2_': 1.0, '_a3_': 1.0, '_a4_': 1.0, '_a5_': 1.0}};{'d0': 0.024905832919416615};-280.569866449044;48.716086506397545
34686;-91.5688467181242;((((x * (x * (_a7_ + x))) * (_a7_ / _a7_)) + (x / _a0_)) * (_a0_ / _a6_));{'d0': {'_a0_': 1.9022553832673816, '_a6_': 0.5633373080157743, '_a7_': 0.6238594155834627, '_a1_': 1.0, '_a2_': 1.0, '_a3_': 1.0, '_a4_': 1.0, '_a5_': 1.0}};{'d0': 0.024905832919416615};-280.569866449044;48.716086506397545
34687;-91.5688467181242;((((x * (x * (_a7_ + x))) * (_a7_ / _a7_)) + (x / _a0_)) * (_a0_ / _a6_));{'d0': {'_a0_': 1.9022553832673816, '_a6_': 0.5633373080157743, '_a7_': 0.6238594155834627, '_a1_': 1.0, '_a2_': 1.0, '_a3_': 1.0, '_a4_': 1.0, '_a5_': 1.0}};{'d0': 0.024905832919416615};-280.569866449044;48.716086506397545
34688;-97.4430005680161;((((x * (x * (_a7_ + x))) * (_a7_ / _a7_)) + (x / _a0_)) * _a4_);{'d0': {'_a0_': 1.9022553839168768, '_a4_': 3.3767608794070565, '_a7_': 0.6238594155075223, '_a1_': 1.0, '_a2_': 1.0, '_a3_': 1.0, '_a5_': 1.0, '_a6_': 1.0}};{'d0': 0.02490583291941663};-280.569866449044;42.84193265650555
34689;-97.4430005680161;((((x * (x * (_a7_ + x))) * (_a7_ / _a7_)) + (x / _a0_)) * _a4_);{'d0': {'_a0_': 1.9022553839168768, '_a4_': 3.3767608794070565, '_a7_': 0.6238594155075223, '_a1_': 1.0, '_a2_': 1.0, '_a3_': 1.0, '_a5_': 1.0, '_a6_': 1.0}};{'d0': 0.02490583291941663};-280.569866449044;42.84193265650555
34690;-97.4430005680161;((((x * (x * (_a7_ + x))) * (_a7_ / _a7_)) + (x / _a0_)) * _a4_);{'d0': {'_a0_': 1.9022553839168768, '_a4_': 3.3767608794070565, '_a7_': 0.6238594155075223, '_a1_': 1.0, '_a2_': 1.0, '_a3_': 1.0, '_a5_': 1.0, '_a6_': 1.0}};{'d0': 0.02490583291941663};-280.569866449044;42.84193265650555
34691;-105.608355025257;((((pow2((x + _a6_)) + _a3_) + _a2_) * x) * -(_a2_));{'d0': {'_a2_': -3.37676087724086, '_a3_': 3.805152505264915, '_a6_': 0.3119297078082179, '_a0_': 1.0, '_a1_': 1.0, '_a4_': 1.0, '_a5_': 1.0, '_a7_': 1.0}};{'d0': 0.024905832919416667};-280.569866449044;34.67657819926422
34692;-97.4430005680161;((((x * (x * (_a7_ + x))) * (_a7_ / _a7_)) + (x / _a0_)) * _a4_);{'d0': {'_a0_': 1.9022553839168768, '_a4_': 3.3767608794070565, '_a7_': 0.6238594155075223, '_a1_': 1.0, '_a2_': 1.0, '_a3_': 1.0, '_a5_': 1.0, '_a6_': 1.0}};{'d0': 0.02490583291941663};-280.569866449044;42.84193265650555
34693;-97.4430005680161;((((x * (x * (_a7_ + x))) * (_a7_ / _a7_)) + (x / _a0_)) * _a4_);{'d0': {'_a0_': 1.9022553839168768, '_a4_': 3.3767608794070565, '_a7_': 0.6238594155075223, '_a1_': 1.0, '_a2_': 1.0, '_a3_': 1.0, '_a5_': 1.0, '_a6_': 1.0}};{'d0': 0.02490583291941663};-280.569866449044;42.84193265650555
34694;-97.4430005680161;((((x * (x * (_a7_ + x))) * (_a7_ / _a7_)) + (x / _a0_)) * _a4_);{'d0': {'_a0_': 1.9022553839168768, '_a4_': 3.3767608794070565, '_a7_': 0.6238594155075223, '_a1_': 1.0, '_a2_': 1.0, '_a3_': 1.0, '_a5_': 1.0, '_a6_': 1.0}};{'d0': 0.02490583291941663};-280.569866449044;42.84193265650555
34695;-97.4430005680161;((((x * (x * (_a7_ + x))) * (_a7_ / _a7_)) + (x / _a0_)) * _a4_);{'d0': {'_a0_': 1.9022553839168768, '_a4_': 3.3767608794070565, '_a7_': 0.6238594155075223, '_a1_': 1.0, '_a2_': 1.0, '_a3_': 1.0, '_a5_': 1.0, '_a6_': 1.0}};{'d0': 0.02490583291941663};-280.569866449044;42.84193265650555
34696;-97.4430005680161;((((x * (x * (_a7_ + x))) * (_a7_ / _a7_)) + (x / _a0_)) * _a4_);{'d0': {'_a0_': 1.9022553839168768, '_a4_': 3.3767608794070565, '_a7_': 0.6238594155075223, '_a1_': 1.0, '_a2_': 1.0, '_a3_': 1.0, '_a5_': 1.0, '_a6_': 1.0}};{'d0': 0.02490583291941663};-280.569866449044;42.84193265650555
34697;-97.4430005680161;((((x * (x * (_a7_ + x))) * (_a7_ / _a7_)) + (x / _a0_)) * _a4_);{'d0': {'_a0_': 1.9022553839168768, '_a4_': 3.3767608794070565, '_a7_': 0.6238594155075223, '_a1_': 1.0, '_a2_': 1.0, '_a3_': 1.0, '_a5_': 1.0, '_a6_': 1.0}};{'d0': 0.02490583291941663};-280.569866449044;42.84193265650555
34698;-97.4430005680161;((((x * (x * (_a7_ + x))) * (_a7_ / _a7_)) + (x / _a0_)) * _a4_);{'d0': {'_a0_': 1.9022553839168768, '_a4_': 3.3767608794070565, '_a7_': 0.6238594155075223, '_a1_': 1.0, '_a2_': 1.0, '_a3_': 1.0, '_a5_': 1.0, '_a6_': 1.0}};{'d0': 0.02490583291941663};-280.569866449044;42.84193265650555
34699;-97.4430005680161;((((x * (x * (_a7_ + x))) * (_a7_ / _a7_)) + (x / _a0_)) * _a4_);{'d0': {'_a0_': 1.9022553839168768, '_a4_': 3.3767608794070565, '_a7_': 0.6238594155075223, '_a1_': 1.0, '_a2_': 1.0, '_a3_': 1.0, '_a5_': 1.0, '_a6_': 1.0}};{'d0': 0.02490583291941663};-280.569866449044;42.84193265650555
34700;-97.4430005680161;((((x * (x * (_a7_ + x))) * (_a7_ / _a7_)) + (x / _a0_)) * _a4_);{'d0': {'_a0_': 1.9022553839168768, '_a4_': 3.3767608794070565, '_a7_': 0.6238594155075223, '_a1_': 1.0, '_a2_': 1.0, '_a3_': 1.0, '_a5_': 1.0, '_a6_': 1.0}};{'d0': 0.02490583291941663};-280.569866449044;42.84193265650555
34701;-97.4430005680161;((((x * (x * (_a7_ + x))) * (_a7_ / _a7_)) + (x / _a0_)) * _a4_);{'d0': {'_a0_': 1.9022553839168768, '_a4_': 3.3767608794070565, '_a7_': 0.6238594155075223, '_a1_': 1.0, '_a2_': 1.0, '_a3_': 1.0, '_a5_': 1.0, '_a6_': 1.0}};{'d0': 0.02490583291941663};-280.569866449044;42.84193265650555
34702;-97.4430005680161;((((x * (x * (_a7_ + x))) * (_a7_ / _a7_)) + (x / _a0_)) * _a4_);{'d0': {'_a0_': 1.9022553839168768, '_a4_': 3.3767608794070565, '_a7_': 0.6238594155075223, '_a1_': 1.0, '_a2_': 1.0, '_a3_': 1.0, '_a5_': 1.0, '_a6_': 1.0}};{'d0': 0.02490583291941663};-280.569866449044;42.84193265650555
34703;-97.9141552415034;((((x * (x * (_a7_ + x))) * exp(_a4_)) + (x / _a0_)) * _a4_);{'d0': {'_a0_': 0.6260623785212519, '_a4_': 1.111345493223023, '_a7_': 0.6238594155282591, '_a1_': 1.0, '_a2_': 1.0, '_a3_': 1.0, '_a5_': 1.0, '_a6_': 1.0}};{'d0': 0.024905832919416598};-280.569866449044;42.37077798301835
34704;-100.378870770527;((_a3_ + (x * ((_a0_ * _a0_) + -((_a7_ * x))))) * (_a3_ * x));{'d0': {'_a0_': 1.2574353036555646, '_a3_': 1.3323420747850774, '_a7_': -2.534454884194515, '_a1_': 1.0, '_a2_': 1.0, '_a4_': 1.0, '_a5_': 1.0, '_a6_': 1.0}};{'d0': 0.024905832919416677};-280.569866449043;39.90606245399535
34705;-100.378870770527;((_a3_ + (x * ((_a0_ * _a0_) + -((_a7_ * x))))) * (_a3_ * x));{'d0': {'_a0_': 1.2574353036555646, '_a3_': 1.3323420747850774, '_a7_': -2.534454884194515, '_a1_': 1.0, '_a2_': 1.0, '_a4_': 1.0, '_a5_': 1.0, '_a6_': 1.0}};{'d0': 0.024905832919416677};-280.569866449043;39.90606245399535
34706;-100.378870770527;((_a3_ + (x * ((_a0_ * _a0_) + -((_a7_ * x))))) * (_a3_ * x));{'d0': {'_a0_': 1.2574353036555646, '_a3_': 1.3323420747850774, '_a7_': -2.534454884194515, '_a1_': 1.0, '_a2_': 1.0, '_a4_': 1.0, '_a5_': 1.0, '_a6_': 1.0}};{'d0': 0.024905832919416677};-280.569866449043;39.90606245399535
34707;-100.378870770527;((_a3_ + (x * ((_a0_ * _a0_) + -((_a7_ * x))))) * (_a3_ * x));{'d0': {'_a0_': 1.2574353036555646, '_a3_': 1.3323420747850774, '_a7_': -2.534454884194515, '_a1_': 1.0, '_a2_': 1.0, '_a4_': 1.0, '_a5_': 1.0, '_a6_': 1.0}};{'d0': 0.024905832919416677};-280.569866449043;39.90606245399535
34708;-100.378870770527;((_a3_ + (x * ((_a0_ * _a0_) + -((_a7_ * x))))) * (_a3_ * x));{'d0': {'_a0_': 1.2574353036555646, '_a3_': 1.3323420747850774, '_a7_': -2.534454884194515, '_a1_': 1.0, '_a2_': 1.0, '_a4_': 1.0, '_a5_': 1.0, '_a6_': 1.0}};{'d0': 0.024905832919416677};-280.569866449043;39.90606245399535
34709;-100.378870770527;((_a3_ + (x * ((_a0_ * _a0_) + -((_a7_ * x))))) * (_a3_ * x));{'d0': {'_a0_': 1.2574353036555646, '_a3_': 1.3323420747850774, '_a7_': -2.534454884194515, '_a1_': 1.0, '_a2_': 1.0, '_a4_': 1.0, '_a5_': 1.0, '_a6_': 1.0}};{'d0': 0.024905832919416677};-280.569866449043;39.90606245399535
34710;-100.378870770527;((_a3_ + (x * ((_a0_ * _a0_) + -((_a7_ * x))))) * (_a3_ * x));{'d0': {'_a0_': 1.2574353036555646, '_a3_': 1.3323420747850774, '_a7_': -2.534454884194515, '_a1_': 1.0, '_a2_': 1.0, '_a4_': 1.0, '_a5_': 1.0, '_a6_': 1.0}};{'d0': 0.024905832919416677};-280.569866449043;39.90606245399535
34711;-101.720115744044;((_a3_ + (x * (-(_a6_) + -((_a7_ * x))))) * (_a3_ * x));{'d0': {'_a3_': 1.3323420747363373, '_a6_': -1.5811435425925686, '_a7_': -2.534454884008911, '_a0_': 1.0, '_a1_': 1.0, '_a2_': 1.0, '_a4_': 1.0, '_a5_': 1.0}};{'d0': 0.02490583291941668};-280.569866449043;38.564817480477515
34712;-101.720115744044;((_a3_ + (x * (-(_a6_) + -((_a7_ * x))))) * (_a3_ * x));{'d0': {'_a3_': 1.3323420747363373, '_a6_': -1.5811435425925686, '_a7_': -2.534454884008911, '_a0_': 1.0, '_a1_': 1.0, '_a2_': 1.0, '_a4_': 1.0, '_a5_': 1.0}};{'d0': 0.02490583291941668};-280.569866449043;38.564817480477515
34713;-101.720115744044;((_a3_ + (x * (-(_a6_) + -((_a7_ * x))))) * (_a3_ * x));{'d0': {'_a3_': 1.3323420747363373, '_a6_': -1.5811435425925686, '_a7_': -2.534454884008911, '_a0_': 1.0, '_a1_': 1.0, '_a2_': 1.0, '_a4_': 1.0, '_a5_': 1.0}};{'d0': 0.02490583291941668};-280.569866449043;38.564817480477515
34714;-101.720115744044;((_a3_ + (x * (-(_a6_) + -((_a7_ * x))))) * (_a3_ * x));{'d0': {'_a3_': 1.3323420747363373, '_a6_': -1.5811435425925686, '_a7_': -2.534454884008911, '_a0_': 1.0, '_a1_': 1.0, '_a2_': 1.0, '_a4_': 1.0, '_a5_': 1.0}};{'d0': 0.02490583291941668};-280.569866449043;38.564817480477515
34715;-101.720115744044;((_a3_ + (x * (-(_a6_) + -((_a7_ * x))))) * (_a3_ * x));{'d0': {'_a3_': 1.3323420747363373, '_a6_': -1.5811435425925686, '_a7_': -2.534454884008911, '_a0_': 1.0, '_a1_': 1.0, '_a2_': 1.0, '_a4_': 1.0, '_a5_': 1.0}};{'d0': 0.02490583291941668};-280.569866449043;38.564817480477515
34716;-101.720115744044;((_a3_ + (x * (-(_a6_) + -((_a7_ * x))))) * (_a3_ * x));{'d0': {'_a3_': 1.3323420747363373, '_a6_': -1.5811435425925686, '_a7_': -2.534454884008911, '_a0_': 1.0, '_a1_': 1.0, '_a2_': 1.0, '_a4_': 1.0, '_a5_': 1.0}};{'d0': 0.02490583291941668};-280.569866449043;38.564817480477515
34717;-101.720115744044;((_a3_ + (x * (-(_a6_) + -((_a7_ * x))))) * (_a3_ * x));{'d0': {'_a3_': 1.3323420747363373, '_a6_': -1.5811435425925686, '_a7_': -2.534454884008911, '_a0_': 1.0, '_a1_': 1.0, '_a2_': 1.0, '_a4_': 1.0, '_a5_': 1.0}};{'d0': 0.02490583291941668};-280.569866449043;38.564817480477515
34718;-101.720115744044;((_a3_ + (x * (-(_a6_) + -((_a7_ * x))))) * (_a3_ * x));{'d0': {'_a3_': 1.3323420747363373, '_a6_': -1.5811435425925686, '_a7_': -2.534454884008911, '_a0_': 1.0, '_a1_': 1.0, '_a2_': 1.0, '_a4_': 1.0, '_a5_': 1.0}};{'d0': 0.02490583291941668};-280.569866449043;38.564817480477515
34719;-101.720115744044;((_a3_ + (x * (-(_a6_) + -((_a7_ * x))))) * (_a3_ * x));{'d0': {'_a3_': 1.3323420747363373, '_a6_': -1.5811435425925686, '_a7_': -2.534454884008911, '_a0_': 1.0, '_a1_': 1.0, '_a2_': 1.0, '_a4_': 1.0, '_a5_': 1.0}};{'d0': 0.02490583291941668};-280.569866449043;38.564817480477515
34720;-101.720115744044;((_a3_ + (x * (-(_a6_) + -((_a7_ * x))))) * (_a3_ * x));{'d0': {'_a3_': 1.3323420747363373, '_a6_': -1.5811435425925686, '_a7_': -2.534454884008911, '_a0_': 1.0, '_a1_': 1.0, '_a2_': 1.0, '_a4_': 1.0, '_a5_': 1.0}};{'d0': 0.02490583291941668};-280.569866449043;38.564817480477515
34721;-101.720115744044;((_a3_ + (x * (-(_a6_) + -((_a7_ * x))))) * (_a3_ * x));{'d0': {'_a3_': 1.3323420747363373, '_a6_': -1.5811435425925686, '_a7_': -2.534454884008911, '_a0_': 1.0, '_a1_': 1.0, '_a2_': 1.0, '_a4_': 1.0, '_a5_': 1.0}};{'d0': 0.02490583291941668};-280.569866449043;38.564817480477515
34722;-101.720115744044;((_a3_ + (x * (-(_a6_) + -((_a7_ * x))))) * (_a3_ * x));{'d0': {'_a3_': 1.3323420747363373, '_a6_': -1.5811435425925686, '_a7_': -2.534454884008911, '_a0_': 1.0, '_a1_': 1.0, '_a2_': 1.0, '_a4_': 1.0, '_a5_': 1.0}};{'d0': 0.02490583291941668};-280.569866449043;38.564817480477515
34723;-101.720115744044;((_a3_ + (x * (-(_a6_) + -((_a7_ * x))))) * (_a3_ * x));{'d0': {'_a3_': 1.3323420747363373, '_a6_': -1.5811435425925686, '_a7_': -2.534454884008911, '_a0_': 1.0, '_a1_': 1.0, '_a2_': 1.0, '_a4_': 1.0, '_a5_': 1.0}};{'d0': 0.02490583291941668};-280.569866449043;38.564817480477515
34724;-101.720115744044;((_a3_ + (x * (-(_a6_) + -((_a7_ * x))))) * (_a3_ * x));{'d0': {'_a3_': 1.3323420747363373, '_a6_': -1.5811435425925686, '_a7_': -2.534454884008911, '_a0_': 1.0, '_a1_': 1.0, '_a2_': 1.0, '_a4_': 1.0, '_a5_': 1.0}};{'d0': 0.02490583291941668};-280.569866449043;38.564817480477515
34725;-101.720115744044;((_a3_ + (x * (-(_a6_) + -((_a7_ * x))))) * (_a3_ * x));{'d0': {'_a3_': 1.3323420747363373, '_a6_': -1.5811435425925686, '_a7_': -2.534454884008911, '_a0_': 1.0, '_a1_': 1.0, '_a2_': 1.0, '_a4_': 1.0, '_a5_': 1.0}};{'d0': 0.02490583291941668};-280.569866449043;38.564817480477515
34726;-101.720115744044;((_a3_ + (x * (-(_a6_) + -((_a7_ * x))))) * (_a3_ * x));{'d0': {'_a3_': 1.3323420747363373, '_a6_': -1.5811435425925686, '_a7_': -2.534454884008911, '_a0_': 1.0, '_a1_': 1.0, '_a2_': 1.0, '_a4_': 1.0, '_a5_': 1.0}};{'d0': 0.02490583291941668};-280.569866449043;38.564817480477515
34727;-102.889700291100;(((x * (x * (_a7_ + x))) * sqrt(_a2_)) + (x / _a0_));{'d0': {'_a0_': 0.5633373080044807, '_a2_': 11.40251402250572, '_a7_': 0.623859415484459, '_a1_': 1.0, '_a3_': 1.0, '_a4_': 1.0, '_a5_': 1.0, '_a6_': 1.0}};{'d0': 0.02490583291941666};-280.569866449044;37.39523293342135
34728;-102.889700291100;(((x * (x * (_a7_ + x))) * sqrt(_a2_)) + (x / _a0_));{'d0': {'_a0_': 0.5633373080044807, '_a2_': 11.40251402250572, '_a7_': 0.623859415484459, '_a1_': 1.0, '_a3_': 1.0, '_a4_': 1.0, '_a5_': 1.0, '_a6_': 1.0}};{'d0': 0.02490583291941666};-280.569866449044;37.39523293342135
34729;-102.889700291100;(((x * (x * (_a7_ + x))) * sqrt(_a2_)) + (x / _a0_));{'d0': {'_a0_': 0.5633373080044807, '_a2_': 11.40251402250572, '_a7_': 0.623859415484459, '_a1_': 1.0, '_a3_': 1.0, '_a4_': 1.0, '_a5_': 1.0, '_a6_': 1.0}};{'d0': 0.02490583291941666};-280.569866449044;37.39523293342135
34730;-102.889700291100;(((x * (x * (_a7_ + x))) * sqrt(_a2_)) + (x / _a0_));{'d0': {'_a0_': 0.5633373080044807, '_a2_': 11.40251402250572, '_a7_': 0.623859415484459, '_a1_': 1.0, '_a3_': 1.0, '_a4_': 1.0, '_a5_': 1.0, '_a6_': 1.0}};{'d0': 0.02490583291941666};-280.569866449044;37.39523293342135
34731;-102.889700291100;(((x * (x * (_a7_ + x))) * sqrt(_a2_)) + (x / _a0_));{'d0': {'_a0_': 0.5633373080044807, '_a2_': 11.40251402250572, '_a7_': 0.623859415484459, '_a1_': 1.0, '_a3_': 1.0, '_a4_': 1.0, '_a5_': 1.0, '_a6_': 1.0}};{'d0': 0.02490583291941666};-280.569866449044;37.39523293342135
34732;-102.889700291100;(((x * (x * (_a7_ + x))) * sqrt(_a2_)) + (x / _a0_));{'d0': {'_a0_': 0.5633373080044807, '_a2_': 11.40251402250572, '_a7_': 0.623859415484459, '_a1_': 1.0, '_a3_': 1.0, '_a4_': 1.0, '_a5_': 1.0, '_a6_': 1.0}};{'d0': 0.02490583291941666};-280.569866449044;37.39523293342135
34733;-102.889700291100;(((x * (x * (_a7_ + x))) * sqrt(_a2_)) + (x / _a0_));{'d0': {'_a0_': 0.5633373080044807, '_a2_': 11.40251402250572, '_a7_': 0.623859415484459, '_a1_': 1.0, '_a3_': 1.0, '_a4_': 1.0, '_a5_': 1.0, '_a6_': 1.0}};{'d0': 0.02490583291941666};-280.569866449044;37.39523293342135
34734;-101.720115744044;((_a3_ + (x * (-(_a6_) + -((_a7_ * x))))) * (_a3_ * x));{'d0': {'_a3_': 1.3323420747363373, '_a6_': -1.5811435425925686, '_a7_': -2.534454884008911, '_a0_': 1.0, '_a1_': 1.0, '_a2_': 1.0, '_a4_': 1.0, '_a5_': 1.0}};{'d0': 0.02490583291941668};-280.569866449043;38.564817480477515
34735;-103.740652132046;(((x * (x * (_a7_ + x))) * sqrt(_a2_)) + (x * _a0_));{'d0': {'_a0_': 1.7751354044556276, '_a2_': 11.402514030330499, '_a7_': 0.6238594156510657, '_a1_': 1.0, '_a3_': 1.0, '_a4_': 1.0, '_a5_': 1.0, '_a6_': 1.0}};{'d0': 0.024905832919416657};-280.569866449044;36.54428109247595
34736;-103.740652132046;(((x * (x * (_a7_ + x))) * sqrt(_a2_)) + (x * _a6_));{'d0': {'_a2_': 11.40251405605186, '_a6_': 1.7751354045365728, '_a7_': 0.6238594155287955, '_a0_': 1.0, '_a1_': 1.0, '_a3_': 1.0, '_a4_': 1.0, '_a5_': 1.0}};{'d0': 0.024905832919416643};-280.569866449044;36.54428109247595
34737;-103.740652132046;(((x * (x * (_a7_ + x))) * sqrt(_a2_)) + (x * _a6_));{'d0': {'_a2_': 11.40251405605186, '_a6_': 1.7751354045365728, '_a7_': 0.6238594155287955, '_a0_': 1.0, '_a1_': 1.0, '_a3_': 1.0, '_a4_': 1.0, '_a5_': 1.0}};{'d0': 0.024905832919416643};-280.569866449044;36.54428109247595
34738;-103.740652132046;(((x * (x * (_a7_ + x))) * sqrt(_a2_)) + (x * _a6_));{'d0': {'_a2_': 11.40251405605186, '_a6_': 1.7751354045365728, '_a7_': 0.6238594155287955, '_a0_': 1.0, '_a1_': 1.0, '_a3_': 1.0, '_a4_': 1.0, '_a5_': 1.0}};{'d0': 0.024905832919416643};-280.569866449044;36.54428109247595
34739;-103.740652132046;(((x * (x * (_a7_ + x))) * sqrt(_a2_)) + (x * _a6_));{'d0': {'_a2_': 11.40251405605186, '_a6_': 1.7751354045365728, '_a7_': 0.6238594155287955, '_a0_': 1.0, '_a1_': 1.0, '_a3_': 1.0, '_a4_': 1.0, '_a5_': 1.0}};{'d0': 0.024905832919416643};-280.569866449044;36.54428109247595
34740;-103.740652132046;(((x * (x * (_a7_ + x))) * sqrt(_a2_)) + (x * _a6_));{'d0': {'_a2_': 11.40251405605186, '_a6_': 1.7751354045365728, '_a7_': 0.6238594155287955, '_a0_': 1.0, '_a1_': 1.0, '_a3_': 1.0, '_a4_': 1.0, '_a5_': 1.0}};{'d0': 0.024905832919416643};-280.569866449044;36.54428109247595
34741;-103.740652132046;(((x * (x * (_a7_ + x))) * sqrt(_a2_)) + (x * _a6_));{'d0': {'_a2_': 11.40251405605186, '_a6_': 1.7751354045365728, '_a7_': 0.6238594155287955, '_a0_': 1.0, '_a1_': 1.0, '_a3_': 1.0, '_a4_': 1.0, '_a5_': 1.0}};{'d0': 0.024905832919416643};-280.569866449044;36.54428109247595
34742;-103.740652132046;(((x * (x * (_a7_ + x))) * sqrt(_a2_)) + (x * _a6_));{'d0': {'_a2_': 11.40251405605186, '_a6_': 1.7751354045365728, '_a7_': 0.6238594155287955, '_a0_': 1.0, '_a1_': 1.0, '_a3_': 1.0, '_a4_': 1.0, '_a5_': 1.0}};{'d0': 0.024905832919416643};-280.569866449044;36.54428109247595
34743;-103.740652132046;(((x * (x * (_a7_ + x))) * sqrt(_a2_)) + (x * _a6_));{'d0': {'_a2_': 11.40251405605186, '_a6_': 1.7751354045365728, '_a7_': 0.6238594155287955, '_a0_': 1.0, '_a1_': 1.0, '_a3_': 1.0, '_a4_': 1.0, '_a5_': 1.0}};{'d0': 0.024905832919416643};-280.569866449044;36.54428109247595
34744;-103.740652132046;(((x * (x * (_a7_ + x))) * sqrt(_a2_)) + (x * _a6_));{'d0': {'_a2_': 11.40251405605186, '_a6_': 1.7751354045365728, '_a7_': 0.6238594155287955, '_a0_': 1.0, '_a1_': 1.0, '_a3_': 1.0, '_a4_': 1.0, '_a5_': 1.0}};{'d0': 0.024905832919416643};-280.569866449044;36.54428109247595
34745;-102.416966796466;(((x * (x * (_a7_ + x))) * (_a2_ ** _a6_)) + (x * _a6_));{'d0': {'_a2_': 1.984832856885782, '_a6_': 1.7751354043730707, '_a7_': 0.623859415661956, '_a0_': 1.0, '_a1_': 1.0, '_a3_': 1.0, '_a4_': 1.0, '_a5_': 1.0}};{'d0': 0.024905832919416615};-280.569866449044;37.86796642805595
34746;-102.416966796466;(((x * (x * (_a7_ + x))) * (_a2_ ** _a6_)) + (x * _a6_));{'d0': {'_a2_': 1.984832856885782, '_a6_': 1.7751354043730707, '_a7_': 0.623859415661956, '_a0_': 1.0, '_a1_': 1.0, '_a3_': 1.0, '_a4_': 1.0, '_a5_': 1.0}};{'d0': 0.024905832919416615};-280.569866449044;37.86796642805595
34747;-102.416966796466;(((x * (x * (_a7_ + x))) * (_a2_ ** _a6_)) + (x * _a6_));{'d0': {'_a2_': 1.984832856885782, '_a6_': 1.7751354043730707, '_a7_': 0.623859415661956, '_a0_': 1.0, '_a1_': 1.0, '_a3_': 1.0, '_a4_': 1.0, '_a5_': 1.0}};{'d0': 0.024905832919416615};-280.569866449044;37.86796642805595
34748;-102.416966796466;(((x * (x * (_a7_ + x))) * (_a2_ ** _a6_)) + (x * _a6_));{'d0': {'_a2_': 1.984832856885782, '_a6_': 1.7751354043730707, '_a7_': 0.623859415661956, '_a0_': 1.0, '_a1_': 1.0, '_a3_': 1.0, '_a4_': 1.0, '_a5_': 1.0}};{'d0': 0.024905832919416615};-280.569866449044;37.86796642805595
34749;-102.416966796466;(((x * (x * (_a7_ + x))) * (_a2_ ** _a6_)) + (x * _a6_));{'d0': {'_a2_': 1.984832856885782, '_a6_': 1.7751354043730707, '_a7_': 0.623859415661956, '_a0_': 1.0, '_a1_': 1.0, '_a3_': 1.0, '_a4_': 1.0, '_a5_': 1.0}};{'d0': 0.024905832919416615};-280.569866449044;37.86796642805595
34750;-101.720115744044;((_a3_ + (x * (-(_a6_) + -((_a7_ * x))))) * (_a3_ * x));{'d0': {'_a3_': 1.3323420747363373, '_a6_': -1.5811435425925686, '_a7_': -2.534454884008911, '_a0_': 1.0, '_a1_': 1.0, '_a2_': 1.0, '_a4_': 1.0, '_a5_': 1.0}};{'d0': 0.02490583291941668};-280.569866449043;38.564817480477515
34751;-101.720115744044;((_a3_ + (x * (-(_a6_) + -((_a7_ * x))))) * (_a3_ * x));{'d0': {'_a3_': 1.3323420747363373, '_a6_': -1.5811435425925686, '_a7_': -2.534454884008911, '_a0_': 1.0, '_a1_': 1.0, '_a2_': 1.0, '_a4_': 1.0, '_a5_': 1.0}};{'d0': 0.02490583291941668};-280.569866449043;38.564817480477515
34752;-101.720115744044;((_a3_ + (x * (-(_a6_) + -((_a7_ * x))))) * (_a3_ * x));{'d0': {'_a3_': 1.3323420747363373, '_a6_': -1.5811435425925686, '_a7_': -2.534454884008911, '_a0_': 1.0, '_a1_': 1.0, '_a2_': 1.0, '_a4_': 1.0, '_a5_': 1.0}};{'d0': 0.02490583291941668};-280.569866449043;38.564817480477515
34753;-101.720115744044;((_a3_ + (x * (-(_a6_) + -((_a7_ * x))))) * (_a3_ * x));{'d0': {'_a3_': 1.3323420747363373, '_a6_': -1.5811435425925686, '_a7_': -2.534454884008911, '_a0_': 1.0, '_a1_': 1.0, '_a2_': 1.0, '_a4_': 1.0, '_a5_': 1.0}};{'d0': 0.02490583291941668};-280.569866449043;38.564817480477515
34754;-101.720115744044;((_a3_ + (x * (-(_a6_) + -((_a7_ * x))))) * (_a3_ * x));{'d0': {'_a3_': 1.3323420747363373, '_a6_': -1.5811435425925686, '_a7_': -2.534454884008911, '_a0_': 1.0, '_a1_': 1.0, '_a2_': 1.0, '_a4_': 1.0, '_a5_': 1.0}};{'d0': 0.02490583291941668};-280.569866449043;38.564817480477515
34755;-101.720115744044;((_a3_ + (x * (-(_a6_) + -((_a7_ * x))))) * (_a3_ * x));{'d0': {'_a3_': 1.3323420747363373, '_a6_': -1.5811435425925686, '_a7_': -2.534454884008911, '_a0_': 1.0, '_a1_': 1.0, '_a2_': 1.0, '_a4_': 1.0, '_a5_': 1.0}};{'d0': 0.02490583291941668};-280.569866449043;38.564817480477515
34756;-101.720115744044;((_a3_ + (x * (-(_a6_) + -((_a7_ * x))))) * (_a3_ * x));{'d0': {'_a3_': 1.3323420747363373, '_a6_': -1.5811435425925686, '_a7_': -2.534454884008911, '_a0_': 1.0, '_a1_': 1.0, '_a2_': 1.0, '_a4_': 1.0, '_a5_': 1.0}};{'d0': 0.02490583291941668};-280.569866449043;38.564817480477515
34757;-101.720115744044;((_a3_ + (x * (-(_a6_) + -((_a7_ * x))))) * (_a3_ * x));{'d0': {'_a3_': 1.3323420747363373, '_a6_': -1.5811435425925686, '_a7_': -2.534454884008911, '_a0_': 1.0, '_a1_': 1.0, '_a2_': 1.0, '_a4_': 1.0, '_a5_': 1.0}};{'d0': 0.02490583291941668};-280.569866449043;38.564817480477515
34758;-101.720115744044;((_a3_ + (x * (-(_a6_) + -((_a7_ * x))))) * (_a3_ * x));{'d0': {'_a3_': 1.3323420747363373, '_a6_': -1.5811435425925686, '_a7_': -2.534454884008911, '_a0_': 1.0, '_a1_': 1.0, '_a2_': 1.0, '_a4_': 1.0, '_a5_': 1.0}};{'d0': 0.02490583291941668};-280.569866449043;38.564817480477515
34759;-101.720115744044;((_a3_ + (x * (-(_a6_) + -((_a7_ * x))))) * (_a3_ * x));{'d0': {'_a3_': 1.3323420747363373, '_a6_': -1.5811435425925686, '_a7_': -2.534454884008911, '_a0_': 1.0, '_a1_': 1.0, '_a2_': 1.0, '_a4_': 1.0, '_a5_': 1.0}};{'d0': 0.02490583291941668};-280.569866449043;38.564817480477515
34760;-101.720115744044;((_a3_ + (x * (-(_a6_) + -((_a7_ * x))))) * (_a3_ * x));{'d0': {'_a3_': 1.3323420747363373, '_a6_': -1.5811435425925686, '_a7_': -2.534454884008911, '_a0_': 1.0, '_a1_': 1.0, '_a2_': 1.0, '_a4_': 1.0, '_a5_': 1.0}};{'d0': 0.02490583291941668};-280.569866449043;38.564817480477515
34761;-101.720115744044;((_a3_ + (x * (-(_a6_) + -((_a7_ * x))))) * (_a3_ * x));{'d0': {'_a3_': 1.3323420747363373, '_a6_': -1.5811435425925686, '_a7_': -2.534454884008911, '_a0_': 1.0, '_a1_': 1.0, '_a2_': 1.0, '_a4_': 1.0, '_a5_': 1.0}};{'d0': 0.02490583291941668};-280.569866449043;38.564817480477515
34762;-101.720115744044;((_a3_ + (x * (-(_a6_) + -((_a7_ * x))))) * (_a3_ * x));{'d0': {'_a3_': 1.3323420747363373, '_a6_': -1.5811435425925686, '_a7_': -2.534454884008911, '_a0_': 1.0, '_a1_': 1.0, '_a2_': 1.0, '_a4_': 1.0, '_a5_': 1.0}};{'d0': 0.02490583291941668};-280.569866449043;38.564817480477515
34763;-101.720115744044;((_a3_ + (x * (-(_a6_) + -((_a7_ * x))))) * (_a3_ * x));{'d0': {'_a3_': 1.3323420747363373, '_a6_': -1.5811435425925686, '_a7_': -2.534454884008911, '_a0_': 1.0, '_a1_': 1.0, '_a2_': 1.0, '_a4_': 1.0, '_a5_': 1.0}};{'d0': 0.02490583291941668};-280.569866449043;38.564817480477515
34764;-101.720115744044;((_a3_ + (x * (-(_a6_) + -((_a7_ * x))))) * (_a3_ * x));{'d0': {'_a3_': 1.3323420747363373, '_a6_': -1.5811435425925686, '_a7_': -2.534454884008911, '_a0_': 1.0, '_a1_': 1.0, '_a2_': 1.0, '_a4_': 1.0, '_a5_': 1.0}};{'d0': 0.02490583291941668};-280.569866449043;38.564817480477515
34765;-101.720115744044;((_a3_ + (x * (-(_a6_) + -((_a7_ * x))))) * (_a3_ * x));{'d0': {'_a3_': 1.3323420747363373, '_a6_': -1.5811435425925686, '_a7_': -2.534454884008911, '_a0_': 1.0, '_a1_': 1.0, '_a2_': 1.0, '_a4_': 1.0, '_a5_': 1.0}};{'d0': 0.02490583291941668};-280.569866449043;38.564817480477515
34766;-101.720115744044;((_a3_ + (x * (-(_a6_) + -((_a7_ * x))))) * (_a3_ * x));{'d0': {'_a3_': 1.3323420747363373, '_a6_': -1.5811435425925686, '_a7_': -2.534454884008911, '_a0_': 1.0, '_a1_': 1.0, '_a2_': 1.0, '_a4_': 1.0, '_a5_': 1.0}};{'d0': 0.02490583291941668};-280.569866449043;38.564817480477515
34767;-101.720115744044;((_a3_ + (x * (-(_a6_) + -((_a7_ * x))))) * (_a3_ * x));{'d0': {'_a3_': 1.3323420747363373, '_a6_': -1.5811435425925686, '_a7_': -2.534454884008911, '_a0_': 1.0, '_a1_': 1.0, '_a2_': 1.0, '_a4_': 1.0, '_a5_': 1.0}};{'d0': 0.02490583291941668};-280.569866449043;38.564817480477515
34768;-101.720115744044;((_a3_ + (x * (-(_a6_) + -((_a7_ * x))))) * (_a3_ * x));{'d0': {'_a3_': 1.3323420747363373, '_a6_': -1.5811435425925686, '_a7_': -2.534454884008911, '_a0_': 1.0, '_a1_': 1.0, '_a2_': 1.0, '_a4_': 1.0, '_a5_': 1.0}};{'d0': 0.02490583291941668};-280.569866449043;38.564817480477515
34769;-101.720115744044;((_a3_ + (x * (-(_a6_) + -((_a7_ * x))))) * (_a3_ * x));{'d0': {'_a3_': 1.3323420747363373, '_a6_': -1.5811435425925686, '_a7_': -2.534454884008911, '_a0_': 1.0, '_a1_': 1.0, '_a2_': 1.0, '_a4_': 1.0, '_a5_': 1.0}};{'d0': 0.02490583291941668};-280.569866449043;38.564817480477515
34770;-101.720115744044;((_a3_ + (x * (-(_a6_) + -((_a7_ * x))))) * (_a3_ * x));{'d0': {'_a3_': 1.3323420747363373, '_a6_': -1.5811435425925686, '_a7_': -2.534454884008911, '_a0_': 1.0, '_a1_': 1.0, '_a2_': 1.0, '_a4_': 1.0, '_a5_': 1.0}};{'d0': 0.02490583291941668};-280.569866449043;38.564817480477515
34771;-101.720115744044;((_a3_ + (x * (-(_a6_) + -((_a7_ * x))))) * (_a3_ * x));{'d0': {'_a3_': 1.3323420747363373, '_a6_': -1.5811435425925686, '_a7_': -2.534454884008911, '_a0_': 1.0, '_a1_': 1.0, '_a2_': 1.0, '_a4_': 1.0, '_a5_': 1.0}};{'d0': 0.02490583291941668};-280.569866449043;38.564817480477515
34772;-101.720115744044;((_a3_ + (x * (-(_a6_) + -((_a7_ * x))))) * (_a3_ * x));{'d0': {'_a3_': 1.3323420747363373, '_a6_': -1.5811435425925686, '_a7_': -2.534454884008911, '_a0_': 1.0, '_a1_': 1.0, '_a2_': 1.0, '_a4_': 1.0, '_a5_': 1.0}};{'d0': 0.02490583291941668};-280.569866449043;38.564817480477515
34773;-101.720115744044;((_a3_ + (x * (-(_a6_) + -((_a7_ * x))))) * (_a3_ * x));{'d0': {'_a3_': 1.3323420747363373, '_a6_': -1.5811435425925686, '_a7_': -2.534454884008911, '_a0_': 1.0, '_a1_': 1.0, '_a2_': 1.0, '_a4_': 1.0, '_a5_': 1.0}};{'d0': 0.02490583291941668};-280.569866449043;38.564817480477515
34774;-101.720115744044;((_a3_ + (x * (-(_a6_) + -((_a7_ * x))))) * (_a3_ * x));{'d0': {'_a3_': 1.3323420747363373, '_a6_': -1.5811435425925686, '_a7_': -2.534454884008911, '_a0_': 1.0, '_a1_': 1.0, '_a2_': 1.0, '_a4_': 1.0, '_a5_': 1.0}};{'d0': 0.02490583291941668};-280.569866449043;38.564817480477515
34775;-101.720115744044;((_a3_ + (x * (-(_a6_) + -((_a7_ * x))))) * (_a3_ * x));{'d0': {'_a3_': 1.3323420747363373, '_a6_': -1.5811435425925686, '_a7_': -2.534454884008911, '_a0_': 1.0, '_a1_': 1.0, '_a2_': 1.0, '_a4_': 1.0, '_a5_': 1.0}};{'d0': 0.02490583291941668};-280.569866449043;38.564817480477515
34776;-101.566014955520;(((x * (x * (_a7_ + x))) * (_a2_ ** _a6_)) + (x / _a6_));{'d0': {'_a2_': 8.672805513881357, '_a6_': 0.5633373079201187, '_a7_': 0.6238594157028384, '_a0_': 1.0, '_a1_': 1.0, '_a3_': 1.0, '_a4_': 1.0, '_a5_': 1.0}};{'d0': 0.024905832919416615};-280.569866449044;38.71891826900135
34777;-101.566014955520;(((x * (x * (_a7_ + x))) * (_a2_ ** _a6_)) + (x / _a6_));{'d0': {'_a2_': 8.672805513881357, '_a6_': 0.5633373079201187, '_a7_': 0.6238594157028384, '_a0_': 1.0, '_a1_': 1.0, '_a3_': 1.0, '_a4_': 1.0, '_a5_': 1.0}};{'d0': 0.024905832919416615};-280.569866449044;38.71891826900135
34778;-101.566014955520;(((x * (x * (_a7_ + x))) * (_a2_ ** _a6_)) + (x / _a6_));{'d0': {'_a2_': 8.672805513881357, '_a6_': 0.5633373079201187, '_a7_': 0.6238594157028384, '_a0_': 1.0, '_a1_': 1.0, '_a3_': 1.0, '_a4_': 1.0, '_a5_': 1.0}};{'d0': 0.024905832919416615};-280.569866449044;38.71891826900135
34779;-101.566014955520;(((x * (x * (_a7_ + x))) * (_a2_ ** _a6_)) + (x / _a6_));{'d0': {'_a2_': 8.672805513881357, '_a6_': 0.5633373079201187, '_a7_': 0.6238594157028384, '_a0_': 1.0, '_a1_': 1.0, '_a3_': 1.0, '_a4_': 1.0, '_a5_': 1.0}};{'d0': 0.024905832919416615};-280.569866449044;38.71891826900135
34780;-101.566014955520;(((x * (x * (_a7_ + x))) * (_a2_ ** _a6_)) + (x / _a6_));{'d0': {'_a2_': 8.672805513881357, '_a6_': 0.5633373079201187, '_a7_': 0.6238594157028384, '_a0_': 1.0, '_a1_': 1.0, '_a3_': 1.0, '_a4_': 1.0, '_a5_': 1.0}};{'d0': 0.024905832919416615};-280.569866449044;38.71891826900135
34781;-101.566014955520;(((x * (x * (_a7_ + x))) * (_a2_ ** _a6_)) + (x / _a6_));{'d0': {'_a2_': 8.672805513881357, '_a6_': 0.5633373079201187, '_a7_': 0.6238594157028384, '_a0_': 1.0, '_a1_': 1.0, '_a3_': 1.0, '_a4_': 1.0, '_a5_': 1.0}};{'d0': 0.024905832919416615};-280.569866449044;38.71891826900135
34782;-101.566014955520;(((x * (x * (_a7_ + x))) * (_a2_ ** _a6_)) + (x / _a6_));{'d0': {'_a2_': 8.672805513881357, '_a6_': 0.5633373079201187, '_a7_': 0.6238594157028384, '_a0_': 1.0, '_a1_': 1.0, '_a3_': 1.0, '_a4_': 1.0, '_a5_': 1.0}};{'d0': 0.024905832919416615};-280.569866449044;38.71891826900135
34783;-102.308962252590;(((x * (x * (_a7_ + x))) * (_a2_ + _a6_)) + (x / _a6_));{'d0': {'_a2_': 2.8134235703447508, '_a6_': 0.5633373080230046, '_a7_': 0.6238594155452295, '_a0_': 1.0, '_a1_': 1.0, '_a3_': 1.0, '_a4_': 1.0, '_a5_': 1.0}};{'d0': 0.024905832919416608};-280.569866449044;37.975970971931346
34784;-102.308962252590;(((x * (x * (_a7_ + x))) * (_a2_ + _a6_)) + (x / _a6_));{'d0': {'_a2_': 2.8134235703447508, '_a6_': 0.5633373080230046, '_a7_': 0.6238594155452295, '_a0_': 1.0, '_a1_': 1.0, '_a3_': 1.0, '_a4_': 1.0, '_a5_': 1.0}};{'d0': 0.024905832919416608};-280.569866449044;37.975970971931346
34785;-102.308962252590;(((x * (x * (_a7_ + x))) * (_a2_ + _a6_)) + (x / _a6_));{'d0': {'_a2_': 2.8134235703447508, '_a6_': 0.5633373080230046, '_a7_': 0.6238594155452295, '_a0_': 1.0, '_a1_': 1.0, '_a3_': 1.0, '_a4_': 1.0, '_a5_': 1.0}};{'d0': 0.024905832919416608};-280.569866449044;37.975970971931346
34786;-102.308962252590;(((x * (x * (_a7_ + x))) * (_a2_ + _a6_)) + (x / _a6_));{'d0': {'_a2_': 2.8134235703447508, '_a6_': 0.5633373080230046, '_a7_': 0.6238594155452295, '_a0_': 1.0, '_a1_': 1.0, '_a3_': 1.0, '_a4_': 1.0, '_a5_': 1.0}};{'d0': 0.024905832919416608};-280.569866449044;37.975970971931346
34787;-102.308962252590;(((x * (x * (_a7_ + x))) * (_a2_ + _a6_)) + (x / _a6_));{'d0': {'_a2_': 2.8134235703447508, '_a6_': 0.5633373080230046, '_a7_': 0.6238594155452295, '_a0_': 1.0, '_a1_': 1.0, '_a3_': 1.0, '_a4_': 1.0, '_a5_': 1.0}};{'d0': 0.024905832919416608};-280.569866449044;37.975970971931346
34788;-102.308962252590;(((x * (x * (_a7_ + x))) * (_a2_ + _a6_)) + (x / _a6_));{'d0': {'_a2_': 2.8134235703447508, '_a6_': 0.5633373080230046, '_a7_': 0.6238594155452295, '_a0_': 1.0, '_a1_': 1.0, '_a3_': 1.0, '_a4_': 1.0, '_a5_': 1.0}};{'d0': 0.024905832919416608};-280.569866449044;37.975970971931346
34789;-102.308962252590;(((x * (x * (_a7_ + x))) * (_a2_ + _a6_)) + (x / _a6_));{'d0': {'_a2_': 2.8134235703447508, '_a6_': 0.5633373080230046, '_a7_': 0.6238594155452295, '_a0_': 1.0, '_a1_': 1.0, '_a3_': 1.0, '_a4_': 1.0, '_a5_': 1.0}};{'d0': 0.024905832919416608};-280.569866449044;37.975970971931346
34790;-102.308962252590;(((x * (x * (_a7_ + x))) * (_a2_ + _a6_)) + (x / _a6_));{'d0': {'_a2_': 2.8134235703447508, '_a6_': 0.5633373080230046, '_a7_': 0.6238594155452295, '_a0_': 1.0, '_a1_': 1.0, '_a3_': 1.0, '_a4_': 1.0, '_a5_': 1.0}};{'d0': 0.024905832919416608};-280.569866449044;37.975970971931346
34791;-102.308962252590;(((x * (x * (_a7_ + x))) * (_a2_ + _a6_)) + (x / _a6_));{'d0': {'_a2_': 2.8134235703447508, '_a6_': 0.5633373080230046, '_a7_': 0.6238594155452295, '_a0_': 1.0, '_a1_': 1.0, '_a3_': 1.0, '_a4_': 1.0, '_a5_': 1.0}};{'d0': 0.024905832919416608};-280.569866449044;37.975970971931346
34792;-102.308962252590;(((x * (x * (_a7_ + x))) * (_a2_ + _a6_)) + (x / _a6_));{'d0': {'_a2_': 2.8134235703447508, '_a6_': 0.5633373080230046, '_a7_': 0.6238594155452295, '_a0_': 1.0, '_a1_': 1.0, '_a3_': 1.0, '_a4_': 1.0, '_a5_': 1.0}};{'d0': 0.024905832919416608};-280.569866449044;37.975970971931346
34793;-102.308962252590;(((x * (x * (_a7_ + x))) * (_a2_ + _a6_)) + (x / _a6_));{'d0': {'_a2_': 2.8134235703447508, '_a6_': 0.5633373080230046, '_a7_': 0.6238594155452295, '_a0_': 1.0, '_a1_': 1.0, '_a3_': 1.0, '_a4_': 1.0, '_a5_': 1.0}};{'d0': 0.024905832919416608};-280.569866449044;37.975970971931346
34794;-98.6290150923300;(((x * (x * (-(_a3_) + x))) * (_a2_ + _a6_)) + (x / _a6_));{'d0': {'_a2_': 2.8134235708084234, '_a3_': -0.6238594156483381, '_a6_': 0.563337307978907, '_a0_': 1.0, '_a1_': 1.0, '_a4_': 1.0, '_a5_': 1.0, '_a7_': 1.0}};{'d0': 0.024905832919416625};-280.569866449044;41.655918132191736
34795;-104.549616141360;(((x * (x * (-(_a3_) + x))) * _a2_) + (x / _a6_));{'d0': {'_a2_': 3.3767608788708867, '_a3_': -0.6238594155438029, '_a6_': 0.5633373080568798, '_a0_': 1.0, '_a1_': 1.0, '_a4_': 1.0, '_a5_': 1.0, '_a7_': 1.0}};{'d0': 0.024905832919416625};-280.569866449044;35.73531708316174
34796;-104.549616141360;(((x * (x * (-(_a3_) + x))) * _a2_) + (x / _a6_));{'d0': {'_a2_': 3.3767608788708867, '_a3_': -0.6238594155438029, '_a6_': 0.5633373080568798, '_a0_': 1.0, '_a1_': 1.0, '_a4_': 1.0, '_a5_': 1.0, '_a7_': 1.0}};{'d0': 0.024905832919416625};-280.569866449044;35.73531708316174
34797;-104.549616141360;(((x * (x * (-(_a3_) + x))) * _a2_) + (x / _a6_));{'d0': {'_a2_': 3.3767608788708867, '_a3_': -0.6238594155438029, '_a6_': 0.5633373080568798, '_a0_': 1.0, '_a1_': 1.0, '_a4_': 1.0, '_a5_': 1.0, '_a7_': 1.0}};{'d0': 0.024905832919416625};-280.569866449044;35.73531708316174
34798;-104.549616141360;(((x * (x * (-(_a3_) + x))) * _a2_) + (x / _a6_));{'d0': {'_a2_': 3.3767608788708867, '_a3_': -0.6238594155438029, '_a6_': 0.5633373080568798, '_a0_': 1.0, '_a1_': 1.0, '_a4_': 1.0, '_a5_': 1.0, '_a7_': 1.0}};{'d0': 0.024905832919416625};-280.569866449044;35.73531708316174
34799;-104.549616141360;(((x * (x * (-(_a3_) + x))) * _a2_) + (x / _a6_));{'d0': {'_a2_': 3.3767608788708867, '_a3_': -0.6238594155438029, '_a6_': 0.5633373080568798, '_a0_': 1.0, '_a1_': 1.0, '_a4_': 1.0, '_a5_': 1.0, '_a7_': 1.0}};{'d0': 0.024905832919416625};-280.569866449044;35.73531708316174
34800;-104.549616141360;(((x * (x * (-(_a3_) + x))) * _a2_) + (x / _a6_));{'d0': {'_a2_': 3.3767608788708867, '_a3_': -0.6238594155438029, '_a6_': 0.5633373080568798, '_a0_': 1.0, '_a1_': 1.0, '_a4_': 1.0, '_a5_': 1.0, '_a7_': 1.0}};{'d0': 0.024905832919416625};-280.569866449044;35.73531708316174
34801;-89.9992229286120;((_a3_ + (x * (-(((x / x) + _a0_)) + -((_a7_ * x))))) * (_a3_ * x));{'d0': {'_a0_': -2.5811435422610907, '_a3_': 1.3323420749319081, '_a7_': -2.534454882989315, '_a1_': 1.0, '_a2_': 1.0, '_a4_': 1.0, '_a5_': 1.0, '_a6_': 1.0}};{'d0': 0.024905832919416688};-280.569866449043;50.285710295909915
34802;-89.9992229286120;((_a3_ + (x * (-(((x / x) + _a0_)) + -((_a7_ * x))))) * (_a3_ * x));{'d0': {'_a0_': -2.5811435422610907, '_a3_': 1.3323420749319081, '_a7_': -2.534454882989315, '_a1_': 1.0, '_a2_': 1.0, '_a4_': 1.0, '_a5_': 1.0, '_a6_': 1.0}};{'d0': 0.024905832919416688};-280.569866449043;50.285710295909915
34803;-97.7429036016583;(x * ((_a0_ + (_a3_ / _a6_)) + pow2(((x * _a6_) + pow2(_a7_)))));{'d0': {'_a0_': 403841.0212837445, '_a3_': -742094.1870059062, '_a6_': 1.8375964949440873, '_a7_': 0.7571003484926531, '_a1_': 1.0, '_a2_': 1.0, '_a4_': 1.0, '_a5_': 1.0}};{'d0': 0.024905832972329876};-276.475521759350;40.49485727801633
34804;-97.7429036016583;(x * ((_a0_ + (_a3_ / _a6_)) + pow2(((x * _a6_) + pow2(_a7_)))));{'d0': {'_a0_': 403841.0212837445, '_a3_': -742094.1870059062, '_a6_': 1.8375964949440873, '_a7_': 0.7571003484926531, '_a1_': 1.0, '_a2_': 1.0, '_a4_': 1.0, '_a5_': 1.0}};{'d0': 0.024905832972329876};-276.475521759350;40.49485727801633
34805;-97.7429036016583;(x * ((_a0_ + (_a3_ / _a6_)) + pow2(((x * _a6_) + pow2(_a7_)))));{'d0': {'_a0_': 403841.0212837445, '_a3_': -742094.1870059062, '_a6_': 1.8375964949440873, '_a7_': 0.7571003484926531, '_a1_': 1.0, '_a2_': 1.0, '_a4_': 1.0, '_a5_': 1.0}};{'d0': 0.024905832972329876};-276.475521759350;40.49485727801633
34806;-97.7429036016583;(x * ((_a0_ + (_a3_ / _a6_)) + pow2(((x * _a6_) + pow2(_a7_)))));{'d0': {'_a0_': 403841.0212837445, '_a3_': -742094.1870059062, '_a6_': 1.8375964949440873, '_a7_': 0.7571003484926531, '_a1_': 1.0, '_a2_': 1.0, '_a4_': 1.0, '_a5_': 1.0}};{'d0': 0.024905832972329876};-276.475521759350;40.49485727801633
34807;-89.9992229286120;((_a3_ + (x * (-(((x / x) + _a0_)) + -((_a7_ * x))))) * (_a3_ * x));{'d0': {'_a0_': -2.5811435422610907, '_a3_': 1.3323420749319081, '_a7_': -2.534454882989315, '_a1_': 1.0, '_a2_': 1.0, '_a4_': 1.0, '_a5_': 1.0, '_a6_': 1.0}};{'d0': 0.024905832919416688};-280.569866449043;50.285710295909915
34808;-97.7429036016583;(x * ((_a0_ + (_a3_ / _a6_)) + pow2(((x * _a6_) + pow2(_a7_)))));{'d0': {'_a0_': 403841.0212837445, '_a3_': -742094.1870059062, '_a6_': 1.8375964949440873, '_a7_': 0.7571003484926531, '_a1_': 1.0, '_a2_': 1.0, '_a4_': 1.0, '_a5_': 1.0}};{'d0': 0.024905832972329876};-276.475521759350;40.49485727801633
34809;-97.7429036016583;(x * ((_a0_ + (_a3_ / _a6_)) + pow2(((x * _a6_) + pow2(_a7_)))));{'d0': {'_a0_': 403841.0212837445, '_a3_': -742094.1870059062, '_a6_': 1.8375964949440873, '_a7_': 0.7571003484926531, '_a1_': 1.0, '_a2_': 1.0, '_a4_': 1.0, '_a5_': 1.0}};{'d0': 0.024905832972329876};-276.475521759350;40.49485727801633
34810;-97.7429036016583;(x * ((_a0_ + (_a3_ / _a6_)) + pow2(((x * _a6_) + pow2(_a7_)))));{'d0': {'_a0_': 403841.0212837445, '_a3_': -742094.1870059062, '_a6_': 1.8375964949440873, '_a7_': 0.7571003484926531, '_a1_': 1.0, '_a2_': 1.0, '_a4_': 1.0, '_a5_': 1.0}};{'d0': 0.024905832972329876};-276.475521759350;40.49485727801633
34811;-97.7429036016583;(x * ((_a0_ + (_a3_ / _a6_)) + pow2(((x * _a6_) + pow2(_a7_)))));{'d0': {'_a0_': 403841.0212837445, '_a3_': -742094.1870059062, '_a6_': 1.8375964949440873, '_a7_': 0.7571003484926531, '_a1_': 1.0, '_a2_': 1.0, '_a4_': 1.0, '_a5_': 1.0}};{'d0': 0.024905832972329876};-276.475521759350;40.49485727801633
34812;-97.7429035349568;(x * ((_a0_ + (_a3_ / _a6_)) + pow2(((x * _a6_) + pow2(_a1_)))));{'d0': {'_a0_': 35267269.662525855, '_a1_': 0.757100348423895, '_a3_': -64807008.44911284, '_a6_': 1.837596494638582, '_a2_': 1.0, '_a4_': 1.0, '_a5_': 1.0, '_a7_': 1.0}};{'d0': 0.024905833027705115};-276.475521625946;40.49485727801633
34813;-97.7429035349568;(x * ((_a0_ + (_a3_ / _a6_)) + pow2(((x * _a6_) + pow2(_a1_)))));{'d0': {'_a0_': 35267269.662525855, '_a1_': 0.757100348423895, '_a3_': -64807008.44911284, '_a6_': 1.837596494638582, '_a2_': 1.0, '_a4_': 1.0, '_a5_': 1.0, '_a7_': 1.0}};{'d0': 0.024905833027705115};-276.475521625946;40.49485727801633
34814;-97.7429035349568;(x * ((_a0_ + (_a3_ / _a6_)) + pow2(((x * _a6_) + pow2(_a1_)))));{'d0': {'_a0_': 35267269.662525855, '_a1_': 0.757100348423895, '_a3_': -64807008.44911284, '_a6_': 1.837596494638582, '_a2_': 1.0, '_a4_': 1.0, '_a5_': 1.0, '_a7_': 1.0}};{'d0': 0.024905833027705115};-276.475521625946;40.49485727801633
34815;-97.7429035349568;(x * ((_a0_ + (_a3_ / _a6_)) + pow2(((x * _a6_) + pow2(_a1_)))));{'d0': {'_a0_': 35267269.662525855, '_a1_': 0.757100348423895, '_a3_': -64807008.44911284, '_a6_': 1.837596494638582, '_a2_': 1.0, '_a4_': 1.0, '_a5_': 1.0, '_a7_': 1.0}};{'d0': 0.024905833027705115};-276.475521625946;40.49485727801633
34816;-97.7429035349568;(x * ((_a0_ + (_a3_ / _a6_)) + pow2(((x * _a6_) + pow2(_a1_)))));{'d0': {'_a0_': 35267269.662525855, '_a1_': 0.757100348423895, '_a3_': -64807008.44911284, '_a6_': 1.837596494638582, '_a2_': 1.0, '_a4_': 1.0, '_a5_': 1.0, '_a7_': 1.0}};{'d0': 0.024905833027705115};-276.475521625946;40.49485727801633
34817;-97.7429035349568;(x * ((_a0_ + (_a3_ / _a6_)) + pow2(((x * _a6_) + pow2(_a1_)))));{'d0': {'_a0_': 35267269.662525855, '_a1_': 0.757100348423895, '_a3_': -64807008.44911284, '_a6_': 1.837596494638582, '_a2_': 1.0, '_a4_': 1.0, '_a5_': 1.0, '_a7_': 1.0}};{'d0': 0.024905833027705115};-276.475521625946;40.49485727801633
34818;-97.7429035349568;(x * ((_a0_ + (_a3_ / _a6_)) + pow2(((x * _a6_) + pow2(_a1_)))));{'d0': {'_a0_': 35267269.662525855, '_a1_': 0.757100348423895, '_a3_': -64807008.44911284, '_a6_': 1.837596494638582, '_a2_': 1.0, '_a4_': 1.0, '_a5_': 1.0, '_a7_': 1.0}};{'d0': 0.024905833027705115};-276.475521625946;40.49485727801633
34819;-101.440837978576;(x * ((_a0_ + (_a3_ / _a6_)) + pow2(((x * _a6_) + _a7_))));{'d0': {'_a0_': -1182255.527523911, '_a3_': 2172511.271784591, '_a6_': 1.8375964949862413, '_a7_': 0.5732009377552845, '_a1_': 1.0, '_a2_': 1.0, '_a4_': 1.0, '_a5_': 1.0}};{'d0': 0.02490583305177338};-276.475521567964;36.79692280540633
34820;-101.440837978576;(x * ((_a0_ + (_a3_ / _a6_)) + pow2(((x * _a6_) + _a7_))));{'d0': {'_a0_': -1182255.527523911, '_a3_': 2172511.271784591, '_a6_': 1.8375964949862413, '_a7_': 0.5732009377552845, '_a1_': 1.0, '_a2_': 1.0, '_a4_': 1.0, '_a5_': 1.0}};{'d0': 0.02490583305177338};-276.475521567964;36.79692280540633
34821;-101.440837978576;(x * ((_a0_ + (_a3_ / _a6_)) + pow2(((x * _a6_) + _a7_))));{'d0': {'_a0_': -1182255.527523911, '_a3_': 2172511.271784591, '_a6_': 1.8375964949862413, '_a7_': 0.5732009377552845, '_a1_': 1.0, '_a2_': 1.0, '_a4_': 1.0, '_a5_': 1.0}};{'d0': 0.02490583305177338};-276.475521567964;36.79692280540633
34822;-101.440837978576;(x * ((_a0_ + (_a3_ / _a6_)) + pow2(((x * _a6_) + _a7_))));{'d0': {'_a0_': -1182255.527523911, '_a3_': 2172511.271784591, '_a6_': 1.8375964949862413, '_a7_': 0.5732009377552845, '_a1_': 1.0, '_a2_': 1.0, '_a4_': 1.0, '_a5_': 1.0}};{'d0': 0.02490583305177338};-276.475521567964;36.79692280540633
34823;-101.440838137917;(x * ((_a0_ + (_a3_ / _a6_)) + pow2(((x * _a3_) + _a7_))));{'d0': {'_a0_': 0.45858345979879533, '_a3_': 1.8375964947700358, '_a6_': 1.8599292260040474, '_a7_': 0.573200937550804, '_a1_': 1.0, '_a2_': 1.0, '_a4_': 1.0, '_a5_': 1.0}};{'d0': 0.02490583291948943};-276.475521886646;36.79692280540633
34824;-101.440838137917;(x * ((_a0_ + (_a3_ / _a6_)) + pow2(((x * _a3_) + _a7_))));{'d0': {'_a0_': 0.45858345979879533, '_a3_': 1.8375964947700358, '_a6_': 1.8599292260040474, '_a7_': 0.573200937550804, '_a1_': 1.0, '_a2_': 1.0, '_a4_': 1.0, '_a5_': 1.0}};{'d0': 0.02490583291948943};-276.475521886646;36.79692280540633
34825;-101.524216377032;(x * ((_a0_ / (_a3_ / _a6_)) + pow2(((x * _a3_) + _a7_))));{'d0': {'_a0_': 1.0951791337786436, '_a3_': 1.837596494995793, '_a6_': 2.42720344833422, '_a7_': 0.5732009377533193, '_a1_': 1.0, '_a2_': 1.0, '_a4_': 1.0, '_a5_': 1.0}};{'d0': 0.02490583292095678};-276.475521883111;36.71354456452353
34826;-101.524216377032;(x * ((_a0_ / (_a3_ / _a6_)) + pow2(((x * _a3_) + _a7_))));{'d0': {'_a0_': 1.0951791337786436, '_a3_': 1.837596494995793, '_a6_': 2.42720344833422, '_a7_': 0.5732009377533193, '_a1_': 1.0, '_a2_': 1.0, '_a4_': 1.0, '_a5_': 1.0}};{'d0': 0.02490583292095678};-276.475521883111;36.71354456452353
34827;-101.524216377032;(x * ((_a0_ / (_a3_ / _a6_)) + pow2(((x * _a3_) + _a7_))));{'d0': {'_a0_': 1.0951791337786436, '_a3_': 1.837596494995793, '_a6_': 2.42720344833422, '_a7_': 0.5732009377533193, '_a1_': 1.0, '_a2_': 1.0, '_a4_': 1.0, '_a5_': 1.0}};{'d0': 0.02490583292095678};-276.475521883111;36.71354456452353
34828;-101.524216377032;(x * ((_a0_ / (_a3_ / _a6_)) + pow2(((x * _a3_) + _a7_))));{'d0': {'_a0_': 1.0951791337786436, '_a3_': 1.837596494995793, '_a6_': 2.42720344833422, '_a7_': 0.5732009377533193, '_a1_': 1.0, '_a2_': 1.0, '_a4_': 1.0, '_a5_': 1.0}};{'d0': 0.02490583292095678};-276.475521883111;36.71354456452353
34829;-101.524216377032;(x * ((_a0_ / (_a3_ / _a6_)) + pow2(((x * _a3_) + _a7_))));{'d0': {'_a0_': 1.0951791337786436, '_a3_': 1.837596494995793, '_a6_': 2.42720344833422, '_a7_': 0.5732009377533193, '_a1_': 1.0, '_a2_': 1.0, '_a4_': 1.0, '_a5_': 1.0}};{'d0': 0.02490583292095678};-276.475521883111;36.71354456452353
34830;-101.524216377032;(x * ((_a0_ / (_a3_ / _a6_)) + pow2(((x * _a3_) + _a7_))));{'d0': {'_a0_': 1.0951791337786436, '_a3_': 1.837596494995793, '_a6_': 2.42720344833422, '_a7_': 0.5732009377533193, '_a1_': 1.0, '_a2_': 1.0, '_a4_': 1.0, '_a5_': 1.0}};{'d0': 0.02490583292095678};-276.475521883111;36.71354456452353
34831;-102.484456543217;(x * ((_a0_ / (_a3_ * _a6_)) + pow2(((x * _a3_) + _a7_))));{'d0': {'_a0_': 331.80362379307076, '_a3_': 1.8375964958066915, '_a6_': 124.82154045771338, '_a7_': 0.5732009375211709, '_a1_': 1.0, '_a2_': 1.0, '_a4_': 1.0, '_a5_': 1.0}};{'d0': 0.024905832923303842};-276.475521877457;35.75330439551133
34832;-102.484456543217;(x * ((_a0_ / (_a3_ * _a6_)) + pow2(((x * _a3_) + _a7_))));{'d0': {'_a0_': 331.80362379307076, '_a3_': 1.8375964958066915, '_a6_': 124.82154045771338, '_a7_': 0.5732009375211709, '_a1_': 1.0, '_a2_': 1.0, '_a4_': 1.0, '_a5_': 1.0}};{'d0': 0.024905832923303842};-276.475521877457;35.75330439551133
34833;-102.484456543217;(x * ((_a0_ / (_a3_ * _a6_)) + pow2(((x * _a3_) + _a7_))));{'d0': {'_a0_': 331.80362379307076, '_a3_': 1.8375964958066915, '_a6_': 124.82154045771338, '_a7_': 0.5732009375211709, '_a1_': 1.0, '_a2_': 1.0, '_a4_': 1.0, '_a5_': 1.0}};{'d0': 0.024905832923303842};-276.475521877457;35.75330439551133
34834;-102.484456543217;(x * ((_a0_ / (_a3_ * _a6_)) + pow2(((x * _a3_) + _a7_))));{'d0': {'_a0_': 331.80362379307076, '_a3_': 1.8375964958066915, '_a6_': 124.82154045771338, '_a7_': 0.5732009375211709, '_a1_': 1.0, '_a2_': 1.0, '_a4_': 1.0, '_a5_': 1.0}};{'d0': 0.024905832923303842};-276.475521877457;35.75330439551133
34835;-102.484456543217;(x * ((_a0_ / (_a3_ * _a6_)) + pow2(((x * _a3_) + _a7_))));{'d0': {'_a0_': 331.80362379307076, '_a3_': 1.8375964958066915, '_a6_': 124.82154045771338, '_a7_': 0.5732009375211709, '_a1_': 1.0, '_a2_': 1.0, '_a4_': 1.0, '_a5_': 1.0}};{'d0': 0.024905832923303842};-276.475521877457;35.75330439551133
34836;-102.484456543217;(x * ((_a0_ / (_a3_ * _a6_)) + pow2(((x * _a3_) + _a7_))));{'d0': {'_a0_': 331.80362379307076, '_a3_': 1.8375964958066915, '_a6_': 124.82154045771338, '_a7_': 0.5732009375211709, '_a1_': 1.0, '_a2_': 1.0, '_a4_': 1.0, '_a5_': 1.0}};{'d0': 0.024905832923303842};-276.475521877457;35.75330439551133
34837;-97.3596223271334;((_a3_ * (x * ((x * x) + ((_a7_ + (_a2_ + x)) / _a7_)))) * _a3_);{'d0': {'_a2_': -0.760280630294251, '_a3_': 1.8375964950066548, '_a7_': 1.6029252345952245, '_a0_': 1.0, '_a1_': 1.0, '_a4_': 1.0, '_a5_': 1.0, '_a6_': 1.0}};{'d0': 0.024905832919416577};-280.569866449044;42.92531089738845
34838;-97.3596223271334;((_a3_ * (x * ((x * x) + ((_a7_ + (_a2_ + x)) / _a7_)))) * _a3_);{'d0': {'_a2_': -0.760280630294251, '_a3_': 1.8375964950066548, '_a7_': 1.6029252345952245, '_a0_': 1.0, '_a1_': 1.0, '_a4_': 1.0, '_a5_': 1.0, '_a6_': 1.0}};{'d0': 0.024905832919416577};-280.569866449044;42.92531089738845
34839;-97.3596223271334;((_a3_ * (x * ((x * x) + ((_a7_ + (_a2_ + x)) / _a7_)))) * _a3_);{'d0': {'_a2_': -0.760280630294251, '_a3_': 1.8375964950066548, '_a7_': 1.6029252345952245, '_a0_': 1.0, '_a1_': 1.0, '_a4_': 1.0, '_a5_': 1.0, '_a6_': 1.0}};{'d0': 0.024905832919416577};-280.569866449044;42.92531089738845
34840;-101.440838137977;(x * ((_a0_ / (_a3_ + _a6_)) + pow2(((x * _a3_) + _a7_))));{'d0': {'_a0_': 47661.280638637894, '_a3_': 1.8375964981277633, '_a6_': 32945.81018276888, '_a7_': 0.5732009385520169, '_a1_': 1.0, '_a2_': 1.0, '_a4_': 1.0, '_a5_': 1.0}};{'d0': 0.02490583291943952};-276.475521886766;36.796922805406325
34841;-101.440838137977;(x * ((_a0_ / (_a3_ + _a6_)) + pow2(((x * _a3_) + _a7_))));{'d0': {'_a0_': 47661.280638637894, '_a3_': 1.8375964981277633, '_a6_': 32945.81018276888, '_a7_': 0.5732009385520169, '_a1_': 1.0, '_a2_': 1.0, '_a4_': 1.0, '_a5_': 1.0}};{'d0': 0.02490583291943952};-276.475521886766;36.796922805406325
34842;-101.440838137977;(x * ((_a0_ / (_a3_ + _a6_)) + pow2(((x * _a3_) + _a7_))));{'d0': {'_a0_': 47661.280638637894, '_a3_': 1.8375964981277633, '_a6_': 32945.81018276888, '_a7_': 0.5732009385520169, '_a1_': 1.0, '_a2_': 1.0, '_a4_': 1.0, '_a5_': 1.0}};{'d0': 0.02490583291943952};-276.475521886766;36.796922805406325
34843;-101.440838137977;(x * ((_a0_ / (_a3_ + _a6_)) + pow2(((x * _a3_) + _a7_))));{'d0': {'_a0_': 47661.280638637894, '_a3_': 1.8375964981277633, '_a6_': 32945.81018276888, '_a7_': 0.5732009385520169, '_a1_': 1.0, '_a2_': 1.0, '_a4_': 1.0, '_a5_': 1.0}};{'d0': 0.02490583291943952};-276.475521886766;36.796922805406325
34844;-101.440838137977;(x * ((_a0_ / (_a3_ + _a6_)) + pow2(((x * _a3_) + _a7_))));{'d0': {'_a0_': 47661.280638637894, '_a3_': 1.8375964981277633, '_a6_': 32945.81018276888, '_a7_': 0.5732009385520169, '_a1_': 1.0, '_a2_': 1.0, '_a4_': 1.0, '_a5_': 1.0}};{'d0': 0.02490583291943952};-276.475521886766;36.796922805406325
34845;-101.440838137977;(x * ((_a0_ / (_a3_ + _a6_)) + pow2(((x * _a3_) + _a7_))));{'d0': {'_a0_': 47661.280638637894, '_a3_': 1.8375964981277633, '_a6_': 32945.81018276888, '_a7_': 0.5732009385520169, '_a1_': 1.0, '_a2_': 1.0, '_a4_': 1.0, '_a5_': 1.0}};{'d0': 0.02490583291943952};-276.475521886766;36.796922805406325
34846;-101.440838137977;(x * ((_a0_ / (_a3_ + _a6_)) + pow2(((x * _a3_) + _a7_))));{'d0': {'_a0_': 47661.280638637894, '_a3_': 1.8375964981277633, '_a6_': 32945.81018276888, '_a7_': 0.5732009385520169, '_a1_': 1.0, '_a2_': 1.0, '_a4_': 1.0, '_a5_': 1.0}};{'d0': 0.02490583291943952};-276.475521886766;36.796922805406325
34847;-98.1382168817566;((_a3_ * (x * ((x * x) + ((_a7_ + (_a2_ + x)) * _a7_)))) * _a3_);{'d0': {'_a2_': 0.2187851873051245, '_a3_': 1.837596495832721, '_a7_': 0.6238594158304098, '_a0_': 1.0, '_a1_': 1.0, '_a4_': 1.0, '_a5_': 1.0, '_a6_': 1.0}};{'d0': 0.024905832919416667};-280.569866449044;42.14671634276505
34848;-98.1382168817566;((_a3_ * (x * ((x * x) + ((_a7_ + (_a2_ + x)) * _a7_)))) * _a3_);{'d0': {'_a2_': 0.2187851873051245, '_a3_': 1.837596495832721, '_a7_': 0.6238594158304098, '_a0_': 1.0, '_a1_': 1.0, '_a4_': 1.0, '_a5_': 1.0, '_a6_': 1.0}};{'d0': 0.024905832919416667};-280.569866449044;42.14671634276505
34849;-101.440838137977;(x * ((_a0_ / (_a3_ + _a6_)) + pow2(((x * _a3_) + _a7_))));{'d0': {'_a0_': 47661.280638637894, '_a3_': 1.8375964981277633, '_a6_': 32945.81018276888, '_a7_': 0.5732009385520169, '_a1_': 1.0, '_a2_': 1.0, '_a4_': 1.0, '_a5_': 1.0}};{'d0': 0.02490583291943952};-276.475521886766;36.796922805406325
34850;-101.440838137977;(x * ((_a0_ / (_a3_ + _a6_)) + pow2(((x * _a3_) + _a7_))));{'d0': {'_a0_': 47661.280638637894, '_a3_': 1.8375964981277633, '_a6_': 32945.81018276888, '_a7_': 0.5732009385520169, '_a1_': 1.0, '_a2_': 1.0, '_a4_': 1.0, '_a5_': 1.0}};{'d0': 0.02490583291943952};-276.475521886766;36.796922805406325
34851;-102.791502285532;(x * ((_a0_ / sin(_a3_)) + pow2(((x * _a3_) + _a7_))));{'d0': {'_a0_': 1.3953954409488047, '_a3_': 1.8375964950843915, '_a7_': 0.5732009376293657, '_a1_': 1.0, '_a2_': 1.0, '_a4_': 1.0, '_a5_': 1.0, '_a6_': 1.0}};{'d0': 0.024905832919416684};-280.569866449043;37.493430938989846
34852;-102.484456547899;(x * ((_a0_ / (_a1_ * _a3_)) + pow2(((x * _a3_) + _a7_))));{'d0': {'_a0_': 2.0674568303736023, '_a1_': 0.7777589461157107, '_a3_': 1.8375964954828414, '_a7_': 0.5732009380043485, '_a2_': 1.0, '_a4_': 1.0, '_a5_': 1.0, '_a6_': 1.0}};{'d0': 0.024905832919416924};-276.475521886821;35.75330439551133
34853;-102.484456547899;(x * ((_a0_ / (_a1_ * _a3_)) + pow2(((x * _a3_) + _a7_))));{'d0': {'_a0_': 2.0674568303736023, '_a1_': 0.7777589461157107, '_a3_': 1.8375964954828414, '_a7_': 0.5732009380043485, '_a2_': 1.0, '_a4_': 1.0, '_a5_': 1.0, '_a6_': 1.0}};{'d0': 0.024905832919416924};-276.475521886821;35.75330439551133
34854;-102.484456547899;(x * ((_a0_ / (_a1_ * _a3_)) + pow2(((x * _a3_) + _a7_))));{'d0': {'_a0_': 2.0674568303736023, '_a1_': 0.7777589461157107, '_a3_': 1.8375964954828414, '_a7_': 0.5732009380043485, '_a2_': 1.0, '_a4_': 1.0, '_a5_': 1.0, '_a6_': 1.0}};{'d0': 0.024905832919416924};-276.475521886821;35.75330439551133
34855;-102.484456547899;(x * ((_a0_ / (_a1_ * _a3_)) + pow2(((x * _a3_) + _a7_))));{'d0': {'_a0_': 2.0674568303736023, '_a1_': 0.7777589461157107, '_a3_': 1.8375964954828414, '_a7_': 0.5732009380043485, '_a2_': 1.0, '_a4_': 1.0, '_a5_': 1.0, '_a6_': 1.0}};{'d0': 0.024905832919416924};-276.475521886821;35.75330439551133
34856;-102.484456547899;(x * ((_a0_ / (_a1_ * _a3_)) + pow2(((x * _a3_) + _a7_))));{'d0': {'_a0_': 2.0674568303736023, '_a1_': 0.7777589461157107, '_a3_': 1.8375964954828414, '_a7_': 0.5732009380043485, '_a2_': 1.0, '_a4_': 1.0, '_a5_': 1.0, '_a6_': 1.0}};{'d0': 0.024905832919416924};-276.475521886821;35.75330439551133
34857;-102.484456547899;(x * ((_a0_ / (_a1_ * _a3_)) + pow2(((x * _a3_) + _a7_))));{'d0': {'_a0_': 2.0674568303736023, '_a1_': 0.7777589461157107, '_a3_': 1.8375964954828414, '_a7_': 0.5732009380043485, '_a2_': 1.0, '_a4_': 1.0, '_a5_': 1.0, '_a6_': 1.0}};{'d0': 0.024905832919416924};-276.475521886821;35.75330439551133
34858;-102.484456547899;(x * ((_a0_ / (_a1_ * _a3_)) + pow2(((x * _a3_) + _a7_))));{'d0': {'_a0_': 2.0674568303736023, '_a1_': 0.7777589461157107, '_a3_': 1.8375964954828414, '_a7_': 0.5732009380043485, '_a2_': 1.0, '_a4_': 1.0, '_a5_': 1.0, '_a6_': 1.0}};{'d0': 0.024905832919416924};-276.475521886821;35.75330439551133
34859;-102.484456547899;(x * ((_a0_ / (_a1_ * _a3_)) + pow2(((x * _a3_) + _a7_))));{'d0': {'_a0_': 2.0674568303736023, '_a1_': 0.7777589461157107, '_a3_': 1.8375964954828414, '_a7_': 0.5732009380043485, '_a2_': 1.0, '_a4_': 1.0, '_a5_': 1.0, '_a6_': 1.0}};{'d0': 0.024905832919416924};-276.475521886821;35.75330439551133
34860;-102.484456547899;(x * ((_a0_ / (_a1_ * _a3_)) + pow2(((x * _a3_) + _a7_))));{'d0': {'_a0_': 2.0674568303736023, '_a1_': 0.7777589461157107, '_a3_': 1.8375964954828414, '_a7_': 0.5732009380043485, '_a2_': 1.0, '_a4_': 1.0, '_a5_': 1.0, '_a6_': 1.0}};{'d0': 0.024905832919416924};-276.475521886821;35.75330439551133
34861;-102.484456547899;(x * ((_a0_ / (_a1_ * _a3_)) + pow2(((x * _a3_) + _a7_))));{'d0': {'_a0_': 2.0674568303736023, '_a1_': 0.7777589461157107, '_a3_': 1.8375964954828414, '_a7_': 0.5732009380043485, '_a2_': 1.0, '_a4_': 1.0, '_a5_': 1.0, '_a6_': 1.0}};{'d0': 0.024905832919416924};-276.475521886821;35.75330439551133
34862;-102.484456547899;(x * ((_a0_ / (_a1_ * _a3_)) + pow2(((x * _a3_) + _a7_))));{'d0': {'_a0_': 2.0674568303736023, '_a1_': 0.7777589461157107, '_a3_': 1.8375964954828414, '_a7_': 0.5732009380043485, '_a2_': 1.0, '_a4_': 1.0, '_a5_': 1.0, '_a6_': 1.0}};{'d0': 0.024905832919416924};-276.475521886821;35.75330439551133
34863;-102.484456547899;(x * ((_a0_ / (_a1_ * _a3_)) + pow2(((x * _a3_) + _a7_))));{'d0': {'_a0_': 2.0674568303736023, '_a1_': 0.7777589461157107, '_a3_': 1.8375964954828414, '_a7_': 0.5732009380043485, '_a2_': 1.0, '_a4_': 1.0, '_a5_': 1.0, '_a6_': 1.0}};{'d0': 0.024905832919416924};-276.475521886821;35.75330439551133
34864;-102.484456547899;(x * ((_a0_ / (_a1_ * _a3_)) + pow2(((x * _a3_) + _a7_))));{'d0': {'_a0_': 2.0674568303736023, '_a1_': 0.7777589461157107, '_a3_': 1.8375964954828414, '_a7_': 0.5732009380043485, '_a2_': 1.0, '_a4_': 1.0, '_a5_': 1.0, '_a6_': 1.0}};{'d0': 0.024905832919416924};-276.475521886821;35.75330439551133
34865;-102.484456547899;(x * ((_a0_ / (_a1_ * _a3_)) + pow2(((x * _a3_) + _a7_))));{'d0': {'_a0_': 2.0674568303736023, '_a1_': 0.7777589461157107, '_a3_': 1.8375964954828414, '_a7_': 0.5732009380043485, '_a2_': 1.0, '_a4_': 1.0, '_a5_': 1.0, '_a6_': 1.0}};{'d0': 0.024905832919416924};-276.475521886821;35.75330439551133
34866;-102.484456547899;(x * ((_a0_ / (_a1_ * _a3_)) + pow2(((x * _a3_) + _a7_))));{'d0': {'_a0_': 2.0674568303736023, '_a1_': 0.7777589461157107, '_a3_': 1.8375964954828414, '_a7_': 0.5732009380043485, '_a2_': 1.0, '_a4_': 1.0, '_a5_': 1.0, '_a6_': 1.0}};{'d0': 0.024905832919416924};-276.475521886821;35.75330439551133
34867;-90.2907527593117;((_a3_ * (x * ((x * x) + ((_a7_ + (_a2_ + x)) * (_a7_ / _a5_))))) * _a3_);{'d0': {'_a2_': -63182.952486915696, '_a3_': 1.8375964950719739, '_a5_': 101278.8996321032, '_a7_': 63183.79513056527, '_a0_': 1.0, '_a1_': 1.0, '_a4_': 1.0, '_a6_': 1.0}};{'d0': 0.024905832981624357};-276.475521736958;47.94700810916745
34868;-90.2907527593117;((_a3_ * (x * ((x * x) + ((_a7_ + (_a2_ + x)) * (_a7_ / _a5_))))) * _a3_);{'d0': {'_a2_': -63182.952486915696, '_a3_': 1.8375964950719739, '_a5_': 101278.8996321032, '_a7_': 63183.79513056527, '_a0_': 1.0, '_a1_': 1.0, '_a4_': 1.0, '_a6_': 1.0}};{'d0': 0.024905832981624357};-276.475521736958;47.94700810916745
34869;-90.2907527593117;((_a3_ * (x * ((x * x) + ((_a7_ + (_a2_ + x)) * (_a7_ / _a5_))))) * _a3_);{'d0': {'_a2_': -63182.952486915696, '_a3_': 1.8375964950719739, '_a5_': 101278.8996321032, '_a7_': 63183.79513056527, '_a0_': 1.0, '_a1_': 1.0, '_a4_': 1.0, '_a6_': 1.0}};{'d0': 0.024905832981624357};-276.475521736958;47.94700810916745
34870;-90.2907527593117;((_a3_ * (x * ((x * x) + ((_a7_ + (_a2_ + x)) * (_a7_ / _a5_))))) * _a3_);{'d0': {'_a2_': -63182.952486915696, '_a3_': 1.8375964950719739, '_a5_': 101278.8996321032, '_a7_': 63183.79513056527, '_a0_': 1.0, '_a1_': 1.0, '_a4_': 1.0, '_a6_': 1.0}};{'d0': 0.024905832981624357};-276.475521736958;47.94700810916745
34871;-90.2907527593117;((_a3_ * (x * ((x * x) + ((_a7_ + (_a2_ + x)) * (_a7_ / _a5_))))) * _a3_);{'d0': {'_a2_': -63182.952486915696, '_a3_': 1.8375964950719739, '_a5_': 101278.8996321032, '_a7_': 63183.79513056527, '_a0_': 1.0, '_a1_': 1.0, '_a4_': 1.0, '_a6_': 1.0}};{'d0': 0.024905832981624357};-276.475521736958;47.94700810916745
34872;-90.2907527593117;((_a3_ * (x * ((x * x) + ((_a7_ + (_a2_ + x)) * (_a7_ / _a5_))))) * _a3_);{'d0': {'_a2_': -63182.952486915696, '_a3_': 1.8375964950719739, '_a5_': 101278.8996321032, '_a7_': 63183.79513056527, '_a0_': 1.0, '_a1_': 1.0, '_a4_': 1.0, '_a6_': 1.0}};{'d0': 0.024905832981624357};-276.475521736958;47.94700810916745
34873;-90.2907527593117;((_a3_ * (x * ((x * x) + ((_a7_ + (_a2_ + x)) * (_a7_ / _a5_))))) * _a3_);{'d0': {'_a2_': -63182.952486915696, '_a3_': 1.8375964950719739, '_a5_': 101278.8996321032, '_a7_': 63183.79513056527, '_a0_': 1.0, '_a1_': 1.0, '_a4_': 1.0, '_a6_': 1.0}};{'d0': 0.024905832981624357};-276.475521736958;47.94700810916745
34874;-90.2907527593117;((_a3_ * (x * ((x * x) + ((_a7_ + (_a2_ + x)) * (_a7_ / _a5_))))) * _a3_);{'d0': {'_a2_': -63182.952486915696, '_a3_': 1.8375964950719739, '_a5_': 101278.8996321032, '_a7_': 63183.79513056527, '_a0_': 1.0, '_a1_': 1.0, '_a4_': 1.0, '_a6_': 1.0}};{'d0': 0.024905832981624357};-276.475521736958;47.94700810916745
34875;-90.2907528271715;((_a7_ * (x * ((x * x) + ((_a7_ + (_a2_ + x)) * (_a7_ / _a5_))))) * _a3_);{'d0': {'_a2_': -50691.81788777631, '_a3_': 6.661240857444803e-05, '_a5_': 81256.5447630887, '_a7_': 50692.66053288661, '_a0_': 1.0, '_a1_': 1.0, '_a4_': 1.0, '_a6_': 1.0}};{'d0': 0.024905832925287575};-276.475521872678;47.94700810916745
34876;-90.2907528271715;((_a7_ * (x * ((x * x) + ((_a7_ + (_a2_ + x)) * (_a7_ / _a5_))))) * _a3_);{'d0': {'_a2_': -50691.81788777631, '_a3_': 6.661240857444803e-05, '_a5_': 81256.5447630887, '_a7_': 50692.66053288661, '_a0_': 1.0, '_a1_': 1.0, '_a4_': 1.0, '_a6_': 1.0}};{'d0': 0.024905832925287575};-276.475521872678;47.94700810916745
34877;-90.2907528271715;((_a7_ * (x * ((x * x) + ((_a7_ + (_a2_ + x)) * (_a7_ / _a5_))))) * _a3_);{'d0': {'_a2_': -50691.81788777631, '_a3_': 6.661240857444803e-05, '_a5_': 81256.5447630887, '_a7_': 50692.66053288661, '_a0_': 1.0, '_a1_': 1.0, '_a4_': 1.0, '_a6_': 1.0}};{'d0': 0.024905832925287575};-276.475521872678;47.94700810916745
34878;-89.4752272207642;((_a7_ * (x * ((x * x) + ((_a7_ + (_a2_ + x)) / (_a7_ / _a5_))))) * _a3_);{'d0': {'_a2_': -42960.000850583034, '_a3_': 7.86008604756538e-05, '_a5_': 26801.52671801096, '_a7_': 42960.84349527647, '_a0_': 1.0, '_a1_': 1.0, '_a4_': 1.0, '_a6_': 1.0}};{'d0': 0.024905832933621995};-276.475521852600;48.762533705535645
34879;-89.4752272207642;((_a7_ * (x * ((x * x) + ((_a7_ + (_a2_ + x)) / (_a7_ / _a5_))))) * _a3_);{'d0': {'_a2_': -42960.000850583034, '_a3_': 7.86008604756538e-05, '_a5_': 26801.52671801096, '_a7_': 42960.84349527647, '_a0_': 1.0, '_a1_': 1.0, '_a4_': 1.0, '_a6_': 1.0}};{'d0': 0.024905832933621995};-276.475521852600;48.762533705535645
34880;-89.4752271475654;((_a3_ * (x * ((x * x) + ((_a7_ + (_a2_ + x)) / (_a7_ / _a5_))))) * _a3_);{'d0': {'_a2_': -42908.26822327545, '_a3_': 1.837596494967548, '_a5_': 26769.252825242344, '_a7_': 42909.11086683177, '_a0_': 1.0, '_a1_': 1.0, '_a4_': 1.0, '_a6_': 1.0}};{'d0': 0.024905832994391155};-276.475521706202;48.762533705535645
34881;-83.7481077955308;((_a3_ * (x * ((x * x) + ((_a7_ + (_a2_ + x)) / (-(_a0_) / _a5_))))) * _a3_);{'d0': {'_a0_': 3031.316659881476, '_a2_': 368269.5490772559, '_a3_': 1.8375964942694996, '_a5_': -1891.1149165078004, '_a7_': -368268.7064326157, '_a1_': 1.0, '_a4_': 1.0, '_a6_': 1.0}};{'d0': 0.02490583292022425};-272.381177322654;52.442480865796036
34882;-83.7481077955308;((_a3_ * (x * ((x * x) + ((_a7_ + (_a2_ + x)) / (-(_a0_) / _a5_))))) * _a3_);{'d0': {'_a0_': 3031.316659881476, '_a2_': 368269.5490772559, '_a3_': 1.8375964942694996, '_a5_': -1891.1149165078004, '_a7_': -368268.7064326157, '_a1_': 1.0, '_a4_': 1.0, '_a6_': 1.0}};{'d0': 0.02490583292022425};-272.381177322654;52.442480865796036
34883;-83.7481077955308;((_a3_ * (x * ((x * x) + ((_a7_ + (_a2_ + x)) / (-(_a0_) / _a5_))))) * _a3_);{'d0': {'_a0_': 3031.316659881476, '_a2_': 368269.5490772559, '_a3_': 1.8375964942694996, '_a5_': -1891.1149165078004, '_a7_': -368268.7064326157, '_a1_': 1.0, '_a4_': 1.0, '_a6_': 1.0}};{'d0': 0.02490583292022425};-272.381177322654;52.442480865796036
34884;-79.8746790240851;((_a3_ * (x * ((x * x) + (((_a2_ + _a2_) + (_a2_ + x)) / (-(_a0_) / _a5_))))) * _a3_);{'d0': {'_a0_': 526270.178249242, '_a2_': 0.2808815348861043, '_a3_': 1.8375964948700612, '_a5_': -328318.78282283014, '_a1_': 1.0, '_a4_': 1.0, '_a6_': 1.0, '_a7_': 1.0}};{'d0': 0.024905832923152176};-276.475521877822;58.36308191482603
34885;-79.8746790240851;((_a3_ * (x * ((x * x) + (((_a2_ + _a2_) + (_a2_ + x)) / (-(_a0_) / _a5_))))) * _a3_);{'d0': {'_a0_': 526270.178249242, '_a2_': 0.2808815348861043, '_a3_': 1.8375964948700612, '_a5_': -328318.78282283014, '_a1_': 1.0, '_a4_': 1.0, '_a6_': 1.0, '_a7_': 1.0}};{'d0': 0.024905832923152176};-276.475521877822;58.36308191482603
34886;-102.484456539569;(x * ((_a5_ / (_a4_ * _a3_)) + pow2(((x * _a3_) + _a2_))));{'d0': {'_a2_': 0.5732009382751768, '_a3_': 1.8375964954895918, '_a4_': -139.67376846937316, '_a5_': -371.2842172059329, '_a0_': 1.0, '_a1_': 1.0, '_a6_': 1.0, '_a7_': 1.0}};{'d0': 0.024905832926332607};-276.475521870160;35.75330439551133
34887;-102.484456539569;(x * ((_a5_ / (_a4_ * _a3_)) + pow2(((x * _a3_) + _a2_))));{'d0': {'_a2_': 0.5732009382751768, '_a3_': 1.8375964954895918, '_a4_': -139.67376846937316, '_a5_': -371.2842172059329, '_a0_': 1.0, '_a1_': 1.0, '_a6_': 1.0, '_a7_': 1.0}};{'d0': 0.024905832926332607};-276.475521870160;35.75330439551133
34888;-102.484456539569;(x * ((_a5_ / (_a4_ * _a3_)) + pow2(((x * _a3_) + _a2_))));{'d0': {'_a2_': 0.5732009382751768, '_a3_': 1.8375964954895918, '_a4_': -139.67376846937316, '_a5_': -371.2842172059329, '_a0_': 1.0, '_a1_': 1.0, '_a6_': 1.0, '_a7_': 1.0}};{'d0': 0.024905832926332607};-276.475521870160;35.75330439551133
34889;-102.484456539569;(x * ((_a5_ / (_a4_ * _a3_)) + pow2(((x * _a3_) + _a2_))));{'d0': {'_a2_': 0.5732009382751768, '_a3_': 1.8375964954895918, '_a4_': -139.67376846937316, '_a5_': -371.2842172059329, '_a0_': 1.0, '_a1_': 1.0, '_a6_': 1.0, '_a7_': 1.0}};{'d0': 0.024905832926332607};-276.475521870160;35.75330439551133
34890;-102.484456539569;(x * ((_a5_ / (_a4_ * _a3_)) + pow2(((x * _a3_) + _a2_))));{'d0': {'_a2_': 0.5732009382751768, '_a3_': 1.8375964954895918, '_a4_': -139.67376846937316, '_a5_': -371.2842172059329, '_a0_': 1.0, '_a1_': 1.0, '_a6_': 1.0, '_a7_': 1.0}};{'d0': 0.024905832926332607};-276.475521870160;35.75330439551133
34891;-102.484456539569;(x * ((_a5_ / (_a4_ * _a3_)) + pow2(((x * _a3_) + _a2_))));{'d0': {'_a2_': 0.5732009382751768, '_a3_': 1.8375964954895918, '_a4_': -139.67376846937316, '_a5_': -371.2842172059329, '_a0_': 1.0, '_a1_': 1.0, '_a6_': 1.0, '_a7_': 1.0}};{'d0': 0.024905832926332607};-276.475521870160;35.75330439551133
34892;-102.484456539569;(x * ((_a5_ / (_a4_ * _a3_)) + pow2(((x * _a3_) + _a2_))));{'d0': {'_a2_': 0.5732009382751768, '_a3_': 1.8375964954895918, '_a4_': -139.67376846937316, '_a5_': -371.2842172059329, '_a0_': 1.0, '_a1_': 1.0, '_a6_': 1.0, '_a7_': 1.0}};{'d0': 0.024905832926332607};-276.475521870160;35.75330439551133
34893;-102.484456539569;(x * ((_a5_ / (_a4_ * _a3_)) + pow2(((x * _a3_) + _a2_))));{'d0': {'_a2_': 0.5732009382751768, '_a3_': 1.8375964954895918, '_a4_': -139.67376846937316, '_a5_': -371.2842172059329, '_a0_': 1.0, '_a1_': 1.0, '_a6_': 1.0, '_a7_': 1.0}};{'d0': 0.024905832926332607};-276.475521870160;35.75330439551133
34894;-104.042543333485;(x * ((_a5_ / exp(_a3_)) + pow2(((x * _a3_) + _a2_))));{'d0': {'_a2_': 0.5732009375515078, '_a3_': 1.8375964946987293, '_a5_': 9.08655584312578, '_a0_': 1.0, '_a1_': 1.0, '_a4_': 1.0, '_a6_': 1.0, '_a7_': 1.0}};{'d0': 0.02490583291941661};-280.569866449044;36.242389891036325
34895;-104.042543333485;(x * ((_a5_ / exp(_a3_)) + pow2(((x * _a3_) + _a2_))));{'d0': {'_a2_': 0.5732009375515078, '_a3_': 1.8375964946987293, '_a5_': 9.08655584312578, '_a0_': 1.0, '_a1_': 1.0, '_a4_': 1.0, '_a6_': 1.0, '_a7_': 1.0}};{'d0': 0.02490583291941661};-280.569866449044;36.242389891036325
34896;-107.361439187034;(x * ((_a5_ / _a6_) + pow2(((x * _a3_) + _a2_))));{'d0': {'_a2_': 0.573200937671778, '_a3_': 1.837596495059574, '_a5_': 354.87112119665267, '_a6_': 245.31797786865775, '_a0_': 1.0, '_a1_': 1.0, '_a4_': 1.0, '_a7_': 1.0}};{'d0': 0.024905832919416653};-276.475521886821;30.876321756376324
34897;-107.361439187034;(x * ((_a5_ / _a6_) + pow2(((x * _a3_) + _a2_))));{'d0': {'_a2_': 0.573200937671778, '_a3_': 1.837596495059574, '_a5_': 354.87112119665267, '_a6_': 245.31797786865775, '_a0_': 1.0, '_a1_': 1.0, '_a4_': 1.0, '_a7_': 1.0}};{'d0': 0.024905832919416653};-276.475521886821;30.876321756376324
34898;-107.361439187034;(x * ((_a5_ / _a6_) + pow2(((x * _a3_) + _a2_))));{'d0': {'_a2_': 0.573200937671778, '_a3_': 1.837596495059574, '_a5_': 354.87112119665267, '_a6_': 245.31797786865775, '_a0_': 1.0, '_a1_': 1.0, '_a4_': 1.0, '_a7_': 1.0}};{'d0': 0.024905832919416653};-276.475521886821;30.876321756376324
34899;-107.361439187034;(x * ((_a5_ / _a6_) + pow2(((x * _a3_) + _a2_))));{'d0': {'_a2_': 0.573200937671778, '_a3_': 1.837596495059574, '_a5_': 354.87112119665267, '_a6_': 245.31797786865775, '_a0_': 1.0, '_a1_': 1.0, '_a4_': 1.0, '_a7_': 1.0}};{'d0': 0.024905832919416653};-276.475521886821;30.876321756376324
34900;-107.361439187034;(x * ((_a5_ / _a6_) + pow2(((x * _a3_) + _a2_))));{'d0': {'_a2_': 0.573200937671778, '_a3_': 1.837596495059574, '_a5_': 354.87112119665267, '_a6_': 245.31797786865775, '_a0_': 1.0, '_a1_': 1.0, '_a4_': 1.0, '_a7_': 1.0}};{'d0': 0.024905832919416653};-276.475521886821;30.876321756376324
34901;-107.361439187034;(x * ((_a5_ / _a6_) + pow2(((x * _a3_) + _a2_))));{'d0': {'_a2_': 0.573200937671778, '_a3_': 1.837596495059574, '_a5_': 354.87112119665267, '_a6_': 245.31797786865775, '_a0_': 1.0, '_a1_': 1.0, '_a4_': 1.0, '_a7_': 1.0}};{'d0': 0.024905832919416653};-276.475521886821;30.876321756376324
34902;-107.361439187034;(x * ((_a5_ / _a6_) + pow2(((x * _a3_) + _a2_))));{'d0': {'_a2_': 0.573200937671778, '_a3_': 1.837596495059574, '_a5_': 354.87112119665267, '_a6_': 245.31797786865775, '_a0_': 1.0, '_a1_': 1.0, '_a4_': 1.0, '_a7_': 1.0}};{'d0': 0.024905832919416653};-276.475521886821;30.876321756376324
34903;-107.361439187034;(x * ((_a5_ / _a6_) + pow2(((x * _a3_) + _a2_))));{'d0': {'_a2_': 0.573200937671778, '_a3_': 1.837596495059574, '_a5_': 354.87112119665267, '_a6_': 245.31797786865775, '_a0_': 1.0, '_a1_': 1.0, '_a4_': 1.0, '_a7_': 1.0}};{'d0': 0.024905832919416653};-276.475521886821;30.876321756376324
34904;-107.361439187034;(x * ((_a5_ / _a6_) + pow2(((x * _a3_) + _a2_))));{'d0': {'_a2_': 0.573200937671778, '_a3_': 1.837596495059574, '_a5_': 354.87112119665267, '_a6_': 245.31797786865775, '_a0_': 1.0, '_a1_': 1.0, '_a4_': 1.0, '_a7_': 1.0}};{'d0': 0.024905832919416653};-276.475521886821;30.876321756376324
34905;-107.361439187034;(x * ((_a5_ / _a6_) + pow2(((x * _a3_) + _a2_))));{'d0': {'_a2_': 0.573200937671778, '_a3_': 1.837596495059574, '_a5_': 354.87112119665267, '_a6_': 245.31797786865775, '_a0_': 1.0, '_a1_': 1.0, '_a4_': 1.0, '_a7_': 1.0}};{'d0': 0.024905832919416653};-276.475521886821;30.876321756376324
34906;-107.361439187034;(x * ((_a5_ / _a6_) + pow2(((x * _a3_) + _a2_))));{'d0': {'_a2_': 0.573200937671778, '_a3_': 1.837596495059574, '_a5_': 354.87112119665267, '_a6_': 245.31797786865775, '_a0_': 1.0, '_a1_': 1.0, '_a4_': 1.0, '_a7_': 1.0}};{'d0': 0.024905832919416653};-276.475521886821;30.876321756376324
34907;-107.361439187034;(x * ((_a5_ / _a6_) + pow2(((x * _a3_) + _a2_))));{'d0': {'_a2_': 0.573200937671778, '_a3_': 1.837596495059574, '_a5_': 354.87112119665267, '_a6_': 245.31797786865775, '_a0_': 1.0, '_a1_': 1.0, '_a4_': 1.0, '_a7_': 1.0}};{'d0': 0.024905832919416653};-276.475521886821;30.876321756376324
34908;-107.361439187034;(x * ((_a5_ / _a6_) + pow2(((x * _a3_) + _a2_))));{'d0': {'_a2_': 0.573200937671778, '_a3_': 1.837596495059574, '_a5_': 354.87112119665267, '_a6_': 245.31797786865775, '_a0_': 1.0, '_a1_': 1.0, '_a4_': 1.0, '_a7_': 1.0}};{'d0': 0.024905832919416653};-276.475521886821;30.876321756376324
34909;-107.361439187034;(x * ((_a5_ / _a6_) + pow2(((x * _a3_) + _a2_))));{'d0': {'_a2_': 0.573200937671778, '_a3_': 1.837596495059574, '_a5_': 354.87112119665267, '_a6_': 245.31797786865775, '_a0_': 1.0, '_a1_': 1.0, '_a4_': 1.0, '_a7_': 1.0}};{'d0': 0.024905832919416653};-276.475521886821;30.876321756376324
34910;-107.361439187034;(x * ((_a5_ / _a6_) + pow2(((x * _a3_) + _a2_))));{'d0': {'_a2_': 0.573200937671778, '_a3_': 1.837596495059574, '_a5_': 354.87112119665267, '_a6_': 245.31797786865775, '_a0_': 1.0, '_a1_': 1.0, '_a4_': 1.0, '_a7_': 1.0}};{'d0': 0.024905832919416653};-276.475521886821;30.876321756376324
34911;-107.361439187034;(x * ((_a5_ / _a6_) + pow2(((x * _a3_) + _a2_))));{'d0': {'_a2_': 0.573200937671778, '_a3_': 1.837596495059574, '_a5_': 354.87112119665267, '_a6_': 245.31797786865775, '_a0_': 1.0, '_a1_': 1.0, '_a4_': 1.0, '_a7_': 1.0}};{'d0': 0.024905832919416653};-276.475521886821;30.876321756376324
34912;-107.361439187034;(x * ((_a5_ / _a6_) + pow2(((x * _a3_) + _a2_))));{'d0': {'_a2_': 0.573200937671778, '_a3_': 1.837596495059574, '_a5_': 354.87112119665267, '_a6_': 245.31797786865775, '_a0_': 1.0, '_a1_': 1.0, '_a4_': 1.0, '_a7_': 1.0}};{'d0': 0.024905832919416653};-276.475521886821;30.876321756376324
34913;-109.869040224028;(x * (sqrt(_a1_) + pow2(((x * _a3_) + _a2_))));{'d0': {'_a1_': 2.0925823823444936, '_a2_': 0.5732009376139267, '_a3_': 1.8375964948526633, '_a0_': 1.0, '_a4_': 1.0, '_a5_': 1.0, '_a6_': 1.0, '_a7_': 1.0}};{'d0': 0.024905832919416688};-280.569866449043;30.415893000493924
34914;-109.869040224028;(x * (sqrt(_a1_) + pow2(((x * _a3_) + _a2_))));{'d0': {'_a1_': 2.0925823823444936, '_a2_': 0.5732009376139267, '_a3_': 1.8375964948526633, '_a0_': 1.0, '_a4_': 1.0, '_a5_': 1.0, '_a6_': 1.0, '_a7_': 1.0}};{'d0': 0.024905832919416688};-280.569866449043;30.415893000493924
34915;-109.869040224028;(x * (sqrt(_a1_) + pow2(((x * _a3_) + _a2_))));{'d0': {'_a1_': 2.0925823823444936, '_a2_': 0.5732009376139267, '_a3_': 1.8375964948526633, '_a0_': 1.0, '_a4_': 1.0, '_a5_': 1.0, '_a6_': 1.0, '_a7_': 1.0}};{'d0': 0.024905832919416688};-280.569866449043;30.415893000493924
34916;-109.869040224028;(x * (sqrt(_a1_) + pow2(((x * _a3_) + _a2_))));{'d0': {'_a1_': 2.0925823823444936, '_a2_': 0.5732009376139267, '_a3_': 1.8375964948526633, '_a0_': 1.0, '_a4_': 1.0, '_a5_': 1.0, '_a6_': 1.0, '_a7_': 1.0}};{'d0': 0.024905832919416688};-280.569866449043;30.415893000493924
34917;-109.869040224028;(x * (sqrt(_a1_) + pow2(((x * _a3_) + _a2_))));{'d0': {'_a1_': 2.0925823823444936, '_a2_': 0.5732009376139267, '_a3_': 1.8375964948526633, '_a0_': 1.0, '_a4_': 1.0, '_a5_': 1.0, '_a6_': 1.0, '_a7_': 1.0}};{'d0': 0.024905832919416688};-280.569866449043;30.415893000493924
34918;-109.869040224028;(x * (sqrt(_a1_) + pow2(((x * _a3_) + _a2_))));{'d0': {'_a1_': 2.0925823823444936, '_a2_': 0.5732009376139267, '_a3_': 1.8375964948526633, '_a0_': 1.0, '_a4_': 1.0, '_a5_': 1.0, '_a6_': 1.0, '_a7_': 1.0}};{'d0': 0.024905832919416688};-280.569866449043;30.415893000493924
34919;-82.4063577449801;((_a3_ * (x * ((x * x) + ((_a4_ + (_a2_ + x)) / (_a7_ / _a5_))))) * (_a3_ * _a3_));{'d0': {'_a2_': 0.858544005958911, '_a3_': 1.5002608188846955, '_a4_': -0.01589939426988307, '_a5_': 334.2800032297549, '_a7_': 535.8258458673297, '_a0_': 1.0, '_a1_': 1.0, '_a6_': 1.0}};{'d0': 0.024905832919420688};-272.381177324590;53.784230917314645
34920;-80.7735828657953;((_a3_ * (x * ((x * x) + ((_a4_ + (_a2_ + x)) / (-(_a3_) / _a5_))))) * (_a3_ * _a3_));{'d0': {'_a2_': 7.052334126285646, '_a3_': 1.5002608201906316, '_a4_': -6.209689532974442, '_a5_': -0.9359518424210512, '_a0_': 1.0, '_a1_': 1.0, '_a6_': 1.0, '_a7_': 1.0}};{'d0': 0.024905832919450165};-276.475521886741;57.464178077575035
34921;-80.7735828657953;((_a3_ * (x * ((x * x) + ((_a4_ + (_a2_ + x)) / (-(_a3_) / _a5_))))) * (_a3_ * _a3_));{'d0': {'_a2_': 7.052334126285646, '_a3_': 1.5002608201906316, '_a4_': -6.209689532974442, '_a5_': -0.9359518424210512, '_a0_': 1.0, '_a1_': 1.0, '_a6_': 1.0, '_a7_': 1.0}};{'d0': 0.024905832919450165};-276.475521886741;57.464178077575035
34922;-80.7735828657953;((_a3_ * (x * ((x * x) + ((_a4_ + (_a2_ + x)) / (-(_a3_) / _a5_))))) * (_a3_ * _a3_));{'d0': {'_a2_': 7.052334126285646, '_a3_': 1.5002608201906316, '_a4_': -6.209689532974442, '_a5_': -0.9359518424210512, '_a0_': 1.0, '_a1_': 1.0, '_a6_': 1.0, '_a7_': 1.0}};{'d0': 0.024905832919450165};-276.475521886741;57.464178077575035
34923;-80.7735828657953;((_a3_ * (x * ((x * x) + ((_a4_ + (_a2_ + x)) / (-(_a3_) / _a5_))))) * (_a3_ * _a3_));{'d0': {'_a2_': 7.052334126285646, '_a3_': 1.5002608201906316, '_a4_': -6.209689532974442, '_a5_': -0.9359518424210512, '_a0_': 1.0, '_a1_': 1.0, '_a6_': 1.0, '_a7_': 1.0}};{'d0': 0.024905832919450165};-276.475521886741;57.464178077575035
34924;-80.7735828658349;((_a3_ * (x * ((x * x) + ((_a4_ + (_a2_ + x)) / (-(_a3_) / _a5_))))) * (_a3_ * _a5_));{'d0': {'_a2_': -683.0960906840994, '_a3_': -1.75578442087809, '_a4_': 683.9387352912786, '_a5_': 1.0953626427359586, '_a0_': 1.0, '_a1_': 1.0, '_a6_': 1.0, '_a7_': 1.0}};{'d0': 0.024905832919417236};-276.475521886820;57.464178077575035
34925;-80.7735828658349;((_a3_ * (x * ((x * x) + ((_a4_ + (_a2_ + x)) / (-(_a3_) / _a5_))))) * (_a3_ * _a5_));{'d0': {'_a2_': -683.0960906840994, '_a3_': -1.75578442087809, '_a4_': 683.9387352912786, '_a5_': 1.0953626427359586, '_a0_': 1.0, '_a1_': 1.0, '_a6_': 1.0, '_a7_': 1.0}};{'d0': 0.024905832919417236};-276.475521886820;57.464178077575035
34926;-80.7735828658349;((_a3_ * (x * ((x * x) + ((_a4_ + (_a2_ + x)) / (-(_a3_) / _a5_))))) * (_a3_ * _a5_));{'d0': {'_a2_': -683.0960906840994, '_a3_': -1.75578442087809, '_a4_': 683.9387352912786, '_a5_': 1.0953626427359586, '_a0_': 1.0, '_a1_': 1.0, '_a6_': 1.0, '_a7_': 1.0}};{'d0': 0.024905832919417236};-276.475521886820;57.464178077575035
34927;-80.7735828658349;((_a3_ * (x * ((x * x) + ((_a4_ + (_a2_ + x)) / (-(_a3_) / _a5_))))) * (_a3_ * _a5_));{'d0': {'_a2_': -683.0960906840994, '_a3_': -1.75578442087809, '_a4_': 683.9387352912786, '_a5_': 1.0953626427359586, '_a0_': 1.0, '_a1_': 1.0, '_a6_': 1.0, '_a7_': 1.0}};{'d0': 0.024905832919417236};-276.475521886820;57.464178077575035
34928;-82.8207551469468;((_a3_ * (x * ((x * x) + ((_a5_ + (_a2_ + x)) / (-(_a3_) / _a5_))))) * (_a3_ * _a5_));{'d0': {'_a2_': -0.2527180388303353, '_a3_': -1.7557844208716744, '_a5_': 1.0953626428827714, '_a0_': 1.0, '_a1_': 1.0, '_a4_': 1.0, '_a6_': 1.0, '_a7_': 1.0}};{'d0': 0.02490583291941659};-280.569866449044;57.464178077575035
34929;-109.869040224028;(x * (sqrt(_a1_) + pow2(((x * _a3_) + _a2_))));{'d0': {'_a1_': 2.0925823823444936, '_a2_': 0.5732009376139267, '_a3_': 1.8375964948526633, '_a0_': 1.0, '_a4_': 1.0, '_a5_': 1.0, '_a6_': 1.0, '_a7_': 1.0}};{'d0': 0.024905832919416688};-280.569866449043;30.415893000493924
34930;-109.869040224028;(x * (sqrt(_a1_) + pow2(((x * _a3_) + _a2_))));{'d0': {'_a1_': 2.0925823823444936, '_a2_': 0.5732009376139267, '_a3_': 1.8375964948526633, '_a0_': 1.0, '_a4_': 1.0, '_a5_': 1.0, '_a6_': 1.0, '_a7_': 1.0}};{'d0': 0.024905832919416688};-280.569866449043;30.415893000493924
34931;-109.869040224028;(x * (sqrt(_a1_) + pow2(((x * _a3_) + _a2_))));{'d0': {'_a1_': 2.0925823823444936, '_a2_': 0.5732009376139267, '_a3_': 1.8375964948526633, '_a0_': 1.0, '_a4_': 1.0, '_a5_': 1.0, '_a6_': 1.0, '_a7_': 1.0}};{'d0': 0.024905832919416688};-280.569866449043;30.415893000493924
34932;-109.869040224028;(x * (sqrt(_a1_) + pow2(((x * _a3_) + _a2_))));{'d0': {'_a1_': 2.0925823823444936, '_a2_': 0.5732009376139267, '_a3_': 1.8375964948526633, '_a0_': 1.0, '_a4_': 1.0, '_a5_': 1.0, '_a6_': 1.0, '_a7_': 1.0}};{'d0': 0.024905832919416688};-280.569866449043;30.415893000493924
34933;-109.869040224028;(x * (sqrt(_a1_) + pow2(((x * _a3_) + _a2_))));{'d0': {'_a1_': 2.0925823823444936, '_a2_': 0.5732009376139267, '_a3_': 1.8375964948526633, '_a0_': 1.0, '_a4_': 1.0, '_a5_': 1.0, '_a6_': 1.0, '_a7_': 1.0}};{'d0': 0.024905832919416688};-280.569866449043;30.415893000493924
34934;-109.869040224028;(x * (sqrt(_a1_) + pow2(((x * _a3_) + _a2_))));{'d0': {'_a1_': 2.0925823823444936, '_a2_': 0.5732009376139267, '_a3_': 1.8375964948526633, '_a0_': 1.0, '_a4_': 1.0, '_a5_': 1.0, '_a6_': 1.0, '_a7_': 1.0}};{'d0': 0.024905832919416688};-280.569866449043;30.415893000493924
34935;-109.869040224028;(x * (sqrt(_a1_) + pow2(((x * _a3_) + _a2_))));{'d0': {'_a1_': 2.0925823823444936, '_a2_': 0.5732009376139267, '_a3_': 1.8375964948526633, '_a0_': 1.0, '_a4_': 1.0, '_a5_': 1.0, '_a6_': 1.0, '_a7_': 1.0}};{'d0': 0.024905832919416688};-280.569866449043;30.415893000493924
34936;-109.869040224028;(x * (sqrt(_a1_) + pow2(((x * _a3_) + _a2_))));{'d0': {'_a1_': 2.0925823823444936, '_a2_': 0.5732009376139267, '_a3_': 1.8375964948526633, '_a0_': 1.0, '_a4_': 1.0, '_a5_': 1.0, '_a6_': 1.0, '_a7_': 1.0}};{'d0': 0.024905832919416688};-280.569866449043;30.415893000493924
34937;-109.869040224028;(x * (sqrt(_a1_) + pow2(((x * _a3_) + _a2_))));{'d0': {'_a1_': 2.0925823823444936, '_a2_': 0.5732009376139267, '_a3_': 1.8375964948526633, '_a0_': 1.0, '_a4_': 1.0, '_a5_': 1.0, '_a6_': 1.0, '_a7_': 1.0}};{'d0': 0.024905832919416688};-280.569866449043;30.415893000493924
34938;-109.869040224028;(x * (sqrt(_a1_) + pow2(((x * _a3_) + _a2_))));{'d0': {'_a1_': 2.0925823823444936, '_a2_': 0.5732009376139267, '_a3_': 1.8375964948526633, '_a0_': 1.0, '_a4_': 1.0, '_a5_': 1.0, '_a6_': 1.0, '_a7_': 1.0}};{'d0': 0.024905832919416688};-280.569866449043;30.415893000493924
34939;-99.4799669332753;(((_a1_ * _a7_) + (((_a7_ + (x + x)) * -(_a2_)) * x)) * x);{'d0': {'_a1_': 1.4227046671709553, '_a2_': -1.6883804386779455, '_a7_': 1.2477188314181653, '_a0_': 1.0, '_a3_': 1.0, '_a4_': 1.0, '_a5_': 1.0, '_a6_': 1.0}};{'d0': 0.024905832919416622};-280.569866449044;40.804966291246444
34940;-99.4799669332753;(((_a1_ * _a7_) + (((_a7_ + (x + x)) * -(_a2_)) * x)) * x);{'d0': {'_a1_': 1.4227046671709553, '_a2_': -1.6883804386779455, '_a7_': 1.2477188314181653, '_a0_': 1.0, '_a3_': 1.0, '_a4_': 1.0, '_a5_': 1.0, '_a6_': 1.0}};{'d0': 0.024905832919416622};-280.569866449044;40.804966291246444
34941;-99.4799669332753;(((_a1_ * _a7_) + (((_a7_ + (x + x)) * -(_a2_)) * x)) * x);{'d0': {'_a1_': 1.4227046671709553, '_a2_': -1.6883804386779455, '_a7_': 1.2477188314181653, '_a0_': 1.0, '_a3_': 1.0, '_a4_': 1.0, '_a5_': 1.0, '_a6_': 1.0}};{'d0': 0.024905832919416622};-280.569866449044;40.804966291246444
34942;-99.4799669332753;(((_a1_ * _a7_) + (((_a7_ + (x + x)) * -(_a2_)) * x)) * x);{'d0': {'_a1_': 1.4227046671709553, '_a2_': -1.6883804386779455, '_a7_': 1.2477188314181653, '_a0_': 1.0, '_a3_': 1.0, '_a4_': 1.0, '_a5_': 1.0, '_a6_': 1.0}};{'d0': 0.024905832919416622};-280.569866449044;40.804966291246444
34943;-99.4799669332753;(((_a1_ * _a7_) + (((_a7_ + (x + x)) * -(_a2_)) * x)) * x);{'d0': {'_a1_': 1.4227046671709553, '_a2_': -1.6883804386779455, '_a7_': 1.2477188314181653, '_a0_': 1.0, '_a3_': 1.0, '_a4_': 1.0, '_a5_': 1.0, '_a6_': 1.0}};{'d0': 0.024905832919416622};-280.569866449044;40.804966291246444
34944;-99.4799669332753;(((_a1_ * _a7_) + (((_a7_ + (x + x)) * -(_a2_)) * x)) * x);{'d0': {'_a1_': 1.4227046671709553, '_a2_': -1.6883804386779455, '_a7_': 1.2477188314181653, '_a0_': 1.0, '_a3_': 1.0, '_a4_': 1.0, '_a5_': 1.0, '_a6_': 1.0}};{'d0': 0.024905832919416622};-280.569866449044;40.804966291246444
34945;-99.4799669332753;(((_a1_ * _a7_) + (((_a7_ + (x + x)) * -(_a2_)) * x)) * x);{'d0': {'_a1_': 1.4227046671709553, '_a2_': -1.6883804386779455, '_a7_': 1.2477188314181653, '_a0_': 1.0, '_a3_': 1.0, '_a4_': 1.0, '_a5_': 1.0, '_a6_': 1.0}};{'d0': 0.024905832919416622};-280.569866449044;40.804966291246444
34946;-99.4799669332753;(((_a3_ * _a7_) + (((_a7_ + (x + x)) * -(_a2_)) * x)) * x);{'d0': {'_a2_': -1.6883804385752048, '_a3_': 1.4227046671938095, '_a7_': 1.2477188313780994, '_a0_': 1.0, '_a1_': 1.0, '_a4_': 1.0, '_a5_': 1.0, '_a6_': 1.0}};{'d0': 0.024905832919416643};-280.569866449044;40.804966291246444
34947;-99.4799669332753;(((_a3_ * _a7_) + (((_a7_ + (x + x)) * -(_a2_)) * x)) * x);{'d0': {'_a2_': -1.6883804385752048, '_a3_': 1.4227046671938095, '_a7_': 1.2477188313780994, '_a0_': 1.0, '_a1_': 1.0, '_a4_': 1.0, '_a5_': 1.0, '_a6_': 1.0}};{'d0': 0.024905832919416643};-280.569866449044;40.804966291246444
34948;-99.4799669332753;(((_a3_ * _a7_) + (((_a7_ + (x + x)) * -(_a2_)) * x)) * x);{'d0': {'_a2_': -1.6883804385752048, '_a3_': 1.4227046671938095, '_a7_': 1.2477188313780994, '_a0_': 1.0, '_a1_': 1.0, '_a4_': 1.0, '_a5_': 1.0, '_a6_': 1.0}};{'d0': 0.024905832919416643};-280.569866449044;40.804966291246444
34949;-99.4799669332753;(((_a3_ * _a7_) + (((_a7_ + (x + x)) * -(_a2_)) * x)) * x);{'d0': {'_a2_': -1.6883804385752048, '_a3_': 1.4227046671938095, '_a7_': 1.2477188313780994, '_a0_': 1.0, '_a1_': 1.0, '_a4_': 1.0, '_a5_': 1.0, '_a6_': 1.0}};{'d0': 0.024905832919416643};-280.569866449044;40.804966291246444
34950;-99.4799669332753;(((_a3_ * _a7_) + (((_a7_ + (x + x)) * -(_a2_)) * x)) * x);{'d0': {'_a2_': -1.6883804385752048, '_a3_': 1.4227046671938095, '_a7_': 1.2477188313780994, '_a0_': 1.0, '_a1_': 1.0, '_a4_': 1.0, '_a5_': 1.0, '_a6_': 1.0}};{'d0': 0.024905832919416643};-280.569866449044;40.804966291246444
34951;-99.4799669332753;(((_a3_ * _a7_) + (((_a7_ + (x + x)) * -(_a2_)) * x)) * x);{'d0': {'_a2_': -1.6883804385752048, '_a3_': 1.4227046671938095, '_a7_': 1.2477188313780994, '_a0_': 1.0, '_a1_': 1.0, '_a4_': 1.0, '_a5_': 1.0, '_a6_': 1.0}};{'d0': 0.024905832919416643};-280.569866449044;40.804966291246444
34952;-98.6290150923299;(((_a3_ / _a7_) + (((_a7_ + (x + x)) * -(_a2_)) * x)) * x);{'d0': {'_a2_': -1.6883804390587247, '_a3_': 2.2148698715277715, '_a7_': 1.2477188310565799, '_a0_': 1.0, '_a1_': 1.0, '_a4_': 1.0, '_a5_': 1.0, '_a6_': 1.0}};{'d0': 0.024905832919416615};-280.569866449044;41.65591813219184
34953;-98.6290150923299;(((_a3_ / _a7_) + (((_a7_ + (x + x)) * -(_a2_)) * x)) * x);{'d0': {'_a2_': -1.6883804390587247, '_a3_': 2.2148698715277715, '_a7_': 1.2477188310565799, '_a0_': 1.0, '_a1_': 1.0, '_a4_': 1.0, '_a5_': 1.0, '_a6_': 1.0}};{'d0': 0.024905832919416615};-280.569866449044;41.65591813219184
34954;-98.6290150923299;(((_a3_ / _a7_) + (((_a7_ + (x + x)) * -(_a2_)) * x)) * x);{'d0': {'_a2_': -1.6883804390587247, '_a3_': 2.2148698715277715, '_a7_': 1.2477188310565799, '_a0_': 1.0, '_a1_': 1.0, '_a4_': 1.0, '_a5_': 1.0, '_a6_': 1.0}};{'d0': 0.024905832919416615};-280.569866449044;41.65591813219184
34955;-97.6687749233177;(((_a3_ / _a7_) + (((_a7_ + (x + x)) / -(_a2_)) * x)) * x);{'d0': {'_a2_': -0.5922835736659431, '_a3_': 2.2148698709125867, '_a7_': 1.2477188308267446, '_a0_': 1.0, '_a1_': 1.0, '_a4_': 1.0, '_a5_': 1.0, '_a6_': 1.0}};{'d0': 0.024905832919416636};-280.569866449044;42.616158301204045
34956;-97.6687749233177;(((_a3_ / _a7_) + (((_a7_ + (x + x)) / -(_a2_)) * x)) * x);{'d0': {'_a2_': -0.5922835736659431, '_a3_': 2.2148698709125867, '_a7_': 1.2477188308267446, '_a0_': 1.0, '_a1_': 1.0, '_a4_': 1.0, '_a5_': 1.0, '_a6_': 1.0}};{'d0': 0.024905832919416636};-280.569866449044;42.616158301204045
34957;-97.6687749233177;(((_a3_ / _a7_) + (((_a7_ + (x + x)) / -(_a2_)) * x)) * x);{'d0': {'_a2_': -0.5922835736659431, '_a3_': 2.2148698709125867, '_a7_': 1.2477188308267446, '_a0_': 1.0, '_a1_': 1.0, '_a4_': 1.0, '_a5_': 1.0, '_a6_': 1.0}};{'d0': 0.024905832919416636};-280.569866449044;42.616158301204045
34958;-98.1399295968049;((exp(_a6_) + (((_a7_ + (x + x)) / -(_a2_)) * x)) * x);{'d0': {'_a2_': -0.5922835734054515, '_a6_': 0.573876703790882, '_a7_': 1.2477188307516252, '_a0_': 1.0, '_a1_': 1.0, '_a3_': 1.0, '_a4_': 1.0, '_a5_': 1.0}};{'d0': 0.024905832919416636};-280.569866449044;42.14500362771685
34959;-109.869040224028;(x * (sqrt(_a1_) + pow2(((x * _a3_) + _a2_))));{'d0': {'_a1_': 2.0925823823444936, '_a2_': 0.5732009376139267, '_a3_': 1.8375964948526633, '_a0_': 1.0, '_a4_': 1.0, '_a5_': 1.0, '_a6_': 1.0, '_a7_': 1.0}};{'d0': 0.024905832919416688};-280.569866449043;30.415893000493924
34960;-98.1399295968049;((exp(_a6_) + (((_a7_ + (x + x)) / -(_a2_)) * x)) * x);{'d0': {'_a2_': -0.5922835734054515, '_a6_': 0.573876703790882, '_a7_': 1.2477188307516252, '_a0_': 1.0, '_a1_': 1.0, '_a3_': 1.0, '_a4_': 1.0, '_a5_': 1.0}};{'d0': 0.024905832919416636};-280.569866449044;42.14500362771685
34961;-98.1399295968049;((exp(_a6_) + (((_a7_ + (x + x)) / -(_a2_)) * x)) * x);{'d0': {'_a2_': -0.5922835734054515, '_a6_': 0.573876703790882, '_a7_': 1.2477188307516252, '_a0_': 1.0, '_a1_': 1.0, '_a3_': 1.0, '_a4_': 1.0, '_a5_': 1.0}};{'d0': 0.024905832919416636};-280.569866449044;42.14500362771685
34962;-98.1399295968049;((exp(_a6_) + (((_a7_ + (x + x)) / -(_a2_)) * x)) * x);{'d0': {'_a2_': -0.5922835734054515, '_a6_': 0.573876703790882, '_a7_': 1.2477188307516252, '_a0_': 1.0, '_a1_': 1.0, '_a3_': 1.0, '_a4_': 1.0, '_a5_': 1.0}};{'d0': 0.024905832919416636};-280.569866449044;42.14500362771685
34963;-98.1399295968049;((exp(_a6_) + (((_a7_ + (x + x)) / -(_a2_)) * x)) * x);{'d0': {'_a2_': -0.5922835734054515, '_a6_': 0.573876703790882, '_a7_': 1.2477188307516252, '_a0_': 1.0, '_a1_': 1.0, '_a3_': 1.0, '_a4_': 1.0, '_a5_': 1.0}};{'d0': 0.024905832919416636};-280.569866449044;42.14500362771685
34964;-98.1399295968049;((exp(_a6_) + (((_a7_ + (x + x)) / -(_a2_)) * x)) * x);{'d0': {'_a2_': -0.5922835734054515, '_a6_': 0.573876703790882, '_a7_': 1.2477188307516252, '_a0_': 1.0, '_a1_': 1.0, '_a3_': 1.0, '_a4_': 1.0, '_a5_': 1.0}};{'d0': 0.024905832919416636};-280.569866449044;42.14500362771685
34965;-98.1399295968049;((exp(_a6_) + (((_a7_ + (x + x)) / -(_a2_)) * x)) * x);{'d0': {'_a2_': -0.5922835734054515, '_a6_': 0.573876703790882, '_a7_': 1.2477188307516252, '_a0_': 1.0, '_a1_': 1.0, '_a3_': 1.0, '_a4_': 1.0, '_a5_': 1.0}};{'d0': 0.024905832919416636};-280.569866449044;42.14500362771685
34966;-98.1399295968049;((exp(_a6_) + (((_a7_ + (x + x)) / -(_a2_)) * x)) * x);{'d0': {'_a2_': -0.5922835734054515, '_a6_': 0.573876703790882, '_a7_': 1.2477188307516252, '_a0_': 1.0, '_a1_': 1.0, '_a3_': 1.0, '_a4_': 1.0, '_a5_': 1.0}};{'d0': 0.024905832919416636};-280.569866449044;42.14500362771685
34967;-98.1399295968049;((exp(_a6_) + (((_a7_ + (x + x)) / -(_a2_)) * x)) * x);{'d0': {'_a2_': -0.5922835734054515, '_a6_': 0.573876703790882, '_a7_': 1.2477188307516252, '_a0_': 1.0, '_a1_': 1.0, '_a3_': 1.0, '_a4_': 1.0, '_a5_': 1.0}};{'d0': 0.024905832919416636};-280.569866449044;42.14500362771685
34968;-104.060530645835;((exp(_a6_) + (((_a7_ + x) / -(_a2_)) * x)) * x);{'d0': {'_a2_': -0.29614178682009523, '_a6_': 0.5738767042676982, '_a7_': 0.6238594156167249, '_a0_': 1.0, '_a1_': 1.0, '_a3_': 1.0, '_a4_': 1.0, '_a5_': 1.0}};{'d0': 0.024905832919416646};-280.569866449044;36.22440257868685
34969;-104.060530645835;((exp(_a6_) + (((_a7_ + x) / -(_a2_)) * x)) * x);{'d0': {'_a2_': -0.29614178682009523, '_a6_': 0.5738767042676982, '_a7_': 0.6238594156167249, '_a0_': 1.0, '_a1_': 1.0, '_a3_': 1.0, '_a4_': 1.0, '_a5_': 1.0}};{'d0': 0.024905832919416646};-280.569866449044;36.22440257868685
34970;-104.060530645835;((exp(_a6_) + (((_a7_ + x) / -(_a2_)) * x)) * x);{'d0': {'_a2_': -0.29614178682009523, '_a6_': 0.5738767042676982, '_a7_': 0.6238594156167249, '_a0_': 1.0, '_a1_': 1.0, '_a3_': 1.0, '_a4_': 1.0, '_a5_': 1.0}};{'d0': 0.024905832919416646};-280.569866449044;36.22440257868685
34971;-104.060530645835;((exp(_a6_) + (((_a7_ + x) / -(_a2_)) * x)) * x);{'d0': {'_a2_': -0.29614178682009523, '_a6_': 0.5738767042676982, '_a7_': 0.6238594156167249, '_a0_': 1.0, '_a1_': 1.0, '_a3_': 1.0, '_a4_': 1.0, '_a5_': 1.0}};{'d0': 0.024905832919416646};-280.569866449044;36.22440257868685
34972;-104.060530645835;((exp(_a6_) + (((_a7_ + x) / -(_a2_)) * x)) * x);{'d0': {'_a2_': -0.29614178682009523, '_a6_': 0.5738767042676982, '_a7_': 0.6238594156167249, '_a0_': 1.0, '_a1_': 1.0, '_a3_': 1.0, '_a4_': 1.0, '_a5_': 1.0}};{'d0': 0.024905832919416646};-280.569866449044;36.22440257868685
34973;-104.060530645835;((exp(_a6_) + (((_a7_ + x) / -(_a2_)) * x)) * x);{'d0': {'_a2_': -0.29614178682009523, '_a6_': 0.5738767042676982, '_a7_': 0.6238594156167249, '_a0_': 1.0, '_a1_': 1.0, '_a3_': 1.0, '_a4_': 1.0, '_a5_': 1.0}};{'d0': 0.024905832919416646};-280.569866449044;36.22440257868685
34974;-104.060530645835;((exp(_a6_) + (((_a7_ + x) / -(_a2_)) * x)) * x);{'d0': {'_a2_': -0.29614178682009523, '_a6_': 0.5738767042676982, '_a7_': 0.6238594156167249, '_a0_': 1.0, '_a1_': 1.0, '_a3_': 1.0, '_a4_': 1.0, '_a5_': 1.0}};{'d0': 0.024905832919416646};-280.569866449044;36.22440257868685
34975;-104.060530645835;((exp(_a6_) + (((_a7_ + x) / -(_a2_)) * x)) * x);{'d0': {'_a2_': -0.29614178682009523, '_a6_': 0.5738767042676982, '_a7_': 0.6238594156167249, '_a0_': 1.0, '_a1_': 1.0, '_a3_': 1.0, '_a4_': 1.0, '_a5_': 1.0}};{'d0': 0.024905832919416646};-280.569866449044;36.22440257868685
34976;-104.060530645835;((exp(_a6_) + (((_a7_ + x) / -(_a2_)) * x)) * x);{'d0': {'_a2_': -0.29614178682009523, '_a6_': 0.5738767042676982, '_a7_': 0.6238594156167249, '_a0_': 1.0, '_a1_': 1.0, '_a3_': 1.0, '_a4_': 1.0, '_a5_': 1.0}};{'d0': 0.024905832919416646};-280.569866449044;36.22440257868685
34977;-104.060530645835;((exp(_a6_) + (((_a7_ + x) / -(_a2_)) * x)) * x);{'d0': {'_a2_': -0.29614178682009523, '_a6_': 0.5738767042676982, '_a7_': 0.6238594156167249, '_a0_': 1.0, '_a1_': 1.0, '_a3_': 1.0, '_a4_': 1.0, '_a5_': 1.0}};{'d0': 0.024905832919416646};-280.569866449044;36.22440257868685
34978;-104.060530645835;((exp(_a6_) + (((_a7_ + x) / -(_a2_)) * x)) * x);{'d0': {'_a2_': -0.29614178682009523, '_a6_': 0.5738767042676982, '_a7_': 0.6238594156167249, '_a0_': 1.0, '_a1_': 1.0, '_a3_': 1.0, '_a4_': 1.0, '_a5_': 1.0}};{'d0': 0.024905832919416646};-280.569866449044;36.22440257868685
34979;-104.060530645835;((exp(_a6_) + (((_a7_ + x) / -(_a2_)) * x)) * x);{'d0': {'_a2_': -0.29614178682009523, '_a6_': 0.5738767042676982, '_a7_': 0.6238594156167249, '_a0_': 1.0, '_a1_': 1.0, '_a3_': 1.0, '_a4_': 1.0, '_a5_': 1.0}};{'d0': 0.024905832919416646};-280.569866449044;36.22440257868685
34980;-104.060530645835;((exp(_a6_) + (((_a7_ + x) / -(_a2_)) * x)) * x);{'d0': {'_a2_': -0.29614178682009523, '_a6_': 0.5738767042676982, '_a7_': 0.6238594156167249, '_a0_': 1.0, '_a1_': 1.0, '_a3_': 1.0, '_a4_': 1.0, '_a5_': 1.0}};{'d0': 0.024905832919416646};-280.569866449044;36.22440257868685
34981;-104.060530645835;((exp(_a6_) + (((_a7_ + x) / -(_a2_)) * x)) * x);{'d0': {'_a2_': -0.29614178682009523, '_a6_': 0.5738767042676982, '_a7_': 0.6238594156167249, '_a0_': 1.0, '_a1_': 1.0, '_a3_': 1.0, '_a4_': 1.0, '_a5_': 1.0}};{'d0': 0.024905832919416646};-280.569866449044;36.22440257868685
34982;-104.060530645835;((exp(_a6_) + (((_a7_ + x) / -(_a2_)) * x)) * x);{'d0': {'_a2_': -0.29614178682009523, '_a6_': 0.5738767042676982, '_a7_': 0.6238594156167249, '_a0_': 1.0, '_a1_': 1.0, '_a3_': 1.0, '_a4_': 1.0, '_a5_': 1.0}};{'d0': 0.024905832919416646};-280.569866449044;36.22440257868685
34983;-104.060530645835;((exp(_a6_) + (((_a7_ + x) / -(_a2_)) * x)) * x);{'d0': {'_a2_': -0.29614178682009523, '_a6_': 0.5738767042676982, '_a7_': 0.6238594156167249, '_a0_': 1.0, '_a1_': 1.0, '_a3_': 1.0, '_a4_': 1.0, '_a5_': 1.0}};{'d0': 0.024905832919416646};-280.569866449044;36.22440257868685
34984;-104.060530645835;((exp(_a6_) + (((_a7_ + x) / -(_a2_)) * x)) * x);{'d0': {'_a2_': -0.29614178682009523, '_a6_': 0.5738767042676982, '_a7_': 0.6238594156167249, '_a0_': 1.0, '_a1_': 1.0, '_a3_': 1.0, '_a4_': 1.0, '_a5_': 1.0}};{'d0': 0.024905832919416646};-280.569866449044;36.22440257868685
34985;-104.060530645835;((exp(_a6_) + (((_a7_ + x) / -(_a2_)) * x)) * x);{'d0': {'_a2_': -0.29614178682009523, '_a6_': 0.5738767042676982, '_a7_': 0.6238594156167249, '_a0_': 1.0, '_a1_': 1.0, '_a3_': 1.0, '_a4_': 1.0, '_a5_': 1.0}};{'d0': 0.024905832919416646};-280.569866449044;36.22440257868685
34986;-104.060530645835;((exp(_a6_) + (((_a7_ + x) / -(_a2_)) * x)) * x);{'d0': {'_a2_': -0.29614178682009523, '_a6_': 0.5738767042676982, '_a7_': 0.6238594156167249, '_a0_': 1.0, '_a1_': 1.0, '_a3_': 1.0, '_a4_': 1.0, '_a5_': 1.0}};{'d0': 0.024905832919416646};-280.569866449044;36.22440257868685
34987;-104.060530645835;((exp(_a6_) + (((_a7_ + x) / -(_a2_)) * x)) * x);{'d0': {'_a2_': -0.29614178682009523, '_a6_': 0.5738767042676982, '_a7_': 0.6238594156167249, '_a0_': 1.0, '_a1_': 1.0, '_a3_': 1.0, '_a4_': 1.0, '_a5_': 1.0}};{'d0': 0.024905832919416646};-280.569866449044;36.22440257868685
34988;-104.060530645835;((exp(_a6_) + (((_a7_ + x) / -(_a2_)) * x)) * x);{'d0': {'_a2_': -0.29614178682009523, '_a6_': 0.5738767042676982, '_a7_': 0.6238594156167249, '_a0_': 1.0, '_a1_': 1.0, '_a3_': 1.0, '_a4_': 1.0, '_a5_': 1.0}};{'d0': 0.024905832919416646};-280.569866449044;36.22440257868685
34989;-104.060530645835;((exp(_a6_) + (((_a7_ + x) / -(_a2_)) * x)) * x);{'d0': {'_a2_': -0.29614178682009523, '_a6_': 0.5738767042676982, '_a7_': 0.6238594156167249, '_a0_': 1.0, '_a1_': 1.0, '_a3_': 1.0, '_a4_': 1.0, '_a5_': 1.0}};{'d0': 0.024905832919416646};-280.569866449044;36.22440257868685
34990;-104.060530645835;((exp(_a6_) + (((_a7_ + x) / -(_a2_)) * x)) * x);{'d0': {'_a2_': -0.29614178682009523, '_a6_': 0.5738767042676982, '_a7_': 0.6238594156167249, '_a0_': 1.0, '_a1_': 1.0, '_a3_': 1.0, '_a4_': 1.0, '_a5_': 1.0}};{'d0': 0.024905832919416646};-280.569866449044;36.22440257868685
34991;-105.382580669956;((_a6_ * (pow2(((_a5_ * x) + (_a6_ * _a3_))) + _a5_)) * x);{'d0': {'_a3_': 1.1749882067994963, '_a5_': 2.334312661662345, '_a6_': 0.6197010848381599, '_a0_': 1.0, '_a1_': 1.0, '_a2_': 1.0, '_a4_': 1.0, '_a7_': 1.0}};{'d0': 0.02490583291941661};-280.569866449044;34.90235255456607
34992;-105.382580669956;((_a6_ * (pow2(((_a5_ * x) + (_a6_ * _a3_))) + _a5_)) * x);{'d0': {'_a3_': 1.1749882067994963, '_a5_': 2.334312661662345, '_a6_': 0.6197010848381599, '_a0_': 1.0, '_a1_': 1.0, '_a2_': 1.0, '_a4_': 1.0, '_a7_': 1.0}};{'d0': 0.02490583291941661};-280.569866449044;34.90235255456607
34993;-105.382580669956;((_a6_ * (pow2(((_a5_ * x) + (_a6_ * _a3_))) + _a5_)) * x);{'d0': {'_a3_': 1.1749882067994963, '_a5_': 2.334312661662345, '_a6_': 0.6197010848381599, '_a0_': 1.0, '_a1_': 1.0, '_a2_': 1.0, '_a4_': 1.0, '_a7_': 1.0}};{'d0': 0.02490583291941661};-280.569866449044;34.90235255456607
34994;-105.382580669956;((_a6_ * (pow2(((_a5_ * x) + (_a6_ * _a3_))) + _a5_)) * x);{'d0': {'_a3_': 1.1749882067994963, '_a5_': 2.334312661662345, '_a6_': 0.6197010848381599, '_a0_': 1.0, '_a1_': 1.0, '_a2_': 1.0, '_a4_': 1.0, '_a7_': 1.0}};{'d0': 0.02490583291941661};-280.569866449044;34.90235255456607
34995;-105.382580669956;((_a6_ * (pow2(((_a5_ * x) + (_a6_ * _a3_))) + _a5_)) * x);{'d0': {'_a3_': 1.1749882067994963, '_a5_': 2.334312661662345, '_a6_': 0.6197010848381599, '_a0_': 1.0, '_a1_': 1.0, '_a2_': 1.0, '_a4_': 1.0, '_a7_': 1.0}};{'d0': 0.02490583291941661};-280.569866449044;34.90235255456607
34996;-105.382580669956;((_a6_ * (pow2(((_a5_ * x) + (_a6_ * _a3_))) + _a5_)) * x);{'d0': {'_a3_': 1.1749882067994963, '_a5_': 2.334312661662345, '_a6_': 0.6197010848381599, '_a0_': 1.0, '_a1_': 1.0, '_a2_': 1.0, '_a4_': 1.0, '_a7_': 1.0}};{'d0': 0.02490583291941661};-280.569866449044;34.90235255456607
34997;-105.382580669956;((_a6_ * (pow2(((_a5_ * x) + (_a6_ * _a3_))) + _a5_)) * x);{'d0': {'_a3_': 1.1749882067994963, '_a5_': 2.334312661662345, '_a6_': 0.6197010848381599, '_a0_': 1.0, '_a1_': 1.0, '_a2_': 1.0, '_a4_': 1.0, '_a7_': 1.0}};{'d0': 0.02490583291941661};-280.569866449044;34.90235255456607
34998;-105.382580669956;((_a6_ * (pow2(((_a5_ * x) + (_a6_ * _a3_))) + _a5_)) * x);{'d0': {'_a3_': 1.1749882067994963, '_a5_': 2.334312661662345, '_a6_': 0.6197010848381599, '_a0_': 1.0, '_a1_': 1.0, '_a2_': 1.0, '_a4_': 1.0, '_a7_': 1.0}};{'d0': 0.02490583291941661};-280.569866449044;34.90235255456607
34999;-105.382580669956;((_a6_ * (pow2(((_a5_ * x) + (_a6_ * _a3_))) + _a5_)) * x);{'d0': {'_a3_': 1.1749882067994963, '_a5_': 2.334312661662345, '_a6_': 0.6197010848381599, '_a0_': 1.0, '_a1_': 1.0, '_a2_': 1.0, '_a4_': 1.0, '_a7_': 1.0}};{'d0': 0.02490583291941661};-280.569866449044;34.90235255456607
35000;-105.382580669956;((_a6_ * (pow2(((_a5_ * x) + (_a6_ * _a3_))) + _a5_)) * x);{'d0': {'_a3_': 1.1749882067994963, '_a5_': 2.334312661662345, '_a6_': 0.6197010848381599, '_a0_': 1.0, '_a1_': 1.0, '_a2_': 1.0, '_a4_': 1.0, '_a7_': 1.0}};{'d0': 0.02490583291941661};-280.569866449044;34.90235255456607
35001;-105.382580669956;((_a6_ * (pow2(((_a5_ * x) + (_a6_ * _a3_))) + _a5_)) * x);{'d0': {'_a3_': 1.1749882067994963, '_a5_': 2.334312661662345, '_a6_': 0.6197010848381599, '_a0_': 1.0, '_a1_': 1.0, '_a2_': 1.0, '_a4_': 1.0, '_a7_': 1.0}};{'d0': 0.02490583291941661};-280.569866449044;34.90235255456607
35002;-105.382580669956;((_a6_ * (pow2(((_a5_ * x) + (_a6_ * _a3_))) + _a5_)) * x);{'d0': {'_a3_': 1.1749882067994963, '_a5_': 2.334312661662345, '_a6_': 0.6197010848381599, '_a0_': 1.0, '_a1_': 1.0, '_a2_': 1.0, '_a4_': 1.0, '_a7_': 1.0}};{'d0': 0.02490583291941661};-280.569866449044;34.90235255456607
35003;-105.382580669956;((_a6_ * (pow2(((_a5_ * x) + (_a6_ * _a3_))) + _a5_)) * x);{'d0': {'_a3_': 1.1749882067994963, '_a5_': 2.334312661662345, '_a6_': 0.6197010848381599, '_a0_': 1.0, '_a1_': 1.0, '_a2_': 1.0, '_a4_': 1.0, '_a7_': 1.0}};{'d0': 0.02490583291941661};-280.569866449044;34.90235255456607
35004;-105.382580669956;((_a6_ * (pow2(((_a5_ * x) + (_a6_ * _a3_))) + _a5_)) * x);{'d0': {'_a3_': 1.1749882067994963, '_a5_': 2.334312661662345, '_a6_': 0.6197010848381599, '_a0_': 1.0, '_a1_': 1.0, '_a2_': 1.0, '_a4_': 1.0, '_a7_': 1.0}};{'d0': 0.02490583291941661};-280.569866449044;34.90235255456607
35005;-105.382580669956;((_a6_ * (pow2(((_a5_ * x) + (_a6_ * _a3_))) + _a5_)) * x);{'d0': {'_a3_': 1.1749882067994963, '_a5_': 2.334312661662345, '_a6_': 0.6197010848381599, '_a0_': 1.0, '_a1_': 1.0, '_a2_': 1.0, '_a4_': 1.0, '_a7_': 1.0}};{'d0': 0.02490583291941661};-280.569866449044;34.90235255456607
35006;-105.382580669956;((_a6_ * (pow2(((_a5_ * x) + (_a6_ * _a3_))) + _a5_)) * x);{'d0': {'_a3_': 1.1749882067994963, '_a5_': 2.334312661662345, '_a6_': 0.6197010848381599, '_a0_': 1.0, '_a1_': 1.0, '_a2_': 1.0, '_a4_': 1.0, '_a7_': 1.0}};{'d0': 0.02490583291941661};-280.569866449044;34.90235255456607
35007;-105.382580669956;((_a6_ * (pow2(((_a5_ * x) + (_a6_ * _a3_))) + _a5_)) * x);{'d0': {'_a3_': 1.1749882067994963, '_a5_': 2.334312661662345, '_a6_': 0.6197010848381599, '_a0_': 1.0, '_a1_': 1.0, '_a2_': 1.0, '_a4_': 1.0, '_a7_': 1.0}};{'d0': 0.02490583291941661};-280.569866449044;34.90235255456607
35008;-105.382580669956;((_a6_ * (pow2(((_a5_ * x) + (_a6_ * _a3_))) + _a5_)) * x);{'d0': {'_a3_': 1.1749882067994963, '_a5_': 2.334312661662345, '_a6_': 0.6197010848381599, '_a0_': 1.0, '_a1_': 1.0, '_a2_': 1.0, '_a4_': 1.0, '_a7_': 1.0}};{'d0': 0.02490583291941661};-280.569866449044;34.90235255456607
35009;-105.382580669956;((_a6_ * (pow2(((_a5_ * x) + (_a6_ * _a3_))) + _a5_)) * x);{'d0': {'_a3_': 1.1749882067994963, '_a5_': 2.334312661662345, '_a6_': 0.6197010848381599, '_a0_': 1.0, '_a1_': 1.0, '_a2_': 1.0, '_a4_': 1.0, '_a7_': 1.0}};{'d0': 0.02490583291941661};-280.569866449044;34.90235255456607
35010;-105.382580669956;((_a6_ * (pow2(((_a5_ * x) + (_a6_ * _a3_))) + _a5_)) * x);{'d0': {'_a3_': 1.1749882067994963, '_a5_': 2.334312661662345, '_a6_': 0.6197010848381599, '_a0_': 1.0, '_a1_': 1.0, '_a2_': 1.0, '_a4_': 1.0, '_a7_': 1.0}};{'d0': 0.02490583291941661};-280.569866449044;34.90235255456607
35011;-105.382580669956;((_a6_ * (pow2(((_a5_ * x) + (_a6_ * _a3_))) + _a5_)) * x);{'d0': {'_a3_': 1.1749882067994963, '_a5_': 2.334312661662345, '_a6_': 0.6197010848381599, '_a0_': 1.0, '_a1_': 1.0, '_a2_': 1.0, '_a4_': 1.0, '_a7_': 1.0}};{'d0': 0.02490583291941661};-280.569866449044;34.90235255456607
35012;-105.382580669956;((_a6_ * (pow2(((_a5_ * x) + (_a6_ * _a3_))) + _a5_)) * x);{'d0': {'_a3_': 1.1749882067994963, '_a5_': 2.334312661662345, '_a6_': 0.6197010848381599, '_a0_': 1.0, '_a1_': 1.0, '_a2_': 1.0, '_a4_': 1.0, '_a7_': 1.0}};{'d0': 0.02490583291941661};-280.569866449044;34.90235255456607
35013;-105.382580669956;((_a6_ * (pow2(((_a5_ * x) + (_a6_ * _a3_))) + _a5_)) * x);{'d0': {'_a3_': 1.1749882067994963, '_a5_': 2.334312661662345, '_a6_': 0.6197010848381599, '_a0_': 1.0, '_a1_': 1.0, '_a2_': 1.0, '_a4_': 1.0, '_a7_': 1.0}};{'d0': 0.02490583291941661};-280.569866449044;34.90235255456607
35014;-105.382580669956;((_a6_ * (pow2(((_a5_ * x) + (_a6_ * _a3_))) + _a5_)) * x);{'d0': {'_a3_': 1.1749882067994963, '_a5_': 2.334312661662345, '_a6_': 0.6197010848381599, '_a0_': 1.0, '_a1_': 1.0, '_a2_': 1.0, '_a4_': 1.0, '_a7_': 1.0}};{'d0': 0.02490583291941661};-280.569866449044;34.90235255456607
35015;-105.382580669956;((_a6_ * (pow2(((_a5_ * x) + (_a6_ * _a3_))) + _a5_)) * x);{'d0': {'_a3_': 1.1749882067994963, '_a5_': 2.334312661662345, '_a6_': 0.6197010848381599, '_a0_': 1.0, '_a1_': 1.0, '_a2_': 1.0, '_a4_': 1.0, '_a7_': 1.0}};{'d0': 0.02490583291941661};-280.569866449044;34.90235255456607
35016;-98.2495129618277;((sqrt(_a5_) + (((_a7_ + x) / -((_a3_ / _a7_))) * x)) * x);{'d0': {'_a3_': -0.18475084191142077, '_a5_': 3.1511056999397935, '_a7_': 0.6238594152693453, '_a0_': 1.0, '_a1_': 1.0, '_a2_': 1.0, '_a4_': 1.0, '_a6_': 1.0}};{'d0': 0.024905832919416646};-280.569866449044;42.035420262694046
35017;-98.2495129618277;((sqrt(_a5_) + (((_a7_ + x) / -((_a3_ / _a7_))) * x)) * x);{'d0': {'_a3_': -0.18475084191142077, '_a5_': 3.1511056999397935, '_a7_': 0.6238594152693453, '_a0_': 1.0, '_a1_': 1.0, '_a2_': 1.0, '_a4_': 1.0, '_a6_': 1.0}};{'d0': 0.024905832919416646};-280.569866449044;42.035420262694046
35018;-98.2495129618277;((sqrt(_a5_) + (((_a7_ + x) / -((_a3_ / _a7_))) * x)) * x);{'d0': {'_a3_': -0.18475084191142077, '_a5_': 3.1511056999397935, '_a7_': 0.6238594152693453, '_a0_': 1.0, '_a1_': 1.0, '_a2_': 1.0, '_a4_': 1.0, '_a6_': 1.0}};{'d0': 0.024905832919416646};-280.569866449044;42.035420262694046
35019;-101.702633509696;-(((_a6_ * (pow2(((_a5_ * x) + (_a6_ * _a3_))) + _a5_)) * x));{'d0': {'_a3_': -1.174988205404712, '_a5_': 2.3343126604657916, '_a6_': -0.6197010852960336, '_a0_': 1.0, '_a1_': 1.0, '_a2_': 1.0, '_a4_': 1.0, '_a7_': 1.0}};{'d0': 0.024905832919416605};-280.569866449044;38.58229971482646
35020;-101.702633509696;-(((_a6_ * (pow2(((_a5_ * x) + (_a6_ * _a3_))) + _a5_)) * x));{'d0': {'_a3_': -1.174988205404712, '_a5_': 2.3343126604657916, '_a6_': -0.6197010852960336, '_a0_': 1.0, '_a1_': 1.0, '_a2_': 1.0, '_a4_': 1.0, '_a7_': 1.0}};{'d0': 0.024905832919416605};-280.569866449044;38.58229971482646
35021;-101.702633509696;-(((_a6_ * (pow2(((_a5_ * x) + (_a6_ * _a3_))) + _a5_)) * x));{'d0': {'_a3_': -1.174988205404712, '_a5_': 2.3343126604657916, '_a6_': -0.6197010852960336, '_a0_': 1.0, '_a1_': 1.0, '_a2_': 1.0, '_a4_': 1.0, '_a7_': 1.0}};{'d0': 0.024905832919416605};-280.569866449044;38.58229971482646
35022;-101.702633509696;-(((_a6_ * (pow2(((_a5_ * x) + (_a6_ * _a3_))) + _a5_)) * x));{'d0': {'_a3_': -1.174988205404712, '_a5_': 2.3343126604657916, '_a6_': -0.6197010852960336, '_a0_': 1.0, '_a1_': 1.0, '_a2_': 1.0, '_a4_': 1.0, '_a7_': 1.0}};{'d0': 0.024905832919416605};-280.569866449044;38.58229971482646
35023;-101.702633509696;-(((_a6_ * (pow2(((_a5_ * x) + (_a6_ * _a3_))) + _a5_)) * x));{'d0': {'_a3_': -1.174988205404712, '_a5_': 2.3343126604657916, '_a6_': -0.6197010852960336, '_a0_': 1.0, '_a1_': 1.0, '_a2_': 1.0, '_a4_': 1.0, '_a7_': 1.0}};{'d0': 0.024905832919416605};-280.569866449044;38.58229971482646
35024;-101.702633509696;-(((_a6_ * (pow2(((_a5_ * x) + (_a6_ * _a3_))) + _a5_)) * x));{'d0': {'_a3_': -1.174988205404712, '_a5_': 2.3343126604657916, '_a6_': -0.6197010852960336, '_a0_': 1.0, '_a1_': 1.0, '_a2_': 1.0, '_a4_': 1.0, '_a7_': 1.0}};{'d0': 0.024905832919416605};-280.569866449044;38.58229971482646
35025;-101.702633509696;-(((_a6_ * (pow2(((_a5_ * x) + (_a6_ * _a3_))) + _a5_)) * x));{'d0': {'_a3_': -1.174988205404712, '_a5_': 2.3343126604657916, '_a6_': -0.6197010852960336, '_a0_': 1.0, '_a1_': 1.0, '_a2_': 1.0, '_a4_': 1.0, '_a7_': 1.0}};{'d0': 0.024905832919416605};-280.569866449044;38.58229971482646
35026;-98.2495129618277;((sqrt(_a5_) + (((_a7_ + x) / -((_a3_ / _a7_))) * x)) * x);{'d0': {'_a3_': -0.18475084191142077, '_a5_': 3.1511056999397935, '_a7_': 0.6238594152693453, '_a0_': 1.0, '_a1_': 1.0, '_a2_': 1.0, '_a4_': 1.0, '_a6_': 1.0}};{'d0': 0.024905832919416646};-280.569866449044;42.035420262694046
35027;-98.2495129618277;((sqrt(_a5_) + (((_a7_ + x) / -((_a3_ / _a7_))) * x)) * x);{'d0': {'_a3_': -0.18475084191142077, '_a5_': 3.1511056999397935, '_a7_': 0.6238594152693453, '_a0_': 1.0, '_a1_': 1.0, '_a2_': 1.0, '_a4_': 1.0, '_a6_': 1.0}};{'d0': 0.024905832919416646};-280.569866449044;42.035420262694046
35028;-98.2495129618277;((sqrt(_a5_) + (((_a7_ + x) / -((_a3_ / _a7_))) * x)) * x);{'d0': {'_a3_': -0.18475084191142077, '_a5_': 3.1511056999397935, '_a7_': 0.6238594152693453, '_a0_': 1.0, '_a1_': 1.0, '_a2_': 1.0, '_a4_': 1.0, '_a6_': 1.0}};{'d0': 0.024905832919416646};-280.569866449044;42.035420262694046
35029;-98.2495129618277;((sqrt(_a5_) + (((_a7_ + x) / -((_a3_ / _a7_))) * x)) * x);{'d0': {'_a3_': -0.18475084191142077, '_a5_': 3.1511056999397935, '_a7_': 0.6238594152693453, '_a0_': 1.0, '_a1_': 1.0, '_a2_': 1.0, '_a4_': 1.0, '_a6_': 1.0}};{'d0': 0.024905832919416646};-280.569866449044;42.035420262694046
35030;-98.2495129618277;((sqrt(_a5_) + (((_a7_ + x) / -((_a3_ / _a7_))) * x)) * x);{'d0': {'_a3_': -0.18475084191142077, '_a5_': 3.1511056999397935, '_a7_': 0.6238594152693453, '_a0_': 1.0, '_a1_': 1.0, '_a2_': 1.0, '_a4_': 1.0, '_a6_': 1.0}};{'d0': 0.024905832919416646};-280.569866449044;42.035420262694046
35031;-98.2495129618277;((sqrt(_a5_) + (((_a7_ + x) / -((_a3_ / _a7_))) * x)) * x);{'d0': {'_a3_': -0.18475084191142077, '_a5_': 3.1511056999397935, '_a7_': 0.6238594152693453, '_a0_': 1.0, '_a1_': 1.0, '_a2_': 1.0, '_a4_': 1.0, '_a6_': 1.0}};{'d0': 0.024905832919416646};-280.569866449044;42.035420262694046
35032;-98.2495129618277;((sqrt(_a5_) + (((_a7_ + x) / -((_a3_ / _a7_))) * x)) * x);{'d0': {'_a3_': -0.18475084191142077, '_a5_': 3.1511056999397935, '_a7_': 0.6238594152693453, '_a0_': 1.0, '_a1_': 1.0, '_a2_': 1.0, '_a4_': 1.0, '_a6_': 1.0}};{'d0': 0.024905832919416646};-280.569866449044;42.035420262694046
35033;-98.2495129618277;((sqrt(_a5_) + (((_a7_ + x) / -((_a3_ / _a7_))) * x)) * x);{'d0': {'_a3_': -0.18475084191142077, '_a5_': 3.1511056999397935, '_a7_': 0.6238594152693453, '_a0_': 1.0, '_a1_': 1.0, '_a2_': 1.0, '_a4_': 1.0, '_a6_': 1.0}};{'d0': 0.024905832919416646};-280.569866449044;42.035420262694046
35034;-98.2495129618277;((sqrt(_a5_) + (((_a7_ + x) / -((_a3_ / _a7_))) * x)) * x);{'d0': {'_a3_': -0.18475084191142077, '_a5_': 3.1511056999397935, '_a7_': 0.6238594152693453, '_a0_': 1.0, '_a1_': 1.0, '_a2_': 1.0, '_a4_': 1.0, '_a6_': 1.0}};{'d0': 0.024905832919416646};-280.569866449044;42.035420262694046
35035;-98.2495129618277;((sqrt(_a5_) + (((_a7_ + x) / -((_a3_ / _a7_))) * x)) * x);{'d0': {'_a3_': -0.18475084191142077, '_a5_': 3.1511056999397935, '_a7_': 0.6238594152693453, '_a0_': 1.0, '_a1_': 1.0, '_a2_': 1.0, '_a4_': 1.0, '_a6_': 1.0}};{'d0': 0.024905832919416646};-280.569866449044;42.035420262694046
35036;-98.2495129618277;((sqrt(_a5_) + (((_a7_ + x) / -((_a3_ / _a7_))) * x)) * x);{'d0': {'_a3_': -0.18475084191142077, '_a5_': 3.1511056999397935, '_a7_': 0.6238594152693453, '_a0_': 1.0, '_a1_': 1.0, '_a2_': 1.0, '_a4_': 1.0, '_a6_': 1.0}};{'d0': 0.024905832919416646};-280.569866449044;42.035420262694046
35037;-98.2495129618277;((sqrt(_a5_) + (((_a7_ + x) / -((_a3_ / _a7_))) * x)) * x);{'d0': {'_a3_': -0.18475084191142077, '_a5_': 3.1511056999397935, '_a7_': 0.6238594152693453, '_a0_': 1.0, '_a1_': 1.0, '_a2_': 1.0, '_a4_': 1.0, '_a6_': 1.0}};{'d0': 0.024905832919416646};-280.569866449044;42.035420262694046
35038;-98.2495129618277;((sqrt(_a5_) + (((_a7_ + x) / -((_a3_ / _a7_))) * x)) * x);{'d0': {'_a3_': -0.18475084191142077, '_a5_': 3.1511056999397935, '_a7_': 0.6238594152693453, '_a0_': 1.0, '_a1_': 1.0, '_a2_': 1.0, '_a4_': 1.0, '_a6_': 1.0}};{'d0': 0.024905832919416646};-280.569866449044;42.035420262694046
35039;-98.2495129618277;((sqrt(_a5_) + (((_a7_ + x) / -((_a3_ / _a7_))) * x)) * x);{'d0': {'_a3_': -0.18475084191142077, '_a5_': 3.1511056999397935, '_a7_': 0.6238594152693453, '_a0_': 1.0, '_a1_': 1.0, '_a2_': 1.0, '_a4_': 1.0, '_a6_': 1.0}};{'d0': 0.024905832919416646};-280.569866449044;42.035420262694046
35040;-98.2495129618277;((sqrt(_a5_) + (((_a7_ + x) / -((_a3_ / _a7_))) * x)) * x);{'d0': {'_a3_': -0.18475084191142077, '_a5_': 3.1511056999397935, '_a7_': 0.6238594152693453, '_a0_': 1.0, '_a1_': 1.0, '_a2_': 1.0, '_a4_': 1.0, '_a6_': 1.0}};{'d0': 0.024905832919416646};-280.569866449044;42.035420262694046
35041;-98.2495129618277;((sqrt(_a5_) + (((_a7_ + x) / -((_a3_ / _a7_))) * x)) * x);{'d0': {'_a3_': -0.18475084191142077, '_a5_': 3.1511056999397935, '_a7_': 0.6238594152693453, '_a0_': 1.0, '_a1_': 1.0, '_a2_': 1.0, '_a4_': 1.0, '_a6_': 1.0}};{'d0': 0.024905832919416646};-280.569866449044;42.035420262694046
35042;-98.2495129618277;((sqrt(_a5_) + (((_a7_ + x) / -((_a3_ / _a7_))) * x)) * x);{'d0': {'_a3_': -0.18475084191142077, '_a5_': 3.1511056999397935, '_a7_': 0.6238594152693453, '_a0_': 1.0, '_a1_': 1.0, '_a2_': 1.0, '_a4_': 1.0, '_a6_': 1.0}};{'d0': 0.024905832919416646};-280.569866449044;42.035420262694046
35043;-98.2495129618277;((sqrt(_a5_) + (((_a7_ + x) / -((_a3_ / _a7_))) * x)) * x);{'d0': {'_a3_': -0.18475084191142077, '_a5_': 3.1511056999397935, '_a7_': 0.6238594152693453, '_a0_': 1.0, '_a1_': 1.0, '_a2_': 1.0, '_a4_': 1.0, '_a6_': 1.0}};{'d0': 0.024905832919416646};-280.569866449044;42.035420262694046
35044;-98.2495129618278;((sqrt(_a5_) + (((_a3_ + x) / -((_a3_ / _a7_))) * x)) * x);{'d0': {'_a3_': 0.6238594157609113, '_a5_': 3.1511057073524023, '_a7_': -2.106624067005709, '_a0_': 1.0, '_a1_': 1.0, '_a2_': 1.0, '_a4_': 1.0, '_a6_': 1.0}};{'d0': 0.024905832919416584};-280.569866449044;42.035420262694046
35045;-98.2495129618278;((sqrt(_a5_) + (((_a3_ + x) / -((_a3_ / _a7_))) * x)) * x);{'d0': {'_a3_': 0.6238594157609113, '_a5_': 3.1511057073524023, '_a7_': -2.106624067005709, '_a0_': 1.0, '_a1_': 1.0, '_a2_': 1.0, '_a4_': 1.0, '_a6_': 1.0}};{'d0': 0.024905832919416584};-280.569866449044;42.035420262694046
35046;-98.2495129618278;((sqrt(_a5_) + (((_a3_ + x) / -((_a3_ / _a7_))) * x)) * x);{'d0': {'_a3_': 0.6238594157609113, '_a5_': 3.1511057073524023, '_a7_': -2.106624067005709, '_a0_': 1.0, '_a1_': 1.0, '_a2_': 1.0, '_a4_': 1.0, '_a6_': 1.0}};{'d0': 0.024905832919416584};-280.569866449044;42.035420262694046
35047;-98.2495129618278;((sqrt(_a5_) + (((_a3_ + x) / -((_a3_ / _a7_))) * x)) * x);{'d0': {'_a3_': 0.6238594157609113, '_a5_': 3.1511057073524023, '_a7_': -2.106624067005709, '_a0_': 1.0, '_a1_': 1.0, '_a2_': 1.0, '_a4_': 1.0, '_a6_': 1.0}};{'d0': 0.024905832919416584};-280.569866449044;42.035420262694046
35048;-98.2495129618278;((sqrt(_a5_) + (((_a3_ + x) / -((_a3_ / _a7_))) * x)) * x);{'d0': {'_a3_': 0.6238594157609113, '_a5_': 3.1511057073524023, '_a7_': -2.106624067005709, '_a0_': 1.0, '_a1_': 1.0, '_a2_': 1.0, '_a4_': 1.0, '_a6_': 1.0}};{'d0': 0.024905832919416584};-280.569866449044;42.035420262694046
35049;-98.2495129618278;((sqrt(_a5_) + (((_a3_ + x) / -((_a3_ / _a7_))) * x)) * x);{'d0': {'_a3_': 0.6238594157609113, '_a5_': 3.1511057073524023, '_a7_': -2.106624067005709, '_a0_': 1.0, '_a1_': 1.0, '_a2_': 1.0, '_a4_': 1.0, '_a6_': 1.0}};{'d0': 0.024905832919416584};-280.569866449044;42.035420262694046
35050;-98.2495129618278;((sqrt(_a5_) + (((_a3_ + x) / -((_a3_ / _a7_))) * x)) * x);{'d0': {'_a3_': 0.6238594157609113, '_a5_': 3.1511057073524023, '_a7_': -2.106624067005709, '_a0_': 1.0, '_a1_': 1.0, '_a2_': 1.0, '_a4_': 1.0, '_a6_': 1.0}};{'d0': 0.024905832919416584};-280.569866449044;42.035420262694046
35051;-98.2495129618278;((sqrt(_a5_) + (((_a3_ + x) / -((_a3_ / _a7_))) * x)) * x);{'d0': {'_a3_': 0.6238594157609113, '_a5_': 3.1511057073524023, '_a7_': -2.106624067005709, '_a0_': 1.0, '_a1_': 1.0, '_a2_': 1.0, '_a4_': 1.0, '_a6_': 1.0}};{'d0': 0.024905832919416584};-280.569866449044;42.035420262694046
35052;-98.2495129618278;((sqrt(_a5_) + (((_a3_ + x) / -((_a3_ / _a7_))) * x)) * x);{'d0': {'_a3_': 0.6238594157609113, '_a5_': 3.1511057073524023, '_a7_': -2.106624067005709, '_a0_': 1.0, '_a1_': 1.0, '_a2_': 1.0, '_a4_': 1.0, '_a6_': 1.0}};{'d0': 0.024905832919416584};-280.569866449044;42.035420262694046
35053;-98.2495129618278;((sqrt(_a5_) + (((_a3_ + x) / -((_a3_ / _a7_))) * x)) * x);{'d0': {'_a3_': 0.6238594157609113, '_a5_': 3.1511057073524023, '_a7_': -2.106624067005709, '_a0_': 1.0, '_a1_': 1.0, '_a2_': 1.0, '_a4_': 1.0, '_a6_': 1.0}};{'d0': 0.024905832919416584};-280.569866449044;42.035420262694046
35054;-98.2495129618278;((sqrt(_a5_) + (((_a3_ + x) / -((_a3_ / _a7_))) * x)) * x);{'d0': {'_a3_': 0.6238594157609113, '_a5_': 3.1511057073524023, '_a7_': -2.106624067005709, '_a0_': 1.0, '_a1_': 1.0, '_a2_': 1.0, '_a4_': 1.0, '_a6_': 1.0}};{'d0': 0.024905832919416584};-280.569866449044;42.035420262694046
35055;-98.2495129618278;((sqrt(_a5_) + (((_a3_ + x) / -((_a3_ / _a7_))) * x)) * x);{'d0': {'_a3_': 0.6238594157609113, '_a5_': 3.1511057073524023, '_a7_': -2.106624067005709, '_a0_': 1.0, '_a1_': 1.0, '_a2_': 1.0, '_a4_': 1.0, '_a6_': 1.0}};{'d0': 0.024905832919416584};-280.569866449044;42.035420262694046
35056;-98.2495129618278;((sqrt(_a5_) + (((_a3_ + x) / -((_a3_ / _a7_))) * x)) * x);{'d0': {'_a3_': 0.6238594157609113, '_a5_': 3.1511057073524023, '_a7_': -2.106624067005709, '_a0_': 1.0, '_a1_': 1.0, '_a2_': 1.0, '_a4_': 1.0, '_a6_': 1.0}};{'d0': 0.024905832919416584};-280.569866449044;42.035420262694046
35057;-98.2495129618278;((sqrt(_a5_) + (((_a3_ + x) / -((_a3_ / _a7_))) * x)) * x);{'d0': {'_a3_': 0.6238594157609113, '_a5_': 3.1511057073524023, '_a7_': -2.106624067005709, '_a0_': 1.0, '_a1_': 1.0, '_a2_': 1.0, '_a4_': 1.0, '_a6_': 1.0}};{'d0': 0.024905832919416584};-280.569866449044;42.035420262694046
35058;-98.2495129618278;((sqrt(_a5_) + (((_a3_ + x) / -((_a3_ / _a7_))) * x)) * x);{'d0': {'_a3_': 0.6238594157609113, '_a5_': 3.1511057073524023, '_a7_': -2.106624067005709, '_a0_': 1.0, '_a1_': 1.0, '_a2_': 1.0, '_a4_': 1.0, '_a6_': 1.0}};{'d0': 0.024905832919416584};-280.569866449044;42.035420262694046
35059;-98.2495129618278;((sqrt(_a5_) + (((_a3_ + x) / -((_a3_ / _a7_))) * x)) * x);{'d0': {'_a3_': 0.6238594157609113, '_a5_': 3.1511057073524023, '_a7_': -2.106624067005709, '_a0_': 1.0, '_a1_': 1.0, '_a2_': 1.0, '_a4_': 1.0, '_a6_': 1.0}};{'d0': 0.024905832919416584};-280.569866449044;42.035420262694046
35060;-98.2495129618278;((sqrt(_a5_) + (((_a3_ + x) / -((_a3_ / _a7_))) * x)) * x);{'d0': {'_a3_': 0.6238594157609113, '_a5_': 3.1511057073524023, '_a7_': -2.106624067005709, '_a0_': 1.0, '_a1_': 1.0, '_a2_': 1.0, '_a4_': 1.0, '_a6_': 1.0}};{'d0': 0.024905832919416584};-280.569866449044;42.035420262694046
35061;-98.2495129618278;((sqrt(_a5_) + (((_a3_ + x) / -((_a3_ / _a7_))) * x)) * x);{'d0': {'_a3_': 0.6238594157609113, '_a5_': 3.1511057073524023, '_a7_': -2.106624067005709, '_a0_': 1.0, '_a1_': 1.0, '_a2_': 1.0, '_a4_': 1.0, '_a6_': 1.0}};{'d0': 0.024905832919416584};-280.569866449044;42.035420262694046
35062;-98.2495129618278;((sqrt(_a5_) + (((_a3_ + x) / -((_a3_ / _a7_))) * x)) * x);{'d0': {'_a3_': 0.6238594157609113, '_a5_': 3.1511057073524023, '_a7_': -2.106624067005709, '_a0_': 1.0, '_a1_': 1.0, '_a2_': 1.0, '_a4_': 1.0, '_a6_': 1.0}};{'d0': 0.024905832919416584};-280.569866449044;42.035420262694046
35063;-98.2495129618278;((sqrt(_a5_) + (((_a3_ + x) / -((_a3_ / _a7_))) * x)) * x);{'d0': {'_a3_': 0.6238594157609113, '_a5_': 3.1511057073524023, '_a7_': -2.106624067005709, '_a0_': 1.0, '_a1_': 1.0, '_a2_': 1.0, '_a4_': 1.0, '_a6_': 1.0}};{'d0': 0.024905832919416584};-280.569866449044;42.035420262694046
35064;-98.2495129618278;((sqrt(_a5_) + (((_a3_ + x) / -((_a3_ / _a7_))) * x)) * x);{'d0': {'_a3_': 0.6238594157609113, '_a5_': 3.1511057073524023, '_a7_': -2.106624067005709, '_a0_': 1.0, '_a1_': 1.0, '_a2_': 1.0, '_a4_': 1.0, '_a6_': 1.0}};{'d0': 0.024905832919416584};-280.569866449044;42.035420262694046
35065;-98.2495129618278;((sqrt(_a5_) + (((_a3_ + x) / -((_a3_ / _a7_))) * x)) * x);{'d0': {'_a3_': 0.6238594157609113, '_a5_': 3.1511057073524023, '_a7_': -2.106624067005709, '_a0_': 1.0, '_a1_': 1.0, '_a2_': 1.0, '_a4_': 1.0, '_a6_': 1.0}};{'d0': 0.024905832919416584};-280.569866449044;42.035420262694046
35066;-98.2495129618278;((sqrt(_a5_) + (((_a3_ + x) / -((_a3_ / _a7_))) * x)) * x);{'d0': {'_a3_': 0.6238594157609113, '_a5_': 3.1511057073524023, '_a7_': -2.106624067005709, '_a0_': 1.0, '_a1_': 1.0, '_a2_': 1.0, '_a4_': 1.0, '_a6_': 1.0}};{'d0': 0.024905832919416584};-280.569866449044;42.035420262694046
35067;-98.2495129618278;((sqrt(_a5_) + (((_a3_ + x) / -((_a3_ / _a7_))) * x)) * x);{'d0': {'_a3_': 0.6238594157609113, '_a5_': 3.1511057073524023, '_a7_': -2.106624067005709, '_a0_': 1.0, '_a1_': 1.0, '_a2_': 1.0, '_a4_': 1.0, '_a6_': 1.0}};{'d0': 0.024905832919416584};-280.569866449044;42.035420262694046
35068;-98.1661347209449;((sqrt(_a5_) + (((_a3_ + x) / -((_a3_ + _a7_))) * x)) * x);{'d0': {'_a3_': 0.6238594156665496, '_a5_': 3.1511057040046295, '_a7_': -0.9200012023866769, '_a0_': 1.0, '_a1_': 1.0, '_a2_': 1.0, '_a4_': 1.0, '_a6_': 1.0}};{'d0': 0.02490583291941664};-280.569866449044;42.11879850357685
35069;-98.1661347209449;((sqrt(_a5_) + (((_a3_ + x) / -((_a3_ + _a7_))) * x)) * x);{'d0': {'_a3_': 0.6238594156665496, '_a5_': 3.1511057040046295, '_a7_': -0.9200012023866769, '_a0_': 1.0, '_a1_': 1.0, '_a2_': 1.0, '_a4_': 1.0, '_a6_': 1.0}};{'d0': 0.02490583291941664};-280.569866449044;42.11879850357685
35070;-97.6687749233177;(((_a4_ / _a3_) + (((_a3_ + x) / -((_a3_ + _a7_))) * x)) * x);{'d0': {'_a3_': 0.6238594155775788, '_a4_': 1.1074349359193525, '_a7_': -0.9200012023605216, '_a0_': 1.0, '_a1_': 1.0, '_a2_': 1.0, '_a5_': 1.0, '_a6_': 1.0}};{'d0': 0.024905832919416625};-280.569866449044;42.616158301204045
35071;-97.6687749233177;(((_a4_ / _a3_) + (((_a3_ + x) / -((_a3_ + _a7_))) * x)) * x);{'d0': {'_a3_': 0.6238594155775788, '_a4_': 1.1074349359193525, '_a7_': -0.9200012023605216, '_a0_': 1.0, '_a1_': 1.0, '_a2_': 1.0, '_a5_': 1.0, '_a6_': 1.0}};{'d0': 0.024905832919416625};-280.569866449044;42.616158301204045
35072;-97.6687749233177;(((_a4_ / _a3_) + (((_a3_ + x) / -((_a3_ + _a7_))) * x)) * x);{'d0': {'_a3_': 0.6238594155775788, '_a4_': 1.1074349359193525, '_a7_': -0.9200012023605216, '_a0_': 1.0, '_a1_': 1.0, '_a2_': 1.0, '_a5_': 1.0, '_a6_': 1.0}};{'d0': 0.024905832919416625};-280.569866449044;42.616158301204045
35073;-98.2585261643843;((_a4_ * (x * ((x * x) + (((_a0_ + x) / _a4_) * _a6_)))) * _a0_);{'d0': {'_a0_': 0.8426446043115081, '_a4_': 4.007336973436452, '_a6_': 2.5000149025379903, '_a1_': 1.0, '_a2_': 1.0, '_a3_': 1.0, '_a5_': 1.0, '_a7_': 1.0}};{'d0': 0.0249058329194166};-280.569866449044;42.02640706013746
35074;-98.2585261643843;((_a4_ * (x * ((x * x) + (((_a0_ + x) / _a4_) * _a6_)))) * _a0_);{'d0': {'_a0_': 0.8426446043115081, '_a4_': 4.007336973436452, '_a6_': 2.5000149025379903, '_a1_': 1.0, '_a2_': 1.0, '_a3_': 1.0, '_a5_': 1.0, '_a7_': 1.0}};{'d0': 0.0249058329194166};-280.569866449044;42.02640706013746
35075;-98.2585261643843;((_a4_ * (x * ((x * x) + (((_a0_ + x) / _a4_) * _a6_)))) * _a0_);{'d0': {'_a0_': 0.8426446043115081, '_a4_': 4.007336973436452, '_a6_': 2.5000149025379903, '_a1_': 1.0, '_a2_': 1.0, '_a3_': 1.0, '_a5_': 1.0, '_a7_': 1.0}};{'d0': 0.0249058329194166};-280.569866449044;42.02640706013746
35076;-96.2113538831453;((_a4_ * (x * ((x * x) + (((_a1_ + x) / _a4_) * _a6_)))) * _a0_);{'d0': {'_a0_': -1.7455510275104176, '_a1_': 0.8426446046389467, '_a4_': -1.9344955873125576, '_a6_': -1.2068532865221215, '_a2_': 1.0, '_a3_': 1.0, '_a5_': 1.0, '_a7_': 1.0}};{'d0': 0.02490583291952283};-276.475521886566;42.02640706013746
35077;-96.2113538831453;((_a4_ * (x * ((x * x) + (((_a1_ + x) / _a4_) * _a6_)))) * _a0_);{'d0': {'_a0_': -1.7455510275104176, '_a1_': 0.8426446046389467, '_a4_': -1.9344955873125576, '_a6_': -1.2068532865221215, '_a2_': 1.0, '_a3_': 1.0, '_a5_': 1.0, '_a7_': 1.0}};{'d0': 0.02490583291952283};-276.475521886566;42.02640706013746
35078;-96.2113538831453;((_a4_ * (x * ((x * x) + (((_a1_ + x) / _a4_) * _a6_)))) * _a0_);{'d0': {'_a0_': -1.7455510275104176, '_a1_': 0.8426446046389467, '_a4_': -1.9344955873125576, '_a6_': -1.2068532865221215, '_a2_': 1.0, '_a3_': 1.0, '_a5_': 1.0, '_a7_': 1.0}};{'d0': 0.02490583291952283};-276.475521886566;42.02640706013746
35079;-96.2113538831453;((_a4_ * (x * ((x * x) + (((_a1_ + x) / _a4_) * _a6_)))) * _a0_);{'d0': {'_a0_': -1.7455510275104176, '_a1_': 0.8426446046389467, '_a4_': -1.9344955873125576, '_a6_': -1.2068532865221215, '_a2_': 1.0, '_a3_': 1.0, '_a5_': 1.0, '_a7_': 1.0}};{'d0': 0.02490583291952283};-276.475521886566;42.02640706013746
35080;-96.2113538831453;((_a4_ * (x * ((x * x) + (((_a1_ + x) / _a4_) * _a6_)))) * _a0_);{'d0': {'_a0_': -1.7455510275104176, '_a1_': 0.8426446046389467, '_a4_': -1.9344955873125576, '_a6_': -1.2068532865221215, '_a2_': 1.0, '_a3_': 1.0, '_a5_': 1.0, '_a7_': 1.0}};{'d0': 0.02490583291952283};-276.475521886566;42.02640706013746
35081;-96.2113538831453;((_a4_ * (x * ((x * x) + (((_a1_ + x) / _a4_) * _a6_)))) * _a0_);{'d0': {'_a0_': -1.7455510275104176, '_a1_': 0.8426446046389467, '_a4_': -1.9344955873125576, '_a6_': -1.2068532865221215, '_a2_': 1.0, '_a3_': 1.0, '_a5_': 1.0, '_a7_': 1.0}};{'d0': 0.02490583291952283};-276.475521886566;42.02640706013746
35082;-96.2113538831453;((_a4_ * (x * ((x * x) + (((_a1_ + x) / _a4_) * _a6_)))) * _a0_);{'d0': {'_a0_': -1.7455510275104176, '_a1_': 0.8426446046389467, '_a4_': -1.9344955873125576, '_a6_': -1.2068532865221215, '_a2_': 1.0, '_a3_': 1.0, '_a5_': 1.0, '_a7_': 1.0}};{'d0': 0.02490583291952283};-276.475521886566;42.02640706013746
35083;-94.5785790041238;((_a4_ * (x * ((x * x) + (((-(_a6_) + x) / _a4_) * _a6_)))) * _a0_);{'d0': {'_a0_': -2.500014891675319, '_a4_': -1.3506963035166324, '_a6_': -0.8426446062473182, '_a1_': 1.0, '_a2_': 1.0, '_a3_': 1.0, '_a5_': 1.0, '_a7_': 1.0}};{'d0': 0.024905832919416684};-280.569866449043;45.70635422039785
35084;-94.5785790041238;((_a4_ * (x * ((x * x) + (((-(_a6_) + x) / _a4_) * _a6_)))) * _a0_);{'d0': {'_a0_': -2.500014891675319, '_a4_': -1.3506963035166324, '_a6_': -0.8426446062473182, '_a1_': 1.0, '_a2_': 1.0, '_a3_': 1.0, '_a5_': 1.0, '_a7_': 1.0}};{'d0': 0.024905832919416684};-280.569866449043;45.70635422039785
35085;-94.5785790041238;((_a4_ * (x * ((x * x) + (((-(_a6_) + x) / _a4_) * _a6_)))) * _a0_);{'d0': {'_a0_': -2.500014891675319, '_a4_': -1.3506963035166324, '_a6_': -0.8426446062473182, '_a1_': 1.0, '_a2_': 1.0, '_a3_': 1.0, '_a5_': 1.0, '_a7_': 1.0}};{'d0': 0.024905832919416684};-280.569866449043;45.70635422039785
35086;-94.5785790041238;((_a4_ * (x * ((x * x) + (((-(_a6_) + x) / _a4_) * _a6_)))) * _a0_);{'d0': {'_a0_': -2.500014891675319, '_a4_': -1.3506963035166324, '_a6_': -0.8426446062473182, '_a1_': 1.0, '_a2_': 1.0, '_a3_': 1.0, '_a5_': 1.0, '_a7_': 1.0}};{'d0': 0.024905832919416684};-280.569866449043;45.70635422039785
35087;-94.5785790041238;((_a4_ * (x * ((x * x) + (((-(_a6_) + x) / _a4_) * _a6_)))) * _a0_);{'d0': {'_a0_': -2.500014891675319, '_a4_': -1.3506963035166324, '_a6_': -0.8426446062473182, '_a1_': 1.0, '_a2_': 1.0, '_a3_': 1.0, '_a5_': 1.0, '_a7_': 1.0}};{'d0': 0.024905832919416684};-280.569866449043;45.70635422039785
35088;-94.5785790041238;((_a4_ * (x * ((x * x) + (((-(_a6_) + x) / _a4_) * _a6_)))) * _a0_);{'d0': {'_a0_': -2.500014891675319, '_a4_': -1.3506963035166324, '_a6_': -0.8426446062473182, '_a1_': 1.0, '_a2_': 1.0, '_a3_': 1.0, '_a5_': 1.0, '_a7_': 1.0}};{'d0': 0.024905832919416684};-280.569866449043;45.70635422039785
35089;-94.5785790041238;((_a4_ * (x * ((x * x) + (((-(_a6_) + x) / _a4_) * _a6_)))) * _a0_);{'d0': {'_a0_': -2.500014891675319, '_a4_': -1.3506963035166324, '_a6_': -0.8426446062473182, '_a1_': 1.0, '_a2_': 1.0, '_a3_': 1.0, '_a5_': 1.0, '_a7_': 1.0}};{'d0': 0.024905832919416684};-280.569866449043;45.70635422039785
35090;-103.505997731465;((_a4_ + (((_a7_ + x) / -((_a3_ + _a7_))) * x)) * x);{'d0': {'_a3_': -0.9200012023401996, '_a4_': 1.7751354042805867, '_a7_': 0.6238594155850935, '_a0_': 1.0, '_a1_': 1.0, '_a2_': 1.0, '_a5_': 1.0, '_a6_': 1.0}};{'d0': 0.024905832919416657};-280.569866449044;36.77893549305685
35091;-103.505997731465;((_a4_ + (((_a7_ + x) / -((_a3_ + _a7_))) * x)) * x);{'d0': {'_a3_': -0.9200012023401996, '_a4_': 1.7751354042805867, '_a7_': 0.6238594155850935, '_a0_': 1.0, '_a1_': 1.0, '_a2_': 1.0, '_a5_': 1.0, '_a6_': 1.0}};{'d0': 0.024905832919416657};-280.569866449044;36.77893549305685
35092;-103.505997731465;((_a4_ + (((_a7_ + x) / -((_a3_ + _a7_))) * x)) * x);{'d0': {'_a3_': -0.9200012023401996, '_a4_': 1.7751354042805867, '_a7_': 0.6238594155850935, '_a0_': 1.0, '_a1_': 1.0, '_a2_': 1.0, '_a5_': 1.0, '_a6_': 1.0}};{'d0': 0.024905832919416657};-280.569866449044;36.77893549305685
35093;-103.505997731465;((_a4_ + (((_a7_ + x) / -((_a3_ + _a7_))) * x)) * x);{'d0': {'_a3_': -0.9200012023401996, '_a4_': 1.7751354042805867, '_a7_': 0.6238594155850935, '_a0_': 1.0, '_a1_': 1.0, '_a2_': 1.0, '_a5_': 1.0, '_a6_': 1.0}};{'d0': 0.024905832919416657};-280.569866449044;36.77893549305685
35094;-103.505997731465;((_a4_ + (((_a7_ + x) / -((_a3_ + _a7_))) * x)) * x);{'d0': {'_a3_': -0.9200012023401996, '_a4_': 1.7751354042805867, '_a7_': 0.6238594155850935, '_a0_': 1.0, '_a1_': 1.0, '_a2_': 1.0, '_a5_': 1.0, '_a6_': 1.0}};{'d0': 0.024905832919416657};-280.569866449044;36.77893549305685
35095;-103.505997731465;((_a4_ + (((_a7_ + x) / -((_a3_ + _a7_))) * x)) * x);{'d0': {'_a3_': -0.9200012023401996, '_a4_': 1.7751354042805867, '_a7_': 0.6238594155850935, '_a0_': 1.0, '_a1_': 1.0, '_a2_': 1.0, '_a5_': 1.0, '_a6_': 1.0}};{'d0': 0.024905832919416657};-280.569866449044;36.77893549305685
35096;-103.505997731465;((_a4_ + (((_a7_ + x) / -((_a3_ + _a7_))) * x)) * x);{'d0': {'_a3_': -0.9200012023401996, '_a4_': 1.7751354042805867, '_a7_': 0.6238594155850935, '_a0_': 1.0, '_a1_': 1.0, '_a2_': 1.0, '_a5_': 1.0, '_a6_': 1.0}};{'d0': 0.024905832919416657};-280.569866449044;36.77893549305685
35097;-103.505997731465;((_a4_ + (((_a7_ + x) / -((_a3_ + _a7_))) * x)) * x);{'d0': {'_a3_': -0.9200012023401996, '_a4_': 1.7751354042805867, '_a7_': 0.6238594155850935, '_a0_': 1.0, '_a1_': 1.0, '_a2_': 1.0, '_a5_': 1.0, '_a6_': 1.0}};{'d0': 0.024905832919416657};-280.569866449044;36.77893549305685
35098;-103.505997731465;((_a4_ + (((_a7_ + x) / -((_a3_ + _a7_))) * x)) * x);{'d0': {'_a3_': -0.9200012023401996, '_a4_': 1.7751354042805867, '_a7_': 0.6238594155850935, '_a0_': 1.0, '_a1_': 1.0, '_a2_': 1.0, '_a5_': 1.0, '_a6_': 1.0}};{'d0': 0.024905832919416657};-280.569866449044;36.77893549305685
35099;-103.505997731465;((_a4_ + (((_a7_ + x) / -((_a3_ + _a7_))) * x)) * x);{'d0': {'_a3_': -0.9200012023401996, '_a4_': 1.7751354042805867, '_a7_': 0.6238594155850935, '_a0_': 1.0, '_a1_': 1.0, '_a2_': 1.0, '_a5_': 1.0, '_a6_': 1.0}};{'d0': 0.024905832919416657};-280.569866449044;36.77893549305685
35100;-103.505997731465;((_a4_ + (((_a7_ + x) / -((_a3_ + _a7_))) * x)) * x);{'d0': {'_a3_': -0.9200012023401996, '_a4_': 1.7751354042805867, '_a7_': 0.6238594155850935, '_a0_': 1.0, '_a1_': 1.0, '_a2_': 1.0, '_a5_': 1.0, '_a6_': 1.0}};{'d0': 0.024905832919416657};-280.569866449044;36.77893549305685
35101;-103.505997731465;((_a4_ + (((_a7_ + x) / -((_a3_ + _a7_))) * x)) * x);{'d0': {'_a3_': -0.9200012023401996, '_a4_': 1.7751354042805867, '_a7_': 0.6238594155850935, '_a0_': 1.0, '_a1_': 1.0, '_a2_': 1.0, '_a5_': 1.0, '_a6_': 1.0}};{'d0': 0.024905832919416657};-280.569866449044;36.77893549305685
35102;-103.505997731465;((_a4_ + (((_a7_ + x) / -((_a3_ + _a7_))) * x)) * x);{'d0': {'_a3_': -0.9200012023401996, '_a4_': 1.7751354042805867, '_a7_': 0.6238594155850935, '_a0_': 1.0, '_a1_': 1.0, '_a2_': 1.0, '_a5_': 1.0, '_a6_': 1.0}};{'d0': 0.024905832919416657};-280.569866449044;36.77893549305685
35103;-103.505997731465;((_a4_ + (((_a7_ + x) / -((_a3_ + _a7_))) * x)) * x);{'d0': {'_a3_': -0.9200012023401996, '_a4_': 1.7751354042805867, '_a7_': 0.6238594155850935, '_a0_': 1.0, '_a1_': 1.0, '_a2_': 1.0, '_a5_': 1.0, '_a6_': 1.0}};{'d0': 0.024905832919416657};-280.569866449044;36.77893549305685
35104;-103.505997731465;((_a4_ + (((_a7_ + x) / -((_a3_ + _a7_))) * x)) * x);{'d0': {'_a3_': -0.9200012023401996, '_a4_': 1.7751354042805867, '_a7_': 0.6238594155850935, '_a0_': 1.0, '_a1_': 1.0, '_a2_': 1.0, '_a5_': 1.0, '_a6_': 1.0}};{'d0': 0.024905832919416657};-280.569866449044;36.77893549305685
35105;-103.505997731465;((_a4_ + (((_a7_ + x) / -((_a3_ + _a7_))) * x)) * x);{'d0': {'_a3_': -0.9200012023401996, '_a4_': 1.7751354042805867, '_a7_': 0.6238594155850935, '_a0_': 1.0, '_a1_': 1.0, '_a2_': 1.0, '_a5_': 1.0, '_a6_': 1.0}};{'d0': 0.024905832919416657};-280.569866449044;36.77893549305685
35106;-103.505997731465;((_a4_ + (((_a7_ + x) / -((_a3_ + _a7_))) * x)) * x);{'d0': {'_a3_': -0.9200012023401996, '_a4_': 1.7751354042805867, '_a7_': 0.6238594155850935, '_a0_': 1.0, '_a1_': 1.0, '_a2_': 1.0, '_a5_': 1.0, '_a6_': 1.0}};{'d0': 0.024905832919416657};-280.569866449044;36.77893549305685
35107;-103.505997731465;((_a4_ + (((_a7_ + x) / -((_a3_ + _a7_))) * x)) * x);{'d0': {'_a3_': -0.9200012023401996, '_a4_': 1.7751354042805867, '_a7_': 0.6238594155850935, '_a0_': 1.0, '_a1_': 1.0, '_a2_': 1.0, '_a5_': 1.0, '_a6_': 1.0}};{'d0': 0.024905832919416657};-280.569866449044;36.77893549305685
35108;-103.505997731465;((_a4_ + (((_a7_ + x) / -((_a3_ + _a7_))) * x)) * x);{'d0': {'_a3_': -0.9200012023401996, '_a4_': 1.7751354042805867, '_a7_': 0.6238594155850935, '_a0_': 1.0, '_a1_': 1.0, '_a2_': 1.0, '_a5_': 1.0, '_a6_': 1.0}};{'d0': 0.024905832919416657};-280.569866449044;36.77893549305685
35109;-103.505997731465;((_a4_ + (((_a7_ + x) / -((_a3_ + _a7_))) * x)) * x);{'d0': {'_a3_': -0.9200012023401996, '_a4_': 1.7751354042805867, '_a7_': 0.6238594155850935, '_a0_': 1.0, '_a1_': 1.0, '_a2_': 1.0, '_a5_': 1.0, '_a6_': 1.0}};{'d0': 0.024905832919416657};-280.569866449044;36.77893549305685
35110;-103.505997731465;((_a4_ + (((_a7_ + x) / -((_a3_ + _a7_))) * x)) * x);{'d0': {'_a3_': -0.9200012023401996, '_a4_': 1.7751354042805867, '_a7_': 0.6238594155850935, '_a0_': 1.0, '_a1_': 1.0, '_a2_': 1.0, '_a5_': 1.0, '_a6_': 1.0}};{'d0': 0.024905832919416657};-280.569866449044;36.77893549305685
35111;-103.505997731465;((_a4_ + (((_a7_ + x) / -((_a3_ + _a7_))) * x)) * x);{'d0': {'_a3_': -0.9200012023401996, '_a4_': 1.7751354042805867, '_a7_': 0.6238594155850935, '_a0_': 1.0, '_a1_': 1.0, '_a2_': 1.0, '_a5_': 1.0, '_a6_': 1.0}};{'d0': 0.024905832919416657};-280.569866449044;36.77893549305685
35112;-103.505997731465;((_a4_ + (((_a7_ + x) / -((_a3_ + _a3_))) * x)) * x);{'d0': {'_a3_': -0.14807089333172485, '_a4_': 1.7751354042357435, '_a7_': 0.623859415639886, '_a0_': 1.0, '_a1_': 1.0, '_a2_': 1.0, '_a5_': 1.0, '_a6_': 1.0}};{'d0': 0.02490583291941661};-280.569866449044;36.77893549305685
35113;-103.505997731465;((_a4_ + (((_a7_ + x) / -((_a3_ + _a3_))) * x)) * x);{'d0': {'_a3_': -0.14807089333172485, '_a4_': 1.7751354042357435, '_a7_': 0.623859415639886, '_a0_': 1.0, '_a1_': 1.0, '_a2_': 1.0, '_a5_': 1.0, '_a6_': 1.0}};{'d0': 0.02490583291941661};-280.569866449044;36.77893549305685
35114;-103.505997731465;((_a4_ + (((_a7_ + x) / -((_a3_ + _a3_))) * x)) * x);{'d0': {'_a3_': -0.14807089333172485, '_a4_': 1.7751354042357435, '_a7_': 0.623859415639886, '_a0_': 1.0, '_a1_': 1.0, '_a2_': 1.0, '_a5_': 1.0, '_a6_': 1.0}};{'d0': 0.02490583291941661};-280.569866449044;36.77893549305685
35115;-103.505997731465;((_a4_ + (((_a7_ + x) / -((_a3_ + _a3_))) * x)) * x);{'d0': {'_a3_': -0.14807089333172485, '_a4_': 1.7751354042357435, '_a7_': 0.623859415639886, '_a0_': 1.0, '_a1_': 1.0, '_a2_': 1.0, '_a5_': 1.0, '_a6_': 1.0}};{'d0': 0.02490583291941661};-280.569866449044;36.77893549305685
35116;-103.505997731465;((_a4_ + (((_a7_ + x) / -((_a3_ + _a3_))) * x)) * x);{'d0': {'_a3_': -0.14807089333172485, '_a4_': 1.7751354042357435, '_a7_': 0.623859415639886, '_a0_': 1.0, '_a1_': 1.0, '_a2_': 1.0, '_a5_': 1.0, '_a6_': 1.0}};{'d0': 0.02490583291941661};-280.569866449044;36.77893549305685
35117;-103.505997731465;((_a4_ + (((_a7_ + x) / -((_a3_ + _a3_))) * x)) * x);{'d0': {'_a3_': -0.14807089333172485, '_a4_': 1.7751354042357435, '_a7_': 0.623859415639886, '_a0_': 1.0, '_a1_': 1.0, '_a2_': 1.0, '_a5_': 1.0, '_a6_': 1.0}};{'d0': 0.02490583291941661};-280.569866449044;36.77893549305685
35118;-103.505997731465;((_a4_ + (((_a7_ + x) / -((_a3_ + _a3_))) * x)) * x);{'d0': {'_a3_': -0.14807089333172485, '_a4_': 1.7751354042357435, '_a7_': 0.623859415639886, '_a0_': 1.0, '_a1_': 1.0, '_a2_': 1.0, '_a5_': 1.0, '_a6_': 1.0}};{'d0': 0.02490583291941661};-280.569866449044;36.77893549305685
35119;-103.505997731465;((_a4_ + (((_a7_ + x) / -((_a3_ + _a3_))) * x)) * x);{'d0': {'_a3_': -0.14807089333172485, '_a4_': 1.7751354042357435, '_a7_': 0.623859415639886, '_a0_': 1.0, '_a1_': 1.0, '_a2_': 1.0, '_a5_': 1.0, '_a6_': 1.0}};{'d0': 0.02490583291941661};-280.569866449044;36.77893549305685
35120;-103.505997731465;((_a4_ + (((_a7_ + x) / -((_a3_ + _a3_))) * x)) * x);{'d0': {'_a3_': -0.14807089333172485, '_a4_': 1.7751354042357435, '_a7_': 0.623859415639886, '_a0_': 1.0, '_a1_': 1.0, '_a2_': 1.0, '_a5_': 1.0, '_a6_': 1.0}};{'d0': 0.02490583291941661};-280.569866449044;36.77893549305685
35121;-103.505997731465;((_a4_ + (((_a7_ + x) / -((_a3_ + _a3_))) * x)) * x);{'d0': {'_a3_': -0.14807089333172485, '_a4_': 1.7751354042357435, '_a7_': 0.623859415639886, '_a0_': 1.0, '_a1_': 1.0, '_a2_': 1.0, '_a5_': 1.0, '_a6_': 1.0}};{'d0': 0.02490583291941661};-280.569866449044;36.77893549305685
35122;-103.505997731465;((_a4_ + (((_a7_ + x) / -((_a3_ + _a3_))) * x)) * x);{'d0': {'_a3_': -0.14807089333172485, '_a4_': 1.7751354042357435, '_a7_': 0.623859415639886, '_a0_': 1.0, '_a1_': 1.0, '_a2_': 1.0, '_a5_': 1.0, '_a6_': 1.0}};{'d0': 0.02490583291941661};-280.569866449044;36.77893549305685
35123;-103.505997731465;((_a4_ + (((_a7_ + x) / -((_a3_ + _a3_))) * x)) * x);{'d0': {'_a3_': -0.14807089333172485, '_a4_': 1.7751354042357435, '_a7_': 0.623859415639886, '_a0_': 1.0, '_a1_': 1.0, '_a2_': 1.0, '_a5_': 1.0, '_a6_': 1.0}};{'d0': 0.02490583291941661};-280.569866449044;36.77893549305685
35124;-103.505997731465;((_a4_ + (((_a7_ + x) / -((_a3_ + _a3_))) * x)) * x);{'d0': {'_a3_': -0.14807089333172485, '_a4_': 1.7751354042357435, '_a7_': 0.623859415639886, '_a0_': 1.0, '_a1_': 1.0, '_a2_': 1.0, '_a5_': 1.0, '_a6_': 1.0}};{'d0': 0.02490583291941661};-280.569866449044;36.77893549305685
35125;-103.505997731465;((_a4_ + (((_a7_ + x) / -((_a3_ + _a3_))) * x)) * x);{'d0': {'_a3_': -0.14807089333172485, '_a4_': 1.7751354042357435, '_a7_': 0.623859415639886, '_a0_': 1.0, '_a1_': 1.0, '_a2_': 1.0, '_a5_': 1.0, '_a6_': 1.0}};{'d0': 0.02490583291941661};-280.569866449044;36.77893549305685
35126;-103.505997731465;((_a4_ + (((_a7_ + x) / -((_a3_ + _a3_))) * x)) * x);{'d0': {'_a3_': -0.14807089333172485, '_a4_': 1.7751354042357435, '_a7_': 0.623859415639886, '_a0_': 1.0, '_a1_': 1.0, '_a2_': 1.0, '_a5_': 1.0, '_a6_': 1.0}};{'d0': 0.02490583291941661};-280.569866449044;36.77893549305685
35127;-103.505997731465;((_a4_ + (((_a7_ + x) / -((_a3_ + _a3_))) * x)) * x);{'d0': {'_a3_': -0.14807089333172485, '_a4_': 1.7751354042357435, '_a7_': 0.623859415639886, '_a0_': 1.0, '_a1_': 1.0, '_a2_': 1.0, '_a5_': 1.0, '_a6_': 1.0}};{'d0': 0.02490583291941661};-280.569866449044;36.77893549305685
35128;-103.505997731465;((_a4_ + (((_a7_ + x) / -((_a3_ + _a3_))) * x)) * x);{'d0': {'_a3_': -0.14807089333172485, '_a4_': 1.7751354042357435, '_a7_': 0.623859415639886, '_a0_': 1.0, '_a1_': 1.0, '_a2_': 1.0, '_a5_': 1.0, '_a6_': 1.0}};{'d0': 0.02490583291941661};-280.569866449044;36.77893549305685
35129;-103.505997731465;((_a4_ + (((_a7_ + x) / -((_a3_ + _a3_))) * x)) * x);{'d0': {'_a3_': -0.14807089333172485, '_a4_': 1.7751354042357435, '_a7_': 0.623859415639886, '_a0_': 1.0, '_a1_': 1.0, '_a2_': 1.0, '_a5_': 1.0, '_a6_': 1.0}};{'d0': 0.02490583291941661};-280.569866449044;36.77893549305685
35130;-103.505997731465;((_a4_ + (((_a7_ + x) / -((_a3_ + _a3_))) * x)) * x);{'d0': {'_a3_': -0.14807089333172485, '_a4_': 1.7751354042357435, '_a7_': 0.623859415639886, '_a0_': 1.0, '_a1_': 1.0, '_a2_': 1.0, '_a5_': 1.0, '_a6_': 1.0}};{'d0': 0.02490583291941661};-280.569866449044;36.77893549305685
35131;-103.505997731465;((_a4_ + (((_a7_ + x) / -((_a3_ + _a3_))) * x)) * x);{'d0': {'_a3_': -0.14807089333172485, '_a4_': 1.7751354042357435, '_a7_': 0.623859415639886, '_a0_': 1.0, '_a1_': 1.0, '_a2_': 1.0, '_a5_': 1.0, '_a6_': 1.0}};{'d0': 0.02490583291941661};-280.569866449044;36.77893549305685
35132;-103.505997731465;((_a4_ + (((_a7_ + x) / -((_a3_ + _a3_))) * x)) * x);{'d0': {'_a3_': -0.14807089333172485, '_a4_': 1.7751354042357435, '_a7_': 0.623859415639886, '_a0_': 1.0, '_a1_': 1.0, '_a2_': 1.0, '_a5_': 1.0, '_a6_': 1.0}};{'d0': 0.02490583291941661};-280.569866449044;36.77893549305685
35133;-103.505997731465;((_a4_ + (((_a7_ + x) / -((_a3_ + _a3_))) * x)) * x);{'d0': {'_a3_': -0.14807089333172485, '_a4_': 1.7751354042357435, '_a7_': 0.623859415639886, '_a0_': 1.0, '_a1_': 1.0, '_a2_': 1.0, '_a5_': 1.0, '_a6_': 1.0}};{'d0': 0.02490583291941661};-280.569866449044;36.77893549305685
35134;-103.505997731465;((_a4_ + (((_a7_ + x) / -((_a3_ + _a3_))) * x)) * x);{'d0': {'_a3_': -0.14807089333172485, '_a4_': 1.7751354042357435, '_a7_': 0.623859415639886, '_a0_': 1.0, '_a1_': 1.0, '_a2_': 1.0, '_a5_': 1.0, '_a6_': 1.0}};{'d0': 0.02490583291941661};-280.569866449044;36.77893549305685
35135;-103.505997731465;((_a4_ + (((_a7_ + x) / -((_a3_ + _a3_))) * x)) * x);{'d0': {'_a3_': -0.14807089333172485, '_a4_': 1.7751354042357435, '_a7_': 0.623859415639886, '_a0_': 1.0, '_a1_': 1.0, '_a2_': 1.0, '_a5_': 1.0, '_a6_': 1.0}};{'d0': 0.02490583291941661};-280.569866449044;36.77893549305685
35136;-103.505997731465;((_a4_ + (((_a7_ + x) / -((_a3_ + _a3_))) * x)) * x);{'d0': {'_a3_': -0.14807089333172485, '_a4_': 1.7751354042357435, '_a7_': 0.623859415639886, '_a0_': 1.0, '_a1_': 1.0, '_a2_': 1.0, '_a5_': 1.0, '_a6_': 1.0}};{'d0': 0.02490583291941661};-280.569866449044;36.77893549305685
35137;-103.505997731465;((_a4_ + (((_a7_ + x) / -((_a3_ + _a3_))) * x)) * x);{'d0': {'_a3_': -0.14807089333172485, '_a4_': 1.7751354042357435, '_a7_': 0.623859415639886, '_a0_': 1.0, '_a1_': 1.0, '_a2_': 1.0, '_a5_': 1.0, '_a6_': 1.0}};{'d0': 0.02490583291941661};-280.569866449044;36.77893549305685
35138;-103.505997731465;((_a4_ + (((_a7_ + x) / -((_a3_ + _a3_))) * x)) * x);{'d0': {'_a3_': -0.14807089333172485, '_a4_': 1.7751354042357435, '_a7_': 0.623859415639886, '_a0_': 1.0, '_a1_': 1.0, '_a2_': 1.0, '_a5_': 1.0, '_a6_': 1.0}};{'d0': 0.02490583291941661};-280.569866449044;36.77893549305685
35139;-99.6002762159030;((((x * (x * (_a7_ + x))) * _a3_) + (x * -(_a5_))) / _a7_);{'d0': {'_a3_': 2.106624067541474, '_a5_': -1.1074349359038262, '_a7_': 0.6238594155517673, '_a0_': 1.0, '_a1_': 1.0, '_a2_': 1.0, '_a4_': 1.0, '_a6_': 1.0}};{'d0': 0.024905832919416643};-280.569866449044;40.684657008618736
35140;-99.6002762159030;((((x * (x * (_a7_ + x))) * _a3_) + (x * -(_a5_))) / _a7_);{'d0': {'_a3_': 2.106624067541474, '_a5_': -1.1074349359038262, '_a7_': 0.6238594155517673, '_a0_': 1.0, '_a1_': 1.0, '_a2_': 1.0, '_a4_': 1.0, '_a6_': 1.0}};{'d0': 0.024905832919416643};-280.569866449044;40.684657008618736
35141;-99.6002762159030;((((x * (x * (_a7_ + x))) * _a3_) + (x * -(_a5_))) / _a7_);{'d0': {'_a3_': 2.106624067541474, '_a5_': -1.1074349359038262, '_a7_': 0.6238594155517673, '_a0_': 1.0, '_a1_': 1.0, '_a2_': 1.0, '_a4_': 1.0, '_a6_': 1.0}};{'d0': 0.024905832919416643};-280.569866449044;40.684657008618736
35142;-99.6002762159030;((((x * (x * (_a7_ + x))) * _a3_) + (x * -(_a5_))) / _a7_);{'d0': {'_a3_': 2.106624067541474, '_a5_': -1.1074349359038262, '_a7_': 0.6238594155517673, '_a0_': 1.0, '_a1_': 1.0, '_a2_': 1.0, '_a4_': 1.0, '_a6_': 1.0}};{'d0': 0.024905832919416643};-280.569866449044;40.684657008618736
35143;-99.6002762159030;((((x * (x * (_a7_ + x))) * _a3_) + (x * -(_a5_))) / _a7_);{'d0': {'_a3_': 2.106624067541474, '_a5_': -1.1074349359038262, '_a7_': 0.6238594155517673, '_a0_': 1.0, '_a1_': 1.0, '_a2_': 1.0, '_a4_': 1.0, '_a6_': 1.0}};{'d0': 0.024905832919416643};-280.569866449044;40.684657008618736
35144;-99.6002762159030;((((x * (x * (_a7_ + x))) * _a3_) + (x * -(_a5_))) / _a7_);{'d0': {'_a3_': 2.106624067541474, '_a5_': -1.1074349359038262, '_a7_': 0.6238594155517673, '_a0_': 1.0, '_a1_': 1.0, '_a2_': 1.0, '_a4_': 1.0, '_a6_': 1.0}};{'d0': 0.024905832919416643};-280.569866449044;40.684657008618736
35145;-106.633986122803;((_a6_ * (pow2(((_a6_ * x) + pow2(_a3_))) + _a5_)) * x);{'d0': {'_a3_': 0.6840876558586174, '_a5_': 0.9642163981239543, '_a6_': 1.5002608254758174, '_a0_': 1.0, '_a1_': 1.0, '_a2_': 1.0, '_a4_': 1.0, '_a7_': 1.0}};{'d0': 0.02490583291941669};-280.569866449043;33.650947101719076
35146;-106.633986122803;((_a6_ * (pow2(((_a6_ * x) + pow2(_a3_))) + _a5_)) * x);{'d0': {'_a3_': 0.6840876558586174, '_a5_': 0.9642163981239543, '_a6_': 1.5002608254758174, '_a0_': 1.0, '_a1_': 1.0, '_a2_': 1.0, '_a4_': 1.0, '_a7_': 1.0}};{'d0': 0.02490583291941669};-280.569866449043;33.650947101719076
35147;-99.6002762159030;((((x * (x * (_a7_ + x))) * _a3_) + (x * -(_a5_))) / _a7_);{'d0': {'_a3_': 2.106624067541474, '_a5_': -1.1074349359038262, '_a7_': 0.6238594155517673, '_a0_': 1.0, '_a1_': 1.0, '_a2_': 1.0, '_a4_': 1.0, '_a6_': 1.0}};{'d0': 0.024905832919416643};-280.569866449044;40.684657008618736
35148;-99.6002762159030;((((x * (x * (_a7_ + x))) * _a3_) + (x * -(_a5_))) / _a7_);{'d0': {'_a3_': 2.106624067541474, '_a5_': -1.1074349359038262, '_a7_': 0.6238594155517673, '_a0_': 1.0, '_a1_': 1.0, '_a2_': 1.0, '_a4_': 1.0, '_a6_': 1.0}};{'d0': 0.024905832919416643};-280.569866449044;40.684657008618736
35149;-99.6002762159030;((((x * (x * (_a7_ + x))) * _a3_) + (x * -(_a5_))) / _a7_);{'d0': {'_a3_': 2.106624067541474, '_a5_': -1.1074349359038262, '_a7_': 0.6238594155517673, '_a0_': 1.0, '_a1_': 1.0, '_a2_': 1.0, '_a4_': 1.0, '_a6_': 1.0}};{'d0': 0.024905832919416643};-280.569866449044;40.684657008618736
35150;-99.6002762159030;((((x * (x * (_a7_ + x))) * _a3_) + (x * -(_a5_))) / _a7_);{'d0': {'_a3_': 2.106624067541474, '_a5_': -1.1074349359038262, '_a7_': 0.6238594155517673, '_a0_': 1.0, '_a1_': 1.0, '_a2_': 1.0, '_a4_': 1.0, '_a6_': 1.0}};{'d0': 0.024905832919416643};-280.569866449044;40.684657008618736
35151;-99.6002762159030;((((x * (x * (_a7_ + x))) * _a3_) + (x * -(_a5_))) / _a7_);{'d0': {'_a3_': 2.106624067541474, '_a5_': -1.1074349359038262, '_a7_': 0.6238594155517673, '_a0_': 1.0, '_a1_': 1.0, '_a2_': 1.0, '_a4_': 1.0, '_a6_': 1.0}};{'d0': 0.024905832919416643};-280.569866449044;40.684657008618736
35152;-99.6002762159030;((((x * (x * (_a7_ + x))) * _a3_) + (x * -(_a5_))) / _a7_);{'d0': {'_a3_': 2.106624067541474, '_a5_': -1.1074349359038262, '_a7_': 0.6238594155517673, '_a0_': 1.0, '_a1_': 1.0, '_a2_': 1.0, '_a4_': 1.0, '_a6_': 1.0}};{'d0': 0.024905832919416643};-280.569866449044;40.684657008618736
35153;-99.6002762159030;((((x * (x * (_a7_ + x))) * _a3_) + (x * -(_a5_))) / _a7_);{'d0': {'_a3_': 2.106624067541474, '_a5_': -1.1074349359038262, '_a7_': 0.6238594155517673, '_a0_': 1.0, '_a1_': 1.0, '_a2_': 1.0, '_a4_': 1.0, '_a6_': 1.0}};{'d0': 0.024905832919416643};-280.569866449044;40.684657008618736
35154;-99.6002762159030;((((x * (x * (_a7_ + x))) * _a3_) + (x * -(_a5_))) / _a7_);{'d0': {'_a3_': 2.106624067541474, '_a5_': -1.1074349359038262, '_a7_': 0.6238594155517673, '_a0_': 1.0, '_a1_': 1.0, '_a2_': 1.0, '_a4_': 1.0, '_a6_': 1.0}};{'d0': 0.024905832919416643};-280.569866449044;40.684657008618736
35155;-99.6002762159030;((((x * (x * (_a7_ + x))) * _a3_) + (x * -(_a5_))) / _a7_);{'d0': {'_a3_': 2.106624067541474, '_a5_': -1.1074349359038262, '_a7_': 0.6238594155517673, '_a0_': 1.0, '_a1_': 1.0, '_a2_': 1.0, '_a4_': 1.0, '_a6_': 1.0}};{'d0': 0.024905832919416643};-280.569866449044;40.684657008618736
35156;-99.6002762159030;((((x * (x * (_a7_ + x))) * _a3_) + (x * -(_a5_))) / _a7_);{'d0': {'_a3_': 2.106624067541474, '_a5_': -1.1074349359038262, '_a7_': 0.6238594155517673, '_a0_': 1.0, '_a1_': 1.0, '_a2_': 1.0, '_a4_': 1.0, '_a6_': 1.0}};{'d0': 0.024905832919416643};-280.569866449044;40.684657008618736
35157;-99.6002762159030;((((x * (x * (_a7_ + x))) * _a3_) + (x * -(_a5_))) / _a7_);{'d0': {'_a3_': 2.106624067541474, '_a5_': -1.1074349359038262, '_a7_': 0.6238594155517673, '_a0_': 1.0, '_a1_': 1.0, '_a2_': 1.0, '_a4_': 1.0, '_a6_': 1.0}};{'d0': 0.024905832919416643};-280.569866449044;40.684657008618736
35158;-99.6002762159030;((((x * (x * (_a7_ + x))) * _a3_) + (x * -(_a5_))) / _a7_);{'d0': {'_a3_': 2.106624067541474, '_a5_': -1.1074349359038262, '_a7_': 0.6238594155517673, '_a0_': 1.0, '_a1_': 1.0, '_a2_': 1.0, '_a4_': 1.0, '_a6_': 1.0}};{'d0': 0.024905832919416643};-280.569866449044;40.684657008618736
35159;-105.400567982305;(((x * (x * (_a7_ + x))) * _a3_) + (x * -(_a5_)));{'d0': {'_a3_': 3.376760878972035, '_a5_': -1.775135404204097, '_a7_': 0.6238594155945967, '_a0_': 1.0, '_a1_': 1.0, '_a2_': 1.0, '_a4_': 1.0, '_a6_': 1.0}};{'d0': 0.02490583291941661};-280.569866449044;34.88436524221633
35160;-105.400567982305;(((x * (x * (_a7_ + x))) * _a3_) + (x * -(_a5_)));{'d0': {'_a3_': 3.376760878972035, '_a5_': -1.775135404204097, '_a7_': 0.6238594155945967, '_a0_': 1.0, '_a1_': 1.0, '_a2_': 1.0, '_a4_': 1.0, '_a6_': 1.0}};{'d0': 0.02490583291941661};-280.569866449044;34.88436524221633
35161;-105.400567982305;(((x * (x * (_a7_ + x))) * _a3_) + (x * -(_a5_)));{'d0': {'_a3_': 3.376760878972035, '_a5_': -1.775135404204097, '_a7_': 0.6238594155945967, '_a0_': 1.0, '_a1_': 1.0, '_a2_': 1.0, '_a4_': 1.0, '_a6_': 1.0}};{'d0': 0.02490583291941661};-280.569866449044;34.88436524221633
35162;-105.400567982305;(((x * (x * (_a7_ + x))) * _a3_) + (x * -(_a5_)));{'d0': {'_a3_': 3.376760878972035, '_a5_': -1.775135404204097, '_a7_': 0.6238594155945967, '_a0_': 1.0, '_a1_': 1.0, '_a2_': 1.0, '_a4_': 1.0, '_a6_': 1.0}};{'d0': 0.02490583291941661};-280.569866449044;34.88436524221633
35163;-105.400567982305;(((x * (x * (_a7_ + x))) * _a3_) + (x * -(_a5_)));{'d0': {'_a3_': 3.376760878972035, '_a5_': -1.775135404204097, '_a7_': 0.6238594155945967, '_a0_': 1.0, '_a1_': 1.0, '_a2_': 1.0, '_a4_': 1.0, '_a6_': 1.0}};{'d0': 0.02490583291941661};-280.569866449044;34.88436524221633
35164;-105.400567982305;(((x * (x * (_a7_ + x))) * _a3_) + (x * -(_a5_)));{'d0': {'_a3_': 3.376760878972035, '_a5_': -1.775135404204097, '_a7_': 0.6238594155945967, '_a0_': 1.0, '_a1_': 1.0, '_a2_': 1.0, '_a4_': 1.0, '_a6_': 1.0}};{'d0': 0.02490583291941661};-280.569866449044;34.88436524221633
35165;-105.400567982305;(((x * (x * (_a7_ + x))) * _a3_) + (x * -(_a5_)));{'d0': {'_a3_': 3.376760878972035, '_a5_': -1.775135404204097, '_a7_': 0.6238594155945967, '_a0_': 1.0, '_a1_': 1.0, '_a2_': 1.0, '_a4_': 1.0, '_a6_': 1.0}};{'d0': 0.02490583291941661};-280.569866449044;34.88436524221633
35166;-105.400567982305;(((x * (x * (_a7_ + x))) * _a3_) + (x * -(_a5_)));{'d0': {'_a3_': 3.376760878972035, '_a5_': -1.775135404204097, '_a7_': 0.6238594155945967, '_a0_': 1.0, '_a1_': 1.0, '_a2_': 1.0, '_a4_': 1.0, '_a6_': 1.0}};{'d0': 0.02490583291941661};-280.569866449044;34.88436524221633
35167;-105.400567982305;(((x * (x * (_a7_ + x))) * _a3_) + (x * -(_a5_)));{'d0': {'_a3_': 3.376760878972035, '_a5_': -1.775135404204097, '_a7_': 0.6238594155945967, '_a0_': 1.0, '_a1_': 1.0, '_a2_': 1.0, '_a4_': 1.0, '_a6_': 1.0}};{'d0': 0.02490583291941661};-280.569866449044;34.88436524221633
35168;-105.400567982305;(((x * (x * (_a7_ + x))) * _a3_) + (x * -(_a5_)));{'d0': {'_a3_': 3.376760878972035, '_a5_': -1.775135404204097, '_a7_': 0.6238594155945967, '_a0_': 1.0, '_a1_': 1.0, '_a2_': 1.0, '_a4_': 1.0, '_a6_': 1.0}};{'d0': 0.02490583291941661};-280.569866449044;34.88436524221633
35169;-105.400567982305;(((x * (x * (_a7_ + x))) * _a3_) + (x * -(_a5_)));{'d0': {'_a3_': 3.376760878972035, '_a5_': -1.775135404204097, '_a7_': 0.6238594155945967, '_a0_': 1.0, '_a1_': 1.0, '_a2_': 1.0, '_a4_': 1.0, '_a6_': 1.0}};{'d0': 0.02490583291941661};-280.569866449044;34.88436524221633
35170;-105.400567982305;(((x * (x * (_a7_ + x))) * _a3_) + (x * -(_a5_)));{'d0': {'_a3_': 3.376760878972035, '_a5_': -1.775135404204097, '_a7_': 0.6238594155945967, '_a0_': 1.0, '_a1_': 1.0, '_a2_': 1.0, '_a4_': 1.0, '_a6_': 1.0}};{'d0': 0.02490583291941661};-280.569866449044;34.88436524221633
35171;-105.400567982305;(((x * (x * (_a7_ + x))) * _a3_) + (x * -(_a5_)));{'d0': {'_a3_': 3.376760878972035, '_a5_': -1.775135404204097, '_a7_': 0.6238594155945967, '_a0_': 1.0, '_a1_': 1.0, '_a2_': 1.0, '_a4_': 1.0, '_a6_': 1.0}};{'d0': 0.02490583291941661};-280.569866449044;34.88436524221633
35172;-105.400567982305;(((x * (x * (_a7_ + x))) * _a3_) + (x * -(_a5_)));{'d0': {'_a3_': 3.376760878972035, '_a5_': -1.775135404204097, '_a7_': 0.6238594155945967, '_a0_': 1.0, '_a1_': 1.0, '_a2_': 1.0, '_a4_': 1.0, '_a6_': 1.0}};{'d0': 0.02490583291941661};-280.569866449044;34.88436524221633
35173;-105.400567982305;(((x * (x * (_a7_ + x))) * _a3_) + (x * -(_a5_)));{'d0': {'_a3_': 3.376760878972035, '_a5_': -1.775135404204097, '_a7_': 0.6238594155945967, '_a0_': 1.0, '_a1_': 1.0, '_a2_': 1.0, '_a4_': 1.0, '_a6_': 1.0}};{'d0': 0.02490583291941661};-280.569866449044;34.88436524221633
35174;-105.400567982305;(((x * (x * (_a7_ + x))) * _a3_) + (x * -(_a5_)));{'d0': {'_a3_': 3.376760878972035, '_a5_': -1.775135404204097, '_a7_': 0.6238594155945967, '_a0_': 1.0, '_a1_': 1.0, '_a2_': 1.0, '_a4_': 1.0, '_a6_': 1.0}};{'d0': 0.02490583291941661};-280.569866449044;34.88436524221633
35175;-106.633986122803;((_a6_ * (pow2(((_a6_ * x) + pow2(_a3_))) + _a5_)) * x);{'d0': {'_a3_': 0.6840876558586174, '_a5_': 0.9642163981239543, '_a6_': 1.5002608254758174, '_a0_': 1.0, '_a1_': 1.0, '_a2_': 1.0, '_a4_': 1.0, '_a7_': 1.0}};{'d0': 0.02490583291941669};-280.569866449043;33.650947101719076
35176;-105.400567982305;(((x * (x * (_a7_ + x))) * _a3_) + (x * -(_a5_)));{'d0': {'_a3_': 3.376760878972035, '_a5_': -1.775135404204097, '_a7_': 0.6238594155945967, '_a0_': 1.0, '_a1_': 1.0, '_a2_': 1.0, '_a4_': 1.0, '_a6_': 1.0}};{'d0': 0.02490583291941661};-280.569866449044;34.88436524221633
35177;-105.400567982305;(((x * (x * (_a7_ + x))) * _a3_) + (x * -(_a5_)));{'d0': {'_a3_': 3.376760878972035, '_a5_': -1.775135404204097, '_a7_': 0.6238594155945967, '_a0_': 1.0, '_a1_': 1.0, '_a2_': 1.0, '_a4_': 1.0, '_a6_': 1.0}};{'d0': 0.02490583291941661};-280.569866449044;34.88436524221633
35178;-105.400567982305;(((x * (x * (_a7_ + x))) * _a3_) + (x * -(_a5_)));{'d0': {'_a3_': 3.376760878972035, '_a5_': -1.775135404204097, '_a7_': 0.6238594155945967, '_a0_': 1.0, '_a1_': 1.0, '_a2_': 1.0, '_a4_': 1.0, '_a6_': 1.0}};{'d0': 0.02490583291941661};-280.569866449044;34.88436524221633
35179;-99.6002762159030;(((x * (x * (_a7_ + x))) * _a3_) + (x * -((_a2_ / _a3_))));{'d0': {'_a2_': -5.994207786892354, '_a3_': 3.3767608782607184, '_a7_': 0.6238594155614079, '_a0_': 1.0, '_a1_': 1.0, '_a4_': 1.0, '_a5_': 1.0, '_a6_': 1.0}};{'d0': 0.024905832919416615};-280.569866449044;40.684657008618736
35180;-99.6002762159030;(((x * (x * (_a7_ + x))) * _a3_) + (x * -((_a2_ / _a3_))));{'d0': {'_a2_': -5.994207786892354, '_a3_': 3.3767608782607184, '_a7_': 0.6238594155614079, '_a0_': 1.0, '_a1_': 1.0, '_a4_': 1.0, '_a5_': 1.0, '_a6_': 1.0}};{'d0': 0.024905832919416615};-280.569866449044;40.684657008618736
35181;-99.6002762159030;(((x * (x * (_a7_ + x))) * _a3_) + (x * -((_a2_ / _a3_))));{'d0': {'_a2_': -5.994207786892354, '_a3_': 3.3767608782607184, '_a7_': 0.6238594155614079, '_a0_': 1.0, '_a1_': 1.0, '_a4_': 1.0, '_a5_': 1.0, '_a6_': 1.0}};{'d0': 0.024905832919416615};-280.569866449044;40.684657008618736
35182;-99.6002762159030;(((x * (x * (_a7_ + x))) * _a3_) + (x * -((_a2_ / _a3_))));{'d0': {'_a2_': -5.994207786892354, '_a3_': 3.3767608782607184, '_a7_': 0.6238594155614079, '_a0_': 1.0, '_a1_': 1.0, '_a4_': 1.0, '_a5_': 1.0, '_a6_': 1.0}};{'d0': 0.024905832919416615};-280.569866449044;40.684657008618736
35183;-99.6002762159030;(((x * (x * (_a7_ + x))) * _a3_) + (x * -((_a2_ / _a3_))));{'d0': {'_a2_': -5.994207786892354, '_a3_': 3.3767608782607184, '_a7_': 0.6238594155614079, '_a0_': 1.0, '_a1_': 1.0, '_a4_': 1.0, '_a5_': 1.0, '_a6_': 1.0}};{'d0': 0.024905832919416615};-280.569866449044;40.684657008618736
35184;-99.6002762159030;(((x * (x * (_a7_ + x))) * _a3_) + (x * -((_a2_ / _a3_))));{'d0': {'_a2_': -5.994207786892354, '_a3_': 3.3767608782607184, '_a7_': 0.6238594155614079, '_a0_': 1.0, '_a1_': 1.0, '_a4_': 1.0, '_a5_': 1.0, '_a6_': 1.0}};{'d0': 0.024905832919416615};-280.569866449044;40.684657008618736
35185;-99.6002762159030;(((x * (x * (_a7_ + x))) * _a3_) + (x * -((_a2_ / _a3_))));{'d0': {'_a2_': -5.994207786892354, '_a3_': 3.3767608782607184, '_a7_': 0.6238594155614079, '_a0_': 1.0, '_a1_': 1.0, '_a4_': 1.0, '_a5_': 1.0, '_a6_': 1.0}};{'d0': 0.024905832919416615};-280.569866449044;40.684657008618736
35186;-99.6002762159030;(((x * (x * (_a7_ + x))) * _a3_) + (x * -((_a2_ / _a3_))));{'d0': {'_a2_': -5.994207786892354, '_a3_': 3.3767608782607184, '_a7_': 0.6238594155614079, '_a0_': 1.0, '_a1_': 1.0, '_a4_': 1.0, '_a5_': 1.0, '_a6_': 1.0}};{'d0': 0.024905832919416615};-280.569866449044;40.684657008618736
35187;-99.6002762159030;(((x * (x * (_a7_ + x))) * _a3_) + (x * -((_a2_ / _a3_))));{'d0': {'_a2_': -5.994207786892354, '_a3_': 3.3767608782607184, '_a7_': 0.6238594155614079, '_a0_': 1.0, '_a1_': 1.0, '_a4_': 1.0, '_a5_': 1.0, '_a6_': 1.0}};{'d0': 0.024905832919416615};-280.569866449044;40.684657008618736
35188;-99.6002762159030;(((x * (x * (_a7_ + x))) * _a3_) + (x * -((_a2_ / _a3_))));{'d0': {'_a2_': -5.994207786892354, '_a3_': 3.3767608782607184, '_a7_': 0.6238594155614079, '_a0_': 1.0, '_a1_': 1.0, '_a4_': 1.0, '_a5_': 1.0, '_a6_': 1.0}};{'d0': 0.024905832919416615};-280.569866449044;40.684657008618736
35189;-99.6002762159030;(((x * (x * (_a7_ + x))) * _a3_) + (x * -((_a2_ / _a3_))));{'d0': {'_a2_': -5.994207786892354, '_a3_': 3.3767608782607184, '_a7_': 0.6238594155614079, '_a0_': 1.0, '_a1_': 1.0, '_a4_': 1.0, '_a5_': 1.0, '_a6_': 1.0}};{'d0': 0.024905832919416615};-280.569866449044;40.684657008618736
35190;-99.6002762159030;(((x * (x * (_a7_ + x))) * _a3_) + (x * -((_a2_ / _a3_))));{'d0': {'_a2_': -5.994207786892354, '_a3_': 3.3767608782607184, '_a7_': 0.6238594155614079, '_a0_': 1.0, '_a1_': 1.0, '_a4_': 1.0, '_a5_': 1.0, '_a6_': 1.0}};{'d0': 0.024905832919416615};-280.569866449044;40.684657008618736
35191;-97.5531039324713;(((x * (x * (_a7_ + x))) * _a3_) + (x * -((_a2_ / _a4_))));{'d0': {'_a2_': -234.95168979600618, '_a3_': 3.376760876380874, '_a4_': 132.35702600546944, '_a7_': 0.6238594157121726, '_a0_': 1.0, '_a1_': 1.0, '_a5_': 1.0, '_a6_': 1.0}};{'d0': 0.024905832921343237};-276.475521882180;40.684657008618736
35192;-97.5531039324713;(((x * (x * (_a7_ + x))) * _a3_) + (x * -((_a2_ / _a4_))));{'d0': {'_a2_': -234.95168979600618, '_a3_': 3.376760876380874, '_a4_': 132.35702600546944, '_a7_': 0.6238594157121726, '_a0_': 1.0, '_a1_': 1.0, '_a5_': 1.0, '_a6_': 1.0}};{'d0': 0.024905832921343237};-276.475521882180;40.684657008618736
35193;-97.5531039324713;(((x * (x * (_a7_ + x))) * _a3_) + (x * -((_a2_ / _a4_))));{'d0': {'_a2_': -234.95168979600618, '_a3_': 3.376760876380874, '_a4_': 132.35702600546944, '_a7_': 0.6238594157121726, '_a0_': 1.0, '_a1_': 1.0, '_a5_': 1.0, '_a6_': 1.0}};{'d0': 0.024905832921343237};-276.475521882180;40.684657008618736
35194;-105.400567982305;(((x * (x * (_a7_ + x))) * _a3_) + (x * -(_a2_)));{'d0': {'_a2_': -1.7751354042580452, '_a3_': 3.3767608777209692, '_a7_': 0.6238594155096325, '_a0_': 1.0, '_a1_': 1.0, '_a4_': 1.0, '_a5_': 1.0, '_a6_': 1.0}};{'d0': 0.024905832919416625};-280.569866449044;34.88436524221633
35195;-105.400567982305;(((x * (x * (_a7_ + x))) * _a3_) + (x * -(_a2_)));{'d0': {'_a2_': -1.7751354042580452, '_a3_': 3.3767608777209692, '_a7_': 0.6238594155096325, '_a0_': 1.0, '_a1_': 1.0, '_a4_': 1.0, '_a5_': 1.0, '_a6_': 1.0}};{'d0': 0.024905832919416625};-280.569866449044;34.88436524221633
35196;-105.400567982305;(((x * (x * (_a7_ + x))) * _a3_) + (x * -(_a2_)));{'d0': {'_a2_': -1.7751354042580452, '_a3_': 3.3767608777209692, '_a7_': 0.6238594155096325, '_a0_': 1.0, '_a1_': 1.0, '_a4_': 1.0, '_a5_': 1.0, '_a6_': 1.0}};{'d0': 0.024905832919416625};-280.569866449044;34.88436524221633
35197;-105.400567982305;(((x * (x * (_a7_ + x))) * _a3_) + (x * -(_a2_)));{'d0': {'_a2_': -1.7751354042580452, '_a3_': 3.3767608777209692, '_a7_': 0.6238594155096325, '_a0_': 1.0, '_a1_': 1.0, '_a4_': 1.0, '_a5_': 1.0, '_a6_': 1.0}};{'d0': 0.024905832919416625};-280.569866449044;34.88436524221633
35198;-105.400567982305;(((x * (x * (_a7_ + x))) * _a3_) + (x * -(_a2_)));{'d0': {'_a2_': -1.7751354042580452, '_a3_': 3.3767608777209692, '_a7_': 0.6238594155096325, '_a0_': 1.0, '_a1_': 1.0, '_a4_': 1.0, '_a5_': 1.0, '_a6_': 1.0}};{'d0': 0.024905832919416625};-280.569866449044;34.88436524221633
35199;-105.400567982305;(((x * (x * (_a7_ + x))) * _a3_) + (x * -(_a2_)));{'d0': {'_a2_': -1.7751354042580452, '_a3_': 3.3767608777209692, '_a7_': 0.6238594155096325, '_a0_': 1.0, '_a1_': 1.0, '_a4_': 1.0, '_a5_': 1.0, '_a6_': 1.0}};{'d0': 0.024905832919416625};-280.569866449044;34.88436524221633
35200;-105.400567982305;(((x * (x * (_a7_ + x))) * _a3_) + (x * -(_a2_)));{'d0': {'_a2_': -1.7751354042580452, '_a3_': 3.3767608777209692, '_a7_': 0.6238594155096325, '_a0_': 1.0, '_a1_': 1.0, '_a4_': 1.0, '_a5_': 1.0, '_a6_': 1.0}};{'d0': 0.024905832919416625};-280.569866449044;34.88436524221633
35201;-105.400567982305;(((x * (x * (_a7_ + x))) * _a3_) + (x * -(_a2_)));{'d0': {'_a2_': -1.7751354042580452, '_a3_': 3.3767608777209692, '_a7_': 0.6238594155096325, '_a0_': 1.0, '_a1_': 1.0, '_a4_': 1.0, '_a5_': 1.0, '_a6_': 1.0}};{'d0': 0.024905832919416625};-280.569866449044;34.88436524221633
35202;-98.6290150923300;(((_a3_ * _a6_) + (((_a7_ + x) / -((_a3_ + _a3_))) * x)) * x);{'d0': {'_a3_': -0.14807089335140453, '_a6_': -11.98841557605223, '_a7_': 0.623859415562682, '_a0_': 1.0, '_a1_': 1.0, '_a2_': 1.0, '_a4_': 1.0, '_a5_': 1.0}};{'d0': 0.02490583291941661};-280.569866449044;41.65591813219185
35203;-105.400567982305;(((x * (x * (_a7_ + x))) * _a3_) + (x * -(_a2_)));{'d0': {'_a2_': -1.7751354042580452, '_a3_': 3.3767608777209692, '_a7_': 0.6238594155096325, '_a0_': 1.0, '_a1_': 1.0, '_a4_': 1.0, '_a5_': 1.0, '_a6_': 1.0}};{'d0': 0.024905832919416625};-280.569866449044;34.88436524221633
35204;-105.400567982305;(((x * (x * (_a7_ + x))) * _a3_) + (x * -(_a2_)));{'d0': {'_a2_': -1.7751354042580452, '_a3_': 3.3767608777209692, '_a7_': 0.6238594155096325, '_a0_': 1.0, '_a1_': 1.0, '_a4_': 1.0, '_a5_': 1.0, '_a6_': 1.0}};{'d0': 0.024905832919416625};-280.569866449044;34.88436524221633
35205;-104.549616141360;(((_a3_ * _a6_) + (((_a7_ + x) / -(_a6_)) * x)) * x);{'d0': {'_a3_': -5.994207787860801, '_a6_': -0.2961417867429937, '_a7_': 0.6238594156238026, '_a0_': 1.0, '_a1_': 1.0, '_a2_': 1.0, '_a4_': 1.0, '_a5_': 1.0}};{'d0': 0.024905832919416632};-280.569866449044;35.73531708316185
35206;-104.549616141360;(((_a3_ * _a6_) + (((_a7_ + x) / -(_a6_)) * x)) * x);{'d0': {'_a3_': -5.994207787860801, '_a6_': -0.2961417867429937, '_a7_': 0.6238594156238026, '_a0_': 1.0, '_a1_': 1.0, '_a2_': 1.0, '_a4_': 1.0, '_a5_': 1.0}};{'d0': 0.024905832919416632};-280.569866449044;35.73531708316185
35207;-104.549616141360;(((_a3_ * _a6_) + (((_a7_ + x) / -(_a6_)) * x)) * x);{'d0': {'_a3_': -5.994207787860801, '_a6_': -0.2961417867429937, '_a7_': 0.6238594156238026, '_a0_': 1.0, '_a1_': 1.0, '_a2_': 1.0, '_a4_': 1.0, '_a5_': 1.0}};{'d0': 0.024905832919416632};-280.569866449044;35.73531708316185
35208;-104.549616141360;(((_a3_ * _a6_) + (((_a7_ + x) / -(_a6_)) * x)) * x);{'d0': {'_a3_': -5.994207787860801, '_a6_': -0.2961417867429937, '_a7_': 0.6238594156238026, '_a0_': 1.0, '_a1_': 1.0, '_a2_': 1.0, '_a4_': 1.0, '_a5_': 1.0}};{'d0': 0.024905832919416632};-280.569866449044;35.73531708316185
35209;-104.549616141360;(((_a3_ * _a6_) + (((_a7_ + x) / -(_a6_)) * x)) * x);{'d0': {'_a3_': -5.994207787860801, '_a6_': -0.2961417867429937, '_a7_': 0.6238594156238026, '_a0_': 1.0, '_a1_': 1.0, '_a2_': 1.0, '_a4_': 1.0, '_a5_': 1.0}};{'d0': 0.024905832919416632};-280.569866449044;35.73531708316185
35210;-105.400567982305;(((x * (x * (_a7_ + x))) * _a3_) + (x * -(_a2_)));{'d0': {'_a2_': -1.7751354042580452, '_a3_': 3.3767608777209692, '_a7_': 0.6238594155096325, '_a0_': 1.0, '_a1_': 1.0, '_a4_': 1.0, '_a5_': 1.0, '_a6_': 1.0}};{'d0': 0.024905832919416625};-280.569866449044;34.88436524221633
35211;-105.400567982305;(((x * (x * (_a7_ + x))) * _a3_) + (x * -(_a2_)));{'d0': {'_a2_': -1.7751354042580452, '_a3_': 3.3767608777209692, '_a7_': 0.6238594155096325, '_a0_': 1.0, '_a1_': 1.0, '_a4_': 1.0, '_a5_': 1.0, '_a6_': 1.0}};{'d0': 0.024905832919416625};-280.569866449044;34.88436524221633
35212;-105.400567982305;(((x * (x * (_a7_ + x))) * _a3_) + (x * -(_a2_)));{'d0': {'_a2_': -1.7751354042580452, '_a3_': 3.3767608777209692, '_a7_': 0.6238594155096325, '_a0_': 1.0, '_a1_': 1.0, '_a4_': 1.0, '_a5_': 1.0, '_a6_': 1.0}};{'d0': 0.024905832919416625};-280.569866449044;34.88436524221633
35213;-105.400567982305;(((x * (x * (_a7_ + x))) * _a3_) + (x * -(_a2_)));{'d0': {'_a2_': -1.7751354042580452, '_a3_': 3.3767608777209692, '_a7_': 0.6238594155096325, '_a0_': 1.0, '_a1_': 1.0, '_a4_': 1.0, '_a5_': 1.0, '_a6_': 1.0}};{'d0': 0.024905832919416625};-280.569866449044;34.88436524221633
35214;-105.400567982305;(((x * (x * (_a7_ + x))) * _a3_) + (x * -(_a2_)));{'d0': {'_a2_': -1.7751354042580452, '_a3_': 3.3767608777209692, '_a7_': 0.6238594155096325, '_a0_': 1.0, '_a1_': 1.0, '_a4_': 1.0, '_a5_': 1.0, '_a6_': 1.0}};{'d0': 0.024905832919416625};-280.569866449044;34.88436524221633
35215;-105.400567982305;(((x * (x * (_a7_ + x))) * _a3_) + (x * -(_a2_)));{'d0': {'_a2_': -1.7751354042580452, '_a3_': 3.3767608777209692, '_a7_': 0.6238594155096325, '_a0_': 1.0, '_a1_': 1.0, '_a4_': 1.0, '_a5_': 1.0, '_a6_': 1.0}};{'d0': 0.024905832919416625};-280.569866449044;34.88436524221633
35216;-105.400567982305;(((x * (x * (_a7_ + x))) * _a3_) + (x * -(_a2_)));{'d0': {'_a2_': -1.7751354042580452, '_a3_': 3.3767608777209692, '_a7_': 0.6238594155096325, '_a0_': 1.0, '_a1_': 1.0, '_a4_': 1.0, '_a5_': 1.0, '_a6_': 1.0}};{'d0': 0.024905832919416625};-280.569866449044;34.88436524221633
35217;-105.400567982305;(((x * (x * (_a7_ + x))) * _a3_) + (x * -(_a2_)));{'d0': {'_a2_': -1.7751354042580452, '_a3_': 3.3767608777209692, '_a7_': 0.6238594155096325, '_a0_': 1.0, '_a1_': 1.0, '_a4_': 1.0, '_a5_': 1.0, '_a6_': 1.0}};{'d0': 0.024905832919416625};-280.569866449044;34.88436524221633
35218;-105.400567982305;(((x * (x * (_a7_ + x))) * _a3_) + (x * -(_a2_)));{'d0': {'_a2_': -1.7751354042580452, '_a3_': 3.3767608777209692, '_a7_': 0.6238594155096325, '_a0_': 1.0, '_a1_': 1.0, '_a4_': 1.0, '_a5_': 1.0, '_a6_': 1.0}};{'d0': 0.024905832919416625};-280.569866449044;34.88436524221633
35219;-105.400567982305;(((x * (x * (_a7_ + x))) * _a3_) + (x * -(_a2_)));{'d0': {'_a2_': -1.7751354042580452, '_a3_': 3.3767608777209692, '_a7_': 0.6238594155096325, '_a0_': 1.0, '_a1_': 1.0, '_a4_': 1.0, '_a5_': 1.0, '_a6_': 1.0}};{'d0': 0.024905832919416625};-280.569866449044;34.88436524221633
35220;-105.400567982305;(((x * (x * (_a7_ + x))) * _a3_) + (x * -(_a2_)));{'d0': {'_a2_': -1.7751354042580452, '_a3_': 3.3767608777209692, '_a7_': 0.6238594155096325, '_a0_': 1.0, '_a1_': 1.0, '_a4_': 1.0, '_a5_': 1.0, '_a6_': 1.0}};{'d0': 0.024905832919416625};-280.569866449044;34.88436524221633
35221;-105.400567982305;(((x * (x * (_a7_ + x))) * _a3_) + (x * -(_a2_)));{'d0': {'_a2_': -1.7751354042580452, '_a3_': 3.3767608777209692, '_a7_': 0.6238594155096325, '_a0_': 1.0, '_a1_': 1.0, '_a4_': 1.0, '_a5_': 1.0, '_a6_': 1.0}};{'d0': 0.024905832919416625};-280.569866449044;34.88436524221633
35222;-105.400567982305;(((x * (x * (_a7_ + x))) * _a3_) + (x * -(_a2_)));{'d0': {'_a2_': -1.7751354042580452, '_a3_': 3.3767608777209692, '_a7_': 0.6238594155096325, '_a0_': 1.0, '_a1_': 1.0, '_a4_': 1.0, '_a5_': 1.0, '_a6_': 1.0}};{'d0': 0.024905832919416625};-280.569866449044;34.88436524221633
35223;-105.400567982305;(((x * (x * (_a7_ + x))) * _a3_) + (x * -(_a2_)));{'d0': {'_a2_': -1.7751354042580452, '_a3_': 3.3767608777209692, '_a7_': 0.6238594155096325, '_a0_': 1.0, '_a1_': 1.0, '_a4_': 1.0, '_a5_': 1.0, '_a6_': 1.0}};{'d0': 0.024905832919416625};-280.569866449044;34.88436524221633
35224;-105.400567982305;(((x * (x * (_a7_ + x))) * _a3_) + (x * -(_a2_)));{'d0': {'_a2_': -1.7751354042580452, '_a3_': 3.3767608777209692, '_a7_': 0.6238594155096325, '_a0_': 1.0, '_a1_': 1.0, '_a4_': 1.0, '_a5_': 1.0, '_a6_': 1.0}};{'d0': 0.024905832919416625};-280.569866449044;34.88436524221633
35225;-104.549616141360;(((_a3_ * _a6_) + (((_a7_ + x) / -(_a6_)) * x)) * x);{'d0': {'_a3_': -5.994207787860801, '_a6_': -0.2961417867429937, '_a7_': 0.6238594156238026, '_a0_': 1.0, '_a1_': 1.0, '_a2_': 1.0, '_a4_': 1.0, '_a5_': 1.0}};{'d0': 0.024905832919416632};-280.569866449044;35.73531708316185
35226;-104.549616141360;(((_a3_ * _a6_) + (((_a7_ + x) / -(_a6_)) * x)) * x);{'d0': {'_a3_': -5.994207787860801, '_a6_': -0.2961417867429937, '_a7_': 0.6238594156238026, '_a0_': 1.0, '_a1_': 1.0, '_a2_': 1.0, '_a4_': 1.0, '_a5_': 1.0}};{'d0': 0.024905832919416632};-280.569866449044;35.73531708316185
35227;-104.549616141360;(((_a3_ * _a6_) + (((_a7_ + x) / -(_a6_)) * x)) * x);{'d0': {'_a3_': -5.994207787860801, '_a6_': -0.2961417867429937, '_a7_': 0.6238594156238026, '_a0_': 1.0, '_a1_': 1.0, '_a2_': 1.0, '_a4_': 1.0, '_a5_': 1.0}};{'d0': 0.024905832919416632};-280.569866449044;35.73531708316185
35228;-104.549616141360;(((_a3_ * _a6_) + (((_a7_ + x) / -(_a6_)) * x)) * x);{'d0': {'_a3_': -5.994207787860801, '_a6_': -0.2961417867429937, '_a7_': 0.6238594156238026, '_a0_': 1.0, '_a1_': 1.0, '_a2_': 1.0, '_a4_': 1.0, '_a5_': 1.0}};{'d0': 0.024905832919416632};-280.569866449044;35.73531708316185
35229;-104.549616141360;(((_a3_ * _a6_) + (((_a7_ + x) / -(_a6_)) * x)) * x);{'d0': {'_a3_': -5.994207787860801, '_a6_': -0.2961417867429937, '_a7_': 0.6238594156238026, '_a0_': 1.0, '_a1_': 1.0, '_a2_': 1.0, '_a4_': 1.0, '_a5_': 1.0}};{'d0': 0.024905832919416632};-280.569866449044;35.73531708316185
35230;-104.549616141360;(((_a3_ * _a6_) + (((_a7_ + x) / -(_a6_)) * x)) * x);{'d0': {'_a3_': -5.994207787860801, '_a6_': -0.2961417867429937, '_a7_': 0.6238594156238026, '_a0_': 1.0, '_a1_': 1.0, '_a2_': 1.0, '_a4_': 1.0, '_a5_': 1.0}};{'d0': 0.024905832919416632};-280.569866449044;35.73531708316185
35231;-104.549616141360;(((_a3_ * _a6_) + (((_a7_ + x) / -(_a6_)) * x)) * x);{'d0': {'_a3_': -5.994207787860801, '_a6_': -0.2961417867429937, '_a7_': 0.6238594156238026, '_a0_': 1.0, '_a1_': 1.0, '_a2_': 1.0, '_a4_': 1.0, '_a5_': 1.0}};{'d0': 0.024905832919416632};-280.569866449044;35.73531708316185
35232;-104.549616141360;(((_a3_ * _a6_) + (((_a7_ + x) / -(_a6_)) * x)) * x);{'d0': {'_a3_': -5.994207787860801, '_a6_': -0.2961417867429937, '_a7_': 0.6238594156238026, '_a0_': 1.0, '_a1_': 1.0, '_a2_': 1.0, '_a4_': 1.0, '_a5_': 1.0}};{'d0': 0.024905832919416632};-280.569866449044;35.73531708316185
35233;-104.549616141360;(((_a3_ * _a6_) + (((_a7_ + x) / -(_a6_)) * x)) * x);{'d0': {'_a3_': -5.994207787860801, '_a6_': -0.2961417867429937, '_a7_': 0.6238594156238026, '_a0_': 1.0, '_a1_': 1.0, '_a2_': 1.0, '_a4_': 1.0, '_a5_': 1.0}};{'d0': 0.024905832919416632};-280.569866449044;35.73531708316185
35234;-104.549616141360;(((_a3_ * _a6_) + (((_a7_ + x) / -(_a6_)) * x)) * x);{'d0': {'_a3_': -5.994207787860801, '_a6_': -0.2961417867429937, '_a7_': 0.6238594156238026, '_a0_': 1.0, '_a1_': 1.0, '_a2_': 1.0, '_a4_': 1.0, '_a5_': 1.0}};{'d0': 0.024905832919416632};-280.569866449044;35.73531708316185
35235;-104.549616141360;(((_a3_ * _a6_) + (((_a7_ + x) / -(_a6_)) * x)) * x);{'d0': {'_a3_': -5.994207787860801, '_a6_': -0.2961417867429937, '_a7_': 0.6238594156238026, '_a0_': 1.0, '_a1_': 1.0, '_a2_': 1.0, '_a4_': 1.0, '_a5_': 1.0}};{'d0': 0.024905832919416632};-280.569866449044;35.73531708316185
35236;-104.549616141360;(((_a3_ * _a6_) + (((_a7_ + x) / -(_a6_)) * x)) * x);{'d0': {'_a3_': -5.994207787860801, '_a6_': -0.2961417867429937, '_a7_': 0.6238594156238026, '_a0_': 1.0, '_a1_': 1.0, '_a2_': 1.0, '_a4_': 1.0, '_a5_': 1.0}};{'d0': 0.024905832919416632};-280.569866449044;35.73531708316185
35237;-104.549616141360;(((_a3_ * _a6_) + (((_a7_ + x) / -(_a6_)) * x)) * x);{'d0': {'_a3_': -5.994207787860801, '_a6_': -0.2961417867429937, '_a7_': 0.6238594156238026, '_a0_': 1.0, '_a1_': 1.0, '_a2_': 1.0, '_a4_': 1.0, '_a5_': 1.0}};{'d0': 0.024905832919416632};-280.569866449044;35.73531708316185
35238;-104.549616141360;(((_a3_ * _a6_) + (((_a7_ + x) / -(_a6_)) * x)) * x);{'d0': {'_a3_': -5.994207787860801, '_a6_': -0.2961417867429937, '_a7_': 0.6238594156238026, '_a0_': 1.0, '_a1_': 1.0, '_a2_': 1.0, '_a4_': 1.0, '_a5_': 1.0}};{'d0': 0.024905832919416632};-280.569866449044;35.73531708316185
35239;-103.505997731465;(((_a3_ + _a6_) + (((_a7_ + x) / -(_a6_)) * x)) * x);{'d0': {'_a3_': 2.071277190689107, '_a6_': -0.29614178672672764, '_a7_': 0.6238594154702723, '_a0_': 1.0, '_a1_': 1.0, '_a2_': 1.0, '_a4_': 1.0, '_a5_': 1.0}};{'d0': 0.024905832919416625};-280.569866449044;36.77893549305685
35240;-103.505997731465;(((_a3_ + _a6_) + (((_a7_ + x) / -(_a6_)) * x)) * x);{'d0': {'_a3_': 2.071277190689107, '_a6_': -0.29614178672672764, '_a7_': 0.6238594154702723, '_a0_': 1.0, '_a1_': 1.0, '_a2_': 1.0, '_a4_': 1.0, '_a5_': 1.0}};{'d0': 0.024905832919416625};-280.569866449044;36.77893549305685
35241;-103.505997731465;(((_a3_ + _a6_) + (((_a7_ + x) / -(_a6_)) * x)) * x);{'d0': {'_a3_': 2.071277190689107, '_a6_': -0.29614178672672764, '_a7_': 0.6238594154702723, '_a0_': 1.0, '_a1_': 1.0, '_a2_': 1.0, '_a4_': 1.0, '_a5_': 1.0}};{'d0': 0.024905832919416625};-280.569866449044;36.77893549305685
35242;-103.505997731465;(((_a3_ + _a6_) + (((_a7_ + x) / -(_a6_)) * x)) * x);{'d0': {'_a3_': 2.071277190689107, '_a6_': -0.29614178672672764, '_a7_': 0.6238594154702723, '_a0_': 1.0, '_a1_': 1.0, '_a2_': 1.0, '_a4_': 1.0, '_a5_': 1.0}};{'d0': 0.024905832919416625};-280.569866449044;36.77893549305685
35243;-103.505997731465;(((_a3_ + _a6_) + (((_a7_ + x) / -(_a6_)) * x)) * x);{'d0': {'_a3_': 2.071277190689107, '_a6_': -0.29614178672672764, '_a7_': 0.6238594154702723, '_a0_': 1.0, '_a1_': 1.0, '_a2_': 1.0, '_a4_': 1.0, '_a5_': 1.0}};{'d0': 0.024905832919416625};-280.569866449044;36.77893549305685
35244;-103.505997731465;(((_a3_ + _a6_) + (((_a7_ + x) / -(_a6_)) * x)) * x);{'d0': {'_a3_': 2.071277190689107, '_a6_': -0.29614178672672764, '_a7_': 0.6238594154702723, '_a0_': 1.0, '_a1_': 1.0, '_a2_': 1.0, '_a4_': 1.0, '_a5_': 1.0}};{'d0': 0.024905832919416625};-280.569866449044;36.77893549305685
35245;-103.505997731465;(((_a3_ + _a6_) + (((_a7_ + x) / -(_a6_)) * x)) * x);{'d0': {'_a3_': 2.071277190689107, '_a6_': -0.29614178672672764, '_a7_': 0.6238594154702723, '_a0_': 1.0, '_a1_': 1.0, '_a2_': 1.0, '_a4_': 1.0, '_a5_': 1.0}};{'d0': 0.024905832919416625};-280.569866449044;36.77893549305685
35246;-103.505997731465;(((_a3_ + _a6_) + (((_a7_ + x) / -(_a6_)) * x)) * x);{'d0': {'_a3_': 2.071277190689107, '_a6_': -0.29614178672672764, '_a7_': 0.6238594154702723, '_a0_': 1.0, '_a1_': 1.0, '_a2_': 1.0, '_a4_': 1.0, '_a5_': 1.0}};{'d0': 0.024905832919416625};-280.569866449044;36.77893549305685
35247;-103.505997731465;(((_a3_ + _a6_) + (((_a7_ + x) / -(_a6_)) * x)) * x);{'d0': {'_a3_': 2.071277190689107, '_a6_': -0.29614178672672764, '_a7_': 0.6238594154702723, '_a0_': 1.0, '_a1_': 1.0, '_a2_': 1.0, '_a4_': 1.0, '_a5_': 1.0}};{'d0': 0.024905832919416625};-280.569866449044;36.77893549305685
35248;-103.505997731465;(((_a3_ + _a6_) + (((_a7_ + x) / -(_a6_)) * x)) * x);{'d0': {'_a3_': 2.071277190689107, '_a6_': -0.29614178672672764, '_a7_': 0.6238594154702723, '_a0_': 1.0, '_a1_': 1.0, '_a2_': 1.0, '_a4_': 1.0, '_a5_': 1.0}};{'d0': 0.024905832919416625};-280.569866449044;36.77893549305685
35249;-103.505997731465;(((_a3_ + _a6_) + (((_a7_ + x) / -(_a6_)) * x)) * x);{'d0': {'_a3_': 2.071277190689107, '_a6_': -0.29614178672672764, '_a7_': 0.6238594154702723, '_a0_': 1.0, '_a1_': 1.0, '_a2_': 1.0, '_a4_': 1.0, '_a5_': 1.0}};{'d0': 0.024905832919416625};-280.569866449044;36.77893549305685
35250;-103.505997731465;(((_a3_ + _a6_) + (((_a7_ + x) / -(_a6_)) * x)) * x);{'d0': {'_a3_': 2.071277190689107, '_a6_': -0.29614178672672764, '_a7_': 0.6238594154702723, '_a0_': 1.0, '_a1_': 1.0, '_a2_': 1.0, '_a4_': 1.0, '_a5_': 1.0}};{'d0': 0.024905832919416625};-280.569866449044;36.77893549305685
35251;-103.505997731465;(((_a3_ + _a6_) + (((_a7_ + x) / -(_a6_)) * x)) * x);{'d0': {'_a3_': 2.071277190689107, '_a6_': -0.29614178672672764, '_a7_': 0.6238594154702723, '_a0_': 1.0, '_a1_': 1.0, '_a2_': 1.0, '_a4_': 1.0, '_a5_': 1.0}};{'d0': 0.024905832919416625};-280.569866449044;36.77893549305685
35252;-103.505997731465;(((_a3_ + _a6_) + (((_a7_ + x) / -(_a6_)) * x)) * x);{'d0': {'_a3_': 2.071277190689107, '_a6_': -0.29614178672672764, '_a7_': 0.6238594154702723, '_a0_': 1.0, '_a1_': 1.0, '_a2_': 1.0, '_a4_': 1.0, '_a5_': 1.0}};{'d0': 0.024905832919416625};-280.569866449044;36.77893549305685
35253;-103.505997731465;(((_a3_ + _a6_) + (((_a7_ + x) / -(_a6_)) * x)) * x);{'d0': {'_a3_': 2.071277190689107, '_a6_': -0.29614178672672764, '_a7_': 0.6238594154702723, '_a0_': 1.0, '_a1_': 1.0, '_a2_': 1.0, '_a4_': 1.0, '_a5_': 1.0}};{'d0': 0.024905832919416625};-280.569866449044;36.77893549305685
35254;-103.505997731465;(((_a3_ + _a6_) + (((_a7_ + x) / -(_a6_)) * x)) * x);{'d0': {'_a3_': 2.071277190689107, '_a6_': -0.29614178672672764, '_a7_': 0.6238594154702723, '_a0_': 1.0, '_a1_': 1.0, '_a2_': 1.0, '_a4_': 1.0, '_a5_': 1.0}};{'d0': 0.024905832919416625};-280.569866449044;36.77893549305685
35255;-103.505997731465;(((_a3_ + _a6_) + (((_a7_ + x) / -(_a6_)) * x)) * x);{'d0': {'_a3_': 2.071277190689107, '_a6_': -0.29614178672672764, '_a7_': 0.6238594154702723, '_a0_': 1.0, '_a1_': 1.0, '_a2_': 1.0, '_a4_': 1.0, '_a5_': 1.0}};{'d0': 0.024905832919416625};-280.569866449044;36.77893549305685
35256;-103.505997731465;(((_a3_ + _a6_) + (((_a7_ + x) / -(_a6_)) * x)) * x);{'d0': {'_a3_': 2.071277190689107, '_a6_': -0.29614178672672764, '_a7_': 0.6238594154702723, '_a0_': 1.0, '_a1_': 1.0, '_a2_': 1.0, '_a4_': 1.0, '_a5_': 1.0}};{'d0': 0.024905832919416625};-280.569866449044;36.77893549305685
35257;-103.505997731465;(((_a3_ + _a6_) + (((_a7_ + x) / -(_a6_)) * x)) * x);{'d0': {'_a3_': 2.071277190689107, '_a6_': -0.29614178672672764, '_a7_': 0.6238594154702723, '_a0_': 1.0, '_a1_': 1.0, '_a2_': 1.0, '_a4_': 1.0, '_a5_': 1.0}};{'d0': 0.024905832919416625};-280.569866449044;36.77893549305685
35258;-103.505997731465;(((_a3_ + _a6_) + (((_a7_ + x) / -(_a6_)) * x)) * x);{'d0': {'_a3_': 2.071277190689107, '_a6_': -0.29614178672672764, '_a7_': 0.6238594154702723, '_a0_': 1.0, '_a1_': 1.0, '_a2_': 1.0, '_a4_': 1.0, '_a5_': 1.0}};{'d0': 0.024905832919416625};-280.569866449044;36.77893549305685
35259;-103.505997731465;(((_a3_ + _a6_) + (((_a7_ + x) / -(_a6_)) * x)) * x);{'d0': {'_a3_': 2.071277190689107, '_a6_': -0.29614178672672764, '_a7_': 0.6238594154702723, '_a0_': 1.0, '_a1_': 1.0, '_a2_': 1.0, '_a4_': 1.0, '_a5_': 1.0}};{'d0': 0.024905832919416625};-280.569866449044;36.77893549305685
35260;-103.505997731465;(((_a3_ + _a6_) + (((_a7_ + x) / -(_a6_)) * x)) * x);{'d0': {'_a3_': 2.071277190689107, '_a6_': -0.29614178672672764, '_a7_': 0.6238594154702723, '_a0_': 1.0, '_a1_': 1.0, '_a2_': 1.0, '_a4_': 1.0, '_a5_': 1.0}};{'d0': 0.024905832919416625};-280.569866449044;36.77893549305685
35261;-103.505997731465;(((_a3_ + _a6_) + (((_a7_ + x) / -(_a6_)) * x)) * x);{'d0': {'_a3_': 2.071277190689107, '_a6_': -0.29614178672672764, '_a7_': 0.6238594154702723, '_a0_': 1.0, '_a1_': 1.0, '_a2_': 1.0, '_a4_': 1.0, '_a5_': 1.0}};{'d0': 0.024905832919416625};-280.569866449044;36.77893549305685
35262;-103.505997731465;(((_a3_ + _a6_) + (((_a7_ + x) / -(_a6_)) * x)) * x);{'d0': {'_a3_': 2.071277190689107, '_a6_': -0.29614178672672764, '_a7_': 0.6238594154702723, '_a0_': 1.0, '_a1_': 1.0, '_a2_': 1.0, '_a4_': 1.0, '_a5_': 1.0}};{'d0': 0.024905832919416625};-280.569866449044;36.77893549305685
35263;-103.505997731465;(((_a3_ + _a6_) + (((_a7_ + x) / -(_a6_)) * x)) * x);{'d0': {'_a3_': 2.071277190689107, '_a6_': -0.29614178672672764, '_a7_': 0.6238594154702723, '_a0_': 1.0, '_a1_': 1.0, '_a2_': 1.0, '_a4_': 1.0, '_a5_': 1.0}};{'d0': 0.024905832919416625};-280.569866449044;36.77893549305685
35264;-103.505997731465;(((_a3_ + _a6_) + (((_a7_ + x) / -(_a6_)) * x)) * x);{'d0': {'_a3_': 2.071277190689107, '_a6_': -0.29614178672672764, '_a7_': 0.6238594154702723, '_a0_': 1.0, '_a1_': 1.0, '_a2_': 1.0, '_a4_': 1.0, '_a5_': 1.0}};{'d0': 0.024905832919416625};-280.569866449044;36.77893549305685
35265;-103.505997731465;(((_a3_ + _a6_) + (((_a7_ + x) / -(_a6_)) * x)) * x);{'d0': {'_a3_': 2.071277190689107, '_a6_': -0.29614178672672764, '_a7_': 0.6238594154702723, '_a0_': 1.0, '_a1_': 1.0, '_a2_': 1.0, '_a4_': 1.0, '_a5_': 1.0}};{'d0': 0.024905832919416625};-280.569866449044;36.77893549305685
35266;-103.505997731465;(((_a3_ + _a6_) + (((_a7_ + x) / -(_a6_)) * x)) * x);{'d0': {'_a3_': 2.071277190689107, '_a6_': -0.29614178672672764, '_a7_': 0.6238594154702723, '_a0_': 1.0, '_a1_': 1.0, '_a2_': 1.0, '_a4_': 1.0, '_a5_': 1.0}};{'d0': 0.024905832919416625};-280.569866449044;36.77893549305685
35267;-103.505997731465;(((_a3_ + _a6_) + (((_a7_ + x) / -(_a6_)) * x)) * x);{'d0': {'_a3_': 2.071277190689107, '_a6_': -0.29614178672672764, '_a7_': 0.6238594154702723, '_a0_': 1.0, '_a1_': 1.0, '_a2_': 1.0, '_a4_': 1.0, '_a5_': 1.0}};{'d0': 0.024905832919416625};-280.569866449044;36.77893549305685
35268;-103.505997731465;(((_a3_ + _a6_) + (((_a7_ + x) / -(_a6_)) * x)) * x);{'d0': {'_a3_': 2.071277190689107, '_a6_': -0.29614178672672764, '_a7_': 0.6238594154702723, '_a0_': 1.0, '_a1_': 1.0, '_a2_': 1.0, '_a4_': 1.0, '_a5_': 1.0}};{'d0': 0.024905832919416625};-280.569866449044;36.77893549305685
35269;-103.505997731465;(((_a3_ + _a6_) + (((_a7_ + x) / -(_a6_)) * x)) * x);{'d0': {'_a3_': 2.071277190689107, '_a6_': -0.29614178672672764, '_a7_': 0.6238594154702723, '_a0_': 1.0, '_a1_': 1.0, '_a2_': 1.0, '_a4_': 1.0, '_a5_': 1.0}};{'d0': 0.024905832919416625};-280.569866449044;36.77893549305685
35270;-103.505997731465;(((_a3_ + _a6_) + (((_a7_ + x) / -(_a6_)) * x)) * x);{'d0': {'_a3_': 2.071277190689107, '_a6_': -0.29614178672672764, '_a7_': 0.6238594154702723, '_a0_': 1.0, '_a1_': 1.0, '_a2_': 1.0, '_a4_': 1.0, '_a5_': 1.0}};{'d0': 0.024905832919416625};-280.569866449044;36.77893549305685
35271;-103.505997731465;(((_a3_ + _a6_) + (((_a7_ + x) / -(_a6_)) * x)) * x);{'d0': {'_a3_': 2.071277190689107, '_a6_': -0.29614178672672764, '_a7_': 0.6238594154702723, '_a0_': 1.0, '_a1_': 1.0, '_a2_': 1.0, '_a4_': 1.0, '_a5_': 1.0}};{'d0': 0.024905832919416625};-280.569866449044;36.77893549305685
35272;-103.505997731465;(((_a3_ + _a6_) + (((_a7_ + x) / -(_a6_)) * x)) * x);{'d0': {'_a3_': 2.071277190689107, '_a6_': -0.29614178672672764, '_a7_': 0.6238594154702723, '_a0_': 1.0, '_a1_': 1.0, '_a2_': 1.0, '_a4_': 1.0, '_a5_': 1.0}};{'d0': 0.024905832919416625};-280.569866449044;36.77893549305685
35273;-103.505997731465;(((_a3_ + _a6_) + (((_a7_ + x) / -(_a6_)) * x)) * x);{'d0': {'_a3_': 2.071277190689107, '_a6_': -0.29614178672672764, '_a7_': 0.6238594154702723, '_a0_': 1.0, '_a1_': 1.0, '_a2_': 1.0, '_a4_': 1.0, '_a5_': 1.0}};{'d0': 0.024905832919416625};-280.569866449044;36.77893549305685
35274;-103.505997731465;(((_a3_ + _a6_) + (((_a7_ + x) / -(_a6_)) * x)) * x);{'d0': {'_a3_': 2.071277190689107, '_a6_': -0.29614178672672764, '_a7_': 0.6238594154702723, '_a0_': 1.0, '_a1_': 1.0, '_a2_': 1.0, '_a4_': 1.0, '_a5_': 1.0}};{'d0': 0.024905832919416625};-280.569866449044;36.77893549305685
35275;-103.505997731465;(((_a3_ + _a6_) + (((_a7_ + x) / -(_a6_)) * x)) * x);{'d0': {'_a3_': 2.071277190689107, '_a6_': -0.29614178672672764, '_a7_': 0.6238594154702723, '_a0_': 1.0, '_a1_': 1.0, '_a2_': 1.0, '_a4_': 1.0, '_a5_': 1.0}};{'d0': 0.024905832919416625};-280.569866449044;36.77893549305685
35276;-103.505997731465;(((_a3_ + _a6_) + (((_a7_ + x) / -(_a6_)) * x)) * x);{'d0': {'_a3_': 2.071277190689107, '_a6_': -0.29614178672672764, '_a7_': 0.6238594154702723, '_a0_': 1.0, '_a1_': 1.0, '_a2_': 1.0, '_a4_': 1.0, '_a5_': 1.0}};{'d0': 0.024905832919416625};-280.569866449044;36.77893549305685
35277;-103.505997731465;(((_a3_ + _a6_) + (((_a7_ + x) / -(_a6_)) * x)) * x);{'d0': {'_a3_': 2.071277190689107, '_a6_': -0.29614178672672764, '_a7_': 0.6238594154702723, '_a0_': 1.0, '_a1_': 1.0, '_a2_': 1.0, '_a4_': 1.0, '_a5_': 1.0}};{'d0': 0.024905832919416625};-280.569866449044;36.77893549305685
35278;-103.505997731465;(((_a3_ + _a6_) + (((_a7_ + x) / -(_a6_)) * x)) * x);{'d0': {'_a3_': 2.071277190689107, '_a6_': -0.29614178672672764, '_a7_': 0.6238594154702723, '_a0_': 1.0, '_a1_': 1.0, '_a2_': 1.0, '_a4_': 1.0, '_a5_': 1.0}};{'d0': 0.024905832919416625};-280.569866449044;36.77893549305685
35279;-103.505997731465;(((_a3_ + _a6_) + (((_a7_ + x) / -(_a6_)) * x)) * x);{'d0': {'_a3_': 2.071277190689107, '_a6_': -0.29614178672672764, '_a7_': 0.6238594154702723, '_a0_': 1.0, '_a1_': 1.0, '_a2_': 1.0, '_a4_': 1.0, '_a5_': 1.0}};{'d0': 0.024905832919416625};-280.569866449044;36.77893549305685
35280;-103.505997731465;(((_a3_ + _a6_) + (((_a7_ + x) / -(_a6_)) * x)) * x);{'d0': {'_a3_': 2.071277190689107, '_a6_': -0.29614178672672764, '_a7_': 0.6238594154702723, '_a0_': 1.0, '_a1_': 1.0, '_a2_': 1.0, '_a4_': 1.0, '_a5_': 1.0}};{'d0': 0.024905832919416625};-280.569866449044;36.77893549305685
35281;-103.505997731465;(((_a3_ + _a6_) + (((_a7_ + x) / -(_a6_)) * x)) * x);{'d0': {'_a3_': 2.071277190689107, '_a6_': -0.29614178672672764, '_a7_': 0.6238594154702723, '_a0_': 1.0, '_a1_': 1.0, '_a2_': 1.0, '_a4_': 1.0, '_a5_': 1.0}};{'d0': 0.024905832919416625};-280.569866449044;36.77893549305685
35282;-103.505997731465;(((_a3_ + _a6_) + (((_a7_ + x) / -(_a6_)) * x)) * x);{'d0': {'_a3_': 2.071277190689107, '_a6_': -0.29614178672672764, '_a7_': 0.6238594154702723, '_a0_': 1.0, '_a1_': 1.0, '_a2_': 1.0, '_a4_': 1.0, '_a5_': 1.0}};{'d0': 0.024905832919416625};-280.569866449044;36.77893549305685
35283;-103.505997731465;(((_a3_ + _a6_) + (((_a7_ + x) / -(_a6_)) * x)) * x);{'d0': {'_a3_': 2.071277190689107, '_a6_': -0.29614178672672764, '_a7_': 0.6238594154702723, '_a0_': 1.0, '_a1_': 1.0, '_a2_': 1.0, '_a4_': 1.0, '_a5_': 1.0}};{'d0': 0.024905832919416625};-280.569866449044;36.77893549305685
35284;-103.505997731465;(((_a3_ + _a6_) + (((_a7_ + x) / -(_a6_)) * x)) * x);{'d0': {'_a3_': 2.071277190689107, '_a6_': -0.29614178672672764, '_a7_': 0.6238594154702723, '_a0_': 1.0, '_a1_': 1.0, '_a2_': 1.0, '_a4_': 1.0, '_a5_': 1.0}};{'d0': 0.024905832919416625};-280.569866449044;36.77893549305685
35285;-103.505997731465;(((_a3_ + _a6_) + (((_a7_ + x) / -(_a6_)) * x)) * x);{'d0': {'_a3_': 2.071277190689107, '_a6_': -0.29614178672672764, '_a7_': 0.6238594154702723, '_a0_': 1.0, '_a1_': 1.0, '_a2_': 1.0, '_a4_': 1.0, '_a5_': 1.0}};{'d0': 0.024905832919416625};-280.569866449044;36.77893549305685
35286;-103.505997731465;(((_a3_ + _a6_) + (((_a7_ + x) / -(_a6_)) * x)) * x);{'d0': {'_a3_': 2.071277190689107, '_a6_': -0.29614178672672764, '_a7_': 0.6238594154702723, '_a0_': 1.0, '_a1_': 1.0, '_a2_': 1.0, '_a4_': 1.0, '_a5_': 1.0}};{'d0': 0.024905832919416625};-280.569866449044;36.77893549305685
35287;-103.505997731465;(((_a3_ + _a6_) + (((_a7_ + x) / -(_a6_)) * x)) * x);{'d0': {'_a3_': 2.071277190689107, '_a6_': -0.29614178672672764, '_a7_': 0.6238594154702723, '_a0_': 1.0, '_a1_': 1.0, '_a2_': 1.0, '_a4_': 1.0, '_a5_': 1.0}};{'d0': 0.024905832919416625};-280.569866449044;36.77893549305685
35288;-103.505997731465;(((_a3_ + _a6_) + (((_a7_ + x) / -(_a6_)) * x)) * x);{'d0': {'_a3_': 2.071277190689107, '_a6_': -0.29614178672672764, '_a7_': 0.6238594154702723, '_a0_': 1.0, '_a1_': 1.0, '_a2_': 1.0, '_a4_': 1.0, '_a5_': 1.0}};{'d0': 0.024905832919416625};-280.569866449044;36.77893549305685
35289;-103.505997731465;(((_a3_ + _a6_) + (((_a7_ + x) / -(_a6_)) * x)) * x);{'d0': {'_a3_': 2.071277190689107, '_a6_': -0.29614178672672764, '_a7_': 0.6238594154702723, '_a0_': 1.0, '_a1_': 1.0, '_a2_': 1.0, '_a4_': 1.0, '_a5_': 1.0}};{'d0': 0.024905832919416625};-280.569866449044;36.77893549305685
35290;-103.505997731465;(((_a3_ + _a6_) + (((_a7_ + x) / -(_a6_)) * x)) * x);{'d0': {'_a3_': 2.071277190689107, '_a6_': -0.29614178672672764, '_a7_': 0.6238594154702723, '_a0_': 1.0, '_a1_': 1.0, '_a2_': 1.0, '_a4_': 1.0, '_a5_': 1.0}};{'d0': 0.024905832919416625};-280.569866449044;36.77893549305685
35291;-103.505997731465;(((_a3_ + _a6_) + (((_a7_ + x) / -(_a6_)) * x)) * x);{'d0': {'_a3_': 2.071277190689107, '_a6_': -0.29614178672672764, '_a7_': 0.6238594154702723, '_a0_': 1.0, '_a1_': 1.0, '_a2_': 1.0, '_a4_': 1.0, '_a5_': 1.0}};{'d0': 0.024905832919416625};-280.569866449044;36.77893549305685
35292;-103.505997731465;(((_a3_ + _a6_) + (((_a7_ + x) / -(_a6_)) * x)) * x);{'d0': {'_a3_': 2.071277190689107, '_a6_': -0.29614178672672764, '_a7_': 0.6238594154702723, '_a0_': 1.0, '_a1_': 1.0, '_a2_': 1.0, '_a4_': 1.0, '_a5_': 1.0}};{'d0': 0.024905832919416625};-280.569866449044;36.77893549305685
35293;-103.505997731465;(((_a3_ + _a6_) + (((_a7_ + x) / -(_a6_)) * x)) * x);{'d0': {'_a3_': 2.071277190689107, '_a6_': -0.29614178672672764, '_a7_': 0.6238594154702723, '_a0_': 1.0, '_a1_': 1.0, '_a2_': 1.0, '_a4_': 1.0, '_a5_': 1.0}};{'d0': 0.024905832919416625};-280.569866449044;36.77893549305685
35294;-103.505997731465;(((_a3_ + _a6_) + (((_a7_ + x) / -(_a6_)) * x)) * x);{'d0': {'_a3_': 2.071277190689107, '_a6_': -0.29614178672672764, '_a7_': 0.6238594154702723, '_a0_': 1.0, '_a1_': 1.0, '_a2_': 1.0, '_a4_': 1.0, '_a5_': 1.0}};{'d0': 0.024905832919416625};-280.569866449044;36.77893549305685
35295;-103.505997731465;(((_a3_ + _a6_) + (((_a7_ + x) / -(_a6_)) * x)) * x);{'d0': {'_a3_': 2.071277190689107, '_a6_': -0.29614178672672764, '_a7_': 0.6238594154702723, '_a0_': 1.0, '_a1_': 1.0, '_a2_': 1.0, '_a4_': 1.0, '_a5_': 1.0}};{'d0': 0.024905832919416625};-280.569866449044;36.77893549305685
35296;-103.505997731465;(((_a3_ + _a6_) + (((_a7_ + x) / -(_a6_)) * x)) * x);{'d0': {'_a3_': 2.071277190689107, '_a6_': -0.29614178672672764, '_a7_': 0.6238594154702723, '_a0_': 1.0, '_a1_': 1.0, '_a2_': 1.0, '_a4_': 1.0, '_a5_': 1.0}};{'d0': 0.024905832919416625};-280.569866449044;36.77893549305685
35297;-103.505997731465;(((_a3_ + _a6_) + (((_a7_ + x) / -(_a6_)) * x)) * x);{'d0': {'_a3_': 2.071277190689107, '_a6_': -0.29614178672672764, '_a7_': 0.6238594154702723, '_a0_': 1.0, '_a1_': 1.0, '_a2_': 1.0, '_a4_': 1.0, '_a5_': 1.0}};{'d0': 0.024905832919416625};-280.569866449044;36.77893549305685
35298;-103.505997731465;(((_a3_ + _a6_) + (((_a7_ + x) / -(_a6_)) * x)) * x);{'d0': {'_a3_': 2.071277190689107, '_a6_': -0.29614178672672764, '_a7_': 0.6238594154702723, '_a0_': 1.0, '_a1_': 1.0, '_a2_': 1.0, '_a4_': 1.0, '_a5_': 1.0}};{'d0': 0.024905832919416625};-280.569866449044;36.77893549305685
35299;-103.505997731465;(((_a3_ + _a6_) + (((_a7_ + x) / -(_a6_)) * x)) * x);{'d0': {'_a3_': 2.071277190689107, '_a6_': -0.29614178672672764, '_a7_': 0.6238594154702723, '_a0_': 1.0, '_a1_': 1.0, '_a2_': 1.0, '_a4_': 1.0, '_a5_': 1.0}};{'d0': 0.024905832919416625};-280.569866449044;36.77893549305685
35300;-93.6616878545234;(_a4_ * (((x * pow2(((((_a4_ * _a5_) * _a6_) + x) / _a6_))) + x) + x));{'d0': {'_a4_': 0.7232880438085937, '_a5_': -0.9318370267800619, '_a6_': -0.4628129355754506, '_a0_': 1.0, '_a1_': 1.0, '_a2_': 1.0, '_a3_': 1.0, '_a7_': 1.0}};{'d0': 0.024905832919416625};-280.569866449044;46.62324536999829
35301;-93.6616878545234;(_a4_ * (((x * pow2(((((_a4_ * _a5_) * _a6_) + x) / _a6_))) + x) + x));{'d0': {'_a4_': 0.7232880438085937, '_a5_': -0.9318370267800619, '_a6_': -0.4628129355754506, '_a0_': 1.0, '_a1_': 1.0, '_a2_': 1.0, '_a3_': 1.0, '_a7_': 1.0}};{'d0': 0.024905832919416625};-280.569866449044;46.62324536999829
35302;-93.6616878545234;(_a4_ * (((x * pow2(((((_a4_ * _a5_) * _a6_) + x) / _a6_))) + x) + x));{'d0': {'_a4_': 0.7232880438085937, '_a5_': -0.9318370267800619, '_a6_': -0.4628129355754506, '_a0_': 1.0, '_a1_': 1.0, '_a2_': 1.0, '_a3_': 1.0, '_a7_': 1.0}};{'d0': 0.024905832919416625};-280.569866449044;46.62324536999829
35303;-92.6904267309503;(_a4_ * (((x * pow2(((((_a4_ + _a5_) * _a6_) + x) / _a6_))) + x) + x));{'d0': {'_a4_': 0.7232880445273833, '_a5_': -1.3972746239604477, '_a6_': -0.46281293611378366, '_a0_': 1.0, '_a1_': 1.0, '_a2_': 1.0, '_a3_': 1.0, '_a7_': 1.0}};{'d0': 0.024905832919416643};-280.569866449044;47.59450649357129
35304;-92.6904267309503;(_a4_ * (((x * pow2(((((_a4_ + _a5_) * _a6_) + x) / _a6_))) + x) + x));{'d0': {'_a4_': 0.7232880445273833, '_a5_': -1.3972746239604477, '_a6_': -0.46281293611378366, '_a0_': 1.0, '_a1_': 1.0, '_a2_': 1.0, '_a3_': 1.0, '_a7_': 1.0}};{'d0': 0.024905832919416643};-280.569866449044;47.59450649357129
35305;-92.6904267309503;(_a4_ * (((x * pow2(((((_a4_ + _a5_) * _a6_) + x) / _a6_))) + x) + x));{'d0': {'_a4_': 0.7232880445273833, '_a5_': -1.3972746239604477, '_a6_': -0.46281293611378366, '_a0_': 1.0, '_a1_': 1.0, '_a2_': 1.0, '_a3_': 1.0, '_a7_': 1.0}};{'d0': 0.024905832919416643};-280.569866449044;47.59450649357129
35306;-92.6904267309503;(_a4_ * (((x * pow2(((((_a4_ + _a5_) * _a6_) + x) / _a6_))) + x) + x));{'d0': {'_a4_': 0.7232880445273833, '_a5_': -1.3972746239604477, '_a6_': -0.46281293611378366, '_a0_': 1.0, '_a1_': 1.0, '_a2_': 1.0, '_a3_': 1.0, '_a7_': 1.0}};{'d0': 0.024905832919416643};-280.569866449044;47.59450649357129
35307;-92.6904267309503;(_a4_ * (((x * pow2(((((_a4_ + _a5_) * _a6_) + x) / _a6_))) + x) + x));{'d0': {'_a4_': 0.7232880445273833, '_a5_': -1.3972746239604477, '_a6_': -0.46281293611378366, '_a0_': 1.0, '_a1_': 1.0, '_a2_': 1.0, '_a3_': 1.0, '_a7_': 1.0}};{'d0': 0.024905832919416643};-280.569866449044;47.59450649357129
35308;-98.6110277799803;(_a4_ * (((x * pow2((((_a0_ * _a6_) + x) / _a6_))) + x) + x));{'d0': {'_a0_': -0.673986579425257, '_a4_': 0.7232880447218533, '_a6_': -0.4628129362164269, '_a1_': 1.0, '_a2_': 1.0, '_a3_': 1.0, '_a5_': 1.0, '_a7_': 1.0}};{'d0': 0.024905832919416636};-280.569866449044;41.67390544454129
35309;-98.6110277799803;(_a4_ * (((x * pow2((((_a0_ * _a6_) + x) / _a6_))) + x) + x));{'d0': {'_a0_': -0.673986579425257, '_a4_': 0.7232880447218533, '_a6_': -0.4628129362164269, '_a1_': 1.0, '_a2_': 1.0, '_a3_': 1.0, '_a5_': 1.0, '_a7_': 1.0}};{'d0': 0.024905832919416636};-280.569866449044;41.67390544454129
35310;-98.6110277799803;(_a4_ * (((x * pow2((((_a0_ * _a6_) + x) / _a6_))) + x) + x));{'d0': {'_a0_': -0.673986579425257, '_a4_': 0.7232880447218533, '_a6_': -0.4628129362164269, '_a1_': 1.0, '_a2_': 1.0, '_a3_': 1.0, '_a5_': 1.0, '_a7_': 1.0}};{'d0': 0.024905832919416636};-280.569866449044;41.67390544454129
35311;-98.6110277799803;(_a4_ * (((x * pow2((((_a0_ * _a6_) + x) / _a6_))) + x) + x));{'d0': {'_a0_': -0.673986579425257, '_a4_': 0.7232880447218533, '_a6_': -0.4628129362164269, '_a1_': 1.0, '_a2_': 1.0, '_a3_': 1.0, '_a5_': 1.0, '_a7_': 1.0}};{'d0': 0.024905832919416636};-280.569866449044;41.67390544454129
35312;-98.6110277799803;(_a4_ * (((x * pow2((((_a0_ * _a6_) + x) / _a6_))) + x) + x));{'d0': {'_a0_': -0.673986579425257, '_a4_': 0.7232880447218533, '_a6_': -0.4628129362164269, '_a1_': 1.0, '_a2_': 1.0, '_a3_': 1.0, '_a5_': 1.0, '_a7_': 1.0}};{'d0': 0.024905832919416636};-280.569866449044;41.67390544454129
35313;-98.6110277799803;(_a4_ * (((x * pow2((((_a0_ * _a6_) + x) / _a6_))) + x) + x));{'d0': {'_a0_': -0.673986579425257, '_a4_': 0.7232880447218533, '_a6_': -0.4628129362164269, '_a1_': 1.0, '_a2_': 1.0, '_a3_': 1.0, '_a5_': 1.0, '_a7_': 1.0}};{'d0': 0.024905832919416636};-280.569866449044;41.67390544454129
35314;-98.6110277799803;(_a4_ * (((x * pow2((((_a0_ * _a6_) + x) / _a6_))) + x) + x));{'d0': {'_a0_': -0.673986579425257, '_a4_': 0.7232880447218533, '_a6_': -0.4628129362164269, '_a1_': 1.0, '_a2_': 1.0, '_a3_': 1.0, '_a5_': 1.0, '_a7_': 1.0}};{'d0': 0.024905832919416636};-280.569866449044;41.67390544454129
35315;-98.6110277799803;(_a4_ * (((x * pow2((((_a0_ * _a6_) + x) / _a6_))) + x) + x));{'d0': {'_a0_': -0.673986579425257, '_a4_': 0.7232880447218533, '_a6_': -0.4628129362164269, '_a1_': 1.0, '_a2_': 1.0, '_a3_': 1.0, '_a5_': 1.0, '_a7_': 1.0}};{'d0': 0.024905832919416636};-280.569866449044;41.67390544454129
35316;-98.6110277799803;(_a4_ * (((x * pow2((((_a0_ * _a6_) + x) / _a6_))) + x) + x));{'d0': {'_a0_': -0.673986579425257, '_a4_': 0.7232880447218533, '_a6_': -0.4628129362164269, '_a1_': 1.0, '_a2_': 1.0, '_a3_': 1.0, '_a5_': 1.0, '_a7_': 1.0}};{'d0': 0.024905832919416636};-280.569866449044;41.67390544454129
35317;-92.6904267309504;(_a4_ * (((x * pow2(((((_a1_ + _a1_) * _a6_) + x) / _a6_))) + x) + x));{'d0': {'_a1_': -0.3369932899573709, '_a4_': 0.7232880443699088, '_a6_': -0.46281293593388456, '_a0_': 1.0, '_a2_': 1.0, '_a3_': 1.0, '_a5_': 1.0, '_a7_': 1.0}};{'d0': 0.02490583291941659};-280.569866449044;47.59450649357129
35318;-92.6904267309504;(_a4_ * (((x * pow2(((((_a1_ + _a1_) * _a6_) + x) / _a6_))) + x) + x));{'d0': {'_a1_': -0.3369932899573709, '_a4_': 0.7232880443699088, '_a6_': -0.46281293593388456, '_a0_': 1.0, '_a2_': 1.0, '_a3_': 1.0, '_a5_': 1.0, '_a7_': 1.0}};{'d0': 0.02490583291941659};-280.569866449044;47.59450649357129
35319;-92.6904267309504;(_a4_ * (((x * pow2(((((_a1_ + _a1_) * _a6_) + x) / _a6_))) + x) + x));{'d0': {'_a1_': -0.3369932899573709, '_a4_': 0.7232880443699088, '_a6_': -0.46281293593388456, '_a0_': 1.0, '_a2_': 1.0, '_a3_': 1.0, '_a5_': 1.0, '_a7_': 1.0}};{'d0': 0.02490583291941659};-280.569866449044;47.59450649357129
35320;-92.0661106757047;(((_a6_ * (pow2(((_a6_ * x) + pow2((pow2(_a0_) + _a1_)))) + _a0_)) * x) * _a6_);{'d0': {'_a0_': 0.7872109676242022, '_a1_': 0.03056468307073146, '_a6_': 1.3555797586862597, '_a2_': 1.0, '_a3_': 1.0, '_a4_': 1.0, '_a5_': 1.0, '_a7_': 1.0}};{'d0': 0.024905832919417743};-280.569866449041;48.218822548816085
35321;-92.0661106757047;(((_a6_ * (pow2(((_a6_ * x) + pow2((pow2(_a0_) + _a1_)))) + _a0_)) * x) * _a6_);{'d0': {'_a0_': 0.7872109676242022, '_a1_': 0.03056468307073146, '_a6_': 1.3555797586862597, '_a2_': 1.0, '_a3_': 1.0, '_a4_': 1.0, '_a5_': 1.0, '_a7_': 1.0}};{'d0': 0.024905832919417743};-280.569866449041;48.218822548816085
35322;-92.0661106757047;(((_a6_ * (pow2(((_a6_ * x) + pow2((pow2(_a0_) + _a1_)))) + _a0_)) * x) * _a6_);{'d0': {'_a0_': 0.7872109676242022, '_a1_': 0.03056468307073146, '_a6_': 1.3555797586862597, '_a2_': 1.0, '_a3_': 1.0, '_a4_': 1.0, '_a5_': 1.0, '_a7_': 1.0}};{'d0': 0.024905832919417743};-280.569866449041;48.218822548816085
35323;-92.0661106757047;(((_a6_ * (pow2(((_a6_ * x) + pow2((pow2(_a0_) + _a1_)))) + _a0_)) * x) * _a6_);{'d0': {'_a0_': 0.7872109676242022, '_a1_': 0.03056468307073146, '_a6_': 1.3555797586862597, '_a2_': 1.0, '_a3_': 1.0, '_a4_': 1.0, '_a5_': 1.0, '_a7_': 1.0}};{'d0': 0.024905832919417743};-280.569866449041;48.218822548816085
35324;-92.0661106757047;(((_a6_ * (pow2(((_a6_ * x) + pow2((pow2(_a0_) + _a1_)))) + _a0_)) * x) * _a6_);{'d0': {'_a0_': 0.7872109676242022, '_a1_': 0.03056468307073146, '_a6_': 1.3555797586862597, '_a2_': 1.0, '_a3_': 1.0, '_a4_': 1.0, '_a5_': 1.0, '_a7_': 1.0}};{'d0': 0.024905832919417743};-280.569866449041;48.218822548816085
35325;-95.7640451483160;(((_a6_ * (pow2(((_a6_ * x) + pow2((_a0_ + _a1_)))) + _a0_)) * x) * _a6_);{'d0': {'_a0_': 0.7872109518710966, '_a1_': -0.13694516028417875, '_a6_': 1.3555797640611071, '_a2_': 1.0, '_a3_': 1.0, '_a4_': 1.0, '_a5_': 1.0, '_a7_': 1.0}};{'d0': 0.02490583291941665};-280.569866449044;44.520888076206084
35326;-95.7640451483160;(((_a6_ * (pow2(((_a6_ * x) + pow2((_a0_ + _a1_)))) + _a0_)) * x) * _a6_);{'d0': {'_a0_': 0.7872109518710966, '_a1_': -0.13694516028417875, '_a6_': 1.3555797640611071, '_a2_': 1.0, '_a3_': 1.0, '_a4_': 1.0, '_a5_': 1.0, '_a7_': 1.0}};{'d0': 0.02490583291941665};-280.569866449044;44.520888076206084
35327;-95.7640451483160;(((_a6_ * (pow2(((_a6_ * x) + pow2((_a0_ + _a1_)))) + _a0_)) * x) * _a6_);{'d0': {'_a0_': 0.7872109518710966, '_a1_': -0.13694516028417875, '_a6_': 1.3555797640611071, '_a2_': 1.0, '_a3_': 1.0, '_a4_': 1.0, '_a5_': 1.0, '_a7_': 1.0}};{'d0': 0.02490583291941665};-280.569866449044;44.520888076206084
35328;-95.7640451483160;(((_a6_ * (pow2(((_a6_ * x) + pow2((_a0_ + _a1_)))) + _a0_)) * x) * _a6_);{'d0': {'_a0_': 0.7872109518710966, '_a1_': -0.13694516028417875, '_a6_': 1.3555797640611071, '_a2_': 1.0, '_a3_': 1.0, '_a4_': 1.0, '_a5_': 1.0, '_a7_': 1.0}};{'d0': 0.02490583291941665};-280.569866449044;44.520888076206084
35329;-95.7640451483160;(((_a6_ * (pow2(((_a6_ * x) + pow2((_a0_ + _a1_)))) + _a0_)) * x) * _a6_);{'d0': {'_a0_': 0.7872109518710966, '_a1_': -0.13694516028417875, '_a6_': 1.3555797640611071, '_a2_': 1.0, '_a3_': 1.0, '_a4_': 1.0, '_a5_': 1.0, '_a7_': 1.0}};{'d0': 0.02490583291941665};-280.569866449044;44.520888076206084
35330;-94.7927840247430;(((_a6_ + (pow2(((_a6_ * x) + pow2((_a0_ + _a1_)))) + _a0_)) * x) * _a6_);{'d0': {'_a0_': -0.5360444294916431, '_a1_': 1.2201320854457072, '_a6_': 1.5002608261716934, '_a2_': 1.0, '_a3_': 1.0, '_a4_': 1.0, '_a5_': 1.0, '_a7_': 1.0}};{'d0': 0.024905832919416646};-280.569866449044;45.492149199779085
35331;-94.7927840247430;(((_a6_ + (pow2(((_a6_ * x) + pow2((_a0_ + _a1_)))) + _a0_)) * x) * _a6_);{'d0': {'_a0_': -0.5360444294916431, '_a1_': 1.2201320854457072, '_a6_': 1.5002608261716934, '_a2_': 1.0, '_a3_': 1.0, '_a4_': 1.0, '_a5_': 1.0, '_a7_': 1.0}};{'d0': 0.024905832919416646};-280.569866449044;45.492149199779085
35332;-94.7927840247430;(((_a6_ + (pow2(((_a6_ * x) + pow2((_a0_ + _a1_)))) + _a0_)) * x) * _a6_);{'d0': {'_a0_': -0.5360444294916431, '_a1_': 1.2201320854457072, '_a6_': 1.5002608261716934, '_a2_': 1.0, '_a3_': 1.0, '_a4_': 1.0, '_a5_': 1.0, '_a7_': 1.0}};{'d0': 0.024905832919416646};-280.569866449044;45.492149199779085
35333;-94.7927840247430;(((_a6_ + (pow2(((_a6_ * x) + pow2((_a0_ + _a1_)))) + _a0_)) * x) * _a6_);{'d0': {'_a0_': -0.5360444294916431, '_a1_': 1.2201320854457072, '_a6_': 1.5002608261716934, '_a2_': 1.0, '_a3_': 1.0, '_a4_': 1.0, '_a5_': 1.0, '_a7_': 1.0}};{'d0': 0.024905832919416646};-280.569866449044;45.492149199779085
35334;-94.7927840247430;(((_a6_ + (pow2(((_a6_ * x) + pow2((_a0_ + _a1_)))) + _a0_)) * x) * _a6_);{'d0': {'_a0_': -0.5360444294916431, '_a1_': 1.2201320854457072, '_a6_': 1.5002608261716934, '_a2_': 1.0, '_a3_': 1.0, '_a4_': 1.0, '_a5_': 1.0, '_a7_': 1.0}};{'d0': 0.024905832919416646};-280.569866449044;45.492149199779085
35335;-94.7927840247430;(((_a6_ + (pow2(((_a6_ * x) + pow2((_a0_ + _a1_)))) + _a0_)) * x) * _a6_);{'d0': {'_a0_': -0.5360444294916431, '_a1_': 1.2201320854457072, '_a6_': 1.5002608261716934, '_a2_': 1.0, '_a3_': 1.0, '_a4_': 1.0, '_a5_': 1.0, '_a7_': 1.0}};{'d0': 0.024905832919416646};-280.569866449044;45.492149199779085
35336;-94.9130933073707;(((_a6_ + (pow2(((_a6_ * x) + pow2((_a0_ / _a1_)))) + _a0_)) * x) * _a6_);{'d0': {'_a0_': -0.5360444273669964, '_a1_': 0.7835902647542244, '_a6_': 1.5002608254803513, '_a2_': 1.0, '_a3_': 1.0, '_a4_': 1.0, '_a5_': 1.0, '_a7_': 1.0}};{'d0': 0.0249058329194166};-280.569866449044;45.37183991715148
35337;-94.9130933073706;(((_a6_ + (pow2(((_a1_ * x) + pow2((_a0_ / _a1_)))) + _a0_)) * x) * _a6_);{'d0': {'_a0_': -0.9162724801826815, '_a1_': 1.3910119121547864, '_a6_': 1.7451734982520362, '_a2_': 1.0, '_a3_': 1.0, '_a4_': 1.0, '_a5_': 1.0, '_a7_': 1.0}};{'d0': 0.024905832919416622};-280.569866449044;45.37183991715148
35338;-94.9130933073706;(((_a6_ + (pow2(((_a1_ * x) + pow2((_a0_ / _a1_)))) + _a0_)) * x) * _a6_);{'d0': {'_a0_': -0.9162724801826815, '_a1_': 1.3910119121547864, '_a6_': 1.7451734982520362, '_a2_': 1.0, '_a3_': 1.0, '_a4_': 1.0, '_a5_': 1.0, '_a7_': 1.0}};{'d0': 0.024905832919416622};-280.569866449044;45.37183991715148
35339;-94.9130933073706;(((_a6_ + (pow2(((_a1_ * x) + pow2((_a0_ / _a1_)))) + _a0_)) * x) * _a6_);{'d0': {'_a0_': -0.9162724801826815, '_a1_': 1.3910119121547864, '_a6_': 1.7451734982520362, '_a2_': 1.0, '_a3_': 1.0, '_a4_': 1.0, '_a5_': 1.0, '_a7_': 1.0}};{'d0': 0.024905832919416622};-280.569866449044;45.37183991715148
35340;-94.9130933073706;(((_a6_ + (pow2(((_a1_ * x) + pow2((_a0_ / _a1_)))) + _a0_)) * x) * _a6_);{'d0': {'_a0_': -0.9162724801826815, '_a1_': 1.3910119121547864, '_a6_': 1.7451734982520362, '_a2_': 1.0, '_a3_': 1.0, '_a4_': 1.0, '_a5_': 1.0, '_a7_': 1.0}};{'d0': 0.024905832919416622};-280.569866449044;45.37183991715148
35341;-94.9130933073706;(((_a6_ + (pow2(((_a1_ * x) + pow2((_a0_ / _a1_)))) + _a0_)) * x) * _a6_);{'d0': {'_a0_': -0.9162724801826815, '_a1_': 1.3910119121547864, '_a6_': 1.7451734982520362, '_a2_': 1.0, '_a3_': 1.0, '_a4_': 1.0, '_a5_': 1.0, '_a7_': 1.0}};{'d0': 0.024905832919416622};-280.569866449044;45.37183991715148
35342;-94.9130933073706;(((_a6_ + (pow2(((_a1_ * x) + pow2((_a0_ / _a1_)))) + _a0_)) * x) * _a6_);{'d0': {'_a0_': -0.9162724801826815, '_a1_': 1.3910119121547864, '_a6_': 1.7451734982520362, '_a2_': 1.0, '_a3_': 1.0, '_a4_': 1.0, '_a5_': 1.0, '_a7_': 1.0}};{'d0': 0.024905832919416622};-280.569866449044;45.37183991715148
35343;-94.9130933073706;(((_a6_ + (pow2(((_a1_ * x) + pow2((_a0_ / _a1_)))) + _a0_)) * x) * _a6_);{'d0': {'_a0_': -0.9162724801826815, '_a1_': 1.3910119121547864, '_a6_': 1.7451734982520362, '_a2_': 1.0, '_a3_': 1.0, '_a4_': 1.0, '_a5_': 1.0, '_a7_': 1.0}};{'d0': 0.024905832919416622};-280.569866449044;45.37183991715148
35344;-94.9130933073706;(((_a6_ + (pow2(((_a1_ * x) + pow2((_a0_ / _a1_)))) + _a0_)) * x) * _a6_);{'d0': {'_a0_': -0.9162724801826815, '_a1_': 1.3910119121547864, '_a6_': 1.7451734982520362, '_a2_': 1.0, '_a3_': 1.0, '_a4_': 1.0, '_a5_': 1.0, '_a7_': 1.0}};{'d0': 0.024905832919416622};-280.569866449044;45.37183991715148
35345;-95.7640451483161;(((_a6_ + (pow2(((_a1_ * x) + pow2((_a0_ * _a1_)))) + _a0_)) * x) * _a6_);{'d0': {'_a0_': -0.4520991203614961, '_a1_': 1.5261225667598415, '_a6_': 1.4498446790321573, '_a2_': 1.0, '_a3_': 1.0, '_a4_': 1.0, '_a5_': 1.0, '_a7_': 1.0}};{'d0': 0.024905832919416594};-280.569866449044;44.520888076206084
35346;-95.7640451483161;(((_a6_ + (pow2(((_a1_ * x) + pow2((_a0_ * _a1_)))) + _a0_)) * x) * _a6_);{'d0': {'_a0_': -0.4520991203614961, '_a1_': 1.5261225667598415, '_a6_': 1.4498446790321573, '_a2_': 1.0, '_a3_': 1.0, '_a4_': 1.0, '_a5_': 1.0, '_a7_': 1.0}};{'d0': 0.024905832919416594};-280.569866449044;44.520888076206084
35347;-95.7640451483161;(((_a6_ + (pow2(((_a1_ * x) + pow2((_a0_ * _a1_)))) + _a0_)) * x) * _a6_);{'d0': {'_a0_': -0.4520991203614961, '_a1_': 1.5261225667598415, '_a6_': 1.4498446790321573, '_a2_': 1.0, '_a3_': 1.0, '_a4_': 1.0, '_a5_': 1.0, '_a7_': 1.0}};{'d0': 0.024905832919416594};-280.569866449044;44.520888076206084
35348;-95.7640451483161;(((_a6_ + (pow2(((_a1_ * x) + pow2((_a0_ * _a1_)))) + _a0_)) * x) * _a6_);{'d0': {'_a0_': -0.4520991203614961, '_a1_': 1.5261225667598415, '_a6_': 1.4498446790321573, '_a2_': 1.0, '_a3_': 1.0, '_a4_': 1.0, '_a5_': 1.0, '_a7_': 1.0}};{'d0': 0.024905832919416594};-280.569866449044;44.520888076206084
35349;-95.7640451483161;(((_a6_ + (pow2(((_a1_ * x) + pow2((_a0_ * _a1_)))) + _a0_)) * x) * _a6_);{'d0': {'_a0_': -0.4520991203614961, '_a1_': 1.5261225667598415, '_a6_': 1.4498446790321573, '_a2_': 1.0, '_a3_': 1.0, '_a4_': 1.0, '_a5_': 1.0, '_a7_': 1.0}};{'d0': 0.024905832919416594};-280.569866449044;44.520888076206084
35350;-95.7640451483161;(((_a6_ + (pow2(((_a1_ * x) + pow2((_a0_ * _a1_)))) + _a0_)) * x) * _a6_);{'d0': {'_a0_': -0.4520991203614961, '_a1_': 1.5261225667598415, '_a6_': 1.4498446790321573, '_a2_': 1.0, '_a3_': 1.0, '_a4_': 1.0, '_a5_': 1.0, '_a7_': 1.0}};{'d0': 0.024905832919416594};-280.569866449044;44.520888076206084
35351;-95.7640451483161;(((_a6_ + (pow2(((_a1_ * x) + pow2((_a0_ * _a1_)))) + _a0_)) * x) * _a6_);{'d0': {'_a0_': -0.4520991203614961, '_a1_': 1.5261225667598415, '_a6_': 1.4498446790321573, '_a2_': 1.0, '_a3_': 1.0, '_a4_': 1.0, '_a5_': 1.0, '_a7_': 1.0}};{'d0': 0.024905832919416594};-280.569866449044;44.520888076206084
35352;-95.7640451483161;(((_a6_ + (pow2(((_a1_ * x) + pow2((_a0_ * _a1_)))) + _a0_)) * x) * _a6_);{'d0': {'_a0_': -0.4520991203614961, '_a1_': 1.5261225667598415, '_a6_': 1.4498446790321573, '_a2_': 1.0, '_a3_': 1.0, '_a4_': 1.0, '_a5_': 1.0, '_a7_': 1.0}};{'d0': 0.024905832919416594};-280.569866449044;44.520888076206084
35353;-95.7640451483161;(((_a6_ + (pow2(((_a1_ * x) + pow2((_a0_ * _a1_)))) + _a0_)) * x) * _a6_);{'d0': {'_a0_': -0.4520991203614961, '_a1_': 1.5261225667598415, '_a6_': 1.4498446790321573, '_a2_': 1.0, '_a3_': 1.0, '_a4_': 1.0, '_a5_': 1.0, '_a7_': 1.0}};{'d0': 0.024905832919416594};-280.569866449044;44.520888076206084
35354;-100.713385073773;(((_a6_ + (pow2(((_a1_ * x) + pow2(_a0_))) + _a0_)) * x) * _a6_);{'d0': {'_a0_': -0.6746018747379473, '_a1_': 1.458943082683018, '_a6_': 1.5864398454103168, '_a2_': 1.0, '_a3_': 1.0, '_a4_': 1.0, '_a5_': 1.0, '_a7_': 1.0}};{'d0': 0.024905832919416615};-280.569866449044;39.57154815074908
35355;-100.713385073773;(((_a6_ + (pow2(((_a1_ * x) + pow2(_a0_))) + _a0_)) * x) * _a6_);{'d0': {'_a0_': -0.6746018747379473, '_a1_': 1.458943082683018, '_a6_': 1.5864398454103168, '_a2_': 1.0, '_a3_': 1.0, '_a4_': 1.0, '_a5_': 1.0, '_a7_': 1.0}};{'d0': 0.024905832919416615};-280.569866449044;39.57154815074908
35356;-100.713385073773;(((_a6_ + (pow2(((_a1_ * x) + pow2(_a0_))) + _a0_)) * x) * _a6_);{'d0': {'_a0_': -0.6746018747379473, '_a1_': 1.458943082683018, '_a6_': 1.5864398454103168, '_a2_': 1.0, '_a3_': 1.0, '_a4_': 1.0, '_a5_': 1.0, '_a7_': 1.0}};{'d0': 0.024905832919416615};-280.569866449044;39.57154815074908
35357;-100.713385073773;(((_a6_ + (pow2(((_a1_ * x) + pow2(_a0_))) + _a0_)) * x) * _a6_);{'d0': {'_a0_': -0.6746018747379473, '_a1_': 1.458943082683018, '_a6_': 1.5864398454103168, '_a2_': 1.0, '_a3_': 1.0, '_a4_': 1.0, '_a5_': 1.0, '_a7_': 1.0}};{'d0': 0.024905832919416615};-280.569866449044;39.57154815074908
35358;-100.713385073773;(((_a6_ + (pow2(((_a1_ * x) + pow2(_a0_))) + _a0_)) * x) * _a6_);{'d0': {'_a0_': -0.6746018747379473, '_a1_': 1.458943082683018, '_a6_': 1.5864398454103168, '_a2_': 1.0, '_a3_': 1.0, '_a4_': 1.0, '_a5_': 1.0, '_a7_': 1.0}};{'d0': 0.024905832919416615};-280.569866449044;39.57154815074908
35359;-100.713385073773;(((_a6_ + (pow2(((_a1_ * x) + pow2(_a6_))) + _a0_)) * x) * _a6_);{'d0': {'_a0_': 1.0068223216953356, '_a1_': 2.053944836453579, '_a6_': 0.8004288929456723, '_a2_': 1.0, '_a3_': 1.0, '_a4_': 1.0, '_a5_': 1.0, '_a7_': 1.0}};{'d0': 0.0249058329194166};-280.569866449044;39.57154815074908
35360;-100.713385073773;(((_a6_ + (pow2(((_a1_ * x) + pow2(_a6_))) + _a0_)) * x) * _a6_);{'d0': {'_a0_': 1.0068223216953356, '_a1_': 2.053944836453579, '_a6_': 0.8004288929456723, '_a2_': 1.0, '_a3_': 1.0, '_a4_': 1.0, '_a5_': 1.0, '_a7_': 1.0}};{'d0': 0.0249058329194166};-280.569866449044;39.57154815074908
35361;-100.713385073773;(((_a6_ + (pow2(((_a1_ * x) + pow2(_a6_))) + _a0_)) * x) * _a6_);{'d0': {'_a0_': 1.0068223216953356, '_a1_': 2.053944836453579, '_a6_': 0.8004288929456723, '_a2_': 1.0, '_a3_': 1.0, '_a4_': 1.0, '_a5_': 1.0, '_a7_': 1.0}};{'d0': 0.0249058329194166};-280.569866449044;39.57154815074908
35362;-100.713385073773;(((_a6_ + (pow2(((_a1_ * x) + pow2(_a6_))) + _a0_)) * x) * _a6_);{'d0': {'_a0_': 1.0068223216953356, '_a1_': 2.053944836453579, '_a6_': 0.8004288929456723, '_a2_': 1.0, '_a3_': 1.0, '_a4_': 1.0, '_a5_': 1.0, '_a7_': 1.0}};{'d0': 0.0249058329194166};-280.569866449044;39.57154815074908
35363;-100.713385073773;(((_a6_ + (pow2(((_a1_ * x) + pow2(_a6_))) + _a0_)) * x) * _a6_);{'d0': {'_a0_': 1.0068223216953356, '_a1_': 2.053944836453579, '_a6_': 0.8004288929456723, '_a2_': 1.0, '_a3_': 1.0, '_a4_': 1.0, '_a5_': 1.0, '_a7_': 1.0}};{'d0': 0.0249058329194166};-280.569866449044;39.57154815074908
35364;-100.713385073773;(((_a6_ + (pow2(((_a1_ * x) + pow2(_a6_))) + _a0_)) * x) * _a6_);{'d0': {'_a0_': 1.0068223216953356, '_a1_': 2.053944836453579, '_a6_': 0.8004288929456723, '_a2_': 1.0, '_a3_': 1.0, '_a4_': 1.0, '_a5_': 1.0, '_a7_': 1.0}};{'d0': 0.0249058329194166};-280.569866449044;39.57154815074908
35365;-100.713385073773;(((_a1_ + (pow2(((_a1_ * x) + pow2(_a6_))) + _a0_)) * x) * _a6_);{'d0': {'_a0_': -0.24669362826314284, '_a1_': 2.053944838678841, '_a6_': 0.8004288932680266, '_a2_': 1.0, '_a3_': 1.0, '_a4_': 1.0, '_a5_': 1.0, '_a7_': 1.0}};{'d0': 0.02490583291941674};-280.569866449043;39.57154815074908
35366;-100.713385073773;(((_a1_ + (pow2(((_a1_ * x) + pow2(_a6_))) + _a0_)) * x) * _a6_);{'d0': {'_a0_': -0.24669362826314284, '_a1_': 2.053944838678841, '_a6_': 0.8004288932680266, '_a2_': 1.0, '_a3_': 1.0, '_a4_': 1.0, '_a5_': 1.0, '_a7_': 1.0}};{'d0': 0.02490583291941674};-280.569866449043;39.57154815074908
35367;-100.713385073773;(((_a1_ + (pow2(((_a1_ * x) + pow2(_a6_))) + _a0_)) * x) * _a6_);{'d0': {'_a0_': -0.24669362826314284, '_a1_': 2.053944838678841, '_a6_': 0.8004288932680266, '_a2_': 1.0, '_a3_': 1.0, '_a4_': 1.0, '_a5_': 1.0, '_a7_': 1.0}};{'d0': 0.02490583291941674};-280.569866449043;39.57154815074908
35368;-100.713385073773;(((_a1_ + (pow2(((_a1_ * x) + pow2(_a6_))) + _a0_)) * x) * _a6_);{'d0': {'_a0_': -0.24669362826314284, '_a1_': 2.053944838678841, '_a6_': 0.8004288932680266, '_a2_': 1.0, '_a3_': 1.0, '_a4_': 1.0, '_a5_': 1.0, '_a7_': 1.0}};{'d0': 0.02490583291941674};-280.569866449043;39.57154815074908
35369;-100.713385073773;(((_a1_ + (pow2(((_a1_ * x) + pow2(_a6_))) + _a0_)) * x) * _a6_);{'d0': {'_a0_': -0.24669362826314284, '_a1_': 2.053944838678841, '_a6_': 0.8004288932680266, '_a2_': 1.0, '_a3_': 1.0, '_a4_': 1.0, '_a5_': 1.0, '_a7_': 1.0}};{'d0': 0.02490583291941674};-280.569866449043;39.57154815074908
35370;-105.590367712908;((_a1_ + (pow2(((_a1_ * x) + pow2(_a6_))) + _a0_)) * x);{'d0': {'_a0_': -0.3910204089284667, '_a1_': 1.8375964964009908, '_a6_': 0.7571003486948356, '_a2_': 1.0, '_a3_': 1.0, '_a4_': 1.0, '_a5_': 1.0, '_a7_': 1.0}};{'d0': 0.024905832919416664};-280.569866449044;34.69456551161408
35371;-105.590367712908;((_a1_ + (pow2(((_a1_ * x) + pow2(_a6_))) + _a0_)) * x);{'d0': {'_a0_': -0.3910204089284667, '_a1_': 1.8375964964009908, '_a6_': 0.7571003486948356, '_a2_': 1.0, '_a3_': 1.0, '_a4_': 1.0, '_a5_': 1.0, '_a7_': 1.0}};{'d0': 0.024905832919416664};-280.569866449044;34.69456551161408
35372;-105.590367712908;((_a1_ + (pow2(((_a1_ * x) + pow2(_a6_))) + _a0_)) * x);{'d0': {'_a0_': -0.3910204089284667, '_a1_': 1.8375964964009908, '_a6_': 0.7571003486948356, '_a2_': 1.0, '_a3_': 1.0, '_a4_': 1.0, '_a5_': 1.0, '_a7_': 1.0}};{'d0': 0.024905832919416664};-280.569866449044;34.69456551161408
35373;-105.590367712908;((_a1_ + (pow2(((_a1_ * x) + pow2(_a6_))) + _a0_)) * x);{'d0': {'_a0_': -0.3910204089284667, '_a1_': 1.8375964964009908, '_a6_': 0.7571003486948356, '_a2_': 1.0, '_a3_': 1.0, '_a4_': 1.0, '_a5_': 1.0, '_a7_': 1.0}};{'d0': 0.024905832919416664};-280.569866449044;34.69456551161408
35374;-105.590367712908;((_a1_ + (pow2(((_a1_ * x) + pow2(_a6_))) + _a0_)) * x);{'d0': {'_a0_': -0.3910204089284667, '_a1_': 1.8375964964009908, '_a6_': 0.7571003486948356, '_a2_': 1.0, '_a3_': 1.0, '_a4_': 1.0, '_a5_': 1.0, '_a7_': 1.0}};{'d0': 0.024905832919416664};-280.569866449044;34.69456551161408
35375;-105.590367712908;((_a1_ + (pow2(((_a1_ * x) + pow2(_a6_))) + _a0_)) * x);{'d0': {'_a0_': -0.3910204089284667, '_a1_': 1.8375964964009908, '_a6_': 0.7571003486948356, '_a2_': 1.0, '_a3_': 1.0, '_a4_': 1.0, '_a5_': 1.0, '_a7_': 1.0}};{'d0': 0.024905832919416664};-280.569866449044;34.69456551161408
35376;-105.590367712908;((_a1_ + (pow2(((_a1_ * x) + pow2(_a6_))) + _a0_)) * x);{'d0': {'_a0_': -0.3910204089284667, '_a1_': 1.8375964964009908, '_a6_': 0.7571003486948356, '_a2_': 1.0, '_a3_': 1.0, '_a4_': 1.0, '_a5_': 1.0, '_a7_': 1.0}};{'d0': 0.024905832919416664};-280.569866449044;34.69456551161408
35377;-104.531628829010;(((_a3_ * _a6_) + (((_a7_ + x) / pow2(_a3_)) * x)) * x);{'d0': {'_a3_': -0.5441891093832171, '_a6_': -3.261982596522918, '_a7_': 0.6238594154587503, '_a0_': 1.0, '_a1_': 1.0, '_a2_': 1.0, '_a4_': 1.0, '_a5_': 1.0}};{'d0': 0.02490583291941667};-280.569866449043;35.753304395511464
35378;-104.531628829010;(((_a3_ * _a6_) + (((_a7_ + x) / pow2(_a3_)) * x)) * x);{'d0': {'_a3_': -0.5441891093832171, '_a6_': -3.261982596522918, '_a7_': 0.6238594154587503, '_a0_': 1.0, '_a1_': 1.0, '_a2_': 1.0, '_a4_': 1.0, '_a5_': 1.0}};{'d0': 0.02490583291941667};-280.569866449043;35.753304395511464
35379;-104.531628829010;(((_a3_ * _a6_) + (((_a7_ + x) / pow2(_a3_)) * x)) * x);{'d0': {'_a3_': -0.5441891093832171, '_a6_': -3.261982596522918, '_a7_': 0.6238594154587503, '_a0_': 1.0, '_a1_': 1.0, '_a2_': 1.0, '_a4_': 1.0, '_a5_': 1.0}};{'d0': 0.02490583291941667};-280.569866449043;35.753304395511464
35380;-104.531628829010;(((_a3_ * _a6_) + (((_a7_ + x) / pow2(_a3_)) * x)) * x);{'d0': {'_a3_': -0.5441891093832171, '_a6_': -3.261982596522918, '_a7_': 0.6238594154587503, '_a0_': 1.0, '_a1_': 1.0, '_a2_': 1.0, '_a4_': 1.0, '_a5_': 1.0}};{'d0': 0.02490583291941667};-280.569866449043;35.753304395511464
35381;-104.531628829010;(((_a3_ * _a6_) + (((_a7_ + x) / pow2(_a3_)) * x)) * x);{'d0': {'_a3_': -0.5441891093832171, '_a6_': -3.261982596522918, '_a7_': 0.6238594154587503, '_a0_': 1.0, '_a1_': 1.0, '_a2_': 1.0, '_a4_': 1.0, '_a5_': 1.0}};{'d0': 0.02490583291941667};-280.569866449043;35.753304395511464
35382;-104.531628829010;(((_a3_ * _a6_) + (((_a7_ + x) / pow2(_a3_)) * x)) * x);{'d0': {'_a3_': -0.5441891093832171, '_a6_': -3.261982596522918, '_a7_': 0.6238594154587503, '_a0_': 1.0, '_a1_': 1.0, '_a2_': 1.0, '_a4_': 1.0, '_a5_': 1.0}};{'d0': 0.02490583291941667};-280.569866449043;35.753304395511464
35383;-104.531628829010;(((_a3_ * _a6_) + (((_a7_ + x) / pow2(_a3_)) * x)) * x);{'d0': {'_a3_': -0.5441891093832171, '_a6_': -3.261982596522918, '_a7_': 0.6238594154587503, '_a0_': 1.0, '_a1_': 1.0, '_a2_': 1.0, '_a4_': 1.0, '_a5_': 1.0}};{'d0': 0.02490583291941667};-280.569866449043;35.753304395511464
35384;-104.531628829010;(((_a3_ * _a6_) + (((_a7_ + x) / pow2(_a3_)) * x)) * x);{'d0': {'_a3_': -0.5441891093832171, '_a6_': -3.261982596522918, '_a7_': 0.6238594154587503, '_a0_': 1.0, '_a1_': 1.0, '_a2_': 1.0, '_a4_': 1.0, '_a5_': 1.0}};{'d0': 0.02490583291941667};-280.569866449043;35.753304395511464
35385;-104.531628829010;(((_a3_ * _a6_) + (((_a7_ + x) / pow2(_a3_)) * x)) * x);{'d0': {'_a3_': -0.5441891093832171, '_a6_': -3.261982596522918, '_a7_': 0.6238594154587503, '_a0_': 1.0, '_a1_': 1.0, '_a2_': 1.0, '_a4_': 1.0, '_a5_': 1.0}};{'d0': 0.02490583291941667};-280.569866449043;35.753304395511464
35386;-104.531628829010;(((_a3_ * _a6_) + (((_a7_ + x) / pow2(_a3_)) * x)) * x);{'d0': {'_a3_': -0.5441891093832171, '_a6_': -3.261982596522918, '_a7_': 0.6238594154587503, '_a0_': 1.0, '_a1_': 1.0, '_a2_': 1.0, '_a4_': 1.0, '_a5_': 1.0}};{'d0': 0.02490583291941667};-280.569866449043;35.753304395511464
35387;-104.531628829010;(((_a3_ * _a6_) + (((_a7_ + x) / pow2(_a3_)) * x)) * x);{'d0': {'_a3_': -0.5441891093832171, '_a6_': -3.261982596522918, '_a7_': 0.6238594154587503, '_a0_': 1.0, '_a1_': 1.0, '_a2_': 1.0, '_a4_': 1.0, '_a5_': 1.0}};{'d0': 0.02490583291941667};-280.569866449043;35.753304395511464
35388;-104.531628829010;(((_a3_ * _a6_) + (((_a7_ + x) / pow2(_a3_)) * x)) * x);{'d0': {'_a3_': -0.5441891093832171, '_a6_': -3.261982596522918, '_a7_': 0.6238594154587503, '_a0_': 1.0, '_a1_': 1.0, '_a2_': 1.0, '_a4_': 1.0, '_a5_': 1.0}};{'d0': 0.02490583291941667};-280.569866449043;35.753304395511464
35389;-104.531628829010;(((_a3_ * _a6_) + (((_a7_ + x) / pow2(_a3_)) * x)) * x);{'d0': {'_a3_': -0.5441891093832171, '_a6_': -3.261982596522918, '_a7_': 0.6238594154587503, '_a0_': 1.0, '_a1_': 1.0, '_a2_': 1.0, '_a4_': 1.0, '_a5_': 1.0}};{'d0': 0.02490583291941667};-280.569866449043;35.753304395511464
35390;-104.531628829010;(((_a3_ * _a6_) + (((_a7_ + x) / pow2(_a3_)) * x)) * x);{'d0': {'_a3_': -0.5441891093832171, '_a6_': -3.261982596522918, '_a7_': 0.6238594154587503, '_a0_': 1.0, '_a1_': 1.0, '_a2_': 1.0, '_a4_': 1.0, '_a5_': 1.0}};{'d0': 0.02490583291941667};-280.569866449043;35.753304395511464
35391;-104.531628829010;(((_a3_ * _a6_) + (((_a7_ + x) / pow2(_a3_)) * x)) * x);{'d0': {'_a3_': -0.5441891093832171, '_a6_': -3.261982596522918, '_a7_': 0.6238594154587503, '_a0_': 1.0, '_a1_': 1.0, '_a2_': 1.0, '_a4_': 1.0, '_a5_': 1.0}};{'d0': 0.02490583291941667};-280.569866449043;35.753304395511464
35392;-104.531628829010;(((_a3_ * _a6_) + (((_a7_ + x) / pow2(_a3_)) * x)) * x);{'d0': {'_a3_': -0.5441891093832171, '_a6_': -3.261982596522918, '_a7_': 0.6238594154587503, '_a0_': 1.0, '_a1_': 1.0, '_a2_': 1.0, '_a4_': 1.0, '_a5_': 1.0}};{'d0': 0.02490583291941667};-280.569866449043;35.753304395511464
35393;-93.2516957498703;(_a4_ * (((x * pow2((((_a7_ * log(_a4_)) + x) / _a6_))) + x) + x));{'d0': {'_a4_': 0.7232880467215621, '_a6_': -0.4628129374366753, '_a7_': -0.9629013513469041, '_a0_': 1.0, '_a1_': 1.0, '_a2_': 1.0, '_a3_': 1.0, '_a5_': 1.0}};{'d0': 0.024905832919416695};-280.569866449043;47.03323747465129
35394;-93.2516957498703;(_a4_ * (((x * pow2((((_a7_ * log(_a4_)) + x) / _a6_))) + x) + x));{'d0': {'_a4_': 0.7232880467215621, '_a6_': -0.4628129374366753, '_a7_': -0.9629013513469041, '_a0_': 1.0, '_a1_': 1.0, '_a2_': 1.0, '_a3_': 1.0, '_a5_': 1.0}};{'d0': 0.024905832919416695};-280.569866449043;47.03323747465129
35395;-91.2045234469057;(_a2_ * (((x * pow2((((_a7_ * log(_a4_)) + x) / _a6_))) + x) + x));{'d0': {'_a2_': 0.7232880448187768, '_a4_': 0.7252867732975157, '_a6_': -0.46281293624675873, '_a7_': -0.9711734087364625, '_a0_': 1.0, '_a1_': 1.0, '_a3_': 1.0, '_a5_': 1.0}};{'d0': 0.024905832937559377};-276.475521843114;47.03323747465129
35396;-91.2045234469057;(_a2_ * (((x * pow2((((_a7_ * log(_a4_)) + x) / _a6_))) + x) + x));{'d0': {'_a2_': 0.7232880448187768, '_a4_': 0.7252867732975157, '_a6_': -0.46281293624675873, '_a7_': -0.9711734087364625, '_a0_': 1.0, '_a1_': 1.0, '_a3_': 1.0, '_a5_': 1.0}};{'d0': 0.024905832937559377};-276.475521843114;47.03323747465129
35397;-91.2045234469057;(_a2_ * (((x * pow2((((_a7_ * log(_a4_)) + x) / _a6_))) + x) + x));{'d0': {'_a2_': 0.7232880448187768, '_a4_': 0.7252867732975157, '_a6_': -0.46281293624675873, '_a7_': -0.9711734087364625, '_a0_': 1.0, '_a1_': 1.0, '_a3_': 1.0, '_a5_': 1.0}};{'d0': 0.024905832937559377};-276.475521843114;47.03323747465129
35398;-91.2045234469057;(_a2_ * (((x * pow2((((_a7_ * log(_a4_)) + x) / _a6_))) + x) + x));{'d0': {'_a2_': 0.7232880448187768, '_a4_': 0.7252867732975157, '_a6_': -0.46281293624675873, '_a7_': -0.9711734087364625, '_a0_': 1.0, '_a1_': 1.0, '_a3_': 1.0, '_a5_': 1.0}};{'d0': 0.024905832937559377};-276.475521843114;47.03323747465129
35399;-91.2045234469057;(_a2_ * (((x * pow2((((_a7_ * log(_a4_)) + x) / _a6_))) + x) + x));{'d0': {'_a2_': 0.7232880448187768, '_a4_': 0.7252867732975157, '_a6_': -0.46281293624675873, '_a7_': -0.9711734087364625, '_a0_': 1.0, '_a1_': 1.0, '_a3_': 1.0, '_a5_': 1.0}};{'d0': 0.024905832937559377};-276.475521843114;47.03323747465129
35400;-98.2585261643842;(((_a2_ + ((_a2_ + x) * (x * _a3_))) / _a2_) * ((_a3_ * x) * _a4_));{'d0': {'_a2_': 0.6238594155586813, '_a3_': 1.1867399319067102, '_a4_': 1.495808269688884, '_a0_': 1.0, '_a1_': 1.0, '_a5_': 1.0, '_a6_': 1.0, '_a7_': 1.0}};{'d0': 0.024905832919416657};-280.569866449044;42.02640706013754
35401;-98.2585261643842;(((_a2_ + ((_a2_ + x) * (x * _a3_))) / _a2_) * ((_a3_ * x) * _a4_));{'d0': {'_a2_': 0.6238594155586813, '_a3_': 1.1867399319067102, '_a4_': 1.495808269688884, '_a0_': 1.0, '_a1_': 1.0, '_a5_': 1.0, '_a6_': 1.0, '_a7_': 1.0}};{'d0': 0.024905832919416657};-280.569866449044;42.02640706013754
35402;-98.2585261643842;(((_a2_ + ((_a2_ + x) * (x * _a3_))) / _a2_) * ((_a3_ * x) * _a4_));{'d0': {'_a2_': 0.6238594155586813, '_a3_': 1.1867399319067102, '_a4_': 1.495808269688884, '_a0_': 1.0, '_a1_': 1.0, '_a5_': 1.0, '_a6_': 1.0, '_a7_': 1.0}};{'d0': 0.024905832919416657};-280.569866449044;42.02640706013754
35403;-98.2585261643842;(((_a2_ + ((_a2_ + x) * (x * _a3_))) / _a2_) * ((_a3_ * x) * _a4_));{'d0': {'_a2_': 0.6238594155586813, '_a3_': 1.1867399319067102, '_a4_': 1.495808269688884, '_a0_': 1.0, '_a1_': 1.0, '_a5_': 1.0, '_a6_': 1.0, '_a7_': 1.0}};{'d0': 0.024905832919416657};-280.569866449044;42.02640706013754
35404;-98.2585261643842;(((_a2_ + ((_a2_ + x) * (x * _a3_))) / _a2_) * ((_a3_ * x) * _a4_));{'d0': {'_a2_': 0.6238594155586813, '_a3_': 1.1867399319067102, '_a4_': 1.495808269688884, '_a0_': 1.0, '_a1_': 1.0, '_a5_': 1.0, '_a6_': 1.0, '_a7_': 1.0}};{'d0': 0.024905832919416657};-280.569866449044;42.02640706013754
35405;-98.2585261643842;(((_a2_ + ((_a2_ + x) * (x * _a3_))) / _a2_) * ((_a3_ * x) * _a4_));{'d0': {'_a2_': 0.6238594155586813, '_a3_': 1.1867399319067102, '_a4_': 1.495808269688884, '_a0_': 1.0, '_a1_': 1.0, '_a5_': 1.0, '_a6_': 1.0, '_a7_': 1.0}};{'d0': 0.024905832919416657};-280.569866449044;42.02640706013754
35406;-98.2585261643842;(((_a2_ + ((_a2_ + x) * (x * _a3_))) / _a2_) * ((_a3_ * x) * _a4_));{'d0': {'_a2_': 0.6238594155586813, '_a3_': 1.1867399319067102, '_a4_': 1.495808269688884, '_a0_': 1.0, '_a1_': 1.0, '_a5_': 1.0, '_a6_': 1.0, '_a7_': 1.0}};{'d0': 0.024905832919416657};-280.569866449044;42.02640706013754
35407;-98.2585261643842;(((_a2_ + ((_a2_ + x) * (x * _a3_))) / _a2_) * ((_a3_ * x) * _a4_));{'d0': {'_a2_': 0.6238594155586813, '_a3_': 1.1867399319067102, '_a4_': 1.495808269688884, '_a0_': 1.0, '_a1_': 1.0, '_a5_': 1.0, '_a6_': 1.0, '_a7_': 1.0}};{'d0': 0.024905832919416657};-280.569866449044;42.02640706013754
35408;-98.2585261643842;(((_a2_ + ((_a2_ + x) * (x * _a3_))) / _a2_) * ((_a3_ * x) * _a4_));{'d0': {'_a2_': 0.6238594155586813, '_a3_': 1.1867399319067102, '_a4_': 1.495808269688884, '_a0_': 1.0, '_a1_': 1.0, '_a5_': 1.0, '_a6_': 1.0, '_a7_': 1.0}};{'d0': 0.024905832919416657};-280.569866449044;42.02640706013754
35409;-98.2585261643842;(((_a2_ + ((_a2_ + x) * (x * _a3_))) / _a2_) * ((_a3_ * x) * _a4_));{'d0': {'_a2_': 0.6238594155586813, '_a3_': 1.1867399319067102, '_a4_': 1.495808269688884, '_a0_': 1.0, '_a1_': 1.0, '_a5_': 1.0, '_a6_': 1.0, '_a7_': 1.0}};{'d0': 0.024905832919416657};-280.569866449044;42.02640706013754
35410;-98.2585261643842;(((_a2_ + ((_a2_ + x) * (x * _a3_))) / _a2_) * ((_a3_ * x) * _a4_));{'d0': {'_a2_': 0.6238594155586813, '_a3_': 1.1867399319067102, '_a4_': 1.495808269688884, '_a0_': 1.0, '_a1_': 1.0, '_a5_': 1.0, '_a6_': 1.0, '_a7_': 1.0}};{'d0': 0.024905832919416657};-280.569866449044;42.02640706013754
35411;-98.2585261643843;(((_a2_ + ((_a3_ + x) * (x * _a3_))) / _a2_) * ((_a3_ * x) * _a4_));{'d0': {'_a2_': 0.32795776015634204, '_a3_': 0.623859415283977, '_a4_': 2.84540933397918, '_a0_': 1.0, '_a1_': 1.0, '_a5_': 1.0, '_a6_': 1.0, '_a7_': 1.0}};{'d0': 0.02490583291941659};-280.569866449044;42.02640706013754
35412;-98.2585261643843;(((_a2_ + ((_a3_ + x) * (x * _a3_))) / _a2_) * ((_a3_ * x) * _a4_));{'d0': {'_a2_': 0.32795776015634204, '_a3_': 0.623859415283977, '_a4_': 2.84540933397918, '_a0_': 1.0, '_a1_': 1.0, '_a5_': 1.0, '_a6_': 1.0, '_a7_': 1.0}};{'d0': 0.02490583291941659};-280.569866449044;42.02640706013754
35413;-98.2585261643843;(((_a2_ + ((_a3_ + x) * (x * _a3_))) / _a2_) * ((_a3_ * x) * _a4_));{'d0': {'_a2_': 0.32795776015634204, '_a3_': 0.623859415283977, '_a4_': 2.84540933397918, '_a0_': 1.0, '_a1_': 1.0, '_a5_': 1.0, '_a6_': 1.0, '_a7_': 1.0}};{'d0': 0.02490583291941659};-280.569866449044;42.02640706013754
35414;-98.2585261643843;(((_a2_ + ((_a3_ + x) * (x * _a3_))) / _a2_) * ((_a3_ * x) * _a4_));{'d0': {'_a2_': 0.32795776015634204, '_a3_': 0.623859415283977, '_a4_': 2.84540933397918, '_a0_': 1.0, '_a1_': 1.0, '_a5_': 1.0, '_a6_': 1.0, '_a7_': 1.0}};{'d0': 0.02490583291941659};-280.569866449044;42.02640706013754
35415;-98.2585261643843;(((_a2_ + ((_a3_ + x) * (x * _a3_))) / _a2_) * ((_a3_ * x) * _a4_));{'d0': {'_a2_': 0.32795776015634204, '_a3_': 0.623859415283977, '_a4_': 2.84540933397918, '_a0_': 1.0, '_a1_': 1.0, '_a5_': 1.0, '_a6_': 1.0, '_a7_': 1.0}};{'d0': 0.02490583291941659};-280.569866449044;42.02640706013754
35416;-98.2585261643843;(((_a2_ + ((_a3_ + x) * (x * _a3_))) / _a2_) * ((_a3_ * x) * _a4_));{'d0': {'_a2_': 0.32795776015634204, '_a3_': 0.623859415283977, '_a4_': 2.84540933397918, '_a0_': 1.0, '_a1_': 1.0, '_a5_': 1.0, '_a6_': 1.0, '_a7_': 1.0}};{'d0': 0.02490583291941659};-280.569866449044;42.02640706013754
35417;-98.2585261643843;(((_a2_ + ((_a3_ + x) * (x * _a3_))) / _a2_) * ((_a3_ * x) * _a4_));{'d0': {'_a2_': 0.32795776015634204, '_a3_': 0.623859415283977, '_a4_': 2.84540933397918, '_a0_': 1.0, '_a1_': 1.0, '_a5_': 1.0, '_a6_': 1.0, '_a7_': 1.0}};{'d0': 0.02490583291941659};-280.569866449044;42.02640706013754
35418;-98.2585261643843;(((_a2_ + ((_a3_ + x) * (x * _a3_))) / _a2_) * ((_a3_ * x) * _a4_));{'d0': {'_a2_': 0.32795776015634204, '_a3_': 0.623859415283977, '_a4_': 2.84540933397918, '_a0_': 1.0, '_a1_': 1.0, '_a5_': 1.0, '_a6_': 1.0, '_a7_': 1.0}};{'d0': 0.02490583291941659};-280.569866449044;42.02640706013754
35419;-98.2585261643843;(((_a2_ + ((_a3_ + x) * (x * _a3_))) / _a2_) * ((_a3_ * x) * _a4_));{'d0': {'_a2_': 0.32795776015634204, '_a3_': 0.623859415283977, '_a4_': 2.84540933397918, '_a0_': 1.0, '_a1_': 1.0, '_a5_': 1.0, '_a6_': 1.0, '_a7_': 1.0}};{'d0': 0.02490583291941659};-280.569866449044;42.02640706013754
35420;-98.2585261643843;(((_a2_ + ((_a3_ + x) * (x * _a3_))) / _a2_) * ((_a3_ * x) * _a4_));{'d0': {'_a2_': 0.32795776015634204, '_a3_': 0.623859415283977, '_a4_': 2.84540933397918, '_a0_': 1.0, '_a1_': 1.0, '_a5_': 1.0, '_a6_': 1.0, '_a7_': 1.0}};{'d0': 0.02490583291941659};-280.569866449044;42.02640706013754
35421;-98.2585261643843;(((_a2_ + ((_a3_ + x) * (x * _a3_))) / _a2_) * ((_a3_ * x) * _a4_));{'d0': {'_a2_': 0.32795776015634204, '_a3_': 0.623859415283977, '_a4_': 2.84540933397918, '_a0_': 1.0, '_a1_': 1.0, '_a5_': 1.0, '_a6_': 1.0, '_a7_': 1.0}};{'d0': 0.02490583291941659};-280.569866449044;42.02640706013754
35422;-98.2585261643843;(((_a2_ + ((_a3_ + x) * (x * _a3_))) / _a2_) * ((_a3_ * x) * _a4_));{'d0': {'_a2_': 0.32795776015634204, '_a3_': 0.623859415283977, '_a4_': 2.84540933397918, '_a0_': 1.0, '_a1_': 1.0, '_a5_': 1.0, '_a6_': 1.0, '_a7_': 1.0}};{'d0': 0.02490583291941659};-280.569866449044;42.02640706013754
35423;-98.2585261643843;(((_a2_ + ((_a3_ + x) * (x * _a3_))) / _a2_) * ((_a3_ * x) * _a4_));{'d0': {'_a2_': 0.32795776015634204, '_a3_': 0.623859415283977, '_a4_': 2.84540933397918, '_a0_': 1.0, '_a1_': 1.0, '_a5_': 1.0, '_a6_': 1.0, '_a7_': 1.0}};{'d0': 0.02490583291941659};-280.569866449044;42.02640706013754
35424;-98.2585261643843;(((_a2_ + ((_a3_ + x) * (x * _a3_))) / _a2_) * ((_a3_ * x) * _a4_));{'d0': {'_a2_': 0.32795776015634204, '_a3_': 0.623859415283977, '_a4_': 2.84540933397918, '_a0_': 1.0, '_a1_': 1.0, '_a5_': 1.0, '_a6_': 1.0, '_a7_': 1.0}};{'d0': 0.02490583291941659};-280.569866449044;42.02640706013754
35425;-98.2585261643843;(((_a2_ + ((_a3_ + x) * (x * _a3_))) / _a2_) * ((_a3_ * x) * _a4_));{'d0': {'_a2_': 0.32795776015634204, '_a3_': 0.623859415283977, '_a4_': 2.84540933397918, '_a0_': 1.0, '_a1_': 1.0, '_a5_': 1.0, '_a6_': 1.0, '_a7_': 1.0}};{'d0': 0.02490583291941659};-280.569866449044;42.02640706013754
35426;-98.2585261643843;(((_a2_ + ((_a3_ + x) * (x * _a3_))) / _a2_) * ((_a3_ * x) * _a4_));{'d0': {'_a2_': 0.32795776015634204, '_a3_': 0.623859415283977, '_a4_': 2.84540933397918, '_a0_': 1.0, '_a1_': 1.0, '_a5_': 1.0, '_a6_': 1.0, '_a7_': 1.0}};{'d0': 0.02490583291941659};-280.569866449044;42.02640706013754
35427;-98.2585261643843;(((_a2_ + ((_a3_ + x) * (x * _a3_))) / _a2_) * ((_a3_ * x) * _a4_));{'d0': {'_a2_': 0.32795776015634204, '_a3_': 0.623859415283977, '_a4_': 2.84540933397918, '_a0_': 1.0, '_a1_': 1.0, '_a5_': 1.0, '_a6_': 1.0, '_a7_': 1.0}};{'d0': 0.02490583291941659};-280.569866449044;42.02640706013754
35428;-98.2585261643843;(((_a2_ + ((_a3_ + x) * (x * _a3_))) / _a2_) * ((_a3_ * x) * _a4_));{'d0': {'_a2_': 0.32795776015634204, '_a3_': 0.623859415283977, '_a4_': 2.84540933397918, '_a0_': 1.0, '_a1_': 1.0, '_a5_': 1.0, '_a6_': 1.0, '_a7_': 1.0}};{'d0': 0.02490583291941659};-280.569866449044;42.02640706013754
35429;-98.2585261643843;(((_a2_ + ((_a3_ + x) * (x * _a3_))) / _a2_) * ((_a3_ * x) * _a4_));{'d0': {'_a2_': 0.32795776015634204, '_a3_': 0.623859415283977, '_a4_': 2.84540933397918, '_a0_': 1.0, '_a1_': 1.0, '_a5_': 1.0, '_a6_': 1.0, '_a7_': 1.0}};{'d0': 0.02490583291941659};-280.569866449044;42.02640706013754
35430;-98.2585261643843;(((_a2_ + ((_a3_ + x) * (x * _a3_))) / _a2_) * ((_a3_ * x) * _a4_));{'d0': {'_a2_': 0.32795776015634204, '_a3_': 0.623859415283977, '_a4_': 2.84540933397918, '_a0_': 1.0, '_a1_': 1.0, '_a5_': 1.0, '_a6_': 1.0, '_a7_': 1.0}};{'d0': 0.02490583291941659};-280.569866449044;42.02640706013754
35431;-98.2585261643843;(((_a2_ + ((_a3_ + x) * (x * _a3_))) / _a2_) * ((_a3_ * x) * _a4_));{'d0': {'_a2_': 0.32795776015634204, '_a3_': 0.623859415283977, '_a4_': 2.84540933397918, '_a0_': 1.0, '_a1_': 1.0, '_a5_': 1.0, '_a6_': 1.0, '_a7_': 1.0}};{'d0': 0.02490583291941659};-280.569866449044;42.02640706013754
35432;-98.2585261643843;(((_a2_ + ((_a3_ + x) * (x * _a3_))) / _a2_) * ((_a3_ * x) * _a4_));{'d0': {'_a2_': 0.32795776015634204, '_a3_': 0.623859415283977, '_a4_': 2.84540933397918, '_a0_': 1.0, '_a1_': 1.0, '_a5_': 1.0, '_a6_': 1.0, '_a7_': 1.0}};{'d0': 0.02490583291941659};-280.569866449044;42.02640706013754
35433;-98.2585261643843;(((_a2_ + ((_a3_ + x) * (x * _a3_))) / _a2_) * ((_a3_ * x) * _a4_));{'d0': {'_a2_': 0.32795776015634204, '_a3_': 0.623859415283977, '_a4_': 2.84540933397918, '_a0_': 1.0, '_a1_': 1.0, '_a5_': 1.0, '_a6_': 1.0, '_a7_': 1.0}};{'d0': 0.02490583291941659};-280.569866449044;42.02640706013754
35434;-98.2585261643843;(((_a2_ + ((_a3_ + x) * (x * _a3_))) / _a2_) * ((_a3_ * x) * _a4_));{'d0': {'_a2_': 0.32795776015634204, '_a3_': 0.623859415283977, '_a4_': 2.84540933397918, '_a0_': 1.0, '_a1_': 1.0, '_a5_': 1.0, '_a6_': 1.0, '_a7_': 1.0}};{'d0': 0.02490583291941659};-280.569866449044;42.02640706013754
35435;-93.1644716662832;(((_a2_ + ((_a3_ + x) * (x * _a3_))) / _a2_) * ((_a3_ * (_a4_ * x)) * _a4_));{'d0': {'_a2_': 0.327957760162021, '_a3_': 0.6238594153161826, '_a4_': 1.6868341157025035, '_a0_': 1.0, '_a1_': 1.0, '_a5_': 1.0, '_a6_': 1.0, '_a7_': 1.0}};{'d0': 0.024905832919416657};-280.569866449044;47.12046155823854
35436;-93.1644716662832;(((_a2_ + ((_a3_ + x) * (x * _a3_))) / _a2_) * ((_a3_ * (_a4_ * x)) * _a4_));{'d0': {'_a2_': 0.327957760162021, '_a3_': 0.6238594153161826, '_a4_': 1.6868341157025035, '_a0_': 1.0, '_a1_': 1.0, '_a5_': 1.0, '_a6_': 1.0, '_a7_': 1.0}};{'d0': 0.024905832919416657};-280.569866449044;47.12046155823854
35437;-93.1644716662832;(((_a2_ + ((_a3_ + x) * (x * _a3_))) / _a2_) * ((_a3_ * (_a4_ * x)) * _a4_));{'d0': {'_a2_': 0.327957760162021, '_a3_': 0.6238594153161826, '_a4_': 1.6868341157025035, '_a0_': 1.0, '_a1_': 1.0, '_a5_': 1.0, '_a6_': 1.0, '_a7_': 1.0}};{'d0': 0.024905832919416657};-280.569866449044;47.12046155823854
35438;-93.1644716662832;(((_a2_ + ((_a3_ + x) * (x * _a3_))) / _a2_) * ((_a3_ * (_a4_ * x)) * _a4_));{'d0': {'_a2_': 0.327957760162021, '_a3_': 0.6238594153161826, '_a4_': 1.6868341157025035, '_a0_': 1.0, '_a1_': 1.0, '_a5_': 1.0, '_a6_': 1.0, '_a7_': 1.0}};{'d0': 0.024905832919416657};-280.569866449044;47.12046155823854
35439;-93.1644716662832;(((_a2_ + ((_a3_ + x) * (x * _a3_))) / _a2_) * ((_a3_ * (_a4_ * x)) * _a4_));{'d0': {'_a2_': 0.327957760162021, '_a3_': 0.6238594153161826, '_a4_': 1.6868341157025035, '_a0_': 1.0, '_a1_': 1.0, '_a5_': 1.0, '_a6_': 1.0, '_a7_': 1.0}};{'d0': 0.024905832919416657};-280.569866449044;47.12046155823854
35440;-93.1644716662832;(((_a2_ + ((_a3_ + x) * (x * _a3_))) / _a2_) * ((_a3_ * (_a4_ * x)) * _a4_));{'d0': {'_a2_': 0.327957760162021, '_a3_': 0.6238594153161826, '_a4_': 1.6868341157025035, '_a0_': 1.0, '_a1_': 1.0, '_a5_': 1.0, '_a6_': 1.0, '_a7_': 1.0}};{'d0': 0.024905832919416657};-280.569866449044;47.12046155823854
35441;-93.1644716662832;(((_a2_ + ((_a3_ + x) * (x * _a3_))) / _a2_) * ((_a3_ * (_a4_ * x)) * _a4_));{'d0': {'_a2_': 0.327957760162021, '_a3_': 0.6238594153161826, '_a4_': 1.6868341157025035, '_a0_': 1.0, '_a1_': 1.0, '_a5_': 1.0, '_a6_': 1.0, '_a7_': 1.0}};{'d0': 0.024905832919416657};-280.569866449044;47.12046155823854
35442;-93.1644716662832;(((_a2_ + ((_a3_ + x) * (x * _a3_))) / _a2_) * ((_a3_ * (_a4_ * x)) * _a4_));{'d0': {'_a2_': 0.327957760162021, '_a3_': 0.6238594153161826, '_a4_': 1.6868341157025035, '_a0_': 1.0, '_a1_': 1.0, '_a5_': 1.0, '_a6_': 1.0, '_a7_': 1.0}};{'d0': 0.024905832919416657};-280.569866449044;47.12046155823854
35443;-93.1644716662832;(((_a2_ + ((_a3_ + x) * (x * _a3_))) / _a2_) * ((_a3_ * (_a4_ * x)) * _a4_));{'d0': {'_a2_': 0.327957760162021, '_a3_': 0.6238594153161826, '_a4_': 1.6868341157025035, '_a0_': 1.0, '_a1_': 1.0, '_a5_': 1.0, '_a6_': 1.0, '_a7_': 1.0}};{'d0': 0.024905832919416657};-280.569866449044;47.12046155823854
35444;-87.9980598818602;(((_a2_ + ((_a3_ + x) * (x * _a3_))) / _a2_) * ((_a3_ * (_a4_ * x)) * (_a3_ * _a2_)));{'d0': {'_a2_': 0.3279577608318439, '_a3_': 0.6238594157118234, '_a4_': 13.907212964500205, '_a0_': 1.0, '_a1_': 1.0, '_a5_': 1.0, '_a6_': 1.0, '_a7_': 1.0}};{'d0': 0.02490583291941662};-280.569866449044;52.286873342661536
35445;-87.8777505992326;(((_a2_ + ((_a3_ + x) * (x * _a3_))) + _a2_) * ((_a3_ * (_a4_ * x)) * (_a3_ * _a2_)));{'d0': {'_a2_': 0.16397888010277925, '_a3_': 0.6238594153941878, '_a4_': 84.81100119200829, '_a0_': 1.0, '_a1_': 1.0, '_a5_': 1.0, '_a6_': 1.0, '_a7_': 1.0}};{'d0': 0.024905832919416625};-280.569866449044;52.40718262528914
35446;-87.8777505992326;(((_a2_ + ((_a3_ + x) * (x * _a3_))) + _a2_) * ((_a3_ * (_a4_ * x)) * (_a3_ * _a2_)));{'d0': {'_a2_': 0.16397888010277925, '_a3_': 0.6238594153941878, '_a4_': 84.81100119200829, '_a0_': 1.0, '_a1_': 1.0, '_a5_': 1.0, '_a6_': 1.0, '_a7_': 1.0}};{'d0': 0.024905832919416625};-280.569866449044;52.40718262528914
35447;-87.8777505992326;(((_a2_ + ((_a3_ + x) * (x * _a3_))) + _a2_) * ((_a3_ * (_a4_ * x)) * (_a3_ * _a2_)));{'d0': {'_a2_': 0.16397888010277925, '_a3_': 0.6238594153941878, '_a4_': 84.81100119200829, '_a0_': 1.0, '_a1_': 1.0, '_a5_': 1.0, '_a6_': 1.0, '_a7_': 1.0}};{'d0': 0.024905832919416625};-280.569866449044;52.40718262528914
35448;-87.8777505992326;(((_a2_ + ((_a3_ + x) * (x * _a3_))) + _a2_) * ((_a3_ * (_a4_ * x)) * (_a3_ * _a2_)));{'d0': {'_a2_': 0.16397888010277925, '_a3_': 0.6238594153941878, '_a4_': 84.81100119200829, '_a0_': 1.0, '_a1_': 1.0, '_a5_': 1.0, '_a6_': 1.0, '_a7_': 1.0}};{'d0': 0.024905832919416625};-280.569866449044;52.40718262528914
35449;-87.8777505992326;(((_a2_ + ((_a3_ + x) * (x * _a3_))) + _a2_) * ((_a3_ * (_a4_ * x)) * (_a3_ * _a2_)));{'d0': {'_a2_': 0.16397888010277925, '_a3_': 0.6238594153941878, '_a4_': 84.81100119200829, '_a0_': 1.0, '_a1_': 1.0, '_a5_': 1.0, '_a6_': 1.0, '_a7_': 1.0}};{'d0': 0.024905832919416625};-280.569866449044;52.40718262528914
35450;-93.2449596453204;(_a2_ * ((((_a0_ * x) * pow2(((exp(_a4_) + x) / _a4_))) + x) + x));{'d0': {'_a0_': 6.336129292154954, '_a2_': 0.7232880446739336, '_a4_': -1.164977412103935, '_a1_': 1.0, '_a3_': 1.0, '_a5_': 1.0, '_a6_': 1.0, '_a7_': 1.0}};{'d0': 0.024905832919416622};-280.569866449044;47.03997357920129
35451;-93.2449596453204;(_a2_ * ((((_a0_ * x) * pow2(((exp(_a4_) + x) / _a4_))) + x) + x));{'d0': {'_a0_': 6.336129292154954, '_a2_': 0.7232880446739336, '_a4_': -1.164977412103935, '_a1_': 1.0, '_a3_': 1.0, '_a5_': 1.0, '_a6_': 1.0, '_a7_': 1.0}};{'d0': 0.024905832919416622};-280.569866449044;47.03997357920129
35452;-89.5470251727103;(_a2_ * ((((_a0_ * x) * pow2(((exp(_a4_) + x) / _a4_))) + pow2(x)) + x));{'d0': {'_a0_': 17.07422804303561, '_a2_': 1.7665744064263509, '_a4_': -2.988727724164267, '_a1_': 1.0, '_a3_': 1.0, '_a5_': 1.0, '_a6_': 1.0, '_a7_': 1.0}};{'d0': 0.024905832919416664};-280.569866449044;50.73790805181129
35453;-89.5470251727103;(_a2_ * ((((_a0_ * x) * pow2(((exp(_a4_) + x) / _a4_))) + pow2(x)) + x));{'d0': {'_a0_': 17.07422804303561, '_a2_': 1.7665744064263509, '_a4_': -2.988727724164267, '_a1_': 1.0, '_a3_': 1.0, '_a5_': 1.0, '_a6_': 1.0, '_a7_': 1.0}};{'d0': 0.024905832919416664};-280.569866449044;50.73790805181129
35454;-89.5470251727103;(_a2_ * ((((_a0_ * x) * pow2(((exp(_a4_) + x) / _a4_))) + pow2(x)) + x));{'d0': {'_a0_': 17.07422804303561, '_a2_': 1.7665744064263509, '_a4_': -2.988727724164267, '_a1_': 1.0, '_a3_': 1.0, '_a5_': 1.0, '_a6_': 1.0, '_a7_': 1.0}};{'d0': 0.024905832919416664};-280.569866449044;50.73790805181129
35455;-89.5470251727103;(_a2_ * ((((_a0_ * x) * pow2(((exp(_a4_) + x) / _a4_))) + pow2(x)) + x));{'d0': {'_a0_': 17.07422804303561, '_a2_': 1.7665744064263509, '_a4_': -2.988727724164267, '_a1_': 1.0, '_a3_': 1.0, '_a5_': 1.0, '_a6_': 1.0, '_a7_': 1.0}};{'d0': 0.024905832919416664};-280.569866449044;50.73790805181129
35456;-89.5470251727103;(_a2_ * ((((_a0_ * x) * pow2(((exp(_a4_) + x) / _a4_))) + pow2(x)) + x));{'d0': {'_a0_': 17.07422804303561, '_a2_': 1.7665744064263509, '_a4_': -2.988727724164267, '_a1_': 1.0, '_a3_': 1.0, '_a5_': 1.0, '_a6_': 1.0, '_a7_': 1.0}};{'d0': 0.024905832919416664};-280.569866449044;50.73790805181129
35457;-89.5470251727103;(_a2_ * ((((_a0_ * x) * pow2(((exp(_a4_) + x) / _a4_))) + pow2(x)) + x));{'d0': {'_a0_': 17.07422804303561, '_a2_': 1.7665744064263509, '_a4_': -2.988727724164267, '_a1_': 1.0, '_a3_': 1.0, '_a5_': 1.0, '_a6_': 1.0, '_a7_': 1.0}};{'d0': 0.024905832919416664};-280.569866449044;50.73790805181129
35458;-84.5976852472534;((_a2_ * ((((_a0_ * x) * pow2(((exp(_a4_) + x) / _a4_))) + pow2(x)) + x)) * _a0_);{'d0': {'_a0_': 17.074227882501244, '_a2_': 0.1034643801999241, '_a4_': -2.988727705718954, '_a1_': 1.0, '_a3_': 1.0, '_a5_': 1.0, '_a6_': 1.0, '_a7_': 1.0}};{'d0': 0.02490583291941664};-280.569866449044;55.687247977268285
35459;-85.3762798018767;((_a2_ * ((((_a0_ * x) * pow2(((exp(_a4_) + x) * _a4_))) + pow2(x)) + x)) * _a0_);{'d0': {'_a0_': 0.21399108351805907, '_a2_': 8.25536454826213, '_a4_': -2.9887276992989307, '_a1_': 1.0, '_a3_': 1.0, '_a5_': 1.0, '_a6_': 1.0, '_a7_': 1.0}};{'d0': 0.024905832919416674};-280.569866449043;54.90865342264489
35460;-85.3762798018767;((_a2_ * ((((_a0_ * x) * pow2(((exp(_a4_) + x) * _a4_))) + pow2(x)) + x)) * _a0_);{'d0': {'_a0_': 0.21399108351805907, '_a2_': 8.25536454826213, '_a4_': -2.9887276992989307, '_a1_': 1.0, '_a3_': 1.0, '_a5_': 1.0, '_a6_': 1.0, '_a7_': 1.0}};{'d0': 0.024905832919416674};-280.569866449043;54.90865342264489
35461;-85.3762798018767;((_a2_ * ((((_a0_ * x) * pow2(((exp(_a4_) + x) * _a4_))) + pow2(x)) + x)) * _a0_);{'d0': {'_a0_': 0.21399108351805907, '_a2_': 8.25536454826213, '_a4_': -2.9887276992989307, '_a1_': 1.0, '_a3_': 1.0, '_a5_': 1.0, '_a6_': 1.0, '_a7_': 1.0}};{'d0': 0.024905832919416674};-280.569866449043;54.90865342264489
35462;-85.3762798018767;((_a2_ * ((((_a0_ * x) * pow2(((exp(_a4_) + x) * _a4_))) + pow2(x)) + x)) * _a0_);{'d0': {'_a0_': 0.21399108351805907, '_a2_': 8.25536454826213, '_a4_': -2.9887276992989307, '_a1_': 1.0, '_a3_': 1.0, '_a5_': 1.0, '_a6_': 1.0, '_a7_': 1.0}};{'d0': 0.024905832919416674};-280.569866449043;54.90865342264489
35463;-93.0441623836556;(((_a2_ + ((_a3_ + x) * (x * _a3_))) + _a2_) * ((_a3_ * (_a4_ * x)) * _a3_));{'d0': {'_a2_': 0.16397888050560502, '_a3_': 0.6238594158472027, '_a4_': 13.9072129536477, '_a0_': 1.0, '_a1_': 1.0, '_a5_': 1.0, '_a6_': 1.0, '_a7_': 1.0}};{'d0': 0.024905832919416664};-280.569866449044;47.24077084086614
35464;-93.0441623836556;(((_a2_ + ((_a3_ + x) * (x * _a3_))) + _a2_) * ((_a3_ * (_a4_ * x)) * _a3_));{'d0': {'_a2_': 0.16397888050560502, '_a3_': 0.6238594158472027, '_a4_': 13.9072129536477, '_a0_': 1.0, '_a1_': 1.0, '_a5_': 1.0, '_a6_': 1.0, '_a7_': 1.0}};{'d0': 0.024905832919416664};-280.569866449044;47.24077084086614
35465;-93.0441623836556;(((_a2_ + ((_a3_ + x) * (x * _a3_))) + _a2_) * ((_a3_ * (_a4_ * x)) * _a3_));{'d0': {'_a2_': 0.16397888050560502, '_a3_': 0.6238594158472027, '_a4_': 13.9072129536477, '_a0_': 1.0, '_a1_': 1.0, '_a5_': 1.0, '_a6_': 1.0, '_a7_': 1.0}};{'d0': 0.024905832919416664};-280.569866449044;47.24077084086614
35466;-93.0441623836556;(((_a2_ + ((_a3_ + x) * (x * _a3_))) + _a2_) * ((_a3_ * (_a4_ * x)) * _a3_));{'d0': {'_a2_': 0.16397888050560502, '_a3_': 0.6238594158472027, '_a4_': 13.9072129536477, '_a0_': 1.0, '_a1_': 1.0, '_a5_': 1.0, '_a6_': 1.0, '_a7_': 1.0}};{'d0': 0.024905832919416664};-280.569866449044;47.24077084086614
35467;-93.0441623836556;(((_a2_ + ((_a3_ + x) * (x * _a3_))) + _a2_) * ((_a3_ * (_a4_ * x)) * _a3_));{'d0': {'_a2_': 0.16397888050560502, '_a3_': 0.6238594158472027, '_a4_': 13.9072129536477, '_a0_': 1.0, '_a1_': 1.0, '_a5_': 1.0, '_a6_': 1.0, '_a7_': 1.0}};{'d0': 0.024905832919416664};-280.569866449044;47.24077084086614
35468;-93.0441623836556;(((_a2_ + ((_a3_ + x) * (x * _a3_))) + _a2_) * ((_a3_ * (_a4_ * x)) * _a3_));{'d0': {'_a2_': 0.16397888050560502, '_a3_': 0.6238594158472027, '_a4_': 13.9072129536477, '_a0_': 1.0, '_a1_': 1.0, '_a5_': 1.0, '_a6_': 1.0, '_a7_': 1.0}};{'d0': 0.024905832919416664};-280.569866449044;47.24077084086614
35469;-93.0441623836556;(((_a2_ + ((_a3_ + x) * (x * _a3_))) + _a2_) * ((_a3_ * (_a4_ * x)) * _a3_));{'d0': {'_a2_': 0.16397888050560502, '_a3_': 0.6238594158472027, '_a4_': 13.9072129536477, '_a0_': 1.0, '_a1_': 1.0, '_a5_': 1.0, '_a6_': 1.0, '_a7_': 1.0}};{'d0': 0.024905832919416664};-280.569866449044;47.24077084086614
35470;-93.0441623836556;(((_a2_ + ((_a3_ + x) * (x * _a3_))) + _a2_) * ((_a3_ * (_a4_ * x)) * _a3_));{'d0': {'_a2_': 0.16397888050560502, '_a3_': 0.6238594158472027, '_a4_': 13.9072129536477, '_a0_': 1.0, '_a1_': 1.0, '_a5_': 1.0, '_a6_': 1.0, '_a7_': 1.0}};{'d0': 0.024905832919416664};-280.569866449044;47.24077084086614
35471;-93.0441623836556;(((_a2_ + ((_a3_ + x) * (x * _a3_))) + _a2_) * ((_a3_ * (_a4_ * x)) * _a3_));{'d0': {'_a2_': 0.16397888050560502, '_a3_': 0.6238594158472027, '_a4_': 13.9072129536477, '_a0_': 1.0, '_a1_': 1.0, '_a5_': 1.0, '_a6_': 1.0, '_a7_': 1.0}};{'d0': 0.024905832919416664};-280.569866449044;47.24077084086614
35472;-93.0441623836556;(((_a2_ + ((_a3_ + x) * (x * _a3_))) + _a2_) * ((_a3_ * (_a4_ * x)) * _a3_));{'d0': {'_a2_': 0.16397888050560502, '_a3_': 0.6238594158472027, '_a4_': 13.9072129536477, '_a0_': 1.0, '_a1_': 1.0, '_a5_': 1.0, '_a6_': 1.0, '_a7_': 1.0}};{'d0': 0.024905832919416664};-280.569866449044;47.24077084086614
35473;-93.0441623836556;(((_a2_ + ((_a3_ + x) * (x * _a3_))) + _a2_) * ((_a3_ * (_a4_ * x)) * _a3_));{'d0': {'_a2_': 0.16397888050560502, '_a3_': 0.6238594158472027, '_a4_': 13.9072129536477, '_a0_': 1.0, '_a1_': 1.0, '_a5_': 1.0, '_a6_': 1.0, '_a7_': 1.0}};{'d0': 0.024905832919416664};-280.569866449044;47.24077084086614
35474;-93.0441623836556;(((_a2_ + ((_a3_ + x) * (x * _a3_))) + _a2_) * ((_a3_ * (_a4_ * x)) * _a3_));{'d0': {'_a2_': 0.16397888050560502, '_a3_': 0.6238594158472027, '_a4_': 13.9072129536477, '_a0_': 1.0, '_a1_': 1.0, '_a5_': 1.0, '_a6_': 1.0, '_a7_': 1.0}};{'d0': 0.024905832919416664};-280.569866449044;47.24077084086614
35475;-93.0441623836556;(((_a2_ + ((_a3_ + x) * (x * _a3_))) + _a2_) * ((_a3_ * (_a4_ * x)) * _a3_));{'d0': {'_a2_': 0.16397888050560502, '_a3_': 0.6238594158472027, '_a4_': 13.9072129536477, '_a0_': 1.0, '_a1_': 1.0, '_a5_': 1.0, '_a6_': 1.0, '_a7_': 1.0}};{'d0': 0.024905832919416664};-280.569866449044;47.24077084086614
35476;-101.612454119007;((_a1_ + ((((_a1_ * sin(_a4_)) + x) / _a6_) * x)) * x);{'d0': {'_a1_': 1.7751354039114082, '_a4_': 0.3591122837346927, '_a6_': 0.2961417867314082, '_a0_': 1.0, '_a2_': 1.0, '_a3_': 1.0, '_a5_': 1.0, '_a7_': 1.0}};{'d0': 0.024905832919416605};-280.569866449044;38.67247910551498
35477;-101.612454119007;((_a1_ + ((((_a1_ * sin(_a4_)) + x) / _a6_) * x)) * x);{'d0': {'_a1_': 1.7751354039114082, '_a4_': 0.3591122837346927, '_a6_': 0.2961417867314082, '_a0_': 1.0, '_a2_': 1.0, '_a3_': 1.0, '_a5_': 1.0, '_a7_': 1.0}};{'d0': 0.024905832919416605};-280.569866449044;38.67247910551498
35478;-101.612454119007;((_a1_ + ((((_a1_ * sin(_a4_)) + x) / _a6_) * x)) * x);{'d0': {'_a1_': 1.7751354039114082, '_a4_': 0.3591122837346927, '_a6_': 0.2961417867314082, '_a0_': 1.0, '_a2_': 1.0, '_a3_': 1.0, '_a5_': 1.0, '_a7_': 1.0}};{'d0': 0.024905832919416605};-280.569866449044;38.67247910551498
35479;-100.345168211236;((_a1_ + ((((_a1_ * (_a0_ / _a2_)) + x) / _a6_) * x)) * x);{'d0': {'_a0_': 10.964825269788387, '_a1_': 1.7751354056533153, '_a2_': 31.19942102984726, '_a6_': 0.2961417871467738, '_a3_': 1.0, '_a4_': 1.0, '_a5_': 1.0, '_a7_': 1.0}};{'d0': 0.024905832920351204};-276.475521884570;37.89259273104866
35480;-100.345168211236;((_a1_ + ((((_a1_ * (_a0_ / _a2_)) + x) / _a6_) * x)) * x);{'d0': {'_a0_': 10.964825269788387, '_a1_': 1.7751354056533153, '_a2_': 31.19942102984726, '_a6_': 0.2961417871467738, '_a3_': 1.0, '_a4_': 1.0, '_a5_': 1.0, '_a7_': 1.0}};{'d0': 0.024905832920351204};-276.475521884570;37.89259273104866
35481;-100.345168211236;((_a1_ + ((((_a1_ * (_a0_ / _a2_)) + x) / _a6_) * x)) * x);{'d0': {'_a0_': 10.964825269788387, '_a1_': 1.7751354056533153, '_a2_': 31.19942102984726, '_a6_': 0.2961417871467738, '_a3_': 1.0, '_a4_': 1.0, '_a5_': 1.0, '_a7_': 1.0}};{'d0': 0.024905832920351204};-276.475521884570;37.89259273104866
35482;-100.345168211236;((_a1_ + ((((_a1_ * (_a0_ / _a2_)) + x) / _a6_) * x)) * x);{'d0': {'_a0_': 10.964825269788387, '_a1_': 1.7751354056533153, '_a2_': 31.19942102984726, '_a6_': 0.2961417871467738, '_a3_': 1.0, '_a4_': 1.0, '_a5_': 1.0, '_a7_': 1.0}};{'d0': 0.024905832920351204};-276.475521884570;37.89259273104866
35483;-100.345168211236;((_a1_ + ((((_a1_ * (_a0_ / _a2_)) + x) / _a6_) * x)) * x);{'d0': {'_a0_': 10.964825269788387, '_a1_': 1.7751354056533153, '_a2_': 31.19942102984726, '_a6_': 0.2961417871467738, '_a3_': 1.0, '_a4_': 1.0, '_a5_': 1.0, '_a7_': 1.0}};{'d0': 0.024905832920351204};-276.475521884570;37.89259273104866
35484;-100.345168212358;((_a1_ + ((((_a1_ * (_a7_ / _a2_)) + x) / _a6_) * x)) * x);{'d0': {'_a1_': 1.775135404027345, '_a2_': 7.100336688971877, '_a6_': 0.29614178665927965, '_a7_': 2.4953656171956293, '_a0_': 1.0, '_a3_': 1.0, '_a4_': 1.0, '_a5_': 1.0}};{'d0': 0.024905832919420407};-276.475521886812;37.89259273104866
35485;-100.345168212358;((_a1_ + ((((_a1_ * (_a7_ / _a2_)) + x) / _a6_) * x)) * x);{'d0': {'_a1_': 1.775135404027345, '_a2_': 7.100336688971877, '_a6_': 0.29614178665927965, '_a7_': 2.4953656171956293, '_a0_': 1.0, '_a3_': 1.0, '_a4_': 1.0, '_a5_': 1.0}};{'d0': 0.024905832919420407};-276.475521886812;37.89259273104866
35486;-100.345168212358;((_a1_ + ((((_a1_ * (_a7_ / _a2_)) + x) / _a6_) * x)) * x);{'d0': {'_a1_': 1.775135404027345, '_a2_': 7.100336688971877, '_a6_': 0.29614178665927965, '_a7_': 2.4953656171956293, '_a0_': 1.0, '_a3_': 1.0, '_a4_': 1.0, '_a5_': 1.0}};{'d0': 0.024905832919420407};-276.475521886812;37.89259273104866
35487;-98.6944060208631;((_a1_ + ((((_a1_ * (_a7_ / pow2(_a6_))) + x) / _a6_) * x)) * x);{'d0': {'_a1_': 1.7751354038845353, '_a6_': 0.2961417866752947, '_a7_': 0.03082156115952498, '_a0_': 1.0, '_a2_': 1.0, '_a3_': 1.0, '_a4_': 1.0, '_a5_': 1.0}};{'d0': 0.024905832919416622};-280.569866449044;41.59052720365866
35488;-98.6944060208631;((_a1_ + ((((_a1_ * (_a7_ / pow2(_a6_))) + x) / _a6_) * x)) * x);{'d0': {'_a1_': 1.7751354038845353, '_a6_': 0.2961417866752947, '_a7_': 0.03082156115952498, '_a0_': 1.0, '_a2_': 1.0, '_a3_': 1.0, '_a4_': 1.0, '_a5_': 1.0}};{'d0': 0.024905832919416622};-280.569866449044;41.59052720365866
35489;-98.6944060208631;((_a1_ + ((((_a1_ * (_a7_ / pow2(_a6_))) + x) / _a6_) * x)) * x);{'d0': {'_a1_': 1.7751354038845353, '_a6_': 0.2961417866752947, '_a7_': 0.03082156115952498, '_a0_': 1.0, '_a2_': 1.0, '_a3_': 1.0, '_a4_': 1.0, '_a5_': 1.0}};{'d0': 0.024905832919416622};-280.569866449044;41.59052720365866
35490;-98.6944060208631;((_a1_ + ((((_a1_ * (_a7_ / pow2(_a6_))) + x) / _a6_) * x)) * x);{'d0': {'_a1_': 1.7751354038845353, '_a6_': 0.2961417866752947, '_a7_': 0.03082156115952498, '_a0_': 1.0, '_a2_': 1.0, '_a3_': 1.0, '_a4_': 1.0, '_a5_': 1.0}};{'d0': 0.024905832919416622};-280.569866449044;41.59052720365866
35491;-98.6944060208631;((_a1_ + ((((_a1_ * (_a7_ / pow2(_a6_))) + x) / _a6_) * x)) * x);{'d0': {'_a1_': 1.7751354038845353, '_a6_': 0.2961417866752947, '_a7_': 0.03082156115952498, '_a0_': 1.0, '_a2_': 1.0, '_a3_': 1.0, '_a4_': 1.0, '_a5_': 1.0}};{'d0': 0.024905832919416622};-280.569866449044;41.59052720365866
35492;-98.6944060208631;((_a1_ + ((((_a1_ * (_a7_ / pow2(_a6_))) + x) / _a6_) * x)) * x);{'d0': {'_a1_': 1.7751354038845353, '_a6_': 0.2961417866752947, '_a7_': 0.03082156115952498, '_a0_': 1.0, '_a2_': 1.0, '_a3_': 1.0, '_a4_': 1.0, '_a5_': 1.0}};{'d0': 0.024905832919416622};-280.569866449044;41.59052720365866
35493;-98.6944060208631;((_a1_ + ((((_a1_ * (_a7_ / pow2(_a6_))) + x) / _a6_) * x)) * x);{'d0': {'_a1_': 1.7751354038845353, '_a6_': 0.2961417866752947, '_a7_': 0.03082156115952498, '_a0_': 1.0, '_a2_': 1.0, '_a3_': 1.0, '_a4_': 1.0, '_a5_': 1.0}};{'d0': 0.024905832919416622};-280.569866449044;41.59052720365866
35494;-98.6944060208631;((_a1_ + ((((_a1_ * (_a7_ / pow2(_a6_))) + x) / _a6_) * x)) * x);{'d0': {'_a1_': 1.7751354038845353, '_a6_': 0.2961417866752947, '_a7_': 0.03082156115952498, '_a0_': 1.0, '_a2_': 1.0, '_a3_': 1.0, '_a4_': 1.0, '_a5_': 1.0}};{'d0': 0.024905832919416622};-280.569866449044;41.59052720365866
35495;-98.6944060208631;((_a1_ + ((((_a1_ * (_a7_ / pow2(_a6_))) + x) / _a6_) * x)) * x);{'d0': {'_a1_': 1.7751354038845353, '_a6_': 0.2961417866752947, '_a7_': 0.03082156115952498, '_a0_': 1.0, '_a2_': 1.0, '_a3_': 1.0, '_a4_': 1.0, '_a5_': 1.0}};{'d0': 0.024905832919416622};-280.569866449044;41.59052720365866
35496;-98.6944060208631;((_a1_ + ((((_a1_ * (_a7_ / pow2(_a6_))) + x) / _a6_) * x)) * x);{'d0': {'_a1_': 1.7751354038845353, '_a6_': 0.2961417866752947, '_a7_': 0.03082156115952498, '_a0_': 1.0, '_a2_': 1.0, '_a3_': 1.0, '_a4_': 1.0, '_a5_': 1.0}};{'d0': 0.024905832919416622};-280.569866449044;41.59052720365866
35497;-98.6944060208631;((_a1_ + ((((_a1_ * (_a7_ / pow2(_a6_))) + x) / _a6_) * x)) * x);{'d0': {'_a1_': 1.7751354038845353, '_a6_': 0.2961417866752947, '_a7_': 0.03082156115952498, '_a0_': 1.0, '_a2_': 1.0, '_a3_': 1.0, '_a4_': 1.0, '_a5_': 1.0}};{'d0': 0.024905832919416622};-280.569866449044;41.59052720365866
35498;-98.6944060208631;((_a1_ + ((((_a1_ * (_a7_ / pow2(_a6_))) + x) / _a6_) * x)) * x);{'d0': {'_a1_': 1.7751354038845353, '_a6_': 0.2961417866752947, '_a7_': 0.03082156115952498, '_a0_': 1.0, '_a2_': 1.0, '_a3_': 1.0, '_a4_': 1.0, '_a5_': 1.0}};{'d0': 0.024905832919416622};-280.569866449044;41.59052720365866
35499;-93.3283378862031;((_a1_ + ((((_a1_ * (exp(_a0_) / pow2(_a6_))) + x) / _a6_) * x)) * x);{'d0': {'_a0_': -3.4795407952268054, '_a1_': 1.7751354045514376, '_a6_': 0.2961417868450874, '_a2_': 1.0, '_a3_': 1.0, '_a4_': 1.0, '_a5_': 1.0, '_a7_': 1.0}};{'d0': 0.024905832919416643};-280.569866449044;46.95659533831866
35500;-93.3283378862031;((_a1_ + ((((_a1_ * (exp(_a0_) / pow2(_a6_))) + x) / _a6_) * x)) * x);{'d0': {'_a0_': -3.4795407952268054, '_a1_': 1.7751354045514376, '_a6_': 0.2961417868450874, '_a2_': 1.0, '_a3_': 1.0, '_a4_': 1.0, '_a5_': 1.0, '_a7_': 1.0}};{'d0': 0.024905832919416643};-280.569866449044;46.95659533831866
35501;-93.3283378862031;((_a1_ + ((((_a1_ * (exp(_a0_) / pow2(_a6_))) + x) / _a6_) * x)) * x);{'d0': {'_a0_': -3.4795407952268054, '_a1_': 1.7751354045514376, '_a6_': 0.2961417868450874, '_a2_': 1.0, '_a3_': 1.0, '_a4_': 1.0, '_a5_': 1.0, '_a7_': 1.0}};{'d0': 0.024905832919416643};-280.569866449044;46.95659533831866
35502;-102.011645645696;(((_a2_ * (_a2_ * ((_a4_ + (_a7_ * x)) * x))) + _a5_) * x);{'d0': {'_a2_': 2.490400962462094, '_a4_': 0.33966299295752056, '_a5_': 1.77513540432654, '_a7_': 0.5444543826108601, '_a0_': 1.0, '_a1_': 1.0, '_a3_': 1.0, '_a6_': 1.0}};{'d0': 0.024905832922720656};-276.475521878862;36.226115293735
35503;-102.011645645696;(((_a2_ * (_a2_ * ((_a4_ + (_a7_ * x)) * x))) + _a5_) * x);{'d0': {'_a2_': 2.490400962462094, '_a4_': 0.33966299295752056, '_a5_': 1.77513540432654, '_a7_': 0.5444543826108601, '_a0_': 1.0, '_a1_': 1.0, '_a3_': 1.0, '_a6_': 1.0}};{'d0': 0.024905832922720656};-276.475521878862;36.226115293735
35504;-102.011645645696;(((_a2_ * (_a2_ * ((_a4_ + (_a7_ * x)) * x))) + _a5_) * x);{'d0': {'_a2_': 2.490400962462094, '_a4_': 0.33966299295752056, '_a5_': 1.77513540432654, '_a7_': 0.5444543826108601, '_a0_': 1.0, '_a1_': 1.0, '_a3_': 1.0, '_a6_': 1.0}};{'d0': 0.024905832922720656};-276.475521878862;36.226115293735
35505;-102.011645645696;(((_a2_ * (_a2_ * ((_a4_ + (_a7_ * x)) * x))) + _a5_) * x);{'d0': {'_a2_': 2.490400962462094, '_a4_': 0.33966299295752056, '_a5_': 1.77513540432654, '_a7_': 0.5444543826108601, '_a0_': 1.0, '_a1_': 1.0, '_a3_': 1.0, '_a6_': 1.0}};{'d0': 0.024905832922720656};-276.475521878862;36.226115293735
35506;-102.011645645696;(((_a2_ * (_a2_ * ((_a4_ + (_a7_ * x)) * x))) + _a5_) * x);{'d0': {'_a2_': 2.490400962462094, '_a4_': 0.33966299295752056, '_a5_': 1.77513540432654, '_a7_': 0.5444543826108601, '_a0_': 1.0, '_a1_': 1.0, '_a3_': 1.0, '_a6_': 1.0}};{'d0': 0.024905832922720656};-276.475521878862;36.226115293735
35507;-102.011645645696;(((_a2_ * (_a2_ * ((_a4_ + (_a7_ * x)) * x))) + _a5_) * x);{'d0': {'_a2_': 2.490400962462094, '_a4_': 0.33966299295752056, '_a5_': 1.77513540432654, '_a7_': 0.5444543826108601, '_a0_': 1.0, '_a1_': 1.0, '_a3_': 1.0, '_a6_': 1.0}};{'d0': 0.024905832922720656};-276.475521878862;36.226115293735
35508;-94.0290217814801;(((_a2_ * ((_a0_ + x) * ((_a4_ + (_a7_ * x)) * x))) + _a5_) * x);{'d0': {'_a0_': 902.9764319994108, '_a2_': 0.01291857273136545, '_a4_': 0.18056622095197145, '_a5_': 1.774463418621446, '_a7_': 0.2896076037005595, '_a1_': 1.0, '_a3_': 1.0, '_a6_': 1.0}};{'d0': 0.024918164805402248};-272.351476248490;42.146716342765
35509;-94.0290217814801;(((_a2_ * ((_a0_ + x) * ((_a4_ + (_a7_ * x)) * x))) + _a5_) * x);{'d0': {'_a0_': 902.9764319994108, '_a2_': 0.01291857273136545, '_a4_': 0.18056622095197145, '_a5_': 1.774463418621446, '_a7_': 0.2896076037005595, '_a1_': 1.0, '_a3_': 1.0, '_a6_': 1.0}};{'d0': 0.024918164805402248};-272.351476248490;42.146716342765
35510;-94.0290217814801;(((_a2_ * ((_a0_ + x) * ((_a4_ + (_a7_ * x)) * x))) + _a5_) * x);{'d0': {'_a0_': 902.9764319994108, '_a2_': 0.01291857273136545, '_a4_': 0.18056622095197145, '_a5_': 1.774463418621446, '_a7_': 0.2896076037005595, '_a1_': 1.0, '_a3_': 1.0, '_a6_': 1.0}};{'d0': 0.024918164805402248};-272.351476248490;42.146716342765
35511;-94.0290217814801;(((_a2_ * ((_a0_ + x) * ((_a4_ + (_a7_ * x)) * x))) + _a5_) * x);{'d0': {'_a0_': 902.9764319994108, '_a2_': 0.01291857273136545, '_a4_': 0.18056622095197145, '_a5_': 1.774463418621446, '_a7_': 0.2896076037005595, '_a1_': 1.0, '_a3_': 1.0, '_a6_': 1.0}};{'d0': 0.024918164805402248};-272.351476248490;42.146716342765
35512;-94.0290217814801;(((_a2_ * ((_a0_ + x) * ((_a4_ + (_a7_ * x)) * x))) + _a5_) * x);{'d0': {'_a0_': 902.9764319994108, '_a2_': 0.01291857273136545, '_a4_': 0.18056622095197145, '_a5_': 1.774463418621446, '_a7_': 0.2896076037005595, '_a1_': 1.0, '_a3_': 1.0, '_a6_': 1.0}};{'d0': 0.024918164805402248};-272.351476248490;42.146716342765
35513;-94.0290217814801;(((_a2_ * ((_a0_ + x) * ((_a4_ + (_a7_ * x)) * x))) + _a5_) * x);{'d0': {'_a0_': 902.9764319994108, '_a2_': 0.01291857273136545, '_a4_': 0.18056622095197145, '_a5_': 1.774463418621446, '_a7_': 0.2896076037005595, '_a1_': 1.0, '_a3_': 1.0, '_a6_': 1.0}};{'d0': 0.024918164805402248};-272.351476248490;42.146716342765
35514;-94.0290217814801;(((_a2_ * ((_a0_ + x) * ((_a4_ + (_a7_ * x)) * x))) + _a5_) * x);{'d0': {'_a0_': 902.9764319994108, '_a2_': 0.01291857273136545, '_a4_': 0.18056622095197145, '_a5_': 1.774463418621446, '_a7_': 0.2896076037005595, '_a1_': 1.0, '_a3_': 1.0, '_a6_': 1.0}};{'d0': 0.024918164805402248};-272.351476248490;42.146716342765
35515;-94.0290217814801;(((_a2_ * ((_a0_ + x) * ((_a4_ + (_a7_ * x)) * x))) + _a5_) * x);{'d0': {'_a0_': 902.9764319994108, '_a2_': 0.01291857273136545, '_a4_': 0.18056622095197145, '_a5_': 1.774463418621446, '_a7_': 0.2896076037005595, '_a1_': 1.0, '_a3_': 1.0, '_a6_': 1.0}};{'d0': 0.024918164805402248};-272.351476248490;42.146716342765
35516;-97.0334379135126;(((-((_a2_ + pow2(((_a0_ * _a3_) + x)))) * _a0_) + pow2(_a0_)) * x);{'d0': {'_a0_': -3.376760873333724, '_a2_': -2.9483692444749, '_a3_': -0.09237542116909356, '_a1_': 1.0, '_a4_': 1.0, '_a5_': 1.0, '_a6_': 1.0, '_a7_': 1.0}};{'d0': 0.024905832919416653};-280.569866449044;43.25149531100949
35517;-97.0334379135126;(((-((_a2_ + pow2(((_a0_ * _a3_) + x)))) * _a0_) + pow2(_a0_)) * x);{'d0': {'_a0_': -3.376760873333724, '_a2_': -2.9483692444749, '_a3_': -0.09237542116909356, '_a1_': 1.0, '_a4_': 1.0, '_a5_': 1.0, '_a6_': 1.0, '_a7_': 1.0}};{'d0': 0.024905832919416653};-280.569866449044;43.25149531100949
35518;-97.0334379135126;(((-((_a2_ + pow2(((_a0_ * _a3_) + x)))) * _a0_) + pow2(_a0_)) * x);{'d0': {'_a0_': -3.376760873333724, '_a2_': -2.9483692444749, '_a3_': -0.09237542116909356, '_a1_': 1.0, '_a4_': 1.0, '_a5_': 1.0, '_a6_': 1.0, '_a7_': 1.0}};{'d0': 0.024905832919416653};-280.569866449044;43.25149531100949
35519;-97.0334379135126;(((-((_a2_ + pow2(((_a0_ * _a3_) + x)))) * _a0_) + pow2(_a0_)) * x);{'d0': {'_a0_': -3.376760873333724, '_a2_': -2.9483692444749, '_a3_': -0.09237542116909356, '_a1_': 1.0, '_a4_': 1.0, '_a5_': 1.0, '_a6_': 1.0, '_a7_': 1.0}};{'d0': 0.024905832919416653};-280.569866449044;43.25149531100949
35520;-97.0334379135126;(((-((_a2_ + pow2(((_a0_ * _a3_) + x)))) * _a0_) + pow2(_a0_)) * x);{'d0': {'_a0_': -3.376760873333724, '_a2_': -2.9483692444749, '_a3_': -0.09237542116909356, '_a1_': 1.0, '_a4_': 1.0, '_a5_': 1.0, '_a6_': 1.0, '_a7_': 1.0}};{'d0': 0.024905832919416653};-280.569866449044;43.25149531100949
35521;-97.0334379135126;(((-((_a2_ + pow2(((_a0_ * _a3_) + x)))) * _a0_) + pow2(_a0_)) * x);{'d0': {'_a0_': -3.376760873333724, '_a2_': -2.9483692444749, '_a3_': -0.09237542116909356, '_a1_': 1.0, '_a4_': 1.0, '_a5_': 1.0, '_a6_': 1.0, '_a7_': 1.0}};{'d0': 0.024905832919416653};-280.569866449044;43.25149531100949
35522;-100.731372386123;(((-((_a2_ + pow2(((_a0_ * _a3_) + x)))) * _a0_) + x) * x);{'d0': {'_a0_': -3.3767608819097137, '_a2_': 0.4988420581815238, '_a3_': -0.04852544211624996, '_a1_': 1.0, '_a4_': 1.0, '_a5_': 1.0, '_a6_': 1.0, '_a7_': 1.0}};{'d0': 0.024905832919416625};-280.569866449044;39.55356083839949
35523;-100.731372386123;(((-((_a2_ + pow2(((_a0_ * _a3_) + x)))) * _a0_) + x) * x);{'d0': {'_a0_': -3.3767608819097137, '_a2_': 0.4988420581815238, '_a3_': -0.04852544211624996, '_a1_': 1.0, '_a4_': 1.0, '_a5_': 1.0, '_a6_': 1.0, '_a7_': 1.0}};{'d0': 0.024905832919416625};-280.569866449044;39.55356083839949
35524;-100.731372386123;(((-((_a2_ + pow2(((_a0_ * _a3_) + x)))) * _a0_) + x) * x);{'d0': {'_a0_': -3.3767608819097137, '_a2_': 0.4988420581815238, '_a3_': -0.04852544211624996, '_a1_': 1.0, '_a4_': 1.0, '_a5_': 1.0, '_a6_': 1.0, '_a7_': 1.0}};{'d0': 0.024905832919416625};-280.569866449044;39.55356083839949
35525;-101.910420552648;(((-((_a2_ + pow2((pow2(_a4_) + x)))) * _a0_) + x) * x);{'d0': {'_a0_': -3.376760877144751, '_a2_': 0.4988420596959846, '_a4_': 0.40479478066015356, '_a1_': 1.0, '_a3_': 1.0, '_a5_': 1.0, '_a6_': 1.0, '_a7_': 1.0}};{'d0': 0.024905832919416646};-280.569866449044;38.37451267187449
35526;-101.910420552648;(((-((_a2_ + pow2((pow2(_a4_) + x)))) * _a0_) + x) * x);{'d0': {'_a0_': -3.376760877144751, '_a2_': 0.4988420596959846, '_a4_': 0.40479478066015356, '_a1_': 1.0, '_a3_': 1.0, '_a5_': 1.0, '_a6_': 1.0, '_a7_': 1.0}};{'d0': 0.024905832919416646};-280.569866449044;38.37451267187449
35527;-101.910420552648;(((-((_a2_ + pow2((pow2(_a4_) + x)))) * _a0_) + x) * x);{'d0': {'_a0_': -3.376760877144751, '_a2_': 0.4988420596959846, '_a4_': 0.40479478066015356, '_a1_': 1.0, '_a3_': 1.0, '_a5_': 1.0, '_a6_': 1.0, '_a7_': 1.0}};{'d0': 0.024905832919416646};-280.569866449044;38.37451267187449
35528;-101.910420552648;(((-((_a2_ + pow2((pow2(_a4_) + x)))) * _a0_) + x) * x);{'d0': {'_a0_': -3.376760877144751, '_a2_': 0.4988420596959846, '_a4_': 0.40479478066015356, '_a1_': 1.0, '_a3_': 1.0, '_a5_': 1.0, '_a6_': 1.0, '_a7_': 1.0}};{'d0': 0.024905832919416646};-280.569866449044;38.37451267187449
35529;-105.608355025258;(((-((_a2_ + pow2((_a5_ + x)))) * _a0_) + x) * x);{'d0': {'_a0_': -3.376760881335396, '_a2_': 0.49884205886639243, '_a5_': 0.1638588147370823, '_a1_': 1.0, '_a3_': 1.0, '_a4_': 1.0, '_a6_': 1.0, '_a7_': 1.0}};{'d0': 0.02490583291941664};-280.569866449044;34.67657819926449
35530;-105.608355025258;(((-((_a2_ + pow2((_a5_ + x)))) * _a0_) + x) * x);{'d0': {'_a0_': -3.376760881335396, '_a2_': 0.49884205886639243, '_a5_': 0.1638588147370823, '_a1_': 1.0, '_a3_': 1.0, '_a4_': 1.0, '_a6_': 1.0, '_a7_': 1.0}};{'d0': 0.02490583291941664};-280.569866449044;34.67657819926449
35531;-104.612688611668;(((-((_a2_ + pow2((_a5_ + x)))) / _a0_) + x) * x);{'d0': {'_a0_': -0.2961417862993612, '_a2_': 0.49884205845107776, '_a5_': 0.1638588149479835, '_a1_': 1.0, '_a3_': 1.0, '_a4_': 1.0, '_a6_': 1.0, '_a7_': 1.0}};{'d0': 0.02490583291941661};-280.569866449044;35.67224461285389
35532;-104.612688611668;(((-((_a2_ + pow2((_a5_ + x)))) / _a0_) + x) * x);{'d0': {'_a0_': -0.2961417862993612, '_a2_': 0.49884205845107776, '_a5_': 0.1638588149479835, '_a1_': 1.0, '_a3_': 1.0, '_a4_': 1.0, '_a6_': 1.0, '_a7_': 1.0}};{'d0': 0.02490583291941661};-280.569866449044;35.67224461285389
35533;-104.612688611668;(((-((_a2_ + pow2((_a5_ + x)))) / _a0_) + x) * x);{'d0': {'_a0_': -0.2961417862993612, '_a2_': 0.49884205845107776, '_a5_': 0.1638588149479835, '_a1_': 1.0, '_a3_': 1.0, '_a4_': 1.0, '_a6_': 1.0, '_a7_': 1.0}};{'d0': 0.02490583291941661};-280.569866449044;35.67224461285389
35534;-104.612688611668;(((-((_a2_ + pow2((_a5_ + x)))) / _a0_) + x) * x);{'d0': {'_a0_': -0.2961417862993612, '_a2_': 0.49884205845107776, '_a5_': 0.1638588149479835, '_a1_': 1.0, '_a3_': 1.0, '_a4_': 1.0, '_a6_': 1.0, '_a7_': 1.0}};{'d0': 0.02490583291941661};-280.569866449044;35.67224461285389
35535;-104.612688611668;(((-((_a2_ + pow2((_a5_ + x)))) / _a0_) + x) * x);{'d0': {'_a0_': -0.2961417862993612, '_a2_': 0.49884205845107776, '_a5_': 0.1638588149479835, '_a1_': 1.0, '_a3_': 1.0, '_a4_': 1.0, '_a6_': 1.0, '_a7_': 1.0}};{'d0': 0.02490583291941661};-280.569866449044;35.67224461285389
35536;-104.612688611668;(((-((_a2_ + pow2((_a5_ + x)))) / _a0_) + x) * x);{'d0': {'_a0_': -0.2961417862993612, '_a2_': 0.49884205845107776, '_a5_': 0.1638588149479835, '_a1_': 1.0, '_a3_': 1.0, '_a4_': 1.0, '_a6_': 1.0, '_a7_': 1.0}};{'d0': 0.02490583291941661};-280.569866449044;35.67224461285389
35537;-104.612688611668;(((-((_a2_ + pow2((_a5_ + x)))) / _a0_) + x) * x);{'d0': {'_a0_': -0.2961417862993612, '_a2_': 0.49884205845107776, '_a5_': 0.1638588149479835, '_a1_': 1.0, '_a3_': 1.0, '_a4_': 1.0, '_a6_': 1.0, '_a7_': 1.0}};{'d0': 0.02490583291941661};-280.569866449044;35.67224461285389
35538;-104.612688611668;(((-((_a2_ + pow2((_a5_ + x)))) / _a0_) + x) * x);{'d0': {'_a0_': -0.2961417862993612, '_a2_': 0.49884205845107776, '_a5_': 0.1638588149479835, '_a1_': 1.0, '_a3_': 1.0, '_a4_': 1.0, '_a6_': 1.0, '_a7_': 1.0}};{'d0': 0.02490583291941661};-280.569866449044;35.67224461285389
35539;-104.612688611668;(((-((_a2_ + pow2((_a5_ + x)))) / _a0_) + x) * x);{'d0': {'_a0_': -0.2961417862993612, '_a2_': 0.49884205845107776, '_a5_': 0.1638588149479835, '_a1_': 1.0, '_a3_': 1.0, '_a4_': 1.0, '_a6_': 1.0, '_a7_': 1.0}};{'d0': 0.02490583291941661};-280.569866449044;35.67224461285389
35540;-104.612688611668;(((-((_a2_ + pow2((_a5_ + x)))) / _a0_) + x) * x);{'d0': {'_a0_': -0.2961417862993612, '_a2_': 0.49884205845107776, '_a5_': 0.1638588149479835, '_a1_': 1.0, '_a3_': 1.0, '_a4_': 1.0, '_a6_': 1.0, '_a7_': 1.0}};{'d0': 0.02490583291941661};-280.569866449044;35.67224461285389
35541;-104.612688611668;(((-((_a2_ + pow2((_a5_ + x)))) / _a0_) + x) * x);{'d0': {'_a0_': -0.2961417862993612, '_a2_': 0.49884205845107776, '_a5_': 0.1638588149479835, '_a1_': 1.0, '_a3_': 1.0, '_a4_': 1.0, '_a6_': 1.0, '_a7_': 1.0}};{'d0': 0.02490583291941661};-280.569866449044;35.67224461285389
35542;-98.3316984885157;(((_a2_ * ((_a0_ + x) * ((_a4_ * -(_a2_)) * x))) + _a5_) * x);{'d0': {'_a0_': 0.6238594155398534, '_a2_': 0.7557382434950586, '_a4_': -5.912312554509226, '_a5_': 1.7751354041093177, '_a1_': 1.0, '_a3_': 1.0, '_a6_': 1.0, '_a7_': 1.0}};{'d0': 0.024905832920163556};-276.475521885022;39.90606245399539
35543;-98.3316984885157;(((_a2_ * ((_a0_ + x) * ((_a4_ * -(_a2_)) * x))) + _a5_) * x);{'d0': {'_a0_': 0.6238594155398534, '_a2_': 0.7557382434950586, '_a4_': -5.912312554509226, '_a5_': 1.7751354041093177, '_a1_': 1.0, '_a3_': 1.0, '_a6_': 1.0, '_a7_': 1.0}};{'d0': 0.024905832920163556};-276.475521885022;39.90606245399539
35544;-98.3316984885157;(((_a2_ * ((_a0_ + x) * ((_a4_ * -(_a2_)) * x))) + _a5_) * x);{'d0': {'_a0_': 0.6238594155398534, '_a2_': 0.7557382434950586, '_a4_': -5.912312554509226, '_a5_': 1.7751354041093177, '_a1_': 1.0, '_a3_': 1.0, '_a6_': 1.0, '_a7_': 1.0}};{'d0': 0.024905832920163556};-276.475521885022;39.90606245399539
35545;-98.3316984885157;(((_a2_ * ((_a0_ + x) * ((_a4_ * -(_a2_)) * x))) + _a5_) * x);{'d0': {'_a0_': 0.6238594155398534, '_a2_': 0.7557382434950586, '_a4_': -5.912312554509226, '_a5_': 1.7751354041093177, '_a1_': 1.0, '_a3_': 1.0, '_a6_': 1.0, '_a7_': 1.0}};{'d0': 0.024905832920163556};-276.475521885022;39.90606245399539
35546;-98.3316984885157;(((_a2_ * ((_a0_ + x) * ((_a4_ * -(_a2_)) * x))) + _a5_) * x);{'d0': {'_a0_': 0.6238594155398534, '_a2_': 0.7557382434950586, '_a4_': -5.912312554509226, '_a5_': 1.7751354041093177, '_a1_': 1.0, '_a3_': 1.0, '_a6_': 1.0, '_a7_': 1.0}};{'d0': 0.024905832920163556};-276.475521885022;39.90606245399539
35547;-98.3316984885157;(((_a2_ * ((_a0_ + x) * ((_a4_ * -(_a2_)) * x))) + _a5_) * x);{'d0': {'_a0_': 0.6238594155398534, '_a2_': 0.7557382434950586, '_a4_': -5.912312554509226, '_a5_': 1.7751354041093177, '_a1_': 1.0, '_a3_': 1.0, '_a6_': 1.0, '_a7_': 1.0}};{'d0': 0.024905832920163556};-276.475521885022;39.90606245399539
35548;-98.3316984885157;(((_a2_ * ((_a0_ + x) * ((_a4_ * -(_a2_)) * x))) + _a5_) * x);{'d0': {'_a0_': 0.6238594155398534, '_a2_': 0.7557382434950586, '_a4_': -5.912312554509226, '_a5_': 1.7751354041093177, '_a1_': 1.0, '_a3_': 1.0, '_a6_': 1.0, '_a7_': 1.0}};{'d0': 0.024905832920163556};-276.475521885022;39.90606245399539
35549;-98.3316984892894;(((_a2_ * ((_a0_ + x) * ((_a4_ * -(_a0_)) * x))) + _a5_) * x);{'d0': {'_a0_': 0.6238594155929961, '_a2_': 1.0874598497005838, '_a4_': -4.977374246103918, '_a5_': 1.775135404269474, '_a1_': 1.0, '_a3_': 1.0, '_a6_': 1.0, '_a7_': 1.0}};{'d0': 0.02490583291952123};-276.475521886569;39.90606245399539
35550;-98.3316984892894;(((_a2_ * ((_a0_ + x) * ((_a4_ * -(_a0_)) * x))) + _a5_) * x);{'d0': {'_a0_': 0.6238594155929961, '_a2_': 1.0874598497005838, '_a4_': -4.977374246103918, '_a5_': 1.775135404269474, '_a1_': 1.0, '_a3_': 1.0, '_a6_': 1.0, '_a7_': 1.0}};{'d0': 0.02490583291952123};-276.475521886569;39.90606245399539
35551;-94.8704188654195;(((_a2_ * ((_a0_ + x) * ((_a4_ * (_a3_ * _a5_)) * x))) + _a5_) * x);{'d0': {'_a0_': 0.6238594157173047, '_a2_': -0.7789495204923553, '_a3_': -0.5903584735331973, '_a4_': 4.136598927158859, '_a5_': 1.7751354047956474, '_a1_': 1.0, '_a6_': 1.0, '_a7_': 1.0}};{'d0': 0.024905832923604286};-272.381177314511;41.320169791836
35552;-94.8704188654195;(((_a2_ * ((_a0_ + x) * ((_a4_ * (_a3_ * _a5_)) * x))) + _a5_) * x);{'d0': {'_a0_': 0.6238594157173047, '_a2_': -0.7789495204923553, '_a3_': -0.5903584735331973, '_a4_': 4.136598927158859, '_a5_': 1.7751354047956474, '_a1_': 1.0, '_a6_': 1.0, '_a7_': 1.0}};{'d0': 0.024905832923604286};-272.381177314511;41.320169791836
35553;-94.0438723191945;(((_a2_ * ((_a0_ + x) * ((_a4_ * (_a3_ + _a5_)) * x))) + _a5_) * x);{'d0': {'_a0_': 0.623859415551342, '_a2_': 0.7848278117060474, '_a3_': -3.2000149156766136, '_a4_': -3.019588103687435, '_a5_': 1.7751354042892025, '_a1_': 1.0, '_a6_': 1.0, '_a7_': 1.0}};{'d0': 0.02490583291969906};-272.381177323919;42.146716342765004
35554;-94.0438723191945;(((_a2_ * ((_a0_ + x) * ((_a4_ * (_a3_ + _a5_)) * x))) + _a5_) * x);{'d0': {'_a0_': 0.623859415551342, '_a2_': 0.7848278117060474, '_a3_': -3.2000149156766136, '_a4_': -3.019588103687435, '_a5_': 1.7751354042892025, '_a1_': 1.0, '_a6_': 1.0, '_a7_': 1.0}};{'d0': 0.02490583291969906};-272.381177323919;42.146716342765004
35555;-94.0438723191945;(((_a2_ * ((_a0_ + x) * ((_a4_ * (_a3_ + _a5_)) * x))) + _a5_) * x);{'d0': {'_a0_': 0.623859415551342, '_a2_': 0.7848278117060474, '_a3_': -3.2000149156766136, '_a4_': -3.019588103687435, '_a5_': 1.7751354042892025, '_a1_': 1.0, '_a6_': 1.0, '_a7_': 1.0}};{'d0': 0.02490583291969906};-272.381177323919;42.146716342765004
35556;-94.0438723191945;(((_a2_ * ((_a0_ + x) * ((_a4_ * (_a3_ + _a5_)) * x))) + _a5_) * x);{'d0': {'_a0_': 0.623859415551342, '_a2_': 0.7848278117060474, '_a3_': -3.2000149156766136, '_a4_': -3.019588103687435, '_a5_': 1.7751354042892025, '_a1_': 1.0, '_a6_': 1.0, '_a7_': 1.0}};{'d0': 0.02490583291969906};-272.381177323919;42.146716342765004
35557;-94.0438723191945;(((_a2_ * ((_a0_ + x) * ((_a4_ * (_a3_ + _a5_)) * x))) + _a5_) * x);{'d0': {'_a0_': 0.623859415551342, '_a2_': 0.7848278117060474, '_a3_': -3.2000149156766136, '_a4_': -3.019588103687435, '_a5_': 1.7751354042892025, '_a1_': 1.0, '_a6_': 1.0, '_a7_': 1.0}};{'d0': 0.02490583291969906};-272.381177323919;42.146716342765004
35558;-94.0438723191945;(((_a2_ * ((_a0_ + x) * ((_a4_ * (_a3_ + _a5_)) * x))) + _a5_) * x);{'d0': {'_a0_': 0.623859415551342, '_a2_': 0.7848278117060474, '_a3_': -3.2000149156766136, '_a4_': -3.019588103687435, '_a5_': 1.7751354042892025, '_a1_': 1.0, '_a6_': 1.0, '_a7_': 1.0}};{'d0': 0.02490583291969906};-272.381177323919;42.146716342765004
35559;-94.0438723191945;(((_a2_ * ((_a0_ + x) * ((_a4_ * (_a3_ + _a5_)) * x))) + _a5_) * x);{'d0': {'_a0_': 0.623859415551342, '_a2_': 0.7848278117060474, '_a3_': -3.2000149156766136, '_a4_': -3.019588103687435, '_a5_': 1.7751354042892025, '_a1_': 1.0, '_a6_': 1.0, '_a7_': 1.0}};{'d0': 0.02490583291969906};-272.381177323919;42.146716342765004
35560;-94.0438723191945;(((_a2_ * ((_a0_ + x) * ((_a4_ * (_a3_ + _a5_)) * x))) + _a5_) * x);{'d0': {'_a0_': 0.623859415551342, '_a2_': 0.7848278117060474, '_a3_': -3.2000149156766136, '_a4_': -3.019588103687435, '_a5_': 1.7751354042892025, '_a1_': 1.0, '_a6_': 1.0, '_a7_': 1.0}};{'d0': 0.02490583291969906};-272.381177323919;42.146716342765004
35561;-94.0438723191945;(((_a2_ * ((_a0_ + x) * ((_a4_ * (_a3_ + _a5_)) * x))) + _a5_) * x);{'d0': {'_a0_': 0.623859415551342, '_a2_': 0.7848278117060474, '_a3_': -3.2000149156766136, '_a4_': -3.019588103687435, '_a5_': 1.7751354042892025, '_a1_': 1.0, '_a6_': 1.0, '_a7_': 1.0}};{'d0': 0.02490583291969906};-272.381177323919;42.146716342765004
35562;-94.0438723191945;(((_a2_ * ((_a0_ + x) * ((_a4_ * (_a3_ + _a5_)) * x))) + _a5_) * x);{'d0': {'_a0_': 0.623859415551342, '_a2_': 0.7848278117060474, '_a3_': -3.2000149156766136, '_a4_': -3.019588103687435, '_a5_': 1.7751354042892025, '_a1_': 1.0, '_a6_': 1.0, '_a7_': 1.0}};{'d0': 0.02490583291969906};-272.381177323919;42.146716342765004
35563;-94.0438723191945;(((_a2_ * ((_a0_ + x) * ((_a4_ * (_a3_ + _a5_)) * x))) + _a5_) * x);{'d0': {'_a0_': 0.623859415551342, '_a2_': 0.7848278117060474, '_a3_': -3.2000149156766136, '_a4_': -3.019588103687435, '_a5_': 1.7751354042892025, '_a1_': 1.0, '_a6_': 1.0, '_a7_': 1.0}};{'d0': 0.02490583291969906};-272.381177323919;42.146716342765004
35564;-94.0438723191945;(((_a2_ * ((_a0_ + x) * ((_a4_ * (_a3_ + _a5_)) * x))) + _a5_) * x);{'d0': {'_a0_': 0.623859415551342, '_a2_': 0.7848278117060474, '_a3_': -3.2000149156766136, '_a4_': -3.019588103687435, '_a5_': 1.7751354042892025, '_a1_': 1.0, '_a6_': 1.0, '_a7_': 1.0}};{'d0': 0.02490583291969906};-272.381177323919;42.146716342765004
35565;-94.0438723191945;(((_a2_ * ((_a0_ + x) * ((_a4_ * (_a3_ + _a5_)) * x))) + _a5_) * x);{'d0': {'_a0_': 0.623859415551342, '_a2_': 0.7848278117060474, '_a3_': -3.2000149156766136, '_a4_': -3.019588103687435, '_a5_': 1.7751354042892025, '_a1_': 1.0, '_a6_': 1.0, '_a7_': 1.0}};{'d0': 0.02490583291969906};-272.381177323919;42.146716342765004
35566;-94.0438723191945;(((_a2_ * ((_a0_ + x) * ((_a4_ * (_a3_ + _a5_)) * x))) + _a5_) * x);{'d0': {'_a0_': 0.623859415551342, '_a2_': 0.7848278117060474, '_a3_': -3.2000149156766136, '_a4_': -3.019588103687435, '_a5_': 1.7751354042892025, '_a1_': 1.0, '_a6_': 1.0, '_a7_': 1.0}};{'d0': 0.02490583291969906};-272.381177323919;42.146716342765004
35567;-94.0438723191945;(((_a2_ * ((_a0_ + x) * ((_a4_ * (_a3_ + _a5_)) * x))) + _a5_) * x);{'d0': {'_a0_': 0.623859415551342, '_a2_': 0.7848278117060474, '_a3_': -3.2000149156766136, '_a4_': -3.019588103687435, '_a5_': 1.7751354042892025, '_a1_': 1.0, '_a6_': 1.0, '_a7_': 1.0}};{'d0': 0.02490583291969906};-272.381177323919;42.146716342765004
35568;-94.0438723191945;(((_a2_ * ((_a0_ + x) * ((_a4_ * (_a3_ + _a5_)) * x))) + _a5_) * x);{'d0': {'_a0_': 0.623859415551342, '_a2_': 0.7848278117060474, '_a3_': -3.2000149156766136, '_a4_': -3.019588103687435, '_a5_': 1.7751354042892025, '_a1_': 1.0, '_a6_': 1.0, '_a7_': 1.0}};{'d0': 0.02490583291969906};-272.381177323919;42.146716342765004
35569;-94.0438723191945;(((_a2_ * ((_a0_ + x) * ((_a4_ * (_a3_ + _a5_)) * x))) + _a5_) * x);{'d0': {'_a0_': 0.623859415551342, '_a2_': 0.7848278117060474, '_a3_': -3.2000149156766136, '_a4_': -3.019588103687435, '_a5_': 1.7751354042892025, '_a1_': 1.0, '_a6_': 1.0, '_a7_': 1.0}};{'d0': 0.02490583291969906};-272.381177323919;42.146716342765004
35570;-94.0438723191945;(((_a2_ * ((_a0_ + x) * ((_a4_ * (_a3_ + _a5_)) * x))) + _a5_) * x);{'d0': {'_a0_': 0.623859415551342, '_a2_': 0.7848278117060474, '_a3_': -3.2000149156766136, '_a4_': -3.019588103687435, '_a5_': 1.7751354042892025, '_a1_': 1.0, '_a6_': 1.0, '_a7_': 1.0}};{'d0': 0.02490583291969906};-272.381177323919;42.146716342765004
35571;-94.0438723191945;(((_a2_ * ((_a0_ + x) * ((_a4_ * (_a3_ + _a5_)) * x))) + _a5_) * x);{'d0': {'_a0_': 0.623859415551342, '_a2_': 0.7848278117060474, '_a3_': -3.2000149156766136, '_a4_': -3.019588103687435, '_a5_': 1.7751354042892025, '_a1_': 1.0, '_a6_': 1.0, '_a7_': 1.0}};{'d0': 0.02490583291969906};-272.381177323919;42.146716342765004
35572;-105.608355025258;(((-((_a2_ + pow2((_a5_ + x)))) * _a0_) + x) * x);{'d0': {'_a0_': -3.376760881335396, '_a2_': 0.49884205886639243, '_a5_': 0.1638588147370823, '_a1_': 1.0, '_a3_': 1.0, '_a4_': 1.0, '_a6_': 1.0, '_a7_': 1.0}};{'d0': 0.02490583291941664};-280.569866449044;34.67657819926449
35573;-105.608355025258;(((-((_a2_ + pow2((_a5_ + x)))) * _a0_) + x) * x);{'d0': {'_a0_': -3.376760881335396, '_a2_': 0.49884205886639243, '_a5_': 0.1638588147370823, '_a1_': 1.0, '_a3_': 1.0, '_a4_': 1.0, '_a6_': 1.0, '_a7_': 1.0}};{'d0': 0.02490583291941664};-280.569866449044;34.67657819926449
35574;-105.608355025258;(((-((_a2_ + pow2((_a5_ + x)))) * _a0_) + x) * x);{'d0': {'_a0_': -3.376760881335396, '_a2_': 0.49884205886639243, '_a5_': 0.1638588147370823, '_a1_': 1.0, '_a3_': 1.0, '_a4_': 1.0, '_a6_': 1.0, '_a7_': 1.0}};{'d0': 0.02490583291941664};-280.569866449044;34.67657819926449
35575;-105.608355025258;(((-((_a2_ + pow2((_a5_ + x)))) * _a0_) + x) * x);{'d0': {'_a0_': -3.376760881335396, '_a2_': 0.49884205886639243, '_a5_': 0.1638588147370823, '_a1_': 1.0, '_a3_': 1.0, '_a4_': 1.0, '_a6_': 1.0, '_a7_': 1.0}};{'d0': 0.02490583291941664};-280.569866449044;34.67657819926449
35576;-105.608355025258;(((-((_a2_ + pow2((_a5_ + x)))) * _a0_) + x) * x);{'d0': {'_a0_': -3.376760881335396, '_a2_': 0.49884205886639243, '_a5_': 0.1638588147370823, '_a1_': 1.0, '_a3_': 1.0, '_a4_': 1.0, '_a6_': 1.0, '_a7_': 1.0}};{'d0': 0.02490583291941664};-280.569866449044;34.67657819926449
35577;-105.608355025258;(((-((_a2_ + pow2((_a5_ + x)))) * _a0_) + x) * x);{'d0': {'_a0_': -3.376760881335396, '_a2_': 0.49884205886639243, '_a5_': 0.1638588147370823, '_a1_': 1.0, '_a3_': 1.0, '_a4_': 1.0, '_a6_': 1.0, '_a7_': 1.0}};{'d0': 0.02490583291941664};-280.569866449044;34.67657819926449
35578;-105.608355025258;(((-((_a2_ + pow2((_a5_ + x)))) * _a0_) + x) * x);{'d0': {'_a0_': -3.376760881335396, '_a2_': 0.49884205886639243, '_a5_': 0.1638588147370823, '_a1_': 1.0, '_a3_': 1.0, '_a4_': 1.0, '_a6_': 1.0, '_a7_': 1.0}};{'d0': 0.02490583291941664};-280.569866449044;34.67657819926449
35579;-100.731372386123;(((-((_a2_ + pow2(((_a6_ * _a2_) + x)))) * _a0_) + x) * x);{'d0': {'_a0_': -3.3767608802223306, '_a2_': 0.4988420588310328, '_a6_': 0.32847834606906023, '_a1_': 1.0, '_a3_': 1.0, '_a4_': 1.0, '_a5_': 1.0, '_a7_': 1.0}};{'d0': 0.024905832919416622};-280.569866449044;39.55356083839949
35580;-100.731372386123;(((-((_a2_ + pow2(((_a6_ * _a2_) + x)))) * _a0_) + x) * x);{'d0': {'_a0_': -3.3767608802223306, '_a2_': 0.4988420588310328, '_a6_': 0.32847834606906023, '_a1_': 1.0, '_a3_': 1.0, '_a4_': 1.0, '_a5_': 1.0, '_a7_': 1.0}};{'d0': 0.024905832919416622};-280.569866449044;39.55356083839949
35581;-99.8080632588554;(((-((_a2_ + pow2(((_a6_ / _a2_) + x)))) * _a0_) + x) * x);{'d0': {'_a0_': -3.376760875386818, '_a2_': 0.4988420601032134, '_a6_': 0.08173966853106382, '_a1_': 1.0, '_a3_': 1.0, '_a4_': 1.0, '_a5_': 1.0, '_a7_': 1.0}};{'d0': 0.024905832919416553};-280.569866449044;40.47686996566689
35582;-99.8080632588554;(((-((_a2_ + pow2(((_a6_ / _a2_) + x)))) * _a0_) + x) * x);{'d0': {'_a0_': -3.376760875386818, '_a2_': 0.4988420601032134, '_a6_': 0.08173966853106382, '_a1_': 1.0, '_a3_': 1.0, '_a4_': 1.0, '_a5_': 1.0, '_a7_': 1.0}};{'d0': 0.024905832919416553};-280.569866449044;40.47686996566689
35583;-99.8080632588554;(((-((_a2_ + pow2(((_a6_ / _a2_) + x)))) * _a0_) + x) * x);{'d0': {'_a0_': -3.376760875386818, '_a2_': 0.4988420601032134, '_a6_': 0.08173966853106382, '_a1_': 1.0, '_a3_': 1.0, '_a4_': 1.0, '_a5_': 1.0, '_a7_': 1.0}};{'d0': 0.024905832919416553};-280.569866449044;40.47686996566689
35584;-99.8080632588554;(((-((_a2_ + pow2(((_a6_ / _a2_) + x)))) * _a0_) + x) * x);{'d0': {'_a0_': -3.376760875386818, '_a2_': 0.4988420601032134, '_a6_': 0.08173966853106382, '_a1_': 1.0, '_a3_': 1.0, '_a4_': 1.0, '_a5_': 1.0, '_a7_': 1.0}};{'d0': 0.024905832919416553};-280.569866449044;40.47686996566689
35585;-99.8080632588554;(((-((_a2_ + pow2(((_a6_ / _a2_) + x)))) * _a0_) + x) * x);{'d0': {'_a0_': -3.376760875386818, '_a2_': 0.4988420601032134, '_a6_': 0.08173966853106382, '_a1_': 1.0, '_a3_': 1.0, '_a4_': 1.0, '_a5_': 1.0, '_a7_': 1.0}};{'d0': 0.024905832919416553};-280.569866449044;40.47686996566689
35586;-99.8080632588554;(((-((_a2_ + pow2(((_a6_ / _a2_) + x)))) * _a0_) + x) * x);{'d0': {'_a0_': -3.376760875386818, '_a2_': 0.4988420601032134, '_a6_': 0.08173966853106382, '_a1_': 1.0, '_a3_': 1.0, '_a4_': 1.0, '_a5_': 1.0, '_a7_': 1.0}};{'d0': 0.024905832919416553};-280.569866449044;40.47686996566689
35587;-99.8080632588554;(((-((_a2_ + pow2(((_a6_ / _a2_) + x)))) * _a0_) + x) * x);{'d0': {'_a0_': -3.376760875386818, '_a2_': 0.4988420601032134, '_a6_': 0.08173966853106382, '_a1_': 1.0, '_a3_': 1.0, '_a4_': 1.0, '_a5_': 1.0, '_a7_': 1.0}};{'d0': 0.024905832919416553};-280.569866449044;40.47686996566689
35588;-99.8080632588554;(((-((_a2_ + pow2(((_a6_ / _a2_) + x)))) * _a0_) + x) * x);{'d0': {'_a0_': -3.376760875386818, '_a2_': 0.4988420601032134, '_a6_': 0.08173966853106382, '_a1_': 1.0, '_a3_': 1.0, '_a4_': 1.0, '_a5_': 1.0, '_a7_': 1.0}};{'d0': 0.024905832919416553};-280.569866449044;40.47686996566689
35589;-99.8080632588554;(((-((_a2_ + pow2(((_a6_ / _a2_) + x)))) * _a0_) + x) * x);{'d0': {'_a0_': -3.376760875386818, '_a2_': 0.4988420601032134, '_a6_': 0.08173966853106382, '_a1_': 1.0, '_a3_': 1.0, '_a4_': 1.0, '_a5_': 1.0, '_a7_': 1.0}};{'d0': 0.024905832919416553};-280.569866449044;40.47686996566689
35590;-99.8080632588554;(((-((_a2_ + pow2(((_a6_ / _a2_) + x)))) * _a0_) + x) * x);{'d0': {'_a0_': -3.376760875386818, '_a2_': 0.4988420601032134, '_a6_': 0.08173966853106382, '_a1_': 1.0, '_a3_': 1.0, '_a4_': 1.0, '_a5_': 1.0, '_a7_': 1.0}};{'d0': 0.024905832919416553};-280.569866449044;40.47686996566689
35591;-99.8080632588554;(((-((_a2_ + pow2(((_a6_ / _a2_) + x)))) * _a0_) + x) * x);{'d0': {'_a0_': -3.376760875386818, '_a2_': 0.4988420601032134, '_a6_': 0.08173966853106382, '_a1_': 1.0, '_a3_': 1.0, '_a4_': 1.0, '_a5_': 1.0, '_a7_': 1.0}};{'d0': 0.024905832919416553};-280.569866449044;40.47686996566689
35592;-94.4487312287453;(((-((_a2_ + pow2(((_a6_ / _a2_) + x)))) * _a0_) + log(_a2_)) * x);{'d0': {'_a0_': -3.3767608749685443, '_a2_': 0.5864386936128995, '_a6_': 0.18292765041106088, '_a1_': 1.0, '_a3_': 1.0, '_a4_': 1.0, '_a5_': 1.0, '_a7_': 1.0}};{'d0': 0.024905832919416664};-280.569866449044;45.83620199577689
35593;-94.4487312287453;(((-((_a2_ + pow2(((_a6_ / _a2_) + x)))) * _a0_) + log(_a2_)) * x);{'d0': {'_a0_': -3.3767608749685443, '_a2_': 0.5864386936128995, '_a6_': 0.18292765041106088, '_a1_': 1.0, '_a3_': 1.0, '_a4_': 1.0, '_a5_': 1.0, '_a7_': 1.0}};{'d0': 0.024905832919416664};-280.569866449044;45.83620199577689
35594;-94.4487312287453;(((-((_a2_ + pow2(((_a6_ / _a2_) + x)))) * _a0_) + log(_a2_)) * x);{'d0': {'_a0_': -3.3767608749685443, '_a2_': 0.5864386936128995, '_a6_': 0.18292765041106088, '_a1_': 1.0, '_a3_': 1.0, '_a4_': 1.0, '_a5_': 1.0, '_a7_': 1.0}};{'d0': 0.024905832919416664};-280.569866449044;45.83620199577689
35595;-94.4487312287453;(((-((_a2_ + pow2(((_a6_ / _a2_) + x)))) * _a0_) + log(_a2_)) * x);{'d0': {'_a0_': -3.3767608749685443, '_a2_': 0.5864386936128995, '_a6_': 0.18292765041106088, '_a1_': 1.0, '_a3_': 1.0, '_a4_': 1.0, '_a5_': 1.0, '_a7_': 1.0}};{'d0': 0.024905832919416664};-280.569866449044;45.83620199577689
35596;-94.4487312287453;(((-((_a2_ + pow2(((_a6_ / _a2_) + x)))) * _a0_) + log(_a2_)) * x);{'d0': {'_a0_': -3.3767608749685443, '_a2_': 0.5864386936128995, '_a6_': 0.18292765041106088, '_a1_': 1.0, '_a3_': 1.0, '_a4_': 1.0, '_a5_': 1.0, '_a7_': 1.0}};{'d0': 0.024905832919416664};-280.569866449044;45.83620199577689
35597;-94.4487312287453;(((-((_a2_ + pow2(((_a6_ / _a2_) + x)))) * _a0_) + log(_a2_)) * x);{'d0': {'_a0_': -3.3767608749685443, '_a2_': 0.5864386936128995, '_a6_': 0.18292765041106088, '_a1_': 1.0, '_a3_': 1.0, '_a4_': 1.0, '_a5_': 1.0, '_a7_': 1.0}};{'d0': 0.024905832919416664};-280.569866449044;45.83620199577689
35598;-94.5321094696281;(((-((_a2_ + pow2(((_a6_ / _a2_) + x)))) * _a0_) / log(_a2_)) * x);{'d0': {'_a0_': 2.862539242458534, '_a2_': 0.42839162709967105, '_a6_': 0.13362807504132992, '_a1_': 1.0, '_a3_': 1.0, '_a4_': 1.0, '_a5_': 1.0, '_a7_': 1.0}};{'d0': 0.02490583291941665};-280.569866449044;45.75282375489409
35599;-94.5321094696281;(((-((_a2_ + pow2(((_a6_ / _a2_) + x)))) * _a0_) / log(_a2_)) * x);{'d0': {'_a0_': 2.862539242458534, '_a2_': 0.42839162709967105, '_a6_': 0.13362807504132992, '_a1_': 1.0, '_a3_': 1.0, '_a4_': 1.0, '_a5_': 1.0, '_a7_': 1.0}};{'d0': 0.02490583291941665};-280.569866449044;45.75282375489409
35600;-95.0100002476653;(((-((_a2_ + pow2((log(_a3_) + x)))) * _a0_) / log(_a2_)) * x);{'d0': {'_a0_': 2.8625392495649242, '_a2_': 0.4283916264905245, '_a3_': 1.3660586662349663, '_a1_': 1.0, '_a4_': 1.0, '_a5_': 1.0, '_a6_': 1.0, '_a7_': 1.0}};{'d0': 0.02490583291941664};-280.569866449044;45.27493297685689
35601;-95.0100002476653;(((-((_a2_ + pow2((log(_a3_) + x)))) * _a0_) / log(_a2_)) * x);{'d0': {'_a0_': 2.8625392495649242, '_a2_': 0.4283916264905245, '_a3_': 1.3660586662349663, '_a1_': 1.0, '_a4_': 1.0, '_a5_': 1.0, '_a6_': 1.0, '_a7_': 1.0}};{'d0': 0.02490583291941664};-280.569866449044;45.27493297685689
35602;-95.0100002476653;(((-((_a2_ + pow2((log(_a3_) + x)))) * _a0_) / log(_a2_)) * x);{'d0': {'_a0_': 2.8625392495649242, '_a2_': 0.4283916264905245, '_a3_': 1.3660586662349663, '_a1_': 1.0, '_a4_': 1.0, '_a5_': 1.0, '_a6_': 1.0, '_a7_': 1.0}};{'d0': 0.02490583291941664};-280.569866449044;45.27493297685689
35603;-95.0100002476653;(((-((_a2_ + pow2((log(_a3_) + x)))) * _a0_) / log(_a2_)) * x);{'d0': {'_a0_': 2.8625392495649242, '_a2_': 0.4283916264905245, '_a3_': 1.3660586662349663, '_a1_': 1.0, '_a4_': 1.0, '_a5_': 1.0, '_a6_': 1.0, '_a7_': 1.0}};{'d0': 0.02490583291941664};-280.569866449044;45.27493297685689
35604;-93.9774027923310;(((-((_a2_ + pow2((log(_a3_) + x)))) / _a0_) / log(_a2_)) * x);{'d0': {'_a0_': 0.3493401913294881, '_a2_': 0.4283916287289919, '_a3_': 1.3660586664449932, '_a1_': 1.0, '_a4_': 1.0, '_a5_': 1.0, '_a6_': 1.0, '_a7_': 1.0}};{'d0': 0.02490583291941667};-280.569866449043;46.307530432191086
35605;-93.9774027923310;(((-((_a2_ + pow2((log(_a3_) + x)))) / _a0_) / log(_a2_)) * x);{'d0': {'_a0_': 0.3493401913294881, '_a2_': 0.4283916287289919, '_a3_': 1.3660586664449932, '_a1_': 1.0, '_a4_': 1.0, '_a5_': 1.0, '_a6_': 1.0, '_a7_': 1.0}};{'d0': 0.02490583291941667};-280.569866449043;46.307530432191086
35606;-92.7438527600309;(((-((_a2_ + pow2((pow3(_a3_) + x)))) / _a0_) / log(_a2_)) * x);{'d0': {'_a0_': 0.34934018798960753, '_a2_': 0.42839162639158757, '_a3_': 0.6781913497351579, '_a1_': 1.0, '_a4_': 1.0, '_a5_': 1.0, '_a6_': 1.0, '_a7_': 1.0}};{'d0': 0.024905832919416736};-280.569866449043;47.54108046449109
35607;-92.7438527600309;(((-((_a2_ + pow2((pow3(_a3_) + x)))) / _a0_) / log(_a2_)) * x);{'d0': {'_a0_': 0.34934018798960753, '_a2_': 0.42839162639158757, '_a3_': 0.6781913497351579, '_a1_': 1.0, '_a4_': 1.0, '_a5_': 1.0, '_a6_': 1.0, '_a7_': 1.0}};{'d0': 0.024905832919416736};-280.569866449043;47.54108046449109
35608;-92.6604745191484;(((-((_a2_ + pow2((pow3(_a3_) + x)))) + _a0_) / log(_a2_)) * x);{'d0': {'_a0_': 0.3152903479407469, '_a2_': 0.743681976154133, '_a3_': 0.6781913498051018, '_a1_': 1.0, '_a4_': 1.0, '_a5_': 1.0, '_a6_': 1.0, '_a7_': 1.0}};{'d0': 0.024905832919416566};-280.569866449044;47.62445870537389
35609;-99.5822889035533;((_a1_ + ((((_a1_ * (_a5_ / pow2(_a6_))) + x) * _a6_) * x)) * x);{'d0': {'_a1_': 1.775135403873981, '_a5_': 4.00733698483279, '_a6_': 3.3767608824384383, '_a0_': 1.0, '_a2_': 1.0, '_a3_': 1.0, '_a4_': 1.0, '_a7_': 1.0}};{'d0': 0.02490583291941664};-280.569866449044;40.70264432096846
35610;-99.5822889035533;((_a1_ + ((((_a1_ * (_a5_ / pow2(_a6_))) + x) * _a6_) * x)) * x);{'d0': {'_a1_': 1.775135403873981, '_a5_': 4.00733698483279, '_a6_': 3.3767608824384383, '_a0_': 1.0, '_a2_': 1.0, '_a3_': 1.0, '_a4_': 1.0, '_a7_': 1.0}};{'d0': 0.02490583291941664};-280.569866449044;40.70264432096846
35611;-99.5822889035533;((_a1_ + ((((_a1_ * (_a5_ / pow2(_a6_))) + x) * _a6_) * x)) * x);{'d0': {'_a1_': 1.775135403873981, '_a5_': 4.00733698483279, '_a6_': 3.3767608824384383, '_a0_': 1.0, '_a2_': 1.0, '_a3_': 1.0, '_a4_': 1.0, '_a7_': 1.0}};{'d0': 0.02490583291941664};-280.569866449044;40.70264432096846
35612;-99.5822889035533;((_a1_ + ((((_a1_ * (_a5_ / pow2(_a6_))) + x) * _a6_) * x)) * x);{'d0': {'_a1_': 1.775135403873981, '_a5_': 4.00733698483279, '_a6_': 3.3767608824384383, '_a0_': 1.0, '_a2_': 1.0, '_a3_': 1.0, '_a4_': 1.0, '_a7_': 1.0}};{'d0': 0.02490583291941664};-280.569866449044;40.70264432096846
35613;-99.5822889035533;((_a1_ + ((((_a1_ * (_a5_ / pow2(_a6_))) + x) * _a6_) * x)) * x);{'d0': {'_a1_': 1.775135403873981, '_a5_': 4.00733698483279, '_a6_': 3.3767608824384383, '_a0_': 1.0, '_a2_': 1.0, '_a3_': 1.0, '_a4_': 1.0, '_a7_': 1.0}};{'d0': 0.02490583291941664};-280.569866449044;40.70264432096846
35614;-99.5822889035533;((_a1_ + ((((_a1_ * (_a5_ / pow2(_a6_))) + x) * _a6_) * x)) * x);{'d0': {'_a1_': 1.775135403873981, '_a5_': 4.00733698483279, '_a6_': 3.3767608824384383, '_a0_': 1.0, '_a2_': 1.0, '_a3_': 1.0, '_a4_': 1.0, '_a7_': 1.0}};{'d0': 0.02490583291941664};-280.569866449044;40.70264432096846
35615;-99.5822889035533;((_a1_ + ((((_a1_ * (_a5_ / pow2(_a6_))) + x) * _a6_) * x)) * x);{'d0': {'_a1_': 1.775135403873981, '_a5_': 4.00733698483279, '_a6_': 3.3767608824384383, '_a0_': 1.0, '_a2_': 1.0, '_a3_': 1.0, '_a4_': 1.0, '_a7_': 1.0}};{'d0': 0.02490583291941664};-280.569866449044;40.70264432096846
35616;-100.360883458177;((_a1_ + ((((_a1_ * (_a5_ * pow2(_a6_))) + x) * _a6_) * x)) * x);{'d0': {'_a1_': 1.7751354040666738, '_a5_': 0.030821561157124644, '_a6_': 3.3767608793813992, '_a0_': 1.0, '_a2_': 1.0, '_a3_': 1.0, '_a4_': 1.0, '_a7_': 1.0}};{'d0': 0.024905832919416657};-280.569866449044;39.924049766345064
35617;-100.360883458177;((_a1_ + ((((_a1_ * (_a5_ * pow2(_a6_))) + x) * _a6_) * x)) * x);{'d0': {'_a1_': 1.7751354040666738, '_a5_': 0.030821561157124644, '_a6_': 3.3767608793813992, '_a0_': 1.0, '_a2_': 1.0, '_a3_': 1.0, '_a4_': 1.0, '_a7_': 1.0}};{'d0': 0.024905832919416657};-280.569866449044;39.924049766345064
35618;-100.360883458177;((_a1_ + ((((_a1_ * (_a5_ * pow2(_a6_))) + x) * _a6_) * x)) * x);{'d0': {'_a1_': 1.7751354040666738, '_a5_': 0.030821561157124644, '_a6_': 3.3767608793813992, '_a0_': 1.0, '_a2_': 1.0, '_a3_': 1.0, '_a4_': 1.0, '_a7_': 1.0}};{'d0': 0.024905832919416657};-280.569866449044;39.924049766345064
35619;-98.3137111702921;((_a1_ + ((((_a7_ * (_a5_ * pow2(_a6_))) + x) * _a6_) * x)) * x);{'d0': {'_a1_': 1.7751354042751981, '_a5_': 0.02761428518837905, '_a6_': 3.3767608785439824, '_a7_': 1.981308704395412, '_a0_': 1.0, '_a2_': 1.0, '_a3_': 1.0, '_a4_': 1.0}};{'d0': 0.02490583292504};-276.475521873274;39.924049766345064
35620;-98.3137111702921;((_a1_ + ((((_a7_ * (_a5_ * pow2(_a6_))) + x) * _a6_) * x)) * x);{'d0': {'_a1_': 1.7751354042751981, '_a5_': 0.02761428518837905, '_a6_': 3.3767608785439824, '_a7_': 1.981308704395412, '_a0_': 1.0, '_a2_': 1.0, '_a3_': 1.0, '_a4_': 1.0}};{'d0': 0.02490583292504};-276.475521873274;39.924049766345064
35621;-98.3137111702921;((_a1_ + ((((_a7_ * (_a5_ * pow2(_a6_))) + x) * _a6_) * x)) * x);{'d0': {'_a1_': 1.7751354042751981, '_a5_': 0.02761428518837905, '_a6_': 3.3767608785439824, '_a7_': 1.981308704395412, '_a0_': 1.0, '_a2_': 1.0, '_a3_': 1.0, '_a4_': 1.0}};{'d0': 0.02490583292504};-276.475521873274;39.924049766345064
35622;-98.3137111702921;((_a1_ + ((((_a7_ * (_a5_ * pow2(_a6_))) + x) * _a6_) * x)) * x);{'d0': {'_a1_': 1.7751354042751981, '_a5_': 0.02761428518837905, '_a6_': 3.3767608785439824, '_a7_': 1.981308704395412, '_a0_': 1.0, '_a2_': 1.0, '_a3_': 1.0, '_a4_': 1.0}};{'d0': 0.02490583292504};-276.475521873274;39.924049766345064
35623;-86.7398734701182;(((-((x + pow2((pow3(_a3_) + x)))) + (_a6_ + x)) / log(_a2_)) * x);{'d0': {'_a2_': 0.7436819764092955, '_a3_': 0.6781913497888964, '_a6_': -0.4283916273645246, '_a0_': 1.0, '_a1_': 1.0, '_a4_': 1.0, '_a5_': 1.0, '_a7_': 1.0}};{'d0': 0.02490583291941667};-280.569866449043;53.54505975440389
35624;-92.6604745191482;(((-((x + pow2((pow3(_a3_) + x)))) + _a0_) / log(_a2_)) * x);{'d0': {'_a0_': -0.4903213351211673, '_a2_': 0.7436819763793916, '_a3_': -0.5729368199042277, '_a1_': 1.0, '_a4_': 1.0, '_a5_': 1.0, '_a6_': 1.0, '_a7_': 1.0}};{'d0': 0.0249058329194167};-280.569866449043;47.62445870537389
35625;-92.6604745191482;(((-((x + pow2((pow3(_a3_) + x)))) + _a0_) / log(_a2_)) * x);{'d0': {'_a0_': -0.4903213351211673, '_a2_': 0.7436819763793916, '_a3_': -0.5729368199042277, '_a1_': 1.0, '_a4_': 1.0, '_a5_': 1.0, '_a6_': 1.0, '_a7_': 1.0}};{'d0': 0.0249058329194167};-280.569866449043;47.62445870537389
35626;-92.6604745191482;(((-((x + pow2((pow3(_a3_) + x)))) + _a0_) / log(_a2_)) * x);{'d0': {'_a0_': -0.4903213351211673, '_a2_': 0.7436819763793916, '_a3_': -0.5729368199042277, '_a1_': 1.0, '_a4_': 1.0, '_a5_': 1.0, '_a6_': 1.0, '_a7_': 1.0}};{'d0': 0.0249058329194167};-280.569866449043;47.62445870537389
35627;-92.6604745191482;(((-((x + pow2((pow3(_a3_) + x)))) + _a0_) / log(_a2_)) * x);{'d0': {'_a0_': -0.4903213351211673, '_a2_': 0.7436819763793916, '_a3_': -0.5729368199042277, '_a1_': 1.0, '_a4_': 1.0, '_a5_': 1.0, '_a6_': 1.0, '_a7_': 1.0}};{'d0': 0.0249058329194167};-280.569866449043;47.62445870537389
35628;-92.6604745191482;(((-((x + pow2((pow3(_a3_) + x)))) + _a0_) / log(_a2_)) * x);{'d0': {'_a0_': -0.4903213351211673, '_a2_': 0.7436819763793916, '_a3_': -0.5729368199042277, '_a1_': 1.0, '_a4_': 1.0, '_a5_': 1.0, '_a6_': 1.0, '_a7_': 1.0}};{'d0': 0.0249058329194167};-280.569866449043;47.62445870537389
35629;-88.9800222808872;(((-((-(_a3_) + pow2((pow3(_a3_) + x)))) + _a0_) / log(_a2_)) * x);{'d0': {'_a0_': -1.106582977512125, '_a2_': 0.743681976311684, '_a3_': 0.6781913498072728, '_a1_': 1.0, '_a4_': 1.0, '_a5_': 1.0, '_a6_': 1.0, '_a7_': 1.0}};{'d0': 0.02490583291941658};-280.569866449044;51.30491094363506
35630;-88.9800222808872;(((-((-(_a3_) + pow2((pow3(_a3_) + x)))) + _a0_) / log(_a2_)) * x);{'d0': {'_a0_': -1.106582977512125, '_a2_': 0.743681976311684, '_a3_': 0.6781913498072728, '_a1_': 1.0, '_a4_': 1.0, '_a5_': 1.0, '_a6_': 1.0, '_a7_': 1.0}};{'d0': 0.02490583291941658};-280.569866449044;51.30491094363506
35631;-88.9800222808872;(((-((-(_a3_) + pow2((pow3(_a3_) + x)))) + _a0_) / log(_a2_)) * x);{'d0': {'_a0_': -1.106582977512125, '_a2_': 0.743681976311684, '_a3_': 0.6781913498072728, '_a1_': 1.0, '_a4_': 1.0, '_a5_': 1.0, '_a6_': 1.0, '_a7_': 1.0}};{'d0': 0.02490583291941658};-280.569866449044;51.30491094363506
35632;-88.9800222808872;(((-((-(_a3_) + pow2((pow3(_a3_) + x)))) + _a0_) / log(_a2_)) * x);{'d0': {'_a0_': -1.106582977512125, '_a2_': 0.743681976311684, '_a3_': 0.6781913498072728, '_a1_': 1.0, '_a4_': 1.0, '_a5_': 1.0, '_a6_': 1.0, '_a7_': 1.0}};{'d0': 0.02490583291941658};-280.569866449044;51.30491094363506
35633;-88.9800222808872;(((-((-(_a3_) + pow2((pow3(_a3_) + x)))) + _a0_) / log(_a2_)) * x);{'d0': {'_a0_': -1.106582977512125, '_a2_': 0.743681976311684, '_a3_': 0.6781913498072728, '_a1_': 1.0, '_a4_': 1.0, '_a5_': 1.0, '_a6_': 1.0, '_a7_': 1.0}};{'d0': 0.02490583291941658};-280.569866449044;51.30491094363506
35634;-88.9800222808872;(((-((-(_a3_) + pow2((pow3(_a3_) + x)))) + _a0_) / log(_a2_)) * x);{'d0': {'_a0_': -1.106582977512125, '_a2_': 0.743681976311684, '_a3_': 0.6781913498072728, '_a1_': 1.0, '_a4_': 1.0, '_a5_': 1.0, '_a6_': 1.0, '_a7_': 1.0}};{'d0': 0.02490583291941658};-280.569866449044;51.30491094363506
35635;-88.9800222808872;(((-((-(_a3_) + pow2((pow3(_a3_) + x)))) + _a0_) / log(_a2_)) * x);{'d0': {'_a0_': -1.106582977512125, '_a2_': 0.743681976311684, '_a3_': 0.6781913498072728, '_a1_': 1.0, '_a4_': 1.0, '_a5_': 1.0, '_a6_': 1.0, '_a7_': 1.0}};{'d0': 0.02490583291941658};-280.569866449044;51.30491094363506
35636;-88.9800222808872;(((-((-(_a3_) + pow2((pow3(_a3_) + x)))) + _a0_) / log(_a2_)) * x);{'d0': {'_a0_': -1.106582977512125, '_a2_': 0.743681976311684, '_a3_': 0.6781913498072728, '_a1_': 1.0, '_a4_': 1.0, '_a5_': 1.0, '_a6_': 1.0, '_a7_': 1.0}};{'d0': 0.02490583291941658};-280.569866449044;51.30491094363506
35637;-88.9800222808872;(((-((-(_a3_) + pow2((pow3(_a3_) + x)))) + _a0_) / log(_a2_)) * x);{'d0': {'_a0_': -1.106582977512125, '_a2_': 0.743681976311684, '_a3_': 0.6781913498072728, '_a1_': 1.0, '_a4_': 1.0, '_a5_': 1.0, '_a6_': 1.0, '_a7_': 1.0}};{'d0': 0.02490583291941658};-280.569866449044;51.30491094363506
35638;-88.9800222808872;(((-((-(_a3_) + pow2((pow3(_a3_) + x)))) + _a0_) / log(_a2_)) * x);{'d0': {'_a0_': -1.106582977512125, '_a2_': 0.743681976311684, '_a3_': 0.6781913498072728, '_a1_': 1.0, '_a4_': 1.0, '_a5_': 1.0, '_a6_': 1.0, '_a7_': 1.0}};{'d0': 0.02490583291941658};-280.569866449044;51.30491094363506
35639;-88.9800222808872;(((-((-(_a3_) + pow2((pow3(_a3_) + x)))) + _a0_) / log(_a2_)) * x);{'d0': {'_a0_': -1.106582977512125, '_a2_': 0.743681976311684, '_a3_': 0.6781913498072728, '_a1_': 1.0, '_a4_': 1.0, '_a5_': 1.0, '_a6_': 1.0, '_a7_': 1.0}};{'d0': 0.02490583291941658};-280.569866449044;51.30491094363506
35640;-88.9800222808872;(((-((-(_a3_) + pow2((pow3(_a3_) + x)))) + _a0_) / log(_a2_)) * x);{'d0': {'_a0_': -1.106582977512125, '_a2_': 0.743681976311684, '_a3_': 0.6781913498072728, '_a1_': 1.0, '_a4_': 1.0, '_a5_': 1.0, '_a6_': 1.0, '_a7_': 1.0}};{'d0': 0.02490583291941658};-280.569866449044;51.30491094363506
35641;-88.9800222808872;(((-((-(_a3_) + pow2((pow3(_a3_) + x)))) + _a0_) / log(_a2_)) * x);{'d0': {'_a0_': -1.106582977512125, '_a2_': 0.743681976311684, '_a3_': 0.6781913498072728, '_a1_': 1.0, '_a4_': 1.0, '_a5_': 1.0, '_a6_': 1.0, '_a7_': 1.0}};{'d0': 0.02490583291941658};-280.569866449044;51.30491094363506
35642;-88.9800222808872;(((-((-(_a3_) + pow2((pow3(_a3_) + x)))) + _a0_) / log(_a2_)) * x);{'d0': {'_a0_': -1.106582977512125, '_a2_': 0.743681976311684, '_a3_': 0.6781913498072728, '_a1_': 1.0, '_a4_': 1.0, '_a5_': 1.0, '_a6_': 1.0, '_a7_': 1.0}};{'d0': 0.02490583291941658};-280.569866449044;51.30491094363506
35643;-88.9800222808872;(((-((-(_a3_) + pow2((pow3(_a3_) + x)))) + _a0_) / log(_a2_)) * x);{'d0': {'_a0_': -1.106582977512125, '_a2_': 0.743681976311684, '_a3_': 0.6781913498072728, '_a1_': 1.0, '_a4_': 1.0, '_a5_': 1.0, '_a6_': 1.0, '_a7_': 1.0}};{'d0': 0.02490583291941658};-280.569866449044;51.30491094363506
35644;-88.9800222808872;(((-((-(_a3_) + pow2((pow3(_a3_) + x)))) + _a0_) / log(_a2_)) * x);{'d0': {'_a0_': -1.106582977512125, '_a2_': 0.743681976311684, '_a3_': 0.6781913498072728, '_a1_': 1.0, '_a4_': 1.0, '_a5_': 1.0, '_a6_': 1.0, '_a7_': 1.0}};{'d0': 0.02490583291941658};-280.569866449044;51.30491094363506
35645;-88.9800222808872;(((-((-(_a3_) + pow2((pow3(_a3_) + x)))) + _a0_) / log(_a2_)) * x);{'d0': {'_a0_': -1.106582977512125, '_a2_': 0.743681976311684, '_a3_': 0.6781913498072728, '_a1_': 1.0, '_a4_': 1.0, '_a5_': 1.0, '_a6_': 1.0, '_a7_': 1.0}};{'d0': 0.02490583291941658};-280.569866449044;51.30491094363506
35646;-88.9800222808872;(((-((-(_a3_) + pow2((pow3(_a3_) + x)))) + _a0_) / log(_a2_)) * x);{'d0': {'_a0_': -1.106582977512125, '_a2_': 0.743681976311684, '_a3_': 0.6781913498072728, '_a1_': 1.0, '_a4_': 1.0, '_a5_': 1.0, '_a6_': 1.0, '_a7_': 1.0}};{'d0': 0.02490583291941658};-280.569866449044;51.30491094363506
35647;-88.9800222808872;(((-((-(_a3_) + pow2((pow3(_a3_) + x)))) + _a0_) / log(_a2_)) * x);{'d0': {'_a0_': -1.106582977512125, '_a2_': 0.743681976311684, '_a3_': 0.6781913498072728, '_a1_': 1.0, '_a4_': 1.0, '_a5_': 1.0, '_a6_': 1.0, '_a7_': 1.0}};{'d0': 0.02490583291941658};-280.569866449044;51.30491094363506
35648;-88.9800222808872;(((-((-(_a3_) + pow2((pow3(_a3_) + x)))) + _a0_) / log(_a2_)) * x);{'d0': {'_a0_': -1.106582977512125, '_a2_': 0.743681976311684, '_a3_': 0.6781913498072728, '_a1_': 1.0, '_a4_': 1.0, '_a5_': 1.0, '_a6_': 1.0, '_a7_': 1.0}};{'d0': 0.02490583291941658};-280.569866449044;51.30491094363506
35649;-87.3782741089216;(_a2_ * ((((_a1_ * x) * pow2(((exp(_a1_) + x) + _a4_))) + x) + pow2(_a3_)));{'d0': {'_a1_': 2.3324315924094883, '_a2_': 1.4470808888867701, '_a3_': 0.0001050268477123229, '_a4_': -9.991015308117584, '_a0_': 1.0, '_a5_': 1.0, '_a6_': 1.0, '_a7_': 1.0}};{'d0': 0.02490688687358771};-276.472982886721;50.858217334438876
35650;-87.3782741089216;(_a2_ * ((((_a1_ * x) * pow2(((exp(_a1_) + x) + _a4_))) + x) + pow2(_a3_)));{'d0': {'_a1_': 2.3324315924094883, '_a2_': 1.4470808888867701, '_a3_': 0.0001050268477123229, '_a4_': -9.991015308117584, '_a0_': 1.0, '_a5_': 1.0, '_a6_': 1.0, '_a7_': 1.0}};{'d0': 0.02490688687358771};-276.472982886721;50.858217334438876
35651;-82.4302036794123;(_a2_ * ((((_a1_ * x) * pow2(((exp(_a1_) + x) + _a4_))) + x) + pow2((_a5_ * _a5_))));{'d0': {'_a1_': 2.3343130031880968, '_a2_': 1.4465760012173599, '_a4_': -10.010436333585234, '_a5_': 0.0027500985387112382, '_a0_': 1.0, '_a3_': 1.0, '_a6_': 1.0, '_a7_': 1.0}};{'d0': 0.024905832922822398};-276.475521878617;55.80755725989587
35652;-82.4302036794123;(_a2_ * ((((_a1_ * x) * pow2(((exp(_a1_) + x) + _a4_))) + x) + pow2((_a5_ * _a5_))));{'d0': {'_a1_': 2.3343130031880968, '_a2_': 1.4465760012173599, '_a4_': -10.010436333585234, '_a5_': 0.0027500985387112382, '_a0_': 1.0, '_a3_': 1.0, '_a6_': 1.0, '_a7_': 1.0}};{'d0': 0.024905832922822398};-276.475521878617;55.80755725989587
35653;-82.4302036794123;(_a2_ * ((((_a1_ * x) * pow2(((exp(_a1_) + x) + _a4_))) + x) + pow2((_a5_ * _a5_))));{'d0': {'_a1_': 2.3343130031880968, '_a2_': 1.4465760012173599, '_a4_': -10.010436333585234, '_a5_': 0.0027500985387112382, '_a0_': 1.0, '_a3_': 1.0, '_a6_': 1.0, '_a7_': 1.0}};{'d0': 0.024905832922822398};-276.475521878617;55.80755725989587
35654;-82.4302036794123;(_a2_ * ((((_a1_ * x) * pow2(((exp(_a1_) + x) + _a4_))) + x) + pow2((_a5_ * _a5_))));{'d0': {'_a1_': 2.3343130031880968, '_a2_': 1.4465760012173599, '_a4_': -10.010436333585234, '_a5_': 0.0027500985387112382, '_a0_': 1.0, '_a3_': 1.0, '_a6_': 1.0, '_a7_': 1.0}};{'d0': 0.024905832922822398};-276.475521878617;55.80755725989587
35655;-82.4302036794123;(_a2_ * ((((_a1_ * x) * pow2(((exp(_a1_) + x) + _a4_))) + x) + pow2((_a5_ * _a5_))));{'d0': {'_a1_': 2.3343130031880968, '_a2_': 1.4465760012173599, '_a4_': -10.010436333585234, '_a5_': 0.0027500985387112382, '_a0_': 1.0, '_a3_': 1.0, '_a6_': 1.0, '_a7_': 1.0}};{'d0': 0.024905832922822398};-276.475521878617;55.80755725989587
35656;-82.4302036794123;(_a2_ * ((((_a1_ * x) * pow2(((exp(_a1_) + x) + _a4_))) + x) + pow2((_a5_ * _a5_))));{'d0': {'_a1_': 2.3343130031880968, '_a2_': 1.4465760012173599, '_a4_': -10.010436333585234, '_a5_': 0.0027500985387112382, '_a0_': 1.0, '_a3_': 1.0, '_a6_': 1.0, '_a7_': 1.0}};{'d0': 0.024905832922822398};-276.475521878617;55.80755725989587
35657;-82.4302030718437;(_a2_ * ((((_a1_ * x) * pow2(((exp(_a5_) + x) + _a4_))) + x) + pow2((_a5_ * _a5_))));{'d0': {'_a1_': 2.3343125844987282, '_a2_': 1.4465761094684846, '_a4_': -0.6785651101052751, '_a5_': -0.009550243153139017, '_a0_': 1.0, '_a3_': 1.0, '_a6_': 1.0, '_a7_': 1.0}};{'d0': 0.024905833427222506};-276.475520663479;55.80755725989587
35658;-82.4302030718437;(_a2_ * ((((_a1_ * x) * pow2(((exp(_a5_) + x) + _a4_))) + x) + pow2((_a5_ * _a5_))));{'d0': {'_a1_': 2.3343125844987282, '_a2_': 1.4465761094684846, '_a4_': -0.6785651101052751, '_a5_': -0.009550243153139017, '_a0_': 1.0, '_a3_': 1.0, '_a6_': 1.0, '_a7_': 1.0}};{'d0': 0.024905833427222506};-276.475520663479;55.80755725989587
35659;-82.4302030718437;(_a2_ * ((((_a1_ * x) * pow2(((exp(_a5_) + x) + _a4_))) + x) + pow2((_a5_ * _a5_))));{'d0': {'_a1_': 2.3343125844987282, '_a2_': 1.4465761094684846, '_a4_': -0.6785651101052751, '_a5_': -0.009550243153139017, '_a0_': 1.0, '_a3_': 1.0, '_a6_': 1.0, '_a7_': 1.0}};{'d0': 0.024905833427222506};-276.475520663479;55.80755725989587
35660;-95.5729043432971;(((-((-(_a3_) + pow2((_a3_ + x)))) + _a0_) / log(_a2_)) * x);{'d0': {'_a0_': -0.740321335518629, '_a2_': 0.7436819762902446, '_a3_': 0.31192970777290097, '_a1_': 1.0, '_a4_': 1.0, '_a5_': 1.0, '_a6_': 1.0, '_a7_': 1.0}};{'d0': 0.024905832919416674};-280.569866449043;44.71202888122506
35661;-82.4302035482448;(_a2_ * ((((_a1_ * x) * pow2(((exp(_a5_) + x) + _a4_))) + x) + pow2((_a4_ * _a5_))));{'d0': {'_a1_': 2.334312764980072, '_a2_': 1.446576016630449, '_a4_': -0.6881345239662294, '_a5_': 6.419484645844437e-05, '_a0_': 1.0, '_a3_': 1.0, '_a6_': 1.0, '_a7_': 1.0}};{'d0': 0.02490583303171698};-276.475521616282;55.80755725989587
35662;-82.4302035482448;(_a2_ * ((((_a1_ * x) * pow2(((exp(_a5_) + x) + _a4_))) + x) + pow2((_a4_ * _a5_))));{'d0': {'_a1_': 2.334312764980072, '_a2_': 1.446576016630449, '_a4_': -0.6881345239662294, '_a5_': 6.419484645844437e-05, '_a0_': 1.0, '_a3_': 1.0, '_a6_': 1.0, '_a7_': 1.0}};{'d0': 0.02490583303171698};-276.475521616282;55.80755725989587
35663;-87.3795436052506;(_a2_ * ((((_a1_ * x) * pow2(((exp(_a5_) + x) + _a4_))) + x) + pow2(_a5_)));{'d0': {'_a1_': 2.334312442068077, '_a2_': 1.4465762470625416, '_a4_': -0.6880767034392805, '_a5_': 6.490812495775562e-06, '_a0_': 1.0, '_a3_': 1.0, '_a6_': 1.0, '_a7_': 1.0}};{'d0': 0.02490583292250586};-276.475521879379;50.858217334438876
35664;-86.7135676183421;(_a2_ * ((((_a1_ * x) * pow2(((exp(_a5_) ** x) + _a4_))) + x) + pow2(_a5_)));{'d0': {'_a1_': 16333.80441535253, '_a2_': 1.4503214066799754, '_a4_': -1.0037442347258523, '_a5_': -0.011885376469444408, '_a0_': 1.0, '_a3_': 1.0, '_a6_': 1.0, '_a7_': 1.0}};{'d0': 0.02484201367534282};-276.629464499702;51.60116463150888
35665;-86.7135676183421;(_a2_ * ((((_a1_ * x) * pow2(((exp(_a5_) ** x) + _a4_))) + x) + pow2(_a5_)));{'d0': {'_a1_': 16333.80441535253, '_a2_': 1.4503214066799754, '_a4_': -1.0037442347258523, '_a5_': -0.011885376469444408, '_a0_': 1.0, '_a3_': 1.0, '_a6_': 1.0, '_a7_': 1.0}};{'d0': 0.02484201367534282};-276.629464499702;51.60116463150888
35666;-86.7135676183421;(_a2_ * ((((_a1_ * x) * pow2(((exp(_a5_) ** x) + _a4_))) + x) + pow2(_a5_)));{'d0': {'_a1_': 16333.80441535253, '_a2_': 1.4503214066799754, '_a4_': -1.0037442347258523, '_a5_': -0.011885376469444408, '_a0_': 1.0, '_a3_': 1.0, '_a6_': 1.0, '_a7_': 1.0}};{'d0': 0.02484201367534282};-276.629464499702;51.60116463150888
35667;-86.7135676183421;(_a2_ * ((((_a1_ * x) * pow2(((exp(_a5_) ** x) + _a4_))) + x) + pow2(_a5_)));{'d0': {'_a1_': 16333.80441535253, '_a2_': 1.4503214066799754, '_a4_': -1.0037442347258523, '_a5_': -0.011885376469444408, '_a0_': 1.0, '_a3_': 1.0, '_a6_': 1.0, '_a7_': 1.0}};{'d0': 0.02484201367534282};-276.629464499702;51.60116463150888
35668;-86.7135676183421;(_a2_ * ((((_a1_ * x) * pow2(((exp(_a5_) ** x) + _a4_))) + x) + pow2(_a5_)));{'d0': {'_a1_': 16333.80441535253, '_a2_': 1.4503214066799754, '_a4_': -1.0037442347258523, '_a5_': -0.011885376469444408, '_a0_': 1.0, '_a3_': 1.0, '_a6_': 1.0, '_a7_': 1.0}};{'d0': 0.02484201367534282};-276.629464499702;51.60116463150888
35669;-86.7135676183421;(_a2_ * ((((_a1_ * x) * pow2(((exp(_a5_) ** x) + _a4_))) + x) + pow2(_a5_)));{'d0': {'_a1_': 16333.80441535253, '_a2_': 1.4503214066799754, '_a4_': -1.0037442347258523, '_a5_': -0.011885376469444408, '_a0_': 1.0, '_a3_': 1.0, '_a6_': 1.0, '_a7_': 1.0}};{'d0': 0.02484201367534282};-276.629464499702;51.60116463150888
35670;-86.7135676183421;(_a2_ * ((((_a1_ * x) * pow2(((exp(_a5_) ** x) + _a4_))) + x) + pow2(_a5_)));{'d0': {'_a1_': 16333.80441535253, '_a2_': 1.4503214066799754, '_a4_': -1.0037442347258523, '_a5_': -0.011885376469444408, '_a0_': 1.0, '_a3_': 1.0, '_a6_': 1.0, '_a7_': 1.0}};{'d0': 0.02484201367534282};-276.629464499702;51.60116463150888
35671;-86.7135676183421;(_a2_ * ((((_a1_ * x) * pow2(((exp(_a5_) ** x) + _a4_))) + x) + pow2(_a5_)));{'d0': {'_a1_': 16333.80441535253, '_a2_': 1.4503214066799754, '_a4_': -1.0037442347258523, '_a5_': -0.011885376469444408, '_a0_': 1.0, '_a3_': 1.0, '_a6_': 1.0, '_a7_': 1.0}};{'d0': 0.02484201367534282};-276.629464499702;51.60116463150888
35672;-86.7255530980835;(_a2_ * ((((_a1_ * x) * pow2(((exp(_a5_) ** x) + _a4_))) + x) + pow2(x)));{'d0': {'_a1_': 9784.92487885432, '_a2_': 1.7750782867034969, '_a4_': -1.0006964154451674, '_a5_': -0.013847485516924043, '_a0_': 1.0, '_a3_': 1.0, '_a6_': 1.0, '_a7_': 1.0}};{'d0': 0.02483209087591202};-276.653435459185;51.60116463150888
35673;-86.7255530980835;(_a2_ * ((((_a1_ * x) * pow2(((exp(_a5_) ** x) + _a4_))) + x) + pow2(x)));{'d0': {'_a1_': 9784.92487885432, '_a2_': 1.7750782867034969, '_a4_': -1.0006964154451674, '_a5_': -0.013847485516924043, '_a0_': 1.0, '_a3_': 1.0, '_a6_': 1.0, '_a7_': 1.0}};{'d0': 0.02483209087591202};-276.653435459185;51.60116463150888
35674;-90.4234847750983;(_a2_ * ((((_a1_ * x) * pow2(((exp(_a5_) ** x) + _a4_))) + x) + x));{'d0': {'_a1_': 24199.360525561537, '_a2_': 0.7252565741735718, '_a4_': -1.0043557399676553, '_a5_': -0.013800985584073883, '_a0_': 1.0, '_a3_': 1.0, '_a6_': 1.0, '_a7_': 1.0}};{'d0': 0.02483209318992789};-276.653429867995;47.90323015889888
35675;-90.4234847750983;(_a2_ * ((((_a1_ * x) * pow2(((exp(_a5_) ** x) + _a4_))) + x) + x));{'d0': {'_a1_': 24199.360525561537, '_a2_': 0.7252565741735718, '_a4_': -1.0043557399676553, '_a5_': -0.013800985584073883, '_a0_': 1.0, '_a3_': 1.0, '_a6_': 1.0, '_a7_': 1.0}};{'d0': 0.02483209318992789};-276.653429867995;47.90323015889888
35676;-90.4234847750983;(_a2_ * ((((_a1_ * x) * pow2(((exp(_a5_) ** x) + _a4_))) + x) + x));{'d0': {'_a1_': 24199.360525561537, '_a2_': 0.7252565741735718, '_a4_': -1.0043557399676553, '_a5_': -0.013800985584073883, '_a0_': 1.0, '_a3_': 1.0, '_a6_': 1.0, '_a7_': 1.0}};{'d0': 0.02483209318992789};-276.653429867995;47.90323015889888
35677;-90.4234847750983;(_a2_ * ((((_a1_ * x) * pow2(((exp(_a5_) ** x) + _a4_))) + x) + x));{'d0': {'_a1_': 24199.360525561537, '_a2_': 0.7252565741735718, '_a4_': -1.0043557399676553, '_a5_': -0.013800985584073883, '_a0_': 1.0, '_a3_': 1.0, '_a6_': 1.0, '_a7_': 1.0}};{'d0': 0.02483209318992789};-276.653429867995;47.90323015889888
35678;-90.4234847750983;(_a2_ * ((((_a1_ * x) * pow2(((exp(_a5_) ** x) + _a4_))) + x) + x));{'d0': {'_a1_': 24199.360525561537, '_a2_': 0.7252565741735718, '_a4_': -1.0043557399676553, '_a5_': -0.013800985584073883, '_a0_': 1.0, '_a3_': 1.0, '_a6_': 1.0, '_a7_': 1.0}};{'d0': 0.02483209318992789};-276.653429867995;47.90323015889888
35679;-90.4234847750983;(_a2_ * ((((_a1_ * x) * pow2(((exp(_a5_) ** x) + _a4_))) + x) + x));{'d0': {'_a1_': 24199.360525561537, '_a2_': 0.7252565741735718, '_a4_': -1.0043557399676553, '_a5_': -0.013800985584073883, '_a0_': 1.0, '_a3_': 1.0, '_a6_': 1.0, '_a7_': 1.0}};{'d0': 0.02483209318992789};-276.653429867995;47.90323015889888
35680;-90.4234847750983;(_a2_ * ((((_a1_ * x) * pow2(((exp(_a5_) ** x) + _a4_))) + x) + x));{'d0': {'_a1_': 24199.360525561537, '_a2_': 0.7252565741735718, '_a4_': -1.0043557399676553, '_a5_': -0.013800985584073883, '_a0_': 1.0, '_a3_': 1.0, '_a6_': 1.0, '_a7_': 1.0}};{'d0': 0.02483209318992789};-276.653429867995;47.90323015889888
35681;-90.4234847750983;(_a2_ * ((((_a1_ * x) * pow2(((exp(_a5_) ** x) + _a4_))) + x) + x));{'d0': {'_a1_': 24199.360525561537, '_a2_': 0.7252565741735718, '_a4_': -1.0043557399676553, '_a5_': -0.013800985584073883, '_a0_': 1.0, '_a3_': 1.0, '_a6_': 1.0, '_a7_': 1.0}};{'d0': 0.02483209318992789};-276.653429867995;47.90323015889888
35682;-90.4234847750983;(_a2_ * ((((_a1_ * x) * pow2(((exp(_a5_) ** x) + _a4_))) + x) + x));{'d0': {'_a1_': 24199.360525561537, '_a2_': 0.7252565741735718, '_a4_': -1.0043557399676553, '_a5_': -0.013800985584073883, '_a0_': 1.0, '_a3_': 1.0, '_a6_': 1.0, '_a7_': 1.0}};{'d0': 0.02483209318992789};-276.653429867995;47.90323015889888
35683;-90.4234847750983;(_a2_ * ((((_a1_ * x) * pow2(((exp(_a5_) ** x) + _a4_))) + x) + x));{'d0': {'_a1_': 24199.360525561537, '_a2_': 0.7252565741735718, '_a4_': -1.0043557399676553, '_a5_': -0.013800985584073883, '_a0_': 1.0, '_a3_': 1.0, '_a6_': 1.0, '_a7_': 1.0}};{'d0': 0.02483209318992789};-276.653429867995;47.90323015889888
35684;-90.4234847750983;(_a2_ * ((((_a1_ * x) * pow2(((exp(_a5_) ** x) + _a4_))) + x) + x));{'d0': {'_a1_': 24199.360525561537, '_a2_': 0.7252565741735718, '_a4_': -1.0043557399676553, '_a5_': -0.013800985584073883, '_a0_': 1.0, '_a3_': 1.0, '_a6_': 1.0, '_a7_': 1.0}};{'d0': 0.02483209318992789};-276.653429867995;47.90323015889888
35685;-90.4234847750983;(_a2_ * ((((_a1_ * x) * pow2(((exp(_a5_) ** x) + _a4_))) + x) + x));{'d0': {'_a1_': 24199.360525561537, '_a2_': 0.7252565741735718, '_a4_': -1.0043557399676553, '_a5_': -0.013800985584073883, '_a0_': 1.0, '_a3_': 1.0, '_a6_': 1.0, '_a7_': 1.0}};{'d0': 0.02483209318992789};-276.653429867995;47.90323015889888
35686;-90.4234847750983;(_a2_ * ((((_a1_ * x) * pow2(((exp(_a5_) ** x) + _a4_))) + x) + x));{'d0': {'_a1_': 24199.360525561537, '_a2_': 0.7252565741735718, '_a4_': -1.0043557399676553, '_a5_': -0.013800985584073883, '_a0_': 1.0, '_a3_': 1.0, '_a6_': 1.0, '_a7_': 1.0}};{'d0': 0.02483209318992789};-276.653429867995;47.90323015889888
35687;-90.4234847750983;(_a2_ * ((((_a1_ * x) * pow2(((exp(_a5_) ** x) + _a4_))) + x) + x));{'d0': {'_a1_': 24199.360525561537, '_a2_': 0.7252565741735718, '_a4_': -1.0043557399676553, '_a5_': -0.013800985584073883, '_a0_': 1.0, '_a3_': 1.0, '_a6_': 1.0, '_a7_': 1.0}};{'d0': 0.02483209318992789};-276.653429867995;47.90323015889888
35688;-65.2743475117874;(((_a5_ + ((_a2_ + (-(_a6_) * (_a1_ * x))) * (x / _a5_))) + x) * ((_a5_ * (((_a2_ / _a1_) * _a2_) * x)) * _a1_));{'d0': {'_a1_': 3.26083002454558, '_a2_': 0.9459098616067391, '_a5_': 1.4085296379554157, '_a6_': -1.1573710064860938, '_a0_': 1.0, '_a3_': 1.0, '_a4_': 1.0, '_a7_': 1.0}};{'d0': 0.024905832920063486};-276.475521885263;72.96341343084413
35689;-65.2743475117874;(((_a5_ + ((_a2_ + (-(_a6_) * (_a1_ * x))) * (x / _a5_))) + x) * ((_a5_ * (((_a2_ / _a1_) * _a2_) * x)) * _a1_));{'d0': {'_a1_': 3.26083002454558, '_a2_': 0.9459098616067391, '_a5_': 1.4085296379554157, '_a6_': -1.1573710064860938, '_a0_': 1.0, '_a3_': 1.0, '_a4_': 1.0, '_a7_': 1.0}};{'d0': 0.024905832920063486};-276.475521885263;72.96341343084413
35690;-65.2743475117874;(((_a5_ + ((_a2_ + (-(_a6_) * (_a1_ * x))) * (x / _a5_))) + x) * ((_a5_ * (((_a2_ / _a1_) * _a2_) * x)) * _a1_));{'d0': {'_a1_': 3.26083002454558, '_a2_': 0.9459098616067391, '_a5_': 1.4085296379554157, '_a6_': -1.1573710064860938, '_a0_': 1.0, '_a3_': 1.0, '_a4_': 1.0, '_a7_': 1.0}};{'d0': 0.024905832920063486};-276.475521885263;72.96341343084413
35691;-65.2743475083325;(((_a5_ + ((_a2_ + (-(_a6_) * (_a1_ * x))) * (x / _a5_))) + x) * ((_a2_ * (((_a2_ / _a1_) * _a2_) * x)) * _a1_));{'d0': {'_a1_': 3.4187923960742563, '_a2_': 1.067526220733031, '_a5_': 1.4591362021074707, '_a6_': -1.1846434615133887, '_a0_': 1.0, '_a3_': 1.0, '_a4_': 1.0, '_a7_': 1.0}};{'d0': 0.024905832922931713};-276.475521878353;72.96341343084413
35692;-65.2743475123431;(((_a5_ + ((_a2_ + (-(_a6_) * (_a1_ * x))) * (x / _a5_))) + x) * ((_a6_ * (((_a2_ / _a1_) * _a2_) * x)) * _a1_));{'d0': {'_a1_': -13.894042040956261, '_a2_': 1.6588614227587581, '_a5_': 1.6764490335621274, '_a6_': 0.38478745830567485, '_a0_': 1.0, '_a3_': 1.0, '_a4_': 1.0, '_a7_': 1.0}};{'d0': 0.024905832919602168};-276.475521886375;72.96341343084413
35693;-65.2743475123431;(((_a5_ + ((_a2_ + (-(_a6_) * (_a1_ * x))) * (x / _a5_))) + x) * ((_a6_ * (((_a2_ / _a1_) * _a2_) * x)) * _a1_));{'d0': {'_a1_': -13.894042040956261, '_a2_': 1.6588614227587581, '_a5_': 1.6764490335621274, '_a6_': 0.38478745830567485, '_a0_': 1.0, '_a3_': 1.0, '_a4_': 1.0, '_a7_': 1.0}};{'d0': 0.024905832919602168};-276.475521886375;72.96341343084413
35694;-65.2743475123431;(((_a5_ + ((_a2_ + (-(_a6_) * (_a1_ * x))) * (x / _a5_))) + x) * ((_a6_ * (((_a2_ / _a1_) * _a2_) * x)) * _a1_));{'d0': {'_a1_': -13.894042040956261, '_a2_': 1.6588614227587581, '_a5_': 1.6764490335621274, '_a6_': 0.38478745830567485, '_a0_': 1.0, '_a3_': 1.0, '_a4_': 1.0, '_a7_': 1.0}};{'d0': 0.024905832919602168};-276.475521886375;72.96341343084413
35695;-65.2743475123431;(((_a5_ + ((_a2_ + (-(_a6_) * (_a1_ * x))) * (x / _a5_))) + x) * ((_a6_ * (((_a2_ / _a1_) * _a2_) * x)) * _a1_));{'d0': {'_a1_': -13.894042040956261, '_a2_': 1.6588614227587581, '_a5_': 1.6764490335621274, '_a6_': 0.38478745830567485, '_a0_': 1.0, '_a3_': 1.0, '_a4_': 1.0, '_a7_': 1.0}};{'d0': 0.024905832919602168};-276.475521886375;72.96341343084413
35696;-64.5925155342332;(((_a5_ + ((_a2_ + (-(_a6_) + (_a1_ * x))) * (x / _a5_))) + x) * ((_a6_ * (((_a2_ / _a1_) * _a2_) * x)) * _a1_));{'d0': {'_a1_': 4.936363365517641, '_a2_': 1.8063980443896623, '_a5_': 1.6109021077787915, '_a6_': 0.33770338836954356, '_a0_': 1.0, '_a3_': 1.0, '_a4_': 1.0, '_a7_': 1.0}};{'d0': 0.024905832919456816};-276.475521886725;73.64524540912913
35697;-64.5925155342332;(((_a5_ + ((_a2_ + (-(_a6_) + (_a1_ * x))) * (x / _a5_))) + x) * ((_a6_ * (((_a2_ / _a1_) * _a2_) * x)) * _a1_));{'d0': {'_a1_': 4.936363365517641, '_a2_': 1.8063980443896623, '_a5_': 1.6109021077787915, '_a6_': 0.33770338836954356, '_a0_': 1.0, '_a3_': 1.0, '_a4_': 1.0, '_a7_': 1.0}};{'d0': 0.024905832919456816};-276.475521886725;73.64524540912913
35698;-64.5925155342332;(((_a5_ + ((_a2_ + (-(_a6_) + (_a1_ * x))) * (x / _a5_))) + x) * ((_a6_ * (((_a2_ / _a1_) * _a2_) * x)) * _a1_));{'d0': {'_a1_': 4.936363365517641, '_a2_': 1.8063980443896623, '_a5_': 1.6109021077787915, '_a6_': 0.33770338836954356, '_a0_': 1.0, '_a3_': 1.0, '_a4_': 1.0, '_a7_': 1.0}};{'d0': 0.024905832919456816};-276.475521886725;73.64524540912913
35699;-64.5925155342332;(((_a5_ + ((_a2_ + (-(_a6_) + (_a1_ * x))) * (x / _a5_))) + x) * ((_a6_ * (((_a2_ / _a1_) * _a2_) * x)) * _a1_));{'d0': {'_a1_': 4.936363365517641, '_a2_': 1.8063980443896623, '_a5_': 1.6109021077787915, '_a6_': 0.33770338836954356, '_a0_': 1.0, '_a3_': 1.0, '_a4_': 1.0, '_a7_': 1.0}};{'d0': 0.024905832919456816};-276.475521886725;73.64524540912913
35700;-64.5925155342332;(((_a5_ + ((_a2_ + (-(_a6_) + (_a1_ * x))) * (x / _a5_))) + x) * ((_a6_ * (((_a2_ / _a1_) * _a2_) * x)) * _a1_));{'d0': {'_a1_': 4.936363365517641, '_a2_': 1.8063980443896623, '_a5_': 1.6109021077787915, '_a6_': 0.33770338836954356, '_a0_': 1.0, '_a3_': 1.0, '_a4_': 1.0, '_a7_': 1.0}};{'d0': 0.024905832919456816};-276.475521886725;73.64524540912913
35701;-96.0073017379666;(((-((-(_a3_) + pow2((_a4_ + x)))) + _a0_) * (_a4_ + _a0_)) * x);{'d0': {'_a0_': -3.688690587608711, '_a3_': 3.2602989600676957, '_a4_': 0.31192970785383684, '_a1_': 1.0, '_a2_': 1.0, '_a5_': 1.0, '_a6_': 1.0, '_a7_': 1.0}};{'d0': 0.02490583291941658};-280.569866449044;44.277631486555656
35702;-96.0073017379666;(((-((-(_a3_) + pow2((_a4_ + x)))) + _a0_) * (_a4_ + _a0_)) * x);{'d0': {'_a0_': -3.688690587608711, '_a3_': 3.2602989600676957, '_a4_': 0.31192970785383684, '_a1_': 1.0, '_a2_': 1.0, '_a5_': 1.0, '_a6_': 1.0, '_a7_': 1.0}};{'d0': 0.02490583291941658};-280.569866449044;44.277631486555656
35703;-96.0073017379666;(((-((-(_a3_) + pow2((_a4_ + x)))) + _a0_) * (_a4_ + _a0_)) * x);{'d0': {'_a0_': -3.688690587608711, '_a3_': 3.2602989600676957, '_a4_': 0.31192970785383684, '_a1_': 1.0, '_a2_': 1.0, '_a5_': 1.0, '_a6_': 1.0, '_a7_': 1.0}};{'d0': 0.02490583291941658};-280.569866449044;44.277631486555656
35704;-96.0073017379666;(((-((-(_a3_) + pow2((_a4_ + x)))) + _a0_) * (_a4_ + _a0_)) * x);{'d0': {'_a0_': -3.688690587608711, '_a3_': 3.2602989600676957, '_a4_': 0.31192970785383684, '_a1_': 1.0, '_a2_': 1.0, '_a5_': 1.0, '_a6_': 1.0, '_a7_': 1.0}};{'d0': 0.02490583291941658};-280.569866449044;44.277631486555656
35705;-99.8807305053031;(((-((-(_a3_) + pow2((_a4_ + x)))) + _a0_) * _a5_) * x);{'d0': {'_a0_': -428.33642150699154, '_a3_': 427.9080298265304, '_a4_': 0.3119297078279888, '_a5_': -3.3767608776486204, '_a1_': 1.0, '_a2_': 1.0, '_a6_': 1.0, '_a7_': 1.0}};{'d0': 0.024905832919900114};-276.475521885657;38.35703043752566
35706;-99.8807305053031;(((-((-(_a3_) + pow2((_a4_ + x)))) + _a0_) * _a5_) * x);{'d0': {'_a0_': -428.33642150699154, '_a3_': 427.9080298265304, '_a4_': 0.3119297078279888, '_a5_': -3.3767608776486204, '_a1_': 1.0, '_a2_': 1.0, '_a6_': 1.0, '_a7_': 1.0}};{'d0': 0.024905832919900114};-276.475521885657;38.35703043752566
35707;-101.927902786996;(((-((-(_a3_) + pow2((_a0_ + x)))) + _a0_) * _a5_) * x);{'d0': {'_a0_': 0.3119297077736326, '_a3_': -0.7403213358581665, '_a5_': -3.376760876928429, '_a1_': 1.0, '_a2_': 1.0, '_a4_': 1.0, '_a6_': 1.0, '_a7_': 1.0}};{'d0': 0.02490583291941668};-280.569866449043;38.35703043752566
35708;-101.927902786996;(((-((-(_a3_) + pow2((_a0_ + x)))) + _a0_) * _a5_) * x);{'d0': {'_a0_': 0.3119297077736326, '_a3_': -0.7403213358581665, '_a5_': -3.376760876928429, '_a1_': 1.0, '_a2_': 1.0, '_a4_': 1.0, '_a6_': 1.0, '_a7_': 1.0}};{'d0': 0.02490583291941668};-280.569866449043;38.35703043752566
35709;-101.927902786996;(((-((-(_a3_) + pow2((_a0_ + x)))) + _a0_) * _a5_) * x);{'d0': {'_a0_': 0.3119297077736326, '_a3_': -0.7403213358581665, '_a5_': -3.376760876928429, '_a1_': 1.0, '_a2_': 1.0, '_a4_': 1.0, '_a6_': 1.0, '_a7_': 1.0}};{'d0': 0.02490583291941668};-280.569866449043;38.35703043752566
35710;-101.927902786996;(((-((-(_a3_) + pow2((_a0_ + x)))) + _a0_) * _a5_) * x);{'d0': {'_a0_': 0.3119297077736326, '_a3_': -0.7403213358581665, '_a5_': -3.376760876928429, '_a1_': 1.0, '_a2_': 1.0, '_a4_': 1.0, '_a6_': 1.0, '_a7_': 1.0}};{'d0': 0.02490583291941668};-280.569866449043;38.35703043752566
35711;-98.2469454707346;(((-((-(-(_a1_)) + pow2((_a0_ + x)))) + _a0_) * _a5_) * x);{'d0': {'_a0_': 0.31192970775845397, '_a1_': 0.7403213354294869, '_a5_': -3.3767608788160346, '_a2_': 1.0, '_a3_': 1.0, '_a4_': 1.0, '_a6_': 1.0, '_a7_': 1.0}};{'d0': 0.02490583291941662};-280.569866449044;42.03798775378761
35712;-98.2469454707346;(((-((-(-(_a1_)) + pow2((_a0_ + x)))) + _a0_) * _a5_) * x);{'d0': {'_a0_': 0.31192970775845397, '_a1_': 0.7403213354294869, '_a5_': -3.3767608788160346, '_a2_': 1.0, '_a3_': 1.0, '_a4_': 1.0, '_a6_': 1.0, '_a7_': 1.0}};{'d0': 0.02490583291941662};-280.569866449044;42.03798775378761
35713;-98.2469454707346;(((-((-(-(_a1_)) + pow2((_a0_ + x)))) + _a0_) * _a5_) * x);{'d0': {'_a0_': 0.31192970775845397, '_a1_': 0.7403213354294869, '_a5_': -3.3767608788160346, '_a2_': 1.0, '_a3_': 1.0, '_a4_': 1.0, '_a6_': 1.0, '_a7_': 1.0}};{'d0': 0.02490583291941662};-280.569866449044;42.03798775378761
35714;-98.2469454707346;(((-((-(-(_a1_)) + pow2((_a0_ + x)))) + _a0_) * _a5_) * x);{'d0': {'_a0_': 0.31192970775845397, '_a1_': 0.7403213354294869, '_a5_': -3.3767608788160346, '_a2_': 1.0, '_a3_': 1.0, '_a4_': 1.0, '_a6_': 1.0, '_a7_': 1.0}};{'d0': 0.02490583291941662};-280.569866449044;42.03798775378761
35715;-98.2469454707346;(((-((-(-(_a1_)) + pow2((_a0_ + x)))) + _a0_) * _a5_) * x);{'d0': {'_a0_': 0.31192970775845397, '_a1_': 0.7403213354294869, '_a5_': -3.3767608788160346, '_a2_': 1.0, '_a3_': 1.0, '_a4_': 1.0, '_a6_': 1.0, '_a7_': 1.0}};{'d0': 0.02490583291941662};-280.569866449044;42.03798775378761
35716;-98.2469454707346;(((-((-(-(_a1_)) + pow2((_a0_ + x)))) + _a0_) * _a5_) * x);{'d0': {'_a0_': 0.31192970775845397, '_a1_': 0.7403213354294869, '_a5_': -3.3767608788160346, '_a2_': 1.0, '_a3_': 1.0, '_a4_': 1.0, '_a6_': 1.0, '_a7_': 1.0}};{'d0': 0.02490583291941662};-280.569866449044;42.03798775378761
35717;-98.2469454707346;(((-((-(-(_a1_)) + pow2((_a0_ + x)))) + _a0_) * _a5_) * x);{'d0': {'_a0_': 0.31192970775845397, '_a1_': 0.7403213354294869, '_a5_': -3.3767608788160346, '_a2_': 1.0, '_a3_': 1.0, '_a4_': 1.0, '_a6_': 1.0, '_a7_': 1.0}};{'d0': 0.02490583291941662};-280.569866449044;42.03798775378761
35718;-98.2469454707346;(((-((-(-(_a1_)) + pow2((_a0_ + x)))) + _a0_) * _a5_) * x);{'d0': {'_a0_': 0.31192970775845397, '_a1_': 0.7403213354294869, '_a5_': -3.3767608788160346, '_a2_': 1.0, '_a3_': 1.0, '_a4_': 1.0, '_a6_': 1.0, '_a7_': 1.0}};{'d0': 0.02490583291941662};-280.569866449044;42.03798775378761
35719;-98.2469454707346;(((-((-(-(_a1_)) + pow2((_a0_ + x)))) + _a0_) * _a5_) * x);{'d0': {'_a0_': 0.31192970775845397, '_a1_': 0.7403213354294869, '_a5_': -3.3767608788160346, '_a2_': 1.0, '_a3_': 1.0, '_a4_': 1.0, '_a6_': 1.0, '_a7_': 1.0}};{'d0': 0.02490583291941662};-280.569866449044;42.03798775378761
35720;-98.2469454707346;(((-((-(-(_a1_)) + pow2((_a0_ + x)))) + _a0_) * _a5_) * x);{'d0': {'_a0_': 0.31192970775845397, '_a1_': 0.7403213354294869, '_a5_': -3.3767608788160346, '_a2_': 1.0, '_a3_': 1.0, '_a4_': 1.0, '_a6_': 1.0, '_a7_': 1.0}};{'d0': 0.02490583291941662};-280.569866449044;42.03798775378761
35721;-98.2469454707346;(((-((-(-(_a1_)) + pow2((_a0_ + x)))) + _a0_) * _a5_) * x);{'d0': {'_a0_': 0.31192970775845397, '_a1_': 0.7403213354294869, '_a5_': -3.3767608788160346, '_a2_': 1.0, '_a3_': 1.0, '_a4_': 1.0, '_a6_': 1.0, '_a7_': 1.0}};{'d0': 0.02490583291941662};-280.569866449044;42.03798775378761
35722;-98.2469454707346;(((-((-(-(_a1_)) + pow2((_a0_ + x)))) + _a0_) * _a5_) * x);{'d0': {'_a0_': 0.31192970775845397, '_a1_': 0.7403213354294869, '_a5_': -3.3767608788160346, '_a2_': 1.0, '_a3_': 1.0, '_a4_': 1.0, '_a6_': 1.0, '_a7_': 1.0}};{'d0': 0.02490583291941662};-280.569866449044;42.03798775378761
35723;-98.2469454707346;(((-((-(-(_a1_)) + pow2((_a0_ + x)))) + _a0_) * _a5_) * x);{'d0': {'_a0_': 0.31192970775845397, '_a1_': 0.7403213354294869, '_a5_': -3.3767608788160346, '_a2_': 1.0, '_a3_': 1.0, '_a4_': 1.0, '_a6_': 1.0, '_a7_': 1.0}};{'d0': 0.02490583291941662};-280.569866449044;42.03798775378761
35724;-98.2469454707345;(((-((-(-(_a1_)) + pow2((_a0_ + x)))) + _a5_) * _a5_) * x);{'d0': {'_a0_': 0.3119297077041064, '_a1_': -2.9483692487133544, '_a5_': -3.3767608767677495, '_a2_': 1.0, '_a3_': 1.0, '_a4_': 1.0, '_a6_': 1.0, '_a7_': 1.0}};{'d0': 0.02490583291941665};-280.569866449044;42.03798775378761
35725;-98.2469454707345;(((-((-(-(_a1_)) + pow2((_a0_ + x)))) + _a5_) * _a5_) * x);{'d0': {'_a0_': 0.3119297077041064, '_a1_': -2.9483692487133544, '_a5_': -3.3767608767677495, '_a2_': 1.0, '_a3_': 1.0, '_a4_': 1.0, '_a6_': 1.0, '_a7_': 1.0}};{'d0': 0.02490583291941665};-280.569866449044;42.03798775378761
35726;-98.2469454707345;(((-((-(-(_a1_)) + pow2((_a0_ + x)))) + _a5_) * _a5_) * x);{'d0': {'_a0_': 0.3119297077041064, '_a1_': -2.9483692487133544, '_a5_': -3.3767608767677495, '_a2_': 1.0, '_a3_': 1.0, '_a4_': 1.0, '_a6_': 1.0, '_a7_': 1.0}};{'d0': 0.02490583291941665};-280.569866449044;42.03798775378761
35727;-98.2469454707345;(((-((-(-(_a1_)) + pow2((_a0_ + x)))) + _a5_) * _a5_) * x);{'d0': {'_a0_': 0.3119297077041064, '_a1_': -2.9483692487133544, '_a5_': -3.3767608767677495, '_a2_': 1.0, '_a3_': 1.0, '_a4_': 1.0, '_a6_': 1.0, '_a7_': 1.0}};{'d0': 0.02490583291941665};-280.569866449044;42.03798775378761
35728;-95.0037478665847;(((-((-((_a2_ * _a6_)) + pow2((_a0_ + x)))) + _a5_) * _a5_) * x);{'d0': {'_a0_': 0.31192970781795476, '_a2_': 1.2080521930871757, '_a5_': -3.3767608798915307, '_a6_': 2.440597551387561, '_a1_': 1.0, '_a3_': 1.0, '_a4_': 1.0, '_a7_': 1.0}};{'d0': 0.024905832919554248};-276.475521886490;43.23401307666066
35729;-72.0625132199608;(((_a5_ + ((_a2_ + (_a2_ + (_a1_ * x))) * (x / _a5_))) + x) * ((_a6_ * ((_a0_ * _a2_) * x)) * _a1_));{'d0': {'_a0_': 2.9599620548269607, '_a1_': 3.659813542637702, '_a2_': 0.44807485306153116, '_a5_': 1.387059431950769, '_a6_': 0.2636578390797412, '_a3_': 1.0, '_a4_': 1.0, '_a7_': 1.0}};{'d0': 0.024905832920759298};-272.381177321365;64.12807544072155
35730;-72.0625132199608;(((_a5_ + ((_a2_ + (_a2_ + (_a1_ * x))) * (x / _a5_))) + x) * ((_a6_ * ((_a0_ * _a2_) * x)) * _a1_));{'d0': {'_a0_': 2.9599620548269607, '_a1_': 3.659813542637702, '_a2_': 0.44807485306153116, '_a5_': 1.387059431950769, '_a6_': 0.2636578390797412, '_a3_': 1.0, '_a4_': 1.0, '_a7_': 1.0}};{'d0': 0.024905832920759298};-272.381177321365;64.12807544072155
35731;-72.0625132199608;(((_a5_ + ((_a2_ + (_a2_ + (_a1_ * x))) * (x / _a5_))) + x) * ((_a6_ * ((_a0_ * _a2_) * x)) * _a1_));{'d0': {'_a0_': 2.9599620548269607, '_a1_': 3.659813542637702, '_a2_': 0.44807485306153116, '_a5_': 1.387059431950769, '_a6_': 0.2636578390797412, '_a3_': 1.0, '_a4_': 1.0, '_a7_': 1.0}};{'d0': 0.024905832920759298};-272.381177321365;64.12807544072155
35732;-72.0625132199608;(((_a5_ + ((_a2_ + (_a2_ + (_a1_ * x))) * (x / _a5_))) + x) * ((_a6_ * ((_a0_ * _a2_) * x)) * _a1_));{'d0': {'_a0_': 2.9599620548269607, '_a1_': 3.659813542637702, '_a2_': 0.44807485306153116, '_a5_': 1.387059431950769, '_a6_': 0.2636578390797412, '_a3_': 1.0, '_a4_': 1.0, '_a7_': 1.0}};{'d0': 0.024905832920759298};-272.381177321365;64.12807544072155
35733;-72.0625132199608;(((_a5_ + ((_a2_ + (_a2_ + (_a1_ * x))) * (x / _a5_))) + x) * ((_a6_ * ((_a0_ * _a2_) * x)) * _a1_));{'d0': {'_a0_': 2.9599620548269607, '_a1_': 3.659813542637702, '_a2_': 0.44807485306153116, '_a5_': 1.387059431950769, '_a6_': 0.2636578390797412, '_a3_': 1.0, '_a4_': 1.0, '_a7_': 1.0}};{'d0': 0.024905832920759298};-272.381177321365;64.12807544072155
35734;-72.0625132199608;(((_a5_ + ((_a2_ + (_a2_ + (_a1_ * x))) * (x / _a5_))) + x) * ((_a6_ * ((_a0_ * _a2_) * x)) * _a1_));{'d0': {'_a0_': 2.9599620548269607, '_a1_': 3.659813542637702, '_a2_': 0.44807485306153116, '_a5_': 1.387059431950769, '_a6_': 0.2636578390797412, '_a3_': 1.0, '_a4_': 1.0, '_a7_': 1.0}};{'d0': 0.024905832920759298};-272.381177321365;64.12807544072155
35735;-72.0625132199608;(((_a5_ + ((_a2_ + (_a2_ + (_a1_ * x))) * (x / _a5_))) + x) * ((_a6_ * ((_a0_ * _a2_) * x)) * _a1_));{'d0': {'_a0_': 2.9599620548269607, '_a1_': 3.659813542637702, '_a2_': 0.44807485306153116, '_a5_': 1.387059431950769, '_a6_': 0.2636578390797412, '_a3_': 1.0, '_a4_': 1.0, '_a7_': 1.0}};{'d0': 0.024905832920759298};-272.381177321365;64.12807544072155
35736;-72.0625132199608;(((_a5_ + ((_a2_ + (_a2_ + (_a1_ * x))) * (x / _a5_))) + x) * ((_a6_ * ((_a0_ * _a2_) * x)) * _a1_));{'d0': {'_a0_': 2.9599620548269607, '_a1_': 3.659813542637702, '_a2_': 0.44807485306153116, '_a5_': 1.387059431950769, '_a6_': 0.2636578390797412, '_a3_': 1.0, '_a4_': 1.0, '_a7_': 1.0}};{'d0': 0.024905832920759298};-272.381177321365;64.12807544072155
35737;-74.1828578237675;(((_a5_ + ((_a2_ + (_a2_ + (_a1_ * x))) * -(x))) + x) * ((_a6_ * ((_a0_ * _a2_) * x)) * _a1_));{'d0': {'_a0_': 6.743670584677272, '_a1_': -2.183678178328515, '_a2_': -0.18115409620130538, '_a5_': 1.1479416462083638, '_a6_': 0.5796668298483569, '_a3_': 1.0, '_a4_': 1.0, '_a7_': 1.0}};{'d0': 0.024905832922698053};-272.381177316694;62.00773083457953
35738;-74.1828578237675;(((_a5_ + ((_a2_ + (_a2_ + (_a1_ * x))) * -(x))) + x) * ((_a6_ * ((_a0_ * _a2_) * x)) * _a1_));{'d0': {'_a0_': 6.743670584677272, '_a1_': -2.183678178328515, '_a2_': -0.18115409620130538, '_a5_': 1.1479416462083638, '_a6_': 0.5796668298483569, '_a3_': 1.0, '_a4_': 1.0, '_a7_': 1.0}};{'d0': 0.024905832922698053};-272.381177316694;62.00773083457953
35739;-74.1828578237675;(((_a5_ + ((_a2_ + (_a2_ + (_a1_ * x))) * -(x))) + x) * ((_a6_ * ((_a0_ * _a2_) * x)) * _a1_));{'d0': {'_a0_': 6.743670584677272, '_a1_': -2.183678178328515, '_a2_': -0.18115409620130538, '_a5_': 1.1479416462083638, '_a6_': 0.5796668298483569, '_a3_': 1.0, '_a4_': 1.0, '_a7_': 1.0}};{'d0': 0.024905832922698053};-272.381177316694;62.00773083457953
35740;-74.1828578237675;(((_a5_ + ((_a2_ + (_a2_ + (_a1_ * x))) * -(x))) + x) * ((_a6_ * ((_a0_ * _a2_) * x)) * _a1_));{'d0': {'_a0_': 6.743670584677272, '_a1_': -2.183678178328515, '_a2_': -0.18115409620130538, '_a5_': 1.1479416462083638, '_a6_': 0.5796668298483569, '_a3_': 1.0, '_a4_': 1.0, '_a7_': 1.0}};{'d0': 0.024905832922698053};-272.381177316694;62.00773083457953
35741;-74.1828578237675;(((_a5_ + ((_a2_ + (_a2_ + (_a1_ * x))) * -(x))) + x) * ((_a6_ * ((_a0_ * _a2_) * x)) * _a1_));{'d0': {'_a0_': 6.743670584677272, '_a1_': -2.183678178328515, '_a2_': -0.18115409620130538, '_a5_': 1.1479416462083638, '_a6_': 0.5796668298483569, '_a3_': 1.0, '_a4_': 1.0, '_a7_': 1.0}};{'d0': 0.024905832922698053};-272.381177316694;62.00773083457953
35742;-74.1828578237675;(((_a5_ + ((_a2_ + (_a2_ + (_a1_ * x))) * -(x))) + x) * ((_a6_ * ((_a0_ * _a2_) * x)) * _a1_));{'d0': {'_a0_': 6.743670584677272, '_a1_': -2.183678178328515, '_a2_': -0.18115409620130538, '_a5_': 1.1479416462083638, '_a6_': 0.5796668298483569, '_a3_': 1.0, '_a4_': 1.0, '_a7_': 1.0}};{'d0': 0.024905832922698053};-272.381177316694;62.00773083457953
35743;-74.1828578237675;(((_a5_ + ((_a2_ + (_a2_ + (_a1_ * x))) * -(x))) + x) * ((_a6_ * ((_a0_ * _a2_) * x)) * _a1_));{'d0': {'_a0_': 6.743670584677272, '_a1_': -2.183678178328515, '_a2_': -0.18115409620130538, '_a5_': 1.1479416462083638, '_a6_': 0.5796668298483569, '_a3_': 1.0, '_a4_': 1.0, '_a7_': 1.0}};{'d0': 0.024905832922698053};-272.381177316694;62.00773083457953
35744;-74.1828578237675;(((_a5_ + ((_a2_ + (_a2_ + (_a1_ * x))) * -(x))) + x) * ((_a6_ * ((_a0_ * _a2_) * x)) * _a1_));{'d0': {'_a0_': 6.743670584677272, '_a1_': -2.183678178328515, '_a2_': -0.18115409620130538, '_a5_': 1.1479416462083638, '_a6_': 0.5796668298483569, '_a3_': 1.0, '_a4_': 1.0, '_a7_': 1.0}};{'d0': 0.024905832922698053};-272.381177316694;62.00773083457953
35745;-74.1828578237675;(((_a5_ + ((_a2_ + (_a2_ + (_a1_ * x))) * -(x))) + x) * ((_a6_ * ((_a0_ * _a2_) * x)) * _a1_));{'d0': {'_a0_': 6.743670584677272, '_a1_': -2.183678178328515, '_a2_': -0.18115409620130538, '_a5_': 1.1479416462083638, '_a6_': 0.5796668298483569, '_a3_': 1.0, '_a4_': 1.0, '_a7_': 1.0}};{'d0': 0.024905832922698053};-272.381177316694;62.00773083457953
35746;-79.3492695967865;(((_a5_ + ((_a2_ + (_a2_ + (_a1_ * x))) * -(x))) + x) * ((_a6_ * (_a0_ * x)) * _a1_));{'d0': {'_a0_': 37.32477521412441, '_a1_': -0.38154501531339235, '_a2_': 0.38098477487706556, '_a5_': 0.20057507472236036, '_a6_': -0.6214574133282961, '_a3_': 1.0, '_a4_': 1.0, '_a7_': 1.0}};{'d0': 0.024905832932165674};-272.381177293886;56.841319050156535
35747;-79.3492695967865;(((_a5_ + ((_a2_ + (_a2_ + (_a1_ * x))) * -(x))) + x) * ((_a6_ * (_a0_ * x)) * _a1_));{'d0': {'_a0_': 37.32477521412441, '_a1_': -0.38154501531339235, '_a2_': 0.38098477487706556, '_a5_': 0.20057507472236036, '_a6_': -0.6214574133282961, '_a3_': 1.0, '_a4_': 1.0, '_a7_': 1.0}};{'d0': 0.024905832932165674};-272.381177293886;56.841319050156535
35748;-79.3492695967865;(((_a5_ + ((_a2_ + (_a2_ + (_a1_ * x))) * -(x))) + x) * ((_a6_ * (_a0_ * x)) * _a1_));{'d0': {'_a0_': 37.32477521412441, '_a1_': -0.38154501531339235, '_a2_': 0.38098477487706556, '_a5_': 0.20057507472236036, '_a6_': -0.6214574133282961, '_a3_': 1.0, '_a4_': 1.0, '_a7_': 1.0}};{'d0': 0.024905832932165674};-272.381177293886;56.841319050156535
35749;-79.3492695967865;(((_a5_ + ((_a2_ + (_a2_ + (_a1_ * x))) * -(x))) + x) * ((_a6_ * (_a0_ * x)) * _a1_));{'d0': {'_a0_': 37.32477521412441, '_a1_': -0.38154501531339235, '_a2_': 0.38098477487706556, '_a5_': 0.20057507472236036, '_a6_': -0.6214574133282961, '_a3_': 1.0, '_a4_': 1.0, '_a7_': 1.0}};{'d0': 0.024905832932165674};-272.381177293886;56.841319050156535
35750;-79.3492695967865;(((_a5_ + ((_a2_ + (_a2_ + (_a1_ * x))) * -(x))) + x) * ((_a6_ * (_a0_ * x)) * _a1_));{'d0': {'_a0_': 37.32477521412441, '_a1_': -0.38154501531339235, '_a2_': 0.38098477487706556, '_a5_': 0.20057507472236036, '_a6_': -0.6214574133282961, '_a3_': 1.0, '_a4_': 1.0, '_a7_': 1.0}};{'d0': 0.024905832932165674};-272.381177293886;56.841319050156535
35751;-80.1034588762449;(((_a5_ + ((_a2_ + (_a2_ * (_a1_ * x))) * -(x))) + x) * ((_a6_ * (_a0_ * x)) * _a1_));{'d0': {'_a0_': 60.66320298137949, '_a1_': -0.321844529942058, '_a2_': 0.8327880370144879, '_a5_': 0.14090025801712144, '_a6_': -0.6452799912536515, '_a3_': 1.0, '_a4_': 1.0, '_a7_': 1.0}};{'d0': 0.02490583291983604};-272.381177323589;56.087129785549536
35752;-80.1034588762449;(((_a5_ + ((_a2_ + (_a2_ * (_a1_ * x))) * -(x))) + x) * ((_a6_ * (_a0_ * x)) * _a1_));{'d0': {'_a0_': 60.66320298137949, '_a1_': -0.321844529942058, '_a2_': 0.8327880370144879, '_a5_': 0.14090025801712144, '_a6_': -0.6452799912536515, '_a3_': 1.0, '_a4_': 1.0, '_a7_': 1.0}};{'d0': 0.02490583291983604};-272.381177323589;56.087129785549536
35753;-80.1034588762449;(((_a5_ + ((_a2_ + (_a2_ * (_a1_ * x))) * -(x))) + x) * ((_a6_ * (_a0_ * x)) * _a1_));{'d0': {'_a0_': 60.66320298137949, '_a1_': -0.321844529942058, '_a2_': 0.8327880370144879, '_a5_': 0.14090025801712144, '_a6_': -0.6452799912536515, '_a3_': 1.0, '_a4_': 1.0, '_a7_': 1.0}};{'d0': 0.02490583291983604};-272.381177323589;56.087129785549536
35754;-83.7834060167759;(((_a5_ + ((_a2_ + (_a2_ * (_a1_ * x))) * x)) + x) * ((_a6_ * (_a0_ * x)) * _a1_));{'d0': {'_a0_': 113.05396768183765, '_a1_': -0.4803119414328941, '_a2_': -0.7694396179668906, '_a5_': 0.1942804619177959, '_a6_': -0.16826469145493633, '_a3_': 1.0, '_a4_': 1.0, '_a7_': 1.0}};{'d0': 0.02490583293621529};-272.381177284130;52.407182625289146
35755;-83.7834060167759;(((_a5_ + ((_a2_ + (_a2_ * (_a1_ * x))) * x)) + x) * ((_a6_ * (_a0_ * x)) * _a1_));{'d0': {'_a0_': 113.05396768183765, '_a1_': -0.4803119414328941, '_a2_': -0.7694396179668906, '_a5_': 0.1942804619177959, '_a6_': -0.16826469145493633, '_a3_': 1.0, '_a4_': 1.0, '_a7_': 1.0}};{'d0': 0.02490583293621529};-272.381177284130;52.407182625289146
35756;-83.7834060167759;(((_a5_ + ((_a2_ + (_a2_ * (_a1_ * x))) * x)) + x) * ((_a6_ * (_a0_ * x)) * _a1_));{'d0': {'_a0_': 113.05396768183765, '_a1_': -0.4803119414328941, '_a2_': -0.7694396179668906, '_a5_': 0.1942804619177959, '_a6_': -0.16826469145493633, '_a3_': 1.0, '_a4_': 1.0, '_a7_': 1.0}};{'d0': 0.02490583293621529};-272.381177284130;52.407182625289146
35757;-83.7834060167759;(((_a5_ + ((_a2_ + (_a2_ * (_a1_ * x))) * x)) + x) * ((_a6_ * (_a0_ * x)) * _a1_));{'d0': {'_a0_': 113.05396768183765, '_a1_': -0.4803119414328941, '_a2_': -0.7694396179668906, '_a5_': 0.1942804619177959, '_a6_': -0.16826469145493633, '_a3_': 1.0, '_a4_': 1.0, '_a7_': 1.0}};{'d0': 0.02490583293621529};-272.381177284130;52.407182625289146
35758;-97.5351166196164;((_a1_ + ((((_a1_ * (_a0_ / pow2(_a2_))) + x) * _a6_) * x)) * x);{'d0': {'_a0_': 738.3459620335832, '_a1_': 1.7751354042447747, '_a2_': 45.83554307873822, '_a6_': 3.376760878132182, '_a3_': 1.0, '_a4_': 1.0, '_a5_': 1.0, '_a7_': 1.0}};{'d0': 0.02490583292176268};-276.475521881170;40.70264432096846
35759;-97.5351166196164;((_a1_ + ((((_a1_ * (_a0_ / pow2(_a2_))) + x) * _a6_) * x)) * x);{'d0': {'_a0_': 738.3459620335832, '_a1_': 1.7751354042447747, '_a2_': 45.83554307873822, '_a6_': 3.376760878132182, '_a3_': 1.0, '_a4_': 1.0, '_a5_': 1.0, '_a7_': 1.0}};{'d0': 0.02490583292176268};-276.475521881170;40.70264432096846
35760;-97.5351166196164;((_a1_ + ((((_a1_ * (_a0_ / pow2(_a2_))) + x) * _a6_) * x)) * x);{'d0': {'_a0_': 738.3459620335832, '_a1_': 1.7751354042447747, '_a2_': 45.83554307873822, '_a6_': 3.376760878132182, '_a3_': 1.0, '_a4_': 1.0, '_a5_': 1.0, '_a7_': 1.0}};{'d0': 0.02490583292176268};-276.475521881170;40.70264432096846
35761;-97.5351166196164;((_a1_ + ((((_a1_ * (_a0_ / pow2(_a2_))) + x) * _a6_) * x)) * x);{'d0': {'_a0_': 738.3459620335832, '_a1_': 1.7751354042447747, '_a2_': 45.83554307873822, '_a6_': 3.376760878132182, '_a3_': 1.0, '_a4_': 1.0, '_a5_': 1.0, '_a7_': 1.0}};{'d0': 0.02490583292176268};-276.475521881170;40.70264432096846
35762;-91.6145155712221;((_a1_ + ((((_a1_ * ((_a2_ + _a5_) / pow2(_a2_))) + x) * _a6_) * x)) * x);{'d0': {'_a1_': 1.7751354045190137, '_a2_': -42.12120186216822, '_a5_': 665.6502106116455, '_a6_': 3.37676087669132, '_a0_': 1.0, '_a3_': 1.0, '_a4_': 1.0, '_a7_': 1.0}};{'d0': 0.02490583292123492};-276.475521882441;46.62324536999846
35763;-91.6145155712221;((_a1_ + ((((_a1_ * ((_a2_ + _a5_) / pow2(_a2_))) + x) * _a6_) * x)) * x);{'d0': {'_a1_': 1.7751354045190137, '_a2_': -42.12120186216822, '_a5_': 665.6502106116455, '_a6_': 3.37676087669132, '_a0_': 1.0, '_a3_': 1.0, '_a4_': 1.0, '_a7_': 1.0}};{'d0': 0.02490583292123492};-276.475521882441;46.62324536999846
35764;-91.6145155712221;((_a1_ + ((((_a1_ * ((_a2_ + _a5_) / pow2(_a2_))) + x) * _a6_) * x)) * x);{'d0': {'_a1_': 1.7751354045190137, '_a2_': -42.12120186216822, '_a5_': 665.6502106116455, '_a6_': 3.37676087669132, '_a0_': 1.0, '_a3_': 1.0, '_a4_': 1.0, '_a7_': 1.0}};{'d0': 0.02490583292123492};-276.475521882441;46.62324536999846
35765;-91.6145155712221;((_a1_ + ((((_a1_ * ((_a2_ + _a5_) / pow2(_a2_))) + x) * _a6_) * x)) * x);{'d0': {'_a1_': 1.7751354045190137, '_a2_': -42.12120186216822, '_a5_': 665.6502106116455, '_a6_': 3.37676087669132, '_a0_': 1.0, '_a3_': 1.0, '_a4_': 1.0, '_a7_': 1.0}};{'d0': 0.02490583292123492};-276.475521882441;46.62324536999846
35766;-103.159914093536;(((_a7_ + ((_a1_ + x) * ((_a1_ * _a5_) * x))) + _a5_) * x);{'d0': {'_a1_': 0.6238594155544831, '_a5_': 5.412695222258647, '_a7_': -3.6375598179318374, '_a0_': 1.0, '_a2_': 1.0, '_a3_': 1.0, '_a4_': 1.0, '_a6_': 1.0}};{'d0': 0.024905832919416632};-280.569866449044;37.12501913098601
35767;-103.159914093536;(((_a7_ + ((_a1_ + x) * ((_a1_ * _a5_) * x))) + _a5_) * x);{'d0': {'_a1_': 0.6238594155544831, '_a5_': 5.412695222258647, '_a7_': -3.6375598179318374, '_a0_': 1.0, '_a2_': 1.0, '_a3_': 1.0, '_a4_': 1.0, '_a6_': 1.0}};{'d0': 0.024905832919416632};-280.569866449044;37.12501913098601
35768;-103.159914093536;(((_a7_ + ((_a1_ + x) * ((_a1_ * _a5_) * x))) + _a5_) * x);{'d0': {'_a1_': 0.6238594155544831, '_a5_': 5.412695222258647, '_a7_': -3.6375598179318374, '_a0_': 1.0, '_a2_': 1.0, '_a3_': 1.0, '_a4_': 1.0, '_a6_': 1.0}};{'d0': 0.024905832919416632};-280.569866449044;37.12501913098601
35769;-103.159914093536;(((_a7_ + ((_a1_ + x) * ((_a1_ * _a5_) * x))) + _a5_) * x);{'d0': {'_a1_': 0.6238594155544831, '_a5_': 5.412695222258647, '_a7_': -3.6375598179318374, '_a0_': 1.0, '_a2_': 1.0, '_a3_': 1.0, '_a4_': 1.0, '_a6_': 1.0}};{'d0': 0.024905832919416632};-280.569866449044;37.12501913098601
35770;-103.159914093536;(((_a7_ + ((_a1_ + x) * ((_a1_ * _a5_) * x))) + _a5_) * x);{'d0': {'_a1_': 0.6238594155544831, '_a5_': 5.412695222258647, '_a7_': -3.6375598179318374, '_a0_': 1.0, '_a2_': 1.0, '_a3_': 1.0, '_a4_': 1.0, '_a6_': 1.0}};{'d0': 0.024905832919416632};-280.569866449044;37.12501913098601
35771;-103.159914093536;(((_a7_ + ((_a1_ + x) * ((_a1_ * _a5_) * x))) + _a5_) * x);{'d0': {'_a1_': 0.6238594155544831, '_a5_': 5.412695222258647, '_a7_': -3.6375598179318374, '_a0_': 1.0, '_a2_': 1.0, '_a3_': 1.0, '_a4_': 1.0, '_a6_': 1.0}};{'d0': 0.024905832919416632};-280.569866449044;37.12501913098601
35772;-103.159914093536;(((_a7_ + ((_a1_ + x) * ((_a1_ * _a5_) * x))) + _a5_) * x);{'d0': {'_a1_': 0.6238594155544831, '_a5_': 5.412695222258647, '_a7_': -3.6375598179318374, '_a0_': 1.0, '_a2_': 1.0, '_a3_': 1.0, '_a4_': 1.0, '_a6_': 1.0}};{'d0': 0.024905832919416632};-280.569866449044;37.12501913098601
35773;-103.159914093536;(((_a7_ + ((_a1_ + x) * ((_a1_ * _a5_) * x))) + _a5_) * x);{'d0': {'_a1_': 0.6238594155544831, '_a5_': 5.412695222258647, '_a7_': -3.6375598179318374, '_a0_': 1.0, '_a2_': 1.0, '_a3_': 1.0, '_a4_': 1.0, '_a6_': 1.0}};{'d0': 0.024905832919416632};-280.569866449044;37.12501913098601
35774;-103.159914093536;(((_a7_ + ((_a1_ + x) * ((_a1_ * _a5_) * x))) + _a5_) * x);{'d0': {'_a1_': 0.6238594155544831, '_a5_': 5.412695222258647, '_a7_': -3.6375598179318374, '_a0_': 1.0, '_a2_': 1.0, '_a3_': 1.0, '_a4_': 1.0, '_a6_': 1.0}};{'d0': 0.024905832919416632};-280.569866449044;37.12501913098601
35775;-98.1382168817568;((((_a6_ * x) + ((_a1_ + x) * ((_a1_ * _a5_) * x))) + _a5_) * x);{'d0': {'_a1_': 1.9022553808042715, '_a5_': 1.7751354052120314, '_a6_': -4.316837479015702, '_a0_': 1.0, '_a2_': 1.0, '_a3_': 1.0, '_a4_': 1.0, '_a7_': 1.0}};{'d0': 0.024905832919416667};-280.569866449044;42.14671634276501
35776;-98.1382168817568;((((_a6_ * x) + ((_a1_ + x) * ((_a1_ * _a5_) * x))) + _a5_) * x);{'d0': {'_a1_': 1.9022553808042715, '_a5_': 1.7751354052120314, '_a6_': -4.316837479015702, '_a0_': 1.0, '_a2_': 1.0, '_a3_': 1.0, '_a4_': 1.0, '_a7_': 1.0}};{'d0': 0.024905832919416667};-280.569866449044;42.14671634276501
35777;-97.2393130445059;((((_a6_ * x) + ((_a1_ + x) * ((_a1_ + _a5_) * x))) + _a5_) * x);{'d0': {'_a1_': 1.6016254782834718, '_a5_': 1.7751354034441729, '_a6_': -3.301682192386889, '_a0_': 1.0, '_a2_': 1.0, '_a3_': 1.0, '_a4_': 1.0, '_a7_': 1.0}};{'d0': 0.024905832919416563};-280.569866449044;43.04562018001601
35778;-97.2393130445059;((((_a6_ * x) + ((_a1_ + x) * ((_a1_ + _a5_) * x))) + _a5_) * x);{'d0': {'_a1_': 1.6016254782834718, '_a5_': 1.7751354034441729, '_a6_': -3.301682192386889, '_a0_': 1.0, '_a2_': 1.0, '_a3_': 1.0, '_a4_': 1.0, '_a7_': 1.0}};{'d0': 0.024905832919416563};-280.569866449044;43.04562018001601
35779;-97.2393130445059;((((_a6_ * x) + ((_a1_ + x) * ((_a1_ + _a5_) * x))) + _a5_) * x);{'d0': {'_a1_': 1.6016254782834718, '_a5_': 1.7751354034441729, '_a6_': -3.301682192386889, '_a0_': 1.0, '_a2_': 1.0, '_a3_': 1.0, '_a4_': 1.0, '_a7_': 1.0}};{'d0': 0.024905832919416563};-280.569866449044;43.04562018001601
35780;-97.2393130445059;((((_a6_ * x) + ((_a1_ + x) * ((_a1_ + _a5_) * x))) + _a5_) * x);{'d0': {'_a1_': 1.6016254782834718, '_a5_': 1.7751354034441729, '_a6_': -3.301682192386889, '_a0_': 1.0, '_a2_': 1.0, '_a3_': 1.0, '_a4_': 1.0, '_a7_': 1.0}};{'d0': 0.024905832919416563};-280.569866449044;43.04562018001601
35781;-95.1921407633451;((((_a6_ * x) + ((_a7_ + x) * ((_a1_ + _a5_) * x))) + _a5_) * x);{'d0': {'_a1_': 1.6016256955239199, '_a5_': 1.7751353507840015, '_a6_': 455.81768147103924, '_a7_': -134.3627964938672, '_a0_': 1.0, '_a2_': 1.0, '_a3_': 1.0, '_a4_': 1.0}};{'d0': 0.02490583291945787};-276.475521886722;43.04562018001601
35782;-95.1921407633451;((((_a6_ * x) + ((_a7_ + x) * ((_a1_ + _a5_) * x))) + _a5_) * x);{'d0': {'_a1_': 1.6016256955239199, '_a5_': 1.7751353507840015, '_a6_': 455.81768147103924, '_a7_': -134.3627964938672, '_a0_': 1.0, '_a2_': 1.0, '_a3_': 1.0, '_a4_': 1.0}};{'d0': 0.02490583291945787};-276.475521886722;43.04562018001601
35783;-95.1921407321506;((((_a6_ * _a7_) + ((_a7_ + x) * ((_a1_ + _a5_) * x))) + _a5_) * x);{'d0': {'_a1_': 4677.208322141918, '_a5_': -4673.831558714966, '_a6_': 7494.6479595636565, '_a7_': 0.6238594154333188, '_a0_': 1.0, '_a2_': 1.0, '_a3_': 1.0, '_a4_': 1.0}};{'d0': 0.02490583294535538};-276.475521824333;43.04562018001601
35784;-95.1921407321506;((((_a6_ * _a7_) + ((_a7_ + x) * ((_a1_ + _a5_) * x))) + _a5_) * x);{'d0': {'_a1_': 4677.208322141918, '_a5_': -4673.831558714966, '_a6_': 7494.6479595636565, '_a7_': 0.6238594154333188, '_a0_': 1.0, '_a2_': 1.0, '_a3_': 1.0, '_a4_': 1.0}};{'d0': 0.02490583294535538};-276.475521824333;43.04562018001601
35785;-101.112741780726;((((_a6_ * _a7_) + ((_a7_ + x) * (_a2_ * x))) + _a5_) * x);{'d0': {'_a2_': 3.3767622333403624, '_a5_': -12957.941625488233, '_a6_': 20773.464090537684, '_a7_': 0.6238592033790659, '_a0_': 1.0, '_a1_': 1.0, '_a3_': 1.0, '_a4_': 1.0}};{'d0': 0.02490583294573253};-276.475521823425;37.12501913098601
35786;-101.112741780726;((((_a6_ * _a7_) + ((_a7_ + x) * (_a2_ * x))) + _a5_) * x);{'d0': {'_a2_': 3.3767622333403624, '_a5_': -12957.941625488233, '_a6_': 20773.464090537684, '_a7_': 0.6238592033790659, '_a0_': 1.0, '_a1_': 1.0, '_a3_': 1.0, '_a4_': 1.0}};{'d0': 0.02490583294573253};-276.475521823425;37.12501913098601
35787;-101.112741780726;((((_a6_ * _a7_) + ((_a7_ + x) * (_a2_ * x))) + _a5_) * x);{'d0': {'_a2_': 3.3767622333403624, '_a5_': -12957.941625488233, '_a6_': 20773.464090537684, '_a7_': 0.6238592033790659, '_a0_': 1.0, '_a1_': 1.0, '_a3_': 1.0, '_a4_': 1.0}};{'d0': 0.02490583294573253};-276.475521823425;37.12501913098601
35788;-101.112741780726;((((_a6_ * _a7_) + ((_a7_ + x) * (_a2_ * x))) + _a5_) * x);{'d0': {'_a2_': 3.3767622333403624, '_a5_': -12957.941625488233, '_a6_': 20773.464090537684, '_a7_': 0.6238592033790659, '_a0_': 1.0, '_a1_': 1.0, '_a3_': 1.0, '_a4_': 1.0}};{'d0': 0.02490583294573253};-276.475521823425;37.12501913098601
35789;-101.112741780726;((((_a6_ * _a7_) + ((_a7_ + x) * (_a2_ * x))) + _a5_) * x);{'d0': {'_a2_': 3.3767622333403624, '_a5_': -12957.941625488233, '_a6_': 20773.464090537684, '_a7_': 0.6238592033790659, '_a0_': 1.0, '_a1_': 1.0, '_a3_': 1.0, '_a4_': 1.0}};{'d0': 0.02490583294573253};-276.475521823425;37.12501913098601
35790;-101.112741780726;((((_a6_ * _a7_) + ((_a7_ + x) * (_a2_ * x))) + _a5_) * x);{'d0': {'_a2_': 3.3767622333403624, '_a5_': -12957.941625488233, '_a6_': 20773.464090537684, '_a7_': 0.6238592033790659, '_a0_': 1.0, '_a1_': 1.0, '_a3_': 1.0, '_a4_': 1.0}};{'d0': 0.02490583294573253};-276.475521823425;37.12501913098601
35791;-101.112741780726;((((_a6_ * _a7_) + ((_a7_ + x) * (_a2_ * x))) + _a5_) * x);{'d0': {'_a2_': 3.3767622333403624, '_a5_': -12957.941625488233, '_a6_': 20773.464090537684, '_a7_': 0.6238592033790659, '_a0_': 1.0, '_a1_': 1.0, '_a3_': 1.0, '_a4_': 1.0}};{'d0': 0.02490583294573253};-276.475521823425;37.12501913098601
35792;-91.5510693434522;((_a3_ + ((((_a1_ * (_a7_ ** (_a1_ + _a5_))) + x) / _a0_) * x)) * x);{'d0': {'_a0_': 0.2961417868490934, '_a1_': 3.642690865637534e-06, '_a3_': 1.7751354044497711, '_a5_': 6.8388703979495125, '_a7_': 5.824807593205249, '_a2_': 1.0, '_a4_': 1.0, '_a6_': 1.0}};{'d0': 0.0249058329200941};-272.381177322967;44.639519318031454
35793;-91.5510693434522;((_a3_ + ((((_a1_ * (_a7_ ** (_a1_ + _a5_))) + x) / _a0_) * x)) * x);{'d0': {'_a0_': 0.2961417868490934, '_a1_': 3.642690865637534e-06, '_a3_': 1.7751354044497711, '_a5_': 6.8388703979495125, '_a7_': 5.824807593205249, '_a2_': 1.0, '_a4_': 1.0, '_a6_': 1.0}};{'d0': 0.0249058329200941};-272.381177322967;44.639519318031454
35794;-91.5510693434522;((_a3_ + ((((_a1_ * (_a7_ ** (_a1_ + _a5_))) + x) / _a0_) * x)) * x);{'d0': {'_a0_': 0.2961417868490934, '_a1_': 3.642690865637534e-06, '_a3_': 1.7751354044497711, '_a5_': 6.8388703979495125, '_a7_': 5.824807593205249, '_a2_': 1.0, '_a4_': 1.0, '_a6_': 1.0}};{'d0': 0.0249058329200941};-272.381177322967;44.639519318031454
35795;-91.5510693434522;((_a3_ + ((((_a1_ * (_a7_ ** (_a1_ + _a5_))) + x) / _a0_) * x)) * x);{'d0': {'_a0_': 0.2961417868490934, '_a1_': 3.642690865637534e-06, '_a3_': 1.7751354044497711, '_a5_': 6.8388703979495125, '_a7_': 5.824807593205249, '_a2_': 1.0, '_a4_': 1.0, '_a6_': 1.0}};{'d0': 0.0249058329200941};-272.381177322967;44.639519318031454
35796;-91.5510693434522;((_a3_ + ((((_a1_ * (_a7_ ** (_a1_ + _a5_))) + x) / _a0_) * x)) * x);{'d0': {'_a0_': 0.2961417868490934, '_a1_': 3.642690865637534e-06, '_a3_': 1.7751354044497711, '_a5_': 6.8388703979495125, '_a7_': 5.824807593205249, '_a2_': 1.0, '_a4_': 1.0, '_a6_': 1.0}};{'d0': 0.0249058329200941};-272.381177322967;44.639519318031454
35797;-91.5510693434522;((_a3_ + ((((_a1_ * (_a7_ ** (_a1_ + _a5_))) + x) / _a0_) * x)) * x);{'d0': {'_a0_': 0.2961417868490934, '_a1_': 3.642690865637534e-06, '_a3_': 1.7751354044497711, '_a5_': 6.8388703979495125, '_a7_': 5.824807593205249, '_a2_': 1.0, '_a4_': 1.0, '_a6_': 1.0}};{'d0': 0.0249058329200941};-272.381177322967;44.639519318031454
35798;-91.5510693434522;((_a3_ + ((((_a1_ * (_a7_ ** (_a1_ + _a5_))) + x) / _a0_) * x)) * x);{'d0': {'_a0_': 0.2961417868490934, '_a1_': 3.642690865637534e-06, '_a3_': 1.7751354044497711, '_a5_': 6.8388703979495125, '_a7_': 5.824807593205249, '_a2_': 1.0, '_a4_': 1.0, '_a6_': 1.0}};{'d0': 0.0249058329200941};-272.381177322967;44.639519318031454
35799;-91.5510693434522;((_a3_ + ((((_a1_ * (_a7_ ** (_a1_ + _a5_))) + x) / _a0_) * x)) * x);{'d0': {'_a0_': 0.2961417868490934, '_a1_': 3.642690865637534e-06, '_a3_': 1.7751354044497711, '_a5_': 6.8388703979495125, '_a7_': 5.824807593205249, '_a2_': 1.0, '_a4_': 1.0, '_a6_': 1.0}};{'d0': 0.0249058329200941};-272.381177322967;44.639519318031454
35800;-91.5510693434522;((_a3_ + ((((_a1_ * (_a7_ ** (_a1_ + _a5_))) + x) / _a0_) * x)) * x);{'d0': {'_a0_': 0.2961417868490934, '_a1_': 3.642690865637534e-06, '_a3_': 1.7751354044497711, '_a5_': 6.8388703979495125, '_a7_': 5.824807593205249, '_a2_': 1.0, '_a4_': 1.0, '_a6_': 1.0}};{'d0': 0.0249058329200941};-272.381177322967;44.639519318031454
35801;-91.5510693434522;((_a3_ + ((((_a1_ * (_a7_ ** (_a1_ + _a5_))) + x) / _a0_) * x)) * x);{'d0': {'_a0_': 0.2961417868490934, '_a1_': 3.642690865637534e-06, '_a3_': 1.7751354044497711, '_a5_': 6.8388703979495125, '_a7_': 5.824807593205249, '_a2_': 1.0, '_a4_': 1.0, '_a6_': 1.0}};{'d0': 0.0249058329200941};-272.381177322967;44.639519318031454
35802;-91.5510693434522;((_a3_ + ((((_a1_ * (_a7_ ** (_a1_ + _a5_))) + x) / _a0_) * x)) * x);{'d0': {'_a0_': 0.2961417868490934, '_a1_': 3.642690865637534e-06, '_a3_': 1.7751354044497711, '_a5_': 6.8388703979495125, '_a7_': 5.824807593205249, '_a2_': 1.0, '_a4_': 1.0, '_a6_': 1.0}};{'d0': 0.0249058329200941};-272.381177322967;44.639519318031454
35803;-99.5188426686283;((_a3_ + ((((_a1_ * (_a7_ ** _a0_)) + x) / _a0_) * x)) * x);{'d0': {'_a0_': 0.29614178681723696, '_a1_': 0.017777671180694343, '_a3_': 1.7751354043381011, '_a7_': 165124.0975237218, '_a2_': 1.0, '_a4_': 1.0, '_a5_': 1.0, '_a6_': 1.0}};{'d0': 0.024905832924215977};-276.475521875260;38.718918269001456
35804;-99.5188426686283;((_a3_ + ((((_a1_ * (_a7_ ** _a0_)) + x) / _a0_) * x)) * x);{'d0': {'_a0_': 0.29614178681723696, '_a1_': 0.017777671180694343, '_a3_': 1.7751354043381011, '_a7_': 165124.0975237218, '_a2_': 1.0, '_a4_': 1.0, '_a5_': 1.0, '_a6_': 1.0}};{'d0': 0.024905832924215977};-276.475521875260;38.718918269001456
35805;-99.5188426686283;((_a3_ + ((((_a1_ * (_a7_ ** _a0_)) + x) / _a0_) * x)) * x);{'d0': {'_a0_': 0.29614178681723696, '_a1_': 0.017777671180694343, '_a3_': 1.7751354043381011, '_a7_': 165124.0975237218, '_a2_': 1.0, '_a4_': 1.0, '_a5_': 1.0, '_a6_': 1.0}};{'d0': 0.024905832924215977};-276.475521875260;38.718918269001456
35806;-99.5188426686283;((_a3_ + ((((_a1_ * (_a7_ ** _a0_)) + x) / _a0_) * x)) * x);{'d0': {'_a0_': 0.29614178681723696, '_a1_': 0.017777671180694343, '_a3_': 1.7751354043381011, '_a7_': 165124.0975237218, '_a2_': 1.0, '_a4_': 1.0, '_a5_': 1.0, '_a6_': 1.0}};{'d0': 0.024905832924215977};-276.475521875260;38.718918269001456
35807;-99.5188426686283;((_a3_ + ((((_a1_ * (_a7_ ** _a0_)) + x) / _a0_) * x)) * x);{'d0': {'_a0_': 0.29614178681723696, '_a1_': 0.017777671180694343, '_a3_': 1.7751354043381011, '_a7_': 165124.0975237218, '_a2_': 1.0, '_a4_': 1.0, '_a5_': 1.0, '_a6_': 1.0}};{'d0': 0.024905832924215977};-276.475521875260;38.718918269001456
35808;-99.5188426686283;((_a3_ + ((((_a1_ * (_a7_ ** _a0_)) + x) / _a0_) * x)) * x);{'d0': {'_a0_': 0.29614178681723696, '_a1_': 0.017777671180694343, '_a3_': 1.7751354043381011, '_a7_': 165124.0975237218, '_a2_': 1.0, '_a4_': 1.0, '_a5_': 1.0, '_a6_': 1.0}};{'d0': 0.024905832924215977};-276.475521875260;38.718918269001456
35809;-99.5188426686283;((_a3_ + ((((_a1_ * (_a7_ ** _a0_)) + x) / _a0_) * x)) * x);{'d0': {'_a0_': 0.29614178681723696, '_a1_': 0.017777671180694343, '_a3_': 1.7751354043381011, '_a7_': 165124.0975237218, '_a2_': 1.0, '_a4_': 1.0, '_a5_': 1.0, '_a6_': 1.0}};{'d0': 0.024905832924215977};-276.475521875260;38.718918269001456
35810;-99.5188426686283;((_a3_ + ((((_a1_ * (_a7_ ** _a0_)) + x) / _a0_) * x)) * x);{'d0': {'_a0_': 0.29614178681723696, '_a1_': 0.017777671180694343, '_a3_': 1.7751354043381011, '_a7_': 165124.0975237218, '_a2_': 1.0, '_a4_': 1.0, '_a5_': 1.0, '_a6_': 1.0}};{'d0': 0.024905832924215977};-276.475521875260;38.718918269001456
35811;-99.5188426686283;((_a3_ + ((((_a1_ * (_a7_ ** _a0_)) + x) / _a0_) * x)) * x);{'d0': {'_a0_': 0.29614178681723696, '_a1_': 0.017777671180694343, '_a3_': 1.7751354043381011, '_a7_': 165124.0975237218, '_a2_': 1.0, '_a4_': 1.0, '_a5_': 1.0, '_a6_': 1.0}};{'d0': 0.024905832924215977};-276.475521875260;38.718918269001456
35812;-99.5188426686283;((_a3_ + ((((_a1_ * (_a7_ ** _a0_)) + x) / _a0_) * x)) * x);{'d0': {'_a0_': 0.29614178681723696, '_a1_': 0.017777671180694343, '_a3_': 1.7751354043381011, '_a7_': 165124.0975237218, '_a2_': 1.0, '_a4_': 1.0, '_a5_': 1.0, '_a6_': 1.0}};{'d0': 0.024905832924215977};-276.475521875260;38.718918269001456
35813;-99.5188426686283;((_a3_ + ((((_a1_ * (_a7_ ** _a0_)) + x) / _a0_) * x)) * x);{'d0': {'_a0_': 0.29614178681723696, '_a1_': 0.017777671180694343, '_a3_': 1.7751354043381011, '_a7_': 165124.0975237218, '_a2_': 1.0, '_a4_': 1.0, '_a5_': 1.0, '_a6_': 1.0}};{'d0': 0.024905832924215977};-276.475521875260;38.718918269001456
35814;-99.5188426686283;((_a3_ + ((((_a1_ * (_a7_ ** _a0_)) + x) / _a0_) * x)) * x);{'d0': {'_a0_': 0.29614178681723696, '_a1_': 0.017777671180694343, '_a3_': 1.7751354043381011, '_a7_': 165124.0975237218, '_a2_': 1.0, '_a4_': 1.0, '_a5_': 1.0, '_a6_': 1.0}};{'d0': 0.024905832924215977};-276.475521875260;38.718918269001456
35815;-99.5188426686283;((_a3_ + ((((_a1_ * (_a7_ ** _a0_)) + x) / _a0_) * x)) * x);{'d0': {'_a0_': 0.29614178681723696, '_a1_': 0.017777671180694343, '_a3_': 1.7751354043381011, '_a7_': 165124.0975237218, '_a2_': 1.0, '_a4_': 1.0, '_a5_': 1.0, '_a6_': 1.0}};{'d0': 0.024905832924215977};-276.475521875260;38.718918269001456
35816;-99.5188426686283;((_a3_ + ((((_a1_ * (_a7_ ** _a0_)) + x) / _a0_) * x)) * x);{'d0': {'_a0_': 0.29614178681723696, '_a1_': 0.017777671180694343, '_a3_': 1.7751354043381011, '_a7_': 165124.0975237218, '_a2_': 1.0, '_a4_': 1.0, '_a5_': 1.0, '_a6_': 1.0}};{'d0': 0.024905832924215977};-276.475521875260;38.718918269001456
35817;-99.5188426686283;((_a3_ + ((((_a1_ * (_a7_ ** _a0_)) + x) / _a0_) * x)) * x);{'d0': {'_a0_': 0.29614178681723696, '_a1_': 0.017777671180694343, '_a3_': 1.7751354043381011, '_a7_': 165124.0975237218, '_a2_': 1.0, '_a4_': 1.0, '_a5_': 1.0, '_a6_': 1.0}};{'d0': 0.024905832924215977};-276.475521875260;38.718918269001456
35818;-99.5188426686283;((_a3_ + ((((_a1_ * (_a7_ ** _a0_)) + x) / _a0_) * x)) * x);{'d0': {'_a0_': 0.29614178681723696, '_a1_': 0.017777671180694343, '_a3_': 1.7751354043381011, '_a7_': 165124.0975237218, '_a2_': 1.0, '_a4_': 1.0, '_a5_': 1.0, '_a6_': 1.0}};{'d0': 0.024905832924215977};-276.475521875260;38.718918269001456
35819;-99.5188426686283;((_a3_ + ((((_a1_ * (_a7_ ** _a0_)) + x) / _a0_) * x)) * x);{'d0': {'_a0_': 0.29614178681723696, '_a1_': 0.017777671180694343, '_a3_': 1.7751354043381011, '_a7_': 165124.0975237218, '_a2_': 1.0, '_a4_': 1.0, '_a5_': 1.0, '_a6_': 1.0}};{'d0': 0.024905832924215977};-276.475521875260;38.718918269001456
35820;-99.5188426686283;((_a3_ + ((((_a1_ * (_a7_ ** _a0_)) + x) / _a0_) * x)) * x);{'d0': {'_a0_': 0.29614178681723696, '_a1_': 0.017777671180694343, '_a3_': 1.7751354043381011, '_a7_': 165124.0975237218, '_a2_': 1.0, '_a4_': 1.0, '_a5_': 1.0, '_a6_': 1.0}};{'d0': 0.024905832924215977};-276.475521875260;38.718918269001456
35821;-99.5188426686283;((_a3_ + ((((_a1_ * (_a7_ ** _a0_)) + x) / _a0_) * x)) * x);{'d0': {'_a0_': 0.29614178681723696, '_a1_': 0.017777671180694343, '_a3_': 1.7751354043381011, '_a7_': 165124.0975237218, '_a2_': 1.0, '_a4_': 1.0, '_a5_': 1.0, '_a6_': 1.0}};{'d0': 0.024905832924215977};-276.475521875260;38.718918269001456
35822;-99.5188426686283;((_a3_ + ((((_a1_ * (_a7_ ** _a0_)) + x) / _a0_) * x)) * x);{'d0': {'_a0_': 0.29614178681723696, '_a1_': 0.017777671180694343, '_a3_': 1.7751354043381011, '_a7_': 165124.0975237218, '_a2_': 1.0, '_a4_': 1.0, '_a5_': 1.0, '_a6_': 1.0}};{'d0': 0.024905832924215977};-276.475521875260;38.718918269001456
35823;-99.5188426686283;((_a3_ + ((((_a1_ * (_a7_ ** _a0_)) + x) / _a0_) * x)) * x);{'d0': {'_a0_': 0.29614178681723696, '_a1_': 0.017777671180694343, '_a3_': 1.7751354043381011, '_a7_': 165124.0975237218, '_a2_': 1.0, '_a4_': 1.0, '_a5_': 1.0, '_a6_': 1.0}};{'d0': 0.024905832924215977};-276.475521875260;38.718918269001456
35824;-105.608355025258;(((-((_a1_ + pow2((_a0_ + x)))) + x) * _a5_) * x);{'d0': {'_a0_': 0.8119297077946583, '_a1_': -0.1335380804335537, '_a5_': -3.376760880397677, '_a2_': 1.0, '_a3_': 1.0, '_a4_': 1.0, '_a6_': 1.0, '_a7_': 1.0}};{'d0': 0.024905832919416657};-280.569866449044;34.6765781992645
35825;-105.608355025258;(((-((_a1_ + pow2((_a0_ + x)))) + x) * _a5_) * x);{'d0': {'_a0_': 0.8119297077946583, '_a1_': -0.1335380804335537, '_a5_': -3.376760880397677, '_a2_': 1.0, '_a3_': 1.0, '_a4_': 1.0, '_a6_': 1.0, '_a7_': 1.0}};{'d0': 0.024905832919416657};-280.569866449044;34.6765781992645
35826;-105.608355025258;(((-((_a1_ + pow2((_a0_ + x)))) + x) * _a5_) * x);{'d0': {'_a0_': 0.8119297077946583, '_a1_': -0.1335380804335537, '_a5_': -3.376760880397677, '_a2_': 1.0, '_a3_': 1.0, '_a4_': 1.0, '_a6_': 1.0, '_a7_': 1.0}};{'d0': 0.024905832919416657};-280.569866449044;34.6765781992645
35827;-105.608355025258;(((-((_a1_ + pow2((_a0_ + x)))) + x) * _a5_) * x);{'d0': {'_a0_': 0.8119297077946583, '_a1_': -0.1335380804335537, '_a5_': -3.376760880397677, '_a2_': 1.0, '_a3_': 1.0, '_a4_': 1.0, '_a6_': 1.0, '_a7_': 1.0}};{'d0': 0.024905832919416657};-280.569866449044;34.6765781992645
35828;-105.608355025258;(((-((_a1_ + pow2((_a0_ + x)))) + x) * _a5_) * x);{'d0': {'_a0_': 0.8119297077946583, '_a1_': -0.1335380804335537, '_a5_': -3.376760880397677, '_a2_': 1.0, '_a3_': 1.0, '_a4_': 1.0, '_a6_': 1.0, '_a7_': 1.0}};{'d0': 0.024905832919416657};-280.569866449044;34.6765781992645
35829;-105.608355025258;(((-((_a1_ + pow2((_a0_ + x)))) + x) * _a5_) * x);{'d0': {'_a0_': 0.8119297077946583, '_a1_': -0.1335380804335537, '_a5_': -3.376760880397677, '_a2_': 1.0, '_a3_': 1.0, '_a4_': 1.0, '_a6_': 1.0, '_a7_': 1.0}};{'d0': 0.024905832919416657};-280.569866449044;34.6765781992645
35830;-105.608355025258;(((-((_a1_ + pow2((_a0_ + x)))) + x) * _a5_) * x);{'d0': {'_a0_': 0.8119297077946583, '_a1_': -0.1335380804335537, '_a5_': -3.376760880397677, '_a2_': 1.0, '_a3_': 1.0, '_a4_': 1.0, '_a6_': 1.0, '_a7_': 1.0}};{'d0': 0.024905832919416657};-280.569866449044;34.6765781992645
35831;-101.566014955520;((_a3_ + ((((_a1_ * (_a1_ ** _a0_)) + x) / _a0_) * x)) * x);{'d0': {'_a0_': 0.29614178676216235, '_a1_': 0.694872633787303, '_a3_': 1.7751354042787588, '_a2_': 1.0, '_a4_': 1.0, '_a5_': 1.0, '_a6_': 1.0, '_a7_': 1.0}};{'d0': 0.02490583291941666};-280.569866449044;38.718918269001456
35832;-101.566014955520;((_a3_ + ((((_a1_ * (_a1_ ** _a0_)) + x) / _a0_) * x)) * x);{'d0': {'_a0_': 0.29614178676216235, '_a1_': 0.694872633787303, '_a3_': 1.7751354042787588, '_a2_': 1.0, '_a4_': 1.0, '_a5_': 1.0, '_a6_': 1.0, '_a7_': 1.0}};{'d0': 0.02490583291941666};-280.569866449044;38.718918269001456
35833;-101.566014955520;((_a3_ + ((((_a1_ * (_a1_ ** _a0_)) + x) / _a0_) * x)) * x);{'d0': {'_a0_': 0.29614178676216235, '_a1_': 0.694872633787303, '_a3_': 1.7751354042787588, '_a2_': 1.0, '_a4_': 1.0, '_a5_': 1.0, '_a6_': 1.0, '_a7_': 1.0}};{'d0': 0.02490583291941666};-280.569866449044;38.718918269001456
35834;-101.566014955520;((_a3_ + ((((_a1_ * (_a1_ ** _a0_)) + x) / _a0_) * x)) * x);{'d0': {'_a0_': 0.29614178676216235, '_a1_': 0.694872633787303, '_a3_': 1.7751354042787588, '_a2_': 1.0, '_a4_': 1.0, '_a5_': 1.0, '_a6_': 1.0, '_a7_': 1.0}};{'d0': 0.02490583291941666};-280.569866449044;38.718918269001456
35835;-101.566014955520;((_a3_ + ((((_a1_ * (_a1_ ** _a0_)) + x) / _a0_) * x)) * x);{'d0': {'_a0_': 0.29614178676216235, '_a1_': 0.694872633787303, '_a3_': 1.7751354042787588, '_a2_': 1.0, '_a4_': 1.0, '_a5_': 1.0, '_a6_': 1.0, '_a7_': 1.0}};{'d0': 0.02490583291941666};-280.569866449044;38.718918269001456
35836;-101.566014955520;((_a3_ + ((((_a1_ * (_a1_ ** _a0_)) + x) / _a0_) * x)) * x);{'d0': {'_a0_': 0.29614178676216235, '_a1_': 0.694872633787303, '_a3_': 1.7751354042787588, '_a2_': 1.0, '_a4_': 1.0, '_a5_': 1.0, '_a6_': 1.0, '_a7_': 1.0}};{'d0': 0.02490583291941666};-280.569866449044;38.718918269001456
35837;-101.566014955520;((_a3_ + ((((_a1_ * (_a1_ ** _a0_)) + x) / _a0_) * x)) * x);{'d0': {'_a0_': 0.29614178676216235, '_a1_': 0.694872633787303, '_a3_': 1.7751354042787588, '_a2_': 1.0, '_a4_': 1.0, '_a5_': 1.0, '_a6_': 1.0, '_a7_': 1.0}};{'d0': 0.02490583291941666};-280.569866449044;38.718918269001456
35838;-101.566014955520;((_a3_ + ((((_a1_ * (_a1_ ** _a0_)) + x) / _a0_) * x)) * x);{'d0': {'_a0_': 0.29614178676216235, '_a1_': 0.694872633787303, '_a3_': 1.7751354042787588, '_a2_': 1.0, '_a4_': 1.0, '_a5_': 1.0, '_a6_': 1.0, '_a7_': 1.0}};{'d0': 0.02490583291941666};-280.569866449044;38.718918269001456
35839;-101.566014955520;((_a3_ + ((((_a1_ * (_a1_ ** _a0_)) + x) / _a0_) * x)) * x);{'d0': {'_a0_': 0.29614178676216235, '_a1_': 0.694872633787303, '_a3_': 1.7751354042787588, '_a2_': 1.0, '_a4_': 1.0, '_a5_': 1.0, '_a6_': 1.0, '_a7_': 1.0}};{'d0': 0.02490583291941666};-280.569866449044;38.718918269001456
35840;-101.566014955520;((_a3_ + ((((_a1_ * (_a1_ ** _a0_)) + x) / _a0_) * x)) * x);{'d0': {'_a0_': 0.29614178676216235, '_a1_': 0.694872633787303, '_a3_': 1.7751354042787588, '_a2_': 1.0, '_a4_': 1.0, '_a5_': 1.0, '_a6_': 1.0, '_a7_': 1.0}};{'d0': 0.02490583291941666};-280.569866449044;38.718918269001456
35841;-102.502443859619;((_a3_ + ((((_a1_ * -(_a4_)) + x) / _a0_) * x)) * x);{'d0': {'_a0_': 0.29614178668508623, '_a1_': 1.5345960001458856, '_a3_': 1.775135404253847, '_a4_': -0.4065300203150578, '_a2_': 1.0, '_a5_': 1.0, '_a6_': 1.0, '_a7_': 1.0}};{'d0': 0.024905832919939662};-276.475521885561;35.735317083161846
35842;-102.502443859619;((_a3_ + ((((_a1_ * -(_a4_)) + x) / _a0_) * x)) * x);{'d0': {'_a0_': 0.29614178668508623, '_a1_': 1.5345960001458856, '_a3_': 1.775135404253847, '_a4_': -0.4065300203150578, '_a2_': 1.0, '_a5_': 1.0, '_a6_': 1.0, '_a7_': 1.0}};{'d0': 0.024905832919939662};-276.475521885561;35.735317083161846
35843;-99.1835480066999;((_a3_ + ((((_a1_ * -(exp(_a0_))) + x) / _a0_) * x)) * x);{'d0': {'_a0_': 0.29614178675555136, '_a1_': -0.46395300301240305, '_a3_': 1.7751354039795078, '_a2_': 1.0, '_a4_': 1.0, '_a5_': 1.0, '_a6_': 1.0, '_a7_': 1.0}};{'d0': 0.024905832919416646};-280.569866449044;41.10138521782184
35844;-99.6877539762277;(((-((_a1_ + pow2((_a0_ + x)))) + x) * (_a6_ + _a6_)) * x);{'d0': {'_a0_': 0.811929707766091, '_a1_': -0.1335380793609732, '_a6_': -1.6883804376575788, '_a2_': 1.0, '_a3_': 1.0, '_a4_': 1.0, '_a5_': 1.0, '_a7_': 1.0}};{'d0': 0.024905832919416598};-280.569866449044;40.597179248294495
35845;-99.6877539762277;(((-((_a1_ + pow2((_a0_ + x)))) + x) * (_a6_ + _a6_)) * x);{'d0': {'_a0_': 0.811929707766091, '_a1_': -0.1335380793609732, '_a6_': -1.6883804376575788, '_a2_': 1.0, '_a3_': 1.0, '_a4_': 1.0, '_a5_': 1.0, '_a7_': 1.0}};{'d0': 0.024905832919416598};-280.569866449044;40.597179248294495
35846;-99.6877539762277;(((-((_a1_ + pow2((_a0_ + x)))) + x) * (_a6_ + _a6_)) * x);{'d0': {'_a0_': 0.811929707766091, '_a1_': -0.1335380793609732, '_a6_': -1.6883804376575788, '_a2_': 1.0, '_a3_': 1.0, '_a4_': 1.0, '_a5_': 1.0, '_a7_': 1.0}};{'d0': 0.024905832919416598};-280.569866449044;40.597179248294495
35847;-99.6877539762277;(((-((_a1_ + pow2((_a0_ + x)))) + x) * (_a6_ + _a6_)) * x);{'d0': {'_a0_': 0.811929707766091, '_a1_': -0.1335380793609732, '_a6_': -1.6883804376575788, '_a2_': 1.0, '_a3_': 1.0, '_a4_': 1.0, '_a5_': 1.0, '_a7_': 1.0}};{'d0': 0.024905832919416598};-280.569866449044;40.597179248294495
35848;-99.6877539762277;(((-((_a1_ + pow2((_a0_ + x)))) + x) * (_a6_ + _a6_)) * x);{'d0': {'_a0_': 0.811929707766091, '_a1_': -0.1335380793609732, '_a6_': -1.6883804376575788, '_a2_': 1.0, '_a3_': 1.0, '_a4_': 1.0, '_a5_': 1.0, '_a7_': 1.0}};{'d0': 0.024905832919416598};-280.569866449044;40.597179248294495
35849;-99.6877539762277;(((-((_a1_ + pow2((_a0_ + x)))) + x) * (_a6_ + _a6_)) * x);{'d0': {'_a0_': 0.811929707766091, '_a1_': -0.1335380793609732, '_a6_': -1.6883804376575788, '_a2_': 1.0, '_a3_': 1.0, '_a4_': 1.0, '_a5_': 1.0, '_a7_': 1.0}};{'d0': 0.024905832919416598};-280.569866449044;40.597179248294495
35850;-99.6877539762277;(((-((_a1_ + pow2((_a0_ + x)))) + x) * (_a6_ + _a6_)) * x);{'d0': {'_a0_': 0.811929707766091, '_a1_': -0.1335380793609732, '_a6_': -1.6883804376575788, '_a2_': 1.0, '_a3_': 1.0, '_a4_': 1.0, '_a5_': 1.0, '_a7_': 1.0}};{'d0': 0.024905832919416598};-280.569866449044;40.597179248294495
35851;-99.6877539762277;(((-((_a1_ + pow2((_a0_ + x)))) + x) * (_a6_ + _a6_)) * x);{'d0': {'_a0_': 0.811929707766091, '_a1_': -0.1335380793609732, '_a6_': -1.6883804376575788, '_a2_': 1.0, '_a3_': 1.0, '_a4_': 1.0, '_a5_': 1.0, '_a7_': 1.0}};{'d0': 0.024905832919416598};-280.569866449044;40.597179248294495
35852;-99.6877539762277;(((-((_a1_ + pow2((_a0_ + x)))) + x) * (_a6_ + _a6_)) * x);{'d0': {'_a0_': 0.811929707766091, '_a1_': -0.1335380793609732, '_a6_': -1.6883804376575788, '_a2_': 1.0, '_a3_': 1.0, '_a4_': 1.0, '_a5_': 1.0, '_a7_': 1.0}};{'d0': 0.024905832919416598};-280.569866449044;40.597179248294495
35853;-99.6877539762277;(((-((_a1_ + pow2((_a0_ + x)))) + x) * (_a6_ + _a6_)) * x);{'d0': {'_a0_': 0.811929707766091, '_a1_': -0.1335380793609732, '_a6_': -1.6883804376575788, '_a2_': 1.0, '_a3_': 1.0, '_a4_': 1.0, '_a5_': 1.0, '_a7_': 1.0}};{'d0': 0.024905832919416598};-280.569866449044;40.597179248294495
35854;-99.6877539762277;(((-((_a1_ + pow2((_a0_ + x)))) + x) * (_a6_ + _a6_)) * x);{'d0': {'_a0_': 0.811929707766091, '_a1_': -0.1335380793609732, '_a6_': -1.6883804376575788, '_a2_': 1.0, '_a3_': 1.0, '_a4_': 1.0, '_a5_': 1.0, '_a7_': 1.0}};{'d0': 0.024905832919416598};-280.569866449044;40.597179248294495
35855;-99.6877539762277;(((-((_a1_ + pow2((_a0_ + x)))) + x) * (_a6_ + _a6_)) * x);{'d0': {'_a0_': 0.811929707766091, '_a1_': -0.1335380793609732, '_a6_': -1.6883804376575788, '_a2_': 1.0, '_a3_': 1.0, '_a4_': 1.0, '_a5_': 1.0, '_a7_': 1.0}};{'d0': 0.024905832919416598};-280.569866449044;40.597179248294495
35856;-99.6877539762277;(((-((_a1_ + pow2((_a0_ + x)))) + x) * (_a6_ + _a6_)) * x);{'d0': {'_a0_': 0.811929707766091, '_a1_': -0.1335380793609732, '_a6_': -1.6883804376575788, '_a2_': 1.0, '_a3_': 1.0, '_a4_': 1.0, '_a5_': 1.0, '_a7_': 1.0}};{'d0': 0.024905832919416598};-280.569866449044;40.597179248294495
35857;-99.6877539762277;(((-((_a1_ + pow2((_a0_ + x)))) + x) * (_a6_ + _a6_)) * x);{'d0': {'_a0_': 0.811929707766091, '_a1_': -0.1335380793609732, '_a6_': -1.6883804376575788, '_a2_': 1.0, '_a3_': 1.0, '_a4_': 1.0, '_a5_': 1.0, '_a7_': 1.0}};{'d0': 0.024905832919416598};-280.569866449044;40.597179248294495
35858;-99.6877539762277;(((-((_a1_ + pow2((_a0_ + x)))) + x) * (_a6_ + _a6_)) * x);{'d0': {'_a0_': 0.811929707766091, '_a1_': -0.1335380793609732, '_a6_': -1.6883804376575788, '_a2_': 1.0, '_a3_': 1.0, '_a4_': 1.0, '_a5_': 1.0, '_a7_': 1.0}};{'d0': 0.024905832919416598};-280.569866449044;40.597179248294495
35859;-96.0073017379665;(((-((-(_a5_) + pow2((_a0_ + x)))) + x) * (_a6_ + _a6_)) * x);{'d0': {'_a0_': 0.8119297078127455, '_a5_': 0.13353808106703638, '_a6_': -1.6883804415812345, '_a1_': 1.0, '_a2_': 1.0, '_a3_': 1.0, '_a4_': 1.0, '_a7_': 1.0}};{'d0': 0.024905832919416688};-280.569866449043;44.27763148655566
35860;-96.0073017379665;(((-((-(_a5_) + pow2((_a0_ + x)))) + x) * (_a6_ + _a6_)) * x);{'d0': {'_a0_': 0.8119297078127455, '_a5_': 0.13353808106703638, '_a6_': -1.6883804415812345, '_a1_': 1.0, '_a2_': 1.0, '_a3_': 1.0, '_a4_': 1.0, '_a7_': 1.0}};{'d0': 0.024905832919416688};-280.569866449043;44.27763148655566
35861;-96.0073017379665;(((-((-(_a5_) + pow2((_a0_ + x)))) + x) * (_a6_ + _a6_)) * x);{'d0': {'_a0_': 0.8119297078127455, '_a5_': 0.13353808106703638, '_a6_': -1.6883804415812345, '_a1_': 1.0, '_a2_': 1.0, '_a3_': 1.0, '_a4_': 1.0, '_a7_': 1.0}};{'d0': 0.024905832919416688};-280.569866449043;44.27763148655566
35862;-96.0073017379665;(((-((-(_a5_) + pow2((_a0_ + x)))) + x) * (_a6_ + _a6_)) * x);{'d0': {'_a0_': 0.8119297078127455, '_a5_': 0.13353808106703638, '_a6_': -1.6883804415812345, '_a1_': 1.0, '_a2_': 1.0, '_a3_': 1.0, '_a4_': 1.0, '_a7_': 1.0}};{'d0': 0.024905832919416688};-280.569866449043;44.27763148655566
35863;-96.0073017379665;(((-((-(_a5_) + pow2((_a0_ + x)))) + x) * (_a6_ + _a6_)) * x);{'d0': {'_a0_': 0.8119297078127455, '_a5_': 0.13353808106703638, '_a6_': -1.6883804415812345, '_a1_': 1.0, '_a2_': 1.0, '_a3_': 1.0, '_a4_': 1.0, '_a7_': 1.0}};{'d0': 0.024905832919416688};-280.569866449043;44.27763148655566
35864;-96.0073017379665;(((-((-(_a5_) + pow2((_a0_ + x)))) + x) * (_a6_ + _a6_)) * x);{'d0': {'_a0_': 0.8119297078127455, '_a5_': 0.13353808106703638, '_a6_': -1.6883804415812345, '_a1_': 1.0, '_a2_': 1.0, '_a3_': 1.0, '_a4_': 1.0, '_a7_': 1.0}};{'d0': 0.024905832919416688};-280.569866449043;44.27763148655566
35865;-102.011645631308;((((_a6_ * _a7_) + ((_a7_ + x) * (_a2_ * x))) * _a5_) * x);{'d0': {'_a2_': -293242.58783973654, '_a5_': -1.151524237557774e-05, '_a6_': -247099.28434582968, '_a7_': 0.6238594155098144, '_a0_': 1.0, '_a1_': 1.0, '_a3_': 1.0, '_a4_': 1.0}};{'d0': 0.02490583293466512};-276.475521850087;36.22611529373501
35866;-102.011645631308;((((_a6_ * _a7_) + ((_a7_ + x) * (_a2_ * x))) * _a5_) * x);{'d0': {'_a2_': -293242.58783973654, '_a5_': -1.151524237557774e-05, '_a6_': -247099.28434582968, '_a7_': 0.6238594155098144, '_a0_': 1.0, '_a1_': 1.0, '_a3_': 1.0, '_a4_': 1.0}};{'d0': 0.02490583293466512};-276.475521850087;36.22611529373501
35867;-102.011645631308;((((_a6_ * _a7_) + ((_a7_ + x) * (_a2_ * x))) * _a5_) * x);{'d0': {'_a2_': -293242.58783973654, '_a5_': -1.151524237557774e-05, '_a6_': -247099.28434582968, '_a7_': 0.6238594155098144, '_a0_': 1.0, '_a1_': 1.0, '_a3_': 1.0, '_a4_': 1.0}};{'d0': 0.02490583293466512};-276.475521850087;36.22611529373501
35868;-102.011645631308;((((_a6_ * _a7_) + ((_a7_ + x) * (_a2_ * x))) * _a5_) * x);{'d0': {'_a2_': -293242.58783973654, '_a5_': -1.151524237557774e-05, '_a6_': -247099.28434582968, '_a7_': 0.6238594155098144, '_a0_': 1.0, '_a1_': 1.0, '_a3_': 1.0, '_a4_': 1.0}};{'d0': 0.02490583293466512};-276.475521850087;36.22611529373501
35869;-102.011645631308;((((_a6_ * _a7_) + ((_a7_ + x) * (_a2_ * x))) * _a5_) * x);{'d0': {'_a2_': -293242.58783973654, '_a5_': -1.151524237557774e-05, '_a6_': -247099.28434582968, '_a7_': 0.6238594155098144, '_a0_': 1.0, '_a1_': 1.0, '_a3_': 1.0, '_a4_': 1.0}};{'d0': 0.02490583293466512};-276.475521850087;36.22611529373501
35870;-102.011645631308;((((_a6_ * _a7_) + ((_a7_ + x) * (_a2_ * x))) * _a5_) * x);{'d0': {'_a2_': -293242.58783973654, '_a5_': -1.151524237557774e-05, '_a6_': -247099.28434582968, '_a7_': 0.6238594155098144, '_a0_': 1.0, '_a1_': 1.0, '_a3_': 1.0, '_a4_': 1.0}};{'d0': 0.02490583293466512};-276.475521850087;36.22611529373501
35871;-102.011645631308;((((_a6_ * _a7_) + ((_a7_ + x) * (_a2_ * x))) * _a5_) * x);{'d0': {'_a2_': -293242.58783973654, '_a5_': -1.151524237557774e-05, '_a6_': -247099.28434582968, '_a7_': 0.6238594155098144, '_a0_': 1.0, '_a1_': 1.0, '_a3_': 1.0, '_a4_': 1.0}};{'d0': 0.02490583293466512};-276.475521850087;36.22611529373501
35872;-102.011645631308;((((_a6_ * _a7_) + ((_a7_ + x) * (_a2_ * x))) * _a5_) * x);{'d0': {'_a2_': -293242.58783973654, '_a5_': -1.151524237557774e-05, '_a6_': -247099.28434582968, '_a7_': 0.6238594155098144, '_a0_': 1.0, '_a1_': 1.0, '_a3_': 1.0, '_a4_': 1.0}};{'d0': 0.02490583293466512};-276.475521850087;36.22611529373501
35873;-88.1598376899429;(((-((-((_a3_ / _a5_)) + pow2((_a0_ + x)))) + x) * (_a6_ + _a6_)) * x);{'d0': {'_a0_': 0.8119297077941465, '_a3_': -3.165631282577291, '_a5_': -23.705840841839503, '_a6_': -1.6883804367627246, '_a1_': 1.0, '_a2_': 1.0, '_a4_': 1.0, '_a7_': 1.0}};{'d0': 0.024905832919840172};-276.475521885801;50.077923252958065
35874;-88.1598376899429;(((-((-((_a3_ / _a5_)) + pow2((_a0_ + x)))) + x) * (_a6_ + _a6_)) * x);{'d0': {'_a0_': 0.8119297077941465, '_a3_': -3.165631282577291, '_a5_': -23.705840841839503, '_a6_': -1.6883804367627246, '_a1_': 1.0, '_a2_': 1.0, '_a4_': 1.0, '_a7_': 1.0}};{'d0': 0.024905832919840172};-276.475521885801;50.077923252958065
35875;-88.1598376899429;(((-((-((_a3_ / _a5_)) + pow2((_a0_ + x)))) + x) * (_a6_ + _a6_)) * x);{'d0': {'_a0_': 0.8119297077941465, '_a3_': -3.165631282577291, '_a5_': -23.705840841839503, '_a6_': -1.6883804367627246, '_a1_': 1.0, '_a2_': 1.0, '_a4_': 1.0, '_a7_': 1.0}};{'d0': 0.024905832919840172};-276.475521885801;50.077923252958065
35876;-88.1598376899429;(((-((-((_a3_ / _a5_)) + pow2((_a0_ + x)))) + x) * (_a6_ + _a6_)) * x);{'d0': {'_a0_': 0.8119297077941465, '_a3_': -3.165631282577291, '_a5_': -23.705840841839503, '_a6_': -1.6883804367627246, '_a1_': 1.0, '_a2_': 1.0, '_a4_': 1.0, '_a7_': 1.0}};{'d0': 0.024905832919840172};-276.475521885801;50.077923252958065
35877;-88.1598376899429;(((-((-((_a3_ / _a5_)) + pow2((_a0_ + x)))) + x) * (_a6_ + _a6_)) * x);{'d0': {'_a0_': 0.8119297077941465, '_a3_': -3.165631282577291, '_a5_': -23.705840841839503, '_a6_': -1.6883804367627246, '_a1_': 1.0, '_a2_': 1.0, '_a4_': 1.0, '_a7_': 1.0}};{'d0': 0.024905832919840172};-276.475521885801;50.077923252958065
35878;-102.011645631308;((((_a6_ * _a7_) + ((_a7_ + x) * (_a2_ * x))) * _a5_) * x);{'d0': {'_a2_': -293242.58783973654, '_a5_': -1.151524237557774e-05, '_a6_': -247099.28434582968, '_a7_': 0.6238594155098144, '_a0_': 1.0, '_a1_': 1.0, '_a3_': 1.0, '_a4_': 1.0}};{'d0': 0.02490583293466512};-276.475521850087;36.22611529373501
35879;-102.011645631308;((((_a6_ * _a7_) + ((_a7_ + x) * (_a2_ * x))) * _a5_) * x);{'d0': {'_a2_': -293242.58783973654, '_a5_': -1.151524237557774e-05, '_a6_': -247099.28434582968, '_a7_': 0.6238594155098144, '_a0_': 1.0, '_a1_': 1.0, '_a3_': 1.0, '_a4_': 1.0}};{'d0': 0.02490583293466512};-276.475521850087;36.22611529373501
35880;-102.011645631308;((((_a6_ * _a7_) + ((_a7_ + x) * (_a2_ * x))) * _a5_) * x);{'d0': {'_a2_': -293242.58783973654, '_a5_': -1.151524237557774e-05, '_a6_': -247099.28434582968, '_a7_': 0.6238594155098144, '_a0_': 1.0, '_a1_': 1.0, '_a3_': 1.0, '_a4_': 1.0}};{'d0': 0.02490583293466512};-276.475521850087;36.22611529373501
35881;-102.011645631308;((((_a6_ * _a7_) + ((_a7_ + x) * (_a2_ * x))) * _a5_) * x);{'d0': {'_a2_': -293242.58783973654, '_a5_': -1.151524237557774e-05, '_a6_': -247099.28434582968, '_a7_': 0.6238594155098144, '_a0_': 1.0, '_a1_': 1.0, '_a3_': 1.0, '_a4_': 1.0}};{'d0': 0.02490583293466512};-276.475521850087;36.22611529373501
35882;-102.011645631308;((((_a6_ * _a7_) + ((_a7_ + x) * (_a2_ * x))) * _a5_) * x);{'d0': {'_a2_': -293242.58783973654, '_a5_': -1.151524237557774e-05, '_a6_': -247099.28434582968, '_a7_': 0.6238594155098144, '_a0_': 1.0, '_a1_': 1.0, '_a3_': 1.0, '_a4_': 1.0}};{'d0': 0.02490583293466512};-276.475521850087;36.22611529373501
35883;-102.011645631308;((((_a6_ * _a7_) + ((_a7_ + x) * (_a2_ * x))) * _a5_) * x);{'d0': {'_a2_': -293242.58783973654, '_a5_': -1.151524237557774e-05, '_a6_': -247099.28434582968, '_a7_': 0.6238594155098144, '_a0_': 1.0, '_a1_': 1.0, '_a3_': 1.0, '_a4_': 1.0}};{'d0': 0.02490583293466512};-276.475521850087;36.22611529373501
35884;-102.011645631308;((((_a6_ * _a7_) + ((_a7_ + x) * (_a2_ * x))) * _a5_) * x);{'d0': {'_a2_': -293242.58783973654, '_a5_': -1.151524237557774e-05, '_a6_': -247099.28434582968, '_a7_': 0.6238594155098144, '_a0_': 1.0, '_a1_': 1.0, '_a3_': 1.0, '_a4_': 1.0}};{'d0': 0.02490583293466512};-276.475521850087;36.22611529373501
35885;-102.011645631308;((((_a6_ * _a7_) + ((_a7_ + x) * (_a2_ * x))) * _a5_) * x);{'d0': {'_a2_': -293242.58783973654, '_a5_': -1.151524237557774e-05, '_a6_': -247099.28434582968, '_a7_': 0.6238594155098144, '_a0_': 1.0, '_a1_': 1.0, '_a3_': 1.0, '_a4_': 1.0}};{'d0': 0.02490583293466512};-276.475521850087;36.22611529373501
35886;-102.011645631308;((((_a6_ * _a7_) + ((_a7_ + x) * (_a2_ * x))) * _a5_) * x);{'d0': {'_a2_': -293242.58783973654, '_a5_': -1.151524237557774e-05, '_a6_': -247099.28434582968, '_a7_': 0.6238594155098144, '_a0_': 1.0, '_a1_': 1.0, '_a3_': 1.0, '_a4_': 1.0}};{'d0': 0.02490583293466512};-276.475521850087;36.22611529373501
35887;-102.011645631308;((((_a6_ * _a7_) + ((_a7_ + x) * (_a2_ * x))) * _a5_) * x);{'d0': {'_a2_': -293242.58783973654, '_a5_': -1.151524237557774e-05, '_a6_': -247099.28434582968, '_a7_': 0.6238594155098144, '_a0_': 1.0, '_a1_': 1.0, '_a3_': 1.0, '_a4_': 1.0}};{'d0': 0.02490583293466512};-276.475521850087;36.22611529373501
35888;-102.011645631308;((((_a6_ * _a7_) + ((_a7_ + x) * (_a2_ * x))) * _a5_) * x);{'d0': {'_a2_': -293242.58783973654, '_a5_': -1.151524237557774e-05, '_a6_': -247099.28434582968, '_a7_': 0.6238594155098144, '_a0_': 1.0, '_a1_': 1.0, '_a3_': 1.0, '_a4_': 1.0}};{'d0': 0.02490583293466512};-276.475521850087;36.22611529373501
35889;-102.011645631308;((((_a6_ * _a7_) + ((_a7_ + x) * (_a2_ * x))) * _a5_) * x);{'d0': {'_a2_': -293242.58783973654, '_a5_': -1.151524237557774e-05, '_a6_': -247099.28434582968, '_a7_': 0.6238594155098144, '_a0_': 1.0, '_a1_': 1.0, '_a3_': 1.0, '_a4_': 1.0}};{'d0': 0.02490583293466512};-276.475521850087;36.22611529373501
35890;-102.011645631308;((((_a6_ * _a7_) + ((_a7_ + x) * (_a2_ * x))) * _a5_) * x);{'d0': {'_a2_': -293242.58783973654, '_a5_': -1.151524237557774e-05, '_a6_': -247099.28434582968, '_a7_': 0.6238594155098144, '_a0_': 1.0, '_a1_': 1.0, '_a3_': 1.0, '_a4_': 1.0}};{'d0': 0.02490583293466512};-276.475521850087;36.22611529373501
35891;-102.011645631308;((((_a6_ * _a7_) + ((_a7_ + x) * (_a2_ * x))) * _a5_) * x);{'d0': {'_a2_': -293242.58783973654, '_a5_': -1.151524237557774e-05, '_a6_': -247099.28434582968, '_a7_': 0.6238594155098144, '_a0_': 1.0, '_a1_': 1.0, '_a3_': 1.0, '_a4_': 1.0}};{'d0': 0.02490583293466512};-276.475521850087;36.22611529373501
35892;-102.011645631308;((((_a6_ * _a7_) + ((_a7_ + x) * (_a2_ * x))) * _a5_) * x);{'d0': {'_a2_': -293242.58783973654, '_a5_': -1.151524237557774e-05, '_a6_': -247099.28434582968, '_a7_': 0.6238594155098144, '_a0_': 1.0, '_a1_': 1.0, '_a3_': 1.0, '_a4_': 1.0}};{'d0': 0.02490583293466512};-276.475521850087;36.22611529373501
35893;-94.4402824091468;((((pow2(((x * _a4_) + (_a1_ + _a3_))) * _a4_) + x) * x) * (_a1_ * _a3_));{'d0': {'_a1_': -2.1007620696352927, '_a3_': 1.328084805922337, '_a4_': -1.0656940573422624, '_a0_': 1.0, '_a2_': 1.0, '_a5_': 1.0, '_a6_': 1.0, '_a7_': 1.0}};{'d0': 0.02490583291941662};-280.569866449044;45.84465081537481
35894;-94.5605916917744;((((pow2(((x * _a4_) + (_a1_ / _a3_))) * _a4_) + x) * x) * (_a1_ * _a3_));{'d0': {'_a1_': -1.4682513347987507, '_a3_': 1.9002129399123342, '_a4_': -1.0656940574290115, '_a0_': 1.0, '_a2_': 1.0, '_a5_': 1.0, '_a6_': 1.0, '_a7_': 1.0}};{'d0': 0.02490583291941662};-280.569866449044;45.72434153274721
35895;-94.5605916917744;((((pow2(((x * _a4_) + (_a1_ / _a3_))) * _a4_) + x) * x) * (_a1_ * _a3_));{'d0': {'_a1_': -1.4682513347987507, '_a3_': 1.9002129399123342, '_a4_': -1.0656940574290115, '_a0_': 1.0, '_a2_': 1.0, '_a5_': 1.0, '_a6_': 1.0, '_a7_': 1.0}};{'d0': 0.02490583291941662};-280.569866449044;45.72434153274721
35896;-94.5605916917744;((((pow2(((x * _a4_) + (_a1_ / _a3_))) * _a4_) + x) * x) * (_a1_ * _a3_));{'d0': {'_a1_': -1.4682513347987507, '_a3_': 1.9002129399123342, '_a4_': -1.0656940574290115, '_a0_': 1.0, '_a2_': 1.0, '_a5_': 1.0, '_a6_': 1.0, '_a7_': 1.0}};{'d0': 0.02490583291941662};-280.569866449044;45.72434153274721
35897;-94.5605916917744;((((pow2(((x * _a4_) + (_a1_ / _a3_))) * _a4_) + x) * x) * (_a1_ * _a3_));{'d0': {'_a1_': -1.4682513347987507, '_a3_': 1.9002129399123342, '_a4_': -1.0656940574290115, '_a0_': 1.0, '_a2_': 1.0, '_a5_': 1.0, '_a6_': 1.0, '_a7_': 1.0}};{'d0': 0.02490583291941662};-280.569866449044;45.72434153274721
35898;-94.5605916917744;((((pow2(((x * _a4_) + (_a1_ / _a3_))) * _a4_) + x) * x) * (_a1_ * _a3_));{'d0': {'_a1_': -1.4682513347987507, '_a3_': 1.9002129399123342, '_a4_': -1.0656940574290115, '_a0_': 1.0, '_a2_': 1.0, '_a5_': 1.0, '_a6_': 1.0, '_a7_': 1.0}};{'d0': 0.02490583291941662};-280.569866449044;45.72434153274721
35899;-94.5605916917744;((((pow2(((x * _a4_) + (_a1_ / _a3_))) * _a4_) + x) * x) * (_a1_ * _a3_));{'d0': {'_a1_': -1.4682513347987507, '_a3_': 1.9002129399123342, '_a4_': -1.0656940574290115, '_a0_': 1.0, '_a2_': 1.0, '_a5_': 1.0, '_a6_': 1.0, '_a7_': 1.0}};{'d0': 0.02490583291941662};-280.569866449044;45.72434153274721
35900;-94.5605916917744;((((pow2(((x * _a4_) + (_a1_ / _a3_))) * _a4_) + x) * x) * (_a1_ * _a3_));{'d0': {'_a1_': -1.4682513347987507, '_a3_': 1.9002129399123342, '_a4_': -1.0656940574290115, '_a0_': 1.0, '_a2_': 1.0, '_a5_': 1.0, '_a6_': 1.0, '_a7_': 1.0}};{'d0': 0.02490583291941662};-280.569866449044;45.72434153274721
35901;-94.5605916917744;((((pow2(((x * _a4_) + (_a1_ / _a3_))) * _a4_) + x) * x) * (_a1_ * _a3_));{'d0': {'_a1_': -1.4682513347987507, '_a3_': 1.9002129399123342, '_a4_': -1.0656940574290115, '_a0_': 1.0, '_a2_': 1.0, '_a5_': 1.0, '_a6_': 1.0, '_a7_': 1.0}};{'d0': 0.02490583291941662};-280.569866449044;45.72434153274721
35902;-94.5605916917744;((((pow2(((x * _a4_) + (_a1_ / _a3_))) * _a4_) + x) * x) * (_a1_ * _a3_));{'d0': {'_a1_': -1.4682513347987507, '_a3_': 1.9002129399123342, '_a4_': -1.0656940574290115, '_a0_': 1.0, '_a2_': 1.0, '_a5_': 1.0, '_a6_': 1.0, '_a7_': 1.0}};{'d0': 0.02490583291941662};-280.569866449044;45.72434153274721
35903;-94.5605916917744;((((pow2(((x * _a4_) + (_a1_ / _a3_))) * _a4_) + x) * x) * (_a1_ * _a3_));{'d0': {'_a1_': -1.4682513347987507, '_a3_': 1.9002129399123342, '_a4_': -1.0656940574290115, '_a0_': 1.0, '_a2_': 1.0, '_a5_': 1.0, '_a6_': 1.0, '_a7_': 1.0}};{'d0': 0.02490583291941662};-280.569866449044;45.72434153274721
35904;-94.5605916917744;((((pow2(((x * _a4_) + (_a1_ / _a3_))) * _a4_) + x) * x) * (_a1_ * _a3_));{'d0': {'_a1_': -1.4682513347987507, '_a3_': 1.9002129399123342, '_a4_': -1.0656940574290115, '_a0_': 1.0, '_a2_': 1.0, '_a5_': 1.0, '_a6_': 1.0, '_a7_': 1.0}};{'d0': 0.02490583291941662};-280.569866449044;45.72434153274721
35905;-94.5605916917744;((((pow2(((x * _a4_) + (_a1_ / _a3_))) * _a4_) + x) * x) * (_a1_ * _a3_));{'d0': {'_a1_': -1.4682513347987507, '_a3_': 1.9002129399123342, '_a4_': -1.0656940574290115, '_a0_': 1.0, '_a2_': 1.0, '_a5_': 1.0, '_a6_': 1.0, '_a7_': 1.0}};{'d0': 0.02490583291941662};-280.569866449044;45.72434153274721
35906;-94.5605916917744;((((pow2(((x * _a4_) + (_a1_ / _a3_))) * _a4_) + x) * x) * (_a1_ * _a3_));{'d0': {'_a1_': -1.4682513347987507, '_a3_': 1.9002129399123342, '_a4_': -1.0656940574290115, '_a0_': 1.0, '_a2_': 1.0, '_a5_': 1.0, '_a6_': 1.0, '_a7_': 1.0}};{'d0': 0.02490583291941662};-280.569866449044;45.72434153274721
35907;-94.5605916917744;((((pow2(((x * _a4_) + (_a1_ / _a3_))) * _a4_) + x) * x) * (_a1_ * _a3_));{'d0': {'_a1_': -1.4682513347987507, '_a3_': 1.9002129399123342, '_a4_': -1.0656940574290115, '_a0_': 1.0, '_a2_': 1.0, '_a5_': 1.0, '_a6_': 1.0, '_a7_': 1.0}};{'d0': 0.02490583291941662};-280.569866449044;45.72434153274721
35908;-94.5605916917744;((((pow2(((x * _a4_) + (_a1_ / _a3_))) * _a4_) + x) * x) * (_a1_ * _a3_));{'d0': {'_a1_': -1.4682513347987507, '_a3_': 1.9002129399123342, '_a4_': -1.0656940574290115, '_a0_': 1.0, '_a2_': 1.0, '_a5_': 1.0, '_a6_': 1.0, '_a7_': 1.0}};{'d0': 0.02490583291941662};-280.569866449044;45.72434153274721
35909;-94.5605916917744;((((pow2(((x * _a4_) + (_a1_ / _a3_))) * _a4_) + x) * x) * (_a1_ * _a3_));{'d0': {'_a1_': -1.4682513347987507, '_a3_': 1.9002129399123342, '_a4_': -1.0656940574290115, '_a0_': 1.0, '_a2_': 1.0, '_a5_': 1.0, '_a6_': 1.0, '_a7_': 1.0}};{'d0': 0.02490583291941662};-280.569866449044;45.72434153274721
35910;-94.5605916917744;((((pow2(((x * _a4_) + (_a1_ / _a3_))) * _a4_) + x) * x) * (_a1_ * _a3_));{'d0': {'_a1_': -1.4682513347987507, '_a3_': 1.9002129399123342, '_a4_': -1.0656940574290115, '_a0_': 1.0, '_a2_': 1.0, '_a5_': 1.0, '_a6_': 1.0, '_a7_': 1.0}};{'d0': 0.02490583291941662};-280.569866449044;45.72434153274721
35911;-94.5605916917744;((((pow2(((x * _a4_) + (_a1_ / _a3_))) * _a4_) + x) * x) * (_a1_ * _a3_));{'d0': {'_a1_': -1.4682513347987507, '_a3_': 1.9002129399123342, '_a4_': -1.0656940574290115, '_a0_': 1.0, '_a2_': 1.0, '_a5_': 1.0, '_a6_': 1.0, '_a7_': 1.0}};{'d0': 0.02490583291941662};-280.569866449044;45.72434153274721
35912;-94.5605916917744;((((pow2(((x * _a4_) + (_a1_ / _a3_))) * _a4_) + x) * x) * (_a1_ * _a3_));{'d0': {'_a1_': -1.4682513347987507, '_a3_': 1.9002129399123342, '_a4_': -1.0656940574290115, '_a0_': 1.0, '_a2_': 1.0, '_a5_': 1.0, '_a6_': 1.0, '_a7_': 1.0}};{'d0': 0.02490583291941662};-280.569866449044;45.72434153274721
35913;-94.5605916917744;((((pow2(((x * _a4_) + (_a1_ / _a3_))) * _a4_) + x) * x) * (_a1_ * _a3_));{'d0': {'_a1_': -1.4682513347987507, '_a3_': 1.9002129399123342, '_a4_': -1.0656940574290115, '_a0_': 1.0, '_a2_': 1.0, '_a5_': 1.0, '_a6_': 1.0, '_a7_': 1.0}};{'d0': 0.02490583291941662};-280.569866449044;45.72434153274721
35914;-94.5605916917744;((((pow2(((x * _a4_) + (_a1_ / _a3_))) * _a4_) + x) * x) * (_a1_ * _a3_));{'d0': {'_a1_': -1.4682513347987507, '_a3_': 1.9002129399123342, '_a4_': -1.0656940574290115, '_a0_': 1.0, '_a2_': 1.0, '_a5_': 1.0, '_a6_': 1.0, '_a7_': 1.0}};{'d0': 0.02490583291941662};-280.569866449044;45.72434153274721
35915;-94.5605916917744;((((pow2(((x * _a4_) + (_a1_ / _a3_))) * _a4_) + x) * x) * (_a1_ * _a3_));{'d0': {'_a1_': -1.4682513347987507, '_a3_': 1.9002129399123342, '_a4_': -1.0656940574290115, '_a0_': 1.0, '_a2_': 1.0, '_a5_': 1.0, '_a6_': 1.0, '_a7_': 1.0}};{'d0': 0.02490583291941662};-280.569866449044;45.72434153274721
35916;-94.5605916917744;((((pow2(((x * _a4_) + (_a1_ / _a3_))) * _a4_) + x) * x) * (_a1_ * _a3_));{'d0': {'_a1_': -1.4682513347987507, '_a3_': 1.9002129399123342, '_a4_': -1.0656940574290115, '_a0_': 1.0, '_a2_': 1.0, '_a5_': 1.0, '_a6_': 1.0, '_a7_': 1.0}};{'d0': 0.02490583291941662};-280.569866449044;45.72434153274721
35917;-94.5605916917744;((((pow2(((x * _a4_) + (_a1_ / _a3_))) * _a4_) + x) * x) * (_a1_ * _a3_));{'d0': {'_a1_': -1.4682513347987507, '_a3_': 1.9002129399123342, '_a4_': -1.0656940574290115, '_a0_': 1.0, '_a2_': 1.0, '_a5_': 1.0, '_a6_': 1.0, '_a7_': 1.0}};{'d0': 0.02490583291941662};-280.569866449044;45.72434153274721
35918;-94.5605916917744;((((pow2(((x * _a4_) + (_a1_ / _a3_))) * _a4_) + x) * x) * (_a1_ * _a3_));{'d0': {'_a1_': -1.4682513347987507, '_a3_': 1.9002129399123342, '_a4_': -1.0656940574290115, '_a0_': 1.0, '_a2_': 1.0, '_a5_': 1.0, '_a6_': 1.0, '_a7_': 1.0}};{'d0': 0.02490583291941662};-280.569866449044;45.72434153274721
35919;-94.5605916917744;((((pow2(((x * _a4_) + (_a1_ / _a3_))) * _a4_) + x) * x) * (_a1_ * _a3_));{'d0': {'_a1_': -1.4682513347987507, '_a3_': 1.9002129399123342, '_a4_': -1.0656940574290115, '_a0_': 1.0, '_a2_': 1.0, '_a5_': 1.0, '_a6_': 1.0, '_a7_': 1.0}};{'d0': 0.02490583291941662};-280.569866449044;45.72434153274721
35920;-94.5605916917744;((((pow2(((x * _a4_) + (_a1_ / _a3_))) * _a4_) + x) * x) * (_a1_ * _a3_));{'d0': {'_a1_': -1.4682513347987507, '_a3_': 1.9002129399123342, '_a4_': -1.0656940574290115, '_a0_': 1.0, '_a2_': 1.0, '_a5_': 1.0, '_a6_': 1.0, '_a7_': 1.0}};{'d0': 0.02490583291941662};-280.569866449044;45.72434153274721
35921;-94.5605916917744;((((pow2(((x * _a4_) + (_a1_ / _a3_))) * _a4_) + x) * x) * (_a1_ * _a3_));{'d0': {'_a1_': -1.4682513347987507, '_a3_': 1.9002129399123342, '_a4_': -1.0656940574290115, '_a0_': 1.0, '_a2_': 1.0, '_a5_': 1.0, '_a6_': 1.0, '_a7_': 1.0}};{'d0': 0.02490583291941662};-280.569866449044;45.72434153274721
35922;-94.5605916917744;((((pow2(((x * _a4_) + (_a1_ / _a3_))) * _a4_) + x) * x) * (_a1_ * _a3_));{'d0': {'_a1_': -1.4682513347987507, '_a3_': 1.9002129399123342, '_a4_': -1.0656940574290115, '_a0_': 1.0, '_a2_': 1.0, '_a5_': 1.0, '_a6_': 1.0, '_a7_': 1.0}};{'d0': 0.02490583291941662};-280.569866449044;45.72434153274721
35923;-94.5605916917744;((((pow2(((x * _a4_) + (_a1_ / _a3_))) * _a4_) + x) * x) * (_a1_ * _a3_));{'d0': {'_a1_': -1.4682513347987507, '_a3_': 1.9002129399123342, '_a4_': -1.0656940574290115, '_a0_': 1.0, '_a2_': 1.0, '_a5_': 1.0, '_a6_': 1.0, '_a7_': 1.0}};{'d0': 0.02490583291941662};-280.569866449044;45.72434153274721
35924;-94.5605916917744;((((pow2(((x * _a4_) + (_a1_ / _a3_))) * _a4_) + x) * x) * (_a1_ * _a3_));{'d0': {'_a1_': -1.4682513347987507, '_a3_': 1.9002129399123342, '_a4_': -1.0656940574290115, '_a0_': 1.0, '_a2_': 1.0, '_a5_': 1.0, '_a6_': 1.0, '_a7_': 1.0}};{'d0': 0.02490583291941662};-280.569866449044;45.72434153274721
35925;-94.5605916917744;((((pow2(((x * _a4_) + (_a1_ / _a3_))) * _a4_) + x) * x) * (_a1_ * _a3_));{'d0': {'_a1_': -1.4682513347987507, '_a3_': 1.9002129399123342, '_a4_': -1.0656940574290115, '_a0_': 1.0, '_a2_': 1.0, '_a5_': 1.0, '_a6_': 1.0, '_a7_': 1.0}};{'d0': 0.02490583291941662};-280.569866449044;45.72434153274721
35926;-94.5605916917744;((((pow2(((x * _a4_) + (_a1_ / _a3_))) * _a4_) + x) * x) * (_a1_ * _a3_));{'d0': {'_a1_': -1.4682513347987507, '_a3_': 1.9002129399123342, '_a4_': -1.0656940574290115, '_a0_': 1.0, '_a2_': 1.0, '_a5_': 1.0, '_a6_': 1.0, '_a7_': 1.0}};{'d0': 0.02490583291941662};-280.569866449044;45.72434153274721
35927;-94.5605916917744;((((pow2(((x * _a4_) + (_a1_ / _a3_))) * _a4_) + x) * x) * (_a1_ * _a3_));{'d0': {'_a1_': -1.4682513347987507, '_a3_': 1.9002129399123342, '_a4_': -1.0656940574290115, '_a0_': 1.0, '_a2_': 1.0, '_a5_': 1.0, '_a6_': 1.0, '_a7_': 1.0}};{'d0': 0.02490583291941662};-280.569866449044;45.72434153274721
35928;-94.5605916917744;((((pow2(((x * _a4_) + (_a1_ / _a3_))) * _a4_) + x) * x) * (_a1_ * _a3_));{'d0': {'_a1_': -1.4682513347987507, '_a3_': 1.9002129399123342, '_a4_': -1.0656940574290115, '_a0_': 1.0, '_a2_': 1.0, '_a5_': 1.0, '_a6_': 1.0, '_a7_': 1.0}};{'d0': 0.02490583291941662};-280.569866449044;45.72434153274721
35929;-94.5605916917744;((((pow2(((x * _a4_) + (_a1_ / _a3_))) * _a4_) + x) * x) * (_a1_ * _a3_));{'d0': {'_a1_': -1.4682513347987507, '_a3_': 1.9002129399123342, '_a4_': -1.0656940574290115, '_a0_': 1.0, '_a2_': 1.0, '_a5_': 1.0, '_a6_': 1.0, '_a7_': 1.0}};{'d0': 0.02490583291941662};-280.569866449044;45.72434153274721
35930;-94.5605916917744;((((pow2(((x * _a4_) + (_a1_ / _a3_))) * _a4_) + x) * x) * (_a1_ * _a3_));{'d0': {'_a1_': -1.4682513347987507, '_a3_': 1.9002129399123342, '_a4_': -1.0656940574290115, '_a0_': 1.0, '_a2_': 1.0, '_a5_': 1.0, '_a6_': 1.0, '_a7_': 1.0}};{'d0': 0.02490583291941662};-280.569866449044;45.72434153274721
35931;-94.5605916917744;((((pow2(((x * _a4_) + (_a1_ / _a3_))) * _a4_) + x) * x) * (_a1_ * _a3_));{'d0': {'_a1_': -1.4682513347987507, '_a3_': 1.9002129399123342, '_a4_': -1.0656940574290115, '_a0_': 1.0, '_a2_': 1.0, '_a5_': 1.0, '_a6_': 1.0, '_a7_': 1.0}};{'d0': 0.02490583291941662};-280.569866449044;45.72434153274721
35932;-94.5605916917744;((((pow2(((x * _a4_) + (_a1_ / _a3_))) * _a4_) + x) * x) * (_a1_ * _a3_));{'d0': {'_a1_': -1.4682513347987507, '_a3_': 1.9002129399123342, '_a4_': -1.0656940574290115, '_a0_': 1.0, '_a2_': 1.0, '_a5_': 1.0, '_a6_': 1.0, '_a7_': 1.0}};{'d0': 0.02490583291941662};-280.569866449044;45.72434153274721
35933;-98.3316984881258;-((((_a0_ + ((_a7_ + x) * ((_a2_ * _a7_) * x))) * _a5_) * x));{'d0': {'_a0_': 130534.34387780864, '_a2_': 398021.817142564, '_a5_': -1.3598989782952516e-05, '_a7_': 0.6238594155506557, '_a1_': 1.0, '_a3_': 1.0, '_a4_': 1.0, '_a6_': 1.0}};{'d0': 0.024905832920487227};-276.475521884242;39.9060624539954
35934;-98.3316984881258;-((((_a0_ + ((_a7_ + x) * ((_a2_ * _a7_) * x))) * _a5_) * x));{'d0': {'_a0_': 130534.34387780864, '_a2_': 398021.817142564, '_a5_': -1.3598989782952516e-05, '_a7_': 0.6238594155506557, '_a1_': 1.0, '_a3_': 1.0, '_a4_': 1.0, '_a6_': 1.0}};{'d0': 0.024905832920487227};-276.475521884242;39.9060624539954
35935;-98.3316984881258;-((((_a0_ + ((_a7_ + x) * ((_a2_ * _a7_) * x))) * _a5_) * x));{'d0': {'_a0_': 130534.34387780864, '_a2_': 398021.817142564, '_a5_': -1.3598989782952516e-05, '_a7_': 0.6238594155506557, '_a1_': 1.0, '_a3_': 1.0, '_a4_': 1.0, '_a6_': 1.0}};{'d0': 0.024905832920487227};-276.475521884242;39.9060624539954
35936;-98.3316984881258;-((((_a0_ + ((_a7_ + x) * ((_a2_ * _a7_) * x))) * _a5_) * x));{'d0': {'_a0_': 130534.34387780864, '_a2_': 398021.817142564, '_a5_': -1.3598989782952516e-05, '_a7_': 0.6238594155506557, '_a1_': 1.0, '_a3_': 1.0, '_a4_': 1.0, '_a6_': 1.0}};{'d0': 0.024905832920487227};-276.475521884242;39.9060624539954
35937;-102.308962252590;(x * (((_a3_ * (_a2_ + (x / _a2_))) * x) + (x + _a1_)));{'d0': {'_a1_': 1.7751354042918766, '_a2_': 0.5724662684260401, '_a3_': 1.9330816982844814, '_a0_': 1.0, '_a4_': 1.0, '_a5_': 1.0, '_a6_': 1.0, '_a7_': 1.0}};{'d0': 0.02490583291941662};-280.569866449044;37.97597097193138
35938;-102.308962252590;(x * (((_a3_ * (_a2_ + (x / _a2_))) * x) + (x + _a1_)));{'d0': {'_a1_': 1.7751354042918766, '_a2_': 0.5724662684260401, '_a3_': 1.9330816982844814, '_a0_': 1.0, '_a4_': 1.0, '_a5_': 1.0, '_a6_': 1.0, '_a7_': 1.0}};{'d0': 0.02490583291941662};-280.569866449044;37.97597097193138
35939;-102.308962252590;(x * (((_a3_ * (_a2_ + (x / _a2_))) * x) + (x + _a1_)));{'d0': {'_a1_': 1.7751354042918766, '_a2_': 0.5724662684260401, '_a3_': 1.9330816982844814, '_a0_': 1.0, '_a4_': 1.0, '_a5_': 1.0, '_a6_': 1.0, '_a7_': 1.0}};{'d0': 0.02490583291941662};-280.569866449044;37.97597097193138
35940;-93.2376439912595;-(((((_a2_ * _a1_) + ((_a7_ + x) * ((_a2_ * _a7_) * x))) * _a5_) * x));{'d0': {'_a1_': 0.3279577609979976, '_a2_': 96478.3548458909, '_a5_': -5.610268856914116e-05, '_a7_': 0.623859415639522, '_a0_': 1.0, '_a3_': 1.0, '_a4_': 1.0, '_a6_': 1.0}};{'d0': 0.024905832919462214};-276.475521886712;45.000116952096405
35941;-93.2376439912595;-(((((_a2_ * _a1_) + ((_a7_ + x) * ((_a2_ * _a7_) * x))) * _a5_) * x));{'d0': {'_a1_': 0.3279577609979976, '_a2_': 96478.3548458909, '_a5_': -5.610268856914116e-05, '_a7_': 0.623859415639522, '_a0_': 1.0, '_a3_': 1.0, '_a4_': 1.0, '_a6_': 1.0}};{'d0': 0.024905832919462214};-276.475521886712;45.000116952096405
35942;-93.2376439912595;-(((((_a2_ * _a1_) + ((_a7_ + x) * ((_a2_ * _a7_) * x))) * _a5_) * x));{'d0': {'_a1_': 0.3279577609979976, '_a2_': 96478.3548458909, '_a5_': -5.610268856914116e-05, '_a7_': 0.623859415639522, '_a0_': 1.0, '_a3_': 1.0, '_a4_': 1.0, '_a6_': 1.0}};{'d0': 0.024905832919462214};-276.475521886712;45.000116952096405
35943;-93.2376439910072;-(((((_a2_ * _a1_) + ((_a2_ + x) * ((_a2_ * _a7_) * x))) * _a5_) * x));{'d0': {'_a1_': 104.20066135800292, '_a2_': 0.6238594155735804, '_a5_': -0.02730701651813304, '_a7_': 198.2162690251429, '_a0_': 1.0, '_a3_': 1.0, '_a4_': 1.0, '_a6_': 1.0}};{'d0': 0.024905832919671682};-276.475521886207;45.000116952096405
35944;-93.2376439910072;-(((((_a2_ * _a1_) + ((_a2_ + x) * ((_a2_ * _a7_) * x))) * _a5_) * x));{'d0': {'_a1_': 104.20066135800292, '_a2_': 0.6238594155735804, '_a5_': -0.02730701651813304, '_a7_': 198.2162690251429, '_a0_': 1.0, '_a3_': 1.0, '_a4_': 1.0, '_a6_': 1.0}};{'d0': 0.024905832919671682};-276.475521886207;45.000116952096405
35945;-93.2376439910072;-(((((_a2_ * _a1_) + ((_a2_ + x) * ((_a2_ * _a7_) * x))) * _a5_) * x));{'d0': {'_a1_': 104.20066135800292, '_a2_': 0.6238594155735804, '_a5_': -0.02730701651813304, '_a7_': 198.2162690251429, '_a0_': 1.0, '_a3_': 1.0, '_a4_': 1.0, '_a6_': 1.0}};{'d0': 0.024905832919671682};-276.475521886207;45.000116952096405
35946;-93.2376439910072;-(((((_a2_ * _a1_) + ((_a2_ + x) * ((_a2_ * _a7_) * x))) * _a5_) * x));{'d0': {'_a1_': 104.20066135800292, '_a2_': 0.6238594155735804, '_a5_': -0.02730701651813304, '_a7_': 198.2162690251429, '_a0_': 1.0, '_a3_': 1.0, '_a4_': 1.0, '_a6_': 1.0}};{'d0': 0.024905832919671682};-276.475521886207;45.000116952096405
35947;-93.2376439910072;-(((((_a2_ * _a1_) + ((_a2_ + x) * ((_a2_ * _a7_) * x))) * _a5_) * x));{'d0': {'_a1_': 104.20066135800292, '_a2_': 0.6238594155735804, '_a5_': -0.02730701651813304, '_a7_': 198.2162690251429, '_a0_': 1.0, '_a3_': 1.0, '_a4_': 1.0, '_a6_': 1.0}};{'d0': 0.024905832919671682};-276.475521886207;45.000116952096405
35948;-93.2376439910072;-(((((_a2_ * _a1_) + ((_a2_ + x) * ((_a2_ * _a7_) * x))) * _a5_) * x));{'d0': {'_a1_': 104.20066135800292, '_a2_': 0.6238594155735804, '_a5_': -0.02730701651813304, '_a7_': 198.2162690251429, '_a0_': 1.0, '_a3_': 1.0, '_a4_': 1.0, '_a6_': 1.0}};{'d0': 0.024905832919671682};-276.475521886207;45.000116952096405
35949;-89.5397095084319;-(((((_a2_ * _a1_) + ((pow2(_a7_) + x) * ((_a2_ * _a7_) * x))) * _a5_) * x));{'d0': {'_a1_': 0.4152164441482592, '_a2_': 10.2555227821194, '_a5_': -0.4168684254934882, '_a7_': 0.7898477165903653, '_a0_': 1.0, '_a3_': 1.0, '_a4_': 1.0, '_a6_': 1.0}};{'d0': 0.024905832927944817};-276.475521866276;48.69805142470641
35950;-89.5397095084319;-(((((_a2_ * _a1_) + ((pow2(_a7_) + x) * ((_a2_ * _a7_) * x))) * _a5_) * x));{'d0': {'_a1_': 0.4152164441482592, '_a2_': 10.2555227821194, '_a5_': -0.4168684254934882, '_a7_': 0.7898477165903653, '_a0_': 1.0, '_a3_': 1.0, '_a4_': 1.0, '_a6_': 1.0}};{'d0': 0.024905832927944817};-276.475521866276;48.69805142470641
35951;-89.5397095084319;-(((((_a2_ * _a1_) + ((pow2(_a7_) + x) * ((_a2_ * _a7_) * x))) * _a5_) * x));{'d0': {'_a1_': 0.4152164441482592, '_a2_': 10.2555227821194, '_a5_': -0.4168684254934882, '_a7_': 0.7898477165903653, '_a0_': 1.0, '_a3_': 1.0, '_a4_': 1.0, '_a6_': 1.0}};{'d0': 0.024905832927944817};-276.475521866276;48.69805142470641
35952;-89.5397095084319;-(((((_a2_ * _a1_) + ((pow2(_a7_) + x) * ((_a2_ * _a7_) * x))) * _a5_) * x));{'d0': {'_a1_': 0.4152164441482592, '_a2_': 10.2555227821194, '_a5_': -0.4168684254934882, '_a7_': 0.7898477165903653, '_a0_': 1.0, '_a3_': 1.0, '_a4_': 1.0, '_a6_': 1.0}};{'d0': 0.024905832927944817};-276.475521866276;48.69805142470641
35953;-89.5397095084319;-(((((_a2_ * _a1_) + ((pow2(_a7_) + x) * ((_a2_ * _a7_) * x))) * _a5_) * x));{'d0': {'_a1_': 0.4152164441482592, '_a2_': 10.2555227821194, '_a5_': -0.4168684254934882, '_a7_': 0.7898477165903653, '_a0_': 1.0, '_a3_': 1.0, '_a4_': 1.0, '_a6_': 1.0}};{'d0': 0.024905832927944817};-276.475521866276;48.69805142470641
35954;-89.5397095084319;-(((((_a2_ * _a1_) + ((pow2(_a7_) + x) * ((_a2_ * _a7_) * x))) * _a5_) * x));{'d0': {'_a1_': 0.4152164441482592, '_a2_': 10.2555227821194, '_a5_': -0.4168684254934882, '_a7_': 0.7898477165903653, '_a0_': 1.0, '_a3_': 1.0, '_a4_': 1.0, '_a6_': 1.0}};{'d0': 0.024905832927944817};-276.475521866276;48.69805142470641
35955;-88.8334722487081;-(((((_a2_ * _a1_) + ((pow2(_a7_) + x) * ((_a2_ / _a7_) * x))) * _a5_) * x));{'d0': {'_a1_': 0.6655609165356897, '_a2_': 8.149495062087745, '_a5_': -0.3272750658255626, '_a7_': 0.7898477166832393, '_a0_': 1.0, '_a3_': 1.0, '_a4_': 1.0, '_a6_': 1.0}};{'d0': 0.024905832920823698};-276.475521883432;49.40428869300781
35956;-88.8334722487081;-(((((_a2_ * _a1_) + ((pow2(_a7_) + x) * ((_a2_ / _a7_) * x))) * _a5_) * x));{'d0': {'_a1_': 0.6655609165356897, '_a2_': 8.149495062087745, '_a5_': -0.3272750658255626, '_a7_': 0.7898477166832393, '_a0_': 1.0, '_a3_': 1.0, '_a4_': 1.0, '_a6_': 1.0}};{'d0': 0.024905832920823698};-276.475521883432;49.40428869300781
35957;-88.8334722487081;-(((((_a2_ * _a1_) + ((pow2(_a7_) + x) * ((_a2_ / _a7_) * x))) * _a5_) * x));{'d0': {'_a1_': 0.6655609165356897, '_a2_': 8.149495062087745, '_a5_': -0.3272750658255626, '_a7_': 0.7898477166832393, '_a0_': 1.0, '_a3_': 1.0, '_a4_': 1.0, '_a6_': 1.0}};{'d0': 0.024905832920823698};-276.475521883432;49.40428869300781
35958;-88.8334722487081;-(((((_a2_ * _a1_) + ((pow2(_a7_) + x) * ((_a2_ / _a7_) * x))) * _a5_) * x));{'d0': {'_a1_': 0.6655609165356897, '_a2_': 8.149495062087745, '_a5_': -0.3272750658255626, '_a7_': 0.7898477166832393, '_a0_': 1.0, '_a3_': 1.0, '_a4_': 1.0, '_a6_': 1.0}};{'d0': 0.024905832920823698};-276.475521883432;49.40428869300781
35959;-88.8334722487081;-(((((_a2_ * _a1_) + ((pow2(_a7_) + x) * ((_a2_ / _a7_) * x))) * _a5_) * x));{'d0': {'_a1_': 0.6655609165356897, '_a2_': 8.149495062087745, '_a5_': -0.3272750658255626, '_a7_': 0.7898477166832393, '_a0_': 1.0, '_a3_': 1.0, '_a4_': 1.0, '_a6_': 1.0}};{'d0': 0.024905832920823698};-276.475521883432;49.40428869300781
35960;-88.8334722487081;-(((((_a2_ * _a1_) + ((pow2(_a7_) + x) * ((_a2_ / _a7_) * x))) * _a5_) * x));{'d0': {'_a1_': 0.6655609165356897, '_a2_': 8.149495062087745, '_a5_': -0.3272750658255626, '_a7_': 0.7898477166832393, '_a0_': 1.0, '_a3_': 1.0, '_a4_': 1.0, '_a6_': 1.0}};{'d0': 0.024905832920823698};-276.475521883432;49.40428869300781
35961;-88.8334722487081;-(((((_a2_ * _a1_) + ((pow2(_a7_) + x) * ((_a2_ / _a7_) * x))) * _a5_) * x));{'d0': {'_a1_': 0.6655609165356897, '_a2_': 8.149495062087745, '_a5_': -0.3272750658255626, '_a7_': 0.7898477166832393, '_a0_': 1.0, '_a3_': 1.0, '_a4_': 1.0, '_a6_': 1.0}};{'d0': 0.024905832920823698};-276.475521883432;49.40428869300781
35962;-88.8334722487081;-(((((_a2_ * _a1_) + ((pow2(_a7_) + x) * ((_a2_ / _a7_) * x))) * _a5_) * x));{'d0': {'_a1_': 0.6655609165356897, '_a2_': 8.149495062087745, '_a5_': -0.3272750658255626, '_a7_': 0.7898477166832393, '_a0_': 1.0, '_a3_': 1.0, '_a4_': 1.0, '_a6_': 1.0}};{'d0': 0.024905832920823698};-276.475521883432;49.40428869300781
35963;-108.229563301620;(x * (((_a3_ * (_a2_ + x)) * x) + (_a2_ / _a1_)));{'d0': {'_a1_': 0.3514432839880049, '_a2_': 0.6238594158201544, '_a3_': 3.3767608780017397, '_a0_': 1.0, '_a4_': 1.0, '_a5_': 1.0, '_a6_': 1.0, '_a7_': 1.0}};{'d0': 0.024905832919416677};-280.569866449043;32.05536992290138
35964;-108.229563301620;(x * (((_a3_ * (_a2_ + x)) * x) + (_a2_ / _a1_)));{'d0': {'_a1_': 0.3514432839880049, '_a2_': 0.6238594158201544, '_a3_': 3.3767608780017397, '_a0_': 1.0, '_a4_': 1.0, '_a5_': 1.0, '_a6_': 1.0, '_a7_': 1.0}};{'d0': 0.024905832919416677};-280.569866449043;32.05536992290138
35965;-108.229563301620;(x * (((_a3_ * (_a2_ + x)) * x) + (_a2_ / _a1_)));{'d0': {'_a1_': 0.3514432839880049, '_a2_': 0.6238594158201544, '_a3_': 3.3767608780017397, '_a0_': 1.0, '_a4_': 1.0, '_a5_': 1.0, '_a6_': 1.0, '_a7_': 1.0}};{'d0': 0.024905832919416677};-280.569866449043;32.05536992290138
35966;-108.229563301620;(x * (((_a3_ * (_a2_ + x)) * x) + (_a2_ / _a1_)));{'d0': {'_a1_': 0.3514432839880049, '_a2_': 0.6238594158201544, '_a3_': 3.3767608780017397, '_a0_': 1.0, '_a4_': 1.0, '_a5_': 1.0, '_a6_': 1.0, '_a7_': 1.0}};{'d0': 0.024905832919416677};-280.569866449043;32.05536992290138
35967;-92.5134194064175;((((_a2_ * _a1_) + ((pow2(_a7_) + x) * ((_a2_ / _a7_) * x))) * _a5_) * x);{'d0': {'_a1_': 0.6655609165990554, '_a2_': 7.236722438723915, '_a5_': 0.368554460822805, '_a7_': 0.7898477167448508, '_a0_': 1.0, '_a3_': 1.0, '_a4_': 1.0, '_a6_': 1.0}};{'d0': 0.0249058329229416};-276.475521878330;45.72434153274742
35968;-92.5134194064175;((((_a2_ * _a1_) + ((pow2(_a7_) + x) * ((_a2_ / _a7_) * x))) * _a5_) * x);{'d0': {'_a1_': 0.6655609165990554, '_a2_': 7.236722438723915, '_a5_': 0.368554460822805, '_a7_': 0.7898477167448508, '_a0_': 1.0, '_a3_': 1.0, '_a4_': 1.0, '_a6_': 1.0}};{'d0': 0.0249058329229416};-276.475521878330;45.72434153274742
35969;-92.5134194064175;((((_a2_ * _a1_) + ((pow2(_a7_) + x) * ((_a2_ / _a7_) * x))) * _a5_) * x);{'d0': {'_a1_': 0.6655609165990554, '_a2_': 7.236722438723915, '_a5_': 0.368554460822805, '_a7_': 0.7898477167448508, '_a0_': 1.0, '_a3_': 1.0, '_a4_': 1.0, '_a6_': 1.0}};{'d0': 0.0249058329229416};-276.475521878330;45.72434153274742
35970;-92.5134194064175;((((_a2_ * _a1_) + ((pow2(_a7_) + x) * ((_a2_ / _a7_) * x))) * _a5_) * x);{'d0': {'_a1_': 0.6655609165990554, '_a2_': 7.236722438723915, '_a5_': 0.368554460822805, '_a7_': 0.7898477167448508, '_a0_': 1.0, '_a3_': 1.0, '_a4_': 1.0, '_a6_': 1.0}};{'d0': 0.0249058329229416};-276.475521878330;45.72434153274742
35971;-92.5134194064175;((((_a2_ * _a1_) + ((pow2(_a7_) + x) * ((_a2_ / _a7_) * x))) * _a5_) * x);{'d0': {'_a1_': 0.6655609165990554, '_a2_': 7.236722438723915, '_a5_': 0.368554460822805, '_a7_': 0.7898477167448508, '_a0_': 1.0, '_a3_': 1.0, '_a4_': 1.0, '_a6_': 1.0}};{'d0': 0.0249058329229416};-276.475521878330;45.72434153274742
35972;-88.3269587914240;((((_a2_ * _a1_) + (((_a6_ / _a1_) + x) * ((_a2_ / _a7_) * x))) * _a5_) * x);{'d0': {'_a1_': 0.8068832083241424, '_a2_': 6.963018049757548, '_a5_': 0.3159535344046877, '_a6_': 0.5033816866767641, '_a7_': 0.6515091141448428, '_a0_': 1.0, '_a3_': 1.0, '_a4_': 1.0}};{'d0': 0.024905832921567766};-272.381177319417;47.86362986828462
35973;-88.3269587939486;((((_a2_ * _a7_) + (((_a6_ / _a1_) + x) * ((_a2_ / _a7_) * x))) * _a5_) * x);{'d0': {'_a1_': 1.7657115148518867, '_a2_': 7.799644238469526, '_a5_': 0.3138998383251954, '_a6_': 1.1015557538085794, '_a7_': 0.7250460471368135, '_a0_': 1.0, '_a3_': 1.0, '_a4_': 1.0}};{'d0': 0.024905832919471932};-272.381177324466;47.86362986828462
35974;-94.1641812281591;((((_a2_ * _a7_) + (((_a6_ / _a1_) + x) * (_a2_ * x))) * _a5_) * x);{'d0': {'_a1_': 5.692587451189434, '_a2_': 8.516730765860679, '_a5_': 0.39648482852874, '_a6_': 3.551374280254332, '_a7_': 0.5256917704731193, '_a0_': 1.0, '_a3_': 1.0, '_a4_': 1.0}};{'d0': 0.02490583322991207};-272.381176576593;42.026407060137416
35975;-94.1641812281591;((((_a2_ * _a7_) + (((_a6_ / _a1_) + x) * (_a2_ * x))) * _a5_) * x);{'d0': {'_a1_': 5.692587451189434, '_a2_': 8.516730765860679, '_a5_': 0.39648482852874, '_a6_': 3.551374280254332, '_a7_': 0.5256917704731193, '_a0_': 1.0, '_a3_': 1.0, '_a4_': 1.0}};{'d0': 0.02490583322991207};-272.381176576593;42.026407060137416
35976;-94.1641812281591;((((_a2_ * _a7_) + (((_a6_ / _a1_) + x) * (_a2_ * x))) * _a5_) * x);{'d0': {'_a1_': 5.692587451189434, '_a2_': 8.516730765860679, '_a5_': 0.39648482852874, '_a6_': 3.551374280254332, '_a7_': 0.5256917704731193, '_a0_': 1.0, '_a3_': 1.0, '_a4_': 1.0}};{'d0': 0.02490583322991207};-272.381176576593;42.026407060137416
35977;-94.1641812281591;((((_a2_ * _a7_) + (((_a6_ / _a1_) + x) * (_a2_ * x))) * _a5_) * x);{'d0': {'_a1_': 5.692587451189434, '_a2_': 8.516730765860679, '_a5_': 0.39648482852874, '_a6_': 3.551374280254332, '_a7_': 0.5256917704731193, '_a0_': 1.0, '_a3_': 1.0, '_a4_': 1.0}};{'d0': 0.02490583322991207};-272.381176576593;42.026407060137416
35978;-94.1641812281591;((((_a2_ * _a7_) + (((_a6_ / _a1_) + x) * (_a2_ * x))) * _a5_) * x);{'d0': {'_a1_': 5.692587451189434, '_a2_': 8.516730765860679, '_a5_': 0.39648482852874, '_a6_': 3.551374280254332, '_a7_': 0.5256917704731193, '_a0_': 1.0, '_a3_': 1.0, '_a4_': 1.0}};{'d0': 0.02490583322991207};-272.381176576593;42.026407060137416
35979;-94.1641812281591;((((_a2_ * _a7_) + (((_a6_ / _a1_) + x) * (_a2_ * x))) * _a5_) * x);{'d0': {'_a1_': 5.692587451189434, '_a2_': 8.516730765860679, '_a5_': 0.39648482852874, '_a6_': 3.551374280254332, '_a7_': 0.5256917704731193, '_a0_': 1.0, '_a3_': 1.0, '_a4_': 1.0}};{'d0': 0.02490583322991207};-272.381176576593;42.026407060137416
35980;-94.1641812281591;((((_a2_ * _a7_) + (((_a6_ / _a1_) + x) * (_a2_ * x))) * _a5_) * x);{'d0': {'_a1_': 5.692587451189434, '_a2_': 8.516730765860679, '_a5_': 0.39648482852874, '_a6_': 3.551374280254332, '_a7_': 0.5256917704731193, '_a0_': 1.0, '_a3_': 1.0, '_a4_': 1.0}};{'d0': 0.02490583322991207};-272.381176576593;42.026407060137416
35981;-94.1641812281591;((((_a2_ * _a7_) + (((_a6_ / _a1_) + x) * (_a2_ * x))) * _a5_) * x);{'d0': {'_a1_': 5.692587451189434, '_a2_': 8.516730765860679, '_a5_': 0.39648482852874, '_a6_': 3.551374280254332, '_a7_': 0.5256917704731193, '_a0_': 1.0, '_a3_': 1.0, '_a4_': 1.0}};{'d0': 0.02490583322991207};-272.381176576593;42.026407060137416
35982;-94.1641812281591;((((_a2_ * _a7_) + (((_a6_ / _a1_) + x) * (_a2_ * x))) * _a5_) * x);{'d0': {'_a1_': 5.692587451189434, '_a2_': 8.516730765860679, '_a5_': 0.39648482852874, '_a6_': 3.551374280254332, '_a7_': 0.5256917704731193, '_a0_': 1.0, '_a3_': 1.0, '_a4_': 1.0}};{'d0': 0.02490583322991207};-272.381176576593;42.026407060137416
35983;-94.1641812281591;((((_a2_ * _a7_) + (((_a6_ / _a1_) + x) * (_a2_ * x))) * _a5_) * x);{'d0': {'_a1_': 5.692587451189434, '_a2_': 8.516730765860679, '_a5_': 0.39648482852874, '_a6_': 3.551374280254332, '_a7_': 0.5256917704731193, '_a0_': 1.0, '_a3_': 1.0, '_a4_': 1.0}};{'d0': 0.02490583322991207};-272.381176576593;42.026407060137416
35984;-94.1641812281591;((((_a2_ * _a7_) + (((_a6_ / _a1_) + x) * (_a2_ * x))) * _a5_) * x);{'d0': {'_a1_': 5.692587451189434, '_a2_': 8.516730765860679, '_a5_': 0.39648482852874, '_a6_': 3.551374280254332, '_a7_': 0.5256917704731193, '_a0_': 1.0, '_a3_': 1.0, '_a4_': 1.0}};{'d0': 0.02490583322991207};-272.381176576593;42.026407060137416
35985;-94.1641812281591;((((_a2_ * _a7_) + (((_a6_ / _a1_) + x) * (_a2_ * x))) * _a5_) * x);{'d0': {'_a1_': 5.692587451189434, '_a2_': 8.516730765860679, '_a5_': 0.39648482852874, '_a6_': 3.551374280254332, '_a7_': 0.5256917704731193, '_a0_': 1.0, '_a3_': 1.0, '_a4_': 1.0}};{'d0': 0.02490583322991207};-272.381176576593;42.026407060137416
35986;-94.1641812281591;((((_a2_ * _a7_) + (((_a6_ / _a1_) + x) * (_a2_ * x))) * _a5_) * x);{'d0': {'_a1_': 5.692587451189434, '_a2_': 8.516730765860679, '_a5_': 0.39648482852874, '_a6_': 3.551374280254332, '_a7_': 0.5256917704731193, '_a0_': 1.0, '_a3_': 1.0, '_a4_': 1.0}};{'d0': 0.02490583322991207};-272.381176576593;42.026407060137416
35987;-95.4104623231035;(((cos(x) + (((_a6_ / _a1_) + x) * (_a2_ * x))) * _a5_) * x);{'d0': {'_a1_': 11.035040598692891, '_a2_': 2.3367227917692444, '_a5_': 1.7895183557705399, '_a6_': 5.530442891368734, '_a0_': 1.0, '_a3_': 1.0, '_a4_': 1.0, '_a7_': 1.0}};{'d0': 0.024693531559175173};-276.989163928064;43.084119640928414
35988;-95.4104623231035;(((cos(x) + (((_a6_ / _a1_) + x) * (_a2_ * x))) * _a5_) * x);{'d0': {'_a1_': 11.035040598692891, '_a2_': 2.3367227917692444, '_a5_': 1.7895183557705399, '_a6_': 5.530442891368734, '_a0_': 1.0, '_a3_': 1.0, '_a4_': 1.0, '_a7_': 1.0}};{'d0': 0.024693531559175173};-276.989163928064;43.084119640928414
35989;-95.4104623231035;(((cos(x) + (((_a6_ / _a1_) + x) * (_a2_ * x))) * _a5_) * x);{'d0': {'_a1_': 11.035040598692891, '_a2_': 2.3367227917692444, '_a5_': 1.7895183557705399, '_a6_': 5.530442891368734, '_a0_': 1.0, '_a3_': 1.0, '_a4_': 1.0, '_a7_': 1.0}};{'d0': 0.024693531559175173};-276.989163928064;43.084119640928414
35990;-96.6408171880035;(((cos(x) + ((sin(_a1_) + x) * (_a2_ * x))) * _a5_) * x);{'d0': {'_a1_': 50.790433974259756, '_a2_': 2.336722792341896, '_a5_': 1.7895183557501961, '_a0_': 1.0, '_a3_': 1.0, '_a4_': 1.0, '_a6_': 1.0, '_a7_': 1.0}};{'d0': 0.02469353155917515};-281.083508490286;43.90093705713954
35991;-96.6408171880035;(((cos(x) + ((sin(_a1_) + x) * (_a2_ * x))) * _a5_) * x);{'d0': {'_a1_': 50.790433974259756, '_a2_': 2.336722792341896, '_a5_': 1.7895183557501961, '_a0_': 1.0, '_a3_': 1.0, '_a4_': 1.0, '_a6_': 1.0, '_a7_': 1.0}};{'d0': 0.02469353155917515};-281.083508490286;43.90093705713954
35992;-96.6408171880035;(((cos(x) + ((sin(_a1_) + x) * (_a2_ * x))) * _a5_) * x);{'d0': {'_a1_': 50.790433974259756, '_a2_': 2.336722792341896, '_a5_': 1.7895183557501961, '_a0_': 1.0, '_a3_': 1.0, '_a4_': 1.0, '_a6_': 1.0, '_a7_': 1.0}};{'d0': 0.02469353155917515};-281.083508490286;43.90093705713954
35993;-96.6408171880035;(((cos(x) + ((sin(_a1_) + x) * (_a2_ * x))) * _a5_) * x);{'d0': {'_a1_': 50.790433974259756, '_a2_': 2.336722792341896, '_a5_': 1.7895183557501961, '_a0_': 1.0, '_a3_': 1.0, '_a4_': 1.0, '_a6_': 1.0, '_a7_': 1.0}};{'d0': 0.02469353155917515};-281.083508490286;43.90093705713954
35994;-96.6408171880035;(((cos(x) + ((sin(_a1_) + x) * (_a2_ * x))) * _a5_) * x);{'d0': {'_a1_': 50.790433974259756, '_a2_': 2.336722792341896, '_a5_': 1.7895183557501961, '_a0_': 1.0, '_a3_': 1.0, '_a4_': 1.0, '_a6_': 1.0, '_a7_': 1.0}};{'d0': 0.02469353155917515};-281.083508490286;43.90093705713954
35995;-96.6408171880035;(((cos(x) + ((sin(_a1_) + x) * (_a2_ * x))) * _a5_) * x);{'d0': {'_a1_': 50.790433974259756, '_a2_': 2.336722792341896, '_a5_': 1.7895183557501961, '_a0_': 1.0, '_a3_': 1.0, '_a4_': 1.0, '_a6_': 1.0, '_a7_': 1.0}};{'d0': 0.02469353155917515};-281.083508490286;43.90093705713954
35996;-100.360883458177;((((pow2(((x * (_a6_ * _a1_)) + _a2_)) * _a1_) + _a1_) * x) * _a1_);{'d0': {'_a1_': -1.202736915982562, '_a2_': 0.4765804808487787, '_a6_': -1.2703075275905367, '_a0_': 1.0, '_a3_': 1.0, '_a4_': 1.0, '_a5_': 1.0, '_a7_': 1.0}};{'d0': 0.024905832919416688};-280.569866449043;39.92404976634481
35997;-100.360883458177;((((pow2(((x * (_a6_ * _a1_)) + _a2_)) * _a1_) + _a1_) * x) * _a1_);{'d0': {'_a1_': -1.202736915982562, '_a2_': 0.4765804808487787, '_a6_': -1.2703075275905367, '_a0_': 1.0, '_a3_': 1.0, '_a4_': 1.0, '_a5_': 1.0, '_a7_': 1.0}};{'d0': 0.024905832919416688};-280.569866449043;39.92404976634481
35998;-100.360883458177;((((pow2(((x * (_a6_ * _a1_)) + _a2_)) * _a1_) + _a1_) * x) * _a1_);{'d0': {'_a1_': -1.202736915982562, '_a2_': 0.4765804808487787, '_a6_': -1.2703075275905367, '_a0_': 1.0, '_a3_': 1.0, '_a4_': 1.0, '_a5_': 1.0, '_a7_': 1.0}};{'d0': 0.024905832919416688};-280.569866449043;39.92404976634481
35999;-100.360883458177;((((pow2(((x * (_a6_ * _a1_)) + _a2_)) * _a1_) + _a1_) * x) * _a1_);{'d0': {'_a1_': -1.202736915982562, '_a2_': 0.4765804808487787, '_a6_': -1.2703075275905367, '_a0_': 1.0, '_a3_': 1.0, '_a4_': 1.0, '_a5_': 1.0, '_a7_': 1.0}};{'d0': 0.024905832919416688};-280.569866449043;39.92404976634481
36000;-100.360883458177;((((pow2(((x * (_a6_ * _a1_)) + _a2_)) * _a1_) + _a1_) * x) * _a1_);{'d0': {'_a1_': -1.202736915982562, '_a2_': 0.4765804808487787, '_a6_': -1.2703075275905367, '_a0_': 1.0, '_a3_': 1.0, '_a4_': 1.0, '_a5_': 1.0, '_a7_': 1.0}};{'d0': 0.024905832919416688};-280.569866449043;39.92404976634481
36001;-100.360883458177;((((pow2(((x * (_a6_ * _a1_)) + _a2_)) * _a1_) + _a1_) * x) * _a1_);{'d0': {'_a1_': -1.202736915982562, '_a2_': 0.4765804808487787, '_a6_': -1.2703075275905367, '_a0_': 1.0, '_a3_': 1.0, '_a4_': 1.0, '_a5_': 1.0, '_a7_': 1.0}};{'d0': 0.024905832919416688};-280.569866449043;39.92404976634481
36002;-100.360883458177;((((pow2(((x * (_a6_ * _a1_)) + _a0_)) * _a1_) + _a1_) * x) * _a1_);{'d0': {'_a0_': 0.47658048071978143, '_a1_': -1.2027369161615848, '_a6_': -1.2703075269873323, '_a2_': 1.0, '_a3_': 1.0, '_a4_': 1.0, '_a5_': 1.0, '_a7_': 1.0}};{'d0': 0.024905832919416667};-280.569866449044;39.92404976634481
36003;-100.360883458177;((((pow2(((x * (_a6_ * _a1_)) + _a0_)) * _a1_) + _a1_) * x) * _a1_);{'d0': {'_a0_': 0.47658048071978143, '_a1_': -1.2027369161615848, '_a6_': -1.2703075269873323, '_a2_': 1.0, '_a3_': 1.0, '_a4_': 1.0, '_a5_': 1.0, '_a7_': 1.0}};{'d0': 0.024905832919416667};-280.569866449044;39.92404976634481
36004;-100.360883458177;((((pow2(((x * (_a6_ * _a1_)) + _a0_)) * _a1_) + _a1_) * x) * _a1_);{'d0': {'_a0_': 0.47658048071978143, '_a1_': -1.2027369161615848, '_a6_': -1.2703075269873323, '_a2_': 1.0, '_a3_': 1.0, '_a4_': 1.0, '_a5_': 1.0, '_a7_': 1.0}};{'d0': 0.024905832919416667};-280.569866449044;39.92404976634481
36005;-105.382580669956;(((pow2(((x * (_a6_ * _a1_)) + _a0_)) * _a1_) + _a1_) * x);{'d0': {'_a0_': -0.476580480817299, '_a1_': 1.446576089166531, '_a6_': -1.0561807079547334, '_a2_': 1.0, '_a3_': 1.0, '_a4_': 1.0, '_a5_': 1.0, '_a7_': 1.0}};{'d0': 0.024905832919416695};-280.569866449043;34.90235255456581
36006;-105.382580669956;(((pow2(((x * (_a6_ * _a1_)) + _a0_)) * _a1_) + _a1_) * x);{'d0': {'_a0_': -0.476580480817299, '_a1_': 1.446576089166531, '_a6_': -1.0561807079547334, '_a2_': 1.0, '_a3_': 1.0, '_a4_': 1.0, '_a5_': 1.0, '_a7_': 1.0}};{'d0': 0.024905832919416695};-280.569866449043;34.90235255456581
36007;-105.382580669956;(((pow2(((x * (_a6_ * _a1_)) + _a0_)) * _a1_) + _a1_) * x);{'d0': {'_a0_': -0.476580480817299, '_a1_': 1.446576089166531, '_a6_': -1.0561807079547334, '_a2_': 1.0, '_a3_': 1.0, '_a4_': 1.0, '_a5_': 1.0, '_a7_': 1.0}};{'d0': 0.024905832919416695};-280.569866449043;34.90235255456581
36008;-105.382580669956;(((pow2(((x * (_a6_ * _a1_)) + _a0_)) * _a1_) + _a1_) * x);{'d0': {'_a0_': -0.476580480817299, '_a1_': 1.446576089166531, '_a6_': -1.0561807079547334, '_a2_': 1.0, '_a3_': 1.0, '_a4_': 1.0, '_a5_': 1.0, '_a7_': 1.0}};{'d0': 0.024905832919416695};-280.569866449043;34.90235255456581
36009;-105.382580669956;(((pow2(((x * (_a6_ * _a1_)) + _a0_)) * _a1_) + _a1_) * x);{'d0': {'_a0_': -0.476580480817299, '_a1_': 1.446576089166531, '_a6_': -1.0561807079547334, '_a2_': 1.0, '_a3_': 1.0, '_a4_': 1.0, '_a5_': 1.0, '_a7_': 1.0}};{'d0': 0.024905832919416695};-280.569866449043;34.90235255456581
36010;-105.382580669956;(((pow2(((x * (_a6_ * _a1_)) + _a0_)) * _a1_) + _a1_) * x);{'d0': {'_a0_': -0.476580480817299, '_a1_': 1.446576089166531, '_a6_': -1.0561807079547334, '_a2_': 1.0, '_a3_': 1.0, '_a4_': 1.0, '_a5_': 1.0, '_a7_': 1.0}};{'d0': 0.024905832919416695};-280.569866449043;34.90235255456581
36011;-105.382580669956;(((pow2(((x * (_a6_ * _a1_)) + _a0_)) * _a1_) + _a1_) * x);{'d0': {'_a0_': -0.476580480817299, '_a1_': 1.446576089166531, '_a6_': -1.0561807079547334, '_a2_': 1.0, '_a3_': 1.0, '_a4_': 1.0, '_a5_': 1.0, '_a7_': 1.0}};{'d0': 0.024905832919416695};-280.569866449043;34.90235255456581
36012;-105.382580669956;(((pow2(((x * (_a6_ * _a1_)) + _a0_)) * _a1_) + _a1_) * x);{'d0': {'_a0_': -0.476580480817299, '_a1_': 1.446576089166531, '_a6_': -1.0561807079547334, '_a2_': 1.0, '_a3_': 1.0, '_a4_': 1.0, '_a5_': 1.0, '_a7_': 1.0}};{'d0': 0.024905832919416695};-280.569866449043;34.90235255456581
36013;-105.382580669956;(((pow2(((x * (_a6_ * _a1_)) + _a0_)) * _a1_) + _a1_) * x);{'d0': {'_a0_': -0.476580480817299, '_a1_': 1.446576089166531, '_a6_': -1.0561807079547334, '_a2_': 1.0, '_a3_': 1.0, '_a4_': 1.0, '_a5_': 1.0, '_a7_': 1.0}};{'d0': 0.024905832919416695};-280.569866449043;34.90235255456581
36014;-105.382580669956;(((pow2(((x * (_a6_ * _a1_)) + _a0_)) * _a1_) + _a1_) * x);{'d0': {'_a0_': -0.476580480817299, '_a1_': 1.446576089166531, '_a6_': -1.0561807079547334, '_a2_': 1.0, '_a3_': 1.0, '_a4_': 1.0, '_a5_': 1.0, '_a7_': 1.0}};{'d0': 0.024905832919416695};-280.569866449043;34.90235255456581
36015;-105.382580669956;(((pow2(((x * (_a6_ * _a1_)) + _a0_)) * _a1_) + _a1_) * x);{'d0': {'_a0_': -0.476580480817299, '_a1_': 1.446576089166531, '_a6_': -1.0561807079547334, '_a2_': 1.0, '_a3_': 1.0, '_a4_': 1.0, '_a5_': 1.0, '_a7_': 1.0}};{'d0': 0.024905832919416695};-280.569866449043;34.90235255456581
36016;-105.382580669956;(((pow2(((x * (_a6_ * _a1_)) + _a0_)) * _a1_) + _a1_) * x);{'d0': {'_a0_': -0.476580480817299, '_a1_': 1.446576089166531, '_a6_': -1.0561807079547334, '_a2_': 1.0, '_a3_': 1.0, '_a4_': 1.0, '_a5_': 1.0, '_a7_': 1.0}};{'d0': 0.024905832919416695};-280.569866449043;34.90235255456581
36017;-105.382580669956;(((pow2(((x * (_a6_ * _a1_)) + _a0_)) * _a1_) + _a1_) * x);{'d0': {'_a0_': -0.476580480817299, '_a1_': 1.446576089166531, '_a6_': -1.0561807079547334, '_a2_': 1.0, '_a3_': 1.0, '_a4_': 1.0, '_a5_': 1.0, '_a7_': 1.0}};{'d0': 0.024905832919416695};-280.569866449043;34.90235255456581
36018;-105.382580669956;(((pow2(((x * (_a6_ * _a1_)) + _a0_)) * _a1_) + _a1_) * x);{'d0': {'_a0_': -0.476580480817299, '_a1_': 1.446576089166531, '_a6_': -1.0561807079547334, '_a2_': 1.0, '_a3_': 1.0, '_a4_': 1.0, '_a5_': 1.0, '_a7_': 1.0}};{'d0': 0.024905832919416695};-280.569866449043;34.90235255456581
36019;-105.382580669956;(((pow2(((x * (_a6_ * _a1_)) + _a0_)) * _a1_) + _a1_) * x);{'d0': {'_a0_': -0.476580480817299, '_a1_': 1.446576089166531, '_a6_': -1.0561807079547334, '_a2_': 1.0, '_a3_': 1.0, '_a4_': 1.0, '_a5_': 1.0, '_a7_': 1.0}};{'d0': 0.024905832919416695};-280.569866449043;34.90235255456581
36020;-105.382580669956;(((pow2(((x * (_a6_ * _a1_)) + _a0_)) * _a1_) + _a1_) * x);{'d0': {'_a0_': -0.476580480817299, '_a1_': 1.446576089166531, '_a6_': -1.0561807079547334, '_a2_': 1.0, '_a3_': 1.0, '_a4_': 1.0, '_a5_': 1.0, '_a7_': 1.0}};{'d0': 0.024905832919416695};-280.569866449043;34.90235255456581
36021;-105.382580669956;(((pow2(((x * (_a6_ * _a1_)) + _a0_)) * _a1_) + _a1_) * x);{'d0': {'_a0_': -0.476580480817299, '_a1_': 1.446576089166531, '_a6_': -1.0561807079547334, '_a2_': 1.0, '_a3_': 1.0, '_a4_': 1.0, '_a5_': 1.0, '_a7_': 1.0}};{'d0': 0.024905832919416695};-280.569866449043;34.90235255456581
36022;-105.382580669956;(((pow2(((x * (_a6_ * _a1_)) + _a0_)) * _a1_) + _a1_) * x);{'d0': {'_a0_': -0.476580480817299, '_a1_': 1.446576089166531, '_a6_': -1.0561807079547334, '_a2_': 1.0, '_a3_': 1.0, '_a4_': 1.0, '_a5_': 1.0, '_a7_': 1.0}};{'d0': 0.024905832919416695};-280.569866449043;34.90235255456581
36023;-105.382580669956;(((pow2(((x * (_a6_ * _a1_)) + _a0_)) * _a1_) + _a1_) * x);{'d0': {'_a0_': -0.476580480817299, '_a1_': 1.446576089166531, '_a6_': -1.0561807079547334, '_a2_': 1.0, '_a3_': 1.0, '_a4_': 1.0, '_a5_': 1.0, '_a7_': 1.0}};{'d0': 0.024905832919416695};-280.569866449043;34.90235255456581
36024;-105.382580669956;(((pow2(((x * (_a6_ * _a1_)) + _a0_)) * _a1_) + _a1_) * x);{'d0': {'_a0_': -0.476580480817299, '_a1_': 1.446576089166531, '_a6_': -1.0561807079547334, '_a2_': 1.0, '_a3_': 1.0, '_a4_': 1.0, '_a5_': 1.0, '_a7_': 1.0}};{'d0': 0.024905832919416695};-280.569866449043;34.90235255456581
36025;-105.382580669956;(((pow2(((x * (_a6_ * _a1_)) + _a0_)) * _a1_) + _a1_) * x);{'d0': {'_a0_': -0.476580480817299, '_a1_': 1.446576089166531, '_a6_': -1.0561807079547334, '_a2_': 1.0, '_a3_': 1.0, '_a4_': 1.0, '_a5_': 1.0, '_a7_': 1.0}};{'d0': 0.024905832919416695};-280.569866449043;34.90235255456581
36026;-105.382580669956;(((pow2(((x * (_a6_ * _a1_)) + _a0_)) * _a1_) + _a1_) * x);{'d0': {'_a0_': -0.476580480817299, '_a1_': 1.446576089166531, '_a6_': -1.0561807079547334, '_a2_': 1.0, '_a3_': 1.0, '_a4_': 1.0, '_a5_': 1.0, '_a7_': 1.0}};{'d0': 0.024905832919416695};-280.569866449043;34.90235255456581
36027;-105.382580669956;(((pow2(((x * (_a6_ * _a1_)) + _a3_)) * _a1_) + _a1_) * x);{'d0': {'_a1_': 1.446576087723652, '_a3_': -0.4765804813667092, '_a6_': -1.0561807102320921, '_a0_': 1.0, '_a2_': 1.0, '_a4_': 1.0, '_a5_': 1.0, '_a7_': 1.0}};{'d0': 0.024905832919416653};-280.569866449044;34.90235255456581
36028;-105.382580669956;(((pow2(((x * (_a6_ * _a1_)) + _a3_)) * _a1_) + _a1_) * x);{'d0': {'_a1_': 1.446576087723652, '_a3_': -0.4765804813667092, '_a6_': -1.0561807102320921, '_a0_': 1.0, '_a2_': 1.0, '_a4_': 1.0, '_a5_': 1.0, '_a7_': 1.0}};{'d0': 0.024905832919416653};-280.569866449044;34.90235255456581
36029;-105.382580669956;(((pow2(((x * (_a6_ * _a1_)) + _a3_)) * _a1_) + _a1_) * x);{'d0': {'_a1_': 1.446576087723652, '_a3_': -0.4765804813667092, '_a6_': -1.0561807102320921, '_a0_': 1.0, '_a2_': 1.0, '_a4_': 1.0, '_a5_': 1.0, '_a7_': 1.0}};{'d0': 0.024905832919416653};-280.569866449044;34.90235255456581
36030;-105.382580669956;(((pow2(((x * (_a6_ * _a1_)) + _a3_)) * _a1_) + _a1_) * x);{'d0': {'_a1_': 1.446576087723652, '_a3_': -0.4765804813667092, '_a6_': -1.0561807102320921, '_a0_': 1.0, '_a2_': 1.0, '_a4_': 1.0, '_a5_': 1.0, '_a7_': 1.0}};{'d0': 0.024905832919416653};-280.569866449044;34.90235255456581
36031;-105.382580669956;(((pow2(((x * (_a6_ * _a1_)) + _a3_)) * _a1_) + _a1_) * x);{'d0': {'_a1_': 1.446576087723652, '_a3_': -0.4765804813667092, '_a6_': -1.0561807102320921, '_a0_': 1.0, '_a2_': 1.0, '_a4_': 1.0, '_a5_': 1.0, '_a7_': 1.0}};{'d0': 0.024905832919416653};-280.569866449044;34.90235255456581
36032;-100.016512535296;((_a4_ * (pow2(((exp(_a0_) * x) + _a4_)) + (_a5_ * _a5_))) * x);{'d0': {'_a0_': 0.7939647806635345, '_a4_': 0.6900352253503979, '_a5_': 1.447888139109353, '_a1_': 1.0, '_a2_': 1.0, '_a3_': 1.0, '_a6_': 1.0, '_a7_': 1.0}};{'d0': 0.024905832919416587};-280.569866449044;40.268420689226076
36033;-100.016512535296;((_a4_ * (pow2(((exp(_a0_) * x) + _a4_)) + (_a5_ * _a5_))) * x);{'d0': {'_a0_': 0.7939647806635345, '_a4_': 0.6900352253503979, '_a5_': 1.447888139109353, '_a1_': 1.0, '_a2_': 1.0, '_a3_': 1.0, '_a6_': 1.0, '_a7_': 1.0}};{'d0': 0.024905832919416587};-280.569866449044;40.268420689226076
36034;-94.2162207688936;((_a4_ * (pow2(((exp(_a0_) * x) + _a4_)) + ((_a5_ / _a0_) * _a5_))) * x);{'d0': {'_a0_': 0.793964780691407, '_a4_': 0.6900352253376082, '_a5_': 1.2901364028676237, '_a1_': 1.0, '_a2_': 1.0, '_a3_': 1.0, '_a6_': 1.0, '_a7_': 1.0}};{'d0': 0.024905832919416594};-280.569866449044;46.06871245562848
36035;-100.016512535296;((_a4_ * (pow2(((exp(_a0_) * x) + _a4_)) + (x * _a5_))) * x);{'d0': {'_a0_': 0.512812347625958, '_a4_': 1.2108132420537072, '_a5_': -2.304228338908364, '_a1_': 1.0, '_a2_': 1.0, '_a3_': 1.0, '_a6_': 1.0, '_a7_': 1.0}};{'d0': 0.024905832919416636};-280.569866449044;40.268420689226076
36036;-100.016512535296;((_a4_ * (pow2(((exp(_a0_) * x) + _a4_)) + (x * _a5_))) * x);{'d0': {'_a0_': 0.512812347625958, '_a4_': 1.2108132420537072, '_a5_': -2.304228338908364, '_a1_': 1.0, '_a2_': 1.0, '_a3_': 1.0, '_a6_': 1.0, '_a7_': 1.0}};{'d0': 0.024905832919416636};-280.569866449044;40.268420689226076
36037;-100.016512535296;((_a4_ * (pow2(((exp(_a0_) * x) + _a4_)) + (x * _a5_))) * x);{'d0': {'_a0_': 0.512812347625958, '_a4_': 1.2108132420537072, '_a5_': -2.304228338908364, '_a1_': 1.0, '_a2_': 1.0, '_a3_': 1.0, '_a6_': 1.0, '_a7_': 1.0}};{'d0': 0.024905832919416636};-280.569866449044;40.268420689226076
36038;-100.016512535296;((_a4_ * (pow2(((exp(_a0_) * x) + _a4_)) + (x * _a5_))) * x);{'d0': {'_a0_': 0.512812347625958, '_a4_': 1.2108132420537072, '_a5_': -2.304228338908364, '_a1_': 1.0, '_a2_': 1.0, '_a3_': 1.0, '_a6_': 1.0, '_a7_': 1.0}};{'d0': 0.024905832919416636};-280.569866449044;40.268420689226076
36039;-100.016512535296;((_a4_ * (pow2(((exp(_a0_) * x) + _a4_)) + (x * _a5_))) * x);{'d0': {'_a0_': 0.512812347625958, '_a4_': 1.2108132420537072, '_a5_': -2.304228338908364, '_a1_': 1.0, '_a2_': 1.0, '_a3_': 1.0, '_a6_': 1.0, '_a7_': 1.0}};{'d0': 0.024905832919416636};-280.569866449044;40.268420689226076
36040;-100.016512535296;((_a4_ * (pow2(((exp(_a0_) * x) + _a4_)) + (x * _a5_))) * x);{'d0': {'_a0_': 0.512812347625958, '_a4_': 1.2108132420537072, '_a5_': -2.304228338908364, '_a1_': 1.0, '_a2_': 1.0, '_a3_': 1.0, '_a6_': 1.0, '_a7_': 1.0}};{'d0': 0.024905832919416636};-280.569866449044;40.268420689226076
36041;-100.016512535296;((_a4_ * (pow2(((exp(_a0_) * x) + _a4_)) + (x * _a5_))) * x);{'d0': {'_a0_': 0.512812347625958, '_a4_': 1.2108132420537072, '_a5_': -2.304228338908364, '_a1_': 1.0, '_a2_': 1.0, '_a3_': 1.0, '_a6_': 1.0, '_a7_': 1.0}};{'d0': 0.024905832919416636};-280.569866449044;40.268420689226076
36042;-100.016512535296;((_a4_ * (pow2(((exp(_a0_) * x) + _a4_)) + (x * _a5_))) * x);{'d0': {'_a0_': 0.512812347625958, '_a4_': 1.2108132420537072, '_a5_': -2.304228338908364, '_a1_': 1.0, '_a2_': 1.0, '_a3_': 1.0, '_a6_': 1.0, '_a7_': 1.0}};{'d0': 0.024905832919416636};-280.569866449044;40.268420689226076
36043;-105.382580669956;((_a4_ * (pow2(((_a2_ * x) + _a4_)) + (x * _a5_))) * x);{'d0': {'_a2_': 1.6699811643428777, '_a4_': 1.2108132420675752, '_a5_': -2.3042283389725338, '_a0_': 1.0, '_a1_': 1.0, '_a3_': 1.0, '_a6_': 1.0, '_a7_': 1.0}};{'d0': 0.024905832919416622};-280.569866449044;34.90235255456608
36044;-105.382580669956;((_a4_ * (pow2(((_a2_ * x) + _a4_)) + (x * _a5_))) * x);{'d0': {'_a2_': 1.6699811643428777, '_a4_': 1.2108132420675752, '_a5_': -2.3042283389725338, '_a0_': 1.0, '_a1_': 1.0, '_a3_': 1.0, '_a6_': 1.0, '_a7_': 1.0}};{'d0': 0.024905832919416622};-280.569866449044;34.90235255456608
36045;-105.382580669956;((_a4_ * (pow2(((_a2_ * x) + _a4_)) + (x * _a5_))) * x);{'d0': {'_a2_': 1.6699811643428777, '_a4_': 1.2108132420675752, '_a5_': -2.3042283389725338, '_a0_': 1.0, '_a1_': 1.0, '_a3_': 1.0, '_a6_': 1.0, '_a7_': 1.0}};{'d0': 0.024905832919416622};-280.569866449044;34.90235255456608
36046;-105.382580669956;((_a4_ * (pow2(((_a2_ * x) + _a4_)) + (x * _a5_))) * x);{'d0': {'_a2_': 1.6699811643428777, '_a4_': 1.2108132420675752, '_a5_': -2.3042283389725338, '_a0_': 1.0, '_a1_': 1.0, '_a3_': 1.0, '_a6_': 1.0, '_a7_': 1.0}};{'d0': 0.024905832919416622};-280.569866449044;34.90235255456608
36047;-105.382580669956;((_a4_ * (pow2(((_a2_ * x) + _a4_)) + (x * _a5_))) * x);{'d0': {'_a2_': 1.6699811643428777, '_a4_': 1.2108132420675752, '_a5_': -2.3042283389725338, '_a0_': 1.0, '_a1_': 1.0, '_a3_': 1.0, '_a6_': 1.0, '_a7_': 1.0}};{'d0': 0.024905832919416622};-280.569866449044;34.90235255456608
36048;-102.364147263849;(((pow2(((x * (_a6_ + _a1_)) + _a3_)) * _a1_) + _a4_) * x);{'d0': {'_a1_': 1.5243958869389882, '_a3_': 0.46425645377947256, '_a4_': 1.4465760912159187, '_a6_': -0.03605911678583031, '_a0_': 1.0, '_a2_': 1.0, '_a5_': 1.0, '_a7_': 1.0}};{'d0': 0.02490583292059789};-276.475521883976;35.87361367813881
36049;-102.364147263849;(((pow2(((x * (_a6_ + _a1_)) + _a3_)) * _a1_) + _a4_) * x);{'d0': {'_a1_': 1.5243958869389882, '_a3_': 0.46425645377947256, '_a4_': 1.4465760912159187, '_a6_': -0.03605911678583031, '_a0_': 1.0, '_a2_': 1.0, '_a5_': 1.0, '_a7_': 1.0}};{'d0': 0.02490583292059789};-276.475521883976;35.87361367813881
36050;-104.411319546383;(((pow2(((x * (_a6_ + _a1_)) + _a3_)) * _a1_) + _a3_) * x);{'d0': {'_a1_': 0.1570114118188332, '_a3_': 1.446576090180266, '_a6_': 4.480495226268058, '_a0_': 1.0, '_a2_': 1.0, '_a4_': 1.0, '_a5_': 1.0, '_a7_': 1.0}};{'d0': 0.024905832919416632};-280.569866449044;35.87361367813881
36051;-104.411319546383;(((pow2(((x * (_a6_ + _a1_)) + _a3_)) * _a1_) + _a3_) * x);{'d0': {'_a1_': 0.1570114118188332, '_a3_': 1.446576090180266, '_a6_': 4.480495226268058, '_a0_': 1.0, '_a2_': 1.0, '_a4_': 1.0, '_a5_': 1.0, '_a7_': 1.0}};{'d0': 0.024905832919416632};-280.569866449044;35.87361367813881
36052;-104.411319546383;(((pow2(((x * (_a6_ + _a1_)) + _a3_)) * _a1_) + _a3_) * x);{'d0': {'_a1_': 0.1570114118188332, '_a3_': 1.446576090180266, '_a6_': 4.480495226268058, '_a0_': 1.0, '_a2_': 1.0, '_a4_': 1.0, '_a5_': 1.0, '_a7_': 1.0}};{'d0': 0.024905832919416632};-280.569866449044;35.87361367813881
36053;-104.411319546383;(((pow2(((x * (_a6_ + _a1_)) + _a3_)) * _a1_) + _a3_) * x);{'d0': {'_a1_': 0.1570114118188332, '_a3_': 1.446576090180266, '_a6_': 4.480495226268058, '_a0_': 1.0, '_a2_': 1.0, '_a4_': 1.0, '_a5_': 1.0, '_a7_': 1.0}};{'d0': 0.024905832919416632};-280.569866449044;35.87361367813881
36054;-104.411319546383;(((pow2(((x * (_a6_ + _a1_)) + _a3_)) * _a1_) + _a3_) * x);{'d0': {'_a1_': 0.1570114118188332, '_a3_': 1.446576090180266, '_a6_': 4.480495226268058, '_a0_': 1.0, '_a2_': 1.0, '_a4_': 1.0, '_a5_': 1.0, '_a7_': 1.0}};{'d0': 0.024905832919416632};-280.569866449044;35.87361367813881
36055;-104.411319546383;(((pow2(((x * (_a6_ + _a1_)) + _a3_)) * _a1_) + _a3_) * x);{'d0': {'_a1_': 0.1570114118188332, '_a3_': 1.446576090180266, '_a6_': 4.480495226268058, '_a0_': 1.0, '_a2_': 1.0, '_a4_': 1.0, '_a5_': 1.0, '_a7_': 1.0}};{'d0': 0.024905832919416632};-280.569866449044;35.87361367813881
36056;-104.411319546383;(((pow2(((x * (_a6_ + _a1_)) + _a3_)) * _a1_) + _a3_) * x);{'d0': {'_a1_': 0.1570114118188332, '_a3_': 1.446576090180266, '_a6_': 4.480495226268058, '_a0_': 1.0, '_a2_': 1.0, '_a4_': 1.0, '_a5_': 1.0, '_a7_': 1.0}};{'d0': 0.024905832919416632};-280.569866449044;35.87361367813881
36057;-104.411319546383;(((pow2(((x * (_a6_ + _a1_)) + _a3_)) * _a1_) + _a3_) * x);{'d0': {'_a1_': 0.1570114118188332, '_a3_': 1.446576090180266, '_a6_': 4.480495226268058, '_a0_': 1.0, '_a2_': 1.0, '_a4_': 1.0, '_a5_': 1.0, '_a7_': 1.0}};{'d0': 0.024905832919416632};-280.569866449044;35.87361367813881
36058;-101.702633509696;((_a4_ * (pow2(((_a2_ * x) + -(_a4_))) + (x * _a5_))) * x);{'d0': {'_a2_': 1.6699811645160005, '_a4_': 1.2108132420791282, '_a5_': 5.783912893217473, '_a0_': 1.0, '_a1_': 1.0, '_a3_': 1.0, '_a6_': 1.0, '_a7_': 1.0}};{'d0': 0.024905832919416546};-280.569866449044;38.58229971482647
36059;-101.702633509696;((_a4_ * (pow2(((_a2_ * x) + -(_a4_))) + (x * _a5_))) * x);{'d0': {'_a2_': 1.6699811645160005, '_a4_': 1.2108132420791282, '_a5_': 5.783912893217473, '_a0_': 1.0, '_a1_': 1.0, '_a3_': 1.0, '_a6_': 1.0, '_a7_': 1.0}};{'d0': 0.024905832919416546};-280.569866449044;38.58229971482647
36060;-101.702633509696;((_a4_ * (pow2(((_a2_ * x) + -(_a4_))) + (x * _a5_))) * x);{'d0': {'_a2_': 1.6699811645160005, '_a4_': 1.2108132420791282, '_a5_': 5.783912893217473, '_a0_': 1.0, '_a1_': 1.0, '_a3_': 1.0, '_a6_': 1.0, '_a7_': 1.0}};{'d0': 0.024905832919416546};-280.569866449044;38.58229971482647
36061;-101.702633509696;((_a4_ * (pow2(((_a2_ * x) + -(_a4_))) + (x * _a5_))) * x);{'d0': {'_a2_': 1.6699811645160005, '_a4_': 1.2108132420791282, '_a5_': 5.783912893217473, '_a0_': 1.0, '_a1_': 1.0, '_a3_': 1.0, '_a6_': 1.0, '_a7_': 1.0}};{'d0': 0.024905832919416546};-280.569866449044;38.58229971482647
36062;-101.702633509696;((_a4_ * (pow2(((_a2_ * x) + -(_a4_))) + (x * _a5_))) * x);{'d0': {'_a2_': 1.6699811645160005, '_a4_': 1.2108132420791282, '_a5_': 5.783912893217473, '_a0_': 1.0, '_a1_': 1.0, '_a3_': 1.0, '_a6_': 1.0, '_a7_': 1.0}};{'d0': 0.024905832919416546};-280.569866449044;38.58229971482647
36063;-99.4619796209258;(((pow2(((x * (_a6_ + _a1_)) + _a3_)) * _a1_) + (_a1_ * _a1_)) * x);{'d0': {'_a1_': 1.2027369163998307, '_a3_': 0.5226627767752429, '_a6_': 0.4728417915990789, '_a0_': 1.0, '_a2_': 1.0, '_a4_': 1.0, '_a5_': 1.0, '_a7_': 1.0}};{'d0': 0.024905832919416573};-280.569866449044;40.822953603595806
36064;-99.4619796209258;(((pow2(((x * (_a6_ + _a1_)) + _a3_)) * _a1_) + (_a1_ * _a1_)) * x);{'d0': {'_a1_': 1.2027369163998307, '_a3_': 0.5226627767752429, '_a6_': 0.4728417915990789, '_a0_': 1.0, '_a2_': 1.0, '_a4_': 1.0, '_a5_': 1.0, '_a7_': 1.0}};{'d0': 0.024905832919416573};-280.569866449044;40.822953603595806
36065;-105.382580669956;(((pow2(((x * _a4_) + _a3_)) * _a1_) + (_a1_ * _a1_)) * x);{'d0': {'_a1_': 1.2027369159727752, '_a3_': 0.5226627771220241, '_a4_': 1.6755787091188747, '_a0_': 1.0, '_a2_': 1.0, '_a5_': 1.0, '_a6_': 1.0, '_a7_': 1.0}};{'d0': 0.024905832919416636};-280.569866449044;34.90235255456581
36066;-99.6554612270902;((_a4_ * (pow2(((_a2_ * x) + -(_a3_))) + (x * _a5_))) * x);{'d0': {'_a2_': 1.73147342729597, '_a3_': 1.2553979641407103, '_a4_': 1.1263375266985376, '_a5_': 6.217706674684634, '_a0_': 1.0, '_a1_': 1.0, '_a6_': 1.0, '_a7_': 1.0}};{'d0': 0.024905832920657223};-276.475521883833;38.58229971482647
36067;-97.6082889474046;((_a4_ * (pow2(((_a2_ * x) + -(_a3_))) + (_a1_ * _a5_))) * x);{'d0': {'_a1_': 0.8118142268789609, '_a2_': -3.092720632854574, '_a3_': 0.9647114433967379, '_a4_': 0.35303593432117986, '_a5_': 5.047376488900108, '_a0_': 1.0, '_a6_': 1.0, '_a7_': 1.0}};{'d0': 0.024905832919473802};-272.381177324462;38.58229971482647
36068;-97.6082889474046;((_a4_ * (pow2(((_a2_ * x) + -(_a3_))) + (_a1_ * _a5_))) * x);{'d0': {'_a1_': 0.8118142268789609, '_a2_': -3.092720632854574, '_a3_': 0.9647114433967379, '_a4_': 0.35303593432117986, '_a5_': 5.047376488900108, '_a0_': 1.0, '_a6_': 1.0, '_a7_': 1.0}};{'d0': 0.024905832919473802};-272.381177324462;38.58229971482647
36069;-97.6082889474046;((_a4_ * (pow2(((_a2_ * x) + -(_a3_))) + (_a1_ * _a5_))) * x);{'d0': {'_a1_': 0.8118142268789609, '_a2_': -3.092720632854574, '_a3_': 0.9647114433967379, '_a4_': 0.35303593432117986, '_a5_': 5.047376488900108, '_a0_': 1.0, '_a6_': 1.0, '_a7_': 1.0}};{'d0': 0.024905832919473802};-272.381177324462;38.58229971482647
36070;-97.6082889474046;((_a4_ * (pow2(((_a2_ * x) + -(_a3_))) + (_a1_ * _a5_))) * x);{'d0': {'_a1_': 0.8118142268789609, '_a2_': -3.092720632854574, '_a3_': 0.9647114433967379, '_a4_': 0.35303593432117986, '_a5_': 5.047376488900108, '_a0_': 1.0, '_a6_': 1.0, '_a7_': 1.0}};{'d0': 0.024905832919473802};-272.381177324462;38.58229971482647
36071;-97.6082889474046;((_a4_ * (pow2(((_a2_ * x) + -(_a3_))) + (_a1_ * _a5_))) * x);{'d0': {'_a1_': 0.8118142268789609, '_a2_': -3.092720632854574, '_a3_': 0.9647114433967379, '_a4_': 0.35303593432117986, '_a5_': 5.047376488900108, '_a0_': 1.0, '_a6_': 1.0, '_a7_': 1.0}};{'d0': 0.024905832919473802};-272.381177324462;38.58229971482647
36072;-97.6082889474046;((_a4_ * (pow2(((_a2_ * x) + -(_a3_))) + (_a1_ * _a5_))) * x);{'d0': {'_a1_': 0.8118142268789609, '_a2_': -3.092720632854574, '_a3_': 0.9647114433967379, '_a4_': 0.35303593432117986, '_a5_': 5.047376488900108, '_a0_': 1.0, '_a6_': 1.0, '_a7_': 1.0}};{'d0': 0.024905832919473802};-272.381177324462;38.58229971482647
36073;-99.6554612284414;((_a4_ * (pow2(((_a2_ * x) + -(_a3_))) + (_a5_ * _a5_))) * x);{'d0': {'_a2_': -3.7470288368379108, '_a3_': 1.1688096102597167, '_a4_': 0.24050616923100027, '_a5_': 2.4524915667814584, '_a0_': 1.0, '_a1_': 1.0, '_a6_': 1.0, '_a7_': 1.0}};{'d0': 0.02490583291953552};-276.475521886535;38.58229971482647
36074;-99.6554612284414;((_a4_ * (pow2(((_a2_ * x) + -(_a3_))) + (_a5_ * _a5_))) * x);{'d0': {'_a2_': -3.7470288368379108, '_a3_': 1.1688096102597167, '_a4_': 0.24050616923100027, '_a5_': 2.4524915667814584, '_a0_': 1.0, '_a1_': 1.0, '_a6_': 1.0, '_a7_': 1.0}};{'d0': 0.02490583291953552};-276.475521886535;38.58229971482647
36075;-99.6554612284414;((_a4_ * (pow2(((_a2_ * x) + -(_a3_))) + (_a5_ * _a5_))) * x);{'d0': {'_a2_': -3.7470288368379108, '_a3_': 1.1688096102597167, '_a4_': 0.24050616923100027, '_a5_': 2.4524915667814584, '_a0_': 1.0, '_a1_': 1.0, '_a6_': 1.0, '_a7_': 1.0}};{'d0': 0.02490583291953552};-276.475521886535;38.58229971482647
36076;-99.6554612284414;((_a4_ * (pow2(((_a2_ * x) + -(_a3_))) + (_a5_ * _a5_))) * x);{'d0': {'_a2_': -3.7470288368379108, '_a3_': 1.1688096102597167, '_a4_': 0.24050616923100027, '_a5_': 2.4524915667814584, '_a0_': 1.0, '_a1_': 1.0, '_a6_': 1.0, '_a7_': 1.0}};{'d0': 0.02490583291953552};-276.475521886535;38.58229971482647
36077;-99.6554612284414;((_a4_ * (pow2(((_a2_ * x) + -(_a3_))) + (_a5_ * _a5_))) * x);{'d0': {'_a2_': -3.7470288368379108, '_a3_': 1.1688096102597167, '_a4_': 0.24050616923100027, '_a5_': 2.4524915667814584, '_a0_': 1.0, '_a1_': 1.0, '_a6_': 1.0, '_a7_': 1.0}};{'d0': 0.02490583291953552};-276.475521886535;38.58229971482647
36078;-99.6554612284414;((_a4_ * (pow2(((_a2_ * x) + -(_a3_))) + (_a5_ * _a5_))) * x);{'d0': {'_a2_': -3.7470288368379108, '_a3_': 1.1688096102597167, '_a4_': 0.24050616923100027, '_a5_': 2.4524915667814584, '_a0_': 1.0, '_a1_': 1.0, '_a6_': 1.0, '_a7_': 1.0}};{'d0': 0.02490583291953552};-276.475521886535;38.58229971482647
36079;-99.6554612284414;((_a4_ * (pow2(((_a2_ * x) + -(_a3_))) + (_a5_ * _a5_))) * x);{'d0': {'_a2_': -3.7470288368379108, '_a3_': 1.1688096102597167, '_a4_': 0.24050616923100027, '_a5_': 2.4524915667814584, '_a0_': 1.0, '_a1_': 1.0, '_a6_': 1.0, '_a7_': 1.0}};{'d0': 0.02490583291953552};-276.475521886535;38.58229971482647
36080;-99.6554612284414;((_a4_ * (pow2(((_a2_ * x) + -(_a3_))) + (_a5_ * _a5_))) * x);{'d0': {'_a2_': -3.7470288368379108, '_a3_': 1.1688096102597167, '_a4_': 0.24050616923100027, '_a5_': 2.4524915667814584, '_a0_': 1.0, '_a1_': 1.0, '_a6_': 1.0, '_a7_': 1.0}};{'d0': 0.02490583291953552};-276.475521886535;38.58229971482647
36081;-99.6554612284414;((_a4_ * (pow2(((_a2_ * x) + -(_a3_))) + (_a5_ * _a5_))) * x);{'d0': {'_a2_': -3.7470288368379108, '_a3_': 1.1688096102597167, '_a4_': 0.24050616923100027, '_a5_': 2.4524915667814584, '_a0_': 1.0, '_a1_': 1.0, '_a6_': 1.0, '_a7_': 1.0}};{'d0': 0.02490583291953552};-276.475521886535;38.58229971482647
36082;-99.6554612284414;((_a4_ * (pow2(((_a2_ * x) + -(_a3_))) + (_a5_ * _a5_))) * x);{'d0': {'_a2_': -3.7470288368379108, '_a3_': 1.1688096102597167, '_a4_': 0.24050616923100027, '_a5_': 2.4524915667814584, '_a0_': 1.0, '_a1_': 1.0, '_a6_': 1.0, '_a7_': 1.0}};{'d0': 0.02490583291953552};-276.475521886535;38.58229971482647
36083;-99.6554612284414;((_a4_ * (pow2(((_a2_ * x) + -(_a3_))) + (_a5_ * _a5_))) * x);{'d0': {'_a2_': -3.7470288368379108, '_a3_': 1.1688096102597167, '_a4_': 0.24050616923100027, '_a5_': 2.4524915667814584, '_a0_': 1.0, '_a1_': 1.0, '_a6_': 1.0, '_a7_': 1.0}};{'d0': 0.02490583291953552};-276.475521886535;38.58229971482647
36084;-99.6554612284414;((_a4_ * (pow2(((_a2_ * x) + -(_a3_))) + (_a5_ * _a5_))) * x);{'d0': {'_a2_': -3.7470288368379108, '_a3_': 1.1688096102597167, '_a4_': 0.24050616923100027, '_a5_': 2.4524915667814584, '_a0_': 1.0, '_a1_': 1.0, '_a6_': 1.0, '_a7_': 1.0}};{'d0': 0.02490583291953552};-276.475521886535;38.58229971482647
36085;-99.6554612284414;((_a4_ * (pow2(((_a2_ * x) + -(_a3_))) + (_a5_ * _a5_))) * x);{'d0': {'_a2_': -3.7470288368379108, '_a3_': 1.1688096102597167, '_a4_': 0.24050616923100027, '_a5_': 2.4524915667814584, '_a0_': 1.0, '_a1_': 1.0, '_a6_': 1.0, '_a7_': 1.0}};{'d0': 0.02490583291953552};-276.475521886535;38.58229971482647
36086;-99.6554612284414;((_a4_ * (pow2(((_a2_ * x) + -(_a3_))) + (_a5_ * _a5_))) * x);{'d0': {'_a2_': -3.7470288368379108, '_a3_': 1.1688096102597167, '_a4_': 0.24050616923100027, '_a5_': 2.4524915667814584, '_a0_': 1.0, '_a1_': 1.0, '_a6_': 1.0, '_a7_': 1.0}};{'d0': 0.02490583291953552};-276.475521886535;38.58229971482647
36087;-99.6554612284414;((_a4_ * (pow2(((_a2_ * x) + -(_a3_))) + (_a5_ * _a5_))) * x);{'d0': {'_a2_': -3.7470288368379108, '_a3_': 1.1688096102597167, '_a4_': 0.24050616923100027, '_a5_': 2.4524915667814584, '_a0_': 1.0, '_a1_': 1.0, '_a6_': 1.0, '_a7_': 1.0}};{'d0': 0.02490583291953552};-276.475521886535;38.58229971482647
36088;-99.6554612284414;((_a4_ * (pow2(((_a2_ * x) + -(_a3_))) + (_a5_ * _a5_))) * x);{'d0': {'_a2_': -3.7470288368379108, '_a3_': 1.1688096102597167, '_a4_': 0.24050616923100027, '_a5_': 2.4524915667814584, '_a0_': 1.0, '_a1_': 1.0, '_a6_': 1.0, '_a7_': 1.0}};{'d0': 0.02490583291953552};-276.475521886535;38.58229971482647
36089;-99.6554612284414;((_a4_ * (pow2(((_a2_ * x) + -(_a3_))) + (_a5_ * _a5_))) * x);{'d0': {'_a2_': -3.7470288368379108, '_a3_': 1.1688096102597167, '_a4_': 0.24050616923100027, '_a5_': 2.4524915667814584, '_a0_': 1.0, '_a1_': 1.0, '_a6_': 1.0, '_a7_': 1.0}};{'d0': 0.02490583291953552};-276.475521886535;38.58229971482647
36090;-99.6554612284414;((_a4_ * (pow2(((_a2_ * x) + -(_a3_))) + (_a5_ * _a5_))) * x);{'d0': {'_a2_': -3.7470288368379108, '_a3_': 1.1688096102597167, '_a4_': 0.24050616923100027, '_a5_': 2.4524915667814584, '_a0_': 1.0, '_a1_': 1.0, '_a6_': 1.0, '_a7_': 1.0}};{'d0': 0.02490583291953552};-276.475521886535;38.58229971482647
36091;-99.6554612284414;((_a4_ * (pow2(((_a2_ * x) + -(_a3_))) + (_a5_ * _a5_))) * x);{'d0': {'_a2_': -3.7470288368379108, '_a3_': 1.1688096102597167, '_a4_': 0.24050616923100027, '_a5_': 2.4524915667814584, '_a0_': 1.0, '_a1_': 1.0, '_a6_': 1.0, '_a7_': 1.0}};{'d0': 0.02490583291953552};-276.475521886535;38.58229971482647
36092;-99.6554612284414;((_a4_ * (pow2(((_a2_ * x) + -(_a3_))) + (_a5_ * _a5_))) * x);{'d0': {'_a2_': -3.7470288368379108, '_a3_': 1.1688096102597167, '_a4_': 0.24050616923100027, '_a5_': 2.4524915667814584, '_a0_': 1.0, '_a1_': 1.0, '_a6_': 1.0, '_a7_': 1.0}};{'d0': 0.02490583291953552};-276.475521886535;38.58229971482647
36093;-99.6554612284414;((_a4_ * (pow2(((_a2_ * x) + -(_a3_))) + (_a5_ * _a5_))) * x);{'d0': {'_a2_': -3.7470288368379108, '_a3_': 1.1688096102597167, '_a4_': 0.24050616923100027, '_a5_': 2.4524915667814584, '_a0_': 1.0, '_a1_': 1.0, '_a6_': 1.0, '_a7_': 1.0}};{'d0': 0.02490583291953552};-276.475521886535;38.58229971482647
36094;-99.6554612284414;((_a4_ * (pow2(((_a2_ * x) + -(_a3_))) + (_a5_ * _a5_))) * x);{'d0': {'_a2_': -3.7470288368379108, '_a3_': 1.1688096102597167, '_a4_': 0.24050616923100027, '_a5_': 2.4524915667814584, '_a0_': 1.0, '_a1_': 1.0, '_a6_': 1.0, '_a7_': 1.0}};{'d0': 0.02490583291953552};-276.475521886535;38.58229971482647
36095;-100.360883458177;((_a4_ * (pow2(((_a2_ * x) + (_a5_ * _a2_))) + (_a5_ * _a5_))) * x);{'d0': {'_a2_': -0.47658048075143306, '_a4_': 14.867152818844051, '_a5_': 0.3119297077969644, '_a0_': 1.0, '_a1_': 1.0, '_a3_': 1.0, '_a6_': 1.0, '_a7_': 1.0}};{'d0': 0.024905832919416646};-280.569866449044;39.92404976634508
36096;-100.360883458177;((_a4_ * (pow2(((_a2_ * x) + (_a5_ * _a2_))) + (_a5_ * _a5_))) * x);{'d0': {'_a2_': -0.47658048075143306, '_a4_': 14.867152818844051, '_a5_': 0.3119297077969644, '_a0_': 1.0, '_a1_': 1.0, '_a3_': 1.0, '_a6_': 1.0, '_a7_': 1.0}};{'d0': 0.024905832919416646};-280.569866449044;39.92404976634508
36097;-100.360883458177;((_a4_ * (pow2(((_a2_ * x) + (_a5_ * _a2_))) + (_a5_ * _a5_))) * x);{'d0': {'_a2_': -0.47658048075143306, '_a4_': 14.867152818844051, '_a5_': 0.3119297077969644, '_a0_': 1.0, '_a1_': 1.0, '_a3_': 1.0, '_a6_': 1.0, '_a7_': 1.0}};{'d0': 0.024905832919416646};-280.569866449044;39.92404976634508
36098;-100.360883458177;((_a4_ * (pow2(((_a2_ * x) + (_a5_ * _a2_))) + (_a5_ * _a5_))) * x);{'d0': {'_a2_': -0.47658048075143306, '_a4_': 14.867152818844051, '_a5_': 0.3119297077969644, '_a0_': 1.0, '_a1_': 1.0, '_a3_': 1.0, '_a6_': 1.0, '_a7_': 1.0}};{'d0': 0.024905832919416646};-280.569866449044;39.92404976634508
36099;-100.360883458177;((_a4_ * (pow2(((_a2_ * x) + (_a5_ * _a2_))) + (_a5_ * _a5_))) * x);{'d0': {'_a2_': -0.47658048075143306, '_a4_': 14.867152818844051, '_a5_': 0.3119297077969644, '_a0_': 1.0, '_a1_': 1.0, '_a3_': 1.0, '_a6_': 1.0, '_a7_': 1.0}};{'d0': 0.024905832919416646};-280.569866449044;39.92404976634508
36100;-100.360883458177;((_a4_ * (pow2(((_a2_ * x) + (_a5_ * _a2_))) + (_a5_ * _a5_))) * x);{'d0': {'_a2_': -0.47658048075143306, '_a4_': 14.867152818844051, '_a5_': 0.3119297077969644, '_a0_': 1.0, '_a1_': 1.0, '_a3_': 1.0, '_a6_': 1.0, '_a7_': 1.0}};{'d0': 0.024905832919416646};-280.569866449044;39.92404976634508
36101;-100.360883458177;((_a4_ * (pow2(((_a2_ * x) + (_a5_ * _a2_))) + (_a5_ * _a5_))) * x);{'d0': {'_a2_': -0.47658048075143306, '_a4_': 14.867152818844051, '_a5_': 0.3119297077969644, '_a0_': 1.0, '_a1_': 1.0, '_a3_': 1.0, '_a6_': 1.0, '_a7_': 1.0}};{'d0': 0.024905832919416646};-280.569866449044;39.92404976634508
36102;-99.4619796209260;((_a4_ * (pow2(((_a2_ * x) + (_a5_ * _a2_))) + (_a5_ + _a5_))) * x);{'d0': {'_a2_': -1.2067654836583714, '_a4_': 2.318753316488012, '_a5_': 0.3119297077997629, '_a0_': 1.0, '_a1_': 1.0, '_a3_': 1.0, '_a6_': 1.0, '_a7_': 1.0}};{'d0': 0.024905832919416622};-280.569866449044;40.822953603596076
36103;-99.4619796209260;((_a4_ * (pow2(((_a2_ * x) + (_a5_ * _a2_))) + (_a5_ + _a5_))) * x);{'d0': {'_a2_': -1.2067654836583714, '_a4_': 2.318753316488012, '_a5_': 0.3119297077997629, '_a0_': 1.0, '_a1_': 1.0, '_a3_': 1.0, '_a6_': 1.0, '_a7_': 1.0}};{'d0': 0.024905832919416622};-280.569866449044;40.822953603596076
36104;-99.4619796209260;((_a4_ * (pow2(((_a2_ * x) + (_a5_ * _a2_))) + (_a5_ + _a5_))) * x);{'d0': {'_a2_': -1.2067654836583714, '_a4_': 2.318753316488012, '_a5_': 0.3119297077997629, '_a0_': 1.0, '_a1_': 1.0, '_a3_': 1.0, '_a6_': 1.0, '_a7_': 1.0}};{'d0': 0.024905832919416622};-280.569866449044;40.822953603596076
36105;-99.4619796209260;((_a4_ * (pow2(((_a2_ * x) + (_a5_ * _a2_))) + (_a5_ + _a5_))) * x);{'d0': {'_a2_': -1.2067654836583714, '_a4_': 2.318753316488012, '_a5_': 0.3119297077997629, '_a0_': 1.0, '_a1_': 1.0, '_a3_': 1.0, '_a6_': 1.0, '_a7_': 1.0}};{'d0': 0.024905832919416622};-280.569866449044;40.822953603596076
36106;-99.4619796209260;((_a4_ * (pow2(((_a2_ * x) + (_a5_ * _a2_))) + (_a5_ + _a5_))) * x);{'d0': {'_a2_': -1.2067654836583714, '_a4_': 2.318753316488012, '_a5_': 0.3119297077997629, '_a0_': 1.0, '_a1_': 1.0, '_a3_': 1.0, '_a6_': 1.0, '_a7_': 1.0}};{'d0': 0.024905832919416622};-280.569866449044;40.822953603596076
36107;-99.4619796209260;((_a4_ * (pow2(((_a2_ * x) + (_a5_ * _a2_))) + (_a5_ + _a5_))) * x);{'d0': {'_a2_': -1.2067654836583714, '_a4_': 2.318753316488012, '_a5_': 0.3119297077997629, '_a0_': 1.0, '_a1_': 1.0, '_a3_': 1.0, '_a6_': 1.0, '_a7_': 1.0}};{'d0': 0.024905832919416622};-280.569866449044;40.822953603596076
36108;-99.4619796209260;((_a4_ * (pow2(((_a2_ * x) + (_a5_ * _a2_))) + (_a5_ + _a5_))) * x);{'d0': {'_a2_': -1.2067654836583714, '_a4_': 2.318753316488012, '_a5_': 0.3119297077997629, '_a0_': 1.0, '_a1_': 1.0, '_a3_': 1.0, '_a6_': 1.0, '_a7_': 1.0}};{'d0': 0.024905832919416622};-280.569866449044;40.822953603596076
36109;-99.4619796209260;((_a4_ * (pow2(((_a2_ * x) + (_a5_ * _a2_))) + (_a5_ + _a5_))) * x);{'d0': {'_a2_': -1.2067654836583714, '_a4_': 2.318753316488012, '_a5_': 0.3119297077997629, '_a0_': 1.0, '_a1_': 1.0, '_a3_': 1.0, '_a6_': 1.0, '_a7_': 1.0}};{'d0': 0.024905832919416622};-280.569866449044;40.822953603596076
36110;-92.8690975585160;((_a4_ * (pow2(((pow3(_a2_) * x) + (_a5_ * _a2_))) + (_a5_ + _a5_))) * x);{'d0': {'_a2_': -1.0985287810941735, '_a4_': 1.9214614195562973, '_a5_': 0.37642600442709234, '_a0_': 1.0, '_a1_': 1.0, '_a3_': 1.0, '_a6_': 1.0, '_a7_': 1.0}};{'d0': 0.02490583291941663};-280.569866449044;47.415835666006075
36111;-92.8690975585160;((_a4_ * (pow2(((pow3(_a2_) * x) + (_a5_ * _a2_))) + (_a5_ + _a5_))) * x);{'d0': {'_a2_': -1.0985287810941735, '_a4_': 1.9214614195562973, '_a5_': 0.37642600442709234, '_a0_': 1.0, '_a1_': 1.0, '_a3_': 1.0, '_a6_': 1.0, '_a7_': 1.0}};{'d0': 0.02490583291941663};-280.569866449044;47.415835666006075
36112;-92.8690975585160;((_a4_ * (pow2(((pow3(_a2_) * x) + (_a5_ * _a2_))) + (_a5_ + _a5_))) * x);{'d0': {'_a2_': -1.0985287810941735, '_a4_': 1.9214614195562973, '_a5_': 0.37642600442709234, '_a0_': 1.0, '_a1_': 1.0, '_a3_': 1.0, '_a6_': 1.0, '_a7_': 1.0}};{'d0': 0.02490583291941663};-280.569866449044;47.415835666006075
36113;-92.8690975585160;((_a4_ * (pow2(((pow3(_a2_) * x) + (_a5_ * _a2_))) + (_a5_ + _a5_))) * x);{'d0': {'_a2_': -1.0985287810941735, '_a4_': 1.9214614195562973, '_a5_': 0.37642600442709234, '_a0_': 1.0, '_a1_': 1.0, '_a3_': 1.0, '_a6_': 1.0, '_a7_': 1.0}};{'d0': 0.02490583291941663};-280.569866449044;47.415835666006075
36114;-92.8690975585160;((_a4_ * (pow2(((pow3(_a2_) * x) + (_a5_ * _a2_))) + (_a5_ + _a5_))) * x);{'d0': {'_a2_': -1.0985287810941735, '_a4_': 1.9214614195562973, '_a5_': 0.37642600442709234, '_a0_': 1.0, '_a1_': 1.0, '_a3_': 1.0, '_a6_': 1.0, '_a7_': 1.0}};{'d0': 0.02490583291941663};-280.569866449044;47.415835666006075
36115;-92.8690975585160;((_a4_ * (pow2(((pow3(_a2_) * x) + (_a5_ * _a2_))) + (_a5_ + _a5_))) * x);{'d0': {'_a2_': -1.0985287810941735, '_a4_': 1.9214614195562973, '_a5_': 0.37642600442709234, '_a0_': 1.0, '_a1_': 1.0, '_a3_': 1.0, '_a6_': 1.0, '_a7_': 1.0}};{'d0': 0.02490583291941663};-280.569866449044;47.415835666006075
36116;-93.6616878545235;((_a4_ * (pow2((((x / x) * x) + (_a5_ * _a2_))) + (_a5_ + _a5_))) * x);{'d0': {'_a2_': 1.4562829331686855, '_a4_': 3.3767608805742233, '_a5_': 0.21419581364544374, '_a0_': 1.0, '_a1_': 1.0, '_a3_': 1.0, '_a6_': 1.0, '_a7_': 1.0}};{'d0': 0.024905832919416664};-280.569866449044;46.62324536999847
36117;-93.6616878545235;((_a4_ * (pow2((((x / x) * x) + (_a5_ * _a2_))) + (_a5_ + _a5_))) * x);{'d0': {'_a2_': 1.4562829331686855, '_a4_': 3.3767608805742233, '_a5_': 0.21419581364544374, '_a0_': 1.0, '_a1_': 1.0, '_a3_': 1.0, '_a6_': 1.0, '_a7_': 1.0}};{'d0': 0.024905832919416664};-280.569866449044;46.62324536999847
36118;-93.6616878545235;((_a4_ * (pow2((((x / x) * x) + (_a5_ * _a2_))) + (_a5_ + _a5_))) * x);{'d0': {'_a2_': 1.4562829331686855, '_a4_': 3.3767608805742233, '_a5_': 0.21419581364544374, '_a0_': 1.0, '_a1_': 1.0, '_a3_': 1.0, '_a6_': 1.0, '_a7_': 1.0}};{'d0': 0.024905832919416664};-280.569866449044;46.62324536999847
36119;-93.6616878545235;((_a4_ * (pow2((((x / x) * x) + (_a5_ * _a2_))) + (_a5_ + _a5_))) * x);{'d0': {'_a2_': 1.4562829331686855, '_a4_': 3.3767608805742233, '_a5_': 0.21419581364544374, '_a0_': 1.0, '_a1_': 1.0, '_a3_': 1.0, '_a6_': 1.0, '_a7_': 1.0}};{'d0': 0.024905832919416664};-280.569866449044;46.62324536999847
36120;-93.6616878545235;((_a4_ * (pow2((((x / x) * x) + (_a5_ * _a2_))) + (_a5_ + _a5_))) * x);{'d0': {'_a2_': 1.4562829331686855, '_a4_': 3.3767608805742233, '_a5_': 0.21419581364544374, '_a0_': 1.0, '_a1_': 1.0, '_a3_': 1.0, '_a6_': 1.0, '_a7_': 1.0}};{'d0': 0.024905832919416664};-280.569866449044;46.62324536999847
36121;-93.6616878545235;((_a4_ * (pow2((((x / x) * x) + (_a5_ * _a2_))) + (_a5_ + _a5_))) * x);{'d0': {'_a2_': 1.4562829331686855, '_a4_': 3.3767608805742233, '_a5_': 0.21419581364544374, '_a0_': 1.0, '_a1_': 1.0, '_a3_': 1.0, '_a6_': 1.0, '_a7_': 1.0}};{'d0': 0.024905832919416664};-280.569866449044;46.62324536999847
36122;-93.6616878545235;((_a4_ * (pow2((((x / x) * x) + (_a5_ * _a2_))) + (_a5_ + _a5_))) * x);{'d0': {'_a2_': 1.4562829331686855, '_a4_': 3.3767608805742233, '_a5_': 0.21419581364544374, '_a0_': 1.0, '_a1_': 1.0, '_a3_': 1.0, '_a6_': 1.0, '_a7_': 1.0}};{'d0': 0.024905832919416664};-280.569866449044;46.62324536999847
36123;-93.6616878545237;((_a4_ * (pow2((((x / x) * x) + (_a5_ * _a2_))) + (_a5_ + x))) * x);{'d0': {'_a2_': -0.3835653880215899, '_a4_': 3.3767608866131824, '_a5_': 0.49032133334513045, '_a0_': 1.0, '_a1_': 1.0, '_a3_': 1.0, '_a6_': 1.0, '_a7_': 1.0}};{'d0': 0.024905832919416577};-280.569866449044;46.62324536999847
36124;-93.6616878545237;((_a4_ * (pow2((((x / x) * x) + (_a5_ * _a2_))) + (_a5_ + x))) * x);{'d0': {'_a2_': -0.3835653880215899, '_a4_': 3.3767608866131824, '_a5_': 0.49032133334513045, '_a0_': 1.0, '_a1_': 1.0, '_a3_': 1.0, '_a6_': 1.0, '_a7_': 1.0}};{'d0': 0.024905832919416577};-280.569866449044;46.62324536999847
36125;-99.4619796209260;((_a4_ * (pow2(((_a5_ * x) + (_a5_ * _a2_))) + (_a5_ + x))) * x);{'d0': {'_a2_': 0.1925583507839984, '_a4_': 0.8061770574461331, '_a5_': 2.046609268748915, '_a0_': 1.0, '_a1_': 1.0, '_a3_': 1.0, '_a6_': 1.0, '_a7_': 1.0}};{'d0': 0.024905832919416598};-280.569866449044;40.82295360359607
36126;-99.4619796209260;((_a4_ * (pow2(((_a5_ * x) + (_a5_ * _a2_))) + (_a5_ + x))) * x);{'d0': {'_a2_': 0.1925583507839984, '_a4_': 0.8061770574461331, '_a5_': 2.046609268748915, '_a0_': 1.0, '_a1_': 1.0, '_a3_': 1.0, '_a6_': 1.0, '_a7_': 1.0}};{'d0': 0.024905832919416598};-280.569866449044;40.82295360359607
36127;-99.4619796209260;((_a4_ * (pow2(((_a5_ * x) + (_a5_ * _a2_))) + (_a5_ + x))) * x);{'d0': {'_a2_': 0.1925583507839984, '_a4_': 0.8061770574461331, '_a5_': 2.046609268748915, '_a0_': 1.0, '_a1_': 1.0, '_a3_': 1.0, '_a6_': 1.0, '_a7_': 1.0}};{'d0': 0.024905832919416598};-280.569866449044;40.82295360359607
36128;-99.4619796209260;((_a4_ * (pow2(((_a5_ * x) + (_a5_ * _a2_))) + (_a5_ + x))) * x);{'d0': {'_a2_': 0.1925583507839984, '_a4_': 0.8061770574461331, '_a5_': 2.046609268748915, '_a0_': 1.0, '_a1_': 1.0, '_a3_': 1.0, '_a6_': 1.0, '_a7_': 1.0}};{'d0': 0.024905832919416598};-280.569866449044;40.82295360359607
36129;-99.4619796209260;((_a4_ * (pow2(((_a5_ * x) + (_a5_ * _a2_))) + (_a5_ + x))) * x);{'d0': {'_a2_': 0.1925583507839984, '_a4_': 0.8061770574461331, '_a5_': 2.046609268748915, '_a0_': 1.0, '_a1_': 1.0, '_a3_': 1.0, '_a6_': 1.0, '_a7_': 1.0}};{'d0': 0.024905832919416598};-280.569866449044;40.82295360359607
36130;-99.4619796209260;((_a4_ * (pow2(((_a5_ * x) + (_a5_ * _a2_))) + (_a5_ + x))) * x);{'d0': {'_a2_': 0.1925583507839984, '_a4_': 0.8061770574461331, '_a5_': 2.046609268748915, '_a0_': 1.0, '_a1_': 1.0, '_a3_': 1.0, '_a6_': 1.0, '_a7_': 1.0}};{'d0': 0.024905832919416598};-280.569866449044;40.82295360359607
36131;-99.4619796209260;((_a4_ * (pow2(((_a5_ * x) + (_a5_ * _a2_))) + (_a5_ + x))) * x);{'d0': {'_a2_': 0.1925583507839984, '_a4_': 0.8061770574461331, '_a5_': 2.046609268748915, '_a0_': 1.0, '_a1_': 1.0, '_a3_': 1.0, '_a6_': 1.0, '_a7_': 1.0}};{'d0': 0.024905832919416598};-280.569866449044;40.82295360359607
36132;-99.4619796209260;((_a4_ * (pow2(((_a5_ * x) + (_a5_ * _a2_))) + (_a5_ + x))) * x);{'d0': {'_a2_': 0.1925583507839984, '_a4_': 0.8061770574461331, '_a5_': 2.046609268748915, '_a0_': 1.0, '_a1_': 1.0, '_a3_': 1.0, '_a6_': 1.0, '_a7_': 1.0}};{'d0': 0.024905832919416598};-280.569866449044;40.82295360359607
36133;-99.4619796209260;((_a4_ * (pow2(((_a5_ * x) + (_a5_ * _a2_))) + (_a5_ + x))) * x);{'d0': {'_a2_': 0.1925583507839984, '_a4_': 0.8061770574461331, '_a5_': 2.046609268748915, '_a0_': 1.0, '_a1_': 1.0, '_a3_': 1.0, '_a6_': 1.0, '_a7_': 1.0}};{'d0': 0.024905832919416598};-280.569866449044;40.82295360359607
36134;-91.3353975452289;((_a4_ * (pow2(((_a5_ * x) + (_a5_ * _a2_))) + (_a5_ + cos(_a1_)))) * x);{'d0': {'_a1_': 2.1201757338609375, '_a2_': 0.3119297078365374, '_a4_': 1.4131607976416352, '_a5_': 1.5458036834184872, '_a0_': 1.0, '_a3_': 1.0, '_a6_': 1.0, '_a7_': 1.0}};{'d0': 0.024905832921090287};-276.475521882790;46.902363396166066
36135;-92.6047903100790;((_a4_ * (pow2(((_a5_ * x) + -(_a0_))) + (_a5_ + cos(_a1_)))) * x);{'d0': {'_a0_': -0.4440782388387022, '_a1_': -8.442819625451236, '_a4_': 1.6660757608417032, '_a5_': 1.4236484304317643, '_a2_': 1.0, '_a3_': 1.0, '_a6_': 1.0, '_a7_': 1.0}};{'d0': 0.024905832921378025};-276.475521882096;45.63297063096945
36136;-92.6047903100790;((_a4_ * (pow2(((_a5_ * x) + -(_a0_))) + (_a5_ + cos(_a1_)))) * x);{'d0': {'_a0_': -0.4440782388387022, '_a1_': -8.442819625451236, '_a4_': 1.6660757608417032, '_a5_': 1.4236484304317643, '_a2_': 1.0, '_a3_': 1.0, '_a6_': 1.0, '_a7_': 1.0}};{'d0': 0.024905832921378025};-276.475521882096;45.63297063096945
36137;-92.6047903100790;((_a4_ * (pow2(((_a5_ * x) + -(_a0_))) + (_a5_ + cos(_a1_)))) * x);{'d0': {'_a0_': -0.4440782388387022, '_a1_': -8.442819625451236, '_a4_': 1.6660757608417032, '_a5_': 1.4236484304317643, '_a2_': 1.0, '_a3_': 1.0, '_a6_': 1.0, '_a7_': 1.0}};{'d0': 0.024905832921378025};-276.475521882096;45.63297063096945
36138;-96.2847374726179;((_a4_ * (pow2(((_a5_ * x) + _a6_)) + (_a5_ + cos(_a1_)))) * x);{'d0': {'_a1_': -8.476256082111954, '_a4_': 2.6589521846906488, '_a5_': 1.1269246665321206, '_a6_': 0.35152128197407284, '_a0_': 1.0, '_a2_': 1.0, '_a3_': 1.0, '_a7_': 1.0}};{'d0': 0.024905832919486372};-276.475521886653;41.95302347070906
36139;-97.4148073152140;((_a4_ * (pow2(((_a5_ * x) + _a6_)) + (_a5_ + (_a5_ * _a3_)))) * x);{'d0': {'_a3_': -0.6202002877972765, '_a4_': 4.296084202965487, '_a5_': 0.886571276687913, '_a6_': 0.2765479192343897, '_a0_': 1.0, '_a1_': 1.0, '_a2_': 1.0, '_a7_': 1.0}};{'d0': 0.024905832939840142};-276.475521837620;40.82295360359606
36140;-97.4148073152140;((_a4_ * (pow2(((_a5_ * x) + _a6_)) + (_a5_ + (_a5_ * _a3_)))) * x);{'d0': {'_a3_': -0.6202002877972765, '_a4_': 4.296084202965487, '_a5_': 0.886571276687913, '_a6_': 0.2765479192343897, '_a0_': 1.0, '_a1_': 1.0, '_a2_': 1.0, '_a7_': 1.0}};{'d0': 0.024905832939840142};-276.475521837620;40.82295360359606
36141;-97.4148073152140;((_a4_ * (pow2(((_a5_ * x) + _a6_)) + (_a5_ + (_a5_ * _a3_)))) * x);{'d0': {'_a3_': -0.6202002877972765, '_a4_': 4.296084202965487, '_a5_': 0.886571276687913, '_a6_': 0.2765479192343897, '_a0_': 1.0, '_a1_': 1.0, '_a2_': 1.0, '_a7_': 1.0}};{'d0': 0.024905832939840142};-276.475521837620;40.82295360359606
36142;-97.4148073322483;((_a4_ * (pow2(((_a5_ * x) + _a6_)) + (x + (_a5_ * _a3_)))) * x);{'d0': {'_a3_': 0.05865109965695427, '_a4_': 6.605016248190653, '_a5_': 0.7150116087770293, '_a6_': -0.47625585523993724, '_a0_': 1.0, '_a1_': 1.0, '_a2_': 1.0, '_a7_': 1.0}};{'d0': 0.024905832925698406};-276.475521871688;40.82295360359606
36143;-97.4148073322483;((_a4_ * (pow2(((_a5_ * x) + _a6_)) + (x + (_a5_ * _a3_)))) * x);{'d0': {'_a3_': 0.05865109965695427, '_a4_': 6.605016248190653, '_a5_': 0.7150116087770293, '_a6_': -0.47625585523993724, '_a0_': 1.0, '_a1_': 1.0, '_a2_': 1.0, '_a7_': 1.0}};{'d0': 0.024905832925698406};-276.475521871688;40.82295360359606
36144;-97.4148073322483;((_a4_ * (pow2(((_a5_ * x) + _a6_)) + (x + (_a5_ * _a3_)))) * x);{'d0': {'_a3_': 0.05865109965695427, '_a4_': 6.605016248190653, '_a5_': 0.7150116087770293, '_a6_': -0.47625585523993724, '_a0_': 1.0, '_a1_': 1.0, '_a2_': 1.0, '_a7_': 1.0}};{'d0': 0.024905832925698406};-276.475521871688;40.82295360359606
36145;-97.4148073322483;((_a4_ * (pow2(((_a5_ * x) + _a6_)) + (x + (_a5_ * _a3_)))) * x);{'d0': {'_a3_': 0.05865109965695427, '_a4_': 6.605016248190653, '_a5_': 0.7150116087770293, '_a6_': -0.47625585523993724, '_a0_': 1.0, '_a1_': 1.0, '_a2_': 1.0, '_a7_': 1.0}};{'d0': 0.024905832925698406};-276.475521871688;40.82295360359606
36146;-97.4148073322483;((_a4_ * (pow2(((_a5_ * x) + _a6_)) + (x + (_a5_ * _a3_)))) * x);{'d0': {'_a3_': 0.05865109965695427, '_a4_': 6.605016248190653, '_a5_': 0.7150116087770293, '_a6_': -0.47625585523993724, '_a0_': 1.0, '_a1_': 1.0, '_a2_': 1.0, '_a7_': 1.0}};{'d0': 0.024905832925698406};-276.475521871688;40.82295360359606
36147;-97.4148073322483;((_a4_ * (pow2(((_a5_ * x) + _a6_)) + (x + (_a5_ * _a3_)))) * x);{'d0': {'_a3_': 0.05865109965695427, '_a4_': 6.605016248190653, '_a5_': 0.7150116087770293, '_a6_': -0.47625585523993724, '_a0_': 1.0, '_a1_': 1.0, '_a2_': 1.0, '_a7_': 1.0}};{'d0': 0.024905832925698406};-276.475521871688;40.82295360359606
36148;-97.4148073322483;((_a4_ * (pow2(((_a5_ * x) + _a6_)) + (x + (_a5_ * _a3_)))) * x);{'d0': {'_a3_': 0.05865109965695427, '_a4_': 6.605016248190653, '_a5_': 0.7150116087770293, '_a6_': -0.47625585523993724, '_a0_': 1.0, '_a1_': 1.0, '_a2_': 1.0, '_a7_': 1.0}};{'d0': 0.024905832925698406};-276.475521871688;40.82295360359606
36149;-97.4148073322483;((_a4_ * (pow2(((_a5_ * x) + _a6_)) + (x + (_a5_ * _a3_)))) * x);{'d0': {'_a3_': 0.05865109965695427, '_a4_': 6.605016248190653, '_a5_': 0.7150116087770293, '_a6_': -0.47625585523993724, '_a0_': 1.0, '_a1_': 1.0, '_a2_': 1.0, '_a7_': 1.0}};{'d0': 0.024905832925698406};-276.475521871688;40.82295360359606
36150;-97.4148073322483;((_a4_ * (pow2(((_a5_ * x) + _a6_)) + (x + (_a5_ * _a3_)))) * x);{'d0': {'_a3_': 0.05865109965695427, '_a4_': 6.605016248190653, '_a5_': 0.7150116087770293, '_a6_': -0.47625585523993724, '_a0_': 1.0, '_a1_': 1.0, '_a2_': 1.0, '_a7_': 1.0}};{'d0': 0.024905832925698406};-276.475521871688;40.82295360359606
36151;-104.411319546383;(((pow2(((x * _a4_) + _a3_)) * _a1_) + (_a1_ + _a3_)) * x);{'d0': {'_a1_': 0.8094826797513389, '_a3_': 0.6370934087157983, '_a4_': 2.0424262032627625, '_a0_': 1.0, '_a2_': 1.0, '_a5_': 1.0, '_a6_': 1.0, '_a7_': 1.0}};{'d0': 0.024905832919416643};-280.569866449044;35.87361367813881
36152;-104.411319546383;(((pow2(((x * _a4_) + _a3_)) * _a1_) + (_a1_ + _a3_)) * x);{'d0': {'_a1_': 0.8094826797513389, '_a3_': 0.6370934087157983, '_a4_': 2.0424262032627625, '_a0_': 1.0, '_a2_': 1.0, '_a5_': 1.0, '_a6_': 1.0, '_a7_': 1.0}};{'d0': 0.024905832919416643};-280.569866449044;35.87361367813881
36153;-104.411319546383;(((pow2(((x * _a4_) + _a3_)) * _a1_) + (_a1_ + _a3_)) * x);{'d0': {'_a1_': 0.8094826797513389, '_a3_': 0.6370934087157983, '_a4_': 2.0424262032627625, '_a0_': 1.0, '_a2_': 1.0, '_a5_': 1.0, '_a6_': 1.0, '_a7_': 1.0}};{'d0': 0.024905832919416643};-280.569866449044;35.87361367813881
36154;-104.411319546383;(((pow2(((x * _a4_) + _a3_)) * _a1_) + (_a1_ + _a3_)) * x);{'d0': {'_a1_': 0.8094826797513389, '_a3_': 0.6370934087157983, '_a4_': 2.0424262032627625, '_a0_': 1.0, '_a2_': 1.0, '_a5_': 1.0, '_a6_': 1.0, '_a7_': 1.0}};{'d0': 0.024905832919416643};-280.569866449044;35.87361367813881
36155;-104.411319546383;(((pow2(((x * _a4_) + _a3_)) * _a1_) + (_a1_ + _a3_)) * x);{'d0': {'_a1_': 0.8094826797513389, '_a3_': 0.6370934087157983, '_a4_': 2.0424262032627625, '_a0_': 1.0, '_a2_': 1.0, '_a5_': 1.0, '_a6_': 1.0, '_a7_': 1.0}};{'d0': 0.024905832919416643};-280.569866449044;35.87361367813881
36156;-104.411319546383;(((pow2(((x * _a4_) + _a3_)) * _a1_) + (_a1_ + _a3_)) * x);{'d0': {'_a1_': 0.8094826797513389, '_a3_': 0.6370934087157983, '_a4_': 2.0424262032627625, '_a0_': 1.0, '_a2_': 1.0, '_a5_': 1.0, '_a6_': 1.0, '_a7_': 1.0}};{'d0': 0.024905832919416643};-280.569866449044;35.87361367813881
36157;-104.411319546383;(((pow2(((x * _a4_) + _a3_)) * _a1_) + (_a1_ + _a3_)) * x);{'d0': {'_a1_': 0.8094826797513389, '_a3_': 0.6370934087157983, '_a4_': 2.0424262032627625, '_a0_': 1.0, '_a2_': 1.0, '_a5_': 1.0, '_a6_': 1.0, '_a7_': 1.0}};{'d0': 0.024905832919416643};-280.569866449044;35.87361367813881
36158;-104.411319546383;(((pow2(((x * _a4_) + _a3_)) * _a1_) + (_a1_ + _a3_)) * x);{'d0': {'_a1_': 0.8094826797513389, '_a3_': 0.6370934087157983, '_a4_': 2.0424262032627625, '_a0_': 1.0, '_a2_': 1.0, '_a5_': 1.0, '_a6_': 1.0, '_a7_': 1.0}};{'d0': 0.024905832919416643};-280.569866449044;35.87361367813881
36159;-104.604801153887;(((pow2(((x * _a4_) + _a3_)) * _a1_) + -(_a6_)) * x);{'d0': {'_a1_': 1.4585427780404403, '_a3_': 0.474621369067399, '_a4_': 1.5215651384691589, '_a6_': -1.4465760883103118, '_a0_': 1.0, '_a2_': 1.0, '_a5_': 1.0, '_a7_': 1.0}};{'d0': 0.024905832919544867};-276.475521886513;33.6329597893692
36160;-104.604801153887;(((pow2(((x * _a4_) + _a3_)) * _a1_) + -(_a6_)) * x);{'d0': {'_a1_': 1.4585427780404403, '_a3_': 0.474621369067399, '_a4_': 1.5215651384691589, '_a6_': -1.4465760883103118, '_a0_': 1.0, '_a2_': 1.0, '_a5_': 1.0, '_a7_': 1.0}};{'d0': 0.024905832919544867};-276.475521886513;33.6329597893692
36161;-104.604801153887;(((pow2(((x * _a4_) + _a3_)) * _a1_) + -(_a6_)) * x);{'d0': {'_a1_': 1.4585427780404403, '_a3_': 0.474621369067399, '_a4_': 1.5215651384691589, '_a6_': -1.4465760883103118, '_a0_': 1.0, '_a2_': 1.0, '_a5_': 1.0, '_a7_': 1.0}};{'d0': 0.024905832919544867};-276.475521886513;33.6329597893692
36162;-104.604801153887;(((pow2(((x * _a4_) + _a3_)) * _a1_) + -(_a6_)) * x);{'d0': {'_a1_': 1.4585427780404403, '_a3_': 0.474621369067399, '_a4_': 1.5215651384691589, '_a6_': -1.4465760883103118, '_a0_': 1.0, '_a2_': 1.0, '_a5_': 1.0, '_a7_': 1.0}};{'d0': 0.024905832919544867};-276.475521886513;33.6329597893692
36163;-104.604801153887;(((pow2(((x * _a4_) + _a3_)) * _a1_) + -(_a6_)) * x);{'d0': {'_a1_': 1.4585427780404403, '_a3_': 0.474621369067399, '_a4_': 1.5215651384691589, '_a6_': -1.4465760883103118, '_a0_': 1.0, '_a2_': 1.0, '_a5_': 1.0, '_a7_': 1.0}};{'d0': 0.024905832919544867};-276.475521886513;33.6329597893692
36164;-104.604801153887;(((pow2(((x * _a4_) + _a3_)) * _a1_) + -(_a6_)) * x);{'d0': {'_a1_': 1.4585427780404403, '_a3_': 0.474621369067399, '_a4_': 1.5215651384691589, '_a6_': -1.4465760883103118, '_a0_': 1.0, '_a2_': 1.0, '_a5_': 1.0, '_a7_': 1.0}};{'d0': 0.024905832919544867};-276.475521886513;33.6329597893692
36165;-104.604801153887;(((pow2(((x * _a4_) + _a3_)) * _a1_) + -(_a6_)) * x);{'d0': {'_a1_': 1.4585427780404403, '_a3_': 0.474621369067399, '_a4_': 1.5215651384691589, '_a6_': -1.4465760883103118, '_a0_': 1.0, '_a2_': 1.0, '_a5_': 1.0, '_a7_': 1.0}};{'d0': 0.024905832919544867};-276.475521886513;33.6329597893692
36166;-104.604801153887;(((pow2(((x * _a4_) + _a3_)) * _a1_) + -(_a6_)) * x);{'d0': {'_a1_': 1.4585427780404403, '_a3_': 0.474621369067399, '_a4_': 1.5215651384691589, '_a6_': -1.4465760883103118, '_a0_': 1.0, '_a2_': 1.0, '_a5_': 1.0, '_a7_': 1.0}};{'d0': 0.024905832919544867};-276.475521886513;33.6329597893692
36167;-104.604801153887;(((pow2(((x * _a4_) + _a3_)) * _a1_) + -(_a6_)) * x);{'d0': {'_a1_': 1.4585427780404403, '_a3_': 0.474621369067399, '_a4_': 1.5215651384691589, '_a6_': -1.4465760883103118, '_a0_': 1.0, '_a2_': 1.0, '_a5_': 1.0, '_a7_': 1.0}};{'d0': 0.024905832919544867};-276.475521886513;33.6329597893692
36168;-104.604801153887;(((pow2(((x * _a4_) + _a3_)) * _a1_) + -(_a6_)) * x);{'d0': {'_a1_': 1.4585427780404403, '_a3_': 0.474621369067399, '_a4_': 1.5215651384691589, '_a6_': -1.4465760883103118, '_a0_': 1.0, '_a2_': 1.0, '_a5_': 1.0, '_a7_': 1.0}};{'d0': 0.024905832919544867};-276.475521886513;33.6329597893692
36169;-104.604801153887;(((pow2(((x * _a4_) + _a3_)) * _a1_) + -(_a6_)) * x);{'d0': {'_a1_': 1.4585427780404403, '_a3_': 0.474621369067399, '_a4_': 1.5215651384691589, '_a6_': -1.4465760883103118, '_a0_': 1.0, '_a2_': 1.0, '_a5_': 1.0, '_a7_': 1.0}};{'d0': 0.024905832919544867};-276.475521886513;33.6329597893692
36170;-104.604801153887;(((pow2(((x * _a4_) + _a3_)) * _a1_) + -(_a6_)) * x);{'d0': {'_a1_': 1.4585427780404403, '_a3_': 0.474621369067399, '_a4_': 1.5215651384691589, '_a6_': -1.4465760883103118, '_a0_': 1.0, '_a2_': 1.0, '_a5_': 1.0, '_a7_': 1.0}};{'d0': 0.024905832919544867};-276.475521886513;33.6329597893692
36171;-104.604801153992;(((pow2(((x * _a4_) + _a7_)) * _a1_) + -(_a6_)) * x);{'d0': {'_a1_': 2.3326799706684933, '_a4_': 1.203157722165854, '_a6_': -1.4465760892146653, '_a7_': 0.37530063668443087, '_a0_': 1.0, '_a2_': 1.0, '_a3_': 1.0, '_a5_': 1.0}};{'d0': 0.024905832919457974};-276.475521886722;33.6329597893692
36172;-104.604801153992;(((pow2(((x * _a4_) + _a7_)) * _a1_) + -(_a6_)) * x);{'d0': {'_a1_': 2.3326799706684933, '_a4_': 1.203157722165854, '_a6_': -1.4465760892146653, '_a7_': 0.37530063668443087, '_a0_': 1.0, '_a2_': 1.0, '_a3_': 1.0, '_a5_': 1.0}};{'d0': 0.024905832919457974};-276.475521886722;33.6329597893692
36173;-104.531628829010;(((pow2(((x * _a4_) + _a7_)) * _a1_) + (_a1_ / _a7_)) * x);{'d0': {'_a1_': 0.8826031024107265, '_a4_': 1.9559935975890839, '_a7_': 0.6101325113180968, '_a0_': 1.0, '_a2_': 1.0, '_a3_': 1.0, '_a5_': 1.0, '_a6_': 1.0}};{'d0': 0.02490583291941658};-280.569866449044;35.753304395511215
36174;-104.531628829010;(((pow2(((x * _a4_) + _a7_)) * _a1_) + (_a1_ / _a7_)) * x);{'d0': {'_a1_': 0.8826031024107265, '_a4_': 1.9559935975890839, '_a7_': 0.6101325113180968, '_a0_': 1.0, '_a2_': 1.0, '_a3_': 1.0, '_a5_': 1.0, '_a6_': 1.0}};{'d0': 0.02490583291941658};-280.569866449044;35.753304395511215
36175;-104.531628829010;(((pow2(((x * _a4_) + _a7_)) * _a1_) + (_a1_ / _a7_)) * x);{'d0': {'_a1_': 0.8826031024107265, '_a4_': 1.9559935975890839, '_a7_': 0.6101325113180968, '_a0_': 1.0, '_a2_': 1.0, '_a3_': 1.0, '_a5_': 1.0, '_a6_': 1.0}};{'d0': 0.02490583291941658};-280.569866449044;35.753304395511215
36176;-104.531628829010;(((pow2(((x * _a4_) + _a7_)) * _a1_) + (_a1_ / _a7_)) * x);{'d0': {'_a1_': 0.8826031024107265, '_a4_': 1.9559935975890839, '_a7_': 0.6101325113180968, '_a0_': 1.0, '_a2_': 1.0, '_a3_': 1.0, '_a5_': 1.0, '_a6_': 1.0}};{'d0': 0.02490583291941658};-280.569866449044;35.753304395511215
36177;-104.531628829010;(((pow2(((x * _a4_) + _a7_)) * _a1_) + (_a1_ / _a7_)) * x);{'d0': {'_a1_': 0.8826031024107265, '_a4_': 1.9559935975890839, '_a7_': 0.6101325113180968, '_a0_': 1.0, '_a2_': 1.0, '_a3_': 1.0, '_a5_': 1.0, '_a6_': 1.0}};{'d0': 0.02490583291941658};-280.569866449044;35.753304395511215
36178;-104.531628829010;(((pow2(((x * _a4_) + _a7_)) * _a1_) + (_a1_ / _a7_)) * x);{'d0': {'_a1_': 0.8826031024107265, '_a4_': 1.9559935975890839, '_a7_': 0.6101325113180968, '_a0_': 1.0, '_a2_': 1.0, '_a3_': 1.0, '_a5_': 1.0, '_a6_': 1.0}};{'d0': 0.02490583291941658};-280.569866449044;35.753304395511215
36179;-104.531628829010;(((pow2(((x * _a4_) + _a7_)) * _a1_) + (_a1_ / _a7_)) * x);{'d0': {'_a1_': 0.8826031024107265, '_a4_': 1.9559935975890839, '_a7_': 0.6101325113180968, '_a0_': 1.0, '_a2_': 1.0, '_a3_': 1.0, '_a5_': 1.0, '_a6_': 1.0}};{'d0': 0.02490583291941658};-280.569866449044;35.753304395511215
36180;-104.531628829010;(((pow2(((x * _a4_) + _a7_)) * _a1_) + (_a1_ / _a7_)) * x);{'d0': {'_a1_': 0.8826031024107265, '_a4_': 1.9559935975890839, '_a7_': 0.6101325113180968, '_a0_': 1.0, '_a2_': 1.0, '_a3_': 1.0, '_a5_': 1.0, '_a6_': 1.0}};{'d0': 0.02490583291941658};-280.569866449044;35.753304395511215
36181;-104.411319546383;(((pow2(((x * _a4_) + _a7_)) * _a1_) + (_a1_ + _a7_)) * x);{'d0': {'_a1_': 0.8094826765999482, '_a4_': 2.0424262087615386, '_a7_': 0.6370934107157014, '_a0_': 1.0, '_a2_': 1.0, '_a3_': 1.0, '_a5_': 1.0, '_a6_': 1.0}};{'d0': 0.02490583291941656};-280.569866449044;35.87361367813882
36182;-104.411319546383;(((pow2(((x * _a4_) + _a7_)) * _a1_) + (_a1_ + _a7_)) * x);{'d0': {'_a1_': 0.8094826765999482, '_a4_': 2.0424262087615386, '_a7_': 0.6370934107157014, '_a0_': 1.0, '_a2_': 1.0, '_a3_': 1.0, '_a5_': 1.0, '_a6_': 1.0}};{'d0': 0.02490583291941656};-280.569866449044;35.87361367813882
36183;-104.411319546383;(((pow2(((x * _a4_) + _a7_)) * _a1_) + (_a1_ + _a7_)) * x);{'d0': {'_a1_': 0.8094826765999482, '_a4_': 2.0424262087615386, '_a7_': 0.6370934107157014, '_a0_': 1.0, '_a2_': 1.0, '_a3_': 1.0, '_a5_': 1.0, '_a6_': 1.0}};{'d0': 0.02490583291941656};-280.569866449044;35.87361367813882
36184;-104.411319546383;(((pow2(((x * _a4_) + _a7_)) * _a1_) + (_a1_ + _a7_)) * x);{'d0': {'_a1_': 0.8094826765999482, '_a4_': 2.0424262087615386, '_a7_': 0.6370934107157014, '_a0_': 1.0, '_a2_': 1.0, '_a3_': 1.0, '_a5_': 1.0, '_a6_': 1.0}};{'d0': 0.02490583291941656};-280.569866449044;35.87361367813882
36185;-106.651973435153;(((-((_a0_ + pow2((_a7_ + x)))) * _a7_) * _a2_) * x);{'d0': {'_a0_': 0.428391627669564, '_a2_': -10.825390436387329, '_a7_': 0.31192970796042024, '_a1_': 1.0, '_a3_': 1.0, '_a4_': 1.0, '_a5_': 1.0, '_a6_': 1.0}};{'d0': 0.024905832919416657};-280.569866449044;33.63295978936949
36186;-106.651973435153;(((-((_a0_ + pow2((_a7_ + x)))) * _a7_) * _a2_) * x);{'d0': {'_a0_': 0.428391627669564, '_a2_': -10.825390436387329, '_a7_': 0.31192970796042024, '_a1_': 1.0, '_a3_': 1.0, '_a4_': 1.0, '_a5_': 1.0, '_a6_': 1.0}};{'d0': 0.024905832919416657};-280.569866449044;33.63295978936949
36187;-106.651973435153;(((-((_a0_ + pow2((_a7_ + x)))) * _a7_) * _a2_) * x);{'d0': {'_a0_': 0.428391627669564, '_a2_': -10.825390436387329, '_a7_': 0.31192970796042024, '_a1_': 1.0, '_a3_': 1.0, '_a4_': 1.0, '_a5_': 1.0, '_a6_': 1.0}};{'d0': 0.024905832919416657};-280.569866449044;33.63295978936949
36188;-106.651973435153;(((-((_a0_ + pow2((_a7_ + x)))) * _a7_) * _a2_) * x);{'d0': {'_a0_': 0.428391627669564, '_a2_': -10.825390436387329, '_a7_': 0.31192970796042024, '_a1_': 1.0, '_a3_': 1.0, '_a4_': 1.0, '_a5_': 1.0, '_a6_': 1.0}};{'d0': 0.024905832919416657};-280.569866449044;33.63295978936949
36189;-106.651973435153;(((-((_a0_ + pow2((_a7_ + x)))) * _a7_) * _a2_) * x);{'d0': {'_a0_': 0.428391627669564, '_a2_': -10.825390436387329, '_a7_': 0.31192970796042024, '_a1_': 1.0, '_a3_': 1.0, '_a4_': 1.0, '_a5_': 1.0, '_a6_': 1.0}};{'d0': 0.024905832919416657};-280.569866449044;33.63295978936949
36190;-106.651973435153;(((-((_a0_ + pow2((_a7_ + x)))) * _a7_) * _a2_) * x);{'d0': {'_a0_': 0.428391627669564, '_a2_': -10.825390436387329, '_a7_': 0.31192970796042024, '_a1_': 1.0, '_a3_': 1.0, '_a4_': 1.0, '_a5_': 1.0, '_a6_': 1.0}};{'d0': 0.024905832919416657};-280.569866449044;33.63295978936949
36191;-104.531628829010;(((pow2(((x * _a4_) + _a7_)) * _a1_) + (_a1_ / _a7_)) * x);{'d0': {'_a1_': 0.8826031024107265, '_a4_': 1.9559935975890839, '_a7_': 0.6101325113180968, '_a0_': 1.0, '_a2_': 1.0, '_a3_': 1.0, '_a5_': 1.0, '_a6_': 1.0}};{'d0': 0.02490583291941658};-280.569866449044;35.753304395511215
36192;-104.531628829010;(((pow2(((x * _a4_) + _a7_)) * _a1_) + (_a1_ / _a7_)) * x);{'d0': {'_a1_': 0.8826031024107265, '_a4_': 1.9559935975890839, '_a7_': 0.6101325113180968, '_a0_': 1.0, '_a2_': 1.0, '_a3_': 1.0, '_a5_': 1.0, '_a6_': 1.0}};{'d0': 0.02490583291941658};-280.569866449044;35.753304395511215
36193;-104.531628829010;(((pow2(((x * _a4_) + _a7_)) * _a1_) + (_a1_ / _a7_)) * x);{'d0': {'_a1_': 0.8826031024107265, '_a4_': 1.9559935975890839, '_a7_': 0.6101325113180968, '_a0_': 1.0, '_a2_': 1.0, '_a3_': 1.0, '_a5_': 1.0, '_a6_': 1.0}};{'d0': 0.02490583291941658};-280.569866449044;35.753304395511215
36194;-104.531628829010;(((pow2(((x * _a4_) + _a7_)) * _a1_) + (_a1_ / _a7_)) * x);{'d0': {'_a1_': 0.8826031024107265, '_a4_': 1.9559935975890839, '_a7_': 0.6101325113180968, '_a0_': 1.0, '_a2_': 1.0, '_a3_': 1.0, '_a5_': 1.0, '_a6_': 1.0}};{'d0': 0.02490583291941658};-280.569866449044;35.753304395511215
36195;-104.531628829010;(((pow2(((x * _a4_) + _a7_)) * _a1_) + (_a1_ / _a7_)) * x);{'d0': {'_a1_': 0.8826031024107265, '_a4_': 1.9559935975890839, '_a7_': 0.6101325113180968, '_a0_': 1.0, '_a2_': 1.0, '_a3_': 1.0, '_a5_': 1.0, '_a6_': 1.0}};{'d0': 0.02490583291941658};-280.569866449044;35.753304395511215
36196;-106.651973435153;(((-((_a0_ + pow2((_a7_ + x)))) * _a7_) * _a2_) * x);{'d0': {'_a0_': 0.428391627669564, '_a2_': -10.825390436387329, '_a7_': 0.31192970796042024, '_a1_': 1.0, '_a3_': 1.0, '_a4_': 1.0, '_a5_': 1.0, '_a6_': 1.0}};{'d0': 0.024905832919416657};-280.569866449044;33.63295978936949
36197;-106.651973435153;(((-((_a0_ + pow2((_a7_ + x)))) * _a7_) * _a2_) * x);{'d0': {'_a0_': 0.428391627669564, '_a2_': -10.825390436387329, '_a7_': 0.31192970796042024, '_a1_': 1.0, '_a3_': 1.0, '_a4_': 1.0, '_a5_': 1.0, '_a6_': 1.0}};{'d0': 0.024905832919416657};-280.569866449044;33.63295978936949
36198;-106.651973435153;(((-((_a0_ + pow2((_a7_ + x)))) * _a7_) * _a2_) * x);{'d0': {'_a0_': 0.428391627669564, '_a2_': -10.825390436387329, '_a7_': 0.31192970796042024, '_a1_': 1.0, '_a3_': 1.0, '_a4_': 1.0, '_a5_': 1.0, '_a6_': 1.0}};{'d0': 0.024905832919416657};-280.569866449044;33.63295978936949
36199;-106.651973435153;(((-((_a0_ + pow2((_a7_ + x)))) * _a7_) * _a2_) * x);{'d0': {'_a0_': 0.428391627669564, '_a2_': -10.825390436387329, '_a7_': 0.31192970796042024, '_a1_': 1.0, '_a3_': 1.0, '_a4_': 1.0, '_a5_': 1.0, '_a6_': 1.0}};{'d0': 0.024905832919416657};-280.569866449044;33.63295978936949
36200;-106.651973435153;(((-((_a0_ + pow2((_a7_ + x)))) * _a7_) * _a2_) * x);{'d0': {'_a0_': 0.428391627669564, '_a2_': -10.825390436387329, '_a7_': 0.31192970796042024, '_a1_': 1.0, '_a3_': 1.0, '_a4_': 1.0, '_a5_': 1.0, '_a6_': 1.0}};{'d0': 0.024905832919416657};-280.569866449044;33.63295978936949
36201;-104.531628829010;(((pow2(((x * _a4_) + _a7_)) * _a1_) + (_a1_ / _a7_)) * x);{'d0': {'_a1_': 0.8826031024107265, '_a4_': 1.9559935975890839, '_a7_': 0.6101325113180968, '_a0_': 1.0, '_a2_': 1.0, '_a3_': 1.0, '_a5_': 1.0, '_a6_': 1.0}};{'d0': 0.02490583291941658};-280.569866449044;35.753304395511215
36202;-104.531628829010;(((pow2(((x * _a4_) + _a7_)) * _a1_) + (_a1_ / _a7_)) * x);{'d0': {'_a1_': 0.8826031024107265, '_a4_': 1.9559935975890839, '_a7_': 0.6101325113180968, '_a0_': 1.0, '_a2_': 1.0, '_a3_': 1.0, '_a5_': 1.0, '_a6_': 1.0}};{'d0': 0.02490583291941658};-280.569866449044;35.753304395511215
36203;-104.531628829010;(((pow2(((x * _a4_) + _a7_)) * _a1_) + (_a1_ / _a7_)) * x);{'d0': {'_a1_': 0.8826031024107265, '_a4_': 1.9559935975890839, '_a7_': 0.6101325113180968, '_a0_': 1.0, '_a2_': 1.0, '_a3_': 1.0, '_a5_': 1.0, '_a6_': 1.0}};{'d0': 0.02490583291941658};-280.569866449044;35.753304395511215
36204;-104.531628829010;(((pow2(((x * _a4_) + _a7_)) * _a1_) + (_a1_ / _a7_)) * x);{'d0': {'_a1_': 0.8826031024107265, '_a4_': 1.9559935975890839, '_a7_': 0.6101325113180968, '_a0_': 1.0, '_a2_': 1.0, '_a3_': 1.0, '_a5_': 1.0, '_a6_': 1.0}};{'d0': 0.02490583291941658};-280.569866449044;35.753304395511215
36205;-104.531628829010;(((pow2(((x * _a4_) + _a7_)) * _a1_) + (_a1_ / _a7_)) * x);{'d0': {'_a1_': 0.8826031024107265, '_a4_': 1.9559935975890839, '_a7_': 0.6101325113180968, '_a0_': 1.0, '_a2_': 1.0, '_a3_': 1.0, '_a5_': 1.0, '_a6_': 1.0}};{'d0': 0.02490583291941658};-280.569866449044;35.753304395511215
36206;-104.531628829010;(((pow2(((x * _a4_) + _a7_)) * _a1_) + (_a1_ / _a7_)) * x);{'d0': {'_a1_': 0.8826031024107265, '_a4_': 1.9559935975890839, '_a7_': 0.6101325113180968, '_a0_': 1.0, '_a2_': 1.0, '_a3_': 1.0, '_a5_': 1.0, '_a6_': 1.0}};{'d0': 0.02490583291941658};-280.569866449044;35.753304395511215
36207;-104.531628829010;(((pow2(((x * _a4_) + _a7_)) * _a1_) + (_a1_ / _a7_)) * x);{'d0': {'_a1_': 0.8826031024107265, '_a4_': 1.9559935975890839, '_a7_': 0.6101325113180968, '_a0_': 1.0, '_a2_': 1.0, '_a3_': 1.0, '_a5_': 1.0, '_a6_': 1.0}};{'d0': 0.02490583291941658};-280.569866449044;35.753304395511215
36208;-104.531628829010;(((pow2(((x * _a4_) + _a7_)) * _a1_) + (_a1_ / _a7_)) * x);{'d0': {'_a1_': 0.8826031024107265, '_a4_': 1.9559935975890839, '_a7_': 0.6101325113180968, '_a0_': 1.0, '_a2_': 1.0, '_a3_': 1.0, '_a5_': 1.0, '_a6_': 1.0}};{'d0': 0.02490583291941658};-280.569866449044;35.753304395511215
36209;-104.531628829010;(((pow2(((x * _a4_) + _a7_)) * _a1_) + (_a1_ / _a7_)) * x);{'d0': {'_a1_': 0.8826031024107265, '_a4_': 1.9559935975890839, '_a7_': 0.6101325113180968, '_a0_': 1.0, '_a2_': 1.0, '_a3_': 1.0, '_a5_': 1.0, '_a6_': 1.0}};{'d0': 0.02490583291941658};-280.569866449044;35.753304395511215
36210;-104.531628829010;(((pow2(((x * _a4_) + _a7_)) * _a1_) + (_a1_ / _a7_)) * x);{'d0': {'_a1_': 0.8826031024107265, '_a4_': 1.9559935975890839, '_a7_': 0.6101325113180968, '_a0_': 1.0, '_a2_': 1.0, '_a3_': 1.0, '_a5_': 1.0, '_a6_': 1.0}};{'d0': 0.02490583291941658};-280.569866449044;35.753304395511215
36211;-104.531628829010;(((pow2(((x * _a4_) + _a7_)) * _a1_) + (_a1_ / _a7_)) * x);{'d0': {'_a1_': 0.8826031024107265, '_a4_': 1.9559935975890839, '_a7_': 0.6101325113180968, '_a0_': 1.0, '_a2_': 1.0, '_a3_': 1.0, '_a5_': 1.0, '_a6_': 1.0}};{'d0': 0.02490583291941658};-280.569866449044;35.753304395511215
36212;-104.531628829010;(((pow2(((x * _a4_) + _a7_)) * _a1_) + (_a1_ / _a7_)) * x);{'d0': {'_a1_': 0.8826031024107265, '_a4_': 1.9559935975890839, '_a7_': 0.6101325113180968, '_a0_': 1.0, '_a2_': 1.0, '_a3_': 1.0, '_a5_': 1.0, '_a6_': 1.0}};{'d0': 0.02490583291941658};-280.569866449044;35.753304395511215
36213;-104.531628829010;(((pow2(((x * _a4_) + _a7_)) * _a1_) + (_a1_ / _a7_)) * x);{'d0': {'_a1_': 0.8826031024107265, '_a4_': 1.9559935975890839, '_a7_': 0.6101325113180968, '_a0_': 1.0, '_a2_': 1.0, '_a3_': 1.0, '_a5_': 1.0, '_a6_': 1.0}};{'d0': 0.02490583291941658};-280.569866449044;35.753304395511215
36214;-104.531628829010;(((pow2(((x * _a4_) + _a7_)) * _a1_) + (_a1_ / _a7_)) * x);{'d0': {'_a1_': 0.8826031024107265, '_a4_': 1.9559935975890839, '_a7_': 0.6101325113180968, '_a0_': 1.0, '_a2_': 1.0, '_a3_': 1.0, '_a5_': 1.0, '_a6_': 1.0}};{'d0': 0.02490583291941658};-280.569866449044;35.753304395511215
36215;-104.531628829010;(((pow2(((x * _a4_) + _a7_)) * _a1_) + (_a1_ / _a7_)) * x);{'d0': {'_a1_': 0.8826031024107265, '_a4_': 1.9559935975890839, '_a7_': 0.6101325113180968, '_a0_': 1.0, '_a2_': 1.0, '_a3_': 1.0, '_a5_': 1.0, '_a6_': 1.0}};{'d0': 0.02490583291941658};-280.569866449044;35.753304395511215
36216;-104.531628829010;(((pow2(((x * _a4_) + _a7_)) * _a1_) + (_a1_ / _a7_)) * x);{'d0': {'_a1_': 0.8826031024107265, '_a4_': 1.9559935975890839, '_a7_': 0.6101325113180968, '_a0_': 1.0, '_a2_': 1.0, '_a3_': 1.0, '_a5_': 1.0, '_a6_': 1.0}};{'d0': 0.02490583291941658};-280.569866449044;35.753304395511215
36217;-104.531628829010;(((pow2(((x * _a4_) + _a7_)) * _a1_) + (_a1_ / _a7_)) * x);{'d0': {'_a1_': 0.8826031024107265, '_a4_': 1.9559935975890839, '_a7_': 0.6101325113180968, '_a0_': 1.0, '_a2_': 1.0, '_a3_': 1.0, '_a5_': 1.0, '_a6_': 1.0}};{'d0': 0.02490583291941658};-280.569866449044;35.753304395511215
36218;-104.531628829010;(((pow2(((x * _a4_) + _a7_)) * _a1_) + (_a1_ / _a7_)) * x);{'d0': {'_a1_': 0.8826031024107265, '_a4_': 1.9559935975890839, '_a7_': 0.6101325113180968, '_a0_': 1.0, '_a2_': 1.0, '_a3_': 1.0, '_a5_': 1.0, '_a6_': 1.0}};{'d0': 0.02490583291941658};-280.569866449044;35.753304395511215
36219;-104.531628829010;(((pow2(((x * _a4_) + _a7_)) * _a7_) + (_a1_ / _a7_)) * x);{'d0': {'_a1_': 0.9981884579467565, '_a4_': 2.2121497508292878, '_a7_': 0.6900352254097022, '_a0_': 1.0, '_a2_': 1.0, '_a3_': 1.0, '_a5_': 1.0, '_a6_': 1.0}};{'d0': 0.024905832919416608};-280.569866449044;35.753304395511215
36220;-104.531628829010;(((pow2(((x * _a4_) + _a7_)) * _a7_) + (_a1_ / _a7_)) * x);{'d0': {'_a1_': 0.9981884579467565, '_a4_': 2.2121497508292878, '_a7_': 0.6900352254097022, '_a0_': 1.0, '_a2_': 1.0, '_a3_': 1.0, '_a5_': 1.0, '_a6_': 1.0}};{'d0': 0.024905832919416608};-280.569866449044;35.753304395511215
36221;-104.531628829010;(((pow2(((x * _a4_) + _a7_)) * _a7_) + (_a1_ / _a7_)) * x);{'d0': {'_a1_': 0.9981884579467565, '_a4_': 2.2121497508292878, '_a7_': 0.6900352254097022, '_a0_': 1.0, '_a2_': 1.0, '_a3_': 1.0, '_a5_': 1.0, '_a6_': 1.0}};{'d0': 0.024905832919416608};-280.569866449044;35.753304395511215
36222;-104.531628829010;(((pow2(((x * _a4_) + _a7_)) * _a7_) + (_a1_ / _a7_)) * x);{'d0': {'_a1_': 0.9981884579467565, '_a4_': 2.2121497508292878, '_a7_': 0.6900352254097022, '_a0_': 1.0, '_a2_': 1.0, '_a3_': 1.0, '_a5_': 1.0, '_a6_': 1.0}};{'d0': 0.024905832919416608};-280.569866449044;35.753304395511215
36223;-104.531628829010;(((pow2(((x * _a4_) + _a7_)) * _a7_) + (_a1_ / _a7_)) * x);{'d0': {'_a1_': 0.9981884579467565, '_a4_': 2.2121497508292878, '_a7_': 0.6900352254097022, '_a0_': 1.0, '_a2_': 1.0, '_a3_': 1.0, '_a5_': 1.0, '_a6_': 1.0}};{'d0': 0.024905832919416608};-280.569866449044;35.753304395511215
36224;-104.531628829010;(((pow2(((x * _a4_) + _a7_)) * _a7_) + (_a1_ / _a7_)) * x);{'d0': {'_a1_': 0.9981884579467565, '_a4_': 2.2121497508292878, '_a7_': 0.6900352254097022, '_a0_': 1.0, '_a2_': 1.0, '_a3_': 1.0, '_a5_': 1.0, '_a6_': 1.0}};{'d0': 0.024905832919416608};-280.569866449044;35.753304395511215
36225;-104.531628829010;(((pow2(((x * _a4_) + _a7_)) * _a7_) + (_a1_ / _a7_)) * x);{'d0': {'_a1_': 0.9981884579467565, '_a4_': 2.2121497508292878, '_a7_': 0.6900352254097022, '_a0_': 1.0, '_a2_': 1.0, '_a3_': 1.0, '_a5_': 1.0, '_a6_': 1.0}};{'d0': 0.024905832919416608};-280.569866449044;35.753304395511215
36226;-104.531628829010;(((pow2(((x * _a4_) + _a7_)) * _a7_) + (_a1_ / _a7_)) * x);{'d0': {'_a1_': 0.9981884579467565, '_a4_': 2.2121497508292878, '_a7_': 0.6900352254097022, '_a0_': 1.0, '_a2_': 1.0, '_a3_': 1.0, '_a5_': 1.0, '_a6_': 1.0}};{'d0': 0.024905832919416608};-280.569866449044;35.753304395511215
36227;-103.571388659998;(((pow2(((x / _a4_) + _a7_)) * _a7_) + (_a1_ / _a7_)) * x);{'d0': {'_a1_': 0.9981884577536169, '_a4_': 0.45204896256712973, '_a7_': 0.6900352253998271, '_a0_': 1.0, '_a2_': 1.0, '_a3_': 1.0, '_a5_': 1.0, '_a6_': 1.0}};{'d0': 0.02490583291941659};-280.569866449044;36.71354456452342
36228;-103.571388659998;(((pow2(((x / _a4_) + _a7_)) * _a7_) + (_a1_ / _a7_)) * x);{'d0': {'_a1_': 0.9981884577536169, '_a4_': 0.45204896256712973, '_a7_': 0.6900352253998271, '_a0_': 1.0, '_a2_': 1.0, '_a3_': 1.0, '_a5_': 1.0, '_a6_': 1.0}};{'d0': 0.02490583291941659};-280.569866449044;36.71354456452342
36229;-103.571388659998;(((pow2(((x / _a4_) + _a7_)) * _a7_) + (_a1_ / _a7_)) * x);{'d0': {'_a1_': 0.9981884577536169, '_a4_': 0.45204896256712973, '_a7_': 0.6900352253998271, '_a0_': 1.0, '_a2_': 1.0, '_a3_': 1.0, '_a5_': 1.0, '_a6_': 1.0}};{'d0': 0.02490583291941659};-280.569866449044;36.71354456452342
36230;-103.571388659998;(((pow2(((x / _a4_) + _a7_)) * _a7_) + (_a1_ / _a7_)) * x);{'d0': {'_a1_': 0.9981884577536169, '_a4_': 0.45204896256712973, '_a7_': 0.6900352253998271, '_a0_': 1.0, '_a2_': 1.0, '_a3_': 1.0, '_a5_': 1.0, '_a6_': 1.0}};{'d0': 0.02490583291941659};-280.569866449044;36.71354456452342
36231;-103.571388659998;(((pow2(((x / _a4_) + _a7_)) * _a7_) + (_a1_ / _a7_)) * x);{'d0': {'_a1_': 0.9981884577536169, '_a4_': 0.45204896256712973, '_a7_': 0.6900352253998271, '_a0_': 1.0, '_a2_': 1.0, '_a3_': 1.0, '_a5_': 1.0, '_a6_': 1.0}};{'d0': 0.02490583291941659};-280.569866449044;36.71354456452342
36232;-103.571388659998;(((pow2(((x / _a4_) + _a7_)) * _a7_) + (_a1_ / _a7_)) * x);{'d0': {'_a1_': 0.9981884577536169, '_a4_': 0.45204896256712973, '_a7_': 0.6900352253998271, '_a0_': 1.0, '_a2_': 1.0, '_a3_': 1.0, '_a5_': 1.0, '_a6_': 1.0}};{'d0': 0.02490583291941659};-280.569866449044;36.71354456452342
36233;-103.571388659998;(((pow2(((x / _a4_) + _a7_)) * _a7_) + (_a1_ / _a7_)) * x);{'d0': {'_a1_': 0.9981884577536169, '_a4_': 0.45204896256712973, '_a7_': 0.6900352253998271, '_a0_': 1.0, '_a2_': 1.0, '_a3_': 1.0, '_a5_': 1.0, '_a6_': 1.0}};{'d0': 0.02490583291941659};-280.569866449044;36.71354456452342
36234;-103.571388659998;(((pow2(((x / _a4_) + _a7_)) * _a7_) + (_a1_ / _a7_)) * x);{'d0': {'_a1_': 0.9981884577536169, '_a4_': 0.45204896256712973, '_a7_': 0.6900352253998271, '_a0_': 1.0, '_a2_': 1.0, '_a3_': 1.0, '_a5_': 1.0, '_a6_': 1.0}};{'d0': 0.02490583291941659};-280.569866449044;36.71354456452342
36235;-103.571388659998;(((pow2(((x / _a4_) + _a7_)) * _a7_) + (_a1_ / _a7_)) * x);{'d0': {'_a1_': 0.9981884577536169, '_a4_': 0.45204896256712973, '_a7_': 0.6900352253998271, '_a0_': 1.0, '_a2_': 1.0, '_a3_': 1.0, '_a5_': 1.0, '_a6_': 1.0}};{'d0': 0.02490583291941659};-280.569866449044;36.71354456452342
36236;-103.571388659998;(((pow2(((x / _a4_) + _a7_)) * _a7_) + (_a1_ / _a7_)) * x);{'d0': {'_a1_': 0.9981884577536169, '_a4_': 0.45204896256712973, '_a7_': 0.6900352253998271, '_a0_': 1.0, '_a2_': 1.0, '_a3_': 1.0, '_a5_': 1.0, '_a6_': 1.0}};{'d0': 0.02490583291941659};-280.569866449044;36.71354456452342
36237;-103.571388659998;(((pow2(((x / _a4_) + _a7_)) * _a7_) + (_a1_ / _a7_)) * x);{'d0': {'_a1_': 0.9981884577536169, '_a4_': 0.45204896256712973, '_a7_': 0.6900352253998271, '_a0_': 1.0, '_a2_': 1.0, '_a3_': 1.0, '_a5_': 1.0, '_a6_': 1.0}};{'d0': 0.02490583291941659};-280.569866449044;36.71354456452342
36238;-103.571388659998;(((pow2(((x / _a4_) + _a7_)) * _a7_) + (_a1_ / _a7_)) * x);{'d0': {'_a1_': 0.9981884577536169, '_a4_': 0.45204896256712973, '_a7_': 0.6900352253998271, '_a0_': 1.0, '_a2_': 1.0, '_a3_': 1.0, '_a5_': 1.0, '_a6_': 1.0}};{'d0': 0.02490583291941659};-280.569866449044;36.71354456452342
36239;-103.571388659998;(((pow2(((x / _a4_) + _a7_)) * _a7_) + (_a1_ / _a7_)) * x);{'d0': {'_a1_': 0.9981884577536169, '_a4_': 0.45204896256712973, '_a7_': 0.6900352253998271, '_a0_': 1.0, '_a2_': 1.0, '_a3_': 1.0, '_a5_': 1.0, '_a6_': 1.0}};{'d0': 0.02490583291941659};-280.569866449044;36.71354456452342
36240;-103.571388659998;(((pow2(((x / _a4_) + _a7_)) * _a7_) + (_a1_ / _a7_)) * x);{'d0': {'_a1_': 0.9981884577536169, '_a4_': 0.45204896256712973, '_a7_': 0.6900352253998271, '_a0_': 1.0, '_a2_': 1.0, '_a3_': 1.0, '_a5_': 1.0, '_a6_': 1.0}};{'d0': 0.02490583291941659};-280.569866449044;36.71354456452342
36241;-103.571388659998;(((pow2(((x / _a4_) + _a7_)) * _a7_) + (_a1_ / _a7_)) * x);{'d0': {'_a1_': 0.9981884577536169, '_a4_': 0.45204896256712973, '_a7_': 0.6900352253998271, '_a0_': 1.0, '_a2_': 1.0, '_a3_': 1.0, '_a5_': 1.0, '_a6_': 1.0}};{'d0': 0.02490583291941659};-280.569866449044;36.71354456452342
36242;-103.571388659998;(((pow2(((x / _a4_) + _a7_)) * _a7_) + (_a1_ / _a7_)) * x);{'d0': {'_a1_': 0.9981884577536169, '_a4_': 0.45204896256712973, '_a7_': 0.6900352253998271, '_a0_': 1.0, '_a2_': 1.0, '_a3_': 1.0, '_a5_': 1.0, '_a6_': 1.0}};{'d0': 0.02490583291941659};-280.569866449044;36.71354456452342
36243;-103.571388659998;(((pow2(((x / _a4_) + _a7_)) * _a7_) + (_a1_ / _a7_)) * x);{'d0': {'_a1_': 0.9981884577536169, '_a4_': 0.45204896256712973, '_a7_': 0.6900352253998271, '_a0_': 1.0, '_a2_': 1.0, '_a3_': 1.0, '_a5_': 1.0, '_a6_': 1.0}};{'d0': 0.02490583291941659};-280.569866449044;36.71354456452342
36244;-99.8734541873881;(((pow2(((x / _a4_) + _a7_)) * _a7_) + (_a1_ / pow2(_a4_))) * x);{'d0': {'_a1_': 0.2956053136667957, '_a4_': 0.4520489626821953, '_a7_': 0.6900352253892107, '_a0_': 1.0, '_a2_': 1.0, '_a3_': 1.0, '_a5_': 1.0, '_a6_': 1.0}};{'d0': 0.02490583291941665};-280.569866449044;40.41147903713342
36245;-99.8734541873881;(((pow2(((x / _a4_) + _a7_)) * _a7_) + (_a1_ / pow2(_a4_))) * x);{'d0': {'_a1_': 0.2956053136667957, '_a4_': 0.4520489626821953, '_a7_': 0.6900352253892107, '_a0_': 1.0, '_a2_': 1.0, '_a3_': 1.0, '_a5_': 1.0, '_a6_': 1.0}};{'d0': 0.02490583291941665};-280.569866449044;40.41147903713342
36246;-99.8734541873881;(((pow2(((x / _a4_) + _a7_)) * _a7_) + (_a1_ / pow2(_a4_))) * x);{'d0': {'_a1_': 0.2956053136667957, '_a4_': 0.4520489626821953, '_a7_': 0.6900352253892107, '_a0_': 1.0, '_a2_': 1.0, '_a3_': 1.0, '_a5_': 1.0, '_a6_': 1.0}};{'d0': 0.02490583291941665};-280.569866449044;40.41147903713342
36247;-99.8734541873881;(((pow2(((x / _a4_) + _a7_)) * _a7_) + (_a1_ / pow2(_a4_))) * x);{'d0': {'_a1_': 0.2956053136667957, '_a4_': 0.4520489626821953, '_a7_': 0.6900352253892107, '_a0_': 1.0, '_a2_': 1.0, '_a3_': 1.0, '_a5_': 1.0, '_a6_': 1.0}};{'d0': 0.02490583291941665};-280.569866449044;40.41147903713342
36248;-98.8039256903092;(((pow2(((x / _a4_) + _a7_)) / _a7_) + (_a1_ / pow2(_a4_))) * x);{'d0': {'_a1_': 1.3038486772431834, '_a4_': 0.9493862863325936, '_a7_': 0.32855931490330553, '_a0_': 1.0, '_a2_': 1.0, '_a3_': 1.0, '_a5_': 1.0, '_a6_': 1.0}};{'d0': 0.024905832919416563};-280.569866449044;41.48100753421242
36249;-98.8039256903092;(((pow2(((x / _a4_) + _a7_)) / _a7_) + (_a1_ / pow2(_a4_))) * x);{'d0': {'_a1_': 1.3038486772431834, '_a4_': 0.9493862863325936, '_a7_': 0.32855931490330553, '_a0_': 1.0, '_a2_': 1.0, '_a3_': 1.0, '_a5_': 1.0, '_a6_': 1.0}};{'d0': 0.024905832919416563};-280.569866449044;41.48100753421242
36250;-98.8039256903092;(((pow2(((x / _a4_) + _a7_)) / _a7_) + (_a1_ / pow2(_a4_))) * x);{'d0': {'_a1_': 1.3038486772431834, '_a4_': 0.9493862863325936, '_a7_': 0.32855931490330553, '_a0_': 1.0, '_a2_': 1.0, '_a3_': 1.0, '_a5_': 1.0, '_a6_': 1.0}};{'d0': 0.024905832919416563};-280.569866449044;41.48100753421242
36251;-98.8039256903092;(((pow2(((x / _a4_) + _a7_)) / _a7_) + (_a1_ / pow2(_a4_))) * x);{'d0': {'_a1_': 1.3038486772431834, '_a4_': 0.9493862863325936, '_a7_': 0.32855931490330553, '_a0_': 1.0, '_a2_': 1.0, '_a3_': 1.0, '_a5_': 1.0, '_a6_': 1.0}};{'d0': 0.024905832919416563};-280.569866449044;41.48100753421242
36252;-98.8039256903092;(((pow2(((x / _a4_) + _a7_)) / _a7_) + (_a1_ / pow2(_a4_))) * x);{'d0': {'_a1_': 1.3038486772431834, '_a4_': 0.9493862863325936, '_a7_': 0.32855931490330553, '_a0_': 1.0, '_a2_': 1.0, '_a3_': 1.0, '_a5_': 1.0, '_a6_': 1.0}};{'d0': 0.024905832919416563};-280.569866449044;41.48100753421242
36253;-98.8039256903092;(((pow2(((x / _a4_) + _a7_)) / _a7_) + (_a1_ / pow2(_a4_))) * x);{'d0': {'_a1_': 1.3038486772431834, '_a4_': 0.9493862863325936, '_a7_': 0.32855931490330553, '_a0_': 1.0, '_a2_': 1.0, '_a3_': 1.0, '_a5_': 1.0, '_a6_': 1.0}};{'d0': 0.024905832919416563};-280.569866449044;41.48100753421242
36254;-98.8039256903092;(((pow2(((x / _a4_) + _a7_)) / _a7_) + (_a1_ / pow2(_a4_))) * x);{'d0': {'_a1_': 1.3038486772431834, '_a4_': 0.9493862863325936, '_a7_': 0.32855931490330553, '_a0_': 1.0, '_a2_': 1.0, '_a3_': 1.0, '_a5_': 1.0, '_a6_': 1.0}};{'d0': 0.024905832919416563};-280.569866449044;41.48100753421242
36255;-98.8039256903092;(((pow2(((x / _a4_) + _a7_)) / _a7_) + (_a1_ / pow2(_a4_))) * x);{'d0': {'_a1_': 1.3038486772431834, '_a4_': 0.9493862863325936, '_a7_': 0.32855931490330553, '_a0_': 1.0, '_a2_': 1.0, '_a3_': 1.0, '_a5_': 1.0, '_a6_': 1.0}};{'d0': 0.024905832919416563};-280.569866449044;41.48100753421242
36256;-98.8039256903092;(((pow2(((x / _a4_) + _a7_)) / _a7_) + (_a1_ / pow2(_a4_))) * x);{'d0': {'_a1_': 1.3038486772431834, '_a4_': 0.9493862863325936, '_a7_': 0.32855931490330553, '_a0_': 1.0, '_a2_': 1.0, '_a3_': 1.0, '_a5_': 1.0, '_a6_': 1.0}};{'d0': 0.024905832919416563};-280.569866449044;41.48100753421242
36257;-98.8039256903092;(((pow2(((x / _a4_) + _a7_)) / _a7_) + (_a1_ / pow2(_a4_))) * x);{'d0': {'_a1_': 1.3038486772431834, '_a4_': 0.9493862863325936, '_a7_': 0.32855931490330553, '_a0_': 1.0, '_a2_': 1.0, '_a3_': 1.0, '_a5_': 1.0, '_a6_': 1.0}};{'d0': 0.024905832919416563};-280.569866449044;41.48100753421242
36258;-98.8039256903092;(((pow2(((x / _a4_) + _a7_)) / _a7_) + (_a1_ / pow2(_a4_))) * x);{'d0': {'_a1_': 1.3038486772431834, '_a4_': 0.9493862863325936, '_a7_': 0.32855931490330553, '_a0_': 1.0, '_a2_': 1.0, '_a3_': 1.0, '_a5_': 1.0, '_a6_': 1.0}};{'d0': 0.024905832919416563};-280.569866449044;41.48100753421242
36259;-98.8039256903092;(((pow2(((x / _a4_) + _a7_)) / _a7_) + (_a1_ / pow2(_a4_))) * x);{'d0': {'_a1_': 1.3038486772431834, '_a4_': 0.9493862863325936, '_a7_': 0.32855931490330553, '_a0_': 1.0, '_a2_': 1.0, '_a3_': 1.0, '_a5_': 1.0, '_a6_': 1.0}};{'d0': 0.024905832919416563};-280.569866449044;41.48100753421242
36260;-98.8039256903092;(((pow2(((x / _a4_) + _a7_)) / _a7_) + (_a1_ / pow2(_a4_))) * x);{'d0': {'_a1_': 1.3038486772431834, '_a4_': 0.9493862863325936, '_a7_': 0.32855931490330553, '_a0_': 1.0, '_a2_': 1.0, '_a3_': 1.0, '_a5_': 1.0, '_a6_': 1.0}};{'d0': 0.024905832919416563};-280.569866449044;41.48100753421242
36261;-98.8039256903092;(((pow2(((x / _a4_) + _a7_)) / _a7_) + (_a1_ / pow2(_a4_))) * x);{'d0': {'_a1_': 1.3038486772431834, '_a4_': 0.9493862863325936, '_a7_': 0.32855931490330553, '_a0_': 1.0, '_a2_': 1.0, '_a3_': 1.0, '_a5_': 1.0, '_a6_': 1.0}};{'d0': 0.024905832919416563};-280.569866449044;41.48100753421242
36262;-98.8039256903092;(((pow2(((x / _a4_) + _a7_)) / _a7_) + (_a1_ / pow2(_a4_))) * x);{'d0': {'_a1_': 1.3038486772431834, '_a4_': 0.9493862863325936, '_a7_': 0.32855931490330553, '_a0_': 1.0, '_a2_': 1.0, '_a3_': 1.0, '_a5_': 1.0, '_a6_': 1.0}};{'d0': 0.024905832919416563};-280.569866449044;41.48100753421242
36263;-98.8039256903092;(((pow2(((x / _a4_) + _a7_)) / _a7_) + (_a1_ / pow2(_a4_))) * x);{'d0': {'_a1_': 1.3038486772431834, '_a4_': 0.9493862863325936, '_a7_': 0.32855931490330553, '_a0_': 1.0, '_a2_': 1.0, '_a3_': 1.0, '_a5_': 1.0, '_a6_': 1.0}};{'d0': 0.024905832919416563};-280.569866449044;41.48100753421242
36264;-98.8039256903092;(((pow2(((x / _a4_) + _a7_)) / _a7_) + (_a1_ / pow2(_a4_))) * x);{'d0': {'_a1_': 1.3038486772431834, '_a4_': 0.9493862863325936, '_a7_': 0.32855931490330553, '_a0_': 1.0, '_a2_': 1.0, '_a3_': 1.0, '_a5_': 1.0, '_a6_': 1.0}};{'d0': 0.024905832919416563};-280.569866449044;41.48100753421242
36265;-98.8039256903092;(((pow2(((x / _a4_) + _a7_)) / _a7_) + (_a1_ / pow2(_a4_))) * x);{'d0': {'_a1_': 1.3038486772431834, '_a4_': 0.9493862863325936, '_a7_': 0.32855931490330553, '_a0_': 1.0, '_a2_': 1.0, '_a3_': 1.0, '_a5_': 1.0, '_a6_': 1.0}};{'d0': 0.024905832919416563};-280.569866449044;41.48100753421242
36266;-99.8734541873881;(((pow2(((x * _a4_) + _a7_)) / _a7_) + (_a1_ / pow2(_a4_))) * x);{'d0': {'_a1_': 1.604927333894087, '_a4_': 1.0533120332682584, '_a7_': 0.328559314632641, '_a0_': 1.0, '_a2_': 1.0, '_a3_': 1.0, '_a5_': 1.0, '_a6_': 1.0}};{'d0': 0.024905832919416695};-280.569866449043;40.41147903713342
36267;-99.8734541873881;(((pow2(((x * _a4_) + _a7_)) / _a7_) + (_a1_ / pow2(_a4_))) * x);{'d0': {'_a1_': 1.604927333894087, '_a4_': 1.0533120332682584, '_a7_': 0.328559314632641, '_a0_': 1.0, '_a2_': 1.0, '_a3_': 1.0, '_a5_': 1.0, '_a6_': 1.0}};{'d0': 0.024905832919416695};-280.569866449043;40.41147903713342
36268;-99.8734541873881;(((pow2(((x * _a4_) + _a7_)) / _a7_) + (_a1_ / pow2(_a4_))) * x);{'d0': {'_a1_': 1.604927333894087, '_a4_': 1.0533120332682584, '_a7_': 0.328559314632641, '_a0_': 1.0, '_a2_': 1.0, '_a3_': 1.0, '_a5_': 1.0, '_a6_': 1.0}};{'d0': 0.024905832919416695};-280.569866449043;40.41147903713342
36269;-99.8734541873881;(((pow2(((x * _a4_) + _a7_)) / _a7_) + (_a1_ / pow2(_a4_))) * x);{'d0': {'_a1_': 1.604927333894087, '_a4_': 1.0533120332682584, '_a7_': 0.328559314632641, '_a0_': 1.0, '_a2_': 1.0, '_a3_': 1.0, '_a5_': 1.0, '_a6_': 1.0}};{'d0': 0.024905832919416695};-280.569866449043;40.41147903713342
36270;-99.8734541873881;(((pow2(((x * _a4_) + _a7_)) / _a7_) + (_a1_ / pow2(_a4_))) * x);{'d0': {'_a1_': 1.604927333894087, '_a4_': 1.0533120332682584, '_a7_': 0.328559314632641, '_a0_': 1.0, '_a2_': 1.0, '_a3_': 1.0, '_a5_': 1.0, '_a6_': 1.0}};{'d0': 0.024905832919416695};-280.569866449043;40.41147903713342
36271;-99.8734541873881;(((pow2(((x * _a4_) + _a7_)) / _a7_) + (_a1_ / pow2(_a4_))) * x);{'d0': {'_a1_': 1.604927333894087, '_a4_': 1.0533120332682584, '_a7_': 0.328559314632641, '_a0_': 1.0, '_a2_': 1.0, '_a3_': 1.0, '_a5_': 1.0, '_a6_': 1.0}};{'d0': 0.024905832919416695};-280.569866449043;40.41147903713342
36272;-99.8734541873881;(((pow2(((x * _a4_) + _a7_)) / _a7_) + (_a1_ / pow2(_a4_))) * x);{'d0': {'_a1_': 1.604927333894087, '_a4_': 1.0533120332682584, '_a7_': 0.328559314632641, '_a0_': 1.0, '_a2_': 1.0, '_a3_': 1.0, '_a5_': 1.0, '_a6_': 1.0}};{'d0': 0.024905832919416695};-280.569866449043;40.41147903713342
36273;-99.8734541873881;(((pow2(((x * _a4_) + _a7_)) / _a7_) + (_a1_ / pow2(_a4_))) * x);{'d0': {'_a1_': 1.604927333894087, '_a4_': 1.0533120332682584, '_a7_': 0.328559314632641, '_a0_': 1.0, '_a2_': 1.0, '_a3_': 1.0, '_a5_': 1.0, '_a6_': 1.0}};{'d0': 0.024905832919416695};-280.569866449043;40.41147903713342
36274;-99.8734541873881;(((pow2(((x * _a4_) + _a7_)) / _a7_) + (_a1_ / pow2(_a4_))) * x);{'d0': {'_a1_': 1.604927333894087, '_a4_': 1.0533120332682584, '_a7_': 0.328559314632641, '_a0_': 1.0, '_a2_': 1.0, '_a3_': 1.0, '_a5_': 1.0, '_a6_': 1.0}};{'d0': 0.024905832919416695};-280.569866449043;40.41147903713342
36275;-99.8734541873881;(((pow2(((x * _a4_) + _a7_)) / _a7_) + (_a1_ / pow2(_a4_))) * x);{'d0': {'_a1_': 1.604927333894087, '_a4_': 1.0533120332682584, '_a7_': 0.328559314632641, '_a0_': 1.0, '_a2_': 1.0, '_a3_': 1.0, '_a5_': 1.0, '_a6_': 1.0}};{'d0': 0.024905832919416695};-280.569866449043;40.41147903713342
36276;-99.8734541873881;(((pow2(((x * _a4_) + _a7_)) / _a7_) + (_a1_ / pow2(_a4_))) * x);{'d0': {'_a1_': 1.604927333894087, '_a4_': 1.0533120332682584, '_a7_': 0.328559314632641, '_a0_': 1.0, '_a2_': 1.0, '_a3_': 1.0, '_a5_': 1.0, '_a6_': 1.0}};{'d0': 0.024905832919416695};-280.569866449043;40.41147903713342
36277;-99.8734541873881;(((pow2(((x * _a4_) + _a7_)) / _a7_) + (_a6_ / pow2(_a4_))) * x);{'d0': {'_a4_': 1.0533120349630505, '_a6_': 1.604927338723625, '_a7_': 0.328559315375895, '_a0_': 1.0, '_a1_': 1.0, '_a2_': 1.0, '_a3_': 1.0, '_a5_': 1.0}};{'d0': 0.024905832919416674};-280.569866449043;40.41147903713342
36278;-104.058817930787;(((x * (x * x)) * _a6_) + (((_a2_ * x) + _a4_) * x));{'d0': {'_a2_': 2.1066240682691415, '_a4_': 1.775135404328903, '_a6_': 3.3767608785124574, '_a0_': 1.0, '_a1_': 1.0, '_a3_': 1.0, '_a5_': 1.0, '_a7_': 1.0}};{'d0': 0.024905832919416605};-280.569866449044;36.226115293734956
36279;-104.058817930787;(((x * (x * x)) * _a6_) + (((_a2_ * x) + _a4_) * x));{'d0': {'_a2_': 2.1066240682691415, '_a4_': 1.775135404328903, '_a6_': 3.3767608785124574, '_a0_': 1.0, '_a1_': 1.0, '_a3_': 1.0, '_a5_': 1.0, '_a7_': 1.0}};{'d0': 0.024905832919416605};-280.569866449044;36.226115293734956
36280;-104.058817930787;(((x * (x * x)) * _a6_) + (((_a2_ * x) + _a4_) * x));{'d0': {'_a2_': 2.1066240682691415, '_a4_': 1.775135404328903, '_a6_': 3.3767608785124574, '_a0_': 1.0, '_a1_': 1.0, '_a3_': 1.0, '_a5_': 1.0, '_a7_': 1.0}};{'d0': 0.024905832919416605};-280.569866449044;36.226115293734956
36281;-104.058817930787;(((x * (x * x)) * _a6_) + (((_a2_ * x) + _a4_) * x));{'d0': {'_a2_': 2.1066240682691415, '_a4_': 1.775135404328903, '_a6_': 3.3767608785124574, '_a0_': 1.0, '_a1_': 1.0, '_a3_': 1.0, '_a5_': 1.0, '_a7_': 1.0}};{'d0': 0.024905832919416605};-280.569866449044;36.226115293734956
36282;-104.058817930787;(((x * (x * x)) * _a6_) + (((_a2_ * x) + _a4_) * x));{'d0': {'_a2_': 2.1066240682691415, '_a4_': 1.775135404328903, '_a6_': 3.3767608785124574, '_a0_': 1.0, '_a1_': 1.0, '_a3_': 1.0, '_a5_': 1.0, '_a7_': 1.0}};{'d0': 0.024905832919416605};-280.569866449044;36.226115293734956
36283;-104.058817930787;(((x * (x * x)) * _a6_) + (((_a2_ * x) + _a4_) * x));{'d0': {'_a2_': 2.1066240682691415, '_a4_': 1.775135404328903, '_a6_': 3.3767608785124574, '_a0_': 1.0, '_a1_': 1.0, '_a3_': 1.0, '_a5_': 1.0, '_a7_': 1.0}};{'d0': 0.024905832919416605};-280.569866449044;36.226115293734956
36284;-104.058817930787;(((x * (x * x)) * _a6_) + (((_a2_ * x) + _a4_) * x));{'d0': {'_a2_': 2.1066240682691415, '_a4_': 1.775135404328903, '_a6_': 3.3767608785124574, '_a0_': 1.0, '_a1_': 1.0, '_a3_': 1.0, '_a5_': 1.0, '_a7_': 1.0}};{'d0': 0.024905832919416605};-280.569866449044;36.226115293734956
36285;-104.058817930787;(((x * (x * x)) * _a6_) + (((_a2_ * x) + _a4_) * x));{'d0': {'_a2_': 2.1066240682691415, '_a4_': 1.775135404328903, '_a6_': 3.3767608785124574, '_a0_': 1.0, '_a1_': 1.0, '_a3_': 1.0, '_a5_': 1.0, '_a7_': 1.0}};{'d0': 0.024905832919416605};-280.569866449044;36.226115293734956
36286;-104.058817930787;(((x * (x * x)) * _a6_) + (((_a2_ * x) + _a4_) * x));{'d0': {'_a2_': 2.1066240682691415, '_a4_': 1.775135404328903, '_a6_': 3.3767608785124574, '_a0_': 1.0, '_a1_': 1.0, '_a3_': 1.0, '_a5_': 1.0, '_a7_': 1.0}};{'d0': 0.024905832919416605};-280.569866449044;36.226115293734956
36287;-104.058817930787;(((x * (x * x)) * _a6_) + (((_a2_ * x) + _a4_) * x));{'d0': {'_a2_': 2.1066240682691415, '_a4_': 1.775135404328903, '_a6_': 3.3767608785124574, '_a0_': 1.0, '_a1_': 1.0, '_a3_': 1.0, '_a5_': 1.0, '_a7_': 1.0}};{'d0': 0.024905832919416605};-280.569866449044;36.226115293734956
36288;-104.058817930787;(((x * (x * x)) * _a6_) + (((_a2_ * x) + _a4_) * x));{'d0': {'_a2_': 2.1066240682691415, '_a4_': 1.775135404328903, '_a6_': 3.3767608785124574, '_a0_': 1.0, '_a1_': 1.0, '_a3_': 1.0, '_a5_': 1.0, '_a7_': 1.0}};{'d0': 0.024905832919416605};-280.569866449044;36.226115293734956
36289;-104.058817930787;(((x * (x * x)) * _a6_) + (((_a2_ * x) + _a4_) * x));{'d0': {'_a2_': 2.1066240682691415, '_a4_': 1.775135404328903, '_a6_': 3.3767608785124574, '_a0_': 1.0, '_a1_': 1.0, '_a3_': 1.0, '_a5_': 1.0, '_a7_': 1.0}};{'d0': 0.024905832919416605};-280.569866449044;36.226115293734956
36290;-104.058817930787;(((x * (x * x)) * _a6_) + (((_a2_ * x) + _a4_) * x));{'d0': {'_a2_': 2.1066240682691415, '_a4_': 1.775135404328903, '_a6_': 3.3767608785124574, '_a0_': 1.0, '_a1_': 1.0, '_a3_': 1.0, '_a5_': 1.0, '_a7_': 1.0}};{'d0': 0.024905832919416605};-280.569866449044;36.226115293734956
36291;-104.058817930787;(((x * (x * x)) * _a6_) + (((_a2_ * x) + _a4_) * x));{'d0': {'_a2_': 2.1066240682691415, '_a4_': 1.775135404328903, '_a6_': 3.3767608785124574, '_a0_': 1.0, '_a1_': 1.0, '_a3_': 1.0, '_a5_': 1.0, '_a7_': 1.0}};{'d0': 0.024905832919416605};-280.569866449044;36.226115293734956
36292;-104.058817930787;(((x * (x * x)) * _a6_) + (((_a2_ * x) + _a4_) * x));{'d0': {'_a2_': 2.1066240682691415, '_a4_': 1.775135404328903, '_a6_': 3.3767608785124574, '_a0_': 1.0, '_a1_': 1.0, '_a3_': 1.0, '_a5_': 1.0, '_a7_': 1.0}};{'d0': 0.024905832919416605};-280.569866449044;36.226115293734956
36293;-104.058817930787;(((x * (x * x)) * _a6_) + (((_a2_ * x) + _a4_) * x));{'d0': {'_a2_': 2.1066240682691415, '_a4_': 1.775135404328903, '_a6_': 3.3767608785124574, '_a0_': 1.0, '_a1_': 1.0, '_a3_': 1.0, '_a5_': 1.0, '_a7_': 1.0}};{'d0': 0.024905832919416605};-280.569866449044;36.226115293734956
36294;-97.5351166215334;(((pow2(((x * _a4_) + _a2_)) * _a6_) + (_a6_ / (_a2_ * _a7_))) * x);{'d0': {'_a2_': 0.4878669225537885, '_a4_': 1.5640284025926334, '_a6_': 1.380418962854339, '_a7_': 1.9559967934874551, '_a0_': 1.0, '_a1_': 1.0, '_a3_': 1.0, '_a5_': 1.0}};{'d0': 0.02490583292017125};-276.475521885004;40.70264432096822
36295;-97.5351166215334;(((pow2(((x * _a4_) + _a2_)) * _a6_) + (_a6_ / (_a2_ * _a7_))) * x);{'d0': {'_a2_': 0.4878669225537885, '_a4_': 1.5640284025926334, '_a6_': 1.380418962854339, '_a7_': 1.9559967934874551, '_a0_': 1.0, '_a1_': 1.0, '_a3_': 1.0, '_a5_': 1.0}};{'d0': 0.02490583292017125};-276.475521885004;40.70264432096822
36296;-98.3137111768941;(((pow2(((x * _a4_) + _a2_)) * _a6_) + (_a6_ * (_a2_ * _a7_))) * x);{'d0': {'_a2_': 0.5308030828894619, '_a4_': 1.7016753121619566, '_a6_': 1.166129800481369, '_a7_': 2.337011956468236, '_a0_': 1.0, '_a1_': 1.0, '_a3_': 1.0, '_a5_': 1.0}};{'d0': 0.024905832919559105};-276.475521886478;39.92404976634482
36297;-98.3137111768941;(((pow2(((x * _a4_) + _a2_)) * _a6_) + (_a6_ * (_a2_ * _a7_))) * x);{'d0': {'_a2_': 0.5308030828894619, '_a4_': 1.7016753121619566, '_a6_': 1.166129800481369, '_a7_': 2.337011956468236, '_a0_': 1.0, '_a1_': 1.0, '_a3_': 1.0, '_a5_': 1.0}};{'d0': 0.024905832919559105};-276.475521886478;39.92404976634482
36298;-98.3137111768941;(((pow2(((x * _a4_) + _a2_)) * _a6_) + (_a6_ * (_a2_ * _a7_))) * x);{'d0': {'_a2_': 0.5308030828894619, '_a4_': 1.7016753121619566, '_a6_': 1.166129800481369, '_a7_': 2.337011956468236, '_a0_': 1.0, '_a1_': 1.0, '_a3_': 1.0, '_a5_': 1.0}};{'d0': 0.024905832919559105};-276.475521886478;39.92404976634482
36299;-98.3137111768941;(((pow2(((x * _a4_) + _a2_)) * _a6_) + (_a6_ * (_a2_ * _a7_))) * x);{'d0': {'_a2_': 0.5308030828894619, '_a4_': 1.7016753121619566, '_a6_': 1.166129800481369, '_a7_': 2.337011956468236, '_a0_': 1.0, '_a1_': 1.0, '_a3_': 1.0, '_a5_': 1.0}};{'d0': 0.024905832919559105};-276.475521886478;39.92404976634482
36300;-98.3137111768941;(((pow2(((x * _a4_) + _a2_)) * _a6_) + (_a6_ * (_a2_ * _a7_))) * x);{'d0': {'_a2_': 0.5308030828894619, '_a4_': 1.7016753121619566, '_a6_': 1.166129800481369, '_a7_': 2.337011956468236, '_a0_': 1.0, '_a1_': 1.0, '_a3_': 1.0, '_a5_': 1.0}};{'d0': 0.024905832919559105};-276.475521886478;39.92404976634482
36301;-98.3137111768941;(((pow2(((x * _a4_) + _a2_)) * _a6_) + (_a6_ * (_a2_ * _a7_))) * x);{'d0': {'_a2_': 0.5308030828894619, '_a4_': 1.7016753121619566, '_a6_': 1.166129800481369, '_a7_': 2.337011956468236, '_a0_': 1.0, '_a1_': 1.0, '_a3_': 1.0, '_a5_': 1.0}};{'d0': 0.024905832919559105};-276.475521886478;39.92404976634482
36302;-98.3137111768941;(((pow2(((x * _a4_) + _a2_)) * _a6_) + (_a6_ * (_a2_ * _a7_))) * x);{'d0': {'_a2_': 0.5308030828894619, '_a4_': 1.7016753121619566, '_a6_': 1.166129800481369, '_a7_': 2.337011956468236, '_a0_': 1.0, '_a1_': 1.0, '_a3_': 1.0, '_a5_': 1.0}};{'d0': 0.024905832919559105};-276.475521886478;39.92404976634482
36303;-93.2196566538889;(((pow2(((x * _a4_) + _a2_)) * _a6_) + (_a6_ * (_a2_ * (_a5_ * _a2_)))) * x);{'d0': {'_a2_': 0.5204737687563601, '_a4_': 1.6685610753755167, '_a5_': 4.402785196596061, '_a6_': 1.2128745424066585, '_a0_': 1.0, '_a1_': 1.0, '_a3_': 1.0, '_a7_': 1.0}};{'d0': 0.024905832940234456};-276.475521836670;45.018104264445824
36304;-93.2196566538889;(((pow2(((x * _a4_) + _a2_)) * _a6_) + (_a6_ * (_a2_ * (_a5_ * _a2_)))) * x);{'d0': {'_a2_': 0.5204737687563601, '_a4_': 1.6685610753755167, '_a5_': 4.402785196596061, '_a6_': 1.2128745424066585, '_a0_': 1.0, '_a1_': 1.0, '_a3_': 1.0, '_a7_': 1.0}};{'d0': 0.024905832940234456};-276.475521836670;45.018104264445824
36305;-92.5134193845758;(((pow2(((x / _a4_) + _a2_)) * _a6_) + (_a6_ * (_a2_ * (_a5_ * _a2_)))) * x);{'d0': {'_a2_': 0.48405171410896086, '_a4_': 0.6444138448948364, '_a5_': 4.4027852012020325, '_a6_': 1.4022644466653211, '_a0_': 1.0, '_a1_': 1.0, '_a3_': 1.0, '_a7_': 1.0}};{'d0': 0.02490583294107438};-276.475521834646;45.724341532747225
36306;-92.5134193845758;(((pow2(((x / _a4_) + _a2_)) * _a6_) + (_a6_ * (_a2_ * (_a5_ * _a2_)))) * x);{'d0': {'_a2_': 0.48405171410896086, '_a4_': 0.6444138448948364, '_a5_': 4.4027852012020325, '_a6_': 1.4022644466653211, '_a0_': 1.0, '_a1_': 1.0, '_a3_': 1.0, '_a7_': 1.0}};{'d0': 0.02490583294107438};-276.475521834646;45.724341532747225
36307;-92.5134193845758;(((pow2(((x / _a4_) + _a2_)) * _a6_) + (_a6_ * (_a2_ * (_a5_ * _a2_)))) * x);{'d0': {'_a2_': 0.48405171410896086, '_a4_': 0.6444138448948364, '_a5_': 4.4027852012020325, '_a6_': 1.4022644466653211, '_a0_': 1.0, '_a1_': 1.0, '_a3_': 1.0, '_a7_': 1.0}};{'d0': 0.02490583294107438};-276.475521834646;45.724341532747225
36308;-92.5134193845758;(((pow2(((x / _a4_) + _a2_)) * _a6_) + (_a6_ * (_a2_ * (_a5_ * _a2_)))) * x);{'d0': {'_a2_': 0.48405171410896086, '_a4_': 0.6444138448948364, '_a5_': 4.4027852012020325, '_a6_': 1.4022644466653211, '_a0_': 1.0, '_a1_': 1.0, '_a3_': 1.0, '_a7_': 1.0}};{'d0': 0.02490583294107438};-276.475521834646;45.724341532747225
36309;-92.5134193845758;(((pow2(((x / _a4_) + _a2_)) * _a6_) + (_a6_ * (_a2_ * (_a5_ * _a2_)))) * x);{'d0': {'_a2_': 0.48405171410896086, '_a4_': 0.6444138448948364, '_a5_': 4.4027852012020325, '_a6_': 1.4022644466653211, '_a0_': 1.0, '_a1_': 1.0, '_a3_': 1.0, '_a7_': 1.0}};{'d0': 0.02490583294107438};-276.475521834646;45.724341532747225
36310;-92.5134194100708;(((pow2(((x / _a4_) + _a2_)) * _a6_) + (_a4_ * (_a2_ * (_a5_ * _a2_)))) * x);{'d0': {'_a2_': 0.551978462277933, '_a4_': 0.5651120681442527, '_a5_': 8.401607478307628, '_a6_': 1.0783740973312972, '_a0_': 1.0, '_a1_': 1.0, '_a3_': 1.0, '_a7_': 1.0}};{'d0': 0.02490583291990851};-276.475521885637;45.724341532747225
36311;-92.5134194100708;(((pow2(((x / _a4_) + _a2_)) * _a6_) + (_a4_ * (_a2_ * (_a5_ * _a2_)))) * x);{'d0': {'_a2_': 0.551978462277933, '_a4_': 0.5651120681442527, '_a5_': 8.401607478307628, '_a6_': 1.0783740973312972, '_a0_': 1.0, '_a1_': 1.0, '_a3_': 1.0, '_a7_': 1.0}};{'d0': 0.02490583291990851};-276.475521885637;45.724341532747225
36312;-92.5134194100708;(((pow2(((x / _a4_) + _a2_)) * _a6_) + (_a4_ * (_a2_ * (_a5_ * _a2_)))) * x);{'d0': {'_a2_': 0.551978462277933, '_a4_': 0.5651120681442527, '_a5_': 8.401607478307628, '_a6_': 1.0783740973312972, '_a0_': 1.0, '_a1_': 1.0, '_a3_': 1.0, '_a7_': 1.0}};{'d0': 0.02490583291990851};-276.475521885637;45.724341532747225
36313;-92.5134194100708;(((pow2(((x / _a4_) + _a2_)) * _a6_) + (_a4_ * (_a2_ * (_a5_ * _a2_)))) * x);{'d0': {'_a2_': 0.551978462277933, '_a4_': 0.5651120681442527, '_a5_': 8.401607478307628, '_a6_': 1.0783740973312972, '_a0_': 1.0, '_a1_': 1.0, '_a3_': 1.0, '_a7_': 1.0}};{'d0': 0.02490583291990851};-276.475521885637;45.724341532747225
36314;-92.5134194100708;(((pow2(((x / _a4_) + _a2_)) * _a6_) + (_a4_ * (_a2_ * (_a5_ * _a2_)))) * x);{'d0': {'_a2_': 0.551978462277933, '_a4_': 0.5651120681442527, '_a5_': 8.401607478307628, '_a6_': 1.0783740973312972, '_a0_': 1.0, '_a1_': 1.0, '_a3_': 1.0, '_a7_': 1.0}};{'d0': 0.02490583291990851};-276.475521885637;45.724341532747225
36315;-92.5134194100708;(((pow2(((x / _a4_) + _a2_)) * _a6_) + (_a4_ * (_a2_ * (_a5_ * _a2_)))) * x);{'d0': {'_a2_': 0.551978462277933, '_a4_': 0.5651120681442527, '_a5_': 8.401607478307628, '_a6_': 1.0783740973312972, '_a0_': 1.0, '_a1_': 1.0, '_a3_': 1.0, '_a7_': 1.0}};{'d0': 0.02490583291990851};-276.475521885637;45.724341532747225
36316;-92.5134194100708;(((pow2(((x / _a4_) + _a2_)) * _a6_) + (_a4_ * (_a2_ * (_a5_ * _a2_)))) * x);{'d0': {'_a2_': 0.551978462277933, '_a4_': 0.5651120681442527, '_a5_': 8.401607478307628, '_a6_': 1.0783740973312972, '_a0_': 1.0, '_a1_': 1.0, '_a3_': 1.0, '_a7_': 1.0}};{'d0': 0.02490583291990851};-276.475521885637;45.724341532747225
36317;-92.5134194100708;(((pow2(((x / _a4_) + _a2_)) * _a6_) + (_a4_ * (_a2_ * (_a5_ * _a2_)))) * x);{'d0': {'_a2_': 0.551978462277933, '_a4_': 0.5651120681442527, '_a5_': 8.401607478307628, '_a6_': 1.0783740973312972, '_a0_': 1.0, '_a1_': 1.0, '_a3_': 1.0, '_a7_': 1.0}};{'d0': 0.02490583291990851};-276.475521885637;45.724341532747225
36318;-92.5134194100708;(((pow2(((x / _a4_) + _a2_)) * _a6_) + (_a4_ * (_a2_ * (_a5_ * _a2_)))) * x);{'d0': {'_a2_': 0.551978462277933, '_a4_': 0.5651120681442527, '_a5_': 8.401607478307628, '_a6_': 1.0783740973312972, '_a0_': 1.0, '_a1_': 1.0, '_a3_': 1.0, '_a7_': 1.0}};{'d0': 0.02490583291990851};-276.475521885637;45.724341532747225
36319;-92.2525078750412;(((pow2(((x / _a4_) + _a2_)) ** _a6_) + (_a4_ * (_a2_ * (_a5_ * _a2_)))) * x);{'d0': {'_a2_': 0.5608655461185968, '_a4_': 0.5528797854283714, '_a5_': 8.433648535689404, '_a6_': 1.047040086773128, '_a0_': 1.0, '_a1_': 1.0, '_a3_': 1.0, '_a7_': 1.0}};{'d0': 0.023785370572912842};-279.237401084219;47.366192667068226
36320;-92.2525078750412;(((pow2(((x / _a4_) + _a2_)) ** _a6_) + (_a4_ * (_a2_ * (_a5_ * _a2_)))) * x);{'d0': {'_a2_': 0.5608655461185968, '_a4_': 0.5528797854283714, '_a5_': 8.433648535689404, '_a6_': 1.047040086773128, '_a0_': 1.0, '_a1_': 1.0, '_a3_': 1.0, '_a7_': 1.0}};{'d0': 0.023785370572912842};-279.237401084219;47.366192667068226
36321;-92.2525078750412;(((pow2(((x / _a4_) + _a2_)) ** _a6_) + (_a4_ * (_a2_ * (_a5_ * _a2_)))) * x);{'d0': {'_a2_': 0.5608655461185968, '_a4_': 0.5528797854283714, '_a5_': 8.433648535689404, '_a6_': 1.047040086773128, '_a0_': 1.0, '_a1_': 1.0, '_a3_': 1.0, '_a7_': 1.0}};{'d0': 0.023785370572912842};-279.237401084219;47.366192667068226
36322;-92.2525078750412;(((pow2(((x / _a4_) + _a2_)) ** _a6_) + (_a4_ * (_a2_ * (_a5_ * _a2_)))) * x);{'d0': {'_a2_': 0.5608655461185968, '_a4_': 0.5528797854283714, '_a5_': 8.433648535689404, '_a6_': 1.047040086773128, '_a0_': 1.0, '_a1_': 1.0, '_a3_': 1.0, '_a7_': 1.0}};{'d0': 0.023785370572912842};-279.237401084219;47.366192667068226
36323;-92.2525078750412;(((pow2(((x / _a4_) + _a2_)) ** _a6_) + (_a4_ * (_a2_ * (_a5_ * _a2_)))) * x);{'d0': {'_a2_': 0.5608655461185968, '_a4_': 0.5528797854283714, '_a5_': 8.433648535689404, '_a6_': 1.047040086773128, '_a0_': 1.0, '_a1_': 1.0, '_a3_': 1.0, '_a7_': 1.0}};{'d0': 0.023785370572912842};-279.237401084219;47.366192667068226
36324;-92.2525078750412;(((pow2(((x / _a4_) + _a2_)) ** _a6_) + (_a4_ * (_a2_ * (_a5_ * _a2_)))) * x);{'d0': {'_a2_': 0.5608655461185968, '_a4_': 0.5528797854283714, '_a5_': 8.433648535689404, '_a6_': 1.047040086773128, '_a0_': 1.0, '_a1_': 1.0, '_a3_': 1.0, '_a7_': 1.0}};{'d0': 0.023785370572912842};-279.237401084219;47.366192667068226
36325;-92.2525078750412;(((pow2(((x / _a4_) + _a2_)) ** _a6_) + (_a4_ * (_a2_ * (_a5_ * _a2_)))) * x);{'d0': {'_a2_': 0.5608655461185968, '_a4_': 0.5528797854283714, '_a5_': 8.433648535689404, '_a6_': 1.047040086773128, '_a0_': 1.0, '_a1_': 1.0, '_a3_': 1.0, '_a7_': 1.0}};{'d0': 0.023785370572912842};-279.237401084219;47.366192667068226
36326;-92.2525078750412;(((pow2(((x / _a4_) + _a2_)) ** _a6_) + (_a4_ * (_a2_ * (_a5_ * _a2_)))) * x);{'d0': {'_a2_': 0.5608655461185968, '_a4_': 0.5528797854283714, '_a5_': 8.433648535689404, '_a6_': 1.047040086773128, '_a0_': 1.0, '_a1_': 1.0, '_a3_': 1.0, '_a7_': 1.0}};{'d0': 0.023785370572912842};-279.237401084219;47.366192667068226
36327;-92.2525078750473;(((pow2(((x / _a4_) + _a2_)) ** _a6_) + (_a2_ * (_a2_ * (_a5_ * _a2_)))) * x);{'d0': {'_a2_': 0.5608655734999517, '_a4_': 0.5528797665709551, '_a5_': 8.313566423047387, '_a6_': 1.0470399811492657, '_a0_': 1.0, '_a1_': 1.0, '_a3_': 1.0, '_a7_': 1.0}};{'d0': 0.023785370572908034};-279.237401084231;47.366192667068226
36328;-91.2812467514744;(((pow2(((x / _a4_) + _a2_)) ** _a6_) + (_a2_ + (_a2_ * (_a5_ * _a2_)))) * x);{'d0': {'_a2_': 0.5608655707634633, '_a4_': 0.5528797685643898, '_a5_': 2.879834826153382, '_a6_': 1.0470399916597122, '_a0_': 1.0, '_a1_': 1.0, '_a3_': 1.0, '_a7_': 1.0}};{'d0': 0.02378537057290797};-279.237401084232;48.33745379064123
36329;-91.2812467514744;(((pow2(((x / _a4_) + _a2_)) ** _a6_) + (_a2_ + (_a2_ * (_a5_ * _a2_)))) * x);{'d0': {'_a2_': 0.5608655707634633, '_a4_': 0.5528797685643898, '_a5_': 2.879834826153382, '_a6_': 1.0470399916597122, '_a0_': 1.0, '_a1_': 1.0, '_a3_': 1.0, '_a7_': 1.0}};{'d0': 0.02378537057290797};-279.237401084232;48.33745379064123
36330;-96.1582293906093;(((pow2(((x / _a4_) + _a2_)) ** _a6_) + (_a2_ + (_a2_ * _a1_))) * x);{'d0': {'_a1_': 1.615200196344299, '_a2_': 0.560865571558398, '_a4_': 0.5528797678432579, '_a6_': 1.0470399873443053, '_a0_': 1.0, '_a3_': 1.0, '_a5_': 1.0, '_a7_': 1.0}};{'d0': 0.023785370572908044};-279.237401084231;43.460471151506226
36331;-96.1582293906093;(((pow2(((x / _a4_) + _a2_)) ** _a6_) + (_a2_ + (_a2_ * _a1_))) * x);{'d0': {'_a1_': 1.615200196344299, '_a2_': 0.560865571558398, '_a4_': 0.5528797678432579, '_a6_': 1.0470399873443053, '_a0_': 1.0, '_a3_': 1.0, '_a5_': 1.0, '_a7_': 1.0}};{'d0': 0.023785370572908044};-279.237401084231;43.460471151506226
36332;-96.1582293906093;(((pow2(((x / _a4_) + _a2_)) ** _a6_) + (_a2_ + (_a2_ * _a1_))) * x);{'d0': {'_a1_': 1.615200196344299, '_a2_': 0.560865571558398, '_a4_': 0.5528797678432579, '_a6_': 1.0470399873443053, '_a0_': 1.0, '_a3_': 1.0, '_a5_': 1.0, '_a7_': 1.0}};{'d0': 0.023785370572908044};-279.237401084231;43.460471151506226
36333;-96.1582293906093;(((pow2(((x / _a4_) + _a2_)) ** _a6_) + (_a2_ + (_a2_ * _a1_))) * x);{'d0': {'_a1_': 1.615200196344299, '_a2_': 0.560865571558398, '_a4_': 0.5528797678432579, '_a6_': 1.0470399873443053, '_a0_': 1.0, '_a3_': 1.0, '_a5_': 1.0, '_a7_': 1.0}};{'d0': 0.023785370572908044};-279.237401084231;43.460471151506226
36334;-96.1582293906093;(((pow2(((x / _a4_) + _a2_)) ** _a6_) + (_a2_ + (_a2_ * _a1_))) * x);{'d0': {'_a1_': 1.615200196344299, '_a2_': 0.560865571558398, '_a4_': 0.5528797678432579, '_a6_': 1.0470399873443053, '_a0_': 1.0, '_a3_': 1.0, '_a5_': 1.0, '_a7_': 1.0}};{'d0': 0.023785370572908044};-279.237401084231;43.460471151506226
36335;-96.1582293906093;(((pow2(((x / _a4_) + _a2_)) ** _a6_) + (_a2_ + (_a2_ * _a1_))) * x);{'d0': {'_a1_': 1.615200196344299, '_a2_': 0.560865571558398, '_a4_': 0.5528797678432579, '_a6_': 1.0470399873443053, '_a0_': 1.0, '_a3_': 1.0, '_a5_': 1.0, '_a7_': 1.0}};{'d0': 0.023785370572908044};-279.237401084231;43.460471151506226
36336;-96.1582293906093;(((pow2(((x / _a4_) + _a2_)) ** _a6_) + (_a2_ + (_a2_ * _a1_))) * x);{'d0': {'_a1_': 1.615200196344299, '_a2_': 0.560865571558398, '_a4_': 0.5528797678432579, '_a6_': 1.0470399873443053, '_a0_': 1.0, '_a3_': 1.0, '_a5_': 1.0, '_a7_': 1.0}};{'d0': 0.023785370572908044};-279.237401084231;43.460471151506226
36337;-96.1582293906093;(((pow2(((x / _a4_) + _a2_)) ** _a6_) + (_a2_ + (_a2_ * _a1_))) * x);{'d0': {'_a1_': 1.615200196344299, '_a2_': 0.560865571558398, '_a4_': 0.5528797678432579, '_a6_': 1.0470399873443053, '_a0_': 1.0, '_a3_': 1.0, '_a5_': 1.0, '_a7_': 1.0}};{'d0': 0.023785370572908044};-279.237401084231;43.460471151506226
36338;-94.8940501728894;(((pow2(((x / _a4_) + _a2_)) ** _a6_) + (_a2_ + (x * _a1_))) * x);{'d0': {'_a1_': -1.2985406003393731, '_a2_': 0.9193012870490234, '_a4_': 0.5464494926351217, '_a6_': 1.0117418272568612, '_a0_': 1.0, '_a3_': 1.0, '_a5_': 1.0, '_a7_': 1.0}};{'d0': 0.024809087490744137};-276.709042648792;43.460471151506226
36339;-94.8940501728894;(((pow2(((x / _a4_) + _a2_)) ** _a6_) + (_a2_ + (x * _a1_))) * x);{'d0': {'_a1_': -1.2985406003393731, '_a2_': 0.9193012870490234, '_a4_': 0.5464494926351217, '_a6_': 1.0117418272568612, '_a0_': 1.0, '_a3_': 1.0, '_a5_': 1.0, '_a7_': 1.0}};{'d0': 0.024809087490744137};-276.709042648792;43.460471151506226
36340;-94.8940501728894;(((pow2(((x / _a4_) + _a2_)) ** _a6_) + (_a2_ + (x * _a1_))) * x);{'d0': {'_a1_': -1.2985406003393731, '_a2_': 0.9193012870490234, '_a4_': 0.5464494926351217, '_a6_': 1.0117418272568612, '_a0_': 1.0, '_a3_': 1.0, '_a5_': 1.0, '_a7_': 1.0}};{'d0': 0.024809087490744137};-276.709042648792;43.460471151506226
36341;-88.9104767908089;(((pow2(((x / _a4_) + _a2_)) ** _a6_) + ((_a4_ + x) + (x * _a1_))) * x);{'d0': {'_a1_': -2.970583591612014, '_a2_': 1.1143440801939835, '_a4_': 0.5425512557824759, '_a6_': 0.9939426717579728, '_a0_': 1.0, '_a3_': 1.0, '_a5_': 1.0, '_a7_': 1.0}};{'d0': 0.02486121838901249};-276.583097982691;49.381072200536224
36342;-88.9104767908089;(((pow2(((x / _a4_) + _a2_)) ** _a6_) + ((_a4_ + x) + (x * _a1_))) * x);{'d0': {'_a1_': -2.970583591612014, '_a2_': 1.1143440801939835, '_a4_': 0.5425512557824759, '_a6_': 0.9939426717579728, '_a0_': 1.0, '_a3_': 1.0, '_a5_': 1.0, '_a7_': 1.0}};{'d0': 0.02486121838901249};-276.583097982691;49.381072200536224
36343;-88.9104767908089;(((pow2(((x / _a4_) + _a2_)) ** _a6_) + ((_a4_ + x) + (x * _a1_))) * x);{'d0': {'_a1_': -2.970583591612014, '_a2_': 1.1143440801939835, '_a4_': 0.5425512557824759, '_a6_': 0.9939426717579728, '_a0_': 1.0, '_a3_': 1.0, '_a5_': 1.0, '_a7_': 1.0}};{'d0': 0.02486121838901249};-276.583097982691;49.381072200536224
36344;-88.9104767908089;(((pow2(((x / _a4_) + _a2_)) ** _a6_) + ((_a4_ + x) + (x * _a1_))) * x);{'d0': {'_a1_': -2.970583591612014, '_a2_': 1.1143440801939835, '_a4_': 0.5425512557824759, '_a6_': 0.9939426717579728, '_a0_': 1.0, '_a3_': 1.0, '_a5_': 1.0, '_a7_': 1.0}};{'d0': 0.02486121838901249};-276.583097982691;49.381072200536224
36345;-88.9104767908089;(((pow2(((x / _a4_) + _a2_)) ** _a6_) + ((_a4_ + x) + (x * _a1_))) * x);{'d0': {'_a1_': -2.970583591612014, '_a2_': 1.1143440801939835, '_a4_': 0.5425512557824759, '_a6_': 0.9939426717579728, '_a0_': 1.0, '_a3_': 1.0, '_a5_': 1.0, '_a7_': 1.0}};{'d0': 0.02486121838901249};-276.583097982691;49.381072200536224
36346;-94.8940501728894;(((pow2(((x / _a4_) + _a2_)) ** _a6_) + (_a2_ + (x * _a1_))) * x);{'d0': {'_a1_': -1.2985406003393731, '_a2_': 0.9193012870490234, '_a4_': 0.5464494926351217, '_a6_': 1.0117418272568612, '_a0_': 1.0, '_a3_': 1.0, '_a5_': 1.0, '_a7_': 1.0}};{'d0': 0.024809087490744137};-276.709042648792;43.460471151506226
36347;-94.8940501728894;(((pow2(((x / _a4_) + _a2_)) ** _a6_) + (_a2_ + (x * _a1_))) * x);{'d0': {'_a1_': -1.2985406003393731, '_a2_': 0.9193012870490234, '_a4_': 0.5464494926351217, '_a6_': 1.0117418272568612, '_a0_': 1.0, '_a3_': 1.0, '_a5_': 1.0, '_a7_': 1.0}};{'d0': 0.024809087490744137};-276.709042648792;43.460471151506226
36348;-94.8940501728894;(((pow2(((x / _a4_) + _a2_)) ** _a6_) + (_a2_ + (x * _a1_))) * x);{'d0': {'_a1_': -1.2985406003393731, '_a2_': 0.9193012870490234, '_a4_': 0.5464494926351217, '_a6_': 1.0117418272568612, '_a0_': 1.0, '_a3_': 1.0, '_a5_': 1.0, '_a7_': 1.0}};{'d0': 0.024809087490744137};-276.709042648792;43.460471151506226
36349;-89.5279820381956;(((pow2(((x / _a4_) + _a2_)) ** exp(_a7_)) + (_a2_ + (x * _a1_))) * x);{'d0': {'_a1_': -1.2985406695407233, '_a2_': 0.9193012126088173, '_a4_': 0.5464495010101366, '_a7_': 0.01167356954226302, '_a0_': 1.0, '_a3_': 1.0, '_a5_': 1.0, '_a6_': 1.0}};{'d0': 0.02480908749077209};-276.709042648724;48.82653928616622
36350;-89.5279820381956;(((pow2(((x / _a4_) + _a2_)) ** exp(_a7_)) + (_a2_ + (x * _a1_))) * x);{'d0': {'_a1_': -1.2985406695407233, '_a2_': 0.9193012126088173, '_a4_': 0.5464495010101366, '_a7_': 0.01167356954226302, '_a0_': 1.0, '_a3_': 1.0, '_a5_': 1.0, '_a6_': 1.0}};{'d0': 0.02480908749077209};-276.709042648724;48.82653928616622
36351;-89.5279820381956;(((pow2(((x / _a4_) + _a2_)) ** exp(_a7_)) + (_a2_ + (x * _a1_))) * x);{'d0': {'_a1_': -1.2985406695407233, '_a2_': 0.9193012126088173, '_a4_': 0.5464495010101366, '_a7_': 0.01167356954226302, '_a0_': 1.0, '_a3_': 1.0, '_a5_': 1.0, '_a6_': 1.0}};{'d0': 0.02480908749077209};-276.709042648724;48.82653928616622
36352;-89.5279820381956;(((pow2(((x / _a4_) + _a2_)) ** exp(_a7_)) + (_a2_ + (x * _a1_))) * x);{'d0': {'_a1_': -1.2985406695407233, '_a2_': 0.9193012126088173, '_a4_': 0.5464495010101366, '_a7_': 0.01167356954226302, '_a0_': 1.0, '_a3_': 1.0, '_a5_': 1.0, '_a6_': 1.0}};{'d0': 0.02480908749077209};-276.709042648724;48.82653928616622
36353;-89.5279820381956;(((pow2(((x / _a4_) + _a2_)) ** exp(_a7_)) + (_a2_ + (x * _a1_))) * x);{'d0': {'_a1_': -1.2985406695407233, '_a2_': 0.9193012126088173, '_a4_': 0.5464495010101366, '_a7_': 0.01167356954226302, '_a0_': 1.0, '_a3_': 1.0, '_a5_': 1.0, '_a6_': 1.0}};{'d0': 0.02480908749077209};-276.709042648724;48.82653928616622
36354;-104.058817930787;(((x * (x * x)) * _a6_) + (((_a7_ * x) + _a4_) * x));{'d0': {'_a4_': 1.7751354042573941, '_a6_': 3.3767608775924707, '_a7_': 2.1066240673821963, '_a0_': 1.0, '_a1_': 1.0, '_a2_': 1.0, '_a3_': 1.0, '_a5_': 1.0}};{'d0': 0.024905832919416608};-280.569866449044;36.226115293734956
36355;-104.058817930787;(((x * (x * x)) * _a6_) + (((_a7_ * x) + _a4_) * x));{'d0': {'_a4_': 1.7751354042573941, '_a6_': 3.3767608775924707, '_a7_': 2.1066240673821963, '_a0_': 1.0, '_a1_': 1.0, '_a2_': 1.0, '_a3_': 1.0, '_a5_': 1.0}};{'d0': 0.024905832919416608};-280.569866449044;36.226115293734956
36356;-104.058817930787;(((x * (x * x)) * _a6_) + (((_a7_ * x) + _a4_) * x));{'d0': {'_a4_': 1.7751354042573941, '_a6_': 3.3767608775924707, '_a7_': 2.1066240673821963, '_a0_': 1.0, '_a1_': 1.0, '_a2_': 1.0, '_a3_': 1.0, '_a5_': 1.0}};{'d0': 0.024905832919416608};-280.569866449044;36.226115293734956
36357;-104.058817930787;(((x * (x * x)) * _a6_) + (((_a7_ * x) + _a4_) * x));{'d0': {'_a4_': 1.7751354042573941, '_a6_': 3.3767608775924707, '_a7_': 2.1066240673821963, '_a0_': 1.0, '_a1_': 1.0, '_a2_': 1.0, '_a3_': 1.0, '_a5_': 1.0}};{'d0': 0.024905832919416608};-280.569866449044;36.226115293734956
36358;-104.058817930787;(((x * (x * x)) * _a6_) + (((_a7_ * x) + _a4_) * x));{'d0': {'_a4_': 1.7751354042573941, '_a6_': 3.3767608775924707, '_a7_': 2.1066240673821963, '_a0_': 1.0, '_a1_': 1.0, '_a2_': 1.0, '_a3_': 1.0, '_a5_': 1.0}};{'d0': 0.024905832919416608};-280.569866449044;36.226115293734956
36359;-104.058817930787;(((x * (x * x)) * _a6_) + (((_a7_ * x) + _a4_) * x));{'d0': {'_a4_': 1.7751354042573941, '_a6_': 3.3767608775924707, '_a7_': 2.1066240673821963, '_a0_': 1.0, '_a1_': 1.0, '_a2_': 1.0, '_a3_': 1.0, '_a5_': 1.0}};{'d0': 0.024905832919416608};-280.569866449044;36.226115293734956
36360;-101.517387657792;(((pow2(((x / _a4_) + _a2_)) ** exp(_a7_)) + _a6_) * x);{'d0': {'_a2_': 0.560865574789218, '_a4_': 0.5528797655753217, '_a6_': 1.466775747572654, '_a7_': 0.045967111471247914, '_a0_': 1.0, '_a1_': 1.0, '_a3_': 1.0, '_a5_': 1.0}};{'d0': 0.02378537057290807};-279.237401084231;38.10131288432323
36361;-101.517387657792;(((pow2(((x / _a4_) + _a2_)) ** exp(_a7_)) + _a6_) * x);{'d0': {'_a2_': 0.560865574789218, '_a4_': 0.5528797655753217, '_a6_': 1.466775747572654, '_a7_': 0.045967111471247914, '_a0_': 1.0, '_a1_': 1.0, '_a3_': 1.0, '_a5_': 1.0}};{'d0': 0.02378537057290807};-279.237401084231;38.10131288432323
36362;-101.517387657792;(((pow2(((x / _a4_) + _a2_)) ** exp(_a7_)) + _a6_) * x);{'d0': {'_a2_': 0.560865574789218, '_a4_': 0.5528797655753217, '_a6_': 1.466775747572654, '_a7_': 0.045967111471247914, '_a0_': 1.0, '_a1_': 1.0, '_a3_': 1.0, '_a5_': 1.0}};{'d0': 0.02378537057290807};-279.237401084231;38.10131288432323
36363;-101.517387657792;(((pow2(((x / _a4_) + _a2_)) ** exp(_a7_)) + _a6_) * x);{'d0': {'_a2_': 0.560865574789218, '_a4_': 0.5528797655753217, '_a6_': 1.466775747572654, '_a7_': 0.045967111471247914, '_a0_': 1.0, '_a1_': 1.0, '_a3_': 1.0, '_a5_': 1.0}};{'d0': 0.02378537057290807};-279.237401084231;38.10131288432323
36364;-104.058817930787;(((x * (x * x)) * _a6_) + (((_a7_ * x) + _a4_) * x));{'d0': {'_a4_': 1.7751354042573941, '_a6_': 3.3767608775924707, '_a7_': 2.1066240673821963, '_a0_': 1.0, '_a1_': 1.0, '_a2_': 1.0, '_a3_': 1.0, '_a5_': 1.0}};{'d0': 0.024905832919416608};-280.569866449044;36.226115293734956
36365;-104.058817930787;(((x * (x * x)) * _a6_) + (((_a7_ * x) + _a4_) * x));{'d0': {'_a4_': 1.7751354042573941, '_a6_': 3.3767608775924707, '_a7_': 2.1066240673821963, '_a0_': 1.0, '_a1_': 1.0, '_a2_': 1.0, '_a3_': 1.0, '_a5_': 1.0}};{'d0': 0.024905832919416608};-280.569866449044;36.226115293734956
36366;-104.058817930787;(((x * (x * x)) * _a6_) + (((_a7_ * x) + _a4_) * x));{'d0': {'_a4_': 1.7751354042573941, '_a6_': 3.3767608775924707, '_a7_': 2.1066240673821963, '_a0_': 1.0, '_a1_': 1.0, '_a2_': 1.0, '_a3_': 1.0, '_a5_': 1.0}};{'d0': 0.024905832919416608};-280.569866449044;36.226115293734956
36367;-104.058817930787;(((x * (x * x)) * _a6_) + (((_a7_ * x) + _a4_) * x));{'d0': {'_a4_': 1.7751354042573941, '_a6_': 3.3767608775924707, '_a7_': 2.1066240673821963, '_a0_': 1.0, '_a1_': 1.0, '_a2_': 1.0, '_a3_': 1.0, '_a5_': 1.0}};{'d0': 0.024905832919416608};-280.569866449044;36.226115293734956
36368;-104.058817930787;(((x * (x * x)) * _a6_) + (((_a7_ * x) + _a4_) * x));{'d0': {'_a4_': 1.7751354042573941, '_a6_': 3.3767608775924707, '_a7_': 2.1066240673821963, '_a0_': 1.0, '_a1_': 1.0, '_a2_': 1.0, '_a3_': 1.0, '_a5_': 1.0}};{'d0': 0.024905832919416608};-280.569866449044;36.226115293734956
36369;-104.058817930787;(((x * (x * x)) * _a6_) + (((_a7_ * x) + _a4_) * x));{'d0': {'_a4_': 1.7751354042573941, '_a6_': 3.3767608775924707, '_a7_': 2.1066240673821963, '_a0_': 1.0, '_a1_': 1.0, '_a2_': 1.0, '_a3_': 1.0, '_a5_': 1.0}};{'d0': 0.024905832919416608};-280.569866449044;36.226115293734956
36370;-104.058817930787;(((x * (x * x)) * _a6_) + (((_a7_ * x) + _a4_) * x));{'d0': {'_a4_': 1.7751354042573941, '_a6_': 3.3767608775924707, '_a7_': 2.1066240673821963, '_a0_': 1.0, '_a1_': 1.0, '_a2_': 1.0, '_a3_': 1.0, '_a5_': 1.0}};{'d0': 0.024905832919416608};-280.569866449044;36.226115293734956
36371;-104.058817930787;(((x * (x * x)) * _a6_) + (((_a7_ * x) + _a4_) * x));{'d0': {'_a4_': 1.7751354042573941, '_a6_': 3.3767608775924707, '_a7_': 2.1066240673821963, '_a0_': 1.0, '_a1_': 1.0, '_a2_': 1.0, '_a3_': 1.0, '_a5_': 1.0}};{'d0': 0.024905832919416608};-280.569866449044;36.226115293734956
36372;-104.058817930787;(((x * (x * x)) * _a6_) + (((_a7_ * x) + _a4_) * x));{'d0': {'_a4_': 1.7751354042573941, '_a6_': 3.3767608775924707, '_a7_': 2.1066240673821963, '_a0_': 1.0, '_a1_': 1.0, '_a2_': 1.0, '_a3_': 1.0, '_a5_': 1.0}};{'d0': 0.024905832919416608};-280.569866449044;36.226115293734956
36373;-104.058817930787;(((x * (x * x)) * _a6_) + (((_a7_ * x) + _a4_) * x));{'d0': {'_a4_': 1.7751354042573941, '_a6_': 3.3767608775924707, '_a7_': 2.1066240673821963, '_a0_': 1.0, '_a1_': 1.0, '_a2_': 1.0, '_a3_': 1.0, '_a5_': 1.0}};{'d0': 0.024905832919416608};-280.569866449044;36.226115293734956
36374;-104.058817930787;(((x * (x * x)) * _a6_) + (((_a7_ * x) + _a4_) * x));{'d0': {'_a4_': 1.7751354042573941, '_a6_': 3.3767608775924707, '_a7_': 2.1066240673821963, '_a0_': 1.0, '_a1_': 1.0, '_a2_': 1.0, '_a3_': 1.0, '_a5_': 1.0}};{'d0': 0.024905832919416608};-280.569866449044;36.226115293734956
36375;-104.058817930787;(((x * (x * x)) * _a6_) + (((_a7_ * x) + _a4_) * x));{'d0': {'_a4_': 1.7751354042573941, '_a6_': 3.3767608775924707, '_a7_': 2.1066240673821963, '_a0_': 1.0, '_a1_': 1.0, '_a2_': 1.0, '_a3_': 1.0, '_a5_': 1.0}};{'d0': 0.024905832919416608};-280.569866449044;36.226115293734956
36376;-104.058817930787;(((x * (x * x)) * _a6_) + (((_a7_ * x) + _a4_) * x));{'d0': {'_a4_': 1.7751354042573941, '_a6_': 3.3767608775924707, '_a7_': 2.1066240673821963, '_a0_': 1.0, '_a1_': 1.0, '_a2_': 1.0, '_a3_': 1.0, '_a5_': 1.0}};{'d0': 0.024905832919416608};-280.569866449044;36.226115293734956
36377;-104.058817930787;(((x * (x * x)) * _a6_) + (((_a7_ * x) + _a4_) * x));{'d0': {'_a4_': 1.7751354042573941, '_a6_': 3.3767608775924707, '_a7_': 2.1066240673821963, '_a0_': 1.0, '_a1_': 1.0, '_a2_': 1.0, '_a3_': 1.0, '_a5_': 1.0}};{'d0': 0.024905832919416608};-280.569866449044;36.226115293734956
36378;-104.058817930787;(((x * (x * x)) * _a6_) + (((_a7_ * x) + _a4_) * x));{'d0': {'_a4_': 1.7751354042573941, '_a6_': 3.3767608775924707, '_a7_': 2.1066240673821963, '_a0_': 1.0, '_a1_': 1.0, '_a2_': 1.0, '_a3_': 1.0, '_a5_': 1.0}};{'d0': 0.024905832919416608};-280.569866449044;36.226115293734956
36379;-104.058817930787;(((x * (x * x)) * _a6_) + (((_a7_ * x) + _a4_) * x));{'d0': {'_a4_': 1.7751354042573941, '_a6_': 3.3767608775924707, '_a7_': 2.1066240673821963, '_a0_': 1.0, '_a1_': 1.0, '_a2_': 1.0, '_a3_': 1.0, '_a5_': 1.0}};{'d0': 0.024905832919416608};-280.569866449044;36.226115293734956
36380;-104.058817930787;(((x * (x * x)) * _a6_) + (((_a7_ * x) + _a4_) * x));{'d0': {'_a4_': 1.7751354042573941, '_a6_': 3.3767608775924707, '_a7_': 2.1066240673821963, '_a0_': 1.0, '_a1_': 1.0, '_a2_': 1.0, '_a3_': 1.0, '_a5_': 1.0}};{'d0': 0.024905832919416608};-280.569866449044;36.226115293734956
36381;-104.058817930787;(((x * (x * x)) * _a6_) + (((_a7_ * x) + _a4_) * x));{'d0': {'_a4_': 1.7751354042573941, '_a6_': 3.3767608775924707, '_a7_': 2.1066240673821963, '_a0_': 1.0, '_a1_': 1.0, '_a2_': 1.0, '_a3_': 1.0, '_a5_': 1.0}};{'d0': 0.024905832919416608};-280.569866449044;36.226115293734956
36382;-104.058817930787;(((x * (x * x)) * _a6_) + (((_a7_ * x) + _a4_) * x));{'d0': {'_a4_': 1.7751354042573941, '_a6_': 3.3767608775924707, '_a7_': 2.1066240673821963, '_a0_': 1.0, '_a1_': 1.0, '_a2_': 1.0, '_a3_': 1.0, '_a5_': 1.0}};{'d0': 0.024905832919416608};-280.569866449044;36.226115293734956
36383;-104.058817930787;(((x * (x * x)) * _a6_) + (((_a7_ * x) + _a4_) * x));{'d0': {'_a4_': 1.7751354042573941, '_a6_': 3.3767608775924707, '_a7_': 2.1066240673821963, '_a0_': 1.0, '_a1_': 1.0, '_a2_': 1.0, '_a3_': 1.0, '_a5_': 1.0}};{'d0': 0.024905832919416608};-280.569866449044;36.226115293734956
36384;-104.058817930787;(((x * (x * x)) * _a6_) + (((_a7_ * x) + _a4_) * x));{'d0': {'_a4_': 1.7751354042573941, '_a6_': 3.3767608775924707, '_a7_': 2.1066240673821963, '_a0_': 1.0, '_a1_': 1.0, '_a2_': 1.0, '_a3_': 1.0, '_a5_': 1.0}};{'d0': 0.024905832919416608};-280.569866449044;36.226115293734956
36385;-104.058817930787;(((x * (x * x)) * _a6_) + (((_a7_ * x) + _a4_) * x));{'d0': {'_a4_': 1.7751354042573941, '_a6_': 3.3767608775924707, '_a7_': 2.1066240673821963, '_a0_': 1.0, '_a1_': 1.0, '_a2_': 1.0, '_a3_': 1.0, '_a5_': 1.0}};{'d0': 0.024905832919416608};-280.569866449044;36.226115293734956
36386;-104.058817930787;(((x * (x * x)) * _a6_) + (((_a7_ * x) + _a4_) * x));{'d0': {'_a4_': 1.7751354042573941, '_a6_': 3.3767608775924707, '_a7_': 2.1066240673821963, '_a0_': 1.0, '_a1_': 1.0, '_a2_': 1.0, '_a3_': 1.0, '_a5_': 1.0}};{'d0': 0.024905832919416608};-280.569866449044;36.226115293734956
36387;-104.058817930787;(((x * (x * x)) * _a6_) + (((_a7_ * x) + _a4_) * x));{'d0': {'_a4_': 1.7751354042573941, '_a6_': 3.3767608775924707, '_a7_': 2.1066240673821963, '_a0_': 1.0, '_a1_': 1.0, '_a2_': 1.0, '_a3_': 1.0, '_a5_': 1.0}};{'d0': 0.024905832919416608};-280.569866449044;36.226115293734956
36388;-96.6809362979164;(x * (((_a1_ * (-(_a5_) + (x * _a1_))) * x) + (pow2(_a1_) * _a0_)));{'d0': {'_a0_': 0.5256917703377819, '_a1_': 1.8375964950610961, '_a5_': -1.1464018755045113, '_a2_': 1.0, '_a3_': 1.0, '_a4_': 1.0, '_a6_': 1.0, '_a7_': 1.0}};{'d0': 0.024905832919416615};-280.569866449044;43.603996926605376
36389;-96.6809362979164;(x * (((_a1_ * (-(_a5_) + (x * _a1_))) * x) + (pow2(_a1_) * _a0_)));{'d0': {'_a0_': 0.5256917703377819, '_a1_': 1.8375964950610961, '_a5_': -1.1464018755045113, '_a2_': 1.0, '_a3_': 1.0, '_a4_': 1.0, '_a6_': 1.0, '_a7_': 1.0}};{'d0': 0.024905832919416615};-280.569866449044;43.603996926605376
36390;-96.6809362979164;(x * (((_a1_ * (-(_a5_) + (x * _a1_))) * x) + (pow2(_a1_) * _a0_)));{'d0': {'_a0_': 0.5256917703377819, '_a1_': 1.8375964950610961, '_a5_': -1.1464018755045113, '_a2_': 1.0, '_a3_': 1.0, '_a4_': 1.0, '_a6_': 1.0, '_a7_': 1.0}};{'d0': 0.024905832919416615};-280.569866449044;43.603996926605376
36391;-101.702633509695;(x * (((_a1_ * (-(_a5_) + x)) * x) + (pow2(_a1_) * _a0_)));{'d0': {'_a0_': 0.1556793005045963, '_a1_': 3.3767608753656595, '_a5_': -0.6238594156378912, '_a2_': 1.0, '_a3_': 1.0, '_a4_': 1.0, '_a6_': 1.0, '_a7_': 1.0}};{'d0': 0.024905832919416625};-280.569866449044;38.58229971482638
36392;-101.702633509695;(x * (((_a1_ * (-(_a5_) + x)) * x) + (pow2(_a1_) * _a0_)));{'d0': {'_a0_': 0.1556793005045963, '_a1_': 3.3767608753656595, '_a5_': -0.6238594156378912, '_a2_': 1.0, '_a3_': 1.0, '_a4_': 1.0, '_a6_': 1.0, '_a7_': 1.0}};{'d0': 0.024905832919416625};-280.569866449044;38.58229971482638
36393;-101.702633509695;(x * (((_a1_ * (-(_a5_) + x)) * x) + (pow2(_a1_) * _a0_)));{'d0': {'_a0_': 0.1556793005045963, '_a1_': 3.3767608753656595, '_a5_': -0.6238594156378912, '_a2_': 1.0, '_a3_': 1.0, '_a4_': 1.0, '_a6_': 1.0, '_a7_': 1.0}};{'d0': 0.024905832919416625};-280.569866449044;38.58229971482638
36394;-101.702633509695;(x * (((_a1_ * (-(_a5_) + x)) * x) + (pow2(_a1_) * _a0_)));{'d0': {'_a0_': 0.1556793005045963, '_a1_': 3.3767608753656595, '_a5_': -0.6238594156378912, '_a2_': 1.0, '_a3_': 1.0, '_a4_': 1.0, '_a6_': 1.0, '_a7_': 1.0}};{'d0': 0.024905832919416625};-280.569866449044;38.58229971482638
36395;-101.702633509695;(x * (((_a1_ * (-(_a5_) + x)) * x) + (pow2(_a1_) * _a0_)));{'d0': {'_a0_': 0.1556793005045963, '_a1_': 3.3767608753656595, '_a5_': -0.6238594156378912, '_a2_': 1.0, '_a3_': 1.0, '_a4_': 1.0, '_a6_': 1.0, '_a7_': 1.0}};{'d0': 0.024905832919416625};-280.569866449044;38.58229971482638
36396;-101.702633509695;(x * (((_a1_ * (-(_a5_) + x)) * x) + (pow2(_a1_) * _a0_)));{'d0': {'_a0_': 0.1556793005045963, '_a1_': 3.3767608753656595, '_a5_': -0.6238594156378912, '_a2_': 1.0, '_a3_': 1.0, '_a4_': 1.0, '_a6_': 1.0, '_a7_': 1.0}};{'d0': 0.024905832919416625};-280.569866449044;38.58229971482638
36397;-96.6809362979164;(x * ((((_a0_ * _a0_) * (-(_a5_) + x)) * x) + (pow2(_a1_) * _a0_)));{'d0': {'_a0_': 1.8375964951460666, '_a1_': 0.9828577488482084, '_a5_': -0.6238594155244743, '_a2_': 1.0, '_a3_': 1.0, '_a4_': 1.0, '_a6_': 1.0, '_a7_': 1.0}};{'d0': 0.02490583291941661};-280.569866449044;43.603996926605376
36398;-96.6809362979164;(x * ((((_a0_ * _a0_) * (-(_a5_) + x)) * x) + (pow2(_a1_) * _a0_)));{'d0': {'_a0_': 1.8375964951460666, '_a1_': 0.9828577488482084, '_a5_': -0.6238594155244743, '_a2_': 1.0, '_a3_': 1.0, '_a4_': 1.0, '_a6_': 1.0, '_a7_': 1.0}};{'d0': 0.02490583291941661};-280.569866449044;43.603996926605376
36399;-96.6809362979164;(x * ((((_a0_ * _a0_) * (-(_a5_) + x)) * x) + (pow2(_a1_) * _a0_)));{'d0': {'_a0_': 1.8375964951460666, '_a1_': 0.9828577488482084, '_a5_': -0.6238594155244743, '_a2_': 1.0, '_a3_': 1.0, '_a4_': 1.0, '_a6_': 1.0, '_a7_': 1.0}};{'d0': 0.02490583291941661};-280.569866449044;43.603996926605376
36400;-96.6809362979164;(x * ((((_a0_ * _a0_) * (-(_a5_) + x)) * x) + (pow2(_a1_) * _a0_)));{'d0': {'_a0_': 1.8375964951460666, '_a1_': 0.9828577488482084, '_a5_': -0.6238594155244743, '_a2_': 1.0, '_a3_': 1.0, '_a4_': 1.0, '_a6_': 1.0, '_a7_': 1.0}};{'d0': 0.02490583291941661};-280.569866449044;43.603996926605376
36401;-96.6809362979164;(x * ((((_a0_ * _a0_) * (-(_a5_) + x)) * x) + (pow2(_a1_) * _a0_)));{'d0': {'_a0_': 1.8375964951460666, '_a1_': 0.9828577488482084, '_a5_': -0.6238594155244743, '_a2_': 1.0, '_a3_': 1.0, '_a4_': 1.0, '_a6_': 1.0, '_a7_': 1.0}};{'d0': 0.02490583291941661};-280.569866449044;43.603996926605376
36402;-96.6809362979164;(x * ((((_a0_ * _a0_) * (-(_a5_) + x)) * x) + (pow2(_a1_) * _a0_)));{'d0': {'_a0_': 1.8375964951460666, '_a1_': 0.9828577488482084, '_a5_': -0.6238594155244743, '_a2_': 1.0, '_a3_': 1.0, '_a4_': 1.0, '_a6_': 1.0, '_a7_': 1.0}};{'d0': 0.02490583291941661};-280.569866449044;43.603996926605376
36403;-100.378870770526;(x * ((((_a0_ * _a0_) * (-(_a5_) + x)) * x) + (_a4_ * _a0_)));{'d0': {'_a0_': 1.8375964951666521, '_a4_': 0.9660093545379388, '_a5_': -0.6238594155753399, '_a1_': 1.0, '_a2_': 1.0, '_a3_': 1.0, '_a6_': 1.0, '_a7_': 1.0}};{'d0': 0.02490583291941658};-280.569866449044;39.906062453995375
36404;-100.378870770526;(x * ((((_a0_ * _a0_) * (-(_a5_) + x)) * x) + (_a4_ * _a0_)));{'d0': {'_a0_': 1.8375964951666521, '_a4_': 0.9660093545379388, '_a5_': -0.6238594155753399, '_a1_': 1.0, '_a2_': 1.0, '_a3_': 1.0, '_a6_': 1.0, '_a7_': 1.0}};{'d0': 0.02490583291941658};-280.569866449044;39.906062453995375
36405;-100.378870770526;(x * ((((_a0_ * _a0_) * (-(_a5_) + x)) * x) + (_a4_ * _a0_)));{'d0': {'_a0_': 1.8375964951666521, '_a4_': 0.9660093545379388, '_a5_': -0.6238594155753399, '_a1_': 1.0, '_a2_': 1.0, '_a3_': 1.0, '_a6_': 1.0, '_a7_': 1.0}};{'d0': 0.02490583291941658};-280.569866449044;39.906062453995375
36406;-100.378870770526;(x * ((((_a0_ * _a0_) * (-(_a5_) + x)) * x) + (_a4_ * _a0_)));{'d0': {'_a0_': 1.8375964951666521, '_a4_': 0.9660093545379388, '_a5_': -0.6238594155753399, '_a1_': 1.0, '_a2_': 1.0, '_a3_': 1.0, '_a6_': 1.0, '_a7_': 1.0}};{'d0': 0.02490583291941658};-280.569866449044;39.906062453995375
36407;-100.378870770526;(x * ((((_a0_ * _a0_) * (-(_a5_) + x)) * x) + (_a4_ * _a0_)));{'d0': {'_a0_': 1.8375964951666521, '_a4_': 0.9660093545379388, '_a5_': -0.6238594155753399, '_a1_': 1.0, '_a2_': 1.0, '_a3_': 1.0, '_a6_': 1.0, '_a7_': 1.0}};{'d0': 0.02490583291941658};-280.569866449044;39.906062453995375
36408;-100.378870770526;(x * ((((_a0_ * _a0_) * (-(_a5_) + x)) * x) + (_a4_ * _a0_)));{'d0': {'_a0_': 1.8375964951666521, '_a4_': 0.9660093545379388, '_a5_': -0.6238594155753399, '_a1_': 1.0, '_a2_': 1.0, '_a3_': 1.0, '_a6_': 1.0, '_a7_': 1.0}};{'d0': 0.02490583291941658};-280.569866449044;39.906062453995375
36409;-100.378870770526;(x * ((((_a0_ * _a0_) * (-(_a5_) + x)) * x) + (_a4_ * _a0_)));{'d0': {'_a0_': 1.8375964951666521, '_a4_': 0.9660093545379388, '_a5_': -0.6238594155753399, '_a1_': 1.0, '_a2_': 1.0, '_a3_': 1.0, '_a6_': 1.0, '_a7_': 1.0}};{'d0': 0.02490583291941658};-280.569866449044;39.906062453995375
36410;-100.378870770526;(x * ((((_a0_ * _a0_) * (-(_a5_) + x)) * x) + (_a4_ * _a0_)));{'d0': {'_a0_': 1.8375964951666521, '_a4_': 0.9660093545379388, '_a5_': -0.6238594155753399, '_a1_': 1.0, '_a2_': 1.0, '_a3_': 1.0, '_a6_': 1.0, '_a7_': 1.0}};{'d0': 0.02490583291941658};-280.569866449044;39.906062453995375
36411;-100.378870770526;(x * ((((_a0_ * _a0_) * (-(_a5_) + x)) * x) + (_a4_ * _a0_)));{'d0': {'_a0_': 1.8375964951666521, '_a4_': 0.9660093545379388, '_a5_': -0.6238594155753399, '_a1_': 1.0, '_a2_': 1.0, '_a3_': 1.0, '_a6_': 1.0, '_a7_': 1.0}};{'d0': 0.02490583291941658};-280.569866449044;39.906062453995375
36412;-100.378870770526;(x * ((((_a0_ * _a0_) * (-(_a5_) + x)) * x) + (_a4_ * _a0_)));{'d0': {'_a0_': 1.8375964951666521, '_a4_': 0.9660093545379388, '_a5_': -0.6238594155753399, '_a1_': 1.0, '_a2_': 1.0, '_a3_': 1.0, '_a6_': 1.0, '_a7_': 1.0}};{'d0': 0.02490583291941658};-280.569866449044;39.906062453995375
36413;-100.378870770526;(x * ((((_a0_ * _a0_) * (-(_a5_) + x)) * x) + (_a4_ * _a0_)));{'d0': {'_a0_': 1.8375964951666521, '_a4_': 0.9660093545379388, '_a5_': -0.6238594155753399, '_a1_': 1.0, '_a2_': 1.0, '_a3_': 1.0, '_a6_': 1.0, '_a7_': 1.0}};{'d0': 0.02490583291941658};-280.569866449044;39.906062453995375
36414;-100.378870770526;(x * ((((_a0_ * _a0_) * (-(_a5_) + x)) * x) + (_a4_ * _a0_)));{'d0': {'_a0_': 1.8375964951666521, '_a4_': 0.9660093545379388, '_a5_': -0.6238594155753399, '_a1_': 1.0, '_a2_': 1.0, '_a3_': 1.0, '_a6_': 1.0, '_a7_': 1.0}};{'d0': 0.02490583291941658};-280.569866449044;39.906062453995375
36415;-100.378870770526;(x * ((((_a0_ * _a0_) * (-(_a5_) + x)) * x) + (_a4_ * _a0_)));{'d0': {'_a0_': 1.8375964951666521, '_a4_': 0.9660093545379388, '_a5_': -0.6238594155753399, '_a1_': 1.0, '_a2_': 1.0, '_a3_': 1.0, '_a6_': 1.0, '_a7_': 1.0}};{'d0': 0.02490583291941658};-280.569866449044;39.906062453995375
36416;-100.378870770526;(x * ((((_a0_ * _a0_) * (-(_a5_) + x)) * x) + (_a4_ * _a0_)));{'d0': {'_a0_': 1.8375964951666521, '_a4_': 0.9660093545379388, '_a5_': -0.6238594155753399, '_a1_': 1.0, '_a2_': 1.0, '_a3_': 1.0, '_a6_': 1.0, '_a7_': 1.0}};{'d0': 0.02490583291941658};-280.569866449044;39.906062453995375
36417;-101.702633509695;(x * (((pow2(_a4_) * (-(_a5_) + x)) * x) + (_a4_ * _a0_)));{'d0': {'_a0_': 0.9660093546978875, '_a4_': 1.8375964949510906, '_a5_': -0.623859415561797, '_a1_': 1.0, '_a2_': 1.0, '_a3_': 1.0, '_a6_': 1.0, '_a7_': 1.0}};{'d0': 0.02490583291941663};-280.569866449044;38.58229971482638
36418;-101.702633509695;(x * (((pow2(_a4_) * (-(_a5_) + x)) * x) + (_a4_ * _a0_)));{'d0': {'_a0_': 0.9660093546978875, '_a4_': 1.8375964949510906, '_a5_': -0.623859415561797, '_a1_': 1.0, '_a2_': 1.0, '_a3_': 1.0, '_a6_': 1.0, '_a7_': 1.0}};{'d0': 0.02490583291941663};-280.569866449044;38.58229971482638
36419;-101.702633509695;(x * (((pow2(_a4_) * (-(_a5_) + x)) * x) + (_a4_ * _a0_)));{'d0': {'_a0_': 0.9660093546978875, '_a4_': 1.8375964949510906, '_a5_': -0.623859415561797, '_a1_': 1.0, '_a2_': 1.0, '_a3_': 1.0, '_a6_': 1.0, '_a7_': 1.0}};{'d0': 0.02490583291941663};-280.569866449044;38.58229971482638
36420;-101.702633509695;(x * (((pow2(_a4_) * (-(_a5_) + x)) * x) + (_a4_ * _a0_)));{'d0': {'_a0_': 0.9660093546978875, '_a4_': 1.8375964949510906, '_a5_': -0.623859415561797, '_a1_': 1.0, '_a2_': 1.0, '_a3_': 1.0, '_a6_': 1.0, '_a7_': 1.0}};{'d0': 0.02490583291941663};-280.569866449044;38.58229971482638
36421;-101.702633509695;(x * (((pow2(_a4_) * (-(_a5_) + x)) * x) + (_a4_ * _a0_)));{'d0': {'_a0_': 0.9660093546978875, '_a4_': 1.8375964949510906, '_a5_': -0.623859415561797, '_a1_': 1.0, '_a2_': 1.0, '_a3_': 1.0, '_a6_': 1.0, '_a7_': 1.0}};{'d0': 0.02490583291941663};-280.569866449044;38.58229971482638
36422;-101.702633509695;(x * (((pow2(_a4_) * (-(_a5_) + x)) * x) + (_a4_ * _a0_)));{'d0': {'_a0_': 0.9660093546978875, '_a4_': 1.8375964949510906, '_a5_': -0.623859415561797, '_a1_': 1.0, '_a2_': 1.0, '_a3_': 1.0, '_a6_': 1.0, '_a7_': 1.0}};{'d0': 0.02490583291941663};-280.569866449044;38.58229971482638
36423;-101.702633509695;(x * (((pow2(_a4_) * (-(_a5_) + x)) * x) + (_a4_ * _a0_)));{'d0': {'_a0_': 0.9660093546978875, '_a4_': 1.8375964949510906, '_a5_': -0.623859415561797, '_a1_': 1.0, '_a2_': 1.0, '_a3_': 1.0, '_a6_': 1.0, '_a7_': 1.0}};{'d0': 0.02490583291941663};-280.569866449044;38.58229971482638
36424;-101.702633509695;(x * (((pow2(_a4_) * (-(_a5_) + x)) * x) + (_a4_ * _a0_)));{'d0': {'_a0_': 0.9660093546978875, '_a4_': 1.8375964949510906, '_a5_': -0.623859415561797, '_a1_': 1.0, '_a2_': 1.0, '_a3_': 1.0, '_a6_': 1.0, '_a7_': 1.0}};{'d0': 0.02490583291941663};-280.569866449044;38.58229971482638
36425;-101.702633509695;(x * (((pow2(_a4_) * (-(_a5_) + x)) * x) + (_a4_ * _a0_)));{'d0': {'_a0_': 0.9660093546978875, '_a4_': 1.8375964949510906, '_a5_': -0.623859415561797, '_a1_': 1.0, '_a2_': 1.0, '_a3_': 1.0, '_a6_': 1.0, '_a7_': 1.0}};{'d0': 0.02490583291941663};-280.569866449044;38.58229971482638
36426;-101.702633509695;(x * (((pow2(_a4_) * (-(_a5_) + x)) * x) + (_a4_ * _a0_)));{'d0': {'_a0_': 0.9660093546978875, '_a4_': 1.8375964949510906, '_a5_': -0.623859415561797, '_a1_': 1.0, '_a2_': 1.0, '_a3_': 1.0, '_a6_': 1.0, '_a7_': 1.0}};{'d0': 0.02490583291941663};-280.569866449044;38.58229971482638
36427;-101.702633509695;(x * (((pow2(_a4_) * (-(_a5_) + x)) * x) + (_a4_ * _a0_)));{'d0': {'_a0_': 0.9660093546978875, '_a4_': 1.8375964949510906, '_a5_': -0.623859415561797, '_a1_': 1.0, '_a2_': 1.0, '_a3_': 1.0, '_a6_': 1.0, '_a7_': 1.0}};{'d0': 0.02490583291941663};-280.569866449044;38.58229971482638
36428;-101.702633509695;(x * (((pow2(_a4_) * (-(_a5_) + x)) * x) + (_a4_ * _a0_)));{'d0': {'_a0_': 0.9660093546978875, '_a4_': 1.8375964949510906, '_a5_': -0.623859415561797, '_a1_': 1.0, '_a2_': 1.0, '_a3_': 1.0, '_a6_': 1.0, '_a7_': 1.0}};{'d0': 0.02490583291941663};-280.569866449044;38.58229971482638
36429;-101.702633509695;(x * (((pow2(_a4_) * (-(_a5_) + x)) * x) + (_a4_ * _a0_)));{'d0': {'_a0_': 0.9660093546978875, '_a4_': 1.8375964949510906, '_a5_': -0.623859415561797, '_a1_': 1.0, '_a2_': 1.0, '_a3_': 1.0, '_a6_': 1.0, '_a7_': 1.0}};{'d0': 0.02490583291941663};-280.569866449044;38.58229971482638
36430;-101.702633509695;(x * (((pow2(_a4_) * (-(_a5_) + x)) * x) + (_a4_ * _a0_)));{'d0': {'_a0_': 0.9660093546978875, '_a4_': 1.8375964949510906, '_a5_': -0.623859415561797, '_a1_': 1.0, '_a2_': 1.0, '_a3_': 1.0, '_a6_': 1.0, '_a7_': 1.0}};{'d0': 0.02490583291941663};-280.569866449044;38.58229971482638
36431;-101.702633509695;(x * (((pow2(_a4_) * (-(_a5_) + x)) * x) + (_a4_ * _a0_)));{'d0': {'_a0_': 0.9660093546978875, '_a4_': 1.8375964949510906, '_a5_': -0.623859415561797, '_a1_': 1.0, '_a2_': 1.0, '_a3_': 1.0, '_a6_': 1.0, '_a7_': 1.0}};{'d0': 0.02490583291941663};-280.569866449044;38.58229971482638
36432;-101.702633509695;(x * (((pow2(_a4_) * (-(_a5_) + x)) * x) + (_a4_ * _a0_)));{'d0': {'_a0_': 0.9660093546978875, '_a4_': 1.8375964949510906, '_a5_': -0.623859415561797, '_a1_': 1.0, '_a2_': 1.0, '_a3_': 1.0, '_a6_': 1.0, '_a7_': 1.0}};{'d0': 0.02490583291941663};-280.569866449044;38.58229971482638
36433;-101.702633509695;(x * (((pow2(_a4_) * (-(_a5_) + x)) * x) + (_a4_ * _a0_)));{'d0': {'_a0_': 0.9660093546978875, '_a4_': 1.8375964949510906, '_a5_': -0.623859415561797, '_a1_': 1.0, '_a2_': 1.0, '_a3_': 1.0, '_a6_': 1.0, '_a7_': 1.0}};{'d0': 0.02490583291941663};-280.569866449044;38.58229971482638
36434;-101.702633509695;(x * (((pow2(_a4_) * (-(_a5_) + x)) * x) + (_a4_ * _a0_)));{'d0': {'_a0_': 0.9660093546978875, '_a4_': 1.8375964949510906, '_a5_': -0.623859415561797, '_a1_': 1.0, '_a2_': 1.0, '_a3_': 1.0, '_a6_': 1.0, '_a7_': 1.0}};{'d0': 0.02490583291941663};-280.569866449044;38.58229971482638
36435;-101.702633509695;(x * (((pow2(_a4_) * (-(_a5_) + x)) * x) + (_a4_ * _a0_)));{'d0': {'_a0_': 0.9660093546978875, '_a4_': 1.8375964949510906, '_a5_': -0.623859415561797, '_a1_': 1.0, '_a2_': 1.0, '_a3_': 1.0, '_a6_': 1.0, '_a7_': 1.0}};{'d0': 0.02490583291941663};-280.569866449044;38.58229971482638
36436;-101.702633509695;(x * (((pow2(_a4_) * (-(_a5_) + x)) * x) + (_a4_ * _a0_)));{'d0': {'_a0_': 0.9660093546978875, '_a4_': 1.8375964949510906, '_a5_': -0.623859415561797, '_a1_': 1.0, '_a2_': 1.0, '_a3_': 1.0, '_a6_': 1.0, '_a7_': 1.0}};{'d0': 0.02490583291941663};-280.569866449044;38.58229971482638
36437;-101.702633509695;(x * (((pow2(_a4_) * (-(_a5_) + x)) * x) + (_a0_ * _a0_)));{'d0': {'_a0_': 1.3323420748027075, '_a4_': 1.8375964951136627, '_a5_': -0.6238594155988134, '_a1_': 1.0, '_a2_': 1.0, '_a3_': 1.0, '_a6_': 1.0, '_a7_': 1.0}};{'d0': 0.024905832919416702};-280.569866449043;38.58229971482638
36438;-101.702633509695;(x * (((pow2(_a4_) * (-(_a5_) + x)) * x) + (_a0_ * _a0_)));{'d0': {'_a0_': 1.3323420748027075, '_a4_': 1.8375964951136627, '_a5_': -0.6238594155988134, '_a1_': 1.0, '_a2_': 1.0, '_a3_': 1.0, '_a6_': 1.0, '_a7_': 1.0}};{'d0': 0.024905832919416702};-280.569866449043;38.58229971482638
36439;-101.702633509695;(x * (((pow2(_a4_) * (-(_a5_) + x)) * x) + (_a0_ * _a0_)));{'d0': {'_a0_': 1.3323420748027075, '_a4_': 1.8375964951136627, '_a5_': -0.6238594155988134, '_a1_': 1.0, '_a2_': 1.0, '_a3_': 1.0, '_a6_': 1.0, '_a7_': 1.0}};{'d0': 0.024905832919416702};-280.569866449043;38.58229971482638
36440;-94.6337640168052;((x * _a1_) * (((pow2(_a4_) * (-(_a5_) + x)) * x) + (_a0_ * _a0_)));{'d0': {'_a0_': 1.3323420748027075, '_a1_': 1.0, '_a4_': 1.8375964951136627, '_a5_': -0.6238594155988134, '_a2_': 1.0, '_a3_': 1.0, '_a6_': 1.0, '_a7_': 1.0}};{'d0': 0.024905832919416702};-276.475521886821;43.603996926605376
36441;-94.6337640168052;((x * _a1_) * (((pow2(_a4_) * (-(_a5_) + x)) * x) + (_a0_ * _a0_)));{'d0': {'_a0_': 1.3323420748027075, '_a1_': 1.0, '_a4_': 1.8375964951136627, '_a5_': -0.6238594155988134, '_a2_': 1.0, '_a3_': 1.0, '_a6_': 1.0, '_a7_': 1.0}};{'d0': 0.024905832919416702};-276.475521886821;43.603996926605376
36442;-94.6337640168052;((x * _a1_) * (((pow2(_a4_) * (-(_a5_) + x)) * x) + (_a0_ * _a0_)));{'d0': {'_a0_': 1.3323420748027075, '_a1_': 1.0, '_a4_': 1.8375964951136627, '_a5_': -0.6238594155988134, '_a2_': 1.0, '_a3_': 1.0, '_a6_': 1.0, '_a7_': 1.0}};{'d0': 0.024905832919416702};-276.475521886821;43.603996926605376
36443;-94.6337640168052;((x * _a1_) * (((pow2(_a4_) * (-(_a5_) + x)) * x) + (_a0_ * _a0_)));{'d0': {'_a0_': 1.3323420748027075, '_a1_': 1.0, '_a4_': 1.8375964951136627, '_a5_': -0.6238594155988134, '_a2_': 1.0, '_a3_': 1.0, '_a6_': 1.0, '_a7_': 1.0}};{'d0': 0.024905832919416702};-276.475521886821;43.603996926605376
36444;-94.6337640168052;((x * _a1_) * (((pow2(_a4_) * (-(_a5_) + x)) * x) + (_a0_ * _a0_)));{'d0': {'_a0_': 1.3323420748027075, '_a1_': 1.0, '_a4_': 1.8375964951136627, '_a5_': -0.6238594155988134, '_a2_': 1.0, '_a3_': 1.0, '_a6_': 1.0, '_a7_': 1.0}};{'d0': 0.024905832919416702};-276.475521886821;43.603996926605376
36445;-94.6337640168052;((x * _a1_) * (((pow2(_a4_) * (-(_a5_) + x)) * x) + (_a0_ * _a0_)));{'d0': {'_a0_': 1.3323420748027075, '_a1_': 1.0, '_a4_': 1.8375964951136627, '_a5_': -0.6238594155988134, '_a2_': 1.0, '_a3_': 1.0, '_a6_': 1.0, '_a7_': 1.0}};{'d0': 0.024905832919416702};-276.475521886821;43.603996926605376
36446;-94.6337640168052;((x * _a1_) * (((pow2(_a4_) * (-(_a5_) + x)) * x) + (_a0_ * _a0_)));{'d0': {'_a0_': 1.3323420748027075, '_a1_': 1.0, '_a4_': 1.8375964951136627, '_a5_': -0.6238594155988134, '_a2_': 1.0, '_a3_': 1.0, '_a6_': 1.0, '_a7_': 1.0}};{'d0': 0.024905832919416702};-276.475521886821;43.603996926605376
36447;-101.702633509695;((x * _a1_) * (((pow2(_a4_) * (-(_a5_) + x)) * x) + _a1_));{'d0': {'_a1_': 1.332342074802782, '_a4_': 1.591997136880246, '_a5_': -0.6238594155566859, '_a0_': 1.0, '_a2_': 1.0, '_a3_': 1.0, '_a6_': 1.0, '_a7_': 1.0}};{'d0': 0.024905832919416584};-280.569866449044;38.58229971482638
36448;-101.702633509695;((x * _a1_) * (((pow2(_a4_) * (-(_a5_) + x)) * x) + _a1_));{'d0': {'_a1_': 1.332342074802782, '_a4_': 1.591997136880246, '_a5_': -0.6238594155566859, '_a0_': 1.0, '_a2_': 1.0, '_a3_': 1.0, '_a6_': 1.0, '_a7_': 1.0}};{'d0': 0.024905832919416584};-280.569866449044;38.58229971482638
36449;-101.702633509695;((x * _a1_) * (((pow2(_a4_) * (-(_a5_) + x)) * x) + _a1_));{'d0': {'_a1_': 1.332342074802782, '_a4_': 1.591997136880246, '_a5_': -0.6238594155566859, '_a0_': 1.0, '_a2_': 1.0, '_a3_': 1.0, '_a6_': 1.0, '_a7_': 1.0}};{'d0': 0.024905832919416584};-280.569866449044;38.58229971482638
36450;-101.702633509695;((x * _a1_) * (((pow2(_a4_) * (-(_a5_) + x)) * x) + _a1_));{'d0': {'_a1_': 1.332342074802782, '_a4_': 1.591997136880246, '_a5_': -0.6238594155566859, '_a0_': 1.0, '_a2_': 1.0, '_a3_': 1.0, '_a6_': 1.0, '_a7_': 1.0}};{'d0': 0.024905832919416584};-280.569866449044;38.58229971482638
36451;-100.378870770526;(((x * (x * x)) * -(_a6_)) + (((_a1_ * x) + _a4_) * x));{'d0': {'_a1_': 2.106624067551447, '_a4_': 1.7751354048218864, '_a6_': -3.376760876966275, '_a0_': 1.0, '_a2_': 1.0, '_a3_': 1.0, '_a5_': 1.0, '_a7_': 1.0}};{'d0': 0.024905832919416622};-280.569866449044;39.90606245399535
36452;-100.378870770526;(((x * (x * x)) * -(_a6_)) + (((_a1_ * x) + _a4_) * x));{'d0': {'_a1_': 2.106624067551447, '_a4_': 1.7751354048218864, '_a6_': -3.376760876966275, '_a0_': 1.0, '_a2_': 1.0, '_a3_': 1.0, '_a5_': 1.0, '_a7_': 1.0}};{'d0': 0.024905832919416622};-280.569866449044;39.90606245399535
36453;-101.702633509695;((x * _a1_) * (((pow2(_a4_) * (-(_a5_) + x)) * x) + _a1_));{'d0': {'_a1_': 1.332342074802782, '_a4_': 1.591997136880246, '_a5_': -0.6238594155566859, '_a0_': 1.0, '_a2_': 1.0, '_a3_': 1.0, '_a6_': 1.0, '_a7_': 1.0}};{'d0': 0.024905832919416584};-280.569866449044;38.58229971482638
36454;-101.702633509695;((x * _a1_) * (((pow2(_a4_) * (-(_a5_) + x)) * x) + _a1_));{'d0': {'_a1_': 1.332342074802782, '_a4_': 1.591997136880246, '_a5_': -0.6238594155566859, '_a0_': 1.0, '_a2_': 1.0, '_a3_': 1.0, '_a6_': 1.0, '_a7_': 1.0}};{'d0': 0.024905832919416584};-280.569866449044;38.58229971482638
36455;-101.702633509695;((x * _a1_) * (((pow2(_a4_) * (-(_a5_) + x)) * x) + _a1_));{'d0': {'_a1_': 1.332342074802782, '_a4_': 1.591997136880246, '_a5_': -0.6238594155566859, '_a0_': 1.0, '_a2_': 1.0, '_a3_': 1.0, '_a6_': 1.0, '_a7_': 1.0}};{'d0': 0.024905832919416584};-280.569866449044;38.58229971482638
36456;-101.702633509695;((x * _a1_) * (((pow2(_a4_) * (-(_a5_) + x)) * x) + _a1_));{'d0': {'_a1_': 1.332342074802782, '_a4_': 1.591997136880246, '_a5_': -0.6238594155566859, '_a0_': 1.0, '_a2_': 1.0, '_a3_': 1.0, '_a6_': 1.0, '_a7_': 1.0}};{'d0': 0.024905832919416584};-280.569866449044;38.58229971482638
36457;-101.702633509695;((x * _a1_) * (((pow2(_a4_) * (-(_a5_) + x)) * x) + _a1_));{'d0': {'_a1_': 1.332342074802782, '_a4_': 1.591997136880246, '_a5_': -0.6238594155566859, '_a0_': 1.0, '_a2_': 1.0, '_a3_': 1.0, '_a6_': 1.0, '_a7_': 1.0}};{'d0': 0.024905832919416584};-280.569866449044;38.58229971482638
36458;-101.702633509695;((x * _a1_) * (((pow2(_a4_) * (-(_a5_) + x)) * x) + _a1_));{'d0': {'_a1_': 1.332342074802782, '_a4_': 1.591997136880246, '_a5_': -0.6238594155566859, '_a0_': 1.0, '_a2_': 1.0, '_a3_': 1.0, '_a6_': 1.0, '_a7_': 1.0}};{'d0': 0.024905832919416584};-280.569866449044;38.58229971482638
36459;-101.702633509695;((x * _a1_) * (((pow2(_a4_) * (-(_a5_) + x)) * x) + _a1_));{'d0': {'_a1_': 1.332342074802782, '_a4_': 1.591997136880246, '_a5_': -0.6238594155566859, '_a0_': 1.0, '_a2_': 1.0, '_a3_': 1.0, '_a6_': 1.0, '_a7_': 1.0}};{'d0': 0.024905832919416584};-280.569866449044;38.58229971482638
36460;-101.702633509695;((x * _a1_) * (((pow2(_a4_) * (-(_a5_) + x)) * x) + _a1_));{'d0': {'_a1_': 1.332342074802782, '_a4_': 1.591997136880246, '_a5_': -0.6238594155566859, '_a0_': 1.0, '_a2_': 1.0, '_a3_': 1.0, '_a6_': 1.0, '_a7_': 1.0}};{'d0': 0.024905832919416584};-280.569866449044;38.58229971482638
36461;-101.702633509695;((x * _a1_) * (((pow2(_a4_) * (-(_a5_) + x)) * x) + _a1_));{'d0': {'_a1_': 1.332342074802782, '_a4_': 1.591997136880246, '_a5_': -0.6238594155566859, '_a0_': 1.0, '_a2_': 1.0, '_a3_': 1.0, '_a6_': 1.0, '_a7_': 1.0}};{'d0': 0.024905832919416584};-280.569866449044;38.58229971482638
36462;-101.702633509695;((x * _a1_) * (((pow2(_a4_) * (-(_a5_) + x)) * x) + _a1_));{'d0': {'_a1_': 1.332342074802782, '_a4_': 1.591997136880246, '_a5_': -0.6238594155566859, '_a0_': 1.0, '_a2_': 1.0, '_a3_': 1.0, '_a6_': 1.0, '_a7_': 1.0}};{'d0': 0.024905832919416584};-280.569866449044;38.58229971482638
36463;-101.702633509695;((x * _a1_) * (((pow2(_a4_) * (-(_a5_) + x)) * x) + _a1_));{'d0': {'_a1_': 1.332342074802782, '_a4_': 1.591997136880246, '_a5_': -0.6238594155566859, '_a0_': 1.0, '_a2_': 1.0, '_a3_': 1.0, '_a6_': 1.0, '_a7_': 1.0}};{'d0': 0.024905832919416584};-280.569866449044;38.58229971482638
36464;-101.702633509695;((x * _a1_) * (((pow2(_a4_) * (-(_a5_) + x)) * x) + _a1_));{'d0': {'_a1_': 1.332342074802782, '_a4_': 1.591997136880246, '_a5_': -0.6238594155566859, '_a0_': 1.0, '_a2_': 1.0, '_a3_': 1.0, '_a6_': 1.0, '_a7_': 1.0}};{'d0': 0.024905832919416584};-280.569866449044;38.58229971482638
36465;-101.702633509695;((x * _a1_) * (((pow2(_a4_) * (-(_a5_) + x)) * x) + _a1_));{'d0': {'_a1_': 1.332342074802782, '_a4_': 1.591997136880246, '_a5_': -0.6238594155566859, '_a0_': 1.0, '_a2_': 1.0, '_a3_': 1.0, '_a6_': 1.0, '_a7_': 1.0}};{'d0': 0.024905832919416584};-280.569866449044;38.58229971482638
36466;-101.702633509695;((x * _a1_) * (((pow2(_a4_) * (-(_a5_) + x)) * x) + _a1_));{'d0': {'_a1_': 1.332342074802782, '_a4_': 1.591997136880246, '_a5_': -0.6238594155566859, '_a0_': 1.0, '_a2_': 1.0, '_a3_': 1.0, '_a6_': 1.0, '_a7_': 1.0}};{'d0': 0.024905832919416584};-280.569866449044;38.58229971482638
36467;-101.702633509695;((x * _a1_) * (((pow2(_a4_) * (-(_a5_) + x)) * x) + _a1_));{'d0': {'_a1_': 1.332342074802782, '_a4_': 1.591997136880246, '_a5_': -0.6238594155566859, '_a0_': 1.0, '_a2_': 1.0, '_a3_': 1.0, '_a6_': 1.0, '_a7_': 1.0}};{'d0': 0.024905832919416584};-280.569866449044;38.58229971482638
36468;-101.702633509695;((x * _a1_) * (((pow2(_a4_) * (-(_a5_) + x)) * x) + _a1_));{'d0': {'_a1_': 1.332342074802782, '_a4_': 1.591997136880246, '_a5_': -0.6238594155566859, '_a0_': 1.0, '_a2_': 1.0, '_a3_': 1.0, '_a6_': 1.0, '_a7_': 1.0}};{'d0': 0.024905832919416584};-280.569866449044;38.58229971482638
36469;-100.378870770526;(((x * (x * x)) * -(_a6_)) + (((_a7_ * x) + _a4_) * x));{'d0': {'_a4_': 1.7751354041092324, '_a6_': -3.376760879649846, '_a7_': 2.1066240689389244, '_a0_': 1.0, '_a1_': 1.0, '_a2_': 1.0, '_a3_': 1.0, '_a5_': 1.0}};{'d0': 0.024905832919416598};-280.569866449044;39.90606245399535
36470;-100.378870770526;(((x * (x * x)) * -(_a6_)) + (((_a7_ * x) + _a4_) * x));{'d0': {'_a4_': 1.7751354041092324, '_a6_': -3.376760879649846, '_a7_': 2.1066240689389244, '_a0_': 1.0, '_a1_': 1.0, '_a2_': 1.0, '_a3_': 1.0, '_a5_': 1.0}};{'d0': 0.024905832919416598};-280.569866449044;39.90606245399535
36471;-100.378870770526;(((x * (x * x)) * -(_a6_)) + (((_a7_ * x) + _a4_) * x));{'d0': {'_a4_': 1.7751354041092324, '_a6_': -3.376760879649846, '_a7_': 2.1066240689389244, '_a0_': 1.0, '_a1_': 1.0, '_a2_': 1.0, '_a3_': 1.0, '_a5_': 1.0}};{'d0': 0.024905832919416598};-280.569866449044;39.90606245399535
36472;-100.378870770526;(((x * (x * x)) * -(_a6_)) + (((_a7_ * x) + _a4_) * x));{'d0': {'_a4_': 1.7751354041092324, '_a6_': -3.376760879649846, '_a7_': 2.1066240689389244, '_a0_': 1.0, '_a1_': 1.0, '_a2_': 1.0, '_a3_': 1.0, '_a5_': 1.0}};{'d0': 0.024905832919416598};-280.569866449044;39.90606245399535
36473;-100.378870770526;(((x * (x * x)) * -(_a6_)) + (((_a7_ * x) + _a4_) * x));{'d0': {'_a4_': 1.7751354041092324, '_a6_': -3.376760879649846, '_a7_': 2.1066240689389244, '_a0_': 1.0, '_a1_': 1.0, '_a2_': 1.0, '_a3_': 1.0, '_a5_': 1.0}};{'d0': 0.024905832919416598};-280.569866449044;39.90606245399535
36474;-100.378870770526;(((x * (x * x)) * -(_a6_)) + (((_a7_ * x) + _a4_) * x));{'d0': {'_a4_': 1.7751354041092324, '_a6_': -3.376760879649846, '_a7_': 2.1066240689389244, '_a0_': 1.0, '_a1_': 1.0, '_a2_': 1.0, '_a3_': 1.0, '_a5_': 1.0}};{'d0': 0.024905832919416598};-280.569866449044;39.90606245399535
36475;-101.702633509695;((x * _a1_) * (((pow2(_a4_) * (-(_a5_) + x)) * x) + _a1_));{'d0': {'_a1_': 1.332342074802782, '_a4_': 1.591997136880246, '_a5_': -0.6238594155566859, '_a0_': 1.0, '_a2_': 1.0, '_a3_': 1.0, '_a6_': 1.0, '_a7_': 1.0}};{'d0': 0.024905832919416584};-280.569866449044;38.58229971482638
36476;-100.378870770526;(((x * (x * x)) * -(_a6_)) + (((_a7_ * x) + _a4_) * x));{'d0': {'_a4_': 1.7751354041092324, '_a6_': -3.376760879649846, '_a7_': 2.1066240689389244, '_a0_': 1.0, '_a1_': 1.0, '_a2_': 1.0, '_a3_': 1.0, '_a5_': 1.0}};{'d0': 0.024905832919416598};-280.569866449044;39.90606245399535
36477;-100.378870770526;(((x * (x * x)) * -(_a6_)) + (((_a7_ * x) + _a4_) * x));{'d0': {'_a4_': 1.7751354041092324, '_a6_': -3.376760879649846, '_a7_': 2.1066240689389244, '_a0_': 1.0, '_a1_': 1.0, '_a2_': 1.0, '_a3_': 1.0, '_a5_': 1.0}};{'d0': 0.024905832919416598};-280.569866449044;39.90606245399535
36478;-96.3447831868261;(((((_a6_ * _a1_) * pow2(x)) + (x + sqrt(_a7_))) * x) * pow2(_a1_));{'d0': {'_a1_': -1.4514213944737027, '_a6_': -1.1043830834453752, '_a7_': 0.7100499321396578, '_a0_': 1.0, '_a2_': 1.0, '_a3_': 1.0, '_a4_': 1.0, '_a5_': 1.0}};{'d0': 0.02490583291941664};-280.569866449044;43.94015003769613
36479;-96.3447831868261;(((((_a6_ * _a1_) * pow2(x)) + (x + sqrt(_a7_))) * x) * pow2(_a1_));{'d0': {'_a1_': -1.4514213944737027, '_a6_': -1.1043830834453752, '_a7_': 0.7100499321396578, '_a0_': 1.0, '_a2_': 1.0, '_a3_': 1.0, '_a4_': 1.0, '_a5_': 1.0}};{'d0': 0.02490583291941664};-280.569866449044;43.94015003769613
36480;-96.3447831868261;(((((_a6_ * _a1_) * pow2(x)) + (x + sqrt(_a7_))) * x) * pow2(_a1_));{'d0': {'_a1_': -1.4514213944737027, '_a6_': -1.1043830834453752, '_a7_': 0.7100499321396578, '_a0_': 1.0, '_a2_': 1.0, '_a3_': 1.0, '_a4_': 1.0, '_a5_': 1.0}};{'d0': 0.02490583291941664};-280.569866449044;43.94015003769613
36481;-96.3447831868261;(((((_a6_ * _a1_) * pow2(x)) + (x + sqrt(_a7_))) * x) * pow2(_a1_));{'d0': {'_a1_': -1.4514213944737027, '_a6_': -1.1043830834453752, '_a7_': 0.7100499321396578, '_a0_': 1.0, '_a2_': 1.0, '_a3_': 1.0, '_a4_': 1.0, '_a5_': 1.0}};{'d0': 0.02490583291941664};-280.569866449044;43.94015003769613
36482;-96.3447831868261;(((((_a6_ * _a1_) * pow2(x)) + (x + sqrt(_a7_))) * x) * pow2(_a1_));{'d0': {'_a1_': -1.4514213944737027, '_a6_': -1.1043830834453752, '_a7_': 0.7100499321396578, '_a0_': 1.0, '_a2_': 1.0, '_a3_': 1.0, '_a4_': 1.0, '_a5_': 1.0}};{'d0': 0.02490583291941664};-280.569866449044;43.94015003769613
36483;-96.3447831868261;(((((_a6_ * _a1_) * pow2(x)) + (x + sqrt(_a7_))) * x) * pow2(_a1_));{'d0': {'_a1_': -1.4514213944737027, '_a6_': -1.1043830834453752, '_a7_': 0.7100499321396578, '_a0_': 1.0, '_a2_': 1.0, '_a3_': 1.0, '_a4_': 1.0, '_a5_': 1.0}};{'d0': 0.02490583291941664};-280.569866449044;43.94015003769613
36484;-96.3447831868261;(((((_a6_ * _a1_) * pow2(x)) + (x + sqrt(_a7_))) * x) * pow2(_a1_));{'d0': {'_a1_': -1.4514213944737027, '_a6_': -1.1043830834453752, '_a7_': 0.7100499321396578, '_a0_': 1.0, '_a2_': 1.0, '_a3_': 1.0, '_a4_': 1.0, '_a5_': 1.0}};{'d0': 0.02490583291941664};-280.569866449044;43.94015003769613
36485;-100.378870770526;(((x * (x * x)) * -(_a6_)) + (((_a7_ * x) + _a4_) * x));{'d0': {'_a4_': 1.7751354041092324, '_a6_': -3.376760879649846, '_a7_': 2.1066240689389244, '_a0_': 1.0, '_a1_': 1.0, '_a2_': 1.0, '_a3_': 1.0, '_a5_': 1.0}};{'d0': 0.024905832919416598};-280.569866449044;39.90606245399535
36486;-100.378870770526;(((x * (x * x)) * -(_a6_)) + (((_a7_ * x) + _a4_) * x));{'d0': {'_a4_': 1.7751354041092324, '_a6_': -3.376760879649846, '_a7_': 2.1066240689389244, '_a0_': 1.0, '_a1_': 1.0, '_a2_': 1.0, '_a3_': 1.0, '_a5_': 1.0}};{'d0': 0.024905832919416598};-280.569866449044;39.90606245399535
36487;-100.378870770526;(((x * (x * x)) * -(_a6_)) + (((_a7_ * x) + _a4_) * x));{'d0': {'_a4_': 1.7751354041092324, '_a6_': -3.376760879649846, '_a7_': 2.1066240689389244, '_a0_': 1.0, '_a1_': 1.0, '_a2_': 1.0, '_a3_': 1.0, '_a5_': 1.0}};{'d0': 0.024905832919416598};-280.569866449044;39.90606245399535
36488;-100.378870770526;(((x * (x * x)) * -(_a6_)) + (((_a7_ * x) + _a4_) * x));{'d0': {'_a4_': 1.7751354041092324, '_a6_': -3.376760879649846, '_a7_': 2.1066240689389244, '_a0_': 1.0, '_a1_': 1.0, '_a2_': 1.0, '_a3_': 1.0, '_a5_': 1.0}};{'d0': 0.024905832919416598};-280.569866449044;39.90606245399535
36489;-100.378870770526;(((x * (x * x)) * -(_a6_)) + (((_a7_ * x) + _a4_) * x));{'d0': {'_a4_': 1.7751354041092324, '_a6_': -3.376760879649846, '_a7_': 2.1066240689389244, '_a0_': 1.0, '_a1_': 1.0, '_a2_': 1.0, '_a3_': 1.0, '_a5_': 1.0}};{'d0': 0.024905832919416598};-280.569866449044;39.90606245399535
36490;-105.400567982305;((x * _a1_) * (((_a6_ * (-(_a5_) + x)) * x) + _a1_));{'d0': {'_a1_': 1.332342074817273, '_a5_': -0.6238594155830269, '_a6_': 2.5344548837791465, '_a0_': 1.0, '_a2_': 1.0, '_a3_': 1.0, '_a4_': 1.0, '_a7_': 1.0}};{'d0': 0.024905832919416625};-280.569866449044;34.884365242216376
36491;-105.400567982305;((x * _a1_) * (((_a6_ * (-(_a5_) + x)) * x) + _a1_));{'d0': {'_a1_': 1.332342074817273, '_a5_': -0.6238594155830269, '_a6_': 2.5344548837791465, '_a0_': 1.0, '_a2_': 1.0, '_a3_': 1.0, '_a4_': 1.0, '_a7_': 1.0}};{'d0': 0.024905832919416625};-280.569866449044;34.884365242216376
36492;-100.378870770526;(((x * (x * x)) * -(_a6_)) + (((_a7_ * x) + _a4_) * x));{'d0': {'_a4_': 1.7751354041092324, '_a6_': -3.376760879649846, '_a7_': 2.1066240689389244, '_a0_': 1.0, '_a1_': 1.0, '_a2_': 1.0, '_a3_': 1.0, '_a5_': 1.0}};{'d0': 0.024905832919416598};-280.569866449044;39.90606245399535
36493;-100.378870770526;(((x * (x * x)) * -(_a6_)) + (((_a7_ * x) + _a4_) * x));{'d0': {'_a4_': 1.7751354041092324, '_a6_': -3.376760879649846, '_a7_': 2.1066240689389244, '_a0_': 1.0, '_a1_': 1.0, '_a2_': 1.0, '_a3_': 1.0, '_a5_': 1.0}};{'d0': 0.024905832919416598};-280.569866449044;39.90606245399535
36494;-100.378870770526;(((x * (x * x)) * -(_a6_)) + (((_a7_ * x) + _a4_) * x));{'d0': {'_a4_': 1.7751354041092324, '_a6_': -3.376760879649846, '_a7_': 2.1066240689389244, '_a0_': 1.0, '_a1_': 1.0, '_a2_': 1.0, '_a3_': 1.0, '_a5_': 1.0}};{'d0': 0.024905832919416598};-280.569866449044;39.90606245399535
36495;-100.378870770526;(((x * (x * x)) * -(_a6_)) + (((_a7_ * x) + _a4_) * x));{'d0': {'_a4_': 1.7751354041092324, '_a6_': -3.376760879649846, '_a7_': 2.1066240689389244, '_a0_': 1.0, '_a1_': 1.0, '_a2_': 1.0, '_a3_': 1.0, '_a5_': 1.0}};{'d0': 0.024905832919416598};-280.569866449044;39.90606245399535
36496;-100.378870770526;(((x * (x * x)) * -(_a6_)) + (((_a7_ * x) + _a4_) * x));{'d0': {'_a4_': 1.7751354041092324, '_a6_': -3.376760879649846, '_a7_': 2.1066240689389244, '_a0_': 1.0, '_a1_': 1.0, '_a2_': 1.0, '_a3_': 1.0, '_a5_': 1.0}};{'d0': 0.024905832919416598};-280.569866449044;39.90606245399535
36497;-100.378870770526;(((x * (x * x)) * -(_a6_)) + (((_a7_ * x) + _a4_) * x));{'d0': {'_a4_': 1.7751354041092324, '_a6_': -3.376760879649846, '_a7_': 2.1066240689389244, '_a0_': 1.0, '_a1_': 1.0, '_a2_': 1.0, '_a3_': 1.0, '_a5_': 1.0}};{'d0': 0.024905832919416598};-280.569866449044;39.90606245399535
36498;-100.378870770526;(((x * (x * x)) * -(_a6_)) + (((_a7_ * x) + _a4_) * x));{'d0': {'_a4_': 1.7751354041092324, '_a6_': -3.376760879649846, '_a7_': 2.1066240689389244, '_a0_': 1.0, '_a1_': 1.0, '_a2_': 1.0, '_a3_': 1.0, '_a5_': 1.0}};{'d0': 0.024905832919416598};-280.569866449044;39.90606245399535
36499;-100.378870770526;(((x * (x * x)) * -(_a6_)) + (((_a7_ * x) + _a4_) * x));{'d0': {'_a4_': 1.7751354041092324, '_a6_': -3.376760879649846, '_a7_': 2.1066240689389244, '_a0_': 1.0, '_a1_': 1.0, '_a2_': 1.0, '_a3_': 1.0, '_a5_': 1.0}};{'d0': 0.024905832919416598};-280.569866449044;39.90606245399535
36500;-100.378870770526;(((x * (x * x)) * -(_a6_)) + (((_a7_ * x) + _a4_) * x));{'d0': {'_a4_': 1.7751354041092324, '_a6_': -3.376760879649846, '_a7_': 2.1066240689389244, '_a0_': 1.0, '_a1_': 1.0, '_a2_': 1.0, '_a3_': 1.0, '_a5_': 1.0}};{'d0': 0.024905832919416598};-280.569866449044;39.90606245399535
36501;-100.378870770526;(((x * (x * x)) * -(_a6_)) + (((_a7_ * x) + _a4_) * x));{'d0': {'_a4_': 1.7751354041092324, '_a6_': -3.376760879649846, '_a7_': 2.1066240689389244, '_a0_': 1.0, '_a1_': 1.0, '_a2_': 1.0, '_a3_': 1.0, '_a5_': 1.0}};{'d0': 0.024905832919416598};-280.569866449044;39.90606245399535
36502;-100.378870770526;(((x * (x * x)) * -(_a6_)) + (((_a7_ * x) + _a4_) * x));{'d0': {'_a4_': 1.7751354041092324, '_a6_': -3.376760879649846, '_a7_': 2.1066240689389244, '_a0_': 1.0, '_a1_': 1.0, '_a2_': 1.0, '_a3_': 1.0, '_a5_': 1.0}};{'d0': 0.024905832919416598};-280.569866449044;39.90606245399535
36503;-100.378870770526;(((x * (x * x)) * -(_a6_)) + (((_a7_ * x) + _a4_) * x));{'d0': {'_a4_': 1.7751354041092324, '_a6_': -3.376760879649846, '_a7_': 2.1066240689389244, '_a0_': 1.0, '_a1_': 1.0, '_a2_': 1.0, '_a3_': 1.0, '_a5_': 1.0}};{'d0': 0.024905832919416598};-280.569866449044;39.90606245399535
36504;-100.378870770526;(((x * (x * x)) * -(_a6_)) + (((_a7_ * x) + _a4_) * x));{'d0': {'_a4_': 1.7751354041092324, '_a6_': -3.376760879649846, '_a7_': 2.1066240689389244, '_a0_': 1.0, '_a1_': 1.0, '_a2_': 1.0, '_a3_': 1.0, '_a5_': 1.0}};{'d0': 0.024905832919416598};-280.569866449044;39.90606245399535
36505;-100.378870770526;(((x * (x * x)) * -(_a6_)) + (((_a7_ * x) + _a4_) * x));{'d0': {'_a4_': 1.7751354041092324, '_a6_': -3.376760879649846, '_a7_': 2.1066240689389244, '_a0_': 1.0, '_a1_': 1.0, '_a2_': 1.0, '_a3_': 1.0, '_a5_': 1.0}};{'d0': 0.024905832919416598};-280.569866449044;39.90606245399535
36506;-100.378870770526;(((x * (x * x)) * -(_a6_)) + (((_a7_ * x) + _a4_) * x));{'d0': {'_a4_': 1.7751354041092324, '_a6_': -3.376760879649846, '_a7_': 2.1066240689389244, '_a0_': 1.0, '_a1_': 1.0, '_a2_': 1.0, '_a3_': 1.0, '_a5_': 1.0}};{'d0': 0.024905832919416598};-280.569866449044;39.90606245399535
36507;-100.378870770526;(((x * (x * x)) * -(_a6_)) + (((_a7_ * x) + _a4_) * x));{'d0': {'_a4_': 1.7751354041092324, '_a6_': -3.376760879649846, '_a7_': 2.1066240689389244, '_a0_': 1.0, '_a1_': 1.0, '_a2_': 1.0, '_a3_': 1.0, '_a5_': 1.0}};{'d0': 0.024905832919416598};-280.569866449044;39.90606245399535
36508;-100.378870770526;(((x * (x * x)) * -(_a6_)) + (((_a7_ * x) + _a4_) * x));{'d0': {'_a4_': 1.7751354041092324, '_a6_': -3.376760879649846, '_a7_': 2.1066240689389244, '_a0_': 1.0, '_a1_': 1.0, '_a2_': 1.0, '_a3_': 1.0, '_a5_': 1.0}};{'d0': 0.024905832919416598};-280.569866449044;39.90606245399535
36509;-100.378870770526;(((x * (x * x)) * -(_a6_)) + (((_a7_ * x) + _a4_) * x));{'d0': {'_a4_': 1.7751354041092324, '_a6_': -3.376760879649846, '_a7_': 2.1066240689389244, '_a0_': 1.0, '_a1_': 1.0, '_a2_': 1.0, '_a3_': 1.0, '_a5_': 1.0}};{'d0': 0.024905832919416598};-280.569866449044;39.90606245399535
36510;-100.378870770526;(((x * (x * x)) * -(_a6_)) + (((_a7_ * x) + _a4_) * x));{'d0': {'_a4_': 1.7751354041092324, '_a6_': -3.376760879649846, '_a7_': 2.1066240689389244, '_a0_': 1.0, '_a1_': 1.0, '_a2_': 1.0, '_a3_': 1.0, '_a5_': 1.0}};{'d0': 0.024905832919416598};-280.569866449044;39.90606245399535
36511;-100.378870770526;(((x * (x * x)) * -(_a6_)) + (((_a7_ * x) + _a4_) * x));{'d0': {'_a4_': 1.7751354041092324, '_a6_': -3.376760879649846, '_a7_': 2.1066240689389244, '_a0_': 1.0, '_a1_': 1.0, '_a2_': 1.0, '_a3_': 1.0, '_a5_': 1.0}};{'d0': 0.024905832919416598};-280.569866449044;39.90606245399535
36512;-100.378870770526;(((x * (x * x)) * -(_a6_)) + (((_a7_ * x) + _a4_) * x));{'d0': {'_a4_': 1.7751354041092324, '_a6_': -3.376760879649846, '_a7_': 2.1066240689389244, '_a0_': 1.0, '_a1_': 1.0, '_a2_': 1.0, '_a3_': 1.0, '_a5_': 1.0}};{'d0': 0.024905832919416598};-280.569866449044;39.90606245399535
36513;-100.378870770526;(((x * (x * x)) * -(_a6_)) + (((_a7_ * x) + _a4_) * x));{'d0': {'_a4_': 1.7751354041092324, '_a6_': -3.376760879649846, '_a7_': 2.1066240689389244, '_a0_': 1.0, '_a1_': 1.0, '_a2_': 1.0, '_a3_': 1.0, '_a5_': 1.0}};{'d0': 0.024905832919416598};-280.569866449044;39.90606245399535
36514;-100.378870770526;(((x * (x * x)) * -(_a6_)) + (((_a7_ * x) + _a4_) * x));{'d0': {'_a4_': 1.7751354041092324, '_a6_': -3.376760879649846, '_a7_': 2.1066240689389244, '_a0_': 1.0, '_a1_': 1.0, '_a2_': 1.0, '_a3_': 1.0, '_a5_': 1.0}};{'d0': 0.024905832919416598};-280.569866449044;39.90606245399535
36515;-100.378870770526;(((x * (x * x)) * -(_a6_)) + (((_a7_ * x) + _a4_) * x));{'d0': {'_a4_': 1.7751354041092324, '_a6_': -3.376760879649846, '_a7_': 2.1066240689389244, '_a0_': 1.0, '_a1_': 1.0, '_a2_': 1.0, '_a3_': 1.0, '_a5_': 1.0}};{'d0': 0.024905832919416598};-280.569866449044;39.90606245399535
36516;-100.378870770526;(((x * (x * x)) * -(_a6_)) + (((_a7_ * x) + _a4_) * x));{'d0': {'_a4_': 1.7751354041092324, '_a6_': -3.376760879649846, '_a7_': 2.1066240689389244, '_a0_': 1.0, '_a1_': 1.0, '_a2_': 1.0, '_a3_': 1.0, '_a5_': 1.0}};{'d0': 0.024905832919416598};-280.569866449044;39.90606245399535
36517;-98.2585261643843;((x * _a1_) * ((((_a6_ / _a5_) * ((_a1_ * _a5_) + x)) * x) + _a1_));{'d0': {'_a1_': 1.332342074684108, '_a5_': 0.4682426738384557, '_a6_': 1.186739931934989, '_a0_': 1.0, '_a2_': 1.0, '_a3_': 1.0, '_a4_': 1.0, '_a7_': 1.0}};{'d0': 0.02490583291941664};-280.569866449044;42.02640706013739
36518;-98.2585261643843;((x * _a1_) * ((((_a6_ / _a5_) * ((_a1_ * _a5_) + x)) * x) + _a1_));{'d0': {'_a1_': 1.332342074684108, '_a5_': 0.4682426738384557, '_a6_': 1.186739931934989, '_a0_': 1.0, '_a2_': 1.0, '_a3_': 1.0, '_a4_': 1.0, '_a7_': 1.0}};{'d0': 0.02490583291941664};-280.569866449044;42.02640706013739
36519;-98.2585261643843;((x * _a1_) * ((((_a6_ / _a5_) * ((_a1_ * _a5_) + x)) * x) + _a1_));{'d0': {'_a1_': 1.332342074684108, '_a5_': 0.4682426738384557, '_a6_': 1.186739931934989, '_a0_': 1.0, '_a2_': 1.0, '_a3_': 1.0, '_a4_': 1.0, '_a7_': 1.0}};{'d0': 0.02490583291941664};-280.569866449044;42.02640706013739
36520;-98.2585261643843;((x * _a1_) * ((((_a6_ / _a5_) * ((_a1_ * _a5_) + x)) * x) + _a1_));{'d0': {'_a1_': 1.332342074684108, '_a5_': 0.4682426738384557, '_a6_': 1.186739931934989, '_a0_': 1.0, '_a2_': 1.0, '_a3_': 1.0, '_a4_': 1.0, '_a7_': 1.0}};{'d0': 0.02490583291941664};-280.569866449044;42.02640706013739
36521;-98.2585261643843;((x * _a1_) * ((((_a6_ / _a5_) * ((_a1_ * _a5_) + x)) * x) + _a1_));{'d0': {'_a1_': 1.332342074684108, '_a5_': 0.4682426738384557, '_a6_': 1.186739931934989, '_a0_': 1.0, '_a2_': 1.0, '_a3_': 1.0, '_a4_': 1.0, '_a7_': 1.0}};{'d0': 0.02490583291941664};-280.569866449044;42.02640706013739
36522;-96.2113538832638;((x * _a1_) * ((((_a6_ / _a2_) * ((_a1_ * _a5_) + x)) * x) + _a1_));{'d0': {'_a1_': 1.3323420745270946, '_a2_': 0.5763231485799142, '_a5_': 0.46824267397360525, '_a6_': 1.4606649775496603, '_a0_': 1.0, '_a3_': 1.0, '_a4_': 1.0, '_a7_': 1.0}};{'d0': 0.02490583291942449};-276.475521886803;42.02640706013739
36523;-100.713385073773;((((_a4_ * pow2(x)) + (_a4_ + (x + _a7_))) * x) * pow2(_a6_));{'d0': {'_a4_': 1.6029252346676295, '_a6_': -1.4514213952884356, '_a7_': -0.7602806300430395, '_a0_': 1.0, '_a1_': 1.0, '_a2_': 1.0, '_a3_': 1.0, '_a5_': 1.0}};{'d0': 0.024905832919416563};-280.569866449044;39.57154815074913
36524;-100.713385073773;((((_a4_ * pow2(x)) + (_a4_ + (x + _a7_))) * x) * pow2(_a6_));{'d0': {'_a4_': 1.6029252346676295, '_a6_': -1.4514213952884356, '_a7_': -0.7602806300430395, '_a0_': 1.0, '_a1_': 1.0, '_a2_': 1.0, '_a3_': 1.0, '_a5_': 1.0}};{'d0': 0.024905832919416563};-280.569866449044;39.57154815074913
36525;-100.713385073773;((((_a4_ * pow2(x)) + (_a4_ + (x + _a7_))) * x) * pow2(_a6_));{'d0': {'_a4_': 1.6029252346676295, '_a6_': -1.4514213952884356, '_a7_': -0.7602806300430395, '_a0_': 1.0, '_a1_': 1.0, '_a2_': 1.0, '_a3_': 1.0, '_a5_': 1.0}};{'d0': 0.024905832919416563};-280.569866449044;39.57154815074913
36526;-100.713385073773;((((_a4_ * pow2(x)) + (_a4_ + (x + _a7_))) * x) * pow2(_a6_));{'d0': {'_a4_': 1.6029252346676295, '_a6_': -1.4514213952884356, '_a7_': -0.7602806300430395, '_a0_': 1.0, '_a1_': 1.0, '_a2_': 1.0, '_a3_': 1.0, '_a5_': 1.0}};{'d0': 0.024905832919416563};-280.569866449044;39.57154815074913
36527;-100.713385073773;((((_a4_ * pow2(x)) + (_a4_ + (x + _a7_))) * x) * pow2(_a6_));{'d0': {'_a4_': 1.6029252346676295, '_a6_': -1.4514213952884356, '_a7_': -0.7602806300430395, '_a0_': 1.0, '_a1_': 1.0, '_a2_': 1.0, '_a3_': 1.0, '_a5_': 1.0}};{'d0': 0.024905832919416563};-280.569866449044;39.57154815074913
36528;-100.713385073773;((((_a4_ * pow2(x)) + (_a4_ + (x + _a7_))) * x) * pow2(_a6_));{'d0': {'_a4_': 1.6029252346676295, '_a6_': -1.4514213952884356, '_a7_': -0.7602806300430395, '_a0_': 1.0, '_a1_': 1.0, '_a2_': 1.0, '_a3_': 1.0, '_a5_': 1.0}};{'d0': 0.024905832919416563};-280.569866449044;39.57154815074913
36529;-100.713385073773;((((_a4_ * pow2(x)) + (_a4_ + (x + _a7_))) * x) * pow2(_a6_));{'d0': {'_a4_': 1.6029252346676295, '_a6_': -1.4514213952884356, '_a7_': -0.7602806300430395, '_a0_': 1.0, '_a1_': 1.0, '_a2_': 1.0, '_a3_': 1.0, '_a5_': 1.0}};{'d0': 0.024905832919416563};-280.569866449044;39.57154815074913
36530;-100.713385073773;((((_a4_ * pow2(x)) + (_a4_ + (x + _a7_))) * x) * pow2(_a6_));{'d0': {'_a4_': 1.6029252346676295, '_a6_': -1.4514213952884356, '_a7_': -0.7602806300430395, '_a0_': 1.0, '_a1_': 1.0, '_a2_': 1.0, '_a3_': 1.0, '_a5_': 1.0}};{'d0': 0.024905832919416563};-280.569866449044;39.57154815074913
36531;-100.713385073773;((((_a4_ * pow2(x)) + (_a4_ + (x + _a7_))) * x) * pow2(_a6_));{'d0': {'_a4_': 1.6029252346676295, '_a6_': -1.4514213952884356, '_a7_': -0.7602806300430395, '_a0_': 1.0, '_a1_': 1.0, '_a2_': 1.0, '_a3_': 1.0, '_a5_': 1.0}};{'d0': 0.024905832919416563};-280.569866449044;39.57154815074913
36532;-100.713385073773;((((_a4_ * pow2(x)) + (_a4_ + (x + _a7_))) * x) * pow2(_a6_));{'d0': {'_a4_': 1.6029252346676295, '_a6_': -1.4514213952884356, '_a7_': -0.7602806300430395, '_a0_': 1.0, '_a1_': 1.0, '_a2_': 1.0, '_a3_': 1.0, '_a5_': 1.0}};{'d0': 0.024905832919416563};-280.569866449044;39.57154815074913
36533;-100.713385073773;((((_a4_ * pow2(x)) + (_a4_ + (x + _a7_))) * x) * pow2(_a6_));{'d0': {'_a4_': 1.6029252346676295, '_a6_': -1.4514213952884356, '_a7_': -0.7602806300430395, '_a0_': 1.0, '_a1_': 1.0, '_a2_': 1.0, '_a3_': 1.0, '_a5_': 1.0}};{'d0': 0.024905832919416563};-280.569866449044;39.57154815074913
36534;-100.713385073773;((((_a4_ * pow2(x)) + (_a4_ + (x + _a7_))) * x) * pow2(_a6_));{'d0': {'_a4_': 1.6029252346676295, '_a6_': -1.4514213952884356, '_a7_': -0.7602806300430395, '_a0_': 1.0, '_a1_': 1.0, '_a2_': 1.0, '_a3_': 1.0, '_a5_': 1.0}};{'d0': 0.024905832919416563};-280.569866449044;39.57154815074913
36535;-100.713385073773;((((_a4_ * pow2(x)) + (_a4_ + (x + _a7_))) * x) * pow2(_a6_));{'d0': {'_a4_': 1.6029252346676295, '_a6_': -1.4514213952884356, '_a7_': -0.7602806300430395, '_a0_': 1.0, '_a1_': 1.0, '_a2_': 1.0, '_a3_': 1.0, '_a5_': 1.0}};{'d0': 0.024905832919416563};-280.569866449044;39.57154815074913
36536;-100.713385073773;((((_a4_ * pow2(x)) + (_a4_ + (x + _a7_))) * x) * pow2(_a6_));{'d0': {'_a4_': 1.6029252346676295, '_a6_': -1.4514213952884356, '_a7_': -0.7602806300430395, '_a0_': 1.0, '_a1_': 1.0, '_a2_': 1.0, '_a3_': 1.0, '_a5_': 1.0}};{'d0': 0.024905832919416563};-280.569866449044;39.57154815074913
36537;-100.713385073773;((((_a4_ * pow2(x)) + (_a4_ + (x + _a7_))) * x) * pow2(_a6_));{'d0': {'_a4_': 1.6029252346676295, '_a6_': -1.4514213952884356, '_a7_': -0.7602806300430395, '_a0_': 1.0, '_a1_': 1.0, '_a2_': 1.0, '_a3_': 1.0, '_a5_': 1.0}};{'d0': 0.024905832919416563};-280.569866449044;39.57154815074913
36538;-98.6662127923799;((((_a5_ * pow2(x)) + (_a4_ + (x + _a7_))) * x) * pow2(_a6_));{'d0': {'_a4_': -259.65935032307056, '_a5_': 1.6029253050732204, '_a6_': -1.451421363459418, '_a7_': 260.50199488053204, '_a0_': 1.0, '_a1_': 1.0, '_a2_': 1.0, '_a3_': 1.0}};{'d0': 0.024905832919650883};-276.475521886257;39.57154815074913
36539;-98.6662127923799;((((_a5_ * pow2(x)) + (_a4_ + (x + _a7_))) * x) * pow2(_a6_));{'d0': {'_a4_': -259.65935032307056, '_a5_': 1.6029253050732204, '_a6_': -1.451421363459418, '_a7_': 260.50199488053204, '_a0_': 1.0, '_a1_': 1.0, '_a2_': 1.0, '_a3_': 1.0}};{'d0': 0.024905832919650883};-276.475521886257;39.57154815074913
36540;-98.6662127923799;((((_a5_ * pow2(x)) + (_a4_ + (x + _a7_))) * x) * pow2(_a6_));{'d0': {'_a4_': -259.65935032307056, '_a5_': 1.6029253050732204, '_a6_': -1.451421363459418, '_a7_': 260.50199488053204, '_a0_': 1.0, '_a1_': 1.0, '_a2_': 1.0, '_a3_': 1.0}};{'d0': 0.024905832919650883};-276.475521886257;39.57154815074913
36541;-98.6662127923799;((((_a5_ * pow2(x)) + (_a4_ + (x + _a7_))) * x) * pow2(_a6_));{'d0': {'_a4_': -259.65935032307056, '_a5_': 1.6029253050732204, '_a6_': -1.451421363459418, '_a7_': 260.50199488053204, '_a0_': 1.0, '_a1_': 1.0, '_a2_': 1.0, '_a3_': 1.0}};{'d0': 0.024905832919650883};-276.475521886257;39.57154815074913
36542;-98.6662124595623;((((_a3_ * pow2(x)) + (_a4_ + (x + _a7_))) * x) * pow2(_a6_));{'d0': {'_a3_': 1.602921654086248, '_a4_': 23107.086863371987, '_a6_': -1.4514230425220693, '_a7_': -23106.24421742387, '_a0_': 1.0, '_a1_': 1.0, '_a2_': 1.0, '_a5_': 1.0}};{'d0': 0.02490583319595421};-276.475521220622;39.57154815074913
36543;-98.6662124595623;((((_a3_ * pow2(x)) + (_a4_ + (x + _a7_))) * x) * pow2(_a6_));{'d0': {'_a3_': 1.602921654086248, '_a4_': 23107.086863371987, '_a6_': -1.4514230425220693, '_a7_': -23106.24421742387, '_a0_': 1.0, '_a1_': 1.0, '_a2_': 1.0, '_a5_': 1.0}};{'d0': 0.02490583319595421};-276.475521220622;39.57154815074913
36544;-98.6662124595623;((((_a3_ * pow2(x)) + (_a4_ + (x + _a7_))) * x) * pow2(_a6_));{'d0': {'_a3_': 1.602921654086248, '_a4_': 23107.086863371987, '_a6_': -1.4514230425220693, '_a7_': -23106.24421742387, '_a0_': 1.0, '_a1_': 1.0, '_a2_': 1.0, '_a5_': 1.0}};{'d0': 0.02490583319595421};-276.475521220622;39.57154815074913
36545;-98.6662124595623;((((_a3_ * pow2(x)) + (_a4_ + (x + _a7_))) * x) * pow2(_a6_));{'d0': {'_a3_': 1.602921654086248, '_a4_': 23107.086863371987, '_a6_': -1.4514230425220693, '_a7_': -23106.24421742387, '_a0_': 1.0, '_a1_': 1.0, '_a2_': 1.0, '_a5_': 1.0}};{'d0': 0.02490583319595421};-276.475521220622;39.57154815074913
36546;-97.7428930944774;((((_a3_ * pow2(x)) + (_a4_ + (x + _a7_))) * x) / pow2(_a6_));{'d0': {'_a3_': 1.6028870140205194, '_a4_': 2333774.025953127, '_a6_': 0.688965805777065, '_a7_': -2333773.1833367883, '_a0_': 1.0, '_a1_': 1.0, '_a2_': 1.0, '_a5_': 1.0}};{'d0': 0.024905841695334805};-276.475500744987;40.49485727801653
36547;-97.7428930944774;((((_a3_ * pow2(x)) + (_a4_ + (x + _a7_))) * x) / pow2(_a6_));{'d0': {'_a3_': 1.6028870140205194, '_a4_': 2333774.025953127, '_a6_': 0.688965805777065, '_a7_': -2333773.1833367883, '_a0_': 1.0, '_a1_': 1.0, '_a2_': 1.0, '_a5_': 1.0}};{'d0': 0.024905841695334805};-276.475500744987;40.49485727801653
36548;-97.7428930944774;((((_a3_ * pow2(x)) + (_a4_ + (x + _a7_))) * x) / pow2(_a6_));{'d0': {'_a3_': 1.6028870140205194, '_a4_': 2333774.025953127, '_a6_': 0.688965805777065, '_a7_': -2333773.1833367883, '_a0_': 1.0, '_a1_': 1.0, '_a2_': 1.0, '_a5_': 1.0}};{'d0': 0.024905841695334805};-276.475500744987;40.49485727801653
36549;-97.7428930944774;((((_a3_ * pow2(x)) + (_a4_ + (x + _a7_))) * x) / pow2(_a6_));{'d0': {'_a3_': 1.6028870140205194, '_a4_': 2333774.025953127, '_a6_': 0.688965805777065, '_a7_': -2333773.1833367883, '_a0_': 1.0, '_a1_': 1.0, '_a2_': 1.0, '_a5_': 1.0}};{'d0': 0.024905841695334805};-276.475500744987;40.49485727801653
36550;-97.7428930944774;((((_a3_ * pow2(x)) + (_a4_ + (x + _a7_))) * x) / pow2(_a6_));{'d0': {'_a3_': 1.6028870140205194, '_a4_': 2333774.025953127, '_a6_': 0.688965805777065, '_a7_': -2333773.1833367883, '_a0_': 1.0, '_a1_': 1.0, '_a2_': 1.0, '_a5_': 1.0}};{'d0': 0.024905841695334805};-276.475500744987;40.49485727801653
36551;-97.7428930944774;((((_a3_ * pow2(x)) + (_a4_ + (x + _a7_))) * x) / pow2(_a6_));{'d0': {'_a3_': 1.6028870140205194, '_a4_': 2333774.025953127, '_a6_': 0.688965805777065, '_a7_': -2333773.1833367883, '_a0_': 1.0, '_a1_': 1.0, '_a2_': 1.0, '_a5_': 1.0}};{'d0': 0.024905841695334805};-276.475500744987;40.49485727801653
36552;-97.7428930944774;((((_a3_ * pow2(x)) + (_a4_ + (x + _a7_))) * x) / pow2(_a6_));{'d0': {'_a3_': 1.6028870140205194, '_a4_': 2333774.025953127, '_a6_': 0.688965805777065, '_a7_': -2333773.1833367883, '_a0_': 1.0, '_a1_': 1.0, '_a2_': 1.0, '_a5_': 1.0}};{'d0': 0.024905841695334805};-276.475500744987;40.49485727801653
36553;-97.7428930944774;((((_a3_ * pow2(x)) + (_a4_ + (x + _a7_))) * x) / pow2(_a6_));{'d0': {'_a3_': 1.6028870140205194, '_a4_': 2333774.025953127, '_a6_': 0.688965805777065, '_a7_': -2333773.1833367883, '_a0_': 1.0, '_a1_': 1.0, '_a2_': 1.0, '_a5_': 1.0}};{'d0': 0.024905841695334805};-276.475500744987;40.49485727801653
36554;-97.7428930944774;((((_a3_ * pow2(x)) + (_a4_ + (x + _a7_))) * x) / pow2(_a6_));{'d0': {'_a3_': 1.6028870140205194, '_a4_': 2333774.025953127, '_a6_': 0.688965805777065, '_a7_': -2333773.1833367883, '_a0_': 1.0, '_a1_': 1.0, '_a2_': 1.0, '_a5_': 1.0}};{'d0': 0.024905841695334805};-276.475500744987;40.49485727801653
36555;-98.7865220744252;((((_a3_ * pow2(x)) + (_a4_ + (x * _a7_))) * x) / pow2(_a6_));{'d0': {'_a3_': 77.29796183537627, '_a4_': 40.63490246159831, '_a6_': 4.7844705688272215, '_a7_': 48.2230612853501, '_a0_': 1.0, '_a1_': 1.0, '_a2_': 1.0, '_a5_': 1.0}};{'d0': 0.02490583292013431};-276.475521885093;39.451238868121536
36556;-98.7865220744252;((((_a3_ * pow2(x)) + (_a4_ + (x * _a7_))) * x) / pow2(_a6_));{'d0': {'_a3_': 77.29796183537627, '_a4_': 40.63490246159831, '_a6_': 4.7844705688272215, '_a7_': 48.2230612853501, '_a0_': 1.0, '_a1_': 1.0, '_a2_': 1.0, '_a5_': 1.0}};{'d0': 0.02490583292013431};-276.475521885093;39.451238868121536
36557;-98.7865220744252;((((_a3_ * pow2(x)) + (_a4_ + (x * _a7_))) * x) / pow2(_a6_));{'d0': {'_a3_': 77.29796183537627, '_a4_': 40.63490246159831, '_a6_': 4.7844705688272215, '_a7_': 48.2230612853501, '_a0_': 1.0, '_a1_': 1.0, '_a2_': 1.0, '_a5_': 1.0}};{'d0': 0.02490583292013431};-276.475521885093;39.451238868121536
36558;-98.7865220744252;((((_a3_ * pow2(x)) + (_a4_ + (x * _a7_))) * x) / pow2(_a6_));{'d0': {'_a3_': 77.29796183537627, '_a4_': 40.63490246159831, '_a6_': 4.7844705688272215, '_a7_': 48.2230612853501, '_a0_': 1.0, '_a1_': 1.0, '_a2_': 1.0, '_a5_': 1.0}};{'d0': 0.02490583292013431};-276.475521885093;39.451238868121536
36559;-98.7865220744252;((((_a3_ * pow2(x)) + (_a4_ + (x * _a7_))) * x) / pow2(_a6_));{'d0': {'_a3_': 77.29796183537627, '_a4_': 40.63490246159831, '_a6_': 4.7844705688272215, '_a7_': 48.2230612853501, '_a0_': 1.0, '_a1_': 1.0, '_a2_': 1.0, '_a5_': 1.0}};{'d0': 0.02490583292013431};-276.475521885093;39.451238868121536
36560;-98.7865220744252;((((_a3_ * pow2(x)) + (_a4_ + (x * _a7_))) * x) / pow2(_a6_));{'d0': {'_a3_': 77.29796183537627, '_a4_': 40.63490246159831, '_a6_': 4.7844705688272215, '_a7_': 48.2230612853501, '_a0_': 1.0, '_a1_': 1.0, '_a2_': 1.0, '_a5_': 1.0}};{'d0': 0.02490583292013431};-276.475521885093;39.451238868121536
36561;-98.7865220744252;((((_a3_ * pow2(x)) + (_a4_ + (x * _a7_))) * x) / pow2(_a6_));{'d0': {'_a3_': 77.29796183537627, '_a4_': 40.63490246159831, '_a6_': 4.7844705688272215, '_a7_': 48.2230612853501, '_a0_': 1.0, '_a1_': 1.0, '_a2_': 1.0, '_a5_': 1.0}};{'d0': 0.02490583292013431};-276.475521885093;39.451238868121536
36562;-98.7865220744252;((((_a3_ * pow2(x)) + (_a4_ + (x * _a7_))) * x) / pow2(_a6_));{'d0': {'_a3_': 77.29796183537627, '_a4_': 40.63490246159831, '_a6_': 4.7844705688272215, '_a7_': 48.2230612853501, '_a0_': 1.0, '_a1_': 1.0, '_a2_': 1.0, '_a5_': 1.0}};{'d0': 0.02490583292013431};-276.475521885093;39.451238868121536
36563;-100.378870770526;(((x * (x * x)) * -(_a6_)) + (((_a7_ * x) + _a4_) * x));{'d0': {'_a4_': 1.7751354041092324, '_a6_': -3.376760879649846, '_a7_': 2.1066240689389244, '_a0_': 1.0, '_a1_': 1.0, '_a2_': 1.0, '_a3_': 1.0, '_a5_': 1.0}};{'d0': 0.024905832919416598};-280.569866449044;39.90606245399535
36564;-100.378870770526;(((x * (x * x)) * -(_a6_)) + (((_a7_ * x) + _a4_) * x));{'d0': {'_a4_': 1.7751354041092324, '_a6_': -3.376760879649846, '_a7_': 2.1066240689389244, '_a0_': 1.0, '_a1_': 1.0, '_a2_': 1.0, '_a3_': 1.0, '_a5_': 1.0}};{'d0': 0.024905832919416598};-280.569866449044;39.90606245399535
36565;-100.378870770526;(((x * (x * x)) * -(_a6_)) + (((_a7_ * x) + _a4_) * x));{'d0': {'_a4_': 1.7751354041092324, '_a6_': -3.376760879649846, '_a7_': 2.1066240689389244, '_a0_': 1.0, '_a1_': 1.0, '_a2_': 1.0, '_a3_': 1.0, '_a5_': 1.0}};{'d0': 0.024905832919416598};-280.569866449044;39.90606245399535
36566;-100.378870770526;(((x * (x * x)) * -(_a6_)) + (((_a7_ * x) + _a4_) * x));{'d0': {'_a4_': 1.7751354041092324, '_a6_': -3.376760879649846, '_a7_': 2.1066240689389244, '_a0_': 1.0, '_a1_': 1.0, '_a2_': 1.0, '_a3_': 1.0, '_a5_': 1.0}};{'d0': 0.024905832919416598};-280.569866449044;39.90606245399535
36567;-100.378870770526;(((x * (x * x)) * -(_a6_)) + (((_a7_ * x) + _a4_) * x));{'d0': {'_a4_': 1.7751354041092324, '_a6_': -3.376760879649846, '_a7_': 2.1066240689389244, '_a0_': 1.0, '_a1_': 1.0, '_a2_': 1.0, '_a3_': 1.0, '_a5_': 1.0}};{'d0': 0.024905832919416598};-280.569866449044;39.90606245399535
36568;-100.378870770526;(((x * (x * x)) * -(_a6_)) + (((_a7_ * x) + _a4_) * x));{'d0': {'_a4_': 1.7751354041092324, '_a6_': -3.376760879649846, '_a7_': 2.1066240689389244, '_a0_': 1.0, '_a1_': 1.0, '_a2_': 1.0, '_a3_': 1.0, '_a5_': 1.0}};{'d0': 0.024905832919416598};-280.569866449044;39.90606245399535
36569;-100.378870770526;(((x * (x * x)) * -(_a6_)) + (((_a7_ * x) + _a4_) * x));{'d0': {'_a4_': 1.7751354041092324, '_a6_': -3.376760879649846, '_a7_': 2.1066240689389244, '_a0_': 1.0, '_a1_': 1.0, '_a2_': 1.0, '_a3_': 1.0, '_a5_': 1.0}};{'d0': 0.024905832919416598};-280.569866449044;39.90606245399535
36570;-100.378870770526;(((x * (x * x)) * -(_a6_)) + (((_a7_ * x) + _a4_) * x));{'d0': {'_a4_': 1.7751354041092324, '_a6_': -3.376760879649846, '_a7_': 2.1066240689389244, '_a0_': 1.0, '_a1_': 1.0, '_a2_': 1.0, '_a3_': 1.0, '_a5_': 1.0}};{'d0': 0.024905832919416598};-280.569866449044;39.90606245399535
36571;-100.378870770526;(((x * (x * x)) * -(_a6_)) + (((_a7_ * x) + _a4_) * x));{'d0': {'_a4_': 1.7751354041092324, '_a6_': -3.376760879649846, '_a7_': 2.1066240689389244, '_a0_': 1.0, '_a1_': 1.0, '_a2_': 1.0, '_a3_': 1.0, '_a5_': 1.0}};{'d0': 0.024905832919416598};-280.569866449044;39.90606245399535
36572;-100.378870770526;(((x * (x * x)) * -(_a6_)) + (((_a7_ * x) + _a4_) * x));{'d0': {'_a4_': 1.7751354041092324, '_a6_': -3.376760879649846, '_a7_': 2.1066240689389244, '_a0_': 1.0, '_a1_': 1.0, '_a2_': 1.0, '_a3_': 1.0, '_a5_': 1.0}};{'d0': 0.024905832919416598};-280.569866449044;39.90606245399535
36573;-100.378870770526;(((x * (x * x)) * -(_a6_)) + (((_a7_ * x) + _a4_) * x));{'d0': {'_a4_': 1.7751354041092324, '_a6_': -3.376760879649846, '_a7_': 2.1066240689389244, '_a0_': 1.0, '_a1_': 1.0, '_a2_': 1.0, '_a3_': 1.0, '_a5_': 1.0}};{'d0': 0.024905832919416598};-280.569866449044;39.90606245399535
36574;-100.378870770526;(((x * (x * x)) * -(_a6_)) + (((_a7_ * x) + _a4_) * x));{'d0': {'_a4_': 1.7751354041092324, '_a6_': -3.376760879649846, '_a7_': 2.1066240689389244, '_a0_': 1.0, '_a1_': 1.0, '_a2_': 1.0, '_a3_': 1.0, '_a5_': 1.0}};{'d0': 0.024905832919416598};-280.569866449044;39.90606245399535
36575;-100.378870770526;(((x * (x * x)) * -(_a6_)) + (((_a7_ * x) + _a4_) * x));{'d0': {'_a4_': 1.7751354041092324, '_a6_': -3.376760879649846, '_a7_': 2.1066240689389244, '_a0_': 1.0, '_a1_': 1.0, '_a2_': 1.0, '_a3_': 1.0, '_a5_': 1.0}};{'d0': 0.024905832919416598};-280.569866449044;39.90606245399535
36576;-100.378870770526;(((x * (x * x)) * -(_a6_)) + (((_a7_ * x) + _a4_) * x));{'d0': {'_a4_': 1.7751354041092324, '_a6_': -3.376760879649846, '_a7_': 2.1066240689389244, '_a0_': 1.0, '_a1_': 1.0, '_a2_': 1.0, '_a3_': 1.0, '_a5_': 1.0}};{'d0': 0.024905832919416598};-280.569866449044;39.90606245399535
36577;-100.378870770526;(((x * (x * x)) * -(_a6_)) + (((_a7_ * x) + _a4_) * x));{'d0': {'_a4_': 1.7751354041092324, '_a6_': -3.376760879649846, '_a7_': 2.1066240689389244, '_a0_': 1.0, '_a1_': 1.0, '_a2_': 1.0, '_a3_': 1.0, '_a5_': 1.0}};{'d0': 0.024905832919416598};-280.569866449044;39.90606245399535
36578;-100.378870770526;(((x * (x * x)) * -(_a6_)) + (((_a7_ * x) + _a4_) * x));{'d0': {'_a4_': 1.7751354041092324, '_a6_': -3.376760879649846, '_a7_': 2.1066240689389244, '_a0_': 1.0, '_a1_': 1.0, '_a2_': 1.0, '_a3_': 1.0, '_a5_': 1.0}};{'d0': 0.024905832919416598};-280.569866449044;39.90606245399535
36579;-100.378870770526;(((x * (x * x)) * -(_a6_)) + (((_a7_ * x) + _a4_) * x));{'d0': {'_a4_': 1.7751354041092324, '_a6_': -3.376760879649846, '_a7_': 2.1066240689389244, '_a0_': 1.0, '_a1_': 1.0, '_a2_': 1.0, '_a3_': 1.0, '_a5_': 1.0}};{'d0': 0.024905832919416598};-280.569866449044;39.90606245399535
36580;-100.378870770526;(((x * (x * x)) * -(_a6_)) + (((_a7_ * x) + _a4_) * x));{'d0': {'_a4_': 1.7751354041092324, '_a6_': -3.376760879649846, '_a7_': 2.1066240689389244, '_a0_': 1.0, '_a1_': 1.0, '_a2_': 1.0, '_a3_': 1.0, '_a5_': 1.0}};{'d0': 0.024905832919416598};-280.569866449044;39.90606245399535
36581;-100.378870770526;(((x * (x * x)) * -(_a6_)) + (((_a7_ * x) + _a4_) * x));{'d0': {'_a4_': 1.7751354041092324, '_a6_': -3.376760879649846, '_a7_': 2.1066240689389244, '_a0_': 1.0, '_a1_': 1.0, '_a2_': 1.0, '_a3_': 1.0, '_a5_': 1.0}};{'d0': 0.024905832919416598};-280.569866449044;39.90606245399535
36582;-100.378870770526;(((x * (x * x)) * -(_a6_)) + (((_a7_ * x) + _a4_) * x));{'d0': {'_a4_': 1.7751354041092324, '_a6_': -3.376760879649846, '_a7_': 2.1066240689389244, '_a0_': 1.0, '_a1_': 1.0, '_a2_': 1.0, '_a3_': 1.0, '_a5_': 1.0}};{'d0': 0.024905832919416598};-280.569866449044;39.90606245399535
36583;-100.378870770526;(((x * (x * x)) * -(_a6_)) + (((_a7_ * x) + _a4_) * x));{'d0': {'_a4_': 1.7751354041092324, '_a6_': -3.376760879649846, '_a7_': 2.1066240689389244, '_a0_': 1.0, '_a1_': 1.0, '_a2_': 1.0, '_a3_': 1.0, '_a5_': 1.0}};{'d0': 0.024905832919416598};-280.569866449044;39.90606245399535
36584;-100.378870770526;(((x * (x * x)) * -(_a6_)) + (((_a7_ * x) + _a4_) * x));{'d0': {'_a4_': 1.7751354041092324, '_a6_': -3.376760879649846, '_a7_': 2.1066240689389244, '_a0_': 1.0, '_a1_': 1.0, '_a2_': 1.0, '_a3_': 1.0, '_a5_': 1.0}};{'d0': 0.024905832919416598};-280.569866449044;39.90606245399535
36585;-100.378870770526;(((x * (x * x)) * -(_a6_)) + (((_a7_ * x) + _a4_) * x));{'d0': {'_a4_': 1.7751354041092324, '_a6_': -3.376760879649846, '_a7_': 2.1066240689389244, '_a0_': 1.0, '_a1_': 1.0, '_a2_': 1.0, '_a3_': 1.0, '_a5_': 1.0}};{'d0': 0.024905832919416598};-280.569866449044;39.90606245399535
36586;-100.378870770526;(((x * (x * x)) * -(_a6_)) + (((_a7_ * x) + _a4_) * x));{'d0': {'_a4_': 1.7751354041092324, '_a6_': -3.376760879649846, '_a7_': 2.1066240689389244, '_a0_': 1.0, '_a1_': 1.0, '_a2_': 1.0, '_a3_': 1.0, '_a5_': 1.0}};{'d0': 0.024905832919416598};-280.569866449044;39.90606245399535
36587;-100.378870770526;(((x * (x * x)) * -(_a6_)) + (((_a7_ * x) + _a4_) * x));{'d0': {'_a4_': 1.7751354041092324, '_a6_': -3.376760879649846, '_a7_': 2.1066240689389244, '_a0_': 1.0, '_a1_': 1.0, '_a2_': 1.0, '_a3_': 1.0, '_a5_': 1.0}};{'d0': 0.024905832919416598};-280.569866449044;39.90606245399535
36588;-100.378870770526;(((x * (x * x)) * -(_a6_)) + (((_a7_ * x) + _a4_) * x));{'d0': {'_a4_': 1.7751354041092324, '_a6_': -3.376760879649846, '_a7_': 2.1066240689389244, '_a0_': 1.0, '_a1_': 1.0, '_a2_': 1.0, '_a3_': 1.0, '_a5_': 1.0}};{'d0': 0.024905832919416598};-280.569866449044;39.90606245399535
36589;-100.378870770526;(((x * (x * x)) * -(_a6_)) + (((_a7_ * x) + _a4_) * x));{'d0': {'_a4_': 1.7751354041092324, '_a6_': -3.376760879649846, '_a7_': 2.1066240689389244, '_a0_': 1.0, '_a1_': 1.0, '_a2_': 1.0, '_a3_': 1.0, '_a5_': 1.0}};{'d0': 0.024905832919416598};-280.569866449044;39.90606245399535
36590;-100.378870770526;(((x * (x * x)) * -(_a6_)) + (((_a7_ * x) + _a4_) * x));{'d0': {'_a4_': 1.7751354041092324, '_a6_': -3.376760879649846, '_a7_': 2.1066240689389244, '_a0_': 1.0, '_a1_': 1.0, '_a2_': 1.0, '_a3_': 1.0, '_a5_': 1.0}};{'d0': 0.024905832919416598};-280.569866449044;39.90606245399535
36591;-96.6809362979163;(((x * (x * x)) * -(_a6_)) + (((pow2(_a7_) * x) + _a4_) * x));{'d0': {'_a4_': 1.775135404377348, '_a6_': -3.3767608787549706, '_a7_': 1.4514213959244444, '_a0_': 1.0, '_a1_': 1.0, '_a2_': 1.0, '_a3_': 1.0, '_a5_': 1.0}};{'d0': 0.024905832919416653};-280.569866449044;43.60399692660535
36592;-96.6809362979163;(((x * (x * x)) * -(_a6_)) + (((pow2(_a7_) * x) + _a4_) * x));{'d0': {'_a4_': 1.775135404377348, '_a6_': -3.3767608787549706, '_a7_': 1.4514213959244444, '_a0_': 1.0, '_a1_': 1.0, '_a2_': 1.0, '_a3_': 1.0, '_a5_': 1.0}};{'d0': 0.024905832919416653};-280.569866449044;43.60399692660535
36593;-96.6809362979163;(((x * (x * x)) * -(_a6_)) + (((pow2(_a7_) * x) + _a4_) * x));{'d0': {'_a4_': 1.775135404377348, '_a6_': -3.3767608787549706, '_a7_': 1.4514213959244444, '_a0_': 1.0, '_a1_': 1.0, '_a2_': 1.0, '_a3_': 1.0, '_a5_': 1.0}};{'d0': 0.024905832919416653};-280.569866449044;43.60399692660535
36594;-98.2585261643844;((x * _a7_) * ((((_a1_ * _a6_) * ((_a7_ / _a1_) + x)) * x) + _a1_));{'d0': {'_a1_': 1.6868341157787012, '_a6_': 1.902255382999981, '_a7_': 1.0523473457002614, '_a0_': 1.0, '_a2_': 1.0, '_a3_': 1.0, '_a4_': 1.0, '_a5_': 1.0}};{'d0': 0.0249058329194166};-280.569866449044;42.02640706013739
36595;-98.2585261643844;((x * _a7_) * ((((_a1_ * _a6_) * ((_a7_ / _a1_) + x)) * x) + _a1_));{'d0': {'_a1_': 1.6868341157787012, '_a6_': 1.902255382999981, '_a7_': 1.0523473457002614, '_a0_': 1.0, '_a2_': 1.0, '_a3_': 1.0, '_a4_': 1.0, '_a5_': 1.0}};{'d0': 0.0249058329194166};-280.569866449044;42.02640706013739
36596;-98.2585261643844;((x * _a7_) * ((((_a1_ * _a6_) * ((_a7_ / _a1_) + x)) * x) + _a1_));{'d0': {'_a1_': 1.6868341157787012, '_a6_': 1.902255382999981, '_a7_': 1.0523473457002614, '_a0_': 1.0, '_a2_': 1.0, '_a3_': 1.0, '_a4_': 1.0, '_a5_': 1.0}};{'d0': 0.0249058329194166};-280.569866449044;42.02640706013739
36597;-96.6809362979163;(((x * (x * x)) * -(_a6_)) + (((pow2(_a7_) * x) + _a4_) * x));{'d0': {'_a4_': 1.775135404377348, '_a6_': -3.3767608787549706, '_a7_': 1.4514213959244444, '_a0_': 1.0, '_a1_': 1.0, '_a2_': 1.0, '_a3_': 1.0, '_a5_': 1.0}};{'d0': 0.024905832919416653};-280.569866449044;43.60399692660535
36598;-96.6809362979163;(((x * (x * x)) * -(_a6_)) + (((pow2(_a7_) * x) + _a4_) * x));{'d0': {'_a4_': 1.775135404377348, '_a6_': -3.3767608787549706, '_a7_': 1.4514213959244444, '_a0_': 1.0, '_a1_': 1.0, '_a2_': 1.0, '_a3_': 1.0, '_a5_': 1.0}};{'d0': 0.024905832919416653};-280.569866449044;43.60399692660535
36599;-98.2585261643844;((x * _a7_) * ((((_a1_ * _a6_) * ((_a7_ / _a1_) + x)) * x) + _a1_));{'d0': {'_a1_': 1.6868341157787012, '_a6_': 1.902255382999981, '_a7_': 1.0523473457002614, '_a0_': 1.0, '_a2_': 1.0, '_a3_': 1.0, '_a4_': 1.0, '_a5_': 1.0}};{'d0': 0.0249058329194166};-280.569866449044;42.02640706013739
36600;-98.2585261643844;((x * _a7_) * ((((_a1_ * _a6_) * ((_a7_ / _a1_) + x)) * x) + _a1_));{'d0': {'_a1_': 1.6868341157787012, '_a6_': 1.902255382999981, '_a7_': 1.0523473457002614, '_a0_': 1.0, '_a2_': 1.0, '_a3_': 1.0, '_a4_': 1.0, '_a5_': 1.0}};{'d0': 0.0249058329194166};-280.569866449044;42.02640706013739
36601;-98.2585261643844;((x * _a7_) * ((((_a1_ * _a6_) * ((_a7_ / _a1_) + x)) * x) + _a1_));{'d0': {'_a1_': 1.6868341157787012, '_a6_': 1.902255382999981, '_a7_': 1.0523473457002614, '_a0_': 1.0, '_a2_': 1.0, '_a3_': 1.0, '_a4_': 1.0, '_a5_': 1.0}};{'d0': 0.0249058329194166};-280.569866449044;42.02640706013739
36602;-98.2585261643844;((x * _a7_) * ((((_a1_ * _a6_) * ((_a7_ / _a1_) + x)) * x) + _a1_));{'d0': {'_a1_': 1.6868341157787012, '_a6_': 1.902255382999981, '_a7_': 1.0523473457002614, '_a0_': 1.0, '_a2_': 1.0, '_a3_': 1.0, '_a4_': 1.0, '_a5_': 1.0}};{'d0': 0.0249058329194166};-280.569866449044;42.02640706013739
36603;-98.2585261643843;((x * _a1_) * ((((_a1_ * _a6_) * ((_a7_ / _a1_) + x)) * x) + _a1_));{'d0': {'_a1_': 1.3323420748066084, '_a6_': 1.9022553827875897, '_a7_': 0.8311941480869266, '_a0_': 1.0, '_a2_': 1.0, '_a3_': 1.0, '_a4_': 1.0, '_a5_': 1.0}};{'d0': 0.024905832919416688};-280.569866449043;42.02640706013739
36604;-98.2585261643843;((x * _a1_) * ((((_a1_ * _a6_) * ((_a7_ / _a1_) + x)) * x) + _a1_));{'d0': {'_a1_': 1.3323420748066084, '_a6_': 1.9022553827875897, '_a7_': 0.8311941480869266, '_a0_': 1.0, '_a2_': 1.0, '_a3_': 1.0, '_a4_': 1.0, '_a5_': 1.0}};{'d0': 0.024905832919416688};-280.569866449043;42.02640706013739
36605;-98.2585261643843;((x * _a1_) * ((((_a1_ * _a6_) * ((_a7_ / _a1_) + x)) * x) + _a1_));{'d0': {'_a1_': 1.3323420748066084, '_a6_': 1.9022553827875897, '_a7_': 0.8311941480869266, '_a0_': 1.0, '_a2_': 1.0, '_a3_': 1.0, '_a4_': 1.0, '_a5_': 1.0}};{'d0': 0.024905832919416688};-280.569866449043;42.02640706013739
36606;-98.2585261643843;((x * _a1_) * ((((_a1_ * _a6_) * ((_a7_ / _a1_) + x)) * x) + _a1_));{'d0': {'_a1_': 1.3323420748066084, '_a6_': 1.9022553827875897, '_a7_': 0.8311941480869266, '_a0_': 1.0, '_a2_': 1.0, '_a3_': 1.0, '_a4_': 1.0, '_a5_': 1.0}};{'d0': 0.024905832919416688};-280.569866449043;42.02640706013739
36607;-98.2585261643843;((x * _a1_) * ((((_a1_ * _a6_) * ((_a7_ / _a1_) + x)) * x) + _a1_));{'d0': {'_a1_': 1.3323420748066084, '_a6_': 1.9022553827875897, '_a7_': 0.8311941480869266, '_a0_': 1.0, '_a2_': 1.0, '_a3_': 1.0, '_a4_': 1.0, '_a5_': 1.0}};{'d0': 0.024905832919416688};-280.569866449043;42.02640706013739
36608;-98.2585261643844;((x * _a1_) * ((((_a7_ * _a6_) * ((_a7_ / _a1_) + x)) * x) + _a1_));{'d0': {'_a1_': 1.3323420749185322, '_a6_': 3.0491731543046163, '_a7_': 0.8311941482973506, '_a0_': 1.0, '_a2_': 1.0, '_a3_': 1.0, '_a4_': 1.0, '_a5_': 1.0}};{'d0': 0.024905832919416615};-280.569866449044;42.02640706013739
36609;-98.2585261643844;((x * _a1_) * ((((_a7_ * _a6_) * ((_a7_ / _a1_) + x)) * x) + _a1_));{'d0': {'_a1_': 1.3323420749185322, '_a6_': 3.0491731543046163, '_a7_': 0.8311941482973506, '_a0_': 1.0, '_a2_': 1.0, '_a3_': 1.0, '_a4_': 1.0, '_a5_': 1.0}};{'d0': 0.024905832919416615};-280.569866449044;42.02640706013739
36610;-98.2585261643844;((x * _a1_) * ((((_a7_ * _a6_) * ((_a7_ / _a1_) + x)) * x) + _a1_));{'d0': {'_a1_': 1.3323420749185322, '_a6_': 3.0491731543046163, '_a7_': 0.8311941482973506, '_a0_': 1.0, '_a2_': 1.0, '_a3_': 1.0, '_a4_': 1.0, '_a5_': 1.0}};{'d0': 0.024905832919416615};-280.569866449044;42.02640706013739
36611;-102.011645630978;((x * _a1_) * ((((_a7_ * _a6_) * (_a2_ + x)) * x) + _a1_));{'d0': {'_a1_': 1.3323420748751997, '_a2_': 0.6238594156610253, '_a6_': 3.8931994920889785, '_a7_': 0.6509945400634167, '_a0_': 1.0, '_a3_': 1.0, '_a4_': 1.0, '_a5_': 1.0}};{'d0': 0.024905832934939268};-276.475521849426;36.226115293734985
36612;-96.2113538829292;((x * _a1_) * ((((_a7_ * (_a0_ / _a1_)) * (_a2_ + x)) * x) + _a1_));{'d0': {'_a0_': 2.6205389916054314, '_a1_': 1.3323420748386072, '_a2_': 0.6238594156318752, '_a7_': 1.2885747161908923, '_a3_': 1.0, '_a4_': 1.0, '_a5_': 1.0, '_a6_': 1.0}};{'d0': 0.02490583291970226};-276.475521886133;42.02640706013739
36613;-96.2113538829292;((x * _a1_) * ((((_a7_ * (_a0_ / _a1_)) * (_a2_ + x)) * x) + _a1_));{'d0': {'_a0_': 2.6205389916054314, '_a1_': 1.3323420748386072, '_a2_': 0.6238594156318752, '_a7_': 1.2885747161908923, '_a3_': 1.0, '_a4_': 1.0, '_a5_': 1.0, '_a6_': 1.0}};{'d0': 0.02490583291970226};-276.475521886133;42.02640706013739
36614;-96.0910445984609;((x * _a1_) * ((((_a7_ * (_a0_ + _a1_)) * (_a2_ + x)) * x) + _a1_));{'d0': {'_a0_': 2.668351870548124, '_a1_': 1.3323420749323804, '_a2_': 0.6238594156366101, '_a7_': 0.6335035370212563, '_a3_': 1.0, '_a4_': 1.0, '_a5_': 1.0, '_a6_': 1.0}};{'d0': 0.024905832921230428};-276.475521882452;42.14671634276499
36615;-96.0910445984609;((x * _a1_) * ((((_a7_ * (_a0_ + _a1_)) * (_a2_ + x)) * x) + _a1_));{'d0': {'_a0_': 2.668351870548124, '_a1_': 1.3323420749323804, '_a2_': 0.6238594156366101, '_a7_': 0.6335035370212563, '_a3_': 1.0, '_a4_': 1.0, '_a5_': 1.0, '_a6_': 1.0}};{'d0': 0.024905832921230428};-276.475521882452;42.14671634276499
36616;-96.0910445984609;((x * _a1_) * ((((_a7_ * (_a0_ + _a1_)) * (_a2_ + x)) * x) + _a1_));{'d0': {'_a0_': 2.668351870548124, '_a1_': 1.3323420749323804, '_a2_': 0.6238594156366101, '_a7_': 0.6335035370212563, '_a3_': 1.0, '_a4_': 1.0, '_a5_': 1.0, '_a6_': 1.0}};{'d0': 0.024905832921230428};-276.475521882452;42.14671634276499
36617;-96.0910445984609;((x * _a1_) * ((((_a7_ * (_a0_ + _a1_)) * (_a2_ + x)) * x) + _a1_));{'d0': {'_a0_': 2.668351870548124, '_a1_': 1.3323420749323804, '_a2_': 0.6238594156366101, '_a7_': 0.6335035370212563, '_a3_': 1.0, '_a4_': 1.0, '_a5_': 1.0, '_a6_': 1.0}};{'d0': 0.024905832921230428};-276.475521882452;42.14671634276499
36618;-96.0910445984609;((x * _a1_) * ((((_a7_ * (_a0_ + _a1_)) * (_a2_ + x)) * x) + _a1_));{'d0': {'_a0_': 2.668351870548124, '_a1_': 1.3323420749323804, '_a2_': 0.6238594156366101, '_a7_': 0.6335035370212563, '_a3_': 1.0, '_a4_': 1.0, '_a5_': 1.0, '_a6_': 1.0}};{'d0': 0.024905832921230428};-276.475521882452;42.14671634276499
36619;-96.0910445984609;((x * _a1_) * ((((_a7_ * (_a0_ + _a1_)) * (_a2_ + x)) * x) + _a1_));{'d0': {'_a0_': 2.668351870548124, '_a1_': 1.3323420749323804, '_a2_': 0.6238594156366101, '_a7_': 0.6335035370212563, '_a3_': 1.0, '_a4_': 1.0, '_a5_': 1.0, '_a6_': 1.0}};{'d0': 0.024905832921230428};-276.475521882452;42.14671634276499
36620;-96.0910445984609;((x * _a1_) * ((((_a7_ * (_a0_ + _a1_)) * (_a2_ + x)) * x) + _a1_));{'d0': {'_a0_': 2.668351870548124, '_a1_': 1.3323420749323804, '_a2_': 0.6238594156366101, '_a7_': 0.6335035370212563, '_a3_': 1.0, '_a4_': 1.0, '_a5_': 1.0, '_a6_': 1.0}};{'d0': 0.024905832921230428};-276.475521882452;42.14671634276499
36621;-96.0910445984609;((x * _a1_) * ((((_a7_ * (_a0_ + _a1_)) * (_a2_ + x)) * x) + _a1_));{'d0': {'_a0_': 2.668351870548124, '_a1_': 1.3323420749323804, '_a2_': 0.6238594156366101, '_a7_': 0.6335035370212563, '_a3_': 1.0, '_a4_': 1.0, '_a5_': 1.0, '_a6_': 1.0}};{'d0': 0.024905832921230428};-276.475521882452;42.14671634276499
36622;-96.0910445984609;((x * _a1_) * ((((_a7_ * (_a0_ + _a1_)) * (_a2_ + x)) * x) + _a1_));{'d0': {'_a0_': 2.668351870548124, '_a1_': 1.3323420749323804, '_a2_': 0.6238594156366101, '_a7_': 0.6335035370212563, '_a3_': 1.0, '_a4_': 1.0, '_a5_': 1.0, '_a6_': 1.0}};{'d0': 0.024905832921230428};-276.475521882452;42.14671634276499
36623;-96.0907596429028;((x * _a1_) * ((((_a7_ * (_a0_ + x)) * (_a2_ + x)) * x) + _a1_));{'d0': {'_a0_': 45238.9562756374, '_a1_': 1.3323370429795585, '_a2_': 0.623851962592201, '_a7_': 5.602439239259728e-05, '_a3_': 1.0, '_a4_': 1.0, '_a5_': 1.0, '_a6_': 1.0}};{'d0': 0.024906069490871263};-276.474951971336;42.14671634276499
36624;-94.0436645485734;((x * _a1_) * ((((_a7_ * (_a0_ + x)) * (_a2_ + x)) * x) + _a6_));{'d0': {'_a0_': 62030.17514534083, '_a1_': 1.4243067973897625, '_a2_': 0.6238539797848316, '_a6_': 1.2463084624487477, '_a7_': 3.822050037365896e-05, '_a3_': 1.0, '_a4_': 1.0, '_a5_': 1.0}};{'d0': 0.02490600541030882};-272.380761782677;42.14671634276499
36625;-94.0436645485734;((x * _a1_) * ((((_a7_ * (_a0_ + x)) * (_a2_ + x)) * x) + _a6_));{'d0': {'_a0_': 62030.17514534083, '_a1_': 1.4243067973897625, '_a2_': 0.6238539797848316, '_a6_': 1.2463084624487477, '_a7_': 3.822050037365896e-05, '_a3_': 1.0, '_a4_': 1.0, '_a5_': 1.0}};{'d0': 0.02490600541030882};-272.380761782677;42.14671634276499
36626;-94.0436645485734;((x * _a1_) * ((((_a7_ * (_a0_ + x)) * (_a2_ + x)) * x) + _a6_));{'d0': {'_a0_': 62030.17514534083, '_a1_': 1.4243067973897625, '_a2_': 0.6238539797848316, '_a6_': 1.2463084624487477, '_a7_': 3.822050037365896e-05, '_a3_': 1.0, '_a4_': 1.0, '_a5_': 1.0}};{'d0': 0.02490600541030882};-272.380761782677;42.14671634276499
36627;-94.0436645485734;((x * _a1_) * ((((_a7_ * (_a0_ + x)) * (_a2_ + x)) * x) + _a6_));{'d0': {'_a0_': 62030.17514534083, '_a1_': 1.4243067973897625, '_a2_': 0.6238539797848316, '_a6_': 1.2463084624487477, '_a7_': 3.822050037365896e-05, '_a3_': 1.0, '_a4_': 1.0, '_a5_': 1.0}};{'d0': 0.02490600541030882};-272.380761782677;42.14671634276499
36628;-94.0436645485734;((x * _a1_) * ((((_a7_ * (_a0_ + x)) * (_a2_ + x)) * x) + _a6_));{'d0': {'_a0_': 62030.17514534083, '_a1_': 1.4243067973897625, '_a2_': 0.6238539797848316, '_a6_': 1.2463084624487477, '_a7_': 3.822050037365896e-05, '_a3_': 1.0, '_a4_': 1.0, '_a5_': 1.0}};{'d0': 0.02490600541030882};-272.380761782677;42.14671634276499
36629;-96.0908230449835;((x * _a1_) * ((((_a7_ * (_a0_ + x)) * (_a6_ + x)) * x) + _a6_));{'d0': {'_a0_': 58179.52690131608, '_a1_': 2.845419045103512, '_a6_': 0.6238536208969828, '_a7_': 2.0397938957374605e-05, '_a2_': 1.0, '_a3_': 1.0, '_a4_': 1.0, '_a5_': 1.0}};{'d0': 0.024906016854372645};-276.475078775497;42.14671634276499
36630;-96.0908230449835;((x * _a1_) * ((((_a7_ * (_a0_ + x)) * (_a6_ + x)) * x) + _a6_));{'d0': {'_a0_': 58179.52690131608, '_a1_': 2.845419045103512, '_a6_': 0.6238536208969828, '_a7_': 2.0397938957374605e-05, '_a2_': 1.0, '_a3_': 1.0, '_a4_': 1.0, '_a5_': 1.0}};{'d0': 0.024906016854372645};-276.475078775497;42.14671634276499
36631;-96.0911584556496;((x * _a1_) * ((((_a7_ * (_a0_ + x)) * (_a1_ + x)) * x) + _a6_));{'d0': {'_a0_': -112999.61278393245, '_a1_': 0.6238624007699993, '_a6_': 2.845404333381244, '_a7_': -4.789957982030085e-05, '_a2_': 1.0, '_a3_': 1.0, '_a4_': 1.0, '_a5_': 1.0}};{'d0': 0.024905738397805837};-276.475749596829;42.14671634276499
36632;-96.0911584556496;((x * _a1_) * ((((_a7_ * (_a0_ + x)) * (_a1_ + x)) * x) + _a6_));{'d0': {'_a0_': -112999.61278393245, '_a1_': 0.6238624007699993, '_a6_': 2.845404333381244, '_a7_': -4.789957982030085e-05, '_a2_': 1.0, '_a3_': 1.0, '_a4_': 1.0, '_a5_': 1.0}};{'d0': 0.024905738397805837};-276.475749596829;42.14671634276499
36633;-96.0911584556496;((x * _a1_) * ((((_a7_ * (_a0_ + x)) * (_a1_ + x)) * x) + _a6_));{'d0': {'_a0_': -112999.61278393245, '_a1_': 0.6238624007699993, '_a6_': 2.845404333381244, '_a7_': -4.789957982030085e-05, '_a2_': 1.0, '_a3_': 1.0, '_a4_': 1.0, '_a5_': 1.0}};{'d0': 0.024905738397805837};-276.475749596829;42.14671634276499
36634;-96.0911584556496;((x * _a1_) * ((((_a7_ * (_a0_ + x)) * (_a1_ + x)) * x) + _a6_));{'d0': {'_a0_': -112999.61278393245, '_a1_': 0.6238624007699993, '_a6_': 2.845404333381244, '_a7_': -4.789957982030085e-05, '_a2_': 1.0, '_a3_': 1.0, '_a4_': 1.0, '_a5_': 1.0}};{'d0': 0.024905738397805837};-276.475749596829;42.14671634276499
36635;-96.0911584556496;((x * _a1_) * ((((_a7_ * (_a0_ + x)) * (_a1_ + x)) * x) + _a6_));{'d0': {'_a0_': -112999.61278393245, '_a1_': 0.6238624007699993, '_a6_': 2.845404333381244, '_a7_': -4.789957982030085e-05, '_a2_': 1.0, '_a3_': 1.0, '_a4_': 1.0, '_a5_': 1.0}};{'d0': 0.024905738397805837};-276.475749596829;42.14671634276499
36636;-96.0911584556496;((x * _a1_) * ((((_a7_ * (_a0_ + x)) * (_a1_ + x)) * x) + _a6_));{'d0': {'_a0_': -112999.61278393245, '_a1_': 0.6238624007699993, '_a6_': 2.845404333381244, '_a7_': -4.789957982030085e-05, '_a2_': 1.0, '_a3_': 1.0, '_a4_': 1.0, '_a5_': 1.0}};{'d0': 0.024905738397805837};-276.475749596829;42.14671634276499
36637;-96.0911584556496;((x * _a1_) * ((((_a7_ * (_a0_ + x)) * (_a1_ + x)) * x) + _a6_));{'d0': {'_a0_': -112999.61278393245, '_a1_': 0.6238624007699993, '_a6_': 2.845404333381244, '_a7_': -4.789957982030085e-05, '_a2_': 1.0, '_a3_': 1.0, '_a4_': 1.0, '_a5_': 1.0}};{'d0': 0.024905738397805837};-276.475749596829;42.14671634276499
36638;-96.0911584556496;((x * _a1_) * ((((_a7_ * (_a0_ + x)) * (_a1_ + x)) * x) + _a6_));{'d0': {'_a0_': -112999.61278393245, '_a1_': 0.6238624007699993, '_a6_': 2.845404333381244, '_a7_': -4.789957982030085e-05, '_a2_': 1.0, '_a3_': 1.0, '_a4_': 1.0, '_a5_': 1.0}};{'d0': 0.024905738397805837};-276.475749596829;42.14671634276499
36639;-96.0911584556496;((x * _a1_) * ((((_a7_ * (_a0_ + x)) * (_a1_ + x)) * x) + _a6_));{'d0': {'_a0_': -112999.61278393245, '_a1_': 0.6238624007699993, '_a6_': 2.845404333381244, '_a7_': -4.789957982030085e-05, '_a2_': 1.0, '_a3_': 1.0, '_a4_': 1.0, '_a5_': 1.0}};{'d0': 0.024905738397805837};-276.475749596829;42.14671634276499
36640;-96.0911584556496;((x * _a1_) * ((((_a7_ * (_a0_ + x)) * (_a1_ + x)) * x) + _a6_));{'d0': {'_a0_': -112999.61278393245, '_a1_': 0.6238624007699993, '_a6_': 2.845404333381244, '_a7_': -4.789957982030085e-05, '_a2_': 1.0, '_a3_': 1.0, '_a4_': 1.0, '_a5_': 1.0}};{'d0': 0.024905738397805837};-276.475749596829;42.14671634276499
36641;-96.0911584556496;((x * _a1_) * ((((_a7_ * (_a0_ + x)) * (_a1_ + x)) * x) + _a6_));{'d0': {'_a0_': -112999.61278393245, '_a1_': 0.6238624007699993, '_a6_': 2.845404333381244, '_a7_': -4.789957982030085e-05, '_a2_': 1.0, '_a3_': 1.0, '_a4_': 1.0, '_a5_': 1.0}};{'d0': 0.024905738397805837};-276.475749596829;42.14671634276499
36642;-96.0911584556496;((x * _a1_) * ((((_a7_ * (_a0_ + x)) * (_a1_ + x)) * x) + _a6_));{'d0': {'_a0_': -112999.61278393245, '_a1_': 0.6238624007699993, '_a6_': 2.845404333381244, '_a7_': -4.789957982030085e-05, '_a2_': 1.0, '_a3_': 1.0, '_a4_': 1.0, '_a5_': 1.0}};{'d0': 0.024905738397805837};-276.475749596829;42.14671634276499
36643;-96.0911584556496;((x * _a1_) * ((((_a7_ * (_a0_ + x)) * (_a1_ + x)) * x) + _a6_));{'d0': {'_a0_': -112999.61278393245, '_a1_': 0.6238624007699993, '_a6_': 2.845404333381244, '_a7_': -4.789957982030085e-05, '_a2_': 1.0, '_a3_': 1.0, '_a4_': 1.0, '_a5_': 1.0}};{'d0': 0.024905738397805837};-276.475749596829;42.14671634276499
36644;-96.1784012277275;((x * _a1_) * ((((_a3_ * (_a0_ + x)) * (_a1_ + x)) * x) + _a6_));{'d0': {'_a0_': -73.41533603943306, '_a1_': 0.6284130986460797, '_a3_': -0.07278257751751294, '_a6_': 2.8378780133416157, '_a2_': 1.0, '_a4_': 1.0, '_a5_': 1.0, '_a7_': 1.0}};{'d0': 0.024833415421109267};-276.650235140985;42.14671634276499
36645;-96.1784012277275;((x * _a1_) * ((((_a3_ * (_a0_ + x)) * (_a1_ + x)) * x) + _a6_));{'d0': {'_a0_': -73.41533603943306, '_a1_': 0.6284130986460797, '_a3_': -0.07278257751751294, '_a6_': 2.8378780133416157, '_a2_': 1.0, '_a4_': 1.0, '_a5_': 1.0, '_a7_': 1.0}};{'d0': 0.024833415421109267};-276.650235140985;42.14671634276499
36646;-96.1784012277275;((x * _a1_) * ((((_a3_ * (_a0_ + x)) * (_a1_ + x)) * x) + _a6_));{'d0': {'_a0_': -73.41533603943306, '_a1_': 0.6284130986460797, '_a3_': -0.07278257751751294, '_a6_': 2.8378780133416157, '_a2_': 1.0, '_a4_': 1.0, '_a5_': 1.0, '_a7_': 1.0}};{'d0': 0.024833415421109267};-276.650235140985;42.14671634276499
36647;-96.1784012277275;((x * _a1_) * ((((_a3_ * (_a0_ + x)) * (_a1_ + x)) * x) + _a6_));{'d0': {'_a0_': -73.41533603943306, '_a1_': 0.6284130986460797, '_a3_': -0.07278257751751294, '_a6_': 2.8378780133416157, '_a2_': 1.0, '_a4_': 1.0, '_a5_': 1.0, '_a7_': 1.0}};{'d0': 0.024833415421109267};-276.650235140985;42.14671634276499
36648;-96.1784012277275;((x * _a1_) * ((((_a3_ * (_a0_ + x)) * (_a1_ + x)) * x) + _a6_));{'d0': {'_a0_': -73.41533603943306, '_a1_': 0.6284130986460797, '_a3_': -0.07278257751751294, '_a6_': 2.8378780133416157, '_a2_': 1.0, '_a4_': 1.0, '_a5_': 1.0, '_a7_': 1.0}};{'d0': 0.024833415421109267};-276.650235140985;42.14671634276499
36649;-96.1784012277275;((x * _a1_) * ((((_a3_ * (_a0_ + x)) * (_a1_ + x)) * x) + _a6_));{'d0': {'_a0_': -73.41533603943306, '_a1_': 0.6284130986460797, '_a3_': -0.07278257751751294, '_a6_': 2.8378780133416157, '_a2_': 1.0, '_a4_': 1.0, '_a5_': 1.0, '_a7_': 1.0}};{'d0': 0.024833415421109267};-276.650235140985;42.14671634276499
36650;-96.1784012277275;((x * _a1_) * ((((_a3_ * (_a0_ + x)) * (_a1_ + x)) * x) + _a6_));{'d0': {'_a0_': -73.41533603943306, '_a1_': 0.6284130986460797, '_a3_': -0.07278257751751294, '_a6_': 2.8378780133416157, '_a2_': 1.0, '_a4_': 1.0, '_a5_': 1.0, '_a7_': 1.0}};{'d0': 0.024833415421109267};-276.650235140985;42.14671634276499
36651;-96.1784012277275;((x * _a1_) * ((((_a3_ * (_a0_ + x)) * (_a1_ + x)) * x) + _a6_));{'d0': {'_a0_': -73.41533603943306, '_a1_': 0.6284130986460797, '_a3_': -0.07278257751751294, '_a6_': 2.8378780133416157, '_a2_': 1.0, '_a4_': 1.0, '_a5_': 1.0, '_a7_': 1.0}};{'d0': 0.024833415421109267};-276.650235140985;42.14671634276499
36652;-96.1784012277275;((x * _a1_) * ((((_a3_ * (_a0_ + x)) * (_a1_ + x)) * x) + _a6_));{'d0': {'_a0_': -73.41533603943306, '_a1_': 0.6284130986460797, '_a3_': -0.07278257751751294, '_a6_': 2.8378780133416157, '_a2_': 1.0, '_a4_': 1.0, '_a5_': 1.0, '_a7_': 1.0}};{'d0': 0.024833415421109267};-276.650235140985;42.14671634276499
36653;-95.3998066730996;((x / _a1_) * ((((_a3_ * (_a0_ + x)) * (_a1_ + x)) * x) + _a6_));{'d0': {'_a0_': -73.41549415577151, '_a1_': 0.6284130883986427, '_a3_': -0.028741997662757597, '_a6_': 1.1206865748660542, '_a2_': 1.0, '_a4_': 1.0, '_a5_': 1.0, '_a7_': 1.0}};{'d0': 0.024833415421113014};-276.650235140976;42.925310897388385
36654;-95.3998066730996;((x / _a1_) * ((((_a3_ * (_a0_ + x)) * (_a1_ + x)) * x) + _a6_));{'d0': {'_a0_': -73.41549415577151, '_a1_': 0.6284130883986427, '_a3_': -0.028741997662757597, '_a6_': 1.1206865748660542, '_a2_': 1.0, '_a4_': 1.0, '_a5_': 1.0, '_a7_': 1.0}};{'d0': 0.024833415421113014};-276.650235140976;42.925310897388385
36655;-95.3998066730996;((x / _a1_) * ((((_a3_ * (_a0_ + x)) * (_a1_ + x)) * x) + _a6_));{'d0': {'_a0_': -73.41549415577151, '_a1_': 0.6284130883986427, '_a3_': -0.028741997662757597, '_a6_': 1.1206865748660542, '_a2_': 1.0, '_a4_': 1.0, '_a5_': 1.0, '_a7_': 1.0}};{'d0': 0.024833415421113014};-276.650235140976;42.925310897388385
36656;-95.3998066730996;((x / _a1_) * ((((_a3_ * (_a0_ + x)) * (_a1_ + x)) * x) + _a6_));{'d0': {'_a0_': -73.41549415577151, '_a1_': 0.6284130883986427, '_a3_': -0.028741997662757597, '_a6_': 1.1206865748660542, '_a2_': 1.0, '_a4_': 1.0, '_a5_': 1.0, '_a7_': 1.0}};{'d0': 0.024833415421113014};-276.650235140976;42.925310897388385
36657;-95.3998066730996;((x / _a1_) * ((((_a3_ * (_a0_ + x)) * (_a1_ + x)) * x) + _a6_));{'d0': {'_a0_': -73.41549415577151, '_a1_': 0.6284130883986427, '_a3_': -0.028741997662757597, '_a6_': 1.1206865748660542, '_a2_': 1.0, '_a4_': 1.0, '_a5_': 1.0, '_a7_': 1.0}};{'d0': 0.024833415421113014};-276.650235140976;42.925310897388385
36658;-94.3411889204892;((x / _a1_) * ((((_a3_ * (_a0_ + x)) + (_a1_ + x)) * x) + _a6_));{'d0': {'_a0_': -30.415198461316294, '_a1_': 0.2929849345425389, '_a3_': -0.01065993549078147, '_a6_': 0.5200879304207325, '_a2_': 1.0, '_a4_': 1.0, '_a5_': 1.0, '_a7_': 1.0}};{'d0': 0.024905832921043862};-276.475521882901;43.896572020961386
36659;-98.2146176842529;((x / _a1_) * ((((_a3_ * (_a0_ + x)) + _a4_) * x) + _a6_));{'d0': {'_a0_': -32.21883378719301, '_a1_': 0.015959130682916548, '_a3_': 0.053890168133571975, '_a4_': 1.76989827082665, '_a6_': 0.028329617896930698, '_a2_': 1.0, '_a5_': 1.0, '_a7_': 1.0}};{'d0': 0.024905832924493537};-272.381177312369;37.97597097193139
36660;-98.2146176842529;((x / _a1_) * ((((_a3_ * (_a0_ + x)) + _a4_) * x) + _a6_));{'d0': {'_a0_': -32.21883378719301, '_a1_': 0.015959130682916548, '_a3_': 0.053890168133571975, '_a4_': 1.76989827082665, '_a6_': 0.028329617896930698, '_a2_': 1.0, '_a5_': 1.0, '_a7_': 1.0}};{'d0': 0.024905832924493537};-272.381177312369;37.97597097193139
36661;-98.2146176842529;((x / _a1_) * ((((_a3_ * (_a0_ + x)) + _a4_) * x) + _a6_));{'d0': {'_a0_': -32.21883378719301, '_a1_': 0.015959130682916548, '_a3_': 0.053890168133571975, '_a4_': 1.76989827082665, '_a6_': 0.028329617896930698, '_a2_': 1.0, '_a5_': 1.0, '_a7_': 1.0}};{'d0': 0.024905832924493537};-272.381177312369;37.97597097193139
36662;-98.2146176842529;((x / _a1_) * ((((_a3_ * (_a0_ + x)) + _a4_) * x) + _a6_));{'d0': {'_a0_': -32.21883378719301, '_a1_': 0.015959130682916548, '_a3_': 0.053890168133571975, '_a4_': 1.76989827082665, '_a6_': 0.028329617896930698, '_a2_': 1.0, '_a5_': 1.0, '_a7_': 1.0}};{'d0': 0.024905832924493537};-272.381177312369;37.97597097193139
36663;-98.2146176842529;((x / _a1_) * ((((_a3_ * (_a0_ + x)) + _a4_) * x) + _a6_));{'d0': {'_a0_': -32.21883378719301, '_a1_': 0.015959130682916548, '_a3_': 0.053890168133571975, '_a4_': 1.76989827082665, '_a6_': 0.028329617896930698, '_a2_': 1.0, '_a5_': 1.0, '_a7_': 1.0}};{'d0': 0.024905832924493537};-272.381177312369;37.97597097193139
36664;-98.2146176842529;((x / _a1_) * ((((_a3_ * (_a0_ + x)) + _a4_) * x) + _a6_));{'d0': {'_a0_': -32.21883378719301, '_a1_': 0.015959130682916548, '_a3_': 0.053890168133571975, '_a4_': 1.76989827082665, '_a6_': 0.028329617896930698, '_a2_': 1.0, '_a5_': 1.0, '_a7_': 1.0}};{'d0': 0.024905832924493537};-272.381177312369;37.97597097193139
36665;-98.2146176842529;((x / _a1_) * ((((_a3_ * (_a0_ + x)) + _a4_) * x) + _a6_));{'d0': {'_a0_': -32.21883378719301, '_a1_': 0.015959130682916548, '_a3_': 0.053890168133571975, '_a4_': 1.76989827082665, '_a6_': 0.028329617896930698, '_a2_': 1.0, '_a5_': 1.0, '_a7_': 1.0}};{'d0': 0.024905832924493537};-272.381177312369;37.97597097193139
36666;-98.2146176842529;((x / _a1_) * ((((_a3_ * (_a0_ + x)) + _a4_) * x) + _a6_));{'d0': {'_a0_': -32.21883378719301, '_a1_': 0.015959130682916548, '_a3_': 0.053890168133571975, '_a4_': 1.76989827082665, '_a6_': 0.028329617896930698, '_a2_': 1.0, '_a5_': 1.0, '_a7_': 1.0}};{'d0': 0.024905832924493537};-272.381177312369;37.97597097193139
36667;-98.2146176842529;((x / _a1_) * ((((_a3_ * (_a0_ + x)) + _a4_) * x) + _a6_));{'d0': {'_a0_': -32.21883378719301, '_a1_': 0.015959130682916548, '_a3_': 0.053890168133571975, '_a4_': 1.76989827082665, '_a6_': 0.028329617896930698, '_a2_': 1.0, '_a5_': 1.0, '_a7_': 1.0}};{'d0': 0.024905832924493537};-272.381177312369;37.97597097193139
36668;-98.2146176842529;((x / _a1_) * ((((_a3_ * (_a0_ + x)) + _a4_) * x) + _a6_));{'d0': {'_a0_': -32.21883378719301, '_a1_': 0.015959130682916548, '_a3_': 0.053890168133571975, '_a4_': 1.76989827082665, '_a6_': 0.028329617896930698, '_a2_': 1.0, '_a5_': 1.0, '_a7_': 1.0}};{'d0': 0.024905832924493537};-272.381177312369;37.97597097193139
36669;-98.2146176842529;((x / _a1_) * ((((_a3_ * (_a0_ + x)) + _a4_) * x) + _a6_));{'d0': {'_a0_': -32.21883378719301, '_a1_': 0.015959130682916548, '_a3_': 0.053890168133571975, '_a4_': 1.76989827082665, '_a6_': 0.028329617896930698, '_a2_': 1.0, '_a5_': 1.0, '_a7_': 1.0}};{'d0': 0.024905832924493537};-272.381177312369;37.97597097193139
36670;-98.2146176842529;((x / _a1_) * ((((_a3_ * (_a0_ + x)) + _a4_) * x) + _a6_));{'d0': {'_a0_': -32.21883378719301, '_a1_': 0.015959130682916548, '_a3_': 0.053890168133571975, '_a4_': 1.76989827082665, '_a6_': 0.028329617896930698, '_a2_': 1.0, '_a5_': 1.0, '_a7_': 1.0}};{'d0': 0.024905832924493537};-272.381177312369;37.97597097193139
36671;-98.2146176842529;((x / _a1_) * ((((_a3_ * (_a0_ + x)) + _a4_) * x) + _a6_));{'d0': {'_a0_': -32.21883378719301, '_a1_': 0.015959130682916548, '_a3_': 0.053890168133571975, '_a4_': 1.76989827082665, '_a6_': 0.028329617896930698, '_a2_': 1.0, '_a5_': 1.0, '_a7_': 1.0}};{'d0': 0.024905832924493537};-272.381177312369;37.97597097193139
36672;-98.2146176842529;((x / _a1_) * ((((_a3_ * (_a0_ + x)) + _a4_) * x) + _a6_));{'d0': {'_a0_': -32.21883378719301, '_a1_': 0.015959130682916548, '_a3_': 0.053890168133571975, '_a4_': 1.76989827082665, '_a6_': 0.028329617896930698, '_a2_': 1.0, '_a5_': 1.0, '_a7_': 1.0}};{'d0': 0.024905832924493537};-272.381177312369;37.97597097193139
36673;-98.2146176842529;((x / _a1_) * ((((_a3_ * (_a0_ + x)) + _a4_) * x) + _a6_));{'d0': {'_a0_': -32.21883378719301, '_a1_': 0.015959130682916548, '_a3_': 0.053890168133571975, '_a4_': 1.76989827082665, '_a6_': 0.028329617896930698, '_a2_': 1.0, '_a5_': 1.0, '_a7_': 1.0}};{'d0': 0.024905832924493537};-272.381177312369;37.97597097193139
36674;-96.5818428112181;((x / _a1_) * ((((_a3_ * (_a0_ + x)) + -(_a3_)) * x) + _a6_));{'d0': {'_a0_': 1.623859414871795, '_a1_': 6.719408169349435, '_a3_': 22.68983484567593, '_a6_': 11.927859314782584, '_a2_': 1.0, '_a4_': 1.0, '_a5_': 1.0, '_a7_': 1.0}};{'d0': 0.02490583291941728};-276.475521886820;41.65591813219178
36675;-96.5818428112181;((x / _a1_) * ((((_a3_ * (_a0_ + x)) + -(_a3_)) * x) + _a6_));{'d0': {'_a0_': 1.623859414871795, '_a1_': 6.719408169349435, '_a3_': 22.68983484567593, '_a6_': 11.927859314782584, '_a2_': 1.0, '_a4_': 1.0, '_a5_': 1.0, '_a7_': 1.0}};{'d0': 0.02490583291941728};-276.475521886820;41.65591813219178
36676;-96.5818428112181;((x / _a1_) * ((((_a3_ * (_a0_ + x)) + -(_a3_)) * x) + _a6_));{'d0': {'_a0_': 1.623859414871795, '_a1_': 6.719408169349435, '_a3_': 22.68983484567593, '_a6_': 11.927859314782584, '_a2_': 1.0, '_a4_': 1.0, '_a5_': 1.0, '_a7_': 1.0}};{'d0': 0.02490583291941728};-276.475521886820;41.65591813219178
36677;-96.5818428112154;((x / _a1_) * ((((_a3_ * (_a0_ + x)) + -(_a6_)) * x) + _a6_));{'d0': {'_a0_': 1.1495511832363385, '_a1_': -2890.8214662800497, '_a3_': -9761.612682209307, '_a6_': -5131.599495550325, '_a2_': 1.0, '_a4_': 1.0, '_a5_': 1.0, '_a7_': 1.0}};{'d0': 0.024905832919419592};-276.475521886814;41.65591813219178
36678;-96.5818428112181;((x / _a1_) * ((((_a3_ * (_a0_ + x)) + -(_a3_)) * x) + _a6_));{'d0': {'_a0_': 1.623859414871795, '_a1_': 6.719408169349435, '_a3_': 22.68983484567593, '_a6_': 11.927859314782584, '_a2_': 1.0, '_a4_': 1.0, '_a5_': 1.0, '_a7_': 1.0}};{'d0': 0.02490583291941728};-276.475521886820;41.65591813219178
36679;-96.5818428112181;((x / _a1_) * ((((_a3_ * (_a0_ + x)) + -(_a3_)) * x) + _a6_));{'d0': {'_a0_': 1.623859414871795, '_a1_': 6.719408169349435, '_a3_': 22.68983484567593, '_a6_': 11.927859314782584, '_a2_': 1.0, '_a4_': 1.0, '_a5_': 1.0, '_a7_': 1.0}};{'d0': 0.02490583291941728};-276.475521886820;41.65591813219178
36680;-96.5818428112181;((x / _a1_) * ((((_a3_ * (_a0_ + x)) + -(_a3_)) * x) + _a6_));{'d0': {'_a0_': 1.623859414871795, '_a1_': 6.719408169349435, '_a3_': 22.68983484567593, '_a6_': 11.927859314782584, '_a2_': 1.0, '_a4_': 1.0, '_a5_': 1.0, '_a7_': 1.0}};{'d0': 0.02490583291941728};-276.475521886820;41.65591813219178
36681;-96.4860563818326;((x + _a1_) * ((((_a3_ * (_a0_ + x)) + -(_a3_)) * x) + _a6_));{'d0': {'_a0_': 1.6251279048073866, '_a1_': -0.0005767284094294033, '_a3_': 3.3825182267484535, '_a6_': 1.7758732634256658, '_a2_': 1.0, '_a4_': 1.0, '_a5_': 1.0, '_a7_': 1.0}};{'d0': 0.024885482501870313};-276.524567593304;41.77622741481938
36682;-96.4860563818326;((x + _a1_) * ((((_a3_ * (_a0_ + x)) + -(_a3_)) * x) + _a6_));{'d0': {'_a0_': 1.6251279048073866, '_a1_': -0.0005767284094294033, '_a3_': 3.3825182267484535, '_a6_': 1.7758732634256658, '_a2_': 1.0, '_a4_': 1.0, '_a5_': 1.0, '_a7_': 1.0}};{'d0': 0.024885482501870313};-276.524567593304;41.77622741481938
36683;-91.5367164563273;((x + _a1_) * ((((_a3_ * (_a0_ + x)) + -((_a3_ * _a6_))) * x) + _a6_));{'d0': {'_a0_': 2.4010012344114737, '_a1_': -0.0005767475700160195, '_a3_': 3.382518418269069, '_a6_': 1.7758732876351937, '_a2_': 1.0, '_a4_': 1.0, '_a5_': 1.0, '_a7_': 1.0}};{'d0': 0.02488548250191039};-276.524567593208;46.725567340276385
36684;-91.5367164563273;((x + _a1_) * ((((_a3_ * (_a0_ + x)) + -((_a3_ * _a6_))) * x) + _a6_));{'d0': {'_a0_': 2.4010012344114737, '_a1_': -0.0005767475700160195, '_a3_': 3.382518418269069, '_a6_': 1.7758732876351937, '_a2_': 1.0, '_a4_': 1.0, '_a5_': 1.0, '_a7_': 1.0}};{'d0': 0.02488548250191039};-276.524567593208;46.725567340276385
36685;-91.5367164563273;((x + _a1_) * ((((_a3_ * (_a0_ + x)) + -((_a3_ * _a6_))) * x) + _a6_));{'d0': {'_a0_': 2.4010012344114737, '_a1_': -0.0005767475700160195, '_a3_': 3.382518418269069, '_a6_': 1.7758732876351937, '_a2_': 1.0, '_a4_': 1.0, '_a5_': 1.0, '_a7_': 1.0}};{'d0': 0.02488548250191039};-276.524567593208;46.725567340276385
36686;-91.5367164563273;((x + _a1_) * ((((_a3_ * (_a0_ + x)) + -((_a3_ * _a6_))) * x) + _a6_));{'d0': {'_a0_': 2.4010012344114737, '_a1_': -0.0005767475700160195, '_a3_': 3.382518418269069, '_a6_': 1.7758732876351937, '_a2_': 1.0, '_a4_': 1.0, '_a5_': 1.0, '_a7_': 1.0}};{'d0': 0.02488548250191039};-276.524567593208;46.725567340276385
36687;-91.5367164563273;((x + _a1_) * ((((_a3_ * (_a0_ + x)) + -((_a3_ * _a6_))) * x) + _a6_));{'d0': {'_a0_': 2.4010012344114737, '_a1_': -0.0005767475700160195, '_a3_': 3.382518418269069, '_a6_': 1.7758732876351937, '_a2_': 1.0, '_a4_': 1.0, '_a5_': 1.0, '_a7_': 1.0}};{'d0': 0.02488548250191039};-276.524567593208;46.725567340276385
36688;-91.5367164563273;((x + _a1_) * ((((_a3_ * (_a0_ + x)) + -((_a3_ * _a6_))) * x) + _a6_));{'d0': {'_a0_': 2.4010012344114737, '_a1_': -0.0005767475700160195, '_a3_': 3.382518418269069, '_a6_': 1.7758732876351937, '_a2_': 1.0, '_a4_': 1.0, '_a5_': 1.0, '_a7_': 1.0}};{'d0': 0.02488548250191039};-276.524567593208;46.725567340276385
36689;-91.5367164563273;((x + _a1_) * ((((_a3_ * (_a0_ + x)) + -((_a3_ * _a6_))) * x) + _a6_));{'d0': {'_a0_': 2.4010012344114737, '_a1_': -0.0005767475700160195, '_a3_': 3.382518418269069, '_a6_': 1.7758732876351937, '_a2_': 1.0, '_a4_': 1.0, '_a5_': 1.0, '_a7_': 1.0}};{'d0': 0.02488548250191039};-276.524567593208;46.725567340276385
36690;-91.5367164563273;((x + _a1_) * ((((_a3_ * (_a0_ + x)) + -((_a3_ * _a6_))) * x) + _a6_));{'d0': {'_a0_': 2.4010012344114737, '_a1_': -0.0005767475700160195, '_a3_': 3.382518418269069, '_a6_': 1.7758732876351937, '_a2_': 1.0, '_a4_': 1.0, '_a5_': 1.0, '_a7_': 1.0}};{'d0': 0.02488548250191039};-276.524567593208;46.725567340276385
36691;-91.5367164563273;((x + _a1_) * ((((_a3_ * (_a0_ + x)) + -((_a3_ * _a6_))) * x) + _a6_));{'d0': {'_a0_': 2.4010012344114737, '_a1_': -0.0005767475700160195, '_a3_': 3.382518418269069, '_a6_': 1.7758732876351937, '_a2_': 1.0, '_a4_': 1.0, '_a5_': 1.0, '_a7_': 1.0}};{'d0': 0.02488548250191039};-276.524567593208;46.725567340276385
36692;-91.5367164563273;((x + _a1_) * ((((_a3_ * (_a0_ + x)) + -((_a3_ * _a6_))) * x) + _a6_));{'d0': {'_a0_': 2.4010012344114737, '_a1_': -0.0005767475700160195, '_a3_': 3.382518418269069, '_a6_': 1.7758732876351937, '_a2_': 1.0, '_a4_': 1.0, '_a5_': 1.0, '_a7_': 1.0}};{'d0': 0.02488548250191039};-276.524567593208;46.725567340276385
36693;-96.4860563818052;((x + _a1_) * ((((_a3_ * (_a0_ + x)) + -(_a1_)) * x) + _a6_));{'d0': {'_a0_': 0.6249573486029406, '_a1_': -0.0005767002322185005, '_a3_': 3.3825179464073822, '_a6_': 1.775873227253185, '_a2_': 1.0, '_a4_': 1.0, '_a5_': 1.0, '_a7_': 1.0}};{'d0': 0.02488548250189307};-276.524567593249;41.77622741481939
36694;-96.4860563818052;((x + _a1_) * ((((_a3_ * (_a0_ + x)) + -(_a1_)) * x) + _a6_));{'d0': {'_a0_': 0.6249573486029406, '_a1_': -0.0005767002322185005, '_a3_': 3.3825179464073822, '_a6_': 1.775873227253185, '_a2_': 1.0, '_a4_': 1.0, '_a5_': 1.0, '_a7_': 1.0}};{'d0': 0.02488548250189307};-276.524567593249;41.77622741481939
36695;-96.4860563818052;((x + _a1_) * ((((_a3_ * (_a0_ + x)) + -(_a1_)) * x) + _a6_));{'d0': {'_a0_': 0.6249573486029406, '_a1_': -0.0005767002322185005, '_a3_': 3.3825179464073822, '_a6_': 1.775873227253185, '_a2_': 1.0, '_a4_': 1.0, '_a5_': 1.0, '_a7_': 1.0}};{'d0': 0.02488548250189307};-276.524567593249;41.77622741481939
36696;-96.4860563818052;((x + _a1_) * ((((_a3_ * (_a0_ + x)) + -(_a1_)) * x) + _a6_));{'d0': {'_a0_': 0.6249573486029406, '_a1_': -0.0005767002322185005, '_a3_': 3.3825179464073822, '_a6_': 1.775873227253185, '_a2_': 1.0, '_a4_': 1.0, '_a5_': 1.0, '_a7_': 1.0}};{'d0': 0.02488548250189307};-276.524567593249;41.77622741481939
36697;-96.4860563818052;((x + _a1_) * ((((_a3_ * (_a0_ + x)) + -(_a1_)) * x) + _a6_));{'d0': {'_a0_': 0.6249573486029406, '_a1_': -0.0005767002322185005, '_a3_': 3.3825179464073822, '_a6_': 1.775873227253185, '_a2_': 1.0, '_a4_': 1.0, '_a5_': 1.0, '_a7_': 1.0}};{'d0': 0.02488548250189307};-276.524567593249;41.77622741481939
36698;-96.4860563818052;((x + _a1_) * ((((_a3_ * (_a0_ + x)) + -(_a1_)) * x) + _a6_));{'d0': {'_a0_': 0.6249573486029406, '_a1_': -0.0005767002322185005, '_a3_': 3.3825179464073822, '_a6_': 1.775873227253185, '_a2_': 1.0, '_a4_': 1.0, '_a5_': 1.0, '_a7_': 1.0}};{'d0': 0.02488548250189307};-276.524567593249;41.77622741481939
36699;-96.4860563818052;((x + _a1_) * ((((_a3_ * (_a0_ + x)) + -(_a1_)) * x) + _a6_));{'d0': {'_a0_': 0.6249573486029406, '_a1_': -0.0005767002322185005, '_a3_': 3.3825179464073822, '_a6_': 1.775873227253185, '_a2_': 1.0, '_a4_': 1.0, '_a5_': 1.0, '_a7_': 1.0}};{'d0': 0.02488548250189307};-276.524567593249;41.77622741481939
36700;-91.5367164563700;((x + _a1_) * ((((_a3_ * ((_a3_ * _a2_) + x)) + -(_a1_)) * x) + _a6_));{'d0': {'_a1_': -0.0005767324329545526, '_a2_': 0.18476098596673285, '_a3_': 3.382518266171444, '_a6_': 1.7758732690381176, '_a0_': 1.0, '_a4_': 1.0, '_a5_': 1.0, '_a7_': 1.0}};{'d0': 0.024885482501875014};-276.524567593293;46.725567340276385
36701;-91.5367164563700;((x + _a1_) * ((((_a3_ * ((_a3_ * _a2_) + x)) + -(_a1_)) * x) + _a6_));{'d0': {'_a1_': -0.0005767324329545526, '_a2_': 0.18476098596673285, '_a3_': 3.382518266171444, '_a6_': 1.7758732690381176, '_a0_': 1.0, '_a4_': 1.0, '_a5_': 1.0, '_a7_': 1.0}};{'d0': 0.024885482501875014};-276.524567593293;46.725567340276385
36702;-91.5367164563700;((x + _a1_) * ((((_a3_ * ((_a3_ * _a2_) + x)) + -(_a1_)) * x) + _a6_));{'d0': {'_a1_': -0.0005767324329545526, '_a2_': 0.18476098596673285, '_a3_': 3.382518266171444, '_a6_': 1.7758732690381176, '_a0_': 1.0, '_a4_': 1.0, '_a5_': 1.0, '_a7_': 1.0}};{'d0': 0.024885482501875014};-276.524567593293;46.725567340276385
36703;-91.5367164563700;((x + _a1_) * ((((_a3_ * ((_a3_ * _a2_) + x)) + -(_a1_)) * x) + _a6_));{'d0': {'_a1_': -0.0005767324329545526, '_a2_': 0.18476098596673285, '_a3_': 3.382518266171444, '_a6_': 1.7758732690381176, '_a0_': 1.0, '_a4_': 1.0, '_a5_': 1.0, '_a7_': 1.0}};{'d0': 0.024885482501875014};-276.524567593293;46.725567340276385
36704;-91.5367164563700;((x + _a1_) * ((((_a3_ * ((_a3_ * _a2_) + x)) + -(_a1_)) * x) + _a6_));{'d0': {'_a1_': -0.0005767324329545526, '_a2_': 0.18476098596673285, '_a3_': 3.382518266171444, '_a6_': 1.7758732690381176, '_a0_': 1.0, '_a4_': 1.0, '_a5_': 1.0, '_a7_': 1.0}};{'d0': 0.024885482501875014};-276.524567593293;46.725567340276385
36705;-91.5367164563700;((x + _a1_) * ((((_a3_ * ((_a3_ * _a2_) + x)) + -(_a1_)) * x) + _a6_));{'d0': {'_a1_': -0.0005767324329545526, '_a2_': 0.18476098596673285, '_a3_': 3.382518266171444, '_a6_': 1.7758732690381176, '_a0_': 1.0, '_a4_': 1.0, '_a5_': 1.0, '_a7_': 1.0}};{'d0': 0.024885482501875014};-276.524567593293;46.725567340276385
36706;-91.5367164563700;((x + _a1_) * ((((_a3_ * ((_a3_ * _a2_) + x)) + -(_a1_)) * x) + _a6_));{'d0': {'_a1_': -0.0005767324329545526, '_a2_': 0.18476098596673285, '_a3_': 3.382518266171444, '_a6_': 1.7758732690381176, '_a0_': 1.0, '_a4_': 1.0, '_a5_': 1.0, '_a7_': 1.0}};{'d0': 0.024885482501875014};-276.524567593293;46.725567340276385
36707;-91.5367164563700;((x + _a1_) * ((((_a3_ * ((_a3_ * _a2_) + x)) + -(_a1_)) * x) + _a6_));{'d0': {'_a1_': -0.0005767324329545526, '_a2_': 0.18476098596673285, '_a3_': 3.382518266171444, '_a6_': 1.7758732690381176, '_a0_': 1.0, '_a4_': 1.0, '_a5_': 1.0, '_a7_': 1.0}};{'d0': 0.024885482501875014};-276.524567593293;46.725567340276385
36708;-91.5367164563797;((x + _a1_) * ((((_a3_ * ((_a3_ * _a2_) + x)) + -(_a2_)) * x) + _a6_));{'d0': {'_a1_': -0.0005767217158156669, '_a2_': 0.20251121005499576, '_a3_': 3.3825181583464645, '_a6_': 1.7758732554961876, '_a0_': 1.0, '_a4_': 1.0, '_a5_': 1.0, '_a7_': 1.0}};{'d0': 0.024885482501866906};-276.524567593312;46.725567340276385
36709;-91.5367164563797;((x + _a1_) * ((((_a3_ * ((_a3_ * _a2_) + x)) + -(_a2_)) * x) + _a6_));{'d0': {'_a1_': -0.0005767217158156669, '_a2_': 0.20251121005499576, '_a3_': 3.3825181583464645, '_a6_': 1.7758732554961876, '_a0_': 1.0, '_a4_': 1.0, '_a5_': 1.0, '_a7_': 1.0}};{'d0': 0.024885482501866906};-276.524567593312;46.725567340276385
36710;-92.8056041435520;((x + _a1_) * ((((_a3_ * (-(_a3_) + x)) + -(_a2_)) * x) + _a6_));{'d0': {'_a1_': -0.0005767387809300142, '_a2_': -13.555936956047926, '_a3_': 3.3825183339951717, '_a6_': 1.7758732761538019, '_a0_': 1.0, '_a4_': 1.0, '_a5_': 1.0, '_a7_': 1.0}};{'d0': 0.024885482501886467};-276.524567593265;45.456679653080556
36711;-92.8056041435520;((x + _a1_) * ((((_a3_ * (-(_a3_) + x)) + -(_a2_)) * x) + _a6_));{'d0': {'_a1_': -0.0005767387809300142, '_a2_': -13.555936956047926, '_a3_': 3.3825183339951717, '_a6_': 1.7758732761538019, '_a0_': 1.0, '_a4_': 1.0, '_a5_': 1.0, '_a7_': 1.0}};{'d0': 0.024885482501886467};-276.524567593265;45.456679653080556
36712;-92.8056041435520;((x + _a1_) * ((((_a3_ * (-(_a3_) + x)) + -(_a2_)) * x) + _a6_));{'d0': {'_a1_': -0.0005767387809300142, '_a2_': -13.555936956047926, '_a3_': 3.3825183339951717, '_a6_': 1.7758732761538019, '_a0_': 1.0, '_a4_': 1.0, '_a5_': 1.0, '_a7_': 1.0}};{'d0': 0.024885482501886467};-276.524567593265;45.456679653080556
36713;-95.7820324606655;(((-((_a4_ + _a0_)) + ((pow2(_a0_) * x) * x)) + (_a2_ * x)) * x);{'d0': {'_a0_': -1.8375964937654665, '_a2_': 2.1066240667634393, '_a4_': 0.0624610874735362, '_a1_': 1.0, '_a3_': 1.0, '_a5_': 1.0, '_a6_': 1.0, '_a7_': 1.0}};{'d0': 0.024905832919416608};-280.569866449044;44.50290076385644
36714;-95.7820324606655;(((-((_a4_ + _a0_)) + ((pow2(_a0_) * x) * x)) + (_a2_ * x)) * x);{'d0': {'_a0_': -1.8375964937654665, '_a2_': 2.1066240667634393, '_a4_': 0.0624610874735362, '_a1_': 1.0, '_a3_': 1.0, '_a5_': 1.0, '_a6_': 1.0, '_a7_': 1.0}};{'d0': 0.024905832919416608};-280.569866449044;44.50290076385644
36715;-95.7820324606655;(((-((_a4_ + _a0_)) + ((pow2(_a0_) * x) * x)) + (_a2_ * x)) * x);{'d0': {'_a0_': -1.8375964937654665, '_a2_': 2.1066240667634393, '_a4_': 0.0624610874735362, '_a1_': 1.0, '_a3_': 1.0, '_a5_': 1.0, '_a6_': 1.0, '_a7_': 1.0}};{'d0': 0.024905832919416608};-280.569866449044;44.50290076385644
36716;-95.7820324606655;(((-((_a4_ + _a0_)) + ((pow2(_a0_) * x) * x)) + (_a2_ * x)) * x);{'d0': {'_a0_': -1.8375964937654665, '_a2_': 2.1066240667634393, '_a4_': 0.0624610874735362, '_a1_': 1.0, '_a3_': 1.0, '_a5_': 1.0, '_a6_': 1.0, '_a7_': 1.0}};{'d0': 0.024905832919416608};-280.569866449044;44.50290076385644
36717;-95.7820324606655;(((-((_a4_ + _a0_)) + ((pow2(_a0_) * x) * x)) + (_a2_ * x)) * x);{'d0': {'_a0_': -1.8375964937654665, '_a2_': 2.1066240667634393, '_a4_': 0.0624610874735362, '_a1_': 1.0, '_a3_': 1.0, '_a5_': 1.0, '_a6_': 1.0, '_a7_': 1.0}};{'d0': 0.024905832919416608};-280.569866449044;44.50290076385644
36718;-95.7820324606655;(((-((_a4_ + _a0_)) + ((pow2(_a0_) * x) * x)) + (_a2_ * x)) * x);{'d0': {'_a0_': -1.8375964937654665, '_a2_': 2.1066240667634393, '_a4_': 0.0624610874735362, '_a1_': 1.0, '_a3_': 1.0, '_a5_': 1.0, '_a6_': 1.0, '_a7_': 1.0}};{'d0': 0.024905832919416608};-280.569866449044;44.50290076385644
36719;-95.7820324606655;(((-((_a4_ + _a0_)) + ((pow2(_a0_) * x) * x)) + (_a2_ * x)) * x);{'d0': {'_a0_': -1.8375964937654665, '_a2_': 2.1066240667634393, '_a4_': 0.0624610874735362, '_a1_': 1.0, '_a3_': 1.0, '_a5_': 1.0, '_a6_': 1.0, '_a7_': 1.0}};{'d0': 0.024905832919416608};-280.569866449044;44.50290076385644
36720;-95.7820324606655;(((-((_a4_ + _a0_)) + ((pow2(_a0_) * x) * x)) + (_a2_ * x)) * x);{'d0': {'_a0_': -1.8375964937654665, '_a2_': 2.1066240667634393, '_a4_': 0.0624610874735362, '_a1_': 1.0, '_a3_': 1.0, '_a5_': 1.0, '_a6_': 1.0, '_a7_': 1.0}};{'d0': 0.024905832919416608};-280.569866449044;44.50290076385644
36721;-95.7820324606655;(((-((_a4_ + _a0_)) + ((pow2(_a0_) * x) * x)) + (_a2_ * x)) * x);{'d0': {'_a0_': -1.8375964937654665, '_a2_': 2.1066240667634393, '_a4_': 0.0624610874735362, '_a1_': 1.0, '_a3_': 1.0, '_a5_': 1.0, '_a6_': 1.0, '_a7_': 1.0}};{'d0': 0.024905832919416608};-280.569866449044;44.50290076385644
36722;-95.7820324606655;(((-((_a4_ + _a0_)) + ((pow2(_a0_) * x) * x)) + (_a2_ * x)) * x);{'d0': {'_a0_': -1.8375964937654665, '_a2_': 2.1066240667634393, '_a4_': 0.0624610874735362, '_a1_': 1.0, '_a3_': 1.0, '_a5_': 1.0, '_a6_': 1.0, '_a7_': 1.0}};{'d0': 0.024905832919416608};-280.569866449044;44.50290076385644
36723;-95.7820324606655;(((-((_a4_ + _a0_)) + ((pow2(_a0_) * x) * x)) + (_a2_ * x)) * x);{'d0': {'_a0_': -1.8375964937654665, '_a2_': 2.1066240667634393, '_a4_': 0.0624610874735362, '_a1_': 1.0, '_a3_': 1.0, '_a5_': 1.0, '_a6_': 1.0, '_a7_': 1.0}};{'d0': 0.024905832919416608};-280.569866449044;44.50290076385644
36724;-95.7820324606655;(((-((_a4_ + _a0_)) + ((pow2(_a0_) * x) * x)) + (_a2_ * x)) * x);{'d0': {'_a0_': -1.8375964937654665, '_a2_': 2.1066240667634393, '_a4_': 0.0624610874735362, '_a1_': 1.0, '_a3_': 1.0, '_a5_': 1.0, '_a6_': 1.0, '_a7_': 1.0}};{'d0': 0.024905832919416608};-280.569866449044;44.50290076385644
36725;-95.7820324606655;(((-((_a4_ + _a0_)) + ((pow2(_a0_) * x) * x)) + (_a2_ * x)) * x);{'d0': {'_a0_': -1.8375964937654665, '_a2_': 2.1066240667634393, '_a4_': 0.0624610874735362, '_a1_': 1.0, '_a3_': 1.0, '_a5_': 1.0, '_a6_': 1.0, '_a7_': 1.0}};{'d0': 0.024905832919416608};-280.569866449044;44.50290076385644
36726;-95.7820324606655;(((-((_a4_ + _a0_)) + ((pow2(_a0_) * x) * x)) + (_a2_ * x)) * x);{'d0': {'_a0_': -1.8375964937654665, '_a2_': 2.1066240667634393, '_a4_': 0.0624610874735362, '_a1_': 1.0, '_a3_': 1.0, '_a5_': 1.0, '_a6_': 1.0, '_a7_': 1.0}};{'d0': 0.024905832919416608};-280.569866449044;44.50290076385644
36727;-95.7820324606655;(((-((_a4_ + _a0_)) + ((pow2(_a0_) * x) * x)) + (_a2_ * x)) * x);{'d0': {'_a0_': -1.8375964937654665, '_a2_': 2.1066240667634393, '_a4_': 0.0624610874735362, '_a1_': 1.0, '_a3_': 1.0, '_a5_': 1.0, '_a6_': 1.0, '_a7_': 1.0}};{'d0': 0.024905832919416608};-280.569866449044;44.50290076385644
36728;-95.7820324606655;(((-((_a4_ + _a0_)) + ((pow2(_a0_) * x) * x)) + (_a2_ * x)) * x);{'d0': {'_a0_': -1.8375964937654665, '_a2_': 2.1066240667634393, '_a4_': 0.0624610874735362, '_a1_': 1.0, '_a3_': 1.0, '_a5_': 1.0, '_a6_': 1.0, '_a7_': 1.0}};{'d0': 0.024905832919416608};-280.569866449044;44.50290076385644
36729;-90.7603352488864;(((-(((_a2_ * _a5_) + _a0_)) + ((pow2(_a0_) * x) * x)) + (_a2_ * x)) * x);{'d0': {'_a0_': -1.8375964982921276, '_a2_': 2.1066240723826786, '_a5_': 0.029649855292800596, '_a1_': 1.0, '_a3_': 1.0, '_a4_': 1.0, '_a6_': 1.0, '_a7_': 1.0}};{'d0': 0.024905832919416677};-280.569866449043;49.52459797563544
36730;-90.7603352488864;(((-(((_a2_ * _a5_) + _a0_)) + ((pow2(_a0_) * x) * x)) + (_a2_ * x)) * x);{'d0': {'_a0_': -1.8375964982921276, '_a2_': 2.1066240723826786, '_a5_': 0.029649855292800596, '_a1_': 1.0, '_a3_': 1.0, '_a4_': 1.0, '_a6_': 1.0, '_a7_': 1.0}};{'d0': 0.024905832919416677};-280.569866449043;49.52459797563544
36731;-90.7603352488864;(((-(((_a2_ * _a5_) + _a0_)) + ((pow2(_a0_) * x) * x)) + (_a2_ * x)) * x);{'d0': {'_a0_': -1.8375964982921276, '_a2_': 2.1066240723826786, '_a5_': 0.029649855292800596, '_a1_': 1.0, '_a3_': 1.0, '_a4_': 1.0, '_a6_': 1.0, '_a7_': 1.0}};{'d0': 0.024905832919416677};-280.569866449043;49.52459797563544
36732;-90.7603352488864;(((-(((_a2_ * _a5_) + _a0_)) + ((pow2(_a0_) * x) * x)) + (_a2_ * x)) * x);{'d0': {'_a0_': -1.8375964982921276, '_a2_': 2.1066240723826786, '_a5_': 0.029649855292800596, '_a1_': 1.0, '_a3_': 1.0, '_a4_': 1.0, '_a6_': 1.0, '_a7_': 1.0}};{'d0': 0.024905832919416677};-280.569866449043;49.52459797563544
36733;-90.7603352488864;(((-(((_a2_ * _a5_) + _a0_)) + ((pow2(_a0_) * x) * x)) + (_a2_ * x)) * x);{'d0': {'_a0_': -1.8375964982921276, '_a2_': 2.1066240723826786, '_a5_': 0.029649855292800596, '_a1_': 1.0, '_a3_': 1.0, '_a4_': 1.0, '_a6_': 1.0, '_a7_': 1.0}};{'d0': 0.024905832919416677};-280.569866449043;49.52459797563544
36734;-90.7603352488864;(((-(((_a2_ * _a5_) + _a0_)) + ((pow2(_a0_) * x) * x)) + (_a2_ * x)) * x);{'d0': {'_a0_': -1.8375964982921276, '_a2_': 2.1066240723826786, '_a5_': 0.029649855292800596, '_a1_': 1.0, '_a3_': 1.0, '_a4_': 1.0, '_a6_': 1.0, '_a7_': 1.0}};{'d0': 0.024905832919416677};-280.569866449043;49.52459797563544
36735;-92.1015802224041;(((-((-(_a1_) + _a0_)) + ((pow2(_a0_) * x) * x)) + (_a2_ * x)) * x);{'d0': {'_a0_': -1.8375964946821117, '_a1_': -0.0624610954660938, '_a2_': 2.1066240649744934, '_a3_': 1.0, '_a4_': 1.0, '_a5_': 1.0, '_a6_': 1.0, '_a7_': 1.0}};{'d0': 0.02490583291941682};-280.569866449043;48.183353002117606
36736;-92.1015802224041;(((-((-(_a1_) + _a0_)) + ((pow2(_a0_) * x) * x)) + (_a2_ * x)) * x);{'d0': {'_a0_': -1.8375964946821117, '_a1_': -0.0624610954660938, '_a2_': 2.1066240649744934, '_a3_': 1.0, '_a4_': 1.0, '_a5_': 1.0, '_a6_': 1.0, '_a7_': 1.0}};{'d0': 0.02490583291941682};-280.569866449043;48.183353002117606
36737;-92.1015802224041;(((-((-(_a1_) + _a0_)) + ((pow2(_a0_) * x) * x)) + (_a2_ * x)) * x);{'d0': {'_a0_': -1.8375964946821117, '_a1_': -0.0624610954660938, '_a2_': 2.1066240649744934, '_a3_': 1.0, '_a4_': 1.0, '_a5_': 1.0, '_a6_': 1.0, '_a7_': 1.0}};{'d0': 0.02490583291941682};-280.569866449043;48.183353002117606
36738;-92.1015802224041;(((-((-(_a1_) + _a0_)) + ((pow2(_a0_) * x) * x)) + (_a2_ * x)) * x);{'d0': {'_a0_': -1.8375964946821117, '_a1_': -0.0624610954660938, '_a2_': 2.1066240649744934, '_a3_': 1.0, '_a4_': 1.0, '_a5_': 1.0, '_a6_': 1.0, '_a7_': 1.0}};{'d0': 0.02490583291941682};-280.569866449043;48.183353002117606
36739;-92.1015802224041;(((-((-(_a1_) + _a0_)) + ((pow2(_a0_) * x) * x)) + (_a2_ * x)) * x);{'d0': {'_a0_': -1.8375964946821117, '_a1_': -0.0624610954660938, '_a2_': 2.1066240649744934, '_a3_': 1.0, '_a4_': 1.0, '_a5_': 1.0, '_a6_': 1.0, '_a7_': 1.0}};{'d0': 0.02490583291941682};-280.569866449043;48.183353002117606
36740;-92.1015802224041;(((-((-(_a1_) + _a0_)) + ((pow2(_a0_) * x) * x)) + (_a2_ * x)) * x);{'d0': {'_a0_': -1.8375964946821117, '_a1_': -0.0624610954660938, '_a2_': 2.1066240649744934, '_a3_': 1.0, '_a4_': 1.0, '_a5_': 1.0, '_a6_': 1.0, '_a7_': 1.0}};{'d0': 0.02490583291941682};-280.569866449043;48.183353002117606
36741;-92.1015802224041;(((-((-(_a1_) + _a0_)) + ((pow2(_a0_) * x) * x)) + (_a2_ * x)) * x);{'d0': {'_a0_': -1.8375964946821117, '_a1_': -0.0624610954660938, '_a2_': 2.1066240649744934, '_a3_': 1.0, '_a4_': 1.0, '_a5_': 1.0, '_a6_': 1.0, '_a7_': 1.0}};{'d0': 0.02490583291941682};-280.569866449043;48.183353002117606
36742;-92.1015802224041;(((-((-(_a1_) + _a0_)) + ((pow2(_a0_) * x) * x)) + (_a2_ * x)) * x);{'d0': {'_a0_': -1.8375964946821117, '_a1_': -0.0624610954660938, '_a2_': 2.1066240649744934, '_a3_': 1.0, '_a4_': 1.0, '_a5_': 1.0, '_a6_': 1.0, '_a7_': 1.0}};{'d0': 0.02490583291941682};-280.569866449043;48.183353002117606
36743;-92.1015802224041;(((-((-(_a1_) + _a0_)) + ((pow2(_a0_) * x) * x)) + (_a2_ * x)) * x);{'d0': {'_a0_': -1.8375964946821117, '_a1_': -0.0624610954660938, '_a2_': 2.1066240649744934, '_a3_': 1.0, '_a4_': 1.0, '_a5_': 1.0, '_a6_': 1.0, '_a7_': 1.0}};{'d0': 0.02490583291941682};-280.569866449043;48.183353002117606
36744;-95.7820324606655;(((-((_a4_ + _a0_)) + ((pow2(_a0_) * x) * x)) + (_a2_ * x)) * x);{'d0': {'_a0_': -1.8375964937654665, '_a2_': 2.1066240667634393, '_a4_': 0.0624610874735362, '_a1_': 1.0, '_a3_': 1.0, '_a5_': 1.0, '_a6_': 1.0, '_a7_': 1.0}};{'d0': 0.024905832919416608};-280.569866449044;44.50290076385644
36745;-95.7820324606655;(((-((_a4_ + _a0_)) + ((pow2(_a0_) * x) * x)) + (_a2_ * x)) * x);{'d0': {'_a0_': -1.8375964937654665, '_a2_': 2.1066240667634393, '_a4_': 0.0624610874735362, '_a1_': 1.0, '_a3_': 1.0, '_a5_': 1.0, '_a6_': 1.0, '_a7_': 1.0}};{'d0': 0.024905832919416608};-280.569866449044;44.50290076385644
36746;-106.651973435152;(((pow2(((x * _a3_) + -(_a2_))) * _a3_) + _a0_) * x);{'d0': {'_a0_': 1.4465760906293028, '_a2_': -0.46797592128854765, '_a3_': 1.50026082485579, '_a1_': 1.0, '_a4_': 1.0, '_a5_': 1.0, '_a6_': 1.0, '_a7_': 1.0}};{'d0': 0.02490583291941661};-280.569866449044;33.63295978936922
36747;-106.633986122803;(((pow2(((x * _a3_) + pow2(_a2_))) * _a3_) + _a0_) * x);{'d0': {'_a0_': 1.4465760890550245, '_a2_': -0.684087655847147, '_a3_': 1.5002608255715872, '_a1_': 1.0, '_a4_': 1.0, '_a5_': 1.0, '_a6_': 1.0, '_a7_': 1.0}};{'d0': 0.024905832919416605};-280.569866449044;33.65094710171883
36748;-106.633986122803;(((pow2(((x * _a3_) + pow2(_a2_))) * _a3_) + _a0_) * x);{'d0': {'_a0_': 1.4465760890550245, '_a2_': -0.684087655847147, '_a3_': 1.5002608255715872, '_a1_': 1.0, '_a4_': 1.0, '_a5_': 1.0, '_a6_': 1.0, '_a7_': 1.0}};{'d0': 0.024905832919416605};-280.569866449044;33.65094710171883
36749;-106.633986122803;(((pow2(((x * _a3_) + pow2(_a2_))) * _a3_) + _a0_) * x);{'d0': {'_a0_': 1.4465760890550245, '_a2_': -0.684087655847147, '_a3_': 1.5002608255715872, '_a1_': 1.0, '_a4_': 1.0, '_a5_': 1.0, '_a6_': 1.0, '_a7_': 1.0}};{'d0': 0.024905832919416605};-280.569866449044;33.65094710171883
36750;-106.633986122803;(((pow2(((x * _a3_) + pow2(_a2_))) * _a3_) + _a0_) * x);{'d0': {'_a0_': 1.4465760890550245, '_a2_': -0.684087655847147, '_a3_': 1.5002608255715872, '_a1_': 1.0, '_a4_': 1.0, '_a5_': 1.0, '_a6_': 1.0, '_a7_': 1.0}};{'d0': 0.024905832919416605};-280.569866449044;33.65094710171883
36751;-106.633986122803;(((pow2(((x * _a3_) + pow2(_a2_))) * _a3_) + _a0_) * x);{'d0': {'_a0_': 1.4465760890550245, '_a2_': -0.684087655847147, '_a3_': 1.5002608255715872, '_a1_': 1.0, '_a4_': 1.0, '_a5_': 1.0, '_a6_': 1.0, '_a7_': 1.0}};{'d0': 0.024905832919416605};-280.569866449044;33.65094710171883
36752;-106.633986122803;(((pow2(((x * _a3_) + pow2(_a2_))) * _a3_) + _a0_) * x);{'d0': {'_a0_': 1.4465760890550245, '_a2_': -0.684087655847147, '_a3_': 1.5002608255715872, '_a1_': 1.0, '_a4_': 1.0, '_a5_': 1.0, '_a6_': 1.0, '_a7_': 1.0}};{'d0': 0.024905832919416605};-280.569866449044;33.65094710171883
36753;-90.7603352488857;(((-(((_a1_ * _a0_) + _a0_)) + ((pow2(_a0_) * x) * x)) + (_a2_ * x)) * x);{'d0': {'_a0_': -1.837596498615591, '_a1_': -0.03399064851762157, '_a2_': 2.106624068390503, '_a3_': 1.0, '_a4_': 1.0, '_a5_': 1.0, '_a6_': 1.0, '_a7_': 1.0}};{'d0': 0.024905832919417243};-280.569866449042;49.52459797563544
36754;-90.7603352488857;(((-(((_a1_ * _a0_) + _a0_)) + ((pow2(_a0_) * x) * x)) + (_a2_ * x)) * x);{'d0': {'_a0_': -1.837596498615591, '_a1_': -0.03399064851762157, '_a2_': 2.106624068390503, '_a3_': 1.0, '_a4_': 1.0, '_a5_': 1.0, '_a6_': 1.0, '_a7_': 1.0}};{'d0': 0.024905832919417243};-280.569866449042;49.52459797563544
36755;-90.7603352488857;(((-(((_a1_ * _a0_) + _a0_)) + ((pow2(_a0_) * x) * x)) + (_a2_ * x)) * x);{'d0': {'_a0_': -1.837596498615591, '_a1_': -0.03399064851762157, '_a2_': 2.106624068390503, '_a3_': 1.0, '_a4_': 1.0, '_a5_': 1.0, '_a6_': 1.0, '_a7_': 1.0}};{'d0': 0.024905832919417243};-280.569866449042;49.52459797563544
36756;-90.7603352488857;(((-(((_a1_ * _a0_) + _a0_)) + ((pow2(_a0_) * x) * x)) + (_a2_ * x)) * x);{'d0': {'_a0_': -1.837596498615591, '_a1_': -0.03399064851762157, '_a2_': 2.106624068390503, '_a3_': 1.0, '_a4_': 1.0, '_a5_': 1.0, '_a6_': 1.0, '_a7_': 1.0}};{'d0': 0.024905832919417243};-280.569866449042;49.52459797563544
36757;-90.7603352488857;(((-(((_a1_ * _a0_) + _a0_)) + ((pow2(_a0_) * x) * x)) + (_a2_ * x)) * x);{'d0': {'_a0_': -1.837596498615591, '_a1_': -0.03399064851762157, '_a2_': 2.106624068390503, '_a3_': 1.0, '_a4_': 1.0, '_a5_': 1.0, '_a6_': 1.0, '_a7_': 1.0}};{'d0': 0.024905832919417243};-280.569866449042;49.52459797563544
36758;-90.7603352488865;(((-(((_a1_ * _a0_) + x)) + ((pow2(_a0_) * x) * x)) + (_a2_ * x)) * x);{'d0': {'_a0_': -1.8375964940976692, '_a1_': 0.9660093556793586, '_a2_': 3.1066240665385516, '_a3_': 1.0, '_a4_': 1.0, '_a5_': 1.0, '_a6_': 1.0, '_a7_': 1.0}};{'d0': 0.02490583291941662};-280.569866449044;49.52459797563544
36759;-90.7603352488865;(((-(((_a1_ * _a0_) + x)) + ((pow2(_a0_) * x) * x)) + (_a2_ * x)) * x);{'d0': {'_a0_': -1.8375964940976692, '_a1_': 0.9660093556793586, '_a2_': 3.1066240665385516, '_a3_': 1.0, '_a4_': 1.0, '_a5_': 1.0, '_a6_': 1.0, '_a7_': 1.0}};{'d0': 0.02490583291941662};-280.569866449044;49.52459797563544
36760;-90.7603352488865;(((-(((_a1_ * _a0_) + x)) + ((pow2(_a0_) * x) * x)) + (_a2_ * x)) * x);{'d0': {'_a0_': -1.8375964940976692, '_a1_': 0.9660093556793586, '_a2_': 3.1066240665385516, '_a3_': 1.0, '_a4_': 1.0, '_a5_': 1.0, '_a6_': 1.0, '_a7_': 1.0}};{'d0': 0.02490583291941662};-280.569866449044;49.52459797563544
36761;-90.7603352488865;(((-(((_a1_ * _a0_) + x)) + ((pow2(_a0_) * x) * x)) + (_a2_ * x)) * x);{'d0': {'_a0_': -1.8375964940976692, '_a1_': 0.9660093556793586, '_a2_': 3.1066240665385516, '_a3_': 1.0, '_a4_': 1.0, '_a5_': 1.0, '_a6_': 1.0, '_a7_': 1.0}};{'d0': 0.02490583291941662};-280.569866449044;49.52459797563544
36762;-90.7603352488865;(((-(((_a1_ * _a0_) + x)) + ((pow2(_a0_) * x) * x)) + (_a2_ * x)) * x);{'d0': {'_a0_': -1.8375964940976692, '_a1_': 0.9660093556793586, '_a2_': 3.1066240665385516, '_a3_': 1.0, '_a4_': 1.0, '_a5_': 1.0, '_a6_': 1.0, '_a7_': 1.0}};{'d0': 0.02490583291941662};-280.569866449044;49.52459797563544
36763;-90.7603352488865;(((-(((_a1_ * _a0_) + x)) + ((pow2(_a0_) * x) * x)) + (_a2_ * x)) * x);{'d0': {'_a0_': -1.8375964940976692, '_a1_': 0.9660093556793586, '_a2_': 3.1066240665385516, '_a3_': 1.0, '_a4_': 1.0, '_a5_': 1.0, '_a6_': 1.0, '_a7_': 1.0}};{'d0': 0.02490583291941662};-280.569866449044;49.52459797563544
36764;-90.7603352488865;(((-(((_a1_ * _a0_) + x)) + ((pow2(_a0_) * x) * x)) + (_a2_ * x)) * x);{'d0': {'_a0_': -1.8375964940976692, '_a1_': 0.9660093556793586, '_a2_': 3.1066240665385516, '_a3_': 1.0, '_a4_': 1.0, '_a5_': 1.0, '_a6_': 1.0, '_a7_': 1.0}};{'d0': 0.02490583291941662};-280.569866449044;49.52459797563544
36765;-90.7603352488865;(((-(((_a1_ * _a0_) + x)) + ((pow2(_a0_) * x) * x)) + (_a2_ * x)) * x);{'d0': {'_a0_': -1.8375964940976692, '_a1_': 0.9660093556793586, '_a2_': 3.1066240665385516, '_a3_': 1.0, '_a4_': 1.0, '_a5_': 1.0, '_a6_': 1.0, '_a7_': 1.0}};{'d0': 0.02490583291941662};-280.569866449044;49.52459797563544
36766;-90.7603352488865;(((-(((_a1_ * _a0_) + x)) + ((pow2(_a0_) * x) * x)) + (_a2_ * x)) * x);{'d0': {'_a0_': -1.8375964940976692, '_a1_': 0.9660093556793586, '_a2_': 3.1066240665385516, '_a3_': 1.0, '_a4_': 1.0, '_a5_': 1.0, '_a6_': 1.0, '_a7_': 1.0}};{'d0': 0.02490583291941662};-280.569866449044;49.52459797563544
36767;-90.7603352488865;(((-(((_a1_ * _a0_) + x)) + ((pow2(_a0_) * x) * x)) + (_a2_ * x)) * x);{'d0': {'_a0_': -1.8375964940976692, '_a1_': 0.9660093556793586, '_a2_': 3.1066240665385516, '_a3_': 1.0, '_a4_': 1.0, '_a5_': 1.0, '_a6_': 1.0, '_a7_': 1.0}};{'d0': 0.02490583291941662};-280.569866449044;49.52459797563544
36768;-90.7603352488865;(((-(((_a1_ * _a0_) + x)) + ((pow2(_a0_) * x) * x)) + (_a2_ * x)) * x);{'d0': {'_a0_': -1.8375964940976692, '_a1_': 0.9660093556793586, '_a2_': 3.1066240665385516, '_a3_': 1.0, '_a4_': 1.0, '_a5_': 1.0, '_a6_': 1.0, '_a7_': 1.0}};{'d0': 0.02490583291941662};-280.569866449044;49.52459797563544
36769;-90.7603352488865;(((-(((_a1_ * _a0_) + x)) + ((pow2(_a0_) * x) * x)) + (_a2_ * x)) * x);{'d0': {'_a0_': -1.8375964940976692, '_a1_': 0.9660093556793586, '_a2_': 3.1066240665385516, '_a3_': 1.0, '_a4_': 1.0, '_a5_': 1.0, '_a6_': 1.0, '_a7_': 1.0}};{'d0': 0.02490583291941662};-280.569866449044;49.52459797563544
36770;-90.7603352488865;(((-(((_a1_ * _a0_) + x)) + ((pow2(_a0_) * x) * x)) + (_a2_ * x)) * x);{'d0': {'_a0_': -1.8375964940976692, '_a1_': 0.9660093556793586, '_a2_': 3.1066240665385516, '_a3_': 1.0, '_a4_': 1.0, '_a5_': 1.0, '_a6_': 1.0, '_a7_': 1.0}};{'d0': 0.02490583291941662};-280.569866449044;49.52459797563544
36771;-90.7603352488865;(((-(((_a1_ * _a0_) + x)) + ((pow2(_a0_) * x) * x)) + (_a2_ * x)) * x);{'d0': {'_a0_': -1.8375964940976692, '_a1_': 0.9660093556793586, '_a2_': 3.1066240665385516, '_a3_': 1.0, '_a4_': 1.0, '_a5_': 1.0, '_a6_': 1.0, '_a7_': 1.0}};{'d0': 0.02490583291941662};-280.569866449044;49.52459797563544
36772;-90.7603352488865;(((-(((_a1_ * _a0_) + x)) + ((pow2(_a0_) * x) * x)) + (_a2_ * x)) * x);{'d0': {'_a0_': -1.8375964940976692, '_a1_': 0.9660093556793586, '_a2_': 3.1066240665385516, '_a3_': 1.0, '_a4_': 1.0, '_a5_': 1.0, '_a6_': 1.0, '_a7_': 1.0}};{'d0': 0.02490583291941662};-280.569866449044;49.52459797563544
36773;-90.7603352488865;(((-(((_a1_ * _a0_) + x)) + ((pow2(_a0_) * x) * x)) + (_a2_ * x)) * x);{'d0': {'_a0_': -1.8375964940976692, '_a1_': 0.9660093556793586, '_a2_': 3.1066240665385516, '_a3_': 1.0, '_a4_': 1.0, '_a5_': 1.0, '_a6_': 1.0, '_a7_': 1.0}};{'d0': 0.02490583291941662};-280.569866449044;49.52459797563544
36774;-90.7603352488865;(((-(((_a1_ * _a0_) + x)) + ((pow2(_a0_) * x) * x)) + (_a2_ * x)) * x);{'d0': {'_a0_': -1.8375964940976692, '_a1_': 0.9660093556793586, '_a2_': 3.1066240665385516, '_a3_': 1.0, '_a4_': 1.0, '_a5_': 1.0, '_a6_': 1.0, '_a7_': 1.0}};{'d0': 0.02490583291941662};-280.569866449044;49.52459797563544
36775;-90.7603352488865;(((-(((_a1_ * _a0_) + x)) + ((pow2(_a0_) * x) * x)) + (_a2_ * x)) * x);{'d0': {'_a0_': -1.8375964940976692, '_a1_': 0.9660093556793586, '_a2_': 3.1066240665385516, '_a3_': 1.0, '_a4_': 1.0, '_a5_': 1.0, '_a6_': 1.0, '_a7_': 1.0}};{'d0': 0.02490583291941662};-280.569866449044;49.52459797563544
36776;-90.7603352488865;(((-(((_a1_ * _a0_) + x)) + ((pow2(_a0_) * x) * x)) + (_a2_ * x)) * x);{'d0': {'_a0_': -1.8375964940976692, '_a1_': 0.9660093556793586, '_a2_': 3.1066240665385516, '_a3_': 1.0, '_a4_': 1.0, '_a5_': 1.0, '_a6_': 1.0, '_a7_': 1.0}};{'d0': 0.02490583291941662};-280.569866449044;49.52459797563544
36777;-90.7603352488865;(((-(((_a1_ * _a0_) + x)) + ((pow2(_a0_) * x) * x)) + (_a2_ * x)) * x);{'d0': {'_a0_': -1.8375964940976692, '_a1_': 0.9660093556793586, '_a2_': 3.1066240665385516, '_a3_': 1.0, '_a4_': 1.0, '_a5_': 1.0, '_a6_': 1.0, '_a7_': 1.0}};{'d0': 0.02490583291941662};-280.569866449044;49.52459797563544
36778;-90.7603352488865;(((-(((_a1_ * _a0_) + x)) + ((pow2(_a0_) * x) * x)) + (_a2_ * x)) * x);{'d0': {'_a0_': -1.8375964940976692, '_a1_': 0.9660093556793586, '_a2_': 3.1066240665385516, '_a3_': 1.0, '_a4_': 1.0, '_a5_': 1.0, '_a6_': 1.0, '_a7_': 1.0}};{'d0': 0.02490583291941662};-280.569866449044;49.52459797563544
36779;-90.7603352488865;(((-(((_a1_ * _a0_) + x)) + ((pow2(_a0_) * x) * x)) + (_a2_ * x)) * x);{'d0': {'_a0_': -1.8375964940976692, '_a1_': 0.9660093556793586, '_a2_': 3.1066240665385516, '_a3_': 1.0, '_a4_': 1.0, '_a5_': 1.0, '_a6_': 1.0, '_a7_': 1.0}};{'d0': 0.02490583291941662};-280.569866449044;49.52459797563544
36780;-90.7603352488865;(((-(((_a1_ * _a0_) + x)) + ((pow2(_a0_) * x) * x)) + (_a2_ * x)) * x);{'d0': {'_a0_': -1.8375964940976692, '_a1_': 0.9660093556793586, '_a2_': 3.1066240665385516, '_a3_': 1.0, '_a4_': 1.0, '_a5_': 1.0, '_a6_': 1.0, '_a7_': 1.0}};{'d0': 0.02490583291941662};-280.569866449044;49.52459797563544
36781;-90.7603352488865;(((-(((_a1_ * _a0_) + x)) + ((pow2(_a0_) * x) * x)) + (_a2_ * x)) * x);{'d0': {'_a0_': -1.8375964940976692, '_a1_': 0.9660093556793586, '_a2_': 3.1066240665385516, '_a3_': 1.0, '_a4_': 1.0, '_a5_': 1.0, '_a6_': 1.0, '_a7_': 1.0}};{'d0': 0.02490583291941662};-280.569866449044;49.52459797563544
36782;-90.7603352488865;(((-(((_a1_ * _a0_) + x)) + ((pow2(_a0_) * x) * x)) + (_a2_ * x)) * x);{'d0': {'_a0_': -1.8375964940976692, '_a1_': 0.9660093556793586, '_a2_': 3.1066240665385516, '_a3_': 1.0, '_a4_': 1.0, '_a5_': 1.0, '_a6_': 1.0, '_a7_': 1.0}};{'d0': 0.02490583291941662};-280.569866449044;49.52459797563544
36783;-90.7603352488865;(((-(((_a1_ * _a0_) + x)) + ((pow2(_a0_) * x) * x)) + (_a2_ * x)) * x);{'d0': {'_a0_': -1.8375964940976692, '_a1_': 0.9660093556793586, '_a2_': 3.1066240665385516, '_a3_': 1.0, '_a4_': 1.0, '_a5_': 1.0, '_a6_': 1.0, '_a7_': 1.0}};{'d0': 0.02490583291941662};-280.569866449044;49.52459797563544
36784;-90.7603352488865;(((-(((_a1_ * _a0_) + x)) + ((pow2(_a0_) * x) * x)) + (_a2_ * x)) * x);{'d0': {'_a0_': -1.8375964940976692, '_a1_': 0.9660093556793586, '_a2_': 3.1066240665385516, '_a3_': 1.0, '_a4_': 1.0, '_a5_': 1.0, '_a6_': 1.0, '_a7_': 1.0}};{'d0': 0.02490583291941662};-280.569866449044;49.52459797563544
36785;-90.7603352488865;(((-(((_a1_ * _a0_) + x)) + ((pow2(_a0_) * x) * x)) + (_a2_ * x)) * x);{'d0': {'_a0_': -1.8375964940976692, '_a1_': 0.9660093556793586, '_a2_': 3.1066240665385516, '_a3_': 1.0, '_a4_': 1.0, '_a5_': 1.0, '_a6_': 1.0, '_a7_': 1.0}};{'d0': 0.02490583291941662};-280.569866449044;49.52459797563544
36786;-90.7603352488865;(((-(((_a1_ * _a0_) + x)) + ((pow2(_a0_) * x) * x)) + (_a2_ * x)) * x);{'d0': {'_a0_': -1.8375964940976692, '_a1_': 0.9660093556793586, '_a2_': 3.1066240665385516, '_a3_': 1.0, '_a4_': 1.0, '_a5_': 1.0, '_a6_': 1.0, '_a7_': 1.0}};{'d0': 0.02490583291941662};-280.569866449044;49.52459797563544
36787;-106.633986122803;(((pow2(((x * _a3_) + pow2(_a2_))) * _a3_) + _a0_) * x);{'d0': {'_a0_': 1.4465760890550245, '_a2_': -0.684087655847147, '_a3_': 1.5002608255715872, '_a1_': 1.0, '_a4_': 1.0, '_a5_': 1.0, '_a6_': 1.0, '_a7_': 1.0}};{'d0': 0.024905832919416605};-280.569866449044;33.65094710171883
36788;-106.633986122803;(((pow2(((x * _a3_) + pow2(_a2_))) * _a3_) + _a0_) * x);{'d0': {'_a0_': 1.4465760890550245, '_a2_': -0.684087655847147, '_a3_': 1.5002608255715872, '_a1_': 1.0, '_a4_': 1.0, '_a5_': 1.0, '_a6_': 1.0, '_a7_': 1.0}};{'d0': 0.024905832919416605};-280.569866449044;33.65094710171883
36789;-106.633986122803;(((pow2(((x * _a3_) + pow2(_a2_))) * _a3_) + _a0_) * x);{'d0': {'_a0_': 1.4465760890550245, '_a2_': -0.684087655847147, '_a3_': 1.5002608255715872, '_a1_': 1.0, '_a4_': 1.0, '_a5_': 1.0, '_a6_': 1.0, '_a7_': 1.0}};{'d0': 0.024905832919416605};-280.569866449044;33.65094710171883
36790;-106.633986122803;(((pow2(((x * _a3_) + pow2(_a2_))) * _a3_) + _a0_) * x);{'d0': {'_a0_': 1.4465760890550245, '_a2_': -0.684087655847147, '_a3_': 1.5002608255715872, '_a1_': 1.0, '_a4_': 1.0, '_a5_': 1.0, '_a6_': 1.0, '_a7_': 1.0}};{'d0': 0.024905832919416605};-280.569866449044;33.65094710171883
36791;-106.633986122803;(((pow2(((x * _a3_) + pow2(_a2_))) * _a3_) + _a0_) * x);{'d0': {'_a0_': 1.4465760890550245, '_a2_': -0.684087655847147, '_a3_': 1.5002608255715872, '_a1_': 1.0, '_a4_': 1.0, '_a5_': 1.0, '_a6_': 1.0, '_a7_': 1.0}};{'d0': 0.024905832919416605};-280.569866449044;33.65094710171883
36792;-100.713385073773;(((pow2(((x * _a3_) + pow2(_a2_))) * _a3_) + (_a4_ + _a3_)) * x);{'d0': {'_a2_': -0.6840876558072048, '_a3_': 1.500260824671551, '_a4_': -0.053684733217986155, '_a0_': 1.0, '_a1_': 1.0, '_a5_': 1.0, '_a6_': 1.0, '_a7_': 1.0}};{'d0': 0.024905832919416622};-280.569866449044;39.571548150748825
36793;-100.713385073773;(((pow2(((x * _a3_) + pow2(_a2_))) * _a3_) + (_a4_ + _a3_)) * x);{'d0': {'_a2_': -0.6840876558072048, '_a3_': 1.500260824671551, '_a4_': -0.053684733217986155, '_a0_': 1.0, '_a1_': 1.0, '_a5_': 1.0, '_a6_': 1.0, '_a7_': 1.0}};{'d0': 0.024905832919416622};-280.569866449044;39.571548150748825
36794;-100.713385073773;(((pow2(((x * _a3_) + pow2(_a2_))) * _a3_) + (_a4_ + _a3_)) * x);{'d0': {'_a2_': -0.6840876558072048, '_a3_': 1.500260824671551, '_a4_': -0.053684733217986155, '_a0_': 1.0, '_a1_': 1.0, '_a5_': 1.0, '_a6_': 1.0, '_a7_': 1.0}};{'d0': 0.024905832919416622};-280.569866449044;39.571548150748825
36795;-100.713385073773;(((pow2(((x * _a3_) + pow2(_a2_))) * _a3_) + (_a4_ + _a3_)) * x);{'d0': {'_a2_': -0.6840876558072048, '_a3_': 1.500260824671551, '_a4_': -0.053684733217986155, '_a0_': 1.0, '_a1_': 1.0, '_a5_': 1.0, '_a6_': 1.0, '_a7_': 1.0}};{'d0': 0.024905832919416622};-280.569866449044;39.571548150748825
36796;-100.713385073773;(((pow2(((x * _a3_) + pow2(_a2_))) * _a3_) + (_a4_ + _a3_)) * x);{'d0': {'_a2_': -0.6840876558072048, '_a3_': 1.500260824671551, '_a4_': -0.053684733217986155, '_a0_': 1.0, '_a1_': 1.0, '_a5_': 1.0, '_a6_': 1.0, '_a7_': 1.0}};{'d0': 0.024905832919416622};-280.569866449044;39.571548150748825
36797;-100.713385073773;(((pow2(((x * _a3_) + pow2(_a2_))) * _a3_) + (_a4_ + _a3_)) * x);{'d0': {'_a2_': -0.6840876558072048, '_a3_': 1.500260824671551, '_a4_': -0.053684733217986155, '_a0_': 1.0, '_a1_': 1.0, '_a5_': 1.0, '_a6_': 1.0, '_a7_': 1.0}};{'d0': 0.024905832919416622};-280.569866449044;39.571548150748825
36798;-84.8397341998563;(((-(((_a1_ * _a0_) + _a0_)) + ((pow2(_a0_) * x) * x)) + ((_a0_ + _a6_) * x)) * x);{'d0': {'_a0_': -1.837596490443941, '_a1_': -0.033990639276982204, '_a6_': 3.944220552664153, '_a2_': 1.0, '_a3_': 1.0, '_a4_': 1.0, '_a5_': 1.0, '_a7_': 1.0}};{'d0': 0.02490583291941675};-280.569866449043;55.445199024665435
36799;-84.8397341998563;(((-(((_a1_ * _a0_) + _a0_)) + ((pow2(_a0_) * x) * x)) + ((_a0_ + _a6_) * x)) * x);{'d0': {'_a0_': -1.837596490443941, '_a1_': -0.033990639276982204, '_a6_': 3.944220552664153, '_a2_': 1.0, '_a3_': 1.0, '_a4_': 1.0, '_a5_': 1.0, '_a7_': 1.0}};{'d0': 0.02490583291941675};-280.569866449043;55.445199024665435
36800;-84.8397341998563;(((-(((_a1_ * _a0_) + _a0_)) + ((pow2(_a0_) * x) * x)) + ((_a0_ + _a6_) * x)) * x);{'d0': {'_a0_': -1.837596490443941, '_a1_': -0.033990639276982204, '_a6_': 3.944220552664153, '_a2_': 1.0, '_a3_': 1.0, '_a4_': 1.0, '_a5_': 1.0, '_a7_': 1.0}};{'d0': 0.02490583291941675};-280.569866449043;55.445199024665435
36801;-84.8397341998563;(((-(((_a1_ * _a0_) + _a0_)) + ((pow2(_a0_) * x) * x)) + ((_a0_ + _a6_) * x)) * x);{'d0': {'_a0_': -1.837596490443941, '_a1_': -0.033990639276982204, '_a6_': 3.944220552664153, '_a2_': 1.0, '_a3_': 1.0, '_a4_': 1.0, '_a5_': 1.0, '_a7_': 1.0}};{'d0': 0.02490583291941675};-280.569866449043;55.445199024665435
36802;-84.8397341998563;(((-(((_a1_ * _a0_) + _a0_)) + ((pow2(_a0_) * x) * x)) + ((_a0_ + _a6_) * x)) * x);{'d0': {'_a0_': -1.837596490443941, '_a1_': -0.033990639276982204, '_a6_': 3.944220552664153, '_a2_': 1.0, '_a3_': 1.0, '_a4_': 1.0, '_a5_': 1.0, '_a7_': 1.0}};{'d0': 0.02490583291941675};-280.569866449043;55.445199024665435
36803;-100.713385073773;(((pow2(((x * _a3_) + pow2(_a2_))) * _a3_) + (_a4_ + _a3_)) * x);{'d0': {'_a2_': -0.6840876558072048, '_a3_': 1.500260824671551, '_a4_': -0.053684733217986155, '_a0_': 1.0, '_a1_': 1.0, '_a5_': 1.0, '_a6_': 1.0, '_a7_': 1.0}};{'d0': 0.024905832919416622};-280.569866449044;39.571548150748825
36804;-100.713385073773;(((pow2(((x * _a3_) + pow2(_a2_))) * _a3_) + (_a4_ + _a3_)) * x);{'d0': {'_a2_': -0.6840876558072048, '_a3_': 1.500260824671551, '_a4_': -0.053684733217986155, '_a0_': 1.0, '_a1_': 1.0, '_a5_': 1.0, '_a6_': 1.0, '_a7_': 1.0}};{'d0': 0.024905832919416622};-280.569866449044;39.571548150748825
36805;-100.713385073773;(((pow2(((x * _a3_) + pow2(_a2_))) * _a3_) + (_a4_ + _a3_)) * x);{'d0': {'_a2_': -0.6840876558072048, '_a3_': 1.500260824671551, '_a4_': -0.053684733217986155, '_a0_': 1.0, '_a1_': 1.0, '_a5_': 1.0, '_a6_': 1.0, '_a7_': 1.0}};{'d0': 0.024905832919416622};-280.569866449044;39.571548150748825
36806;-100.713385073773;(((pow2(((x * _a3_) + pow2(_a2_))) * _a3_) + (_a4_ + _a3_)) * x);{'d0': {'_a2_': -0.6840876558072048, '_a3_': 1.500260824671551, '_a4_': -0.053684733217986155, '_a0_': 1.0, '_a1_': 1.0, '_a5_': 1.0, '_a6_': 1.0, '_a7_': 1.0}};{'d0': 0.024905832919416622};-280.569866449044;39.571548150748825
36807;-100.713385073773;(((pow2(((x * _a3_) + pow2(_a2_))) * _a3_) + (_a4_ + _a3_)) * x);{'d0': {'_a2_': -0.6840876558072048, '_a3_': 1.500260824671551, '_a4_': -0.053684733217986155, '_a0_': 1.0, '_a1_': 1.0, '_a5_': 1.0, '_a6_': 1.0, '_a7_': 1.0}};{'d0': 0.024905832919416622};-280.569866449044;39.571548150748825
36808;-104.411319546383;(((pow2(((x * _a3_) + _a7_)) * _a3_) + (_a4_ + _a3_)) * x);{'d0': {'_a3_': 1.50026082416685, '_a4_': -0.05368473139531912, '_a7_': 0.46797592079741035, '_a0_': 1.0, '_a1_': 1.0, '_a2_': 1.0, '_a5_': 1.0, '_a6_': 1.0}};{'d0': 0.024905832919416695};-280.569866449043;35.873613678138824
36809;-104.411319546383;(((pow2(((x * _a3_) + _a7_)) * _a3_) + (_a4_ + _a3_)) * x);{'d0': {'_a3_': 1.50026082416685, '_a4_': -0.05368473139531912, '_a7_': 0.46797592079741035, '_a0_': 1.0, '_a1_': 1.0, '_a2_': 1.0, '_a5_': 1.0, '_a6_': 1.0}};{'d0': 0.024905832919416695};-280.569866449043;35.873613678138824
36810;-104.411319546383;(((pow2(((x * _a3_) + _a7_)) * _a3_) + (_a4_ + _a3_)) * x);{'d0': {'_a3_': 1.50026082416685, '_a4_': -0.05368473139531912, '_a7_': 0.46797592079741035, '_a0_': 1.0, '_a1_': 1.0, '_a2_': 1.0, '_a5_': 1.0, '_a6_': 1.0}};{'d0': 0.024905832919416695};-280.569866449043;35.873613678138824
36811;-80.0024424493235;(_a4_ + (x * (-(_a5_) * ((pow2((_a6_ + x)) * ((_a4_ * _a2_) * (_a5_ ** _a2_))) + _a7_))));{'d0': {'_a2_': 63.224664698163416, '_a4_': -2.2946020361347313e-09, '_a5_': 1.3022826398958738, '_a6_': 0.3119297084423131, '_a7_': -1.110800405610572, '_a0_': 1.0, '_a1_': 1.0, '_a3_': 1.0}};{'d0': 0.024905832829125243};-272.381177542118;56.18814632173544
36812;-80.0024424493235;(_a4_ + (x * (-(_a5_) * ((pow2((_a6_ + x)) * ((_a4_ * _a2_) * (_a5_ ** _a2_))) + _a7_))));{'d0': {'_a2_': 63.224664698163416, '_a4_': -2.2946020361347313e-09, '_a5_': 1.3022826398958738, '_a6_': 0.3119297084423131, '_a7_': -1.110800405610572, '_a0_': 1.0, '_a1_': 1.0, '_a3_': 1.0}};{'d0': 0.024905832829125243};-272.381177542118;56.18814632173544
36813;-80.0024424493235;(_a4_ + (x * (-(_a5_) * ((pow2((_a6_ + x)) * ((_a4_ * _a2_) * (_a5_ ** _a2_))) + _a7_))));{'d0': {'_a2_': 63.224664698163416, '_a4_': -2.2946020361347313e-09, '_a5_': 1.3022826398958738, '_a6_': 0.3119297084423131, '_a7_': -1.110800405610572, '_a0_': 1.0, '_a1_': 1.0, '_a3_': 1.0}};{'d0': 0.024905832829125243};-272.381177542118;56.18814632173544
36814;-80.0024424493235;(_a4_ + (x * (-(_a5_) * ((pow2((_a6_ + x)) * ((_a4_ * _a2_) * (_a5_ ** _a2_))) + _a7_))));{'d0': {'_a2_': 63.224664698163416, '_a4_': -2.2946020361347313e-09, '_a5_': 1.3022826398958738, '_a6_': 0.3119297084423131, '_a7_': -1.110800405610572, '_a0_': 1.0, '_a1_': 1.0, '_a3_': 1.0}};{'d0': 0.024905832829125243};-272.381177542118;56.18814632173544
36815;-80.0024424493235;(_a4_ + (x * (-(_a5_) * ((pow2((_a6_ + x)) * ((_a4_ * _a2_) * (_a5_ ** _a2_))) + _a7_))));{'d0': {'_a2_': 63.224664698163416, '_a4_': -2.2946020361347313e-09, '_a5_': 1.3022826398958738, '_a6_': 0.3119297084423131, '_a7_': -1.110800405610572, '_a0_': 1.0, '_a1_': 1.0, '_a3_': 1.0}};{'d0': 0.024905832829125243};-272.381177542118;56.18814632173544
36816;-80.0024424493235;(_a4_ + (x * (-(_a5_) * ((pow2((_a6_ + x)) * ((_a4_ * _a2_) * (_a5_ ** _a2_))) + _a7_))));{'d0': {'_a2_': 63.224664698163416, '_a4_': -2.2946020361347313e-09, '_a5_': 1.3022826398958738, '_a6_': 0.3119297084423131, '_a7_': -1.110800405610572, '_a0_': 1.0, '_a1_': 1.0, '_a3_': 1.0}};{'d0': 0.024905832829125243};-272.381177542118;56.18814632173544
36817;-80.0024424493235;(_a4_ + (x * (-(_a5_) * ((pow2((_a6_ + x)) * ((_a4_ * _a2_) * (_a5_ ** _a2_))) + _a7_))));{'d0': {'_a2_': 63.224664698163416, '_a4_': -2.2946020361347313e-09, '_a5_': 1.3022826398958738, '_a6_': 0.3119297084423131, '_a7_': -1.110800405610572, '_a0_': 1.0, '_a1_': 1.0, '_a3_': 1.0}};{'d0': 0.024905832829125243};-272.381177542118;56.18814632173544
36818;-80.0024424493235;(_a4_ + (x * (-(_a5_) * ((pow2((_a6_ + x)) * ((_a4_ * _a2_) * (_a5_ ** _a2_))) + _a7_))));{'d0': {'_a2_': 63.224664698163416, '_a4_': -2.2946020361347313e-09, '_a5_': 1.3022826398958738, '_a6_': 0.3119297084423131, '_a7_': -1.110800405610572, '_a0_': 1.0, '_a1_': 1.0, '_a3_': 1.0}};{'d0': 0.024905832829125243};-272.381177542118;56.18814632173544
36819;-80.0024424493235;(_a4_ + (x * (-(_a5_) * ((pow2((_a6_ + x)) * ((_a4_ * _a2_) * (_a5_ ** _a2_))) + _a7_))));{'d0': {'_a2_': 63.224664698163416, '_a4_': -2.2946020361347313e-09, '_a5_': 1.3022826398958738, '_a6_': 0.3119297084423131, '_a7_': -1.110800405610572, '_a0_': 1.0, '_a1_': 1.0, '_a3_': 1.0}};{'d0': 0.024905832829125243};-272.381177542118;56.18814632173544
36820;-80.0024424493235;(_a4_ + (x * (-(_a5_) * ((pow2((_a6_ + x)) * ((_a4_ * _a2_) * (_a5_ ** _a2_))) + _a7_))));{'d0': {'_a2_': 63.224664698163416, '_a4_': -2.2946020361347313e-09, '_a5_': 1.3022826398958738, '_a6_': 0.3119297084423131, '_a7_': -1.110800405610572, '_a0_': 1.0, '_a1_': 1.0, '_a3_': 1.0}};{'d0': 0.024905832829125243};-272.381177542118;56.18814632173544
36821;-80.0024424493235;(_a4_ + (x * (-(_a5_) * ((pow2((_a6_ + x)) * ((_a4_ * _a2_) * (_a5_ ** _a2_))) + _a7_))));{'d0': {'_a2_': 63.224664698163416, '_a4_': -2.2946020361347313e-09, '_a5_': 1.3022826398958738, '_a6_': 0.3119297084423131, '_a7_': -1.110800405610572, '_a0_': 1.0, '_a1_': 1.0, '_a3_': 1.0}};{'d0': 0.024905832829125243};-272.381177542118;56.18814632173544
36822;-80.0024424493235;(_a4_ + (x * (-(_a5_) * ((pow2((_a6_ + x)) * ((_a4_ * _a2_) * (_a5_ ** _a2_))) + _a7_))));{'d0': {'_a2_': 63.224664698163416, '_a4_': -2.2946020361347313e-09, '_a5_': 1.3022826398958738, '_a6_': 0.3119297084423131, '_a7_': -1.110800405610572, '_a0_': 1.0, '_a1_': 1.0, '_a3_': 1.0}};{'d0': 0.024905832829125243};-272.381177542118;56.18814632173544
36823;-103.367701136488;(((pow2(((x + _a3_) + _a1_)) * _a3_) + (_a4_ + _a3_)) * x);{'d0': {'_a1_': -3.0648311742405054, '_a3_': 3.3767608820246426, '_a4_': -1.9301847936903815, '_a0_': 1.0, '_a2_': 1.0, '_a5_': 1.0, '_a6_': 1.0, '_a7_': 1.0}};{'d0': 0.024905832919416598};-280.569866449044;36.91723208803382
36824;-103.367701136488;(((pow2(((x + _a3_) + _a1_)) * _a3_) + (_a4_ + _a3_)) * x);{'d0': {'_a1_': -3.0648311742405054, '_a3_': 3.3767608820246426, '_a4_': -1.9301847936903815, '_a0_': 1.0, '_a2_': 1.0, '_a5_': 1.0, '_a6_': 1.0, '_a7_': 1.0}};{'d0': 0.024905832919416598};-280.569866449044;36.91723208803382
36825;-103.367701136488;(((pow2(((x + _a3_) + _a1_)) * _a3_) + (_a4_ + _a3_)) * x);{'d0': {'_a1_': -3.0648311742405054, '_a3_': 3.3767608820246426, '_a4_': -1.9301847936903815, '_a0_': 1.0, '_a2_': 1.0, '_a5_': 1.0, '_a6_': 1.0, '_a7_': 1.0}};{'d0': 0.024905832919416598};-280.569866449044;36.91723208803382
36826;-103.367701136488;(((pow2(((x + _a3_) + _a1_)) * _a3_) + (_a4_ + _a3_)) * x);{'d0': {'_a1_': -3.0648311742405054, '_a3_': 3.3767608820246426, '_a4_': -1.9301847936903815, '_a0_': 1.0, '_a2_': 1.0, '_a5_': 1.0, '_a6_': 1.0, '_a7_': 1.0}};{'d0': 0.024905832919416598};-280.569866449044;36.91723208803382
36827;-103.367701136488;(((pow2(((x + _a3_) + _a1_)) * _a3_) + (_a4_ + _a3_)) * x);{'d0': {'_a1_': -3.0648311742405054, '_a3_': 3.3767608820246426, '_a4_': -1.9301847936903815, '_a0_': 1.0, '_a2_': 1.0, '_a5_': 1.0, '_a6_': 1.0, '_a7_': 1.0}};{'d0': 0.024905832919416598};-280.569866449044;36.91723208803382
36828;-103.367701136488;(((pow2(((x + _a3_) + _a1_)) * _a3_) + (_a4_ + _a3_)) * x);{'d0': {'_a1_': -3.0648311742405054, '_a3_': 3.3767608820246426, '_a4_': -1.9301847936903815, '_a0_': 1.0, '_a2_': 1.0, '_a5_': 1.0, '_a6_': 1.0, '_a7_': 1.0}};{'d0': 0.024905832919416598};-280.569866449044;36.91723208803382
36829;-103.367701136488;(((pow2(((x + _a3_) + _a1_)) * _a3_) + (_a4_ + _a3_)) * x);{'d0': {'_a1_': -3.0648311742405054, '_a3_': 3.3767608820246426, '_a4_': -1.9301847936903815, '_a0_': 1.0, '_a2_': 1.0, '_a5_': 1.0, '_a6_': 1.0, '_a7_': 1.0}};{'d0': 0.024905832919416598};-280.569866449044;36.91723208803382
36830;-103.367701136488;(((pow2(((x + _a3_) + _a1_)) * _a3_) + (_a4_ + _a3_)) * x);{'d0': {'_a1_': -3.0648311742405054, '_a3_': 3.3767608820246426, '_a4_': -1.9301847936903815, '_a0_': 1.0, '_a2_': 1.0, '_a5_': 1.0, '_a6_': 1.0, '_a7_': 1.0}};{'d0': 0.024905832919416598};-280.569866449044;36.91723208803382
36831;-103.367701136488;(((pow2(((x + _a3_) + _a1_)) * _a3_) + (_a4_ + _a3_)) * x);{'d0': {'_a1_': -3.0648311742405054, '_a3_': 3.3767608820246426, '_a4_': -1.9301847936903815, '_a0_': 1.0, '_a2_': 1.0, '_a5_': 1.0, '_a6_': 1.0, '_a7_': 1.0}};{'d0': 0.024905832919416598};-280.569866449044;36.91723208803382
36832;-103.367701136488;(((pow2(((x + _a3_) + _a1_)) * _a3_) + (_a4_ + _a3_)) * x);{'d0': {'_a1_': -3.0648311742405054, '_a3_': 3.3767608820246426, '_a4_': -1.9301847936903815, '_a0_': 1.0, '_a2_': 1.0, '_a5_': 1.0, '_a6_': 1.0, '_a7_': 1.0}};{'d0': 0.024905832919416598};-280.569866449044;36.91723208803382
36833;-103.367701136488;(((pow2(((x + _a3_) + _a1_)) * _a3_) + (_a4_ + _a3_)) * x);{'d0': {'_a1_': -3.0648311742405054, '_a3_': 3.3767608820246426, '_a4_': -1.9301847936903815, '_a0_': 1.0, '_a2_': 1.0, '_a5_': 1.0, '_a6_': 1.0, '_a7_': 1.0}};{'d0': 0.024905832919416598};-280.569866449044;36.91723208803382
36834;-103.367701136488;(((pow2(((x + _a3_) + _a1_)) * _a3_) + (_a4_ + _a3_)) * x);{'d0': {'_a1_': -3.0648311742405054, '_a3_': 3.3767608820246426, '_a4_': -1.9301847936903815, '_a0_': 1.0, '_a2_': 1.0, '_a5_': 1.0, '_a6_': 1.0, '_a7_': 1.0}};{'d0': 0.024905832919416598};-280.569866449044;36.91723208803382
36835;-103.367701136488;(((pow2(((x + _a3_) + _a1_)) * _a3_) + (_a4_ + _a3_)) * x);{'d0': {'_a1_': -3.0648311742405054, '_a3_': 3.3767608820246426, '_a4_': -1.9301847936903815, '_a0_': 1.0, '_a2_': 1.0, '_a5_': 1.0, '_a6_': 1.0, '_a7_': 1.0}};{'d0': 0.024905832919416598};-280.569866449044;36.91723208803382
36836;-103.367701136488;(((pow2(((x + _a3_) + _a1_)) * _a3_) + (_a4_ + _a3_)) * x);{'d0': {'_a1_': -3.0648311742405054, '_a3_': 3.3767608820246426, '_a4_': -1.9301847936903815, '_a0_': 1.0, '_a2_': 1.0, '_a5_': 1.0, '_a6_': 1.0, '_a7_': 1.0}};{'d0': 0.024905832919416598};-280.569866449044;36.91723208803382
36837;-103.367701136488;(((pow2(((x + _a3_) + _a1_)) * _a3_) + (_a4_ + _a3_)) * x);{'d0': {'_a1_': -3.0648311742405054, '_a3_': 3.3767608820246426, '_a4_': -1.9301847936903815, '_a0_': 1.0, '_a2_': 1.0, '_a5_': 1.0, '_a6_': 1.0, '_a7_': 1.0}};{'d0': 0.024905832919416598};-280.569866449044;36.91723208803382
36838;-103.367701136488;(((pow2(((x + _a3_) + _a1_)) * _a3_) + (_a4_ + _a3_)) * x);{'d0': {'_a1_': -3.0648311742405054, '_a3_': 3.3767608820246426, '_a4_': -1.9301847936903815, '_a0_': 1.0, '_a2_': 1.0, '_a5_': 1.0, '_a6_': 1.0, '_a7_': 1.0}};{'d0': 0.024905832919416598};-280.569866449044;36.91723208803382
36839;-103.367701136488;(((pow2(((x + _a3_) + _a1_)) * _a4_) + (_a4_ + _a3_)) * x);{'d0': {'_a1_': 2.2421145007775936, '_a3_': -1.9301847930128035, '_a4_': 3.3767608814060703, '_a0_': 1.0, '_a2_': 1.0, '_a5_': 1.0, '_a6_': 1.0, '_a7_': 1.0}};{'d0': 0.024905832919416636};-280.569866449044;36.91723208803382
36840;-103.367701136488;(((pow2(((x + _a3_) + _a1_)) * _a4_) + (_a4_ + _a3_)) * x);{'d0': {'_a1_': 2.2421145007775936, '_a3_': -1.9301847930128035, '_a4_': 3.3767608814060703, '_a0_': 1.0, '_a2_': 1.0, '_a5_': 1.0, '_a6_': 1.0, '_a7_': 1.0}};{'d0': 0.024905832919416636};-280.569866449044;36.91723208803382
36841;-103.367701136488;(((pow2(((x + _a3_) + _a1_)) * _a4_) + (_a4_ + _a3_)) * x);{'d0': {'_a1_': 2.2421145007775936, '_a3_': -1.9301847930128035, '_a4_': 3.3767608814060703, '_a0_': 1.0, '_a2_': 1.0, '_a5_': 1.0, '_a6_': 1.0, '_a7_': 1.0}};{'d0': 0.024905832919416636};-280.569866449044;36.91723208803382
36842;-103.367701136488;(((pow2(((x + _a3_) + _a1_)) * _a4_) + (_a4_ + _a3_)) * x);{'d0': {'_a1_': 2.2421145007775936, '_a3_': -1.9301847930128035, '_a4_': 3.3767608814060703, '_a0_': 1.0, '_a2_': 1.0, '_a5_': 1.0, '_a6_': 1.0, '_a7_': 1.0}};{'d0': 0.024905832919416636};-280.569866449044;36.91723208803382
36843;-103.367701136488;(((pow2(((x + _a3_) + _a1_)) * _a4_) + (_a4_ + _a3_)) * x);{'d0': {'_a1_': 2.2421145007775936, '_a3_': -1.9301847930128035, '_a4_': 3.3767608814060703, '_a0_': 1.0, '_a2_': 1.0, '_a5_': 1.0, '_a6_': 1.0, '_a7_': 1.0}};{'d0': 0.024905832919416636};-280.569866449044;36.91723208803382
36844;-103.367701136488;(((pow2(((x + _a3_) + _a1_)) * _a4_) + (_a4_ + _a3_)) * x);{'d0': {'_a1_': 2.2421145007775936, '_a3_': -1.9301847930128035, '_a4_': 3.3767608814060703, '_a0_': 1.0, '_a2_': 1.0, '_a5_': 1.0, '_a6_': 1.0, '_a7_': 1.0}};{'d0': 0.024905832919416636};-280.569866449044;36.91723208803382
36845;-103.367701136488;(((pow2(((x + _a3_) + _a6_)) * _a4_) + (_a4_ + _a3_)) * x);{'d0': {'_a3_': -1.9301847913953023, '_a4_': 3.3767608801713918, '_a6_': 2.242114499174703, '_a0_': 1.0, '_a1_': 1.0, '_a2_': 1.0, '_a5_': 1.0, '_a7_': 1.0}};{'d0': 0.024905832919416625};-280.569866449044;36.91723208803382
36846;-103.367701136488;(((pow2(((x + _a3_) + _a6_)) * _a4_) + (_a4_ + _a3_)) * x);{'d0': {'_a3_': -1.9301847913953023, '_a4_': 3.3767608801713918, '_a6_': 2.242114499174703, '_a0_': 1.0, '_a1_': 1.0, '_a2_': 1.0, '_a5_': 1.0, '_a7_': 1.0}};{'d0': 0.024905832919416625};-280.569866449044;36.91723208803382
36847;-103.367701136488;(((pow2(((x + _a3_) + _a6_)) * _a4_) + (_a4_ + _a3_)) * x);{'d0': {'_a3_': -1.9301847913953023, '_a4_': 3.3767608801713918, '_a6_': 2.242114499174703, '_a0_': 1.0, '_a1_': 1.0, '_a2_': 1.0, '_a5_': 1.0, '_a7_': 1.0}};{'d0': 0.024905832919416625};-280.569866449044;36.91723208803382
36848;-103.367701136488;(((pow2(((x + _a3_) + _a6_)) * _a4_) + (_a4_ + _a3_)) * x);{'d0': {'_a3_': -1.9301847913953023, '_a4_': 3.3767608801713918, '_a6_': 2.242114499174703, '_a0_': 1.0, '_a1_': 1.0, '_a2_': 1.0, '_a5_': 1.0, '_a7_': 1.0}};{'d0': 0.024905832919416625};-280.569866449044;36.91723208803382
36849;-103.367701136488;(((pow2(((x + _a3_) + _a6_)) * _a4_) + (_a4_ + _a3_)) * x);{'d0': {'_a3_': -1.9301847913953023, '_a4_': 3.3767608801713918, '_a6_': 2.242114499174703, '_a0_': 1.0, '_a1_': 1.0, '_a2_': 1.0, '_a5_': 1.0, '_a7_': 1.0}};{'d0': 0.024905832919416625};-280.569866449044;36.91723208803382
36850;-103.367701136488;(((pow2(((x + _a3_) + _a6_)) * _a4_) + (_a4_ + _a3_)) * x);{'d0': {'_a3_': -1.9301847913953023, '_a4_': 3.3767608801713918, '_a6_': 2.242114499174703, '_a0_': 1.0, '_a1_': 1.0, '_a2_': 1.0, '_a5_': 1.0, '_a7_': 1.0}};{'d0': 0.024905832919416625};-280.569866449044;36.91723208803382
36851;-103.367701136488;(((pow2(((x + _a3_) + _a6_)) * _a4_) + (_a4_ + _a3_)) * x);{'d0': {'_a3_': -1.9301847913953023, '_a4_': 3.3767608801713918, '_a6_': 2.242114499174703, '_a0_': 1.0, '_a1_': 1.0, '_a2_': 1.0, '_a5_': 1.0, '_a7_': 1.0}};{'d0': 0.024905832919416625};-280.569866449044;36.91723208803382
36852;-103.367701136488;(((pow2(((x + _a3_) + _a6_)) * _a6_) + (_a4_ + _a3_)) * x);{'d0': {'_a3_': -3.0648311704709474, '_a4_': 4.51140725981582, '_a6_': 3.3767608782564524, '_a0_': 1.0, '_a1_': 1.0, '_a2_': 1.0, '_a5_': 1.0, '_a7_': 1.0}};{'d0': 0.024905832919416643};-280.569866449044;36.91723208803382
36853;-103.367701136488;(((pow2(((x + _a3_) + _a6_)) * _a6_) + (_a4_ + _a3_)) * x);{'d0': {'_a3_': -3.0648311704709474, '_a4_': 4.51140725981582, '_a6_': 3.3767608782564524, '_a0_': 1.0, '_a1_': 1.0, '_a2_': 1.0, '_a5_': 1.0, '_a7_': 1.0}};{'d0': 0.024905832919416643};-280.569866449044;36.91723208803382
36854;-103.367701136488;(((pow2(((x + _a3_) + _a6_)) * _a6_) + (_a4_ + _a3_)) * x);{'d0': {'_a3_': -3.0648311704709474, '_a4_': 4.51140725981582, '_a6_': 3.3767608782564524, '_a0_': 1.0, '_a1_': 1.0, '_a2_': 1.0, '_a5_': 1.0, '_a7_': 1.0}};{'d0': 0.024905832919416643};-280.569866449044;36.91723208803382
36855;-103.367701136488;(((pow2(((x + _a3_) + _a6_)) * _a6_) + (_a4_ + _a3_)) * x);{'d0': {'_a3_': -3.0648311704709474, '_a4_': 4.51140725981582, '_a6_': 3.3767608782564524, '_a0_': 1.0, '_a1_': 1.0, '_a2_': 1.0, '_a5_': 1.0, '_a7_': 1.0}};{'d0': 0.024905832919416643};-280.569866449044;36.91723208803382
36856;-103.367701136488;(((pow2(((x + _a3_) + _a6_)) * _a6_) + (_a4_ + _a3_)) * x);{'d0': {'_a3_': -3.0648311704709474, '_a4_': 4.51140725981582, '_a6_': 3.3767608782564524, '_a0_': 1.0, '_a1_': 1.0, '_a2_': 1.0, '_a5_': 1.0, '_a7_': 1.0}};{'d0': 0.024905832919416643};-280.569866449044;36.91723208803382
36857;-103.367701136488;(((pow2(((x + _a3_) + _a6_)) * _a6_) + (_a4_ + _a3_)) * x);{'d0': {'_a3_': -3.0648311704709474, '_a4_': 4.51140725981582, '_a6_': 3.3767608782564524, '_a0_': 1.0, '_a1_': 1.0, '_a2_': 1.0, '_a5_': 1.0, '_a7_': 1.0}};{'d0': 0.024905832919416643};-280.569866449044;36.91723208803382
36858;-103.488010419115;(((pow2(((x + _a3_) + _a6_)) * _a6_) + (_a4_ / _a3_)) * x);{'d0': {'_a3_': -3.064831174333879, '_a4_': -4.433511492226192, '_a6_': 3.3767608821520225, '_a0_': 1.0, '_a1_': 1.0, '_a2_': 1.0, '_a5_': 1.0, '_a7_': 1.0}};{'d0': 0.024905832919416622};-280.569866449044;36.79692280540622
36859;-101.440838137767;(((pow2(((x + _a3_) + _a7_)) * _a6_) + (_a4_ / _a3_)) * x);{'d0': {'_a3_': 79.08729925433946, '_a4_': 114.405804885876, '_a6_': 3.3767608798341113, '_a7_': -78.77536954716913, '_a0_': 1.0, '_a1_': 1.0, '_a2_': 1.0, '_a5_': 1.0}};{'d0': 0.024905832919613957};-276.475521886346;36.79692280540622
36860;-95.6036153078790;(((pow2(((x + _a3_) + _a7_)) * _a6_) + ((_a2_ / _a6_) / _a3_)) * x);{'d0': {'_a2_': 1164.5421617108968, '_a3_': 238.4039544250107, '_a6_': 3.3767608807450804, '_a7_': -238.09202489831014, '_a0_': 1.0, '_a1_': 1.0, '_a4_': 1.0, '_a5_': 1.0}};{'d0': 0.0249058329376627};-276.475521842865;42.634145613553414
36861;-89.6830141858563;(((pow2(((x + _a3_) + _a7_)) * _a6_) + (((_a5_ + x) / _a6_) / _a3_)) * x);{'d0': {'_a3_': -23779.93290520554, '_a5_': -116158.75367700387, '_a6_': 3.3767608781413587, '_a7_': 23780.2448373799, '_a0_': 1.0, '_a1_': 1.0, '_a2_': 1.0, '_a4_': 1.0}};{'d0': 0.024905832998260918};-276.475521696880;48.55474666258341
36862;-89.6830141858563;(((pow2(((x + _a3_) + _a7_)) * _a6_) + (((_a5_ + x) / _a6_) / _a3_)) * x);{'d0': {'_a3_': -23779.93290520554, '_a5_': -116158.75367700387, '_a6_': 3.3767608781413587, '_a7_': 23780.2448373799, '_a0_': 1.0, '_a1_': 1.0, '_a2_': 1.0, '_a4_': 1.0}};{'d0': 0.024905832998260918};-276.475521696880;48.55474666258341
36863;-89.6830141858563;(((pow2(((x + _a3_) + _a7_)) * _a6_) + (((_a5_ + x) / _a6_) / _a3_)) * x);{'d0': {'_a3_': -23779.93290520554, '_a5_': -116158.75367700387, '_a6_': 3.3767608781413587, '_a7_': 23780.2448373799, '_a0_': 1.0, '_a1_': 1.0, '_a2_': 1.0, '_a4_': 1.0}};{'d0': 0.024905832998260918};-276.475521696880;48.55474666258341
36864;-89.6830141858563;(((pow2(((x + _a3_) + _a7_)) * _a6_) + (((_a5_ + x) / _a6_) / _a3_)) * x);{'d0': {'_a3_': -23779.93290520554, '_a5_': -116158.75367700387, '_a6_': 3.3767608781413587, '_a7_': 23780.2448373799, '_a0_': 1.0, '_a1_': 1.0, '_a2_': 1.0, '_a4_': 1.0}};{'d0': 0.024905832998260918};-276.475521696880;48.55474666258341
36865;-89.6830141858563;(((pow2(((x + _a3_) + _a7_)) * _a6_) + (((_a5_ + x) / _a6_) / _a3_)) * x);{'d0': {'_a3_': -23779.93290520554, '_a5_': -116158.75367700387, '_a6_': 3.3767608781413587, '_a7_': 23780.2448373799, '_a0_': 1.0, '_a1_': 1.0, '_a2_': 1.0, '_a4_': 1.0}};{'d0': 0.024905832998260918};-276.475521696880;48.55474666258341
36866;-89.6830141858563;(((pow2(((x + _a3_) + _a7_)) * _a6_) + (((_a5_ + x) / _a6_) / _a3_)) * x);{'d0': {'_a3_': -23779.93290520554, '_a5_': -116158.75367700387, '_a6_': 3.3767608781413587, '_a7_': 23780.2448373799, '_a0_': 1.0, '_a1_': 1.0, '_a2_': 1.0, '_a4_': 1.0}};{'d0': 0.024905832998260918};-276.475521696880;48.55474666258341
36867;-97.2393130445057;(((x * (_a3_ + _a3_)) * ((((_a4_ * x) + _a3_) * x) + _a6_)) + x);{'d0': {'_a3_': 1.0263099113638323, '_a4_': 1.6450980552704795, '_a6_': 0.3776322316271099, '_a0_': 1.0, '_a1_': 1.0, '_a2_': 1.0, '_a5_': 1.0, '_a7_': 1.0}};{'d0': 0.024905832919416636};-280.569866449044;43.04562018001599
36868;-97.2393130445057;(((x * (_a3_ + _a3_)) * ((((_a4_ * x) + _a3_) * x) + _a6_)) + x);{'d0': {'_a3_': 1.0263099113638323, '_a4_': 1.6450980552704795, '_a6_': 0.3776322316271099, '_a0_': 1.0, '_a1_': 1.0, '_a2_': 1.0, '_a5_': 1.0, '_a7_': 1.0}};{'d0': 0.024905832919416636};-280.569866449044;43.04562018001599
36869;-97.2393130445057;(((x * (_a3_ + _a3_)) * ((((_a4_ * x) + _a3_) * x) + _a6_)) + x);{'d0': {'_a3_': 1.0263099113638323, '_a4_': 1.6450980552704795, '_a6_': 0.3776322316271099, '_a0_': 1.0, '_a1_': 1.0, '_a2_': 1.0, '_a5_': 1.0, '_a7_': 1.0}};{'d0': 0.024905832919416636};-280.569866449044;43.04562018001599
36870;-97.2393130445057;(((x * (_a3_ + _a3_)) * ((((_a4_ * x) + _a3_) * x) + _a6_)) + x);{'d0': {'_a3_': 1.0263099113638323, '_a4_': 1.6450980552704795, '_a6_': 0.3776322316271099, '_a0_': 1.0, '_a1_': 1.0, '_a2_': 1.0, '_a5_': 1.0, '_a7_': 1.0}};{'d0': 0.024905832919416636};-280.569866449044;43.04562018001599
36871;-97.2393130445057;(((x * (_a3_ + _a3_)) * ((((_a4_ * x) + _a3_) * x) + _a6_)) + x);{'d0': {'_a3_': 1.0263099113638323, '_a4_': 1.6450980552704795, '_a6_': 0.3776322316271099, '_a0_': 1.0, '_a1_': 1.0, '_a2_': 1.0, '_a5_': 1.0, '_a7_': 1.0}};{'d0': 0.024905832919416636};-280.569866449044;43.04562018001599
36872;-97.2393130445057;(((x * (_a3_ + _a3_)) * ((((_a4_ * x) + _a3_) * x) + _a6_)) + x);{'d0': {'_a3_': 1.0263099113638323, '_a4_': 1.6450980552704795, '_a6_': 0.3776322316271099, '_a0_': 1.0, '_a1_': 1.0, '_a2_': 1.0, '_a5_': 1.0, '_a7_': 1.0}};{'d0': 0.024905832919416636};-280.569866449044;43.04562018001599
36873;-96.5670320311257;(((x * pow3(_a3_)) * ((((_a4_ * x) + _a3_) * x) + _a6_)) + x);{'d0': {'_a3_': 1.2047495156679897, '_a4_': 1.9311233995559955, '_a6_': 0.44328934540306036, '_a0_': 1.0, '_a1_': 1.0, '_a2_': 1.0, '_a5_': 1.0, '_a7_': 1.0}};{'d0': 0.02490583291941664};-280.569866449044;43.71790119339599
36874;-96.5670320311257;(((x * pow3(_a3_)) * ((((_a4_ * x) + _a3_) * x) + _a6_)) + x);{'d0': {'_a3_': 1.2047495156679897, '_a4_': 1.9311233995559955, '_a6_': 0.44328934540306036, '_a0_': 1.0, '_a1_': 1.0, '_a2_': 1.0, '_a5_': 1.0, '_a7_': 1.0}};{'d0': 0.02490583291941664};-280.569866449044;43.71790119339599
36875;-96.5670320311257;(((x * pow3(_a3_)) * ((((_a4_ * x) + _a3_) * x) + _a6_)) + x);{'d0': {'_a3_': 1.2047495156679897, '_a4_': 1.9311233995559955, '_a6_': 0.44328934540306036, '_a0_': 1.0, '_a1_': 1.0, '_a2_': 1.0, '_a5_': 1.0, '_a7_': 1.0}};{'d0': 0.02490583291941664};-280.569866449044;43.71790119339599
36876;-96.5670320311257;(((x * pow3(_a3_)) * ((((_a4_ * x) + _a3_) * x) + _a6_)) + x);{'d0': {'_a3_': 1.2047495156679897, '_a4_': 1.9311233995559955, '_a6_': 0.44328934540306036, '_a0_': 1.0, '_a1_': 1.0, '_a2_': 1.0, '_a5_': 1.0, '_a7_': 1.0}};{'d0': 0.02490583291941664};-280.569866449044;43.71790119339599
36877;-96.5670320311257;(((x * pow3(_a3_)) * ((((_a4_ * x) + _a3_) * x) + _a6_)) + x);{'d0': {'_a3_': 1.2047495156679897, '_a4_': 1.9311233995559955, '_a6_': 0.44328934540306036, '_a0_': 1.0, '_a1_': 1.0, '_a2_': 1.0, '_a5_': 1.0, '_a7_': 1.0}};{'d0': 0.02490583291941664};-280.569866449044;43.71790119339599
36878;-96.5670320311257;(((x * pow3(_a3_)) * ((((_a4_ * x) + _a3_) * x) + _a6_)) + x);{'d0': {'_a3_': 1.2047495156679897, '_a4_': 1.9311233995559955, '_a6_': 0.44328934540306036, '_a0_': 1.0, '_a1_': 1.0, '_a2_': 1.0, '_a5_': 1.0, '_a7_': 1.0}};{'d0': 0.02490583291941664};-280.569866449044;43.71790119339599
36879;-96.5670320311257;(((x * pow3(_a3_)) * ((((_a4_ * x) + _a3_) * x) + _a6_)) + x);{'d0': {'_a3_': 1.2047495156679897, '_a4_': 1.9311233995559955, '_a6_': 0.44328934540306036, '_a0_': 1.0, '_a1_': 1.0, '_a2_': 1.0, '_a5_': 1.0, '_a7_': 1.0}};{'d0': 0.02490583291941664};-280.569866449044;43.71790119339599
36880;-96.5670320311257;(((x * pow3(_a3_)) * ((((_a4_ * x) + _a3_) * x) + _a6_)) + x);{'d0': {'_a3_': 1.2047495156679897, '_a4_': 1.9311233995559955, '_a6_': 0.44328934540306036, '_a0_': 1.0, '_a1_': 1.0, '_a2_': 1.0, '_a5_': 1.0, '_a7_': 1.0}};{'d0': 0.02490583291941664};-280.569866449044;43.71790119339599
36881;-96.5670320311257;(((x * pow3(_a3_)) * ((((_a4_ * x) + _a3_) * x) + _a6_)) + x);{'d0': {'_a3_': 1.2047495156679897, '_a4_': 1.9311233995559955, '_a6_': 0.44328934540306036, '_a0_': 1.0, '_a1_': 1.0, '_a2_': 1.0, '_a5_': 1.0, '_a7_': 1.0}};{'d0': 0.02490583291941664};-280.569866449044;43.71790119339599
36882;-96.5670320311257;(((x * pow3(_a3_)) * ((((_a4_ * x) + _a3_) * x) + _a6_)) + x);{'d0': {'_a3_': 1.2047495156679897, '_a4_': 1.9311233995559955, '_a6_': 0.44328934540306036, '_a0_': 1.0, '_a1_': 1.0, '_a2_': 1.0, '_a5_': 1.0, '_a7_': 1.0}};{'d0': 0.02490583291941664};-280.569866449044;43.71790119339599
36883;-96.5670320311257;(((x * pow3(_a3_)) * ((((_a4_ * x) + _a3_) * x) + _a6_)) + x);{'d0': {'_a3_': 1.2047495156679897, '_a4_': 1.9311233995559955, '_a6_': 0.44328934540306036, '_a0_': 1.0, '_a1_': 1.0, '_a2_': 1.0, '_a5_': 1.0, '_a7_': 1.0}};{'d0': 0.02490583291941664};-280.569866449044;43.71790119339599
36884;-96.5670320311257;(((x * pow3(_a3_)) * ((((_a4_ * x) + _a3_) * x) + _a6_)) + x);{'d0': {'_a3_': 1.2047495156679897, '_a4_': 1.9311233995559955, '_a6_': 0.44328934540306036, '_a0_': 1.0, '_a1_': 1.0, '_a2_': 1.0, '_a5_': 1.0, '_a7_': 1.0}};{'d0': 0.02490583291941664};-280.569866449044;43.71790119339599
36885;-96.5670320311257;(((x * pow3(_a3_)) * ((((_a4_ * x) + _a3_) * x) + _a6_)) + x);{'d0': {'_a3_': 1.2047495156679897, '_a4_': 1.9311233995559955, '_a6_': 0.44328934540306036, '_a0_': 1.0, '_a1_': 1.0, '_a2_': 1.0, '_a5_': 1.0, '_a7_': 1.0}};{'d0': 0.02490583291941664};-280.569866449044;43.71790119339599
36886;-96.5670320311257;(((x * pow3(_a3_)) * ((((_a4_ * x) + _a3_) * x) + _a6_)) + x);{'d0': {'_a3_': 1.2047495156679897, '_a4_': 1.9311233995559955, '_a6_': 0.44328934540306036, '_a0_': 1.0, '_a1_': 1.0, '_a2_': 1.0, '_a5_': 1.0, '_a7_': 1.0}};{'d0': 0.02490583291941664};-280.569866449044;43.71790119339599
36887;-96.5670320311257;(((x * pow3(_a3_)) * ((((_a4_ * x) + _a3_) * x) + _a6_)) + x);{'d0': {'_a3_': 1.2047495156679897, '_a4_': 1.9311233995559955, '_a6_': 0.44328934540306036, '_a0_': 1.0, '_a1_': 1.0, '_a2_': 1.0, '_a5_': 1.0, '_a7_': 1.0}};{'d0': 0.02490583291941664};-280.569866449044;43.71790119339599
36888;-96.5670320311257;(((x * pow3(_a3_)) * ((((_a4_ * x) + _a3_) * x) + _a6_)) + x);{'d0': {'_a3_': 1.2047495156679897, '_a4_': 1.9311233995559955, '_a6_': 0.44328934540306036, '_a0_': 1.0, '_a1_': 1.0, '_a2_': 1.0, '_a5_': 1.0, '_a7_': 1.0}};{'d0': 0.02490583291941664};-280.569866449044;43.71790119339599
36889;-96.5670320311257;(((x * pow3(_a3_)) * ((((_a4_ * x) + _a3_) * x) + _a6_)) + x);{'d0': {'_a3_': 1.2047495156679897, '_a4_': 1.9311233995559955, '_a6_': 0.44328934540306036, '_a0_': 1.0, '_a1_': 1.0, '_a2_': 1.0, '_a5_': 1.0, '_a7_': 1.0}};{'d0': 0.02490583291941664};-280.569866449044;43.71790119339599
36890;-96.5670320311257;(((x * pow3(_a3_)) * ((((_a4_ * x) + _a3_) * x) + _a6_)) + x);{'d0': {'_a3_': 1.2047495156679897, '_a4_': 1.9311233995559955, '_a6_': 0.44328934540306036, '_a0_': 1.0, '_a1_': 1.0, '_a2_': 1.0, '_a5_': 1.0, '_a7_': 1.0}};{'d0': 0.02490583291941664};-280.569866449044;43.71790119339599
36891;-96.5670320311257;(((x * pow3(_a3_)) * ((((_a4_ * x) + _a3_) * x) + _a6_)) + x);{'d0': {'_a3_': 1.2047495156679897, '_a4_': 1.9311233995559955, '_a6_': 0.44328934540306036, '_a0_': 1.0, '_a1_': 1.0, '_a2_': 1.0, '_a5_': 1.0, '_a7_': 1.0}};{'d0': 0.02490583291941664};-280.569866449044;43.71790119339599
36892;-96.5670320311257;(((x * pow3(_a3_)) * ((((_a4_ * x) + _a3_) * x) + _a6_)) + x);{'d0': {'_a3_': 1.2047495156679897, '_a4_': 1.9311233995559955, '_a6_': 0.44328934540306036, '_a0_': 1.0, '_a1_': 1.0, '_a2_': 1.0, '_a5_': 1.0, '_a7_': 1.0}};{'d0': 0.02490583291941664};-280.569866449044;43.71790119339599
36893;-96.5670320311257;(((x * pow3(_a3_)) * ((((_a4_ * x) + _a3_) * x) + _a6_)) + x);{'d0': {'_a3_': 1.2047495156679897, '_a4_': 1.9311233995559955, '_a6_': 0.44328934540306036, '_a0_': 1.0, '_a1_': 1.0, '_a2_': 1.0, '_a5_': 1.0, '_a7_': 1.0}};{'d0': 0.02490583291941664};-280.569866449044;43.71790119339599
36894;-96.5670320311257;(((x * pow3(_a3_)) * ((((_a4_ * x) + _a3_) * x) + _a6_)) + x);{'d0': {'_a3_': 1.2047495156679897, '_a4_': 1.9311233995559955, '_a6_': 0.44328934540306036, '_a0_': 1.0, '_a1_': 1.0, '_a2_': 1.0, '_a5_': 1.0, '_a7_': 1.0}};{'d0': 0.02490583291941664};-280.569866449044;43.71790119339599
36895;-96.5670320311257;(((x * pow3(_a3_)) * ((((_a4_ * x) + _a3_) * x) + _a6_)) + x);{'d0': {'_a3_': 1.2047495156679897, '_a4_': 1.9311233995559955, '_a6_': 0.44328934540306036, '_a0_': 1.0, '_a1_': 1.0, '_a2_': 1.0, '_a5_': 1.0, '_a7_': 1.0}};{'d0': 0.02490583291941664};-280.569866449044;43.71790119339599
36896;-96.5670320311257;(((x * pow3(_a3_)) * ((((_a4_ * x) + _a3_) * x) + _a6_)) + x);{'d0': {'_a3_': 1.2047495156679897, '_a4_': 1.9311233995559955, '_a6_': 0.44328934540306036, '_a0_': 1.0, '_a1_': 1.0, '_a2_': 1.0, '_a5_': 1.0, '_a7_': 1.0}};{'d0': 0.02490583291941664};-280.569866449044;43.71790119339599
36897;-95.6036151101791;(((pow2(((x + _a3_) + _a7_)) * _a6_) + ((_a4_ / _a6_) / _a3_)) * x);{'d0': {'_a3_': -25604.041655784866, '_a4_': -125068.98768396775, '_a6_': 3.3767608778578575, '_a7_': 25604.353586123096, '_a0_': 1.0, '_a1_': 1.0, '_a2_': 1.0, '_a5_': 1.0}};{'d0': 0.024905833101792087};-276.475521447465;42.634145613553414
36898;-95.6036151101791;(((pow2(((x + _a3_) + _a7_)) * _a6_) + ((_a4_ / _a6_) / _a3_)) * x);{'d0': {'_a3_': -25604.041655784866, '_a4_': -125068.98768396775, '_a6_': 3.3767608778578575, '_a7_': 25604.353586123096, '_a0_': 1.0, '_a1_': 1.0, '_a2_': 1.0, '_a5_': 1.0}};{'d0': 0.024905833101792087};-276.475521447465;42.634145613553414
36899;-95.6036151101791;(((pow2(((x + _a3_) + _a7_)) * _a6_) + ((_a4_ / _a6_) / _a3_)) * x);{'d0': {'_a3_': -25604.041655784866, '_a4_': -125068.98768396775, '_a6_': 3.3767608778578575, '_a7_': 25604.353586123096, '_a0_': 1.0, '_a1_': 1.0, '_a2_': 1.0, '_a5_': 1.0}};{'d0': 0.024905833101792087};-276.475521447465;42.634145613553414
36900;-95.6036151101791;(((pow2(((x + _a3_) + _a7_)) * _a6_) + ((_a4_ / _a6_) / _a3_)) * x);{'d0': {'_a3_': -25604.041655784866, '_a4_': -125068.98768396775, '_a6_': 3.3767608778578575, '_a7_': 25604.353586123096, '_a0_': 1.0, '_a1_': 1.0, '_a2_': 1.0, '_a5_': 1.0}};{'d0': 0.024905833101792087};-276.475521447465;42.634145613553414
36901;-95.6036151101791;(((pow2(((x + _a3_) + _a7_)) * _a6_) + ((_a4_ / _a6_) / _a3_)) * x);{'d0': {'_a3_': -25604.041655784866, '_a4_': -125068.98768396775, '_a6_': 3.3767608778578575, '_a7_': 25604.353586123096, '_a0_': 1.0, '_a1_': 1.0, '_a2_': 1.0, '_a5_': 1.0}};{'d0': 0.024905833101792087};-276.475521447465;42.634145613553414
36902;-95.6036151101791;(((pow2(((x + _a3_) + _a7_)) * _a6_) + ((_a4_ / _a6_) / _a3_)) * x);{'d0': {'_a3_': -25604.041655784866, '_a4_': -125068.98768396775, '_a6_': 3.3767608778578575, '_a7_': 25604.353586123096, '_a0_': 1.0, '_a1_': 1.0, '_a2_': 1.0, '_a5_': 1.0}};{'d0': 0.024905833101792087};-276.475521447465;42.634145613553414
36903;-95.6036151101791;(((pow2(((x + _a3_) + _a7_)) * _a6_) + ((_a4_ / _a6_) / _a3_)) * x);{'d0': {'_a3_': -25604.041655784866, '_a4_': -125068.98768396775, '_a6_': 3.3767608778578575, '_a7_': 25604.353586123096, '_a0_': 1.0, '_a1_': 1.0, '_a2_': 1.0, '_a5_': 1.0}};{'d0': 0.024905833101792087};-276.475521447465;42.634145613553414
36904;-95.6036151101791;(((pow2(((x + _a3_) + _a7_)) * _a6_) + ((_a4_ / _a6_) / _a3_)) * x);{'d0': {'_a3_': -25604.041655784866, '_a4_': -125068.98768396775, '_a6_': 3.3767608778578575, '_a7_': 25604.353586123096, '_a0_': 1.0, '_a1_': 1.0, '_a2_': 1.0, '_a5_': 1.0}};{'d0': 0.024905833101792087};-276.475521447465;42.634145613553414
36905;-95.6036151101791;(((pow2(((x + _a3_) + _a7_)) * _a6_) + ((_a4_ / _a6_) / _a3_)) * x);{'d0': {'_a3_': -25604.041655784866, '_a4_': -125068.98768396775, '_a6_': 3.3767608778578575, '_a7_': 25604.353586123096, '_a0_': 1.0, '_a1_': 1.0, '_a2_': 1.0, '_a5_': 1.0}};{'d0': 0.024905833101792087};-276.475521447465;42.634145613553414
36906;-95.6036151101791;(((pow2(((x + _a3_) + _a7_)) * _a6_) + ((_a4_ / _a6_) / _a3_)) * x);{'d0': {'_a3_': -25604.041655784866, '_a4_': -125068.98768396775, '_a6_': 3.3767608778578575, '_a7_': 25604.353586123096, '_a0_': 1.0, '_a1_': 1.0, '_a2_': 1.0, '_a5_': 1.0}};{'d0': 0.024905833101792087};-276.475521447465;42.634145613553414
36907;-95.6036151101791;(((pow2(((x + _a3_) + _a7_)) * _a6_) + ((_a4_ / _a6_) / _a3_)) * x);{'d0': {'_a3_': -25604.041655784866, '_a4_': -125068.98768396775, '_a6_': 3.3767608778578575, '_a7_': 25604.353586123096, '_a0_': 1.0, '_a1_': 1.0, '_a2_': 1.0, '_a5_': 1.0}};{'d0': 0.024905833101792087};-276.475521447465;42.634145613553414
36908;-95.6036151101791;(((pow2(((x + _a3_) + _a7_)) * _a6_) + ((_a4_ / _a6_) / _a3_)) * x);{'d0': {'_a3_': -25604.041655784866, '_a4_': -125068.98768396775, '_a6_': 3.3767608778578575, '_a7_': 25604.353586123096, '_a0_': 1.0, '_a1_': 1.0, '_a2_': 1.0, '_a5_': 1.0}};{'d0': 0.024905833101792087};-276.475521447465;42.634145613553414
36909;-95.6036151101791;(((pow2(((x + _a3_) + _a7_)) * _a6_) + ((_a4_ / _a6_) / _a3_)) * x);{'d0': {'_a3_': -25604.041655784866, '_a4_': -125068.98768396775, '_a6_': 3.3767608778578575, '_a7_': 25604.353586123096, '_a0_': 1.0, '_a1_': 1.0, '_a2_': 1.0, '_a5_': 1.0}};{'d0': 0.024905833101792087};-276.475521447465;42.634145613553414
36910;-95.6036151101791;(((pow2(((x + _a3_) + _a7_)) * _a6_) + ((_a4_ / _a6_) / _a3_)) * x);{'d0': {'_a3_': -25604.041655784866, '_a4_': -125068.98768396775, '_a6_': 3.3767608778578575, '_a7_': 25604.353586123096, '_a0_': 1.0, '_a1_': 1.0, '_a2_': 1.0, '_a5_': 1.0}};{'d0': 0.024905833101792087};-276.475521447465;42.634145613553414
36911;-95.6036151101791;(((pow2(((x + _a3_) + _a7_)) * _a6_) + ((_a4_ / _a6_) / _a3_)) * x);{'d0': {'_a3_': -25604.041655784866, '_a4_': -125068.98768396775, '_a6_': 3.3767608778578575, '_a7_': 25604.353586123096, '_a0_': 1.0, '_a1_': 1.0, '_a2_': 1.0, '_a5_': 1.0}};{'d0': 0.024905833101792087};-276.475521447465;42.634145613553414
36912;-95.6036151101791;(((pow2(((x + _a3_) + _a7_)) * _a6_) + ((_a4_ / _a6_) / _a3_)) * x);{'d0': {'_a3_': -25604.041655784866, '_a4_': -125068.98768396775, '_a6_': 3.3767608778578575, '_a7_': 25604.353586123096, '_a0_': 1.0, '_a1_': 1.0, '_a2_': 1.0, '_a5_': 1.0}};{'d0': 0.024905833101792087};-276.475521447465;42.634145613553414
36913;-95.6036151101791;(((pow2(((x + _a3_) + _a7_)) * _a6_) + ((_a4_ / _a6_) / _a3_)) * x);{'d0': {'_a3_': -25604.041655784866, '_a4_': -125068.98768396775, '_a6_': 3.3767608778578575, '_a7_': 25604.353586123096, '_a0_': 1.0, '_a1_': 1.0, '_a2_': 1.0, '_a5_': 1.0}};{'d0': 0.024905833101792087};-276.475521447465;42.634145613553414
36914;-95.6036151101791;(((pow2(((x + _a3_) + _a7_)) * _a6_) + ((_a4_ / _a6_) / _a3_)) * x);{'d0': {'_a3_': -25604.041655784866, '_a4_': -125068.98768396775, '_a6_': 3.3767608778578575, '_a7_': 25604.353586123096, '_a0_': 1.0, '_a1_': 1.0, '_a2_': 1.0, '_a5_': 1.0}};{'d0': 0.024905833101792087};-276.475521447465;42.634145613553414
36915;-95.6036151101791;(((pow2(((x + _a3_) + _a7_)) * _a6_) + ((_a4_ / _a6_) / _a3_)) * x);{'d0': {'_a3_': -25604.041655784866, '_a4_': -125068.98768396775, '_a6_': 3.3767608778578575, '_a7_': 25604.353586123096, '_a0_': 1.0, '_a1_': 1.0, '_a2_': 1.0, '_a5_': 1.0}};{'d0': 0.024905833101792087};-276.475521447465;42.634145613553414
36916;-95.6036151101791;(((pow2(((x + _a3_) + _a7_)) * _a6_) + ((_a4_ / _a6_) / _a3_)) * x);{'d0': {'_a3_': -25604.041655784866, '_a4_': -125068.98768396775, '_a6_': 3.3767608778578575, '_a7_': 25604.353586123096, '_a0_': 1.0, '_a1_': 1.0, '_a2_': 1.0, '_a5_': 1.0}};{'d0': 0.024905833101792087};-276.475521447465;42.634145613553414
36917;-95.6036151101791;(((pow2(((x + _a3_) + _a7_)) * _a6_) + ((_a4_ / _a6_) / _a3_)) * x);{'d0': {'_a3_': -25604.041655784866, '_a4_': -125068.98768396775, '_a6_': 3.3767608778578575, '_a7_': 25604.353586123096, '_a0_': 1.0, '_a1_': 1.0, '_a2_': 1.0, '_a5_': 1.0}};{'d0': 0.024905833101792087};-276.475521447465;42.634145613553414
36918;-89.1253121162199;(x * (_a3_ + pow2((((_a5_ * _a4_) * ((_a0_ * _a6_) * (_a5_ * x))) + _a1_))));{'d0': {'_a0_': 1.1273830970008882, '_a1_': 0.5732009375499338, '_a3_': 1.446576089550841, '_a4_': 0.4660135059172897, '_a5_': 1.3710924855975737, '_a6_': 1.8605725273413396, '_a2_': 1.0, '_a7_': 1.0}};{'d0': 0.024905832919850563};-268.286832761332;45.01810426444596
36919;-89.1253121162199;(x * (_a3_ + pow2((((_a5_ * _a4_) * ((_a0_ * _a6_) * (_a5_ * x))) + _a1_))));{'d0': {'_a0_': 1.1273830970008882, '_a1_': 0.5732009375499338, '_a3_': 1.446576089550841, '_a4_': 0.4660135059172897, '_a5_': 1.3710924855975737, '_a6_': 1.8605725273413396, '_a2_': 1.0, '_a7_': 1.0}};{'d0': 0.024905832919850563};-268.286832761332;45.01810426444596
36920;-89.1253121162199;(x * (_a3_ + pow2((((_a5_ * _a4_) * ((_a0_ * _a6_) * (_a5_ * x))) + _a1_))));{'d0': {'_a0_': 1.1273830970008882, '_a1_': 0.5732009375499338, '_a3_': 1.446576089550841, '_a4_': 0.4660135059172897, '_a5_': 1.3710924855975737, '_a6_': 1.8605725273413396, '_a2_': 1.0, '_a7_': 1.0}};{'d0': 0.024905832919850563};-268.286832761332;45.01810426444596
36921;-96.2665388957803;(x * (_a3_ + pow2(((_a1_ * ((_a0_ * _a6_) * (_a5_ * x))) + _a1_))));{'d0': {'_a0_': 1.3080113813997896, '_a1_': 0.5732009375626897, '_a3_': 1.4465760894361857, '_a5_': 1.1869099586772407, '_a6_': 2.064970967518347, '_a2_': 1.0, '_a4_': 1.0, '_a7_': 1.0}};{'d0': 0.024905832919561343};-272.381177324251;39.92404976634496
36922;-96.2665388957803;(x * (_a3_ + pow2(((_a1_ * ((_a0_ * _a6_) * (_a5_ * x))) + _a1_))));{'d0': {'_a0_': 1.3080113813997896, '_a1_': 0.5732009375626897, '_a3_': 1.4465760894361857, '_a5_': 1.1869099586772407, '_a6_': 2.064970967518347, '_a2_': 1.0, '_a4_': 1.0, '_a7_': 1.0}};{'d0': 0.024905832919561343};-272.381177324251;39.92404976634496
36923;-96.2665388957803;(x * (_a3_ + pow2(((_a1_ * ((_a0_ * _a6_) * (_a5_ * x))) + _a1_))));{'d0': {'_a0_': 1.3080113813997896, '_a1_': 0.5732009375626897, '_a3_': 1.4465760894361857, '_a5_': 1.1869099586772407, '_a6_': 2.064970967518347, '_a2_': 1.0, '_a4_': 1.0, '_a7_': 1.0}};{'d0': 0.024905832919561343};-272.381177324251;39.92404976634496
36924;-96.2665388957803;(x * (_a3_ + pow2(((_a1_ * ((_a0_ * _a6_) * (_a5_ * x))) + _a1_))));{'d0': {'_a0_': 1.3080113813997896, '_a1_': 0.5732009375626897, '_a3_': 1.4465760894361857, '_a5_': 1.1869099586772407, '_a6_': 2.064970967518347, '_a2_': 1.0, '_a4_': 1.0, '_a7_': 1.0}};{'d0': 0.024905832919561343};-272.381177324251;39.92404976634496
36925;-96.2665388957803;(x * (_a3_ + pow2(((_a1_ * ((_a0_ * _a6_) * (_a5_ * x))) + _a1_))));{'d0': {'_a0_': 1.3080113813997896, '_a1_': 0.5732009375626897, '_a3_': 1.4465760894361857, '_a5_': 1.1869099586772407, '_a6_': 2.064970967518347, '_a2_': 1.0, '_a4_': 1.0, '_a7_': 1.0}};{'d0': 0.024905832919561343};-272.381177324251;39.92404976634496
36926;-96.2665388957803;(x * (_a3_ + pow2(((_a1_ * ((_a0_ * _a6_) * (_a5_ * x))) + _a1_))));{'d0': {'_a0_': 1.3080113813997896, '_a1_': 0.5732009375626897, '_a3_': 1.4465760894361857, '_a5_': 1.1869099586772407, '_a6_': 2.064970967518347, '_a2_': 1.0, '_a4_': 1.0, '_a7_': 1.0}};{'d0': 0.024905832919561343};-272.381177324251;39.92404976634496
36927;-96.2665388957803;(x * (_a3_ + pow2(((_a1_ * ((_a0_ * _a6_) * (_a5_ * x))) + _a1_))));{'d0': {'_a0_': 1.3080113813997896, '_a1_': 0.5732009375626897, '_a3_': 1.4465760894361857, '_a5_': 1.1869099586772407, '_a6_': 2.064970967518347, '_a2_': 1.0, '_a4_': 1.0, '_a7_': 1.0}};{'d0': 0.024905832919561343};-272.381177324251;39.92404976634496
36928;-96.2665388957803;(x * (_a3_ + pow2(((_a1_ * ((_a0_ * _a6_) * (_a5_ * x))) + _a1_))));{'d0': {'_a0_': 1.3080113813997896, '_a1_': 0.5732009375626897, '_a3_': 1.4465760894361857, '_a5_': 1.1869099586772407, '_a6_': 2.064970967518347, '_a2_': 1.0, '_a4_': 1.0, '_a7_': 1.0}};{'d0': 0.024905832919561343};-272.381177324251;39.92404976634496
36929;-96.2665388957803;(x * (_a3_ + pow2(((_a1_ * ((_a0_ * _a6_) * (_a5_ * x))) + _a1_))));{'d0': {'_a0_': 1.3080113813997896, '_a1_': 0.5732009375626897, '_a3_': 1.4465760894361857, '_a5_': 1.1869099586772407, '_a6_': 2.064970967518347, '_a2_': 1.0, '_a4_': 1.0, '_a7_': 1.0}};{'d0': 0.024905832919561343};-272.381177324251;39.92404976634496
36930;-96.2665388957803;(x * (_a3_ + pow2(((_a1_ * ((_a0_ * _a6_) * (_a5_ * x))) + _a1_))));{'d0': {'_a0_': 1.3080113813997896, '_a1_': 0.5732009375626897, '_a3_': 1.4465760894361857, '_a5_': 1.1869099586772407, '_a6_': 2.064970967518347, '_a2_': 1.0, '_a4_': 1.0, '_a7_': 1.0}};{'d0': 0.024905832919561343};-272.381177324251;39.92404976634496
36931;-95.3676350455709;(x * (_a3_ + pow2(((_a1_ * ((_a0_ + _a6_) * (_a5_ * x))) + _a1_))));{'d0': {'_a0_': -2.3170819495355386, '_a1_': 0.5732009378604501, '_a3_': 1.4465760890193902, '_a5_': 1.250058721237102, '_a6_': 4.881641084890403, '_a2_': 1.0, '_a4_': 1.0, '_a7_': 1.0}};{'d0': 0.024905832930319387};-272.381177298334;40.822953603595955
36932;-95.3676350455709;(x * (_a3_ + pow2(((_a1_ * ((_a0_ + _a6_) * (_a5_ * x))) + _a1_))));{'d0': {'_a0_': -2.3170819495355386, '_a1_': 0.5732009378604501, '_a3_': 1.4465760890193902, '_a5_': 1.250058721237102, '_a6_': 4.881641084890403, '_a2_': 1.0, '_a4_': 1.0, '_a7_': 1.0}};{'d0': 0.024905832930319387};-272.381177298334;40.822953603595955
36933;-95.3676350455709;(x * (_a3_ + pow2(((_a1_ * ((_a0_ + _a6_) * (_a5_ * x))) + _a1_))));{'d0': {'_a0_': -2.3170819495355386, '_a1_': 0.5732009378604501, '_a3_': 1.4465760890193902, '_a5_': 1.250058721237102, '_a6_': 4.881641084890403, '_a2_': 1.0, '_a4_': 1.0, '_a7_': 1.0}};{'d0': 0.024905832930319387};-272.381177298334;40.822953603595955
36934;-95.3676350455709;(x * (_a3_ + pow2(((_a1_ * ((_a0_ + _a6_) * (_a5_ * x))) + _a1_))));{'d0': {'_a0_': -2.3170819495355386, '_a1_': 0.5732009378604501, '_a3_': 1.4465760890193902, '_a5_': 1.250058721237102, '_a6_': 4.881641084890403, '_a2_': 1.0, '_a4_': 1.0, '_a7_': 1.0}};{'d0': 0.024905832930319387};-272.381177298334;40.822953603595955
36935;-95.3676350455709;(x * (_a3_ + pow2(((_a1_ * ((_a0_ + _a6_) * (_a5_ * x))) + _a1_))));{'d0': {'_a0_': -2.3170819495355386, '_a1_': 0.5732009378604501, '_a3_': 1.4465760890193902, '_a5_': 1.250058721237102, '_a6_': 4.881641084890403, '_a2_': 1.0, '_a4_': 1.0, '_a7_': 1.0}};{'d0': 0.024905832930319387};-272.381177298334;40.822953603595955
36936;-95.3676350455709;(x * (_a3_ + pow2(((_a1_ * ((_a0_ + _a6_) * (_a5_ * x))) + _a1_))));{'d0': {'_a0_': -2.3170819495355386, '_a1_': 0.5732009378604501, '_a3_': 1.4465760890193902, '_a5_': 1.250058721237102, '_a6_': 4.881641084890403, '_a2_': 1.0, '_a4_': 1.0, '_a7_': 1.0}};{'d0': 0.024905832930319387};-272.381177298334;40.822953603595955
36937;-95.3676350455709;(x * (_a3_ + pow2(((_a1_ * ((_a0_ + _a6_) * (_a5_ * x))) + _a1_))));{'d0': {'_a0_': -2.3170819495355386, '_a1_': 0.5732009378604501, '_a3_': 1.4465760890193902, '_a5_': 1.250058721237102, '_a6_': 4.881641084890403, '_a2_': 1.0, '_a4_': 1.0, '_a7_': 1.0}};{'d0': 0.024905832930319387};-272.381177298334;40.822953603595955
36938;-95.3676350455709;(x * (_a3_ + pow2(((_a1_ * ((_a0_ + _a6_) * (_a5_ * x))) + _a1_))));{'d0': {'_a0_': -2.3170819495355386, '_a1_': 0.5732009378604501, '_a3_': 1.4465760890193902, '_a5_': 1.250058721237102, '_a6_': 4.881641084890403, '_a2_': 1.0, '_a4_': 1.0, '_a7_': 1.0}};{'d0': 0.024905832930319387};-272.381177298334;40.822953603595955
36939;-95.3676350455709;(x * (_a3_ + pow2(((_a1_ * ((_a0_ + _a6_) * (_a5_ * x))) + _a1_))));{'d0': {'_a0_': -2.3170819495355386, '_a1_': 0.5732009378604501, '_a3_': 1.4465760890193902, '_a5_': 1.250058721237102, '_a6_': 4.881641084890403, '_a2_': 1.0, '_a4_': 1.0, '_a7_': 1.0}};{'d0': 0.024905832930319387};-272.381177298334;40.822953603595955
36940;-95.3676350455709;(x * (_a3_ + pow2(((_a1_ * ((_a0_ + _a6_) * (_a5_ * x))) + _a1_))));{'d0': {'_a0_': -2.3170819495355386, '_a1_': 0.5732009378604501, '_a3_': 1.4465760890193902, '_a5_': 1.250058721237102, '_a6_': 4.881641084890403, '_a2_': 1.0, '_a4_': 1.0, '_a7_': 1.0}};{'d0': 0.024905832930319387};-272.381177298334;40.822953603595955
36941;-95.3676350455709;(x * (_a3_ + pow2(((_a1_ * ((_a0_ + _a6_) * (_a5_ * x))) + _a1_))));{'d0': {'_a0_': -2.3170819495355386, '_a1_': 0.5732009378604501, '_a3_': 1.4465760890193902, '_a5_': 1.250058721237102, '_a6_': 4.881641084890403, '_a2_': 1.0, '_a4_': 1.0, '_a7_': 1.0}};{'d0': 0.024905832930319387};-272.381177298334;40.822953603595955
36942;-95.3676350455709;(x * (_a3_ + pow2(((_a1_ * ((_a0_ + _a6_) * (_a5_ * x))) + _a1_))));{'d0': {'_a0_': -2.3170819495355386, '_a1_': 0.5732009378604501, '_a3_': 1.4465760890193902, '_a5_': 1.250058721237102, '_a6_': 4.881641084890403, '_a2_': 1.0, '_a4_': 1.0, '_a7_': 1.0}};{'d0': 0.024905832930319387};-272.381177298334;40.822953603595955
36943;-95.3676350455709;(x * (_a3_ + pow2(((_a1_ * ((_a0_ + _a6_) * (_a5_ * x))) + _a1_))));{'d0': {'_a0_': -2.3170819495355386, '_a1_': 0.5732009378604501, '_a3_': 1.4465760890193902, '_a5_': 1.250058721237102, '_a6_': 4.881641084890403, '_a2_': 1.0, '_a4_': 1.0, '_a7_': 1.0}};{'d0': 0.024905832930319387};-272.381177298334;40.822953603595955
36944;-95.3676350455709;(x * (_a3_ + pow2(((_a1_ * ((_a0_ + _a6_) * (_a5_ * x))) + _a1_))));{'d0': {'_a0_': -2.3170819495355386, '_a1_': 0.5732009378604501, '_a3_': 1.4465760890193902, '_a5_': 1.250058721237102, '_a6_': 4.881641084890403, '_a2_': 1.0, '_a4_': 1.0, '_a7_': 1.0}};{'d0': 0.024905832930319387};-272.381177298334;40.822953603595955
36945;-95.3676350455709;(x * (_a3_ + pow2(((_a1_ * ((_a0_ + _a6_) * (_a5_ * x))) + _a1_))));{'d0': {'_a0_': -2.3170819495355386, '_a1_': 0.5732009378604501, '_a3_': 1.4465760890193902, '_a5_': 1.250058721237102, '_a6_': 4.881641084890403, '_a2_': 1.0, '_a4_': 1.0, '_a7_': 1.0}};{'d0': 0.024905832930319387};-272.381177298334;40.822953603595955
36946;-95.3676350455709;(x * (_a3_ + pow2(((_a1_ * ((_a0_ + _a6_) * (_a5_ * x))) + _a1_))));{'d0': {'_a0_': -2.3170819495355386, '_a1_': 0.5732009378604501, '_a3_': 1.4465760890193902, '_a5_': 1.250058721237102, '_a6_': 4.881641084890403, '_a2_': 1.0, '_a4_': 1.0, '_a7_': 1.0}};{'d0': 0.024905832930319387};-272.381177298334;40.822953603595955
36947;-98.7654714873422;(x * (_a3_ + pow2(((_a1_ * (sin(_a1_) * (_a5_ * x))) + _a1_))));{'d0': {'_a1_': 0.573200937705031, '_a3_': 1.44657608954526, '_a5_': 5.911317900737721, '_a0_': 1.0, '_a2_': 1.0, '_a4_': 1.0, '_a6_': 1.0, '_a7_': 1.0}};{'d0': 0.024905832919416632};-280.569866449044;41.519461737179476
36948;-98.7654714873422;(x * (_a3_ + pow2(((_a1_ * (sin(_a1_) * (_a5_ * x))) + _a1_))));{'d0': {'_a1_': 0.573200937705031, '_a3_': 1.44657608954526, '_a5_': 5.911317900737721, '_a0_': 1.0, '_a2_': 1.0, '_a4_': 1.0, '_a6_': 1.0, '_a7_': 1.0}};{'d0': 0.024905832919416632};-280.569866449044;41.519461737179476
36949;-67.7582022367316;(((_a3_ + ((-(((((_a0_ / _a5_) * _a5_) * _a3_) + _a3_)) + (_a2_ * (_a3_ * (x / _a7_)))) * x)) / _a0_) * x);{'d0': {'_a0_': -2.1867399307159836, '_a2_': 1.9022553818977135, '_a3_': -3.881759471364732, '_a7_': 1.0, '_a1_': 1.0, '_a4_': 1.0, '_a5_': 1.0, '_a6_': 1.0}};{'d0': 0.0249058329194166};-272.381177324599;68.43238642556813
36950;-67.7582022367316;(((_a3_ + ((-(((((_a0_ / _a5_) * _a5_) * _a3_) + _a3_)) + (_a2_ * (_a3_ * (x / _a7_)))) * x)) / _a0_) * x);{'d0': {'_a0_': -2.1867399307159836, '_a2_': 1.9022553818977135, '_a3_': -3.881759471364732, '_a7_': 1.0, '_a1_': 1.0, '_a4_': 1.0, '_a5_': 1.0, '_a6_': 1.0}};{'d0': 0.0249058329194166};-272.381177324599;68.43238642556813
36951;-67.7582022367316;(((_a3_ + ((-(((((_a0_ / _a5_) * _a5_) * _a3_) + _a3_)) + (_a2_ * (_a3_ * (x / _a7_)))) * x)) / _a0_) * x);{'d0': {'_a0_': -2.1867399307159836, '_a2_': 1.9022553818977135, '_a3_': -3.881759471364732, '_a7_': 1.0, '_a1_': 1.0, '_a4_': 1.0, '_a5_': 1.0, '_a6_': 1.0}};{'d0': 0.0249058329194166};-272.381177324599;68.43238642556813
36952;-67.7582022367316;(((_a3_ + ((-(((((_a0_ / _a5_) * _a5_) * _a3_) + _a3_)) + (_a2_ * (_a3_ * (x / _a7_)))) * x)) / _a0_) * x);{'d0': {'_a0_': -2.1867399307159836, '_a2_': 1.9022553818977135, '_a3_': -3.881759471364732, '_a7_': 1.0, '_a1_': 1.0, '_a4_': 1.0, '_a5_': 1.0, '_a6_': 1.0}};{'d0': 0.0249058329194166};-272.381177324599;68.43238642556813
36953;-67.7582022367316;(((_a3_ + ((-(((((_a0_ / _a5_) * _a5_) * _a3_) + _a3_)) + (_a2_ * (_a3_ * (x / _a7_)))) * x)) / _a0_) * x);{'d0': {'_a0_': -2.1867399307159836, '_a2_': 1.9022553818977135, '_a3_': -3.881759471364732, '_a7_': 1.0, '_a1_': 1.0, '_a4_': 1.0, '_a5_': 1.0, '_a6_': 1.0}};{'d0': 0.0249058329194166};-272.381177324599;68.43238642556813
36954;-103.159914093536;((x * _a3_) * ((((_a1_ * x) + _a3_) * x) + (_a1_ + _a5_)));{'d0': {'_a1_': 2.326519982191456, '_a3_': 1.4514213960540459, '_a5_': -1.1034875752323343, '_a0_': 1.0, '_a2_': 1.0, '_a4_': 1.0, '_a6_': 1.0, '_a7_': 1.0}};{'d0': 0.024905832919416695};-280.569866449043;37.12501913098599
36955;-103.159914093536;((x * _a3_) * ((((_a1_ * x) + _a3_) * x) + (_a5_ + _a5_)));{'d0': {'_a1_': 2.326519981298763, '_a3_': 1.4514213959377469, '_a5_': 0.6115162037927083, '_a0_': 1.0, '_a2_': 1.0, '_a4_': 1.0, '_a6_': 1.0, '_a7_': 1.0}};{'d0': 0.024905832919416643};-280.569866449044;37.12501913098599
36956;-103.159914093536;((x * _a3_) * ((((_a1_ * x) + _a3_) * x) + (_a5_ + _a5_)));{'d0': {'_a1_': 2.326519981298763, '_a3_': 1.4514213959377469, '_a5_': 0.6115162037927083, '_a0_': 1.0, '_a2_': 1.0, '_a4_': 1.0, '_a6_': 1.0, '_a7_': 1.0}};{'d0': 0.024905832919416643};-280.569866449044;37.12501913098599
36957;-103.159914093536;((x * _a3_) * ((((_a1_ * x) + _a3_) * x) + (_a5_ + _a5_)));{'d0': {'_a1_': 2.326519981298763, '_a3_': 1.4514213959377469, '_a5_': 0.6115162037927083, '_a0_': 1.0, '_a2_': 1.0, '_a4_': 1.0, '_a6_': 1.0, '_a7_': 1.0}};{'d0': 0.024905832919416643};-280.569866449044;37.12501913098599
36958;-103.159914093536;((x * _a3_) * ((((_a1_ * x) + _a3_) * x) + (_a5_ + _a5_)));{'d0': {'_a1_': 2.326519981298763, '_a3_': 1.4514213959377469, '_a5_': 0.6115162037927083, '_a0_': 1.0, '_a2_': 1.0, '_a4_': 1.0, '_a6_': 1.0, '_a7_': 1.0}};{'d0': 0.024905832919416643};-280.569866449044;37.12501913098599
36959;-103.159914093536;((x * _a3_) * ((((_a1_ * x) + _a3_) * x) + (_a5_ + _a5_)));{'d0': {'_a1_': 2.326519981298763, '_a3_': 1.4514213959377469, '_a5_': 0.6115162037927083, '_a0_': 1.0, '_a2_': 1.0, '_a4_': 1.0, '_a6_': 1.0, '_a7_': 1.0}};{'d0': 0.024905832919416643};-280.569866449044;37.12501913098599
36960;-103.159914093536;((x * _a3_) * ((((_a1_ * x) + _a3_) * x) + (_a5_ + _a5_)));{'d0': {'_a1_': 2.326519981298763, '_a3_': 1.4514213959377469, '_a5_': 0.6115162037927083, '_a0_': 1.0, '_a2_': 1.0, '_a4_': 1.0, '_a6_': 1.0, '_a7_': 1.0}};{'d0': 0.024905832919416643};-280.569866449044;37.12501913098599
36961;-103.159914093536;((x * _a3_) * ((((_a1_ * x) + _a3_) * x) + (_a5_ + _a5_)));{'d0': {'_a1_': 2.326519981298763, '_a3_': 1.4514213959377469, '_a5_': 0.6115162037927083, '_a0_': 1.0, '_a2_': 1.0, '_a4_': 1.0, '_a6_': 1.0, '_a7_': 1.0}};{'d0': 0.024905832919416643};-280.569866449044;37.12501913098599
36962;-103.159914093536;((x * _a3_) * ((((_a1_ * x) + _a3_) * x) + (_a5_ + _a5_)));{'d0': {'_a1_': 2.326519981298763, '_a3_': 1.4514213959377469, '_a5_': 0.6115162037927083, '_a0_': 1.0, '_a2_': 1.0, '_a4_': 1.0, '_a6_': 1.0, '_a7_': 1.0}};{'d0': 0.024905832919416643};-280.569866449044;37.12501913098599
36963;-103.159914093536;((x * _a3_) * ((((_a1_ * x) + _a3_) * x) + (_a5_ + _a5_)));{'d0': {'_a1_': 2.326519981298763, '_a3_': 1.4514213959377469, '_a5_': 0.6115162037927083, '_a0_': 1.0, '_a2_': 1.0, '_a4_': 1.0, '_a6_': 1.0, '_a7_': 1.0}};{'d0': 0.024905832919416643};-280.569866449044;37.12501913098599
36964;-103.159914093536;((x * _a3_) * ((((_a1_ * x) + _a3_) * x) + (_a5_ + _a5_)));{'d0': {'_a1_': 2.326519981298763, '_a3_': 1.4514213959377469, '_a5_': 0.6115162037927083, '_a0_': 1.0, '_a2_': 1.0, '_a4_': 1.0, '_a6_': 1.0, '_a7_': 1.0}};{'d0': 0.024905832919416643};-280.569866449044;37.12501913098599
36965;-103.159914093536;((x * _a3_) * ((((_a1_ * x) + _a3_) * x) + (_a5_ + _a5_)));{'d0': {'_a1_': 2.326519981298763, '_a3_': 1.4514213959377469, '_a5_': 0.6115162037927083, '_a0_': 1.0, '_a2_': 1.0, '_a4_': 1.0, '_a6_': 1.0, '_a7_': 1.0}};{'d0': 0.024905832919416643};-280.569866449044;37.12501913098599
36966;-102.416966796466;((x * _a3_) * ((((_a1_ * x) + _a3_) * x) + (_a5_ ** _a5_)));{'d0': {'_a1_': 2.3265199811612347, '_a3_': 1.4514213956416844, '_a5_': 1.1851608526303967, '_a0_': 1.0, '_a2_': 1.0, '_a4_': 1.0, '_a6_': 1.0, '_a7_': 1.0}};{'d0': 0.024905832919416584};-280.569866449044;37.86796642805599
36967;-102.416966796466;((x * _a3_) * ((((_a1_ * x) + _a3_) * x) + (_a5_ ** _a5_)));{'d0': {'_a1_': 2.3265199811612347, '_a3_': 1.4514213956416844, '_a5_': 1.1851608526303967, '_a0_': 1.0, '_a2_': 1.0, '_a4_': 1.0, '_a6_': 1.0, '_a7_': 1.0}};{'d0': 0.024905832919416584};-280.569866449044;37.86796642805599
36968;-102.416966796466;((x * _a3_) * ((((_a1_ * x) + _a3_) * x) + (_a5_ ** _a5_)));{'d0': {'_a1_': 2.3265199811612347, '_a3_': 1.4514213956416844, '_a5_': 1.1851608526303967, '_a0_': 1.0, '_a2_': 1.0, '_a4_': 1.0, '_a6_': 1.0, '_a7_': 1.0}};{'d0': 0.024905832919416584};-280.569866449044;37.86796642805599
36969;-102.416966796466;((x * _a3_) * ((((_a1_ * x) + _a3_) * x) + (_a5_ ** _a5_)));{'d0': {'_a1_': 2.3265199811612347, '_a3_': 1.4514213956416844, '_a5_': 1.1851608526303967, '_a0_': 1.0, '_a2_': 1.0, '_a4_': 1.0, '_a6_': 1.0, '_a7_': 1.0}};{'d0': 0.024905832919416584};-280.569866449044;37.86796642805599
36970;-102.416966796466;((x * _a3_) * ((((_a1_ * x) + _a3_) * x) + (_a5_ ** _a5_)));{'d0': {'_a1_': 2.3265199811612347, '_a3_': 1.4514213956416844, '_a5_': 1.1851608526303967, '_a0_': 1.0, '_a2_': 1.0, '_a4_': 1.0, '_a6_': 1.0, '_a7_': 1.0}};{'d0': 0.024905832919416584};-280.569866449044;37.86796642805599
36971;-102.416966796466;((x * _a3_) * ((((_a1_ * x) + _a3_) * x) + (_a5_ ** _a5_)));{'d0': {'_a1_': 2.3265199811612347, '_a3_': 1.4514213956416844, '_a5_': 1.1851608526303967, '_a0_': 1.0, '_a2_': 1.0, '_a4_': 1.0, '_a6_': 1.0, '_a7_': 1.0}};{'d0': 0.024905832919416584};-280.569866449044;37.86796642805599
36972;-102.416966796466;((x * _a3_) * ((((_a1_ * x) + _a3_) * x) + (_a5_ ** _a5_)));{'d0': {'_a1_': 2.3265199811612347, '_a3_': 1.4514213956416844, '_a5_': 1.1851608526303967, '_a0_': 1.0, '_a2_': 1.0, '_a4_': 1.0, '_a6_': 1.0, '_a7_': 1.0}};{'d0': 0.024905832919416584};-280.569866449044;37.86796642805599
36973;-102.416966796466;((x * _a3_) * ((((_a1_ * x) + _a3_) * x) + (_a5_ ** _a5_)));{'d0': {'_a1_': 2.3265199811612347, '_a3_': 1.4514213956416844, '_a5_': 1.1851608526303967, '_a0_': 1.0, '_a2_': 1.0, '_a4_': 1.0, '_a6_': 1.0, '_a7_': 1.0}};{'d0': 0.024905832919416584};-280.569866449044;37.86796642805599
36974;-102.416966796466;((x * _a3_) * ((((_a1_ * x) + _a3_) * x) + (_a5_ ** _a5_)));{'d0': {'_a1_': 2.3265199811612347, '_a3_': 1.4514213956416844, '_a5_': 1.1851608526303967, '_a0_': 1.0, '_a2_': 1.0, '_a4_': 1.0, '_a6_': 1.0, '_a7_': 1.0}};{'d0': 0.024905832919416584};-280.569866449044;37.86796642805599
36975;-102.416966796466;((x * _a3_) * ((((_a1_ * x) + _a3_) * x) + (_a5_ ** _a5_)));{'d0': {'_a1_': 2.3265199811612347, '_a3_': 1.4514213956416844, '_a5_': 1.1851608526303967, '_a0_': 1.0, '_a2_': 1.0, '_a4_': 1.0, '_a6_': 1.0, '_a7_': 1.0}};{'d0': 0.024905832919416584};-280.569866449044;37.86796642805599
36976;-102.416966796466;((x * _a3_) * ((((_a1_ * x) + _a3_) * x) + (_a5_ ** _a5_)));{'d0': {'_a1_': 2.3265199811612347, '_a3_': 1.4514213956416844, '_a5_': 1.1851608526303967, '_a0_': 1.0, '_a2_': 1.0, '_a4_': 1.0, '_a6_': 1.0, '_a7_': 1.0}};{'d0': 0.024905832919416584};-280.569866449044;37.86796642805599
36977;-105.382580669956;(x * (_a5_ + pow2(((_a1_ * (_a3_ * (_a5_ * x))) + _a1_))));{'d0': {'_a1_': 0.5732009378032644, '_a3_': 2.216164425069717, '_a5_': 1.4465760897211037, '_a0_': 1.0, '_a2_': 1.0, '_a4_': 1.0, '_a6_': 1.0, '_a7_': 1.0}};{'d0': 0.024905832919416632};-280.569866449044;34.90235255456596
36978;-105.382580669956;(x * (_a5_ + pow2(((_a1_ * (_a3_ * (_a5_ * x))) + _a1_))));{'d0': {'_a1_': 0.5732009378032644, '_a3_': 2.216164425069717, '_a5_': 1.4465760897211037, '_a0_': 1.0, '_a2_': 1.0, '_a4_': 1.0, '_a6_': 1.0, '_a7_': 1.0}};{'d0': 0.024905832919416632};-280.569866449044;34.90235255456596
36979;-105.382580669956;(x * (_a5_ + pow2(((_a1_ * (_a3_ * (_a5_ * x))) + _a1_))));{'d0': {'_a1_': 0.5732009378032644, '_a3_': 2.216164425069717, '_a5_': 1.4465760897211037, '_a0_': 1.0, '_a2_': 1.0, '_a4_': 1.0, '_a6_': 1.0, '_a7_': 1.0}};{'d0': 0.024905832919416632};-280.569866449044;34.90235255456596
36980;-105.382580669956;(x * (_a5_ + pow2(((_a1_ * (_a3_ * (_a5_ * x))) + _a1_))));{'d0': {'_a1_': 0.5732009378032644, '_a3_': 2.216164425069717, '_a5_': 1.4465760897211037, '_a0_': 1.0, '_a2_': 1.0, '_a4_': 1.0, '_a6_': 1.0, '_a7_': 1.0}};{'d0': 0.024905832919416632};-280.569866449044;34.90235255456596
36981;-105.382580669956;(x * (_a5_ + pow2(((_a1_ * (_a3_ * (_a5_ * x))) + _a1_))));{'d0': {'_a1_': 0.5732009378032644, '_a3_': 2.216164425069717, '_a5_': 1.4465760897211037, '_a0_': 1.0, '_a2_': 1.0, '_a4_': 1.0, '_a6_': 1.0, '_a7_': 1.0}};{'d0': 0.024905832919416632};-280.569866449044;34.90235255456596
36982;-105.382580669956;(x * (_a5_ + pow2(((_a1_ * (_a3_ * (_a5_ * x))) + _a1_))));{'d0': {'_a1_': 0.5732009378032644, '_a3_': 2.216164425069717, '_a5_': 1.4465760897211037, '_a0_': 1.0, '_a2_': 1.0, '_a4_': 1.0, '_a6_': 1.0, '_a7_': 1.0}};{'d0': 0.024905832919416632};-280.569866449044;34.90235255456596
36983;-102.416966796466;((x * _a3_) * ((((_a6_ * x) + _a3_) * x) + (_a5_ ** _a5_)));{'d0': {'_a3_': 1.4514213958473638, '_a5_': 1.1851608524582637, '_a6_': 2.326519981316723, '_a0_': 1.0, '_a1_': 1.0, '_a2_': 1.0, '_a4_': 1.0, '_a7_': 1.0}};{'d0': 0.024905832919416636};-280.569866449044;37.86796642805599
36984;-102.416966796466;((x * _a3_) * ((((_a6_ * x) + _a3_) * x) + (_a5_ ** _a5_)));{'d0': {'_a3_': 1.4514213958473638, '_a5_': 1.1851608524582637, '_a6_': 2.326519981316723, '_a0_': 1.0, '_a1_': 1.0, '_a2_': 1.0, '_a4_': 1.0, '_a7_': 1.0}};{'d0': 0.024905832919416636};-280.569866449044;37.86796642805599
36985;-102.416966796466;((x * _a3_) * ((((_a6_ * x) + _a3_) * x) + (_a5_ ** _a5_)));{'d0': {'_a3_': 1.4514213958473638, '_a5_': 1.1851608524582637, '_a6_': 2.326519981316723, '_a0_': 1.0, '_a1_': 1.0, '_a2_': 1.0, '_a4_': 1.0, '_a7_': 1.0}};{'d0': 0.024905832919416636};-280.569866449044;37.86796642805599
36986;-102.416966796466;((x * _a3_) * ((((_a6_ * x) + _a3_) * x) + (_a5_ ** _a5_)));{'d0': {'_a3_': 1.4514213958473638, '_a5_': 1.1851608524582637, '_a6_': 2.326519981316723, '_a0_': 1.0, '_a1_': 1.0, '_a2_': 1.0, '_a4_': 1.0, '_a7_': 1.0}};{'d0': 0.024905832919416636};-280.569866449044;37.86796642805599
36987;-102.416966796466;((x * _a3_) * ((((_a6_ * x) + _a3_) * x) + (_a5_ ** _a5_)));{'d0': {'_a3_': 1.4514213958473638, '_a5_': 1.1851608524582637, '_a6_': 2.326519981316723, '_a0_': 1.0, '_a1_': 1.0, '_a2_': 1.0, '_a4_': 1.0, '_a7_': 1.0}};{'d0': 0.024905832919416636};-280.569866449044;37.86796642805599
36988;-102.416966796466;((x * _a3_) * ((((_a6_ * x) + _a3_) * x) + (_a5_ ** _a5_)));{'d0': {'_a3_': 1.4514213958473638, '_a5_': 1.1851608524582637, '_a6_': 2.326519981316723, '_a0_': 1.0, '_a1_': 1.0, '_a2_': 1.0, '_a4_': 1.0, '_a7_': 1.0}};{'d0': 0.024905832919416636};-280.569866449044;37.86796642805599
36989;-102.416966796466;((x * _a3_) * ((((_a6_ * x) + _a3_) * x) + (_a5_ ** _a5_)));{'d0': {'_a3_': 1.4514213958473638, '_a5_': 1.1851608524582637, '_a6_': 2.326519981316723, '_a0_': 1.0, '_a1_': 1.0, '_a2_': 1.0, '_a4_': 1.0, '_a7_': 1.0}};{'d0': 0.024905832919416636};-280.569866449044;37.86796642805599
36990;-102.416966796466;((x * _a3_) * ((((_a6_ * x) + _a3_) * x) + (_a5_ ** _a5_)));{'d0': {'_a3_': 1.4514213958473638, '_a5_': 1.1851608524582637, '_a6_': 2.326519981316723, '_a0_': 1.0, '_a1_': 1.0, '_a2_': 1.0, '_a4_': 1.0, '_a7_': 1.0}};{'d0': 0.024905832919416636};-280.569866449044;37.86796642805599
36991;-102.416966796466;((x * _a3_) * ((((_a6_ * x) + _a3_) * x) + (_a5_ ** _a5_)));{'d0': {'_a3_': 1.4514213958473638, '_a5_': 1.1851608524582637, '_a6_': 2.326519981316723, '_a0_': 1.0, '_a1_': 1.0, '_a2_': 1.0, '_a4_': 1.0, '_a7_': 1.0}};{'d0': 0.024905832919416636};-280.569866449044;37.86796642805599
36992;-102.416966796466;((x * _a3_) * ((((_a6_ * x) + _a3_) * x) + (_a5_ ** _a5_)));{'d0': {'_a3_': 1.4514213958473638, '_a5_': 1.1851608524582637, '_a6_': 2.326519981316723, '_a0_': 1.0, '_a1_': 1.0, '_a2_': 1.0, '_a4_': 1.0, '_a7_': 1.0}};{'d0': 0.024905832919416636};-280.569866449044;37.86796642805599
36993;-102.416966796466;((x * _a3_) * ((((_a6_ * x) + _a3_) * x) + (_a5_ ** _a5_)));{'d0': {'_a3_': 1.4514213958473638, '_a5_': 1.1851608524582637, '_a6_': 2.326519981316723, '_a0_': 1.0, '_a1_': 1.0, '_a2_': 1.0, '_a4_': 1.0, '_a7_': 1.0}};{'d0': 0.024905832919416636};-280.569866449044;37.86796642805599
36994;-102.416966796466;((x * _a3_) * ((((_a6_ * x) + _a3_) * x) + (_a5_ ** _a5_)));{'d0': {'_a3_': 1.4514213958473638, '_a5_': 1.1851608524582637, '_a6_': 2.326519981316723, '_a0_': 1.0, '_a1_': 1.0, '_a2_': 1.0, '_a4_': 1.0, '_a7_': 1.0}};{'d0': 0.024905832919416636};-280.569866449044;37.86796642805599
36995;-84.8726851137021;((_a4_ * (-((_a7_ * cos((_a3_ * (x + _a7_))))) + _a5_)) * -((x * pow2(_a5_))));{'d0': {'_a3_': -0.030634107215240913, '_a4_': 1.316488534678822e-07, '_a5_': -3795.5031392777773, '_a7_': 3794.7403885942754, '_a0_': 1.0, '_a1_': 1.0, '_a2_': 1.0, '_a6_': 1.0}};{'d0': 0.024906843180488972};-276.473088142277;53.36385895743646
36996;-84.8726851137021;((_a4_ * (-((_a7_ * cos((_a3_ * (x + _a7_))))) + _a5_)) * -((x * pow2(_a5_))));{'d0': {'_a3_': -0.030634107215240913, '_a4_': 1.316488534678822e-07, '_a5_': -3795.5031392777773, '_a7_': 3794.7403885942754, '_a0_': 1.0, '_a1_': 1.0, '_a2_': 1.0, '_a6_': 1.0}};{'d0': 0.024906843180488972};-276.473088142277;53.36385895743646
36997;-84.8726851137021;((_a4_ * (-((_a7_ * cos((_a3_ * (x + _a7_))))) + _a5_)) * -((x * pow2(_a5_))));{'d0': {'_a3_': -0.030634107215240913, '_a4_': 1.316488534678822e-07, '_a5_': -3795.5031392777773, '_a7_': 3794.7403885942754, '_a0_': 1.0, '_a1_': 1.0, '_a2_': 1.0, '_a6_': 1.0}};{'d0': 0.024906843180488972};-276.473088142277;53.36385895743646
36998;-84.8726851137021;((_a4_ * (-((_a7_ * cos((_a3_ * (x + _a7_))))) + _a5_)) * -((x * pow2(_a5_))));{'d0': {'_a3_': -0.030634107215240913, '_a4_': 1.316488534678822e-07, '_a5_': -3795.5031392777773, '_a7_': 3794.7403885942754, '_a0_': 1.0, '_a1_': 1.0, '_a2_': 1.0, '_a6_': 1.0}};{'d0': 0.024906843180488972};-276.473088142277;53.36385895743646
36999;-84.8726851137021;((_a4_ * (-((_a7_ * cos((_a3_ * (x + _a7_))))) + _a5_)) * -((x * pow2(_a5_))));{'d0': {'_a3_': -0.030634107215240913, '_a4_': 1.316488534678822e-07, '_a5_': -3795.5031392777773, '_a7_': 3794.7403885942754, '_a0_': 1.0, '_a1_': 1.0, '_a2_': 1.0, '_a6_': 1.0}};{'d0': 0.024906843180488972};-276.473088142277;53.36385895743646
37000;-84.8726851137021;((_a4_ * (-((_a7_ * cos((_a3_ * (x + _a7_))))) + _a5_)) * -((x * pow2(_a5_))));{'d0': {'_a3_': -0.030634107215240913, '_a4_': 1.316488534678822e-07, '_a5_': -3795.5031392777773, '_a7_': 3794.7403885942754, '_a0_': 1.0, '_a1_': 1.0, '_a2_': 1.0, '_a6_': 1.0}};{'d0': 0.024906843180488972};-276.473088142277;53.36385895743646
37001;-84.8726851137021;((_a4_ * (-((_a7_ * cos((_a3_ * (x + _a7_))))) + _a5_)) * -((x * pow2(_a5_))));{'d0': {'_a3_': -0.030634107215240913, '_a4_': 1.316488534678822e-07, '_a5_': -3795.5031392777773, '_a7_': 3794.7403885942754, '_a0_': 1.0, '_a1_': 1.0, '_a2_': 1.0, '_a6_': 1.0}};{'d0': 0.024906843180488972};-276.473088142277;53.36385895743646
37002;-84.8726851137021;((_a4_ * (-((_a7_ * cos((_a3_ * (x + _a7_))))) + _a5_)) * -((x * pow2(_a5_))));{'d0': {'_a3_': -0.030634107215240913, '_a4_': 1.316488534678822e-07, '_a5_': -3795.5031392777773, '_a7_': 3794.7403885942754, '_a0_': 1.0, '_a1_': 1.0, '_a2_': 1.0, '_a6_': 1.0}};{'d0': 0.024906843180488972};-276.473088142277;53.36385895743646
37003;-84.8726851137021;((_a4_ * (-((_a7_ * cos((_a3_ * (x + _a7_))))) + _a5_)) * -((x * pow2(_a5_))));{'d0': {'_a3_': -0.030634107215240913, '_a4_': 1.316488534678822e-07, '_a5_': -3795.5031392777773, '_a7_': 3794.7403885942754, '_a0_': 1.0, '_a1_': 1.0, '_a2_': 1.0, '_a6_': 1.0}};{'d0': 0.024906843180488972};-276.473088142277;53.36385895743646
37004;-84.8726851137021;((_a4_ * (-((_a7_ * cos((_a3_ * (x + _a7_))))) + _a5_)) * -((x * pow2(_a5_))));{'d0': {'_a3_': -0.030634107215240913, '_a4_': 1.316488534678822e-07, '_a5_': -3795.5031392777773, '_a7_': 3794.7403885942754, '_a0_': 1.0, '_a1_': 1.0, '_a2_': 1.0, '_a6_': 1.0}};{'d0': 0.024906843180488972};-276.473088142277;53.36385895743646
37005;-84.8726851137021;((_a4_ * (-((_a7_ * cos((_a3_ * (x + _a7_))))) + _a5_)) * -((x * pow2(_a5_))));{'d0': {'_a3_': -0.030634107215240913, '_a4_': 1.316488534678822e-07, '_a5_': -3795.5031392777773, '_a7_': 3794.7403885942754, '_a0_': 1.0, '_a1_': 1.0, '_a2_': 1.0, '_a6_': 1.0}};{'d0': 0.024906843180488972};-276.473088142277;53.36385895743646
37006;-84.8726851137021;((_a4_ * (-((_a7_ * cos((_a3_ * (x + _a7_))))) + _a5_)) * -((x * pow2(_a5_))));{'d0': {'_a3_': -0.030634107215240913, '_a4_': 1.316488534678822e-07, '_a5_': -3795.5031392777773, '_a7_': 3794.7403885942754, '_a0_': 1.0, '_a1_': 1.0, '_a2_': 1.0, '_a6_': 1.0}};{'d0': 0.024906843180488972};-276.473088142277;53.36385895743646
37007;-84.8726851137021;((_a4_ * (-((_a7_ * cos((_a3_ * (x + _a7_))))) + _a5_)) * -((x * pow2(_a5_))));{'d0': {'_a3_': -0.030634107215240913, '_a4_': 1.316488534678822e-07, '_a5_': -3795.5031392777773, '_a7_': 3794.7403885942754, '_a0_': 1.0, '_a1_': 1.0, '_a2_': 1.0, '_a6_': 1.0}};{'d0': 0.024906843180488972};-276.473088142277;53.36385895743646
37008;-84.9198874544548;((_a4_ / (-((_a7_ * cos((_a3_ * (x + _a7_))))) + _a5_)) * -((x * pow2(_a5_))));{'d0': {'_a3_': -3.4452716485579344, '_a4_': 0.025992659962886692, '_a5_': -81.7528112948371, '_a7_': 34.962644437689654, '_a0_': 1.0, '_a1_': 1.0, '_a2_': 1.0, '_a6_': 1.0}};{'d0': 0.024230593502480857};-278.124681933029;54.14245351205986
37009;-84.9198874544548;((_a4_ / (-((_a7_ * cos((_a3_ * (x + _a7_))))) + _a5_)) * -((x * pow2(_a5_))));{'d0': {'_a3_': -3.4452716485579344, '_a4_': 0.025992659962886692, '_a5_': -81.7528112948371, '_a7_': 34.962644437689654, '_a0_': 1.0, '_a1_': 1.0, '_a2_': 1.0, '_a6_': 1.0}};{'d0': 0.024230593502480857};-278.124681933029;54.14245351205986
37010;-84.9198874544548;((_a4_ / (-((_a7_ * cos((_a3_ * (x + _a7_))))) + _a5_)) * -((x * pow2(_a5_))));{'d0': {'_a3_': -3.4452716485579344, '_a4_': 0.025992659962886692, '_a5_': -81.7528112948371, '_a7_': 34.962644437689654, '_a0_': 1.0, '_a1_': 1.0, '_a2_': 1.0, '_a6_': 1.0}};{'d0': 0.024230593502480857};-278.124681933029;54.14245351205986
37011;-84.9198874544548;((_a4_ / (-((_a7_ * cos((_a3_ * (x + _a7_))))) + _a5_)) * -((x * pow2(_a5_))));{'d0': {'_a3_': -3.4452716485579344, '_a4_': 0.025992659962886692, '_a5_': -81.7528112948371, '_a7_': 34.962644437689654, '_a0_': 1.0, '_a1_': 1.0, '_a2_': 1.0, '_a6_': 1.0}};{'d0': 0.024230593502480857};-278.124681933029;54.14245351205986
37012;-84.9198874544548;((_a4_ / (-((_a7_ * cos((_a3_ * (x + _a7_))))) + _a5_)) * -((x * pow2(_a5_))));{'d0': {'_a3_': -3.4452716485579344, '_a4_': 0.025992659962886692, '_a5_': -81.7528112948371, '_a7_': 34.962644437689654, '_a0_': 1.0, '_a1_': 1.0, '_a2_': 1.0, '_a6_': 1.0}};{'d0': 0.024230593502480857};-278.124681933029;54.14245351205986
37013;-84.9198874544548;((_a4_ / (-((_a7_ * cos((_a3_ * (x + _a7_))))) + _a5_)) * -((x * pow2(_a5_))));{'d0': {'_a3_': -3.4452716485579344, '_a4_': 0.025992659962886692, '_a5_': -81.7528112948371, '_a7_': 34.962644437689654, '_a0_': 1.0, '_a1_': 1.0, '_a2_': 1.0, '_a6_': 1.0}};{'d0': 0.024230593502480857};-278.124681933029;54.14245351205986
37014;-84.9198874544548;((_a4_ / (-((_a7_ * cos((_a3_ * (x + _a7_))))) + _a5_)) * -((x * pow2(_a5_))));{'d0': {'_a3_': -3.4452716485579344, '_a4_': 0.025992659962886692, '_a5_': -81.7528112948371, '_a7_': 34.962644437689654, '_a0_': 1.0, '_a1_': 1.0, '_a2_': 1.0, '_a6_': 1.0}};{'d0': 0.024230593502480857};-278.124681933029;54.14245351205986
37015;-84.9198874544548;((_a4_ / (-((_a7_ * cos((_a3_ * (x + _a7_))))) + _a5_)) * -((x * pow2(_a5_))));{'d0': {'_a3_': -3.4452716485579344, '_a4_': 0.025992659962886692, '_a5_': -81.7528112948371, '_a7_': 34.962644437689654, '_a0_': 1.0, '_a1_': 1.0, '_a2_': 1.0, '_a6_': 1.0}};{'d0': 0.024230593502480857};-278.124681933029;54.14245351205986
37016;-84.9198874544548;((_a4_ / (-((_a7_ * cos((_a3_ * (x + _a7_))))) + _a5_)) * -((x * pow2(_a5_))));{'d0': {'_a3_': -3.4452716485579344, '_a4_': 0.025992659962886692, '_a5_': -81.7528112948371, '_a7_': 34.962644437689654, '_a0_': 1.0, '_a1_': 1.0, '_a2_': 1.0, '_a6_': 1.0}};{'d0': 0.024230593502480857};-278.124681933029;54.14245351205986
37017;-84.9198874544548;((_a4_ / (-((_a7_ * cos((_a3_ * (x + _a7_))))) + _a5_)) * -((x * pow2(_a5_))));{'d0': {'_a3_': -3.4452716485579344, '_a4_': 0.025992659962886692, '_a5_': -81.7528112948371, '_a7_': 34.962644437689654, '_a0_': 1.0, '_a1_': 1.0, '_a2_': 1.0, '_a6_': 1.0}};{'d0': 0.024230593502480857};-278.124681933029;54.14245351205986
37018;-84.9198874539415;((_a4_ / (-((_a7_ * cos((_a3_ * (x + _a4_))))) + _a5_)) * -((x * pow2(_a5_))));{'d0': {'_a3_': -3.445274866943997, '_a4_': 0.3121051764841097, '_a5_': -6.808512650091739, '_a7_': 2.9117453583497936, '_a0_': 1.0, '_a1_': 1.0, '_a2_': 1.0, '_a6_': 1.0}};{'d0': 0.02423059350289543};-278.124681932003;54.14245351205986
37019;-84.9198874539415;((_a4_ / (-((_a7_ * cos((_a3_ * (x + _a4_))))) + _a5_)) * -((x * pow2(_a5_))));{'d0': {'_a3_': -3.445274866943997, '_a4_': 0.3121051764841097, '_a5_': -6.808512650091739, '_a7_': 2.9117453583497936, '_a0_': 1.0, '_a1_': 1.0, '_a2_': 1.0, '_a6_': 1.0}};{'d0': 0.02423059350289543};-278.124681932003;54.14245351205986
37020;-84.9198874539415;((_a4_ / (-((_a7_ * cos((_a3_ * (x + _a4_))))) + _a5_)) * -((x * pow2(_a5_))));{'d0': {'_a3_': -3.445274866943997, '_a4_': 0.3121051764841097, '_a5_': -6.808512650091739, '_a7_': 2.9117453583497936, '_a0_': 1.0, '_a1_': 1.0, '_a2_': 1.0, '_a6_': 1.0}};{'d0': 0.02423059350289543};-278.124681932003;54.14245351205986
37021;-84.9198874539415;((_a4_ / (-((_a7_ * cos((_a3_ * (x + _a4_))))) + _a5_)) * -((x * pow2(_a5_))));{'d0': {'_a3_': -3.445274866943997, '_a4_': 0.3121051764841097, '_a5_': -6.808512650091739, '_a7_': 2.9117453583497936, '_a0_': 1.0, '_a1_': 1.0, '_a2_': 1.0, '_a6_': 1.0}};{'d0': 0.02423059350289543};-278.124681932003;54.14245351205986
37022;-84.9198874539415;((_a4_ / (-((_a7_ * cos((_a3_ * (x + _a4_))))) + _a5_)) * -((x * pow2(_a5_))));{'d0': {'_a3_': -3.445274866943997, '_a4_': 0.3121051764841097, '_a5_': -6.808512650091739, '_a7_': 2.9117453583497936, '_a0_': 1.0, '_a1_': 1.0, '_a2_': 1.0, '_a6_': 1.0}};{'d0': 0.02423059350289543};-278.124681932003;54.14245351205986
37023;-84.9198874539415;((_a4_ / (-((_a7_ * cos((_a3_ * (x + _a4_))))) + _a5_)) * -((x * pow2(_a5_))));{'d0': {'_a3_': -3.445274866943997, '_a4_': 0.3121051764841097, '_a5_': -6.808512650091739, '_a7_': 2.9117453583497936, '_a0_': 1.0, '_a1_': 1.0, '_a2_': 1.0, '_a6_': 1.0}};{'d0': 0.02423059350289543};-278.124681932003;54.14245351205986
37024;-84.9198874539415;((_a4_ / (-((_a7_ * cos((_a3_ * (x + _a4_))))) + _a5_)) * -((x * pow2(_a5_))));{'d0': {'_a3_': -3.445274866943997, '_a4_': 0.3121051764841097, '_a5_': -6.808512650091739, '_a7_': 2.9117453583497936, '_a0_': 1.0, '_a1_': 1.0, '_a2_': 1.0, '_a6_': 1.0}};{'d0': 0.02423059350289543};-278.124681932003;54.14245351205986
37025;-84.9198874539415;((_a4_ / (-((_a7_ * cos((_a3_ * (x + _a4_))))) + _a5_)) * -((x * pow2(_a5_))));{'d0': {'_a3_': -3.445274866943997, '_a4_': 0.3121051764841097, '_a5_': -6.808512650091739, '_a7_': 2.9117453583497936, '_a0_': 1.0, '_a1_': 1.0, '_a2_': 1.0, '_a6_': 1.0}};{'d0': 0.02423059350289543};-278.124681932003;54.14245351205986
37026;-84.9198874539415;((_a4_ / (-((_a7_ * cos((_a3_ * (x + _a4_))))) + _a5_)) * -((x * pow2(_a5_))));{'d0': {'_a3_': -3.445274866943997, '_a4_': 0.3121051764841097, '_a5_': -6.808512650091739, '_a7_': 2.9117453583497936, '_a0_': 1.0, '_a1_': 1.0, '_a2_': 1.0, '_a6_': 1.0}};{'d0': 0.02423059350289543};-278.124681932003;54.14245351205986
37027;-84.9198874539415;((_a4_ / (-((_a7_ * cos((_a3_ * (x + _a4_))))) + _a5_)) * -((x * pow2(_a5_))));{'d0': {'_a3_': -3.445274866943997, '_a4_': 0.3121051764841097, '_a5_': -6.808512650091739, '_a7_': 2.9117453583497936, '_a0_': 1.0, '_a1_': 1.0, '_a2_': 1.0, '_a6_': 1.0}};{'d0': 0.02423059350289543};-278.124681932003;54.14245351205986
37028;-107.366306721923;(x * ((((_a1_ * x) + _a3_) * x) + (_a7_ ** _a3_)));{'d0': {'_a1_': 3.3767608767307746, '_a3_': 2.106624066927171, '_a7_': 1.3131322799257266, '_a0_': 1.0, '_a2_': 1.0, '_a4_': 1.0, '_a5_': 1.0, '_a6_': 1.0}};{'d0': 0.024905832919416643};-280.569866449044;32.918626502599
37029;-107.366306721923;(x * ((((_a1_ * x) + _a3_) * x) + (_a7_ ** _a3_)));{'d0': {'_a1_': 3.3767608767307746, '_a3_': 2.106624066927171, '_a7_': 1.3131322799257266, '_a0_': 1.0, '_a2_': 1.0, '_a4_': 1.0, '_a5_': 1.0, '_a6_': 1.0}};{'d0': 0.024905832919416643};-280.569866449044;32.918626502599
37030;-107.366306721923;(x * ((((_a1_ * x) + _a3_) * x) + (_a7_ ** _a3_)));{'d0': {'_a1_': 3.3767608767307746, '_a3_': 2.106624066927171, '_a7_': 1.3131322799257266, '_a0_': 1.0, '_a2_': 1.0, '_a4_': 1.0, '_a5_': 1.0, '_a6_': 1.0}};{'d0': 0.024905832919416643};-280.569866449044;32.918626502599
37031;-107.366306721923;(x * ((((_a1_ * x) + _a3_) * x) + (_a7_ ** _a3_)));{'d0': {'_a1_': 3.3767608767307746, '_a3_': 2.106624066927171, '_a7_': 1.3131322799257266, '_a0_': 1.0, '_a2_': 1.0, '_a4_': 1.0, '_a5_': 1.0, '_a6_': 1.0}};{'d0': 0.024905832919416643};-280.569866449044;32.918626502599
37032;-107.366306721923;(x * ((((_a1_ * x) + _a3_) * x) + (_a7_ ** _a3_)));{'d0': {'_a1_': 3.3767608767307746, '_a3_': 2.106624066927171, '_a7_': 1.3131322799257266, '_a0_': 1.0, '_a2_': 1.0, '_a4_': 1.0, '_a5_': 1.0, '_a6_': 1.0}};{'d0': 0.024905832919416643};-280.569866449044;32.918626502599
37033;-107.366306721923;(x * ((((_a1_ * x) + _a3_) * x) + (_a7_ ** _a3_)));{'d0': {'_a1_': 3.3767608767307746, '_a3_': 2.106624066927171, '_a7_': 1.3131322799257266, '_a0_': 1.0, '_a2_': 1.0, '_a4_': 1.0, '_a5_': 1.0, '_a6_': 1.0}};{'d0': 0.024905832919416643};-280.569866449044;32.918626502599
37034;-107.366306721923;(x * ((((_a1_ * x) + _a3_) * x) + (_a7_ ** _a3_)));{'d0': {'_a1_': 3.3767608767307746, '_a3_': 2.106624066927171, '_a7_': 1.3131322799257266, '_a0_': 1.0, '_a2_': 1.0, '_a4_': 1.0, '_a5_': 1.0, '_a6_': 1.0}};{'d0': 0.024905832919416643};-280.569866449044;32.918626502599
37035;-107.366306721923;(x * ((((_a1_ * x) + _a3_) * x) + (_a7_ ** _a3_)));{'d0': {'_a1_': 3.3767608767307746, '_a3_': 2.106624066927171, '_a7_': 1.3131322799257266, '_a0_': 1.0, '_a2_': 1.0, '_a4_': 1.0, '_a5_': 1.0, '_a6_': 1.0}};{'d0': 0.024905832919416643};-280.569866449044;32.918626502599
37036;-107.366306721923;(x * ((((_a1_ * x) + _a3_) * x) + (_a7_ ** _a3_)));{'d0': {'_a1_': 3.3767608767307746, '_a3_': 2.106624066927171, '_a7_': 1.3131322799257266, '_a0_': 1.0, '_a2_': 1.0, '_a4_': 1.0, '_a5_': 1.0, '_a6_': 1.0}};{'d0': 0.024905832919416643};-280.569866449044;32.918626502599
37037;-107.366306721923;(x * ((((_a1_ * x) + _a3_) * x) + (_a7_ ** _a3_)));{'d0': {'_a1_': 3.3767608767307746, '_a3_': 2.106624066927171, '_a7_': 1.3131322799257266, '_a0_': 1.0, '_a2_': 1.0, '_a4_': 1.0, '_a5_': 1.0, '_a6_': 1.0}};{'d0': 0.024905832919416643};-280.569866449044;32.918626502599
37038;-107.366306721923;(x * ((((_a1_ * x) + _a3_) * x) + (_a7_ ** _a3_)));{'d0': {'_a1_': 3.3767608767307746, '_a3_': 2.106624066927171, '_a7_': 1.3131322799257266, '_a0_': 1.0, '_a2_': 1.0, '_a4_': 1.0, '_a5_': 1.0, '_a6_': 1.0}};{'d0': 0.024905832919416643};-280.569866449044;32.918626502599
37039;-107.366306721923;(x * ((((_a1_ * x) + _a3_) * x) + (_a7_ ** _a3_)));{'d0': {'_a1_': 3.3767608767307746, '_a3_': 2.106624066927171, '_a7_': 1.3131322799257266, '_a0_': 1.0, '_a2_': 1.0, '_a4_': 1.0, '_a5_': 1.0, '_a6_': 1.0}};{'d0': 0.024905832919416643};-280.569866449044;32.918626502599
37040;-107.366306721923;(x * ((((_a1_ * x) + _a3_) * x) + (_a7_ ** _a3_)));{'d0': {'_a1_': 3.3767608767307746, '_a3_': 2.106624066927171, '_a7_': 1.3131322799257266, '_a0_': 1.0, '_a2_': 1.0, '_a4_': 1.0, '_a5_': 1.0, '_a6_': 1.0}};{'d0': 0.024905832919416643};-280.569866449044;32.918626502599
37041;-107.366306721923;(x * ((((_a1_ * x) + _a3_) * x) + (_a7_ ** _a3_)));{'d0': {'_a1_': 3.3767608767307746, '_a3_': 2.106624066927171, '_a7_': 1.3131322799257266, '_a0_': 1.0, '_a2_': 1.0, '_a4_': 1.0, '_a5_': 1.0, '_a6_': 1.0}};{'d0': 0.024905832919416643};-280.569866449044;32.918626502599
37042;-107.366306721923;(x * ((((_a1_ * x) + _a3_) * x) + (_a7_ ** _a3_)));{'d0': {'_a1_': 3.3767608767307746, '_a3_': 2.106624066927171, '_a7_': 1.3131322799257266, '_a0_': 1.0, '_a2_': 1.0, '_a4_': 1.0, '_a5_': 1.0, '_a6_': 1.0}};{'d0': 0.024905832919416643};-280.569866449044;32.918626502599
37043;-107.366306721923;(x * ((((_a1_ * x) + _a3_) * x) + (_a7_ ** _a3_)));{'d0': {'_a1_': 3.3767608767307746, '_a3_': 2.106624066927171, '_a7_': 1.3131322799257266, '_a0_': 1.0, '_a2_': 1.0, '_a4_': 1.0, '_a5_': 1.0, '_a6_': 1.0}};{'d0': 0.024905832919416643};-280.569866449044;32.918626502599
37044;-104.411319546383;((((_a5_ * pow2(x)) + (_a4_ + x)) * x) * (_a3_ + _a4_));{'d0': {'_a3_': 1.2639794708862786, '_a4_': 0.8426446023245417, '_a5_': 1.6029252332459238, '_a0_': 1.0, '_a1_': 1.0, '_a2_': 1.0, '_a6_': 1.0, '_a7_': 1.0}};{'d0': 0.024905832919416566};-280.569866449044;35.87361367813914
37045;-104.411319546383;((((_a5_ * pow2(x)) + (_a4_ + x)) * x) * (_a3_ + _a4_));{'d0': {'_a3_': 1.2639794708862786, '_a4_': 0.8426446023245417, '_a5_': 1.6029252332459238, '_a0_': 1.0, '_a1_': 1.0, '_a2_': 1.0, '_a6_': 1.0, '_a7_': 1.0}};{'d0': 0.024905832919416566};-280.569866449044;35.87361367813914
37046;-104.411319546383;((((_a5_ * pow2(x)) + (_a4_ + x)) * x) * (_a3_ + _a4_));{'d0': {'_a3_': 1.2639794708862786, '_a4_': 0.8426446023245417, '_a5_': 1.6029252332459238, '_a0_': 1.0, '_a1_': 1.0, '_a2_': 1.0, '_a6_': 1.0, '_a7_': 1.0}};{'d0': 0.024905832919416566};-280.569866449044;35.87361367813914
37047;-99.4619796209260;(((((_a5_ * pow2(x)) + (_a4_ + x)) * x) * (_a3_ + _a4_)) * _a5_);{'d0': {'_a3_': 0.47159265948912765, '_a4_': 0.8426446029981254, '_a5_': 1.6029252338302475, '_a0_': 1.0, '_a1_': 1.0, '_a2_': 1.0, '_a6_': 1.0, '_a7_': 1.0}};{'d0': 0.024905832919416695};-280.569866449043;40.82295360359613
37048;-99.4619796209260;(((((_a5_ * pow2(x)) + (_a4_ + x)) * x) * (_a3_ + _a4_)) * _a5_);{'d0': {'_a3_': 0.47159265948912765, '_a4_': 0.8426446029981254, '_a5_': 1.6029252338302475, '_a0_': 1.0, '_a1_': 1.0, '_a2_': 1.0, '_a6_': 1.0, '_a7_': 1.0}};{'d0': 0.024905832919416695};-280.569866449043;40.82295360359613
37049;-99.4619796209260;(((((_a5_ * pow2(x)) + (_a4_ + x)) * x) * (_a3_ + _a4_)) * _a5_);{'d0': {'_a3_': 0.47159265948912765, '_a4_': 0.8426446029981254, '_a5_': 1.6029252338302475, '_a0_': 1.0, '_a1_': 1.0, '_a2_': 1.0, '_a6_': 1.0, '_a7_': 1.0}};{'d0': 0.024905832919416695};-280.569866449043;40.82295360359613
37050;-99.4619796209260;(((((_a5_ * pow2(x)) + (_a4_ + x)) * x) * (_a3_ + _a4_)) * _a5_);{'d0': {'_a3_': 0.47159265948912765, '_a4_': 0.8426446029981254, '_a5_': 1.6029252338302475, '_a0_': 1.0, '_a1_': 1.0, '_a2_': 1.0, '_a6_': 1.0, '_a7_': 1.0}};{'d0': 0.024905832919416695};-280.569866449043;40.82295360359613
37051;-84.9198874501701;((_a4_ / (-((_a1_ * cos((_a3_ * (x + _a4_))))) + _a5_)) * -((x * pow2(_a5_))));{'d0': {'_a1_': 2.9117402955081704, '_a3_': -3.4452778201101846, '_a4_': 0.31210529947399135, '_a5_': -6.808507416761255, '_a0_': 1.0, '_a2_': 1.0, '_a6_': 1.0, '_a7_': 1.0}};{'d0': 0.02423059350594156};-278.124681924460;54.14245351205986
37052;-84.9198874501701;((_a4_ / (-((_a1_ * cos((_a3_ * (x + _a4_))))) + _a5_)) * -((x * pow2(_a5_))));{'d0': {'_a1_': 2.9117402955081704, '_a3_': -3.4452778201101846, '_a4_': 0.31210529947399135, '_a5_': -6.808507416761255, '_a0_': 1.0, '_a2_': 1.0, '_a6_': 1.0, '_a7_': 1.0}};{'d0': 0.02423059350594156};-278.124681924460;54.14245351205986
37053;-84.9198874501701;((_a4_ / (-((_a1_ * cos((_a3_ * (x + _a4_))))) + _a5_)) * -((x * pow2(_a5_))));{'d0': {'_a1_': 2.9117402955081704, '_a3_': -3.4452778201101846, '_a4_': 0.31210529947399135, '_a5_': -6.808507416761255, '_a0_': 1.0, '_a2_': 1.0, '_a6_': 1.0, '_a7_': 1.0}};{'d0': 0.02423059350594156};-278.124681924460;54.14245351205986
37054;-84.9198874501701;((_a4_ / (-((_a1_ * cos((_a3_ * (x + _a4_))))) + _a5_)) * -((x * pow2(_a5_))));{'d0': {'_a1_': 2.9117402955081704, '_a3_': -3.4452778201101846, '_a4_': 0.31210529947399135, '_a5_': -6.808507416761255, '_a0_': 1.0, '_a2_': 1.0, '_a6_': 1.0, '_a7_': 1.0}};{'d0': 0.02423059350594156};-278.124681924460;54.14245351205986
37055;-84.9198874501701;((_a4_ / (-((_a1_ * cos((_a3_ * (x + _a4_))))) + _a5_)) * -((x * pow2(_a5_))));{'d0': {'_a1_': 2.9117402955081704, '_a3_': -3.4452778201101846, '_a4_': 0.31210529947399135, '_a5_': -6.808507416761255, '_a0_': 1.0, '_a2_': 1.0, '_a6_': 1.0, '_a7_': 1.0}};{'d0': 0.02423059350594156};-278.124681924460;54.14245351205986
37056;-107.366306721923;(x * ((((_a1_ * x) + _a3_) * x) + (_a7_ ** _a3_)));{'d0': {'_a1_': 3.3767608767307746, '_a3_': 2.106624066927171, '_a7_': 1.3131322799257266, '_a0_': 1.0, '_a2_': 1.0, '_a4_': 1.0, '_a5_': 1.0, '_a6_': 1.0}};{'d0': 0.024905832919416643};-280.569866449044;32.918626502599
37057;-107.366306721923;(x * ((((_a1_ * x) + _a3_) * x) + (_a7_ ** _a3_)));{'d0': {'_a1_': 3.3767608767307746, '_a3_': 2.106624066927171, '_a7_': 1.3131322799257266, '_a0_': 1.0, '_a2_': 1.0, '_a4_': 1.0, '_a5_': 1.0, '_a6_': 1.0}};{'d0': 0.024905832919416643};-280.569866449044;32.918626502599
37058;-107.366306721923;(x * ((((_a1_ * x) + _a3_) * x) + (_a7_ ** _a3_)));{'d0': {'_a1_': 3.3767608767307746, '_a3_': 2.106624066927171, '_a7_': 1.3131322799257266, '_a0_': 1.0, '_a2_': 1.0, '_a4_': 1.0, '_a5_': 1.0, '_a6_': 1.0}};{'d0': 0.024905832919416643};-280.569866449044;32.918626502599
37059;-107.366306721923;(x * ((((_a1_ * x) + _a3_) * x) + (_a7_ ** _a3_)));{'d0': {'_a1_': 3.3767608767307746, '_a3_': 2.106624066927171, '_a7_': 1.3131322799257266, '_a0_': 1.0, '_a2_': 1.0, '_a4_': 1.0, '_a5_': 1.0, '_a6_': 1.0}};{'d0': 0.024905832919416643};-280.569866449044;32.918626502599
37060;-107.366306721923;(x * ((((_a1_ * x) + _a3_) * x) + (_a7_ ** _a3_)));{'d0': {'_a1_': 3.3767608767307746, '_a3_': 2.106624066927171, '_a7_': 1.3131322799257266, '_a0_': 1.0, '_a2_': 1.0, '_a4_': 1.0, '_a5_': 1.0, '_a6_': 1.0}};{'d0': 0.024905832919416643};-280.569866449044;32.918626502599
37061;-108.229563301620;(x * ((((_a1_ * x) + _a3_) * x) + (_a7_ / _a3_)));{'d0': {'_a1_': 3.376760879443944, '_a3_': 2.1066240685727964, '_a7_': 3.739542966978478, '_a0_': 1.0, '_a2_': 1.0, '_a4_': 1.0, '_a5_': 1.0, '_a6_': 1.0}};{'d0': 0.024905832919416625};-280.569866449044;32.0553699229014
37062;-108.229563301620;(x * ((((_a1_ * x) + _a3_) * x) + (_a7_ / _a3_)));{'d0': {'_a1_': 3.376760879443944, '_a3_': 2.1066240685727964, '_a7_': 3.739542966978478, '_a0_': 1.0, '_a2_': 1.0, '_a4_': 1.0, '_a5_': 1.0, '_a6_': 1.0}};{'d0': 0.024905832919416625};-280.569866449044;32.0553699229014
37063;-108.229563301620;(x * ((((_a1_ * x) + _a3_) * x) + (_a7_ / _a3_)));{'d0': {'_a1_': 3.376760879443944, '_a3_': 2.1066240685727964, '_a7_': 3.739542966978478, '_a0_': 1.0, '_a2_': 1.0, '_a4_': 1.0, '_a5_': 1.0, '_a6_': 1.0}};{'d0': 0.024905832919416625};-280.569866449044;32.0553699229014
37064;-108.229563301620;(x * ((((_a1_ * x) + _a3_) * x) + (_a7_ / _a3_)));{'d0': {'_a1_': 3.376760879443944, '_a3_': 2.1066240685727964, '_a7_': 3.739542966978478, '_a0_': 1.0, '_a2_': 1.0, '_a4_': 1.0, '_a5_': 1.0, '_a6_': 1.0}};{'d0': 0.024905832919416625};-280.569866449044;32.0553699229014
37065;-108.229563301620;(x * ((((_a1_ * x) + _a3_) * x) + (_a7_ / _a3_)));{'d0': {'_a1_': 3.376760879443944, '_a3_': 2.1066240685727964, '_a7_': 3.739542966978478, '_a0_': 1.0, '_a2_': 1.0, '_a4_': 1.0, '_a5_': 1.0, '_a6_': 1.0}};{'d0': 0.024905832919416625};-280.569866449044;32.0553699229014
37066;-108.229563301620;(x * ((((_a1_ * x) + _a3_) * x) + (_a7_ / _a3_)));{'d0': {'_a1_': 3.376760879443944, '_a3_': 2.1066240685727964, '_a7_': 3.739542966978478, '_a0_': 1.0, '_a2_': 1.0, '_a4_': 1.0, '_a5_': 1.0, '_a6_': 1.0}};{'d0': 0.024905832919416625};-280.569866449044;32.0553699229014
37067;-108.229563301620;(x * ((((_a1_ * x) + _a3_) * x) + (_a7_ / _a3_)));{'d0': {'_a1_': 3.376760879443944, '_a3_': 2.1066240685727964, '_a7_': 3.739542966978478, '_a0_': 1.0, '_a2_': 1.0, '_a4_': 1.0, '_a5_': 1.0, '_a6_': 1.0}};{'d0': 0.024905832919416625};-280.569866449044;32.0553699229014
37068;-108.229563301620;(x * ((((_a1_ * x) + _a3_) * x) + (_a7_ / _a3_)));{'d0': {'_a1_': 3.376760879443944, '_a3_': 2.1066240685727964, '_a7_': 3.739542966978478, '_a0_': 1.0, '_a2_': 1.0, '_a4_': 1.0, '_a5_': 1.0, '_a6_': 1.0}};{'d0': 0.024905832919416625};-280.569866449044;32.0553699229014
37069;-108.229563301620;(x * ((((_a1_ * x) + _a3_) * x) + (_a7_ / _a3_)));{'d0': {'_a1_': 3.376760879443944, '_a3_': 2.1066240685727964, '_a7_': 3.739542966978478, '_a0_': 1.0, '_a2_': 1.0, '_a4_': 1.0, '_a5_': 1.0, '_a6_': 1.0}};{'d0': 0.024905832919416625};-280.569866449044;32.0553699229014
37070;-108.229563301620;(x * ((((_a1_ * x) + _a3_) * x) + (_a7_ / _a3_)));{'d0': {'_a1_': 3.376760879443944, '_a3_': 2.1066240685727964, '_a7_': 3.739542966978478, '_a0_': 1.0, '_a2_': 1.0, '_a4_': 1.0, '_a5_': 1.0, '_a6_': 1.0}};{'d0': 0.024905832919416625};-280.569866449044;32.0553699229014
37071;-108.229563301620;(x * ((((_a1_ * x) + _a3_) * x) + (_a7_ / _a3_)));{'d0': {'_a1_': 3.376760879443944, '_a3_': 2.1066240685727964, '_a7_': 3.739542966978478, '_a0_': 1.0, '_a2_': 1.0, '_a4_': 1.0, '_a5_': 1.0, '_a6_': 1.0}};{'d0': 0.024905832919416625};-280.569866449044;32.0553699229014
37072;-100.360883458177;(((((_a5_ * pow2(x)) + (_a4_ + x)) * x) * (_a7_ * _a4_)) * _a7_);{'d0': {'_a4_': 0.8426446031030718, '_a5_': 1.6029252336296844, '_a7_': 1.581143544910818, '_a0_': 1.0, '_a1_': 1.0, '_a2_': 1.0, '_a3_': 1.0, '_a6_': 1.0}};{'d0': 0.024905832919416584};-280.569866449044;39.924049766345135
37073;-100.360883458177;(((((_a5_ * pow2(x)) + (_a4_ + x)) * x) * (_a7_ * _a4_)) * _a7_);{'d0': {'_a4_': 0.8426446031030718, '_a5_': 1.6029252336296844, '_a7_': 1.581143544910818, '_a0_': 1.0, '_a1_': 1.0, '_a2_': 1.0, '_a3_': 1.0, '_a6_': 1.0}};{'d0': 0.024905832919416584};-280.569866449044;39.924049766345135
37074;-100.360883458177;(((((_a5_ * pow2(x)) + (_a4_ + x)) * x) * (_a7_ * _a4_)) * _a7_);{'d0': {'_a4_': 0.8426446031030718, '_a5_': 1.6029252336296844, '_a7_': 1.581143544910818, '_a0_': 1.0, '_a1_': 1.0, '_a2_': 1.0, '_a3_': 1.0, '_a6_': 1.0}};{'d0': 0.024905832919416584};-280.569866449044;39.924049766345135
37075;-100.360883458177;(((((_a5_ * pow2(x)) + (_a4_ + x)) * x) * (_a7_ * _a4_)) * _a7_);{'d0': {'_a4_': 0.8426446031030718, '_a5_': 1.6029252336296844, '_a7_': 1.581143544910818, '_a0_': 1.0, '_a1_': 1.0, '_a2_': 1.0, '_a3_': 1.0, '_a6_': 1.0}};{'d0': 0.024905832919416584};-280.569866449044;39.924049766345135
37076;-100.360883458177;(((((_a5_ * pow2(x)) + (_a4_ + x)) * x) * (_a7_ * _a4_)) * _a7_);{'d0': {'_a4_': 0.8426446031030718, '_a5_': 1.6029252336296844, '_a7_': 1.581143544910818, '_a0_': 1.0, '_a1_': 1.0, '_a2_': 1.0, '_a3_': 1.0, '_a6_': 1.0}};{'d0': 0.024905832919416584};-280.569866449044;39.924049766345135
37077;-100.360883458177;(((((_a5_ * pow2(x)) + (_a4_ + x)) * x) * (_a7_ * _a4_)) * _a7_);{'d0': {'_a4_': 0.8426446031030718, '_a5_': 1.6029252336296844, '_a7_': 1.581143544910818, '_a0_': 1.0, '_a1_': 1.0, '_a2_': 1.0, '_a3_': 1.0, '_a6_': 1.0}};{'d0': 0.024905832919416584};-280.569866449044;39.924049766345135
37078;-100.360883458177;(((((_a5_ * pow2(x)) + (_a4_ + x)) * x) * (_a7_ * _a4_)) * _a7_);{'d0': {'_a4_': 0.8426446031030718, '_a5_': 1.6029252336296844, '_a7_': 1.581143544910818, '_a0_': 1.0, '_a1_': 1.0, '_a2_': 1.0, '_a3_': 1.0, '_a6_': 1.0}};{'d0': 0.024905832919416584};-280.569866449044;39.924049766345135
37079;-100.360883458177;(((((_a5_ * pow2(x)) + (_a4_ + x)) * x) * (_a7_ * _a4_)) * _a7_);{'d0': {'_a4_': 0.8426446031030718, '_a5_': 1.6029252336296844, '_a7_': 1.581143544910818, '_a0_': 1.0, '_a1_': 1.0, '_a2_': 1.0, '_a3_': 1.0, '_a6_': 1.0}};{'d0': 0.024905832919416584};-280.569866449044;39.924049766345135
37080;-100.360883458177;(((((_a5_ * pow2(x)) + (_a4_ + x)) * x) * (_a7_ * _a4_)) * _a7_);{'d0': {'_a4_': 0.8426446031030718, '_a5_': 1.6029252336296844, '_a7_': 1.581143544910818, '_a0_': 1.0, '_a1_': 1.0, '_a2_': 1.0, '_a3_': 1.0, '_a6_': 1.0}};{'d0': 0.024905832919416584};-280.569866449044;39.924049766345135
37081;-100.360883458177;(((((_a5_ * pow2(x)) + (_a4_ + x)) * x) * (_a7_ * _a4_)) * _a7_);{'d0': {'_a4_': 0.8426446031030718, '_a5_': 1.6029252336296844, '_a7_': 1.581143544910818, '_a0_': 1.0, '_a1_': 1.0, '_a2_': 1.0, '_a3_': 1.0, '_a6_': 1.0}};{'d0': 0.024905832919416584};-280.569866449044;39.924049766345135
37082;-100.360883458177;(((((_a5_ * pow2(x)) + (_a4_ + x)) * x) * (_a7_ * _a4_)) * _a7_);{'d0': {'_a4_': 0.8426446031030718, '_a5_': 1.6029252336296844, '_a7_': 1.581143544910818, '_a0_': 1.0, '_a1_': 1.0, '_a2_': 1.0, '_a3_': 1.0, '_a6_': 1.0}};{'d0': 0.024905832919416584};-280.569866449044;39.924049766345135
37083;-100.360883458177;(((((_a5_ * pow2(x)) + (_a4_ + x)) * x) * (_a7_ * _a4_)) * _a7_);{'d0': {'_a4_': 0.8426446031030718, '_a5_': 1.6029252336296844, '_a7_': 1.581143544910818, '_a0_': 1.0, '_a1_': 1.0, '_a2_': 1.0, '_a3_': 1.0, '_a6_': 1.0}};{'d0': 0.024905832919416584};-280.569866449044;39.924049766345135
37084;-92.9738481658193;(((((_a5_ * pow2(x)) + (sqrt(_a6_) + x)) * x) * (_a7_ * _a4_)) * _a7_);{'d0': {'_a4_': 0.7506345195629022, '_a5_': 1.6029252347328724, '_a6_': 0.7100499325904774, '_a7_': 1.6752484940554058, '_a0_': 1.0, '_a1_': 1.0, '_a2_': 1.0, '_a3_': 1.0}};{'d0': 0.02490583292001993};-276.475521885368;45.26391277686513
37085;-108.229563301620;(x * ((((_a1_ * x) + _a3_) * x) + (_a7_ / _a3_)));{'d0': {'_a1_': 3.376760879443944, '_a3_': 2.1066240685727964, '_a7_': 3.739542966978478, '_a0_': 1.0, '_a2_': 1.0, '_a4_': 1.0, '_a5_': 1.0, '_a6_': 1.0}};{'d0': 0.024905832919416625};-280.569866449044;32.0553699229014
37086;-108.229563301620;(x * ((((_a1_ * x) + _a3_) * x) + (_a7_ / _a3_)));{'d0': {'_a1_': 3.376760879443944, '_a3_': 2.1066240685727964, '_a7_': 3.739542966978478, '_a0_': 1.0, '_a2_': 1.0, '_a4_': 1.0, '_a5_': 1.0, '_a6_': 1.0}};{'d0': 0.024905832919416625};-280.569866449044;32.0553699229014
37087;-108.229563301620;(x * ((((_a1_ * x) + _a3_) * x) + (_a7_ / _a3_)));{'d0': {'_a1_': 3.376760879443944, '_a3_': 2.1066240685727964, '_a7_': 3.739542966978478, '_a0_': 1.0, '_a2_': 1.0, '_a4_': 1.0, '_a5_': 1.0, '_a6_': 1.0}};{'d0': 0.024905832919416625};-280.569866449044;32.0553699229014
37088;-108.229563301620;(x * ((((_a1_ * x) + _a3_) * x) + (_a7_ / _a3_)));{'d0': {'_a1_': 3.376760879443944, '_a3_': 2.1066240685727964, '_a7_': 3.739542966978478, '_a0_': 1.0, '_a2_': 1.0, '_a4_': 1.0, '_a5_': 1.0, '_a6_': 1.0}};{'d0': 0.024905832919416625};-280.569866449044;32.0553699229014
37089;-108.229563301620;(x * ((((_a1_ * x) + _a3_) * x) + (_a7_ / _a3_)));{'d0': {'_a1_': 3.376760879443944, '_a3_': 2.1066240685727964, '_a7_': 3.739542966978478, '_a0_': 1.0, '_a2_': 1.0, '_a4_': 1.0, '_a5_': 1.0, '_a6_': 1.0}};{'d0': 0.024905832919416625};-280.569866449044;32.0553699229014
37090;-108.229563301620;(x * ((((_a1_ * x) + _a3_) * x) + (_a7_ / _a3_)));{'d0': {'_a1_': 3.376760879443944, '_a3_': 2.1066240685727964, '_a7_': 3.739542966978478, '_a0_': 1.0, '_a2_': 1.0, '_a4_': 1.0, '_a5_': 1.0, '_a6_': 1.0}};{'d0': 0.024905832919416625};-280.569866449044;32.0553699229014
37091;-108.229563301620;(x * ((((_a1_ * x) + _a3_) * x) + (_a7_ / _a3_)));{'d0': {'_a1_': 3.376760879443944, '_a3_': 2.1066240685727964, '_a7_': 3.739542966978478, '_a0_': 1.0, '_a2_': 1.0, '_a4_': 1.0, '_a5_': 1.0, '_a6_': 1.0}};{'d0': 0.024905832919416625};-280.569866449044;32.0553699229014
37092;-108.229563301620;(x * ((((_a1_ * x) + _a3_) * x) + (_a7_ / _a3_)));{'d0': {'_a1_': 3.376760879443944, '_a3_': 2.1066240685727964, '_a7_': 3.739542966978478, '_a0_': 1.0, '_a2_': 1.0, '_a4_': 1.0, '_a5_': 1.0, '_a6_': 1.0}};{'d0': 0.024905832919416625};-280.569866449044;32.0553699229014
37093;-108.229563301620;(x * ((((_a1_ * x) + _a3_) * x) + (_a7_ / _a3_)));{'d0': {'_a1_': 3.376760879443944, '_a3_': 2.1066240685727964, '_a7_': 3.739542966978478, '_a0_': 1.0, '_a2_': 1.0, '_a4_': 1.0, '_a5_': 1.0, '_a6_': 1.0}};{'d0': 0.024905832919416625};-280.569866449044;32.0553699229014
37094;-108.229563301620;(x * ((((_a1_ * x) + _a3_) * x) + (_a7_ / _a3_)));{'d0': {'_a1_': 3.376760879443944, '_a3_': 2.1066240685727964, '_a7_': 3.739542966978478, '_a0_': 1.0, '_a2_': 1.0, '_a4_': 1.0, '_a5_': 1.0, '_a6_': 1.0}};{'d0': 0.024905832919416625};-280.569866449044;32.0553699229014
37095;-108.229563301620;(x * ((((_a1_ * x) + _a3_) * x) + (_a7_ / _a3_)));{'d0': {'_a1_': 3.376760879443944, '_a3_': 2.1066240685727964, '_a7_': 3.739542966978478, '_a0_': 1.0, '_a2_': 1.0, '_a4_': 1.0, '_a5_': 1.0, '_a6_': 1.0}};{'d0': 0.024905832919416625};-280.569866449044;32.0553699229014
37096;-108.229563301620;(x * ((((_a1_ * x) + _a3_) * x) + (_a7_ / _a3_)));{'d0': {'_a1_': 3.376760879443944, '_a3_': 2.1066240685727964, '_a7_': 3.739542966978478, '_a0_': 1.0, '_a2_': 1.0, '_a4_': 1.0, '_a5_': 1.0, '_a6_': 1.0}};{'d0': 0.024905832919416625};-280.569866449044;32.0553699229014
37097;-108.229563301620;(x * ((((_a1_ * x) + _a3_) * x) + (_a7_ / _a3_)));{'d0': {'_a1_': 3.376760879443944, '_a3_': 2.1066240685727964, '_a7_': 3.739542966978478, '_a0_': 1.0, '_a2_': 1.0, '_a4_': 1.0, '_a5_': 1.0, '_a6_': 1.0}};{'d0': 0.024905832919416625};-280.569866449044;32.0553699229014
37098;-108.229563301620;(x * ((((_a1_ * x) + _a3_) * x) + (_a7_ / _a3_)));{'d0': {'_a1_': 3.376760879443944, '_a3_': 2.1066240685727964, '_a7_': 3.739542966978478, '_a0_': 1.0, '_a2_': 1.0, '_a4_': 1.0, '_a5_': 1.0, '_a6_': 1.0}};{'d0': 0.024905832919416625};-280.569866449044;32.0553699229014
37099;-108.229563301620;(x * ((((_a1_ * x) + _a3_) * x) + (_a7_ / _a3_)));{'d0': {'_a1_': 3.376760879443944, '_a3_': 2.1066240685727964, '_a7_': 3.739542966978478, '_a0_': 1.0, '_a2_': 1.0, '_a4_': 1.0, '_a5_': 1.0, '_a6_': 1.0}};{'d0': 0.024905832919416625};-280.569866449044;32.0553699229014
37100;-108.229563301620;(x * ((((_a1_ * x) + _a3_) * x) + (_a7_ / _a3_)));{'d0': {'_a1_': 3.376760879443944, '_a3_': 2.1066240685727964, '_a7_': 3.739542966978478, '_a0_': 1.0, '_a2_': 1.0, '_a4_': 1.0, '_a5_': 1.0, '_a6_': 1.0}};{'d0': 0.024905832919416625};-280.569866449044;32.0553699229014
37101;-108.229563301620;(x * ((((_a1_ * x) + _a3_) * x) + (_a7_ / _a3_)));{'d0': {'_a1_': 3.376760879443944, '_a3_': 2.1066240685727964, '_a7_': 3.739542966978478, '_a0_': 1.0, '_a2_': 1.0, '_a4_': 1.0, '_a5_': 1.0, '_a6_': 1.0}};{'d0': 0.024905832919416625};-280.569866449044;32.0553699229014
37102;-108.229563301620;(x * ((((_a1_ * x) + _a3_) * x) + (_a7_ / _a3_)));{'d0': {'_a1_': 3.376760879443944, '_a3_': 2.1066240685727964, '_a7_': 3.739542966978478, '_a0_': 1.0, '_a2_': 1.0, '_a4_': 1.0, '_a5_': 1.0, '_a6_': 1.0}};{'d0': 0.024905832919416625};-280.569866449044;32.0553699229014
37103;-108.229563301620;(x * ((((_a1_ * x) + _a3_) * x) + (_a7_ / _a3_)));{'d0': {'_a1_': 3.376760879443944, '_a3_': 2.1066240685727964, '_a7_': 3.739542966978478, '_a0_': 1.0, '_a2_': 1.0, '_a4_': 1.0, '_a5_': 1.0, '_a6_': 1.0}};{'d0': 0.024905832919416625};-280.569866449044;32.0553699229014
37104;-108.229563301620;(x * ((((_a1_ * x) + _a3_) * x) + (_a7_ / _a3_)));{'d0': {'_a1_': 3.376760879443944, '_a3_': 2.1066240685727964, '_a7_': 3.739542966978478, '_a0_': 1.0, '_a2_': 1.0, '_a4_': 1.0, '_a5_': 1.0, '_a6_': 1.0}};{'d0': 0.024905832919416625};-280.569866449044;32.0553699229014
37105;-108.229563301620;(x * ((((_a1_ * x) + _a3_) * x) + (_a7_ / _a3_)));{'d0': {'_a1_': 3.376760879443944, '_a3_': 2.1066240685727964, '_a7_': 3.739542966978478, '_a0_': 1.0, '_a2_': 1.0, '_a4_': 1.0, '_a5_': 1.0, '_a6_': 1.0}};{'d0': 0.024905832919416625};-280.569866449044;32.0553699229014
37106;-108.229563301620;(x * ((((_a1_ * x) + _a3_) * x) + (_a7_ / _a3_)));{'d0': {'_a1_': 3.376760879443944, '_a3_': 2.1066240685727964, '_a7_': 3.739542966978478, '_a0_': 1.0, '_a2_': 1.0, '_a4_': 1.0, '_a5_': 1.0, '_a6_': 1.0}};{'d0': 0.024905832919416625};-280.569866449044;32.0553699229014
37107;-108.229563301620;(x * ((((_a1_ * x) + _a3_) * x) + (_a7_ / _a3_)));{'d0': {'_a1_': 3.376760879443944, '_a3_': 2.1066240685727964, '_a7_': 3.739542966978478, '_a0_': 1.0, '_a2_': 1.0, '_a4_': 1.0, '_a5_': 1.0, '_a6_': 1.0}};{'d0': 0.024905832919416625};-280.569866449044;32.0553699229014
37108;-108.229563301620;(x * ((((_a1_ * x) + _a3_) * x) + (_a7_ / _a3_)));{'d0': {'_a1_': 3.376760879443944, '_a3_': 2.1066240685727964, '_a7_': 3.739542966978478, '_a0_': 1.0, '_a2_': 1.0, '_a4_': 1.0, '_a5_': 1.0, '_a6_': 1.0}};{'d0': 0.024905832919416625};-280.569866449044;32.0553699229014
37109;-108.229563301620;(x * ((((_a1_ * x) + _a3_) * x) + (_a7_ / _a3_)));{'d0': {'_a1_': 3.376760879443944, '_a3_': 2.1066240685727964, '_a7_': 3.739542966978478, '_a0_': 1.0, '_a2_': 1.0, '_a4_': 1.0, '_a5_': 1.0, '_a6_': 1.0}};{'d0': 0.024905832919416625};-280.569866449044;32.0553699229014
37110;-108.229563301620;(x * ((((_a1_ * x) + _a3_) * x) + (_a7_ / _a3_)));{'d0': {'_a1_': 3.376760879443944, '_a3_': 2.1066240685727964, '_a7_': 3.739542966978478, '_a0_': 1.0, '_a2_': 1.0, '_a4_': 1.0, '_a5_': 1.0, '_a6_': 1.0}};{'d0': 0.024905832919416625};-280.569866449044;32.0553699229014
37111;-108.229563301620;(x * ((((_a1_ * x) + _a3_) * x) + (_a7_ / _a3_)));{'d0': {'_a1_': 3.376760879443944, '_a3_': 2.1066240685727964, '_a7_': 3.739542966978478, '_a0_': 1.0, '_a2_': 1.0, '_a4_': 1.0, '_a5_': 1.0, '_a6_': 1.0}};{'d0': 0.024905832919416625};-280.569866449044;32.0553699229014
37112;-108.229563301620;(x * ((((_a1_ * x) + _a3_) * x) + (_a7_ / _a3_)));{'d0': {'_a1_': 3.376760879443944, '_a3_': 2.1066240685727964, '_a7_': 3.739542966978478, '_a0_': 1.0, '_a2_': 1.0, '_a4_': 1.0, '_a5_': 1.0, '_a6_': 1.0}};{'d0': 0.024905832919416625};-280.569866449044;32.0553699229014
37113;-108.229563301620;(x * ((((_a1_ * x) + _a3_) * x) + (_a7_ / _a3_)));{'d0': {'_a1_': 3.376760879443944, '_a3_': 2.1066240685727964, '_a7_': 3.739542966978478, '_a0_': 1.0, '_a2_': 1.0, '_a4_': 1.0, '_a5_': 1.0, '_a6_': 1.0}};{'d0': 0.024905832919416625};-280.569866449044;32.0553699229014
37114;-108.229563301620;(x * ((((_a1_ * x) + _a3_) * x) + (_a7_ / _a3_)));{'d0': {'_a1_': 3.376760879443944, '_a3_': 2.1066240685727964, '_a7_': 3.739542966978478, '_a0_': 1.0, '_a2_': 1.0, '_a4_': 1.0, '_a5_': 1.0, '_a6_': 1.0}};{'d0': 0.024905832919416625};-280.569866449044;32.0553699229014
37115;-108.229563301620;(x * ((((_a1_ * x) + _a3_) * x) + (_a7_ / _a3_)));{'d0': {'_a1_': 3.376760879443944, '_a3_': 2.1066240685727964, '_a7_': 3.739542966978478, '_a0_': 1.0, '_a2_': 1.0, '_a4_': 1.0, '_a5_': 1.0, '_a6_': 1.0}};{'d0': 0.024905832919416625};-280.569866449044;32.0553699229014
37116;-108.229563301620;(x * ((((_a1_ * x) + _a3_) * x) + (_a7_ / _a3_)));{'d0': {'_a1_': 3.376760879443944, '_a3_': 2.1066240685727964, '_a7_': 3.739542966978478, '_a0_': 1.0, '_a2_': 1.0, '_a4_': 1.0, '_a5_': 1.0, '_a6_': 1.0}};{'d0': 0.024905832919416625};-280.569866449044;32.0553699229014
37117;-108.229563301620;(x * ((((_a1_ * x) + _a3_) * x) + (_a7_ / _a3_)));{'d0': {'_a1_': 3.376760879443944, '_a3_': 2.1066240685727964, '_a7_': 3.739542966978478, '_a0_': 1.0, '_a2_': 1.0, '_a4_': 1.0, '_a5_': 1.0, '_a6_': 1.0}};{'d0': 0.024905832919416625};-280.569866449044;32.0553699229014
37118;-108.229563301620;(x * ((((_a1_ * x) + _a3_) * x) + (_a7_ / _a3_)));{'d0': {'_a1_': 3.376760879443944, '_a3_': 2.1066240685727964, '_a7_': 3.739542966978478, '_a0_': 1.0, '_a2_': 1.0, '_a4_': 1.0, '_a5_': 1.0, '_a6_': 1.0}};{'d0': 0.024905832919416625};-280.569866449044;32.0553699229014
37119;-108.229563301620;(x * ((((_a1_ * x) + _a3_) * x) + (_a7_ / _a3_)));{'d0': {'_a1_': 3.376760879443944, '_a3_': 2.1066240685727964, '_a7_': 3.739542966978478, '_a0_': 1.0, '_a2_': 1.0, '_a4_': 1.0, '_a5_': 1.0, '_a6_': 1.0}};{'d0': 0.024905832919416625};-280.569866449044;32.0553699229014
37120;-108.229563301620;(x * ((((_a1_ * x) + _a3_) * x) + (_a7_ / _a3_)));{'d0': {'_a1_': 3.376760879443944, '_a3_': 2.1066240685727964, '_a7_': 3.739542966978478, '_a0_': 1.0, '_a2_': 1.0, '_a4_': 1.0, '_a5_': 1.0, '_a6_': 1.0}};{'d0': 0.024905832919416625};-280.569866449044;32.0553699229014
37121;-108.229563301620;(x * ((((_a1_ * x) + _a3_) * x) + (_a7_ / _a3_)));{'d0': {'_a1_': 3.376760879443944, '_a3_': 2.1066240685727964, '_a7_': 3.739542966978478, '_a0_': 1.0, '_a2_': 1.0, '_a4_': 1.0, '_a5_': 1.0, '_a6_': 1.0}};{'d0': 0.024905832919416625};-280.569866449044;32.0553699229014
37122;-108.229563301620;(x * ((((_a1_ * x) + _a3_) * x) + (_a7_ / _a3_)));{'d0': {'_a1_': 3.376760879443944, '_a3_': 2.1066240685727964, '_a7_': 3.739542966978478, '_a0_': 1.0, '_a2_': 1.0, '_a4_': 1.0, '_a5_': 1.0, '_a6_': 1.0}};{'d0': 0.024905832919416625};-280.569866449044;32.0553699229014
37123;-108.229563301620;(x * ((((_a1_ * x) + _a3_) * x) + (_a7_ / _a3_)));{'d0': {'_a1_': 3.376760879443944, '_a3_': 2.1066240685727964, '_a7_': 3.739542966978478, '_a0_': 1.0, '_a2_': 1.0, '_a4_': 1.0, '_a5_': 1.0, '_a6_': 1.0}};{'d0': 0.024905832919416625};-280.569866449044;32.0553699229014
37124;-108.229563301620;(x * ((((_a1_ * x) + _a3_) * x) + (_a7_ / _a3_)));{'d0': {'_a1_': 3.376760879443944, '_a3_': 2.1066240685727964, '_a7_': 3.739542966978478, '_a0_': 1.0, '_a2_': 1.0, '_a4_': 1.0, '_a5_': 1.0, '_a6_': 1.0}};{'d0': 0.024905832919416625};-280.569866449044;32.0553699229014
37125;-108.229563301620;(x * ((((_a1_ * x) + _a3_) * x) + (_a7_ / _a3_)));{'d0': {'_a1_': 3.376760879443944, '_a3_': 2.1066240685727964, '_a7_': 3.739542966978478, '_a0_': 1.0, '_a2_': 1.0, '_a4_': 1.0, '_a5_': 1.0, '_a6_': 1.0}};{'d0': 0.024905832919416625};-280.569866449044;32.0553699229014
37126;-108.229563301620;(x * ((((_a1_ * x) + _a3_) * x) + (_a7_ / _a3_)));{'d0': {'_a1_': 3.376760879443944, '_a3_': 2.1066240685727964, '_a7_': 3.739542966978478, '_a0_': 1.0, '_a2_': 1.0, '_a4_': 1.0, '_a5_': 1.0, '_a6_': 1.0}};{'d0': 0.024905832919416625};-280.569866449044;32.0553699229014
37127;-108.229563301620;(x * ((((_a1_ * x) + _a3_) * x) + (_a7_ / _a3_)));{'d0': {'_a1_': 3.376760879443944, '_a3_': 2.1066240685727964, '_a7_': 3.739542966978478, '_a0_': 1.0, '_a2_': 1.0, '_a4_': 1.0, '_a5_': 1.0, '_a6_': 1.0}};{'d0': 0.024905832919416625};-280.569866449044;32.0553699229014
37128;-108.229563301620;(x * ((((_a1_ * x) + _a3_) * x) + (_a7_ / _a3_)));{'d0': {'_a1_': 3.376760879443944, '_a3_': 2.1066240685727964, '_a7_': 3.739542966978478, '_a0_': 1.0, '_a2_': 1.0, '_a4_': 1.0, '_a5_': 1.0, '_a6_': 1.0}};{'d0': 0.024905832919416625};-280.569866449044;32.0553699229014
37129;-108.229563301620;(x * ((((_a1_ * x) + _a3_) * x) + (_a7_ / _a3_)));{'d0': {'_a1_': 3.376760879443944, '_a3_': 2.1066240685727964, '_a7_': 3.739542966978478, '_a0_': 1.0, '_a2_': 1.0, '_a4_': 1.0, '_a5_': 1.0, '_a6_': 1.0}};{'d0': 0.024905832919416625};-280.569866449044;32.0553699229014
37130;-108.229563301620;(x * ((((_a1_ * x) + _a3_) * x) + (_a7_ / _a3_)));{'d0': {'_a1_': 3.376760879443944, '_a3_': 2.1066240685727964, '_a7_': 3.739542966978478, '_a0_': 1.0, '_a2_': 1.0, '_a4_': 1.0, '_a5_': 1.0, '_a6_': 1.0}};{'d0': 0.024905832919416625};-280.569866449044;32.0553699229014
37131;-108.229563301620;(x * ((((_a1_ * x) + _a3_) * x) + (_a7_ / _a3_)));{'d0': {'_a1_': 3.376760879443944, '_a3_': 2.1066240685727964, '_a7_': 3.739542966978478, '_a0_': 1.0, '_a2_': 1.0, '_a4_': 1.0, '_a5_': 1.0, '_a6_': 1.0}};{'d0': 0.024905832919416625};-280.569866449044;32.0553699229014
37132;-104.531628829010;(x * ((((pow2(_a2_) * x) + _a3_) * x) + (_a7_ / _a3_)));{'d0': {'_a2_': 1.83759649514521, '_a3_': 2.1066240688411, '_a7_': 3.7395429684661705, '_a0_': 1.0, '_a1_': 1.0, '_a4_': 1.0, '_a5_': 1.0, '_a6_': 1.0}};{'d0': 0.024905832919416556};-280.569866449044;35.7533043955114
37133;-104.531628829010;(x * ((((pow2(_a2_) * x) + _a3_) * x) + (_a7_ / _a3_)));{'d0': {'_a2_': 1.83759649514521, '_a3_': 2.1066240688411, '_a7_': 3.7395429684661705, '_a0_': 1.0, '_a1_': 1.0, '_a4_': 1.0, '_a5_': 1.0, '_a6_': 1.0}};{'d0': 0.024905832919416556};-280.569866449044;35.7533043955114
37134;-104.531628829010;(x * ((((pow2(_a2_) * x) + _a3_) * x) + (_a7_ / _a3_)));{'d0': {'_a2_': 1.83759649514521, '_a3_': 2.1066240688411, '_a7_': 3.7395429684661705, '_a0_': 1.0, '_a1_': 1.0, '_a4_': 1.0, '_a5_': 1.0, '_a6_': 1.0}};{'d0': 0.024905832919416556};-280.569866449044;35.7533043955114
37135;-104.531628829010;(x * ((((pow2(_a2_) * x) + _a3_) * x) + (_a7_ / _a3_)));{'d0': {'_a2_': 1.83759649514521, '_a3_': 2.1066240688411, '_a7_': 3.7395429684661705, '_a0_': 1.0, '_a1_': 1.0, '_a4_': 1.0, '_a5_': 1.0, '_a6_': 1.0}};{'d0': 0.024905832919416556};-280.569866449044;35.7533043955114
37136;-104.531628829010;(x * ((((pow2(_a2_) * x) + _a3_) * x) + (_a7_ / _a3_)));{'d0': {'_a2_': 1.83759649514521, '_a3_': 2.1066240688411, '_a7_': 3.7395429684661705, '_a0_': 1.0, '_a1_': 1.0, '_a4_': 1.0, '_a5_': 1.0, '_a6_': 1.0}};{'d0': 0.024905832919416556};-280.569866449044;35.7533043955114
37137;-104.531628829010;(x * ((((pow2(_a2_) * x) + _a3_) * x) + (_a7_ / _a3_)));{'d0': {'_a2_': 1.83759649514521, '_a3_': 2.1066240688411, '_a7_': 3.7395429684661705, '_a0_': 1.0, '_a1_': 1.0, '_a4_': 1.0, '_a5_': 1.0, '_a6_': 1.0}};{'d0': 0.024905832919416556};-280.569866449044;35.7533043955114
37138;-104.531628829010;(x * ((((pow2(_a2_) * x) + _a3_) * x) + (_a7_ / _a3_)));{'d0': {'_a2_': 1.83759649514521, '_a3_': 2.1066240688411, '_a7_': 3.7395429684661705, '_a0_': 1.0, '_a1_': 1.0, '_a4_': 1.0, '_a5_': 1.0, '_a6_': 1.0}};{'d0': 0.024905832919416556};-280.569866449044;35.7533043955114
37139;-108.229563301620;(x * ((((_a1_ * x) + _a3_) * x) + (_a7_ / _a3_)));{'d0': {'_a1_': 3.376760879443944, '_a3_': 2.1066240685727964, '_a7_': 3.739542966978478, '_a0_': 1.0, '_a2_': 1.0, '_a4_': 1.0, '_a5_': 1.0, '_a6_': 1.0}};{'d0': 0.024905832919416625};-280.569866449044;32.0553699229014
37140;-108.229563301620;(x * ((((_a1_ * x) + _a3_) * x) + (_a7_ / _a3_)));{'d0': {'_a1_': 3.376760879443944, '_a3_': 2.1066240685727964, '_a7_': 3.739542966978478, '_a0_': 1.0, '_a2_': 1.0, '_a4_': 1.0, '_a5_': 1.0, '_a6_': 1.0}};{'d0': 0.024905832919416625};-280.569866449044;32.0553699229014
37141;-108.229563301620;(x * ((((_a1_ * x) + _a3_) * x) + (_a7_ / _a3_)));{'d0': {'_a1_': 3.376760879443944, '_a3_': 2.1066240685727964, '_a7_': 3.739542966978478, '_a0_': 1.0, '_a2_': 1.0, '_a4_': 1.0, '_a5_': 1.0, '_a6_': 1.0}};{'d0': 0.024905832919416625};-280.569866449044;32.0553699229014
37142;-108.229563301620;(x * ((((_a1_ * x) + _a3_) * x) + (_a7_ / _a3_)));{'d0': {'_a1_': 3.376760879443944, '_a3_': 2.1066240685727964, '_a7_': 3.739542966978478, '_a0_': 1.0, '_a2_': 1.0, '_a4_': 1.0, '_a5_': 1.0, '_a6_': 1.0}};{'d0': 0.024905832919416625};-280.569866449044;32.0553699229014
37143;-108.229563301620;(x * ((((_a1_ * x) + _a3_) * x) + (_a7_ / _a3_)));{'d0': {'_a1_': 3.376760879443944, '_a3_': 2.1066240685727964, '_a7_': 3.739542966978478, '_a0_': 1.0, '_a2_': 1.0, '_a4_': 1.0, '_a5_': 1.0, '_a6_': 1.0}};{'d0': 0.024905832919416625};-280.569866449044;32.0553699229014
37144;-108.229563301620;(x * ((((_a1_ * x) + _a3_) * x) + (_a7_ / _a3_)));{'d0': {'_a1_': 3.376760879443944, '_a3_': 2.1066240685727964, '_a7_': 3.739542966978478, '_a0_': 1.0, '_a2_': 1.0, '_a4_': 1.0, '_a5_': 1.0, '_a6_': 1.0}};{'d0': 0.024905832919416625};-280.569866449044;32.0553699229014
37145;-108.229563301620;(x * ((((_a1_ * x) + _a3_) * x) + (_a7_ / _a3_)));{'d0': {'_a1_': 3.376760879443944, '_a3_': 2.1066240685727964, '_a7_': 3.739542966978478, '_a0_': 1.0, '_a2_': 1.0, '_a4_': 1.0, '_a5_': 1.0, '_a6_': 1.0}};{'d0': 0.024905832919416625};-280.569866449044;32.0553699229014
37146;-108.229563301620;(x * ((((_a1_ * x) + _a3_) * x) + (_a7_ / _a3_)));{'d0': {'_a1_': 3.376760879443944, '_a3_': 2.1066240685727964, '_a7_': 3.739542966978478, '_a0_': 1.0, '_a2_': 1.0, '_a4_': 1.0, '_a5_': 1.0, '_a6_': 1.0}};{'d0': 0.024905832919416625};-280.569866449044;32.0553699229014
37147;-108.229563301620;(x * ((((_a1_ * x) + _a3_) * x) + (_a7_ / _a3_)));{'d0': {'_a1_': 3.376760879443944, '_a3_': 2.1066240685727964, '_a7_': 3.739542966978478, '_a0_': 1.0, '_a2_': 1.0, '_a4_': 1.0, '_a5_': 1.0, '_a6_': 1.0}};{'d0': 0.024905832919416625};-280.569866449044;32.0553699229014
37148;-108.229563301620;(x * ((((_a1_ * x) + _a3_) * x) + (_a7_ / _a3_)));{'d0': {'_a1_': 3.376760879443944, '_a3_': 2.1066240685727964, '_a7_': 3.739542966978478, '_a0_': 1.0, '_a2_': 1.0, '_a4_': 1.0, '_a5_': 1.0, '_a6_': 1.0}};{'d0': 0.024905832919416625};-280.569866449044;32.0553699229014
37149;-108.229563301620;(x * ((((_a1_ * x) + _a3_) * x) + (_a7_ / _a3_)));{'d0': {'_a1_': 3.376760879443944, '_a3_': 2.1066240685727964, '_a7_': 3.739542966978478, '_a0_': 1.0, '_a2_': 1.0, '_a4_': 1.0, '_a5_': 1.0, '_a6_': 1.0}};{'d0': 0.024905832919416625};-280.569866449044;32.0553699229014
37150;-108.229563301620;(x * ((((_a1_ * x) + _a3_) * x) + (_a7_ / _a3_)));{'d0': {'_a1_': 3.376760879443944, '_a3_': 2.1066240685727964, '_a7_': 3.739542966978478, '_a0_': 1.0, '_a2_': 1.0, '_a4_': 1.0, '_a5_': 1.0, '_a6_': 1.0}};{'d0': 0.024905832919416625};-280.569866449044;32.0553699229014
37151;-108.229563301620;(x * ((((_a1_ * x) + _a3_) * x) + (_a7_ / _a3_)));{'d0': {'_a1_': 3.376760879443944, '_a3_': 2.1066240685727964, '_a7_': 3.739542966978478, '_a0_': 1.0, '_a2_': 1.0, '_a4_': 1.0, '_a5_': 1.0, '_a6_': 1.0}};{'d0': 0.024905832919416625};-280.569866449044;32.0553699229014
37152;-101.684646197346;(((((_a5_ * pow2(x)) + (pow2(_a6_) + x)) * x) * _a7_) * _a7_);{'d0': {'_a5_': 1.6029252345195495, '_a6_': 0.9179567551353537, '_a7_': 1.4514213957995243, '_a0_': 1.0, '_a1_': 1.0, '_a2_': 1.0, '_a3_': 1.0, '_a4_': 1.0}};{'d0': 0.024905832919416577};-280.569866449044;38.60028702717613
37153;-101.684646197346;(((((_a5_ * pow2(x)) + (pow2(_a6_) + x)) * x) * _a7_) * _a7_);{'d0': {'_a5_': 1.6029252345195495, '_a6_': 0.9179567551353537, '_a7_': 1.4514213957995243, '_a0_': 1.0, '_a1_': 1.0, '_a2_': 1.0, '_a3_': 1.0, '_a4_': 1.0}};{'d0': 0.024905832919416577};-280.569866449044;38.60028702717613
37154;-101.684646197346;(((((_a5_ * pow2(x)) + (pow2(_a6_) + x)) * x) * _a7_) * _a7_);{'d0': {'_a5_': 1.6029252345195495, '_a6_': 0.9179567551353537, '_a7_': 1.4514213957995243, '_a0_': 1.0, '_a1_': 1.0, '_a2_': 1.0, '_a3_': 1.0, '_a4_': 1.0}};{'d0': 0.024905832919416577};-280.569866449044;38.60028702717613
37155;-101.684646197346;(((((_a5_ * pow2(x)) + (pow2(_a6_) + x)) * x) * _a7_) * _a7_);{'d0': {'_a5_': 1.6029252345195495, '_a6_': 0.9179567551353537, '_a7_': 1.4514213957995243, '_a0_': 1.0, '_a1_': 1.0, '_a2_': 1.0, '_a3_': 1.0, '_a4_': 1.0}};{'d0': 0.024905832919416577};-280.569866449044;38.60028702717613
37156;-101.684646197346;(((((_a5_ * pow2(x)) + (pow2(_a6_) + x)) * x) * _a7_) * _a7_);{'d0': {'_a5_': 1.6029252345195495, '_a6_': 0.9179567551353537, '_a7_': 1.4514213957995243, '_a0_': 1.0, '_a1_': 1.0, '_a2_': 1.0, '_a3_': 1.0, '_a4_': 1.0}};{'d0': 0.024905832919416577};-280.569866449044;38.60028702717613
37157;-101.684646197346;(((((_a5_ * pow2(x)) + (pow2(_a6_) + x)) * x) * _a7_) * _a7_);{'d0': {'_a5_': 1.6029252345195495, '_a6_': 0.9179567551353537, '_a7_': 1.4514213957995243, '_a0_': 1.0, '_a1_': 1.0, '_a2_': 1.0, '_a3_': 1.0, '_a4_': 1.0}};{'d0': 0.024905832919416577};-280.569866449044;38.60028702717613
37158;-101.684646197346;(((((_a5_ * pow2(x)) + (pow2(_a6_) + x)) * x) * _a7_) * _a7_);{'d0': {'_a5_': 1.6029252345195495, '_a6_': 0.9179567551353537, '_a7_': 1.4514213957995243, '_a0_': 1.0, '_a1_': 1.0, '_a2_': 1.0, '_a3_': 1.0, '_a4_': 1.0}};{'d0': 0.024905832919416577};-280.569866449044;38.60028702717613
37159;-101.684646197346;(((((_a5_ * pow2(x)) + (pow2(_a6_) + x)) * x) * _a7_) * _a7_);{'d0': {'_a5_': 1.6029252345195495, '_a6_': 0.9179567551353537, '_a7_': 1.4514213957995243, '_a0_': 1.0, '_a1_': 1.0, '_a2_': 1.0, '_a3_': 1.0, '_a4_': 1.0}};{'d0': 0.024905832919416577};-280.569866449044;38.60028702717613
37160;-101.684646197346;(((((_a5_ * pow2(x)) + (pow2(_a6_) + x)) * x) * _a7_) * _a7_);{'d0': {'_a5_': 1.6029252345195495, '_a6_': 0.9179567551353537, '_a7_': 1.4514213957995243, '_a0_': 1.0, '_a1_': 1.0, '_a2_': 1.0, '_a3_': 1.0, '_a4_': 1.0}};{'d0': 0.024905832919416577};-280.569866449044;38.60028702717613
37161;-101.684646197346;(((((_a5_ * pow2(x)) + (pow2(_a6_) + x)) * x) * _a5_) * _a7_);{'d0': {'_a5_': 1.602925234778304, '_a6_': 0.9179567551402129, '_a7_': 1.3142372595363154, '_a0_': 1.0, '_a1_': 1.0, '_a2_': 1.0, '_a3_': 1.0, '_a4_': 1.0}};{'d0': 0.024905832919416584};-280.569866449044;38.60028702717613
37162;-101.684646197346;(((((_a5_ * pow2(x)) + (pow2(_a6_) + x)) * x) * _a5_) * _a7_);{'d0': {'_a5_': 1.602925234778304, '_a6_': 0.9179567551402129, '_a7_': 1.3142372595363154, '_a0_': 1.0, '_a1_': 1.0, '_a2_': 1.0, '_a3_': 1.0, '_a4_': 1.0}};{'d0': 0.024905832919416584};-280.569866449044;38.60028702717613
37163;-101.684646197346;(((((_a5_ * pow2(x)) + (pow2(_a6_) + x)) * x) * _a5_) * _a3_);{'d0': {'_a3_': 1.3142372603109498, '_a5_': 1.602925234439631, '_a6_': 0.9179567550243192, '_a0_': 1.0, '_a1_': 1.0, '_a2_': 1.0, '_a4_': 1.0, '_a7_': 1.0}};{'d0': 0.02490583291941668};-280.569866449043;38.60028702717613
37164;-101.684646197346;(((((_a5_ * pow2(x)) + (pow2(_a6_) + x)) * x) * _a5_) * _a3_);{'d0': {'_a3_': 1.3142372603109498, '_a5_': 1.602925234439631, '_a6_': 0.9179567550243192, '_a0_': 1.0, '_a1_': 1.0, '_a2_': 1.0, '_a4_': 1.0, '_a7_': 1.0}};{'d0': 0.02490583291941668};-280.569866449043;38.60028702717613
37165;-101.684646197346;(((((_a5_ * pow2(x)) + (pow2(_a6_) + x)) * x) * _a5_) * _a3_);{'d0': {'_a3_': 1.3142372603109498, '_a5_': 1.602925234439631, '_a6_': 0.9179567550243192, '_a0_': 1.0, '_a1_': 1.0, '_a2_': 1.0, '_a4_': 1.0, '_a7_': 1.0}};{'d0': 0.02490583291941668};-280.569866449043;38.60028702717613
37166;-101.684646197346;(((((_a5_ * pow2(x)) + (pow2(_a6_) + x)) * x) * _a5_) * _a3_);{'d0': {'_a3_': 1.3142372603109498, '_a5_': 1.602925234439631, '_a6_': 0.9179567550243192, '_a0_': 1.0, '_a1_': 1.0, '_a2_': 1.0, '_a4_': 1.0, '_a7_': 1.0}};{'d0': 0.02490583291941668};-280.569866449043;38.60028702717613
37167;-101.684646197346;(((((_a5_ * pow2(x)) + (pow2(_a6_) + x)) * x) * _a5_) * _a3_);{'d0': {'_a3_': 1.3142372603109498, '_a5_': 1.602925234439631, '_a6_': 0.9179567550243192, '_a0_': 1.0, '_a1_': 1.0, '_a2_': 1.0, '_a4_': 1.0, '_a7_': 1.0}};{'d0': 0.02490583291941668};-280.569866449043;38.60028702717613
37168;-101.684646197346;(((((_a5_ * pow2(x)) + (pow2(_a6_) + x)) * x) * _a5_) * _a3_);{'d0': {'_a3_': 1.3142372603109498, '_a5_': 1.602925234439631, '_a6_': 0.9179567550243192, '_a0_': 1.0, '_a1_': 1.0, '_a2_': 1.0, '_a4_': 1.0, '_a7_': 1.0}};{'d0': 0.02490583291941668};-280.569866449043;38.60028702717613
37169;-96.6984185322653;((((-(_a4_) * -(_a4_)) + ((_a7_ * x) * x)) + (_a1_ * x)) * x);{'d0': {'_a1_': 2.1066240671115155, '_a4_': -1.3323420748619557, '_a7_': 3.3767608769556863, '_a0_': 1.0, '_a2_': 1.0, '_a3_': 1.0, '_a5_': 1.0, '_a6_': 1.0}};{'d0': 0.024905832919416615};-280.569866449044;43.5865146922566
37170;-96.6984185322653;((((-(_a4_) * -(_a4_)) + ((_a7_ * x) * x)) + (_a1_ * x)) * x);{'d0': {'_a1_': 2.1066240671115155, '_a4_': -1.3323420748619557, '_a7_': 3.3767608769556863, '_a0_': 1.0, '_a2_': 1.0, '_a3_': 1.0, '_a5_': 1.0, '_a6_': 1.0}};{'d0': 0.024905832919416615};-280.569866449044;43.5865146922566
37171;-96.6984185322653;((((-(_a4_) * -(_a4_)) + ((_a7_ * x) * x)) + (_a1_ * x)) * x);{'d0': {'_a1_': 2.1066240671115155, '_a4_': -1.3323420748619557, '_a7_': 3.3767608769556863, '_a0_': 1.0, '_a2_': 1.0, '_a3_': 1.0, '_a5_': 1.0, '_a6_': 1.0}};{'d0': 0.024905832919416615};-280.569866449044;43.5865146922566
37172;-96.6984185322653;((((-(_a4_) * -(_a4_)) + ((_a7_ * x) * x)) + (_a1_ * x)) * x);{'d0': {'_a1_': 2.1066240671115155, '_a4_': -1.3323420748619557, '_a7_': 3.3767608769556863, '_a0_': 1.0, '_a2_': 1.0, '_a3_': 1.0, '_a5_': 1.0, '_a6_': 1.0}};{'d0': 0.024905832919416615};-280.569866449044;43.5865146922566
37173;-96.6984185322653;((((-(_a4_) * -(_a4_)) + ((_a7_ * x) * x)) + (_a1_ * x)) * x);{'d0': {'_a1_': 2.1066240671115155, '_a4_': -1.3323420748619557, '_a7_': 3.3767608769556863, '_a0_': 1.0, '_a2_': 1.0, '_a3_': 1.0, '_a5_': 1.0, '_a6_': 1.0}};{'d0': 0.024905832919416615};-280.569866449044;43.5865146922566
37174;-96.6984185322653;((((-(_a4_) * -(_a4_)) + ((_a7_ * x) * x)) + (_a1_ * x)) * x);{'d0': {'_a1_': 2.1066240671115155, '_a4_': -1.3323420748619557, '_a7_': 3.3767608769556863, '_a0_': 1.0, '_a2_': 1.0, '_a3_': 1.0, '_a5_': 1.0, '_a6_': 1.0}};{'d0': 0.024905832919416615};-280.569866449044;43.5865146922566
37175;-96.6984185322653;((((-(_a4_) * -(_a4_)) + ((_a7_ * x) * x)) + (_a1_ * x)) * x);{'d0': {'_a1_': 2.1066240671115155, '_a4_': -1.3323420748619557, '_a7_': 3.3767608769556863, '_a0_': 1.0, '_a2_': 1.0, '_a3_': 1.0, '_a5_': 1.0, '_a6_': 1.0}};{'d0': 0.024905832919416615};-280.569866449044;43.5865146922566
37176;-96.6984185322653;((((-(_a4_) * -(_a4_)) + ((_a7_ * x) * x)) + (_a1_ * x)) * x);{'d0': {'_a1_': 2.1066240671115155, '_a4_': -1.3323420748619557, '_a7_': 3.3767608769556863, '_a0_': 1.0, '_a2_': 1.0, '_a3_': 1.0, '_a5_': 1.0, '_a6_': 1.0}};{'d0': 0.024905832919416615};-280.569866449044;43.5865146922566
37177;-96.6984185322653;((((-(_a4_) * -(_a4_)) + ((_a7_ * x) * x)) + (_a1_ * x)) * x);{'d0': {'_a1_': 2.1066240671115155, '_a4_': -1.3323420748619557, '_a7_': 3.3767608769556863, '_a0_': 1.0, '_a2_': 1.0, '_a3_': 1.0, '_a5_': 1.0, '_a6_': 1.0}};{'d0': 0.024905832919416615};-280.569866449044;43.5865146922566
37178;-96.6984185322653;((((-(_a4_) * -(_a4_)) + ((_a7_ * x) * x)) + (_a1_ * x)) * x);{'d0': {'_a1_': 2.1066240671115155, '_a4_': -1.3323420748619557, '_a7_': 3.3767608769556863, '_a0_': 1.0, '_a2_': 1.0, '_a3_': 1.0, '_a5_': 1.0, '_a6_': 1.0}};{'d0': 0.024905832919416615};-280.569866449044;43.5865146922566
37179;-96.6984185322653;((((-(_a4_) * -(_a4_)) + ((_a7_ * x) * x)) + (_a1_ * x)) * x);{'d0': {'_a1_': 2.1066240671115155, '_a4_': -1.3323420748619557, '_a7_': 3.3767608769556863, '_a0_': 1.0, '_a2_': 1.0, '_a3_': 1.0, '_a5_': 1.0, '_a6_': 1.0}};{'d0': 0.024905832919416615};-280.569866449044;43.5865146922566
37180;-96.6984185322653;((((-(_a4_) * -(_a4_)) + ((_a7_ * x) * x)) + (_a1_ * x)) * x);{'d0': {'_a1_': 2.1066240671115155, '_a4_': -1.3323420748619557, '_a7_': 3.3767608769556863, '_a0_': 1.0, '_a2_': 1.0, '_a3_': 1.0, '_a5_': 1.0, '_a6_': 1.0}};{'d0': 0.024905832919416615};-280.569866449044;43.5865146922566
37181;-96.6984185322653;((((-(_a4_) * -(_a4_)) + ((_a7_ * x) * x)) + (_a1_ * x)) * x);{'d0': {'_a1_': 2.1066240671115155, '_a4_': -1.3323420748619557, '_a7_': 3.3767608769556863, '_a0_': 1.0, '_a2_': 1.0, '_a3_': 1.0, '_a5_': 1.0, '_a6_': 1.0}};{'d0': 0.024905832919416615};-280.569866449044;43.5865146922566
37182;-96.6984185322653;((((-(_a4_) * -(_a4_)) + ((_a7_ * x) * x)) + (_a1_ * x)) * x);{'d0': {'_a1_': 2.1066240671115155, '_a4_': -1.3323420748619557, '_a7_': 3.3767608769556863, '_a0_': 1.0, '_a2_': 1.0, '_a3_': 1.0, '_a5_': 1.0, '_a6_': 1.0}};{'d0': 0.024905832919416615};-280.569866449044;43.5865146922566
37183;-96.6984185322653;((((-(_a4_) * -(_a4_)) + ((_a7_ * x) * x)) + (_a1_ * x)) * x);{'d0': {'_a1_': 2.1066240671115155, '_a4_': -1.3323420748619557, '_a7_': 3.3767608769556863, '_a0_': 1.0, '_a2_': 1.0, '_a3_': 1.0, '_a5_': 1.0, '_a6_': 1.0}};{'d0': 0.024905832919416615};-280.569866449044;43.5865146922566
37184;-96.6984185322653;((((-(_a4_) * -(_a4_)) + ((_a7_ * x) * x)) + (_a1_ * x)) * x);{'d0': {'_a1_': 2.1066240671115155, '_a4_': -1.3323420748619557, '_a7_': 3.3767608769556863, '_a0_': 1.0, '_a2_': 1.0, '_a3_': 1.0, '_a5_': 1.0, '_a6_': 1.0}};{'d0': 0.024905832919416615};-280.569866449044;43.5865146922566
37185;-96.6984185322653;((((-(_a4_) * -(_a4_)) + ((_a7_ * x) * x)) + (_a1_ * x)) * x);{'d0': {'_a1_': 2.1066240671115155, '_a4_': -1.3323420748619557, '_a7_': 3.3767608769556863, '_a0_': 1.0, '_a2_': 1.0, '_a3_': 1.0, '_a5_': 1.0, '_a6_': 1.0}};{'d0': 0.024905832919416615};-280.569866449044;43.5865146922566
37186;-96.6984185322653;((((-(_a4_) * -(_a4_)) + ((_a7_ * x) * x)) + (_a1_ * x)) * x);{'d0': {'_a1_': 2.1066240671115155, '_a4_': -1.3323420748619557, '_a7_': 3.3767608769556863, '_a0_': 1.0, '_a2_': 1.0, '_a3_': 1.0, '_a5_': 1.0, '_a6_': 1.0}};{'d0': 0.024905832919416615};-280.569866449044;43.5865146922566
37187;-96.6984185322653;((((-(_a4_) * -(_a4_)) + ((_a7_ * x) * x)) + (_a1_ * x)) * x);{'d0': {'_a1_': 2.1066240671115155, '_a4_': -1.3323420748619557, '_a7_': 3.3767608769556863, '_a0_': 1.0, '_a2_': 1.0, '_a3_': 1.0, '_a5_': 1.0, '_a6_': 1.0}};{'d0': 0.024905832919416615};-280.569866449044;43.5865146922566
37188;-96.6984185322653;((((-(_a4_) * -(_a4_)) + ((_a7_ * x) * x)) + (_a1_ * x)) * x);{'d0': {'_a1_': 2.1066240671115155, '_a4_': -1.3323420748619557, '_a7_': 3.3767608769556863, '_a0_': 1.0, '_a2_': 1.0, '_a3_': 1.0, '_a5_': 1.0, '_a6_': 1.0}};{'d0': 0.024905832919416615};-280.569866449044;43.5865146922566
37189;-96.6984185322653;((((-(_a4_) * -(_a4_)) + ((_a7_ * x) * x)) + (_a1_ * x)) * x);{'d0': {'_a1_': 2.1066240671115155, '_a4_': -1.3323420748619557, '_a7_': 3.3767608769556863, '_a0_': 1.0, '_a2_': 1.0, '_a3_': 1.0, '_a5_': 1.0, '_a6_': 1.0}};{'d0': 0.024905832919416615};-280.569866449044;43.5865146922566
37190;-93.6616878545237;(((((_a5_ * pow2(x)) + ((x + (_a2_ / _a3_)) + x)) * x) * _a5_) * _a3_);{'d0': {'_a2_': 0.5537174680123261, '_a3_': 0.3285593149143561, '_a5_': 3.205850468936908, '_a0_': 1.0, '_a1_': 1.0, '_a4_': 1.0, '_a6_': 1.0, '_a7_': 1.0}};{'d0': 0.024905832919416632};-280.569866449044;46.623245369998536
37191;-92.7738049718334;(((((_a5_ * pow2(x)) + ((x + (_a2_ / _a3_)) + x)) * x) / _a5_) * _a3_);{'d0': {'_a2_': 5.690818667569188, '_a3_': 3.3767608792063393, '_a5_': 3.205850468821773, '_a0_': 1.0, '_a1_': 1.0, '_a4_': 1.0, '_a6_': 1.0, '_a7_': 1.0}};{'d0': 0.024905832919416653};-280.569866449044;47.511128252688735
37192;-92.7738049718334;(((((_a5_ * pow2(x)) + ((x + (_a2_ / _a3_)) + x)) * x) / _a5_) * _a3_);{'d0': {'_a2_': 5.690818667569188, '_a3_': 3.3767608792063393, '_a5_': 3.205850468821773, '_a0_': 1.0, '_a1_': 1.0, '_a4_': 1.0, '_a6_': 1.0, '_a7_': 1.0}};{'d0': 0.024905832919416653};-280.569866449044;47.511128252688735
37193;-92.7738049718334;(((((_a5_ * pow2(x)) + ((x + (_a2_ / _a3_)) + x)) * x) / _a5_) * _a3_);{'d0': {'_a2_': 5.690818667569188, '_a3_': 3.3767608792063393, '_a5_': 3.205850468821773, '_a0_': 1.0, '_a1_': 1.0, '_a4_': 1.0, '_a6_': 1.0, '_a7_': 1.0}};{'d0': 0.024905832919416653};-280.569866449044;47.511128252688735
37194;-92.7738049718334;(((((_a5_ * pow2(x)) + ((x + (_a2_ / _a3_)) + x)) * x) / _a5_) * _a3_);{'d0': {'_a2_': 5.690818667569188, '_a3_': 3.3767608792063393, '_a5_': 3.205850468821773, '_a0_': 1.0, '_a1_': 1.0, '_a4_': 1.0, '_a6_': 1.0, '_a7_': 1.0}};{'d0': 0.024905832919416653};-280.569866449044;47.511128252688735
37195;-92.7738049718334;(((((_a5_ * pow2(x)) + ((x + (_a2_ / _a3_)) + x)) * x) / _a5_) * _a3_);{'d0': {'_a2_': 5.690818667569188, '_a3_': 3.3767608792063393, '_a5_': 3.205850468821773, '_a0_': 1.0, '_a1_': 1.0, '_a4_': 1.0, '_a6_': 1.0, '_a7_': 1.0}};{'d0': 0.024905832919416653};-280.569866449044;47.511128252688735
37196;-92.7738049718334;(((((_a5_ * pow2(x)) + ((x + (_a2_ / _a3_)) + x)) * x) / _a5_) * _a3_);{'d0': {'_a2_': 5.690818667569188, '_a3_': 3.3767608792063393, '_a5_': 3.205850468821773, '_a0_': 1.0, '_a1_': 1.0, '_a4_': 1.0, '_a6_': 1.0, '_a7_': 1.0}};{'d0': 0.024905832919416653};-280.569866449044;47.511128252688735
37197;-92.7738049718334;(((((_a5_ * pow2(x)) + ((x + (_a2_ / _a3_)) + x)) * x) / _a5_) * _a3_);{'d0': {'_a2_': 5.690818667569188, '_a3_': 3.3767608792063393, '_a5_': 3.205850468821773, '_a0_': 1.0, '_a1_': 1.0, '_a4_': 1.0, '_a6_': 1.0, '_a7_': 1.0}};{'d0': 0.024905832919416653};-280.569866449044;47.511128252688735
37198;-92.7738049718334;(((((_a5_ * pow2(x)) + ((x + (_a2_ / _a3_)) + x)) * x) / _a5_) * _a3_);{'d0': {'_a2_': 5.690818667569188, '_a3_': 3.3767608792063393, '_a5_': 3.205850468821773, '_a0_': 1.0, '_a1_': 1.0, '_a4_': 1.0, '_a6_': 1.0, '_a7_': 1.0}};{'d0': 0.024905832919416653};-280.569866449044;47.511128252688735
37199;-92.7738049718334;(((((_a5_ * pow2(x)) + ((x + (_a2_ / _a3_)) + x)) * x) / _a5_) * _a3_);{'d0': {'_a2_': 5.690818667569188, '_a3_': 3.3767608792063393, '_a5_': 3.205850468821773, '_a0_': 1.0, '_a1_': 1.0, '_a4_': 1.0, '_a6_': 1.0, '_a7_': 1.0}};{'d0': 0.024905832919416653};-280.569866449044;47.511128252688735
37200;-92.7738049718334;(((((_a5_ * pow2(x)) + ((x + (_a2_ / _a3_)) + x)) * x) / _a5_) * _a3_);{'d0': {'_a2_': 5.690818667569188, '_a3_': 3.3767608792063393, '_a5_': 3.205850468821773, '_a0_': 1.0, '_a1_': 1.0, '_a4_': 1.0, '_a6_': 1.0, '_a7_': 1.0}};{'d0': 0.024905832919416653};-280.569866449044;47.511128252688735
37201;-92.7738049718334;(((((_a5_ * pow2(x)) + ((x + (_a2_ / _a3_)) + x)) * x) / _a5_) * _a3_);{'d0': {'_a2_': 5.690818667569188, '_a3_': 3.3767608792063393, '_a5_': 3.205850468821773, '_a0_': 1.0, '_a1_': 1.0, '_a4_': 1.0, '_a6_': 1.0, '_a7_': 1.0}};{'d0': 0.024905832919416653};-280.569866449044;47.511128252688735
37202;-93.6616878545237;(((((_a5_ * pow2(x)) + ((x + (_a2_ / _a3_)) + x)) * x) * _a5_) * _a3_);{'d0': {'_a2_': 0.5537174680123261, '_a3_': 0.3285593149143561, '_a5_': 3.205850468936908, '_a0_': 1.0, '_a1_': 1.0, '_a4_': 1.0, '_a6_': 1.0, '_a7_': 1.0}};{'d0': 0.024905832919416632};-280.569866449044;46.623245369998536
37203;-87.8244650463765;(((((_a5_ * pow2(x)) + ((x + ((_a7_ / _a3_) / _a3_)) + x)) * x) * _a5_) * _a3_);{'d0': {'_a3_': 0.32855931497287844, '_a5_': 3.205850469109732, '_a7_': 0.18192903194641888, '_a0_': 1.0, '_a1_': 1.0, '_a2_': 1.0, '_a4_': 1.0, '_a6_': 1.0}};{'d0': 0.024905832919416605};-280.569866449044;52.46046817814573
37204;-87.8244650463765;(((((_a5_ * pow2(x)) + ((x + ((_a7_ / _a3_) / _a3_)) + x)) * x) * _a5_) * _a3_);{'d0': {'_a3_': 0.32855931497287844, '_a5_': 3.205850469109732, '_a7_': 0.18192903194641888, '_a0_': 1.0, '_a1_': 1.0, '_a2_': 1.0, '_a4_': 1.0, '_a6_': 1.0}};{'d0': 0.024905832919416605};-280.569866449044;52.46046817814573
37205;-87.8244650463765;(((((_a5_ * pow2(x)) + ((x + ((_a7_ / _a3_) / _a3_)) + x)) * x) * _a5_) * _a3_);{'d0': {'_a3_': 0.32855931497287844, '_a5_': 3.205850469109732, '_a7_': 0.18192903194641888, '_a0_': 1.0, '_a1_': 1.0, '_a2_': 1.0, '_a4_': 1.0, '_a6_': 1.0}};{'d0': 0.024905832919416605};-280.569866449044;52.46046817814573
37206;-87.8244650463765;(((((_a7_ * pow2(x)) + ((x + ((_a7_ / _a3_) / _a3_)) + x)) * x) * _a5_) * _a3_);{'d0': {'_a3_': 1.3792227460552198, '_a5_': 0.7636997263828222, '_a7_': 3.20585046970889, '_a0_': 1.0, '_a1_': 1.0, '_a2_': 1.0, '_a4_': 1.0, '_a6_': 1.0}};{'d0': 0.024905832919416605};-280.569866449044;52.46046817814573
37207;-87.8244650463765;(((((_a7_ * pow2(x)) + ((x + ((_a7_ / _a3_) / _a3_)) + x)) * x) * _a5_) * _a3_);{'d0': {'_a3_': 1.3792227460552198, '_a5_': 0.7636997263828222, '_a7_': 3.20585046970889, '_a0_': 1.0, '_a1_': 1.0, '_a2_': 1.0, '_a4_': 1.0, '_a6_': 1.0}};{'d0': 0.024905832919416605};-280.569866449044;52.46046817814573
37208;-87.8244650463765;(((((_a7_ * pow2(x)) + ((x + ((_a7_ / _a3_) / _a3_)) + x)) * x) * _a5_) * _a3_);{'d0': {'_a3_': 1.3792227460552198, '_a5_': 0.7636997263828222, '_a7_': 3.20585046970889, '_a0_': 1.0, '_a1_': 1.0, '_a2_': 1.0, '_a4_': 1.0, '_a6_': 1.0}};{'d0': 0.024905832919416605};-280.569866449044;52.46046817814573
37209;-87.8244650463765;(((((_a7_ * pow2(x)) + ((x + ((_a7_ / _a3_) / _a3_)) + x)) * x) * _a5_) * _a3_);{'d0': {'_a3_': 1.3792227460552198, '_a5_': 0.7636997263828222, '_a7_': 3.20585046970889, '_a0_': 1.0, '_a1_': 1.0, '_a2_': 1.0, '_a4_': 1.0, '_a6_': 1.0}};{'d0': 0.024905832919416605};-280.569866449044;52.46046817814573
37210;-87.8244650463764;(((((_a7_ * pow2(x)) + ((x + ((_a5_ / _a3_) / _a3_)) + x)) * x) * _a5_) * _a3_);{'d0': {'_a3_': 0.8549896725358956, '_a5_': 1.2319587809511, '_a7_': 3.205850468545684, '_a0_': 1.0, '_a1_': 1.0, '_a2_': 1.0, '_a4_': 1.0, '_a6_': 1.0}};{'d0': 0.02490583291941665};-280.569866449044;52.46046817814573
37211;-87.8244650463764;(((((_a7_ * pow2(x)) + ((x + ((_a5_ / _a3_) / _a3_)) + x)) * x) * _a5_) * _a3_);{'d0': {'_a3_': 0.8549896725358956, '_a5_': 1.2319587809511, '_a7_': 3.205850468545684, '_a0_': 1.0, '_a1_': 1.0, '_a2_': 1.0, '_a4_': 1.0, '_a6_': 1.0}};{'d0': 0.02490583291941665};-280.569866449044;52.46046817814573
37212;-87.8244650463764;(((((_a7_ * pow2(x)) + ((x + ((_a5_ / _a3_) / _a3_)) + x)) * x) * _a5_) * _a3_);{'d0': {'_a3_': 0.8549896725358956, '_a5_': 1.2319587809511, '_a7_': 3.205850468545684, '_a0_': 1.0, '_a1_': 1.0, '_a2_': 1.0, '_a4_': 1.0, '_a6_': 1.0}};{'d0': 0.02490583291941665};-280.569866449044;52.46046817814573
37213;-87.8244650463764;(((((_a7_ * pow2(x)) + ((x + ((_a5_ / _a3_) / _a3_)) + x)) * x) * _a5_) * _a3_);{'d0': {'_a3_': 0.8549896725358956, '_a5_': 1.2319587809511, '_a7_': 3.205850468545684, '_a0_': 1.0, '_a1_': 1.0, '_a2_': 1.0, '_a4_': 1.0, '_a6_': 1.0}};{'d0': 0.02490583291941665};-280.569866449044;52.46046817814573
37214;-87.8244650463764;(((((_a7_ * pow2(x)) + ((x + ((_a5_ / _a3_) / _a3_)) + x)) * x) * _a5_) * _a3_);{'d0': {'_a3_': 0.8549896725358956, '_a5_': 1.2319587809511, '_a7_': 3.205850468545684, '_a0_': 1.0, '_a1_': 1.0, '_a2_': 1.0, '_a4_': 1.0, '_a6_': 1.0}};{'d0': 0.02490583291941665};-280.569866449044;52.46046817814573
37215;-87.8244650463764;(((((_a7_ * pow2(x)) + ((x + ((_a5_ / _a3_) / _a3_)) + x)) * x) * _a5_) * _a3_);{'d0': {'_a3_': 0.8549896725358956, '_a5_': 1.2319587809511, '_a7_': 3.205850468545684, '_a0_': 1.0, '_a1_': 1.0, '_a2_': 1.0, '_a4_': 1.0, '_a6_': 1.0}};{'d0': 0.02490583291941665};-280.569866449044;52.46046817814573
37216;-87.8244650463764;(((((_a7_ * pow2(x)) + ((x + ((_a5_ / _a3_) / _a3_)) + x)) * x) * _a5_) * _a3_);{'d0': {'_a3_': 0.8549896725358956, '_a5_': 1.2319587809511, '_a7_': 3.205850468545684, '_a0_': 1.0, '_a1_': 1.0, '_a2_': 1.0, '_a4_': 1.0, '_a6_': 1.0}};{'d0': 0.02490583291941665};-280.569866449044;52.46046817814573
37217;-87.8244650463764;(((((_a7_ * pow2(x)) + ((x + ((_a5_ / _a3_) / _a3_)) + x)) * x) * _a5_) * _a3_);{'d0': {'_a3_': 0.8549896725358956, '_a5_': 1.2319587809511, '_a7_': 3.205850468545684, '_a0_': 1.0, '_a1_': 1.0, '_a2_': 1.0, '_a4_': 1.0, '_a6_': 1.0}};{'d0': 0.02490583291941665};-280.569866449044;52.46046817814573
37218;-101.112741812362;(x * ((((_a1_ * x) + (_a3_ * _a7_)) * x) + (_a7_ + _a2_)));{'d0': {'_a1_': 3.3767608800359343, '_a2_': 0.4781474488844228, '_a3_': 1.6242432968112581, '_a7_': 1.29698795452411, '_a0_': 1.0, '_a4_': 1.0, '_a5_': 1.0, '_a6_': 1.0}};{'d0': 0.024905832919468796};-276.475521886696;37.125019130986004
37219;-101.112741812362;(x * ((((_a1_ * x) + (_a3_ * _a7_)) * x) + (_a7_ + _a2_)));{'d0': {'_a1_': 3.3767608800359343, '_a2_': 0.4781474488844228, '_a3_': 1.6242432968112581, '_a7_': 1.29698795452411, '_a0_': 1.0, '_a4_': 1.0, '_a5_': 1.0, '_a6_': 1.0}};{'d0': 0.024905832919468796};-276.475521886696;37.125019130986004
37220;-101.112741812362;(x * ((((_a1_ * x) + (_a3_ * _a7_)) * x) + (_a7_ + _a2_)));{'d0': {'_a1_': 3.3767608800359343, '_a2_': 0.4781474488844228, '_a3_': 1.6242432968112581, '_a7_': 1.29698795452411, '_a0_': 1.0, '_a4_': 1.0, '_a5_': 1.0, '_a6_': 1.0}};{'d0': 0.024905832919468796};-276.475521886696;37.125019130986004
37221;-101.112741812362;(x * ((((_a1_ * x) + (_a3_ * _a7_)) * x) + (_a7_ + _a2_)));{'d0': {'_a1_': 3.3767608800359343, '_a2_': 0.4781474488844228, '_a3_': 1.6242432968112581, '_a7_': 1.29698795452411, '_a0_': 1.0, '_a4_': 1.0, '_a5_': 1.0, '_a6_': 1.0}};{'d0': 0.024905832919468796};-276.475521886696;37.125019130986004
37222;-101.112741812362;(x * ((((_a1_ * x) + (_a3_ * _a7_)) * x) + (_a7_ + _a2_)));{'d0': {'_a1_': 3.3767608800359343, '_a2_': 0.4781474488844228, '_a3_': 1.6242432968112581, '_a7_': 1.29698795452411, '_a0_': 1.0, '_a4_': 1.0, '_a5_': 1.0, '_a6_': 1.0}};{'d0': 0.024905832919468796};-276.475521886696;37.125019130986004
37223;-101.112741812362;(x * ((((_a1_ * x) + (_a3_ * _a7_)) * x) + (_a7_ + _a2_)));{'d0': {'_a1_': 3.3767608800359343, '_a2_': 0.4781474488844228, '_a3_': 1.6242432968112581, '_a7_': 1.29698795452411, '_a0_': 1.0, '_a4_': 1.0, '_a5_': 1.0, '_a6_': 1.0}};{'d0': 0.024905832919468796};-276.475521886696;37.125019130986004
37224;-101.112741812362;(x * ((((_a1_ * x) + (_a3_ * _a7_)) * x) + (_a7_ + _a2_)));{'d0': {'_a1_': 3.3767608800359343, '_a2_': 0.4781474488844228, '_a3_': 1.6242432968112581, '_a7_': 1.29698795452411, '_a0_': 1.0, '_a4_': 1.0, '_a5_': 1.0, '_a6_': 1.0}};{'d0': 0.024905832919468796};-276.475521886696;37.125019130986004
37225;-101.112741812362;(x * ((((_a1_ * x) + (_a3_ * _a7_)) * x) + (_a7_ + _a2_)));{'d0': {'_a1_': 3.3767608800359343, '_a2_': 0.4781474488844228, '_a3_': 1.6242432968112581, '_a7_': 1.29698795452411, '_a0_': 1.0, '_a4_': 1.0, '_a5_': 1.0, '_a6_': 1.0}};{'d0': 0.024905832919468796};-276.475521886696;37.125019130986004
37226;-101.112741812362;(x * ((((_a1_ * x) + (_a3_ * _a7_)) * x) + (_a7_ + _a2_)));{'d0': {'_a1_': 3.3767608800359343, '_a2_': 0.4781474488844228, '_a3_': 1.6242432968112581, '_a7_': 1.29698795452411, '_a0_': 1.0, '_a4_': 1.0, '_a5_': 1.0, '_a6_': 1.0}};{'d0': 0.024905832919468796};-276.475521886696;37.125019130986004
37227;-101.112741812362;(x * ((((_a1_ * x) + (_a3_ * _a7_)) * x) + (_a7_ + _a2_)));{'d0': {'_a1_': 3.3767608800359343, '_a2_': 0.4781474488844228, '_a3_': 1.6242432968112581, '_a7_': 1.29698795452411, '_a0_': 1.0, '_a4_': 1.0, '_a5_': 1.0, '_a6_': 1.0}};{'d0': 0.024905832919468796};-276.475521886696;37.125019130986004
37228;-95.3124500459443;(x * ((((_a1_ * x) + (_a3_ * (_a2_ / _a7_))) * x) + (_a7_ + _a2_)));{'d0': {'_a1_': 3.376760879476913, '_a2_': 0.6559318337050328, '_a3_': 3.594491014727006, '_a7_': 1.1192035702882888, '_a0_': 1.0, '_a4_': 1.0, '_a5_': 1.0, '_a6_': 1.0}};{'d0': 0.024905832919481338};-276.475521886666;42.92531089738841
37229;-95.3124500459443;(x * ((((_a1_ * x) + (_a3_ * (_a2_ / _a7_))) * x) + (_a7_ + _a2_)));{'d0': {'_a1_': 3.376760879476913, '_a2_': 0.6559318337050328, '_a3_': 3.594491014727006, '_a7_': 1.1192035702882888, '_a0_': 1.0, '_a4_': 1.0, '_a5_': 1.0, '_a6_': 1.0}};{'d0': 0.024905832919481338};-276.475521886666;42.92531089738841
37230;-95.3124500459443;(x * ((((_a1_ * x) + (_a3_ * (_a2_ / _a7_))) * x) + (_a7_ + _a2_)));{'d0': {'_a1_': 3.376760879476913, '_a2_': 0.6559318337050328, '_a3_': 3.594491014727006, '_a7_': 1.1192035702882888, '_a0_': 1.0, '_a4_': 1.0, '_a5_': 1.0, '_a6_': 1.0}};{'d0': 0.024905832919481338};-276.475521886666;42.92531089738841
37231;-95.3124500459443;(x * ((((_a1_ * x) + (_a3_ * (_a2_ / _a7_))) * x) + (_a7_ + _a2_)));{'d0': {'_a1_': 3.376760879476913, '_a2_': 0.6559318337050328, '_a3_': 3.594491014727006, '_a7_': 1.1192035702882888, '_a0_': 1.0, '_a4_': 1.0, '_a5_': 1.0, '_a6_': 1.0}};{'d0': 0.024905832919481338};-276.475521886666;42.92531089738841
37232;-87.8244650463764;(((((_a7_ * pow2(x)) + ((x + ((_a5_ / _a3_) / _a3_)) + x)) * x) * _a5_) * _a3_);{'d0': {'_a3_': 0.8549896725358956, '_a5_': 1.2319587809511, '_a7_': 3.205850468545684, '_a0_': 1.0, '_a1_': 1.0, '_a2_': 1.0, '_a4_': 1.0, '_a6_': 1.0}};{'d0': 0.02490583291941665};-280.569866449044;52.46046817814573
37233;-95.3124500410267;(x * ((((_a1_ * x) + (_a3_ * (_a3_ / _a7_))) * x) + (_a7_ + _a2_)));{'d0': {'_a1_': 3.3767608789013908, '_a2_': 0.5379135866069389, '_a3_': 1.614423151568084, '_a7_': 1.2372218177483718, '_a0_': 1.0, '_a4_': 1.0, '_a5_': 1.0, '_a6_': 1.0}};{'d0': 0.02490583292356397};-276.475521876830;42.92531089738841
37234;-95.3124500410267;(x * ((((_a1_ * x) + (_a3_ * (_a3_ / _a7_))) * x) + (_a7_ + _a2_)));{'d0': {'_a1_': 3.3767608789013908, '_a2_': 0.5379135866069389, '_a3_': 1.614423151568084, '_a7_': 1.2372218177483718, '_a0_': 1.0, '_a4_': 1.0, '_a5_': 1.0, '_a6_': 1.0}};{'d0': 0.02490583292356397};-276.475521876830;42.92531089738841
37235;-95.3124500410267;(x * ((((_a1_ * x) + (_a3_ * (_a3_ / _a7_))) * x) + (_a7_ + _a2_)));{'d0': {'_a1_': 3.3767608789013908, '_a2_': 0.5379135866069389, '_a3_': 1.614423151568084, '_a7_': 1.2372218177483718, '_a0_': 1.0, '_a4_': 1.0, '_a5_': 1.0, '_a6_': 1.0}};{'d0': 0.02490583292356397};-276.475521876830;42.92531089738841
37236;-95.3124500410267;(x * ((((_a1_ * x) + (_a3_ * (_a3_ / _a7_))) * x) + (_a7_ + _a2_)));{'d0': {'_a1_': 3.3767608789013908, '_a2_': 0.5379135866069389, '_a3_': 1.614423151568084, '_a7_': 1.2372218177483718, '_a0_': 1.0, '_a4_': 1.0, '_a5_': 1.0, '_a6_': 1.0}};{'d0': 0.02490583292356397};-276.475521876830;42.92531089738841
37237;-87.8244650463764;(((((_a7_ * pow2(x)) + ((x + ((_a5_ / _a3_) / _a3_)) + x)) * x) * _a5_) * _a3_);{'d0': {'_a3_': 0.8549896725358956, '_a5_': 1.2319587809511, '_a7_': 3.205850468545684, '_a0_': 1.0, '_a1_': 1.0, '_a2_': 1.0, '_a4_': 1.0, '_a6_': 1.0}};{'d0': 0.02490583291941665};-280.569866449044;52.46046817814573
37238;-93.6616878545237;(((((_a7_ * pow2(x)) + ((x + (_a7_ / _a3_)) + x)) * x) * _a5_) * _a3_);{'d0': {'_a3_': 1.902255381773949, '_a5_': 0.5537174681411532, '_a7_': 3.205850468629583, '_a0_': 1.0, '_a1_': 1.0, '_a2_': 1.0, '_a4_': 1.0, '_a6_': 1.0}};{'d0': 0.024905832919416608};-280.569866449044;46.62324536999853
37239;-93.6616878545237;(((((_a7_ * pow2(x)) + ((x + (_a7_ / _a3_)) + x)) * x) * _a5_) * _a3_);{'d0': {'_a3_': 1.902255381773949, '_a5_': 0.5537174681411532, '_a7_': 3.205850468629583, '_a0_': 1.0, '_a1_': 1.0, '_a2_': 1.0, '_a4_': 1.0, '_a6_': 1.0}};{'d0': 0.024905832919416608};-280.569866449044;46.62324536999853
37240;-93.6616878545237;(((((_a7_ * pow2(x)) + ((x + (_a7_ / _a3_)) + x)) * x) * _a5_) * _a3_);{'d0': {'_a3_': 1.902255381773949, '_a5_': 0.5537174681411532, '_a7_': 3.205850468629583, '_a0_': 1.0, '_a1_': 1.0, '_a2_': 1.0, '_a4_': 1.0, '_a6_': 1.0}};{'d0': 0.024905832919416608};-280.569866449044;46.62324536999853
37241;-93.6616878545237;(((((_a7_ * pow2(x)) + ((x + (_a7_ / _a3_)) + x)) * x) * _a5_) * _a3_);{'d0': {'_a3_': 1.902255381773949, '_a5_': 0.5537174681411532, '_a7_': 3.205850468629583, '_a0_': 1.0, '_a1_': 1.0, '_a2_': 1.0, '_a4_': 1.0, '_a6_': 1.0}};{'d0': 0.024905832919416608};-280.569866449044;46.62324536999853
37242;-93.6616878545237;(((((_a7_ * pow2(x)) + ((x + (_a7_ / _a3_)) + x)) * x) * _a5_) * _a3_);{'d0': {'_a3_': 1.902255381773949, '_a5_': 0.5537174681411532, '_a7_': 3.205850468629583, '_a0_': 1.0, '_a1_': 1.0, '_a2_': 1.0, '_a4_': 1.0, '_a6_': 1.0}};{'d0': 0.024905832919416608};-280.569866449044;46.62324536999853
37243;-93.6616878545237;(((((_a7_ * pow2(x)) + ((x + (_a7_ / _a3_)) + x)) * x) * _a5_) * _a3_);{'d0': {'_a3_': 1.902255381773949, '_a5_': 0.5537174681411532, '_a7_': 3.205850468629583, '_a0_': 1.0, '_a1_': 1.0, '_a2_': 1.0, '_a4_': 1.0, '_a6_': 1.0}};{'d0': 0.024905832919416608};-280.569866449044;46.62324536999853
37244;-94.4491934652323;(x * ((((_a1_ * x) + (_a3_ * (_a3_ ** _a7_))) * x) + (_a7_ + _a2_)));{'d0': {'_a1_': 3.376760885942516, '_a2_': 1.5748655957634616, '_a3_': 1.860352309858073, '_a7_': 0.2002698085044535, '_a0_': 1.0, '_a4_': 1.0, '_a5_': 1.0, '_a6_': 1.0}};{'d0': 0.024905832920323553};-276.475521884637;43.788567477086005
37245;-94.4491934652323;(x * ((((_a1_ * x) + (_a3_ * (_a3_ ** _a7_))) * x) + (_a7_ + _a2_)));{'d0': {'_a1_': 3.376760885942516, '_a2_': 1.5748655957634616, '_a3_': 1.860352309858073, '_a7_': 0.2002698085044535, '_a0_': 1.0, '_a4_': 1.0, '_a5_': 1.0, '_a6_': 1.0}};{'d0': 0.024905832920323553};-276.475521884637;43.788567477086005
37246;-94.4491934652323;(x * ((((_a1_ * x) + (_a3_ * (_a3_ ** _a7_))) * x) + (_a7_ + _a2_)));{'d0': {'_a1_': 3.376760885942516, '_a2_': 1.5748655957634616, '_a3_': 1.860352309858073, '_a7_': 0.2002698085044535, '_a0_': 1.0, '_a4_': 1.0, '_a5_': 1.0, '_a6_': 1.0}};{'d0': 0.024905832920323553};-276.475521884637;43.788567477086005
37247;-94.4491934652323;(x * ((((_a1_ * x) + (_a3_ * (_a3_ ** _a7_))) * x) + (_a7_ + _a2_)));{'d0': {'_a1_': 3.376760885942516, '_a2_': 1.5748655957634616, '_a3_': 1.860352309858073, '_a7_': 0.2002698085044535, '_a0_': 1.0, '_a4_': 1.0, '_a5_': 1.0, '_a6_': 1.0}};{'d0': 0.024905832920323553};-276.475521884637;43.788567477086005
37248;-94.4491934652323;(x * ((((_a1_ * x) + (_a3_ * (_a3_ ** _a7_))) * x) + (_a7_ + _a2_)));{'d0': {'_a1_': 3.376760885942516, '_a2_': 1.5748655957634616, '_a3_': 1.860352309858073, '_a7_': 0.2002698085044535, '_a0_': 1.0, '_a4_': 1.0, '_a5_': 1.0, '_a6_': 1.0}};{'d0': 0.024905832920323553};-276.475521884637;43.788567477086005
37249;-94.4491934652323;(x * ((((_a1_ * x) + (_a3_ * (_a3_ ** _a7_))) * x) + (_a7_ + _a2_)));{'d0': {'_a1_': 3.376760885942516, '_a2_': 1.5748655957634616, '_a3_': 1.860352309858073, '_a7_': 0.2002698085044535, '_a0_': 1.0, '_a4_': 1.0, '_a5_': 1.0, '_a6_': 1.0}};{'d0': 0.024905832920323553};-276.475521884637;43.788567477086005
37250;-93.6616878545237;(((((_a7_ * pow2(x)) + ((x + (_a7_ / _a3_)) + x)) * x) * _a5_) * _a3_);{'d0': {'_a3_': 1.902255381773949, '_a5_': 0.5537174681411532, '_a7_': 3.205850468629583, '_a0_': 1.0, '_a1_': 1.0, '_a2_': 1.0, '_a4_': 1.0, '_a6_': 1.0}};{'d0': 0.024905832919416608};-280.569866449044;46.62324536999853
37251;-93.6616878545237;(((((_a7_ * pow2(x)) + ((x + (_a7_ / _a3_)) + x)) * x) * _a5_) * _a3_);{'d0': {'_a3_': 1.902255381773949, '_a5_': 0.5537174681411532, '_a7_': 3.205850468629583, '_a0_': 1.0, '_a1_': 1.0, '_a2_': 1.0, '_a4_': 1.0, '_a6_': 1.0}};{'d0': 0.024905832919416608};-280.569866449044;46.62324536999853
37252;-93.6616878545237;(((((_a7_ * pow2(x)) + ((x + (_a7_ / _a3_)) + x)) * x) * _a5_) * _a3_);{'d0': {'_a3_': 1.902255381773949, '_a5_': 0.5537174681411532, '_a7_': 3.205850468629583, '_a0_': 1.0, '_a1_': 1.0, '_a2_': 1.0, '_a4_': 1.0, '_a6_': 1.0}};{'d0': 0.024905832919416608};-280.569866449044;46.62324536999853
37253;-93.6616878545237;(((((_a7_ * pow2(x)) + ((x + (_a7_ / _a3_)) + x)) * x) * _a5_) * _a3_);{'d0': {'_a3_': 1.902255381773949, '_a5_': 0.5537174681411532, '_a7_': 3.205850468629583, '_a0_': 1.0, '_a1_': 1.0, '_a2_': 1.0, '_a4_': 1.0, '_a6_': 1.0}};{'d0': 0.024905832919416608};-280.569866449044;46.62324536999853
37254;-93.6616878545237;(((((_a7_ * pow2(x)) + ((x + (_a7_ / _a3_)) + x)) * x) * _a5_) * _a3_);{'d0': {'_a3_': 1.902255381773949, '_a5_': 0.5537174681411532, '_a7_': 3.205850468629583, '_a0_': 1.0, '_a1_': 1.0, '_a2_': 1.0, '_a4_': 1.0, '_a6_': 1.0}};{'d0': 0.024905832919416608};-280.569866449044;46.62324536999853
37255;-101.112741807150;(x * ((((_a1_ * x) + (_a3_ * _a1_)) * x) + (_a7_ + _a2_)));{'d0': {'_a1_': 3.3767608485227183, '_a2_': -1205.9253936725345, '_a3_': 0.6238594163579326, '_a7_': 1207.700528549899, '_a0_': 1.0, '_a4_': 1.0, '_a5_': 1.0, '_a6_': 1.0}};{'d0': 0.02490583292379564};-276.475521876272;37.125019130986004
37256;-101.112741807150;(x * ((((_a1_ * x) + (_a3_ * _a1_)) * x) + (_a7_ + _a2_)));{'d0': {'_a1_': 3.3767608485227183, '_a2_': -1205.9253936725345, '_a3_': 0.6238594163579326, '_a7_': 1207.700528549899, '_a0_': 1.0, '_a4_': 1.0, '_a5_': 1.0, '_a6_': 1.0}};{'d0': 0.02490583292379564};-276.475521876272;37.125019130986004
37257;-93.6616878545237;(((((_a7_ * pow2(x)) + ((x + (_a7_ / _a3_)) + x)) * x) * _a5_) * _a3_);{'d0': {'_a3_': 1.902255381773949, '_a5_': 0.5537174681411532, '_a7_': 3.205850468629583, '_a0_': 1.0, '_a1_': 1.0, '_a2_': 1.0, '_a4_': 1.0, '_a6_': 1.0}};{'d0': 0.024905832919416608};-280.569866449044;46.62324536999853
37258;-93.6616878545237;(((((_a7_ * pow2(x)) + ((x + (_a7_ / _a3_)) + x)) * x) * _a5_) * _a3_);{'d0': {'_a3_': 1.902255381773949, '_a5_': 0.5537174681411532, '_a7_': 3.205850468629583, '_a0_': 1.0, '_a1_': 1.0, '_a2_': 1.0, '_a4_': 1.0, '_a6_': 1.0}};{'d0': 0.024905832919416608};-280.569866449044;46.62324536999853
37259;-93.6616878545237;(((((_a7_ * pow2(x)) + ((x + (_a7_ / _a3_)) + x)) * x) * _a5_) * _a3_);{'d0': {'_a3_': 1.902255381773949, '_a5_': 0.5537174681411532, '_a7_': 3.205850468629583, '_a0_': 1.0, '_a1_': 1.0, '_a2_': 1.0, '_a4_': 1.0, '_a6_': 1.0}};{'d0': 0.024905832919416608};-280.569866449044;46.62324536999853
37260;-101.112741807150;(x * ((((_a1_ * x) + (_a3_ * _a1_)) * x) + (_a7_ + _a2_)));{'d0': {'_a1_': 3.3767608485227183, '_a2_': -1205.9253936725345, '_a3_': 0.6238594163579326, '_a7_': 1207.700528549899, '_a0_': 1.0, '_a4_': 1.0, '_a5_': 1.0, '_a6_': 1.0}};{'d0': 0.02490583292379564};-276.475521876272;37.125019130986004
37261;-101.112741807150;(x * ((((_a1_ * x) + (_a3_ * _a1_)) * x) + (_a7_ + _a2_)));{'d0': {'_a1_': 3.3767608485227183, '_a2_': -1205.9253936725345, '_a3_': 0.6238594163579326, '_a7_': 1207.700528549899, '_a0_': 1.0, '_a4_': 1.0, '_a5_': 1.0, '_a6_': 1.0}};{'d0': 0.02490583292379564};-276.475521876272;37.125019130986004
37262;-93.6616878545237;(((((_a7_ * pow2(x)) + ((x + (_a7_ / _a3_)) + x)) * x) * _a5_) * _a3_);{'d0': {'_a3_': 1.902255381773949, '_a5_': 0.5537174681411532, '_a7_': 3.205850468629583, '_a0_': 1.0, '_a1_': 1.0, '_a2_': 1.0, '_a4_': 1.0, '_a6_': 1.0}};{'d0': 0.024905832919416608};-280.569866449044;46.62324536999853
37263;-93.6616878545237;(((((_a7_ * pow2(x)) + ((x + (_a7_ / _a3_)) + x)) * x) * _a5_) * _a3_);{'d0': {'_a3_': 1.902255381773949, '_a5_': 0.5537174681411532, '_a7_': 3.205850468629583, '_a0_': 1.0, '_a1_': 1.0, '_a2_': 1.0, '_a4_': 1.0, '_a6_': 1.0}};{'d0': 0.024905832919416608};-280.569866449044;46.62324536999853
37264;-93.6616878545237;(((((_a7_ * pow2(x)) + ((x + (_a7_ / _a3_)) + x)) * x) * _a5_) * _a3_);{'d0': {'_a3_': 1.902255381773949, '_a5_': 0.5537174681411532, '_a7_': 3.205850468629583, '_a0_': 1.0, '_a1_': 1.0, '_a2_': 1.0, '_a4_': 1.0, '_a6_': 1.0}};{'d0': 0.024905832919416608};-280.569866449044;46.62324536999853
37265;-96.0910445991977;(x * ((((_a1_ * x) + (_a3_ * _a1_)) * x) + ((_a2_ * _a6_) + _a2_)));{'d0': {'_a1_': 3.376760879314358, '_a2_': -18.713191892806936, '_a3_': 0.6238594155624277, '_a6_': -1.0948600930688743, '_a0_': 1.0, '_a4_': 1.0, '_a5_': 1.0, '_a7_': 1.0}};{'d0': 0.0249058329206187};-276.475521883926;42.146716342765004
37266;-96.0910445991977;(x * ((((_a1_ * x) + (_a3_ * _a1_)) * x) + ((_a2_ * _a6_) + _a2_)));{'d0': {'_a1_': 3.376760879314358, '_a2_': -18.713191892806936, '_a3_': 0.6238594155624277, '_a6_': -1.0948600930688743, '_a0_': 1.0, '_a4_': 1.0, '_a5_': 1.0, '_a7_': 1.0}};{'d0': 0.0249058329206187};-276.475521883926;42.146716342765004
37267;-93.6616878545237;(((((_a7_ * pow2(x)) + ((x + (_a7_ / _a3_)) + x)) * x) * _a5_) * _a3_);{'d0': {'_a3_': 1.902255381773949, '_a5_': 0.5537174681411532, '_a7_': 3.205850468629583, '_a0_': 1.0, '_a1_': 1.0, '_a2_': 1.0, '_a4_': 1.0, '_a6_': 1.0}};{'d0': 0.024905832919416608};-280.569866449044;46.62324536999853
37268;-93.6616878545237;(((((_a7_ * pow2(x)) + ((x + (_a7_ / _a3_)) + x)) * x) * _a5_) * _a3_);{'d0': {'_a3_': 1.902255381773949, '_a5_': 0.5537174681411532, '_a7_': 3.205850468629583, '_a0_': 1.0, '_a1_': 1.0, '_a2_': 1.0, '_a4_': 1.0, '_a6_': 1.0}};{'d0': 0.024905832919416608};-280.569866449044;46.62324536999853
37269;-93.6616878545238;(((((_a3_ * pow2(x)) + ((x + (_a7_ / _a3_)) + x)) * x) * _a5_) * _a3_);{'d0': {'_a3_': 3.2058504693912084, '_a5_': 0.3285593147973033, '_a7_': 5.402785203068171, '_a0_': 1.0, '_a1_': 1.0, '_a2_': 1.0, '_a4_': 1.0, '_a6_': 1.0}};{'d0': 0.02490583291941657};-280.569866449044;46.62324536999853
37270;-93.6616878545238;(((((_a3_ * pow2(x)) + ((x + (_a7_ / _a3_)) + x)) * x) * _a5_) * _a3_);{'d0': {'_a3_': 3.2058504693912084, '_a5_': 0.3285593147973033, '_a7_': 5.402785203068171, '_a0_': 1.0, '_a1_': 1.0, '_a2_': 1.0, '_a4_': 1.0, '_a6_': 1.0}};{'d0': 0.02490583291941657};-280.569866449044;46.62324536999853
37271;-93.6616878545238;(((((_a3_ * pow2(x)) + ((x + (_a7_ / _a3_)) + x)) * x) * _a5_) * _a3_);{'d0': {'_a3_': 3.2058504693912084, '_a5_': 0.3285593147973033, '_a7_': 5.402785203068171, '_a0_': 1.0, '_a1_': 1.0, '_a2_': 1.0, '_a4_': 1.0, '_a6_': 1.0}};{'d0': 0.02490583291941657};-280.569866449044;46.62324536999853
37272;-93.6616878545237;(((((_a3_ * pow2(x)) + ((x + (_a0_ / _a3_)) + x)) * x) * _a5_) * _a3_);{'d0': {'_a0_': 5.402785199064573, '_a3_': 3.205850469205331, '_a5_': 0.3285593150041994, '_a1_': 1.0, '_a2_': 1.0, '_a4_': 1.0, '_a6_': 1.0, '_a7_': 1.0}};{'d0': 0.024905832919416598};-280.569866449044;46.62324536999853
37273;-93.6616878545237;(((((_a3_ * pow2(x)) + ((x + (_a0_ / _a3_)) + x)) * x) * _a5_) * _a3_);{'d0': {'_a0_': 5.402785199064573, '_a3_': 3.205850469205331, '_a5_': 0.3285593150041994, '_a1_': 1.0, '_a2_': 1.0, '_a4_': 1.0, '_a6_': 1.0, '_a7_': 1.0}};{'d0': 0.024905832919416598};-280.569866449044;46.62324536999853
37274;-87.8244650463766;(((((_a3_ * pow2(x)) + (((_a0_ / _a3_) + (_a0_ / _a3_)) + x)) * x) * _a5_) * _a3_);{'d0': {'_a0_': 0.6753481499158495, '_a3_': 1.6029252345746188, '_a5_': 1.3142372599891026, '_a1_': 1.0, '_a2_': 1.0, '_a4_': 1.0, '_a6_': 1.0, '_a7_': 1.0}};{'d0': 0.024905832919416563};-280.569866449044;52.46046817814573
37275;-87.8244650463766;(((((_a3_ * pow2(x)) + (((_a0_ / _a3_) + (_a0_ / _a3_)) + x)) * x) * _a5_) * _a3_);{'d0': {'_a0_': 0.6753481499158495, '_a3_': 1.6029252345746188, '_a5_': 1.3142372599891026, '_a1_': 1.0, '_a2_': 1.0, '_a4_': 1.0, '_a6_': 1.0, '_a7_': 1.0}};{'d0': 0.024905832919416563};-280.569866449044;52.46046817814573
37276;-87.8244650463766;(((((_a3_ * pow2(x)) + (((_a0_ / _a3_) + (_a0_ / _a3_)) + x)) * x) * _a5_) * _a3_);{'d0': {'_a0_': 0.6753481499158495, '_a3_': 1.6029252345746188, '_a5_': 1.3142372599891026, '_a1_': 1.0, '_a2_': 1.0, '_a4_': 1.0, '_a6_': 1.0, '_a7_': 1.0}};{'d0': 0.024905832919416563};-280.569866449044;52.46046817814573
37277;-93.6616878545237;(((((_a3_ * pow2(x)) + (((_a0_ / _a3_) + _a0_) + x)) * x) * _a5_) * _a3_);{'d0': {'_a0_': 0.5189147518809613, '_a3_': 1.6029252355307626, '_a5_': 1.3142372570320595, '_a1_': 1.0, '_a2_': 1.0, '_a4_': 1.0, '_a6_': 1.0, '_a7_': 1.0}};{'d0': 0.024905832919416615};-280.569866449044;46.62324536999853
37278;-99.4619796209261;(((((_a3_ * pow2(x)) + ((_a3_ + _a0_) + x)) * x) * _a5_) * _a3_);{'d0': {'_a0_': -0.7602806306703631, '_a3_': 1.6029252350520464, '_a5_': 1.3142372590309537, '_a1_': 1.0, '_a2_': 1.0, '_a4_': 1.0, '_a6_': 1.0, '_a7_': 1.0}};{'d0': 0.024905832919416643};-280.569866449044;40.822953603596126
37279;-99.4619796209261;(((((_a3_ * pow2(x)) + ((_a3_ + _a0_) + x)) * x) * _a5_) * _a3_);{'d0': {'_a0_': -0.7602806306703631, '_a3_': 1.6029252350520464, '_a5_': 1.3142372590309537, '_a1_': 1.0, '_a2_': 1.0, '_a4_': 1.0, '_a6_': 1.0, '_a7_': 1.0}};{'d0': 0.024905832919416643};-280.569866449044;40.822953603596126
37280;-99.4619796209261;(((((_a3_ * pow2(x)) + ((_a3_ + _a0_) + x)) * x) * _a5_) * _a3_);{'d0': {'_a0_': -0.7602806306703631, '_a3_': 1.6029252350520464, '_a5_': 1.3142372590309537, '_a1_': 1.0, '_a2_': 1.0, '_a4_': 1.0, '_a6_': 1.0, '_a7_': 1.0}};{'d0': 0.024905832919416643};-280.569866449044;40.822953603596126
37281;-99.4619796209262;(((((_a3_ * pow2(x)) + ((_a3_ + _a0_) + x)) * x) * _a5_) * _a5_);{'d0': {'_a0_': -0.7602806304853078, '_a3_': 1.6029252345932903, '_a5_': 1.45142139596824, '_a1_': 1.0, '_a2_': 1.0, '_a4_': 1.0, '_a6_': 1.0, '_a7_': 1.0}};{'d0': 0.024905832919416556};-280.569866449044;40.822953603596126
37282;-99.4619796209262;(((((_a3_ * pow2(x)) + ((_a3_ + _a0_) + x)) * x) * _a5_) * _a5_);{'d0': {'_a0_': -0.7602806304853078, '_a3_': 1.6029252345932903, '_a5_': 1.45142139596824, '_a1_': 1.0, '_a2_': 1.0, '_a4_': 1.0, '_a6_': 1.0, '_a7_': 1.0}};{'d0': 0.024905832919416556};-280.569866449044;40.822953603596126
37283;-99.4619796209262;(((((_a3_ * pow2(x)) + ((_a3_ + _a0_) + x)) * x) * _a5_) * _a5_);{'d0': {'_a0_': -0.7602806304853078, '_a3_': 1.6029252345932903, '_a5_': 1.45142139596824, '_a1_': 1.0, '_a2_': 1.0, '_a4_': 1.0, '_a6_': 1.0, '_a7_': 1.0}};{'d0': 0.024905832919416556};-280.569866449044;40.822953603596126
37284;-99.4619796209262;(((((_a3_ * pow2(x)) + ((_a3_ + _a0_) + x)) * x) * _a5_) * _a5_);{'d0': {'_a0_': -0.7602806304853078, '_a3_': 1.6029252345932903, '_a5_': 1.45142139596824, '_a1_': 1.0, '_a2_': 1.0, '_a4_': 1.0, '_a6_': 1.0, '_a7_': 1.0}};{'d0': 0.024905832919416556};-280.569866449044;40.822953603596126
37285;-99.4619796209262;(((((_a3_ * pow2(x)) + ((_a3_ + _a0_) + x)) * x) * _a5_) * _a5_);{'d0': {'_a0_': -0.7602806304853078, '_a3_': 1.6029252345932903, '_a5_': 1.45142139596824, '_a1_': 1.0, '_a2_': 1.0, '_a4_': 1.0, '_a6_': 1.0, '_a7_': 1.0}};{'d0': 0.024905832919416556};-280.569866449044;40.822953603596126
37286;-99.4619796209262;(((((_a3_ * pow2(x)) + ((_a3_ + _a0_) + x)) * x) * _a5_) * _a5_);{'d0': {'_a0_': -0.7602806304853078, '_a3_': 1.6029252345932903, '_a5_': 1.45142139596824, '_a1_': 1.0, '_a2_': 1.0, '_a4_': 1.0, '_a6_': 1.0, '_a7_': 1.0}};{'d0': 0.024905832919416556};-280.569866449044;40.822953603596126
37287;-99.4619796209262;(((((_a3_ * pow2(x)) + ((_a3_ + _a0_) + x)) * x) * _a5_) * _a5_);{'d0': {'_a0_': -0.7602806304853078, '_a3_': 1.6029252345932903, '_a5_': 1.45142139596824, '_a1_': 1.0, '_a2_': 1.0, '_a4_': 1.0, '_a6_': 1.0, '_a7_': 1.0}};{'d0': 0.024905832919416556};-280.569866449044;40.822953603596126
37288;-99.4619796209262;(((((_a3_ * pow2(x)) + ((_a3_ + _a0_) + x)) * x) * _a5_) * _a5_);{'d0': {'_a0_': -0.7602806304853078, '_a3_': 1.6029252345932903, '_a5_': 1.45142139596824, '_a1_': 1.0, '_a2_': 1.0, '_a4_': 1.0, '_a6_': 1.0, '_a7_': 1.0}};{'d0': 0.024905832919416556};-280.569866449044;40.822953603596126
37289;-99.4619796209262;(((((_a3_ * pow2(x)) + ((_a3_ + _a0_) + x)) * x) * _a5_) * _a5_);{'d0': {'_a0_': -0.7602806304853078, '_a3_': 1.6029252345932903, '_a5_': 1.45142139596824, '_a1_': 1.0, '_a2_': 1.0, '_a4_': 1.0, '_a6_': 1.0, '_a7_': 1.0}};{'d0': 0.024905832919416556};-280.569866449044;40.822953603596126
37290;-99.4619796209262;(((((_a3_ * pow2(x)) + ((_a3_ + _a0_) + x)) * x) * _a5_) * _a5_);{'d0': {'_a0_': -0.7602806304853078, '_a3_': 1.6029252345932903, '_a5_': 1.45142139596824, '_a1_': 1.0, '_a2_': 1.0, '_a4_': 1.0, '_a6_': 1.0, '_a7_': 1.0}};{'d0': 0.024905832919416556};-280.569866449044;40.822953603596126
37291;-99.4619796209262;(((((_a3_ * pow2(x)) + ((_a3_ + _a0_) + x)) * x) * _a5_) * _a5_);{'d0': {'_a0_': -0.7602806304853078, '_a3_': 1.6029252345932903, '_a5_': 1.45142139596824, '_a1_': 1.0, '_a2_': 1.0, '_a4_': 1.0, '_a6_': 1.0, '_a7_': 1.0}};{'d0': 0.024905832919416556};-280.569866449044;40.822953603596126
37292;-99.4619796209262;(((((_a3_ * pow2(x)) + ((_a3_ + _a0_) + x)) * x) * _a5_) * _a5_);{'d0': {'_a0_': -0.7602806304853078, '_a3_': 1.6029252345932903, '_a5_': 1.45142139596824, '_a1_': 1.0, '_a2_': 1.0, '_a4_': 1.0, '_a6_': 1.0, '_a7_': 1.0}};{'d0': 0.024905832919416556};-280.569866449044;40.822953603596126
37293;-99.4619796209262;(((((_a3_ * pow2(x)) + ((_a3_ + _a0_) + x)) * x) * _a5_) * _a5_);{'d0': {'_a0_': -0.7602806304853078, '_a3_': 1.6029252345932903, '_a5_': 1.45142139596824, '_a1_': 1.0, '_a2_': 1.0, '_a4_': 1.0, '_a6_': 1.0, '_a7_': 1.0}};{'d0': 0.024905832919416556};-280.569866449044;40.822953603596126
37294;-99.4619796209262;(((((_a3_ * pow2(x)) + ((_a3_ + _a0_) + x)) * x) * _a5_) * _a5_);{'d0': {'_a0_': -0.7602806304853078, '_a3_': 1.6029252345932903, '_a5_': 1.45142139596824, '_a1_': 1.0, '_a2_': 1.0, '_a4_': 1.0, '_a6_': 1.0, '_a7_': 1.0}};{'d0': 0.024905832919416556};-280.569866449044;40.822953603596126
37295;-99.4619796209262;(((((_a3_ * pow2(x)) + ((_a3_ + _a0_) + x)) * x) * _a5_) * _a5_);{'d0': {'_a0_': -0.7602806304853078, '_a3_': 1.6029252345932903, '_a5_': 1.45142139596824, '_a1_': 1.0, '_a2_': 1.0, '_a4_': 1.0, '_a6_': 1.0, '_a7_': 1.0}};{'d0': 0.024905832919416556};-280.569866449044;40.822953603596126
37296;-99.4619796209262;(((((_a3_ * pow2(x)) + ((_a3_ + _a0_) + x)) * x) * _a5_) * _a5_);{'d0': {'_a0_': -0.7602806304853078, '_a3_': 1.6029252345932903, '_a5_': 1.45142139596824, '_a1_': 1.0, '_a2_': 1.0, '_a4_': 1.0, '_a6_': 1.0, '_a7_': 1.0}};{'d0': 0.024905832919416556};-280.569866449044;40.822953603596126
37297;-99.4619796209262;(((((_a3_ * pow2(x)) + ((_a3_ + _a0_) + x)) * x) * _a5_) * _a5_);{'d0': {'_a0_': -0.7602806304853078, '_a3_': 1.6029252345932903, '_a5_': 1.45142139596824, '_a1_': 1.0, '_a2_': 1.0, '_a4_': 1.0, '_a6_': 1.0, '_a7_': 1.0}};{'d0': 0.024905832919416556};-280.569866449044;40.822953603596126
37298;-104.411319546383;(((pow2((_a6_ + (x + _a7_))) * _a1_) + (x * _a6_)) * x);{'d0': {'_a1_': 3.376760880123072, '_a6_': -2.7899901859966287, '_a7_': 3.5150362329396487, '_a0_': 1.0, '_a2_': 1.0, '_a3_': 1.0, '_a4_': 1.0, '_a5_': 1.0}};{'d0': 0.02490583291941657};-280.569866449044;35.873613678138824
37299;-104.411319546383;(((pow2((_a6_ + (x + _a7_))) * _a1_) + (x * _a6_)) * x);{'d0': {'_a1_': 3.376760880123072, '_a6_': -2.7899901859966287, '_a7_': 3.5150362329396487, '_a0_': 1.0, '_a2_': 1.0, '_a3_': 1.0, '_a4_': 1.0, '_a5_': 1.0}};{'d0': 0.02490583291941657};-280.569866449044;35.873613678138824
37300;-104.411319546383;(((pow2((_a6_ + (x + _a7_))) * _a1_) + (x * _a6_)) * x);{'d0': {'_a1_': 3.376760880123072, '_a6_': -2.7899901859966287, '_a7_': 3.5150362329396487, '_a0_': 1.0, '_a2_': 1.0, '_a3_': 1.0, '_a4_': 1.0, '_a5_': 1.0}};{'d0': 0.02490583291941657};-280.569866449044;35.873613678138824
37301;-104.411319546383;(((pow2((_a6_ + (x + _a7_))) * _a1_) + (x * _a6_)) * x);{'d0': {'_a1_': 3.376760880123072, '_a6_': -2.7899901859966287, '_a7_': 3.5150362329396487, '_a0_': 1.0, '_a2_': 1.0, '_a3_': 1.0, '_a4_': 1.0, '_a5_': 1.0}};{'d0': 0.02490583291941657};-280.569866449044;35.873613678138824
37302;-104.411319546383;(((pow2((_a6_ + (x + _a7_))) * _a1_) + (x * _a6_)) * x);{'d0': {'_a1_': 3.376760880123072, '_a6_': -2.7899901859966287, '_a7_': 3.5150362329396487, '_a0_': 1.0, '_a2_': 1.0, '_a3_': 1.0, '_a4_': 1.0, '_a5_': 1.0}};{'d0': 0.02490583291941657};-280.569866449044;35.873613678138824
37303;-104.411319546383;(((pow2((x + (x + _a7_))) * _a1_) + (x * _a6_)) * x);{'d0': {'_a1_': 0.8441902194786769, '_a6_': -2.7899901855816673, '_a7_': 1.4500920942840458, '_a0_': 1.0, '_a2_': 1.0, '_a3_': 1.0, '_a4_': 1.0, '_a5_': 1.0}};{'d0': 0.02490583291941663};-280.569866449044;35.873613678138824
37304;-104.411319546383;(((pow2((x + (x + _a7_))) * _a1_) + (x * _a6_)) * x);{'d0': {'_a1_': 0.8441902194786769, '_a6_': -2.7899901855816673, '_a7_': 1.4500920942840458, '_a0_': 1.0, '_a2_': 1.0, '_a3_': 1.0, '_a4_': 1.0, '_a5_': 1.0}};{'d0': 0.02490583291941663};-280.569866449044;35.873613678138824
37305;-104.411319546383;(((pow2((x + (x + _a7_))) * _a1_) + (x * _a6_)) * x);{'d0': {'_a1_': 0.8441902194786769, '_a6_': -2.7899901855816673, '_a7_': 1.4500920942840458, '_a0_': 1.0, '_a2_': 1.0, '_a3_': 1.0, '_a4_': 1.0, '_a5_': 1.0}};{'d0': 0.02490583291941663};-280.569866449044;35.873613678138824
37306;-104.411319546383;(((pow2((x + (x + _a7_))) * _a1_) + (x * _a6_)) * x);{'d0': {'_a1_': 0.8441902194786769, '_a6_': -2.7899901855816673, '_a7_': 1.4500920942840458, '_a0_': 1.0, '_a2_': 1.0, '_a3_': 1.0, '_a4_': 1.0, '_a5_': 1.0}};{'d0': 0.02490583291941663};-280.569866449044;35.873613678138824
37307;-104.411319546383;(((pow2((x + (x + _a7_))) * _a1_) + (x * _a6_)) * x);{'d0': {'_a1_': 0.8441902194786769, '_a6_': -2.7899901855816673, '_a7_': 1.4500920942840458, '_a0_': 1.0, '_a2_': 1.0, '_a3_': 1.0, '_a4_': 1.0, '_a5_': 1.0}};{'d0': 0.02490583291941663};-280.569866449044;35.873613678138824
37308;-104.411319546383;(((pow2((x + (x + _a7_))) * _a1_) + (x * _a6_)) * x);{'d0': {'_a1_': 0.8441902194786769, '_a6_': -2.7899901855816673, '_a7_': 1.4500920942840458, '_a0_': 1.0, '_a2_': 1.0, '_a3_': 1.0, '_a4_': 1.0, '_a5_': 1.0}};{'d0': 0.02490583291941663};-280.569866449044;35.873613678138824
37309;-99.4619796209262;(((((_a3_ * pow2(x)) + ((_a3_ + _a0_) + x)) * x) * _a5_) * _a5_);{'d0': {'_a0_': -0.7602806304853078, '_a3_': 1.6029252345932903, '_a5_': 1.45142139596824, '_a1_': 1.0, '_a2_': 1.0, '_a4_': 1.0, '_a6_': 1.0, '_a7_': 1.0}};{'d0': 0.024905832919416556};-280.569866449044;40.822953603596126
37310;-99.4619796209262;(((((_a3_ * pow2(x)) + ((_a3_ + _a0_) + x)) * x) * _a5_) * _a5_);{'d0': {'_a0_': -0.7602806304853078, '_a3_': 1.6029252345932903, '_a5_': 1.45142139596824, '_a1_': 1.0, '_a2_': 1.0, '_a4_': 1.0, '_a6_': 1.0, '_a7_': 1.0}};{'d0': 0.024905832919416556};-280.569866449044;40.822953603596126
37311;-99.4619796209262;(((((_a3_ * pow2(x)) + ((_a3_ + _a0_) + x)) * x) * _a5_) * _a5_);{'d0': {'_a0_': -0.7602806304853078, '_a3_': 1.6029252345932903, '_a5_': 1.45142139596824, '_a1_': 1.0, '_a2_': 1.0, '_a4_': 1.0, '_a6_': 1.0, '_a7_': 1.0}};{'d0': 0.024905832919416556};-280.569866449044;40.822953603596126
37312;-99.4619796209262;(((((_a3_ * pow2(x)) + ((_a3_ + _a0_) + x)) * x) * _a5_) * _a5_);{'d0': {'_a0_': -0.7602806304853078, '_a3_': 1.6029252345932903, '_a5_': 1.45142139596824, '_a1_': 1.0, '_a2_': 1.0, '_a4_': 1.0, '_a6_': 1.0, '_a7_': 1.0}};{'d0': 0.024905832919416556};-280.569866449044;40.822953603596126
37313;-104.411319546383;((((_a3_ * pow2(x)) + ((_a3_ + _a0_) + x)) * x) * _a5_);{'d0': {'_a0_': -0.760280629518701, '_a3_': 1.60292523388356, '_a5_': 2.106624068712549, '_a1_': 1.0, '_a2_': 1.0, '_a4_': 1.0, '_a6_': 1.0, '_a7_': 1.0}};{'d0': 0.024905832919416605};-280.569866449044;35.87361367813912
37314;-104.411319546383;((((_a3_ * pow2(x)) + ((_a3_ + _a0_) + x)) * x) * _a5_);{'d0': {'_a0_': -0.760280629518701, '_a3_': 1.60292523388356, '_a5_': 2.106624068712549, '_a1_': 1.0, '_a2_': 1.0, '_a4_': 1.0, '_a6_': 1.0, '_a7_': 1.0}};{'d0': 0.024905832919416605};-280.569866449044;35.87361367813912
37315;-104.411319546383;((((_a3_ * pow2(x)) + ((_a3_ + _a0_) + x)) * x) * _a5_);{'d0': {'_a0_': -0.760280629518701, '_a3_': 1.60292523388356, '_a5_': 2.106624068712549, '_a1_': 1.0, '_a2_': 1.0, '_a4_': 1.0, '_a6_': 1.0, '_a7_': 1.0}};{'d0': 0.024905832919416605};-280.569866449044;35.87361367813912
37316;-104.411319546383;((((_a3_ * pow2(x)) + ((_a3_ + _a0_) + x)) * x) * _a5_);{'d0': {'_a0_': -0.760280629518701, '_a3_': 1.60292523388356, '_a5_': 2.106624068712549, '_a1_': 1.0, '_a2_': 1.0, '_a4_': 1.0, '_a6_': 1.0, '_a7_': 1.0}};{'d0': 0.024905832919416605};-280.569866449044;35.87361367813912
37317;-104.411319546383;((((_a3_ * pow2(x)) + ((_a3_ + _a0_) + x)) * x) * _a5_);{'d0': {'_a0_': -0.760280629518701, '_a3_': 1.60292523388356, '_a5_': 2.106624068712549, '_a1_': 1.0, '_a2_': 1.0, '_a4_': 1.0, '_a6_': 1.0, '_a7_': 1.0}};{'d0': 0.024905832919416605};-280.569866449044;35.87361367813912
37318;-104.411319546383;((((_a3_ * pow2(x)) + ((_a3_ + _a0_) + x)) * x) * _a5_);{'d0': {'_a0_': -0.760280629518701, '_a3_': 1.60292523388356, '_a5_': 2.106624068712549, '_a1_': 1.0, '_a2_': 1.0, '_a4_': 1.0, '_a6_': 1.0, '_a7_': 1.0}};{'d0': 0.024905832919416605};-280.569866449044;35.87361367813912
37319;-104.411319546383;((((_a3_ * pow2(x)) + ((_a3_ + _a0_) + x)) * x) * _a5_);{'d0': {'_a0_': -0.760280629518701, '_a3_': 1.60292523388356, '_a5_': 2.106624068712549, '_a1_': 1.0, '_a2_': 1.0, '_a4_': 1.0, '_a6_': 1.0, '_a7_': 1.0}};{'d0': 0.024905832919416605};-280.569866449044;35.87361367813912
37320;-104.411319546383;((((_a3_ * pow2(x)) + ((_a3_ + _a0_) + x)) * x) * _a5_);{'d0': {'_a0_': -0.760280629518701, '_a3_': 1.60292523388356, '_a5_': 2.106624068712549, '_a1_': 1.0, '_a2_': 1.0, '_a4_': 1.0, '_a6_': 1.0, '_a7_': 1.0}};{'d0': 0.024905832919416605};-280.569866449044;35.87361367813912
37321;-104.411319546383;((((_a3_ * pow2(x)) + ((_a3_ + _a0_) + x)) * x) * _a5_);{'d0': {'_a0_': -0.760280629518701, '_a3_': 1.60292523388356, '_a5_': 2.106624068712549, '_a1_': 1.0, '_a2_': 1.0, '_a4_': 1.0, '_a6_': 1.0, '_a7_': 1.0}};{'d0': 0.024905832919416605};-280.569866449044;35.87361367813912
37322;-104.411319546383;((((_a3_ * pow2(x)) + ((_a3_ + _a0_) + x)) * x) * _a5_);{'d0': {'_a0_': -0.760280629518701, '_a3_': 1.60292523388356, '_a5_': 2.106624068712549, '_a1_': 1.0, '_a2_': 1.0, '_a4_': 1.0, '_a6_': 1.0, '_a7_': 1.0}};{'d0': 0.024905832919416605};-280.569866449044;35.87361367813912
37323;-104.411319546383;((((_a3_ * pow2(x)) + ((_a3_ + _a0_) + x)) * x) * _a5_);{'d0': {'_a0_': -0.760280629518701, '_a3_': 1.60292523388356, '_a5_': 2.106624068712549, '_a1_': 1.0, '_a2_': 1.0, '_a4_': 1.0, '_a6_': 1.0, '_a7_': 1.0}};{'d0': 0.024905832919416605};-280.569866449044;35.87361367813912
37324;-104.411319546383;((((_a3_ * pow2(x)) + ((_a3_ + _a0_) + x)) * x) * _a5_);{'d0': {'_a0_': -0.760280629518701, '_a3_': 1.60292523388356, '_a5_': 2.106624068712549, '_a1_': 1.0, '_a2_': 1.0, '_a4_': 1.0, '_a6_': 1.0, '_a7_': 1.0}};{'d0': 0.024905832919416605};-280.569866449044;35.87361367813912
37325;-104.411319546383;((((_a3_ * pow2(x)) + ((_a3_ + _a0_) + x)) * x) * _a5_);{'d0': {'_a0_': -0.760280629518701, '_a3_': 1.60292523388356, '_a5_': 2.106624068712549, '_a1_': 1.0, '_a2_': 1.0, '_a4_': 1.0, '_a6_': 1.0, '_a7_': 1.0}};{'d0': 0.024905832919416605};-280.569866449044;35.87361367813912
37326;-104.411319546383;((((_a3_ * pow2(x)) + ((_a3_ + _a0_) + x)) * x) * _a5_);{'d0': {'_a0_': -0.760280629518701, '_a3_': 1.60292523388356, '_a5_': 2.106624068712549, '_a1_': 1.0, '_a2_': 1.0, '_a4_': 1.0, '_a6_': 1.0, '_a7_': 1.0}};{'d0': 0.024905832919416605};-280.569866449044;35.87361367813912
37327;-104.411319546383;((((_a3_ * pow2(x)) + ((_a3_ + _a0_) + x)) * x) * _a5_);{'d0': {'_a0_': -0.760280629518701, '_a3_': 1.60292523388356, '_a5_': 2.106624068712549, '_a1_': 1.0, '_a2_': 1.0, '_a4_': 1.0, '_a6_': 1.0, '_a7_': 1.0}};{'d0': 0.024905832919416605};-280.569866449044;35.87361367813912
37328;-97.4430005680162;(((((_a2_ / _a1_) / _a7_) + ((_a7_ * x) * x)) + (_a1_ * x)) * x);{'d0': {'_a1_': 2.1066240716944855, '_a2_': 12.627542430401185, '_a7_': 3.376760882891367, '_a0_': 1.0, '_a3_': 1.0, '_a4_': 1.0, '_a5_': 1.0, '_a6_': 1.0}};{'d0': 0.02490583291941668};-280.569866449043;42.841932656505634
37329;-97.4430005680162;(((((_a2_ / _a1_) / _a7_) + ((_a7_ * x) * x)) + (_a1_ * x)) * x);{'d0': {'_a1_': 2.1066240716944855, '_a2_': 12.627542430401185, '_a7_': 3.376760882891367, '_a0_': 1.0, '_a3_': 1.0, '_a4_': 1.0, '_a5_': 1.0, '_a6_': 1.0}};{'d0': 0.02490583291941668};-280.569866449043;42.841932656505634
37330;-97.4430005680162;(((((_a2_ / _a1_) / _a7_) + ((_a7_ * x) * x)) + (_a1_ * x)) * x);{'d0': {'_a1_': 2.1066240716944855, '_a2_': 12.627542430401185, '_a7_': 3.376760882891367, '_a0_': 1.0, '_a3_': 1.0, '_a4_': 1.0, '_a5_': 1.0, '_a6_': 1.0}};{'d0': 0.02490583291941668};-280.569866449043;42.841932656505634
37331;-97.4430005680162;(((((_a2_ / _a1_) / _a7_) + ((_a7_ * x) * x)) + (_a1_ * x)) * x);{'d0': {'_a1_': 2.1066240716944855, '_a2_': 12.627542430401185, '_a7_': 3.376760882891367, '_a0_': 1.0, '_a3_': 1.0, '_a4_': 1.0, '_a5_': 1.0, '_a6_': 1.0}};{'d0': 0.02490583291941668};-280.569866449043;42.841932656505634
37332;-97.4430005680162;(((((_a2_ / _a1_) / _a7_) + ((_a7_ * x) * x)) + (_a1_ * x)) * x);{'d0': {'_a1_': 2.1066240716944855, '_a2_': 12.627542430401185, '_a7_': 3.376760882891367, '_a0_': 1.0, '_a3_': 1.0, '_a4_': 1.0, '_a5_': 1.0, '_a6_': 1.0}};{'d0': 0.02490583291941668};-280.569866449043;42.841932656505634
37333;-97.4430005680162;(((((_a2_ / _a1_) / _a7_) + ((_a7_ * x) * x)) + (_a1_ * x)) * x);{'d0': {'_a1_': 2.1066240716944855, '_a2_': 12.627542430401185, '_a7_': 3.376760882891367, '_a0_': 1.0, '_a3_': 1.0, '_a4_': 1.0, '_a5_': 1.0, '_a6_': 1.0}};{'d0': 0.02490583291941668};-280.569866449043;42.841932656505634
37334;-97.4430005680162;(((((_a2_ / _a1_) / _a7_) + ((_a7_ * x) * x)) + (_a1_ * x)) * x);{'d0': {'_a1_': 2.1066240716944855, '_a2_': 12.627542430401185, '_a7_': 3.376760882891367, '_a0_': 1.0, '_a3_': 1.0, '_a4_': 1.0, '_a5_': 1.0, '_a6_': 1.0}};{'d0': 0.02490583291941668};-280.569866449043;42.841932656505634
37335;-104.411319546383;((((_a3_ * pow2(x)) + ((_a3_ + _a0_) + x)) * x) * _a5_);{'d0': {'_a0_': -0.760280629518701, '_a3_': 1.60292523388356, '_a5_': 2.106624068712549, '_a1_': 1.0, '_a2_': 1.0, '_a4_': 1.0, '_a6_': 1.0, '_a7_': 1.0}};{'d0': 0.024905832919416605};-280.569866449044;35.87361367813912
37336;-104.411319546383;((((_a3_ * pow2(x)) + ((_a3_ + _a0_) + x)) * x) * _a5_);{'d0': {'_a0_': -0.760280629518701, '_a3_': 1.60292523388356, '_a5_': 2.106624068712549, '_a1_': 1.0, '_a2_': 1.0, '_a4_': 1.0, '_a6_': 1.0, '_a7_': 1.0}};{'d0': 0.024905832919416605};-280.569866449044;35.87361367813912
37337;-104.411319546383;((((_a3_ * pow2(x)) + ((_a3_ + _a0_) + x)) * x) * _a5_);{'d0': {'_a0_': -0.760280629518701, '_a3_': 1.60292523388356, '_a5_': 2.106624068712549, '_a1_': 1.0, '_a2_': 1.0, '_a4_': 1.0, '_a6_': 1.0, '_a7_': 1.0}};{'d0': 0.024905832919416605};-280.569866449044;35.87361367813912
37338;-104.411319546383;((((_a3_ * pow2(x)) + ((_a3_ + _a0_) + x)) * x) * _a5_);{'d0': {'_a0_': -0.760280629518701, '_a3_': 1.60292523388356, '_a5_': 2.106624068712549, '_a1_': 1.0, '_a2_': 1.0, '_a4_': 1.0, '_a6_': 1.0, '_a7_': 1.0}};{'d0': 0.024905832919416605};-280.569866449044;35.87361367813912
37339;-104.411319546383;((((_a3_ * pow2(x)) + ((_a3_ + _a0_) + x)) * x) * _a5_);{'d0': {'_a0_': -0.760280629518701, '_a3_': 1.60292523388356, '_a5_': 2.106624068712549, '_a1_': 1.0, '_a2_': 1.0, '_a4_': 1.0, '_a6_': 1.0, '_a7_': 1.0}};{'d0': 0.024905832919416605};-280.569866449044;35.87361367813912
37340;-104.411319546383;((((_a3_ * pow2(x)) + ((_a3_ + _a0_) + x)) * x) * _a5_);{'d0': {'_a0_': -0.760280629518701, '_a3_': 1.60292523388356, '_a5_': 2.106624068712549, '_a1_': 1.0, '_a2_': 1.0, '_a4_': 1.0, '_a6_': 1.0, '_a7_': 1.0}};{'d0': 0.024905832919416605};-280.569866449044;35.87361367813912
37341;-104.411319546383;((((_a3_ * pow2(x)) + ((_a3_ + _a0_) + x)) * x) * _a5_);{'d0': {'_a0_': -0.760280629518701, '_a3_': 1.60292523388356, '_a5_': 2.106624068712549, '_a1_': 1.0, '_a2_': 1.0, '_a4_': 1.0, '_a6_': 1.0, '_a7_': 1.0}};{'d0': 0.024905832919416605};-280.569866449044;35.87361367813912
37342;-104.411319546383;((((_a3_ * pow2(x)) + ((_a3_ + _a0_) + x)) * x) * _a5_);{'d0': {'_a0_': -0.760280629518701, '_a3_': 1.60292523388356, '_a5_': 2.106624068712549, '_a1_': 1.0, '_a2_': 1.0, '_a4_': 1.0, '_a6_': 1.0, '_a7_': 1.0}};{'d0': 0.024905832919416605};-280.569866449044;35.87361367813912
37343;-104.411319546383;((((_a3_ * pow2(x)) + ((_a3_ + _a0_) + x)) * x) * _a5_);{'d0': {'_a0_': -0.760280629518701, '_a3_': 1.60292523388356, '_a5_': 2.106624068712549, '_a1_': 1.0, '_a2_': 1.0, '_a4_': 1.0, '_a6_': 1.0, '_a7_': 1.0}};{'d0': 0.024905832919416605};-280.569866449044;35.87361367813912
37344;-104.411319546383;((((_a3_ * pow2(x)) + ((_a3_ + _a0_) + x)) * x) * _a5_);{'d0': {'_a0_': -0.760280629518701, '_a3_': 1.60292523388356, '_a5_': 2.106624068712549, '_a1_': 1.0, '_a2_': 1.0, '_a4_': 1.0, '_a6_': 1.0, '_a7_': 1.0}};{'d0': 0.024905832919416605};-280.569866449044;35.87361367813912
37345;-104.411319546383;((((_a3_ * pow2(x)) + ((_a3_ + _a0_) + x)) * x) * _a5_);{'d0': {'_a0_': -0.760280629518701, '_a3_': 1.60292523388356, '_a5_': 2.106624068712549, '_a1_': 1.0, '_a2_': 1.0, '_a4_': 1.0, '_a6_': 1.0, '_a7_': 1.0}};{'d0': 0.024905832919416605};-280.569866449044;35.87361367813912
37346;-104.411319546383;((((_a3_ * pow2(x)) + ((_a3_ + _a0_) + x)) * x) * _a5_);{'d0': {'_a0_': -0.760280629518701, '_a3_': 1.60292523388356, '_a5_': 2.106624068712549, '_a1_': 1.0, '_a2_': 1.0, '_a4_': 1.0, '_a6_': 1.0, '_a7_': 1.0}};{'d0': 0.024905832919416605};-280.569866449044;35.87361367813912
37347;-104.992057584893;((((_a3_ * pow2(x)) + (sqrt(_a4_) + x)) * x) * _a5_);{'d0': {'_a3_': 1.6029252342178364, '_a4_': 0.7100499292656414, '_a5_': 2.106624068318285, '_a0_': 1.0, '_a1_': 1.0, '_a2_': 1.0, '_a6_': 1.0, '_a7_': 1.0}};{'d0': 0.024905832919416677};-280.569866449043;35.29287563962912
37348;-104.992057584893;((((_a3_ * pow2(x)) + (sqrt(_a4_) + x)) * x) * _a5_);{'d0': {'_a3_': 1.6029252342178364, '_a4_': 0.7100499292656414, '_a5_': 2.106624068318285, '_a0_': 1.0, '_a1_': 1.0, '_a2_': 1.0, '_a6_': 1.0, '_a7_': 1.0}};{'d0': 0.024905832919416677};-280.569866449043;35.29287563962912
37349;-98.7865220691463;(((pow2(((pow2(_a4_) * _a5_) + (x / _a7_))) * _a1_) + _a5_) * x);{'d0': {'_a1_': 0.7394923109952127, '_a4_': 0.678811540272898, '_a5_': 1.4465760896341406, '_a7_': 0.4679687144558774, '_a0_': 1.0, '_a2_': 1.0, '_a3_': 1.0, '_a6_': 1.0}};{'d0': 0.024905832924516556};-276.475521874535;39.45123886812122
37350;-98.7865220691463;(((pow2(((pow2(_a4_) * _a5_) + (x / _a7_))) * _a1_) + _a5_) * x);{'d0': {'_a1_': 0.7394923109952127, '_a4_': 0.678811540272898, '_a5_': 1.4465760896341406, '_a7_': 0.4679687144558774, '_a0_': 1.0, '_a2_': 1.0, '_a3_': 1.0, '_a6_': 1.0}};{'d0': 0.024905832924516556};-276.475521874535;39.45123886812122
37351;-98.7865220691463;(((pow2(((pow2(_a4_) * _a5_) + (x / _a7_))) * _a1_) + _a5_) * x);{'d0': {'_a1_': 0.7394923109952127, '_a4_': 0.678811540272898, '_a5_': 1.4465760896341406, '_a7_': 0.4679687144558774, '_a0_': 1.0, '_a2_': 1.0, '_a3_': 1.0, '_a6_': 1.0}};{'d0': 0.024905832924516556};-276.475521874535;39.45123886812122
37352;-104.992057584893;((((_a3_ * pow2(x)) + (sqrt(_a4_) + x)) * x) * _a5_);{'d0': {'_a3_': 1.6029252342178364, '_a4_': 0.7100499292656414, '_a5_': 2.106624068318285, '_a0_': 1.0, '_a1_': 1.0, '_a2_': 1.0, '_a6_': 1.0, '_a7_': 1.0}};{'d0': 0.024905832919416677};-280.569866449043;35.29287563962912
37353;-104.992057584893;((((_a3_ * pow2(x)) + (sqrt(_a4_) + x)) * x) * _a5_);{'d0': {'_a3_': 1.6029252342178364, '_a4_': 0.7100499292656414, '_a5_': 2.106624068318285, '_a0_': 1.0, '_a1_': 1.0, '_a2_': 1.0, '_a6_': 1.0, '_a7_': 1.0}};{'d0': 0.024905832919416677};-280.569866449043;35.29287563962912
37354;-104.992057584893;((((_a3_ * pow2(x)) + (sqrt(_a4_) + x)) * x) * _a5_);{'d0': {'_a3_': 1.6029252342178364, '_a4_': 0.7100499292656414, '_a5_': 2.106624068318285, '_a0_': 1.0, '_a1_': 1.0, '_a2_': 1.0, '_a6_': 1.0, '_a7_': 1.0}};{'d0': 0.024905832919416677};-280.569866449043;35.29287563962912
37355;-104.992057584893;((((_a3_ * pow2(x)) + (sqrt(_a4_) + x)) * x) * _a5_);{'d0': {'_a3_': 1.6029252342178364, '_a4_': 0.7100499292656414, '_a5_': 2.106624068318285, '_a0_': 1.0, '_a1_': 1.0, '_a2_': 1.0, '_a6_': 1.0, '_a7_': 1.0}};{'d0': 0.024905832919416677};-280.569866449043;35.29287563962912
37356;-104.992057584893;((((_a3_ * pow2(x)) + (sqrt(_a4_) + x)) * x) * _a5_);{'d0': {'_a3_': 1.6029252342178364, '_a4_': 0.7100499292656414, '_a5_': 2.106624068318285, '_a0_': 1.0, '_a1_': 1.0, '_a2_': 1.0, '_a6_': 1.0, '_a7_': 1.0}};{'d0': 0.024905832919416677};-280.569866449043;35.29287563962912
37357;-104.992057584893;((((_a3_ * pow2(x)) + (sqrt(_a4_) + x)) * x) * _a5_);{'d0': {'_a3_': 1.6029252342178364, '_a4_': 0.7100499292656414, '_a5_': 2.106624068318285, '_a0_': 1.0, '_a1_': 1.0, '_a2_': 1.0, '_a6_': 1.0, '_a7_': 1.0}};{'d0': 0.024905832919416677};-280.569866449043;35.29287563962912
37358;-104.992057584893;((((_a3_ * pow2(x)) + (sqrt(_a4_) + x)) * x) * _a5_);{'d0': {'_a3_': 1.6029252342178364, '_a4_': 0.7100499292656414, '_a5_': 2.106624068318285, '_a0_': 1.0, '_a1_': 1.0, '_a2_': 1.0, '_a6_': 1.0, '_a7_': 1.0}};{'d0': 0.024905832919416677};-280.569866449043;35.29287563962912
37359;-104.992057584893;((((_a6_ * pow2(x)) + (sqrt(_a4_) + x)) * x) * _a5_);{'d0': {'_a4_': 0.71004992772759, '_a5_': 2.1066240701430385, '_a6_': 1.6029252340756233, '_a0_': 1.0, '_a1_': 1.0, '_a2_': 1.0, '_a3_': 1.0, '_a7_': 1.0}};{'d0': 0.024905832919416653};-280.569866449044;35.29287563962912
37360;-104.549616141360;((((_a3_ * _a0_) + ((-(x) + _a1_) * x)) / _a0_) * x);{'d0': {'_a0_': -0.2961417867628354, '_a1_': -0.6238594154904695, '_a3_': 1.7751354040417262, '_a2_': 1.0, '_a4_': 1.0, '_a5_': 1.0, '_a6_': 1.0, '_a7_': 1.0}};{'d0': 0.02490583291941668};-280.569866449043;35.73531708316194
37361;-104.992057584893;((((_a6_ * pow2(x)) + (sqrt(_a4_) + x)) * x) * _a5_);{'d0': {'_a4_': 0.71004992772759, '_a5_': 2.1066240701430385, '_a6_': 1.6029252340756233, '_a0_': 1.0, '_a1_': 1.0, '_a2_': 1.0, '_a3_': 1.0, '_a7_': 1.0}};{'d0': 0.024905832919416653};-280.569866449044;35.29287563962912
37362;-104.992057584893;((((_a6_ * pow2(x)) + (sqrt(_a4_) + x)) * x) * _a5_);{'d0': {'_a4_': 0.71004992772759, '_a5_': 2.1066240701430385, '_a6_': 1.6029252340756233, '_a0_': 1.0, '_a1_': 1.0, '_a2_': 1.0, '_a3_': 1.0, '_a7_': 1.0}};{'d0': 0.024905832919416653};-280.569866449044;35.29287563962912
37363;-104.992057584893;((((_a6_ * pow2(x)) + (sqrt(_a4_) + x)) * x) * _a5_);{'d0': {'_a4_': 0.71004992772759, '_a5_': 2.1066240701430385, '_a6_': 1.6029252340756233, '_a0_': 1.0, '_a1_': 1.0, '_a2_': 1.0, '_a3_': 1.0, '_a7_': 1.0}};{'d0': 0.024905832919416653};-280.569866449044;35.29287563962912
37364;-104.992057584893;((((_a6_ * pow2(x)) + (sqrt(_a4_) + x)) * x) * _a5_);{'d0': {'_a4_': 0.71004992772759, '_a5_': 2.1066240701430385, '_a6_': 1.6029252340756233, '_a0_': 1.0, '_a1_': 1.0, '_a2_': 1.0, '_a3_': 1.0, '_a7_': 1.0}};{'d0': 0.024905832919416653};-280.569866449044;35.29287563962912
37365;-104.549616141360;((((_a3_ * _a0_) + ((-(x) + _a1_) * x)) / _a0_) * x);{'d0': {'_a0_': -0.2961417867628354, '_a1_': -0.6238594154904695, '_a3_': 1.7751354040417262, '_a2_': 1.0, '_a4_': 1.0, '_a5_': 1.0, '_a6_': 1.0, '_a7_': 1.0}};{'d0': 0.02490583291941668};-280.569866449043;35.73531708316194
37366;-104.549616141360;((((_a3_ * _a0_) + ((-(x) + _a1_) * x)) / _a0_) * x);{'d0': {'_a0_': -0.2961417867628354, '_a1_': -0.6238594154904695, '_a3_': 1.7751354040417262, '_a2_': 1.0, '_a4_': 1.0, '_a5_': 1.0, '_a6_': 1.0, '_a7_': 1.0}};{'d0': 0.02490583291941668};-280.569866449043;35.73531708316194
37367;-104.549616141360;((((_a3_ * _a0_) + ((-(x) + _a1_) * x)) / _a0_) * x);{'d0': {'_a0_': -0.2961417867628354, '_a1_': -0.6238594154904695, '_a3_': 1.7751354040417262, '_a2_': 1.0, '_a4_': 1.0, '_a5_': 1.0, '_a6_': 1.0, '_a7_': 1.0}};{'d0': 0.02490583291941668};-280.569866449043;35.73531708316194
37368;-104.549616141360;((((_a3_ * _a0_) + ((-(x) + _a1_) * x)) / _a0_) * x);{'d0': {'_a0_': -0.2961417867628354, '_a1_': -0.6238594154904695, '_a3_': 1.7751354040417262, '_a2_': 1.0, '_a4_': 1.0, '_a5_': 1.0, '_a6_': 1.0, '_a7_': 1.0}};{'d0': 0.02490583291941668};-280.569866449043;35.73531708316194
37369;-104.549616141360;((((_a3_ * _a0_) + ((-(x) + _a1_) * x)) / _a0_) * x);{'d0': {'_a0_': -0.2961417867628354, '_a1_': -0.6238594154904695, '_a3_': 1.7751354040417262, '_a2_': 1.0, '_a4_': 1.0, '_a5_': 1.0, '_a6_': 1.0, '_a7_': 1.0}};{'d0': 0.02490583291941668};-280.569866449043;35.73531708316194
37370;-90.5250224008333;(((pow2(((pow2(_a4_) * _a5_) + (x / log(_a5_)))) * _a1_) + (_a4_ * _a4_)) * x);{'d0': {'_a1_': 0.10952236979983884, '_a4_': 1.202736916004724, '_a5_': 1.1973309088810127, '_a0_': 1.0, '_a2_': 1.0, '_a3_': 1.0, '_a6_': 1.0, '_a7_': 1.0}};{'d0': 0.024905832919416657};-280.569866449044;49.75991082368823
37371;-90.5250224008333;(((pow2(((pow2(_a4_) * _a5_) + (x / log(_a5_)))) * _a1_) + (_a4_ * _a4_)) * x);{'d0': {'_a1_': 0.10952236979983884, '_a4_': 1.202736916004724, '_a5_': 1.1973309088810127, '_a0_': 1.0, '_a2_': 1.0, '_a3_': 1.0, '_a6_': 1.0, '_a7_': 1.0}};{'d0': 0.024905832919416657};-280.569866449044;49.75991082368823
37372;-90.5250224008333;(((pow2(((pow2(_a4_) * _a5_) + (x / log(_a5_)))) * _a1_) + (_a4_ * _a4_)) * x);{'d0': {'_a1_': 0.10952236979983884, '_a4_': 1.202736916004724, '_a5_': 1.1973309088810127, '_a0_': 1.0, '_a2_': 1.0, '_a3_': 1.0, '_a6_': 1.0, '_a7_': 1.0}};{'d0': 0.024905832919416657};-280.569866449044;49.75991082368823
37373;-90.5250224008333;(((pow2(((pow2(_a4_) * _a5_) + (x / log(_a5_)))) * _a1_) + (_a4_ * _a4_)) * x);{'d0': {'_a1_': 0.10952236979983884, '_a4_': 1.202736916004724, '_a5_': 1.1973309088810127, '_a0_': 1.0, '_a2_': 1.0, '_a3_': 1.0, '_a6_': 1.0, '_a7_': 1.0}};{'d0': 0.024905832919416657};-280.569866449044;49.75991082368823
37374;-90.5250224008333;(((pow2(((pow2(_a4_) * _a5_) + (x / log(_a5_)))) * _a1_) + (_a4_ * _a4_)) * x);{'d0': {'_a1_': 0.10952236979983884, '_a4_': 1.202736916004724, '_a5_': 1.1973309088810127, '_a0_': 1.0, '_a2_': 1.0, '_a3_': 1.0, '_a6_': 1.0, '_a7_': 1.0}};{'d0': 0.024905832919416657};-280.569866449044;49.75991082368823
37375;-90.5250224008333;(((pow2(((pow2(_a4_) * _a5_) + (x / log(_a5_)))) * _a1_) + (_a4_ * _a4_)) * x);{'d0': {'_a1_': 0.10952236979983884, '_a4_': 1.202736916004724, '_a5_': 1.1973309088810127, '_a0_': 1.0, '_a2_': 1.0, '_a3_': 1.0, '_a6_': 1.0, '_a7_': 1.0}};{'d0': 0.024905832919416657};-280.569866449044;49.75991082368823
37376;-90.5250224008333;(((pow2(((pow2(_a4_) * _a5_) + (x / log(_a5_)))) * _a1_) + (_a4_ * _a4_)) * x);{'d0': {'_a1_': 0.10952236979983884, '_a4_': 1.202736916004724, '_a5_': 1.1973309088810127, '_a0_': 1.0, '_a2_': 1.0, '_a3_': 1.0, '_a6_': 1.0, '_a7_': 1.0}};{'d0': 0.024905832919416657};-280.569866449044;49.75991082368823
37377;-90.5250224008333;(((pow2(((pow2(_a4_) * _a5_) + (x / log(_a5_)))) * _a1_) + (_a4_ * _a4_)) * x);{'d0': {'_a1_': 0.10952236979983884, '_a4_': 1.202736916004724, '_a5_': 1.1973309088810127, '_a0_': 1.0, '_a2_': 1.0, '_a3_': 1.0, '_a6_': 1.0, '_a7_': 1.0}};{'d0': 0.024905832919416657};-280.569866449044;49.75991082368823
37378;-104.549616141360;((((_a3_ * _a1_) + ((-(x) + _a1_) * x)) / _a0_) * x);{'d0': {'_a0_': -0.2961417869810577, '_a1_': -0.6238594153991017, '_a3_': 0.8426446052039112, '_a2_': 1.0, '_a4_': 1.0, '_a5_': 1.0, '_a6_': 1.0, '_a7_': 1.0}};{'d0': 0.024905832919416667};-280.569866449044;35.73531708316194
37379;-104.549616141360;((((_a3_ * _a1_) + ((-(x) + _a1_) * x)) / _a0_) * x);{'d0': {'_a0_': -0.2961417869810577, '_a1_': -0.6238594153991017, '_a3_': 0.8426446052039112, '_a2_': 1.0, '_a4_': 1.0, '_a5_': 1.0, '_a6_': 1.0, '_a7_': 1.0}};{'d0': 0.024905832919416667};-280.569866449044;35.73531708316194
37380;-104.549616141360;((((_a3_ * _a1_) + ((-(x) + _a1_) * x)) / _a0_) * x);{'d0': {'_a0_': -0.2961417869810577, '_a1_': -0.6238594153991017, '_a3_': 0.8426446052039112, '_a2_': 1.0, '_a4_': 1.0, '_a5_': 1.0, '_a6_': 1.0, '_a7_': 1.0}};{'d0': 0.024905832919416667};-280.569866449044;35.73531708316194
37381;-104.549616141360;((((_a3_ * _a1_) + ((-(x) + _a1_) * x)) / _a0_) * x);{'d0': {'_a0_': -0.2961417869810577, '_a1_': -0.6238594153991017, '_a3_': 0.8426446052039112, '_a2_': 1.0, '_a4_': 1.0, '_a5_': 1.0, '_a6_': 1.0, '_a7_': 1.0}};{'d0': 0.024905832919416667};-280.569866449044;35.73531708316194
37382;-104.549616141360;((((_a3_ * _a1_) + ((-(x) + _a1_) * x)) / _a0_) * x);{'d0': {'_a0_': -0.2961417869810577, '_a1_': -0.6238594153991017, '_a3_': 0.8426446052039112, '_a2_': 1.0, '_a4_': 1.0, '_a5_': 1.0, '_a6_': 1.0, '_a7_': 1.0}};{'d0': 0.024905832919416667};-280.569866449044;35.73531708316194
37383;-90.5250224008333;(((pow2(((pow2(_a4_) * _a5_) + (x / log(_a5_)))) * _a1_) + (_a4_ * _a4_)) * x);{'d0': {'_a1_': 0.10952236979983884, '_a4_': 1.202736916004724, '_a5_': 1.1973309088810127, '_a0_': 1.0, '_a2_': 1.0, '_a3_': 1.0, '_a6_': 1.0, '_a7_': 1.0}};{'d0': 0.024905832919416657};-280.569866449044;49.75991082368823
37384;-90.5250224008333;(((pow2(((pow2(_a4_) * _a5_) + (x / log(_a5_)))) * _a1_) + (_a4_ * _a4_)) * x);{'d0': {'_a1_': 0.10952236979983884, '_a4_': 1.202736916004724, '_a5_': 1.1973309088810127, '_a0_': 1.0, '_a2_': 1.0, '_a3_': 1.0, '_a6_': 1.0, '_a7_': 1.0}};{'d0': 0.024905832919416657};-280.569866449044;49.75991082368823
37385;-90.5250224008333;(((pow2(((pow2(_a4_) * _a5_) + (x / log(_a5_)))) * _a1_) + (_a4_ * _a4_)) * x);{'d0': {'_a1_': 0.10952236979983884, '_a4_': 1.202736916004724, '_a5_': 1.1973309088810127, '_a0_': 1.0, '_a2_': 1.0, '_a3_': 1.0, '_a6_': 1.0, '_a7_': 1.0}};{'d0': 0.024905832919416657};-280.569866449044;49.75991082368823
37386;-95.4743623262903;(((pow2(((pow2(_a4_) * _a5_) + (x / log(_a5_)))) * _a1_) + _a1_) * x);{'d0': {'_a1_': 1.4465760892168866, '_a4_': 0.4976702844360933, '_a5_': 1.9242116109993896, '_a0_': 1.0, '_a2_': 1.0, '_a3_': 1.0, '_a6_': 1.0, '_a7_': 1.0}};{'d0': 0.024905832919416684};-280.569866449043;44.810570898231234
37387;-95.4743623262903;(((pow2(((pow2(_a4_) * _a5_) + (x / log(_a5_)))) * _a1_) + _a1_) * x);{'d0': {'_a1_': 1.4465760892168866, '_a4_': 0.4976702844360933, '_a5_': 1.9242116109993896, '_a0_': 1.0, '_a2_': 1.0, '_a3_': 1.0, '_a6_': 1.0, '_a7_': 1.0}};{'d0': 0.024905832919416684};-280.569866449043;44.810570898231234
37388;-95.4743623262903;(((pow2(((pow2(_a4_) * _a5_) + (x / log(_a5_)))) * _a1_) + _a1_) * x);{'d0': {'_a1_': 1.4465760892168866, '_a4_': 0.4976702844360933, '_a5_': 1.9242116109993896, '_a0_': 1.0, '_a2_': 1.0, '_a3_': 1.0, '_a6_': 1.0, '_a7_': 1.0}};{'d0': 0.024905832919416684};-280.569866449043;44.810570898231234
37389;-95.4743623262903;(((pow2(((pow2(_a4_) * _a5_) + (x / log(_a5_)))) * _a1_) + _a1_) * x);{'d0': {'_a1_': 1.4465760892168866, '_a4_': 0.4976702844360933, '_a5_': 1.9242116109993896, '_a0_': 1.0, '_a2_': 1.0, '_a3_': 1.0, '_a6_': 1.0, '_a7_': 1.0}};{'d0': 0.024905832919416684};-280.569866449043;44.810570898231234
37390;-95.4743623262903;(((pow2(((pow2(_a4_) * _a5_) + (x / log(_a5_)))) * _a1_) + _a1_) * x);{'d0': {'_a1_': 1.4465760892168866, '_a4_': 0.4976702844360933, '_a5_': 1.9242116109993896, '_a0_': 1.0, '_a2_': 1.0, '_a3_': 1.0, '_a6_': 1.0, '_a7_': 1.0}};{'d0': 0.024905832919416684};-280.569866449043;44.810570898231234
37391;-95.4743623262903;(((pow2(((pow2(_a4_) * _a5_) + (x / log(_a5_)))) * _a1_) + _a1_) * x);{'d0': {'_a1_': 1.4465760892168866, '_a4_': 0.4976702844360933, '_a5_': 1.9242116109993896, '_a0_': 1.0, '_a2_': 1.0, '_a3_': 1.0, '_a6_': 1.0, '_a7_': 1.0}};{'d0': 0.024905832919416684};-280.569866449043;44.810570898231234
37392;-87.0798830106252;(_a0_ * -((x * (_a5_ * ((-(_a0_) * _a0_) + (pow2(x) + ((_a1_ * x) + _a1_)))))));{'d0': {'_a0_': -0.31331716274708166, '_a1_': 0.6238594154611053, '_a5_': 10.777452614327762, '_a2_': 1.0, '_a3_': 1.0, '_a4_': 1.0, '_a6_': 1.0, '_a7_': 1.0}};{'d0': 0.0249058329194166};-280.569866449044;53.20505021389654
37393;-87.0798830106252;(_a0_ * -((x * (_a5_ * ((-(_a0_) * _a0_) + (pow2(x) + ((_a1_ * x) + _a1_)))))));{'d0': {'_a0_': -0.31331716274708166, '_a1_': 0.6238594154611053, '_a5_': 10.777452614327762, '_a2_': 1.0, '_a3_': 1.0, '_a4_': 1.0, '_a6_': 1.0, '_a7_': 1.0}};{'d0': 0.0249058329194166};-280.569866449044;53.20505021389654
37394;-95.4743623262903;(((pow2(((pow2(_a4_) * _a5_) + (x / log(_a5_)))) * _a1_) + _a1_) * x);{'d0': {'_a1_': 1.4465760892168866, '_a4_': 0.4976702844360933, '_a5_': 1.9242116109993896, '_a0_': 1.0, '_a2_': 1.0, '_a3_': 1.0, '_a6_': 1.0, '_a7_': 1.0}};{'d0': 0.024905832919416684};-280.569866449043;44.810570898231234
37395;-95.4743623262903;(((pow2(((pow2(_a4_) * _a5_) + (x / log(_a5_)))) * _a1_) + _a1_) * x);{'d0': {'_a1_': 1.4465760892168866, '_a4_': 0.4976702844360933, '_a5_': 1.9242116109993896, '_a0_': 1.0, '_a2_': 1.0, '_a3_': 1.0, '_a6_': 1.0, '_a7_': 1.0}};{'d0': 0.024905832919416684};-280.569866449043;44.810570898231234
37396;-95.4743623262903;(((pow2(((pow2(_a4_) * _a5_) + (x / log(_a5_)))) * _a1_) + _a1_) * x);{'d0': {'_a1_': 1.4465760892168866, '_a4_': 0.4976702844360933, '_a5_': 1.9242116109993896, '_a0_': 1.0, '_a2_': 1.0, '_a3_': 1.0, '_a6_': 1.0, '_a7_': 1.0}};{'d0': 0.024905832919416684};-280.569866449043;44.810570898231234
37397;-95.4743623262903;(((pow2(((pow2(_a4_) * _a5_) + (x / log(_a5_)))) * _a1_) + _a1_) * x);{'d0': {'_a1_': 1.4465760892168866, '_a4_': 0.4976702844360933, '_a5_': 1.9242116109993896, '_a0_': 1.0, '_a2_': 1.0, '_a3_': 1.0, '_a6_': 1.0, '_a7_': 1.0}};{'d0': 0.024905832919416684};-280.569866449043;44.810570898231234
37398;-99.1722967989004;(((pow2(((_a2_ * _a5_) + (x / log(_a5_)))) * _a1_) + _a1_) * x);{'d0': {'_a1_': 1.4465760890647938, '_a2_': 0.247675712052904, '_a5_': 1.9242116108555025, '_a0_': 1.0, '_a3_': 1.0, '_a4_': 1.0, '_a6_': 1.0, '_a7_': 1.0}};{'d0': 0.024905832919416577};-280.569866449044;41.11263642562123
37399;-87.0798830106252;(_a0_ * -((x * (_a5_ * ((-(_a0_) * _a0_) + (pow2(x) + ((_a1_ * x) + _a1_)))))));{'d0': {'_a0_': -0.31331716274708166, '_a1_': 0.6238594154611053, '_a5_': 10.777452614327762, '_a2_': 1.0, '_a3_': 1.0, '_a4_': 1.0, '_a6_': 1.0, '_a7_': 1.0}};{'d0': 0.0249058329194166};-280.569866449044;53.20505021389654
37400;-87.0798830106252;(_a0_ * -((x * (_a5_ * ((-(_a0_) * _a0_) + (pow2(x) + ((_a1_ * x) + _a1_)))))));{'d0': {'_a0_': -0.31331716274708166, '_a1_': 0.6238594154611053, '_a5_': 10.777452614327762, '_a2_': 1.0, '_a3_': 1.0, '_a4_': 1.0, '_a6_': 1.0, '_a7_': 1.0}};{'d0': 0.0249058329194166};-280.569866449044;53.20505021389654
37401;-87.0798830106252;(_a0_ * -((x * (_a5_ * ((-(_a0_) * _a0_) + (pow2(x) + ((_a1_ * x) + _a1_)))))));{'d0': {'_a0_': -0.31331716274708166, '_a1_': 0.6238594154611053, '_a5_': 10.777452614327762, '_a2_': 1.0, '_a3_': 1.0, '_a4_': 1.0, '_a6_': 1.0, '_a7_': 1.0}};{'d0': 0.0249058329194166};-280.569866449044;53.20505021389654
37402;-87.0798830106252;(_a0_ * -((x * (_a5_ * ((-(_a0_) * _a0_) + (pow2(x) + ((_a1_ * x) + _a1_)))))));{'d0': {'_a0_': -0.31331716274708166, '_a1_': 0.6238594154611053, '_a5_': 10.777452614327762, '_a2_': 1.0, '_a3_': 1.0, '_a4_': 1.0, '_a6_': 1.0, '_a7_': 1.0}};{'d0': 0.0249058329194166};-280.569866449044;53.20505021389654
37403;-87.0798830106252;(_a0_ * -((x * (_a5_ * ((-(_a0_) * _a0_) + (pow2(x) + ((_a1_ * x) + _a1_)))))));{'d0': {'_a0_': -0.31331716274708166, '_a1_': 0.6238594154611053, '_a5_': 10.777452614327762, '_a2_': 1.0, '_a3_': 1.0, '_a4_': 1.0, '_a6_': 1.0, '_a7_': 1.0}};{'d0': 0.0249058329194166};-280.569866449044;53.20505021389654
37404;-87.0798830106252;(_a0_ * -((x * (_a5_ * ((-(_a0_) * _a0_) + (pow2(x) + ((_a1_ * x) + _a1_)))))));{'d0': {'_a0_': -0.31331716274708166, '_a1_': 0.6238594154611053, '_a5_': 10.777452614327762, '_a2_': 1.0, '_a3_': 1.0, '_a4_': 1.0, '_a6_': 1.0, '_a7_': 1.0}};{'d0': 0.0249058329194166};-280.569866449044;53.20505021389654
37405;-87.0798830106252;(_a0_ * -((x * (_a5_ * ((-(_a0_) * _a0_) + (pow2(x) + ((_a1_ * x) + _a1_)))))));{'d0': {'_a0_': -0.31331716274708166, '_a1_': 0.6238594154611053, '_a5_': 10.777452614327762, '_a2_': 1.0, '_a3_': 1.0, '_a4_': 1.0, '_a6_': 1.0, '_a7_': 1.0}};{'d0': 0.0249058329194166};-280.569866449044;53.20505021389654
37406;-104.549616141360;((((_a3_ * _a1_) + ((-(x) + _a1_) * x)) / _a0_) * x);{'d0': {'_a0_': -0.2961417869810577, '_a1_': -0.6238594153991017, '_a3_': 0.8426446052039112, '_a2_': 1.0, '_a4_': 1.0, '_a5_': 1.0, '_a6_': 1.0, '_a7_': 1.0}};{'d0': 0.024905832919416667};-280.569866449044;35.73531708316194
37407;-98.6290150923299;(((((_a7_ + x) * _a1_) + ((-(x) + _a1_) * x)) / _a0_) * x);{'d0': {'_a0_': -0.2961417868407555, '_a1_': -0.31192970776315715, '_a7_': 1.6852892092598941, '_a2_': 1.0, '_a3_': 1.0, '_a4_': 1.0, '_a5_': 1.0, '_a6_': 1.0}};{'d0': 0.024905832919416615};-280.569866449044;41.655918132191935
37408;-87.0798830106252;(_a0_ * -((x * (_a5_ * ((-(_a0_) * _a0_) + (pow2(x) + ((_a1_ * x) + _a1_)))))));{'d0': {'_a0_': -0.31331716274708166, '_a1_': 0.6238594154611053, '_a5_': 10.777452614327762, '_a2_': 1.0, '_a3_': 1.0, '_a4_': 1.0, '_a6_': 1.0, '_a7_': 1.0}};{'d0': 0.0249058329194166};-280.569866449044;53.20505021389654
37409;-87.0798830106252;(_a0_ * -((x * (_a5_ * ((-(_a0_) * _a0_) + (pow2(x) + ((_a1_ * x) + _a1_)))))));{'d0': {'_a0_': -0.31331716274708166, '_a1_': 0.6238594154611053, '_a5_': 10.777452614327762, '_a2_': 1.0, '_a3_': 1.0, '_a4_': 1.0, '_a6_': 1.0, '_a7_': 1.0}};{'d0': 0.0249058329194166};-280.569866449044;53.20505021389654
37410;-90.7603352488863;(_a0_ * -((x * (_a5_ * ((_a1_ * _a0_) + (pow2(x) + ((_a1_ * x) + _a1_)))))));{'d0': {'_a0_': -0.15735539970599677, '_a1_': 0.6238594157211524, '_a5_': 21.459453543564113, '_a2_': 1.0, '_a3_': 1.0, '_a4_': 1.0, '_a6_': 1.0, '_a7_': 1.0}};{'d0': 0.024905832919416632};-280.569866449044;49.52459797563537
37411;-90.7603352488863;(_a0_ * -((x * (_a5_ * ((_a1_ * _a0_) + (pow2(x) + ((_a1_ * x) + _a1_)))))));{'d0': {'_a0_': -0.15735539970599677, '_a1_': 0.6238594157211524, '_a5_': 21.459453543564113, '_a2_': 1.0, '_a3_': 1.0, '_a4_': 1.0, '_a6_': 1.0, '_a7_': 1.0}};{'d0': 0.024905832919416632};-280.569866449044;49.52459797563537
37412;-90.7603352488863;(_a0_ * -((x * (_a5_ * ((_a1_ * _a0_) + (pow2(x) + ((_a1_ * x) + _a1_)))))));{'d0': {'_a0_': -0.15735539970599677, '_a1_': 0.6238594157211524, '_a5_': 21.459453543564113, '_a2_': 1.0, '_a3_': 1.0, '_a4_': 1.0, '_a6_': 1.0, '_a7_': 1.0}};{'d0': 0.024905832919416632};-280.569866449044;49.52459797563537
37413;-90.7603352488863;(_a0_ * -((x * (_a5_ * ((_a1_ * _a0_) + (pow2(x) + ((_a1_ * x) + _a1_)))))));{'d0': {'_a0_': -0.15735539970599677, '_a1_': 0.6238594157211524, '_a5_': 21.459453543564113, '_a2_': 1.0, '_a3_': 1.0, '_a4_': 1.0, '_a6_': 1.0, '_a7_': 1.0}};{'d0': 0.024905832919416632};-280.569866449044;49.52459797563537
37414;-90.7603352488863;(_a0_ * -((x * (_a5_ * ((_a1_ * _a0_) + (pow2(x) + ((_a1_ * x) + _a1_)))))));{'d0': {'_a0_': -0.15735539970599677, '_a1_': 0.6238594157211524, '_a5_': 21.459453543564113, '_a2_': 1.0, '_a3_': 1.0, '_a4_': 1.0, '_a6_': 1.0, '_a7_': 1.0}};{'d0': 0.024905832919416632};-280.569866449044;49.52459797563537
37415;-90.7603352488863;(_a0_ * -((x * (_a5_ * ((_a1_ * _a0_) + (pow2(x) + ((_a1_ * x) + _a1_)))))));{'d0': {'_a0_': -0.15735539970599677, '_a1_': 0.6238594157211524, '_a5_': 21.459453543564113, '_a2_': 1.0, '_a3_': 1.0, '_a4_': 1.0, '_a6_': 1.0, '_a7_': 1.0}};{'d0': 0.024905832919416632};-280.569866449044;49.52459797563537
37416;-90.7603352488863;(_a0_ * -((x * (_a5_ * ((_a1_ * _a0_) + (pow2(x) + ((_a1_ * x) + _a1_)))))));{'d0': {'_a0_': -0.15735539970599677, '_a1_': 0.6238594157211524, '_a5_': 21.459453543564113, '_a2_': 1.0, '_a3_': 1.0, '_a4_': 1.0, '_a6_': 1.0, '_a7_': 1.0}};{'d0': 0.024905832919416632};-280.569866449044;49.52459797563537
37417;-90.7603352488863;(_a0_ * -((x * (_a5_ * ((_a1_ * _a0_) + (pow2(x) + ((_a1_ * x) + _a1_)))))));{'d0': {'_a0_': -0.15735539970599677, '_a1_': 0.6238594157211524, '_a5_': 21.459453543564113, '_a2_': 1.0, '_a3_': 1.0, '_a4_': 1.0, '_a6_': 1.0, '_a7_': 1.0}};{'d0': 0.024905832919416632};-280.569866449044;49.52459797563537
37418;-90.7603352488863;(_a0_ * -((x * (_a5_ * ((_a1_ * _a0_) + (pow2(x) + ((_a1_ * x) + _a1_)))))));{'d0': {'_a0_': -0.15735539970599677, '_a1_': 0.6238594157211524, '_a5_': 21.459453543564113, '_a2_': 1.0, '_a3_': 1.0, '_a4_': 1.0, '_a6_': 1.0, '_a7_': 1.0}};{'d0': 0.024905832919416632};-280.569866449044;49.52459797563537
37419;-90.7603352488863;(_a0_ * -((x * (_a5_ * ((_a1_ * _a0_) + (pow2(x) + ((_a1_ * x) + _a1_)))))));{'d0': {'_a0_': -0.15735539970599677, '_a1_': 0.6238594157211524, '_a5_': 21.459453543564113, '_a2_': 1.0, '_a3_': 1.0, '_a4_': 1.0, '_a6_': 1.0, '_a7_': 1.0}};{'d0': 0.024905832919416632};-280.569866449044;49.52459797563537
37420;-90.7603352488863;(_a0_ * -((x * (_a5_ * ((_a1_ * _a0_) + (pow2(x) + ((_a1_ * x) + _a1_)))))));{'d0': {'_a0_': -0.15735539970599677, '_a1_': 0.6238594157211524, '_a5_': 21.459453543564113, '_a2_': 1.0, '_a3_': 1.0, '_a4_': 1.0, '_a6_': 1.0, '_a7_': 1.0}};{'d0': 0.024905832919416632};-280.569866449044;49.52459797563537
37421;-90.7603352488863;(_a0_ * -((x * (_a5_ * ((_a1_ * _a0_) + (pow2(x) + ((_a1_ * x) + _a1_)))))));{'d0': {'_a0_': -0.15735539970599677, '_a1_': 0.6238594157211524, '_a5_': 21.459453543564113, '_a2_': 1.0, '_a3_': 1.0, '_a4_': 1.0, '_a6_': 1.0, '_a7_': 1.0}};{'d0': 0.024905832919416632};-280.569866449044;49.52459797563537
37422;-90.7603352488863;(_a0_ * -((x * (_a5_ * ((_a1_ * _a0_) + (pow2(x) + ((_a1_ * x) + _a1_)))))));{'d0': {'_a0_': -0.15735539970599677, '_a1_': 0.6238594157211524, '_a5_': 21.459453543564113, '_a2_': 1.0, '_a3_': 1.0, '_a4_': 1.0, '_a6_': 1.0, '_a7_': 1.0}};{'d0': 0.024905832919416632};-280.569866449044;49.52459797563537
37423;-90.7603352488863;(_a0_ * -((x * (_a5_ * ((_a1_ * _a0_) + (pow2(x) + ((_a1_ * x) + _a1_)))))));{'d0': {'_a0_': -0.15735539970599677, '_a1_': 0.6238594157211524, '_a5_': 21.459453543564113, '_a2_': 1.0, '_a3_': 1.0, '_a4_': 1.0, '_a6_': 1.0, '_a7_': 1.0}};{'d0': 0.024905832919416632};-280.569866449044;49.52459797563537
37424;-90.7603352488863;(_a0_ * -((x * (_a5_ * ((_a1_ * _a0_) + (pow2(x) + ((_a1_ * x) + _a1_)))))));{'d0': {'_a0_': -0.15735539970599677, '_a1_': 0.6238594157211524, '_a5_': 21.459453543564113, '_a2_': 1.0, '_a3_': 1.0, '_a4_': 1.0, '_a6_': 1.0, '_a7_': 1.0}};{'d0': 0.024905832919416632};-280.569866449044;49.52459797563537
37425;-90.7603352488863;(_a0_ * -((x * (_a5_ * ((_a1_ * _a0_) + (pow2(x) + ((_a1_ * x) + _a1_)))))));{'d0': {'_a0_': -0.15735539970599677, '_a1_': 0.6238594157211524, '_a5_': 21.459453543564113, '_a2_': 1.0, '_a3_': 1.0, '_a4_': 1.0, '_a6_': 1.0, '_a7_': 1.0}};{'d0': 0.024905832919416632};-280.569866449044;49.52459797563537
37426;-90.7603352488863;(_a0_ * -((x * (_a5_ * ((_a1_ * _a0_) + (pow2(x) + ((_a1_ * x) + _a1_)))))));{'d0': {'_a0_': -0.15735539970599677, '_a1_': 0.6238594157211524, '_a5_': 21.459453543564113, '_a2_': 1.0, '_a3_': 1.0, '_a4_': 1.0, '_a6_': 1.0, '_a7_': 1.0}};{'d0': 0.024905832919416632};-280.569866449044;49.52459797563537
37427;-90.7603352488863;(_a0_ * -((x * (_a5_ * ((_a1_ * _a0_) + (pow2(x) + ((_a1_ * x) + _a1_)))))));{'d0': {'_a0_': -0.15735539970599677, '_a1_': 0.6238594157211524, '_a5_': 21.459453543564113, '_a2_': 1.0, '_a3_': 1.0, '_a4_': 1.0, '_a6_': 1.0, '_a7_': 1.0}};{'d0': 0.024905832919416632};-280.569866449044;49.52459797563537
37428;-98.6290150923298;(((((_a7_ + x) * _a1_) + ((-(x) + _a0_) * x)) / _a0_) * x);{'d0': {'_a0_': -0.2961417865624826, '_a1_': -0.3277176292840783, '_a7_': 1.6040997587618453, '_a2_': 1.0, '_a3_': 1.0, '_a4_': 1.0, '_a5_': 1.0, '_a6_': 1.0}};{'d0': 0.024905832919416632};-280.569866449044;41.655918132191935
37429;-98.6290150923298;(((((_a7_ + x) * _a1_) + ((-(x) + _a0_) * x)) / _a0_) * x);{'d0': {'_a0_': -0.2961417865624826, '_a1_': -0.3277176292840783, '_a7_': 1.6040997587618453, '_a2_': 1.0, '_a3_': 1.0, '_a4_': 1.0, '_a5_': 1.0, '_a6_': 1.0}};{'d0': 0.024905832919416632};-280.569866449044;41.655918132191935
37430;-98.6290150923298;(((((_a7_ + x) * _a1_) + ((-(x) + _a0_) * x)) / _a0_) * x);{'d0': {'_a0_': -0.2961417865624826, '_a1_': -0.3277176292840783, '_a7_': 1.6040997587618453, '_a2_': 1.0, '_a3_': 1.0, '_a4_': 1.0, '_a5_': 1.0, '_a6_': 1.0}};{'d0': 0.024905832919416632};-280.569866449044;41.655918132191935
37431;-98.6290150923298;(((((_a7_ + x) * _a1_) + ((-(x) + _a0_) * x)) / _a0_) * x);{'d0': {'_a0_': -0.2961417865624826, '_a1_': -0.3277176292840783, '_a7_': 1.6040997587618453, '_a2_': 1.0, '_a3_': 1.0, '_a4_': 1.0, '_a5_': 1.0, '_a6_': 1.0}};{'d0': 0.024905832919416632};-280.569866449044;41.655918132191935
37432;-98.6290150923298;(((((_a7_ + x) * _a1_) + ((-(x) + _a0_) * x)) / _a0_) * x);{'d0': {'_a0_': -0.2961417865624826, '_a1_': -0.3277176292840783, '_a7_': 1.6040997587618453, '_a2_': 1.0, '_a3_': 1.0, '_a4_': 1.0, '_a5_': 1.0, '_a6_': 1.0}};{'d0': 0.024905832919416632};-280.569866449044;41.655918132191935
37433;-98.6290150923298;(((((_a7_ + x) * _a1_) + ((-(x) + _a0_) * x)) / _a0_) * x);{'d0': {'_a0_': -0.2961417865624826, '_a1_': -0.3277176292840783, '_a7_': 1.6040997587618453, '_a2_': 1.0, '_a3_': 1.0, '_a4_': 1.0, '_a5_': 1.0, '_a6_': 1.0}};{'d0': 0.024905832919416632};-280.569866449044;41.655918132191935
37434;-98.6290150923298;(((((_a7_ + x) * _a1_) + ((-(x) + _a0_) * x)) / _a0_) * x);{'d0': {'_a0_': -0.2961417865624826, '_a1_': -0.3277176292840783, '_a7_': 1.6040997587618453, '_a2_': 1.0, '_a3_': 1.0, '_a4_': 1.0, '_a5_': 1.0, '_a6_': 1.0}};{'d0': 0.024905832919416632};-280.569866449044;41.655918132191935
37435;-98.6290150923298;(((((_a7_ + x) * _a1_) + ((-(x) + _a0_) * x)) / _a0_) * x);{'d0': {'_a0_': -0.2961417865624826, '_a1_': -0.3277176292840783, '_a7_': 1.6040997587618453, '_a2_': 1.0, '_a3_': 1.0, '_a4_': 1.0, '_a5_': 1.0, '_a6_': 1.0}};{'d0': 0.024905832919416632};-280.569866449044;41.655918132191935
37436;-90.7603352488863;(_a0_ * -((x * (_a5_ * ((_a1_ * _a0_) + (pow2(x) + ((_a1_ * x) + _a1_)))))));{'d0': {'_a0_': -0.15735539970599677, '_a1_': 0.6238594157211524, '_a5_': 21.459453543564113, '_a2_': 1.0, '_a3_': 1.0, '_a4_': 1.0, '_a6_': 1.0, '_a7_': 1.0}};{'d0': 0.024905832919416632};-280.569866449044;49.52459797563537
37437;-90.7603352488863;(_a0_ * -((x * (_a5_ * ((_a1_ * _a0_) + (pow2(x) + ((_a1_ * x) + _a1_)))))));{'d0': {'_a0_': -0.15735539970599677, '_a1_': 0.6238594157211524, '_a5_': 21.459453543564113, '_a2_': 1.0, '_a3_': 1.0, '_a4_': 1.0, '_a6_': 1.0, '_a7_': 1.0}};{'d0': 0.024905832919416632};-280.569866449044;49.52459797563537
37438;-90.7603352488863;(_a0_ * -((x * (_a5_ * ((_a1_ * _a0_) + (pow2(x) + ((_a1_ * x) + _a1_)))))));{'d0': {'_a0_': -0.15735539970599677, '_a1_': 0.6238594157211524, '_a5_': 21.459453543564113, '_a2_': 1.0, '_a3_': 1.0, '_a4_': 1.0, '_a6_': 1.0, '_a7_': 1.0}};{'d0': 0.024905832919416632};-280.569866449044;49.52459797563537
37439;-90.7603352488863;(_a0_ * -((x * (_a5_ * ((_a1_ * _a0_) + (pow2(x) + ((_a1_ * x) + _a1_)))))));{'d0': {'_a0_': -0.15735539970599677, '_a1_': 0.6238594157211524, '_a5_': 21.459453543564113, '_a2_': 1.0, '_a3_': 1.0, '_a4_': 1.0, '_a6_': 1.0, '_a7_': 1.0}};{'d0': 0.024905832919416632};-280.569866449044;49.52459797563537
37440;-90.7603352488863;(_a0_ * -((x * (_a5_ * ((_a1_ * _a0_) + (pow2(x) + ((_a1_ * x) + _a1_)))))));{'d0': {'_a0_': -0.15735539970599677, '_a1_': 0.6238594157211524, '_a5_': 21.459453543564113, '_a2_': 1.0, '_a3_': 1.0, '_a4_': 1.0, '_a6_': 1.0, '_a7_': 1.0}};{'d0': 0.024905832919416632};-280.569866449044;49.52459797563537
37441;-90.7603352488863;(_a0_ * -((x * (_a5_ * ((_a1_ * _a0_) + (pow2(x) + ((_a1_ * x) + _a1_)))))));{'d0': {'_a0_': -0.15735539970599677, '_a1_': 0.6238594157211524, '_a5_': 21.459453543564113, '_a2_': 1.0, '_a3_': 1.0, '_a4_': 1.0, '_a6_': 1.0, '_a7_': 1.0}};{'d0': 0.024905832919416632};-280.569866449044;49.52459797563537
37442;-90.7603352488863;(_a0_ * -((x * (_a5_ * ((_a1_ * _a0_) + (pow2(x) + ((_a1_ * x) + _a1_)))))));{'d0': {'_a0_': -0.15735539970599677, '_a1_': 0.6238594157211524, '_a5_': 21.459453543564113, '_a2_': 1.0, '_a3_': 1.0, '_a4_': 1.0, '_a6_': 1.0, '_a7_': 1.0}};{'d0': 0.024905832919416632};-280.569866449044;49.52459797563537
37443;-90.7603352488863;(_a0_ * -((x * (_a5_ * ((_a1_ * _a0_) + (pow2(x) + ((_a1_ * x) + _a1_)))))));{'d0': {'_a0_': -0.15735539970599677, '_a1_': 0.6238594157211524, '_a5_': 21.459453543564113, '_a2_': 1.0, '_a3_': 1.0, '_a4_': 1.0, '_a6_': 1.0, '_a7_': 1.0}};{'d0': 0.024905832919416632};-280.569866449044;49.52459797563537
37444;-90.7603352488863;(_a0_ * -((x * (_a5_ * ((_a1_ * _a0_) + (pow2(x) + ((_a1_ * x) + _a1_)))))));{'d0': {'_a0_': -0.15735539970599677, '_a1_': 0.6238594157211524, '_a5_': 21.459453543564113, '_a2_': 1.0, '_a3_': 1.0, '_a4_': 1.0, '_a6_': 1.0, '_a7_': 1.0}};{'d0': 0.024905832919416632};-280.569866449044;49.52459797563537
37445;-90.7603352488863;(_a0_ * -((x * (_a5_ * ((_a1_ * _a0_) + (pow2(x) + ((_a1_ * x) + _a1_)))))));{'d0': {'_a0_': -0.15735539970599677, '_a1_': 0.6238594157211524, '_a5_': 21.459453543564113, '_a2_': 1.0, '_a3_': 1.0, '_a4_': 1.0, '_a6_': 1.0, '_a7_': 1.0}};{'d0': 0.024905832919416632};-280.569866449044;49.52459797563537
37446;-90.7603352488863;(_a0_ * -((x * (_a5_ * ((_a1_ * _a0_) + (pow2(x) + ((_a1_ * x) + _a1_)))))));{'d0': {'_a0_': -0.15735539970599677, '_a1_': 0.6238594157211524, '_a5_': 21.459453543564113, '_a2_': 1.0, '_a3_': 1.0, '_a4_': 1.0, '_a6_': 1.0, '_a7_': 1.0}};{'d0': 0.024905832919416632};-280.569866449044;49.52459797563537
37447;-90.7603352488863;(_a0_ * -((x * (_a5_ * ((_a1_ * _a0_) + (pow2(x) + ((_a1_ * x) + _a1_)))))));{'d0': {'_a0_': -0.15735539970599677, '_a1_': 0.6238594157211524, '_a5_': 21.459453543564113, '_a2_': 1.0, '_a3_': 1.0, '_a4_': 1.0, '_a6_': 1.0, '_a7_': 1.0}};{'d0': 0.024905832919416632};-280.569866449044;49.52459797563537
37448;-90.7603352488863;(_a0_ * -((x * (_a5_ * ((_a1_ * _a0_) + (pow2(x) + ((_a1_ * x) + _a1_)))))));{'d0': {'_a0_': -0.15735539970599677, '_a1_': 0.6238594157211524, '_a5_': 21.459453543564113, '_a2_': 1.0, '_a3_': 1.0, '_a4_': 1.0, '_a6_': 1.0, '_a7_': 1.0}};{'d0': 0.024905832919416632};-280.569866449044;49.52459797563537
37449;-90.7603352488863;(_a0_ * -((x * (_a5_ * ((_a1_ * _a0_) + (pow2(x) + ((_a1_ * x) + _a1_)))))));{'d0': {'_a0_': -0.15735539970599677, '_a1_': 0.6238594157211524, '_a5_': 21.459453543564113, '_a2_': 1.0, '_a3_': 1.0, '_a4_': 1.0, '_a6_': 1.0, '_a7_': 1.0}};{'d0': 0.024905832919416632};-280.569866449044;49.52459797563537
37450;-97.5589854223308;(((((_a7_ ** x) * _a1_) + ((-(x) + _a0_) * x)) / _a0_) * x);{'d0': {'_a0_': -0.3230550387505438, '_a1_': -0.5699745504402659, '_a7_': 1.8643617804570676, '_a2_': 1.0, '_a3_': 1.0, '_a4_': 1.0, '_a5_': 1.0, '_a6_': 1.0}};{'d0': 0.025178860554674304};-279.915701703186;42.39886542926193
37451;-97.5589854223308;(((((_a7_ ** x) * _a1_) + ((-(x) + _a0_) * x)) / _a0_) * x);{'d0': {'_a0_': -0.3230550387505438, '_a1_': -0.5699745504402659, '_a7_': 1.8643617804570676, '_a2_': 1.0, '_a3_': 1.0, '_a4_': 1.0, '_a5_': 1.0, '_a6_': 1.0}};{'d0': 0.025178860554674304};-279.915701703186;42.39886542926193
37452;-97.5589854223308;(((((_a7_ ** x) * _a1_) + ((-(x) + _a0_) * x)) / _a0_) * x);{'d0': {'_a0_': -0.3230550387505438, '_a1_': -0.5699745504402659, '_a7_': 1.8643617804570676, '_a2_': 1.0, '_a3_': 1.0, '_a4_': 1.0, '_a5_': 1.0, '_a6_': 1.0}};{'d0': 0.025178860554674304};-279.915701703186;42.39886542926193
37453;-97.5589854223308;(((((_a7_ ** x) * _a1_) + ((-(x) + _a0_) * x)) / _a0_) * x);{'d0': {'_a0_': -0.3230550387505438, '_a1_': -0.5699745504402659, '_a7_': 1.8643617804570676, '_a2_': 1.0, '_a3_': 1.0, '_a4_': 1.0, '_a5_': 1.0, '_a6_': 1.0}};{'d0': 0.025178860554674304};-279.915701703186;42.39886542926193
37454;-97.5589854223308;(((((_a7_ ** x) * _a1_) + ((-(x) + _a0_) * x)) / _a0_) * x);{'d0': {'_a0_': -0.3230550387505438, '_a1_': -0.5699745504402659, '_a7_': 1.8643617804570676, '_a2_': 1.0, '_a3_': 1.0, '_a4_': 1.0, '_a5_': 1.0, '_a6_': 1.0}};{'d0': 0.025178860554674304};-279.915701703186;42.39886542926193
37455;-97.5589854223308;(((((_a7_ ** x) * _a1_) + ((-(x) + _a0_) * x)) / _a0_) * x);{'d0': {'_a0_': -0.3230550387505438, '_a1_': -0.5699745504402659, '_a7_': 1.8643617804570676, '_a2_': 1.0, '_a3_': 1.0, '_a4_': 1.0, '_a5_': 1.0, '_a6_': 1.0}};{'d0': 0.025178860554674304};-279.915701703186;42.39886542926193
37456;-95.8209081929401;(((pow2((_a0_ + (x / (_a5_ ** (_a0_ * _a3_))))) * _a1_) + _a1_) * x);{'d0': {'_a0_': 0.4765804806891066, '_a1_': 1.446576089598445, '_a3_': 1.3130612917821736, '_a5_': 0.5079719961957916, '_a2_': 1.0, '_a4_': 1.0, '_a6_': 1.0, '_a7_': 1.0}};{'d0': 0.024905832926771503};-276.475521869103;42.41685274161124
37457;-95.8209081929401;(((pow2((_a0_ + (x / (_a5_ ** (_a0_ * _a3_))))) * _a1_) + _a1_) * x);{'d0': {'_a0_': 0.4765804806891066, '_a1_': 1.446576089598445, '_a3_': 1.3130612917821736, '_a5_': 0.5079719961957916, '_a2_': 1.0, '_a4_': 1.0, '_a6_': 1.0, '_a7_': 1.0}};{'d0': 0.024905832926771503};-276.475521869103;42.41685274161124
37458;-95.8209081929401;(((pow2((_a0_ + (x / (_a5_ ** (_a0_ * _a3_))))) * _a1_) + _a1_) * x);{'d0': {'_a0_': 0.4765804806891066, '_a1_': 1.446576089598445, '_a3_': 1.3130612917821736, '_a5_': 0.5079719961957916, '_a2_': 1.0, '_a4_': 1.0, '_a6_': 1.0, '_a7_': 1.0}};{'d0': 0.024905832926771503};-276.475521869103;42.41685274161124
37459;-95.8209081929401;(((pow2((_a0_ + (x / (_a5_ ** (_a0_ * _a3_))))) * _a1_) + _a1_) * x);{'d0': {'_a0_': 0.4765804806891066, '_a1_': 1.446576089598445, '_a3_': 1.3130612917821736, '_a5_': 0.5079719961957916, '_a2_': 1.0, '_a4_': 1.0, '_a6_': 1.0, '_a7_': 1.0}};{'d0': 0.024905832926771503};-276.475521869103;42.41685274161124
37460;-95.8209081929401;(((pow2((_a0_ + (x / (_a5_ ** (_a0_ * _a3_))))) * _a1_) + _a1_) * x);{'d0': {'_a0_': 0.4765804806891066, '_a1_': 1.446576089598445, '_a3_': 1.3130612917821736, '_a5_': 0.5079719961957916, '_a2_': 1.0, '_a4_': 1.0, '_a6_': 1.0, '_a7_': 1.0}};{'d0': 0.024905832926771503};-276.475521869103;42.41685274161124
37461;-95.8209081929401;(((pow2((_a0_ + (x / (_a5_ ** (_a0_ * _a3_))))) * _a1_) + _a1_) * x);{'d0': {'_a0_': 0.4765804806891066, '_a1_': 1.446576089598445, '_a3_': 1.3130612917821736, '_a5_': 0.5079719961957916, '_a2_': 1.0, '_a4_': 1.0, '_a6_': 1.0, '_a7_': 1.0}};{'d0': 0.024905832926771503};-276.475521869103;42.41685274161124
37462;-100.697890840934;(((pow2((_a0_ + (x / (_a5_ ** _a6_)))) * _a1_) + _a1_) * x);{'d0': {'_a0_': 0.47658048083946236, '_a1_': 1.4465760890495571, '_a5_': 0.654516331054628, '_a2_': 1.0, '_a3_': 1.0, '_a4_': 1.0, '_a6_': 1.0, '_a7_': 1.0}};{'d0': 0.024905832919416594};-276.475521886822;37.539870102476236
37463;-100.697890840934;(((pow2((_a0_ + (x / (_a5_ ** _a6_)))) * _a1_) + _a1_) * x);{'d0': {'_a0_': 0.47658048083946236, '_a1_': 1.4465760890495571, '_a5_': 0.654516331054628, '_a2_': 1.0, '_a3_': 1.0, '_a4_': 1.0, '_a6_': 1.0, '_a7_': 1.0}};{'d0': 0.024905832919416594};-276.475521886822;37.539870102476236
37464;-100.697890840934;(((pow2((_a0_ + (x / (_a5_ ** _a6_)))) * _a1_) + _a1_) * x);{'d0': {'_a0_': 0.47658048083946236, '_a1_': 1.4465760890495571, '_a5_': 0.654516331054628, '_a2_': 1.0, '_a3_': 1.0, '_a4_': 1.0, '_a6_': 1.0, '_a7_': 1.0}};{'d0': 0.024905832919416594};-276.475521886822;37.539870102476236
37465;-100.697890840934;(((pow2((_a0_ + (x / (_a5_ ** _a6_)))) * _a1_) + _a1_) * x);{'d0': {'_a0_': 0.47658048083946236, '_a1_': 1.4465760890495571, '_a5_': 0.654516331054628, '_a2_': 1.0, '_a3_': 1.0, '_a4_': 1.0, '_a6_': 1.0, '_a7_': 1.0}};{'d0': 0.024905832919416594};-276.475521886822;37.539870102476236
37466;-100.697890840934;(((pow2((_a0_ + (x / (_a5_ ** _a6_)))) * _a1_) + _a1_) * x);{'d0': {'_a0_': 0.47658048083946236, '_a1_': 1.4465760890495571, '_a5_': 0.654516331054628, '_a2_': 1.0, '_a3_': 1.0, '_a4_': 1.0, '_a6_': 1.0, '_a7_': 1.0}};{'d0': 0.024905832919416594};-276.475521886822;37.539870102476236
37467;-100.697890840934;(((pow2((_a0_ + (x / (_a5_ ** _a6_)))) * _a1_) + _a1_) * x);{'d0': {'_a0_': 0.47658048083946236, '_a1_': 1.4465760890495571, '_a5_': 0.654516331054628, '_a2_': 1.0, '_a3_': 1.0, '_a4_': 1.0, '_a6_': 1.0, '_a7_': 1.0}};{'d0': 0.024905832919416594};-276.475521886822;37.539870102476236
37468;-100.697890840934;(((pow2((_a0_ + (x / (_a5_ ** _a6_)))) * _a1_) + _a1_) * x);{'d0': {'_a0_': 0.47658048083946236, '_a1_': 1.4465760890495571, '_a5_': 0.654516331054628, '_a2_': 1.0, '_a3_': 1.0, '_a4_': 1.0, '_a6_': 1.0, '_a7_': 1.0}};{'d0': 0.024905832919416594};-276.475521886822;37.539870102476236
37469;-100.697890840934;(((pow2((_a0_ + (x / (_a5_ ** _a6_)))) * _a1_) + _a1_) * x);{'d0': {'_a0_': 0.47658048083946236, '_a1_': 1.4465760890495571, '_a5_': 0.654516331054628, '_a2_': 1.0, '_a3_': 1.0, '_a4_': 1.0, '_a6_': 1.0, '_a7_': 1.0}};{'d0': 0.024905832919416594};-276.475521886822;37.539870102476236
37470;-100.697890840934;(((pow2((_a0_ + (x / (_a5_ ** _a6_)))) * _a1_) + _a1_) * x);{'d0': {'_a0_': 0.47658048083946236, '_a1_': 1.4465760890495571, '_a5_': 0.654516331054628, '_a2_': 1.0, '_a3_': 1.0, '_a4_': 1.0, '_a6_': 1.0, '_a7_': 1.0}};{'d0': 0.024905832919416594};-276.475521886822;37.539870102476236
37471;-100.697890840934;(((pow2((_a0_ + (x / (_a5_ ** _a6_)))) * _a1_) + _a1_) * x);{'d0': {'_a0_': 0.47658048083946236, '_a1_': 1.4465760890495571, '_a5_': 0.654516331054628, '_a2_': 1.0, '_a3_': 1.0, '_a4_': 1.0, '_a6_': 1.0, '_a7_': 1.0}};{'d0': 0.024905832919416594};-276.475521886822;37.539870102476236
37472;-100.697890840934;(((pow2((_a0_ + (x / (_a5_ ** _a6_)))) * _a1_) + _a1_) * x);{'d0': {'_a0_': 0.47658048083946236, '_a1_': 1.4465760890495571, '_a5_': 0.654516331054628, '_a2_': 1.0, '_a3_': 1.0, '_a4_': 1.0, '_a6_': 1.0, '_a7_': 1.0}};{'d0': 0.024905832919416594};-276.475521886822;37.539870102476236
37473;-100.697890840934;(((pow2((_a0_ + (x / (_a5_ ** _a6_)))) * _a1_) + _a1_) * x);{'d0': {'_a0_': 0.47658048083946236, '_a1_': 1.4465760890495571, '_a5_': 0.654516331054628, '_a2_': 1.0, '_a3_': 1.0, '_a4_': 1.0, '_a6_': 1.0, '_a7_': 1.0}};{'d0': 0.024905832919416594};-276.475521886822;37.539870102476236
37474;-100.697890840934;(((pow2((_a0_ + (x / (_a5_ ** _a6_)))) * _a1_) + _a1_) * x);{'d0': {'_a0_': 0.47658048083946236, '_a1_': 1.4465760890495571, '_a5_': 0.654516331054628, '_a2_': 1.0, '_a3_': 1.0, '_a4_': 1.0, '_a6_': 1.0, '_a7_': 1.0}};{'d0': 0.024905832919416594};-276.475521886822;37.539870102476236
37475;-100.697890840934;(((pow2((_a0_ + (x / (_a5_ ** _a6_)))) * _a1_) + _a1_) * x);{'d0': {'_a0_': 0.47658048083946236, '_a1_': 1.4465760890495571, '_a5_': 0.654516331054628, '_a2_': 1.0, '_a3_': 1.0, '_a4_': 1.0, '_a6_': 1.0, '_a7_': 1.0}};{'d0': 0.024905832919416594};-276.475521886822;37.539870102476236
37476;-100.697890840934;(((pow2((_a0_ + (x / (_a5_ ** _a6_)))) * _a1_) + _a1_) * x);{'d0': {'_a0_': 0.47658048083946236, '_a1_': 1.4465760890495571, '_a5_': 0.654516331054628, '_a2_': 1.0, '_a3_': 1.0, '_a4_': 1.0, '_a6_': 1.0, '_a7_': 1.0}};{'d0': 0.024905832919416594};-276.475521886822;37.539870102476236
37477;-100.697890840934;(((pow2((_a0_ + (x / (_a5_ ** _a6_)))) * _a1_) + _a1_) * x);{'d0': {'_a0_': 0.47658048083946236, '_a1_': 1.4465760890495571, '_a5_': 0.654516331054628, '_a2_': 1.0, '_a3_': 1.0, '_a4_': 1.0, '_a6_': 1.0, '_a7_': 1.0}};{'d0': 0.024905832919416594};-276.475521886822;37.539870102476236
37478;-100.697890840934;(((pow2((_a0_ + (x / (_a5_ ** _a6_)))) * _a1_) + _a1_) * x);{'d0': {'_a0_': 0.47658048083946236, '_a1_': 1.4465760890495571, '_a5_': 0.654516331054628, '_a2_': 1.0, '_a3_': 1.0, '_a4_': 1.0, '_a6_': 1.0, '_a7_': 1.0}};{'d0': 0.024905832919416594};-276.475521886822;37.539870102476236
37479;-100.697890840934;(((pow2((_a0_ + (x / (_a5_ ** _a6_)))) * _a1_) + _a1_) * x);{'d0': {'_a0_': 0.47658048083946236, '_a1_': 1.4465760890495571, '_a5_': 0.654516331054628, '_a2_': 1.0, '_a3_': 1.0, '_a4_': 1.0, '_a6_': 1.0, '_a7_': 1.0}};{'d0': 0.024905832919416594};-276.475521886822;37.539870102476236
37480;-100.697890840934;(((pow2((_a0_ + (x / (_a5_ ** _a6_)))) * _a1_) + _a1_) * x);{'d0': {'_a0_': 0.47658048083946236, '_a1_': 1.4465760890495571, '_a5_': 0.654516331054628, '_a2_': 1.0, '_a3_': 1.0, '_a4_': 1.0, '_a6_': 1.0, '_a7_': 1.0}};{'d0': 0.024905832919416594};-276.475521886822;37.539870102476236
37481;-100.697890840934;(((pow2((_a0_ + (x / (_a5_ ** _a6_)))) * _a1_) + _a1_) * x);{'d0': {'_a0_': 0.47658048083946236, '_a1_': 1.4465760890495571, '_a5_': 0.654516331054628, '_a2_': 1.0, '_a3_': 1.0, '_a4_': 1.0, '_a6_': 1.0, '_a7_': 1.0}};{'d0': 0.024905832919416594};-276.475521886822;37.539870102476236
37482;-100.697890840934;(((pow2((_a0_ + (x / (_a5_ ** _a6_)))) * _a1_) + _a1_) * x);{'d0': {'_a0_': 0.47658048083946236, '_a1_': 1.4465760890495571, '_a5_': 0.654516331054628, '_a2_': 1.0, '_a3_': 1.0, '_a4_': 1.0, '_a6_': 1.0, '_a7_': 1.0}};{'d0': 0.024905832919416594};-276.475521886822;37.539870102476236
37483;-100.697890840934;(((pow2((_a0_ + (x / (_a5_ ** _a6_)))) * _a1_) + _a1_) * x);{'d0': {'_a0_': 0.47658048083946236, '_a1_': 1.4465760890495571, '_a5_': 0.654516331054628, '_a2_': 1.0, '_a3_': 1.0, '_a4_': 1.0, '_a6_': 1.0, '_a7_': 1.0}};{'d0': 0.024905832919416594};-276.475521886822;37.539870102476236
37484;-100.697890840934;(((pow2((_a0_ + (x / (_a5_ ** _a6_)))) * _a1_) + _a1_) * x);{'d0': {'_a0_': 0.47658048083946236, '_a1_': 1.4465760890495571, '_a5_': 0.654516331054628, '_a2_': 1.0, '_a3_': 1.0, '_a4_': 1.0, '_a6_': 1.0, '_a7_': 1.0}};{'d0': 0.024905832919416594};-276.475521886822;37.539870102476236
37485;-100.697890840934;(((pow2((_a0_ + (x / (_a5_ ** _a6_)))) * _a1_) + _a1_) * x);{'d0': {'_a0_': 0.47658048083946236, '_a1_': 1.4465760890495571, '_a5_': 0.654516331054628, '_a2_': 1.0, '_a3_': 1.0, '_a4_': 1.0, '_a6_': 1.0, '_a7_': 1.0}};{'d0': 0.024905832919416594};-276.475521886822;37.539870102476236
37486;-100.697890840934;(((pow2((_a0_ + (x / (_a5_ ** _a6_)))) * _a1_) + _a1_) * x);{'d0': {'_a0_': 0.47658048083946236, '_a1_': 1.4465760890495571, '_a5_': 0.654516331054628, '_a2_': 1.0, '_a3_': 1.0, '_a4_': 1.0, '_a6_': 1.0, '_a7_': 1.0}};{'d0': 0.024905832919416594};-276.475521886822;37.539870102476236
37487;-100.697890840934;(((pow2((_a0_ + (x / (_a5_ ** _a6_)))) * _a1_) + _a1_) * x);{'d0': {'_a0_': 0.47658048083946236, '_a1_': 1.4465760890495571, '_a5_': 0.654516331054628, '_a2_': 1.0, '_a3_': 1.0, '_a4_': 1.0, '_a6_': 1.0, '_a7_': 1.0}};{'d0': 0.024905832919416594};-276.475521886822;37.539870102476236
37488;-90.7603352488863;(_a0_ * -((x * (_a5_ * ((_a1_ * _a0_) + (pow2(x) + ((_a1_ * x) + _a1_)))))));{'d0': {'_a0_': -0.15735539970599677, '_a1_': 0.6238594157211524, '_a5_': 21.459453543564113, '_a2_': 1.0, '_a3_': 1.0, '_a4_': 1.0, '_a6_': 1.0, '_a7_': 1.0}};{'d0': 0.024905832919416632};-280.569866449044;49.52459797563537
37489;-100.697890840934;(((pow2((_a0_ + (x / (_a5_ ** _a6_)))) * _a1_) + _a1_) * x);{'d0': {'_a0_': 0.47658048083946236, '_a1_': 1.4465760890495571, '_a5_': 0.654516331054628, '_a2_': 1.0, '_a3_': 1.0, '_a4_': 1.0, '_a6_': 1.0, '_a7_': 1.0}};{'d0': 0.024905832919416594};-276.475521886822;37.539870102476236
37490;-100.697890840934;(((pow2((_a0_ + (x / (_a5_ ** _a6_)))) * _a1_) + _a1_) * x);{'d0': {'_a0_': 0.47658048083946236, '_a1_': 1.4465760890495571, '_a5_': 0.654516331054628, '_a2_': 1.0, '_a3_': 1.0, '_a4_': 1.0, '_a6_': 1.0, '_a7_': 1.0}};{'d0': 0.024905832919416594};-276.475521886822;37.539870102476236
37491;-100.697890840934;(((pow2((_a0_ + (x / (_a5_ ** _a6_)))) * _a1_) + _a1_) * x);{'d0': {'_a0_': 0.47658048083946236, '_a1_': 1.4465760890495571, '_a5_': 0.654516331054628, '_a2_': 1.0, '_a3_': 1.0, '_a4_': 1.0, '_a6_': 1.0, '_a7_': 1.0}};{'d0': 0.024905832919416594};-276.475521886822;37.539870102476236
37492;-100.697890840934;(((pow2((_a0_ + (x / (_a5_ ** _a6_)))) * _a1_) + _a1_) * x);{'d0': {'_a0_': 0.47658048083946236, '_a1_': 1.4465760890495571, '_a5_': 0.654516331054628, '_a2_': 1.0, '_a3_': 1.0, '_a4_': 1.0, '_a6_': 1.0, '_a7_': 1.0}};{'d0': 0.024905832919416594};-276.475521886822;37.539870102476236
37493;-100.697890840934;(((pow2((_a0_ + (x / (_a5_ ** _a6_)))) * _a1_) + _a1_) * x);{'d0': {'_a0_': 0.47658048083946236, '_a1_': 1.4465760890495571, '_a5_': 0.654516331054628, '_a2_': 1.0, '_a3_': 1.0, '_a4_': 1.0, '_a6_': 1.0, '_a7_': 1.0}};{'d0': 0.024905832919416594};-276.475521886822;37.539870102476236
37494;-100.697890840934;(((pow2((_a0_ + (x / (_a5_ ** _a6_)))) * _a1_) + _a1_) * x);{'d0': {'_a0_': 0.47658048083946236, '_a1_': 1.4465760890495571, '_a5_': 0.654516331054628, '_a2_': 1.0, '_a3_': 1.0, '_a4_': 1.0, '_a6_': 1.0, '_a7_': 1.0}};{'d0': 0.024905832919416594};-276.475521886822;37.539870102476236
37495;-100.697890840934;(((pow2((_a0_ + (x / (_a5_ ** _a6_)))) * _a1_) + _a1_) * x);{'d0': {'_a0_': 0.47658048083946236, '_a1_': 1.4465760890495571, '_a5_': 0.654516331054628, '_a2_': 1.0, '_a3_': 1.0, '_a4_': 1.0, '_a6_': 1.0, '_a7_': 1.0}};{'d0': 0.024905832919416594};-276.475521886822;37.539870102476236
37496;-100.697890840934;(((pow2((_a0_ + (x / (_a5_ ** _a6_)))) * _a1_) + _a1_) * x);{'d0': {'_a0_': 0.47658048083946236, '_a1_': 1.4465760890495571, '_a5_': 0.654516331054628, '_a2_': 1.0, '_a3_': 1.0, '_a4_': 1.0, '_a6_': 1.0, '_a7_': 1.0}};{'d0': 0.024905832919416594};-276.475521886822;37.539870102476236
37497;-100.697890840934;(((pow2((_a0_ + (x / (_a5_ ** _a6_)))) * _a1_) + _a1_) * x);{'d0': {'_a0_': 0.47658048083946236, '_a1_': 1.4465760890495571, '_a5_': 0.654516331054628, '_a2_': 1.0, '_a3_': 1.0, '_a4_': 1.0, '_a6_': 1.0, '_a7_': 1.0}};{'d0': 0.024905832919416594};-276.475521886822;37.539870102476236
37498;-100.697890840934;(((pow2((_a0_ + (x / (_a5_ ** _a6_)))) * _a1_) + _a1_) * x);{'d0': {'_a0_': 0.47658048083946236, '_a1_': 1.4465760890495571, '_a5_': 0.654516331054628, '_a2_': 1.0, '_a3_': 1.0, '_a4_': 1.0, '_a6_': 1.0, '_a7_': 1.0}};{'d0': 0.024905832919416594};-276.475521886822;37.539870102476236
37499;-100.697890840934;(((pow2((_a0_ + (x / (_a5_ ** _a6_)))) * _a1_) + _a1_) * x);{'d0': {'_a0_': 0.47658048083946236, '_a1_': 1.4465760890495571, '_a5_': 0.654516331054628, '_a2_': 1.0, '_a3_': 1.0, '_a4_': 1.0, '_a6_': 1.0, '_a7_': 1.0}};{'d0': 0.024905832919416594};-276.475521886822;37.539870102476236
37500;-100.697890840934;(((pow2((_a0_ + (x / (_a5_ ** _a6_)))) * _a1_) + _a1_) * x);{'d0': {'_a0_': 0.47658048083946236, '_a1_': 1.4465760890495571, '_a5_': 0.654516331054628, '_a2_': 1.0, '_a3_': 1.0, '_a4_': 1.0, '_a6_': 1.0, '_a7_': 1.0}};{'d0': 0.024905832919416594};-276.475521886822;37.539870102476236
37501;-100.697890840934;(((pow2((_a0_ + (x / (_a5_ ** _a6_)))) * _a1_) + _a1_) * x);{'d0': {'_a0_': 0.47658048083946236, '_a1_': 1.4465760890495571, '_a5_': 0.654516331054628, '_a2_': 1.0, '_a3_': 1.0, '_a4_': 1.0, '_a6_': 1.0, '_a7_': 1.0}};{'d0': 0.024905832919416594};-276.475521886822;37.539870102476236
37502;-100.697890840934;(((pow2((_a0_ + (x / (_a5_ ** _a6_)))) * _a1_) + _a1_) * x);{'d0': {'_a0_': 0.47658048083946236, '_a1_': 1.4465760890495571, '_a5_': 0.654516331054628, '_a2_': 1.0, '_a3_': 1.0, '_a4_': 1.0, '_a6_': 1.0, '_a7_': 1.0}};{'d0': 0.024905832919416594};-276.475521886822;37.539870102476236
37503;-100.697890840934;(((pow2((_a0_ + (x / (_a5_ ** _a6_)))) * _a1_) + _a1_) * x);{'d0': {'_a0_': 0.47658048083946236, '_a1_': 1.4465760890495571, '_a5_': 0.654516331054628, '_a2_': 1.0, '_a3_': 1.0, '_a4_': 1.0, '_a6_': 1.0, '_a7_': 1.0}};{'d0': 0.024905832919416594};-276.475521886822;37.539870102476236
37504;-100.697890840934;(((pow2((_a0_ + (x / (_a5_ ** _a6_)))) * _a1_) + _a1_) * x);{'d0': {'_a0_': 0.47658048083946236, '_a1_': 1.4465760890495571, '_a5_': 0.654516331054628, '_a2_': 1.0, '_a3_': 1.0, '_a4_': 1.0, '_a6_': 1.0, '_a7_': 1.0}};{'d0': 0.024905832919416594};-276.475521886822;37.539870102476236
37505;-100.697890840934;(((pow2((_a0_ + (x / (_a5_ ** _a6_)))) * _a1_) + _a1_) * x);{'d0': {'_a0_': 0.47658048083946236, '_a1_': 1.4465760890495571, '_a5_': 0.654516331054628, '_a2_': 1.0, '_a3_': 1.0, '_a4_': 1.0, '_a6_': 1.0, '_a7_': 1.0}};{'d0': 0.024905832919416594};-276.475521886822;37.539870102476236
37506;-100.697890840934;(((pow2((_a0_ + (x / (_a5_ ** _a6_)))) * _a1_) + _a1_) * x);{'d0': {'_a0_': 0.47658048083946236, '_a1_': 1.4465760890495571, '_a5_': 0.654516331054628, '_a2_': 1.0, '_a3_': 1.0, '_a4_': 1.0, '_a6_': 1.0, '_a7_': 1.0}};{'d0': 0.024905832919416594};-276.475521886822;37.539870102476236
37507;-100.697890840934;(((pow2((_a0_ + (x / (_a5_ ** _a6_)))) * _a1_) + _a1_) * x);{'d0': {'_a0_': 0.47658048083946236, '_a1_': 1.4465760890495571, '_a5_': 0.654516331054628, '_a2_': 1.0, '_a3_': 1.0, '_a4_': 1.0, '_a6_': 1.0, '_a7_': 1.0}};{'d0': 0.024905832919416594};-276.475521886822;37.539870102476236
37508;-100.697890840934;(((pow2((_a0_ + (x / (_a5_ ** _a6_)))) * _a1_) + _a1_) * x);{'d0': {'_a0_': 0.47658048083946236, '_a1_': 1.4465760890495571, '_a5_': 0.654516331054628, '_a2_': 1.0, '_a3_': 1.0, '_a4_': 1.0, '_a6_': 1.0, '_a7_': 1.0}};{'d0': 0.024905832919416594};-276.475521886822;37.539870102476236
37509;-100.697890840934;(((pow2((_a0_ + (x / (_a5_ ** _a6_)))) * _a1_) + _a1_) * x);{'d0': {'_a0_': 0.47658048083946236, '_a1_': 1.4465760890495571, '_a5_': 0.654516331054628, '_a2_': 1.0, '_a3_': 1.0, '_a4_': 1.0, '_a6_': 1.0, '_a7_': 1.0}};{'d0': 0.024905832919416594};-276.475521886822;37.539870102476236
37510;-100.697890840934;(((pow2((_a0_ + (x / (_a5_ ** _a6_)))) * _a1_) + _a1_) * x);{'d0': {'_a0_': 0.47658048083946236, '_a1_': 1.4465760890495571, '_a5_': 0.654516331054628, '_a2_': 1.0, '_a3_': 1.0, '_a4_': 1.0, '_a6_': 1.0, '_a7_': 1.0}};{'d0': 0.024905832919416594};-276.475521886822;37.539870102476236
37511;-100.697890840934;(((pow2((_a0_ + (x / (_a5_ ** _a6_)))) * _a1_) + _a1_) * x);{'d0': {'_a0_': 0.47658048083946236, '_a1_': 1.4465760890495571, '_a5_': 0.654516331054628, '_a2_': 1.0, '_a3_': 1.0, '_a4_': 1.0, '_a6_': 1.0, '_a7_': 1.0}};{'d0': 0.024905832919416594};-276.475521886822;37.539870102476236
37512;-100.697890840934;(((pow2((_a0_ + (x / (_a5_ ** _a6_)))) * _a1_) + _a1_) * x);{'d0': {'_a0_': 0.47658048083946236, '_a1_': 1.4465760890495571, '_a5_': 0.654516331054628, '_a2_': 1.0, '_a3_': 1.0, '_a4_': 1.0, '_a6_': 1.0, '_a7_': 1.0}};{'d0': 0.024905832919416594};-276.475521886822;37.539870102476236
37513;-100.697890840934;(((pow2((_a0_ + (x / (_a5_ ** _a6_)))) * _a1_) + _a1_) * x);{'d0': {'_a0_': 0.47658048083946236, '_a1_': 1.4465760890495571, '_a5_': 0.654516331054628, '_a2_': 1.0, '_a3_': 1.0, '_a4_': 1.0, '_a6_': 1.0, '_a7_': 1.0}};{'d0': 0.024905832919416594};-276.475521886822;37.539870102476236
37514;-92.6096454968738;(((((_a7_ ** (_a7_ * x)) * _a1_) + ((-(x) + _a0_) * x)) / _a0_) * x);{'d0': {'_a0_': -0.3230550391566996, '_a1_': -0.569974551604451, '_a7_': 1.5104483676480684, '_a2_': 1.0, '_a3_': 1.0, '_a4_': 1.0, '_a5_': 1.0, '_a6_': 1.0}};{'d0': 0.0251788605546743};-279.915701703186;47.34820535471893
37515;-92.6096454968738;(((((_a7_ ** (_a7_ * x)) * _a1_) + ((-(x) + _a0_) * x)) / _a0_) * x);{'d0': {'_a0_': -0.3230550391566996, '_a1_': -0.569974551604451, '_a7_': 1.5104483676480684, '_a2_': 1.0, '_a3_': 1.0, '_a4_': 1.0, '_a5_': 1.0, '_a6_': 1.0}};{'d0': 0.0251788605546743};-279.915701703186;47.34820535471893
37516;-92.6096454968738;(((((_a7_ ** (_a7_ * x)) * _a1_) + ((-(x) + _a0_) * x)) / _a0_) * x);{'d0': {'_a0_': -0.3230550391566996, '_a1_': -0.569974551604451, '_a7_': 1.5104483676480684, '_a2_': 1.0, '_a3_': 1.0, '_a4_': 1.0, '_a5_': 1.0, '_a6_': 1.0}};{'d0': 0.0251788605546743};-279.915701703186;47.34820535471893
37517;-92.6096454968738;(((((_a7_ ** (_a7_ * x)) * _a1_) + ((-(x) + _a0_) * x)) / _a0_) * x);{'d0': {'_a0_': -0.3230550391566996, '_a1_': -0.569974551604451, '_a7_': 1.5104483676480684, '_a2_': 1.0, '_a3_': 1.0, '_a4_': 1.0, '_a5_': 1.0, '_a6_': 1.0}};{'d0': 0.0251788605546743};-279.915701703186;47.34820535471893
37518;-92.6096454968738;(((((_a7_ ** (_a7_ * x)) * _a1_) + ((-(x) + _a0_) * x)) / _a0_) * x);{'d0': {'_a0_': -0.3230550391566996, '_a1_': -0.569974551604451, '_a7_': 1.5104483676480684, '_a2_': 1.0, '_a3_': 1.0, '_a4_': 1.0, '_a5_': 1.0, '_a6_': 1.0}};{'d0': 0.0251788605546743};-279.915701703186;47.34820535471893
37519;-92.6096454968738;(((((_a7_ ** (_a7_ * x)) * _a1_) + ((-(x) + _a0_) * x)) / _a0_) * x);{'d0': {'_a0_': -0.3230550391566996, '_a1_': -0.569974551604451, '_a7_': 1.5104483676480684, '_a2_': 1.0, '_a3_': 1.0, '_a4_': 1.0, '_a5_': 1.0, '_a6_': 1.0}};{'d0': 0.0251788605546743};-279.915701703186;47.34820535471893
37520;-94.1701460103007;((_a2_ + (pow2((((_a2_ ** pow2(_a0_)) * (_a1_ + x)) * _a0_)) / _a1_)) * x);{'d0': {'_a0_': 0.8069785289362317, '_a1_': 0.3119297078207988, '_a2_': 1.4465760893432824, '_a3_': 1.0, '_a4_': 1.0, '_a5_': 1.0, '_a6_': 1.0, '_a7_': 1.0}};{'d0': 0.024905832919416566};-280.569866449044;46.114787214221465
37521;-94.1701460103007;((_a2_ + (pow2((((_a2_ ** pow2(_a0_)) * (_a1_ + x)) * _a0_)) / _a1_)) * x);{'d0': {'_a0_': 0.8069785289362317, '_a1_': 0.3119297078207988, '_a2_': 1.4465760893432824, '_a3_': 1.0, '_a4_': 1.0, '_a5_': 1.0, '_a6_': 1.0, '_a7_': 1.0}};{'d0': 0.024905832919416566};-280.569866449044;46.114787214221465
37522;-94.1701460103007;((_a2_ + (pow2((((_a2_ ** pow2(_a0_)) * (_a1_ + x)) * _a0_)) / _a1_)) * x);{'d0': {'_a0_': 0.8069785289362317, '_a1_': 0.3119297078207988, '_a2_': 1.4465760893432824, '_a3_': 1.0, '_a4_': 1.0, '_a5_': 1.0, '_a6_': 1.0, '_a7_': 1.0}};{'d0': 0.024905832919416566};-280.569866449044;46.114787214221465
37523;-94.1701460103007;((_a2_ + (pow2((((_a2_ ** pow2(_a0_)) * (_a1_ + x)) * _a0_)) / _a1_)) * x);{'d0': {'_a0_': 0.8069785289362317, '_a1_': 0.3119297078207988, '_a2_': 1.4465760893432824, '_a3_': 1.0, '_a4_': 1.0, '_a5_': 1.0, '_a6_': 1.0, '_a7_': 1.0}};{'d0': 0.024905832919416566};-280.569866449044;46.114787214221465
37524;-94.1701460103007;((_a2_ + (pow2((((_a2_ ** pow2(_a0_)) * (_a1_ + x)) * _a0_)) / _a1_)) * x);{'d0': {'_a0_': 0.8069785289362317, '_a1_': 0.3119297078207988, '_a2_': 1.4465760893432824, '_a3_': 1.0, '_a4_': 1.0, '_a5_': 1.0, '_a6_': 1.0, '_a7_': 1.0}};{'d0': 0.024905832919416566};-280.569866449044;46.114787214221465
37525;-91.9474794338806;((_a2_ + (pow2((((_a2_ ** (_a2_ + _a0_)) * (_a1_ + x)) * _a0_)) / _a1_)) * x);{'d0': {'_a0_': 0.5001866435797195, '_a1_': 0.31192970768475814, '_a2_': 1.446576088598745, '_a3_': 1.0, '_a4_': 1.0, '_a5_': 1.0, '_a6_': 1.0, '_a7_': 1.0}};{'d0': 0.02490583291941664};-280.569866449044;48.33745379064146
37526;-91.9474794338806;((_a2_ + (pow2((((_a2_ ** (_a2_ + _a0_)) * (_a1_ + x)) * _a0_)) / _a1_)) * x);{'d0': {'_a0_': 0.5001866435797195, '_a1_': 0.31192970768475814, '_a2_': 1.446576088598745, '_a3_': 1.0, '_a4_': 1.0, '_a5_': 1.0, '_a6_': 1.0, '_a7_': 1.0}};{'d0': 0.02490583291941664};-280.569866449044;48.33745379064146
37527;-92.6096454968738;(((((_a7_ ** (_a7_ * x)) * _a1_) + ((-(x) + _a0_) * x)) / _a0_) * x);{'d0': {'_a0_': -0.3230550391566996, '_a1_': -0.569974551604451, '_a7_': 1.5104483676480684, '_a2_': 1.0, '_a3_': 1.0, '_a4_': 1.0, '_a5_': 1.0, '_a6_': 1.0}};{'d0': 0.0251788605546743};-279.915701703186;47.34820535471893
37528;-92.6096454968738;(((((_a7_ ** (_a7_ * x)) * _a1_) + ((-(x) + _a0_) * x)) / _a0_) * x);{'d0': {'_a0_': -0.3230550391566996, '_a1_': -0.569974551604451, '_a7_': 1.5104483676480684, '_a2_': 1.0, '_a3_': 1.0, '_a4_': 1.0, '_a5_': 1.0, '_a6_': 1.0}};{'d0': 0.0251788605546743};-279.915701703186;47.34820535471893
37529;-92.6096454968738;(((((_a7_ ** (_a7_ * x)) * _a1_) + ((-(x) + _a0_) * x)) / _a0_) * x);{'d0': {'_a0_': -0.3230550391566996, '_a1_': -0.569974551604451, '_a7_': 1.5104483676480684, '_a2_': 1.0, '_a3_': 1.0, '_a4_': 1.0, '_a5_': 1.0, '_a6_': 1.0}};{'d0': 0.0251788605546743};-279.915701703186;47.34820535471893
37530;-92.6096454968738;(((((_a7_ ** (_a7_ * x)) * _a1_) + ((-(x) + _a0_) * x)) / _a0_) * x);{'d0': {'_a0_': -0.3230550391566996, '_a1_': -0.569974551604451, '_a7_': 1.5104483676480684, '_a2_': 1.0, '_a3_': 1.0, '_a4_': 1.0, '_a5_': 1.0, '_a6_': 1.0}};{'d0': 0.0251788605546743};-279.915701703186;47.34820535471893
37531;-92.6096454968738;(((((_a7_ ** (_a7_ * x)) * _a1_) + ((-(x) + _a0_) * x)) / _a0_) * x);{'d0': {'_a0_': -0.3230550391566996, '_a1_': -0.569974551604451, '_a7_': 1.5104483676480684, '_a2_': 1.0, '_a3_': 1.0, '_a4_': 1.0, '_a5_': 1.0, '_a6_': 1.0}};{'d0': 0.0251788605546743};-279.915701703186;47.34820535471893
37532;-92.6096454968738;(((((_a7_ ** (_a7_ * x)) * _a1_) + ((-(x) + _a0_) * x)) / _a0_) * x);{'d0': {'_a0_': -0.3230550391566996, '_a1_': -0.569974551604451, '_a7_': 1.5104483676480684, '_a2_': 1.0, '_a3_': 1.0, '_a4_': 1.0, '_a5_': 1.0, '_a6_': 1.0}};{'d0': 0.0251788605546743};-279.915701703186;47.34820535471893
37533;-92.6096454968738;(((((_a7_ ** (_a7_ * x)) * _a1_) + ((-(x) + _a0_) * x)) / _a0_) * x);{'d0': {'_a0_': -0.3230550391566996, '_a1_': -0.569974551604451, '_a7_': 1.5104483676480684, '_a2_': 1.0, '_a3_': 1.0, '_a4_': 1.0, '_a5_': 1.0, '_a6_': 1.0}};{'d0': 0.0251788605546743};-279.915701703186;47.34820535471893
37534;-91.2045321368105;((_a2_ + (pow2((((_a2_ ** (_a2_ ** _a0_)) * (_a1_ + x)) * _a0_)) / _a1_)) * x);{'d0': {'_a0_': 0.6426857045242129, '_a1_': 0.31192970773804535, '_a2_': 1.4465760892039676, '_a3_': 1.0, '_a4_': 1.0, '_a5_': 1.0, '_a6_': 1.0, '_a7_': 1.0}};{'d0': 0.0249058329194167};-280.569866449043;49.080401087711465
37535;-91.2045321368105;((_a2_ + (pow2((((_a2_ ** (_a2_ ** _a0_)) * (_a1_ + x)) * _a0_)) / _a1_)) * x);{'d0': {'_a0_': 0.6426857045242129, '_a1_': 0.31192970773804535, '_a2_': 1.4465760892039676, '_a3_': 1.0, '_a4_': 1.0, '_a5_': 1.0, '_a6_': 1.0, '_a7_': 1.0}};{'d0': 0.0249058329194167};-280.569866449043;49.080401087711465
37536;-91.2045321368105;((_a2_ + (pow2((((_a2_ ** (_a2_ ** _a0_)) * (_a1_ + x)) * _a0_)) / _a1_)) * x);{'d0': {'_a0_': 0.6426857045242129, '_a1_': 0.31192970773804535, '_a2_': 1.4465760892039676, '_a3_': 1.0, '_a4_': 1.0, '_a5_': 1.0, '_a6_': 1.0, '_a7_': 1.0}};{'d0': 0.0249058329194167};-280.569866449043;49.080401087711465
37537;-92.6096454968738;(((((_a7_ ** (_a7_ * x)) * _a1_) + ((-(x) + _a0_) * x)) / _a0_) * x);{'d0': {'_a0_': -0.3230550391566996, '_a1_': -0.569974551604451, '_a7_': 1.5104483676480684, '_a2_': 1.0, '_a3_': 1.0, '_a4_': 1.0, '_a5_': 1.0, '_a6_': 1.0}};{'d0': 0.0251788605546743};-279.915701703186;47.34820535471893
37538;-92.6096454968738;(((((_a7_ ** (_a7_ * x)) * _a1_) + ((-(x) + _a0_) * x)) / _a0_) * x);{'d0': {'_a0_': -0.3230550391566996, '_a1_': -0.569974551604451, '_a7_': 1.5104483676480684, '_a2_': 1.0, '_a3_': 1.0, '_a4_': 1.0, '_a5_': 1.0, '_a6_': 1.0}};{'d0': 0.0251788605546743};-279.915701703186;47.34820535471893
37539;-92.6096454968738;(((((_a7_ ** (_a7_ * x)) * _a1_) + ((-(x) + _a0_) * x)) / _a0_) * x);{'d0': {'_a0_': -0.3230550391566996, '_a1_': -0.569974551604451, '_a7_': 1.5104483676480684, '_a2_': 1.0, '_a3_': 1.0, '_a4_': 1.0, '_a5_': 1.0, '_a6_': 1.0}};{'d0': 0.0251788605546743};-279.915701703186;47.34820535471893
37540;-92.6096454968738;(((((_a7_ ** (_a7_ * x)) * _a1_) + ((-(x) + _a0_) * x)) / _a0_) * x);{'d0': {'_a0_': -0.3230550391566996, '_a1_': -0.569974551604451, '_a7_': 1.5104483676480684, '_a2_': 1.0, '_a3_': 1.0, '_a4_': 1.0, '_a5_': 1.0, '_a6_': 1.0}};{'d0': 0.0251788605546743};-279.915701703186;47.34820535471893
37541;-92.6096454968738;(((((_a7_ ** (_a7_ * x)) * _a1_) + ((-(x) + _a0_) * x)) / _a0_) * x);{'d0': {'_a0_': -0.3230550391566996, '_a1_': -0.569974551604451, '_a7_': 1.5104483676480684, '_a2_': 1.0, '_a3_': 1.0, '_a4_': 1.0, '_a5_': 1.0, '_a6_': 1.0}};{'d0': 0.0251788605546743};-279.915701703186;47.34820535471893
37542;-92.6096454968738;(((((_a7_ ** (_a7_ * x)) * _a1_) + ((-(x) + _a0_) * x)) / _a0_) * x);{'d0': {'_a0_': -0.3230550391566996, '_a1_': -0.569974551604451, '_a7_': 1.5104483676480684, '_a2_': 1.0, '_a3_': 1.0, '_a4_': 1.0, '_a5_': 1.0, '_a6_': 1.0}};{'d0': 0.0251788605546743};-279.915701703186;47.34820535471893
37543;-92.6096454968738;(((((_a7_ ** (_a7_ * x)) * _a1_) + ((-(x) + _a0_) * x)) / _a0_) * x);{'d0': {'_a0_': -0.3230550391566996, '_a1_': -0.569974551604451, '_a7_': 1.5104483676480684, '_a2_': 1.0, '_a3_': 1.0, '_a4_': 1.0, '_a5_': 1.0, '_a6_': 1.0}};{'d0': 0.0251788605546743};-279.915701703186;47.34820535471893
37544;-92.6096454968738;(((((_a7_ ** (_a7_ * x)) * _a1_) + ((-(x) + _a0_) * x)) / _a0_) * x);{'d0': {'_a0_': -0.3230550391566996, '_a1_': -0.569974551604451, '_a7_': 1.5104483676480684, '_a2_': 1.0, '_a3_': 1.0, '_a4_': 1.0, '_a5_': 1.0, '_a6_': 1.0}};{'d0': 0.0251788605546743};-279.915701703186;47.34820535471893
37545;-92.6096454968738;(((((_a7_ ** (_a7_ * x)) * _a1_) + ((-(x) + _a0_) * x)) / _a0_) * x);{'d0': {'_a0_': -0.3230550391566996, '_a1_': -0.569974551604451, '_a7_': 1.5104483676480684, '_a2_': 1.0, '_a3_': 1.0, '_a4_': 1.0, '_a5_': 1.0, '_a6_': 1.0}};{'d0': 0.0251788605546743};-279.915701703186;47.34820535471893
37546;-92.6096454968738;(((((_a7_ ** (_a7_ * x)) * _a1_) + ((-(x) + _a0_) * x)) / _a0_) * x);{'d0': {'_a0_': -0.3230550391566996, '_a1_': -0.569974551604451, '_a7_': 1.5104483676480684, '_a2_': 1.0, '_a3_': 1.0, '_a4_': 1.0, '_a5_': 1.0, '_a6_': 1.0}};{'d0': 0.0251788605546743};-279.915701703186;47.34820535471893
37547;-92.6096454968738;(((((_a7_ ** (_a7_ * x)) * _a1_) + ((-(x) + _a0_) * x)) / _a0_) * x);{'d0': {'_a0_': -0.3230550391566996, '_a1_': -0.569974551604451, '_a7_': 1.5104483676480684, '_a2_': 1.0, '_a3_': 1.0, '_a4_': 1.0, '_a5_': 1.0, '_a6_': 1.0}};{'d0': 0.0251788605546743};-279.915701703186;47.34820535471893
37548;-92.6096454968738;(((((_a7_ ** (_a7_ * x)) * _a1_) + ((-(x) + _a0_) * x)) / _a0_) * x);{'d0': {'_a0_': -0.3230550391566996, '_a1_': -0.569974551604451, '_a7_': 1.5104483676480684, '_a2_': 1.0, '_a3_': 1.0, '_a4_': 1.0, '_a5_': 1.0, '_a6_': 1.0}};{'d0': 0.0251788605546743};-279.915701703186;47.34820535471893
37549;-92.6096454968738;(((((_a7_ ** (_a7_ * x)) * _a1_) + ((-(x) + _a0_) * x)) / _a0_) * x);{'d0': {'_a0_': -0.3230550391566996, '_a1_': -0.569974551604451, '_a7_': 1.5104483676480684, '_a2_': 1.0, '_a3_': 1.0, '_a4_': 1.0, '_a5_': 1.0, '_a6_': 1.0}};{'d0': 0.0251788605546743};-279.915701703186;47.34820535471893
37550;-92.6096454968738;(((((_a7_ ** (_a7_ * x)) * _a1_) + ((-(x) + _a0_) * x)) / _a0_) * x);{'d0': {'_a0_': -0.3230550391566996, '_a1_': -0.569974551604451, '_a7_': 1.5104483676480684, '_a2_': 1.0, '_a3_': 1.0, '_a4_': 1.0, '_a5_': 1.0, '_a6_': 1.0}};{'d0': 0.0251788605546743};-279.915701703186;47.34820535471893
37551;-92.6096454968738;(((((_a7_ ** (_a7_ * x)) * _a1_) + ((-(x) + _a0_) * x)) / _a0_) * x);{'d0': {'_a0_': -0.3230550391566996, '_a1_': -0.569974551604451, '_a7_': 1.5104483676480684, '_a2_': 1.0, '_a3_': 1.0, '_a4_': 1.0, '_a5_': 1.0, '_a6_': 1.0}};{'d0': 0.0251788605546743};-279.915701703186;47.34820535471893
37552;-92.6096454968738;(((((_a7_ ** (_a7_ * x)) * _a1_) + ((-(x) + _a0_) * x)) / _a0_) * x);{'d0': {'_a0_': -0.3230550391566996, '_a1_': -0.569974551604451, '_a7_': 1.5104483676480684, '_a2_': 1.0, '_a3_': 1.0, '_a4_': 1.0, '_a5_': 1.0, '_a6_': 1.0}};{'d0': 0.0251788605546743};-279.915701703186;47.34820535471893
37553;-92.6096454968738;(((((_a7_ ** (_a7_ * x)) * _a1_) + ((-(x) + _a0_) * x)) / _a0_) * x);{'d0': {'_a0_': -0.3230550391566996, '_a1_': -0.569974551604451, '_a7_': 1.5104483676480684, '_a2_': 1.0, '_a3_': 1.0, '_a4_': 1.0, '_a5_': 1.0, '_a6_': 1.0}};{'d0': 0.0251788605546743};-279.915701703186;47.34820535471893
37554;-97.5589854223308;(((((_a7_ ** x) * _a1_) + ((-(x) + _a0_) * x)) / _a0_) * x);{'d0': {'_a0_': -0.3230550387505438, '_a1_': -0.5699745504402659, '_a7_': 1.8643617804570676, '_a2_': 1.0, '_a3_': 1.0, '_a4_': 1.0, '_a5_': 1.0, '_a6_': 1.0}};{'d0': 0.025178860554674304};-279.915701703186;42.39886542926193
37555;-97.5589854223308;(((((_a7_ ** x) * _a1_) + ((-(x) + _a0_) * x)) / _a0_) * x);{'d0': {'_a0_': -0.3230550387505438, '_a1_': -0.5699745504402659, '_a7_': 1.8643617804570676, '_a2_': 1.0, '_a3_': 1.0, '_a4_': 1.0, '_a5_': 1.0, '_a6_': 1.0}};{'d0': 0.025178860554674304};-279.915701703186;42.39886542926193
37556;-97.5589854223308;(((((_a7_ ** x) * _a1_) + ((-(x) + _a0_) * x)) / _a0_) * x);{'d0': {'_a0_': -0.3230550387505438, '_a1_': -0.5699745504402659, '_a7_': 1.8643617804570676, '_a2_': 1.0, '_a3_': 1.0, '_a4_': 1.0, '_a5_': 1.0, '_a6_': 1.0}};{'d0': 0.025178860554674304};-279.915701703186;42.39886542926193
37557;-97.5589854223308;(((((_a7_ ** x) * _a1_) + ((-(x) + _a0_) * x)) / _a0_) * x);{'d0': {'_a0_': -0.3230550387505438, '_a1_': -0.5699745504402659, '_a7_': 1.8643617804570676, '_a2_': 1.0, '_a3_': 1.0, '_a4_': 1.0, '_a5_': 1.0, '_a6_': 1.0}};{'d0': 0.025178860554674304};-279.915701703186;42.39886542926193
37558;-97.5589854223308;(((((_a7_ ** x) * _a1_) + ((-(x) + _a0_) * x)) / _a0_) * x);{'d0': {'_a0_': -0.3230550387505438, '_a1_': -0.5699745504402659, '_a7_': 1.8643617804570676, '_a2_': 1.0, '_a3_': 1.0, '_a4_': 1.0, '_a5_': 1.0, '_a6_': 1.0}};{'d0': 0.025178860554674304};-279.915701703186;42.39886542926193
37559;-97.5589854223308;(((((_a7_ ** x) * _a1_) + ((-(x) + _a0_) * x)) / _a0_) * x);{'d0': {'_a0_': -0.3230550387505438, '_a1_': -0.5699745504402659, '_a7_': 1.8643617804570676, '_a2_': 1.0, '_a3_': 1.0, '_a4_': 1.0, '_a5_': 1.0, '_a6_': 1.0}};{'d0': 0.025178860554674304};-279.915701703186;42.39886542926193
37560;-97.5589854223308;(((((_a7_ ** x) * _a1_) + ((-(x) + _a0_) * x)) / _a0_) * x);{'d0': {'_a0_': -0.3230550387505438, '_a1_': -0.5699745504402659, '_a7_': 1.8643617804570676, '_a2_': 1.0, '_a3_': 1.0, '_a4_': 1.0, '_a5_': 1.0, '_a6_': 1.0}};{'d0': 0.025178860554674304};-279.915701703186;42.39886542926193
37561;-97.5589854223308;(((((_a7_ ** x) * _a1_) + ((-(x) + _a0_) * x)) / _a0_) * x);{'d0': {'_a0_': -0.3230550387505438, '_a1_': -0.5699745504402659, '_a7_': 1.8643617804570676, '_a2_': 1.0, '_a3_': 1.0, '_a4_': 1.0, '_a5_': 1.0, '_a6_': 1.0}};{'d0': 0.025178860554674304};-279.915701703186;42.39886542926193
37562;-97.5589854223308;(((((_a7_ ** x) * _a1_) + ((-(x) + _a0_) * x)) / _a0_) * x);{'d0': {'_a0_': -0.3230550387505438, '_a1_': -0.5699745504402659, '_a7_': 1.8643617804570676, '_a2_': 1.0, '_a3_': 1.0, '_a4_': 1.0, '_a5_': 1.0, '_a6_': 1.0}};{'d0': 0.025178860554674304};-279.915701703186;42.39886542926193
37563;-98.6290150923298;(((((_a7_ + x) * _a1_) + ((-(x) + _a0_) * x)) / _a0_) * x);{'d0': {'_a0_': -0.2961417865624826, '_a1_': -0.3277176292840783, '_a7_': 1.6040997587618453, '_a2_': 1.0, '_a3_': 1.0, '_a4_': 1.0, '_a5_': 1.0, '_a6_': 1.0}};{'d0': 0.024905832919416632};-280.569866449044;41.65591813219193
37564;-98.6290150923298;(((((_a7_ + x) * _a1_) + ((-(x) + _a0_) * x)) / _a0_) * x);{'d0': {'_a0_': -0.2961417865624826, '_a1_': -0.3277176292840783, '_a7_': 1.6040997587618453, '_a2_': 1.0, '_a3_': 1.0, '_a4_': 1.0, '_a5_': 1.0, '_a6_': 1.0}};{'d0': 0.024905832919416632};-280.569866449044;41.65591813219193
37565;-98.6290150923298;(((((_a7_ + x) * _a1_) + ((-(x) + _a0_) * x)) / _a0_) * x);{'d0': {'_a0_': -0.2961417865624826, '_a1_': -0.3277176292840783, '_a7_': 1.6040997587618453, '_a2_': 1.0, '_a3_': 1.0, '_a4_': 1.0, '_a5_': 1.0, '_a6_': 1.0}};{'d0': 0.024905832919416632};-280.569866449044;41.65591813219193
37566;-98.6290150923298;(((((_a7_ + x) * _a1_) + ((-(x) + _a0_) * x)) / _a0_) * x);{'d0': {'_a0_': -0.2961417865624826, '_a1_': -0.3277176292840783, '_a7_': 1.6040997587618453, '_a2_': 1.0, '_a3_': 1.0, '_a4_': 1.0, '_a5_': 1.0, '_a6_': 1.0}};{'d0': 0.024905832919416632};-280.569866449044;41.65591813219193
37567;-98.6290150923298;(((((_a7_ + x) * _a1_) + ((-(x) + _a0_) * x)) / _a0_) * x);{'d0': {'_a0_': -0.2961417865624826, '_a1_': -0.3277176292840783, '_a7_': 1.6040997587618453, '_a2_': 1.0, '_a3_': 1.0, '_a4_': 1.0, '_a5_': 1.0, '_a6_': 1.0}};{'d0': 0.024905832919416632};-280.569866449044;41.65591813219193
37568;-98.6290150923298;(((((_a7_ + x) * _a1_) + ((-(x) + _a0_) * x)) / _a0_) * x);{'d0': {'_a0_': -0.2961417865624826, '_a1_': -0.3277176292840783, '_a7_': 1.6040997587618453, '_a2_': 1.0, '_a3_': 1.0, '_a4_': 1.0, '_a5_': 1.0, '_a6_': 1.0}};{'d0': 0.024905832919416632};-280.569866449044;41.65591813219193
37569;-98.6290150923298;(((((_a7_ + x) * _a1_) + ((-(x) + _a0_) * x)) / _a0_) * x);{'d0': {'_a0_': -0.2961417865624826, '_a1_': -0.3277176292840783, '_a7_': 1.6040997587618453, '_a2_': 1.0, '_a3_': 1.0, '_a4_': 1.0, '_a5_': 1.0, '_a6_': 1.0}};{'d0': 0.024905832919416632};-280.569866449044;41.65591813219193
37570;-98.6290150923298;(((((_a7_ + x) * _a1_) + ((-(x) + _a0_) * x)) / _a0_) * x);{'d0': {'_a0_': -0.2961417865624826, '_a1_': -0.3277176292840783, '_a7_': 1.6040997587618453, '_a2_': 1.0, '_a3_': 1.0, '_a4_': 1.0, '_a5_': 1.0, '_a6_': 1.0}};{'d0': 0.024905832919416632};-280.569866449044;41.65591813219193
37571;-98.6290150923298;(((((_a7_ + x) * _a1_) + ((-(x) + _a0_) * x)) / _a0_) * x);{'d0': {'_a0_': -0.2961417865624826, '_a1_': -0.3277176292840783, '_a7_': 1.6040997587618453, '_a2_': 1.0, '_a3_': 1.0, '_a4_': 1.0, '_a5_': 1.0, '_a6_': 1.0}};{'d0': 0.024905832919416632};-280.569866449044;41.65591813219193
37572;-98.6290150923298;(((((_a7_ + x) * _a1_) + ((-(x) + _a0_) * x)) / _a0_) * x);{'d0': {'_a0_': -0.2961417865624826, '_a1_': -0.3277176292840783, '_a7_': 1.6040997587618453, '_a2_': 1.0, '_a3_': 1.0, '_a4_': 1.0, '_a5_': 1.0, '_a6_': 1.0}};{'d0': 0.024905832919416632};-280.569866449044;41.65591813219193
37573;-98.6290150923298;(((((_a7_ + x) * _a1_) + ((-(x) + _a0_) * x)) / _a0_) * x);{'d0': {'_a0_': -0.2961417865624826, '_a1_': -0.3277176292840783, '_a7_': 1.6040997587618453, '_a2_': 1.0, '_a3_': 1.0, '_a4_': 1.0, '_a5_': 1.0, '_a6_': 1.0}};{'d0': 0.024905832919416632};-280.569866449044;41.65591813219193
37574;-98.1382168817569;(((_a4_ + (x * x)) + (((_a7_ + x) * (_a7_ * _a3_)) * x)) * x);{'d0': {'_a3_': 2.681537897406195, '_a4_': 1.77513540425988, '_a7_': 0.886342453386841, '_a0_': 1.0, '_a1_': 1.0, '_a2_': 1.0, '_a5_': 1.0, '_a6_': 1.0}};{'d0': 0.024905832919416587};-280.569866449044;42.14671634276504
37575;-98.1382168817569;(((_a4_ + (x * x)) + (((_a7_ + x) * (_a7_ * _a3_)) * x)) * x);{'d0': {'_a3_': 2.681537897406195, '_a4_': 1.77513540425988, '_a7_': 0.886342453386841, '_a0_': 1.0, '_a1_': 1.0, '_a2_': 1.0, '_a5_': 1.0, '_a6_': 1.0}};{'d0': 0.024905832919416587};-280.569866449044;42.14671634276504
37576;-98.1382168817569;(((_a4_ + (x * x)) + (((_a7_ + x) * (_a7_ * _a3_)) * x)) * x);{'d0': {'_a3_': 2.681537897406195, '_a4_': 1.77513540425988, '_a7_': 0.886342453386841, '_a0_': 1.0, '_a1_': 1.0, '_a2_': 1.0, '_a5_': 1.0, '_a6_': 1.0}};{'d0': 0.024905832919416587};-280.569866449044;42.14671634276504
37577;-98.1382168817569;(((_a4_ + (x * x)) + (((_a7_ + x) * (_a7_ * _a3_)) * x)) * x);{'d0': {'_a3_': 2.681537897406195, '_a4_': 1.77513540425988, '_a7_': 0.886342453386841, '_a0_': 1.0, '_a1_': 1.0, '_a2_': 1.0, '_a5_': 1.0, '_a6_': 1.0}};{'d0': 0.024905832919416587};-280.569866449044;42.14671634276504
37578;-98.1382168817569;(((_a4_ + (x * x)) + (((_a7_ + x) * (_a7_ * _a3_)) * x)) * x);{'d0': {'_a3_': 2.681537897406195, '_a4_': 1.77513540425988, '_a7_': 0.886342453386841, '_a0_': 1.0, '_a1_': 1.0, '_a2_': 1.0, '_a5_': 1.0, '_a6_': 1.0}};{'d0': 0.024905832919416587};-280.569866449044;42.14671634276504
37579;-98.1382168817569;(((_a4_ + (x * x)) + (((_a7_ + x) * (_a7_ * _a3_)) * x)) * x);{'d0': {'_a3_': 2.681537897406195, '_a4_': 1.77513540425988, '_a7_': 0.886342453386841, '_a0_': 1.0, '_a1_': 1.0, '_a2_': 1.0, '_a5_': 1.0, '_a6_': 1.0}};{'d0': 0.024905832919416587};-280.569866449044;42.14671634276504
37580;-98.1382168817569;(((_a4_ + (x * x)) + (((_a7_ + x) * (_a7_ * _a3_)) * x)) * x);{'d0': {'_a3_': 2.681537897406195, '_a4_': 1.77513540425988, '_a7_': 0.886342453386841, '_a0_': 1.0, '_a1_': 1.0, '_a2_': 1.0, '_a5_': 1.0, '_a6_': 1.0}};{'d0': 0.024905832919416587};-280.569866449044;42.14671634276504
37581;-98.1382168817569;(((_a4_ + (x * x)) + (((_a7_ + x) * (_a7_ * _a3_)) * x)) * x);{'d0': {'_a3_': 2.681537897406195, '_a4_': 1.77513540425988, '_a7_': 0.886342453386841, '_a0_': 1.0, '_a1_': 1.0, '_a2_': 1.0, '_a5_': 1.0, '_a6_': 1.0}};{'d0': 0.024905832919416587};-280.569866449044;42.14671634276504
37582;-103.159914093536;(((_a4_ + (x * x)) + (((_a7_ + x) * _a6_) * x)) * x);{'d0': {'_a4_': 1.7751354043288046, '_a6_': 2.3767608773593802, '_a7_': 0.886342453444786, '_a0_': 1.0, '_a1_': 1.0, '_a2_': 1.0, '_a3_': 1.0, '_a5_': 1.0}};{'d0': 0.024905832919416632};-280.569866449044;37.12501913098604
37583;-103.159914093536;(((_a4_ + (x * x)) + (((_a7_ + x) * _a6_) * x)) * x);{'d0': {'_a4_': 1.7751354043288046, '_a6_': 2.3767608773593802, '_a7_': 0.886342453444786, '_a0_': 1.0, '_a1_': 1.0, '_a2_': 1.0, '_a3_': 1.0, '_a5_': 1.0}};{'d0': 0.024905832919416632};-280.569866449044;37.12501913098604
37584;-103.159914093536;(((_a4_ + (x * x)) + (((_a7_ + x) * _a2_) * x)) * x);{'d0': {'_a2_': 2.3767608813787184, '_a4_': 1.7751354039318363, '_a7_': 0.88634245316427, '_a0_': 1.0, '_a1_': 1.0, '_a3_': 1.0, '_a5_': 1.0, '_a6_': 1.0}};{'d0': 0.024905832919416643};-280.569866449044;37.12501913098604
37585;-103.159914093536;(((_a4_ + (x * x)) + (((_a7_ + x) * _a2_) * x)) * x);{'d0': {'_a2_': 2.3767608813787184, '_a4_': 1.7751354039318363, '_a7_': 0.88634245316427, '_a0_': 1.0, '_a1_': 1.0, '_a3_': 1.0, '_a5_': 1.0, '_a6_': 1.0}};{'d0': 0.024905832919416643};-280.569866449044;37.12501913098604
37586;-103.159914093536;(((_a4_ + (x * x)) + (((_a7_ + x) * _a2_) * x)) * x);{'d0': {'_a2_': 2.3767608813787184, '_a4_': 1.7751354039318363, '_a7_': 0.88634245316427, '_a0_': 1.0, '_a1_': 1.0, '_a3_': 1.0, '_a5_': 1.0, '_a6_': 1.0}};{'d0': 0.024905832919416643};-280.569866449044;37.12501913098604
37587;-103.159914093536;(((_a4_ + (x * x)) + (((_a7_ + x) * _a2_) * x)) * x);{'d0': {'_a2_': 2.3767608813787184, '_a4_': 1.7751354039318363, '_a7_': 0.88634245316427, '_a0_': 1.0, '_a1_': 1.0, '_a3_': 1.0, '_a5_': 1.0, '_a6_': 1.0}};{'d0': 0.024905832919416643};-280.569866449044;37.12501913098604
37588;-103.159914093536;(((_a4_ + (x * x)) + (((_a7_ + x) * _a2_) * x)) * x);{'d0': {'_a2_': 2.3767608813787184, '_a4_': 1.7751354039318363, '_a7_': 0.88634245316427, '_a0_': 1.0, '_a1_': 1.0, '_a3_': 1.0, '_a5_': 1.0, '_a6_': 1.0}};{'d0': 0.024905832919416643};-280.569866449044;37.12501913098604
37589;-103.159914093536;(((_a4_ + (x * x)) + (((_a7_ + x) * _a2_) * x)) * x);{'d0': {'_a2_': 2.3767608813787184, '_a4_': 1.7751354039318363, '_a7_': 0.88634245316427, '_a0_': 1.0, '_a1_': 1.0, '_a3_': 1.0, '_a5_': 1.0, '_a6_': 1.0}};{'d0': 0.024905832919416643};-280.569866449044;37.12501913098604
37590;-103.159914093536;(((_a4_ + (x * x)) + (((_a7_ + x) * _a2_) * x)) * x);{'d0': {'_a2_': 2.3767608813787184, '_a4_': 1.7751354039318363, '_a7_': 0.88634245316427, '_a0_': 1.0, '_a1_': 1.0, '_a3_': 1.0, '_a5_': 1.0, '_a6_': 1.0}};{'d0': 0.024905832919416643};-280.569866449044;37.12501913098604
37591;-103.159914093536;(((_a4_ + (x * x)) + (((_a7_ + x) * _a2_) * x)) * x);{'d0': {'_a2_': 2.3767608813787184, '_a4_': 1.7751354039318363, '_a7_': 0.88634245316427, '_a0_': 1.0, '_a1_': 1.0, '_a3_': 1.0, '_a5_': 1.0, '_a6_': 1.0}};{'d0': 0.024905832919416643};-280.569866449044;37.12501913098604
37592;-103.159914093536;(((_a4_ + (x * x)) + (((_a7_ + x) * _a2_) * x)) * x);{'d0': {'_a2_': 2.3767608813787184, '_a4_': 1.7751354039318363, '_a7_': 0.88634245316427, '_a0_': 1.0, '_a1_': 1.0, '_a3_': 1.0, '_a5_': 1.0, '_a6_': 1.0}};{'d0': 0.024905832919416643};-280.569866449044;37.12501913098604
37593;-103.159914093536;(((_a4_ + (x * x)) + (((_a7_ + x) * _a2_) * x)) * x);{'d0': {'_a2_': 2.3767608813787184, '_a4_': 1.7751354039318363, '_a7_': 0.88634245316427, '_a0_': 1.0, '_a1_': 1.0, '_a3_': 1.0, '_a5_': 1.0, '_a6_': 1.0}};{'d0': 0.024905832919416643};-280.569866449044;37.12501913098604
37594;-103.159914093536;(((_a4_ + (x * x)) + (((_a7_ + x) * _a2_) * x)) * x);{'d0': {'_a2_': 2.3767608813787184, '_a4_': 1.7751354039318363, '_a7_': 0.88634245316427, '_a0_': 1.0, '_a1_': 1.0, '_a3_': 1.0, '_a5_': 1.0, '_a6_': 1.0}};{'d0': 0.024905832919416643};-280.569866449044;37.12501913098604
37595;-103.159914093536;(((_a4_ + (x * x)) + (((_a7_ + x) * _a2_) * x)) * x);{'d0': {'_a2_': 2.3767608813787184, '_a4_': 1.7751354039318363, '_a7_': 0.88634245316427, '_a0_': 1.0, '_a1_': 1.0, '_a3_': 1.0, '_a5_': 1.0, '_a6_': 1.0}};{'d0': 0.024905832919416643};-280.569866449044;37.12501913098604
37596;-103.159914093536;(((_a4_ + (x * x)) + (((_a7_ + x) * _a2_) * x)) * x);{'d0': {'_a2_': 2.3767608813787184, '_a4_': 1.7751354039318363, '_a7_': 0.88634245316427, '_a0_': 1.0, '_a1_': 1.0, '_a3_': 1.0, '_a5_': 1.0, '_a6_': 1.0}};{'d0': 0.024905832919416643};-280.569866449044;37.12501913098604
37597;-89.1004968022160;((_a2_ + (pow2((((_a2_ ** (_a2_ * pow2(_a0_))) * (_a1_ + x)) * _a0_)) + _a1_)) * x);{'d0': {'_a0_': 1.391992906882394, '_a1_': 0.31192970788011654, '_a2_': 1.1346463810454286, '_a3_': 1.0, '_a4_': 1.0, '_a5_': 1.0, '_a6_': 1.0, '_a7_': 1.0}};{'d0': 0.02490583291941664};-280.569866449044;51.184436422306064
37598;-89.1004968022160;((_a2_ + (pow2((((_a2_ ** (_a2_ * pow2(_a0_))) * (_a1_ + x)) * _a0_)) + _a1_)) * x);{'d0': {'_a0_': 1.391992906882394, '_a1_': 0.31192970788011654, '_a2_': 1.1346463810454286, '_a3_': 1.0, '_a4_': 1.0, '_a5_': 1.0, '_a6_': 1.0, '_a7_': 1.0}};{'d0': 0.02490583291941664};-280.569866449044;51.184436422306064
37599;-89.1004968022160;((_a2_ + (pow2((((_a2_ ** (_a2_ * pow2(_a0_))) * (_a1_ + x)) * _a0_)) + _a1_)) * x);{'d0': {'_a0_': 1.391992906882394, '_a1_': 0.31192970788011654, '_a2_': 1.1346463810454286, '_a3_': 1.0, '_a4_': 1.0, '_a5_': 1.0, '_a6_': 1.0, '_a7_': 1.0}};{'d0': 0.02490583291941664};-280.569866449044;51.184436422306064
37600;-89.1004968022160;((_a2_ + (pow2((((_a2_ ** (_a2_ * pow2(_a0_))) * (_a1_ + x)) * _a0_)) + _a1_)) * x);{'d0': {'_a0_': 1.391992906882394, '_a1_': 0.31192970788011654, '_a2_': 1.1346463810454286, '_a3_': 1.0, '_a4_': 1.0, '_a5_': 1.0, '_a6_': 1.0, '_a7_': 1.0}};{'d0': 0.02490583291941664};-280.569866449044;51.184436422306064
37601;-88.1292356786430;((_a2_ + (pow2((((_a2_ ** (_a2_ + pow2(_a0_))) * (_a1_ + x)) * _a0_)) + _a1_)) * x);{'d0': {'_a0_': 1.2902503775572753, '_a1_': 0.3119297077182784, '_a2_': 1.1346463817624908, '_a3_': 1.0, '_a4_': 1.0, '_a5_': 1.0, '_a6_': 1.0, '_a7_': 1.0}};{'d0': 0.02490583291941661};-280.569866449044;52.155697545879065
37602;-88.1292356786430;((_a2_ + (pow2((((_a2_ ** (_a2_ + pow2(_a0_))) * (_a1_ + x)) * _a0_)) + _a1_)) * x);{'d0': {'_a0_': 1.2902503775572753, '_a1_': 0.3119297077182784, '_a2_': 1.1346463817624908, '_a3_': 1.0, '_a4_': 1.0, '_a5_': 1.0, '_a6_': 1.0, '_a7_': 1.0}};{'d0': 0.02490583291941661};-280.569866449044;52.155697545879065
37603;-88.1292356786430;((_a2_ + (pow2((((_a2_ ** (_a2_ + pow2(_a0_))) * (_a1_ + x)) * _a0_)) + _a1_)) * x);{'d0': {'_a0_': 1.2902503775572753, '_a1_': 0.3119297077182784, '_a2_': 1.1346463817624908, '_a3_': 1.0, '_a4_': 1.0, '_a5_': 1.0, '_a6_': 1.0, '_a7_': 1.0}};{'d0': 0.02490583291941661};-280.569866449044;52.155697545879065
37604;-88.1292356786430;((_a2_ + (pow2((((_a2_ ** (_a2_ + pow2(_a0_))) * (_a1_ + x)) * _a0_)) + _a1_)) * x);{'d0': {'_a0_': 1.2902503775572753, '_a1_': 0.3119297077182784, '_a2_': 1.1346463817624908, '_a3_': 1.0, '_a4_': 1.0, '_a5_': 1.0, '_a6_': 1.0, '_a7_': 1.0}};{'d0': 0.02490583291941661};-280.569866449044;52.155697545879065
37605;-88.1292356786430;((_a2_ + (pow2((((_a2_ ** (_a2_ + pow2(_a0_))) * (_a1_ + x)) * _a0_)) + _a1_)) * x);{'d0': {'_a0_': 1.2902503775572753, '_a1_': 0.3119297077182784, '_a2_': 1.1346463817624908, '_a3_': 1.0, '_a4_': 1.0, '_a5_': 1.0, '_a6_': 1.0, '_a7_': 1.0}};{'d0': 0.02490583291941661};-280.569866449044;52.155697545879065
37606;-88.1292356786430;((_a2_ + (pow2((((_a2_ ** (_a2_ + pow2(_a0_))) * (_a1_ + x)) * _a0_)) + _a1_)) * x);{'d0': {'_a0_': 1.2902503775572753, '_a1_': 0.3119297077182784, '_a2_': 1.1346463817624908, '_a3_': 1.0, '_a4_': 1.0, '_a5_': 1.0, '_a6_': 1.0, '_a7_': 1.0}};{'d0': 0.02490583291941661};-280.569866449044;52.155697545879065
37607;-88.1292356786430;((_a2_ + (pow2((((_a2_ ** (_a2_ + pow2(_a0_))) * (_a1_ + x)) * _a0_)) + _a1_)) * x);{'d0': {'_a0_': 1.2902503775572753, '_a1_': 0.3119297077182784, '_a2_': 1.1346463817624908, '_a3_': 1.0, '_a4_': 1.0, '_a5_': 1.0, '_a6_': 1.0, '_a7_': 1.0}};{'d0': 0.02490583291941661};-280.569866449044;52.155697545879065
37608;-88.1292356786430;((_a2_ + (pow2((((_a2_ ** (_a2_ + pow2(_a0_))) * (_a1_ + x)) * _a0_)) + _a1_)) * x);{'d0': {'_a0_': 1.2902503775572753, '_a1_': 0.3119297077182784, '_a2_': 1.1346463817624908, '_a3_': 1.0, '_a4_': 1.0, '_a5_': 1.0, '_a6_': 1.0, '_a7_': 1.0}};{'d0': 0.02490583291941661};-280.569866449044;52.155697545879065
37609;-88.1292356786430;((_a2_ + (pow2((((_a2_ ** (_a2_ + pow2(_a0_))) * (_a1_ + x)) * _a0_)) + _a1_)) * x);{'d0': {'_a0_': 1.2902503775572753, '_a1_': 0.3119297077182784, '_a2_': 1.1346463817624908, '_a3_': 1.0, '_a4_': 1.0, '_a5_': 1.0, '_a6_': 1.0, '_a7_': 1.0}};{'d0': 0.02490583291941661};-280.569866449044;52.155697545879065
37610;-88.1292356786430;((_a2_ + (pow2((((_a2_ ** (_a2_ + pow2(_a0_))) * (_a1_ + x)) * _a0_)) + _a1_)) * x);{'d0': {'_a0_': 1.2902503775572753, '_a1_': 0.3119297077182784, '_a2_': 1.1346463817624908, '_a3_': 1.0, '_a4_': 1.0, '_a5_': 1.0, '_a6_': 1.0, '_a7_': 1.0}};{'d0': 0.02490583291941661};-280.569866449044;52.155697545879065
37611;-88.1292356786430;((_a2_ + (pow2((((_a2_ ** (_a2_ + pow2(_a0_))) * (_a1_ + x)) * _a0_)) + _a1_)) * x);{'d0': {'_a0_': 1.2902503775572753, '_a1_': 0.3119297077182784, '_a2_': 1.1346463817624908, '_a3_': 1.0, '_a4_': 1.0, '_a5_': 1.0, '_a6_': 1.0, '_a7_': 1.0}};{'d0': 0.02490583291941661};-280.569866449044;52.155697545879065
37612;-88.1292356786430;((_a2_ + (pow2((((_a2_ ** (_a2_ + pow2(_a0_))) * (_a1_ + x)) * _a0_)) + _a1_)) * x);{'d0': {'_a0_': 1.2902503775572753, '_a1_': 0.3119297077182784, '_a2_': 1.1346463817624908, '_a3_': 1.0, '_a4_': 1.0, '_a5_': 1.0, '_a6_': 1.0, '_a7_': 1.0}};{'d0': 0.02490583291941661};-280.569866449044;52.155697545879065
37613;-88.1292356786430;((_a2_ + (pow2((((_a2_ ** (_a2_ + pow2(_a0_))) * (_a1_ + x)) * _a0_)) + _a1_)) * x);{'d0': {'_a0_': 1.2902503775572753, '_a1_': 0.3119297077182784, '_a2_': 1.1346463817624908, '_a3_': 1.0, '_a4_': 1.0, '_a5_': 1.0, '_a6_': 1.0, '_a7_': 1.0}};{'d0': 0.02490583291941661};-280.569866449044;52.155697545879065
37614;-88.1292356786429;((_a2_ + (pow2((((_a2_ ** (_a2_ + pow2(_a0_))) * (_a1_ + x)) * _a1_)) + _a1_)) * x);{'d0': {'_a0_': 3.5922792974364586, '_a1_': 0.31192970773061973, '_a2_': 1.1346463788820507, '_a3_': 1.0, '_a4_': 1.0, '_a5_': 1.0, '_a6_': 1.0, '_a7_': 1.0}};{'d0': 0.024905832919416702};-280.569866449043;52.155697545879065
37615;-88.1292356786429;((_a2_ + (pow2((((_a2_ ** (_a2_ + pow2(_a0_))) * (_a1_ + x)) * _a1_)) + _a1_)) * x);{'d0': {'_a0_': 3.5922792974364586, '_a1_': 0.31192970773061973, '_a2_': 1.1346463788820507, '_a3_': 1.0, '_a4_': 1.0, '_a5_': 1.0, '_a6_': 1.0, '_a7_': 1.0}};{'d0': 0.024905832919416702};-280.569866449043;52.155697545879065
37616;-88.1292356786429;((_a2_ + (pow2((((_a2_ ** (_a2_ + pow2(_a0_))) * (_a1_ + x)) * _a1_)) + _a1_)) * x);{'d0': {'_a0_': 3.5922792974364586, '_a1_': 0.31192970773061973, '_a2_': 1.1346463788820507, '_a3_': 1.0, '_a4_': 1.0, '_a5_': 1.0, '_a6_': 1.0, '_a7_': 1.0}};{'d0': 0.024905832919416702};-280.569866449043;52.155697545879065
37617;-88.2495449612706;((_a2_ + (pow2((((_a2_ ** (_a2_ + pow2(_a0_))) * (_a1_ + x)) * _a1_)) / _a1_)) * x);{'d0': {'_a0_': -1.3338588676128031, '_a1_': 0.3119297077990824, '_a2_': 1.4465760896685582, '_a3_': 1.0, '_a4_': 1.0, '_a5_': 1.0, '_a6_': 1.0, '_a7_': 1.0}};{'d0': 0.02490583291941659};-280.569866449044;52.03538826325146
37618;-88.2495449612706;((_a2_ + (pow2((((_a2_ ** (_a2_ + pow2(_a0_))) * (_a1_ + x)) * _a1_)) / _a1_)) * x);{'d0': {'_a0_': -1.3338588676128031, '_a1_': 0.3119297077990824, '_a2_': 1.4465760896685582, '_a3_': 1.0, '_a4_': 1.0, '_a5_': 1.0, '_a6_': 1.0, '_a7_': 1.0}};{'d0': 0.02490583291941659};-280.569866449044;52.03538826325146
37619;-88.2495449612706;((_a2_ + (pow2((((_a2_ ** (_a2_ + pow2(_a0_))) * (_a1_ + x)) * _a1_)) / _a1_)) * x);{'d0': {'_a0_': -1.3338588676128031, '_a1_': 0.3119297077990824, '_a2_': 1.4465760896685582, '_a3_': 1.0, '_a4_': 1.0, '_a5_': 1.0, '_a6_': 1.0, '_a7_': 1.0}};{'d0': 0.02490583291941659};-280.569866449044;52.03538826325146
37620;-88.2495449612706;((_a2_ + (pow2((((_a2_ ** (_a2_ + pow2(_a0_))) * (_a1_ + x)) * _a1_)) / _a1_)) * x);{'d0': {'_a0_': -1.3338588676128031, '_a1_': 0.3119297077990824, '_a2_': 1.4465760896685582, '_a3_': 1.0, '_a4_': 1.0, '_a5_': 1.0, '_a6_': 1.0, '_a7_': 1.0}};{'d0': 0.02490583291941659};-280.569866449044;52.03538826325146
37621;-88.2495449612706;((_a2_ + (pow2((((_a2_ ** (_a2_ + pow2(_a0_))) * (_a1_ + x)) * _a1_)) / _a1_)) * x);{'d0': {'_a0_': -1.3338588676128031, '_a1_': 0.3119297077990824, '_a2_': 1.4465760896685582, '_a3_': 1.0, '_a4_': 1.0, '_a5_': 1.0, '_a6_': 1.0, '_a7_': 1.0}};{'d0': 0.02490583291941659};-280.569866449044;52.03538826325146
37622;-88.2495449612706;((_a2_ + (pow2((((_a2_ ** (_a2_ + pow2(_a0_))) * (_a1_ + x)) * _a1_)) / _a1_)) * x);{'d0': {'_a0_': -1.3338588676128031, '_a1_': 0.3119297077990824, '_a2_': 1.4465760896685582, '_a3_': 1.0, '_a4_': 1.0, '_a5_': 1.0, '_a6_': 1.0, '_a7_': 1.0}};{'d0': 0.02490583291941659};-280.569866449044;52.03538826325146
37623;-88.2495449612706;((_a2_ + (pow2((((_a2_ ** (_a2_ + pow2(_a0_))) * (_a1_ + x)) * _a1_)) / _a1_)) * x);{'d0': {'_a0_': -1.3338588676128031, '_a1_': 0.3119297077990824, '_a2_': 1.4465760896685582, '_a3_': 1.0, '_a4_': 1.0, '_a5_': 1.0, '_a6_': 1.0, '_a7_': 1.0}};{'d0': 0.02490583291941659};-280.569866449044;52.03538826325146
37624;-84.5516104886606;((_a2_ + (pow2((((pow2(_a0_) ** (_a2_ + pow2(_a0_))) * (_a1_ + x)) * _a1_)) / _a1_)) * x);{'d0': {'_a0_': -1.224092380166038, '_a1_': 0.3119297076798846, '_a2_': 1.446576088962927, '_a3_': 1.0, '_a4_': 1.0, '_a5_': 1.0, '_a6_': 1.0, '_a7_': 1.0}};{'d0': 0.024905832919416636};-280.569866449044;55.733322735861464
37625;-84.5516104886606;((_a2_ + (pow2((((pow2(_a0_) ** (_a2_ + pow2(_a0_))) * (_a1_ + x)) * _a1_)) / _a1_)) * x);{'d0': {'_a0_': -1.224092380166038, '_a1_': 0.3119297076798846, '_a2_': 1.446576088962927, '_a3_': 1.0, '_a4_': 1.0, '_a5_': 1.0, '_a6_': 1.0, '_a7_': 1.0}};{'d0': 0.024905832919416636};-280.569866449044;55.733322735861464
37626;-84.5516104886606;((_a2_ + (pow2((((pow2(_a0_) ** (_a2_ + pow2(_a0_))) * (_a1_ + x)) * _a1_)) / _a1_)) * x);{'d0': {'_a0_': -1.224092380166038, '_a1_': 0.3119297076798846, '_a2_': 1.446576088962927, '_a3_': 1.0, '_a4_': 1.0, '_a5_': 1.0, '_a6_': 1.0, '_a7_': 1.0}};{'d0': 0.024905832919416636};-280.569866449044;55.733322735861464
37627;-84.5516104886606;((_a2_ + (pow2((((pow2(_a0_) ** (_a2_ + pow2(_a0_))) * (_a1_ + x)) * _a1_)) / _a1_)) * x);{'d0': {'_a0_': -1.224092380166038, '_a1_': 0.3119297076798846, '_a2_': 1.446576088962927, '_a3_': 1.0, '_a4_': 1.0, '_a5_': 1.0, '_a6_': 1.0, '_a7_': 1.0}};{'d0': 0.024905832919416636};-280.569866449044;55.733322735861464
37628;-84.5516104886606;((_a2_ + (pow2((((pow2(_a0_) ** (_a2_ + pow2(_a0_))) * (_a1_ + x)) * _a1_)) / _a1_)) * x);{'d0': {'_a0_': -1.224092380166038, '_a1_': 0.3119297076798846, '_a2_': 1.446576088962927, '_a3_': 1.0, '_a4_': 1.0, '_a5_': 1.0, '_a6_': 1.0, '_a7_': 1.0}};{'d0': 0.024905832919416636};-280.569866449044;55.733322735861464
37629;-84.5516104886606;((_a2_ + (pow2((((pow2(_a0_) ** (_a2_ + pow2(_a0_))) * (_a1_ + x)) * _a1_)) / _a1_)) * x);{'d0': {'_a0_': -1.224092380166038, '_a1_': 0.3119297076798846, '_a2_': 1.446576088962927, '_a3_': 1.0, '_a4_': 1.0, '_a5_': 1.0, '_a6_': 1.0, '_a7_': 1.0}};{'d0': 0.024905832919416636};-280.569866449044;55.733322735861464
37630;-84.5516104886606;((_a2_ + (pow2((((pow2(_a0_) ** (_a2_ + pow2(_a0_))) * (_a1_ + x)) * _a1_)) / _a1_)) * x);{'d0': {'_a0_': -1.224092380166038, '_a1_': 0.3119297076798846, '_a2_': 1.446576088962927, '_a3_': 1.0, '_a4_': 1.0, '_a5_': 1.0, '_a6_': 1.0, '_a7_': 1.0}};{'d0': 0.024905832919416636};-280.569866449044;55.733322735861464
37631;-84.5516104886606;((_a2_ + (pow2((((pow2(_a0_) ** (_a2_ + pow2(_a0_))) * (_a1_ + x)) * _a1_)) / _a1_)) * x);{'d0': {'_a0_': -1.224092380166038, '_a1_': 0.3119297076798846, '_a2_': 1.446576088962927, '_a3_': 1.0, '_a4_': 1.0, '_a5_': 1.0, '_a6_': 1.0, '_a7_': 1.0}};{'d0': 0.024905832919416636};-280.569866449044;55.733322735861464
37632;-84.5516104886606;((_a2_ + (pow2((((pow2(_a0_) ** (_a2_ + pow2(_a0_))) * (_a1_ + x)) * _a1_)) / _a1_)) * x);{'d0': {'_a0_': -1.224092380166038, '_a1_': 0.3119297076798846, '_a2_': 1.446576088962927, '_a3_': 1.0, '_a4_': 1.0, '_a5_': 1.0, '_a6_': 1.0, '_a7_': 1.0}};{'d0': 0.024905832919416636};-280.569866449044;55.733322735861464
37633;-84.5516104886606;((_a2_ + (pow2((((pow2(_a0_) ** (_a2_ + pow2(_a0_))) * (_a1_ + x)) * _a1_)) / _a1_)) * x);{'d0': {'_a0_': -1.224092380166038, '_a1_': 0.3119297076798846, '_a2_': 1.446576088962927, '_a3_': 1.0, '_a4_': 1.0, '_a5_': 1.0, '_a6_': 1.0, '_a7_': 1.0}};{'d0': 0.024905832919416636};-280.569866449044;55.733322735861464
37634;-84.5695978010101;((_a2_ + (pow2((((pow2(_a0_) ** (_a2_ + -(_a0_))) * (_a1_ + x)) * _a1_)) / _a1_)) * x);{'d0': {'_a0_': -1.2473745875928632, '_a1_': 0.3119297077365521, '_a2_': 1.4465760893571304, '_a3_': 1.0, '_a4_': 1.0, '_a5_': 1.0, '_a6_': 1.0, '_a7_': 1.0}};{'d0': 0.024905832919416657};-280.569866449044;55.71533542351185
37635;-84.5695978010101;((_a2_ + (pow2((((pow2(_a0_) ** (_a2_ + -(_a0_))) * (_a1_ + x)) * _a1_)) / _a1_)) * x);{'d0': {'_a0_': -1.2473745875928632, '_a1_': 0.3119297077365521, '_a2_': 1.4465760893571304, '_a3_': 1.0, '_a4_': 1.0, '_a5_': 1.0, '_a6_': 1.0, '_a7_': 1.0}};{'d0': 0.024905832919416657};-280.569866449044;55.71533542351185
37636;-84.5695978010101;((_a2_ + (pow2((((pow2(_a0_) ** (_a2_ + -(_a0_))) * (_a1_ + x)) * _a1_)) / _a1_)) * x);{'d0': {'_a0_': -1.2473745875928632, '_a1_': 0.3119297077365521, '_a2_': 1.4465760893571304, '_a3_': 1.0, '_a4_': 1.0, '_a5_': 1.0, '_a6_': 1.0, '_a7_': 1.0}};{'d0': 0.024905832919416657};-280.569866449044;55.71533542351185
37637;-84.5695978010101;((_a2_ + (pow2((((pow2(_a0_) ** (_a2_ + -(_a0_))) * (_a1_ + x)) * _a1_)) / _a1_)) * x);{'d0': {'_a0_': -1.2473745875928632, '_a1_': 0.3119297077365521, '_a2_': 1.4465760893571304, '_a3_': 1.0, '_a4_': 1.0, '_a5_': 1.0, '_a6_': 1.0, '_a7_': 1.0}};{'d0': 0.024905832919416657};-280.569866449044;55.71533542351185
37638;-84.5695978010101;((_a2_ + (pow2((((pow2(_a0_) ** (_a2_ + -(_a0_))) * (_a1_ + x)) * _a1_)) / _a1_)) * x);{'d0': {'_a0_': -1.2473745875928632, '_a1_': 0.3119297077365521, '_a2_': 1.4465760893571304, '_a3_': 1.0, '_a4_': 1.0, '_a5_': 1.0, '_a6_': 1.0, '_a7_': 1.0}};{'d0': 0.024905832919416657};-280.569866449044;55.71533542351185
37639;-84.5695978010101;((_a2_ + (pow2((((pow2(_a0_) ** (_a2_ + -(_a0_))) * (_a1_ + x)) * _a1_)) / _a1_)) * x);{'d0': {'_a0_': -1.2473745875928632, '_a1_': 0.3119297077365521, '_a2_': 1.4465760893571304, '_a3_': 1.0, '_a4_': 1.0, '_a5_': 1.0, '_a6_': 1.0, '_a7_': 1.0}};{'d0': 0.024905832919416657};-280.569866449044;55.71533542351185
37640;-84.5695978010101;((_a2_ + (pow2((((pow2(_a0_) ** (_a2_ + -(_a0_))) * (_a1_ + x)) * _a1_)) / _a1_)) * x);{'d0': {'_a0_': -1.2473745875928632, '_a1_': 0.3119297077365521, '_a2_': 1.4465760893571304, '_a3_': 1.0, '_a4_': 1.0, '_a5_': 1.0, '_a6_': 1.0, '_a7_': 1.0}};{'d0': 0.024905832919416657};-280.569866449044;55.71533542351185
37641;-84.5695978010101;((_a2_ + (pow2((((pow2(_a0_) ** (_a2_ + -(_a0_))) * (_a1_ + x)) * _a1_)) / _a1_)) * x);{'d0': {'_a0_': -1.2473745875928632, '_a1_': 0.3119297077365521, '_a2_': 1.4465760893571304, '_a3_': 1.0, '_a4_': 1.0, '_a5_': 1.0, '_a6_': 1.0, '_a7_': 1.0}};{'d0': 0.024905832919416657};-280.569866449044;55.71533542351185
37642;-84.5695978010101;((_a2_ + (pow2((((pow2(_a0_) ** (_a2_ + -(_a0_))) * (_a1_ + x)) * _a1_)) / _a1_)) * x);{'d0': {'_a0_': -1.2473745875928632, '_a1_': 0.3119297077365521, '_a2_': 1.4465760893571304, '_a3_': 1.0, '_a4_': 1.0, '_a5_': 1.0, '_a6_': 1.0, '_a7_': 1.0}};{'d0': 0.024905832919416657};-280.569866449044;55.71533542351185
37643;-84.5695978010101;((_a2_ + (pow2((((pow2(_a0_) ** (_a2_ + -(_a0_))) * (_a1_ + x)) * _a1_)) / _a1_)) * x);{'d0': {'_a0_': -1.2473745875928632, '_a1_': 0.3119297077365521, '_a2_': 1.4465760893571304, '_a3_': 1.0, '_a4_': 1.0, '_a5_': 1.0, '_a6_': 1.0, '_a7_': 1.0}};{'d0': 0.024905832919416657};-280.569866449044;55.71533542351185
37644;-84.5695978010101;((_a2_ + (pow2((((pow2(_a0_) ** (_a2_ + -(_a0_))) * (_a1_ + x)) * _a1_)) / _a1_)) * x);{'d0': {'_a0_': -1.2473745875928632, '_a1_': 0.3119297077365521, '_a2_': 1.4465760893571304, '_a3_': 1.0, '_a4_': 1.0, '_a5_': 1.0, '_a6_': 1.0, '_a7_': 1.0}};{'d0': 0.024905832919416657};-280.569866449044;55.71533542351185
37645;-84.5695978010101;((_a2_ + (pow2((((pow2(_a0_) ** (_a2_ + -(_a0_))) * (_a1_ + x)) * _a1_)) / _a1_)) * x);{'d0': {'_a0_': -1.2473745875928632, '_a1_': 0.3119297077365521, '_a2_': 1.4465760893571304, '_a3_': 1.0, '_a4_': 1.0, '_a5_': 1.0, '_a6_': 1.0, '_a7_': 1.0}};{'d0': 0.024905832919416657};-280.569866449044;55.71533542351185
37646;-84.5695978010101;((_a2_ + (pow2((((pow2(_a0_) ** (_a2_ + -(_a0_))) * (_a1_ + x)) * _a1_)) / _a1_)) * x);{'d0': {'_a0_': -1.2473745875928632, '_a1_': 0.3119297077365521, '_a2_': 1.4465760893571304, '_a3_': 1.0, '_a4_': 1.0, '_a5_': 1.0, '_a6_': 1.0, '_a7_': 1.0}};{'d0': 0.024905832919416657};-280.569866449044;55.71533542351185
37647;-84.5695978010101;((_a2_ + (pow2((((pow2(_a0_) ** (_a2_ + -(_a0_))) * (_a1_ + x)) * _a1_)) / _a1_)) * x);{'d0': {'_a0_': -1.2473745875928632, '_a1_': 0.3119297077365521, '_a2_': 1.4465760893571304, '_a3_': 1.0, '_a4_': 1.0, '_a5_': 1.0, '_a6_': 1.0, '_a7_': 1.0}};{'d0': 0.024905832919416657};-280.569866449044;55.71533542351185
37648;-84.5695978010101;((_a2_ + (pow2((((pow2(_a0_) ** (_a2_ + -(_a0_))) * (_a1_ + x)) * _a1_)) / _a1_)) * x);{'d0': {'_a0_': -1.2473745875928632, '_a1_': 0.3119297077365521, '_a2_': 1.4465760893571304, '_a3_': 1.0, '_a4_': 1.0, '_a5_': 1.0, '_a6_': 1.0, '_a7_': 1.0}};{'d0': 0.024905832919416657};-280.569866449044;55.71533542351185
37649;-84.5695978010101;((_a2_ + (pow2((((pow2(_a0_) ** (_a2_ + -(_a0_))) * (_a1_ + x)) * _a1_)) / _a1_)) * x);{'d0': {'_a0_': -1.2473745875928632, '_a1_': 0.3119297077365521, '_a2_': 1.4465760893571304, '_a3_': 1.0, '_a4_': 1.0, '_a5_': 1.0, '_a6_': 1.0, '_a7_': 1.0}};{'d0': 0.024905832919416657};-280.569866449044;55.71533542351185
37650;-84.5695978010101;((_a2_ + (pow2((((pow2(_a0_) ** (_a2_ + -(_a0_))) * (_a1_ + x)) * _a1_)) / _a1_)) * x);{'d0': {'_a0_': -1.2473745875928632, '_a1_': 0.3119297077365521, '_a2_': 1.4465760893571304, '_a3_': 1.0, '_a4_': 1.0, '_a5_': 1.0, '_a6_': 1.0, '_a7_': 1.0}};{'d0': 0.024905832919416657};-280.569866449044;55.71533542351185
37651;-84.5695978010101;((_a2_ + (pow2((((pow2(_a0_) ** (_a2_ + -(_a0_))) * (_a1_ + x)) * _a1_)) / _a1_)) * x);{'d0': {'_a0_': -1.2473745875928632, '_a1_': 0.3119297077365521, '_a2_': 1.4465760893571304, '_a3_': 1.0, '_a4_': 1.0, '_a5_': 1.0, '_a6_': 1.0, '_a7_': 1.0}};{'d0': 0.024905832919416657};-280.569866449044;55.71533542351185
37652;-84.5695978010101;((_a2_ + (pow2((((pow2(_a0_) ** (_a2_ + -(_a0_))) * (_a1_ + x)) * _a1_)) / _a1_)) * x);{'d0': {'_a0_': -1.2473745875928632, '_a1_': 0.3119297077365521, '_a2_': 1.4465760893571304, '_a3_': 1.0, '_a4_': 1.0, '_a5_': 1.0, '_a6_': 1.0, '_a7_': 1.0}};{'d0': 0.024905832919416657};-280.569866449044;55.71533542351185
37653;-84.5695978010101;((_a2_ + (pow2((((pow2(_a0_) ** (_a2_ + -(_a0_))) * (_a1_ + x)) * _a1_)) / _a1_)) * x);{'d0': {'_a0_': -1.2473745875928632, '_a1_': 0.3119297077365521, '_a2_': 1.4465760893571304, '_a3_': 1.0, '_a4_': 1.0, '_a5_': 1.0, '_a6_': 1.0, '_a7_': 1.0}};{'d0': 0.024905832919416657};-280.569866449044;55.71533542351185
37654;-84.5695978010101;((_a2_ + (pow2((((pow2(_a0_) ** (_a2_ + -(_a0_))) * (_a1_ + x)) * _a1_)) / _a1_)) * x);{'d0': {'_a0_': -1.2473745875928632, '_a1_': 0.3119297077365521, '_a2_': 1.4465760893571304, '_a3_': 1.0, '_a4_': 1.0, '_a5_': 1.0, '_a6_': 1.0, '_a7_': 1.0}};{'d0': 0.024905832919416657};-280.569866449044;55.71533542351185
37655;-84.5695978010101;((_a2_ + (pow2((((pow2(_a0_) ** (_a2_ + -(_a0_))) * (_a1_ + x)) * _a1_)) / _a1_)) * x);{'d0': {'_a0_': -1.2473745875928632, '_a1_': 0.3119297077365521, '_a2_': 1.4465760893571304, '_a3_': 1.0, '_a4_': 1.0, '_a5_': 1.0, '_a6_': 1.0, '_a7_': 1.0}};{'d0': 0.024905832919416657};-280.569866449044;55.71533542351185
37656;-85.5408589245833;((_a2_ + (pow2((((pow2(_a0_) ** (_a2_ * -(_a0_))) * (_a1_ + x)) * _a1_)) / _a1_)) * x);{'d0': {'_a0_': -1.3549942387716343, '_a1_': 0.3119297078233421, '_a2_': 1.4465760896547324, '_a3_': 1.0, '_a4_': 1.0, '_a5_': 1.0, '_a6_': 1.0, '_a7_': 1.0}};{'d0': 0.02490583291941655};-280.569866449044;54.74407429993885
37657;-85.5408589245833;((_a2_ + (pow2((((pow2(_a0_) ** (_a2_ * -(_a0_))) * (_a1_ + x)) * _a1_)) / _a1_)) * x);{'d0': {'_a0_': -1.3549942387716343, '_a1_': 0.3119297078233421, '_a2_': 1.4465760896547324, '_a3_': 1.0, '_a4_': 1.0, '_a5_': 1.0, '_a6_': 1.0, '_a7_': 1.0}};{'d0': 0.02490583291941655};-280.569866449044;54.74407429993885
37658;-85.5408589245833;((_a2_ + (pow2((((pow2(_a0_) ** (_a2_ * -(_a0_))) * (_a1_ + x)) * _a1_)) / _a1_)) * x);{'d0': {'_a0_': -1.3549942387716343, '_a1_': 0.3119297078233421, '_a2_': 1.4465760896547324, '_a3_': 1.0, '_a4_': 1.0, '_a5_': 1.0, '_a6_': 1.0, '_a7_': 1.0}};{'d0': 0.02490583291941655};-280.569866449044;54.74407429993885
37659;-85.5408589245833;((_a2_ + (pow2((((pow2(_a0_) ** (_a2_ * -(_a0_))) * (_a1_ + x)) * _a1_)) / _a1_)) * x);{'d0': {'_a0_': -1.3549942387716343, '_a1_': 0.3119297078233421, '_a2_': 1.4465760896547324, '_a3_': 1.0, '_a4_': 1.0, '_a5_': 1.0, '_a6_': 1.0, '_a7_': 1.0}};{'d0': 0.02490583291941655};-280.569866449044;54.74407429993885
37660;-85.5408589245833;((_a2_ + (pow2((((pow2(_a0_) ** (_a2_ * -(_a0_))) * (_a1_ + x)) * _a1_)) / _a1_)) * x);{'d0': {'_a0_': -1.3549942387716343, '_a1_': 0.3119297078233421, '_a2_': 1.4465760896547324, '_a3_': 1.0, '_a4_': 1.0, '_a5_': 1.0, '_a6_': 1.0, '_a7_': 1.0}};{'d0': 0.02490583291941655};-280.569866449044;54.74407429993885
37661;-85.5408589245833;((_a2_ + (pow2((((pow2(_a0_) ** (_a2_ * -(_a0_))) * (_a1_ + x)) * _a1_)) / _a1_)) * x);{'d0': {'_a0_': -1.3549942387716343, '_a1_': 0.3119297078233421, '_a2_': 1.4465760896547324, '_a3_': 1.0, '_a4_': 1.0, '_a5_': 1.0, '_a6_': 1.0, '_a7_': 1.0}};{'d0': 0.02490583291941655};-280.569866449044;54.74407429993885
37662;-85.5408589245833;((_a2_ + (pow2((((pow2(_a0_) ** (_a2_ * -(_a0_))) * (_a1_ + x)) * _a1_)) / _a1_)) * x);{'d0': {'_a0_': -1.3549942387716343, '_a1_': 0.3119297078233421, '_a2_': 1.4465760896547324, '_a3_': 1.0, '_a4_': 1.0, '_a5_': 1.0, '_a6_': 1.0, '_a7_': 1.0}};{'d0': 0.02490583291941655};-280.569866449044;54.74407429993885
37663;-85.5408589245833;((_a2_ + (pow2((((pow2(_a0_) ** (_a2_ * -(_a0_))) * (_a1_ + x)) * _a1_)) / _a1_)) * x);{'d0': {'_a0_': -1.3549942387716343, '_a1_': 0.3119297078233421, '_a2_': 1.4465760896547324, '_a3_': 1.0, '_a4_': 1.0, '_a5_': 1.0, '_a6_': 1.0, '_a7_': 1.0}};{'d0': 0.02490583291941655};-280.569866449044;54.74407429993885
37664;-85.5408589245833;((_a2_ + (pow2((((pow2(_a0_) ** (_a2_ * -(_a0_))) * (_a1_ + x)) * _a1_)) / _a1_)) * x);{'d0': {'_a0_': -1.3549942387716343, '_a1_': 0.3119297078233421, '_a2_': 1.4465760896547324, '_a3_': 1.0, '_a4_': 1.0, '_a5_': 1.0, '_a6_': 1.0, '_a7_': 1.0}};{'d0': 0.02490583291941655};-280.569866449044;54.74407429993885
37665;-85.5408589245833;((_a2_ + (pow2((((pow2(_a0_) ** (_a2_ * -(_a0_))) * (_a1_ + x)) * _a1_)) / _a1_)) * x);{'d0': {'_a0_': -1.3549942387716343, '_a1_': 0.3119297078233421, '_a2_': 1.4465760896547324, '_a3_': 1.0, '_a4_': 1.0, '_a5_': 1.0, '_a6_': 1.0, '_a7_': 1.0}};{'d0': 0.02490583291941655};-280.569866449044;54.74407429993885
37666;-85.5408589245833;((_a2_ + (pow2((((pow2(_a0_) ** (_a2_ * -(_a0_))) * (_a1_ + x)) * _a1_)) / _a1_)) * x);{'d0': {'_a0_': -1.3549942387716343, '_a1_': 0.3119297078233421, '_a2_': 1.4465760896547324, '_a3_': 1.0, '_a4_': 1.0, '_a5_': 1.0, '_a6_': 1.0, '_a7_': 1.0}};{'d0': 0.02490583291941655};-280.569866449044;54.74407429993885
37667;-85.5408589245833;((_a2_ + (pow2((((pow2(_a0_) ** (_a2_ * -(_a0_))) * (_a1_ + x)) * _a1_)) / _a1_)) * x);{'d0': {'_a0_': -1.3549942387716343, '_a1_': 0.3119297078233421, '_a2_': 1.4465760896547324, '_a3_': 1.0, '_a4_': 1.0, '_a5_': 1.0, '_a6_': 1.0, '_a7_': 1.0}};{'d0': 0.02490583291941655};-280.569866449044;54.74407429993885
37668;-101.927902786996;(((pow2((-(_a1_) + (x + -(_a6_)))) * _a0_) + _a1_) * x);{'d0': {'_a0_': 3.3767608786257983, '_a1_': 1.4465760892751256, '_a6_': -1.7585057970714826, '_a2_': 1.0, '_a3_': 1.0, '_a4_': 1.0, '_a5_': 1.0, '_a7_': 1.0}};{'d0': 0.024905832919416625};-280.569866449044;38.35703043752541
37669;-101.927902786996;(((pow2((-(_a1_) + (x + -(_a6_)))) * _a0_) + _a1_) * x);{'d0': {'_a0_': 3.3767608786257983, '_a1_': 1.4465760892751256, '_a6_': -1.7585057970714826, '_a2_': 1.0, '_a3_': 1.0, '_a4_': 1.0, '_a5_': 1.0, '_a7_': 1.0}};{'d0': 0.024905832919416625};-280.569866449044;38.35703043752541
37670;-101.927902786996;(((pow2((-(_a1_) + (x + -(_a6_)))) * _a0_) + _a1_) * x);{'d0': {'_a0_': 3.3767608786257983, '_a1_': 1.4465760892751256, '_a6_': -1.7585057970714826, '_a2_': 1.0, '_a3_': 1.0, '_a4_': 1.0, '_a5_': 1.0, '_a7_': 1.0}};{'d0': 0.024905832919416625};-280.569866449044;38.35703043752541
37671;-101.927902786996;(((pow2((-(_a1_) + (x + -(_a6_)))) * _a0_) + _a1_) * x);{'d0': {'_a0_': 3.3767608786257983, '_a1_': 1.4465760892751256, '_a6_': -1.7585057970714826, '_a2_': 1.0, '_a3_': 1.0, '_a4_': 1.0, '_a5_': 1.0, '_a7_': 1.0}};{'d0': 0.024905832919416625};-280.569866449044;38.35703043752541
37672;-101.927902786996;(((pow2((-(_a1_) + (x + -(_a6_)))) * _a0_) + _a1_) * x);{'d0': {'_a0_': 3.3767608786257983, '_a1_': 1.4465760892751256, '_a6_': -1.7585057970714826, '_a2_': 1.0, '_a3_': 1.0, '_a4_': 1.0, '_a5_': 1.0, '_a7_': 1.0}};{'d0': 0.024905832919416625};-280.569866449044;38.35703043752541
37673;-100.731372386122;(((pow2(((_a0_ * _a6_) + (x + -(_a6_)))) * _a0_) + _a1_) * x);{'d0': {'_a0_': 3.376760879037027, '_a1_': 1.4465760889300148, '_a6_': 0.1312415188448467, '_a2_': 1.0, '_a3_': 1.0, '_a4_': 1.0, '_a5_': 1.0, '_a7_': 1.0}};{'d0': 0.024905832919416664};-280.569866449044;39.55356083839924
37674;-100.731372386122;(((pow2(((_a0_ * _a6_) + (x + -(_a6_)))) * _a0_) + _a1_) * x);{'d0': {'_a0_': 3.376760879037027, '_a1_': 1.4465760889300148, '_a6_': 0.1312415188448467, '_a2_': 1.0, '_a3_': 1.0, '_a4_': 1.0, '_a5_': 1.0, '_a7_': 1.0}};{'d0': 0.024905832919416664};-280.569866449044;39.55356083839924
37675;-100.731372386122;(((pow2(((_a0_ * _a6_) + (x + -(_a6_)))) * _a0_) + _a1_) * x);{'d0': {'_a0_': 3.376760879037027, '_a1_': 1.4465760889300148, '_a6_': 0.1312415188448467, '_a2_': 1.0, '_a3_': 1.0, '_a4_': 1.0, '_a5_': 1.0, '_a7_': 1.0}};{'d0': 0.024905832919416664};-280.569866449044;39.55356083839924
37676;-100.731372386122;(((pow2(((_a0_ * _a6_) + (x + -(_a6_)))) * _a0_) + _a1_) * x);{'d0': {'_a0_': 3.376760879037027, '_a1_': 1.4465760889300148, '_a6_': 0.1312415188448467, '_a2_': 1.0, '_a3_': 1.0, '_a4_': 1.0, '_a5_': 1.0, '_a7_': 1.0}};{'d0': 0.024905832919416664};-280.569866449044;39.55356083839924
37677;-100.731372386122;(((pow2(((_a0_ * _a6_) + (x + -(_a6_)))) * _a0_) + _a1_) * x);{'d0': {'_a0_': 3.376760879037027, '_a1_': 1.4465760889300148, '_a6_': 0.1312415188448467, '_a2_': 1.0, '_a3_': 1.0, '_a4_': 1.0, '_a5_': 1.0, '_a7_': 1.0}};{'d0': 0.024905832919416664};-280.569866449044;39.55356083839924
37678;-100.731372386122;(((pow2(((_a0_ * _a6_) + (x + -(_a6_)))) * _a0_) + _a1_) * x);{'d0': {'_a0_': 3.376760879037027, '_a1_': 1.4465760889300148, '_a6_': 0.1312415188448467, '_a2_': 1.0, '_a3_': 1.0, '_a4_': 1.0, '_a5_': 1.0, '_a7_': 1.0}};{'d0': 0.024905832919416664};-280.569866449044;39.55356083839924
37679;-100.731372386122;(((pow2(((_a0_ * _a6_) + (x + -(_a6_)))) * _a0_) + _a1_) * x);{'d0': {'_a0_': 3.376760879037027, '_a1_': 1.4465760889300148, '_a6_': 0.1312415188448467, '_a2_': 1.0, '_a3_': 1.0, '_a4_': 1.0, '_a5_': 1.0, '_a7_': 1.0}};{'d0': 0.024905832919416664};-280.569866449044;39.55356083839924
37680;-100.731372386122;(((pow2(((_a0_ * _a6_) + (x + -(_a6_)))) * _a0_) + _a1_) * x);{'d0': {'_a0_': 3.376760879037027, '_a1_': 1.4465760889300148, '_a6_': 0.1312415188448467, '_a2_': 1.0, '_a3_': 1.0, '_a4_': 1.0, '_a5_': 1.0, '_a7_': 1.0}};{'d0': 0.024905832919416664};-280.569866449044;39.55356083839924
37681;-100.731372386122;(((pow2(((_a0_ * _a6_) + (x + -(_a6_)))) * _a0_) + _a1_) * x);{'d0': {'_a0_': 3.376760879037027, '_a1_': 1.4465760889300148, '_a6_': 0.1312415188448467, '_a2_': 1.0, '_a3_': 1.0, '_a4_': 1.0, '_a5_': 1.0, '_a7_': 1.0}};{'d0': 0.024905832919416664};-280.569866449044;39.55356083839924
37682;-100.731372386122;(((pow2(((_a0_ * _a6_) + (x + -(_a6_)))) * _a0_) + _a1_) * x);{'d0': {'_a0_': 3.376760879037027, '_a1_': 1.4465760889300148, '_a6_': 0.1312415188448467, '_a2_': 1.0, '_a3_': 1.0, '_a4_': 1.0, '_a5_': 1.0, '_a7_': 1.0}};{'d0': 0.024905832919416664};-280.569866449044;39.55356083839924
37683;-100.731372386122;(((pow2(((_a0_ * x) + (x + -(_a6_)))) * _a0_) + _a1_) * x);{'d0': {'_a0_': 0.9179572561567803, '_a1_': 1.4465760895682827, '_a6_': -0.5982678464411617, '_a2_': 1.0, '_a3_': 1.0, '_a4_': 1.0, '_a5_': 1.0, '_a7_': 1.0}};{'d0': 0.024905832919416646};-280.569866449044;39.55356083839924
37684;-100.731372386122;(((pow2(((_a0_ * x) + (x + -(_a6_)))) * _a0_) + _a1_) * x);{'d0': {'_a0_': 0.9179572561567803, '_a1_': 1.4465760895682827, '_a6_': -0.5982678464411617, '_a2_': 1.0, '_a3_': 1.0, '_a4_': 1.0, '_a5_': 1.0, '_a7_': 1.0}};{'d0': 0.024905832919416646};-280.569866449044;39.55356083839924
37685;-100.731372386122;(((pow2(((_a0_ * x) + (x + -(_a6_)))) * _a0_) + _a1_) * x);{'d0': {'_a0_': 0.9179572561567803, '_a1_': 1.4465760895682827, '_a6_': -0.5982678464411617, '_a2_': 1.0, '_a3_': 1.0, '_a4_': 1.0, '_a5_': 1.0, '_a7_': 1.0}};{'d0': 0.024905832919416646};-280.569866449044;39.55356083839924
37686;-100.731372386122;(((pow2(((_a0_ * x) + (x + -(_a6_)))) * _a0_) + _a1_) * x);{'d0': {'_a0_': 0.9179572561567803, '_a1_': 1.4465760895682827, '_a6_': -0.5982678464411617, '_a2_': 1.0, '_a3_': 1.0, '_a4_': 1.0, '_a5_': 1.0, '_a7_': 1.0}};{'d0': 0.024905832919416646};-280.569866449044;39.55356083839924
37687;-100.731372386122;(((pow2(((_a0_ * x) + (x + -(_a6_)))) * _a0_) + _a1_) * x);{'d0': {'_a0_': 0.9179572561567803, '_a1_': 1.4465760895682827, '_a6_': -0.5982678464411617, '_a2_': 1.0, '_a3_': 1.0, '_a4_': 1.0, '_a5_': 1.0, '_a7_': 1.0}};{'d0': 0.024905832919416646};-280.569866449044;39.55356083839924
37688;-100.731372386122;(((pow2(((_a0_ * x) + (x + -(_a6_)))) * _a0_) + _a1_) * x);{'d0': {'_a0_': 0.9179572561567803, '_a1_': 1.4465760895682827, '_a6_': -0.5982678464411617, '_a2_': 1.0, '_a3_': 1.0, '_a4_': 1.0, '_a5_': 1.0, '_a7_': 1.0}};{'d0': 0.024905832919416646};-280.569866449044;39.55356083839924
37689;-100.731372386122;(((pow2(((_a0_ * x) + (_a1_ + -(_a6_)))) * _a0_) + _a1_) * x);{'d0': {'_a0_': 1.500260825360342, '_a1_': 1.4465760897565816, '_a6_': 0.9786001688512542, '_a2_': 1.0, '_a3_': 1.0, '_a4_': 1.0, '_a5_': 1.0, '_a7_': 1.0}};{'d0': 0.02490583291941666};-280.569866449044;39.55356083839924
37690;-98.6110277799804;(((pow2(((_a0_ * x) + (_a1_ + (_a6_ / _a0_)))) * _a0_) + _a1_) * x);{'d0': {'_a0_': 1.5002608257953196, '_a1_': 1.4465760885826737, '_a6_': -1.468155495586954, '_a2_': 1.0, '_a3_': 1.0, '_a4_': 1.0, '_a5_': 1.0, '_a7_': 1.0}};{'d0': 0.024905832919416646};-280.569866449044;41.673905444541255
37691;-98.6110277799804;(((pow2(((_a0_ * x) + (_a1_ + (_a6_ / _a0_)))) * _a0_) + _a1_) * x);{'d0': {'_a0_': 1.5002608257953196, '_a1_': 1.4465760885826737, '_a6_': -1.468155495586954, '_a2_': 1.0, '_a3_': 1.0, '_a4_': 1.0, '_a5_': 1.0, '_a7_': 1.0}};{'d0': 0.024905832919416646};-280.569866449044;41.673905444541255
37692;-98.6110277799804;(((pow2(((_a0_ * x) + (_a1_ + (_a6_ / _a0_)))) * _a0_) + _a1_) * x);{'d0': {'_a0_': 1.5002608257953196, '_a1_': 1.4465760885826737, '_a6_': -1.468155495586954, '_a2_': 1.0, '_a3_': 1.0, '_a4_': 1.0, '_a5_': 1.0, '_a7_': 1.0}};{'d0': 0.024905832919416646};-280.569866449044;41.673905444541255
37693;-98.6110277799804;(((pow2(((_a0_ * x) + (_a1_ + (_a6_ / _a0_)))) * _a0_) + _a1_) * x);{'d0': {'_a0_': 1.5002608257953196, '_a1_': 1.4465760885826737, '_a6_': -1.468155495586954, '_a2_': 1.0, '_a3_': 1.0, '_a4_': 1.0, '_a5_': 1.0, '_a7_': 1.0}};{'d0': 0.024905832919416646};-280.569866449044;41.673905444541255
37694;-98.6110277799804;(((pow2(((_a0_ * x) + (_a1_ + (_a6_ / _a0_)))) * _a0_) + _a1_) * x);{'d0': {'_a0_': 1.5002608257953196, '_a1_': 1.4465760885826737, '_a6_': -1.468155495586954, '_a2_': 1.0, '_a3_': 1.0, '_a4_': 1.0, '_a5_': 1.0, '_a7_': 1.0}};{'d0': 0.024905832919416646};-280.569866449044;41.673905444541255
37695;-93.2449596453204;(((pow2(((exp(_a0_) * x) + (_a1_ + (_a6_ / _a0_)))) * _a0_) + _a1_) * x);{'d0': {'_a0_': 0.751380208290525, '_a1_': 1.4465760887834769, '_a6_': -0.5900655161184799, '_a2_': 1.0, '_a3_': 1.0, '_a4_': 1.0, '_a5_': 1.0, '_a7_': 1.0}};{'d0': 0.02490583291941663};-280.569866449044;47.03997357920125
37696;-93.2449596453204;(((pow2(((exp(_a0_) * x) + (_a1_ + (_a6_ / _a0_)))) * _a0_) + _a1_) * x);{'d0': {'_a0_': 0.751380208290525, '_a1_': 1.4465760887834769, '_a6_': -0.5900655161184799, '_a2_': 1.0, '_a3_': 1.0, '_a4_': 1.0, '_a5_': 1.0, '_a7_': 1.0}};{'d0': 0.02490583291941663};-280.569866449044;47.03997357920125
37697;-96.5638554934576;(((pow2(((_a4_ * x) + (_a1_ + (_a6_ / _a0_)))) * _a0_) + _a1_) * x);{'d0': {'_a0_': 0.6254242128862675, '_a1_': 1.4465760891986756, '_a4_': 2.323607305720093, '_a6_': -0.4514147942150545, '_a2_': 1.0, '_a3_': 1.0, '_a5_': 1.0, '_a7_': 1.0}};{'d0': 0.024905832923909386};-276.475521875998;41.673905444541255
37698;-96.5638554934576;(((pow2(((_a4_ * x) + (_a1_ + (_a6_ / _a0_)))) * _a0_) + _a1_) * x);{'d0': {'_a0_': 0.6254242128862675, '_a1_': 1.4465760891986756, '_a4_': 2.323607305720093, '_a6_': -0.4514147942150545, '_a2_': 1.0, '_a3_': 1.0, '_a5_': 1.0, '_a7_': 1.0}};{'d0': 0.024905832923909386};-276.475521875998;41.673905444541255
37699;-96.5638554934576;(((pow2(((_a4_ * x) + (_a1_ + (_a6_ / _a0_)))) * _a0_) + _a1_) * x);{'d0': {'_a0_': 0.6254242128862675, '_a1_': 1.4465760891986756, '_a4_': 2.323607305720093, '_a6_': -0.4514147942150545, '_a2_': 1.0, '_a3_': 1.0, '_a5_': 1.0, '_a7_': 1.0}};{'d0': 0.024905832923909386};-276.475521875998;41.673905444541255
37700;-96.5638554934576;(((pow2(((_a4_ * x) + (_a1_ + (_a6_ / _a0_)))) * _a0_) + _a1_) * x);{'d0': {'_a0_': 0.6254242128862675, '_a1_': 1.4465760891986756, '_a4_': 2.323607305720093, '_a6_': -0.4514147942150545, '_a2_': 1.0, '_a3_': 1.0, '_a5_': 1.0, '_a7_': 1.0}};{'d0': 0.024905832923909386};-276.475521875998;41.673905444541255
37701;-96.5638554942803;(((pow2(((_a4_ * x) + (_a0_ + (_a6_ / _a0_)))) * _a0_) + _a1_) * x);{'d0': {'_a0_': 1.2675683723217113, '_a1_': 1.4465760892093413, '_a4_': 1.632166406854966, '_a6_': -0.9613834010451726, '_a2_': 1.0, '_a3_': 1.0, '_a5_': 1.0, '_a7_': 1.0}};{'d0': 0.024905832923226394};-276.475521877643;41.673905444541255
37702;-96.5638554942803;(((pow2(((_a4_ * x) + (_a0_ + (_a6_ / _a0_)))) * _a0_) + _a1_) * x);{'d0': {'_a0_': 1.2675683723217113, '_a1_': 1.4465760892093413, '_a4_': 1.632166406854966, '_a6_': -0.9613834010451726, '_a2_': 1.0, '_a3_': 1.0, '_a5_': 1.0, '_a7_': 1.0}};{'d0': 0.024905832923226394};-276.475521877643;41.673905444541255
37703;-96.5638554942803;(((pow2(((_a4_ * x) + (_a0_ + (_a6_ / _a0_)))) * _a0_) + _a1_) * x);{'d0': {'_a0_': 1.2675683723217113, '_a1_': 1.4465760892093413, '_a4_': 1.632166406854966, '_a6_': -0.9613834010451726, '_a2_': 1.0, '_a3_': 1.0, '_a5_': 1.0, '_a7_': 1.0}};{'d0': 0.024905832923226394};-276.475521877643;41.673905444541255
37704;-96.8244620730156;((_a2_ + (pow2((((_a2_ ** _a4_) * (_a4_ + x)) + _a1_)) / _a1_)) * x);{'d0': {'_a1_': 0.2992694756056048, '_a2_': 1.4465760888185937, '_a4_': 0.01422818425916125, '_a0_': 1.0, '_a3_': 1.0, '_a5_': 1.0, '_a6_': 1.0, '_a7_': 1.0}};{'d0': 0.024905832919416625};-280.569866449044;43.46047115150646
37705;-96.8244620730156;((_a2_ + (pow2((((_a2_ ** _a4_) * (_a4_ + x)) + _a1_)) / _a1_)) * x);{'d0': {'_a1_': 0.2992694756056048, '_a2_': 1.4465760888185937, '_a4_': 0.01422818425916125, '_a0_': 1.0, '_a3_': 1.0, '_a5_': 1.0, '_a6_': 1.0, '_a7_': 1.0}};{'d0': 0.024905832919416625};-280.569866449044;43.46047115150646
37706;-96.8244620730156;((_a2_ + (pow2((((_a2_ ** _a4_) * (_a4_ + x)) + _a1_)) / _a1_)) * x);{'d0': {'_a1_': 0.2992694756056048, '_a2_': 1.4465760888185937, '_a4_': 0.01422818425916125, '_a0_': 1.0, '_a3_': 1.0, '_a5_': 1.0, '_a6_': 1.0, '_a7_': 1.0}};{'d0': 0.024905832919416625};-280.569866449044;43.46047115150646
37707;-96.8244620730156;((_a2_ + (pow2((((_a2_ ** _a4_) * (_a4_ + x)) + _a1_)) / _a1_)) * x);{'d0': {'_a1_': 0.2992694756056048, '_a2_': 1.4465760888185937, '_a4_': 0.01422818425916125, '_a0_': 1.0, '_a3_': 1.0, '_a5_': 1.0, '_a6_': 1.0, '_a7_': 1.0}};{'d0': 0.024905832919416625};-280.569866449044;43.46047115150646
37708;-96.8244620730156;((_a2_ + (pow2((((_a2_ ** _a4_) * (_a4_ + x)) + _a1_)) / _a1_)) * x);{'d0': {'_a1_': 0.2992694756056048, '_a2_': 1.4465760888185937, '_a4_': 0.01422818425916125, '_a0_': 1.0, '_a3_': 1.0, '_a5_': 1.0, '_a6_': 1.0, '_a7_': 1.0}};{'d0': 0.024905832919416625};-280.569866449044;43.46047115150646
37709;-96.8244620730156;((_a2_ + (pow2((((_a2_ ** _a4_) * (_a4_ + x)) + _a1_)) / _a1_)) * x);{'d0': {'_a1_': 0.2992694756056048, '_a2_': 1.4465760888185937, '_a4_': 0.01422818425916125, '_a0_': 1.0, '_a3_': 1.0, '_a5_': 1.0, '_a6_': 1.0, '_a7_': 1.0}};{'d0': 0.024905832919416625};-280.569866449044;43.46047115150646
37710;-96.8244620730156;((_a2_ + (pow2((((_a2_ ** _a4_) * (_a4_ + x)) + _a1_)) / _a1_)) * x);{'d0': {'_a1_': 0.2992694756056048, '_a2_': 1.4465760888185937, '_a4_': 0.01422818425916125, '_a0_': 1.0, '_a3_': 1.0, '_a5_': 1.0, '_a6_': 1.0, '_a7_': 1.0}};{'d0': 0.024905832919416625};-280.569866449044;43.46047115150646
37711;-96.8244620730156;((_a2_ + (pow2((((_a2_ ** _a4_) * (_a4_ + x)) + _a1_)) / _a1_)) * x);{'d0': {'_a1_': 0.2992694756056048, '_a2_': 1.4465760888185937, '_a4_': 0.01422818425916125, '_a0_': 1.0, '_a3_': 1.0, '_a5_': 1.0, '_a6_': 1.0, '_a7_': 1.0}};{'d0': 0.024905832919416625};-280.569866449044;43.46047115150646
37712;-94.7772897827364;((_a2_ + (pow2((((_a2_ ** _a4_) * (_a4_ + x)) + _a1_)) / _a6_)) * x);{'d0': {'_a1_': 0.20672944474313046, '_a2_': 1.4465760897563669, '_a4_': 0.1136988709409019, '_a6_': 0.32207785213557827, '_a0_': 1.0, '_a3_': 1.0, '_a5_': 1.0, '_a7_': 1.0}};{'d0': 0.024905832927027933};-276.475521868485;43.46047115150646
37713;-99.3936658524831;((_a2_ + (pow2(((_a7_ * (_a4_ + x)) + _a1_)) / _a6_)) * x);{'d0': {'_a1_': 0.19173912632937584, '_a2_': 1.4465760896367248, '_a4_': 0.14230503308070838, '_a6_': 0.3783921373735012, '_a7_': 1.1303717751166193, '_a0_': 1.0, '_a3_': 1.0, '_a5_': 1.0}};{'d0': 0.024905832923078065};-272.381177315779;36.79692280540646
37714;-99.3936658524831;((_a2_ + (pow2(((_a7_ * (_a4_ + x)) + _a1_)) / _a6_)) * x);{'d0': {'_a1_': 0.19173912632937584, '_a2_': 1.4465760896367248, '_a4_': 0.14230503308070838, '_a6_': 0.3783921373735012, '_a7_': 1.1303717751166193, '_a0_': 1.0, '_a3_': 1.0, '_a5_': 1.0}};{'d0': 0.024905832923078065};-272.381177315779;36.79692280540646
37715;-99.3936658524831;((_a2_ + (pow2(((_a7_ * (_a4_ + x)) + _a1_)) / _a6_)) * x);{'d0': {'_a1_': 0.19173912632937584, '_a2_': 1.4465760896367248, '_a4_': 0.14230503308070838, '_a6_': 0.3783921373735012, '_a7_': 1.1303717751166193, '_a0_': 1.0, '_a3_': 1.0, '_a5_': 1.0}};{'d0': 0.024905832923078065};-272.381177315779;36.79692280540646
37716;-91.6145155734122;(((pow2(((_a4_ * x) + (_a0_ + ((x * _a7_) / _a0_)))) * _a0_) + _a1_) * x);{'d0': {'_a0_': 0.6900352264515323, '_a1_': 1.4465760887018804, '_a4_': 76.66291067953031, '_a7_': -51.37364767603496, '_a2_': 1.0, '_a3_': 1.0, '_a5_': 1.0, '_a6_': 1.0}};{'d0': 0.024905832919416723};-276.475521886821;46.62324536999826
37717;-91.6145155734122;(((pow2(((_a4_ * x) + (_a0_ + ((x * _a7_) / _a0_)))) * _a0_) + _a1_) * x);{'d0': {'_a0_': 0.6900352264515323, '_a1_': 1.4465760887018804, '_a4_': 76.66291067953031, '_a7_': -51.37364767603496, '_a2_': 1.0, '_a3_': 1.0, '_a5_': 1.0, '_a6_': 1.0}};{'d0': 0.024905832919416723};-276.475521886821;46.62324536999826
37718;-91.6145155734122;(((pow2(((_a4_ * x) + (_a0_ + ((x * _a7_) / _a0_)))) * _a0_) + _a1_) * x);{'d0': {'_a0_': 0.6900352264515323, '_a1_': 1.4465760887018804, '_a4_': 76.66291067953031, '_a7_': -51.37364767603496, '_a2_': 1.0, '_a3_': 1.0, '_a5_': 1.0, '_a6_': 1.0}};{'d0': 0.024905832919416723};-276.475521886821;46.62324536999826
37719;-95.5202370889729;(((x + _a7_) + (pow2(((_a7_ * (_a4_ + x)) + _a1_)) / _a6_)) * x);{'d0': {'_a1_': 0.1677196185724632, '_a4_': 0.06429064894120123, '_a6_': 0.8402846567084127, '_a7_': 1.6844703492532984, '_a0_': 1.0, '_a2_': 1.0, '_a3_': 1.0, '_a5_': 1.0}};{'d0': 0.024905832919418};-276.475521886818;42.71752385443646
37720;-95.5202370889729;(((x + _a7_) + (pow2(((_a7_ * (_a4_ + x)) + _a1_)) / _a6_)) * x);{'d0': {'_a1_': 0.1677196185724632, '_a4_': 0.06429064894120123, '_a6_': 0.8402846567084127, '_a7_': 1.6844703492532984, '_a0_': 1.0, '_a2_': 1.0, '_a3_': 1.0, '_a5_': 1.0}};{'d0': 0.024905832919418};-276.475521886818;42.71752385443646
37721;-96.4435462162403;(((x + _a7_) + (pow2(((_a7_ * (_a4_ + x)) + _a1_)) * _a6_)) * x);{'d0': {'_a1_': 128.63971369703236, '_a4_': -76.20418998691395, '_a6_': 1.1900729069781715, '_a7_': 1.6844703473323255, '_a0_': 1.0, '_a2_': 1.0, '_a3_': 1.0, '_a5_': 1.0}};{'d0': 0.02490583291941796};-276.475521886818;41.794214727169056
37722;-91.6145155701102;(((pow2(((_a4_ * x) + (_a0_ + ((x * _a7_) / _a4_)))) * _a0_) + _a1_) * x);{'d0': {'_a0_': 0.6900352251647518, '_a1_': 1.4465760889492876, '_a4_': 48.705396590672684, '_a7_': -2264.472010005936, '_a2_': 1.0, '_a3_': 1.0, '_a5_': 1.0, '_a6_': 1.0}};{'d0': 0.024905832922158103};-276.475521880217;46.62324536999826
37723;-91.6145155701102;(((pow2(((_a4_ * x) + (_a0_ + ((x * _a7_) / _a4_)))) * _a0_) + _a1_) * x);{'d0': {'_a0_': 0.6900352251647518, '_a1_': 1.4465760889492876, '_a4_': 48.705396590672684, '_a7_': -2264.472010005936, '_a2_': 1.0, '_a3_': 1.0, '_a5_': 1.0, '_a6_': 1.0}};{'d0': 0.024905832922158103};-276.475521880217;46.62324536999826
37724;-91.6145155701102;(((pow2(((_a4_ * x) + (_a0_ + ((x * _a7_) / _a4_)))) * _a0_) + _a1_) * x);{'d0': {'_a0_': 0.6900352251647518, '_a1_': 1.4465760889492876, '_a4_': 48.705396590672684, '_a7_': -2264.472010005936, '_a2_': 1.0, '_a3_': 1.0, '_a5_': 1.0, '_a6_': 1.0}};{'d0': 0.024905832922158103};-276.475521880217;46.62324536999826
37725;-91.6145155701102;(((pow2(((_a4_ * x) + (_a0_ + ((x * _a7_) / _a4_)))) * _a0_) + _a1_) * x);{'d0': {'_a0_': 0.6900352251647518, '_a1_': 1.4465760889492876, '_a4_': 48.705396590672684, '_a7_': -2264.472010005936, '_a2_': 1.0, '_a3_': 1.0, '_a5_': 1.0, '_a6_': 1.0}};{'d0': 0.024905832922158103};-276.475521880217;46.62324536999826
37726;-91.6145155701102;(((pow2(((_a4_ * x) + (_a0_ + ((x * _a7_) / _a4_)))) * _a0_) + _a1_) * x);{'d0': {'_a0_': 0.6900352251647518, '_a1_': 1.4465760889492876, '_a4_': 48.705396590672684, '_a7_': -2264.472010005936, '_a2_': 1.0, '_a3_': 1.0, '_a5_': 1.0, '_a6_': 1.0}};{'d0': 0.024905832922158103};-276.475521880217;46.62324536999826
37727;-91.6145155701102;(((pow2(((_a4_ * x) + (_a0_ + ((x * _a7_) / _a4_)))) * _a0_) + _a1_) * x);{'d0': {'_a0_': 0.6900352251647518, '_a1_': 1.4465760889492876, '_a4_': 48.705396590672684, '_a7_': -2264.472010005936, '_a2_': 1.0, '_a3_': 1.0, '_a5_': 1.0, '_a6_': 1.0}};{'d0': 0.024905832922158103};-276.475521880217;46.62324536999826
37728;-91.6145155701102;(((pow2(((_a4_ * x) + (_a0_ + ((x * _a7_) / _a4_)))) * _a0_) + _a1_) * x);{'d0': {'_a0_': 0.6900352251647518, '_a1_': 1.4465760889492876, '_a4_': 48.705396590672684, '_a7_': -2264.472010005936, '_a2_': 1.0, '_a3_': 1.0, '_a5_': 1.0, '_a6_': 1.0}};{'d0': 0.024905832922158103};-276.475521880217;46.62324536999826
37729;-91.6145155701102;(((pow2(((_a4_ * x) + (_a0_ + ((x * _a7_) / _a4_)))) * _a0_) + _a1_) * x);{'d0': {'_a0_': 0.6900352251647518, '_a1_': 1.4465760889492876, '_a4_': 48.705396590672684, '_a7_': -2264.472010005936, '_a2_': 1.0, '_a3_': 1.0, '_a5_': 1.0, '_a6_': 1.0}};{'d0': 0.024905832922158103};-276.475521880217;46.62324536999826
37730;-91.6145155701102;(((pow2(((_a4_ * x) + (_a0_ + ((x * _a7_) / _a4_)))) * _a0_) + _a1_) * x);{'d0': {'_a0_': 0.6900352251647518, '_a1_': 1.4465760889492876, '_a4_': 48.705396590672684, '_a7_': -2264.472010005936, '_a2_': 1.0, '_a3_': 1.0, '_a5_': 1.0, '_a6_': 1.0}};{'d0': 0.024905832922158103};-276.475521880217;46.62324536999826
37731;-91.6145155701102;(((pow2(((_a4_ * x) + (_a0_ + ((x * _a7_) / _a4_)))) * _a0_) + _a1_) * x);{'d0': {'_a0_': 0.6900352251647518, '_a1_': 1.4465760889492876, '_a4_': 48.705396590672684, '_a7_': -2264.472010005936, '_a2_': 1.0, '_a3_': 1.0, '_a5_': 1.0, '_a6_': 1.0}};{'d0': 0.024905832922158103};-276.475521880217;46.62324536999826
37732;-96.5638554933393;(((pow2(((_a4_ * x) + (_a0_ + (_a5_ / _a4_)))) * _a0_) + _a1_) * x);{'d0': {'_a0_': 1.5405081158356735, '_a1_': 1.446576088825829, '_a4_': 1.4805330579604088, '_a5_': -1.5970305002406526, '_a2_': 1.0, '_a3_': 1.0, '_a6_': 1.0, '_a7_': 1.0}};{'d0': 0.024905832924007647};-276.475521875761;41.67390544454126
37733;-96.5638554933393;(((pow2(((_a4_ * x) + (_a0_ + (_a5_ / _a4_)))) * _a0_) + _a1_) * x);{'d0': {'_a0_': 1.5405081158356735, '_a1_': 1.446576088825829, '_a4_': 1.4805330579604088, '_a5_': -1.5970305002406526, '_a2_': 1.0, '_a3_': 1.0, '_a6_': 1.0, '_a7_': 1.0}};{'d0': 0.024905832924007647};-276.475521875761;41.67390544454126
37734;-96.5638554933393;(((pow2(((_a4_ * x) + (_a0_ + (_a5_ / _a4_)))) * _a0_) + _a1_) * x);{'d0': {'_a0_': 1.5405081158356735, '_a1_': 1.446576088825829, '_a4_': 1.4805330579604088, '_a5_': -1.5970305002406526, '_a2_': 1.0, '_a3_': 1.0, '_a6_': 1.0, '_a7_': 1.0}};{'d0': 0.024905832924007647};-276.475521875761;41.67390544454126
37735;-96.5638554933393;(((pow2(((_a4_ * x) + (_a0_ + (_a5_ / _a4_)))) * _a0_) + _a1_) * x);{'d0': {'_a0_': 1.5405081158356735, '_a1_': 1.446576088825829, '_a4_': 1.4805330579604088, '_a5_': -1.5970305002406526, '_a2_': 1.0, '_a3_': 1.0, '_a6_': 1.0, '_a7_': 1.0}};{'d0': 0.024905832924007647};-276.475521875761;41.67390544454126
37736;-90.7266326647681;(((pow2(((_a4_ * x) + ((_a0_ / _a1_) + (_a5_ / _a4_)))) * _a0_) + _a1_) * x);{'d0': {'_a0_': 1.8038634078015527, '_a1_': 1.4465760901922342, '_a4_': 1.3681956598940095, '_a5_': -1.122204955924811, '_a2_': 1.0, '_a3_': 1.0, '_a6_': 1.0, '_a7_': 1.0}};{'d0': 0.02490583294096349};-276.475521834913;47.511128252688465
37737;-90.7730798886760;(((pow2(((_a4_ * x) + ((_a0_ / _a1_) / (_a5_ / _a4_)))) * _a0_) + _a1_) * x);{'d0': {'_a0_': 6.68703431912158, '_a1_': 1.4465760891646613, '_a4_': 0.710613289116594, '_a5_': 14.819567576581155, '_a2_': 1.0, '_a3_': 1.0, '_a6_': 1.0, '_a7_': 1.0}};{'d0': 0.024905832920399724};-276.475521884453;47.464681053550464
37738;-90.7730798886760;(((pow2(((_a4_ * x) + ((_a0_ / _a1_) / (_a5_ / _a4_)))) * _a0_) + _a1_) * x);{'d0': {'_a0_': 6.68703431912158, '_a1_': 1.4465760891646613, '_a4_': 0.710613289116594, '_a5_': 14.819567576581155, '_a2_': 1.0, '_a3_': 1.0, '_a6_': 1.0, '_a7_': 1.0}};{'d0': 0.024905832920399724};-276.475521884453;47.464681053550464
37739;-90.7730798886760;(((pow2(((_a4_ * x) + ((_a0_ / _a1_) / (_a5_ / _a4_)))) * _a0_) + _a1_) * x);{'d0': {'_a0_': 6.68703431912158, '_a1_': 1.4465760891646613, '_a4_': 0.710613289116594, '_a5_': 14.819567576581155, '_a2_': 1.0, '_a3_': 1.0, '_a6_': 1.0, '_a7_': 1.0}};{'d0': 0.024905832920399724};-276.475521884453;47.464681053550464
37740;-90.7730798886760;(((pow2(((_a4_ * x) + ((_a0_ / _a1_) / (_a5_ / _a4_)))) * _a0_) + _a1_) * x);{'d0': {'_a0_': 6.68703431912158, '_a1_': 1.4465760891646613, '_a4_': 0.710613289116594, '_a5_': 14.819567576581155, '_a2_': 1.0, '_a3_': 1.0, '_a6_': 1.0, '_a7_': 1.0}};{'d0': 0.024905832920399724};-276.475521884453;47.464681053550464
37741;-84.8524788403642;(((pow2((((_a5_ + _a0_) * x) + ((_a0_ / _a1_) / (_a5_ / _a4_)))) * _a0_) + _a1_) * x);{'d0': {'_a0_': 0.24835718792480174, '_a1_': 1.4465760893860964, '_a4_': 23.038886353551124, '_a5_': 3.4389708459700716, '_a2_': 1.0, '_a3_': 1.0, '_a6_': 1.0, '_a7_': 1.0}};{'d0': 0.024905832919803465};-276.475521885890;53.38528210258046
37742;-90.7730798886760;(((pow2(((_a4_ * x) + ((_a0_ / _a1_) / (_a5_ / _a4_)))) * _a0_) + _a1_) * x);{'d0': {'_a0_': 6.68703431912158, '_a1_': 1.4465760891646613, '_a4_': 0.710613289116594, '_a5_': 14.819567576581155, '_a2_': 1.0, '_a3_': 1.0, '_a6_': 1.0, '_a7_': 1.0}};{'d0': 0.024905832920399724};-276.475521884453;47.464681053550464
37743;-90.7730798886760;(((pow2(((_a4_ * x) + ((_a0_ / _a1_) / (_a5_ / _a4_)))) * _a0_) + _a1_) * x);{'d0': {'_a0_': 6.68703431912158, '_a1_': 1.4465760891646613, '_a4_': 0.710613289116594, '_a5_': 14.819567576581155, '_a2_': 1.0, '_a3_': 1.0, '_a6_': 1.0, '_a7_': 1.0}};{'d0': 0.024905832920399724};-276.475521884453;47.464681053550464
37744;-90.7730798886760;(((pow2(((_a4_ * x) + ((_a0_ / _a1_) / (_a5_ / _a4_)))) * _a0_) + _a1_) * x);{'d0': {'_a0_': 6.68703431912158, '_a1_': 1.4465760891646613, '_a4_': 0.710613289116594, '_a5_': 14.819567576581155, '_a2_': 1.0, '_a3_': 1.0, '_a6_': 1.0, '_a7_': 1.0}};{'d0': 0.024905832920399724};-276.475521884453;47.464681053550464
37745;-90.7730798886760;(((pow2(((_a4_ * x) + ((_a0_ / _a1_) / (_a5_ / _a4_)))) * _a0_) + _a1_) * x);{'d0': {'_a0_': 6.68703431912158, '_a1_': 1.4465760891646613, '_a4_': 0.710613289116594, '_a5_': 14.819567576581155, '_a2_': 1.0, '_a3_': 1.0, '_a6_': 1.0, '_a7_': 1.0}};{'d0': 0.024905832920399724};-276.475521884453;47.464681053550464
37746;-90.7730798886760;(((pow2(((_a4_ * x) + ((_a0_ / _a1_) / (_a5_ / _a4_)))) * _a0_) + _a1_) * x);{'d0': {'_a0_': 6.68703431912158, '_a1_': 1.4465760891646613, '_a4_': 0.710613289116594, '_a5_': 14.819567576581155, '_a2_': 1.0, '_a3_': 1.0, '_a6_': 1.0, '_a7_': 1.0}};{'d0': 0.024905832920399724};-276.475521884453;47.464681053550464
37747;-90.7730798886760;(((pow2(((_a4_ * x) + ((_a0_ / _a1_) / (_a5_ / _a4_)))) * _a0_) + _a1_) * x);{'d0': {'_a0_': 6.68703431912158, '_a1_': 1.4465760891646613, '_a4_': 0.710613289116594, '_a5_': 14.819567576581155, '_a2_': 1.0, '_a3_': 1.0, '_a6_': 1.0, '_a7_': 1.0}};{'d0': 0.024905832920399724};-276.475521884453;47.464681053550464
37748;-90.7730798886760;(((pow2(((_a4_ * x) + ((_a0_ / _a1_) / (_a5_ / _a4_)))) * _a0_) + _a1_) * x);{'d0': {'_a0_': 6.68703431912158, '_a1_': 1.4465760891646613, '_a4_': 0.710613289116594, '_a5_': 14.819567576581155, '_a2_': 1.0, '_a3_': 1.0, '_a6_': 1.0, '_a7_': 1.0}};{'d0': 0.024905832920399724};-276.475521884453;47.464681053550464
37749;-90.7730798815348;(((pow2(((_a5_ * x) + ((_a0_ / _a1_) / (_a5_ / _a4_)))) * _a0_) + _a1_) * x);{'d0': {'_a0_': 0.2594803149387474, '_a1_': 1.4465760894215995, '_a4_': 22.63023550246414, '_a5_': 3.6074298266855367, '_a2_': 1.0, '_a3_': 1.0, '_a6_': 1.0, '_a7_': 1.0}};{'d0': 0.0249058329263283};-276.475521870171;47.464681053550464
37750;-90.7730798815348;(((pow2(((_a5_ * x) + ((_a0_ / _a1_) / (_a5_ / _a4_)))) * _a0_) + _a1_) * x);{'d0': {'_a0_': 0.2594803149387474, '_a1_': 1.4465760894215995, '_a4_': 22.63023550246414, '_a5_': 3.6074298266855367, '_a2_': 1.0, '_a3_': 1.0, '_a6_': 1.0, '_a7_': 1.0}};{'d0': 0.0249058329263283};-276.475521870171;47.464681053550464
37751;-90.7730798815348;(((pow2(((_a5_ * x) + ((_a0_ / _a1_) / (_a5_ / _a4_)))) * _a0_) + _a1_) * x);{'d0': {'_a0_': 0.2594803149387474, '_a1_': 1.4465760894215995, '_a4_': 22.63023550246414, '_a5_': 3.6074298266855367, '_a2_': 1.0, '_a3_': 1.0, '_a6_': 1.0, '_a7_': 1.0}};{'d0': 0.0249058329263283};-276.475521870171;47.464681053550464
37752;-90.7730798896389;(((pow2(((_a5_ * x) + ((_a0_ / _a5_) / (_a5_ / _a4_)))) * _a0_) + _a1_) * x);{'d0': {'_a0_': 0.2961855524750284, '_a1_': 1.4465760898693554, '_a4_': 40.54128011579133, '_a5_': 3.3765113424275675, '_a2_': 1.0, '_a3_': 1.0, '_a6_': 1.0, '_a7_': 1.0}};{'d0': 0.024905832919600294};-276.475521886379;47.464681053550464
37753;-90.7730798891807;(((pow2(((_a0_ * x) + ((_a0_ / _a5_) / (_a5_ / _a4_)))) * _a0_) + _a1_) * x);{'d0': {'_a0_': 1.5002608255636671, '_a1_': 1.4465760891701025, '_a4_': 8.572900591494642, '_a5_': 5.242465285340709, '_a2_': 1.0, '_a3_': 1.0, '_a6_': 1.0, '_a7_': 1.0}};{'d0': 0.024905832919980702};-276.475521885463;47.464681053550464
37754;-90.7730798891807;(((pow2(((_a0_ * x) + ((_a0_ / _a5_) / (_a5_ / _a4_)))) * _a0_) + _a1_) * x);{'d0': {'_a0_': 1.5002608255636671, '_a1_': 1.4465760891701025, '_a4_': 8.572900591494642, '_a5_': 5.242465285340709, '_a2_': 1.0, '_a3_': 1.0, '_a6_': 1.0, '_a7_': 1.0}};{'d0': 0.024905832919980702};-276.475521885463;47.464681053550464
37755;-90.7730798891807;(((pow2(((_a0_ * x) + ((_a0_ / _a5_) / (_a5_ / _a4_)))) * _a0_) + _a1_) * x);{'d0': {'_a0_': 1.5002608255636671, '_a1_': 1.4465760891701025, '_a4_': 8.572900591494642, '_a5_': 5.242465285340709, '_a2_': 1.0, '_a3_': 1.0, '_a6_': 1.0, '_a7_': 1.0}};{'d0': 0.024905832919980702};-276.475521885463;47.464681053550464
37756;-90.7730798891807;(((pow2(((_a0_ * x) + ((_a0_ / _a5_) / (_a5_ / _a4_)))) * _a0_) + _a1_) * x);{'d0': {'_a0_': 1.5002608255636671, '_a1_': 1.4465760891701025, '_a4_': 8.572900591494642, '_a5_': 5.242465285340709, '_a2_': 1.0, '_a3_': 1.0, '_a6_': 1.0, '_a7_': 1.0}};{'d0': 0.024905832919980702};-276.475521885463;47.464681053550464
37757;-90.7730798891807;(((pow2(((_a0_ * x) + ((_a0_ / _a5_) / (_a5_ / _a4_)))) * _a0_) + _a1_) * x);{'d0': {'_a0_': 1.5002608255636671, '_a1_': 1.4465760891701025, '_a4_': 8.572900591494642, '_a5_': 5.242465285340709, '_a2_': 1.0, '_a3_': 1.0, '_a6_': 1.0, '_a7_': 1.0}};{'d0': 0.024905832919980702};-276.475521885463;47.464681053550464
37758;-90.7730798891807;(((pow2(((_a0_ * x) + ((_a0_ / _a5_) / (_a5_ / _a4_)))) * _a0_) + _a1_) * x);{'d0': {'_a0_': 1.5002608255636671, '_a1_': 1.4465760891701025, '_a4_': 8.572900591494642, '_a5_': 5.242465285340709, '_a2_': 1.0, '_a3_': 1.0, '_a6_': 1.0, '_a7_': 1.0}};{'d0': 0.024905832919980702};-276.475521885463;47.464681053550464
37759;-90.7730798891807;(((pow2(((_a0_ * x) + ((_a0_ / _a5_) / (_a5_ / _a4_)))) * _a0_) + _a1_) * x);{'d0': {'_a0_': 1.5002608255636671, '_a1_': 1.4465760891701025, '_a4_': 8.572900591494642, '_a5_': 5.242465285340709, '_a2_': 1.0, '_a3_': 1.0, '_a6_': 1.0, '_a7_': 1.0}};{'d0': 0.024905832919980702};-276.475521885463;47.464681053550464
37760;-90.7730798891807;(((pow2(((_a0_ * x) + ((_a0_ / _a5_) / (_a5_ / _a4_)))) * _a0_) + _a1_) * x);{'d0': {'_a0_': 1.5002608255636671, '_a1_': 1.4465760891701025, '_a4_': 8.572900591494642, '_a5_': 5.242465285340709, '_a2_': 1.0, '_a3_': 1.0, '_a6_': 1.0, '_a7_': 1.0}};{'d0': 0.024905832919980702};-276.475521885463;47.464681053550464
37761;-90.7730798891807;(((pow2(((_a0_ * x) + ((_a0_ / _a5_) / (_a5_ / _a4_)))) * _a0_) + _a1_) * x);{'d0': {'_a0_': 1.5002608255636671, '_a1_': 1.4465760891701025, '_a4_': 8.572900591494642, '_a5_': 5.242465285340709, '_a2_': 1.0, '_a3_': 1.0, '_a6_': 1.0, '_a7_': 1.0}};{'d0': 0.024905832919980702};-276.475521885463;47.464681053550464
37762;-90.7730798891807;(((pow2(((_a0_ * x) + ((_a0_ / _a5_) / (_a5_ / _a4_)))) * _a0_) + _a1_) * x);{'d0': {'_a0_': 1.5002608255636671, '_a1_': 1.4465760891701025, '_a4_': 8.572900591494642, '_a5_': 5.242465285340709, '_a2_': 1.0, '_a3_': 1.0, '_a6_': 1.0, '_a7_': 1.0}};{'d0': 0.024905832919980702};-276.475521885463;47.464681053550464
37763;-90.7730798891807;(((pow2(((_a0_ * x) + ((_a0_ / _a5_) / (_a5_ / _a4_)))) * _a0_) + _a1_) * x);{'d0': {'_a0_': 1.5002608255636671, '_a1_': 1.4465760891701025, '_a4_': 8.572900591494642, '_a5_': 5.242465285340709, '_a2_': 1.0, '_a3_': 1.0, '_a6_': 1.0, '_a7_': 1.0}};{'d0': 0.024905832919980702};-276.475521885463;47.464681053550464
37764;-90.7730798891807;(((pow2(((_a0_ * x) + ((_a0_ / _a5_) / (_a5_ / _a4_)))) * _a0_) + _a1_) * x);{'d0': {'_a0_': 1.5002608255636671, '_a1_': 1.4465760891701025, '_a4_': 8.572900591494642, '_a5_': 5.242465285340709, '_a2_': 1.0, '_a3_': 1.0, '_a6_': 1.0, '_a7_': 1.0}};{'d0': 0.024905832919980702};-276.475521885463;47.464681053550464
37765;-90.7730798891807;(((pow2(((_a0_ * x) + ((_a0_ / _a5_) / (_a5_ / _a4_)))) * _a0_) + _a1_) * x);{'d0': {'_a0_': 1.5002608255636671, '_a1_': 1.4465760891701025, '_a4_': 8.572900591494642, '_a5_': 5.242465285340709, '_a2_': 1.0, '_a3_': 1.0, '_a6_': 1.0, '_a7_': 1.0}};{'d0': 0.024905832919980702};-276.475521885463;47.464681053550464
37766;-90.7730798891807;(((pow2(((_a0_ * x) + ((_a0_ / _a5_) / (_a5_ / _a4_)))) * _a0_) + _a1_) * x);{'d0': {'_a0_': 1.5002608255636671, '_a1_': 1.4465760891701025, '_a4_': 8.572900591494642, '_a5_': 5.242465285340709, '_a2_': 1.0, '_a3_': 1.0, '_a6_': 1.0, '_a7_': 1.0}};{'d0': 0.024905832919980702};-276.475521885463;47.464681053550464
37767;-90.7730798891807;(((pow2(((_a0_ * x) + ((_a0_ / _a5_) / (_a5_ / _a4_)))) * _a0_) + _a1_) * x);{'d0': {'_a0_': 1.5002608255636671, '_a1_': 1.4465760891701025, '_a4_': 8.572900591494642, '_a5_': 5.242465285340709, '_a2_': 1.0, '_a3_': 1.0, '_a6_': 1.0, '_a7_': 1.0}};{'d0': 0.024905832919980702};-276.475521885463;47.464681053550464
37768;-90.7730798891807;(((pow2(((_a0_ * x) + ((_a0_ / _a5_) / (_a5_ / _a4_)))) * _a0_) + _a1_) * x);{'d0': {'_a0_': 1.5002608255636671, '_a1_': 1.4465760891701025, '_a4_': 8.572900591494642, '_a5_': 5.242465285340709, '_a2_': 1.0, '_a3_': 1.0, '_a6_': 1.0, '_a7_': 1.0}};{'d0': 0.024905832919980702};-276.475521885463;47.464681053550464
37769;-90.7730798891807;(((pow2(((_a0_ * x) + ((_a0_ / _a5_) / (_a5_ / _a4_)))) * _a0_) + _a1_) * x);{'d0': {'_a0_': 1.5002608255636671, '_a1_': 1.4465760891701025, '_a4_': 8.572900591494642, '_a5_': 5.242465285340709, '_a2_': 1.0, '_a3_': 1.0, '_a6_': 1.0, '_a7_': 1.0}};{'d0': 0.024905832919980702};-276.475521885463;47.464681053550464
37770;-84.8619949975787;(((pow2(((_a0_ * x) + ((_a0_ / _a5_) / (_a5_ / (_a6_ / _a5_))))) * _a0_) + _a1_) * x);{'d0': {'_a0_': 1.5002608257274357, '_a1_': 1.446576088647474, '_a5_': 8.025298033412803, '_a6_': 161.227890632315, '_a2_': 1.0, '_a3_': 1.0, '_a4_': 1.0, '_a7_': 1.0}};{'d0': 0.02490583291995179};-276.475521885532;53.37576594518726
37771;-84.8619949975787;(((pow2(((_a0_ * x) + ((_a0_ / _a5_) / (_a5_ / (_a6_ / _a5_))))) * _a0_) + _a1_) * x);{'d0': {'_a0_': 1.5002608257274357, '_a1_': 1.446576088647474, '_a5_': 8.025298033412803, '_a6_': 161.227890632315, '_a2_': 1.0, '_a3_': 1.0, '_a4_': 1.0, '_a7_': 1.0}};{'d0': 0.02490583291995179};-276.475521885532;53.37576594518726
37772;-84.8619949975787;(((pow2(((_a0_ * x) + ((_a0_ / _a5_) / (_a5_ / (_a6_ / _a5_))))) * _a0_) + _a1_) * x);{'d0': {'_a0_': 1.5002608257274357, '_a1_': 1.446576088647474, '_a5_': 8.025298033412803, '_a6_': 161.227890632315, '_a2_': 1.0, '_a3_': 1.0, '_a4_': 1.0, '_a7_': 1.0}};{'d0': 0.02490583291995179};-276.475521885532;53.37576594518726
37773;-84.8619949975787;(((pow2(((_a0_ * x) + ((_a0_ / _a5_) / (_a5_ / (_a6_ / _a5_))))) * _a0_) + _a1_) * x);{'d0': {'_a0_': 1.5002608257274357, '_a1_': 1.446576088647474, '_a5_': 8.025298033412803, '_a6_': 161.227890632315, '_a2_': 1.0, '_a3_': 1.0, '_a4_': 1.0, '_a7_': 1.0}};{'d0': 0.02490583291995179};-276.475521885532;53.37576594518726
37774;-79.1168882368761;(((pow2(((_a0_ * x) + ((_a0_ / _a5_) / (_a5_ / (_a6_ / _a5_))))) * pow2(_a3_)) + _a1_) * x);{'d0': {'_a0_': 2.333682741105717, '_a1_': 1.446576089465278, '_a3_': 0.7874233489074347, '_a5_': 8.882546083881484, '_a6_': 218.60940684147243, '_a2_': 1.0, '_a4_': 1.0, '_a7_': 1.0}};{'d0': 0.024905832925747884};-272.381177309347;57.07370041779726
37775;-79.1168882368761;(((pow2(((_a0_ * x) + ((_a0_ / _a5_) / (_a5_ / (_a6_ / _a5_))))) * pow2(_a3_)) + _a1_) * x);{'d0': {'_a0_': 2.333682741105717, '_a1_': 1.446576089465278, '_a3_': 0.7874233489074347, '_a5_': 8.882546083881484, '_a6_': 218.60940684147243, '_a2_': 1.0, '_a4_': 1.0, '_a7_': 1.0}};{'d0': 0.024905832925747884};-272.381177309347;57.07370041779726
37776;-79.1168882368761;(((pow2(((_a0_ * x) + ((_a0_ / _a5_) / (_a5_ / (_a6_ / _a5_))))) * pow2(_a3_)) + _a1_) * x);{'d0': {'_a0_': 2.333682741105717, '_a1_': 1.446576089465278, '_a3_': 0.7874233489074347, '_a5_': 8.882546083881484, '_a6_': 218.60940684147243, '_a2_': 1.0, '_a4_': 1.0, '_a7_': 1.0}};{'d0': 0.024905832925747884};-272.381177309347;57.07370041779726
37777;-79.1168882368761;(((pow2(((_a0_ * x) + ((_a0_ / _a5_) / (_a5_ / (_a6_ / _a5_))))) * pow2(_a3_)) + _a1_) * x);{'d0': {'_a0_': 2.333682741105717, '_a1_': 1.446576089465278, '_a3_': 0.7874233489074347, '_a5_': 8.882546083881484, '_a6_': 218.60940684147243, '_a2_': 1.0, '_a4_': 1.0, '_a7_': 1.0}};{'d0': 0.024905832925747884};-272.381177309347;57.07370041779726
37778;-79.1168882368761;(((pow2(((_a0_ * x) + ((_a0_ / _a5_) / (_a5_ / (_a6_ / _a5_))))) * pow2(_a3_)) + _a1_) * x);{'d0': {'_a0_': 2.333682741105717, '_a1_': 1.446576089465278, '_a3_': 0.7874233489074347, '_a5_': 8.882546083881484, '_a6_': 218.60940684147243, '_a2_': 1.0, '_a4_': 1.0, '_a7_': 1.0}};{'d0': 0.024905832925747884};-272.381177309347;57.07370041779726
37779;-79.1168882368761;(((pow2(((_a0_ * x) + ((_a0_ / _a5_) / (_a5_ / (_a6_ / _a5_))))) * pow2(_a3_)) + _a1_) * x);{'d0': {'_a0_': 2.333682741105717, '_a1_': 1.446576089465278, '_a3_': 0.7874233489074347, '_a5_': 8.882546083881484, '_a6_': 218.60940684147243, '_a2_': 1.0, '_a4_': 1.0, '_a7_': 1.0}};{'d0': 0.024905832925747884};-272.381177309347;57.07370041779726
37780;-79.1168882368761;(((pow2(((_a0_ * x) + ((_a0_ / _a5_) / (_a5_ / (_a6_ / _a5_))))) * pow2(_a3_)) + _a1_) * x);{'d0': {'_a0_': 2.333682741105717, '_a1_': 1.446576089465278, '_a3_': 0.7874233489074347, '_a5_': 8.882546083881484, '_a6_': 218.60940684147243, '_a2_': 1.0, '_a4_': 1.0, '_a7_': 1.0}};{'d0': 0.024905832925747884};-272.381177309347;57.07370041779726
37781;-79.1168882368761;(((pow2(((_a0_ * x) + ((_a0_ / _a5_) / (_a5_ / (_a6_ / _a5_))))) * pow2(_a3_)) + _a1_) * x);{'d0': {'_a0_': 2.333682741105717, '_a1_': 1.446576089465278, '_a3_': 0.7874233489074347, '_a5_': 8.882546083881484, '_a6_': 218.60940684147243, '_a2_': 1.0, '_a4_': 1.0, '_a7_': 1.0}};{'d0': 0.024905832925747884};-272.381177309347;57.07370041779726
37782;-79.1168882368761;(((pow2(((_a0_ * x) + ((_a0_ / _a5_) / (_a5_ / (_a6_ / _a5_))))) * pow2(_a3_)) + _a1_) * x);{'d0': {'_a0_': 2.333682741105717, '_a1_': 1.446576089465278, '_a3_': 0.7874233489074347, '_a5_': 8.882546083881484, '_a6_': 218.60940684147243, '_a2_': 1.0, '_a4_': 1.0, '_a7_': 1.0}};{'d0': 0.024905832925747884};-272.381177309347;57.07370041779726
37783;-79.1168882423336;(((pow2(((_a0_ * x) + ((_a0_ / _a5_) / (_a5_ / (_a6_ / _a5_))))) * pow2(_a3_)) + _a7_) * x);{'d0': {'_a0_': 1.8925856681443527, '_a3_': 0.9709449210535748, '_a5_': 10.208418166962995, '_a6_': 331.84245187958834, '_a7_': 1.4465760893119937, '_a1_': 1.0, '_a2_': 1.0, '_a4_': 1.0}};{'d0': 0.024905832921217085};-272.381177320262;57.07370041779726
37784;-79.1168882423336;(((pow2(((_a0_ * x) + ((_a0_ / _a5_) / (_a5_ / (_a6_ / _a5_))))) * pow2(_a3_)) + _a7_) * x);{'d0': {'_a0_': 1.8925856681443527, '_a3_': 0.9709449210535748, '_a5_': 10.208418166962995, '_a6_': 331.84245187958834, '_a7_': 1.4465760893119937, '_a1_': 1.0, '_a2_': 1.0, '_a4_': 1.0}};{'d0': 0.024905832921217085};-272.381177320262;57.07370041779726
37785;-78.3644247828219;(((pow2(((_a0_ * x) + ((_a0_ / _a5_) ** (_a5_ / (_a6_ / _a5_))))) * pow2(_a3_)) + _a7_) * x);{'d0': {'_a0_': 1.8973494931054613, '_a3_': 0.968507095750511, '_a5_': 10.409314337764057, '_a6_': 351.6443854544561, '_a7_': 1.4465760890905408, '_a1_': 1.0, '_a2_': 1.0, '_a4_': 1.0}};{'d0': 0.02490583292540828};-272.381177310165;57.826163872260466
37786;-78.3644247828219;(((pow2(((_a0_ * x) + ((_a0_ / _a5_) ** (_a5_ / (_a6_ / _a5_))))) * pow2(_a3_)) + _a7_) * x);{'d0': {'_a0_': 1.8973494931054613, '_a3_': 0.968507095750511, '_a5_': 10.409314337764057, '_a6_': 351.6443854544561, '_a7_': 1.4465760890905408, '_a1_': 1.0, '_a2_': 1.0, '_a4_': 1.0}};{'d0': 0.02490583292540828};-272.381177310165;57.826163872260466
37787;-78.3644247828219;(((pow2(((_a0_ * x) + ((_a0_ / _a5_) ** (_a5_ / (_a6_ / _a5_))))) * pow2(_a3_)) + _a7_) * x);{'d0': {'_a0_': 1.8973494931054613, '_a3_': 0.968507095750511, '_a5_': 10.409314337764057, '_a6_': 351.6443854544561, '_a7_': 1.4465760890905408, '_a1_': 1.0, '_a2_': 1.0, '_a4_': 1.0}};{'d0': 0.02490583292540828};-272.381177310165;57.826163872260466
37788;-78.3644247828219;(((pow2(((_a0_ * x) + ((_a0_ / _a5_) ** (_a5_ / (_a6_ / _a5_))))) * pow2(_a3_)) + _a7_) * x);{'d0': {'_a0_': 1.8973494931054613, '_a3_': 0.968507095750511, '_a5_': 10.409314337764057, '_a6_': 351.6443854544561, '_a7_': 1.4465760890905408, '_a1_': 1.0, '_a2_': 1.0, '_a4_': 1.0}};{'d0': 0.02490583292540828};-272.381177310165;57.826163872260466
37789;-78.3644247828219;(((pow2(((_a0_ * x) + ((_a0_ / _a5_) ** (_a5_ / (_a6_ / _a5_))))) * pow2(_a3_)) + _a7_) * x);{'d0': {'_a0_': 1.8973494931054613, '_a3_': 0.968507095750511, '_a5_': 10.409314337764057, '_a6_': 351.6443854544561, '_a7_': 1.4465760890905408, '_a1_': 1.0, '_a2_': 1.0, '_a4_': 1.0}};{'d0': 0.02490583292540828};-272.381177310165;57.826163872260466
37790;-78.3644247828219;(((pow2(((_a0_ * x) + ((_a0_ / _a5_) ** (_a5_ / (_a6_ / _a5_))))) * pow2(_a3_)) + _a7_) * x);{'d0': {'_a0_': 1.8973494931054613, '_a3_': 0.968507095750511, '_a5_': 10.409314337764057, '_a6_': 351.6443854544561, '_a7_': 1.4465760890905408, '_a1_': 1.0, '_a2_': 1.0, '_a4_': 1.0}};{'d0': 0.02490583292540828};-272.381177310165;57.826163872260466
37791;-78.3644247828219;(((pow2(((_a0_ * x) + ((_a0_ / _a5_) ** (_a5_ / (_a6_ / _a5_))))) * pow2(_a3_)) + _a7_) * x);{'d0': {'_a0_': 1.8973494931054613, '_a3_': 0.968507095750511, '_a5_': 10.409314337764057, '_a6_': 351.6443854544561, '_a7_': 1.4465760890905408, '_a1_': 1.0, '_a2_': 1.0, '_a4_': 1.0}};{'d0': 0.02490583292540828};-272.381177310165;57.826163872260466
37792;-78.3644247828219;(((pow2(((_a0_ * x) + ((_a0_ / _a5_) ** (_a5_ / (_a6_ / _a5_))))) * pow2(_a3_)) + _a7_) * x);{'d0': {'_a0_': 1.8973494931054613, '_a3_': 0.968507095750511, '_a5_': 10.409314337764057, '_a6_': 351.6443854544561, '_a7_': 1.4465760890905408, '_a1_': 1.0, '_a2_': 1.0, '_a4_': 1.0}};{'d0': 0.02490583292540828};-272.381177310165;57.826163872260466
37793;-78.3644247828219;(((pow2(((_a0_ * x) + ((_a0_ / _a5_) ** (_a5_ / (_a6_ / _a5_))))) * pow2(_a3_)) + _a7_) * x);{'d0': {'_a0_': 1.8973494931054613, '_a3_': 0.968507095750511, '_a5_': 10.409314337764057, '_a6_': 351.6443854544561, '_a7_': 1.4465760890905408, '_a1_': 1.0, '_a2_': 1.0, '_a4_': 1.0}};{'d0': 0.02490583292540828};-272.381177310165;57.826163872260466
37794;-78.3644247828219;(((pow2(((_a0_ * x) + ((_a0_ / _a5_) ** (_a5_ / (_a6_ / _a5_))))) * pow2(_a3_)) + _a7_) * x);{'d0': {'_a0_': 1.8973494931054613, '_a3_': 0.968507095750511, '_a5_': 10.409314337764057, '_a6_': 351.6443854544561, '_a7_': 1.4465760890905408, '_a1_': 1.0, '_a2_': 1.0, '_a4_': 1.0}};{'d0': 0.02490583292540828};-272.381177310165;57.826163872260466
37795;-84.1095315436383;(((pow2(((_a0_ * x) + ((_a0_ / _a5_) ** (_a5_ / (_a6_ / _a5_))))) * _a7_) + _a7_) * x);{'d0': {'_a0_': 1.5278457583654186, '_a5_': 21.07380878433636, '_a6_': 1572.4998355424016, '_a7_': 1.4465760888749422, '_a1_': 1.0, '_a2_': 1.0, '_a3_': 1.0, '_a4_': 1.0}};{'d0': 0.024905832919517732};-276.475521886578;54.128229399650465
37796;-84.1095315436383;(((pow2(((_a0_ * x) + ((_a0_ / _a5_) ** (_a5_ / (_a6_ / _a5_))))) * _a7_) + _a7_) * x);{'d0': {'_a0_': 1.5278457583654186, '_a5_': 21.07380878433636, '_a6_': 1572.4998355424016, '_a7_': 1.4465760888749422, '_a1_': 1.0, '_a2_': 1.0, '_a3_': 1.0, '_a4_': 1.0}};{'d0': 0.024905832919517732};-276.475521886578;54.128229399650465
37797;-84.1095315436383;(((pow2(((_a0_ * x) + ((_a0_ / _a5_) ** (_a5_ / (_a6_ / _a5_))))) * _a7_) + _a7_) * x);{'d0': {'_a0_': 1.5278457583654186, '_a5_': 21.07380878433636, '_a6_': 1572.4998355424016, '_a7_': 1.4465760888749422, '_a1_': 1.0, '_a2_': 1.0, '_a3_': 1.0, '_a4_': 1.0}};{'d0': 0.024905832919517732};-276.475521886578;54.128229399650465
37798;-84.1095315436383;(((pow2(((_a0_ * x) + ((_a0_ / _a5_) ** (_a5_ / (_a6_ / _a5_))))) * _a7_) + _a7_) * x);{'d0': {'_a0_': 1.5278457583654186, '_a5_': 21.07380878433636, '_a6_': 1572.4998355424016, '_a7_': 1.4465760888749422, '_a1_': 1.0, '_a2_': 1.0, '_a3_': 1.0, '_a4_': 1.0}};{'d0': 0.024905832919517732};-276.475521886578;54.128229399650465
37799;-84.1095315436383;(((pow2(((_a0_ * x) + ((_a0_ / _a5_) ** (_a5_ / (_a6_ / _a5_))))) * _a7_) + _a7_) * x);{'d0': {'_a0_': 1.5278457583654186, '_a5_': 21.07380878433636, '_a6_': 1572.4998355424016, '_a7_': 1.4465760888749422, '_a1_': 1.0, '_a2_': 1.0, '_a3_': 1.0, '_a4_': 1.0}};{'d0': 0.024905832919517732};-276.475521886578;54.128229399650465
37800;-84.1095315436383;(((pow2(((_a0_ * x) + ((_a0_ / _a5_) ** (_a5_ / (_a6_ / _a5_))))) * _a7_) + _a7_) * x);{'d0': {'_a0_': 1.5278457583654186, '_a5_': 21.07380878433636, '_a6_': 1572.4998355424016, '_a7_': 1.4465760888749422, '_a1_': 1.0, '_a2_': 1.0, '_a3_': 1.0, '_a4_': 1.0}};{'d0': 0.024905832919517732};-276.475521886578;54.128229399650465
37801;-84.1095315436383;(((pow2(((_a0_ * x) + ((_a0_ / _a5_) ** (_a5_ / (_a6_ / _a5_))))) * _a7_) + _a7_) * x);{'d0': {'_a0_': 1.5278457583654186, '_a5_': 21.07380878433636, '_a6_': 1572.4998355424016, '_a7_': 1.4465760888749422, '_a1_': 1.0, '_a2_': 1.0, '_a3_': 1.0, '_a4_': 1.0}};{'d0': 0.024905832919517732};-276.475521886578;54.128229399650465
37802;-84.1095315436383;(((pow2(((_a0_ * x) + ((_a0_ / _a5_) ** (_a5_ / (_a6_ / _a5_))))) * _a7_) + _a7_) * x);{'d0': {'_a0_': 1.5278457583654186, '_a5_': 21.07380878433636, '_a6_': 1572.4998355424016, '_a7_': 1.4465760888749422, '_a1_': 1.0, '_a2_': 1.0, '_a3_': 1.0, '_a4_': 1.0}};{'d0': 0.024905832919517732};-276.475521886578;54.128229399650465
37803;-84.1095315436383;(((pow2(((_a0_ * x) + ((_a0_ / _a5_) ** (_a5_ / (_a6_ / _a5_))))) * _a7_) + _a7_) * x);{'d0': {'_a0_': 1.5278457583654186, '_a5_': 21.07380878433636, '_a6_': 1572.4998355424016, '_a7_': 1.4465760888749422, '_a1_': 1.0, '_a2_': 1.0, '_a3_': 1.0, '_a4_': 1.0}};{'d0': 0.024905832919517732};-276.475521886578;54.128229399650465
37804;-84.1095315436383;(((pow2(((_a0_ * x) + ((_a0_ / _a5_) ** (_a5_ / (_a6_ / _a5_))))) * _a7_) + _a7_) * x);{'d0': {'_a0_': 1.5278457583654186, '_a5_': 21.07380878433636, '_a6_': 1572.4998355424016, '_a7_': 1.4465760888749422, '_a1_': 1.0, '_a2_': 1.0, '_a3_': 1.0, '_a4_': 1.0}};{'d0': 0.024905832919517732};-276.475521886578;54.128229399650465
37805;-84.1095315436383;(((pow2(((_a0_ * x) + ((_a0_ / _a5_) ** (_a5_ / (_a6_ / _a5_))))) * _a7_) + _a7_) * x);{'d0': {'_a0_': 1.5278457583654186, '_a5_': 21.07380878433636, '_a6_': 1572.4998355424016, '_a7_': 1.4465760888749422, '_a1_': 1.0, '_a2_': 1.0, '_a3_': 1.0, '_a4_': 1.0}};{'d0': 0.024905832919517732};-276.475521886578;54.128229399650465
37806;-84.1095315436383;(((pow2(((_a0_ * x) + ((_a0_ / _a5_) ** (_a5_ / (_a6_ / _a5_))))) * _a7_) + _a7_) * x);{'d0': {'_a0_': 1.5278457583654186, '_a5_': 21.07380878433636, '_a6_': 1572.4998355424016, '_a7_': 1.4465760888749422, '_a1_': 1.0, '_a2_': 1.0, '_a3_': 1.0, '_a4_': 1.0}};{'d0': 0.024905832919517732};-276.475521886578;54.128229399650465
37807;-84.1095315436383;(((pow2(((_a0_ * x) + ((_a0_ / _a5_) ** (_a5_ / (_a6_ / _a5_))))) * _a7_) + _a7_) * x);{'d0': {'_a0_': 1.5278457583654186, '_a5_': 21.07380878433636, '_a6_': 1572.4998355424016, '_a7_': 1.4465760888749422, '_a1_': 1.0, '_a2_': 1.0, '_a3_': 1.0, '_a4_': 1.0}};{'d0': 0.024905832919517732};-276.475521886578;54.128229399650465
37808;-97.4148073393335;((_a2_ + (pow2((((_a4_ * _a2_) * (_a4_ + x)) + _a7_)) * _a3_)) * x);{'d0': {'_a2_': 1.4465760883393743, '_a3_': 0.5045206178736225, '_a4_': 1.7884195135934753, '_a7_': -3.819804398745404, '_a0_': 1.0, '_a1_': 1.0, '_a5_': 1.0, '_a6_': 1.0}};{'d0': 0.024905832919816292};-276.475521885859;40.82295360359606
37809;-97.4148073393335;((_a2_ + (pow2((((_a4_ * _a2_) * (_a4_ + x)) + _a7_)) * _a3_)) * x);{'d0': {'_a2_': 1.4465760883393743, '_a3_': 0.5045206178736225, '_a4_': 1.7884195135934753, '_a7_': -3.819804398745404, '_a0_': 1.0, '_a1_': 1.0, '_a5_': 1.0, '_a6_': 1.0}};{'d0': 0.024905832919816292};-276.475521885859;40.82295360359606
37810;-97.4148073393335;((_a2_ + (pow2((((_a4_ * _a2_) * (_a4_ + x)) + _a7_)) * _a3_)) * x);{'d0': {'_a2_': 1.4465760883393743, '_a3_': 0.5045206178736225, '_a4_': 1.7884195135934753, '_a7_': -3.819804398745404, '_a0_': 1.0, '_a1_': 1.0, '_a5_': 1.0, '_a6_': 1.0}};{'d0': 0.024905832919816292};-276.475521885859;40.82295360359606
37811;-97.4148073393335;((_a2_ + (pow2((((_a4_ * _a2_) * (_a4_ + x)) + _a7_)) * _a3_)) * x);{'d0': {'_a2_': 1.4465760883393743, '_a3_': 0.5045206178736225, '_a4_': 1.7884195135934753, '_a7_': -3.819804398745404, '_a0_': 1.0, '_a1_': 1.0, '_a5_': 1.0, '_a6_': 1.0}};{'d0': 0.024905832919816292};-276.475521885859;40.82295360359606
37812;-97.4148073393335;((_a2_ + (pow2((((_a4_ * _a2_) * (_a4_ + x)) + _a7_)) * _a3_)) * x);{'d0': {'_a2_': 1.4465760883393743, '_a3_': 0.5045206178736225, '_a4_': 1.7884195135934753, '_a7_': -3.819804398745404, '_a0_': 1.0, '_a1_': 1.0, '_a5_': 1.0, '_a6_': 1.0}};{'d0': 0.024905832919816292};-276.475521885859;40.82295360359606
37813;-97.4148073393335;((_a2_ + (pow2((((_a4_ * _a2_) * (_a4_ + x)) + _a7_)) * _a3_)) * x);{'d0': {'_a2_': 1.4465760883393743, '_a3_': 0.5045206178736225, '_a4_': 1.7884195135934753, '_a7_': -3.819804398745404, '_a0_': 1.0, '_a1_': 1.0, '_a5_': 1.0, '_a6_': 1.0}};{'d0': 0.024905832919816292};-276.475521885859;40.82295360359606
37814;-97.4148073393335;((_a2_ + (pow2((((_a4_ * _a2_) * (_a4_ + x)) + _a7_)) * _a3_)) * x);{'d0': {'_a2_': 1.4465760883393743, '_a3_': 0.5045206178736225, '_a4_': 1.7884195135934753, '_a7_': -3.819804398745404, '_a0_': 1.0, '_a1_': 1.0, '_a5_': 1.0, '_a6_': 1.0}};{'d0': 0.024905832919816292};-276.475521885859;40.82295360359606
37815;-97.4148073393335;((_a2_ + (pow2((((_a4_ * _a2_) * (_a4_ + x)) + _a7_)) * _a3_)) * x);{'d0': {'_a2_': 1.4465760883393743, '_a3_': 0.5045206178736225, '_a4_': 1.7884195135934753, '_a7_': -3.819804398745404, '_a0_': 1.0, '_a1_': 1.0, '_a5_': 1.0, '_a6_': 1.0}};{'d0': 0.024905832919816292};-276.475521885859;40.82295360359606
37816;-84.1095315436383;(((pow2(((_a0_ * x) + ((_a0_ / _a5_) ** (_a5_ / (_a6_ / _a5_))))) * _a7_) + _a7_) * x);{'d0': {'_a0_': 1.5278457583654186, '_a5_': 21.07380878433636, '_a6_': 1572.4998355424016, '_a7_': 1.4465760888749422, '_a1_': 1.0, '_a2_': 1.0, '_a3_': 1.0, '_a4_': 1.0}};{'d0': 0.024905832919517732};-276.475521886578;54.128229399650465
37817;-84.1095315436383;(((pow2(((_a0_ * x) + ((_a0_ / _a5_) ** (_a5_ / (_a6_ / _a5_))))) * _a7_) + _a7_) * x);{'d0': {'_a0_': 1.5278457583654186, '_a5_': 21.07380878433636, '_a6_': 1572.4998355424016, '_a7_': 1.4465760888749422, '_a1_': 1.0, '_a2_': 1.0, '_a3_': 1.0, '_a4_': 1.0}};{'d0': 0.024905832919517732};-276.475521886578;54.128229399650465
37818;-84.1095315436383;(((pow2(((_a0_ * x) + ((_a0_ / _a5_) ** (_a5_ / (_a6_ / _a5_))))) * _a7_) + _a7_) * x);{'d0': {'_a0_': 1.5278457583654186, '_a5_': 21.07380878433636, '_a6_': 1572.4998355424016, '_a7_': 1.4465760888749422, '_a1_': 1.0, '_a2_': 1.0, '_a3_': 1.0, '_a4_': 1.0}};{'d0': 0.024905832919517732};-276.475521886578;54.128229399650465
37819;-84.1095315436383;(((pow2(((_a0_ * x) + ((_a0_ / _a5_) ** (_a5_ / (_a6_ / _a5_))))) * _a7_) + _a7_) * x);{'d0': {'_a0_': 1.5278457583654186, '_a5_': 21.07380878433636, '_a6_': 1572.4998355424016, '_a7_': 1.4465760888749422, '_a1_': 1.0, '_a2_': 1.0, '_a3_': 1.0, '_a4_': 1.0}};{'d0': 0.024905832919517732};-276.475521886578;54.128229399650465
37820;-84.1095315436383;(((pow2(((_a0_ * x) + ((_a0_ / _a5_) ** (_a5_ / (_a6_ / _a5_))))) * _a7_) + _a7_) * x);{'d0': {'_a0_': 1.5278457583654186, '_a5_': 21.07380878433636, '_a6_': 1572.4998355424016, '_a7_': 1.4465760888749422, '_a1_': 1.0, '_a2_': 1.0, '_a3_': 1.0, '_a4_': 1.0}};{'d0': 0.024905832919517732};-276.475521886578;54.128229399650465
37821;-82.0623592578731;(((pow2(((_a0_ * x) + ((_a0_ / _a5_) ** (_a5_ / (_a6_ / _a5_))))) * _a2_) + _a7_) * x);{'d0': {'_a0_': 1.9600829819226937, '_a2_': 0.878923975231878, '_a5_': 11.361915878981097, '_a6_': 461.09124319597504, '_a7_': 1.4465760892567971, '_a1_': 1.0, '_a3_': 1.0, '_a4_': 1.0}};{'d0': 0.02490583292338167};-272.381177315047;54.128229399650465
37822;-82.0623592578731;(((pow2(((_a0_ * x) + ((_a0_ / _a5_) ** (_a5_ / (_a6_ / _a5_))))) * _a2_) + _a7_) * x);{'d0': {'_a0_': 1.9600829819226937, '_a2_': 0.878923975231878, '_a5_': 11.361915878981097, '_a6_': 461.09124319597504, '_a7_': 1.4465760892567971, '_a1_': 1.0, '_a3_': 1.0, '_a4_': 1.0}};{'d0': 0.02490583292338167};-272.381177315047;54.128229399650465
37823;-82.0623592578731;(((pow2(((_a0_ * x) + ((_a0_ / _a5_) ** (_a5_ / (_a6_ / _a5_))))) * _a2_) + _a7_) * x);{'d0': {'_a0_': 1.9600829819226937, '_a2_': 0.878923975231878, '_a5_': 11.361915878981097, '_a6_': 461.09124319597504, '_a7_': 1.4465760892567971, '_a1_': 1.0, '_a3_': 1.0, '_a4_': 1.0}};{'d0': 0.02490583292338167};-272.381177315047;54.128229399650465
37824;-82.0623592578731;(((pow2(((_a0_ * x) + ((_a0_ / _a5_) ** (_a5_ / (_a6_ / _a5_))))) * _a2_) + _a7_) * x);{'d0': {'_a0_': 1.9600829819226937, '_a2_': 0.878923975231878, '_a5_': 11.361915878981097, '_a6_': 461.09124319597504, '_a7_': 1.4465760892567971, '_a1_': 1.0, '_a3_': 1.0, '_a4_': 1.0}};{'d0': 0.02490583292338167};-272.381177315047;54.128229399650465
37825;-82.0623592578731;(((pow2(((_a0_ * x) + ((_a0_ / _a5_) ** (_a5_ / (_a6_ / _a5_))))) * _a2_) + _a7_) * x);{'d0': {'_a0_': 1.9600829819226937, '_a2_': 0.878923975231878, '_a5_': 11.361915878981097, '_a6_': 461.09124319597504, '_a7_': 1.4465760892567971, '_a1_': 1.0, '_a3_': 1.0, '_a4_': 1.0}};{'d0': 0.02490583292338167};-272.381177315047;54.128229399650465
37826;-82.0623592578731;(((pow2(((_a0_ * x) + ((_a0_ / _a5_) ** (_a5_ / (_a6_ / _a5_))))) * _a2_) + _a7_) * x);{'d0': {'_a0_': 1.9600829819226937, '_a2_': 0.878923975231878, '_a5_': 11.361915878981097, '_a6_': 461.09124319597504, '_a7_': 1.4465760892567971, '_a1_': 1.0, '_a3_': 1.0, '_a4_': 1.0}};{'d0': 0.02490583292338167};-272.381177315047;54.128229399650465
37827;-82.0623592578731;(((pow2(((_a0_ * x) + ((_a0_ / _a5_) ** (_a5_ / (_a6_ / _a5_))))) * _a2_) + _a7_) * x);{'d0': {'_a0_': 1.9600829819226937, '_a2_': 0.878923975231878, '_a5_': 11.361915878981097, '_a6_': 461.09124319597504, '_a7_': 1.4465760892567971, '_a1_': 1.0, '_a3_': 1.0, '_a4_': 1.0}};{'d0': 0.02490583292338167};-272.381177315047;54.128229399650465
37828;-82.0623592578731;(((pow2(((_a0_ * x) + ((_a0_ / _a5_) ** (_a5_ / (_a6_ / _a5_))))) * _a2_) + _a7_) * x);{'d0': {'_a0_': 1.9600829819226937, '_a2_': 0.878923975231878, '_a5_': 11.361915878981097, '_a6_': 461.09124319597504, '_a7_': 1.4465760892567971, '_a1_': 1.0, '_a3_': 1.0, '_a4_': 1.0}};{'d0': 0.02490583292338167};-272.381177315047;54.128229399650465
37829;-82.0623592578731;(((pow2(((_a0_ * x) + ((_a0_ / _a5_) ** (_a5_ / (_a6_ / _a5_))))) * _a2_) + _a7_) * x);{'d0': {'_a0_': 1.9600829819226937, '_a2_': 0.878923975231878, '_a5_': 11.361915878981097, '_a6_': 461.09124319597504, '_a7_': 1.4465760892567971, '_a1_': 1.0, '_a3_': 1.0, '_a4_': 1.0}};{'d0': 0.02490583292338167};-272.381177315047;54.128229399650465
37830;-82.0623592578731;(((pow2(((_a0_ * x) + ((_a0_ / _a5_) ** (_a5_ / (_a6_ / _a5_))))) * _a2_) + _a7_) * x);{'d0': {'_a0_': 1.9600829819226937, '_a2_': 0.878923975231878, '_a5_': 11.361915878981097, '_a6_': 461.09124319597504, '_a7_': 1.4465760892567971, '_a1_': 1.0, '_a3_': 1.0, '_a4_': 1.0}};{'d0': 0.02490583292338167};-272.381177315047;54.128229399650465
37831;-82.0623592578731;(((pow2(((_a0_ * x) + ((_a0_ / _a5_) ** (_a5_ / (_a6_ / _a5_))))) * _a2_) + _a7_) * x);{'d0': {'_a0_': 1.9600829819226937, '_a2_': 0.878923975231878, '_a5_': 11.361915878981097, '_a6_': 461.09124319597504, '_a7_': 1.4465760892567971, '_a1_': 1.0, '_a3_': 1.0, '_a4_': 1.0}};{'d0': 0.02490583292338167};-272.381177315047;54.128229399650465
37832;-82.0623592578731;(((pow2(((_a0_ * x) + ((_a0_ / _a5_) ** (_a5_ / (_a6_ / _a5_))))) * _a2_) + _a7_) * x);{'d0': {'_a0_': 1.9600829819226937, '_a2_': 0.878923975231878, '_a5_': 11.361915878981097, '_a6_': 461.09124319597504, '_a7_': 1.4465760892567971, '_a1_': 1.0, '_a3_': 1.0, '_a4_': 1.0}};{'d0': 0.02490583292338167};-272.381177315047;54.128229399650465
37833;-82.0623592578731;(((pow2(((_a0_ * x) + ((_a0_ / _a5_) ** (_a5_ / (_a6_ / _a5_))))) * _a2_) + _a7_) * x);{'d0': {'_a0_': 1.9600829819226937, '_a2_': 0.878923975231878, '_a5_': 11.361915878981097, '_a6_': 461.09124319597504, '_a7_': 1.4465760892567971, '_a1_': 1.0, '_a3_': 1.0, '_a4_': 1.0}};{'d0': 0.02490583292338167};-272.381177315047;54.128229399650465
37834;-82.0623592578731;(((pow2(((_a0_ * x) + ((_a0_ / _a5_) ** (_a5_ / (_a6_ / _a5_))))) * _a2_) + _a7_) * x);{'d0': {'_a0_': 1.9600829819226937, '_a2_': 0.878923975231878, '_a5_': 11.361915878981097, '_a6_': 461.09124319597504, '_a7_': 1.4465760892567971, '_a1_': 1.0, '_a3_': 1.0, '_a4_': 1.0}};{'d0': 0.02490583292338167};-272.381177315047;54.128229399650465
37835;-82.0623592578731;(((pow2(((_a0_ * x) + ((_a0_ / _a5_) ** (_a5_ / (_a6_ / _a5_))))) * _a2_) + _a7_) * x);{'d0': {'_a0_': 1.9600829819226937, '_a2_': 0.878923975231878, '_a5_': 11.361915878981097, '_a6_': 461.09124319597504, '_a7_': 1.4465760892567971, '_a1_': 1.0, '_a3_': 1.0, '_a4_': 1.0}};{'d0': 0.02490583292338167};-272.381177315047;54.128229399650465
37836;-82.0623592578731;(((pow2(((_a0_ * x) + ((_a0_ / _a5_) ** (_a5_ / (_a6_ / _a5_))))) * _a2_) + _a7_) * x);{'d0': {'_a0_': 1.9600829819226937, '_a2_': 0.878923975231878, '_a5_': 11.361915878981097, '_a6_': 461.09124319597504, '_a7_': 1.4465760892567971, '_a1_': 1.0, '_a3_': 1.0, '_a4_': 1.0}};{'d0': 0.02490583292338167};-272.381177315047;54.128229399650465
37837;-82.0623592578731;(((pow2(((_a0_ * x) + ((_a0_ / _a5_) ** (_a5_ / (_a6_ / _a5_))))) * _a2_) + _a7_) * x);{'d0': {'_a0_': 1.9600829819226937, '_a2_': 0.878923975231878, '_a5_': 11.361915878981097, '_a6_': 461.09124319597504, '_a7_': 1.4465760892567971, '_a1_': 1.0, '_a3_': 1.0, '_a4_': 1.0}};{'d0': 0.02490583292338167};-272.381177315047;54.128229399650465
37838;-82.0623592578731;(((pow2(((_a0_ * x) + ((_a0_ / _a5_) ** (_a5_ / (_a6_ / _a5_))))) * _a2_) + _a7_) * x);{'d0': {'_a0_': 1.9600829819226937, '_a2_': 0.878923975231878, '_a5_': 11.361915878981097, '_a6_': 461.09124319597504, '_a7_': 1.4465760892567971, '_a1_': 1.0, '_a3_': 1.0, '_a4_': 1.0}};{'d0': 0.02490583292338167};-272.381177315047;54.128229399650465
37839;-82.0623592578731;(((pow2(((_a0_ * x) + ((_a0_ / _a5_) ** (_a5_ / (_a6_ / _a5_))))) * _a2_) + _a7_) * x);{'d0': {'_a0_': 1.9600829819226937, '_a2_': 0.878923975231878, '_a5_': 11.361915878981097, '_a6_': 461.09124319597504, '_a7_': 1.4465760892567971, '_a1_': 1.0, '_a3_': 1.0, '_a4_': 1.0}};{'d0': 0.02490583292338167};-272.381177315047;54.128229399650465
37840;-82.0623592578731;(((pow2(((_a0_ * x) + ((_a0_ / _a5_) ** (_a5_ / (_a6_ / _a5_))))) * _a2_) + _a7_) * x);{'d0': {'_a0_': 1.9600829819226937, '_a2_': 0.878923975231878, '_a5_': 11.361915878981097, '_a6_': 461.09124319597504, '_a7_': 1.4465760892567971, '_a1_': 1.0, '_a3_': 1.0, '_a4_': 1.0}};{'d0': 0.02490583292338167};-272.381177315047;54.128229399650465
37841;-82.0623592578731;(((pow2(((_a0_ * x) + ((_a0_ / _a5_) ** (_a5_ / (_a6_ / _a5_))))) * _a2_) + _a7_) * x);{'d0': {'_a0_': 1.9600829819226937, '_a2_': 0.878923975231878, '_a5_': 11.361915878981097, '_a6_': 461.09124319597504, '_a7_': 1.4465760892567971, '_a1_': 1.0, '_a3_': 1.0, '_a4_': 1.0}};{'d0': 0.02490583292338167};-272.381177315047;54.128229399650465
37842;-82.0623592578731;(((pow2(((_a0_ * x) + ((_a0_ / _a5_) ** (_a5_ / (_a6_ / _a5_))))) * _a2_) + _a7_) * x);{'d0': {'_a0_': 1.9600829819226937, '_a2_': 0.878923975231878, '_a5_': 11.361915878981097, '_a6_': 461.09124319597504, '_a7_': 1.4465760892567971, '_a1_': 1.0, '_a3_': 1.0, '_a4_': 1.0}};{'d0': 0.02490583292338167};-272.381177315047;54.128229399650465
37843;-82.0623592578731;(((pow2(((_a0_ * x) + ((_a0_ / _a5_) ** (_a5_ / (_a6_ / _a5_))))) * _a2_) + _a7_) * x);{'d0': {'_a0_': 1.9600829819226937, '_a2_': 0.878923975231878, '_a5_': 11.361915878981097, '_a6_': 461.09124319597504, '_a7_': 1.4465760892567971, '_a1_': 1.0, '_a3_': 1.0, '_a4_': 1.0}};{'d0': 0.02490583292338167};-272.381177315047;54.128229399650465
37844;-82.0623592578731;(((pow2(((_a0_ * x) + ((_a0_ / _a5_) ** (_a5_ / (_a6_ / _a5_))))) * _a2_) + _a7_) * x);{'d0': {'_a0_': 1.9600829819226937, '_a2_': 0.878923975231878, '_a5_': 11.361915878981097, '_a6_': 461.09124319597504, '_a7_': 1.4465760892567971, '_a1_': 1.0, '_a3_': 1.0, '_a4_': 1.0}};{'d0': 0.02490583292338167};-272.381177315047;54.128229399650465
37845;-82.0623592578731;(((pow2(((_a0_ * x) + ((_a0_ / _a5_) ** (_a5_ / (_a6_ / _a5_))))) * _a2_) + _a7_) * x);{'d0': {'_a0_': 1.9600829819226937, '_a2_': 0.878923975231878, '_a5_': 11.361915878981097, '_a6_': 461.09124319597504, '_a7_': 1.4465760892567971, '_a1_': 1.0, '_a3_': 1.0, '_a4_': 1.0}};{'d0': 0.02490583292338167};-272.381177315047;54.128229399650465
37846;-82.0623592578731;(((pow2(((_a0_ * x) + ((_a0_ / _a5_) ** (_a5_ / (_a6_ / _a5_))))) * _a2_) + _a7_) * x);{'d0': {'_a0_': 1.9600829819226937, '_a2_': 0.878923975231878, '_a5_': 11.361915878981097, '_a6_': 461.09124319597504, '_a7_': 1.4465760892567971, '_a1_': 1.0, '_a3_': 1.0, '_a4_': 1.0}};{'d0': 0.02490583292338167};-272.381177315047;54.128229399650465
37847;-82.0623592578731;(((pow2(((_a0_ * x) + ((_a0_ / _a5_) ** (_a5_ / (_a6_ / _a5_))))) * _a2_) + _a7_) * x);{'d0': {'_a0_': 1.9600829819226937, '_a2_': 0.878923975231878, '_a5_': 11.361915878981097, '_a6_': 461.09124319597504, '_a7_': 1.4465760892567971, '_a1_': 1.0, '_a3_': 1.0, '_a4_': 1.0}};{'d0': 0.02490583292338167};-272.381177315047;54.128229399650465
37848;-82.0623592578731;(((pow2(((_a0_ * x) + ((_a0_ / _a5_) ** (_a5_ / (_a6_ / _a5_))))) * _a2_) + _a7_) * x);{'d0': {'_a0_': 1.9600829819226937, '_a2_': 0.878923975231878, '_a5_': 11.361915878981097, '_a6_': 461.09124319597504, '_a7_': 1.4465760892567971, '_a1_': 1.0, '_a3_': 1.0, '_a4_': 1.0}};{'d0': 0.02490583292338167};-272.381177315047;54.128229399650465
37849;-87.9365131113865;(((pow2(((_a0_ * x) + (_a7_ ** (_a5_ / (_a6_ / _a5_))))) * _a2_) + _a7_) * x);{'d0': {'_a0_': 3.250014110896286, '_a2_': 0.3196905503489169, '_a5_': -12.768655454633286, '_a6_': 4399.440364644808, '_a7_': 1.4465760893790547, '_a1_': 1.0, '_a3_': 1.0, '_a4_': 1.0}};{'d0': 0.024905832920375164};-272.381177322290;48.25407554975847
37850;-87.9365131113865;(((pow2(((_a0_ * x) + (_a7_ ** (_a5_ / (_a6_ / _a5_))))) * _a2_) + _a7_) * x);{'d0': {'_a0_': 3.250014110896286, '_a2_': 0.3196905503489169, '_a5_': -12.768655454633286, '_a6_': 4399.440364644808, '_a7_': 1.4465760893790547, '_a1_': 1.0, '_a3_': 1.0, '_a4_': 1.0}};{'d0': 0.024905832920375164};-272.381177322290;48.25407554975847
37851;-93.7737359188735;(((pow2(((_a0_ * x) + (_a7_ ** (_a5_ / _a1_)))) * _a2_) + _a7_) * x);{'d0': {'_a0_': 1.3877923904767477, '_a1_': 812.936365303819, '_a2_': 1.7532796473515628, '_a5_': -1843.5607207226844, '_a7_': 1.4465760897131716, '_a3_': 1.0, '_a4_': 1.0, '_a6_': 1.0}};{'d0': 0.024905832920923226};-272.381177320970;42.416852741611265
37852;-93.7737359188735;(((pow2(((_a0_ * x) + (_a7_ ** (_a5_ / _a1_)))) * _a2_) + _a7_) * x);{'d0': {'_a0_': 1.3877923904767477, '_a1_': 812.936365303819, '_a2_': 1.7532796473515628, '_a5_': -1843.5607207226844, '_a7_': 1.4465760897131716, '_a3_': 1.0, '_a4_': 1.0, '_a6_': 1.0}};{'d0': 0.024905832920923226};-272.381177320970;42.416852741611265
37853;-100.697890840934;(((pow2((x + (_a7_ ** (_a5_ / _a1_)))) * _a2_) + _a7_) * x);{'d0': {'_a1_': -644010.8910521681, '_a2_': 3.3767608780957983, '_a5_': 2032121.5265516012, '_a7_': 1.4465760897792537, '_a0_': 1.0, '_a3_': 1.0, '_a4_': 1.0, '_a6_': 1.0}};{'d0': 0.024905832919416844};-276.475521886821;37.539870102476264
37854;-100.697890840934;(((pow2((x + (_a7_ ** (_a5_ / _a1_)))) * _a2_) + _a7_) * x);{'d0': {'_a1_': -644010.8910521681, '_a2_': 3.3767608780957983, '_a5_': 2032121.5265516012, '_a7_': 1.4465760897792537, '_a0_': 1.0, '_a3_': 1.0, '_a4_': 1.0, '_a6_': 1.0}};{'d0': 0.024905832919416844};-276.475521886821;37.539870102476264
37855;-100.697890840934;(((pow2((x + (_a7_ ** (_a5_ / _a1_)))) * _a2_) + _a7_) * x);{'d0': {'_a1_': -644010.8910521681, '_a2_': 3.3767608780957983, '_a5_': 2032121.5265516012, '_a7_': 1.4465760897792537, '_a0_': 1.0, '_a3_': 1.0, '_a4_': 1.0, '_a6_': 1.0}};{'d0': 0.024905832919416844};-276.475521886821;37.539870102476264
37856;-100.697890840934;(((pow2((x + (_a7_ ** (_a5_ / _a1_)))) * _a2_) + _a7_) * x);{'d0': {'_a1_': -644010.8910521681, '_a2_': 3.3767608780957983, '_a5_': 2032121.5265516012, '_a7_': 1.4465760897792537, '_a0_': 1.0, '_a3_': 1.0, '_a4_': 1.0, '_a6_': 1.0}};{'d0': 0.024905832919416844};-276.475521886821;37.539870102476264
37857;-108.545354888448;(((pow2((x + (_a7_ ** _a4_))) * _a2_) + _a7_) * x);{'d0': {'_a2_': 3.376760877446914, '_a4_': -3.1554148362320804, '_a7_': 1.4465760898344047, '_a0_': 1.0, '_a1_': 1.0, '_a3_': 1.0, '_a5_': 1.0, '_a6_': 1.0}};{'d0': 0.024905832919416622};-280.569866449044;31.739578336073865
37858;-108.545354888448;(((pow2((x + (_a7_ ** _a4_))) * _a2_) + _a7_) * x);{'d0': {'_a2_': 3.376760877446914, '_a4_': -3.1554148362320804, '_a7_': 1.4465760898344047, '_a0_': 1.0, '_a1_': 1.0, '_a3_': 1.0, '_a5_': 1.0, '_a6_': 1.0}};{'d0': 0.024905832919416622};-280.569866449044;31.739578336073865
37859;-108.545354888448;(((pow2((x + (_a7_ ** _a4_))) * _a2_) + _a7_) * x);{'d0': {'_a2_': 3.376760877446914, '_a4_': -3.1554148362320804, '_a7_': 1.4465760898344047, '_a0_': 1.0, '_a1_': 1.0, '_a3_': 1.0, '_a5_': 1.0, '_a6_': 1.0}};{'d0': 0.024905832919416622};-280.569866449044;31.739578336073865
37860;-108.545354888448;(((pow2((x + (_a7_ ** _a4_))) * _a2_) + _a7_) * x);{'d0': {'_a2_': 3.376760877446914, '_a4_': -3.1554148362320804, '_a7_': 1.4465760898344047, '_a0_': 1.0, '_a1_': 1.0, '_a3_': 1.0, '_a5_': 1.0, '_a6_': 1.0}};{'d0': 0.024905832919416622};-280.569866449044;31.739578336073865
37861;-108.545354888448;(((pow2((x + (_a7_ ** _a4_))) * _a2_) + _a7_) * x);{'d0': {'_a2_': 3.376760877446914, '_a4_': -3.1554148362320804, '_a7_': 1.4465760898344047, '_a0_': 1.0, '_a1_': 1.0, '_a3_': 1.0, '_a5_': 1.0, '_a6_': 1.0}};{'d0': 0.024905832919416622};-280.569866449044;31.739578336073865
37862;-108.545354888448;(((pow2((x + (_a7_ ** _a4_))) * _a2_) + _a7_) * x);{'d0': {'_a2_': 3.376760877446914, '_a4_': -3.1554148362320804, '_a7_': 1.4465760898344047, '_a0_': 1.0, '_a1_': 1.0, '_a3_': 1.0, '_a5_': 1.0, '_a6_': 1.0}};{'d0': 0.024905832919416622};-280.569866449044;31.739578336073865
37863;-108.545354888448;(((pow2((x + (_a7_ ** _a4_))) * _a2_) + _a7_) * x);{'d0': {'_a2_': 3.376760877446914, '_a4_': -3.1554148362320804, '_a7_': 1.4465760898344047, '_a0_': 1.0, '_a1_': 1.0, '_a3_': 1.0, '_a5_': 1.0, '_a6_': 1.0}};{'d0': 0.024905832919416622};-280.569866449044;31.739578336073865
37864;-108.545354888448;(((pow2((x + (_a7_ ** _a4_))) * _a2_) + _a7_) * x);{'d0': {'_a2_': 3.376760877446914, '_a4_': -3.1554148362320804, '_a7_': 1.4465760898344047, '_a0_': 1.0, '_a1_': 1.0, '_a3_': 1.0, '_a5_': 1.0, '_a6_': 1.0}};{'d0': 0.024905832919416622};-280.569866449044;31.739578336073865
37865;-108.545354888448;(((pow2((x + (_a7_ ** _a4_))) * _a2_) + _a7_) * x);{'d0': {'_a2_': 3.376760877446914, '_a4_': -3.1554148362320804, '_a7_': 1.4465760898344047, '_a0_': 1.0, '_a1_': 1.0, '_a3_': 1.0, '_a5_': 1.0, '_a6_': 1.0}};{'d0': 0.024905832919416622};-280.569866449044;31.739578336073865
37866;-108.545354888448;(((pow2((x + (_a7_ ** _a4_))) * _a2_) + _a7_) * x);{'d0': {'_a2_': 3.376760877446914, '_a4_': -3.1554148362320804, '_a7_': 1.4465760898344047, '_a0_': 1.0, '_a1_': 1.0, '_a3_': 1.0, '_a5_': 1.0, '_a6_': 1.0}};{'d0': 0.024905832919416622};-280.569866449044;31.739578336073865
37867;-108.545354888448;(((pow2((x + (_a7_ ** _a4_))) * _a2_) + _a7_) * x);{'d0': {'_a2_': 3.376760877446914, '_a4_': -3.1554148362320804, '_a7_': 1.4465760898344047, '_a0_': 1.0, '_a1_': 1.0, '_a3_': 1.0, '_a5_': 1.0, '_a6_': 1.0}};{'d0': 0.024905832919416622};-280.569866449044;31.739578336073865
37868;-108.545354888448;(((pow2((x + (_a7_ ** _a4_))) * _a2_) + _a7_) * x);{'d0': {'_a2_': 3.376760877446914, '_a4_': -3.1554148362320804, '_a7_': 1.4465760898344047, '_a0_': 1.0, '_a1_': 1.0, '_a3_': 1.0, '_a5_': 1.0, '_a6_': 1.0}};{'d0': 0.024905832919416622};-280.569866449044;31.739578336073865
37869;-108.545354888448;(((pow2((x + (_a7_ ** _a4_))) * _a2_) + _a7_) * x);{'d0': {'_a2_': 3.376760877446914, '_a4_': -3.1554148362320804, '_a7_': 1.4465760898344047, '_a0_': 1.0, '_a1_': 1.0, '_a3_': 1.0, '_a5_': 1.0, '_a6_': 1.0}};{'d0': 0.024905832919416622};-280.569866449044;31.739578336073865
37870;-108.545354888448;(((pow2((x + (_a7_ ** _a4_))) * _a2_) + _a7_) * x);{'d0': {'_a2_': 3.376760877446914, '_a4_': -3.1554148362320804, '_a7_': 1.4465760898344047, '_a0_': 1.0, '_a1_': 1.0, '_a3_': 1.0, '_a5_': 1.0, '_a6_': 1.0}};{'d0': 0.024905832919416622};-280.569866449044;31.739578336073865
37871;-108.545354888448;(((pow2((x + (_a7_ ** _a4_))) * _a2_) + _a7_) * x);{'d0': {'_a2_': 3.376760877446914, '_a4_': -3.1554148362320804, '_a7_': 1.4465760898344047, '_a0_': 1.0, '_a1_': 1.0, '_a3_': 1.0, '_a5_': 1.0, '_a6_': 1.0}};{'d0': 0.024905832919416622};-280.569866449044;31.739578336073865
37872;-108.545354888448;(((pow2((x + (_a7_ ** _a4_))) * _a2_) + _a7_) * x);{'d0': {'_a2_': 3.376760877446914, '_a4_': -3.1554148362320804, '_a7_': 1.4465760898344047, '_a0_': 1.0, '_a1_': 1.0, '_a3_': 1.0, '_a5_': 1.0, '_a6_': 1.0}};{'d0': 0.024905832919416622};-280.569866449044;31.739578336073865
37873;-108.545354888448;(((pow2((x + (_a7_ ** _a4_))) * _a2_) + _a7_) * x);{'d0': {'_a2_': 3.376760877446914, '_a4_': -3.1554148362320804, '_a7_': 1.4465760898344047, '_a0_': 1.0, '_a1_': 1.0, '_a3_': 1.0, '_a5_': 1.0, '_a6_': 1.0}};{'d0': 0.024905832919416622};-280.569866449044;31.739578336073865
37874;-95.8673473650517;((_a2_ + (pow2(((_a1_ * (sin(_a7_) + x)) / _a7_)) * _a3_)) * x);{'d0': {'_a1_': 7.021484639207914, '_a2_': 1.4465760893398105, '_a3_': 0.8194025163295205, '_a7_': -3.4588160571314086, '_a0_': 1.0, '_a4_': 1.0, '_a5_': 1.0, '_a6_': 1.0}};{'d0': 0.02490583291961115};-276.475521886353;42.37041357812498
37875;-95.8673473650517;((_a2_ + (pow2(((_a1_ * (sin(_a7_) + x)) / _a7_)) * _a3_)) * x);{'d0': {'_a1_': 7.021484639207914, '_a2_': 1.4465760893398105, '_a3_': 0.8194025163295205, '_a7_': -3.4588160571314086, '_a0_': 1.0, '_a4_': 1.0, '_a5_': 1.0, '_a6_': 1.0}};{'d0': 0.02490583291961115};-276.475521886353;42.37041357812498
37876;-95.8673473650517;((_a2_ + (pow2(((_a1_ * (sin(_a7_) + x)) / _a7_)) * _a3_)) * x);{'d0': {'_a1_': 7.021484639207914, '_a2_': 1.4465760893398105, '_a3_': 0.8194025163295205, '_a7_': -3.4588160571314086, '_a0_': 1.0, '_a4_': 1.0, '_a5_': 1.0, '_a6_': 1.0}};{'d0': 0.02490583291961115};-276.475521886353;42.37041357812498
37877;-95.8673473650517;((_a2_ + (pow2(((_a1_ * (sin(_a7_) + x)) / _a7_)) * _a3_)) * x);{'d0': {'_a1_': 7.021484639207914, '_a2_': 1.4465760893398105, '_a3_': 0.8194025163295205, '_a7_': -3.4588160571314086, '_a0_': 1.0, '_a4_': 1.0, '_a5_': 1.0, '_a6_': 1.0}};{'d0': 0.02490583291961115};-276.475521886353;42.37041357812498
37878;-95.8673473650517;((_a2_ + (pow2(((_a1_ * (sin(_a7_) + x)) / _a7_)) * _a3_)) * x);{'d0': {'_a1_': 7.021484639207914, '_a2_': 1.4465760893398105, '_a3_': 0.8194025163295205, '_a7_': -3.4588160571314086, '_a0_': 1.0, '_a4_': 1.0, '_a5_': 1.0, '_a6_': 1.0}};{'d0': 0.02490583291961115};-276.475521886353;42.37041357812498
37879;-95.8673473650517;((_a2_ + (pow2(((_a1_ * (sin(_a7_) + x)) / _a7_)) * _a3_)) * x);{'d0': {'_a1_': 7.021484639207914, '_a2_': 1.4465760893398105, '_a3_': 0.8194025163295205, '_a7_': -3.4588160571314086, '_a0_': 1.0, '_a4_': 1.0, '_a5_': 1.0, '_a6_': 1.0}};{'d0': 0.02490583291961115};-276.475521886353;42.37041357812498
37880;-95.8673473650517;((_a2_ + (pow2(((_a1_ * (sin(_a7_) + x)) / _a7_)) * _a3_)) * x);{'d0': {'_a1_': 7.021484639207914, '_a2_': 1.4465760893398105, '_a3_': 0.8194025163295205, '_a7_': -3.4588160571314086, '_a0_': 1.0, '_a4_': 1.0, '_a5_': 1.0, '_a6_': 1.0}};{'d0': 0.02490583291961115};-276.475521886353;42.37041357812498
37881;-108.545354888448;(((pow2((x + (_a7_ ** _a4_))) * _a2_) + _a7_) * x);{'d0': {'_a2_': 3.376760877446914, '_a4_': -3.1554148362320804, '_a7_': 1.4465760898344047, '_a0_': 1.0, '_a1_': 1.0, '_a3_': 1.0, '_a5_': 1.0, '_a6_': 1.0}};{'d0': 0.024905832919416622};-280.569866449044;31.739578336073865
37882;-108.545354888448;(((pow2((x + (_a7_ ** _a4_))) * _a2_) + _a7_) * x);{'d0': {'_a2_': 3.376760877446914, '_a4_': -3.1554148362320804, '_a7_': 1.4465760898344047, '_a0_': 1.0, '_a1_': 1.0, '_a3_': 1.0, '_a5_': 1.0, '_a6_': 1.0}};{'d0': 0.024905832919416622};-280.569866449044;31.739578336073865
37883;-101.635536837556;(((pow2((x + (_a7_ ** (_a1_ + x)))) * _a2_) + _a7_) * x);{'d0': {'_a1_': -2.9872659490658, '_a2_': 2.7475717102035326, '_a7_': 1.435947307018946, '_a0_': 1.0, '_a3_': 1.0, '_a4_': 1.0, '_a5_': 1.0, '_a6_': 1.0}};{'d0': 0.02574076520297503};-278.591432445320;37.660179385103866
37884;-101.635536837556;(((pow2((x + (_a7_ ** (_a1_ + x)))) * _a2_) + _a7_) * x);{'d0': {'_a1_': -2.9872659490658, '_a2_': 2.7475717102035326, '_a7_': 1.435947307018946, '_a0_': 1.0, '_a3_': 1.0, '_a4_': 1.0, '_a5_': 1.0, '_a6_': 1.0}};{'d0': 0.02574076520297503};-278.591432445320;37.660179385103866
37885;-101.635536837556;(((pow2((x + (_a7_ ** (_a1_ + x)))) * _a2_) + _a7_) * x);{'d0': {'_a1_': -2.9872659490658, '_a2_': 2.7475717102035326, '_a7_': 1.435947307018946, '_a0_': 1.0, '_a3_': 1.0, '_a4_': 1.0, '_a5_': 1.0, '_a6_': 1.0}};{'d0': 0.02574076520297503};-278.591432445320;37.660179385103866
37886;-101.635536837556;(((pow2((x + (_a7_ ** (_a1_ + x)))) * _a2_) + _a7_) * x);{'d0': {'_a1_': -2.9872659490658, '_a2_': 2.7475717102035326, '_a7_': 1.435947307018946, '_a0_': 1.0, '_a3_': 1.0, '_a4_': 1.0, '_a5_': 1.0, '_a6_': 1.0}};{'d0': 0.02574076520297503};-278.591432445320;37.660179385103866
37887;-104.865407728187;(((pow2((x + (_a7_ ** -(_a6_)))) * _a2_) + _a7_) * x);{'d0': {'_a2_': 3.3767608829365776, '_a6_': 3.1554148518397294, '_a7_': 1.4465760875254057, '_a0_': 1.0, '_a1_': 1.0, '_a3_': 1.0, '_a4_': 1.0, '_a5_': 1.0}};{'d0': 0.024905832919416553};-280.569866449044;35.41952549633426
37888;-104.865407728187;(((pow2((x + (_a7_ ** -(_a6_)))) * _a2_) + _a7_) * x);{'d0': {'_a2_': 3.3767608829365776, '_a6_': 3.1554148518397294, '_a7_': 1.4465760875254057, '_a0_': 1.0, '_a1_': 1.0, '_a3_': 1.0, '_a4_': 1.0, '_a5_': 1.0}};{'d0': 0.024905832919416553};-280.569866449044;35.41952549633426
37889;-104.865407728187;(((pow2((x + (_a7_ ** -(_a6_)))) * _a2_) + _a7_) * x);{'d0': {'_a2_': 3.3767608829365776, '_a6_': 3.1554148518397294, '_a7_': 1.4465760875254057, '_a0_': 1.0, '_a1_': 1.0, '_a3_': 1.0, '_a4_': 1.0, '_a5_': 1.0}};{'d0': 0.024905832919416553};-280.569866449044;35.41952549633426
37890;-104.865407728187;(((pow2((x + (_a7_ ** -(_a6_)))) * _a2_) + _a7_) * x);{'d0': {'_a2_': 3.3767608829365776, '_a6_': 3.1554148518397294, '_a7_': 1.4465760875254057, '_a0_': 1.0, '_a1_': 1.0, '_a3_': 1.0, '_a4_': 1.0, '_a5_': 1.0}};{'d0': 0.024905832919416553};-280.569866449044;35.41952549633426
37891;-104.865407728187;(((pow2((x + (_a7_ ** -(_a6_)))) * _a2_) + _a7_) * x);{'d0': {'_a2_': 3.3767608829365776, '_a6_': 3.1554148518397294, '_a7_': 1.4465760875254057, '_a0_': 1.0, '_a1_': 1.0, '_a3_': 1.0, '_a4_': 1.0, '_a5_': 1.0}};{'d0': 0.024905832919416553};-280.569866449044;35.41952549633426
37892;-102.745063122045;(((pow2((x + (_a7_ ** (_a4_ / _a7_)))) * _a2_) + _a7_) * x);{'d0': {'_a2_': 3.3767608803579696, '_a4_': -4.564547666311866, '_a7_': 1.4465760882853158, '_a0_': 1.0, '_a1_': 1.0, '_a3_': 1.0, '_a5_': 1.0, '_a6_': 1.0}};{'d0': 0.02490583291941667};-280.569866449043;37.53987010247627
37893;-102.745063122045;(((pow2((x + (_a7_ ** (_a4_ / _a7_)))) * _a2_) + _a7_) * x);{'d0': {'_a2_': 3.3767608803579696, '_a4_': -4.564547666311866, '_a7_': 1.4465760882853158, '_a0_': 1.0, '_a1_': 1.0, '_a3_': 1.0, '_a5_': 1.0, '_a6_': 1.0}};{'d0': 0.02490583291941667};-280.569866449043;37.53987010247627
37894;-102.745063122045;(((pow2((x + (_a7_ ** (_a4_ / _a7_)))) * _a2_) + _a7_) * x);{'d0': {'_a2_': 3.3767608803579696, '_a4_': -4.564547666311866, '_a7_': 1.4465760882853158, '_a0_': 1.0, '_a1_': 1.0, '_a3_': 1.0, '_a5_': 1.0, '_a6_': 1.0}};{'d0': 0.02490583291941667};-280.569866449043;37.53987010247627
37895;-102.745063122045;(((pow2((x + (_a7_ ** (_a4_ / _a7_)))) * _a2_) + _a7_) * x);{'d0': {'_a2_': 3.3767608803579696, '_a4_': -4.564547666311866, '_a7_': 1.4465760882853158, '_a0_': 1.0, '_a1_': 1.0, '_a3_': 1.0, '_a5_': 1.0, '_a6_': 1.0}};{'d0': 0.02490583291941667};-280.569866449043;37.53987010247627
37896;-102.745063122045;(((pow2((x + (_a7_ ** (_a4_ / _a7_)))) * _a2_) + _a7_) * x);{'d0': {'_a2_': 3.3767608803579696, '_a4_': -4.564547666311866, '_a7_': 1.4465760882853158, '_a0_': 1.0, '_a1_': 1.0, '_a3_': 1.0, '_a5_': 1.0, '_a6_': 1.0}};{'d0': 0.02490583291941667};-280.569866449043;37.53987010247627
37897;-102.745063122045;(((pow2((x + (_a7_ ** (_a4_ / _a7_)))) * _a2_) + _a7_) * x);{'d0': {'_a2_': 3.3767608803579696, '_a4_': -4.564547666311866, '_a7_': 1.4465760882853158, '_a0_': 1.0, '_a1_': 1.0, '_a3_': 1.0, '_a5_': 1.0, '_a6_': 1.0}};{'d0': 0.02490583291941667};-280.569866449043;37.53987010247627
37898;-102.745063122045;(((pow2((x + (_a7_ ** (_a4_ / _a7_)))) * _a2_) + _a7_) * x);{'d0': {'_a2_': 3.3767608803579696, '_a4_': -4.564547666311866, '_a7_': 1.4465760882853158, '_a0_': 1.0, '_a1_': 1.0, '_a3_': 1.0, '_a5_': 1.0, '_a6_': 1.0}};{'d0': 0.02490583291941667};-280.569866449043;37.53987010247627
37899;-102.745063122045;(((pow2((x + (_a7_ ** (_a4_ / _a7_)))) * _a2_) + _a7_) * x);{'d0': {'_a2_': 3.3767608803579696, '_a4_': -4.564547666311866, '_a7_': 1.4465760882853158, '_a0_': 1.0, '_a1_': 1.0, '_a3_': 1.0, '_a5_': 1.0, '_a6_': 1.0}};{'d0': 0.02490583291941667};-280.569866449043;37.53987010247627
37900;-102.745063122045;(((pow2((x + (_a7_ ** (_a4_ / _a7_)))) * _a2_) + _a7_) * x);{'d0': {'_a2_': 3.3767608803579696, '_a4_': -4.564547666311866, '_a7_': 1.4465760882853158, '_a0_': 1.0, '_a1_': 1.0, '_a3_': 1.0, '_a5_': 1.0, '_a6_': 1.0}};{'d0': 0.02490583291941667};-280.569866449043;37.53987010247627
37901;-102.745063122045;(((pow2((x + (_a7_ ** (_a4_ / _a7_)))) * _a2_) + _a7_) * x);{'d0': {'_a2_': 3.3767608803579696, '_a4_': -4.564547666311866, '_a7_': 1.4465760882853158, '_a0_': 1.0, '_a1_': 1.0, '_a3_': 1.0, '_a5_': 1.0, '_a6_': 1.0}};{'d0': 0.02490583291941667};-280.569866449043;37.53987010247627
37902;-102.745063122045;(((pow2((x + (_a7_ ** (_a4_ / _a7_)))) * _a2_) + _a7_) * x);{'d0': {'_a2_': 3.3767608803579696, '_a4_': -4.564547666311866, '_a7_': 1.4465760882853158, '_a0_': 1.0, '_a1_': 1.0, '_a3_': 1.0, '_a5_': 1.0, '_a6_': 1.0}};{'d0': 0.02490583291941667};-280.569866449043;37.53987010247627
37903;-102.745063122045;(((pow2((x + (_a7_ ** (_a4_ / _a7_)))) * _a2_) + _a7_) * x);{'d0': {'_a2_': 3.3767608803579696, '_a4_': -4.564547666311866, '_a7_': 1.4465760882853158, '_a0_': 1.0, '_a1_': 1.0, '_a3_': 1.0, '_a5_': 1.0, '_a6_': 1.0}};{'d0': 0.02490583291941667};-280.569866449043;37.53987010247627
37904;-102.745063122045;(((pow2((x + (_a7_ ** (_a4_ / _a7_)))) * _a2_) + _a7_) * x);{'d0': {'_a2_': 3.3767608803579696, '_a4_': -4.564547666311866, '_a7_': 1.4465760882853158, '_a0_': 1.0, '_a1_': 1.0, '_a3_': 1.0, '_a5_': 1.0, '_a6_': 1.0}};{'d0': 0.02490583291941667};-280.569866449043;37.53987010247627
37905;-102.745063122045;(((pow2((x + (_a7_ ** (_a4_ / _a7_)))) * _a2_) + _a7_) * x);{'d0': {'_a2_': 3.3767608803579696, '_a4_': -4.564547666311866, '_a7_': 1.4465760882853158, '_a0_': 1.0, '_a1_': 1.0, '_a3_': 1.0, '_a5_': 1.0, '_a6_': 1.0}};{'d0': 0.02490583291941667};-280.569866449043;37.53987010247627
37906;-102.745063122045;(((pow2((x + (_a7_ ** (_a4_ / _a7_)))) * _a2_) + _a7_) * x);{'d0': {'_a2_': 3.3767608803579696, '_a4_': -4.564547666311866, '_a7_': 1.4465760882853158, '_a0_': 1.0, '_a1_': 1.0, '_a3_': 1.0, '_a5_': 1.0, '_a6_': 1.0}};{'d0': 0.02490583291941667};-280.569866449043;37.53987010247627
37907;-102.745063122045;(((pow2((x + (_a7_ ** (_a4_ / _a7_)))) * _a2_) + _a7_) * x);{'d0': {'_a2_': 3.3767608803579696, '_a4_': -4.564547666311866, '_a7_': 1.4465760882853158, '_a0_': 1.0, '_a1_': 1.0, '_a3_': 1.0, '_a5_': 1.0, '_a6_': 1.0}};{'d0': 0.02490583291941667};-280.569866449043;37.53987010247627
37908;-102.745063122045;(((pow2((x + (_a7_ ** (_a4_ / _a7_)))) * _a2_) + _a7_) * x);{'d0': {'_a2_': 3.3767608803579696, '_a4_': -4.564547666311866, '_a7_': 1.4465760882853158, '_a0_': 1.0, '_a1_': 1.0, '_a3_': 1.0, '_a5_': 1.0, '_a6_': 1.0}};{'d0': 0.02490583291941667};-280.569866449043;37.53987010247627
37909;-102.745063122045;(((pow2((x + (_a7_ ** (_a4_ / _a7_)))) * _a2_) + _a7_) * x);{'d0': {'_a2_': 3.3767608803579696, '_a4_': -4.564547666311866, '_a7_': 1.4465760882853158, '_a0_': 1.0, '_a1_': 1.0, '_a3_': 1.0, '_a5_': 1.0, '_a6_': 1.0}};{'d0': 0.02490583291941667};-280.569866449043;37.53987010247627
37910;-102.745063122045;(((pow2((x + (_a7_ ** (_a4_ / _a7_)))) * _a2_) + _a7_) * x);{'d0': {'_a2_': 3.3767608803579696, '_a4_': -4.564547666311866, '_a7_': 1.4465760882853158, '_a0_': 1.0, '_a1_': 1.0, '_a3_': 1.0, '_a5_': 1.0, '_a6_': 1.0}};{'d0': 0.02490583291941667};-280.569866449043;37.53987010247627
37911;-102.745063122045;(((pow2((x + (_a7_ ** (_a4_ / _a7_)))) * _a2_) + _a7_) * x);{'d0': {'_a2_': 3.3767608803579696, '_a4_': -4.564547666311866, '_a7_': 1.4465760882853158, '_a0_': 1.0, '_a1_': 1.0, '_a3_': 1.0, '_a5_': 1.0, '_a6_': 1.0}};{'d0': 0.02490583291941667};-280.569866449043;37.53987010247627
37912;-102.745063122045;(((pow2((x + (_a7_ ** (_a4_ / _a7_)))) * _a2_) + _a7_) * x);{'d0': {'_a2_': 3.3767608803579696, '_a4_': -4.564547666311866, '_a7_': 1.4465760882853158, '_a0_': 1.0, '_a1_': 1.0, '_a3_': 1.0, '_a5_': 1.0, '_a6_': 1.0}};{'d0': 0.02490583291941667};-280.569866449043;37.53987010247627
37913;-102.745063122045;(((pow2((x + (_a7_ ** (_a4_ / _a7_)))) * _a2_) + _a7_) * x);{'d0': {'_a2_': 3.3767608803579696, '_a4_': -4.564547666311866, '_a7_': 1.4465760882853158, '_a0_': 1.0, '_a1_': 1.0, '_a3_': 1.0, '_a5_': 1.0, '_a6_': 1.0}};{'d0': 0.02490583291941667};-280.569866449043;37.53987010247627
37914;-102.745063122045;(((pow2((x + (_a7_ ** (_a4_ / _a7_)))) * _a2_) + _a7_) * x);{'d0': {'_a2_': 3.3767608803579696, '_a4_': -4.564547666311866, '_a7_': 1.4465760882853158, '_a0_': 1.0, '_a1_': 1.0, '_a3_': 1.0, '_a5_': 1.0, '_a6_': 1.0}};{'d0': 0.02490583291941667};-280.569866449043;37.53987010247627
37915;-102.745063122045;(((pow2((x + (_a7_ ** (_a4_ / _a7_)))) * _a2_) + _a7_) * x);{'d0': {'_a2_': 3.3767608803579696, '_a4_': -4.564547666311866, '_a7_': 1.4465760882853158, '_a0_': 1.0, '_a1_': 1.0, '_a3_': 1.0, '_a5_': 1.0, '_a6_': 1.0}};{'d0': 0.02490583291941667};-280.569866449043;37.53987010247627
37916;-102.745063122045;(((pow2((x + (_a7_ ** (_a4_ / _a7_)))) * _a2_) + _a7_) * x);{'d0': {'_a2_': 3.3767608803579696, '_a4_': -4.564547666311866, '_a7_': 1.4465760882853158, '_a0_': 1.0, '_a1_': 1.0, '_a3_': 1.0, '_a5_': 1.0, '_a6_': 1.0}};{'d0': 0.02490583291941667};-280.569866449043;37.53987010247627
37917;-96.1582293906096;(((_a7_ + _a7_) + (pow2(((_a1_ * (_a6_ + x)) / _a7_)) ** _a3_)) * x);{'d0': {'_a1_': -1.3264870944306903, '_a3_': 1.0470399765350198, '_a6_': 0.3100912275134938, '_a7_': 0.7333878742522092, '_a0_': 1.0, '_a2_': 1.0, '_a4_': 1.0, '_a5_': 1.0}};{'d0': 0.02378537057290799};-279.237401084232;43.46047115150646
37918;-96.1582293906096;(((_a7_ + _a7_) + (pow2(((_a1_ * (_a6_ + x)) / _a7_)) ** _a3_)) * x);{'d0': {'_a1_': -1.3264870944306903, '_a3_': 1.0470399765350198, '_a6_': 0.3100912275134938, '_a7_': 0.7333878742522092, '_a0_': 1.0, '_a2_': 1.0, '_a4_': 1.0, '_a5_': 1.0}};{'d0': 0.02378537057290799};-279.237401084232;43.46047115150646
37919;-96.1582293906096;(((_a7_ + _a7_) + (pow2(((_a1_ * (_a6_ + x)) / _a7_)) ** _a3_)) * x);{'d0': {'_a1_': -1.3264870944306903, '_a3_': 1.0470399765350198, '_a6_': 0.3100912275134938, '_a7_': 0.7333878742522092, '_a0_': 1.0, '_a2_': 1.0, '_a4_': 1.0, '_a5_': 1.0}};{'d0': 0.02378537057290799};-279.237401084232;43.46047115150646
37920;-96.1582293906096;(((_a7_ + _a7_) + (pow2(((_a1_ * (_a6_ + x)) / _a7_)) ** _a3_)) * x);{'d0': {'_a1_': -1.3264870944306903, '_a3_': 1.0470399765350198, '_a6_': 0.3100912275134938, '_a7_': 0.7333878742522092, '_a0_': 1.0, '_a2_': 1.0, '_a4_': 1.0, '_a5_': 1.0}};{'d0': 0.02378537057290799};-279.237401084232;43.46047115150646
37921;-96.1582293906096;(((_a7_ + _a7_) + (pow2(((_a1_ * (_a6_ + x)) / _a7_)) ** _a3_)) * x);{'d0': {'_a1_': -1.3264870944306903, '_a3_': 1.0470399765350198, '_a6_': 0.3100912275134938, '_a7_': 0.7333878742522092, '_a0_': 1.0, '_a2_': 1.0, '_a4_': 1.0, '_a5_': 1.0}};{'d0': 0.02378537057290799};-279.237401084232;43.46047115150646
37922;-96.1582293906096;(((_a7_ + _a7_) + (pow2(((_a1_ * (_a6_ + x)) / _a7_)) ** _a3_)) * x);{'d0': {'_a1_': -1.3264870944306903, '_a3_': 1.0470399765350198, '_a6_': 0.3100912275134938, '_a7_': 0.7333878742522092, '_a0_': 1.0, '_a2_': 1.0, '_a4_': 1.0, '_a5_': 1.0}};{'d0': 0.02378537057290799};-279.237401084232;43.46047115150646
37923;-96.1582293906096;(((_a7_ + _a7_) + (pow2(((_a1_ * (_a6_ + x)) / _a7_)) ** _a3_)) * x);{'d0': {'_a1_': -1.3264870944306903, '_a3_': 1.0470399765350198, '_a6_': 0.3100912275134938, '_a7_': 0.7333878742522092, '_a0_': 1.0, '_a2_': 1.0, '_a4_': 1.0, '_a5_': 1.0}};{'d0': 0.02378537057290799};-279.237401084232;43.46047115150646
37924;-96.1582293906096;(((_a7_ + _a7_) + (pow2(((_a1_ * (_a6_ + x)) / _a7_)) ** _a3_)) * x);{'d0': {'_a1_': -1.3264870944306903, '_a3_': 1.0470399765350198, '_a6_': 0.3100912275134938, '_a7_': 0.7333878742522092, '_a0_': 1.0, '_a2_': 1.0, '_a4_': 1.0, '_a5_': 1.0}};{'d0': 0.02378537057290799};-279.237401084232;43.46047115150646
37925;-96.1582293906096;(((_a7_ + _a7_) + (pow2(((_a1_ * (_a6_ + x)) / _a7_)) ** _a3_)) * x);{'d0': {'_a1_': -1.3264870944306903, '_a3_': 1.0470399765350198, '_a6_': 0.3100912275134938, '_a7_': 0.7333878742522092, '_a0_': 1.0, '_a2_': 1.0, '_a4_': 1.0, '_a5_': 1.0}};{'d0': 0.02378537057290799};-279.237401084232;43.46047115150646
37926;-96.1582293906095;(((_a1_ + _a7_) + (pow2(((_a1_ * (_a6_ + x)) / _a7_)) ** _a3_)) * x);{'d0': {'_a1_': 3.2804951443377353, '_a3_': 1.0470399845521434, '_a6_': 0.3100912271777355, '_a7_': -1.8137193923192125, '_a0_': 1.0, '_a2_': 1.0, '_a4_': 1.0, '_a5_': 1.0}};{'d0': 0.023785370572907995};-279.237401084232;43.46047115150646
37927;-96.1582293906095;(((_a1_ + _a7_) + (pow2(((_a1_ * (_a6_ + x)) / _a7_)) ** _a3_)) * x);{'d0': {'_a1_': 3.2804951443377353, '_a3_': 1.0470399845521434, '_a6_': 0.3100912271777355, '_a7_': -1.8137193923192125, '_a0_': 1.0, '_a2_': 1.0, '_a4_': 1.0, '_a5_': 1.0}};{'d0': 0.023785370572907995};-279.237401084232;43.46047115150646
37928;-96.1582293906095;(((_a1_ + _a7_) + (pow2(((_a1_ * (_a6_ + x)) / _a7_)) ** _a3_)) * x);{'d0': {'_a1_': 3.2804951443377353, '_a3_': 1.0470399845521434, '_a6_': 0.3100912271777355, '_a7_': -1.8137193923192125, '_a0_': 1.0, '_a2_': 1.0, '_a4_': 1.0, '_a5_': 1.0}};{'d0': 0.023785370572907995};-279.237401084232;43.46047115150646
37929;-96.1582293906095;(((_a1_ + _a7_) + (pow2(((_a1_ * (_a6_ + x)) / _a7_)) ** _a3_)) * x);{'d0': {'_a1_': 3.2804951443377353, '_a3_': 1.0470399845521434, '_a6_': 0.3100912271777355, '_a7_': -1.8137193923192125, '_a0_': 1.0, '_a2_': 1.0, '_a4_': 1.0, '_a5_': 1.0}};{'d0': 0.023785370572907995};-279.237401084232;43.46047115150646
37930;-96.1582293906095;(((_a1_ + _a7_) + (pow2(((_a1_ * (_a6_ + x)) / _a7_)) ** _a3_)) * x);{'d0': {'_a1_': 3.2804951443377353, '_a3_': 1.0470399845521434, '_a6_': 0.3100912271777355, '_a7_': -1.8137193923192125, '_a0_': 1.0, '_a2_': 1.0, '_a4_': 1.0, '_a5_': 1.0}};{'d0': 0.023785370572907995};-279.237401084232;43.46047115150646
37931;-96.1582293906095;(((_a1_ + _a7_) + (pow2(((_a1_ * (_a6_ + x)) / _a7_)) ** _a3_)) * x);{'d0': {'_a1_': 3.2804951443377353, '_a3_': 1.0470399845521434, '_a6_': 0.3100912271777355, '_a7_': -1.8137193923192125, '_a0_': 1.0, '_a2_': 1.0, '_a4_': 1.0, '_a5_': 1.0}};{'d0': 0.023785370572907995};-279.237401084232;43.46047115150646
37932;-96.1582293906095;(((_a1_ + _a7_) + (pow2(((_a1_ * (_a6_ + x)) / _a7_)) ** _a3_)) * x);{'d0': {'_a1_': 3.2804951443377353, '_a3_': 1.0470399845521434, '_a6_': 0.3100912271777355, '_a7_': -1.8137193923192125, '_a0_': 1.0, '_a2_': 1.0, '_a4_': 1.0, '_a5_': 1.0}};{'d0': 0.023785370572907995};-279.237401084232;43.46047115150646
37933;-96.1582293906095;(((_a1_ + _a7_) + (pow2(((_a1_ * (_a6_ + x)) / _a7_)) ** _a3_)) * x);{'d0': {'_a1_': 3.2804951443377353, '_a3_': 1.0470399845521434, '_a6_': 0.3100912271777355, '_a7_': -1.8137193923192125, '_a0_': 1.0, '_a2_': 1.0, '_a4_': 1.0, '_a5_': 1.0}};{'d0': 0.023785370572907995};-279.237401084232;43.46047115150646
37934;-96.1582293906095;(((_a1_ + _a7_) + (pow2(((_a1_ * (_a6_ + x)) / _a7_)) ** _a3_)) * x);{'d0': {'_a1_': 3.2804951443377353, '_a3_': 1.0470399845521434, '_a6_': 0.3100912271777355, '_a7_': -1.8137193923192125, '_a0_': 1.0, '_a2_': 1.0, '_a4_': 1.0, '_a5_': 1.0}};{'d0': 0.023785370572907995};-279.237401084232;43.46047115150646
37935;-95.6036153296431;(((_a1_ + _a7_) + (pow2(((_a1_ * (_a6_ + x)) / _a7_)) / _a3_)) * x);{'d0': {'_a1_': 2.984729265581399, '_a3_': 1.1150911293211108, '_a6_': 0.31192970777410306, '_a7_': -1.5381531773309267, '_a0_': 1.0, '_a2_': 1.0, '_a4_': 1.0, '_a5_': 1.0}};{'d0': 0.02490583291959446};-276.475521886393;42.63414561355366
37936;-95.6036153296431;(((_a1_ + _a7_) + (pow2(((_a1_ * (_a6_ + x)) / _a7_)) / _a3_)) * x);{'d0': {'_a1_': 2.984729265581399, '_a3_': 1.1150911293211108, '_a6_': 0.31192970777410306, '_a7_': -1.5381531773309267, '_a0_': 1.0, '_a2_': 1.0, '_a4_': 1.0, '_a5_': 1.0}};{'d0': 0.02490583291959446};-276.475521886393;42.63414561355366
37937;-95.6036153296431;(((_a1_ + _a7_) + (pow2(((_a1_ * (_a6_ + x)) / _a7_)) / _a3_)) * x);{'d0': {'_a1_': 2.984729265581399, '_a3_': 1.1150911293211108, '_a6_': 0.31192970777410306, '_a7_': -1.5381531773309267, '_a0_': 1.0, '_a2_': 1.0, '_a4_': 1.0, '_a5_': 1.0}};{'d0': 0.02490583291959446};-276.475521886393;42.63414561355366
37938;-95.6036153296431;(((_a1_ + _a7_) + (pow2(((_a1_ * (_a6_ + x)) / _a7_)) / _a3_)) * x);{'d0': {'_a1_': 2.984729265581399, '_a3_': 1.1150911293211108, '_a6_': 0.31192970777410306, '_a7_': -1.5381531773309267, '_a0_': 1.0, '_a2_': 1.0, '_a4_': 1.0, '_a5_': 1.0}};{'d0': 0.02490583291959446};-276.475521886393;42.63414561355366
37939;-95.6036153297893;(((_a1_ + _a3_) + (pow2(((_a1_ * (_a6_ + x)) / _a7_)) / _a3_)) * x);{'d0': {'_a1_': -560.5772928016285, '_a3_': 562.0238689126924, '_a6_': 0.31192971495992167, '_a7_': 12.867908983988055, '_a0_': 1.0, '_a2_': 1.0, '_a4_': 1.0, '_a5_': 1.0}};{'d0': 0.024905832919473098};-276.475521886685;42.63414561355366
37940;-95.6036153297893;(((_a1_ + _a3_) + (pow2(((_a1_ * (_a6_ + x)) / _a7_)) / _a3_)) * x);{'d0': {'_a1_': -560.5772928016285, '_a3_': 562.0238689126924, '_a6_': 0.31192971495992167, '_a7_': 12.867908983988055, '_a0_': 1.0, '_a2_': 1.0, '_a4_': 1.0, '_a5_': 1.0}};{'d0': 0.024905832919473098};-276.475521886685;42.63414561355366
37941;-95.6036153297893;(((_a1_ + _a3_) + (pow2(((_a1_ * (_a6_ + x)) / _a7_)) / _a3_)) * x);{'d0': {'_a1_': -560.5772928016285, '_a3_': 562.0238689126924, '_a6_': 0.31192971495992167, '_a7_': 12.867908983988055, '_a0_': 1.0, '_a2_': 1.0, '_a4_': 1.0, '_a5_': 1.0}};{'d0': 0.024905832919473098};-276.475521886685;42.63414561355366
37942;-95.6036153296431;(((_a1_ + _a7_) + (pow2(((_a1_ * (_a6_ + x)) / _a7_)) / _a3_)) * x);{'d0': {'_a1_': 2.984729265581399, '_a3_': 1.1150911293211108, '_a6_': 0.31192970777410306, '_a7_': -1.5381531773309267, '_a0_': 1.0, '_a2_': 1.0, '_a4_': 1.0, '_a5_': 1.0}};{'d0': 0.02490583291959446};-276.475521886393;42.63414561355366
37943;-95.6036153296431;(((_a1_ + _a7_) + (pow2(((_a1_ * (_a6_ + x)) / _a7_)) / _a3_)) * x);{'d0': {'_a1_': 2.984729265581399, '_a3_': 1.1150911293211108, '_a6_': 0.31192970777410306, '_a7_': -1.5381531773309267, '_a0_': 1.0, '_a2_': 1.0, '_a4_': 1.0, '_a5_': 1.0}};{'d0': 0.02490583291959446};-276.475521886393;42.63414561355366
37944;-102.745063122045;(((pow2((x + (_a7_ ** (_a4_ / _a7_)))) * _a2_) + _a7_) * x);{'d0': {'_a2_': 3.3767608803579696, '_a4_': -4.564547666311866, '_a7_': 1.4465760882853158, '_a0_': 1.0, '_a1_': 1.0, '_a3_': 1.0, '_a5_': 1.0, '_a6_': 1.0}};{'d0': 0.02490583291941667};-280.569866449043;37.53987010247627
37945;-102.745063122045;(((pow2((x + (_a7_ ** (_a4_ / _a7_)))) * _a2_) + _a7_) * x);{'d0': {'_a2_': 3.3767608803579696, '_a4_': -4.564547666311866, '_a7_': 1.4465760882853158, '_a0_': 1.0, '_a1_': 1.0, '_a3_': 1.0, '_a5_': 1.0, '_a6_': 1.0}};{'d0': 0.02490583291941667};-280.569866449043;37.53987010247627
37946;-102.745063122045;(((pow2((x + (_a7_ ** (_a4_ / _a7_)))) * _a2_) + _a7_) * x);{'d0': {'_a2_': 3.3767608803579696, '_a4_': -4.564547666311866, '_a7_': 1.4465760882853158, '_a0_': 1.0, '_a1_': 1.0, '_a3_': 1.0, '_a5_': 1.0, '_a6_': 1.0}};{'d0': 0.02490583291941667};-280.569866449043;37.53987010247627
37947;-102.745063122045;(((pow2((x + (_a7_ ** (_a4_ / _a7_)))) * _a2_) + _a7_) * x);{'d0': {'_a2_': 3.3767608803579696, '_a4_': -4.564547666311866, '_a7_': 1.4465760882853158, '_a0_': 1.0, '_a1_': 1.0, '_a3_': 1.0, '_a5_': 1.0, '_a6_': 1.0}};{'d0': 0.02490583291941667};-280.569866449043;37.53987010247627
37948;-102.745063122045;(((pow2((x + (_a7_ ** (_a4_ / _a7_)))) * _a2_) + _a7_) * x);{'d0': {'_a2_': 3.3767608803579696, '_a4_': -4.564547666311866, '_a7_': 1.4465760882853158, '_a0_': 1.0, '_a1_': 1.0, '_a3_': 1.0, '_a5_': 1.0, '_a6_': 1.0}};{'d0': 0.02490583291941667};-280.569866449043;37.53987010247627
37949;-95.6036153296431;(((_a1_ + _a7_) + (pow2(((_a1_ * (_a6_ + x)) / _a7_)) / _a3_)) * x);{'d0': {'_a1_': 2.984729265581399, '_a3_': 1.1150911293211108, '_a6_': 0.31192970777410306, '_a7_': -1.5381531773309267, '_a0_': 1.0, '_a2_': 1.0, '_a4_': 1.0, '_a5_': 1.0}};{'d0': 0.02490583291959446};-276.475521886393;42.63414561355366
37950;-95.6036153296431;(((_a1_ + _a7_) + (pow2(((_a1_ * (_a6_ + x)) / _a7_)) / _a3_)) * x);{'d0': {'_a1_': 2.984729265581399, '_a3_': 1.1150911293211108, '_a6_': 0.31192970777410306, '_a7_': -1.5381531773309267, '_a0_': 1.0, '_a2_': 1.0, '_a4_': 1.0, '_a5_': 1.0}};{'d0': 0.02490583291959446};-276.475521886393;42.63414561355366
37951;-95.6036153296431;(((_a1_ + _a7_) + (pow2(((_a1_ * (_a6_ + x)) / _a7_)) / _a3_)) * x);{'d0': {'_a1_': 2.984729265581399, '_a3_': 1.1150911293211108, '_a6_': 0.31192970777410306, '_a7_': -1.5381531773309267, '_a0_': 1.0, '_a2_': 1.0, '_a4_': 1.0, '_a5_': 1.0}};{'d0': 0.02490583291959446};-276.475521886393;42.63414561355366
37952;-95.6036153296431;(((_a1_ + _a7_) + (pow2(((_a1_ * (_a6_ + x)) / _a7_)) / _a3_)) * x);{'d0': {'_a1_': 2.984729265581399, '_a3_': 1.1150911293211108, '_a6_': 0.31192970777410306, '_a7_': -1.5381531773309267, '_a0_': 1.0, '_a2_': 1.0, '_a4_': 1.0, '_a5_': 1.0}};{'d0': 0.02490583291959446};-276.475521886393;42.63414561355366
37953;-95.6036153296431;(((_a1_ + _a7_) + (pow2(((_a1_ * (_a6_ + x)) / _a7_)) / _a3_)) * x);{'d0': {'_a1_': 2.984729265581399, '_a3_': 1.1150911293211108, '_a6_': 0.31192970777410306, '_a7_': -1.5381531773309267, '_a0_': 1.0, '_a2_': 1.0, '_a4_': 1.0, '_a5_': 1.0}};{'d0': 0.02490583291959446};-276.475521886393;42.63414561355366
37954;-95.6036153296431;(((_a1_ + _a7_) + (pow2(((_a1_ * (_a6_ + x)) / _a7_)) / _a3_)) * x);{'d0': {'_a1_': 2.984729265581399, '_a3_': 1.1150911293211108, '_a6_': 0.31192970777410306, '_a7_': -1.5381531773309267, '_a0_': 1.0, '_a2_': 1.0, '_a4_': 1.0, '_a5_': 1.0}};{'d0': 0.02490583291959446};-276.475521886393;42.63414561355366
37955;-95.6036153296431;(((_a1_ + _a7_) + (pow2(((_a1_ * (_a6_ + x)) / _a7_)) / _a3_)) * x);{'d0': {'_a1_': 2.984729265581399, '_a3_': 1.1150911293211108, '_a6_': 0.31192970777410306, '_a7_': -1.5381531773309267, '_a0_': 1.0, '_a2_': 1.0, '_a4_': 1.0, '_a5_': 1.0}};{'d0': 0.02490583291959446};-276.475521886393;42.63414561355366
37956;-102.745063122045;(((pow2((x + (_a7_ ** (_a4_ / _a7_)))) * _a2_) + _a7_) * x);{'d0': {'_a2_': 3.3767608803579696, '_a4_': -4.564547666311866, '_a7_': 1.4465760882853158, '_a0_': 1.0, '_a1_': 1.0, '_a3_': 1.0, '_a5_': 1.0, '_a6_': 1.0}};{'d0': 0.02490583291941667};-280.569866449043;37.53987010247627
37957;-102.745063122045;(((pow2((x + (_a7_ ** (_a4_ / _a7_)))) * _a2_) + _a7_) * x);{'d0': {'_a2_': 3.3767608803579696, '_a4_': -4.564547666311866, '_a7_': 1.4465760882853158, '_a0_': 1.0, '_a1_': 1.0, '_a3_': 1.0, '_a5_': 1.0, '_a6_': 1.0}};{'d0': 0.02490583291941667};-280.569866449043;37.53987010247627
37958;-102.745063122045;(((pow2((x + (_a7_ ** (_a4_ / _a7_)))) * _a2_) + _a7_) * x);{'d0': {'_a2_': 3.3767608803579696, '_a4_': -4.564547666311866, '_a7_': 1.4465760882853158, '_a0_': 1.0, '_a1_': 1.0, '_a3_': 1.0, '_a5_': 1.0, '_a6_': 1.0}};{'d0': 0.02490583291941667};-280.569866449043;37.53987010247627
37959;-102.745063122045;(((pow2((x + (_a7_ ** (_a4_ / _a7_)))) * _a2_) + _a7_) * x);{'d0': {'_a2_': 3.3767608803579696, '_a4_': -4.564547666311866, '_a7_': 1.4465760882853158, '_a0_': 1.0, '_a1_': 1.0, '_a3_': 1.0, '_a5_': 1.0, '_a6_': 1.0}};{'d0': 0.02490583291941667};-280.569866449043;37.53987010247627
37960;-102.745063122045;(((pow2((x + (_a7_ ** (_a4_ / _a7_)))) * _a2_) + _a7_) * x);{'d0': {'_a2_': 3.3767608803579696, '_a4_': -4.564547666311866, '_a7_': 1.4465760882853158, '_a0_': 1.0, '_a1_': 1.0, '_a3_': 1.0, '_a5_': 1.0, '_a6_': 1.0}};{'d0': 0.02490583291941667};-280.569866449043;37.53987010247627
37961;-102.745063122045;(((pow2((x + (_a7_ ** (_a4_ / _a7_)))) * _a2_) + _a7_) * x);{'d0': {'_a2_': 3.3767608803579696, '_a4_': -4.564547666311866, '_a7_': 1.4465760882853158, '_a0_': 1.0, '_a1_': 1.0, '_a3_': 1.0, '_a5_': 1.0, '_a6_': 1.0}};{'d0': 0.02490583291941667};-280.569866449043;37.53987010247627
37962;-102.745063122045;(((pow2((x + (_a7_ ** (_a4_ / _a7_)))) * _a2_) + _a7_) * x);{'d0': {'_a2_': 3.3767608803579696, '_a4_': -4.564547666311866, '_a7_': 1.4465760882853158, '_a0_': 1.0, '_a1_': 1.0, '_a3_': 1.0, '_a5_': 1.0, '_a6_': 1.0}};{'d0': 0.02490583291941667};-280.569866449043;37.53987010247627
37963;-102.745063122045;(((pow2((x + (_a7_ ** (_a4_ / _a7_)))) * _a2_) + _a7_) * x);{'d0': {'_a2_': 3.3767608803579696, '_a4_': -4.564547666311866, '_a7_': 1.4465760882853158, '_a0_': 1.0, '_a1_': 1.0, '_a3_': 1.0, '_a5_': 1.0, '_a6_': 1.0}};{'d0': 0.02490583291941667};-280.569866449043;37.53987010247627
37964;-97.5674093700856;(((_a1_ + _a7_) + (pow2(((_a1_ * (_a6_ + x)) + _a7_)) / _a1_)) * x);{'d0': {'_a1_': 3.3767608801096896, '_a6_': 0.8835380805705895, '_a7_': -1.9301847911752725, '_a0_': 1.0, '_a2_': 1.0, '_a3_': 1.0, '_a4_': 1.0, '_a5_': 1.0}};{'d0': 0.02490583291941663};-280.569866449044;42.717523854436465
37965;-97.5674093700856;(((_a1_ + _a7_) + (pow2(((_a1_ * (_a6_ + x)) + _a7_)) / _a1_)) * x);{'d0': {'_a1_': 3.3767608801096896, '_a6_': 0.8835380805705895, '_a7_': -1.9301847911752725, '_a0_': 1.0, '_a2_': 1.0, '_a3_': 1.0, '_a4_': 1.0, '_a5_': 1.0}};{'d0': 0.02490583291941663};-280.569866449044;42.717523854436465
37966;-97.5674093700856;(((_a1_ + _a7_) + (pow2(((_a1_ * (_a6_ + x)) + _a7_)) / _a1_)) * x);{'d0': {'_a1_': 3.3767608801096896, '_a6_': 0.8835380805705895, '_a7_': -1.9301847911752725, '_a0_': 1.0, '_a2_': 1.0, '_a3_': 1.0, '_a4_': 1.0, '_a5_': 1.0}};{'d0': 0.02490583291941663};-280.569866449044;42.717523854436465
37967;-97.5674093700856;(((_a1_ + _a7_) + (pow2(((_a1_ * (_a6_ + x)) + _a7_)) / _a1_)) * x);{'d0': {'_a1_': 3.3767608801096896, '_a6_': 0.8835380805705895, '_a7_': -1.9301847911752725, '_a0_': 1.0, '_a2_': 1.0, '_a3_': 1.0, '_a4_': 1.0, '_a5_': 1.0}};{'d0': 0.02490583291941663};-280.569866449044;42.717523854436465
37968;-97.5674093700856;(((_a1_ + _a7_) + (pow2(((_a1_ * (_a6_ + x)) + _a7_)) / _a1_)) * x);{'d0': {'_a1_': 3.3767608801096896, '_a6_': 0.8835380805705895, '_a7_': -1.9301847911752725, '_a0_': 1.0, '_a2_': 1.0, '_a3_': 1.0, '_a4_': 1.0, '_a5_': 1.0}};{'d0': 0.02490583291941663};-280.569866449044;42.717523854436465
37969;-97.5674093700856;(((_a1_ + _a7_) + (pow2(((_a1_ * (_a6_ + x)) + _a7_)) / _a1_)) * x);{'d0': {'_a1_': 3.3767608801096896, '_a6_': 0.8835380805705895, '_a7_': -1.9301847911752725, '_a0_': 1.0, '_a2_': 1.0, '_a3_': 1.0, '_a4_': 1.0, '_a5_': 1.0}};{'d0': 0.02490583291941663};-280.569866449044;42.717523854436465
37970;-98.4907184973528;(((_a1_ + _a7_) + (pow2(((_a1_ * (_a6_ + x)) + _a7_)) * _a1_)) * x);{'d0': {'_a1_': 1.5002608232894952, '_a6_': 0.34771330482782814, '_a7_': -0.05368472831791208, '_a0_': 1.0, '_a2_': 1.0, '_a3_': 1.0, '_a4_': 1.0, '_a5_': 1.0}};{'d0': 0.024905832919416768};-280.569866449043;41.79421472716906
37971;-98.4907184973528;(((_a1_ + _a7_) + (pow2(((_a1_ * (_a6_ + x)) + _a7_)) * _a1_)) * x);{'d0': {'_a1_': 1.5002608232894952, '_a6_': 0.34771330482782814, '_a7_': -0.05368472831791208, '_a0_': 1.0, '_a2_': 1.0, '_a3_': 1.0, '_a4_': 1.0, '_a5_': 1.0}};{'d0': 0.024905832919416768};-280.569866449043;41.79421472716906
37972;-98.4907184973528;(((_a1_ + _a7_) + (pow2(((_a1_ * (_a6_ + x)) + _a7_)) * _a1_)) * x);{'d0': {'_a1_': 1.5002608232894952, '_a6_': 0.34771330482782814, '_a7_': -0.05368472831791208, '_a0_': 1.0, '_a2_': 1.0, '_a3_': 1.0, '_a4_': 1.0, '_a5_': 1.0}};{'d0': 0.024905832919416768};-280.569866449043;41.79421472716906
37973;-102.364147265276;((_a0_ + (pow2(((_a1_ * (_a6_ + x)) + _a7_)) * _a1_)) * x);{'d0': {'_a0_': 1.4465760928610643, '_a1_': 1.5002608214288244, '_a6_': -121.00090942439854, '_a7_': 182.00089968737166, '_a2_': 1.0, '_a3_': 1.0, '_a4_': 1.0, '_a5_': 1.0}};{'d0': 0.024905832919413666};-276.475521886829;35.873613678139066
37974;-102.364147265276;((_a0_ + (pow2(((_a1_ * (_a6_ + x)) + _a7_)) * _a1_)) * x);{'d0': {'_a0_': 1.4465760928610643, '_a1_': 1.5002608214288244, '_a6_': -121.00090942439854, '_a7_': 182.00089968737166, '_a2_': 1.0, '_a3_': 1.0, '_a4_': 1.0, '_a5_': 1.0}};{'d0': 0.024905832919413666};-276.475521886829;35.873613678139066
37975;-103.335408388272;((_a0_ + (pow2(((_a1_ * (_a6_ + x)) * _a7_)) * _a1_)) * x);{'d0': {'_a0_': 1.4465760899568398, '_a1_': 0.11234567172477201, '_a6_': 0.31192970797369146, '_a7_': 48.799525491382845, '_a2_': 1.0, '_a3_': 1.0, '_a4_': 1.0, '_a5_': 1.0}};{'d0': 0.0249058329198921};-276.475521885676;34.902352554566065
37976;-103.335408388272;((_a0_ + (pow2(((_a1_ * (_a6_ + x)) * _a7_)) * _a1_)) * x);{'d0': {'_a0_': 1.4465760899568398, '_a1_': 0.11234567172477201, '_a6_': 0.31192970797369146, '_a7_': 48.799525491382845, '_a2_': 1.0, '_a3_': 1.0, '_a4_': 1.0, '_a5_': 1.0}};{'d0': 0.0249058329198921};-276.475521885676;34.902352554566065
37977;-105.382580669956;((_a0_ + (pow2(((_a1_ * (_a7_ + x)) * _a7_)) * _a1_)) * x);{'d0': {'_a0_': 1.4465760893791433, '_a1_': 3.2618371664148276, '_a7_': 0.31192970781943014, '_a2_': 1.0, '_a3_': 1.0, '_a4_': 1.0, '_a5_': 1.0, '_a6_': 1.0}};{'d0': 0.02490583291941662};-280.569866449044;34.902352554566065
37978;-105.382580669956;((_a0_ + (pow2(((_a1_ * (_a7_ + x)) * _a7_)) * _a1_)) * x);{'d0': {'_a0_': 1.4465760893791433, '_a1_': 3.2618371664148276, '_a7_': 0.31192970781943014, '_a2_': 1.0, '_a3_': 1.0, '_a4_': 1.0, '_a5_': 1.0, '_a6_': 1.0}};{'d0': 0.02490583291941662};-280.569866449044;34.902352554566065
37979;-105.382580669956;((_a0_ + (pow2(((_a1_ * (_a7_ + x)) * _a7_)) * _a1_)) * x);{'d0': {'_a0_': 1.4465760893791433, '_a1_': 3.2618371664148276, '_a7_': 0.31192970781943014, '_a2_': 1.0, '_a3_': 1.0, '_a4_': 1.0, '_a5_': 1.0, '_a6_': 1.0}};{'d0': 0.02490583291941662};-280.569866449044;34.902352554566065
37980;-105.382580669956;((_a0_ + (pow2(((_a1_ * (_a7_ + x)) * _a7_)) * _a1_)) * x);{'d0': {'_a0_': 1.4465760893791433, '_a1_': 3.2618371664148276, '_a7_': 0.31192970781943014, '_a2_': 1.0, '_a3_': 1.0, '_a4_': 1.0, '_a5_': 1.0, '_a6_': 1.0}};{'d0': 0.02490583291941662};-280.569866449044;34.902352554566065
37981;-105.382580669956;((_a0_ + (pow2(((_a1_ * (_a7_ + x)) * _a7_)) * _a1_)) * x);{'d0': {'_a0_': 1.4465760893791433, '_a1_': 3.2618371664148276, '_a7_': 0.31192970781943014, '_a2_': 1.0, '_a3_': 1.0, '_a4_': 1.0, '_a5_': 1.0, '_a6_': 1.0}};{'d0': 0.02490583291941662};-280.569866449044;34.902352554566065
37982;-105.382580669956;((_a0_ + (pow2(((_a1_ * (_a7_ + x)) * _a7_)) * _a1_)) * x);{'d0': {'_a0_': 1.4465760893791433, '_a1_': 3.2618371664148276, '_a7_': 0.31192970781943014, '_a2_': 1.0, '_a3_': 1.0, '_a4_': 1.0, '_a5_': 1.0, '_a6_': 1.0}};{'d0': 0.02490583291941662};-280.569866449044;34.902352554566065
37983;-105.382580669956;((_a0_ + (pow2(((_a1_ * (_a7_ + x)) * _a7_)) * _a1_)) * x);{'d0': {'_a0_': 1.4465760893791433, '_a1_': 3.2618371664148276, '_a7_': 0.31192970781943014, '_a2_': 1.0, '_a3_': 1.0, '_a4_': 1.0, '_a5_': 1.0, '_a6_': 1.0}};{'d0': 0.02490583291941662};-280.569866449044;34.902352554566065
37984;-105.382580669956;((_a0_ + (pow2(((_a1_ * (_a7_ + x)) * _a7_)) * _a1_)) * x);{'d0': {'_a0_': 1.4465760893791433, '_a1_': 3.2618371664148276, '_a7_': 0.31192970781943014, '_a2_': 1.0, '_a3_': 1.0, '_a4_': 1.0, '_a5_': 1.0, '_a6_': 1.0}};{'d0': 0.02490583291941662};-280.569866449044;34.902352554566065
37985;-105.382580669956;((_a0_ + (pow2(((_a1_ * (_a7_ + x)) * _a7_)) * _a1_)) * x);{'d0': {'_a0_': 1.4465760893791433, '_a1_': 3.2618371664148276, '_a7_': 0.31192970781943014, '_a2_': 1.0, '_a3_': 1.0, '_a4_': 1.0, '_a5_': 1.0, '_a6_': 1.0}};{'d0': 0.02490583291941662};-280.569866449044;34.902352554566065
37986;-105.382580669956;((_a0_ + (pow2(((_a1_ * (_a7_ + x)) * _a7_)) * _a1_)) * x);{'d0': {'_a0_': 1.4465760893791433, '_a1_': 3.2618371664148276, '_a7_': 0.31192970781943014, '_a2_': 1.0, '_a3_': 1.0, '_a4_': 1.0, '_a5_': 1.0, '_a6_': 1.0}};{'d0': 0.02490583291941662};-280.569866449044;34.902352554566065
37987;-105.382580669956;((_a0_ + (pow2(((_a1_ * (_a7_ + x)) * _a7_)) * _a1_)) * x);{'d0': {'_a0_': 1.4465760893791433, '_a1_': 3.2618371664148276, '_a7_': 0.31192970781943014, '_a2_': 1.0, '_a3_': 1.0, '_a4_': 1.0, '_a5_': 1.0, '_a6_': 1.0}};{'d0': 0.02490583291941662};-280.569866449044;34.902352554566065
37988;-105.382580669956;((_a0_ + (pow2(((_a1_ * (_a7_ + x)) * _a7_)) * _a1_)) * x);{'d0': {'_a0_': 1.4465760893791433, '_a1_': 3.2618371664148276, '_a7_': 0.31192970781943014, '_a2_': 1.0, '_a3_': 1.0, '_a4_': 1.0, '_a5_': 1.0, '_a6_': 1.0}};{'d0': 0.02490583291941662};-280.569866449044;34.902352554566065
37989;-105.382580669956;((_a0_ + (pow2(((_a1_ * (_a7_ + x)) * _a7_)) * _a1_)) * x);{'d0': {'_a0_': 1.4465760893791433, '_a1_': 3.2618371664148276, '_a7_': 0.31192970781943014, '_a2_': 1.0, '_a3_': 1.0, '_a4_': 1.0, '_a5_': 1.0, '_a6_': 1.0}};{'d0': 0.02490583291941662};-280.569866449044;34.902352554566065
37990;-105.382580669956;((_a0_ + (pow2(((_a1_ * (_a7_ + x)) * _a7_)) * _a1_)) * x);{'d0': {'_a0_': 1.4465760893791433, '_a1_': 3.2618371664148276, '_a7_': 0.31192970781943014, '_a2_': 1.0, '_a3_': 1.0, '_a4_': 1.0, '_a5_': 1.0, '_a6_': 1.0}};{'d0': 0.02490583291941662};-280.569866449044;34.902352554566065
37991;-105.382580669956;((_a0_ + (pow2(((_a1_ * (_a7_ + x)) * _a7_)) * _a1_)) * x);{'d0': {'_a0_': 1.4465760893791433, '_a1_': 3.2618371664148276, '_a7_': 0.31192970781943014, '_a2_': 1.0, '_a3_': 1.0, '_a4_': 1.0, '_a5_': 1.0, '_a6_': 1.0}};{'d0': 0.02490583291941662};-280.569866449044;34.902352554566065
37992;-105.382580669956;((_a0_ + (pow2(((_a1_ * (_a7_ + x)) * _a7_)) * _a1_)) * x);{'d0': {'_a0_': 1.4465760893791433, '_a1_': 3.2618371664148276, '_a7_': 0.31192970781943014, '_a2_': 1.0, '_a3_': 1.0, '_a4_': 1.0, '_a5_': 1.0, '_a6_': 1.0}};{'d0': 0.02490583291941662};-280.569866449044;34.902352554566065
37993;-105.382580669956;((_a0_ + (pow2(((_a1_ * (_a7_ + x)) * _a7_)) * _a1_)) * x);{'d0': {'_a0_': 1.4465760893791433, '_a1_': 3.2618371664148276, '_a7_': 0.31192970781943014, '_a2_': 1.0, '_a3_': 1.0, '_a4_': 1.0, '_a5_': 1.0, '_a6_': 1.0}};{'d0': 0.02490583291941662};-280.569866449044;34.902352554566065
37994;-99.6374739154438;((_a0_ + (pow2(((_a1_ * (_a7_ + x)) * _a7_)) * pow2(_a3_))) * x);{'d0': {'_a0_': 1.4465760893811848, '_a1_': -1.7889357750466757, '_a3_': 3.293052260739256, '_a7_': 0.31192970783277446, '_a2_': 1.0, '_a4_': 1.0, '_a5_': 1.0, '_a6_': 1.0}};{'d0': 0.024905832920073385};-276.475521885239;38.600287027176066
37995;-99.6374739154438;((_a0_ + (pow2(((_a1_ * (_a7_ + x)) * _a7_)) * pow2(_a3_))) * x);{'d0': {'_a0_': 1.4465760893811848, '_a1_': -1.7889357750466757, '_a3_': 3.293052260739256, '_a7_': 0.31192970783277446, '_a2_': 1.0, '_a4_': 1.0, '_a5_': 1.0, '_a6_': 1.0}};{'d0': 0.024905832920073385};-276.475521885239;38.600287027176066
37996;-99.6374739154438;((_a0_ + (pow2(((_a1_ * (_a7_ + x)) * _a7_)) * pow2(_a3_))) * x);{'d0': {'_a0_': 1.4465760893811848, '_a1_': -1.7889357750466757, '_a3_': 3.293052260739256, '_a7_': 0.31192970783277446, '_a2_': 1.0, '_a4_': 1.0, '_a5_': 1.0, '_a6_': 1.0}};{'d0': 0.024905832920073385};-276.475521885239;38.600287027176066
37997;-99.6374739154438;((_a0_ + (pow2(((_a1_ * (_a7_ + x)) * _a7_)) * pow2(_a3_))) * x);{'d0': {'_a0_': 1.4465760893811848, '_a1_': -1.7889357750466757, '_a3_': 3.293052260739256, '_a7_': 0.31192970783277446, '_a2_': 1.0, '_a4_': 1.0, '_a5_': 1.0, '_a6_': 1.0}};{'d0': 0.024905832920073385};-276.475521885239;38.600287027176066
37998;-99.6374739154438;((_a0_ + (pow2(((_a1_ * (_a7_ + x)) * _a7_)) * pow2(_a3_))) * x);{'d0': {'_a0_': 1.4465760893811848, '_a1_': -1.7889357750466757, '_a3_': 3.293052260739256, '_a7_': 0.31192970783277446, '_a2_': 1.0, '_a4_': 1.0, '_a5_': 1.0, '_a6_': 1.0}};{'d0': 0.024905832920073385};-276.475521885239;38.600287027176066
37999;-99.6374739154438;((_a0_ + (pow2(((_a1_ * (_a7_ + x)) * _a7_)) * pow2(_a3_))) * x);{'d0': {'_a0_': 1.4465760893811848, '_a1_': -1.7889357750466757, '_a3_': 3.293052260739256, '_a7_': 0.31192970783277446, '_a2_': 1.0, '_a4_': 1.0, '_a5_': 1.0, '_a6_': 1.0}};{'d0': 0.024905832920073385};-276.475521885239;38.600287027176066
38000;-99.6374739154438;((_a0_ + (pow2(((_a1_ * (_a7_ + x)) * _a7_)) * pow2(_a3_))) * x);{'d0': {'_a0_': 1.4465760893811848, '_a1_': -1.7889357750466757, '_a3_': 3.293052260739256, '_a7_': 0.31192970783277446, '_a2_': 1.0, '_a4_': 1.0, '_a5_': 1.0, '_a6_': 1.0}};{'d0': 0.024905832920073385};-276.475521885239;38.600287027176066
38001;-99.6374739154438;((_a0_ + (pow2(((_a1_ * (_a7_ + x)) * _a7_)) * pow2(_a3_))) * x);{'d0': {'_a0_': 1.4465760893811848, '_a1_': -1.7889357750466757, '_a3_': 3.293052260739256, '_a7_': 0.31192970783277446, '_a2_': 1.0, '_a4_': 1.0, '_a5_': 1.0, '_a6_': 1.0}};{'d0': 0.024905832920073385};-276.475521885239;38.600287027176066
38002;-99.6374739154438;((_a0_ + (pow2(((_a1_ * (_a7_ + x)) * _a7_)) * pow2(_a3_))) * x);{'d0': {'_a0_': 1.4465760893811848, '_a1_': -1.7889357750466757, '_a3_': 3.293052260739256, '_a7_': 0.31192970783277446, '_a2_': 1.0, '_a4_': 1.0, '_a5_': 1.0, '_a6_': 1.0}};{'d0': 0.024905832920073385};-276.475521885239;38.600287027176066
38003;-92.8485495481892;((_a6_ + (((exp(_a4_) + x) / ((_a1_ * _a5_) + _a2_)) * x)) * x);{'d0': {'_a1_': 335.0394242858686, '_a2_': -2.051796112961211, '_a4_': -0.47183023134743857, '_a5_': 0.007007945847297863, '_a6_': 1.7751354046083594, '_a0_': 1.0, '_a3_': 1.0, '_a7_': 1.0}};{'d0': 0.024905832925659007};-272.381177309561;43.342039106591436
38004;-92.8485495481892;((_a6_ + (((exp(_a4_) + x) / ((_a1_ * _a5_) + _a2_)) * x)) * x);{'d0': {'_a1_': 335.0394242858686, '_a2_': -2.051796112961211, '_a4_': -0.47183023134743857, '_a5_': 0.007007945847297863, '_a6_': 1.7751354046083594, '_a0_': 1.0, '_a3_': 1.0, '_a7_': 1.0}};{'d0': 0.024905832925659007};-272.381177309561;43.342039106591436
38005;-92.8485495481892;((_a6_ + (((exp(_a4_) + x) / ((_a1_ * _a5_) + _a2_)) * x)) * x);{'d0': {'_a1_': 335.0394242858686, '_a2_': -2.051796112961211, '_a4_': -0.47183023134743857, '_a5_': 0.007007945847297863, '_a6_': 1.7751354046083594, '_a0_': 1.0, '_a3_': 1.0, '_a7_': 1.0}};{'d0': 0.024905832925659007};-272.381177309561;43.342039106591436
38006;-92.8485495554057;((_a6_ + (((exp(_a4_) + x) / ((_a1_ * _a5_) + _a0_)) * x)) * x);{'d0': {'_a0_': -0.34392655570754016, '_a1_': 179.94145429199241, '_a4_': -0.4718302316033404, '_a5_': 0.0035570919238221725, '_a6_': 1.775135404148798, '_a2_': 1.0, '_a3_': 1.0, '_a7_': 1.0}};{'d0': 0.02490583291966791};-272.381177323994;43.342039106591436
38007;-101.684646197346;((_a0_ + (pow2(((_a7_ * (_a7_ + x)) * _a7_)) * pow2(_a3_))) * x);{'d0': {'_a0_': 1.4465760890105375, '_a3_': 18.885856145230147, '_a7_': 0.311929707707963, '_a1_': 1.0, '_a2_': 1.0, '_a4_': 1.0, '_a5_': 1.0, '_a6_': 1.0}};{'d0': 0.024905832919416667};-280.569866449044;38.600287027176066
38008;-101.684646197346;((_a0_ + (pow2(((_a7_ * (_a7_ + x)) * _a7_)) * pow2(_a3_))) * x);{'d0': {'_a0_': 1.4465760890105375, '_a3_': 18.885856145230147, '_a7_': 0.311929707707963, '_a1_': 1.0, '_a2_': 1.0, '_a4_': 1.0, '_a5_': 1.0, '_a6_': 1.0}};{'d0': 0.024905832919416667};-280.569866449044;38.600287027176066
38009;-105.382580669956;((_a0_ + (pow2(((_a7_ * (_a7_ + x)) * _a7_)) * _a5_)) * x);{'d0': {'_a0_': 1.4465760890800943, '_a5_': 356.6755619292473, '_a7_': 0.31192970780477763, '_a1_': 1.0, '_a2_': 1.0, '_a3_': 1.0, '_a4_': 1.0, '_a6_': 1.0}};{'d0': 0.024905832919416553};-280.569866449044;34.902352554566065
38010;-105.382580669956;((_a0_ + (pow2(((_a7_ * (_a7_ + x)) * _a7_)) * _a5_)) * x);{'d0': {'_a0_': 1.4465760890800943, '_a5_': 356.6755619292473, '_a7_': 0.31192970780477763, '_a1_': 1.0, '_a2_': 1.0, '_a3_': 1.0, '_a4_': 1.0, '_a6_': 1.0}};{'d0': 0.024905832919416553};-280.569866449044;34.902352554566065
38011;-101.440838107691;((_a6_ + (((_a4_ + x) / (pow2(_a7_) + _a0_)) * x)) * x);{'d0': {'_a0_': -3229.2575924858434, '_a4_': 0.6238594155568943, '_a6_': 1.7751354042530696, '_a7_': 56.82916270530437, '_a1_': 1.0, '_a2_': 1.0, '_a3_': 1.0, '_a5_': 1.0}};{'d0': 0.024905832944582557};-276.475521826195;36.79692280540644
38012;-101.440838107691;((_a6_ + (((_a4_ + x) / (pow2(_a7_) + _a0_)) * x)) * x);{'d0': {'_a0_': -3229.2575924858434, '_a4_': 0.6238594155568943, '_a6_': 1.7751354042530696, '_a7_': 56.82916270530437, '_a1_': 1.0, '_a2_': 1.0, '_a3_': 1.0, '_a5_': 1.0}};{'d0': 0.024905832944582557};-276.475521826195;36.79692280540644
38013;-101.440838107691;((_a6_ + (((_a4_ + x) / (pow2(_a7_) + _a0_)) * x)) * x);{'d0': {'_a0_': -3229.2575924858434, '_a4_': 0.6238594155568943, '_a6_': 1.7751354042530696, '_a7_': 56.82916270530437, '_a1_': 1.0, '_a2_': 1.0, '_a3_': 1.0, '_a5_': 1.0}};{'d0': 0.024905832944582557};-276.475521826195;36.79692280540644
38014;-101.440838107691;((_a6_ + (((_a4_ + x) / (pow2(_a7_) + _a0_)) * x)) * x);{'d0': {'_a0_': -3229.2575924858434, '_a4_': 0.6238594155568943, '_a6_': 1.7751354042530696, '_a7_': 56.82916270530437, '_a1_': 1.0, '_a2_': 1.0, '_a3_': 1.0, '_a5_': 1.0}};{'d0': 0.024905832944582557};-276.475521826195;36.79692280540644
38015;-101.440838107691;((_a6_ + (((_a4_ + x) / (pow2(_a7_) + _a0_)) * x)) * x);{'d0': {'_a0_': -3229.2575924858434, '_a4_': 0.6238594155568943, '_a6_': 1.7751354042530696, '_a7_': 56.82916270530437, '_a1_': 1.0, '_a2_': 1.0, '_a3_': 1.0, '_a5_': 1.0}};{'d0': 0.024905832944582557};-276.475521826195;36.79692280540644
38016;-101.440838107691;((_a6_ + (((_a4_ + x) / (pow2(_a7_) + _a0_)) * x)) * x);{'d0': {'_a0_': -3229.2575924858434, '_a4_': 0.6238594155568943, '_a6_': 1.7751354042530696, '_a7_': 56.82916270530437, '_a1_': 1.0, '_a2_': 1.0, '_a3_': 1.0, '_a5_': 1.0}};{'d0': 0.024905832944582557};-276.475521826195;36.79692280540644
38017;-101.440838107691;((_a6_ + (((_a4_ + x) / (pow2(_a7_) + _a0_)) * x)) * x);{'d0': {'_a0_': -3229.2575924858434, '_a4_': 0.6238594155568943, '_a6_': 1.7751354042530696, '_a7_': 56.82916270530437, '_a1_': 1.0, '_a2_': 1.0, '_a3_': 1.0, '_a5_': 1.0}};{'d0': 0.024905832944582557};-276.475521826195;36.79692280540644
38018;-101.440838107691;((_a6_ + (((_a4_ + x) / (pow2(_a7_) + _a0_)) * x)) * x);{'d0': {'_a0_': -3229.2575924858434, '_a4_': 0.6238594155568943, '_a6_': 1.7751354042530696, '_a7_': 56.82916270530437, '_a1_': 1.0, '_a2_': 1.0, '_a3_': 1.0, '_a5_': 1.0}};{'d0': 0.024905832944582557};-276.475521826195;36.79692280540644
38019;-101.440838107691;((_a6_ + (((_a4_ + x) / (pow2(_a7_) + _a0_)) * x)) * x);{'d0': {'_a0_': -3229.2575924858434, '_a4_': 0.6238594155568943, '_a6_': 1.7751354042530696, '_a7_': 56.82916270530437, '_a1_': 1.0, '_a2_': 1.0, '_a3_': 1.0, '_a5_': 1.0}};{'d0': 0.024905832944582557};-276.475521826195;36.79692280540644
38020;-101.440838107691;((_a6_ + (((_a4_ + x) / (pow2(_a7_) + _a0_)) * x)) * x);{'d0': {'_a0_': -3229.2575924858434, '_a4_': 0.6238594155568943, '_a6_': 1.7751354042530696, '_a7_': 56.82916270530437, '_a1_': 1.0, '_a2_': 1.0, '_a3_': 1.0, '_a5_': 1.0}};{'d0': 0.024905832944582557};-276.475521826195;36.79692280540644
38021;-101.440838107691;((_a6_ + (((_a4_ + x) / (pow2(_a7_) + _a0_)) * x)) * x);{'d0': {'_a0_': -3229.2575924858434, '_a4_': 0.6238594155568943, '_a6_': 1.7751354042530696, '_a7_': 56.82916270530437, '_a1_': 1.0, '_a2_': 1.0, '_a3_': 1.0, '_a5_': 1.0}};{'d0': 0.024905832944582557};-276.475521826195;36.79692280540644
38022;-101.440838107691;((_a6_ + (((_a4_ + x) / (pow2(_a7_) + _a0_)) * x)) * x);{'d0': {'_a0_': -3229.2575924858434, '_a4_': 0.6238594155568943, '_a6_': 1.7751354042530696, '_a7_': 56.82916270530437, '_a1_': 1.0, '_a2_': 1.0, '_a3_': 1.0, '_a5_': 1.0}};{'d0': 0.024905832944582557};-276.475521826195;36.79692280540644
38023;-101.440838107691;((_a6_ + (((_a4_ + x) / (pow2(_a7_) + _a0_)) * x)) * x);{'d0': {'_a0_': -3229.2575924858434, '_a4_': 0.6238594155568943, '_a6_': 1.7751354042530696, '_a7_': 56.82916270530437, '_a1_': 1.0, '_a2_': 1.0, '_a3_': 1.0, '_a5_': 1.0}};{'d0': 0.024905832944582557};-276.475521826195;36.79692280540644
38024;-101.440838107691;((_a6_ + (((_a4_ + x) / (pow2(_a7_) + _a0_)) * x)) * x);{'d0': {'_a0_': -3229.2575924858434, '_a4_': 0.6238594155568943, '_a6_': 1.7751354042530696, '_a7_': 56.82916270530437, '_a1_': 1.0, '_a2_': 1.0, '_a3_': 1.0, '_a5_': 1.0}};{'d0': 0.024905832944582557};-276.475521826195;36.79692280540644
38025;-101.440838107691;((_a6_ + (((_a4_ + x) / (pow2(_a7_) + _a0_)) * x)) * x);{'d0': {'_a0_': -3229.2575924858434, '_a4_': 0.6238594155568943, '_a6_': 1.7751354042530696, '_a7_': 56.82916270530437, '_a1_': 1.0, '_a2_': 1.0, '_a3_': 1.0, '_a5_': 1.0}};{'d0': 0.024905832944582557};-276.475521826195;36.79692280540644
38026;-101.440838107691;((_a6_ + (((_a4_ + x) / (pow2(_a7_) + _a0_)) * x)) * x);{'d0': {'_a0_': -3229.2575924858434, '_a4_': 0.6238594155568943, '_a6_': 1.7751354042530696, '_a7_': 56.82916270530437, '_a1_': 1.0, '_a2_': 1.0, '_a3_': 1.0, '_a5_': 1.0}};{'d0': 0.024905832944582557};-276.475521826195;36.79692280540644
38027;-101.440838107691;((_a6_ + (((_a4_ + x) / (pow2(_a7_) + _a0_)) * x)) * x);{'d0': {'_a0_': -3229.2575924858434, '_a4_': 0.6238594155568943, '_a6_': 1.7751354042530696, '_a7_': 56.82916270530437, '_a1_': 1.0, '_a2_': 1.0, '_a3_': 1.0, '_a5_': 1.0}};{'d0': 0.024905832944582557};-276.475521826195;36.79692280540644
38028;-101.440838107691;((_a6_ + (((_a4_ + x) / (pow2(_a7_) + _a0_)) * x)) * x);{'d0': {'_a0_': -3229.2575924858434, '_a4_': 0.6238594155568943, '_a6_': 1.7751354042530696, '_a7_': 56.82916270530437, '_a1_': 1.0, '_a2_': 1.0, '_a3_': 1.0, '_a5_': 1.0}};{'d0': 0.024905832944582557};-276.475521826195;36.79692280540644
38029;-101.440838107691;((_a6_ + (((_a4_ + x) / (pow2(_a7_) + _a0_)) * x)) * x);{'d0': {'_a0_': -3229.2575924858434, '_a4_': 0.6238594155568943, '_a6_': 1.7751354042530696, '_a7_': 56.82916270530437, '_a1_': 1.0, '_a2_': 1.0, '_a3_': 1.0, '_a5_': 1.0}};{'d0': 0.024905832944582557};-276.475521826195;36.79692280540644
38030;-101.440838107691;((_a6_ + (((_a4_ + x) / (pow2(_a7_) + _a0_)) * x)) * x);{'d0': {'_a0_': -3229.2575924858434, '_a4_': 0.6238594155568943, '_a6_': 1.7751354042530696, '_a7_': 56.82916270530437, '_a1_': 1.0, '_a2_': 1.0, '_a3_': 1.0, '_a5_': 1.0}};{'d0': 0.024905832944582557};-276.475521826195;36.79692280540644
38031;-101.440838107691;((_a6_ + (((_a4_ + x) / (pow2(_a7_) + _a0_)) * x)) * x);{'d0': {'_a0_': -3229.2575924858434, '_a4_': 0.6238594155568943, '_a6_': 1.7751354042530696, '_a7_': 56.82916270530437, '_a1_': 1.0, '_a2_': 1.0, '_a3_': 1.0, '_a5_': 1.0}};{'d0': 0.024905832944582557};-276.475521826195;36.79692280540644
38032;-101.440838107691;((_a6_ + (((_a4_ + x) / (pow2(_a7_) + _a0_)) * x)) * x);{'d0': {'_a0_': -3229.2575924858434, '_a4_': 0.6238594155568943, '_a6_': 1.7751354042530696, '_a7_': 56.82916270530437, '_a1_': 1.0, '_a2_': 1.0, '_a3_': 1.0, '_a5_': 1.0}};{'d0': 0.024905832944582557};-276.475521826195;36.79692280540644
38033;-101.440838107691;((_a6_ + (((_a4_ + x) / (pow2(_a7_) + _a0_)) * x)) * x);{'d0': {'_a0_': -3229.2575924858434, '_a4_': 0.6238594155568943, '_a6_': 1.7751354042530696, '_a7_': 56.82916270530437, '_a1_': 1.0, '_a2_': 1.0, '_a3_': 1.0, '_a5_': 1.0}};{'d0': 0.024905832944582557};-276.475521826195;36.79692280540644
38034;-101.440838107691;((_a6_ + (((_a4_ + x) / (pow2(_a7_) + _a0_)) * x)) * x);{'d0': {'_a0_': -3229.2575924858434, '_a4_': 0.6238594155568943, '_a6_': 1.7751354042530696, '_a7_': 56.82916270530437, '_a1_': 1.0, '_a2_': 1.0, '_a3_': 1.0, '_a5_': 1.0}};{'d0': 0.024905832944582557};-276.475521826195;36.79692280540644
38035;-101.440838107691;((_a6_ + (((_a4_ + x) / (pow2(_a7_) + _a0_)) * x)) * x);{'d0': {'_a0_': -3229.2575924858434, '_a4_': 0.6238594155568943, '_a6_': 1.7751354042530696, '_a7_': 56.82916270530437, '_a1_': 1.0, '_a2_': 1.0, '_a3_': 1.0, '_a5_': 1.0}};{'d0': 0.024905832944582557};-276.475521826195;36.79692280540644
38036;-101.440838107691;((_a6_ + (((_a4_ + x) / (pow2(_a7_) + _a0_)) * x)) * x);{'d0': {'_a0_': -3229.2575924858434, '_a4_': 0.6238594155568943, '_a6_': 1.7751354042530696, '_a7_': 56.82916270530437, '_a1_': 1.0, '_a2_': 1.0, '_a3_': 1.0, '_a5_': 1.0}};{'d0': 0.024905832944582557};-276.475521826195;36.79692280540644
38037;-101.440838107691;((_a6_ + (((_a4_ + x) / (pow2(_a7_) + _a0_)) * x)) * x);{'d0': {'_a0_': -3229.2575924858434, '_a4_': 0.6238594155568943, '_a6_': 1.7751354042530696, '_a7_': 56.82916270530437, '_a1_': 1.0, '_a2_': 1.0, '_a3_': 1.0, '_a5_': 1.0}};{'d0': 0.024905832944582557};-276.475521826195;36.79692280540644
38038;-101.440838107691;((_a6_ + (((_a4_ + x) / (pow2(_a7_) + _a0_)) * x)) * x);{'d0': {'_a0_': -3229.2575924858434, '_a4_': 0.6238594155568943, '_a6_': 1.7751354042530696, '_a7_': 56.82916270530437, '_a1_': 1.0, '_a2_': 1.0, '_a3_': 1.0, '_a5_': 1.0}};{'d0': 0.024905832944582557};-276.475521826195;36.79692280540644
38039;-105.382580669956;((_a0_ + (pow2(((_a7_ * (_a7_ + x)) * _a7_)) * _a5_)) * x);{'d0': {'_a0_': 1.4465760890800943, '_a5_': 356.6755619292473, '_a7_': 0.31192970780477763, '_a1_': 1.0, '_a2_': 1.0, '_a3_': 1.0, '_a4_': 1.0, '_a6_': 1.0}};{'d0': 0.024905832919416553};-280.569866449044;34.902352554566065
38040;-104.411319546383;((_a0_ + (pow2(((_a7_ * (_a7_ + x)) + _a7_)) * _a5_)) * x);{'d0': {'_a0_': 1.4465760896926672, '_a5_': 7.132383598030483, '_a7_': -0.6880702922730331, '_a1_': 1.0, '_a2_': 1.0, '_a3_': 1.0, '_a4_': 1.0, '_a6_': 1.0}};{'d0': 0.0249058329194166};-280.569866449044;35.873613678139066
38041;-101.440838107691;((_a6_ + (((_a4_ + x) / (pow2(_a7_) + _a0_)) * x)) * x);{'d0': {'_a0_': -3229.2575924858434, '_a4_': 0.6238594155568943, '_a6_': 1.7751354042530696, '_a7_': 56.82916270530437, '_a1_': 1.0, '_a2_': 1.0, '_a3_': 1.0, '_a5_': 1.0}};{'d0': 0.024905832944582557};-276.475521826195;36.79692280540644
38042;-101.440838107691;((_a6_ + (((_a4_ + x) / (pow2(_a7_) + _a0_)) * x)) * x);{'d0': {'_a0_': -3229.2575924858434, '_a4_': 0.6238594155568943, '_a6_': 1.7751354042530696, '_a7_': 56.82916270530437, '_a1_': 1.0, '_a2_': 1.0, '_a3_': 1.0, '_a5_': 1.0}};{'d0': 0.024905832944582557};-276.475521826195;36.79692280540644
38043;-101.440838107691;((_a6_ + (((_a4_ + x) / (pow2(_a7_) + _a0_)) * x)) * x);{'d0': {'_a0_': -3229.2575924858434, '_a4_': 0.6238594155568943, '_a6_': 1.7751354042530696, '_a7_': 56.82916270530437, '_a1_': 1.0, '_a2_': 1.0, '_a3_': 1.0, '_a5_': 1.0}};{'d0': 0.024905832944582557};-276.475521826195;36.79692280540644
38044;-101.440838107691;((_a6_ + (((_a4_ + x) / (pow2(_a7_) + _a0_)) * x)) * x);{'d0': {'_a0_': -3229.2575924858434, '_a4_': 0.6238594155568943, '_a6_': 1.7751354042530696, '_a7_': 56.82916270530437, '_a1_': 1.0, '_a2_': 1.0, '_a3_': 1.0, '_a5_': 1.0}};{'d0': 0.024905832944582557};-276.475521826195;36.79692280540644
38045;-101.440838107691;((_a6_ + (((_a4_ + x) / (pow2(_a7_) + _a0_)) * x)) * x);{'d0': {'_a0_': -3229.2575924858434, '_a4_': 0.6238594155568943, '_a6_': 1.7751354042530696, '_a7_': 56.82916270530437, '_a1_': 1.0, '_a2_': 1.0, '_a3_': 1.0, '_a5_': 1.0}};{'d0': 0.024905832944582557};-276.475521826195;36.79692280540644
38046;-101.440838107691;((_a6_ + (((_a4_ + x) / (pow2(_a7_) + _a0_)) * x)) * x);{'d0': {'_a0_': -3229.2575924858434, '_a4_': 0.6238594155568943, '_a6_': 1.7751354042530696, '_a7_': 56.82916270530437, '_a1_': 1.0, '_a2_': 1.0, '_a3_': 1.0, '_a5_': 1.0}};{'d0': 0.024905832944582557};-276.475521826195;36.79692280540644
38047;-101.440838107691;((_a6_ + (((_a4_ + x) / (pow2(_a7_) + _a0_)) * x)) * x);{'d0': {'_a0_': -3229.2575924858434, '_a4_': 0.6238594155568943, '_a6_': 1.7751354042530696, '_a7_': 56.82916270530437, '_a1_': 1.0, '_a2_': 1.0, '_a3_': 1.0, '_a5_': 1.0}};{'d0': 0.024905832944582557};-276.475521826195;36.79692280540644
38048;-101.440838107691;((_a6_ + (((_a4_ + x) / (pow2(_a7_) + _a0_)) * x)) * x);{'d0': {'_a0_': -3229.2575924858434, '_a4_': 0.6238594155568943, '_a6_': 1.7751354042530696, '_a7_': 56.82916270530437, '_a1_': 1.0, '_a2_': 1.0, '_a3_': 1.0, '_a5_': 1.0}};{'d0': 0.024905832944582557};-276.475521826195;36.79692280540644
38049;-101.440838107691;((_a6_ + (((_a4_ + x) / (pow2(_a7_) + _a0_)) * x)) * x);{'d0': {'_a0_': -3229.2575924858434, '_a4_': 0.6238594155568943, '_a6_': 1.7751354042530696, '_a7_': 56.82916270530437, '_a1_': 1.0, '_a2_': 1.0, '_a3_': 1.0, '_a5_': 1.0}};{'d0': 0.024905832944582557};-276.475521826195;36.79692280540644
38050;-101.440838107691;((_a6_ + (((_a4_ + x) / (pow2(_a7_) + _a0_)) * x)) * x);{'d0': {'_a0_': -3229.2575924858434, '_a4_': 0.6238594155568943, '_a6_': 1.7751354042530696, '_a7_': 56.82916270530437, '_a1_': 1.0, '_a2_': 1.0, '_a3_': 1.0, '_a5_': 1.0}};{'d0': 0.024905832944582557};-276.475521826195;36.79692280540644
38051;-101.440838107691;((_a6_ + (((_a4_ + x) / (pow2(_a7_) + _a0_)) * x)) * x);{'d0': {'_a0_': -3229.2575924858434, '_a4_': 0.6238594155568943, '_a6_': 1.7751354042530696, '_a7_': 56.82916270530437, '_a1_': 1.0, '_a2_': 1.0, '_a3_': 1.0, '_a5_': 1.0}};{'d0': 0.024905832944582557};-276.475521826195;36.79692280540644
38052;-101.440838107691;((_a6_ + (((_a4_ + x) / (pow2(_a7_) + _a0_)) * x)) * x);{'d0': {'_a0_': -3229.2575924858434, '_a4_': 0.6238594155568943, '_a6_': 1.7751354042530696, '_a7_': 56.82916270530437, '_a1_': 1.0, '_a2_': 1.0, '_a3_': 1.0, '_a5_': 1.0}};{'d0': 0.024905832944582557};-276.475521826195;36.79692280540644
38053;-101.440838107691;((_a6_ + (((_a4_ + x) / (pow2(_a7_) + _a0_)) * x)) * x);{'d0': {'_a0_': -3229.2575924858434, '_a4_': 0.6238594155568943, '_a6_': 1.7751354042530696, '_a7_': 56.82916270530437, '_a1_': 1.0, '_a2_': 1.0, '_a3_': 1.0, '_a5_': 1.0}};{'d0': 0.024905832944582557};-276.475521826195;36.79692280540644
38054;-101.440838107691;((_a6_ + (((_a4_ + x) / (pow2(_a7_) + _a0_)) * x)) * x);{'d0': {'_a0_': -3229.2575924858434, '_a4_': 0.6238594155568943, '_a6_': 1.7751354042530696, '_a7_': 56.82916270530437, '_a1_': 1.0, '_a2_': 1.0, '_a3_': 1.0, '_a5_': 1.0}};{'d0': 0.024905832944582557};-276.475521826195;36.79692280540644
38055;-101.440838107691;((_a6_ + (((_a4_ + x) / (pow2(_a7_) + _a0_)) * x)) * x);{'d0': {'_a0_': -3229.2575924858434, '_a4_': 0.6238594155568943, '_a6_': 1.7751354042530696, '_a7_': 56.82916270530437, '_a1_': 1.0, '_a2_': 1.0, '_a3_': 1.0, '_a5_': 1.0}};{'d0': 0.024905832944582557};-276.475521826195;36.79692280540644
38056;-101.440838107691;((_a6_ + (((_a4_ + x) / (pow2(_a7_) + _a0_)) * x)) * x);{'d0': {'_a0_': -3229.2575924858434, '_a4_': 0.6238594155568943, '_a6_': 1.7751354042530696, '_a7_': 56.82916270530437, '_a1_': 1.0, '_a2_': 1.0, '_a3_': 1.0, '_a5_': 1.0}};{'d0': 0.024905832944582557};-276.475521826195;36.79692280540644
38057;-101.440838107691;((_a6_ + (((_a4_ + x) / (pow2(_a7_) + _a0_)) * x)) * x);{'d0': {'_a0_': -3229.2575924858434, '_a4_': 0.6238594155568943, '_a6_': 1.7751354042530696, '_a7_': 56.82916270530437, '_a1_': 1.0, '_a2_': 1.0, '_a3_': 1.0, '_a5_': 1.0}};{'d0': 0.024905832944582557};-276.475521826195;36.79692280540644
38058;-101.440838107691;((_a6_ + (((_a4_ + x) / (pow2(_a7_) + _a0_)) * x)) * x);{'d0': {'_a0_': -3229.2575924858434, '_a4_': 0.6238594155568943, '_a6_': 1.7751354042530696, '_a7_': 56.82916270530437, '_a1_': 1.0, '_a2_': 1.0, '_a3_': 1.0, '_a5_': 1.0}};{'d0': 0.024905832944582557};-276.475521826195;36.79692280540644
38059;-101.440838107691;((_a6_ + (((_a4_ + x) / (pow2(_a7_) + _a0_)) * x)) * x);{'d0': {'_a0_': -3229.2575924858434, '_a4_': 0.6238594155568943, '_a6_': 1.7751354042530696, '_a7_': 56.82916270530437, '_a1_': 1.0, '_a2_': 1.0, '_a3_': 1.0, '_a5_': 1.0}};{'d0': 0.024905832944582557};-276.475521826195;36.79692280540644
38060;-87.8267108392926;(((_a3_ * pow2(((pow2(cos((x + _a6_))) / (_a2_ + _a5_)) + _a2_))) * x) * _a6_);{'d0': {'_a2_': 0.2910056788510451, '_a3_': 9.106405523770352, '_a5_': 2.796733584858438, '_a6_': 1.8830575039597237, '_a0_': 1.0, '_a1_': 1.0, '_a4_': 1.0, '_a7_': 1.0}};{'d0': 0.024057064837300718};-278.555921098028;51.451249709721466
38061;-87.8267108392926;(((_a3_ * pow2(((pow2(cos((x + _a6_))) / (_a2_ + _a5_)) + _a2_))) * x) * _a6_);{'d0': {'_a2_': 0.2910056788510451, '_a3_': 9.106405523770352, '_a5_': 2.796733584858438, '_a6_': 1.8830575039597237, '_a0_': 1.0, '_a1_': 1.0, '_a4_': 1.0, '_a7_': 1.0}};{'d0': 0.024057064837300718};-278.555921098028;51.451249709721466
38062;-87.8267108392926;(((_a3_ * pow2(((pow2(cos((x + _a6_))) / (_a2_ + _a5_)) + _a2_))) * x) * _a6_);{'d0': {'_a2_': 0.2910056788510451, '_a3_': 9.106405523770352, '_a5_': 2.796733584858438, '_a6_': 1.8830575039597237, '_a0_': 1.0, '_a1_': 1.0, '_a4_': 1.0, '_a7_': 1.0}};{'d0': 0.024057064837300718};-278.555921098028;51.451249709721466
38063;-87.8267108392926;(((_a3_ * pow2(((pow2(cos((x + _a6_))) / (_a2_ + _a5_)) + _a2_))) * x) * _a6_);{'d0': {'_a2_': 0.2910056788510451, '_a3_': 9.106405523770352, '_a5_': 2.796733584858438, '_a6_': 1.8830575039597237, '_a0_': 1.0, '_a1_': 1.0, '_a4_': 1.0, '_a7_': 1.0}};{'d0': 0.024057064837300718};-278.555921098028;51.451249709721466
38064;-87.8267108392926;(((_a3_ * pow2(((pow2(cos((x + _a6_))) / (_a2_ + _a5_)) + _a2_))) * x) * _a6_);{'d0': {'_a2_': 0.2910056788510451, '_a3_': 9.106405523770352, '_a5_': 2.796733584858438, '_a6_': 1.8830575039597237, '_a0_': 1.0, '_a1_': 1.0, '_a4_': 1.0, '_a7_': 1.0}};{'d0': 0.024057064837300718};-278.555921098028;51.451249709721466
38065;-87.8267108392926;(((_a3_ * pow2(((pow2(cos((x + _a6_))) / (_a2_ + _a5_)) + _a2_))) * x) * _a6_);{'d0': {'_a2_': 0.2910056788510451, '_a3_': 9.106405523770352, '_a5_': 2.796733584858438, '_a6_': 1.8830575039597237, '_a0_': 1.0, '_a1_': 1.0, '_a4_': 1.0, '_a7_': 1.0}};{'d0': 0.024057064837300718};-278.555921098028;51.451249709721466
38066;-87.8267108392926;(((_a3_ * pow2(((pow2(cos((x + _a6_))) / (_a2_ + _a5_)) + _a2_))) * x) * _a6_);{'d0': {'_a2_': 0.2910056788510451, '_a3_': 9.106405523770352, '_a5_': 2.796733584858438, '_a6_': 1.8830575039597237, '_a0_': 1.0, '_a1_': 1.0, '_a4_': 1.0, '_a7_': 1.0}};{'d0': 0.024057064837300718};-278.555921098028;51.451249709721466
38067;-87.8267108637177;(((_a3_ * pow2(((pow2(cos((x + _a6_))) / (_a2_ + _a5_)) + _a2_))) * x) * _a2_);{'d0': {'_a2_': 0.4950542034708637, '_a3_': 11.968932551717645, '_a5_': 1.3199991927004235, '_a6_': 1.883057504047169, '_a0_': 1.0, '_a1_': 1.0, '_a4_': 1.0, '_a7_': 1.0}};{'d0': 0.024057064817714226};-278.555921146878;51.451249709721466
38068;-87.8267108637177;(((_a3_ * pow2(((pow2(cos((x + _a6_))) / (_a2_ + _a5_)) + _a2_))) * x) * _a2_);{'d0': {'_a2_': 0.4950542034708637, '_a3_': 11.968932551717645, '_a5_': 1.3199991927004235, '_a6_': 1.883057504047169, '_a0_': 1.0, '_a1_': 1.0, '_a4_': 1.0, '_a7_': 1.0}};{'d0': 0.024057064817714226};-278.555921146878;51.451249709721466
38069;-87.8267108637177;(((_a3_ * pow2(((pow2(cos((x + _a6_))) / (_a2_ + _a5_)) + _a2_))) * x) * _a2_);{'d0': {'_a2_': 0.4950542034708637, '_a3_': 11.968932551717645, '_a5_': 1.3199991927004235, '_a6_': 1.883057504047169, '_a0_': 1.0, '_a1_': 1.0, '_a4_': 1.0, '_a7_': 1.0}};{'d0': 0.024057064817714226};-278.555921146878;51.451249709721466
38070;-87.8267108637177;(((_a3_ * pow2(((pow2(cos((x + _a6_))) / (_a2_ + _a5_)) + _a2_))) * x) * _a2_);{'d0': {'_a2_': 0.4950542034708637, '_a3_': 11.968932551717645, '_a5_': 1.3199991927004235, '_a6_': 1.883057504047169, '_a0_': 1.0, '_a1_': 1.0, '_a4_': 1.0, '_a7_': 1.0}};{'d0': 0.024057064817714226};-278.555921146878;51.451249709721466
38071;-87.8267108637177;(((_a3_ * pow2(((pow2(cos((x + _a6_))) / (_a2_ + _a5_)) + _a2_))) * x) * _a2_);{'d0': {'_a2_': 0.4950542034708637, '_a3_': 11.968932551717645, '_a5_': 1.3199991927004235, '_a6_': 1.883057504047169, '_a0_': 1.0, '_a1_': 1.0, '_a4_': 1.0, '_a7_': 1.0}};{'d0': 0.024057064817714226};-278.555921146878;51.451249709721466
38072;-87.8267108637177;(((_a3_ * pow2(((pow2(cos((x + _a6_))) / (_a2_ + _a5_)) + _a2_))) * x) * _a2_);{'d0': {'_a2_': 0.4950542034708637, '_a3_': 11.968932551717645, '_a5_': 1.3199991927004235, '_a6_': 1.883057504047169, '_a0_': 1.0, '_a1_': 1.0, '_a4_': 1.0, '_a7_': 1.0}};{'d0': 0.024057064817714226};-278.555921146878;51.451249709721466
38073;-87.8267108637177;(((_a3_ * pow2(((pow2(cos((x + _a6_))) / (_a2_ + _a5_)) + _a2_))) * x) * _a2_);{'d0': {'_a2_': 0.4950542034708637, '_a3_': 11.968932551717645, '_a5_': 1.3199991927004235, '_a6_': 1.883057504047169, '_a0_': 1.0, '_a1_': 1.0, '_a4_': 1.0, '_a7_': 1.0}};{'d0': 0.024057064817714226};-278.555921146878;51.451249709721466
38074;-87.8267108637177;(((_a3_ * pow2(((pow2(cos((x + _a6_))) / (_a2_ + _a5_)) + _a2_))) * x) * _a2_);{'d0': {'_a2_': 0.4950542034708637, '_a3_': 11.968932551717645, '_a5_': 1.3199991927004235, '_a6_': 1.883057504047169, '_a0_': 1.0, '_a1_': 1.0, '_a4_': 1.0, '_a7_': 1.0}};{'d0': 0.024057064817714226};-278.555921146878;51.451249709721466
38075;-87.8267108637177;(((_a3_ * pow2(((pow2(cos((x + _a6_))) / (_a2_ + _a5_)) + _a2_))) * x) * _a2_);{'d0': {'_a2_': 0.4950542034708637, '_a3_': 11.968932551717645, '_a5_': 1.3199991927004235, '_a6_': 1.883057504047169, '_a0_': 1.0, '_a1_': 1.0, '_a4_': 1.0, '_a7_': 1.0}};{'d0': 0.024057064817714226};-278.555921146878;51.451249709721466
38076;-87.8267108637177;(((_a3_ * pow2(((pow2(cos((x + _a6_))) / (_a2_ + _a5_)) + _a2_))) * x) * _a2_);{'d0': {'_a2_': 0.4950542034708637, '_a3_': 11.968932551717645, '_a5_': 1.3199991927004235, '_a6_': 1.883057504047169, '_a0_': 1.0, '_a1_': 1.0, '_a4_': 1.0, '_a7_': 1.0}};{'d0': 0.024057064817714226};-278.555921146878;51.451249709721466
38077;-87.8267108637177;(((_a3_ * pow2(((pow2(cos((x + _a6_))) / (_a2_ + _a5_)) + _a2_))) * x) * _a2_);{'d0': {'_a2_': 0.4950542034708637, '_a3_': 11.968932551717645, '_a5_': 1.3199991927004235, '_a6_': 1.883057504047169, '_a0_': 1.0, '_a1_': 1.0, '_a4_': 1.0, '_a7_': 1.0}};{'d0': 0.024057064817714226};-278.555921146878;51.451249709721466
38078;-87.8267108637177;(((_a3_ * pow2(((pow2(cos((x + _a6_))) / (_a2_ + _a5_)) + _a2_))) * x) * _a2_);{'d0': {'_a2_': 0.4950542034708637, '_a3_': 11.968932551717645, '_a5_': 1.3199991927004235, '_a6_': 1.883057504047169, '_a0_': 1.0, '_a1_': 1.0, '_a4_': 1.0, '_a7_': 1.0}};{'d0': 0.024057064817714226};-278.555921146878;51.451249709721466
38079;-87.8267108637177;(((_a3_ * pow2(((pow2(cos((x + _a6_))) / (_a2_ + _a5_)) + _a2_))) * x) * _a2_);{'d0': {'_a2_': 0.4950542034708637, '_a3_': 11.968932551717645, '_a5_': 1.3199991927004235, '_a6_': 1.883057504047169, '_a0_': 1.0, '_a1_': 1.0, '_a4_': 1.0, '_a7_': 1.0}};{'d0': 0.024057064817714226};-278.555921146878;51.451249709721466
38080;-87.8267108637177;(((_a3_ * pow2(((pow2(cos((x + _a6_))) / (_a2_ + _a5_)) + _a2_))) * x) * _a2_);{'d0': {'_a2_': 0.4950542034708637, '_a3_': 11.968932551717645, '_a5_': 1.3199991927004235, '_a6_': 1.883057504047169, '_a0_': 1.0, '_a1_': 1.0, '_a4_': 1.0, '_a7_': 1.0}};{'d0': 0.024057064817714226};-278.555921146878;51.451249709721466
38081;-86.7232463951003;(((_a3_ * pow2(((pow2(cos((x + _a6_))) / abs(_a4_)) + _a2_))) * x) * _a2_);{'d0': {'_a2_': 0.5457780909521579, '_a3_': 8.932343940367762, '_a4_': 1.6463647904800764, '_a6_': 1.8830575040625863, '_a0_': 1.0, '_a1_': 1.0, '_a5_': 1.0, '_a7_': 1.0}};{'d0': 0.024057064815546952};-278.555921152284;52.55471418104147
38082;-86.7232463951003;(((_a3_ * pow2(((pow2(cos((x + _a6_))) / abs(_a4_)) + _a2_))) * x) * _a2_);{'d0': {'_a2_': 0.5457780909521579, '_a3_': 8.932343940367762, '_a4_': 1.6463647904800764, '_a6_': 1.8830575040625863, '_a0_': 1.0, '_a1_': 1.0, '_a5_': 1.0, '_a7_': 1.0}};{'d0': 0.024057064815546952};-278.555921152284;52.55471418104147
38083;-86.7232463951003;(((_a3_ * pow2(((pow2(cos((x + _a6_))) / abs(_a4_)) + _a2_))) * x) * _a2_);{'d0': {'_a2_': 0.5457780909521579, '_a3_': 8.932343940367762, '_a4_': 1.6463647904800764, '_a6_': 1.8830575040625863, '_a0_': 1.0, '_a1_': 1.0, '_a5_': 1.0, '_a7_': 1.0}};{'d0': 0.024057064815546952};-278.555921152284;52.55471418104147
38084;-86.7232463951003;(((_a3_ * pow2(((pow2(cos((x + _a6_))) / abs(_a4_)) + _a2_))) * x) * _a2_);{'d0': {'_a2_': 0.5457780909521579, '_a3_': 8.932343940367762, '_a4_': 1.6463647904800764, '_a6_': 1.8830575040625863, '_a0_': 1.0, '_a1_': 1.0, '_a5_': 1.0, '_a7_': 1.0}};{'d0': 0.024057064815546952};-278.555921152284;52.55471418104147
38085;-86.7232463951003;(((_a3_ * pow2(((pow2(cos((x + _a6_))) / abs(_a4_)) + _a2_))) * x) * _a2_);{'d0': {'_a2_': 0.5457780909521579, '_a3_': 8.932343940367762, '_a4_': 1.6463647904800764, '_a6_': 1.8830575040625863, '_a0_': 1.0, '_a1_': 1.0, '_a5_': 1.0, '_a7_': 1.0}};{'d0': 0.024057064815546952};-278.555921152284;52.55471418104147
38086;-86.7232463951003;(((_a3_ * pow2(((pow2(cos((x + _a6_))) / abs(_a4_)) + _a2_))) * x) * _a2_);{'d0': {'_a2_': 0.5457780909521579, '_a3_': 8.932343940367762, '_a4_': 1.6463647904800764, '_a6_': 1.8830575040625863, '_a0_': 1.0, '_a1_': 1.0, '_a5_': 1.0, '_a7_': 1.0}};{'d0': 0.024057064815546952};-278.555921152284;52.55471418104147
38087;-86.7232463951003;(((_a3_ * pow2(((pow2(cos((x + _a6_))) / abs(_a4_)) + _a2_))) * x) * _a2_);{'d0': {'_a2_': 0.5457780909521579, '_a3_': 8.932343940367762, '_a4_': 1.6463647904800764, '_a6_': 1.8830575040625863, '_a0_': 1.0, '_a1_': 1.0, '_a5_': 1.0, '_a7_': 1.0}};{'d0': 0.024057064815546952};-278.555921152284;52.55471418104147
38088;-86.7232463951003;(((_a3_ * pow2(((pow2(cos((x + _a6_))) / abs(_a4_)) + _a2_))) * x) * _a2_);{'d0': {'_a2_': 0.5457780909521579, '_a3_': 8.932343940367762, '_a4_': 1.6463647904800764, '_a6_': 1.8830575040625863, '_a0_': 1.0, '_a1_': 1.0, '_a5_': 1.0, '_a7_': 1.0}};{'d0': 0.024057064815546952};-278.555921152284;52.55471418104147
38089;-86.7232463951003;(((_a3_ * pow2(((pow2(cos((x + _a6_))) / abs(_a4_)) + _a2_))) * x) * _a2_);{'d0': {'_a2_': 0.5457780909521579, '_a3_': 8.932343940367762, '_a4_': 1.6463647904800764, '_a6_': 1.8830575040625863, '_a0_': 1.0, '_a1_': 1.0, '_a5_': 1.0, '_a7_': 1.0}};{'d0': 0.024057064815546952};-278.555921152284;52.55471418104147
38090;-101.440838107691;((_a6_ + (((_a4_ + x) / (pow2(_a7_) + _a0_)) * x)) * x);{'d0': {'_a0_': -3229.2575924858434, '_a4_': 0.6238594155568943, '_a6_': 1.7751354042530696, '_a7_': 56.82916270530437, '_a1_': 1.0, '_a2_': 1.0, '_a3_': 1.0, '_a5_': 1.0}};{'d0': 0.024905832944582557};-276.475521826195;36.79692280540644
38091;-101.440838107691;((_a6_ + (((_a4_ + x) / (pow2(_a7_) + _a0_)) * x)) * x);{'d0': {'_a0_': -3229.2575924858434, '_a4_': 0.6238594155568943, '_a6_': 1.7751354042530696, '_a7_': 56.82916270530437, '_a1_': 1.0, '_a2_': 1.0, '_a3_': 1.0, '_a5_': 1.0}};{'d0': 0.024905832944582557};-276.475521826195;36.79692280540644
38092;-101.440838107691;((_a6_ + (((_a4_ + x) / (pow2(_a7_) + _a0_)) * x)) * x);{'d0': {'_a0_': -3229.2575924858434, '_a4_': 0.6238594155568943, '_a6_': 1.7751354042530696, '_a7_': 56.82916270530437, '_a1_': 1.0, '_a2_': 1.0, '_a3_': 1.0, '_a5_': 1.0}};{'d0': 0.024905832944582557};-276.475521826195;36.79692280540644
38093;-101.440838107691;((_a6_ + (((_a4_ + x) / (pow2(_a7_) + _a0_)) * x)) * x);{'d0': {'_a0_': -3229.2575924858434, '_a4_': 0.6238594155568943, '_a6_': 1.7751354042530696, '_a7_': 56.82916270530437, '_a1_': 1.0, '_a2_': 1.0, '_a3_': 1.0, '_a5_': 1.0}};{'d0': 0.024905832944582557};-276.475521826195;36.79692280540644
38094;-101.440838107691;((_a6_ + (((_a4_ + x) / (pow2(_a7_) + _a0_)) * x)) * x);{'d0': {'_a0_': -3229.2575924858434, '_a4_': 0.6238594155568943, '_a6_': 1.7751354042530696, '_a7_': 56.82916270530437, '_a1_': 1.0, '_a2_': 1.0, '_a3_': 1.0, '_a5_': 1.0}};{'d0': 0.024905832944582557};-276.475521826195;36.79692280540644
38095;-101.440838107691;((_a6_ + (((_a4_ + x) / (pow2(_a7_) + _a0_)) * x)) * x);{'d0': {'_a0_': -3229.2575924858434, '_a4_': 0.6238594155568943, '_a6_': 1.7751354042530696, '_a7_': 56.82916270530437, '_a1_': 1.0, '_a2_': 1.0, '_a3_': 1.0, '_a5_': 1.0}};{'d0': 0.024905832944582557};-276.475521826195;36.79692280540644
38096;-85.8629167828767;(((_a3_ * pow2(((pow2(cos((x + _a6_))) / (_a5_ / _a0_)) + _a2_))) * x) * _a2_);{'d0': {'_a0_': 4.5425730939332, '_a2_': 0.4792787945044634, '_a3_': 13.190122766351163, '_a5_': 8.51639664567856, '_a6_': 1.8830575040700863, '_a1_': 1.0, '_a4_': 1.0, '_a7_': 1.0}};{'d0': 0.024057064850281702};-274.461576503431;51.36787146883867
38097;-85.6119159818583;(((_a3_ + pow2(((pow2(cos((x + _a6_))) / (_a5_ / _a0_)) + _a2_))) * x) * _a2_);{'d0': {'_a0_': 4.223640431369323, '_a2_': 1.0096652303758844, '_a3_': 0.43053640084134714, '_a5_': 2.8404209245715886, '_a6_': 1.8815232874393022, '_a1_': 1.0, '_a4_': 1.0, '_a7_': 1.0}};{'d0': 0.02342978610147525};-276.046811721184;52.41148987873367
38098;-86.4722455509378;(((_a3_ + pow2(((pow2(cos((x + _a6_))) / abs(_a0_)) + _a2_))) * x) * _a2_);{'d0': {'_a0_': 0.672505578063066, '_a2_': 1.009665387416153, '_a3_': 0.4305358400018132, '_a6_': 1.8815232893048544, '_a1_': 1.0, '_a4_': 1.0, '_a5_': 1.0, '_a7_': 1.0}};{'d0': 0.023429786101341502};-280.141156283749;53.598332590936465
38099;-93.4963110712889;(((_a3_ + pow2(((pow2(cos((x + _a6_))) / _a5_) + _a2_))) * x) * _a2_);{'d0': {'_a2_': 1.0096655062723303, '_a3_': 0.4305354174113251, '_a5_': 0.6725056884851551, '_a6_': 1.8815232911419861, '_a0_': 1.0, '_a1_': 1.0, '_a4_': 1.0, '_a7_': 1.0}};{'d0': 0.0234297861013406};-280.141156283751;46.574267070586465
38100;-98.3009364241017;((_a3_ + pow2(((pow2(cos((x + _a6_))) / _a5_) + _a2_))) * x);{'d0': {'_a2_': 1.0145331521067604, '_a3_': 0.4346969367301419, '_a5_': 0.6692789730234141, '_a6_': 1.881523290321983, '_a0_': 1.0, '_a1_': 1.0, '_a4_': 1.0, '_a7_': 1.0}};{'d0': 0.02342978610134083};-280.141156283750;41.76964171777347
38101;-98.3009364241017;((_a3_ + pow2(((pow2(cos((x + _a6_))) / _a5_) + _a2_))) * x);{'d0': {'_a2_': 1.0145331521067604, '_a3_': 0.4346969367301419, '_a5_': 0.6692789730234141, '_a6_': 1.881523290321983, '_a0_': 1.0, '_a1_': 1.0, '_a4_': 1.0, '_a7_': 1.0}};{'d0': 0.02342978610134083};-280.141156283750;41.76964171777347
38102;-98.3009364241017;((_a3_ + pow2(((pow2(cos((x + _a6_))) / _a5_) + _a2_))) * x);{'d0': {'_a2_': 1.0145331521067604, '_a3_': 0.4346969367301419, '_a5_': 0.6692789730234141, '_a6_': 1.881523290321983, '_a0_': 1.0, '_a1_': 1.0, '_a4_': 1.0, '_a7_': 1.0}};{'d0': 0.02342978610134083};-280.141156283750;41.76964171777347
38103;-98.3009364241017;((_a3_ + pow2(((pow2(cos((x + _a6_))) / _a5_) + _a2_))) * x);{'d0': {'_a2_': 1.0145331521067604, '_a3_': 0.4346969367301419, '_a5_': 0.6692789730234141, '_a6_': 1.881523290321983, '_a0_': 1.0, '_a1_': 1.0, '_a4_': 1.0, '_a7_': 1.0}};{'d0': 0.02342978610134083};-280.141156283750;41.76964171777347
38104;-99.2966028376909;((_a3_ + pow2(((pow2(cos((x + _a6_))) * _a5_) + _a2_))) * x);{'d0': {'_a2_': 1.0145334097216197, '_a3_': 0.43469639482761135, '_a5_': 1.4941450275285848, '_a6_': 1.8815232926924477, '_a0_': 1.0, '_a1_': 1.0, '_a4_': 1.0, '_a7_': 1.0}};{'d0': 0.02342978610134097};-280.141156283750;40.77397530418407
38105;-99.2966028376909;((_a3_ + pow2(((pow2(cos((x + _a6_))) * _a5_) + _a2_))) * x);{'d0': {'_a2_': 1.0145334097216197, '_a3_': 0.43469639482761135, '_a5_': 1.4941450275285848, '_a6_': 1.8815232926924477, '_a0_': 1.0, '_a1_': 1.0, '_a4_': 1.0, '_a7_': 1.0}};{'d0': 0.02342978610134097};-280.141156283750;40.77397530418407
38106;-99.2966028376909;((_a3_ + pow2(((pow2(cos((x + _a6_))) * _a5_) + _a2_))) * x);{'d0': {'_a2_': 1.0145334097216197, '_a3_': 0.43469639482761135, '_a5_': 1.4941450275285848, '_a6_': 1.8815232926924477, '_a0_': 1.0, '_a1_': 1.0, '_a4_': 1.0, '_a7_': 1.0}};{'d0': 0.02342978610134097};-280.141156283750;40.77397530418407
38107;-99.2966028376909;((_a3_ + pow2(((pow2(cos((x + _a6_))) * _a5_) + _a2_))) * x);{'d0': {'_a2_': 1.0145334097216197, '_a3_': 0.43469639482761135, '_a5_': 1.4941450275285848, '_a6_': 1.8815232926924477, '_a0_': 1.0, '_a1_': 1.0, '_a4_': 1.0, '_a7_': 1.0}};{'d0': 0.02342978610134097};-280.141156283750;40.77397530418407
38108;-99.2966028376909;((_a3_ + pow2(((pow2(cos((x + _a6_))) * _a5_) + _a2_))) * x);{'d0': {'_a2_': 1.0145334097216197, '_a3_': 0.43469639482761135, '_a5_': 1.4941450275285848, '_a6_': 1.8815232926924477, '_a0_': 1.0, '_a1_': 1.0, '_a4_': 1.0, '_a7_': 1.0}};{'d0': 0.02342978610134097};-280.141156283750;40.77397530418407
38109;-99.2966028376909;((_a3_ + pow2(((pow2(cos((x + _a6_))) * _a5_) + _a2_))) * x);{'d0': {'_a2_': 1.0145334097216197, '_a3_': 0.43469639482761135, '_a5_': 1.4941450275285848, '_a6_': 1.8815232926924477, '_a0_': 1.0, '_a1_': 1.0, '_a4_': 1.0, '_a7_': 1.0}};{'d0': 0.02342978610134097};-280.141156283750;40.77397530418407
38110;-99.2966028376909;((_a3_ + pow2(((pow2(cos((x + _a6_))) * _a5_) + _a2_))) * x);{'d0': {'_a2_': 1.0145334097216197, '_a3_': 0.43469639482761135, '_a5_': 1.4941450275285848, '_a6_': 1.8815232926924477, '_a0_': 1.0, '_a1_': 1.0, '_a4_': 1.0, '_a7_': 1.0}};{'d0': 0.02342978610134097};-280.141156283750;40.77397530418407
38111;-99.2966028376909;((_a3_ + pow2(((pow2(cos((x + _a6_))) * _a5_) + _a2_))) * x);{'d0': {'_a2_': 1.0145334097216197, '_a3_': 0.43469639482761135, '_a5_': 1.4941450275285848, '_a6_': 1.8815232926924477, '_a0_': 1.0, '_a1_': 1.0, '_a4_': 1.0, '_a7_': 1.0}};{'d0': 0.02342978610134097};-280.141156283750;40.77397530418407
38112;-99.2966028376909;((_a3_ + pow2(((pow2(cos((x + _a6_))) * _a5_) + _a2_))) * x);{'d0': {'_a2_': 1.0145334097216197, '_a3_': 0.43469639482761135, '_a5_': 1.4941450275285848, '_a6_': 1.8815232926924477, '_a0_': 1.0, '_a1_': 1.0, '_a4_': 1.0, '_a7_': 1.0}};{'d0': 0.02342978610134097};-280.141156283750;40.77397530418407
38113;-99.2966028376909;((_a3_ + pow2(((pow2(cos((x + _a6_))) * _a5_) + _a2_))) * x);{'d0': {'_a2_': 1.0145334097216197, '_a3_': 0.43469639482761135, '_a5_': 1.4941450275285848, '_a6_': 1.8815232926924477, '_a0_': 1.0, '_a1_': 1.0, '_a4_': 1.0, '_a7_': 1.0}};{'d0': 0.02342978610134097};-280.141156283750;40.77397530418407
38114;-99.5476036799750;((_a3_ * pow2(((pow2(cos((x + _a6_))) * _a5_) + _a2_))) * x);{'d0': {'_a2_': 1.6257720373569484, '_a3_': 0.5494072609358038, '_a5_': 1.8093287240986495, '_a6_': 1.8830575040961537, '_a0_': 1.0, '_a1_': 1.0, '_a4_': 1.0, '_a7_': 1.0}};{'d0': 0.024057064817052724};-278.555921148528;39.73035689428907
38115;-99.5476036799750;((_a3_ * pow2(((pow2(cos((x + _a6_))) * _a5_) + _a2_))) * x);{'d0': {'_a2_': 1.6257720373569484, '_a3_': 0.5494072609358038, '_a5_': 1.8093287240986495, '_a6_': 1.8830575040961537, '_a0_': 1.0, '_a1_': 1.0, '_a4_': 1.0, '_a7_': 1.0}};{'d0': 0.024057064817052724};-278.555921148528;39.73035689428907
38116;-99.5476036799750;((_a3_ * pow2(((pow2(cos((x + _a6_))) * _a5_) + _a2_))) * x);{'d0': {'_a2_': 1.6257720373569484, '_a3_': 0.5494072609358038, '_a5_': 1.8093287240986495, '_a6_': 1.8830575040961537, '_a0_': 1.0, '_a1_': 1.0, '_a4_': 1.0, '_a7_': 1.0}};{'d0': 0.024057064817052724};-278.555921148528;39.73035689428907
38117;-99.5476036799750;((_a3_ * pow2(((pow2(cos((x + _a6_))) * _a5_) + _a2_))) * x);{'d0': {'_a2_': 1.6257720373569484, '_a3_': 0.5494072609358038, '_a5_': 1.8093287240986495, '_a6_': 1.8830575040961537, '_a0_': 1.0, '_a1_': 1.0, '_a4_': 1.0, '_a7_': 1.0}};{'d0': 0.024057064817052724};-278.555921148528;39.73035689428907
38118;-99.5476036799750;((_a3_ * pow2(((pow2(cos((x + _a6_))) * _a5_) + _a2_))) * x);{'d0': {'_a2_': 1.6257720373569484, '_a3_': 0.5494072609358038, '_a5_': 1.8093287240986495, '_a6_': 1.8830575040961537, '_a0_': 1.0, '_a1_': 1.0, '_a4_': 1.0, '_a7_': 1.0}};{'d0': 0.024057064817052724};-278.555921148528;39.73035689428907
38119;-99.5476036799750;((_a3_ * pow2(((pow2(cos((x + _a6_))) * _a5_) + _a2_))) * x);{'d0': {'_a2_': 1.6257720373569484, '_a3_': 0.5494072609358038, '_a5_': 1.8093287240986495, '_a6_': 1.8830575040961537, '_a0_': 1.0, '_a1_': 1.0, '_a4_': 1.0, '_a7_': 1.0}};{'d0': 0.024057064817052724};-278.555921148528;39.73035689428907
38120;-99.5476036799750;((_a3_ * pow2(((pow2(cos((x + _a6_))) * _a5_) + _a2_))) * x);{'d0': {'_a2_': 1.6257720373569484, '_a3_': 0.5494072609358038, '_a5_': 1.8093287240986495, '_a6_': 1.8830575040961537, '_a0_': 1.0, '_a1_': 1.0, '_a4_': 1.0, '_a7_': 1.0}};{'d0': 0.024057064817052724};-278.555921148528;39.73035689428907
38121;-95.8496691926076;((pow2(_a7_) * pow2(((pow2(cos((x + _a6_))) * _a5_) + _a2_))) * x);{'d0': {'_a2_': 1.8050482034673119, '_a5_': 2.008845944760416, '_a6_': 1.8830575040893505, '_a7_': 0.6676025516993525, '_a0_': 1.0, '_a1_': 1.0, '_a3_': 1.0, '_a4_': 1.0}};{'d0': 0.024057064828886733};-278.555921119013;43.428291366899074
38122;-95.8496691926076;((pow2(_a7_) * pow2(((pow2(cos((x + _a6_))) * _a5_) + _a2_))) * x);{'d0': {'_a2_': 1.8050482034673119, '_a5_': 2.008845944760416, '_a6_': 1.8830575040893505, '_a7_': 0.6676025516993525, '_a0_': 1.0, '_a1_': 1.0, '_a3_': 1.0, '_a4_': 1.0}};{'d0': 0.024057064828886733};-278.555921119013;43.428291366899074
38123;-95.8496691926076;((pow2(_a7_) * pow2(((pow2(cos((x + _a6_))) * _a5_) + _a2_))) * x);{'d0': {'_a2_': 1.8050482034673119, '_a5_': 2.008845944760416, '_a6_': 1.8830575040893505, '_a7_': 0.6676025516993525, '_a0_': 1.0, '_a1_': 1.0, '_a3_': 1.0, '_a4_': 1.0}};{'d0': 0.024057064828886733};-278.555921119013;43.428291366899074
38124;-95.8496691926076;((pow2(_a7_) * pow2(((pow2(cos((x + _a6_))) * _a5_) + _a2_))) * x);{'d0': {'_a2_': 1.8050482034673119, '_a5_': 2.008845944760416, '_a6_': 1.8830575040893505, '_a7_': 0.6676025516993525, '_a0_': 1.0, '_a1_': 1.0, '_a3_': 1.0, '_a4_': 1.0}};{'d0': 0.024057064828886733};-278.555921119013;43.428291366899074
38125;-95.8496691926076;((pow2(_a7_) * pow2(((pow2(cos((x + _a6_))) * _a5_) + _a2_))) * x);{'d0': {'_a2_': 1.8050482034673119, '_a5_': 2.008845944760416, '_a6_': 1.8830575040893505, '_a7_': 0.6676025516993525, '_a0_': 1.0, '_a1_': 1.0, '_a3_': 1.0, '_a4_': 1.0}};{'d0': 0.024057064828886733};-278.555921119013;43.428291366899074
38126;-95.6741749142112;(((_a6_ + _a6_) * pow2(((pow2(cos((x + _a6_))) * _a5_) + _a2_))) * x);{'d0': {'_a2_': 0.6209549426611484, '_a5_': 0.6910634386310329, '_a6_': 1.8830575040682531, '_a0_': 1.0, '_a1_': 1.0, '_a3_': 1.0, '_a4_': 1.0, '_a7_': 1.0}};{'d0': 0.024057064815324544};-282.650265715061;45.65095794331907
38127;-95.6741749142111;(((_a6_ + _a6_) * pow2(((pow2(cos((x + _a6_))) * _a1_) + _a2_))) * x);{'d0': {'_a1_': 0.6910634391258159, '_a2_': 0.6209549423606054, '_a6_': 1.883057504063384, '_a0_': 1.0, '_a3_': 1.0, '_a4_': 1.0, '_a5_': 1.0, '_a7_': 1.0}};{'d0': 0.024057064815324578};-282.650265715061;45.65095794331907
38128;-95.6741749142111;(((_a6_ + _a6_) * pow2(((pow2(cos((x + _a6_))) * _a1_) + _a2_))) * x);{'d0': {'_a1_': 0.6910634391258159, '_a2_': 0.6209549423606054, '_a6_': 1.883057504063384, '_a0_': 1.0, '_a3_': 1.0, '_a4_': 1.0, '_a5_': 1.0, '_a7_': 1.0}};{'d0': 0.024057064815324578};-282.650265715061;45.65095794331907
38129;-95.6741749142111;(((_a6_ + _a6_) * pow2(((pow2(cos((x + _a6_))) * _a1_) + _a2_))) * x);{'d0': {'_a1_': 0.6910634391258159, '_a2_': 0.6209549423606054, '_a6_': 1.883057504063384, '_a0_': 1.0, '_a3_': 1.0, '_a4_': 1.0, '_a5_': 1.0, '_a7_': 1.0}};{'d0': 0.024057064815324578};-282.650265715061;45.65095794331907
38130;-95.6741749142111;(((_a6_ + _a6_) * pow2(((pow2(cos((x + _a6_))) * _a1_) + _a2_))) * x);{'d0': {'_a1_': 0.6910634391258159, '_a2_': 0.6209549423606054, '_a6_': 1.883057504063384, '_a0_': 1.0, '_a3_': 1.0, '_a4_': 1.0, '_a5_': 1.0, '_a7_': 1.0}};{'d0': 0.024057064815324578};-282.650265715061;45.65095794331907
38131;-95.6741749142111;(((_a6_ + _a6_) * pow2(((pow2(cos((x + _a6_))) * _a1_) + _a2_))) * x);{'d0': {'_a1_': 0.6910634391258159, '_a2_': 0.6209549423606054, '_a6_': 1.883057504063384, '_a0_': 1.0, '_a3_': 1.0, '_a4_': 1.0, '_a5_': 1.0, '_a7_': 1.0}};{'d0': 0.024057064815324578};-282.650265715061;45.65095794331907
38132;-95.6741749142111;(((_a6_ + _a6_) * pow2(((pow2(cos((x + _a6_))) * _a1_) + _a2_))) * x);{'d0': {'_a1_': 0.6910634391258159, '_a2_': 0.6209549423606054, '_a6_': 1.883057504063384, '_a0_': 1.0, '_a3_': 1.0, '_a4_': 1.0, '_a5_': 1.0, '_a7_': 1.0}};{'d0': 0.024057064815324578};-282.650265715061;45.65095794331907
38133;-95.6741749142111;(((_a6_ + _a6_) * pow2(((pow2(cos((x + _a6_))) * _a1_) + _a2_))) * x);{'d0': {'_a1_': 0.6910634391258159, '_a2_': 0.6209549423606054, '_a6_': 1.883057504063384, '_a0_': 1.0, '_a3_': 1.0, '_a4_': 1.0, '_a5_': 1.0, '_a7_': 1.0}};{'d0': 0.024057064815324578};-282.650265715061;45.65095794331907
38134;-95.6741749142110;(((_a2_ + _a6_) * pow2(((pow2(cos((x + _a6_))) * _a1_) + _a2_))) * x);{'d0': {'_a1_': 0.8274985203351236, '_a2_': 0.7435486637450293, '_a6_': 1.883057504070966, '_a0_': 1.0, '_a3_': 1.0, '_a4_': 1.0, '_a5_': 1.0, '_a7_': 1.0}};{'d0': 0.024057064815324637};-282.650265715060;45.65095794331907
38135;-95.6741749142110;(((_a2_ + _a6_) * pow2(((pow2(cos((x + _a6_))) * _a1_) + _a2_))) * x);{'d0': {'_a1_': 0.8274985203351236, '_a2_': 0.7435486637450293, '_a6_': 1.883057504070966, '_a0_': 1.0, '_a3_': 1.0, '_a4_': 1.0, '_a5_': 1.0, '_a7_': 1.0}};{'d0': 0.024057064815324637};-282.650265715060;45.65095794331907
38136;-95.6741749142110;(((_a2_ + _a6_) * pow2(((pow2(cos((x + _a6_))) * _a1_) + _a2_))) * x);{'d0': {'_a1_': 0.8274985203351236, '_a2_': 0.7435486637450293, '_a6_': 1.883057504070966, '_a0_': 1.0, '_a3_': 1.0, '_a4_': 1.0, '_a5_': 1.0, '_a7_': 1.0}};{'d0': 0.024057064815324637};-282.650265715060;45.65095794331907
38137;-105.608355025257;(((pow2((x + (_a3_ + _a0_))) * -(_a5_)) + _a0_) * x);{'d0': {'_a0_': 1.4465760890076635, '_a3_': -1.1346463812193768, '_a5_': -3.376760879589806, '_a1_': 1.0, '_a2_': 1.0, '_a4_': 1.0, '_a6_': 1.0, '_a7_': 1.0}};{'d0': 0.024905832919416594};-280.569866449044;34.676578199264256
38138;-105.608355025257;(((pow2((x + (_a3_ + _a0_))) * -(_a5_)) + _a0_) * x);{'d0': {'_a0_': 1.4465760890076635, '_a3_': -1.1346463812193768, '_a5_': -3.376760879589806, '_a1_': 1.0, '_a2_': 1.0, '_a4_': 1.0, '_a6_': 1.0, '_a7_': 1.0}};{'d0': 0.024905832919416594};-280.569866449044;34.676578199264256
38139;-105.608355025257;(((pow2((x + (_a3_ + _a0_))) * -(_a5_)) + _a0_) * x);{'d0': {'_a0_': 1.4465760890076635, '_a3_': -1.1346463812193768, '_a5_': -3.376760879589806, '_a1_': 1.0, '_a2_': 1.0, '_a4_': 1.0, '_a6_': 1.0, '_a7_': 1.0}};{'d0': 0.024905832919416594};-280.569866449044;34.676578199264256
38140;-105.608355025257;(((pow2((x + (_a3_ + _a0_))) * -(_a5_)) + _a0_) * x);{'d0': {'_a0_': 1.4465760890076635, '_a3_': -1.1346463812193768, '_a5_': -3.376760879589806, '_a1_': 1.0, '_a2_': 1.0, '_a4_': 1.0, '_a6_': 1.0, '_a7_': 1.0}};{'d0': 0.024905832919416594};-280.569866449044;34.676578199264256
38141;-105.608355025257;(((pow2((x + (_a3_ + _a0_))) * -(_a5_)) + _a0_) * x);{'d0': {'_a0_': 1.4465760890076635, '_a3_': -1.1346463812193768, '_a5_': -3.376760879589806, '_a1_': 1.0, '_a2_': 1.0, '_a4_': 1.0, '_a6_': 1.0, '_a7_': 1.0}};{'d0': 0.024905832919416594};-280.569866449044;34.676578199264256
38142;-105.608355025257;(((pow2((x + (_a3_ + _a0_))) * -(_a5_)) + _a0_) * x);{'d0': {'_a0_': 1.4465760890076635, '_a3_': -1.1346463812193768, '_a5_': -3.376760879589806, '_a1_': 1.0, '_a2_': 1.0, '_a4_': 1.0, '_a6_': 1.0, '_a7_': 1.0}};{'d0': 0.024905832919416594};-280.569866449044;34.676578199264256
38143;-105.608355025257;(((pow2((x + (_a3_ + _a0_))) * -(_a5_)) + _a0_) * x);{'d0': {'_a0_': 1.4465760890076635, '_a3_': -1.1346463812193768, '_a5_': -3.376760879589806, '_a1_': 1.0, '_a2_': 1.0, '_a4_': 1.0, '_a6_': 1.0, '_a7_': 1.0}};{'d0': 0.024905832919416594};-280.569866449044;34.676578199264256
38144;-105.608355025257;(((pow2((x + (_a3_ + _a0_))) * -(_a5_)) + _a0_) * x);{'d0': {'_a0_': 1.4465760890076635, '_a3_': -1.1346463812193768, '_a5_': -3.376760879589806, '_a1_': 1.0, '_a2_': 1.0, '_a4_': 1.0, '_a6_': 1.0, '_a7_': 1.0}};{'d0': 0.024905832919416594};-280.569866449044;34.676578199264256
38145;-105.608355025257;(((pow2((x + (_a3_ + _a0_))) * -(_a5_)) + _a0_) * x);{'d0': {'_a0_': 1.4465760890076635, '_a3_': -1.1346463812193768, '_a5_': -3.376760879589806, '_a1_': 1.0, '_a2_': 1.0, '_a4_': 1.0, '_a6_': 1.0, '_a7_': 1.0}};{'d0': 0.024905832919416594};-280.569866449044;34.676578199264256
38146;-105.608355025257;(((pow2((x + (_a3_ + _a0_))) * -(_a5_)) + _a0_) * x);{'d0': {'_a0_': 1.4465760890076635, '_a3_': -1.1346463812193768, '_a5_': -3.376760879589806, '_a1_': 1.0, '_a2_': 1.0, '_a4_': 1.0, '_a6_': 1.0, '_a7_': 1.0}};{'d0': 0.024905832919416594};-280.569866449044;34.676578199264256
38147;-105.608355025257;(((pow2((x + (_a3_ + _a0_))) * -(_a5_)) + _a0_) * x);{'d0': {'_a0_': 1.4465760890076635, '_a3_': -1.1346463812193768, '_a5_': -3.376760879589806, '_a1_': 1.0, '_a2_': 1.0, '_a4_': 1.0, '_a6_': 1.0, '_a7_': 1.0}};{'d0': 0.024905832919416594};-280.569866449044;34.676578199264256
38148;-105.608355025257;(((pow2((x + (_a3_ + _a0_))) * -(_a5_)) + _a0_) * x);{'d0': {'_a0_': 1.4465760890076635, '_a3_': -1.1346463812193768, '_a5_': -3.376760879589806, '_a1_': 1.0, '_a2_': 1.0, '_a4_': 1.0, '_a6_': 1.0, '_a7_': 1.0}};{'d0': 0.024905832919416594};-280.569866449044;34.676578199264256
38149;-105.608355025257;(((pow2((x + (_a3_ + _a0_))) * -(_a5_)) + _a0_) * x);{'d0': {'_a0_': 1.4465760890076635, '_a3_': -1.1346463812193768, '_a5_': -3.376760879589806, '_a1_': 1.0, '_a2_': 1.0, '_a4_': 1.0, '_a6_': 1.0, '_a7_': 1.0}};{'d0': 0.024905832919416594};-280.569866449044;34.676578199264256
38150;-105.608355025257;(((pow2((x + (_a3_ + _a0_))) * -(_a5_)) + _a0_) * x);{'d0': {'_a0_': 1.4465760890076635, '_a3_': -1.1346463812193768, '_a5_': -3.376760879589806, '_a1_': 1.0, '_a2_': 1.0, '_a4_': 1.0, '_a6_': 1.0, '_a7_': 1.0}};{'d0': 0.024905832919416594};-280.569866449044;34.676578199264256
38151;-105.608355025257;(((pow2((x + (_a3_ + _a0_))) * -(_a5_)) + _a0_) * x);{'d0': {'_a0_': 1.4465760890076635, '_a3_': -1.1346463812193768, '_a5_': -3.376760879589806, '_a1_': 1.0, '_a2_': 1.0, '_a4_': 1.0, '_a6_': 1.0, '_a7_': 1.0}};{'d0': 0.024905832919416594};-280.569866449044;34.676578199264256
38152;-105.608355025257;(((pow2((x + (_a3_ + _a0_))) * -(_a5_)) + _a0_) * x);{'d0': {'_a0_': 1.4465760890076635, '_a3_': -1.1346463812193768, '_a5_': -3.376760879589806, '_a1_': 1.0, '_a2_': 1.0, '_a4_': 1.0, '_a6_': 1.0, '_a7_': 1.0}};{'d0': 0.024905832919416594};-280.569866449044;34.676578199264256
38153;-105.608355025257;(((pow2((x + (_a3_ + _a0_))) * -(_a5_)) + _a0_) * x);{'d0': {'_a0_': 1.4465760890076635, '_a3_': -1.1346463812193768, '_a5_': -3.376760879589806, '_a1_': 1.0, '_a2_': 1.0, '_a4_': 1.0, '_a6_': 1.0, '_a7_': 1.0}};{'d0': 0.024905832919416594};-280.569866449044;34.676578199264256
38154;-105.608355025257;(((pow2((x + (_a3_ + _a0_))) * -(_a5_)) + _a0_) * x);{'d0': {'_a0_': 1.4465760890076635, '_a3_': -1.1346463812193768, '_a5_': -3.376760879589806, '_a1_': 1.0, '_a2_': 1.0, '_a4_': 1.0, '_a6_': 1.0, '_a7_': 1.0}};{'d0': 0.024905832919416594};-280.569866449044;34.676578199264256
38155;-105.608355025257;(((pow2((x + (_a3_ + _a0_))) * -(_a5_)) + _a0_) * x);{'d0': {'_a0_': 1.4465760890076635, '_a3_': -1.1346463812193768, '_a5_': -3.376760879589806, '_a1_': 1.0, '_a2_': 1.0, '_a4_': 1.0, '_a6_': 1.0, '_a7_': 1.0}};{'d0': 0.024905832919416594};-280.569866449044;34.676578199264256
38156;-105.608355025257;(((pow2((x + (_a3_ + _a0_))) * -(_a5_)) + _a0_) * x);{'d0': {'_a0_': 1.4465760890076635, '_a3_': -1.1346463812193768, '_a5_': -3.376760879589806, '_a1_': 1.0, '_a2_': 1.0, '_a4_': 1.0, '_a6_': 1.0, '_a7_': 1.0}};{'d0': 0.024905832919416594};-280.569866449044;34.676578199264256
38157;-105.608355025257;(((pow2((x + (_a3_ + _a0_))) * -(_a5_)) + _a0_) * x);{'d0': {'_a0_': 1.4465760890076635, '_a3_': -1.1346463812193768, '_a5_': -3.376760879589806, '_a1_': 1.0, '_a2_': 1.0, '_a4_': 1.0, '_a6_': 1.0, '_a7_': 1.0}};{'d0': 0.024905832919416594};-280.569866449044;34.676578199264256
38158;-101.440838107691;((_a6_ + (((_a4_ + x) / (pow2(_a7_) + _a0_)) * x)) * x);{'d0': {'_a0_': -3229.2575924858434, '_a4_': 0.6238594155568943, '_a6_': 1.7751354042530696, '_a7_': 56.82916270530437, '_a1_': 1.0, '_a2_': 1.0, '_a3_': 1.0, '_a5_': 1.0}};{'d0': 0.024905832944582557};-276.475521826195;36.79692280540644
38159;-101.440838107691;((_a6_ + (((_a4_ + x) / (pow2(_a7_) + _a0_)) * x)) * x);{'d0': {'_a0_': -3229.2575924858434, '_a4_': 0.6238594155568943, '_a6_': 1.7751354042530696, '_a7_': 56.82916270530437, '_a1_': 1.0, '_a2_': 1.0, '_a3_': 1.0, '_a5_': 1.0}};{'d0': 0.024905832944582557};-276.475521826195;36.79692280540644
38160;-101.440838107691;((_a6_ + (((_a4_ + x) / (pow2(_a7_) + _a0_)) * x)) * x);{'d0': {'_a0_': -3229.2575924858434, '_a4_': 0.6238594155568943, '_a6_': 1.7751354042530696, '_a7_': 56.82916270530437, '_a1_': 1.0, '_a2_': 1.0, '_a3_': 1.0, '_a5_': 1.0}};{'d0': 0.024905832944582557};-276.475521826195;36.79692280540644
38161;-101.440838107691;((_a6_ + (((_a4_ + x) / (pow2(_a7_) + _a0_)) * x)) * x);{'d0': {'_a0_': -3229.2575924858434, '_a4_': 0.6238594155568943, '_a6_': 1.7751354042530696, '_a7_': 56.82916270530437, '_a1_': 1.0, '_a2_': 1.0, '_a3_': 1.0, '_a5_': 1.0}};{'d0': 0.024905832944582557};-276.475521826195;36.79692280540644
38162;-101.440838107691;((_a6_ + (((_a4_ + x) / (pow2(_a7_) + _a0_)) * x)) * x);{'d0': {'_a0_': -3229.2575924858434, '_a4_': 0.6238594155568943, '_a6_': 1.7751354042530696, '_a7_': 56.82916270530437, '_a1_': 1.0, '_a2_': 1.0, '_a3_': 1.0, '_a5_': 1.0}};{'d0': 0.024905832944582557};-276.475521826195;36.79692280540644
38163;-101.440838107691;((_a6_ + (((_a4_ + x) / (pow2(_a7_) + _a0_)) * x)) * x);{'d0': {'_a0_': -3229.2575924858434, '_a4_': 0.6238594155568943, '_a6_': 1.7751354042530696, '_a7_': 56.82916270530437, '_a1_': 1.0, '_a2_': 1.0, '_a3_': 1.0, '_a5_': 1.0}};{'d0': 0.024905832944582557};-276.475521826195;36.79692280540644
38164;-101.440838107691;((_a6_ + (((_a4_ + x) / (pow2(_a7_) + _a0_)) * x)) * x);{'d0': {'_a0_': -3229.2575924858434, '_a4_': 0.6238594155568943, '_a6_': 1.7751354042530696, '_a7_': 56.82916270530437, '_a1_': 1.0, '_a2_': 1.0, '_a3_': 1.0, '_a5_': 1.0}};{'d0': 0.024905832944582557};-276.475521826195;36.79692280540644
38165;-101.440838107691;((_a6_ + (((_a4_ + x) / (pow2(_a7_) + _a0_)) * x)) * x);{'d0': {'_a0_': -3229.2575924858434, '_a4_': 0.6238594155568943, '_a6_': 1.7751354042530696, '_a7_': 56.82916270530437, '_a1_': 1.0, '_a2_': 1.0, '_a3_': 1.0, '_a5_': 1.0}};{'d0': 0.024905832944582557};-276.475521826195;36.79692280540644
38166;-101.440838107691;((_a6_ + (((_a4_ + x) / (pow2(_a7_) + _a0_)) * x)) * x);{'d0': {'_a0_': -3229.2575924858434, '_a4_': 0.6238594155568943, '_a6_': 1.7751354042530696, '_a7_': 56.82916270530437, '_a1_': 1.0, '_a2_': 1.0, '_a3_': 1.0, '_a5_': 1.0}};{'d0': 0.024905832944582557};-276.475521826195;36.79692280540644
38167;-101.440838107691;((_a6_ + (((_a4_ + x) / (pow2(_a7_) + _a0_)) * x)) * x);{'d0': {'_a0_': -3229.2575924858434, '_a4_': 0.6238594155568943, '_a6_': 1.7751354042530696, '_a7_': 56.82916270530437, '_a1_': 1.0, '_a2_': 1.0, '_a3_': 1.0, '_a5_': 1.0}};{'d0': 0.024905832944582557};-276.475521826195;36.79692280540644
38168;-101.440838107691;((_a6_ + (((_a4_ + x) / (pow2(_a7_) + _a0_)) * x)) * x);{'d0': {'_a0_': -3229.2575924858434, '_a4_': 0.6238594155568943, '_a6_': 1.7751354042530696, '_a7_': 56.82916270530437, '_a1_': 1.0, '_a2_': 1.0, '_a3_': 1.0, '_a5_': 1.0}};{'d0': 0.024905832944582557};-276.475521826195;36.79692280540644
38169;-101.440838107691;((_a6_ + (((_a4_ + x) / (pow2(_a7_) + _a0_)) * x)) * x);{'d0': {'_a0_': -3229.2575924858434, '_a4_': 0.6238594155568943, '_a6_': 1.7751354042530696, '_a7_': 56.82916270530437, '_a1_': 1.0, '_a2_': 1.0, '_a3_': 1.0, '_a5_': 1.0}};{'d0': 0.024905832944582557};-276.475521826195;36.79692280540644
38170;-101.440838107691;((_a6_ + (((_a4_ + x) / (pow2(_a7_) + _a0_)) * x)) * x);{'d0': {'_a0_': -3229.2575924858434, '_a4_': 0.6238594155568943, '_a6_': 1.7751354042530696, '_a7_': 56.82916270530437, '_a1_': 1.0, '_a2_': 1.0, '_a3_': 1.0, '_a5_': 1.0}};{'d0': 0.024905832944582557};-276.475521826195;36.79692280540644
38171;-101.440838107691;((_a6_ + (((_a4_ + x) / (pow2(_a7_) + _a0_)) * x)) * x);{'d0': {'_a0_': -3229.2575924858434, '_a4_': 0.6238594155568943, '_a6_': 1.7751354042530696, '_a7_': 56.82916270530437, '_a1_': 1.0, '_a2_': 1.0, '_a3_': 1.0, '_a5_': 1.0}};{'d0': 0.024905832944582557};-276.475521826195;36.79692280540644
38172;-101.440838107691;((_a6_ + (((_a4_ + x) / (pow2(_a7_) + _a0_)) * x)) * x);{'d0': {'_a0_': -3229.2575924858434, '_a4_': 0.6238594155568943, '_a6_': 1.7751354042530696, '_a7_': 56.82916270530437, '_a1_': 1.0, '_a2_': 1.0, '_a3_': 1.0, '_a5_': 1.0}};{'d0': 0.024905832944582557};-276.475521826195;36.79692280540644
38173;-101.440838107691;((_a6_ + (((_a4_ + x) / (pow2(_a7_) + _a0_)) * x)) * x);{'d0': {'_a0_': -3229.2575924858434, '_a4_': 0.6238594155568943, '_a6_': 1.7751354042530696, '_a7_': 56.82916270530437, '_a1_': 1.0, '_a2_': 1.0, '_a3_': 1.0, '_a5_': 1.0}};{'d0': 0.024905832944582557};-276.475521826195;36.79692280540644
38174;-101.440838107691;((_a6_ + (((_a4_ + x) / (pow2(_a7_) + _a0_)) * x)) * x);{'d0': {'_a0_': -3229.2575924858434, '_a4_': 0.6238594155568943, '_a6_': 1.7751354042530696, '_a7_': 56.82916270530437, '_a1_': 1.0, '_a2_': 1.0, '_a3_': 1.0, '_a5_': 1.0}};{'d0': 0.024905832944582557};-276.475521826195;36.79692280540644
38175;-101.440838107691;((_a6_ + (((_a4_ + x) / (pow2(_a7_) + _a0_)) * x)) * x);{'d0': {'_a0_': -3229.2575924858434, '_a4_': 0.6238594155568943, '_a6_': 1.7751354042530696, '_a7_': 56.82916270530437, '_a1_': 1.0, '_a2_': 1.0, '_a3_': 1.0, '_a5_': 1.0}};{'d0': 0.024905832944582557};-276.475521826195;36.79692280540644
38176;-101.440838107691;((_a6_ + (((_a4_ + x) / (pow2(_a7_) + _a0_)) * x)) * x);{'d0': {'_a0_': -3229.2575924858434, '_a4_': 0.6238594155568943, '_a6_': 1.7751354042530696, '_a7_': 56.82916270530437, '_a1_': 1.0, '_a2_': 1.0, '_a3_': 1.0, '_a5_': 1.0}};{'d0': 0.024905832944582557};-276.475521826195;36.79692280540644
38177;-101.440838107691;((_a6_ + (((_a4_ + x) / (pow2(_a7_) + _a0_)) * x)) * x);{'d0': {'_a0_': -3229.2575924858434, '_a4_': 0.6238594155568943, '_a6_': 1.7751354042530696, '_a7_': 56.82916270530437, '_a1_': 1.0, '_a2_': 1.0, '_a3_': 1.0, '_a5_': 1.0}};{'d0': 0.024905832944582557};-276.475521826195;36.79692280540644
38178;-101.440838107691;((_a6_ + (((_a4_ + x) / (pow2(_a7_) + _a0_)) * x)) * x);{'d0': {'_a0_': -3229.2575924858434, '_a4_': 0.6238594155568943, '_a6_': 1.7751354042530696, '_a7_': 56.82916270530437, '_a1_': 1.0, '_a2_': 1.0, '_a3_': 1.0, '_a5_': 1.0}};{'d0': 0.024905832944582557};-276.475521826195;36.79692280540644
38179;-101.440838107691;((_a6_ + (((_a4_ + x) / (pow2(_a7_) + _a0_)) * x)) * x);{'d0': {'_a0_': -3229.2575924858434, '_a4_': 0.6238594155568943, '_a6_': 1.7751354042530696, '_a7_': 56.82916270530437, '_a1_': 1.0, '_a2_': 1.0, '_a3_': 1.0, '_a5_': 1.0}};{'d0': 0.024905832944582557};-276.475521826195;36.79692280540644
38180;-101.440838107691;((_a6_ + (((_a4_ + x) / (pow2(_a7_) + _a0_)) * x)) * x);{'d0': {'_a0_': -3229.2575924858434, '_a4_': 0.6238594155568943, '_a6_': 1.7751354042530696, '_a7_': 56.82916270530437, '_a1_': 1.0, '_a2_': 1.0, '_a3_': 1.0, '_a5_': 1.0}};{'d0': 0.024905832944582557};-276.475521826195;36.79692280540644
38181;-101.440838107691;((_a6_ + (((_a4_ + x) / (pow2(_a7_) + _a0_)) * x)) * x);{'d0': {'_a0_': -3229.2575924858434, '_a4_': 0.6238594155568943, '_a6_': 1.7751354042530696, '_a7_': 56.82916270530437, '_a1_': 1.0, '_a2_': 1.0, '_a3_': 1.0, '_a5_': 1.0}};{'d0': 0.024905832944582557};-276.475521826195;36.79692280540644
38182;-101.440838107691;((_a6_ + (((_a4_ + x) / (pow2(_a7_) + _a0_)) * x)) * x);{'d0': {'_a0_': -3229.2575924858434, '_a4_': 0.6238594155568943, '_a6_': 1.7751354042530696, '_a7_': 56.82916270530437, '_a1_': 1.0, '_a2_': 1.0, '_a3_': 1.0, '_a5_': 1.0}};{'d0': 0.024905832944582557};-276.475521826195;36.79692280540644
38183;-101.440838107691;((_a6_ + (((_a4_ + x) / (pow2(_a7_) + _a0_)) * x)) * x);{'d0': {'_a0_': -3229.2575924858434, '_a4_': 0.6238594155568943, '_a6_': 1.7751354042530696, '_a7_': 56.82916270530437, '_a1_': 1.0, '_a2_': 1.0, '_a3_': 1.0, '_a5_': 1.0}};{'d0': 0.024905832944582557};-276.475521826195;36.79692280540644
38184;-101.440838107691;((_a6_ + (((_a4_ + x) / (pow2(_a7_) + _a0_)) * x)) * x);{'d0': {'_a0_': -3229.2575924858434, '_a4_': 0.6238594155568943, '_a6_': 1.7751354042530696, '_a7_': 56.82916270530437, '_a1_': 1.0, '_a2_': 1.0, '_a3_': 1.0, '_a5_': 1.0}};{'d0': 0.024905832944582557};-276.475521826195;36.79692280540644
38185;-101.440838107691;((_a6_ + (((_a4_ + x) / (pow2(_a7_) + _a0_)) * x)) * x);{'d0': {'_a0_': -3229.2575924858434, '_a4_': 0.6238594155568943, '_a6_': 1.7751354042530696, '_a7_': 56.82916270530437, '_a1_': 1.0, '_a2_': 1.0, '_a3_': 1.0, '_a5_': 1.0}};{'d0': 0.024905832944582557};-276.475521826195;36.79692280540644
38186;-101.440838107691;((_a6_ + (((_a4_ + x) / (pow2(_a7_) + _a0_)) * x)) * x);{'d0': {'_a0_': -3229.2575924858434, '_a4_': 0.6238594155568943, '_a6_': 1.7751354042530696, '_a7_': 56.82916270530437, '_a1_': 1.0, '_a2_': 1.0, '_a3_': 1.0, '_a5_': 1.0}};{'d0': 0.024905832944582557};-276.475521826195;36.79692280540644
38187;-101.440838107691;((_a6_ + (((_a4_ + x) / (pow2(_a7_) + _a0_)) * x)) * x);{'d0': {'_a0_': -3229.2575924858434, '_a4_': 0.6238594155568943, '_a6_': 1.7751354042530696, '_a7_': 56.82916270530437, '_a1_': 1.0, '_a2_': 1.0, '_a3_': 1.0, '_a5_': 1.0}};{'d0': 0.024905832944582557};-276.475521826195;36.79692280540644
38188;-101.440838107691;((_a6_ + (((_a4_ + x) / (pow2(_a7_) + _a0_)) * x)) * x);{'d0': {'_a0_': -3229.2575924858434, '_a4_': 0.6238594155568943, '_a6_': 1.7751354042530696, '_a7_': 56.82916270530437, '_a1_': 1.0, '_a2_': 1.0, '_a3_': 1.0, '_a5_': 1.0}};{'d0': 0.024905832944582557};-276.475521826195;36.79692280540644
38189;-101.440838107691;((_a6_ + (((_a4_ + x) / (pow2(_a7_) + _a0_)) * x)) * x);{'d0': {'_a0_': -3229.2575924858434, '_a4_': 0.6238594155568943, '_a6_': 1.7751354042530696, '_a7_': 56.82916270530437, '_a1_': 1.0, '_a2_': 1.0, '_a3_': 1.0, '_a5_': 1.0}};{'d0': 0.024905832944582557};-276.475521826195;36.79692280540644
38190;-101.440838107691;((_a6_ + (((_a4_ + x) / (pow2(_a7_) + _a0_)) * x)) * x);{'d0': {'_a0_': -3229.2575924858434, '_a4_': 0.6238594155568943, '_a6_': 1.7751354042530696, '_a7_': 56.82916270530437, '_a1_': 1.0, '_a2_': 1.0, '_a3_': 1.0, '_a5_': 1.0}};{'d0': 0.024905832944582557};-276.475521826195;36.79692280540644
38191;-101.440838107691;((_a6_ + (((_a4_ + x) / (pow2(_a7_) + _a0_)) * x)) * x);{'d0': {'_a0_': -3229.2575924858434, '_a4_': 0.6238594155568943, '_a6_': 1.7751354042530696, '_a7_': 56.82916270530437, '_a1_': 1.0, '_a2_': 1.0, '_a3_': 1.0, '_a5_': 1.0}};{'d0': 0.024905832944582557};-276.475521826195;36.79692280540644
38192;-101.440838107691;((_a6_ + (((_a4_ + x) / (pow2(_a7_) + _a0_)) * x)) * x);{'d0': {'_a0_': -3229.2575924858434, '_a4_': 0.6238594155568943, '_a6_': 1.7751354042530696, '_a7_': 56.82916270530437, '_a1_': 1.0, '_a2_': 1.0, '_a3_': 1.0, '_a5_': 1.0}};{'d0': 0.024905832944582557};-276.475521826195;36.79692280540644
38193;-101.440838107691;((_a6_ + (((_a4_ + x) / (pow2(_a7_) + _a0_)) * x)) * x);{'d0': {'_a0_': -3229.2575924858434, '_a4_': 0.6238594155568943, '_a6_': 1.7751354042530696, '_a7_': 56.82916270530437, '_a1_': 1.0, '_a2_': 1.0, '_a3_': 1.0, '_a5_': 1.0}};{'d0': 0.024905832944582557};-276.475521826195;36.79692280540644
38194;-101.440838107691;((_a6_ + (((_a4_ + x) / (pow2(_a7_) + _a0_)) * x)) * x);{'d0': {'_a0_': -3229.2575924858434, '_a4_': 0.6238594155568943, '_a6_': 1.7751354042530696, '_a7_': 56.82916270530437, '_a1_': 1.0, '_a2_': 1.0, '_a3_': 1.0, '_a5_': 1.0}};{'d0': 0.024905832944582557};-276.475521826195;36.79692280540644
38195;-101.440838107691;((_a6_ + (((_a4_ + x) / (pow2(_a7_) + _a0_)) * x)) * x);{'d0': {'_a0_': -3229.2575924858434, '_a4_': 0.6238594155568943, '_a6_': 1.7751354042530696, '_a7_': 56.82916270530437, '_a1_': 1.0, '_a2_': 1.0, '_a3_': 1.0, '_a5_': 1.0}};{'d0': 0.024905832944582557};-276.475521826195;36.79692280540644
38196;-101.440838107691;((_a6_ + (((_a4_ + x) / (pow2(_a7_) + _a0_)) * x)) * x);{'d0': {'_a0_': -3229.2575924858434, '_a4_': 0.6238594155568943, '_a6_': 1.7751354042530696, '_a7_': 56.82916270530437, '_a1_': 1.0, '_a2_': 1.0, '_a3_': 1.0, '_a5_': 1.0}};{'d0': 0.024905832944582557};-276.475521826195;36.79692280540644
38197;-101.440838107691;((_a6_ + (((_a4_ + x) / (pow2(_a7_) + _a0_)) * x)) * x);{'d0': {'_a0_': -3229.2575924858434, '_a4_': 0.6238594155568943, '_a6_': 1.7751354042530696, '_a7_': 56.82916270530437, '_a1_': 1.0, '_a2_': 1.0, '_a3_': 1.0, '_a5_': 1.0}};{'d0': 0.024905832944582557};-276.475521826195;36.79692280540644
38198;-101.440838107691;((_a6_ + (((_a4_ + x) / (pow2(_a7_) + _a0_)) * x)) * x);{'d0': {'_a0_': -3229.2575924858434, '_a4_': 0.6238594155568943, '_a6_': 1.7751354042530696, '_a7_': 56.82916270530437, '_a1_': 1.0, '_a2_': 1.0, '_a3_': 1.0, '_a5_': 1.0}};{'d0': 0.024905832944582557};-276.475521826195;36.79692280540644
38199;-101.440838107691;((_a6_ + (((_a4_ + x) / (pow2(_a7_) + _a0_)) * x)) * x);{'d0': {'_a0_': -3229.2575924858434, '_a4_': 0.6238594155568943, '_a6_': 1.7751354042530696, '_a7_': 56.82916270530437, '_a1_': 1.0, '_a2_': 1.0, '_a3_': 1.0, '_a5_': 1.0}};{'d0': 0.024905832944582557};-276.475521826195;36.79692280540644
38200;-101.440838107691;((_a6_ + (((_a4_ + x) / (pow2(_a7_) + _a0_)) * x)) * x);{'d0': {'_a0_': -3229.2575924858434, '_a4_': 0.6238594155568943, '_a6_': 1.7751354042530696, '_a7_': 56.82916270530437, '_a1_': 1.0, '_a2_': 1.0, '_a3_': 1.0, '_a5_': 1.0}};{'d0': 0.024905832944582557};-276.475521826195;36.79692280540644
38201;-101.440838107691;((_a6_ + (((_a4_ + x) / (pow2(_a7_) + _a0_)) * x)) * x);{'d0': {'_a0_': -3229.2575924858434, '_a4_': 0.6238594155568943, '_a6_': 1.7751354042530696, '_a7_': 56.82916270530437, '_a1_': 1.0, '_a2_': 1.0, '_a3_': 1.0, '_a5_': 1.0}};{'d0': 0.024905832944582557};-276.475521826195;36.79692280540644
38202;-101.440838107691;((_a6_ + (((_a4_ + x) / (pow2(_a7_) + _a0_)) * x)) * x);{'d0': {'_a0_': -3229.2575924858434, '_a4_': 0.6238594155568943, '_a6_': 1.7751354042530696, '_a7_': 56.82916270530437, '_a1_': 1.0, '_a2_': 1.0, '_a3_': 1.0, '_a5_': 1.0}};{'d0': 0.024905832944582557};-276.475521826195;36.79692280540644
38203;-101.440838107691;((_a6_ + (((_a4_ + x) / (pow2(_a7_) + _a0_)) * x)) * x);{'d0': {'_a0_': -3229.2575924858434, '_a4_': 0.6238594155568943, '_a6_': 1.7751354042530696, '_a7_': 56.82916270530437, '_a1_': 1.0, '_a2_': 1.0, '_a3_': 1.0, '_a5_': 1.0}};{'d0': 0.024905832944582557};-276.475521826195;36.79692280540644
38204;-105.608355025257;(((pow2((x + (_a3_ + _a0_))) * -(_a5_)) + _a0_) * x);{'d0': {'_a0_': 1.4465760890076635, '_a3_': -1.1346463812193768, '_a5_': -3.376760879589806, '_a1_': 1.0, '_a2_': 1.0, '_a4_': 1.0, '_a6_': 1.0, '_a7_': 1.0}};{'d0': 0.024905832919416594};-280.569866449044;34.676578199264256
38205;-105.608355025257;(((pow2((x + (_a3_ + _a0_))) * -(_a5_)) + _a0_) * x);{'d0': {'_a0_': 1.4465760890076635, '_a3_': -1.1346463812193768, '_a5_': -3.376760879589806, '_a1_': 1.0, '_a2_': 1.0, '_a4_': 1.0, '_a6_': 1.0, '_a7_': 1.0}};{'d0': 0.024905832919416594};-280.569866449044;34.676578199264256
38206;-105.608355025257;(((pow2((x + (_a3_ + _a0_))) * -(_a5_)) + _a0_) * x);{'d0': {'_a0_': 1.4465760890076635, '_a3_': -1.1346463812193768, '_a5_': -3.376760879589806, '_a1_': 1.0, '_a2_': 1.0, '_a4_': 1.0, '_a6_': 1.0, '_a7_': 1.0}};{'d0': 0.024905832919416594};-280.569866449044;34.676578199264256
38207;-101.927902786996;(((pow2((x + (_a3_ + -(_a0_)))) * -(_a5_)) + _a0_) * x);{'d0': {'_a0_': 1.4465760883529013, '_a3_': 1.7585057960846946, '_a5_': -3.3767608810032974, '_a1_': 1.0, '_a2_': 1.0, '_a4_': 1.0, '_a6_': 1.0, '_a7_': 1.0}};{'d0': 0.0249058329194166};-280.569866449044;38.357030437525424
38208;-101.927902786996;(((pow2((x + (_a3_ + -(_a0_)))) * -(_a5_)) + _a0_) * x);{'d0': {'_a0_': 1.4465760883529013, '_a3_': 1.7585057960846946, '_a5_': -3.3767608810032974, '_a1_': 1.0, '_a2_': 1.0, '_a4_': 1.0, '_a6_': 1.0, '_a7_': 1.0}};{'d0': 0.0249058329194166};-280.569866449044;38.357030437525424
38209;-101.927902786996;(((pow2((x + (_a3_ + -(_a0_)))) * -(_a5_)) + _a0_) * x);{'d0': {'_a0_': 1.4465760883529013, '_a3_': 1.7585057960846946, '_a5_': -3.3767608810032974, '_a1_': 1.0, '_a2_': 1.0, '_a4_': 1.0, '_a6_': 1.0, '_a7_': 1.0}};{'d0': 0.0249058329194166};-280.569866449044;38.357030437525424
38210;-101.927902786996;(((pow2((x + (_a3_ + -(_a0_)))) * -(_a5_)) + _a0_) * x);{'d0': {'_a0_': 1.4465760883529013, '_a3_': 1.7585057960846946, '_a5_': -3.3767608810032974, '_a1_': 1.0, '_a2_': 1.0, '_a4_': 1.0, '_a6_': 1.0, '_a7_': 1.0}};{'d0': 0.0249058329194166};-280.569866449044;38.357030437525424
38211;-101.927902786996;(((pow2((x + (_a3_ + -(_a0_)))) * -(_a5_)) + _a0_) * x);{'d0': {'_a0_': 1.4465760883529013, '_a3_': 1.7585057960846946, '_a5_': -3.3767608810032974, '_a1_': 1.0, '_a2_': 1.0, '_a4_': 1.0, '_a6_': 1.0, '_a7_': 1.0}};{'d0': 0.0249058329194166};-280.569866449044;38.357030437525424
38212;-101.927902786996;(((pow2((x + (_a3_ + -(_a0_)))) * -(_a5_)) + _a0_) * x);{'d0': {'_a0_': 1.4465760883529013, '_a3_': 1.7585057960846946, '_a5_': -3.3767608810032974, '_a1_': 1.0, '_a2_': 1.0, '_a4_': 1.0, '_a6_': 1.0, '_a7_': 1.0}};{'d0': 0.0249058329194166};-280.569866449044;38.357030437525424
38213;-101.927902786996;(((pow2((x + (_a3_ + -(_a0_)))) * -(_a5_)) + _a0_) * x);{'d0': {'_a0_': 1.4465760883529013, '_a3_': 1.7585057960846946, '_a5_': -3.3767608810032974, '_a1_': 1.0, '_a2_': 1.0, '_a4_': 1.0, '_a6_': 1.0, '_a7_': 1.0}};{'d0': 0.0249058329194166};-280.569866449044;38.357030437525424
38214;-101.927902786996;(((pow2((x + (_a3_ + -(_a0_)))) * -(_a5_)) + _a0_) * x);{'d0': {'_a0_': 1.4465760883529013, '_a3_': 1.7585057960846946, '_a5_': -3.3767608810032974, '_a1_': 1.0, '_a2_': 1.0, '_a4_': 1.0, '_a6_': 1.0, '_a7_': 1.0}};{'d0': 0.0249058329194166};-280.569866449044;38.357030437525424
38215;-101.927902786996;(((pow2((x + (_a3_ + -(_a0_)))) * -(_a5_)) + _a0_) * x);{'d0': {'_a0_': 1.4465760883529013, '_a3_': 1.7585057960846946, '_a5_': -3.3767608810032974, '_a1_': 1.0, '_a2_': 1.0, '_a4_': 1.0, '_a6_': 1.0, '_a7_': 1.0}};{'d0': 0.0249058329194166};-280.569866449044;38.357030437525424
38216;-101.927902786996;(((pow2((x + (_a3_ + -(_a0_)))) * -(_a5_)) + _a0_) * x);{'d0': {'_a0_': 1.4465760883529013, '_a3_': 1.7585057960846946, '_a5_': -3.3767608810032974, '_a1_': 1.0, '_a2_': 1.0, '_a4_': 1.0, '_a6_': 1.0, '_a7_': 1.0}};{'d0': 0.0249058329194166};-280.569866449044;38.357030437525424
38217;-101.927902786996;(((pow2((x + (_a3_ + -(_a0_)))) * -(_a5_)) + _a0_) * x);{'d0': {'_a0_': 1.4465760883529013, '_a3_': 1.7585057960846946, '_a5_': -3.3767608810032974, '_a1_': 1.0, '_a2_': 1.0, '_a4_': 1.0, '_a6_': 1.0, '_a7_': 1.0}};{'d0': 0.0249058329194166};-280.569866449044;38.357030437525424
38218;-101.927902786996;(((pow2((x + (_a3_ + -(_a0_)))) * -(_a5_)) + _a0_) * x);{'d0': {'_a0_': 1.4465760883529013, '_a3_': 1.7585057960846946, '_a5_': -3.3767608810032974, '_a1_': 1.0, '_a2_': 1.0, '_a4_': 1.0, '_a6_': 1.0, '_a7_': 1.0}};{'d0': 0.0249058329194166};-280.569866449044;38.357030437525424
38219;-101.927902786996;(((pow2((x + (_a3_ + -(_a0_)))) * -(_a5_)) + _a3_) * x);{'d0': {'_a0_': 1.1346463816521486, '_a3_': 1.4465760894396467, '_a5_': -3.376760878032905, '_a1_': 1.0, '_a2_': 1.0, '_a4_': 1.0, '_a6_': 1.0, '_a7_': 1.0}};{'d0': 0.024905832919416625};-280.569866449044;38.357030437525424
38220;-101.927902786996;(((pow2((x + (_a3_ + -(_a0_)))) * -(_a5_)) + _a3_) * x);{'d0': {'_a0_': 1.1346463816521486, '_a3_': 1.4465760894396467, '_a5_': -3.376760878032905, '_a1_': 1.0, '_a2_': 1.0, '_a4_': 1.0, '_a6_': 1.0, '_a7_': 1.0}};{'d0': 0.024905832919416625};-280.569866449044;38.357030437525424
38221;-101.927902786996;(((pow2((x + (_a3_ + -(_a0_)))) * -(_a5_)) + _a3_) * x);{'d0': {'_a0_': 1.1346463816521486, '_a3_': 1.4465760894396467, '_a5_': -3.376760878032905, '_a1_': 1.0, '_a2_': 1.0, '_a4_': 1.0, '_a6_': 1.0, '_a7_': 1.0}};{'d0': 0.024905832919416625};-280.569866449044;38.357030437525424
38222;-101.927902786996;(((pow2((x + (_a3_ + -(_a0_)))) * -(_a5_)) + _a3_) * x);{'d0': {'_a0_': 1.1346463816521486, '_a3_': 1.4465760894396467, '_a5_': -3.376760878032905, '_a1_': 1.0, '_a2_': 1.0, '_a4_': 1.0, '_a6_': 1.0, '_a7_': 1.0}};{'d0': 0.024905832919416625};-280.569866449044;38.357030437525424
38223;-101.927902786996;(((pow2((x + (_a3_ + -(_a0_)))) * -(_a5_)) + _a3_) * x);{'d0': {'_a0_': 1.1346463816521486, '_a3_': 1.4465760894396467, '_a5_': -3.376760878032905, '_a1_': 1.0, '_a2_': 1.0, '_a4_': 1.0, '_a6_': 1.0, '_a7_': 1.0}};{'d0': 0.024905832919416625};-280.569866449044;38.357030437525424
38224;-101.927902786996;(((pow2((x + (_a3_ + -(_a0_)))) * -(_a5_)) + _a3_) * x);{'d0': {'_a0_': 1.1346463816521486, '_a3_': 1.4465760894396467, '_a5_': -3.376760878032905, '_a1_': 1.0, '_a2_': 1.0, '_a4_': 1.0, '_a6_': 1.0, '_a7_': 1.0}};{'d0': 0.024905832919416625};-280.569866449044;38.357030437525424
38225;-101.927902786996;(((pow2((x + (_a3_ + -(_a0_)))) * -(_a5_)) + _a3_) * x);{'d0': {'_a0_': 1.1346463816521486, '_a3_': 1.4465760894396467, '_a5_': -3.376760878032905, '_a1_': 1.0, '_a2_': 1.0, '_a4_': 1.0, '_a6_': 1.0, '_a7_': 1.0}};{'d0': 0.024905832919416625};-280.569866449044;38.357030437525424
38226;-101.927902786996;(((pow2((x + (_a3_ + -(_a0_)))) * -(_a5_)) + _a3_) * x);{'d0': {'_a0_': 1.1346463816521486, '_a3_': 1.4465760894396467, '_a5_': -3.376760878032905, '_a1_': 1.0, '_a2_': 1.0, '_a4_': 1.0, '_a6_': 1.0, '_a7_': 1.0}};{'d0': 0.024905832919416625};-280.569866449044;38.357030437525424
38227;-101.927902786996;(((pow2((x + (_a3_ + -(_a0_)))) * -(_a5_)) + _a3_) * x);{'d0': {'_a0_': 1.1346463816521486, '_a3_': 1.4465760894396467, '_a5_': -3.376760878032905, '_a1_': 1.0, '_a2_': 1.0, '_a4_': 1.0, '_a6_': 1.0, '_a7_': 1.0}};{'d0': 0.024905832919416625};-280.569866449044;38.357030437525424
38228;-101.927902786996;(((pow2((x + (_a3_ + -(_a0_)))) * -(_a5_)) + _a3_) * x);{'d0': {'_a0_': 1.1346463816521486, '_a3_': 1.4465760894396467, '_a5_': -3.376760878032905, '_a1_': 1.0, '_a2_': 1.0, '_a4_': 1.0, '_a6_': 1.0, '_a7_': 1.0}};{'d0': 0.024905832919416625};-280.569866449044;38.357030437525424
38229;-101.927902786996;(((pow2((x + (_a3_ + -(_a0_)))) * -(_a5_)) + _a3_) * x);{'d0': {'_a0_': 1.1346463816521486, '_a3_': 1.4465760894396467, '_a5_': -3.376760878032905, '_a1_': 1.0, '_a2_': 1.0, '_a4_': 1.0, '_a6_': 1.0, '_a7_': 1.0}};{'d0': 0.024905832919416625};-280.569866449044;38.357030437525424
38230;-101.927902786996;(((pow2((x + (_a3_ + -(_a0_)))) * -(_a5_)) + _a3_) * x);{'d0': {'_a0_': 1.1346463816521486, '_a3_': 1.4465760894396467, '_a5_': -3.376760878032905, '_a1_': 1.0, '_a2_': 1.0, '_a4_': 1.0, '_a6_': 1.0, '_a7_': 1.0}};{'d0': 0.024905832919416625};-280.569866449044;38.357030437525424
38231;-101.927902786996;(((pow2((x + (_a3_ + -(_a0_)))) * -(_a5_)) + _a3_) * x);{'d0': {'_a0_': 1.1346463816521486, '_a3_': 1.4465760894396467, '_a5_': -3.376760878032905, '_a1_': 1.0, '_a2_': 1.0, '_a4_': 1.0, '_a6_': 1.0, '_a7_': 1.0}};{'d0': 0.024905832919416625};-280.569866449044;38.357030437525424
38232;-101.927902786996;(((pow2((x + (_a3_ + -(_a0_)))) * -(_a5_)) + _a3_) * x);{'d0': {'_a0_': 1.1346463816521486, '_a3_': 1.4465760894396467, '_a5_': -3.376760878032905, '_a1_': 1.0, '_a2_': 1.0, '_a4_': 1.0, '_a6_': 1.0, '_a7_': 1.0}};{'d0': 0.024905832919416625};-280.569866449044;38.357030437525424
38233;-101.927902786996;(((pow2((x + (_a3_ + -(_a0_)))) * -(_a5_)) + _a3_) * x);{'d0': {'_a0_': 1.1346463816521486, '_a3_': 1.4465760894396467, '_a5_': -3.376760878032905, '_a1_': 1.0, '_a2_': 1.0, '_a4_': 1.0, '_a6_': 1.0, '_a7_': 1.0}};{'d0': 0.024905832919416625};-280.569866449044;38.357030437525424
38234;-101.927902786996;(((pow2((x + (_a3_ + -(_a0_)))) * -(_a5_)) + _a3_) * x);{'d0': {'_a0_': 1.1346463816521486, '_a3_': 1.4465760894396467, '_a5_': -3.376760878032905, '_a1_': 1.0, '_a2_': 1.0, '_a4_': 1.0, '_a6_': 1.0, '_a7_': 1.0}};{'d0': 0.024905832919416625};-280.569866449044;38.357030437525424
38235;-101.927902786996;(((pow2((x + (_a3_ + -(_a0_)))) * -(_a5_)) + _a3_) * x);{'d0': {'_a0_': 1.1346463816521486, '_a3_': 1.4465760894396467, '_a5_': -3.376760878032905, '_a1_': 1.0, '_a2_': 1.0, '_a4_': 1.0, '_a6_': 1.0, '_a7_': 1.0}};{'d0': 0.024905832919416625};-280.569866449044;38.357030437525424
38236;-101.927902786996;(((pow2((x + (_a3_ + -(_a0_)))) * -(_a5_)) + _a3_) * x);{'d0': {'_a0_': 1.1346463816521486, '_a3_': 1.4465760894396467, '_a5_': -3.376760878032905, '_a1_': 1.0, '_a2_': 1.0, '_a4_': 1.0, '_a6_': 1.0, '_a7_': 1.0}};{'d0': 0.024905832919416625};-280.569866449044;38.357030437525424
38237;-95.0037478665911;(((pow2((x + (_a3_ + -(_a0_)))) * -(_a5_)) + (_a0_ * _a4_)) * x);{'d0': {'_a0_': 1.3098309288619734, '_a3_': 1.6217606366500634, '_a4_': 1.1043990219142976, '_a5_': -3.376760878148071, '_a1_': 1.0, '_a2_': 1.0, '_a6_': 1.0, '_a7_': 1.0}};{'d0': 0.024905832919548697};-276.475521886503;43.234013076660425
38238;-95.0037478665911;(((pow2((x + (_a3_ + -(_a0_)))) * -(_a5_)) + (_a0_ * _a4_)) * x);{'d0': {'_a0_': 1.3098309288619734, '_a3_': 1.6217606366500634, '_a4_': 1.1043990219142976, '_a5_': -3.376760878148071, '_a1_': 1.0, '_a2_': 1.0, '_a6_': 1.0, '_a7_': 1.0}};{'d0': 0.024905832919548697};-276.475521886503;43.234013076660425
38239;-95.0037478665911;(((pow2((x + (_a3_ + -(_a0_)))) * -(_a5_)) + (_a0_ * _a4_)) * x);{'d0': {'_a0_': 1.3098309288619734, '_a3_': 1.6217606366500634, '_a4_': 1.1043990219142976, '_a5_': -3.376760878148071, '_a1_': 1.0, '_a2_': 1.0, '_a6_': 1.0, '_a7_': 1.0}};{'d0': 0.024905832919548697};-276.475521886503;43.234013076660425
38240;-99.8807304428565;(((pow2((x + (_a3_ + -(_a0_)))) * -(_a5_)) + _a2_) * x);{'d0': {'_a0_': 165.66694448383447, '_a2_': 1.4465742447591832, '_a3_': 165.9788741916093, '_a5_': -3.376760878706503, '_a1_': 1.0, '_a4_': 1.0, '_a6_': 1.0, '_a7_': 1.0}};{'d0': 0.024905832971742668};-276.475521760764;38.357030437525424
38241;-99.8807304428565;(((pow2((x + (_a3_ + -(_a0_)))) * -(_a5_)) + _a2_) * x);{'d0': {'_a0_': 165.66694448383447, '_a2_': 1.4465742447591832, '_a3_': 165.9788741916093, '_a5_': -3.376760878706503, '_a1_': 1.0, '_a4_': 1.0, '_a6_': 1.0, '_a7_': 1.0}};{'d0': 0.024905832971742668};-276.475521760764;38.357030437525424
38242;-99.8807304428565;(((pow2((x + (_a3_ + -(_a0_)))) * -(_a5_)) + _a2_) * x);{'d0': {'_a0_': 165.66694448383447, '_a2_': 1.4465742447591832, '_a3_': 165.9788741916093, '_a5_': -3.376760878706503, '_a1_': 1.0, '_a4_': 1.0, '_a6_': 1.0, '_a7_': 1.0}};{'d0': 0.024905832971742668};-276.475521760764;38.357030437525424
38243;-99.8807304428565;(((pow2((x + (_a3_ + -(_a0_)))) * -(_a5_)) + _a2_) * x);{'d0': {'_a0_': 165.66694448383447, '_a2_': 1.4465742447591832, '_a3_': 165.9788741916093, '_a5_': -3.376760878706503, '_a1_': 1.0, '_a4_': 1.0, '_a6_': 1.0, '_a7_': 1.0}};{'d0': 0.024905832971742668};-276.475521760764;38.357030437525424
38244;-99.8807304428565;(((pow2((x + (_a3_ + -(_a0_)))) * -(_a5_)) + _a2_) * x);{'d0': {'_a0_': 165.66694448383447, '_a2_': 1.4465742447591832, '_a3_': 165.9788741916093, '_a5_': -3.376760878706503, '_a1_': 1.0, '_a4_': 1.0, '_a6_': 1.0, '_a7_': 1.0}};{'d0': 0.024905832971742668};-276.475521760764;38.357030437525424
38245;-99.8807304428565;(((pow2((x + (_a3_ + -(_a0_)))) * -(_a5_)) + _a2_) * x);{'d0': {'_a0_': 165.66694448383447, '_a2_': 1.4465742447591832, '_a3_': 165.9788741916093, '_a5_': -3.376760878706503, '_a1_': 1.0, '_a4_': 1.0, '_a6_': 1.0, '_a7_': 1.0}};{'d0': 0.024905832971742668};-276.475521760764;38.357030437525424
38246;-99.8807304428565;(((pow2((x + (_a3_ + -(_a0_)))) * -(_a5_)) + _a2_) * x);{'d0': {'_a0_': 165.66694448383447, '_a2_': 1.4465742447591832, '_a3_': 165.9788741916093, '_a5_': -3.376760878706503, '_a1_': 1.0, '_a4_': 1.0, '_a6_': 1.0, '_a7_': 1.0}};{'d0': 0.024905832971742668};-276.475521760764;38.357030437525424
38247;-95.0037478655090;(((pow2((x + (_a3_ + -(_a0_)))) * -((_a4_ * _a0_))) + _a2_) * x);{'d0': {'_a0_': -2.2876371310219055, '_a2_': 1.4465760891766337, '_a3_': -1.9757074232409537, '_a4_': 1.476090762466402, '_a1_': 1.0, '_a5_': 1.0, '_a6_': 1.0, '_a7_': 1.0}};{'d0': 0.024905832920447082};-276.475521884339;43.234013076660425
38248;-95.0037478655090;(((pow2((x + (_a3_ + -(_a0_)))) * -((_a4_ * _a0_))) + _a2_) * x);{'d0': {'_a0_': -2.2876371310219055, '_a2_': 1.4465760891766337, '_a3_': -1.9757074232409537, '_a4_': 1.476090762466402, '_a1_': 1.0, '_a5_': 1.0, '_a6_': 1.0, '_a7_': 1.0}};{'d0': 0.024905832920447082};-276.475521884339;43.234013076660425
38249;-95.0037478655090;(((pow2((x + (_a3_ + -(_a0_)))) * -((_a4_ * _a0_))) + _a2_) * x);{'d0': {'_a0_': -2.2876371310219055, '_a2_': 1.4465760891766337, '_a3_': -1.9757074232409537, '_a4_': 1.476090762466402, '_a1_': 1.0, '_a5_': 1.0, '_a6_': 1.0, '_a7_': 1.0}};{'d0': 0.024905832920447082};-276.475521884339;43.234013076660425
38250;-95.0037478655090;(((pow2((x + (_a3_ + -(_a0_)))) * -((_a4_ * _a0_))) + _a2_) * x);{'d0': {'_a0_': -2.2876371310219055, '_a2_': 1.4465760891766337, '_a3_': -1.9757074232409537, '_a4_': 1.476090762466402, '_a1_': 1.0, '_a5_': 1.0, '_a6_': 1.0, '_a7_': 1.0}};{'d0': 0.024905832920447082};-276.475521884339;43.234013076660425
38251;-95.0037478655090;(((pow2((x + (_a3_ + -(_a0_)))) * -((_a4_ * _a0_))) + _a2_) * x);{'d0': {'_a0_': -2.2876371310219055, '_a2_': 1.4465760891766337, '_a3_': -1.9757074232409537, '_a4_': 1.476090762466402, '_a1_': 1.0, '_a5_': 1.0, '_a6_': 1.0, '_a7_': 1.0}};{'d0': 0.024905832920447082};-276.475521884339;43.234013076660425
38252;-95.0037478655090;(((pow2((x + (_a3_ + -(_a0_)))) * -((_a4_ * _a0_))) + _a2_) * x);{'d0': {'_a0_': -2.2876371310219055, '_a2_': 1.4465760891766337, '_a3_': -1.9757074232409537, '_a4_': 1.476090762466402, '_a1_': 1.0, '_a5_': 1.0, '_a6_': 1.0, '_a7_': 1.0}};{'d0': 0.024905832920447082};-276.475521884339;43.234013076660425
38253;-95.0037478655090;(((pow2((x + (_a3_ + -(_a0_)))) * -((_a4_ * _a0_))) + _a2_) * x);{'d0': {'_a0_': -2.2876371310219055, '_a2_': 1.4465760891766337, '_a3_': -1.9757074232409537, '_a4_': 1.476090762466402, '_a1_': 1.0, '_a5_': 1.0, '_a6_': 1.0, '_a7_': 1.0}};{'d0': 0.024905832920447082};-276.475521884339;43.234013076660425
38254;-95.0037478655090;(((pow2((x + (_a3_ + -(_a0_)))) * -((_a4_ * _a0_))) + _a2_) * x);{'d0': {'_a0_': -2.2876371310219055, '_a2_': 1.4465760891766337, '_a3_': -1.9757074232409537, '_a4_': 1.476090762466402, '_a1_': 1.0, '_a5_': 1.0, '_a6_': 1.0, '_a7_': 1.0}};{'d0': 0.024905832920447082};-276.475521884339;43.234013076660425
38255;-95.0037478655090;(((pow2((x + (_a3_ + -(_a0_)))) * -((_a4_ * _a0_))) + _a2_) * x);{'d0': {'_a0_': -2.2876371310219055, '_a2_': 1.4465760891766337, '_a3_': -1.9757074232409537, '_a4_': 1.476090762466402, '_a1_': 1.0, '_a5_': 1.0, '_a6_': 1.0, '_a7_': 1.0}};{'d0': 0.024905832920447082};-276.475521884339;43.234013076660425
38256;-95.0037478655090;(((pow2((x + (_a3_ + -(_a0_)))) * -((_a4_ * _a0_))) + _a2_) * x);{'d0': {'_a0_': -2.2876371310219055, '_a2_': 1.4465760891766337, '_a3_': -1.9757074232409537, '_a4_': 1.476090762466402, '_a1_': 1.0, '_a5_': 1.0, '_a6_': 1.0, '_a7_': 1.0}};{'d0': 0.024905832920447082};-276.475521884339;43.234013076660425
38257;-105.382580669956;((_a6_ + (pow2(((_a5_ * _a7_) + (x * _a6_))) * _a5_)) * x);{'d0': {'_a5_': 1.6136812198465602, '_a6_': 1.446576087488118, '_a7_': 0.2796277545063807, '_a0_': 1.0, '_a1_': 1.0, '_a2_': 1.0, '_a3_': 1.0, '_a4_': 1.0}};{'d0': 0.024905832919416608};-280.569866449044;34.90235255456606
38258;-105.382580669956;((_a6_ + (pow2(((_a5_ * _a7_) + (x * _a6_))) * _a5_)) * x);{'d0': {'_a5_': 1.6136812198465602, '_a6_': 1.446576087488118, '_a7_': 0.2796277545063807, '_a0_': 1.0, '_a1_': 1.0, '_a2_': 1.0, '_a3_': 1.0, '_a4_': 1.0}};{'d0': 0.024905832919416608};-280.569866449044;34.90235255456606
38259;-105.382580669956;((_a6_ + (pow2(((_a5_ * _a7_) + (x * _a6_))) * _a5_)) * x);{'d0': {'_a5_': 1.6136812198465602, '_a6_': 1.446576087488118, '_a7_': 0.2796277545063807, '_a0_': 1.0, '_a1_': 1.0, '_a2_': 1.0, '_a3_': 1.0, '_a4_': 1.0}};{'d0': 0.024905832919416608};-280.569866449044;34.90235255456606
38260;-105.382580669956;((_a6_ + (pow2(((_a5_ * _a7_) + (x * _a6_))) * _a5_)) * x);{'d0': {'_a5_': 1.6136812198465602, '_a6_': 1.446576087488118, '_a7_': 0.2796277545063807, '_a0_': 1.0, '_a1_': 1.0, '_a2_': 1.0, '_a3_': 1.0, '_a4_': 1.0}};{'d0': 0.024905832919416608};-280.569866449044;34.90235255456606
38261;-105.382580669956;((_a6_ + (pow2(((_a5_ * _a7_) + (x * _a6_))) * _a5_)) * x);{'d0': {'_a5_': 1.6136812198465602, '_a6_': 1.446576087488118, '_a7_': 0.2796277545063807, '_a0_': 1.0, '_a1_': 1.0, '_a2_': 1.0, '_a3_': 1.0, '_a4_': 1.0}};{'d0': 0.024905832919416608};-280.569866449044;34.90235255456606
38262;-105.382580669956;((_a6_ + (pow2(((_a7_ * _a7_) + (x * _a6_))) * _a5_)) * x);{'d0': {'_a5_': 1.6136812165072087, '_a6_': 1.4465760885073362, '_a7_': 0.6717365975494649, '_a0_': 1.0, '_a1_': 1.0, '_a2_': 1.0, '_a3_': 1.0, '_a4_': 1.0}};{'d0': 0.02490583291941667};-280.569866449043;34.90235255456606
38263;-105.382580669956;((_a5_ + (pow2(((_a7_ * _a7_) + (x * _a6_))) * _a5_)) * x);{'d0': {'_a5_': 1.446576088867741, '_a6_': 1.5278457584266838, '_a7_': 0.6903480868318242, '_a0_': 1.0, '_a1_': 1.0, '_a2_': 1.0, '_a3_': 1.0, '_a4_': 1.0}};{'d0': 0.02490583291941663};-280.569866449044;34.90235255456606
38264;-105.382580669956;((_a5_ + (pow2(((_a7_ * _a7_) + (x * _a6_))) * _a5_)) * x);{'d0': {'_a5_': 1.446576088867741, '_a6_': 1.5278457584266838, '_a7_': 0.6903480868318242, '_a0_': 1.0, '_a1_': 1.0, '_a2_': 1.0, '_a3_': 1.0, '_a4_': 1.0}};{'d0': 0.02490583291941663};-280.569866449044;34.90235255456606
38265;-105.382580669956;((_a5_ + (pow2(((_a7_ * _a7_) + (x * _a6_))) * _a5_)) * x);{'d0': {'_a5_': 1.446576088867741, '_a6_': 1.5278457584266838, '_a7_': 0.6903480868318242, '_a0_': 1.0, '_a1_': 1.0, '_a2_': 1.0, '_a3_': 1.0, '_a4_': 1.0}};{'d0': 0.02490583291941663};-280.569866449044;34.90235255456606
38266;-105.382580669956;((_a5_ + (pow2(((_a7_ * _a7_) + (x * _a6_))) * _a5_)) * x);{'d0': {'_a5_': 1.446576088867741, '_a6_': 1.5278457584266838, '_a7_': 0.6903480868318242, '_a0_': 1.0, '_a1_': 1.0, '_a2_': 1.0, '_a3_': 1.0, '_a4_': 1.0}};{'d0': 0.02490583291941663};-280.569866449044;34.90235255456606
38267;-105.382580669956;((_a5_ + (pow2(((_a7_ * _a7_) + (x * _a6_))) * _a5_)) * x);{'d0': {'_a5_': 1.446576088867741, '_a6_': 1.5278457584266838, '_a7_': 0.6903480868318242, '_a0_': 1.0, '_a1_': 1.0, '_a2_': 1.0, '_a3_': 1.0, '_a4_': 1.0}};{'d0': 0.02490583291941663};-280.569866449044;34.90235255456606
38268;-105.382580669956;((_a5_ + (pow2(((_a7_ * _a7_) + (x * _a6_))) * _a5_)) * x);{'d0': {'_a5_': 1.446576088867741, '_a6_': 1.5278457584266838, '_a7_': 0.6903480868318242, '_a0_': 1.0, '_a1_': 1.0, '_a2_': 1.0, '_a3_': 1.0, '_a4_': 1.0}};{'d0': 0.02490583291941663};-280.569866449044;34.90235255456606
38269;-105.382580669956;((_a5_ + (pow2(((_a7_ * _a7_) + (x * _a6_))) * _a5_)) * x);{'d0': {'_a5_': 1.446576088867741, '_a6_': 1.5278457584266838, '_a7_': 0.6903480868318242, '_a0_': 1.0, '_a1_': 1.0, '_a2_': 1.0, '_a3_': 1.0, '_a4_': 1.0}};{'d0': 0.02490583291941663};-280.569866449044;34.90235255456606
38270;-105.382580669956;((_a5_ + (pow2(((_a7_ * _a7_) + (x * _a6_))) * _a5_)) * x);{'d0': {'_a5_': 1.446576088867741, '_a6_': 1.5278457584266838, '_a7_': 0.6903480868318242, '_a0_': 1.0, '_a1_': 1.0, '_a2_': 1.0, '_a3_': 1.0, '_a4_': 1.0}};{'d0': 0.02490583291941663};-280.569866449044;34.90235255456606
38271;-105.382580669956;((_a5_ + (pow2(((_a7_ * _a7_) + (x * _a6_))) * _a5_)) * x);{'d0': {'_a5_': 1.446576088867741, '_a6_': 1.5278457584266838, '_a7_': 0.6903480868318242, '_a0_': 1.0, '_a1_': 1.0, '_a2_': 1.0, '_a3_': 1.0, '_a4_': 1.0}};{'d0': 0.02490583291941663};-280.569866449044;34.90235255456606
38272;-105.382580669956;((_a5_ + (pow2(((_a7_ * _a7_) + (x * _a6_))) * _a5_)) * x);{'d0': {'_a5_': 1.446576088867741, '_a6_': 1.5278457584266838, '_a7_': 0.6903480868318242, '_a0_': 1.0, '_a1_': 1.0, '_a2_': 1.0, '_a3_': 1.0, '_a4_': 1.0}};{'d0': 0.02490583291941663};-280.569866449044;34.90235255456606
38273;-105.382580669956;((_a5_ + (pow2(((_a7_ * _a7_) + (x * _a6_))) * _a5_)) * x);{'d0': {'_a5_': 1.446576088867741, '_a6_': 1.5278457584266838, '_a7_': 0.6903480868318242, '_a0_': 1.0, '_a1_': 1.0, '_a2_': 1.0, '_a3_': 1.0, '_a4_': 1.0}};{'d0': 0.02490583291941663};-280.569866449044;34.90235255456606
38274;-105.382580669956;((_a5_ + (pow2(((_a7_ * _a7_) + (x * _a6_))) * _a5_)) * x);{'d0': {'_a5_': 1.446576088867741, '_a6_': 1.5278457584266838, '_a7_': 0.6903480868318242, '_a0_': 1.0, '_a1_': 1.0, '_a2_': 1.0, '_a3_': 1.0, '_a4_': 1.0}};{'d0': 0.02490583291941663};-280.569866449044;34.90235255456606
38275;-105.382580669956;((_a5_ + (pow2(((_a7_ * _a7_) + (x * _a6_))) * _a5_)) * x);{'d0': {'_a5_': 1.446576088867741, '_a6_': 1.5278457584266838, '_a7_': 0.6903480868318242, '_a0_': 1.0, '_a1_': 1.0, '_a2_': 1.0, '_a3_': 1.0, '_a4_': 1.0}};{'d0': 0.02490583291941663};-280.569866449044;34.90235255456606
38276;-105.382580669956;((_a5_ + (pow2(((_a7_ * _a7_) + (x * _a6_))) * _a5_)) * x);{'d0': {'_a5_': 1.446576088867741, '_a6_': 1.5278457584266838, '_a7_': 0.6903480868318242, '_a0_': 1.0, '_a1_': 1.0, '_a2_': 1.0, '_a3_': 1.0, '_a4_': 1.0}};{'d0': 0.02490583291941663};-280.569866449044;34.90235255456606
38277;-105.382580669956;((_a5_ + (pow2(((_a7_ * _a7_) + (x * _a6_))) * _a5_)) * x);{'d0': {'_a5_': 1.446576088867741, '_a6_': 1.5278457584266838, '_a7_': 0.6903480868318242, '_a0_': 1.0, '_a1_': 1.0, '_a2_': 1.0, '_a3_': 1.0, '_a4_': 1.0}};{'d0': 0.02490583291941663};-280.569866449044;34.90235255456606
38278;-105.382580669956;((_a5_ + (pow2(((_a7_ * _a7_) + (x * _a6_))) * _a5_)) * x);{'d0': {'_a5_': 1.446576088867741, '_a6_': 1.5278457584266838, '_a7_': 0.6903480868318242, '_a0_': 1.0, '_a1_': 1.0, '_a2_': 1.0, '_a3_': 1.0, '_a4_': 1.0}};{'d0': 0.02490583291941663};-280.569866449044;34.90235255456606
38279;-105.382580669956;((_a5_ + (pow2(((_a7_ * _a7_) + (x * _a6_))) * _a5_)) * x);{'d0': {'_a5_': 1.446576088867741, '_a6_': 1.5278457584266838, '_a7_': 0.6903480868318242, '_a0_': 1.0, '_a1_': 1.0, '_a2_': 1.0, '_a3_': 1.0, '_a4_': 1.0}};{'d0': 0.02490583291941663};-280.569866449044;34.90235255456606
38280;-105.382580669956;((_a5_ + (pow2(((_a7_ * _a7_) + (x * _a6_))) * _a5_)) * x);{'d0': {'_a5_': 1.446576088867741, '_a6_': 1.5278457584266838, '_a7_': 0.6903480868318242, '_a0_': 1.0, '_a1_': 1.0, '_a2_': 1.0, '_a3_': 1.0, '_a4_': 1.0}};{'d0': 0.02490583291941663};-280.569866449044;34.90235255456606
38281;-105.382580669956;((_a5_ + (pow2(((_a7_ * _a7_) + (x * _a6_))) * _a5_)) * x);{'d0': {'_a5_': 1.446576088867741, '_a6_': 1.5278457584266838, '_a7_': 0.6903480868318242, '_a0_': 1.0, '_a1_': 1.0, '_a2_': 1.0, '_a3_': 1.0, '_a4_': 1.0}};{'d0': 0.02490583291941663};-280.569866449044;34.90235255456606
38282;-105.382580669956;((_a5_ + (pow2(((_a7_ * _a7_) + (x * _a6_))) * _a5_)) * x);{'d0': {'_a5_': 1.446576088867741, '_a6_': 1.5278457584266838, '_a7_': 0.6903480868318242, '_a0_': 1.0, '_a1_': 1.0, '_a2_': 1.0, '_a3_': 1.0, '_a4_': 1.0}};{'d0': 0.02490583291941663};-280.569866449044;34.90235255456606
38283;-105.382580669956;((_a5_ + (pow2(((_a7_ * _a7_) + (x * _a6_))) * _a5_)) * x);{'d0': {'_a5_': 1.446576088867741, '_a6_': 1.5278457584266838, '_a7_': 0.6903480868318242, '_a0_': 1.0, '_a1_': 1.0, '_a2_': 1.0, '_a3_': 1.0, '_a4_': 1.0}};{'d0': 0.02490583291941663};-280.569866449044;34.90235255456606
38284;-105.382580669956;((_a5_ + (pow2(((_a7_ * _a7_) + (x * _a6_))) * _a5_)) * x);{'d0': {'_a5_': 1.446576088867741, '_a6_': 1.5278457584266838, '_a7_': 0.6903480868318242, '_a0_': 1.0, '_a1_': 1.0, '_a2_': 1.0, '_a3_': 1.0, '_a4_': 1.0}};{'d0': 0.02490583291941663};-280.569866449044;34.90235255456606
38285;-105.382580669956;((_a5_ + (pow2(((_a7_ * _a7_) + (x * _a6_))) * _a5_)) * x);{'d0': {'_a5_': 1.446576088867741, '_a6_': 1.5278457584266838, '_a7_': 0.6903480868318242, '_a0_': 1.0, '_a1_': 1.0, '_a2_': 1.0, '_a3_': 1.0, '_a4_': 1.0}};{'d0': 0.02490583291941663};-280.569866449044;34.90235255456606
38286;-105.382580669956;((_a5_ + (pow2(((_a7_ * _a7_) + (x * _a6_))) * _a5_)) * x);{'d0': {'_a5_': 1.446576088867741, '_a6_': 1.5278457584266838, '_a7_': 0.6903480868318242, '_a0_': 1.0, '_a1_': 1.0, '_a2_': 1.0, '_a3_': 1.0, '_a4_': 1.0}};{'d0': 0.02490583291941663};-280.569866449044;34.90235255456606
38287;-105.382580669956;((_a5_ + (pow2(((_a7_ * _a7_) + (x * _a6_))) * _a5_)) * x);{'d0': {'_a5_': 1.446576088867741, '_a6_': 1.5278457584266838, '_a7_': 0.6903480868318242, '_a0_': 1.0, '_a1_': 1.0, '_a2_': 1.0, '_a3_': 1.0, '_a4_': 1.0}};{'d0': 0.02490583291941663};-280.569866449044;34.90235255456606
38288;-105.382580669956;((_a5_ + (pow2(((_a7_ * _a7_) + (x * _a6_))) * _a5_)) * x);{'d0': {'_a5_': 1.446576088867741, '_a6_': 1.5278457584266838, '_a7_': 0.6903480868318242, '_a0_': 1.0, '_a1_': 1.0, '_a2_': 1.0, '_a3_': 1.0, '_a4_': 1.0}};{'d0': 0.02490583291941663};-280.569866449044;34.90235255456606
38289;-105.382580669956;((_a5_ + (pow2(((_a7_ * _a7_) + (x * _a6_))) * _a5_)) * x);{'d0': {'_a5_': 1.446576088867741, '_a6_': 1.5278457584266838, '_a7_': 0.6903480868318242, '_a0_': 1.0, '_a1_': 1.0, '_a2_': 1.0, '_a3_': 1.0, '_a4_': 1.0}};{'d0': 0.02490583291941663};-280.569866449044;34.90235255456606
38290;-105.608355025257;(((pow2((x + (x + _a7_))) * -(_a5_)) + _a1_) * x);{'d0': {'_a1_': 1.4465760897541367, '_a5_': -0.8441902189745862, '_a7_': 0.6238594154477597, '_a0_': 1.0, '_a2_': 1.0, '_a3_': 1.0, '_a4_': 1.0, '_a6_': 1.0}};{'d0': 0.024905832919416573};-280.569866449044;34.67657819926426
38291;-105.608355025257;(((pow2((x + (x + _a7_))) * -(_a5_)) + _a1_) * x);{'d0': {'_a1_': 1.4465760897541367, '_a5_': -0.8441902189745862, '_a7_': 0.6238594154477597, '_a0_': 1.0, '_a2_': 1.0, '_a3_': 1.0, '_a4_': 1.0, '_a6_': 1.0}};{'d0': 0.024905832919416573};-280.569866449044;34.67657819926426
38292;-105.608355025257;(((pow2((x + (x + _a7_))) * -(_a5_)) + _a1_) * x);{'d0': {'_a1_': 1.4465760897541367, '_a5_': -0.8441902189745862, '_a7_': 0.6238594154477597, '_a0_': 1.0, '_a2_': 1.0, '_a3_': 1.0, '_a4_': 1.0, '_a6_': 1.0}};{'d0': 0.024905832919416573};-280.569866449044;34.67657819926426
38293;-105.382580669956;((_a5_ + (pow2(((_a7_ * _a7_) + (x * _a6_))) * _a5_)) * x);{'d0': {'_a5_': 1.446576088867741, '_a6_': 1.5278457584266838, '_a7_': 0.6903480868318242, '_a0_': 1.0, '_a1_': 1.0, '_a2_': 1.0, '_a3_': 1.0, '_a4_': 1.0}};{'d0': 0.02490583291941663};-280.569866449044;34.90235255456606
38294;-105.382580669956;((_a5_ + (pow2(((_a7_ * _a7_) + (x * _a6_))) * _a5_)) * x);{'d0': {'_a5_': 1.446576088867741, '_a6_': 1.5278457584266838, '_a7_': 0.6903480868318242, '_a0_': 1.0, '_a1_': 1.0, '_a2_': 1.0, '_a3_': 1.0, '_a4_': 1.0}};{'d0': 0.02490583291941663};-280.569866449044;34.90235255456606
38295;-105.382580669956;((_a5_ + (pow2(((_a7_ * _a7_) + (x * _a6_))) * _a5_)) * x);{'d0': {'_a5_': 1.446576088867741, '_a6_': 1.5278457584266838, '_a7_': 0.6903480868318242, '_a0_': 1.0, '_a1_': 1.0, '_a2_': 1.0, '_a3_': 1.0, '_a4_': 1.0}};{'d0': 0.02490583291941663};-280.569866449044;34.90235255456606
38296;-105.382580669956;((_a5_ + (pow2(((_a7_ * _a7_) + (x * _a6_))) * _a5_)) * x);{'d0': {'_a5_': 1.446576088867741, '_a6_': 1.5278457584266838, '_a7_': 0.6903480868318242, '_a0_': 1.0, '_a1_': 1.0, '_a2_': 1.0, '_a3_': 1.0, '_a4_': 1.0}};{'d0': 0.02490583291941663};-280.569866449044;34.90235255456606
38297;-105.382580669956;((_a5_ + (pow2(((_a7_ * _a7_) + (x * _a6_))) * _a5_)) * x);{'d0': {'_a5_': 1.446576088867741, '_a6_': 1.5278457584266838, '_a7_': 0.6903480868318242, '_a0_': 1.0, '_a1_': 1.0, '_a2_': 1.0, '_a3_': 1.0, '_a4_': 1.0}};{'d0': 0.02490583291941663};-280.569866449044;34.90235255456606
38298;-105.382580669956;((_a5_ + (pow2(((_a7_ * _a7_) + (x * _a6_))) * _a5_)) * x);{'d0': {'_a5_': 1.446576088867741, '_a6_': 1.5278457584266838, '_a7_': 0.6903480868318242, '_a0_': 1.0, '_a1_': 1.0, '_a2_': 1.0, '_a3_': 1.0, '_a4_': 1.0}};{'d0': 0.02490583291941663};-280.569866449044;34.90235255456606
38299;-105.382580669956;((_a5_ + (pow2(((_a7_ * _a7_) + (x * _a6_))) * _a5_)) * x);{'d0': {'_a5_': 1.446576088867741, '_a6_': 1.5278457584266838, '_a7_': 0.6903480868318242, '_a0_': 1.0, '_a1_': 1.0, '_a2_': 1.0, '_a3_': 1.0, '_a4_': 1.0}};{'d0': 0.02490583291941663};-280.569866449044;34.90235255456606
38300;-105.382580669956;((_a5_ + (pow2(((_a7_ * _a7_) + (x * _a6_))) * _a5_)) * x);{'d0': {'_a5_': 1.446576088867741, '_a6_': 1.5278457584266838, '_a7_': 0.6903480868318242, '_a0_': 1.0, '_a1_': 1.0, '_a2_': 1.0, '_a3_': 1.0, '_a4_': 1.0}};{'d0': 0.02490583291941663};-280.569866449044;34.90235255456606
38301;-105.382580669956;((_a5_ + (pow2(((_a7_ * _a7_) + (x * _a6_))) * _a5_)) * x);{'d0': {'_a5_': 1.446576088867741, '_a6_': 1.5278457584266838, '_a7_': 0.6903480868318242, '_a0_': 1.0, '_a1_': 1.0, '_a2_': 1.0, '_a3_': 1.0, '_a4_': 1.0}};{'d0': 0.02490583291941663};-280.569866449044;34.90235255456606
38302;-105.382580669956;((_a5_ + (pow2(((_a7_ * _a7_) + (x * _a6_))) * _a5_)) * x);{'d0': {'_a5_': 1.446576088867741, '_a6_': 1.5278457584266838, '_a7_': 0.6903480868318242, '_a0_': 1.0, '_a1_': 1.0, '_a2_': 1.0, '_a3_': 1.0, '_a4_': 1.0}};{'d0': 0.02490583291941663};-280.569866449044;34.90235255456606
38303;-105.382580669956;((_a5_ + (pow2(((_a7_ * _a7_) + (x * _a6_))) * _a5_)) * x);{'d0': {'_a5_': 1.446576088867741, '_a6_': 1.5278457584266838, '_a7_': 0.6903480868318242, '_a0_': 1.0, '_a1_': 1.0, '_a2_': 1.0, '_a3_': 1.0, '_a4_': 1.0}};{'d0': 0.02490583291941663};-280.569866449044;34.90235255456606
38304;-105.382580669956;((_a6_ + (pow2(((_a7_ * _a7_) + (x * _a6_))) * _a5_)) * x);{'d0': {'_a5_': 1.6136812165072087, '_a6_': 1.4465760885073362, '_a7_': 0.6717365975494649, '_a0_': 1.0, '_a1_': 1.0, '_a2_': 1.0, '_a3_': 1.0, '_a4_': 1.0}};{'d0': 0.02490583291941667};-280.569866449043;34.90235255456606
38305;-105.382580669956;((_a6_ + (pow2(((_a7_ * _a7_) + (x * _a6_))) * _a5_)) * x);{'d0': {'_a5_': 1.6136812165072087, '_a6_': 1.4465760885073362, '_a7_': 0.6717365975494649, '_a0_': 1.0, '_a1_': 1.0, '_a2_': 1.0, '_a3_': 1.0, '_a4_': 1.0}};{'d0': 0.02490583291941667};-280.569866449043;34.90235255456606
38306;-105.382580669956;((_a6_ + (pow2(((_a7_ * _a7_) + (x * _a6_))) * _a5_)) * x);{'d0': {'_a5_': 1.6136812165072087, '_a6_': 1.4465760885073362, '_a7_': 0.6717365975494649, '_a0_': 1.0, '_a1_': 1.0, '_a2_': 1.0, '_a3_': 1.0, '_a4_': 1.0}};{'d0': 0.02490583291941667};-280.569866449043;34.90235255456606
38307;-105.382580669956;((_a6_ + (pow2(((_a7_ * _a7_) + (x * _a6_))) * _a5_)) * x);{'d0': {'_a5_': 1.6136812165072087, '_a6_': 1.4465760885073362, '_a7_': 0.6717365975494649, '_a0_': 1.0, '_a1_': 1.0, '_a2_': 1.0, '_a3_': 1.0, '_a4_': 1.0}};{'d0': 0.02490583291941667};-280.569866449043;34.90235255456606
38308;-105.382580669956;((_a6_ + (pow2(((_a7_ * _a7_) + (x * _a6_))) * _a5_)) * x);{'d0': {'_a5_': 1.6136812165072087, '_a6_': 1.4465760885073362, '_a7_': 0.6717365975494649, '_a0_': 1.0, '_a1_': 1.0, '_a2_': 1.0, '_a3_': 1.0, '_a4_': 1.0}};{'d0': 0.02490583291941667};-280.569866449043;34.90235255456606
38309;-105.382580669956;((_a6_ + (pow2(((_a7_ * _a7_) + (x * _a6_))) * _a5_)) * x);{'d0': {'_a5_': 1.6136812165072087, '_a6_': 1.4465760885073362, '_a7_': 0.6717365975494649, '_a0_': 1.0, '_a1_': 1.0, '_a2_': 1.0, '_a3_': 1.0, '_a4_': 1.0}};{'d0': 0.02490583291941667};-280.569866449043;34.90235255456606
38310;-102.056449622216;(x * ((((_a0_ * x) + _a5_) * x) + (abs(_a0_) * _a1_)));{'d0': {'_a0_': 3.3767608769390005, '_a1_': 0.5256917706639344, '_a5_': 2.10662406717305, '_a2_': 1.0, '_a3_': 1.0, '_a4_': 1.0, '_a6_': 1.0, '_a7_': 1.0}};{'d0': 0.02490583291941665};-280.569866449044;38.22848360230603
38311;-105.382580669956;((_a6_ + (pow2(((_a7_ * _a7_) + (x * _a6_))) * _a5_)) * x);{'d0': {'_a5_': 1.6136812165072087, '_a6_': 1.4465760885073362, '_a7_': 0.6717365975494649, '_a0_': 1.0, '_a1_': 1.0, '_a2_': 1.0, '_a3_': 1.0, '_a4_': 1.0}};{'d0': 0.02490583291941667};-280.569866449043;34.90235255456606
38312;-105.382580669956;((_a6_ + (pow2(((_a7_ * _a7_) + (x * _a6_))) * _a5_)) * x);{'d0': {'_a5_': 1.6136812165072087, '_a6_': 1.4465760885073362, '_a7_': 0.6717365975494649, '_a0_': 1.0, '_a1_': 1.0, '_a2_': 1.0, '_a3_': 1.0, '_a4_': 1.0}};{'d0': 0.02490583291941667};-280.569866449043;34.90235255456606
38313;-105.382580669956;((_a6_ + (pow2(((_a7_ * _a7_) + (x * _a6_))) * _a5_)) * x);{'d0': {'_a5_': 1.6136812165072087, '_a6_': 1.4465760885073362, '_a7_': 0.6717365975494649, '_a0_': 1.0, '_a1_': 1.0, '_a2_': 1.0, '_a3_': 1.0, '_a4_': 1.0}};{'d0': 0.02490583291941667};-280.569866449043;34.90235255456606
38314;-105.382580669956;((_a6_ + (pow2(((_a7_ * _a7_) + (x * _a6_))) * _a5_)) * x);{'d0': {'_a5_': 1.6136812165072087, '_a6_': 1.4465760885073362, '_a7_': 0.6717365975494649, '_a0_': 1.0, '_a1_': 1.0, '_a2_': 1.0, '_a3_': 1.0, '_a4_': 1.0}};{'d0': 0.02490583291941667};-280.569866449043;34.90235255456606
38315;-105.382580669956;((_a6_ + (pow2(((_a7_ * _a7_) + (x * _a6_))) * _a5_)) * x);{'d0': {'_a5_': 1.6136812165072087, '_a6_': 1.4465760885073362, '_a7_': 0.6717365975494649, '_a0_': 1.0, '_a1_': 1.0, '_a2_': 1.0, '_a3_': 1.0, '_a4_': 1.0}};{'d0': 0.02490583291941667};-280.569866449043;34.90235255456606
38316;-105.382580669956;((_a6_ + (pow2(((_a7_ * _a7_) + (x * _a6_))) * _a5_)) * x);{'d0': {'_a5_': 1.6136812165072087, '_a6_': 1.4465760885073362, '_a7_': 0.6717365975494649, '_a0_': 1.0, '_a1_': 1.0, '_a2_': 1.0, '_a3_': 1.0, '_a4_': 1.0}};{'d0': 0.02490583291941667};-280.569866449043;34.90235255456606
38317;-105.382580669956;((_a6_ + (pow2(((_a7_ * _a7_) + (x * _a6_))) * _a5_)) * x);{'d0': {'_a5_': 1.6136812165072087, '_a6_': 1.4465760885073362, '_a7_': 0.6717365975494649, '_a0_': 1.0, '_a1_': 1.0, '_a2_': 1.0, '_a3_': 1.0, '_a4_': 1.0}};{'d0': 0.02490583291941667};-280.569866449043;34.90235255456606
38318;-105.382580669956;((_a6_ + (pow2(((_a7_ * _a7_) + (x * _a6_))) * _a5_)) * x);{'d0': {'_a5_': 1.6136812165072087, '_a6_': 1.4465760885073362, '_a7_': 0.6717365975494649, '_a0_': 1.0, '_a1_': 1.0, '_a2_': 1.0, '_a3_': 1.0, '_a4_': 1.0}};{'d0': 0.02490583291941667};-280.569866449043;34.90235255456606
38319;-105.382580669956;((_a6_ + (pow2(((_a7_ * _a7_) + (x * _a6_))) * _a5_)) * x);{'d0': {'_a5_': 1.6136812165072087, '_a6_': 1.4465760885073362, '_a7_': 0.6717365975494649, '_a0_': 1.0, '_a1_': 1.0, '_a2_': 1.0, '_a3_': 1.0, '_a4_': 1.0}};{'d0': 0.02490583291941667};-280.569866449043;34.90235255456606
38320;-105.382580669956;((_a6_ + (pow2(((_a7_ * _a7_) + (x * _a6_))) * _a5_)) * x);{'d0': {'_a5_': 1.6136812165072087, '_a6_': 1.4465760885073362, '_a7_': 0.6717365975494649, '_a0_': 1.0, '_a1_': 1.0, '_a2_': 1.0, '_a3_': 1.0, '_a4_': 1.0}};{'d0': 0.02490583291941667};-280.569866449043;34.90235255456606
38321;-105.382580669956;((_a6_ + (pow2(((_a7_ * _a7_) + (x * _a6_))) * _a5_)) * x);{'d0': {'_a5_': 1.6136812165072087, '_a6_': 1.4465760885073362, '_a7_': 0.6717365975494649, '_a0_': 1.0, '_a1_': 1.0, '_a2_': 1.0, '_a3_': 1.0, '_a4_': 1.0}};{'d0': 0.02490583291941667};-280.569866449043;34.90235255456606
38322;-105.382580669956;((_a6_ + (pow2(((_a7_ * _a7_) + (x * _a6_))) * _a5_)) * x);{'d0': {'_a5_': 1.6136812165072087, '_a6_': 1.4465760885073362, '_a7_': 0.6717365975494649, '_a0_': 1.0, '_a1_': 1.0, '_a2_': 1.0, '_a3_': 1.0, '_a4_': 1.0}};{'d0': 0.02490583291941667};-280.569866449043;34.90235255456606
38323;-105.382580669956;((_a6_ + (pow2(((_a7_ * _a7_) + (x * _a6_))) * _a5_)) * x);{'d0': {'_a5_': 1.6136812165072087, '_a6_': 1.4465760885073362, '_a7_': 0.6717365975494649, '_a0_': 1.0, '_a1_': 1.0, '_a2_': 1.0, '_a3_': 1.0, '_a4_': 1.0}};{'d0': 0.02490583291941667};-280.569866449043;34.90235255456606
38324;-105.382580669956;((_a6_ + (pow2(((_a7_ * _a7_) + (x * _a6_))) * _a5_)) * x);{'d0': {'_a5_': 1.6136812165072087, '_a6_': 1.4465760885073362, '_a7_': 0.6717365975494649, '_a0_': 1.0, '_a1_': 1.0, '_a2_': 1.0, '_a3_': 1.0, '_a4_': 1.0}};{'d0': 0.02490583291941667};-280.569866449043;34.90235255456606
38325;-105.382580669956;((_a6_ + (pow2(((_a7_ * _a7_) + (x * _a6_))) * _a5_)) * x);{'d0': {'_a5_': 1.6136812165072087, '_a6_': 1.4465760885073362, '_a7_': 0.6717365975494649, '_a0_': 1.0, '_a1_': 1.0, '_a2_': 1.0, '_a3_': 1.0, '_a4_': 1.0}};{'d0': 0.02490583291941667};-280.569866449043;34.90235255456606
38326;-105.382580669956;((_a6_ + (pow2(((_a7_ * _a7_) + (x * _a6_))) * _a5_)) * x);{'d0': {'_a5_': 1.6136812165072087, '_a6_': 1.4465760885073362, '_a7_': 0.6717365975494649, '_a0_': 1.0, '_a1_': 1.0, '_a2_': 1.0, '_a3_': 1.0, '_a4_': 1.0}};{'d0': 0.02490583291941667};-280.569866449043;34.90235255456606
38327;-105.382580669956;((_a6_ + (pow2(((_a7_ * _a7_) + (x * _a6_))) * _a5_)) * x);{'d0': {'_a5_': 1.6136812165072087, '_a6_': 1.4465760885073362, '_a7_': 0.6717365975494649, '_a0_': 1.0, '_a1_': 1.0, '_a2_': 1.0, '_a3_': 1.0, '_a4_': 1.0}};{'d0': 0.02490583291941667};-280.569866449043;34.90235255456606
38328;-105.382580669956;((_a6_ + (pow2(((_a7_ * _a7_) + (x * _a6_))) * _a5_)) * x);{'d0': {'_a5_': 1.6136812165072087, '_a6_': 1.4465760885073362, '_a7_': 0.6717365975494649, '_a0_': 1.0, '_a1_': 1.0, '_a2_': 1.0, '_a3_': 1.0, '_a4_': 1.0}};{'d0': 0.02490583291941667};-280.569866449043;34.90235255456606
38329;-105.382580669956;((_a7_ + (pow2(((_a7_ * _a7_) + (x * _a6_))) * _a5_)) * x);{'d0': {'_a5_': 0.07503236846251352, '_a6_': 6.708506209332048, '_a7_': 1.4465760891702437, '_a0_': 1.0, '_a1_': 1.0, '_a2_': 1.0, '_a3_': 1.0, '_a4_': 1.0}};{'d0': 0.024905832919416632};-280.569866449044;34.90235255456606
38330;-105.382580669956;((_a7_ + (pow2(((_a7_ * _a7_) + (x * _a6_))) * _a5_)) * x);{'d0': {'_a5_': 0.07503236846251352, '_a6_': 6.708506209332048, '_a7_': 1.4465760891702437, '_a0_': 1.0, '_a1_': 1.0, '_a2_': 1.0, '_a3_': 1.0, '_a4_': 1.0}};{'d0': 0.024905832919416632};-280.569866449044;34.90235255456606
38331;-105.382580669956;((_a7_ + (pow2(((_a7_ * _a7_) + (x * _a6_))) * _a5_)) * x);{'d0': {'_a5_': 0.07503236846251352, '_a6_': 6.708506209332048, '_a7_': 1.4465760891702437, '_a0_': 1.0, '_a1_': 1.0, '_a2_': 1.0, '_a3_': 1.0, '_a4_': 1.0}};{'d0': 0.024905832919416632};-280.569866449044;34.90235255456606
38332;-105.382580669956;((_a7_ + (pow2(((_a7_ * _a7_) + (x * _a6_))) * _a5_)) * x);{'d0': {'_a5_': 0.07503236846251352, '_a6_': 6.708506209332048, '_a7_': 1.4465760891702437, '_a0_': 1.0, '_a1_': 1.0, '_a2_': 1.0, '_a3_': 1.0, '_a4_': 1.0}};{'d0': 0.024905832919416632};-280.569866449044;34.90235255456606
38333;-105.382580669956;((_a7_ + (pow2(((_a7_ * _a7_) + (x * _a6_))) * _a5_)) * x);{'d0': {'_a5_': 0.07503236846251352, '_a6_': 6.708506209332048, '_a7_': 1.4465760891702437, '_a0_': 1.0, '_a1_': 1.0, '_a2_': 1.0, '_a3_': 1.0, '_a4_': 1.0}};{'d0': 0.024905832919416632};-280.569866449044;34.90235255456606
38334;-105.382580669956;((_a7_ + (pow2(((_a7_ * _a7_) + (x * _a6_))) * _a5_)) * x);{'d0': {'_a5_': 0.07503236846251352, '_a6_': 6.708506209332048, '_a7_': 1.4465760891702437, '_a0_': 1.0, '_a1_': 1.0, '_a2_': 1.0, '_a3_': 1.0, '_a4_': 1.0}};{'d0': 0.024905832919416632};-280.569866449044;34.90235255456606
38335;-105.382580669956;((_a7_ + (pow2(((_a7_ * _a7_) + (x * _a6_))) * _a5_)) * x);{'d0': {'_a5_': 0.07503236846251352, '_a6_': 6.708506209332048, '_a7_': 1.4465760891702437, '_a0_': 1.0, '_a1_': 1.0, '_a2_': 1.0, '_a3_': 1.0, '_a4_': 1.0}};{'d0': 0.024905832919416632};-280.569866449044;34.90235255456606
38336;-105.382580669956;((_a7_ + (pow2(((_a7_ * _a7_) + (x * _a6_))) * _a5_)) * x);{'d0': {'_a5_': 0.07503236846251352, '_a6_': 6.708506209332048, '_a7_': 1.4465760891702437, '_a0_': 1.0, '_a1_': 1.0, '_a2_': 1.0, '_a3_': 1.0, '_a4_': 1.0}};{'d0': 0.024905832919416632};-280.569866449044;34.90235255456606
38337;-105.382580669956;((_a7_ + (pow2(((_a7_ * _a7_) + (x * _a6_))) * _a5_)) * x);{'d0': {'_a5_': 0.07503236846251352, '_a6_': 6.708506209332048, '_a7_': 1.4465760891702437, '_a0_': 1.0, '_a1_': 1.0, '_a2_': 1.0, '_a3_': 1.0, '_a4_': 1.0}};{'d0': 0.024905832919416632};-280.569866449044;34.90235255456606
38338;-105.382580669956;((_a7_ + (pow2(((_a7_ * _a7_) + (x * _a6_))) * _a5_)) * x);{'d0': {'_a5_': 0.07503236846251352, '_a6_': 6.708506209332048, '_a7_': 1.4465760891702437, '_a0_': 1.0, '_a1_': 1.0, '_a2_': 1.0, '_a3_': 1.0, '_a4_': 1.0}};{'d0': 0.024905832919416632};-280.569866449044;34.90235255456606
38339;-105.382580669956;((_a7_ + (pow2(((_a7_ * _a7_) + (x * _a6_))) * _a5_)) * x);{'d0': {'_a5_': 0.07503236846251352, '_a6_': 6.708506209332048, '_a7_': 1.4465760891702437, '_a0_': 1.0, '_a1_': 1.0, '_a2_': 1.0, '_a3_': 1.0, '_a4_': 1.0}};{'d0': 0.024905832919416632};-280.569866449044;34.90235255456606
38340;-105.382580669956;((_a7_ + (pow2(((_a7_ * _a7_) + (x * _a6_))) * _a5_)) * x);{'d0': {'_a5_': 0.07503236846251352, '_a6_': 6.708506209332048, '_a7_': 1.4465760891702437, '_a0_': 1.0, '_a1_': 1.0, '_a2_': 1.0, '_a3_': 1.0, '_a4_': 1.0}};{'d0': 0.024905832919416632};-280.569866449044;34.90235255456606
38341;-105.382580669956;((_a7_ + (pow2(((_a7_ * _a7_) + (x * _a6_))) * _a5_)) * x);{'d0': {'_a5_': 0.07503236846251352, '_a6_': 6.708506209332048, '_a7_': 1.4465760891702437, '_a0_': 1.0, '_a1_': 1.0, '_a2_': 1.0, '_a3_': 1.0, '_a4_': 1.0}};{'d0': 0.024905832919416632};-280.569866449044;34.90235255456606
38342;-105.382580669956;((_a7_ + (pow2(((_a7_ * _a7_) + (x * _a6_))) * _a5_)) * x);{'d0': {'_a5_': 0.07503236846251352, '_a6_': 6.708506209332048, '_a7_': 1.4465760891702437, '_a0_': 1.0, '_a1_': 1.0, '_a2_': 1.0, '_a3_': 1.0, '_a4_': 1.0}};{'d0': 0.024905832919416632};-280.569866449044;34.90235255456606
38343;-105.382580669956;((_a7_ + (pow2(((_a7_ * _a7_) + (x * _a6_))) * _a5_)) * x);{'d0': {'_a5_': 0.07503236846251352, '_a6_': 6.708506209332048, '_a7_': 1.4465760891702437, '_a0_': 1.0, '_a1_': 1.0, '_a2_': 1.0, '_a3_': 1.0, '_a4_': 1.0}};{'d0': 0.024905832919416632};-280.569866449044;34.90235255456606
38344;-105.382580669956;((_a7_ + (pow2(((_a7_ * _a7_) + (x * _a6_))) * _a5_)) * x);{'d0': {'_a5_': 0.07503236846251352, '_a6_': 6.708506209332048, '_a7_': 1.4465760891702437, '_a0_': 1.0, '_a1_': 1.0, '_a2_': 1.0, '_a3_': 1.0, '_a4_': 1.0}};{'d0': 0.024905832919416632};-280.569866449044;34.90235255456606
38345;-105.382580669956;((_a7_ + (pow2(((_a7_ * _a7_) + (x * _a6_))) * _a5_)) * x);{'d0': {'_a5_': 0.07503236846251352, '_a6_': 6.708506209332048, '_a7_': 1.4465760891702437, '_a0_': 1.0, '_a1_': 1.0, '_a2_': 1.0, '_a3_': 1.0, '_a4_': 1.0}};{'d0': 0.024905832919416632};-280.569866449044;34.90235255456606
38346;-105.382580669956;((_a7_ + (pow2(((_a7_ * _a7_) + (x * _a6_))) * _a5_)) * x);{'d0': {'_a5_': 0.07503236846251352, '_a6_': 6.708506209332048, '_a7_': 1.4465760891702437, '_a0_': 1.0, '_a1_': 1.0, '_a2_': 1.0, '_a3_': 1.0, '_a4_': 1.0}};{'d0': 0.024905832919416632};-280.569866449044;34.90235255456606
38347;-105.382580669956;((_a7_ + (pow2(((_a7_ * _a7_) + (x * _a6_))) * _a5_)) * x);{'d0': {'_a5_': 0.07503236846251352, '_a6_': 6.708506209332048, '_a7_': 1.4465760891702437, '_a0_': 1.0, '_a1_': 1.0, '_a2_': 1.0, '_a3_': 1.0, '_a4_': 1.0}};{'d0': 0.024905832919416632};-280.569866449044;34.90235255456606
38348;-105.382580669956;((_a7_ + (pow2(((_a7_ * _a7_) + (x * _a6_))) * _a5_)) * x);{'d0': {'_a5_': 0.07503236846251352, '_a6_': 6.708506209332048, '_a7_': 1.4465760891702437, '_a0_': 1.0, '_a1_': 1.0, '_a2_': 1.0, '_a3_': 1.0, '_a4_': 1.0}};{'d0': 0.024905832919416632};-280.569866449044;34.90235255456606
38349;-105.382580669956;((_a7_ + (pow2(((_a7_ * _a7_) + (x * _a6_))) * _a5_)) * x);{'d0': {'_a5_': 0.07503236846251352, '_a6_': 6.708506209332048, '_a7_': 1.4465760891702437, '_a0_': 1.0, '_a1_': 1.0, '_a2_': 1.0, '_a3_': 1.0, '_a4_': 1.0}};{'d0': 0.024905832919416632};-280.569866449044;34.90235255456606
38350;-105.382580669956;((_a7_ + (pow2(((_a7_ * _a7_) + (x * _a6_))) * _a5_)) * x);{'d0': {'_a5_': 0.07503236846251352, '_a6_': 6.708506209332048, '_a7_': 1.4465760891702437, '_a0_': 1.0, '_a1_': 1.0, '_a2_': 1.0, '_a3_': 1.0, '_a4_': 1.0}};{'d0': 0.024905832919416632};-280.569866449044;34.90235255456606
38351;-98.1382168817567;(x * ((((_a0_ * x) + _a5_) * x) + ((_a1_ + (_a0_ * _a1_)) * _a1_)));{'d0': {'_a0_': 3.3767608791041805, '_a1_': 0.636853196545726, '_a5_': 2.1066240688500857, '_a2_': 1.0, '_a3_': 1.0, '_a4_': 1.0, '_a6_': 1.0, '_a7_': 1.0}};{'d0': 0.024905832919416632};-280.569866449044;42.146716342765025
38352;-98.1382168817567;(x * ((((_a0_ * x) + _a5_) * x) + ((_a1_ + (_a0_ * _a1_)) * _a1_)));{'d0': {'_a0_': 3.3767608791041805, '_a1_': 0.636853196545726, '_a5_': 2.1066240688500857, '_a2_': 1.0, '_a3_': 1.0, '_a4_': 1.0, '_a6_': 1.0, '_a7_': 1.0}};{'d0': 0.024905832919416632};-280.569866449044;42.146716342765025
38353;-98.1382168817567;(x * ((((_a0_ * x) + _a5_) * x) + ((_a1_ + (_a0_ * _a1_)) * _a1_)));{'d0': {'_a0_': 3.3767608791041805, '_a1_': 0.636853196545726, '_a5_': 2.1066240688500857, '_a2_': 1.0, '_a3_': 1.0, '_a4_': 1.0, '_a6_': 1.0, '_a7_': 1.0}};{'d0': 0.024905832919416632};-280.569866449044;42.146716342765025
38354;-98.1382168817567;(x * ((((_a0_ * x) + _a5_) * x) + ((_a1_ + (_a0_ * _a1_)) * _a1_)));{'d0': {'_a0_': 3.3767608791041805, '_a1_': 0.636853196545726, '_a5_': 2.1066240688500857, '_a2_': 1.0, '_a3_': 1.0, '_a4_': 1.0, '_a6_': 1.0, '_a7_': 1.0}};{'d0': 0.024905832919416632};-280.569866449044;42.146716342765025
38355;-98.1382168817567;(x * ((((_a0_ * x) + _a5_) * x) + ((_a1_ + (_a0_ * _a1_)) * _a1_)));{'d0': {'_a0_': 3.3767608791041805, '_a1_': 0.636853196545726, '_a5_': 2.1066240688500857, '_a2_': 1.0, '_a3_': 1.0, '_a4_': 1.0, '_a6_': 1.0, '_a7_': 1.0}};{'d0': 0.024905832919416632};-280.569866449044;42.146716342765025
38356;-98.1382168817567;(x * ((((_a0_ * x) + _a5_) * x) + ((_a1_ + (_a0_ * _a1_)) * _a1_)));{'d0': {'_a0_': 3.3767608791041805, '_a1_': 0.636853196545726, '_a5_': 2.1066240688500857, '_a2_': 1.0, '_a3_': 1.0, '_a4_': 1.0, '_a6_': 1.0, '_a7_': 1.0}};{'d0': 0.024905832919416632};-280.569866449044;42.146716342765025
38357;-98.1382168817567;(x * ((((_a0_ * x) + _a5_) * x) + ((_a1_ + (_a0_ * _a1_)) * _a1_)));{'d0': {'_a0_': 3.3767608791041805, '_a1_': 0.636853196545726, '_a5_': 2.1066240688500857, '_a2_': 1.0, '_a3_': 1.0, '_a4_': 1.0, '_a6_': 1.0, '_a7_': 1.0}};{'d0': 0.024905832919416632};-280.569866449044;42.146716342765025
38358;-98.1382168817567;(x * ((((_a0_ * x) + _a5_) * x) + ((_a1_ + (_a0_ * _a1_)) * _a1_)));{'d0': {'_a0_': 3.3767608791041805, '_a1_': 0.636853196545726, '_a5_': 2.1066240688500857, '_a2_': 1.0, '_a3_': 1.0, '_a4_': 1.0, '_a6_': 1.0, '_a7_': 1.0}};{'d0': 0.024905832919416632};-280.569866449044;42.146716342765025
38359;-98.1382168817567;(x * ((((_a0_ * x) + _a5_) * x) + ((_a1_ + (_a0_ * _a1_)) * _a1_)));{'d0': {'_a0_': 3.3767608791041805, '_a1_': 0.636853196545726, '_a5_': 2.1066240688500857, '_a2_': 1.0, '_a3_': 1.0, '_a4_': 1.0, '_a6_': 1.0, '_a7_': 1.0}};{'d0': 0.024905832919416632};-280.569866449044;42.146716342765025
38360;-98.1382168817567;(x * ((((_a0_ * x) + _a5_) * x) + ((_a1_ + (_a0_ * _a1_)) * _a1_)));{'d0': {'_a0_': 3.3767608791041805, '_a1_': 0.636853196545726, '_a5_': 2.1066240688500857, '_a2_': 1.0, '_a3_': 1.0, '_a4_': 1.0, '_a6_': 1.0, '_a7_': 1.0}};{'d0': 0.024905832919416632};-280.569866449044;42.146716342765025
38361;-98.1382168817567;(x * ((((_a0_ * x) + _a5_) * x) + ((_a1_ + (_a0_ * _a1_)) * _a1_)));{'d0': {'_a0_': 3.3767608791041805, '_a1_': 0.636853196545726, '_a5_': 2.1066240688500857, '_a2_': 1.0, '_a3_': 1.0, '_a4_': 1.0, '_a6_': 1.0, '_a7_': 1.0}};{'d0': 0.024905832919416632};-280.569866449044;42.146716342765025
38362;-98.1382168817567;(x * ((((_a0_ * x) + _a5_) * x) + ((_a1_ + (_a0_ * _a1_)) * _a1_)));{'d0': {'_a0_': 3.3767608791041805, '_a1_': 0.636853196545726, '_a5_': 2.1066240688500857, '_a2_': 1.0, '_a3_': 1.0, '_a4_': 1.0, '_a6_': 1.0, '_a7_': 1.0}};{'d0': 0.024905832919416632};-280.569866449044;42.146716342765025
38363;-98.1382168817567;(x * ((((_a0_ * x) + _a5_) * x) + ((_a1_ + (_a0_ * _a1_)) * _a1_)));{'d0': {'_a0_': 3.3767608791041805, '_a1_': 0.636853196545726, '_a5_': 2.1066240688500857, '_a2_': 1.0, '_a3_': 1.0, '_a4_': 1.0, '_a6_': 1.0, '_a7_': 1.0}};{'d0': 0.024905832919416632};-280.569866449044;42.146716342765025
38364;-105.382580669956;((_a7_ + (pow2(((_a7_ * _a7_) + (x * _a6_))) * _a5_)) * x);{'d0': {'_a5_': 0.07503236846251352, '_a6_': 6.708506209332048, '_a7_': 1.4465760891702437, '_a0_': 1.0, '_a1_': 1.0, '_a2_': 1.0, '_a3_': 1.0, '_a4_': 1.0}};{'d0': 0.024905832919416632};-280.569866449044;34.90235255456606
38365;-101.702633509696;((_a7_ + (pow2(((_a7_ * _a7_) + (x * _a6_))) * -(_a3_))) * x);{'d0': {'_a3_': -0.07503236799343448, '_a6_': 6.708506225262552, '_a7_': 1.4465760907950818, '_a0_': 1.0, '_a1_': 1.0, '_a2_': 1.0, '_a4_': 1.0, '_a5_': 1.0}};{'d0': 0.02490583291941665};-280.569866449044;38.58229971482645
38366;-101.702633509696;((_a7_ + (pow2(((_a7_ * _a7_) + (x * _a6_))) * -(_a3_))) * x);{'d0': {'_a3_': -0.07503236799343448, '_a6_': 6.708506225262552, '_a7_': 1.4465760907950818, '_a0_': 1.0, '_a1_': 1.0, '_a2_': 1.0, '_a4_': 1.0, '_a5_': 1.0}};{'d0': 0.02490583291941665};-280.569866449044;38.58229971482645
38367;-101.702633509696;((_a7_ + (pow2(((_a7_ * _a7_) + (x * _a6_))) * -(_a3_))) * x);{'d0': {'_a3_': -0.07503236799343448, '_a6_': 6.708506225262552, '_a7_': 1.4465760907950818, '_a0_': 1.0, '_a1_': 1.0, '_a2_': 1.0, '_a4_': 1.0, '_a5_': 1.0}};{'d0': 0.02490583291941665};-280.569866449044;38.58229971482645
38368;-101.702633509696;((_a7_ + (pow2(((_a7_ * _a7_) + (x * _a6_))) * -(_a3_))) * x);{'d0': {'_a3_': -0.07503236799343448, '_a6_': 6.708506225262552, '_a7_': 1.4465760907950818, '_a0_': 1.0, '_a1_': 1.0, '_a2_': 1.0, '_a4_': 1.0, '_a5_': 1.0}};{'d0': 0.02490583291941665};-280.569866449044;38.58229971482645
38369;-101.702633509696;((_a7_ + (pow2(((_a7_ * _a7_) + (x * _a6_))) * -(_a3_))) * x);{'d0': {'_a3_': -0.07503236799343448, '_a6_': 6.708506225262552, '_a7_': 1.4465760907950818, '_a0_': 1.0, '_a1_': 1.0, '_a2_': 1.0, '_a4_': 1.0, '_a5_': 1.0}};{'d0': 0.02490583291941665};-280.569866449044;38.58229971482645
38370;-101.702633509696;((_a7_ + (pow2(((_a7_ * _a7_) + (x * _a6_))) * -(_a3_))) * x);{'d0': {'_a3_': -0.07503236799343448, '_a6_': 6.708506225262552, '_a7_': 1.4465760907950818, '_a0_': 1.0, '_a1_': 1.0, '_a2_': 1.0, '_a4_': 1.0, '_a5_': 1.0}};{'d0': 0.02490583291941665};-280.569866449044;38.58229971482645
38371;-101.702633509696;((_a7_ + (pow2(((_a7_ * _a7_) + (x * _a6_))) * -(_a3_))) * x);{'d0': {'_a3_': -0.07503236799343448, '_a6_': 6.708506225262552, '_a7_': 1.4465760907950818, '_a0_': 1.0, '_a1_': 1.0, '_a2_': 1.0, '_a4_': 1.0, '_a5_': 1.0}};{'d0': 0.02490583291941665};-280.569866449044;38.58229971482645
38372;-98.1382168817567;(x * ((((_a0_ * x) + _a5_) * x) + ((_a1_ + (_a0_ * _a1_)) * _a1_)));{'d0': {'_a0_': 3.3767608791041805, '_a1_': 0.636853196545726, '_a5_': 2.1066240688500857, '_a2_': 1.0, '_a3_': 1.0, '_a4_': 1.0, '_a6_': 1.0, '_a7_': 1.0}};{'d0': 0.024905832919416632};-280.569866449044;42.146716342765025
38373;-98.1382168817567;(x * ((((_a0_ * x) + _a5_) * x) + ((_a1_ + (_a0_ * _a1_)) * _a1_)));{'d0': {'_a0_': 3.3767608791041805, '_a1_': 0.636853196545726, '_a5_': 2.1066240688500857, '_a2_': 1.0, '_a3_': 1.0, '_a4_': 1.0, '_a6_': 1.0, '_a7_': 1.0}};{'d0': 0.024905832919416632};-280.569866449044;42.146716342765025
38374;-98.1382168817567;(x * ((((_a0_ * x) + _a5_) * x) + ((_a1_ + (_a0_ * _a1_)) * _a1_)));{'d0': {'_a0_': 3.3767608791041805, '_a1_': 0.636853196545726, '_a5_': 2.1066240688500857, '_a2_': 1.0, '_a3_': 1.0, '_a4_': 1.0, '_a6_': 1.0, '_a7_': 1.0}};{'d0': 0.024905832919416632};-280.569866449044;42.146716342765025
38375;-98.1382168817567;(x * ((((_a0_ * x) + _a5_) * x) + ((_a1_ + (_a0_ * _a1_)) * _a1_)));{'d0': {'_a0_': 3.3767608791041805, '_a1_': 0.636853196545726, '_a5_': 2.1066240688500857, '_a2_': 1.0, '_a3_': 1.0, '_a4_': 1.0, '_a6_': 1.0, '_a7_': 1.0}};{'d0': 0.024905832919416632};-280.569866449044;42.146716342765025
38376;-98.1382168817567;(x * ((((_a0_ * x) + _a5_) * x) + ((_a1_ + (_a0_ * _a1_)) * _a1_)));{'d0': {'_a0_': 3.3767608791041805, '_a1_': 0.636853196545726, '_a5_': 2.1066240688500857, '_a2_': 1.0, '_a3_': 1.0, '_a4_': 1.0, '_a6_': 1.0, '_a7_': 1.0}};{'d0': 0.024905832919416632};-280.569866449044;42.146716342765025
38377;-98.1382168817567;(x * ((((_a0_ * x) + _a5_) * x) + ((_a1_ + (_a0_ * _a1_)) * _a1_)));{'d0': {'_a0_': 3.3767608791041805, '_a1_': 0.636853196545726, '_a5_': 2.1066240688500857, '_a2_': 1.0, '_a3_': 1.0, '_a4_': 1.0, '_a6_': 1.0, '_a7_': 1.0}};{'d0': 0.024905832919416632};-280.569866449044;42.146716342765025
38378;-98.0221812714344;((-(_a7_) + (pow2(((_a7_ * _a3_) + (x * _a6_))) * -(_a3_))) * x);{'d0': {'_a3_': -0.5394821421856911, '_a6_': 2.5018520130529476, '_a7_': -1.4465760892951418, '_a0_': 1.0, '_a1_': 1.0, '_a2_': 1.0, '_a4_': 1.0, '_a5_': 1.0}};{'d0': 0.024905832919416632};-280.569866449044;42.262751953087616
38379;-98.0221812714344;((-(_a7_) + (pow2(((_a7_ * _a3_) + (x * _a6_))) * -(_a3_))) * x);{'d0': {'_a3_': -0.5394821421856911, '_a6_': 2.5018520130529476, '_a7_': -1.4465760892951418, '_a0_': 1.0, '_a1_': 1.0, '_a2_': 1.0, '_a4_': 1.0, '_a5_': 1.0}};{'d0': 0.024905832919416632};-280.569866449044;42.262751953087616
38380;-98.0221812714344;((-(_a7_) + (pow2(((_a7_ * _a3_) + (x * _a6_))) * -(_a3_))) * x);{'d0': {'_a3_': -0.5394821421856911, '_a6_': 2.5018520130529476, '_a7_': -1.4465760892951418, '_a0_': 1.0, '_a1_': 1.0, '_a2_': 1.0, '_a4_': 1.0, '_a5_': 1.0}};{'d0': 0.024905832919416632};-280.569866449044;42.262751953087616
38381;-98.0221812714344;((-(_a7_) + (pow2(((_a7_ * _a3_) + (x * _a6_))) * -(_a3_))) * x);{'d0': {'_a3_': -0.5394821421856911, '_a6_': 2.5018520130529476, '_a7_': -1.4465760892951418, '_a0_': 1.0, '_a1_': 1.0, '_a2_': 1.0, '_a4_': 1.0, '_a5_': 1.0}};{'d0': 0.024905832919416632};-280.569866449044;42.262751953087616
38382;-100.924348915668;((-(_a7_) + (pow2((_a5_ + (x * _a6_))) * -(_a3_))) * x);{'d0': {'_a3_': -0.597819686759933, '_a5_': 0.7413474014091469, '_a6_': 2.3766489142729825, '_a7_': -1.4465760894958568, '_a0_': 1.0, '_a1_': 1.0, '_a2_': 1.0, '_a4_': 1.0}};{'d0': 0.024905832919509922};-276.475521886597;37.31341202763062
38383;-100.924348915668;((-(_a7_) + (pow2((_a5_ + (x * _a6_))) * -(_a3_))) * x);{'d0': {'_a3_': -0.597819686759933, '_a5_': 0.7413474014091469, '_a6_': 2.3766489142729825, '_a7_': -1.4465760894958568, '_a0_': 1.0, '_a1_': 1.0, '_a2_': 1.0, '_a4_': 1.0}};{'d0': 0.024905832919509922};-276.475521886597;37.31341202763062
38384;-100.924348915668;((-(_a7_) + (pow2((_a5_ + (x * _a6_))) * -(_a3_))) * x);{'d0': {'_a3_': -0.597819686759933, '_a5_': 0.7413474014091469, '_a6_': 2.3766489142729825, '_a7_': -1.4465760894958568, '_a0_': 1.0, '_a1_': 1.0, '_a2_': 1.0, '_a4_': 1.0}};{'d0': 0.024905832919509922};-276.475521886597;37.31341202763062
38385;-100.924348915668;((-(_a7_) + (pow2((_a5_ + (x * _a6_))) * -(_a3_))) * x);{'d0': {'_a3_': -0.597819686759933, '_a5_': 0.7413474014091469, '_a6_': 2.3766489142729825, '_a7_': -1.4465760894958568, '_a0_': 1.0, '_a1_': 1.0, '_a2_': 1.0, '_a4_': 1.0}};{'d0': 0.024905832919509922};-276.475521886597;37.31341202763062
38386;-100.924348915668;((-(_a7_) + (pow2((_a5_ + (x * _a6_))) * -(_a3_))) * x);{'d0': {'_a3_': -0.597819686759933, '_a5_': 0.7413474014091469, '_a6_': 2.3766489142729825, '_a7_': -1.4465760894958568, '_a0_': 1.0, '_a1_': 1.0, '_a2_': 1.0, '_a4_': 1.0}};{'d0': 0.024905832919509922};-276.475521886597;37.31341202763062
38387;-100.924348915668;((-(_a7_) + (pow2((_a5_ + (x * _a6_))) * -(_a3_))) * x);{'d0': {'_a3_': -0.597819686759933, '_a5_': 0.7413474014091469, '_a6_': 2.3766489142729825, '_a7_': -1.4465760894958568, '_a0_': 1.0, '_a1_': 1.0, '_a2_': 1.0, '_a4_': 1.0}};{'d0': 0.024905832919509922};-276.475521886597;37.31341202763062
38388;-100.924348915668;((-(_a7_) + (pow2((_a5_ + (x * _a6_))) * -(_a3_))) * x);{'d0': {'_a3_': -0.597819686759933, '_a5_': 0.7413474014091469, '_a6_': 2.3766489142729825, '_a7_': -1.4465760894958568, '_a0_': 1.0, '_a1_': 1.0, '_a2_': 1.0, '_a4_': 1.0}};{'d0': 0.024905832919509922};-276.475521886597;37.31341202763062
38389;-100.924348915668;((-(_a7_) + (pow2((_a5_ + (x * _a6_))) * -(_a3_))) * x);{'d0': {'_a3_': -0.597819686759933, '_a5_': 0.7413474014091469, '_a6_': 2.3766489142729825, '_a7_': -1.4465760894958568, '_a0_': 1.0, '_a1_': 1.0, '_a2_': 1.0, '_a4_': 1.0}};{'d0': 0.024905832919509922};-276.475521886597;37.31341202763062
38390;-100.924348915668;((-(_a7_) + (pow2((_a5_ + (x * _a6_))) * -(_a3_))) * x);{'d0': {'_a3_': -0.597819686759933, '_a5_': 0.7413474014091469, '_a6_': 2.3766489142729825, '_a7_': -1.4465760894958568, '_a0_': 1.0, '_a1_': 1.0, '_a2_': 1.0, '_a4_': 1.0}};{'d0': 0.024905832919509922};-276.475521886597;37.31341202763062
38391;-100.924348915668;((-(_a7_) + (pow2((_a5_ + (x * _a6_))) * -(_a3_))) * x);{'d0': {'_a3_': -0.597819686759933, '_a5_': 0.7413474014091469, '_a6_': 2.3766489142729825, '_a7_': -1.4465760894958568, '_a0_': 1.0, '_a1_': 1.0, '_a2_': 1.0, '_a4_': 1.0}};{'d0': 0.024905832919509922};-276.475521886597;37.31341202763062
38392;-100.001039788417;((-(_a7_) + (pow2((_a5_ + (x / _a6_))) * -(_a3_))) * x);{'d0': {'_a3_': -0.908995547195242, '_a5_': -0.6012096834587255, '_a6_': -0.5188367612040469, '_a7_': -1.4465760891389452, '_a0_': 1.0, '_a1_': 1.0, '_a2_': 1.0, '_a4_': 1.0}};{'d0': 0.024905832919496176};-276.475521886630;38.23672115489802
38393;-100.001039788417;((-(_a7_) + (pow2((_a5_ + (x / _a6_))) * -(_a3_))) * x);{'d0': {'_a3_': -0.908995547195242, '_a5_': -0.6012096834587255, '_a6_': -0.5188367612040469, '_a7_': -1.4465760891389452, '_a0_': 1.0, '_a1_': 1.0, '_a2_': 1.0, '_a4_': 1.0}};{'d0': 0.024905832919496176};-276.475521886630;38.23672115489802
38394;-107.848503836026;((-(_a7_) + (pow2((_a5_ + x)) * -(_a3_))) * x);{'d0': {'_a3_': -3.376760878012733, '_a5_': 0.3119297078212609, '_a7_': -1.4465760894577797, '_a0_': 1.0, '_a1_': 1.0, '_a2_': 1.0, '_a4_': 1.0, '_a6_': 1.0}};{'d0': 0.02490583291941658};-280.569866449044;32.43642938849562
38395;-107.848503836026;((-(_a7_) + (pow2((_a5_ + x)) * -(_a3_))) * x);{'d0': {'_a3_': -3.376760878012733, '_a5_': 0.3119297078212609, '_a7_': -1.4465760894577797, '_a0_': 1.0, '_a1_': 1.0, '_a2_': 1.0, '_a4_': 1.0, '_a6_': 1.0}};{'d0': 0.02490583291941658};-280.569866449044;32.43642938849562
38396;-107.848503836026;((-(_a7_) + (pow2((_a5_ + x)) * -(_a3_))) * x);{'d0': {'_a3_': -3.376760878012733, '_a5_': 0.3119297078212609, '_a7_': -1.4465760894577797, '_a0_': 1.0, '_a1_': 1.0, '_a2_': 1.0, '_a4_': 1.0, '_a6_': 1.0}};{'d0': 0.02490583291941658};-280.569866449044;32.43642938849562
38397;-107.848503836026;((-(_a7_) + (pow2((_a5_ + x)) * -(_a3_))) * x);{'d0': {'_a3_': -3.376760878012733, '_a5_': 0.3119297078212609, '_a7_': -1.4465760894577797, '_a0_': 1.0, '_a1_': 1.0, '_a2_': 1.0, '_a4_': 1.0, '_a6_': 1.0}};{'d0': 0.02490583291941658};-280.569866449044;32.43642938849562
38398;-92.1145370365783;((-((_a7_ * _a1_)) * pow2(((pow2(cos((x + _a7_))) / _a7_) + _a3_))) * x);{'d0': {'_a1_': 5.088774925295373, '_a3_': 0.6710241824899361, '_a7_': -2.829331476302174, '_a0_': 1.0, '_a2_': 1.0, '_a4_': 1.0, '_a5_': 1.0, '_a6_': 1.0}};{'d0': 0.02405706481532463};-282.650265715060;49.210595820951866
38399;-92.1145370365783;((-((_a7_ * _a1_)) * pow2(((pow2(cos((x + _a7_))) / _a7_) + _a3_))) * x);{'d0': {'_a1_': 5.088774925295373, '_a3_': 0.6710241824899361, '_a7_': -2.829331476302174, '_a0_': 1.0, '_a2_': 1.0, '_a4_': 1.0, '_a5_': 1.0, '_a6_': 1.0}};{'d0': 0.02405706481532463};-282.650265715060;49.210595820951866
38400;-92.1145370365783;((-((_a7_ * _a1_)) * pow2(((pow2(cos((x + _a7_))) / _a7_) + _a3_))) * x);{'d0': {'_a1_': 5.088774925295373, '_a3_': 0.6710241824899361, '_a7_': -2.829331476302174, '_a0_': 1.0, '_a2_': 1.0, '_a4_': 1.0, '_a5_': 1.0, '_a6_': 1.0}};{'d0': 0.02405706481532463};-282.650265715060;49.210595820951866
38401;-92.1145370365783;((-((_a7_ * _a1_)) * pow2(((pow2(cos((x + _a7_))) / _a7_) + _a3_))) * x);{'d0': {'_a1_': 5.088774925295373, '_a3_': 0.6710241824899361, '_a7_': -2.829331476302174, '_a0_': 1.0, '_a2_': 1.0, '_a4_': 1.0, '_a5_': 1.0, '_a6_': 1.0}};{'d0': 0.02405706481532463};-282.650265715060;49.210595820951866
38402;-92.1145370365783;((-((_a7_ * _a1_)) * pow2(((pow2(cos((x + _a7_))) / _a7_) + _a3_))) * x);{'d0': {'_a1_': 5.088774925295373, '_a3_': 0.6710241824899361, '_a7_': -2.829331476302174, '_a0_': 1.0, '_a2_': 1.0, '_a4_': 1.0, '_a5_': 1.0, '_a6_': 1.0}};{'d0': 0.02405706481532463};-282.650265715060;49.210595820951866
38403;-92.1145370365783;((-((_a7_ * _a1_)) * pow2(((pow2(cos((x + _a7_))) / _a7_) + _a3_))) * x);{'d0': {'_a1_': 5.088774925295373, '_a3_': 0.6710241824899361, '_a7_': -2.829331476302174, '_a0_': 1.0, '_a2_': 1.0, '_a4_': 1.0, '_a5_': 1.0, '_a6_': 1.0}};{'d0': 0.02405706481532463};-282.650265715060;49.210595820951866
38404;-92.1145370365783;((-((_a7_ * _a1_)) * pow2(((pow2(cos((x + _a7_))) / _a7_) + _a3_))) * x);{'d0': {'_a1_': 5.088774925295373, '_a3_': 0.6710241824899361, '_a7_': -2.829331476302174, '_a0_': 1.0, '_a2_': 1.0, '_a4_': 1.0, '_a5_': 1.0, '_a6_': 1.0}};{'d0': 0.02405706481532463};-282.650265715060;49.210595820951866
38405;-92.1145370365783;((-((_a7_ * _a1_)) * pow2(((pow2(cos((x + _a7_))) / _a7_) + _a3_))) * x);{'d0': {'_a1_': 5.088774925295373, '_a3_': 0.6710241824899361, '_a7_': -2.829331476302174, '_a0_': 1.0, '_a2_': 1.0, '_a4_': 1.0, '_a5_': 1.0, '_a6_': 1.0}};{'d0': 0.02405706481532463};-282.650265715060;49.210595820951866
38406;-92.1145370365783;((-((_a7_ * _a1_)) * pow2(((pow2(cos((x + _a7_))) / _a7_) + _a3_))) * x);{'d0': {'_a1_': 5.088774925295373, '_a3_': 0.6710241824899361, '_a7_': -2.829331476302174, '_a0_': 1.0, '_a2_': 1.0, '_a4_': 1.0, '_a5_': 1.0, '_a6_': 1.0}};{'d0': 0.02405706481532463};-282.650265715060;49.210595820951866
38407;-92.1145370365783;((-((_a7_ * _a1_)) * pow2(((pow2(cos((x + _a7_))) / _a7_) + _a3_))) * x);{'d0': {'_a1_': 5.088774925295373, '_a3_': 0.6710241824899361, '_a7_': -2.829331476302174, '_a0_': 1.0, '_a2_': 1.0, '_a4_': 1.0, '_a5_': 1.0, '_a6_': 1.0}};{'d0': 0.02405706481532463};-282.650265715060;49.210595820951866
38408;-92.1145370365783;((-((_a7_ * _a1_)) * pow2(((pow2(cos((x + _a7_))) / _a7_) + _a3_))) * x);{'d0': {'_a1_': 5.088774925295373, '_a3_': 0.6710241824899361, '_a7_': -2.829331476302174, '_a0_': 1.0, '_a2_': 1.0, '_a4_': 1.0, '_a5_': 1.0, '_a6_': 1.0}};{'d0': 0.02405706481532463};-282.650265715060;49.210595820951866
38409;-107.848503836026;((-(_a7_) + (pow2((_a5_ + x)) * -(_a3_))) * x);{'d0': {'_a3_': -3.376760878012733, '_a5_': 0.3119297078212609, '_a7_': -1.4465760894577797, '_a0_': 1.0, '_a1_': 1.0, '_a2_': 1.0, '_a4_': 1.0, '_a6_': 1.0}};{'d0': 0.02490583291941658};-280.569866449044;32.43642938849562
38410;-107.848503836026;((-(_a7_) + (pow2((_a5_ + x)) * -(_a3_))) * x);{'d0': {'_a3_': -3.376760878012733, '_a5_': 0.3119297078212609, '_a7_': -1.4465760894577797, '_a0_': 1.0, '_a1_': 1.0, '_a2_': 1.0, '_a4_': 1.0, '_a6_': 1.0}};{'d0': 0.02490583291941658};-280.569866449044;32.43642938849562
38411;-107.848503836026;((-(_a7_) + (pow2((_a5_ + x)) * -(_a3_))) * x);{'d0': {'_a3_': -3.376760878012733, '_a5_': 0.3119297078212609, '_a7_': -1.4465760894577797, '_a0_': 1.0, '_a1_': 1.0, '_a2_': 1.0, '_a4_': 1.0, '_a6_': 1.0}};{'d0': 0.02490583291941658};-280.569866449044;32.43642938849562
38412;-107.848503836026;((-(_a7_) + (pow2((_a5_ + x)) * -(_a3_))) * x);{'d0': {'_a3_': -3.376760878012733, '_a5_': 0.3119297078212609, '_a7_': -1.4465760894577797, '_a0_': 1.0, '_a1_': 1.0, '_a2_': 1.0, '_a4_': 1.0, '_a6_': 1.0}};{'d0': 0.02490583291941658};-280.569866449044;32.43642938849562
38413;-107.848503836026;((-(_a7_) + (pow2((_a5_ + x)) * -(_a3_))) * x);{'d0': {'_a3_': -3.376760878012733, '_a5_': 0.3119297078212609, '_a7_': -1.4465760894577797, '_a0_': 1.0, '_a1_': 1.0, '_a2_': 1.0, '_a4_': 1.0, '_a6_': 1.0}};{'d0': 0.02490583291941658};-280.569866449044;32.43642938849562
38414;-107.848503836026;((-(_a7_) + (pow2((_a5_ + x)) * -(_a3_))) * x);{'d0': {'_a3_': -3.376760878012733, '_a5_': 0.3119297078212609, '_a7_': -1.4465760894577797, '_a0_': 1.0, '_a1_': 1.0, '_a2_': 1.0, '_a4_': 1.0, '_a6_': 1.0}};{'d0': 0.02490583291941658};-280.569866449044;32.43642938849562
38415;-107.848503836026;((-(_a7_) + (pow2((_a5_ + x)) * -(_a3_))) * x);{'d0': {'_a3_': -3.376760878012733, '_a5_': 0.3119297078212609, '_a7_': -1.4465760894577797, '_a0_': 1.0, '_a1_': 1.0, '_a2_': 1.0, '_a4_': 1.0, '_a6_': 1.0}};{'d0': 0.02490583291941658};-280.569866449044;32.43642938849562
38416;-107.848503836026;((-(_a7_) + (pow2((_a5_ + x)) * -(_a3_))) * x);{'d0': {'_a3_': -3.376760878012733, '_a5_': 0.3119297078212609, '_a7_': -1.4465760894577797, '_a0_': 1.0, '_a1_': 1.0, '_a2_': 1.0, '_a4_': 1.0, '_a6_': 1.0}};{'d0': 0.02490583291941658};-280.569866449044;32.43642938849562
38417;-107.848503836026;((-(_a7_) + (pow2((_a5_ + x)) * -(_a3_))) * x);{'d0': {'_a3_': -3.376760878012733, '_a5_': 0.3119297078212609, '_a7_': -1.4465760894577797, '_a0_': 1.0, '_a1_': 1.0, '_a2_': 1.0, '_a4_': 1.0, '_a6_': 1.0}};{'d0': 0.02490583291941658};-280.569866449044;32.43642938849562
38418;-101.927902786996;((-(_a7_) + (pow2(((_a7_ + _a4_) + x)) * -(_a3_))) * x);{'d0': {'_a3_': -3.3767608777309275, '_a4_': 1.7585057972515135, '_a7_': -1.4465760894677184, '_a0_': 1.0, '_a1_': 1.0, '_a2_': 1.0, '_a5_': 1.0, '_a6_': 1.0}};{'d0': 0.024905832919416594};-280.569866449044;38.357030437525616
38419;-101.927902786996;((-(_a7_) + (pow2(((_a7_ + _a4_) + x)) * -(_a3_))) * x);{'d0': {'_a3_': -3.3767608777309275, '_a4_': 1.7585057972515135, '_a7_': -1.4465760894677184, '_a0_': 1.0, '_a1_': 1.0, '_a2_': 1.0, '_a5_': 1.0, '_a6_': 1.0}};{'d0': 0.024905832919416594};-280.569866449044;38.357030437525616
38420;-101.927902786996;((-(_a7_) + (pow2(((_a7_ + _a4_) + x)) * -(_a3_))) * x);{'d0': {'_a3_': -3.3767608777309275, '_a4_': 1.7585057972515135, '_a7_': -1.4465760894677184, '_a0_': 1.0, '_a1_': 1.0, '_a2_': 1.0, '_a5_': 1.0, '_a6_': 1.0}};{'d0': 0.024905832919416594};-280.569866449044;38.357030437525616
38421;-101.927902786996;((-(_a7_) + (pow2(((_a7_ + _a4_) + x)) * -(_a3_))) * x);{'d0': {'_a3_': -3.3767608777309275, '_a4_': 1.7585057972515135, '_a7_': -1.4465760894677184, '_a0_': 1.0, '_a1_': 1.0, '_a2_': 1.0, '_a5_': 1.0, '_a6_': 1.0}};{'d0': 0.024905832919416594};-280.569866449044;38.357030437525616
38422;-101.927902786996;((-(_a7_) + (pow2(((_a7_ + _a4_) + x)) * -(_a3_))) * x);{'d0': {'_a3_': -3.3767608777309275, '_a4_': 1.7585057972515135, '_a7_': -1.4465760894677184, '_a0_': 1.0, '_a1_': 1.0, '_a2_': 1.0, '_a5_': 1.0, '_a6_': 1.0}};{'d0': 0.024905832919416594};-280.569866449044;38.357030437525616
38423;-101.927902786996;((-(_a7_) + (pow2(((_a7_ + _a4_) + x)) * -(_a3_))) * x);{'d0': {'_a3_': -3.3767608777309275, '_a4_': 1.7585057972515135, '_a7_': -1.4465760894677184, '_a0_': 1.0, '_a1_': 1.0, '_a2_': 1.0, '_a5_': 1.0, '_a6_': 1.0}};{'d0': 0.024905832919416594};-280.569866449044;38.357030437525616
38424;-101.927902786996;((-(_a7_) + (pow2(((_a7_ + _a4_) + x)) * -(_a3_))) * x);{'d0': {'_a3_': -3.3767608777309275, '_a4_': 1.7585057972515135, '_a7_': -1.4465760894677184, '_a0_': 1.0, '_a1_': 1.0, '_a2_': 1.0, '_a5_': 1.0, '_a6_': 1.0}};{'d0': 0.024905832919416594};-280.569866449044;38.357030437525616
38425;-101.927902786996;((-(_a7_) + (pow2(((_a7_ + _a4_) + x)) * -(_a3_))) * x);{'d0': {'_a3_': -3.3767608777309275, '_a4_': 1.7585057972515135, '_a7_': -1.4465760894677184, '_a0_': 1.0, '_a1_': 1.0, '_a2_': 1.0, '_a5_': 1.0, '_a6_': 1.0}};{'d0': 0.024905832919416594};-280.569866449044;38.357030437525616
38426;-101.927902786996;((-(_a7_) + (pow2(((_a7_ + _a4_) + x)) * -(_a3_))) * x);{'d0': {'_a3_': -3.3767608777309275, '_a4_': 1.7585057972515135, '_a7_': -1.4465760894677184, '_a0_': 1.0, '_a1_': 1.0, '_a2_': 1.0, '_a5_': 1.0, '_a6_': 1.0}};{'d0': 0.024905832919416594};-280.569866449044;38.357030437525616
38427;-101.927902786996;((-(_a7_) + (pow2(((_a7_ + _a4_) + x)) * -(_a3_))) * x);{'d0': {'_a3_': -3.3767608777309275, '_a4_': 1.7585057972515135, '_a7_': -1.4465760894677184, '_a0_': 1.0, '_a1_': 1.0, '_a2_': 1.0, '_a5_': 1.0, '_a6_': 1.0}};{'d0': 0.024905832919416594};-280.569866449044;38.357030437525616
38428;-100.932236373407;((-(_a7_) + (pow2(((_a7_ + _a4_) + x)) / -(_a3_))) * x);{'d0': {'_a3_': -0.2961417867387844, '_a4_': 1.7585057970152222, '_a7_': -1.4465760892288044, '_a0_': 1.0, '_a1_': 1.0, '_a2_': 1.0, '_a5_': 1.0, '_a6_': 1.0}};{'d0': 0.02490583291941666};-280.569866449044;39.35269685111501
38429;-100.932236373407;((-(_a7_) + (pow2(((_a7_ + _a4_) + x)) / -(_a3_))) * x);{'d0': {'_a3_': -0.2961417867387844, '_a4_': 1.7585057970152222, '_a7_': -1.4465760892288044, '_a0_': 1.0, '_a1_': 1.0, '_a2_': 1.0, '_a5_': 1.0, '_a6_': 1.0}};{'d0': 0.02490583291941666};-280.569866449044;39.35269685111501
38430;-100.932236373407;((-(_a7_) + (pow2(((_a7_ + _a4_) + x)) / -(_a3_))) * x);{'d0': {'_a3_': -0.2961417867387844, '_a4_': 1.7585057970152222, '_a7_': -1.4465760892288044, '_a0_': 1.0, '_a1_': 1.0, '_a2_': 1.0, '_a5_': 1.0, '_a6_': 1.0}};{'d0': 0.02490583291941666};-280.569866449044;39.35269685111501
38431;-100.932236373407;((-(_a7_) + (pow2(((_a7_ + _a4_) + x)) / -(_a3_))) * x);{'d0': {'_a3_': -0.2961417867387844, '_a4_': 1.7585057970152222, '_a7_': -1.4465760892288044, '_a0_': 1.0, '_a1_': 1.0, '_a2_': 1.0, '_a5_': 1.0, '_a6_': 1.0}};{'d0': 0.02490583291941666};-280.569866449044;39.35269685111501
38432;-106.852837422437;((-(_a7_) + (pow2((_a2_ + x)) / -(_a3_))) * x);{'d0': {'_a2_': 0.31192970773181306, '_a3_': -0.29614178690908366, '_a7_': -1.4465760896336761, '_a0_': 1.0, '_a1_': 1.0, '_a4_': 1.0, '_a5_': 1.0, '_a6_': 1.0}};{'d0': 0.024905832919416577};-280.569866449044;33.432095802085016
38433;-106.852837422437;((-(_a7_) + (pow2((_a2_ + x)) / -(_a3_))) * x);{'d0': {'_a2_': 0.31192970773181306, '_a3_': -0.29614178690908366, '_a7_': -1.4465760896336761, '_a0_': 1.0, '_a1_': 1.0, '_a4_': 1.0, '_a5_': 1.0, '_a6_': 1.0}};{'d0': 0.024905832919416577};-280.569866449044;33.432095802085016
38434;-106.852837422437;((-(_a7_) + (pow2((_a2_ + x)) / -(_a3_))) * x);{'d0': {'_a2_': 0.31192970773181306, '_a3_': -0.29614178690908366, '_a7_': -1.4465760896336761, '_a0_': 1.0, '_a1_': 1.0, '_a4_': 1.0, '_a5_': 1.0, '_a6_': 1.0}};{'d0': 0.024905832919416577};-280.569866449044;33.432095802085016
38435;-106.852837422437;((-(_a7_) + (pow2((_a2_ + x)) / -(_a3_))) * x);{'d0': {'_a2_': 0.31192970773181306, '_a3_': -0.29614178690908366, '_a7_': -1.4465760896336761, '_a0_': 1.0, '_a1_': 1.0, '_a4_': 1.0, '_a5_': 1.0, '_a6_': 1.0}};{'d0': 0.024905832919416577};-280.569866449044;33.432095802085016
38436;-106.852837422437;((-(_a7_) + (pow2((_a2_ + x)) / -(_a3_))) * x);{'d0': {'_a2_': 0.31192970773181306, '_a3_': -0.29614178690908366, '_a7_': -1.4465760896336761, '_a0_': 1.0, '_a1_': 1.0, '_a4_': 1.0, '_a5_': 1.0, '_a6_': 1.0}};{'d0': 0.024905832919416577};-280.569866449044;33.432095802085016
38437;-106.852837422437;((-(_a7_) + (pow2((_a2_ + x)) / -(_a3_))) * x);{'d0': {'_a2_': 0.31192970773181306, '_a3_': -0.29614178690908366, '_a7_': -1.4465760896336761, '_a0_': 1.0, '_a1_': 1.0, '_a4_': 1.0, '_a5_': 1.0, '_a6_': 1.0}};{'d0': 0.024905832919416577};-280.569866449044;33.432095802085016
38438;-106.852837422437;((-(_a7_) + (pow2((_a2_ + x)) / -(_a3_))) * x);{'d0': {'_a2_': 0.31192970773181306, '_a3_': -0.29614178690908366, '_a7_': -1.4465760896336761, '_a0_': 1.0, '_a1_': 1.0, '_a4_': 1.0, '_a5_': 1.0, '_a6_': 1.0}};{'d0': 0.024905832919416577};-280.569866449044;33.432095802085016
38439;-106.852837422437;((-(_a7_) + (pow2((_a2_ + x)) / -(_a3_))) * x);{'d0': {'_a2_': 0.31192970773181306, '_a3_': -0.29614178690908366, '_a7_': -1.4465760896336761, '_a0_': 1.0, '_a1_': 1.0, '_a4_': 1.0, '_a5_': 1.0, '_a6_': 1.0}};{'d0': 0.024905832919416577};-280.569866449044;33.432095802085016
38440;-106.852837422437;((-(_a7_) + (pow2((_a2_ + x)) / -(_a3_))) * x);{'d0': {'_a2_': 0.31192970773181306, '_a3_': -0.29614178690908366, '_a7_': -1.4465760896336761, '_a0_': 1.0, '_a1_': 1.0, '_a4_': 1.0, '_a5_': 1.0, '_a6_': 1.0}};{'d0': 0.024905832919416577};-280.569866449044;33.432095802085016
38441;-106.852837422437;((-(_a7_) + (pow2((_a2_ + x)) / -(_a3_))) * x);{'d0': {'_a2_': 0.31192970773181306, '_a3_': -0.29614178690908366, '_a7_': -1.4465760896336761, '_a0_': 1.0, '_a1_': 1.0, '_a4_': 1.0, '_a5_': 1.0, '_a6_': 1.0}};{'d0': 0.024905832919416577};-280.569866449044;33.432095802085016
38442;-106.852837422437;((-(_a7_) + (pow2((_a2_ + x)) / -(_a3_))) * x);{'d0': {'_a2_': 0.31192970773181306, '_a3_': -0.29614178690908366, '_a7_': -1.4465760896336761, '_a0_': 1.0, '_a1_': 1.0, '_a4_': 1.0, '_a5_': 1.0, '_a6_': 1.0}};{'d0': 0.024905832919416577};-280.569866449044;33.432095802085016
38443;-106.852837422437;((-(_a7_) + (pow2((_a2_ + x)) / -(_a3_))) * x);{'d0': {'_a2_': 0.31192970773181306, '_a3_': -0.29614178690908366, '_a7_': -1.4465760896336761, '_a0_': 1.0, '_a1_': 1.0, '_a4_': 1.0, '_a5_': 1.0, '_a6_': 1.0}};{'d0': 0.024905832919416577};-280.569866449044;33.432095802085016
38444;-106.852837422437;((-(_a7_) + (pow2((_a2_ + x)) / -(_a3_))) * x);{'d0': {'_a2_': 0.31192970773181306, '_a3_': -0.29614178690908366, '_a7_': -1.4465760896336761, '_a0_': 1.0, '_a1_': 1.0, '_a4_': 1.0, '_a5_': 1.0, '_a6_': 1.0}};{'d0': 0.024905832919416577};-280.569866449044;33.432095802085016
38445;-106.852837422437;((-(_a7_) + (pow2((_a2_ + x)) / -(_a3_))) * x);{'d0': {'_a2_': 0.31192970773181306, '_a3_': -0.29614178690908366, '_a7_': -1.4465760896336761, '_a0_': 1.0, '_a1_': 1.0, '_a4_': 1.0, '_a5_': 1.0, '_a6_': 1.0}};{'d0': 0.024905832919416577};-280.569866449044;33.432095802085016
38446;-106.852837422437;((-(_a7_) + (pow2((_a2_ + x)) / -(_a3_))) * x);{'d0': {'_a2_': 0.31192970773181306, '_a3_': -0.29614178690908366, '_a7_': -1.4465760896336761, '_a0_': 1.0, '_a1_': 1.0, '_a4_': 1.0, '_a5_': 1.0, '_a6_': 1.0}};{'d0': 0.024905832919416577};-280.569866449044;33.432095802085016
38447;-106.852837422437;((-(_a7_) + (pow2((_a2_ + x)) / -(_a3_))) * x);{'d0': {'_a2_': 0.31192970773181306, '_a3_': -0.29614178690908366, '_a7_': -1.4465760896336761, '_a0_': 1.0, '_a1_': 1.0, '_a4_': 1.0, '_a5_': 1.0, '_a6_': 1.0}};{'d0': 0.024905832919416577};-280.569866449044;33.432095802085016
38448;-106.852837422437;((-(_a7_) + (pow2((_a2_ + x)) / -(_a3_))) * x);{'d0': {'_a2_': 0.31192970773181306, '_a3_': -0.29614178690908366, '_a7_': -1.4465760896336761, '_a0_': 1.0, '_a1_': 1.0, '_a4_': 1.0, '_a5_': 1.0, '_a6_': 1.0}};{'d0': 0.024905832919416577};-280.569866449044;33.432095802085016
38449;-106.852837422437;((-(_a7_) + (pow2((_a2_ + x)) / -(_a3_))) * x);{'d0': {'_a2_': 0.31192970773181306, '_a3_': -0.29614178690908366, '_a7_': -1.4465760896336761, '_a0_': 1.0, '_a1_': 1.0, '_a4_': 1.0, '_a5_': 1.0, '_a6_': 1.0}};{'d0': 0.024905832919416577};-280.569866449044;33.432095802085016
38450;-106.852837422437;((-(_a7_) + (pow2((_a2_ + x)) / -(_a3_))) * x);{'d0': {'_a2_': 0.31192970773181306, '_a3_': -0.29614178690908366, '_a7_': -1.4465760896336761, '_a0_': 1.0, '_a1_': 1.0, '_a4_': 1.0, '_a5_': 1.0, '_a6_': 1.0}};{'d0': 0.024905832919416577};-280.569866449044;33.432095802085016
38451;-106.852837422437;((-(_a7_) + (pow2((_a2_ + x)) / -(_a3_))) * x);{'d0': {'_a2_': 0.31192970773181306, '_a3_': -0.29614178690908366, '_a7_': -1.4465760896336761, '_a0_': 1.0, '_a1_': 1.0, '_a4_': 1.0, '_a5_': 1.0, '_a6_': 1.0}};{'d0': 0.024905832919416577};-280.569866449044;33.432095802085016
38452;-106.852837422437;((-(_a7_) + (pow2((_a2_ + x)) / -(_a3_))) * x);{'d0': {'_a2_': 0.31192970773181306, '_a3_': -0.29614178690908366, '_a7_': -1.4465760896336761, '_a0_': 1.0, '_a1_': 1.0, '_a4_': 1.0, '_a5_': 1.0, '_a6_': 1.0}};{'d0': 0.024905832919416577};-280.569866449044;33.432095802085016
38453;-106.852837422437;((-(_a7_) + (pow2((_a2_ + x)) / -(_a3_))) * x);{'d0': {'_a2_': 0.31192970773181306, '_a3_': -0.29614178690908366, '_a7_': -1.4465760896336761, '_a0_': 1.0, '_a1_': 1.0, '_a4_': 1.0, '_a5_': 1.0, '_a6_': 1.0}};{'d0': 0.024905832919416577};-280.569866449044;33.432095802085016
38454;-106.852837422437;((-(_a7_) + (pow2((_a2_ + x)) / -(_a3_))) * x);{'d0': {'_a2_': 0.31192970773181306, '_a3_': -0.29614178690908366, '_a7_': -1.4465760896336761, '_a0_': 1.0, '_a1_': 1.0, '_a4_': 1.0, '_a5_': 1.0, '_a6_': 1.0}};{'d0': 0.024905832919416577};-280.569866449044;33.432095802085016
38455;-106.852837422437;((-(_a7_) + (pow2((_a2_ + x)) / -(_a3_))) * x);{'d0': {'_a2_': 0.31192970773181306, '_a3_': -0.29614178690908366, '_a7_': -1.4465760896336761, '_a0_': 1.0, '_a1_': 1.0, '_a4_': 1.0, '_a5_': 1.0, '_a6_': 1.0}};{'d0': 0.024905832919416577};-280.569866449044;33.432095802085016
38456;-106.852837422437;((-(_a7_) + (pow2((_a2_ + x)) / -(_a3_))) * x);{'d0': {'_a2_': 0.31192970773181306, '_a3_': -0.29614178690908366, '_a7_': -1.4465760896336761, '_a0_': 1.0, '_a1_': 1.0, '_a4_': 1.0, '_a5_': 1.0, '_a6_': 1.0}};{'d0': 0.024905832919416577};-280.569866449044;33.432095802085016
38457;-106.852837422437;((-(_a7_) + (pow2((_a2_ + x)) / -(_a3_))) * x);{'d0': {'_a2_': 0.31192970773181306, '_a3_': -0.29614178690908366, '_a7_': -1.4465760896336761, '_a0_': 1.0, '_a1_': 1.0, '_a4_': 1.0, '_a5_': 1.0, '_a6_': 1.0}};{'d0': 0.024905832919416577};-280.569866449044;33.432095802085016
38458;-106.852837422437;((-(_a7_) + (pow2((_a2_ + x)) / -(_a3_))) * x);{'d0': {'_a2_': 0.31192970773181306, '_a3_': -0.29614178690908366, '_a7_': -1.4465760896336761, '_a0_': 1.0, '_a1_': 1.0, '_a4_': 1.0, '_a5_': 1.0, '_a6_': 1.0}};{'d0': 0.024905832919416577};-280.569866449044;33.432095802085016
38459;-106.852837422437;((-(_a7_) + (pow2((_a2_ + x)) / -(_a3_))) * x);{'d0': {'_a2_': 0.31192970773181306, '_a3_': -0.29614178690908366, '_a7_': -1.4465760896336761, '_a0_': 1.0, '_a1_': 1.0, '_a4_': 1.0, '_a5_': 1.0, '_a6_': 1.0}};{'d0': 0.024905832919416577};-280.569866449044;33.432095802085016
38460;-106.852837422437;((-(_a7_) + (pow2((_a2_ + x)) / -(_a3_))) * x);{'d0': {'_a2_': 0.31192970773181306, '_a3_': -0.29614178690908366, '_a7_': -1.4465760896336761, '_a0_': 1.0, '_a1_': 1.0, '_a4_': 1.0, '_a5_': 1.0, '_a6_': 1.0}};{'d0': 0.024905832919416577};-280.569866449044;33.432095802085016
38461;-106.852837422437;((-(_a7_) + (pow2((_a2_ + x)) / -(_a3_))) * x);{'d0': {'_a2_': 0.31192970773181306, '_a3_': -0.29614178690908366, '_a7_': -1.4465760896336761, '_a0_': 1.0, '_a1_': 1.0, '_a4_': 1.0, '_a5_': 1.0, '_a6_': 1.0}};{'d0': 0.024905832919416577};-280.569866449044;33.432095802085016
38462;-106.852837422437;((-(_a7_) + (pow2((_a2_ + x)) / -(_a3_))) * x);{'d0': {'_a2_': 0.31192970773181306, '_a3_': -0.29614178690908366, '_a7_': -1.4465760896336761, '_a0_': 1.0, '_a1_': 1.0, '_a4_': 1.0, '_a5_': 1.0, '_a6_': 1.0}};{'d0': 0.024905832919416577};-280.569866449044;33.432095802085016
38463;-106.852837422437;((-(_a7_) + (pow2((_a2_ + x)) / -(_a3_))) * x);{'d0': {'_a2_': 0.31192970773181306, '_a3_': -0.29614178690908366, '_a7_': -1.4465760896336761, '_a0_': 1.0, '_a1_': 1.0, '_a4_': 1.0, '_a5_': 1.0, '_a6_': 1.0}};{'d0': 0.024905832919416577};-280.569866449044;33.432095802085016
38464;-106.852837422437;((-(_a7_) + (pow2((_a2_ + x)) / -(_a3_))) * x);{'d0': {'_a2_': 0.31192970773181306, '_a3_': -0.29614178690908366, '_a7_': -1.4465760896336761, '_a0_': 1.0, '_a1_': 1.0, '_a4_': 1.0, '_a5_': 1.0, '_a6_': 1.0}};{'d0': 0.024905832919416577};-280.569866449044;33.432095802085016
38465;-106.852837422437;((-(_a7_) + (pow2((_a2_ + x)) / -(_a3_))) * x);{'d0': {'_a2_': 0.31192970773181306, '_a3_': -0.29614178690908366, '_a7_': -1.4465760896336761, '_a0_': 1.0, '_a1_': 1.0, '_a4_': 1.0, '_a5_': 1.0, '_a6_': 1.0}};{'d0': 0.024905832919416577};-280.569866449044;33.432095802085016
38466;-106.852837422437;((-(_a7_) + (pow2((_a2_ + x)) / -(_a3_))) * x);{'d0': {'_a2_': 0.31192970773181306, '_a3_': -0.29614178690908366, '_a7_': -1.4465760896336761, '_a0_': 1.0, '_a1_': 1.0, '_a4_': 1.0, '_a5_': 1.0, '_a6_': 1.0}};{'d0': 0.024905832919416577};-280.569866449044;33.432095802085016
38467;-106.852837422437;((-(_a7_) + (pow2((_a2_ + x)) / -(_a3_))) * x);{'d0': {'_a2_': 0.31192970773181306, '_a3_': -0.29614178690908366, '_a7_': -1.4465760896336761, '_a0_': 1.0, '_a1_': 1.0, '_a4_': 1.0, '_a5_': 1.0, '_a6_': 1.0}};{'d0': 0.024905832919416577};-280.569866449044;33.432095802085016
38468;-106.852837422437;((-(_a7_) + (pow2((_a2_ + x)) / -(_a3_))) * x);{'d0': {'_a2_': 0.31192970773181306, '_a3_': -0.29614178690908366, '_a7_': -1.4465760896336761, '_a0_': 1.0, '_a1_': 1.0, '_a4_': 1.0, '_a5_': 1.0, '_a6_': 1.0}};{'d0': 0.024905832919416577};-280.569866449044;33.432095802085016
38469;-106.852837422437;((-(_a7_) + (pow2((_a2_ + x)) / -(_a3_))) * x);{'d0': {'_a2_': 0.31192970773181306, '_a3_': -0.29614178690908366, '_a7_': -1.4465760896336761, '_a0_': 1.0, '_a1_': 1.0, '_a4_': 1.0, '_a5_': 1.0, '_a6_': 1.0}};{'d0': 0.024905832919416577};-280.569866449044;33.432095802085016
38470;-106.852837422437;((-(_a7_) + (pow2((_a2_ + x)) / -(_a3_))) * x);{'d0': {'_a2_': 0.31192970773181306, '_a3_': -0.29614178690908366, '_a7_': -1.4465760896336761, '_a0_': 1.0, '_a1_': 1.0, '_a4_': 1.0, '_a5_': 1.0, '_a6_': 1.0}};{'d0': 0.024905832919416577};-280.569866449044;33.432095802085016
38471;-106.852837422437;((-(_a7_) + (pow2((_a2_ + x)) / -(_a3_))) * x);{'d0': {'_a2_': 0.31192970773181306, '_a3_': -0.29614178690908366, '_a7_': -1.4465760896336761, '_a0_': 1.0, '_a1_': 1.0, '_a4_': 1.0, '_a5_': 1.0, '_a6_': 1.0}};{'d0': 0.024905832919416577};-280.569866449044;33.432095802085016
38472;-106.852837422437;((-(_a7_) + (pow2((_a2_ + x)) / -(_a3_))) * x);{'d0': {'_a2_': 0.31192970773181306, '_a3_': -0.29614178690908366, '_a7_': -1.4465760896336761, '_a0_': 1.0, '_a1_': 1.0, '_a4_': 1.0, '_a5_': 1.0, '_a6_': 1.0}};{'d0': 0.024905832919416577};-280.569866449044;33.432095802085016
38473;-106.852837422437;((-(_a7_) + (pow2((_a2_ + x)) / -(_a3_))) * x);{'d0': {'_a2_': 0.31192970773181306, '_a3_': -0.29614178690908366, '_a7_': -1.4465760896336761, '_a0_': 1.0, '_a1_': 1.0, '_a4_': 1.0, '_a5_': 1.0, '_a6_': 1.0}};{'d0': 0.024905832919416577};-280.569866449044;33.432095802085016
38474;-106.852837422437;((-(_a7_) + (pow2((_a2_ + x)) / -(_a3_))) * x);{'d0': {'_a2_': 0.31192970773181306, '_a3_': -0.29614178690908366, '_a7_': -1.4465760896336761, '_a0_': 1.0, '_a1_': 1.0, '_a4_': 1.0, '_a5_': 1.0, '_a6_': 1.0}};{'d0': 0.024905832919416577};-280.569866449044;33.432095802085016
38475;-106.852837422437;((-(_a7_) + (pow2((_a2_ + x)) / -(_a3_))) * x);{'d0': {'_a2_': 0.31192970773181306, '_a3_': -0.29614178690908366, '_a7_': -1.4465760896336761, '_a0_': 1.0, '_a1_': 1.0, '_a4_': 1.0, '_a5_': 1.0, '_a6_': 1.0}};{'d0': 0.024905832919416577};-280.569866449044;33.432095802085016
38476;-106.852837422437;((-(_a7_) + (pow2((_a2_ + x)) / -(_a3_))) * x);{'d0': {'_a2_': 0.31192970773181306, '_a3_': -0.29614178690908366, '_a7_': -1.4465760896336761, '_a0_': 1.0, '_a1_': 1.0, '_a4_': 1.0, '_a5_': 1.0, '_a6_': 1.0}};{'d0': 0.024905832919416577};-280.569866449044;33.432095802085016
38477;-106.852837422437;((-(_a7_) + (pow2((_a2_ + x)) / -(_a3_))) * x);{'d0': {'_a2_': 0.31192970773181306, '_a3_': -0.29614178690908366, '_a7_': -1.4465760896336761, '_a0_': 1.0, '_a1_': 1.0, '_a4_': 1.0, '_a5_': 1.0, '_a6_': 1.0}};{'d0': 0.024905832919416577};-280.569866449044;33.432095802085016
38478;-106.852837422437;((-(_a7_) + (pow2((_a2_ + x)) / -(_a3_))) * x);{'d0': {'_a2_': 0.31192970773181306, '_a3_': -0.29614178690908366, '_a7_': -1.4465760896336761, '_a0_': 1.0, '_a1_': 1.0, '_a4_': 1.0, '_a5_': 1.0, '_a6_': 1.0}};{'d0': 0.024905832919416577};-280.569866449044;33.432095802085016
38479;-106.852837422437;((-(_a7_) + (pow2((_a2_ + x)) / -(_a3_))) * x);{'d0': {'_a2_': 0.31192970773181306, '_a3_': -0.29614178690908366, '_a7_': -1.4465760896336761, '_a0_': 1.0, '_a1_': 1.0, '_a4_': 1.0, '_a5_': 1.0, '_a6_': 1.0}};{'d0': 0.024905832919416577};-280.569866449044;33.432095802085016
38480;-106.852837422437;((-(_a7_) + (pow2((_a2_ + x)) / -(_a3_))) * x);{'d0': {'_a2_': 0.31192970773181306, '_a3_': -0.29614178690908366, '_a7_': -1.4465760896336761, '_a0_': 1.0, '_a1_': 1.0, '_a4_': 1.0, '_a5_': 1.0, '_a6_': 1.0}};{'d0': 0.024905832919416577};-280.569866449044;33.432095802085016
38481;-101.684646197346;(_a7_ * (x * (_a7_ + ((pow2((_a4_ * x)) + x) * pow2(_a0_)))));{'d0': {'_a0_': 1.2574353037153343, '_a4_': 1.2660668365170094, '_a7_': 1.332342074732384, '_a1_': 1.0, '_a2_': 1.0, '_a3_': 1.0, '_a5_': 1.0, '_a6_': 1.0}};{'d0': 0.024905832919416587};-280.569866449044;38.60028702717605
38482;-101.684646197346;(_a7_ * (x * (_a7_ + ((pow2((_a4_ * x)) + x) * pow2(_a0_)))));{'d0': {'_a0_': 1.2574353037153343, '_a4_': 1.2660668365170094, '_a7_': 1.332342074732384, '_a1_': 1.0, '_a2_': 1.0, '_a3_': 1.0, '_a5_': 1.0, '_a6_': 1.0}};{'d0': 0.024905832919416587};-280.569866449044;38.60028702717605
38483;-101.684646197346;(_a7_ * (x * (_a7_ + ((pow2((_a4_ * x)) + x) * pow2(_a0_)))));{'d0': {'_a0_': 1.2574353037153343, '_a4_': 1.2660668365170094, '_a7_': 1.332342074732384, '_a1_': 1.0, '_a2_': 1.0, '_a3_': 1.0, '_a5_': 1.0, '_a6_': 1.0}};{'d0': 0.024905832919416587};-280.569866449044;38.60028702717605
38484;-101.684646197346;(_a7_ * (x * (_a7_ + ((pow2((_a4_ * x)) + x) * pow2(_a0_)))));{'d0': {'_a0_': 1.2574353037153343, '_a4_': 1.2660668365170094, '_a7_': 1.332342074732384, '_a1_': 1.0, '_a2_': 1.0, '_a3_': 1.0, '_a5_': 1.0, '_a6_': 1.0}};{'d0': 0.024905832919416587};-280.569866449044;38.60028702717605
38485;-101.684646197346;(_a7_ * (x * (_a7_ + ((pow2((_a4_ * x)) + x) * pow2(_a0_)))));{'d0': {'_a0_': 1.2574353037153343, '_a4_': 1.2660668365170094, '_a7_': 1.332342074732384, '_a1_': 1.0, '_a2_': 1.0, '_a3_': 1.0, '_a5_': 1.0, '_a6_': 1.0}};{'d0': 0.024905832919416587};-280.569866449044;38.60028702717605
38486;-101.684646197346;(_a7_ * (x * (_a7_ + ((pow2((_a4_ * x)) + x) * pow2(_a0_)))));{'d0': {'_a0_': 1.2574353037153343, '_a4_': 1.2660668365170094, '_a7_': 1.332342074732384, '_a1_': 1.0, '_a2_': 1.0, '_a3_': 1.0, '_a5_': 1.0, '_a6_': 1.0}};{'d0': 0.024905832919416587};-280.569866449044;38.60028702717605
38487;-101.684646197346;(_a7_ * (x * (_a7_ + ((pow2((_a4_ * x)) + x) * pow2(_a0_)))));{'d0': {'_a0_': 1.2574353037153343, '_a4_': 1.2660668365170094, '_a7_': 1.332342074732384, '_a1_': 1.0, '_a2_': 1.0, '_a3_': 1.0, '_a5_': 1.0, '_a6_': 1.0}};{'d0': 0.024905832919416587};-280.569866449044;38.60028702717605
38488;-101.684646197346;(_a7_ * (x * (_a7_ + ((pow2((_a4_ * x)) + x) * pow2(_a0_)))));{'d0': {'_a0_': 1.2574353037153343, '_a4_': 1.2660668365170094, '_a7_': 1.332342074732384, '_a1_': 1.0, '_a2_': 1.0, '_a3_': 1.0, '_a5_': 1.0, '_a6_': 1.0}};{'d0': 0.024905832919416587};-280.569866449044;38.60028702717605
38489;-101.684646197346;(_a7_ * (x * (_a7_ + ((pow2((_a4_ * x)) + x) * pow2(_a0_)))));{'d0': {'_a0_': 1.2574353037153343, '_a4_': 1.2660668365170094, '_a7_': 1.332342074732384, '_a1_': 1.0, '_a2_': 1.0, '_a3_': 1.0, '_a5_': 1.0, '_a6_': 1.0}};{'d0': 0.024905832919416587};-280.569866449044;38.60028702717605
38490;-101.684646197346;(_a7_ * (x * (_a7_ + ((pow2((_a4_ * x)) + x) * pow2(_a0_)))));{'d0': {'_a0_': 1.2574353037153343, '_a4_': 1.2660668365170094, '_a7_': 1.332342074732384, '_a1_': 1.0, '_a2_': 1.0, '_a3_': 1.0, '_a5_': 1.0, '_a6_': 1.0}};{'d0': 0.024905832919416587};-280.569866449044;38.60028702717605
38491;-101.684646197346;(_a7_ * (x * (_a7_ + ((pow2((_a4_ * x)) + x) * pow2(_a0_)))));{'d0': {'_a0_': 1.2574353037153343, '_a4_': 1.2660668365170094, '_a7_': 1.332342074732384, '_a1_': 1.0, '_a2_': 1.0, '_a3_': 1.0, '_a5_': 1.0, '_a6_': 1.0}};{'d0': 0.024905832919416587};-280.569866449044;38.60028702717605
38492;-101.684646197346;(_a7_ * (x * (_a7_ + ((pow2((_a4_ * x)) + x) * pow2(_a0_)))));{'d0': {'_a0_': 1.2574353037153343, '_a4_': 1.2660668365170094, '_a7_': 1.332342074732384, '_a1_': 1.0, '_a2_': 1.0, '_a3_': 1.0, '_a5_': 1.0, '_a6_': 1.0}};{'d0': 0.024905832919416587};-280.569866449044;38.60028702717605
38493;-101.684646197346;(_a7_ * (x * (_a7_ + ((pow2((_a4_ * x)) + x) * pow2(_a0_)))));{'d0': {'_a0_': 1.2574353037153343, '_a4_': 1.2660668365170094, '_a7_': 1.332342074732384, '_a1_': 1.0, '_a2_': 1.0, '_a3_': 1.0, '_a5_': 1.0, '_a6_': 1.0}};{'d0': 0.024905832919416587};-280.569866449044;38.60028702717605
38494;-101.684646197346;(_a7_ * (x * (_a7_ + ((pow2((_a4_ * x)) + x) * pow2(_a0_)))));{'d0': {'_a0_': 1.2574353037153343, '_a4_': 1.2660668365170094, '_a7_': 1.332342074732384, '_a1_': 1.0, '_a2_': 1.0, '_a3_': 1.0, '_a5_': 1.0, '_a6_': 1.0}};{'d0': 0.024905832919416587};-280.569866449044;38.60028702717605
38495;-100.360883458177;(_a7_ * (x * (_a7_ + ((pow2((_a4_ * x)) + x) * (_a4_ * _a1_)))));{'d0': {'_a1_': 1.2488626159294876, '_a4_': 1.2660668366906285, '_a7_': 1.3323420747282875, '_a0_': 1.0, '_a2_': 1.0, '_a3_': 1.0, '_a5_': 1.0, '_a6_': 1.0}};{'d0': 0.024905832919416643};-280.569866449044;39.92404976634505
38496;-100.360883458177;(_a7_ * (x * (_a7_ + ((pow2((_a4_ * x)) + x) * (_a4_ * _a1_)))));{'d0': {'_a1_': 1.2488626159294876, '_a4_': 1.2660668366906285, '_a7_': 1.3323420747282875, '_a0_': 1.0, '_a2_': 1.0, '_a3_': 1.0, '_a5_': 1.0, '_a6_': 1.0}};{'d0': 0.024905832919416643};-280.569866449044;39.92404976634505
38497;-100.360883458177;(_a7_ * (x * (_a7_ + ((pow2((_a4_ * x)) + x) * (_a4_ * _a1_)))));{'d0': {'_a1_': 1.2488626159294876, '_a4_': 1.2660668366906285, '_a7_': 1.3323420747282875, '_a0_': 1.0, '_a2_': 1.0, '_a3_': 1.0, '_a5_': 1.0, '_a6_': 1.0}};{'d0': 0.024905832919416643};-280.569866449044;39.92404976634505
38498;-100.360883458177;(_a7_ * (x * (_a7_ + ((pow2((_a4_ * x)) + x) * (_a4_ * _a1_)))));{'d0': {'_a1_': 1.2488626159294876, '_a4_': 1.2660668366906285, '_a7_': 1.3323420747282875, '_a0_': 1.0, '_a2_': 1.0, '_a3_': 1.0, '_a5_': 1.0, '_a6_': 1.0}};{'d0': 0.024905832919416643};-280.569866449044;39.92404976634505
38499;-100.360883458177;(_a7_ * (x * (_a7_ + ((pow2((_a4_ * x)) + x) * (_a4_ * _a1_)))));{'d0': {'_a1_': 1.2488626159294876, '_a4_': 1.2660668366906285, '_a7_': 1.3323420747282875, '_a0_': 1.0, '_a2_': 1.0, '_a3_': 1.0, '_a5_': 1.0, '_a6_': 1.0}};{'d0': 0.024905832919416643};-280.569866449044;39.92404976634505
38500;-100.360883458177;(_a7_ * (x * (_a7_ + ((pow2((_a4_ * x)) + x) * (_a4_ * _a1_)))));{'d0': {'_a1_': 1.2488626159294876, '_a4_': 1.2660668366906285, '_a7_': 1.3323420747282875, '_a0_': 1.0, '_a2_': 1.0, '_a3_': 1.0, '_a5_': 1.0, '_a6_': 1.0}};{'d0': 0.024905832919416643};-280.569866449044;39.92404976634505
38501;-100.360883458177;(_a7_ * (x * (_a7_ + ((pow2((_a4_ * x)) + x) * (_a4_ * _a1_)))));{'d0': {'_a1_': 1.2488626159294876, '_a4_': 1.2660668366906285, '_a7_': 1.3323420747282875, '_a0_': 1.0, '_a2_': 1.0, '_a3_': 1.0, '_a5_': 1.0, '_a6_': 1.0}};{'d0': 0.024905832919416643};-280.569866449044;39.92404976634505
38502;-100.360883458177;(_a7_ * (x * (_a7_ + ((pow2((_a4_ * x)) + x) * (_a4_ * _a1_)))));{'d0': {'_a1_': 1.2488626159294876, '_a4_': 1.2660668366906285, '_a7_': 1.3323420747282875, '_a0_': 1.0, '_a2_': 1.0, '_a3_': 1.0, '_a5_': 1.0, '_a6_': 1.0}};{'d0': 0.024905832919416643};-280.569866449044;39.92404976634505
38503;-100.360883458177;(_a7_ * (x * (_a7_ + ((pow2((_a4_ * x)) + x) * (_a4_ * _a1_)))));{'d0': {'_a1_': 1.2488626159294876, '_a4_': 1.2660668366906285, '_a7_': 1.3323420747282875, '_a0_': 1.0, '_a2_': 1.0, '_a3_': 1.0, '_a5_': 1.0, '_a6_': 1.0}};{'d0': 0.024905832919416643};-280.569866449044;39.92404976634505
38504;-100.360883458177;(_a7_ * (x * (_a7_ + ((pow2((_a4_ * x)) + x) * (_a4_ * _a1_)))));{'d0': {'_a1_': 1.2488626159294876, '_a4_': 1.2660668366906285, '_a7_': 1.3323420747282875, '_a0_': 1.0, '_a2_': 1.0, '_a3_': 1.0, '_a5_': 1.0, '_a6_': 1.0}};{'d0': 0.024905832919416643};-280.569866449044;39.92404976634505
38505;-100.360883458177;(_a7_ * (x * (_a7_ + ((pow2((_a4_ * x)) + x) * (_a4_ * _a1_)))));{'d0': {'_a1_': 1.2488626159294876, '_a4_': 1.2660668366906285, '_a7_': 1.3323420747282875, '_a0_': 1.0, '_a2_': 1.0, '_a3_': 1.0, '_a5_': 1.0, '_a6_': 1.0}};{'d0': 0.024905832919416643};-280.569866449044;39.92404976634505
38506;-100.360883458177;(_a7_ * (x * (_a7_ + ((pow2((_a4_ * x)) + x) * (_a4_ * _a1_)))));{'d0': {'_a1_': 1.2488626159294876, '_a4_': 1.2660668366906285, '_a7_': 1.3323420747282875, '_a0_': 1.0, '_a2_': 1.0, '_a3_': 1.0, '_a5_': 1.0, '_a6_': 1.0}};{'d0': 0.024905832919416643};-280.569866449044;39.92404976634505
38507;-100.360883458177;(_a7_ * (x * (_a7_ + ((pow2((_a4_ * x)) + x) * (_a4_ * _a1_)))));{'d0': {'_a1_': 1.2488626159294876, '_a4_': 1.2660668366906285, '_a7_': 1.3323420747282875, '_a0_': 1.0, '_a2_': 1.0, '_a3_': 1.0, '_a5_': 1.0, '_a6_': 1.0}};{'d0': 0.024905832919416643};-280.569866449044;39.92404976634505
38508;-100.360883458177;(_a7_ * (x * (_a7_ + ((pow2((_a4_ * x)) + x) * (_a4_ * _a1_)))));{'d0': {'_a1_': 1.2488626159294876, '_a4_': 1.2660668366906285, '_a7_': 1.3323420747282875, '_a0_': 1.0, '_a2_': 1.0, '_a3_': 1.0, '_a5_': 1.0, '_a6_': 1.0}};{'d0': 0.024905832919416643};-280.569866449044;39.92404976634505
38509;-100.360883458177;(_a7_ * (x * (_a7_ + ((pow2((_a4_ * x)) + x) * (_a4_ * _a1_)))));{'d0': {'_a1_': 1.2488626159294876, '_a4_': 1.2660668366906285, '_a7_': 1.3323420747282875, '_a0_': 1.0, '_a2_': 1.0, '_a3_': 1.0, '_a5_': 1.0, '_a6_': 1.0}};{'d0': 0.024905832919416643};-280.569866449044;39.92404976634505
38510;-100.360883458177;(_a7_ * (x * (_a7_ + ((pow2((_a4_ * x)) + x) * (_a4_ * _a1_)))));{'d0': {'_a1_': 1.2488626159294876, '_a4_': 1.2660668366906285, '_a7_': 1.3323420747282875, '_a0_': 1.0, '_a2_': 1.0, '_a3_': 1.0, '_a5_': 1.0, '_a6_': 1.0}};{'d0': 0.024905832919416643};-280.569866449044;39.92404976634505
38511;-100.360883458177;(_a7_ * (x * (_a7_ + ((pow2((_a4_ * x)) + x) * (_a4_ * _a1_)))));{'d0': {'_a1_': 1.2488626159294876, '_a4_': 1.2660668366906285, '_a7_': 1.3323420747282875, '_a0_': 1.0, '_a2_': 1.0, '_a3_': 1.0, '_a5_': 1.0, '_a6_': 1.0}};{'d0': 0.024905832919416643};-280.569866449044;39.92404976634505
38512;-100.360883458177;(_a7_ * (x * (_a7_ + ((pow2((_a4_ * x)) + x) * (_a4_ * _a1_)))));{'d0': {'_a1_': 1.2488626159294876, '_a4_': 1.2660668366906285, '_a7_': 1.3323420747282875, '_a0_': 1.0, '_a2_': 1.0, '_a3_': 1.0, '_a5_': 1.0, '_a6_': 1.0}};{'d0': 0.024905832919416643};-280.569866449044;39.92404976634505
38513;-100.360883458177;(_a7_ * (x * (_a4_ + ((pow2((_a4_ * x)) + x) * (_a4_ * _a1_)))));{'d0': {'_a1_': 1.1867399310054854, '_a4_': 1.2660668365278889, '_a7_': 1.4020866460213806, '_a0_': 1.0, '_a2_': 1.0, '_a3_': 1.0, '_a5_': 1.0, '_a6_': 1.0}};{'d0': 0.024905832919416643};-280.569866449044;39.92404976634505
38514;-100.360883458177;(_a7_ * (x * (_a4_ + ((pow2((_a4_ * x)) + x) * (_a4_ * _a1_)))));{'d0': {'_a1_': 1.1867399310054854, '_a4_': 1.2660668365278889, '_a7_': 1.4020866460213806, '_a0_': 1.0, '_a2_': 1.0, '_a3_': 1.0, '_a5_': 1.0, '_a6_': 1.0}};{'d0': 0.024905832919416643};-280.569866449044;39.92404976634505
38515;-100.360883458177;(_a7_ * (x * (_a4_ + ((pow2((_a4_ * x)) + x) * (_a4_ * _a1_)))));{'d0': {'_a1_': 1.1867399310054854, '_a4_': 1.2660668365278889, '_a7_': 1.4020866460213806, '_a0_': 1.0, '_a2_': 1.0, '_a3_': 1.0, '_a5_': 1.0, '_a6_': 1.0}};{'d0': 0.024905832919416643};-280.569866449044;39.92404976634505
38516;-100.360883458177;(_a7_ * (x * (_a4_ + ((pow2((_a4_ * x)) + x) * (_a4_ * _a1_)))));{'d0': {'_a1_': 1.1867399310054854, '_a4_': 1.2660668365278889, '_a7_': 1.4020866460213806, '_a0_': 1.0, '_a2_': 1.0, '_a3_': 1.0, '_a5_': 1.0, '_a6_': 1.0}};{'d0': 0.024905832919416643};-280.569866449044;39.92404976634505
38517;-100.360883458177;(_a7_ * (x * (_a4_ + ((pow2((_a4_ * x)) + x) * (_a4_ * _a1_)))));{'d0': {'_a1_': 1.1867399310054854, '_a4_': 1.2660668365278889, '_a7_': 1.4020866460213806, '_a0_': 1.0, '_a2_': 1.0, '_a3_': 1.0, '_a5_': 1.0, '_a6_': 1.0}};{'d0': 0.024905832919416643};-280.569866449044;39.92404976634505
38518;-100.360883458177;(_a7_ * (x * (_a4_ + ((pow2((_a4_ * x)) + x) * (_a4_ * _a1_)))));{'d0': {'_a1_': 1.1867399310054854, '_a4_': 1.2660668365278889, '_a7_': 1.4020866460213806, '_a0_': 1.0, '_a2_': 1.0, '_a3_': 1.0, '_a5_': 1.0, '_a6_': 1.0}};{'d0': 0.024905832919416643};-280.569866449044;39.92404976634505
38519;-100.360883458177;(_a7_ * (x * (_a4_ + ((pow2((_a4_ * x)) + x) * (_a4_ * _a1_)))));{'d0': {'_a1_': 1.1867399310054854, '_a4_': 1.2660668365278889, '_a7_': 1.4020866460213806, '_a0_': 1.0, '_a2_': 1.0, '_a3_': 1.0, '_a5_': 1.0, '_a6_': 1.0}};{'d0': 0.024905832919416643};-280.569866449044;39.92404976634505
38520;-100.360883458177;(_a7_ * (x * (_a4_ + ((pow2((_a4_ * x)) + x) * (_a4_ * _a1_)))));{'d0': {'_a1_': 1.1867399310054854, '_a4_': 1.2660668365278889, '_a7_': 1.4020866460213806, '_a0_': 1.0, '_a2_': 1.0, '_a3_': 1.0, '_a5_': 1.0, '_a6_': 1.0}};{'d0': 0.024905832919416643};-280.569866449044;39.92404976634505
38521;-92.1145370365783;((-((_a3_ * _a1_)) * pow2(((pow2(cos((x + _a7_))) / _a7_) + _a3_))) * x);{'d0': {'_a1_': -21.456501125294476, '_a3_': 0.671024181873332, '_a7_': -2.8293314763756365, '_a0_': 1.0, '_a2_': 1.0, '_a4_': 1.0, '_a5_': 1.0, '_a6_': 1.0}};{'d0': 0.024057064815324585};-282.650265715061;49.210595820951866
38522;-92.1145370365783;((-((_a3_ * _a1_)) * pow2(((pow2(cos((x + _a7_))) / _a7_) + _a3_))) * x);{'d0': {'_a1_': -21.456501125294476, '_a3_': 0.671024181873332, '_a7_': -2.8293314763756365, '_a0_': 1.0, '_a2_': 1.0, '_a4_': 1.0, '_a5_': 1.0, '_a6_': 1.0}};{'d0': 0.024057064815324585};-282.650265715061;49.210595820951866
38523;-92.1145370365783;((-((_a3_ * _a1_)) * pow2(((pow2(cos((x + _a7_))) / _a7_) + _a3_))) * x);{'d0': {'_a1_': -21.456501125294476, '_a3_': 0.671024181873332, '_a7_': -2.8293314763756365, '_a0_': 1.0, '_a2_': 1.0, '_a4_': 1.0, '_a5_': 1.0, '_a6_': 1.0}};{'d0': 0.024057064815324585};-282.650265715061;49.210595820951866
38524;-92.1145370365783;((-((_a3_ * _a1_)) * pow2(((pow2(cos((x + _a7_))) / _a7_) + _a3_))) * x);{'d0': {'_a1_': -21.456501125294476, '_a3_': 0.671024181873332, '_a7_': -2.8293314763756365, '_a0_': 1.0, '_a2_': 1.0, '_a4_': 1.0, '_a5_': 1.0, '_a6_': 1.0}};{'d0': 0.024057064815324585};-282.650265715061;49.210595820951866
38525;-100.360883458177;(_a7_ * (x * (_a4_ + ((pow2((_a4_ * x)) + x) * (_a4_ * _a1_)))));{'d0': {'_a1_': 1.1867399310054854, '_a4_': 1.2660668365278889, '_a7_': 1.4020866460213806, '_a0_': 1.0, '_a2_': 1.0, '_a3_': 1.0, '_a5_': 1.0, '_a6_': 1.0}};{'d0': 0.024905832919416643};-280.569866449044;39.92404976634505
38526;-100.360883458177;(_a7_ * (x * (_a4_ + ((pow2((_a4_ * x)) + x) * (_a4_ * _a1_)))));{'d0': {'_a1_': 1.1867399310054854, '_a4_': 1.2660668365278889, '_a7_': 1.4020866460213806, '_a0_': 1.0, '_a2_': 1.0, '_a3_': 1.0, '_a5_': 1.0, '_a6_': 1.0}};{'d0': 0.024905832919416643};-280.569866449044;39.92404976634505
38527;-100.360883458177;(_a7_ * (x * (_a4_ + ((pow2((_a4_ * x)) + x) * (_a4_ * _a1_)))));{'d0': {'_a1_': 1.1867399310054854, '_a4_': 1.2660668365278889, '_a7_': 1.4020866460213806, '_a0_': 1.0, '_a2_': 1.0, '_a3_': 1.0, '_a5_': 1.0, '_a6_': 1.0}};{'d0': 0.024905832919416643};-280.569866449044;39.92404976634505
38528;-100.360883458177;(_a7_ * (x * (_a4_ + ((pow2((_a4_ * x)) + x) * (_a4_ * _a1_)))));{'d0': {'_a1_': 1.1867399310054854, '_a4_': 1.2660668365278889, '_a7_': 1.4020866460213806, '_a0_': 1.0, '_a2_': 1.0, '_a3_': 1.0, '_a5_': 1.0, '_a6_': 1.0}};{'d0': 0.024905832919416643};-280.569866449044;39.92404976634505
38529;-100.360883458177;(_a7_ * (x * (_a4_ + ((pow2((_a4_ * x)) + x) * (_a4_ * _a1_)))));{'d0': {'_a1_': 1.1867399310054854, '_a4_': 1.2660668365278889, '_a7_': 1.4020866460213806, '_a0_': 1.0, '_a2_': 1.0, '_a3_': 1.0, '_a5_': 1.0, '_a6_': 1.0}};{'d0': 0.024905832919416643};-280.569866449044;39.92404976634505
38530;-100.360883458177;(_a7_ * (x * (_a4_ + ((pow2((_a4_ * x)) + x) * (_a4_ * _a1_)))));{'d0': {'_a1_': 1.1867399310054854, '_a4_': 1.2660668365278889, '_a7_': 1.4020866460213806, '_a0_': 1.0, '_a2_': 1.0, '_a3_': 1.0, '_a5_': 1.0, '_a6_': 1.0}};{'d0': 0.024905832919416643};-280.569866449044;39.92404976634505
38531;-105.382580669956;(_a7_ * (x * (_a4_ + ((pow2((_a4_ * x)) + x) * _a5_))));{'d0': {'_a4_': 1.2660668367500065, '_a5_': 1.502492072567661, '_a7_': 1.402086644782008, '_a0_': 1.0, '_a1_': 1.0, '_a2_': 1.0, '_a3_': 1.0, '_a6_': 1.0}};{'d0': 0.024905832919416584};-280.569866449044;34.90235255456605
38532;-105.382580669956;(_a7_ * (x * (_a4_ + ((pow2((_a4_ * x)) + x) * _a5_))));{'d0': {'_a4_': 1.2660668367500065, '_a5_': 1.502492072567661, '_a7_': 1.402086644782008, '_a0_': 1.0, '_a1_': 1.0, '_a2_': 1.0, '_a3_': 1.0, '_a6_': 1.0}};{'d0': 0.024905832919416584};-280.569866449044;34.90235255456605
38533;-105.382580669956;(_a7_ * (x * (_a4_ + ((pow2((_a4_ * x)) + x) * _a5_))));{'d0': {'_a4_': 1.2660668367500065, '_a5_': 1.502492072567661, '_a7_': 1.402086644782008, '_a0_': 1.0, '_a1_': 1.0, '_a2_': 1.0, '_a3_': 1.0, '_a6_': 1.0}};{'d0': 0.024905832919416584};-280.569866449044;34.90235255456605
38534;-105.382580669956;(_a7_ * (x * (_a4_ + ((pow2((_a4_ * x)) + x) * _a5_))));{'d0': {'_a4_': 1.2660668367500065, '_a5_': 1.502492072567661, '_a7_': 1.402086644782008, '_a0_': 1.0, '_a1_': 1.0, '_a2_': 1.0, '_a3_': 1.0, '_a6_': 1.0}};{'d0': 0.024905832919416584};-280.569866449044;34.90235255456605
38535;-105.382580669956;(_a7_ * (x * (_a4_ + ((pow2((_a4_ * x)) + x) * _a5_))));{'d0': {'_a4_': 1.2660668367500065, '_a5_': 1.502492072567661, '_a7_': 1.402086644782008, '_a0_': 1.0, '_a1_': 1.0, '_a2_': 1.0, '_a3_': 1.0, '_a6_': 1.0}};{'d0': 0.024905832919416584};-280.569866449044;34.90235255456605
38536;-105.382580669956;(_a7_ * (x * (_a4_ + ((pow2((_a4_ * x)) + x) * _a5_))));{'d0': {'_a4_': 1.2660668367500065, '_a5_': 1.502492072567661, '_a7_': 1.402086644782008, '_a0_': 1.0, '_a1_': 1.0, '_a2_': 1.0, '_a3_': 1.0, '_a6_': 1.0}};{'d0': 0.024905832919416584};-280.569866449044;34.90235255456605
38537;-105.382580669956;(_a7_ * (x * (_a4_ + ((pow2((_a4_ * x)) + x) * _a5_))));{'d0': {'_a4_': 1.2660668367500065, '_a5_': 1.502492072567661, '_a7_': 1.402086644782008, '_a0_': 1.0, '_a1_': 1.0, '_a2_': 1.0, '_a3_': 1.0, '_a6_': 1.0}};{'d0': 0.024905832919416584};-280.569866449044;34.90235255456605
38538;-105.382580669956;(_a7_ * (x * (_a4_ + ((pow2((_a4_ * x)) + x) * _a5_))));{'d0': {'_a4_': 1.2660668367500065, '_a5_': 1.502492072567661, '_a7_': 1.402086644782008, '_a0_': 1.0, '_a1_': 1.0, '_a2_': 1.0, '_a3_': 1.0, '_a6_': 1.0}};{'d0': 0.024905832919416584};-280.569866449044;34.90235255456605
38539;-96.9915196757135;((-(_a4_) * pow2(((pow2(cos((x + _a7_))) / _a7_) + _a3_))) * x);{'d0': {'_a3_': 0.6710241817731112, '_a4_': -14.397831119980951, '_a7_': -2.8293314763806023, '_a0_': 1.0, '_a1_': 1.0, '_a2_': 1.0, '_a5_': 1.0, '_a6_': 1.0}};{'d0': 0.02405706481532447};-282.650265715061;44.333613181816865
38540;-96.9915196757135;((-(_a4_) * pow2(((pow2(cos((x + _a7_))) / _a7_) + _a3_))) * x);{'d0': {'_a3_': 0.6710241817731112, '_a4_': -14.397831119980951, '_a7_': -2.8293314763806023, '_a0_': 1.0, '_a1_': 1.0, '_a2_': 1.0, '_a5_': 1.0, '_a6_': 1.0}};{'d0': 0.02405706481532447};-282.650265715061;44.333613181816865
38541;-96.9915196757135;((-(_a4_) * pow2(((pow2(cos((x + _a7_))) / _a7_) + _a3_))) * x);{'d0': {'_a3_': 0.6710241817731112, '_a4_': -14.397831119980951, '_a7_': -2.8293314763806023, '_a0_': 1.0, '_a1_': 1.0, '_a2_': 1.0, '_a5_': 1.0, '_a6_': 1.0}};{'d0': 0.02405706481532447};-282.650265715061;44.333613181816865
38542;-96.9915196757135;((-(_a4_) * pow2(((pow2(cos((x + _a7_))) / _a7_) + _a3_))) * x);{'d0': {'_a3_': 0.6710241817731112, '_a4_': -14.397831119980951, '_a7_': -2.8293314763806023, '_a0_': 1.0, '_a1_': 1.0, '_a2_': 1.0, '_a5_': 1.0, '_a6_': 1.0}};{'d0': 0.02405706481532447};-282.650265715061;44.333613181816865
38543;-96.9915196757135;((-(_a4_) * pow2(((pow2(cos((x + _a7_))) / _a7_) + _a3_))) * x);{'d0': {'_a3_': 0.6710241817731112, '_a4_': -14.397831119980951, '_a7_': -2.8293314763806023, '_a0_': 1.0, '_a1_': 1.0, '_a2_': 1.0, '_a5_': 1.0, '_a6_': 1.0}};{'d0': 0.02405706481532447};-282.650265715061;44.333613181816865
38544;-96.9915196757135;((-(_a4_) * pow2(((pow2(cos((x + _a7_))) / _a7_) + _a3_))) * x);{'d0': {'_a3_': 0.6710241817731112, '_a4_': -14.397831119980951, '_a7_': -2.8293314763806023, '_a0_': 1.0, '_a1_': 1.0, '_a2_': 1.0, '_a5_': 1.0, '_a6_': 1.0}};{'d0': 0.02405706481532447};-282.650265715061;44.333613181816865
38545;-96.9915196757135;((-(_a4_) * pow2(((pow2(cos((x + _a7_))) / _a7_) + _a3_))) * x);{'d0': {'_a3_': 0.6710241817731112, '_a4_': -14.397831119980951, '_a7_': -2.8293314763806023, '_a0_': 1.0, '_a1_': 1.0, '_a2_': 1.0, '_a5_': 1.0, '_a6_': 1.0}};{'d0': 0.02405706481532447};-282.650265715061;44.333613181816865
38546;-96.9915196757135;((-(_a4_) * pow2(((pow2(cos((x + _a7_))) / _a7_) + _a3_))) * x);{'d0': {'_a3_': 0.6710241817731112, '_a4_': -14.397831119980951, '_a7_': -2.8293314763806023, '_a0_': 1.0, '_a1_': 1.0, '_a2_': 1.0, '_a5_': 1.0, '_a6_': 1.0}};{'d0': 0.02405706481532447};-282.650265715061;44.333613181816865
38547;-96.9915196757135;((-(_a4_) * pow2(((pow2(cos((x + _a7_))) / _a7_) + _a3_))) * x);{'d0': {'_a3_': 0.6710241817731112, '_a4_': -14.397831119980951, '_a7_': -2.8293314763806023, '_a0_': 1.0, '_a1_': 1.0, '_a2_': 1.0, '_a5_': 1.0, '_a6_': 1.0}};{'d0': 0.02405706481532447};-282.650265715061;44.333613181816865
38548;-96.9915196757135;((-(_a4_) * pow2(((pow2(cos((x + _a7_))) / _a7_) + _a3_))) * x);{'d0': {'_a3_': 0.6710241817731112, '_a4_': -14.397831119980951, '_a7_': -2.8293314763806023, '_a0_': 1.0, '_a1_': 1.0, '_a2_': 1.0, '_a5_': 1.0, '_a6_': 1.0}};{'d0': 0.02405706481532447};-282.650265715061;44.333613181816865
38549;-96.9915196757135;((-(_a4_) * pow2(((pow2(cos((x + _a7_))) / _a7_) + _a3_))) * x);{'d0': {'_a3_': 0.6710241817731112, '_a4_': -14.397831119980951, '_a7_': -2.8293314763806023, '_a0_': 1.0, '_a1_': 1.0, '_a2_': 1.0, '_a5_': 1.0, '_a6_': 1.0}};{'d0': 0.02405706481532447};-282.650265715061;44.333613181816865
38550;-96.9915196757135;((-(_a4_) * pow2(((pow2(cos((x + _a7_))) / _a7_) + _a3_))) * x);{'d0': {'_a3_': 0.6710241817731112, '_a4_': -14.397831119980951, '_a7_': -2.8293314763806023, '_a0_': 1.0, '_a1_': 1.0, '_a2_': 1.0, '_a5_': 1.0, '_a6_': 1.0}};{'d0': 0.02405706481532447};-282.650265715061;44.333613181816865
38551;-96.9915196757135;((-(_a4_) * pow2(((pow2(cos((x + _a7_))) / _a7_) + _a3_))) * x);{'d0': {'_a3_': 0.6710241817731112, '_a4_': -14.397831119980951, '_a7_': -2.8293314763806023, '_a0_': 1.0, '_a1_': 1.0, '_a2_': 1.0, '_a5_': 1.0, '_a6_': 1.0}};{'d0': 0.02405706481532447};-282.650265715061;44.333613181816865
38552;-96.9915196757135;((-(_a4_) * pow2(((pow2(cos((x + _a7_))) / _a7_) + _a3_))) * x);{'d0': {'_a3_': 0.6710241817731112, '_a4_': -14.397831119980951, '_a7_': -2.8293314763806023, '_a0_': 1.0, '_a1_': 1.0, '_a2_': 1.0, '_a5_': 1.0, '_a6_': 1.0}};{'d0': 0.02405706481532447};-282.650265715061;44.333613181816865
38553;-96.9915196757135;((-(_a4_) * pow2(((pow2(cos((x + _a7_))) / _a7_) + _a3_))) * x);{'d0': {'_a3_': 0.6710241817731112, '_a4_': -14.397831119980951, '_a7_': -2.8293314763806023, '_a0_': 1.0, '_a1_': 1.0, '_a2_': 1.0, '_a5_': 1.0, '_a6_': 1.0}};{'d0': 0.02405706481532447};-282.650265715061;44.333613181816865
38554;-96.9915196757135;((-(_a4_) * pow2(((pow2(cos((x + _a7_))) / _a7_) + _a3_))) * x);{'d0': {'_a3_': 0.6710241817731112, '_a4_': -14.397831119980951, '_a7_': -2.8293314763806023, '_a0_': 1.0, '_a1_': 1.0, '_a2_': 1.0, '_a5_': 1.0, '_a6_': 1.0}};{'d0': 0.02405706481532447};-282.650265715061;44.333613181816865
38555;-96.9915196757135;((-(_a4_) * pow2(((pow2(cos((x + _a7_))) / _a7_) + _a3_))) * x);{'d0': {'_a3_': 0.6710241817731112, '_a4_': -14.397831119980951, '_a7_': -2.8293314763806023, '_a0_': 1.0, '_a1_': 1.0, '_a2_': 1.0, '_a5_': 1.0, '_a6_': 1.0}};{'d0': 0.02405706481532447};-282.650265715061;44.333613181816865
38556;-96.9915196757135;((-(_a4_) * pow2(((pow2(cos((x + _a7_))) / _a7_) + _a3_))) * x);{'d0': {'_a3_': 0.6710241817731112, '_a4_': -14.397831119980951, '_a7_': -2.8293314763806023, '_a0_': 1.0, '_a1_': 1.0, '_a2_': 1.0, '_a5_': 1.0, '_a6_': 1.0}};{'d0': 0.02405706481532447};-282.650265715061;44.333613181816865
38557;-105.382580669956;(_a7_ * (x * (_a4_ + ((pow2((_a4_ * x)) + x) * _a5_))));{'d0': {'_a4_': 1.2660668367500065, '_a5_': 1.502492072567661, '_a7_': 1.402086644782008, '_a0_': 1.0, '_a1_': 1.0, '_a2_': 1.0, '_a3_': 1.0, '_a6_': 1.0}};{'d0': 0.024905832919416584};-280.569866449044;34.90235255456605
38558;-105.382580669956;(_a7_ * (x * (_a4_ + ((pow2((_a4_ * x)) + x) * _a5_))));{'d0': {'_a4_': 1.2660668367500065, '_a5_': 1.502492072567661, '_a7_': 1.402086644782008, '_a0_': 1.0, '_a1_': 1.0, '_a2_': 1.0, '_a3_': 1.0, '_a6_': 1.0}};{'d0': 0.024905832919416584};-280.569866449044;34.90235255456605
38559;-105.382580669956;(_a7_ * (x * (_a4_ + ((pow2((_a4_ * x)) + x) * _a5_))));{'d0': {'_a4_': 1.2660668367500065, '_a5_': 1.502492072567661, '_a7_': 1.402086644782008, '_a0_': 1.0, '_a1_': 1.0, '_a2_': 1.0, '_a3_': 1.0, '_a6_': 1.0}};{'d0': 0.024905832919416584};-280.569866449044;34.90235255456605
38560;-105.382580669956;(_a7_ * (x * (_a4_ + ((pow2((_a4_ * x)) + x) * _a5_))));{'d0': {'_a4_': 1.2660668367500065, '_a5_': 1.502492072567661, '_a7_': 1.402086644782008, '_a0_': 1.0, '_a1_': 1.0, '_a2_': 1.0, '_a3_': 1.0, '_a6_': 1.0}};{'d0': 0.024905832919416584};-280.569866449044;34.90235255456605
38561;-105.382580669956;(_a7_ * (x * (_a4_ + ((pow2((_a4_ * x)) + x) * _a5_))));{'d0': {'_a4_': 1.2660668367500065, '_a5_': 1.502492072567661, '_a7_': 1.402086644782008, '_a0_': 1.0, '_a1_': 1.0, '_a2_': 1.0, '_a3_': 1.0, '_a6_': 1.0}};{'d0': 0.024905832919416584};-280.569866449044;34.90235255456605
38562;-105.382580669956;(_a7_ * (x * (_a4_ + ((pow2((_a4_ * x)) + x) * _a5_))));{'d0': {'_a4_': 1.2660668367500065, '_a5_': 1.502492072567661, '_a7_': 1.402086644782008, '_a0_': 1.0, '_a1_': 1.0, '_a2_': 1.0, '_a3_': 1.0, '_a6_': 1.0}};{'d0': 0.024905832919416584};-280.569866449044;34.90235255456605
38563;-105.382580669956;(_a7_ * (x * (_a4_ + ((pow2((_a4_ * x)) + x) * _a5_))));{'d0': {'_a4_': 1.2660668367500065, '_a5_': 1.502492072567661, '_a7_': 1.402086644782008, '_a0_': 1.0, '_a1_': 1.0, '_a2_': 1.0, '_a3_': 1.0, '_a6_': 1.0}};{'d0': 0.024905832919416584};-280.569866449044;34.90235255456605
38564;-91.5868817998153;((x * _a6_) + -((x * (_a6_ * (_a2_ * (pow2(x) + ((x * _a4_) * _a4_)))))));{'d0': {'_a2_': -1.9022553818476768, '_a4_': 0.7898477167906783, '_a6_': 1.7751354048601196, '_a0_': 1.0, '_a1_': 1.0, '_a3_': 1.0, '_a5_': 1.0, '_a7_': 1.0}};{'d0': 0.024905832919416653};-280.569866449044;48.69805142470635
38565;-91.5868817998153;((x * _a6_) + -((x * (_a6_ * (_a2_ * (pow2(x) + ((x * _a4_) * _a4_)))))));{'d0': {'_a2_': -1.9022553818476768, '_a4_': 0.7898477167906783, '_a6_': 1.7751354048601196, '_a0_': 1.0, '_a1_': 1.0, '_a3_': 1.0, '_a5_': 1.0, '_a7_': 1.0}};{'d0': 0.024905832919416653};-280.569866449044;48.69805142470635
38566;-91.5868817998153;((x * _a6_) + -((x * (_a6_ * (_a2_ * (pow2(x) + ((x * _a4_) * _a4_)))))));{'d0': {'_a2_': -1.9022553818476768, '_a4_': 0.7898477167906783, '_a6_': 1.7751354048601196, '_a0_': 1.0, '_a1_': 1.0, '_a3_': 1.0, '_a5_': 1.0, '_a7_': 1.0}};{'d0': 0.024905832919416653};-280.569866449044;48.69805142470635
38567;-91.5868817998153;((x * _a6_) + -((x * (_a6_ * (_a2_ * (pow2(x) + ((x * _a4_) * _a4_)))))));{'d0': {'_a2_': -1.9022553818476768, '_a4_': 0.7898477167906783, '_a6_': 1.7751354048601196, '_a0_': 1.0, '_a1_': 1.0, '_a3_': 1.0, '_a5_': 1.0, '_a7_': 1.0}};{'d0': 0.024905832919416653};-280.569866449044;48.69805142470635
38568;-91.5868817998153;((x * _a6_) + -((x * (_a6_ * (_a2_ * (pow2(x) + ((x * _a4_) * _a4_)))))));{'d0': {'_a2_': -1.9022553818476768, '_a4_': 0.7898477167906783, '_a6_': 1.7751354048601196, '_a0_': 1.0, '_a1_': 1.0, '_a3_': 1.0, '_a5_': 1.0, '_a7_': 1.0}};{'d0': 0.024905832919416653};-280.569866449044;48.69805142470635
38569;-92.5054564521118;(((_a0_ + x) * pow2(((pow2(cos((x + _a7_))) / _a7_) + _a3_))) * x);{'d0': {'_a0_': 15.423206288145808, '_a3_': 0.6575671077949138, '_a7_': -2.8578164962963646, '_a1_': 1.0, '_a2_': 1.0, '_a4_': 1.0, '_a5_': 1.0, '_a6_': 1.0}};{'d0': 0.025926761208359447};-278.159447045397;46.57426707058647
38570;-92.5054564521118;(((_a0_ + x) * pow2(((pow2(cos((x + _a7_))) / _a7_) + _a3_))) * x);{'d0': {'_a0_': 15.423206288145808, '_a3_': 0.6575671077949138, '_a7_': -2.8578164962963646, '_a1_': 1.0, '_a2_': 1.0, '_a4_': 1.0, '_a5_': 1.0, '_a6_': 1.0}};{'d0': 0.025926761208359447};-278.159447045397;46.57426707058647
38571;-87.6284738129768;((((_a3_ * _a6_) + x) * pow2(((pow2(cos((x + _a7_))) / _a7_) + _a3_))) * x);{'d0': {'_a3_': 0.6575671079853399, '_a6_': 23.454954011593614, '_a7_': -2.857816496163448, '_a0_': 1.0, '_a1_': 1.0, '_a2_': 1.0, '_a4_': 1.0, '_a5_': 1.0}};{'d0': 0.025926761208359447};-278.159447045397;51.45124970972147
38572;-87.6284738129768;((((_a3_ * _a6_) + x) * pow2(((pow2(cos((x + _a7_))) / _a7_) + _a3_))) * x);{'d0': {'_a3_': 0.6575671079853399, '_a6_': 23.454954011593614, '_a7_': -2.857816496163448, '_a0_': 1.0, '_a1_': 1.0, '_a2_': 1.0, '_a4_': 1.0, '_a5_': 1.0}};{'d0': 0.025926761208359447};-278.159447045397;51.45124970972147
38573;-87.6284738129768;((((_a3_ * _a6_) + x) * pow2(((pow2(cos((x + _a7_))) / _a7_) + _a3_))) * x);{'d0': {'_a3_': 0.6575671079853399, '_a6_': 23.454954011593614, '_a7_': -2.857816496163448, '_a0_': 1.0, '_a1_': 1.0, '_a2_': 1.0, '_a4_': 1.0, '_a5_': 1.0}};{'d0': 0.025926761208359447};-278.159447045397;51.45124970972147
38574;-81.9099761659958;((((_a3_ * _a6_) + x) * pow2(((pow2(cos(((x + _a2_) + _a7_))) / _a7_) + _a3_))) * x);{'d0': {'_a2_': 14.376111455748468, '_a3_': 0.13493981472512587, '_a6_': 2641.2429933429253, '_a7_': -14.065073400613485, '_a0_': 1.0, '_a1_': 1.0, '_a4_': 1.0, '_a5_': 1.0}};{'d0': 0.024053964582027593};-278.563653849495;57.37185075875147
38575;-81.9099761659958;((((_a3_ * _a6_) + x) * pow2(((pow2(cos(((x + _a2_) + _a7_))) / _a7_) + _a3_))) * x);{'d0': {'_a2_': 14.376111455748468, '_a3_': 0.13493981472512587, '_a6_': 2641.2429933429253, '_a7_': -14.065073400613485, '_a0_': 1.0, '_a1_': 1.0, '_a4_': 1.0, '_a5_': 1.0}};{'d0': 0.024053964582027593};-278.563653849495;57.37185075875147
38576;-81.9099761659958;((((_a3_ * _a6_) + x) * pow2(((pow2(cos(((x + _a2_) + _a7_))) / _a7_) + _a3_))) * x);{'d0': {'_a2_': 14.376111455748468, '_a3_': 0.13493981472512587, '_a6_': 2641.2429933429253, '_a7_': -14.065073400613485, '_a0_': 1.0, '_a1_': 1.0, '_a4_': 1.0, '_a5_': 1.0}};{'d0': 0.024053964582027593};-278.563653849495;57.37185075875147
38577;-81.9099761659958;((((_a3_ * _a6_) + x) * pow2(((pow2(cos(((x + _a2_) + _a7_))) / _a7_) + _a3_))) * x);{'d0': {'_a2_': 14.376111455748468, '_a3_': 0.13493981472512587, '_a6_': 2641.2429933429253, '_a7_': -14.065073400613485, '_a0_': 1.0, '_a1_': 1.0, '_a4_': 1.0, '_a5_': 1.0}};{'d0': 0.024053964582027593};-278.563653849495;57.37185075875147
38578;-81.9099761659958;((((_a3_ * _a6_) + x) * pow2(((pow2(cos(((x + _a2_) + _a7_))) / _a7_) + _a3_))) * x);{'d0': {'_a2_': 14.376111455748468, '_a3_': 0.13493981472512587, '_a6_': 2641.2429933429253, '_a7_': -14.065073400613485, '_a0_': 1.0, '_a1_': 1.0, '_a4_': 1.0, '_a5_': 1.0}};{'d0': 0.024053964582027593};-278.563653849495;57.37185075875147
38579;-81.9099761659958;((((_a3_ * _a6_) + x) * pow2(((pow2(cos(((x + _a2_) + _a7_))) / _a7_) + _a3_))) * x);{'d0': {'_a2_': 14.376111455748468, '_a3_': 0.13493981472512587, '_a6_': 2641.2429933429253, '_a7_': -14.065073400613485, '_a0_': 1.0, '_a1_': 1.0, '_a4_': 1.0, '_a5_': 1.0}};{'d0': 0.024053964582027593};-278.563653849495;57.37185075875147
38580;-81.9099761659958;((((_a3_ * _a6_) + x) * pow2(((pow2(cos(((x + _a2_) + _a7_))) / _a7_) + _a3_))) * x);{'d0': {'_a2_': 14.376111455748468, '_a3_': 0.13493981472512587, '_a6_': 2641.2429933429253, '_a7_': -14.065073400613485, '_a0_': 1.0, '_a1_': 1.0, '_a4_': 1.0, '_a5_': 1.0}};{'d0': 0.024053964582027593};-278.563653849495;57.37185075875147
38581;-91.5868817998153;((x * _a6_) + -((x * (_a6_ * (_a2_ * (pow2(x) + ((x * _a4_) * _a4_)))))));{'d0': {'_a2_': -1.9022553818476768, '_a4_': 0.7898477167906783, '_a6_': 1.7751354048601196, '_a0_': 1.0, '_a1_': 1.0, '_a3_': 1.0, '_a5_': 1.0, '_a7_': 1.0}};{'d0': 0.024905832919416653};-280.569866449044;48.69805142470635
38582;-91.5868817998153;((x * _a6_) + -((x * (_a6_ * (_a2_ * (pow2(x) + ((x * _a4_) * _a4_)))))));{'d0': {'_a2_': -1.9022553818476768, '_a4_': 0.7898477167906783, '_a6_': 1.7751354048601196, '_a0_': 1.0, '_a1_': 1.0, '_a3_': 1.0, '_a5_': 1.0, '_a7_': 1.0}};{'d0': 0.024905832919416653};-280.569866449044;48.69805142470635
38583;-91.5868817998153;((x * _a6_) + -((x * (_a6_ * (_a2_ * (pow2(x) + ((x * _a4_) * _a4_)))))));{'d0': {'_a2_': -1.9022553818476768, '_a4_': 0.7898477167906783, '_a6_': 1.7751354048601196, '_a0_': 1.0, '_a1_': 1.0, '_a3_': 1.0, '_a5_': 1.0, '_a7_': 1.0}};{'d0': 0.024905832919416653};-280.569866449044;48.69805142470635
38584;-91.5868817998153;((x * _a6_) + -((x * (_a6_ * (_a2_ * (pow2(x) + ((x * _a4_) * _a4_)))))));{'d0': {'_a2_': -1.9022553818476768, '_a4_': 0.7898477167906783, '_a6_': 1.7751354048601196, '_a0_': 1.0, '_a1_': 1.0, '_a3_': 1.0, '_a5_': 1.0, '_a7_': 1.0}};{'d0': 0.024905832919416653};-280.569866449044;48.69805142470635
38585;-91.5868817998153;((x * _a6_) + -((x * (_a6_ * (_a2_ * (pow2(x) + ((x * _a4_) * _a4_)))))));{'d0': {'_a2_': -1.9022553818476768, '_a4_': 0.7898477167906783, '_a6_': 1.7751354048601196, '_a0_': 1.0, '_a1_': 1.0, '_a3_': 1.0, '_a5_': 1.0, '_a7_': 1.0}};{'d0': 0.024905832919416653};-280.569866449044;48.69805142470635
38586;-91.5868817998153;((x * _a6_) + -((x * (_a6_ * (_a2_ * (pow2(x) + ((x * _a4_) * _a4_)))))));{'d0': {'_a2_': -1.9022553818476768, '_a4_': 0.7898477167906783, '_a6_': 1.7751354048601196, '_a0_': 1.0, '_a1_': 1.0, '_a3_': 1.0, '_a5_': 1.0, '_a7_': 1.0}};{'d0': 0.024905832919416653};-280.569866449044;48.69805142470635
38587;-91.5868817998153;((x * _a6_) + -((x * (_a6_ * (_a2_ * (pow2(x) + ((x * _a4_) * _a4_)))))));{'d0': {'_a2_': -1.9022553818476768, '_a4_': 0.7898477167906783, '_a6_': 1.7751354048601196, '_a0_': 1.0, '_a1_': 1.0, '_a3_': 1.0, '_a5_': 1.0, '_a7_': 1.0}};{'d0': 0.024905832919416653};-280.569866449044;48.69805142470635
38588;-91.5868817998153;((x * _a6_) + -((x * (_a6_ * (_a2_ * (pow2(x) + ((x * _a4_) * _a4_)))))));{'d0': {'_a2_': -1.9022553818476768, '_a4_': 0.7898477167906783, '_a6_': 1.7751354048601196, '_a0_': 1.0, '_a1_': 1.0, '_a3_': 1.0, '_a5_': 1.0, '_a7_': 1.0}};{'d0': 0.024905832919416653};-280.569866449044;48.69805142470635
38589;-91.5868817998153;((x * _a6_) + -((x * (_a6_ * (_a2_ * (pow2(x) + ((x * _a4_) * _a4_)))))));{'d0': {'_a2_': -1.9022553818476768, '_a4_': 0.7898477167906783, '_a6_': 1.7751354048601196, '_a0_': 1.0, '_a1_': 1.0, '_a3_': 1.0, '_a5_': 1.0, '_a7_': 1.0}};{'d0': 0.024905832919416653};-280.569866449044;48.69805142470635
38590;-91.5868817998153;((x * _a6_) + -((x * (_a6_ * (_a2_ * (pow2(x) + ((x * _a4_) * _a4_)))))));{'d0': {'_a2_': -1.9022553818476768, '_a4_': 0.7898477167906783, '_a6_': 1.7751354048601196, '_a0_': 1.0, '_a1_': 1.0, '_a3_': 1.0, '_a5_': 1.0, '_a7_': 1.0}};{'d0': 0.024905832919416653};-280.569866449044;48.69805142470635
38591;-91.5868817998153;((x * _a6_) + -((x * (_a6_ * (_a2_ * (pow2(x) + ((x * _a4_) * _a4_)))))));{'d0': {'_a2_': -1.9022553818476768, '_a4_': 0.7898477167906783, '_a6_': 1.7751354048601196, '_a0_': 1.0, '_a1_': 1.0, '_a3_': 1.0, '_a5_': 1.0, '_a7_': 1.0}};{'d0': 0.024905832919416653};-280.569866449044;48.69805142470635
38592;-91.5868817998153;((x * _a6_) + -((x * (_a6_ * (_a2_ * (pow2(x) + ((x * _a4_) * _a4_)))))));{'d0': {'_a2_': -1.9022553818476768, '_a4_': 0.7898477167906783, '_a6_': 1.7751354048601196, '_a0_': 1.0, '_a1_': 1.0, '_a3_': 1.0, '_a5_': 1.0, '_a7_': 1.0}};{'d0': 0.024905832919416653};-280.569866449044;48.69805142470635
38593;-91.5868817998153;((x * _a6_) + -((x * (_a6_ * (_a2_ * (pow2(x) + ((x * _a4_) * _a4_)))))));{'d0': {'_a2_': -1.9022553818476768, '_a4_': 0.7898477167906783, '_a6_': 1.7751354048601196, '_a0_': 1.0, '_a1_': 1.0, '_a3_': 1.0, '_a5_': 1.0, '_a7_': 1.0}};{'d0': 0.024905832919416653};-280.569866449044;48.69805142470635
38594;-91.5868817998153;((x * _a6_) + -((x * (_a6_ * (_a2_ * (pow2(x) + ((x * _a4_) * _a4_)))))));{'d0': {'_a2_': -1.9022553818476768, '_a4_': 0.7898477167906783, '_a6_': 1.7751354048601196, '_a0_': 1.0, '_a1_': 1.0, '_a3_': 1.0, '_a5_': 1.0, '_a7_': 1.0}};{'d0': 0.024905832919416653};-280.569866449044;48.69805142470635
38595;-91.5868817998153;((x * _a6_) + -((x * (_a6_ * (_a2_ * (pow2(x) + ((x * _a4_) * _a4_)))))));{'d0': {'_a2_': -1.9022553818476768, '_a4_': 0.7898477167906783, '_a6_': 1.7751354048601196, '_a0_': 1.0, '_a1_': 1.0, '_a3_': 1.0, '_a5_': 1.0, '_a7_': 1.0}};{'d0': 0.024905832919416653};-280.569866449044;48.69805142470635
38596;-91.5868817998153;((x * _a6_) + -((x * (_a6_ * (_a2_ * (pow2(x) + ((x * _a4_) * _a4_)))))));{'d0': {'_a2_': -1.9022553818476768, '_a4_': 0.7898477167906783, '_a6_': 1.7751354048601196, '_a0_': 1.0, '_a1_': 1.0, '_a3_': 1.0, '_a5_': 1.0, '_a7_': 1.0}};{'d0': 0.024905832919416653};-280.569866449044;48.69805142470635
38597;-91.5868817998153;((x * _a6_) + -((x * (_a6_ * (_a2_ * (pow2(x) + ((x * _a4_) * _a4_)))))));{'d0': {'_a2_': -1.9022553818476768, '_a4_': 0.7898477167906783, '_a6_': 1.7751354048601196, '_a0_': 1.0, '_a1_': 1.0, '_a3_': 1.0, '_a5_': 1.0, '_a7_': 1.0}};{'d0': 0.024905832919416653};-280.569866449044;48.69805142470635
38598;-91.5868817998153;((x * _a6_) + -((x * (_a6_ * (_a2_ * (pow2(x) + ((x * _a4_) * _a4_)))))));{'d0': {'_a2_': -1.9022553818476768, '_a4_': 0.7898477167906783, '_a6_': 1.7751354048601196, '_a0_': 1.0, '_a1_': 1.0, '_a3_': 1.0, '_a5_': 1.0, '_a7_': 1.0}};{'d0': 0.024905832919416653};-280.569866449044;48.69805142470635
38599;-91.5868817998153;((x * _a6_) + -((x * (_a6_ * (_a2_ * (pow2(x) + ((x * _a4_) * _a4_)))))));{'d0': {'_a2_': -1.9022553818476768, '_a4_': 0.7898477167906783, '_a6_': 1.7751354048601196, '_a0_': 1.0, '_a1_': 1.0, '_a3_': 1.0, '_a5_': 1.0, '_a7_': 1.0}};{'d0': 0.024905832919416653};-280.569866449044;48.69805142470635
38600;-91.5868817998153;((x * _a6_) + -((x * (_a6_ * (_a2_ * (pow2(x) + ((x * _a4_) * _a4_)))))));{'d0': {'_a2_': -1.9022553818476768, '_a4_': 0.7898477167906783, '_a6_': 1.7751354048601196, '_a0_': 1.0, '_a1_': 1.0, '_a3_': 1.0, '_a5_': 1.0, '_a7_': 1.0}};{'d0': 0.024905832919416653};-280.569866449044;48.69805142470635
38601;-91.5868817998153;((x * _a6_) + -((x * (_a6_ * (_a2_ * (pow2(x) + ((x * _a4_) * _a4_)))))));{'d0': {'_a2_': -1.9022553818476768, '_a4_': 0.7898477167906783, '_a6_': 1.7751354048601196, '_a0_': 1.0, '_a1_': 1.0, '_a3_': 1.0, '_a5_': 1.0, '_a7_': 1.0}};{'d0': 0.024905832919416653};-280.569866449044;48.69805142470635
38602;-91.5868817998153;((x * _a6_) + -((x * (_a6_ * (_a2_ * (pow2(x) + ((x * _a4_) * _a4_)))))));{'d0': {'_a2_': -1.9022553818476768, '_a4_': 0.7898477167906783, '_a6_': 1.7751354048601196, '_a0_': 1.0, '_a1_': 1.0, '_a3_': 1.0, '_a5_': 1.0, '_a7_': 1.0}};{'d0': 0.024905832919416653};-280.569866449044;48.69805142470635
38603;-91.5868817998153;((x * _a6_) + -((x * (_a6_ * (_a2_ * (pow2(x) + ((x * _a4_) * _a4_)))))));{'d0': {'_a2_': -1.9022553818476768, '_a4_': 0.7898477167906783, '_a6_': 1.7751354048601196, '_a0_': 1.0, '_a1_': 1.0, '_a3_': 1.0, '_a5_': 1.0, '_a7_': 1.0}};{'d0': 0.024905832919416653};-280.569866449044;48.69805142470635
38604;-91.5868817998153;((x * _a6_) + -((x * (_a6_ * (_a2_ * (pow2(x) + ((x * _a4_) * _a4_)))))));{'d0': {'_a2_': -1.9022553818476768, '_a4_': 0.7898477167906783, '_a6_': 1.7751354048601196, '_a0_': 1.0, '_a1_': 1.0, '_a3_': 1.0, '_a5_': 1.0, '_a7_': 1.0}};{'d0': 0.024905832919416653};-280.569866449044;48.69805142470635
38605;-91.5868817998153;((x * _a6_) + -((x * (_a6_ * (_a2_ * (pow2(x) + ((x * _a4_) * _a4_)))))));{'d0': {'_a2_': -1.9022553818476768, '_a4_': 0.7898477167906783, '_a6_': 1.7751354048601196, '_a0_': 1.0, '_a1_': 1.0, '_a3_': 1.0, '_a5_': 1.0, '_a7_': 1.0}};{'d0': 0.024905832919416653};-280.569866449044;48.69805142470635
38606;-80.9497587180085;(((_a5_ + x) * pow2(((pow2(cos(((x + _a5_) + _a6_))) / _a7_) + (_a6_ / _a2_)))) * x);{'d0': {'_a2_': 111.32396716513352, '_a5_': 381.6352329408423, '_a6_': 14.516560346872604, '_a7_': -14.555141288816339, '_a0_': 1.0, '_a1_': 1.0, '_a3_': 1.0, '_a4_': 1.0}};{'d0': 0.024053946364343572};-278.563699291544;58.33209092776367
38607;-80.9497587180085;(((_a5_ + x) * pow2(((pow2(cos(((x + _a5_) + _a6_))) / _a7_) + (_a6_ / _a2_)))) * x);{'d0': {'_a2_': 111.32396716513352, '_a5_': 381.6352329408423, '_a6_': 14.516560346872604, '_a7_': -14.555141288816339, '_a0_': 1.0, '_a1_': 1.0, '_a3_': 1.0, '_a4_': 1.0}};{'d0': 0.024053946364343572};-278.563699291544;58.33209092776367
38608;-80.9497587180085;(((_a5_ + x) * pow2(((pow2(cos(((x + _a5_) + _a6_))) / _a7_) + (_a6_ / _a2_)))) * x);{'d0': {'_a2_': 111.32396716513352, '_a5_': 381.6352329408423, '_a6_': 14.516560346872604, '_a7_': -14.555141288816339, '_a0_': 1.0, '_a1_': 1.0, '_a3_': 1.0, '_a4_': 1.0}};{'d0': 0.024053946364343572};-278.563699291544;58.33209092776367
38609;-80.9497587180085;(((_a5_ + x) * pow2(((pow2(cos(((x + _a5_) + _a6_))) / _a7_) + (_a6_ / _a2_)))) * x);{'d0': {'_a2_': 111.32396716513352, '_a5_': 381.6352329408423, '_a6_': 14.516560346872604, '_a7_': -14.555141288816339, '_a0_': 1.0, '_a1_': 1.0, '_a3_': 1.0, '_a4_': 1.0}};{'d0': 0.024053946364343572};-278.563699291544;58.33209092776367
38610;-80.9497587180085;(((_a5_ + x) * pow2(((pow2(cos(((x + _a5_) + _a6_))) / _a7_) + (_a6_ / _a2_)))) * x);{'d0': {'_a2_': 111.32396716513352, '_a5_': 381.6352329408423, '_a6_': 14.516560346872604, '_a7_': -14.555141288816339, '_a0_': 1.0, '_a1_': 1.0, '_a3_': 1.0, '_a4_': 1.0}};{'d0': 0.024053946364343572};-278.563699291544;58.33209092776367
38611;-80.9497587180085;(((_a5_ + x) * pow2(((pow2(cos(((x + _a5_) + _a6_))) / _a7_) + (_a6_ / _a2_)))) * x);{'d0': {'_a2_': 111.32396716513352, '_a5_': 381.6352329408423, '_a6_': 14.516560346872604, '_a7_': -14.555141288816339, '_a0_': 1.0, '_a1_': 1.0, '_a3_': 1.0, '_a4_': 1.0}};{'d0': 0.024053946364343572};-278.563699291544;58.33209092776367
38612;-80.9497587180085;(((_a5_ + x) * pow2(((pow2(cos(((x + _a5_) + _a6_))) / _a7_) + (_a6_ / _a2_)))) * x);{'d0': {'_a2_': 111.32396716513352, '_a5_': 381.6352329408423, '_a6_': 14.516560346872604, '_a7_': -14.555141288816339, '_a0_': 1.0, '_a1_': 1.0, '_a3_': 1.0, '_a4_': 1.0}};{'d0': 0.024053946364343572};-278.563699291544;58.33209092776367
38613;-80.9497587180085;(((_a5_ + x) * pow2(((pow2(cos(((x + _a5_) + _a6_))) / _a7_) + (_a6_ / _a2_)))) * x);{'d0': {'_a2_': 111.32396716513352, '_a5_': 381.6352329408423, '_a6_': 14.516560346872604, '_a7_': -14.555141288816339, '_a0_': 1.0, '_a1_': 1.0, '_a3_': 1.0, '_a4_': 1.0}};{'d0': 0.024053946364343572};-278.563699291544;58.33209092776367
38614;-80.9497587180085;(((_a5_ + x) * pow2(((pow2(cos(((x + _a5_) + _a6_))) / _a7_) + (_a6_ / _a2_)))) * x);{'d0': {'_a2_': 111.32396716513352, '_a5_': 381.6352329408423, '_a6_': 14.516560346872604, '_a7_': -14.555141288816339, '_a0_': 1.0, '_a1_': 1.0, '_a3_': 1.0, '_a4_': 1.0}};{'d0': 0.024053946364343572};-278.563699291544;58.33209092776367
38615;-80.9497587180085;(((_a5_ + x) * pow2(((pow2(cos(((x + _a5_) + _a6_))) / _a7_) + (_a6_ / _a2_)))) * x);{'d0': {'_a2_': 111.32396716513352, '_a5_': 381.6352329408423, '_a6_': 14.516560346872604, '_a7_': -14.555141288816339, '_a0_': 1.0, '_a1_': 1.0, '_a3_': 1.0, '_a4_': 1.0}};{'d0': 0.024053946364343572};-278.563699291544;58.33209092776367
38616;-80.9497587180085;(((_a5_ + x) * pow2(((pow2(cos(((x + _a5_) + _a6_))) / _a7_) + (_a6_ / _a2_)))) * x);{'d0': {'_a2_': 111.32396716513352, '_a5_': 381.6352329408423, '_a6_': 14.516560346872604, '_a7_': -14.555141288816339, '_a0_': 1.0, '_a1_': 1.0, '_a3_': 1.0, '_a4_': 1.0}};{'d0': 0.024053946364343572};-278.563699291544;58.33209092776367
38617;-80.9497587180085;(((_a5_ + x) * pow2(((pow2(cos(((x + _a5_) + _a6_))) / _a7_) + (_a6_ / _a2_)))) * x);{'d0': {'_a2_': 111.32396716513352, '_a5_': 381.6352329408423, '_a6_': 14.516560346872604, '_a7_': -14.555141288816339, '_a0_': 1.0, '_a1_': 1.0, '_a3_': 1.0, '_a4_': 1.0}};{'d0': 0.024053946364343572};-278.563699291544;58.33209092776367
38618;-80.9497587180085;(((_a5_ + x) * pow2(((pow2(cos(((x + _a5_) + _a6_))) / _a7_) + (_a6_ / _a2_)))) * x);{'d0': {'_a2_': 111.32396716513352, '_a5_': 381.6352329408423, '_a6_': 14.516560346872604, '_a7_': -14.555141288816339, '_a0_': 1.0, '_a1_': 1.0, '_a3_': 1.0, '_a4_': 1.0}};{'d0': 0.024053946364343572};-278.563699291544;58.33209092776367
38619;-80.9497587180085;(((_a5_ + x) * pow2(((pow2(cos(((x + _a5_) + _a6_))) / _a7_) + (_a6_ / _a2_)))) * x);{'d0': {'_a2_': 111.32396716513352, '_a5_': 381.6352329408423, '_a6_': 14.516560346872604, '_a7_': -14.555141288816339, '_a0_': 1.0, '_a1_': 1.0, '_a3_': 1.0, '_a4_': 1.0}};{'d0': 0.024053946364343572};-278.563699291544;58.33209092776367
38620;-80.9497587180085;(((_a5_ + x) * pow2(((pow2(cos(((x + _a5_) + _a6_))) / _a7_) + (_a6_ / _a2_)))) * x);{'d0': {'_a2_': 111.32396716513352, '_a5_': 381.6352329408423, '_a6_': 14.516560346872604, '_a7_': -14.555141288816339, '_a0_': 1.0, '_a1_': 1.0, '_a3_': 1.0, '_a4_': 1.0}};{'d0': 0.024053946364343572};-278.563699291544;58.33209092776367
38621;-80.9497587180085;(((_a5_ + x) * pow2(((pow2(cos(((x + _a5_) + _a6_))) / _a7_) + (_a6_ / _a2_)))) * x);{'d0': {'_a2_': 111.32396716513352, '_a5_': 381.6352329408423, '_a6_': 14.516560346872604, '_a7_': -14.555141288816339, '_a0_': 1.0, '_a1_': 1.0, '_a3_': 1.0, '_a4_': 1.0}};{'d0': 0.024053946364343572};-278.563699291544;58.33209092776367
38622;-80.9497587180085;(((_a5_ + x) * pow2(((pow2(cos(((x + _a5_) + _a6_))) / _a7_) + (_a6_ / _a2_)))) * x);{'d0': {'_a2_': 111.32396716513352, '_a5_': 381.6352329408423, '_a6_': 14.516560346872604, '_a7_': -14.555141288816339, '_a0_': 1.0, '_a1_': 1.0, '_a3_': 1.0, '_a4_': 1.0}};{'d0': 0.024053946364343572};-278.563699291544;58.33209092776367
38623;-80.9497587180085;(((_a5_ + x) * pow2(((pow2(cos(((x + _a5_) + _a6_))) / _a7_) + (_a6_ / _a2_)))) * x);{'d0': {'_a2_': 111.32396716513352, '_a5_': 381.6352329408423, '_a6_': 14.516560346872604, '_a7_': -14.555141288816339, '_a0_': 1.0, '_a1_': 1.0, '_a3_': 1.0, '_a4_': 1.0}};{'d0': 0.024053946364343572};-278.563699291544;58.33209092776367
38624;-80.9497587180085;(((_a5_ + x) * pow2(((pow2(cos(((x + _a5_) + _a6_))) / _a7_) + (_a6_ / _a2_)))) * x);{'d0': {'_a2_': 111.32396716513352, '_a5_': 381.6352329408423, '_a6_': 14.516560346872604, '_a7_': -14.555141288816339, '_a0_': 1.0, '_a1_': 1.0, '_a3_': 1.0, '_a4_': 1.0}};{'d0': 0.024053946364343572};-278.563699291544;58.33209092776367
38625;-80.9497587180085;(((_a5_ + x) * pow2(((pow2(cos(((x + _a5_) + _a6_))) / _a7_) + (_a6_ / _a2_)))) * x);{'d0': {'_a2_': 111.32396716513352, '_a5_': 381.6352329408423, '_a6_': 14.516560346872604, '_a7_': -14.555141288816339, '_a0_': 1.0, '_a1_': 1.0, '_a3_': 1.0, '_a4_': 1.0}};{'d0': 0.024053946364343572};-278.563699291544;58.33209092776367
38626;-80.9497587180085;(((_a5_ + x) * pow2(((pow2(cos(((x + _a5_) + _a6_))) / _a7_) + (_a6_ / _a2_)))) * x);{'d0': {'_a2_': 111.32396716513352, '_a5_': 381.6352329408423, '_a6_': 14.516560346872604, '_a7_': -14.555141288816339, '_a0_': 1.0, '_a1_': 1.0, '_a3_': 1.0, '_a4_': 1.0}};{'d0': 0.024053946364343572};-278.563699291544;58.33209092776367
38627;-80.9497587180085;(((_a5_ + x) * pow2(((pow2(cos(((x + _a5_) + _a6_))) / _a7_) + (_a6_ / _a2_)))) * x);{'d0': {'_a2_': 111.32396716513352, '_a5_': 381.6352329408423, '_a6_': 14.516560346872604, '_a7_': -14.555141288816339, '_a0_': 1.0, '_a1_': 1.0, '_a3_': 1.0, '_a4_': 1.0}};{'d0': 0.024053946364343572};-278.563699291544;58.33209092776367
38628;-80.9497587180085;(((_a5_ + x) * pow2(((pow2(cos(((x + _a5_) + _a6_))) / _a7_) + (_a6_ / _a2_)))) * x);{'d0': {'_a2_': 111.32396716513352, '_a5_': 381.6352329408423, '_a6_': 14.516560346872604, '_a7_': -14.555141288816339, '_a0_': 1.0, '_a1_': 1.0, '_a3_': 1.0, '_a4_': 1.0}};{'d0': 0.024053946364343572};-278.563699291544;58.33209092776367
38629;-80.9497587180085;(((_a5_ + x) * pow2(((pow2(cos(((x + _a5_) + _a6_))) / _a7_) + (_a6_ / _a2_)))) * x);{'d0': {'_a2_': 111.32396716513352, '_a5_': 381.6352329408423, '_a6_': 14.516560346872604, '_a7_': -14.555141288816339, '_a0_': 1.0, '_a1_': 1.0, '_a3_': 1.0, '_a4_': 1.0}};{'d0': 0.024053946364343572};-278.563699291544;58.33209092776367
38630;-80.9497587180085;(((_a5_ + x) * pow2(((pow2(cos(((x + _a5_) + _a6_))) / _a7_) + (_a6_ / _a2_)))) * x);{'d0': {'_a2_': 111.32396716513352, '_a5_': 381.6352329408423, '_a6_': 14.516560346872604, '_a7_': -14.555141288816339, '_a0_': 1.0, '_a1_': 1.0, '_a3_': 1.0, '_a4_': 1.0}};{'d0': 0.024053946364343572};-278.563699291544;58.33209092776367
38631;-80.9497587180085;(((_a5_ + x) * pow2(((pow2(cos(((x + _a5_) + _a6_))) / _a7_) + (_a6_ / _a2_)))) * x);{'d0': {'_a2_': 111.32396716513352, '_a5_': 381.6352329408423, '_a6_': 14.516560346872604, '_a7_': -14.555141288816339, '_a0_': 1.0, '_a1_': 1.0, '_a3_': 1.0, '_a4_': 1.0}};{'d0': 0.024053946364343572};-278.563699291544;58.33209092776367
38632;-86.7853458915573;(((_a5_ + x) * pow2(((pow2(cos(((x + _a5_) + _a6_))) / _a7_) + _a3_))) * x);{'d0': {'_a3_': 0.16698164148147623, '_a5_': 232.88159506554373, '_a6_': 166.4110608029145, '_a7_': -11.364169240078793, '_a0_': 1.0, '_a1_': 1.0, '_a2_': 1.0, '_a4_': 1.0}};{'d0': 0.024055257848991828};-278.560428022348;52.49486811961647
38633;-86.7853458915573;(((_a5_ + x) * pow2(((pow2(cos(((x + _a5_) + _a6_))) / _a7_) + _a3_))) * x);{'d0': {'_a3_': 0.16698164148147623, '_a5_': 232.88159506554373, '_a6_': 166.4110608029145, '_a7_': -11.364169240078793, '_a0_': 1.0, '_a1_': 1.0, '_a2_': 1.0, '_a4_': 1.0}};{'d0': 0.024055257848991828};-278.560428022348;52.49486811961647
38634;-86.7853458915573;(((_a5_ + x) * pow2(((pow2(cos(((x + _a5_) + _a6_))) / _a7_) + _a3_))) * x);{'d0': {'_a3_': 0.16698164148147623, '_a5_': 232.88159506554373, '_a6_': 166.4110608029145, '_a7_': -11.364169240078793, '_a0_': 1.0, '_a1_': 1.0, '_a2_': 1.0, '_a4_': 1.0}};{'d0': 0.024055257848991828};-278.560428022348;52.49486811961647
38635;-86.7853458915573;(((_a5_ + x) * pow2(((pow2(cos(((x + _a5_) + _a6_))) / _a7_) + _a3_))) * x);{'d0': {'_a3_': 0.16698164148147623, '_a5_': 232.88159506554373, '_a6_': 166.4110608029145, '_a7_': -11.364169240078793, '_a0_': 1.0, '_a1_': 1.0, '_a2_': 1.0, '_a4_': 1.0}};{'d0': 0.024055257848991828};-278.560428022348;52.49486811961647
38636;-86.7853458915573;(((_a5_ + x) * pow2(((pow2(cos(((x + _a5_) + _a6_))) / _a7_) + _a3_))) * x);{'d0': {'_a3_': 0.16698164148147623, '_a5_': 232.88159506554373, '_a6_': 166.4110608029145, '_a7_': -11.364169240078793, '_a0_': 1.0, '_a1_': 1.0, '_a2_': 1.0, '_a4_': 1.0}};{'d0': 0.024055257848991828};-278.560428022348;52.49486811961647
38637;-86.7853458915573;(((_a5_ + x) * pow2(((pow2(cos(((x + _a5_) + _a6_))) / _a7_) + _a3_))) * x);{'d0': {'_a3_': 0.16698164148147623, '_a5_': 232.88159506554373, '_a6_': 166.4110608029145, '_a7_': -11.364169240078793, '_a0_': 1.0, '_a1_': 1.0, '_a2_': 1.0, '_a4_': 1.0}};{'d0': 0.024055257848991828};-278.560428022348;52.49486811961647
38638;-86.7853458915573;(((_a5_ + x) * pow2(((pow2(cos(((x + _a5_) + _a6_))) / _a7_) + _a3_))) * x);{'d0': {'_a3_': 0.16698164148147623, '_a5_': 232.88159506554373, '_a6_': 166.4110608029145, '_a7_': -11.364169240078793, '_a0_': 1.0, '_a1_': 1.0, '_a2_': 1.0, '_a4_': 1.0}};{'d0': 0.024055257848991828};-278.560428022348;52.49486811961647
38639;-86.7853458915573;(((_a5_ + x) * pow2(((pow2(cos(((x + _a5_) + _a6_))) / _a7_) + _a3_))) * x);{'d0': {'_a3_': 0.16698164148147623, '_a5_': 232.88159506554373, '_a6_': 166.4110608029145, '_a7_': -11.364169240078793, '_a0_': 1.0, '_a1_': 1.0, '_a2_': 1.0, '_a4_': 1.0}};{'d0': 0.024055257848991828};-278.560428022348;52.49486811961647
38640;-86.7853458915573;(((_a5_ + x) * pow2(((pow2(cos(((x + _a5_) + _a6_))) / _a7_) + _a3_))) * x);{'d0': {'_a3_': 0.16698164148147623, '_a5_': 232.88159506554373, '_a6_': 166.4110608029145, '_a7_': -11.364169240078793, '_a0_': 1.0, '_a1_': 1.0, '_a2_': 1.0, '_a4_': 1.0}};{'d0': 0.024055257848991828};-278.560428022348;52.49486811961647
38641;-91.5868817998153;((x * _a6_) + -((x * (_a4_ * (_a2_ * (pow2(x) + ((x * _a6_) * _a4_)))))));{'d0': {'_a2_': -9.60826692259337, '_a4_': 0.351443283733046, '_a6_': 1.7751354043036942, '_a0_': 1.0, '_a1_': 1.0, '_a3_': 1.0, '_a5_': 1.0, '_a7_': 1.0}};{'d0': 0.02490583291941666};-280.569866449044;48.69805142470635
38642;-91.5868817998153;((x * _a6_) + -((x * (_a4_ * (_a2_ * (pow2(x) + ((x * _a6_) * _a4_)))))));{'d0': {'_a2_': -9.60826692259337, '_a4_': 0.351443283733046, '_a6_': 1.7751354043036942, '_a0_': 1.0, '_a1_': 1.0, '_a3_': 1.0, '_a5_': 1.0, '_a7_': 1.0}};{'d0': 0.02490583291941666};-280.569866449044;48.69805142470635
38643;-91.5868817998153;((x * _a6_) + -((x * (_a4_ * (_a2_ * (pow2(x) + ((x * _a6_) * _a4_)))))));{'d0': {'_a2_': -9.60826692259337, '_a4_': 0.351443283733046, '_a6_': 1.7751354043036942, '_a0_': 1.0, '_a1_': 1.0, '_a3_': 1.0, '_a5_': 1.0, '_a7_': 1.0}};{'d0': 0.02490583291941666};-280.569866449044;48.69805142470635
38644;-91.5868817998153;((x * _a6_) + -((x * (_a4_ * (_a2_ * (pow2(x) + ((x * _a6_) * _a4_)))))));{'d0': {'_a2_': -9.60826692259337, '_a4_': 0.351443283733046, '_a6_': 1.7751354043036942, '_a0_': 1.0, '_a1_': 1.0, '_a3_': 1.0, '_a5_': 1.0, '_a7_': 1.0}};{'d0': 0.02490583291941666};-280.569866449044;48.69805142470635
38645;-91.5868817998153;((x * _a6_) + -((x * (_a4_ * (_a2_ * (pow2(x) + ((x * _a6_) * _a4_)))))));{'d0': {'_a2_': -9.60826692259337, '_a4_': 0.351443283733046, '_a6_': 1.7751354043036942, '_a0_': 1.0, '_a1_': 1.0, '_a3_': 1.0, '_a5_': 1.0, '_a7_': 1.0}};{'d0': 0.02490583291941666};-280.569866449044;48.69805142470635
38646;-91.5868817998153;((x * _a6_) + -((x * (_a4_ * (_a2_ * (pow2(x) + ((x * _a6_) * _a4_)))))));{'d0': {'_a2_': -9.60826692259337, '_a4_': 0.351443283733046, '_a6_': 1.7751354043036942, '_a0_': 1.0, '_a1_': 1.0, '_a3_': 1.0, '_a5_': 1.0, '_a7_': 1.0}};{'d0': 0.02490583291941666};-280.569866449044;48.69805142470635
38647;-91.5868817998153;((x * _a6_) + -((x * (_a4_ * (_a2_ * (pow2(x) + ((x * _a6_) * _a4_)))))));{'d0': {'_a2_': -9.60826692259337, '_a4_': 0.351443283733046, '_a6_': 1.7751354043036942, '_a0_': 1.0, '_a1_': 1.0, '_a3_': 1.0, '_a5_': 1.0, '_a7_': 1.0}};{'d0': 0.02490583291941666};-280.569866449044;48.69805142470635
38648;-91.5868817998153;((x * _a6_) + -((x * (_a4_ * (_a2_ * (pow2(x) + ((x * _a6_) * _a4_)))))));{'d0': {'_a2_': -9.60826692259337, '_a4_': 0.351443283733046, '_a6_': 1.7751354043036942, '_a0_': 1.0, '_a1_': 1.0, '_a3_': 1.0, '_a5_': 1.0, '_a7_': 1.0}};{'d0': 0.02490583291941666};-280.569866449044;48.69805142470635
38649;-91.5868817998153;((x * _a6_) + -((x * (_a4_ * (_a2_ * (pow2(x) + ((x * _a6_) * _a4_)))))));{'d0': {'_a2_': -9.60826692259337, '_a4_': 0.351443283733046, '_a6_': 1.7751354043036942, '_a0_': 1.0, '_a1_': 1.0, '_a3_': 1.0, '_a5_': 1.0, '_a7_': 1.0}};{'d0': 0.02490583291941666};-280.569866449044;48.69805142470635
38650;-91.5868817998153;((x * _a6_) + -((x * (_a4_ * (_a2_ * (pow2(x) + ((x * _a6_) * _a4_)))))));{'d0': {'_a2_': -9.60826692259337, '_a4_': 0.351443283733046, '_a6_': 1.7751354043036942, '_a0_': 1.0, '_a1_': 1.0, '_a3_': 1.0, '_a5_': 1.0, '_a7_': 1.0}};{'d0': 0.02490583291941666};-280.569866449044;48.69805142470635
38651;-91.5868817998153;((x * _a6_) + -((x * (_a4_ * (_a2_ * (pow2(x) + ((x * _a6_) * _a4_)))))));{'d0': {'_a2_': -9.60826692259337, '_a4_': 0.351443283733046, '_a6_': 1.7751354043036942, '_a0_': 1.0, '_a1_': 1.0, '_a3_': 1.0, '_a5_': 1.0, '_a7_': 1.0}};{'d0': 0.02490583291941666};-280.569866449044;48.69805142470635
38652;-91.5868817998153;((x * _a6_) + -((x * (_a4_ * (_a2_ * (pow2(x) + ((x * _a6_) * _a4_)))))));{'d0': {'_a2_': -9.60826692259337, '_a4_': 0.351443283733046, '_a6_': 1.7751354043036942, '_a0_': 1.0, '_a1_': 1.0, '_a3_': 1.0, '_a5_': 1.0, '_a7_': 1.0}};{'d0': 0.02490583291941666};-280.569866449044;48.69805142470635
38653;-91.5868817998153;((x * _a6_) + -((x * (_a4_ * (_a2_ * (pow2(x) + ((x * _a6_) * _a4_)))))));{'d0': {'_a2_': -9.60826692259337, '_a4_': 0.351443283733046, '_a6_': 1.7751354043036942, '_a0_': 1.0, '_a1_': 1.0, '_a3_': 1.0, '_a5_': 1.0, '_a7_': 1.0}};{'d0': 0.02490583291941666};-280.569866449044;48.69805142470635
38654;-91.5868817998153;((x * _a6_) + -((x * (_a4_ * (_a2_ * (pow2(x) + ((x * _a6_) * _a4_)))))));{'d0': {'_a2_': -9.60826692259337, '_a4_': 0.351443283733046, '_a6_': 1.7751354043036942, '_a0_': 1.0, '_a1_': 1.0, '_a3_': 1.0, '_a5_': 1.0, '_a7_': 1.0}};{'d0': 0.02490583291941666};-280.569866449044;48.69805142470635
38655;-91.5868817998153;((x * _a6_) + -((x * (_a4_ * (_a2_ * (pow2(x) + ((x * _a6_) * _a4_)))))));{'d0': {'_a2_': -9.60826692259337, '_a4_': 0.351443283733046, '_a6_': 1.7751354043036942, '_a0_': 1.0, '_a1_': 1.0, '_a3_': 1.0, '_a5_': 1.0, '_a7_': 1.0}};{'d0': 0.02490583291941666};-280.569866449044;48.69805142470635
38656;-91.5868817998153;((x * _a6_) + -((x * (_a4_ * (_a2_ * (pow2(x) + ((x * _a6_) * _a4_)))))));{'d0': {'_a2_': -9.60826692259337, '_a4_': 0.351443283733046, '_a6_': 1.7751354043036942, '_a0_': 1.0, '_a1_': 1.0, '_a3_': 1.0, '_a5_': 1.0, '_a7_': 1.0}};{'d0': 0.02490583291941666};-280.569866449044;48.69805142470635
38657;-91.5868817998153;((x * _a6_) + -((x * (_a4_ * (_a2_ * (pow2(x) + ((x * _a6_) * _a4_)))))));{'d0': {'_a2_': -9.60826692259337, '_a4_': 0.351443283733046, '_a6_': 1.7751354043036942, '_a0_': 1.0, '_a1_': 1.0, '_a3_': 1.0, '_a5_': 1.0, '_a7_': 1.0}};{'d0': 0.02490583291941666};-280.569866449044;48.69805142470635
38658;-91.5868817998153;((x * _a6_) + -((x * (_a4_ * (_a2_ * (pow2(x) + ((x * _a6_) * _a4_)))))));{'d0': {'_a2_': -9.60826692259337, '_a4_': 0.351443283733046, '_a6_': 1.7751354043036942, '_a0_': 1.0, '_a1_': 1.0, '_a3_': 1.0, '_a5_': 1.0, '_a7_': 1.0}};{'d0': 0.02490583291941666};-280.569866449044;48.69805142470635
38659;-91.5868817998153;((x * _a6_) + -((x * (_a4_ * (_a2_ * (pow2(x) + ((x * _a6_) * _a4_)))))));{'d0': {'_a2_': -9.60826692259337, '_a4_': 0.351443283733046, '_a6_': 1.7751354043036942, '_a0_': 1.0, '_a1_': 1.0, '_a3_': 1.0, '_a5_': 1.0, '_a7_': 1.0}};{'d0': 0.02490583291941666};-280.569866449044;48.69805142470635
38660;-91.5868817998153;((x * _a6_) + -((x * (_a4_ * (_a2_ * (pow2(x) + ((x * _a6_) * _a4_)))))));{'d0': {'_a2_': -9.60826692259337, '_a4_': 0.351443283733046, '_a6_': 1.7751354043036942, '_a0_': 1.0, '_a1_': 1.0, '_a3_': 1.0, '_a5_': 1.0, '_a7_': 1.0}};{'d0': 0.02490583291941666};-280.569866449044;48.69805142470635
38661;-91.5868817998153;((x * _a6_) + -((x * (_a4_ * (_a2_ * (pow2(x) + ((x * _a6_) * _a4_)))))));{'d0': {'_a2_': -9.60826692259337, '_a4_': 0.351443283733046, '_a6_': 1.7751354043036942, '_a0_': 1.0, '_a1_': 1.0, '_a3_': 1.0, '_a5_': 1.0, '_a7_': 1.0}};{'d0': 0.02490583291941666};-280.569866449044;48.69805142470635
38662;-91.5868817998153;((x * _a6_) + -((x * (_a4_ * (_a2_ * (pow2(x) + ((x * _a6_) * _a4_)))))));{'d0': {'_a2_': -9.60826692259337, '_a4_': 0.351443283733046, '_a6_': 1.7751354043036942, '_a0_': 1.0, '_a1_': 1.0, '_a3_': 1.0, '_a5_': 1.0, '_a7_': 1.0}};{'d0': 0.02490583291941666};-280.569866449044;48.69805142470635
38663;-90.8806445315140;((x * _a6_) + -((x * (_a4_ * (_a2_ * (pow2(x) + ((x / _a6_) * _a4_)))))));{'d0': {'_a2_': -3.0491731514420253, '_a4_': 1.107434937014916, '_a6_': 1.7751354052870119, '_a0_': 1.0, '_a1_': 1.0, '_a3_': 1.0, '_a5_': 1.0, '_a7_': 1.0}};{'d0': 0.024905832919416587};-280.569866449044;49.40428869300775
38664;-90.8806445315140;((x * _a6_) + -((x * (_a4_ * (_a2_ * (pow2(x) + ((x / _a6_) * _a4_)))))));{'d0': {'_a2_': -3.0491731514420253, '_a4_': 1.107434937014916, '_a6_': 1.7751354052870119, '_a0_': 1.0, '_a1_': 1.0, '_a3_': 1.0, '_a5_': 1.0, '_a7_': 1.0}};{'d0': 0.024905832919416587};-280.569866449044;49.40428869300775
38665;-90.8806445315140;((x * _a6_) + -((x * (_a4_ * (_a2_ * (pow2(x) + ((x / _a6_) * _a4_)))))));{'d0': {'_a2_': -3.0491731514420253, '_a4_': 1.107434937014916, '_a6_': 1.7751354052870119, '_a0_': 1.0, '_a1_': 1.0, '_a3_': 1.0, '_a5_': 1.0, '_a7_': 1.0}};{'d0': 0.024905832919416587};-280.569866449044;49.40428869300775
38666;-90.8806445315140;((x * _a6_) + -((x * (_a4_ * (_a2_ * (pow2(x) + ((x / _a6_) * _a4_)))))));{'d0': {'_a2_': -3.0491731514420253, '_a4_': 1.107434937014916, '_a6_': 1.7751354052870119, '_a0_': 1.0, '_a1_': 1.0, '_a3_': 1.0, '_a5_': 1.0, '_a7_': 1.0}};{'d0': 0.024905832919416587};-280.569866449044;49.40428869300775
38667;-90.8806445315140;((x * _a6_) + -((x * (_a4_ * (_a2_ * (pow2(x) + ((x / _a6_) * _a4_)))))));{'d0': {'_a2_': -3.0491731514420253, '_a4_': 1.107434937014916, '_a6_': 1.7751354052870119, '_a0_': 1.0, '_a1_': 1.0, '_a3_': 1.0, '_a5_': 1.0, '_a7_': 1.0}};{'d0': 0.024905832919416587};-280.569866449044;49.40428869300775
38668;-90.8806445315140;((x * _a6_) + -((x * (_a4_ * (_a2_ * (pow2(x) + ((x / _a6_) * _a4_)))))));{'d0': {'_a2_': -3.0491731514420253, '_a4_': 1.107434937014916, '_a6_': 1.7751354052870119, '_a0_': 1.0, '_a1_': 1.0, '_a3_': 1.0, '_a5_': 1.0, '_a7_': 1.0}};{'d0': 0.024905832919416587};-280.569866449044;49.40428869300775
38669;-90.8806445315140;((x * _a6_) + -((x * (_a4_ * (_a2_ * (pow2(x) + ((x / _a6_) * _a4_)))))));{'d0': {'_a2_': -3.0491731514420253, '_a4_': 1.107434937014916, '_a6_': 1.7751354052870119, '_a0_': 1.0, '_a1_': 1.0, '_a3_': 1.0, '_a5_': 1.0, '_a7_': 1.0}};{'d0': 0.024905832919416587};-280.569866449044;49.40428869300775
38670;-90.8806445315140;((x * _a6_) + -((x * (_a4_ * (_a2_ * (pow2(x) + ((x / _a6_) * _a4_)))))));{'d0': {'_a2_': -3.0491731514420253, '_a4_': 1.107434937014916, '_a6_': 1.7751354052870119, '_a0_': 1.0, '_a1_': 1.0, '_a3_': 1.0, '_a5_': 1.0, '_a7_': 1.0}};{'d0': 0.024905832919416587};-280.569866449044;49.40428869300775
38671;-90.8806445315140;((x * _a6_) + -((x * (_a4_ * (_a2_ * (pow2(x) + ((x / _a6_) * _a4_)))))));{'d0': {'_a2_': -3.0491731514420253, '_a4_': 1.107434937014916, '_a6_': 1.7751354052870119, '_a0_': 1.0, '_a1_': 1.0, '_a3_': 1.0, '_a5_': 1.0, '_a7_': 1.0}};{'d0': 0.024905832919416587};-280.569866449044;49.40428869300775
38672;-90.8806445315140;((x * _a6_) + -((x * (_a4_ * (_a2_ * (pow2(x) + ((x / _a6_) * _a4_)))))));{'d0': {'_a2_': -3.0491731514420253, '_a4_': 1.107434937014916, '_a6_': 1.7751354052870119, '_a0_': 1.0, '_a1_': 1.0, '_a3_': 1.0, '_a5_': 1.0, '_a7_': 1.0}};{'d0': 0.024905832919416587};-280.569866449044;49.40428869300775
38673;-90.8806445315140;((x * _a6_) + -((x * (_a4_ * (_a2_ * (pow2(x) + ((x / _a6_) * _a4_)))))));{'d0': {'_a2_': -3.0491731514420253, '_a4_': 1.107434937014916, '_a6_': 1.7751354052870119, '_a0_': 1.0, '_a1_': 1.0, '_a3_': 1.0, '_a5_': 1.0, '_a7_': 1.0}};{'d0': 0.024905832919416587};-280.569866449044;49.40428869300775
38674;-90.8806445315140;((x * _a6_) + -((x * (_a4_ * (_a2_ * (pow2(x) + ((x / _a6_) * _a4_)))))));{'d0': {'_a2_': -3.0491731514420253, '_a4_': 1.107434937014916, '_a6_': 1.7751354052870119, '_a0_': 1.0, '_a1_': 1.0, '_a3_': 1.0, '_a5_': 1.0, '_a7_': 1.0}};{'d0': 0.024905832919416587};-280.569866449044;49.40428869300775
38675;-90.8806445315140;((x * _a6_) + -((x * (_a4_ * (_a2_ * (pow2(x) + ((x / _a6_) * _a4_)))))));{'d0': {'_a2_': -3.0491731514420253, '_a4_': 1.107434937014916, '_a6_': 1.7751354052870119, '_a0_': 1.0, '_a1_': 1.0, '_a3_': 1.0, '_a5_': 1.0, '_a7_': 1.0}};{'d0': 0.024905832919416587};-280.569866449044;49.40428869300775
38676;-90.8806445315140;((x * _a6_) + -((x * (_a4_ * (_a2_ * (pow2(x) + ((x / _a6_) * _a4_)))))));{'d0': {'_a2_': -3.0491731514420253, '_a4_': 1.107434937014916, '_a6_': 1.7751354052870119, '_a0_': 1.0, '_a1_': 1.0, '_a3_': 1.0, '_a5_': 1.0, '_a7_': 1.0}};{'d0': 0.024905832919416587};-280.569866449044;49.40428869300775
38677;-84.9600434824840;(((x + x) * _a6_) + -((x * (_a4_ * (_a2_ * (pow2(x) + ((x / _a6_) * _a4_)))))));{'d0': {'_a2_': -6.098346319931462, '_a4_': 0.5537174673946601, '_a6_': 0.8875677016808894, '_a0_': 1.0, '_a1_': 1.0, '_a3_': 1.0, '_a5_': 1.0, '_a7_': 1.0}};{'d0': 0.02490583291941659};-280.569866449044;55.32488974203775
38678;-84.1445178861158;(((x + x) / _a6_) + -((x * (_a4_ * (_a2_ * (pow2(x) + ((x / _a6_) * _a4_)))))));{'d0': {'_a2_': -4.804133461238761, '_a4_': 0.7028865675235323, '_a6_': 1.1266746160666465, '_a0_': 1.0, '_a1_': 1.0, '_a3_': 1.0, '_a5_': 1.0, '_a7_': 1.0}};{'d0': 0.02490583291941657};-280.569866449044;56.140415338405944
38679;-84.1445178861158;(((x + x) / _a6_) + -((x * (_a4_ * (_a2_ * (pow2(x) + ((x / _a6_) * _a4_)))))));{'d0': {'_a2_': -4.804133461238761, '_a4_': 0.7028865675235323, '_a6_': 1.1266746160666465, '_a0_': 1.0, '_a1_': 1.0, '_a3_': 1.0, '_a5_': 1.0, '_a7_': 1.0}};{'d0': 0.02490583291941657};-280.569866449044;56.140415338405944
38680;-84.1445178861158;(((x + x) / _a6_) + -((x * (_a4_ * (_a2_ * (pow2(x) + ((x / _a6_) * _a4_)))))));{'d0': {'_a2_': -4.804133461238761, '_a4_': 0.7028865675235323, '_a6_': 1.1266746160666465, '_a0_': 1.0, '_a1_': 1.0, '_a3_': 1.0, '_a5_': 1.0, '_a7_': 1.0}};{'d0': 0.02490583291941657};-280.569866449044;56.140415338405944
38681;-84.1445178861158;(((x + x) / _a6_) + -((x * (_a4_ * (_a2_ * (pow2(x) + ((x / _a6_) * _a4_)))))));{'d0': {'_a2_': -4.804133461238761, '_a4_': 0.7028865675235323, '_a6_': 1.1266746160666465, '_a0_': 1.0, '_a1_': 1.0, '_a3_': 1.0, '_a5_': 1.0, '_a7_': 1.0}};{'d0': 0.02490583291941657};-280.569866449044;56.140415338405944
38682;-84.1445178861158;(((x + x) / _a6_) + -((x * (_a4_ * (_a2_ * (pow2(x) + ((x / _a6_) * _a4_)))))));{'d0': {'_a2_': -4.804133461238761, '_a4_': 0.7028865675235323, '_a6_': 1.1266746160666465, '_a0_': 1.0, '_a1_': 1.0, '_a3_': 1.0, '_a5_': 1.0, '_a7_': 1.0}};{'d0': 0.02490583291941657};-280.569866449044;56.140415338405944
38683;-84.1445178861158;(((x + x) / _a6_) + -((x * (_a4_ * (_a2_ * (pow2(x) + ((x / _a6_) * _a4_)))))));{'d0': {'_a2_': -4.804133461238761, '_a4_': 0.7028865675235323, '_a6_': 1.1266746160666465, '_a0_': 1.0, '_a1_': 1.0, '_a3_': 1.0, '_a5_': 1.0, '_a7_': 1.0}};{'d0': 0.02490583291941657};-280.569866449044;56.140415338405944
38684;-84.1445178861158;(((x + x) / _a6_) + -((x * (_a4_ * (_a2_ * (pow2(x) + ((x / _a6_) * _a4_)))))));{'d0': {'_a2_': -4.804133461238761, '_a4_': 0.7028865675235323, '_a6_': 1.1266746160666465, '_a0_': 1.0, '_a1_': 1.0, '_a3_': 1.0, '_a5_': 1.0, '_a7_': 1.0}};{'d0': 0.02490583291941657};-280.569866449044;56.140415338405944
38685;-84.1445178861158;(((x + x) / _a6_) + -((x * (_a4_ * (_a2_ * (pow2(x) + ((x / _a6_) * _a4_)))))));{'d0': {'_a2_': -4.804133461238761, '_a4_': 0.7028865675235323, '_a6_': 1.1266746160666465, '_a0_': 1.0, '_a1_': 1.0, '_a3_': 1.0, '_a5_': 1.0, '_a7_': 1.0}};{'d0': 0.02490583291941657};-280.569866449044;56.140415338405944
38686;-84.1445178861158;(((x + x) / _a6_) + -((x * (_a4_ * (_a2_ * (pow2(x) + ((x / _a6_) * _a4_)))))));{'d0': {'_a2_': -4.804133461238761, '_a4_': 0.7028865675235323, '_a6_': 1.1266746160666465, '_a0_': 1.0, '_a1_': 1.0, '_a3_': 1.0, '_a5_': 1.0, '_a7_': 1.0}};{'d0': 0.02490583291941657};-280.569866449044;56.140415338405944
38687;-84.1445178861158;(((x + x) / _a6_) + -((x * (_a4_ * (_a2_ * (pow2(x) + ((x / _a6_) * _a4_)))))));{'d0': {'_a2_': -4.804133461238761, '_a4_': 0.7028865675235323, '_a6_': 1.1266746160666465, '_a0_': 1.0, '_a1_': 1.0, '_a3_': 1.0, '_a5_': 1.0, '_a7_': 1.0}};{'d0': 0.02490583291941657};-280.569866449044;56.140415338405944
38688;-84.1445178861158;(((x + x) / _a6_) + -((x * (_a4_ * (_a2_ * (pow2(x) + ((x / _a6_) * _a4_)))))));{'d0': {'_a2_': -4.804133461238761, '_a4_': 0.7028865675235323, '_a6_': 1.1266746160666465, '_a0_': 1.0, '_a1_': 1.0, '_a3_': 1.0, '_a5_': 1.0, '_a7_': 1.0}};{'d0': 0.02490583291941657};-280.569866449044;56.140415338405944
38689;-84.1445178861158;(((x + x) / _a6_) + -((x * (_a4_ * (_a2_ * (pow2(x) + ((x / _a6_) * _a4_)))))));{'d0': {'_a2_': -4.804133461238761, '_a4_': 0.7028865675235323, '_a6_': 1.1266746160666465, '_a0_': 1.0, '_a1_': 1.0, '_a3_': 1.0, '_a5_': 1.0, '_a7_': 1.0}};{'d0': 0.02490583291941657};-280.569866449044;56.140415338405944
38690;-84.1445178861158;(((x + x) / _a6_) + -((x * (_a4_ * (_a2_ * (pow2(x) + ((x / _a6_) * _a4_)))))));{'d0': {'_a2_': -4.804133461238761, '_a4_': 0.7028865675235323, '_a6_': 1.1266746160666465, '_a0_': 1.0, '_a1_': 1.0, '_a3_': 1.0, '_a5_': 1.0, '_a7_': 1.0}};{'d0': 0.02490583291941657};-280.569866449044;56.140415338405944
38691;-84.1445178861158;(((x + x) / _a6_) + -((x * (_a4_ * (_a2_ * (pow2(x) + ((x / _a6_) * _a4_)))))));{'d0': {'_a2_': -4.804133461238761, '_a4_': 0.7028865675235323, '_a6_': 1.1266746160666465, '_a0_': 1.0, '_a1_': 1.0, '_a3_': 1.0, '_a5_': 1.0, '_a7_': 1.0}};{'d0': 0.02490583291941657};-280.569866449044;56.140415338405944
38692;-73.6977687642968;-((((_a3_ + x) + ((x + x) * ((-(x) / _a7_) + (-(_a1_) + -((_a2_ * _a2_)))))) * x));{'d0': {'_a1_': -12.368180707279606, '_a2_': -3.7311516699324327, '_a3_': -1.775135404345089, '_a7_': 0.592283573529756, '_a0_': 1.0, '_a4_': 1.0, '_a5_': 1.0, '_a6_': 1.0}};{'d0': 0.024905832919480203};-276.475521886668;64.53999217903768
38693;-73.6977687642968;-((((_a3_ + x) + ((x + x) * ((-(x) / _a7_) + (-(_a1_) + -((_a2_ * _a2_)))))) * x));{'d0': {'_a1_': -12.368180707279606, '_a2_': -3.7311516699324327, '_a3_': -1.775135404345089, '_a7_': 0.592283573529756, '_a0_': 1.0, '_a4_': 1.0, '_a5_': 1.0, '_a6_': 1.0}};{'d0': 0.024905832919480203};-276.475521886668;64.53999217903768
38694;-84.1445178861157;(((x + x) / _a6_) + -((x * (_a4_ * (_a5_ * (pow2(x) + ((x / _a6_) * _a4_)))))));{'d0': {'_a4_': 0.7028865675071856, '_a5_': -4.80413346225938, '_a6_': 1.1266746162171883, '_a0_': 1.0, '_a1_': 1.0, '_a2_': 1.0, '_a3_': 1.0, '_a7_': 1.0}};{'d0': 0.024905832919416608};-280.569866449044;56.140415338405944
38695;-84.1445178861157;(((x + x) / _a6_) + -((x * (_a4_ * (_a5_ * (pow2(x) + ((x / _a6_) * _a4_)))))));{'d0': {'_a4_': 0.7028865675071856, '_a5_': -4.80413346225938, '_a6_': 1.1266746162171883, '_a0_': 1.0, '_a1_': 1.0, '_a2_': 1.0, '_a3_': 1.0, '_a7_': 1.0}};{'d0': 0.024905832919416608};-280.569866449044;56.140415338405944
38696;-84.1445178861157;(((x + x) / _a6_) + -((x * (_a4_ * (_a5_ * (pow2(x) + ((x / _a6_) * _a4_)))))));{'d0': {'_a4_': 0.7028865675071856, '_a5_': -4.80413346225938, '_a6_': 1.1266746162171883, '_a0_': 1.0, '_a1_': 1.0, '_a2_': 1.0, '_a3_': 1.0, '_a7_': 1.0}};{'d0': 0.024905832919416608};-280.569866449044;56.140415338405944
38697;-84.1445178861157;(((x + x) / _a6_) + -((x * (_a4_ * (_a5_ * (pow2(x) + ((x / _a6_) * _a4_)))))));{'d0': {'_a4_': 0.7028865675071856, '_a5_': -4.80413346225938, '_a6_': 1.1266746162171883, '_a0_': 1.0, '_a1_': 1.0, '_a2_': 1.0, '_a3_': 1.0, '_a7_': 1.0}};{'d0': 0.024905832919416608};-280.569866449044;56.140415338405944
38698;-84.1445178861157;(((x + x) / _a6_) + -((x * (_a4_ * (_a5_ * (pow2(x) + ((x / _a6_) * _a4_)))))));{'d0': {'_a4_': 0.7028865675071856, '_a5_': -4.80413346225938, '_a6_': 1.1266746162171883, '_a0_': 1.0, '_a1_': 1.0, '_a2_': 1.0, '_a3_': 1.0, '_a7_': 1.0}};{'d0': 0.024905832919416608};-280.569866449044;56.140415338405944
38699;-84.1445178861157;(((x + x) / _a6_) + -((x * (_a4_ * (_a5_ * (pow2(x) + ((x / _a6_) * _a4_)))))));{'d0': {'_a4_': 0.7028865675071856, '_a5_': -4.80413346225938, '_a6_': 1.1266746162171883, '_a0_': 1.0, '_a1_': 1.0, '_a2_': 1.0, '_a3_': 1.0, '_a7_': 1.0}};{'d0': 0.024905832919416608};-280.569866449044;56.140415338405944
38700;-89.9817406942630;(((x + x) / _a6_) + -((x * (_a4_ * (_a5_ * (pow2(x) + (x * _a4_)))))));{'d0': {'_a4_': 0.6238594155332532, '_a5_': -5.412695223649764, '_a6_': 1.126674616099904, '_a0_': 1.0, '_a1_': 1.0, '_a2_': 1.0, '_a3_': 1.0, '_a7_': 1.0}};{'d0': 0.024905832919416594};-280.569866449044;50.30319253025874
38701;-89.9817406942630;(((x + x) / _a6_) + -((x * (_a4_ * (_a5_ * (pow2(x) + (x * _a4_)))))));{'d0': {'_a4_': 0.6238594155332532, '_a5_': -5.412695223649764, '_a6_': 1.126674616099904, '_a0_': 1.0, '_a1_': 1.0, '_a2_': 1.0, '_a3_': 1.0, '_a7_': 1.0}};{'d0': 0.024905832919416594};-280.569866449044;50.30319253025874
38702;-73.6977687642968;-((((_a3_ + x) + ((x + x) * ((-(x) / _a7_) + (-(_a1_) + -((_a2_ * _a2_)))))) * x));{'d0': {'_a1_': -12.368180707279606, '_a2_': -3.7311516699324327, '_a3_': -1.775135404345089, '_a7_': 0.592283573529756, '_a0_': 1.0, '_a4_': 1.0, '_a5_': 1.0, '_a6_': 1.0}};{'d0': 0.024905832919480203};-276.475521886668;64.53999217903768
38703;-73.7811470052011;-((((_a3_ + x) + ((x + x) * ((-(x) / _a7_) + (-(_a1_) / -((_a2_ * _a2_)))))) * x));{'d0': {'_a1_': -102.1813385053734, '_a2_': -8.110664654403028, '_a3_': -1.7751354043647396, '_a7_': 0.5922835736782686, '_a0_': 1.0, '_a4_': 1.0, '_a5_': 1.0, '_a6_': 1.0}};{'d0': 0.024905832919462297};-276.475521886711;64.45661393815489
38704;-73.7811470052011;-((((_a3_ + x) + ((x + x) * ((-(x) / _a7_) + (-(_a1_) / -((_a2_ * _a2_)))))) * x));{'d0': {'_a1_': -102.1813385053734, '_a2_': -8.110664654403028, '_a3_': -1.7751354043647396, '_a7_': 0.5922835736782686, '_a0_': 1.0, '_a4_': 1.0, '_a5_': 1.0, '_a6_': 1.0}};{'d0': 0.024905832919462297};-276.475521886711;64.45661393815489
38705;-73.7811470052011;-((((_a3_ + x) + ((x + x) * ((-(x) / _a7_) + (-(_a1_) / -((_a2_ * _a2_)))))) * x));{'d0': {'_a1_': -102.1813385053734, '_a2_': -8.110664654403028, '_a3_': -1.7751354043647396, '_a7_': 0.5922835736782686, '_a0_': 1.0, '_a4_': 1.0, '_a5_': 1.0, '_a6_': 1.0}};{'d0': 0.024905832919462297};-276.475521886711;64.45661393815489
38706;-73.7811470052011;-((((_a3_ + x) + ((x + x) * ((-(x) / _a7_) + (-(_a1_) / -((_a2_ * _a2_)))))) * x));{'d0': {'_a1_': -102.1813385053734, '_a2_': -8.110664654403028, '_a3_': -1.7751354043647396, '_a7_': 0.5922835736782686, '_a0_': 1.0, '_a4_': 1.0, '_a5_': 1.0, '_a6_': 1.0}};{'d0': 0.024905832919462297};-276.475521886711;64.45661393815489
38707;-73.7811470052011;-((((_a3_ + x) + ((x + x) * ((-(x) / _a7_) + (-(_a1_) / -((_a2_ * _a2_)))))) * x));{'d0': {'_a1_': -102.1813385053734, '_a2_': -8.110664654403028, '_a3_': -1.7751354043647396, '_a7_': 0.5922835736782686, '_a0_': 1.0, '_a4_': 1.0, '_a5_': 1.0, '_a6_': 1.0}};{'d0': 0.024905832919462297};-276.475521886711;64.45661393815489
38708;-73.7811470052011;-((((_a3_ + x) + ((x + x) * ((-(x) / _a7_) + (-(_a1_) / -((_a2_ * _a2_)))))) * x));{'d0': {'_a1_': -102.1813385053734, '_a2_': -8.110664654403028, '_a3_': -1.7751354043647396, '_a7_': 0.5922835736782686, '_a0_': 1.0, '_a4_': 1.0, '_a5_': 1.0, '_a6_': 1.0}};{'d0': 0.024905832919462297};-276.475521886711;64.45661393815489
38709;-73.7811470052011;-((((_a3_ + x) + ((x + x) * ((-(x) / _a7_) + (-(_a1_) / -((_a2_ * _a2_)))))) * x));{'d0': {'_a1_': -102.1813385053734, '_a2_': -8.110664654403028, '_a3_': -1.7751354043647396, '_a7_': 0.5922835736782686, '_a0_': 1.0, '_a4_': 1.0, '_a5_': 1.0, '_a6_': 1.0}};{'d0': 0.024905832919462297};-276.475521886711;64.45661393815489
38710;-73.7811470052011;-((((_a3_ + x) + ((x + x) * ((-(x) / _a7_) + (-(_a1_) / -((_a2_ * _a2_)))))) * x));{'d0': {'_a1_': -102.1813385053734, '_a2_': -8.110664654403028, '_a3_': -1.7751354043647396, '_a7_': 0.5922835736782686, '_a0_': 1.0, '_a4_': 1.0, '_a5_': 1.0, '_a6_': 1.0}};{'d0': 0.024905832919462297};-276.475521886711;64.45661393815489
38711;-73.7811470052011;-((((_a3_ + x) + ((x + x) * ((-(x) / _a7_) + (-(_a1_) / -((_a2_ * _a2_)))))) * x));{'d0': {'_a1_': -102.1813385053734, '_a2_': -8.110664654403028, '_a3_': -1.7751354043647396, '_a7_': 0.5922835736782686, '_a0_': 1.0, '_a4_': 1.0, '_a5_': 1.0, '_a6_': 1.0}};{'d0': 0.024905832919462297};-276.475521886711;64.45661393815489
38712;-81.7489203353971;-(((_a2_ + ((x + x) * ((-(x) / _a7_) + (-(_a1_) / -((_a2_ * _a2_)))))) * x));{'d0': {'_a1_': -3.3190975600538013, '_a2_': -1.775135404806628, '_a7_': 0.5922835736676493, '_a0_': 1.0, '_a3_': 1.0, '_a4_': 1.0, '_a5_': 1.0, '_a6_': 1.0}};{'d0': 0.02490583291941665};-280.569866449044;58.53601288912489
38713;-81.7489203353971;-(((_a2_ + ((x + x) * ((-(x) / _a7_) + (-(_a1_) / -((_a2_ * _a2_)))))) * x));{'d0': {'_a1_': -3.3190975600538013, '_a2_': -1.775135404806628, '_a7_': 0.5922835736676493, '_a0_': 1.0, '_a3_': 1.0, '_a4_': 1.0, '_a5_': 1.0, '_a6_': 1.0}};{'d0': 0.02490583291941665};-280.569866449044;58.53601288912489
38714;-81.7489203353971;-(((_a2_ + ((x + x) * ((-(x) / _a7_) + (-(_a1_) / -((_a2_ * _a2_)))))) * x));{'d0': {'_a1_': -3.3190975600538013, '_a2_': -1.775135404806628, '_a7_': 0.5922835736676493, '_a0_': 1.0, '_a3_': 1.0, '_a4_': 1.0, '_a5_': 1.0, '_a6_': 1.0}};{'d0': 0.02490583291941665};-280.569866449044;58.53601288912489
38715;-81.7489203353971;-(((_a2_ + ((x + x) * ((-(x) / _a7_) + (-(_a1_) / -((_a2_ * _a2_)))))) * x));{'d0': {'_a1_': -3.3190975600538013, '_a2_': -1.775135404806628, '_a7_': 0.5922835736676493, '_a0_': 1.0, '_a3_': 1.0, '_a4_': 1.0, '_a5_': 1.0, '_a6_': 1.0}};{'d0': 0.02490583291941665};-280.569866449044;58.53601288912489
38716;-81.7489203353971;-(((_a2_ + ((x + x) * ((-(x) / _a7_) + (-(_a1_) / -((_a2_ * _a2_)))))) * x));{'d0': {'_a1_': -3.3190975600538013, '_a2_': -1.775135404806628, '_a7_': 0.5922835736676493, '_a0_': 1.0, '_a3_': 1.0, '_a4_': 1.0, '_a5_': 1.0, '_a6_': 1.0}};{'d0': 0.02490583291941665};-280.569866449044;58.53601288912489
38717;-81.7489203353971;-(((_a2_ + ((x + x) * ((-(x) / _a7_) + (-(_a1_) / -((_a2_ * _a2_)))))) * x));{'d0': {'_a1_': -3.3190975600538013, '_a2_': -1.775135404806628, '_a7_': 0.5922835736676493, '_a0_': 1.0, '_a3_': 1.0, '_a4_': 1.0, '_a5_': 1.0, '_a6_': 1.0}};{'d0': 0.02490583291941665};-280.569866449044;58.53601288912489
38718;-81.7489203353971;-(((_a2_ + ((x + x) * ((-(x) / _a7_) + (-(_a1_) / -((_a2_ * _a2_)))))) * x));{'d0': {'_a1_': -3.3190975600538013, '_a2_': -1.775135404806628, '_a7_': 0.5922835736676493, '_a0_': 1.0, '_a3_': 1.0, '_a4_': 1.0, '_a5_': 1.0, '_a6_': 1.0}};{'d0': 0.02490583291941665};-280.569866449044;58.53601288912489
38719;-81.7489203353971;-(((_a2_ + ((x + x) * ((-(x) / _a7_) + (-(_a1_) / -((_a2_ * _a2_)))))) * x));{'d0': {'_a1_': -3.3190975600538013, '_a2_': -1.775135404806628, '_a7_': 0.5922835736676493, '_a0_': 1.0, '_a3_': 1.0, '_a4_': 1.0, '_a5_': 1.0, '_a6_': 1.0}};{'d0': 0.02490583291941665};-280.569866449044;58.53601288912489
38720;-81.7489203353971;-(((_a2_ + ((x + x) * ((-(x) / _a7_) + (-(_a1_) / -((_a2_ * _a2_)))))) * x));{'d0': {'_a1_': -3.3190975600538013, '_a2_': -1.775135404806628, '_a7_': 0.5922835736676493, '_a0_': 1.0, '_a3_': 1.0, '_a4_': 1.0, '_a5_': 1.0, '_a6_': 1.0}};{'d0': 0.02490583291941665};-280.569866449044;58.53601288912489
38721;-81.7489203353971;-(((_a2_ + ((x + x) * ((-(x) / _a7_) + (-(_a1_) / -((_a2_ * _a2_)))))) * x));{'d0': {'_a1_': -3.3190975600538013, '_a2_': -1.775135404806628, '_a7_': 0.5922835736676493, '_a0_': 1.0, '_a3_': 1.0, '_a4_': 1.0, '_a5_': 1.0, '_a6_': 1.0}};{'d0': 0.02490583291941665};-280.569866449044;58.53601288912489
38722;-81.7489203353971;-(((_a2_ + ((x + x) * ((-(x) / _a7_) + (-(_a1_) / -((_a2_ * _a2_)))))) * x));{'d0': {'_a1_': -3.3190975600538013, '_a2_': -1.775135404806628, '_a7_': 0.5922835736676493, '_a0_': 1.0, '_a3_': 1.0, '_a4_': 1.0, '_a5_': 1.0, '_a6_': 1.0}};{'d0': 0.02490583291941665};-280.569866449044;58.53601288912489
38723;-81.7489203353971;-(((_a2_ + ((_a7_ + x) * ((-(x) / _a7_) + (-(_a1_) / -((_a2_ * _a2_)))))) * x));{'d0': {'_a1_': -2.318397581753804, '_a2_': -1.4474177752618325, '_a7_': 0.29614178670260116, '_a0_': 1.0, '_a3_': 1.0, '_a4_': 1.0, '_a5_': 1.0, '_a6_': 1.0}};{'d0': 0.024905832919416653};-280.569866449044;58.53601288912489
38724;-81.7489203353971;-(((_a2_ + ((_a7_ + x) * ((-(x) / _a7_) + (-(_a1_) / -((_a2_ * _a2_)))))) * x));{'d0': {'_a1_': -2.318397581753804, '_a2_': -1.4474177752618325, '_a7_': 0.29614178670260116, '_a0_': 1.0, '_a3_': 1.0, '_a4_': 1.0, '_a5_': 1.0, '_a6_': 1.0}};{'d0': 0.024905832919416653};-280.569866449044;58.53601288912489
38725;-81.7489203353971;-(((_a2_ + ((_a7_ + x) * ((-(x) / _a7_) + (-(_a1_) / -((_a2_ * _a2_)))))) * x));{'d0': {'_a1_': -2.318397581753804, '_a2_': -1.4474177752618325, '_a7_': 0.29614178670260116, '_a0_': 1.0, '_a3_': 1.0, '_a4_': 1.0, '_a5_': 1.0, '_a6_': 1.0}};{'d0': 0.024905832919416653};-280.569866449044;58.53601288912489
38726;-81.7489203353971;-(((_a2_ + ((_a7_ + x) * ((-(x) / _a7_) + (-(_a1_) / -((_a2_ * _a2_)))))) * x));{'d0': {'_a1_': -2.318397581753804, '_a2_': -1.4474177752618325, '_a7_': 0.29614178670260116, '_a0_': 1.0, '_a3_': 1.0, '_a4_': 1.0, '_a5_': 1.0, '_a6_': 1.0}};{'d0': 0.024905832919416653};-280.569866449044;58.53601288912489
38727;-96.6809362979163;((((_a4_ * _a4_) + ((pow2(_a0_) + x) * x)) * x) * -((_a3_ * _a0_)));{'d0': {'_a0_': -0.7898477167783371, '_a3_': 4.275204960784123, '_a4_': 0.7250460473168809, '_a1_': 1.0, '_a2_': 1.0, '_a5_': 1.0, '_a6_': 1.0, '_a7_': 1.0}};{'d0': 0.02490583291941665};-280.569866449044;43.603996926605454
38728;-96.6809362979163;((((_a4_ * _a4_) + ((pow2(_a0_) + x) * x)) * x) * -((_a3_ * _a0_)));{'d0': {'_a0_': -0.7898477167783371, '_a3_': 4.275204960784123, '_a4_': 0.7250460473168809, '_a1_': 1.0, '_a2_': 1.0, '_a5_': 1.0, '_a6_': 1.0, '_a7_': 1.0}};{'d0': 0.02490583291941665};-280.569866449044;43.603996926605454
38729;-96.6809362979163;((((_a4_ * _a4_) + ((pow2(_a0_) + x) * x)) * x) * -((_a3_ * _a0_)));{'d0': {'_a0_': -0.7898477167783371, '_a3_': 4.275204960784123, '_a4_': 0.7250460473168809, '_a1_': 1.0, '_a2_': 1.0, '_a5_': 1.0, '_a6_': 1.0, '_a7_': 1.0}};{'d0': 0.02490583291941665};-280.569866449044;43.603996926605454
38730;-81.7489203353971;-(((_a2_ + ((_a7_ + x) * ((-(x) / _a7_) + (-(_a1_) / -((_a2_ * _a2_)))))) * x));{'d0': {'_a1_': -2.318397581753804, '_a2_': -1.4474177752618325, '_a7_': 0.29614178670260116, '_a0_': 1.0, '_a3_': 1.0, '_a4_': 1.0, '_a5_': 1.0, '_a6_': 1.0}};{'d0': 0.024905832919416653};-280.569866449044;58.53601288912489
38731;-81.7489203353971;-(((_a2_ + ((_a7_ + x) * ((-(x) / _a7_) + (-(_a1_) / -((_a2_ * _a2_)))))) * x));{'d0': {'_a1_': -2.318397581753804, '_a2_': -1.4474177752618325, '_a7_': 0.29614178670260116, '_a0_': 1.0, '_a3_': 1.0, '_a4_': 1.0, '_a5_': 1.0, '_a6_': 1.0}};{'d0': 0.024905832919416653};-280.569866449044;58.53601288912489
38732;-81.7489203353971;-(((_a2_ + ((_a7_ + x) * ((-(x) / _a7_) + (-(_a1_) / -((_a2_ * _a2_)))))) * x));{'d0': {'_a1_': -2.318397581753804, '_a2_': -1.4474177752618325, '_a7_': 0.29614178670260116, '_a0_': 1.0, '_a3_': 1.0, '_a4_': 1.0, '_a5_': 1.0, '_a6_': 1.0}};{'d0': 0.024905832919416653};-280.569866449044;58.53601288912489
38733;-81.7489203353971;-(((_a2_ + ((_a7_ + x) * ((-(x) / _a7_) + (-(_a1_) / -((_a2_ * _a2_)))))) * x));{'d0': {'_a1_': -2.318397581753804, '_a2_': -1.4474177752618325, '_a7_': 0.29614178670260116, '_a0_': 1.0, '_a3_': 1.0, '_a4_': 1.0, '_a5_': 1.0, '_a6_': 1.0}};{'d0': 0.024905832919416653};-280.569866449044;58.53601288912489
38734;-89.9817406942629;(((x + x) / _a6_) + -((x * (_a4_ * (_a2_ * (pow2(x) + (x * _a4_)))))));{'d0': {'_a2_': -5.41269522562294, '_a4_': 0.6238594153710139, '_a6_': 1.126674616372151, '_a0_': 1.0, '_a1_': 1.0, '_a3_': 1.0, '_a5_': 1.0, '_a7_': 1.0}};{'d0': 0.024905832919416622};-280.569866449044;50.30319253025874
38735;-89.9817406942629;(((x + x) / _a6_) + -((x * (_a4_ * (_a2_ * (pow2(x) + (x * _a4_)))))));{'d0': {'_a2_': -5.41269522562294, '_a4_': 0.6238594153710139, '_a6_': 1.126674616372151, '_a0_': 1.0, '_a1_': 1.0, '_a3_': 1.0, '_a5_': 1.0, '_a7_': 1.0}};{'d0': 0.024905832919416622};-280.569866449044;50.30319253025874
38736;-89.9817406942629;(((x + x) / _a6_) + -((x * (_a4_ * (_a2_ * (pow2(x) + (x * _a4_)))))));{'d0': {'_a2_': -5.41269522562294, '_a4_': 0.6238594153710139, '_a6_': 1.126674616372151, '_a0_': 1.0, '_a1_': 1.0, '_a3_': 1.0, '_a5_': 1.0, '_a7_': 1.0}};{'d0': 0.024905832919416622};-280.569866449044;50.30319253025874
38737;-89.9817406942629;(((x + x) / _a6_) + -((x * (_a4_ * (_a2_ * (pow2(x) + (x * _a4_)))))));{'d0': {'_a2_': -5.41269522562294, '_a4_': 0.6238594153710139, '_a6_': 1.126674616372151, '_a0_': 1.0, '_a1_': 1.0, '_a3_': 1.0, '_a5_': 1.0, '_a7_': 1.0}};{'d0': 0.024905832919416622};-280.569866449044;50.30319253025874
38738;-89.9817406942629;(((x + x) / _a6_) + -((x * (_a4_ * (_a2_ * (pow2(x) + (x * _a4_)))))));{'d0': {'_a2_': -5.41269522562294, '_a4_': 0.6238594153710139, '_a6_': 1.126674616372151, '_a0_': 1.0, '_a1_': 1.0, '_a3_': 1.0, '_a5_': 1.0, '_a7_': 1.0}};{'d0': 0.024905832919416622};-280.569866449044;50.30319253025874
38739;-89.9817406942629;(((x + x) / _a6_) + -((x * (_a4_ * (_a2_ * (pow2(x) + (x * _a4_)))))));{'d0': {'_a2_': -5.41269522562294, '_a4_': 0.6238594153710139, '_a6_': 1.126674616372151, '_a0_': 1.0, '_a1_': 1.0, '_a3_': 1.0, '_a5_': 1.0, '_a7_': 1.0}};{'d0': 0.024905832919416622};-280.569866449044;50.30319253025874
38740;-89.9817406942629;(((x + x) / _a6_) + -((x * (_a4_ * (_a2_ * (pow2(x) + (x * _a4_)))))));{'d0': {'_a2_': -5.41269522562294, '_a4_': 0.6238594153710139, '_a6_': 1.126674616372151, '_a0_': 1.0, '_a1_': 1.0, '_a3_': 1.0, '_a5_': 1.0, '_a7_': 1.0}};{'d0': 0.024905832919416622};-280.569866449044;50.30319253025874
38741;-89.9817406942629;(((x + x) / _a6_) + -((x * (_a4_ * (_a2_ * (pow2(x) + (x * _a4_)))))));{'d0': {'_a2_': -5.41269522562294, '_a4_': 0.6238594153710139, '_a6_': 1.126674616372151, '_a0_': 1.0, '_a1_': 1.0, '_a3_': 1.0, '_a5_': 1.0, '_a7_': 1.0}};{'d0': 0.024905832919416622};-280.569866449044;50.30319253025874
38742;-89.9817406942629;(((x + x) / _a6_) + -((x * (_a4_ * (_a2_ * (pow2(x) + (x * _a4_)))))));{'d0': {'_a2_': -5.41269522562294, '_a4_': 0.6238594153710139, '_a6_': 1.126674616372151, '_a0_': 1.0, '_a1_': 1.0, '_a3_': 1.0, '_a5_': 1.0, '_a7_': 1.0}};{'d0': 0.024905832919416622};-280.569866449044;50.30319253025874
38743;-89.9817406942629;(((x + x) / _a6_) + -((x * (_a4_ * (_a2_ * (pow2(x) + (x * _a4_)))))));{'d0': {'_a2_': -5.41269522562294, '_a4_': 0.6238594153710139, '_a6_': 1.126674616372151, '_a0_': 1.0, '_a1_': 1.0, '_a3_': 1.0, '_a5_': 1.0, '_a7_': 1.0}};{'d0': 0.024905832919416622};-280.569866449044;50.30319253025874
38744;-89.9817406942629;(((x + x) / _a6_) + -((x * (_a4_ * (_a2_ * (pow2(x) + (x * _a4_)))))));{'d0': {'_a2_': -5.41269522562294, '_a4_': 0.6238594153710139, '_a6_': 1.126674616372151, '_a0_': 1.0, '_a1_': 1.0, '_a3_': 1.0, '_a5_': 1.0, '_a7_': 1.0}};{'d0': 0.024905832919416622};-280.569866449044;50.30319253025874
38745;-89.9817406942629;(((x + x) / _a6_) + -((x * (_a4_ * (_a2_ * (pow2(x) + (x * _a4_)))))));{'d0': {'_a2_': -5.41269522562294, '_a4_': 0.6238594153710139, '_a6_': 1.126674616372151, '_a0_': 1.0, '_a1_': 1.0, '_a3_': 1.0, '_a5_': 1.0, '_a7_': 1.0}};{'d0': 0.024905832919416622};-280.569866449044;50.30319253025874
38746;-89.9817406942629;(((x + x) / _a6_) + -((x * (_a4_ * (_a2_ * (pow2(x) + (x * _a4_)))))));{'d0': {'_a2_': -5.41269522562294, '_a4_': 0.6238594153710139, '_a6_': 1.126674616372151, '_a0_': 1.0, '_a1_': 1.0, '_a3_': 1.0, '_a5_': 1.0, '_a7_': 1.0}};{'d0': 0.024905832919416622};-280.569866449044;50.30319253025874
38747;-89.9817406942629;(((x + x) / _a6_) + -((x * (_a4_ * (_a2_ * (pow2(x) + (x * _a4_)))))));{'d0': {'_a2_': -5.41269522562294, '_a4_': 0.6238594153710139, '_a6_': 1.126674616372151, '_a0_': 1.0, '_a1_': 1.0, '_a3_': 1.0, '_a5_': 1.0, '_a7_': 1.0}};{'d0': 0.024905832919416622};-280.569866449044;50.30319253025874
38748;-89.9817406942629;(((x + x) / _a6_) + -((x * (_a4_ * (_a2_ * (pow2(x) + (x * _a4_)))))));{'d0': {'_a2_': -5.41269522562294, '_a4_': 0.6238594153710139, '_a6_': 1.126674616372151, '_a0_': 1.0, '_a1_': 1.0, '_a3_': 1.0, '_a5_': 1.0, '_a7_': 1.0}};{'d0': 0.024905832919416622};-280.569866449044;50.30319253025874
38749;-89.9817406942629;(((x + x) / _a6_) + -((x * (_a4_ * (_a2_ * (pow2(x) + (x * _a4_)))))));{'d0': {'_a2_': -5.41269522562294, '_a4_': 0.6238594153710139, '_a6_': 1.126674616372151, '_a0_': 1.0, '_a1_': 1.0, '_a3_': 1.0, '_a5_': 1.0, '_a7_': 1.0}};{'d0': 0.024905832919416622};-280.569866449044;50.30319253025874
38750;-89.9817406942629;(((x + x) / _a6_) + -((x * (_a4_ * (_a2_ * (pow2(x) + (x * _a4_)))))));{'d0': {'_a2_': -5.41269522562294, '_a4_': 0.6238594153710139, '_a6_': 1.126674616372151, '_a0_': 1.0, '_a1_': 1.0, '_a3_': 1.0, '_a5_': 1.0, '_a7_': 1.0}};{'d0': 0.024905832919416622};-280.569866449044;50.30319253025874
38751;-106.633986122803;(((_a4_ + ((pow2(_a0_) + x) * x)) * x) * pow2(_a7_));{'d0': {'_a0_': -0.7898477167242809, '_a4_': 0.5256917704695562, '_a7_': 1.8375964949095405, '_a1_': 1.0, '_a2_': 1.0, '_a3_': 1.0, '_a5_': 1.0, '_a6_': 1.0}};{'d0': 0.024905832919416622};-280.569866449044;33.65094710171907
38752;-106.633986122803;(((_a4_ + ((pow2(_a0_) + x) * x)) * x) * pow2(_a7_));{'d0': {'_a0_': -0.7898477167242809, '_a4_': 0.5256917704695562, '_a7_': 1.8375964949095405, '_a1_': 1.0, '_a2_': 1.0, '_a3_': 1.0, '_a5_': 1.0, '_a6_': 1.0}};{'d0': 0.024905832919416622};-280.569866449044;33.65094710171907
38753;-106.633986122803;(((_a4_ + ((pow2(_a0_) + x) * x)) * x) * pow2(_a7_));{'d0': {'_a0_': -0.7898477167242809, '_a4_': 0.5256917704695562, '_a7_': 1.8375964949095405, '_a1_': 1.0, '_a2_': 1.0, '_a3_': 1.0, '_a5_': 1.0, '_a6_': 1.0}};{'d0': 0.024905832919416622};-280.569866449044;33.65094710171907
38754;-106.633986122803;(((_a4_ + ((pow2(_a0_) + x) * x)) * x) * pow2(_a7_));{'d0': {'_a0_': -0.7898477167242809, '_a4_': 0.5256917704695562, '_a7_': 1.8375964949095405, '_a1_': 1.0, '_a2_': 1.0, '_a3_': 1.0, '_a5_': 1.0, '_a6_': 1.0}};{'d0': 0.024905832919416622};-280.569866449044;33.65094710171907
38755;-106.633986122803;(((_a4_ + ((pow2(_a0_) + x) * x)) * x) * pow2(_a7_));{'d0': {'_a0_': -0.7898477167242809, '_a4_': 0.5256917704695562, '_a7_': 1.8375964949095405, '_a1_': 1.0, '_a2_': 1.0, '_a3_': 1.0, '_a5_': 1.0, '_a6_': 1.0}};{'d0': 0.024905832919416622};-280.569866449044;33.65094710171907
38756;-106.633986122803;(((_a4_ + ((pow2(_a0_) + x) * x)) * x) * pow2(_a7_));{'d0': {'_a0_': -0.7898477167242809, '_a4_': 0.5256917704695562, '_a7_': 1.8375964949095405, '_a1_': 1.0, '_a2_': 1.0, '_a3_': 1.0, '_a5_': 1.0, '_a6_': 1.0}};{'d0': 0.024905832919416622};-280.569866449044;33.65094710171907
38757;-106.633986122803;(((_a4_ + ((pow2(_a0_) + x) * x)) * x) * pow2(_a7_));{'d0': {'_a0_': -0.7898477167242809, '_a4_': 0.5256917704695562, '_a7_': 1.8375964949095405, '_a1_': 1.0, '_a2_': 1.0, '_a3_': 1.0, '_a5_': 1.0, '_a6_': 1.0}};{'d0': 0.024905832919416622};-280.569866449044;33.65094710171907
38758;-106.633986122803;(((_a4_ + ((pow2(_a0_) + x) * x)) * x) * pow2(_a7_));{'d0': {'_a0_': -0.7898477167242809, '_a4_': 0.5256917704695562, '_a7_': 1.8375964949095405, '_a1_': 1.0, '_a2_': 1.0, '_a3_': 1.0, '_a5_': 1.0, '_a6_': 1.0}};{'d0': 0.024905832919416622};-280.569866449044;33.65094710171907
38759;-106.633986122803;(((_a4_ + ((pow2(_a0_) + x) * x)) * x) * pow2(_a7_));{'d0': {'_a0_': -0.7898477167242809, '_a4_': 0.5256917704695562, '_a7_': 1.8375964949095405, '_a1_': 1.0, '_a2_': 1.0, '_a3_': 1.0, '_a5_': 1.0, '_a6_': 1.0}};{'d0': 0.024905832919416622};-280.569866449044;33.65094710171907
38760;-106.633986122803;(((_a4_ + ((pow2(_a0_) + x) * x)) * x) * pow2(_a7_));{'d0': {'_a0_': -0.7898477167242809, '_a4_': 0.5256917704695562, '_a7_': 1.8375964949095405, '_a1_': 1.0, '_a2_': 1.0, '_a3_': 1.0, '_a5_': 1.0, '_a6_': 1.0}};{'d0': 0.024905832919416622};-280.569866449044;33.65094710171907
38761;-106.633986122803;(((_a4_ + ((pow2(_a0_) + x) * x)) * x) * pow2(_a7_));{'d0': {'_a0_': -0.7898477167242809, '_a4_': 0.5256917704695562, '_a7_': 1.8375964949095405, '_a1_': 1.0, '_a2_': 1.0, '_a3_': 1.0, '_a5_': 1.0, '_a6_': 1.0}};{'d0': 0.024905832919416622};-280.569866449044;33.65094710171907
38762;-106.633986122803;(((_a4_ + ((pow2(_a0_) + x) * x)) * x) * pow2(_a7_));{'d0': {'_a0_': -0.7898477167242809, '_a4_': 0.5256917704695562, '_a7_': 1.8375964949095405, '_a1_': 1.0, '_a2_': 1.0, '_a3_': 1.0, '_a5_': 1.0, '_a6_': 1.0}};{'d0': 0.024905832919416622};-280.569866449044;33.65094710171907
38763;-102.936051650193;(((_a4_ + ((pow2(_a0_) + x) * x)) * x) * pow2(pow2(_a2_)));{'d0': {'_a0_': -0.7898477167023202, '_a2_': 1.3555797633429625, '_a4_': 0.5256917705443253, '_a1_': 1.0, '_a3_': 1.0, '_a5_': 1.0, '_a6_': 1.0, '_a7_': 1.0}};{'d0': 0.02490583291941666};-280.569866449044;37.34888157432907
38764;-102.936051650193;(((_a4_ + ((pow2(_a0_) + x) * x)) * x) * pow2(pow2(_a2_)));{'d0': {'_a0_': -0.7898477167023202, '_a2_': 1.3555797633429625, '_a4_': 0.5256917705443253, '_a1_': 1.0, '_a3_': 1.0, '_a5_': 1.0, '_a6_': 1.0, '_a7_': 1.0}};{'d0': 0.02490583291941666};-280.569866449044;37.34888157432907
38765;-102.936051650193;(((_a4_ + ((pow2(_a0_) + x) * x)) * x) * pow2(pow2(_a2_)));{'d0': {'_a0_': -0.7898477167023202, '_a2_': 1.3555797633429625, '_a4_': 0.5256917705443253, '_a1_': 1.0, '_a3_': 1.0, '_a5_': 1.0, '_a6_': 1.0, '_a7_': 1.0}};{'d0': 0.02490583291941666};-280.569866449044;37.34888157432907
38766;-102.936051650193;(((_a4_ + ((pow2(_a0_) + x) * x)) * x) * pow2(pow2(_a2_)));{'d0': {'_a0_': -0.7898477167023202, '_a2_': 1.3555797633429625, '_a4_': 0.5256917705443253, '_a1_': 1.0, '_a3_': 1.0, '_a5_': 1.0, '_a6_': 1.0, '_a7_': 1.0}};{'d0': 0.02490583291941666};-280.569866449044;37.34888157432907
38767;-102.936051650193;(((_a4_ + ((pow2(_a0_) + x) * x)) * x) * pow2(pow2(_a2_)));{'d0': {'_a0_': -0.7898477167023202, '_a2_': 1.3555797633429625, '_a4_': 0.5256917705443253, '_a1_': 1.0, '_a3_': 1.0, '_a5_': 1.0, '_a6_': 1.0, '_a7_': 1.0}};{'d0': 0.02490583291941666};-280.569866449044;37.34888157432907
38768;-102.936051650193;(((_a4_ + ((pow2(_a0_) + x) * x)) * x) * pow2(pow2(_a2_)));{'d0': {'_a0_': -0.7898477167023202, '_a2_': 1.3555797633429625, '_a4_': 0.5256917705443253, '_a1_': 1.0, '_a3_': 1.0, '_a5_': 1.0, '_a6_': 1.0, '_a7_': 1.0}};{'d0': 0.02490583291941666};-280.569866449044;37.34888157432907
38769;-102.936051650193;(((_a4_ + ((pow2(_a0_) + x) * x)) * x) * pow2(pow2(_a2_)));{'d0': {'_a0_': -0.7898477167023202, '_a2_': 1.3555797633429625, '_a4_': 0.5256917705443253, '_a1_': 1.0, '_a3_': 1.0, '_a5_': 1.0, '_a6_': 1.0, '_a7_': 1.0}};{'d0': 0.02490583291941666};-280.569866449044;37.34888157432907
38770;-102.936051650193;(((_a4_ + ((pow2(_a0_) + x) * x)) * x) * pow2(pow2(_a2_)));{'d0': {'_a0_': -0.7898477167023202, '_a2_': 1.3555797633429625, '_a4_': 0.5256917705443253, '_a1_': 1.0, '_a3_': 1.0, '_a5_': 1.0, '_a6_': 1.0, '_a7_': 1.0}};{'d0': 0.02490583291941666};-280.569866449044;37.34888157432907
38771;-102.936051650193;(((_a4_ + ((pow2(_a0_) + x) * x)) * x) * pow2(pow2(_a2_)));{'d0': {'_a0_': -0.7898477167023202, '_a2_': 1.3555797633429625, '_a4_': 0.5256917705443253, '_a1_': 1.0, '_a3_': 1.0, '_a5_': 1.0, '_a6_': 1.0, '_a7_': 1.0}};{'d0': 0.02490583291941666};-280.569866449044;37.34888157432907
38772;-102.936051650193;(((_a4_ + ((pow2(_a0_) + x) * x)) * x) * pow2(pow2(_a2_)));{'d0': {'_a0_': -0.7898477167023202, '_a2_': 1.3555797633429625, '_a4_': 0.5256917705443253, '_a1_': 1.0, '_a3_': 1.0, '_a5_': 1.0, '_a6_': 1.0, '_a7_': 1.0}};{'d0': 0.02490583291941666};-280.569866449044;37.34888157432907
38773;-102.936051650193;(((_a4_ + ((pow2(_a0_) + x) * x)) * x) * pow2(pow2(_a2_)));{'d0': {'_a0_': -0.7898477167023202, '_a2_': 1.3555797633429625, '_a4_': 0.5256917705443253, '_a1_': 1.0, '_a3_': 1.0, '_a5_': 1.0, '_a6_': 1.0, '_a7_': 1.0}};{'d0': 0.02490583291941666};-280.569866449044;37.34888157432907
38774;-102.936051650193;(((_a4_ + ((pow2(_a0_) + x) * x)) * x) * pow2(pow2(_a2_)));{'d0': {'_a0_': -0.7898477167023202, '_a2_': 1.3555797633429625, '_a4_': 0.5256917705443253, '_a1_': 1.0, '_a3_': 1.0, '_a5_': 1.0, '_a6_': 1.0, '_a7_': 1.0}};{'d0': 0.02490583291941666};-280.569866449044;37.34888157432907
38775;-96.2279664178249;-(((_a2_ + (x * ((-(x) / _a7_) + (-(_a5_) / _a2_)))) * x));{'d0': {'_a2_': -1.775135404102203, '_a5_': -3.739542964185006, '_a7_': 0.2961417868721372, '_a0_': 1.0, '_a1_': 1.0, '_a3_': 1.0, '_a4_': 1.0, '_a6_': 1.0}};{'d0': 0.024905832919416608};-280.569866449044;44.05696680669716
38776;-102.936051650193;(((_a4_ + ((pow2(_a0_) + x) * x)) * x) * pow2(pow2(_a2_)));{'d0': {'_a0_': -0.7898477167023202, '_a2_': 1.3555797633429625, '_a4_': 0.5256917705443253, '_a1_': 1.0, '_a3_': 1.0, '_a5_': 1.0, '_a6_': 1.0, '_a7_': 1.0}};{'d0': 0.02490583291941666};-280.569866449044;37.34888157432907
38777;-102.936051650193;(((_a4_ + ((pow2(_a0_) + x) * x)) * x) * pow2(pow2(_a2_)));{'d0': {'_a0_': -0.7898477167023202, '_a2_': 1.3555797633429625, '_a4_': 0.5256917705443253, '_a1_': 1.0, '_a3_': 1.0, '_a5_': 1.0, '_a6_': 1.0, '_a7_': 1.0}};{'d0': 0.02490583291941666};-280.569866449044;37.34888157432907
38778;-102.936051650193;(((_a4_ + ((pow2(_a0_) + x) * x)) * x) * pow2(pow2(_a2_)));{'d0': {'_a0_': -0.7898477167023202, '_a2_': 1.3555797633429625, '_a4_': 0.5256917705443253, '_a1_': 1.0, '_a3_': 1.0, '_a5_': 1.0, '_a6_': 1.0, '_a7_': 1.0}};{'d0': 0.02490583291941666};-280.569866449044;37.34888157432907
38779;-102.936051650193;(((_a4_ + ((pow2(_a0_) + x) * x)) * x) * pow2(pow2(_a2_)));{'d0': {'_a0_': -0.7898477167023202, '_a2_': 1.3555797633429625, '_a4_': 0.5256917705443253, '_a1_': 1.0, '_a3_': 1.0, '_a5_': 1.0, '_a6_': 1.0, '_a7_': 1.0}};{'d0': 0.02490583291941666};-280.569866449044;37.34888157432907
38780;-102.936051650193;(((_a4_ + ((pow2(_a0_) + x) * x)) * x) * pow2(pow2(_a2_)));{'d0': {'_a0_': -0.7898477167023202, '_a2_': 1.3555797633429625, '_a4_': 0.5256917705443253, '_a1_': 1.0, '_a3_': 1.0, '_a5_': 1.0, '_a6_': 1.0, '_a7_': 1.0}};{'d0': 0.02490583291941666};-280.569866449044;37.34888157432907
38781;-100.713385073773;(((_a4_ + (((_a3_ + _a4_) + x) * x)) * x) * pow2(pow2(_a2_)));{'d0': {'_a2_': 1.3555797637745899, '_a3_': 0.0981676459942185, '_a4_': 0.5256917696741282, '_a0_': 1.0, '_a1_': 1.0, '_a5_': 1.0, '_a6_': 1.0, '_a7_': 1.0}};{'d0': 0.024905832919416674};-280.569866449043;39.57154815074907
38782;-100.713385073773;(((_a4_ + (((_a3_ + _a4_) + x) * x)) * x) * pow2(pow2(_a2_)));{'d0': {'_a2_': 1.3555797637745899, '_a3_': 0.0981676459942185, '_a4_': 0.5256917696741282, '_a0_': 1.0, '_a1_': 1.0, '_a5_': 1.0, '_a6_': 1.0, '_a7_': 1.0}};{'d0': 0.024905832919416674};-280.569866449043;39.57154815074907
38783;-100.713385073773;(((_a4_ + (((_a3_ + _a4_) + x) * x)) * x) * pow2(pow2(_a2_)));{'d0': {'_a2_': 1.3555797637745899, '_a3_': 0.0981676459942185, '_a4_': 0.5256917696741282, '_a0_': 1.0, '_a1_': 1.0, '_a5_': 1.0, '_a6_': 1.0, '_a7_': 1.0}};{'d0': 0.024905832919416674};-280.569866449043;39.57154815074907
38784;-100.713385073773;(((_a4_ + (((_a3_ + _a4_) + x) * x)) * x) * pow2(pow2(_a2_)));{'d0': {'_a2_': 1.3555797637745899, '_a3_': 0.0981676459942185, '_a4_': 0.5256917696741282, '_a0_': 1.0, '_a1_': 1.0, '_a5_': 1.0, '_a6_': 1.0, '_a7_': 1.0}};{'d0': 0.024905832919416674};-280.569866449043;39.57154815074907
38785;-100.713385073773;(((_a4_ + (((_a3_ + _a4_) + x) * x)) * x) * pow2(pow2(_a2_)));{'d0': {'_a2_': 1.3555797637745899, '_a3_': 0.0981676459942185, '_a4_': 0.5256917696741282, '_a0_': 1.0, '_a1_': 1.0, '_a5_': 1.0, '_a6_': 1.0, '_a7_': 1.0}};{'d0': 0.024905832919416674};-280.569866449043;39.57154815074907
38786;-100.713385073773;(((_a4_ + (((_a3_ + _a4_) + x) * x)) * x) * pow2(pow2(_a2_)));{'d0': {'_a2_': 1.3555797637745899, '_a3_': 0.0981676459942185, '_a4_': 0.5256917696741282, '_a0_': 1.0, '_a1_': 1.0, '_a5_': 1.0, '_a6_': 1.0, '_a7_': 1.0}};{'d0': 0.024905832919416674};-280.569866449043;39.57154815074907
38787;-100.713385073773;(((_a4_ + (((_a3_ + _a4_) + x) * x)) * x) * pow2(pow2(_a2_)));{'d0': {'_a2_': 1.3555797637745899, '_a3_': 0.0981676459942185, '_a4_': 0.5256917696741282, '_a0_': 1.0, '_a1_': 1.0, '_a5_': 1.0, '_a6_': 1.0, '_a7_': 1.0}};{'d0': 0.024905832919416674};-280.569866449043;39.57154815074907
38788;-100.713385073773;(((_a4_ + (((_a3_ + _a4_) + x) * x)) * x) * pow2(pow2(_a2_)));{'d0': {'_a2_': 1.3555797637745899, '_a3_': 0.0981676459942185, '_a4_': 0.5256917696741282, '_a0_': 1.0, '_a1_': 1.0, '_a5_': 1.0, '_a6_': 1.0, '_a7_': 1.0}};{'d0': 0.024905832919416674};-280.569866449043;39.57154815074907
38789;-100.713385073773;(((_a4_ + (((_a3_ + _a4_) + x) * x)) * x) * pow2(pow2(_a2_)));{'d0': {'_a2_': 1.3555797637745899, '_a3_': 0.0981676459942185, '_a4_': 0.5256917696741282, '_a0_': 1.0, '_a1_': 1.0, '_a5_': 1.0, '_a6_': 1.0, '_a7_': 1.0}};{'d0': 0.024905832919416674};-280.569866449043;39.57154815074907
38790;-100.713385073773;(((_a4_ + (((_a3_ + _a4_) + x) * x)) * x) * pow2(pow2(_a2_)));{'d0': {'_a2_': 1.3555797637745899, '_a3_': 0.0981676459942185, '_a4_': 0.5256917696741282, '_a0_': 1.0, '_a1_': 1.0, '_a5_': 1.0, '_a6_': 1.0, '_a7_': 1.0}};{'d0': 0.024905832919416674};-280.569866449043;39.57154815074907
38791;-99.9704377767027;(((_a4_ + (((_a3_ ** _a4_) + x) * x)) * x) * pow2(pow2(_a2_)));{'d0': {'_a2_': 1.3555797630620916, '_a3_': 0.407570402300037, '_a4_': 0.5256917714045802, '_a0_': 1.0, '_a1_': 1.0, '_a5_': 1.0, '_a6_': 1.0, '_a7_': 1.0}};{'d0': 0.024905832919416674};-280.569866449043;40.31449544781907
38792;-99.9704377767027;(((_a4_ + (((_a3_ ** _a4_) + x) * x)) * x) * pow2(pow2(_a2_)));{'d0': {'_a2_': 1.3555797630620916, '_a3_': 0.407570402300037, '_a4_': 0.5256917714045802, '_a0_': 1.0, '_a1_': 1.0, '_a5_': 1.0, '_a6_': 1.0, '_a7_': 1.0}};{'d0': 0.024905832919416674};-280.569866449043;40.31449544781907
38793;-99.9704377767027;(((_a4_ + (((_a3_ ** _a4_) + x) * x)) * x) * pow2(pow2(_a2_)));{'d0': {'_a2_': 1.3555797630620916, '_a3_': 0.407570402300037, '_a4_': 0.5256917714045802, '_a0_': 1.0, '_a1_': 1.0, '_a5_': 1.0, '_a6_': 1.0, '_a7_': 1.0}};{'d0': 0.024905832919416674};-280.569866449043;40.31449544781907
38794;-99.9704377767027;(((_a4_ + (((_a3_ ** _a4_) + x) * x)) * x) * pow2(pow2(_a2_)));{'d0': {'_a2_': 1.3555797630620916, '_a3_': 0.407570402300037, '_a4_': 0.5256917714045802, '_a0_': 1.0, '_a1_': 1.0, '_a5_': 1.0, '_a6_': 1.0, '_a7_': 1.0}};{'d0': 0.024905832919416674};-280.569866449043;40.31449544781907
38795;-99.9704377767027;(((_a4_ + (((_a3_ ** _a4_) + x) * x)) * x) * pow2(pow2(_a2_)));{'d0': {'_a2_': 1.3555797630620916, '_a3_': 0.407570402300037, '_a4_': 0.5256917714045802, '_a0_': 1.0, '_a1_': 1.0, '_a5_': 1.0, '_a6_': 1.0, '_a7_': 1.0}};{'d0': 0.024905832919416674};-280.569866449043;40.31449544781907
38796;-99.9704377767027;(((_a4_ + (((_a3_ ** _a4_) + x) * x)) * x) * pow2(pow2(_a2_)));{'d0': {'_a2_': 1.3555797630620916, '_a3_': 0.407570402300037, '_a4_': 0.5256917714045802, '_a0_': 1.0, '_a1_': 1.0, '_a5_': 1.0, '_a6_': 1.0, '_a7_': 1.0}};{'d0': 0.024905832919416674};-280.569866449043;40.31449544781907
38797;-86.2838062216529;(((x + x) / _a6_) + -((x * (pow2(_a5_) * (_a5_ * (pow2(x) + (x * _a4_)))))));{'d0': {'_a4_': 0.6238594156185647, '_a5_': -1.5002608254977055, '_a6_': 1.1266746158826269, '_a0_': 1.0, '_a1_': 1.0, '_a2_': 1.0, '_a3_': 1.0, '_a7_': 1.0}};{'d0': 0.024905832919416605};-280.569866449044;54.00112700286874
38798;-86.2838062216529;(((x + x) / _a6_) + -((x * (pow2(_a5_) * (_a5_ * (pow2(x) + (x * _a4_)))))));{'d0': {'_a4_': 0.6238594156185647, '_a5_': -1.5002608254977055, '_a6_': 1.1266746158826269, '_a0_': 1.0, '_a1_': 1.0, '_a2_': 1.0, '_a3_': 1.0, '_a7_': 1.0}};{'d0': 0.024905832919416605};-280.569866449044;54.00112700286874
38799;-86.2838062216529;(((x + x) / _a6_) + -((x * (pow2(_a5_) * (_a5_ * (pow2(x) + (x * _a4_)))))));{'d0': {'_a4_': 0.6238594156185647, '_a5_': -1.5002608254977055, '_a6_': 1.1266746158826269, '_a0_': 1.0, '_a1_': 1.0, '_a2_': 1.0, '_a3_': 1.0, '_a7_': 1.0}};{'d0': 0.024905832919416605};-280.569866449044;54.00112700286874
38800;-86.2838062216529;(((x + x) / _a6_) + -((x * (pow2(_a5_) * (_a5_ * (pow2(x) + (x * _a4_)))))));{'d0': {'_a4_': 0.6238594156185647, '_a5_': -1.5002608254977055, '_a6_': 1.1266746158826269, '_a0_': 1.0, '_a1_': 1.0, '_a2_': 1.0, '_a3_': 1.0, '_a7_': 1.0}};{'d0': 0.024905832919416605};-280.569866449044;54.00112700286874
38801;-86.2838062216529;(((x + x) / _a6_) + -((x * (pow2(_a5_) * (_a5_ * (pow2(x) + (x * _a4_)))))));{'d0': {'_a4_': 0.6238594156185647, '_a5_': -1.5002608254977055, '_a6_': 1.1266746158826269, '_a0_': 1.0, '_a1_': 1.0, '_a2_': 1.0, '_a3_': 1.0, '_a7_': 1.0}};{'d0': 0.024905832919416605};-280.569866449044;54.00112700286874
38802;-99.9704377767027;(((_a4_ + (((_a3_ ** _a4_) + x) * x)) * x) * pow2(pow2(_a2_)));{'d0': {'_a2_': 1.3555797630620916, '_a3_': 0.407570402300037, '_a4_': 0.5256917714045802, '_a0_': 1.0, '_a1_': 1.0, '_a5_': 1.0, '_a6_': 1.0, '_a7_': 1.0}};{'d0': 0.024905832919416674};-280.569866449043;40.31449544781907
38803;-99.9704377767027;(((_a4_ + (((_a3_ ** _a4_) + x) * x)) * x) * pow2(pow2(_a2_)));{'d0': {'_a2_': 1.3555797630620916, '_a3_': 0.407570402300037, '_a4_': 0.5256917714045802, '_a0_': 1.0, '_a1_': 1.0, '_a5_': 1.0, '_a6_': 1.0, '_a7_': 1.0}};{'d0': 0.024905832919416674};-280.569866449043;40.31449544781907
38804;-99.9704377767027;(((_a4_ + (((_a3_ ** _a4_) + x) * x)) * x) * pow2(pow2(_a2_)));{'d0': {'_a2_': 1.3555797630620916, '_a3_': 0.407570402300037, '_a4_': 0.5256917714045802, '_a0_': 1.0, '_a1_': 1.0, '_a5_': 1.0, '_a6_': 1.0, '_a7_': 1.0}};{'d0': 0.024905832919416674};-280.569866449043;40.31449544781907
38805;-99.9704377767027;(((_a4_ + (((_a3_ ** _a4_) + x) * x)) * x) * pow2(pow2(_a2_)));{'d0': {'_a2_': 1.3555797630620916, '_a3_': 0.407570402300037, '_a4_': 0.5256917714045802, '_a0_': 1.0, '_a1_': 1.0, '_a5_': 1.0, '_a6_': 1.0, '_a7_': 1.0}};{'d0': 0.024905832919416674};-280.569866449043;40.31449544781907
38806;-101.267917988143;(((_a4_ + ((exp(_a0_) + x) * x)) * x) * pow2(pow2(_a2_)));{'d0': {'_a0_': -0.47183023204553914, '_a2_': 1.3555797635686855, '_a4_': 0.5256917698526316, '_a1_': 1.0, '_a3_': 1.0, '_a5_': 1.0, '_a6_': 1.0, '_a7_': 1.0}};{'d0': 0.024905832919416705};-280.569866449043;39.017015236379066
38807;-101.267917988143;(((_a4_ + ((exp(_a0_) + x) * x)) * x) * pow2(pow2(_a2_)));{'d0': {'_a0_': -0.47183023204553914, '_a2_': 1.3555797635686855, '_a4_': 0.5256917698526316, '_a1_': 1.0, '_a3_': 1.0, '_a5_': 1.0, '_a6_': 1.0, '_a7_': 1.0}};{'d0': 0.024905832919416705};-280.569866449043;39.017015236379066
38808;-101.267917988143;(((_a4_ + ((exp(_a0_) + x) * x)) * x) * pow2(pow2(_a2_)));{'d0': {'_a0_': -0.47183023204553914, '_a2_': 1.3555797635686855, '_a4_': 0.5256917698526316, '_a1_': 1.0, '_a3_': 1.0, '_a5_': 1.0, '_a6_': 1.0, '_a7_': 1.0}};{'d0': 0.024905832919416705};-280.569866449043;39.017015236379066
38809;-101.267917988143;(((_a4_ + ((exp(_a0_) + x) * x)) * x) * pow2(pow2(_a2_)));{'d0': {'_a0_': -0.47183023204553914, '_a2_': 1.3555797635686855, '_a4_': 0.5256917698526316, '_a1_': 1.0, '_a3_': 1.0, '_a5_': 1.0, '_a6_': 1.0, '_a7_': 1.0}};{'d0': 0.024905832919416705};-280.569866449043;39.017015236379066
38810;-101.267917988143;(((_a4_ + ((exp(_a0_) + x) * x)) * x) * pow2(pow2(_a2_)));{'d0': {'_a0_': -0.47183023204553914, '_a2_': 1.3555797635686855, '_a4_': 0.5256917698526316, '_a1_': 1.0, '_a3_': 1.0, '_a5_': 1.0, '_a6_': 1.0, '_a7_': 1.0}};{'d0': 0.024905832919416705};-280.569866449043;39.017015236379066
38811;-101.267917988143;(((_a4_ + ((exp(_a0_) + x) * x)) * x) * pow2(pow2(_a2_)));{'d0': {'_a0_': -0.47183023204553914, '_a2_': 1.3555797635686855, '_a4_': 0.5256917698526316, '_a1_': 1.0, '_a3_': 1.0, '_a5_': 1.0, '_a6_': 1.0, '_a7_': 1.0}};{'d0': 0.024905832919416705};-280.569866449043;39.017015236379066
38812;-101.267917988143;(((_a4_ + ((exp(_a0_) + x) * x)) * x) * pow2(pow2(_a2_)));{'d0': {'_a0_': -0.47183023204553914, '_a2_': 1.3555797635686855, '_a4_': 0.5256917698526316, '_a1_': 1.0, '_a3_': 1.0, '_a5_': 1.0, '_a6_': 1.0, '_a7_': 1.0}};{'d0': 0.024905832919416705};-280.569866449043;39.017015236379066
38813;-101.267917988143;(((_a4_ + ((exp(_a0_) + x) * x)) * x) * pow2(pow2(_a2_)));{'d0': {'_a0_': -0.47183023204553914, '_a2_': 1.3555797635686855, '_a4_': 0.5256917698526316, '_a1_': 1.0, '_a3_': 1.0, '_a5_': 1.0, '_a6_': 1.0, '_a7_': 1.0}};{'d0': 0.024905832919416705};-280.569866449043;39.017015236379066
38814;-101.267917988143;(((_a4_ + ((exp(_a0_) + x) * x)) * x) * pow2(pow2(_a2_)));{'d0': {'_a0_': -0.47183023204553914, '_a2_': 1.3555797635686855, '_a4_': 0.5256917698526316, '_a1_': 1.0, '_a3_': 1.0, '_a5_': 1.0, '_a6_': 1.0, '_a7_': 1.0}};{'d0': 0.024905832919416705};-280.569866449043;39.017015236379066
38815;-101.267917988143;(((_a4_ + ((exp(_a0_) + x) * x)) * x) * pow2(pow2(_a2_)));{'d0': {'_a0_': -0.47183023204553914, '_a2_': 1.3555797635686855, '_a4_': 0.5256917698526316, '_a1_': 1.0, '_a3_': 1.0, '_a5_': 1.0, '_a6_': 1.0, '_a7_': 1.0}};{'d0': 0.024905832919416705};-280.569866449043;39.017015236379066
38816;-101.267917988143;(((_a4_ + ((exp(_a0_) + x) * x)) * x) * pow2(pow2(_a2_)));{'d0': {'_a0_': -0.47183023204553914, '_a2_': 1.3555797635686855, '_a4_': 0.5256917698526316, '_a1_': 1.0, '_a3_': 1.0, '_a5_': 1.0, '_a6_': 1.0, '_a7_': 1.0}};{'d0': 0.024905832919416705};-280.569866449043;39.017015236379066
38817;-101.267917988143;(((_a4_ + ((exp(_a0_) + x) * x)) * x) * pow2(pow2(_a2_)));{'d0': {'_a0_': -0.47183023204553914, '_a2_': 1.3555797635686855, '_a4_': 0.5256917698526316, '_a1_': 1.0, '_a3_': 1.0, '_a5_': 1.0, '_a6_': 1.0, '_a7_': 1.0}};{'d0': 0.024905832919416705};-280.569866449043;39.017015236379066
38818;-101.267917988143;(((_a4_ + ((exp(_a0_) + x) * x)) * x) * pow2(pow2(_a2_)));{'d0': {'_a0_': -0.47183023204553914, '_a2_': 1.3555797635686855, '_a4_': 0.5256917698526316, '_a1_': 1.0, '_a3_': 1.0, '_a5_': 1.0, '_a6_': 1.0, '_a7_': 1.0}};{'d0': 0.024905832919416705};-280.569866449043;39.017015236379066
38819;-101.267917988143;(((_a4_ + ((exp(_a0_) + x) * x)) * x) * pow2(pow2(_a2_)));{'d0': {'_a0_': -0.47183023204553914, '_a2_': 1.3555797635686855, '_a4_': 0.5256917698526316, '_a1_': 1.0, '_a3_': 1.0, '_a5_': 1.0, '_a6_': 1.0, '_a7_': 1.0}};{'d0': 0.024905832919416705};-280.569866449043;39.017015236379066
38820;-101.267917988143;(((_a4_ + ((exp(_a0_) + x) * x)) * x) * pow2(pow2(_a2_)));{'d0': {'_a0_': -0.47183023204553914, '_a2_': 1.3555797635686855, '_a4_': 0.5256917698526316, '_a1_': 1.0, '_a3_': 1.0, '_a5_': 1.0, '_a6_': 1.0, '_a7_': 1.0}};{'d0': 0.024905832919416705};-280.569866449043;39.017015236379066
38821;-97.9693402538212;(((_a4_ + ((exp(_a0_) + x) * x)) * x) * pow2((_a1_ * _a2_)));{'d0': {'_a0_': -0.47183023158619375, '_a1_': 1.1180301269644621, '_a2_': 1.6436018999675501, '_a4_': 0.5256917706025793, '_a3_': 1.0, '_a5_': 1.0, '_a6_': 1.0, '_a7_': 1.0}};{'d0': 0.024905832919718398};-276.475521886094;40.26842068922607
38822;-97.9693402538212;(((_a4_ + ((exp(_a0_) + x) * x)) * x) * pow2((_a1_ * _a2_)));{'d0': {'_a0_': -0.47183023158619375, '_a1_': 1.1180301269644621, '_a2_': 1.6436018999675501, '_a4_': 0.5256917706025793, '_a3_': 1.0, '_a5_': 1.0, '_a6_': 1.0, '_a7_': 1.0}};{'d0': 0.024905832919718398};-276.475521886094;40.26842068922607
38823;-97.9693402538212;(((_a4_ + ((exp(_a0_) + x) * x)) * x) * pow2((_a1_ * _a2_)));{'d0': {'_a0_': -0.47183023158619375, '_a1_': 1.1180301269644621, '_a2_': 1.6436018999675501, '_a4_': 0.5256917706025793, '_a3_': 1.0, '_a5_': 1.0, '_a6_': 1.0, '_a7_': 1.0}};{'d0': 0.024905832919718398};-276.475521886094;40.26842068922607
38824;-97.9693402538212;(((_a4_ + ((exp(_a0_) + x) * x)) * x) * pow2((_a1_ * _a2_)));{'d0': {'_a0_': -0.47183023158619375, '_a1_': 1.1180301269644621, '_a2_': 1.6436018999675501, '_a4_': 0.5256917706025793, '_a3_': 1.0, '_a5_': 1.0, '_a6_': 1.0, '_a7_': 1.0}};{'d0': 0.024905832919718398};-276.475521886094;40.26842068922607
38825;-97.9693402538212;(((_a4_ + ((exp(_a0_) + x) * x)) * x) * pow2((_a1_ * _a2_)));{'d0': {'_a0_': -0.47183023158619375, '_a1_': 1.1180301269644621, '_a2_': 1.6436018999675501, '_a4_': 0.5256917706025793, '_a3_': 1.0, '_a5_': 1.0, '_a6_': 1.0, '_a7_': 1.0}};{'d0': 0.024905832919718398};-276.475521886094;40.26842068922607
38826;-97.9693402538212;(((_a4_ + ((exp(_a0_) + x) * x)) * x) * pow2((_a1_ * _a2_)));{'d0': {'_a0_': -0.47183023158619375, '_a1_': 1.1180301269644621, '_a2_': 1.6436018999675501, '_a4_': 0.5256917706025793, '_a3_': 1.0, '_a5_': 1.0, '_a6_': 1.0, '_a7_': 1.0}};{'d0': 0.024905832919718398};-276.475521886094;40.26842068922607
38827;-97.9693402538212;(((_a4_ + ((exp(_a0_) + x) * x)) * x) * pow2((_a1_ * _a2_)));{'d0': {'_a0_': -0.47183023158619375, '_a1_': 1.1180301269644621, '_a2_': 1.6436018999675501, '_a4_': 0.5256917706025793, '_a3_': 1.0, '_a5_': 1.0, '_a6_': 1.0, '_a7_': 1.0}};{'d0': 0.024905832919718398};-276.475521886094;40.26842068922607
38828;-103.335408385808;(((_a4_ + ((_a7_ + x) * x)) * x) * pow2((_a1_ * _a2_)));{'d0': {'_a1_': 0.9221717141418245, '_a2_': 1.9926834792755483, '_a4_': 0.5256917701005832, '_a7_': 0.6238594155241997, '_a0_': 1.0, '_a3_': 1.0, '_a5_': 1.0, '_a6_': 1.0}};{'d0': 0.024905832921938084};-276.475521880747;34.90235255456607
38829;-103.335408385808;(((_a4_ + ((_a7_ + x) * x)) * x) * pow2((_a1_ * _a2_)));{'d0': {'_a1_': 0.9221717141418245, '_a2_': 1.9926834792755483, '_a4_': 0.5256917701005832, '_a7_': 0.6238594155241997, '_a0_': 1.0, '_a3_': 1.0, '_a5_': 1.0, '_a6_': 1.0}};{'d0': 0.024905832921938084};-276.475521880747;34.90235255456607
38830;-105.382580669956;(((_a4_ + ((_a1_ + x) * x)) * x) * pow2((_a1_ * _a2_)));{'d0': {'_a1_': 0.6238594155243351, '_a2_': 2.9455297934665174, '_a4_': 0.5256917700549276, '_a0_': 1.0, '_a3_': 1.0, '_a5_': 1.0, '_a6_': 1.0, '_a7_': 1.0}};{'d0': 0.024905832919416636};-280.569866449044;34.90235255456607
38831;-93.5067441925743;-(((_a2_ + (x * ((-(x) * _a7_) + (-(_a5_) / -(_a7_))))) * x));{'d0': {'_a2_': -1.7751354024834545, '_a5_': -7.113565774421417, '_a7_': 3.376760886318905, '_a0_': 1.0, '_a1_': 1.0, '_a3_': 1.0, '_a4_': 1.0, '_a6_': 1.0}};{'d0': 0.024905832919416653};-280.569866449044;46.77818903194769
38832;-93.5067441925743;-(((_a2_ + (x * ((-(x) * _a7_) + (-(_a5_) / -(_a7_))))) * x));{'d0': {'_a2_': -1.7751354024834545, '_a5_': -7.113565774421417, '_a7_': 3.376760886318905, '_a0_': 1.0, '_a1_': 1.0, '_a3_': 1.0, '_a4_': 1.0, '_a6_': 1.0}};{'d0': 0.024905832919416653};-280.569866449044;46.77818903194769
38833;-93.5067441925743;-(((_a2_ + (x * ((-(x) * _a7_) + (-(_a5_) / -(_a7_))))) * x));{'d0': {'_a2_': -1.7751354024834545, '_a5_': -7.113565774421417, '_a7_': 3.376760886318905, '_a0_': 1.0, '_a1_': 1.0, '_a3_': 1.0, '_a4_': 1.0, '_a6_': 1.0}};{'d0': 0.024905832919416653};-280.569866449044;46.77818903194769
38834;-93.5067441925743;-(((_a2_ + (x * ((-(x) * _a7_) + (-(_a5_) / -(_a7_))))) * x));{'d0': {'_a2_': -1.7751354024834545, '_a5_': -7.113565774421417, '_a7_': 3.376760886318905, '_a0_': 1.0, '_a1_': 1.0, '_a3_': 1.0, '_a4_': 1.0, '_a6_': 1.0}};{'d0': 0.024905832919416653};-280.569866449044;46.77818903194769
38835;-93.5067441925743;-(((_a2_ + (x * ((-(x) * _a7_) + (-(_a5_) / -(_a7_))))) * x));{'d0': {'_a2_': -1.7751354024834545, '_a5_': -7.113565774421417, '_a7_': 3.376760886318905, '_a0_': 1.0, '_a1_': 1.0, '_a3_': 1.0, '_a4_': 1.0, '_a6_': 1.0}};{'d0': 0.024905832919416653};-280.569866449044;46.77818903194769
38836;-93.5067441925743;-(((_a2_ + (x * ((-(x) * _a7_) + (-(_a5_) / -(_a7_))))) * x));{'d0': {'_a2_': -1.7751354024834545, '_a5_': -7.113565774421417, '_a7_': 3.376760886318905, '_a0_': 1.0, '_a1_': 1.0, '_a3_': 1.0, '_a4_': 1.0, '_a6_': 1.0}};{'d0': 0.024905832919416653};-280.569866449044;46.77818903194769
38837;-91.4595719110908;-(((_a2_ + (x * ((-(x) * _a7_) + (-(_a5_) / -(_a6_))))) * x));{'d0': {'_a2_': -1.7751354049492236, '_a5_': -9.427695252395988, '_a6_': 4.475261895545516, '_a7_': 3.3767608746139253, '_a0_': 1.0, '_a1_': 1.0, '_a3_': 1.0, '_a4_': 1.0}};{'d0': 0.024905832919725934};-276.475521886076;46.77818903194769
38838;-91.4595719110908;-(((_a2_ + (x * ((-(x) * _a7_) + (-(_a5_) / -(_a6_))))) * x));{'d0': {'_a2_': -1.7751354049492236, '_a5_': -9.427695252395988, '_a6_': 4.475261895545516, '_a7_': 3.3767608746139253, '_a0_': 1.0, '_a1_': 1.0, '_a3_': 1.0, '_a4_': 1.0}};{'d0': 0.024905832919725934};-276.475521886076;46.77818903194769
38839;-91.4595719110908;-(((_a2_ + (x * ((-(x) * _a7_) + (-(_a5_) / -(_a6_))))) * x));{'d0': {'_a2_': -1.7751354049492236, '_a5_': -9.427695252395988, '_a6_': 4.475261895545516, '_a7_': 3.3767608746139253, '_a0_': 1.0, '_a1_': 1.0, '_a3_': 1.0, '_a4_': 1.0}};{'d0': 0.024905832919725934};-276.475521886076;46.77818903194769
38840;-95.1410343057108;-(((_a2_ + (x * ((-(x) * _a7_) + (-(_a5_) / _a6_)))) * x));{'d0': {'_a2_': -1.7751354035451092, '_a5_': 4.914852961483117, '_a6_': 2.3330470438981887, '_a7_': 3.3767608771050006, '_a0_': 1.0, '_a1_': 1.0, '_a3_': 1.0, '_a4_': 1.0}};{'d0': 0.024905832919429268};-276.475521886791;43.09672663768496
38841;-95.1410343057108;-(((_a2_ + (x * ((-(x) * _a7_) + (-(_a5_) / _a6_)))) * x));{'d0': {'_a2_': -1.7751354035451092, '_a5_': 4.914852961483117, '_a6_': 2.3330470438981887, '_a7_': 3.3767608771050006, '_a0_': 1.0, '_a1_': 1.0, '_a3_': 1.0, '_a4_': 1.0}};{'d0': 0.024905832919429268};-276.475521886791;43.09672663768496
38842;-95.1410343057108;-(((_a2_ + (x * ((-(x) * _a7_) + (-(_a5_) / _a6_)))) * x));{'d0': {'_a2_': -1.7751354035451092, '_a5_': 4.914852961483117, '_a6_': 2.3330470438981887, '_a7_': 3.3767608771050006, '_a0_': 1.0, '_a1_': 1.0, '_a3_': 1.0, '_a4_': 1.0}};{'d0': 0.024905832919429268};-276.475521886791;43.09672663768496
38843;-95.1410343057108;-(((_a2_ + (x * ((-(x) * _a7_) + (-(_a5_) / _a6_)))) * x));{'d0': {'_a2_': -1.7751354035451092, '_a5_': 4.914852961483117, '_a6_': 2.3330470438981887, '_a7_': 3.3767608771050006, '_a0_': 1.0, '_a1_': 1.0, '_a3_': 1.0, '_a4_': 1.0}};{'d0': 0.024905832919429268};-276.475521886791;43.09672663768496
38844;-95.1410343057108;-(((_a2_ + (x * ((-(x) * _a7_) + (-(_a5_) / _a6_)))) * x));{'d0': {'_a2_': -1.7751354035451092, '_a5_': 4.914852961483117, '_a6_': 2.3330470438981887, '_a7_': 3.3767608771050006, '_a0_': 1.0, '_a1_': 1.0, '_a3_': 1.0, '_a4_': 1.0}};{'d0': 0.024905832919429268};-276.475521886791;43.09672663768496
38845;-95.1410343057108;-(((_a2_ + (x * ((-(x) * _a7_) + (-(_a5_) / _a6_)))) * x));{'d0': {'_a2_': -1.7751354035451092, '_a5_': 4.914852961483117, '_a6_': 2.3330470438981887, '_a7_': 3.3767608771050006, '_a0_': 1.0, '_a1_': 1.0, '_a3_': 1.0, '_a4_': 1.0}};{'d0': 0.024905832919429268};-276.475521886791;43.09672663768496
38846;-95.1410343057108;-(((_a2_ + (x * ((-(x) * _a7_) + (-(_a5_) / _a6_)))) * x));{'d0': {'_a2_': -1.7751354035451092, '_a5_': 4.914852961483117, '_a6_': 2.3330470438981887, '_a7_': 3.3767608771050006, '_a0_': 1.0, '_a1_': 1.0, '_a3_': 1.0, '_a4_': 1.0}};{'d0': 0.024905832919429268};-276.475521886791;43.09672663768496
38847;-95.1410343057108;-(((_a2_ + (x * ((-(x) * _a7_) + (-(_a5_) / _a6_)))) * x));{'d0': {'_a2_': -1.7751354035451092, '_a5_': 4.914852961483117, '_a6_': 2.3330470438981887, '_a7_': 3.3767608771050006, '_a0_': 1.0, '_a1_': 1.0, '_a3_': 1.0, '_a4_': 1.0}};{'d0': 0.024905832919429268};-276.475521886791;43.09672663768496
38848;-95.1410343057108;-(((_a2_ + (x * ((-(x) * _a7_) + (-(_a5_) / _a6_)))) * x));{'d0': {'_a2_': -1.7751354035451092, '_a5_': 4.914852961483117, '_a6_': 2.3330470438981887, '_a7_': 3.3767608771050006, '_a0_': 1.0, '_a1_': 1.0, '_a3_': 1.0, '_a4_': 1.0}};{'d0': 0.024905832919429268};-276.475521886791;43.09672663768496
38849;-95.1410343057108;-(((_a2_ + (x * ((-(x) * _a7_) + (-(_a5_) / _a6_)))) * x));{'d0': {'_a2_': -1.7751354035451092, '_a5_': 4.914852961483117, '_a6_': 2.3330470438981887, '_a7_': 3.3767608771050006, '_a0_': 1.0, '_a1_': 1.0, '_a3_': 1.0, '_a4_': 1.0}};{'d0': 0.024905832919429268};-276.475521886791;43.09672663768496
38850;-95.1410343057108;-(((_a2_ + (x * ((-(x) * _a7_) + (-(_a5_) / _a6_)))) * x));{'d0': {'_a2_': -1.7751354035451092, '_a5_': 4.914852961483117, '_a6_': 2.3330470438981887, '_a7_': 3.3767608771050006, '_a0_': 1.0, '_a1_': 1.0, '_a3_': 1.0, '_a4_': 1.0}};{'d0': 0.024905832919429268};-276.475521886791;43.09672663768496
38851;-95.1410343057108;-(((_a2_ + (x * ((-(x) * _a7_) + (-(_a5_) / _a6_)))) * x));{'d0': {'_a2_': -1.7751354035451092, '_a5_': 4.914852961483117, '_a6_': 2.3330470438981887, '_a7_': 3.3767608771050006, '_a0_': 1.0, '_a1_': 1.0, '_a3_': 1.0, '_a4_': 1.0}};{'d0': 0.024905832919429268};-276.475521886791;43.09672663768496
38852;-95.1410343057108;-(((_a2_ + (x * ((-(x) * _a7_) + (-(_a5_) / _a6_)))) * x));{'d0': {'_a2_': -1.7751354035451092, '_a5_': 4.914852961483117, '_a6_': 2.3330470438981887, '_a7_': 3.3767608771050006, '_a0_': 1.0, '_a1_': 1.0, '_a3_': 1.0, '_a4_': 1.0}};{'d0': 0.024905832919429268};-276.475521886791;43.09672663768496
38853;-95.1410343057108;-(((_a2_ + (x * ((-(x) * _a7_) + (-(_a5_) / _a6_)))) * x));{'d0': {'_a2_': -1.7751354035451092, '_a5_': 4.914852961483117, '_a6_': 2.3330470438981887, '_a7_': 3.3767608771050006, '_a0_': 1.0, '_a1_': 1.0, '_a3_': 1.0, '_a4_': 1.0}};{'d0': 0.024905832919429268};-276.475521886791;43.09672663768496
38854;-95.1410343057108;-(((_a2_ + (x * ((-(x) * _a7_) + (-(_a5_) / _a6_)))) * x));{'d0': {'_a2_': -1.7751354035451092, '_a5_': 4.914852961483117, '_a6_': 2.3330470438981887, '_a7_': 3.3767608771050006, '_a0_': 1.0, '_a1_': 1.0, '_a3_': 1.0, '_a4_': 1.0}};{'d0': 0.024905832919429268};-276.475521886791;43.09672663768496
38855;-95.1410343057108;-(((_a2_ + (x * ((-(x) * _a7_) + (-(_a5_) / _a6_)))) * x));{'d0': {'_a2_': -1.7751354035451092, '_a5_': 4.914852961483117, '_a6_': 2.3330470438981887, '_a7_': 3.3767608771050006, '_a0_': 1.0, '_a1_': 1.0, '_a3_': 1.0, '_a4_': 1.0}};{'d0': 0.024905832919429268};-276.475521886791;43.09672663768496
38856;-95.1410343057108;-(((_a2_ + (x * ((-(x) * _a7_) + (-(_a5_) / _a6_)))) * x));{'d0': {'_a2_': -1.7751354035451092, '_a5_': 4.914852961483117, '_a6_': 2.3330470438981887, '_a7_': 3.3767608771050006, '_a0_': 1.0, '_a1_': 1.0, '_a3_': 1.0, '_a4_': 1.0}};{'d0': 0.024905832919429268};-276.475521886791;43.09672663768496
38857;-95.1410343057108;-(((_a2_ + (x * ((-(x) * _a7_) + (-(_a5_) / _a6_)))) * x));{'d0': {'_a2_': -1.7751354035451092, '_a5_': 4.914852961483117, '_a6_': 2.3330470438981887, '_a7_': 3.3767608771050006, '_a0_': 1.0, '_a1_': 1.0, '_a3_': 1.0, '_a4_': 1.0}};{'d0': 0.024905832919429268};-276.475521886791;43.09672663768496
38858;-95.1410343057108;-(((_a2_ + (x * ((-(x) * _a7_) + (-(_a5_) / _a6_)))) * x));{'d0': {'_a2_': -1.7751354035451092, '_a5_': 4.914852961483117, '_a6_': 2.3330470438981887, '_a7_': 3.3767608771050006, '_a0_': 1.0, '_a1_': 1.0, '_a3_': 1.0, '_a4_': 1.0}};{'d0': 0.024905832919429268};-276.475521886791;43.09672663768496
38859;-95.1410343057108;-(((_a2_ + (x * ((-(x) * _a7_) + (-(_a5_) / _a6_)))) * x));{'d0': {'_a2_': -1.7751354035451092, '_a5_': 4.914852961483117, '_a6_': 2.3330470438981887, '_a7_': 3.3767608771050006, '_a0_': 1.0, '_a1_': 1.0, '_a3_': 1.0, '_a4_': 1.0}};{'d0': 0.024905832919429268};-276.475521886791;43.09672663768496
38860;-95.1410343057108;-(((_a2_ + (x * ((-(x) * _a7_) + (-(_a5_) / _a6_)))) * x));{'d0': {'_a2_': -1.7751354035451092, '_a5_': 4.914852961483117, '_a6_': 2.3330470438981887, '_a7_': 3.3767608771050006, '_a0_': 1.0, '_a1_': 1.0, '_a3_': 1.0, '_a4_': 1.0}};{'d0': 0.024905832919429268};-276.475521886791;43.09672663768496
38861;-95.1410343057108;-(((_a2_ + (x * ((-(x) * _a7_) + (-(_a5_) / _a6_)))) * x));{'d0': {'_a2_': -1.7751354035451092, '_a5_': 4.914852961483117, '_a6_': 2.3330470438981887, '_a7_': 3.3767608771050006, '_a0_': 1.0, '_a1_': 1.0, '_a3_': 1.0, '_a4_': 1.0}};{'d0': 0.024905832919429268};-276.475521886791;43.09672663768496
38862;-95.1410343057108;-(((_a2_ + (x * ((-(x) * _a7_) + (-(_a5_) / _a6_)))) * x));{'d0': {'_a2_': -1.7751354035451092, '_a5_': 4.914852961483117, '_a6_': 2.3330470438981887, '_a7_': 3.3767608771050006, '_a0_': 1.0, '_a1_': 1.0, '_a3_': 1.0, '_a4_': 1.0}};{'d0': 0.024905832919429268};-276.475521886791;43.09672663768496
38863;-95.1410343057108;-(((_a2_ + (x * ((-(x) * _a7_) + (-(_a5_) / _a6_)))) * x));{'d0': {'_a2_': -1.7751354035451092, '_a5_': 4.914852961483117, '_a6_': 2.3330470438981887, '_a7_': 3.3767608771050006, '_a0_': 1.0, '_a1_': 1.0, '_a3_': 1.0, '_a4_': 1.0}};{'d0': 0.024905832919429268};-276.475521886791;43.09672663768496
38864;-95.1410343057108;-(((_a2_ + (x * ((-(x) * _a7_) + (-(_a5_) / _a6_)))) * x));{'d0': {'_a2_': -1.7751354035451092, '_a5_': 4.914852961483117, '_a6_': 2.3330470438981887, '_a7_': 3.3767608771050006, '_a0_': 1.0, '_a1_': 1.0, '_a3_': 1.0, '_a4_': 1.0}};{'d0': 0.024905832919429268};-276.475521886791;43.09672663768496
38865;-95.1410343057108;-(((_a2_ + (x * ((-(x) * _a7_) + (-(_a5_) / _a6_)))) * x));{'d0': {'_a2_': -1.7751354035451092, '_a5_': 4.914852961483117, '_a6_': 2.3330470438981887, '_a7_': 3.3767608771050006, '_a0_': 1.0, '_a1_': 1.0, '_a3_': 1.0, '_a4_': 1.0}};{'d0': 0.024905832919429268};-276.475521886791;43.09672663768496
38866;-95.1410343057108;-(((_a2_ + (x * ((-(x) * _a7_) + (-(_a5_) / _a6_)))) * x));{'d0': {'_a2_': -1.7751354035451092, '_a5_': 4.914852961483117, '_a6_': 2.3330470438981887, '_a7_': 3.3767608771050006, '_a0_': 1.0, '_a1_': 1.0, '_a3_': 1.0, '_a4_': 1.0}};{'d0': 0.024905832919429268};-276.475521886791;43.09672663768496
38867;-95.1410343057108;-(((_a2_ + (x * ((-(x) * _a7_) + (-(_a5_) / _a6_)))) * x));{'d0': {'_a2_': -1.7751354035451092, '_a5_': 4.914852961483117, '_a6_': 2.3330470438981887, '_a7_': 3.3767608771050006, '_a0_': 1.0, '_a1_': 1.0, '_a3_': 1.0, '_a4_': 1.0}};{'d0': 0.024905832919429268};-276.475521886791;43.09672663768496
38868;-95.1410343057108;-(((_a2_ + (x * ((-(x) * _a7_) + (-(_a5_) / _a6_)))) * x));{'d0': {'_a2_': -1.7751354035451092, '_a5_': 4.914852961483117, '_a6_': 2.3330470438981887, '_a7_': 3.3767608771050006, '_a0_': 1.0, '_a1_': 1.0, '_a3_': 1.0, '_a4_': 1.0}};{'d0': 0.024905832919429268};-276.475521886791;43.09672663768496
38869;-104.531628829011;((((_a1_ + (pow2((_a6_ + x)) * _a5_)) * x) / _a6_) * _a5_);{'d0': {'_a1_': -0.43966257364922584, '_a5_': -1.026309911097137, '_a6_': 0.311929707754316, '_a0_': 1.0, '_a2_': 1.0, '_a3_': 1.0, '_a4_': 1.0, '_a7_': 1.0}};{'d0': 0.024905832919416594};-280.569866449044;35.75330439551144
38870;-104.531628829011;((((_a1_ + (pow2((_a6_ + x)) * _a5_)) * x) / _a6_) * _a5_);{'d0': {'_a1_': -0.43966257364922584, '_a5_': -1.026309911097137, '_a6_': 0.311929707754316, '_a0_': 1.0, '_a2_': 1.0, '_a3_': 1.0, '_a4_': 1.0, '_a7_': 1.0}};{'d0': 0.024905832919416594};-280.569866449044;35.75330439551144
38871;-104.531628829011;((((_a1_ + (pow2((_a6_ + x)) * _a5_)) * x) / _a6_) * _a5_);{'d0': {'_a1_': -0.43966257364922584, '_a5_': -1.026309911097137, '_a6_': 0.311929707754316, '_a0_': 1.0, '_a2_': 1.0, '_a3_': 1.0, '_a4_': 1.0, '_a7_': 1.0}};{'d0': 0.024905832919416594};-280.569866449044;35.75330439551144
38872;-104.531628829011;((((_a1_ + (pow2((_a6_ + x)) * _a5_)) * x) / _a6_) * _a5_);{'d0': {'_a1_': -0.43966257364922584, '_a5_': -1.026309911097137, '_a6_': 0.311929707754316, '_a0_': 1.0, '_a2_': 1.0, '_a3_': 1.0, '_a4_': 1.0, '_a7_': 1.0}};{'d0': 0.024905832919416594};-280.569866449044;35.75330439551144
38873;-104.531628829011;((((_a1_ + (pow2((_a6_ + x)) * _a5_)) * x) / _a6_) * _a5_);{'d0': {'_a1_': -0.43966257364922584, '_a5_': -1.026309911097137, '_a6_': 0.311929707754316, '_a0_': 1.0, '_a2_': 1.0, '_a3_': 1.0, '_a4_': 1.0, '_a7_': 1.0}};{'d0': 0.024905832919416594};-280.569866449044;35.75330439551144
38874;-104.531628829011;((((_a1_ + (pow2((_a6_ + x)) * _a5_)) * x) / _a6_) * _a5_);{'d0': {'_a1_': -0.43966257364922584, '_a5_': -1.026309911097137, '_a6_': 0.311929707754316, '_a0_': 1.0, '_a2_': 1.0, '_a3_': 1.0, '_a4_': 1.0, '_a7_': 1.0}};{'d0': 0.024905832919416594};-280.569866449044;35.75330439551144
38875;-104.531628829011;((((_a1_ + (pow2((_a6_ + x)) * _a5_)) * x) / _a6_) * _a5_);{'d0': {'_a1_': -0.43966257364922584, '_a5_': -1.026309911097137, '_a6_': 0.311929707754316, '_a0_': 1.0, '_a2_': 1.0, '_a3_': 1.0, '_a4_': 1.0, '_a7_': 1.0}};{'d0': 0.024905832919416594};-280.569866449044;35.75330439551144
38876;-104.531628829011;((((_a1_ + (pow2((_a6_ + x)) * _a5_)) * x) / _a6_) * _a5_);{'d0': {'_a1_': -0.43966257364922584, '_a5_': -1.026309911097137, '_a6_': 0.311929707754316, '_a0_': 1.0, '_a2_': 1.0, '_a3_': 1.0, '_a4_': 1.0, '_a7_': 1.0}};{'d0': 0.024905832919416594};-280.569866449044;35.75330439551144
38877;-104.531628829011;((((_a1_ + (pow2((_a6_ + x)) * _a5_)) * x) / _a6_) * _a5_);{'d0': {'_a1_': -0.43966257364922584, '_a5_': -1.026309911097137, '_a6_': 0.311929707754316, '_a0_': 1.0, '_a2_': 1.0, '_a3_': 1.0, '_a4_': 1.0, '_a7_': 1.0}};{'d0': 0.024905832919416594};-280.569866449044;35.75330439551144
38878;-104.531628829011;((((_a1_ + (pow2((_a6_ + x)) * _a5_)) * x) / _a6_) * _a5_);{'d0': {'_a1_': -0.43966257364922584, '_a5_': -1.026309911097137, '_a6_': 0.311929707754316, '_a0_': 1.0, '_a2_': 1.0, '_a3_': 1.0, '_a4_': 1.0, '_a7_': 1.0}};{'d0': 0.024905832919416594};-280.569866449044;35.75330439551144
38879;-104.531628829011;((((_a1_ + (pow2((_a6_ + x)) * _a5_)) * x) / _a6_) * _a5_);{'d0': {'_a1_': -0.43966257364922584, '_a5_': -1.026309911097137, '_a6_': 0.311929707754316, '_a0_': 1.0, '_a2_': 1.0, '_a3_': 1.0, '_a4_': 1.0, '_a7_': 1.0}};{'d0': 0.024905832919416594};-280.569866449044;35.75330439551144
38880;-104.531628829011;((((_a1_ + (pow2((_a6_ + x)) * _a5_)) * x) / _a6_) * _a5_);{'d0': {'_a1_': -0.43966257364922584, '_a5_': -1.026309911097137, '_a6_': 0.311929707754316, '_a0_': 1.0, '_a2_': 1.0, '_a3_': 1.0, '_a4_': 1.0, '_a7_': 1.0}};{'d0': 0.024905832919416594};-280.569866449044;35.75330439551144
38881;-104.531628829011;((((_a1_ + (pow2((_a6_ + x)) * _a5_)) * x) / _a6_) * _a5_);{'d0': {'_a1_': -0.43966257364922584, '_a5_': -1.026309911097137, '_a6_': 0.311929707754316, '_a0_': 1.0, '_a2_': 1.0, '_a3_': 1.0, '_a4_': 1.0, '_a7_': 1.0}};{'d0': 0.024905832919416594};-280.569866449044;35.75330439551144
38882;-97.5351166224425;((((_a1_ + (pow2((_a6_ + x)) * _a5_)) * x) / (_a0_ * _a6_)) * _a5_);{'d0': {'_a0_': 1.0, '_a1_': -0.43966257364922584, '_a5_': -1.026309911097137, '_a6_': 0.311929707754316, '_a2_': 1.0, '_a3_': 1.0, '_a4_': 1.0, '_a7_': 1.0}};{'d0': 0.024905832919416594};-276.475521886822;40.702644320968446
38883;-97.5351166224425;((((_a1_ + (pow2((_a6_ + x)) * _a5_)) * x) / (_a0_ * _a6_)) * _a5_);{'d0': {'_a0_': 1.0, '_a1_': -0.43966257364922584, '_a5_': -1.026309911097137, '_a6_': 0.311929707754316, '_a2_': 1.0, '_a3_': 1.0, '_a4_': 1.0, '_a7_': 1.0}};{'d0': 0.024905832919416594};-276.475521886822;40.702644320968446
38884;-86.9807895238802;-(((_a2_ + (x * ((-(x) * _a7_) + (((_a1_ + _a7_) + _a7_) / _a6_)))) * x));{'d0': {'_a1_': -188735.69729085028, '_a2_': -1.7751354044000545, '_a6_': 89588.33266361358, '_a7_': 3.376760877134708, '_a0_': 1.0, '_a3_': 1.0, '_a4_': 1.0, '_a5_': 1.0}};{'d0': 0.024905832919456288};-276.475521886726;51.256971419483015
38885;-86.9807895238802;-(((_a2_ + (x * ((-(x) * _a7_) + (((_a1_ + _a7_) + _a7_) / _a6_)))) * x));{'d0': {'_a1_': -188735.69729085028, '_a2_': -1.7751354044000545, '_a6_': 89588.33266361358, '_a7_': 3.376760877134708, '_a0_': 1.0, '_a3_': 1.0, '_a4_': 1.0, '_a5_': 1.0}};{'d0': 0.024905832919456288};-276.475521886726;51.256971419483015
38886;-86.9807895238802;-(((_a2_ + (x * ((-(x) * _a7_) + (((_a1_ + _a7_) + _a7_) / _a6_)))) * x));{'d0': {'_a1_': -188735.69729085028, '_a2_': -1.7751354044000545, '_a6_': 89588.33266361358, '_a7_': 3.376760877134708, '_a0_': 1.0, '_a3_': 1.0, '_a4_': 1.0, '_a5_': 1.0}};{'d0': 0.024905832919456288};-276.475521886726;51.256971419483015
38887;-97.5351166224425;((((_a1_ + (pow2((_a6_ + x)) * _a5_)) * x) / (_a0_ * _a6_)) * _a5_);{'d0': {'_a0_': 1.0, '_a1_': -0.43966257364922584, '_a5_': -1.026309911097137, '_a6_': 0.311929707754316, '_a2_': 1.0, '_a3_': 1.0, '_a4_': 1.0, '_a7_': 1.0}};{'d0': 0.024905832919416594};-276.475521886822;40.702644320968446
38888;-97.5351166224425;((((_a1_ + (pow2((_a6_ + x)) * _a5_)) * x) / (_a0_ * _a6_)) * _a5_);{'d0': {'_a0_': 1.0, '_a1_': -0.43966257364922584, '_a5_': -1.026309911097137, '_a6_': 0.311929707754316, '_a2_': 1.0, '_a3_': 1.0, '_a4_': 1.0, '_a7_': 1.0}};{'d0': 0.024905832919416594};-276.475521886822;40.702644320968446
38889;-96.5638554713456;((((_a1_ + (pow2((_a6_ + x)) * _a5_)) * x) / (_a0_ + _a6_)) * _a5_);{'d0': {'_a0_': 57.00286250627459, '_a1_': -5.9597027664456785, '_a5_': -13.91180961175905, '_a6_': 0.3119297078818434, '_a2_': 1.0, '_a3_': 1.0, '_a4_': 1.0, '_a7_': 1.0}};{'d0': 0.024905832942266823};-276.475521831774;41.67390544454145
38890;-86.9807895238802;-(((_a2_ + (x * ((-(x) * _a7_) + (((_a1_ + _a7_) + _a7_) / _a6_)))) * x));{'d0': {'_a1_': -188735.69729085028, '_a2_': -1.7751354044000545, '_a6_': 89588.33266361358, '_a7_': 3.376760877134708, '_a0_': 1.0, '_a3_': 1.0, '_a4_': 1.0, '_a5_': 1.0}};{'d0': 0.024905832919456288};-276.475521886726;51.256971419483015
38891;-86.9807895238802;-(((_a2_ + (x * ((-(x) * _a7_) + (((_a1_ + _a7_) + _a7_) / _a6_)))) * x));{'d0': {'_a1_': -188735.69729085028, '_a2_': -1.7751354044000545, '_a6_': 89588.33266361358, '_a7_': 3.376760877134708, '_a0_': 1.0, '_a3_': 1.0, '_a4_': 1.0, '_a5_': 1.0}};{'d0': 0.024905832919456288};-276.475521886726;51.256971419483015
38892;-86.9807894344247;-(((_a2_ + (x * ((-(x) * _a6_) + (((_a1_ + _a7_) + _a7_) / _a6_)))) * x));{'d0': {'_a1_': 323881.6412477684, '_a2_': -1.7751354036682074, '_a6_': 3.3767608818650743, '_a7_': -161944.3774018345, '_a0_': 1.0, '_a3_': 1.0, '_a4_': 1.0, '_a5_': 1.0}};{'d0': 0.024905832993721764};-276.475521707815;51.256971419483015
38893;-86.9807894344247;-(((_a2_ + (x * ((-(x) * _a6_) + (((_a1_ + _a7_) + _a7_) / _a6_)))) * x));{'d0': {'_a1_': 323881.6412477684, '_a2_': -1.7751354036682074, '_a6_': 3.3767608818650743, '_a7_': -161944.3774018345, '_a0_': 1.0, '_a3_': 1.0, '_a4_': 1.0, '_a5_': 1.0}};{'d0': 0.024905832993721764};-276.475521707815;51.256971419483015
38894;-86.9807894344247;-(((_a2_ + (x * ((-(x) * _a6_) + (((_a1_ + _a7_) + _a7_) / _a6_)))) * x));{'d0': {'_a1_': 323881.6412477684, '_a2_': -1.7751354036682074, '_a6_': 3.3767608818650743, '_a7_': -161944.3774018345, '_a0_': 1.0, '_a3_': 1.0, '_a4_': 1.0, '_a5_': 1.0}};{'d0': 0.024905832993721764};-276.475521707815;51.256971419483015
38895;-86.9807894344247;-(((_a2_ + (x * ((-(x) * _a6_) + (((_a1_ + _a7_) + _a7_) / _a6_)))) * x));{'d0': {'_a1_': 323881.6412477684, '_a2_': -1.7751354036682074, '_a6_': 3.3767608818650743, '_a7_': -161944.3774018345, '_a0_': 1.0, '_a3_': 1.0, '_a4_': 1.0, '_a5_': 1.0}};{'d0': 0.024905832993721764};-276.475521707815;51.256971419483015
38896;-86.9807894344247;-(((_a2_ + (x * ((-(x) * _a6_) + (((_a1_ + _a7_) + _a7_) / _a6_)))) * x));{'d0': {'_a1_': 323881.6412477684, '_a2_': -1.7751354036682074, '_a6_': 3.3767608818650743, '_a7_': -161944.3774018345, '_a0_': 1.0, '_a3_': 1.0, '_a4_': 1.0, '_a5_': 1.0}};{'d0': 0.024905832993721764};-276.475521707815;51.256971419483015
38897;-92.9013905608680;-(((_a2_ + (x * ((-(x) * _a6_) + ((_a0_ + _a7_) / _a6_)))) * x));{'d0': {'_a0_': -540680.2150019772, '_a2_': -1.775135403899425, '_a6_': 3.376760880155831, '_a7_': 540673.1014326103, '_a1_': 1.0, '_a3_': 1.0, '_a4_': 1.0, '_a5_': 1.0}};{'d0': 0.024905832929453663};-276.475521862642;45.33637037045302
38898;-92.9013905608680;-(((_a2_ + (x * ((-(x) * _a6_) + ((_a0_ + _a7_) / _a6_)))) * x));{'d0': {'_a0_': -540680.2150019772, '_a2_': -1.775135403899425, '_a6_': 3.376760880155831, '_a7_': 540673.1014326103, '_a1_': 1.0, '_a3_': 1.0, '_a4_': 1.0, '_a5_': 1.0}};{'d0': 0.024905832929453663};-276.475521862642;45.33637037045302
38899;-92.9013905608680;-(((_a2_ + (x * ((-(x) * _a6_) + ((_a0_ + _a7_) / _a6_)))) * x));{'d0': {'_a0_': -540680.2150019772, '_a2_': -1.775135403899425, '_a6_': 3.376760880155831, '_a7_': 540673.1014326103, '_a1_': 1.0, '_a3_': 1.0, '_a4_': 1.0, '_a5_': 1.0}};{'d0': 0.024905832929453663};-276.475521862642;45.33637037045302
38900;-92.9013905608680;-(((_a2_ + (x * ((-(x) * _a6_) + ((_a0_ + _a7_) / _a6_)))) * x));{'d0': {'_a0_': -540680.2150019772, '_a2_': -1.775135403899425, '_a6_': 3.376760880155831, '_a7_': 540673.1014326103, '_a1_': 1.0, '_a3_': 1.0, '_a4_': 1.0, '_a5_': 1.0}};{'d0': 0.024905832929453663};-276.475521862642;45.33637037045302
38901;-94.9485628540691;-(((_a2_ + (x * ((-(x) * _a6_) + ((_a0_ + x) / _a6_)))) * x));{'d0': {'_a0_': -7.690615157029741, '_a2_': -1.7751354043563454, '_a6_': 3.6506822789955193, '_a1_': 1.0, '_a3_': 1.0, '_a4_': 1.0, '_a5_': 1.0, '_a7_': 1.0}};{'d0': 0.024905832919416615};-280.569866449044;45.33637037045302
38902;-94.9485628540691;-(((_a2_ + (x * ((-(x) * _a6_) + ((_a0_ + x) / _a6_)))) * x));{'d0': {'_a0_': -7.690615157029741, '_a2_': -1.7751354043563454, '_a6_': 3.6506822789955193, '_a1_': 1.0, '_a3_': 1.0, '_a4_': 1.0, '_a5_': 1.0, '_a7_': 1.0}};{'d0': 0.024905832919416615};-280.569866449044;45.33637037045302
38903;-94.9485628540691;-(((_a2_ + (x * ((-(x) * _a6_) + ((_a0_ + x) / _a6_)))) * x));{'d0': {'_a0_': -7.690615157029741, '_a2_': -1.7751354043563454, '_a6_': 3.6506822789955193, '_a1_': 1.0, '_a3_': 1.0, '_a4_': 1.0, '_a5_': 1.0, '_a7_': 1.0}};{'d0': 0.024905832919416615};-280.569866449044;45.33637037045302
38904;-94.9485628540691;-(((_a2_ + (x * ((-(x) * _a6_) + ((_a0_ + x) / _a6_)))) * x));{'d0': {'_a0_': -7.690615157029741, '_a2_': -1.7751354043563454, '_a6_': 3.6506822789955193, '_a1_': 1.0, '_a3_': 1.0, '_a4_': 1.0, '_a5_': 1.0, '_a7_': 1.0}};{'d0': 0.024905832919416615};-280.569866449044;45.33637037045302
38905;-94.9485628540691;-(((_a2_ + (x * ((-(x) * _a6_) + ((_a0_ + x) / _a6_)))) * x));{'d0': {'_a0_': -7.690615157029741, '_a2_': -1.7751354043563454, '_a6_': 3.6506822789955193, '_a1_': 1.0, '_a3_': 1.0, '_a4_': 1.0, '_a5_': 1.0, '_a7_': 1.0}};{'d0': 0.024905832919416615};-280.569866449044;45.33637037045302
38906;-94.9485628540691;-(((_a2_ + (x * ((-(x) * _a6_) + ((_a0_ + x) / _a6_)))) * x));{'d0': {'_a0_': -7.690615157029741, '_a2_': -1.7751354043563454, '_a6_': 3.6506822789955193, '_a1_': 1.0, '_a3_': 1.0, '_a4_': 1.0, '_a5_': 1.0, '_a7_': 1.0}};{'d0': 0.024905832919416615};-280.569866449044;45.33637037045302
38907;-94.9485628540691;-(((_a2_ + (x * ((-(x) * _a6_) + ((_a0_ + x) / _a6_)))) * x));{'d0': {'_a0_': -7.690615157029741, '_a2_': -1.7751354043563454, '_a6_': 3.6506822789955193, '_a1_': 1.0, '_a3_': 1.0, '_a4_': 1.0, '_a5_': 1.0, '_a7_': 1.0}};{'d0': 0.024905832919416615};-280.569866449044;45.33637037045302
38908;-94.9485628540691;-(((_a2_ + (x * ((-(x) * _a6_) + ((_a0_ + x) / _a6_)))) * x));{'d0': {'_a0_': -7.690615157029741, '_a2_': -1.7751354043563454, '_a6_': 3.6506822789955193, '_a1_': 1.0, '_a3_': 1.0, '_a4_': 1.0, '_a5_': 1.0, '_a7_': 1.0}};{'d0': 0.024905832919416615};-280.569866449044;45.33637037045302
38909;-94.9485628540691;-(((_a2_ + (x * ((-(x) * _a6_) + ((_a0_ + x) / _a6_)))) * x));{'d0': {'_a0_': -7.690615157029741, '_a2_': -1.7751354043563454, '_a6_': 3.6506822789955193, '_a1_': 1.0, '_a3_': 1.0, '_a4_': 1.0, '_a5_': 1.0, '_a7_': 1.0}};{'d0': 0.024905832919416615};-280.569866449044;45.33637037045302
38910;-94.9485628540691;-(((_a2_ + (x * ((-(x) * _a6_) + ((_a0_ + x) / _a6_)))) * x));{'d0': {'_a0_': -7.690615157029741, '_a2_': -1.7751354043563454, '_a6_': 3.6506822789955193, '_a1_': 1.0, '_a3_': 1.0, '_a4_': 1.0, '_a5_': 1.0, '_a7_': 1.0}};{'d0': 0.024905832919416615};-280.569866449044;45.33637037045302
38911;-94.9485628540691;-(((_a2_ + (x * ((-(x) * _a6_) + ((_a0_ + x) / _a6_)))) * x));{'d0': {'_a0_': -7.690615157029741, '_a2_': -1.7751354043563454, '_a6_': 3.6506822789955193, '_a1_': 1.0, '_a3_': 1.0, '_a4_': 1.0, '_a5_': 1.0, '_a7_': 1.0}};{'d0': 0.024905832919416615};-280.569866449044;45.33637037045302
38912;-94.9485628540691;-(((_a2_ + (x * ((-(x) * _a6_) + ((_a0_ + x) / _a6_)))) * x));{'d0': {'_a0_': -7.690615157029741, '_a2_': -1.7751354043563454, '_a6_': 3.6506822789955193, '_a1_': 1.0, '_a3_': 1.0, '_a4_': 1.0, '_a5_': 1.0, '_a7_': 1.0}};{'d0': 0.024905832919416615};-280.569866449044;45.33637037045302
38913;-94.9485628540691;-(((_a2_ + (x * ((-(x) * _a6_) + ((_a0_ + x) / _a6_)))) * x));{'d0': {'_a0_': -7.690615157029741, '_a2_': -1.7751354043563454, '_a6_': 3.6506822789955193, '_a1_': 1.0, '_a3_': 1.0, '_a4_': 1.0, '_a5_': 1.0, '_a7_': 1.0}};{'d0': 0.024905832919416615};-280.569866449044;45.33637037045302
38914;-94.9485628540691;-(((_a2_ + (x * ((-(x) * _a6_) + ((_a0_ + x) / _a6_)))) * x));{'d0': {'_a0_': -7.690615157029741, '_a2_': -1.7751354043563454, '_a6_': 3.6506822789955193, '_a1_': 1.0, '_a3_': 1.0, '_a4_': 1.0, '_a5_': 1.0, '_a7_': 1.0}};{'d0': 0.024905832919416615};-280.569866449044;45.33637037045302
38915;-94.9485628540691;-(((_a2_ + (x * ((-(x) * _a6_) + ((_a0_ + x) / _a6_)))) * x));{'d0': {'_a0_': -7.690615157029741, '_a2_': -1.7751354043563454, '_a6_': 3.6506822789955193, '_a1_': 1.0, '_a3_': 1.0, '_a4_': 1.0, '_a5_': 1.0, '_a7_': 1.0}};{'d0': 0.024905832919416615};-280.569866449044;45.33637037045302
38916;-94.9485628540691;-(((_a2_ + (x * ((-(x) * _a6_) + ((_a0_ + x) / _a6_)))) * x));{'d0': {'_a0_': -7.690615157029741, '_a2_': -1.7751354043563454, '_a6_': 3.6506822789955193, '_a1_': 1.0, '_a3_': 1.0, '_a4_': 1.0, '_a5_': 1.0, '_a7_': 1.0}};{'d0': 0.024905832919416615};-280.569866449044;45.33637037045302
38917;-94.9485628540691;-(((_a2_ + (x * ((-(x) * _a6_) + ((_a0_ + x) / _a6_)))) * x));{'d0': {'_a0_': -7.690615157029741, '_a2_': -1.7751354043563454, '_a6_': 3.6506822789955193, '_a1_': 1.0, '_a3_': 1.0, '_a4_': 1.0, '_a5_': 1.0, '_a7_': 1.0}};{'d0': 0.024905832919416615};-280.569866449044;45.33637037045302
38918;-98.6290150923302;((_a2_ + (x * ((-(x) * _a6_) + ((_a0_ + x) / _a6_)))) * x);{'d0': {'_a0_': 0.57704941353981, '_a2_': 1.7751354037570706, '_a6_': 0.27392139975728524, '_a1_': 1.0, '_a3_': 1.0, '_a4_': 1.0, '_a5_': 1.0, '_a7_': 1.0}};{'d0': 0.024905832919416667};-280.569866449044;41.65591813219185
38919;-98.6290150923302;((_a2_ + (x * ((-(x) * _a6_) + ((_a0_ + x) / _a6_)))) * x);{'d0': {'_a0_': 0.57704941353981, '_a2_': 1.7751354037570706, '_a6_': 0.27392139975728524, '_a1_': 1.0, '_a3_': 1.0, '_a4_': 1.0, '_a5_': 1.0, '_a7_': 1.0}};{'d0': 0.024905832919416667};-280.569866449044;41.65591813219185
38920;-98.6290150923302;((_a2_ + (x * ((-(x) * _a6_) + ((_a0_ + x) / _a6_)))) * x);{'d0': {'_a0_': 0.57704941353981, '_a2_': 1.7751354037570706, '_a6_': 0.27392139975728524, '_a1_': 1.0, '_a3_': 1.0, '_a4_': 1.0, '_a5_': 1.0, '_a7_': 1.0}};{'d0': 0.024905832919416667};-280.569866449044;41.65591813219185
38921;-102.308962252591;((_a2_ + (x * ((x * _a6_) + ((_a0_ + x) / _a6_)))) * x);{'d0': {'_a0_': 0.6909776745110754, '_a2_': 1.7751354045674907, '_a6_': 0.3280023641756295, '_a1_': 1.0, '_a3_': 1.0, '_a4_': 1.0, '_a5_': 1.0, '_a7_': 1.0}};{'d0': 0.024905832919416657};-280.569866449044;37.97597097193146
38922;-102.308962252591;((_a2_ + (x * ((x * _a6_) + ((_a0_ + x) / _a6_)))) * x);{'d0': {'_a0_': 0.6909776745110754, '_a2_': 1.7751354045674907, '_a6_': 0.3280023641756295, '_a1_': 1.0, '_a3_': 1.0, '_a4_': 1.0, '_a5_': 1.0, '_a7_': 1.0}};{'d0': 0.024905832919416657};-280.569866449044;37.97597097193146
38923;-102.308962252591;((_a2_ + (x * ((x * _a6_) + ((_a0_ + x) / _a6_)))) * x);{'d0': {'_a0_': 0.6909776745110754, '_a2_': 1.7751354045674907, '_a6_': 0.3280023641756295, '_a1_': 1.0, '_a3_': 1.0, '_a4_': 1.0, '_a5_': 1.0, '_a7_': 1.0}};{'d0': 0.024905832919416657};-280.569866449044;37.97597097193146
38924;-100.261789971466;((_a2_ + (x * ((_a7_ * _a6_) + ((_a0_ + x) / _a6_)))) * x);{'d0': {'_a0_': 2.262445975934611, '_a2_': 1.7751354027585577, '_a6_': 0.2961417842550262, '_a7_': -18.684006665794264, '_a1_': 1.0, '_a3_': 1.0, '_a4_': 1.0, '_a5_': 1.0}};{'d0': 0.02490583291942762};-276.475521886795;37.97597097193146
38925;-100.261789971466;((_a2_ + (x * ((_a7_ * _a6_) + ((_a0_ + x) / _a6_)))) * x);{'d0': {'_a0_': 2.262445975934611, '_a2_': 1.7751354027585577, '_a6_': 0.2961417842550262, '_a7_': -18.684006665794264, '_a1_': 1.0, '_a3_': 1.0, '_a4_': 1.0, '_a5_': 1.0}};{'d0': 0.02490583291942762};-276.475521886795;37.97597097193146
38926;-96.5638554823178;((_a2_ + (x * ((_a7_ * _a6_) + ((_a0_ + x) / pow2(_a0_))))) * x);{'d0': {'_a0_': 0.5441891093480218, '_a2_': 1.7751354043529102, '_a6_': 0.3545492418509953, '_a7_': 0.7587840753728459, '_a1_': 1.0, '_a3_': 1.0, '_a4_': 1.0, '_a5_': 1.0}};{'d0': 0.024905832933157835};-276.475521853718;41.67390544454146
38927;-96.5638554823178;((_a2_ + (x * ((_a7_ * _a6_) + ((_a0_ + x) / pow2(_a0_))))) * x);{'d0': {'_a0_': 0.5441891093480218, '_a2_': 1.7751354043529102, '_a6_': 0.3545492418509953, '_a7_': 0.7587840753728459, '_a1_': 1.0, '_a3_': 1.0, '_a4_': 1.0, '_a5_': 1.0}};{'d0': 0.024905832933157835};-276.475521853718;41.67390544454146
38928;-96.5638554823178;((_a2_ + (x * ((_a7_ * _a6_) + ((_a0_ + x) / pow2(_a0_))))) * x);{'d0': {'_a0_': 0.5441891093480218, '_a2_': 1.7751354043529102, '_a6_': 0.3545492418509953, '_a7_': 0.7587840753728459, '_a1_': 1.0, '_a3_': 1.0, '_a4_': 1.0, '_a5_': 1.0}};{'d0': 0.024905832933157835};-276.475521853718;41.67390544454146
38929;-96.5638554823178;((_a2_ + (x * ((_a7_ * _a6_) + ((_a0_ + x) / pow2(_a0_))))) * x);{'d0': {'_a0_': 0.5441891093480218, '_a2_': 1.7751354043529102, '_a6_': 0.3545492418509953, '_a7_': 0.7587840753728459, '_a1_': 1.0, '_a3_': 1.0, '_a4_': 1.0, '_a5_': 1.0}};{'d0': 0.024905832933157835};-276.475521853718;41.67390544454146
38930;-96.5638554823178;((_a2_ + (x * ((_a7_ * _a6_) + ((_a0_ + x) / pow2(_a0_))))) * x);{'d0': {'_a0_': 0.5441891093480218, '_a2_': 1.7751354043529102, '_a6_': 0.3545492418509953, '_a7_': 0.7587840753728459, '_a1_': 1.0, '_a3_': 1.0, '_a4_': 1.0, '_a5_': 1.0}};{'d0': 0.024905832933157835};-276.475521853718;41.67390544454146
38931;-96.5638554823178;((_a2_ + (x * ((_a7_ * _a6_) + ((_a0_ + x) / pow2(_a0_))))) * x);{'d0': {'_a0_': 0.5441891093480218, '_a2_': 1.7751354043529102, '_a6_': 0.3545492418509953, '_a7_': 0.7587840753728459, '_a1_': 1.0, '_a3_': 1.0, '_a4_': 1.0, '_a5_': 1.0}};{'d0': 0.024905832933157835};-276.475521853718;41.67390544454146
38932;-95.6036153256364;((_a2_ + (x * ((_a7_ / _a6_) + ((_a0_ + x) / pow2(_a0_))))) * x);{'d0': {'_a0_': 0.5441891078394331, '_a2_': 1.7751354003539475, '_a6_': 36.908342945626906, '_a7_': 9.92933875973208, '_a1_': 1.0, '_a3_': 1.0, '_a4_': 1.0, '_a5_': 1.0}};{'d0': 0.024905832922920843};-276.475521878380;42.63414561355366
38933;-103.488010419116;((_a2_ + (x * (_a3_ + ((_a0_ + x) / pow2(_a0_))))) * x);{'d0': {'_a0_': 0.5441891093596649, '_a2_': 1.775135404169422, '_a3_': 0.2690275730904238, '_a1_': 1.0, '_a4_': 1.0, '_a5_': 1.0, '_a6_': 1.0, '_a7_': 1.0}};{'d0': 0.02490583291941665};-280.569866449044;36.79692280540647
38934;-103.488010419116;((_a2_ + (x * (_a3_ + ((_a0_ + x) / pow2(_a0_))))) * x);{'d0': {'_a0_': 0.5441891093596649, '_a2_': 1.775135404169422, '_a3_': 0.2690275730904238, '_a1_': 1.0, '_a4_': 1.0, '_a5_': 1.0, '_a6_': 1.0, '_a7_': 1.0}};{'d0': 0.02490583291941665};-280.569866449044;36.79692280540647
38935;-103.488010419116;((_a2_ + (x * (_a3_ + ((_a0_ + x) / pow2(_a0_))))) * x);{'d0': {'_a0_': 0.5441891093596649, '_a2_': 1.775135404169422, '_a3_': 0.2690275730904238, '_a1_': 1.0, '_a4_': 1.0, '_a5_': 1.0, '_a6_': 1.0, '_a7_': 1.0}};{'d0': 0.02490583291941665};-280.569866449044;36.79692280540647
38936;-103.488010419116;((_a2_ + (x * (_a3_ + ((_a0_ + x) / pow2(_a0_))))) * x);{'d0': {'_a0_': 0.5441891093596649, '_a2_': 1.775135404169422, '_a3_': 0.2690275730904238, '_a1_': 1.0, '_a4_': 1.0, '_a5_': 1.0, '_a6_': 1.0, '_a7_': 1.0}};{'d0': 0.02490583291941665};-280.569866449044;36.79692280540647
38937;-103.488010419116;((_a2_ + (x * (_a3_ + ((_a0_ + x) / pow2(_a0_))))) * x);{'d0': {'_a0_': 0.5441891093596649, '_a2_': 1.775135404169422, '_a3_': 0.2690275730904238, '_a1_': 1.0, '_a4_': 1.0, '_a5_': 1.0, '_a6_': 1.0, '_a7_': 1.0}};{'d0': 0.02490583291941665};-280.569866449044;36.79692280540647
38938;-103.488010419116;((_a2_ + (x * (_a3_ + ((_a0_ + x) / pow2(_a0_))))) * x);{'d0': {'_a0_': 0.5441891093596649, '_a2_': 1.775135404169422, '_a3_': 0.2690275730904238, '_a1_': 1.0, '_a4_': 1.0, '_a5_': 1.0, '_a6_': 1.0, '_a7_': 1.0}};{'d0': 0.02490583291941665};-280.569866449044;36.79692280540647
38939;-103.488010419116;((_a2_ + (x * (_a3_ + ((_a0_ + x) / pow2(_a0_))))) * x);{'d0': {'_a0_': 0.5441891093596649, '_a2_': 1.775135404169422, '_a3_': 0.2690275730904238, '_a1_': 1.0, '_a4_': 1.0, '_a5_': 1.0, '_a6_': 1.0, '_a7_': 1.0}};{'d0': 0.02490583291941665};-280.569866449044;36.79692280540647
38940;-103.488010419116;((_a2_ + (x * (_a3_ + ((_a0_ + x) / pow2(_a0_))))) * x);{'d0': {'_a0_': 0.5441891093596649, '_a2_': 1.775135404169422, '_a3_': 0.2690275730904238, '_a1_': 1.0, '_a4_': 1.0, '_a5_': 1.0, '_a6_': 1.0, '_a7_': 1.0}};{'d0': 0.02490583291941665};-280.569866449044;36.79692280540647
38941;-103.488010419116;((_a2_ + (x * (_a3_ + ((_a0_ + x) / pow2(_a0_))))) * x);{'d0': {'_a0_': 0.5441891093596649, '_a2_': 1.775135404169422, '_a3_': 0.2690275730904238, '_a1_': 1.0, '_a4_': 1.0, '_a5_': 1.0, '_a6_': 1.0, '_a7_': 1.0}};{'d0': 0.02490583291941665};-280.569866449044;36.79692280540647
38942;-103.488010419116;((_a2_ + (x * (_a3_ + ((_a0_ + x) / pow2(_a0_))))) * x);{'d0': {'_a0_': 0.5441891093596649, '_a2_': 1.775135404169422, '_a3_': 0.2690275730904238, '_a1_': 1.0, '_a4_': 1.0, '_a5_': 1.0, '_a6_': 1.0, '_a7_': 1.0}};{'d0': 0.02490583291941665};-280.569866449044;36.79692280540647
38943;-103.488010419116;((_a2_ + (x * (_a3_ + ((_a0_ + x) / pow2(_a0_))))) * x);{'d0': {'_a0_': 0.5441891093596649, '_a2_': 1.775135404169422, '_a3_': 0.2690275730904238, '_a1_': 1.0, '_a4_': 1.0, '_a5_': 1.0, '_a6_': 1.0, '_a7_': 1.0}};{'d0': 0.02490583291941665};-280.569866449044;36.79692280540647
38944;-103.488010419116;((_a2_ + (x * (_a3_ + ((_a0_ + x) / pow2(_a0_))))) * x);{'d0': {'_a0_': 0.5441891093596649, '_a2_': 1.775135404169422, '_a3_': 0.2690275730904238, '_a1_': 1.0, '_a4_': 1.0, '_a5_': 1.0, '_a6_': 1.0, '_a7_': 1.0}};{'d0': 0.02490583291941665};-280.569866449044;36.79692280540647
38945;-103.488010419116;((_a2_ + (x * (_a3_ + ((_a0_ + x) / pow2(_a0_))))) * x);{'d0': {'_a0_': 0.5441891093596649, '_a2_': 1.775135404169422, '_a3_': 0.2690275730904238, '_a1_': 1.0, '_a4_': 1.0, '_a5_': 1.0, '_a6_': 1.0, '_a7_': 1.0}};{'d0': 0.02490583291941665};-280.569866449044;36.79692280540647
38946;-103.488010419116;((_a2_ + (x * (_a3_ + ((_a0_ + x) / pow2(_a0_))))) * x);{'d0': {'_a0_': 0.5441891093596649, '_a2_': 1.775135404169422, '_a3_': 0.2690275730904238, '_a1_': 1.0, '_a4_': 1.0, '_a5_': 1.0, '_a6_': 1.0, '_a7_': 1.0}};{'d0': 0.02490583291941665};-280.569866449044;36.79692280540647
38947;-103.488010419116;((_a2_ + (x * (_a3_ + ((_a0_ + x) / pow2(_a0_))))) * x);{'d0': {'_a0_': 0.5441891093596649, '_a2_': 1.775135404169422, '_a3_': 0.2690275730904238, '_a1_': 1.0, '_a4_': 1.0, '_a5_': 1.0, '_a6_': 1.0, '_a7_': 1.0}};{'d0': 0.02490583291941665};-280.569866449044;36.79692280540647
38948;-103.488010419116;((_a2_ + (x * (_a3_ + ((_a0_ + x) / pow2(_a0_))))) * x);{'d0': {'_a0_': 0.5441891093596649, '_a2_': 1.775135404169422, '_a3_': 0.2690275730904238, '_a1_': 1.0, '_a4_': 1.0, '_a5_': 1.0, '_a6_': 1.0, '_a7_': 1.0}};{'d0': 0.02490583291941665};-280.569866449044;36.79692280540647
38949;-103.488010419116;((_a2_ + (x * (_a3_ + ((_a0_ + x) / pow2(_a0_))))) * x);{'d0': {'_a0_': 0.5441891093596649, '_a2_': 1.775135404169422, '_a3_': 0.2690275730904238, '_a1_': 1.0, '_a4_': 1.0, '_a5_': 1.0, '_a6_': 1.0, '_a7_': 1.0}};{'d0': 0.02490583291941665};-280.569866449044;36.79692280540647
38950;-103.488010419116;((_a2_ + (x * (_a3_ + ((_a0_ + x) / pow2(_a0_))))) * x);{'d0': {'_a0_': 0.5441891093596649, '_a2_': 1.775135404169422, '_a3_': 0.2690275730904238, '_a1_': 1.0, '_a4_': 1.0, '_a5_': 1.0, '_a6_': 1.0, '_a7_': 1.0}};{'d0': 0.02490583291941665};-280.569866449044;36.79692280540647
38951;-103.488010419116;((_a2_ + (x * (_a3_ + ((_a0_ + x) / pow2(_a0_))))) * x);{'d0': {'_a0_': 0.5441891093596649, '_a2_': 1.775135404169422, '_a3_': 0.2690275730904238, '_a1_': 1.0, '_a4_': 1.0, '_a5_': 1.0, '_a6_': 1.0, '_a7_': 1.0}};{'d0': 0.02490583291941665};-280.569866449044;36.79692280540647
38952;-103.488010419116;((_a2_ + (x * (_a3_ + ((_a0_ + x) / pow2(_a0_))))) * x);{'d0': {'_a0_': 0.5441891093596649, '_a2_': 1.775135404169422, '_a3_': 0.2690275730904238, '_a1_': 1.0, '_a4_': 1.0, '_a5_': 1.0, '_a6_': 1.0, '_a7_': 1.0}};{'d0': 0.02490583291941665};-280.569866449044;36.79692280540647
38953;-103.488010419116;((_a2_ + (x * (_a3_ + ((_a0_ + x) / pow2(_a0_))))) * x);{'d0': {'_a0_': 0.5441891093596649, '_a2_': 1.775135404169422, '_a3_': 0.2690275730904238, '_a1_': 1.0, '_a4_': 1.0, '_a5_': 1.0, '_a6_': 1.0, '_a7_': 1.0}};{'d0': 0.02490583291941665};-280.569866449044;36.79692280540647
38954;-103.488010419116;((_a2_ + (x * (_a3_ + ((_a0_ + x) / pow2(_a0_))))) * x);{'d0': {'_a0_': 0.5441891093596649, '_a2_': 1.775135404169422, '_a3_': 0.2690275730904238, '_a1_': 1.0, '_a4_': 1.0, '_a5_': 1.0, '_a6_': 1.0, '_a7_': 1.0}};{'d0': 0.02490583291941665};-280.569866449044;36.79692280540647
38955;-103.488010419116;((_a2_ + (x * (_a3_ + ((_a0_ + x) / pow2(_a0_))))) * x);{'d0': {'_a0_': 0.5441891093596649, '_a2_': 1.775135404169422, '_a3_': 0.2690275730904238, '_a1_': 1.0, '_a4_': 1.0, '_a5_': 1.0, '_a6_': 1.0, '_a7_': 1.0}};{'d0': 0.02490583291941665};-280.569866449044;36.79692280540647
38956;-103.488010419116;((_a2_ + (x * (_a3_ + ((_a0_ + x) / pow2(_a0_))))) * x);{'d0': {'_a0_': 0.5441891093596649, '_a2_': 1.775135404169422, '_a3_': 0.2690275730904238, '_a1_': 1.0, '_a4_': 1.0, '_a5_': 1.0, '_a6_': 1.0, '_a7_': 1.0}};{'d0': 0.02490583291941665};-280.569866449044;36.79692280540647
38957;-103.488010419116;((_a2_ + (x * (_a3_ + ((_a0_ + x) / pow2(_a0_))))) * x);{'d0': {'_a0_': 0.5441891093596649, '_a2_': 1.775135404169422, '_a3_': 0.2690275730904238, '_a1_': 1.0, '_a4_': 1.0, '_a5_': 1.0, '_a6_': 1.0, '_a7_': 1.0}};{'d0': 0.02490583291941665};-280.569866449044;36.79692280540647
38958;-103.488010419116;((_a2_ + (x * (_a3_ + ((_a0_ + x) / pow2(_a0_))))) * x);{'d0': {'_a0_': 0.5441891093596649, '_a2_': 1.775135404169422, '_a3_': 0.2690275730904238, '_a1_': 1.0, '_a4_': 1.0, '_a5_': 1.0, '_a6_': 1.0, '_a7_': 1.0}};{'d0': 0.02490583291941665};-280.569866449044;36.79692280540647
38959;-93.6832088942277;((_a1_ * _a1_) + -((x * (_a3_ + (_a5_ * (pow2(x) + (x * _a4_)))))));{'d0': {'_a1_': -0.0016398654984811634, '_a3_': -1.7746537777572808, '_a4_': 0.6245511678395732, '_a5_': -3.382518105019608, '_a0_': 1.0, '_a2_': 1.0, '_a6_': 1.0, '_a7_': 1.0}};{'d0': 0.024948750464001232};-276.372219316168;44.502900763856346
38960;-93.6832088942277;((_a1_ * _a1_) + -((x * (_a3_ + (_a5_ * (pow2(x) + (x * _a4_)))))));{'d0': {'_a1_': -0.0016398654984811634, '_a3_': -1.7746537777572808, '_a4_': 0.6245511678395732, '_a5_': -3.382518105019608, '_a0_': 1.0, '_a2_': 1.0, '_a6_': 1.0, '_a7_': 1.0}};{'d0': 0.024948750464001232};-276.372219316168;44.502900763856346
38961;-91.2861040076740;((log((_a0_ * _a4_)) * pow2(((pow2(cos((x + _a0_))) * _a0_) + _a3_))) * x);{'d0': {'_a0_': 0.3122611765494414, '_a3_': -0.5928434051795713, '_a4_': 328334267.75960004, '_a1_': 1.0, '_a2_': 1.0, '_a5_': 1.0, '_a6_': 1.0, '_a7_': 1.0}};{'d0': 0.024057064815324675};-282.650265715060;50.03902884985607
38962;-91.2861040076740;((log((_a0_ * _a4_)) * pow2(((pow2(cos((x + _a0_))) * _a0_) + _a3_))) * x);{'d0': {'_a0_': 0.3122611765494414, '_a3_': -0.5928434051795713, '_a4_': 328334267.75960004, '_a1_': 1.0, '_a2_': 1.0, '_a5_': 1.0, '_a6_': 1.0, '_a7_': 1.0}};{'d0': 0.024057064815324675};-282.650265715060;50.03902884985607
38963;-91.2861040076740;((log((_a0_ * _a4_)) * pow2(((pow2(cos((x + _a0_))) * _a0_) + _a3_))) * x);{'d0': {'_a0_': 0.3122611765494414, '_a3_': -0.5928434051795713, '_a4_': 328334267.75960004, '_a1_': 1.0, '_a2_': 1.0, '_a5_': 1.0, '_a6_': 1.0, '_a7_': 1.0}};{'d0': 0.024057064815324675};-282.650265715060;50.03902884985607
38964;-91.2861040076740;((log((_a0_ * _a4_)) * pow2(((pow2(cos((x + _a0_))) * _a0_) + _a3_))) * x);{'d0': {'_a0_': 0.3122611765494414, '_a3_': -0.5928434051795713, '_a4_': 328334267.75960004, '_a1_': 1.0, '_a2_': 1.0, '_a5_': 1.0, '_a6_': 1.0, '_a7_': 1.0}};{'d0': 0.024057064815324675};-282.650265715060;50.03902884985607
38965;-91.2861040076740;((log((_a0_ * _a4_)) * pow2(((pow2(cos((x + _a0_))) * _a0_) + _a3_))) * x);{'d0': {'_a0_': 0.3122611765494414, '_a3_': -0.5928434051795713, '_a4_': 328334267.75960004, '_a1_': 1.0, '_a2_': 1.0, '_a5_': 1.0, '_a6_': 1.0, '_a7_': 1.0}};{'d0': 0.024057064815324675};-282.650265715060;50.03902884985607
38966;-91.2861040076740;((log((_a0_ * _a4_)) * pow2(((pow2(cos((x + _a0_))) * _a0_) + _a3_))) * x);{'d0': {'_a0_': 0.3122611765494414, '_a3_': -0.5928434051795713, '_a4_': 328334267.75960004, '_a1_': 1.0, '_a2_': 1.0, '_a5_': 1.0, '_a6_': 1.0, '_a7_': 1.0}};{'d0': 0.024057064815324675};-282.650265715060;50.03902884985607
38967;-91.2861040076740;((log((_a0_ * _a4_)) * pow2(((pow2(cos((x + _a0_))) * _a0_) + _a3_))) * x);{'d0': {'_a0_': 0.3122611765494414, '_a3_': -0.5928434051795713, '_a4_': 328334267.75960004, '_a1_': 1.0, '_a2_': 1.0, '_a5_': 1.0, '_a6_': 1.0, '_a7_': 1.0}};{'d0': 0.024057064815324675};-282.650265715060;50.03902884985607
38968;-91.2861040076740;((log((_a0_ * _a4_)) * pow2(((pow2(cos((x + _a0_))) * _a0_) + _a3_))) * x);{'d0': {'_a0_': 0.3122611765494414, '_a3_': -0.5928434051795713, '_a4_': 328334267.75960004, '_a1_': 1.0, '_a2_': 1.0, '_a5_': 1.0, '_a6_': 1.0, '_a7_': 1.0}};{'d0': 0.024057064815324675};-282.650265715060;50.03902884985607
38969;-91.2861040076740;((log((_a0_ * _a4_)) * pow2(((pow2(cos((x + _a0_))) * _a0_) + _a3_))) * x);{'d0': {'_a0_': 0.3122611765494414, '_a3_': -0.5928434051795713, '_a4_': 328334267.75960004, '_a1_': 1.0, '_a2_': 1.0, '_a5_': 1.0, '_a6_': 1.0, '_a7_': 1.0}};{'d0': 0.024057064815324675};-282.650265715060;50.03902884985607
38970;-91.2861040076740;((log((_a0_ * _a4_)) * pow2(((pow2(cos((x + _a0_))) * _a0_) + _a3_))) * x);{'d0': {'_a0_': 0.3122611765494414, '_a3_': -0.5928434051795713, '_a4_': 328334267.75960004, '_a1_': 1.0, '_a2_': 1.0, '_a5_': 1.0, '_a6_': 1.0, '_a7_': 1.0}};{'d0': 0.024057064815324675};-282.650265715060;50.03902884985607
38971;-91.2861040076740;((log((_a0_ * _a4_)) * pow2(((pow2(cos((x + _a0_))) * _a0_) + _a3_))) * x);{'d0': {'_a0_': 0.3122611765494414, '_a3_': -0.5928434051795713, '_a4_': 328334267.75960004, '_a1_': 1.0, '_a2_': 1.0, '_a5_': 1.0, '_a6_': 1.0, '_a7_': 1.0}};{'d0': 0.024057064815324675};-282.650265715060;50.03902884985607
38972;-91.2861040076740;((log((_a0_ * _a4_)) * pow2(((pow2(cos((x + _a0_))) * _a0_) + _a3_))) * x);{'d0': {'_a0_': 0.3122611765494414, '_a3_': -0.5928434051795713, '_a4_': 328334267.75960004, '_a1_': 1.0, '_a2_': 1.0, '_a5_': 1.0, '_a6_': 1.0, '_a7_': 1.0}};{'d0': 0.024057064815324675};-282.650265715060;50.03902884985607
38973;-103.488010419116;((_a2_ + (x * (_a3_ + ((x + x) / pow2(_a0_))))) * x);{'d0': {'_a0_': 0.7695996189725803, '_a2_': 1.775135404179573, '_a3_': 2.1066240679850443, '_a1_': 1.0, '_a4_': 1.0, '_a5_': 1.0, '_a6_': 1.0, '_a7_': 1.0}};{'d0': 0.024905832919416605};-280.569866449044;36.79692280540647
38974;-103.488010419116;((_a2_ + (x * (_a3_ + ((x + x) / pow2(_a0_))))) * x);{'d0': {'_a0_': 0.7695996189725803, '_a2_': 1.775135404179573, '_a3_': 2.1066240679850443, '_a1_': 1.0, '_a4_': 1.0, '_a5_': 1.0, '_a6_': 1.0, '_a7_': 1.0}};{'d0': 0.024905832919416605};-280.569866449044;36.79692280540647
38975;-103.488010419116;((_a2_ + (x * (_a3_ + ((x + x) / pow2(_a0_))))) * x);{'d0': {'_a0_': 0.7695996189725803, '_a2_': 1.775135404179573, '_a3_': 2.1066240679850443, '_a1_': 1.0, '_a4_': 1.0, '_a5_': 1.0, '_a6_': 1.0, '_a7_': 1.0}};{'d0': 0.024905832919416605};-280.569866449044;36.79692280540647
38976;-103.488010419116;((_a2_ + (x * (_a3_ + ((x + x) / pow2(_a0_))))) * x);{'d0': {'_a0_': 0.7695996189725803, '_a2_': 1.775135404179573, '_a3_': 2.1066240679850443, '_a1_': 1.0, '_a4_': 1.0, '_a5_': 1.0, '_a6_': 1.0, '_a7_': 1.0}};{'d0': 0.024905832919416605};-280.569866449044;36.79692280540647
38977;-103.488010419116;((_a2_ + (x * (_a3_ + ((x + x) / pow2(_a0_))))) * x);{'d0': {'_a0_': 0.7695996189725803, '_a2_': 1.775135404179573, '_a3_': 2.1066240679850443, '_a1_': 1.0, '_a4_': 1.0, '_a5_': 1.0, '_a6_': 1.0, '_a7_': 1.0}};{'d0': 0.024905832919416605};-280.569866449044;36.79692280540647
38978;-103.488010419116;((_a2_ + (x * (_a3_ + ((x + x) / pow2(_a0_))))) * x);{'d0': {'_a0_': 0.7695996189725803, '_a2_': 1.775135404179573, '_a3_': 2.1066240679850443, '_a1_': 1.0, '_a4_': 1.0, '_a5_': 1.0, '_a6_': 1.0, '_a7_': 1.0}};{'d0': 0.024905832919416605};-280.569866449044;36.79692280540647
38979;-103.488010419116;((_a2_ + (x * (_a3_ + ((x + x) / pow2(_a0_))))) * x);{'d0': {'_a0_': 0.7695996189725803, '_a2_': 1.775135404179573, '_a3_': 2.1066240679850443, '_a1_': 1.0, '_a4_': 1.0, '_a5_': 1.0, '_a6_': 1.0, '_a7_': 1.0}};{'d0': 0.024905832919416605};-280.569866449044;36.79692280540647
38980;-103.488010419116;((_a2_ + (x * (_a3_ + ((x + x) / pow2(_a0_))))) * x);{'d0': {'_a0_': 0.7695996189725803, '_a2_': 1.775135404179573, '_a3_': 2.1066240679850443, '_a1_': 1.0, '_a4_': 1.0, '_a5_': 1.0, '_a6_': 1.0, '_a7_': 1.0}};{'d0': 0.024905832919416605};-280.569866449044;36.79692280540647
38981;-107.185944891726;((_a2_ + (x * (_a3_ + ((x + x) / _a5_)))) * x);{'d0': {'_a2_': 1.775135404266661, '_a3_': 2.106624069693697, '_a5_': 0.5922835732049441, '_a0_': 1.0, '_a1_': 1.0, '_a4_': 1.0, '_a6_': 1.0, '_a7_': 1.0}};{'d0': 0.024905832919416667};-280.569866449044;33.098988332796466
38982;-107.185944891726;((_a2_ + (x * (_a3_ + ((x + x) / _a5_)))) * x);{'d0': {'_a2_': 1.775135404266661, '_a3_': 2.106624069693697, '_a5_': 0.5922835732049441, '_a0_': 1.0, '_a1_': 1.0, '_a4_': 1.0, '_a6_': 1.0, '_a7_': 1.0}};{'d0': 0.024905832919416667};-280.569866449044;33.098988332796466
38983;-107.185944891726;((_a2_ + (x * (_a3_ + ((x + x) / _a5_)))) * x);{'d0': {'_a2_': 1.775135404266661, '_a3_': 2.106624069693697, '_a5_': 0.5922835732049441, '_a0_': 1.0, '_a1_': 1.0, '_a4_': 1.0, '_a6_': 1.0, '_a7_': 1.0}};{'d0': 0.024905832919416667};-280.569866449044;33.098988332796466
38984;-107.185944891726;((_a2_ + (x * (_a3_ + ((x + x) / _a5_)))) * x);{'d0': {'_a2_': 1.775135404266661, '_a3_': 2.106624069693697, '_a5_': 0.5922835732049441, '_a0_': 1.0, '_a1_': 1.0, '_a4_': 1.0, '_a6_': 1.0, '_a7_': 1.0}};{'d0': 0.024905832919416667};-280.569866449044;33.098988332796466
38985;-107.185944891726;((_a2_ + (x * (_a3_ + ((x + x) / _a5_)))) * x);{'d0': {'_a2_': 1.775135404266661, '_a3_': 2.106624069693697, '_a5_': 0.5922835732049441, '_a0_': 1.0, '_a1_': 1.0, '_a4_': 1.0, '_a6_': 1.0, '_a7_': 1.0}};{'d0': 0.024905832919416667};-280.569866449044;33.098988332796466
38986;-107.185944891726;((_a2_ + (x * (_a3_ + ((x + x) / _a5_)))) * x);{'d0': {'_a2_': 1.775135404266661, '_a3_': 2.106624069693697, '_a5_': 0.5922835732049441, '_a0_': 1.0, '_a1_': 1.0, '_a4_': 1.0, '_a6_': 1.0, '_a7_': 1.0}};{'d0': 0.024905832919416667};-280.569866449044;33.098988332796466
38987;-107.185944891726;((_a2_ + (x * (_a3_ + ((x + x) / _a5_)))) * x);{'d0': {'_a2_': 1.775135404266661, '_a3_': 2.106624069693697, '_a5_': 0.5922835732049441, '_a0_': 1.0, '_a1_': 1.0, '_a4_': 1.0, '_a6_': 1.0, '_a7_': 1.0}};{'d0': 0.024905832919416667};-280.569866449044;33.098988332796466
38988;-107.185944891726;((_a2_ + (x * (_a3_ + ((x + x) / _a5_)))) * x);{'d0': {'_a2_': 1.775135404266661, '_a3_': 2.106624069693697, '_a5_': 0.5922835732049441, '_a0_': 1.0, '_a1_': 1.0, '_a4_': 1.0, '_a6_': 1.0, '_a7_': 1.0}};{'d0': 0.024905832919416667};-280.569866449044;33.098988332796466
38989;-107.185944891726;((_a2_ + (x * (_a3_ + ((x + x) / _a5_)))) * x);{'d0': {'_a2_': 1.775135404266661, '_a3_': 2.106624069693697, '_a5_': 0.5922835732049441, '_a0_': 1.0, '_a1_': 1.0, '_a4_': 1.0, '_a6_': 1.0, '_a7_': 1.0}};{'d0': 0.024905832919416667};-280.569866449044;33.098988332796466
38990;-107.185944891726;((_a2_ + (x * (_a3_ + ((x + x) / _a5_)))) * x);{'d0': {'_a2_': 1.775135404266661, '_a3_': 2.106624069693697, '_a5_': 0.5922835732049441, '_a0_': 1.0, '_a1_': 1.0, '_a4_': 1.0, '_a6_': 1.0, '_a7_': 1.0}};{'d0': 0.024905832919416667};-280.569866449044;33.098988332796466
38991;-107.185944891726;((_a2_ + (x * (_a3_ + ((x + x) / _a5_)))) * x);{'d0': {'_a2_': 1.775135404266661, '_a3_': 2.106624069693697, '_a5_': 0.5922835732049441, '_a0_': 1.0, '_a1_': 1.0, '_a4_': 1.0, '_a6_': 1.0, '_a7_': 1.0}};{'d0': 0.024905832919416667};-280.569866449044;33.098988332796466
38992;-107.185944891726;((_a2_ + (x * (_a3_ + ((x + x) / _a5_)))) * x);{'d0': {'_a2_': 1.775135404266661, '_a3_': 2.106624069693697, '_a5_': 0.5922835732049441, '_a0_': 1.0, '_a1_': 1.0, '_a4_': 1.0, '_a6_': 1.0, '_a7_': 1.0}};{'d0': 0.024905832919416667};-280.569866449044;33.098988332796466
38993;-107.185944891726;((_a2_ + (x * (_a3_ + ((x + x) / _a5_)))) * x);{'d0': {'_a2_': 1.775135404266661, '_a3_': 2.106624069693697, '_a5_': 0.5922835732049441, '_a0_': 1.0, '_a1_': 1.0, '_a4_': 1.0, '_a6_': 1.0, '_a7_': 1.0}};{'d0': 0.024905832919416667};-280.569866449044;33.098988332796466
38994;-99.3015498018349;((_a2_ + (x * (_a3_ + (((_a2_ / _a7_) + x) / _a5_)))) * x);{'d0': {'_a2_': 1.7751354044305743, '_a3_': -0.9571762296805274, '_a5_': 0.2961417868002408, '_a7_': 1.9564614937949965, '_a0_': 1.0, '_a1_': 1.0, '_a4_': 1.0, '_a6_': 1.0}};{'d0': 0.024905832919941653};-276.475521885557;38.93621114094367
38995;-87.0798830106254;((((_a6_ * _a1_) * (pow2((_a6_ + x)) * _a1_)) * x) + (_a2_ * -(-((x + x)))));{'d0': {'_a1_': 3.2901961105624453, '_a2_': 0.7232880446102514, '_a6_': 0.3119297077964793, '_a0_': 1.0, '_a3_': 1.0, '_a4_': 1.0, '_a5_': 1.0, '_a7_': 1.0}};{'d0': 0.024905832919416615};-280.569866449044;53.20505021389661
38996;-87.0798830106254;((((_a6_ * _a1_) * (pow2((_a6_ + x)) * _a1_)) * x) + (_a2_ * -(-((x + x)))));{'d0': {'_a1_': 3.2901961105624453, '_a2_': 0.7232880446102514, '_a6_': 0.3119297077964793, '_a0_': 1.0, '_a3_': 1.0, '_a4_': 1.0, '_a5_': 1.0, '_a7_': 1.0}};{'d0': 0.024905832919416615};-280.569866449044;53.20505021389661
38997;-87.0798830106254;((((_a6_ * _a1_) * (pow2((_a6_ + x)) * _a1_)) * x) + (_a2_ * -(-((x + x)))));{'d0': {'_a1_': 3.2901961105624453, '_a2_': 0.7232880446102514, '_a6_': 0.3119297077964793, '_a0_': 1.0, '_a3_': 1.0, '_a4_': 1.0, '_a5_': 1.0, '_a7_': 1.0}};{'d0': 0.024905832919416615};-280.569866449044;53.20505021389661
38998;-87.0798830106254;((((_a6_ * _a1_) * (pow2((_a6_ + x)) * _a1_)) * x) + (_a2_ * -(-((x + x)))));{'d0': {'_a1_': 3.2901961105624453, '_a2_': 0.7232880446102514, '_a6_': 0.3119297077964793, '_a0_': 1.0, '_a3_': 1.0, '_a4_': 1.0, '_a5_': 1.0, '_a7_': 1.0}};{'d0': 0.024905832919416615};-280.569866449044;53.20505021389661
38999;-87.0798830106254;((((_a6_ * _a1_) * (pow2((_a6_ + x)) * _a1_)) * x) + (_a2_ * -(-((x + x)))));{'d0': {'_a1_': 3.2901961105624453, '_a2_': 0.7232880446102514, '_a6_': 0.3119297077964793, '_a0_': 1.0, '_a3_': 1.0, '_a4_': 1.0, '_a5_': 1.0, '_a7_': 1.0}};{'d0': 0.024905832919416615};-280.569866449044;53.20505021389661
39000;-87.0798830106254;((((_a6_ * _a1_) * (pow2((_a6_ + x)) * _a1_)) * x) + (_a2_ * -(-((x + x)))));{'d0': {'_a1_': 3.2901961105624453, '_a2_': 0.7232880446102514, '_a6_': 0.3119297077964793, '_a0_': 1.0, '_a3_': 1.0, '_a4_': 1.0, '_a5_': 1.0, '_a7_': 1.0}};{'d0': 0.024905832919416615};-280.569866449044;53.20505021389661
39001;-87.0798830106254;((((_a6_ * _a1_) * (pow2((_a6_ + x)) * _a1_)) * x) + (_a2_ * -(-((x + x)))));{'d0': {'_a1_': 3.2901961105624453, '_a2_': 0.7232880446102514, '_a6_': 0.3119297077964793, '_a0_': 1.0, '_a3_': 1.0, '_a4_': 1.0, '_a5_': 1.0, '_a7_': 1.0}};{'d0': 0.024905832919416615};-280.569866449044;53.20505021389661
39002;-87.0798830106254;((((_a6_ * _a1_) * (pow2((_a6_ + x)) * _a1_)) * x) + (_a2_ * -(-((x + x)))));{'d0': {'_a1_': 3.2901961105624453, '_a2_': 0.7232880446102514, '_a6_': 0.3119297077964793, '_a0_': 1.0, '_a3_': 1.0, '_a4_': 1.0, '_a5_': 1.0, '_a7_': 1.0}};{'d0': 0.024905832919416615};-280.569866449044;53.20505021389661
39003;-87.0798830106254;((((_a6_ * _a1_) * (pow2((_a6_ + x)) * _a1_)) * x) + (_a2_ * -(-((x + x)))));{'d0': {'_a1_': 3.2901961105624453, '_a2_': 0.7232880446102514, '_a6_': 0.3119297077964793, '_a0_': 1.0, '_a3_': 1.0, '_a4_': 1.0, '_a5_': 1.0, '_a7_': 1.0}};{'d0': 0.024905832919416615};-280.569866449044;53.20505021389661
39004;-87.0798830106254;((((_a6_ * _a1_) * (pow2((_a6_ + x)) * _a1_)) * x) + (_a2_ * -(-((x + x)))));{'d0': {'_a1_': 3.2901961105624453, '_a2_': 0.7232880446102514, '_a6_': 0.3119297077964793, '_a0_': 1.0, '_a3_': 1.0, '_a4_': 1.0, '_a5_': 1.0, '_a7_': 1.0}};{'d0': 0.024905832919416615};-280.569866449044;53.20505021389661
39005;-87.0798830106254;((((_a6_ * _a1_) * (pow2((_a6_ + x)) * _a1_)) * x) + (_a2_ * -(-((x + x)))));{'d0': {'_a1_': 3.2901961105624453, '_a2_': 0.7232880446102514, '_a6_': 0.3119297077964793, '_a0_': 1.0, '_a3_': 1.0, '_a4_': 1.0, '_a5_': 1.0, '_a7_': 1.0}};{'d0': 0.024905832919416615};-280.569866449044;53.20505021389661
39006;-87.0798830106254;((((_a6_ * _a1_) * (pow2((_a6_ + x)) * _a1_)) * x) + (_a2_ * -(-((x + x)))));{'d0': {'_a1_': 3.2901961105624453, '_a2_': 0.7232880446102514, '_a6_': 0.3119297077964793, '_a0_': 1.0, '_a3_': 1.0, '_a4_': 1.0, '_a5_': 1.0, '_a7_': 1.0}};{'d0': 0.024905832919416615};-280.569866449044;53.20505021389661
39007;-87.0798830106254;((((_a6_ * _a1_) * (pow2((_a6_ + x)) * _a1_)) * x) + (_a2_ * -(-((x + x)))));{'d0': {'_a1_': 3.2901961105624453, '_a2_': 0.7232880446102514, '_a6_': 0.3119297077964793, '_a0_': 1.0, '_a3_': 1.0, '_a4_': 1.0, '_a5_': 1.0, '_a7_': 1.0}};{'d0': 0.024905832919416615};-280.569866449044;53.20505021389661
39008;-87.0798830106254;((((_a6_ * _a1_) * (pow2((_a6_ + x)) * _a1_)) * x) + (_a2_ * -(-((x + x)))));{'d0': {'_a1_': 3.2901961105624453, '_a2_': 0.7232880446102514, '_a6_': 0.3119297077964793, '_a0_': 1.0, '_a3_': 1.0, '_a4_': 1.0, '_a5_': 1.0, '_a7_': 1.0}};{'d0': 0.024905832919416615};-280.569866449044;53.20505021389661
39009;-87.0798830106254;((((_a6_ * _a1_) * (pow2((_a6_ + x)) * _a1_)) * x) + (_a2_ * -(-((x + x)))));{'d0': {'_a1_': 3.2901961105624453, '_a2_': 0.7232880446102514, '_a6_': 0.3119297077964793, '_a0_': 1.0, '_a3_': 1.0, '_a4_': 1.0, '_a5_': 1.0, '_a7_': 1.0}};{'d0': 0.024905832919416615};-280.569866449044;53.20505021389661
39010;-87.0798830106254;((((_a6_ * _a1_) * (pow2((_a6_ + x)) * _a1_)) * x) + (_a2_ * -(-((x + x)))));{'d0': {'_a1_': 3.2901961105624453, '_a2_': 0.7232880446102514, '_a6_': 0.3119297077964793, '_a0_': 1.0, '_a3_': 1.0, '_a4_': 1.0, '_a5_': 1.0, '_a7_': 1.0}};{'d0': 0.024905832919416615};-280.569866449044;53.20505021389661
39011;-87.0798830106255;((((_a6_ * _a1_) * (pow2((_a6_ + x)) * _a6_)) * x) + (_a2_ * -(-((x + x)))));{'d0': {'_a1_': 34.70458302168139, '_a2_': 0.723288044762178, '_a6_': 0.3119297078309163, '_a0_': 1.0, '_a3_': 1.0, '_a4_': 1.0, '_a5_': 1.0, '_a7_': 1.0}};{'d0': 0.02490583291941654};-280.569866449044;53.20505021389661
39012;-87.0798830106255;((((_a6_ * _a1_) * (pow2((_a6_ + x)) * _a6_)) * x) + (_a2_ * -(-((x + x)))));{'d0': {'_a1_': 34.70458302168139, '_a2_': 0.723288044762178, '_a6_': 0.3119297078309163, '_a0_': 1.0, '_a3_': 1.0, '_a4_': 1.0, '_a5_': 1.0, '_a7_': 1.0}};{'d0': 0.02490583291941654};-280.569866449044;53.20505021389661
39013;-99.2181715589969;((_a6_ + (x * (_a3_ + (((x + _a7_) + x) / _a5_)))) * x);{'d0': {'_a3_': -8741.765531358042, '_a5_': 0.5922836577606482, '_a6_': 1.7751355428228768, '_a7_': 5178.852582784242, '_a0_': 1.0, '_a1_': 1.0, '_a2_': 1.0, '_a4_': 1.0}};{'d0': 0.02490583292156489};-276.475521881646;39.01958938182647
39014;-99.2181715568496;((_a6_ + (x * (_a3_ + (((_a6_ + _a7_) + x) / _a5_)))) * x);{'d0': {'_a3_': -12363.830898777493, '_a5_': 0.2961417081005913, '_a6_': 1.7751352204859552, '_a7_': 3660.294725400554, '_a0_': 1.0, '_a1_': 1.0, '_a2_': 1.0, '_a4_': 1.0}};{'d0': 0.024905832923347537};-276.475521877352;39.01958938182647
39015;-99.2181715568496;((_a6_ + (x * (_a3_ + (((_a6_ + _a7_) + x) / _a5_)))) * x);{'d0': {'_a3_': -12363.830898777493, '_a5_': 0.2961417081005913, '_a6_': 1.7751352204859552, '_a7_': 3660.294725400554, '_a0_': 1.0, '_a1_': 1.0, '_a2_': 1.0, '_a4_': 1.0}};{'d0': 0.024905832923347537};-276.475521877352;39.01958938182647
39016;-99.2181715568496;((_a6_ + (x * (_a3_ + (((_a6_ + _a7_) + x) / _a5_)))) * x);{'d0': {'_a3_': -12363.830898777493, '_a5_': 0.2961417081005913, '_a6_': 1.7751352204859552, '_a7_': 3660.294725400554, '_a0_': 1.0, '_a1_': 1.0, '_a2_': 1.0, '_a4_': 1.0}};{'d0': 0.024905832923347537};-276.475521877352;39.01958938182647
39017;-99.2181715568496;((_a6_ + (x * (_a3_ + (((_a6_ + _a7_) + x) / _a5_)))) * x);{'d0': {'_a3_': -12363.830898777493, '_a5_': 0.2961417081005913, '_a6_': 1.7751352204859552, '_a7_': 3660.294725400554, '_a0_': 1.0, '_a1_': 1.0, '_a2_': 1.0, '_a4_': 1.0}};{'d0': 0.024905832923347537};-276.475521877352;39.01958938182647
39018;-99.2181715568496;((_a6_ + (x * (_a3_ + (((_a6_ + _a7_) + x) / _a5_)))) * x);{'d0': {'_a3_': -12363.830898777493, '_a5_': 0.2961417081005913, '_a6_': 1.7751352204859552, '_a7_': 3660.294725400554, '_a0_': 1.0, '_a1_': 1.0, '_a2_': 1.0, '_a4_': 1.0}};{'d0': 0.024905832923347537};-276.475521877352;39.01958938182647
39019;-99.2181715568496;((_a6_ + (x * (_a3_ + (((_a6_ + _a7_) + x) / _a5_)))) * x);{'d0': {'_a3_': -12363.830898777493, '_a5_': 0.2961417081005913, '_a6_': 1.7751352204859552, '_a7_': 3660.294725400554, '_a0_': 1.0, '_a1_': 1.0, '_a2_': 1.0, '_a4_': 1.0}};{'d0': 0.024905832923347537};-276.475521877352;39.01958938182647
39020;-99.2181715568496;((_a6_ + (x * (_a3_ + (((_a6_ + _a7_) + x) / _a5_)))) * x);{'d0': {'_a3_': -12363.830898777493, '_a5_': 0.2961417081005913, '_a6_': 1.7751352204859552, '_a7_': 3660.294725400554, '_a0_': 1.0, '_a1_': 1.0, '_a2_': 1.0, '_a4_': 1.0}};{'d0': 0.024905832923347537};-276.475521877352;39.01958938182647
39021;-99.2181715568496;((_a6_ + (x * (_a3_ + (((_a6_ + _a7_) + x) / _a5_)))) * x);{'d0': {'_a3_': -12363.830898777493, '_a5_': 0.2961417081005913, '_a6_': 1.7751352204859552, '_a7_': 3660.294725400554, '_a0_': 1.0, '_a1_': 1.0, '_a2_': 1.0, '_a4_': 1.0}};{'d0': 0.024905832923347537};-276.475521877352;39.01958938182647
39022;-99.2181715568496;((_a6_ + (x * (_a3_ + (((_a6_ + _a7_) + x) / _a5_)))) * x);{'d0': {'_a3_': -12363.830898777493, '_a5_': 0.2961417081005913, '_a6_': 1.7751352204859552, '_a7_': 3660.294725400554, '_a0_': 1.0, '_a1_': 1.0, '_a2_': 1.0, '_a4_': 1.0}};{'d0': 0.024905832923347537};-276.475521877352;39.01958938182647
39023;-99.2181715568496;((_a6_ + (x * (_a3_ + (((_a6_ + _a7_) + x) / _a5_)))) * x);{'d0': {'_a3_': -12363.830898777493, '_a5_': 0.2961417081005913, '_a6_': 1.7751352204859552, '_a7_': 3660.294725400554, '_a0_': 1.0, '_a1_': 1.0, '_a2_': 1.0, '_a4_': 1.0}};{'d0': 0.024905832923347537};-276.475521877352;39.01958938182647
39024;-99.2181715568496;((_a6_ + (x * (_a3_ + (((_a6_ + _a7_) + x) / _a5_)))) * x);{'d0': {'_a3_': -12363.830898777493, '_a5_': 0.2961417081005913, '_a6_': 1.7751352204859552, '_a7_': 3660.294725400554, '_a0_': 1.0, '_a1_': 1.0, '_a2_': 1.0, '_a4_': 1.0}};{'d0': 0.024905832923347537};-276.475521877352;39.01958938182647
39025;-99.2181715568496;((_a6_ + (x * (_a3_ + (((_a6_ + _a7_) + x) / _a5_)))) * x);{'d0': {'_a3_': -12363.830898777493, '_a5_': 0.2961417081005913, '_a6_': 1.7751352204859552, '_a7_': 3660.294725400554, '_a0_': 1.0, '_a1_': 1.0, '_a2_': 1.0, '_a4_': 1.0}};{'d0': 0.024905832923347537};-276.475521877352;39.01958938182647
39026;-99.2181715568496;((_a6_ + (x * (_a3_ + (((_a6_ + _a7_) + x) / _a5_)))) * x);{'d0': {'_a3_': -12363.830898777493, '_a5_': 0.2961417081005913, '_a6_': 1.7751352204859552, '_a7_': 3660.294725400554, '_a0_': 1.0, '_a1_': 1.0, '_a2_': 1.0, '_a4_': 1.0}};{'d0': 0.024905832923347537};-276.475521877352;39.01958938182647
39027;-99.2181715568496;((_a6_ + (x * (_a3_ + (((_a6_ + _a7_) + x) / _a5_)))) * x);{'d0': {'_a3_': -12363.830898777493, '_a5_': 0.2961417081005913, '_a6_': 1.7751352204859552, '_a7_': 3660.294725400554, '_a0_': 1.0, '_a1_': 1.0, '_a2_': 1.0, '_a4_': 1.0}};{'d0': 0.024905832923347537};-276.475521877352;39.01958938182647
39028;-91.2861040076740;((log((_a0_ * _a4_)) * pow2(((pow2(cos((x + _a0_))) * _a0_) + _a3_))) * x);{'d0': {'_a0_': 0.3122611765494414, '_a3_': -0.5928434051795713, '_a4_': 328334267.75960004, '_a1_': 1.0, '_a2_': 1.0, '_a5_': 1.0, '_a6_': 1.0, '_a7_': 1.0}};{'d0': 0.024057064815324675};-282.650265715060;50.03902884985607
39029;-91.2861040076740;((log((_a0_ * _a4_)) * pow2(((pow2(cos((x + _a0_))) * _a0_) + _a3_))) * x);{'d0': {'_a0_': 0.3122611765494414, '_a3_': -0.5928434051795713, '_a4_': 328334267.75960004, '_a1_': 1.0, '_a2_': 1.0, '_a5_': 1.0, '_a6_': 1.0, '_a7_': 1.0}};{'d0': 0.024057064815324675};-282.650265715060;50.03902884985607
39030;-91.2861040076740;((log((_a0_ * _a4_)) * pow2(((pow2(cos((x + _a0_))) * _a0_) + _a3_))) * x);{'d0': {'_a0_': 0.3122611765494414, '_a3_': -0.5928434051795713, '_a4_': 328334267.75960004, '_a1_': 1.0, '_a2_': 1.0, '_a5_': 1.0, '_a6_': 1.0, '_a7_': 1.0}};{'d0': 0.024057064815324675};-282.650265715060;50.03902884985607
39031;-91.2861040076740;((log((_a0_ * _a4_)) * pow2(((pow2(cos((x + _a0_))) * _a0_) + _a3_))) * x);{'d0': {'_a0_': 0.3122611765494414, '_a3_': -0.5928434051795713, '_a4_': 328334267.75960004, '_a1_': 1.0, '_a2_': 1.0, '_a5_': 1.0, '_a6_': 1.0, '_a7_': 1.0}};{'d0': 0.024057064815324675};-282.650265715060;50.03902884985607
39032;-93.2975705104073;((_a6_ + (x * ((_a0_ + _a7_) + (((_a6_ + _a7_) + x) / _a5_)))) * x);{'d0': {'_a0_': -9510.335786836784, '_a5_': 0.29614162990380366, '_a6_': 1.7751348008587875, '_a7_': 2172.0273466840426, '_a1_': 1.0, '_a2_': 1.0, '_a3_': 1.0, '_a4_': 1.0}};{'d0': 0.02490583292119931};-276.475521882527;44.94019043085647
39033;-93.2975705104073;((_a6_ + (x * ((_a0_ + _a7_) + (((_a6_ + _a7_) + x) / _a5_)))) * x);{'d0': {'_a0_': -9510.335786836784, '_a5_': 0.29614162990380366, '_a6_': 1.7751348008587875, '_a7_': 2172.0273466840426, '_a1_': 1.0, '_a2_': 1.0, '_a3_': 1.0, '_a4_': 1.0}};{'d0': 0.02490583292119931};-276.475521882527;44.94019043085647
39034;-93.2975705104073;((_a6_ + (x * ((_a0_ + _a7_) + (((_a6_ + _a7_) + x) / _a5_)))) * x);{'d0': {'_a0_': -9510.335786836784, '_a5_': 0.29614162990380366, '_a6_': 1.7751348008587875, '_a7_': 2172.0273466840426, '_a1_': 1.0, '_a2_': 1.0, '_a3_': 1.0, '_a4_': 1.0}};{'d0': 0.02490583292119931};-276.475521882527;44.94019043085647
39035;-94.3411803529268;((_a6_ + (x * ((_a0_ + _a7_) + (((_a6_ * _a7_) + x) / _a5_)))) * x);{'d0': {'_a0_': 1703127.4180274263, '_a5_': 0.2961330837953436, '_a6_': 1.7750915267921916, '_a7_': -243504.1317916954, '_a1_': 1.0, '_a2_': 1.0, '_a3_': 1.0, '_a4_': 1.0}};{'d0': 0.024905840033787728};-276.475504747776;43.89657202096147
39036;-94.3411803529268;((_a6_ + (x * ((_a0_ + _a7_) + (((_a6_ * _a7_) + x) / _a5_)))) * x);{'d0': {'_a0_': 1703127.4180274263, '_a5_': 0.2961330837953436, '_a6_': 1.7750915267921916, '_a7_': -243504.1317916954, '_a1_': 1.0, '_a2_': 1.0, '_a3_': 1.0, '_a4_': 1.0}};{'d0': 0.024905840033787728};-276.475504747776;43.89657202096147
39037;-94.3411803529268;((_a6_ + (x * ((_a0_ + _a7_) + (((_a6_ * _a7_) + x) / _a5_)))) * x);{'d0': {'_a0_': 1703127.4180274263, '_a5_': 0.2961330837953436, '_a6_': 1.7750915267921916, '_a7_': -243504.1317916954, '_a1_': 1.0, '_a2_': 1.0, '_a3_': 1.0, '_a4_': 1.0}};{'d0': 0.024905840033787728};-276.475504747776;43.89657202096147
39038;-102.308962252591;((_a6_ + (x * (_a7_ + (((_a6_ * _a7_) + x) / _a5_)))) * x);{'d0': {'_a5_': 0.2961417866487804, '_a6_': 1.7751354040280518, '_a7_': 0.30119552244324427, '_a0_': 1.0, '_a1_': 1.0, '_a2_': 1.0, '_a3_': 1.0, '_a4_': 1.0}};{'d0': 0.024905832919416625};-280.569866449044;37.975970971931474
39039;-102.308962252591;((_a6_ + (x * (_a7_ + (((_a6_ * _a7_) + x) / _a5_)))) * x);{'d0': {'_a5_': 0.2961417866487804, '_a6_': 1.7751354040280518, '_a7_': 0.30119552244324427, '_a0_': 1.0, '_a1_': 1.0, '_a2_': 1.0, '_a3_': 1.0, '_a4_': 1.0}};{'d0': 0.024905832919416625};-280.569866449044;37.975970971931474
39040;-102.308962252591;((_a6_ + (x * (_a7_ + (((_a6_ * _a7_) + x) / _a5_)))) * x);{'d0': {'_a5_': 0.2961417866487804, '_a6_': 1.7751354040280518, '_a7_': 0.30119552244324427, '_a0_': 1.0, '_a1_': 1.0, '_a2_': 1.0, '_a3_': 1.0, '_a4_': 1.0}};{'d0': 0.024905832919416625};-280.569866449044;37.975970971931474
39041;-102.308962252591;((_a6_ + (x * (_a7_ + (((_a6_ * _a7_) + x) / _a5_)))) * x);{'d0': {'_a5_': 0.2961417866487804, '_a6_': 1.7751354040280518, '_a7_': 0.30119552244324427, '_a0_': 1.0, '_a1_': 1.0, '_a2_': 1.0, '_a3_': 1.0, '_a4_': 1.0}};{'d0': 0.024905832919416625};-280.569866449044;37.975970971931474
39042;-102.308962252591;((_a6_ + (x * (_a7_ + (((_a6_ * _a7_) + x) / _a5_)))) * x);{'d0': {'_a5_': 0.2961417866487804, '_a6_': 1.7751354040280518, '_a7_': 0.30119552244324427, '_a0_': 1.0, '_a1_': 1.0, '_a2_': 1.0, '_a3_': 1.0, '_a4_': 1.0}};{'d0': 0.024905832919416625};-280.569866449044;37.975970971931474
39043;-102.308962252591;((_a6_ + (x * (_a7_ + (((_a6_ * _a7_) + x) / _a5_)))) * x);{'d0': {'_a5_': 0.2961417866487804, '_a6_': 1.7751354040280518, '_a7_': 0.30119552244324427, '_a0_': 1.0, '_a1_': 1.0, '_a2_': 1.0, '_a3_': 1.0, '_a4_': 1.0}};{'d0': 0.024905832919416625};-280.569866449044;37.975970971931474
39044;-102.308962252591;((_a6_ + (x * (_a7_ + (((_a6_ * _a7_) + x) / _a5_)))) * x);{'d0': {'_a5_': 0.2961417866487804, '_a6_': 1.7751354040280518, '_a7_': 0.30119552244324427, '_a0_': 1.0, '_a1_': 1.0, '_a2_': 1.0, '_a3_': 1.0, '_a4_': 1.0}};{'d0': 0.024905832919416625};-280.569866449044;37.975970971931474
39045;-102.308962252591;((_a6_ + (x * (_a7_ + (((_a6_ * _a7_) + x) / _a5_)))) * x);{'d0': {'_a5_': 0.2961417866487804, '_a6_': 1.7751354040280518, '_a7_': 0.30119552244324427, '_a0_': 1.0, '_a1_': 1.0, '_a2_': 1.0, '_a3_': 1.0, '_a4_': 1.0}};{'d0': 0.024905832919416625};-280.569866449044;37.975970971931474
39046;-102.308962252591;((_a6_ + (x * (_a7_ + (((_a6_ * _a7_) + x) / _a5_)))) * x);{'d0': {'_a5_': 0.2961417866487804, '_a6_': 1.7751354040280518, '_a7_': 0.30119552244324427, '_a0_': 1.0, '_a1_': 1.0, '_a2_': 1.0, '_a3_': 1.0, '_a4_': 1.0}};{'d0': 0.024905832919416625};-280.569866449044;37.975970971931474
39047;-102.308962252591;((_a6_ + (x * (_a7_ + (((_a6_ * _a7_) + x) / _a5_)))) * x);{'d0': {'_a5_': 0.2961417866487804, '_a6_': 1.7751354040280518, '_a7_': 0.30119552244324427, '_a0_': 1.0, '_a1_': 1.0, '_a2_': 1.0, '_a3_': 1.0, '_a4_': 1.0}};{'d0': 0.024905832919416625};-280.569866449044;37.975970971931474
39048;-91.2861040076740;((log((_a0_ * _a4_)) * pow2(((pow2(cos((x + _a0_))) * _a0_) + _a3_))) * x);{'d0': {'_a0_': 0.3122611765494414, '_a3_': -0.5928434051795713, '_a4_': 328334267.75960004, '_a1_': 1.0, '_a2_': 1.0, '_a5_': 1.0, '_a6_': 1.0, '_a7_': 1.0}};{'d0': 0.024057064815324675};-282.650265715060;50.03902884985607
39049;-91.2861040076740;((log((_a0_ * _a4_)) * pow2(((pow2(cos((x + _a0_))) * _a0_) + _a3_))) * x);{'d0': {'_a0_': 0.3122611765494414, '_a3_': -0.5928434051795713, '_a4_': 328334267.75960004, '_a1_': 1.0, '_a2_': 1.0, '_a5_': 1.0, '_a6_': 1.0, '_a7_': 1.0}};{'d0': 0.024057064815324675};-282.650265715060;50.03902884985607
39050;-91.2861040076740;((log((_a0_ * _a4_)) * pow2(((pow2(cos((x + _a0_))) * _a0_) + _a3_))) * x);{'d0': {'_a0_': 0.3122611765494414, '_a3_': -0.5928434051795713, '_a4_': 328334267.75960004, '_a1_': 1.0, '_a2_': 1.0, '_a5_': 1.0, '_a6_': 1.0, '_a7_': 1.0}};{'d0': 0.024057064815324675};-282.650265715060;50.03902884985607
39051;-91.2861040076740;((log((_a0_ * _a4_)) * pow2(((pow2(cos((x + _a0_))) * _a0_) + _a3_))) * x);{'d0': {'_a0_': 0.3122611765494414, '_a3_': -0.5928434051795713, '_a4_': 328334267.75960004, '_a1_': 1.0, '_a2_': 1.0, '_a5_': 1.0, '_a6_': 1.0, '_a7_': 1.0}};{'d0': 0.024057064815324675};-282.650265715060;50.03902884985607
39052;-91.2861040076740;((log((_a0_ * _a4_)) * pow2(((pow2(cos((x + _a0_))) * _a0_) + _a3_))) * x);{'d0': {'_a0_': 0.3122611765494414, '_a3_': -0.5928434051795713, '_a4_': 328334267.75960004, '_a1_': 1.0, '_a2_': 1.0, '_a5_': 1.0, '_a6_': 1.0, '_a7_': 1.0}};{'d0': 0.024057064815324675};-282.650265715060;50.03902884985607
39053;-91.2861040076740;((log((_a0_ * _a4_)) * pow2(((pow2(cos((x + _a0_))) * _a0_) + _a3_))) * x);{'d0': {'_a0_': 0.3122611765494414, '_a3_': -0.5928434051795713, '_a4_': 328334267.75960004, '_a1_': 1.0, '_a2_': 1.0, '_a5_': 1.0, '_a6_': 1.0, '_a7_': 1.0}};{'d0': 0.024057064815324675};-282.650265715060;50.03902884985607
39054;-91.2861040076740;((log((_a0_ * _a4_)) * pow2(((pow2(cos((x + _a0_))) * _a0_) + _a3_))) * x);{'d0': {'_a0_': 0.3122611765494414, '_a3_': -0.5928434051795713, '_a4_': 328334267.75960004, '_a1_': 1.0, '_a2_': 1.0, '_a5_': 1.0, '_a6_': 1.0, '_a7_': 1.0}};{'d0': 0.024057064815324675};-282.650265715060;50.03902884985607
39055;-91.2861040076740;((log((_a0_ * _a4_)) * pow2(((pow2(cos((x + _a0_))) * _a0_) + _a3_))) * x);{'d0': {'_a0_': 0.3122611765494414, '_a3_': -0.5928434051795713, '_a4_': 328334267.75960004, '_a1_': 1.0, '_a2_': 1.0, '_a5_': 1.0, '_a6_': 1.0, '_a7_': 1.0}};{'d0': 0.024057064815324675};-282.650265715060;50.03902884985607
39056;-91.2861040076740;((log((_a0_ * _a4_)) * pow2(((pow2(cos((x + _a0_))) * _a0_) + _a3_))) * x);{'d0': {'_a0_': 0.3122611765494414, '_a3_': -0.5928434051795713, '_a4_': 328334267.75960004, '_a1_': 1.0, '_a2_': 1.0, '_a5_': 1.0, '_a6_': 1.0, '_a7_': 1.0}};{'d0': 0.024057064815324675};-282.650265715060;50.03902884985607
39057;-91.2861040076740;((log((_a0_ * _a4_)) * pow2(((pow2(cos((x + _a0_))) * _a0_) + _a3_))) * x);{'d0': {'_a0_': 0.3122611765494414, '_a3_': -0.5928434051795713, '_a4_': 328334267.75960004, '_a1_': 1.0, '_a2_': 1.0, '_a5_': 1.0, '_a6_': 1.0, '_a7_': 1.0}};{'d0': 0.024057064815324675};-282.650265715060;50.03902884985607
39058;-91.2861040076740;((log((_a0_ * _a4_)) * pow2(((pow2(cos((x + _a0_))) * _a0_) + _a3_))) * x);{'d0': {'_a0_': 0.3122611765494414, '_a3_': -0.5928434051795713, '_a4_': 328334267.75960004, '_a1_': 1.0, '_a2_': 1.0, '_a5_': 1.0, '_a6_': 1.0, '_a7_': 1.0}};{'d0': 0.024057064815324675};-282.650265715060;50.03902884985607
39059;-92.9654888775235;((-((_a0_ * _a4_)) * pow2(((pow2(cos((x + _a0_))) * _a0_) + _a3_))) * x);{'d0': {'_a0_': 0.3122611771917446, '_a3_': -0.5928434082517439, '_a4_': -59.071151159574114, '_a1_': 1.0, '_a2_': 1.0, '_a5_': 1.0, '_a6_': 1.0, '_a7_': 1.0}};{'d0': 0.02405706481532477};-282.650265715060;48.35964398000645
39060;-97.9148288029808;((-(_a6_) * pow2(((pow2(cos((x + _a0_))) * _a0_) + _a3_))) * x);{'d0': {'_a0_': 0.3122611770667972, '_a3_': -0.5928434076213192, '_a6_': -18.445627221352524, '_a1_': 1.0, '_a2_': 1.0, '_a4_': 1.0, '_a5_': 1.0, '_a7_': 1.0}};{'d0': 0.024057064815324516};-282.650265715061;43.41030405454946
39061;-97.9148288029808;((-(_a6_) * pow2(((pow2(cos((x + _a0_))) * _a0_) + _a3_))) * x);{'d0': {'_a0_': 0.3122611770667972, '_a3_': -0.5928434076213192, '_a6_': -18.445627221352524, '_a1_': 1.0, '_a2_': 1.0, '_a4_': 1.0, '_a5_': 1.0, '_a7_': 1.0}};{'d0': 0.024057064815324516};-282.650265715061;43.41030405454946
39062;-97.9148288029808;((-(_a6_) * pow2(((pow2(cos((x + _a0_))) * _a0_) + _a3_))) * x);{'d0': {'_a0_': 0.3122611770667972, '_a3_': -0.5928434076213192, '_a6_': -18.445627221352524, '_a1_': 1.0, '_a2_': 1.0, '_a4_': 1.0, '_a5_': 1.0, '_a7_': 1.0}};{'d0': 0.024057064815324516};-282.650265715061;43.41030405454946
39063;-97.9148288029808;((-(_a6_) * pow2(((pow2(cos((x + _a0_))) * _a0_) + _a3_))) * x);{'d0': {'_a0_': 0.3122611770667972, '_a3_': -0.5928434076213192, '_a6_': -18.445627221352524, '_a1_': 1.0, '_a2_': 1.0, '_a4_': 1.0, '_a5_': 1.0, '_a7_': 1.0}};{'d0': 0.024057064815324516};-282.650265715061;43.41030405454946
39064;-97.9148288029808;((-(_a6_) * pow2(((pow2(cos((x + _a0_))) * _a0_) + _a3_))) * x);{'d0': {'_a0_': 0.3122611770667972, '_a3_': -0.5928434076213192, '_a6_': -18.445627221352524, '_a1_': 1.0, '_a2_': 1.0, '_a4_': 1.0, '_a5_': 1.0, '_a7_': 1.0}};{'d0': 0.024057064815324516};-282.650265715061;43.41030405454946
39065;-97.9148288029808;((-(_a6_) * pow2(((pow2(cos((x + _a0_))) * _a0_) + _a3_))) * x);{'d0': {'_a0_': 0.3122611770667972, '_a3_': -0.5928434076213192, '_a6_': -18.445627221352524, '_a1_': 1.0, '_a2_': 1.0, '_a4_': 1.0, '_a5_': 1.0, '_a7_': 1.0}};{'d0': 0.024057064815324516};-282.650265715061;43.41030405454946
39066;-97.9148288029808;((-(_a6_) * pow2(((pow2(cos((x + _a0_))) * _a0_) + _a3_))) * x);{'d0': {'_a0_': 0.3122611770667972, '_a3_': -0.5928434076213192, '_a6_': -18.445627221352524, '_a1_': 1.0, '_a2_': 1.0, '_a4_': 1.0, '_a5_': 1.0, '_a7_': 1.0}};{'d0': 0.024057064815324516};-282.650265715061;43.41030405454946
39067;-97.9148288029808;((-(_a6_) * pow2(((pow2(cos((x + _a0_))) * _a0_) + _a3_))) * x);{'d0': {'_a0_': 0.3122611770667972, '_a3_': -0.5928434076213192, '_a6_': -18.445627221352524, '_a1_': 1.0, '_a2_': 1.0, '_a4_': 1.0, '_a5_': 1.0, '_a7_': 1.0}};{'d0': 0.024057064815324516};-282.650265715061;43.41030405454946
39068;-97.9148288029808;((-(_a6_) * pow2(((pow2(cos((x + _a0_))) * _a0_) + _a3_))) * x);{'d0': {'_a0_': 0.3122611770667972, '_a3_': -0.5928434076213192, '_a6_': -18.445627221352524, '_a1_': 1.0, '_a2_': 1.0, '_a4_': 1.0, '_a5_': 1.0, '_a7_': 1.0}};{'d0': 0.024057064815324516};-282.650265715061;43.41030405454946
39069;-97.9148288029808;((-(_a6_) * pow2(((pow2(cos((x + _a0_))) * _a0_) + _a3_))) * x);{'d0': {'_a0_': 0.3122611770667972, '_a3_': -0.5928434076213192, '_a6_': -18.445627221352524, '_a1_': 1.0, '_a2_': 1.0, '_a4_': 1.0, '_a5_': 1.0, '_a7_': 1.0}};{'d0': 0.024057064815324516};-282.650265715061;43.41030405454946
39070;-97.9148288029808;((-(_a6_) * pow2(((pow2(cos((x + _a0_))) * _a0_) + _a3_))) * x);{'d0': {'_a0_': 0.3122611770667972, '_a3_': -0.5928434076213192, '_a6_': -18.445627221352524, '_a1_': 1.0, '_a2_': 1.0, '_a4_': 1.0, '_a5_': 1.0, '_a7_': 1.0}};{'d0': 0.024057064815324516};-282.650265715061;43.41030405454946
39071;-97.9148288029808;((-(_a6_) * pow2(((pow2(cos((x + _a0_))) * _a0_) + _a3_))) * x);{'d0': {'_a0_': 0.3122611770667972, '_a3_': -0.5928434076213192, '_a6_': -18.445627221352524, '_a1_': 1.0, '_a2_': 1.0, '_a4_': 1.0, '_a5_': 1.0, '_a7_': 1.0}};{'d0': 0.024057064815324516};-282.650265715061;43.41030405454946
39072;-97.9148288029808;((-(_a6_) * pow2(((pow2(cos((x + _a0_))) * _a0_) + _a3_))) * x);{'d0': {'_a0_': 0.3122611770667972, '_a3_': -0.5928434076213192, '_a6_': -18.445627221352524, '_a1_': 1.0, '_a2_': 1.0, '_a4_': 1.0, '_a5_': 1.0, '_a7_': 1.0}};{'d0': 0.024057064815324516};-282.650265715061;43.41030405454946
39073;-97.9148288029808;((-(_a6_) * pow2(((pow2(cos((x + _a0_))) * _a0_) + _a3_))) * x);{'d0': {'_a0_': 0.3122611770667972, '_a3_': -0.5928434076213192, '_a6_': -18.445627221352524, '_a1_': 1.0, '_a2_': 1.0, '_a4_': 1.0, '_a5_': 1.0, '_a7_': 1.0}};{'d0': 0.024057064815324516};-282.650265715061;43.41030405454946
39074;-97.9148288029808;((-(_a6_) * pow2(((pow2(cos((x + _a0_))) * _a0_) + _a3_))) * x);{'d0': {'_a0_': 0.3122611770667972, '_a3_': -0.5928434076213192, '_a6_': -18.445627221352524, '_a1_': 1.0, '_a2_': 1.0, '_a4_': 1.0, '_a5_': 1.0, '_a7_': 1.0}};{'d0': 0.024057064815324516};-282.650265715061;43.41030405454946
39075;-97.9148288029808;((-(_a6_) * pow2(((pow2(cos((x + _a0_))) * _a0_) + _a3_))) * x);{'d0': {'_a0_': 0.3122611770667972, '_a3_': -0.5928434076213192, '_a6_': -18.445627221352524, '_a1_': 1.0, '_a2_': 1.0, '_a4_': 1.0, '_a5_': 1.0, '_a7_': 1.0}};{'d0': 0.024057064815324516};-282.650265715061;43.41030405454946
39076;-97.9148288029808;((-(_a6_) * pow2(((pow2(cos((x + _a0_))) * _a0_) + _a3_))) * x);{'d0': {'_a0_': 0.3122611770667972, '_a3_': -0.5928434076213192, '_a6_': -18.445627221352524, '_a1_': 1.0, '_a2_': 1.0, '_a4_': 1.0, '_a5_': 1.0, '_a7_': 1.0}};{'d0': 0.024057064815324516};-282.650265715061;43.41030405454946
39077;-97.9148288029808;((-(_a6_) * pow2(((pow2(cos((x + _a0_))) * _a0_) + _a3_))) * x);{'d0': {'_a0_': 0.3122611770667972, '_a3_': -0.5928434076213192, '_a6_': -18.445627221352524, '_a1_': 1.0, '_a2_': 1.0, '_a4_': 1.0, '_a5_': 1.0, '_a7_': 1.0}};{'d0': 0.024057064815324516};-282.650265715061;43.41030405454946
39078;-97.9148288029808;((-(_a6_) * pow2(((pow2(cos((x + _a0_))) * _a0_) + _a3_))) * x);{'d0': {'_a0_': 0.3122611770667972, '_a3_': -0.5928434076213192, '_a6_': -18.445627221352524, '_a1_': 1.0, '_a2_': 1.0, '_a4_': 1.0, '_a5_': 1.0, '_a7_': 1.0}};{'d0': 0.024057064815324516};-282.650265715061;43.41030405454946
39079;-97.9148288029808;((-(_a6_) * pow2(((pow2(cos((x + _a0_))) * _a0_) + _a3_))) * x);{'d0': {'_a0_': 0.3122611770667972, '_a3_': -0.5928434076213192, '_a6_': -18.445627221352524, '_a1_': 1.0, '_a2_': 1.0, '_a4_': 1.0, '_a5_': 1.0, '_a7_': 1.0}};{'d0': 0.024057064815324516};-282.650265715061;43.41030405454946
39080;-97.9148288029808;((-(_a6_) * pow2(((pow2(cos((x + _a0_))) * _a0_) + _a3_))) * x);{'d0': {'_a0_': 0.3122611770667972, '_a3_': -0.5928434076213192, '_a6_': -18.445627221352524, '_a1_': 1.0, '_a2_': 1.0, '_a4_': 1.0, '_a5_': 1.0, '_a7_': 1.0}};{'d0': 0.024057064815324516};-282.650265715061;43.41030405454946
39081;-92.7881219091133;(_a6_ + -((x * (_a3_ * (_a5_ + (pow2(x) + (x * (_a4_ + x))))))));{'d0': {'_a3_': -1.6912588989918238, '_a4_': 1.2491022363999775, '_a5_': 1.049309335931399, '_a6_': -0.001024121609442263, '_a0_': 1.0, '_a1_': 1.0, '_a2_': 1.0, '_a7_': 1.0}};{'d0': 0.024885482501961};-276.524567593085;45.47416188742935
39082;-92.7881219091133;(_a6_ + -((x * (_a3_ * (_a5_ + (pow2(x) + (x * (_a4_ + x))))))));{'d0': {'_a3_': -1.6912588989918238, '_a4_': 1.2491022363999775, '_a5_': 1.049309335931399, '_a6_': -0.001024121609442263, '_a0_': 1.0, '_a1_': 1.0, '_a2_': 1.0, '_a7_': 1.0}};{'d0': 0.024885482501961};-276.524567593085;45.47416188742935
39083;-92.7881219091133;(_a6_ + -((x * (_a3_ * (_a5_ + (pow2(x) + (x * (_a4_ + x))))))));{'d0': {'_a3_': -1.6912588989918238, '_a4_': 1.2491022363999775, '_a5_': 1.049309335931399, '_a6_': -0.001024121609442263, '_a0_': 1.0, '_a1_': 1.0, '_a2_': 1.0, '_a7_': 1.0}};{'d0': 0.024885482501961};-276.524567593085;45.47416188742935
39084;-92.7881219091133;(_a6_ + -((x * (_a3_ * (_a5_ + (pow2(x) + (x * (_a4_ + x))))))));{'d0': {'_a3_': -1.6912588989918238, '_a4_': 1.2491022363999775, '_a5_': 1.049309335931399, '_a6_': -0.001024121609442263, '_a0_': 1.0, '_a1_': 1.0, '_a2_': 1.0, '_a7_': 1.0}};{'d0': 0.024885482501961};-276.524567593085;45.47416188742935
39085;-104.586813841168;(((pow2((_a5_ * (x + _a1_))) * _a2_) + pow2(_a0_)) * x);{'d0': {'_a0_': 1.2027369159927714, '_a1_': 0.3119297077673314, '_a2_': 33.67004118565528, '_a5_': 0.3166855845558677, '_a3_': 1.0, '_a4_': 1.0, '_a6_': 1.0, '_a7_': 1.0}};{'d0': 0.024905832919852034};-276.475521885773;33.65094710171913
39086;-104.586813841168;(((pow2((_a5_ * (x + _a1_))) * _a2_) + pow2(_a0_)) * x);{'d0': {'_a0_': 1.2027369159927714, '_a1_': 0.3119297077673314, '_a2_': 33.67004118565528, '_a5_': 0.3166855845558677, '_a3_': 1.0, '_a4_': 1.0, '_a6_': 1.0, '_a7_': 1.0}};{'d0': 0.024905832919852034};-276.475521885773;33.65094710171913
39087;-104.586813841168;(((pow2((_a5_ * (x + _a1_))) * _a2_) + pow2(_a0_)) * x);{'d0': {'_a0_': 1.2027369159927714, '_a1_': 0.3119297077673314, '_a2_': 33.67004118565528, '_a5_': 0.3166855845558677, '_a3_': 1.0, '_a4_': 1.0, '_a6_': 1.0, '_a7_': 1.0}};{'d0': 0.024905832919852034};-276.475521885773;33.65094710171913
39088;-104.586813841168;(((pow2((_a5_ * (x + _a1_))) * _a2_) + pow2(_a0_)) * x);{'d0': {'_a0_': 1.2027369159927714, '_a1_': 0.3119297077673314, '_a2_': 33.67004118565528, '_a5_': 0.3166855845558677, '_a3_': 1.0, '_a4_': 1.0, '_a6_': 1.0, '_a7_': 1.0}};{'d0': 0.024905832919852034};-276.475521885773;33.65094710171913
39089;-104.586813841168;(((pow2((_a5_ * (x + _a1_))) * _a2_) + pow2(_a0_)) * x);{'d0': {'_a0_': 1.2027369159927714, '_a1_': 0.3119297077673314, '_a2_': 33.67004118565528, '_a5_': 0.3166855845558677, '_a3_': 1.0, '_a4_': 1.0, '_a6_': 1.0, '_a7_': 1.0}};{'d0': 0.024905832919852034};-276.475521885773;33.65094710171913
39090;-104.586813841168;(((pow2((_a5_ * (x + _a1_))) * _a2_) + pow2(_a0_)) * x);{'d0': {'_a0_': 1.2027369159927714, '_a1_': 0.3119297077673314, '_a2_': 33.67004118565528, '_a5_': 0.3166855845558677, '_a3_': 1.0, '_a4_': 1.0, '_a6_': 1.0, '_a7_': 1.0}};{'d0': 0.024905832919852034};-276.475521885773;33.65094710171913
39091;-104.586813841168;(((pow2((_a5_ * (x + _a1_))) * _a2_) + pow2(_a0_)) * x);{'d0': {'_a0_': 1.2027369159927714, '_a1_': 0.3119297077673314, '_a2_': 33.67004118565528, '_a5_': 0.3166855845558677, '_a3_': 1.0, '_a4_': 1.0, '_a6_': 1.0, '_a7_': 1.0}};{'d0': 0.024905832919852034};-276.475521885773;33.65094710171913
39092;-104.586813841168;(((pow2((_a5_ * (x + _a1_))) * _a2_) + pow2(_a0_)) * x);{'d0': {'_a0_': 1.2027369159927714, '_a1_': 0.3119297077673314, '_a2_': 33.67004118565528, '_a5_': 0.3166855845558677, '_a3_': 1.0, '_a4_': 1.0, '_a6_': 1.0, '_a7_': 1.0}};{'d0': 0.024905832919852034};-276.475521885773;33.65094710171913
39093;-92.7881219091133;(_a6_ + -((x * (_a3_ * (_a5_ + (pow2(x) + (x * (_a4_ + x))))))));{'d0': {'_a3_': -1.6912588989918238, '_a4_': 1.2491022363999775, '_a5_': 1.049309335931399, '_a6_': -0.001024121609442263, '_a0_': 1.0, '_a1_': 1.0, '_a2_': 1.0, '_a7_': 1.0}};{'d0': 0.024885482501961};-276.524567593085;45.47416188742935
39094;-92.7881219091133;(_a6_ + -((x * (_a3_ * (_a5_ + (pow2(x) + (x * (_a4_ + x))))))));{'d0': {'_a3_': -1.6912588989918238, '_a4_': 1.2491022363999775, '_a5_': 1.049309335931399, '_a6_': -0.001024121609442263, '_a0_': 1.0, '_a1_': 1.0, '_a2_': 1.0, '_a7_': 1.0}};{'d0': 0.024885482501961};-276.524567593085;45.47416188742935
39095;-92.7881219091133;(_a6_ + -((x * (_a3_ * (_a5_ + (pow2(x) + (x * (_a4_ + x))))))));{'d0': {'_a3_': -1.6912588989918238, '_a4_': 1.2491022363999775, '_a5_': 1.049309335931399, '_a6_': -0.001024121609442263, '_a0_': 1.0, '_a1_': 1.0, '_a2_': 1.0, '_a7_': 1.0}};{'d0': 0.024885482501961};-276.524567593085;45.47416188742935
39096;-92.7881219091133;(_a6_ + -((x * (_a3_ * (_a5_ + (pow2(x) + (x * (_a4_ + x))))))));{'d0': {'_a3_': -1.6912588989918238, '_a4_': 1.2491022363999775, '_a5_': 1.049309335931399, '_a6_': -0.001024121609442263, '_a0_': 1.0, '_a1_': 1.0, '_a2_': 1.0, '_a7_': 1.0}};{'d0': 0.024885482501961};-276.524567593085;45.47416188742935
39097;-92.7881219091133;(_a6_ + -((x * (_a3_ * (_a5_ + (pow2(x) + (x * (_a4_ + x))))))));{'d0': {'_a3_': -1.6912588989918238, '_a4_': 1.2491022363999775, '_a5_': 1.049309335931399, '_a6_': -0.001024121609442263, '_a0_': 1.0, '_a1_': 1.0, '_a2_': 1.0, '_a7_': 1.0}};{'d0': 0.024885482501961};-276.524567593085;45.47416188742935
39098;-92.7881219091133;(_a6_ + -((x * (_a3_ * (_a5_ + (pow2(x) + (x * (_a4_ + x))))))));{'d0': {'_a3_': -1.6912588989918238, '_a4_': 1.2491022363999775, '_a5_': 1.049309335931399, '_a6_': -0.001024121609442263, '_a0_': 1.0, '_a1_': 1.0, '_a2_': 1.0, '_a7_': 1.0}};{'d0': 0.024885482501961};-276.524567593085;45.47416188742935
39099;-92.7881219091133;(_a6_ + -((x * (_a3_ * (_a5_ + (pow2(x) + (x * (_a4_ + x))))))));{'d0': {'_a3_': -1.6912588989918238, '_a4_': 1.2491022363999775, '_a5_': 1.049309335931399, '_a6_': -0.001024121609442263, '_a0_': 1.0, '_a1_': 1.0, '_a2_': 1.0, '_a7_': 1.0}};{'d0': 0.024885482501961};-276.524567593085;45.47416188742935
39100;-92.7881219091133;(_a6_ + -((x * (_a3_ * (_a5_ + (pow2(x) + (x * (_a4_ + x))))))));{'d0': {'_a3_': -1.6912588989918238, '_a4_': 1.2491022363999775, '_a5_': 1.049309335931399, '_a6_': -0.001024121609442263, '_a0_': 1.0, '_a1_': 1.0, '_a2_': 1.0, '_a7_': 1.0}};{'d0': 0.024885482501961};-276.524567593085;45.47416188742935
39101;-92.7881219091133;(_a6_ + -((x * (_a3_ * (_a5_ + (pow2(x) + (x * (_a4_ + x))))))));{'d0': {'_a3_': -1.6912588989918238, '_a4_': 1.2491022363999775, '_a5_': 1.049309335931399, '_a6_': -0.001024121609442263, '_a0_': 1.0, '_a1_': 1.0, '_a2_': 1.0, '_a7_': 1.0}};{'d0': 0.024885482501961};-276.524567593085;45.47416188742935
39102;-92.7881219091133;(_a6_ + -((x * (_a3_ * (_a5_ + (pow2(x) + (x * (_a4_ + x))))))));{'d0': {'_a3_': -1.6912588989918238, '_a4_': 1.2491022363999775, '_a5_': 1.049309335931399, '_a6_': -0.001024121609442263, '_a0_': 1.0, '_a1_': 1.0, '_a2_': 1.0, '_a7_': 1.0}};{'d0': 0.024885482501961};-276.524567593085;45.47416188742935
39103;-89.0901874366010;(_a6_ + -((x * (_a3_ * (_a5_ + (pow2(pow2(_a4_)) + (x * (_a4_ + x))))))));{'d0': {'_a3_': -3.3825180016804444, '_a4_': 0.6245511499500781, '_a5_': 0.3725046141557809, '_a6_': -0.001024157266429073, '_a0_': 1.0, '_a1_': 1.0, '_a2_': 1.0, '_a7_': 1.0}};{'d0': 0.024885482501879927};-276.524567593281;49.17209636003935
39104;-89.0901874366010;(_a6_ + -((x * (_a3_ * (_a5_ + (pow2(pow2(_a4_)) + (x * (_a4_ + x))))))));{'d0': {'_a3_': -3.3825180016804444, '_a4_': 0.6245511499500781, '_a5_': 0.3725046141557809, '_a6_': -0.001024157266429073, '_a0_': 1.0, '_a1_': 1.0, '_a2_': 1.0, '_a7_': 1.0}};{'d0': 0.024885482501879927};-276.524567593281;49.17209636003935
39105;-89.0901874366010;(_a6_ + -((x * (_a3_ * (_a5_ + (pow2(pow2(_a4_)) + (x * (_a4_ + x))))))));{'d0': {'_a3_': -3.3825180016804444, '_a4_': 0.6245511499500781, '_a5_': 0.3725046141557809, '_a6_': -0.001024157266429073, '_a0_': 1.0, '_a1_': 1.0, '_a2_': 1.0, '_a7_': 1.0}};{'d0': 0.024885482501879927};-276.524567593281;49.17209636003935
39106;-89.0901874366010;(_a6_ + -((x * (_a3_ * (_a5_ + (pow2(pow2(_a4_)) + (x * (_a4_ + x))))))));{'d0': {'_a3_': -3.3825180016804444, '_a4_': 0.6245511499500781, '_a5_': 0.3725046141557809, '_a6_': -0.001024157266429073, '_a0_': 1.0, '_a1_': 1.0, '_a2_': 1.0, '_a7_': 1.0}};{'d0': 0.024885482501879927};-276.524567593281;49.17209636003935
39107;-89.0901874366010;(_a6_ + -((x * (_a3_ * (_a5_ + (pow2(pow2(_a4_)) + (x * (_a4_ + x))))))));{'d0': {'_a3_': -3.3825180016804444, '_a4_': 0.6245511499500781, '_a5_': 0.3725046141557809, '_a6_': -0.001024157266429073, '_a0_': 1.0, '_a1_': 1.0, '_a2_': 1.0, '_a7_': 1.0}};{'d0': 0.024885482501879927};-276.524567593281;49.17209636003935
39108;-89.0901874366010;(_a6_ + -((x * (_a3_ * (_a5_ + (pow2(pow2(_a4_)) + (x * (_a4_ + x))))))));{'d0': {'_a3_': -3.3825180016804444, '_a4_': 0.6245511499500781, '_a5_': 0.3725046141557809, '_a6_': -0.001024157266429073, '_a0_': 1.0, '_a1_': 1.0, '_a2_': 1.0, '_a7_': 1.0}};{'d0': 0.024885482501879927};-276.524567593281;49.17209636003935
39109;-89.0901874366167;(_a2_ + -((x * (_a3_ * (_a5_ + (pow2(pow2(_a4_)) + (x * (_a4_ + x))))))));{'d0': {'_a2_': -0.0010241831024220271, '_a3_': -3.3825181489498473, '_a4_': 0.6245511674752648, '_a5_': 0.3725045705883095, '_a0_': 1.0, '_a1_': 1.0, '_a6_': 1.0, '_a7_': 1.0}};{'d0': 0.024885482501866875};-276.524567593312;49.17209636003935
39110;-89.0901874366167;(_a2_ + -((x * (_a3_ * (_a5_ + (pow2(pow2(_a4_)) + (x * (_a4_ + x))))))));{'d0': {'_a2_': -0.0010241831024220271, '_a3_': -3.3825181489498473, '_a4_': 0.6245511674752648, '_a5_': 0.3725045705883095, '_a0_': 1.0, '_a1_': 1.0, '_a6_': 1.0, '_a7_': 1.0}};{'d0': 0.024885482501866875};-276.524567593312;49.17209636003935
39111;-89.0901874366167;(_a2_ + -((x * (_a3_ * (_a5_ + (pow2(pow2(_a4_)) + (x * (_a4_ + x))))))));{'d0': {'_a2_': -0.0010241831024220271, '_a3_': -3.3825181489498473, '_a4_': 0.6245511674752648, '_a5_': 0.3725045705883095, '_a0_': 1.0, '_a1_': 1.0, '_a6_': 1.0, '_a7_': 1.0}};{'d0': 0.024885482501866875};-276.524567593312;49.17209636003935
39112;-89.0901874366167;(_a2_ + -((x * (_a3_ * (_a5_ + (pow2(pow2(_a4_)) + (x * (_a4_ + x))))))));{'d0': {'_a2_': -0.0010241831024220271, '_a3_': -3.3825181489498473, '_a4_': 0.6245511674752648, '_a5_': 0.3725045705883095, '_a0_': 1.0, '_a1_': 1.0, '_a6_': 1.0, '_a7_': 1.0}};{'d0': 0.024885482501866875};-276.524567593312;49.17209636003935
39113;-89.0901874366167;(_a2_ + -((x * (_a3_ * (_a5_ + (pow2(pow2(_a4_)) + (x * (_a4_ + x))))))));{'d0': {'_a2_': -0.0010241831024220271, '_a3_': -3.3825181489498473, '_a4_': 0.6245511674752648, '_a5_': 0.3725045705883095, '_a0_': 1.0, '_a1_': 1.0, '_a6_': 1.0, '_a7_': 1.0}};{'d0': 0.024885482501866875};-276.524567593312;49.17209636003935
39114;-89.0901874366167;(_a2_ + -((x * (_a3_ * (_a5_ + (pow2(pow2(_a4_)) + (x * (_a4_ + x))))))));{'d0': {'_a2_': -0.0010241831024220271, '_a3_': -3.3825181489498473, '_a4_': 0.6245511674752648, '_a5_': 0.3725045705883095, '_a0_': 1.0, '_a1_': 1.0, '_a6_': 1.0, '_a7_': 1.0}};{'d0': 0.024885482501866875};-276.524567593312;49.17209636003935
39115;-89.0901874366167;(_a2_ + -((x * (_a3_ * (_a5_ + (pow2(pow2(_a4_)) + (x * (_a4_ + x))))))));{'d0': {'_a2_': -0.0010241831024220271, '_a3_': -3.3825181489498473, '_a4_': 0.6245511674752648, '_a5_': 0.3725045705883095, '_a0_': 1.0, '_a1_': 1.0, '_a6_': 1.0, '_a7_': 1.0}};{'d0': 0.024885482501866875};-276.524567593312;49.17209636003935
39116;-89.0901874366167;(_a2_ + -((x * (_a3_ * (_a5_ + (pow2(pow2(_a4_)) + (x * (_a4_ + x))))))));{'d0': {'_a2_': -0.0010241831024220271, '_a3_': -3.3825181489498473, '_a4_': 0.6245511674752648, '_a5_': 0.3725045705883095, '_a0_': 1.0, '_a1_': 1.0, '_a6_': 1.0, '_a7_': 1.0}};{'d0': 0.024885482501866875};-276.524567593312;49.17209636003935
39117;-89.0901874366167;(_a2_ + -((x * (_a3_ * (_a5_ + (pow2(pow2(_a4_)) + (x * (_a4_ + x))))))));{'d0': {'_a2_': -0.0010241831024220271, '_a3_': -3.3825181489498473, '_a4_': 0.6245511674752648, '_a5_': 0.3725045705883095, '_a0_': 1.0, '_a1_': 1.0, '_a6_': 1.0, '_a7_': 1.0}};{'d0': 0.024885482501866875};-276.524567593312;49.17209636003935
39118;-89.0901874366167;(_a2_ + -((x * (_a3_ * (_a5_ + (pow2(pow2(_a4_)) + (x * (_a4_ + x))))))));{'d0': {'_a2_': -0.0010241831024220271, '_a3_': -3.3825181489498473, '_a4_': 0.6245511674752648, '_a5_': 0.3725045705883095, '_a0_': 1.0, '_a1_': 1.0, '_a6_': 1.0, '_a7_': 1.0}};{'d0': 0.024885482501866875};-276.524567593312;49.17209636003935
39119;-97.9148288029808;((-(_a6_) * pow2(((pow2(cos((x + _a0_))) * _a0_) + _a3_))) * x);{'d0': {'_a0_': 0.3122611770667972, '_a3_': -0.5928434076213192, '_a6_': -18.445627221352524, '_a1_': 1.0, '_a2_': 1.0, '_a4_': 1.0, '_a5_': 1.0, '_a7_': 1.0}};{'d0': 0.024057064815324516};-282.650265715061;43.41030405454946
39120;-97.9148288029808;((-(_a6_) * pow2(((pow2(cos((x + _a0_))) * _a0_) + _a3_))) * x);{'d0': {'_a0_': 0.3122611770667972, '_a3_': -0.5928434076213192, '_a6_': -18.445627221352524, '_a1_': 1.0, '_a2_': 1.0, '_a4_': 1.0, '_a5_': 1.0, '_a7_': 1.0}};{'d0': 0.024057064815324516};-282.650265715061;43.41030405454946
39121;-97.9148288029808;((-(_a6_) * pow2(((pow2(cos((x + _a0_))) * _a0_) + _a3_))) * x);{'d0': {'_a0_': 0.3122611770667972, '_a3_': -0.5928434076213192, '_a6_': -18.445627221352524, '_a1_': 1.0, '_a2_': 1.0, '_a4_': 1.0, '_a5_': 1.0, '_a7_': 1.0}};{'d0': 0.024057064815324516};-282.650265715061;43.41030405454946
39122;-97.9148288029808;((-(_a6_) * pow2(((pow2(cos((x + _a0_))) * _a0_) + _a3_))) * x);{'d0': {'_a0_': 0.3122611770667972, '_a3_': -0.5928434076213192, '_a6_': -18.445627221352524, '_a1_': 1.0, '_a2_': 1.0, '_a4_': 1.0, '_a5_': 1.0, '_a7_': 1.0}};{'d0': 0.024057064815324516};-282.650265715061;43.41030405454946
39123;-97.9148288029808;((-(_a6_) * pow2(((pow2(cos((x + _a0_))) * _a0_) + _a3_))) * x);{'d0': {'_a0_': 0.3122611770667972, '_a3_': -0.5928434076213192, '_a6_': -18.445627221352524, '_a1_': 1.0, '_a2_': 1.0, '_a4_': 1.0, '_a5_': 1.0, '_a7_': 1.0}};{'d0': 0.024057064815324516};-282.650265715061;43.41030405454946
39124;-97.9148288029808;((-(_a6_) * pow2(((pow2(cos((x + _a0_))) * _a0_) + _a3_))) * x);{'d0': {'_a0_': 0.3122611770667972, '_a3_': -0.5928434076213192, '_a6_': -18.445627221352524, '_a1_': 1.0, '_a2_': 1.0, '_a4_': 1.0, '_a5_': 1.0, '_a7_': 1.0}};{'d0': 0.024057064815324516};-282.650265715061;43.41030405454946
39125;-97.9148288029808;((-(_a6_) * pow2(((pow2(cos((x + _a0_))) * _a0_) + _a3_))) * x);{'d0': {'_a0_': 0.3122611770667972, '_a3_': -0.5928434076213192, '_a6_': -18.445627221352524, '_a1_': 1.0, '_a2_': 1.0, '_a4_': 1.0, '_a5_': 1.0, '_a7_': 1.0}};{'d0': 0.024057064815324516};-282.650265715061;43.41030405454946
39126;-97.9148288029808;((-(_a6_) * pow2(((pow2(cos((x + _a0_))) * _a0_) + _a3_))) * x);{'d0': {'_a0_': 0.3122611770667972, '_a3_': -0.5928434076213192, '_a6_': -18.445627221352524, '_a1_': 1.0, '_a2_': 1.0, '_a4_': 1.0, '_a5_': 1.0, '_a7_': 1.0}};{'d0': 0.024057064815324516};-282.650265715061;43.41030405454946
39127;-97.9148288029808;((-(_a6_) * pow2(((pow2(cos((x + _a0_))) * _a0_) + _a3_))) * x);{'d0': {'_a0_': 0.3122611770667972, '_a3_': -0.5928434076213192, '_a6_': -18.445627221352524, '_a1_': 1.0, '_a2_': 1.0, '_a4_': 1.0, '_a5_': 1.0, '_a7_': 1.0}};{'d0': 0.024057064815324516};-282.650265715061;43.41030405454946
39128;-97.9148288029808;((-(_a6_) * pow2(((pow2(cos((x + _a0_))) * _a0_) + _a3_))) * x);{'d0': {'_a0_': 0.3122611770667972, '_a3_': -0.5928434076213192, '_a6_': -18.445627221352524, '_a1_': 1.0, '_a2_': 1.0, '_a4_': 1.0, '_a5_': 1.0, '_a7_': 1.0}};{'d0': 0.024057064815324516};-282.650265715061;43.41030405454946
39129;-97.9148288029808;((-(_a6_) * pow2(((pow2(cos((x + _a0_))) * _a0_) + _a3_))) * x);{'d0': {'_a0_': 0.3122611770667972, '_a3_': -0.5928434076213192, '_a6_': -18.445627221352524, '_a1_': 1.0, '_a2_': 1.0, '_a4_': 1.0, '_a5_': 1.0, '_a7_': 1.0}};{'d0': 0.024057064815324516};-282.650265715061;43.41030405454946
39130;-97.9148288029808;((-(_a6_) * pow2(((pow2(cos((x + _a0_))) * _a0_) + _a3_))) * x);{'d0': {'_a0_': 0.3122611770667972, '_a3_': -0.5928434076213192, '_a6_': -18.445627221352524, '_a1_': 1.0, '_a2_': 1.0, '_a4_': 1.0, '_a5_': 1.0, '_a7_': 1.0}};{'d0': 0.024057064815324516};-282.650265715061;43.41030405454946
39131;-97.9148288029808;((-(_a6_) * pow2(((pow2(cos((x + _a0_))) * _a0_) + _a3_))) * x);{'d0': {'_a0_': 0.3122611770667972, '_a3_': -0.5928434076213192, '_a6_': -18.445627221352524, '_a1_': 1.0, '_a2_': 1.0, '_a4_': 1.0, '_a5_': 1.0, '_a7_': 1.0}};{'d0': 0.024057064815324516};-282.650265715061;43.41030405454946
39132;-97.9148288029808;((-(_a6_) * pow2(((pow2(cos((x + _a0_))) * _a0_) + _a3_))) * x);{'d0': {'_a0_': 0.3122611770667972, '_a3_': -0.5928434076213192, '_a6_': -18.445627221352524, '_a1_': 1.0, '_a2_': 1.0, '_a4_': 1.0, '_a5_': 1.0, '_a7_': 1.0}};{'d0': 0.024057064815324516};-282.650265715061;43.41030405454946
39133;-97.9148288029808;((-(_a6_) * pow2(((pow2(cos((x + _a0_))) * _a0_) + _a3_))) * x);{'d0': {'_a0_': 0.3122611770667972, '_a3_': -0.5928434076213192, '_a6_': -18.445627221352524, '_a1_': 1.0, '_a2_': 1.0, '_a4_': 1.0, '_a5_': 1.0, '_a7_': 1.0}};{'d0': 0.024057064815324516};-282.650265715061;43.41030405454946
39134;-97.9148288029808;((-(_a6_) * pow2(((pow2(cos((x + _a0_))) * _a0_) + _a3_))) * x);{'d0': {'_a0_': 0.3122611770667972, '_a3_': -0.5928434076213192, '_a6_': -18.445627221352524, '_a1_': 1.0, '_a2_': 1.0, '_a4_': 1.0, '_a5_': 1.0, '_a7_': 1.0}};{'d0': 0.024057064815324516};-282.650265715061;43.41030405454946
39135;-97.9148288029808;((-(_a6_) * pow2(((pow2(cos((x + _a0_))) * _a0_) + _a3_))) * x);{'d0': {'_a0_': 0.3122611770667972, '_a3_': -0.5928434076213192, '_a6_': -18.445627221352524, '_a1_': 1.0, '_a2_': 1.0, '_a4_': 1.0, '_a5_': 1.0, '_a7_': 1.0}};{'d0': 0.024057064815324516};-282.650265715061;43.41030405454946
39136;-97.9148288029808;((-(_a6_) * pow2(((pow2(cos((x + _a0_))) * _a0_) + _a3_))) * x);{'d0': {'_a0_': 0.3122611770667972, '_a3_': -0.5928434076213192, '_a6_': -18.445627221352524, '_a1_': 1.0, '_a2_': 1.0, '_a4_': 1.0, '_a5_': 1.0, '_a7_': 1.0}};{'d0': 0.024057064815324516};-282.650265715061;43.41030405454946
39137;-97.9148288029808;((-(_a6_) * pow2(((pow2(cos((x + _a0_))) * _a0_) + _a3_))) * x);{'d0': {'_a0_': 0.3122611770667972, '_a3_': -0.5928434076213192, '_a6_': -18.445627221352524, '_a1_': 1.0, '_a2_': 1.0, '_a4_': 1.0, '_a5_': 1.0, '_a7_': 1.0}};{'d0': 0.024057064815324516};-282.650265715061;43.41030405454946
39138;-97.9148288029808;((-(_a6_) * pow2(((pow2(cos((x + _a0_))) * _a0_) + _a3_))) * x);{'d0': {'_a0_': 0.3122611770667972, '_a3_': -0.5928434076213192, '_a6_': -18.445627221352524, '_a1_': 1.0, '_a2_': 1.0, '_a4_': 1.0, '_a5_': 1.0, '_a7_': 1.0}};{'d0': 0.024057064815324516};-282.650265715061;43.41030405454946
39139;-97.9148288029808;((-(_a6_) * pow2(((pow2(cos((x + _a0_))) * _a0_) + _a3_))) * x);{'d0': {'_a0_': 0.3122611770667972, '_a3_': -0.5928434076213192, '_a6_': -18.445627221352524, '_a1_': 1.0, '_a2_': 1.0, '_a4_': 1.0, '_a5_': 1.0, '_a7_': 1.0}};{'d0': 0.024057064815324516};-282.650265715061;43.41030405454946
39140;-97.9148288029808;((-(_a6_) * pow2(((pow2(cos((x + _a0_))) * _a0_) + _a3_))) * x);{'d0': {'_a0_': 0.3122611770667972, '_a3_': -0.5928434076213192, '_a6_': -18.445627221352524, '_a1_': 1.0, '_a2_': 1.0, '_a4_': 1.0, '_a5_': 1.0, '_a7_': 1.0}};{'d0': 0.024057064815324516};-282.650265715061;43.41030405454946
39141;-97.9148288029808;((-(_a6_) * pow2(((pow2(cos((x + _a0_))) * _a0_) + _a3_))) * x);{'d0': {'_a0_': 0.3122611770667972, '_a3_': -0.5928434076213192, '_a6_': -18.445627221352524, '_a1_': 1.0, '_a2_': 1.0, '_a4_': 1.0, '_a5_': 1.0, '_a7_': 1.0}};{'d0': 0.024057064815324516};-282.650265715061;43.41030405454946
39142;-97.9148288029808;((-(_a6_) * pow2(((pow2(cos((x + _a0_))) * _a0_) + _a3_))) * x);{'d0': {'_a0_': 0.3122611770667972, '_a3_': -0.5928434076213192, '_a6_': -18.445627221352524, '_a1_': 1.0, '_a2_': 1.0, '_a4_': 1.0, '_a5_': 1.0, '_a7_': 1.0}};{'d0': 0.024057064815324516};-282.650265715061;43.41030405454946
39143;-97.9148288029808;((-(_a6_) * pow2(((pow2(cos((x + _a0_))) * _a0_) + _a3_))) * x);{'d0': {'_a0_': 0.3122611770667972, '_a3_': -0.5928434076213192, '_a6_': -18.445627221352524, '_a1_': 1.0, '_a2_': 1.0, '_a4_': 1.0, '_a5_': 1.0, '_a7_': 1.0}};{'d0': 0.024057064815324516};-282.650265715061;43.41030405454946
39144;-97.9148288029808;((-(_a6_) * pow2(((pow2(cos((x + _a0_))) * _a0_) + _a3_))) * x);{'d0': {'_a0_': 0.3122611770667972, '_a3_': -0.5928434076213192, '_a6_': -18.445627221352524, '_a1_': 1.0, '_a2_': 1.0, '_a4_': 1.0, '_a5_': 1.0, '_a7_': 1.0}};{'d0': 0.024057064815324516};-282.650265715061;43.41030405454946
39145;-97.9148288029808;((-(_a6_) * pow2(((pow2(cos((x + _a0_))) * _a0_) + _a3_))) * x);{'d0': {'_a0_': 0.3122611770667972, '_a3_': -0.5928434076213192, '_a6_': -18.445627221352524, '_a1_': 1.0, '_a2_': 1.0, '_a4_': 1.0, '_a5_': 1.0, '_a7_': 1.0}};{'d0': 0.024057064815324516};-282.650265715061;43.41030405454946
39146;-97.9148288029808;((-(_a6_) * pow2(((pow2(cos((x + _a0_))) * _a0_) + _a3_))) * x);{'d0': {'_a0_': 0.3122611770667972, '_a3_': -0.5928434076213192, '_a6_': -18.445627221352524, '_a1_': 1.0, '_a2_': 1.0, '_a4_': 1.0, '_a5_': 1.0, '_a7_': 1.0}};{'d0': 0.024057064815324516};-282.650265715061;43.41030405454946
39147;-97.9148288029808;((-(_a6_) * pow2(((pow2(cos((x + _a0_))) * _a0_) + _a3_))) * x);{'d0': {'_a0_': 0.3122611770667972, '_a3_': -0.5928434076213192, '_a6_': -18.445627221352524, '_a1_': 1.0, '_a2_': 1.0, '_a4_': 1.0, '_a5_': 1.0, '_a7_': 1.0}};{'d0': 0.024057064815324516};-282.650265715061;43.41030405454946
39148;-97.9148288029808;((-(_a6_) * pow2(((pow2(cos((x + _a0_))) * _a0_) + _a3_))) * x);{'d0': {'_a0_': 0.3122611770667972, '_a3_': -0.5928434076213192, '_a6_': -18.445627221352524, '_a1_': 1.0, '_a2_': 1.0, '_a4_': 1.0, '_a5_': 1.0, '_a7_': 1.0}};{'d0': 0.024057064815324516};-282.650265715061;43.41030405454946
39149;-97.9148288029808;((-(_a6_) * pow2(((pow2(cos((x + _a0_))) * _a0_) + _a3_))) * x);{'d0': {'_a0_': 0.3122611770667972, '_a3_': -0.5928434076213192, '_a6_': -18.445627221352524, '_a1_': 1.0, '_a2_': 1.0, '_a4_': 1.0, '_a5_': 1.0, '_a7_': 1.0}};{'d0': 0.024057064815324516};-282.650265715061;43.41030405454946
39150;-97.9148288029808;((-(_a6_) * pow2(((pow2(cos((x + _a0_))) * _a0_) + _a3_))) * x);{'d0': {'_a0_': 0.3122611770667972, '_a3_': -0.5928434076213192, '_a6_': -18.445627221352524, '_a1_': 1.0, '_a2_': 1.0, '_a4_': 1.0, '_a5_': 1.0, '_a7_': 1.0}};{'d0': 0.024057064815324516};-282.650265715061;43.41030405454946
39151;-97.9148288029808;((-(_a6_) * pow2(((pow2(cos((x + _a0_))) * _a0_) + _a3_))) * x);{'d0': {'_a0_': 0.3122611770667972, '_a3_': -0.5928434076213192, '_a6_': -18.445627221352524, '_a1_': 1.0, '_a2_': 1.0, '_a4_': 1.0, '_a5_': 1.0, '_a7_': 1.0}};{'d0': 0.024057064815324516};-282.650265715061;43.41030405454946
39152;-97.9148288029808;((-(_a6_) * pow2(((pow2(cos((x + _a0_))) * _a0_) + _a3_))) * x);{'d0': {'_a0_': 0.3122611770667972, '_a3_': -0.5928434076213192, '_a6_': -18.445627221352524, '_a1_': 1.0, '_a2_': 1.0, '_a4_': 1.0, '_a5_': 1.0, '_a7_': 1.0}};{'d0': 0.024057064815324516};-282.650265715061;43.41030405454946
39153;-97.9148288029808;((-(_a6_) * pow2(((pow2(cos((x + _a0_))) * _a0_) + _a3_))) * x);{'d0': {'_a0_': 0.3122611770667972, '_a3_': -0.5928434076213192, '_a6_': -18.445627221352524, '_a1_': 1.0, '_a2_': 1.0, '_a4_': 1.0, '_a5_': 1.0, '_a7_': 1.0}};{'d0': 0.024057064815324516};-282.650265715061;43.41030405454946
39154;-97.9148288029808;((-(_a6_) * pow2(((pow2(cos((x + _a0_))) * _a0_) + _a3_))) * x);{'d0': {'_a0_': 0.3122611770667972, '_a3_': -0.5928434076213192, '_a6_': -18.445627221352524, '_a1_': 1.0, '_a2_': 1.0, '_a4_': 1.0, '_a5_': 1.0, '_a7_': 1.0}};{'d0': 0.024057064815324516};-282.650265715061;43.41030405454946
39155;-97.9148288029808;((-(_a6_) * pow2(((pow2(cos((x + _a0_))) * _a0_) + _a3_))) * x);{'d0': {'_a0_': 0.3122611770667972, '_a3_': -0.5928434076213192, '_a6_': -18.445627221352524, '_a1_': 1.0, '_a2_': 1.0, '_a4_': 1.0, '_a5_': 1.0, '_a7_': 1.0}};{'d0': 0.024057064815324516};-282.650265715061;43.41030405454946
39156;-97.9148288029808;((-(_a6_) * pow2(((pow2(cos((x + _a0_))) * _a0_) + _a3_))) * x);{'d0': {'_a0_': 0.3122611770667972, '_a3_': -0.5928434076213192, '_a6_': -18.445627221352524, '_a1_': 1.0, '_a2_': 1.0, '_a4_': 1.0, '_a5_': 1.0, '_a7_': 1.0}};{'d0': 0.024057064815324516};-282.650265715061;43.41030405454946
39157;-97.9148288029808;((-(_a6_) * pow2(((pow2(cos((x + _a0_))) * _a0_) + _a3_))) * x);{'d0': {'_a0_': 0.3122611770667972, '_a3_': -0.5928434076213192, '_a6_': -18.445627221352524, '_a1_': 1.0, '_a2_': 1.0, '_a4_': 1.0, '_a5_': 1.0, '_a7_': 1.0}};{'d0': 0.024057064815324516};-282.650265715061;43.41030405454946
39158;-97.9148288029808;((-(_a6_) * pow2(((pow2(cos((x + _a0_))) * _a0_) + _a3_))) * x);{'d0': {'_a0_': 0.3122611770667972, '_a3_': -0.5928434076213192, '_a6_': -18.445627221352524, '_a1_': 1.0, '_a2_': 1.0, '_a4_': 1.0, '_a5_': 1.0, '_a7_': 1.0}};{'d0': 0.024057064815324516};-282.650265715061;43.41030405454946
39159;-97.9148288029808;((-(_a6_) * pow2(((pow2(cos((x + _a0_))) * _a0_) + _a3_))) * x);{'d0': {'_a0_': 0.3122611770667972, '_a3_': -0.5928434076213192, '_a6_': -18.445627221352524, '_a1_': 1.0, '_a2_': 1.0, '_a4_': 1.0, '_a5_': 1.0, '_a7_': 1.0}};{'d0': 0.024057064815324516};-282.650265715061;43.41030405454946
39160;-97.9148288029808;((-(_a6_) * pow2(((pow2(cos((x + _a0_))) * _a0_) + _a3_))) * x);{'d0': {'_a0_': 0.3122611770667972, '_a3_': -0.5928434076213192, '_a6_': -18.445627221352524, '_a1_': 1.0, '_a2_': 1.0, '_a4_': 1.0, '_a5_': 1.0, '_a7_': 1.0}};{'d0': 0.024057064815324516};-282.650265715061;43.41030405454946
39161;-96.6454360377843;(((_a3_ * _a4_) * pow2(((pow2(cos((x + _a0_))) * _a0_) + _a3_))) * x);{'d0': {'_a0_': 0.3122611773061104, '_a3_': -0.5928434084975254, '_a4_': -31.113826838800936, '_a1_': 1.0, '_a2_': 1.0, '_a5_': 1.0, '_a6_': 1.0, '_a7_': 1.0}};{'d0': 0.024057064815324446};-282.650265715061;44.67969681974607
39162;-96.6454360377843;(((_a3_ * _a4_) * pow2(((pow2(cos((x + _a0_))) * _a0_) + _a3_))) * x);{'d0': {'_a0_': 0.3122611773061104, '_a3_': -0.5928434084975254, '_a4_': -31.113826838800936, '_a1_': 1.0, '_a2_': 1.0, '_a5_': 1.0, '_a6_': 1.0, '_a7_': 1.0}};{'d0': 0.024057064815324446};-282.650265715061;44.67969681974607
39163;-96.6454360377843;(((_a3_ * _a4_) * pow2(((pow2(cos((x + _a0_))) * _a0_) + _a3_))) * x);{'d0': {'_a0_': 0.3122611773061104, '_a3_': -0.5928434084975254, '_a4_': -31.113826838800936, '_a1_': 1.0, '_a2_': 1.0, '_a5_': 1.0, '_a6_': 1.0, '_a7_': 1.0}};{'d0': 0.024057064815324446};-282.650265715061;44.67969681974607
39164;-96.6454360377843;(((_a3_ * _a4_) * pow2(((pow2(cos((x + _a0_))) * _a0_) + _a3_))) * x);{'d0': {'_a0_': 0.3122611773061104, '_a3_': -0.5928434084975254, '_a4_': -31.113826838800936, '_a1_': 1.0, '_a2_': 1.0, '_a5_': 1.0, '_a6_': 1.0, '_a7_': 1.0}};{'d0': 0.024057064815324446};-282.650265715061;44.67969681974607
39165;-96.6454360377843;(((_a3_ * _a4_) * pow2(((pow2(cos((x + _a0_))) * _a0_) + _a3_))) * x);{'d0': {'_a0_': 0.3122611773061104, '_a3_': -0.5928434084975254, '_a4_': -31.113826838800936, '_a1_': 1.0, '_a2_': 1.0, '_a5_': 1.0, '_a6_': 1.0, '_a7_': 1.0}};{'d0': 0.024057064815324446};-282.650265715061;44.67969681974607
39166;-96.6454360377843;(((_a3_ * _a4_) * pow2(((pow2(cos((x + _a0_))) * _a0_) + _a3_))) * x);{'d0': {'_a0_': 0.3122611773061104, '_a3_': -0.5928434084975254, '_a4_': -31.113826838800936, '_a1_': 1.0, '_a2_': 1.0, '_a5_': 1.0, '_a6_': 1.0, '_a7_': 1.0}};{'d0': 0.024057064815324446};-282.650265715061;44.67969681974607
39167;-96.6454360377843;(((_a3_ * _a4_) * pow2(((pow2(cos((x + _a0_))) * _a0_) + _a3_))) * x);{'d0': {'_a0_': 0.3122611773061104, '_a3_': -0.5928434084975254, '_a4_': -31.113826838800936, '_a1_': 1.0, '_a2_': 1.0, '_a5_': 1.0, '_a6_': 1.0, '_a7_': 1.0}};{'d0': 0.024057064815324446};-282.650265715061;44.67969681974607
39168;-96.6454360377843;(((_a3_ * _a4_) * pow2(((pow2(cos((x + _a0_))) * _a0_) + _a3_))) * x);{'d0': {'_a0_': 0.3122611773061104, '_a3_': -0.5928434084975254, '_a4_': -31.113826838800936, '_a1_': 1.0, '_a2_': 1.0, '_a5_': 1.0, '_a6_': 1.0, '_a7_': 1.0}};{'d0': 0.024057064815324446};-282.650265715061;44.67969681974607
39169;-96.6454360377843;(((_a3_ * _a4_) * pow2(((pow2(cos((x + _a0_))) * _a0_) + _a3_))) * x);{'d0': {'_a0_': 0.3122611773061104, '_a3_': -0.5928434084975254, '_a4_': -31.113826838800936, '_a1_': 1.0, '_a2_': 1.0, '_a5_': 1.0, '_a6_': 1.0, '_a7_': 1.0}};{'d0': 0.024057064815324446};-282.650265715061;44.67969681974607
39170;-96.6454360377843;(((_a3_ * _a4_) * pow2(((pow2(cos((x + _a0_))) * _a0_) + _a3_))) * x);{'d0': {'_a0_': 0.3122611773061104, '_a3_': -0.5928434084975254, '_a4_': -31.113826838800936, '_a1_': 1.0, '_a2_': 1.0, '_a5_': 1.0, '_a6_': 1.0, '_a7_': 1.0}};{'d0': 0.024057064815324446};-282.650265715061;44.67969681974607
39171;-96.6454360377843;(((_a3_ * _a4_) * pow2(((pow2(cos((x + _a0_))) * _a0_) + _a3_))) * x);{'d0': {'_a0_': 0.3122611773061104, '_a3_': -0.5928434084975254, '_a4_': -31.113826838800936, '_a1_': 1.0, '_a2_': 1.0, '_a5_': 1.0, '_a6_': 1.0, '_a7_': 1.0}};{'d0': 0.024057064815324446};-282.650265715061;44.67969681974607
39172;-96.6454360377843;(((_a3_ * _a4_) * pow2(((pow2(cos((x + _a0_))) * _a0_) + _a3_))) * x);{'d0': {'_a0_': 0.3122611773061104, '_a3_': -0.5928434084975254, '_a4_': -31.113826838800936, '_a1_': 1.0, '_a2_': 1.0, '_a5_': 1.0, '_a6_': 1.0, '_a7_': 1.0}};{'d0': 0.024057064815324446};-282.650265715061;44.67969681974607
39173;-96.6454360377843;(((_a3_ * _a4_) * pow2(((pow2(cos((x + _a0_))) * _a0_) + _a3_))) * x);{'d0': {'_a0_': 0.3122611773061104, '_a3_': -0.5928434084975254, '_a4_': -31.113826838800936, '_a1_': 1.0, '_a2_': 1.0, '_a5_': 1.0, '_a6_': 1.0, '_a7_': 1.0}};{'d0': 0.024057064815324446};-282.650265715061;44.67969681974607
39174;-96.6454360377843;(((_a3_ * _a4_) * pow2(((pow2(cos((x + _a0_))) * _a0_) + _a3_))) * x);{'d0': {'_a0_': 0.3122611773061104, '_a3_': -0.5928434084975254, '_a4_': -31.113826838800936, '_a1_': 1.0, '_a2_': 1.0, '_a5_': 1.0, '_a6_': 1.0, '_a7_': 1.0}};{'d0': 0.024057064815324446};-282.650265715061;44.67969681974607
39175;-96.6454360377843;(((_a3_ * _a4_) * pow2(((pow2(cos((x + _a0_))) * _a0_) + _a3_))) * x);{'d0': {'_a0_': 0.3122611773061104, '_a3_': -0.5928434084975254, '_a4_': -31.113826838800936, '_a1_': 1.0, '_a2_': 1.0, '_a5_': 1.0, '_a6_': 1.0, '_a7_': 1.0}};{'d0': 0.024057064815324446};-282.650265715061;44.67969681974607
39176;-96.6454360377843;(((_a3_ * _a4_) * pow2(((pow2(cos((x + _a0_))) * _a0_) + _a3_))) * x);{'d0': {'_a0_': 0.3122611773061104, '_a3_': -0.5928434084975254, '_a4_': -31.113826838800936, '_a1_': 1.0, '_a2_': 1.0, '_a5_': 1.0, '_a6_': 1.0, '_a7_': 1.0}};{'d0': 0.024057064815324446};-282.650265715061;44.67969681974607
39177;-96.6454360377843;(((_a3_ * _a4_) * pow2(((pow2(cos((x + _a0_))) * _a0_) + _a3_))) * x);{'d0': {'_a0_': 0.3122611773061104, '_a3_': -0.5928434084975254, '_a4_': -31.113826838800936, '_a1_': 1.0, '_a2_': 1.0, '_a5_': 1.0, '_a6_': 1.0, '_a7_': 1.0}};{'d0': 0.024057064815324446};-282.650265715061;44.67969681974607
39178;-96.6454360377843;(((_a3_ * _a4_) * pow2(((pow2(cos((x + _a0_))) * _a0_) + _a3_))) * x);{'d0': {'_a0_': 0.3122611773061104, '_a3_': -0.5928434084975254, '_a4_': -31.113826838800936, '_a1_': 1.0, '_a2_': 1.0, '_a5_': 1.0, '_a6_': 1.0, '_a7_': 1.0}};{'d0': 0.024057064815324446};-282.650265715061;44.67969681974607
39179;-91.6237388260051;((((_a3_ * _a4_) * pow2(((pow2(cos((x + _a0_))) * _a0_) + _a3_))) * x) * _a3_);{'d0': {'_a0_': 0.312261177258365, '_a3_': -0.5928434079407645, '_a4_': 52.482369777477146, '_a1_': 1.0, '_a2_': 1.0, '_a5_': 1.0, '_a6_': 1.0, '_a7_': 1.0}};{'d0': 0.024057064815324616};-282.650265715060;49.70139403152507
39180;-91.6237388260051;((((_a3_ * _a4_) * pow2(((pow2(cos((x + _a0_))) * _a0_) + _a3_))) * x) * _a3_);{'d0': {'_a0_': 0.312261177258365, '_a3_': -0.5928434079407645, '_a4_': 52.482369777477146, '_a1_': 1.0, '_a2_': 1.0, '_a5_': 1.0, '_a6_': 1.0, '_a7_': 1.0}};{'d0': 0.024057064815324616};-282.650265715060;49.70139403152507
39181;-85.0066296433915;((((sin(_a3_) * _a4_) * pow2(((pow2(cos((x + _a0_))) * _a0_) + _a3_))) * x) * _a3_);{'d0': {'_a0_': 0.3122611767333792, '_a3_': -0.5928434061147381, '_a4_': 55.68754525439657, '_a1_': 1.0, '_a2_': 1.0, '_a5_': 1.0, '_a6_': 1.0, '_a7_': 1.0}};{'d0': 0.024057064815324613};-282.650265715060;56.31850321413859
39182;-85.0066296433915;((((sin(_a3_) * _a4_) * pow2(((pow2(cos((x + _a0_))) * _a0_) + _a3_))) * x) * _a3_);{'d0': {'_a0_': 0.3122611767333792, '_a3_': -0.5928434061147381, '_a4_': 55.68754525439657, '_a1_': 1.0, '_a2_': 1.0, '_a5_': 1.0, '_a6_': 1.0, '_a7_': 1.0}};{'d0': 0.024057064815324613};-282.650265715060;56.31850321413859
39183;-85.0066296433915;((((sin(_a3_) * _a4_) * pow2(((pow2(cos((x + _a0_))) * _a0_) + _a3_))) * x) * _a3_);{'d0': {'_a0_': 0.3122611767333792, '_a3_': -0.5928434061147381, '_a4_': 55.68754525439657, '_a1_': 1.0, '_a2_': 1.0, '_a5_': 1.0, '_a6_': 1.0, '_a7_': 1.0}};{'d0': 0.024057064815324613};-282.650265715060;56.31850321413859
39184;-79.6405615087318;((((sin(_a3_) * _a4_) * pow2(((pow2(cos((x + _a0_))) * exp(_a3_)) + _a3_))) * x) * _a3_);{'d0': {'_a0_': 0.31226117730000835, '_a3_': -0.8288302557046809, '_a4_': 15.446347642272926, '_a1_': 1.0, '_a2_': 1.0, '_a5_': 1.0, '_a6_': 1.0, '_a7_': 1.0}};{'d0': 0.024057064815324422};-282.650265715061;61.684571348798585
39185;-79.6405615087318;((((sin(_a3_) * _a4_) * pow2(((pow2(cos((x + _a0_))) * exp(_a3_)) + _a3_))) * x) * _a3_);{'d0': {'_a0_': 0.31226117730000835, '_a3_': -0.8288302557046809, '_a4_': 15.446347642272926, '_a1_': 1.0, '_a2_': 1.0, '_a5_': 1.0, '_a6_': 1.0, '_a7_': 1.0}};{'d0': 0.024057064815324422};-282.650265715061;61.684571348798585
39186;-79.6405615087318;((((sin(_a3_) * _a4_) * pow2(((pow2(cos((x + _a0_))) * exp(_a3_)) + _a3_))) * x) * _a3_);{'d0': {'_a0_': 0.31226117730000835, '_a3_': -0.8288302557046809, '_a4_': 15.446347642272926, '_a1_': 1.0, '_a2_': 1.0, '_a5_': 1.0, '_a6_': 1.0, '_a7_': 1.0}};{'d0': 0.024057064815324422};-282.650265715061;61.684571348798585
39187;-79.6405615087318;((((sin(_a3_) * _a4_) * pow2(((pow2(cos((x + _a0_))) * exp(_a3_)) + _a3_))) * x) * _a3_);{'d0': {'_a0_': 0.31226117730000835, '_a3_': -0.8288302557046809, '_a4_': 15.446347642272926, '_a1_': 1.0, '_a2_': 1.0, '_a5_': 1.0, '_a6_': 1.0, '_a7_': 1.0}};{'d0': 0.024057064815324422};-282.650265715061;61.684571348798585
39188;-79.6405615087318;((((sin(_a3_) * _a4_) * pow2(((pow2(cos((x + _a0_))) * exp(_a3_)) + _a3_))) * x) * _a3_);{'d0': {'_a0_': 0.31226117730000835, '_a3_': -0.8288302557046809, '_a4_': 15.446347642272926, '_a1_': 1.0, '_a2_': 1.0, '_a5_': 1.0, '_a6_': 1.0, '_a7_': 1.0}};{'d0': 0.024057064815324422};-282.650265715061;61.684571348798585
39189;-79.6405615087318;((((sin(_a3_) * _a4_) * pow2(((pow2(cos((x + _a0_))) * exp(_a3_)) + _a3_))) * x) * _a3_);{'d0': {'_a0_': 0.31226117730000835, '_a3_': -0.8288302557046809, '_a4_': 15.446347642272926, '_a1_': 1.0, '_a2_': 1.0, '_a5_': 1.0, '_a6_': 1.0, '_a7_': 1.0}};{'d0': 0.024057064815324422};-282.650265715061;61.684571348798585
39190;-79.6405615087318;((((sin(_a3_) * _a4_) * pow2(((pow2(cos((x + _a0_))) * exp(_a3_)) + _a3_))) * x) * _a3_);{'d0': {'_a0_': 0.31226117730000835, '_a3_': -0.8288302557046809, '_a4_': 15.446347642272926, '_a1_': 1.0, '_a2_': 1.0, '_a5_': 1.0, '_a6_': 1.0, '_a7_': 1.0}};{'d0': 0.024057064815324422};-282.650265715061;61.684571348798585
39191;-79.6405615087318;((((sin(_a3_) * _a4_) * pow2(((pow2(cos((x + _a0_))) * exp(_a3_)) + _a3_))) * x) * _a3_);{'d0': {'_a0_': 0.31226117730000835, '_a3_': -0.8288302557046809, '_a4_': 15.446347642272926, '_a1_': 1.0, '_a2_': 1.0, '_a5_': 1.0, '_a6_': 1.0, '_a7_': 1.0}};{'d0': 0.024057064815324422};-282.650265715061;61.684571348798585
39192;-77.5933892273501;((((sin(_a2_) * _a4_) * pow2(((pow2(cos((x + _a0_))) * exp(_a3_)) + _a3_))) * x) * _a3_);{'d0': {'_a0_': 0.31226117728395375, '_a2_': -6.585188230912835, '_a3_': -0.8288302557330735, '_a4_': 38.281358407282575, '_a1_': 1.0, '_a5_': 1.0, '_a6_': 1.0, '_a7_': 1.0}};{'d0': 0.02405706481554143};-278.555921152298;61.684571348798585
39193;-77.5933892273501;((((sin(_a2_) * _a4_) * pow2(((pow2(cos((x + _a0_))) * exp(_a3_)) + _a3_))) * x) * _a3_);{'d0': {'_a0_': 0.31226117728395375, '_a2_': -6.585188230912835, '_a3_': -0.8288302557330735, '_a4_': 38.281358407282575, '_a1_': 1.0, '_a5_': 1.0, '_a6_': 1.0, '_a7_': 1.0}};{'d0': 0.02405706481554143};-278.555921152298;61.684571348798585
39194;-77.5933892273501;((((sin(_a2_) * _a4_) * pow2(((pow2(cos((x + _a0_))) * exp(_a3_)) + _a3_))) * x) * _a3_);{'d0': {'_a0_': 0.31226117728395375, '_a2_': -6.585188230912835, '_a3_': -0.8288302557330735, '_a4_': 38.281358407282575, '_a1_': 1.0, '_a5_': 1.0, '_a6_': 1.0, '_a7_': 1.0}};{'d0': 0.02405706481554143};-278.555921152298;61.684571348798585
39195;-77.5933892273501;((((sin(_a2_) * _a4_) * pow2(((pow2(cos((x + _a0_))) * exp(_a3_)) + _a3_))) * x) * _a3_);{'d0': {'_a0_': 0.31226117728395375, '_a2_': -6.585188230912835, '_a3_': -0.8288302557330735, '_a4_': 38.281358407282575, '_a1_': 1.0, '_a5_': 1.0, '_a6_': 1.0, '_a7_': 1.0}};{'d0': 0.02405706481554143};-278.555921152298;61.684571348798585
39196;-77.5933892273501;((((sin(_a2_) * _a4_) * pow2(((pow2(cos((x + _a0_))) * exp(_a3_)) + _a3_))) * x) * _a3_);{'d0': {'_a0_': 0.31226117728395375, '_a2_': -6.585188230912835, '_a3_': -0.8288302557330735, '_a4_': 38.281358407282575, '_a1_': 1.0, '_a5_': 1.0, '_a6_': 1.0, '_a7_': 1.0}};{'d0': 0.02405706481554143};-278.555921152298;61.684571348798585
39197;-77.5933892273501;((((sin(_a2_) * _a4_) * pow2(((pow2(cos((x + _a0_))) * exp(_a3_)) + _a3_))) * x) * _a3_);{'d0': {'_a0_': 0.31226117728395375, '_a2_': -6.585188230912835, '_a3_': -0.8288302557330735, '_a4_': 38.281358407282575, '_a1_': 1.0, '_a5_': 1.0, '_a6_': 1.0, '_a7_': 1.0}};{'d0': 0.02405706481554143};-278.555921152298;61.684571348798585
39198;-77.5933892273501;((((sin(_a2_) * _a4_) * pow2(((pow2(cos((x + _a0_))) * exp(_a3_)) + _a3_))) * x) * _a3_);{'d0': {'_a0_': 0.31226117728395375, '_a2_': -6.585188230912835, '_a3_': -0.8288302557330735, '_a4_': 38.281358407282575, '_a1_': 1.0, '_a5_': 1.0, '_a6_': 1.0, '_a7_': 1.0}};{'d0': 0.02405706481554143};-278.555921152298;61.684571348798585
39199;-77.5933892273501;((((sin(_a2_) * _a4_) * pow2(((pow2(cos((x + _a0_))) * exp(_a3_)) + _a3_))) * x) * _a3_);{'d0': {'_a0_': 0.31226117728395375, '_a2_': -6.585188230912835, '_a3_': -0.8288302557330735, '_a4_': 38.281358407282575, '_a1_': 1.0, '_a5_': 1.0, '_a6_': 1.0, '_a7_': 1.0}};{'d0': 0.02405706481554143};-278.555921152298;61.684571348798585
39200;-77.5933892273501;((((sin(_a2_) * _a4_) * pow2(((pow2(cos((x + _a0_))) * exp(_a3_)) + _a3_))) * x) * _a3_);{'d0': {'_a0_': 0.31226117728395375, '_a2_': -6.585188230912835, '_a3_': -0.8288302557330735, '_a4_': 38.281358407282575, '_a1_': 1.0, '_a5_': 1.0, '_a6_': 1.0, '_a7_': 1.0}};{'d0': 0.02405706481554143};-278.555921152298;61.684571348798585
39201;-77.5933892273501;((((sin(_a2_) * _a4_) * pow2(((pow2(cos((x + _a0_))) * exp(_a3_)) + _a3_))) * x) * _a3_);{'d0': {'_a0_': 0.31226117728395375, '_a2_': -6.585188230912835, '_a3_': -0.8288302557330735, '_a4_': 38.281358407282575, '_a1_': 1.0, '_a5_': 1.0, '_a6_': 1.0, '_a7_': 1.0}};{'d0': 0.02405706481554143};-278.555921152298;61.684571348798585
39202;-77.5933892273501;((((sin(_a2_) * _a4_) * pow2(((pow2(cos((x + _a0_))) * exp(_a3_)) + _a3_))) * x) * _a3_);{'d0': {'_a0_': 0.31226117728395375, '_a2_': -6.585188230912835, '_a3_': -0.8288302557330735, '_a4_': 38.281358407282575, '_a1_': 1.0, '_a5_': 1.0, '_a6_': 1.0, '_a7_': 1.0}};{'d0': 0.02405706481554143};-278.555921152298;61.684571348798585
39203;-77.5933892273501;((((sin(_a2_) * _a4_) * pow2(((pow2(cos((x + _a0_))) * exp(_a3_)) + _a3_))) * x) * _a3_);{'d0': {'_a0_': 0.31226117728395375, '_a2_': -6.585188230912835, '_a3_': -0.8288302557330735, '_a4_': 38.281358407282575, '_a1_': 1.0, '_a5_': 1.0, '_a6_': 1.0, '_a7_': 1.0}};{'d0': 0.02405706481554143};-278.555921152298;61.684571348798585
39204;-103.668372249313;(((pow2((_a5_ * (x + _a1_))) * _a1_) + (_a0_ ** _a5_)) * x);{'d0': {'_a0_': 1.1187499971198003, '_a1_': 0.3119297078550116, '_a5_': 3.290196110117007, '_a2_': 1.0, '_a3_': 1.0, '_a4_': 1.0, '_a6_': 1.0, '_a7_': 1.0}};{'d0': 0.02490583291941665};-280.569866449044;36.61656097520913
39205;-103.668372249313;(((pow2((_a5_ * (x + _a1_))) * _a1_) + (_a0_ ** _a5_)) * x);{'d0': {'_a0_': 1.1187499971198003, '_a1_': 0.3119297078550116, '_a5_': 3.290196110117007, '_a2_': 1.0, '_a3_': 1.0, '_a4_': 1.0, '_a6_': 1.0, '_a7_': 1.0}};{'d0': 0.02490583291941665};-280.569866449044;36.61656097520913
39206;-103.668372249313;(((pow2((_a5_ * (x + _a1_))) * _a1_) + (_a0_ ** _a5_)) * x);{'d0': {'_a0_': 1.1187499971198003, '_a1_': 0.3119297078550116, '_a5_': 3.290196110117007, '_a2_': 1.0, '_a3_': 1.0, '_a4_': 1.0, '_a6_': 1.0, '_a7_': 1.0}};{'d0': 0.02490583291941665};-280.569866449044;36.61656097520913
39207;-103.668372249313;(((pow2((_a5_ * (x + _a1_))) * _a1_) + (_a0_ ** _a5_)) * x);{'d0': {'_a0_': 1.1187499971198003, '_a1_': 0.3119297078550116, '_a5_': 3.290196110117007, '_a2_': 1.0, '_a3_': 1.0, '_a4_': 1.0, '_a6_': 1.0, '_a7_': 1.0}};{'d0': 0.02490583291941665};-280.569866449044;36.61656097520913
39208;-103.668372249313;(((pow2((_a5_ * (x + _a1_))) * _a1_) + (_a0_ ** _a5_)) * x);{'d0': {'_a0_': 1.1187499971198003, '_a1_': 0.3119297078550116, '_a5_': 3.290196110117007, '_a2_': 1.0, '_a3_': 1.0, '_a4_': 1.0, '_a6_': 1.0, '_a7_': 1.0}};{'d0': 0.02490583291941665};-280.569866449044;36.61656097520913
39209;-103.668372249313;(((pow2((_a5_ * (x + _a1_))) * _a1_) + (_a0_ ** _a5_)) * x);{'d0': {'_a0_': 1.1187499971198003, '_a1_': 0.3119297078550116, '_a5_': 3.290196110117007, '_a2_': 1.0, '_a3_': 1.0, '_a4_': 1.0, '_a6_': 1.0, '_a7_': 1.0}};{'d0': 0.02490583291941665};-280.569866449044;36.61656097520913
39210;-103.668372249313;(((pow2((_a5_ * (x + _a1_))) * _a1_) + (_a0_ ** _a5_)) * x);{'d0': {'_a0_': 1.1187499971198003, '_a1_': 0.3119297078550116, '_a5_': 3.290196110117007, '_a2_': 1.0, '_a3_': 1.0, '_a4_': 1.0, '_a6_': 1.0, '_a7_': 1.0}};{'d0': 0.02490583291941665};-280.569866449044;36.61656097520913
39211;-103.668372249313;(((pow2((_a5_ * (x + _a1_))) * _a1_) + (_a0_ ** _a5_)) * x);{'d0': {'_a0_': 1.1187499971198003, '_a1_': 0.3119297078550116, '_a5_': 3.290196110117007, '_a2_': 1.0, '_a3_': 1.0, '_a4_': 1.0, '_a6_': 1.0, '_a7_': 1.0}};{'d0': 0.02490583291941665};-280.569866449044;36.61656097520913
39212;-103.668372249313;(((pow2((_a5_ * (x + _a1_))) * _a1_) + (_a0_ ** _a5_)) * x);{'d0': {'_a0_': 1.1187499971198003, '_a1_': 0.3119297078550116, '_a5_': 3.290196110117007, '_a2_': 1.0, '_a3_': 1.0, '_a4_': 1.0, '_a6_': 1.0, '_a7_': 1.0}};{'d0': 0.02490583291941665};-280.569866449044;36.61656097520913
39213;-103.668372249313;(((pow2((_a5_ * (x + _a1_))) * _a1_) + (_a0_ ** _a5_)) * x);{'d0': {'_a0_': 1.1187499971198003, '_a1_': 0.3119297078550116, '_a5_': 3.290196110117007, '_a2_': 1.0, '_a3_': 1.0, '_a4_': 1.0, '_a6_': 1.0, '_a7_': 1.0}};{'d0': 0.02490583291941665};-280.569866449044;36.61656097520913
39214;-103.668372249313;(((pow2((_a5_ * (x + _a1_))) * _a1_) + (_a0_ ** _a5_)) * x);{'d0': {'_a0_': 1.1187499971198003, '_a1_': 0.3119297078550116, '_a5_': 3.290196110117007, '_a2_': 1.0, '_a3_': 1.0, '_a4_': 1.0, '_a6_': 1.0, '_a7_': 1.0}};{'d0': 0.02490583291941665};-280.569866449044;36.61656097520913
39215;-105.382580669956;(((pow2((_a5_ * (x + _a1_))) * _a1_) + (_a0_ * _a5_)) * x);{'d0': {'_a0_': 0.43966257357143396, '_a1_': 0.3119297077917871, '_a5_': 3.290196110297261, '_a2_': 1.0, '_a3_': 1.0, '_a4_': 1.0, '_a6_': 1.0, '_a7_': 1.0}};{'d0': 0.024905832919416615};-280.569866449044;34.902352554566136
39216;-105.382580669956;(((pow2((_a5_ * (x + _a1_))) * _a1_) + (_a0_ * _a5_)) * x);{'d0': {'_a0_': 0.43966257357143396, '_a1_': 0.3119297077917871, '_a5_': 3.290196110297261, '_a2_': 1.0, '_a3_': 1.0, '_a4_': 1.0, '_a6_': 1.0, '_a7_': 1.0}};{'d0': 0.024905832919416615};-280.569866449044;34.902352554566136
39217;-105.382580669956;(((pow2((_a5_ * (x + _a1_))) * _a1_) + (_a0_ * _a5_)) * x);{'d0': {'_a0_': 0.43966257357143396, '_a1_': 0.3119297077917871, '_a5_': 3.290196110297261, '_a2_': 1.0, '_a3_': 1.0, '_a4_': 1.0, '_a6_': 1.0, '_a7_': 1.0}};{'d0': 0.024905832919416615};-280.569866449044;34.902352554566136
39218;-105.382580669956;(((pow2((_a5_ * (x + _a1_))) * _a1_) + (_a0_ * _a5_)) * x);{'d0': {'_a0_': 0.43966257357143396, '_a1_': 0.3119297077917871, '_a5_': 3.290196110297261, '_a2_': 1.0, '_a3_': 1.0, '_a4_': 1.0, '_a6_': 1.0, '_a7_': 1.0}};{'d0': 0.024905832919416615};-280.569866449044;34.902352554566136
39219;-105.382580669956;(((pow2((_a5_ * (x + _a1_))) * _a1_) + (_a0_ * _a5_)) * x);{'d0': {'_a0_': 0.43966257357143396, '_a1_': 0.3119297077917871, '_a5_': 3.290196110297261, '_a2_': 1.0, '_a3_': 1.0, '_a4_': 1.0, '_a6_': 1.0, '_a7_': 1.0}};{'d0': 0.024905832919416615};-280.569866449044;34.902352554566136
39220;-105.382580669956;(((pow2((_a5_ * (x + _a1_))) * _a1_) + (_a0_ * _a5_)) * x);{'d0': {'_a0_': 0.43966257357143396, '_a1_': 0.3119297077917871, '_a5_': 3.290196110297261, '_a2_': 1.0, '_a3_': 1.0, '_a4_': 1.0, '_a6_': 1.0, '_a7_': 1.0}};{'d0': 0.024905832919416615};-280.569866449044;34.902352554566136
39221;-105.382580669956;(((pow2((_a5_ * (x + _a1_))) * _a1_) + (_a0_ * _a5_)) * x);{'d0': {'_a0_': 0.43966257357143396, '_a1_': 0.3119297077917871, '_a5_': 3.290196110297261, '_a2_': 1.0, '_a3_': 1.0, '_a4_': 1.0, '_a6_': 1.0, '_a7_': 1.0}};{'d0': 0.024905832919416615};-280.569866449044;34.902352554566136
39222;-98.7190323238558;(x * (_a1_ + pow2((_a0_ * ((_a1_ * _a1_) + (x * (_a6_ ** _a0_)))))));{'d0': {'_a0_': 0.2739203676843504, '_a1_': 1.4465760913333903, '_a6_': 1041.7406954143755, '_a2_': 1.0, '_a3_': 1.0, '_a4_': 1.0, '_a5_': 1.0, '_a7_': 1.0}};{'d0': 0.02490583291941661};-280.569866449044;41.56590090066595
39223;-98.7190323238558;(x * (_a1_ + pow2((_a0_ * ((_a1_ * _a1_) + (x * (_a6_ ** _a0_)))))));{'d0': {'_a0_': 0.2739203676843504, '_a1_': 1.4465760913333903, '_a6_': 1041.7406954143755, '_a2_': 1.0, '_a3_': 1.0, '_a4_': 1.0, '_a5_': 1.0, '_a7_': 1.0}};{'d0': 0.02490583291941661};-280.569866449044;41.56590090066595
39224;-98.7190323238558;(x * (_a1_ + pow2((_a0_ * ((_a1_ * _a1_) + (x * (_a6_ ** _a0_)))))));{'d0': {'_a0_': 0.2739203676843504, '_a1_': 1.4465760913333903, '_a6_': 1041.7406954143755, '_a2_': 1.0, '_a3_': 1.0, '_a4_': 1.0, '_a5_': 1.0, '_a7_': 1.0}};{'d0': 0.02490583291941661};-280.569866449044;41.56590090066595
39225;-98.7190323238558;(x * (_a1_ + pow2((_a0_ * ((_a1_ * _a1_) + (x * (_a6_ ** _a0_)))))));{'d0': {'_a0_': 0.2739203676843504, '_a1_': 1.4465760913333903, '_a6_': 1041.7406954143755, '_a2_': 1.0, '_a3_': 1.0, '_a4_': 1.0, '_a5_': 1.0, '_a7_': 1.0}};{'d0': 0.02490583291941661};-280.569866449044;41.56590090066595
39226;-98.7190323238558;(x * (_a1_ + pow2((_a0_ * ((_a1_ * _a1_) + (x * (_a6_ ** _a0_)))))));{'d0': {'_a0_': 0.2739203676843504, '_a1_': 1.4465760913333903, '_a6_': 1041.7406954143755, '_a2_': 1.0, '_a3_': 1.0, '_a4_': 1.0, '_a5_': 1.0, '_a7_': 1.0}};{'d0': 0.02490583291941661};-280.569866449044;41.56590090066595
39227;-98.7190323238558;(x * (_a1_ + pow2((_a0_ * ((_a1_ * _a1_) + (x * (_a6_ ** _a0_)))))));{'d0': {'_a0_': 0.2739203676843504, '_a1_': 1.4465760913333903, '_a6_': 1041.7406954143755, '_a2_': 1.0, '_a3_': 1.0, '_a4_': 1.0, '_a5_': 1.0, '_a7_': 1.0}};{'d0': 0.02490583291941661};-280.569866449044;41.56590090066595
39228;-98.7190323238558;(x * (_a1_ + pow2((_a0_ * ((_a1_ * _a1_) + (x * (_a6_ ** _a0_)))))));{'d0': {'_a0_': 0.2739203676843504, '_a1_': 1.4465760913333903, '_a6_': 1041.7406954143755, '_a2_': 1.0, '_a3_': 1.0, '_a4_': 1.0, '_a5_': 1.0, '_a7_': 1.0}};{'d0': 0.02490583291941661};-280.569866449044;41.56590090066595
39229;-98.7190323238558;(x * (_a1_ + pow2((_a0_ * ((_a1_ * _a1_) + (x * (_a6_ ** _a0_)))))));{'d0': {'_a0_': 0.2739203676843504, '_a1_': 1.4465760913333903, '_a6_': 1041.7406954143755, '_a2_': 1.0, '_a3_': 1.0, '_a4_': 1.0, '_a5_': 1.0, '_a7_': 1.0}};{'d0': 0.02490583291941661};-280.569866449044;41.56590090066595
39230;-98.7190323238558;(x * (_a1_ + pow2((_a0_ * ((_a1_ * _a1_) + (x * (_a6_ ** _a0_)))))));{'d0': {'_a0_': 0.2739203676843504, '_a1_': 1.4465760913333903, '_a6_': 1041.7406954143755, '_a2_': 1.0, '_a3_': 1.0, '_a4_': 1.0, '_a5_': 1.0, '_a7_': 1.0}};{'d0': 0.02490583291941661};-280.569866449044;41.56590090066595
39231;-98.7190323238558;(x * (_a1_ + pow2((_a0_ * ((_a1_ * _a1_) + (x * (_a6_ ** _a0_)))))));{'d0': {'_a0_': 0.2739203676843504, '_a1_': 1.4465760913333903, '_a6_': 1041.7406954143755, '_a2_': 1.0, '_a3_': 1.0, '_a4_': 1.0, '_a5_': 1.0, '_a7_': 1.0}};{'d0': 0.02490583291941661};-280.569866449044;41.56590090066595
39232;-98.7190323238558;(x * (_a1_ + pow2((_a0_ * ((_a1_ * _a1_) + (x * (_a6_ ** _a0_)))))));{'d0': {'_a0_': 0.2739203676843504, '_a1_': 1.4465760913333903, '_a6_': 1041.7406954143755, '_a2_': 1.0, '_a3_': 1.0, '_a4_': 1.0, '_a5_': 1.0, '_a7_': 1.0}};{'d0': 0.02490583291941661};-280.569866449044;41.56590090066595
39233;-98.7190323238558;(x * (_a1_ + pow2((_a0_ * ((_a1_ * _a1_) + (x * (_a6_ ** _a0_)))))));{'d0': {'_a0_': 0.2739203676843504, '_a1_': 1.4465760913333903, '_a6_': 1041.7406954143755, '_a2_': 1.0, '_a3_': 1.0, '_a4_': 1.0, '_a5_': 1.0, '_a7_': 1.0}};{'d0': 0.02490583291941661};-280.569866449044;41.56590090066595
39234;-98.7190323238558;(x * (_a1_ + pow2((_a0_ * ((_a1_ * _a1_) + (x * (_a6_ ** _a0_)))))));{'d0': {'_a0_': 0.2739203676843504, '_a1_': 1.4465760913333903, '_a6_': 1041.7406954143755, '_a2_': 1.0, '_a3_': 1.0, '_a4_': 1.0, '_a5_': 1.0, '_a7_': 1.0}};{'d0': 0.02490583291941661};-280.569866449044;41.56590090066595
39235;-98.7190323238558;(x * (_a1_ + pow2((_a0_ * ((_a1_ * _a1_) + (x * (_a6_ ** _a0_)))))));{'d0': {'_a0_': 0.2739203676843504, '_a1_': 1.4465760913333903, '_a6_': 1041.7406954143755, '_a2_': 1.0, '_a3_': 1.0, '_a4_': 1.0, '_a5_': 1.0, '_a7_': 1.0}};{'d0': 0.02490583291941661};-280.569866449044;41.56590090066595
39236;-98.7190323238558;(x * (_a1_ + pow2((_a0_ * ((_a1_ * _a1_) + (x * (_a6_ ** _a0_)))))));{'d0': {'_a0_': 0.2739203676843504, '_a1_': 1.4465760913333903, '_a6_': 1041.7406954143755, '_a2_': 1.0, '_a3_': 1.0, '_a4_': 1.0, '_a5_': 1.0, '_a7_': 1.0}};{'d0': 0.02490583291941661};-280.569866449044;41.56590090066595
39237;-99.5822889035534;(x * (_a1_ + pow2((_a0_ * ((_a1_ * _a1_) + (x * (_a6_ / _a0_)))))));{'d0': {'_a0_': 0.2739203690463469, '_a1_': 1.4465760885797347, '_a6_': 1.8375964954789126, '_a2_': 1.0, '_a3_': 1.0, '_a4_': 1.0, '_a5_': 1.0, '_a7_': 1.0}};{'d0': 0.02490583291941662};-280.569866449044;40.70264432096835
39238;-99.5822889035534;(x * (_a1_ + pow2((_a0_ * ((_a1_ * _a1_) + (x * (_a6_ / _a0_)))))));{'d0': {'_a0_': 0.2739203690463469, '_a1_': 1.4465760885797347, '_a6_': 1.8375964954789126, '_a2_': 1.0, '_a3_': 1.0, '_a4_': 1.0, '_a5_': 1.0, '_a7_': 1.0}};{'d0': 0.02490583291941662};-280.569866449044;40.70264432096835
39239;-99.5822889035534;(x * (_a1_ + pow2((_a0_ * ((_a1_ * _a1_) + (x * (_a6_ / _a0_)))))));{'d0': {'_a0_': 0.2739203690463469, '_a1_': 1.4465760885797347, '_a6_': 1.8375964954789126, '_a2_': 1.0, '_a3_': 1.0, '_a4_': 1.0, '_a5_': 1.0, '_a7_': 1.0}};{'d0': 0.02490583291941662};-280.569866449044;40.70264432096835
39240;-99.5822889035534;(x * (_a1_ + pow2((_a0_ * ((_a1_ * _a1_) + (x * (_a6_ / _a0_)))))));{'d0': {'_a0_': 0.2739203690463469, '_a1_': 1.4465760885797347, '_a6_': 1.8375964954789126, '_a2_': 1.0, '_a3_': 1.0, '_a4_': 1.0, '_a5_': 1.0, '_a7_': 1.0}};{'d0': 0.02490583291941662};-280.569866449044;40.70264432096835
39241;-99.5822889035534;(x * (_a1_ + pow2((_a0_ * ((_a1_ * _a1_) + (x * (_a6_ / _a0_)))))));{'d0': {'_a0_': 0.2739203690463469, '_a1_': 1.4465760885797347, '_a6_': 1.8375964954789126, '_a2_': 1.0, '_a3_': 1.0, '_a4_': 1.0, '_a5_': 1.0, '_a7_': 1.0}};{'d0': 0.02490583291941662};-280.569866449044;40.70264432096835
39242;-99.5822889035534;(x * (_a1_ + pow2((_a0_ * ((_a1_ * _a1_) + (x * (_a6_ / _a0_)))))));{'d0': {'_a0_': 0.2739203690463469, '_a1_': 1.4465760885797347, '_a6_': 1.8375964954789126, '_a2_': 1.0, '_a3_': 1.0, '_a4_': 1.0, '_a5_': 1.0, '_a7_': 1.0}};{'d0': 0.02490583291941662};-280.569866449044;40.70264432096835
39243;-99.5822889035534;(x * (_a1_ + pow2((_a0_ * ((_a1_ * _a1_) + (x * (_a6_ / _a0_)))))));{'d0': {'_a0_': 0.2739203690463469, '_a1_': 1.4465760885797347, '_a6_': 1.8375964954789126, '_a2_': 1.0, '_a3_': 1.0, '_a4_': 1.0, '_a5_': 1.0, '_a7_': 1.0}};{'d0': 0.02490583291941662};-280.569866449044;40.70264432096835
39244;-99.5822889035534;(x * (_a1_ + pow2((_a0_ * ((_a1_ * _a1_) + (x * (_a6_ / _a0_)))))));{'d0': {'_a0_': 0.2739203690463469, '_a1_': 1.4465760885797347, '_a6_': 1.8375964954789126, '_a2_': 1.0, '_a3_': 1.0, '_a4_': 1.0, '_a5_': 1.0, '_a7_': 1.0}};{'d0': 0.02490583291941662};-280.569866449044;40.70264432096835
39245;-99.5822889035534;(x * (_a1_ + pow2((_a6_ * ((_a1_ * _a1_) + (x * (_a6_ / _a0_)))))));{'d0': {'_a0_': 0.04083179777626987, '_a1_': 1.446576088986416, '_a6_': 0.2739203688809109, '_a2_': 1.0, '_a3_': 1.0, '_a4_': 1.0, '_a5_': 1.0, '_a7_': 1.0}};{'d0': 0.024905832919416625};-280.569866449044;40.70264432096835
39246;-98.7654714873425;(((pow2((_a5_ * (x + _a1_))) * _a1_) + (sin(_a0_) * _a5_)) * x);{'d0': {'_a0_': 0.45522295345883734, '_a1_': 0.3119297077137832, '_a5_': 3.290196111304639, '_a2_': 1.0, '_a3_': 1.0, '_a4_': 1.0, '_a6_': 1.0, '_a7_': 1.0}};{'d0': 0.02490583291941672};-280.569866449043;41.51946173717965
39247;-98.7654714873425;(((pow2((_a5_ * (x + _a1_))) * _a1_) + (sin(_a0_) * _a5_)) * x);{'d0': {'_a0_': 0.45522295345883734, '_a1_': 0.3119297077137832, '_a5_': 3.290196111304639, '_a2_': 1.0, '_a3_': 1.0, '_a4_': 1.0, '_a6_': 1.0, '_a7_': 1.0}};{'d0': 0.02490583291941672};-280.569866449043;41.51946173717965
39248;-98.7654714873425;(((pow2((_a5_ * (x + _a1_))) * _a1_) + (sin(_a0_) * _a5_)) * x);{'d0': {'_a0_': 0.45522295345883734, '_a1_': 0.3119297077137832, '_a5_': 3.290196111304639, '_a2_': 1.0, '_a3_': 1.0, '_a4_': 1.0, '_a6_': 1.0, '_a7_': 1.0}};{'d0': 0.02490583291941672};-280.569866449043;41.51946173717965
39249;-98.7654714873425;(((pow2((_a5_ * (x + _a1_))) * _a1_) + (sin(_a0_) * _a5_)) * x);{'d0': {'_a0_': 0.45522295345883734, '_a1_': 0.3119297077137832, '_a5_': 3.290196111304639, '_a2_': 1.0, '_a3_': 1.0, '_a4_': 1.0, '_a6_': 1.0, '_a7_': 1.0}};{'d0': 0.02490583291941672};-280.569866449043;41.51946173717965
39250;-98.7654714873425;(((pow2((_a5_ * (x + _a1_))) * _a1_) + (sin(_a0_) * _a5_)) * x);{'d0': {'_a0_': 0.45522295345883734, '_a1_': 0.3119297077137832, '_a5_': 3.290196111304639, '_a2_': 1.0, '_a3_': 1.0, '_a4_': 1.0, '_a6_': 1.0, '_a7_': 1.0}};{'d0': 0.02490583291941672};-280.569866449043;41.51946173717965
39251;-99.1655606943503;(x * (_a1_ + pow2((_a6_ * (exp(_a6_) + (x * (_a6_ / _a0_)))))));{'d0': {'_a0_': 0.08218813091747176, '_a1_': 1.446576089203511, '_a6_': 0.38862401019198606, '_a2_': 1.0, '_a3_': 1.0, '_a4_': 1.0, '_a5_': 1.0, '_a7_': 1.0}};{'d0': 0.024905832919416636};-280.569866449044;41.11937253017135
39252;-95.4856135340900;(x * (_a1_ + pow2((_a6_ * (exp(-(_a1_)) + (x * (_a6_ / _a0_)))))));{'d0': {'_a0_': 3.2273320889854036, '_a1_': 1.4465760885423464, '_a6_': 2.4352688015739847, '_a2_': 1.0, '_a3_': 1.0, '_a4_': 1.0, '_a5_': 1.0, '_a7_': 1.0}};{'d0': 0.024905832919416622};-280.569866449044;44.79931969043174
39253;-95.4856135340900;(x * (_a1_ + pow2((_a6_ * (exp(-(_a1_)) + (x * (_a6_ / _a0_)))))));{'d0': {'_a0_': 3.2273320889854036, '_a1_': 1.4465760885423464, '_a6_': 2.4352688015739847, '_a2_': 1.0, '_a3_': 1.0, '_a4_': 1.0, '_a5_': 1.0, '_a7_': 1.0}};{'d0': 0.024905832919416622};-280.569866449044;44.79931969043174
39254;-95.4856135340900;(x * (_a1_ + pow2((_a6_ * (exp(-(_a1_)) + (x * (_a6_ / _a0_)))))));{'d0': {'_a0_': 3.2273320889854036, '_a1_': 1.4465760885423464, '_a6_': 2.4352688015739847, '_a2_': 1.0, '_a3_': 1.0, '_a4_': 1.0, '_a5_': 1.0, '_a7_': 1.0}};{'d0': 0.024905832919416622};-280.569866449044;44.79931969043174
39255;-95.4856135340900;(x * (_a1_ + pow2((_a6_ * (exp(-(_a1_)) + (x * (_a6_ / _a0_)))))));{'d0': {'_a0_': 3.2273320889854036, '_a1_': 1.4465760885423464, '_a6_': 2.4352688015739847, '_a2_': 1.0, '_a3_': 1.0, '_a4_': 1.0, '_a5_': 1.0, '_a7_': 1.0}};{'d0': 0.024905832919416622};-280.569866449044;44.79931969043174
39256;-95.4856135340900;(x * (_a1_ + pow2((_a6_ * (exp(-(_a1_)) + (x * (_a6_ / _a0_)))))));{'d0': {'_a0_': 3.2273320889854036, '_a1_': 1.4465760885423464, '_a6_': 2.4352688015739847, '_a2_': 1.0, '_a3_': 1.0, '_a4_': 1.0, '_a5_': 1.0, '_a7_': 1.0}};{'d0': 0.024905832919416622};-280.569866449044;44.79931969043174
39257;-95.4856135340900;(x * (_a1_ + pow2((_a6_ * (exp(-(_a1_)) + (x * (_a6_ / _a0_)))))));{'d0': {'_a0_': 3.2273320889854036, '_a1_': 1.4465760885423464, '_a6_': 2.4352688015739847, '_a2_': 1.0, '_a3_': 1.0, '_a4_': 1.0, '_a5_': 1.0, '_a7_': 1.0}};{'d0': 0.024905832919416622};-280.569866449044;44.79931969043174
39258;-95.4856135340900;(x * (_a1_ + pow2((_a6_ * (exp(-(_a1_)) + (x * (_a6_ / _a0_)))))));{'d0': {'_a0_': 3.2273320889854036, '_a1_': 1.4465760885423464, '_a6_': 2.4352688015739847, '_a2_': 1.0, '_a3_': 1.0, '_a4_': 1.0, '_a5_': 1.0, '_a7_': 1.0}};{'d0': 0.024905832919416622};-280.569866449044;44.79931969043174
39259;-95.9460422899723;(x * (_a1_ + pow2((_a6_ * (exp(-(_a1_)) + (x * sqrt(_a7_)))))));{'d0': {'_a1_': 1.4465760908952852, '_a6_': 2.435268808466926, '_a7_': 0.569385620051699, '_a0_': 1.0, '_a2_': 1.0, '_a3_': 1.0, '_a4_': 1.0, '_a5_': 1.0}};{'d0': 0.02490583291941665};-280.569866449044;44.33889093454934
39260;-95.9460422899723;(x * (_a1_ + pow2((_a6_ * (exp(-(_a1_)) + (x * sqrt(_a7_)))))));{'d0': {'_a1_': 1.4465760908952852, '_a6_': 2.435268808466926, '_a7_': 0.569385620051699, '_a0_': 1.0, '_a2_': 1.0, '_a3_': 1.0, '_a4_': 1.0, '_a5_': 1.0}};{'d0': 0.02490583291941665};-280.569866449044;44.33889093454934
39261;-95.9460422899723;(x * (_a1_ + pow2((_a6_ * (exp(-(_a1_)) + (x * sqrt(_a7_)))))));{'d0': {'_a1_': 1.4465760908952852, '_a6_': 2.435268808466926, '_a7_': 0.569385620051699, '_a0_': 1.0, '_a2_': 1.0, '_a3_': 1.0, '_a4_': 1.0, '_a5_': 1.0}};{'d0': 0.02490583291941665};-280.569866449044;44.33889093454934
39262;-95.9460422899723;(x * (_a1_ + pow2((_a6_ * (exp(-(_a1_)) + (x * sqrt(_a7_)))))));{'d0': {'_a1_': 1.4465760908952852, '_a6_': 2.435268808466926, '_a7_': 0.569385620051699, '_a0_': 1.0, '_a2_': 1.0, '_a3_': 1.0, '_a4_': 1.0, '_a5_': 1.0}};{'d0': 0.02490583291941665};-280.569866449044;44.33889093454934
39263;-95.9460422899723;(x * (_a1_ + pow2((_a6_ * (exp(-(_a1_)) + (x * sqrt(_a7_)))))));{'d0': {'_a1_': 1.4465760908952852, '_a6_': 2.435268808466926, '_a7_': 0.569385620051699, '_a0_': 1.0, '_a2_': 1.0, '_a3_': 1.0, '_a4_': 1.0, '_a5_': 1.0}};{'d0': 0.02490583291941665};-280.569866449044;44.33889093454934
39264;-95.9460422899723;(x * (_a1_ + pow2((_a6_ * (exp(-(_a1_)) + (x * sqrt(_a7_)))))));{'d0': {'_a1_': 1.4465760908952852, '_a6_': 2.435268808466926, '_a7_': 0.569385620051699, '_a0_': 1.0, '_a2_': 1.0, '_a3_': 1.0, '_a4_': 1.0, '_a5_': 1.0}};{'d0': 0.02490583291941665};-280.569866449044;44.33889093454934
39265;-95.9460422899723;(x * (_a1_ + pow2((_a6_ * (exp(-(_a1_)) + (x * sqrt(_a7_)))))));{'d0': {'_a1_': 1.4465760908952852, '_a6_': 2.435268808466926, '_a7_': 0.569385620051699, '_a0_': 1.0, '_a2_': 1.0, '_a3_': 1.0, '_a4_': 1.0, '_a5_': 1.0}};{'d0': 0.02490583291941665};-280.569866449044;44.33889093454934
39266;-95.9460422899723;(x * (_a1_ + pow2((_a6_ * (exp(-(_a1_)) + (x * sqrt(_a7_)))))));{'d0': {'_a1_': 1.4465760908952852, '_a6_': 2.435268808466926, '_a7_': 0.569385620051699, '_a0_': 1.0, '_a2_': 1.0, '_a3_': 1.0, '_a4_': 1.0, '_a5_': 1.0}};{'d0': 0.02490583291941665};-280.569866449044;44.33889093454934
39267;-95.9460422899723;(x * (_a1_ + pow2((_a6_ * (exp(-(_a1_)) + (x * sqrt(_a7_)))))));{'d0': {'_a1_': 1.4465760908952852, '_a6_': 2.435268808466926, '_a7_': 0.569385620051699, '_a0_': 1.0, '_a2_': 1.0, '_a3_': 1.0, '_a4_': 1.0, '_a5_': 1.0}};{'d0': 0.02490583291941665};-280.569866449044;44.33889093454934
39268;-95.9460422899723;(x * (_a1_ + pow2((_a6_ * (exp(-(_a1_)) + (x * sqrt(_a7_)))))));{'d0': {'_a1_': 1.4465760908952852, '_a6_': 2.435268808466926, '_a7_': 0.569385620051699, '_a0_': 1.0, '_a2_': 1.0, '_a3_': 1.0, '_a4_': 1.0, '_a5_': 1.0}};{'d0': 0.02490583291941665};-280.569866449044;44.33889093454934
39269;-95.9460422899723;(x * (_a1_ + pow2((_a6_ * (exp(-(_a1_)) + (x * sqrt(_a7_)))))));{'d0': {'_a1_': 1.4465760908952852, '_a6_': 2.435268808466926, '_a7_': 0.569385620051699, '_a0_': 1.0, '_a2_': 1.0, '_a3_': 1.0, '_a4_': 1.0, '_a5_': 1.0}};{'d0': 0.02490583291941665};-280.569866449044;44.33889093454934
39270;-100.731372386122;(x + -((x * (_a3_ * (pow2(x) + (_a2_ + (x * _a6_)))))));{'d0': {'_a2_': 0.22954998401421609, '_a3_': -3.376760881024325, '_a6_': 0.6238594161364128, '_a0_': 1.0, '_a1_': 1.0, '_a4_': 1.0, '_a5_': 1.0, '_a7_': 1.0}};{'d0': 0.024905832919416605};-280.569866449044;39.55356083839935
39271;-100.731372386122;(x + -((x * (_a3_ * (pow2(x) + (_a2_ + (x * _a6_)))))));{'d0': {'_a2_': 0.22954998401421609, '_a3_': -3.376760881024325, '_a6_': 0.6238594161364128, '_a0_': 1.0, '_a1_': 1.0, '_a4_': 1.0, '_a5_': 1.0, '_a7_': 1.0}};{'d0': 0.024905832919416605};-280.569866449044;39.55356083839935
39272;-100.731372386122;(x + -((x * (_a3_ * (pow2(x) + (_a2_ + (x * _a6_)))))));{'d0': {'_a2_': 0.22954998401421609, '_a3_': -3.376760881024325, '_a6_': 0.6238594161364128, '_a0_': 1.0, '_a1_': 1.0, '_a4_': 1.0, '_a5_': 1.0, '_a7_': 1.0}};{'d0': 0.024905832919416605};-280.569866449044;39.55356083839935
39273;-100.731372386122;(x + -((x * (_a3_ * (pow2(x) + (_a2_ + (x * _a6_)))))));{'d0': {'_a2_': 0.22954998401421609, '_a3_': -3.376760881024325, '_a6_': 0.6238594161364128, '_a0_': 1.0, '_a1_': 1.0, '_a4_': 1.0, '_a5_': 1.0, '_a7_': 1.0}};{'d0': 0.024905832919416605};-280.569866449044;39.55356083839935
39274;-100.731372386122;(x + -((x * (_a3_ * (pow2(x) + (_a2_ + (x * _a6_)))))));{'d0': {'_a2_': 0.22954998401421609, '_a3_': -3.376760881024325, '_a6_': 0.6238594161364128, '_a0_': 1.0, '_a1_': 1.0, '_a4_': 1.0, '_a5_': 1.0, '_a7_': 1.0}};{'d0': 0.024905832919416605};-280.569866449044;39.55356083839935
39275;-100.731372386122;(x + -((x * (_a3_ * (pow2(x) + (_a2_ + (x * _a6_)))))));{'d0': {'_a2_': 0.22954998401421609, '_a3_': -3.376760881024325, '_a6_': 0.6238594161364128, '_a0_': 1.0, '_a1_': 1.0, '_a4_': 1.0, '_a5_': 1.0, '_a7_': 1.0}};{'d0': 0.024905832919416605};-280.569866449044;39.55356083839935
39276;-100.731372386122;(x + -((x * (_a3_ * (pow2(x) + (_a2_ + (x * _a6_)))))));{'d0': {'_a2_': 0.22954998401421609, '_a3_': -3.376760881024325, '_a6_': 0.6238594161364128, '_a0_': 1.0, '_a1_': 1.0, '_a4_': 1.0, '_a5_': 1.0, '_a7_': 1.0}};{'d0': 0.024905832919416605};-280.569866449044;39.55356083839935
39277;-100.731372386122;(x + -((x * (_a3_ * (pow2(x) + (_a2_ + (x * _a6_)))))));{'d0': {'_a2_': 0.22954998401421609, '_a3_': -3.376760881024325, '_a6_': 0.6238594161364128, '_a0_': 1.0, '_a1_': 1.0, '_a4_': 1.0, '_a5_': 1.0, '_a7_': 1.0}};{'d0': 0.024905832919416605};-280.569866449044;39.55356083839935
39278;-100.731372386122;(x + -((x * (_a3_ * (pow2(x) + (_a2_ + (x * _a6_)))))));{'d0': {'_a2_': 0.22954998401421609, '_a3_': -3.376760881024325, '_a6_': 0.6238594161364128, '_a0_': 1.0, '_a1_': 1.0, '_a4_': 1.0, '_a5_': 1.0, '_a7_': 1.0}};{'d0': 0.024905832919416605};-280.569866449044;39.55356083839935
39279;-100.731372386122;(x + -((x * (_a3_ * (pow2(x) + (_a2_ + (x * _a6_)))))));{'d0': {'_a2_': 0.22954998401421609, '_a3_': -3.376760881024325, '_a6_': 0.6238594161364128, '_a0_': 1.0, '_a1_': 1.0, '_a4_': 1.0, '_a5_': 1.0, '_a7_': 1.0}};{'d0': 0.024905832919416605};-280.569866449044;39.55356083839935
39280;-100.731372386122;(x + -((x * (_a3_ * (pow2(x) + (_a2_ + (x * _a6_)))))));{'d0': {'_a2_': 0.22954998401421609, '_a3_': -3.376760881024325, '_a6_': 0.6238594161364128, '_a0_': 1.0, '_a1_': 1.0, '_a4_': 1.0, '_a5_': 1.0, '_a7_': 1.0}};{'d0': 0.024905832919416605};-280.569866449044;39.55356083839935
39281;-100.731372386122;(x + -((x * (_a3_ * (pow2(x) + (_a2_ + (x * _a6_)))))));{'d0': {'_a2_': 0.22954998401421609, '_a3_': -3.376760881024325, '_a6_': 0.6238594161364128, '_a0_': 1.0, '_a1_': 1.0, '_a4_': 1.0, '_a5_': 1.0, '_a7_': 1.0}};{'d0': 0.024905832919416605};-280.569866449044;39.55356083839935
39282;-100.731372386122;(x + -((x * (_a3_ * (pow2(x) + (_a2_ + (x * _a6_)))))));{'d0': {'_a2_': 0.22954998401421609, '_a3_': -3.376760881024325, '_a6_': 0.6238594161364128, '_a0_': 1.0, '_a1_': 1.0, '_a4_': 1.0, '_a5_': 1.0, '_a7_': 1.0}};{'d0': 0.024905832919416605};-280.569866449044;39.55356083839935
39283;-100.731372386122;(x + -((x * (_a3_ * (pow2(x) + (_a2_ + (x * _a6_)))))));{'d0': {'_a2_': 0.22954998401421609, '_a3_': -3.376760881024325, '_a6_': 0.6238594161364128, '_a0_': 1.0, '_a1_': 1.0, '_a4_': 1.0, '_a5_': 1.0, '_a7_': 1.0}};{'d0': 0.024905832919416605};-280.569866449044;39.55356083839935
39284;-100.731372386122;(x + -((x * (_a3_ * (pow2(x) + (_a2_ + (x * _a6_)))))));{'d0': {'_a2_': 0.22954998401421609, '_a3_': -3.376760881024325, '_a6_': 0.6238594161364128, '_a0_': 1.0, '_a1_': 1.0, '_a4_': 1.0, '_a5_': 1.0, '_a7_': 1.0}};{'d0': 0.024905832919416605};-280.569866449044;39.55356083839935
39285;-100.731372386122;(x + -((x * (_a3_ * (pow2(x) + (_a2_ + (x * _a6_)))))));{'d0': {'_a2_': 0.22954998401421609, '_a3_': -3.376760881024325, '_a6_': 0.6238594161364128, '_a0_': 1.0, '_a1_': 1.0, '_a4_': 1.0, '_a5_': 1.0, '_a7_': 1.0}};{'d0': 0.024905832919416605};-280.569866449044;39.55356083839935
39286;-100.731372386122;(x + -((x * (_a3_ * (pow2(x) + (_a2_ + (x * _a6_)))))));{'d0': {'_a2_': 0.22954998401421609, '_a3_': -3.376760881024325, '_a6_': 0.6238594161364128, '_a0_': 1.0, '_a1_': 1.0, '_a4_': 1.0, '_a5_': 1.0, '_a7_': 1.0}};{'d0': 0.024905832919416605};-280.569866449044;39.55356083839935
39287;-100.731372386122;(x + -((x * (_a3_ * (pow2(x) + (_a2_ + (x * _a6_)))))));{'d0': {'_a2_': 0.22954998401421609, '_a3_': -3.376760881024325, '_a6_': 0.6238594161364128, '_a0_': 1.0, '_a1_': 1.0, '_a4_': 1.0, '_a5_': 1.0, '_a7_': 1.0}};{'d0': 0.024905832919416605};-280.569866449044;39.55356083839935
39288;-100.731372386122;(x + -((x * (_a3_ * (pow2(x) + (_a2_ + (x * _a6_)))))));{'d0': {'_a2_': 0.22954998401421609, '_a3_': -3.376760881024325, '_a6_': 0.6238594161364128, '_a0_': 1.0, '_a1_': 1.0, '_a4_': 1.0, '_a5_': 1.0, '_a7_': 1.0}};{'d0': 0.024905832919416605};-280.569866449044;39.55356083839935
39289;-100.731372386122;(x + -((x * (_a3_ * (pow2(x) + (_a2_ + (x * _a6_)))))));{'d0': {'_a2_': 0.22954998401421609, '_a3_': -3.376760881024325, '_a6_': 0.6238594161364128, '_a0_': 1.0, '_a1_': 1.0, '_a4_': 1.0, '_a5_': 1.0, '_a7_': 1.0}};{'d0': 0.024905832919416605};-280.569866449044;39.55356083839935
39290;-100.731372386122;(x + -((x * (_a3_ * (pow2(x) + (_a2_ + (x * _a6_)))))));{'d0': {'_a2_': 0.22954998401421609, '_a3_': -3.376760881024325, '_a6_': 0.6238594161364128, '_a0_': 1.0, '_a1_': 1.0, '_a4_': 1.0, '_a5_': 1.0, '_a7_': 1.0}};{'d0': 0.024905832919416605};-280.569866449044;39.55356083839935
39291;-100.731372386122;(x + -((x * (_a3_ * (pow2(x) + (_a2_ + (x * _a6_)))))));{'d0': {'_a2_': 0.22954998401421609, '_a3_': -3.376760881024325, '_a6_': 0.6238594161364128, '_a0_': 1.0, '_a1_': 1.0, '_a4_': 1.0, '_a5_': 1.0, '_a7_': 1.0}};{'d0': 0.024905832919416605};-280.569866449044;39.55356083839935
39292;-100.731372386122;(x + -((x * (_a3_ * (pow2(x) + (_a2_ + (x * _a6_)))))));{'d0': {'_a2_': 0.22954998401421609, '_a3_': -3.376760881024325, '_a6_': 0.6238594161364128, '_a0_': 1.0, '_a1_': 1.0, '_a4_': 1.0, '_a5_': 1.0, '_a7_': 1.0}};{'d0': 0.024905832919416605};-280.569866449044;39.55356083839935
39293;-100.731372386122;(x + -((x * (_a3_ * (pow2(x) + (_a2_ + (x * _a6_)))))));{'d0': {'_a2_': 0.22954998401421609, '_a3_': -3.376760881024325, '_a6_': 0.6238594161364128, '_a0_': 1.0, '_a1_': 1.0, '_a4_': 1.0, '_a5_': 1.0, '_a7_': 1.0}};{'d0': 0.024905832919416605};-280.569866449044;39.55356083839935
39294;-100.731372386122;(x + -((x * (_a3_ * (pow2(x) + (_a2_ + (x * _a6_)))))));{'d0': {'_a2_': 0.22954998401421609, '_a3_': -3.376760881024325, '_a6_': 0.6238594161364128, '_a0_': 1.0, '_a1_': 1.0, '_a4_': 1.0, '_a5_': 1.0, '_a7_': 1.0}};{'d0': 0.024905832919416605};-280.569866449044;39.55356083839935
39295;-100.731372386122;(x + -((x * (_a3_ * (pow2(x) + (_a2_ + (x * _a6_)))))));{'d0': {'_a2_': 0.22954998401421609, '_a3_': -3.376760881024325, '_a6_': 0.6238594161364128, '_a0_': 1.0, '_a1_': 1.0, '_a4_': 1.0, '_a5_': 1.0, '_a7_': 1.0}};{'d0': 0.024905832919416605};-280.569866449044;39.55356083839935
39296;-100.731372386122;(x + -((x * (_a3_ * (pow2(x) + (_a2_ + (x * _a6_)))))));{'d0': {'_a2_': 0.22954998401421609, '_a3_': -3.376760881024325, '_a6_': 0.6238594161364128, '_a0_': 1.0, '_a1_': 1.0, '_a4_': 1.0, '_a5_': 1.0, '_a7_': 1.0}};{'d0': 0.024905832919416605};-280.569866449044;39.55356083839935
39297;-100.731372386122;(x + -((x * (_a3_ * (pow2(x) + (_a2_ + (x * _a6_)))))));{'d0': {'_a2_': 0.22954998401421609, '_a3_': -3.376760881024325, '_a6_': 0.6238594161364128, '_a0_': 1.0, '_a1_': 1.0, '_a4_': 1.0, '_a5_': 1.0, '_a7_': 1.0}};{'d0': 0.024905832919416605};-280.569866449044;39.55356083839935
39298;-100.731372386122;(x + -((x * (_a3_ * (pow2(x) + (_a2_ + (x * _a6_)))))));{'d0': {'_a2_': 0.22954998401421609, '_a3_': -3.376760881024325, '_a6_': 0.6238594161364128, '_a0_': 1.0, '_a1_': 1.0, '_a4_': 1.0, '_a5_': 1.0, '_a7_': 1.0}};{'d0': 0.024905832919416605};-280.569866449044;39.55356083839935
39299;-100.731372386122;(x + -((x * (_a3_ * (pow2(x) + (_a2_ + (x * _a6_)))))));{'d0': {'_a2_': 0.22954998401421609, '_a3_': -3.376760881024325, '_a6_': 0.6238594161364128, '_a0_': 1.0, '_a1_': 1.0, '_a4_': 1.0, '_a5_': 1.0, '_a7_': 1.0}};{'d0': 0.024905832919416605};-280.569866449044;39.55356083839935
39300;-94.5198597388968;((_a2_ + (x * ((_a6_ * _a7_) + ((pow3(_a7_) * x) + _a5_)))) * x);{'d0': {'_a2_': 1.7751354040932308, '_a5_': -1187.293044675835, '_a6_': 792.7952587896509, '_a7_': 1.5002608259670958, '_a0_': 1.0, '_a1_': 1.0, '_a3_': 1.0, '_a4_': 1.0}};{'d0': 0.02490583292864687};-276.475521864585;43.717901193396074
39301;-100.731372386122;(x + -((x * (_a3_ * (pow2(x) + (_a2_ + (x * _a6_)))))));{'d0': {'_a2_': 0.22954998401421609, '_a3_': -3.376760881024325, '_a6_': 0.6238594161364128, '_a0_': 1.0, '_a1_': 1.0, '_a4_': 1.0, '_a5_': 1.0, '_a7_': 1.0}};{'d0': 0.024905832919416605};-280.569866449044;39.55356083839935
39302;-100.731372386122;(x + -((x * (_a3_ * (pow2(x) + (_a2_ + (x * _a6_)))))));{'d0': {'_a2_': 0.22954998401421609, '_a3_': -3.376760881024325, '_a6_': 0.6238594161364128, '_a0_': 1.0, '_a1_': 1.0, '_a4_': 1.0, '_a5_': 1.0, '_a7_': 1.0}};{'d0': 0.024905832919416605};-280.569866449044;39.55356083839935
39303;-100.731372386122;(x + -((x * (_a3_ * (pow2(x) + (_a2_ + (x * _a6_)))))));{'d0': {'_a2_': 0.22954998401421609, '_a3_': -3.376760881024325, '_a6_': 0.6238594161364128, '_a0_': 1.0, '_a1_': 1.0, '_a4_': 1.0, '_a5_': 1.0, '_a7_': 1.0}};{'d0': 0.024905832919416605};-280.569866449044;39.55356083839935
39304;-100.731372386122;(x + -((x * (_a3_ * (pow2(x) + (_a2_ + (x * _a6_)))))));{'d0': {'_a2_': 0.22954998401421609, '_a3_': -3.376760881024325, '_a6_': 0.6238594161364128, '_a0_': 1.0, '_a1_': 1.0, '_a4_': 1.0, '_a5_': 1.0, '_a7_': 1.0}};{'d0': 0.024905832919416605};-280.569866449044;39.55356083839935
39305;-100.731372386122;(x + -((x * (_a3_ * (pow2(x) + (_a2_ + (x * _a6_)))))));{'d0': {'_a2_': 0.22954998401421609, '_a3_': -3.376760881024325, '_a6_': 0.6238594161364128, '_a0_': 1.0, '_a1_': 1.0, '_a4_': 1.0, '_a5_': 1.0, '_a7_': 1.0}};{'d0': 0.024905832919416605};-280.569866449044;39.55356083839935
39306;-100.731372386122;(x + -((x * (_a3_ * (pow2(x) + (_a2_ + (x * _a6_)))))));{'d0': {'_a2_': 0.22954998401421609, '_a3_': -3.376760881024325, '_a6_': 0.6238594161364128, '_a0_': 1.0, '_a1_': 1.0, '_a4_': 1.0, '_a5_': 1.0, '_a7_': 1.0}};{'d0': 0.024905832919416605};-280.569866449044;39.55356083839935
39307;-100.731372386122;(x + -((x * (_a3_ * (pow2(x) + (_a2_ + (x * _a6_)))))));{'d0': {'_a2_': 0.22954998401421609, '_a3_': -3.376760881024325, '_a6_': 0.6238594161364128, '_a0_': 1.0, '_a1_': 1.0, '_a4_': 1.0, '_a5_': 1.0, '_a7_': 1.0}};{'d0': 0.024905832919416605};-280.569866449044;39.55356083839935
39308;-100.731372386122;(x + -((x * (_a3_ * (pow2(x) + (_a2_ + (x * _a6_)))))));{'d0': {'_a2_': 0.22954998401421609, '_a3_': -3.376760881024325, '_a6_': 0.6238594161364128, '_a0_': 1.0, '_a1_': 1.0, '_a4_': 1.0, '_a5_': 1.0, '_a7_': 1.0}};{'d0': 0.024905832919416605};-280.569866449044;39.55356083839935
39309;-100.731372386122;(x + -((x * (_a3_ * (pow2(x) + (_a2_ + (x * _a6_)))))));{'d0': {'_a2_': 0.22954998401421609, '_a3_': -3.376760881024325, '_a6_': 0.6238594161364128, '_a0_': 1.0, '_a1_': 1.0, '_a4_': 1.0, '_a5_': 1.0, '_a7_': 1.0}};{'d0': 0.024905832919416605};-280.569866449044;39.55356083839935
39310;-100.731372386122;(x + -((x * (_a3_ * (pow2(x) + (_a2_ + (x * _a6_)))))));{'d0': {'_a2_': 0.22954998401421609, '_a3_': -3.376760881024325, '_a6_': 0.6238594161364128, '_a0_': 1.0, '_a1_': 1.0, '_a4_': 1.0, '_a5_': 1.0, '_a7_': 1.0}};{'d0': 0.024905832919416605};-280.569866449044;39.55356083839935
39311;-100.731372386122;(x + -((x * (_a3_ * (pow2(x) + (_a2_ + (x * _a6_)))))));{'d0': {'_a2_': 0.22954998401421609, '_a3_': -3.376760881024325, '_a6_': 0.6238594161364128, '_a0_': 1.0, '_a1_': 1.0, '_a4_': 1.0, '_a5_': 1.0, '_a7_': 1.0}};{'d0': 0.024905832919416605};-280.569866449044;39.55356083839935
39312;-100.731372386122;(x + -((x * (_a3_ * (pow2(x) + (_a2_ + (x * _a6_)))))));{'d0': {'_a2_': 0.22954998401421609, '_a3_': -3.376760881024325, '_a6_': 0.6238594161364128, '_a0_': 1.0, '_a1_': 1.0, '_a4_': 1.0, '_a5_': 1.0, '_a7_': 1.0}};{'d0': 0.024905832919416605};-280.569866449044;39.55356083839935
39313;-100.731372386122;(x + -((x * (_a3_ * (pow2(x) + (_a2_ + (x * _a6_)))))));{'d0': {'_a2_': 0.22954998401421609, '_a3_': -3.376760881024325, '_a6_': 0.6238594161364128, '_a0_': 1.0, '_a1_': 1.0, '_a4_': 1.0, '_a5_': 1.0, '_a7_': 1.0}};{'d0': 0.024905832919416605};-280.569866449044;39.55356083839935
39314;-92.0661106757062;(((pow2(((_a5_ + _a5_) * (x + _a1_))) * pow2(_a2_)) + (pow2(_a5_) * _a5_)) * x);{'d0': {'_a1_': 0.31192970773053436, '_a2_': -0.8124058912147082, '_a5_': 1.1309596070331784, '_a0_': 1.0, '_a3_': 1.0, '_a4_': 1.0, '_a6_': 1.0, '_a7_': 1.0}};{'d0': 0.024905832919416577};-280.569866449044;48.21882254881613
39315;-92.0661106757062;(((pow2(((_a5_ + _a5_) * (x + _a1_))) * pow2(_a2_)) + (pow2(_a5_) * _a5_)) * x);{'d0': {'_a1_': 0.31192970773053436, '_a2_': -0.8124058912147082, '_a5_': 1.1309596070331784, '_a0_': 1.0, '_a3_': 1.0, '_a4_': 1.0, '_a6_': 1.0, '_a7_': 1.0}};{'d0': 0.024905832919416577};-280.569866449044;48.21882254881613
39316;-92.0661106757062;(((pow2(((_a5_ + _a5_) * (x + _a1_))) * pow2(_a2_)) + (pow2(_a5_) * _a5_)) * x);{'d0': {'_a1_': 0.31192970773053436, '_a2_': -0.8124058912147082, '_a5_': 1.1309596070331784, '_a0_': 1.0, '_a3_': 1.0, '_a4_': 1.0, '_a6_': 1.0, '_a7_': 1.0}};{'d0': 0.024905832919416577};-280.569866449044;48.21882254881613
39317;-92.0661106757062;(((pow2(((_a5_ + _a5_) * (x + _a1_))) * pow2(_a2_)) + (pow2(_a5_) * _a5_)) * x);{'d0': {'_a1_': 0.31192970773053436, '_a2_': -0.8124058912147082, '_a5_': 1.1309596070331784, '_a0_': 1.0, '_a3_': 1.0, '_a4_': 1.0, '_a6_': 1.0, '_a7_': 1.0}};{'d0': 0.024905832919416577};-280.569866449044;48.21882254881613
39318;-92.0661106757062;(((pow2(((_a5_ + _a5_) * (x + _a1_))) * pow2(_a2_)) + (pow2(_a5_) * _a5_)) * x);{'d0': {'_a1_': 0.31192970773053436, '_a2_': -0.8124058912147082, '_a5_': 1.1309596070331784, '_a0_': 1.0, '_a3_': 1.0, '_a4_': 1.0, '_a6_': 1.0, '_a7_': 1.0}};{'d0': 0.024905832919416577};-280.569866449044;48.21882254881613
39319;-92.0661106757062;(((pow2(((_a5_ + _a5_) * (x + _a1_))) * pow2(_a2_)) + (pow2(_a5_) * _a5_)) * x);{'d0': {'_a1_': 0.31192970773053436, '_a2_': -0.8124058912147082, '_a5_': 1.1309596070331784, '_a0_': 1.0, '_a3_': 1.0, '_a4_': 1.0, '_a6_': 1.0, '_a7_': 1.0}};{'d0': 0.024905832919416577};-280.569866449044;48.21882254881613
39320;-92.0661106757062;(((pow2(((_a5_ + _a5_) * (x + _a1_))) * pow2(_a2_)) + (pow2(_a5_) * _a5_)) * x);{'d0': {'_a1_': 0.31192970773053436, '_a2_': -0.8124058912147082, '_a5_': 1.1309596070331784, '_a0_': 1.0, '_a3_': 1.0, '_a4_': 1.0, '_a6_': 1.0, '_a7_': 1.0}};{'d0': 0.024905832919416577};-280.569866449044;48.21882254881613
39321;-100.731372386122;(x + -((x * (_a3_ * (pow2(x) + (_a2_ + (x * _a6_)))))));{'d0': {'_a2_': 0.22954998401421609, '_a3_': -3.376760881024325, '_a6_': 0.6238594161364128, '_a0_': 1.0, '_a1_': 1.0, '_a4_': 1.0, '_a5_': 1.0, '_a7_': 1.0}};{'d0': 0.024905832919416605};-280.569866449044;39.55356083839935
39322;-100.731372386122;(x + -((x * (_a3_ * (pow2(x) + (_a2_ + (x * _a6_)))))));{'d0': {'_a2_': 0.22954998401421609, '_a3_': -3.376760881024325, '_a6_': 0.6238594161364128, '_a0_': 1.0, '_a1_': 1.0, '_a4_': 1.0, '_a5_': 1.0, '_a7_': 1.0}};{'d0': 0.024905832919416605};-280.569866449044;39.55356083839935
39323;-100.731372386122;(x + -((x * (_a3_ * (pow2(x) + (_a2_ + (x * _a6_)))))));{'d0': {'_a2_': 0.22954998401421609, '_a3_': -3.376760881024325, '_a6_': 0.6238594161364128, '_a0_': 1.0, '_a1_': 1.0, '_a4_': 1.0, '_a5_': 1.0, '_a7_': 1.0}};{'d0': 0.024905832919416605};-280.569866449044;39.55356083839935
39324;-86.7067786455961;(((pow2(((_a5_ + _a5_) * (x + log(_a4_)))) * pow2(_a2_)) + (pow2(_a5_) * _a5_)) * x);{'d0': {'_a2_': -0.8124058914790009, '_a4_': 1.3660586663132452, '_a5_': 1.1309596069194516, '_a0_': 1.0, '_a1_': 1.0, '_a3_': 1.0, '_a6_': 1.0, '_a7_': 1.0}};{'d0': 0.024905832919416615};-280.569866449044;53.57815457892613
39325;-86.7067786455961;(((pow2(((_a5_ + _a5_) * (x + log(_a4_)))) * pow2(_a2_)) + (pow2(_a5_) * _a5_)) * x);{'d0': {'_a2_': -0.8124058914790009, '_a4_': 1.3660586663132452, '_a5_': 1.1309596069194516, '_a0_': 1.0, '_a1_': 1.0, '_a3_': 1.0, '_a6_': 1.0, '_a7_': 1.0}};{'d0': 0.024905832919416615};-280.569866449044;53.57815457892613
39326;-85.3830159064272;(((pow2(((_a5_ + _a5_) * (x + log(_a4_)))) * (_a4_ * _a7_)) + (pow2(_a5_) * _a5_)) * x);{'d0': {'_a4_': 1.3660586664070358, '_a5_': 1.1309596071202455, '_a7_': 0.4831442075676952, '_a0_': 1.0, '_a1_': 1.0, '_a2_': 1.0, '_a3_': 1.0, '_a6_': 1.0}};{'d0': 0.024905832919416587};-280.569866449044;54.90191731809513
39327;-85.3830159064272;(((pow2(((_a5_ + _a5_) * (x + log(_a4_)))) * (_a4_ * _a7_)) + (pow2(_a5_) * _a5_)) * x);{'d0': {'_a4_': 1.3660586664070358, '_a5_': 1.1309596071202455, '_a7_': 0.4831442075676952, '_a0_': 1.0, '_a1_': 1.0, '_a2_': 1.0, '_a3_': 1.0, '_a6_': 1.0}};{'d0': 0.024905832919416587};-280.569866449044;54.90191731809513
39328;-85.3830159064272;(((pow2(((_a5_ + _a5_) * (x + log(_a4_)))) * (_a4_ * _a7_)) + (pow2(_a5_) * _a5_)) * x);{'d0': {'_a4_': 1.3660586664070358, '_a5_': 1.1309596071202455, '_a7_': 0.4831442075676952, '_a0_': 1.0, '_a1_': 1.0, '_a2_': 1.0, '_a3_': 1.0, '_a6_': 1.0}};{'d0': 0.024905832919416587};-280.569866449044;54.90191731809513
39329;-85.3830159064272;(((pow2(((_a5_ + _a5_) * (x + log(_a4_)))) * (_a4_ * _a7_)) + (pow2(_a5_) * _a5_)) * x);{'d0': {'_a4_': 1.3660586664070358, '_a5_': 1.1309596071202455, '_a7_': 0.4831442075676952, '_a0_': 1.0, '_a1_': 1.0, '_a2_': 1.0, '_a3_': 1.0, '_a6_': 1.0}};{'d0': 0.024905832919416587};-280.569866449044;54.90191731809513
39330;-85.3830159064272;(((pow2(((_a5_ + _a5_) * (x + log(_a4_)))) * (_a4_ * _a7_)) + (pow2(_a5_) * _a5_)) * x);{'d0': {'_a4_': 1.3660586664070358, '_a5_': 1.1309596071202455, '_a7_': 0.4831442075676952, '_a0_': 1.0, '_a1_': 1.0, '_a2_': 1.0, '_a3_': 1.0, '_a6_': 1.0}};{'d0': 0.024905832919416587};-280.569866449044;54.90191731809513
39331;-85.3830159064272;(((pow2(((_a5_ + _a5_) * (x + log(_a4_)))) * (_a4_ * _a7_)) + (pow2(_a5_) * _a5_)) * x);{'d0': {'_a4_': 1.3660586664070358, '_a5_': 1.1309596071202455, '_a7_': 0.4831442075676952, '_a0_': 1.0, '_a1_': 1.0, '_a2_': 1.0, '_a3_': 1.0, '_a6_': 1.0}};{'d0': 0.024905832919416587};-280.569866449044;54.90191731809513
39332;-85.3830159064272;(((pow2(((_a5_ + _a5_) * (x + log(_a4_)))) * (_a4_ * _a7_)) + (pow2(_a5_) * _a5_)) * x);{'d0': {'_a4_': 1.3660586664070358, '_a5_': 1.1309596071202455, '_a7_': 0.4831442075676952, '_a0_': 1.0, '_a1_': 1.0, '_a2_': 1.0, '_a3_': 1.0, '_a6_': 1.0}};{'d0': 0.024905832919416587};-280.569866449044;54.90191731809513
39333;-85.3830159064272;(((pow2(((_a5_ + _a5_) * (x + log(_a4_)))) * (_a4_ * _a7_)) + (pow2(_a5_) * _a5_)) * x);{'d0': {'_a4_': 1.3660586664070358, '_a5_': 1.1309596071202455, '_a7_': 0.4831442075676952, '_a0_': 1.0, '_a1_': 1.0, '_a2_': 1.0, '_a3_': 1.0, '_a6_': 1.0}};{'d0': 0.024905832919416587};-280.569866449044;54.90191731809513
39334;-86.7247659579457;(((pow2(((_a5_ + _a5_) * (x + log(_a4_)))) * -(_a7_)) + (pow2(_a5_) * _a5_)) * x);{'d0': {'_a4_': 1.3660586663449998, '_a5_': 1.1309596069279706, '_a7_': -0.6600033325232008, '_a0_': 1.0, '_a1_': 1.0, '_a2_': 1.0, '_a3_': 1.0, '_a6_': 1.0}};{'d0': 0.024905832919416636};-280.569866449044;53.56016726657652
39335;-93.7348601792599;((pow2(_a0_) + (x * ((_a2_ * _a7_) + ((_a1_ * -(x)) + _a0_)))) * x);{'d0': {'_a0_': 1.3323420748002606, '_a1_': -3.3767608804645377, '_a2_': 1.0842443927942418, '_a7_': 0.7141211268684954, '_a3_': 1.0, '_a4_': 1.0, '_a5_': 1.0, '_a6_': 1.0}};{'d0': 0.024905832919661246};-276.475521886232;44.502900763856466
39336;-93.7348601792599;((pow2(_a0_) + (x * ((_a2_ * _a7_) + ((_a1_ * -(x)) + _a0_)))) * x);{'d0': {'_a0_': 1.3323420748002606, '_a1_': -3.3767608804645377, '_a2_': 1.0842443927942418, '_a7_': 0.7141211268684954, '_a3_': 1.0, '_a4_': 1.0, '_a5_': 1.0, '_a6_': 1.0}};{'d0': 0.024905832919661246};-276.475521886232;44.502900763856466
39337;-93.7348601792599;((pow2(_a0_) + (x * ((_a2_ * _a7_) + ((_a1_ * -(x)) + _a0_)))) * x);{'d0': {'_a0_': 1.3323420748002606, '_a1_': -3.3767608804645377, '_a2_': 1.0842443927942418, '_a7_': 0.7141211268684954, '_a3_': 1.0, '_a4_': 1.0, '_a5_': 1.0, '_a6_': 1.0}};{'d0': 0.024905832919661246};-276.475521886232;44.502900763856466
39338;-100.731372386123;((pow2(_a0_) + (x * (_a6_ + ((_a1_ * -(x)) + _a0_)))) * x);{'d0': {'_a0_': 1.3323420749326635, '_a1_': -3.376760877014, '_a6_': 0.7742819924833908, '_a2_': 1.0, '_a3_': 1.0, '_a4_': 1.0, '_a5_': 1.0, '_a7_': 1.0}};{'d0': 0.02490583291941663};-280.569866449044;39.55356083839946
39339;-100.731372386123;((pow2(_a0_) + (x * (_a6_ + ((_a1_ * -(x)) + _a0_)))) * x);{'d0': {'_a0_': 1.3323420749326635, '_a1_': -3.376760877014, '_a6_': 0.7742819924833908, '_a2_': 1.0, '_a3_': 1.0, '_a4_': 1.0, '_a5_': 1.0, '_a7_': 1.0}};{'d0': 0.02490583291941663};-280.569866449044;39.55356083839946
39340;-100.731372386123;((pow2(_a0_) + (x * (_a6_ + ((_a1_ * -(x)) + _a0_)))) * x);{'d0': {'_a0_': 1.3323420749326635, '_a1_': -3.376760877014, '_a6_': 0.7742819924833908, '_a2_': 1.0, '_a3_': 1.0, '_a4_': 1.0, '_a5_': 1.0, '_a7_': 1.0}};{'d0': 0.02490583291941663};-280.569866449044;39.55356083839946
39341;-100.731372386123;((pow2(_a0_) + (x * (_a6_ + ((_a1_ * -(x)) + _a0_)))) * x);{'d0': {'_a0_': 1.3323420749326635, '_a1_': -3.376760877014, '_a6_': 0.7742819924833908, '_a2_': 1.0, '_a3_': 1.0, '_a4_': 1.0, '_a5_': 1.0, '_a7_': 1.0}};{'d0': 0.02490583291941663};-280.569866449044;39.55356083839946
39342;-100.731372386123;((pow2(_a0_) + (x * (_a6_ + ((_a1_ * -(x)) + _a0_)))) * x);{'d0': {'_a0_': 1.3323420749326635, '_a1_': -3.376760877014, '_a6_': 0.7742819924833908, '_a2_': 1.0, '_a3_': 1.0, '_a4_': 1.0, '_a5_': 1.0, '_a7_': 1.0}};{'d0': 0.02490583291941663};-280.569866449044;39.55356083839946
39343;-100.731372386123;((pow2(_a0_) + (x * (_a6_ + ((_a1_ * -(x)) + _a0_)))) * x);{'d0': {'_a0_': 1.3323420749326635, '_a1_': -3.376760877014, '_a6_': 0.7742819924833908, '_a2_': 1.0, '_a3_': 1.0, '_a4_': 1.0, '_a5_': 1.0, '_a7_': 1.0}};{'d0': 0.02490583291941663};-280.569866449044;39.55356083839946
39344;-81.4790071059133;(((pow2(((_a5_ / exp(_a7_)) * (x + log(_a4_)))) * -(_a7_)) + (pow2(_a5_) * _a5_)) * x);{'d0': {'_a4_': 1.3660586662957157, '_a5_': 1.13095960690934, '_a7_': -0.678976421732589, '_a0_': 1.0, '_a1_': 1.0, '_a2_': 1.0, '_a3_': 1.0, '_a6_': 1.0}};{'d0': 0.024905832919416688};-280.569866449043;58.80592611860892
39345;-81.4790071059133;(((pow2(((_a5_ / exp(_a7_)) * (x + log(_a4_)))) * -(_a7_)) + (pow2(_a5_) * _a5_)) * x);{'d0': {'_a4_': 1.3660586662957157, '_a5_': 1.13095960690934, '_a7_': -0.678976421732589, '_a0_': 1.0, '_a1_': 1.0, '_a2_': 1.0, '_a3_': 1.0, '_a6_': 1.0}};{'d0': 0.024905832919416688};-280.569866449043;58.80592611860892
39346;-83.1117819845304;(((pow2(((_a5_ / exp(_a7_)) * (x + log(_a4_)))) * _a3_) + (pow2(_a5_) * _a5_)) * x);{'d0': {'_a3_': 1.5189767872082283, '_a4_': 1.36605866634547, '_a5_': 1.1309596070510846, '_a7_': -0.27637343032434164, '_a0_': 1.0, '_a1_': 1.0, '_a2_': 1.0, '_a6_': 1.0}};{'d0': 0.02490583291985854};-276.475521885757;55.12597895834853
39347;-83.1117819845304;(((pow2(((_a5_ / exp(_a7_)) * (x + log(_a4_)))) * _a3_) + (pow2(_a5_) * _a5_)) * x);{'d0': {'_a3_': 1.5189767872082283, '_a4_': 1.36605866634547, '_a5_': 1.1309596070510846, '_a7_': -0.27637343032434164, '_a0_': 1.0, '_a1_': 1.0, '_a2_': 1.0, '_a6_': 1.0}};{'d0': 0.02490583291985854};-276.475521885757;55.12597895834853
39348;-83.1117819845304;(((pow2(((_a5_ / exp(_a7_)) * (x + log(_a4_)))) * _a3_) + (pow2(_a5_) * _a5_)) * x);{'d0': {'_a3_': 1.5189767872082283, '_a4_': 1.36605866634547, '_a5_': 1.1309596070510846, '_a7_': -0.27637343032434164, '_a0_': 1.0, '_a1_': 1.0, '_a2_': 1.0, '_a6_': 1.0}};{'d0': 0.02490583291985854};-276.475521885757;55.12597895834853
39349;-95.7820324606653;(x + -((x * (_a3_ * (pow2(x) + (_a2_ + (x * (_a3_ * _a1_))))))));{'d0': {'_a1_': -0.18475084211740522, '_a2_': 0.22954998383914194, '_a3_': -3.37676087724995, '_a0_': 1.0, '_a4_': 1.0, '_a5_': 1.0, '_a6_': 1.0, '_a7_': 1.0}};{'d0': 0.02490583291941661};-280.569866449044;44.502900763856346
39350;-95.7820324606653;(x + -((x * (_a3_ * (pow2(x) + (_a2_ + (x * (_a3_ * _a1_))))))));{'d0': {'_a1_': -0.18475084211740522, '_a2_': 0.22954998383914194, '_a3_': -3.37676087724995, '_a0_': 1.0, '_a4_': 1.0, '_a5_': 1.0, '_a6_': 1.0, '_a7_': 1.0}};{'d0': 0.02490583291941661};-280.569866449044;44.502900763856346
39351;-95.7820324606653;(x + -((x * (_a3_ * (pow2(x) + (_a2_ + (x * (_a3_ * _a1_))))))));{'d0': {'_a1_': -0.18475084211740522, '_a2_': 0.22954998383914194, '_a3_': -3.37676087724995, '_a0_': 1.0, '_a4_': 1.0, '_a5_': 1.0, '_a6_': 1.0, '_a7_': 1.0}};{'d0': 0.02490583291941661};-280.569866449044;44.502900763856346
39352;-83.1117819845304;(((pow2(((_a5_ / exp(_a7_)) * (x + log(_a4_)))) * _a3_) + (pow2(_a5_) * _a5_)) * x);{'d0': {'_a3_': 1.5189767872082283, '_a4_': 1.36605866634547, '_a5_': 1.1309596070510846, '_a7_': -0.27637343032434164, '_a0_': 1.0, '_a1_': 1.0, '_a2_': 1.0, '_a6_': 1.0}};{'d0': 0.02490583291985854};-276.475521885757;55.12597895834853
39353;-83.1117819845304;(((pow2(((_a5_ / exp(_a7_)) * (x + log(_a4_)))) * _a3_) + (pow2(_a5_) * _a5_)) * x);{'d0': {'_a3_': 1.5189767872082283, '_a4_': 1.36605866634547, '_a5_': 1.1309596070510846, '_a7_': -0.27637343032434164, '_a0_': 1.0, '_a1_': 1.0, '_a2_': 1.0, '_a6_': 1.0}};{'d0': 0.02490583291985854};-276.475521885757;55.12597895834853
39354;-83.1117819845304;(((pow2(((_a5_ / exp(_a7_)) * (x + log(_a4_)))) * _a3_) + (pow2(_a5_) * _a5_)) * x);{'d0': {'_a3_': 1.5189767872082283, '_a4_': 1.36605866634547, '_a5_': 1.1309596070510846, '_a7_': -0.27637343032434164, '_a0_': 1.0, '_a1_': 1.0, '_a2_': 1.0, '_a6_': 1.0}};{'d0': 0.02490583291985854};-276.475521885757;55.12597895834853
39355;-83.1117819845304;(((pow2(((_a5_ / exp(_a7_)) * (x + log(_a4_)))) * _a3_) + (pow2(_a5_) * _a5_)) * x);{'d0': {'_a3_': 1.5189767872082283, '_a4_': 1.36605866634547, '_a5_': 1.1309596070510846, '_a7_': -0.27637343032434164, '_a0_': 1.0, '_a1_': 1.0, '_a2_': 1.0, '_a6_': 1.0}};{'d0': 0.02490583291985854};-276.475521885757;55.12597895834853
39356;-83.1117819845304;(((pow2(((_a5_ / exp(_a7_)) * (x + log(_a4_)))) * _a3_) + (pow2(_a5_) * _a5_)) * x);{'d0': {'_a3_': 1.5189767872082283, '_a4_': 1.36605866634547, '_a5_': 1.1309596070510846, '_a7_': -0.27637343032434164, '_a0_': 1.0, '_a1_': 1.0, '_a2_': 1.0, '_a6_': 1.0}};{'d0': 0.02490583291985854};-276.475521885757;55.12597895834853
39357;-83.1117819845304;(((pow2(((_a5_ / exp(_a7_)) * (x + log(_a4_)))) * _a3_) + (pow2(_a5_) * _a5_)) * x);{'d0': {'_a3_': 1.5189767872082283, '_a4_': 1.36605866634547, '_a5_': 1.1309596070510846, '_a7_': -0.27637343032434164, '_a0_': 1.0, '_a1_': 1.0, '_a2_': 1.0, '_a6_': 1.0}};{'d0': 0.02490583291985854};-276.475521885757;55.12597895834853
39358;-83.1117819845304;(((pow2(((_a5_ / exp(_a7_)) * (x + log(_a4_)))) * _a3_) + (pow2(_a5_) * _a5_)) * x);{'d0': {'_a3_': 1.5189767872082283, '_a4_': 1.36605866634547, '_a5_': 1.1309596070510846, '_a7_': -0.27637343032434164, '_a0_': 1.0, '_a1_': 1.0, '_a2_': 1.0, '_a6_': 1.0}};{'d0': 0.02490583291985854};-276.475521885757;55.12597895834853
39359;-80.5934550300218;(((pow2(((_a5_ / (_a0_ / _a1_)) * (x + log(_a4_)))) * _a3_) + (pow2(_a5_) * _a5_)) * x);{'d0': {'_a0_': 1.0239661302313687, '_a1_': 1.0134317669597475, '_a3_': 2.69518270530633, '_a4_': 1.3660586663814218, '_a5_': 1.130959607049406, '_a2_': 1.0, '_a6_': 1.0, '_a7_': 1.0}};{'d0': 0.024905832919784054};-272.381177323714;55.59713363183573
39360;-80.5934550300218;(((pow2(((_a5_ / (_a0_ / _a1_)) * (x + log(_a4_)))) * _a3_) + (pow2(_a5_) * _a5_)) * x);{'d0': {'_a0_': 1.0239661302313687, '_a1_': 1.0134317669597475, '_a3_': 2.69518270530633, '_a4_': 1.3660586663814218, '_a5_': 1.130959607049406, '_a2_': 1.0, '_a6_': 1.0, '_a7_': 1.0}};{'d0': 0.024905832919784054};-272.381177323714;55.59713363183573
39361;-74.6728539536737;(((pow2(((_a5_ / ((_a4_ + _a7_) / _a1_)) * (x + log(_a4_)))) * _a3_) + (pow2(_a5_) * _a5_)) * x);{'d0': {'_a1_': -9.322755858417837, '_a3_': 568.621032419376, '_a4_': 1.3660586663204877, '_a5_': 1.1309596069686763, '_a7_': 135.4550065058545, '_a0_': 1.0, '_a2_': 1.0, '_a6_': 1.0}};{'d0': 0.024905832942463475};-272.381177269078;61.51773468086573
39362;-74.6728539536737;(((pow2(((_a5_ / ((_a4_ + _a7_) / _a1_)) * (x + log(_a4_)))) * _a3_) + (pow2(_a5_) * _a5_)) * x);{'d0': {'_a1_': -9.322755858417837, '_a3_': 568.621032419376, '_a4_': 1.3660586663204877, '_a5_': 1.1309596069686763, '_a7_': 135.4550065058545, '_a0_': 1.0, '_a2_': 1.0, '_a6_': 1.0}};{'d0': 0.024905832942463475};-272.381177269078;61.51773468086573
39363;-74.6728539536737;(((pow2(((_a5_ / ((_a4_ + _a7_) / _a1_)) * (x + log(_a4_)))) * _a3_) + (pow2(_a5_) * _a5_)) * x);{'d0': {'_a1_': -9.322755858417837, '_a3_': 568.621032419376, '_a4_': 1.3660586663204877, '_a5_': 1.1309596069686763, '_a7_': 135.4550065058545, '_a0_': 1.0, '_a2_': 1.0, '_a6_': 1.0}};{'d0': 0.024905832942463475};-272.381177269078;61.51773468086573
39364;-74.6728539536737;(((pow2(((_a5_ / ((_a4_ + _a7_) / _a1_)) * (x + log(_a4_)))) * _a3_) + (pow2(_a5_) * _a5_)) * x);{'d0': {'_a1_': -9.322755858417837, '_a3_': 568.621032419376, '_a4_': 1.3660586663204877, '_a5_': 1.1309596069686763, '_a7_': 135.4550065058545, '_a0_': 1.0, '_a2_': 1.0, '_a6_': 1.0}};{'d0': 0.024905832942463475};-272.381177269078;61.51773468086573
39365;-74.6728539536737;(((pow2(((_a5_ / ((_a4_ + _a7_) / _a1_)) * (x + log(_a4_)))) * _a3_) + (pow2(_a5_) * _a5_)) * x);{'d0': {'_a1_': -9.322755858417837, '_a3_': 568.621032419376, '_a4_': 1.3660586663204877, '_a5_': 1.1309596069686763, '_a7_': 135.4550065058545, '_a0_': 1.0, '_a2_': 1.0, '_a6_': 1.0}};{'d0': 0.024905832942463475};-272.381177269078;61.51773468086573
39366;-74.6728539536737;(((pow2(((_a5_ / ((_a4_ + _a7_) / _a1_)) * (x + log(_a4_)))) * _a3_) + (pow2(_a5_) * _a5_)) * x);{'d0': {'_a1_': -9.322755858417837, '_a3_': 568.621032419376, '_a4_': 1.3660586663204877, '_a5_': 1.1309596069686763, '_a7_': 135.4550065058545, '_a0_': 1.0, '_a2_': 1.0, '_a6_': 1.0}};{'d0': 0.024905832942463475};-272.381177269078;61.51773468086573
39367;-80.5934550300218;(((pow2(((_a5_ / (_a0_ / _a1_)) * (x + log(_a4_)))) * _a3_) + (pow2(_a5_) * _a5_)) * x);{'d0': {'_a0_': 1.0239661302313687, '_a1_': 1.0134317669597475, '_a3_': 2.69518270530633, '_a4_': 1.3660586663814218, '_a5_': 1.130959607049406, '_a2_': 1.0, '_a6_': 1.0, '_a7_': 1.0}};{'d0': 0.024905832919784054};-272.381177323714;55.59713363183573
39368;-80.5934550300218;(((pow2(((_a5_ / (_a0_ / _a1_)) * (x + log(_a4_)))) * _a3_) + (pow2(_a5_) * _a5_)) * x);{'d0': {'_a0_': 1.0239661302313687, '_a1_': 1.0134317669597475, '_a3_': 2.69518270530633, '_a4_': 1.3660586663814218, '_a5_': 1.130959607049406, '_a2_': 1.0, '_a6_': 1.0, '_a7_': 1.0}};{'d0': 0.024905832919784054};-272.381177323714;55.59713363183573
39369;-80.5934550300218;(((pow2(((_a5_ / (_a0_ / _a1_)) * (x + log(_a4_)))) * _a3_) + (pow2(_a5_) * _a5_)) * x);{'d0': {'_a0_': 1.0239661302313687, '_a1_': 1.0134317669597475, '_a3_': 2.69518270530633, '_a4_': 1.3660586663814218, '_a5_': 1.130959607049406, '_a2_': 1.0, '_a6_': 1.0, '_a7_': 1.0}};{'d0': 0.024905832919784054};-272.381177323714;55.59713363183573
39370;-80.5934550300218;(((pow2(((_a5_ / (_a0_ / _a1_)) * (x + log(_a4_)))) * _a3_) + (pow2(_a5_) * _a5_)) * x);{'d0': {'_a0_': 1.0239661302313687, '_a1_': 1.0134317669597475, '_a3_': 2.69518270530633, '_a4_': 1.3660586663814218, '_a5_': 1.130959607049406, '_a2_': 1.0, '_a6_': 1.0, '_a7_': 1.0}};{'d0': 0.024905832919784054};-272.381177323714;55.59713363183573
39371;-90.5250224008337;(((pow2(((_a5_ / _a3_) * (x + log(_a4_)))) * _a3_) + (pow2(_a5_) * _a5_)) * x);{'d0': {'_a3_': 0.37878596642240253, '_a4_': 1.3660586663641576, '_a5_': 1.1309596070450436, '_a0_': 1.0, '_a1_': 1.0, '_a2_': 1.0, '_a6_': 1.0, '_a7_': 1.0}};{'d0': 0.02490583291941667};-280.569866449043;49.75991082368853
39372;-95.8843544309437;(((pow2(((_a5_ / _a3_) * (x + _a7_))) * _a3_) + (pow2(_a5_) * _a5_)) * x);{'d0': {'_a3_': 0.37878596632563993, '_a5_': 1.1309596069396617, '_a7_': 0.31192970764662203, '_a0_': 1.0, '_a1_': 1.0, '_a2_': 1.0, '_a4_': 1.0, '_a6_': 1.0}};{'d0': 0.024905832919416677};-280.569866449043;44.40057879357853
39373;-93.8551694537316;(((_a5_ / _a0_) + (x * (_a6_ * ((pow2(_a1_) * -(x)) + _a0_)))) * x);{'d0': {'_a0_': -1.86759081847211, '_a1_': 1.730205040887314, '_a5_': -3.3152265838554746, '_a6_': -1.1279885309625888, '_a2_': 1.0, '_a3_': 1.0, '_a4_': 1.0, '_a7_': 1.0}};{'d0': 0.02490583292643225};-276.475521869920;44.382591481228864
39374;-93.8551694537316;(((_a5_ / _a0_) + (x * (_a6_ * ((pow2(_a1_) * -(x)) + _a0_)))) * x);{'d0': {'_a0_': -1.86759081847211, '_a1_': 1.730205040887314, '_a5_': -3.3152265838554746, '_a6_': -1.1279885309625888, '_a2_': 1.0, '_a3_': 1.0, '_a4_': 1.0, '_a7_': 1.0}};{'d0': 0.02490583292643225};-276.475521869920;44.382591481228864
39375;-93.8551694537316;(((_a5_ / _a0_) + (x * (_a6_ * ((pow2(_a1_) * -(x)) + _a0_)))) * x);{'d0': {'_a0_': -1.86759081847211, '_a1_': 1.730205040887314, '_a5_': -3.3152265838554746, '_a6_': -1.1279885309625888, '_a2_': 1.0, '_a3_': 1.0, '_a4_': 1.0, '_a7_': 1.0}};{'d0': 0.02490583292643225};-276.475521869920;44.382591481228864
39376;-95.7820324606653;(x + -((x * (_a3_ * (pow2(x) + (_a2_ + (x * (_a2_ * _a1_))))))));{'d0': {'_a1_': 2.7177497739964673, '_a2_': 0.22954998337536647, '_a3_': -3.376760879559647, '_a0_': 1.0, '_a4_': 1.0, '_a5_': 1.0, '_a6_': 1.0, '_a7_': 1.0}};{'d0': 0.024905832919416615};-280.569866449044;44.502900763856346
39377;-100.731372386122;(x + -((x * (_a3_ * (pow2(x) + (_a2_ + (x * _a1_)))))));{'d0': {'_a1_': 0.6238594155266525, '_a2_': 0.22954998332677895, '_a3_': -3.3767608803246616, '_a0_': 1.0, '_a4_': 1.0, '_a5_': 1.0, '_a6_': 1.0, '_a7_': 1.0}};{'d0': 0.024905832919416563};-280.569866449044;39.55356083839935
39378;-100.731372386122;(x + -((x * (_a3_ * (pow2(x) + (_a2_ + (x * _a1_)))))));{'d0': {'_a1_': 0.6238594155266525, '_a2_': 0.22954998332677895, '_a3_': -3.3767608803246616, '_a0_': 1.0, '_a4_': 1.0, '_a5_': 1.0, '_a6_': 1.0, '_a7_': 1.0}};{'d0': 0.024905832919416563};-280.569866449044;39.55356083839935
39379;-100.731372386122;(x + -((x * (_a3_ * (pow2(x) + (_a2_ + (x * _a1_)))))));{'d0': {'_a1_': 0.6238594155266525, '_a2_': 0.22954998332677895, '_a3_': -3.3767608803246616, '_a0_': 1.0, '_a4_': 1.0, '_a5_': 1.0, '_a6_': 1.0, '_a7_': 1.0}};{'d0': 0.024905832919416563};-280.569866449044;39.55356083839935
39380;-100.731372386122;(x + -((x * (_a3_ * (pow2(x) + (_a2_ + (x * _a1_)))))));{'d0': {'_a1_': 0.6238594155266525, '_a2_': 0.22954998332677895, '_a3_': -3.3767608803246616, '_a0_': 1.0, '_a4_': 1.0, '_a5_': 1.0, '_a6_': 1.0, '_a7_': 1.0}};{'d0': 0.024905832919416563};-280.569866449044;39.55356083839935
39381;-100.731372386122;(x + -((x * (_a3_ * (pow2(x) + (_a2_ + (x * _a1_)))))));{'d0': {'_a1_': 0.6238594155266525, '_a2_': 0.22954998332677895, '_a3_': -3.3767608803246616, '_a0_': 1.0, '_a4_': 1.0, '_a5_': 1.0, '_a6_': 1.0, '_a7_': 1.0}};{'d0': 0.024905832919416563};-280.569866449044;39.55356083839935
39382;-100.731372386122;(x + -((x * (_a3_ * (pow2(x) + (_a2_ + (x * _a1_)))))));{'d0': {'_a1_': 0.6238594155266525, '_a2_': 0.22954998332677895, '_a3_': -3.3767608803246616, '_a0_': 1.0, '_a4_': 1.0, '_a5_': 1.0, '_a6_': 1.0, '_a7_': 1.0}};{'d0': 0.024905832919416563};-280.569866449044;39.55356083839935
39383;-100.731372386122;(x + -((x * (_a3_ * (pow2(x) + (_a2_ + (x * _a1_)))))));{'d0': {'_a1_': 0.6238594155266525, '_a2_': 0.22954998332677895, '_a3_': -3.3767608803246616, '_a0_': 1.0, '_a4_': 1.0, '_a5_': 1.0, '_a6_': 1.0, '_a7_': 1.0}};{'d0': 0.024905832919416563};-280.569866449044;39.55356083839935
39384;-100.731372386122;(x + -((x * (_a3_ * (pow2(x) + (_a2_ + (x * _a1_)))))));{'d0': {'_a1_': 0.6238594155266525, '_a2_': 0.22954998332677895, '_a3_': -3.3767608803246616, '_a0_': 1.0, '_a4_': 1.0, '_a5_': 1.0, '_a6_': 1.0, '_a7_': 1.0}};{'d0': 0.024905832919416563};-280.569866449044;39.55356083839935
39385;-100.731372386122;(x + -((x * (_a3_ * (pow2(x) + (_a2_ + (x * _a1_)))))));{'d0': {'_a1_': 0.6238594155266525, '_a2_': 0.22954998332677895, '_a3_': -3.3767608803246616, '_a0_': 1.0, '_a4_': 1.0, '_a5_': 1.0, '_a6_': 1.0, '_a7_': 1.0}};{'d0': 0.024905832919416563};-280.569866449044;39.55356083839935
39386;-100.731372386122;(x + -((x * (_a3_ * (pow2(x) + (_a2_ + (x * _a1_)))))));{'d0': {'_a1_': 0.6238594155266525, '_a2_': 0.22954998332677895, '_a3_': -3.3767608803246616, '_a0_': 1.0, '_a4_': 1.0, '_a5_': 1.0, '_a6_': 1.0, '_a7_': 1.0}};{'d0': 0.024905832919416563};-280.569866449044;39.55356083839935
39387;-100.731372386122;(x + -((x * (_a3_ * (pow2(x) + (_a2_ + (x * _a1_)))))));{'d0': {'_a1_': 0.6238594155266525, '_a2_': 0.22954998332677895, '_a3_': -3.3767608803246616, '_a0_': 1.0, '_a4_': 1.0, '_a5_': 1.0, '_a6_': 1.0, '_a7_': 1.0}};{'d0': 0.024905832919416563};-280.569866449044;39.55356083839935
39388;-100.731372386122;(x + -((x * (_a3_ * (pow2(x) + (_a2_ + (x * _a1_)))))));{'d0': {'_a1_': 0.6238594155266525, '_a2_': 0.22954998332677895, '_a3_': -3.3767608803246616, '_a0_': 1.0, '_a4_': 1.0, '_a5_': 1.0, '_a6_': 1.0, '_a7_': 1.0}};{'d0': 0.024905832919416563};-280.569866449044;39.55356083839935
39389;-100.731372386122;(x + -((x * (_a3_ * (pow2(x) + (_a2_ + (x * _a1_)))))));{'d0': {'_a1_': 0.6238594155266525, '_a2_': 0.22954998332677895, '_a3_': -3.3767608803246616, '_a0_': 1.0, '_a4_': 1.0, '_a5_': 1.0, '_a6_': 1.0, '_a7_': 1.0}};{'d0': 0.024905832919416563};-280.569866449044;39.55356083839935
39390;-100.731372386122;(x + -((x * (_a3_ * (pow2(x) + (_a2_ + (x * _a1_)))))));{'d0': {'_a1_': 0.6238594155266525, '_a2_': 0.22954998332677895, '_a3_': -3.3767608803246616, '_a0_': 1.0, '_a4_': 1.0, '_a5_': 1.0, '_a6_': 1.0, '_a7_': 1.0}};{'d0': 0.024905832919416563};-280.569866449044;39.55356083839935
39391;-100.731372386122;(x + -((x * (_a3_ * (pow2(x) + (_a2_ + (x * _a1_)))))));{'d0': {'_a1_': 0.6238594155266525, '_a2_': 0.22954998332677895, '_a3_': -3.3767608803246616, '_a0_': 1.0, '_a4_': 1.0, '_a5_': 1.0, '_a6_': 1.0, '_a7_': 1.0}};{'d0': 0.024905832919416563};-280.569866449044;39.55356083839935
39392;-100.731372386122;(x + -((x * (_a3_ * (pow2(x) + (_a2_ + (x * _a1_)))))));{'d0': {'_a1_': 0.6238594155266525, '_a2_': 0.22954998332677895, '_a3_': -3.3767608803246616, '_a0_': 1.0, '_a4_': 1.0, '_a5_': 1.0, '_a6_': 1.0, '_a7_': 1.0}};{'d0': 0.024905832919416563};-280.569866449044;39.55356083839935
39393;-100.731372386122;(x + -((x * (_a3_ * (pow2(x) + (_a2_ + (x * _a1_)))))));{'d0': {'_a1_': 0.6238594155266525, '_a2_': 0.22954998332677895, '_a3_': -3.3767608803246616, '_a0_': 1.0, '_a4_': 1.0, '_a5_': 1.0, '_a6_': 1.0, '_a7_': 1.0}};{'d0': 0.024905832919416563};-280.569866449044;39.55356083839935
39394;-100.731372386122;(x + -((x * (_a3_ * (pow2(x) + (_a2_ + (x * _a1_)))))));{'d0': {'_a1_': 0.6238594155266525, '_a2_': 0.22954998332677895, '_a3_': -3.3767608803246616, '_a0_': 1.0, '_a4_': 1.0, '_a5_': 1.0, '_a6_': 1.0, '_a7_': 1.0}};{'d0': 0.024905832919416563};-280.569866449044;39.55356083839935
39395;-100.731372386122;(x + -((x * (_a3_ * (pow2(x) + (_a2_ + (x * _a1_)))))));{'d0': {'_a1_': 0.6238594155266525, '_a2_': 0.22954998332677895, '_a3_': -3.3767608803246616, '_a0_': 1.0, '_a4_': 1.0, '_a5_': 1.0, '_a6_': 1.0, '_a7_': 1.0}};{'d0': 0.024905832919416563};-280.569866449044;39.55356083839935
39396;-100.731372386122;(x + -((x * (_a3_ * (pow2(x) + (_a2_ + (x * _a1_)))))));{'d0': {'_a1_': 0.6238594155266525, '_a2_': 0.22954998332677895, '_a3_': -3.3767608803246616, '_a0_': 1.0, '_a4_': 1.0, '_a5_': 1.0, '_a6_': 1.0, '_a7_': 1.0}};{'d0': 0.024905832919416563};-280.569866449044;39.55356083839935
39397;-100.731372386122;(x + -((x * (_a3_ * (pow2(x) + (_a2_ + (x * _a1_)))))));{'d0': {'_a1_': 0.6238594155266525, '_a2_': 0.22954998332677895, '_a3_': -3.3767608803246616, '_a0_': 1.0, '_a4_': 1.0, '_a5_': 1.0, '_a6_': 1.0, '_a7_': 1.0}};{'d0': 0.024905832919416563};-280.569866449044;39.55356083839935
39398;-100.731372386122;(x + -((x * (_a3_ * (pow2(x) + (_a2_ + (x * _a1_)))))));{'d0': {'_a1_': 0.6238594155266525, '_a2_': 0.22954998332677895, '_a3_': -3.3767608803246616, '_a0_': 1.0, '_a4_': 1.0, '_a5_': 1.0, '_a6_': 1.0, '_a7_': 1.0}};{'d0': 0.024905832919416563};-280.569866449044;39.55356083839935
39399;-100.731372386122;(x + -((x * (_a3_ * (pow2(x) + (_a2_ + (x * _a1_)))))));{'d0': {'_a1_': 0.6238594155266525, '_a2_': 0.22954998332677895, '_a3_': -3.3767608803246616, '_a0_': 1.0, '_a4_': 1.0, '_a5_': 1.0, '_a6_': 1.0, '_a7_': 1.0}};{'d0': 0.024905832919416563};-280.569866449044;39.55356083839935
39400;-100.731372386122;(x + -((x * (_a3_ * (pow2(x) + (_a2_ + (x * _a1_)))))));{'d0': {'_a1_': 0.6238594155266525, '_a2_': 0.22954998332677895, '_a3_': -3.3767608803246616, '_a0_': 1.0, '_a4_': 1.0, '_a5_': 1.0, '_a6_': 1.0, '_a7_': 1.0}};{'d0': 0.024905832919416563};-280.569866449044;39.55356083839935
39401;-100.731372386122;(x + -((x * (_a3_ * (pow2(x) + (_a2_ + (x * _a1_)))))));{'d0': {'_a1_': 0.6238594155266525, '_a2_': 0.22954998332677895, '_a3_': -3.3767608803246616, '_a0_': 1.0, '_a4_': 1.0, '_a5_': 1.0, '_a6_': 1.0, '_a7_': 1.0}};{'d0': 0.024905832919416563};-280.569866449044;39.55356083839935
39402;-100.731372386122;(x + -((x * (_a3_ * (pow2(x) + (_a2_ + (x * _a1_)))))));{'d0': {'_a1_': 0.6238594155266525, '_a2_': 0.22954998332677895, '_a3_': -3.3767608803246616, '_a0_': 1.0, '_a4_': 1.0, '_a5_': 1.0, '_a6_': 1.0, '_a7_': 1.0}};{'d0': 0.024905832919416563};-280.569866449044;39.55356083839935
39403;-100.731372386122;(x + -((x * (_a3_ * (pow2(x) + (_a2_ + (x * _a1_)))))));{'d0': {'_a1_': 0.6238594155266525, '_a2_': 0.22954998332677895, '_a3_': -3.3767608803246616, '_a0_': 1.0, '_a4_': 1.0, '_a5_': 1.0, '_a6_': 1.0, '_a7_': 1.0}};{'d0': 0.024905832919416563};-280.569866449044;39.55356083839935
39404;-100.731372386122;(x + -((x * (_a3_ * (pow2(x) + (_a2_ + (x * _a1_)))))));{'d0': {'_a1_': 0.6238594155266525, '_a2_': 0.22954998332677895, '_a3_': -3.3767608803246616, '_a0_': 1.0, '_a4_': 1.0, '_a5_': 1.0, '_a6_': 1.0, '_a7_': 1.0}};{'d0': 0.024905832919416563};-280.569866449044;39.55356083839935
39405;-100.731372386122;(x + -((x * (_a3_ * (pow2(x) + (_a2_ + (x * _a1_)))))));{'d0': {'_a1_': 0.6238594155266525, '_a2_': 0.22954998332677895, '_a3_': -3.3767608803246616, '_a0_': 1.0, '_a4_': 1.0, '_a5_': 1.0, '_a6_': 1.0, '_a7_': 1.0}};{'d0': 0.024905832919416563};-280.569866449044;39.55356083839935
39406;-100.731372386122;(x + -((x * (_a3_ * (pow2(x) + (_a2_ + (x * _a1_)))))));{'d0': {'_a1_': 0.6238594155266525, '_a2_': 0.22954998332677895, '_a3_': -3.3767608803246616, '_a0_': 1.0, '_a4_': 1.0, '_a5_': 1.0, '_a6_': 1.0, '_a7_': 1.0}};{'d0': 0.024905832919416563};-280.569866449044;39.55356083839935
39407;-100.731372386122;(x + -((x * (_a3_ * (pow2(x) + (_a2_ + (x * _a1_)))))));{'d0': {'_a1_': 0.6238594155266525, '_a2_': 0.22954998332677895, '_a3_': -3.3767608803246616, '_a0_': 1.0, '_a4_': 1.0, '_a5_': 1.0, '_a6_': 1.0, '_a7_': 1.0}};{'d0': 0.024905832919416563};-280.569866449044;39.55356083839935
39408;-100.731372386122;(x + -((x * (_a3_ * (pow2(x) + (_a2_ + (x * _a1_)))))));{'d0': {'_a1_': 0.6238594155266525, '_a2_': 0.22954998332677895, '_a3_': -3.3767608803246616, '_a0_': 1.0, '_a4_': 1.0, '_a5_': 1.0, '_a6_': 1.0, '_a7_': 1.0}};{'d0': 0.024905832919416563};-280.569866449044;39.55356083839935
39409;-100.731372386122;(x + -((x * (_a3_ * (pow2(x) + (_a2_ + (x * _a1_)))))));{'d0': {'_a1_': 0.6238594155266525, '_a2_': 0.22954998332677895, '_a3_': -3.3767608803246616, '_a0_': 1.0, '_a4_': 1.0, '_a5_': 1.0, '_a6_': 1.0, '_a7_': 1.0}};{'d0': 0.024905832919416563};-280.569866449044;39.55356083839935
39410;-100.731372386122;(x + -((x * (_a3_ * (pow2(x) + (_a2_ + (x * _a1_)))))));{'d0': {'_a1_': 0.6238594155266525, '_a2_': 0.22954998332677895, '_a3_': -3.3767608803246616, '_a0_': 1.0, '_a4_': 1.0, '_a5_': 1.0, '_a6_': 1.0, '_a7_': 1.0}};{'d0': 0.024905832919416563};-280.569866449044;39.55356083839935
39411;-100.731372386122;(x + -((x * (_a3_ * (pow2(x) + (_a2_ + (x * _a1_)))))));{'d0': {'_a1_': 0.6238594155266525, '_a2_': 0.22954998332677895, '_a3_': -3.3767608803246616, '_a0_': 1.0, '_a4_': 1.0, '_a5_': 1.0, '_a6_': 1.0, '_a7_': 1.0}};{'d0': 0.024905832919416563};-280.569866449044;39.55356083839935
39412;-100.731372386122;(x + -((x * (_a3_ * (pow2(x) + (_a2_ + (x * _a1_)))))));{'d0': {'_a1_': 0.6238594155266525, '_a2_': 0.22954998332677895, '_a3_': -3.3767608803246616, '_a0_': 1.0, '_a4_': 1.0, '_a5_': 1.0, '_a6_': 1.0, '_a7_': 1.0}};{'d0': 0.024905832919416563};-280.569866449044;39.55356083839935
39413;-98.7190323238558;(((pow2(((_a6_ ** _a6_) * (_a7_ * x))) + _a0_) + (x * _a7_)) * x);{'d0': {'_a0_': 1.7751354044385925, '_a6_': 0.8518041515905287, '_a7_': 2.1066240696064713, '_a1_': 1.0, '_a2_': 1.0, '_a3_': 1.0, '_a4_': 1.0, '_a5_': 1.0}};{'d0': 0.024905832919416615};-280.569866449044;41.565900900666
39414;-98.7190323238558;(((pow2(((_a6_ ** _a6_) * (_a7_ * x))) + _a0_) + (x * _a7_)) * x);{'d0': {'_a0_': 1.7751354044385925, '_a6_': 0.8518041515905287, '_a7_': 2.1066240696064713, '_a1_': 1.0, '_a2_': 1.0, '_a3_': 1.0, '_a4_': 1.0, '_a5_': 1.0}};{'d0': 0.024905832919416615};-280.569866449044;41.565900900666
39415;-98.7190323238558;(((pow2(((_a6_ ** _a6_) * (_a7_ * x))) + _a0_) + (x * _a7_)) * x);{'d0': {'_a0_': 1.7751354044385925, '_a6_': 0.8518041515905287, '_a7_': 2.1066240696064713, '_a1_': 1.0, '_a2_': 1.0, '_a3_': 1.0, '_a4_': 1.0, '_a5_': 1.0}};{'d0': 0.024905832919416615};-280.569866449044;41.565900900666
39416;-98.7190323238558;(((pow2(((_a6_ ** _a6_) * (_a7_ * x))) + _a0_) + (x * _a7_)) * x);{'d0': {'_a0_': 1.7751354044385925, '_a6_': 0.8518041515905287, '_a7_': 2.1066240696064713, '_a1_': 1.0, '_a2_': 1.0, '_a3_': 1.0, '_a4_': 1.0, '_a5_': 1.0}};{'d0': 0.024905832919416615};-280.569866449044;41.565900900666
39417;-98.7190323238558;(((pow2(((_a6_ ** _a6_) * (_a7_ * x))) + _a0_) + (x * _a7_)) * x);{'d0': {'_a0_': 1.7751354044385925, '_a6_': 0.8518041515905287, '_a7_': 2.1066240696064713, '_a1_': 1.0, '_a2_': 1.0, '_a3_': 1.0, '_a4_': 1.0, '_a5_': 1.0}};{'d0': 0.024905832919416615};-280.569866449044;41.565900900666
39418;-98.7190323238558;(((pow2(((_a6_ ** _a6_) * (_a7_ * x))) + _a0_) + (x * _a7_)) * x);{'d0': {'_a0_': 1.7751354044385925, '_a6_': 0.8518041515905287, '_a7_': 2.1066240696064713, '_a1_': 1.0, '_a2_': 1.0, '_a3_': 1.0, '_a4_': 1.0, '_a5_': 1.0}};{'d0': 0.024905832919416615};-280.569866449044;41.565900900666
39419;-98.7190323238558;(((pow2(((_a6_ ** _a6_) * (_a7_ * x))) + _a0_) + (x * _a7_)) * x);{'d0': {'_a0_': 1.7751354044385925, '_a6_': 0.8518041515905287, '_a7_': 2.1066240696064713, '_a1_': 1.0, '_a2_': 1.0, '_a3_': 1.0, '_a4_': 1.0, '_a5_': 1.0}};{'d0': 0.024905832919416615};-280.569866449044;41.565900900666
39420;-98.7190323238558;(((pow2(((_a6_ ** _a6_) * (_a7_ * x))) + _a0_) + (x * _a7_)) * x);{'d0': {'_a0_': 1.7751354044385925, '_a6_': 0.8518041515905287, '_a7_': 2.1066240696064713, '_a1_': 1.0, '_a2_': 1.0, '_a3_': 1.0, '_a4_': 1.0, '_a5_': 1.0}};{'d0': 0.024905832919416615};-280.569866449044;41.565900900666
39421;-98.7190323238558;(((pow2(((_a6_ ** _a6_) * (_a7_ * x))) + _a0_) + (x * _a7_)) * x);{'d0': {'_a0_': 1.7751354044385925, '_a6_': 0.8518041515905287, '_a7_': 2.1066240696064713, '_a1_': 1.0, '_a2_': 1.0, '_a3_': 1.0, '_a4_': 1.0, '_a5_': 1.0}};{'d0': 0.024905832919416615};-280.569866449044;41.565900900666
39422;-98.7190323238558;(((pow2(((_a6_ ** _a6_) * (_a7_ * x))) + _a0_) + (x * _a7_)) * x);{'d0': {'_a0_': 1.7751354044385925, '_a6_': 0.8518041515905287, '_a7_': 2.1066240696064713, '_a1_': 1.0, '_a2_': 1.0, '_a3_': 1.0, '_a4_': 1.0, '_a5_': 1.0}};{'d0': 0.024905832919416615};-280.569866449044;41.565900900666
39423;-98.7190323238558;(((pow2(((_a6_ ** _a6_) * (_a7_ * x))) + _a0_) + (x * _a7_)) * x);{'d0': {'_a0_': 1.7751354044385925, '_a6_': 0.8518041515905287, '_a7_': 2.1066240696064713, '_a1_': 1.0, '_a2_': 1.0, '_a3_': 1.0, '_a4_': 1.0, '_a5_': 1.0}};{'d0': 0.024905832919416615};-280.569866449044;41.565900900666
39424;-98.7190323238558;(((pow2(((_a6_ ** _a6_) * (_a7_ * x))) + _a0_) + (x * _a7_)) * x);{'d0': {'_a0_': 1.7751354044385925, '_a6_': 0.8518041515905287, '_a7_': 2.1066240696064713, '_a1_': 1.0, '_a2_': 1.0, '_a3_': 1.0, '_a4_': 1.0, '_a5_': 1.0}};{'d0': 0.024905832919416615};-280.569866449044;41.565900900666
39425;-98.7190323238558;(((pow2(((_a6_ ** _a6_) * (_a7_ * x))) + _a0_) + (x * _a7_)) * x);{'d0': {'_a0_': 1.7751354044385925, '_a6_': 0.8518041515905287, '_a7_': 2.1066240696064713, '_a1_': 1.0, '_a2_': 1.0, '_a3_': 1.0, '_a4_': 1.0, '_a5_': 1.0}};{'d0': 0.024905832919416615};-280.569866449044;41.565900900666
39426;-98.7190323238558;(((pow2(((_a6_ ** _a6_) * (_a7_ * x))) + _a0_) + (x * _a7_)) * x);{'d0': {'_a0_': 1.7751354044385925, '_a6_': 0.8518041515905287, '_a7_': 2.1066240696064713, '_a1_': 1.0, '_a2_': 1.0, '_a3_': 1.0, '_a4_': 1.0, '_a5_': 1.0}};{'d0': 0.024905832919416615};-280.569866449044;41.565900900666
39427;-98.7190323238558;(((pow2(((_a6_ ** _a6_) * (_a7_ * x))) + _a0_) + (x * _a7_)) * x);{'d0': {'_a0_': 1.7751354044385925, '_a6_': 0.8518041515905287, '_a7_': 2.1066240696064713, '_a1_': 1.0, '_a2_': 1.0, '_a3_': 1.0, '_a4_': 1.0, '_a5_': 1.0}};{'d0': 0.024905832919416615};-280.569866449044;41.565900900666
39428;-98.7190323238558;(((pow2(((_a6_ ** _a6_) * (_a7_ * x))) + _a0_) + (x * _a7_)) * x);{'d0': {'_a0_': 1.7751354044385925, '_a6_': 0.8518041515905287, '_a7_': 2.1066240696064713, '_a1_': 1.0, '_a2_': 1.0, '_a3_': 1.0, '_a4_': 1.0, '_a5_': 1.0}};{'d0': 0.024905832919416615};-280.569866449044;41.565900900666
39429;-98.7190323238558;(((pow2(((_a6_ ** _a6_) * (_a7_ * x))) + _a0_) + (x * _a7_)) * x);{'d0': {'_a0_': 1.7751354044385925, '_a6_': 0.8518041515905287, '_a7_': 2.1066240696064713, '_a1_': 1.0, '_a2_': 1.0, '_a3_': 1.0, '_a4_': 1.0, '_a5_': 1.0}};{'d0': 0.024905832919416615};-280.569866449044;41.565900900666
39430;-93.3597002937454;(((pow2(((_a6_ ** _a6_) * (_a7_ * x))) + _a0_) + (x * log(_a6_))) * x);{'d0': {'_a0_': 1.7751354034370739, '_a6_': 8.22044254581002, '_a7_': 5.5386859287027884e-08, '_a1_': 1.0, '_a2_': 1.0, '_a3_': 1.0, '_a4_': 1.0, '_a5_': 1.0}};{'d0': 0.024905832919416927};-280.569866449043;46.925232930776005
39431;-93.3597002937454;(((pow2(((_a6_ ** _a6_) * (_a7_ * x))) + _a0_) + (x * log(_a6_))) * x);{'d0': {'_a0_': 1.7751354034370739, '_a6_': 8.22044254581002, '_a7_': 5.5386859287027884e-08, '_a1_': 1.0, '_a2_': 1.0, '_a3_': 1.0, '_a4_': 1.0, '_a5_': 1.0}};{'d0': 0.024905832919416927};-280.569866449043;46.925232930776005
39432;-93.3597002937454;(((pow2(((_a6_ ** _a6_) * (_a7_ * x))) + _a0_) + (x * log(_a6_))) * x);{'d0': {'_a0_': 1.7751354034370739, '_a6_': 8.22044254581002, '_a7_': 5.5386859287027884e-08, '_a1_': 1.0, '_a2_': 1.0, '_a3_': 1.0, '_a4_': 1.0, '_a5_': 1.0}};{'d0': 0.024905832919416927};-280.569866449043;46.925232930776005
39433;-93.3597002937454;(((pow2(((_a6_ ** _a6_) * (_a7_ * x))) + _a0_) + (x * log(_a6_))) * x);{'d0': {'_a0_': 1.7751354034370739, '_a6_': 8.22044254581002, '_a7_': 5.5386859287027884e-08, '_a1_': 1.0, '_a2_': 1.0, '_a3_': 1.0, '_a4_': 1.0, '_a5_': 1.0}};{'d0': 0.024905832919416927};-280.569866449043;46.925232930776005
39434;-93.3597002937454;(((pow2(((_a6_ ** _a6_) * (_a7_ * x))) + _a0_) + (x * log(_a6_))) * x);{'d0': {'_a0_': 1.7751354034370739, '_a6_': 8.22044254581002, '_a7_': 5.5386859287027884e-08, '_a1_': 1.0, '_a2_': 1.0, '_a3_': 1.0, '_a4_': 1.0, '_a5_': 1.0}};{'d0': 0.024905832919416927};-280.569866449043;46.925232930776005
39435;-93.3597002937454;(((pow2(((_a6_ ** _a6_) * (_a7_ * x))) + _a0_) + (x * log(_a6_))) * x);{'d0': {'_a0_': 1.7751354034370739, '_a6_': 8.22044254581002, '_a7_': 5.5386859287027884e-08, '_a1_': 1.0, '_a2_': 1.0, '_a3_': 1.0, '_a4_': 1.0, '_a5_': 1.0}};{'d0': 0.024905832919416927};-280.569866449043;46.925232930776005
39436;-93.3597002937454;(((pow2(((_a6_ ** _a6_) * (_a7_ * x))) + _a0_) + (x * log(_a6_))) * x);{'d0': {'_a0_': 1.7751354034370739, '_a6_': 8.22044254581002, '_a7_': 5.5386859287027884e-08, '_a1_': 1.0, '_a2_': 1.0, '_a3_': 1.0, '_a4_': 1.0, '_a5_': 1.0}};{'d0': 0.024905832919416927};-280.569866449043;46.925232930776005
39437;-93.3597002937454;(((pow2(((_a6_ ** _a6_) * (_a7_ * x))) + _a0_) + (x * log(_a6_))) * x);{'d0': {'_a0_': 1.7751354034370739, '_a6_': 8.22044254581002, '_a7_': 5.5386859287027884e-08, '_a1_': 1.0, '_a2_': 1.0, '_a3_': 1.0, '_a4_': 1.0, '_a5_': 1.0}};{'d0': 0.024905832919416927};-280.569866449043;46.925232930776005
39438;-93.3597002937454;(((pow2(((_a6_ ** _a6_) * (_a7_ * x))) + _a0_) + (x * log(_a6_))) * x);{'d0': {'_a0_': 1.7751354034370739, '_a6_': 8.22044254581002, '_a7_': 5.5386859287027884e-08, '_a1_': 1.0, '_a2_': 1.0, '_a3_': 1.0, '_a4_': 1.0, '_a5_': 1.0}};{'d0': 0.024905832919416927};-280.569866449043;46.925232930776005
39439;-92.3884391701729;(((pow2(((_a6_ ** _a6_) * (_a7_ + x))) + _a0_) + (x * log(_a6_))) * x);{'d0': {'_a0_': 1.5609122862013514, '_a6_': 1.5001855552492422, '_a7_': 0.25187381110505336, '_a1_': 1.0, '_a2_': 1.0, '_a3_': 1.0, '_a4_': 1.0, '_a5_': 1.0}};{'d0': 0.024905832919416573};-280.569866449044;47.896494054349006
39440;-92.3884391701729;(((pow2(((_a6_ ** _a6_) * (_a7_ + x))) + _a0_) + (x * log(_a6_))) * x);{'d0': {'_a0_': 1.5609122862013514, '_a6_': 1.5001855552492422, '_a7_': 0.25187381110505336, '_a1_': 1.0, '_a2_': 1.0, '_a3_': 1.0, '_a4_': 1.0, '_a5_': 1.0}};{'d0': 0.024905832919416573};-280.569866449044;47.896494054349006
39441;-92.3884391701729;(((pow2(((_a6_ ** _a6_) * (_a7_ + x))) + _a0_) + (x * log(_a6_))) * x);{'d0': {'_a0_': 1.5609122862013514, '_a6_': 1.5001855552492422, '_a7_': 0.25187381110505336, '_a1_': 1.0, '_a2_': 1.0, '_a3_': 1.0, '_a4_': 1.0, '_a5_': 1.0}};{'d0': 0.024905832919416573};-280.569866449044;47.896494054349006
39442;-92.3884391701729;(((pow2(((_a6_ ** _a6_) * (_a7_ + x))) + _a0_) + (x * log(_a6_))) * x);{'d0': {'_a0_': 1.5609122862013514, '_a6_': 1.5001855552492422, '_a7_': 0.25187381110505336, '_a1_': 1.0, '_a2_': 1.0, '_a3_': 1.0, '_a4_': 1.0, '_a5_': 1.0}};{'d0': 0.024905832919416573};-280.569866449044;47.896494054349006
39443;-92.3884391701729;(((pow2(((_a6_ ** _a6_) * (_a7_ + x))) + _a0_) + (x * log(_a6_))) * x);{'d0': {'_a0_': 1.5609122862013514, '_a6_': 1.5001855552492422, '_a7_': 0.25187381110505336, '_a1_': 1.0, '_a2_': 1.0, '_a3_': 1.0, '_a4_': 1.0, '_a5_': 1.0}};{'d0': 0.024905832919416573};-280.569866449044;47.896494054349006
39444;-92.3884391701729;(((pow2(((_a6_ ** _a6_) * (_a7_ + x))) + _a0_) + (x * log(_a6_))) * x);{'d0': {'_a0_': 1.5609122862013514, '_a6_': 1.5001855552492422, '_a7_': 0.25187381110505336, '_a1_': 1.0, '_a2_': 1.0, '_a3_': 1.0, '_a4_': 1.0, '_a5_': 1.0}};{'d0': 0.024905832919416573};-280.569866449044;47.896494054349006
39445;-92.3884391701729;(((pow2(((_a6_ ** _a6_) * (_a7_ + x))) + _a0_) + (x * log(_a6_))) * x);{'d0': {'_a0_': 1.5609122862013514, '_a6_': 1.5001855552492422, '_a7_': 0.25187381110505336, '_a1_': 1.0, '_a2_': 1.0, '_a3_': 1.0, '_a4_': 1.0, '_a5_': 1.0}};{'d0': 0.024905832919416573};-280.569866449044;47.896494054349006
39446;-92.3884391701729;(((pow2(((_a6_ ** _a6_) * (_a7_ + x))) + _a0_) + (x * log(_a6_))) * x);{'d0': {'_a0_': 1.5609122862013514, '_a6_': 1.5001855552492422, '_a7_': 0.25187381110505336, '_a1_': 1.0, '_a2_': 1.0, '_a3_': 1.0, '_a4_': 1.0, '_a5_': 1.0}};{'d0': 0.024905832919416573};-280.569866449044;47.896494054349006
39447;-92.3884391701729;(((pow2(((_a6_ ** _a6_) * (_a7_ + x))) + _a0_) + (x * log(_a6_))) * x);{'d0': {'_a0_': 1.5609122862013514, '_a6_': 1.5001855552492422, '_a7_': 0.25187381110505336, '_a1_': 1.0, '_a2_': 1.0, '_a3_': 1.0, '_a4_': 1.0, '_a5_': 1.0}};{'d0': 0.024905832919416573};-280.569866449044;47.896494054349006
39448;-92.3884391701729;(((pow2(((_a6_ ** _a6_) * (_a7_ + x))) + _a0_) + (x * log(_a6_))) * x);{'d0': {'_a0_': 1.5609122862013514, '_a6_': 1.5001855552492422, '_a7_': 0.25187381110505336, '_a1_': 1.0, '_a2_': 1.0, '_a3_': 1.0, '_a4_': 1.0, '_a5_': 1.0}};{'d0': 0.024905832919416573};-280.569866449044;47.896494054349006
39449;-92.3884391701729;(((pow2(((_a6_ ** _a6_) * (_a7_ + x))) + _a0_) + (x * log(_a6_))) * x);{'d0': {'_a0_': 1.5609122862013514, '_a6_': 1.5001855552492422, '_a7_': 0.25187381110505336, '_a1_': 1.0, '_a2_': 1.0, '_a3_': 1.0, '_a4_': 1.0, '_a5_': 1.0}};{'d0': 0.024905832919416573};-280.569866449044;47.896494054349006
39450;-92.3884391701729;(((pow2(((_a6_ ** _a6_) * (_a7_ + x))) + _a0_) + (x * log(_a6_))) * x);{'d0': {'_a0_': 1.5609122862013514, '_a6_': 1.5001855552492422, '_a7_': 0.25187381110505336, '_a1_': 1.0, '_a2_': 1.0, '_a3_': 1.0, '_a4_': 1.0, '_a5_': 1.0}};{'d0': 0.024905832919416573};-280.569866449044;47.896494054349006
39451;-92.3884391701729;(((pow2(((_a6_ ** _a6_) * (_a7_ + x))) + _a0_) + (x * log(_a6_))) * x);{'d0': {'_a0_': 1.5609122862013514, '_a6_': 1.5001855552492422, '_a7_': 0.25187381110505336, '_a1_': 1.0, '_a2_': 1.0, '_a3_': 1.0, '_a4_': 1.0, '_a5_': 1.0}};{'d0': 0.024905832919416573};-280.569866449044;47.896494054349006
39452;-92.3884391701729;(((pow2(((_a6_ ** _a6_) * (_a7_ + x))) + _a0_) + (x * log(_a6_))) * x);{'d0': {'_a0_': 1.5609122862013514, '_a6_': 1.5001855552492422, '_a7_': 0.25187381110505336, '_a1_': 1.0, '_a2_': 1.0, '_a3_': 1.0, '_a4_': 1.0, '_a5_': 1.0}};{'d0': 0.024905832919416573};-280.569866449044;47.896494054349006
39453;-92.3884391701729;(((pow2(((_a6_ ** _a6_) * (_a7_ + x))) + _a0_) + (x * log(_a6_))) * x);{'d0': {'_a0_': 1.5609122862013514, '_a6_': 1.5001855552492422, '_a7_': 0.25187381110505336, '_a1_': 1.0, '_a2_': 1.0, '_a3_': 1.0, '_a4_': 1.0, '_a5_': 1.0}};{'d0': 0.024905832919416573};-280.569866449044;47.896494054349006
39454;-92.3884391701729;(((pow2(((_a6_ ** _a6_) * (_a7_ + x))) + _a0_) + (x * log(_a6_))) * x);{'d0': {'_a0_': 1.5609122862013514, '_a6_': 1.5001855552492422, '_a7_': 0.25187381110505336, '_a1_': 1.0, '_a2_': 1.0, '_a3_': 1.0, '_a4_': 1.0, '_a5_': 1.0}};{'d0': 0.024905832919416573};-280.569866449044;47.896494054349006
39455;-92.3884391701729;(((pow2(((_a6_ ** _a6_) * (_a7_ + x))) + _a0_) + (x * log(_a6_))) * x);{'d0': {'_a0_': 1.5609122862013514, '_a6_': 1.5001855552492422, '_a7_': 0.25187381110505336, '_a1_': 1.0, '_a2_': 1.0, '_a3_': 1.0, '_a4_': 1.0, '_a5_': 1.0}};{'d0': 0.024905832919416573};-280.569866449044;47.896494054349006
39456;-92.3884391701729;(((pow2(((_a6_ ** _a6_) * (_a7_ + x))) + _a0_) + (x * log(_a6_))) * x);{'d0': {'_a0_': 1.5609122862013514, '_a6_': 1.5001855552492422, '_a7_': 0.25187381110505336, '_a1_': 1.0, '_a2_': 1.0, '_a3_': 1.0, '_a4_': 1.0, '_a5_': 1.0}};{'d0': 0.024905832919416573};-280.569866449044;47.896494054349006
39457;-92.3884391701729;(((pow2(((_a6_ ** _a6_) * (_a7_ + x))) + _a0_) + (x * log(_a6_))) * x);{'d0': {'_a0_': 1.5609122862013514, '_a6_': 1.5001855552492422, '_a7_': 0.25187381110505336, '_a1_': 1.0, '_a2_': 1.0, '_a3_': 1.0, '_a4_': 1.0, '_a5_': 1.0}};{'d0': 0.024905832919416573};-280.569866449044;47.896494054349006
39458;-89.9187481377656;((_a4_ + (x * (_a3_ * (((_a4_ * _a4_) * -(x)) + (exp(_a4_) * _a7_))))) * x);{'d0': {'_a3_': -1.0716114277136572, '_a4_': 1.7751354038018194, '_a7_': -0.333133413616363, '_a0_': 1.0, '_a1_': 1.0, '_a2_': 1.0, '_a5_': 1.0, '_a6_': 1.0}};{'d0': 0.024905832919416636};-280.569866449044;50.36618508675646
39459;-89.9187481377656;((_a4_ + (x * (_a3_ * (((_a4_ * _a4_) * -(x)) + (exp(_a4_) * _a7_))))) * x);{'d0': {'_a3_': -1.0716114277136572, '_a4_': 1.7751354038018194, '_a7_': -0.333133413616363, '_a0_': 1.0, '_a1_': 1.0, '_a2_': 1.0, '_a5_': 1.0, '_a6_': 1.0}};{'d0': 0.024905832919416636};-280.569866449044;50.36618508675646
39460;-95.2848162724255;((_a4_ + (x * (_a3_ * (((_a4_ * _a4_) * -(x)) + (_a3_ * _a7_))))) * x);{'d0': {'_a3_': -1.0716114274453465, '_a4_': 1.7751354038170943, '_a7_': 1.8344774149134015, '_a0_': 1.0, '_a1_': 1.0, '_a2_': 1.0, '_a5_': 1.0, '_a6_': 1.0}};{'d0': 0.024905832919416688};-280.569866449043;45.00011695209646
39461;-98.3316984776776;((_a4_ + (x * (_a3_ * ((_a1_ * -(x)) + (_a3_ * _a7_))))) * x);{'d0': {'_a1_': 4.943304093509359, '_a3_': -0.6830977460297686, '_a4_': 1.7751354047041292, '_a7_': 4.51461747746535, '_a0_': 1.0, '_a2_': 1.0, '_a5_': 1.0, '_a6_': 1.0}};{'d0': 0.024905832929161372};-276.475521863346;39.90606245399546
39462;-98.3316984776776;((_a4_ + (x * (_a3_ * ((_a1_ * -(x)) + (_a3_ * _a7_))))) * x);{'d0': {'_a1_': 4.943304093509359, '_a3_': -0.6830977460297686, '_a4_': 1.7751354047041292, '_a7_': 4.51461747746535, '_a0_': 1.0, '_a2_': 1.0, '_a5_': 1.0, '_a6_': 1.0}};{'d0': 0.024905832929161372};-276.475521863346;39.90606245399546
39463;-98.3316984776776;((_a4_ + (x * (_a3_ * ((_a1_ * -(x)) + (_a3_ * _a7_))))) * x);{'d0': {'_a1_': 4.943304093509359, '_a3_': -0.6830977460297686, '_a4_': 1.7751354047041292, '_a7_': 4.51461747746535, '_a0_': 1.0, '_a2_': 1.0, '_a5_': 1.0, '_a6_': 1.0}};{'d0': 0.024905832929161372};-276.475521863346;39.90606245399546
39464;-98.3316984776776;((_a4_ + (x * (_a3_ * ((_a1_ * -(x)) + (_a3_ * _a7_))))) * x);{'d0': {'_a1_': 4.943304093509359, '_a3_': -0.6830977460297686, '_a4_': 1.7751354047041292, '_a7_': 4.51461747746535, '_a0_': 1.0, '_a2_': 1.0, '_a5_': 1.0, '_a6_': 1.0}};{'d0': 0.024905832929161372};-276.475521863346;39.90606245399546
39465;-98.3316984776776;((_a4_ + (x * (_a3_ * ((_a1_ * -(x)) + (_a3_ * _a7_))))) * x);{'d0': {'_a1_': 4.943304093509359, '_a3_': -0.6830977460297686, '_a4_': 1.7751354047041292, '_a7_': 4.51461747746535, '_a0_': 1.0, '_a2_': 1.0, '_a5_': 1.0, '_a6_': 1.0}};{'d0': 0.024905832929161372};-276.475521863346;39.90606245399546
39466;-98.3316984776776;((_a4_ + (x * (_a3_ * ((_a1_ * -(x)) + (_a3_ * _a7_))))) * x);{'d0': {'_a1_': 4.943304093509359, '_a3_': -0.6830977460297686, '_a4_': 1.7751354047041292, '_a7_': 4.51461747746535, '_a0_': 1.0, '_a2_': 1.0, '_a5_': 1.0, '_a6_': 1.0}};{'d0': 0.024905832929161372};-276.475521863346;39.90606245399546
39467;-98.3316984776776;((_a4_ + (x * (_a3_ * ((_a1_ * -(x)) + (_a3_ * _a7_))))) * x);{'d0': {'_a1_': 4.943304093509359, '_a3_': -0.6830977460297686, '_a4_': 1.7751354047041292, '_a7_': 4.51461747746535, '_a0_': 1.0, '_a2_': 1.0, '_a5_': 1.0, '_a6_': 1.0}};{'d0': 0.024905832929161372};-276.475521863346;39.90606245399546
39468;-92.7635990558244;(((pow2((-(_a4_) * (_a7_ + x))) + _a0_) + (x * (_a0_ + _a2_))) * x);{'d0': {'_a0_': 0.7354216711798592, '_a2_': 5.118662849308391, '_a4_': 1.837596493425039, '_a7_': -0.5548898185500768, '_a1_': 1.0, '_a3_': 1.0, '_a5_': 1.0, '_a6_': 1.0}};{'d0': 0.024905832919546924};-276.475521886508;45.474161887429396
39469;-92.7635990558244;(((pow2((-(_a4_) * (_a7_ + x))) + _a0_) + (x * (_a0_ + _a2_))) * x);{'d0': {'_a0_': 0.7354216711798592, '_a2_': 5.118662849308391, '_a4_': 1.837596493425039, '_a7_': -0.5548898185500768, '_a1_': 1.0, '_a3_': 1.0, '_a5_': 1.0, '_a6_': 1.0}};{'d0': 0.024905832919546924};-276.475521886508;45.474161887429396
39470;-88.1936621544788;(((pow2((-(_a4_) * (_a7_ + x))) + _a0_) + (x * (_a0_ + sin(_a7_)))) * x);{'d0': {'_a0_': 1.7687215266265142, '_a4_': 1.837596495204719, '_a7_': 0.043582303392978375, '_a1_': 1.0, '_a2_': 1.0, '_a3_': 1.0, '_a5_': 1.0, '_a6_': 1.0}};{'d0': 0.02490583291941668};-280.569866449043;52.091271070042914
39471;-88.1936621544788;(((pow2((-(_a4_) * (_a7_ + x))) + _a0_) + (x * (_a0_ + sin(_a7_)))) * x);{'d0': {'_a0_': 1.7687215266265142, '_a4_': 1.837596495204719, '_a7_': 0.043582303392978375, '_a1_': 1.0, '_a2_': 1.0, '_a3_': 1.0, '_a5_': 1.0, '_a6_': 1.0}};{'d0': 0.02490583291941668};-280.569866449043;52.091271070042914
39472;-82.8275940198189;(((pow2((-(exp(_a3_)) * (_a7_ + x))) + _a0_) + (x * (_a0_ + sin(_a7_)))) * x);{'d0': {'_a0_': 1.7687215273784014, '_a3_': 0.6084584644607118, '_a7_': 0.043582302928241445, '_a1_': 1.0, '_a2_': 1.0, '_a4_': 1.0, '_a5_': 1.0, '_a6_': 1.0}};{'d0': 0.02490583291941663};-280.569866449044;57.45733920470291
39473;-82.8275940198189;(((pow2((-(exp(_a3_)) * (_a7_ + x))) + _a0_) + (x * (_a0_ + sin(_a7_)))) * x);{'d0': {'_a0_': 1.7687215273784014, '_a3_': 0.6084584644607118, '_a7_': 0.043582302928241445, '_a1_': 1.0, '_a2_': 1.0, '_a4_': 1.0, '_a5_': 1.0, '_a6_': 1.0}};{'d0': 0.02490583291941663};-280.569866449044;57.45733920470291
39474;-88.7481950688488;(((pow2((-(exp(_a3_)) * x)) + _a0_) + (x * (_a0_ + sin(_a7_)))) * x);{'d0': {'_a0_': 1.7751354034116489, '_a3_': 0.6084584662330912, '_a7_': 0.33788102460942665, '_a1_': 1.0, '_a2_': 1.0, '_a4_': 1.0, '_a5_': 1.0, '_a6_': 1.0}};{'d0': 0.024905832919416664};-280.569866449044;51.536738155672914
39475;-88.7481950688488;(((pow2((-(exp(_a3_)) * x)) + _a0_) + (x * (_a0_ + sin(_a7_)))) * x);{'d0': {'_a0_': 1.7751354034116489, '_a3_': 0.6084584662330912, '_a7_': 0.33788102460942665, '_a1_': 1.0, '_a2_': 1.0, '_a4_': 1.0, '_a5_': 1.0, '_a6_': 1.0}};{'d0': 0.024905832919416664};-280.569866449044;51.536738155672914
39476;-88.8685043514766;(((pow2((-(exp(_a3_)) * x)) + _a0_) + (x * (_a0_ / sin(_a7_)))) * x);{'d0': {'_a0_': 1.7751354038753104, '_a3_': 0.6084584654001813, '_a7_': 1.002175840008364, '_a1_': 1.0, '_a2_': 1.0, '_a4_': 1.0, '_a5_': 1.0, '_a6_': 1.0}};{'d0': 0.024905832919416525};-280.569866449044;51.41642887304531
39477;-88.8685043514766;(((pow2((-(exp(_a3_)) * x)) + _a0_) + (x * (_a0_ / sin(_a7_)))) * x);{'d0': {'_a0_': 1.7751354038753104, '_a3_': 0.6084584654001813, '_a7_': 1.002175840008364, '_a1_': 1.0, '_a2_': 1.0, '_a4_': 1.0, '_a5_': 1.0, '_a6_': 1.0}};{'d0': 0.024905832919416525};-280.569866449044;51.41642887304531
39478;-95.4856135340900;(((pow2((-(exp(_a3_)) * x)) + _a0_) + (x * (_a0_ / _a1_))) * x);{'d0': {'_a0_': 1.7751354039232576, '_a1_': 0.842644603951376, '_a3_': 0.6084584651607763, '_a2_': 1.0, '_a4_': 1.0, '_a5_': 1.0, '_a6_': 1.0, '_a7_': 1.0}};{'d0': 0.024905832919416643};-280.569866449044;44.799319690431794
39479;-95.4856135340900;(((pow2((-(exp(_a3_)) * x)) + _a0_) + (x * (_a0_ / _a1_))) * x);{'d0': {'_a0_': 1.7751354039232576, '_a1_': 0.842644603951376, '_a3_': 0.6084584651607763, '_a2_': 1.0, '_a4_': 1.0, '_a5_': 1.0, '_a6_': 1.0, '_a7_': 1.0}};{'d0': 0.024905832919416643};-280.569866449044;44.799319690431794
39480;-95.4856135340900;(((pow2((-(exp(_a3_)) * x)) + _a0_) + (x * (_a0_ / _a1_))) * x);{'d0': {'_a0_': 1.7751354039232576, '_a1_': 0.842644603951376, '_a3_': 0.6084584651607763, '_a2_': 1.0, '_a4_': 1.0, '_a5_': 1.0, '_a6_': 1.0, '_a7_': 1.0}};{'d0': 0.024905832919416643};-280.569866449044;44.799319690431794
39481;-95.4856135340900;(((pow2((-(exp(_a3_)) * x)) + _a0_) + (x * (_a0_ / _a1_))) * x);{'d0': {'_a0_': 1.7751354039232576, '_a1_': 0.842644603951376, '_a3_': 0.6084584651607763, '_a2_': 1.0, '_a4_': 1.0, '_a5_': 1.0, '_a6_': 1.0, '_a7_': 1.0}};{'d0': 0.024905832919416643};-280.569866449044;44.799319690431794
39482;-95.4856135340900;(((pow2((-(exp(_a3_)) * x)) + _a0_) + (x * (_a0_ / _a1_))) * x);{'d0': {'_a0_': 1.7751354039232576, '_a1_': 0.842644603951376, '_a3_': 0.6084584651607763, '_a2_': 1.0, '_a4_': 1.0, '_a5_': 1.0, '_a6_': 1.0, '_a7_': 1.0}};{'d0': 0.024905832919416643};-280.569866449044;44.799319690431794
39483;-101.285905300492;(((pow2((-(exp(_a3_)) * x)) + _a0_) + (x * _a2_)) * x);{'d0': {'_a0_': 1.7751354042875134, '_a2_': 2.1066240688949227, '_a3_': 0.6084584651368435, '_a1_': 1.0, '_a4_': 1.0, '_a5_': 1.0, '_a6_': 1.0, '_a7_': 1.0}};{'d0': 0.02490583291941664};-280.569866449044;38.99902792402939
39484;-101.285905300492;(((pow2((-(exp(_a3_)) * x)) + _a0_) + (x * _a2_)) * x);{'d0': {'_a0_': 1.7751354042875134, '_a2_': 2.1066240688949227, '_a3_': 0.6084584651368435, '_a1_': 1.0, '_a4_': 1.0, '_a5_': 1.0, '_a6_': 1.0, '_a7_': 1.0}};{'d0': 0.02490583291941664};-280.569866449044;38.99902792402939
39485;-101.267917988143;(((pow2((pow2(exp(_a3_)) * x)) + _a0_) + (x * _a2_)) * x);{'d0': {'_a0_': 1.775135404252245, '_a2_': 2.106624068487226, '_a3_': 0.3042292325394859, '_a1_': 1.0, '_a4_': 1.0, '_a5_': 1.0, '_a6_': 1.0, '_a7_': 1.0}};{'d0': 0.024905832919416587};-280.569866449044;39.017015236379
39486;-101.267917988143;(((pow2((pow2(exp(_a3_)) * x)) + _a0_) + (x * _a2_)) * x);{'d0': {'_a0_': 1.775135404252245, '_a2_': 2.106624068487226, '_a3_': 0.3042292325394859, '_a1_': 1.0, '_a4_': 1.0, '_a5_': 1.0, '_a6_': 1.0, '_a7_': 1.0}};{'d0': 0.024905832919416587};-280.569866449044;39.017015236379
39487;-101.267917988143;(((pow2((pow2(exp(_a3_)) * x)) + _a0_) + (x * _a2_)) * x);{'d0': {'_a0_': 1.775135404252245, '_a2_': 2.106624068487226, '_a3_': 0.3042292325394859, '_a1_': 1.0, '_a4_': 1.0, '_a5_': 1.0, '_a6_': 1.0, '_a7_': 1.0}};{'d0': 0.024905832919416587};-280.569866449044;39.017015236379
39488;-101.267917988143;(((pow2((pow2(exp(_a3_)) * x)) + _a0_) + (x * _a2_)) * x);{'d0': {'_a0_': 1.775135404252245, '_a2_': 2.106624068487226, '_a3_': 0.3042292325394859, '_a1_': 1.0, '_a4_': 1.0, '_a5_': 1.0, '_a6_': 1.0, '_a7_': 1.0}};{'d0': 0.024905832919416587};-280.569866449044;39.017015236379
39489;-101.267917988143;(((pow2((pow2(exp(_a3_)) * x)) + _a0_) + (x * _a2_)) * x);{'d0': {'_a0_': 1.775135404252245, '_a2_': 2.106624068487226, '_a3_': 0.3042292325394859, '_a1_': 1.0, '_a4_': 1.0, '_a5_': 1.0, '_a6_': 1.0, '_a7_': 1.0}};{'d0': 0.024905832919416587};-280.569866449044;39.017015236379
39490;-101.267917988143;(((pow2((pow2(exp(_a3_)) * x)) + _a0_) + (x * _a2_)) * x);{'d0': {'_a0_': 1.775135404252245, '_a2_': 2.106624068487226, '_a3_': 0.3042292325394859, '_a1_': 1.0, '_a4_': 1.0, '_a5_': 1.0, '_a6_': 1.0, '_a7_': 1.0}};{'d0': 0.024905832919416587};-280.569866449044;39.017015236379
39491;-101.267917988143;(((pow2((pow2(exp(_a3_)) * x)) + _a0_) + (x * _a2_)) * x);{'d0': {'_a0_': 1.775135404252245, '_a2_': 2.106624068487226, '_a3_': 0.3042292325394859, '_a1_': 1.0, '_a4_': 1.0, '_a5_': 1.0, '_a6_': 1.0, '_a7_': 1.0}};{'d0': 0.024905832919416587};-280.569866449044;39.017015236379
39492;-101.267917988143;(((pow2((pow2(exp(_a3_)) * x)) + _a0_) + (x * _a2_)) * x);{'d0': {'_a0_': 1.775135404252245, '_a2_': 2.106624068487226, '_a3_': 0.3042292325394859, '_a1_': 1.0, '_a4_': 1.0, '_a5_': 1.0, '_a6_': 1.0, '_a7_': 1.0}};{'d0': 0.024905832919416587};-280.569866449044;39.017015236379
39493;-101.267917988143;(((pow2((pow2(exp(_a3_)) * x)) + _a0_) + (x * _a2_)) * x);{'d0': {'_a0_': 1.775135404252245, '_a2_': 2.106624068487226, '_a3_': 0.3042292325394859, '_a1_': 1.0, '_a4_': 1.0, '_a5_': 1.0, '_a6_': 1.0, '_a7_': 1.0}};{'d0': 0.024905832919416587};-280.569866449044;39.017015236379
39494;-101.267917988143;(((pow2((pow2(exp(_a3_)) * x)) + _a0_) + (x * _a2_)) * x);{'d0': {'_a0_': 1.775135404252245, '_a2_': 2.106624068487226, '_a3_': 0.3042292325394859, '_a1_': 1.0, '_a4_': 1.0, '_a5_': 1.0, '_a6_': 1.0, '_a7_': 1.0}};{'d0': 0.024905832919416587};-280.569866449044;39.017015236379
39495;-101.267917988143;(((pow2((pow2(exp(_a3_)) * x)) + _a0_) + (x * _a2_)) * x);{'d0': {'_a0_': 1.775135404252245, '_a2_': 2.106624068487226, '_a3_': 0.3042292325394859, '_a1_': 1.0, '_a4_': 1.0, '_a5_': 1.0, '_a6_': 1.0, '_a7_': 1.0}};{'d0': 0.024905832919416587};-280.569866449044;39.017015236379
39496;-101.267917988143;(((pow2((pow2(exp(_a3_)) * x)) + _a0_) + (x * _a2_)) * x);{'d0': {'_a0_': 1.775135404252245, '_a2_': 2.106624068487226, '_a3_': 0.3042292325394859, '_a1_': 1.0, '_a4_': 1.0, '_a5_': 1.0, '_a6_': 1.0, '_a7_': 1.0}};{'d0': 0.024905832919416587};-280.569866449044;39.017015236379
39497;-106.633986122803;(((pow2((pow2(_a5_) * x)) + _a0_) + (x * _a2_)) * x);{'d0': {'_a0_': 1.7751354041414231, '_a2_': 2.106624068294908, '_a5_': 1.355579763462188, '_a1_': 1.0, '_a3_': 1.0, '_a4_': 1.0, '_a6_': 1.0, '_a7_': 1.0}};{'d0': 0.024905832919416598};-280.569866449044;33.650947101719005
39498;-106.633986122803;(((pow2((pow2(_a5_) * x)) + _a0_) + (x * _a2_)) * x);{'d0': {'_a0_': 1.7751354041414231, '_a2_': 2.106624068294908, '_a5_': 1.355579763462188, '_a1_': 1.0, '_a3_': 1.0, '_a4_': 1.0, '_a6_': 1.0, '_a7_': 1.0}};{'d0': 0.024905832919416598};-280.569866449044;33.650947101719005
39499;-106.633986122803;(((pow2((pow2(_a5_) * x)) + _a0_) + (x * _a2_)) * x);{'d0': {'_a0_': 1.7751354041414231, '_a2_': 2.106624068294908, '_a5_': 1.355579763462188, '_a1_': 1.0, '_a3_': 1.0, '_a4_': 1.0, '_a6_': 1.0, '_a7_': 1.0}};{'d0': 0.024905832919416598};-280.569866449044;33.650947101719005
39500;-106.633986122803;(((pow2((pow2(_a5_) * x)) + _a0_) + (x * _a2_)) * x);{'d0': {'_a0_': 1.7751354041414231, '_a2_': 2.106624068294908, '_a5_': 1.355579763462188, '_a1_': 1.0, '_a3_': 1.0, '_a4_': 1.0, '_a6_': 1.0, '_a7_': 1.0}};{'d0': 0.024905832919416598};-280.569866449044;33.650947101719005
39501;-106.633986122803;(((pow2((pow2(_a5_) * x)) + _a0_) + (x * _a2_)) * x);{'d0': {'_a0_': 1.7751354041414231, '_a2_': 2.106624068294908, '_a5_': 1.355579763462188, '_a1_': 1.0, '_a3_': 1.0, '_a4_': 1.0, '_a6_': 1.0, '_a7_': 1.0}};{'d0': 0.024905832919416598};-280.569866449044;33.650947101719005
39502;-101.684646197346;(((pow2((pow2((_a2_ * _a1_)) * x)) + _a0_) + (x * _a2_)) * x);{'d0': {'_a0_': 1.7751354044034995, '_a1_': 0.6434844179469111, '_a2_': 2.10662407017627, '_a3_': 1.0, '_a4_': 1.0, '_a5_': 1.0, '_a6_': 1.0, '_a7_': 1.0}};{'d0': 0.024905832919416653};-280.569866449044;38.60028702717601
39503;-101.684646197346;(((pow2((pow2((_a2_ * _a1_)) * x)) + _a0_) + (x * _a2_)) * x);{'d0': {'_a0_': 1.7751354044034995, '_a1_': 0.6434844179469111, '_a2_': 2.10662407017627, '_a3_': 1.0, '_a4_': 1.0, '_a5_': 1.0, '_a6_': 1.0, '_a7_': 1.0}};{'d0': 0.024905832919416653};-280.569866449044;38.60028702717601
39504;-101.684646197346;(((pow2((pow2((_a2_ * _a1_)) * x)) + _a0_) + (x * _a2_)) * x);{'d0': {'_a0_': 1.7751354044034995, '_a1_': 0.6434844179469111, '_a2_': 2.10662407017627, '_a3_': 1.0, '_a4_': 1.0, '_a5_': 1.0, '_a6_': 1.0, '_a7_': 1.0}};{'d0': 0.024905832919416653};-280.569866449044;38.60028702717601
39505;-85.5872436365977;((((_a4_ * _a6_) + (pow2((_a0_ + x)) * -(_a6_))) * x) * (_a5_ * -(exp(_a4_))));{'d0': {'_a0_': 0.3119297078460545, '_a4_': -0.4283916279619208, '_a5_': -9.821202723926747, '_a6_': -0.5276958007947596, '_a1_': 1.0, '_a2_': 1.0, '_a3_': 1.0, '_a7_': 1.0}};{'d0': 0.024905832925465967};-276.475521872248;52.65051729952656
39506;-85.5872436365977;((((_a4_ * _a6_) + (pow2((_a0_ + x)) * -(_a6_))) * x) * (_a5_ * -(exp(_a4_))));{'d0': {'_a0_': 0.3119297078460545, '_a4_': -0.4283916279619208, '_a5_': -9.821202723926747, '_a6_': -0.5276958007947596, '_a1_': 1.0, '_a2_': 1.0, '_a3_': 1.0, '_a7_': 1.0}};{'d0': 0.024905832925465967};-276.475521872248;52.65051729952656
39507;-85.5872436365977;((((_a4_ * _a6_) + (pow2((_a0_ + x)) * -(_a6_))) * x) * (_a5_ * -(exp(_a4_))));{'d0': {'_a0_': 0.3119297078460545, '_a4_': -0.4283916279619208, '_a5_': -9.821202723926747, '_a6_': -0.5276958007947596, '_a1_': 1.0, '_a2_': 1.0, '_a3_': 1.0, '_a7_': 1.0}};{'d0': 0.024905832925465967};-276.475521872248;52.65051729952656
39508;-85.5872436365977;((((_a4_ * _a6_) + (pow2((_a0_ + x)) * -(_a6_))) * x) * (_a5_ * -(exp(_a4_))));{'d0': {'_a0_': 0.3119297078460545, '_a4_': -0.4283916279619208, '_a5_': -9.821202723926747, '_a6_': -0.5276958007947596, '_a1_': 1.0, '_a2_': 1.0, '_a3_': 1.0, '_a7_': 1.0}};{'d0': 0.024905832925465967};-276.475521872248;52.65051729952656
39509;-85.5872436365977;((((_a4_ * _a6_) + (pow2((_a0_ + x)) * -(_a6_))) * x) * (_a5_ * -(exp(_a4_))));{'d0': {'_a0_': 0.3119297078460545, '_a4_': -0.4283916279619208, '_a5_': -9.821202723926747, '_a6_': -0.5276958007947596, '_a1_': 1.0, '_a2_': 1.0, '_a3_': 1.0, '_a7_': 1.0}};{'d0': 0.024905832925465967};-276.475521872248;52.65051729952656
39510;-85.5872436365977;((((_a4_ * _a6_) + (pow2((_a0_ + x)) * -(_a6_))) * x) * (_a5_ * -(exp(_a4_))));{'d0': {'_a0_': 0.3119297078460545, '_a4_': -0.4283916279619208, '_a5_': -9.821202723926747, '_a6_': -0.5276958007947596, '_a1_': 1.0, '_a2_': 1.0, '_a3_': 1.0, '_a7_': 1.0}};{'d0': 0.024905832925465967};-276.475521872248;52.65051729952656
39511;-85.5872436365977;((((_a4_ * _a6_) + (pow2((_a0_ + x)) * -(_a6_))) * x) * (_a5_ * -(exp(_a4_))));{'d0': {'_a0_': 0.3119297078460545, '_a4_': -0.4283916279619208, '_a5_': -9.821202723926747, '_a6_': -0.5276958007947596, '_a1_': 1.0, '_a2_': 1.0, '_a3_': 1.0, '_a7_': 1.0}};{'d0': 0.024905832925465967};-276.475521872248;52.65051729952656
39512;-85.5872436365977;((((_a4_ * _a6_) + (pow2((_a0_ + x)) * -(_a6_))) * x) * (_a5_ * -(exp(_a4_))));{'d0': {'_a0_': 0.3119297078460545, '_a4_': -0.4283916279619208, '_a5_': -9.821202723926747, '_a6_': -0.5276958007947596, '_a1_': 1.0, '_a2_': 1.0, '_a3_': 1.0, '_a7_': 1.0}};{'d0': 0.024905832925465967};-276.475521872248;52.65051729952656
39513;-83.6099547248868;(((x * (((_a1_ * x) * _a7_) + sqrt((((_a4_ * _a6_) * _a7_) + _a3_)))) + _a7_) * x);{'d0': {'_a1_': 1.902255381350636, '_a3_': 2228.3649597804274, '_a4_': 613.8683846655532, '_a6_': -2.0408627111047273, '_a7_': 1.7751354046030778, '_a0_': 1.0, '_a2_': 1.0, '_a5_': 1.0}};{'d0': 0.02490583299083584};-272.381177152545;52.58063385138603
39514;-83.6099547248868;(((x * (((_a1_ * x) * _a7_) + sqrt((((_a4_ * _a6_) * _a7_) + _a3_)))) + _a7_) * x);{'d0': {'_a1_': 1.902255381350636, '_a3_': 2228.3649597804274, '_a4_': 613.8683846655532, '_a6_': -2.0408627111047273, '_a7_': 1.7751354046030778, '_a0_': 1.0, '_a2_': 1.0, '_a5_': 1.0}};{'d0': 0.02490583299083584};-272.381177152545;52.58063385138603
39515;-83.6099547248868;(((x * (((_a1_ * x) * _a7_) + sqrt((((_a4_ * _a6_) * _a7_) + _a3_)))) + _a7_) * x);{'d0': {'_a1_': 1.902255381350636, '_a3_': 2228.3649597804274, '_a4_': 613.8683846655532, '_a6_': -2.0408627111047273, '_a7_': 1.7751354046030778, '_a0_': 1.0, '_a2_': 1.0, '_a5_': 1.0}};{'d0': 0.02490583299083584};-272.381177152545;52.58063385138603
39516;-83.6099547248868;(((x * (((_a1_ * x) * _a7_) + sqrt((((_a4_ * _a6_) * _a7_) + _a3_)))) + _a7_) * x);{'d0': {'_a1_': 1.902255381350636, '_a3_': 2228.3649597804274, '_a4_': 613.8683846655532, '_a6_': -2.0408627111047273, '_a7_': 1.7751354046030778, '_a0_': 1.0, '_a2_': 1.0, '_a5_': 1.0}};{'d0': 0.02490583299083584};-272.381177152545;52.58063385138603
39517;-83.6099547248868;(((x * (((_a1_ * x) * _a7_) + sqrt((((_a4_ * _a6_) * _a7_) + _a3_)))) + _a7_) * x);{'d0': {'_a1_': 1.902255381350636, '_a3_': 2228.3649597804274, '_a4_': 613.8683846655532, '_a6_': -2.0408627111047273, '_a7_': 1.7751354046030778, '_a0_': 1.0, '_a2_': 1.0, '_a5_': 1.0}};{'d0': 0.02490583299083584};-272.381177152545;52.58063385138603
39518;-83.6099547248868;(((x * (((_a1_ * x) * _a7_) + sqrt((((_a4_ * _a6_) * _a7_) + _a3_)))) + _a7_) * x);{'d0': {'_a1_': 1.902255381350636, '_a3_': 2228.3649597804274, '_a4_': 613.8683846655532, '_a6_': -2.0408627111047273, '_a7_': 1.7751354046030778, '_a0_': 1.0, '_a2_': 1.0, '_a5_': 1.0}};{'d0': 0.02490583299083584};-272.381177152545;52.58063385138603
39519;-83.6099547248868;(((x * (((_a1_ * x) * _a7_) + sqrt((((_a4_ * _a6_) * _a7_) + _a3_)))) + _a7_) * x);{'d0': {'_a1_': 1.902255381350636, '_a3_': 2228.3649597804274, '_a4_': 613.8683846655532, '_a6_': -2.0408627111047273, '_a7_': 1.7751354046030778, '_a0_': 1.0, '_a2_': 1.0, '_a5_': 1.0}};{'d0': 0.02490583299083584};-272.381177152545;52.58063385138603
39520;-83.6099547248868;(((x * (((_a1_ * x) * _a7_) + sqrt((((_a4_ * _a6_) * _a7_) + _a3_)))) + _a7_) * x);{'d0': {'_a1_': 1.902255381350636, '_a3_': 2228.3649597804274, '_a4_': 613.8683846655532, '_a6_': -2.0408627111047273, '_a7_': 1.7751354046030778, '_a0_': 1.0, '_a2_': 1.0, '_a5_': 1.0}};{'d0': 0.02490583299083584};-272.381177152545;52.58063385138603
39521;-83.6099547248868;(((x * (((_a1_ * x) * _a7_) + sqrt((((_a4_ * _a6_) * _a7_) + _a3_)))) + _a7_) * x);{'d0': {'_a1_': 1.902255381350636, '_a3_': 2228.3649597804274, '_a4_': 613.8683846655532, '_a6_': -2.0408627111047273, '_a7_': 1.7751354046030778, '_a0_': 1.0, '_a2_': 1.0, '_a5_': 1.0}};{'d0': 0.02490583299083584};-272.381177152545;52.58063385138603
39522;-83.6099547248868;(((x * (((_a1_ * x) * _a7_) + sqrt((((_a4_ * _a6_) * _a7_) + _a3_)))) + _a7_) * x);{'d0': {'_a1_': 1.902255381350636, '_a3_': 2228.3649597804274, '_a4_': 613.8683846655532, '_a6_': -2.0408627111047273, '_a7_': 1.7751354046030778, '_a0_': 1.0, '_a2_': 1.0, '_a5_': 1.0}};{'d0': 0.02490583299083584};-272.381177152545;52.58063385138603
39523;-83.6099547248868;(((x * (((_a1_ * x) * _a7_) + sqrt((((_a4_ * _a6_) * _a7_) + _a3_)))) + _a7_) * x);{'d0': {'_a1_': 1.902255381350636, '_a3_': 2228.3649597804274, '_a4_': 613.8683846655532, '_a6_': -2.0408627111047273, '_a7_': 1.7751354046030778, '_a0_': 1.0, '_a2_': 1.0, '_a5_': 1.0}};{'d0': 0.02490583299083584};-272.381177152545;52.58063385138603
39524;-83.6099547248868;(((x * (((_a1_ * x) * _a7_) + sqrt((((_a4_ * _a6_) * _a7_) + _a3_)))) + _a7_) * x);{'d0': {'_a1_': 1.902255381350636, '_a3_': 2228.3649597804274, '_a4_': 613.8683846655532, '_a6_': -2.0408627111047273, '_a7_': 1.7751354046030778, '_a0_': 1.0, '_a2_': 1.0, '_a5_': 1.0}};{'d0': 0.02490583299083584};-272.381177152545;52.58063385138603
39525;-83.6099547248868;(((x * (((_a1_ * x) * _a7_) + sqrt((((_a4_ * _a6_) * _a7_) + _a3_)))) + _a7_) * x);{'d0': {'_a1_': 1.902255381350636, '_a3_': 2228.3649597804274, '_a4_': 613.8683846655532, '_a6_': -2.0408627111047273, '_a7_': 1.7751354046030778, '_a0_': 1.0, '_a2_': 1.0, '_a5_': 1.0}};{'d0': 0.02490583299083584};-272.381177152545;52.58063385138603
39526;-83.6099547248868;(((x * (((_a1_ * x) * _a7_) + sqrt((((_a4_ * _a6_) * _a7_) + _a3_)))) + _a7_) * x);{'d0': {'_a1_': 1.902255381350636, '_a3_': 2228.3649597804274, '_a4_': 613.8683846655532, '_a6_': -2.0408627111047273, '_a7_': 1.7751354046030778, '_a0_': 1.0, '_a2_': 1.0, '_a5_': 1.0}};{'d0': 0.02490583299083584};-272.381177152545;52.58063385138603
39527;-83.6099547248868;(((x * (((_a1_ * x) * _a7_) + sqrt((((_a4_ * _a6_) * _a7_) + _a3_)))) + _a7_) * x);{'d0': {'_a1_': 1.902255381350636, '_a3_': 2228.3649597804274, '_a4_': 613.8683846655532, '_a6_': -2.0408627111047273, '_a7_': 1.7751354046030778, '_a0_': 1.0, '_a2_': 1.0, '_a5_': 1.0}};{'d0': 0.02490583299083584};-272.381177152545;52.58063385138603
39528;-83.6099547248868;(((x * (((_a1_ * x) * _a7_) + sqrt((((_a4_ * _a6_) * _a7_) + _a3_)))) + _a7_) * x);{'d0': {'_a1_': 1.902255381350636, '_a3_': 2228.3649597804274, '_a4_': 613.8683846655532, '_a6_': -2.0408627111047273, '_a7_': 1.7751354046030778, '_a0_': 1.0, '_a2_': 1.0, '_a5_': 1.0}};{'d0': 0.02490583299083584};-272.381177152545;52.58063385138603
39529;-83.6099547248868;(((x * (((_a1_ * x) * _a7_) + sqrt((((_a4_ * _a6_) * _a7_) + _a3_)))) + _a7_) * x);{'d0': {'_a1_': 1.902255381350636, '_a3_': 2228.3649597804274, '_a4_': 613.8683846655532, '_a6_': -2.0408627111047273, '_a7_': 1.7751354046030778, '_a0_': 1.0, '_a2_': 1.0, '_a5_': 1.0}};{'d0': 0.02490583299083584};-272.381177152545;52.58063385138603
39530;-83.6099547248868;(((x * (((_a1_ * x) * _a7_) + sqrt((((_a4_ * _a6_) * _a7_) + _a3_)))) + _a7_) * x);{'d0': {'_a1_': 1.902255381350636, '_a3_': 2228.3649597804274, '_a4_': 613.8683846655532, '_a6_': -2.0408627111047273, '_a7_': 1.7751354046030778, '_a0_': 1.0, '_a2_': 1.0, '_a5_': 1.0}};{'d0': 0.02490583299083584};-272.381177152545;52.58063385138603
39531;-83.6099547248868;(((x * (((_a1_ * x) * _a7_) + sqrt((((_a4_ * _a6_) * _a7_) + _a3_)))) + _a7_) * x);{'d0': {'_a1_': 1.902255381350636, '_a3_': 2228.3649597804274, '_a4_': 613.8683846655532, '_a6_': -2.0408627111047273, '_a7_': 1.7751354046030778, '_a0_': 1.0, '_a2_': 1.0, '_a5_': 1.0}};{'d0': 0.02490583299083584};-272.381177152545;52.58063385138603
39532;-83.6099547248868;(((x * (((_a1_ * x) * _a7_) + sqrt((((_a4_ * _a6_) * _a7_) + _a3_)))) + _a7_) * x);{'d0': {'_a1_': 1.902255381350636, '_a3_': 2228.3649597804274, '_a4_': 613.8683846655532, '_a6_': -2.0408627111047273, '_a7_': 1.7751354046030778, '_a0_': 1.0, '_a2_': 1.0, '_a5_': 1.0}};{'d0': 0.02490583299083584};-272.381177152545;52.58063385138603
39533;-83.6099547248868;(((x * (((_a1_ * x) * _a7_) + sqrt((((_a4_ * _a6_) * _a7_) + _a3_)))) + _a7_) * x);{'d0': {'_a1_': 1.902255381350636, '_a3_': 2228.3649597804274, '_a4_': 613.8683846655532, '_a6_': -2.0408627111047273, '_a7_': 1.7751354046030778, '_a0_': 1.0, '_a2_': 1.0, '_a5_': 1.0}};{'d0': 0.02490583299083584};-272.381177152545;52.58063385138603
39534;-83.6099547248868;(((x * (((_a1_ * x) * _a7_) + sqrt((((_a4_ * _a6_) * _a7_) + _a3_)))) + _a7_) * x);{'d0': {'_a1_': 1.902255381350636, '_a3_': 2228.3649597804274, '_a4_': 613.8683846655532, '_a6_': -2.0408627111047273, '_a7_': 1.7751354046030778, '_a0_': 1.0, '_a2_': 1.0, '_a5_': 1.0}};{'d0': 0.02490583299083584};-272.381177152545;52.58063385138603
39535;-83.6099547248868;(((x * (((_a1_ * x) * _a7_) + sqrt((((_a4_ * _a6_) * _a7_) + _a3_)))) + _a7_) * x);{'d0': {'_a1_': 1.902255381350636, '_a3_': 2228.3649597804274, '_a4_': 613.8683846655532, '_a6_': -2.0408627111047273, '_a7_': 1.7751354046030778, '_a0_': 1.0, '_a2_': 1.0, '_a5_': 1.0}};{'d0': 0.02490583299083584};-272.381177152545;52.58063385138603
39536;-83.6099547248868;(((x * (((_a1_ * x) * _a7_) + sqrt((((_a4_ * _a6_) * _a7_) + _a3_)))) + _a7_) * x);{'d0': {'_a1_': 1.902255381350636, '_a3_': 2228.3649597804274, '_a4_': 613.8683846655532, '_a6_': -2.0408627111047273, '_a7_': 1.7751354046030778, '_a0_': 1.0, '_a2_': 1.0, '_a5_': 1.0}};{'d0': 0.02490583299083584};-272.381177152545;52.58063385138603
39537;-83.6099547248868;(((x * (((_a1_ * x) * _a7_) + sqrt((((_a4_ * _a6_) * _a7_) + _a3_)))) + _a7_) * x);{'d0': {'_a1_': 1.902255381350636, '_a3_': 2228.3649597804274, '_a4_': 613.8683846655532, '_a6_': -2.0408627111047273, '_a7_': 1.7751354046030778, '_a0_': 1.0, '_a2_': 1.0, '_a5_': 1.0}};{'d0': 0.02490583299083584};-272.381177152545;52.58063385138603
39538;-83.6099547248868;(((x * (((_a1_ * x) * _a7_) + sqrt((((_a4_ * _a6_) * _a7_) + _a3_)))) + _a7_) * x);{'d0': {'_a1_': 1.902255381350636, '_a3_': 2228.3649597804274, '_a4_': 613.8683846655532, '_a6_': -2.0408627111047273, '_a7_': 1.7751354046030778, '_a0_': 1.0, '_a2_': 1.0, '_a5_': 1.0}};{'d0': 0.02490583299083584};-272.381177152545;52.58063385138603
39539;-83.6099547248868;(((x * (((_a1_ * x) * _a7_) + sqrt((((_a4_ * _a6_) * _a7_) + _a3_)))) + _a7_) * x);{'d0': {'_a1_': 1.902255381350636, '_a3_': 2228.3649597804274, '_a4_': 613.8683846655532, '_a6_': -2.0408627111047273, '_a7_': 1.7751354046030778, '_a0_': 1.0, '_a2_': 1.0, '_a5_': 1.0}};{'d0': 0.02490583299083584};-272.381177152545;52.58063385138603
39540;-83.6099547248868;(((x * (((_a1_ * x) * _a7_) + sqrt((((_a4_ * _a6_) * _a7_) + _a3_)))) + _a7_) * x);{'d0': {'_a1_': 1.902255381350636, '_a3_': 2228.3649597804274, '_a4_': 613.8683846655532, '_a6_': -2.0408627111047273, '_a7_': 1.7751354046030778, '_a0_': 1.0, '_a2_': 1.0, '_a5_': 1.0}};{'d0': 0.02490583299083584};-272.381177152545;52.58063385138603
39541;-92.8870848708656;((pow3(_a7_) + (x * (_a3_ + ((_a6_ * -(x)) + (_a3_ * _a7_))))) * x);{'d0': {'_a3_': 0.9528729194756161, '_a6_': -3.3767608784791703, '_a7_': 1.210813242065699, '_a0_': 1.0, '_a1_': 1.0, '_a2_': 1.0, '_a4_': 1.0, '_a5_': 1.0}};{'d0': 0.02490583291941661};-280.569866449044;47.39784835365646
39542;-92.8870848708656;((pow3(_a7_) + (x * (_a3_ + ((_a6_ * -(x)) + (_a3_ * _a7_))))) * x);{'d0': {'_a3_': 0.9528729194756161, '_a6_': -3.3767608784791703, '_a7_': 1.210813242065699, '_a0_': 1.0, '_a1_': 1.0, '_a2_': 1.0, '_a4_': 1.0, '_a5_': 1.0}};{'d0': 0.02490583291941661};-280.569866449044;47.39784835365646
39543;-92.8870848708656;((pow3(_a7_) + (x * (_a3_ + ((_a6_ * -(x)) + (_a3_ * _a7_))))) * x);{'d0': {'_a3_': 0.9528729194756161, '_a6_': -3.3767608784791703, '_a7_': 1.210813242065699, '_a0_': 1.0, '_a1_': 1.0, '_a2_': 1.0, '_a4_': 1.0, '_a5_': 1.0}};{'d0': 0.02490583291941661};-280.569866449044;47.39784835365646
39544;-83.6099547248868;(((x * (((_a1_ * x) * _a7_) + sqrt((((_a4_ * _a6_) * _a7_) + _a3_)))) + _a7_) * x);{'d0': {'_a1_': 1.902255381350636, '_a3_': 2228.3649597804274, '_a4_': 613.8683846655532, '_a6_': -2.0408627111047273, '_a7_': 1.7751354046030778, '_a0_': 1.0, '_a2_': 1.0, '_a5_': 1.0}};{'d0': 0.02490583299083584};-272.381177152545;52.58063385138603
39545;-83.6099547248868;(((x * (((_a1_ * x) * _a7_) + sqrt((((_a4_ * _a6_) * _a7_) + _a3_)))) + _a7_) * x);{'d0': {'_a1_': 1.902255381350636, '_a3_': 2228.3649597804274, '_a4_': 613.8683846655532, '_a6_': -2.0408627111047273, '_a7_': 1.7751354046030778, '_a0_': 1.0, '_a2_': 1.0, '_a5_': 1.0}};{'d0': 0.02490583299083584};-272.381177152545;52.58063385138603
39546;-83.6099547248868;(((x * (((_a1_ * x) * _a7_) + sqrt((((_a4_ * _a6_) * _a7_) + _a3_)))) + _a7_) * x);{'d0': {'_a1_': 1.902255381350636, '_a3_': 2228.3649597804274, '_a4_': 613.8683846655532, '_a6_': -2.0408627111047273, '_a7_': 1.7751354046030778, '_a0_': 1.0, '_a2_': 1.0, '_a5_': 1.0}};{'d0': 0.02490583299083584};-272.381177152545;52.58063385138603
39547;-83.6099547248868;(((x * (((_a1_ * x) * _a7_) + sqrt((((_a4_ * _a6_) * _a7_) + _a3_)))) + _a7_) * x);{'d0': {'_a1_': 1.902255381350636, '_a3_': 2228.3649597804274, '_a4_': 613.8683846655532, '_a6_': -2.0408627111047273, '_a7_': 1.7751354046030778, '_a0_': 1.0, '_a2_': 1.0, '_a5_': 1.0}};{'d0': 0.02490583299083584};-272.381177152545;52.58063385138603
39548;-83.6099547248868;(((x * (((_a1_ * x) * _a7_) + sqrt((((_a4_ * _a6_) * _a7_) + _a3_)))) + _a7_) * x);{'d0': {'_a1_': 1.902255381350636, '_a3_': 2228.3649597804274, '_a4_': 613.8683846655532, '_a6_': -2.0408627111047273, '_a7_': 1.7751354046030778, '_a0_': 1.0, '_a2_': 1.0, '_a5_': 1.0}};{'d0': 0.02490583299083584};-272.381177152545;52.58063385138603
39549;-83.6099547248868;(((x * (((_a1_ * x) * _a7_) + sqrt((((_a4_ * _a6_) * _a7_) + _a3_)))) + _a7_) * x);{'d0': {'_a1_': 1.902255381350636, '_a3_': 2228.3649597804274, '_a4_': 613.8683846655532, '_a6_': -2.0408627111047273, '_a7_': 1.7751354046030778, '_a0_': 1.0, '_a2_': 1.0, '_a5_': 1.0}};{'d0': 0.02490583299083584};-272.381177152545;52.58063385138603
39550;-83.6099547248868;(((x * (((_a1_ * x) * _a7_) + sqrt((((_a4_ * _a6_) * _a7_) + _a3_)))) + _a7_) * x);{'d0': {'_a1_': 1.902255381350636, '_a3_': 2228.3649597804274, '_a4_': 613.8683846655532, '_a6_': -2.0408627111047273, '_a7_': 1.7751354046030778, '_a0_': 1.0, '_a2_': 1.0, '_a5_': 1.0}};{'d0': 0.02490583299083584};-272.381177152545;52.58063385138603
39551;-83.6099547248868;(((x * (((_a1_ * x) * _a7_) + sqrt((((_a4_ * _a6_) * _a7_) + _a3_)))) + _a7_) * x);{'d0': {'_a1_': 1.902255381350636, '_a3_': 2228.3649597804274, '_a4_': 613.8683846655532, '_a6_': -2.0408627111047273, '_a7_': 1.7751354046030778, '_a0_': 1.0, '_a2_': 1.0, '_a5_': 1.0}};{'d0': 0.02490583299083584};-272.381177152545;52.58063385138603
39552;-83.6099547248868;(((x * (((_a1_ * x) * _a7_) + sqrt((((_a4_ * _a6_) * _a7_) + _a3_)))) + _a7_) * x);{'d0': {'_a1_': 1.902255381350636, '_a3_': 2228.3649597804274, '_a4_': 613.8683846655532, '_a6_': -2.0408627111047273, '_a7_': 1.7751354046030778, '_a0_': 1.0, '_a2_': 1.0, '_a5_': 1.0}};{'d0': 0.02490583299083584};-272.381177152545;52.58063385138603
39553;-83.6099547248868;(((x * (((_a1_ * x) * _a7_) + sqrt((((_a4_ * _a6_) * _a7_) + _a3_)))) + _a7_) * x);{'d0': {'_a1_': 1.902255381350636, '_a3_': 2228.3649597804274, '_a4_': 613.8683846655532, '_a6_': -2.0408627111047273, '_a7_': 1.7751354046030778, '_a0_': 1.0, '_a2_': 1.0, '_a5_': 1.0}};{'d0': 0.02490583299083584};-272.381177152545;52.58063385138603
39554;-83.6099547248868;(((x * (((_a1_ * x) * _a7_) + sqrt((((_a4_ * _a6_) * _a7_) + _a3_)))) + _a7_) * x);{'d0': {'_a1_': 1.902255381350636, '_a3_': 2228.3649597804274, '_a4_': 613.8683846655532, '_a6_': -2.0408627111047273, '_a7_': 1.7751354046030778, '_a0_': 1.0, '_a2_': 1.0, '_a5_': 1.0}};{'d0': 0.02490583299083584};-272.381177152545;52.58063385138603
39555;-83.6099547248868;(((x * (((_a1_ * x) * _a7_) + sqrt((((_a4_ * _a6_) * _a7_) + _a3_)))) + _a7_) * x);{'d0': {'_a1_': 1.902255381350636, '_a3_': 2228.3649597804274, '_a4_': 613.8683846655532, '_a6_': -2.0408627111047273, '_a7_': 1.7751354046030778, '_a0_': 1.0, '_a2_': 1.0, '_a5_': 1.0}};{'d0': 0.02490583299083584};-272.381177152545;52.58063385138603
39556;-83.6099547248868;(((x * (((_a1_ * x) * _a7_) + sqrt((((_a4_ * _a6_) * _a7_) + _a3_)))) + _a7_) * x);{'d0': {'_a1_': 1.902255381350636, '_a3_': 2228.3649597804274, '_a4_': 613.8683846655532, '_a6_': -2.0408627111047273, '_a7_': 1.7751354046030778, '_a0_': 1.0, '_a2_': 1.0, '_a5_': 1.0}};{'d0': 0.02490583299083584};-272.381177152545;52.58063385138603
39557;-83.6099547248868;(((x * (((_a1_ * x) * _a7_) + sqrt((((_a4_ * _a6_) * _a7_) + _a3_)))) + _a7_) * x);{'d0': {'_a1_': 1.902255381350636, '_a3_': 2228.3649597804274, '_a4_': 613.8683846655532, '_a6_': -2.0408627111047273, '_a7_': 1.7751354046030778, '_a0_': 1.0, '_a2_': 1.0, '_a5_': 1.0}};{'d0': 0.02490583299083584};-272.381177152545;52.58063385138603
39558;-83.6099547248868;(((x * (((_a1_ * x) * _a7_) + sqrt((((_a4_ * _a6_) * _a7_) + _a3_)))) + _a7_) * x);{'d0': {'_a1_': 1.902255381350636, '_a3_': 2228.3649597804274, '_a4_': 613.8683846655532, '_a6_': -2.0408627111047273, '_a7_': 1.7751354046030778, '_a0_': 1.0, '_a2_': 1.0, '_a5_': 1.0}};{'d0': 0.02490583299083584};-272.381177152545;52.58063385138603
39559;-83.6099547248868;(((x * (((_a1_ * x) * _a7_) + sqrt((((_a4_ * _a6_) * _a7_) + _a3_)))) + _a7_) * x);{'d0': {'_a1_': 1.902255381350636, '_a3_': 2228.3649597804274, '_a4_': 613.8683846655532, '_a6_': -2.0408627111047273, '_a7_': 1.7751354046030778, '_a0_': 1.0, '_a2_': 1.0, '_a5_': 1.0}};{'d0': 0.02490583299083584};-272.381177152545;52.58063385138603
39560;-83.6099547248868;(((x * (((_a1_ * x) * _a7_) + sqrt((((_a4_ * _a6_) * _a7_) + _a3_)))) + _a7_) * x);{'d0': {'_a1_': 1.902255381350636, '_a3_': 2228.3649597804274, '_a4_': 613.8683846655532, '_a6_': -2.0408627111047273, '_a7_': 1.7751354046030778, '_a0_': 1.0, '_a2_': 1.0, '_a5_': 1.0}};{'d0': 0.02490583299083584};-272.381177152545;52.58063385138603
39561;-83.6099547248868;(((x * (((_a1_ * x) * _a7_) + sqrt((((_a4_ * _a6_) * _a7_) + _a3_)))) + _a7_) * x);{'d0': {'_a1_': 1.902255381350636, '_a3_': 2228.3649597804274, '_a4_': 613.8683846655532, '_a6_': -2.0408627111047273, '_a7_': 1.7751354046030778, '_a0_': 1.0, '_a2_': 1.0, '_a5_': 1.0}};{'d0': 0.02490583299083584};-272.381177152545;52.58063385138603
39562;-83.6099547248868;(((x * (((_a1_ * x) * _a7_) + sqrt((((_a4_ * _a6_) * _a7_) + _a3_)))) + _a7_) * x);{'d0': {'_a1_': 1.902255381350636, '_a3_': 2228.3649597804274, '_a4_': 613.8683846655532, '_a6_': -2.0408627111047273, '_a7_': 1.7751354046030778, '_a0_': 1.0, '_a2_': 1.0, '_a5_': 1.0}};{'d0': 0.02490583299083584};-272.381177152545;52.58063385138603
39563;-83.6099547248868;(((x * (((_a1_ * x) * _a7_) + sqrt((((_a4_ * _a6_) * _a7_) + _a3_)))) + _a7_) * x);{'d0': {'_a1_': 1.902255381350636, '_a3_': 2228.3649597804274, '_a4_': 613.8683846655532, '_a6_': -2.0408627111047273, '_a7_': 1.7751354046030778, '_a0_': 1.0, '_a2_': 1.0, '_a5_': 1.0}};{'d0': 0.02490583299083584};-272.381177152545;52.58063385138603
39564;-83.6099547248868;(((x * (((_a1_ * x) * _a7_) + sqrt((((_a4_ * _a6_) * _a7_) + _a3_)))) + _a7_) * x);{'d0': {'_a1_': 1.902255381350636, '_a3_': 2228.3649597804274, '_a4_': 613.8683846655532, '_a6_': -2.0408627111047273, '_a7_': 1.7751354046030778, '_a0_': 1.0, '_a2_': 1.0, '_a5_': 1.0}};{'d0': 0.02490583299083584};-272.381177152545;52.58063385138603
39565;-83.6099547248868;(((x * (((_a1_ * x) * _a7_) + sqrt((((_a4_ * _a6_) * _a7_) + _a3_)))) + _a7_) * x);{'d0': {'_a1_': 1.902255381350636, '_a3_': 2228.3649597804274, '_a4_': 613.8683846655532, '_a6_': -2.0408627111047273, '_a7_': 1.7751354046030778, '_a0_': 1.0, '_a2_': 1.0, '_a5_': 1.0}};{'d0': 0.02490583299083584};-272.381177152545;52.58063385138603
39566;-83.6099547248868;(((x * (((_a1_ * x) * _a7_) + sqrt((((_a4_ * _a6_) * _a7_) + _a3_)))) + _a7_) * x);{'d0': {'_a1_': 1.902255381350636, '_a3_': 2228.3649597804274, '_a4_': 613.8683846655532, '_a6_': -2.0408627111047273, '_a7_': 1.7751354046030778, '_a0_': 1.0, '_a2_': 1.0, '_a5_': 1.0}};{'d0': 0.02490583299083584};-272.381177152545;52.58063385138603
39567;-83.6099547248868;(((x * (((_a1_ * x) * _a7_) + sqrt((((_a4_ * _a6_) * _a7_) + _a3_)))) + _a7_) * x);{'d0': {'_a1_': 1.902255381350636, '_a3_': 2228.3649597804274, '_a4_': 613.8683846655532, '_a6_': -2.0408627111047273, '_a7_': 1.7751354046030778, '_a0_': 1.0, '_a2_': 1.0, '_a5_': 1.0}};{'d0': 0.02490583299083584};-272.381177152545;52.58063385138603
39568;-83.6099547248868;(((x * (((_a1_ * x) * _a7_) + sqrt((((_a4_ * _a6_) * _a7_) + _a3_)))) + _a7_) * x);{'d0': {'_a1_': 1.902255381350636, '_a3_': 2228.3649597804274, '_a4_': 613.8683846655532, '_a6_': -2.0408627111047273, '_a7_': 1.7751354046030778, '_a0_': 1.0, '_a2_': 1.0, '_a5_': 1.0}};{'d0': 0.02490583299083584};-272.381177152545;52.58063385138603
39569;-83.6099547248868;(((x * (((_a1_ * x) * _a7_) + sqrt((((_a4_ * _a6_) * _a7_) + _a3_)))) + _a7_) * x);{'d0': {'_a1_': 1.902255381350636, '_a3_': 2228.3649597804274, '_a4_': 613.8683846655532, '_a6_': -2.0408627111047273, '_a7_': 1.7751354046030778, '_a0_': 1.0, '_a2_': 1.0, '_a5_': 1.0}};{'d0': 0.02490583299083584};-272.381177152545;52.58063385138603
39570;-83.6099547248868;(((x * (((_a1_ * x) * _a7_) + sqrt((((_a4_ * _a6_) * _a7_) + _a3_)))) + _a7_) * x);{'d0': {'_a1_': 1.902255381350636, '_a3_': 2228.3649597804274, '_a4_': 613.8683846655532, '_a6_': -2.0408627111047273, '_a7_': 1.7751354046030778, '_a0_': 1.0, '_a2_': 1.0, '_a5_': 1.0}};{'d0': 0.02490583299083584};-272.381177152545;52.58063385138603
39571;-83.6099547248868;(((x * (((_a1_ * x) * _a7_) + sqrt((((_a4_ * _a6_) * _a7_) + _a3_)))) + _a7_) * x);{'d0': {'_a1_': 1.902255381350636, '_a3_': 2228.3649597804274, '_a4_': 613.8683846655532, '_a6_': -2.0408627111047273, '_a7_': 1.7751354046030778, '_a0_': 1.0, '_a2_': 1.0, '_a5_': 1.0}};{'d0': 0.02490583299083584};-272.381177152545;52.58063385138603
39572;-83.6099547248868;(((x * (((_a1_ * x) * _a7_) + sqrt((((_a4_ * _a6_) * _a7_) + _a3_)))) + _a7_) * x);{'d0': {'_a1_': 1.902255381350636, '_a3_': 2228.3649597804274, '_a4_': 613.8683846655532, '_a6_': -2.0408627111047273, '_a7_': 1.7751354046030778, '_a0_': 1.0, '_a2_': 1.0, '_a5_': 1.0}};{'d0': 0.02490583299083584};-272.381177152545;52.58063385138603
39573;-83.6099547248868;(((x * (((_a1_ * x) * _a7_) + sqrt((((_a4_ * _a6_) * _a7_) + _a3_)))) + _a7_) * x);{'d0': {'_a1_': 1.902255381350636, '_a3_': 2228.3649597804274, '_a4_': 613.8683846655532, '_a6_': -2.0408627111047273, '_a7_': 1.7751354046030778, '_a0_': 1.0, '_a2_': 1.0, '_a5_': 1.0}};{'d0': 0.02490583299083584};-272.381177152545;52.58063385138603
39574;-83.6099547248868;(((x * (((_a1_ * x) * _a7_) + sqrt((((_a4_ * _a6_) * _a7_) + _a3_)))) + _a7_) * x);{'d0': {'_a1_': 1.902255381350636, '_a3_': 2228.3649597804274, '_a4_': 613.8683846655532, '_a6_': -2.0408627111047273, '_a7_': 1.7751354046030778, '_a0_': 1.0, '_a2_': 1.0, '_a5_': 1.0}};{'d0': 0.02490583299083584};-272.381177152545;52.58063385138603
39575;-83.6099547248868;(((x * (((_a1_ * x) * _a7_) + sqrt((((_a4_ * _a6_) * _a7_) + _a3_)))) + _a7_) * x);{'d0': {'_a1_': 1.902255381350636, '_a3_': 2228.3649597804274, '_a4_': 613.8683846655532, '_a6_': -2.0408627111047273, '_a7_': 1.7751354046030778, '_a0_': 1.0, '_a2_': 1.0, '_a5_': 1.0}};{'d0': 0.02490583299083584};-272.381177152545;52.58063385138603
39576;-83.6099547248868;(((x * (((_a1_ * x) * _a7_) + sqrt((((_a4_ * _a6_) * _a7_) + _a3_)))) + _a7_) * x);{'d0': {'_a1_': 1.902255381350636, '_a3_': 2228.3649597804274, '_a4_': 613.8683846655532, '_a6_': -2.0408627111047273, '_a7_': 1.7751354046030778, '_a0_': 1.0, '_a2_': 1.0, '_a5_': 1.0}};{'d0': 0.02490583299083584};-272.381177152545;52.58063385138603
39577;-83.6099547248868;(((x * (((_a1_ * x) * _a7_) + sqrt((((_a4_ * _a6_) * _a7_) + _a3_)))) + _a7_) * x);{'d0': {'_a1_': 1.902255381350636, '_a3_': 2228.3649597804274, '_a4_': 613.8683846655532, '_a6_': -2.0408627111047273, '_a7_': 1.7751354046030778, '_a0_': 1.0, '_a2_': 1.0, '_a5_': 1.0}};{'d0': 0.02490583299083584};-272.381177152545;52.58063385138603
39578;-83.6099547248868;(((x * (((_a1_ * x) * _a7_) + sqrt((((_a4_ * _a6_) * _a7_) + _a3_)))) + _a7_) * x);{'d0': {'_a1_': 1.902255381350636, '_a3_': 2228.3649597804274, '_a4_': 613.8683846655532, '_a6_': -2.0408627111047273, '_a7_': 1.7751354046030778, '_a0_': 1.0, '_a2_': 1.0, '_a5_': 1.0}};{'d0': 0.02490583299083584};-272.381177152545;52.58063385138603
39579;-83.6099547248868;(((x * (((_a1_ * x) * _a7_) + sqrt((((_a4_ * _a6_) * _a7_) + _a3_)))) + _a7_) * x);{'d0': {'_a1_': 1.902255381350636, '_a3_': 2228.3649597804274, '_a4_': 613.8683846655532, '_a6_': -2.0408627111047273, '_a7_': 1.7751354046030778, '_a0_': 1.0, '_a2_': 1.0, '_a5_': 1.0}};{'d0': 0.02490583299083584};-272.381177152545;52.58063385138603
39580;-83.6099547248868;(((x * (((_a1_ * x) * _a7_) + sqrt((((_a4_ * _a6_) * _a7_) + _a3_)))) + _a7_) * x);{'d0': {'_a1_': 1.902255381350636, '_a3_': 2228.3649597804274, '_a4_': 613.8683846655532, '_a6_': -2.0408627111047273, '_a7_': 1.7751354046030778, '_a0_': 1.0, '_a2_': 1.0, '_a5_': 1.0}};{'d0': 0.02490583299083584};-272.381177152545;52.58063385138603
39581;-83.6099547248868;(((x * (((_a1_ * x) * _a7_) + sqrt((((_a4_ * _a6_) * _a7_) + _a3_)))) + _a7_) * x);{'d0': {'_a1_': 1.902255381350636, '_a3_': 2228.3649597804274, '_a4_': 613.8683846655532, '_a6_': -2.0408627111047273, '_a7_': 1.7751354046030778, '_a0_': 1.0, '_a2_': 1.0, '_a5_': 1.0}};{'d0': 0.02490583299083584};-272.381177152545;52.58063385138603
39582;-83.6099547248868;(((x * (((_a1_ * x) * _a7_) + sqrt((((_a4_ * _a6_) * _a7_) + _a3_)))) + _a7_) * x);{'d0': {'_a1_': 1.902255381350636, '_a3_': 2228.3649597804274, '_a4_': 613.8683846655532, '_a6_': -2.0408627111047273, '_a7_': 1.7751354046030778, '_a0_': 1.0, '_a2_': 1.0, '_a5_': 1.0}};{'d0': 0.02490583299083584};-272.381177152545;52.58063385138603
39583;-83.6099547248868;(((x * (((_a1_ * x) * _a7_) + sqrt((((_a4_ * _a6_) * _a7_) + _a3_)))) + _a7_) * x);{'d0': {'_a1_': 1.902255381350636, '_a3_': 2228.3649597804274, '_a4_': 613.8683846655532, '_a6_': -2.0408627111047273, '_a7_': 1.7751354046030778, '_a0_': 1.0, '_a2_': 1.0, '_a5_': 1.0}};{'d0': 0.02490583299083584};-272.381177152545;52.58063385138603
39584;-83.6099547248868;(((x * (((_a1_ * x) * _a7_) + sqrt((((_a4_ * _a6_) * _a7_) + _a3_)))) + _a7_) * x);{'d0': {'_a1_': 1.902255381350636, '_a3_': 2228.3649597804274, '_a4_': 613.8683846655532, '_a6_': -2.0408627111047273, '_a7_': 1.7751354046030778, '_a0_': 1.0, '_a2_': 1.0, '_a5_': 1.0}};{'d0': 0.02490583299083584};-272.381177152545;52.58063385138603
39585;-83.6099547248868;(((x * (((_a1_ * x) * _a7_) + sqrt((((_a4_ * _a6_) * _a7_) + _a3_)))) + _a7_) * x);{'d0': {'_a1_': 1.902255381350636, '_a3_': 2228.3649597804274, '_a4_': 613.8683846655532, '_a6_': -2.0408627111047273, '_a7_': 1.7751354046030778, '_a0_': 1.0, '_a2_': 1.0, '_a5_': 1.0}};{'d0': 0.02490583299083584};-272.381177152545;52.58063385138603
39586;-83.6099547248868;(((x * (((_a1_ * x) * _a7_) + sqrt((((_a4_ * _a6_) * _a7_) + _a3_)))) + _a7_) * x);{'d0': {'_a1_': 1.902255381350636, '_a3_': 2228.3649597804274, '_a4_': 613.8683846655532, '_a6_': -2.0408627111047273, '_a7_': 1.7751354046030778, '_a0_': 1.0, '_a2_': 1.0, '_a5_': 1.0}};{'d0': 0.02490583299083584};-272.381177152545;52.58063385138603
39587;-83.6099547248868;(((x * (((_a1_ * x) * _a7_) + sqrt((((_a4_ * _a6_) * _a7_) + _a3_)))) + _a7_) * x);{'d0': {'_a1_': 1.902255381350636, '_a3_': 2228.3649597804274, '_a4_': 613.8683846655532, '_a6_': -2.0408627111047273, '_a7_': 1.7751354046030778, '_a0_': 1.0, '_a2_': 1.0, '_a5_': 1.0}};{'d0': 0.02490583299083584};-272.381177152545;52.58063385138603
39588;-83.6099547248868;(((x * (((_a1_ * x) * _a7_) + sqrt((((_a4_ * _a6_) * _a7_) + _a3_)))) + _a7_) * x);{'d0': {'_a1_': 1.902255381350636, '_a3_': 2228.3649597804274, '_a4_': 613.8683846655532, '_a6_': -2.0408627111047273, '_a7_': 1.7751354046030778, '_a0_': 1.0, '_a2_': 1.0, '_a5_': 1.0}};{'d0': 0.02490583299083584};-272.381177152545;52.58063385138603
39589;-83.6099547248868;(((x * (((_a1_ * x) * _a7_) + sqrt((((_a4_ * _a6_) * _a7_) + _a3_)))) + _a7_) * x);{'d0': {'_a1_': 1.902255381350636, '_a3_': 2228.3649597804274, '_a4_': 613.8683846655532, '_a6_': -2.0408627111047273, '_a7_': 1.7751354046030778, '_a0_': 1.0, '_a2_': 1.0, '_a5_': 1.0}};{'d0': 0.02490583299083584};-272.381177152545;52.58063385138603
39590;-83.6099547248868;(((x * (((_a1_ * x) * _a7_) + sqrt((((_a4_ * _a6_) * _a7_) + _a3_)))) + _a7_) * x);{'d0': {'_a1_': 1.902255381350636, '_a3_': 2228.3649597804274, '_a4_': 613.8683846655532, '_a6_': -2.0408627111047273, '_a7_': 1.7751354046030778, '_a0_': 1.0, '_a2_': 1.0, '_a5_': 1.0}};{'d0': 0.02490583299083584};-272.381177152545;52.58063385138603
39591;-83.6099547248868;(((x * (((_a1_ * x) * _a7_) + sqrt((((_a4_ * _a6_) * _a7_) + _a3_)))) + _a7_) * x);{'d0': {'_a1_': 1.902255381350636, '_a3_': 2228.3649597804274, '_a4_': 613.8683846655532, '_a6_': -2.0408627111047273, '_a7_': 1.7751354046030778, '_a0_': 1.0, '_a2_': 1.0, '_a5_': 1.0}};{'d0': 0.02490583299083584};-272.381177152545;52.58063385138603
39592;-83.6099547248868;(((x * (((_a1_ * x) * _a7_) + sqrt((((_a4_ * _a6_) * _a7_) + _a3_)))) + _a7_) * x);{'d0': {'_a1_': 1.902255381350636, '_a3_': 2228.3649597804274, '_a4_': 613.8683846655532, '_a6_': -2.0408627111047273, '_a7_': 1.7751354046030778, '_a0_': 1.0, '_a2_': 1.0, '_a5_': 1.0}};{'d0': 0.02490583299083584};-272.381177152545;52.58063385138603
39593;-83.6099547248868;(((x * (((_a1_ * x) * _a7_) + sqrt((((_a4_ * _a6_) * _a7_) + _a3_)))) + _a7_) * x);{'d0': {'_a1_': 1.902255381350636, '_a3_': 2228.3649597804274, '_a4_': 613.8683846655532, '_a6_': -2.0408627111047273, '_a7_': 1.7751354046030778, '_a0_': 1.0, '_a2_': 1.0, '_a5_': 1.0}};{'d0': 0.02490583299083584};-272.381177152545;52.58063385138603
39594;-83.6099547248868;(((x * (((_a1_ * x) * _a7_) + sqrt((((_a4_ * _a6_) * _a7_) + _a3_)))) + _a7_) * x);{'d0': {'_a1_': 1.902255381350636, '_a3_': 2228.3649597804274, '_a4_': 613.8683846655532, '_a6_': -2.0408627111047273, '_a7_': 1.7751354046030778, '_a0_': 1.0, '_a2_': 1.0, '_a5_': 1.0}};{'d0': 0.02490583299083584};-272.381177152545;52.58063385138603
39595;-83.6099547248868;(((x * (((_a1_ * x) * _a7_) + sqrt((((_a4_ * _a6_) * _a7_) + _a3_)))) + _a7_) * x);{'d0': {'_a1_': 1.902255381350636, '_a3_': 2228.3649597804274, '_a4_': 613.8683846655532, '_a6_': -2.0408627111047273, '_a7_': 1.7751354046030778, '_a0_': 1.0, '_a2_': 1.0, '_a5_': 1.0}};{'d0': 0.02490583299083584};-272.381177152545;52.58063385138603
39596;-83.6099547248868;(((x * (((_a1_ * x) * _a7_) + sqrt((((_a4_ * _a6_) * _a7_) + _a3_)))) + _a7_) * x);{'d0': {'_a1_': 1.902255381350636, '_a3_': 2228.3649597804274, '_a4_': 613.8683846655532, '_a6_': -2.0408627111047273, '_a7_': 1.7751354046030778, '_a0_': 1.0, '_a2_': 1.0, '_a5_': 1.0}};{'d0': 0.02490583299083584};-272.381177152545;52.58063385138603
39597;-83.6099547248868;(((x * (((_a1_ * x) * _a7_) + sqrt((((_a4_ * _a6_) * _a7_) + _a3_)))) + _a7_) * x);{'d0': {'_a1_': 1.902255381350636, '_a3_': 2228.3649597804274, '_a4_': 613.8683846655532, '_a6_': -2.0408627111047273, '_a7_': 1.7751354046030778, '_a0_': 1.0, '_a2_': 1.0, '_a5_': 1.0}};{'d0': 0.02490583299083584};-272.381177152545;52.58063385138603
39598;-83.6099547248868;(((x * (((_a1_ * x) * _a7_) + sqrt((((_a4_ * _a6_) * _a7_) + _a3_)))) + _a7_) * x);{'d0': {'_a1_': 1.902255381350636, '_a3_': 2228.3649597804274, '_a4_': 613.8683846655532, '_a6_': -2.0408627111047273, '_a7_': 1.7751354046030778, '_a0_': 1.0, '_a2_': 1.0, '_a5_': 1.0}};{'d0': 0.02490583299083584};-272.381177152545;52.58063385138603
39599;-83.6099547248868;(((x * (((_a1_ * x) * _a7_) + sqrt((((_a4_ * _a6_) * _a7_) + _a3_)))) + _a7_) * x);{'d0': {'_a1_': 1.902255381350636, '_a3_': 2228.3649597804274, '_a4_': 613.8683846655532, '_a6_': -2.0408627111047273, '_a7_': 1.7751354046030778, '_a0_': 1.0, '_a2_': 1.0, '_a5_': 1.0}};{'d0': 0.02490583299083584};-272.381177152545;52.58063385138603
39600;-83.6099547248868;(((x * (((_a1_ * x) * _a7_) + sqrt((((_a4_ * _a6_) * _a7_) + _a3_)))) + _a7_) * x);{'d0': {'_a1_': 1.902255381350636, '_a3_': 2228.3649597804274, '_a4_': 613.8683846655532, '_a6_': -2.0408627111047273, '_a7_': 1.7751354046030778, '_a0_': 1.0, '_a2_': 1.0, '_a5_': 1.0}};{'d0': 0.02490583299083584};-272.381177152545;52.58063385138603
39601;-83.6099547248868;(((x * (((_a1_ * x) * _a7_) + sqrt((((_a4_ * _a6_) * _a7_) + _a3_)))) + _a7_) * x);{'d0': {'_a1_': 1.902255381350636, '_a3_': 2228.3649597804274, '_a4_': 613.8683846655532, '_a6_': -2.0408627111047273, '_a7_': 1.7751354046030778, '_a0_': 1.0, '_a2_': 1.0, '_a5_': 1.0}};{'d0': 0.02490583299083584};-272.381177152545;52.58063385138603
39602;-83.6099547248868;(((x * (((_a1_ * x) * _a7_) + sqrt((((_a4_ * _a6_) * _a7_) + _a3_)))) + _a7_) * x);{'d0': {'_a1_': 1.902255381350636, '_a3_': 2228.3649597804274, '_a4_': 613.8683846655532, '_a6_': -2.0408627111047273, '_a7_': 1.7751354046030778, '_a0_': 1.0, '_a2_': 1.0, '_a5_': 1.0}};{'d0': 0.02490583299083584};-272.381177152545;52.58063385138603
39603;-83.6099547248868;(((x * (((_a1_ * x) * _a7_) + sqrt((((_a4_ * _a6_) * _a7_) + _a3_)))) + _a7_) * x);{'d0': {'_a1_': 1.902255381350636, '_a3_': 2228.3649597804274, '_a4_': 613.8683846655532, '_a6_': -2.0408627111047273, '_a7_': 1.7751354046030778, '_a0_': 1.0, '_a2_': 1.0, '_a5_': 1.0}};{'d0': 0.02490583299083584};-272.381177152545;52.58063385138603
39604;-83.6099547248868;(((x * (((_a1_ * x) * _a7_) + sqrt((((_a4_ * _a6_) * _a7_) + _a3_)))) + _a7_) * x);{'d0': {'_a1_': 1.902255381350636, '_a3_': 2228.3649597804274, '_a4_': 613.8683846655532, '_a6_': -2.0408627111047273, '_a7_': 1.7751354046030778, '_a0_': 1.0, '_a2_': 1.0, '_a5_': 1.0}};{'d0': 0.02490583299083584};-272.381177152545;52.58063385138603
39605;-83.6099547248868;(((x * (((_a1_ * x) * _a7_) + sqrt((((_a4_ * _a6_) * _a7_) + _a3_)))) + _a7_) * x);{'d0': {'_a1_': 1.902255381350636, '_a3_': 2228.3649597804274, '_a4_': 613.8683846655532, '_a6_': -2.0408627111047273, '_a7_': 1.7751354046030778, '_a0_': 1.0, '_a2_': 1.0, '_a5_': 1.0}};{'d0': 0.02490583299083584};-272.381177152545;52.58063385138603
39606;-83.6099547248868;(((x * (((_a1_ * x) * _a7_) + sqrt((((_a4_ * _a6_) * _a7_) + _a3_)))) + _a7_) * x);{'d0': {'_a1_': 1.902255381350636, '_a3_': 2228.3649597804274, '_a4_': 613.8683846655532, '_a6_': -2.0408627111047273, '_a7_': 1.7751354046030778, '_a0_': 1.0, '_a2_': 1.0, '_a5_': 1.0}};{'d0': 0.02490583299083584};-272.381177152545;52.58063385138603
39607;-83.6099547248868;(((x * (((_a1_ * x) * _a7_) + sqrt((((_a4_ * _a6_) * _a7_) + _a3_)))) + _a7_) * x);{'d0': {'_a1_': 1.902255381350636, '_a3_': 2228.3649597804274, '_a4_': 613.8683846655532, '_a6_': -2.0408627111047273, '_a7_': 1.7751354046030778, '_a0_': 1.0, '_a2_': 1.0, '_a5_': 1.0}};{'d0': 0.02490583299083584};-272.381177152545;52.58063385138603
39608;-83.6099547248868;(((x * (((_a1_ * x) * _a7_) + sqrt((((_a4_ * _a6_) * _a7_) + _a3_)))) + _a7_) * x);{'d0': {'_a1_': 1.902255381350636, '_a3_': 2228.3649597804274, '_a4_': 613.8683846655532, '_a6_': -2.0408627111047273, '_a7_': 1.7751354046030778, '_a0_': 1.0, '_a2_': 1.0, '_a5_': 1.0}};{'d0': 0.02490583299083584};-272.381177152545;52.58063385138603
39609;-88.1100627083567;(((_a3_ + (pow2((_a0_ + x)) * pow2(_a6_))) * x) * (_a5_ * -((_a3_ / _a2_))));{'d0': {'_a0_': 0.3119297077187491, '_a2_': 0.9889866951866136, '_a3_': 0.4619963699711414, '_a5_': -6.702774214930779, '_a6_': -1.0384815748732776, '_a1_': 1.0, '_a4_': 1.0, '_a7_': 1.0}};{'d0': 0.02490583291950329};-272.381177324391;48.0805259538388
39610;-87.7767938851798;(((_a3_ + (pow2((_a0_ + x)) ** pow2(_a6_))) * x) * (_a5_ * -((_a3_ / _a2_))));{'d0': {'_a0_': 0.3100912269123393, '_a2_': 0.20923954887867013, '_a3_': 0.4240448771502851, '_a5_': -1.7068046086617652, '_a6_': -1.0232497160378036, '_a1_': 1.0, '_a4_': 1.0, '_a7_': 1.0}};{'d0': 0.023785370573972994};-275.143056519323;49.7947343744818
39611;-87.7767938851798;(((_a3_ + (pow2((_a0_ + x)) ** pow2(_a6_))) * x) * (_a5_ * -((_a3_ / _a2_))));{'d0': {'_a0_': 0.3100912269123393, '_a2_': 0.20923954887867013, '_a3_': 0.4240448771502851, '_a5_': -1.7068046086617652, '_a6_': -1.0232497160378036, '_a1_': 1.0, '_a4_': 1.0, '_a7_': 1.0}};{'d0': 0.023785370573972994};-275.143056519323;49.7947343744818
39612;-87.7767938851798;(((_a3_ + (pow2((_a0_ + x)) ** pow2(_a6_))) * x) * (_a5_ * -((_a3_ / _a2_))));{'d0': {'_a0_': 0.3100912269123393, '_a2_': 0.20923954887867013, '_a3_': 0.4240448771502851, '_a5_': -1.7068046086617652, '_a6_': -1.0232497160378036, '_a1_': 1.0, '_a4_': 1.0, '_a7_': 1.0}};{'d0': 0.023785370573972994};-275.143056519323;49.7947343744818
39613;-87.7767938851798;(((_a3_ + (pow2((_a0_ + x)) ** pow2(_a6_))) * x) * (_a5_ * -((_a3_ / _a2_))));{'d0': {'_a0_': 0.3100912269123393, '_a2_': 0.20923954887867013, '_a3_': 0.4240448771502851, '_a5_': -1.7068046086617652, '_a6_': -1.0232497160378036, '_a1_': 1.0, '_a4_': 1.0, '_a7_': 1.0}};{'d0': 0.023785370573972994};-275.143056519323;49.7947343744818
39614;-89.8791511792485;(((_a3_ + (pow2((_a0_ + x)) ** pow2(_a6_))) * x) * (_a5_ * -(pow2(_a1_))));{'d0': {'_a0_': 0.31009122690671187, '_a1_': 0.9750234182140416, '_a3_': 0.42404487572357996, '_a5_': -3.6384948694868067, '_a6_': -1.0232497203325095, '_a2_': 1.0, '_a4_': 1.0, '_a7_': 1.0}};{'d0': 0.02378537057375399};-275.143056519875;47.6923770806894
39615;-83.6099547248868;(((x * (((_a1_ * x) * _a7_) + sqrt((((_a4_ * _a6_) * _a7_) + _a3_)))) + _a7_) * x);{'d0': {'_a1_': 1.902255381350636, '_a3_': 2228.3649597804274, '_a4_': 613.8683846655532, '_a6_': -2.0408627111047273, '_a7_': 1.7751354046030778, '_a0_': 1.0, '_a2_': 1.0, '_a5_': 1.0}};{'d0': 0.02490583299083584};-272.381177152545;52.58063385138603
39616;-83.6099547248868;(((x * (((_a1_ * x) * _a7_) + sqrt((((_a4_ * _a6_) * _a7_) + _a3_)))) + _a7_) * x);{'d0': {'_a1_': 1.902255381350636, '_a3_': 2228.3649597804274, '_a4_': 613.8683846655532, '_a6_': -2.0408627111047273, '_a7_': 1.7751354046030778, '_a0_': 1.0, '_a2_': 1.0, '_a5_': 1.0}};{'d0': 0.02490583299083584};-272.381177152545;52.58063385138603
39617;-83.6099547248868;(((x * (((_a1_ * x) * _a7_) + sqrt((((_a4_ * _a6_) * _a7_) + _a3_)))) + _a7_) * x);{'d0': {'_a1_': 1.902255381350636, '_a3_': 2228.3649597804274, '_a4_': 613.8683846655532, '_a6_': -2.0408627111047273, '_a7_': 1.7751354046030778, '_a0_': 1.0, '_a2_': 1.0, '_a5_': 1.0}};{'d0': 0.02490583299083584};-272.381177152545;52.58063385138603
39618;-83.6099547248868;(((x * (((_a1_ * x) * _a7_) + sqrt((((_a4_ * _a6_) * _a7_) + _a3_)))) + _a7_) * x);{'d0': {'_a1_': 1.902255381350636, '_a3_': 2228.3649597804274, '_a4_': 613.8683846655532, '_a6_': -2.0408627111047273, '_a7_': 1.7751354046030778, '_a0_': 1.0, '_a2_': 1.0, '_a5_': 1.0}};{'d0': 0.02490583299083584};-272.381177152545;52.58063385138603
39619;-83.6099547248868;(((x * (((_a1_ * x) * _a7_) + sqrt((((_a4_ * _a6_) * _a7_) + _a3_)))) + _a7_) * x);{'d0': {'_a1_': 1.902255381350636, '_a3_': 2228.3649597804274, '_a4_': 613.8683846655532, '_a6_': -2.0408627111047273, '_a7_': 1.7751354046030778, '_a0_': 1.0, '_a2_': 1.0, '_a5_': 1.0}};{'d0': 0.02490583299083584};-272.381177152545;52.58063385138603
39620;-83.6099547248868;(((x * (((_a1_ * x) * _a7_) + sqrt((((_a4_ * _a6_) * _a7_) + _a3_)))) + _a7_) * x);{'d0': {'_a1_': 1.902255381350636, '_a3_': 2228.3649597804274, '_a4_': 613.8683846655532, '_a6_': -2.0408627111047273, '_a7_': 1.7751354046030778, '_a0_': 1.0, '_a2_': 1.0, '_a5_': 1.0}};{'d0': 0.02490583299083584};-272.381177152545;52.58063385138603
39621;-83.6099547248868;(((x * (((_a1_ * x) * _a7_) + sqrt((((_a4_ * _a6_) * _a7_) + _a3_)))) + _a7_) * x);{'d0': {'_a1_': 1.902255381350636, '_a3_': 2228.3649597804274, '_a4_': 613.8683846655532, '_a6_': -2.0408627111047273, '_a7_': 1.7751354046030778, '_a0_': 1.0, '_a2_': 1.0, '_a5_': 1.0}};{'d0': 0.02490583299083584};-272.381177152545;52.58063385138603
39622;-83.6099547248868;(((x * (((_a1_ * x) * _a7_) + sqrt((((_a4_ * _a6_) * _a7_) + _a3_)))) + _a7_) * x);{'d0': {'_a1_': 1.902255381350636, '_a3_': 2228.3649597804274, '_a4_': 613.8683846655532, '_a6_': -2.0408627111047273, '_a7_': 1.7751354046030778, '_a0_': 1.0, '_a2_': 1.0, '_a5_': 1.0}};{'d0': 0.02490583299083584};-272.381177152545;52.58063385138603
39623;-83.6099547248868;(((x * (((_a1_ * x) * _a7_) + sqrt((((_a4_ * _a6_) * _a7_) + _a3_)))) + _a7_) * x);{'d0': {'_a1_': 1.902255381350636, '_a3_': 2228.3649597804274, '_a4_': 613.8683846655532, '_a6_': -2.0408627111047273, '_a7_': 1.7751354046030778, '_a0_': 1.0, '_a2_': 1.0, '_a5_': 1.0}};{'d0': 0.02490583299083584};-272.381177152545;52.58063385138603
39624;-83.6099547248868;(((x * (((_a1_ * x) * _a7_) + sqrt((((_a4_ * _a6_) * _a7_) + _a3_)))) + _a7_) * x);{'d0': {'_a1_': 1.902255381350636, '_a3_': 2228.3649597804274, '_a4_': 613.8683846655532, '_a6_': -2.0408627111047273, '_a7_': 1.7751354046030778, '_a0_': 1.0, '_a2_': 1.0, '_a5_': 1.0}};{'d0': 0.02490583299083584};-272.381177152545;52.58063385138603
39625;-83.6099547248868;(((x * (((_a1_ * x) * _a7_) + sqrt((((_a4_ * _a6_) * _a7_) + _a3_)))) + _a7_) * x);{'d0': {'_a1_': 1.902255381350636, '_a3_': 2228.3649597804274, '_a4_': 613.8683846655532, '_a6_': -2.0408627111047273, '_a7_': 1.7751354046030778, '_a0_': 1.0, '_a2_': 1.0, '_a5_': 1.0}};{'d0': 0.02490583299083584};-272.381177152545;52.58063385138603
39626;-83.6099547248868;(((x * (((_a1_ * x) * _a7_) + sqrt((((_a4_ * _a6_) * _a7_) + _a3_)))) + _a7_) * x);{'d0': {'_a1_': 1.902255381350636, '_a3_': 2228.3649597804274, '_a4_': 613.8683846655532, '_a6_': -2.0408627111047273, '_a7_': 1.7751354046030778, '_a0_': 1.0, '_a2_': 1.0, '_a5_': 1.0}};{'d0': 0.02490583299083584};-272.381177152545;52.58063385138603
39627;-83.6099547248868;(((x * (((_a1_ * x) * _a7_) + sqrt((((_a4_ * _a6_) * _a7_) + _a3_)))) + _a7_) * x);{'d0': {'_a1_': 1.902255381350636, '_a3_': 2228.3649597804274, '_a4_': 613.8683846655532, '_a6_': -2.0408627111047273, '_a7_': 1.7751354046030778, '_a0_': 1.0, '_a2_': 1.0, '_a5_': 1.0}};{'d0': 0.02490583299083584};-272.381177152545;52.58063385138603
39628;-83.6099547248868;(((x * (((_a1_ * x) * _a7_) + sqrt((((_a4_ * _a6_) * _a7_) + _a3_)))) + _a7_) * x);{'d0': {'_a1_': 1.902255381350636, '_a3_': 2228.3649597804274, '_a4_': 613.8683846655532, '_a6_': -2.0408627111047273, '_a7_': 1.7751354046030778, '_a0_': 1.0, '_a2_': 1.0, '_a5_': 1.0}};{'d0': 0.02490583299083584};-272.381177152545;52.58063385138603
39629;-83.6099547248868;(((x * (((_a1_ * x) * _a7_) + sqrt((((_a4_ * _a6_) * _a7_) + _a3_)))) + _a7_) * x);{'d0': {'_a1_': 1.902255381350636, '_a3_': 2228.3649597804274, '_a4_': 613.8683846655532, '_a6_': -2.0408627111047273, '_a7_': 1.7751354046030778, '_a0_': 1.0, '_a2_': 1.0, '_a5_': 1.0}};{'d0': 0.02490583299083584};-272.381177152545;52.58063385138603
39630;-83.6099547248868;(((x * (((_a1_ * x) * _a7_) + sqrt((((_a4_ * _a6_) * _a7_) + _a3_)))) + _a7_) * x);{'d0': {'_a1_': 1.902255381350636, '_a3_': 2228.3649597804274, '_a4_': 613.8683846655532, '_a6_': -2.0408627111047273, '_a7_': 1.7751354046030778, '_a0_': 1.0, '_a2_': 1.0, '_a5_': 1.0}};{'d0': 0.02490583299083584};-272.381177152545;52.58063385138603
39631;-83.6099547248868;(((x * (((_a1_ * x) * _a7_) + sqrt((((_a4_ * _a6_) * _a7_) + _a3_)))) + _a7_) * x);{'d0': {'_a1_': 1.902255381350636, '_a3_': 2228.3649597804274, '_a4_': 613.8683846655532, '_a6_': -2.0408627111047273, '_a7_': 1.7751354046030778, '_a0_': 1.0, '_a2_': 1.0, '_a5_': 1.0}};{'d0': 0.02490583299083584};-272.381177152545;52.58063385138603
39632;-91.6978938142953;((x * _a2_) + (((x * pow2(((_a4_ * (x + _a3_)) / _a4_))) * _a7_) / _a2_));{'d0': {'_a2_': 1.4465760889229886, '_a3_': 0.31192970766565625, '_a7_': 4.884741544915575, '_a0_': 1.0, '_a1_': 1.0, '_a4_': 1.0, '_a5_': 1.0, '_a6_': 1.0}};{'d0': 0.024905832919416546};-276.475521886822;46.53986712911547
39633;-91.6978938142953;((x * _a2_) + (((x * pow2(((_a4_ * (x + _a3_)) / _a4_))) * _a7_) / _a2_));{'d0': {'_a2_': 1.4465760889229886, '_a3_': 0.31192970766565625, '_a7_': 4.884741544915575, '_a0_': 1.0, '_a1_': 1.0, '_a4_': 1.0, '_a5_': 1.0, '_a6_': 1.0}};{'d0': 0.024905832919416546};-276.475521886822;46.53986712911547
39634;-91.6978938142953;((x * _a2_) + (((x * pow2(((_a4_ * (x + _a3_)) / _a4_))) * _a7_) / _a2_));{'d0': {'_a2_': 1.4465760889229886, '_a3_': 0.31192970766565625, '_a7_': 4.884741544915575, '_a0_': 1.0, '_a1_': 1.0, '_a4_': 1.0, '_a5_': 1.0, '_a6_': 1.0}};{'d0': 0.024905832919416546};-276.475521886822;46.53986712911547
39635;-91.6978938142953;((x * _a2_) + (((x * pow2(((_a4_ * (x + _a3_)) / _a4_))) * _a7_) / _a2_));{'d0': {'_a2_': 1.4465760889229886, '_a3_': 0.31192970766565625, '_a7_': 4.884741544915575, '_a0_': 1.0, '_a1_': 1.0, '_a4_': 1.0, '_a5_': 1.0, '_a6_': 1.0}};{'d0': 0.024905832919416546};-276.475521886822;46.53986712911547
39636;-91.6978938142953;((x * _a2_) + (((x * pow2(((_a4_ * (x + _a3_)) / _a4_))) * _a7_) / _a2_));{'d0': {'_a2_': 1.4465760889229886, '_a3_': 0.31192970766565625, '_a7_': 4.884741544915575, '_a0_': 1.0, '_a1_': 1.0, '_a4_': 1.0, '_a5_': 1.0, '_a6_': 1.0}};{'d0': 0.024905832919416546};-276.475521886822;46.53986712911547
39637;-95.7820324606654;((x + -((x * (_a3_ * (pow2(x) + (_a2_ + (x * _a1_))))))) * _a1_);{'d0': {'_a1_': 0.623859415479207, '_a2_': 0.34094092805811305, '_a3_': -5.412695226337956, '_a0_': 1.0, '_a4_': 1.0, '_a5_': 1.0, '_a6_': 1.0, '_a7_': 1.0}};{'d0': 0.024905832919416563};-280.569866449044;44.502900763856346
39638;-95.7820324606654;((x + -((x * (_a3_ * (pow2(x) + (_a2_ + (x * _a1_))))))) * _a1_);{'d0': {'_a1_': 0.623859415479207, '_a2_': 0.34094092805811305, '_a3_': -5.412695226337956, '_a0_': 1.0, '_a4_': 1.0, '_a5_': 1.0, '_a6_': 1.0, '_a7_': 1.0}};{'d0': 0.024905832919416563};-280.569866449044;44.502900763856346
39639;-95.7820324606654;((x + -((x * (_a3_ * (pow2(x) + (_a2_ + (x * _a1_))))))) * _a1_);{'d0': {'_a1_': 0.623859415479207, '_a2_': 0.34094092805811305, '_a3_': -5.412695226337956, '_a0_': 1.0, '_a4_': 1.0, '_a5_': 1.0, '_a6_': 1.0, '_a7_': 1.0}};{'d0': 0.024905832919416563};-280.569866449044;44.502900763856346
39640;-96.6809362979163;((x + -((x * (_a3_ * (pow2(x) + (_a2_ * (x * _a1_))))))) * _a1_);{'d0': {'_a1_': 1.7751354038707732, '_a2_': 0.35144328375071693, '_a3_': -1.9022553838081802, '_a0_': 1.0, '_a4_': 1.0, '_a5_': 1.0, '_a6_': 1.0, '_a7_': 1.0}};{'d0': 0.02490583291941662};-280.569866449044;43.60399692660535
39641;-96.6809362979163;((x + -((x * (_a3_ * (pow2(x) + (_a2_ * (x * _a1_))))))) * _a1_);{'d0': {'_a1_': 1.7751354038707732, '_a2_': 0.35144328375071693, '_a3_': -1.9022553838081802, '_a0_': 1.0, '_a4_': 1.0, '_a5_': 1.0, '_a6_': 1.0, '_a7_': 1.0}};{'d0': 0.02490583291941662};-280.569866449044;43.60399692660535
39642;-96.6809362979163;((x + -((x * (_a3_ * (pow2(x) + (_a2_ * (x * _a1_))))))) * _a1_);{'d0': {'_a1_': 1.7751354038707732, '_a2_': 0.35144328375071693, '_a3_': -1.9022553838081802, '_a0_': 1.0, '_a4_': 1.0, '_a5_': 1.0, '_a6_': 1.0, '_a7_': 1.0}};{'d0': 0.02490583291941662};-280.569866449044;43.60399692660535
39643;-96.6809362979163;((x + -((x * (_a3_ * (pow2(x) + (_a2_ * (x * _a1_))))))) * _a1_);{'d0': {'_a1_': 1.7751354038707732, '_a2_': 0.35144328375071693, '_a3_': -1.9022553838081802, '_a0_': 1.0, '_a4_': 1.0, '_a5_': 1.0, '_a6_': 1.0, '_a7_': 1.0}};{'d0': 0.02490583291941662};-280.569866449044;43.60399692660535
39644;-96.6809362979163;((x + -((x * (_a3_ * (pow2(x) + (_a2_ * (x * _a1_))))))) * _a1_);{'d0': {'_a1_': 1.7751354038707732, '_a2_': 0.35144328375071693, '_a3_': -1.9022553838081802, '_a0_': 1.0, '_a4_': 1.0, '_a5_': 1.0, '_a6_': 1.0, '_a7_': 1.0}};{'d0': 0.02490583291941662};-280.569866449044;43.60399692660535
39645;-96.6809362979163;((x + -((x * (_a3_ * (pow2(x) + (_a2_ * (x * _a1_))))))) * _a1_);{'d0': {'_a1_': 1.7751354038707732, '_a2_': 0.35144328375071693, '_a3_': -1.9022553838081802, '_a0_': 1.0, '_a4_': 1.0, '_a5_': 1.0, '_a6_': 1.0, '_a7_': 1.0}};{'d0': 0.02490583291941662};-280.569866449044;43.60399692660535
39646;-96.6809362979163;((x + -((x * (_a3_ * (pow2(x) + (_a2_ * (x * _a1_))))))) * _a1_);{'d0': {'_a1_': 1.7751354038707732, '_a2_': 0.35144328375071693, '_a3_': -1.9022553838081802, '_a0_': 1.0, '_a4_': 1.0, '_a5_': 1.0, '_a6_': 1.0, '_a7_': 1.0}};{'d0': 0.02490583291941662};-280.569866449044;43.60399692660535
39647;-96.6809362979163;((x + -((x * (_a3_ * (pow2(x) + (_a2_ * (x * _a1_))))))) * _a1_);{'d0': {'_a1_': 1.7751354038707732, '_a2_': 0.35144328375071693, '_a3_': -1.9022553838081802, '_a0_': 1.0, '_a4_': 1.0, '_a5_': 1.0, '_a6_': 1.0, '_a7_': 1.0}};{'d0': 0.02490583291941662};-280.569866449044;43.60399692660535
39648;-96.6809362979163;((x + -((x * (_a3_ * (pow2(x) + (_a2_ * (x * _a1_))))))) * _a1_);{'d0': {'_a1_': 1.7751354038707732, '_a2_': 0.35144328375071693, '_a3_': -1.9022553838081802, '_a0_': 1.0, '_a4_': 1.0, '_a5_': 1.0, '_a6_': 1.0, '_a7_': 1.0}};{'d0': 0.02490583291941662};-280.569866449044;43.60399692660535
39649;-96.6809362979163;((x + -((x * (_a3_ * (pow2(x) + (_a2_ * (x * _a1_))))))) * _a1_);{'d0': {'_a1_': 1.7751354038707732, '_a2_': 0.35144328375071693, '_a3_': -1.9022553838081802, '_a0_': 1.0, '_a4_': 1.0, '_a5_': 1.0, '_a6_': 1.0, '_a7_': 1.0}};{'d0': 0.02490583291941662};-280.569866449044;43.60399692660535
39650;-96.6809362979163;((x + -((x * (_a3_ * (pow2(x) + (_a2_ * (x * _a1_))))))) * _a1_);{'d0': {'_a1_': 1.7751354038707732, '_a2_': 0.35144328375071693, '_a3_': -1.9022553838081802, '_a0_': 1.0, '_a4_': 1.0, '_a5_': 1.0, '_a6_': 1.0, '_a7_': 1.0}};{'d0': 0.02490583291941662};-280.569866449044;43.60399692660535
39651;-96.6809362979163;((x + -((x * (_a3_ * (pow2(x) + (_a2_ * (x * _a1_))))))) * _a1_);{'d0': {'_a1_': 1.7751354038707732, '_a2_': 0.35144328375071693, '_a3_': -1.9022553838081802, '_a0_': 1.0, '_a4_': 1.0, '_a5_': 1.0, '_a6_': 1.0, '_a7_': 1.0}};{'d0': 0.02490583291941662};-280.569866449044;43.60399692660535
39652;-96.6809362979163;((x + -((x * (_a3_ * (pow2(x) + (_a2_ * (x * _a1_))))))) * _a1_);{'d0': {'_a1_': 1.7751354038707732, '_a2_': 0.35144328375071693, '_a3_': -1.9022553838081802, '_a0_': 1.0, '_a4_': 1.0, '_a5_': 1.0, '_a6_': 1.0, '_a7_': 1.0}};{'d0': 0.02490583291941662};-280.569866449044;43.60399692660535
39653;-96.6809362979163;((x + -((x * (_a3_ * (pow2(x) + (_a2_ * (x * _a1_))))))) * _a1_);{'d0': {'_a1_': 1.7751354038707732, '_a2_': 0.35144328375071693, '_a3_': -1.9022553838081802, '_a0_': 1.0, '_a4_': 1.0, '_a5_': 1.0, '_a6_': 1.0, '_a7_': 1.0}};{'d0': 0.02490583291941662};-280.569866449044;43.60399692660535
39654;-96.6809362979163;((x + -((x * (_a3_ * (pow2(x) + (_a2_ * (x * _a1_))))))) * _a1_);{'d0': {'_a1_': 1.7751354038707732, '_a2_': 0.35144328375071693, '_a3_': -1.9022553838081802, '_a0_': 1.0, '_a4_': 1.0, '_a5_': 1.0, '_a6_': 1.0, '_a7_': 1.0}};{'d0': 0.02490583291941662};-280.569866449044;43.60399692660535
39655;-96.6809362979163;((x + -((x * (_a3_ * (pow2(x) + (_a2_ * (x * _a1_))))))) * _a1_);{'d0': {'_a1_': 1.7751354038707732, '_a2_': 0.35144328375071693, '_a3_': -1.9022553838081802, '_a0_': 1.0, '_a4_': 1.0, '_a5_': 1.0, '_a6_': 1.0, '_a7_': 1.0}};{'d0': 0.02490583291941662};-280.569866449044;43.60399692660535
39656;-104.429306858733;((_a5_ + (x * (_a5_ + ((_a1_ * -(x)) + _a0_)))) * x);{'d0': {'_a0_': 0.33148866794216064, '_a1_': -3.3767608832943274, '_a5_': 1.775135403574837, '_a2_': 1.0, '_a3_': 1.0, '_a4_': 1.0, '_a6_': 1.0, '_a7_': 1.0}};{'d0': 0.02490583291941667};-280.569866449043;35.85562636578946
39657;-104.429306858733;((_a5_ + (x * (_a5_ + ((_a1_ * -(x)) + _a0_)))) * x);{'d0': {'_a0_': 0.33148866794216064, '_a1_': -3.3767608832943274, '_a5_': 1.775135403574837, '_a2_': 1.0, '_a3_': 1.0, '_a4_': 1.0, '_a6_': 1.0, '_a7_': 1.0}};{'d0': 0.02490583291941667};-280.569866449043;35.85562636578946
39658;-104.429306858733;((_a5_ + (x * (_a5_ + ((_a1_ * -(x)) + _a0_)))) * x);{'d0': {'_a0_': 0.33148866794216064, '_a1_': -3.3767608832943274, '_a5_': 1.775135403574837, '_a2_': 1.0, '_a3_': 1.0, '_a4_': 1.0, '_a6_': 1.0, '_a7_': 1.0}};{'d0': 0.02490583291941667};-280.569866449043;35.85562636578946
39659;-104.429306858733;((_a5_ + (x * (_a5_ + ((_a1_ * -(x)) + _a0_)))) * x);{'d0': {'_a0_': 0.33148866794216064, '_a1_': -3.3767608832943274, '_a5_': 1.775135403574837, '_a2_': 1.0, '_a3_': 1.0, '_a4_': 1.0, '_a6_': 1.0, '_a7_': 1.0}};{'d0': 0.02490583291941667};-280.569866449043;35.85562636578946
39660;-104.429306858733;((_a5_ + (x * (_a5_ + ((_a1_ * -(x)) + _a0_)))) * x);{'d0': {'_a0_': 0.33148866794216064, '_a1_': -3.3767608832943274, '_a5_': 1.775135403574837, '_a2_': 1.0, '_a3_': 1.0, '_a4_': 1.0, '_a6_': 1.0, '_a7_': 1.0}};{'d0': 0.02490583291941667};-280.569866449043;35.85562636578946
39661;-104.429306858733;((_a5_ + (x * (_a5_ + ((_a1_ * -(x)) + _a0_)))) * x);{'d0': {'_a0_': 0.33148866794216064, '_a1_': -3.3767608832943274, '_a5_': 1.775135403574837, '_a2_': 1.0, '_a3_': 1.0, '_a4_': 1.0, '_a6_': 1.0, '_a7_': 1.0}};{'d0': 0.02490583291941667};-280.569866449043;35.85562636578946
39662;-104.429306858733;((_a5_ + (x * (_a5_ + ((_a1_ * -(x)) + _a0_)))) * x);{'d0': {'_a0_': 0.33148866794216064, '_a1_': -3.3767608832943274, '_a5_': 1.775135403574837, '_a2_': 1.0, '_a3_': 1.0, '_a4_': 1.0, '_a6_': 1.0, '_a7_': 1.0}};{'d0': 0.02490583291941667};-280.569866449043;35.85562636578946
39663;-104.429306858733;((_a5_ + (x * (_a5_ + ((_a1_ * -(x)) + _a0_)))) * x);{'d0': {'_a0_': 0.33148866794216064, '_a1_': -3.3767608832943274, '_a5_': 1.775135403574837, '_a2_': 1.0, '_a3_': 1.0, '_a4_': 1.0, '_a6_': 1.0, '_a7_': 1.0}};{'d0': 0.02490583291941667};-280.569866449043;35.85562636578946
39664;-104.429306858733;((_a5_ + (x * (_a5_ + ((_a1_ * -(x)) + _a0_)))) * x);{'d0': {'_a0_': 0.33148866794216064, '_a1_': -3.3767608832943274, '_a5_': 1.775135403574837, '_a2_': 1.0, '_a3_': 1.0, '_a4_': 1.0, '_a6_': 1.0, '_a7_': 1.0}};{'d0': 0.02490583291941667};-280.569866449043;35.85562636578946
39665;-104.429306858733;((_a5_ + (x * (_a5_ + ((_a1_ * -(x)) + _a0_)))) * x);{'d0': {'_a0_': 0.33148866794216064, '_a1_': -3.3767608832943274, '_a5_': 1.775135403574837, '_a2_': 1.0, '_a3_': 1.0, '_a4_': 1.0, '_a6_': 1.0, '_a7_': 1.0}};{'d0': 0.02490583291941667};-280.569866449043;35.85562636578946
39666;-104.429306858733;((_a5_ + (x * (_a5_ + ((_a1_ * -(x)) + _a0_)))) * x);{'d0': {'_a0_': 0.33148866794216064, '_a1_': -3.3767608832943274, '_a5_': 1.775135403574837, '_a2_': 1.0, '_a3_': 1.0, '_a4_': 1.0, '_a6_': 1.0, '_a7_': 1.0}};{'d0': 0.02490583291941667};-280.569866449043;35.85562636578946
39667;-104.429306858733;((_a5_ + (x * (_a5_ + ((_a1_ * -(x)) + _a0_)))) * x);{'d0': {'_a0_': 0.33148866794216064, '_a1_': -3.3767608832943274, '_a5_': 1.775135403574837, '_a2_': 1.0, '_a3_': 1.0, '_a4_': 1.0, '_a6_': 1.0, '_a7_': 1.0}};{'d0': 0.02490583291941667};-280.569866449043;35.85562636578946
39668;-104.429306858733;((_a5_ + (x * (_a5_ + ((_a1_ * -(x)) + _a0_)))) * x);{'d0': {'_a0_': 0.33148866794216064, '_a1_': -3.3767608832943274, '_a5_': 1.775135403574837, '_a2_': 1.0, '_a3_': 1.0, '_a4_': 1.0, '_a6_': 1.0, '_a7_': 1.0}};{'d0': 0.02490583291941667};-280.569866449043;35.85562636578946
39669;-104.429306858733;((_a5_ + (x * (_a5_ + ((_a1_ * -(x)) + _a0_)))) * x);{'d0': {'_a0_': 0.33148866794216064, '_a1_': -3.3767608832943274, '_a5_': 1.775135403574837, '_a2_': 1.0, '_a3_': 1.0, '_a4_': 1.0, '_a6_': 1.0, '_a7_': 1.0}};{'d0': 0.02490583291941667};-280.569866449043;35.85562636578946
39670;-96.6809362979163;((x + -((x * (_a3_ * (pow2(x) + (_a2_ * (x * _a1_))))))) * _a1_);{'d0': {'_a1_': 1.7751354038707732, '_a2_': 0.35144328375071693, '_a3_': -1.9022553838081802, '_a0_': 1.0, '_a4_': 1.0, '_a5_': 1.0, '_a6_': 1.0, '_a7_': 1.0}};{'d0': 0.02490583291941662};-280.569866449044;43.60399692660535
39671;-96.6809362979163;((x + -((x * (_a3_ * (pow2(x) + (_a2_ * (x * _a1_))))))) * _a1_);{'d0': {'_a1_': 1.7751354038707732, '_a2_': 0.35144328375071693, '_a3_': -1.9022553838081802, '_a0_': 1.0, '_a4_': 1.0, '_a5_': 1.0, '_a6_': 1.0, '_a7_': 1.0}};{'d0': 0.02490583291941662};-280.569866449044;43.60399692660535
39672;-96.6809362979163;((x + -((x * (_a3_ * (pow2(x) + (_a2_ * (x * _a1_))))))) * _a1_);{'d0': {'_a1_': 1.7751354038707732, '_a2_': 0.35144328375071693, '_a3_': -1.9022553838081802, '_a0_': 1.0, '_a4_': 1.0, '_a5_': 1.0, '_a6_': 1.0, '_a7_': 1.0}};{'d0': 0.02490583291941662};-280.569866449044;43.60399692660535
39673;-96.6809362979163;((x + -((x * (_a3_ * (pow2(x) + (_a2_ * (x * _a1_))))))) * _a1_);{'d0': {'_a1_': 1.7751354038707732, '_a2_': 0.35144328375071693, '_a3_': -1.9022553838081802, '_a0_': 1.0, '_a4_': 1.0, '_a5_': 1.0, '_a6_': 1.0, '_a7_': 1.0}};{'d0': 0.02490583291941662};-280.569866449044;43.60399692660535
39674;-96.6809362979163;((x + -((x * (_a3_ * (pow2(x) + (_a2_ * (x * _a1_))))))) * _a1_);{'d0': {'_a1_': 1.7751354038707732, '_a2_': 0.35144328375071693, '_a3_': -1.9022553838081802, '_a0_': 1.0, '_a4_': 1.0, '_a5_': 1.0, '_a6_': 1.0, '_a7_': 1.0}};{'d0': 0.02490583291941662};-280.569866449044;43.60399692660535
39675;-96.6809362979163;((x + -((x * (_a3_ * (pow2(x) + (_a0_ * (x * _a1_))))))) * _a1_);{'d0': {'_a0_': 0.3514432838426298, '_a1_': 1.7751354035784508, '_a3_': -1.902255385249021, '_a2_': 1.0, '_a4_': 1.0, '_a5_': 1.0, '_a6_': 1.0, '_a7_': 1.0}};{'d0': 0.024905832919416625};-280.569866449044;43.60399692660535
39676;-96.6809362979163;((x + -((x * (_a3_ * (pow2(x) + (_a0_ * (x * _a1_))))))) * _a1_);{'d0': {'_a0_': 0.3514432838426298, '_a1_': 1.7751354035784508, '_a3_': -1.902255385249021, '_a2_': 1.0, '_a4_': 1.0, '_a5_': 1.0, '_a6_': 1.0, '_a7_': 1.0}};{'d0': 0.024905832919416625};-280.569866449044;43.60399692660535
39677;-96.6809362979163;((x + -((x * (_a3_ * (pow2(x) + (_a0_ * (x * _a1_))))))) * _a1_);{'d0': {'_a0_': 0.3514432838426298, '_a1_': 1.7751354035784508, '_a3_': -1.902255385249021, '_a2_': 1.0, '_a4_': 1.0, '_a5_': 1.0, '_a6_': 1.0, '_a7_': 1.0}};{'d0': 0.024905832919416625};-280.569866449044;43.60399692660535
39678;-96.6809362979163;((x + -((x * (_a3_ * (pow2(x) + (_a0_ * (x * _a1_))))))) * _a1_);{'d0': {'_a0_': 0.3514432838426298, '_a1_': 1.7751354035784508, '_a3_': -1.902255385249021, '_a2_': 1.0, '_a4_': 1.0, '_a5_': 1.0, '_a6_': 1.0, '_a7_': 1.0}};{'d0': 0.024905832919416625};-280.569866449044;43.60399692660535
39679;-96.6809362979163;((x + -((x * (_a3_ * (pow2(x) + (_a0_ * (x * _a1_))))))) * _a1_);{'d0': {'_a0_': 0.3514432838426298, '_a1_': 1.7751354035784508, '_a3_': -1.902255385249021, '_a2_': 1.0, '_a4_': 1.0, '_a5_': 1.0, '_a6_': 1.0, '_a7_': 1.0}};{'d0': 0.024905832919416625};-280.569866449044;43.60399692660535
39680;-96.6809362979163;((x + -((x * (_a3_ * (pow2(x) + (_a0_ * (x * _a1_))))))) * _a1_);{'d0': {'_a0_': 0.3514432838426298, '_a1_': 1.7751354035784508, '_a3_': -1.902255385249021, '_a2_': 1.0, '_a4_': 1.0, '_a5_': 1.0, '_a6_': 1.0, '_a7_': 1.0}};{'d0': 0.024905832919416625};-280.569866449044;43.60399692660535
39681;-96.6809362979163;((x + -((x * (_a3_ * (pow2(x) + (_a0_ * (x * _a1_))))))) * _a1_);{'d0': {'_a0_': 0.3514432838426298, '_a1_': 1.7751354035784508, '_a3_': -1.902255385249021, '_a2_': 1.0, '_a4_': 1.0, '_a5_': 1.0, '_a6_': 1.0, '_a7_': 1.0}};{'d0': 0.024905832919416625};-280.569866449044;43.60399692660535
39682;-96.6809362979163;((x + -((x * (_a3_ * (pow2(x) + (_a0_ * (x * _a1_))))))) * _a1_);{'d0': {'_a0_': 0.3514432838426298, '_a1_': 1.7751354035784508, '_a3_': -1.902255385249021, '_a2_': 1.0, '_a4_': 1.0, '_a5_': 1.0, '_a6_': 1.0, '_a7_': 1.0}};{'d0': 0.024905832919416625};-280.569866449044;43.60399692660535
39683;-96.6809362979163;((x + -((x * (_a3_ * (pow2(x) + (_a0_ * (x * _a1_))))))) * _a1_);{'d0': {'_a0_': 0.3514432838426298, '_a1_': 1.7751354035784508, '_a3_': -1.902255385249021, '_a2_': 1.0, '_a4_': 1.0, '_a5_': 1.0, '_a6_': 1.0, '_a7_': 1.0}};{'d0': 0.024905832919416625};-280.569866449044;43.60399692660535
39684;-96.6809362979163;((x + -((x * (_a3_ * (pow2(x) + (_a0_ * (x * _a1_))))))) * _a1_);{'d0': {'_a0_': 0.3514432838426298, '_a1_': 1.7751354035784508, '_a3_': -1.902255385249021, '_a2_': 1.0, '_a4_': 1.0, '_a5_': 1.0, '_a6_': 1.0, '_a7_': 1.0}};{'d0': 0.024905832919416625};-280.569866449044;43.60399692660535
39685;-96.6809362979163;((x + -((x * (_a3_ * (pow2(x) + (_a0_ * (x * _a1_))))))) * _a1_);{'d0': {'_a0_': 0.3514432838426298, '_a1_': 1.7751354035784508, '_a3_': -1.902255385249021, '_a2_': 1.0, '_a4_': 1.0, '_a5_': 1.0, '_a6_': 1.0, '_a7_': 1.0}};{'d0': 0.024905832919416625};-280.569866449044;43.60399692660535
39686;-96.6809362979163;((x + -((x * (_a3_ * (pow2(x) + (_a0_ * (x * _a1_))))))) * _a1_);{'d0': {'_a0_': 0.3514432838426298, '_a1_': 1.7751354035784508, '_a3_': -1.902255385249021, '_a2_': 1.0, '_a4_': 1.0, '_a5_': 1.0, '_a6_': 1.0, '_a7_': 1.0}};{'d0': 0.024905832919416625};-280.569866449044;43.60399692660535
39687;-95.7820324606653;((x + -((x * (_a3_ * (pow2(x) + (_a0_ * (x + _a1_))))))) * _a1_);{'d0': {'_a0_': 0.6238594156093427, '_a1_': 0.5714033516309782, '_a3_': -5.9095923534783, '_a2_': 1.0, '_a4_': 1.0, '_a5_': 1.0, '_a6_': 1.0, '_a7_': 1.0}};{'d0': 0.024905832919416608};-280.569866449044;44.502900763856346
39688;-95.7820324606653;((x + -((x * (_a3_ * (pow2(x) + (_a0_ * (x + _a1_))))))) * _a0_);{'d0': {'_a0_': 0.6238594157430261, '_a1_': 0.5465028184898085, '_a3_': -5.412695214947345, '_a2_': 1.0, '_a4_': 1.0, '_a5_': 1.0, '_a6_': 1.0, '_a7_': 1.0}};{'d0': 0.02490583291941661};-280.569866449044;44.502900763856346
39689;-95.7820324606653;((x + -((x * (_a3_ * (pow2(x) + (_a0_ * (x + _a1_))))))) * _a0_);{'d0': {'_a0_': 0.6238594157430261, '_a1_': 0.5465028184898085, '_a3_': -5.412695214947345, '_a2_': 1.0, '_a4_': 1.0, '_a5_': 1.0, '_a6_': 1.0, '_a7_': 1.0}};{'d0': 0.02490583291941661};-280.569866449044;44.502900763856346
39690;-95.7820324606653;((x + -((x * (_a3_ * (pow2(x) + (_a0_ * (x + _a1_))))))) * _a0_);{'d0': {'_a0_': 0.6238594157430261, '_a1_': 0.5465028184898085, '_a3_': -5.412695214947345, '_a2_': 1.0, '_a4_': 1.0, '_a5_': 1.0, '_a6_': 1.0, '_a7_': 1.0}};{'d0': 0.02490583291941661};-280.569866449044;44.502900763856346
39691;-95.7820324606653;((x + -((x * (_a3_ * (pow2(x) + (_a0_ * (x + _a1_))))))) * _a0_);{'d0': {'_a0_': 0.6238594157430261, '_a1_': 0.5465028184898085, '_a3_': -5.412695214947345, '_a2_': 1.0, '_a4_': 1.0, '_a5_': 1.0, '_a6_': 1.0, '_a7_': 1.0}};{'d0': 0.02490583291941661};-280.569866449044;44.502900763856346
39692;-95.7820324606653;((x + -((x * (_a3_ * (pow2(x) + (_a0_ * (x + _a1_))))))) * _a0_);{'d0': {'_a0_': 0.6238594157430261, '_a1_': 0.5465028184898085, '_a3_': -5.412695214947345, '_a2_': 1.0, '_a4_': 1.0, '_a5_': 1.0, '_a6_': 1.0, '_a7_': 1.0}};{'d0': 0.02490583291941661};-280.569866449044;44.502900763856346
39693;-95.7820324606653;((x + -((x * (_a3_ * (pow2(x) + (_a0_ * (x + _a1_))))))) * _a0_);{'d0': {'_a0_': 0.6238594157430261, '_a1_': 0.5465028184898085, '_a3_': -5.412695214947345, '_a2_': 1.0, '_a4_': 1.0, '_a5_': 1.0, '_a6_': 1.0, '_a7_': 1.0}};{'d0': 0.02490583291941661};-280.569866449044;44.502900763856346
39694;-98.6290150923302;((_a5_ + (x * ((_a0_ / _a0_) + ((_a1_ * -(x)) + _a0_)))) * x);{'d0': {'_a0_': 1.1066240690483065, '_a1_': -3.3767608794378887, '_a5_': 1.7751354043129104, '_a2_': 1.0, '_a3_': 1.0, '_a4_': 1.0, '_a6_': 1.0, '_a7_': 1.0}};{'d0': 0.024905832919416587};-280.569866449044;41.655918132191864
39695;-98.6290150923302;((_a5_ + (x * ((_a0_ / _a0_) + ((_a1_ * -(x)) + _a0_)))) * x);{'d0': {'_a0_': 1.1066240690483065, '_a1_': -3.3767608794378887, '_a5_': 1.7751354043129104, '_a2_': 1.0, '_a3_': 1.0, '_a4_': 1.0, '_a6_': 1.0, '_a7_': 1.0}};{'d0': 0.024905832919416587};-280.569866449044;41.655918132191864
39696;-98.6290150923302;((_a5_ + (x * ((_a0_ / _a0_) + ((_a1_ * -(x)) + _a0_)))) * x);{'d0': {'_a0_': 1.1066240690483065, '_a1_': -3.3767608794378887, '_a5_': 1.7751354043129104, '_a2_': 1.0, '_a3_': 1.0, '_a4_': 1.0, '_a6_': 1.0, '_a7_': 1.0}};{'d0': 0.024905832919416587};-280.569866449044;41.655918132191864
39697;-98.6290150923302;((_a5_ + (x * ((_a0_ / _a0_) + ((_a1_ * -(x)) + _a0_)))) * x);{'d0': {'_a0_': 1.1066240690483065, '_a1_': -3.3767608794378887, '_a5_': 1.7751354043129104, '_a2_': 1.0, '_a3_': 1.0, '_a4_': 1.0, '_a6_': 1.0, '_a7_': 1.0}};{'d0': 0.024905832919416587};-280.569866449044;41.655918132191864
39698;-98.6290150923302;((_a5_ + (x * ((_a0_ / _a0_) + ((_a1_ * -(x)) + _a0_)))) * x);{'d0': {'_a0_': 1.1066240690483065, '_a1_': -3.3767608794378887, '_a5_': 1.7751354043129104, '_a2_': 1.0, '_a3_': 1.0, '_a4_': 1.0, '_a6_': 1.0, '_a7_': 1.0}};{'d0': 0.024905832919416587};-280.569866449044;41.655918132191864
39699;-98.6290150923302;((_a5_ + (x * ((_a0_ / _a0_) + ((_a1_ * -(x)) + _a0_)))) * x);{'d0': {'_a0_': 1.1066240690483065, '_a1_': -3.3767608794378887, '_a5_': 1.7751354043129104, '_a2_': 1.0, '_a3_': 1.0, '_a4_': 1.0, '_a6_': 1.0, '_a7_': 1.0}};{'d0': 0.024905832919416587};-280.569866449044;41.655918132191864
39700;-91.6049495719802;((abs(_a5_) + (x * ((_a0_ / _a0_) + ((_a1_ * -(x)) + _a0_)))) * x);{'d0': {'_a0_': 1.1066240690483065, '_a1_': -3.3767608794378887, '_a5_': 1.7751354043129104, '_a2_': 1.0, '_a3_': 1.0, '_a4_': 1.0, '_a6_': 1.0, '_a7_': 1.0}};{'d0': 0.024905832919416587};-280.569866449044;48.679983652541864
39701;-91.6049495719802;((abs(_a5_) + (x * ((_a0_ / _a0_) + ((_a1_ * -(x)) + _a0_)))) * x);{'d0': {'_a0_': 1.1066240690483065, '_a1_': -3.3767608794378887, '_a5_': 1.7751354043129104, '_a2_': 1.0, '_a3_': 1.0, '_a4_': 1.0, '_a6_': 1.0, '_a7_': 1.0}};{'d0': 0.024905832919416587};-280.569866449044;48.679983652541864
39702;-91.6049495719802;((abs(_a5_) + (x * ((_a0_ / _a0_) + ((_a1_ * -(x)) + _a0_)))) * x);{'d0': {'_a0_': 1.1066240690483065, '_a1_': -3.3767608794378887, '_a5_': 1.7751354043129104, '_a2_': 1.0, '_a3_': 1.0, '_a4_': 1.0, '_a6_': 1.0, '_a7_': 1.0}};{'d0': 0.024905832919416587};-280.569866449044;48.679983652541864
39703;-91.6049495719802;((abs(_a5_) + (x * ((_a0_ / _a0_) + ((_a1_ * -(x)) + _a0_)))) * x);{'d0': {'_a0_': 1.1066240690483065, '_a1_': -3.3767608794378887, '_a5_': 1.7751354043129104, '_a2_': 1.0, '_a3_': 1.0, '_a4_': 1.0, '_a6_': 1.0, '_a7_': 1.0}};{'d0': 0.024905832919416587};-280.569866449044;48.679983652541864
39704;-91.6049495719802;((abs(_a5_) + (x * ((_a0_ / _a0_) + ((_a1_ * -(x)) + _a0_)))) * x);{'d0': {'_a0_': 1.1066240690483065, '_a1_': -3.3767608794378887, '_a5_': 1.7751354043129104, '_a2_': 1.0, '_a3_': 1.0, '_a4_': 1.0, '_a6_': 1.0, '_a7_': 1.0}};{'d0': 0.024905832919416587};-280.569866449044;48.679983652541864
39705;-92.7084140433002;(((x + _a3_) + (x * ((_a0_ / _a0_) + ((_a1_ * -(x)) + _a0_)))) * x);{'d0': {'_a0_': 0.1066240681149293, '_a1_': -3.3767608814086194, '_a3_': 1.7751354034117903, '_a2_': 1.0, '_a4_': 1.0, '_a5_': 1.0, '_a6_': 1.0, '_a7_': 1.0}};{'d0': 0.024905832919416625};-280.569866449044;47.57651918122186
39706;-100.731372386122;(x + -((x * (_a3_ * (pow2(x) + (_a0_ * (x + _a1_)))))));{'d0': {'_a0_': 0.6238594157990917, '_a1_': 0.36795146204376167, '_a3_': -3.37676087547995, '_a2_': 1.0, '_a4_': 1.0, '_a5_': 1.0, '_a6_': 1.0, '_a7_': 1.0}};{'d0': 0.024905832919416653};-280.569866449044;39.55356083839935
39707;-100.731372386122;(x + -((x * (_a3_ * (pow2(x) + (_a0_ * (x + _a1_)))))));{'d0': {'_a0_': 0.6238594157990917, '_a1_': 0.36795146204376167, '_a3_': -3.37676087547995, '_a2_': 1.0, '_a4_': 1.0, '_a5_': 1.0, '_a6_': 1.0, '_a7_': 1.0}};{'d0': 0.024905832919416653};-280.569866449044;39.55356083839935
39708;-100.731372386122;(x + -((x * (_a3_ * (pow2(x) + (_a0_ * (x + _a1_)))))));{'d0': {'_a0_': 0.6238594157990917, '_a1_': 0.36795146204376167, '_a3_': -3.37676087547995, '_a2_': 1.0, '_a4_': 1.0, '_a5_': 1.0, '_a6_': 1.0, '_a7_': 1.0}};{'d0': 0.024905832919416653};-280.569866449044;39.55356083839935
39709;-100.731372386122;(x + -((x * (_a3_ * (pow2(x) + (_a0_ * (x + _a1_)))))));{'d0': {'_a0_': 0.6238594157990917, '_a1_': 0.36795146204376167, '_a3_': -3.37676087547995, '_a2_': 1.0, '_a4_': 1.0, '_a5_': 1.0, '_a6_': 1.0, '_a7_': 1.0}};{'d0': 0.024905832919416653};-280.569866449044;39.55356083839935
39710;-100.731372386122;(x + -((x * (_a3_ * (pow2(x) + (_a0_ * (x + _a1_)))))));{'d0': {'_a0_': 0.6238594157990917, '_a1_': 0.36795146204376167, '_a3_': -3.37676087547995, '_a2_': 1.0, '_a4_': 1.0, '_a5_': 1.0, '_a6_': 1.0, '_a7_': 1.0}};{'d0': 0.024905832919416653};-280.569866449044;39.55356083839935
39711;-100.731372386122;(x + -((x * (_a3_ * (pow2(x) + (_a0_ * (x + _a1_)))))));{'d0': {'_a0_': 0.6238594157990917, '_a1_': 0.36795146204376167, '_a3_': -3.37676087547995, '_a2_': 1.0, '_a4_': 1.0, '_a5_': 1.0, '_a6_': 1.0, '_a7_': 1.0}};{'d0': 0.024905832919416653};-280.569866449044;39.55356083839935
39712;-100.731372386122;(x + -((x * (_a3_ * (pow2(x) + (_a0_ * (x + _a1_)))))));{'d0': {'_a0_': 0.6238594157990917, '_a1_': 0.36795146204376167, '_a3_': -3.37676087547995, '_a2_': 1.0, '_a4_': 1.0, '_a5_': 1.0, '_a6_': 1.0, '_a7_': 1.0}};{'d0': 0.024905832919416653};-280.569866449044;39.55356083839935
39713;-100.731372386122;(x + -((x * (_a3_ * (pow2(x) + (_a0_ * (x + _a1_)))))));{'d0': {'_a0_': 0.6238594157990917, '_a1_': 0.36795146204376167, '_a3_': -3.37676087547995, '_a2_': 1.0, '_a4_': 1.0, '_a5_': 1.0, '_a6_': 1.0, '_a7_': 1.0}};{'d0': 0.024905832919416653};-280.569866449044;39.55356083839935
39714;-100.731372386122;(x + -((x * (_a3_ * (pow2(x) + (_a0_ * (x + _a1_)))))));{'d0': {'_a0_': 0.6238594157990917, '_a1_': 0.36795146204376167, '_a3_': -3.37676087547995, '_a2_': 1.0, '_a4_': 1.0, '_a5_': 1.0, '_a6_': 1.0, '_a7_': 1.0}};{'d0': 0.024905832919416653};-280.569866449044;39.55356083839935
39715;-100.731372386122;(x + -((x * (_a3_ * (pow2(x) + (_a0_ * (x + _a1_)))))));{'d0': {'_a0_': 0.6238594157990917, '_a1_': 0.36795146204376167, '_a3_': -3.37676087547995, '_a2_': 1.0, '_a4_': 1.0, '_a5_': 1.0, '_a6_': 1.0, '_a7_': 1.0}};{'d0': 0.024905832919416653};-280.569866449044;39.55356083839935
39716;-100.748854620471;((-(_a7_) + (x * (x + ((_a1_ * -(x)) + _a0_)))) * x);{'d0': {'_a0_': 2.1066240680657726, '_a1_': -2.3767608776847835, '_a7_': -1.775135404654119, '_a2_': 1.0, '_a3_': 1.0, '_a4_': 1.0, '_a5_': 1.0, '_a6_': 1.0}};{'d0': 0.024905832919416674};-280.569866449043;39.53607860405063
39717;-100.748854620471;((-(_a7_) + (x * (_a0_ + ((_a1_ * -(x)) + _a0_)))) * x);{'d0': {'_a0_': 1.0533120346060274, '_a1_': -3.376760879637105, '_a7_': -1.7751354043090213, '_a2_': 1.0, '_a3_': 1.0, '_a4_': 1.0, '_a5_': 1.0, '_a6_': 1.0}};{'d0': 0.024905832919416632};-280.569866449044;39.53607860405063
39718;-100.748854620471;((-(_a7_) + (x * (_a0_ + ((_a1_ * -(x)) + _a0_)))) * x);{'d0': {'_a0_': 1.0533120346060274, '_a1_': -3.376760879637105, '_a7_': -1.7751354043090213, '_a2_': 1.0, '_a3_': 1.0, '_a4_': 1.0, '_a5_': 1.0, '_a6_': 1.0}};{'d0': 0.024905832919416632};-280.569866449044;39.53607860405063
39719;-100.748854620471;((-(_a7_) + (x * (_a0_ + ((_a1_ * -(x)) + _a0_)))) * x);{'d0': {'_a0_': 1.0533120346060274, '_a1_': -3.376760879637105, '_a7_': -1.7751354043090213, '_a2_': 1.0, '_a3_': 1.0, '_a4_': 1.0, '_a5_': 1.0, '_a6_': 1.0}};{'d0': 0.024905832919416632};-280.569866449044;39.53607860405063
39720;-100.748854620471;((-(_a7_) + (x * (_a0_ + ((_a1_ * -(x)) + _a0_)))) * x);{'d0': {'_a0_': 1.0533120346060274, '_a1_': -3.376760879637105, '_a7_': -1.7751354043090213, '_a2_': 1.0, '_a3_': 1.0, '_a4_': 1.0, '_a5_': 1.0, '_a6_': 1.0}};{'d0': 0.024905832919416632};-280.569866449044;39.53607860405063
39721;-100.748854620471;((-(_a7_) + (x * (_a0_ + ((_a1_ * -(x)) + _a0_)))) * x);{'d0': {'_a0_': 1.0533120346060274, '_a1_': -3.376760879637105, '_a7_': -1.7751354043090213, '_a2_': 1.0, '_a3_': 1.0, '_a4_': 1.0, '_a5_': 1.0, '_a6_': 1.0}};{'d0': 0.024905832919416632};-280.569866449044;39.53607860405063
39722;-100.748854620471;((-(_a7_) + (x * (_a0_ + ((_a1_ * -(x)) + _a0_)))) * x);{'d0': {'_a0_': 1.0533120346060274, '_a1_': -3.376760879637105, '_a7_': -1.7751354043090213, '_a2_': 1.0, '_a3_': 1.0, '_a4_': 1.0, '_a5_': 1.0, '_a6_': 1.0}};{'d0': 0.024905832919416632};-280.569866449044;39.53607860405063
39723;-100.748854620471;((-(_a7_) + (x * (_a0_ + ((_a1_ * -(x)) + _a0_)))) * x);{'d0': {'_a0_': 1.0533120346060274, '_a1_': -3.376760879637105, '_a7_': -1.7751354043090213, '_a2_': 1.0, '_a3_': 1.0, '_a4_': 1.0, '_a5_': 1.0, '_a6_': 1.0}};{'d0': 0.024905832919416632};-280.569866449044;39.53607860405063
39724;-100.748854620471;((-(_a7_) + (x * (_a0_ + ((_a1_ * -(x)) + _a0_)))) * x);{'d0': {'_a0_': 1.0533120346060274, '_a1_': -3.376760879637105, '_a7_': -1.7751354043090213, '_a2_': 1.0, '_a3_': 1.0, '_a4_': 1.0, '_a5_': 1.0, '_a6_': 1.0}};{'d0': 0.024905832919416632};-280.569866449044;39.53607860405063
39725;-100.748854620471;((-(_a7_) + (x * (_a0_ + ((_a1_ * -(x)) + _a0_)))) * x);{'d0': {'_a0_': 1.0533120346060274, '_a1_': -3.376760879637105, '_a7_': -1.7751354043090213, '_a2_': 1.0, '_a3_': 1.0, '_a4_': 1.0, '_a5_': 1.0, '_a6_': 1.0}};{'d0': 0.024905832919416632};-280.569866449044;39.53607860405063
39726;-100.748854620471;((-(_a7_) + (x * (_a0_ + ((_a1_ * -(x)) + _a0_)))) * x);{'d0': {'_a0_': 1.0533120346060274, '_a1_': -3.376760879637105, '_a7_': -1.7751354043090213, '_a2_': 1.0, '_a3_': 1.0, '_a4_': 1.0, '_a5_': 1.0, '_a6_': 1.0}};{'d0': 0.024905832919416632};-280.569866449044;39.53607860405063
39727;-100.748854620471;((-(_a7_) + (x * (_a0_ + ((_a1_ * -(x)) + _a0_)))) * x);{'d0': {'_a0_': 1.0533120346060274, '_a1_': -3.376760879637105, '_a7_': -1.7751354043090213, '_a2_': 1.0, '_a3_': 1.0, '_a4_': 1.0, '_a5_': 1.0, '_a6_': 1.0}};{'d0': 0.024905832919416632};-280.569866449044;39.53607860405063
39728;-100.748854620471;((-(_a7_) + (x * (_a0_ + ((_a1_ * -(x)) + _a0_)))) * x);{'d0': {'_a0_': 1.0533120346060274, '_a1_': -3.376760879637105, '_a7_': -1.7751354043090213, '_a2_': 1.0, '_a3_': 1.0, '_a4_': 1.0, '_a5_': 1.0, '_a6_': 1.0}};{'d0': 0.024905832919416632};-280.569866449044;39.53607860405063
39729;-100.748854620471;((-(_a7_) + (x * (_a0_ + ((_a1_ * -(x)) + _a0_)))) * x);{'d0': {'_a0_': 1.0533120346060274, '_a1_': -3.376760879637105, '_a7_': -1.7751354043090213, '_a2_': 1.0, '_a3_': 1.0, '_a4_': 1.0, '_a5_': 1.0, '_a6_': 1.0}};{'d0': 0.024905832919416632};-280.569866449044;39.53607860405063
39730;-100.748854620471;((-(_a7_) + (x * (_a0_ + ((_a1_ * -(x)) + _a0_)))) * x);{'d0': {'_a0_': 1.0533120346060274, '_a1_': -3.376760879637105, '_a7_': -1.7751354043090213, '_a2_': 1.0, '_a3_': 1.0, '_a4_': 1.0, '_a5_': 1.0, '_a6_': 1.0}};{'d0': 0.024905832919416632};-280.569866449044;39.53607860405063
39731;-100.731372386122;(x + -((x * (_a3_ * (pow2(x) + (_a0_ * (x + _a1_)))))));{'d0': {'_a0_': 0.6238594157990917, '_a1_': 0.36795146204376167, '_a3_': -3.37676087547995, '_a2_': 1.0, '_a4_': 1.0, '_a5_': 1.0, '_a6_': 1.0, '_a7_': 1.0}};{'d0': 0.024905832919416653};-280.569866449044;39.55356083839935
39732;-100.731372386122;(x + -((x * (_a3_ * (pow2(x) + (_a0_ * (x + _a1_)))))));{'d0': {'_a0_': 0.6238594157990917, '_a1_': 0.36795146204376167, '_a3_': -3.37676087547995, '_a2_': 1.0, '_a4_': 1.0, '_a5_': 1.0, '_a6_': 1.0, '_a7_': 1.0}};{'d0': 0.024905832919416653};-280.569866449044;39.55356083839935
39733;-100.731372386122;(x + -((x * (_a3_ * (pow2(x) + (_a0_ * (x + _a1_)))))));{'d0': {'_a0_': 0.6238594157990917, '_a1_': 0.36795146204376167, '_a3_': -3.37676087547995, '_a2_': 1.0, '_a4_': 1.0, '_a5_': 1.0, '_a6_': 1.0, '_a7_': 1.0}};{'d0': 0.024905832919416653};-280.569866449044;39.55356083839935
39734;-100.731372386122;(x + -((x * (_a3_ * (pow2(x) + (_a0_ * (x + _a1_)))))));{'d0': {'_a0_': 0.6238594157990917, '_a1_': 0.36795146204376167, '_a3_': -3.37676087547995, '_a2_': 1.0, '_a4_': 1.0, '_a5_': 1.0, '_a6_': 1.0, '_a7_': 1.0}};{'d0': 0.024905832919416653};-280.569866449044;39.55356083839935
39735;-100.731372386122;(x + -((x * (_a3_ * (pow2(x) + (_a0_ * (x + _a1_)))))));{'d0': {'_a0_': 0.6238594157990917, '_a1_': 0.36795146204376167, '_a3_': -3.37676087547995, '_a2_': 1.0, '_a4_': 1.0, '_a5_': 1.0, '_a6_': 1.0, '_a7_': 1.0}};{'d0': 0.024905832919416653};-280.569866449044;39.55356083839935
39736;-100.731372386122;(x + -((x * (_a3_ * (pow2(x) + (_a0_ * (x + _a1_)))))));{'d0': {'_a0_': 0.6238594157990917, '_a1_': 0.36795146204376167, '_a3_': -3.37676087547995, '_a2_': 1.0, '_a4_': 1.0, '_a5_': 1.0, '_a6_': 1.0, '_a7_': 1.0}};{'d0': 0.024905832919416653};-280.569866449044;39.55356083839935
39737;-100.731372386122;(x + -((x * (_a3_ * (pow2(x) + (_a0_ * (x + _a1_)))))));{'d0': {'_a0_': 0.6238594157990917, '_a1_': 0.36795146204376167, '_a3_': -3.37676087547995, '_a2_': 1.0, '_a4_': 1.0, '_a5_': 1.0, '_a6_': 1.0, '_a7_': 1.0}};{'d0': 0.024905832919416653};-280.569866449044;39.55356083839935
39738;-100.731372386122;(x + -((x * (_a3_ * (pow2(x) + (_a0_ * (x + _a1_)))))));{'d0': {'_a0_': 0.6238594157990917, '_a1_': 0.36795146204376167, '_a3_': -3.37676087547995, '_a2_': 1.0, '_a4_': 1.0, '_a5_': 1.0, '_a6_': 1.0, '_a7_': 1.0}};{'d0': 0.024905832919416653};-280.569866449044;39.55356083839935
39739;-95.7820324606653;((x + -((x * (_a3_ * (pow2(x) + (_a0_ * (x + _a1_))))))) * _a0_);{'d0': {'_a0_': 0.6238594157430261, '_a1_': 0.5465028184898085, '_a3_': -5.412695214947345, '_a2_': 1.0, '_a4_': 1.0, '_a5_': 1.0, '_a6_': 1.0, '_a7_': 1.0}};{'d0': 0.02490583291941661};-280.569866449044;44.502900763856346
39740;-89.9992229286120;((-(_a7_) + (x * (_a0_ + (((_a7_ + (_a2_ * _a0_)) * -(x)) / _a0_)))) * x);{'d0': {'_a0_': 2.1066240666990517, '_a2_': -2.5341162715695518, '_a7_': -1.7751354044426575, '_a1_': 1.0, '_a3_': 1.0, '_a4_': 1.0, '_a5_': 1.0, '_a6_': 1.0}};{'d0': 0.024905832919416615};-280.569866449044;50.28571029591002
39741;-89.9992229286120;((-(_a7_) + (x * (_a0_ + (((_a7_ + (_a2_ * _a0_)) * -(x)) / _a0_)))) * x);{'d0': {'_a0_': 2.1066240666990517, '_a2_': -2.5341162715695518, '_a7_': -1.7751354044426575, '_a1_': 1.0, '_a3_': 1.0, '_a4_': 1.0, '_a5_': 1.0, '_a6_': 1.0}};{'d0': 0.024905832919416615};-280.569866449044;50.28571029591002
39742;-89.9992229286120;((-(_a7_) + (x * (_a0_ + (((_a7_ + (_a2_ * _a0_)) * -(x)) / _a0_)))) * x);{'d0': {'_a0_': 2.1066240666990517, '_a2_': -2.5341162715695518, '_a7_': -1.7751354044426575, '_a1_': 1.0, '_a3_': 1.0, '_a4_': 1.0, '_a5_': 1.0, '_a6_': 1.0}};{'d0': 0.024905832919416615};-280.569866449044;50.28571029591002
39743;-89.9992229286120;((-(_a7_) + (x * (_a0_ + (((_a7_ + (_a2_ * _a0_)) * -(x)) / _a0_)))) * x);{'d0': {'_a0_': 2.1066240666990517, '_a2_': -2.5341162715695518, '_a7_': -1.7751354044426575, '_a1_': 1.0, '_a3_': 1.0, '_a4_': 1.0, '_a5_': 1.0, '_a6_': 1.0}};{'d0': 0.024905832919416615};-280.569866449044;50.28571029591002
39744;-89.9992229286120;((-(_a7_) + (x * (_a0_ + (((_a7_ + (_a2_ * _a0_)) * -(x)) / _a0_)))) * x);{'d0': {'_a0_': 2.1066240666990517, '_a2_': -2.5341162715695518, '_a7_': -1.7751354044426575, '_a1_': 1.0, '_a3_': 1.0, '_a4_': 1.0, '_a5_': 1.0, '_a6_': 1.0}};{'d0': 0.024905832919416615};-280.569866449044;50.28571029591002
39745;-95.7820324606653;((x + -((x * (_a3_ * (pow2(x) + (_a0_ * (x + _a1_))))))) * _a0_);{'d0': {'_a0_': 0.6238594157430261, '_a1_': 0.5465028184898085, '_a3_': -5.412695214947345, '_a2_': 1.0, '_a4_': 1.0, '_a5_': 1.0, '_a6_': 1.0, '_a7_': 1.0}};{'d0': 0.02490583291941661};-280.569866449044;44.502900763856346
39746;-95.7820324606653;((x + -((x * (_a3_ * (pow2(x) + (_a0_ * (x + _a1_))))))) * _a0_);{'d0': {'_a0_': 0.6238594157430261, '_a1_': 0.5465028184898085, '_a3_': -5.412695214947345, '_a2_': 1.0, '_a4_': 1.0, '_a5_': 1.0, '_a6_': 1.0, '_a7_': 1.0}};{'d0': 0.02490583291941661};-280.569866449044;44.502900763856346
39747;-95.7820324606653;((x + -((x * (_a3_ * (pow2(x) + (_a0_ * (x + _a1_))))))) * _a0_);{'d0': {'_a0_': 0.6238594157430261, '_a1_': 0.5465028184898085, '_a3_': -5.412695214947345, '_a2_': 1.0, '_a4_': 1.0, '_a5_': 1.0, '_a6_': 1.0, '_a7_': 1.0}};{'d0': 0.02490583291941661};-280.569866449044;44.502900763856346
39748;-95.7820324606653;((x + -((x * (_a3_ * (pow2(x) + (_a0_ * (x + _a1_))))))) * _a0_);{'d0': {'_a0_': 0.6238594157430261, '_a1_': 0.5465028184898085, '_a3_': -5.412695214947345, '_a2_': 1.0, '_a4_': 1.0, '_a5_': 1.0, '_a6_': 1.0, '_a7_': 1.0}};{'d0': 0.02490583291941661};-280.569866449044;44.502900763856346
39749;-94.9310806197200;((x + -((x * (_a3_ * (pow2(x) + (_a0_ * (x + _a1_))))))) / _a0_);{'d0': {'_a0_': 0.6238594148269213, '_a1_': 0.08174698467812153, '_a3_': -2.106624067665672, '_a2_': 1.0, '_a4_': 1.0, '_a5_': 1.0, '_a6_': 1.0, '_a7_': 1.0}};{'d0': 0.024905832919416563};-280.569866449044;45.353852604801745
39750;-94.9310806197200;((x + -((x * (_a3_ * (pow2(x) + (_a0_ * (x + _a1_))))))) / _a0_);{'d0': {'_a0_': 0.6238594148269213, '_a1_': 0.08174698467812153, '_a3_': -2.106624067665672, '_a2_': 1.0, '_a4_': 1.0, '_a5_': 1.0, '_a6_': 1.0, '_a7_': 1.0}};{'d0': 0.024905832919416563};-280.569866449044;45.353852604801745
39751;-100.731372386122;(x + -((x * (_a3_ * (pow2(x) + (_a0_ * (x + _a1_)))))));{'d0': {'_a0_': 0.6238594157990917, '_a1_': 0.36795146204376167, '_a3_': -3.37676087547995, '_a2_': 1.0, '_a4_': 1.0, '_a5_': 1.0, '_a6_': 1.0, '_a7_': 1.0}};{'d0': 0.024905832919416653};-280.569866449044;39.55356083839934
39752;-100.731372386122;(x + -((x * (_a3_ * (pow2(x) + (_a0_ * (x + _a1_)))))));{'d0': {'_a0_': 0.6238594157990917, '_a1_': 0.36795146204376167, '_a3_': -3.37676087547995, '_a2_': 1.0, '_a4_': 1.0, '_a5_': 1.0, '_a6_': 1.0, '_a7_': 1.0}};{'d0': 0.024905832919416653};-280.569866449044;39.55356083839934
39753;-100.731372386122;(x + -((x * (_a3_ * (pow2(x) + (_a0_ * (x + _a1_)))))));{'d0': {'_a0_': 0.6238594157990917, '_a1_': 0.36795146204376167, '_a3_': -3.37676087547995, '_a2_': 1.0, '_a4_': 1.0, '_a5_': 1.0, '_a6_': 1.0, '_a7_': 1.0}};{'d0': 0.024905832919416653};-280.569866449044;39.55356083839934
39754;-100.731372386122;(x + -((x * (_a3_ * (pow2(x) + (_a0_ * (x + _a1_)))))));{'d0': {'_a0_': 0.6238594157990917, '_a1_': 0.36795146204376167, '_a3_': -3.37676087547995, '_a2_': 1.0, '_a4_': 1.0, '_a5_': 1.0, '_a6_': 1.0, '_a7_': 1.0}};{'d0': 0.024905832919416653};-280.569866449044;39.55356083839934
39755;-100.731372386122;(x + -((x * (_a3_ * (pow2(x) + (_a0_ * (x + _a1_)))))));{'d0': {'_a0_': 0.6238594157990917, '_a1_': 0.36795146204376167, '_a3_': -3.37676087547995, '_a2_': 1.0, '_a4_': 1.0, '_a5_': 1.0, '_a6_': 1.0, '_a7_': 1.0}};{'d0': 0.024905832919416653};-280.569866449044;39.55356083839934
39756;-100.731372386122;(x + -((x * (_a3_ * (pow2(x) + (_a0_ * (x + _a1_)))))));{'d0': {'_a0_': 0.6238594157990917, '_a1_': 0.36795146204376167, '_a3_': -3.37676087547995, '_a2_': 1.0, '_a4_': 1.0, '_a5_': 1.0, '_a6_': 1.0, '_a7_': 1.0}};{'d0': 0.024905832919416653};-280.569866449044;39.55356083839934
39757;-89.9992229286120;((-(_a7_) + (x * (_a0_ + (((_a7_ + (_a2_ * _a0_)) * -(x)) / _a0_)))) * x);{'d0': {'_a0_': 2.1066240666990517, '_a2_': -2.5341162715695518, '_a7_': -1.7751354044426575, '_a1_': 1.0, '_a3_': 1.0, '_a4_': 1.0, '_a5_': 1.0, '_a6_': 1.0}};{'d0': 0.024905832919416615};-280.569866449044;50.28571029591002
39758;-89.9992229286120;((-(_a7_) + (x * (_a0_ + (((_a7_ + (_a2_ * _a0_)) * -(x)) / _a0_)))) * x);{'d0': {'_a0_': 2.1066240666990517, '_a2_': -2.5341162715695518, '_a7_': -1.7751354044426575, '_a1_': 1.0, '_a3_': 1.0, '_a4_': 1.0, '_a5_': 1.0, '_a6_': 1.0}};{'d0': 0.024905832919416615};-280.569866449044;50.28571029591002
39759;-89.9992229286120;((-(_a7_) + (x * (_a0_ + (((_a7_ + (_a2_ * _a0_)) * -(x)) / _a0_)))) * x);{'d0': {'_a0_': 2.1066240666990517, '_a2_': -2.5341162715695518, '_a7_': -1.7751354044426575, '_a1_': 1.0, '_a3_': 1.0, '_a4_': 1.0, '_a5_': 1.0, '_a6_': 1.0}};{'d0': 0.024905832919416615};-280.569866449044;50.28571029591002
39760;-89.9992229286120;((-(_a7_) + (x * (_a0_ + (((_a7_ + (_a2_ * _a0_)) * -(x)) / _a0_)))) * x);{'d0': {'_a0_': 2.1066240666990517, '_a2_': -2.5341162715695518, '_a7_': -1.7751354044426575, '_a1_': 1.0, '_a3_': 1.0, '_a4_': 1.0, '_a5_': 1.0, '_a6_': 1.0}};{'d0': 0.024905832919416615};-280.569866449044;50.28571029591002
39761;-100.731372386122;(x + -((x * (_a3_ * (pow2(x) + (_a0_ * (x + _a1_)))))));{'d0': {'_a0_': 0.6238594157990917, '_a1_': 0.36795146204376167, '_a3_': -3.37676087547995, '_a2_': 1.0, '_a4_': 1.0, '_a5_': 1.0, '_a6_': 1.0, '_a7_': 1.0}};{'d0': 0.024905832919416653};-280.569866449044;39.55356083839934
39762;-89.9992229286120;((-(_a7_) + (x * (_a0_ + (((_a7_ + (_a2_ * _a0_)) * -(x)) / _a0_)))) * x);{'d0': {'_a0_': 2.1066240666990517, '_a2_': -2.5341162715695518, '_a7_': -1.7751354044426575, '_a1_': 1.0, '_a3_': 1.0, '_a4_': 1.0, '_a5_': 1.0, '_a6_': 1.0}};{'d0': 0.024905832919416615};-280.569866449044;50.28571029591002
39763;-89.9992229286120;((-(_a7_) + (x * (_a0_ + (((_a7_ + (_a2_ * _a0_)) * -(x)) / _a0_)))) * x);{'d0': {'_a0_': 2.1066240666990517, '_a2_': -2.5341162715695518, '_a7_': -1.7751354044426575, '_a1_': 1.0, '_a3_': 1.0, '_a4_': 1.0, '_a5_': 1.0, '_a6_': 1.0}};{'d0': 0.024905832919416615};-280.569866449044;50.28571029591002
39764;-89.9992229286120;((-(_a7_) + (x * (_a0_ + (((_a7_ + (_a2_ * _a0_)) * -(x)) / _a0_)))) * x);{'d0': {'_a0_': 2.1066240666990517, '_a2_': -2.5341162715695518, '_a7_': -1.7751354044426575, '_a1_': 1.0, '_a3_': 1.0, '_a4_': 1.0, '_a5_': 1.0, '_a6_': 1.0}};{'d0': 0.024905832919416615};-280.569866449044;50.28571029591002
39765;-89.9992229286120;((-(_a7_) + (x * (_a0_ + (((_a7_ + (_a2_ * _a0_)) * -(x)) / _a0_)))) * x);{'d0': {'_a0_': 2.1066240666990517, '_a2_': -2.5341162715695518, '_a7_': -1.7751354044426575, '_a1_': 1.0, '_a3_': 1.0, '_a4_': 1.0, '_a5_': 1.0, '_a6_': 1.0}};{'d0': 0.024905832919416615};-280.569866449044;50.28571029591002
39766;-89.9992229286120;((-(_a7_) + (x * (_a0_ + (((_a7_ + (_a2_ * _a0_)) * -(x)) / _a0_)))) * x);{'d0': {'_a0_': 2.1066240666990517, '_a2_': -2.5341162715695518, '_a7_': -1.7751354044426575, '_a1_': 1.0, '_a3_': 1.0, '_a4_': 1.0, '_a5_': 1.0, '_a6_': 1.0}};{'d0': 0.024905832919416615};-280.569866449044;50.28571029591002
39767;-89.9992229286120;((-(_a7_) + (x * (_a0_ + (((_a7_ + (_a2_ * _a0_)) * -(x)) / _a0_)))) * x);{'d0': {'_a0_': 2.1066240666990517, '_a2_': -2.5341162715695518, '_a7_': -1.7751354044426575, '_a1_': 1.0, '_a3_': 1.0, '_a4_': 1.0, '_a5_': 1.0, '_a6_': 1.0}};{'d0': 0.024905832919416615};-280.569866449044;50.28571029591002
39768;-89.9992229286120;((-(_a7_) + (x * (_a0_ + (((_a7_ + (_a2_ * _a0_)) * -(x)) / _a0_)))) * x);{'d0': {'_a0_': 2.1066240666990517, '_a2_': -2.5341162715695518, '_a7_': -1.7751354044426575, '_a1_': 1.0, '_a3_': 1.0, '_a4_': 1.0, '_a5_': 1.0, '_a6_': 1.0}};{'d0': 0.024905832919416615};-280.569866449044;50.28571029591002
39769;-89.9992229286120;((-(_a7_) + (x * (_a0_ + (((_a7_ + (_a2_ * _a0_)) * -(x)) / _a0_)))) * x);{'d0': {'_a0_': 2.1066240666990517, '_a2_': -2.5341162715695518, '_a7_': -1.7751354044426575, '_a1_': 1.0, '_a3_': 1.0, '_a4_': 1.0, '_a5_': 1.0, '_a6_': 1.0}};{'d0': 0.024905832919416615};-280.569866449044;50.28571029591002
39770;-89.9992229286120;((-(_a7_) + (x * (_a0_ + (((_a7_ + (_a2_ * _a0_)) * -(x)) / _a0_)))) * x);{'d0': {'_a0_': 2.1066240666990517, '_a2_': -2.5341162715695518, '_a7_': -1.7751354044426575, '_a1_': 1.0, '_a3_': 1.0, '_a4_': 1.0, '_a5_': 1.0, '_a6_': 1.0}};{'d0': 0.024905832919416615};-280.569866449044;50.28571029591002
39771;-86.3182656123501;-(((-(_a7_) + (x * (_a0_ + (((_a7_ + (_a2_ * _a0_)) * -(x)) / _a0_)))) * x));{'d0': {'_a0_': -2.1066240682792863, '_a2_': 4.219405482810578, '_a7_': 1.7751354042418044, '_a1_': 1.0, '_a3_': 1.0, '_a4_': 1.0, '_a5_': 1.0, '_a6_': 1.0}};{'d0': 0.024905832919416608};-280.569866449044;53.966667612171975
39772;-86.3182656123501;-(((-(_a7_) + (x * (_a0_ + (((_a7_ + (_a2_ * _a0_)) * -(x)) / _a0_)))) * x));{'d0': {'_a0_': -2.1066240682792863, '_a2_': 4.219405482810578, '_a7_': 1.7751354042418044, '_a1_': 1.0, '_a3_': 1.0, '_a4_': 1.0, '_a5_': 1.0, '_a6_': 1.0}};{'d0': 0.024905832919416608};-280.569866449044;53.966667612171975
39773;-87.2171694496010;-(((-(_a7_) + (x * (_a0_ + (((_a7_ * (_a2_ * _a0_)) * -(x)) / _a0_)))) * x));{'d0': {'_a0_': -2.106624068619285, '_a2_': 1.9022553831952704, '_a7_': 1.775135404361972, '_a1_': 1.0, '_a3_': 1.0, '_a4_': 1.0, '_a5_': 1.0, '_a6_': 1.0}};{'d0': 0.024905832919416636};-280.569866449044;53.06776377492098
39774;-87.2171694496010;-(((-(_a7_) + (x * (_a0_ + (((_a7_ * (_a2_ * _a0_)) * -(x)) / _a0_)))) * x));{'d0': {'_a0_': -2.106624068619285, '_a2_': 1.9022553831952704, '_a7_': 1.775135404361972, '_a1_': 1.0, '_a3_': 1.0, '_a4_': 1.0, '_a5_': 1.0, '_a6_': 1.0}};{'d0': 0.024905832919416636};-280.569866449044;53.06776377492098
39775;-87.2171694496010;-(((-(_a7_) + (x * (_a0_ + (((_a7_ * (_a2_ * _a0_)) * -(x)) / _a0_)))) * x));{'d0': {'_a0_': -2.106624068619285, '_a2_': 1.9022553831952704, '_a7_': 1.775135404361972, '_a1_': 1.0, '_a3_': 1.0, '_a4_': 1.0, '_a5_': 1.0, '_a6_': 1.0}};{'d0': 0.024905832919416636};-280.569866449044;53.06776377492098
39776;-87.2171694496010;-(((-(_a7_) + (x * (_a0_ + (((_a7_ * (_a2_ * _a0_)) * -(x)) / _a0_)))) * x));{'d0': {'_a0_': -2.106624068619285, '_a2_': 1.9022553831952704, '_a7_': 1.775135404361972, '_a1_': 1.0, '_a3_': 1.0, '_a4_': 1.0, '_a5_': 1.0, '_a6_': 1.0}};{'d0': 0.024905832919416636};-280.569866449044;53.06776377492098
39777;-87.2171694496010;-(((-(_a7_) + (x * (_a0_ + (((_a7_ * (_a2_ * _a0_)) * -(x)) / _a0_)))) * x));{'d0': {'_a0_': -2.106624068619285, '_a2_': 1.9022553831952704, '_a7_': 1.775135404361972, '_a1_': 1.0, '_a3_': 1.0, '_a4_': 1.0, '_a5_': 1.0, '_a6_': 1.0}};{'d0': 0.024905832919416636};-280.569866449044;53.06776377492098
39778;-87.2171694496010;-(((-(_a7_) + (x * (_a0_ + (((_a7_ * (_a2_ * _a0_)) * -(x)) / _a0_)))) * x));{'d0': {'_a0_': -2.106624068619285, '_a2_': 1.9022553831952704, '_a7_': 1.775135404361972, '_a1_': 1.0, '_a3_': 1.0, '_a4_': 1.0, '_a5_': 1.0, '_a6_': 1.0}};{'d0': 0.024905832919416636};-280.569866449044;53.06776377492098
39779;-87.2171694496010;-(((-(_a7_) + (x * (_a0_ + (((_a7_ * (_a2_ * _a0_)) * -(x)) / _a0_)))) * x));{'d0': {'_a0_': -2.106624068619285, '_a2_': 1.9022553831952704, '_a7_': 1.775135404361972, '_a1_': 1.0, '_a3_': 1.0, '_a4_': 1.0, '_a5_': 1.0, '_a6_': 1.0}};{'d0': 0.024905832919416636};-280.569866449044;53.06776377492098
39780;-87.2171694496010;-(((-(_a7_) + (x * (_a0_ + (((_a7_ * (_a2_ * _a0_)) * -(x)) / _a0_)))) * x));{'d0': {'_a0_': -2.106624068619285, '_a2_': 1.9022553831952704, '_a7_': 1.775135404361972, '_a1_': 1.0, '_a3_': 1.0, '_a4_': 1.0, '_a5_': 1.0, '_a6_': 1.0}};{'d0': 0.024905832919416636};-280.569866449044;53.06776377492098
39781;-87.2171694496010;-(((-(_a7_) + (x * (_a0_ + (((_a7_ * (_a2_ * _a0_)) * -(x)) / _a0_)))) * x));{'d0': {'_a0_': -2.106624068619285, '_a2_': 1.9022553831952704, '_a7_': 1.775135404361972, '_a1_': 1.0, '_a3_': 1.0, '_a4_': 1.0, '_a5_': 1.0, '_a6_': 1.0}};{'d0': 0.024905832919416636};-280.569866449044;53.06776377492098
39782;-90.8981267658630;((-(_a7_) + (x * (_a0_ + (((_a7_ * (_a2_ * _a0_)) * -(x)) / _a0_)))) * x);{'d0': {'_a0_': 2.1066240681680455, '_a2_': 1.9022553827017186, '_a7_': -1.7751354044686394, '_a1_': 1.0, '_a3_': 1.0, '_a4_': 1.0, '_a5_': 1.0, '_a6_': 1.0}};{'d0': 0.024905832919416653};-280.569866449044;49.386806458659024
39783;-90.8981267658630;((-(_a7_) + (x * (_a0_ + (((_a7_ * (_a2_ * _a0_)) * -(x)) / _a0_)))) * x);{'d0': {'_a0_': 2.1066240681680455, '_a2_': 1.9022553827017186, '_a7_': -1.7751354044686394, '_a1_': 1.0, '_a3_': 1.0, '_a4_': 1.0, '_a5_': 1.0, '_a6_': 1.0}};{'d0': 0.024905832919416653};-280.569866449044;49.386806458659024
39784;-90.8981267658630;((-(_a7_) + (x * (_a0_ + (((_a7_ * (_a2_ * _a0_)) * -(x)) / _a0_)))) * x);{'d0': {'_a0_': 2.1066240681680455, '_a2_': 1.9022553827017186, '_a7_': -1.7751354044686394, '_a1_': 1.0, '_a3_': 1.0, '_a4_': 1.0, '_a5_': 1.0, '_a6_': 1.0}};{'d0': 0.024905832919416653};-280.569866449044;49.386806458659024
39785;-90.8981267658630;((-(_a7_) + (x * (_a0_ + (((_a7_ * (_a2_ * _a0_)) * -(x)) / _a0_)))) * x);{'d0': {'_a0_': 2.1066240681680455, '_a2_': 1.9022553827017186, '_a7_': -1.7751354044686394, '_a1_': 1.0, '_a3_': 1.0, '_a4_': 1.0, '_a5_': 1.0, '_a6_': 1.0}};{'d0': 0.024905832919416653};-280.569866449044;49.386806458659024
39786;-90.8981267658630;((-(_a7_) + (x * (_a0_ + (((_a7_ * (_a2_ * _a0_)) * -(x)) / _a0_)))) * x);{'d0': {'_a0_': 2.1066240681680455, '_a2_': 1.9022553827017186, '_a7_': -1.7751354044686394, '_a1_': 1.0, '_a3_': 1.0, '_a4_': 1.0, '_a5_': 1.0, '_a6_': 1.0}};{'d0': 0.024905832919416653};-280.569866449044;49.386806458659024
39787;-90.8981267658630;((-(_a7_) + (x * (_a0_ + (((_a7_ * (_a2_ * _a0_)) * -(x)) / _a0_)))) * x);{'d0': {'_a0_': 2.1066240681680455, '_a2_': 1.9022553827017186, '_a7_': -1.7751354044686394, '_a1_': 1.0, '_a3_': 1.0, '_a4_': 1.0, '_a5_': 1.0, '_a6_': 1.0}};{'d0': 0.024905832919416653};-280.569866449044;49.386806458659024
39788;-90.8981267658630;((-(_a7_) + (x * (_a0_ + (((_a7_ * (_a2_ * _a0_)) * -(x)) / _a0_)))) * x);{'d0': {'_a0_': 2.1066240681680455, '_a2_': 1.9022553827017186, '_a7_': -1.7751354044686394, '_a1_': 1.0, '_a3_': 1.0, '_a4_': 1.0, '_a5_': 1.0, '_a6_': 1.0}};{'d0': 0.024905832919416653};-280.569866449044;49.386806458659024
39789;-90.8981267658630;((-(_a7_) + (x * (_a0_ + (((_a7_ * (_a2_ * _a0_)) * -(x)) / _a0_)))) * x);{'d0': {'_a0_': 2.1066240681680455, '_a2_': 1.9022553827017186, '_a7_': -1.7751354044686394, '_a1_': 1.0, '_a3_': 1.0, '_a4_': 1.0, '_a5_': 1.0, '_a6_': 1.0}};{'d0': 0.024905832919416653};-280.569866449044;49.386806458659024
39790;-90.8981267658630;((-(_a7_) + (x * (_a0_ + (((_a7_ * (_a2_ * _a0_)) * -(x)) / _a0_)))) * x);{'d0': {'_a0_': 2.1066240681680455, '_a2_': 1.9022553827017186, '_a7_': -1.7751354044686394, '_a1_': 1.0, '_a3_': 1.0, '_a4_': 1.0, '_a5_': 1.0, '_a6_': 1.0}};{'d0': 0.024905832919416653};-280.569866449044;49.386806458659024
39791;-90.8981267658630;((-(_a7_) + (x * (_a0_ + (((_a7_ * (_a2_ * _a0_)) * -(x)) / _a0_)))) * x);{'d0': {'_a0_': 2.1066240681680455, '_a2_': 1.9022553827017186, '_a7_': -1.7751354044686394, '_a1_': 1.0, '_a3_': 1.0, '_a4_': 1.0, '_a5_': 1.0, '_a6_': 1.0}};{'d0': 0.024905832919416653};-280.569866449044;49.386806458659024
39792;-90.8981267658630;((-(_a7_) + (x * (_a0_ + (((_a7_ * (_a2_ * _a0_)) * -(x)) / _a0_)))) * x);{'d0': {'_a0_': 2.1066240681680455, '_a2_': 1.9022553827017186, '_a7_': -1.7751354044686394, '_a1_': 1.0, '_a3_': 1.0, '_a4_': 1.0, '_a5_': 1.0, '_a6_': 1.0}};{'d0': 0.024905832919416653};-280.569866449044;49.386806458659024
39793;-90.8981267658630;((-(_a7_) + (x * (_a0_ + (((_a7_ * (_a2_ * _a0_)) * -(x)) / _a0_)))) * x);{'d0': {'_a0_': 2.1066240681680455, '_a2_': 1.9022553827017186, '_a7_': -1.7751354044686394, '_a1_': 1.0, '_a3_': 1.0, '_a4_': 1.0, '_a5_': 1.0, '_a6_': 1.0}};{'d0': 0.024905832919416653};-280.569866449044;49.386806458659024
39794;-100.731372386122;(x + -((x * (_a3_ * (pow2(x) + (_a0_ * (x + _a1_)))))));{'d0': {'_a0_': 0.6238594157990917, '_a1_': 0.36795146204376167, '_a3_': -3.37676087547995, '_a2_': 1.0, '_a4_': 1.0, '_a5_': 1.0, '_a6_': 1.0, '_a7_': 1.0}};{'d0': 0.024905832919416653};-280.569866449044;39.55356083839934
39795;-100.731372386122;(x + -((x * (_a3_ * (pow2(x) + (_a0_ * (x + _a1_)))))));{'d0': {'_a0_': 0.6238594157990917, '_a1_': 0.36795146204376167, '_a3_': -3.37676087547995, '_a2_': 1.0, '_a4_': 1.0, '_a5_': 1.0, '_a6_': 1.0, '_a7_': 1.0}};{'d0': 0.024905832919416653};-280.569866449044;39.55356083839934
39796;-95.9198239776420;((-(_a7_) + (x * (_a0_ + (((_a7_ * _a1_) * -(x)) / _a0_)))) * x);{'d0': {'_a0_': 2.106624067389817, '_a1_': 4.007336971148593, '_a7_': -1.7751354042979242, '_a2_': 1.0, '_a3_': 1.0, '_a4_': 1.0, '_a5_': 1.0, '_a6_': 1.0}};{'d0': 0.024905832919416653};-280.569866449044;44.365109246880024
39797;-95.9198239776420;((-(_a7_) + (x * (_a0_ + (((_a7_ * _a1_) * -(x)) / _a0_)))) * x);{'d0': {'_a0_': 2.106624067389817, '_a1_': 4.007336971148593, '_a7_': -1.7751354042979242, '_a2_': 1.0, '_a3_': 1.0, '_a4_': 1.0, '_a5_': 1.0, '_a6_': 1.0}};{'d0': 0.024905832919416653};-280.569866449044;44.365109246880024
39798;-95.9198239776420;((-(_a7_) + (x * (_a0_ + (((_a7_ * _a1_) * -(x)) / _a0_)))) * x);{'d0': {'_a0_': 2.106624067389817, '_a1_': 4.007336971148593, '_a7_': -1.7751354042979242, '_a2_': 1.0, '_a3_': 1.0, '_a4_': 1.0, '_a5_': 1.0, '_a6_': 1.0}};{'d0': 0.024905832919416653};-280.569866449044;44.365109246880024
39799;-100.731372386122;(x + -((x * (_a3_ * (pow2(x) + (_a0_ * (x + _a1_)))))));{'d0': {'_a0_': 0.6238594157990917, '_a1_': 0.36795146204376167, '_a3_': -3.37676087547995, '_a2_': 1.0, '_a4_': 1.0, '_a5_': 1.0, '_a6_': 1.0, '_a7_': 1.0}};{'d0': 0.024905832919416653};-280.569866449044;39.55356083839934
39800;-100.731372386122;(x + -((x * (_a3_ * (pow2(x) + (_a0_ * (x + _a1_)))))));{'d0': {'_a0_': 0.6238594157990917, '_a1_': 0.36795146204376167, '_a3_': -3.37676087547995, '_a2_': 1.0, '_a4_': 1.0, '_a5_': 1.0, '_a6_': 1.0, '_a7_': 1.0}};{'d0': 0.024905832919416653};-280.569866449044;39.55356083839934
39801;-95.9198239776420;((-(_a7_) + (x * (_a0_ + (((_a7_ * _a1_) * -(x)) / _a0_)))) * x);{'d0': {'_a0_': 2.106624067389817, '_a1_': 4.007336971148593, '_a7_': -1.7751354042979242, '_a2_': 1.0, '_a3_': 1.0, '_a4_': 1.0, '_a5_': 1.0, '_a6_': 1.0}};{'d0': 0.024905832919416653};-280.569866449044;44.365109246880024
39802;-95.9198239776420;((-(_a7_) + (x * (_a0_ + (((_a7_ * _a1_) * -(x)) / _a0_)))) * x);{'d0': {'_a0_': 2.106624067389817, '_a1_': 4.007336971148593, '_a7_': -1.7751354042979242, '_a2_': 1.0, '_a3_': 1.0, '_a4_': 1.0, '_a5_': 1.0, '_a6_': 1.0}};{'d0': 0.024905832919416653};-280.569866449044;44.365109246880024
39803;-95.9198239776420;((-(_a7_) + (x * (_a0_ + (((_a7_ * _a1_) * -(x)) / _a0_)))) * x);{'d0': {'_a0_': 2.106624067389817, '_a1_': 4.007336971148593, '_a7_': -1.7751354042979242, '_a2_': 1.0, '_a3_': 1.0, '_a4_': 1.0, '_a5_': 1.0, '_a6_': 1.0}};{'d0': 0.024905832919416653};-280.569866449044;44.365109246880024
39804;-95.9198239776420;((-(_a7_) + (x * (_a0_ + (((_a7_ * _a1_) * -(x)) / _a0_)))) * x);{'d0': {'_a0_': 2.106624067389817, '_a1_': 4.007336971148593, '_a7_': -1.7751354042979242, '_a2_': 1.0, '_a3_': 1.0, '_a4_': 1.0, '_a5_': 1.0, '_a6_': 1.0}};{'d0': 0.024905832919416653};-280.569866449044;44.365109246880024
39805;-95.9198239776420;((-(_a7_) + (x * (_a0_ + (((_a7_ * _a1_) * -(x)) / _a0_)))) * x);{'d0': {'_a0_': 2.106624067389817, '_a1_': 4.007336971148593, '_a7_': -1.7751354042979242, '_a2_': 1.0, '_a3_': 1.0, '_a4_': 1.0, '_a5_': 1.0, '_a6_': 1.0}};{'d0': 0.024905832919416653};-280.569866449044;44.365109246880024
39806;-95.9198239776420;((-(_a7_) + (x * (_a0_ + (((_a7_ * _a1_) * -(x)) / _a0_)))) * x);{'d0': {'_a0_': 2.106624067389817, '_a1_': 4.007336971148593, '_a7_': -1.7751354042979242, '_a2_': 1.0, '_a3_': 1.0, '_a4_': 1.0, '_a5_': 1.0, '_a6_': 1.0}};{'d0': 0.024905832919416653};-280.569866449044;44.365109246880024
39807;-95.9198239776420;((-(_a7_) + (x * (_a0_ + (((_a7_ * _a1_) * -(x)) / _a0_)))) * x);{'d0': {'_a0_': 2.106624067389817, '_a1_': 4.007336971148593, '_a7_': -1.7751354042979242, '_a2_': 1.0, '_a3_': 1.0, '_a4_': 1.0, '_a5_': 1.0, '_a6_': 1.0}};{'d0': 0.024905832919416653};-280.569866449044;44.365109246880024
39808;-95.9198239776420;((-(_a7_) + (x * (_a0_ + (((_a7_ * _a1_) * -(x)) / _a0_)))) * x);{'d0': {'_a0_': 2.106624067389817, '_a1_': 4.007336971148593, '_a7_': -1.7751354042979242, '_a2_': 1.0, '_a3_': 1.0, '_a4_': 1.0, '_a5_': 1.0, '_a6_': 1.0}};{'d0': 0.024905832919416653};-280.569866449044;44.365109246880024
39809;-100.869163903099;((-(_a7_) + (x * (_a0_ + ((_a6_ * -(x)) / _a0_)))) * x);{'d0': {'_a0_': 2.1066240668896707, '_a6_': -7.113565731937108, '_a7_': -1.7751354041619583, '_a1_': 1.0, '_a2_': 1.0, '_a3_': 1.0, '_a4_': 1.0, '_a5_': 1.0}};{'d0': 0.02490583291941667};-280.569866449043;39.41576932142303
39810;-100.869163903099;((-(_a7_) + (x * (_a0_ + ((_a6_ * -(x)) / _a0_)))) * x);{'d0': {'_a0_': 2.1066240668896707, '_a6_': -7.113565731937108, '_a7_': -1.7751354041619583, '_a1_': 1.0, '_a2_': 1.0, '_a3_': 1.0, '_a4_': 1.0, '_a5_': 1.0}};{'d0': 0.02490583291941667};-280.569866449043;39.41576932142303
39811;-100.869163903099;((-(_a7_) + (x * (_a0_ + ((_a6_ * -(x)) / _a0_)))) * x);{'d0': {'_a0_': 2.1066240668896707, '_a6_': -7.113565731937108, '_a7_': -1.7751354041619583, '_a1_': 1.0, '_a2_': 1.0, '_a3_': 1.0, '_a4_': 1.0, '_a5_': 1.0}};{'d0': 0.02490583291941667};-280.569866449043;39.41576932142303
39812;-100.869163903099;((-(_a7_) + (x * (_a0_ + ((_a6_ * -(x)) / _a0_)))) * x);{'d0': {'_a0_': 2.1066240668896707, '_a6_': -7.113565731937108, '_a7_': -1.7751354041619583, '_a1_': 1.0, '_a2_': 1.0, '_a3_': 1.0, '_a4_': 1.0, '_a5_': 1.0}};{'d0': 0.02490583291941667};-280.569866449043;39.41576932142303
39813;-100.869163903099;((-(_a7_) + (x * (_a0_ + ((_a6_ * -(x)) / _a0_)))) * x);{'d0': {'_a0_': 2.1066240668896707, '_a6_': -7.113565731937108, '_a7_': -1.7751354041619583, '_a1_': 1.0, '_a2_': 1.0, '_a3_': 1.0, '_a4_': 1.0, '_a5_': 1.0}};{'d0': 0.02490583291941667};-280.569866449043;39.41576932142303
39814;-100.869163903099;((-(_a7_) + (x * (_a0_ + ((_a6_ * -(x)) / _a0_)))) * x);{'d0': {'_a0_': 2.1066240668896707, '_a6_': -7.113565731937108, '_a7_': -1.7751354041619583, '_a1_': 1.0, '_a2_': 1.0, '_a3_': 1.0, '_a4_': 1.0, '_a5_': 1.0}};{'d0': 0.02490583291941667};-280.569866449043;39.41576932142303
39815;-100.869163903099;((-(_a7_) + (x * (_a0_ + ((_a6_ * -(x)) / _a0_)))) * x);{'d0': {'_a0_': 2.1066240668896707, '_a6_': -7.113565731937108, '_a7_': -1.7751354041619583, '_a1_': 1.0, '_a2_': 1.0, '_a3_': 1.0, '_a4_': 1.0, '_a5_': 1.0}};{'d0': 0.02490583291941667};-280.569866449043;39.41576932142303
39816;-100.869163903099;((-(_a7_) + (x * (_a0_ + ((_a6_ * -(x)) / _a0_)))) * x);{'d0': {'_a0_': 2.1066240668896707, '_a6_': -7.113565731937108, '_a7_': -1.7751354041619583, '_a1_': 1.0, '_a2_': 1.0, '_a3_': 1.0, '_a4_': 1.0, '_a5_': 1.0}};{'d0': 0.02490583291941667};-280.569866449043;39.41576932142303
39817;-100.869163903099;((-(_a7_) + (x * (_a0_ + ((_a6_ * -(x)) / _a0_)))) * x);{'d0': {'_a0_': 2.1066240668896707, '_a6_': -7.113565731937108, '_a7_': -1.7751354041619583, '_a1_': 1.0, '_a2_': 1.0, '_a3_': 1.0, '_a4_': 1.0, '_a5_': 1.0}};{'d0': 0.02490583291941667};-280.569866449043;39.41576932142303
39818;-100.869163903099;((-(_a7_) + (x * (_a0_ + ((_a6_ * -(x)) / _a0_)))) * x);{'d0': {'_a0_': 2.1066240668896707, '_a6_': -7.113565731937108, '_a7_': -1.7751354041619583, '_a1_': 1.0, '_a2_': 1.0, '_a3_': 1.0, '_a4_': 1.0, '_a5_': 1.0}};{'d0': 0.02490583291941667};-280.569866449043;39.41576932142303
39819;-100.869163903099;((-(_a7_) + (x * (_a0_ + ((_a6_ * -(x)) / _a0_)))) * x);{'d0': {'_a0_': 2.1066240668896707, '_a6_': -7.113565731937108, '_a7_': -1.7751354041619583, '_a1_': 1.0, '_a2_': 1.0, '_a3_': 1.0, '_a4_': 1.0, '_a5_': 1.0}};{'d0': 0.02490583291941667};-280.569866449043;39.41576932142303
39820;-100.869163903099;((-(_a7_) + (x * (_a0_ + ((_a6_ * -(x)) / _a0_)))) * x);{'d0': {'_a0_': 2.1066240668896707, '_a6_': -7.113565731937108, '_a7_': -1.7751354041619583, '_a1_': 1.0, '_a2_': 1.0, '_a3_': 1.0, '_a4_': 1.0, '_a5_': 1.0}};{'d0': 0.02490583291941667};-280.569866449043;39.41576932142303
39821;-100.869163903099;((-(_a7_) + (x * (_a0_ + ((_a6_ * -(x)) / _a0_)))) * x);{'d0': {'_a0_': 2.1066240668896707, '_a6_': -7.113565731937108, '_a7_': -1.7751354041619583, '_a1_': 1.0, '_a2_': 1.0, '_a3_': 1.0, '_a4_': 1.0, '_a5_': 1.0}};{'d0': 0.02490583291941667};-280.569866449043;39.41576932142303
39822;-100.869163903099;((-(_a7_) + (x * (_a0_ + ((_a6_ * -(x)) / _a0_)))) * x);{'d0': {'_a0_': 2.1066240668896707, '_a6_': -7.113565731937108, '_a7_': -1.7751354041619583, '_a1_': 1.0, '_a2_': 1.0, '_a3_': 1.0, '_a4_': 1.0, '_a5_': 1.0}};{'d0': 0.02490583291941667};-280.569866449043;39.41576932142303
39823;-100.869163903099;((-(_a7_) + (x * (_a0_ + ((_a6_ * -(x)) / _a0_)))) * x);{'d0': {'_a0_': 2.1066240668896707, '_a6_': -7.113565731937108, '_a7_': -1.7751354041619583, '_a1_': 1.0, '_a2_': 1.0, '_a3_': 1.0, '_a4_': 1.0, '_a5_': 1.0}};{'d0': 0.02490583291941667};-280.569866449043;39.41576932142303
39824;-100.869163903099;((-(_a7_) + (x * (_a0_ + ((_a6_ * -(x)) / _a0_)))) * x);{'d0': {'_a0_': 2.1066240668896707, '_a6_': -7.113565731937108, '_a7_': -1.7751354041619583, '_a1_': 1.0, '_a2_': 1.0, '_a3_': 1.0, '_a4_': 1.0, '_a5_': 1.0}};{'d0': 0.02490583291941667};-280.569866449043;39.41576932142303
39825;-100.869163903099;((-(_a7_) + (x * (_a0_ + ((_a6_ * -(x)) / _a0_)))) * x);{'d0': {'_a0_': 2.1066240668896707, '_a6_': -7.113565731937108, '_a7_': -1.7751354041619583, '_a1_': 1.0, '_a2_': 1.0, '_a3_': 1.0, '_a4_': 1.0, '_a5_': 1.0}};{'d0': 0.02490583291941667};-280.569866449043;39.41576932142303
39826;-100.869163903099;((-(_a7_) + (x * (_a0_ + ((_a6_ * -(x)) / _a0_)))) * x);{'d0': {'_a0_': 2.1066240668896707, '_a6_': -7.113565731937108, '_a7_': -1.7751354041619583, '_a1_': 1.0, '_a2_': 1.0, '_a3_': 1.0, '_a4_': 1.0, '_a5_': 1.0}};{'d0': 0.02490583291941667};-280.569866449043;39.41576932142303
39827;-100.869163903099;((-(_a7_) + (x * (_a0_ + ((_a6_ * -(x)) / _a0_)))) * x);{'d0': {'_a0_': 2.1066240668896707, '_a6_': -7.113565731937108, '_a7_': -1.7751354041619583, '_a1_': 1.0, '_a2_': 1.0, '_a3_': 1.0, '_a4_': 1.0, '_a5_': 1.0}};{'d0': 0.02490583291941667};-280.569866449043;39.41576932142303
39828;-100.869163903099;((-(_a7_) + (x * (_a0_ + ((_a6_ * -(x)) / _a0_)))) * x);{'d0': {'_a0_': 2.1066240668896707, '_a6_': -7.113565731937108, '_a7_': -1.7751354041619583, '_a1_': 1.0, '_a2_': 1.0, '_a3_': 1.0, '_a4_': 1.0, '_a5_': 1.0}};{'d0': 0.02490583291941667};-280.569866449043;39.41576932142303
39829;-100.869163903099;((-(_a7_) + (x * (_a0_ + ((_a6_ * -(x)) / _a0_)))) * x);{'d0': {'_a0_': 2.1066240668896707, '_a6_': -7.113565731937108, '_a7_': -1.7751354041619583, '_a1_': 1.0, '_a2_': 1.0, '_a3_': 1.0, '_a4_': 1.0, '_a5_': 1.0}};{'d0': 0.02490583291941667};-280.569866449043;39.41576932142303
39830;-100.869163903099;((-(_a7_) + (x * (_a0_ + ((_a6_ * -(x)) / _a0_)))) * x);{'d0': {'_a0_': 2.1066240668896707, '_a6_': -7.113565731937108, '_a7_': -1.7751354041619583, '_a1_': 1.0, '_a2_': 1.0, '_a3_': 1.0, '_a4_': 1.0, '_a5_': 1.0}};{'d0': 0.02490583291941667};-280.569866449043;39.41576932142303
39831;-100.869163903099;((-(_a7_) + (x * (_a0_ + ((_a6_ * -(x)) / _a0_)))) * x);{'d0': {'_a0_': 2.1066240668896707, '_a6_': -7.113565731937108, '_a7_': -1.7751354041619583, '_a1_': 1.0, '_a2_': 1.0, '_a3_': 1.0, '_a4_': 1.0, '_a5_': 1.0}};{'d0': 0.02490583291941667};-280.569866449043;39.41576932142303
39832;-100.869163903099;((-(_a7_) + (x * (_a0_ + ((_a6_ * -(x)) / _a0_)))) * x);{'d0': {'_a0_': 2.1066240668896707, '_a6_': -7.113565731937108, '_a7_': -1.7751354041619583, '_a1_': 1.0, '_a2_': 1.0, '_a3_': 1.0, '_a4_': 1.0, '_a5_': 1.0}};{'d0': 0.02490583291941667};-280.569866449043;39.41576932142303
39833;-100.869163903099;((-(_a7_) + (x * (_a0_ + ((_a6_ * -(x)) / _a0_)))) * x);{'d0': {'_a0_': 2.1066240668896707, '_a6_': -7.113565731937108, '_a7_': -1.7751354041619583, '_a1_': 1.0, '_a2_': 1.0, '_a3_': 1.0, '_a4_': 1.0, '_a5_': 1.0}};{'d0': 0.02490583291941667};-280.569866449043;39.41576932142303
39834;-95.7820324606653;(x + -((x * ((_a6_ * _a1_) * (pow2(x) + (_a0_ * (x + _a1_)))))));{'d0': {'_a0_': 0.6238594155415746, '_a1_': 0.36795146096655007, '_a6_': -9.177191119238602, '_a2_': 1.0, '_a3_': 1.0, '_a4_': 1.0, '_a5_': 1.0, '_a7_': 1.0}};{'d0': 0.024905832919416615};-280.569866449044;44.502900763856346
39835;-95.7820324606653;(x + -((x * ((_a6_ * _a1_) * (pow2(x) + (_a0_ * (x + _a1_)))))));{'d0': {'_a0_': 0.6238594155415746, '_a1_': 0.36795146096655007, '_a6_': -9.177191119238602, '_a2_': 1.0, '_a3_': 1.0, '_a4_': 1.0, '_a5_': 1.0, '_a7_': 1.0}};{'d0': 0.024905832919416615};-280.569866449044;44.502900763856346
39836;-95.7820324606653;(x + -((x * ((_a6_ * _a1_) * (pow2(x) + (_a0_ * (x + _a1_)))))));{'d0': {'_a0_': 0.6238594155415746, '_a1_': 0.36795146096655007, '_a6_': -9.177191119238602, '_a2_': 1.0, '_a3_': 1.0, '_a4_': 1.0, '_a5_': 1.0, '_a7_': 1.0}};{'d0': 0.024905832919416615};-280.569866449044;44.502900763856346
39837;-95.7820324606653;(x + -((x * ((_a6_ * _a1_) * (pow2(x) + (_a0_ * (x + _a1_)))))));{'d0': {'_a0_': 0.6238594155415746, '_a1_': 0.36795146096655007, '_a6_': -9.177191119238602, '_a2_': 1.0, '_a3_': 1.0, '_a4_': 1.0, '_a5_': 1.0, '_a7_': 1.0}};{'d0': 0.024905832919416615};-280.569866449044;44.502900763856346
39838;-95.7820324606653;(x + -((x * ((_a6_ * _a1_) * (pow2(x) + (_a0_ * (x + _a1_)))))));{'d0': {'_a0_': 0.6238594155415746, '_a1_': 0.36795146096655007, '_a6_': -9.177191119238602, '_a2_': 1.0, '_a3_': 1.0, '_a4_': 1.0, '_a5_': 1.0, '_a7_': 1.0}};{'d0': 0.024905832919416615};-280.569866449044;44.502900763856346
39839;-95.7820324606653;(x + -((x * ((_a6_ * _a1_) * (pow2(x) + (_a0_ * (x + _a1_)))))));{'d0': {'_a0_': 0.6238594155415746, '_a1_': 0.36795146096655007, '_a6_': -9.177191119238602, '_a2_': 1.0, '_a3_': 1.0, '_a4_': 1.0, '_a5_': 1.0, '_a7_': 1.0}};{'d0': 0.024905832919416615};-280.569866449044;44.502900763856346
39840;-95.7820324606653;(x + -((x * ((_a6_ * _a1_) * (pow2(x) + (_a0_ * (x + _a1_)))))));{'d0': {'_a0_': 0.6238594155415746, '_a1_': 0.36795146096655007, '_a6_': -9.177191119238602, '_a2_': 1.0, '_a3_': 1.0, '_a4_': 1.0, '_a5_': 1.0, '_a7_': 1.0}};{'d0': 0.024905832919416615};-280.569866449044;44.502900763856346
39841;-95.7820324606653;(x + -((x * ((_a6_ * _a1_) * (pow2(x) + (_a0_ * (x + _a1_)))))));{'d0': {'_a0_': 0.6238594155415746, '_a1_': 0.36795146096655007, '_a6_': -9.177191119238602, '_a2_': 1.0, '_a3_': 1.0, '_a4_': 1.0, '_a5_': 1.0, '_a7_': 1.0}};{'d0': 0.024905832919416615};-280.569866449044;44.502900763856346
39842;-95.7820324606653;(x + -((x * ((_a6_ * _a1_) * (pow2(x) + (_a0_ * (x + _a1_)))))));{'d0': {'_a0_': 0.6238594155415746, '_a1_': 0.36795146096655007, '_a6_': -9.177191119238602, '_a2_': 1.0, '_a3_': 1.0, '_a4_': 1.0, '_a5_': 1.0, '_a7_': 1.0}};{'d0': 0.024905832919416615};-280.569866449044;44.502900763856346
39843;-95.7820324606653;(x + -((x * ((_a6_ * _a1_) * (pow2(x) + (_a0_ * (x + _a1_)))))));{'d0': {'_a0_': 0.6238594155415746, '_a1_': 0.36795146096655007, '_a6_': -9.177191119238602, '_a2_': 1.0, '_a3_': 1.0, '_a4_': 1.0, '_a5_': 1.0, '_a7_': 1.0}};{'d0': 0.024905832919416615};-280.569866449044;44.502900763856346
39844;-95.7820324606653;(x + -((x * ((_a6_ * _a1_) * (pow2(x) + (_a0_ * (x + _a1_)))))));{'d0': {'_a0_': 0.6238594155415746, '_a1_': 0.36795146096655007, '_a6_': -9.177191119238602, '_a2_': 1.0, '_a3_': 1.0, '_a4_': 1.0, '_a5_': 1.0, '_a7_': 1.0}};{'d0': 0.024905832919416615};-280.569866449044;44.502900763856346
39845;-95.7820324606653;(x + -((x * ((_a6_ * _a1_) * (pow2(x) + (_a0_ * (x + _a1_)))))));{'d0': {'_a0_': 0.6238594155415746, '_a1_': 0.36795146096655007, '_a6_': -9.177191119238602, '_a2_': 1.0, '_a3_': 1.0, '_a4_': 1.0, '_a5_': 1.0, '_a7_': 1.0}};{'d0': 0.024905832919416615};-280.569866449044;44.502900763856346
39846;-95.7820324606653;(x + -((x * ((_a6_ * _a1_) * (pow2(x) + (_a0_ * (x + _a1_)))))));{'d0': {'_a0_': 0.6238594155415746, '_a1_': 0.36795146096655007, '_a6_': -9.177191119238602, '_a2_': 1.0, '_a3_': 1.0, '_a4_': 1.0, '_a5_': 1.0, '_a7_': 1.0}};{'d0': 0.024905832919416615};-280.569866449044;44.502900763856346
39847;-95.7820324606653;(x + -((x * ((_a6_ * _a1_) * (pow2(x) + (_a0_ * (x + _a1_)))))));{'d0': {'_a0_': 0.6238594155415746, '_a1_': 0.36795146096655007, '_a6_': -9.177191119238602, '_a2_': 1.0, '_a3_': 1.0, '_a4_': 1.0, '_a5_': 1.0, '_a7_': 1.0}};{'d0': 0.024905832919416615};-280.569866449044;44.502900763856346
39848;-99.4799669332755;(((x * ((x * _a2_) + -((_a7_ + (_a7_ * _a3_))))) + _a7_) * x);{'d0': {'_a2_': 3.3767608789017833, '_a3_': -2.1867399317519105, '_a7_': 1.7751354041547458, '_a0_': 1.0, '_a1_': 1.0, '_a4_': 1.0, '_a5_': 1.0, '_a6_': 1.0}};{'d0': 0.0249058329194167};-280.569866449043;40.804966291246416
39849;-99.4799669332755;(((x * ((x * _a2_) + -((_a7_ + (_a7_ * _a3_))))) + _a7_) * x);{'d0': {'_a2_': 3.3767608789017833, '_a3_': -2.1867399317519105, '_a7_': 1.7751354041547458, '_a0_': 1.0, '_a1_': 1.0, '_a4_': 1.0, '_a5_': 1.0, '_a6_': 1.0}};{'d0': 0.0249058329194167};-280.569866449043;40.804966291246416
39850;-95.7820324606653;(x + -((x * ((_a6_ * _a1_) * (pow2(x) + (_a0_ * (x + _a1_)))))));{'d0': {'_a0_': 0.6238594155415746, '_a1_': 0.36795146096655007, '_a6_': -9.177191119238602, '_a2_': 1.0, '_a3_': 1.0, '_a4_': 1.0, '_a5_': 1.0, '_a7_': 1.0}};{'d0': 0.024905832919416615};-280.569866449044;44.502900763856346
39851;-95.7820324606653;(x + -((x * ((_a6_ * _a1_) * (pow2(x) + (_a0_ * (x + _a1_)))))));{'d0': {'_a0_': 0.6238594155415746, '_a1_': 0.36795146096655007, '_a6_': -9.177191119238602, '_a2_': 1.0, '_a3_': 1.0, '_a4_': 1.0, '_a5_': 1.0, '_a7_': 1.0}};{'d0': 0.024905832919416615};-280.569866449044;44.502900763856346
39852;-95.7820324606653;(x + -((x * ((_a6_ * _a1_) * (pow2(x) + (_a0_ * (x + _a1_)))))));{'d0': {'_a0_': 0.6238594155415746, '_a1_': 0.36795146096655007, '_a6_': -9.177191119238602, '_a2_': 1.0, '_a3_': 1.0, '_a4_': 1.0, '_a5_': 1.0, '_a7_': 1.0}};{'d0': 0.024905832919416615};-280.569866449044;44.502900763856346
39853;-95.7820324606653;(x + -((x * ((_a6_ * _a1_) * (pow2(x) + (_a0_ * (x + _a1_)))))));{'d0': {'_a0_': 0.6238594155415746, '_a1_': 0.36795146096655007, '_a6_': -9.177191119238602, '_a2_': 1.0, '_a3_': 1.0, '_a4_': 1.0, '_a5_': 1.0, '_a7_': 1.0}};{'d0': 0.024905832919416615};-280.569866449044;44.502900763856346
39854;-95.7820324606653;(x + -((x * ((_a6_ * _a1_) * (pow2(x) + (_a0_ * (x + _a1_)))))));{'d0': {'_a0_': 0.6238594155415746, '_a1_': 0.36795146096655007, '_a6_': -9.177191119238602, '_a2_': 1.0, '_a3_': 1.0, '_a4_': 1.0, '_a5_': 1.0, '_a7_': 1.0}};{'d0': 0.024905832919416615};-280.569866449044;44.502900763856346
39855;-95.7820324606653;(x + -((x * ((_a6_ * _a1_) * (pow2(x) + (_a0_ * (x + _a1_)))))));{'d0': {'_a0_': 0.6238594155415746, '_a1_': 0.36795146096655007, '_a6_': -9.177191119238602, '_a2_': 1.0, '_a3_': 1.0, '_a4_': 1.0, '_a5_': 1.0, '_a7_': 1.0}};{'d0': 0.024905832919416615};-280.569866449044;44.502900763856346
39856;-95.7820324606653;(x + -((x * ((_a6_ * _a1_) * (pow2(x) + (_a0_ * (x + _a1_)))))));{'d0': {'_a0_': 0.6238594155415746, '_a1_': 0.36795146096655007, '_a6_': -9.177191119238602, '_a2_': 1.0, '_a3_': 1.0, '_a4_': 1.0, '_a5_': 1.0, '_a7_': 1.0}};{'d0': 0.024905832919416615};-280.569866449044;44.502900763856346
39857;-95.7820324606653;(x + -((x * ((_a6_ * _a1_) * (pow2(x) + (_a0_ * (x + _a1_)))))));{'d0': {'_a0_': 0.6238594155415746, '_a1_': 0.36795146096655007, '_a6_': -9.177191119238602, '_a2_': 1.0, '_a3_': 1.0, '_a4_': 1.0, '_a5_': 1.0, '_a7_': 1.0}};{'d0': 0.024905832919416615};-280.569866449044;44.502900763856346
39858;-95.7820324606653;(x + -((x * ((_a6_ * _a1_) * (pow2(x) + (_a0_ * (x + _a1_)))))));{'d0': {'_a0_': 0.6238594155415746, '_a1_': 0.36795146096655007, '_a6_': -9.177191119238602, '_a2_': 1.0, '_a3_': 1.0, '_a4_': 1.0, '_a5_': 1.0, '_a7_': 1.0}};{'d0': 0.024905832919416615};-280.569866449044;44.502900763856346
39859;-95.7820324606653;(x + -((x * ((_a6_ * _a1_) * (pow2(x) + (_a0_ * (x + _a1_)))))));{'d0': {'_a0_': 0.6238594155415746, '_a1_': 0.36795146096655007, '_a6_': -9.177191119238602, '_a2_': 1.0, '_a3_': 1.0, '_a4_': 1.0, '_a5_': 1.0, '_a7_': 1.0}};{'d0': 0.024905832919416615};-280.569866449044;44.502900763856346
39860;-95.7820324606653;(x + -((x * ((_a6_ * _a1_) * (pow2(x) + (_a0_ * (x + _a1_)))))));{'d0': {'_a0_': 0.6238594155415746, '_a1_': 0.36795146096655007, '_a6_': -9.177191119238602, '_a2_': 1.0, '_a3_': 1.0, '_a4_': 1.0, '_a5_': 1.0, '_a7_': 1.0}};{'d0': 0.024905832919416615};-280.569866449044;44.502900763856346
39861;-95.7820324606653;(x + -((x * ((_a6_ * _a1_) * (pow2(x) + (_a0_ * (x + _a1_)))))));{'d0': {'_a0_': 0.6238594155415746, '_a1_': 0.36795146096655007, '_a6_': -9.177191119238602, '_a2_': 1.0, '_a3_': 1.0, '_a4_': 1.0, '_a5_': 1.0, '_a7_': 1.0}};{'d0': 0.024905832919416615};-280.569866449044;44.502900763856346
39862;-95.7820324606653;(x + -((x * ((_a6_ * _a1_) * (pow2(x) + (_a0_ * (x + _a1_)))))));{'d0': {'_a0_': 0.6238594155415746, '_a1_': 0.36795146096655007, '_a6_': -9.177191119238602, '_a2_': 1.0, '_a3_': 1.0, '_a4_': 1.0, '_a5_': 1.0, '_a7_': 1.0}};{'d0': 0.024905832919416615};-280.569866449044;44.502900763856346
39863;-95.7820324606653;(x + -((x * ((_a6_ * _a1_) * (pow2(x) + (_a0_ * (x + _a1_)))))));{'d0': {'_a0_': 0.6238594155415746, '_a1_': 0.36795146096655007, '_a6_': -9.177191119238602, '_a2_': 1.0, '_a3_': 1.0, '_a4_': 1.0, '_a5_': 1.0, '_a7_': 1.0}};{'d0': 0.024905832919416615};-280.569866449044;44.502900763856346
39864;-95.7820324606653;(x + -((x * ((_a6_ * _a1_) * (pow2(x) + (_a0_ * (x + _a1_)))))));{'d0': {'_a0_': 0.6238594155415746, '_a1_': 0.36795146096655007, '_a6_': -9.177191119238602, '_a2_': 1.0, '_a3_': 1.0, '_a4_': 1.0, '_a5_': 1.0, '_a7_': 1.0}};{'d0': 0.024905832919416615};-280.569866449044;44.502900763856346
39865;-95.7820324606653;(x + -((x * ((_a6_ * _a1_) * (pow2(x) + (_a0_ * (x + _a1_)))))));{'d0': {'_a0_': 0.6238594155415746, '_a1_': 0.36795146096655007, '_a6_': -9.177191119238602, '_a2_': 1.0, '_a3_': 1.0, '_a4_': 1.0, '_a5_': 1.0, '_a7_': 1.0}};{'d0': 0.024905832919416615};-280.569866449044;44.502900763856346
39866;-95.7820324606653;(x + -((x * ((_a6_ * _a1_) * (pow2(x) + (_a0_ * (x + _a1_)))))));{'d0': {'_a0_': 0.6238594155415746, '_a1_': 0.36795146096655007, '_a6_': -9.177191119238602, '_a2_': 1.0, '_a3_': 1.0, '_a4_': 1.0, '_a5_': 1.0, '_a7_': 1.0}};{'d0': 0.024905832919416615};-280.569866449044;44.502900763856346
39867;-95.7820324606653;(x + -((x * ((_a6_ * _a1_) * (pow2(x) + (_a0_ * (x + _a1_)))))));{'d0': {'_a0_': 0.6238594155415746, '_a1_': 0.36795146096655007, '_a6_': -9.177191119238602, '_a2_': 1.0, '_a3_': 1.0, '_a4_': 1.0, '_a5_': 1.0, '_a7_': 1.0}};{'d0': 0.024905832919416615};-280.569866449044;44.502900763856346
39868;-95.7820324606653;(x + -((x * ((_a6_ * _a1_) * (pow2(x) + (_a0_ * (x + _a1_)))))));{'d0': {'_a0_': 0.6238594155415746, '_a1_': 0.36795146096655007, '_a6_': -9.177191119238602, '_a2_': 1.0, '_a3_': 1.0, '_a4_': 1.0, '_a5_': 1.0, '_a7_': 1.0}};{'d0': 0.024905832919416615};-280.569866449044;44.502900763856346
39869;-95.7820324606653;(x + -((x * ((_a6_ * _a1_) * (pow2(x) + (_a0_ * (x + _a1_)))))));{'d0': {'_a0_': 0.6238594155415746, '_a1_': 0.36795146096655007, '_a6_': -9.177191119238602, '_a2_': 1.0, '_a3_': 1.0, '_a4_': 1.0, '_a5_': 1.0, '_a7_': 1.0}};{'d0': 0.024905832919416615};-280.569866449044;44.502900763856346
39870;-95.7820324606653;(x + -((x * ((_a6_ * _a1_) * (pow2(x) + (_a0_ * (x + _a1_)))))));{'d0': {'_a0_': 0.6238594155415746, '_a1_': 0.36795146096655007, '_a6_': -9.177191119238602, '_a2_': 1.0, '_a3_': 1.0, '_a4_': 1.0, '_a5_': 1.0, '_a7_': 1.0}};{'d0': 0.024905832919416615};-280.569866449044;44.502900763856346
39871;-95.7820324606653;(x + -((x * ((_a6_ * _a1_) * (pow2(x) + (_a0_ * (x + _a1_)))))));{'d0': {'_a0_': 0.6238594155415746, '_a1_': 0.36795146096655007, '_a6_': -9.177191119238602, '_a2_': 1.0, '_a3_': 1.0, '_a4_': 1.0, '_a5_': 1.0, '_a7_': 1.0}};{'d0': 0.024905832919416615};-280.569866449044;44.502900763856346
39872;-95.7820324606653;(x + -((x * ((_a6_ * _a1_) * (pow2(x) + (_a0_ * (x + _a1_)))))));{'d0': {'_a0_': 0.6238594155415746, '_a1_': 0.36795146096655007, '_a6_': -9.177191119238602, '_a2_': 1.0, '_a3_': 1.0, '_a4_': 1.0, '_a5_': 1.0, '_a7_': 1.0}};{'d0': 0.024905832919416615};-280.569866449044;44.502900763856346
39873;-95.7820324606653;(x + -((x * ((_a6_ * _a1_) * (pow2(x) + (_a0_ * (x + _a1_)))))));{'d0': {'_a0_': 0.6238594155415746, '_a1_': 0.36795146096655007, '_a6_': -9.177191119238602, '_a2_': 1.0, '_a3_': 1.0, '_a4_': 1.0, '_a5_': 1.0, '_a7_': 1.0}};{'d0': 0.024905832919416615};-280.569866449044;44.502900763856346
39874;-95.7820324606653;(x + -((x * ((_a6_ * _a1_) * (pow2(x) + (_a0_ * (x + _a1_)))))));{'d0': {'_a0_': 0.6238594155415746, '_a1_': 0.36795146096655007, '_a6_': -9.177191119238602, '_a2_': 1.0, '_a3_': 1.0, '_a4_': 1.0, '_a5_': 1.0, '_a7_': 1.0}};{'d0': 0.024905832919416615};-280.569866449044;44.502900763856346
39875;-95.7820324606653;(x + -((x * ((_a6_ * _a1_) * (pow2(x) + (_a0_ * (x + _a1_)))))));{'d0': {'_a0_': 0.6238594155415746, '_a1_': 0.36795146096655007, '_a6_': -9.177191119238602, '_a2_': 1.0, '_a3_': 1.0, '_a4_': 1.0, '_a5_': 1.0, '_a7_': 1.0}};{'d0': 0.024905832919416615};-280.569866449044;44.502900763856346
39876;-95.7820324606653;(x + -((x * ((_a6_ * _a1_) * (pow2(x) + (_a0_ * (x + _a1_)))))));{'d0': {'_a0_': 0.6238594155415746, '_a1_': 0.36795146096655007, '_a6_': -9.177191119238602, '_a2_': 1.0, '_a3_': 1.0, '_a4_': 1.0, '_a5_': 1.0, '_a7_': 1.0}};{'d0': 0.024905832919416615};-280.569866449044;44.502900763856346
39877;-95.7820324606653;(x + -((x * ((_a6_ * _a1_) * (pow2(x) + (_a0_ * (x + _a1_)))))));{'d0': {'_a0_': 0.6238594155415746, '_a1_': 0.36795146096655007, '_a6_': -9.177191119238602, '_a2_': 1.0, '_a3_': 1.0, '_a4_': 1.0, '_a5_': 1.0, '_a7_': 1.0}};{'d0': 0.024905832919416615};-280.569866449044;44.502900763856346
39878;-95.7820324606653;(x + -((x * ((_a6_ * _a1_) * (pow2(x) + (_a0_ * (x + _a1_)))))));{'d0': {'_a0_': 0.6238594155415746, '_a1_': 0.36795146096655007, '_a6_': -9.177191119238602, '_a2_': 1.0, '_a3_': 1.0, '_a4_': 1.0, '_a5_': 1.0, '_a7_': 1.0}};{'d0': 0.024905832919416615};-280.569866449044;44.502900763856346
39879;-95.7820324606653;(x + -((x * ((_a6_ * _a1_) * (pow2(x) + (_a0_ * (x + _a1_)))))));{'d0': {'_a0_': 0.6238594155415746, '_a1_': 0.36795146096655007, '_a6_': -9.177191119238602, '_a2_': 1.0, '_a3_': 1.0, '_a4_': 1.0, '_a5_': 1.0, '_a7_': 1.0}};{'d0': 0.024905832919416615};-280.569866449044;44.502900763856346
39880;-95.7820324606653;(x + -((x * ((_a6_ * _a1_) * (pow2(x) + (_a0_ * (x + _a1_)))))));{'d0': {'_a0_': 0.6238594155415746, '_a1_': 0.36795146096655007, '_a6_': -9.177191119238602, '_a2_': 1.0, '_a3_': 1.0, '_a4_': 1.0, '_a5_': 1.0, '_a7_': 1.0}};{'d0': 0.024905832919416615};-280.569866449044;44.502900763856346
39881;-95.7820324606653;(x + -((x * ((_a6_ * _a1_) * (pow2(x) + (_a0_ * (x + _a1_)))))));{'d0': {'_a0_': 0.6238594155415746, '_a1_': 0.36795146096655007, '_a6_': -9.177191119238602, '_a2_': 1.0, '_a3_': 1.0, '_a4_': 1.0, '_a5_': 1.0, '_a7_': 1.0}};{'d0': 0.024905832919416615};-280.569866449044;44.502900763856346
39882;-95.7820324606653;(x + -((x * ((_a6_ * _a1_) * (pow2(x) + (_a0_ * (x + _a1_)))))));{'d0': {'_a0_': 0.6238594155415746, '_a1_': 0.36795146096655007, '_a6_': -9.177191119238602, '_a2_': 1.0, '_a3_': 1.0, '_a4_': 1.0, '_a5_': 1.0, '_a7_': 1.0}};{'d0': 0.024905832919416615};-280.569866449044;44.502900763856346
39883;-94.9310806197199;(x + -((x * ((_a6_ / _a1_) * (pow2(x) + (_a0_ * (x + _a1_)))))));{'d0': {'_a0_': 0.6238594156049797, '_a1_': 0.367951461441555, '_a6_': -1.2424840999397395, '_a2_': 1.0, '_a3_': 1.0, '_a4_': 1.0, '_a5_': 1.0, '_a7_': 1.0}};{'d0': 0.02490583291941661};-280.569866449044;45.353852604801745
39884;-94.9310806197199;(x + -((x * ((_a6_ / _a1_) * (pow2(x) + (_a0_ * (x + _a1_)))))));{'d0': {'_a0_': 0.6238594156049797, '_a1_': 0.367951461441555, '_a6_': -1.2424840999397395, '_a2_': 1.0, '_a3_': 1.0, '_a4_': 1.0, '_a5_': 1.0, '_a7_': 1.0}};{'d0': 0.02490583291941661};-280.569866449044;45.353852604801745
39885;-94.9310806197199;(x + -((x * ((_a6_ / _a1_) * (pow2(x) + (_a0_ * (x + _a1_)))))));{'d0': {'_a0_': 0.6238594156049797, '_a1_': 0.367951461441555, '_a6_': -1.2424840999397395, '_a2_': 1.0, '_a3_': 1.0, '_a4_': 1.0, '_a5_': 1.0, '_a7_': 1.0}};{'d0': 0.02490583291941661};-280.569866449044;45.353852604801745
39886;-94.9310806197199;(x + -((x * ((_a6_ / _a1_) * (pow2(x) + (_a0_ * (x + _a1_)))))));{'d0': {'_a0_': 0.6238594156049797, '_a1_': 0.367951461441555, '_a6_': -1.2424840999397395, '_a2_': 1.0, '_a3_': 1.0, '_a4_': 1.0, '_a5_': 1.0, '_a7_': 1.0}};{'d0': 0.02490583291941661};-280.569866449044;45.353852604801745
39887;-94.9310806197199;(x + -((x * ((_a6_ / _a1_) * (pow2(x) + (_a0_ * (x + _a1_)))))));{'d0': {'_a0_': 0.6238594156049797, '_a1_': 0.367951461441555, '_a6_': -1.2424840999397395, '_a2_': 1.0, '_a3_': 1.0, '_a4_': 1.0, '_a5_': 1.0, '_a7_': 1.0}};{'d0': 0.02490583291941661};-280.569866449044;45.353852604801745
39888;-94.9310806197199;(x + -((x * ((_a6_ / _a1_) * (pow2(x) + (_a0_ * (x + _a1_)))))));{'d0': {'_a0_': 0.6238594156049797, '_a1_': 0.367951461441555, '_a6_': -1.2424840999397395, '_a2_': 1.0, '_a3_': 1.0, '_a4_': 1.0, '_a5_': 1.0, '_a7_': 1.0}};{'d0': 0.02490583291941661};-280.569866449044;45.353852604801745
39889;-94.9310806197199;(x + -((x * ((_a6_ / _a1_) * (pow2(x) + (_a0_ * (x + _a1_)))))));{'d0': {'_a0_': 0.6238594156049797, '_a1_': 0.367951461441555, '_a6_': -1.2424840999397395, '_a2_': 1.0, '_a3_': 1.0, '_a4_': 1.0, '_a5_': 1.0, '_a7_': 1.0}};{'d0': 0.02490583291941661};-280.569866449044;45.353852604801745
39890;-94.9310806197199;(x + -((x * ((_a6_ / _a1_) * (pow2(x) + (_a0_ * (x + _a1_)))))));{'d0': {'_a0_': 0.6238594156049797, '_a1_': 0.367951461441555, '_a6_': -1.2424840999397395, '_a2_': 1.0, '_a3_': 1.0, '_a4_': 1.0, '_a5_': 1.0, '_a7_': 1.0}};{'d0': 0.02490583291941661};-280.569866449044;45.353852604801745
39891;-94.9310806197199;(x + -((x * ((_a6_ / _a1_) * (pow2(x) + (_a0_ * (x + _a1_)))))));{'d0': {'_a0_': 0.6238594156049797, '_a1_': 0.367951461441555, '_a6_': -1.2424840999397395, '_a2_': 1.0, '_a3_': 1.0, '_a4_': 1.0, '_a5_': 1.0, '_a7_': 1.0}};{'d0': 0.02490583291941661};-280.569866449044;45.353852604801745
39892;-94.9310806197199;(x + -((x * ((_a6_ / _a1_) * (pow2(x) + (_a0_ * (x + _a1_)))))));{'d0': {'_a0_': 0.6238594156049797, '_a1_': 0.367951461441555, '_a6_': -1.2424840999397395, '_a2_': 1.0, '_a3_': 1.0, '_a4_': 1.0, '_a5_': 1.0, '_a7_': 1.0}};{'d0': 0.02490583291941661};-280.569866449044;45.353852604801745
39893;-94.9310806197199;(x + -((x * ((_a6_ / _a1_) * (pow2(x) + (_a0_ * (x + _a1_)))))));{'d0': {'_a0_': 0.6238594156049797, '_a1_': 0.367951461441555, '_a6_': -1.2424840999397395, '_a2_': 1.0, '_a3_': 1.0, '_a4_': 1.0, '_a5_': 1.0, '_a7_': 1.0}};{'d0': 0.02490583291941661};-280.569866449044;45.353852604801745
39894;-94.9310806197199;(x + -((x * ((_a6_ / _a1_) * (pow2(x) + (_a0_ * (x + _a1_)))))));{'d0': {'_a0_': 0.6238594156049797, '_a1_': 0.367951461441555, '_a6_': -1.2424840999397395, '_a2_': 1.0, '_a3_': 1.0, '_a4_': 1.0, '_a5_': 1.0, '_a7_': 1.0}};{'d0': 0.02490583291941661};-280.569866449044;45.353852604801745
39895;-94.9310806197199;(x + -((x * ((_a6_ / _a1_) * (pow2(x) + (_a0_ * (x + _a1_)))))));{'d0': {'_a0_': 0.6238594156049797, '_a1_': 0.367951461441555, '_a6_': -1.2424840999397395, '_a2_': 1.0, '_a3_': 1.0, '_a4_': 1.0, '_a5_': 1.0, '_a7_': 1.0}};{'d0': 0.02490583291941661};-280.569866449044;45.353852604801745
39896;-94.9310806197199;(x + -((x * ((_a6_ / _a1_) * (pow2(x) + (_a0_ * (x + _a1_)))))));{'d0': {'_a0_': 0.6238594156049797, '_a1_': 0.367951461441555, '_a6_': -1.2424840999397395, '_a2_': 1.0, '_a3_': 1.0, '_a4_': 1.0, '_a5_': 1.0, '_a7_': 1.0}};{'d0': 0.02490583291941661};-280.569866449044;45.353852604801745
39897;-94.9310806197199;(x + -((x * ((_a6_ / _a1_) * (pow2(x) + (_a0_ * (x + _a1_)))))));{'d0': {'_a0_': 0.6238594156049797, '_a1_': 0.367951461441555, '_a6_': -1.2424840999397395, '_a2_': 1.0, '_a3_': 1.0, '_a4_': 1.0, '_a5_': 1.0, '_a7_': 1.0}};{'d0': 0.02490583291941661};-280.569866449044;45.353852604801745
39898;-94.9310806197199;(x + -((x * ((_a6_ / _a1_) * (pow2(x) + (_a0_ * (x + _a1_)))))));{'d0': {'_a0_': 0.6238594156049797, '_a1_': 0.367951461441555, '_a6_': -1.2424840999397395, '_a2_': 1.0, '_a3_': 1.0, '_a4_': 1.0, '_a5_': 1.0, '_a7_': 1.0}};{'d0': 0.02490583291941661};-280.569866449044;45.353852604801745
39899;-94.9310806197199;(x + -((x * ((_a6_ / _a1_) * (pow2(x) + (_a0_ * (x + _a1_)))))));{'d0': {'_a0_': 0.6238594156049797, '_a1_': 0.367951461441555, '_a6_': -1.2424840999397395, '_a2_': 1.0, '_a3_': 1.0, '_a4_': 1.0, '_a5_': 1.0, '_a7_': 1.0}};{'d0': 0.02490583291941661};-280.569866449044;45.353852604801745
39900;-94.9310806197199;(x + -((x * ((_a6_ / _a1_) * (pow2(x) + (_a0_ * (x + _a1_)))))));{'d0': {'_a0_': 0.6238594156049797, '_a1_': 0.367951461441555, '_a6_': -1.2424840999397395, '_a2_': 1.0, '_a3_': 1.0, '_a4_': 1.0, '_a5_': 1.0, '_a7_': 1.0}};{'d0': 0.02490583291941661};-280.569866449044;45.353852604801745
39901;-94.9310806197199;(x + -((x * ((_a6_ / _a1_) * (pow2(x) + (_a0_ * (x + _a1_)))))));{'d0': {'_a0_': 0.6238594156049797, '_a1_': 0.367951461441555, '_a6_': -1.2424840999397395, '_a2_': 1.0, '_a3_': 1.0, '_a4_': 1.0, '_a5_': 1.0, '_a7_': 1.0}};{'d0': 0.02490583291941661};-280.569866449044;45.353852604801745
39902;-94.9310806197199;(x + -((x * ((_a6_ / _a1_) * (pow2(x) + (_a0_ * (x + _a1_)))))));{'d0': {'_a0_': 0.6238594156049797, '_a1_': 0.367951461441555, '_a6_': -1.2424840999397395, '_a2_': 1.0, '_a3_': 1.0, '_a4_': 1.0, '_a5_': 1.0, '_a7_': 1.0}};{'d0': 0.02490583291941661};-280.569866449044;45.353852604801745
39903;-94.9310806197199;(x + -((x * ((_a6_ / _a1_) * (pow2(x) + (_a0_ * (x + _a1_)))))));{'d0': {'_a0_': 0.6238594156049797, '_a1_': 0.367951461441555, '_a6_': -1.2424840999397395, '_a2_': 1.0, '_a3_': 1.0, '_a4_': 1.0, '_a5_': 1.0, '_a7_': 1.0}};{'d0': 0.02490583291941661};-280.569866449044;45.353852604801745
39904;-94.9310806197199;(x + -((x * ((_a6_ / _a1_) * (pow2(x) + (_a0_ * (x + _a1_)))))));{'d0': {'_a0_': 0.6238594156049797, '_a1_': 0.367951461441555, '_a6_': -1.2424840999397395, '_a2_': 1.0, '_a3_': 1.0, '_a4_': 1.0, '_a5_': 1.0, '_a7_': 1.0}};{'d0': 0.02490583291941661};-280.569866449044;45.353852604801745
39905;-94.9310806197199;(x + -((x * ((_a6_ / _a1_) * (pow2(x) + (_a0_ * (x + _a1_)))))));{'d0': {'_a0_': 0.6238594156049797, '_a1_': 0.367951461441555, '_a6_': -1.2424840999397395, '_a2_': 1.0, '_a3_': 1.0, '_a4_': 1.0, '_a5_': 1.0, '_a7_': 1.0}};{'d0': 0.02490583291941661};-280.569866449044;45.353852604801745
39906;-94.9310806197199;(x + -((x * ((_a6_ / _a1_) * (pow2(x) + (_a0_ * (x + _a1_)))))));{'d0': {'_a0_': 0.6238594156049797, '_a1_': 0.367951461441555, '_a6_': -1.2424840999397395, '_a2_': 1.0, '_a3_': 1.0, '_a4_': 1.0, '_a5_': 1.0, '_a7_': 1.0}};{'d0': 0.02490583291941661};-280.569866449044;45.353852604801745
39907;-91.2506283814588;(x + -((x * ((_a6_ / _a1_) * (pow2(x) + (_a0_ * (-(x) + _a1_)))))));{'d0': {'_a0_': -0.6238594156969361, '_a1_': -0.36795146194043854, '_a6_': 1.2424841008763465, '_a2_': 1.0, '_a3_': 1.0, '_a4_': 1.0, '_a5_': 1.0, '_a7_': 1.0}};{'d0': 0.024905832919416625};-280.569866449044;49.03430484306291
39908;-105.400567982306;(((x * ((x * _a2_) + -((_a7_ * _a2_)))) + _a0_) * x);{'d0': {'_a0_': 1.7751354047127261, '_a2_': 3.376760876861703, '_a7_': -0.6238594156120987, '_a1_': 1.0, '_a3_': 1.0, '_a4_': 1.0, '_a5_': 1.0, '_a6_': 1.0}};{'d0': 0.024905832919416605};-280.569866449044;34.88436524221642
39909;-105.400567982306;(((x * ((x * _a2_) + -((_a7_ * _a2_)))) + _a0_) * x);{'d0': {'_a0_': 1.7751354047127261, '_a2_': 3.376760876861703, '_a7_': -0.6238594156120987, '_a1_': 1.0, '_a3_': 1.0, '_a4_': 1.0, '_a5_': 1.0, '_a6_': 1.0}};{'d0': 0.024905832919416605};-280.569866449044;34.88436524221642
39910;-105.400567982306;(((x * ((x * _a2_) + -((_a7_ * _a2_)))) + _a0_) * x);{'d0': {'_a0_': 1.7751354047127261, '_a2_': 3.376760876861703, '_a7_': -0.6238594156120987, '_a1_': 1.0, '_a3_': 1.0, '_a4_': 1.0, '_a5_': 1.0, '_a6_': 1.0}};{'d0': 0.024905832919416605};-280.569866449044;34.88436524221642
39911;-105.400567982306;(((x * ((x * _a2_) + -((_a7_ * _a2_)))) + _a0_) * x);{'d0': {'_a0_': 1.7751354047127261, '_a2_': 3.376760876861703, '_a7_': -0.6238594156120987, '_a1_': 1.0, '_a3_': 1.0, '_a4_': 1.0, '_a5_': 1.0, '_a6_': 1.0}};{'d0': 0.024905832919416605};-280.569866449044;34.88436524221642
39912;-105.400567982306;(((x * ((x * _a2_) + -((_a7_ * _a2_)))) + _a0_) * x);{'d0': {'_a0_': 1.7751354047127261, '_a2_': 3.376760876861703, '_a7_': -0.6238594156120987, '_a1_': 1.0, '_a3_': 1.0, '_a4_': 1.0, '_a5_': 1.0, '_a6_': 1.0}};{'d0': 0.024905832919416605};-280.569866449044;34.88436524221642
39913;-105.400567982306;(((x * ((x * _a2_) + -((_a7_ * _a2_)))) + _a0_) * x);{'d0': {'_a0_': 1.7751354047127261, '_a2_': 3.376760876861703, '_a7_': -0.6238594156120987, '_a1_': 1.0, '_a3_': 1.0, '_a4_': 1.0, '_a5_': 1.0, '_a6_': 1.0}};{'d0': 0.024905832919416605};-280.569866449044;34.88436524221642
39914;-105.400567982306;(((x * ((x * _a2_) + -((_a7_ * _a2_)))) + _a0_) * x);{'d0': {'_a0_': 1.7751354047127261, '_a2_': 3.376760876861703, '_a7_': -0.6238594156120987, '_a1_': 1.0, '_a3_': 1.0, '_a4_': 1.0, '_a5_': 1.0, '_a6_': 1.0}};{'d0': 0.024905832919416605};-280.569866449044;34.88436524221642
39915;-105.400567982306;(((x * ((x * _a2_) + -((_a7_ * _a2_)))) + _a0_) * x);{'d0': {'_a0_': 1.7751354047127261, '_a2_': 3.376760876861703, '_a7_': -0.6238594156120987, '_a1_': 1.0, '_a3_': 1.0, '_a4_': 1.0, '_a5_': 1.0, '_a6_': 1.0}};{'d0': 0.024905832919416605};-280.569866449044;34.88436524221642
39916;-105.400567982306;(((x * ((x * _a2_) + -((_a7_ * _a2_)))) + _a0_) * x);{'d0': {'_a0_': 1.7751354047127261, '_a2_': 3.376760876861703, '_a7_': -0.6238594156120987, '_a1_': 1.0, '_a3_': 1.0, '_a4_': 1.0, '_a5_': 1.0, '_a6_': 1.0}};{'d0': 0.024905832919416605};-280.569866449044;34.88436524221642
39917;-105.400567982306;(((x * ((x * _a2_) + -((_a7_ * _a2_)))) + _a0_) * x);{'d0': {'_a0_': 1.7751354047127261, '_a2_': 3.376760876861703, '_a7_': -0.6238594156120987, '_a1_': 1.0, '_a3_': 1.0, '_a4_': 1.0, '_a5_': 1.0, '_a6_': 1.0}};{'d0': 0.024905832919416605};-280.569866449044;34.88436524221642
39918;-105.400567982306;(((x * ((x * _a2_) + -((_a7_ * _a2_)))) + _a0_) * x);{'d0': {'_a0_': 1.7751354047127261, '_a2_': 3.376760876861703, '_a7_': -0.6238594156120987, '_a1_': 1.0, '_a3_': 1.0, '_a4_': 1.0, '_a5_': 1.0, '_a6_': 1.0}};{'d0': 0.024905832919416605};-280.569866449044;34.88436524221642
39919;-105.400567982306;(((x * ((x * _a2_) + -((_a7_ * _a2_)))) + _a0_) * x);{'d0': {'_a0_': 1.7751354047127261, '_a2_': 3.376760876861703, '_a7_': -0.6238594156120987, '_a1_': 1.0, '_a3_': 1.0, '_a4_': 1.0, '_a5_': 1.0, '_a6_': 1.0}};{'d0': 0.024905832919416605};-280.569866449044;34.88436524221642
39920;-105.400567982306;(((x * ((x * _a2_) + -((_a7_ * _a2_)))) + _a0_) * x);{'d0': {'_a0_': 1.7751354047127261, '_a2_': 3.376760876861703, '_a7_': -0.6238594156120987, '_a1_': 1.0, '_a3_': 1.0, '_a4_': 1.0, '_a5_': 1.0, '_a6_': 1.0}};{'d0': 0.024905832919416605};-280.569866449044;34.88436524221642
39921;-105.400567982306;(((x * ((x * _a2_) + -((_a7_ * _a2_)))) + _a0_) * x);{'d0': {'_a0_': 1.7751354047127261, '_a2_': 3.376760876861703, '_a7_': -0.6238594156120987, '_a1_': 1.0, '_a3_': 1.0, '_a4_': 1.0, '_a5_': 1.0, '_a6_': 1.0}};{'d0': 0.024905832919416605};-280.569866449044;34.88436524221642
39922;-105.400567982306;(((x * ((x * _a2_) + -((_a7_ * _a2_)))) + _a0_) * x);{'d0': {'_a0_': 1.7751354047127261, '_a2_': 3.376760876861703, '_a7_': -0.6238594156120987, '_a1_': 1.0, '_a3_': 1.0, '_a4_': 1.0, '_a5_': 1.0, '_a6_': 1.0}};{'d0': 0.024905832919416605};-280.569866449044;34.88436524221642
39923;-105.400567982306;(((x * ((x * _a2_) + -((_a7_ * _a2_)))) + _a0_) * x);{'d0': {'_a0_': 1.7751354047127261, '_a2_': 3.376760876861703, '_a7_': -0.6238594156120987, '_a1_': 1.0, '_a3_': 1.0, '_a4_': 1.0, '_a5_': 1.0, '_a6_': 1.0}};{'d0': 0.024905832919416605};-280.569866449044;34.88436524221642
39924;-105.400567982306;(((x * ((x * _a2_) + -((_a7_ * _a2_)))) + _a0_) * x);{'d0': {'_a0_': 1.7751354047127261, '_a2_': 3.376760876861703, '_a7_': -0.6238594156120987, '_a1_': 1.0, '_a3_': 1.0, '_a4_': 1.0, '_a5_': 1.0, '_a6_': 1.0}};{'d0': 0.024905832919416605};-280.569866449044;34.88436524221642
39925;-105.400567982306;(((x * ((x * _a2_) + -((_a7_ * _a2_)))) + _a0_) * x);{'d0': {'_a0_': 1.7751354047127261, '_a2_': 3.376760876861703, '_a7_': -0.6238594156120987, '_a1_': 1.0, '_a3_': 1.0, '_a4_': 1.0, '_a5_': 1.0, '_a6_': 1.0}};{'d0': 0.024905832919416605};-280.569866449044;34.88436524221642
39926;-105.400567982306;(((x * ((x * _a2_) + -((_a7_ * _a2_)))) + _a0_) * x);{'d0': {'_a0_': 1.7751354047127261, '_a2_': 3.376760876861703, '_a7_': -0.6238594156120987, '_a1_': 1.0, '_a3_': 1.0, '_a4_': 1.0, '_a5_': 1.0, '_a6_': 1.0}};{'d0': 0.024905832919416605};-280.569866449044;34.88436524221642
39927;-105.400567982306;(((x * ((x * _a2_) + -((_a7_ * _a2_)))) + _a0_) * x);{'d0': {'_a0_': 1.7751354047127261, '_a2_': 3.376760876861703, '_a7_': -0.6238594156120987, '_a1_': 1.0, '_a3_': 1.0, '_a4_': 1.0, '_a5_': 1.0, '_a6_': 1.0}};{'d0': 0.024905832919416605};-280.569866449044;34.88436524221642
39928;-105.400567982306;(((x * ((x * _a2_) + -((_a7_ * _a2_)))) + _a0_) * x);{'d0': {'_a0_': 1.7751354047127261, '_a2_': 3.376760876861703, '_a7_': -0.6238594156120987, '_a1_': 1.0, '_a3_': 1.0, '_a4_': 1.0, '_a5_': 1.0, '_a6_': 1.0}};{'d0': 0.024905832919416605};-280.569866449044;34.88436524221642
39929;-105.400567982306;(((x * ((x * _a2_) + -((_a7_ * _a2_)))) + _a0_) * x);{'d0': {'_a0_': 1.7751354047127261, '_a2_': 3.376760876861703, '_a7_': -0.6238594156120987, '_a1_': 1.0, '_a3_': 1.0, '_a4_': 1.0, '_a5_': 1.0, '_a6_': 1.0}};{'d0': 0.024905832919416605};-280.569866449044;34.88436524221642
39930;-105.400567982306;(((x * ((x * _a2_) + -((_a7_ * _a2_)))) + _a0_) * x);{'d0': {'_a0_': 1.7751354047127261, '_a2_': 3.376760876861703, '_a7_': -0.6238594156120987, '_a1_': 1.0, '_a3_': 1.0, '_a4_': 1.0, '_a5_': 1.0, '_a6_': 1.0}};{'d0': 0.024905832919416605};-280.569866449044;34.88436524221642
39931;-105.400567982306;(((x * ((x * _a2_) + -((_a7_ * _a2_)))) + _a0_) * x);{'d0': {'_a0_': 1.7751354047127261, '_a2_': 3.376760876861703, '_a7_': -0.6238594156120987, '_a1_': 1.0, '_a3_': 1.0, '_a4_': 1.0, '_a5_': 1.0, '_a6_': 1.0}};{'d0': 0.024905832919416605};-280.569866449044;34.88436524221642
39932;-105.400567982306;(((x * ((x * _a2_) + -((_a7_ * _a2_)))) + _a0_) * x);{'d0': {'_a0_': 1.7751354047127261, '_a2_': 3.376760876861703, '_a7_': -0.6238594156120987, '_a1_': 1.0, '_a3_': 1.0, '_a4_': 1.0, '_a5_': 1.0, '_a6_': 1.0}};{'d0': 0.024905832919416605};-280.569866449044;34.88436524221642
39933;-105.400567982306;(((x * ((x * _a2_) + -((_a7_ * _a2_)))) + _a0_) * x);{'d0': {'_a0_': 1.7751354047127261, '_a2_': 3.376760876861703, '_a7_': -0.6238594156120987, '_a1_': 1.0, '_a3_': 1.0, '_a4_': 1.0, '_a5_': 1.0, '_a6_': 1.0}};{'d0': 0.024905832919416605};-280.569866449044;34.88436524221642
39934;-105.400567982306;(((x * ((x * _a2_) + -((_a7_ * _a2_)))) + _a0_) * x);{'d0': {'_a0_': 1.7751354047127261, '_a2_': 3.376760876861703, '_a7_': -0.6238594156120987, '_a1_': 1.0, '_a3_': 1.0, '_a4_': 1.0, '_a5_': 1.0, '_a6_': 1.0}};{'d0': 0.024905832919416605};-280.569866449044;34.88436524221642
39935;-105.400567982306;(((x * ((x * _a2_) + -((_a7_ * _a2_)))) + _a0_) * x);{'d0': {'_a0_': 1.7751354047127261, '_a2_': 3.376760876861703, '_a7_': -0.6238594156120987, '_a1_': 1.0, '_a3_': 1.0, '_a4_': 1.0, '_a5_': 1.0, '_a6_': 1.0}};{'d0': 0.024905832919416605};-280.569866449044;34.88436524221642
39936;-105.400567982306;(((x * ((x * _a2_) + -((_a7_ * _a2_)))) + _a0_) * x);{'d0': {'_a0_': 1.7751354047127261, '_a2_': 3.376760876861703, '_a7_': -0.6238594156120987, '_a1_': 1.0, '_a3_': 1.0, '_a4_': 1.0, '_a5_': 1.0, '_a6_': 1.0}};{'d0': 0.024905832919416605};-280.569866449044;34.88436524221642
39937;-101.720115744044;(((x * ((x * _a2_) + -((_a7_ * _a2_)))) + -(_a5_)) * x);{'d0': {'_a2_': 3.376760877610359, '_a5_': -1.7751354043619674, '_a7_': -0.6238594155352711, '_a0_': 1.0, '_a1_': 1.0, '_a3_': 1.0, '_a4_': 1.0, '_a6_': 1.0}};{'d0': 0.024905832919416643};-280.569866449044;38.564817480477586
39938;-101.720115744044;(((x * ((x * _a2_) + -((_a7_ * _a2_)))) + -(_a5_)) * x);{'d0': {'_a2_': 3.376760877610359, '_a5_': -1.7751354043619674, '_a7_': -0.6238594155352711, '_a0_': 1.0, '_a1_': 1.0, '_a3_': 1.0, '_a4_': 1.0, '_a6_': 1.0}};{'d0': 0.024905832919416643};-280.569866449044;38.564817480477586
39939;-101.720115744044;(((x * ((x * _a2_) + -((_a7_ * _a2_)))) + -(_a5_)) * x);{'d0': {'_a2_': 3.376760877610359, '_a5_': -1.7751354043619674, '_a7_': -0.6238594155352711, '_a0_': 1.0, '_a1_': 1.0, '_a3_': 1.0, '_a4_': 1.0, '_a6_': 1.0}};{'d0': 0.024905832919416643};-280.569866449044;38.564817480477586
39940;-101.720115744044;(((x * ((x * _a2_) + -((_a7_ * _a2_)))) + -(_a5_)) * x);{'d0': {'_a2_': 3.376760877610359, '_a5_': -1.7751354043619674, '_a7_': -0.6238594155352711, '_a0_': 1.0, '_a1_': 1.0, '_a3_': 1.0, '_a4_': 1.0, '_a6_': 1.0}};{'d0': 0.024905832919416643};-280.569866449044;38.564817480477586
39941;-106.669455669501;(((x * ((x * _a2_) + -(_a4_))) + -(_a5_)) * x);{'d0': {'_a2_': 3.376760876783529, '_a4_': -2.106624066959623, '_a5_': -1.7751354044603533, '_a0_': 1.0, '_a1_': 1.0, '_a3_': 1.0, '_a6_': 1.0, '_a7_': 1.0}};{'d0': 0.024905832919416632};-280.569866449044;33.61547755502059
39942;-106.669455669501;(((x * ((x * _a2_) + -(_a4_))) + -(_a5_)) * x);{'d0': {'_a2_': 3.376760876783529, '_a4_': -2.106624066959623, '_a5_': -1.7751354044603533, '_a0_': 1.0, '_a1_': 1.0, '_a3_': 1.0, '_a6_': 1.0, '_a7_': 1.0}};{'d0': 0.024905832919416632};-280.569866449044;33.61547755502059
39943;-97.5351166222075;(((_a1_ * (pow2((_a0_ + (_a1_ * x))) + _a4_)) * x) / (_a0_ * _a2_));{'d0': {'_a0_': -1.5152196230649522, '_a1_': -4.857567539175453, '_a2_': 22.40168066621141, '_a4_': 10.108311636848615, '_a3_': 1.0, '_a5_': 1.0, '_a6_': 1.0, '_a7_': 1.0}};{'d0': 0.024905832919611716};-276.475521886351;40.7026443209684
39944;-97.5351166222075;(((_a1_ * (pow2((_a0_ + (_a1_ * x))) + _a4_)) * x) / (_a0_ * _a2_));{'d0': {'_a0_': -1.5152196230649522, '_a1_': -4.857567539175453, '_a2_': 22.40168066621141, '_a4_': 10.108311636848615, '_a3_': 1.0, '_a5_': 1.0, '_a6_': 1.0, '_a7_': 1.0}};{'d0': 0.024905832919611716};-276.475521886351;40.7026443209684
39945;-97.5351166222075;(((_a1_ * (pow2((_a0_ + (_a1_ * x))) + _a4_)) * x) / (_a0_ * _a2_));{'d0': {'_a0_': -1.5152196230649522, '_a1_': -4.857567539175453, '_a2_': 22.40168066621141, '_a4_': 10.108311636848615, '_a3_': 1.0, '_a5_': 1.0, '_a6_': 1.0, '_a7_': 1.0}};{'d0': 0.024905832919611716};-276.475521886351;40.7026443209684
39946;-97.5351166222075;(((_a1_ * (pow2((_a0_ + (_a1_ * x))) + _a4_)) * x) / (_a0_ * _a2_));{'d0': {'_a0_': -1.5152196230649522, '_a1_': -4.857567539175453, '_a2_': 22.40168066621141, '_a4_': 10.108311636848615, '_a3_': 1.0, '_a5_': 1.0, '_a6_': 1.0, '_a7_': 1.0}};{'d0': 0.024905832919611716};-276.475521886351;40.7026443209684
39947;-97.5351166222075;(((_a1_ * (pow2((_a0_ + (_a1_ * x))) + _a4_)) * x) / (_a0_ * _a2_));{'d0': {'_a0_': -1.5152196230649522, '_a1_': -4.857567539175453, '_a2_': 22.40168066621141, '_a4_': 10.108311636848615, '_a3_': 1.0, '_a5_': 1.0, '_a6_': 1.0, '_a7_': 1.0}};{'d0': 0.024905832919611716};-276.475521886351;40.7026443209684
39948;-97.5351166222075;(((_a1_ * (pow2((_a0_ + (_a1_ * x))) + _a4_)) * x) / (_a0_ * _a2_));{'d0': {'_a0_': -1.5152196230649522, '_a1_': -4.857567539175453, '_a2_': 22.40168066621141, '_a4_': 10.108311636848615, '_a3_': 1.0, '_a5_': 1.0, '_a6_': 1.0, '_a7_': 1.0}};{'d0': 0.024905832919611716};-276.475521886351;40.7026443209684
39949;-97.5351166222075;(((_a1_ * (pow2((_a0_ + (_a1_ * x))) + _a4_)) * x) / (_a0_ * _a2_));{'d0': {'_a0_': -1.5152196230649522, '_a1_': -4.857567539175453, '_a2_': 22.40168066621141, '_a4_': 10.108311636848615, '_a3_': 1.0, '_a5_': 1.0, '_a6_': 1.0, '_a7_': 1.0}};{'d0': 0.024905832919611716};-276.475521886351;40.7026443209684
39950;-97.5351166222075;(((_a1_ * (pow2((_a0_ + (_a1_ * x))) + _a4_)) * x) / (_a0_ * _a2_));{'d0': {'_a0_': -1.5152196230649522, '_a1_': -4.857567539175453, '_a2_': 22.40168066621141, '_a4_': 10.108311636848615, '_a3_': 1.0, '_a5_': 1.0, '_a6_': 1.0, '_a7_': 1.0}};{'d0': 0.024905832919611716};-276.475521886351;40.7026443209684
39951;-97.5351166222075;(((_a1_ * (pow2((_a0_ + (_a1_ * x))) + _a4_)) * x) / (_a0_ * _a2_));{'d0': {'_a0_': -1.5152196230649522, '_a1_': -4.857567539175453, '_a2_': 22.40168066621141, '_a4_': 10.108311636848615, '_a3_': 1.0, '_a5_': 1.0, '_a6_': 1.0, '_a7_': 1.0}};{'d0': 0.024905832919611716};-276.475521886351;40.7026443209684
39952;-97.5351166222075;(((_a1_ * (pow2((_a0_ + (_a1_ * x))) + _a4_)) * x) / (_a0_ * _a2_));{'d0': {'_a0_': -1.5152196230649522, '_a1_': -4.857567539175453, '_a2_': 22.40168066621141, '_a4_': 10.108311636848615, '_a3_': 1.0, '_a5_': 1.0, '_a6_': 1.0, '_a7_': 1.0}};{'d0': 0.024905832919611716};-276.475521886351;40.7026443209684
39953;-97.5351166222075;(((_a1_ * (pow2((_a0_ + (_a1_ * x))) + _a4_)) * x) / (_a0_ * _a2_));{'d0': {'_a0_': -1.5152196230649522, '_a1_': -4.857567539175453, '_a2_': 22.40168066621141, '_a4_': 10.108311636848615, '_a3_': 1.0, '_a5_': 1.0, '_a6_': 1.0, '_a7_': 1.0}};{'d0': 0.024905832919611716};-276.475521886351;40.7026443209684
39954;-97.5351166222075;(((_a1_ * (pow2((_a0_ + (_a1_ * x))) + _a4_)) * x) / (_a0_ * _a2_));{'d0': {'_a0_': -1.5152196230649522, '_a1_': -4.857567539175453, '_a2_': 22.40168066621141, '_a4_': 10.108311636848615, '_a3_': 1.0, '_a5_': 1.0, '_a6_': 1.0, '_a7_': 1.0}};{'d0': 0.024905832919611716};-276.475521886351;40.7026443209684
39955;-97.5351166222075;(((_a1_ * (pow2((_a0_ + (_a1_ * x))) + _a4_)) * x) / (_a0_ * _a2_));{'d0': {'_a0_': -1.5152196230649522, '_a1_': -4.857567539175453, '_a2_': 22.40168066621141, '_a4_': 10.108311636848615, '_a3_': 1.0, '_a5_': 1.0, '_a6_': 1.0, '_a7_': 1.0}};{'d0': 0.024905832919611716};-276.475521886351;40.7026443209684
39956;-97.5351166222075;(((_a1_ * (pow2((_a0_ + (_a1_ * x))) + _a4_)) * x) / (_a0_ * _a2_));{'d0': {'_a0_': -1.5152196230649522, '_a1_': -4.857567539175453, '_a2_': 22.40168066621141, '_a4_': 10.108311636848615, '_a3_': 1.0, '_a5_': 1.0, '_a6_': 1.0, '_a7_': 1.0}};{'d0': 0.024905832919611716};-276.475521886351;40.7026443209684
39957;-97.5351166222075;(((_a1_ * (pow2((_a0_ + (_a1_ * x))) + _a4_)) * x) / (_a0_ * _a2_));{'d0': {'_a0_': -1.5152196230649522, '_a1_': -4.857567539175453, '_a2_': 22.40168066621141, '_a4_': 10.108311636848615, '_a3_': 1.0, '_a5_': 1.0, '_a6_': 1.0, '_a7_': 1.0}};{'d0': 0.024905832919611716};-276.475521886351;40.7026443209684
39958;-97.5351166222075;(((_a1_ * (pow2((_a0_ + (_a1_ * x))) + _a4_)) * x) / (_a0_ * _a2_));{'d0': {'_a0_': -1.5152196230649522, '_a1_': -4.857567539175453, '_a2_': 22.40168066621141, '_a4_': 10.108311636848615, '_a3_': 1.0, '_a5_': 1.0, '_a6_': 1.0, '_a7_': 1.0}};{'d0': 0.024905832919611716};-276.475521886351;40.7026443209684
39959;-97.5351166222075;(((_a1_ * (pow2((_a0_ + (_a1_ * x))) + _a4_)) * x) / (_a0_ * _a2_));{'d0': {'_a0_': -1.5152196230649522, '_a1_': -4.857567539175453, '_a2_': 22.40168066621141, '_a4_': 10.108311636848615, '_a3_': 1.0, '_a5_': 1.0, '_a6_': 1.0, '_a7_': 1.0}};{'d0': 0.024905832919611716};-276.475521886351;40.7026443209684
39960;-97.5351166222075;(((_a1_ * (pow2((_a0_ + (_a1_ * x))) + _a4_)) * x) / (_a0_ * _a2_));{'d0': {'_a0_': -1.5152196230649522, '_a1_': -4.857567539175453, '_a2_': 22.40168066621141, '_a4_': 10.108311636848615, '_a3_': 1.0, '_a5_': 1.0, '_a6_': 1.0, '_a7_': 1.0}};{'d0': 0.024905832919611716};-276.475521886351;40.7026443209684
39961;-97.5351166222075;(((_a1_ * (pow2((_a0_ + (_a1_ * x))) + _a4_)) * x) / (_a0_ * _a2_));{'d0': {'_a0_': -1.5152196230649522, '_a1_': -4.857567539175453, '_a2_': 22.40168066621141, '_a4_': 10.108311636848615, '_a3_': 1.0, '_a5_': 1.0, '_a6_': 1.0, '_a7_': 1.0}};{'d0': 0.024905832919611716};-276.475521886351;40.7026443209684
39962;-97.5351166222075;(((_a1_ * (pow2((_a0_ + (_a1_ * x))) + _a4_)) * x) / (_a0_ * _a2_));{'d0': {'_a0_': -1.5152196230649522, '_a1_': -4.857567539175453, '_a2_': 22.40168066621141, '_a4_': 10.108311636848615, '_a3_': 1.0, '_a5_': 1.0, '_a6_': 1.0, '_a7_': 1.0}};{'d0': 0.024905832919611716};-276.475521886351;40.7026443209684
39963;-97.5351166222075;(((_a1_ * (pow2((_a0_ + (_a1_ * x))) + _a4_)) * x) / (_a0_ * _a2_));{'d0': {'_a0_': -1.5152196230649522, '_a1_': -4.857567539175453, '_a2_': 22.40168066621141, '_a4_': 10.108311636848615, '_a3_': 1.0, '_a5_': 1.0, '_a6_': 1.0, '_a7_': 1.0}};{'d0': 0.024905832919611716};-276.475521886351;40.7026443209684
39964;-97.5351166222075;(((_a1_ * (pow2((_a0_ + (_a1_ * x))) + _a4_)) * x) / (_a0_ * _a2_));{'d0': {'_a0_': -1.5152196230649522, '_a1_': -4.857567539175453, '_a2_': 22.40168066621141, '_a4_': 10.108311636848615, '_a3_': 1.0, '_a5_': 1.0, '_a6_': 1.0, '_a7_': 1.0}};{'d0': 0.024905832919611716};-276.475521886351;40.7026443209684
39965;-97.5351166197933;(((_a1_ * (pow2((_a0_ + (_a2_ * x))) + _a4_)) * x) / (_a0_ * _a2_));{'d0': {'_a0_': -353.23116836189524, '_a1_': 1.0533120332387509, '_a2_': -1132.4063068990008, '_a4_': 549345.3092810396, '_a3_': 1.0, '_a5_': 1.0, '_a6_': 1.0, '_a7_': 1.0}};{'d0': 0.024905832921616012};-276.475521881523;40.7026443209684
39966;-97.5351166197933;(((_a1_ * (pow2((_a0_ + (_a2_ * x))) + _a4_)) * x) / (_a0_ * _a2_));{'d0': {'_a0_': -353.23116836189524, '_a1_': 1.0533120332387509, '_a2_': -1132.4063068990008, '_a4_': 549345.3092810396, '_a3_': 1.0, '_a5_': 1.0, '_a6_': 1.0, '_a7_': 1.0}};{'d0': 0.024905832921616012};-276.475521881523;40.7026443209684
39967;-106.669455669501;(((x * ((x * _a2_) + -(_a4_))) + -(_a5_)) * x);{'d0': {'_a2_': 3.376760876783529, '_a4_': -2.106624066959623, '_a5_': -1.7751354044603533, '_a0_': 1.0, '_a1_': 1.0, '_a3_': 1.0, '_a6_': 1.0, '_a7_': 1.0}};{'d0': 0.024905832919416632};-280.569866449044;33.61547755502059
39968;-106.669455669501;(((x * ((x * _a2_) + -(_a4_))) + -(_a5_)) * x);{'d0': {'_a2_': 3.376760876783529, '_a4_': -2.106624066959623, '_a5_': -1.7751354044603533, '_a0_': 1.0, '_a1_': 1.0, '_a3_': 1.0, '_a6_': 1.0, '_a7_': 1.0}};{'d0': 0.024905832919416632};-280.569866449044;33.61547755502059
39969;-106.669455669501;(((x * ((x * _a6_) + -(_a4_))) + -(_a5_)) * x);{'d0': {'_a4_': -2.106624068671272, '_a5_': -1.7751354039082219, '_a6_': 3.376760879591468, '_a0_': 1.0, '_a1_': 1.0, '_a2_': 1.0, '_a3_': 1.0, '_a7_': 1.0}};{'d0': 0.0249058329194166};-280.569866449044;33.61547755502059
39970;-106.669455669501;(((x * ((x * _a6_) + -(_a4_))) + -(_a5_)) * x);{'d0': {'_a4_': -2.106624068671272, '_a5_': -1.7751354039082219, '_a6_': 3.376760879591468, '_a0_': 1.0, '_a1_': 1.0, '_a2_': 1.0, '_a3_': 1.0, '_a7_': 1.0}};{'d0': 0.0249058329194166};-280.569866449044;33.61547755502059
39971;-106.669455669501;(((x * ((x * _a6_) + -(_a4_))) + -(_a5_)) * x);{'d0': {'_a4_': -2.106624068671272, '_a5_': -1.7751354039082219, '_a6_': 3.376760879591468, '_a0_': 1.0, '_a1_': 1.0, '_a2_': 1.0, '_a3_': 1.0, '_a7_': 1.0}};{'d0': 0.0249058329194166};-280.569866449044;33.61547755502059
39972;-105.400567982306;(((x * ((x * _a6_) + -(_a4_))) + (_a0_ * _a4_)) * x);{'d0': {'_a0_': -0.8426446048154131, '_a4_': -2.106624066981881, '_a6_': 3.3767608769252178, '_a1_': 1.0, '_a2_': 1.0, '_a3_': 1.0, '_a5_': 1.0, '_a7_': 1.0}};{'d0': 0.024905832919416625};-280.569866449044;34.88436524221642
39973;-105.400567982306;(((x * ((x * _a6_) + -(_a4_))) + (_a0_ * _a4_)) * x);{'d0': {'_a0_': -0.8426446048154131, '_a4_': -2.106624066981881, '_a6_': 3.3767608769252178, '_a1_': 1.0, '_a2_': 1.0, '_a3_': 1.0, '_a5_': 1.0, '_a7_': 1.0}};{'d0': 0.024905832919416625};-280.569866449044;34.88436524221642
39974;-105.400567982306;(((x * ((x * _a6_) + -(_a4_))) + (_a0_ * _a4_)) * x);{'d0': {'_a0_': -0.8426446048154131, '_a4_': -2.106624066981881, '_a6_': 3.3767608769252178, '_a1_': 1.0, '_a2_': 1.0, '_a3_': 1.0, '_a5_': 1.0, '_a7_': 1.0}};{'d0': 0.024905832919416625};-280.569866449044;34.88436524221642
39975;-105.400567982306;(((x * ((x * _a6_) + -(_a4_))) + (_a0_ * _a4_)) * x);{'d0': {'_a0_': -0.8426446048154131, '_a4_': -2.106624066981881, '_a6_': 3.3767608769252178, '_a1_': 1.0, '_a2_': 1.0, '_a3_': 1.0, '_a5_': 1.0, '_a7_': 1.0}};{'d0': 0.024905832919416625};-280.569866449044;34.88436524221642
39976;-105.400567982306;(((x * ((x * _a6_) + -(_a4_))) + (_a0_ * _a4_)) * x);{'d0': {'_a0_': -0.8426446048154131, '_a4_': -2.106624066981881, '_a6_': 3.3767608769252178, '_a1_': 1.0, '_a2_': 1.0, '_a3_': 1.0, '_a5_': 1.0, '_a7_': 1.0}};{'d0': 0.024905832919416625};-280.569866449044;34.88436524221642
39977;-98.7865220606475;(((_a1_ * (pow2((_a0_ + (_a2_ * x))) + _a4_)) * x) / pow2(_a2_));{'d0': {'_a0_': -5215.169671520453, '_a1_': 3.376760878067705, '_a2_': -16719.0541353899, '_a4_': 119746854.94907714, '_a3_': 1.0, '_a5_': 1.0, '_a6_': 1.0, '_a7_': 1.0}};{'d0': 0.024905832931572364};-276.475521857537;39.4512388681214
39978;-98.7865220606475;(((_a1_ * (pow2((_a0_ + (_a2_ * x))) + _a4_)) * x) / pow2(_a2_));{'d0': {'_a0_': -5215.169671520453, '_a1_': 3.376760878067705, '_a2_': -16719.0541353899, '_a4_': 119746854.94907714, '_a3_': 1.0, '_a5_': 1.0, '_a6_': 1.0, '_a7_': 1.0}};{'d0': 0.024905832931572364};-276.475521857537;39.4512388681214
39979;-98.7865220606475;(((_a1_ * (pow2((_a0_ + (_a2_ * x))) + _a4_)) * x) / pow2(_a2_));{'d0': {'_a0_': -5215.169671520453, '_a1_': 3.376760878067705, '_a2_': -16719.0541353899, '_a4_': 119746854.94907714, '_a3_': 1.0, '_a5_': 1.0, '_a6_': 1.0, '_a7_': 1.0}};{'d0': 0.024905832931572364};-276.475521857537;39.4512388681214
39980;-98.7865220606475;(((_a1_ * (pow2((_a0_ + (_a2_ * x))) + _a4_)) * x) / pow2(_a2_));{'d0': {'_a0_': -5215.169671520453, '_a1_': 3.376760878067705, '_a2_': -16719.0541353899, '_a4_': 119746854.94907714, '_a3_': 1.0, '_a5_': 1.0, '_a6_': 1.0, '_a7_': 1.0}};{'d0': 0.024905832931572364};-276.475521857537;39.4512388681214
39981;-98.7865220606475;(((_a1_ * (pow2((_a0_ + (_a2_ * x))) + _a4_)) * x) / pow2(_a2_));{'d0': {'_a0_': -5215.169671520453, '_a1_': 3.376760878067705, '_a2_': -16719.0541353899, '_a4_': 119746854.94907714, '_a3_': 1.0, '_a5_': 1.0, '_a6_': 1.0, '_a7_': 1.0}};{'d0': 0.024905832931572364};-276.475521857537;39.4512388681214
39982;-98.7865220606475;(((_a1_ * (pow2((_a0_ + (_a2_ * x))) + _a4_)) * x) / pow2(_a2_));{'d0': {'_a0_': -5215.169671520453, '_a1_': 3.376760878067705, '_a2_': -16719.0541353899, '_a4_': 119746854.94907714, '_a3_': 1.0, '_a5_': 1.0, '_a6_': 1.0, '_a7_': 1.0}};{'d0': 0.024905832931572364};-276.475521857537;39.4512388681214
39983;-98.7865220606475;(((_a1_ * (pow2((_a0_ + (_a2_ * x))) + _a4_)) * x) / pow2(_a2_));{'d0': {'_a0_': -5215.169671520453, '_a1_': 3.376760878067705, '_a2_': -16719.0541353899, '_a4_': 119746854.94907714, '_a3_': 1.0, '_a5_': 1.0, '_a6_': 1.0, '_a7_': 1.0}};{'d0': 0.024905832931572364};-276.475521857537;39.4512388681214
39984;-98.7865220606475;(((_a1_ * (pow2((_a0_ + (_a2_ * x))) + _a4_)) * x) / pow2(_a2_));{'d0': {'_a0_': -5215.169671520453, '_a1_': 3.376760878067705, '_a2_': -16719.0541353899, '_a4_': 119746854.94907714, '_a3_': 1.0, '_a5_': 1.0, '_a6_': 1.0, '_a7_': 1.0}};{'d0': 0.024905832931572364};-276.475521857537;39.4512388681214
39985;-98.7865220606475;(((_a1_ * (pow2((_a0_ + (_a2_ * x))) + _a4_)) * x) / pow2(_a2_));{'d0': {'_a0_': -5215.169671520453, '_a1_': 3.376760878067705, '_a2_': -16719.0541353899, '_a4_': 119746854.94907714, '_a3_': 1.0, '_a5_': 1.0, '_a6_': 1.0, '_a7_': 1.0}};{'d0': 0.024905832931572364};-276.475521857537;39.4512388681214
39986;-98.7865220606475;(((_a1_ * (pow2((_a0_ + (_a2_ * x))) + _a4_)) * x) / pow2(_a2_));{'d0': {'_a0_': -5215.169671520453, '_a1_': 3.376760878067705, '_a2_': -16719.0541353899, '_a4_': 119746854.94907714, '_a3_': 1.0, '_a5_': 1.0, '_a6_': 1.0, '_a7_': 1.0}};{'d0': 0.024905832931572364};-276.475521857537;39.4512388681214
39987;-98.7865220606475;(((_a1_ * (pow2((_a0_ + (_a2_ * x))) + _a4_)) * x) / pow2(_a2_));{'d0': {'_a0_': -5215.169671520453, '_a1_': 3.376760878067705, '_a2_': -16719.0541353899, '_a4_': 119746854.94907714, '_a3_': 1.0, '_a5_': 1.0, '_a6_': 1.0, '_a7_': 1.0}};{'d0': 0.024905832931572364};-276.475521857537;39.4512388681214
39988;-98.7865220606475;(((_a1_ * (pow2((_a0_ + (_a2_ * x))) + _a4_)) * x) / pow2(_a2_));{'d0': {'_a0_': -5215.169671520453, '_a1_': 3.376760878067705, '_a2_': -16719.0541353899, '_a4_': 119746854.94907714, '_a3_': 1.0, '_a5_': 1.0, '_a6_': 1.0, '_a7_': 1.0}};{'d0': 0.024905832931572364};-276.475521857537;39.4512388681214
39989;-98.7865220606475;(((_a1_ * (pow2((_a0_ + (_a2_ * x))) + _a4_)) * x) / pow2(_a2_));{'d0': {'_a0_': -5215.169671520453, '_a1_': 3.376760878067705, '_a2_': -16719.0541353899, '_a4_': 119746854.94907714, '_a3_': 1.0, '_a5_': 1.0, '_a6_': 1.0, '_a7_': 1.0}};{'d0': 0.024905832931572364};-276.475521857537;39.4512388681214
39990;-98.7865220606475;(((_a1_ * (pow2((_a0_ + (_a2_ * x))) + _a4_)) * x) / pow2(_a2_));{'d0': {'_a0_': -5215.169671520453, '_a1_': 3.376760878067705, '_a2_': -16719.0541353899, '_a4_': 119746854.94907714, '_a3_': 1.0, '_a5_': 1.0, '_a6_': 1.0, '_a7_': 1.0}};{'d0': 0.024905832931572364};-276.475521857537;39.4512388681214
39991;-98.7865220606475;(((_a1_ * (pow2((_a0_ + (_a2_ * x))) + _a4_)) * x) / pow2(_a2_));{'d0': {'_a0_': -5215.169671520453, '_a1_': 3.376760878067705, '_a2_': -16719.0541353899, '_a4_': 119746854.94907714, '_a3_': 1.0, '_a5_': 1.0, '_a6_': 1.0, '_a7_': 1.0}};{'d0': 0.024905832931572364};-276.475521857537;39.4512388681214
39992;-95.0282707197528;(_a7_ + -((x * (_a5_ * (pow2(x) + (_a0_ * (-(x) + _a1_)))))));{'d0': {'_a0_': -0.6245512362374227, '_a1_': -0.8400504014939564, '_a5_': -3.3825187234780953, '_a7_': -0.0010242851326290729, '_a2_': 1.0, '_a3_': 1.0, '_a4_': 1.0, '_a6_': 1.0}};{'d0': 0.024885482502068238};-276.524567592827;43.23401307666051
39993;-95.0282707197528;(_a7_ + -((x * (_a5_ * (pow2(x) + (_a0_ * (-(x) + _a1_)))))));{'d0': {'_a0_': -0.6245512362374227, '_a1_': -0.8400504014939564, '_a5_': -3.3825187234780953, '_a7_': -0.0010242851326290729, '_a2_': 1.0, '_a3_': 1.0, '_a4_': 1.0, '_a6_': 1.0}};{'d0': 0.024885482502068238};-276.524567592827;43.23401307666051
39994;-95.0282707197528;(_a7_ + -((x * (_a5_ * (pow2(x) + (_a0_ * (-(x) + _a1_)))))));{'d0': {'_a0_': -0.6245512362374227, '_a1_': -0.8400504014939564, '_a5_': -3.3825187234780953, '_a7_': -0.0010242851326290729, '_a2_': 1.0, '_a3_': 1.0, '_a4_': 1.0, '_a6_': 1.0}};{'d0': 0.024885482502068238};-276.524567592827;43.23401307666051
39995;-95.0282707197528;(_a7_ + -((x * (_a5_ * (pow2(x) + (_a0_ * (-(x) + _a1_)))))));{'d0': {'_a0_': -0.6245512362374227, '_a1_': -0.8400504014939564, '_a5_': -3.3825187234780953, '_a7_': -0.0010242851326290729, '_a2_': 1.0, '_a3_': 1.0, '_a4_': 1.0, '_a6_': 1.0}};{'d0': 0.024885482502068238};-276.524567592827;43.23401307666051
39996;-89.2279789535932;(_a7_ + -((x * (_a5_ * (pow2(x) + ((_a7_ / _a3_) * (-(x) + _a1_)))))));{'d0': {'_a1_': -0.8400506556639149, '_a3_': 0.0016398725676953646, '_a5_': -3.3825181581477444, '_a7_': -0.0010241843278073338, '_a0_': 1.0, '_a2_': 1.0, '_a4_': 1.0, '_a6_': 1.0}};{'d0': 0.02488548250186688};-276.524567593312;49.03430484306291
39997;-89.2279789535932;(_a7_ + -((x * (_a5_ * (pow2(x) + ((_a7_ / _a3_) * (-(x) + _a1_)))))));{'d0': {'_a1_': -0.8400506556639149, '_a3_': 0.0016398725676953646, '_a5_': -3.3825181581477444, '_a7_': -0.0010241843278073338, '_a0_': 1.0, '_a2_': 1.0, '_a4_': 1.0, '_a6_': 1.0}};{'d0': 0.02488548250186688};-276.524567593312;49.03430484306291
39998;-89.2279789535932;(_a7_ + -((x * (_a5_ * (pow2(x) + ((_a7_ / _a3_) * (-(x) + _a1_)))))));{'d0': {'_a1_': -0.8400506556639149, '_a3_': 0.0016398725676953646, '_a5_': -3.3825181581477444, '_a7_': -0.0010241843278073338, '_a0_': 1.0, '_a2_': 1.0, '_a4_': 1.0, '_a6_': 1.0}};{'d0': 0.02488548250186688};-276.524567593312;49.03430484306291
39999;-89.2279789535932;(_a7_ + -((x * (_a5_ * (pow2(x) + ((_a7_ / _a3_) * (-(x) + _a1_)))))));{'d0': {'_a1_': -0.8400506556639149, '_a3_': 0.0016398725676953646, '_a5_': -3.3825181581477444, '_a7_': -0.0010241843278073338, '_a0_': 1.0, '_a2_': 1.0, '_a4_': 1.0, '_a6_': 1.0}};{'d0': 0.02488548250186688};-276.524567593312;49.03430484306291
40000;-89.2279789535932;(_a7_ + -((x * (_a5_ * (pow2(x) + ((_a7_ / _a3_) * (-(x) + _a1_)))))));{'d0': {'_a1_': -0.8400506556639149, '_a3_': 0.0016398725676953646, '_a5_': -3.3825181581477444, '_a7_': -0.0010241843278073338, '_a0_': 1.0, '_a2_': 1.0, '_a4_': 1.0, '_a6_': 1.0}};{'d0': 0.02488548250186688};-276.524567593312;49.03430484306291
40001;-89.2279789535932;(_a7_ + -((x * (_a5_ * (pow2(x) + ((_a7_ / _a3_) * (-(x) + _a1_)))))));{'d0': {'_a1_': -0.8400506556639149, '_a3_': 0.0016398725676953646, '_a5_': -3.3825181581477444, '_a7_': -0.0010241843278073338, '_a0_': 1.0, '_a2_': 1.0, '_a4_': 1.0, '_a6_': 1.0}};{'d0': 0.02488548250186688};-276.524567593312;49.03430484306291
40002;-89.2279789535932;(_a7_ + -((x * (_a5_ * (pow2(x) + ((_a7_ / _a3_) * (-(x) + _a1_)))))));{'d0': {'_a1_': -0.8400506556639149, '_a3_': 0.0016398725676953646, '_a5_': -3.3825181581477444, '_a7_': -0.0010241843278073338, '_a0_': 1.0, '_a2_': 1.0, '_a4_': 1.0, '_a6_': 1.0}};{'d0': 0.02488548250186688};-276.524567593312;49.03430484306291
40003;-89.2279789535932;(_a7_ + -((x * (_a5_ * (pow2(x) + ((_a7_ / _a3_) * (-(x) + _a1_)))))));{'d0': {'_a1_': -0.8400506556639149, '_a3_': 0.0016398725676953646, '_a5_': -3.3825181581477444, '_a7_': -0.0010241843278073338, '_a0_': 1.0, '_a2_': 1.0, '_a4_': 1.0, '_a6_': 1.0}};{'d0': 0.02488548250186688};-276.524567593312;49.03430484306291
40004;-89.2279789535932;(_a7_ + -((x * (_a5_ * (pow2(x) + ((_a7_ / _a3_) * (-(x) + _a1_)))))));{'d0': {'_a1_': -0.8400506556639149, '_a3_': 0.0016398725676953646, '_a5_': -3.3825181581477444, '_a7_': -0.0010241843278073338, '_a0_': 1.0, '_a2_': 1.0, '_a4_': 1.0, '_a6_': 1.0}};{'d0': 0.02488548250186688};-276.524567593312;49.03430484306291
40005;-89.2279789535932;(_a7_ + -((x * (_a5_ * (pow2(x) + ((_a7_ / _a3_) * (-(x) + _a1_)))))));{'d0': {'_a1_': -0.8400506556639149, '_a3_': 0.0016398725676953646, '_a5_': -3.3825181581477444, '_a7_': -0.0010241843278073338, '_a0_': 1.0, '_a2_': 1.0, '_a4_': 1.0, '_a6_': 1.0}};{'d0': 0.02488548250186688};-276.524567593312;49.03430484306291
40006;-89.2279789535932;(_a7_ + -((x * (_a5_ * (pow2(x) + ((_a7_ / _a3_) * (-(x) + _a1_)))))));{'d0': {'_a1_': -0.8400506556639149, '_a3_': 0.0016398725676953646, '_a5_': -3.3825181581477444, '_a7_': -0.0010241843278073338, '_a0_': 1.0, '_a2_': 1.0, '_a4_': 1.0, '_a6_': 1.0}};{'d0': 0.02488548250186688};-276.524567593312;49.03430484306291
40007;-89.2279789535932;(_a7_ + -((x * (_a5_ * (pow2(x) + ((_a7_ / _a3_) * (-(x) + _a1_)))))));{'d0': {'_a1_': -0.8400506556639149, '_a3_': 0.0016398725676953646, '_a5_': -3.3825181581477444, '_a7_': -0.0010241843278073338, '_a0_': 1.0, '_a2_': 1.0, '_a4_': 1.0, '_a6_': 1.0}};{'d0': 0.02488548250186688};-276.524567593312;49.03430484306291
40008;-89.2279789535932;(_a7_ + -((x * (_a5_ * (pow2(x) + ((_a7_ / _a3_) * (-(x) + _a1_)))))));{'d0': {'_a1_': -0.8400506556639149, '_a3_': 0.0016398725676953646, '_a5_': -3.3825181581477444, '_a7_': -0.0010241843278073338, '_a0_': 1.0, '_a2_': 1.0, '_a4_': 1.0, '_a6_': 1.0}};{'d0': 0.02488548250186688};-276.524567593312;49.03430484306291
40009;-89.2279789535932;(_a7_ + -((x * (_a5_ * (pow2(x) + ((_a7_ / _a3_) * (-(x) + _a1_)))))));{'d0': {'_a1_': -0.8400506556639149, '_a3_': 0.0016398725676953646, '_a5_': -3.3825181581477444, '_a7_': -0.0010241843278073338, '_a0_': 1.0, '_a2_': 1.0, '_a4_': 1.0, '_a6_': 1.0}};{'d0': 0.02488548250186688};-276.524567593312;49.03430484306291
40010;-89.2279789535932;(_a7_ + -((x * (_a5_ * (pow2(x) + ((_a7_ / _a3_) * (-(x) + _a1_)))))));{'d0': {'_a1_': -0.8400506556639149, '_a3_': 0.0016398725676953646, '_a5_': -3.3825181581477444, '_a7_': -0.0010241843278073338, '_a0_': 1.0, '_a2_': 1.0, '_a4_': 1.0, '_a6_': 1.0}};{'d0': 0.02488548250186688};-276.524567593312;49.03430484306291
40011;-89.2279789535932;(_a7_ + -((x * (_a5_ * (pow2(x) + ((_a7_ / _a3_) * (-(x) + _a1_)))))));{'d0': {'_a1_': -0.8400506556639149, '_a3_': 0.0016398725676953646, '_a5_': -3.3825181581477444, '_a7_': -0.0010241843278073338, '_a0_': 1.0, '_a2_': 1.0, '_a4_': 1.0, '_a6_': 1.0}};{'d0': 0.02488548250186688};-276.524567593312;49.03430484306291
40012;-89.2279789535932;(_a7_ + -((x * (_a5_ * (pow2(x) + ((_a7_ / _a3_) * (-(x) + _a1_)))))));{'d0': {'_a1_': -0.8400506556639149, '_a3_': 0.0016398725676953646, '_a5_': -3.3825181581477444, '_a7_': -0.0010241843278073338, '_a0_': 1.0, '_a2_': 1.0, '_a4_': 1.0, '_a6_': 1.0}};{'d0': 0.02488548250186688};-276.524567593312;49.03430484306291
40013;-89.2279789535932;(_a7_ + -((x * (_a5_ * (pow2(x) + ((_a7_ / _a3_) * (-(x) + _a1_)))))));{'d0': {'_a1_': -0.8400506556639149, '_a3_': 0.0016398725676953646, '_a5_': -3.3825181581477444, '_a7_': -0.0010241843278073338, '_a0_': 1.0, '_a2_': 1.0, '_a4_': 1.0, '_a6_': 1.0}};{'d0': 0.02488548250186688};-276.524567593312;49.03430484306291
40014;-89.2279789535932;(_a7_ + -((x * (_a5_ * (pow2(x) + ((_a7_ / _a3_) * (-(x) + _a1_)))))));{'d0': {'_a1_': -0.8400506556639149, '_a3_': 0.0016398725676953646, '_a5_': -3.3825181581477444, '_a7_': -0.0010241843278073338, '_a0_': 1.0, '_a2_': 1.0, '_a4_': 1.0, '_a6_': 1.0}};{'d0': 0.02488548250186688};-276.524567593312;49.03430484306291
40015;-89.2279789535932;(_a7_ + -((x * (_a5_ * (pow2(x) + ((_a7_ / _a3_) * (-(x) + _a1_)))))));{'d0': {'_a1_': -0.8400506556639149, '_a3_': 0.0016398725676953646, '_a5_': -3.3825181581477444, '_a7_': -0.0010241843278073338, '_a0_': 1.0, '_a2_': 1.0, '_a4_': 1.0, '_a6_': 1.0}};{'d0': 0.02488548250186688};-276.524567593312;49.03430484306291
40016;-89.2279789535932;(_a7_ + -((x * (_a5_ * (pow2(x) + ((_a7_ / _a3_) * (-(x) + _a1_)))))));{'d0': {'_a1_': -0.8400506556639149, '_a3_': 0.0016398725676953646, '_a5_': -3.3825181581477444, '_a7_': -0.0010241843278073338, '_a0_': 1.0, '_a2_': 1.0, '_a4_': 1.0, '_a6_': 1.0}};{'d0': 0.02488548250186688};-276.524567593312;49.03430484306291
40017;-89.2279789535932;(_a7_ + -((x * (_a5_ * (pow2(x) + ((_a7_ / _a3_) * (-(x) + _a1_)))))));{'d0': {'_a1_': -0.8400506556639149, '_a3_': 0.0016398725676953646, '_a5_': -3.3825181581477444, '_a7_': -0.0010241843278073338, '_a0_': 1.0, '_a2_': 1.0, '_a4_': 1.0, '_a6_': 1.0}};{'d0': 0.02488548250186688};-276.524567593312;49.03430484306291
40018;-89.2279789535932;(_a7_ + -((x * (_a5_ * (pow2(x) + ((_a7_ / _a3_) * (-(x) + _a1_)))))));{'d0': {'_a1_': -0.8400506556639149, '_a3_': 0.0016398725676953646, '_a5_': -3.3825181581477444, '_a7_': -0.0010241843278073338, '_a0_': 1.0, '_a2_': 1.0, '_a4_': 1.0, '_a6_': 1.0}};{'d0': 0.02488548250186688};-276.524567593312;49.03430484306291
40019;-89.2279789535932;(_a7_ + -((x * (_a5_ * (pow2(x) + ((_a7_ / _a3_) * (-(x) + _a1_)))))));{'d0': {'_a1_': -0.8400506556639149, '_a3_': 0.0016398725676953646, '_a5_': -3.3825181581477444, '_a7_': -0.0010241843278073338, '_a0_': 1.0, '_a2_': 1.0, '_a4_': 1.0, '_a6_': 1.0}};{'d0': 0.02488548250186688};-276.524567593312;49.03430484306291
40020;-102.388670118427;(_a2_ + (x * (_a4_ * ((pow2((_a7_ * x)) + x) + _a1_))));{'d0': {'_a1_': 0.8400507931564101, '_a2_': -0.0010241391847987896, '_a4_': 2.1125554059298928, '_a7_': 1.2653655252737142, '_a0_': 1.0, '_a3_': 1.0, '_a5_': 1.0, '_a6_': 1.0}};{'d0': 0.02488548250194154};-276.524567593132;35.873613678139066
40021;-102.388670118427;(_a2_ + (x * (_a4_ * ((pow2((_a7_ * x)) + x) + _a1_))));{'d0': {'_a1_': 0.8400507931564101, '_a2_': -0.0010241391847987896, '_a4_': 2.1125554059298928, '_a7_': 1.2653655252737142, '_a0_': 1.0, '_a3_': 1.0, '_a5_': 1.0, '_a6_': 1.0}};{'d0': 0.02488548250194154};-276.524567593132;35.873613678139066
40022;-102.388670118427;(_a2_ + (x * (_a4_ * ((pow2((_a7_ * x)) + x) + _a1_))));{'d0': {'_a1_': 0.8400507931564101, '_a2_': -0.0010241391847987896, '_a4_': 2.1125554059298928, '_a7_': 1.2653655252737142, '_a0_': 1.0, '_a3_': 1.0, '_a5_': 1.0, '_a6_': 1.0}};{'d0': 0.02488548250194154};-276.524567593132;35.873613678139066
40023;-102.388670118427;(_a2_ + (x * (_a4_ * ((pow2((_a7_ * x)) + x) + _a1_))));{'d0': {'_a1_': 0.8400507931564101, '_a2_': -0.0010241391847987896, '_a4_': 2.1125554059298928, '_a7_': 1.2653655252737142, '_a0_': 1.0, '_a3_': 1.0, '_a5_': 1.0, '_a6_': 1.0}};{'d0': 0.02488548250194154};-276.524567593132;35.873613678139066
40024;-102.388670118427;(_a2_ + (x * (_a4_ * ((pow2((_a7_ * x)) + x) + _a1_))));{'d0': {'_a1_': 0.8400507931564101, '_a2_': -0.0010241391847987896, '_a4_': 2.1125554059298928, '_a7_': 1.2653655252737142, '_a0_': 1.0, '_a3_': 1.0, '_a5_': 1.0, '_a6_': 1.0}};{'d0': 0.02488548250194154};-276.524567593132;35.873613678139066
40025;-102.388670118427;(_a2_ + (x * (_a4_ * ((pow2((_a7_ * x)) + x) + _a1_))));{'d0': {'_a1_': 0.8400507931564101, '_a2_': -0.0010241391847987896, '_a4_': 2.1125554059298928, '_a7_': 1.2653655252737142, '_a0_': 1.0, '_a3_': 1.0, '_a5_': 1.0, '_a6_': 1.0}};{'d0': 0.02488548250194154};-276.524567593132;35.873613678139066
40026;-102.388670118427;(_a2_ + (x * (_a4_ * ((pow2((_a7_ * x)) + x) + _a1_))));{'d0': {'_a1_': 0.8400507931564101, '_a2_': -0.0010241391847987896, '_a4_': 2.1125554059298928, '_a7_': 1.2653655252737142, '_a0_': 1.0, '_a3_': 1.0, '_a5_': 1.0, '_a6_': 1.0}};{'d0': 0.02488548250194154};-276.524567593132;35.873613678139066
40027;-102.388670118427;(_a2_ + (x * (_a4_ * ((pow2((_a7_ * x)) + x) + _a1_))));{'d0': {'_a1_': 0.8400507931564101, '_a2_': -0.0010241391847987896, '_a4_': 2.1125554059298928, '_a7_': 1.2653655252737142, '_a0_': 1.0, '_a3_': 1.0, '_a5_': 1.0, '_a6_': 1.0}};{'d0': 0.02488548250194154};-276.524567593132;35.873613678139066
40028;-102.388670118427;(_a2_ + (x * (_a4_ * ((pow2((_a7_ * x)) + x) + _a1_))));{'d0': {'_a1_': 0.8400507931564101, '_a2_': -0.0010241391847987896, '_a4_': 2.1125554059298928, '_a7_': 1.2653655252737142, '_a0_': 1.0, '_a3_': 1.0, '_a5_': 1.0, '_a6_': 1.0}};{'d0': 0.02488548250194154};-276.524567593132;35.873613678139066
40029;-102.388670118427;(_a2_ + (x * (_a4_ * ((pow2((_a7_ * x)) + x) + _a1_))));{'d0': {'_a1_': 0.8400507931564101, '_a2_': -0.0010241391847987896, '_a4_': 2.1125554059298928, '_a7_': 1.2653655252737142, '_a0_': 1.0, '_a3_': 1.0, '_a5_': 1.0, '_a6_': 1.0}};{'d0': 0.02488548250194154};-276.524567593132;35.873613678139066
40030;-89.2279789535932;(_a7_ + -((x * (_a5_ * (pow2(x) + ((_a7_ / _a3_) * (-(x) + _a1_)))))));{'d0': {'_a1_': -0.8400506556639149, '_a3_': 0.0016398725676953646, '_a5_': -3.3825181581477444, '_a7_': -0.0010241843278073338, '_a0_': 1.0, '_a2_': 1.0, '_a4_': 1.0, '_a6_': 1.0}};{'d0': 0.02488548250186688};-276.524567593312;49.03430484306291
40031;-89.2279789535932;(_a7_ + -((x * (_a5_ * (pow2(x) + ((_a7_ / _a3_) * (-(x) + _a1_)))))));{'d0': {'_a1_': -0.8400506556639149, '_a3_': 0.0016398725676953646, '_a5_': -3.3825181581477444, '_a7_': -0.0010241843278073338, '_a0_': 1.0, '_a2_': 1.0, '_a4_': 1.0, '_a6_': 1.0}};{'d0': 0.02488548250186688};-276.524567593312;49.03430484306291
40032;-89.2279789535932;(_a7_ + -((x * (_a5_ * (pow2(x) + ((_a7_ / _a3_) * (-(x) + _a1_)))))));{'d0': {'_a1_': -0.8400506556639149, '_a3_': 0.0016398725676953646, '_a5_': -3.3825181581477444, '_a7_': -0.0010241843278073338, '_a0_': 1.0, '_a2_': 1.0, '_a4_': 1.0, '_a6_': 1.0}};{'d0': 0.02488548250186688};-276.524567593312;49.03430484306291
40033;-89.2279789535932;(_a7_ + -((x * (_a5_ * (pow2(x) + ((_a7_ / _a3_) * (-(x) + _a1_)))))));{'d0': {'_a1_': -0.8400506556639149, '_a3_': 0.0016398725676953646, '_a5_': -3.3825181581477444, '_a7_': -0.0010241843278073338, '_a0_': 1.0, '_a2_': 1.0, '_a4_': 1.0, '_a6_': 1.0}};{'d0': 0.02488548250186688};-276.524567593312;49.03430484306291
40034;-89.2279789535932;(_a7_ + -((x * (_a5_ * (pow2(x) + ((_a7_ / _a3_) * (-(x) + _a1_)))))));{'d0': {'_a1_': -0.8400506556639149, '_a3_': 0.0016398725676953646, '_a5_': -3.3825181581477444, '_a7_': -0.0010241843278073338, '_a0_': 1.0, '_a2_': 1.0, '_a4_': 1.0, '_a6_': 1.0}};{'d0': 0.02488548250186688};-276.524567593312;49.03430484306291
40035;-89.2279789535932;(_a7_ + -((x * (_a5_ * (pow2(x) + ((_a7_ / _a3_) * (-(x) + _a1_)))))));{'d0': {'_a1_': -0.8400506556639149, '_a3_': 0.0016398725676953646, '_a5_': -3.3825181581477444, '_a7_': -0.0010241843278073338, '_a0_': 1.0, '_a2_': 1.0, '_a4_': 1.0, '_a6_': 1.0}};{'d0': 0.02488548250186688};-276.524567593312;49.03430484306291
40036;-97.1183884073034;(((_a1_ * (pow2((_a3_ + (_a2_ * x))) + _a4_)) * x) / exp(_a1_));{'d0': {'_a1_': 8.25551681144628e-06, '_a2_': -639.5577561820675, '_a3_': -199.49706396392423, '_a4_': 175226.7828727728, '_a0_': 1.0, '_a5_': 1.0, '_a6_': 1.0, '_a7_': 1.0}};{'d0': 0.02490583292434479};-276.475521874949;41.119372530171404
40037;-97.1183884073034;(((_a1_ * (pow2((_a3_ + (_a2_ * x))) + _a4_)) * x) / exp(_a1_));{'d0': {'_a1_': 8.25551681144628e-06, '_a2_': -639.5577561820675, '_a3_': -199.49706396392423, '_a4_': 175226.7828727728, '_a0_': 1.0, '_a5_': 1.0, '_a6_': 1.0, '_a7_': 1.0}};{'d0': 0.02490583292434479};-276.475521874949;41.119372530171404
40038;-97.1183884073034;(((_a1_ * (pow2((_a3_ + (_a2_ * x))) + _a4_)) * x) / exp(_a1_));{'d0': {'_a1_': 8.25551681144628e-06, '_a2_': -639.5577561820675, '_a3_': -199.49706396392423, '_a4_': 175226.7828727728, '_a0_': 1.0, '_a5_': 1.0, '_a6_': 1.0, '_a7_': 1.0}};{'d0': 0.02490583292434479};-276.475521874949;41.119372530171404
40039;-97.1183884073034;(((_a1_ * (pow2((_a3_ + (_a2_ * x))) + _a4_)) * x) / exp(_a1_));{'d0': {'_a1_': 8.25551681144628e-06, '_a2_': -639.5577561820675, '_a3_': -199.49706396392423, '_a4_': 175226.7828727728, '_a0_': 1.0, '_a5_': 1.0, '_a6_': 1.0, '_a7_': 1.0}};{'d0': 0.02490583292434479};-276.475521874949;41.119372530171404
40040;-97.1183884073034;(((_a1_ * (pow2((_a3_ + (_a2_ * x))) + _a4_)) * x) / exp(_a1_));{'d0': {'_a1_': 8.25551681144628e-06, '_a2_': -639.5577561820675, '_a3_': -199.49706396392423, '_a4_': 175226.7828727728, '_a0_': 1.0, '_a5_': 1.0, '_a6_': 1.0, '_a7_': 1.0}};{'d0': 0.02490583292434479};-276.475521874949;41.119372530171404
40041;-97.1183884073034;(((_a1_ * (pow2((_a3_ + (_a2_ * x))) + _a4_)) * x) / exp(_a1_));{'d0': {'_a1_': 8.25551681144628e-06, '_a2_': -639.5577561820675, '_a3_': -199.49706396392423, '_a4_': 175226.7828727728, '_a0_': 1.0, '_a5_': 1.0, '_a6_': 1.0, '_a7_': 1.0}};{'d0': 0.02490583292434479};-276.475521874949;41.119372530171404
40042;-97.1183884073034;(((_a1_ * (pow2((_a3_ + (_a2_ * x))) + _a4_)) * x) / exp(_a1_));{'d0': {'_a1_': 8.25551681144628e-06, '_a2_': -639.5577561820675, '_a3_': -199.49706396392423, '_a4_': 175226.7828727728, '_a0_': 1.0, '_a5_': 1.0, '_a6_': 1.0, '_a7_': 1.0}};{'d0': 0.02490583292434479};-276.475521874949;41.119372530171404
40043;-97.1183884073034;(((_a1_ * (pow2((_a3_ + (_a2_ * x))) + _a4_)) * x) / exp(_a1_));{'d0': {'_a1_': 8.25551681144628e-06, '_a2_': -639.5577561820675, '_a3_': -199.49706396392423, '_a4_': 175226.7828727728, '_a0_': 1.0, '_a5_': 1.0, '_a6_': 1.0, '_a7_': 1.0}};{'d0': 0.02490583292434479};-276.475521874949;41.119372530171404
40044;-97.1183884073034;(((_a1_ * (pow2((_a3_ + (_a2_ * x))) + _a4_)) * x) / exp(_a1_));{'d0': {'_a1_': 8.25551681144628e-06, '_a2_': -639.5577561820675, '_a3_': -199.49706396392423, '_a4_': 175226.7828727728, '_a0_': 1.0, '_a5_': 1.0, '_a6_': 1.0, '_a7_': 1.0}};{'d0': 0.02490583292434479};-276.475521874949;41.119372530171404
40045;-97.1183884073034;(((_a1_ * (pow2((_a3_ + (_a2_ * x))) + _a4_)) * x) / exp(_a1_));{'d0': {'_a1_': 8.25551681144628e-06, '_a2_': -639.5577561820675, '_a3_': -199.49706396392423, '_a4_': 175226.7828727728, '_a0_': 1.0, '_a5_': 1.0, '_a6_': 1.0, '_a7_': 1.0}};{'d0': 0.02490583292434479};-276.475521874949;41.119372530171404
40046;-97.1183884073034;(((_a1_ * (pow2((_a3_ + (_a2_ * x))) + _a4_)) * x) / exp(_a1_));{'d0': {'_a1_': 8.25551681144628e-06, '_a2_': -639.5577561820675, '_a3_': -199.49706396392423, '_a4_': 175226.7828727728, '_a0_': 1.0, '_a5_': 1.0, '_a6_': 1.0, '_a7_': 1.0}};{'d0': 0.02490583292434479};-276.475521874949;41.119372530171404
40047;-97.1183884073034;(((_a1_ * (pow2((_a3_ + (_a2_ * x))) + _a4_)) * x) / exp(_a1_));{'d0': {'_a1_': 8.25551681144628e-06, '_a2_': -639.5577561820675, '_a3_': -199.49706396392423, '_a4_': 175226.7828727728, '_a0_': 1.0, '_a5_': 1.0, '_a6_': 1.0, '_a7_': 1.0}};{'d0': 0.02490583292434479};-276.475521874949;41.119372530171404
40048;-97.1183884073034;(((_a1_ * (pow2((_a3_ + (_a2_ * x))) + _a4_)) * x) / exp(_a1_));{'d0': {'_a1_': 8.25551681144628e-06, '_a2_': -639.5577561820675, '_a3_': -199.49706396392423, '_a4_': 175226.7828727728, '_a0_': 1.0, '_a5_': 1.0, '_a6_': 1.0, '_a7_': 1.0}};{'d0': 0.02490583292434479};-276.475521874949;41.119372530171404
40049;-97.1183884073034;(((_a1_ * (pow2((_a3_ + (_a2_ * x))) + _a4_)) * x) / exp(_a1_));{'d0': {'_a1_': 8.25551681144628e-06, '_a2_': -639.5577561820675, '_a3_': -199.49706396392423, '_a4_': 175226.7828727728, '_a0_': 1.0, '_a5_': 1.0, '_a6_': 1.0, '_a7_': 1.0}};{'d0': 0.02490583292434479};-276.475521874949;41.119372530171404
40050;-97.1183884130767;(((_a1_ * (pow2((_a3_ + (_a6_ * x))) + _a4_)) * x) / exp(_a1_));{'d0': {'_a1_': 9.250020526798776e-06, '_a3_': 188.46796683516953, '_a4_': 156387.69699476898, '_a6_': 604.2001198066818, '_a0_': 1.0, '_a2_': 1.0, '_a5_': 1.0, '_a7_': 1.0}};{'d0': 0.024905832919551785};-276.475521886496;41.119372530171404
40051;-97.1183884130767;(((_a1_ * (pow2((_a3_ + (_a6_ * x))) + _a4_)) * x) / exp(_a1_));{'d0': {'_a1_': 9.250020526798776e-06, '_a3_': 188.46796683516953, '_a4_': 156387.69699476898, '_a6_': 604.2001198066818, '_a0_': 1.0, '_a2_': 1.0, '_a5_': 1.0, '_a7_': 1.0}};{'d0': 0.024905832919551785};-276.475521886496;41.119372530171404
40052;-97.1183884130767;(((_a1_ * (pow2((_a3_ + (_a6_ * x))) + _a4_)) * x) / exp(_a1_));{'d0': {'_a1_': 9.250020526798776e-06, '_a3_': 188.46796683516953, '_a4_': 156387.69699476898, '_a6_': 604.2001198066818, '_a0_': 1.0, '_a2_': 1.0, '_a5_': 1.0, '_a7_': 1.0}};{'d0': 0.024905832919551785};-276.475521886496;41.119372530171404
40053;-97.1183884130767;(((_a1_ * (pow2((_a3_ + (_a6_ * x))) + _a4_)) * x) / exp(_a1_));{'d0': {'_a1_': 9.250020526798776e-06, '_a3_': 188.46796683516953, '_a4_': 156387.69699476898, '_a6_': 604.2001198066818, '_a0_': 1.0, '_a2_': 1.0, '_a5_': 1.0, '_a7_': 1.0}};{'d0': 0.024905832919551785};-276.475521886496;41.119372530171404
40054;-97.1183884130767;(((_a1_ * (pow2((_a3_ + (_a6_ * x))) + _a4_)) * x) / exp(_a1_));{'d0': {'_a1_': 9.250020526798776e-06, '_a3_': 188.46796683516953, '_a4_': 156387.69699476898, '_a6_': 604.2001198066818, '_a0_': 1.0, '_a2_': 1.0, '_a5_': 1.0, '_a7_': 1.0}};{'d0': 0.024905832919551785};-276.475521886496;41.119372530171404
40055;-97.1183884130767;(((_a1_ * (pow2((_a3_ + (_a6_ * x))) + _a4_)) * x) / exp(_a1_));{'d0': {'_a1_': 9.250020526798776e-06, '_a3_': 188.46796683516953, '_a4_': 156387.69699476898, '_a6_': 604.2001198066818, '_a0_': 1.0, '_a2_': 1.0, '_a5_': 1.0, '_a7_': 1.0}};{'d0': 0.024905832919551785};-276.475521886496;41.119372530171404
40056;-97.1183884130767;(((_a1_ * (pow2((_a3_ + (_a6_ * x))) + _a4_)) * x) / exp(_a1_));{'d0': {'_a1_': 9.250020526798776e-06, '_a3_': 188.46796683516953, '_a4_': 156387.69699476898, '_a6_': 604.2001198066818, '_a0_': 1.0, '_a2_': 1.0, '_a5_': 1.0, '_a7_': 1.0}};{'d0': 0.024905832919551785};-276.475521886496;41.119372530171404
40057;-97.1183884130767;(((_a1_ * (pow2((_a3_ + (_a6_ * x))) + _a4_)) * x) / exp(_a1_));{'d0': {'_a1_': 9.250020526798776e-06, '_a3_': 188.46796683516953, '_a4_': 156387.69699476898, '_a6_': 604.2001198066818, '_a0_': 1.0, '_a2_': 1.0, '_a5_': 1.0, '_a7_': 1.0}};{'d0': 0.024905832919551785};-276.475521886496;41.119372530171404
40058;-88.9488609273517;(_a7_ + -((x * (_a5_ * (pow2(x) + (cos(_a3_) * (-(x) + _a1_)))))));{'d0': {'_a1_': -0.8400505159795918, '_a3_': 83.9267620661833, '_a5_': -3.38251846940836, '_a7_': -0.0010242394263764655, '_a0_': 1.0, '_a2_': 1.0, '_a4_': 1.0, '_a6_': 1.0}};{'d0': 0.024885482501928135};-276.524567593165;49.313422869230514
40059;-88.9488609273517;(_a7_ + -((x * (_a5_ * (pow2(x) + (cos(_a3_) * (-(x) + _a1_)))))));{'d0': {'_a1_': -0.8400505159795918, '_a3_': 83.9267620661833, '_a5_': -3.38251846940836, '_a7_': -0.0010242394263764655, '_a0_': 1.0, '_a2_': 1.0, '_a4_': 1.0, '_a6_': 1.0}};{'d0': 0.024885482501928135};-276.524567593165;49.313422869230514
40060;-88.9488609273517;(_a7_ + -((x * (_a5_ * (pow2(x) + (cos(_a3_) * (-(x) + _a1_)))))));{'d0': {'_a1_': -0.8400505159795918, '_a3_': 83.9267620661833, '_a5_': -3.38251846940836, '_a7_': -0.0010242394263764655, '_a0_': 1.0, '_a2_': 1.0, '_a4_': 1.0, '_a6_': 1.0}};{'d0': 0.024885482501928135};-276.524567593165;49.313422869230514
40061;-88.9488609273517;(_a7_ + -((x * (_a5_ * (pow2(x) + (cos(_a3_) * (-(x) + _a1_)))))));{'d0': {'_a1_': -0.8400505159795918, '_a3_': 83.9267620661833, '_a5_': -3.38251846940836, '_a7_': -0.0010242394263764655, '_a0_': 1.0, '_a2_': 1.0, '_a4_': 1.0, '_a6_': 1.0}};{'d0': 0.024885482501928135};-276.524567593165;49.313422869230514
40062;-90.0789307944688;(_a7_ + -((x * (_a5_ * (pow2(x) + ((_a5_ * _a0_) * (-(x) + _a1_)))))));{'d0': {'_a0_': 0.18464089744898543, '_a1_': -0.8400507958120043, '_a5_': -3.382517846382396, '_a7_': -0.0010241286080978585, '_a2_': 1.0, '_a3_': 1.0, '_a4_': 1.0, '_a6_': 1.0}};{'d0': 0.024885482501924756};-276.524567593173;48.183353002117514
40063;-90.0789307944688;(_a7_ + -((x * (_a5_ * (pow2(x) + ((_a5_ * _a0_) * (-(x) + _a1_)))))));{'d0': {'_a0_': 0.18464089744898543, '_a1_': -0.8400507958120043, '_a5_': -3.382517846382396, '_a7_': -0.0010241286080978585, '_a2_': 1.0, '_a3_': 1.0, '_a4_': 1.0, '_a6_': 1.0}};{'d0': 0.024885482501924756};-276.524567593173;48.183353002117514
40064;-90.0789307944688;(_a7_ + -((x * (_a5_ * (pow2(x) + ((_a5_ * _a0_) * (-(x) + _a1_)))))));{'d0': {'_a0_': 0.18464089744898543, '_a1_': -0.8400507958120043, '_a5_': -3.382517846382396, '_a7_': -0.0010241286080978585, '_a2_': 1.0, '_a3_': 1.0, '_a4_': 1.0, '_a6_': 1.0}};{'d0': 0.024885482501924756};-276.524567593173;48.183353002117514
40065;-90.0789307944688;(_a7_ + -((x * (_a5_ * (pow2(x) + ((_a5_ * _a0_) * (-(x) + _a1_)))))));{'d0': {'_a0_': 0.18464089744898543, '_a1_': -0.8400507958120043, '_a5_': -3.382517846382396, '_a7_': -0.0010241286080978585, '_a2_': 1.0, '_a3_': 1.0, '_a4_': 1.0, '_a6_': 1.0}};{'d0': 0.024885482501924756};-276.524567593173;48.183353002117514
40066;-90.0789307944688;(_a7_ + -((x * (_a5_ * (pow2(x) + ((_a5_ * _a0_) * (-(x) + _a1_)))))));{'d0': {'_a0_': 0.18464089744898543, '_a1_': -0.8400507958120043, '_a5_': -3.382517846382396, '_a7_': -0.0010241286080978585, '_a2_': 1.0, '_a3_': 1.0, '_a4_': 1.0, '_a6_': 1.0}};{'d0': 0.024885482501924756};-276.524567593173;48.183353002117514
40067;-90.0789307944782;(_a7_ + -((x * (_a5_ * (pow2(x) + ((_a7_ * _a0_) * (-(x) + _a1_)))))));{'d0': {'_a0_': 609.8308803230246, '_a1_': -0.84005077186914, '_a5_': -3.3825178991636102, '_a7_': -0.0010241382312549828, '_a2_': 1.0, '_a3_': 1.0, '_a4_': 1.0, '_a6_': 1.0}};{'d0': 0.024885482501916988};-276.524567593192;48.183353002117514
40068;-90.0789307944782;(_a7_ + -((x * (_a5_ * (pow2(x) + ((_a7_ * _a0_) * (-(x) + _a1_)))))));{'d0': {'_a0_': 609.8308803230246, '_a1_': -0.84005077186914, '_a5_': -3.3825178991636102, '_a7_': -0.0010241382312549828, '_a2_': 1.0, '_a3_': 1.0, '_a4_': 1.0, '_a6_': 1.0}};{'d0': 0.024885482501916988};-276.524567593192;48.183353002117514
40069;-97.1183884130767;(((_a1_ * (pow2((_a3_ + (_a6_ * x))) + _a4_)) * x) / exp(_a1_));{'d0': {'_a1_': 9.250020526798776e-06, '_a3_': 188.46796683516953, '_a4_': 156387.69699476898, '_a6_': 604.2001198066818, '_a0_': 1.0, '_a2_': 1.0, '_a5_': 1.0, '_a7_': 1.0}};{'d0': 0.024905832919551785};-276.475521886496;41.119372530171404
40070;-97.1183884130767;(((_a1_ * (pow2((_a3_ + (_a6_ * x))) + _a4_)) * x) / exp(_a1_));{'d0': {'_a1_': 9.250020526798776e-06, '_a3_': 188.46796683516953, '_a4_': 156387.69699476898, '_a6_': 604.2001198066818, '_a0_': 1.0, '_a2_': 1.0, '_a5_': 1.0, '_a7_': 1.0}};{'d0': 0.024905832919551785};-276.475521886496;41.119372530171404
40071;-97.1183884130767;(((_a1_ * (pow2((_a3_ + (_a6_ * x))) + _a4_)) * x) / exp(_a1_));{'d0': {'_a1_': 9.250020526798776e-06, '_a3_': 188.46796683516953, '_a4_': 156387.69699476898, '_a6_': 604.2001198066818, '_a0_': 1.0, '_a2_': 1.0, '_a5_': 1.0, '_a7_': 1.0}};{'d0': 0.024905832919551785};-276.475521886496;41.119372530171404
40072;-97.1183884130767;(((_a1_ * (pow2((_a3_ + (_a6_ * x))) + _a4_)) * x) / exp(_a1_));{'d0': {'_a1_': 9.250020526798776e-06, '_a3_': 188.46796683516953, '_a4_': 156387.69699476898, '_a6_': 604.2001198066818, '_a0_': 1.0, '_a2_': 1.0, '_a5_': 1.0, '_a7_': 1.0}};{'d0': 0.024905832919551785};-276.475521886496;41.119372530171404
40073;-97.1183884130767;(((_a1_ * (pow2((_a3_ + (_a6_ * x))) + _a4_)) * x) / exp(_a1_));{'d0': {'_a1_': 9.250020526798776e-06, '_a3_': 188.46796683516953, '_a4_': 156387.69699476898, '_a6_': 604.2001198066818, '_a0_': 1.0, '_a2_': 1.0, '_a5_': 1.0, '_a7_': 1.0}};{'d0': 0.024905832919551785};-276.475521886496;41.119372530171404
40074;-97.1183884130767;(((_a1_ * (pow2((_a3_ + (_a6_ * x))) + _a4_)) * x) / exp(_a1_));{'d0': {'_a1_': 9.250020526798776e-06, '_a3_': 188.46796683516953, '_a4_': 156387.69699476898, '_a6_': 604.2001198066818, '_a0_': 1.0, '_a2_': 1.0, '_a5_': 1.0, '_a7_': 1.0}};{'d0': 0.024905832919551785};-276.475521886496;41.119372530171404
40075;-97.1183884130767;(((_a1_ * (pow2((_a3_ + (_a6_ * x))) + _a4_)) * x) / exp(_a1_));{'d0': {'_a1_': 9.250020526798776e-06, '_a3_': 188.46796683516953, '_a4_': 156387.69699476898, '_a6_': 604.2001198066818, '_a0_': 1.0, '_a2_': 1.0, '_a5_': 1.0, '_a7_': 1.0}};{'d0': 0.024905832919551785};-276.475521886496;41.119372530171404
40076;-97.9693402537995;(((_a1_ * (pow2((_a3_ + (_a6_ * x))) + _a4_)) * x) * exp(_a1_));{'d0': {'_a1_': 9.23557528385208e-06, '_a3_': 188.61355441774705, '_a4_': 156629.40180404225, '_a6_': 604.666851909579, '_a0_': 1.0, '_a2_': 1.0, '_a5_': 1.0, '_a7_': 1.0}};{'d0': 0.024905832919736588};-276.475521886051;40.268420689226005
40077;-97.9693402409747;(((_a3_ * (pow2((_a3_ + (_a6_ * x))) + _a4_)) * x) * exp(_a1_));{'d0': {'_a1_': 0.8197775026473736, '_a3_': 0.5250446965955926, '_a4_': 1.2137241061750172, '_a6_': 1.683214786862634, '_a0_': 1.0, '_a2_': 1.0, '_a5_': 1.0, '_a7_': 1.0}};{'d0': 0.02490583293038366};-276.475521860401;40.268420689226005
40078;-97.9693402409747;(((_a3_ * (pow2((_a3_ + (_a6_ * x))) + _a4_)) * x) * exp(_a1_));{'d0': {'_a1_': 0.8197775026473736, '_a3_': 0.5250446965955926, '_a4_': 1.2137241061750172, '_a6_': 1.683214786862634, '_a0_': 1.0, '_a2_': 1.0, '_a5_': 1.0, '_a7_': 1.0}};{'d0': 0.02490583293038366};-276.475521860401;40.268420689226005
40079;-97.9693402409747;(((_a3_ * (pow2((_a3_ + (_a6_ * x))) + _a4_)) * x) * exp(_a1_));{'d0': {'_a1_': 0.8197775026473736, '_a3_': 0.5250446965955926, '_a4_': 1.2137241061750172, '_a6_': 1.683214786862634, '_a0_': 1.0, '_a2_': 1.0, '_a5_': 1.0, '_a7_': 1.0}};{'d0': 0.02490583293038366};-276.475521860401;40.268420689226005
40080;-93.4236304728860;(((_a3_ * (pow2((_a3_ + (pow3(_a3_) * x))) + _a4_)) * x) * exp(_a1_));{'d0': {'_a1_': -2.860504014077048, '_a3_': 1.790488891357355, '_a4_': 14.11467102203538, '_a0_': 1.0, '_a2_': 1.0, '_a5_': 1.0, '_a6_': 1.0, '_a7_': 1.0}};{'d0': 0.02490583291941662};-280.569866449044;46.861302751636
40081;-93.4236304728860;(((_a3_ * (pow2((_a3_ + (pow3(_a3_) * x))) + _a4_)) * x) * exp(_a1_));{'d0': {'_a1_': -2.860504014077048, '_a3_': 1.790488891357355, '_a4_': 14.11467102203538, '_a0_': 1.0, '_a2_': 1.0, '_a5_': 1.0, '_a6_': 1.0, '_a7_': 1.0}};{'d0': 0.02490583291941662};-280.569866449044;46.861302751636
40082;-93.4236304728860;(((_a3_ * (pow2((_a3_ + (pow3(_a3_) * x))) + _a4_)) * x) * exp(_a1_));{'d0': {'_a1_': -2.860504014077048, '_a3_': 1.790488891357355, '_a4_': 14.11467102203538, '_a0_': 1.0, '_a2_': 1.0, '_a5_': 1.0, '_a6_': 1.0, '_a7_': 1.0}};{'d0': 0.02490583291941662};-280.569866449044;46.861302751636
40083;-93.4236304728860;(((_a3_ * (pow2((_a3_ + (pow3(_a3_) * x))) + _a4_)) * x) * exp(_a1_));{'d0': {'_a1_': -2.860504014077048, '_a3_': 1.790488891357355, '_a4_': 14.11467102203538, '_a0_': 1.0, '_a2_': 1.0, '_a5_': 1.0, '_a6_': 1.0, '_a7_': 1.0}};{'d0': 0.02490583291941662};-280.569866449044;46.861302751636
40084;-93.4236304728860;(((_a3_ * (pow2((_a3_ + (pow3(_a3_) * x))) + _a4_)) * x) * exp(_a1_));{'d0': {'_a1_': -2.860504014077048, '_a3_': 1.790488891357355, '_a4_': 14.11467102203538, '_a0_': 1.0, '_a2_': 1.0, '_a5_': 1.0, '_a6_': 1.0, '_a7_': 1.0}};{'d0': 0.02490583291941662};-280.569866449044;46.861302751636
40085;-98.7896986075460;(((_a3_ * (pow2((_a3_ + (pow3(_a3_) * x))) + _a4_)) * x) * _a6_);{'d0': {'_a3_': 1.790488891117876, '_a4_': 14.114671000993686, '_a6_': 0.05723990335773618, '_a0_': 1.0, '_a1_': 1.0, '_a2_': 1.0, '_a5_': 1.0, '_a7_': 1.0}};{'d0': 0.024905832919416622};-280.569866449044;41.495234616976006
40086;-98.7896986075460;(((_a3_ * (pow2((_a3_ + (pow3(_a3_) * x))) + _a4_)) * x) * _a6_);{'d0': {'_a3_': 1.790488891117876, '_a4_': 14.114671000993686, '_a6_': 0.05723990335773618, '_a0_': 1.0, '_a1_': 1.0, '_a2_': 1.0, '_a5_': 1.0, '_a7_': 1.0}};{'d0': 0.024905832919416622};-280.569866449044;41.495234616976006
40087;-98.7896986075460;(((_a3_ * (pow2((_a3_ + (pow3(_a3_) * x))) + _a4_)) * x) * _a6_);{'d0': {'_a3_': 1.790488891117876, '_a4_': 14.114671000993686, '_a6_': 0.05723990335773618, '_a0_': 1.0, '_a1_': 1.0, '_a2_': 1.0, '_a5_': 1.0, '_a7_': 1.0}};{'d0': 0.024905832919416622};-280.569866449044;41.495234616976006
40088;-98.7896986075460;(((_a3_ * (pow2((_a3_ + (pow3(_a3_) * x))) + _a4_)) * x) * _a6_);{'d0': {'_a3_': 1.790488891117876, '_a4_': 14.114671000993686, '_a6_': 0.05723990335773618, '_a0_': 1.0, '_a1_': 1.0, '_a2_': 1.0, '_a5_': 1.0, '_a7_': 1.0}};{'d0': 0.024905832919416622};-280.569866449044;41.495234616976006
40089;-98.7896986075460;(((_a3_ * (pow2((_a3_ + (pow3(_a3_) * x))) + _a4_)) * x) * _a6_);{'d0': {'_a3_': 1.790488891117876, '_a4_': 14.114671000993686, '_a6_': 0.05723990335773618, '_a0_': 1.0, '_a1_': 1.0, '_a2_': 1.0, '_a5_': 1.0, '_a7_': 1.0}};{'d0': 0.024905832919416622};-280.569866449044;41.495234616976006
40090;-98.7896986075460;(((_a3_ * (pow2((_a3_ + (pow3(_a3_) * x))) + _a4_)) * x) * _a6_);{'d0': {'_a3_': 1.790488891117876, '_a4_': 14.114671000993686, '_a6_': 0.05723990335773618, '_a0_': 1.0, '_a1_': 1.0, '_a2_': 1.0, '_a5_': 1.0, '_a7_': 1.0}};{'d0': 0.024905832919416622};-280.569866449044;41.495234616976006
40091;-98.7896986075460;(((_a3_ * (pow2((_a3_ + (pow3(_a3_) * x))) + _a4_)) * x) * _a6_);{'d0': {'_a3_': 1.790488891117876, '_a4_': 14.114671000993686, '_a6_': 0.05723990335773618, '_a0_': 1.0, '_a1_': 1.0, '_a2_': 1.0, '_a5_': 1.0, '_a7_': 1.0}};{'d0': 0.024905832919416622};-280.569866449044;41.495234616976006
40092;-98.7896986075460;(((_a3_ * (pow2((_a3_ + (pow3(_a3_) * x))) + _a4_)) * x) * _a6_);{'d0': {'_a3_': 1.790488891117876, '_a4_': 14.114671000993686, '_a6_': 0.05723990335773618, '_a0_': 1.0, '_a1_': 1.0, '_a2_': 1.0, '_a5_': 1.0, '_a7_': 1.0}};{'d0': 0.024905832919416622};-280.569866449044;41.495234616976006
40093;-103.335408362699;(((_a3_ * (pow2((_a3_ + (_a0_ * x))) + _a4_)) * x) * _a6_);{'d0': {'_a0_': 5.495860860007082, '_a3_': 1.7143222720807254, '_a4_': 12.939348172072878, '_a6_': 0.06521330134441036, '_a1_': 1.0, '_a2_': 1.0, '_a5_': 1.0, '_a7_': 1.0}};{'d0': 0.02490583294112275};-276.475521834530;34.90235255456601
40094;-103.335408362699;(((_a3_ * (pow2((_a3_ + (_a0_ * x))) + _a4_)) * x) * _a6_);{'d0': {'_a0_': 5.495860860007082, '_a3_': 1.7143222720807254, '_a4_': 12.939348172072878, '_a6_': 0.06521330134441036, '_a1_': 1.0, '_a2_': 1.0, '_a5_': 1.0, '_a7_': 1.0}};{'d0': 0.02490583294112275};-276.475521834530;34.90235255456601
40095;-103.335408362699;(((_a3_ * (pow2((_a3_ + (_a0_ * x))) + _a4_)) * x) * _a6_);{'d0': {'_a0_': 5.495860860007082, '_a3_': 1.7143222720807254, '_a4_': 12.939348172072878, '_a6_': 0.06521330134441036, '_a1_': 1.0, '_a2_': 1.0, '_a5_': 1.0, '_a7_': 1.0}};{'d0': 0.02490583294112275};-276.475521834530;34.90235255456601
40096;-103.335408362699;(((_a3_ * (pow2((_a3_ + (_a0_ * x))) + _a4_)) * x) * _a6_);{'d0': {'_a0_': 5.495860860007082, '_a3_': 1.7143222720807254, '_a4_': 12.939348172072878, '_a6_': 0.06521330134441036, '_a1_': 1.0, '_a2_': 1.0, '_a5_': 1.0, '_a7_': 1.0}};{'d0': 0.02490583294112275};-276.475521834530;34.90235255456601
40097;-103.335408362699;(((_a3_ * (pow2((_a3_ + (_a0_ * x))) + _a4_)) * x) * _a6_);{'d0': {'_a0_': 5.495860860007082, '_a3_': 1.7143222720807254, '_a4_': 12.939348172072878, '_a6_': 0.06521330134441036, '_a1_': 1.0, '_a2_': 1.0, '_a5_': 1.0, '_a7_': 1.0}};{'d0': 0.02490583294112275};-276.475521834530;34.90235255456601
40098;-105.710676995536;((x + ((pow2(x) + pow2(_a6_)) * _a5_)) * (x / _a0_));{'d0': {'_a0_': 0.47469314332615814, '_a5_': 1.6029252347491731, '_a6_': 0.7250460473016074, '_a1_': 1.0, '_a2_': 1.0, '_a3_': 1.0, '_a4_': 1.0, '_a7_': 1.0}};{'d0': 0.02490583291941653};-280.569866449044;34.5742562289865
40099;-105.710676995536;((x + ((pow2(x) + pow2(_a6_)) * _a5_)) * (x / _a0_));{'d0': {'_a0_': 0.47469314332615814, '_a5_': 1.6029252347491731, '_a6_': 0.7250460473016074, '_a1_': 1.0, '_a2_': 1.0, '_a3_': 1.0, '_a4_': 1.0, '_a7_': 1.0}};{'d0': 0.02490583291941653};-280.569866449044;34.5742562289865
40100;-105.710676995536;((x + ((pow2(x) + pow2(_a6_)) * _a5_)) * (x / _a0_));{'d0': {'_a0_': 0.47469314332615814, '_a5_': 1.6029252347491731, '_a6_': 0.7250460473016074, '_a1_': 1.0, '_a2_': 1.0, '_a3_': 1.0, '_a4_': 1.0, '_a7_': 1.0}};{'d0': 0.02490583291941653};-280.569866449044;34.5742562289865
40101;-105.710676995536;((x + ((pow2(x) + pow2(_a6_)) * _a5_)) * (x / _a0_));{'d0': {'_a0_': 0.47469314332615814, '_a5_': 1.6029252347491731, '_a6_': 0.7250460473016074, '_a1_': 1.0, '_a2_': 1.0, '_a3_': 1.0, '_a4_': 1.0, '_a7_': 1.0}};{'d0': 0.02490583291941653};-280.569866449044;34.5742562289865
40102;-105.710676995536;((x + ((pow2(x) + pow2(_a6_)) * _a5_)) * (x / _a0_));{'d0': {'_a0_': 0.47469314332615814, '_a5_': 1.6029252347491731, '_a6_': 0.7250460473016074, '_a1_': 1.0, '_a2_': 1.0, '_a3_': 1.0, '_a4_': 1.0, '_a7_': 1.0}};{'d0': 0.02490583291941653};-280.569866449044;34.5742562289865
40103;-103.335408362699;(((_a3_ * (pow2((_a3_ + (_a0_ * x))) + _a4_)) * x) * _a6_);{'d0': {'_a0_': 5.495860860007082, '_a3_': 1.7143222720807254, '_a4_': 12.939348172072878, '_a6_': 0.06521330134441036, '_a1_': 1.0, '_a2_': 1.0, '_a5_': 1.0, '_a7_': 1.0}};{'d0': 0.02490583294112275};-276.475521834530;34.90235255456601
40104;-103.335408362699;(((_a3_ * (pow2((_a3_ + (_a0_ * x))) + _a4_)) * x) * _a6_);{'d0': {'_a0_': 5.495860860007082, '_a3_': 1.7143222720807254, '_a4_': 12.939348172072878, '_a6_': 0.06521330134441036, '_a1_': 1.0, '_a2_': 1.0, '_a5_': 1.0, '_a7_': 1.0}};{'d0': 0.02490583294112275};-276.475521834530;34.90235255456601
40105;-103.335408362699;(((_a3_ * (pow2((_a3_ + (_a0_ * x))) + _a4_)) * x) * _a6_);{'d0': {'_a0_': 5.495860860007082, '_a3_': 1.7143222720807254, '_a4_': 12.939348172072878, '_a6_': 0.06521330134441036, '_a1_': 1.0, '_a2_': 1.0, '_a5_': 1.0, '_a7_': 1.0}};{'d0': 0.02490583294112275};-276.475521834530;34.90235255456601
40106;-103.335408362699;(((_a3_ * (pow2((_a3_ + (_a0_ * x))) + _a4_)) * x) * _a6_);{'d0': {'_a0_': 5.495860860007082, '_a3_': 1.7143222720807254, '_a4_': 12.939348172072878, '_a6_': 0.06521330134441036, '_a1_': 1.0, '_a2_': 1.0, '_a5_': 1.0, '_a7_': 1.0}};{'d0': 0.02490583294112275};-276.475521834530;34.90235255456601
40107;-103.335408362699;(((_a3_ * (pow2((_a3_ + (_a0_ * x))) + _a4_)) * x) * _a6_);{'d0': {'_a0_': 5.495860860007082, '_a3_': 1.7143222720807254, '_a4_': 12.939348172072878, '_a6_': 0.06521330134441036, '_a1_': 1.0, '_a2_': 1.0, '_a5_': 1.0, '_a7_': 1.0}};{'d0': 0.02490583294112275};-276.475521834530;34.90235255456601
40108;-103.335408362699;(((_a3_ * (pow2((_a3_ + (_a0_ * x))) + _a4_)) * x) * _a6_);{'d0': {'_a0_': 5.495860860007082, '_a3_': 1.7143222720807254, '_a4_': 12.939348172072878, '_a6_': 0.06521330134441036, '_a1_': 1.0, '_a2_': 1.0, '_a5_': 1.0, '_a7_': 1.0}};{'d0': 0.02490583294112275};-276.475521834530;34.90235255456601
40109;-103.335408362699;(((_a3_ * (pow2((_a3_ + (_a0_ * x))) + _a4_)) * x) * _a6_);{'d0': {'_a0_': 5.495860860007082, '_a3_': 1.7143222720807254, '_a4_': 12.939348172072878, '_a6_': 0.06521330134441036, '_a1_': 1.0, '_a2_': 1.0, '_a5_': 1.0, '_a7_': 1.0}};{'d0': 0.02490583294112275};-276.475521834530;34.90235255456601
40110;-103.335408362699;(((_a3_ * (pow2((_a3_ + (_a0_ * x))) + _a4_)) * x) * _a6_);{'d0': {'_a0_': 5.495860860007082, '_a3_': 1.7143222720807254, '_a4_': 12.939348172072878, '_a6_': 0.06521330134441036, '_a1_': 1.0, '_a2_': 1.0, '_a5_': 1.0, '_a7_': 1.0}};{'d0': 0.02490583294112275};-276.475521834530;34.90235255456601
40111;-103.335408362699;(((_a3_ * (pow2((_a3_ + (_a0_ * x))) + _a4_)) * x) * _a6_);{'d0': {'_a0_': 5.495860860007082, '_a3_': 1.7143222720807254, '_a4_': 12.939348172072878, '_a6_': 0.06521330134441036, '_a1_': 1.0, '_a2_': 1.0, '_a5_': 1.0, '_a7_': 1.0}};{'d0': 0.02490583294112275};-276.475521834530;34.90235255456601
40112;-103.335408362699;(((_a3_ * (pow2((_a3_ + (_a0_ * x))) + _a4_)) * x) * _a6_);{'d0': {'_a0_': 5.495860860007082, '_a3_': 1.7143222720807254, '_a4_': 12.939348172072878, '_a6_': 0.06521330134441036, '_a1_': 1.0, '_a2_': 1.0, '_a5_': 1.0, '_a7_': 1.0}};{'d0': 0.02490583294112275};-276.475521834530;34.90235255456601
40113;-103.335408362699;(((_a3_ * (pow2((_a3_ + (_a0_ * x))) + _a4_)) * x) * _a6_);{'d0': {'_a0_': 5.495860860007082, '_a3_': 1.7143222720807254, '_a4_': 12.939348172072878, '_a6_': 0.06521330134441036, '_a1_': 1.0, '_a2_': 1.0, '_a5_': 1.0, '_a7_': 1.0}};{'d0': 0.02490583294112275};-276.475521834530;34.90235255456601
40114;-103.335408362699;(((_a3_ * (pow2((_a3_ + (_a0_ * x))) + _a4_)) * x) * _a6_);{'d0': {'_a0_': 5.495860860007082, '_a3_': 1.7143222720807254, '_a4_': 12.939348172072878, '_a6_': 0.06521330134441036, '_a1_': 1.0, '_a2_': 1.0, '_a5_': 1.0, '_a7_': 1.0}};{'d0': 0.02490583294112275};-276.475521834530;34.90235255456601
40115;-103.335408362699;(((_a3_ * (pow2((_a3_ + (_a0_ * x))) + _a4_)) * x) * _a6_);{'d0': {'_a0_': 5.495860860007082, '_a3_': 1.7143222720807254, '_a4_': 12.939348172072878, '_a6_': 0.06521330134441036, '_a1_': 1.0, '_a2_': 1.0, '_a5_': 1.0, '_a7_': 1.0}};{'d0': 0.02490583294112275};-276.475521834530;34.90235255456601
40116;-103.335408362699;(((_a3_ * (pow2((_a3_ + (_a0_ * x))) + _a4_)) * x) * _a6_);{'d0': {'_a0_': 5.495860860007082, '_a3_': 1.7143222720807254, '_a4_': 12.939348172072878, '_a6_': 0.06521330134441036, '_a1_': 1.0, '_a2_': 1.0, '_a5_': 1.0, '_a7_': 1.0}};{'d0': 0.02490583294112275};-276.475521834530;34.90235255456601
40117;-103.335408362699;(((_a3_ * (pow2((_a3_ + (_a0_ * x))) + _a4_)) * x) * _a6_);{'d0': {'_a0_': 5.495860860007082, '_a3_': 1.7143222720807254, '_a4_': 12.939348172072878, '_a6_': 0.06521330134441036, '_a1_': 1.0, '_a2_': 1.0, '_a5_': 1.0, '_a7_': 1.0}};{'d0': 0.02490583294112275};-276.475521834530;34.90235255456601
40118;-105.382580669956;(((_a3_ * (pow2((_a3_ + (_a0_ * x))) + _a3_)) * x) * _a6_);{'d0': {'_a0_': 0.728141465817606, '_a3_': 0.2271289546780267, '_a6_': 28.041179536339406, '_a1_': 1.0, '_a2_': 1.0, '_a4_': 1.0, '_a5_': 1.0, '_a7_': 1.0}};{'d0': 0.024905832919416577};-280.569866449044;34.90235255456601
40119;-105.382580669956;(((_a3_ * (pow2((_a3_ + (_a0_ * x))) + _a3_)) * x) * _a6_);{'d0': {'_a0_': 0.728141465817606, '_a3_': 0.2271289546780267, '_a6_': 28.041179536339406, '_a1_': 1.0, '_a2_': 1.0, '_a4_': 1.0, '_a5_': 1.0, '_a7_': 1.0}};{'d0': 0.024905832919416577};-280.569866449044;34.90235255456601
40120;-105.382580669956;(((_a3_ * (pow2((_a3_ + (_a0_ * x))) + _a3_)) * x) * _a6_);{'d0': {'_a0_': 0.728141465817606, '_a3_': 0.2271289546780267, '_a6_': 28.041179536339406, '_a1_': 1.0, '_a2_': 1.0, '_a4_': 1.0, '_a5_': 1.0, '_a7_': 1.0}};{'d0': 0.024905832919416577};-280.569866449044;34.90235255456601
40121;-105.382580669956;(((_a3_ * (pow2((_a3_ + (_a0_ * x))) + _a3_)) * x) * _a6_);{'d0': {'_a0_': 0.728141465817606, '_a3_': 0.2271289546780267, '_a6_': 28.041179536339406, '_a1_': 1.0, '_a2_': 1.0, '_a4_': 1.0, '_a5_': 1.0, '_a7_': 1.0}};{'d0': 0.024905832919416577};-280.569866449044;34.90235255456601
40122;-105.382580669956;(((_a3_ * (pow2((_a3_ + (_a0_ * x))) + _a3_)) * x) * _a6_);{'d0': {'_a0_': 0.728141465817606, '_a3_': 0.2271289546780267, '_a6_': 28.041179536339406, '_a1_': 1.0, '_a2_': 1.0, '_a4_': 1.0, '_a5_': 1.0, '_a7_': 1.0}};{'d0': 0.024905832919416577};-280.569866449044;34.90235255456601
40123;-105.382580669956;(((_a3_ * (pow2((_a3_ + (_a0_ * x))) + _a3_)) * x) * _a6_);{'d0': {'_a0_': 0.728141465817606, '_a3_': 0.2271289546780267, '_a6_': 28.041179536339406, '_a1_': 1.0, '_a2_': 1.0, '_a4_': 1.0, '_a5_': 1.0, '_a7_': 1.0}};{'d0': 0.024905832919416577};-280.569866449044;34.90235255456601
40124;-105.382580669956;(((_a3_ * (pow2((_a3_ + (_a0_ * x))) + _a3_)) * x) * _a6_);{'d0': {'_a0_': 0.728141465817606, '_a3_': 0.2271289546780267, '_a6_': 28.041179536339406, '_a1_': 1.0, '_a2_': 1.0, '_a4_': 1.0, '_a5_': 1.0, '_a7_': 1.0}};{'d0': 0.024905832919416577};-280.569866449044;34.90235255456601
40125;-105.382580669956;(((_a3_ * (pow2((_a3_ + (_a0_ * x))) + _a3_)) * x) * _a6_);{'d0': {'_a0_': 0.728141465817606, '_a3_': 0.2271289546780267, '_a6_': 28.041179536339406, '_a1_': 1.0, '_a2_': 1.0, '_a4_': 1.0, '_a5_': 1.0, '_a7_': 1.0}};{'d0': 0.024905832919416577};-280.569866449044;34.90235255456601
40126;-105.382580669956;(((_a3_ * (pow2((_a3_ + (_a0_ * x))) + _a3_)) * x) * _a6_);{'d0': {'_a0_': 0.728141465817606, '_a3_': 0.2271289546780267, '_a6_': 28.041179536339406, '_a1_': 1.0, '_a2_': 1.0, '_a4_': 1.0, '_a5_': 1.0, '_a7_': 1.0}};{'d0': 0.024905832919416577};-280.569866449044;34.90235255456601
40127;-105.382580669956;(((_a3_ * (pow2((_a3_ + (_a0_ * x))) + _a3_)) * x) * _a6_);{'d0': {'_a0_': 0.728141465817606, '_a3_': 0.2271289546780267, '_a6_': 28.041179536339406, '_a1_': 1.0, '_a2_': 1.0, '_a4_': 1.0, '_a5_': 1.0, '_a7_': 1.0}};{'d0': 0.024905832919416577};-280.569866449044;34.90235255456601
40128;-105.382580669956;(((_a3_ * (pow2((_a3_ + (_a0_ * x))) + _a3_)) * x) * _a6_);{'d0': {'_a0_': 0.728141465817606, '_a3_': 0.2271289546780267, '_a6_': 28.041179536339406, '_a1_': 1.0, '_a2_': 1.0, '_a4_': 1.0, '_a5_': 1.0, '_a7_': 1.0}};{'d0': 0.024905832919416577};-280.569866449044;34.90235255456601
40129;-105.382580669956;(((_a3_ * (pow2((_a3_ + (_a0_ * x))) + _a3_)) * x) * _a6_);{'d0': {'_a0_': 0.728141465817606, '_a3_': 0.2271289546780267, '_a6_': 28.041179536339406, '_a1_': 1.0, '_a2_': 1.0, '_a4_': 1.0, '_a5_': 1.0, '_a7_': 1.0}};{'d0': 0.024905832919416577};-280.569866449044;34.90235255456601
40130;-105.382580669956;(((_a3_ * (pow2((_a3_ + (_a0_ * x))) + _a3_)) * x) * _a6_);{'d0': {'_a0_': 0.728141465817606, '_a3_': 0.2271289546780267, '_a6_': 28.041179536339406, '_a1_': 1.0, '_a2_': 1.0, '_a4_': 1.0, '_a5_': 1.0, '_a7_': 1.0}};{'d0': 0.024905832919416577};-280.569866449044;34.90235255456601
40131;-105.382580669956;(((_a3_ * (pow2((_a3_ + (_a0_ * x))) + _a3_)) * x) * _a6_);{'d0': {'_a0_': 0.728141465817606, '_a3_': 0.2271289546780267, '_a6_': 28.041179536339406, '_a1_': 1.0, '_a2_': 1.0, '_a4_': 1.0, '_a5_': 1.0, '_a7_': 1.0}};{'d0': 0.024905832919416577};-280.569866449044;34.90235255456601
40132;-105.382580669956;(((_a3_ * (pow2((_a3_ + (_a0_ * x))) + _a3_)) * x) * _a6_);{'d0': {'_a0_': 0.728141465817606, '_a3_': 0.2271289546780267, '_a6_': 28.041179536339406, '_a1_': 1.0, '_a2_': 1.0, '_a4_': 1.0, '_a5_': 1.0, '_a7_': 1.0}};{'d0': 0.024905832919416577};-280.569866449044;34.90235255456601
40133;-105.382580669956;(((_a3_ * (pow2((_a3_ + (_a0_ * x))) + _a3_)) * x) * _a6_);{'d0': {'_a0_': 0.728141465817606, '_a3_': 0.2271289546780267, '_a6_': 28.041179536339406, '_a1_': 1.0, '_a2_': 1.0, '_a4_': 1.0, '_a5_': 1.0, '_a7_': 1.0}};{'d0': 0.024905832919416577};-280.569866449044;34.90235255456601
40134;-105.382580669956;(((_a3_ * (pow2((_a3_ + (_a0_ * x))) + _a3_)) * x) * _a6_);{'d0': {'_a0_': 0.728141465817606, '_a3_': 0.2271289546780267, '_a6_': 28.041179536339406, '_a1_': 1.0, '_a2_': 1.0, '_a4_': 1.0, '_a5_': 1.0, '_a7_': 1.0}};{'d0': 0.024905832919416577};-280.569866449044;34.90235255456601
40135;-105.382580669956;(((_a3_ * (pow2((_a3_ + (_a0_ * x))) + _a3_)) * x) * _a6_);{'d0': {'_a0_': 0.728141465817606, '_a3_': 0.2271289546780267, '_a6_': 28.041179536339406, '_a1_': 1.0, '_a2_': 1.0, '_a4_': 1.0, '_a5_': 1.0, '_a7_': 1.0}};{'d0': 0.024905832919416577};-280.569866449044;34.90235255456601
40136;-105.382580669956;(((_a3_ * (pow2((_a3_ + (_a0_ * x))) + _a3_)) * x) * _a6_);{'d0': {'_a0_': 0.728141465817606, '_a3_': 0.2271289546780267, '_a6_': 28.041179536339406, '_a1_': 1.0, '_a2_': 1.0, '_a4_': 1.0, '_a5_': 1.0, '_a7_': 1.0}};{'d0': 0.024905832919416577};-280.569866449044;34.90235255456601
40137;-105.382580669956;(((_a3_ * (pow2((_a3_ + (_a0_ * x))) + _a3_)) * x) * _a6_);{'d0': {'_a0_': 0.728141465817606, '_a3_': 0.2271289546780267, '_a6_': 28.041179536339406, '_a1_': 1.0, '_a2_': 1.0, '_a4_': 1.0, '_a5_': 1.0, '_a7_': 1.0}};{'d0': 0.024905832919416577};-280.569866449044;34.90235255456601
40138;-105.382580669956;(((_a3_ * (pow2((_a3_ + (_a0_ * x))) + _a3_)) * x) * _a6_);{'d0': {'_a0_': 0.728141465817606, '_a3_': 0.2271289546780267, '_a6_': 28.041179536339406, '_a1_': 1.0, '_a2_': 1.0, '_a4_': 1.0, '_a5_': 1.0, '_a7_': 1.0}};{'d0': 0.024905832919416577};-280.569866449044;34.90235255456601
40139;-105.382580669956;(((_a3_ * (pow2((_a3_ + (_a0_ * x))) + _a3_)) * x) * _a6_);{'d0': {'_a0_': 0.728141465817606, '_a3_': 0.2271289546780267, '_a6_': 28.041179536339406, '_a1_': 1.0, '_a2_': 1.0, '_a4_': 1.0, '_a5_': 1.0, '_a7_': 1.0}};{'d0': 0.024905832919416577};-280.569866449044;34.90235255456601
40140;-105.382580669956;(((_a3_ * (pow2((_a3_ + (_a0_ * x))) + _a3_)) * x) * _a6_);{'d0': {'_a0_': 0.728141465817606, '_a3_': 0.2271289546780267, '_a6_': 28.041179536339406, '_a1_': 1.0, '_a2_': 1.0, '_a4_': 1.0, '_a5_': 1.0, '_a7_': 1.0}};{'d0': 0.024905832919416577};-280.569866449044;34.90235255456601
40141;-105.382580669956;(((_a3_ * (pow2((_a3_ + (_a0_ * x))) + _a3_)) * x) * _a6_);{'d0': {'_a0_': 0.728141465817606, '_a3_': 0.2271289546780267, '_a6_': 28.041179536339406, '_a1_': 1.0, '_a2_': 1.0, '_a4_': 1.0, '_a5_': 1.0, '_a7_': 1.0}};{'d0': 0.024905832919416577};-280.569866449044;34.90235255456601
40142;-105.382580669956;(((_a3_ * (pow2((_a3_ + (_a0_ * x))) + _a3_)) * x) * _a6_);{'d0': {'_a0_': 0.728141465817606, '_a3_': 0.2271289546780267, '_a6_': 28.041179536339406, '_a1_': 1.0, '_a2_': 1.0, '_a4_': 1.0, '_a5_': 1.0, '_a7_': 1.0}};{'d0': 0.024905832919416577};-280.569866449044;34.90235255456601
40143;-105.382580669956;(((_a3_ * (pow2((_a3_ + (_a0_ * x))) + _a3_)) * x) * _a6_);{'d0': {'_a0_': 0.728141465817606, '_a3_': 0.2271289546780267, '_a6_': 28.041179536339406, '_a1_': 1.0, '_a2_': 1.0, '_a4_': 1.0, '_a5_': 1.0, '_a7_': 1.0}};{'d0': 0.024905832919416577};-280.569866449044;34.90235255456601
40144;-105.382580669956;(((_a3_ * (pow2((_a3_ + (_a0_ * x))) + _a3_)) * x) * _a6_);{'d0': {'_a0_': 0.728141465817606, '_a3_': 0.2271289546780267, '_a6_': 28.041179536339406, '_a1_': 1.0, '_a2_': 1.0, '_a4_': 1.0, '_a5_': 1.0, '_a7_': 1.0}};{'d0': 0.024905832919416577};-280.569866449044;34.90235255456601
40145;-105.382580669956;(((_a3_ * (pow2((_a3_ + (_a0_ * x))) + _a3_)) * x) * _a6_);{'d0': {'_a0_': 0.728141465817606, '_a3_': 0.2271289546780267, '_a6_': 28.041179536339406, '_a1_': 1.0, '_a2_': 1.0, '_a4_': 1.0, '_a5_': 1.0, '_a7_': 1.0}};{'d0': 0.024905832919416577};-280.569866449044;34.90235255456601
40146;-105.382580669956;(((_a3_ * (pow2((_a3_ + (_a0_ * x))) + _a3_)) * x) * _a6_);{'d0': {'_a0_': 0.728141465817606, '_a3_': 0.2271289546780267, '_a6_': 28.041179536339406, '_a1_': 1.0, '_a2_': 1.0, '_a4_': 1.0, '_a5_': 1.0, '_a7_': 1.0}};{'d0': 0.024905832919416577};-280.569866449044;34.90235255456601
40147;-105.382580669956;(((_a3_ * (pow2((_a3_ + (_a0_ * x))) + _a3_)) * x) * _a6_);{'d0': {'_a0_': 0.728141465817606, '_a3_': 0.2271289546780267, '_a6_': 28.041179536339406, '_a1_': 1.0, '_a2_': 1.0, '_a4_': 1.0, '_a5_': 1.0, '_a7_': 1.0}};{'d0': 0.024905832919416577};-280.569866449044;34.90235255456601
40148;-105.382580669956;(((_a3_ * (pow2((_a3_ + (_a0_ * x))) + _a3_)) * x) * _a6_);{'d0': {'_a0_': 0.728141465817606, '_a3_': 0.2271289546780267, '_a6_': 28.041179536339406, '_a1_': 1.0, '_a2_': 1.0, '_a4_': 1.0, '_a5_': 1.0, '_a7_': 1.0}};{'d0': 0.024905832919416577};-280.569866449044;34.90235255456601
40149;-105.382580669956;(((_a3_ * (pow2((_a3_ + (_a0_ * x))) + _a3_)) * x) * _a6_);{'d0': {'_a0_': 0.728141465817606, '_a3_': 0.2271289546780267, '_a6_': 28.041179536339406, '_a1_': 1.0, '_a2_': 1.0, '_a4_': 1.0, '_a5_': 1.0, '_a7_': 1.0}};{'d0': 0.024905832919416577};-280.569866449044;34.90235255456601
40150;-105.382580669956;(((_a3_ * (pow2((_a3_ + (_a0_ * x))) + _a3_)) * x) * _a6_);{'d0': {'_a0_': 0.728141465817606, '_a3_': 0.2271289546780267, '_a6_': 28.041179536339406, '_a1_': 1.0, '_a2_': 1.0, '_a4_': 1.0, '_a5_': 1.0, '_a7_': 1.0}};{'d0': 0.024905832919416577};-280.569866449044;34.90235255456601
40151;-105.382580669956;(((_a3_ * (pow2((_a3_ + (_a0_ * x))) + _a3_)) * x) * _a6_);{'d0': {'_a0_': 0.728141465817606, '_a3_': 0.2271289546780267, '_a6_': 28.041179536339406, '_a1_': 1.0, '_a2_': 1.0, '_a4_': 1.0, '_a5_': 1.0, '_a7_': 1.0}};{'d0': 0.024905832919416577};-280.569866449044;34.90235255456601
40152;-105.382580669956;(((_a3_ * (pow2((_a3_ + (_a0_ * x))) + _a3_)) * x) * _a6_);{'d0': {'_a0_': 0.728141465817606, '_a3_': 0.2271289546780267, '_a6_': 28.041179536339406, '_a1_': 1.0, '_a2_': 1.0, '_a4_': 1.0, '_a5_': 1.0, '_a7_': 1.0}};{'d0': 0.024905832919416577};-280.569866449044;34.90235255456601
40153;-97.7938459588760;(((x * (((_a1_ * x) * _a3_) + _a1_)) + exp((_a3_ + _a5_))) * x);{'d0': {'_a1_': 2.1066240671378345, '_a3_': 1.602925234722941, '_a5_': -1.0290485306146346, '_a0_': 1.0, '_a2_': 1.0, '_a4_': 1.0, '_a6_': 1.0, '_a7_': 1.0}};{'d0': 0.024905832919416622};-280.569866449044;42.49108726564603
40154;-97.7938459588760;(((x * (((_a1_ * x) * _a3_) + _a1_)) + exp((_a3_ + _a5_))) * x);{'d0': {'_a1_': 2.1066240671378345, '_a3_': 1.602925234722941, '_a5_': -1.0290485306146346, '_a0_': 1.0, '_a2_': 1.0, '_a4_': 1.0, '_a6_': 1.0, '_a7_': 1.0}};{'d0': 0.024905832919416622};-280.569866449044;42.49108726564603
40155;-97.7938459588760;(((x * (((_a1_ * x) * _a3_) + _a1_)) + exp((_a3_ + _a5_))) * x);{'d0': {'_a1_': 2.1066240671378345, '_a3_': 1.602925234722941, '_a5_': -1.0290485306146346, '_a0_': 1.0, '_a2_': 1.0, '_a4_': 1.0, '_a6_': 1.0, '_a7_': 1.0}};{'d0': 0.024905832919416622};-280.569866449044;42.49108726564603
40156;-97.7938459588760;(((x * (((_a1_ * x) * _a3_) + _a1_)) + exp((_a3_ + _a5_))) * x);{'d0': {'_a1_': 2.1066240671378345, '_a3_': 1.602925234722941, '_a5_': -1.0290485306146346, '_a0_': 1.0, '_a2_': 1.0, '_a4_': 1.0, '_a6_': 1.0, '_a7_': 1.0}};{'d0': 0.024905832919416622};-280.569866449044;42.49108726564603
40157;-97.7938459588760;(((x * (((_a1_ * x) * _a3_) + _a1_)) + exp((_a3_ + _a5_))) * x);{'d0': {'_a1_': 2.1066240671378345, '_a3_': 1.602925234722941, '_a5_': -1.0290485306146346, '_a0_': 1.0, '_a2_': 1.0, '_a4_': 1.0, '_a6_': 1.0, '_a7_': 1.0}};{'d0': 0.024905832919416622};-280.569866449044;42.49108726564603
40158;-94.1842017505470;(((x * (((_a1_ * x) * _a3_) + _a1_)) + cosh((_a3_ + _a5_))) * x);{'d0': {'_a1_': 2.1066240695101617, '_a3_': 1.6029252336020396, '_a5_': -0.42679643180138055, '_a0_': 1.0, '_a2_': 1.0, '_a4_': 1.0, '_a6_': 1.0, '_a7_': 1.0}};{'d0': 0.02490583291941665};-280.569866449044;46.10073147397503
40159;-94.1842017505470;(((x * (((_a1_ * x) * _a3_) + _a1_)) + cosh((_a3_ + _a5_))) * x);{'d0': {'_a1_': 2.1066240695101617, '_a3_': 1.6029252336020396, '_a5_': -0.42679643180138055, '_a0_': 1.0, '_a2_': 1.0, '_a4_': 1.0, '_a6_': 1.0, '_a7_': 1.0}};{'d0': 0.02490583291941665};-280.569866449044;46.10073147397503
40160;-94.1842017505470;(((x * (((_a1_ * x) * _a3_) + _a1_)) + cosh((_a3_ + _a5_))) * x);{'d0': {'_a1_': 2.1066240695101617, '_a3_': 1.6029252336020396, '_a5_': -0.42679643180138055, '_a0_': 1.0, '_a2_': 1.0, '_a4_': 1.0, '_a6_': 1.0, '_a7_': 1.0}};{'d0': 0.02490583291941665};-280.569866449044;46.10073147397503
40161;-94.1842017505470;(((x * (((_a1_ * x) * _a3_) + _a1_)) + cosh((_a3_ + _a5_))) * x);{'d0': {'_a1_': 2.1066240695101617, '_a3_': 1.6029252336020396, '_a5_': -0.42679643180138055, '_a0_': 1.0, '_a2_': 1.0, '_a4_': 1.0, '_a6_': 1.0, '_a7_': 1.0}};{'d0': 0.02490583291941665};-280.569866449044;46.10073147397503
40162;-94.1842017505470;(((x * (((_a1_ * x) * _a3_) + _a1_)) + cosh((_a3_ + _a5_))) * x);{'d0': {'_a1_': 2.1066240695101617, '_a3_': 1.6029252336020396, '_a5_': -0.42679643180138055, '_a0_': 1.0, '_a2_': 1.0, '_a4_': 1.0, '_a6_': 1.0, '_a7_': 1.0}};{'d0': 0.02490583291941665};-280.569866449044;46.10073147397503
40163;-94.1842017505470;(((x * (((_a1_ * x) * _a3_) + _a1_)) + cosh((_a3_ + _a5_))) * x);{'d0': {'_a1_': 2.1066240695101617, '_a3_': 1.6029252336020396, '_a5_': -0.42679643180138055, '_a0_': 1.0, '_a2_': 1.0, '_a4_': 1.0, '_a6_': 1.0, '_a7_': 1.0}};{'d0': 0.02490583291941665};-280.569866449044;46.10073147397503
40164;-94.1842017505470;(((x * (((_a1_ * x) * _a3_) + _a1_)) + cosh((_a3_ + _a5_))) * x);{'d0': {'_a1_': 2.1066240695101617, '_a3_': 1.6029252336020396, '_a5_': -0.42679643180138055, '_a0_': 1.0, '_a2_': 1.0, '_a4_': 1.0, '_a6_': 1.0, '_a7_': 1.0}};{'d0': 0.02490583291941665};-280.569866449044;46.10073147397503
40165;-94.1842017505470;(((x * (((_a1_ * x) * _a3_) + _a1_)) + cosh((_a3_ + _a5_))) * x);{'d0': {'_a1_': 2.1066240695101617, '_a3_': 1.6029252336020396, '_a5_': -0.42679643180138055, '_a0_': 1.0, '_a2_': 1.0, '_a4_': 1.0, '_a6_': 1.0, '_a7_': 1.0}};{'d0': 0.02490583291941665};-280.569866449044;46.10073147397503
40166;-94.1842017505470;(((x * (((_a1_ * x) * _a3_) + _a1_)) + cosh((_a3_ + _a5_))) * x);{'d0': {'_a1_': 2.1066240695101617, '_a3_': 1.6029252336020396, '_a5_': -0.42679643180138055, '_a0_': 1.0, '_a2_': 1.0, '_a4_': 1.0, '_a6_': 1.0, '_a7_': 1.0}};{'d0': 0.02490583291941665};-280.569866449044;46.10073147397503
40167;-94.1842017505470;(((x * (((_a1_ * x) * _a3_) + _a1_)) + cosh((_a3_ + _a5_))) * x);{'d0': {'_a1_': 2.1066240695101617, '_a3_': 1.6029252336020396, '_a5_': -0.42679643180138055, '_a0_': 1.0, '_a2_': 1.0, '_a4_': 1.0, '_a6_': 1.0, '_a7_': 1.0}};{'d0': 0.02490583291941665};-280.569866449044;46.10073147397503
40168;-94.1842017505470;(((x * (((_a1_ * x) * _a3_) + _a1_)) + cosh((_a3_ + _a5_))) * x);{'d0': {'_a1_': 2.1066240695101617, '_a3_': 1.6029252336020396, '_a5_': -0.42679643180138055, '_a0_': 1.0, '_a2_': 1.0, '_a4_': 1.0, '_a6_': 1.0, '_a7_': 1.0}};{'d0': 0.02490583291941665};-280.569866449044;46.10073147397503
40169;-100.104802799577;(((x * (((_a1_ * x) * _a3_) + _a1_)) + cosh(_a2_)) * x);{'d0': {'_a1_': 2.1066240683983857, '_a2_': 1.1761288013228148, '_a3_': 1.6029252343607663, '_a0_': 1.0, '_a4_': 1.0, '_a5_': 1.0, '_a6_': 1.0, '_a7_': 1.0}};{'d0': 0.024905832919416667};-280.569866449044;40.180130424945034
40170;-100.104802799577;(((x * (((_a1_ * x) * _a3_) + _a1_)) + cosh(_a2_)) * x);{'d0': {'_a1_': 2.1066240683983857, '_a2_': 1.1761288013228148, '_a3_': 1.6029252343607663, '_a0_': 1.0, '_a4_': 1.0, '_a5_': 1.0, '_a6_': 1.0, '_a7_': 1.0}};{'d0': 0.024905832919416667};-280.569866449044;40.180130424945034
40171;-100.104802799577;(((x * (((_a1_ * x) * _a3_) + _a1_)) + cosh(_a2_)) * x);{'d0': {'_a1_': 2.1066240683983857, '_a2_': 1.1761288013228148, '_a3_': 1.6029252343607663, '_a0_': 1.0, '_a4_': 1.0, '_a5_': 1.0, '_a6_': 1.0, '_a7_': 1.0}};{'d0': 0.024905832919416667};-280.569866449044;40.180130424945034
40172;-100.104802799577;(((x * (((_a1_ * x) * _a3_) + _a1_)) + cosh(_a2_)) * x);{'d0': {'_a1_': 2.1066240683983857, '_a2_': 1.1761288013228148, '_a3_': 1.6029252343607663, '_a0_': 1.0, '_a4_': 1.0, '_a5_': 1.0, '_a6_': 1.0, '_a7_': 1.0}};{'d0': 0.024905832919416667};-280.569866449044;40.180130424945034
40173;-100.104802799577;(((x * (((_a1_ * x) * _a3_) + _a1_)) + cosh(_a2_)) * x);{'d0': {'_a1_': 2.1066240683983857, '_a2_': 1.1761288013228148, '_a3_': 1.6029252343607663, '_a0_': 1.0, '_a4_': 1.0, '_a5_': 1.0, '_a6_': 1.0, '_a7_': 1.0}};{'d0': 0.024905832919416667};-280.569866449044;40.180130424945034
40174;-100.104802799577;(((x * (((_a1_ * x) * _a3_) + _a1_)) + cosh(_a2_)) * x);{'d0': {'_a1_': 2.1066240683983857, '_a2_': 1.1761288013228148, '_a3_': 1.6029252343607663, '_a0_': 1.0, '_a4_': 1.0, '_a5_': 1.0, '_a6_': 1.0, '_a7_': 1.0}};{'d0': 0.024905832919416667};-280.569866449044;40.180130424945034
40175;-100.104802799577;(((x * (((_a1_ * x) * _a3_) + _a1_)) + cosh(_a2_)) * x);{'d0': {'_a1_': 2.1066240683983857, '_a2_': 1.1761288013228148, '_a3_': 1.6029252343607663, '_a0_': 1.0, '_a4_': 1.0, '_a5_': 1.0, '_a6_': 1.0, '_a7_': 1.0}};{'d0': 0.024905832919416667};-280.569866449044;40.180130424945034
40176;-100.104802799577;(((x * (((_a1_ * x) * _a3_) + _a1_)) + cosh(_a2_)) * x);{'d0': {'_a1_': 2.1066240683983857, '_a2_': 1.1761288013228148, '_a3_': 1.6029252343607663, '_a0_': 1.0, '_a4_': 1.0, '_a5_': 1.0, '_a6_': 1.0, '_a7_': 1.0}};{'d0': 0.024905832919416667};-280.569866449044;40.180130424945034
40177;-100.104802799577;(((x * (((_a1_ * x) * _a3_) + _a1_)) + cosh(_a2_)) * x);{'d0': {'_a1_': 2.1066240683983857, '_a2_': 1.1761288013228148, '_a3_': 1.6029252343607663, '_a0_': 1.0, '_a4_': 1.0, '_a5_': 1.0, '_a6_': 1.0, '_a7_': 1.0}};{'d0': 0.024905832919416667};-280.569866449044;40.180130424945034
40178;-100.104802799577;(((x * (((_a1_ * x) * _a3_) + _a1_)) + cosh(_a2_)) * x);{'d0': {'_a1_': 2.1066240683983857, '_a2_': 1.1761288013228148, '_a3_': 1.6029252343607663, '_a0_': 1.0, '_a4_': 1.0, '_a5_': 1.0, '_a6_': 1.0, '_a7_': 1.0}};{'d0': 0.024905832919416667};-280.569866449044;40.180130424945034
40179;-100.104802799577;(((x * (((_a1_ * x) * _a3_) + _a1_)) + cosh(_a2_)) * x);{'d0': {'_a1_': 2.1066240683983857, '_a2_': 1.1761288013228148, '_a3_': 1.6029252343607663, '_a0_': 1.0, '_a4_': 1.0, '_a5_': 1.0, '_a6_': 1.0, '_a7_': 1.0}};{'d0': 0.024905832919416667};-280.569866449044;40.180130424945034
40180;-99.1335416760040;(((x * (((_a1_ * x) + _a3_) + _a1_)) + cosh(_a2_)) * x);{'d0': {'_a1_': 3.3767608798543347, '_a2_': 1.1761288011678752, '_a3_': -1.2701368106481907, '_a0_': 1.0, '_a4_': 1.0, '_a5_': 1.0, '_a6_': 1.0, '_a7_': 1.0}};{'d0': 0.024905832919416657};-280.569866449044;41.151391548518035
40181;-99.1335416760040;(((x * (((_a1_ * x) + _a3_) + _a1_)) + cosh(_a2_)) * x);{'d0': {'_a1_': 3.3767608798543347, '_a2_': 1.1761288011678752, '_a3_': -1.2701368106481907, '_a0_': 1.0, '_a4_': 1.0, '_a5_': 1.0, '_a6_': 1.0, '_a7_': 1.0}};{'d0': 0.024905832919416657};-280.569866449044;41.151391548518035
40182;-99.1335416760040;(((x * (((_a1_ * x) + _a3_) + _a1_)) + cosh(_a2_)) * x);{'d0': {'_a1_': 3.3767608798543347, '_a2_': 1.1761288011678752, '_a3_': -1.2701368106481907, '_a0_': 1.0, '_a4_': 1.0, '_a5_': 1.0, '_a6_': 1.0, '_a7_': 1.0}};{'d0': 0.024905832919416657};-280.569866449044;41.151391548518035
40183;-99.1335416760040;(((x * (((_a1_ * x) + _a3_) + _a1_)) + cosh(_a2_)) * x);{'d0': {'_a1_': 3.3767608798543347, '_a2_': 1.1761288011678752, '_a3_': -1.2701368106481907, '_a0_': 1.0, '_a4_': 1.0, '_a5_': 1.0, '_a6_': 1.0, '_a7_': 1.0}};{'d0': 0.024905832919416657};-280.569866449044;41.151391548518035
40184;-99.1335416760040;(((x * (((_a1_ * x) + _a3_) + _a1_)) + cosh(_a2_)) * x);{'d0': {'_a1_': 3.3767608798543347, '_a2_': 1.1761288011678752, '_a3_': -1.2701368106481907, '_a0_': 1.0, '_a4_': 1.0, '_a5_': 1.0, '_a6_': 1.0, '_a7_': 1.0}};{'d0': 0.024905832919416657};-280.569866449044;41.151391548518035
40185;-99.1335416760040;(((x * (((_a1_ * x) + _a3_) + _a1_)) + cosh(_a2_)) * x);{'d0': {'_a1_': 3.3767608798543347, '_a2_': 1.1761288011678752, '_a3_': -1.2701368106481907, '_a0_': 1.0, '_a4_': 1.0, '_a5_': 1.0, '_a6_': 1.0, '_a7_': 1.0}};{'d0': 0.024905832919416657};-280.569866449044;41.151391548518035
40186;-99.1335416760040;(((x * (((_a1_ * x) + _a3_) + _a1_)) + cosh(_a2_)) * x);{'d0': {'_a1_': 3.3767608798543347, '_a2_': 1.1761288011678752, '_a3_': -1.2701368106481907, '_a0_': 1.0, '_a4_': 1.0, '_a5_': 1.0, '_a6_': 1.0, '_a7_': 1.0}};{'d0': 0.024905832919416657};-280.569866449044;41.151391548518035
40187;-99.1335416760040;(((x * (((_a1_ * x) + _a3_) + _a1_)) + cosh(_a2_)) * x);{'d0': {'_a1_': 3.3767608798543347, '_a2_': 1.1761288011678752, '_a3_': -1.2701368106481907, '_a0_': 1.0, '_a4_': 1.0, '_a5_': 1.0, '_a6_': 1.0, '_a7_': 1.0}};{'d0': 0.024905832919416657};-280.569866449044;41.151391548518035
40188;-99.1335416760040;(((x * (((_a1_ * x) + _a3_) + _a1_)) + cosh(_a2_)) * x);{'d0': {'_a1_': 3.3767608798543347, '_a2_': 1.1761288011678752, '_a3_': -1.2701368106481907, '_a0_': 1.0, '_a4_': 1.0, '_a5_': 1.0, '_a6_': 1.0, '_a7_': 1.0}};{'d0': 0.024905832919416657};-280.569866449044;41.151391548518035
40189;-99.1335416760040;(((x * (((_a1_ * x) + _a3_) + _a1_)) + cosh(_a2_)) * x);{'d0': {'_a1_': 3.3767608798543347, '_a2_': 1.1761288011678752, '_a3_': -1.2701368106481907, '_a0_': 1.0, '_a4_': 1.0, '_a5_': 1.0, '_a6_': 1.0, '_a7_': 1.0}};{'d0': 0.024905832919416657};-280.569866449044;41.151391548518035
40190;-99.1335416760040;(((x * (((_a1_ * x) + _a3_) + _a1_)) + cosh(_a2_)) * x);{'d0': {'_a1_': 3.3767608798543347, '_a2_': 1.1761288011678752, '_a3_': -1.2701368106481907, '_a0_': 1.0, '_a4_': 1.0, '_a5_': 1.0, '_a6_': 1.0, '_a7_': 1.0}};{'d0': 0.024905832919416657};-280.569866449044;41.151391548518035
40191;-99.1335416760040;(((x * (((_a1_ * x) + _a3_) + _a1_)) + cosh(_a2_)) * x);{'d0': {'_a1_': 3.3767608798543347, '_a2_': 1.1761288011678752, '_a3_': -1.2701368106481907, '_a0_': 1.0, '_a4_': 1.0, '_a5_': 1.0, '_a6_': 1.0, '_a7_': 1.0}};{'d0': 0.024905832919416657};-280.569866449044;41.151391548518035
40192;-99.1335416760040;(((x * (((_a1_ * x) + _a3_) + _a1_)) + cosh(_a2_)) * x);{'d0': {'_a1_': 3.3767608798543347, '_a2_': 1.1761288011678752, '_a3_': -1.2701368106481907, '_a0_': 1.0, '_a4_': 1.0, '_a5_': 1.0, '_a6_': 1.0, '_a7_': 1.0}};{'d0': 0.024905832919416657};-280.569866449044;41.151391548518035
40193;-99.1335416760040;(((x * (((_a1_ * x) + _a3_) + _a1_)) + cosh(_a2_)) * x);{'d0': {'_a1_': 3.3767608798543347, '_a2_': 1.1761288011678752, '_a3_': -1.2701368106481907, '_a0_': 1.0, '_a4_': 1.0, '_a5_': 1.0, '_a6_': 1.0, '_a7_': 1.0}};{'d0': 0.024905832919416657};-280.569866449044;41.151391548518035
40194;-99.1335416760040;(((x * (((_a1_ * x) + _a3_) + _a1_)) + cosh(_a2_)) * x);{'d0': {'_a1_': 3.3767608798543347, '_a2_': 1.1761288011678752, '_a3_': -1.2701368106481907, '_a0_': 1.0, '_a4_': 1.0, '_a5_': 1.0, '_a6_': 1.0, '_a7_': 1.0}};{'d0': 0.024905832919416657};-280.569866449044;41.151391548518035
40195;-110.331920595413;((x + ((pow2(x) + _a2_) * _a5_)) * (x * _a0_));{'d0': {'_a0_': 2.1066240680245034, '_a2_': 0.525691770739802, '_a5_': 1.6029252340426858, '_a1_': 1.0, '_a3_': 1.0, '_a4_': 1.0, '_a6_': 1.0, '_a7_': 1.0}};{'d0': 0.024905832919416594};-280.569866449044;29.9530126291091
40196;-99.1335416760040;(((x * (((_a1_ * x) + _a3_) + _a1_)) + cosh(_a2_)) * x);{'d0': {'_a1_': 3.3767608798543347, '_a2_': 1.1761288011678752, '_a3_': -1.2701368106481907, '_a0_': 1.0, '_a4_': 1.0, '_a5_': 1.0, '_a6_': 1.0, '_a7_': 1.0}};{'d0': 0.024905832919416657};-280.569866449044;41.151391548518035
40197;-99.1335416760040;(((x * (((_a1_ * x) + _a3_) + _a1_)) + cosh(_a2_)) * x);{'d0': {'_a1_': 3.3767608798543347, '_a2_': 1.1761288011678752, '_a3_': -1.2701368106481907, '_a0_': 1.0, '_a4_': 1.0, '_a5_': 1.0, '_a6_': 1.0, '_a7_': 1.0}};{'d0': 0.024905832919416657};-280.569866449044;41.151391548518035
40198;-99.1335416760040;(((x * (((_a1_ * x) + _a3_) + _a1_)) + cosh(_a2_)) * x);{'d0': {'_a1_': 3.3767608798543347, '_a2_': 1.1761288011678752, '_a3_': -1.2701368106481907, '_a0_': 1.0, '_a4_': 1.0, '_a5_': 1.0, '_a6_': 1.0, '_a7_': 1.0}};{'d0': 0.024905832919416657};-280.569866449044;41.151391548518035
40199;-99.1335416760040;(((x * (((_a1_ * x) + _a3_) + _a1_)) + cosh(_a2_)) * x);{'d0': {'_a1_': 3.3767608798543347, '_a2_': 1.1761288011678752, '_a3_': -1.2701368106481907, '_a0_': 1.0, '_a4_': 1.0, '_a5_': 1.0, '_a6_': 1.0, '_a7_': 1.0}};{'d0': 0.024905832919416657};-280.569866449044;41.151391548518035
40200;-99.1335416760040;(((x * (((_a1_ * x) + _a3_) + _a1_)) + cosh(_a2_)) * x);{'d0': {'_a1_': 3.3767608798543347, '_a2_': 1.1761288011678752, '_a3_': -1.2701368106481907, '_a0_': 1.0, '_a4_': 1.0, '_a5_': 1.0, '_a6_': 1.0, '_a7_': 1.0}};{'d0': 0.024905832919416657};-280.569866449044;41.151391548518035
40201;-99.1335416760040;(((x * (((_a1_ * x) + _a3_) + _a1_)) + cosh(_a2_)) * x);{'d0': {'_a1_': 3.3767608798543347, '_a2_': 1.1761288011678752, '_a3_': -1.2701368106481907, '_a0_': 1.0, '_a4_': 1.0, '_a5_': 1.0, '_a6_': 1.0, '_a7_': 1.0}};{'d0': 0.024905832919416657};-280.569866449044;41.151391548518035
40202;-99.1335416760040;(((x * (((_a1_ * x) + _a3_) + _a1_)) + cosh(_a2_)) * x);{'d0': {'_a1_': 3.3767608798543347, '_a2_': 1.1761288011678752, '_a3_': -1.2701368106481907, '_a0_': 1.0, '_a4_': 1.0, '_a5_': 1.0, '_a6_': 1.0, '_a7_': 1.0}};{'d0': 0.024905832919416657};-280.569866449044;41.151391548518035
40203;-99.1335416760040;(((x * (((_a1_ * x) + _a3_) + _a1_)) + cosh(_a2_)) * x);{'d0': {'_a1_': 3.3767608798543347, '_a2_': 1.1761288011678752, '_a3_': -1.2701368106481907, '_a0_': 1.0, '_a4_': 1.0, '_a5_': 1.0, '_a6_': 1.0, '_a7_': 1.0}};{'d0': 0.024905832919416657};-280.569866449044;41.151391548518035
40204;-99.1335416760040;(((x * (((_a1_ * x) + _a3_) + _a1_)) + cosh(_a2_)) * x);{'d0': {'_a1_': 3.3767608798543347, '_a2_': 1.1761288011678752, '_a3_': -1.2701368106481907, '_a0_': 1.0, '_a4_': 1.0, '_a5_': 1.0, '_a6_': 1.0, '_a7_': 1.0}};{'d0': 0.024905832919416657};-280.569866449044;41.151391548518035
40205;-99.1335416760040;(((x * (((_a1_ * x) + _a3_) + _a1_)) + cosh(_a2_)) * x);{'d0': {'_a1_': 3.3767608798543347, '_a2_': 1.1761288011678752, '_a3_': -1.2701368106481907, '_a0_': 1.0, '_a4_': 1.0, '_a5_': 1.0, '_a6_': 1.0, '_a7_': 1.0}};{'d0': 0.024905832919416657};-280.569866449044;41.151391548518035
40206;-99.1335416760040;(((x * (((_a1_ * x) + _a3_) + _a1_)) + cosh(_a2_)) * x);{'d0': {'_a1_': 3.3767608798543347, '_a2_': 1.1761288011678752, '_a3_': -1.2701368106481907, '_a0_': 1.0, '_a4_': 1.0, '_a5_': 1.0, '_a6_': 1.0, '_a7_': 1.0}};{'d0': 0.024905832919416657};-280.569866449044;41.151391548518035
40207;-99.1335416760040;(((x * (((_a1_ * x) + _a3_) + _a1_)) + cosh(_a2_)) * x);{'d0': {'_a1_': 3.3767608798543347, '_a2_': 1.1761288011678752, '_a3_': -1.2701368106481907, '_a0_': 1.0, '_a4_': 1.0, '_a5_': 1.0, '_a6_': 1.0, '_a7_': 1.0}};{'d0': 0.024905832919416657};-280.569866449044;41.151391548518035
40208;-99.1335416760040;(((x * (((_a1_ * x) + _a3_) + _a1_)) + cosh(_a2_)) * x);{'d0': {'_a1_': 3.3767608798543347, '_a2_': 1.1761288011678752, '_a3_': -1.2701368106481907, '_a0_': 1.0, '_a4_': 1.0, '_a5_': 1.0, '_a6_': 1.0, '_a7_': 1.0}};{'d0': 0.024905832919416657};-280.569866449044;41.151391548518035
40209;-99.1335416760040;(((x * (((_a1_ * x) + _a3_) + _a1_)) + cosh(_a2_)) * x);{'d0': {'_a1_': 3.3767608798543347, '_a2_': 1.1761288011678752, '_a3_': -1.2701368106481907, '_a0_': 1.0, '_a4_': 1.0, '_a5_': 1.0, '_a6_': 1.0, '_a7_': 1.0}};{'d0': 0.024905832919416657};-280.569866449044;41.151391548518035
40210;-99.1335416760040;(((x * (((_a1_ * x) + _a3_) + _a1_)) + cosh(_a2_)) * x);{'d0': {'_a1_': 3.3767608798543347, '_a2_': 1.1761288011678752, '_a3_': -1.2701368106481907, '_a0_': 1.0, '_a4_': 1.0, '_a5_': 1.0, '_a6_': 1.0, '_a7_': 1.0}};{'d0': 0.024905832919416657};-280.569866449044;41.151391548518035
40211;-99.1335416760040;(((x * (((_a1_ * x) + _a3_) + _a1_)) + cosh(_a2_)) * x);{'d0': {'_a1_': 3.3767608798543347, '_a2_': 1.1761288011678752, '_a3_': -1.2701368106481907, '_a0_': 1.0, '_a4_': 1.0, '_a5_': 1.0, '_a6_': 1.0, '_a7_': 1.0}};{'d0': 0.024905832919416657};-280.569866449044;41.151391548518035
40212;-99.1335416760040;(((x * (((_a1_ * x) + _a3_) + _a1_)) + cosh(_a2_)) * x);{'d0': {'_a1_': 3.3767608798543347, '_a2_': 1.1761288011678752, '_a3_': -1.2701368106481907, '_a0_': 1.0, '_a4_': 1.0, '_a5_': 1.0, '_a6_': 1.0, '_a7_': 1.0}};{'d0': 0.024905832919416657};-280.569866449044;41.151391548518035
40213;-99.1335416760040;(((x * (((_a1_ * x) + _a3_) + _a1_)) + cosh(_a2_)) * x);{'d0': {'_a1_': 3.3767608798543347, '_a2_': 1.1761288011678752, '_a3_': -1.2701368106481907, '_a0_': 1.0, '_a4_': 1.0, '_a5_': 1.0, '_a6_': 1.0, '_a7_': 1.0}};{'d0': 0.024905832919416657};-280.569866449044;41.151391548518035
40214;-99.1335416760040;(((x * (((_a1_ * x) + _a3_) + _a1_)) + cosh(_a2_)) * x);{'d0': {'_a1_': 3.3767608798543347, '_a2_': 1.1761288011678752, '_a3_': -1.2701368106481907, '_a0_': 1.0, '_a4_': 1.0, '_a5_': 1.0, '_a6_': 1.0, '_a7_': 1.0}};{'d0': 0.024905832919416657};-280.569866449044;41.151391548518035
40215;-99.1335416760040;(((x * (((_a1_ * x) + _a3_) + _a1_)) + cosh(_a2_)) * x);{'d0': {'_a1_': 3.3767608798543347, '_a2_': 1.1761288011678752, '_a3_': -1.2701368106481907, '_a0_': 1.0, '_a4_': 1.0, '_a5_': 1.0, '_a6_': 1.0, '_a7_': 1.0}};{'d0': 0.024905832919416657};-280.569866449044;41.151391548518035
40216;-104.429306858733;(((x * (((_a1_ * x) + _a3_) + _a1_)) + -(_a2_)) * x);{'d0': {'_a1_': 3.376760878275074, '_a2_': -1.7751354041332168, '_a3_': -1.2701368104969648, '_a0_': 1.0, '_a4_': 1.0, '_a5_': 1.0, '_a6_': 1.0, '_a7_': 1.0}};{'d0': 0.024905832919416664};-280.569866449044;35.855626365789426
40217;-104.429306858733;(((x * (((_a1_ * x) + _a3_) + _a1_)) + -(_a2_)) * x);{'d0': {'_a1_': 3.376760878275074, '_a2_': -1.7751354041332168, '_a3_': -1.2701368104969648, '_a0_': 1.0, '_a4_': 1.0, '_a5_': 1.0, '_a6_': 1.0, '_a7_': 1.0}};{'d0': 0.024905832919416664};-280.569866449044;35.855626365789426
40218;-104.429306858733;(((x * (((_a1_ * x) + _a3_) + _a1_)) + -(_a2_)) * x);{'d0': {'_a1_': 3.376760878275074, '_a2_': -1.7751354041332168, '_a3_': -1.2701368104969648, '_a0_': 1.0, '_a4_': 1.0, '_a5_': 1.0, '_a6_': 1.0, '_a7_': 1.0}};{'d0': 0.024905832919416664};-280.569866449044;35.855626365789426
40219;-104.429306858733;(((x * (((_a1_ * x) + _a3_) + _a1_)) + -(_a2_)) * x);{'d0': {'_a1_': 3.376760878275074, '_a2_': -1.7751354041332168, '_a3_': -1.2701368104969648, '_a0_': 1.0, '_a4_': 1.0, '_a5_': 1.0, '_a6_': 1.0, '_a7_': 1.0}};{'d0': 0.024905832919416664};-280.569866449044;35.855626365789426
40220;-104.429306858733;(((x * (((_a1_ * x) + _a3_) + _a1_)) + -(_a2_)) * x);{'d0': {'_a1_': 3.376760878275074, '_a2_': -1.7751354041332168, '_a3_': -1.2701368104969648, '_a0_': 1.0, '_a4_': 1.0, '_a5_': 1.0, '_a6_': 1.0, '_a7_': 1.0}};{'d0': 0.024905832919416664};-280.569866449044;35.855626365789426
40221;-104.429306858733;(((x * (((_a1_ * x) + _a3_) + _a1_)) + -(_a2_)) * x);{'d0': {'_a1_': 3.376760878275074, '_a2_': -1.7751354041332168, '_a3_': -1.2701368104969648, '_a0_': 1.0, '_a4_': 1.0, '_a5_': 1.0, '_a6_': 1.0, '_a7_': 1.0}};{'d0': 0.024905832919416664};-280.569866449044;35.855626365789426
40222;-104.429306858733;(((x * (((_a1_ * x) + _a3_) + _a1_)) + -(_a2_)) * x);{'d0': {'_a1_': 3.376760878275074, '_a2_': -1.7751354041332168, '_a3_': -1.2701368104969648, '_a0_': 1.0, '_a4_': 1.0, '_a5_': 1.0, '_a6_': 1.0, '_a7_': 1.0}};{'d0': 0.024905832919416664};-280.569866449044;35.855626365789426
40223;-97.0509201478611;(((pow2(_a0_) + ((_a6_ * (_a1_ + -(x))) * x)) + -(_a1_)) * x);{'d0': {'_a0_': 1.0729752974715372, '_a1_': -0.6238594156195656, '_a6_': -3.3767608783118703, '_a2_': 1.0, '_a3_': 1.0, '_a4_': 1.0, '_a5_': 1.0, '_a7_': 1.0}};{'d0': 0.02490583291941662};-280.569866449044;43.234013076660666
40224;-97.0509201478611;(((pow2(_a0_) + ((_a6_ * (_a1_ + -(x))) * x)) + -(_a1_)) * x);{'d0': {'_a0_': 1.0729752974715372, '_a1_': -0.6238594156195656, '_a6_': -3.3767608783118703, '_a2_': 1.0, '_a3_': 1.0, '_a4_': 1.0, '_a5_': 1.0, '_a7_': 1.0}};{'d0': 0.02490583291941662};-280.569866449044;43.234013076660666
40225;-97.0509201478611;(((pow2(_a0_) + ((_a6_ * (_a1_ + -(x))) * x)) + -(_a1_)) * x);{'d0': {'_a0_': 1.0729752974715372, '_a1_': -0.6238594156195656, '_a6_': -3.3767608783118703, '_a2_': 1.0, '_a3_': 1.0, '_a4_': 1.0, '_a5_': 1.0, '_a7_': 1.0}};{'d0': 0.02490583291941662};-280.569866449044;43.234013076660666
40226;-100.748854620471;(((_a2_ + ((_a6_ * (_a1_ + -(x))) * x)) + -(_a1_)) * x);{'d0': {'_a1_': -0.6238594153406228, '_a2_': 1.1512759886057762, '_a6_': -3.376760877385922, '_a0_': 1.0, '_a3_': 1.0, '_a4_': 1.0, '_a5_': 1.0, '_a7_': 1.0}};{'d0': 0.024905832919416598};-280.569866449044;39.536078604050665
40227;-100.748854620471;(((_a2_ + ((_a6_ * (_a1_ + -(x))) * x)) + -(_a1_)) * x);{'d0': {'_a1_': -0.6238594153406228, '_a2_': 1.1512759886057762, '_a6_': -3.376760877385922, '_a0_': 1.0, '_a3_': 1.0, '_a4_': 1.0, '_a5_': 1.0, '_a7_': 1.0}};{'d0': 0.024905832919416598};-280.569866449044;39.536078604050665
40228;-100.748854620471;(((_a2_ + ((_a6_ * (_a1_ + -(x))) * x)) + -(_a1_)) * x);{'d0': {'_a1_': -0.6238594153406228, '_a2_': 1.1512759886057762, '_a6_': -3.376760877385922, '_a0_': 1.0, '_a3_': 1.0, '_a4_': 1.0, '_a5_': 1.0, '_a7_': 1.0}};{'d0': 0.024905832919416598};-280.569866449044;39.536078604050665
40229;-100.748854620471;(((_a2_ + ((_a6_ * (_a1_ + -(x))) * x)) + -(_a1_)) * x);{'d0': {'_a1_': -0.6238594153406228, '_a2_': 1.1512759886057762, '_a6_': -3.376760877385922, '_a0_': 1.0, '_a3_': 1.0, '_a4_': 1.0, '_a5_': 1.0, '_a7_': 1.0}};{'d0': 0.024905832919416598};-280.569866449044;39.536078604050665
40230;-100.748854620471;(((_a2_ + ((_a6_ * (_a1_ + -(x))) * x)) + -(_a1_)) * x);{'d0': {'_a1_': -0.6238594153406228, '_a2_': 1.1512759886057762, '_a6_': -3.376760877385922, '_a0_': 1.0, '_a3_': 1.0, '_a4_': 1.0, '_a5_': 1.0, '_a7_': 1.0}};{'d0': 0.024905832919416598};-280.569866449044;39.536078604050665
40231;-100.748854620471;(((_a2_ + ((_a6_ * (_a1_ + -(x))) * x)) + -(_a1_)) * x);{'d0': {'_a1_': -0.6238594153406228, '_a2_': 1.1512759886057762, '_a6_': -3.376760877385922, '_a0_': 1.0, '_a3_': 1.0, '_a4_': 1.0, '_a5_': 1.0, '_a7_': 1.0}};{'d0': 0.024905832919416598};-280.569866449044;39.536078604050665
40232;-100.748854620471;(((_a2_ + ((_a6_ * (_a1_ + -(x))) * x)) + -(_a1_)) * x);{'d0': {'_a1_': -0.6238594153406228, '_a2_': 1.1512759886057762, '_a6_': -3.376760877385922, '_a0_': 1.0, '_a3_': 1.0, '_a4_': 1.0, '_a5_': 1.0, '_a7_': 1.0}};{'d0': 0.024905832919416598};-280.569866449044;39.536078604050665
40233;-100.748854620471;(((_a2_ + ((_a6_ * (_a1_ + -(x))) * x)) + -(_a1_)) * x);{'d0': {'_a1_': -0.6238594153406228, '_a2_': 1.1512759886057762, '_a6_': -3.376760877385922, '_a0_': 1.0, '_a3_': 1.0, '_a4_': 1.0, '_a5_': 1.0, '_a7_': 1.0}};{'d0': 0.024905832919416598};-280.569866449044;39.536078604050665
40234;-100.748854620471;(((_a2_ + ((_a6_ * (_a1_ + -(x))) * x)) + -(_a1_)) * x);{'d0': {'_a1_': -0.6238594153406228, '_a2_': 1.1512759886057762, '_a6_': -3.376760877385922, '_a0_': 1.0, '_a3_': 1.0, '_a4_': 1.0, '_a5_': 1.0, '_a7_': 1.0}};{'d0': 0.024905832919416598};-280.569866449044;39.536078604050665
40235;-100.748854620471;(((_a2_ + ((_a6_ * (_a1_ + -(x))) * x)) + -(_a1_)) * x);{'d0': {'_a1_': -0.6238594153406228, '_a2_': 1.1512759886057762, '_a6_': -3.376760877385922, '_a0_': 1.0, '_a3_': 1.0, '_a4_': 1.0, '_a5_': 1.0, '_a7_': 1.0}};{'d0': 0.024905832919416598};-280.569866449044;39.536078604050665
40236;-100.748854620471;(((_a2_ + ((_a6_ * (_a1_ + -(x))) * x)) + -(_a1_)) * x);{'d0': {'_a1_': -0.6238594153406228, '_a2_': 1.1512759886057762, '_a6_': -3.376760877385922, '_a0_': 1.0, '_a3_': 1.0, '_a4_': 1.0, '_a5_': 1.0, '_a7_': 1.0}};{'d0': 0.024905832919416598};-280.569866449044;39.536078604050665
40237;-100.748854620471;(((_a2_ + ((_a6_ * (_a1_ + -(x))) * x)) + -(_a1_)) * x);{'d0': {'_a1_': -0.6238594153406228, '_a2_': 1.1512759886057762, '_a6_': -3.376760877385922, '_a0_': 1.0, '_a3_': 1.0, '_a4_': 1.0, '_a5_': 1.0, '_a7_': 1.0}};{'d0': 0.024905832919416598};-280.569866449044;39.536078604050665
40238;-100.748854620471;(((_a2_ + ((_a6_ * (_a1_ + -(x))) * x)) + -(_a1_)) * x);{'d0': {'_a1_': -0.6238594153406228, '_a2_': 1.1512759886057762, '_a6_': -3.376760877385922, '_a0_': 1.0, '_a3_': 1.0, '_a4_': 1.0, '_a5_': 1.0, '_a7_': 1.0}};{'d0': 0.024905832919416598};-280.569866449044;39.536078604050665
40239;-100.748854620471;(((_a2_ + ((_a6_ * (_a1_ + -(x))) * x)) + -(_a1_)) * x);{'d0': {'_a1_': -0.6238594153406228, '_a2_': 1.1512759886057762, '_a6_': -3.376760877385922, '_a0_': 1.0, '_a3_': 1.0, '_a4_': 1.0, '_a5_': 1.0, '_a7_': 1.0}};{'d0': 0.024905832919416598};-280.569866449044;39.536078604050665
40240;-100.748854620471;(((_a2_ + ((_a6_ * (_a1_ + -(x))) * x)) + -(_a1_)) * x);{'d0': {'_a1_': -0.6238594153406228, '_a2_': 1.1512759886057762, '_a6_': -3.376760877385922, '_a0_': 1.0, '_a3_': 1.0, '_a4_': 1.0, '_a5_': 1.0, '_a7_': 1.0}};{'d0': 0.024905832919416598};-280.569866449044;39.536078604050665
40241;-98.7016823084863;(((_a2_ + ((_a6_ * (_a5_ + -(x))) * x)) + -(_a1_)) * x);{'d0': {'_a1_': -200.0515653503788, '_a2_': -198.27643123679397, '_a5_': -0.6238594160497012, '_a6_': -3.3767608836473517, '_a0_': 1.0, '_a3_': 1.0, '_a4_': 1.0, '_a7_': 1.0}};{'d0': 0.024905832945047834};-276.475521825074;39.536078604050665
40242;-98.7016823084863;(((_a2_ + ((_a6_ * (_a5_ + -(x))) * x)) + -(_a1_)) * x);{'d0': {'_a1_': -200.0515653503788, '_a2_': -198.27643123679397, '_a5_': -0.6238594160497012, '_a6_': -3.3767608836473517, '_a0_': 1.0, '_a3_': 1.0, '_a4_': 1.0, '_a7_': 1.0}};{'d0': 0.024905832945047834};-276.475521825074;39.536078604050665
40243;-98.7016823084863;(((_a2_ + ((_a6_ * (_a5_ + -(x))) * x)) + -(_a1_)) * x);{'d0': {'_a1_': -200.0515653503788, '_a2_': -198.27643123679397, '_a5_': -0.6238594160497012, '_a6_': -3.3767608836473517, '_a0_': 1.0, '_a3_': 1.0, '_a4_': 1.0, '_a7_': 1.0}};{'d0': 0.024905832945047834};-276.475521825074;39.536078604050665
40244;-98.7016823084863;(((_a2_ + ((_a6_ * (_a5_ + -(x))) * x)) + -(_a1_)) * x);{'d0': {'_a1_': -200.0515653503788, '_a2_': -198.27643123679397, '_a5_': -0.6238594160497012, '_a6_': -3.3767608836473517, '_a0_': 1.0, '_a3_': 1.0, '_a4_': 1.0, '_a7_': 1.0}};{'d0': 0.024905832945047834};-276.475521825074;39.536078604050665
40245;-98.7016823084863;(((_a2_ + ((_a6_ * (_a5_ + -(x))) * x)) + -(_a1_)) * x);{'d0': {'_a1_': -200.0515653503788, '_a2_': -198.27643123679397, '_a5_': -0.6238594160497012, '_a6_': -3.3767608836473517, '_a0_': 1.0, '_a3_': 1.0, '_a4_': 1.0, '_a7_': 1.0}};{'d0': 0.024905832945047834};-276.475521825074;39.536078604050665
40246;-98.7016823084863;(((_a2_ + ((_a6_ * (_a5_ + -(x))) * x)) + -(_a1_)) * x);{'d0': {'_a1_': -200.0515653503788, '_a2_': -198.27643123679397, '_a5_': -0.6238594160497012, '_a6_': -3.3767608836473517, '_a0_': 1.0, '_a3_': 1.0, '_a4_': 1.0, '_a7_': 1.0}};{'d0': 0.024905832945047834};-276.475521825074;39.536078604050665
40247;-98.7016823084863;(((_a2_ + ((_a6_ * (_a5_ + -(x))) * x)) + -(_a1_)) * x);{'d0': {'_a1_': -200.0515653503788, '_a2_': -198.27643123679397, '_a5_': -0.6238594160497012, '_a6_': -3.3767608836473517, '_a0_': 1.0, '_a3_': 1.0, '_a4_': 1.0, '_a7_': 1.0}};{'d0': 0.024905832945047834};-276.475521825074;39.536078604050665
40248;-98.7016823084863;(((_a2_ + ((_a6_ * (_a5_ + -(x))) * x)) + -(_a1_)) * x);{'d0': {'_a1_': -200.0515653503788, '_a2_': -198.27643123679397, '_a5_': -0.6238594160497012, '_a6_': -3.3767608836473517, '_a0_': 1.0, '_a3_': 1.0, '_a4_': 1.0, '_a7_': 1.0}};{'d0': 0.024905832945047834};-276.475521825074;39.536078604050665
40249;-98.7016823084863;(((_a2_ + ((_a6_ * (_a5_ + -(x))) * x)) + -(_a1_)) * x);{'d0': {'_a1_': -200.0515653503788, '_a2_': -198.27643123679397, '_a5_': -0.6238594160497012, '_a6_': -3.3767608836473517, '_a0_': 1.0, '_a3_': 1.0, '_a4_': 1.0, '_a7_': 1.0}};{'d0': 0.024905832945047834};-276.475521825074;39.536078604050665
40250;-99.6729434625974;(((_a2_ * ((_a6_ * (_a5_ + -(x))) * x)) + -(_a1_)) * x);{'d0': {'_a1_': -1.7751354041038925, '_a2_': -35.62603571107337, '_a5_': -0.6238594155310381, '_a6_': 0.09478349828885763, '_a0_': 1.0, '_a3_': 1.0, '_a4_': 1.0, '_a7_': 1.0}};{'d0': 0.02490583291969525};-276.475521886150;38.564817480477664
40251;-99.6729434625974;(((_a2_ * ((_a6_ * (_a5_ + -(x))) * x)) + -(_a1_)) * x);{'d0': {'_a1_': -1.7751354041038925, '_a2_': -35.62603571107337, '_a5_': -0.6238594155310381, '_a6_': 0.09478349828885763, '_a0_': 1.0, '_a3_': 1.0, '_a4_': 1.0, '_a7_': 1.0}};{'d0': 0.02490583291969525};-276.475521886150;38.564817480477664
40252;-99.6729434625974;(((_a2_ * ((_a6_ * (_a5_ + -(x))) * x)) + -(_a1_)) * x);{'d0': {'_a1_': -1.7751354041038925, '_a2_': -35.62603571107337, '_a5_': -0.6238594155310381, '_a6_': 0.09478349828885763, '_a0_': 1.0, '_a3_': 1.0, '_a4_': 1.0, '_a7_': 1.0}};{'d0': 0.02490583291969525};-276.475521886150;38.564817480477664
40253;-104.429306858733;(((x * (((_a1_ * x) + _a3_) + _a1_)) + -(_a2_)) * x);{'d0': {'_a1_': 3.376760878275074, '_a2_': -1.7751354041332168, '_a3_': -1.2701368104969648, '_a0_': 1.0, '_a4_': 1.0, '_a5_': 1.0, '_a6_': 1.0, '_a7_': 1.0}};{'d0': 0.024905832919416664};-280.569866449044;35.855626365789426
40254;-104.429306858733;(((x * (((_a1_ * x) + _a3_) + _a1_)) + -(_a2_)) * x);{'d0': {'_a1_': 3.376760878275074, '_a2_': -1.7751354041332168, '_a3_': -1.2701368104969648, '_a0_': 1.0, '_a4_': 1.0, '_a5_': 1.0, '_a6_': 1.0, '_a7_': 1.0}};{'d0': 0.024905832919416664};-280.569866449044;35.855626365789426
40255;-104.429306858733;(((x * (((_a1_ * x) + _a3_) + _a1_)) + -(_a2_)) * x);{'d0': {'_a1_': 3.376760878275074, '_a2_': -1.7751354041332168, '_a3_': -1.2701368104969648, '_a0_': 1.0, '_a4_': 1.0, '_a5_': 1.0, '_a6_': 1.0, '_a7_': 1.0}};{'d0': 0.024905832919416664};-280.569866449044;35.855626365789426
40256;-104.429306858733;(((x * (((_a1_ * x) + _a3_) + _a1_)) + -(_a2_)) * x);{'d0': {'_a1_': 3.376760878275074, '_a2_': -1.7751354041332168, '_a3_': -1.2701368104969648, '_a0_': 1.0, '_a4_': 1.0, '_a5_': 1.0, '_a6_': 1.0, '_a7_': 1.0}};{'d0': 0.024905832919416664};-280.569866449044;35.855626365789426
40257;-104.429306858733;(((x * (((_a1_ * x) + _a3_) + _a1_)) + -(_a2_)) * x);{'d0': {'_a1_': 3.376760878275074, '_a2_': -1.7751354041332168, '_a3_': -1.2701368104969648, '_a0_': 1.0, '_a4_': 1.0, '_a5_': 1.0, '_a6_': 1.0, '_a7_': 1.0}};{'d0': 0.024905832919416664};-280.569866449044;35.855626365789426
40258;-104.429306858733;(((x * (((_a1_ * x) + _a3_) + _a1_)) + -(_a2_)) * x);{'d0': {'_a1_': 3.376760878275074, '_a2_': -1.7751354041332168, '_a3_': -1.2701368104969648, '_a0_': 1.0, '_a4_': 1.0, '_a5_': 1.0, '_a6_': 1.0, '_a7_': 1.0}};{'d0': 0.024905832919416664};-280.569866449044;35.855626365789426
40259;-104.429306858733;(((x * (((_a1_ * x) + _a3_) + _a1_)) + -(_a2_)) * x);{'d0': {'_a1_': 3.376760878275074, '_a2_': -1.7751354041332168, '_a3_': -1.2701368104969648, '_a0_': 1.0, '_a4_': 1.0, '_a5_': 1.0, '_a6_': 1.0, '_a7_': 1.0}};{'d0': 0.024905832919416664};-280.569866449044;35.855626365789426
40260;-104.429306858733;(((x * (((_a1_ * x) + _a3_) + _a1_)) + -(_a2_)) * x);{'d0': {'_a1_': 3.376760878275074, '_a2_': -1.7751354041332168, '_a3_': -1.2701368104969648, '_a0_': 1.0, '_a4_': 1.0, '_a5_': 1.0, '_a6_': 1.0, '_a7_': 1.0}};{'d0': 0.024905832919416664};-280.569866449044;35.855626365789426
40261;-104.429306858733;(((x * (((_a1_ * x) + _a3_) + _a1_)) + -(_a2_)) * x);{'d0': {'_a1_': 3.376760878275074, '_a2_': -1.7751354041332168, '_a3_': -1.2701368104969648, '_a0_': 1.0, '_a4_': 1.0, '_a5_': 1.0, '_a6_': 1.0, '_a7_': 1.0}};{'d0': 0.024905832919416664};-280.569866449044;35.855626365789426
40262;-104.429306858733;(((x * (((_a1_ * x) + _a3_) + _a1_)) + -(_a2_)) * x);{'d0': {'_a1_': 3.376760878275074, '_a2_': -1.7751354041332168, '_a3_': -1.2701368104969648, '_a0_': 1.0, '_a4_': 1.0, '_a5_': 1.0, '_a6_': 1.0, '_a7_': 1.0}};{'d0': 0.024905832919416664};-280.569866449044;35.855626365789426
40263;-104.429306858733;(((x * (((_a1_ * x) + _a3_) + _a1_)) + -(_a2_)) * x);{'d0': {'_a1_': 3.376760878275074, '_a2_': -1.7751354041332168, '_a3_': -1.2701368104969648, '_a0_': 1.0, '_a4_': 1.0, '_a5_': 1.0, '_a6_': 1.0, '_a7_': 1.0}};{'d0': 0.024905832919416664};-280.569866449044;35.855626365789426
40264;-104.429306858733;(((x * (((_a1_ * x) + _a3_) + _a1_)) + -(_a2_)) * x);{'d0': {'_a1_': 3.376760878275074, '_a2_': -1.7751354041332168, '_a3_': -1.2701368104969648, '_a0_': 1.0, '_a4_': 1.0, '_a5_': 1.0, '_a6_': 1.0, '_a7_': 1.0}};{'d0': 0.024905832919416664};-280.569866449044;35.855626365789426
40265;-104.429306858733;(((x * (((_a1_ * x) + _a3_) + _a1_)) + -(_a2_)) * x);{'d0': {'_a1_': 3.376760878275074, '_a2_': -1.7751354041332168, '_a3_': -1.2701368104969648, '_a0_': 1.0, '_a4_': 1.0, '_a5_': 1.0, '_a6_': 1.0, '_a7_': 1.0}};{'d0': 0.024905832919416664};-280.569866449044;35.855626365789426
40266;-104.429306858733;(((x * (((_a1_ * x) + _a3_) + _a1_)) + -(_a2_)) * x);{'d0': {'_a1_': 3.376760878275074, '_a2_': -1.7751354041332168, '_a3_': -1.2701368104969648, '_a0_': 1.0, '_a4_': 1.0, '_a5_': 1.0, '_a6_': 1.0, '_a7_': 1.0}};{'d0': 0.024905832919416664};-280.569866449044;35.855626365789426
40267;-104.429306858733;(((x * (((_a1_ * x) + _a3_) + _a1_)) + -(_a2_)) * x);{'d0': {'_a1_': 3.376760878275074, '_a2_': -1.7751354041332168, '_a3_': -1.2701368104969648, '_a0_': 1.0, '_a4_': 1.0, '_a5_': 1.0, '_a6_': 1.0, '_a7_': 1.0}};{'d0': 0.024905832919416664};-280.569866449044;35.855626365789426
40268;-104.429306858733;(((x * (((_a1_ * x) + _a3_) + _a1_)) + -(_a2_)) * x);{'d0': {'_a1_': 3.376760878275074, '_a2_': -1.7751354041332168, '_a3_': -1.2701368104969648, '_a0_': 1.0, '_a4_': 1.0, '_a5_': 1.0, '_a6_': 1.0, '_a7_': 1.0}};{'d0': 0.024905832919416664};-280.569866449044;35.855626365789426
40269;-104.429306858733;(((x * (((_a1_ * x) + _a3_) + _a1_)) + -(_a2_)) * x);{'d0': {'_a1_': 3.376760878275074, '_a2_': -1.7751354041332168, '_a3_': -1.2701368104969648, '_a0_': 1.0, '_a4_': 1.0, '_a5_': 1.0, '_a6_': 1.0, '_a7_': 1.0}};{'d0': 0.024905832919416664};-280.569866449044;35.855626365789426
40270;-104.429306858733;(((x * (((_a1_ * x) + _a3_) + _a1_)) + -(_a2_)) * x);{'d0': {'_a1_': 3.376760878275074, '_a2_': -1.7751354041332168, '_a3_': -1.2701368104969648, '_a0_': 1.0, '_a4_': 1.0, '_a5_': 1.0, '_a6_': 1.0, '_a7_': 1.0}};{'d0': 0.024905832919416664};-280.569866449044;35.855626365789426
40271;-104.429306858733;(((x * (((_a1_ * x) + _a3_) + _a1_)) + -(_a2_)) * x);{'d0': {'_a1_': 3.376760878275074, '_a2_': -1.7751354041332168, '_a3_': -1.2701368104969648, '_a0_': 1.0, '_a4_': 1.0, '_a5_': 1.0, '_a6_': 1.0, '_a7_': 1.0}};{'d0': 0.024905832919416664};-280.569866449044;35.855626365789426
40272;-105.400567982306;(((x * (((_a1_ * x) + _a3_) * _a1_)) + -(_a2_)) * x);{'d0': {'_a1_': 1.837596495276744, '_a2_': -1.7751354042416698, '_a3_': 1.1464018757156584, '_a0_': 1.0, '_a4_': 1.0, '_a5_': 1.0, '_a6_': 1.0, '_a7_': 1.0}};{'d0': 0.02490583291941665};-280.569866449044;34.884365242216425
40273;-105.400567982306;(((x * (((_a1_ * x) + _a3_) * _a1_)) + -(_a2_)) * x);{'d0': {'_a1_': 1.837596495276744, '_a2_': -1.7751354042416698, '_a3_': 1.1464018757156584, '_a0_': 1.0, '_a4_': 1.0, '_a5_': 1.0, '_a6_': 1.0, '_a7_': 1.0}};{'d0': 0.02490583291941665};-280.569866449044;34.884365242216425
40274;-105.400567982306;(((x * (((_a1_ * x) + _a3_) * _a1_)) + -(_a2_)) * x);{'d0': {'_a1_': 1.837596495276744, '_a2_': -1.7751354042416698, '_a3_': 1.1464018757156584, '_a0_': 1.0, '_a4_': 1.0, '_a5_': 1.0, '_a6_': 1.0, '_a7_': 1.0}};{'d0': 0.02490583291941665};-280.569866449044;34.884365242216425
40275;-105.400567982306;(((x * (((_a1_ * x) + _a3_) * _a1_)) + -(_a2_)) * x);{'d0': {'_a1_': 1.837596495276744, '_a2_': -1.7751354042416698, '_a3_': 1.1464018757156584, '_a0_': 1.0, '_a4_': 1.0, '_a5_': 1.0, '_a6_': 1.0, '_a7_': 1.0}};{'d0': 0.02490583291941665};-280.569866449044;34.884365242216425
40276;-105.400567982306;(((x * (((_a1_ * x) + _a3_) * _a1_)) + -(_a2_)) * x);{'d0': {'_a1_': 1.837596495276744, '_a2_': -1.7751354042416698, '_a3_': 1.1464018757156584, '_a0_': 1.0, '_a4_': 1.0, '_a5_': 1.0, '_a6_': 1.0, '_a7_': 1.0}};{'d0': 0.02490583291941665};-280.569866449044;34.884365242216425
40277;-105.400567982306;(((x * (((_a1_ * x) + _a3_) * _a1_)) + -(_a2_)) * x);{'d0': {'_a1_': 1.837596495276744, '_a2_': -1.7751354042416698, '_a3_': 1.1464018757156584, '_a0_': 1.0, '_a4_': 1.0, '_a5_': 1.0, '_a6_': 1.0, '_a7_': 1.0}};{'d0': 0.02490583291941665};-280.569866449044;34.884365242216425
40278;-105.400567982306;(((x * (((_a1_ * x) + _a3_) * _a1_)) + -(_a2_)) * x);{'d0': {'_a1_': 1.837596495276744, '_a2_': -1.7751354042416698, '_a3_': 1.1464018757156584, '_a0_': 1.0, '_a4_': 1.0, '_a5_': 1.0, '_a6_': 1.0, '_a7_': 1.0}};{'d0': 0.02490583291941665};-280.569866449044;34.884365242216425
40279;-105.400567982306;(((x * (((_a1_ * x) + _a3_) * _a1_)) + -(_a2_)) * x);{'d0': {'_a1_': 1.837596495276744, '_a2_': -1.7751354042416698, '_a3_': 1.1464018757156584, '_a0_': 1.0, '_a4_': 1.0, '_a5_': 1.0, '_a6_': 1.0, '_a7_': 1.0}};{'d0': 0.02490583291941665};-280.569866449044;34.884365242216425
40280;-105.400567982306;(((x * (((_a1_ * x) + _a3_) * _a1_)) + -(_a2_)) * x);{'d0': {'_a1_': 1.837596495276744, '_a2_': -1.7751354042416698, '_a3_': 1.1464018757156584, '_a0_': 1.0, '_a4_': 1.0, '_a5_': 1.0, '_a6_': 1.0, '_a7_': 1.0}};{'d0': 0.02490583291941665};-280.569866449044;34.884365242216425
40281;-99.4799669332756;(((x * (((_a1_ * x) + _a3_) * _a1_)) + -((_a6_ + x))) * x);{'d0': {'_a1_': 1.8375964952547397, '_a3_': 1.6905909847116152, '_a6_': -1.775135403849593, '_a0_': 1.0, '_a2_': 1.0, '_a4_': 1.0, '_a5_': 1.0, '_a7_': 1.0}};{'d0': 0.02490583291941664};-280.569866449044;40.80496629124642
40282;-104.531628829010;((x + ((pow2(x) + _a2_) * (_a7_ / _a0_))) * (x * _a0_));{'d0': {'_a0_': 2.1066240705428623, '_a2_': 0.5256917695979343, '_a7_': 3.3767608822122472, '_a1_': 1.0, '_a3_': 1.0, '_a4_': 1.0, '_a5_': 1.0, '_a6_': 1.0}};{'d0': 0.02490583291941671};-280.569866449043;35.7533043955115
40283;-104.531628829010;((x + ((pow2(x) + _a2_) * (_a7_ / _a0_))) * (x * _a0_));{'d0': {'_a0_': 2.1066240705428623, '_a2_': 0.5256917695979343, '_a7_': 3.3767608822122472, '_a1_': 1.0, '_a3_': 1.0, '_a4_': 1.0, '_a5_': 1.0, '_a6_': 1.0}};{'d0': 0.02490583291941671};-280.569866449043;35.7533043955115
40284;-104.531628829010;((x + ((pow2(x) + _a2_) * (_a7_ / _a0_))) * (x * _a0_));{'d0': {'_a0_': 2.1066240705428623, '_a2_': 0.5256917695979343, '_a7_': 3.3767608822122472, '_a1_': 1.0, '_a3_': 1.0, '_a4_': 1.0, '_a5_': 1.0, '_a6_': 1.0}};{'d0': 0.02490583291941671};-280.569866449043;35.7533043955115
40285;-104.531628829010;((x + ((pow2(x) + _a2_) * (_a7_ / _a0_))) * (x * _a0_));{'d0': {'_a0_': 2.1066240705428623, '_a2_': 0.5256917695979343, '_a7_': 3.3767608822122472, '_a1_': 1.0, '_a3_': 1.0, '_a4_': 1.0, '_a5_': 1.0, '_a6_': 1.0}};{'d0': 0.02490583291941671};-280.569866449043;35.7533043955115
40286;-104.531628829010;((x + ((pow2(x) + _a2_) * (_a7_ / _a0_))) * (x * _a0_));{'d0': {'_a0_': 2.1066240705428623, '_a2_': 0.5256917695979343, '_a7_': 3.3767608822122472, '_a1_': 1.0, '_a3_': 1.0, '_a4_': 1.0, '_a5_': 1.0, '_a6_': 1.0}};{'d0': 0.02490583291941671};-280.569866449043;35.7533043955115
40287;-100.851681668750;-(((x + ((pow2(x) + _a2_) * (_a7_ / _a0_))) * (x * _a0_)));{'d0': {'_a0_': -2.1066240699956955, '_a2_': 0.5256917696699265, '_a7_': -3.3767608816289445, '_a1_': 1.0, '_a3_': 1.0, '_a4_': 1.0, '_a5_': 1.0, '_a6_': 1.0}};{'d0': 0.02490583291941664};-280.569866449044;39.43325155577189
40288;-100.851681668750;-(((x + ((pow2(x) + _a2_) * (_a7_ / _a0_))) * (x * _a0_)));{'d0': {'_a0_': -2.1066240699956955, '_a2_': 0.5256917696699265, '_a7_': -3.3767608816289445, '_a1_': 1.0, '_a3_': 1.0, '_a4_': 1.0, '_a5_': 1.0, '_a6_': 1.0}};{'d0': 0.02490583291941664};-280.569866449044;39.43325155577189
40289;-100.851681668750;-(((x + ((pow2(x) + _a2_) * (_a7_ / _a0_))) * (x * _a0_)));{'d0': {'_a0_': -2.1066240699956955, '_a2_': 0.5256917696699265, '_a7_': -3.3767608816289445, '_a1_': 1.0, '_a3_': 1.0, '_a4_': 1.0, '_a5_': 1.0, '_a6_': 1.0}};{'d0': 0.02490583291941664};-280.569866449044;39.43325155577189
40290;-100.851681668750;-(((x + ((pow2(x) + _a2_) * (_a7_ / _a0_))) * (x * _a0_)));{'d0': {'_a0_': -2.1066240699956955, '_a2_': 0.5256917696699265, '_a7_': -3.3767608816289445, '_a1_': 1.0, '_a3_': 1.0, '_a4_': 1.0, '_a5_': 1.0, '_a6_': 1.0}};{'d0': 0.02490583291941664};-280.569866449044;39.43325155577189
40291;-100.851681668750;-(((x + ((pow2(x) + _a2_) * (_a7_ / _a0_))) * (x * _a0_)));{'d0': {'_a0_': -2.1066240699956955, '_a2_': 0.5256917696699265, '_a7_': -3.3767608816289445, '_a1_': 1.0, '_a3_': 1.0, '_a4_': 1.0, '_a5_': 1.0, '_a6_': 1.0}};{'d0': 0.02490583291941664};-280.569866449044;39.43325155577189
40292;-100.851681668750;-(((x + ((pow2(x) + _a2_) * (_a7_ / _a0_))) * (x * _a0_)));{'d0': {'_a0_': -2.1066240699956955, '_a2_': 0.5256917696699265, '_a7_': -3.3767608816289445, '_a1_': 1.0, '_a3_': 1.0, '_a4_': 1.0, '_a5_': 1.0, '_a6_': 1.0}};{'d0': 0.02490583291941664};-280.569866449044;39.43325155577189
40293;-100.851681668750;-(((x + ((pow2(x) + _a2_) * (_a7_ / _a0_))) * (x * _a0_)));{'d0': {'_a0_': -2.1066240699956955, '_a2_': 0.5256917696699265, '_a7_': -3.3767608816289445, '_a1_': 1.0, '_a3_': 1.0, '_a4_': 1.0, '_a5_': 1.0, '_a6_': 1.0}};{'d0': 0.02490583291941664};-280.569866449044;39.43325155577189
40294;-99.4799669332756;(((x * (((_a1_ * x) + _a3_) * _a1_)) + -((_a6_ + x))) * x);{'d0': {'_a1_': 1.8375964952547397, '_a3_': 1.6905909847116152, '_a6_': -1.775135403849593, '_a0_': 1.0, '_a2_': 1.0, '_a4_': 1.0, '_a5_': 1.0, '_a7_': 1.0}};{'d0': 0.02490583291941664};-280.569866449044;40.80496629124642
40295;-99.4799669332756;(((x * (((_a1_ * x) + _a3_) * _a1_)) + -((_a6_ + x))) * x);{'d0': {'_a1_': 1.8375964952547397, '_a3_': 1.6905909847116152, '_a6_': -1.775135403849593, '_a0_': 1.0, '_a2_': 1.0, '_a4_': 1.0, '_a5_': 1.0, '_a7_': 1.0}};{'d0': 0.02490583291941664};-280.569866449044;40.80496629124642
40296;-99.4799669332756;(((x * (((_a1_ * x) + _a3_) * _a1_)) + -((_a6_ + x))) * x);{'d0': {'_a1_': 1.8375964952547397, '_a3_': 1.6905909847116152, '_a6_': -1.775135403849593, '_a0_': 1.0, '_a2_': 1.0, '_a4_': 1.0, '_a5_': 1.0, '_a7_': 1.0}};{'d0': 0.02490583291941664};-280.569866449044;40.80496629124642
40297;-99.4799669332756;(((x * (((_a1_ * x) + _a3_) * _a1_)) + -((_a6_ + x))) * x);{'d0': {'_a1_': 1.8375964952547397, '_a3_': 1.6905909847116152, '_a6_': -1.775135403849593, '_a0_': 1.0, '_a2_': 1.0, '_a4_': 1.0, '_a5_': 1.0, '_a7_': 1.0}};{'d0': 0.02490583291941664};-280.569866449044;40.80496629124642
40298;-99.4799669332756;(((x * (((_a1_ * x) + _a3_) * _a1_)) + -((_a6_ + x))) * x);{'d0': {'_a1_': 1.8375964952547397, '_a3_': 1.6905909847116152, '_a6_': -1.775135403849593, '_a0_': 1.0, '_a2_': 1.0, '_a4_': 1.0, '_a5_': 1.0, '_a7_': 1.0}};{'d0': 0.02490583291941664};-280.569866449044;40.80496629124642
40299;-99.4799669332756;(((x * (((_a1_ * x) + _a3_) * _a1_)) + -((_a6_ + x))) * x);{'d0': {'_a1_': 1.8375964952547397, '_a3_': 1.6905909847116152, '_a6_': -1.775135403849593, '_a0_': 1.0, '_a2_': 1.0, '_a4_': 1.0, '_a5_': 1.0, '_a7_': 1.0}};{'d0': 0.02490583291941664};-280.569866449044;40.80496629124642
40300;-99.4799669332756;(((x * (((_a1_ * x) + _a3_) * _a1_)) + -((_a6_ + x))) * x);{'d0': {'_a1_': 1.8375964952547397, '_a3_': 1.6905909847116152, '_a6_': -1.775135403849593, '_a0_': 1.0, '_a2_': 1.0, '_a4_': 1.0, '_a5_': 1.0, '_a7_': 1.0}};{'d0': 0.02490583291941664};-280.569866449044;40.80496629124642
40301;-99.4799669332756;(((x * (((_a1_ * x) + _a3_) * _a1_)) + -((_a6_ + x))) * x);{'d0': {'_a1_': 1.8375964952547397, '_a3_': 1.6905909847116152, '_a6_': -1.775135403849593, '_a0_': 1.0, '_a2_': 1.0, '_a4_': 1.0, '_a5_': 1.0, '_a7_': 1.0}};{'d0': 0.02490583291941664};-280.569866449044;40.80496629124642
40302;-99.4799669332756;(((x * (((_a1_ * x) + _a3_) * _a1_)) + -((_a6_ + x))) * x);{'d0': {'_a1_': 1.8375964952547397, '_a3_': 1.6905909847116152, '_a6_': -1.775135403849593, '_a0_': 1.0, '_a2_': 1.0, '_a4_': 1.0, '_a5_': 1.0, '_a7_': 1.0}};{'d0': 0.02490583291941664};-280.569866449044;40.80496629124642
40303;-99.4799669332756;(((x * (((_a1_ * x) + _a3_) * _a1_)) + -((_a6_ + x))) * x);{'d0': {'_a1_': 1.8375964952547397, '_a3_': 1.6905909847116152, '_a6_': -1.775135403849593, '_a0_': 1.0, '_a2_': 1.0, '_a4_': 1.0, '_a5_': 1.0, '_a7_': 1.0}};{'d0': 0.02490583291941664};-280.569866449044;40.80496629124642
40304;-99.4799669332756;(((x * (((_a1_ * x) + _a3_) * _a1_)) + -((_a6_ + x))) * x);{'d0': {'_a1_': 1.8375964952547397, '_a3_': 1.6905909847116152, '_a6_': -1.775135403849593, '_a0_': 1.0, '_a2_': 1.0, '_a4_': 1.0, '_a5_': 1.0, '_a7_': 1.0}};{'d0': 0.02490583291941664};-280.569866449044;40.80496629124642
40305;-99.4799669332756;(((x * (((_a1_ * x) + _a3_) * _a1_)) + -((_a6_ + x))) * x);{'d0': {'_a1_': 1.8375964952547397, '_a3_': 1.6905909847116152, '_a6_': -1.775135403849593, '_a0_': 1.0, '_a2_': 1.0, '_a4_': 1.0, '_a5_': 1.0, '_a7_': 1.0}};{'d0': 0.02490583291941664};-280.569866449044;40.80496629124642
40306;-104.531628829010;((x + ((pow2(x) + _a2_) * (_a7_ / _a0_))) * (x * _a0_));{'d0': {'_a0_': 2.1066240705428623, '_a2_': 0.5256917695979343, '_a7_': 3.3767608822122472, '_a1_': 1.0, '_a3_': 1.0, '_a4_': 1.0, '_a5_': 1.0, '_a6_': 1.0}};{'d0': 0.02490583291941671};-280.569866449043;35.7533043955115
40307;-99.4799669332756;(((x * (((_a1_ * x) + _a3_) * _a1_)) + -((_a6_ + x))) * x);{'d0': {'_a1_': 1.8375964952547397, '_a3_': 1.6905909847116152, '_a6_': -1.775135403849593, '_a0_': 1.0, '_a2_': 1.0, '_a4_': 1.0, '_a5_': 1.0, '_a7_': 1.0}};{'d0': 0.02490583291941664};-280.569866449044;40.80496629124642
40308;-99.4799669332756;(((x * (((_a1_ * x) + _a3_) * _a1_)) + -((_a6_ + x))) * x);{'d0': {'_a1_': 1.8375964952547397, '_a3_': 1.6905909847116152, '_a6_': -1.775135403849593, '_a0_': 1.0, '_a2_': 1.0, '_a4_': 1.0, '_a5_': 1.0, '_a7_': 1.0}};{'d0': 0.02490583291941664};-280.569866449044;40.80496629124642
40309;-99.4799669332756;(((x * (((_a1_ * x) + _a3_) * _a1_)) + -((_a6_ + x))) * x);{'d0': {'_a1_': 1.8375964952547397, '_a3_': 1.6905909847116152, '_a6_': -1.775135403849593, '_a0_': 1.0, '_a2_': 1.0, '_a4_': 1.0, '_a5_': 1.0, '_a7_': 1.0}};{'d0': 0.02490583291941664};-280.569866449044;40.80496629124642
40310;-99.4799669332756;(((x * (((_a1_ * x) + _a3_) * _a1_)) + -((_a6_ + x))) * x);{'d0': {'_a1_': 1.8375964952547397, '_a3_': 1.6905909847116152, '_a6_': -1.775135403849593, '_a0_': 1.0, '_a2_': 1.0, '_a4_': 1.0, '_a5_': 1.0, '_a7_': 1.0}};{'d0': 0.02490583291941664};-280.569866449044;40.80496629124642
40311;-99.4799669332756;(((x * (((_a1_ * x) + _a3_) * _a1_)) + -((_a6_ + x))) * x);{'d0': {'_a1_': 1.8375964952547397, '_a3_': 1.6905909847116152, '_a6_': -1.775135403849593, '_a0_': 1.0, '_a2_': 1.0, '_a4_': 1.0, '_a5_': 1.0, '_a7_': 1.0}};{'d0': 0.02490583291941664};-280.569866449044;40.80496629124642
40312;-99.4799669332756;(((x * (((_a1_ * x) + _a3_) * _a1_)) + -((_a6_ + x))) * x);{'d0': {'_a1_': 1.8375964952547397, '_a3_': 1.6905909847116152, '_a6_': -1.775135403849593, '_a0_': 1.0, '_a2_': 1.0, '_a4_': 1.0, '_a5_': 1.0, '_a7_': 1.0}};{'d0': 0.02490583291941664};-280.569866449044;40.80496629124642
40313;-99.4799669332756;(((x * (((_a1_ * x) + _a3_) * _a1_)) + -((_a6_ + x))) * x);{'d0': {'_a1_': 1.8375964952547397, '_a3_': 1.6905909847116152, '_a6_': -1.775135403849593, '_a0_': 1.0, '_a2_': 1.0, '_a4_': 1.0, '_a5_': 1.0, '_a7_': 1.0}};{'d0': 0.02490583291941664};-280.569866449044;40.80496629124642
40314;-99.4799669332756;(((x * (((_a1_ * x) + _a3_) * _a1_)) + -((_a6_ + x))) * x);{'d0': {'_a1_': 1.8375964952547397, '_a3_': 1.6905909847116152, '_a6_': -1.775135403849593, '_a0_': 1.0, '_a2_': 1.0, '_a4_': 1.0, '_a5_': 1.0, '_a7_': 1.0}};{'d0': 0.02490583291941664};-280.569866449044;40.80496629124642
40315;-99.4799669332756;(((x * (((_a1_ * x) + _a3_) * _a1_)) + -((_a6_ + x))) * x);{'d0': {'_a1_': 1.8375964952547397, '_a3_': 1.6905909847116152, '_a6_': -1.775135403849593, '_a0_': 1.0, '_a2_': 1.0, '_a4_': 1.0, '_a5_': 1.0, '_a7_': 1.0}};{'d0': 0.02490583291941664};-280.569866449044;40.80496629124642
40316;-99.4799669332756;(((x * (((_a1_ * x) + _a3_) * _a1_)) + -((_a6_ + x))) * x);{'d0': {'_a1_': 1.8375964952547397, '_a3_': 1.6905909847116152, '_a6_': -1.775135403849593, '_a0_': 1.0, '_a2_': 1.0, '_a4_': 1.0, '_a5_': 1.0, '_a7_': 1.0}};{'d0': 0.02490583291941664};-280.569866449044;40.80496629124642
40317;-99.4799669332756;(((x * (((_a1_ * x) + _a3_) * _a1_)) + -((_a6_ + x))) * x);{'d0': {'_a1_': 1.8375964952547397, '_a3_': 1.6905909847116152, '_a6_': -1.775135403849593, '_a0_': 1.0, '_a2_': 1.0, '_a4_': 1.0, '_a5_': 1.0, '_a7_': 1.0}};{'d0': 0.02490583291941664};-280.569866449044;40.80496629124642
40318;-99.4799669332756;(((x * (((_a1_ * x) + _a3_) * _a1_)) + -((_a6_ + x))) * x);{'d0': {'_a1_': 1.8375964952547397, '_a3_': 1.6905909847116152, '_a6_': -1.775135403849593, '_a0_': 1.0, '_a2_': 1.0, '_a4_': 1.0, '_a5_': 1.0, '_a7_': 1.0}};{'d0': 0.02490583291941664};-280.569866449044;40.80496629124642
40319;-99.4799669332756;(((x * (((_a1_ * x) + _a3_) * _a1_)) + -((_a6_ + x))) * x);{'d0': {'_a1_': 1.8375964952547397, '_a3_': 1.6905909847116152, '_a6_': -1.775135403849593, '_a0_': 1.0, '_a2_': 1.0, '_a4_': 1.0, '_a5_': 1.0, '_a7_': 1.0}};{'d0': 0.02490583291941664};-280.569866449044;40.80496629124642
40320;-99.4799669332756;(((x * (((_a1_ * x) + _a3_) * _a1_)) + -((_a6_ + x))) * x);{'d0': {'_a1_': 1.8375964952547397, '_a3_': 1.6905909847116152, '_a6_': -1.775135403849593, '_a0_': 1.0, '_a2_': 1.0, '_a4_': 1.0, '_a5_': 1.0, '_a7_': 1.0}};{'d0': 0.02490583291941664};-280.569866449044;40.80496629124642
40321;-99.4799669332756;(((x * (((_a1_ * x) + _a3_) * _a1_)) + -((_a6_ + x))) * x);{'d0': {'_a1_': 1.8375964952547397, '_a3_': 1.6905909847116152, '_a6_': -1.775135403849593, '_a0_': 1.0, '_a2_': 1.0, '_a4_': 1.0, '_a5_': 1.0, '_a7_': 1.0}};{'d0': 0.02490583291941664};-280.569866449044;40.80496629124642
40322;-99.4799669332756;(((x * (((_a1_ * x) + _a3_) * _a1_)) + -((_a6_ + x))) * x);{'d0': {'_a1_': 1.8375964952547397, '_a3_': 1.6905909847116152, '_a6_': -1.775135403849593, '_a0_': 1.0, '_a2_': 1.0, '_a4_': 1.0, '_a5_': 1.0, '_a7_': 1.0}};{'d0': 0.02490583291941664};-280.569866449044;40.80496629124642
40323;-99.4799669332756;(((x * (((_a1_ * x) + _a3_) * _a1_)) + -((_a6_ + x))) * x);{'d0': {'_a1_': 1.8375964952547397, '_a3_': 1.6905909847116152, '_a6_': -1.775135403849593, '_a0_': 1.0, '_a2_': 1.0, '_a4_': 1.0, '_a5_': 1.0, '_a7_': 1.0}};{'d0': 0.02490583291941664};-280.569866449044;40.80496629124642
40324;-99.4799669332756;(((x * (((_a1_ * x) + _a3_) * _a1_)) + -((_a6_ + x))) * x);{'d0': {'_a1_': 1.8375964952547397, '_a3_': 1.6905909847116152, '_a6_': -1.775135403849593, '_a0_': 1.0, '_a2_': 1.0, '_a4_': 1.0, '_a5_': 1.0, '_a7_': 1.0}};{'d0': 0.02490583291941664};-280.569866449044;40.80496629124642
40325;-99.4799669332756;(((x * (((_a1_ * x) + _a3_) * _a1_)) + -((_a6_ + x))) * x);{'d0': {'_a1_': 1.8375964952547397, '_a3_': 1.6905909847116152, '_a6_': -1.775135403849593, '_a0_': 1.0, '_a2_': 1.0, '_a4_': 1.0, '_a5_': 1.0, '_a7_': 1.0}};{'d0': 0.02490583291941664};-280.569866449044;40.80496629124642
40326;-99.4799669332756;(((x * (((_a1_ * x) + _a3_) * _a1_)) + -((_a6_ + x))) * x);{'d0': {'_a1_': 1.8375964952547397, '_a3_': 1.6905909847116152, '_a6_': -1.775135403849593, '_a0_': 1.0, '_a2_': 1.0, '_a4_': 1.0, '_a5_': 1.0, '_a7_': 1.0}};{'d0': 0.02490583291941664};-280.569866449044;40.80496629124642
40327;-99.4799669332756;(((x * (((_a1_ * x) + _a3_) * _a1_)) + -((_a6_ + x))) * x);{'d0': {'_a1_': 1.8375964952547397, '_a3_': 1.6905909847116152, '_a6_': -1.775135403849593, '_a0_': 1.0, '_a2_': 1.0, '_a4_': 1.0, '_a5_': 1.0, '_a7_': 1.0}};{'d0': 0.02490583291941664};-280.569866449044;40.80496629124642
40328;-104.531628829010;((x + ((pow2(x) + _a2_) * (_a7_ / _a0_))) * (x * _a0_));{'d0': {'_a0_': 2.1066240705428623, '_a2_': 0.5256917695979343, '_a7_': 3.3767608822122472, '_a1_': 1.0, '_a3_': 1.0, '_a4_': 1.0, '_a5_': 1.0, '_a6_': 1.0}};{'d0': 0.02490583291941671};-280.569866449043;35.7533043955115
40329;-104.531628829010;((x + ((pow2(x) + _a2_) * (_a7_ / _a0_))) * (x * _a0_));{'d0': {'_a0_': 2.1066240705428623, '_a2_': 0.5256917695979343, '_a7_': 3.3767608822122472, '_a1_': 1.0, '_a3_': 1.0, '_a4_': 1.0, '_a5_': 1.0, '_a6_': 1.0}};{'d0': 0.02490583291941671};-280.569866449043;35.7533043955115
40330;-104.531628829010;((x + ((pow2(x) + _a2_) * (_a7_ / _a0_))) * (x * _a0_));{'d0': {'_a0_': 2.1066240705428623, '_a2_': 0.5256917695979343, '_a7_': 3.3767608822122472, '_a1_': 1.0, '_a3_': 1.0, '_a4_': 1.0, '_a5_': 1.0, '_a6_': 1.0}};{'d0': 0.02490583291941671};-280.569866449043;35.7533043955115
40331;-104.531628829010;((x + ((pow2(x) + _a2_) * (_a7_ / _a0_))) * (x * _a0_));{'d0': {'_a0_': 2.1066240705428623, '_a2_': 0.5256917695979343, '_a7_': 3.3767608822122472, '_a1_': 1.0, '_a3_': 1.0, '_a4_': 1.0, '_a5_': 1.0, '_a6_': 1.0}};{'d0': 0.02490583291941671};-280.569866449043;35.7533043955115
40332;-104.531628829010;((x + ((pow2(x) + _a2_) * (_a7_ / _a0_))) * (x * _a0_));{'d0': {'_a0_': 2.1066240705428623, '_a2_': 0.5256917695979343, '_a7_': 3.3767608822122472, '_a1_': 1.0, '_a3_': 1.0, '_a4_': 1.0, '_a5_': 1.0, '_a6_': 1.0}};{'d0': 0.02490583291941671};-280.569866449043;35.7533043955115
40333;-104.531628829010;((x + ((pow2(x) + _a2_) * (_a7_ / _a0_))) * (x * _a0_));{'d0': {'_a0_': 2.1066240705428623, '_a2_': 0.5256917695979343, '_a7_': 3.3767608822122472, '_a1_': 1.0, '_a3_': 1.0, '_a4_': 1.0, '_a5_': 1.0, '_a6_': 1.0}};{'d0': 0.02490583291941671};-280.569866449043;35.7533043955115
40334;-104.531628829010;((x + ((pow2(x) + _a2_) * (_a7_ / _a0_))) * (x * _a0_));{'d0': {'_a0_': 2.1066240705428623, '_a2_': 0.5256917695979343, '_a7_': 3.3767608822122472, '_a1_': 1.0, '_a3_': 1.0, '_a4_': 1.0, '_a5_': 1.0, '_a6_': 1.0}};{'d0': 0.02490583291941671};-280.569866449043;35.7533043955115
40335;-104.531628829010;((x + ((pow2(x) + _a2_) * (_a7_ / _a0_))) * (x * _a0_));{'d0': {'_a0_': 2.1066240705428623, '_a2_': 0.5256917695979343, '_a7_': 3.3767608822122472, '_a1_': 1.0, '_a3_': 1.0, '_a4_': 1.0, '_a5_': 1.0, '_a6_': 1.0}};{'d0': 0.02490583291941671};-280.569866449043;35.7533043955115
40336;-104.531628829010;((x + ((pow2(x) + _a2_) * (_a7_ / _a0_))) * (x * _a0_));{'d0': {'_a0_': 2.1066240705428623, '_a2_': 0.5256917695979343, '_a7_': 3.3767608822122472, '_a1_': 1.0, '_a3_': 1.0, '_a4_': 1.0, '_a5_': 1.0, '_a6_': 1.0}};{'d0': 0.02490583291941671};-280.569866449043;35.7533043955115
40337;-104.531628829010;((x + ((pow2(x) + _a2_) * (_a7_ / _a0_))) * (x * _a0_));{'d0': {'_a0_': 2.1066240705428623, '_a2_': 0.5256917695979343, '_a7_': 3.3767608822122472, '_a1_': 1.0, '_a3_': 1.0, '_a4_': 1.0, '_a5_': 1.0, '_a6_': 1.0}};{'d0': 0.02490583291941671};-280.569866449043;35.7533043955115
40338;-104.531628829010;((x + ((pow2(x) + _a2_) * (_a7_ / _a0_))) * (x * _a0_));{'d0': {'_a0_': 2.1066240705428623, '_a2_': 0.5256917695979343, '_a7_': 3.3767608822122472, '_a1_': 1.0, '_a3_': 1.0, '_a4_': 1.0, '_a5_': 1.0, '_a6_': 1.0}};{'d0': 0.02490583291941671};-280.569866449043;35.7533043955115
40339;-106.651973435153;((x + ((pow2(x) + _a2_) * -(_a5_))) * (x * _a0_));{'d0': {'_a0_': 2.1066240666520923, '_a2_': 0.5256917699794404, '_a5_': -1.6029252357533104, '_a1_': 1.0, '_a3_': 1.0, '_a4_': 1.0, '_a6_': 1.0, '_a7_': 1.0}};{'d0': 0.024905832919416608};-280.569866449044;33.63295978936949
40340;-106.651973435153;((x + ((pow2(x) + _a2_) * -(_a5_))) * (x * _a0_));{'d0': {'_a0_': 2.1066240666520923, '_a2_': 0.5256917699794404, '_a5_': -1.6029252357533104, '_a1_': 1.0, '_a3_': 1.0, '_a4_': 1.0, '_a6_': 1.0, '_a7_': 1.0}};{'d0': 0.024905832919416608};-280.569866449044;33.63295978936949
40341;-106.651973435153;((x + ((pow2(x) + _a2_) * -(_a5_))) * (x * _a0_));{'d0': {'_a0_': 2.1066240666520923, '_a2_': 0.5256917699794404, '_a5_': -1.6029252357533104, '_a1_': 1.0, '_a3_': 1.0, '_a4_': 1.0, '_a6_': 1.0, '_a7_': 1.0}};{'d0': 0.024905832919416608};-280.569866449044;33.63295978936949
40342;-106.651973435153;((x + ((pow2(x) + _a2_) * -(_a5_))) * (x * _a0_));{'d0': {'_a0_': 2.1066240666520923, '_a2_': 0.5256917699794404, '_a5_': -1.6029252357533104, '_a1_': 1.0, '_a3_': 1.0, '_a4_': 1.0, '_a6_': 1.0, '_a7_': 1.0}};{'d0': 0.024905832919416608};-280.569866449044;33.63295978936949
40343;-106.651973435153;((x + ((pow2(x) + _a2_) * -(_a5_))) * (x * _a0_));{'d0': {'_a0_': 2.1066240666520923, '_a2_': 0.5256917699794404, '_a5_': -1.6029252357533104, '_a1_': 1.0, '_a3_': 1.0, '_a4_': 1.0, '_a6_': 1.0, '_a7_': 1.0}};{'d0': 0.024905832919416608};-280.569866449044;33.63295978936949
40344;-106.651973435153;((x + ((pow2(x) + _a2_) * -(_a5_))) * (x * _a0_));{'d0': {'_a0_': 2.1066240666520923, '_a2_': 0.5256917699794404, '_a5_': -1.6029252357533104, '_a1_': 1.0, '_a3_': 1.0, '_a4_': 1.0, '_a6_': 1.0, '_a7_': 1.0}};{'d0': 0.024905832919416608};-280.569866449044;33.63295978936949
40345;-106.651973435153;((x + ((pow2(x) + _a2_) * -(_a5_))) * (x * _a0_));{'d0': {'_a0_': 2.1066240666520923, '_a2_': 0.5256917699794404, '_a5_': -1.6029252357533104, '_a1_': 1.0, '_a3_': 1.0, '_a4_': 1.0, '_a6_': 1.0, '_a7_': 1.0}};{'d0': 0.024905832919416608};-280.569866449044;33.63295978936949
40346;-106.651973435153;((x + ((pow2(x) + _a2_) * -(_a5_))) * (x * _a0_));{'d0': {'_a0_': 2.1066240666520923, '_a2_': 0.5256917699794404, '_a5_': -1.6029252357533104, '_a1_': 1.0, '_a3_': 1.0, '_a4_': 1.0, '_a6_': 1.0, '_a7_': 1.0}};{'d0': 0.024905832919416608};-280.569866449044;33.63295978936949
40347;-106.651973435153;((x + ((pow2(x) + _a2_) * -(_a5_))) * (x * _a0_));{'d0': {'_a0_': 2.1066240666520923, '_a2_': 0.5256917699794404, '_a5_': -1.6029252357533104, '_a1_': 1.0, '_a3_': 1.0, '_a4_': 1.0, '_a6_': 1.0, '_a7_': 1.0}};{'d0': 0.024905832919416608};-280.569866449044;33.63295978936949
40348;-106.651973435153;((x + ((pow2(x) + _a2_) * -(_a5_))) * (x * _a0_));{'d0': {'_a0_': 2.1066240666520923, '_a2_': 0.5256917699794404, '_a5_': -1.6029252357533104, '_a1_': 1.0, '_a3_': 1.0, '_a4_': 1.0, '_a6_': 1.0, '_a7_': 1.0}};{'d0': 0.024905832919416608};-280.569866449044;33.63295978936949
40349;-105.728664307885;((x + ((pow2(x) + _a2_) * -(_a5_))) * (x / _a0_));{'d0': {'_a0_': 0.4746931432566524, '_a2_': 0.5256917711118156, '_a5_': -1.6029252340088198, '_a1_': 1.0, '_a3_': 1.0, '_a4_': 1.0, '_a6_': 1.0, '_a7_': 1.0}};{'d0': 0.024905832919416566};-280.569866449044;34.55626891663689
40350;-105.728664307885;((x + ((pow2(x) + _a2_) * -(_a5_))) * (x / _a0_));{'d0': {'_a0_': 0.4746931432566524, '_a2_': 0.5256917711118156, '_a5_': -1.6029252340088198, '_a1_': 1.0, '_a3_': 1.0, '_a4_': 1.0, '_a6_': 1.0, '_a7_': 1.0}};{'d0': 0.024905832919416566};-280.569866449044;34.55626891663689
40351;-105.728664307885;((x + ((pow2(x) + _a2_) * -(_a5_))) * (x / _a0_));{'d0': {'_a0_': 0.4746931432566524, '_a2_': 0.5256917711118156, '_a5_': -1.6029252340088198, '_a1_': 1.0, '_a3_': 1.0, '_a4_': 1.0, '_a6_': 1.0, '_a7_': 1.0}};{'d0': 0.024905832919416566};-280.569866449044;34.55626891663689
40352;-105.728664307885;((x + ((pow2(x) + _a2_) * -(_a5_))) * (x / _a0_));{'d0': {'_a0_': 0.4746931432566524, '_a2_': 0.5256917711118156, '_a5_': -1.6029252340088198, '_a1_': 1.0, '_a3_': 1.0, '_a4_': 1.0, '_a6_': 1.0, '_a7_': 1.0}};{'d0': 0.024905832919416566};-280.569866449044;34.55626891663689
40353;-105.728664307885;((x + ((pow2(x) + _a2_) * -(_a5_))) * (x / _a0_));{'d0': {'_a0_': 0.4746931432566524, '_a2_': 0.5256917711118156, '_a5_': -1.6029252340088198, '_a1_': 1.0, '_a3_': 1.0, '_a4_': 1.0, '_a6_': 1.0, '_a7_': 1.0}};{'d0': 0.024905832919416566};-280.569866449044;34.55626891663689
40354;-105.728664307885;((x + ((pow2(x) + _a2_) * -(_a5_))) * (x / _a0_));{'d0': {'_a0_': 0.4746931432566524, '_a2_': 0.5256917711118156, '_a5_': -1.6029252340088198, '_a1_': 1.0, '_a3_': 1.0, '_a4_': 1.0, '_a6_': 1.0, '_a7_': 1.0}};{'d0': 0.024905832919416566};-280.569866449044;34.55626891663689
40355;-105.728664307885;((x + ((pow2(x) + _a2_) * -(_a5_))) * (x / _a0_));{'d0': {'_a0_': 0.4746931432566524, '_a2_': 0.5256917711118156, '_a5_': -1.6029252340088198, '_a1_': 1.0, '_a3_': 1.0, '_a4_': 1.0, '_a6_': 1.0, '_a7_': 1.0}};{'d0': 0.024905832919416566};-280.569866449044;34.55626891663689
40356;-105.728664307885;((x + ((pow2(x) + _a2_) * -(_a5_))) * (x / _a0_));{'d0': {'_a0_': 0.4746931432566524, '_a2_': 0.5256917711118156, '_a5_': -1.6029252340088198, '_a1_': 1.0, '_a3_': 1.0, '_a4_': 1.0, '_a6_': 1.0, '_a7_': 1.0}};{'d0': 0.024905832919416566};-280.569866449044;34.55626891663689
40357;-105.728664307885;((x + ((pow2(x) + _a2_) * -(_a5_))) * (x / _a0_));{'d0': {'_a0_': 0.4746931432566524, '_a2_': 0.5256917711118156, '_a5_': -1.6029252340088198, '_a1_': 1.0, '_a3_': 1.0, '_a4_': 1.0, '_a6_': 1.0, '_a7_': 1.0}};{'d0': 0.024905832919416566};-280.569866449044;34.55626891663689
40358;-105.728664307885;((x + ((pow2(x) + _a2_) * -(_a5_))) * (x / _a0_));{'d0': {'_a0_': 0.4746931432566524, '_a2_': 0.5256917711118156, '_a5_': -1.6029252340088198, '_a1_': 1.0, '_a3_': 1.0, '_a4_': 1.0, '_a6_': 1.0, '_a7_': 1.0}};{'d0': 0.024905832919416566};-280.569866449044;34.55626891663689
40359;-105.728664307885;((x + ((pow2(x) + _a2_) * -(_a5_))) * (x / _a0_));{'d0': {'_a0_': 0.4746931432566524, '_a2_': 0.5256917711118156, '_a5_': -1.6029252340088198, '_a1_': 1.0, '_a3_': 1.0, '_a4_': 1.0, '_a6_': 1.0, '_a7_': 1.0}};{'d0': 0.024905832919416566};-280.569866449044;34.55626891663689
40360;-105.728664307885;((x + ((pow2(x) + _a2_) * -(_a5_))) * (x / _a0_));{'d0': {'_a0_': 0.4746931432566524, '_a2_': 0.5256917711118156, '_a5_': -1.6029252340088198, '_a1_': 1.0, '_a3_': 1.0, '_a4_': 1.0, '_a6_': 1.0, '_a7_': 1.0}};{'d0': 0.024905832919416566};-280.569866449044;34.55626891663689
40361;-105.728664307885;((x + ((pow2(x) + _a2_) * -(_a5_))) * (x / _a0_));{'d0': {'_a0_': 0.4746931432566524, '_a2_': 0.5256917711118156, '_a5_': -1.6029252340088198, '_a1_': 1.0, '_a3_': 1.0, '_a4_': 1.0, '_a6_': 1.0, '_a7_': 1.0}};{'d0': 0.024905832919416566};-280.569866449044;34.55626891663689
40362;-99.4799669332756;(((x * (((_a1_ * x) + _a3_) * _a1_)) + -((_a6_ + x))) * x);{'d0': {'_a1_': 1.8375964952547397, '_a3_': 1.6905909847116152, '_a6_': -1.775135403849593, '_a0_': 1.0, '_a2_': 1.0, '_a4_': 1.0, '_a5_': 1.0, '_a7_': 1.0}};{'d0': 0.02490583291941664};-280.569866449044;40.80496629124642
40363;-99.4799669332756;(((x * (((_a1_ * x) + _a3_) * _a1_)) + -((_a6_ + x))) * x);{'d0': {'_a1_': 1.8375964952547397, '_a3_': 1.6905909847116152, '_a6_': -1.775135403849593, '_a0_': 1.0, '_a2_': 1.0, '_a4_': 1.0, '_a5_': 1.0, '_a7_': 1.0}};{'d0': 0.02490583291941664};-280.569866449044;40.80496629124642
40364;-99.4799669332756;(((x * (((_a1_ * x) + _a3_) * _a1_)) + -((_a6_ + x))) * x);{'d0': {'_a1_': 1.8375964952547397, '_a3_': 1.6905909847116152, '_a6_': -1.775135403849593, '_a0_': 1.0, '_a2_': 1.0, '_a4_': 1.0, '_a5_': 1.0, '_a7_': 1.0}};{'d0': 0.02490583291941664};-280.569866449044;40.80496629124642
40365;-99.4799669332756;(((x * (((_a1_ * x) + _a3_) * _a1_)) + -((_a6_ + x))) * x);{'d0': {'_a1_': 1.8375964952547397, '_a3_': 1.6905909847116152, '_a6_': -1.775135403849593, '_a0_': 1.0, '_a2_': 1.0, '_a4_': 1.0, '_a5_': 1.0, '_a7_': 1.0}};{'d0': 0.02490583291941664};-280.569866449044;40.80496629124642
40366;-99.4799669332756;(((x * (((_a1_ * x) + _a3_) * _a1_)) + -((_a6_ + x))) * x);{'d0': {'_a1_': 1.8375964952547397, '_a3_': 1.6905909847116152, '_a6_': -1.775135403849593, '_a0_': 1.0, '_a2_': 1.0, '_a4_': 1.0, '_a5_': 1.0, '_a7_': 1.0}};{'d0': 0.02490583291941664};-280.569866449044;40.80496629124642
40367;-99.4799669332756;(((x * (((_a1_ * x) + _a3_) * _a1_)) + -((_a6_ + x))) * x);{'d0': {'_a1_': 1.8375964952547397, '_a3_': 1.6905909847116152, '_a6_': -1.775135403849593, '_a0_': 1.0, '_a2_': 1.0, '_a4_': 1.0, '_a5_': 1.0, '_a7_': 1.0}};{'d0': 0.02490583291941664};-280.569866449044;40.80496629124642
40368;-99.4799669332756;(((x * (((_a1_ * x) + _a3_) * _a1_)) + -((_a6_ + x))) * x);{'d0': {'_a1_': 1.8375964952547397, '_a3_': 1.6905909847116152, '_a6_': -1.775135403849593, '_a0_': 1.0, '_a2_': 1.0, '_a4_': 1.0, '_a5_': 1.0, '_a7_': 1.0}};{'d0': 0.02490583291941664};-280.569866449044;40.80496629124642
40369;-99.4799669332756;(((x * (((_a1_ * x) + _a3_) * _a1_)) + -((_a6_ + x))) * x);{'d0': {'_a1_': 1.8375964952547397, '_a3_': 1.6905909847116152, '_a6_': -1.775135403849593, '_a0_': 1.0, '_a2_': 1.0, '_a4_': 1.0, '_a5_': 1.0, '_a7_': 1.0}};{'d0': 0.02490583291941664};-280.569866449044;40.80496629124642
40370;-99.4799669332756;(((x * (((_a1_ * x) + _a3_) * _a1_)) + -((_a6_ + x))) * x);{'d0': {'_a1_': 1.8375964952547397, '_a3_': 1.6905909847116152, '_a6_': -1.775135403849593, '_a0_': 1.0, '_a2_': 1.0, '_a4_': 1.0, '_a5_': 1.0, '_a7_': 1.0}};{'d0': 0.02490583291941664};-280.569866449044;40.80496629124642
40371;-99.4799669332756;(((x * (((_a1_ * x) + _a3_) * _a1_)) + -((_a6_ + x))) * x);{'d0': {'_a1_': 1.8375964952547397, '_a3_': 1.6905909847116152, '_a6_': -1.775135403849593, '_a0_': 1.0, '_a2_': 1.0, '_a4_': 1.0, '_a5_': 1.0, '_a7_': 1.0}};{'d0': 0.02490583291941664};-280.569866449044;40.80496629124642
40372;-99.4799669332756;(((x * (((_a1_ * x) + _a3_) * _a1_)) + -((_a6_ + x))) * x);{'d0': {'_a1_': 1.8375964952547397, '_a3_': 1.6905909847116152, '_a6_': -1.775135403849593, '_a0_': 1.0, '_a2_': 1.0, '_a4_': 1.0, '_a5_': 1.0, '_a7_': 1.0}};{'d0': 0.02490583291941664};-280.569866449044;40.80496629124642
40373;-99.4799669332756;(((x * (((_a1_ * x) + _a3_) * _a1_)) + -((_a6_ + x))) * x);{'d0': {'_a1_': 1.8375964952547397, '_a3_': 1.6905909847116152, '_a6_': -1.775135403849593, '_a0_': 1.0, '_a2_': 1.0, '_a4_': 1.0, '_a5_': 1.0, '_a7_': 1.0}};{'d0': 0.02490583291941664};-280.569866449044;40.80496629124642
40374;-99.4619796209260;(((x * (((_a1_ * x) + _a3_) * _a1_)) + pow2((_a6_ + x))) * x);{'d0': {'_a1_': 1.5416746996031363, '_a3_': 3.0948865015147433, '_a6_': -1.3323420746042127, '_a0_': 1.0, '_a2_': 1.0, '_a4_': 1.0, '_a5_': 1.0, '_a7_': 1.0}};{'d0': 0.02490583291941665};-280.569866449044;40.822953603596034
40375;-99.4619796209260;(((x * (((_a1_ * x) + _a3_) * _a1_)) + pow2((_a6_ + x))) * x);{'d0': {'_a1_': 1.5416746996031363, '_a3_': 3.0948865015147433, '_a6_': -1.3323420746042127, '_a0_': 1.0, '_a2_': 1.0, '_a4_': 1.0, '_a5_': 1.0, '_a7_': 1.0}};{'d0': 0.02490583291941665};-280.569866449044;40.822953603596034
40376;-99.4619796209260;(((x * (((_a1_ * x) + _a3_) * _a1_)) + pow2((_a6_ + x))) * x);{'d0': {'_a1_': 1.5416746996031363, '_a3_': 3.0948865015147433, '_a6_': -1.3323420746042127, '_a0_': 1.0, '_a2_': 1.0, '_a4_': 1.0, '_a5_': 1.0, '_a7_': 1.0}};{'d0': 0.02490583291941665};-280.569866449044;40.822953603596034
40377;-99.4619796209260;(((x * (((_a1_ * x) + _a3_) * _a1_)) + pow2((_a6_ + x))) * x);{'d0': {'_a1_': 1.5416746996031363, '_a3_': 3.0948865015147433, '_a6_': -1.3323420746042127, '_a0_': 1.0, '_a2_': 1.0, '_a4_': 1.0, '_a5_': 1.0, '_a7_': 1.0}};{'d0': 0.02490583291941665};-280.569866449044;40.822953603596034
40378;-99.4619796209260;(((x * (((_a1_ * x) + _a3_) * _a1_)) + pow2((_a6_ + x))) * x);{'d0': {'_a1_': 1.5416746996031363, '_a3_': 3.0948865015147433, '_a6_': -1.3323420746042127, '_a0_': 1.0, '_a2_': 1.0, '_a4_': 1.0, '_a5_': 1.0, '_a7_': 1.0}};{'d0': 0.02490583291941665};-280.569866449044;40.822953603596034
40379;-99.4619796209260;(((x * (((_a1_ * x) + _a3_) * _a1_)) + pow2((_a6_ + x))) * x);{'d0': {'_a1_': 1.5416746996031363, '_a3_': 3.0948865015147433, '_a6_': -1.3323420746042127, '_a0_': 1.0, '_a2_': 1.0, '_a4_': 1.0, '_a5_': 1.0, '_a7_': 1.0}};{'d0': 0.02490583291941665};-280.569866449044;40.822953603596034
40380;-99.4619796209260;(((x * (((_a1_ * x) + _a3_) * _a1_)) + pow2((_a6_ + x))) * x);{'d0': {'_a1_': 1.5416746996031363, '_a3_': 3.0948865015147433, '_a6_': -1.3323420746042127, '_a0_': 1.0, '_a2_': 1.0, '_a4_': 1.0, '_a5_': 1.0, '_a7_': 1.0}};{'d0': 0.02490583291941665};-280.569866449044;40.822953603596034
40381;-99.4619796209260;(((x * (((_a1_ * x) + _a3_) * _a1_)) + pow2((_a6_ + x))) * x);{'d0': {'_a1_': 1.5416746996031363, '_a3_': 3.0948865015147433, '_a6_': -1.3323420746042127, '_a0_': 1.0, '_a2_': 1.0, '_a4_': 1.0, '_a5_': 1.0, '_a7_': 1.0}};{'d0': 0.02490583291941665};-280.569866449044;40.822953603596034
40382;-91.4942062903880;(((x * ((((_a2_ + _a2_) * x) + _a3_) * _a1_)) + pow2((_a6_ + x))) * x);{'d0': {'_a1_': 1.621865972680923, '_a2_': 0.7327241460288282, '_a3_': 2.9418632476382833, '_a6_': -1.332342074673431, '_a0_': 1.0, '_a4_': 1.0, '_a5_': 1.0, '_a7_': 1.0}};{'d0': 0.024905832919746216};-276.475521886027;46.74355465262603
40383;-91.4942062898441;(((x * ((((_a2_ + _a2_) * x) + _a3_) * _a1_)) + pow2((_a6_ + _a3_))) * x);{'d0': {'_a1_': 0.4707943832593082, '_a2_': 3.586236392253865, '_a3_': 4.474614680108026, '_a6_': -3.142272605267428, '_a0_': 1.0, '_a4_': 1.0, '_a5_': 1.0, '_a7_': 1.0}};{'d0': 0.024905832920197723};-276.475521884940;46.74355465262603
40384;-91.4942062898441;(((x * ((((_a2_ + _a2_) * x) + _a3_) * _a1_)) + pow2((_a6_ + _a3_))) * x);{'d0': {'_a1_': 0.4707943832593082, '_a2_': 3.586236392253865, '_a3_': 4.474614680108026, '_a6_': -3.142272605267428, '_a0_': 1.0, '_a4_': 1.0, '_a5_': 1.0, '_a7_': 1.0}};{'d0': 0.024905832920197723};-276.475521884940;46.74355465262603
40385;-91.4942062898441;(((x * ((((_a2_ + _a2_) * x) + _a3_) * _a1_)) + pow2((_a6_ + _a3_))) * x);{'d0': {'_a1_': 0.4707943832593082, '_a2_': 3.586236392253865, '_a3_': 4.474614680108026, '_a6_': -3.142272605267428, '_a0_': 1.0, '_a4_': 1.0, '_a5_': 1.0, '_a7_': 1.0}};{'d0': 0.024905832920197723};-276.475521884940;46.74355465262603
40386;-91.4942062898441;(((x * ((((_a2_ + _a2_) * x) + _a3_) * _a1_)) + pow2((_a6_ + _a3_))) * x);{'d0': {'_a1_': 0.4707943832593082, '_a2_': 3.586236392253865, '_a3_': 4.474614680108026, '_a6_': -3.142272605267428, '_a0_': 1.0, '_a4_': 1.0, '_a5_': 1.0, '_a7_': 1.0}};{'d0': 0.024905832920197723};-276.475521884940;46.74355465262603
40387;-91.4942062898441;(((x * ((((_a2_ + _a2_) * x) + _a3_) * _a1_)) + pow2((_a6_ + _a3_))) * x);{'d0': {'_a1_': 0.4707943832593082, '_a2_': 3.586236392253865, '_a3_': 4.474614680108026, '_a6_': -3.142272605267428, '_a0_': 1.0, '_a4_': 1.0, '_a5_': 1.0, '_a7_': 1.0}};{'d0': 0.024905832920197723};-276.475521884940;46.74355465262603
40388;-91.4942062898441;(((x * ((((_a2_ + _a2_) * x) + _a3_) * _a1_)) + pow2((_a6_ + _a3_))) * x);{'d0': {'_a1_': 0.4707943832593082, '_a2_': 3.586236392253865, '_a3_': 4.474614680108026, '_a6_': -3.142272605267428, '_a0_': 1.0, '_a4_': 1.0, '_a5_': 1.0, '_a7_': 1.0}};{'d0': 0.024905832920197723};-276.475521884940;46.74355465262603
40389;-91.4942062898441;(((x * ((((_a2_ + _a2_) * x) + _a3_) * _a1_)) + pow2((_a6_ + _a3_))) * x);{'d0': {'_a1_': 0.4707943832593082, '_a2_': 3.586236392253865, '_a3_': 4.474614680108026, '_a6_': -3.142272605267428, '_a0_': 1.0, '_a4_': 1.0, '_a5_': 1.0, '_a7_': 1.0}};{'d0': 0.024905832920197723};-276.475521884940;46.74355465262603
40390;-91.4942062898441;(((x * ((((_a2_ + _a2_) * x) + _a3_) * _a1_)) + pow2((_a6_ + _a3_))) * x);{'d0': {'_a1_': 0.4707943832593082, '_a2_': 3.586236392253865, '_a3_': 4.474614680108026, '_a6_': -3.142272605267428, '_a0_': 1.0, '_a4_': 1.0, '_a5_': 1.0, '_a7_': 1.0}};{'d0': 0.024905832920197723};-276.475521884940;46.74355465262603
40391;-91.4942062862014;(((x * ((((_a2_ + _a2_) * x) + _a3_) * _a1_)) + pow2((_a6_ + _a2_))) * x);{'d0': {'_a1_': 0.4887297555019498, '_a2_': 3.454627718609081, '_a3_': 4.310404060003072, '_a6_': -2.1222856436826714, '_a0_': 1.0, '_a4_': 1.0, '_a5_': 1.0, '_a7_': 1.0}};{'d0': 0.02490583292322187};-276.475521877654;46.74355465262603
40392;-91.4942062862014;(((x * ((((_a2_ + _a2_) * x) + _a3_) * _a1_)) + pow2((_a6_ + _a2_))) * x);{'d0': {'_a1_': 0.4887297555019498, '_a2_': 3.454627718609081, '_a3_': 4.310404060003072, '_a6_': -2.1222856436826714, '_a0_': 1.0, '_a4_': 1.0, '_a5_': 1.0, '_a7_': 1.0}};{'d0': 0.02490583292322187};-276.475521877654;46.74355465262603
40393;-93.5413785718960;(((x * ((((_a2_ + _a2_) * x) + _a3_) * _a3_)) + pow2((_a6_ + _a2_))) * x);{'d0': {'_a2_': 1.163259989718393, '_a3_': 1.451421395922714, '_a6_': 0.16908208589931778, '_a0_': 1.0, '_a1_': 1.0, '_a4_': 1.0, '_a5_': 1.0, '_a7_': 1.0}};{'d0': 0.024905832919416608};-280.569866449044;46.74355465262603
40394;-93.5413785718960;(((x * ((((_a2_ + _a2_) * x) + _a3_) * _a3_)) + pow2((_a6_ + _a2_))) * x);{'d0': {'_a2_': 1.163259989718393, '_a3_': 1.451421395922714, '_a6_': 0.16908208589931778, '_a0_': 1.0, '_a1_': 1.0, '_a4_': 1.0, '_a5_': 1.0, '_a7_': 1.0}};{'d0': 0.024905832919416608};-280.569866449044;46.74355465262603
40395;-93.5413785718960;(((x * ((((_a2_ + _a2_) * x) + _a3_) * _a3_)) + pow2((_a1_ + _a2_))) * x);{'d0': {'_a1_': 0.1690820842150478, '_a2_': 1.16325999059569, '_a3_': 1.4514213958227529, '_a0_': 1.0, '_a4_': 1.0, '_a5_': 1.0, '_a6_': 1.0, '_a7_': 1.0}};{'d0': 0.024905832919416643};-280.569866449044;46.74355465262603
40396;-93.5413785718960;(((x * ((((_a2_ + _a2_) * x) + _a3_) * _a3_)) + pow2((_a1_ + _a2_))) * x);{'d0': {'_a1_': 0.1690820842150478, '_a2_': 1.16325999059569, '_a3_': 1.4514213958227529, '_a0_': 1.0, '_a4_': 1.0, '_a5_': 1.0, '_a6_': 1.0, '_a7_': 1.0}};{'d0': 0.024905832919416643};-280.569866449044;46.74355465262603
40397;-93.5413785718960;(((x * ((((_a2_ + _a2_) * x) + _a3_) * _a3_)) + pow2((_a1_ + _a2_))) * x);{'d0': {'_a1_': 0.1690820842150478, '_a2_': 1.16325999059569, '_a3_': 1.4514213958227529, '_a0_': 1.0, '_a4_': 1.0, '_a5_': 1.0, '_a6_': 1.0, '_a7_': 1.0}};{'d0': 0.024905832919416643};-280.569866449044;46.74355465262603
40398;-93.5413785718960;(((x * ((((_a2_ + _a2_) * x) + _a3_) * _a3_)) + pow2((_a1_ + _a2_))) * x);{'d0': {'_a1_': 0.1690820842150478, '_a2_': 1.16325999059569, '_a3_': 1.4514213958227529, '_a0_': 1.0, '_a4_': 1.0, '_a5_': 1.0, '_a6_': 1.0, '_a7_': 1.0}};{'d0': 0.024905832919416643};-280.569866449044;46.74355465262603
40399;-93.5413785718960;(((x * ((((_a2_ + _a2_) * x) + _a3_) * _a3_)) + pow2((_a1_ + _a2_))) * x);{'d0': {'_a1_': 0.1690820842150478, '_a2_': 1.16325999059569, '_a3_': 1.4514213958227529, '_a0_': 1.0, '_a4_': 1.0, '_a5_': 1.0, '_a6_': 1.0, '_a7_': 1.0}};{'d0': 0.024905832919416643};-280.569866449044;46.74355465262603
40400;-95.7640451483160;(((x * ((((_a2_ + _a2_) * x) + _a3_) * _a3_)) + pow2(pow2(_a4_))) * x);{'d0': {'_a2_': 1.1632599906513146, '_a3_': 1.4514213960095694, '_a4_': 1.154271231074408, '_a0_': 1.0, '_a1_': 1.0, '_a5_': 1.0, '_a6_': 1.0, '_a7_': 1.0}};{'d0': 0.024905832919416608};-280.569866449044;44.520888076206035
40401;-95.7640451483160;(((x * ((((_a2_ + _a2_) * x) + _a3_) * _a3_)) + pow2(pow2(_a4_))) * x);{'d0': {'_a2_': 1.1632599906513146, '_a3_': 1.4514213960095694, '_a4_': 1.154271231074408, '_a0_': 1.0, '_a1_': 1.0, '_a5_': 1.0, '_a6_': 1.0, '_a7_': 1.0}};{'d0': 0.024905832919416608};-280.569866449044;44.520888076206035
40402;-109.408611468146;((x + ((pow2(x) + _a2_) * _a5_)) * (x / _a0_));{'d0': {'_a0_': 0.47469314304852295, '_a2_': 0.5256917708174232, '_a5_': 1.6029252339843434, '_a1_': 1.0, '_a3_': 1.0, '_a4_': 1.0, '_a6_': 1.0, '_a7_': 1.0}};{'d0': 0.0249058329194166};-280.569866449044;30.876321756376495
40403;-109.408611468146;((x + ((pow2(x) + _a2_) * _a5_)) * (x / _a0_));{'d0': {'_a0_': 0.47469314304852295, '_a2_': 0.5256917708174232, '_a5_': 1.6029252339843434, '_a1_': 1.0, '_a3_': 1.0, '_a4_': 1.0, '_a6_': 1.0, '_a7_': 1.0}};{'d0': 0.0249058329194166};-280.569866449044;30.876321756376495
40404;-109.408611468146;((x + ((pow2(x) + _a2_) * _a5_)) * (x / _a0_));{'d0': {'_a0_': 0.47469314304852295, '_a2_': 0.5256917708174232, '_a5_': 1.6029252339843434, '_a1_': 1.0, '_a3_': 1.0, '_a4_': 1.0, '_a6_': 1.0, '_a7_': 1.0}};{'d0': 0.0249058329194166};-280.569866449044;30.876321756376495
40405;-109.408611468146;((x + ((pow2(x) + _a2_) * _a5_)) * (x / _a0_));{'d0': {'_a0_': 0.47469314304852295, '_a2_': 0.5256917708174232, '_a5_': 1.6029252339843434, '_a1_': 1.0, '_a3_': 1.0, '_a4_': 1.0, '_a6_': 1.0, '_a7_': 1.0}};{'d0': 0.0249058329194166};-280.569866449044;30.876321756376495
40406;-109.408611468146;((x + ((pow2(x) + _a2_) * _a5_)) * (x / _a0_));{'d0': {'_a0_': 0.47469314304852295, '_a2_': 0.5256917708174232, '_a5_': 1.6029252339843434, '_a1_': 1.0, '_a3_': 1.0, '_a4_': 1.0, '_a6_': 1.0, '_a7_': 1.0}};{'d0': 0.0249058329194166};-280.569866449044;30.876321756376495
40407;-109.408611468146;((x + ((pow2(x) + _a2_) * _a5_)) * (x / _a0_));{'d0': {'_a0_': 0.47469314304852295, '_a2_': 0.5256917708174232, '_a5_': 1.6029252339843434, '_a1_': 1.0, '_a3_': 1.0, '_a4_': 1.0, '_a6_': 1.0, '_a7_': 1.0}};{'d0': 0.0249058329194166};-280.569866449044;30.876321756376495
40408;-96.6629489855670;(((x * ((((_a2_ * _a2_) * x) + _a3_) * _a2_)) + pow2(pow2(_a4_))) * x);{'d0': {'_a2_': 1.5002608255517311, '_a3_': 1.4041718829723504, '_a4_': 1.1542712310441658, '_a0_': 1.0, '_a1_': 1.0, '_a5_': 1.0, '_a6_': 1.0, '_a7_': 1.0}};{'d0': 0.024905832919416632};-280.569866449044;43.62198423895504
40409;-96.6629489855670;(((x * ((((_a2_ * _a2_) * x) + _a3_) * _a2_)) + pow2(pow2(_a4_))) * x);{'d0': {'_a2_': 1.5002608255517311, '_a3_': 1.4041718829723504, '_a4_': 1.1542712310441658, '_a0_': 1.0, '_a1_': 1.0, '_a5_': 1.0, '_a6_': 1.0, '_a7_': 1.0}};{'d0': 0.024905832919416632};-280.569866449044;43.62198423895504
40410;-96.6629489855670;(((x * ((((_a2_ * _a2_) * x) + _a3_) * _a2_)) + pow2(pow2(_a4_))) * x);{'d0': {'_a2_': 1.5002608255517311, '_a3_': 1.4041718829723504, '_a4_': 1.1542712310441658, '_a0_': 1.0, '_a1_': 1.0, '_a5_': 1.0, '_a6_': 1.0, '_a7_': 1.0}};{'d0': 0.024905832919416632};-280.569866449044;43.62198423895504
40411;-96.6629489855670;(((x * ((((_a2_ * _a2_) * x) + _a3_) * _a2_)) + pow2(pow2(_a4_))) * x);{'d0': {'_a2_': 1.5002608255517311, '_a3_': 1.4041718829723504, '_a4_': 1.1542712310441658, '_a0_': 1.0, '_a1_': 1.0, '_a5_': 1.0, '_a6_': 1.0, '_a7_': 1.0}};{'d0': 0.024905832919416632};-280.569866449044;43.62198423895504
40412;-94.6157767042876;(((x * ((((_a2_ * _a5_) * x) + _a3_) * _a2_)) + pow2(pow2(_a4_))) * x);{'d0': {'_a2_': 1.9128812176192984, '_a3_': 1.1012832408737743, '_a4_': 1.1542712310359295, '_a5_': 0.9228354658543071, '_a0_': 1.0, '_a1_': 1.0, '_a6_': 1.0, '_a7_': 1.0}};{'d0': 0.024905832919556427};-276.475521886485;43.62198423895504
40413;-100.360883458177;(((x * ((((_a2_ * _a5_) * x) + _a3_) * _a2_)) + pow2(_a2_)) * x);{'d0': {'_a2_': 1.3323420747935693, '_a3_': 1.581143542016107, '_a5_': 1.902255381614427, '_a0_': 1.0, '_a1_': 1.0, '_a4_': 1.0, '_a6_': 1.0, '_a7_': 1.0}};{'d0': 0.024905832919416653};-280.569866449044;39.924049766345036
40414;-100.360883458177;(((x * ((((_a2_ * _a5_) * x) + _a3_) * _a2_)) + pow2(_a2_)) * x);{'d0': {'_a2_': 1.3323420747935693, '_a3_': 1.581143542016107, '_a5_': 1.902255381614427, '_a0_': 1.0, '_a1_': 1.0, '_a4_': 1.0, '_a6_': 1.0, '_a7_': 1.0}};{'d0': 0.024905832919416653};-280.569866449044;39.924049766345036
40415;-100.360883458177;(((x * ((((_a2_ * _a5_) * x) + _a3_) * _a2_)) + pow2(_a2_)) * x);{'d0': {'_a2_': 1.3323420747935693, '_a3_': 1.581143542016107, '_a5_': 1.902255381614427, '_a0_': 1.0, '_a1_': 1.0, '_a4_': 1.0, '_a6_': 1.0, '_a7_': 1.0}};{'d0': 0.024905832919416653};-280.569866449044;39.924049766345036
40416;-100.360883458177;(((x * ((((_a2_ * _a5_) * x) + _a3_) * _a2_)) + pow2(_a2_)) * x);{'d0': {'_a2_': 1.3323420747935693, '_a3_': 1.581143542016107, '_a5_': 1.902255381614427, '_a0_': 1.0, '_a1_': 1.0, '_a4_': 1.0, '_a6_': 1.0, '_a7_': 1.0}};{'d0': 0.024905832919416653};-280.569866449044;39.924049766345036
40417;-100.360883458177;(((x * ((((_a2_ * _a5_) * x) + _a3_) * _a2_)) + pow2(_a2_)) * x);{'d0': {'_a2_': 1.3323420747935693, '_a3_': 1.581143542016107, '_a5_': 1.902255381614427, '_a0_': 1.0, '_a1_': 1.0, '_a4_': 1.0, '_a6_': 1.0, '_a7_': 1.0}};{'d0': 0.024905832919416653};-280.569866449044;39.924049766345036
40418;-100.360883458177;(((x * ((((_a2_ * _a5_) * x) + _a3_) * _a2_)) + pow2(_a2_)) * x);{'d0': {'_a2_': 1.3323420747935693, '_a3_': 1.581143542016107, '_a5_': 1.902255381614427, '_a0_': 1.0, '_a1_': 1.0, '_a4_': 1.0, '_a6_': 1.0, '_a7_': 1.0}};{'d0': 0.024905832919416653};-280.569866449044;39.924049766345036
40419;-100.360883458177;(((x * ((((_a2_ * _a5_) * x) + _a3_) * _a2_)) + pow2(_a2_)) * x);{'d0': {'_a2_': 1.3323420747935693, '_a3_': 1.581143542016107, '_a5_': 1.902255381614427, '_a0_': 1.0, '_a1_': 1.0, '_a4_': 1.0, '_a6_': 1.0, '_a7_': 1.0}};{'d0': 0.024905832919416653};-280.569866449044;39.924049766345036
40420;-100.360883458177;(((x * ((((_a2_ * _a5_) * x) + _a3_) * _a2_)) + pow2(_a2_)) * x);{'d0': {'_a2_': 1.3323420747935693, '_a3_': 1.581143542016107, '_a5_': 1.902255381614427, '_a0_': 1.0, '_a1_': 1.0, '_a4_': 1.0, '_a6_': 1.0, '_a7_': 1.0}};{'d0': 0.024905832919416653};-280.569866449044;39.924049766345036
40421;-100.360883458177;(((x * ((((_a2_ * _a5_) * x) + _a3_) * _a2_)) + pow2(_a2_)) * x);{'d0': {'_a2_': 1.3323420747935693, '_a3_': 1.581143542016107, '_a5_': 1.902255381614427, '_a0_': 1.0, '_a1_': 1.0, '_a4_': 1.0, '_a6_': 1.0, '_a7_': 1.0}};{'d0': 0.024905832919416653};-280.569866449044;39.924049766345036
40422;-99.5822889035536;(((x * ((((_a2_ * _a5_) * x) + _a3_) / _a2_)) + pow2(_a2_)) * x);{'d0': {'_a2_': 1.3323420748600605, '_a3_': 2.8067438824989726, '_a5_': 3.3767608787360452, '_a0_': 1.0, '_a1_': 1.0, '_a4_': 1.0, '_a6_': 1.0, '_a7_': 1.0}};{'d0': 0.024905832919416643};-280.569866449044;40.70264432096843
40423;-99.5822889035536;(((x * ((((_a2_ * _a5_) * x) + _a3_) / _a2_)) + pow2(_a2_)) * x);{'d0': {'_a2_': 1.3323420748600605, '_a3_': 2.8067438824989726, '_a5_': 3.3767608787360452, '_a0_': 1.0, '_a1_': 1.0, '_a4_': 1.0, '_a6_': 1.0, '_a7_': 1.0}};{'d0': 0.024905832919416643};-280.569866449044;40.70264432096843
40424;-99.5822889035536;(((x * ((((_a2_ * _a5_) * x) + _a3_) / _a2_)) + pow2(_a2_)) * x);{'d0': {'_a2_': 1.3323420748600605, '_a3_': 2.8067438824989726, '_a5_': 3.3767608787360452, '_a0_': 1.0, '_a1_': 1.0, '_a4_': 1.0, '_a6_': 1.0, '_a7_': 1.0}};{'d0': 0.024905832919416643};-280.569866449044;40.70264432096843
40425;-99.5822889035536;(((x * ((((_a2_ * _a5_) * x) + _a3_) / _a2_)) + pow2(_a2_)) * x);{'d0': {'_a2_': 1.3323420748600605, '_a3_': 2.8067438824989726, '_a5_': 3.3767608787360452, '_a0_': 1.0, '_a1_': 1.0, '_a4_': 1.0, '_a6_': 1.0, '_a7_': 1.0}};{'d0': 0.024905832919416643};-280.569866449044;40.70264432096843
40426;-99.5822889035536;(((x * ((((_a2_ * _a5_) * x) + _a3_) / _a2_)) + pow2(_a2_)) * x);{'d0': {'_a2_': 1.3323420748600605, '_a3_': 2.8067438824989726, '_a5_': 3.3767608787360452, '_a0_': 1.0, '_a1_': 1.0, '_a4_': 1.0, '_a6_': 1.0, '_a7_': 1.0}};{'d0': 0.024905832919416643};-280.569866449044;40.70264432096843
40427;-99.5822889035536;(((x * ((((_a2_ * _a5_) * x) + _a3_) / _a2_)) + pow2(_a2_)) * x);{'d0': {'_a2_': 1.3323420748600605, '_a3_': 2.8067438824989726, '_a5_': 3.3767608787360452, '_a0_': 1.0, '_a1_': 1.0, '_a4_': 1.0, '_a6_': 1.0, '_a7_': 1.0}};{'d0': 0.024905832919416643};-280.569866449044;40.70264432096843
40428;-99.5822889035536;(((x * ((((_a2_ * _a5_) * x) + _a3_) / _a2_)) + pow2(_a2_)) * x);{'d0': {'_a2_': 1.3323420748600605, '_a3_': 2.8067438824989726, '_a5_': 3.3767608787360452, '_a0_': 1.0, '_a1_': 1.0, '_a4_': 1.0, '_a6_': 1.0, '_a7_': 1.0}};{'d0': 0.024905832919416643};-280.569866449044;40.70264432096843
40429;-100.851681668750;(((x * (((-(_a5_) * x) + _a3_) / _a2_)) + pow2(_a2_)) * x);{'d0': {'_a2_': 1.3323420747505739, '_a3_': 2.8067438795796544, '_a5_': -4.499000592596735, '_a0_': 1.0, '_a1_': 1.0, '_a4_': 1.0, '_a6_': 1.0, '_a7_': 1.0}};{'d0': 0.024905832919416643};-280.569866449044;39.43325155577182
40430;-100.851681668750;(((x * (((-(_a5_) * x) + _a3_) / _a2_)) + pow2(_a2_)) * x);{'d0': {'_a2_': 1.3323420747505739, '_a3_': 2.8067438795796544, '_a5_': -4.499000592596735, '_a0_': 1.0, '_a1_': 1.0, '_a4_': 1.0, '_a6_': 1.0, '_a7_': 1.0}};{'d0': 0.024905832919416643};-280.569866449044;39.43325155577182
40431;-100.851681668750;(((x * (((-(_a5_) * x) + _a3_) / _a2_)) + pow2(_a2_)) * x);{'d0': {'_a2_': 1.3323420747505739, '_a3_': 2.8067438795796544, '_a5_': -4.499000592596735, '_a0_': 1.0, '_a1_': 1.0, '_a4_': 1.0, '_a6_': 1.0, '_a7_': 1.0}};{'d0': 0.024905832919416643};-280.569866449044;39.43325155577182
40432;-100.851681668750;(((x * (((-(_a5_) * x) + _a3_) / _a2_)) + pow2(_a2_)) * x);{'d0': {'_a2_': 1.3323420747505739, '_a3_': 2.8067438795796544, '_a5_': -4.499000592596735, '_a0_': 1.0, '_a1_': 1.0, '_a4_': 1.0, '_a6_': 1.0, '_a7_': 1.0}};{'d0': 0.024905832919416643};-280.569866449044;39.43325155577182
40433;-100.851681668750;(((x * (((-(_a5_) * x) + _a3_) / _a2_)) + pow2(_a2_)) * x);{'d0': {'_a2_': 1.3323420747505739, '_a3_': 2.8067438795796544, '_a5_': -4.499000592596735, '_a0_': 1.0, '_a1_': 1.0, '_a4_': 1.0, '_a6_': 1.0, '_a7_': 1.0}};{'d0': 0.024905832919416643};-280.569866449044;39.43325155577182
40434;-100.851681668750;(((x * (((-(_a5_) * x) + _a3_) / _a2_)) + pow2(_a2_)) * x);{'d0': {'_a2_': 1.3323420747505739, '_a3_': 2.8067438795796544, '_a5_': -4.499000592596735, '_a0_': 1.0, '_a1_': 1.0, '_a4_': 1.0, '_a6_': 1.0, '_a7_': 1.0}};{'d0': 0.024905832919416643};-280.569866449044;39.43325155577182
40435;-100.851681668750;(((x * (((-(_a5_) * x) + _a3_) / _a2_)) + pow2(_a2_)) * x);{'d0': {'_a2_': 1.3323420747505739, '_a3_': 2.8067438795796544, '_a5_': -4.499000592596735, '_a0_': 1.0, '_a1_': 1.0, '_a4_': 1.0, '_a6_': 1.0, '_a7_': 1.0}};{'d0': 0.024905832919416643};-280.569866449044;39.43325155577182
40436;-100.851681668750;(((x * (((-(_a5_) * x) + _a3_) / _a2_)) + pow2(_a2_)) * x);{'d0': {'_a2_': 1.3323420747505739, '_a3_': 2.8067438795796544, '_a5_': -4.499000592596735, '_a0_': 1.0, '_a1_': 1.0, '_a4_': 1.0, '_a6_': 1.0, '_a7_': 1.0}};{'d0': 0.024905832919416643};-280.569866449044;39.43325155577182
40437;-100.851681668750;(((x * (((-(_a5_) * x) + _a3_) / _a2_)) + pow2(_a2_)) * x);{'d0': {'_a2_': 1.3323420747505739, '_a3_': 2.8067438795796544, '_a5_': -4.499000592596735, '_a0_': 1.0, '_a1_': 1.0, '_a4_': 1.0, '_a6_': 1.0, '_a7_': 1.0}};{'d0': 0.024905832919416643};-280.569866449044;39.43325155577182
40438;-100.851681668750;(((x * (((-(_a5_) * x) + _a3_) / _a2_)) + pow2(_a2_)) * x);{'d0': {'_a2_': 1.3323420747505739, '_a3_': 2.8067438795796544, '_a5_': -4.499000592596735, '_a0_': 1.0, '_a1_': 1.0, '_a4_': 1.0, '_a6_': 1.0, '_a7_': 1.0}};{'d0': 0.024905832919416643};-280.569866449044;39.43325155577182
40439;-100.851681668750;(((x * (((-(_a5_) * x) + _a3_) / _a2_)) + pow2(_a2_)) * x);{'d0': {'_a2_': 1.3323420747505739, '_a3_': 2.8067438795796544, '_a5_': -4.499000592596735, '_a0_': 1.0, '_a1_': 1.0, '_a4_': 1.0, '_a6_': 1.0, '_a7_': 1.0}};{'d0': 0.024905832919416643};-280.569866449044;39.43325155577182
40440;-100.851681668750;(((x * (((-(_a5_) * x) + _a3_) / _a2_)) + pow2(_a2_)) * x);{'d0': {'_a2_': 1.3323420747505739, '_a3_': 2.8067438795796544, '_a5_': -4.499000592596735, '_a0_': 1.0, '_a1_': 1.0, '_a4_': 1.0, '_a6_': 1.0, '_a7_': 1.0}};{'d0': 0.024905832919416643};-280.569866449044;39.43325155577182
40441;-100.851681668750;(((x * (((-(_a5_) * x) + _a3_) / _a2_)) + pow2(_a2_)) * x);{'d0': {'_a2_': 1.3323420747505739, '_a3_': 2.8067438795796544, '_a5_': -4.499000592596735, '_a0_': 1.0, '_a1_': 1.0, '_a4_': 1.0, '_a6_': 1.0, '_a7_': 1.0}};{'d0': 0.024905832919416643};-280.569866449044;39.43325155577182
40442;-100.851681668750;(((x * (((-(_a5_) * x) + _a3_) / _a2_)) + pow2(_a2_)) * x);{'d0': {'_a2_': 1.3323420747505739, '_a3_': 2.8067438795796544, '_a5_': -4.499000592596735, '_a0_': 1.0, '_a1_': 1.0, '_a4_': 1.0, '_a6_': 1.0, '_a7_': 1.0}};{'d0': 0.024905832919416643};-280.569866449044;39.43325155577182
40443;-100.851681668750;(((x * (((-(_a5_) * x) + _a3_) / _a2_)) + pow2(_a2_)) * x);{'d0': {'_a2_': 1.3323420747505739, '_a3_': 2.8067438795796544, '_a5_': -4.499000592596735, '_a0_': 1.0, '_a1_': 1.0, '_a4_': 1.0, '_a6_': 1.0, '_a7_': 1.0}};{'d0': 0.024905832919416643};-280.569866449044;39.43325155577182
40444;-100.851681668750;(((x * (((-(_a5_) * x) + _a3_) / _a2_)) + pow2(_a2_)) * x);{'d0': {'_a2_': 1.3323420747505739, '_a3_': 2.8067438795796544, '_a5_': -4.499000592596735, '_a0_': 1.0, '_a1_': 1.0, '_a4_': 1.0, '_a6_': 1.0, '_a7_': 1.0}};{'d0': 0.024905832919416643};-280.569866449044;39.43325155577182
40445;-97.1712294304891;(((-(x) * (((-(_a5_) * x) + _a3_) / _a2_)) + pow2(_a2_)) * x);{'d0': {'_a2_': 1.3323420748583303, '_a3_': -2.8067438825923827, '_a5_': 4.499000595579181, '_a0_': 1.0, '_a1_': 1.0, '_a4_': 1.0, '_a6_': 1.0, '_a7_': 1.0}};{'d0': 0.02490583291941661};-280.569866449044;43.113703794032986
40446;-97.1712294304891;(((-(x) * (((-(_a5_) * x) + _a3_) / _a2_)) + pow2(_a2_)) * x);{'d0': {'_a2_': 1.3323420748583303, '_a3_': -2.8067438825923827, '_a5_': 4.499000595579181, '_a0_': 1.0, '_a1_': 1.0, '_a4_': 1.0, '_a6_': 1.0, '_a7_': 1.0}};{'d0': 0.02490583291941661};-280.569866449044;43.113703794032986
40447;-97.1712294304891;(((-(x) * (((-(_a5_) * x) + _a3_) / _a2_)) + pow2(_a2_)) * x);{'d0': {'_a2_': 1.3323420748583303, '_a3_': -2.8067438825923827, '_a5_': 4.499000595579181, '_a0_': 1.0, '_a1_': 1.0, '_a4_': 1.0, '_a6_': 1.0, '_a7_': 1.0}};{'d0': 0.02490583291941661};-280.569866449044;43.113703794032986
40448;-98.0221812714344;(((-(x) * (((-(_a5_) * x) + _a3_) * _a2_)) + pow2(_a2_)) * x);{'d0': {'_a2_': 1.3323420747991734, '_a3_': -1.5811435420356517, '_a5_': 2.5344548832316076, '_a0_': 1.0, '_a1_': 1.0, '_a4_': 1.0, '_a6_': 1.0, '_a7_': 1.0}};{'d0': 0.02490583291941664};-280.569866449044;42.26275195308759
40449;-98.0221812714344;(((-(x) * (((-(_a5_) * x) + _a3_) * _a2_)) + pow2(_a2_)) * x);{'d0': {'_a2_': 1.3323420747991734, '_a3_': -1.5811435420356517, '_a5_': 2.5344548832316076, '_a0_': 1.0, '_a1_': 1.0, '_a4_': 1.0, '_a6_': 1.0, '_a7_': 1.0}};{'d0': 0.02490583291941664};-280.569866449044;42.26275195308759
40450;-98.0221812714344;(((-(x) * (((-(_a5_) * x) + _a3_) * _a2_)) + pow2(_a2_)) * x);{'d0': {'_a2_': 1.3323420747991734, '_a3_': -1.5811435420356517, '_a5_': 2.5344548832316076, '_a0_': 1.0, '_a1_': 1.0, '_a4_': 1.0, '_a6_': 1.0, '_a7_': 1.0}};{'d0': 0.02490583291941664};-280.569866449044;42.26275195308759
40451;-98.0221812714344;(((-(x) * (((-(_a5_) * x) + _a3_) * _a2_)) + pow2(_a2_)) * x);{'d0': {'_a2_': 1.3323420747991734, '_a3_': -1.5811435420356517, '_a5_': 2.5344548832316076, '_a0_': 1.0, '_a1_': 1.0, '_a4_': 1.0, '_a6_': 1.0, '_a7_': 1.0}};{'d0': 0.02490583291941664};-280.569866449044;42.26275195308759
40452;-98.0221812714344;(((-(x) * (((-(_a5_) * x) + _a3_) * _a2_)) + pow2(_a2_)) * x);{'d0': {'_a2_': 1.3323420747991734, '_a3_': -1.5811435420356517, '_a5_': 2.5344548832316076, '_a0_': 1.0, '_a1_': 1.0, '_a4_': 1.0, '_a6_': 1.0, '_a7_': 1.0}};{'d0': 0.02490583291941664};-280.569866449044;42.26275195308759
40453;-98.0221812714344;(((-(x) * (((-(_a5_) * x) + _a3_) * _a2_)) + pow2(_a2_)) * x);{'d0': {'_a2_': 1.3323420747991734, '_a3_': -1.5811435420356517, '_a5_': 2.5344548832316076, '_a0_': 1.0, '_a1_': 1.0, '_a4_': 1.0, '_a6_': 1.0, '_a7_': 1.0}};{'d0': 0.02490583291941664};-280.569866449044;42.26275195308759
40454;-98.0221812714344;(((-(x) * (((-(_a5_) * x) + _a3_) * _a2_)) + pow2(_a2_)) * x);{'d0': {'_a2_': 1.3323420747991734, '_a3_': -1.5811435420356517, '_a5_': 2.5344548832316076, '_a0_': 1.0, '_a1_': 1.0, '_a4_': 1.0, '_a6_': 1.0, '_a7_': 1.0}};{'d0': 0.02490583291941664};-280.569866449044;42.26275195308759
40455;-98.0221812714344;(((-(x) * (((-(_a5_) * x) + _a3_) * _a2_)) + pow2(_a2_)) * x);{'d0': {'_a2_': 1.3323420747991734, '_a3_': -1.5811435420356517, '_a5_': 2.5344548832316076, '_a0_': 1.0, '_a1_': 1.0, '_a4_': 1.0, '_a6_': 1.0, '_a7_': 1.0}};{'d0': 0.02490583291941664};-280.569866449044;42.26275195308759
40456;-98.0221812714344;(((-(x) * (((-(_a5_) * x) + _a3_) * _a2_)) + pow2(_a2_)) * x);{'d0': {'_a2_': 1.3323420747991734, '_a3_': -1.5811435420356517, '_a5_': 2.5344548832316076, '_a0_': 1.0, '_a1_': 1.0, '_a4_': 1.0, '_a6_': 1.0, '_a7_': 1.0}};{'d0': 0.02490583291941664};-280.569866449044;42.26275195308759
40457;-98.0221812714344;(((-(x) * (((-(_a5_) * x) + _a3_) * _a2_)) + pow2(_a2_)) * x);{'d0': {'_a2_': 1.3323420747991734, '_a3_': -1.5811435420356517, '_a5_': 2.5344548832316076, '_a0_': 1.0, '_a1_': 1.0, '_a4_': 1.0, '_a6_': 1.0, '_a7_': 1.0}};{'d0': 0.02490583291941664};-280.569866449044;42.26275195308759
40458;-98.0221812714344;(((-(x) * (((-(_a5_) * x) + _a3_) * _a2_)) + pow2(_a2_)) * x);{'d0': {'_a2_': 1.3323420747991734, '_a3_': -1.5811435420356517, '_a5_': 2.5344548832316076, '_a0_': 1.0, '_a1_': 1.0, '_a4_': 1.0, '_a6_': 1.0, '_a7_': 1.0}};{'d0': 0.02490583291941664};-280.569866449044;42.26275195308759
40459;-98.0221812714344;(((-(x) * (((-(_a5_) * x) + _a3_) * _a2_)) + pow2(_a2_)) * x);{'d0': {'_a2_': 1.3323420747991734, '_a3_': -1.5811435420356517, '_a5_': 2.5344548832316076, '_a0_': 1.0, '_a1_': 1.0, '_a4_': 1.0, '_a6_': 1.0, '_a7_': 1.0}};{'d0': 0.02490583291941664};-280.569866449044;42.26275195308759
40460;-108.229563301620;((((_a1_ * _a2_) + ((_a2_ + x) * x)) * x) / _a7_);{'d0': {'_a1_': 0.842644603277547, '_a2_': 0.6238594154982838, '_a7_': 0.29614178649527706, '_a0_': 1.0, '_a3_': 1.0, '_a4_': 1.0, '_a5_': 1.0, '_a6_': 1.0}};{'d0': 0.02490583291941667};-280.569866449043;32.05536992290147
40461;-108.229563301620;((((_a1_ * _a2_) + ((_a2_ + x) * x)) * x) / _a7_);{'d0': {'_a1_': 0.842644603277547, '_a2_': 0.6238594154982838, '_a7_': 0.29614178649527706, '_a0_': 1.0, '_a3_': 1.0, '_a4_': 1.0, '_a5_': 1.0, '_a6_': 1.0}};{'d0': 0.02490583291941667};-280.569866449043;32.05536992290147
40462;-108.229563301620;((((_a1_ * _a2_) + ((_a2_ + x) * x)) * x) / _a7_);{'d0': {'_a1_': 0.842644603277547, '_a2_': 0.6238594154982838, '_a7_': 0.29614178649527706, '_a0_': 1.0, '_a3_': 1.0, '_a4_': 1.0, '_a5_': 1.0, '_a6_': 1.0}};{'d0': 0.02490583291941667};-280.569866449043;32.05536992290147
40463;-108.229563301620;((((_a1_ * _a2_) + ((_a2_ + x) * x)) * x) / _a7_);{'d0': {'_a1_': 0.842644603277547, '_a2_': 0.6238594154982838, '_a7_': 0.29614178649527706, '_a0_': 1.0, '_a3_': 1.0, '_a4_': 1.0, '_a5_': 1.0, '_a6_': 1.0}};{'d0': 0.02490583291941667};-280.569866449043;32.05536992290147
40464;-108.229563301620;((((_a1_ * _a2_) + ((_a2_ + x) * x)) * x) / _a7_);{'d0': {'_a1_': 0.842644603277547, '_a2_': 0.6238594154982838, '_a7_': 0.29614178649527706, '_a0_': 1.0, '_a3_': 1.0, '_a4_': 1.0, '_a5_': 1.0, '_a6_': 1.0}};{'d0': 0.02490583291941667};-280.569866449043;32.05536992290147
40465;-108.229563301620;((((_a1_ * _a2_) + ((_a2_ + x) * x)) * x) / _a7_);{'d0': {'_a1_': 0.842644603277547, '_a2_': 0.6238594154982838, '_a7_': 0.29614178649527706, '_a0_': 1.0, '_a3_': 1.0, '_a4_': 1.0, '_a5_': 1.0, '_a6_': 1.0}};{'d0': 0.02490583291941667};-280.569866449043;32.05536992290147
40466;-108.229563301620;((((_a1_ * _a2_) + ((_a2_ + x) * x)) * x) / _a7_);{'d0': {'_a1_': 0.842644603277547, '_a2_': 0.6238594154982838, '_a7_': 0.29614178649527706, '_a0_': 1.0, '_a3_': 1.0, '_a4_': 1.0, '_a5_': 1.0, '_a6_': 1.0}};{'d0': 0.02490583291941667};-280.569866449043;32.05536992290147
40467;-108.229563301620;((((_a1_ * _a2_) + ((_a2_ + x) * x)) * x) / _a7_);{'d0': {'_a1_': 0.842644603277547, '_a2_': 0.6238594154982838, '_a7_': 0.29614178649527706, '_a0_': 1.0, '_a3_': 1.0, '_a4_': 1.0, '_a5_': 1.0, '_a6_': 1.0}};{'d0': 0.02490583291941667};-280.569866449043;32.05536992290147
40468;-108.229563301620;((((_a1_ * _a2_) + ((_a2_ + x) * x)) * x) / _a7_);{'d0': {'_a1_': 0.842644603277547, '_a2_': 0.6238594154982838, '_a7_': 0.29614178649527706, '_a0_': 1.0, '_a3_': 1.0, '_a4_': 1.0, '_a5_': 1.0, '_a6_': 1.0}};{'d0': 0.02490583291941667};-280.569866449043;32.05536992290147
40469;-108.229563301620;((((_a1_ * _a2_) + ((_a2_ + x) * x)) * x) / _a7_);{'d0': {'_a1_': 0.842644603277547, '_a2_': 0.6238594154982838, '_a7_': 0.29614178649527706, '_a0_': 1.0, '_a3_': 1.0, '_a4_': 1.0, '_a5_': 1.0, '_a6_': 1.0}};{'d0': 0.02490583291941667};-280.569866449043;32.05536992290147
40470;-108.229563301620;((((_a1_ * _a2_) + ((_a2_ + x) * x)) * x) / _a7_);{'d0': {'_a1_': 0.842644603277547, '_a2_': 0.6238594154982838, '_a7_': 0.29614178649527706, '_a0_': 1.0, '_a3_': 1.0, '_a4_': 1.0, '_a5_': 1.0, '_a6_': 1.0}};{'d0': 0.02490583291941667};-280.569866449043;32.05536992290147
40471;-108.229563301620;((((_a1_ * _a2_) + ((_a2_ + x) * x)) * x) / _a7_);{'d0': {'_a1_': 0.842644603277547, '_a2_': 0.6238594154982838, '_a7_': 0.29614178649527706, '_a0_': 1.0, '_a3_': 1.0, '_a4_': 1.0, '_a5_': 1.0, '_a6_': 1.0}};{'d0': 0.02490583291941667};-280.569866449043;32.05536992290147
40472;-108.229563301620;((((_a1_ * _a2_) + ((_a2_ + x) * x)) * x) / _a7_);{'d0': {'_a1_': 0.842644603277547, '_a2_': 0.6238594154982838, '_a7_': 0.29614178649527706, '_a0_': 1.0, '_a3_': 1.0, '_a4_': 1.0, '_a5_': 1.0, '_a6_': 1.0}};{'d0': 0.02490583291941667};-280.569866449043;32.05536992290147
40473;-108.229563301620;((((_a1_ * _a2_) + ((_a2_ + x) * x)) * x) / _a7_);{'d0': {'_a1_': 0.842644603277547, '_a2_': 0.6238594154982838, '_a7_': 0.29614178649527706, '_a0_': 1.0, '_a3_': 1.0, '_a4_': 1.0, '_a5_': 1.0, '_a6_': 1.0}};{'d0': 0.02490583291941667};-280.569866449043;32.05536992290147
40474;-108.229563301620;((((_a1_ * _a2_) + ((_a2_ + x) * x)) * x) / _a7_);{'d0': {'_a1_': 0.842644603277547, '_a2_': 0.6238594154982838, '_a7_': 0.29614178649527706, '_a0_': 1.0, '_a3_': 1.0, '_a4_': 1.0, '_a5_': 1.0, '_a6_': 1.0}};{'d0': 0.02490583291941667};-280.569866449043;32.05536992290147
40475;-108.229563301620;((((_a1_ * _a2_) + ((_a2_ + x) * x)) * x) / _a7_);{'d0': {'_a1_': 0.842644603277547, '_a2_': 0.6238594154982838, '_a7_': 0.29614178649527706, '_a0_': 1.0, '_a3_': 1.0, '_a4_': 1.0, '_a5_': 1.0, '_a6_': 1.0}};{'d0': 0.02490583291941667};-280.569866449043;32.05536992290147
40476;-108.229563301620;((((_a1_ * _a2_) + ((_a2_ + x) * x)) * x) / _a7_);{'d0': {'_a1_': 0.842644603277547, '_a2_': 0.6238594154982838, '_a7_': 0.29614178649527706, '_a0_': 1.0, '_a3_': 1.0, '_a4_': 1.0, '_a5_': 1.0, '_a6_': 1.0}};{'d0': 0.02490583291941667};-280.569866449043;32.05536992290147
40477;-102.870231271510;((((log(_a4_) * _a2_) + ((_a2_ + x) * x)) * x) / _a7_);{'d0': {'_a2_': 0.6238594155400263, '_a4_': 2.3225009585632774, '_a7_': 0.29614178679582426, '_a0_': 1.0, '_a1_': 1.0, '_a3_': 1.0, '_a5_': 1.0, '_a6_': 1.0}};{'d0': 0.024905832919416615};-280.569866449044;37.41470195301147
40478;-102.870231271510;((((log(_a4_) * _a2_) + ((_a2_ + x) * x)) * x) / _a7_);{'d0': {'_a2_': 0.6238594155400263, '_a4_': 2.3225009585632774, '_a7_': 0.29614178679582426, '_a0_': 1.0, '_a1_': 1.0, '_a3_': 1.0, '_a5_': 1.0, '_a6_': 1.0}};{'d0': 0.024905832919416615};-280.569866449044;37.41470195301147
40479;-102.870231271510;((((log(_a4_) * _a2_) + ((_a2_ + x) * x)) * x) / _a7_);{'d0': {'_a2_': 0.6238594155400263, '_a4_': 2.3225009585632774, '_a7_': 0.29614178679582426, '_a0_': 1.0, '_a1_': 1.0, '_a3_': 1.0, '_a5_': 1.0, '_a6_': 1.0}};{'d0': 0.024905832919416615};-280.569866449044;37.41470195301147
40480;-102.870231271510;((((log(_a4_) * _a2_) + ((_a2_ + x) * x)) * x) / _a7_);{'d0': {'_a2_': 0.6238594155400263, '_a4_': 2.3225009585632774, '_a7_': 0.29614178679582426, '_a0_': 1.0, '_a1_': 1.0, '_a3_': 1.0, '_a5_': 1.0, '_a6_': 1.0}};{'d0': 0.024905832919416615};-280.569866449044;37.41470195301147
40481;-102.870231271510;((((log(_a4_) * _a2_) + ((_a2_ + x) * x)) * x) / _a7_);{'d0': {'_a2_': 0.6238594155400263, '_a4_': 2.3225009585632774, '_a7_': 0.29614178679582426, '_a0_': 1.0, '_a1_': 1.0, '_a3_': 1.0, '_a5_': 1.0, '_a6_': 1.0}};{'d0': 0.024905832919416615};-280.569866449044;37.41470195301147
40482;-102.870231271510;((((log(_a4_) * _a2_) + ((_a2_ + x) * x)) * x) / _a7_);{'d0': {'_a2_': 0.6238594155400263, '_a4_': 2.3225009585632774, '_a7_': 0.29614178679582426, '_a0_': 1.0, '_a1_': 1.0, '_a3_': 1.0, '_a5_': 1.0, '_a6_': 1.0}};{'d0': 0.024905832919416615};-280.569866449044;37.41470195301147
40483;-102.870231271510;((((log(_a4_) * _a2_) + ((_a2_ + x) * x)) * x) / _a7_);{'d0': {'_a2_': 0.6238594155400263, '_a4_': 2.3225009585632774, '_a7_': 0.29614178679582426, '_a0_': 1.0, '_a1_': 1.0, '_a3_': 1.0, '_a5_': 1.0, '_a6_': 1.0}};{'d0': 0.024905832919416615};-280.569866449044;37.41470195301147
40484;-102.870231271510;((((log(_a4_) * _a2_) + ((_a2_ + x) * x)) * x) / _a7_);{'d0': {'_a2_': 0.6238594155400263, '_a4_': 2.3225009585632774, '_a7_': 0.29614178679582426, '_a0_': 1.0, '_a1_': 1.0, '_a3_': 1.0, '_a5_': 1.0, '_a6_': 1.0}};{'d0': 0.024905832919416615};-280.569866449044;37.41470195301147
40485;-102.870231271510;((((log(_a4_) * _a2_) + ((_a2_ + x) * x)) * x) / _a7_);{'d0': {'_a2_': 0.6238594155400263, '_a4_': 2.3225009585632774, '_a7_': 0.29614178679582426, '_a0_': 1.0, '_a1_': 1.0, '_a3_': 1.0, '_a5_': 1.0, '_a6_': 1.0}};{'d0': 0.024905832919416615};-280.569866449044;37.41470195301147
40486;-102.870231271510;((((log(_a4_) * _a2_) + ((_a2_ + x) * x)) * x) / _a7_);{'d0': {'_a2_': 0.6238594155400263, '_a4_': 2.3225009585632774, '_a7_': 0.29614178679582426, '_a0_': 1.0, '_a1_': 1.0, '_a3_': 1.0, '_a5_': 1.0, '_a6_': 1.0}};{'d0': 0.024905832919416615};-280.569866449044;37.41470195301147
40487;-102.870231271510;((((log(_a4_) * _a2_) + ((_a2_ + x) * x)) * x) / _a7_);{'d0': {'_a2_': 0.6238594155400263, '_a4_': 2.3225009585632774, '_a7_': 0.29614178679582426, '_a0_': 1.0, '_a1_': 1.0, '_a3_': 1.0, '_a5_': 1.0, '_a6_': 1.0}};{'d0': 0.024905832919416615};-280.569866449044;37.41470195301147
40488;-102.870231271510;((((log(_a4_) * _a2_) + ((_a2_ + x) * x)) * x) / _a7_);{'d0': {'_a2_': 0.6238594155400263, '_a4_': 2.3225009585632774, '_a7_': 0.29614178679582426, '_a0_': 1.0, '_a1_': 1.0, '_a3_': 1.0, '_a5_': 1.0, '_a6_': 1.0}};{'d0': 0.024905832919416615};-280.569866449044;37.41470195301147
40489;-102.870231271510;((((log(_a4_) * _a2_) + ((_a2_ + x) * x)) * x) / _a7_);{'d0': {'_a2_': 0.6238594155400263, '_a4_': 2.3225009585632774, '_a7_': 0.29614178679582426, '_a0_': 1.0, '_a1_': 1.0, '_a3_': 1.0, '_a5_': 1.0, '_a6_': 1.0}};{'d0': 0.024905832919416615};-280.569866449044;37.41470195301147
40490;-102.870231271510;((((log(_a4_) * _a2_) + ((_a2_ + x) * x)) * x) / _a7_);{'d0': {'_a2_': 0.6238594155400263, '_a4_': 2.3225009585632774, '_a7_': 0.29614178679582426, '_a0_': 1.0, '_a1_': 1.0, '_a3_': 1.0, '_a5_': 1.0, '_a6_': 1.0}};{'d0': 0.024905832919416615};-280.569866449044;37.41470195301147
40491;-102.308962252590;(((((_a1_ + _a7_) * _a2_) + ((_a2_ + x) * x)) * x) / _a7_);{'d0': {'_a1_': 0.5465028174004017, '_a2_': 0.6238594155847734, '_a7_': 0.2961417867170931, '_a0_': 1.0, '_a3_': 1.0, '_a4_': 1.0, '_a5_': 1.0, '_a6_': 1.0}};{'d0': 0.024905832919416653};-280.569866449044;37.975970971931474
40492;-102.308962252590;(((((_a1_ + _a7_) * _a2_) + ((_a2_ + x) * x)) * x) / _a7_);{'d0': {'_a1_': 0.5465028174004017, '_a2_': 0.6238594155847734, '_a7_': 0.2961417867170931, '_a0_': 1.0, '_a3_': 1.0, '_a4_': 1.0, '_a5_': 1.0, '_a6_': 1.0}};{'d0': 0.024905832919416653};-280.569866449044;37.975970971931474
40493;-102.308962252590;(((((_a1_ + _a7_) * _a2_) + ((_a2_ + x) * x)) * x) / _a7_);{'d0': {'_a1_': 0.5465028174004017, '_a2_': 0.6238594155847734, '_a7_': 0.2961417867170931, '_a0_': 1.0, '_a3_': 1.0, '_a4_': 1.0, '_a5_': 1.0, '_a6_': 1.0}};{'d0': 0.024905832919416653};-280.569866449044;37.975970971931474
40494;-102.308962252590;(((((_a1_ + _a7_) * _a2_) + ((_a2_ + x) * x)) * x) / _a7_);{'d0': {'_a1_': 0.5465028174004017, '_a2_': 0.6238594155847734, '_a7_': 0.2961417867170931, '_a0_': 1.0, '_a3_': 1.0, '_a4_': 1.0, '_a5_': 1.0, '_a6_': 1.0}};{'d0': 0.024905832919416653};-280.569866449044;37.975970971931474
40495;-102.308962252590;(((((_a1_ + _a7_) * _a2_) + ((_a2_ + x) * x)) * x) / _a7_);{'d0': {'_a1_': 0.5465028174004017, '_a2_': 0.6238594155847734, '_a7_': 0.2961417867170931, '_a0_': 1.0, '_a3_': 1.0, '_a4_': 1.0, '_a5_': 1.0, '_a6_': 1.0}};{'d0': 0.024905832919416653};-280.569866449044;37.975970971931474
40496;-102.308962252590;(((((_a1_ + _a7_) * _a2_) + ((_a2_ + x) * x)) * x) / _a7_);{'d0': {'_a1_': 0.5465028174004017, '_a2_': 0.6238594155847734, '_a7_': 0.2961417867170931, '_a0_': 1.0, '_a3_': 1.0, '_a4_': 1.0, '_a5_': 1.0, '_a6_': 1.0}};{'d0': 0.024905832919416653};-280.569866449044;37.975970971931474
40497;-102.308962252590;(((((_a1_ + _a7_) * _a2_) + ((_a2_ + x) * x)) * x) / _a7_);{'d0': {'_a1_': 0.5465028174004017, '_a2_': 0.6238594155847734, '_a7_': 0.2961417867170931, '_a0_': 1.0, '_a3_': 1.0, '_a4_': 1.0, '_a5_': 1.0, '_a6_': 1.0}};{'d0': 0.024905832919416653};-280.569866449044;37.975970971931474
40498;-102.308962252590;(((((_a1_ + _a7_) * _a2_) + ((_a2_ + x) * x)) * x) / _a7_);{'d0': {'_a1_': 0.5465028174004017, '_a2_': 0.6238594155847734, '_a7_': 0.2961417867170931, '_a0_': 1.0, '_a3_': 1.0, '_a4_': 1.0, '_a5_': 1.0, '_a6_': 1.0}};{'d0': 0.024905832919416653};-280.569866449044;37.975970971931474
40499;-102.308962252590;(((((_a1_ + _a7_) * _a2_) + ((_a2_ + x) * x)) * x) / _a7_);{'d0': {'_a1_': 0.5465028174004017, '_a2_': 0.6238594155847734, '_a7_': 0.2961417867170931, '_a0_': 1.0, '_a3_': 1.0, '_a4_': 1.0, '_a5_': 1.0, '_a6_': 1.0}};{'d0': 0.024905832919416653};-280.569866449044;37.975970971931474
40500;-102.308962252590;(((((_a1_ + _a7_) * _a2_) + ((_a2_ + x) * x)) * x) / _a7_);{'d0': {'_a1_': 0.5465028174004017, '_a2_': 0.6238594155847734, '_a7_': 0.2961417867170931, '_a0_': 1.0, '_a3_': 1.0, '_a4_': 1.0, '_a5_': 1.0, '_a6_': 1.0}};{'d0': 0.024905832919416653};-280.569866449044;37.975970971931474
40501;-102.308962252590;(((((_a1_ + _a7_) * _a2_) + ((_a2_ + x) * x)) * x) / _a7_);{'d0': {'_a1_': 0.5465028174004017, '_a2_': 0.6238594155847734, '_a7_': 0.2961417867170931, '_a0_': 1.0, '_a3_': 1.0, '_a4_': 1.0, '_a5_': 1.0, '_a6_': 1.0}};{'d0': 0.024905832919416653};-280.569866449044;37.975970971931474
40502;-102.308962252590;(((((_a1_ + _a7_) * _a2_) + ((_a2_ + x) * x)) * x) / _a7_);{'d0': {'_a1_': 0.5465028174004017, '_a2_': 0.6238594155847734, '_a7_': 0.2961417867170931, '_a0_': 1.0, '_a3_': 1.0, '_a4_': 1.0, '_a5_': 1.0, '_a6_': 1.0}};{'d0': 0.024905832919416653};-280.569866449044;37.975970971931474
40503;-102.308962252590;(((((_a1_ + _a7_) * _a2_) + ((_a2_ + x) * x)) * x) / _a7_);{'d0': {'_a1_': 0.5465028174004017, '_a2_': 0.6238594155847734, '_a7_': 0.2961417867170931, '_a0_': 1.0, '_a3_': 1.0, '_a4_': 1.0, '_a5_': 1.0, '_a6_': 1.0}};{'d0': 0.024905832919416653};-280.569866449044;37.975970971931474
40504;-102.308962252590;(((((_a1_ + _a7_) * _a2_) + ((_a2_ + x) * x)) * x) / _a7_);{'d0': {'_a1_': 0.5465028174004017, '_a2_': 0.6238594155847734, '_a7_': 0.2961417867170931, '_a0_': 1.0, '_a3_': 1.0, '_a4_': 1.0, '_a5_': 1.0, '_a6_': 1.0}};{'d0': 0.024905832919416653};-280.569866449044;37.975970971931474
40505;-102.308962252590;(((((_a1_ + _a7_) * _a2_) + ((_a2_ + x) * x)) * x) / _a7_);{'d0': {'_a1_': 0.5465028174004017, '_a2_': 0.6238594155847734, '_a7_': 0.2961417867170931, '_a0_': 1.0, '_a3_': 1.0, '_a4_': 1.0, '_a5_': 1.0, '_a6_': 1.0}};{'d0': 0.024905832919416653};-280.569866449044;37.975970971931474
40506;-102.308962252590;(((((_a1_ + _a7_) * _a2_) + ((_a2_ + x) * x)) * x) / _a7_);{'d0': {'_a1_': 0.5465028174004017, '_a2_': 0.6238594155847734, '_a7_': 0.2961417867170931, '_a0_': 1.0, '_a3_': 1.0, '_a4_': 1.0, '_a5_': 1.0, '_a6_': 1.0}};{'d0': 0.024905832919416653};-280.569866449044;37.975970971931474
40507;-102.308962252590;(((((_a1_ + _a7_) * _a2_) + ((_a2_ + x) * x)) * x) / _a7_);{'d0': {'_a1_': 0.5465028174004017, '_a2_': 0.6238594155847734, '_a7_': 0.2961417867170931, '_a0_': 1.0, '_a3_': 1.0, '_a4_': 1.0, '_a5_': 1.0, '_a6_': 1.0}};{'d0': 0.024905832919416653};-280.569866449044;37.975970971931474
40508;-102.308962252590;(((((_a1_ + _a7_) * _a2_) + ((_a2_ + x) * x)) * x) / _a7_);{'d0': {'_a1_': 0.5465028174004017, '_a2_': 0.6238594155847734, '_a7_': 0.2961417867170931, '_a0_': 1.0, '_a3_': 1.0, '_a4_': 1.0, '_a5_': 1.0, '_a6_': 1.0}};{'d0': 0.024905832919416653};-280.569866449044;37.975970971931474
40509;-95.3124500460223;(((((_a1_ + _a7_) * _a2_) + (((_a3_ * _a2_) + x) * x)) * x) / _a7_);{'d0': {'_a1_': 0.5465028174004017, '_a2_': 0.6238594155847734, '_a3_': 1.0, '_a7_': 0.2961417867170931, '_a0_': 1.0, '_a4_': 1.0, '_a5_': 1.0, '_a6_': 1.0}};{'d0': 0.024905832919416653};-276.475521886821;42.92531089738847
40510;-95.3124500460223;(((((_a1_ + _a7_) * _a2_) + (((_a3_ * _a2_) + x) * x)) * x) / _a7_);{'d0': {'_a1_': 0.5465028174004017, '_a2_': 0.6238594155847734, '_a3_': 1.0, '_a7_': 0.2961417867170931, '_a0_': 1.0, '_a4_': 1.0, '_a5_': 1.0, '_a6_': 1.0}};{'d0': 0.024905832919416653};-276.475521886821;42.92531089738847
40511;-95.3124500460223;(((((_a1_ + _a7_) * _a2_) + (((_a3_ * _a2_) + x) * x)) * x) / _a7_);{'d0': {'_a1_': 0.5465028174004017, '_a2_': 0.6238594155847734, '_a3_': 1.0, '_a7_': 0.2961417867170931, '_a0_': 1.0, '_a4_': 1.0, '_a5_': 1.0, '_a6_': 1.0}};{'d0': 0.024905832919416653};-276.475521886821;42.92531089738847
40512;-95.3124500460223;(((((_a1_ + _a7_) * _a2_) + (((_a3_ * _a2_) + x) * x)) * x) / _a7_);{'d0': {'_a1_': 0.5465028174004017, '_a2_': 0.6238594155847734, '_a3_': 1.0, '_a7_': 0.2961417867170931, '_a0_': 1.0, '_a4_': 1.0, '_a5_': 1.0, '_a6_': 1.0}};{'d0': 0.024905832919416653};-276.475521886821;42.92531089738847
40513;-95.3124500460223;(((((_a1_ + _a7_) * _a2_) + (((_a3_ * _a2_) + x) * x)) * x) / _a7_);{'d0': {'_a1_': 0.5465028174004017, '_a2_': 0.6238594155847734, '_a3_': 1.0, '_a7_': 0.2961417867170931, '_a0_': 1.0, '_a4_': 1.0, '_a5_': 1.0, '_a6_': 1.0}};{'d0': 0.024905832919416653};-276.475521886821;42.92531089738847
40514;-96.0910445735714;(((((_a1_ + _a7_) * _a2_) + (((_a3_ * _a2_) + x) * x)) * x) * _a7_);{'d0': {'_a1_': -1.0479204612799813, '_a2_': 0.22573082789126434, '_a3_': 2.763727915849221, '_a7_': 3.3767608773026425, '_a0_': 1.0, '_a4_': 1.0, '_a5_': 1.0, '_a6_': 1.0}};{'d0': 0.024905832941893573};-276.475521832673;42.146716342765075
40515;-90.9969901013980;((((((_a1_ + _a7_) * _a2_) + (((_a3_ * _a2_) + x) * x)) * x) * _a7_) * _a3_);{'d0': {'_a1_': -2.010219264311454, '_a2_': 0.5484682877607228, '_a3_': 1.1374574906147632, '_a7_': 2.9686916812681456, '_a0_': 1.0, '_a4_': 1.0, '_a5_': 1.0, '_a6_': 1.0}};{'d0': 0.024905832920368617};-276.475521884528;47.24077084086608
40516;-90.9969901013980;((((((_a1_ + _a7_) * _a2_) + (((_a3_ * _a2_) + x) * x)) * x) * _a7_) * _a3_);{'d0': {'_a1_': -2.010219264311454, '_a2_': 0.5484682877607228, '_a3_': 1.1374574906147632, '_a7_': 2.9686916812681456, '_a0_': 1.0, '_a4_': 1.0, '_a5_': 1.0, '_a6_': 1.0}};{'d0': 0.024905832920368617};-276.475521884528;47.24077084086608
40517;-90.9969901013980;((((((_a1_ + _a7_) * _a2_) + (((_a3_ * _a2_) + x) * x)) * x) * _a7_) * _a3_);{'d0': {'_a1_': -2.010219264311454, '_a2_': 0.5484682877607228, '_a3_': 1.1374574906147632, '_a7_': 2.9686916812681456, '_a0_': 1.0, '_a4_': 1.0, '_a5_': 1.0, '_a6_': 1.0}};{'d0': 0.024905832920368617};-276.475521884528;47.24077084086608
40518;-90.9969901013980;((((((_a1_ + _a7_) * _a2_) + (((_a3_ * _a2_) + x) * x)) * x) * _a7_) * _a3_);{'d0': {'_a1_': -2.010219264311454, '_a2_': 0.5484682877607228, '_a3_': 1.1374574906147632, '_a7_': 2.9686916812681456, '_a0_': 1.0, '_a4_': 1.0, '_a5_': 1.0, '_a6_': 1.0}};{'d0': 0.024905832920368617};-276.475521884528;47.24077084086608
40519;-90.9969901013980;((((((_a1_ + _a7_) * _a2_) + (((_a3_ * _a2_) + x) * x)) * x) * _a7_) * _a3_);{'d0': {'_a1_': -2.010219264311454, '_a2_': 0.5484682877607228, '_a3_': 1.1374574906147632, '_a7_': 2.9686916812681456, '_a0_': 1.0, '_a4_': 1.0, '_a5_': 1.0, '_a6_': 1.0}};{'d0': 0.024905832920368617};-276.475521884528;47.24077084086608
40520;-90.9969901013980;((((((_a1_ + _a7_) * _a2_) + (((_a3_ * _a2_) + x) * x)) * x) * _a7_) * _a3_);{'d0': {'_a1_': -2.010219264311454, '_a2_': 0.5484682877607228, '_a3_': 1.1374574906147632, '_a7_': 2.9686916812681456, '_a0_': 1.0, '_a4_': 1.0, '_a5_': 1.0, '_a6_': 1.0}};{'d0': 0.024905832920368617};-276.475521884528;47.24077084086608
40521;-88.9498178202916;((((((_a1_ + _a7_) * _a6_) + (((_a3_ * _a2_) + x) * x)) * x) * _a7_) * _a3_);{'d0': {'_a1_': -1.7677046814505617, '_a2_': 0.5299645546359107, '_a3_': 1.1771719631450555, '_a6_': 0.4775403800853637, '_a7_': 2.868536610303267, '_a0_': 1.0, '_a4_': 1.0, '_a5_': 1.0}};{'d0': 0.024905832920364773};-272.381177322315;47.24077084086608
40522;-88.9498178202916;((((((_a1_ + _a7_) * _a6_) + (((_a3_ * _a2_) + x) * x)) * x) * _a7_) * _a3_);{'d0': {'_a1_': -1.7677046814505617, '_a2_': 0.5299645546359107, '_a3_': 1.1771719631450555, '_a6_': 0.4775403800853637, '_a7_': 2.868536610303267, '_a0_': 1.0, '_a4_': 1.0, '_a5_': 1.0}};{'d0': 0.024905832920364773};-272.381177322315;47.24077084086608
40523;-88.9498178202916;((((((_a1_ + _a7_) * _a6_) + (((_a3_ * _a2_) + x) * x)) * x) * _a7_) * _a3_);{'d0': {'_a1_': -1.7677046814505617, '_a2_': 0.5299645546359107, '_a3_': 1.1771719631450555, '_a6_': 0.4775403800853637, '_a7_': 2.868536610303267, '_a0_': 1.0, '_a4_': 1.0, '_a5_': 1.0}};{'d0': 0.024905832920364773};-272.381177322315;47.24077084086608
40524;-88.9498178202916;((((((_a1_ + _a7_) * _a6_) + (((_a3_ * _a2_) + x) * x)) * x) * _a7_) * _a3_);{'d0': {'_a1_': -1.7677046814505617, '_a2_': 0.5299645546359107, '_a3_': 1.1771719631450555, '_a6_': 0.4775403800853637, '_a7_': 2.868536610303267, '_a0_': 1.0, '_a4_': 1.0, '_a5_': 1.0}};{'d0': 0.024905832920364773};-272.381177322315;47.24077084086608
40525;-91.1724843976830;(((((pow2(_a5_) * _a6_) + (((_a3_ * _a2_) + x) * x)) * x) * _a7_) * _a3_);{'d0': {'_a2_': 0.4531198166438953, '_a3_': 1.376808895366256, '_a5_': 0.9741966048346556, '_a6_': 0.5539083867618985, '_a7_': 2.452599467382166, '_a0_': 1.0, '_a1_': 1.0, '_a4_': 1.0}};{'d0': 0.024905832919558314};-272.381177324258;45.01810426444608
40526;-91.1724843976830;(((((pow2(_a5_) * _a6_) + (((_a3_ * _a2_) + x) * x)) * x) * _a7_) * _a3_);{'d0': {'_a2_': 0.4531198166438953, '_a3_': 1.376808895366256, '_a5_': 0.9741966048346556, '_a6_': 0.5539083867618985, '_a7_': 2.452599467382166, '_a0_': 1.0, '_a1_': 1.0, '_a4_': 1.0}};{'d0': 0.024905832919558314};-272.381177324258;45.01810426444608
40527;-91.1724843976830;(((((pow2(_a5_) * _a6_) + (((_a3_ * _a2_) + x) * x)) * x) * _a7_) * _a3_);{'d0': {'_a2_': 0.4531198166438953, '_a3_': 1.376808895366256, '_a5_': 0.9741966048346556, '_a6_': 0.5539083867618985, '_a7_': 2.452599467382166, '_a0_': 1.0, '_a1_': 1.0, '_a4_': 1.0}};{'d0': 0.024905832919558314};-272.381177324258;45.01810426444608
40528;-91.1172993763200;((((((_a2_ / _a7_) * _a6_) + (((_a3_ * _a2_) + x) * x)) * x) * _a7_) * _a3_);{'d0': {'_a2_': 0.7005961768748687, '_a3_': 0.8904688929556063, '_a6_': 2.8454093334131643, '_a7_': 3.7921135799260646, '_a0_': 1.0, '_a1_': 1.0, '_a4_': 1.0, '_a5_': 1.0}};{'d0': 0.024905832926765795};-276.475521869117;47.12046155823848
40529;-91.1172993763200;((((((_a2_ / _a7_) * _a6_) + (((_a3_ * _a2_) + x) * x)) * x) * _a7_) * _a3_);{'d0': {'_a2_': 0.7005961768748687, '_a3_': 0.8904688929556063, '_a6_': 2.8454093334131643, '_a7_': 3.7921135799260646, '_a0_': 1.0, '_a1_': 1.0, '_a4_': 1.0, '_a5_': 1.0}};{'d0': 0.024905832926765795};-276.475521869117;47.12046155823848
40530;-97.6972348101062;((x * _a0_) + (((x * pow2(((_a3_ / _a6_) + x))) / _a6_) / _a3_));{'d0': {'_a0_': 1.4465760897967657, '_a3_': 0.30393325098590335, '_a6_': 0.9743645550398716, '_a1_': 1.0, '_a2_': 1.0, '_a4_': 1.0, '_a5_': 1.0, '_a7_': 1.0}};{'d0': 0.024905832919416667};-280.569866449044;42.5876984144155
40531;-97.6972348101062;((x * _a0_) + (((x * pow2(((_a3_ / _a6_) + x))) / _a6_) / _a3_));{'d0': {'_a0_': 1.4465760897967657, '_a3_': 0.30393325098590335, '_a6_': 0.9743645550398716, '_a1_': 1.0, '_a2_': 1.0, '_a4_': 1.0, '_a5_': 1.0, '_a7_': 1.0}};{'d0': 0.024905832919416667};-280.569866449044;42.5876984144155
40532;-97.6972348101062;((x * _a0_) + (((x * pow2(((_a3_ / _a6_) + x))) / _a6_) / _a3_));{'d0': {'_a0_': 1.4465760897967657, '_a3_': 0.30393325098590335, '_a6_': 0.9743645550398716, '_a1_': 1.0, '_a2_': 1.0, '_a4_': 1.0, '_a5_': 1.0, '_a7_': 1.0}};{'d0': 0.024905832919416667};-280.569866449044;42.5876984144155
40533;-97.6972348101062;((x * _a0_) + (((x * pow2(((_a3_ / _a6_) + x))) / _a6_) / _a3_));{'d0': {'_a0_': 1.4465760897967657, '_a3_': 0.30393325098590335, '_a6_': 0.9743645550398716, '_a1_': 1.0, '_a2_': 1.0, '_a4_': 1.0, '_a5_': 1.0, '_a7_': 1.0}};{'d0': 0.024905832919416667};-280.569866449044;42.5876984144155
40534;-97.6972348101062;((x * _a0_) + (((x * pow2(((_a3_ / _a6_) + x))) / _a6_) / _a3_));{'d0': {'_a0_': 1.4465760897967657, '_a3_': 0.30393325098590335, '_a6_': 0.9743645550398716, '_a1_': 1.0, '_a2_': 1.0, '_a4_': 1.0, '_a5_': 1.0, '_a7_': 1.0}};{'d0': 0.024905832919416667};-280.569866449044;42.5876984144155
40535;-93.9993003374962;((x * _a0_) + (((x * pow2(((_a3_ / _a6_) + x))) / _a6_) / pow2(_a3_)));{'d0': {'_a0_': 1.4465760896765005, '_a3_': 0.4520489626551449, '_a6_': 1.4492013787383073, '_a1_': 1.0, '_a2_': 1.0, '_a4_': 1.0, '_a5_': 1.0, '_a7_': 1.0}};{'d0': 0.024905832919416695};-280.569866449043;46.2856328870255
40536;-93.9993003374962;((x * _a0_) + (((x * pow2(((_a3_ / _a6_) + x))) / _a6_) / pow2(_a3_)));{'d0': {'_a0_': 1.4465760896765005, '_a3_': 0.4520489626551449, '_a6_': 1.4492013787383073, '_a1_': 1.0, '_a2_': 1.0, '_a4_': 1.0, '_a5_': 1.0, '_a7_': 1.0}};{'d0': 0.024905832919416695};-280.569866449043;46.2856328870255
40537;-91.8820794761572;((x * _a0_) + (((x * pow2(((_a3_ / _a6_) + x))) / _a6_) + pow2(_a3_)));{'d0': {'_a0_': 1.4605742179471863, '_a3_': 0.09273435222734339, '_a6_': 0.30022850404880386, '_a1_': 1.0, '_a2_': 1.0, '_a4_': 1.0, '_a5_': 1.0, '_a7_': 1.0}};{'d0': 0.026685699390552375};-276.428319124641;46.3320800861635
40538;-91.8820794761572;((x * _a0_) + (((x * pow2(((_a3_ / _a6_) + x))) / _a6_) + pow2(_a3_)));{'d0': {'_a0_': 1.4605742179471863, '_a3_': 0.09273435222734339, '_a6_': 0.30022850404880386, '_a1_': 1.0, '_a2_': 1.0, '_a4_': 1.0, '_a5_': 1.0, '_a7_': 1.0}};{'d0': 0.026685699390552375};-276.428319124641;46.3320800861635
40539;-91.8820794761572;((x * _a0_) + (((x * pow2(((_a3_ / _a6_) + x))) / _a6_) + pow2(_a3_)));{'d0': {'_a0_': 1.4605742179471863, '_a3_': 0.09273435222734339, '_a6_': 0.30022850404880386, '_a1_': 1.0, '_a2_': 1.0, '_a4_': 1.0, '_a5_': 1.0, '_a7_': 1.0}};{'d0': 0.026685699390552375};-276.428319124641;46.3320800861635
40540;-91.8820794761572;((x * _a0_) + (((x * pow2(((_a3_ / _a6_) + x))) / _a6_) + pow2(_a3_)));{'d0': {'_a0_': 1.4605742179471863, '_a3_': 0.09273435222734339, '_a6_': 0.30022850404880386, '_a1_': 1.0, '_a2_': 1.0, '_a4_': 1.0, '_a5_': 1.0, '_a7_': 1.0}};{'d0': 0.026685699390552375};-276.428319124641;46.3320800861635
40541;-91.8820794761572;((x * _a0_) + (((x * pow2(((_a3_ / _a6_) + x))) / _a6_) + pow2(_a3_)));{'d0': {'_a0_': 1.4605742179471863, '_a3_': 0.09273435222734339, '_a6_': 0.30022850404880386, '_a1_': 1.0, '_a2_': 1.0, '_a4_': 1.0, '_a5_': 1.0, '_a7_': 1.0}};{'d0': 0.026685699390552375};-276.428319124641;46.3320800861635
40542;-91.8820794761572;((x * _a0_) + (((x * pow2(((_a3_ / _a6_) + x))) / _a6_) + pow2(_a3_)));{'d0': {'_a0_': 1.4605742179471863, '_a3_': 0.09273435222734339, '_a6_': 0.30022850404880386, '_a1_': 1.0, '_a2_': 1.0, '_a4_': 1.0, '_a5_': 1.0, '_a7_': 1.0}};{'d0': 0.026685699390552375};-276.428319124641;46.3320800861635
40543;-91.8820794761572;((x * _a0_) + (((x * pow2(((_a3_ / _a6_) + x))) / _a6_) + pow2(_a3_)));{'d0': {'_a0_': 1.4605742179471863, '_a3_': 0.09273435222734339, '_a6_': 0.30022850404880386, '_a1_': 1.0, '_a2_': 1.0, '_a4_': 1.0, '_a5_': 1.0, '_a7_': 1.0}};{'d0': 0.026685699390552375};-276.428319124641;46.3320800861635
40544;-88.2435805529765;((((((_a2_ / _a7_) * _a6_) + ((_a0_ + x) * x)) * x) * (_a0_ + _a7_)) * _a3_);{'d0': {'_a0_': 0.6238594157685973, '_a2_': 0.701969386072798, '_a3_': 0.7629972001239933, '_a6_': 2.8470921632331323, '_a7_': 3.801793401684168, '_a1_': 1.0, '_a4_': 1.0, '_a5_': 1.0}};{'d0': 0.024905832919546015};-272.381177324288;47.94700810916748
40545;-88.2435805529765;((((((_a2_ / _a7_) * _a6_) + ((_a0_ + x) * x)) * x) * (_a0_ + _a7_)) * _a3_);{'d0': {'_a0_': 0.6238594157685973, '_a2_': 0.701969386072798, '_a3_': 0.7629972001239933, '_a6_': 2.8470921632331323, '_a7_': 3.801793401684168, '_a1_': 1.0, '_a4_': 1.0, '_a5_': 1.0}};{'d0': 0.024905832919546015};-272.381177324288;47.94700810916748
40546;-91.8820794761572;((x * _a0_) + (((x * pow2(((_a3_ / _a6_) + x))) / _a6_) + pow2(_a3_)));{'d0': {'_a0_': 1.4605742179471863, '_a3_': 0.09273435222734339, '_a6_': 0.30022850404880386, '_a1_': 1.0, '_a2_': 1.0, '_a4_': 1.0, '_a5_': 1.0, '_a7_': 1.0}};{'d0': 0.026685699390552375};-276.428319124641;46.3320800861635
40547;-91.8820794761572;((x * _a0_) + (((x * pow2(((_a3_ / _a6_) + x))) / _a6_) + pow2(_a3_)));{'d0': {'_a0_': 1.4605742179471863, '_a3_': 0.09273435222734339, '_a6_': 0.30022850404880386, '_a1_': 1.0, '_a2_': 1.0, '_a4_': 1.0, '_a5_': 1.0, '_a7_': 1.0}};{'d0': 0.026685699390552375};-276.428319124641;46.3320800861635
40548;-91.8820794761572;((x * _a0_) + (((x * pow2(((_a3_ / _a6_) + x))) / _a6_) + pow2(_a3_)));{'d0': {'_a0_': 1.4605742179471863, '_a3_': 0.09273435222734339, '_a6_': 0.30022850404880386, '_a1_': 1.0, '_a2_': 1.0, '_a4_': 1.0, '_a5_': 1.0, '_a7_': 1.0}};{'d0': 0.026685699390552375};-276.428319124641;46.3320800861635
40549;-91.8820794761572;((x * _a0_) + (((x * pow2(((_a3_ / _a6_) + x))) / _a6_) + pow2(_a3_)));{'d0': {'_a0_': 1.4605742179471863, '_a3_': 0.09273435222734339, '_a6_': 0.30022850404880386, '_a1_': 1.0, '_a2_': 1.0, '_a4_': 1.0, '_a5_': 1.0, '_a7_': 1.0}};{'d0': 0.026685699390552375};-276.428319124641;46.3320800861635
40550;-91.8820794761572;((x * _a0_) + (((x * pow2(((_a3_ / _a6_) + x))) / _a6_) + pow2(_a3_)));{'d0': {'_a0_': 1.4605742179471863, '_a3_': 0.09273435222734339, '_a6_': 0.30022850404880386, '_a1_': 1.0, '_a2_': 1.0, '_a4_': 1.0, '_a5_': 1.0, '_a7_': 1.0}};{'d0': 0.026685699390552375};-276.428319124641;46.3320800861635
40551;-91.8820794761572;((x * _a0_) + (((x * pow2(((_a3_ / _a6_) + x))) / _a6_) + pow2(_a3_)));{'d0': {'_a0_': 1.4605742179471863, '_a3_': 0.09273435222734339, '_a6_': 0.30022850404880386, '_a1_': 1.0, '_a2_': 1.0, '_a4_': 1.0, '_a5_': 1.0, '_a7_': 1.0}};{'d0': 0.026685699390552375};-276.428319124641;46.3320800861635
40552;-95.6281381831026;((x * _a0_) + (((x * pow2(((_a3_ / _a6_) + x))) / _a6_) + _a1_));{'d0': {'_a0_': 1.4448040008154173, '_a1_': -0.001024181551506292, '_a3_': 0.09232044591196008, '_a6_': 0.295637734392634, '_a2_': 1.0, '_a4_': 1.0, '_a5_': 1.0, '_a7_': 1.0}};{'d0': 0.024885482501866917};-276.524567593312;42.6341456135535
40553;-95.6281381831026;((x * _a0_) + (((x * pow2(((_a3_ / _a6_) + x))) / _a6_) + _a1_));{'d0': {'_a0_': 1.4448040008154173, '_a1_': -0.001024181551506292, '_a3_': 0.09232044591196008, '_a6_': 0.295637734392634, '_a2_': 1.0, '_a4_': 1.0, '_a5_': 1.0, '_a7_': 1.0}};{'d0': 0.024885482501866917};-276.524567593312;42.6341456135535
40554;-95.6281381831026;((x * _a0_) + (((x * pow2(((_a3_ / _a6_) + x))) / _a6_) + _a1_));{'d0': {'_a0_': 1.4448040008154173, '_a1_': -0.001024181551506292, '_a3_': 0.09232044591196008, '_a6_': 0.295637734392634, '_a2_': 1.0, '_a4_': 1.0, '_a5_': 1.0, '_a7_': 1.0}};{'d0': 0.024885482501866917};-276.524567593312;42.6341456135535
40555;-95.6281381831026;((x * _a0_) + (((x * pow2(((_a3_ / _a6_) + x))) / _a6_) + _a1_));{'d0': {'_a0_': 1.4448040008154173, '_a1_': -0.001024181551506292, '_a3_': 0.09232044591196008, '_a6_': 0.295637734392634, '_a2_': 1.0, '_a4_': 1.0, '_a5_': 1.0, '_a7_': 1.0}};{'d0': 0.024885482501866917};-276.524567593312;42.6341456135535
40556;-95.6281381831026;((x * _a0_) + (((x * pow2(((_a3_ / _a6_) + x))) / _a6_) + _a1_));{'d0': {'_a0_': 1.4448040008154173, '_a1_': -0.001024181551506292, '_a3_': 0.09232044591196008, '_a6_': 0.295637734392634, '_a2_': 1.0, '_a4_': 1.0, '_a5_': 1.0, '_a7_': 1.0}};{'d0': 0.024885482501866917};-276.524567593312;42.6341456135535
40557;-95.6281381831026;((x * _a0_) + (((x * pow2(((_a3_ / _a6_) + x))) / _a6_) + _a1_));{'d0': {'_a0_': 1.4448040008154173, '_a1_': -0.001024181551506292, '_a3_': 0.09232044591196008, '_a6_': 0.295637734392634, '_a2_': 1.0, '_a4_': 1.0, '_a5_': 1.0, '_a7_': 1.0}};{'d0': 0.024885482501866917};-276.524567593312;42.6341456135535
40558;-95.6281381831026;((x * _a0_) + (((x * pow2(((_a3_ / _a6_) + x))) / _a6_) + _a1_));{'d0': {'_a0_': 1.4448040008154173, '_a1_': -0.001024181551506292, '_a3_': 0.09232044591196008, '_a6_': 0.295637734392634, '_a2_': 1.0, '_a4_': 1.0, '_a5_': 1.0, '_a7_': 1.0}};{'d0': 0.024885482501866917};-276.524567593312;42.6341456135535
40559;-95.6281381831026;((x * _a0_) + (((x * pow2(((_a3_ / _a6_) + x))) / _a6_) + _a1_));{'d0': {'_a0_': 1.4448040008154173, '_a1_': -0.001024181551506292, '_a3_': 0.09232044591196008, '_a6_': 0.295637734392634, '_a2_': 1.0, '_a4_': 1.0, '_a5_': 1.0, '_a7_': 1.0}};{'d0': 0.024885482501866917};-276.524567593312;42.6341456135535
40560;-95.6281381831026;((x * _a0_) + (((x * pow2(((_a3_ / _a6_) + x))) / _a6_) + _a1_));{'d0': {'_a0_': 1.4448040008154173, '_a1_': -0.001024181551506292, '_a3_': 0.09232044591196008, '_a6_': 0.295637734392634, '_a2_': 1.0, '_a4_': 1.0, '_a5_': 1.0, '_a7_': 1.0}};{'d0': 0.024885482501866917};-276.524567593312;42.6341456135535
40561;-95.6281381831026;((x * _a0_) + (((x * pow2(((_a3_ / _a6_) + x))) / _a6_) + _a1_));{'d0': {'_a0_': 1.4448040008154173, '_a1_': -0.001024181551506292, '_a3_': 0.09232044591196008, '_a6_': 0.295637734392634, '_a2_': 1.0, '_a4_': 1.0, '_a5_': 1.0, '_a7_': 1.0}};{'d0': 0.024885482501866917};-276.524567593312;42.6341456135535
40562;-95.6281381831026;((x * _a0_) + (((x * pow2(((_a3_ / _a6_) + x))) / _a6_) + _a1_));{'d0': {'_a0_': 1.4448040008154173, '_a1_': -0.001024181551506292, '_a3_': 0.09232044591196008, '_a6_': 0.295637734392634, '_a2_': 1.0, '_a4_': 1.0, '_a5_': 1.0, '_a7_': 1.0}};{'d0': 0.024885482501866917};-276.524567593312;42.6341456135535
40563;-95.6281381831026;((x * _a0_) + (((x * pow2(((_a3_ / _a6_) + x))) / _a6_) + _a1_));{'d0': {'_a0_': 1.4448040008154173, '_a1_': -0.001024181551506292, '_a3_': 0.09232044591196008, '_a6_': 0.295637734392634, '_a2_': 1.0, '_a4_': 1.0, '_a5_': 1.0, '_a7_': 1.0}};{'d0': 0.024885482501866917};-276.524567593312;42.6341456135535
40564;-95.6281381831026;((x * _a0_) + (((x * pow2(((_a3_ / _a6_) + x))) / _a6_) + _a1_));{'d0': {'_a0_': 1.4448040008154173, '_a1_': -0.001024181551506292, '_a3_': 0.09232044591196008, '_a6_': 0.295637734392634, '_a2_': 1.0, '_a4_': 1.0, '_a5_': 1.0, '_a7_': 1.0}};{'d0': 0.024885482501866917};-276.524567593312;42.6341456135535
40565;-95.6281381831026;((x * _a0_) + (((x * pow2(((_a3_ / _a6_) + x))) / _a6_) + _a1_));{'d0': {'_a0_': 1.4448040008154173, '_a1_': -0.001024181551506292, '_a3_': 0.09232044591196008, '_a6_': 0.295637734392634, '_a2_': 1.0, '_a4_': 1.0, '_a5_': 1.0, '_a7_': 1.0}};{'d0': 0.024885482501866917};-276.524567593312;42.6341456135535
40566;-101.465360991198;((x * _a0_) + (((x * pow2((_a2_ + x))) / _a6_) + _a1_));{'d0': {'_a0_': 1.4448040796681636, '_a1_': -0.001024136151481471, '_a2_': 0.3122755679413663, '_a6_': 0.2956377567137987, '_a3_': 1.0, '_a4_': 1.0, '_a5_': 1.0, '_a7_': 1.0}};{'d0': 0.024885482501909806};-276.524567593209;36.7969228054063
40567;-101.465360991198;((x * _a0_) + (((x * pow2((_a2_ + x))) / _a6_) + _a1_));{'d0': {'_a0_': 1.4448040796681636, '_a1_': -0.001024136151481471, '_a2_': 0.3122755679413663, '_a6_': 0.2956377567137987, '_a3_': 1.0, '_a4_': 1.0, '_a5_': 1.0, '_a7_': 1.0}};{'d0': 0.024885482501909806};-276.524567593209;36.7969228054063
40568;-101.465360991198;((x * _a0_) + (((x * pow2((_a2_ + x))) / _a6_) + _a1_));{'d0': {'_a0_': 1.4448040796681636, '_a1_': -0.001024136151481471, '_a2_': 0.3122755679413663, '_a6_': 0.2956377567137987, '_a3_': 1.0, '_a4_': 1.0, '_a5_': 1.0, '_a7_': 1.0}};{'d0': 0.024885482501909806};-276.524567593209;36.7969228054063
40569;-101.465360991198;((x * _a0_) + (((x * pow2((_a2_ + x))) / _a6_) + _a1_));{'d0': {'_a0_': 1.4448040796681636, '_a1_': -0.001024136151481471, '_a2_': 0.3122755679413663, '_a6_': 0.2956377567137987, '_a3_': 1.0, '_a4_': 1.0, '_a5_': 1.0, '_a7_': 1.0}};{'d0': 0.024885482501909806};-276.524567593209;36.7969228054063
40570;-101.465360991198;((x * _a0_) + (((x * pow2((_a2_ + x))) / _a6_) + _a1_));{'d0': {'_a0_': 1.4448040796681636, '_a1_': -0.001024136151481471, '_a2_': 0.3122755679413663, '_a6_': 0.2956377567137987, '_a3_': 1.0, '_a4_': 1.0, '_a5_': 1.0, '_a7_': 1.0}};{'d0': 0.024885482501909806};-276.524567593209;36.7969228054063
40571;-101.465360991198;((x * _a0_) + (((x * pow2((_a2_ + x))) / _a6_) + _a1_));{'d0': {'_a0_': 1.4448040796681636, '_a1_': -0.001024136151481471, '_a2_': 0.3122755679413663, '_a6_': 0.2956377567137987, '_a3_': 1.0, '_a4_': 1.0, '_a5_': 1.0, '_a7_': 1.0}};{'d0': 0.024885482501909806};-276.524567593209;36.7969228054063
40572;-101.465360991198;((x * _a0_) + (((x * pow2((_a2_ + x))) / _a6_) + _a1_));{'d0': {'_a0_': 1.4448040796681636, '_a1_': -0.001024136151481471, '_a2_': 0.3122755679413663, '_a6_': 0.2956377567137987, '_a3_': 1.0, '_a4_': 1.0, '_a5_': 1.0, '_a7_': 1.0}};{'d0': 0.024885482501909806};-276.524567593209;36.7969228054063
40573;-101.465360991198;((x * _a0_) + (((x * pow2((_a2_ + x))) / _a6_) + _a1_));{'d0': {'_a0_': 1.4448040796681636, '_a1_': -0.001024136151481471, '_a2_': 0.3122755679413663, '_a6_': 0.2956377567137987, '_a3_': 1.0, '_a4_': 1.0, '_a5_': 1.0, '_a7_': 1.0}};{'d0': 0.024885482501909806};-276.524567593209;36.7969228054063
40574;-101.465360991250;((x * _a7_) + (((x * pow2((_a2_ + x))) / _a6_) + _a1_));{'d0': {'_a1_': -0.0010241835340173426, '_a2_': 0.3122755837394645, '_a6_': 0.295637733430894, '_a7_': 1.4448039972826503, '_a0_': 1.0, '_a3_': 1.0, '_a4_': 1.0, '_a5_': 1.0}};{'d0': 0.024885482501866882};-276.524567593312;36.7969228054063
40575;-101.465360991250;((x * _a7_) + (((x * pow2((_a2_ + x))) / _a6_) + _a1_));{'d0': {'_a1_': -0.0010241835340173426, '_a2_': 0.3122755837394645, '_a6_': 0.295637733430894, '_a7_': 1.4448039972826503, '_a0_': 1.0, '_a3_': 1.0, '_a4_': 1.0, '_a5_': 1.0}};{'d0': 0.024885482501866882};-276.524567593312;36.7969228054063
40576;-101.465360991250;((x * _a7_) + (((x * pow2((_a2_ + x))) / _a6_) + _a1_));{'d0': {'_a1_': -0.0010241835340173426, '_a2_': 0.3122755837394645, '_a6_': 0.295637733430894, '_a7_': 1.4448039972826503, '_a0_': 1.0, '_a3_': 1.0, '_a4_': 1.0, '_a5_': 1.0}};{'d0': 0.024885482501866882};-276.524567593312;36.7969228054063
40577;-101.465360991250;((x * _a7_) + (((x * pow2((_a2_ + x))) / _a6_) + _a1_));{'d0': {'_a1_': -0.0010241835340173426, '_a2_': 0.3122755837394645, '_a6_': 0.295637733430894, '_a7_': 1.4448039972826503, '_a0_': 1.0, '_a3_': 1.0, '_a4_': 1.0, '_a5_': 1.0}};{'d0': 0.024885482501866882};-276.524567593312;36.7969228054063
40578;-101.465360991250;((x * _a7_) + (((x * pow2((_a2_ + x))) / _a6_) + _a1_));{'d0': {'_a1_': -0.0010241835340173426, '_a2_': 0.3122755837394645, '_a6_': 0.295637733430894, '_a7_': 1.4448039972826503, '_a0_': 1.0, '_a3_': 1.0, '_a4_': 1.0, '_a5_': 1.0}};{'d0': 0.024885482501866882};-276.524567593312;36.7969228054063
40579;-101.465360991250;((x * _a7_) + (((x * pow2((_a2_ + x))) / _a6_) + _a1_));{'d0': {'_a1_': -0.0010241835340173426, '_a2_': 0.3122755837394645, '_a6_': 0.295637733430894, '_a7_': 1.4448039972826503, '_a0_': 1.0, '_a3_': 1.0, '_a4_': 1.0, '_a5_': 1.0}};{'d0': 0.024885482501866882};-276.524567593312;36.7969228054063
40580;-101.465360991250;((x * _a7_) + (((x * pow2((_a2_ + x))) / _a6_) + _a1_));{'d0': {'_a1_': -0.0010241835340173426, '_a2_': 0.3122755837394645, '_a6_': 0.295637733430894, '_a7_': 1.4448039972826503, '_a0_': 1.0, '_a3_': 1.0, '_a4_': 1.0, '_a5_': 1.0}};{'d0': 0.024885482501866882};-276.524567593312;36.7969228054063
40581;-101.465360991250;((x * _a7_) + (((x * pow2((_a2_ + x))) / _a6_) + _a1_));{'d0': {'_a1_': -0.0010241835340173426, '_a2_': 0.3122755837394645, '_a6_': 0.295637733430894, '_a7_': 1.4448039972826503, '_a0_': 1.0, '_a3_': 1.0, '_a4_': 1.0, '_a5_': 1.0}};{'d0': 0.024885482501866882};-276.524567593312;36.7969228054063
40582;-101.465360991250;((x * _a7_) + (((x * pow2((_a2_ + x))) / _a6_) + _a1_));{'d0': {'_a1_': -0.0010241835340173426, '_a2_': 0.3122755837394645, '_a6_': 0.295637733430894, '_a7_': 1.4448039972826503, '_a0_': 1.0, '_a3_': 1.0, '_a4_': 1.0, '_a5_': 1.0}};{'d0': 0.024885482501866882};-276.524567593312;36.7969228054063
40583;-101.465360991250;((x * _a7_) + (((x * pow2((_a2_ + x))) / _a6_) + _a1_));{'d0': {'_a1_': -0.0010241835340173426, '_a2_': 0.3122755837394645, '_a6_': 0.295637733430894, '_a7_': 1.4448039972826503, '_a0_': 1.0, '_a3_': 1.0, '_a4_': 1.0, '_a5_': 1.0}};{'d0': 0.024885482501866882};-276.524567593312;36.7969228054063
40584;-101.465360991250;((x * _a7_) + (((x * pow2((_a2_ + x))) / _a6_) + _a1_));{'d0': {'_a1_': -0.0010241835340173426, '_a2_': 0.3122755837394645, '_a6_': 0.295637733430894, '_a7_': 1.4448039972826503, '_a0_': 1.0, '_a3_': 1.0, '_a4_': 1.0, '_a5_': 1.0}};{'d0': 0.024885482501866882};-276.524567593312;36.7969228054063
40585;-101.465360991250;((x * _a7_) + (((x * pow2((_a2_ + x))) / _a6_) + _a1_));{'d0': {'_a1_': -0.0010241835340173426, '_a2_': 0.3122755837394645, '_a6_': 0.295637733430894, '_a7_': 1.4448039972826503, '_a0_': 1.0, '_a3_': 1.0, '_a4_': 1.0, '_a5_': 1.0}};{'d0': 0.024885482501866882};-276.524567593312;36.7969228054063
40586;-101.465360991250;((x * _a7_) + (((x * pow2((_a2_ + x))) / _a6_) + _a1_));{'d0': {'_a1_': -0.0010241835340173426, '_a2_': 0.3122755837394645, '_a6_': 0.295637733430894, '_a7_': 1.4448039972826503, '_a0_': 1.0, '_a3_': 1.0, '_a4_': 1.0, '_a5_': 1.0}};{'d0': 0.024885482501866882};-276.524567593312;36.7969228054063
40587;-101.465360991250;((x * _a7_) + (((x * pow2((_a2_ + x))) / _a6_) + _a1_));{'d0': {'_a1_': -0.0010241835340173426, '_a2_': 0.3122755837394645, '_a6_': 0.295637733430894, '_a7_': 1.4448039972826503, '_a0_': 1.0, '_a3_': 1.0, '_a4_': 1.0, '_a5_': 1.0}};{'d0': 0.024885482501866882};-276.524567593312;36.7969228054063
40588;-103.159914093536;((((_a3_ + ((_a0_ + x) * x)) * x) * (_a0_ + _a7_)) * _a0_);{'d0': {'_a0_': 0.6238594157108424, '_a3_': 0.5256917704684069, '_a7_': 4.788835806016101, '_a1_': 1.0, '_a2_': 1.0, '_a4_': 1.0, '_a5_': 1.0, '_a6_': 1.0}};{'d0': 0.0249058329194166};-280.569866449044;37.12501913098608
40589;-102.416966796466;((((_a3_ + ((_a0_ + x) * x)) * x) * (_a0_ ** _a7_)) * _a0_);{'d0': {'_a0_': 0.6238594155878671, '_a3_': 0.525691770269223, '_a7_': -3.5791414980616656, '_a1_': 1.0, '_a2_': 1.0, '_a4_': 1.0, '_a5_': 1.0, '_a6_': 1.0}};{'d0': 0.02490583291941662};-280.569866449044;37.86796642805608
40590;-102.416966796466;((((_a3_ + ((_a0_ + x) * x)) * x) * (_a0_ ** _a7_)) * _a0_);{'d0': {'_a0_': 0.6238594155878671, '_a3_': 0.525691770269223, '_a7_': -3.5791414980616656, '_a1_': 1.0, '_a2_': 1.0, '_a4_': 1.0, '_a5_': 1.0, '_a6_': 1.0}};{'d0': 0.02490583291941662};-280.569866449044;37.86796642805608
40591;-102.416966796466;((((_a3_ + ((_a0_ + x) * x)) * x) * (_a0_ ** _a7_)) * _a0_);{'d0': {'_a0_': 0.6238594155878671, '_a3_': 0.525691770269223, '_a7_': -3.5791414980616656, '_a1_': 1.0, '_a2_': 1.0, '_a4_': 1.0, '_a5_': 1.0, '_a6_': 1.0}};{'d0': 0.02490583291941662};-280.569866449044;37.86796642805608
40592;-102.416966796466;((((_a3_ + ((_a0_ + x) * x)) * x) * (_a0_ ** _a7_)) * _a0_);{'d0': {'_a0_': 0.6238594155878671, '_a3_': 0.525691770269223, '_a7_': -3.5791414980616656, '_a1_': 1.0, '_a2_': 1.0, '_a4_': 1.0, '_a5_': 1.0, '_a6_': 1.0}};{'d0': 0.02490583291941662};-280.569866449044;37.86796642805608
40593;-102.416966796466;((((_a3_ + ((_a0_ + x) * x)) * x) * (_a0_ ** _a7_)) * _a0_);{'d0': {'_a0_': 0.6238594155878671, '_a3_': 0.525691770269223, '_a7_': -3.5791414980616656, '_a1_': 1.0, '_a2_': 1.0, '_a4_': 1.0, '_a5_': 1.0, '_a6_': 1.0}};{'d0': 0.02490583291941662};-280.569866449044;37.86796642805608
40594;-102.416966796466;((((_a3_ + ((_a0_ + x) * x)) * x) * (_a0_ ** _a7_)) * _a0_);{'d0': {'_a0_': 0.6238594155878671, '_a3_': 0.525691770269223, '_a7_': -3.5791414980616656, '_a1_': 1.0, '_a2_': 1.0, '_a4_': 1.0, '_a5_': 1.0, '_a6_': 1.0}};{'d0': 0.02490583291941662};-280.569866449044;37.86796642805608
40595;-102.416966796466;((((_a3_ + ((_a0_ + x) * x)) * x) * (_a0_ ** _a7_)) * _a0_);{'d0': {'_a0_': 0.6238594155878671, '_a3_': 0.525691770269223, '_a7_': -3.5791414980616656, '_a1_': 1.0, '_a2_': 1.0, '_a4_': 1.0, '_a5_': 1.0, '_a6_': 1.0}};{'d0': 0.02490583291941662};-280.569866449044;37.86796642805608
40596;-102.416966796466;((((_a3_ + ((_a0_ + x) * x)) * x) * (_a0_ ** _a7_)) * _a0_);{'d0': {'_a0_': 0.6238594155878671, '_a3_': 0.525691770269223, '_a7_': -3.5791414980616656, '_a1_': 1.0, '_a2_': 1.0, '_a4_': 1.0, '_a5_': 1.0, '_a6_': 1.0}};{'d0': 0.02490583291941662};-280.569866449044;37.86796642805608
40597;-102.416966796466;((((_a3_ + ((_a0_ + x) * x)) * x) * (_a0_ ** _a7_)) * _a0_);{'d0': {'_a0_': 0.6238594155878671, '_a3_': 0.525691770269223, '_a7_': -3.5791414980616656, '_a1_': 1.0, '_a2_': 1.0, '_a4_': 1.0, '_a5_': 1.0, '_a6_': 1.0}};{'d0': 0.02490583291941662};-280.569866449044;37.86796642805608
40598;-102.416966796466;((((_a3_ + ((_a0_ + x) * x)) * x) * (_a0_ ** _a7_)) * _a0_);{'d0': {'_a0_': 0.6238594155878671, '_a3_': 0.525691770269223, '_a7_': -3.5791414980616656, '_a1_': 1.0, '_a2_': 1.0, '_a4_': 1.0, '_a5_': 1.0, '_a6_': 1.0}};{'d0': 0.02490583291941662};-280.569866449044;37.86796642805608
40599;-103.714447007906;((((_a3_ + ((_a0_ + x) * x)) * x) * exp(_a1_)) * _a0_);{'d0': {'_a0_': 0.6238594156505679, '_a1_': 1.6887471608654856, '_a3_': 0.5256917708454232, '_a2_': 1.0, '_a4_': 1.0, '_a5_': 1.0, '_a6_': 1.0, '_a7_': 1.0}};{'d0': 0.024905832919416646};-280.569866449044;36.570486216616075
40600;-103.714447007906;((((_a3_ + ((_a0_ + x) * x)) * x) * exp(_a1_)) * _a0_);{'d0': {'_a0_': 0.6238594156505679, '_a1_': 1.6887471608654856, '_a3_': 0.5256917708454232, '_a2_': 1.0, '_a4_': 1.0, '_a5_': 1.0, '_a6_': 1.0, '_a7_': 1.0}};{'d0': 0.024905832919416646};-280.569866449044;36.570486216616075
40601;-97.7938459588757;(((((_a2_ + _a0_) + ((_a0_ + x) * x)) * x) * exp(_a1_)) * _a0_);{'d0': {'_a0_': 0.6238594153135596, '_a1_': 1.688747157785971, '_a2_': -0.0981676420508721, '_a3_': 1.0, '_a4_': 1.0, '_a5_': 1.0, '_a6_': 1.0, '_a7_': 1.0}};{'d0': 0.024905832919416733};-280.569866449043;42.49108726564607
40602;-97.7938459588757;(((((_a2_ + _a0_) + ((_a0_ + x) * x)) * x) * exp(_a1_)) * _a0_);{'d0': {'_a0_': 0.6238594153135596, '_a1_': 1.688747157785971, '_a2_': -0.0981676420508721, '_a3_': 1.0, '_a4_': 1.0, '_a5_': 1.0, '_a6_': 1.0, '_a7_': 1.0}};{'d0': 0.024905832919416733};-280.569866449043;42.49108726564607
40603;-97.7938459588757;(((((_a2_ + _a0_) + ((_a0_ + x) * x)) * x) * exp(_a1_)) * _a0_);{'d0': {'_a0_': 0.6238594153135596, '_a1_': 1.688747157785971, '_a2_': -0.0981676420508721, '_a3_': 1.0, '_a4_': 1.0, '_a5_': 1.0, '_a6_': 1.0, '_a7_': 1.0}};{'d0': 0.024905832919416733};-280.569866449043;42.49108726564607
40604;-97.7938459588757;(((((_a2_ + _a0_) + ((_a0_ + x) * x)) * x) * exp(_a1_)) * _a0_);{'d0': {'_a0_': 0.6238594153135596, '_a1_': 1.688747157785971, '_a2_': -0.0981676420508721, '_a3_': 1.0, '_a4_': 1.0, '_a5_': 1.0, '_a6_': 1.0, '_a7_': 1.0}};{'d0': 0.024905832919416733};-280.569866449043;42.49108726564607
40605;-97.7938459588757;(((((_a2_ + _a0_) + ((_a0_ + x) * x)) * x) * exp(_a1_)) * _a0_);{'d0': {'_a0_': 0.6238594153135596, '_a1_': 1.688747157785971, '_a2_': -0.0981676420508721, '_a3_': 1.0, '_a4_': 1.0, '_a5_': 1.0, '_a6_': 1.0, '_a7_': 1.0}};{'d0': 0.024905832919416733};-280.569866449043;42.49108726564607
40606;-97.7938459588757;(((((_a2_ + _a0_) + ((_a0_ + x) * x)) * x) * exp(_a1_)) * _a0_);{'d0': {'_a0_': 0.6238594153135596, '_a1_': 1.688747157785971, '_a2_': -0.0981676420508721, '_a3_': 1.0, '_a4_': 1.0, '_a5_': 1.0, '_a6_': 1.0, '_a7_': 1.0}};{'d0': 0.024905832919416733};-280.569866449043;42.49108726564607
40607;-97.7938459588757;(((((_a2_ + _a0_) + ((_a0_ + x) * x)) * x) * exp(_a1_)) * _a0_);{'d0': {'_a0_': 0.6238594153135596, '_a1_': 1.688747157785971, '_a2_': -0.0981676420508721, '_a3_': 1.0, '_a4_': 1.0, '_a5_': 1.0, '_a6_': 1.0, '_a7_': 1.0}};{'d0': 0.024905832919416733};-280.569866449043;42.49108726564607
40608;-97.7938459588757;(((((_a2_ + _a0_) + ((_a0_ + x) * x)) * x) * exp(_a1_)) * _a0_);{'d0': {'_a0_': 0.6238594153135596, '_a1_': 1.688747157785971, '_a2_': -0.0981676420508721, '_a3_': 1.0, '_a4_': 1.0, '_a5_': 1.0, '_a6_': 1.0, '_a7_': 1.0}};{'d0': 0.024905832919416733};-280.569866449043;42.49108726564607
40609;-92.0487391965972;(((((_a2_ + _a0_) + ((_a0_ + x) * x)) * x) * exp(_a1_)) * pow2(_a6_));{'d0': {'_a0_': 0.6238594154650797, '_a1_': 2.1814734598146086, '_a2_': -0.09816764482936532, '_a6_': 0.6173751561821013, '_a3_': 1.0, '_a4_': 1.0, '_a5_': 1.0, '_a7_': 1.0}};{'d0': 0.024905832926521102};-276.475521869706;46.18902173825607
40610;-92.0487391965972;(((((_a2_ + _a0_) + ((_a0_ + x) * x)) * x) * exp(_a1_)) * pow2(_a6_));{'d0': {'_a0_': 0.6238594154650797, '_a1_': 2.1814734598146086, '_a2_': -0.09816764482936532, '_a6_': 0.6173751561821013, '_a3_': 1.0, '_a4_': 1.0, '_a5_': 1.0, '_a7_': 1.0}};{'d0': 0.024905832926521102};-276.475521869706;46.18902173825607
40611;-92.0487391965972;(((((_a2_ + _a0_) + ((_a0_ + x) * x)) * x) * exp(_a1_)) * pow2(_a6_));{'d0': {'_a0_': 0.6238594154650797, '_a1_': 2.1814734598146086, '_a2_': -0.09816764482936532, '_a6_': 0.6173751561821013, '_a3_': 1.0, '_a4_': 1.0, '_a5_': 1.0, '_a7_': 1.0}};{'d0': 0.024905832926521102};-276.475521869706;46.18902173825607
40612;-92.0487391965972;(((((_a2_ + _a0_) + ((_a0_ + x) * x)) * x) * exp(_a1_)) * pow2(_a6_));{'d0': {'_a0_': 0.6238594154650797, '_a1_': 2.1814734598146086, '_a2_': -0.09816764482936532, '_a6_': 0.6173751561821013, '_a3_': 1.0, '_a4_': 1.0, '_a5_': 1.0, '_a7_': 1.0}};{'d0': 0.024905832926521102};-276.475521869706;46.18902173825607
40613;-92.0487391965972;(((((_a2_ + _a0_) + ((_a0_ + x) * x)) * x) * exp(_a1_)) * pow2(_a6_));{'d0': {'_a0_': 0.6238594154650797, '_a1_': 2.1814734598146086, '_a2_': -0.09816764482936532, '_a6_': 0.6173751561821013, '_a3_': 1.0, '_a4_': 1.0, '_a5_': 1.0, '_a7_': 1.0}};{'d0': 0.024905832926521102};-276.475521869706;46.18902173825607
40614;-92.0487391965972;(((((_a2_ + _a0_) + ((_a0_ + x) * x)) * x) * exp(_a1_)) * pow2(_a6_));{'d0': {'_a0_': 0.6238594154650797, '_a1_': 2.1814734598146086, '_a2_': -0.09816764482936532, '_a6_': 0.6173751561821013, '_a3_': 1.0, '_a4_': 1.0, '_a5_': 1.0, '_a7_': 1.0}};{'d0': 0.024905832926521102};-276.475521869706;46.18902173825607
40615;-92.0487391965972;(((((_a2_ + _a0_) + ((_a0_ + x) * x)) * x) * exp(_a1_)) * pow2(_a6_));{'d0': {'_a0_': 0.6238594154650797, '_a1_': 2.1814734598146086, '_a2_': -0.09816764482936532, '_a6_': 0.6173751561821013, '_a3_': 1.0, '_a4_': 1.0, '_a5_': 1.0, '_a7_': 1.0}};{'d0': 0.024905832926521102};-276.475521869706;46.18902173825607
40616;-92.0487391965972;(((((_a2_ + _a0_) + ((_a0_ + x) * x)) * x) * exp(_a1_)) * pow2(_a6_));{'d0': {'_a0_': 0.6238594154650797, '_a1_': 2.1814734598146086, '_a2_': -0.09816764482936532, '_a6_': 0.6173751561821013, '_a3_': 1.0, '_a4_': 1.0, '_a5_': 1.0, '_a7_': 1.0}};{'d0': 0.024905832926521102};-276.475521869706;46.18902173825607
40617;-92.0487391965972;(((((_a2_ + _a0_) + ((_a0_ + x) * x)) * x) * exp(_a1_)) * pow2(_a6_));{'d0': {'_a0_': 0.6238594154650797, '_a1_': 2.1814734598146086, '_a2_': -0.09816764482936532, '_a6_': 0.6173751561821013, '_a3_': 1.0, '_a4_': 1.0, '_a5_': 1.0, '_a7_': 1.0}};{'d0': 0.024905832926521102};-276.475521869706;46.18902173825607
40618;-99.4619796209258;(((((_a2_ + _a0_) + ((_a0_ + x) * x)) * x) * _a0_) * pow2(_a6_));{'d0': {'_a0_': 0.6238594158563279, '_a2_': -0.09816764631480816, '_a6_': 2.326519982273617, '_a1_': 1.0, '_a3_': 1.0, '_a4_': 1.0, '_a5_': 1.0, '_a7_': 1.0}};{'d0': 0.0249058329194166};-280.569866449044;40.822953603596076
40619;-99.4619796209258;(((((_a2_ + _a0_) + ((_a0_ + x) * x)) * x) * _a0_) * pow2(_a6_));{'d0': {'_a0_': 0.6238594158563279, '_a2_': -0.09816764631480816, '_a6_': 2.326519982273617, '_a1_': 1.0, '_a3_': 1.0, '_a4_': 1.0, '_a5_': 1.0, '_a7_': 1.0}};{'d0': 0.0249058329194166};-280.569866449044;40.822953603596076
40620;-99.4619796209258;(((((_a2_ + _a0_) + ((_a0_ + x) * x)) * x) * _a0_) * pow2(_a6_));{'d0': {'_a0_': 0.6238594158563279, '_a2_': -0.09816764631480816, '_a6_': 2.326519982273617, '_a1_': 1.0, '_a3_': 1.0, '_a4_': 1.0, '_a5_': 1.0, '_a7_': 1.0}};{'d0': 0.0249058329194166};-280.569866449044;40.822953603596076
40621;-99.4619796209258;(((((_a2_ + _a0_) + ((_a0_ + x) * x)) * x) * _a0_) * pow2(_a6_));{'d0': {'_a0_': 0.6238594158563279, '_a2_': -0.09816764631480816, '_a6_': 2.326519982273617, '_a1_': 1.0, '_a3_': 1.0, '_a4_': 1.0, '_a5_': 1.0, '_a7_': 1.0}};{'d0': 0.0249058329194166};-280.569866449044;40.822953603596076
40622;-99.4619796209258;(((((_a2_ + _a0_) + ((_a0_ + x) * x)) * x) * _a0_) * pow2(_a6_));{'d0': {'_a0_': 0.6238594158563279, '_a2_': -0.09816764631480816, '_a6_': 2.326519982273617, '_a1_': 1.0, '_a3_': 1.0, '_a4_': 1.0, '_a5_': 1.0, '_a7_': 1.0}};{'d0': 0.0249058329194166};-280.569866449044;40.822953603596076
40623;-99.4619796209258;(((((_a2_ + _a0_) + ((_a0_ + x) * x)) * x) * _a0_) * pow2(_a6_));{'d0': {'_a0_': 0.6238594158563279, '_a2_': -0.09816764631480816, '_a6_': 2.326519982273617, '_a1_': 1.0, '_a3_': 1.0, '_a4_': 1.0, '_a5_': 1.0, '_a7_': 1.0}};{'d0': 0.0249058329194166};-280.569866449044;40.822953603596076
40624;-99.4619796209258;(((((_a2_ + _a0_) + ((_a0_ + x) * x)) * x) * _a0_) * pow2(_a6_));{'d0': {'_a0_': 0.6238594158563279, '_a2_': -0.09816764631480816, '_a6_': 2.326519982273617, '_a1_': 1.0, '_a3_': 1.0, '_a4_': 1.0, '_a5_': 1.0, '_a7_': 1.0}};{'d0': 0.0249058329194166};-280.569866449044;40.822953603596076
40625;-99.4619796209258;(((((_a2_ + _a0_) + ((_a0_ + x) * x)) * x) * _a0_) * pow2(_a6_));{'d0': {'_a0_': 0.6238594158563279, '_a2_': -0.09816764631480816, '_a6_': 2.326519982273617, '_a1_': 1.0, '_a3_': 1.0, '_a4_': 1.0, '_a5_': 1.0, '_a7_': 1.0}};{'d0': 0.0249058329194166};-280.569866449044;40.822953603596076
40626;-99.4619796209258;(((((_a2_ + _a0_) + ((_a0_ + x) * x)) * x) * _a0_) * pow2(_a6_));{'d0': {'_a0_': 0.6238594158563279, '_a2_': -0.09816764631480816, '_a6_': 2.326519982273617, '_a1_': 1.0, '_a3_': 1.0, '_a4_': 1.0, '_a5_': 1.0, '_a7_': 1.0}};{'d0': 0.0249058329194166};-280.569866449044;40.822953603596076
40627;-99.4619796209258;(((((_a2_ + _a0_) + ((_a0_ + x) * x)) * x) * _a0_) * pow2(_a6_));{'d0': {'_a0_': 0.6238594158563279, '_a2_': -0.09816764631480816, '_a6_': 2.326519982273617, '_a1_': 1.0, '_a3_': 1.0, '_a4_': 1.0, '_a5_': 1.0, '_a7_': 1.0}};{'d0': 0.0249058329194166};-280.569866449044;40.822953603596076
40628;-99.4619796209258;(((((_a2_ + _a0_) + ((_a0_ + x) * x)) * x) * _a0_) * pow2(_a6_));{'d0': {'_a0_': 0.6238594158563279, '_a2_': -0.09816764631480816, '_a6_': 2.326519982273617, '_a1_': 1.0, '_a3_': 1.0, '_a4_': 1.0, '_a5_': 1.0, '_a7_': 1.0}};{'d0': 0.0249058329194166};-280.569866449044;40.822953603596076
40629;-99.4619796209258;(((((_a2_ + _a0_) + ((_a0_ + x) * x)) * x) * _a0_) * pow2(_a6_));{'d0': {'_a0_': 0.6238594158563279, '_a2_': -0.09816764631480816, '_a6_': 2.326519982273617, '_a1_': 1.0, '_a3_': 1.0, '_a4_': 1.0, '_a5_': 1.0, '_a7_': 1.0}};{'d0': 0.0249058329194166};-280.569866449044;40.822953603596076
40630;-99.4619796209258;(((((_a2_ + _a0_) + ((_a0_ + x) * x)) * x) * _a0_) * pow2(_a6_));{'d0': {'_a0_': 0.6238594158563279, '_a2_': -0.09816764631480816, '_a6_': 2.326519982273617, '_a1_': 1.0, '_a3_': 1.0, '_a4_': 1.0, '_a5_': 1.0, '_a7_': 1.0}};{'d0': 0.0249058329194166};-280.569866449044;40.822953603596076
40631;-99.4619796209258;(((((_a2_ + _a0_) + ((_a0_ + x) * x)) * x) * _a0_) * pow2(_a6_));{'d0': {'_a0_': 0.6238594158563279, '_a2_': -0.09816764631480816, '_a6_': 2.326519982273617, '_a1_': 1.0, '_a3_': 1.0, '_a4_': 1.0, '_a5_': 1.0, '_a7_': 1.0}};{'d0': 0.0249058329194166};-280.569866449044;40.822953603596076
40632;-99.4619796209258;(((((_a2_ + _a0_) + ((_a0_ + x) * x)) * x) * _a0_) * pow2(_a6_));{'d0': {'_a0_': 0.6238594158563279, '_a2_': -0.09816764631480816, '_a6_': 2.326519982273617, '_a1_': 1.0, '_a3_': 1.0, '_a4_': 1.0, '_a5_': 1.0, '_a7_': 1.0}};{'d0': 0.0249058329194166};-280.569866449044;40.822953603596076
40633;-99.4619796209258;(((((_a2_ + _a0_) + ((_a0_ + x) * x)) * x) * _a0_) * pow2(_a6_));{'d0': {'_a0_': 0.6238594158563279, '_a2_': -0.09816764631480816, '_a6_': 2.326519982273617, '_a1_': 1.0, '_a3_': 1.0, '_a4_': 1.0, '_a5_': 1.0, '_a7_': 1.0}};{'d0': 0.0249058329194166};-280.569866449044;40.822953603596076
40634;-99.4619796209258;(((((_a2_ + _a0_) + ((_a0_ + x) * x)) * x) * _a0_) * pow2(_a6_));{'d0': {'_a0_': 0.6238594158563279, '_a2_': -0.09816764631480816, '_a6_': 2.326519982273617, '_a1_': 1.0, '_a3_': 1.0, '_a4_': 1.0, '_a5_': 1.0, '_a7_': 1.0}};{'d0': 0.0249058329194166};-280.569866449044;40.822953603596076
40635;-99.4619796209258;(((((_a2_ + _a0_) + ((_a0_ + x) * x)) * x) * _a0_) * pow2(_a6_));{'d0': {'_a0_': 0.6238594158563279, '_a2_': -0.09816764631480816, '_a6_': 2.326519982273617, '_a1_': 1.0, '_a3_': 1.0, '_a4_': 1.0, '_a5_': 1.0, '_a7_': 1.0}};{'d0': 0.0249058329194166};-280.569866449044;40.822953603596076
40636;-99.4619796209258;(((((_a2_ + _a0_) + ((_a0_ + x) * x)) * x) * _a0_) * pow2(_a6_));{'d0': {'_a0_': 0.6238594158563279, '_a2_': -0.09816764631480816, '_a6_': 2.326519982273617, '_a1_': 1.0, '_a3_': 1.0, '_a4_': 1.0, '_a5_': 1.0, '_a7_': 1.0}};{'d0': 0.0249058329194166};-280.569866449044;40.822953603596076
40637;-99.4619796209258;(((((_a2_ + _a0_) + ((_a0_ + x) * x)) * x) * _a0_) * pow2(_a6_));{'d0': {'_a0_': 0.6238594158563279, '_a2_': -0.09816764631480816, '_a6_': 2.326519982273617, '_a1_': 1.0, '_a3_': 1.0, '_a4_': 1.0, '_a5_': 1.0, '_a7_': 1.0}};{'d0': 0.0249058329194166};-280.569866449044;40.822953603596076
40638;-99.4619796209258;(((((_a2_ + _a0_) + ((_a0_ + x) * x)) * x) * _a0_) * pow2(_a6_));{'d0': {'_a0_': 0.6238594158563279, '_a2_': -0.09816764631480816, '_a6_': 2.326519982273617, '_a1_': 1.0, '_a3_': 1.0, '_a4_': 1.0, '_a5_': 1.0, '_a7_': 1.0}};{'d0': 0.0249058329194166};-280.569866449044;40.822953603596076
40639;-99.4619796209258;(((((_a2_ + _a0_) + ((_a0_ + x) * x)) * x) * _a0_) * pow2(_a6_));{'d0': {'_a0_': 0.6238594158563279, '_a2_': -0.09816764631480816, '_a6_': 2.326519982273617, '_a1_': 1.0, '_a3_': 1.0, '_a4_': 1.0, '_a5_': 1.0, '_a7_': 1.0}};{'d0': 0.0249058329194166};-280.569866449044;40.822953603596076
40640;-99.4619796209258;(((((_a2_ + _a0_) + ((_a0_ + x) * x)) * x) * _a0_) * pow2(_a6_));{'d0': {'_a0_': 0.6238594158563279, '_a2_': -0.09816764631480816, '_a6_': 2.326519982273617, '_a1_': 1.0, '_a3_': 1.0, '_a4_': 1.0, '_a5_': 1.0, '_a7_': 1.0}};{'d0': 0.0249058329194166};-280.569866449044;40.822953603596076
40641;-99.4619796209258;(((((_a2_ + _a0_) + ((_a0_ + x) * x)) * x) * _a0_) * pow2(_a6_));{'d0': {'_a0_': 0.6238594158563279, '_a2_': -0.09816764631480816, '_a6_': 2.326519982273617, '_a1_': 1.0, '_a3_': 1.0, '_a4_': 1.0, '_a5_': 1.0, '_a7_': 1.0}};{'d0': 0.0249058329194166};-280.569866449044;40.822953603596076
40642;-99.4619796209258;(((((_a2_ + _a0_) + ((_a0_ + x) * x)) * x) * _a0_) * pow2(_a6_));{'d0': {'_a0_': 0.6238594158563279, '_a2_': -0.09816764631480816, '_a6_': 2.326519982273617, '_a1_': 1.0, '_a3_': 1.0, '_a4_': 1.0, '_a5_': 1.0, '_a7_': 1.0}};{'d0': 0.0249058329194166};-280.569866449044;40.822953603596076
40643;-100.360883458177;(((((_a2_ * _a0_) + ((_a0_ + x) * x)) * x) * _a0_) * pow2(_a6_));{'d0': {'_a0_': 0.6238594155816278, '_a2_': 0.8426446046332129, '_a6_': 2.3265199808336408, '_a1_': 1.0, '_a3_': 1.0, '_a4_': 1.0, '_a5_': 1.0, '_a7_': 1.0}};{'d0': 0.02490583291941658};-280.569866449044;39.92404976634508
40644;-100.360883458177;(((((_a2_ * _a0_) + ((_a0_ + x) * x)) * x) * _a0_) * pow2(_a6_));{'d0': {'_a0_': 0.6238594155816278, '_a2_': 0.8426446046332129, '_a6_': 2.3265199808336408, '_a1_': 1.0, '_a3_': 1.0, '_a4_': 1.0, '_a5_': 1.0, '_a7_': 1.0}};{'d0': 0.02490583291941658};-280.569866449044;39.92404976634508
40645;-100.360883458177;(((((_a2_ * _a0_) + ((_a0_ + x) * x)) * x) * _a0_) * pow2(_a6_));{'d0': {'_a0_': 0.6238594155816278, '_a2_': 0.8426446046332129, '_a6_': 2.3265199808336408, '_a1_': 1.0, '_a3_': 1.0, '_a4_': 1.0, '_a5_': 1.0, '_a7_': 1.0}};{'d0': 0.02490583291941658};-280.569866449044;39.92404976634508
40646;-100.360883458177;(((((_a2_ * _a0_) + ((_a0_ + x) * x)) * x) * _a0_) * pow2(_a6_));{'d0': {'_a0_': 0.6238594155816278, '_a2_': 0.8426446046332129, '_a6_': 2.3265199808336408, '_a1_': 1.0, '_a3_': 1.0, '_a4_': 1.0, '_a5_': 1.0, '_a7_': 1.0}};{'d0': 0.02490583291941658};-280.569866449044;39.92404976634508
40647;-99.5822889035534;(((((_a2_ * _a0_) + ((_a0_ + x) * x)) * x) * _a0_) / pow2(_a6_));{'d0': {'_a0_': 0.6238594156261785, '_a2_': 0.84264460472952, '_a6_': -0.42982652559422135, '_a1_': 1.0, '_a3_': 1.0, '_a4_': 1.0, '_a5_': 1.0, '_a7_': 1.0}};{'d0': 0.024905832919416636};-280.569866449044;40.702644320968474
40648;-99.5822889035534;(((((_a2_ * _a0_) + ((_a0_ + x) * x)) * x) * _a0_) / pow2(_a6_));{'d0': {'_a0_': 0.6238594156261785, '_a2_': 0.84264460472952, '_a6_': -0.42982652559422135, '_a1_': 1.0, '_a3_': 1.0, '_a4_': 1.0, '_a5_': 1.0, '_a7_': 1.0}};{'d0': 0.024905832919416636};-280.569866449044;40.702644320968474
40649;-99.5822889035534;(((((_a2_ * _a0_) + ((_a0_ + x) * x)) * x) * _a0_) / pow2(_a6_));{'d0': {'_a0_': 0.6238594156261785, '_a2_': 0.84264460472952, '_a6_': -0.42982652559422135, '_a1_': 1.0, '_a3_': 1.0, '_a4_': 1.0, '_a5_': 1.0, '_a7_': 1.0}};{'d0': 0.024905832919416636};-280.569866449044;40.702644320968474
40650;-99.5822889035534;(((((_a2_ * _a0_) + ((_a0_ + x) * x)) * x) * _a0_) / pow2(_a6_));{'d0': {'_a0_': 0.6238594156261785, '_a2_': 0.84264460472952, '_a6_': -0.42982652559422135, '_a1_': 1.0, '_a3_': 1.0, '_a4_': 1.0, '_a5_': 1.0, '_a7_': 1.0}};{'d0': 0.024905832919416636};-280.569866449044;40.702644320968474
40651;-99.5822889035534;(((((_a2_ * _a0_) + ((_a0_ + x) * x)) * x) * _a0_) / pow2(_a6_));{'d0': {'_a0_': 0.6238594156261785, '_a2_': 0.84264460472952, '_a6_': -0.42982652559422135, '_a1_': 1.0, '_a3_': 1.0, '_a4_': 1.0, '_a5_': 1.0, '_a7_': 1.0}};{'d0': 0.024905832919416636};-280.569866449044;40.702644320968474
40652;-99.5822889035534;(((((_a2_ * _a0_) + ((_a0_ + x) * x)) * x) * _a0_) / pow2(_a6_));{'d0': {'_a0_': 0.6238594156261785, '_a2_': 0.84264460472952, '_a6_': -0.42982652559422135, '_a1_': 1.0, '_a3_': 1.0, '_a4_': 1.0, '_a5_': 1.0, '_a7_': 1.0}};{'d0': 0.024905832919416636};-280.569866449044;40.702644320968474
40653;-99.5822889035534;(((((_a2_ * _a0_) + ((_a0_ + x) * x)) * x) * _a0_) / pow2(_a6_));{'d0': {'_a0_': 0.6238594156261785, '_a2_': 0.84264460472952, '_a6_': -0.42982652559422135, '_a1_': 1.0, '_a3_': 1.0, '_a4_': 1.0, '_a5_': 1.0, '_a7_': 1.0}};{'d0': 0.024905832919416636};-280.569866449044;40.702644320968474
40654;-99.5822889035534;(((((_a2_ * _a0_) + ((_a0_ + x) * x)) * x) * _a0_) / pow2(_a6_));{'d0': {'_a0_': 0.6238594156261785, '_a2_': 0.84264460472952, '_a6_': -0.42982652559422135, '_a1_': 1.0, '_a3_': 1.0, '_a4_': 1.0, '_a5_': 1.0, '_a7_': 1.0}};{'d0': 0.024905832919416636};-280.569866449044;40.702644320968474
40655;-99.5822889035534;(((((_a2_ * _a0_) + ((_a0_ + x) * x)) * x) * _a0_) / pow2(_a6_));{'d0': {'_a0_': 0.6238594156261785, '_a2_': 0.84264460472952, '_a6_': -0.42982652559422135, '_a1_': 1.0, '_a3_': 1.0, '_a4_': 1.0, '_a5_': 1.0, '_a7_': 1.0}};{'d0': 0.024905832919416636};-280.569866449044;40.702644320968474
40656;-99.5822889035534;(((((_a2_ * _a0_) + ((_a0_ + x) * x)) * x) * _a0_) / pow2(_a6_));{'d0': {'_a0_': 0.6238594156261785, '_a2_': 0.84264460472952, '_a6_': -0.42982652559422135, '_a1_': 1.0, '_a3_': 1.0, '_a4_': 1.0, '_a5_': 1.0, '_a7_': 1.0}};{'d0': 0.024905832919416636};-280.569866449044;40.702644320968474
40657;-99.5822889035534;(((((_a2_ * _a0_) + ((_a0_ + x) * x)) * x) * _a0_) / pow2(_a6_));{'d0': {'_a0_': 0.6238594156261785, '_a2_': 0.84264460472952, '_a6_': -0.42982652559422135, '_a1_': 1.0, '_a3_': 1.0, '_a4_': 1.0, '_a5_': 1.0, '_a7_': 1.0}};{'d0': 0.024905832919416636};-280.569866449044;40.702644320968474
40658;-99.5822889035534;(((((_a2_ * _a0_) + ((_a0_ + x) * x)) * x) * _a0_) / pow2(_a6_));{'d0': {'_a0_': 0.6238594156261785, '_a2_': 0.84264460472952, '_a6_': -0.42982652559422135, '_a1_': 1.0, '_a3_': 1.0, '_a4_': 1.0, '_a5_': 1.0, '_a7_': 1.0}};{'d0': 0.024905832919416636};-280.569866449044;40.702644320968474
40659;-104.429306858732;(((_a7_ + ((_a3_ + (_a3_ + -(x))) * x)) * _a5_) * x);{'d0': {'_a3_': -0.31192970773979783, '_a5_': -3.376760878718076, '_a7_': -0.52569177023912, '_a0_': 1.0, '_a1_': 1.0, '_a2_': 1.0, '_a4_': 1.0, '_a6_': 1.0}};{'d0': 0.0249058329194166};-280.569866449044;35.855626365789504
40660;-104.429306858732;(((_a7_ + ((_a3_ + (_a3_ + -(x))) * x)) * _a5_) * x);{'d0': {'_a3_': -0.31192970773979783, '_a5_': -3.376760878718076, '_a7_': -0.52569177023912, '_a0_': 1.0, '_a1_': 1.0, '_a2_': 1.0, '_a4_': 1.0, '_a6_': 1.0}};{'d0': 0.0249058329194166};-280.569866449044;35.855626365789504
40661;-104.429306858732;(((_a7_ + ((_a3_ + (_a3_ + -(x))) * x)) * _a5_) * x);{'d0': {'_a3_': -0.31192970773979783, '_a5_': -3.376760878718076, '_a7_': -0.52569177023912, '_a0_': 1.0, '_a1_': 1.0, '_a2_': 1.0, '_a4_': 1.0, '_a6_': 1.0}};{'d0': 0.0249058329194166};-280.569866449044;35.855626365789504
40662;-104.429306858732;(((_a7_ + ((_a3_ + (_a3_ + -(x))) * x)) * _a5_) * x);{'d0': {'_a3_': -0.31192970773979783, '_a5_': -3.376760878718076, '_a7_': -0.52569177023912, '_a0_': 1.0, '_a1_': 1.0, '_a2_': 1.0, '_a4_': 1.0, '_a6_': 1.0}};{'d0': 0.0249058329194166};-280.569866449044;35.855626365789504
40663;-104.429306858732;(((_a7_ + ((_a3_ + (_a3_ + -(x))) * x)) * _a5_) * x);{'d0': {'_a3_': -0.31192970773979783, '_a5_': -3.376760878718076, '_a7_': -0.52569177023912, '_a0_': 1.0, '_a1_': 1.0, '_a2_': 1.0, '_a4_': 1.0, '_a6_': 1.0}};{'d0': 0.0249058329194166};-280.569866449044;35.855626365789504
40664;-104.429306858732;(((_a7_ + ((_a3_ + (_a3_ + -(x))) * x)) * _a5_) * x);{'d0': {'_a3_': -0.31192970773979783, '_a5_': -3.376760878718076, '_a7_': -0.52569177023912, '_a0_': 1.0, '_a1_': 1.0, '_a2_': 1.0, '_a4_': 1.0, '_a6_': 1.0}};{'d0': 0.0249058329194166};-280.569866449044;35.855626365789504
40665;-99.5822889035534;(((((_a2_ * _a0_) + ((_a0_ + x) * x)) * x) * _a0_) / pow2(_a6_));{'d0': {'_a0_': 0.6238594156261785, '_a2_': 0.84264460472952, '_a6_': -0.42982652559422135, '_a1_': 1.0, '_a3_': 1.0, '_a4_': 1.0, '_a5_': 1.0, '_a7_': 1.0}};{'d0': 0.024905832919416636};-280.569866449044;40.702644320968474
40666;-99.5822889035534;(((((_a2_ * _a0_) + ((_a0_ + x) * x)) * x) * _a0_) / pow2(_a6_));{'d0': {'_a0_': 0.6238594156261785, '_a2_': 0.84264460472952, '_a6_': -0.42982652559422135, '_a1_': 1.0, '_a3_': 1.0, '_a4_': 1.0, '_a5_': 1.0, '_a7_': 1.0}};{'d0': 0.024905832919416636};-280.569866449044;40.702644320968474
40667;-99.5822889035534;(((((_a2_ * _a0_) + ((_a0_ + x) * x)) * x) * _a0_) / pow2(_a6_));{'d0': {'_a0_': 0.6238594156261785, '_a2_': 0.84264460472952, '_a6_': -0.42982652559422135, '_a1_': 1.0, '_a3_': 1.0, '_a4_': 1.0, '_a5_': 1.0, '_a7_': 1.0}};{'d0': 0.024905832919416636};-280.569866449044;40.702644320968474
40668;-99.5822889035534;(((((_a2_ * _a0_) + ((_a0_ + x) * x)) * x) * _a0_) / pow2(_a6_));{'d0': {'_a0_': 0.6238594156261785, '_a2_': 0.84264460472952, '_a6_': -0.42982652559422135, '_a1_': 1.0, '_a3_': 1.0, '_a4_': 1.0, '_a5_': 1.0, '_a7_': 1.0}};{'d0': 0.024905832919416636};-280.569866449044;40.702644320968474
40669;-99.5822889035534;(((((_a2_ * _a0_) + ((_a0_ + x) * x)) * x) * _a0_) / pow2(_a6_));{'d0': {'_a0_': 0.6238594156261785, '_a2_': 0.84264460472952, '_a6_': -0.42982652559422135, '_a1_': 1.0, '_a3_': 1.0, '_a4_': 1.0, '_a5_': 1.0, '_a7_': 1.0}};{'d0': 0.024905832919416636};-280.569866449044;40.702644320968474
40670;-99.5822889035534;(((((_a2_ * _a0_) + ((_a0_ + x) * x)) * x) * _a0_) / pow2(_a6_));{'d0': {'_a0_': 0.6238594156261785, '_a2_': 0.84264460472952, '_a6_': -0.42982652559422135, '_a1_': 1.0, '_a3_': 1.0, '_a4_': 1.0, '_a5_': 1.0, '_a7_': 1.0}};{'d0': 0.024905832919416636};-280.569866449044;40.702644320968474
40671;-98.6944060208632;(((((_a2_ * _a0_) + ((_a0_ + x) * x)) * x) / _a0_) / pow2(_a6_));{'d0': {'_a0_': 0.6238594155941265, '_a2_': 0.842644603538402, '_a6_': -0.6889797839336433, '_a1_': 1.0, '_a3_': 1.0, '_a4_': 1.0, '_a5_': 1.0, '_a7_': 1.0}};{'d0': 0.024905832919416615};-280.569866449044;41.590527203658674
40672;-98.6944060208632;(((((_a2_ * _a0_) + ((_a0_ + x) * x)) * x) / _a0_) / pow2(_a6_));{'d0': {'_a0_': 0.6238594155941265, '_a2_': 0.842644603538402, '_a6_': -0.6889797839336433, '_a1_': 1.0, '_a3_': 1.0, '_a4_': 1.0, '_a5_': 1.0, '_a7_': 1.0}};{'d0': 0.024905832919416615};-280.569866449044;41.590527203658674
40673;-98.6944060208632;(((((_a2_ * _a0_) + ((_a0_ + x) * x)) * x) / _a0_) / pow2(_a6_));{'d0': {'_a0_': 0.6238594155941265, '_a2_': 0.842644603538402, '_a6_': -0.6889797839336433, '_a1_': 1.0, '_a3_': 1.0, '_a4_': 1.0, '_a5_': 1.0, '_a7_': 1.0}};{'d0': 0.024905832919416615};-280.569866449044;41.590527203658674
40674;-98.6944060208632;(((((_a2_ * _a0_) + ((_a0_ + x) * x)) * x) / _a0_) / pow2(_a6_));{'d0': {'_a0_': 0.6238594155941265, '_a2_': 0.842644603538402, '_a6_': -0.6889797839336433, '_a1_': 1.0, '_a3_': 1.0, '_a4_': 1.0, '_a5_': 1.0, '_a7_': 1.0}};{'d0': 0.024905832919416615};-280.569866449044;41.590527203658674
40675;-104.429306858732;(((_a7_ + ((_a3_ + (_a3_ + -(x))) * x)) * _a5_) * x);{'d0': {'_a3_': -0.31192970773979783, '_a5_': -3.376760878718076, '_a7_': -0.52569177023912, '_a0_': 1.0, '_a1_': 1.0, '_a2_': 1.0, '_a4_': 1.0, '_a6_': 1.0}};{'d0': 0.0249058329194166};-280.569866449044;35.855626365789504
40676;-104.429306858732;(((_a7_ + ((_a3_ + (_a3_ + -(x))) * x)) * _a5_) * x);{'d0': {'_a3_': -0.31192970773979783, '_a5_': -3.376760878718076, '_a7_': -0.52569177023912, '_a0_': 1.0, '_a1_': 1.0, '_a2_': 1.0, '_a4_': 1.0, '_a6_': 1.0}};{'d0': 0.0249058329194166};-280.569866449044;35.855626365789504
40677;-104.429306858732;(((_a7_ + ((_a3_ + (_a3_ + -(x))) * x)) * _a5_) * x);{'d0': {'_a3_': -0.31192970773979783, '_a5_': -3.376760878718076, '_a7_': -0.52569177023912, '_a0_': 1.0, '_a1_': 1.0, '_a2_': 1.0, '_a4_': 1.0, '_a6_': 1.0}};{'d0': 0.0249058329194166};-280.569866449044;35.855626365789504
40678;-104.429306858732;(((_a7_ + ((_a3_ + (_a3_ + -(x))) * x)) * _a5_) * x);{'d0': {'_a3_': -0.31192970773979783, '_a5_': -3.376760878718076, '_a7_': -0.52569177023912, '_a0_': 1.0, '_a1_': 1.0, '_a2_': 1.0, '_a4_': 1.0, '_a6_': 1.0}};{'d0': 0.0249058329194166};-280.569866449044;35.855626365789504
40679;-104.429306858732;(((_a7_ + ((_a3_ + (_a3_ + -(x))) * x)) * _a5_) * x);{'d0': {'_a3_': -0.31192970773979783, '_a5_': -3.376760878718076, '_a7_': -0.52569177023912, '_a0_': 1.0, '_a1_': 1.0, '_a2_': 1.0, '_a4_': 1.0, '_a6_': 1.0}};{'d0': 0.0249058329194166};-280.569866449044;35.855626365789504
40680;-104.429306858732;(((_a7_ + ((_a3_ + (_a3_ + -(x))) * x)) * _a5_) * x);{'d0': {'_a3_': -0.31192970773979783, '_a5_': -3.376760878718076, '_a7_': -0.52569177023912, '_a0_': 1.0, '_a1_': 1.0, '_a2_': 1.0, '_a4_': 1.0, '_a6_': 1.0}};{'d0': 0.0249058329194166};-280.569866449044;35.855626365789504
40681;-104.429306858732;(((_a7_ + ((_a3_ + (_a3_ + -(x))) * x)) * _a5_) * x);{'d0': {'_a3_': -0.31192970773979783, '_a5_': -3.376760878718076, '_a7_': -0.52569177023912, '_a0_': 1.0, '_a1_': 1.0, '_a2_': 1.0, '_a4_': 1.0, '_a6_': 1.0}};{'d0': 0.0249058329194166};-280.569866449044;35.855626365789504
40682;-104.429306858732;(((_a7_ + ((_a3_ + (_a3_ + -(x))) * x)) * _a5_) * x);{'d0': {'_a3_': -0.31192970773979783, '_a5_': -3.376760878718076, '_a7_': -0.52569177023912, '_a0_': 1.0, '_a1_': 1.0, '_a2_': 1.0, '_a4_': 1.0, '_a6_': 1.0}};{'d0': 0.0249058329194166};-280.569866449044;35.855626365789504
40683;-104.429306858732;(((_a7_ + ((_a3_ + (_a3_ + -(x))) * x)) * _a5_) * x);{'d0': {'_a3_': -0.31192970773979783, '_a5_': -3.376760878718076, '_a7_': -0.52569177023912, '_a0_': 1.0, '_a1_': 1.0, '_a2_': 1.0, '_a4_': 1.0, '_a6_': 1.0}};{'d0': 0.0249058329194166};-280.569866449044;35.855626365789504
40684;-104.429306858732;(((_a7_ + ((_a3_ + (_a3_ + -(x))) * x)) * _a5_) * x);{'d0': {'_a3_': -0.31192970773979783, '_a5_': -3.376760878718076, '_a7_': -0.52569177023912, '_a0_': 1.0, '_a1_': 1.0, '_a2_': 1.0, '_a4_': 1.0, '_a6_': 1.0}};{'d0': 0.0249058329194166};-280.569866449044;35.855626365789504
40685;-104.429306858732;(((_a7_ + ((_a3_ + (_a3_ + -(x))) * x)) * _a5_) * x);{'d0': {'_a3_': -0.31192970773979783, '_a5_': -3.376760878718076, '_a7_': -0.52569177023912, '_a0_': 1.0, '_a1_': 1.0, '_a2_': 1.0, '_a4_': 1.0, '_a6_': 1.0}};{'d0': 0.0249058329194166};-280.569866449044;35.855626365789504
40686;-104.429306858732;(((_a7_ + ((_a3_ + (_a3_ + -(x))) * x)) * _a5_) * x);{'d0': {'_a3_': -0.31192970773979783, '_a5_': -3.376760878718076, '_a7_': -0.52569177023912, '_a0_': 1.0, '_a1_': 1.0, '_a2_': 1.0, '_a4_': 1.0, '_a6_': 1.0}};{'d0': 0.0249058329194166};-280.569866449044;35.855626365789504
40687;-104.429306858732;(((_a7_ + ((_a3_ + (_a3_ + -(x))) * x)) * _a5_) * x);{'d0': {'_a3_': -0.31192970773979783, '_a5_': -3.376760878718076, '_a7_': -0.52569177023912, '_a0_': 1.0, '_a1_': 1.0, '_a2_': 1.0, '_a4_': 1.0, '_a6_': 1.0}};{'d0': 0.0249058329194166};-280.569866449044;35.855626365789504
40688;-104.429306858732;(((_a7_ + ((_a3_ + (_a3_ + -(x))) * x)) * _a5_) * x);{'d0': {'_a3_': -0.31192970773979783, '_a5_': -3.376760878718076, '_a7_': -0.52569177023912, '_a0_': 1.0, '_a1_': 1.0, '_a2_': 1.0, '_a4_': 1.0, '_a6_': 1.0}};{'d0': 0.0249058329194166};-280.569866449044;35.855626365789504
40689;-104.429306858732;(((_a7_ + ((_a3_ + (_a3_ + -(x))) * x)) * _a5_) * x);{'d0': {'_a3_': -0.31192970773979783, '_a5_': -3.376760878718076, '_a7_': -0.52569177023912, '_a0_': 1.0, '_a1_': 1.0, '_a2_': 1.0, '_a4_': 1.0, '_a6_': 1.0}};{'d0': 0.0249058329194166};-280.569866449044;35.855626365789504
40690;-104.429306858732;(((_a7_ + ((_a3_ + (_a3_ + -(x))) * x)) * _a5_) * x);{'d0': {'_a3_': -0.31192970773979783, '_a5_': -3.376760878718076, '_a7_': -0.52569177023912, '_a0_': 1.0, '_a1_': 1.0, '_a2_': 1.0, '_a4_': 1.0, '_a6_': 1.0}};{'d0': 0.0249058329194166};-280.569866449044;35.855626365789504
40691;-104.429306858732;(((_a7_ + ((_a3_ + (_a3_ + -(x))) * x)) * _a5_) * x);{'d0': {'_a3_': -0.31192970773979783, '_a5_': -3.376760878718076, '_a7_': -0.52569177023912, '_a0_': 1.0, '_a1_': 1.0, '_a2_': 1.0, '_a4_': 1.0, '_a6_': 1.0}};{'d0': 0.0249058329194166};-280.569866449044;35.855626365789504
40692;-104.429306858732;(((_a7_ + ((_a3_ + (_a3_ + -(x))) * x)) * _a5_) * x);{'d0': {'_a3_': -0.31192970773979783, '_a5_': -3.376760878718076, '_a7_': -0.52569177023912, '_a0_': 1.0, '_a1_': 1.0, '_a2_': 1.0, '_a4_': 1.0, '_a6_': 1.0}};{'d0': 0.0249058329194166};-280.569866449044;35.855626365789504
40693;-104.429306858732;(((_a7_ + ((_a3_ + (_a3_ + -(x))) * x)) * _a5_) * x);{'d0': {'_a3_': -0.31192970773979783, '_a5_': -3.376760878718076, '_a7_': -0.52569177023912, '_a0_': 1.0, '_a1_': 1.0, '_a2_': 1.0, '_a4_': 1.0, '_a6_': 1.0}};{'d0': 0.0249058329194166};-280.569866449044;35.855626365789504
40694;-99.4799669332752;((((_a4_ * _a3_) + ((_a3_ + (_a3_ + -(x))) * x)) * _a5_) * x);{'d0': {'_a3_': -0.31192970781103363, '_a4_': 1.6852892076824773, '_a5_': -3.3767608797576436, '_a0_': 1.0, '_a1_': 1.0, '_a2_': 1.0, '_a6_': 1.0, '_a7_': 1.0}};{'d0': 0.02490583291941664};-280.569866449044;40.8049662912465
40695;-98.6290150923298;((((_a4_ * _a3_) + ((_a3_ + (_a3_ + -(x))) * x)) / _a5_) * x);{'d0': {'_a3_': -0.31192970782084317, '_a4_': 1.6852892080196882, '_a5_': -0.29614178669670727, '_a0_': 1.0, '_a1_': 1.0, '_a2_': 1.0, '_a6_': 1.0, '_a7_': 1.0}};{'d0': 0.024905832919416664};-280.569866449044;41.6559181321919
40696;-98.6290150923298;((((_a4_ * _a3_) + ((_a3_ + (_a3_ + -(x))) * x)) / _a5_) * x);{'d0': {'_a3_': -0.31192970782084317, '_a4_': 1.6852892080196882, '_a5_': -0.29614178669670727, '_a0_': 1.0, '_a1_': 1.0, '_a2_': 1.0, '_a6_': 1.0, '_a7_': 1.0}};{'d0': 0.024905832919416664};-280.569866449044;41.6559181321919
40697;-98.6290150923298;((((_a4_ * _a3_) + ((_a3_ + (_a3_ + -(x))) * x)) / _a5_) * x);{'d0': {'_a3_': -0.31192970782084317, '_a4_': 1.6852892080196882, '_a5_': -0.29614178669670727, '_a0_': 1.0, '_a1_': 1.0, '_a2_': 1.0, '_a6_': 1.0, '_a7_': 1.0}};{'d0': 0.024905832919416664};-280.569866449044;41.6559181321919
40698;-103.571388659998;((pow2(x) / _a7_) + ((((x * x) + _a5_) / _a4_) * x));{'d0': {'_a4_': 0.2961417868883786, '_a5_': 0.5256917706442693, '_a7_': 0.4746931432144458, '_a0_': 1.0, '_a1_': 1.0, '_a2_': 1.0, '_a3_': 1.0, '_a6_': 1.0}};{'d0': 0.024905832919416587};-280.569866449044;36.71354456452354
40699;-103.571388659998;((pow2(x) / _a7_) + ((((x * x) + _a5_) / _a4_) * x));{'d0': {'_a4_': 0.2961417868883786, '_a5_': 0.5256917706442693, '_a7_': 0.4746931432144458, '_a0_': 1.0, '_a1_': 1.0, '_a2_': 1.0, '_a3_': 1.0, '_a6_': 1.0}};{'d0': 0.024905832919416587};-280.569866449044;36.71354456452354
40700;-103.571388659998;((pow2(x) / _a7_) + ((((x * x) + _a5_) / _a4_) * x));{'d0': {'_a4_': 0.2961417868883786, '_a5_': 0.5256917706442693, '_a7_': 0.4746931432144458, '_a0_': 1.0, '_a1_': 1.0, '_a2_': 1.0, '_a3_': 1.0, '_a6_': 1.0}};{'d0': 0.024905832919416587};-280.569866449044;36.71354456452354
40701;-103.571388659998;((pow2(x) / _a7_) + ((((x * x) + _a5_) / _a4_) * x));{'d0': {'_a4_': 0.2961417868883786, '_a5_': 0.5256917706442693, '_a7_': 0.4746931432144458, '_a0_': 1.0, '_a1_': 1.0, '_a2_': 1.0, '_a3_': 1.0, '_a6_': 1.0}};{'d0': 0.024905832919416587};-280.569866449044;36.71354456452354
40702;-103.571388659998;((pow2(x) / _a7_) + ((((x * x) + _a5_) / _a4_) * x));{'d0': {'_a4_': 0.2961417868883786, '_a5_': 0.5256917706442693, '_a7_': 0.4746931432144458, '_a0_': 1.0, '_a1_': 1.0, '_a2_': 1.0, '_a3_': 1.0, '_a6_': 1.0}};{'d0': 0.024905832919416587};-280.569866449044;36.71354456452354
40703;-103.571388659998;((pow2(x) / _a7_) + ((((x * x) + _a5_) / _a4_) * x));{'d0': {'_a4_': 0.2961417868883786, '_a5_': 0.5256917706442693, '_a7_': 0.4746931432144458, '_a0_': 1.0, '_a1_': 1.0, '_a2_': 1.0, '_a3_': 1.0, '_a6_': 1.0}};{'d0': 0.024905832919416587};-280.569866449044;36.71354456452354
40704;-103.571388659998;((pow2(x) / _a7_) + ((((x * x) + _a5_) / _a4_) * x));{'d0': {'_a4_': 0.2961417868883786, '_a5_': 0.5256917706442693, '_a7_': 0.4746931432144458, '_a0_': 1.0, '_a1_': 1.0, '_a2_': 1.0, '_a3_': 1.0, '_a6_': 1.0}};{'d0': 0.024905832919416587};-280.569866449044;36.71354456452354
40705;-103.571388659998;((pow2(x) / _a7_) + ((((x * x) + _a5_) / _a4_) * x));{'d0': {'_a4_': 0.2961417868883786, '_a5_': 0.5256917706442693, '_a7_': 0.4746931432144458, '_a0_': 1.0, '_a1_': 1.0, '_a2_': 1.0, '_a3_': 1.0, '_a6_': 1.0}};{'d0': 0.024905832919416587};-280.569866449044;36.71354456452354
40706;-103.571388659998;((pow2(x) / _a7_) + ((((x * x) + _a5_) / _a4_) * x));{'d0': {'_a4_': 0.2961417868883786, '_a5_': 0.5256917706442693, '_a7_': 0.4746931432144458, '_a0_': 1.0, '_a1_': 1.0, '_a2_': 1.0, '_a3_': 1.0, '_a6_': 1.0}};{'d0': 0.024905832919416587};-280.569866449044;36.71354456452354
40707;-103.571388659998;((pow2(x) / _a7_) + ((((x * x) + _a5_) / _a4_) * x));{'d0': {'_a4_': 0.2961417868883786, '_a5_': 0.5256917706442693, '_a7_': 0.4746931432144458, '_a0_': 1.0, '_a1_': 1.0, '_a2_': 1.0, '_a3_': 1.0, '_a6_': 1.0}};{'d0': 0.024905832919416587};-280.569866449044;36.71354456452354
40708;-103.571388659998;((pow2(x) / _a7_) + ((((x * x) + _a5_) / _a4_) * x));{'d0': {'_a4_': 0.2961417868883786, '_a5_': 0.5256917706442693, '_a7_': 0.4746931432144458, '_a0_': 1.0, '_a1_': 1.0, '_a2_': 1.0, '_a3_': 1.0, '_a6_': 1.0}};{'d0': 0.024905832919416587};-280.569866449044;36.71354456452354
40709;-103.571388659998;((pow2(x) / _a7_) + ((((x * x) + _a5_) / _a4_) * x));{'d0': {'_a4_': 0.2961417868883786, '_a5_': 0.5256917706442693, '_a7_': 0.4746931432144458, '_a0_': 1.0, '_a1_': 1.0, '_a2_': 1.0, '_a3_': 1.0, '_a6_': 1.0}};{'d0': 0.024905832919416587};-280.569866449044;36.71354456452354
40710;-103.571388659998;((pow2(x) / _a7_) + ((((x * x) + _a5_) / _a4_) * x));{'d0': {'_a4_': 0.2961417868883786, '_a5_': 0.5256917706442693, '_a7_': 0.4746931432144458, '_a0_': 1.0, '_a1_': 1.0, '_a2_': 1.0, '_a3_': 1.0, '_a6_': 1.0}};{'d0': 0.024905832919416587};-280.569866449044;36.71354456452354
40711;-103.571388659998;((pow2(x) / _a7_) + ((((x * x) + _a5_) / _a4_) * x));{'d0': {'_a4_': 0.2961417868883786, '_a5_': 0.5256917706442693, '_a7_': 0.4746931432144458, '_a0_': 1.0, '_a1_': 1.0, '_a2_': 1.0, '_a3_': 1.0, '_a6_': 1.0}};{'d0': 0.024905832919416587};-280.569866449044;36.71354456452354
40712;-103.571388659998;((pow2(x) / _a7_) + ((((x * x) + _a5_) / _a4_) * x));{'d0': {'_a4_': 0.2961417868883786, '_a5_': 0.5256917706442693, '_a7_': 0.4746931432144458, '_a0_': 1.0, '_a1_': 1.0, '_a2_': 1.0, '_a3_': 1.0, '_a6_': 1.0}};{'d0': 0.024905832919416587};-280.569866449044;36.71354456452354
40713;-103.571388659998;((pow2(x) / _a7_) + ((((x * x) + _a5_) / _a4_) * x));{'d0': {'_a4_': 0.2961417868883786, '_a5_': 0.5256917706442693, '_a7_': 0.4746931432144458, '_a0_': 1.0, '_a1_': 1.0, '_a2_': 1.0, '_a3_': 1.0, '_a6_': 1.0}};{'d0': 0.024905832919416587};-280.569866449044;36.71354456452354
40714;-103.571388659998;((pow2(x) / _a7_) + ((((x * x) + _a5_) / _a4_) * x));{'d0': {'_a4_': 0.2961417868883786, '_a5_': 0.5256917706442693, '_a7_': 0.4746931432144458, '_a0_': 1.0, '_a1_': 1.0, '_a2_': 1.0, '_a3_': 1.0, '_a6_': 1.0}};{'d0': 0.024905832919416587};-280.569866449044;36.71354456452354
40715;-103.571388659998;((pow2(x) / _a7_) + ((((x * x) + _a5_) / _a4_) * x));{'d0': {'_a4_': 0.2961417868883786, '_a5_': 0.5256917706442693, '_a7_': 0.4746931432144458, '_a0_': 1.0, '_a1_': 1.0, '_a2_': 1.0, '_a3_': 1.0, '_a6_': 1.0}};{'d0': 0.024905832919416587};-280.569866449044;36.71354456452354
40716;-103.505997731465;(((_a4_ + ((_a5_ + (_a3_ + -(x))) * x)) / _a5_) * x);{'d0': {'_a3_': -0.3277176287997509, '_a4_': -0.5256917701175747, '_a5_': -0.29614178668229263, '_a0_': 1.0, '_a1_': 1.0, '_a2_': 1.0, '_a6_': 1.0, '_a7_': 1.0}};{'d0': 0.024905832919416632};-280.569866449044;36.7789354930569
40717;-103.505997731465;(((_a4_ + ((_a5_ + (_a3_ + -(x))) * x)) / _a5_) * x);{'d0': {'_a3_': -0.3277176287997509, '_a4_': -0.5256917701175747, '_a5_': -0.29614178668229263, '_a0_': 1.0, '_a1_': 1.0, '_a2_': 1.0, '_a6_': 1.0, '_a7_': 1.0}};{'d0': 0.024905832919416632};-280.569866449044;36.7789354930569
40718;-103.505997731465;(((_a4_ + ((_a5_ + (_a3_ + -(x))) * x)) / _a5_) * x);{'d0': {'_a3_': -0.3277176287997509, '_a4_': -0.5256917701175747, '_a5_': -0.29614178668229263, '_a0_': 1.0, '_a1_': 1.0, '_a2_': 1.0, '_a6_': 1.0, '_a7_': 1.0}};{'d0': 0.024905832919416632};-280.569866449044;36.7789354930569
40719;-103.505997731465;(((_a4_ + ((_a5_ + (_a3_ + -(x))) * x)) / _a5_) * x);{'d0': {'_a3_': -0.3277176287997509, '_a4_': -0.5256917701175747, '_a5_': -0.29614178668229263, '_a0_': 1.0, '_a1_': 1.0, '_a2_': 1.0, '_a6_': 1.0, '_a7_': 1.0}};{'d0': 0.024905832919416632};-280.569866449044;36.7789354930569
40720;-103.505997731465;(((_a4_ + ((_a5_ + (_a3_ + -(x))) * x)) / _a5_) * x);{'d0': {'_a3_': -0.3277176287997509, '_a4_': -0.5256917701175747, '_a5_': -0.29614178668229263, '_a0_': 1.0, '_a1_': 1.0, '_a2_': 1.0, '_a6_': 1.0, '_a7_': 1.0}};{'d0': 0.024905832919416632};-280.569866449044;36.7789354930569
40721;-103.505997731465;(((_a4_ + ((_a5_ + (_a3_ + -(x))) * x)) / _a5_) * x);{'d0': {'_a3_': -0.3277176287997509, '_a4_': -0.5256917701175747, '_a5_': -0.29614178668229263, '_a0_': 1.0, '_a1_': 1.0, '_a2_': 1.0, '_a6_': 1.0, '_a7_': 1.0}};{'d0': 0.024905832919416632};-280.569866449044;36.7789354930569
40722;-103.505997731465;(((_a4_ + ((_a5_ + (_a3_ + -(x))) * x)) / _a5_) * x);{'d0': {'_a3_': -0.3277176287997509, '_a4_': -0.5256917701175747, '_a5_': -0.29614178668229263, '_a0_': 1.0, '_a1_': 1.0, '_a2_': 1.0, '_a6_': 1.0, '_a7_': 1.0}};{'d0': 0.024905832919416632};-280.569866449044;36.7789354930569
40723;-103.505997731465;(((_a4_ + ((_a5_ + (_a3_ + -(x))) * x)) / _a5_) * x);{'d0': {'_a3_': -0.3277176287997509, '_a4_': -0.5256917701175747, '_a5_': -0.29614178668229263, '_a0_': 1.0, '_a1_': 1.0, '_a2_': 1.0, '_a6_': 1.0, '_a7_': 1.0}};{'d0': 0.024905832919416632};-280.569866449044;36.7789354930569
40724;-103.505997731465;(((_a4_ + ((_a5_ + (_a3_ + -(x))) * x)) / _a5_) * x);{'d0': {'_a3_': -0.3277176287997509, '_a4_': -0.5256917701175747, '_a5_': -0.29614178668229263, '_a0_': 1.0, '_a1_': 1.0, '_a2_': 1.0, '_a6_': 1.0, '_a7_': 1.0}};{'d0': 0.024905832919416632};-280.569866449044;36.7789354930569
40725;-103.505997731465;(((_a4_ + ((_a5_ + (_a3_ + -(x))) * x)) / _a5_) * x);{'d0': {'_a3_': -0.3277176287997509, '_a4_': -0.5256917701175747, '_a5_': -0.29614178668229263, '_a0_': 1.0, '_a1_': 1.0, '_a2_': 1.0, '_a6_': 1.0, '_a7_': 1.0}};{'d0': 0.024905832919416632};-280.569866449044;36.7789354930569
40726;-103.571388659998;((pow2(x) / _a7_) + ((((x * x) + _a5_) / _a4_) * x));{'d0': {'_a4_': 0.2961417868883786, '_a5_': 0.5256917706442693, '_a7_': 0.4746931432144458, '_a0_': 1.0, '_a1_': 1.0, '_a2_': 1.0, '_a3_': 1.0, '_a6_': 1.0}};{'d0': 0.024905832919416587};-280.569866449044;36.71354456452354
40727;-103.505997731465;(((_a4_ + ((_a5_ + (_a3_ + -(x))) * x)) / _a5_) * x);{'d0': {'_a3_': -0.3277176287997509, '_a4_': -0.5256917701175747, '_a5_': -0.29614178668229263, '_a0_': 1.0, '_a1_': 1.0, '_a2_': 1.0, '_a6_': 1.0, '_a7_': 1.0}};{'d0': 0.024905832919416632};-280.569866449044;36.7789354930569
40728;-103.505997731465;(((_a4_ + ((_a5_ + (_a3_ + -(x))) * x)) / _a5_) * x);{'d0': {'_a3_': -0.3277176287997509, '_a4_': -0.5256917701175747, '_a5_': -0.29614178668229263, '_a0_': 1.0, '_a1_': 1.0, '_a2_': 1.0, '_a6_': 1.0, '_a7_': 1.0}};{'d0': 0.024905832919416632};-280.569866449044;36.7789354930569
40729;-103.505997731465;(((_a4_ + ((_a5_ + (_a3_ + -(x))) * x)) / _a5_) * x);{'d0': {'_a3_': -0.3277176287997509, '_a4_': -0.5256917701175747, '_a5_': -0.29614178668229263, '_a0_': 1.0, '_a1_': 1.0, '_a2_': 1.0, '_a6_': 1.0, '_a7_': 1.0}};{'d0': 0.024905832919416632};-280.569866449044;36.7789354930569
40730;-103.505997731465;(((_a4_ + ((_a5_ + (_a3_ + -(x))) * x)) / _a5_) * x);{'d0': {'_a3_': -0.3277176287997509, '_a4_': -0.5256917701175747, '_a5_': -0.29614178668229263, '_a0_': 1.0, '_a1_': 1.0, '_a2_': 1.0, '_a6_': 1.0, '_a7_': 1.0}};{'d0': 0.024905832919416632};-280.569866449044;36.7789354930569
40731;-103.571388659998;((pow2(x) / _a7_) + ((((x * x) + _a5_) / _a4_) * x));{'d0': {'_a4_': 0.2961417868883786, '_a5_': 0.5256917706442693, '_a7_': 0.4746931432144458, '_a0_': 1.0, '_a1_': 1.0, '_a2_': 1.0, '_a3_': 1.0, '_a6_': 1.0}};{'d0': 0.024905832919416587};-280.569866449044;36.71354456452354
40732;-103.571388659998;((pow2(x) / _a7_) + ((((x * x) + _a5_) / _a4_) * x));{'d0': {'_a4_': 0.2961417868883786, '_a5_': 0.5256917706442693, '_a7_': 0.4746931432144458, '_a0_': 1.0, '_a1_': 1.0, '_a2_': 1.0, '_a3_': 1.0, '_a6_': 1.0}};{'d0': 0.024905832919416587};-280.569866449044;36.71354456452354
40733;-103.571388659998;((pow2(x) / _a7_) + ((((x * x) + _a5_) / _a4_) * x));{'d0': {'_a4_': 0.2961417868883786, '_a5_': 0.5256917706442693, '_a7_': 0.4746931432144458, '_a0_': 1.0, '_a1_': 1.0, '_a2_': 1.0, '_a3_': 1.0, '_a6_': 1.0}};{'d0': 0.024905832919416587};-280.569866449044;36.71354456452354
40734;-103.571388659998;((pow2(x) / _a7_) + ((((x * x) + _a5_) / _a4_) * x));{'d0': {'_a4_': 0.2961417868883786, '_a5_': 0.5256917706442693, '_a7_': 0.4746931432144458, '_a0_': 1.0, '_a1_': 1.0, '_a2_': 1.0, '_a3_': 1.0, '_a6_': 1.0}};{'d0': 0.024905832919416587};-280.569866449044;36.71354456452354
40735;-103.571388659998;((pow2(x) / _a7_) + ((((x * x) + _a5_) / _a4_) * x));{'d0': {'_a4_': 0.2961417868883786, '_a5_': 0.5256917706442693, '_a7_': 0.4746931432144458, '_a0_': 1.0, '_a1_': 1.0, '_a2_': 1.0, '_a3_': 1.0, '_a6_': 1.0}};{'d0': 0.024905832919416587};-280.569866449044;36.71354456452354
40736;-103.505997731465;(((_a4_ + ((_a5_ + (_a3_ + -(x))) * x)) / _a5_) * x);{'d0': {'_a3_': -0.3277176287997509, '_a4_': -0.5256917701175747, '_a5_': -0.29614178668229263, '_a0_': 1.0, '_a1_': 1.0, '_a2_': 1.0, '_a6_': 1.0, '_a7_': 1.0}};{'d0': 0.024905832919416632};-280.569866449044;36.7789354930569
40737;-103.505997731465;(((_a4_ + ((_a4_ + (_a3_ + -(x))) * x)) / _a5_) * x);{'d0': {'_a3_': -0.09816764716104055, '_a4_': -0.5256917687406172, '_a5_': -0.2961417860129361, '_a0_': 1.0, '_a1_': 1.0, '_a2_': 1.0, '_a6_': 1.0, '_a7_': 1.0}};{'d0': 0.024905832919416608};-280.569866449044;36.7789354930569
40738;-103.505997731465;(((_a4_ + ((_a4_ + (_a3_ + -(x))) * x)) / _a5_) * x);{'d0': {'_a3_': -0.09816764716104055, '_a4_': -0.5256917687406172, '_a5_': -0.2961417860129361, '_a0_': 1.0, '_a1_': 1.0, '_a2_': 1.0, '_a6_': 1.0, '_a7_': 1.0}};{'d0': 0.024905832919416608};-280.569866449044;36.7789354930569
40739;-103.505997731465;(((_a4_ + ((_a4_ + (_a3_ + -(x))) * x)) / _a5_) * x);{'d0': {'_a3_': -0.09816764716104055, '_a4_': -0.5256917687406172, '_a5_': -0.2961417860129361, '_a0_': 1.0, '_a1_': 1.0, '_a2_': 1.0, '_a6_': 1.0, '_a7_': 1.0}};{'d0': 0.024905832919416608};-280.569866449044;36.7789354930569
40740;-103.505997731465;(((_a4_ + ((_a4_ + (_a3_ + -(x))) * x)) / _a5_) * x);{'d0': {'_a3_': -0.09816764716104055, '_a4_': -0.5256917687406172, '_a5_': -0.2961417860129361, '_a0_': 1.0, '_a1_': 1.0, '_a2_': 1.0, '_a6_': 1.0, '_a7_': 1.0}};{'d0': 0.024905832919416608};-280.569866449044;36.7789354930569
40741;-103.505997731465;(((_a4_ + ((_a4_ + (_a3_ + -(x))) * x)) / _a5_) * x);{'d0': {'_a3_': -0.09816764716104055, '_a4_': -0.5256917687406172, '_a5_': -0.2961417860129361, '_a0_': 1.0, '_a1_': 1.0, '_a2_': 1.0, '_a6_': 1.0, '_a7_': 1.0}};{'d0': 0.024905832919416608};-280.569866449044;36.7789354930569
40742;-103.505997731465;(((_a4_ + ((_a4_ + (_a3_ + -(x))) * x)) / _a5_) * x);{'d0': {'_a3_': -0.09816764716104055, '_a4_': -0.5256917687406172, '_a5_': -0.2961417860129361, '_a0_': 1.0, '_a1_': 1.0, '_a2_': 1.0, '_a6_': 1.0, '_a7_': 1.0}};{'d0': 0.024905832919416608};-280.569866449044;36.7789354930569
40743;-103.505997731465;(((_a4_ + ((_a4_ + (_a3_ + -(x))) * x)) / _a5_) * x);{'d0': {'_a3_': -0.09816764716104055, '_a4_': -0.5256917687406172, '_a5_': -0.2961417860129361, '_a0_': 1.0, '_a1_': 1.0, '_a2_': 1.0, '_a6_': 1.0, '_a7_': 1.0}};{'d0': 0.024905832919416608};-280.569866449044;36.7789354930569
40744;-103.505997731465;(((_a4_ + ((_a4_ + (_a3_ + -(x))) * x)) / _a5_) * x);{'d0': {'_a3_': -0.09816764716104055, '_a4_': -0.5256917687406172, '_a5_': -0.2961417860129361, '_a0_': 1.0, '_a1_': 1.0, '_a2_': 1.0, '_a6_': 1.0, '_a7_': 1.0}};{'d0': 0.024905832919416608};-280.569866449044;36.7789354930569
40745;-103.505997731465;(((_a4_ + ((_a4_ + (_a3_ + -(x))) * x)) / _a5_) * x);{'d0': {'_a3_': -0.09816764716104055, '_a4_': -0.5256917687406172, '_a5_': -0.2961417860129361, '_a0_': 1.0, '_a1_': 1.0, '_a2_': 1.0, '_a6_': 1.0, '_a7_': 1.0}};{'d0': 0.024905832919416608};-280.569866449044;36.7789354930569
40746;-103.505997731465;(((_a4_ + ((_a4_ + (_a3_ + -(x))) * x)) / _a5_) * x);{'d0': {'_a3_': -0.09816764716104055, '_a4_': -0.5256917687406172, '_a5_': -0.2961417860129361, '_a0_': 1.0, '_a1_': 1.0, '_a2_': 1.0, '_a6_': 1.0, '_a7_': 1.0}};{'d0': 0.024905832919416608};-280.569866449044;36.7789354930569
40747;-103.505997731465;(((_a4_ + ((_a4_ + (_a3_ + -(x))) * x)) / _a5_) * x);{'d0': {'_a3_': -0.09816764716104055, '_a4_': -0.5256917687406172, '_a5_': -0.2961417860129361, '_a0_': 1.0, '_a1_': 1.0, '_a2_': 1.0, '_a6_': 1.0, '_a7_': 1.0}};{'d0': 0.024905832919416608};-280.569866449044;36.7789354930569
40748;-103.505997731465;(((_a4_ + ((_a4_ + (_a3_ + -(x))) * x)) / _a5_) * x);{'d0': {'_a3_': -0.09816764716104055, '_a4_': -0.5256917687406172, '_a5_': -0.2961417860129361, '_a0_': 1.0, '_a1_': 1.0, '_a2_': 1.0, '_a6_': 1.0, '_a7_': 1.0}};{'d0': 0.024905832919416608};-280.569866449044;36.7789354930569
40749;-103.505997731465;(((_a4_ + ((_a4_ + (_a3_ + -(x))) * x)) / _a5_) * x);{'d0': {'_a3_': -0.09816764716104055, '_a4_': -0.5256917687406172, '_a5_': -0.2961417860129361, '_a0_': 1.0, '_a1_': 1.0, '_a2_': 1.0, '_a6_': 1.0, '_a7_': 1.0}};{'d0': 0.024905832919416608};-280.569866449044;36.7789354930569
40750;-103.505997731465;(((_a4_ + ((_a4_ + (_a3_ + -(x))) * x)) / _a5_) * x);{'d0': {'_a3_': -0.09816764716104055, '_a4_': -0.5256917687406172, '_a5_': -0.2961417860129361, '_a0_': 1.0, '_a1_': 1.0, '_a2_': 1.0, '_a6_': 1.0, '_a7_': 1.0}};{'d0': 0.024905832919416608};-280.569866449044;36.7789354930569
40751;-103.505997731465;(((_a4_ + ((_a4_ + (_a3_ + -(x))) * x)) / _a5_) * x);{'d0': {'_a3_': -0.09816764716104055, '_a4_': -0.5256917687406172, '_a5_': -0.2961417860129361, '_a0_': 1.0, '_a1_': 1.0, '_a2_': 1.0, '_a6_': 1.0, '_a7_': 1.0}};{'d0': 0.024905832919416608};-280.569866449044;36.7789354930569
40752;-103.505997731465;(((_a4_ + ((_a4_ + (_a3_ + -(x))) * x)) / _a5_) * x);{'d0': {'_a3_': -0.09816764716104055, '_a4_': -0.5256917687406172, '_a5_': -0.2961417860129361, '_a0_': 1.0, '_a1_': 1.0, '_a2_': 1.0, '_a6_': 1.0, '_a7_': 1.0}};{'d0': 0.024905832919416608};-280.569866449044;36.7789354930569
40753;-103.505997731465;(((_a4_ + ((_a4_ + (_a3_ + -(x))) * x)) / _a5_) * x);{'d0': {'_a3_': -0.09816764716104055, '_a4_': -0.5256917687406172, '_a5_': -0.2961417860129361, '_a0_': 1.0, '_a1_': 1.0, '_a2_': 1.0, '_a6_': 1.0, '_a7_': 1.0}};{'d0': 0.024905832919416608};-280.569866449044;36.7789354930569
40754;-103.505997731465;(((_a4_ + ((_a4_ + (_a3_ + -(x))) * x)) / _a5_) * x);{'d0': {'_a3_': -0.09816764716104055, '_a4_': -0.5256917687406172, '_a5_': -0.2961417860129361, '_a0_': 1.0, '_a1_': 1.0, '_a2_': 1.0, '_a6_': 1.0, '_a7_': 1.0}};{'d0': 0.024905832919416608};-280.569866449044;36.7789354930569
40755;-103.505997731465;(((_a4_ + ((_a4_ + (_a3_ + -(x))) * x)) / _a5_) * x);{'d0': {'_a3_': -0.09816764716104055, '_a4_': -0.5256917687406172, '_a5_': -0.2961417860129361, '_a0_': 1.0, '_a1_': 1.0, '_a2_': 1.0, '_a6_': 1.0, '_a7_': 1.0}};{'d0': 0.024905832919416608};-280.569866449044;36.7789354930569
40756;-103.505997731465;(((_a4_ + ((_a4_ + (_a3_ + -(x))) * x)) / _a5_) * x);{'d0': {'_a3_': -0.09816764716104055, '_a4_': -0.5256917687406172, '_a5_': -0.2961417860129361, '_a0_': 1.0, '_a1_': 1.0, '_a2_': 1.0, '_a6_': 1.0, '_a7_': 1.0}};{'d0': 0.024905832919416608};-280.569866449044;36.7789354930569
40757;-103.505997731465;(((_a4_ + ((_a4_ + (_a3_ + -(x))) * x)) / _a5_) * x);{'d0': {'_a3_': -0.09816764716104055, '_a4_': -0.5256917687406172, '_a5_': -0.2961417860129361, '_a0_': 1.0, '_a1_': 1.0, '_a2_': 1.0, '_a6_': 1.0, '_a7_': 1.0}};{'d0': 0.024905832919416608};-280.569866449044;36.7789354930569
40758;-103.505997731465;(((_a4_ + ((_a4_ + (_a3_ + -(x))) * x)) / _a5_) * x);{'d0': {'_a3_': -0.09816764716104055, '_a4_': -0.5256917687406172, '_a5_': -0.2961417860129361, '_a0_': 1.0, '_a1_': 1.0, '_a2_': 1.0, '_a6_': 1.0, '_a7_': 1.0}};{'d0': 0.024905832919416608};-280.569866449044;36.7789354930569
40759;-103.505997731465;(((_a4_ + ((_a4_ + (_a3_ + -(x))) * x)) / _a5_) * x);{'d0': {'_a3_': -0.09816764716104055, '_a4_': -0.5256917687406172, '_a5_': -0.2961417860129361, '_a0_': 1.0, '_a1_': 1.0, '_a2_': 1.0, '_a6_': 1.0, '_a7_': 1.0}};{'d0': 0.024905832919416608};-280.569866449044;36.7789354930569
40760;-103.505997731465;(((_a4_ + ((_a4_ + (_a3_ + -(x))) * x)) / _a5_) * x);{'d0': {'_a3_': -0.09816764716104055, '_a4_': -0.5256917687406172, '_a5_': -0.2961417860129361, '_a0_': 1.0, '_a1_': 1.0, '_a2_': 1.0, '_a6_': 1.0, '_a7_': 1.0}};{'d0': 0.024905832919416608};-280.569866449044;36.7789354930569
40761;-103.505997731465;(((_a4_ + ((_a4_ + (_a3_ + -(x))) * x)) / _a5_) * x);{'d0': {'_a3_': -0.09816764716104055, '_a4_': -0.5256917687406172, '_a5_': -0.2961417860129361, '_a0_': 1.0, '_a1_': 1.0, '_a2_': 1.0, '_a6_': 1.0, '_a7_': 1.0}};{'d0': 0.024905832919416608};-280.569866449044;36.7789354930569
40762;-103.505997731465;(((_a4_ + ((_a4_ + (_a3_ + -(x))) * x)) / _a5_) * x);{'d0': {'_a3_': -0.09816764716104055, '_a4_': -0.5256917687406172, '_a5_': -0.2961417860129361, '_a0_': 1.0, '_a1_': 1.0, '_a2_': 1.0, '_a6_': 1.0, '_a7_': 1.0}};{'d0': 0.024905832919416608};-280.569866449044;36.7789354930569
40763;-103.505997731465;(((_a4_ + ((_a4_ + (_a3_ + -(x))) * x)) / _a5_) * x);{'d0': {'_a3_': -0.09816764716104055, '_a4_': -0.5256917687406172, '_a5_': -0.2961417860129361, '_a0_': 1.0, '_a1_': 1.0, '_a2_': 1.0, '_a6_': 1.0, '_a7_': 1.0}};{'d0': 0.024905832919416608};-280.569866449044;36.7789354930569
40764;-103.505997731465;(((_a4_ + ((_a4_ + (_a3_ + -(x))) * x)) / _a5_) * x);{'d0': {'_a3_': -0.09816764716104055, '_a4_': -0.5256917687406172, '_a5_': -0.2961417860129361, '_a0_': 1.0, '_a1_': 1.0, '_a2_': 1.0, '_a6_': 1.0, '_a7_': 1.0}};{'d0': 0.024905832919416608};-280.569866449044;36.7789354930569
40765;-103.505997731465;(((_a4_ + ((_a4_ + (_a3_ + -(x))) * x)) / _a5_) * x);{'d0': {'_a3_': -0.09816764716104055, '_a4_': -0.5256917687406172, '_a5_': -0.2961417860129361, '_a0_': 1.0, '_a1_': 1.0, '_a2_': 1.0, '_a6_': 1.0, '_a7_': 1.0}};{'d0': 0.024905832919416608};-280.569866449044;36.7789354930569
40766;-103.505997731465;(((_a4_ + ((_a3_ + (_a3_ + -(x))) * x)) / _a5_) * x);{'d0': {'_a3_': -0.3119297078579814, '_a4_': -0.5256917710842156, '_a5_': -0.29614178701580807, '_a0_': 1.0, '_a1_': 1.0, '_a2_': 1.0, '_a6_': 1.0, '_a7_': 1.0}};{'d0': 0.024905832919416646};-280.569866449044;36.7789354930569
40767;-103.505997731465;(((_a4_ + ((_a3_ + (_a3_ + -(x))) * x)) / _a5_) * x);{'d0': {'_a3_': -0.3119297078579814, '_a4_': -0.5256917710842156, '_a5_': -0.29614178701580807, '_a0_': 1.0, '_a1_': 1.0, '_a2_': 1.0, '_a6_': 1.0, '_a7_': 1.0}};{'d0': 0.024905832919416646};-280.569866449044;36.7789354930569
40768;-103.505997731465;(((_a4_ + ((_a3_ + (_a3_ + -(x))) * x)) / _a5_) * x);{'d0': {'_a3_': -0.3119297078579814, '_a4_': -0.5256917710842156, '_a5_': -0.29614178701580807, '_a0_': 1.0, '_a1_': 1.0, '_a2_': 1.0, '_a6_': 1.0, '_a7_': 1.0}};{'d0': 0.024905832919416646};-280.569866449044;36.7789354930569
40769;-103.505997731465;(((_a4_ + ((_a3_ + (_a3_ + -(x))) * x)) / _a5_) * x);{'d0': {'_a3_': -0.3119297078579814, '_a4_': -0.5256917710842156, '_a5_': -0.29614178701580807, '_a0_': 1.0, '_a1_': 1.0, '_a2_': 1.0, '_a6_': 1.0, '_a7_': 1.0}};{'d0': 0.024905832919416646};-280.569866449044;36.7789354930569
40770;-103.505997731465;(((_a4_ + ((_a3_ + (_a3_ + -(x))) * x)) / _a5_) * x);{'d0': {'_a3_': -0.3119297078579814, '_a4_': -0.5256917710842156, '_a5_': -0.29614178701580807, '_a0_': 1.0, '_a1_': 1.0, '_a2_': 1.0, '_a6_': 1.0, '_a7_': 1.0}};{'d0': 0.024905832919416646};-280.569866449044;36.7789354930569
40771;-103.505997731465;(((_a4_ + ((_a3_ + (_a3_ + -(x))) * x)) / _a5_) * x);{'d0': {'_a3_': -0.3119297078579814, '_a4_': -0.5256917710842156, '_a5_': -0.29614178701580807, '_a0_': 1.0, '_a1_': 1.0, '_a2_': 1.0, '_a6_': 1.0, '_a7_': 1.0}};{'d0': 0.024905832919416646};-280.569866449044;36.7789354930569
40772;-103.505997731465;(((_a4_ + ((_a3_ + (_a3_ + -(x))) * x)) / _a5_) * x);{'d0': {'_a3_': -0.3119297078579814, '_a4_': -0.5256917710842156, '_a5_': -0.29614178701580807, '_a0_': 1.0, '_a1_': 1.0, '_a2_': 1.0, '_a6_': 1.0, '_a7_': 1.0}};{'d0': 0.024905832919416646};-280.569866449044;36.7789354930569
40773;-103.505997731465;(((_a4_ + ((_a3_ + (_a3_ + -(x))) * x)) / _a5_) * x);{'d0': {'_a3_': -0.3119297078579814, '_a4_': -0.5256917710842156, '_a5_': -0.29614178701580807, '_a0_': 1.0, '_a1_': 1.0, '_a2_': 1.0, '_a6_': 1.0, '_a7_': 1.0}};{'d0': 0.024905832919416646};-280.569866449044;36.7789354930569
40774;-103.505997731465;(((_a4_ + ((_a3_ + (_a3_ + -(x))) * x)) / _a5_) * x);{'d0': {'_a3_': -0.3119297078579814, '_a4_': -0.5256917710842156, '_a5_': -0.29614178701580807, '_a0_': 1.0, '_a1_': 1.0, '_a2_': 1.0, '_a6_': 1.0, '_a7_': 1.0}};{'d0': 0.024905832919416646};-280.569866449044;36.7789354930569
40775;-103.505997731465;(((_a4_ + ((_a3_ + (_a3_ + -(x))) * x)) / _a5_) * x);{'d0': {'_a3_': -0.3119297078579814, '_a4_': -0.5256917710842156, '_a5_': -0.29614178701580807, '_a0_': 1.0, '_a1_': 1.0, '_a2_': 1.0, '_a6_': 1.0, '_a7_': 1.0}};{'d0': 0.024905832919416646};-280.569866449044;36.7789354930569
40776;-103.505997731465;(((_a4_ + ((_a3_ + (_a3_ + -(x))) * x)) / _a5_) * x);{'d0': {'_a3_': -0.3119297078579814, '_a4_': -0.5256917710842156, '_a5_': -0.29614178701580807, '_a0_': 1.0, '_a1_': 1.0, '_a2_': 1.0, '_a6_': 1.0, '_a7_': 1.0}};{'d0': 0.024905832919416646};-280.569866449044;36.7789354930569
40777;-103.505997731465;(((_a4_ + ((_a3_ + (_a3_ + -(x))) * x)) / _a5_) * x);{'d0': {'_a3_': -0.3119297078579814, '_a4_': -0.5256917710842156, '_a5_': -0.29614178701580807, '_a0_': 1.0, '_a1_': 1.0, '_a2_': 1.0, '_a6_': 1.0, '_a7_': 1.0}};{'d0': 0.024905832919416646};-280.569866449044;36.7789354930569
40778;-103.505997731465;(((_a4_ + ((_a3_ + (_a3_ + -(x))) * x)) / _a5_) * x);{'d0': {'_a3_': -0.3119297078579814, '_a4_': -0.5256917710842156, '_a5_': -0.29614178701580807, '_a0_': 1.0, '_a1_': 1.0, '_a2_': 1.0, '_a6_': 1.0, '_a7_': 1.0}};{'d0': 0.024905832919416646};-280.569866449044;36.7789354930569
40779;-96.5818428112188;(((_a4_ + (((_a1_ * _a3_) + (_a3_ + -(x))) * x)) / _a5_) * x);{'d0': {'_a1_': 1.0, '_a3_': -0.3119297078579814, '_a4_': -0.5256917710842156, '_a5_': -0.29614178701580807, '_a0_': 1.0, '_a2_': 1.0, '_a6_': 1.0, '_a7_': 1.0}};{'d0': 0.024905832919416646};-276.475521886821;41.6559181321919
40780;-96.5818428112188;(((_a4_ + (((_a1_ * _a3_) + (_a3_ + -(x))) * x)) / _a5_) * x);{'d0': {'_a1_': 1.0, '_a3_': -0.3119297078579814, '_a4_': -0.5256917710842156, '_a5_': -0.29614178701580807, '_a0_': 1.0, '_a2_': 1.0, '_a6_': 1.0, '_a7_': 1.0}};{'d0': 0.024905832919416646};-276.475521886821;41.6559181321919
40781;-96.5818428112188;(((_a4_ + (((_a1_ * _a3_) + (_a3_ + -(x))) * x)) / _a5_) * x);{'d0': {'_a1_': 1.0, '_a3_': -0.3119297078579814, '_a4_': -0.5256917710842156, '_a5_': -0.29614178701580807, '_a0_': 1.0, '_a2_': 1.0, '_a6_': 1.0, '_a7_': 1.0}};{'d0': 0.024905832919416646};-276.475521886821;41.6559181321919
40782;-96.5818428112188;(((_a4_ + (((_a1_ * _a3_) + (_a3_ + -(x))) * x)) / _a5_) * x);{'d0': {'_a1_': 1.0, '_a3_': -0.3119297078579814, '_a4_': -0.5256917710842156, '_a5_': -0.29614178701580807, '_a0_': 1.0, '_a2_': 1.0, '_a6_': 1.0, '_a7_': 1.0}};{'d0': 0.024905832919416646};-276.475521886821;41.6559181321919
40783;-96.5818428112188;(((_a4_ + (((_a1_ * _a3_) + (_a3_ + -(x))) * x)) / _a5_) * x);{'d0': {'_a1_': 1.0, '_a3_': -0.3119297078579814, '_a4_': -0.5256917710842156, '_a5_': -0.29614178701580807, '_a0_': 1.0, '_a2_': 1.0, '_a6_': 1.0, '_a7_': 1.0}};{'d0': 0.024905832919416646};-276.475521886821;41.6559181321919
40784;-96.5818428112188;(((_a4_ + (((_a1_ * _a3_) + (_a3_ + -(x))) * x)) / _a5_) * x);{'d0': {'_a1_': 1.0, '_a3_': -0.3119297078579814, '_a4_': -0.5256917710842156, '_a5_': -0.29614178701580807, '_a0_': 1.0, '_a2_': 1.0, '_a6_': 1.0, '_a7_': 1.0}};{'d0': 0.024905832919416646};-276.475521886821;41.6559181321919
40785;-96.5818428112188;(((_a4_ + (((_a1_ * _a3_) + (_a3_ + -(x))) * x)) / _a5_) * x);{'d0': {'_a1_': 1.0, '_a3_': -0.3119297078579814, '_a4_': -0.5256917710842156, '_a5_': -0.29614178701580807, '_a0_': 1.0, '_a2_': 1.0, '_a6_': 1.0, '_a7_': 1.0}};{'d0': 0.024905832919416646};-276.475521886821;41.6559181321919
40786;-96.5818428112188;(((_a4_ + (((_a1_ * _a3_) + (_a3_ + -(x))) * x)) / _a5_) * x);{'d0': {'_a1_': 1.0, '_a3_': -0.3119297078579814, '_a4_': -0.5256917710842156, '_a5_': -0.29614178701580807, '_a0_': 1.0, '_a2_': 1.0, '_a6_': 1.0, '_a7_': 1.0}};{'d0': 0.024905832919416646};-276.475521886821;41.6559181321919
40787;-96.5818428112188;(((_a4_ + (((_a1_ * _a3_) + (_a3_ + -(x))) * x)) / _a5_) * x);{'d0': {'_a1_': 1.0, '_a3_': -0.3119297078579814, '_a4_': -0.5256917710842156, '_a5_': -0.29614178701580807, '_a0_': 1.0, '_a2_': 1.0, '_a6_': 1.0, '_a7_': 1.0}};{'d0': 0.024905832919416646};-276.475521886821;41.6559181321919
40788;-96.5818428112188;(((_a4_ + (((_a1_ * _a3_) + (_a3_ + -(x))) * x)) / _a5_) * x);{'d0': {'_a1_': 1.0, '_a3_': -0.3119297078579814, '_a4_': -0.5256917710842156, '_a5_': -0.29614178701580807, '_a0_': 1.0, '_a2_': 1.0, '_a6_': 1.0, '_a7_': 1.0}};{'d0': 0.024905832919416646};-276.475521886821;41.6559181321919
40789;-96.5818428112188;(((_a4_ + (((_a1_ * _a3_) + (_a3_ + -(x))) * x)) / _a5_) * x);{'d0': {'_a1_': 1.0, '_a3_': -0.3119297078579814, '_a4_': -0.5256917710842156, '_a5_': -0.29614178701580807, '_a0_': 1.0, '_a2_': 1.0, '_a6_': 1.0, '_a7_': 1.0}};{'d0': 0.024905832919416646};-276.475521886821;41.6559181321919
40790;-96.5818428112188;(((_a4_ + (((_a1_ * _a3_) + (_a3_ + -(x))) * x)) / _a5_) * x);{'d0': {'_a1_': 1.0, '_a3_': -0.3119297078579814, '_a4_': -0.5256917710842156, '_a5_': -0.29614178701580807, '_a0_': 1.0, '_a2_': 1.0, '_a6_': 1.0, '_a7_': 1.0}};{'d0': 0.024905832919416646};-276.475521886821;41.6559181321919
40791;-96.5818428112188;(((_a4_ + (((_a1_ * _a3_) + (_a3_ + -(x))) * x)) / _a5_) * x);{'d0': {'_a1_': 1.0, '_a3_': -0.3119297078579814, '_a4_': -0.5256917710842156, '_a5_': -0.29614178701580807, '_a0_': 1.0, '_a2_': 1.0, '_a6_': 1.0, '_a7_': 1.0}};{'d0': 0.024905832919416646};-276.475521886821;41.6559181321919
40792;-96.5818428112188;(((_a4_ + (((_a1_ * _a3_) + (_a3_ + -(x))) * x)) / _a5_) * x);{'d0': {'_a1_': 1.0, '_a3_': -0.3119297078579814, '_a4_': -0.5256917710842156, '_a5_': -0.29614178701580807, '_a0_': 1.0, '_a2_': 1.0, '_a6_': 1.0, '_a7_': 1.0}};{'d0': 0.024905832919416646};-276.475521886821;41.6559181321919
40793;-96.5818428112188;(((_a4_ + (((_a1_ * _a3_) + (_a3_ + -(x))) * x)) / _a5_) * x);{'d0': {'_a1_': 1.0, '_a3_': -0.3119297078579814, '_a4_': -0.5256917710842156, '_a5_': -0.29614178701580807, '_a0_': 1.0, '_a2_': 1.0, '_a6_': 1.0, '_a7_': 1.0}};{'d0': 0.024905832919416646};-276.475521886821;41.6559181321919
40794;-96.5818428112188;(((_a4_ + (((_a1_ * _a3_) + (_a3_ + -(x))) * x)) / _a5_) * x);{'d0': {'_a1_': 1.0, '_a3_': -0.3119297078579814, '_a4_': -0.5256917710842156, '_a5_': -0.29614178701580807, '_a0_': 1.0, '_a2_': 1.0, '_a6_': 1.0, '_a7_': 1.0}};{'d0': 0.024905832919416646};-276.475521886821;41.6559181321919
40795;-96.5818428112188;(((_a4_ + (((_a1_ * _a3_) + (_a3_ + -(x))) * x)) / _a5_) * x);{'d0': {'_a1_': 1.0, '_a3_': -0.3119297078579814, '_a4_': -0.5256917710842156, '_a5_': -0.29614178701580807, '_a0_': 1.0, '_a2_': 1.0, '_a6_': 1.0, '_a7_': 1.0}};{'d0': 0.024905832919416646};-276.475521886821;41.6559181321919
40796;-96.5818428112188;(((_a4_ + (((_a1_ * _a3_) + (_a3_ + -(x))) * x)) / _a5_) * x);{'d0': {'_a1_': 1.0, '_a3_': -0.3119297078579814, '_a4_': -0.5256917710842156, '_a5_': -0.29614178701580807, '_a0_': 1.0, '_a2_': 1.0, '_a6_': 1.0, '_a7_': 1.0}};{'d0': 0.024905832919416646};-276.475521886821;41.6559181321919
40797;-96.5818427893348;(((_a4_ + (((_a1_ * _a1_) + (_a3_ + -(x))) * x)) / _a5_) * x);{'d0': {'_a1_': 0.5726425709355983, '_a3_': -0.9517785024195244, '_a4_': -0.5256917705648987, '_a5_': -0.29614178682277975, '_a0_': 1.0, '_a2_': 1.0, '_a6_': 1.0, '_a7_': 1.0}};{'d0': 0.024905832937584537};-276.475521843054;41.6559181321919
40798;-96.5818427893348;(((_a4_ + (((_a1_ * _a1_) + (_a3_ + -(x))) * x)) / _a5_) * x);{'d0': {'_a1_': 0.5726425709355983, '_a3_': -0.9517785024195244, '_a4_': -0.5256917705648987, '_a5_': -0.29614178682277975, '_a0_': 1.0, '_a2_': 1.0, '_a6_': 1.0, '_a7_': 1.0}};{'d0': 0.024905832937584537};-276.475521843054;41.6559181321919
40799;-103.505997731465;(((_a4_ + ((_a3_ + (_a3_ + -(x))) * x)) / _a5_) * x);{'d0': {'_a3_': -0.3119297078579814, '_a4_': -0.5256917710842156, '_a5_': -0.29614178701580807, '_a0_': 1.0, '_a1_': 1.0, '_a2_': 1.0, '_a6_': 1.0, '_a7_': 1.0}};{'d0': 0.024905832919416646};-280.569866449044;36.7789354930569
40800;-103.505997731465;(((_a4_ + ((_a3_ + (_a3_ + -(x))) * x)) / _a5_) * x);{'d0': {'_a3_': -0.3119297078579814, '_a4_': -0.5256917710842156, '_a5_': -0.29614178701580807, '_a0_': 1.0, '_a1_': 1.0, '_a2_': 1.0, '_a6_': 1.0, '_a7_': 1.0}};{'d0': 0.024905832919416646};-280.569866449044;36.7789354930569
40801;-103.505997731465;(((_a4_ + ((_a3_ + (_a3_ + -(x))) * x)) / _a5_) * x);{'d0': {'_a3_': -0.3119297078579814, '_a4_': -0.5256917710842156, '_a5_': -0.29614178701580807, '_a0_': 1.0, '_a1_': 1.0, '_a2_': 1.0, '_a6_': 1.0, '_a7_': 1.0}};{'d0': 0.024905832919416646};-280.569866449044;36.7789354930569
40802;-103.505997731465;(((_a4_ + ((_a3_ + (_a3_ + -(x))) * x)) / _a5_) * x);{'d0': {'_a3_': -0.3119297078579814, '_a4_': -0.5256917710842156, '_a5_': -0.29614178701580807, '_a0_': 1.0, '_a1_': 1.0, '_a2_': 1.0, '_a6_': 1.0, '_a7_': 1.0}};{'d0': 0.024905832919416646};-280.569866449044;36.7789354930569
40803;-103.505997731465;(((_a4_ + ((_a3_ + (_a3_ + -(x))) * x)) / _a5_) * x);{'d0': {'_a3_': -0.3119297078579814, '_a4_': -0.5256917710842156, '_a5_': -0.29614178701580807, '_a0_': 1.0, '_a1_': 1.0, '_a2_': 1.0, '_a6_': 1.0, '_a7_': 1.0}};{'d0': 0.024905832919416646};-280.569866449044;36.7789354930569
40804;-103.505997731465;(((_a4_ + ((_a3_ + (_a3_ + -(x))) * x)) / _a5_) * x);{'d0': {'_a3_': -0.3119297078579814, '_a4_': -0.5256917710842156, '_a5_': -0.29614178701580807, '_a0_': 1.0, '_a1_': 1.0, '_a2_': 1.0, '_a6_': 1.0, '_a7_': 1.0}};{'d0': 0.024905832919416646};-280.569866449044;36.7789354930569
40805;-103.505997731465;(((_a4_ + ((_a3_ + (_a3_ + -(x))) * x)) / _a5_) * x);{'d0': {'_a3_': -0.3119297078579814, '_a4_': -0.5256917710842156, '_a5_': -0.29614178701580807, '_a0_': 1.0, '_a1_': 1.0, '_a2_': 1.0, '_a6_': 1.0, '_a7_': 1.0}};{'d0': 0.024905832919416646};-280.569866449044;36.7789354930569
40806;-103.505997731465;(((_a4_ + ((_a3_ + (_a3_ + -(x))) * x)) / _a5_) * x);{'d0': {'_a3_': -0.3119297078579814, '_a4_': -0.5256917710842156, '_a5_': -0.29614178701580807, '_a0_': 1.0, '_a1_': 1.0, '_a2_': 1.0, '_a6_': 1.0, '_a7_': 1.0}};{'d0': 0.024905832919416646};-280.569866449044;36.7789354930569
40807;-103.505997731465;(((_a4_ + ((_a3_ + (_a3_ + -(x))) * x)) / _a5_) * x);{'d0': {'_a3_': -0.3119297078579814, '_a4_': -0.5256917710842156, '_a5_': -0.29614178701580807, '_a0_': 1.0, '_a1_': 1.0, '_a2_': 1.0, '_a6_': 1.0, '_a7_': 1.0}};{'d0': 0.024905832919416646};-280.569866449044;36.7789354930569
40808;-104.549616141360;(((_a4_ + ((_a3_ * (_a3_ + -(x))) * x)) / _a5_) * x);{'d0': {'_a3_': -0.6238594155897776, '_a4_': 0.327957760652201, '_a5_': 0.18475084202114775, '_a0_': 1.0, '_a1_': 1.0, '_a2_': 1.0, '_a6_': 1.0, '_a7_': 1.0}};{'d0': 0.02490583291941657};-280.569866449044;35.7353170831619
40809;-104.549616141360;(((_a4_ + ((_a3_ * (_a3_ + -(x))) * x)) / _a5_) * x);{'d0': {'_a3_': -0.6238594155897776, '_a4_': 0.327957760652201, '_a5_': 0.18475084202114775, '_a0_': 1.0, '_a1_': 1.0, '_a2_': 1.0, '_a6_': 1.0, '_a7_': 1.0}};{'d0': 0.02490583291941657};-280.569866449044;35.7353170831619
40810;-104.549616141360;(((_a4_ + ((_a3_ * (_a3_ + -(x))) * x)) / _a5_) * x);{'d0': {'_a3_': -0.6238594155897776, '_a4_': 0.327957760652201, '_a5_': 0.18475084202114775, '_a0_': 1.0, '_a1_': 1.0, '_a2_': 1.0, '_a6_': 1.0, '_a7_': 1.0}};{'d0': 0.02490583291941657};-280.569866449044;35.7353170831619
40811;-104.549616141360;(((_a4_ + ((_a3_ * (_a3_ + -(x))) * x)) / _a5_) * x);{'d0': {'_a3_': -0.6238594155897776, '_a4_': 0.327957760652201, '_a5_': 0.18475084202114775, '_a0_': 1.0, '_a1_': 1.0, '_a2_': 1.0, '_a6_': 1.0, '_a7_': 1.0}};{'d0': 0.02490583291941657};-280.569866449044;35.7353170831619
40812;-104.549616141360;(((_a4_ + ((_a3_ * (_a3_ + -(x))) * x)) / _a5_) * x);{'d0': {'_a3_': -0.6238594155897776, '_a4_': 0.327957760652201, '_a5_': 0.18475084202114775, '_a0_': 1.0, '_a1_': 1.0, '_a2_': 1.0, '_a6_': 1.0, '_a7_': 1.0}};{'d0': 0.02490583291941657};-280.569866449044;35.7353170831619
40813;-104.549616141360;(((_a4_ + ((_a3_ * (_a3_ + -(x))) * x)) / _a5_) * x);{'d0': {'_a3_': -0.6238594155897776, '_a4_': 0.327957760652201, '_a5_': 0.18475084202114775, '_a0_': 1.0, '_a1_': 1.0, '_a2_': 1.0, '_a6_': 1.0, '_a7_': 1.0}};{'d0': 0.02490583291941657};-280.569866449044;35.7353170831619
40814;-104.549616141360;(((_a4_ + ((_a3_ * (_a3_ + -(x))) * x)) / _a5_) * x);{'d0': {'_a3_': -0.6238594155897776, '_a4_': 0.327957760652201, '_a5_': 0.18475084202114775, '_a0_': 1.0, '_a1_': 1.0, '_a2_': 1.0, '_a6_': 1.0, '_a7_': 1.0}};{'d0': 0.02490583291941657};-280.569866449044;35.7353170831619
40815;-104.549616141360;(((_a4_ + ((_a3_ * (_a3_ + -(x))) * x)) / _a5_) * x);{'d0': {'_a3_': -0.6238594155897776, '_a4_': 0.327957760652201, '_a5_': 0.18475084202114775, '_a0_': 1.0, '_a1_': 1.0, '_a2_': 1.0, '_a6_': 1.0, '_a7_': 1.0}};{'d0': 0.02490583291941657};-280.569866449044;35.7353170831619
40816;-104.549616141360;(((_a4_ + ((_a3_ * (_a3_ + -(x))) * x)) / _a5_) * x);{'d0': {'_a3_': -0.6238594155897776, '_a4_': 0.327957760652201, '_a5_': 0.18475084202114775, '_a0_': 1.0, '_a1_': 1.0, '_a2_': 1.0, '_a6_': 1.0, '_a7_': 1.0}};{'d0': 0.02490583291941657};-280.569866449044;35.7353170831619
40817;-104.549616141360;(((_a4_ + ((_a3_ * (_a3_ + -(x))) * x)) / _a5_) * x);{'d0': {'_a3_': -0.6238594155897776, '_a4_': 0.327957760652201, '_a5_': 0.18475084202114775, '_a0_': 1.0, '_a1_': 1.0, '_a2_': 1.0, '_a6_': 1.0, '_a7_': 1.0}};{'d0': 0.02490583291941657};-280.569866449044;35.7353170831619
40818;-104.549616141360;(((_a4_ + ((_a3_ * (_a3_ + -(x))) * x)) / _a5_) * x);{'d0': {'_a3_': -0.6238594155897776, '_a4_': 0.327957760652201, '_a5_': 0.18475084202114775, '_a0_': 1.0, '_a1_': 1.0, '_a2_': 1.0, '_a6_': 1.0, '_a7_': 1.0}};{'d0': 0.02490583291941657};-280.569866449044;35.7353170831619
40819;-104.549616141360;(((_a4_ + ((_a3_ * (_a3_ + -(x))) * x)) / _a5_) * x);{'d0': {'_a3_': -0.6238594155897776, '_a4_': 0.327957760652201, '_a5_': 0.18475084202114775, '_a0_': 1.0, '_a1_': 1.0, '_a2_': 1.0, '_a6_': 1.0, '_a7_': 1.0}};{'d0': 0.02490583291941657};-280.569866449044;35.7353170831619
40820;-104.549616141360;(((_a4_ + ((_a3_ * (_a3_ + -(x))) * x)) / _a5_) * x);{'d0': {'_a3_': -0.6238594155897776, '_a4_': 0.327957760652201, '_a5_': 0.18475084202114775, '_a0_': 1.0, '_a1_': 1.0, '_a2_': 1.0, '_a6_': 1.0, '_a7_': 1.0}};{'d0': 0.02490583291941657};-280.569866449044;35.7353170831619
40821;-104.549616141360;(((_a4_ + ((_a3_ * (_a3_ + -(x))) * x)) / _a5_) * x);{'d0': {'_a3_': -0.6238594155897776, '_a4_': 0.327957760652201, '_a5_': 0.18475084202114775, '_a0_': 1.0, '_a1_': 1.0, '_a2_': 1.0, '_a6_': 1.0, '_a7_': 1.0}};{'d0': 0.02490583291941657};-280.569866449044;35.7353170831619
40822;-104.549616141360;(((_a4_ + ((_a3_ * (_a3_ + -(x))) * x)) / _a5_) * x);{'d0': {'_a3_': -0.6238594155897776, '_a4_': 0.327957760652201, '_a5_': 0.18475084202114775, '_a0_': 1.0, '_a1_': 1.0, '_a2_': 1.0, '_a6_': 1.0, '_a7_': 1.0}};{'d0': 0.02490583291941657};-280.569866449044;35.7353170831619
40823;-104.549616141360;(((_a4_ + ((_a3_ * (_a3_ + -(x))) * x)) / _a5_) * x);{'d0': {'_a3_': -0.6238594155897776, '_a4_': 0.327957760652201, '_a5_': 0.18475084202114775, '_a0_': 1.0, '_a1_': 1.0, '_a2_': 1.0, '_a6_': 1.0, '_a7_': 1.0}};{'d0': 0.02490583291941657};-280.569866449044;35.7353170831619
40824;-104.549616141360;(((_a4_ + ((_a3_ * (_a3_ + -(x))) * x)) / _a5_) * x);{'d0': {'_a3_': -0.6238594155897776, '_a4_': 0.327957760652201, '_a5_': 0.18475084202114775, '_a0_': 1.0, '_a1_': 1.0, '_a2_': 1.0, '_a6_': 1.0, '_a7_': 1.0}};{'d0': 0.02490583291941657};-280.569866449044;35.7353170831619
40825;-104.549616141360;(((_a4_ + ((_a3_ * (_a3_ + -(x))) * x)) / _a5_) * x);{'d0': {'_a3_': -0.6238594155897776, '_a4_': 0.327957760652201, '_a5_': 0.18475084202114775, '_a0_': 1.0, '_a1_': 1.0, '_a2_': 1.0, '_a6_': 1.0, '_a7_': 1.0}};{'d0': 0.02490583291941657};-280.569866449044;35.7353170831619
40826;-104.549616141360;(((_a4_ + ((_a3_ * (_a3_ + -(x))) * x)) / _a5_) * x);{'d0': {'_a3_': -0.6238594155897776, '_a4_': 0.327957760652201, '_a5_': 0.18475084202114775, '_a0_': 1.0, '_a1_': 1.0, '_a2_': 1.0, '_a6_': 1.0, '_a7_': 1.0}};{'d0': 0.02490583291941657};-280.569866449044;35.7353170831619
40827;-104.549616141360;(((_a4_ + ((_a3_ * (_a3_ + -(x))) * x)) / _a5_) * x);{'d0': {'_a3_': -0.6238594155897776, '_a4_': 0.327957760652201, '_a5_': 0.18475084202114775, '_a0_': 1.0, '_a1_': 1.0, '_a2_': 1.0, '_a6_': 1.0, '_a7_': 1.0}};{'d0': 0.02490583291941657};-280.569866449044;35.7353170831619
40828;-104.549616141360;(((_a4_ + ((_a3_ * (_a3_ + -(x))) * x)) / _a5_) * x);{'d0': {'_a3_': -0.6238594155897776, '_a4_': 0.327957760652201, '_a5_': 0.18475084202114775, '_a0_': 1.0, '_a1_': 1.0, '_a2_': 1.0, '_a6_': 1.0, '_a7_': 1.0}};{'d0': 0.02490583291941657};-280.569866449044;35.7353170831619
40829;-101.927902786996;(((pow2((_a4_ + -(x))) + _a2_) * -((_a3_ + _a4_))) * x);{'d0': {'_a2_': 0.4283916272738411, '_a3_': -3.0648311731892037, '_a4_': -0.31192970789423713, '_a0_': 1.0, '_a1_': 1.0, '_a5_': 1.0, '_a6_': 1.0, '_a7_': 1.0}};{'d0': 0.024905832919416622};-280.569866449044;38.35703043752545
40830;-101.927902786996;(((pow2((_a4_ + -(x))) + _a2_) * -((_a3_ + _a4_))) * x);{'d0': {'_a2_': 0.4283916272738411, '_a3_': -3.0648311731892037, '_a4_': -0.31192970789423713, '_a0_': 1.0, '_a1_': 1.0, '_a5_': 1.0, '_a6_': 1.0, '_a7_': 1.0}};{'d0': 0.024905832919416622};-280.569866449044;38.35703043752545
40831;-101.927902786996;(((pow2((_a4_ + -(x))) + _a2_) * -((_a3_ + _a4_))) * x);{'d0': {'_a2_': 0.4283916272738411, '_a3_': -3.0648311731892037, '_a4_': -0.31192970789423713, '_a0_': 1.0, '_a1_': 1.0, '_a5_': 1.0, '_a6_': 1.0, '_a7_': 1.0}};{'d0': 0.024905832919416622};-280.569866449044;38.35703043752545
40832;-101.927902786996;(((pow2((_a4_ + -(x))) + _a2_) * -((_a3_ + _a4_))) * x);{'d0': {'_a2_': 0.4283916272738411, '_a3_': -3.0648311731892037, '_a4_': -0.31192970789423713, '_a0_': 1.0, '_a1_': 1.0, '_a5_': 1.0, '_a6_': 1.0, '_a7_': 1.0}};{'d0': 0.024905832919416622};-280.569866449044;38.35703043752545
40833;-101.927902786996;(((pow2((_a4_ + -(x))) + _a2_) * -((_a3_ + _a4_))) * x);{'d0': {'_a2_': 0.4283916272738411, '_a3_': -3.0648311731892037, '_a4_': -0.31192970789423713, '_a0_': 1.0, '_a1_': 1.0, '_a5_': 1.0, '_a6_': 1.0, '_a7_': 1.0}};{'d0': 0.024905832919416622};-280.569866449044;38.35703043752545
40834;-101.927902786996;(((pow2((_a4_ + -(x))) + _a2_) * -((_a3_ + _a4_))) * x);{'d0': {'_a2_': 0.4283916272738411, '_a3_': -3.0648311731892037, '_a4_': -0.31192970789423713, '_a0_': 1.0, '_a1_': 1.0, '_a5_': 1.0, '_a6_': 1.0, '_a7_': 1.0}};{'d0': 0.024905832919416622};-280.569866449044;38.35703043752545
40835;-101.927902786996;(((pow2((_a4_ + -(x))) + _a2_) * -((_a3_ + _a4_))) * x);{'d0': {'_a2_': 0.4283916272738411, '_a3_': -3.0648311731892037, '_a4_': -0.31192970789423713, '_a0_': 1.0, '_a1_': 1.0, '_a5_': 1.0, '_a6_': 1.0, '_a7_': 1.0}};{'d0': 0.024905832919416622};-280.569866449044;38.35703043752545
40836;-101.927902786996;(((pow2((_a4_ + -(x))) + _a2_) * -((_a3_ + _a4_))) * x);{'d0': {'_a2_': 0.4283916272738411, '_a3_': -3.0648311731892037, '_a4_': -0.31192970789423713, '_a0_': 1.0, '_a1_': 1.0, '_a5_': 1.0, '_a6_': 1.0, '_a7_': 1.0}};{'d0': 0.024905832919416622};-280.569866449044;38.35703043752545
40837;-101.927902786996;(((pow2((_a4_ + -(x))) + _a2_) * -((_a3_ + _a4_))) * x);{'d0': {'_a2_': 0.4283916272738411, '_a3_': -3.0648311731892037, '_a4_': -0.31192970789423713, '_a0_': 1.0, '_a1_': 1.0, '_a5_': 1.0, '_a6_': 1.0, '_a7_': 1.0}};{'d0': 0.024905832919416622};-280.569866449044;38.35703043752545
40838;-101.927902786996;(((pow2((_a4_ + -(x))) + _a2_) * -((_a3_ + _a4_))) * x);{'d0': {'_a2_': 0.4283916272738411, '_a3_': -3.0648311731892037, '_a4_': -0.31192970789423713, '_a0_': 1.0, '_a1_': 1.0, '_a5_': 1.0, '_a6_': 1.0, '_a7_': 1.0}};{'d0': 0.024905832919416622};-280.569866449044;38.35703043752545
40839;-104.549616141360;(((_a4_ + ((_a3_ * (_a5_ + -(x))) * x)) / _a5_) * x);{'d0': {'_a3_': 2.106624067308801, '_a4_': -1.1074349353408253, '_a5_': -0.6238594153972747, '_a0_': 1.0, '_a1_': 1.0, '_a2_': 1.0, '_a6_': 1.0, '_a7_': 1.0}};{'d0': 0.024905832919416615};-280.569866449044;35.7353170831619
40840;-104.549616141360;(((_a4_ + ((_a3_ * (_a5_ + -(x))) * x)) / _a5_) * x);{'d0': {'_a3_': 2.106624067308801, '_a4_': -1.1074349353408253, '_a5_': -0.6238594153972747, '_a0_': 1.0, '_a1_': 1.0, '_a2_': 1.0, '_a6_': 1.0, '_a7_': 1.0}};{'d0': 0.024905832919416615};-280.569866449044;35.7353170831619
40841;-104.549616141360;(((_a4_ + ((_a3_ * (_a5_ + -(x))) * x)) / _a5_) * x);{'d0': {'_a3_': 2.106624067308801, '_a4_': -1.1074349353408253, '_a5_': -0.6238594153972747, '_a0_': 1.0, '_a1_': 1.0, '_a2_': 1.0, '_a6_': 1.0, '_a7_': 1.0}};{'d0': 0.024905832919416615};-280.569866449044;35.7353170831619
40842;-101.927902786996;(((pow2((_a4_ + -(x))) + _a7_) * -((_a3_ + _a4_))) * x);{'d0': {'_a3_': -3.064831169772993, '_a4_': -0.311929707784541, '_a7_': 0.4283916279445605, '_a0_': 1.0, '_a1_': 1.0, '_a2_': 1.0, '_a5_': 1.0, '_a6_': 1.0}};{'d0': 0.02490583291941665};-280.569866449044;38.35703043752545
40843;-104.549616141360;(((_a4_ + ((_a3_ * (_a5_ + -(x))) * x)) / _a5_) * x);{'d0': {'_a3_': 2.106624067308801, '_a4_': -1.1074349353408253, '_a5_': -0.6238594153972747, '_a0_': 1.0, '_a1_': 1.0, '_a2_': 1.0, '_a6_': 1.0, '_a7_': 1.0}};{'d0': 0.024905832919416615};-280.569866449044;35.7353170831619
40844;-101.927902786996;(((pow2((_a4_ + -(x))) + _a7_) * -((_a3_ + _a4_))) * x);{'d0': {'_a3_': -3.064831169772993, '_a4_': -0.311929707784541, '_a7_': 0.4283916279445605, '_a0_': 1.0, '_a1_': 1.0, '_a2_': 1.0, '_a5_': 1.0, '_a6_': 1.0}};{'d0': 0.02490583291941665};-280.569866449044;38.35703043752545
40845;-101.927902786996;(((pow2((_a4_ + -(x))) + _a7_) * -((_a3_ + _a4_))) * x);{'d0': {'_a3_': -3.064831169772993, '_a4_': -0.311929707784541, '_a7_': 0.4283916279445605, '_a0_': 1.0, '_a1_': 1.0, '_a2_': 1.0, '_a5_': 1.0, '_a6_': 1.0}};{'d0': 0.02490583291941665};-280.569866449044;38.35703043752545
40846;-101.927902786996;(((pow2((_a4_ + -(x))) + _a7_) * -((_a3_ + _a4_))) * x);{'d0': {'_a3_': -3.064831169772993, '_a4_': -0.311929707784541, '_a7_': 0.4283916279445605, '_a0_': 1.0, '_a1_': 1.0, '_a2_': 1.0, '_a5_': 1.0, '_a6_': 1.0}};{'d0': 0.02490583291941665};-280.569866449044;38.35703043752545
40847;-101.927902786996;(((pow2((_a4_ + -(x))) + _a7_) * -((_a3_ + _a4_))) * x);{'d0': {'_a3_': -3.064831169772993, '_a4_': -0.311929707784541, '_a7_': 0.4283916279445605, '_a0_': 1.0, '_a1_': 1.0, '_a2_': 1.0, '_a5_': 1.0, '_a6_': 1.0}};{'d0': 0.02490583291941665};-280.569866449044;38.35703043752545
40848;-101.927902786996;(((pow2((_a4_ + -(x))) + _a7_) * -((_a3_ + _a4_))) * x);{'d0': {'_a3_': -3.064831169772993, '_a4_': -0.311929707784541, '_a7_': 0.4283916279445605, '_a0_': 1.0, '_a1_': 1.0, '_a2_': 1.0, '_a5_': 1.0, '_a6_': 1.0}};{'d0': 0.02490583291941665};-280.569866449044;38.35703043752545
40849;-101.927902786996;(((pow2((_a4_ + -(x))) + _a7_) * -((_a3_ + _a4_))) * x);{'d0': {'_a3_': -3.064831169772993, '_a4_': -0.311929707784541, '_a7_': 0.4283916279445605, '_a0_': 1.0, '_a1_': 1.0, '_a2_': 1.0, '_a5_': 1.0, '_a6_': 1.0}};{'d0': 0.02490583291941665};-280.569866449044;38.35703043752545
40850;-101.927902786996;(((pow2((_a4_ + -(x))) + _a7_) * -((_a3_ + _a4_))) * x);{'d0': {'_a3_': -3.064831169772993, '_a4_': -0.311929707784541, '_a7_': 0.4283916279445605, '_a0_': 1.0, '_a1_': 1.0, '_a2_': 1.0, '_a5_': 1.0, '_a6_': 1.0}};{'d0': 0.02490583291941665};-280.569866449044;38.35703043752545
40851;-101.927902786996;(((pow2((_a4_ + -(x))) + _a7_) * -((_a3_ + _a4_))) * x);{'d0': {'_a3_': -3.064831169772993, '_a4_': -0.311929707784541, '_a7_': 0.4283916279445605, '_a0_': 1.0, '_a1_': 1.0, '_a2_': 1.0, '_a5_': 1.0, '_a6_': 1.0}};{'d0': 0.02490583291941665};-280.569866449044;38.35703043752545
40852;-104.549616141360;(((_a4_ + ((_a3_ * (_a5_ + -(x))) * x)) / _a5_) * x);{'d0': {'_a3_': 2.106624067308801, '_a4_': -1.1074349353408253, '_a5_': -0.6238594153972747, '_a0_': 1.0, '_a1_': 1.0, '_a2_': 1.0, '_a6_': 1.0, '_a7_': 1.0}};{'d0': 0.024905832919416615};-280.569866449044;35.7353170831619
40853;-104.549616141360;(((_a4_ + ((_a3_ * (_a5_ + -(x))) * x)) / _a5_) * x);{'d0': {'_a3_': 2.106624067308801, '_a4_': -1.1074349353408253, '_a5_': -0.6238594153972747, '_a0_': 1.0, '_a1_': 1.0, '_a2_': 1.0, '_a6_': 1.0, '_a7_': 1.0}};{'d0': 0.024905832919416615};-280.569866449044;35.7353170831619
40854;-104.549616141360;(((_a4_ + ((_a3_ * (_a5_ + -(x))) * x)) / _a5_) * x);{'d0': {'_a3_': 2.106624067308801, '_a4_': -1.1074349353408253, '_a5_': -0.6238594153972747, '_a0_': 1.0, '_a1_': 1.0, '_a2_': 1.0, '_a6_': 1.0, '_a7_': 1.0}};{'d0': 0.024905832919416615};-280.569866449044;35.7353170831619
40855;-104.549616141360;(((_a4_ + ((_a3_ * (_a5_ + -(x))) * x)) / _a5_) * x);{'d0': {'_a3_': 2.106624067308801, '_a4_': -1.1074349353408253, '_a5_': -0.6238594153972747, '_a0_': 1.0, '_a1_': 1.0, '_a2_': 1.0, '_a6_': 1.0, '_a7_': 1.0}};{'d0': 0.024905832919416615};-280.569866449044;35.7353170831619
40856;-104.549616141360;(((_a4_ + ((_a3_ * (_a5_ + -(x))) * x)) / _a5_) * x);{'d0': {'_a3_': 2.106624067308801, '_a4_': -1.1074349353408253, '_a5_': -0.6238594153972747, '_a0_': 1.0, '_a1_': 1.0, '_a2_': 1.0, '_a6_': 1.0, '_a7_': 1.0}};{'d0': 0.024905832919416615};-280.569866449044;35.7353170831619
40857;-104.549616141360;(((_a4_ + ((_a3_ * (_a5_ + -(x))) * x)) / _a5_) * x);{'d0': {'_a3_': 2.106624067308801, '_a4_': -1.1074349353408253, '_a5_': -0.6238594153972747, '_a0_': 1.0, '_a1_': 1.0, '_a2_': 1.0, '_a6_': 1.0, '_a7_': 1.0}};{'d0': 0.024905832919416615};-280.569866449044;35.7353170831619
40858;-104.549616141360;(((_a4_ + ((_a3_ * (_a5_ + -(x))) * x)) / _a5_) * x);{'d0': {'_a3_': 2.106624067308801, '_a4_': -1.1074349353408253, '_a5_': -0.6238594153972747, '_a0_': 1.0, '_a1_': 1.0, '_a2_': 1.0, '_a6_': 1.0, '_a7_': 1.0}};{'d0': 0.024905832919416615};-280.569866449044;35.7353170831619
40859;-104.549616141360;(((_a4_ + ((_a3_ * (_a5_ + -(x))) * x)) / _a5_) * x);{'d0': {'_a3_': 2.106624067308801, '_a4_': -1.1074349353408253, '_a5_': -0.6238594153972747, '_a0_': 1.0, '_a1_': 1.0, '_a2_': 1.0, '_a6_': 1.0, '_a7_': 1.0}};{'d0': 0.024905832919416615};-280.569866449044;35.7353170831619
40860;-104.549616141360;(((_a4_ + ((_a3_ * (_a5_ + -(x))) * x)) / _a5_) * x);{'d0': {'_a3_': 2.106624067308801, '_a4_': -1.1074349353408253, '_a5_': -0.6238594153972747, '_a0_': 1.0, '_a1_': 1.0, '_a2_': 1.0, '_a6_': 1.0, '_a7_': 1.0}};{'d0': 0.024905832919416615};-280.569866449044;35.7353170831619
40861;-104.549616141360;(((_a4_ + ((_a3_ * (_a5_ + -(x))) * x)) / _a5_) * x);{'d0': {'_a3_': 2.106624067308801, '_a4_': -1.1074349353408253, '_a5_': -0.6238594153972747, '_a0_': 1.0, '_a1_': 1.0, '_a2_': 1.0, '_a6_': 1.0, '_a7_': 1.0}};{'d0': 0.024905832919416615};-280.569866449044;35.7353170831619
40862;-104.549616141360;(((_a4_ + ((_a3_ * (_a5_ + -(x))) * x)) / _a5_) * x);{'d0': {'_a3_': 2.106624067308801, '_a4_': -1.1074349353408253, '_a5_': -0.6238594153972747, '_a0_': 1.0, '_a1_': 1.0, '_a2_': 1.0, '_a6_': 1.0, '_a7_': 1.0}};{'d0': 0.024905832919416615};-280.569866449044;35.7353170831619
40863;-104.549616141360;(((_a4_ + ((_a3_ * (_a5_ + -(x))) * x)) / _a5_) * x);{'d0': {'_a3_': 2.106624067308801, '_a4_': -1.1074349353408253, '_a5_': -0.6238594153972747, '_a0_': 1.0, '_a1_': 1.0, '_a2_': 1.0, '_a6_': 1.0, '_a7_': 1.0}};{'d0': 0.024905832919416615};-280.569866449044;35.7353170831619
40864;-104.549616141360;(((_a4_ + ((_a3_ * (_a5_ + -(x))) * x)) / _a5_) * x);{'d0': {'_a3_': 2.106624067308801, '_a4_': -1.1074349353408253, '_a5_': -0.6238594153972747, '_a0_': 1.0, '_a1_': 1.0, '_a2_': 1.0, '_a6_': 1.0, '_a7_': 1.0}};{'d0': 0.024905832919416615};-280.569866449044;35.7353170831619
40865;-104.549616141360;(((_a4_ + ((_a3_ * (_a5_ + -(x))) * x)) / _a5_) * x);{'d0': {'_a3_': 2.106624067308801, '_a4_': -1.1074349353408253, '_a5_': -0.6238594153972747, '_a0_': 1.0, '_a1_': 1.0, '_a2_': 1.0, '_a6_': 1.0, '_a7_': 1.0}};{'d0': 0.024905832919416615};-280.569866449044;35.7353170831619
40866;-104.549616141360;(((_a4_ + ((_a3_ * (_a5_ + -(x))) * x)) / _a5_) * x);{'d0': {'_a3_': 2.106624067308801, '_a4_': -1.1074349353408253, '_a5_': -0.6238594153972747, '_a0_': 1.0, '_a1_': 1.0, '_a2_': 1.0, '_a6_': 1.0, '_a7_': 1.0}};{'d0': 0.024905832919416615};-280.569866449044;35.7353170831619
40867;-104.549616141360;(((_a4_ + ((_a3_ * (_a5_ + -(x))) * x)) / _a5_) * x);{'d0': {'_a3_': 2.106624067308801, '_a4_': -1.1074349353408253, '_a5_': -0.6238594153972747, '_a0_': 1.0, '_a1_': 1.0, '_a2_': 1.0, '_a6_': 1.0, '_a7_': 1.0}};{'d0': 0.024905832919416615};-280.569866449044;35.7353170831619
40868;-104.549616141360;(((_a4_ + ((_a3_ * (_a5_ + -(x))) * x)) / _a5_) * x);{'d0': {'_a3_': 2.106624067308801, '_a4_': -1.1074349353408253, '_a5_': -0.6238594153972747, '_a0_': 1.0, '_a1_': 1.0, '_a2_': 1.0, '_a6_': 1.0, '_a7_': 1.0}};{'d0': 0.024905832919416615};-280.569866449044;35.7353170831619
40869;-104.549616141360;(((_a4_ + ((_a3_ * (_a5_ + -(x))) * x)) / _a5_) * x);{'d0': {'_a3_': 2.106624067308801, '_a4_': -1.1074349353408253, '_a5_': -0.6238594153972747, '_a0_': 1.0, '_a1_': 1.0, '_a2_': 1.0, '_a6_': 1.0, '_a7_': 1.0}};{'d0': 0.024905832919416615};-280.569866449044;35.7353170831619
40870;-104.549616141360;(((_a4_ + ((_a3_ * (_a5_ + -(x))) * x)) / _a5_) * x);{'d0': {'_a3_': 2.106624067308801, '_a4_': -1.1074349353408253, '_a5_': -0.6238594153972747, '_a0_': 1.0, '_a1_': 1.0, '_a2_': 1.0, '_a6_': 1.0, '_a7_': 1.0}};{'d0': 0.024905832919416615};-280.569866449044;35.7353170831619
40871;-104.549616141360;(((_a4_ + ((_a3_ * (_a5_ + -(x))) * x)) / _a5_) * x);{'d0': {'_a3_': 2.106624067308801, '_a4_': -1.1074349353408253, '_a5_': -0.6238594153972747, '_a0_': 1.0, '_a1_': 1.0, '_a2_': 1.0, '_a6_': 1.0, '_a7_': 1.0}};{'d0': 0.024905832919416615};-280.569866449044;35.7353170831619
40872;-104.549616141360;(((_a4_ + ((_a3_ * (_a5_ + -(x))) * x)) / _a5_) * x);{'d0': {'_a3_': 2.106624067308801, '_a4_': -1.1074349353408253, '_a5_': -0.6238594153972747, '_a0_': 1.0, '_a1_': 1.0, '_a2_': 1.0, '_a6_': 1.0, '_a7_': 1.0}};{'d0': 0.024905832919416615};-280.569866449044;35.7353170831619
40873;-104.549616141360;(((_a4_ + ((_a3_ * (_a5_ + -(x))) * x)) / _a5_) * x);{'d0': {'_a3_': 2.106624067308801, '_a4_': -1.1074349353408253, '_a5_': -0.6238594153972747, '_a0_': 1.0, '_a1_': 1.0, '_a2_': 1.0, '_a6_': 1.0, '_a7_': 1.0}};{'d0': 0.024905832919416615};-280.569866449044;35.7353170831619
40874;-104.549616141360;(((_a4_ + ((_a3_ * (_a5_ + -(x))) * x)) / _a5_) * x);{'d0': {'_a3_': 2.106624067308801, '_a4_': -1.1074349353408253, '_a5_': -0.6238594153972747, '_a0_': 1.0, '_a1_': 1.0, '_a2_': 1.0, '_a6_': 1.0, '_a7_': 1.0}};{'d0': 0.024905832919416615};-280.569866449044;35.7353170831619
40875;-104.549616141360;(((_a4_ + ((_a3_ * (_a5_ + -(x))) * x)) / _a5_) * x);{'d0': {'_a3_': 2.106624067308801, '_a4_': -1.1074349353408253, '_a5_': -0.6238594153972747, '_a0_': 1.0, '_a1_': 1.0, '_a2_': 1.0, '_a6_': 1.0, '_a7_': 1.0}};{'d0': 0.024905832919416615};-280.569866449044;35.7353170831619
40876;-96.3901685771819;(((_a7_ + ((tanh(log(pow2(_a0_))) + x) * x)) * x) * _a6_);{'d0': {'_a0_': 1.4414499195860933, '_a6_': 3.3767608778299794, '_a7_': 0.5256917706174151, '_a1_': 1.0, '_a2_': 1.0, '_a3_': 1.0, '_a4_': 1.0, '_a5_': 1.0}};{'d0': 0.024905832919416553};-280.569866449044;43.894764647340075
40877;-96.3901685771819;(((_a7_ + ((tanh(log(pow2(_a0_))) + x) * x)) * x) * _a6_);{'d0': {'_a0_': 1.4414499195860933, '_a6_': 3.3767608778299794, '_a7_': 0.5256917706174151, '_a1_': 1.0, '_a2_': 1.0, '_a3_': 1.0, '_a4_': 1.0, '_a5_': 1.0}};{'d0': 0.024905832919416553};-280.569866449044;43.894764647340075
40878;-96.3901685771819;(((_a7_ + ((tanh(log(pow2(_a0_))) + x) * x)) * x) * _a6_);{'d0': {'_a0_': 1.4414499195860933, '_a6_': 3.3767608778299794, '_a7_': 0.5256917706174151, '_a1_': 1.0, '_a2_': 1.0, '_a3_': 1.0, '_a4_': 1.0, '_a5_': 1.0}};{'d0': 0.024905832919416553};-280.569866449044;43.894764647340075
40879;-96.3901685771819;(((_a7_ + ((tanh(log(pow2(_a0_))) + x) * x)) * x) * _a6_);{'d0': {'_a0_': 1.4414499195860933, '_a6_': 3.3767608778299794, '_a7_': 0.5256917706174151, '_a1_': 1.0, '_a2_': 1.0, '_a3_': 1.0, '_a4_': 1.0, '_a5_': 1.0}};{'d0': 0.024905832919416553};-280.569866449044;43.894764647340075
40880;-96.3901685771819;(((_a7_ + ((tanh(log(pow2(_a0_))) + x) * x)) * x) * _a6_);{'d0': {'_a0_': 1.4414499195860933, '_a6_': 3.3767608778299794, '_a7_': 0.5256917706174151, '_a1_': 1.0, '_a2_': 1.0, '_a3_': 1.0, '_a4_': 1.0, '_a5_': 1.0}};{'d0': 0.024905832919416553};-280.569866449044;43.894764647340075
40881;-96.3901685771819;(((_a7_ + ((tanh(log(pow2(_a0_))) + x) * x)) * x) * _a6_);{'d0': {'_a0_': 1.4414499195860933, '_a6_': 3.3767608778299794, '_a7_': 0.5256917706174151, '_a1_': 1.0, '_a2_': 1.0, '_a3_': 1.0, '_a4_': 1.0, '_a5_': 1.0}};{'d0': 0.024905832919416553};-280.569866449044;43.894764647340075
40882;-96.3901685771819;(((_a7_ + ((tanh(log(pow2(_a0_))) + x) * x)) * x) * _a6_);{'d0': {'_a0_': 1.4414499195860933, '_a6_': 3.3767608778299794, '_a7_': 0.5256917706174151, '_a1_': 1.0, '_a2_': 1.0, '_a3_': 1.0, '_a4_': 1.0, '_a5_': 1.0}};{'d0': 0.024905832919416553};-280.569866449044;43.894764647340075
40883;-96.3901685771819;(((_a7_ + ((tanh(log(pow2(_a0_))) + x) * x)) * x) * _a6_);{'d0': {'_a0_': 1.4414499195860933, '_a6_': 3.3767608778299794, '_a7_': 0.5256917706174151, '_a1_': 1.0, '_a2_': 1.0, '_a3_': 1.0, '_a4_': 1.0, '_a5_': 1.0}};{'d0': 0.024905832919416553};-280.569866449044;43.894764647340075
40884;-96.3901685771819;(((_a7_ + ((tanh(log(pow2(_a0_))) + x) * x)) * x) * _a6_);{'d0': {'_a0_': 1.4414499195860933, '_a6_': 3.3767608778299794, '_a7_': 0.5256917706174151, '_a1_': 1.0, '_a2_': 1.0, '_a3_': 1.0, '_a4_': 1.0, '_a5_': 1.0}};{'d0': 0.024905832919416553};-280.569866449044;43.894764647340075
40885;-96.3901685771819;(((_a7_ + ((tanh(log(pow2(_a0_))) + x) * x)) * x) * _a6_);{'d0': {'_a0_': 1.4414499195860933, '_a6_': 3.3767608778299794, '_a7_': 0.5256917706174151, '_a1_': 1.0, '_a2_': 1.0, '_a3_': 1.0, '_a4_': 1.0, '_a5_': 1.0}};{'d0': 0.024905832919416553};-280.569866449044;43.894764647340075
40886;-96.3901685771819;(((_a7_ + ((tanh(log(pow2(_a0_))) + x) * x)) * x) * _a6_);{'d0': {'_a0_': 1.4414499195860933, '_a6_': 3.3767608778299794, '_a7_': 0.5256917706174151, '_a1_': 1.0, '_a2_': 1.0, '_a3_': 1.0, '_a4_': 1.0, '_a5_': 1.0}};{'d0': 0.024905832919416553};-280.569866449044;43.894764647340075
40887;-104.549616141360;(((_a4_ + ((_a3_ * (_a5_ + -(x))) * x)) / _a5_) * x);{'d0': {'_a3_': 2.106624067308801, '_a4_': -1.1074349353408253, '_a5_': -0.6238594153972747, '_a0_': 1.0, '_a1_': 1.0, '_a2_': 1.0, '_a6_': 1.0, '_a7_': 1.0}};{'d0': 0.024905832919416615};-280.569866449044;35.7353170831619
40888;-104.549616141360;(((_a4_ + ((_a3_ * (_a5_ + -(x))) * x)) / _a5_) * x);{'d0': {'_a3_': 2.106624067308801, '_a4_': -1.1074349353408253, '_a5_': -0.6238594153972747, '_a0_': 1.0, '_a1_': 1.0, '_a2_': 1.0, '_a6_': 1.0, '_a7_': 1.0}};{'d0': 0.024905832919416615};-280.569866449044;35.7353170831619
40889;-104.549616141360;(((_a4_ + ((_a3_ * (_a5_ + -(x))) * x)) / _a5_) * x);{'d0': {'_a3_': 2.106624067308801, '_a4_': -1.1074349353408253, '_a5_': -0.6238594153972747, '_a0_': 1.0, '_a1_': 1.0, '_a2_': 1.0, '_a6_': 1.0, '_a7_': 1.0}};{'d0': 0.024905832919416615};-280.569866449044;35.7353170831619
40890;-104.549616141360;(((_a4_ + ((_a3_ * (_a5_ + -(x))) * x)) / _a5_) * x);{'d0': {'_a3_': 2.106624067308801, '_a4_': -1.1074349353408253, '_a5_': -0.6238594153972747, '_a0_': 1.0, '_a1_': 1.0, '_a2_': 1.0, '_a6_': 1.0, '_a7_': 1.0}};{'d0': 0.024905832919416615};-280.569866449044;35.7353170831619
40891;-104.549616141360;(((_a4_ + ((_a3_ * (_a5_ + -(x))) * x)) / _a5_) * x);{'d0': {'_a3_': 2.106624067308801, '_a4_': -1.1074349353408253, '_a5_': -0.6238594153972747, '_a0_': 1.0, '_a1_': 1.0, '_a2_': 1.0, '_a6_': 1.0, '_a7_': 1.0}};{'d0': 0.024905832919416615};-280.569866449044;35.7353170831619
40892;-104.549616141360;(((_a4_ + ((_a3_ * (_a5_ + -(x))) * x)) / _a5_) * x);{'d0': {'_a3_': 2.106624067308801, '_a4_': -1.1074349353408253, '_a5_': -0.6238594153972747, '_a0_': 1.0, '_a1_': 1.0, '_a2_': 1.0, '_a6_': 1.0, '_a7_': 1.0}};{'d0': 0.024905832919416615};-280.569866449044;35.7353170831619
40893;-104.549616141360;(((_a4_ + ((_a3_ * (_a5_ + -(x))) * x)) / _a5_) * x);{'d0': {'_a3_': 2.106624067308801, '_a4_': -1.1074349353408253, '_a5_': -0.6238594153972747, '_a0_': 1.0, '_a1_': 1.0, '_a2_': 1.0, '_a6_': 1.0, '_a7_': 1.0}};{'d0': 0.024905832919416615};-280.569866449044;35.7353170831619
40894;-104.549616141360;(((_a4_ + ((_a3_ * (_a5_ + -(x))) * x)) / _a5_) * x);{'d0': {'_a3_': 2.106624067308801, '_a4_': -1.1074349353408253, '_a5_': -0.6238594153972747, '_a0_': 1.0, '_a1_': 1.0, '_a2_': 1.0, '_a6_': 1.0, '_a7_': 1.0}};{'d0': 0.024905832919416615};-280.569866449044;35.7353170831619
40895;-104.549616141360;(((_a4_ + ((_a3_ * (_a5_ + -(x))) * x)) / _a5_) * x);{'d0': {'_a3_': 2.106624067308801, '_a4_': -1.1074349353408253, '_a5_': -0.6238594153972747, '_a0_': 1.0, '_a1_': 1.0, '_a2_': 1.0, '_a6_': 1.0, '_a7_': 1.0}};{'d0': 0.024905832919416615};-280.569866449044;35.7353170831619
40896;-92.1203297041009;((((_a5_ + _a4_) + ((tanh(log(_a7_)) + x) * x)) * x) * _a6_);{'d0': {'_a4_': 1118.342691213153, '_a5_': -1117.8169997100952, '_a6_': 3.37676085486312, '_a7_': 2.0777778658088257, '_a0_': 1.0, '_a1_': 1.0, '_a2_': 1.0, '_a3_': 1.0}};{'d0': 0.024905832932326077};-276.475521855722;46.11743122376007
40897;-92.1203297041009;((((_a5_ + _a4_) + ((tanh(log(_a7_)) + x) * x)) * x) * _a6_);{'d0': {'_a4_': 1118.342691213153, '_a5_': -1117.8169997100952, '_a6_': 3.37676085486312, '_a7_': 2.0777778658088257, '_a0_': 1.0, '_a1_': 1.0, '_a2_': 1.0, '_a3_': 1.0}};{'d0': 0.024905832932326077};-276.475521855722;46.11743122376007
40898;-88.8014338661018;((((_a5_ + exp(_a5_)) + ((tanh(log(_a7_)) + x) * x)) * x) * _a6_);{'d0': {'_a5_': -0.2517484826876736, '_a6_': 3.3767608781293554, '_a7_': 2.0777778703295304, '_a0_': 1.0, '_a1_': 1.0, '_a2_': 1.0, '_a3_': 1.0, '_a4_': 1.0}};{'d0': 0.024905832919416625};-280.569866449044;51.48349935842007
40899;-88.8014338661018;((((_a5_ + exp(_a5_)) + ((tanh(log(_a7_)) + x) * x)) * x) * _a6_);{'d0': {'_a5_': -0.2517484826876736, '_a6_': 3.3767608781293554, '_a7_': 2.0777778703295304, '_a0_': 1.0, '_a1_': 1.0, '_a2_': 1.0, '_a3_': 1.0, '_a4_': 1.0}};{'d0': 0.024905832919416625};-280.569866449044;51.48349935842007
40900;-104.549616141360;(((_a4_ + ((_a3_ * (_a5_ + -(x))) * x)) / _a5_) * x);{'d0': {'_a3_': 2.106624067308801, '_a4_': -1.1074349353408253, '_a5_': -0.6238594153972747, '_a0_': 1.0, '_a1_': 1.0, '_a2_': 1.0, '_a6_': 1.0, '_a7_': 1.0}};{'d0': 0.024905832919416615};-280.569866449044;35.7353170831619
40901;-104.549616141360;(((_a4_ + ((_a3_ * (_a5_ + -(x))) * x)) / _a5_) * x);{'d0': {'_a3_': 2.106624067308801, '_a4_': -1.1074349353408253, '_a5_': -0.6238594153972747, '_a0_': 1.0, '_a1_': 1.0, '_a2_': 1.0, '_a6_': 1.0, '_a7_': 1.0}};{'d0': 0.024905832919416615};-280.569866449044;35.7353170831619
40902;-104.549616141360;(((_a4_ + ((_a3_ * (_a5_ + -(x))) * x)) / _a5_) * x);{'d0': {'_a3_': 2.106624067308801, '_a4_': -1.1074349353408253, '_a5_': -0.6238594153972747, '_a0_': 1.0, '_a1_': 1.0, '_a2_': 1.0, '_a6_': 1.0, '_a7_': 1.0}};{'d0': 0.024905832919416615};-280.569866449044;35.7353170831619
40903;-104.549616141360;(((_a4_ + ((_a3_ * (_a5_ + -(x))) * x)) / _a5_) * x);{'d0': {'_a3_': 2.106624067308801, '_a4_': -1.1074349353408253, '_a5_': -0.6238594153972747, '_a0_': 1.0, '_a1_': 1.0, '_a2_': 1.0, '_a6_': 1.0, '_a7_': 1.0}};{'d0': 0.024905832919416615};-280.569866449044;35.7353170831619
40904;-104.549616141360;(((_a4_ + ((_a3_ * (_a5_ + -(x))) * x)) / _a5_) * x);{'d0': {'_a3_': 2.106624067308801, '_a4_': -1.1074349353408253, '_a5_': -0.6238594153972747, '_a0_': 1.0, '_a1_': 1.0, '_a2_': 1.0, '_a6_': 1.0, '_a7_': 1.0}};{'d0': 0.024905832919416615};-280.569866449044;35.7353170831619
40905;-104.549616141360;(((_a4_ + ((_a3_ * (_a5_ + -(x))) * x)) / _a5_) * x);{'d0': {'_a3_': 2.106624067308801, '_a4_': -1.1074349353408253, '_a5_': -0.6238594153972747, '_a0_': 1.0, '_a1_': 1.0, '_a2_': 1.0, '_a6_': 1.0, '_a7_': 1.0}};{'d0': 0.024905832919416615};-280.569866449044;35.7353170831619
40906;-104.549616141360;(((_a4_ + ((_a3_ * (_a5_ + -(x))) * x)) / _a5_) * x);{'d0': {'_a3_': 2.106624067308801, '_a4_': -1.1074349353408253, '_a5_': -0.6238594153972747, '_a0_': 1.0, '_a1_': 1.0, '_a2_': 1.0, '_a6_': 1.0, '_a7_': 1.0}};{'d0': 0.024905832919416615};-280.569866449044;35.7353170831619
40907;-104.549616141360;(((_a4_ + ((_a3_ * (_a5_ + -(x))) * x)) / _a5_) * x);{'d0': {'_a3_': 2.106624067308801, '_a4_': -1.1074349353408253, '_a5_': -0.6238594153972747, '_a0_': 1.0, '_a1_': 1.0, '_a2_': 1.0, '_a6_': 1.0, '_a7_': 1.0}};{'d0': 0.024905832919416615};-280.569866449044;35.7353170831619
40908;-104.549616141360;(((_a4_ + ((_a3_ * (_a5_ + -(x))) * x)) / _a5_) * x);{'d0': {'_a3_': 2.106624067308801, '_a4_': -1.1074349353408253, '_a5_': -0.6238594153972747, '_a0_': 1.0, '_a1_': 1.0, '_a2_': 1.0, '_a6_': 1.0, '_a7_': 1.0}};{'d0': 0.024905832919416615};-280.569866449044;35.7353170831619
40909;-104.549616141360;(((_a4_ + ((_a3_ * (_a5_ + -(x))) * x)) / _a5_) * x);{'d0': {'_a3_': 2.106624067308801, '_a4_': -1.1074349353408253, '_a5_': -0.6238594153972747, '_a0_': 1.0, '_a1_': 1.0, '_a2_': 1.0, '_a6_': 1.0, '_a7_': 1.0}};{'d0': 0.024905832919416615};-280.569866449044;35.7353170831619
40910;-104.549616141360;(((_a4_ + ((_a3_ * (_a5_ + -(x))) * x)) / _a5_) * x);{'d0': {'_a3_': 2.106624067308801, '_a4_': -1.1074349353408253, '_a5_': -0.6238594153972747, '_a0_': 1.0, '_a1_': 1.0, '_a2_': 1.0, '_a6_': 1.0, '_a7_': 1.0}};{'d0': 0.024905832919416615};-280.569866449044;35.7353170831619
40911;-104.549616141360;(((_a4_ + ((_a3_ * (_a5_ + -(x))) * x)) / _a5_) * x);{'d0': {'_a3_': 2.106624067308801, '_a4_': -1.1074349353408253, '_a5_': -0.6238594153972747, '_a0_': 1.0, '_a1_': 1.0, '_a2_': 1.0, '_a6_': 1.0, '_a7_': 1.0}};{'d0': 0.024905832919416615};-280.569866449044;35.7353170831619
40912;-104.549616141360;(((_a4_ + ((_a3_ * (_a5_ + -(x))) * x)) / _a5_) * x);{'d0': {'_a3_': 2.106624067308801, '_a4_': -1.1074349353408253, '_a5_': -0.6238594153972747, '_a0_': 1.0, '_a1_': 1.0, '_a2_': 1.0, '_a6_': 1.0, '_a7_': 1.0}};{'d0': 0.024905832919416615};-280.569866449044;35.7353170831619
40913;-104.549616141360;(((_a4_ + ((_a3_ * (_a5_ + -(x))) * x)) / _a5_) * x);{'d0': {'_a3_': 2.106624067308801, '_a4_': -1.1074349353408253, '_a5_': -0.6238594153972747, '_a0_': 1.0, '_a1_': 1.0, '_a2_': 1.0, '_a6_': 1.0, '_a7_': 1.0}};{'d0': 0.024905832919416615};-280.569866449044;35.7353170831619
40914;-102.308962252590;(((_a4_ + ((_a3_ * (_a5_ + (x + x))) * x)) / _a5_) * x);{'d0': {'_a3_': 2.106624067618051, '_a4_': 2.2148698710991357, '_a5_': 1.2477188309210792, '_a0_': 1.0, '_a1_': 1.0, '_a2_': 1.0, '_a6_': 1.0, '_a7_': 1.0}};{'d0': 0.024905832919416632};-280.569866449044;37.97597097193151
40915;-102.308962252590;(((_a4_ + ((_a3_ * (_a5_ + (x + x))) * x)) / _a5_) * x);{'d0': {'_a3_': 2.106624067618051, '_a4_': 2.2148698710991357, '_a5_': 1.2477188309210792, '_a0_': 1.0, '_a1_': 1.0, '_a2_': 1.0, '_a6_': 1.0, '_a7_': 1.0}};{'d0': 0.024905832919416632};-280.569866449044;37.97597097193151
40916;-102.308962252590;(((_a4_ + ((_a3_ * (_a5_ + (x + x))) * x)) / _a5_) * x);{'d0': {'_a3_': 2.106624067618051, '_a4_': 2.2148698710991357, '_a5_': 1.2477188309210792, '_a0_': 1.0, '_a1_': 1.0, '_a2_': 1.0, '_a6_': 1.0, '_a7_': 1.0}};{'d0': 0.024905832919416632};-280.569866449044;37.97597097193151
40917;-102.308962252590;(((_a4_ + ((_a3_ * (_a5_ + (x + x))) * x)) / _a5_) * x);{'d0': {'_a3_': 2.106624067618051, '_a4_': 2.2148698710991357, '_a5_': 1.2477188309210792, '_a0_': 1.0, '_a1_': 1.0, '_a2_': 1.0, '_a6_': 1.0, '_a7_': 1.0}};{'d0': 0.024905832919416632};-280.569866449044;37.97597097193151
40918;-97.3596223271332;(((_a4_ + ((_a3_ * (_a5_ + (x + x))) * x)) / _a5_) * (x * _a4_));{'d0': {'_a3_': 1.4155099745436144, '_a4_': 1.4882438884384939, '_a5_': 1.2477188310996317, '_a0_': 1.0, '_a1_': 1.0, '_a2_': 1.0, '_a6_': 1.0, '_a7_': 1.0}};{'d0': 0.024905832919416615};-280.569866449044;42.92531089738851
40919;-97.3596223271332;(((_a4_ + ((_a3_ * (_a5_ + (x + x))) * x)) / _a5_) * (x * _a4_));{'d0': {'_a3_': 1.4155099745436144, '_a4_': 1.4882438884384939, '_a5_': 1.2477188310996317, '_a0_': 1.0, '_a1_': 1.0, '_a2_': 1.0, '_a6_': 1.0, '_a7_': 1.0}};{'d0': 0.024905832919416615};-280.569866449044;42.92531089738851
40920;-97.3596223271332;(((_a4_ + ((_a3_ * (_a5_ + (x + x))) * x)) / _a5_) * (x * _a4_));{'d0': {'_a3_': 1.4155099745436144, '_a4_': 1.4882438884384939, '_a5_': 1.2477188310996317, '_a0_': 1.0, '_a1_': 1.0, '_a2_': 1.0, '_a6_': 1.0, '_a7_': 1.0}};{'d0': 0.024905832919416615};-280.569866449044;42.92531089738851
40921;-97.3596223271332;(((_a4_ + ((_a3_ * (_a5_ + (x + x))) * x)) / _a5_) * (x * _a4_));{'d0': {'_a3_': 1.4155099745436144, '_a4_': 1.4882438884384939, '_a5_': 1.2477188310996317, '_a0_': 1.0, '_a1_': 1.0, '_a2_': 1.0, '_a6_': 1.0, '_a7_': 1.0}};{'d0': 0.024905832919416615};-280.569866449044;42.92531089738851
40922;-97.3596223271332;(((_a4_ + ((_a3_ * (_a5_ + (x + x))) * x)) / _a5_) * (x * _a4_));{'d0': {'_a3_': 1.4155099745436144, '_a4_': 1.4882438884384939, '_a5_': 1.2477188310996317, '_a0_': 1.0, '_a1_': 1.0, '_a2_': 1.0, '_a6_': 1.0, '_a7_': 1.0}};{'d0': 0.024905832919416615};-280.569866449044;42.92531089738851
40923;-95.3124500441117;(((_a4_ + ((_a3_ * (_a5_ + (x + x))) * x)) / _a5_) * (x * _a6_));{'d0': {'_a3_': 1.792025124694802, '_a4_': 1.8841057206047473, '_a5_': 1.2477188311376917, '_a6_': 1.175554827024197, '_a0_': 1.0, '_a1_': 1.0, '_a2_': 1.0, '_a7_': 1.0}};{'d0': 0.024905832921002645};-276.475521883001;42.92531089738851
40924;-95.3124500441117;(((_a4_ + ((_a3_ * (_a5_ + (x + x))) * x)) / _a5_) * (x * _a6_));{'d0': {'_a3_': 1.792025124694802, '_a4_': 1.8841057206047473, '_a5_': 1.2477188311376917, '_a6_': 1.175554827024197, '_a0_': 1.0, '_a1_': 1.0, '_a2_': 1.0, '_a7_': 1.0}};{'d0': 0.024905832921002645};-276.475521883001;42.92531089738851
40925;-95.3124500441117;(((_a4_ + ((_a3_ * (_a5_ + (x + x))) * x)) / _a5_) * (x * _a6_));{'d0': {'_a3_': 1.792025124694802, '_a4_': 1.8841057206047473, '_a5_': 1.2477188311376917, '_a6_': 1.175554827024197, '_a0_': 1.0, '_a1_': 1.0, '_a2_': 1.0, '_a7_': 1.0}};{'d0': 0.024905832921002645};-276.475521883001;42.92531089738851
40926;-95.3124500441117;(((_a4_ + ((_a3_ * (_a5_ + (x + x))) * x)) / _a5_) * (x * _a6_));{'d0': {'_a3_': 1.792025124694802, '_a4_': 1.8841057206047473, '_a5_': 1.2477188311376917, '_a6_': 1.175554827024197, '_a0_': 1.0, '_a1_': 1.0, '_a2_': 1.0, '_a7_': 1.0}};{'d0': 0.024905832921002645};-276.475521883001;42.92531089738851
40927;-95.3124500441117;(((_a4_ + ((_a3_ * (_a5_ + (x + x))) * x)) / _a5_) * (x * _a6_));{'d0': {'_a3_': 1.792025124694802, '_a4_': 1.8841057206047473, '_a5_': 1.2477188311376917, '_a6_': 1.175554827024197, '_a0_': 1.0, '_a1_': 1.0, '_a2_': 1.0, '_a7_': 1.0}};{'d0': 0.024905832921002645};-276.475521883001;42.92531089738851
40928;-95.3124500441117;(((_a4_ + ((_a3_ * (_a5_ + (x + x))) * x)) / _a5_) * (x * _a6_));{'d0': {'_a3_': 1.792025124694802, '_a4_': 1.8841057206047473, '_a5_': 1.2477188311376917, '_a6_': 1.175554827024197, '_a0_': 1.0, '_a1_': 1.0, '_a2_': 1.0, '_a7_': 1.0}};{'d0': 0.024905832921002645};-276.475521883001;42.92531089738851
40929;-95.3124500441117;(((_a4_ + ((_a3_ * (_a5_ + (x + x))) * x)) / _a5_) * (x * _a6_));{'d0': {'_a3_': 1.792025124694802, '_a4_': 1.8841057206047473, '_a5_': 1.2477188311376917, '_a6_': 1.175554827024197, '_a0_': 1.0, '_a1_': 1.0, '_a2_': 1.0, '_a7_': 1.0}};{'d0': 0.024905832921002645};-276.475521883001;42.92531089738851
40930;-95.3124500441117;(((_a4_ + ((_a3_ * (_a5_ + (x + x))) * x)) / _a5_) * (x * _a6_));{'d0': {'_a3_': 1.792025124694802, '_a4_': 1.8841057206047473, '_a5_': 1.2477188311376917, '_a6_': 1.175554827024197, '_a0_': 1.0, '_a1_': 1.0, '_a2_': 1.0, '_a7_': 1.0}};{'d0': 0.024905832921002645};-276.475521883001;42.92531089738851
40931;-95.3124500441117;(((_a4_ + ((_a3_ * (_a5_ + (x + x))) * x)) / _a5_) * (x * _a6_));{'d0': {'_a3_': 1.792025124694802, '_a4_': 1.8841057206047473, '_a5_': 1.2477188311376917, '_a6_': 1.175554827024197, '_a0_': 1.0, '_a1_': 1.0, '_a2_': 1.0, '_a7_': 1.0}};{'d0': 0.024905832921002645};-276.475521883001;42.92531089738851
40932;-95.3124500441117;(((_a4_ + ((_a3_ * (_a5_ + (x + x))) * x)) / _a5_) * (x * _a6_));{'d0': {'_a3_': 1.792025124694802, '_a4_': 1.8841057206047473, '_a5_': 1.2477188311376917, '_a6_': 1.175554827024197, '_a0_': 1.0, '_a1_': 1.0, '_a2_': 1.0, '_a7_': 1.0}};{'d0': 0.024905832921002645};-276.475521883001;42.92531089738851
40933;-95.3124500441117;(((_a4_ + ((_a3_ * (_a5_ + (x + x))) * x)) / _a5_) * (x * _a6_));{'d0': {'_a3_': 1.792025124694802, '_a4_': 1.8841057206047473, '_a5_': 1.2477188311376917, '_a6_': 1.175554827024197, '_a0_': 1.0, '_a1_': 1.0, '_a2_': 1.0, '_a7_': 1.0}};{'d0': 0.024905832921002645};-276.475521883001;42.92531089738851
40934;-95.3124500441117;(((_a4_ + ((_a3_ * (_a5_ + (x + x))) * x)) / _a5_) * (x * _a6_));{'d0': {'_a3_': 1.792025124694802, '_a4_': 1.8841057206047473, '_a5_': 1.2477188311376917, '_a6_': 1.175554827024197, '_a0_': 1.0, '_a1_': 1.0, '_a2_': 1.0, '_a7_': 1.0}};{'d0': 0.024905832921002645};-276.475521883001;42.92531089738851
40935;-95.3124500441117;(((_a4_ + ((_a3_ * (_a5_ + (x + x))) * x)) / _a5_) * (x * _a6_));{'d0': {'_a3_': 1.792025124694802, '_a4_': 1.8841057206047473, '_a5_': 1.2477188311376917, '_a6_': 1.175554827024197, '_a0_': 1.0, '_a1_': 1.0, '_a2_': 1.0, '_a7_': 1.0}};{'d0': 0.024905832921002645};-276.475521883001;42.92531089738851
40936;-95.3124500441117;(((_a4_ + ((_a3_ * (_a5_ + (x + x))) * x)) / _a5_) * (x * _a6_));{'d0': {'_a3_': 1.792025124694802, '_a4_': 1.8841057206047473, '_a5_': 1.2477188311376917, '_a6_': 1.175554827024197, '_a0_': 1.0, '_a1_': 1.0, '_a2_': 1.0, '_a7_': 1.0}};{'d0': 0.024905832921002645};-276.475521883001;42.92531089738851
40937;-95.3124500421701;(((_a4_ + ((_a3_ * (_a6_ + (x + x))) * x)) / _a5_) * (x * _a6_));{'d0': {'_a3_': 12.613280687105783, '_a4_': 13.261395675039724, '_a5_': 9.321255121638996, '_a6_': 1.2477188326827686, '_a0_': 1.0, '_a1_': 1.0, '_a2_': 1.0, '_a7_': 1.0}};{'d0': 0.024905832922614595};-276.475521879117;42.92531089738851
40938;-95.3124500421701;(((_a4_ + ((_a3_ * (_a6_ + (x + x))) * x)) / _a5_) * (x * _a6_));{'d0': {'_a3_': 12.613280687105783, '_a4_': 13.261395675039724, '_a5_': 9.321255121638996, '_a6_': 1.2477188326827686, '_a0_': 1.0, '_a1_': 1.0, '_a2_': 1.0, '_a7_': 1.0}};{'d0': 0.024905832922614595};-276.475521879117;42.92531089738851
40939;-95.3124500421701;(((_a4_ + ((_a3_ * (_a6_ + (x + x))) * x)) / _a5_) * (x * _a6_));{'d0': {'_a3_': 12.613280687105783, '_a4_': 13.261395675039724, '_a5_': 9.321255121638996, '_a6_': 1.2477188326827686, '_a0_': 1.0, '_a1_': 1.0, '_a2_': 1.0, '_a7_': 1.0}};{'d0': 0.024905832922614595};-276.475521879117;42.92531089738851
40940;-95.3124500421701;(((_a4_ + ((_a3_ * (_a6_ + (x + x))) * x)) / _a5_) * (x * _a6_));{'d0': {'_a3_': 12.613280687105783, '_a4_': 13.261395675039724, '_a5_': 9.321255121638996, '_a6_': 1.2477188326827686, '_a0_': 1.0, '_a1_': 1.0, '_a2_': 1.0, '_a7_': 1.0}};{'d0': 0.024905832922614595};-276.475521879117;42.92531089738851
40941;-89.3918489966047;(((_a4_ + ((_a3_ * (_a6_ + ((x + _a3_) + x))) * x)) / _a5_) * (x * _a6_));{'d0': {'_a3_': 22.00871725855419, '_a4_': 23.139603074280114, '_a5_': -270.6279379190093, '_a6_': -20.76099842725811, '_a0_': 1.0, '_a1_': 1.0, '_a2_': 1.0, '_a7_': 1.0}};{'d0': 0.024905832919738306};-276.475521886047;48.84591194641851
40942;-89.3918489966047;(((_a4_ + ((_a3_ * (_a6_ + ((x + _a3_) + x))) * x)) / _a5_) * (x * _a6_));{'d0': {'_a3_': 22.00871725855419, '_a4_': 23.139603074280114, '_a5_': -270.6279379190093, '_a6_': -20.76099842725811, '_a0_': 1.0, '_a1_': 1.0, '_a2_': 1.0, '_a7_': 1.0}};{'d0': 0.024905832919738306};-276.475521886047;48.84591194641851
40943;-89.3918489966047;(((_a4_ + ((_a3_ * (_a6_ + ((x + _a3_) + x))) * x)) / _a5_) * (x * _a6_));{'d0': {'_a3_': 22.00871725855419, '_a4_': 23.139603074280114, '_a5_': -270.6279379190093, '_a6_': -20.76099842725811, '_a0_': 1.0, '_a1_': 1.0, '_a2_': 1.0, '_a7_': 1.0}};{'d0': 0.024905832919738306};-276.475521886047;48.84591194641851
40944;-89.3918489966047;(((_a4_ + ((_a3_ * (_a6_ + ((x + _a3_) + x))) * x)) / _a5_) * (x * _a6_));{'d0': {'_a3_': 22.00871725855419, '_a4_': 23.139603074280114, '_a5_': -270.6279379190093, '_a6_': -20.76099842725811, '_a0_': 1.0, '_a1_': 1.0, '_a2_': 1.0, '_a7_': 1.0}};{'d0': 0.024905832919738306};-276.475521886047;48.84591194641851
40945;-89.3918489966047;(((_a4_ + ((_a3_ * (_a6_ + ((x + _a3_) + x))) * x)) / _a5_) * (x * _a6_));{'d0': {'_a3_': 22.00871725855419, '_a4_': 23.139603074280114, '_a5_': -270.6279379190093, '_a6_': -20.76099842725811, '_a0_': 1.0, '_a1_': 1.0, '_a2_': 1.0, '_a7_': 1.0}};{'d0': 0.024905832919738306};-276.475521886047;48.84591194641851
40946;-89.3918489966047;(((_a4_ + ((_a3_ * (_a6_ + ((x + _a3_) + x))) * x)) / _a5_) * (x * _a6_));{'d0': {'_a3_': 22.00871725855419, '_a4_': 23.139603074280114, '_a5_': -270.6279379190093, '_a6_': -20.76099842725811, '_a0_': 1.0, '_a1_': 1.0, '_a2_': 1.0, '_a7_': 1.0}};{'d0': 0.024905832919738306};-276.475521886047;48.84591194641851
40947;-89.3918489965038;(((_a4_ + ((_a3_ * (_a5_ + ((x + _a3_) + x))) * x)) / _a5_) * (x * _a6_));{'d0': {'_a3_': 199.10355994115673, '_a4_': 209.33420557062695, '_a5_': -197.85584111025258, '_a6_': -1.6778000098893004, '_a0_': 1.0, '_a1_': 1.0, '_a2_': 1.0, '_a7_': 1.0}};{'d0': 0.02490583291982211};-276.475521885845;48.84591194641851
40948;-89.3918489965038;(((_a4_ + ((_a3_ * (_a5_ + ((x + _a3_) + x))) * x)) / _a5_) * (x * _a6_));{'d0': {'_a3_': 199.10355994115673, '_a4_': 209.33420557062695, '_a5_': -197.85584111025258, '_a6_': -1.6778000098893004, '_a0_': 1.0, '_a1_': 1.0, '_a2_': 1.0, '_a7_': 1.0}};{'d0': 0.02490583291982211};-276.475521885845;48.84591194641851
40949;-89.3918489965038;(((_a4_ + ((_a3_ * (_a5_ + ((x + _a3_) + x))) * x)) / _a5_) * (x * _a6_));{'d0': {'_a3_': 199.10355994115673, '_a4_': 209.33420557062695, '_a5_': -197.85584111025258, '_a6_': -1.6778000098893004, '_a0_': 1.0, '_a1_': 1.0, '_a2_': 1.0, '_a7_': 1.0}};{'d0': 0.02490583291982211};-276.475521885845;48.84591194641851
40950;-89.3918489965038;(((_a4_ + ((_a3_ * (_a5_ + ((x + _a3_) + x))) * x)) / _a5_) * (x * _a6_));{'d0': {'_a3_': 199.10355994115673, '_a4_': 209.33420557062695, '_a5_': -197.85584111025258, '_a6_': -1.6778000098893004, '_a0_': 1.0, '_a1_': 1.0, '_a2_': 1.0, '_a7_': 1.0}};{'d0': 0.02490583291982211};-276.475521885845;48.84591194641851
40951;-89.3918489965038;(((_a4_ + ((_a3_ * (_a5_ + ((x + _a3_) + x))) * x)) / _a5_) * (x * _a6_));{'d0': {'_a3_': 199.10355994115673, '_a4_': 209.33420557062695, '_a5_': -197.85584111025258, '_a6_': -1.6778000098893004, '_a0_': 1.0, '_a1_': 1.0, '_a2_': 1.0, '_a7_': 1.0}};{'d0': 0.02490583291982211};-276.475521885845;48.84591194641851
40952;-89.3918489965038;(((_a4_ + ((_a3_ * (_a5_ + ((x + _a3_) + x))) * x)) / _a5_) * (x * _a6_));{'d0': {'_a3_': 199.10355994115673, '_a4_': 209.33420557062695, '_a5_': -197.85584111025258, '_a6_': -1.6778000098893004, '_a0_': 1.0, '_a1_': 1.0, '_a2_': 1.0, '_a7_': 1.0}};{'d0': 0.02490583291982211};-276.475521885845;48.84591194641851
40953;-89.3918489965038;(((_a4_ + ((_a3_ * (_a5_ + ((x + _a3_) + x))) * x)) / _a5_) * (x * _a6_));{'d0': {'_a3_': 199.10355994115673, '_a4_': 209.33420557062695, '_a5_': -197.85584111025258, '_a6_': -1.6778000098893004, '_a0_': 1.0, '_a1_': 1.0, '_a2_': 1.0, '_a7_': 1.0}};{'d0': 0.02490583291982211};-276.475521885845;48.84591194641851
40954;-89.3918489965038;(((_a4_ + ((_a3_ * (_a5_ + ((x + _a3_) + x))) * x)) / _a5_) * (x * _a6_));{'d0': {'_a3_': 199.10355994115673, '_a4_': 209.33420557062695, '_a5_': -197.85584111025258, '_a6_': -1.6778000098893004, '_a0_': 1.0, '_a1_': 1.0, '_a2_': 1.0, '_a7_': 1.0}};{'d0': 0.02490583291982211};-276.475521885845;48.84591194641851
40955;-89.3918489965038;(((_a4_ + ((_a3_ * (_a5_ + ((x + _a3_) + x))) * x)) / _a5_) * (x * _a6_));{'d0': {'_a3_': 199.10355994115673, '_a4_': 209.33420557062695, '_a5_': -197.85584111025258, '_a6_': -1.6778000098893004, '_a0_': 1.0, '_a1_': 1.0, '_a2_': 1.0, '_a7_': 1.0}};{'d0': 0.02490583291982211};-276.475521885845;48.84591194641851
40956;-89.3918489965038;(((_a4_ + ((_a3_ * (_a5_ + ((x + _a3_) + x))) * x)) / _a5_) * (x * _a6_));{'d0': {'_a3_': 199.10355994115673, '_a4_': 209.33420557062695, '_a5_': -197.85584111025258, '_a6_': -1.6778000098893004, '_a0_': 1.0, '_a1_': 1.0, '_a2_': 1.0, '_a7_': 1.0}};{'d0': 0.02490583291982211};-276.475521885845;48.84591194641851
40957;-89.3918489965038;(((_a4_ + ((_a3_ * (_a5_ + ((x + _a3_) + x))) * x)) / _a5_) * (x * _a6_));{'d0': {'_a3_': 199.10355994115673, '_a4_': 209.33420557062695, '_a5_': -197.85584111025258, '_a6_': -1.6778000098893004, '_a0_': 1.0, '_a1_': 1.0, '_a2_': 1.0, '_a7_': 1.0}};{'d0': 0.02490583291982211};-276.475521885845;48.84591194641851
40958;-89.3918489965038;(((_a4_ + ((_a3_ * (_a5_ + ((x + _a3_) + x))) * x)) / _a5_) * (x * _a6_));{'d0': {'_a3_': 199.10355994115673, '_a4_': 209.33420557062695, '_a5_': -197.85584111025258, '_a6_': -1.6778000098893004, '_a0_': 1.0, '_a1_': 1.0, '_a2_': 1.0, '_a7_': 1.0}};{'d0': 0.02490583291982211};-276.475521885845;48.84591194641851
40959;-89.3918489965038;(((_a4_ + ((_a3_ * (_a5_ + ((x + _a3_) + x))) * x)) / _a5_) * (x * _a6_));{'d0': {'_a3_': 199.10355994115673, '_a4_': 209.33420557062695, '_a5_': -197.85584111025258, '_a6_': -1.6778000098893004, '_a0_': 1.0, '_a1_': 1.0, '_a2_': 1.0, '_a7_': 1.0}};{'d0': 0.02490583291982211};-276.475521885845;48.84591194641851
40960;-89.3918489965038;(((_a4_ + ((_a3_ * (_a5_ + ((x + _a3_) + x))) * x)) / _a5_) * (x * _a6_));{'d0': {'_a3_': 199.10355994115673, '_a4_': 209.33420557062695, '_a5_': -197.85584111025258, '_a6_': -1.6778000098893004, '_a0_': 1.0, '_a1_': 1.0, '_a2_': 1.0, '_a7_': 1.0}};{'d0': 0.02490583291982211};-276.475521885845;48.84591194641851
40961;-89.3918489965038;(((_a4_ + ((_a3_ * (_a5_ + ((x + _a3_) + x))) * x)) / _a5_) * (x * _a6_));{'d0': {'_a3_': 199.10355994115673, '_a4_': 209.33420557062695, '_a5_': -197.85584111025258, '_a6_': -1.6778000098893004, '_a0_': 1.0, '_a1_': 1.0, '_a2_': 1.0, '_a7_': 1.0}};{'d0': 0.02490583291982211};-276.475521885845;48.84591194641851
40962;-89.3918489965038;(((_a4_ + ((_a3_ * (_a5_ + ((x + _a3_) + x))) * x)) / _a5_) * (x * _a6_));{'d0': {'_a3_': 199.10355994115673, '_a4_': 209.33420557062695, '_a5_': -197.85584111025258, '_a6_': -1.6778000098893004, '_a0_': 1.0, '_a1_': 1.0, '_a2_': 1.0, '_a7_': 1.0}};{'d0': 0.02490583291982211};-276.475521885845;48.84591194641851
40963;-89.3918489965038;(((_a4_ + ((_a3_ * (_a5_ + ((x + _a3_) + x))) * x)) / _a5_) * (x * _a6_));{'d0': {'_a3_': 199.10355994115673, '_a4_': 209.33420557062695, '_a5_': -197.85584111025258, '_a6_': -1.6778000098893004, '_a0_': 1.0, '_a1_': 1.0, '_a2_': 1.0, '_a7_': 1.0}};{'d0': 0.02490583291982211};-276.475521885845;48.84591194641851
40964;-87.3446767152267;(((_a4_ + ((_a3_ * (_a5_ + ((x + _a0_) + x))) * x)) / _a5_) * (x * _a6_));{'d0': {'_a0_': 2432.487577456859, '_a3_': 627.2295783905118, '_a4_': 659.4588554477749, '_a5_': -2431.2398586255244, '_a6_': -6.544425896996701, '_a1_': 1.0, '_a2_': 1.0, '_a7_': 1.0}};{'d0': 0.024905832919959923};-272.381177323291;48.84591194641851
40965;-87.3446767152267;(((_a4_ + ((_a3_ * (_a5_ + ((x + _a0_) + x))) * x)) / _a5_) * (x * _a6_));{'d0': {'_a0_': 2432.487577456859, '_a3_': 627.2295783905118, '_a4_': 659.4588554477749, '_a5_': -2431.2398586255244, '_a6_': -6.544425896996701, '_a1_': 1.0, '_a2_': 1.0, '_a7_': 1.0}};{'d0': 0.024905832919959923};-272.381177323291;48.84591194641851
40966;-87.3446767141428;(((_a4_ + ((_a3_ * (_a5_ + ((_a5_ + _a0_) + x))) * x)) / _a5_) * (x * _a6_));{'d0': {'_a0_': 3177.7544783829617, '_a3_': 920.4866858881259, '_a4_': 483.89227557203793, '_a5_': -1588.565309483592, '_a6_': -5.827574245100304, '_a1_': 1.0, '_a2_': 1.0, '_a7_': 1.0}};{'d0': 0.024905832920859787};-272.381177321123;48.84591194641851
40967;-87.3446767141428;(((_a4_ + ((_a3_ * (_a5_ + ((_a5_ + _a0_) + x))) * x)) / _a5_) * (x * _a6_));{'d0': {'_a0_': 3177.7544783829617, '_a3_': 920.4866858881259, '_a4_': 483.89227557203793, '_a5_': -1588.565309483592, '_a6_': -5.827574245100304, '_a1_': 1.0, '_a2_': 1.0, '_a7_': 1.0}};{'d0': 0.024905832920859787};-272.381177321123;48.84591194641851
40968;-87.3446767141428;(((_a4_ + ((_a3_ * (_a5_ + ((_a5_ + _a0_) + x))) * x)) / _a5_) * (x * _a6_));{'d0': {'_a0_': 3177.7544783829617, '_a3_': 920.4866858881259, '_a4_': 483.89227557203793, '_a5_': -1588.565309483592, '_a6_': -5.827574245100304, '_a1_': 1.0, '_a2_': 1.0, '_a7_': 1.0}};{'d0': 0.024905832920859787};-272.381177321123;48.84591194641851
40969;-87.3446767141428;(((_a4_ + ((_a3_ * (_a5_ + ((_a5_ + _a0_) + x))) * x)) / _a5_) * (x * _a6_));{'d0': {'_a0_': 3177.7544783829617, '_a3_': 920.4866858881259, '_a4_': 483.89227557203793, '_a5_': -1588.565309483592, '_a6_': -5.827574245100304, '_a1_': 1.0, '_a2_': 1.0, '_a7_': 1.0}};{'d0': 0.024905832920859787};-272.381177321123;48.84591194641851
40970;-87.3446767141428;(((_a4_ + ((_a3_ * (_a5_ + ((_a5_ + _a0_) + x))) * x)) / _a5_) * (x * _a6_));{'d0': {'_a0_': 3177.7544783829617, '_a3_': 920.4866858881259, '_a4_': 483.89227557203793, '_a5_': -1588.565309483592, '_a6_': -5.827574245100304, '_a1_': 1.0, '_a2_': 1.0, '_a7_': 1.0}};{'d0': 0.024905832920859787};-272.381177321123;48.84591194641851
40971;-87.3446767141428;(((_a4_ + ((_a3_ * (_a5_ + ((_a5_ + _a0_) + x))) * x)) / _a5_) * (x * _a6_));{'d0': {'_a0_': 3177.7544783829617, '_a3_': 920.4866858881259, '_a4_': 483.89227557203793, '_a5_': -1588.565309483592, '_a6_': -5.827574245100304, '_a1_': 1.0, '_a2_': 1.0, '_a7_': 1.0}};{'d0': 0.024905832920859787};-272.381177321123;48.84591194641851
40972;-87.3446767141428;(((_a4_ + ((_a3_ * (_a5_ + ((_a5_ + _a0_) + x))) * x)) / _a5_) * (x * _a6_));{'d0': {'_a0_': 3177.7544783829617, '_a3_': 920.4866858881259, '_a4_': 483.89227557203793, '_a5_': -1588.565309483592, '_a6_': -5.827574245100304, '_a1_': 1.0, '_a2_': 1.0, '_a7_': 1.0}};{'d0': 0.024905832920859787};-272.381177321123;48.84591194641851
40973;-87.3446767141428;(((_a4_ + ((_a3_ * (_a5_ + ((_a5_ + _a0_) + x))) * x)) / _a5_) * (x * _a6_));{'d0': {'_a0_': 3177.7544783829617, '_a3_': 920.4866858881259, '_a4_': 483.89227557203793, '_a5_': -1588.565309483592, '_a6_': -5.827574245100304, '_a1_': 1.0, '_a2_': 1.0, '_a7_': 1.0}};{'d0': 0.024905832920859787};-272.381177321123;48.84591194641851
40974;-87.3446767141428;(((_a4_ + ((_a3_ * (_a5_ + ((_a5_ + _a0_) + x))) * x)) / _a5_) * (x * _a6_));{'d0': {'_a0_': 3177.7544783829617, '_a3_': 920.4866858881259, '_a4_': 483.89227557203793, '_a5_': -1588.565309483592, '_a6_': -5.827574245100304, '_a1_': 1.0, '_a2_': 1.0, '_a7_': 1.0}};{'d0': 0.024905832920859787};-272.381177321123;48.84591194641851
40975;-87.3446767141428;(((_a4_ + ((_a3_ * (_a5_ + ((_a5_ + _a0_) + x))) * x)) / _a5_) * (x * _a6_));{'d0': {'_a0_': 3177.7544783829617, '_a3_': 920.4866858881259, '_a4_': 483.89227557203793, '_a5_': -1588.565309483592, '_a6_': -5.827574245100304, '_a1_': 1.0, '_a2_': 1.0, '_a7_': 1.0}};{'d0': 0.024905832920859787};-272.381177321123;48.84591194641851
40976;-87.3446767141428;(((_a4_ + ((_a3_ * (_a5_ + ((_a5_ + _a0_) + x))) * x)) / _a5_) * (x * _a6_));{'d0': {'_a0_': 3177.7544783829617, '_a3_': 920.4866858881259, '_a4_': 483.89227557203793, '_a5_': -1588.565309483592, '_a6_': -5.827574245100304, '_a1_': 1.0, '_a2_': 1.0, '_a7_': 1.0}};{'d0': 0.024905832920859787};-272.381177321123;48.84591194641851
40977;-87.3446767141428;(((_a4_ + ((_a3_ * (_a5_ + ((_a5_ + _a0_) + x))) * x)) / _a5_) * (x * _a6_));{'d0': {'_a0_': 3177.7544783829617, '_a3_': 920.4866858881259, '_a4_': 483.89227557203793, '_a5_': -1588.565309483592, '_a6_': -5.827574245100304, '_a1_': 1.0, '_a2_': 1.0, '_a7_': 1.0}};{'d0': 0.024905832920859787};-272.381177321123;48.84591194641851
40978;-87.3446767141428;(((_a4_ + ((_a3_ * (_a5_ + ((_a5_ + _a0_) + x))) * x)) / _a5_) * (x * _a6_));{'d0': {'_a0_': 3177.7544783829617, '_a3_': 920.4866858881259, '_a4_': 483.89227557203793, '_a5_': -1588.565309483592, '_a6_': -5.827574245100304, '_a1_': 1.0, '_a2_': 1.0, '_a7_': 1.0}};{'d0': 0.024905832920859787};-272.381177321123;48.84591194641851
40979;-87.3446767141428;(((_a4_ + ((_a3_ * (_a5_ + ((_a5_ + _a0_) + x))) * x)) / _a5_) * (x * _a6_));{'d0': {'_a0_': 3177.7544783829617, '_a3_': 920.4866858881259, '_a4_': 483.89227557203793, '_a5_': -1588.565309483592, '_a6_': -5.827574245100304, '_a1_': 1.0, '_a2_': 1.0, '_a7_': 1.0}};{'d0': 0.024905832920859787};-272.381177321123;48.84591194641851
40980;-98.6944060208633;((_a0_ + ((pow2((x + _a7_)) / _a0_) / _a0_)) * ((_a2_ * x) * _a0_));{'d0': {'_a0_': 0.7538419905573877, '_a2_': 2.545544142493614, '_a7_': 0.3119297079170514, '_a1_': 1.0, '_a3_': 1.0, '_a4_': 1.0, '_a5_': 1.0, '_a6_': 1.0}};{'d0': 0.024905832919416646};-280.569866449044;41.590527203658695
40981;-98.6944060208633;((_a0_ + ((pow2((x + _a7_)) / _a0_) / _a0_)) * ((_a2_ * x) * _a0_));{'d0': {'_a0_': 0.7538419905573877, '_a2_': 2.545544142493614, '_a7_': 0.3119297079170514, '_a1_': 1.0, '_a3_': 1.0, '_a4_': 1.0, '_a5_': 1.0, '_a6_': 1.0}};{'d0': 0.024905832919416646};-280.569866449044;41.590527203658695
40982;-98.6944060208633;((_a0_ + ((pow2((x + _a7_)) / _a0_) / _a0_)) * ((_a2_ * x) * _a0_));{'d0': {'_a0_': 0.7538419905573877, '_a2_': 2.545544142493614, '_a7_': 0.3119297079170514, '_a1_': 1.0, '_a3_': 1.0, '_a4_': 1.0, '_a5_': 1.0, '_a6_': 1.0}};{'d0': 0.024905832919416646};-280.569866449044;41.590527203658695
40983;-98.6944060208633;((_a0_ + ((pow2((x + _a7_)) / _a0_) / _a0_)) * ((_a2_ * x) * _a0_));{'d0': {'_a0_': 0.7538419905573877, '_a2_': 2.545544142493614, '_a7_': 0.3119297079170514, '_a1_': 1.0, '_a3_': 1.0, '_a4_': 1.0, '_a5_': 1.0, '_a6_': 1.0}};{'d0': 0.024905832919416646};-280.569866449044;41.590527203658695
40984;-98.6944060208633;((_a0_ + ((pow2((x + _a7_)) / _a0_) / _a0_)) * ((_a2_ * x) * _a0_));{'d0': {'_a0_': 0.7538419905573877, '_a2_': 2.545544142493614, '_a7_': 0.3119297079170514, '_a1_': 1.0, '_a3_': 1.0, '_a4_': 1.0, '_a5_': 1.0, '_a6_': 1.0}};{'d0': 0.024905832919416646};-280.569866449044;41.590527203658695
40985;-98.6944060208633;((_a0_ + ((pow2((x + _a7_)) / _a0_) / _a0_)) * ((_a2_ * x) * _a0_));{'d0': {'_a0_': 0.7538419905573877, '_a2_': 2.545544142493614, '_a7_': 0.3119297079170514, '_a1_': 1.0, '_a3_': 1.0, '_a4_': 1.0, '_a5_': 1.0, '_a6_': 1.0}};{'d0': 0.024905832919416646};-280.569866449044;41.590527203658695
40986;-98.6944060208633;((_a0_ + ((pow2((x + _a7_)) / _a0_) / _a0_)) * ((_a2_ * x) * _a0_));{'d0': {'_a0_': 0.7538419905573877, '_a2_': 2.545544142493614, '_a7_': 0.3119297079170514, '_a1_': 1.0, '_a3_': 1.0, '_a4_': 1.0, '_a5_': 1.0, '_a6_': 1.0}};{'d0': 0.024905832919416646};-280.569866449044;41.590527203658695
40987;-83.5546261877673;((((_a2_ / _a6_) + ((_a3_ * (_a5_ + ((_a5_ + _a3_) + x))) * x)) / _a5_) * (x * _a6_));{'d0': {'_a2_': -24.708078124793303, '_a3_': 28.46182368376938, '_a5_': -13.9189821340596, '_a6_': -1.6513730451396964, '_a0_': 1.0, '_a1_': 1.0, '_a4_': 1.0, '_a7_': 1.0}};{'d0': 0.024905832920311264};-276.475521884666;54.683134754565714
40988;-83.5546261877673;((((_a2_ / _a6_) + ((_a3_ * (_a5_ + ((_a5_ + _a3_) + x))) * x)) / _a5_) * (x * _a6_));{'d0': {'_a2_': -24.708078124793303, '_a3_': 28.46182368376938, '_a5_': -13.9189821340596, '_a6_': -1.6513730451396964, '_a0_': 1.0, '_a1_': 1.0, '_a4_': 1.0, '_a7_': 1.0}};{'d0': 0.024905832920311264};-276.475521884666;54.683134754565714
40989;-83.5546261877673;((((_a2_ / _a6_) + ((_a3_ * (_a5_ + ((_a5_ + _a3_) + x))) * x)) / _a5_) * (x * _a6_));{'d0': {'_a2_': -24.708078124793303, '_a3_': 28.46182368376938, '_a5_': -13.9189821340596, '_a6_': -1.6513730451396964, '_a0_': 1.0, '_a1_': 1.0, '_a4_': 1.0, '_a7_': 1.0}};{'d0': 0.024905832920311264};-276.475521884666;54.683134754565714
40990;-98.6944060208633;((_a0_ + ((pow2((x + _a7_)) / _a0_) / _a7_)) * ((_a2_ * x) * _a0_));{'d0': {'_a0_': 1.17190422004455, '_a2_': 1.0533120337470208, '_a7_': 0.3119297076766669, '_a1_': 1.0, '_a3_': 1.0, '_a4_': 1.0, '_a5_': 1.0, '_a6_': 1.0}};{'d0': 0.024905832919416667};-280.569866449044;41.590527203658695
40991;-98.6944060208633;((_a0_ + ((pow2((x + _a7_)) / _a0_) / _a7_)) * ((_a2_ * x) * _a0_));{'d0': {'_a0_': 1.17190422004455, '_a2_': 1.0533120337470208, '_a7_': 0.3119297076766669, '_a1_': 1.0, '_a3_': 1.0, '_a4_': 1.0, '_a5_': 1.0, '_a6_': 1.0}};{'d0': 0.024905832919416667};-280.569866449044;41.590527203658695
40992;-98.6944060208633;((_a0_ + ((pow2((x + _a7_)) / _a0_) / _a7_)) * ((_a2_ * x) * _a0_));{'d0': {'_a0_': 1.17190422004455, '_a2_': 1.0533120337470208, '_a7_': 0.3119297076766669, '_a1_': 1.0, '_a3_': 1.0, '_a4_': 1.0, '_a5_': 1.0, '_a6_': 1.0}};{'d0': 0.024905832919416667};-280.569866449044;41.590527203658695
40993;-98.6944060208633;((_a0_ + ((pow2((x + _a7_)) / _a0_) / _a7_)) * ((_a2_ * x) * _a0_));{'d0': {'_a0_': 1.17190422004455, '_a2_': 1.0533120337470208, '_a7_': 0.3119297076766669, '_a1_': 1.0, '_a3_': 1.0, '_a4_': 1.0, '_a5_': 1.0, '_a6_': 1.0}};{'d0': 0.024905832919416667};-280.569866449044;41.590527203658695
40994;-93.3545430103433;((_a0_ + ((pow2((x + _a7_)) / _a0_) / sqrt(_a7_))) * ((_a2_ * x) * _a0_));{'d0': {'_a0_': 0.8758027463864113, '_a2_': 1.8859434959372718, '_a7_': 0.31192970784988916, '_a1_': 1.0, '_a3_': 1.0, '_a4_': 1.0, '_a5_': 1.0, '_a6_': 1.0}};{'d0': 0.024905832919416646};-280.569866449044;46.93039021417869
40995;-94.2424258930336;((_a0_ + ((pow2((x + _a7_)) / _a0_) * sqrt(_a7_))) * ((_a2_ * x) * _a0_));{'d0': {'_a0_': 0.48914168114687984, '_a2_': 6.046052841562858, '_a7_': 0.31192970781571616, '_a1_': 1.0, '_a3_': 1.0, '_a4_': 1.0, '_a5_': 1.0, '_a6_': 1.0}};{'d0': 0.02490583291941655};-280.569866449044;46.042507331488494
40996;-94.2424258930336;((_a0_ + ((pow2((x + _a7_)) / _a0_) * sqrt(_a7_))) * ((_a2_ * x) * _a0_));{'d0': {'_a0_': 0.48914168114687984, '_a2_': 6.046052841562858, '_a7_': 0.31192970781571616, '_a1_': 1.0, '_a3_': 1.0, '_a4_': 1.0, '_a5_': 1.0, '_a6_': 1.0}};{'d0': 0.02490583291941655};-280.569866449044;46.042507331488494
40997;-94.2424258930336;((_a0_ + ((pow2((x + _a7_)) / _a0_) * sqrt(_a7_))) * ((_a2_ * x) * _a0_));{'d0': {'_a0_': 0.48914168114687984, '_a2_': 6.046052841562858, '_a7_': 0.31192970781571616, '_a1_': 1.0, '_a3_': 1.0, '_a4_': 1.0, '_a5_': 1.0, '_a6_': 1.0}};{'d0': 0.02490583291941655};-280.569866449044;46.042507331488494
40998;-94.2424258930336;((_a0_ + ((pow2((x + _a7_)) / _a0_) * sqrt(_a7_))) * ((_a2_ * x) * _a0_));{'d0': {'_a0_': 0.48914168114687984, '_a2_': 6.046052841562858, '_a7_': 0.31192970781571616, '_a1_': 1.0, '_a3_': 1.0, '_a4_': 1.0, '_a5_': 1.0, '_a6_': 1.0}};{'d0': 0.02490583291941655};-280.569866449044;46.042507331488494
40999;-94.2424258930336;((_a0_ + ((pow2((x + _a7_)) / _a0_) * sqrt(_a7_))) * ((_a2_ * x) * _a0_));{'d0': {'_a0_': 0.48914168114687984, '_a2_': 6.046052841562858, '_a7_': 0.31192970781571616, '_a1_': 1.0, '_a3_': 1.0, '_a4_': 1.0, '_a5_': 1.0, '_a6_': 1.0}};{'d0': 0.02490583291941655};-280.569866449044;46.042507331488494
41000;-93.2711647694605;((_a0_ + ((pow2((x + _a7_)) / _a0_) + sqrt(_a7_))) * ((_a2_ * x) * _a0_));{'d0': {'_a0_': 0.43234630705008853, '_a2_': 3.376760876122805, '_a7_': 0.3119297079137263, '_a1_': 1.0, '_a3_': 1.0, '_a4_': 1.0, '_a5_': 1.0, '_a6_': 1.0}};{'d0': 0.02490583291941664};-280.569866449044;47.013768455061495
41001;-93.2711647694605;((_a0_ + ((pow2((x + _a7_)) / _a0_) + sqrt(_a7_))) * ((_a2_ * x) * _a0_));{'d0': {'_a0_': 0.43234630705008853, '_a2_': 3.376760876122805, '_a7_': 0.3119297079137263, '_a1_': 1.0, '_a3_': 1.0, '_a4_': 1.0, '_a5_': 1.0, '_a6_': 1.0}};{'d0': 0.02490583291941664};-280.569866449044;47.013768455061495
41002;-93.2711647694605;((_a0_ + ((pow2((x + _a7_)) / _a0_) + sqrt(_a7_))) * ((_a2_ * x) * _a0_));{'d0': {'_a0_': 0.43234630705008853, '_a2_': 3.376760876122805, '_a7_': 0.3119297079137263, '_a1_': 1.0, '_a3_': 1.0, '_a4_': 1.0, '_a5_': 1.0, '_a6_': 1.0}};{'d0': 0.02490583291941664};-280.569866449044;47.013768455061495
41003;-93.2711647694605;((_a0_ + ((pow2((x + _a7_)) / _a0_) + sqrt(_a7_))) * ((_a2_ * x) * _a0_));{'d0': {'_a0_': 0.43234630705008853, '_a2_': 3.376760876122805, '_a7_': 0.3119297079137263, '_a1_': 1.0, '_a3_': 1.0, '_a4_': 1.0, '_a5_': 1.0, '_a6_': 1.0}};{'d0': 0.02490583291941664};-280.569866449044;47.013768455061495
41004;-93.2711647694605;((_a0_ + ((pow2((x + _a7_)) / _a0_) + sqrt(_a7_))) * ((_a2_ * x) * _a0_));{'d0': {'_a0_': 0.43234630705008853, '_a2_': 3.376760876122805, '_a7_': 0.3119297079137263, '_a1_': 1.0, '_a3_': 1.0, '_a4_': 1.0, '_a5_': 1.0, '_a6_': 1.0}};{'d0': 0.02490583291941664};-280.569866449044;47.013768455061495
41005;-93.2711647694605;((_a0_ + ((pow2((x + _a7_)) / _a0_) + sqrt(_a7_))) * ((_a2_ * x) * _a0_));{'d0': {'_a0_': 0.43234630705008853, '_a2_': 3.376760876122805, '_a7_': 0.3119297079137263, '_a1_': 1.0, '_a3_': 1.0, '_a4_': 1.0, '_a5_': 1.0, '_a6_': 1.0}};{'d0': 0.02490583291941664};-280.569866449044;47.013768455061495
41006;-93.2711647694605;((_a0_ + ((pow2((x + _a7_)) / _a0_) + sqrt(_a7_))) * ((_a2_ * x) * _a0_));{'d0': {'_a0_': 0.43234630705008853, '_a2_': 3.376760876122805, '_a7_': 0.3119297079137263, '_a1_': 1.0, '_a3_': 1.0, '_a4_': 1.0, '_a5_': 1.0, '_a6_': 1.0}};{'d0': 0.02490583291941664};-280.569866449044;47.013768455061495
41007;-93.2711647694605;((_a0_ + ((pow2((x + _a7_)) / _a0_) + sqrt(_a7_))) * ((_a2_ * x) * _a0_));{'d0': {'_a0_': 0.43234630705008853, '_a2_': 3.376760876122805, '_a7_': 0.3119297079137263, '_a1_': 1.0, '_a3_': 1.0, '_a4_': 1.0, '_a5_': 1.0, '_a6_': 1.0}};{'d0': 0.02490583291941664};-280.569866449044;47.013768455061495
41008;-93.2711647694605;((_a0_ + ((pow2((x + _a7_)) / _a0_) + sqrt(_a7_))) * ((_a2_ * x) * _a0_));{'d0': {'_a0_': 0.43234630705008853, '_a2_': 3.376760876122805, '_a7_': 0.3119297079137263, '_a1_': 1.0, '_a3_': 1.0, '_a4_': 1.0, '_a5_': 1.0, '_a6_': 1.0}};{'d0': 0.02490583291941664};-280.569866449044;47.013768455061495
41009;-93.2711647694605;((_a0_ + ((pow2((x + _a7_)) / _a0_) + sqrt(_a7_))) * ((_a2_ * x) * _a0_));{'d0': {'_a0_': 0.43234630705008853, '_a2_': 3.376760876122805, '_a7_': 0.3119297079137263, '_a1_': 1.0, '_a3_': 1.0, '_a4_': 1.0, '_a5_': 1.0, '_a6_': 1.0}};{'d0': 0.02490583291941664};-280.569866449044;47.013768455061495
41010;-93.2711647694605;((_a0_ + ((pow2((x + _a7_)) / _a0_) + sqrt(_a7_))) * ((_a2_ * x) * _a0_));{'d0': {'_a0_': 0.43234630705008853, '_a2_': 3.376760876122805, '_a7_': 0.3119297079137263, '_a1_': 1.0, '_a3_': 1.0, '_a4_': 1.0, '_a5_': 1.0, '_a6_': 1.0}};{'d0': 0.02490583291941664};-280.569866449044;47.013768455061495
41011;-93.2711647694605;((_a0_ + ((pow2((x + _a7_)) / _a0_) + sqrt(_a7_))) * ((_a2_ * x) * _a0_));{'d0': {'_a0_': 0.43234630705008853, '_a2_': 3.376760876122805, '_a7_': 0.3119297079137263, '_a1_': 1.0, '_a3_': 1.0, '_a4_': 1.0, '_a5_': 1.0, '_a6_': 1.0}};{'d0': 0.02490583291941664};-280.569866449044;47.013768455061495
41012;-96.5638554986038;((_a0_ + ((pow2((x + _a7_)) / _a0_) + _a6_)) * ((_a2_ * x) * _a0_));{'d0': {'_a0_': 0.3711097487594694, '_a2_': 3.3767608783571474, '_a6_': 0.7832430908363491, '_a7_': 0.31192970772657314, '_a1_': 1.0, '_a3_': 1.0, '_a4_': 1.0, '_a5_': 1.0}};{'d0': 0.024905832919637157};-276.475521886290;41.6739054445415
41013;-96.5638554986038;((_a0_ + ((pow2((x + _a7_)) / _a0_) + _a6_)) * ((_a2_ * x) * _a0_));{'d0': {'_a0_': 0.3711097487594694, '_a2_': 3.3767608783571474, '_a6_': 0.7832430908363491, '_a7_': 0.31192970772657314, '_a1_': 1.0, '_a3_': 1.0, '_a4_': 1.0, '_a5_': 1.0}};{'d0': 0.024905832919637157};-276.475521886290;41.6739054445415
41014;-96.5638554986038;((_a0_ + ((pow2((x + _a7_)) / _a0_) + _a6_)) * ((_a2_ * x) * _a0_));{'d0': {'_a0_': 0.3711097487594694, '_a2_': 3.3767608783571474, '_a6_': 0.7832430908363491, '_a7_': 0.31192970772657314, '_a1_': 1.0, '_a3_': 1.0, '_a4_': 1.0, '_a5_': 1.0}};{'d0': 0.024905832919637157};-276.475521886290;41.6739054445415
41015;-96.5638554986038;((_a0_ + ((pow2((x + _a7_)) / _a0_) + _a6_)) * ((_a2_ * x) * _a0_));{'d0': {'_a0_': 0.3711097487594694, '_a2_': 3.3767608783571474, '_a6_': 0.7832430908363491, '_a7_': 0.31192970772657314, '_a1_': 1.0, '_a3_': 1.0, '_a4_': 1.0, '_a5_': 1.0}};{'d0': 0.024905832919637157};-276.475521886290;41.6739054445415
41016;-104.058817930787;(((_a7_ + (x * (_a5_ * ((_a0_ * x) + _a5_)))) * x) * _a0_);{'d0': {'_a0_': 1.7557844207017965, '_a5_': 1.0953626427913081, '_a7_': 1.0110212755955708, '_a1_': 1.0, '_a2_': 1.0, '_a3_': 1.0, '_a4_': 1.0, '_a6_': 1.0}};{'d0': 0.024905832919416587};-280.569866449044;36.2261152937351
41017;-104.058817930787;(((_a7_ + (x * (_a5_ * ((_a0_ * x) + _a5_)))) * x) * _a0_);{'d0': {'_a0_': 1.7557844207017965, '_a5_': 1.0953626427913081, '_a7_': 1.0110212755955708, '_a1_': 1.0, '_a2_': 1.0, '_a3_': 1.0, '_a4_': 1.0, '_a6_': 1.0}};{'d0': 0.024905832919416587};-280.569866449044;36.2261152937351
41018;-104.058817930787;(((_a7_ + (x * (_a5_ * ((_a0_ * x) + _a5_)))) * x) * _a0_);{'d0': {'_a0_': 1.7557844207017965, '_a5_': 1.0953626427913081, '_a7_': 1.0110212755955708, '_a1_': 1.0, '_a2_': 1.0, '_a3_': 1.0, '_a4_': 1.0, '_a6_': 1.0}};{'d0': 0.024905832919416587};-280.569866449044;36.2261152937351
41019;-104.058817930787;(((_a7_ + (x * (_a5_ * ((_a0_ * x) + _a5_)))) * x) * _a0_);{'d0': {'_a0_': 1.7557844207017965, '_a5_': 1.0953626427913081, '_a7_': 1.0110212755955708, '_a1_': 1.0, '_a2_': 1.0, '_a3_': 1.0, '_a4_': 1.0, '_a6_': 1.0}};{'d0': 0.024905832919416587};-280.569866449044;36.2261152937351
41020;-104.058817930787;(((_a7_ + (x * (_a5_ * ((_a0_ * x) + _a5_)))) * x) * _a0_);{'d0': {'_a0_': 1.7557844207017965, '_a5_': 1.0953626427913081, '_a7_': 1.0110212755955708, '_a1_': 1.0, '_a2_': 1.0, '_a3_': 1.0, '_a4_': 1.0, '_a6_': 1.0}};{'d0': 0.024905832919416587};-280.569866449044;36.2261152937351
41021;-104.058817930787;(((_a7_ + (x * (_a5_ * ((_a0_ * x) + _a5_)))) * x) * _a0_);{'d0': {'_a0_': 1.7557844207017965, '_a5_': 1.0953626427913081, '_a7_': 1.0110212755955708, '_a1_': 1.0, '_a2_': 1.0, '_a3_': 1.0, '_a4_': 1.0, '_a6_': 1.0}};{'d0': 0.024905832919416587};-280.569866449044;36.2261152937351
41022;-104.058817930787;(((_a7_ + (x * (_a5_ * ((_a0_ * x) + _a5_)))) * x) * _a0_);{'d0': {'_a0_': 1.7557844207017965, '_a5_': 1.0953626427913081, '_a7_': 1.0110212755955708, '_a1_': 1.0, '_a2_': 1.0, '_a3_': 1.0, '_a4_': 1.0, '_a6_': 1.0}};{'d0': 0.024905832919416587};-280.569866449044;36.2261152937351
41023;-104.058817930787;(((_a7_ + (x * (_a5_ * ((_a0_ * x) + _a5_)))) * x) * _a0_);{'d0': {'_a0_': 1.7557844207017965, '_a5_': 1.0953626427913081, '_a7_': 1.0110212755955708, '_a1_': 1.0, '_a2_': 1.0, '_a3_': 1.0, '_a4_': 1.0, '_a6_': 1.0}};{'d0': 0.024905832919416587};-280.569866449044;36.2261152937351
41024;-104.058817930787;(((_a7_ + (x * (_a5_ * ((_a0_ * x) + _a5_)))) * x) * _a0_);{'d0': {'_a0_': 1.7557844207017965, '_a5_': 1.0953626427913081, '_a7_': 1.0110212755955708, '_a1_': 1.0, '_a2_': 1.0, '_a3_': 1.0, '_a4_': 1.0, '_a6_': 1.0}};{'d0': 0.024905832919416587};-280.569866449044;36.2261152937351
41025;-104.058817930787;(((_a7_ + (x * (_a5_ * ((_a0_ * x) + _a5_)))) * x) * _a0_);{'d0': {'_a0_': 1.7557844207017965, '_a5_': 1.0953626427913081, '_a7_': 1.0110212755955708, '_a1_': 1.0, '_a2_': 1.0, '_a3_': 1.0, '_a4_': 1.0, '_a6_': 1.0}};{'d0': 0.024905832919416587};-280.569866449044;36.2261152937351
41026;-104.058817930787;(((_a7_ + (x * (_a5_ * ((_a0_ * x) + _a5_)))) * x) * _a0_);{'d0': {'_a0_': 1.7557844207017965, '_a5_': 1.0953626427913081, '_a7_': 1.0110212755955708, '_a1_': 1.0, '_a2_': 1.0, '_a3_': 1.0, '_a4_': 1.0, '_a6_': 1.0}};{'d0': 0.024905832919416587};-280.569866449044;36.2261152937351
41027;-104.058817930787;(((_a7_ + (x * (_a5_ * ((_a0_ * x) + _a5_)))) * x) * _a0_);{'d0': {'_a0_': 1.7557844207017965, '_a5_': 1.0953626427913081, '_a7_': 1.0110212755955708, '_a1_': 1.0, '_a2_': 1.0, '_a3_': 1.0, '_a4_': 1.0, '_a6_': 1.0}};{'d0': 0.024905832919416587};-280.569866449044;36.2261152937351
41028;-104.058817930787;(((_a7_ + (x * (_a5_ * ((_a0_ * x) + _a5_)))) * x) * _a0_);{'d0': {'_a0_': 1.7557844207017965, '_a5_': 1.0953626427913081, '_a7_': 1.0110212755955708, '_a1_': 1.0, '_a2_': 1.0, '_a3_': 1.0, '_a4_': 1.0, '_a6_': 1.0}};{'d0': 0.024905832919416587};-280.569866449044;36.2261152937351
41029;-104.058817930787;(((_a7_ + (x * (_a5_ * ((_a0_ * x) + _a5_)))) * x) * _a0_);{'d0': {'_a0_': 1.7557844207017965, '_a5_': 1.0953626427913081, '_a7_': 1.0110212755955708, '_a1_': 1.0, '_a2_': 1.0, '_a3_': 1.0, '_a4_': 1.0, '_a6_': 1.0}};{'d0': 0.024905832919416587};-280.569866449044;36.2261152937351
41030;-104.058817930787;(((_a7_ + (x * (_a5_ * ((_a0_ * x) + _a5_)))) * x) * _a0_);{'d0': {'_a0_': 1.7557844207017965, '_a5_': 1.0953626427913081, '_a7_': 1.0110212755955708, '_a1_': 1.0, '_a2_': 1.0, '_a3_': 1.0, '_a4_': 1.0, '_a6_': 1.0}};{'d0': 0.024905832919416587};-280.569866449044;36.2261152937351
41031;-104.058817930787;(((_a7_ + (x * (_a5_ * ((_a0_ * x) + _a5_)))) * x) * _a0_);{'d0': {'_a0_': 1.7557844207017965, '_a5_': 1.0953626427913081, '_a7_': 1.0110212755955708, '_a1_': 1.0, '_a2_': 1.0, '_a3_': 1.0, '_a4_': 1.0, '_a6_': 1.0}};{'d0': 0.024905832919416587};-280.569866449044;36.2261152937351
41032;-104.058817930787;(((_a7_ + (x * (_a5_ * ((_a0_ * x) + _a5_)))) * x) * _a0_);{'d0': {'_a0_': 1.7557844207017965, '_a5_': 1.0953626427913081, '_a7_': 1.0110212755955708, '_a1_': 1.0, '_a2_': 1.0, '_a3_': 1.0, '_a4_': 1.0, '_a6_': 1.0}};{'d0': 0.024905832919416587};-280.569866449044;36.2261152937351
41033;-104.058817930787;(((_a7_ + (x * (_a5_ * ((_a0_ * x) + _a5_)))) * x) * _a0_);{'d0': {'_a0_': 1.7557844207017965, '_a5_': 1.0953626427913081, '_a7_': 1.0110212755955708, '_a1_': 1.0, '_a2_': 1.0, '_a3_': 1.0, '_a4_': 1.0, '_a6_': 1.0}};{'d0': 0.024905832919416587};-280.569866449044;36.2261152937351
41034;-104.058817930787;(((_a7_ + (x * (_a5_ * ((_a0_ * x) + _a5_)))) * x) * _a0_);{'d0': {'_a0_': 1.7557844207017965, '_a5_': 1.0953626427913081, '_a7_': 1.0110212755955708, '_a1_': 1.0, '_a2_': 1.0, '_a3_': 1.0, '_a4_': 1.0, '_a6_': 1.0}};{'d0': 0.024905832919416587};-280.569866449044;36.2261152937351
41035;-104.058817930787;(((_a7_ + (x * (_a5_ * ((_a0_ * x) + _a5_)))) * x) * _a0_);{'d0': {'_a0_': 1.7557844207017965, '_a5_': 1.0953626427913081, '_a7_': 1.0110212755955708, '_a1_': 1.0, '_a2_': 1.0, '_a3_': 1.0, '_a4_': 1.0, '_a6_': 1.0}};{'d0': 0.024905832919416587};-280.569866449044;36.2261152937351
41036;-104.058817930787;(((_a7_ + (x * (_a5_ * ((_a0_ * x) + _a5_)))) * x) * _a0_);{'d0': {'_a0_': 1.7557844207017965, '_a5_': 1.0953626427913081, '_a7_': 1.0110212755955708, '_a1_': 1.0, '_a2_': 1.0, '_a3_': 1.0, '_a4_': 1.0, '_a6_': 1.0}};{'d0': 0.024905832919416587};-280.569866449044;36.2261152937351
41037;-104.058817930787;(((_a7_ + (x * (_a5_ * ((_a0_ * x) + _a5_)))) * x) * _a0_);{'d0': {'_a0_': 1.7557844207017965, '_a5_': 1.0953626427913081, '_a7_': 1.0110212755955708, '_a1_': 1.0, '_a2_': 1.0, '_a3_': 1.0, '_a4_': 1.0, '_a6_': 1.0}};{'d0': 0.024905832919416587};-280.569866449044;36.2261152937351
41038;-104.058817930787;(((_a7_ + (x * (_a5_ * ((_a0_ * x) + _a5_)))) * x) * _a0_);{'d0': {'_a0_': 1.7557844207017965, '_a5_': 1.0953626427913081, '_a7_': 1.0110212755955708, '_a1_': 1.0, '_a2_': 1.0, '_a3_': 1.0, '_a4_': 1.0, '_a6_': 1.0}};{'d0': 0.024905832919416587};-280.569866449044;36.2261152937351
41039;-104.058817930787;(((_a7_ + (x * (_a5_ * ((_a0_ * x) + _a5_)))) * x) * _a0_);{'d0': {'_a0_': 1.7557844207017965, '_a5_': 1.0953626427913081, '_a7_': 1.0110212755955708, '_a1_': 1.0, '_a2_': 1.0, '_a3_': 1.0, '_a4_': 1.0, '_a6_': 1.0}};{'d0': 0.024905832919416587};-280.569866449044;36.2261152937351
41040;-104.058817930787;(((_a7_ + (x * (_a5_ * ((_a0_ * x) + _a5_)))) * x) * _a0_);{'d0': {'_a0_': 1.7557844207017965, '_a5_': 1.0953626427913081, '_a7_': 1.0110212755955708, '_a1_': 1.0, '_a2_': 1.0, '_a3_': 1.0, '_a4_': 1.0, '_a6_': 1.0}};{'d0': 0.024905832919416587};-280.569866449044;36.2261152937351
41041;-104.058817930787;(((_a7_ + (x * (_a5_ * ((_a0_ * x) + _a5_)))) * x) * _a0_);{'d0': {'_a0_': 1.7557844207017965, '_a5_': 1.0953626427913081, '_a7_': 1.0110212755955708, '_a1_': 1.0, '_a2_': 1.0, '_a3_': 1.0, '_a4_': 1.0, '_a6_': 1.0}};{'d0': 0.024905832919416587};-280.569866449044;36.2261152937351
41042;-104.058817930787;(((_a7_ + (x * (_a5_ * ((_a0_ * x) + _a5_)))) * x) * _a0_);{'d0': {'_a0_': 1.7557844207017965, '_a5_': 1.0953626427913081, '_a7_': 1.0110212755955708, '_a1_': 1.0, '_a2_': 1.0, '_a3_': 1.0, '_a4_': 1.0, '_a6_': 1.0}};{'d0': 0.024905832919416587};-280.569866449044;36.2261152937351
41043;-104.058817930787;(((_a7_ + (x * (_a5_ * ((_a0_ * x) + _a5_)))) * x) * _a0_);{'d0': {'_a0_': 1.7557844207017965, '_a5_': 1.0953626427913081, '_a7_': 1.0110212755955708, '_a1_': 1.0, '_a2_': 1.0, '_a3_': 1.0, '_a4_': 1.0, '_a6_': 1.0}};{'d0': 0.024905832919416587};-280.569866449044;36.2261152937351
41044;-104.058817930787;(((_a7_ + (x * (_a5_ * ((_a0_ * x) + _a5_)))) * x) * _a0_);{'d0': {'_a0_': 1.7557844207017965, '_a5_': 1.0953626427913081, '_a7_': 1.0110212755955708, '_a1_': 1.0, '_a2_': 1.0, '_a3_': 1.0, '_a4_': 1.0, '_a6_': 1.0}};{'d0': 0.024905832919416587};-280.569866449044;36.2261152937351
41045;-104.058817930787;(((_a7_ + (x * (_a5_ * ((_a0_ * x) + _a5_)))) * x) * _a0_);{'d0': {'_a0_': 1.7557844207017965, '_a5_': 1.0953626427913081, '_a7_': 1.0110212755955708, '_a1_': 1.0, '_a2_': 1.0, '_a3_': 1.0, '_a4_': 1.0, '_a6_': 1.0}};{'d0': 0.024905832919416587};-280.569866449044;36.2261152937351
41046;-104.058817930787;(((_a7_ + (x * (_a5_ * ((_a0_ * x) + _a5_)))) * x) * _a0_);{'d0': {'_a0_': 1.7557844207017965, '_a5_': 1.0953626427913081, '_a7_': 1.0110212755955708, '_a1_': 1.0, '_a2_': 1.0, '_a3_': 1.0, '_a4_': 1.0, '_a6_': 1.0}};{'d0': 0.024905832919416587};-280.569866449044;36.2261152937351
41047;-104.058817930787;(((_a7_ + (x * (_a5_ * ((_a0_ * x) + _a5_)))) * x) * _a0_);{'d0': {'_a0_': 1.7557844207017965, '_a5_': 1.0953626427913081, '_a7_': 1.0110212755955708, '_a1_': 1.0, '_a2_': 1.0, '_a3_': 1.0, '_a4_': 1.0, '_a6_': 1.0}};{'d0': 0.024905832919416587};-280.569866449044;36.2261152937351
41048;-104.058817930787;(((_a7_ + (x * (_a5_ * ((_a0_ * x) + _a5_)))) * x) * _a0_);{'d0': {'_a0_': 1.7557844207017965, '_a5_': 1.0953626427913081, '_a7_': 1.0110212755955708, '_a1_': 1.0, '_a2_': 1.0, '_a3_': 1.0, '_a4_': 1.0, '_a6_': 1.0}};{'d0': 0.024905832919416587};-280.569866449044;36.2261152937351
41049;-104.058817930787;(((_a7_ + (x * (_a5_ * ((_a0_ * x) + _a5_)))) * x) * _a0_);{'d0': {'_a0_': 1.7557844207017965, '_a5_': 1.0953626427913081, '_a7_': 1.0110212755955708, '_a1_': 1.0, '_a2_': 1.0, '_a3_': 1.0, '_a4_': 1.0, '_a6_': 1.0}};{'d0': 0.024905832919416587};-280.569866449044;36.2261152937351
41050;-104.058817930787;(((_a7_ + (x * (_a5_ * ((_a0_ * x) + _a5_)))) * x) * _a0_);{'d0': {'_a0_': 1.7557844207017965, '_a5_': 1.0953626427913081, '_a7_': 1.0110212755955708, '_a1_': 1.0, '_a2_': 1.0, '_a3_': 1.0, '_a4_': 1.0, '_a6_': 1.0}};{'d0': 0.024905832919416587};-280.569866449044;36.2261152937351
41051;-104.058817930787;(((_a7_ + (x * (_a5_ * ((_a0_ * x) + _a5_)))) * x) * _a0_);{'d0': {'_a0_': 1.7557844207017965, '_a5_': 1.0953626427913081, '_a7_': 1.0110212755955708, '_a1_': 1.0, '_a2_': 1.0, '_a3_': 1.0, '_a4_': 1.0, '_a6_': 1.0}};{'d0': 0.024905832919416587};-280.569866449044;36.2261152937351
41052;-104.058817930787;(((_a7_ + (x * (_a5_ * ((_a0_ * x) + _a5_)))) * x) * _a0_);{'d0': {'_a0_': 1.7557844207017965, '_a5_': 1.0953626427913081, '_a7_': 1.0110212755955708, '_a1_': 1.0, '_a2_': 1.0, '_a3_': 1.0, '_a4_': 1.0, '_a6_': 1.0}};{'d0': 0.024905832919416587};-280.569866449044;36.2261152937351
41053;-104.058817930787;(((_a7_ + (x * (_a5_ * ((_a0_ * x) + _a5_)))) * x) * _a0_);{'d0': {'_a0_': 1.7557844207017965, '_a5_': 1.0953626427913081, '_a7_': 1.0110212755955708, '_a1_': 1.0, '_a2_': 1.0, '_a3_': 1.0, '_a4_': 1.0, '_a6_': 1.0}};{'d0': 0.024905832919416587};-280.569866449044;36.2261152937351
41054;-104.058817930787;(((_a7_ + (x * (_a5_ * ((_a0_ * x) + _a5_)))) * x) * _a0_);{'d0': {'_a0_': 1.7557844207017965, '_a5_': 1.0953626427913081, '_a7_': 1.0110212755955708, '_a1_': 1.0, '_a2_': 1.0, '_a3_': 1.0, '_a4_': 1.0, '_a6_': 1.0}};{'d0': 0.024905832919416587};-280.569866449044;36.2261152937351
41055;-104.058817930787;(((_a7_ + (x * (_a5_ * ((_a0_ * x) + _a5_)))) * x) * _a0_);{'d0': {'_a0_': 1.7557844207017965, '_a5_': 1.0953626427913081, '_a7_': 1.0110212755955708, '_a1_': 1.0, '_a2_': 1.0, '_a3_': 1.0, '_a4_': 1.0, '_a6_': 1.0}};{'d0': 0.024905832919416587};-280.569866449044;36.2261152937351
41056;-104.058817930787;(((_a7_ + (x * (_a5_ * ((_a0_ * x) + _a5_)))) * x) * _a0_);{'d0': {'_a0_': 1.7557844207017965, '_a5_': 1.0953626427913081, '_a7_': 1.0110212755955708, '_a1_': 1.0, '_a2_': 1.0, '_a3_': 1.0, '_a4_': 1.0, '_a6_': 1.0}};{'d0': 0.024905832919416587};-280.569866449044;36.2261152937351
41057;-104.058817930787;(((_a7_ + (x * (_a5_ * ((_a0_ * x) + _a5_)))) * x) * _a0_);{'d0': {'_a0_': 1.7557844207017965, '_a5_': 1.0953626427913081, '_a7_': 1.0110212755955708, '_a1_': 1.0, '_a2_': 1.0, '_a3_': 1.0, '_a4_': 1.0, '_a6_': 1.0}};{'d0': 0.024905832919416587};-280.569866449044;36.2261152937351
41058;-104.058817930787;(((_a7_ + (x * (_a5_ * ((_a0_ * x) + _a5_)))) * x) * _a0_);{'d0': {'_a0_': 1.7557844207017965, '_a5_': 1.0953626427913081, '_a7_': 1.0110212755955708, '_a1_': 1.0, '_a2_': 1.0, '_a3_': 1.0, '_a4_': 1.0, '_a6_': 1.0}};{'d0': 0.024905832919416587};-280.569866449044;36.2261152937351
41059;-104.058817930787;(((_a7_ + (x * (_a5_ * ((_a0_ * x) + _a5_)))) * x) * _a0_);{'d0': {'_a0_': 1.7557844207017965, '_a5_': 1.0953626427913081, '_a7_': 1.0110212755955708, '_a1_': 1.0, '_a2_': 1.0, '_a3_': 1.0, '_a4_': 1.0, '_a6_': 1.0}};{'d0': 0.024905832919416587};-280.569866449044;36.2261152937351
41060;-104.058817930787;(((_a7_ + (x * (_a5_ * ((_a0_ * x) + _a5_)))) * x) * _a0_);{'d0': {'_a0_': 1.7557844207017965, '_a5_': 1.0953626427913081, '_a7_': 1.0110212755955708, '_a1_': 1.0, '_a2_': 1.0, '_a3_': 1.0, '_a4_': 1.0, '_a6_': 1.0}};{'d0': 0.024905832919416587};-280.569866449044;36.2261152937351
41061;-104.058817930787;(((_a7_ + (x * (_a5_ * ((_a0_ * x) + _a5_)))) * x) * _a0_);{'d0': {'_a0_': 1.7557844207017965, '_a5_': 1.0953626427913081, '_a7_': 1.0110212755955708, '_a1_': 1.0, '_a2_': 1.0, '_a3_': 1.0, '_a4_': 1.0, '_a6_': 1.0}};{'d0': 0.024905832919416587};-280.569866449044;36.2261152937351
41062;-104.058817930787;(((_a7_ + (x * (_a5_ * ((_a0_ * x) + _a5_)))) * x) * _a0_);{'d0': {'_a0_': 1.7557844207017965, '_a5_': 1.0953626427913081, '_a7_': 1.0110212755955708, '_a1_': 1.0, '_a2_': 1.0, '_a3_': 1.0, '_a4_': 1.0, '_a6_': 1.0}};{'d0': 0.024905832919416587};-280.569866449044;36.2261152937351
41063;-104.058817930787;(((_a7_ + (x * (_a5_ * ((_a0_ * x) + _a5_)))) * x) * _a0_);{'d0': {'_a0_': 1.7557844207017965, '_a5_': 1.0953626427913081, '_a7_': 1.0110212755955708, '_a1_': 1.0, '_a2_': 1.0, '_a3_': 1.0, '_a4_': 1.0, '_a6_': 1.0}};{'d0': 0.024905832919416587};-280.569866449044;36.2261152937351
41064;-104.058817930787;(((_a7_ + (x * (_a5_ * ((_a0_ * x) + _a5_)))) * x) * _a0_);{'d0': {'_a0_': 1.7557844207017965, '_a5_': 1.0953626427913081, '_a7_': 1.0110212755955708, '_a1_': 1.0, '_a2_': 1.0, '_a3_': 1.0, '_a4_': 1.0, '_a6_': 1.0}};{'d0': 0.024905832919416587};-280.569866449044;36.2261152937351
41065;-104.058817930787;(((_a7_ + (x * (_a5_ * ((_a0_ * x) + _a5_)))) * x) * _a0_);{'d0': {'_a0_': 1.7557844207017965, '_a5_': 1.0953626427913081, '_a7_': 1.0110212755955708, '_a1_': 1.0, '_a2_': 1.0, '_a3_': 1.0, '_a4_': 1.0, '_a6_': 1.0}};{'d0': 0.024905832919416587};-280.569866449044;36.2261152937351
41066;-104.058817930787;(((_a7_ + (x * (_a5_ * ((_a0_ * x) + _a5_)))) * x) * _a0_);{'d0': {'_a0_': 1.7557844207017965, '_a5_': 1.0953626427913081, '_a7_': 1.0110212755955708, '_a1_': 1.0, '_a2_': 1.0, '_a3_': 1.0, '_a4_': 1.0, '_a6_': 1.0}};{'d0': 0.024905832919416587};-280.569866449044;36.2261152937351
41067;-104.058817930787;(((_a7_ + (x * (_a5_ * ((_a0_ * x) + _a5_)))) * x) * _a0_);{'d0': {'_a0_': 1.7557844207017965, '_a5_': 1.0953626427913081, '_a7_': 1.0110212755955708, '_a1_': 1.0, '_a2_': 1.0, '_a3_': 1.0, '_a4_': 1.0, '_a6_': 1.0}};{'d0': 0.024905832919416587};-280.569866449044;36.2261152937351
41068;-104.058817930787;(((_a7_ + (x * (_a5_ * ((_a0_ * x) + _a5_)))) * x) * _a0_);{'d0': {'_a0_': 1.7557844207017965, '_a5_': 1.0953626427913081, '_a7_': 1.0110212755955708, '_a1_': 1.0, '_a2_': 1.0, '_a3_': 1.0, '_a4_': 1.0, '_a6_': 1.0}};{'d0': 0.024905832919416587};-280.569866449044;36.2261152937351
41069;-104.058817930787;(((_a7_ + (x * (_a5_ * ((_a0_ * x) + _a5_)))) * x) * _a0_);{'d0': {'_a0_': 1.7557844207017965, '_a5_': 1.0953626427913081, '_a7_': 1.0110212755955708, '_a1_': 1.0, '_a2_': 1.0, '_a3_': 1.0, '_a4_': 1.0, '_a6_': 1.0}};{'d0': 0.024905832919416587};-280.569866449044;36.2261152937351
41070;-104.058817930787;(((_a7_ + (x * (_a5_ * ((_a0_ * x) + _a5_)))) * x) * _a0_);{'d0': {'_a0_': 1.7557844207017965, '_a5_': 1.0953626427913081, '_a7_': 1.0110212755955708, '_a1_': 1.0, '_a2_': 1.0, '_a3_': 1.0, '_a4_': 1.0, '_a6_': 1.0}};{'d0': 0.024905832919416587};-280.569866449044;36.2261152937351
41071;-104.058817930787;(((_a7_ + (x * (_a5_ * ((_a0_ * x) + _a5_)))) * x) * _a0_);{'d0': {'_a0_': 1.7557844207017965, '_a5_': 1.0953626427913081, '_a7_': 1.0110212755955708, '_a1_': 1.0, '_a2_': 1.0, '_a3_': 1.0, '_a4_': 1.0, '_a6_': 1.0}};{'d0': 0.024905832919416587};-280.569866449044;36.2261152937351
41072;-104.058817930787;(((_a7_ + (x * (_a5_ * ((_a0_ * x) + _a5_)))) * x) * _a0_);{'d0': {'_a0_': 1.7557844207017965, '_a5_': 1.0953626427913081, '_a7_': 1.0110212755955708, '_a1_': 1.0, '_a2_': 1.0, '_a3_': 1.0, '_a4_': 1.0, '_a6_': 1.0}};{'d0': 0.024905832919416587};-280.569866449044;36.2261152937351
41073;-104.058817930787;(((_a7_ + (x * (_a5_ * ((_a0_ * x) + _a5_)))) * x) * _a0_);{'d0': {'_a0_': 1.7557844207017965, '_a5_': 1.0953626427913081, '_a7_': 1.0110212755955708, '_a1_': 1.0, '_a2_': 1.0, '_a3_': 1.0, '_a4_': 1.0, '_a6_': 1.0}};{'d0': 0.024905832919416587};-280.569866449044;36.2261152937351
41074;-104.058817930787;(((_a7_ + (x * (_a5_ * ((_a0_ * x) + _a5_)))) * x) * _a0_);{'d0': {'_a0_': 1.7557844207017965, '_a5_': 1.0953626427913081, '_a7_': 1.0110212755955708, '_a1_': 1.0, '_a2_': 1.0, '_a3_': 1.0, '_a4_': 1.0, '_a6_': 1.0}};{'d0': 0.024905832919416587};-280.569866449044;36.2261152937351
41075;-104.058817930787;(((_a7_ + (x * (_a5_ * ((_a0_ * x) + _a5_)))) * x) * _a0_);{'d0': {'_a0_': 1.7557844207017965, '_a5_': 1.0953626427913081, '_a7_': 1.0110212755955708, '_a1_': 1.0, '_a2_': 1.0, '_a3_': 1.0, '_a4_': 1.0, '_a6_': 1.0}};{'d0': 0.024905832919416587};-280.569866449044;36.2261152937351
41076;-104.058817930787;(((_a7_ + (x * (_a5_ * ((_a0_ * x) + _a5_)))) * x) * _a0_);{'d0': {'_a0_': 1.7557844207017965, '_a5_': 1.0953626427913081, '_a7_': 1.0110212755955708, '_a1_': 1.0, '_a2_': 1.0, '_a3_': 1.0, '_a4_': 1.0, '_a6_': 1.0}};{'d0': 0.024905832919416587};-280.569866449044;36.2261152937351
41077;-104.058817930787;(((_a7_ + (x * (_a5_ * ((_a0_ * x) + _a5_)))) * x) * _a0_);{'d0': {'_a0_': 1.7557844207017965, '_a5_': 1.0953626427913081, '_a7_': 1.0110212755955708, '_a1_': 1.0, '_a2_': 1.0, '_a3_': 1.0, '_a4_': 1.0, '_a6_': 1.0}};{'d0': 0.024905832919416587};-280.569866449044;36.2261152937351
41078;-104.058817930787;(((_a7_ + (x * (_a5_ * ((_a0_ * x) + _a5_)))) * x) * _a0_);{'d0': {'_a0_': 1.7557844207017965, '_a5_': 1.0953626427913081, '_a7_': 1.0110212755955708, '_a1_': 1.0, '_a2_': 1.0, '_a3_': 1.0, '_a4_': 1.0, '_a6_': 1.0}};{'d0': 0.024905832919416587};-280.569866449044;36.2261152937351
41079;-104.058817930787;(((_a7_ + (x * (_a5_ * ((_a0_ * x) + _a5_)))) * x) * _a0_);{'d0': {'_a0_': 1.7557844207017965, '_a5_': 1.0953626427913081, '_a7_': 1.0110212755955708, '_a1_': 1.0, '_a2_': 1.0, '_a3_': 1.0, '_a4_': 1.0, '_a6_': 1.0}};{'d0': 0.024905832919416587};-280.569866449044;36.2261152937351
41080;-104.058817930787;(((_a7_ + (x * (_a5_ * ((_a0_ * x) + _a5_)))) * x) * _a0_);{'d0': {'_a0_': 1.7557844207017965, '_a5_': 1.0953626427913081, '_a7_': 1.0110212755955708, '_a1_': 1.0, '_a2_': 1.0, '_a3_': 1.0, '_a4_': 1.0, '_a6_': 1.0}};{'d0': 0.024905832919416587};-280.569866449044;36.2261152937351
41081;-104.058817930787;(((_a7_ + (x * (_a5_ * ((_a0_ * x) + _a5_)))) * x) * _a0_);{'d0': {'_a0_': 1.7557844207017965, '_a5_': 1.0953626427913081, '_a7_': 1.0110212755955708, '_a1_': 1.0, '_a2_': 1.0, '_a3_': 1.0, '_a4_': 1.0, '_a6_': 1.0}};{'d0': 0.024905832919416587};-280.569866449044;36.2261152937351
41082;-104.058817930787;(((_a7_ + (x * (_a5_ * ((_a0_ * x) + _a5_)))) * x) * _a0_);{'d0': {'_a0_': 1.7557844207017965, '_a5_': 1.0953626427913081, '_a7_': 1.0110212755955708, '_a1_': 1.0, '_a2_': 1.0, '_a3_': 1.0, '_a4_': 1.0, '_a6_': 1.0}};{'d0': 0.024905832919416587};-280.569866449044;36.2261152937351
41083;-103.280223376164;(((_a7_ + (x * (_a5_ * ((_a0_ * x) + _a5_)))) * x) / _a0_);{'d0': {'_a0_': 5.412695220639329, '_a5_': 3.376760877204415, '_a7_': 9.608266920086235, '_a1_': 1.0, '_a2_': 1.0, '_a3_': 1.0, '_a4_': 1.0, '_a6_': 1.0}};{'d0': 0.024905832919416653};-280.569866449044;37.004709848358495
41084;-103.280223376164;(((_a7_ + (x * (_a5_ * ((_a0_ * x) + _a5_)))) * x) / _a0_);{'d0': {'_a0_': 5.412695220639329, '_a5_': 3.376760877204415, '_a7_': 9.608266920086235, '_a1_': 1.0, '_a2_': 1.0, '_a3_': 1.0, '_a4_': 1.0, '_a6_': 1.0}};{'d0': 0.024905832919416653};-280.569866449044;37.004709848358495
41085;-103.280223376164;(((_a7_ + (x * (_a5_ * ((_a0_ * x) + _a5_)))) * x) / _a0_);{'d0': {'_a0_': 5.412695220639329, '_a5_': 3.376760877204415, '_a7_': 9.608266920086235, '_a1_': 1.0, '_a2_': 1.0, '_a3_': 1.0, '_a4_': 1.0, '_a6_': 1.0}};{'d0': 0.024905832919416653};-280.569866449044;37.004709848358495
41086;-103.280223376164;(((_a7_ + (x * (_a5_ * ((_a0_ * x) + _a5_)))) * x) / _a0_);{'d0': {'_a0_': 5.412695220639329, '_a5_': 3.376760877204415, '_a7_': 9.608266920086235, '_a1_': 1.0, '_a2_': 1.0, '_a3_': 1.0, '_a4_': 1.0, '_a6_': 1.0}};{'d0': 0.024905832919416653};-280.569866449044;37.004709848358495
41087;-103.280223376164;(((_a7_ + (x * (_a5_ * ((_a0_ * x) + _a5_)))) * x) / _a0_);{'d0': {'_a0_': 5.412695220639329, '_a5_': 3.376760877204415, '_a7_': 9.608266920086235, '_a1_': 1.0, '_a2_': 1.0, '_a3_': 1.0, '_a4_': 1.0, '_a6_': 1.0}};{'d0': 0.024905832919416653};-280.569866449044;37.004709848358495
41088;-103.280223376164;(((_a7_ + (x * (_a5_ * ((_a0_ * x) + _a5_)))) * x) / _a0_);{'d0': {'_a0_': 5.412695220639329, '_a5_': 3.376760877204415, '_a7_': 9.608266920086235, '_a1_': 1.0, '_a2_': 1.0, '_a3_': 1.0, '_a4_': 1.0, '_a6_': 1.0}};{'d0': 0.024905832919416653};-280.569866449044;37.004709848358495
41089;-103.280223376164;(((_a7_ + (x * (_a5_ * ((_a0_ * x) + _a5_)))) * x) / _a0_);{'d0': {'_a0_': 5.412695220639329, '_a5_': 3.376760877204415, '_a7_': 9.608266920086235, '_a1_': 1.0, '_a2_': 1.0, '_a3_': 1.0, '_a4_': 1.0, '_a6_': 1.0}};{'d0': 0.024905832919416653};-280.569866449044;37.004709848358495
41090;-103.280223376164;(((_a7_ + (x * (_a5_ * ((_a0_ * x) + _a5_)))) * x) / _a0_);{'d0': {'_a0_': 5.412695220639329, '_a5_': 3.376760877204415, '_a7_': 9.608266920086235, '_a1_': 1.0, '_a2_': 1.0, '_a3_': 1.0, '_a4_': 1.0, '_a6_': 1.0}};{'d0': 0.024905832919416653};-280.569866449044;37.004709848358495
41091;-103.280223376164;(((_a7_ + (x * (_a5_ * ((_a0_ * x) + _a5_)))) * x) / _a0_);{'d0': {'_a0_': 5.412695220639329, '_a5_': 3.376760877204415, '_a7_': 9.608266920086235, '_a1_': 1.0, '_a2_': 1.0, '_a3_': 1.0, '_a4_': 1.0, '_a6_': 1.0}};{'d0': 0.024905832919416653};-280.569866449044;37.004709848358495
41092;-103.280223376164;(((_a7_ + (x * (_a5_ * ((_a0_ * x) + _a5_)))) * x) / _a0_);{'d0': {'_a0_': 5.412695220639329, '_a5_': 3.376760877204415, '_a7_': 9.608266920086235, '_a1_': 1.0, '_a2_': 1.0, '_a3_': 1.0, '_a4_': 1.0, '_a6_': 1.0}};{'d0': 0.024905832919416653};-280.569866449044;37.004709848358495
41093;-103.280223376164;(((_a7_ + (x * (_a5_ * ((_a0_ * x) + _a5_)))) * x) / _a0_);{'d0': {'_a0_': 5.412695220639329, '_a5_': 3.376760877204415, '_a7_': 9.608266920086235, '_a1_': 1.0, '_a2_': 1.0, '_a3_': 1.0, '_a4_': 1.0, '_a6_': 1.0}};{'d0': 0.024905832919416653};-280.569866449044;37.004709848358495
41094;-103.280223376164;(((_a7_ + (x * (_a5_ * ((_a0_ * x) + _a5_)))) * x) / _a0_);{'d0': {'_a0_': 5.412695220639329, '_a5_': 3.376760877204415, '_a7_': 9.608266920086235, '_a1_': 1.0, '_a2_': 1.0, '_a3_': 1.0, '_a4_': 1.0, '_a6_': 1.0}};{'d0': 0.024905832919416653};-280.569866449044;37.004709848358495
41095;-103.280223376164;(((_a7_ + (x * (_a5_ * ((_a0_ * x) + _a5_)))) * x) / _a0_);{'d0': {'_a0_': 5.412695220639329, '_a5_': 3.376760877204415, '_a7_': 9.608266920086235, '_a1_': 1.0, '_a2_': 1.0, '_a3_': 1.0, '_a4_': 1.0, '_a6_': 1.0}};{'d0': 0.024905832919416653};-280.569866449044;37.004709848358495
41096;-103.280223376164;(((_a7_ + (x * (_a5_ * ((_a0_ * x) + _a5_)))) * x) / _a0_);{'d0': {'_a0_': 5.412695220639329, '_a5_': 3.376760877204415, '_a7_': 9.608266920086235, '_a1_': 1.0, '_a2_': 1.0, '_a3_': 1.0, '_a4_': 1.0, '_a6_': 1.0}};{'d0': 0.024905832919416653};-280.569866449044;37.004709848358495
41097;-103.280223376164;(((_a7_ + (x * (_a5_ * ((_a0_ * x) + _a5_)))) * x) / _a0_);{'d0': {'_a0_': 5.412695220639329, '_a5_': 3.376760877204415, '_a7_': 9.608266920086235, '_a1_': 1.0, '_a2_': 1.0, '_a3_': 1.0, '_a4_': 1.0, '_a6_': 1.0}};{'d0': 0.024905832919416653};-280.569866449044;37.004709848358495
41098;-103.280223376164;(((_a7_ + (x * (_a5_ * ((_a0_ * x) + _a5_)))) * x) / _a0_);{'d0': {'_a0_': 5.412695220639329, '_a5_': 3.376760877204415, '_a7_': 9.608266920086235, '_a1_': 1.0, '_a2_': 1.0, '_a3_': 1.0, '_a4_': 1.0, '_a6_': 1.0}};{'d0': 0.024905832919416653};-280.569866449044;37.004709848358495
41099;-103.280223376164;(((_a7_ + (x * (_a5_ * ((_a0_ * x) + _a5_)))) * x) / _a0_);{'d0': {'_a0_': 5.412695220639329, '_a5_': 3.376760877204415, '_a7_': 9.608266920086235, '_a1_': 1.0, '_a2_': 1.0, '_a3_': 1.0, '_a4_': 1.0, '_a6_': 1.0}};{'d0': 0.024905832919416653};-280.569866449044;37.004709848358495
41100;-103.280223376164;(((_a7_ + (x * (_a5_ * ((_a0_ * x) + _a5_)))) * x) / _a0_);{'d0': {'_a0_': 5.412695220639329, '_a5_': 3.376760877204415, '_a7_': 9.608266920086235, '_a1_': 1.0, '_a2_': 1.0, '_a3_': 1.0, '_a4_': 1.0, '_a6_': 1.0}};{'d0': 0.024905832919416653};-280.569866449044;37.004709848358495
41101;-103.280223376164;(((_a7_ + (x * (_a5_ * ((_a0_ * x) + _a5_)))) * x) / _a0_);{'d0': {'_a0_': 5.412695220639329, '_a5_': 3.376760877204415, '_a7_': 9.608266920086235, '_a1_': 1.0, '_a2_': 1.0, '_a3_': 1.0, '_a4_': 1.0, '_a6_': 1.0}};{'d0': 0.024905832919416653};-280.569866449044;37.004709848358495
41102;-103.280223376164;(((_a7_ + (x * (_a5_ * ((_a0_ * x) + _a5_)))) * x) / _a0_);{'d0': {'_a0_': 5.412695220639329, '_a5_': 3.376760877204415, '_a7_': 9.608266920086235, '_a1_': 1.0, '_a2_': 1.0, '_a3_': 1.0, '_a4_': 1.0, '_a6_': 1.0}};{'d0': 0.024905832919416653};-280.569866449044;37.004709848358495
41103;-103.280223376164;(((_a7_ + (x * (_a5_ * ((_a0_ * x) + _a5_)))) * x) / _a0_);{'d0': {'_a0_': 5.412695220639329, '_a5_': 3.376760877204415, '_a7_': 9.608266920086235, '_a1_': 1.0, '_a2_': 1.0, '_a3_': 1.0, '_a4_': 1.0, '_a6_': 1.0}};{'d0': 0.024905832919416653};-280.569866449044;37.004709848358495
41104;-103.280223376164;(((_a7_ + (x * (_a5_ * ((_a0_ * x) + _a5_)))) * x) / _a0_);{'d0': {'_a0_': 5.412695220639329, '_a5_': 3.376760877204415, '_a7_': 9.608266920086235, '_a1_': 1.0, '_a2_': 1.0, '_a3_': 1.0, '_a4_': 1.0, '_a6_': 1.0}};{'d0': 0.024905832919416653};-280.569866449044;37.004709848358495
41105;-70.2846033936790;(((_a2_ / _a0_) + ((pow2((x + ((x / (_a0_ + _a6_)) * pow2(_a1_)))) / _a0_) + x)) * ((_a2_ * x) * _a2_));{'d0': {'_a0_': 1.7224597271975568, '_a1_': -2.3046173614339605, '_a2_': 1.4514213955073987, '_a6_': 6.305226240691013, '_a3_': 1.0, '_a4_': 1.0, '_a5_': 1.0, '_a7_': 1.0}};{'d0': 0.024905832919461694};-276.475521886713;67.95315754967768
41106;-70.2846033936790;(((_a2_ / _a0_) + ((pow2((x + ((x / (_a0_ + _a6_)) * pow2(_a1_)))) / _a0_) + x)) * ((_a2_ * x) * _a2_));{'d0': {'_a0_': 1.7224597271975568, '_a1_': -2.3046173614339605, '_a2_': 1.4514213955073987, '_a6_': 6.305226240691013, '_a3_': 1.0, '_a4_': 1.0, '_a5_': 1.0, '_a7_': 1.0}};{'d0': 0.024905832919461694};-276.475521886713;67.95315754967768
41107;-70.2846033936790;(((_a2_ / _a0_) + ((pow2((x + ((x / (_a0_ + _a6_)) * pow2(_a1_)))) / _a0_) + x)) * ((_a2_ * x) * _a2_));{'d0': {'_a0_': 1.7224597271975568, '_a1_': -2.3046173614339605, '_a2_': 1.4514213955073987, '_a6_': 6.305226240691013, '_a3_': 1.0, '_a4_': 1.0, '_a5_': 1.0, '_a7_': 1.0}};{'d0': 0.024905832919461694};-276.475521886713;67.95315754967768
41108;-70.2846033936790;(((_a2_ / _a0_) + ((pow2((x + ((x / (_a0_ + _a6_)) * pow2(_a1_)))) / _a0_) + x)) * ((_a2_ * x) * _a2_));{'d0': {'_a0_': 1.7224597271975568, '_a1_': -2.3046173614339605, '_a2_': 1.4514213955073987, '_a6_': 6.305226240691013, '_a3_': 1.0, '_a4_': 1.0, '_a5_': 1.0, '_a7_': 1.0}};{'d0': 0.024905832919461694};-276.475521886713;67.95315754967768
41109;-70.2846033936790;(((_a2_ / _a0_) + ((pow2((x + ((x / (_a0_ + _a6_)) * pow2(_a1_)))) / _a0_) + x)) * ((_a2_ * x) * _a2_));{'d0': {'_a0_': 1.7224597271975568, '_a1_': -2.3046173614339605, '_a2_': 1.4514213955073987, '_a6_': 6.305226240691013, '_a3_': 1.0, '_a4_': 1.0, '_a5_': 1.0, '_a7_': 1.0}};{'d0': 0.024905832919461694};-276.475521886713;67.95315754967768
41110;-70.2846033936790;(((_a2_ / _a0_) + ((pow2((x + ((x / (_a0_ + _a6_)) * pow2(_a1_)))) / _a0_) + x)) * ((_a2_ * x) * _a2_));{'d0': {'_a0_': 1.7224597271975568, '_a1_': -2.3046173614339605, '_a2_': 1.4514213955073987, '_a6_': 6.305226240691013, '_a3_': 1.0, '_a4_': 1.0, '_a5_': 1.0, '_a7_': 1.0}};{'d0': 0.024905832919461694};-276.475521886713;67.95315754967768
41111;-70.2846033936790;(((_a2_ / _a0_) + ((pow2((x + ((x / (_a0_ + _a6_)) * pow2(_a1_)))) / _a0_) + x)) * ((_a2_ * x) * _a2_));{'d0': {'_a0_': 1.7224597271975568, '_a1_': -2.3046173614339605, '_a2_': 1.4514213955073987, '_a6_': 6.305226240691013, '_a3_': 1.0, '_a4_': 1.0, '_a5_': 1.0, '_a7_': 1.0}};{'d0': 0.024905832919461694};-276.475521886713;67.95315754967768
41112;-70.2846033936790;(((_a2_ / _a0_) + ((pow2((x + ((x / (_a0_ + _a6_)) * pow2(_a1_)))) / _a0_) + x)) * ((_a2_ * x) * _a2_));{'d0': {'_a0_': 1.7224597271975568, '_a1_': -2.3046173614339605, '_a2_': 1.4514213955073987, '_a6_': 6.305226240691013, '_a3_': 1.0, '_a4_': 1.0, '_a5_': 1.0, '_a7_': 1.0}};{'d0': 0.024905832919461694};-276.475521886713;67.95315754967768
41113;-70.2846033936790;(((_a2_ / _a0_) + ((pow2((x + ((x / (_a0_ + _a6_)) * pow2(_a1_)))) / _a0_) + x)) * ((_a2_ * x) * _a2_));{'d0': {'_a0_': 1.7224597271975568, '_a1_': -2.3046173614339605, '_a2_': 1.4514213955073987, '_a6_': 6.305226240691013, '_a3_': 1.0, '_a4_': 1.0, '_a5_': 1.0, '_a7_': 1.0}};{'d0': 0.024905832919461694};-276.475521886713;67.95315754967768
41114;-70.2846033936790;(((_a2_ / _a0_) + ((pow2((x + ((x / (_a0_ + _a6_)) * pow2(_a1_)))) / _a0_) + x)) * ((_a2_ * x) * _a2_));{'d0': {'_a0_': 1.7224597271975568, '_a1_': -2.3046173614339605, '_a2_': 1.4514213955073987, '_a6_': 6.305226240691013, '_a3_': 1.0, '_a4_': 1.0, '_a5_': 1.0, '_a7_': 1.0}};{'d0': 0.024905832919461694};-276.475521886713;67.95315754967768
41115;-70.2846033936790;(((_a2_ / _a0_) + ((pow2((x + ((x / (_a0_ + _a6_)) * pow2(_a1_)))) / _a0_) + x)) * ((_a2_ * x) * _a2_));{'d0': {'_a0_': 1.7224597271975568, '_a1_': -2.3046173614339605, '_a2_': 1.4514213955073987, '_a6_': 6.305226240691013, '_a3_': 1.0, '_a4_': 1.0, '_a5_': 1.0, '_a7_': 1.0}};{'d0': 0.024905832919461694};-276.475521886713;67.95315754967768
41116;-71.1370600317299;(((_a2_ / _a0_) + ((pow2((x + ((x / (_a0_ + _a6_)) * pow2(_a1_)))) * _a0_) + x)) * ((_a2_ * x) * _a2_));{'d0': {'_a0_': 1.722459722452149, '_a1_': 0.6610579916231988, '_a2_': 1.451421394314465, '_a6_': -14.09406341682573, '_a3_': 1.0, '_a4_': 1.0, '_a5_': 1.0, '_a7_': 1.0}};{'d0': 0.024905832919513225};-276.475521886589;67.10070091156469
41117;-71.1370600317299;(((_a2_ / _a0_) + ((pow2((x + ((x / (_a0_ + _a6_)) * pow2(_a1_)))) * _a0_) + x)) * ((_a2_ * x) * _a2_));{'d0': {'_a0_': 1.722459722452149, '_a1_': 0.6610579916231988, '_a2_': 1.451421394314465, '_a6_': -14.09406341682573, '_a3_': 1.0, '_a4_': 1.0, '_a5_': 1.0, '_a7_': 1.0}};{'d0': 0.024905832919513225};-276.475521886589;67.10070091156469
41118;-71.1370600317299;(((_a2_ / _a0_) + ((pow2((x + ((x / (_a0_ + _a6_)) * pow2(_a1_)))) * _a0_) + x)) * ((_a2_ * x) * _a2_));{'d0': {'_a0_': 1.722459722452149, '_a1_': 0.6610579916231988, '_a2_': 1.451421394314465, '_a6_': -14.09406341682573, '_a3_': 1.0, '_a4_': 1.0, '_a5_': 1.0, '_a7_': 1.0}};{'d0': 0.024905832919513225};-276.475521886589;67.10070091156469
41119;-71.1370600317299;(((_a2_ / _a0_) + ((pow2((x + ((x / (_a0_ + _a6_)) * pow2(_a1_)))) * _a0_) + x)) * ((_a2_ * x) * _a2_));{'d0': {'_a0_': 1.722459722452149, '_a1_': 0.6610579916231988, '_a2_': 1.451421394314465, '_a6_': -14.09406341682573, '_a3_': 1.0, '_a4_': 1.0, '_a5_': 1.0, '_a7_': 1.0}};{'d0': 0.024905832919513225};-276.475521886589;67.10070091156469
41120;-71.1370600317299;(((_a2_ / _a0_) + ((pow2((x + ((x / (_a0_ + _a6_)) * pow2(_a1_)))) * _a0_) + x)) * ((_a2_ * x) * _a2_));{'d0': {'_a0_': 1.722459722452149, '_a1_': 0.6610579916231988, '_a2_': 1.451421394314465, '_a6_': -14.09406341682573, '_a3_': 1.0, '_a4_': 1.0, '_a5_': 1.0, '_a7_': 1.0}};{'d0': 0.024905832919513225};-276.475521886589;67.10070091156469
41121;-74.9271105317745;((_a5_ + ((pow2((x + ((x / (_a0_ + _a6_)) * pow2(_a1_)))) * _a0_) + x)) * ((_a2_ * x) * _a2_));{'d0': {'_a0_': 2.0165770591143364, '_a1_': 1.5916694582670585, '_a2_': 1.4514213953991995, '_a5_': 0.8426446043405497, '_a6_': -25.378260031875953, '_a3_': 1.0, '_a4_': 1.0, '_a7_': 1.0}};{'d0': 0.024905832941921432};-272.381177270384;61.263478103417484
41122;-76.9742828397940;((_a1_ + ((pow2((x + ((x / (_a0_ + _a6_)) * pow2(_a1_)))) * _a0_) + x)) * ((_a2_ * x) * _a2_));{'d0': {'_a0_': 1.7865106103851898, '_a1_': 0.8426446031471437, '_a2_': 1.4514213966648426, '_a6_': -15.24116924536799, '_a3_': 1.0, '_a4_': 1.0, '_a5_': 1.0, '_a7_': 1.0}};{'d0': 0.024905832919582257};-276.475521886422;61.263478103417484
41123;-76.9742828397940;((_a1_ + ((pow2((x + ((x / (_a0_ + _a6_)) * pow2(_a1_)))) * _a0_) + x)) * ((_a2_ * x) * _a2_));{'d0': {'_a0_': 1.7865106103851898, '_a1_': 0.8426446031471437, '_a2_': 1.4514213966648426, '_a6_': -15.24116924536799, '_a3_': 1.0, '_a4_': 1.0, '_a5_': 1.0, '_a7_': 1.0}};{'d0': 0.024905832919582257};-276.475521886422;61.263478103417484
41124;-97.5531039346381;(((_a4_ + (x * (_a2_ * ((_a0_ * x) + _a6_)))) * x) / -(_a6_));{'d0': {'_a0_': -137116.7940356017, '_a2_': -2.106624067504235, '_a4_': 151847.92220323742, '_a6_': -85541.59951604716, '_a1_': 1.0, '_a3_': 1.0, '_a5_': 1.0, '_a7_': 1.0}};{'d0': 0.024905832919544475};-276.475521886513;40.684657008618885
41125;-97.5531039346381;(((_a4_ + (x * (_a2_ * ((_a0_ * x) + _a6_)))) * x) / -(_a6_));{'d0': {'_a0_': -137116.7940356017, '_a2_': -2.106624067504235, '_a4_': 151847.92220323742, '_a6_': -85541.59951604716, '_a1_': 1.0, '_a3_': 1.0, '_a5_': 1.0, '_a7_': 1.0}};{'d0': 0.024905832919544475};-276.475521886513;40.684657008618885
41126;-97.5531039346381;(((_a4_ + (x * (_a2_ * ((_a0_ * x) + _a6_)))) * x) / -(_a6_));{'d0': {'_a0_': -137116.7940356017, '_a2_': -2.106624067504235, '_a4_': 151847.92220323742, '_a6_': -85541.59951604716, '_a1_': 1.0, '_a3_': 1.0, '_a5_': 1.0, '_a7_': 1.0}};{'d0': 0.024905832919544475};-276.475521886513;40.684657008618885
41127;-97.5531039346381;(((_a4_ + (x * (_a2_ * ((_a0_ * x) + _a6_)))) * x) / -(_a6_));{'d0': {'_a0_': -137116.7940356017, '_a2_': -2.106624067504235, '_a4_': 151847.92220323742, '_a6_': -85541.59951604716, '_a1_': 1.0, '_a3_': 1.0, '_a5_': 1.0, '_a7_': 1.0}};{'d0': 0.024905832919544475};-276.475521886513;40.684657008618885
41128;-97.5531039346381;(((_a4_ + (x * (_a2_ * ((_a0_ * x) + _a6_)))) * x) / -(_a6_));{'d0': {'_a0_': -137116.7940356017, '_a2_': -2.106624067504235, '_a4_': 151847.92220323742, '_a6_': -85541.59951604716, '_a1_': 1.0, '_a3_': 1.0, '_a5_': 1.0, '_a7_': 1.0}};{'d0': 0.024905832919544475};-276.475521886513;40.684657008618885
41129;-97.5531039346381;(((_a4_ + (x * (_a2_ * ((_a0_ * x) + _a6_)))) * x) / -(_a6_));{'d0': {'_a0_': -137116.7940356017, '_a2_': -2.106624067504235, '_a4_': 151847.92220323742, '_a6_': -85541.59951604716, '_a1_': 1.0, '_a3_': 1.0, '_a5_': 1.0, '_a7_': 1.0}};{'d0': 0.024905832919544475};-276.475521886513;40.684657008618885
41130;-97.5531039346381;(((_a4_ + (x * (_a2_ * ((_a0_ * x) + _a6_)))) * x) / -(_a6_));{'d0': {'_a0_': -137116.7940356017, '_a2_': -2.106624067504235, '_a4_': 151847.92220323742, '_a6_': -85541.59951604716, '_a1_': 1.0, '_a3_': 1.0, '_a5_': 1.0, '_a7_': 1.0}};{'d0': 0.024905832919544475};-276.475521886513;40.684657008618885
41131;-97.5531039346381;(((_a4_ + (x * (_a2_ * ((_a0_ * x) + _a6_)))) * x) / -(_a6_));{'d0': {'_a0_': -137116.7940356017, '_a2_': -2.106624067504235, '_a4_': 151847.92220323742, '_a6_': -85541.59951604716, '_a1_': 1.0, '_a3_': 1.0, '_a5_': 1.0, '_a7_': 1.0}};{'d0': 0.024905832919544475};-276.475521886513;40.684657008618885
41132;-97.5531039346381;(((_a4_ + (x * (_a2_ * ((_a0_ * x) + _a6_)))) * x) / -(_a6_));{'d0': {'_a0_': -137116.7940356017, '_a2_': -2.106624067504235, '_a4_': 151847.92220323742, '_a6_': -85541.59951604716, '_a1_': 1.0, '_a3_': 1.0, '_a5_': 1.0, '_a7_': 1.0}};{'d0': 0.024905832919544475};-276.475521886513;40.684657008618885
41133;-97.5531039346381;(((_a4_ + (x * (_a2_ * ((_a0_ * x) + _a6_)))) * x) / -(_a6_));{'d0': {'_a0_': -137116.7940356017, '_a2_': -2.106624067504235, '_a4_': 151847.92220323742, '_a6_': -85541.59951604716, '_a1_': 1.0, '_a3_': 1.0, '_a5_': 1.0, '_a7_': 1.0}};{'d0': 0.024905832919544475};-276.475521886513;40.684657008618885
41134;-97.5531039346381;(((_a4_ + (x * (_a2_ * ((_a0_ * x) + _a6_)))) * x) / -(_a6_));{'d0': {'_a0_': -137116.7940356017, '_a2_': -2.106624067504235, '_a4_': 151847.92220323742, '_a6_': -85541.59951604716, '_a1_': 1.0, '_a3_': 1.0, '_a5_': 1.0, '_a7_': 1.0}};{'d0': 0.024905832919544475};-276.475521886513;40.684657008618885
41135;-97.5531039346381;(((_a4_ + (x * (_a2_ * ((_a0_ * x) + _a6_)))) * x) / -(_a6_));{'d0': {'_a0_': -137116.7940356017, '_a2_': -2.106624067504235, '_a4_': 151847.92220323742, '_a6_': -85541.59951604716, '_a1_': 1.0, '_a3_': 1.0, '_a5_': 1.0, '_a7_': 1.0}};{'d0': 0.024905832919544475};-276.475521886513;40.684657008618885
41136;-97.5531039346381;(((_a4_ + (x * (_a2_ * ((_a0_ * x) + _a6_)))) * x) / -(_a6_));{'d0': {'_a0_': -137116.7940356017, '_a2_': -2.106624067504235, '_a4_': 151847.92220323742, '_a6_': -85541.59951604716, '_a1_': 1.0, '_a3_': 1.0, '_a5_': 1.0, '_a7_': 1.0}};{'d0': 0.024905832919544475};-276.475521886513;40.684657008618885
41137;-97.5531039346381;(((_a4_ + (x * (_a2_ * ((_a0_ * x) + _a6_)))) * x) / -(_a6_));{'d0': {'_a0_': -137116.7940356017, '_a2_': -2.106624067504235, '_a4_': 151847.92220323742, '_a6_': -85541.59951604716, '_a1_': 1.0, '_a3_': 1.0, '_a5_': 1.0, '_a7_': 1.0}};{'d0': 0.024905832919544475};-276.475521886513;40.684657008618885
41138;-97.5531039346381;(((_a4_ + (x * (_a2_ * ((_a0_ * x) + _a6_)))) * x) / -(_a6_));{'d0': {'_a0_': -137116.7940356017, '_a2_': -2.106624067504235, '_a4_': 151847.92220323742, '_a6_': -85541.59951604716, '_a1_': 1.0, '_a3_': 1.0, '_a5_': 1.0, '_a7_': 1.0}};{'d0': 0.024905832919544475};-276.475521886513;40.684657008618885
41139;-97.5531039346381;(((_a4_ + (x * (_a2_ * ((_a0_ * x) + _a6_)))) * x) / -(_a6_));{'d0': {'_a0_': -137116.7940356017, '_a2_': -2.106624067504235, '_a4_': 151847.92220323742, '_a6_': -85541.59951604716, '_a1_': 1.0, '_a3_': 1.0, '_a5_': 1.0, '_a7_': 1.0}};{'d0': 0.024905832919544475};-276.475521886513;40.684657008618885
41140;-97.5531039346381;(((_a4_ + (x * (_a2_ * ((_a0_ * x) + _a6_)))) * x) / -(_a6_));{'d0': {'_a0_': -137116.7940356017, '_a2_': -2.106624067504235, '_a4_': 151847.92220323742, '_a6_': -85541.59951604716, '_a1_': 1.0, '_a3_': 1.0, '_a5_': 1.0, '_a7_': 1.0}};{'d0': 0.024905832919544475};-276.475521886513;40.684657008618885
41141;-97.5531039346381;(((_a4_ + (x * (_a2_ * ((_a0_ * x) + _a6_)))) * x) / -(_a6_));{'d0': {'_a0_': -137116.7940356017, '_a2_': -2.106624067504235, '_a4_': 151847.92220323742, '_a6_': -85541.59951604716, '_a1_': 1.0, '_a3_': 1.0, '_a5_': 1.0, '_a7_': 1.0}};{'d0': 0.024905832919544475};-276.475521886513;40.684657008618885
41142;-76.9742828397940;((_a1_ + ((pow2((x + ((x / (_a0_ + _a6_)) * pow2(_a1_)))) * _a0_) + x)) * ((_a2_ * x) * _a2_));{'d0': {'_a0_': 1.7865106103851898, '_a1_': 0.8426446031471437, '_a2_': 1.4514213966648426, '_a6_': -15.24116924536799, '_a3_': 1.0, '_a4_': 1.0, '_a5_': 1.0, '_a7_': 1.0}};{'d0': 0.024905832919582257};-276.475521886422;61.263478103417484
41143;-76.9742828397940;((_a1_ + ((pow2((x + ((x / (_a0_ + _a6_)) * pow2(_a1_)))) * _a0_) + x)) * ((_a2_ * x) * _a2_));{'d0': {'_a0_': 1.7865106103851898, '_a1_': 0.8426446031471437, '_a2_': 1.4514213966648426, '_a6_': -15.24116924536799, '_a3_': 1.0, '_a4_': 1.0, '_a5_': 1.0, '_a7_': 1.0}};{'d0': 0.024905832919582257};-276.475521886422;61.263478103417484
41144;-76.9742828397940;((_a1_ + ((pow2((x + ((x / (_a0_ + _a6_)) * pow2(_a1_)))) * _a0_) + x)) * ((_a2_ * x) * _a2_));{'d0': {'_a0_': 1.7865106103851898, '_a1_': 0.8426446031471437, '_a2_': 1.4514213966648426, '_a6_': -15.24116924536799, '_a3_': 1.0, '_a4_': 1.0, '_a5_': 1.0, '_a7_': 1.0}};{'d0': 0.024905832919582257};-276.475521886422;61.263478103417484
41145;-76.9742828397940;((_a1_ + ((pow2((x + ((x / (_a0_ + _a6_)) * pow2(_a1_)))) * _a0_) + x)) * ((_a2_ * x) * _a2_));{'d0': {'_a0_': 1.7865106103851898, '_a1_': 0.8426446031471437, '_a2_': 1.4514213966648426, '_a6_': -15.24116924536799, '_a3_': 1.0, '_a4_': 1.0, '_a5_': 1.0, '_a7_': 1.0}};{'d0': 0.024905832919582257};-276.475521886422;61.263478103417484
41146;-76.9742828397940;((_a1_ + ((pow2((x + ((x / (_a0_ + _a6_)) * pow2(_a1_)))) * _a0_) + x)) * ((_a2_ * x) * _a2_));{'d0': {'_a0_': 1.7865106103851898, '_a1_': 0.8426446031471437, '_a2_': 1.4514213966648426, '_a6_': -15.24116924536799, '_a3_': 1.0, '_a4_': 1.0, '_a5_': 1.0, '_a7_': 1.0}};{'d0': 0.024905832919582257};-276.475521886422;61.263478103417484
41147;-76.9742828397940;((_a1_ + ((pow2((x + ((x / (_a0_ + _a6_)) * pow2(_a1_)))) * _a0_) + x)) * ((_a2_ * x) * _a2_));{'d0': {'_a0_': 1.7865106103851898, '_a1_': 0.8426446031471437, '_a2_': 1.4514213966648426, '_a6_': -15.24116924536799, '_a3_': 1.0, '_a4_': 1.0, '_a5_': 1.0, '_a7_': 1.0}};{'d0': 0.024905832919582257};-276.475521886422;61.263478103417484
41148;-76.9742828397940;((_a1_ + ((pow2((x + ((x / (_a0_ + _a6_)) * pow2(_a1_)))) * _a0_) + x)) * ((_a2_ * x) * _a2_));{'d0': {'_a0_': 1.7865106103851898, '_a1_': 0.8426446031471437, '_a2_': 1.4514213966648426, '_a6_': -15.24116924536799, '_a3_': 1.0, '_a4_': 1.0, '_a5_': 1.0, '_a7_': 1.0}};{'d0': 0.024905832919582257};-276.475521886422;61.263478103417484
41149;-76.9742828397940;((_a1_ + ((pow2((x + ((x / (_a0_ + _a6_)) * pow2(_a1_)))) * _a0_) + x)) * ((_a2_ * x) * _a2_));{'d0': {'_a0_': 1.7865106103851898, '_a1_': 0.8426446031471437, '_a2_': 1.4514213966648426, '_a6_': -15.24116924536799, '_a3_': 1.0, '_a4_': 1.0, '_a5_': 1.0, '_a7_': 1.0}};{'d0': 0.024905832919582257};-276.475521886422;61.263478103417484
41150;-82.8948838796620;((_a1_ + ((pow2((x + ((x / _a3_) * pow2(_a1_)))) * _a0_) + x)) * ((_a2_ * x) * _a2_));{'d0': {'_a0_': 0.7357397907505169, '_a1_': 0.8426446045901383, '_a2_': 1.4514213956007287, '_a3_': 1.4916139366139956, '_a4_': 1.0, '_a5_': 1.0, '_a6_': 1.0, '_a7_': 1.0}};{'d0': 0.02490583292718843};-276.475521868099;55.342877054387486
41151;-82.8948838796620;((_a1_ + ((pow2((x + ((x / _a3_) * pow2(_a1_)))) * _a0_) + x)) * ((_a2_ * x) * _a2_));{'d0': {'_a0_': 0.7357397907505169, '_a1_': 0.8426446045901383, '_a2_': 1.4514213956007287, '_a3_': 1.4916139366139956, '_a4_': 1.0, '_a5_': 1.0, '_a6_': 1.0, '_a7_': 1.0}};{'d0': 0.02490583292718843};-276.475521868099;55.342877054387486
41152;-82.8948838796620;((_a1_ + ((pow2((x + ((x / _a3_) * pow2(_a1_)))) * _a0_) + x)) * ((_a2_ * x) * _a2_));{'d0': {'_a0_': 0.7357397907505169, '_a1_': 0.8426446045901383, '_a2_': 1.4514213956007287, '_a3_': 1.4916139366139956, '_a4_': 1.0, '_a5_': 1.0, '_a6_': 1.0, '_a7_': 1.0}};{'d0': 0.02490583292718843};-276.475521868099;55.342877054387486
41153;-82.8948838796620;((_a1_ + ((pow2((x + ((x / _a3_) * pow2(_a1_)))) * _a0_) + x)) * ((_a2_ * x) * _a2_));{'d0': {'_a0_': 0.7357397907505169, '_a1_': 0.8426446045901383, '_a2_': 1.4514213956007287, '_a3_': 1.4916139366139956, '_a4_': 1.0, '_a5_': 1.0, '_a6_': 1.0, '_a7_': 1.0}};{'d0': 0.02490583292718843};-276.475521868099;55.342877054387486
41154;-82.8948838796620;((_a1_ + ((pow2((x + ((x / _a3_) * pow2(_a1_)))) * _a0_) + x)) * ((_a2_ * x) * _a2_));{'d0': {'_a0_': 0.7357397907505169, '_a1_': 0.8426446045901383, '_a2_': 1.4514213956007287, '_a3_': 1.4916139366139956, '_a4_': 1.0, '_a5_': 1.0, '_a6_': 1.0, '_a7_': 1.0}};{'d0': 0.02490583292718843};-276.475521868099;55.342877054387486
41155;-82.8948838796620;((_a1_ + ((pow2((x + ((x / _a3_) * pow2(_a1_)))) * _a0_) + x)) * ((_a2_ * x) * _a2_));{'d0': {'_a0_': 0.7357397907505169, '_a1_': 0.8426446045901383, '_a2_': 1.4514213956007287, '_a3_': 1.4916139366139956, '_a4_': 1.0, '_a5_': 1.0, '_a6_': 1.0, '_a7_': 1.0}};{'d0': 0.02490583292718843};-276.475521868099;55.342877054387486
41156;-82.8948838796620;((_a1_ + ((pow2((x + ((x / _a3_) * pow2(_a1_)))) * _a0_) + x)) * ((_a2_ * x) * _a2_));{'d0': {'_a0_': 0.7357397907505169, '_a1_': 0.8426446045901383, '_a2_': 1.4514213956007287, '_a3_': 1.4916139366139956, '_a4_': 1.0, '_a5_': 1.0, '_a6_': 1.0, '_a7_': 1.0}};{'d0': 0.02490583292718843};-276.475521868099;55.342877054387486
41157;-82.8948838796620;((_a1_ + ((pow2((x + ((x / _a3_) * pow2(_a1_)))) * _a0_) + x)) * ((_a2_ * x) * _a2_));{'d0': {'_a0_': 0.7357397907505169, '_a1_': 0.8426446045901383, '_a2_': 1.4514213956007287, '_a3_': 1.4916139366139956, '_a4_': 1.0, '_a5_': 1.0, '_a6_': 1.0, '_a7_': 1.0}};{'d0': 0.02490583292718843};-276.475521868099;55.342877054387486
41158;-78.3249469875210;((_a1_ + ((pow2((x + ((x / _a3_) * pow2(_a1_)))) * sin(_a2_)) + x)) * ((_a2_ * x) * _a2_));{'d0': {'_a1_': 0.8426446042952495, '_a2_': 1.4514213957445037, '_a3_': 2.6240207717007604, '_a0_': 1.0, '_a4_': 1.0, '_a5_': 1.0, '_a6_': 1.0, '_a7_': 1.0}};{'d0': 0.024905832919416646};-280.569866449044;61.959986237001004
41159;-83.3466441992999;((_a1_ + ((pow2((x + ((x / _a3_) * pow2(_a1_)))) * sin(_a2_)) + x)) * (x * _a2_));{'d0': {'_a1_': 0.8426446066991449, '_a2_': 2.1066240636272306, '_a3_': 1.943441548274292, '_a0_': 1.0, '_a4_': 1.0, '_a5_': 1.0, '_a6_': 1.0, '_a7_': 1.0}};{'d0': 0.024905832919416684};-280.569866449043;56.938289025222005
41160;-83.3466441992999;((_a1_ + ((pow2((x + ((x / _a3_) * pow2(_a1_)))) * sin(_a2_)) + x)) * (x * _a2_));{'d0': {'_a1_': 0.8426446066991449, '_a2_': 2.1066240636272306, '_a3_': 1.943441548274292, '_a0_': 1.0, '_a4_': 1.0, '_a5_': 1.0, '_a6_': 1.0, '_a7_': 1.0}};{'d0': 0.024905832919416684};-280.569866449043;56.938289025222005
41161;-83.3466441992999;((_a1_ + ((pow2((x + ((x / _a3_) * pow2(_a1_)))) * sin(_a2_)) + x)) * (x * _a2_));{'d0': {'_a1_': 0.8426446066991449, '_a2_': 2.1066240636272306, '_a3_': 1.943441548274292, '_a0_': 1.0, '_a4_': 1.0, '_a5_': 1.0, '_a6_': 1.0, '_a7_': 1.0}};{'d0': 0.024905832919416684};-280.569866449043;56.938289025222005
41162;-83.3466441992999;((_a1_ + ((pow2((x + ((x / _a3_) * pow2(_a1_)))) * sin(_a2_)) + x)) * (x * _a2_));{'d0': {'_a1_': 0.8426446066991449, '_a2_': 2.1066240636272306, '_a3_': 1.943441548274292, '_a0_': 1.0, '_a4_': 1.0, '_a5_': 1.0, '_a6_': 1.0, '_a7_': 1.0}};{'d0': 0.024905832919416684};-280.569866449043;56.938289025222005
41163;-83.3466441992999;((_a1_ + ((pow2((x + ((x / _a3_) * pow2(_a1_)))) * sin(_a2_)) + x)) * (x * _a2_));{'d0': {'_a1_': 0.8426446066991449, '_a2_': 2.1066240636272306, '_a3_': 1.943441548274292, '_a0_': 1.0, '_a4_': 1.0, '_a5_': 1.0, '_a6_': 1.0, '_a7_': 1.0}};{'d0': 0.024905832919416684};-280.569866449043;56.938289025222005
41164;-89.1469359657024;((_a1_ + ((pow2((x + (_a3_ * pow2(_a1_)))) * sin(_a2_)) + x)) * (x * _a2_));{'d0': {'_a1_': 0.6029150689552341, '_a2_': -6.802621861141166, '_a3_': 3.629095249608434, '_a0_': 1.0, '_a4_': 1.0, '_a5_': 1.0, '_a6_': 1.0, '_a7_': 1.0}};{'d0': 0.024905832919416608};-280.569866449044;51.1379972588196
41165;-89.1469359657024;((_a1_ + ((pow2((x + (_a3_ * pow2(_a1_)))) * sin(_a2_)) + x)) * (x * _a2_));{'d0': {'_a1_': 0.6029150689552341, '_a2_': -6.802621861141166, '_a3_': 3.629095249608434, '_a0_': 1.0, '_a4_': 1.0, '_a5_': 1.0, '_a6_': 1.0, '_a7_': 1.0}};{'d0': 0.024905832919416608};-280.569866449044;51.1379972588196
41166;-95.3124500460203;(((_a4_ + (x * (_a2_ * (((_a0_ + _a0_) * x) + _a6_)))) * x) / _a0_);{'d0': {'_a0_': -676480130.9071473, '_a2_': 1.6883804370938305, '_a4_': -1200843832.5255044, '_a6_': -844057004.8852056, '_a1_': 1.0, '_a3_': 1.0, '_a5_': 1.0, '_a7_': 1.0}};{'d0': 0.02490583291941844};-276.475521886817;42.92531089738849
41167;-95.3124500460203;(((_a4_ + (x * (_a2_ * (((_a0_ + _a0_) * x) + _a6_)))) * x) / _a0_);{'d0': {'_a0_': -676480130.9071473, '_a2_': 1.6883804370938305, '_a4_': -1200843832.5255044, '_a6_': -844057004.8852056, '_a1_': 1.0, '_a3_': 1.0, '_a5_': 1.0, '_a7_': 1.0}};{'d0': 0.02490583291941844};-276.475521886817;42.92531089738849
41168;-95.3124500460203;(((_a4_ + (x * (_a2_ * (((_a0_ + _a0_) * x) + _a6_)))) * x) / _a0_);{'d0': {'_a0_': -676480130.9071473, '_a2_': 1.6883804370938305, '_a4_': -1200843832.5255044, '_a6_': -844057004.8852056, '_a1_': 1.0, '_a3_': 1.0, '_a5_': 1.0, '_a7_': 1.0}};{'d0': 0.02490583291941844};-276.475521886817;42.92531089738849
41169;-95.3124500460203;(((_a4_ + (x * (_a2_ * (((_a0_ + _a0_) * x) + _a6_)))) * x) / _a6_);{'d0': {'_a0_': -124729448151.51389, '_a2_': 2.106624068551886, '_a4_': -276259497763.88776, '_a6_': -155627281046.09637, '_a1_': 1.0, '_a3_': 1.0, '_a5_': 1.0, '_a7_': 1.0}};{'d0': 0.024905832919418506};-276.475521886817;42.92531089738849
41170;-95.3124500460203;(((_a4_ + (x * (_a2_ * (((_a0_ + _a0_) * x) + _a6_)))) * x) / _a6_);{'d0': {'_a0_': -124729448151.51389, '_a2_': 2.106624068551886, '_a4_': -276259497763.88776, '_a6_': -155627281046.09637, '_a1_': 1.0, '_a3_': 1.0, '_a5_': 1.0, '_a7_': 1.0}};{'d0': 0.024905832919418506};-276.475521886817;42.92531089738849
41171;-95.3124500460203;(((_a4_ + (x * (_a2_ * (((_a0_ + _a0_) * x) + _a6_)))) * x) / _a6_);{'d0': {'_a0_': -124729448151.51389, '_a2_': 2.106624068551886, '_a4_': -276259497763.88776, '_a6_': -155627281046.09637, '_a1_': 1.0, '_a3_': 1.0, '_a5_': 1.0, '_a7_': 1.0}};{'d0': 0.024905832919418506};-276.475521886817;42.92531089738849
41172;-95.3124500460203;(((_a4_ + (x * (_a2_ * (((_a0_ + _a0_) * x) + _a6_)))) * x) / _a6_);{'d0': {'_a0_': -124729448151.51389, '_a2_': 2.106624068551886, '_a4_': -276259497763.88776, '_a6_': -155627281046.09637, '_a1_': 1.0, '_a3_': 1.0, '_a5_': 1.0, '_a7_': 1.0}};{'d0': 0.024905832919418506};-276.475521886817;42.92531089738849
41173;-95.3124500460203;(((_a4_ + (x * (_a2_ * (((_a0_ + _a0_) * x) + _a6_)))) * x) / _a6_);{'d0': {'_a0_': -124729448151.51389, '_a2_': 2.106624068551886, '_a4_': -276259497763.88776, '_a6_': -155627281046.09637, '_a1_': 1.0, '_a3_': 1.0, '_a5_': 1.0, '_a7_': 1.0}};{'d0': 0.024905832919418506};-276.475521886817;42.92531089738849
41174;-95.3124500460203;(((_a4_ + (x * (_a2_ * (((_a0_ + _a0_) * x) + _a6_)))) * x) / _a6_);{'d0': {'_a0_': -124729448151.51389, '_a2_': 2.106624068551886, '_a4_': -276259497763.88776, '_a6_': -155627281046.09637, '_a1_': 1.0, '_a3_': 1.0, '_a5_': 1.0, '_a7_': 1.0}};{'d0': 0.024905832919418506};-276.475521886817;42.92531089738849
41175;-95.3124500460203;(((_a4_ + (x * (_a2_ * (((_a0_ + _a0_) * x) + _a6_)))) * x) / _a6_);{'d0': {'_a0_': -124729448151.51389, '_a2_': 2.106624068551886, '_a4_': -276259497763.88776, '_a6_': -155627281046.09637, '_a1_': 1.0, '_a3_': 1.0, '_a5_': 1.0, '_a7_': 1.0}};{'d0': 0.024905832919418506};-276.475521886817;42.92531089738849
41176;-95.3124500460203;(((_a4_ + (x * (_a2_ * (((_a0_ + _a0_) * x) + _a6_)))) * x) / _a6_);{'d0': {'_a0_': -124729448151.51389, '_a2_': 2.106624068551886, '_a4_': -276259497763.88776, '_a6_': -155627281046.09637, '_a1_': 1.0, '_a3_': 1.0, '_a5_': 1.0, '_a7_': 1.0}};{'d0': 0.024905832919418506};-276.475521886817;42.92531089738849
41177;-95.3124500460203;(((_a4_ + (x * (_a2_ * (((_a0_ + _a0_) * x) + _a6_)))) * x) / _a6_);{'d0': {'_a0_': -124729448151.51389, '_a2_': 2.106624068551886, '_a4_': -276259497763.88776, '_a6_': -155627281046.09637, '_a1_': 1.0, '_a3_': 1.0, '_a5_': 1.0, '_a7_': 1.0}};{'d0': 0.024905832919418506};-276.475521886817;42.92531089738849
41178;-95.3124500460203;(((_a4_ + (x * (_a2_ * (((_a0_ + _a0_) * x) + _a6_)))) * x) / _a6_);{'d0': {'_a0_': -124729448151.51389, '_a2_': 2.106624068551886, '_a4_': -276259497763.88776, '_a6_': -155627281046.09637, '_a1_': 1.0, '_a3_': 1.0, '_a5_': 1.0, '_a7_': 1.0}};{'d0': 0.024905832919418506};-276.475521886817;42.92531089738849
41179;-89.9463819113657;(((_a4_ + (x * (_a2_ * (((_a0_ + exp(x)) * x) + _a6_)))) * x) / _a6_);{'d0': {'_a0_': -887080105565.0476, '_a2_': 2.106624066763546, '_a4_': -982383494871.9655, '_a6_': -553413274718.2876, '_a1_': 1.0, '_a3_': 1.0, '_a5_': 1.0, '_a7_': 1.0}};{'d0': 0.024905832919413968};-276.475521886828;48.29137903204849
41180;-95.3124500437228;(((_a4_ + (x * (_a2_ * (((_a0_ + _a6_) * x) + _a6_)))) * x) / _a6_);{'d0': {'_a0_': -1327983399591.2039, '_a2_': 2.106624053843552, '_a4_': -3909853539928.658, '_a6_': -2202566351891.402, '_a1_': 1.0, '_a3_': 1.0, '_a5_': 1.0, '_a7_': 1.0}};{'d0': 0.024905832921325824};-276.475521882222;42.92531089738849
41181;-95.3124500437228;(((_a4_ + (x * (_a2_ * (((_a0_ + _a6_) * x) + _a6_)))) * x) / _a6_);{'d0': {'_a0_': -1327983399591.2039, '_a2_': 2.106624053843552, '_a4_': -3909853539928.658, '_a6_': -2202566351891.402, '_a1_': 1.0, '_a3_': 1.0, '_a5_': 1.0, '_a7_': 1.0}};{'d0': 0.024905832921325824};-276.475521882222;42.92531089738849
41182;-95.3124500437228;(((_a4_ + (x * (_a2_ * (((_a0_ + _a6_) * x) + _a6_)))) * x) / _a6_);{'d0': {'_a0_': -1327983399591.2039, '_a2_': 2.106624053843552, '_a4_': -3909853539928.658, '_a6_': -2202566351891.402, '_a1_': 1.0, '_a3_': 1.0, '_a5_': 1.0, '_a7_': 1.0}};{'d0': 0.024905832921325824};-276.475521882222;42.92531089738849
41183;-95.3124500437228;(((_a4_ + (x * (_a2_ * (((_a0_ + _a6_) * x) + _a6_)))) * x) / _a6_);{'d0': {'_a0_': -1327983399591.2039, '_a2_': 2.106624053843552, '_a4_': -3909853539928.658, '_a6_': -2202566351891.402, '_a1_': 1.0, '_a3_': 1.0, '_a5_': 1.0, '_a7_': 1.0}};{'d0': 0.024905832921325824};-276.475521882222;42.92531089738849
41184;-101.112741806363;((_a4_ + (x * (_a2_ * (((_a0_ + _a6_) * x) + _a6_)))) * x);{'d0': {'_a0_': 263954309820.9394, '_a2_': 4.811953546593429e-12, '_a4_': 1.7751354040857752, '_a6_': 437789454742.0819, '_a1_': 1.0, '_a3_': 1.0, '_a5_': 1.0, '_a7_': 1.0}};{'d0': 0.024905832924449034};-276.475521874698;37.12501913098609
41185;-101.112741806363;((_a4_ + (x * (_a2_ * (((_a0_ + _a6_) * x) + _a6_)))) * x);{'d0': {'_a0_': 263954309820.9394, '_a2_': 4.811953546593429e-12, '_a4_': 1.7751354040857752, '_a6_': 437789454742.0819, '_a1_': 1.0, '_a3_': 1.0, '_a5_': 1.0, '_a7_': 1.0}};{'d0': 0.024905832924449034};-276.475521874698;37.12501913098609
41186;-101.112741806363;((_a4_ + (x * (_a2_ * (((_a0_ + _a6_) * x) + _a6_)))) * x);{'d0': {'_a0_': 263954309820.9394, '_a2_': 4.811953546593429e-12, '_a4_': 1.7751354040857752, '_a6_': 437789454742.0819, '_a1_': 1.0, '_a3_': 1.0, '_a5_': 1.0, '_a7_': 1.0}};{'d0': 0.024905832924449034};-276.475521874698;37.12501913098609
41187;-101.112741806363;((_a4_ + (x * (_a2_ * (((_a0_ + _a6_) * x) + _a6_)))) * x);{'d0': {'_a0_': 263954309820.9394, '_a2_': 4.811953546593429e-12, '_a4_': 1.7751354040857752, '_a6_': 437789454742.0819, '_a1_': 1.0, '_a3_': 1.0, '_a5_': 1.0, '_a7_': 1.0}};{'d0': 0.024905832924449034};-276.475521874698;37.12501913098609
41188;-101.112741806363;((_a4_ + (x * (_a2_ * (((_a0_ + _a6_) * x) + _a6_)))) * x);{'d0': {'_a0_': 263954309820.9394, '_a2_': 4.811953546593429e-12, '_a4_': 1.7751354040857752, '_a6_': 437789454742.0819, '_a1_': 1.0, '_a3_': 1.0, '_a5_': 1.0, '_a7_': 1.0}};{'d0': 0.024905832924449034};-276.475521874698;37.12501913098609
41189;-94.4491934378433;(((_a5_ + ((_a0_ + (_a2_ + x)) * x)) * _a1_) * (x * (_a1_ ** _a1_)));{'d0': {'_a0_': -44210.54663264838, '_a1_': 1.597568882991264, '_a2_': 44211.170491576624, '_a5_': 0.5256917708376284, '_a3_': 1.0, '_a4_': 1.0, '_a6_': 1.0, '_a7_': 1.0}};{'d0': 0.024905832943061635};-276.475521829859;43.78856747708612
41190;-94.4491934378433;(((_a5_ + ((_a0_ + (_a2_ + x)) * x)) * _a1_) * (x * (_a1_ ** _a1_)));{'d0': {'_a0_': -44210.54663264838, '_a1_': 1.597568882991264, '_a2_': 44211.170491576624, '_a5_': 0.5256917708376284, '_a3_': 1.0, '_a4_': 1.0, '_a6_': 1.0, '_a7_': 1.0}};{'d0': 0.024905832943061635};-276.475521829859;43.78856747708612
41191;-94.4491934378433;(((_a5_ + ((_a0_ + (_a2_ + x)) * x)) * _a1_) * (x * (_a1_ ** _a1_)));{'d0': {'_a0_': -44210.54663264838, '_a1_': 1.597568882991264, '_a2_': 44211.170491576624, '_a5_': 0.5256917708376284, '_a3_': 1.0, '_a4_': 1.0, '_a6_': 1.0, '_a7_': 1.0}};{'d0': 0.024905832943061635};-276.475521829859;43.78856747708612
41192;-94.4491934378433;(((_a5_ + ((_a0_ + (_a2_ + x)) * x)) * _a1_) * (x * (_a1_ ** _a1_)));{'d0': {'_a0_': -44210.54663264838, '_a1_': 1.597568882991264, '_a2_': 44211.170491576624, '_a5_': 0.5256917708376284, '_a3_': 1.0, '_a4_': 1.0, '_a6_': 1.0, '_a7_': 1.0}};{'d0': 0.024905832943061635};-276.475521829859;43.78856747708612
41193;-101.112741806363;((_a4_ + (x * (_a2_ * (((_a0_ + _a6_) * x) + _a6_)))) * x);{'d0': {'_a0_': 263954309820.9394, '_a2_': 4.811953546593429e-12, '_a4_': 1.7751354040857752, '_a6_': 437789454742.0819, '_a1_': 1.0, '_a3_': 1.0, '_a5_': 1.0, '_a7_': 1.0}};{'d0': 0.024905832924449034};-276.475521874698;37.12501913098609
41194;-101.112741806363;((_a4_ + (x * (_a2_ * (((_a0_ + _a6_) * x) + _a6_)))) * x);{'d0': {'_a0_': 263954309820.9394, '_a2_': 4.811953546593429e-12, '_a4_': 1.7751354040857752, '_a6_': 437789454742.0819, '_a1_': 1.0, '_a3_': 1.0, '_a5_': 1.0, '_a7_': 1.0}};{'d0': 0.024905832924449034};-276.475521874698;37.12501913098609
41195;-101.112741806363;((_a4_ + (x * (_a2_ * (((_a0_ + _a6_) * x) + _a6_)))) * x);{'d0': {'_a0_': 263954309820.9394, '_a2_': 4.811953546593429e-12, '_a4_': 1.7751354040857752, '_a6_': 437789454742.0819, '_a1_': 1.0, '_a3_': 1.0, '_a5_': 1.0, '_a7_': 1.0}};{'d0': 0.024905832924449034};-276.475521874698;37.12501913098609
41196;-101.112741806363;((_a4_ + (x * (_a2_ * (((_a0_ + _a6_) * x) + _a6_)))) * x);{'d0': {'_a0_': 263954309820.9394, '_a2_': 4.811953546593429e-12, '_a4_': 1.7751354040857752, '_a6_': 437789454742.0819, '_a1_': 1.0, '_a3_': 1.0, '_a5_': 1.0, '_a7_': 1.0}};{'d0': 0.024905832924449034};-276.475521874698;37.12501913098609
41197;-101.112741809689;((_a4_ + (x * (_a2_ * (((_a0_ + _a4_) * x) + _a6_)))) * x);{'d0': {'_a0_': 1104997820210.231, '_a2_': 3.055896717136412e-12, '_a4_': 1.7751354043475154, '_a6_': 689363294315.1749, '_a1_': 1.0, '_a3_': 1.0, '_a5_': 1.0, '_a7_': 1.0}};{'d0': 0.024905832921687708};-276.475521881350;37.12501913098609
41198;-101.112741809689;((_a4_ + (x * (_a2_ * (((_a0_ + _a4_) * x) + _a6_)))) * x);{'d0': {'_a0_': 1104997820210.231, '_a2_': 3.055896717136412e-12, '_a4_': 1.7751354043475154, '_a6_': 689363294315.1749, '_a1_': 1.0, '_a3_': 1.0, '_a5_': 1.0, '_a7_': 1.0}};{'d0': 0.024905832921687708};-276.475521881350;37.12501913098609
41199;-101.112741809689;((_a4_ + (x * (_a2_ * (((_a0_ + _a4_) * x) + _a6_)))) * x);{'d0': {'_a0_': 1104997820210.231, '_a2_': 3.055896717136412e-12, '_a4_': 1.7751354043475154, '_a6_': 689363294315.1749, '_a1_': 1.0, '_a3_': 1.0, '_a5_': 1.0, '_a7_': 1.0}};{'d0': 0.024905832921687708};-276.475521881350;37.12501913098609
41200;-101.112741809689;((_a4_ + (x * (_a2_ * (((_a0_ + _a4_) * x) + _a6_)))) * x);{'d0': {'_a0_': 1104997820210.231, '_a2_': 3.055896717136412e-12, '_a4_': 1.7751354043475154, '_a6_': 689363294315.1749, '_a1_': 1.0, '_a3_': 1.0, '_a5_': 1.0, '_a7_': 1.0}};{'d0': 0.024905832921687708};-276.475521881350;37.12501913098609
41201;-101.112741809689;((_a4_ + (x * (_a2_ * (((_a0_ + _a4_) * x) + _a6_)))) * x);{'d0': {'_a0_': 1104997820210.231, '_a2_': 3.055896717136412e-12, '_a4_': 1.7751354043475154, '_a6_': 689363294315.1749, '_a1_': 1.0, '_a3_': 1.0, '_a5_': 1.0, '_a7_': 1.0}};{'d0': 0.024905832921687708};-276.475521881350;37.12501913098609
41202;-101.112741809689;((_a4_ + (x * (_a2_ * (((_a0_ + _a4_) * x) + _a6_)))) * x);{'d0': {'_a0_': 1104997820210.231, '_a2_': 3.055896717136412e-12, '_a4_': 1.7751354043475154, '_a6_': 689363294315.1749, '_a1_': 1.0, '_a3_': 1.0, '_a5_': 1.0, '_a7_': 1.0}};{'d0': 0.024905832921687708};-276.475521881350;37.12501913098609
41203;-101.112741809689;((_a4_ + (x * (_a2_ * (((_a0_ + _a4_) * x) + _a6_)))) * x);{'d0': {'_a0_': 1104997820210.231, '_a2_': 3.055896717136412e-12, '_a4_': 1.7751354043475154, '_a6_': 689363294315.1749, '_a1_': 1.0, '_a3_': 1.0, '_a5_': 1.0, '_a7_': 1.0}};{'d0': 0.024905832921687708};-276.475521881350;37.12501913098609
41204;-101.112741806363;((_a4_ + (x * (_a2_ * (((_a0_ + _a6_) * x) + _a6_)))) * x);{'d0': {'_a0_': 263954309820.9394, '_a2_': 4.811953546593429e-12, '_a4_': 1.7751354040857752, '_a6_': 437789454742.0819, '_a1_': 1.0, '_a3_': 1.0, '_a5_': 1.0, '_a7_': 1.0}};{'d0': 0.024905832924449034};-276.475521874698;37.12501913098609
41205;-101.112741806363;((_a4_ + (x * (_a2_ * (((_a0_ + _a6_) * x) + _a6_)))) * x);{'d0': {'_a0_': 263954309820.9394, '_a2_': 4.811953546593429e-12, '_a4_': 1.7751354040857752, '_a6_': 437789454742.0819, '_a1_': 1.0, '_a3_': 1.0, '_a5_': 1.0, '_a7_': 1.0}};{'d0': 0.024905832924449034};-276.475521874698;37.12501913098609
41206;-101.112741806363;((_a4_ + (x * (_a2_ * (((_a0_ + _a6_) * x) + _a6_)))) * x);{'d0': {'_a0_': 263954309820.9394, '_a2_': 4.811953546593429e-12, '_a4_': 1.7751354040857752, '_a6_': 437789454742.0819, '_a1_': 1.0, '_a3_': 1.0, '_a5_': 1.0, '_a7_': 1.0}};{'d0': 0.024905832924449034};-276.475521874698;37.12501913098609
41207;-101.112741806363;((_a4_ + (x * (_a2_ * (((_a0_ + _a6_) * x) + _a6_)))) * x);{'d0': {'_a0_': 263954309820.9394, '_a2_': 4.811953546593429e-12, '_a4_': 1.7751354040857752, '_a6_': 437789454742.0819, '_a1_': 1.0, '_a3_': 1.0, '_a5_': 1.0, '_a7_': 1.0}};{'d0': 0.024905832924449034};-276.475521874698;37.12501913098609
41208;-101.112741806363;((_a4_ + (x * (_a2_ * (((_a0_ + _a6_) * x) + _a6_)))) * x);{'d0': {'_a0_': 263954309820.9394, '_a2_': 4.811953546593429e-12, '_a4_': 1.7751354040857752, '_a6_': 437789454742.0819, '_a1_': 1.0, '_a3_': 1.0, '_a5_': 1.0, '_a7_': 1.0}};{'d0': 0.024905832924449034};-276.475521874698;37.12501913098609
41209;-101.112741806363;((_a4_ + (x * (_a2_ * (((_a0_ + _a6_) * x) + _a6_)))) * x);{'d0': {'_a0_': 263954309820.9394, '_a2_': 4.811953546593429e-12, '_a4_': 1.7751354040857752, '_a6_': 437789454742.0819, '_a1_': 1.0, '_a3_': 1.0, '_a5_': 1.0, '_a7_': 1.0}};{'d0': 0.024905832924449034};-276.475521874698;37.12501913098609
41210;-101.112741806363;((_a4_ + (x * (_a2_ * (((_a0_ + _a6_) * x) + _a6_)))) * x);{'d0': {'_a0_': 263954309820.9394, '_a2_': 4.811953546593429e-12, '_a4_': 1.7751354040857752, '_a6_': 437789454742.0819, '_a1_': 1.0, '_a3_': 1.0, '_a5_': 1.0, '_a7_': 1.0}};{'d0': 0.024905832924449034};-276.475521874698;37.12501913098609
41211;-101.112741806363;((_a4_ + (x * (_a2_ * (((_a0_ + _a6_) * x) + _a6_)))) * x);{'d0': {'_a0_': 263954309820.9394, '_a2_': 4.811953546593429e-12, '_a4_': 1.7751354040857752, '_a6_': 437789454742.0819, '_a1_': 1.0, '_a3_': 1.0, '_a5_': 1.0, '_a7_': 1.0}};{'d0': 0.024905832924449034};-276.475521874698;37.12501913098609
41212;-101.112741806363;((_a4_ + (x * (_a2_ * (((_a0_ + _a6_) * x) + _a6_)))) * x);{'d0': {'_a0_': 263954309820.9394, '_a2_': 4.811953546593429e-12, '_a4_': 1.7751354040857752, '_a6_': 437789454742.0819, '_a1_': 1.0, '_a3_': 1.0, '_a5_': 1.0, '_a7_': 1.0}};{'d0': 0.024905832924449034};-276.475521874698;37.12501913098609
41213;-101.112741806363;((_a4_ + (x * (_a2_ * (((_a0_ + _a6_) * x) + _a6_)))) * x);{'d0': {'_a0_': 263954309820.9394, '_a2_': 4.811953546593429e-12, '_a4_': 1.7751354040857752, '_a6_': 437789454742.0819, '_a1_': 1.0, '_a3_': 1.0, '_a5_': 1.0, '_a7_': 1.0}};{'d0': 0.024905832924449034};-276.475521874698;37.12501913098609
41214;-101.112741806363;((_a4_ + (x * (_a2_ * (((_a0_ + _a6_) * x) + _a6_)))) * x);{'d0': {'_a0_': 263954309820.9394, '_a2_': 4.811953546593429e-12, '_a4_': 1.7751354040857752, '_a6_': 437789454742.0819, '_a1_': 1.0, '_a3_': 1.0, '_a5_': 1.0, '_a7_': 1.0}};{'d0': 0.024905832924449034};-276.475521874698;37.12501913098609
41215;-101.112741806363;((_a4_ + (x * (_a2_ * (((_a0_ + _a6_) * x) + _a6_)))) * x);{'d0': {'_a0_': 263954309820.9394, '_a2_': 4.811953546593429e-12, '_a4_': 1.7751354040857752, '_a6_': 437789454742.0819, '_a1_': 1.0, '_a3_': 1.0, '_a5_': 1.0, '_a7_': 1.0}};{'d0': 0.024905832924449034};-276.475521874698;37.12501913098609
41216;-101.112741806363;((_a4_ + (x * (_a2_ * (((_a0_ + _a6_) * x) + _a6_)))) * x);{'d0': {'_a0_': 263954309820.9394, '_a2_': 4.811953546593429e-12, '_a4_': 1.7751354040857752, '_a6_': 437789454742.0819, '_a1_': 1.0, '_a3_': 1.0, '_a5_': 1.0, '_a7_': 1.0}};{'d0': 0.024905832924449034};-276.475521874698;37.12501913098609
41217;-101.112741806363;((_a4_ + (x * (_a2_ * (((_a0_ + _a6_) * x) + _a6_)))) * x);{'d0': {'_a0_': 263954309820.9394, '_a2_': 4.811953546593429e-12, '_a4_': 1.7751354040857752, '_a6_': 437789454742.0819, '_a1_': 1.0, '_a3_': 1.0, '_a5_': 1.0, '_a7_': 1.0}};{'d0': 0.024905832924449034};-276.475521874698;37.12501913098609
41218;-89.2207286812544;((pow2(x) * sqrt(_a4_)) + ((((x * x) + _a2_) * (_a4_ / (_a2_ * _a5_))) * x));{'d0': {'_a2_': 0.5256917712622189, '_a4_': 4.437864950377787, '_a5_': 2.500014893635363, '_a0_': 1.0, '_a1_': 1.0, '_a3_': 1.0, '_a6_': 1.0, '_a7_': 1.0}};{'d0': 0.024905832919416504};-280.569866449044;51.06420454326734
41219;-89.2207286812544;((pow2(x) * sqrt(_a4_)) + ((((x * x) + _a2_) * (_a4_ / (_a2_ * _a5_))) * x));{'d0': {'_a2_': 0.5256917712622189, '_a4_': 4.437864950377787, '_a5_': 2.500014893635363, '_a0_': 1.0, '_a1_': 1.0, '_a3_': 1.0, '_a6_': 1.0, '_a7_': 1.0}};{'d0': 0.024905832919416504};-280.569866449044;51.06420454326734
41220;-89.2207286812544;((pow2(x) * sqrt(_a4_)) + ((((x * x) + _a2_) * (_a4_ / (_a2_ * _a5_))) * x));{'d0': {'_a2_': 0.5256917712622189, '_a4_': 4.437864950377787, '_a5_': 2.500014893635363, '_a0_': 1.0, '_a1_': 1.0, '_a3_': 1.0, '_a6_': 1.0, '_a7_': 1.0}};{'d0': 0.024905832919416504};-280.569866449044;51.06420454326734
41221;-89.2207286812544;((pow2(x) * sqrt(_a4_)) + ((((x * x) + _a2_) * (_a4_ / (_a2_ * _a5_))) * x));{'d0': {'_a2_': 0.5256917712622189, '_a4_': 4.437864950377787, '_a5_': 2.500014893635363, '_a0_': 1.0, '_a1_': 1.0, '_a3_': 1.0, '_a6_': 1.0, '_a7_': 1.0}};{'d0': 0.024905832919416504};-280.569866449044;51.06420454326734
41222;-89.2207286812544;((pow2(x) * sqrt(_a4_)) + ((((x * x) + _a2_) * (_a4_ / (_a2_ * _a5_))) * x));{'d0': {'_a2_': 0.5256917712622189, '_a4_': 4.437864950377787, '_a5_': 2.500014893635363, '_a0_': 1.0, '_a1_': 1.0, '_a3_': 1.0, '_a6_': 1.0, '_a7_': 1.0}};{'d0': 0.024905832919416504};-280.569866449044;51.06420454326734
41223;-89.2207286812544;((pow2(x) * sqrt(_a4_)) + ((((x * x) + _a2_) * (_a4_ / (_a2_ * _a5_))) * x));{'d0': {'_a2_': 0.5256917712622189, '_a4_': 4.437864950377787, '_a5_': 2.500014893635363, '_a0_': 1.0, '_a1_': 1.0, '_a3_': 1.0, '_a6_': 1.0, '_a7_': 1.0}};{'d0': 0.024905832919416504};-280.569866449044;51.06420454326734
41224;-89.2207286812544;((pow2(x) * sqrt(_a4_)) + ((((x * x) + _a2_) * (_a4_ / (_a2_ * _a5_))) * x));{'d0': {'_a2_': 0.5256917712622189, '_a4_': 4.437864950377787, '_a5_': 2.500014893635363, '_a0_': 1.0, '_a1_': 1.0, '_a3_': 1.0, '_a6_': 1.0, '_a7_': 1.0}};{'d0': 0.024905832919416504};-280.569866449044;51.06420454326734
41225;-89.2207286812544;((pow2(x) * sqrt(_a4_)) + ((((x * x) + _a2_) * (_a4_ / (_a2_ * _a5_))) * x));{'d0': {'_a2_': 0.5256917712622189, '_a4_': 4.437864950377787, '_a5_': 2.500014893635363, '_a0_': 1.0, '_a1_': 1.0, '_a3_': 1.0, '_a6_': 1.0, '_a7_': 1.0}};{'d0': 0.024905832919416504};-280.569866449044;51.06420454326734
41226;-89.2207286812544;((pow2(x) * sqrt(_a4_)) + ((((x * x) + _a2_) * (_a4_ / (_a2_ * _a5_))) * x));{'d0': {'_a2_': 0.5256917712622189, '_a4_': 4.437864950377787, '_a5_': 2.500014893635363, '_a0_': 1.0, '_a1_': 1.0, '_a3_': 1.0, '_a6_': 1.0, '_a7_': 1.0}};{'d0': 0.024905832919416504};-280.569866449044;51.06420454326734
41227;-89.2207286812544;((pow2(x) * sqrt(_a4_)) + ((((x * x) + _a2_) * (_a4_ / (_a2_ * _a5_))) * x));{'d0': {'_a2_': 0.5256917712622189, '_a4_': 4.437864950377787, '_a5_': 2.500014893635363, '_a0_': 1.0, '_a1_': 1.0, '_a3_': 1.0, '_a6_': 1.0, '_a7_': 1.0}};{'d0': 0.024905832919416504};-280.569866449044;51.06420454326734
41228;-89.2207286812544;((pow2(x) * sqrt(_a4_)) + ((((x * x) + _a2_) * (_a4_ / (_a2_ * _a5_))) * x));{'d0': {'_a2_': 0.5256917712622189, '_a4_': 4.437864950377787, '_a5_': 2.500014893635363, '_a0_': 1.0, '_a1_': 1.0, '_a3_': 1.0, '_a6_': 1.0, '_a7_': 1.0}};{'d0': 0.024905832919416504};-280.569866449044;51.06420454326734
41229;-89.2207286812544;((pow2(x) * sqrt(_a4_)) + ((((x * x) + _a2_) * (_a4_ / (_a2_ * _a5_))) * x));{'d0': {'_a2_': 0.5256917712622189, '_a4_': 4.437864950377787, '_a5_': 2.500014893635363, '_a0_': 1.0, '_a1_': 1.0, '_a3_': 1.0, '_a6_': 1.0, '_a7_': 1.0}};{'d0': 0.024905832919416504};-280.569866449044;51.06420454326734
41230;-95.2668289600759;(((_a2_ * _a3_) + ((pow2((x * (_a3_ * _a1_))) * _a2_) + x)) * (x * _a2_));{'d0': {'_a1_': 2.180749138762119, '_a2_': 2.1066240681558415, '_a3_': 0.3999976156146987, '_a0_': 1.0, '_a4_': 1.0, '_a5_': 1.0, '_a6_': 1.0, '_a7_': 1.0}};{'d0': 0.02490583291941661};-280.569866449044;45.01810426444609
41231;-95.2668289600759;(((_a2_ * _a3_) + ((pow2((x * (_a3_ * _a1_))) * _a2_) + x)) * (x * _a2_));{'d0': {'_a1_': 2.180749138762119, '_a2_': 2.1066240681558415, '_a3_': 0.3999976156146987, '_a0_': 1.0, '_a4_': 1.0, '_a5_': 1.0, '_a6_': 1.0, '_a7_': 1.0}};{'d0': 0.02490583291941661};-280.569866449044;45.01810426444609
41232;-95.2668289600759;(((_a2_ * _a3_) + ((pow2((x * (_a3_ * _a1_))) * _a2_) + x)) * (x * _a2_));{'d0': {'_a1_': 2.180749138762119, '_a2_': 2.1066240681558415, '_a3_': 0.3999976156146987, '_a0_': 1.0, '_a4_': 1.0, '_a5_': 1.0, '_a6_': 1.0, '_a7_': 1.0}};{'d0': 0.02490583291941661};-280.569866449044;45.01810426444609
41233;-95.2668289600759;(((_a2_ * _a3_) + ((pow2((x * (_a3_ * _a1_))) * _a2_) + x)) * (x * _a2_));{'d0': {'_a1_': 2.180749138762119, '_a2_': 2.1066240681558415, '_a3_': 0.3999976156146987, '_a0_': 1.0, '_a4_': 1.0, '_a5_': 1.0, '_a6_': 1.0, '_a7_': 1.0}};{'d0': 0.02490583291941661};-280.569866449044;45.01810426444609
41234;-95.2668289600759;(((_a2_ * _a3_) + ((pow2((x * (_a3_ * _a1_))) * _a2_) + x)) * (x * _a2_));{'d0': {'_a1_': 2.180749138762119, '_a2_': 2.1066240681558415, '_a3_': 0.3999976156146987, '_a0_': 1.0, '_a4_': 1.0, '_a5_': 1.0, '_a6_': 1.0, '_a7_': 1.0}};{'d0': 0.02490583291941661};-280.569866449044;45.01810426444609
41235;-95.2668289600759;(((_a2_ * _a3_) + ((pow2((x * (_a3_ * _a1_))) * _a2_) + x)) * (x * _a2_));{'d0': {'_a1_': 2.180749138762119, '_a2_': 2.1066240681558415, '_a3_': 0.3999976156146987, '_a0_': 1.0, '_a4_': 1.0, '_a5_': 1.0, '_a6_': 1.0, '_a7_': 1.0}};{'d0': 0.02490583291941661};-280.569866449044;45.01810426444609
41236;-95.2668289600759;(((_a2_ * _a3_) + ((pow2((x * (_a3_ * _a1_))) * _a2_) + x)) * (x * _a2_));{'d0': {'_a1_': 2.180749138762119, '_a2_': 2.1066240681558415, '_a3_': 0.3999976156146987, '_a0_': 1.0, '_a4_': 1.0, '_a5_': 1.0, '_a6_': 1.0, '_a7_': 1.0}};{'d0': 0.02490583291941661};-280.569866449044;45.01810426444609
41237;-95.2668289600759;(((_a2_ * _a3_) + ((pow2((x * (_a3_ * _a1_))) * _a2_) + x)) * (x * _a2_));{'d0': {'_a1_': 2.180749138762119, '_a2_': 2.1066240681558415, '_a3_': 0.3999976156146987, '_a0_': 1.0, '_a4_': 1.0, '_a5_': 1.0, '_a6_': 1.0, '_a7_': 1.0}};{'d0': 0.02490583291941661};-280.569866449044;45.01810426444609
41238;-95.2668289600759;(((_a2_ * _a3_) + ((pow2((x * (_a3_ * _a1_))) * _a2_) + x)) * (x * _a2_));{'d0': {'_a1_': 2.180749138762119, '_a2_': 2.1066240681558415, '_a3_': 0.3999976156146987, '_a0_': 1.0, '_a4_': 1.0, '_a5_': 1.0, '_a6_': 1.0, '_a7_': 1.0}};{'d0': 0.02490583291941661};-280.569866449044;45.01810426444609
41239;-95.2668289600759;(((_a2_ * _a3_) + ((pow2((x * (_a3_ * _a1_))) * _a2_) + x)) * (x * _a2_));{'d0': {'_a1_': 2.180749138762119, '_a2_': 2.1066240681558415, '_a3_': 0.3999976156146987, '_a0_': 1.0, '_a4_': 1.0, '_a5_': 1.0, '_a6_': 1.0, '_a7_': 1.0}};{'d0': 0.02490583291941661};-280.569866449044;45.01810426444609
41240;-95.2668289600759;(((_a2_ * _a3_) + ((pow2((x * (_a3_ * _a1_))) * _a2_) + x)) * (x * _a2_));{'d0': {'_a1_': 2.180749138762119, '_a2_': 2.1066240681558415, '_a3_': 0.3999976156146987, '_a0_': 1.0, '_a4_': 1.0, '_a5_': 1.0, '_a6_': 1.0, '_a7_': 1.0}};{'d0': 0.02490583291941661};-280.569866449044;45.01810426444609
41241;-95.2668289600759;(((_a2_ * _a3_) + ((pow2((x * (_a3_ * _a1_))) * _a2_) + x)) * (x * _a2_));{'d0': {'_a1_': 2.180749138762119, '_a2_': 2.1066240681558415, '_a3_': 0.3999976156146987, '_a0_': 1.0, '_a4_': 1.0, '_a5_': 1.0, '_a6_': 1.0, '_a7_': 1.0}};{'d0': 0.02490583291941661};-280.569866449044;45.01810426444609
41242;-95.2668289600759;(((_a2_ * _a3_) + ((pow2((x * (_a3_ * _a1_))) * _a2_) + x)) * (x * _a2_));{'d0': {'_a1_': 2.180749138762119, '_a2_': 2.1066240681558415, '_a3_': 0.3999976156146987, '_a0_': 1.0, '_a4_': 1.0, '_a5_': 1.0, '_a6_': 1.0, '_a7_': 1.0}};{'d0': 0.02490583291941661};-280.569866449044;45.01810426444609
41243;-95.2668289600759;(((_a2_ * _a3_) + ((pow2((x * (_a3_ * _a1_))) * _a2_) + x)) * (x * _a2_));{'d0': {'_a1_': 2.180749138762119, '_a2_': 2.1066240681558415, '_a3_': 0.3999976156146987, '_a0_': 1.0, '_a4_': 1.0, '_a5_': 1.0, '_a6_': 1.0, '_a7_': 1.0}};{'d0': 0.02490583291941661};-280.569866449044;45.01810426444609
41244;-95.2668289600759;(((_a2_ * _a3_) + ((pow2((x * (_a3_ * _a1_))) * _a2_) + x)) * (x * _a2_));{'d0': {'_a1_': 2.180749138762119, '_a2_': 2.1066240681558415, '_a3_': 0.3999976156146987, '_a0_': 1.0, '_a4_': 1.0, '_a5_': 1.0, '_a6_': 1.0, '_a7_': 1.0}};{'d0': 0.02490583291941661};-280.569866449044;45.01810426444609
41245;-95.2668289600759;(((_a2_ * _a3_) + ((pow2((x * (_a3_ * _a1_))) * _a2_) + x)) * (x * _a2_));{'d0': {'_a1_': 2.180749138762119, '_a2_': 2.1066240681558415, '_a3_': 0.3999976156146987, '_a0_': 1.0, '_a4_': 1.0, '_a5_': 1.0, '_a6_': 1.0, '_a7_': 1.0}};{'d0': 0.02490583291941661};-280.569866449044;45.01810426444609
41246;-95.2668289600759;(((_a2_ * _a3_) + ((pow2((x * (_a3_ * _a1_))) * _a2_) + x)) * (x * _a2_));{'d0': {'_a1_': 2.180749138762119, '_a2_': 2.1066240681558415, '_a3_': 0.3999976156146987, '_a0_': 1.0, '_a4_': 1.0, '_a5_': 1.0, '_a6_': 1.0, '_a7_': 1.0}};{'d0': 0.02490583291941661};-280.569866449044;45.01810426444609
41247;-95.2668289600759;(((_a2_ * _a3_) + ((pow2((x * (_a3_ * _a1_))) * _a2_) + x)) * (x * _a2_));{'d0': {'_a1_': 2.180749138762119, '_a2_': 2.1066240681558415, '_a3_': 0.3999976156146987, '_a0_': 1.0, '_a4_': 1.0, '_a5_': 1.0, '_a6_': 1.0, '_a7_': 1.0}};{'d0': 0.02490583291941661};-280.569866449044;45.01810426444609
41248;-95.2668289600759;(((_a2_ * _a3_) + ((pow2((x * (_a3_ * _a1_))) * _a2_) + x)) * (x * _a2_));{'d0': {'_a1_': 2.180749138762119, '_a2_': 2.1066240681558415, '_a3_': 0.3999976156146987, '_a0_': 1.0, '_a4_': 1.0, '_a5_': 1.0, '_a6_': 1.0, '_a7_': 1.0}};{'d0': 0.02490583291941661};-280.569866449044;45.01810426444609
41249;-95.2668289600759;(((_a2_ * _a3_) + ((pow2((x * (_a3_ * _a1_))) * _a2_) + x)) * (x * _a2_));{'d0': {'_a1_': 2.180749138762119, '_a2_': 2.1066240681558415, '_a3_': 0.3999976156146987, '_a0_': 1.0, '_a4_': 1.0, '_a5_': 1.0, '_a6_': 1.0, '_a7_': 1.0}};{'d0': 0.02490583291941661};-280.569866449044;45.01810426444609
41250;-95.2668289600759;(((_a2_ * _a3_) + ((pow2((x * (_a3_ * _a1_))) * _a2_) + x)) * (x * _a2_));{'d0': {'_a1_': 2.180749138762119, '_a2_': 2.1066240681558415, '_a3_': 0.3999976156146987, '_a0_': 1.0, '_a4_': 1.0, '_a5_': 1.0, '_a6_': 1.0, '_a7_': 1.0}};{'d0': 0.02490583291941661};-280.569866449044;45.01810426444609
41251;-95.2668289600759;(((_a2_ * _a3_) + ((pow2((x * (_a3_ * _a1_))) * _a2_) + x)) * (x * _a2_));{'d0': {'_a1_': 2.180749138762119, '_a2_': 2.1066240681558415, '_a3_': 0.3999976156146987, '_a0_': 1.0, '_a4_': 1.0, '_a5_': 1.0, '_a6_': 1.0, '_a7_': 1.0}};{'d0': 0.02490583291941661};-280.569866449044;45.01810426444609
41252;-95.2668289600759;(((_a2_ * _a3_) + ((pow2((x * (_a3_ * _a1_))) * _a2_) + x)) * (x * _a2_));{'d0': {'_a1_': 2.180749138762119, '_a2_': 2.1066240681558415, '_a3_': 0.3999976156146987, '_a0_': 1.0, '_a4_': 1.0, '_a5_': 1.0, '_a6_': 1.0, '_a7_': 1.0}};{'d0': 0.02490583291941661};-280.569866449044;45.01810426444609
41253;-95.2668289600759;(((_a2_ * _a3_) + ((pow2((x * (_a3_ * _a1_))) * _a1_) + x)) * (x * _a2_));{'d0': {'_a1_': 2.1557554216367714, '_a2_': 2.1066240683602118, '_a3_': 0.3999976155686247, '_a0_': 1.0, '_a4_': 1.0, '_a5_': 1.0, '_a6_': 1.0, '_a7_': 1.0}};{'d0': 0.024905832919416643};-280.569866449044;45.01810426444609
41254;-95.2668289600759;(((_a2_ * _a3_) + ((pow2((x * (_a3_ * _a1_))) * _a1_) + x)) * (x * _a2_));{'d0': {'_a1_': 2.1557554216367714, '_a2_': 2.1066240683602118, '_a3_': 0.3999976155686247, '_a0_': 1.0, '_a4_': 1.0, '_a5_': 1.0, '_a6_': 1.0, '_a7_': 1.0}};{'d0': 0.024905832919416643};-280.569866449044;45.01810426444609
41255;-95.2668289600759;(((_a2_ * _a3_) + ((pow2((x * (_a3_ * _a1_))) * _a1_) + x)) * (x * _a2_));{'d0': {'_a1_': 2.1557554216367714, '_a2_': 2.1066240683602118, '_a3_': 0.3999976155686247, '_a0_': 1.0, '_a4_': 1.0, '_a5_': 1.0, '_a6_': 1.0, '_a7_': 1.0}};{'d0': 0.024905832919416643};-280.569866449044;45.01810426444609
41256;-95.2668289600759;(((_a2_ * _a3_) + ((pow2((x * (_a3_ * _a1_))) * _a1_) + x)) * (x * _a2_));{'d0': {'_a1_': 2.1557554216367714, '_a2_': 2.1066240683602118, '_a3_': 0.3999976155686247, '_a0_': 1.0, '_a4_': 1.0, '_a5_': 1.0, '_a6_': 1.0, '_a7_': 1.0}};{'d0': 0.024905832919416643};-280.569866449044;45.01810426444609
41257;-95.2668289600759;(((_a2_ * _a3_) + ((pow2((x * (_a3_ * _a1_))) * _a1_) + x)) * (x * _a2_));{'d0': {'_a1_': 2.1557554216367714, '_a2_': 2.1066240683602118, '_a3_': 0.3999976155686247, '_a0_': 1.0, '_a4_': 1.0, '_a5_': 1.0, '_a6_': 1.0, '_a7_': 1.0}};{'d0': 0.024905832919416643};-280.569866449044;45.01810426444609
41258;-95.2668289600759;(((_a2_ * _a3_) + ((pow2((x * (_a3_ * _a1_))) * _a1_) + x)) * (x * _a2_));{'d0': {'_a1_': 2.1557554216367714, '_a2_': 2.1066240683602118, '_a3_': 0.3999976155686247, '_a0_': 1.0, '_a4_': 1.0, '_a5_': 1.0, '_a6_': 1.0, '_a7_': 1.0}};{'d0': 0.024905832919416643};-280.569866449044;45.01810426444609
41259;-98.3137111764189;((_a6_ + ((pow2((x * (_a3_ * _a1_))) * _a1_) + x)) * (x * _a2_));{'d0': {'_a1_': 1.940141770190165, '_a2_': 2.1066240689140616, '_a3_': 0.4684965696741428, '_a6_': 0.84264460373019, '_a0_': 1.0, '_a4_': 1.0, '_a5_': 1.0, '_a7_': 1.0}};{'d0': 0.024905832919953692};-276.475521885528;39.924049766345085
41260;-98.3137111764189;((_a6_ + ((pow2((x * (_a3_ * _a1_))) * _a1_) + x)) * (x * _a2_));{'d0': {'_a1_': 1.940141770190165, '_a2_': 2.1066240689140616, '_a3_': 0.4684965696741428, '_a6_': 0.84264460373019, '_a0_': 1.0, '_a4_': 1.0, '_a5_': 1.0, '_a7_': 1.0}};{'d0': 0.024905832919953692};-276.475521885528;39.924049766345085
41261;-98.3137111764189;((_a6_ + ((pow2((x * (_a3_ * _a1_))) * _a1_) + x)) * (x * _a2_));{'d0': {'_a1_': 1.940141770190165, '_a2_': 2.1066240689140616, '_a3_': 0.4684965696741428, '_a6_': 0.84264460373019, '_a0_': 1.0, '_a4_': 1.0, '_a5_': 1.0, '_a7_': 1.0}};{'d0': 0.024905832919953692};-276.475521885528;39.924049766345085
41262;-98.3137111764189;((_a6_ + ((pow2((x * (_a3_ * _a1_))) * _a1_) + x)) * (x * _a2_));{'d0': {'_a1_': 1.940141770190165, '_a2_': 2.1066240689140616, '_a3_': 0.4684965696741428, '_a6_': 0.84264460373019, '_a0_': 1.0, '_a4_': 1.0, '_a5_': 1.0, '_a7_': 1.0}};{'d0': 0.024905832919953692};-276.475521885528;39.924049766345085
41263;-98.3137111764189;((_a6_ + ((pow2((x * (_a3_ * _a1_))) * _a1_) + x)) * (x * _a2_));{'d0': {'_a1_': 1.940141770190165, '_a2_': 2.1066240689140616, '_a3_': 0.4684965696741428, '_a6_': 0.84264460373019, '_a0_': 1.0, '_a4_': 1.0, '_a5_': 1.0, '_a7_': 1.0}};{'d0': 0.024905832919953692};-276.475521885528;39.924049766345085
41264;-98.3137111764189;((_a6_ + ((pow2((x * (_a3_ * _a1_))) * _a1_) + x)) * (x * _a2_));{'d0': {'_a1_': 1.940141770190165, '_a2_': 2.1066240689140616, '_a3_': 0.4684965696741428, '_a6_': 0.84264460373019, '_a0_': 1.0, '_a4_': 1.0, '_a5_': 1.0, '_a7_': 1.0}};{'d0': 0.024905832919953692};-276.475521885528;39.924049766345085
41265;-98.3137111764189;((_a6_ + ((pow2((x * (_a3_ * _a1_))) * _a1_) + x)) * (x * _a2_));{'d0': {'_a1_': 1.940141770190165, '_a2_': 2.1066240689140616, '_a3_': 0.4684965696741428, '_a6_': 0.84264460373019, '_a0_': 1.0, '_a4_': 1.0, '_a5_': 1.0, '_a7_': 1.0}};{'d0': 0.024905832919953692};-276.475521885528;39.924049766345085
41266;-98.3137111764189;((_a6_ + ((pow2((x * (_a3_ * _a1_))) * _a1_) + x)) * (x * _a2_));{'d0': {'_a1_': 1.940141770190165, '_a2_': 2.1066240689140616, '_a3_': 0.4684965696741428, '_a6_': 0.84264460373019, '_a0_': 1.0, '_a4_': 1.0, '_a5_': 1.0, '_a7_': 1.0}};{'d0': 0.024905832919953692};-276.475521885528;39.924049766345085
41267;-98.3137111764189;((_a6_ + ((pow2((x * (_a3_ * _a1_))) * _a1_) + x)) * (x * _a2_));{'d0': {'_a1_': 1.940141770190165, '_a2_': 2.1066240689140616, '_a3_': 0.4684965696741428, '_a6_': 0.84264460373019, '_a0_': 1.0, '_a4_': 1.0, '_a5_': 1.0, '_a7_': 1.0}};{'d0': 0.024905832919953692};-276.475521885528;39.924049766345085
41268;-98.3137111764189;((_a6_ + ((pow2((x * (_a3_ * _a1_))) * _a1_) + x)) * (x * _a2_));{'d0': {'_a1_': 1.940141770190165, '_a2_': 2.1066240689140616, '_a3_': 0.4684965696741428, '_a6_': 0.84264460373019, '_a0_': 1.0, '_a4_': 1.0, '_a5_': 1.0, '_a7_': 1.0}};{'d0': 0.024905832919953692};-276.475521885528;39.924049766345085
41269;-98.3137111764189;((_a6_ + ((pow2((x * (_a3_ * _a1_))) * _a1_) + x)) * (x * _a2_));{'d0': {'_a1_': 1.940141770190165, '_a2_': 2.1066240689140616, '_a3_': 0.4684965696741428, '_a6_': 0.84264460373019, '_a0_': 1.0, '_a4_': 1.0, '_a5_': 1.0, '_a7_': 1.0}};{'d0': 0.024905832919953692};-276.475521885528;39.924049766345085
41270;-93.7767975062279;(((_a6_ * _a2_) + (x * (pow3(_a4_) * ((_a7_ ** x) + _a6_)))) * x);{'d0': {'_a2_': -1.77513881339144, '_a4_': 92.70133846690611, '_a6_': -0.9999973558070024, '_a7_': 1.0000042384519865, '_a0_': 1.0, '_a1_': 1.0, '_a3_': 1.0, '_a5_': 1.0}};{'d0': 0.024905928347723715};-276.475291993387;44.46084849046609
41271;-93.7767975062279;(((_a6_ * _a2_) + (x * (pow3(_a4_) * ((_a7_ ** x) + _a6_)))) * x);{'d0': {'_a2_': -1.77513881339144, '_a4_': 92.70133846690611, '_a6_': -0.9999973558070024, '_a7_': 1.0000042384519865, '_a0_': 1.0, '_a1_': 1.0, '_a3_': 1.0, '_a5_': 1.0}};{'d0': 0.024905928347723715};-276.475291993387;44.46084849046609
41272;-93.7767975062279;(((_a6_ * _a2_) + (x * (pow3(_a4_) * ((_a7_ ** x) + _a6_)))) * x);{'d0': {'_a2_': -1.77513881339144, '_a4_': 92.70133846690611, '_a6_': -0.9999973558070024, '_a7_': 1.0000042384519865, '_a0_': 1.0, '_a1_': 1.0, '_a3_': 1.0, '_a5_': 1.0}};{'d0': 0.024905928347723715};-276.475291993387;44.46084849046609
41273;-93.7767975062279;(((_a6_ * _a2_) + (x * (pow3(_a4_) * ((_a7_ ** x) + _a6_)))) * x);{'d0': {'_a2_': -1.77513881339144, '_a4_': 92.70133846690611, '_a6_': -0.9999973558070024, '_a7_': 1.0000042384519865, '_a0_': 1.0, '_a1_': 1.0, '_a3_': 1.0, '_a5_': 1.0}};{'d0': 0.024905928347723715};-276.475291993387;44.46084849046609
41274;-98.7261446461003;((_a1_ + (x * (pow3(_a4_) * ((_a7_ ** x) + _a6_)))) * x);{'d0': {'_a1_': 1.7751303441075517, '_a4_': 58.695385065638234, '_a6_': -0.9999895822698304, '_a7_': 1.0000166991443336, '_a0_': 1.0, '_a2_': 1.0, '_a3_': 1.0, '_a5_': 1.0}};{'d0': 0.02490592235833403};-276.475306422218;39.511508565009095
41275;-98.7261446461003;((_a1_ + (x * (pow3(_a4_) * ((_a7_ ** x) + _a6_)))) * x);{'d0': {'_a1_': 1.7751303441075517, '_a4_': 58.695385065638234, '_a6_': -0.9999895822698304, '_a7_': 1.0000166991443336, '_a0_': 1.0, '_a2_': 1.0, '_a3_': 1.0, '_a5_': 1.0}};{'d0': 0.02490592235833403};-276.475306422218;39.511508565009095
41276;-98.3765024619554;((_a0_ + (((x + (_a6_ * abs(-(_a6_)))) * _a1_) * x)) * x);{'d0': {'_a0_': 1.7751354042442904, '_a1_': 3.3767608789308814, '_a6_': 0.7898477167078937, '_a2_': 1.0, '_a3_': 1.0, '_a4_': 1.0, '_a5_': 1.0, '_a7_': 1.0}};{'d0': 0.024905832919416643};-280.569866449044;41.90843076256641
41277;-98.3765024619554;((_a0_ + (((x + (_a6_ * abs(-(_a6_)))) * _a1_) * x)) * x);{'d0': {'_a0_': 1.7751354042442904, '_a1_': 3.3767608789308814, '_a6_': 0.7898477167078937, '_a2_': 1.0, '_a3_': 1.0, '_a4_': 1.0, '_a5_': 1.0, '_a7_': 1.0}};{'d0': 0.024905832919416643};-280.569866449044;41.90843076256641
41278;-98.3765024619554;((_a0_ + (((x + (_a6_ * abs(-(_a6_)))) * _a1_) * x)) * x);{'d0': {'_a0_': 1.7751354042442904, '_a1_': 3.3767608789308814, '_a6_': 0.7898477167078937, '_a2_': 1.0, '_a3_': 1.0, '_a4_': 1.0, '_a5_': 1.0, '_a7_': 1.0}};{'d0': 0.024905832919416643};-280.569866449044;41.90843076256641
41279;-98.7261446461003;((_a1_ + (x * (pow3(_a4_) * ((_a7_ ** x) + _a6_)))) * x);{'d0': {'_a1_': 1.7751303441075517, '_a4_': 58.695385065638234, '_a6_': -0.9999895822698304, '_a7_': 1.0000166991443336, '_a0_': 1.0, '_a2_': 1.0, '_a3_': 1.0, '_a5_': 1.0}};{'d0': 0.02490592235833403};-276.475306422218;39.511508565009095
41280;-98.7261446461003;((_a1_ + (x * (pow3(_a4_) * ((_a7_ ** x) + _a6_)))) * x);{'d0': {'_a1_': 1.7751303441075517, '_a4_': 58.695385065638234, '_a6_': -0.9999895822698304, '_a7_': 1.0000166991443336, '_a0_': 1.0, '_a2_': 1.0, '_a3_': 1.0, '_a5_': 1.0}};{'d0': 0.02490592235833403};-276.475306422218;39.511508565009095
41281;-98.7261446461003;((_a1_ + (x * (pow3(_a4_) * ((_a7_ ** x) + _a6_)))) * x);{'d0': {'_a1_': 1.7751303441075517, '_a4_': 58.695385065638234, '_a6_': -0.9999895822698304, '_a7_': 1.0000166991443336, '_a0_': 1.0, '_a2_': 1.0, '_a3_': 1.0, '_a5_': 1.0}};{'d0': 0.02490592235833403};-276.475306422218;39.511508565009095
41282;-98.7261446461003;((_a1_ + (x * (pow3(_a4_) * ((_a7_ ** x) + _a6_)))) * x);{'d0': {'_a1_': 1.7751303441075517, '_a4_': 58.695385065638234, '_a6_': -0.9999895822698304, '_a7_': 1.0000166991443336, '_a0_': 1.0, '_a2_': 1.0, '_a3_': 1.0, '_a5_': 1.0}};{'d0': 0.02490592235833403};-276.475306422218;39.511508565009095
41283;-98.7261446461003;((_a1_ + (x * (pow3(_a4_) * ((_a7_ ** x) + _a6_)))) * x);{'d0': {'_a1_': 1.7751303441075517, '_a4_': 58.695385065638234, '_a6_': -0.9999895822698304, '_a7_': 1.0000166991443336, '_a0_': 1.0, '_a2_': 1.0, '_a3_': 1.0, '_a5_': 1.0}};{'d0': 0.02490592235833403};-276.475306422218;39.511508565009095
41284;-98.7261446461003;((_a1_ + (x * (pow3(_a4_) * ((_a7_ ** x) + _a6_)))) * x);{'d0': {'_a1_': 1.7751303441075517, '_a4_': 58.695385065638234, '_a6_': -0.9999895822698304, '_a7_': 1.0000166991443336, '_a0_': 1.0, '_a2_': 1.0, '_a3_': 1.0, '_a5_': 1.0}};{'d0': 0.02490592235833403};-276.475306422218;39.511508565009095
41285;-98.7261446461003;((_a1_ + (x * (pow3(_a4_) * ((_a7_ ** x) + _a6_)))) * x);{'d0': {'_a1_': 1.7751303441075517, '_a4_': 58.695385065638234, '_a6_': -0.9999895822698304, '_a7_': 1.0000166991443336, '_a0_': 1.0, '_a2_': 1.0, '_a3_': 1.0, '_a5_': 1.0}};{'d0': 0.02490592235833403};-276.475306422218;39.511508565009095
41286;-98.7261446461003;((_a1_ + (x * (pow3(_a4_) * ((_a7_ ** x) + _a6_)))) * x);{'d0': {'_a1_': 1.7751303441075517, '_a4_': 58.695385065638234, '_a6_': -0.9999895822698304, '_a7_': 1.0000166991443336, '_a0_': 1.0, '_a2_': 1.0, '_a3_': 1.0, '_a5_': 1.0}};{'d0': 0.02490592235833403};-276.475306422218;39.511508565009095
41287;-98.7261446461003;((_a1_ + (x * (pow3(_a4_) * ((_a7_ ** x) + _a6_)))) * x);{'d0': {'_a1_': 1.7751303441075517, '_a4_': 58.695385065638234, '_a6_': -0.9999895822698304, '_a7_': 1.0000166991443336, '_a0_': 1.0, '_a2_': 1.0, '_a3_': 1.0, '_a5_': 1.0}};{'d0': 0.02490592235833403};-276.475306422218;39.511508565009095
41288;-98.7261446461003;((_a1_ + (x * (pow3(_a4_) * ((_a7_ ** x) + _a6_)))) * x);{'d0': {'_a1_': 1.7751303441075517, '_a4_': 58.695385065638234, '_a6_': -0.9999895822698304, '_a7_': 1.0000166991443336, '_a0_': 1.0, '_a2_': 1.0, '_a3_': 1.0, '_a5_': 1.0}};{'d0': 0.02490592235833403};-276.475306422218;39.511508565009095
41289;-98.7261446461003;((_a1_ + (x * (pow3(_a4_) * ((_a7_ ** x) + _a6_)))) * x);{'d0': {'_a1_': 1.7751303441075517, '_a4_': 58.695385065638234, '_a6_': -0.9999895822698304, '_a7_': 1.0000166991443336, '_a0_': 1.0, '_a2_': 1.0, '_a3_': 1.0, '_a5_': 1.0}};{'d0': 0.02490592235833403};-276.475306422218;39.511508565009095
41290;-98.7261446461003;((_a1_ + (x * (pow3(_a4_) * ((_a7_ ** x) + _a6_)))) * x);{'d0': {'_a1_': 1.7751303441075517, '_a4_': 58.695385065638234, '_a6_': -0.9999895822698304, '_a7_': 1.0000166991443336, '_a0_': 1.0, '_a2_': 1.0, '_a3_': 1.0, '_a5_': 1.0}};{'d0': 0.02490592235833403};-276.475306422218;39.511508565009095
41291;-98.7261446461003;((_a1_ + (x * (pow3(_a4_) * ((_a7_ ** x) + _a6_)))) * x);{'d0': {'_a1_': 1.7751303441075517, '_a4_': 58.695385065638234, '_a6_': -0.9999895822698304, '_a7_': 1.0000166991443336, '_a0_': 1.0, '_a2_': 1.0, '_a3_': 1.0, '_a5_': 1.0}};{'d0': 0.02490592235833403};-276.475306422218;39.511508565009095
41292;-98.7262020051227;((_a1_ + (x * (pow3(_a4_) * ((_a2_ ** x) + _a6_)))) * x);{'d0': {'_a1_': 1.7751330365549678, '_a2_': 1.0000078117825921, '_a4_': 75.61086559351385, '_a6_': -0.9999951265870215, '_a0_': 1.0, '_a3_': 1.0, '_a5_': 1.0, '_a7_': 1.0}};{'d0': 0.02490587473906754};-276.475421140263;39.511508565009095
41293;-98.7262020051227;((_a1_ + (x * (pow3(_a4_) * ((_a2_ ** x) + _a6_)))) * x);{'d0': {'_a1_': 1.7751330365549678, '_a2_': 1.0000078117825921, '_a4_': 75.61086559351385, '_a6_': -0.9999951265870215, '_a0_': 1.0, '_a3_': 1.0, '_a5_': 1.0, '_a7_': 1.0}};{'d0': 0.02490587473906754};-276.475421140263;39.511508565009095
41294;-98.7262020051227;((_a1_ + (x * (pow3(_a4_) * ((_a2_ ** x) + _a6_)))) * x);{'d0': {'_a1_': 1.7751330365549678, '_a2_': 1.0000078117825921, '_a4_': 75.61086559351385, '_a6_': -0.9999951265870215, '_a0_': 1.0, '_a3_': 1.0, '_a5_': 1.0, '_a7_': 1.0}};{'d0': 0.02490587473906754};-276.475421140263;39.511508565009095
41295;-98.7262020051227;((_a1_ + (x * (pow3(_a4_) * ((_a2_ ** x) + _a6_)))) * x);{'d0': {'_a1_': 1.7751330365549678, '_a2_': 1.0000078117825921, '_a4_': 75.61086559351385, '_a6_': -0.9999951265870215, '_a0_': 1.0, '_a3_': 1.0, '_a5_': 1.0, '_a7_': 1.0}};{'d0': 0.02490587473906754};-276.475421140263;39.511508565009095
41296;-98.7262020051227;((_a1_ + (x * (pow3(_a4_) * ((_a2_ ** x) + _a6_)))) * x);{'d0': {'_a1_': 1.7751330365549678, '_a2_': 1.0000078117825921, '_a4_': 75.61086559351385, '_a6_': -0.9999951265870215, '_a0_': 1.0, '_a3_': 1.0, '_a5_': 1.0, '_a7_': 1.0}};{'d0': 0.02490587473906754};-276.475421140263;39.511508565009095
41297;-98.7262020051227;((_a1_ + (x * (pow3(_a4_) * ((_a2_ ** x) + _a6_)))) * x);{'d0': {'_a1_': 1.7751330365549678, '_a2_': 1.0000078117825921, '_a4_': 75.61086559351385, '_a6_': -0.9999951265870215, '_a0_': 1.0, '_a3_': 1.0, '_a5_': 1.0, '_a7_': 1.0}};{'d0': 0.02490587473906754};-276.475421140263;39.511508565009095
41298;-98.7262020051227;((_a1_ + (x * (pow3(_a4_) * ((_a2_ ** x) + _a6_)))) * x);{'d0': {'_a1_': 1.7751330365549678, '_a2_': 1.0000078117825921, '_a4_': 75.61086559351385, '_a6_': -0.9999951265870215, '_a0_': 1.0, '_a3_': 1.0, '_a5_': 1.0, '_a7_': 1.0}};{'d0': 0.02490587473906754};-276.475421140263;39.511508565009095
41299;-98.7262020051227;((_a1_ + (x * (pow3(_a4_) * ((_a2_ ** x) + _a6_)))) * x);{'d0': {'_a1_': 1.7751330365549678, '_a2_': 1.0000078117825921, '_a4_': 75.61086559351385, '_a6_': -0.9999951265870215, '_a0_': 1.0, '_a3_': 1.0, '_a5_': 1.0, '_a7_': 1.0}};{'d0': 0.02490587473906754};-276.475421140263;39.511508565009095
41300;-98.7262020051227;((_a1_ + (x * (pow3(_a4_) * ((_a2_ ** x) + _a6_)))) * x);{'d0': {'_a1_': 1.7751330365549678, '_a2_': 1.0000078117825921, '_a4_': 75.61086559351385, '_a6_': -0.9999951265870215, '_a0_': 1.0, '_a3_': 1.0, '_a5_': 1.0, '_a7_': 1.0}};{'d0': 0.02490587473906754};-276.475421140263;39.511508565009095
41301;-88.8782762229431;(((pow2(_a2_) / _a2_) + (((x + (_a6_ * abs(-(_a6_)))) * _a1_) * x)) * x);{'d0': {'_a1_': 3.3767608786251877, '_a2_': 1.7751354043142418, '_a6_': 0.7898477167088805, '_a0_': 1.0, '_a3_': 1.0, '_a4_': 1.0, '_a5_': 1.0, '_a7_': 1.0}};{'d0': 0.024905832919416587};-280.569866449044;51.406657001578814
41302;-88.8782762229431;(((pow2(_a2_) / _a2_) + (((x + (_a6_ * abs(-(_a6_)))) * _a1_) * x)) * x);{'d0': {'_a1_': 3.3767608786251877, '_a2_': 1.7751354043142418, '_a6_': 0.7898477167088805, '_a0_': 1.0, '_a3_': 1.0, '_a4_': 1.0, '_a5_': 1.0, '_a7_': 1.0}};{'d0': 0.024905832919416587};-280.569866449044;51.406657001578814
41303;-88.8782762229431;(((pow2(_a2_) / _a2_) + (((x + (_a6_ * abs(-(_a6_)))) * _a1_) * x)) * x);{'d0': {'_a1_': 3.3767608786251877, '_a2_': 1.7751354043142418, '_a6_': 0.7898477167088805, '_a0_': 1.0, '_a3_': 1.0, '_a4_': 1.0, '_a5_': 1.0, '_a7_': 1.0}};{'d0': 0.024905832919416587};-280.569866449044;51.406657001578814
41304;-88.8782762229431;(((pow2(_a2_) / _a2_) + (((x + (_a6_ * abs(-(_a6_)))) * _a1_) * x)) * x);{'d0': {'_a1_': 3.3767608786251877, '_a2_': 1.7751354043142418, '_a6_': 0.7898477167088805, '_a0_': 1.0, '_a3_': 1.0, '_a4_': 1.0, '_a5_': 1.0, '_a7_': 1.0}};{'d0': 0.024905832919416587};-280.569866449044;51.406657001578814
41305;-88.8782762229431;(((pow2(_a2_) / _a2_) + (((x + (_a6_ * abs(-(_a6_)))) * _a1_) * x)) * x);{'d0': {'_a1_': 3.3767608786251877, '_a2_': 1.7751354043142418, '_a6_': 0.7898477167088805, '_a0_': 1.0, '_a3_': 1.0, '_a4_': 1.0, '_a5_': 1.0, '_a7_': 1.0}};{'d0': 0.024905832919416587};-280.569866449044;51.406657001578814
41306;-98.7262020051227;((_a1_ + (x * (pow3(_a4_) * ((_a2_ ** x) + _a6_)))) * x);{'d0': {'_a1_': 1.7751330365549678, '_a2_': 1.0000078117825921, '_a4_': 75.61086559351385, '_a6_': -0.9999951265870215, '_a0_': 1.0, '_a3_': 1.0, '_a5_': 1.0, '_a7_': 1.0}};{'d0': 0.02490587473906754};-276.475421140263;39.511508565009095
41307;-98.7262020051227;((_a1_ + (x * (pow3(_a4_) * ((_a2_ ** x) + _a6_)))) * x);{'d0': {'_a1_': 1.7751330365549678, '_a2_': 1.0000078117825921, '_a4_': 75.61086559351385, '_a6_': -0.9999951265870215, '_a0_': 1.0, '_a3_': 1.0, '_a5_': 1.0, '_a7_': 1.0}};{'d0': 0.02490587473906754};-276.475421140263;39.511508565009095
41308;-98.7262020051227;((_a1_ + (x * (pow3(_a4_) * ((_a2_ ** x) + _a6_)))) * x);{'d0': {'_a1_': 1.7751330365549678, '_a2_': 1.0000078117825921, '_a4_': 75.61086559351385, '_a6_': -0.9999951265870215, '_a0_': 1.0, '_a3_': 1.0, '_a5_': 1.0, '_a7_': 1.0}};{'d0': 0.02490587473906754};-276.475421140263;39.511508565009095
41309;-98.7262020051227;((_a1_ + (x * (pow3(_a4_) * ((_a2_ ** x) + _a6_)))) * x);{'d0': {'_a1_': 1.7751330365549678, '_a2_': 1.0000078117825921, '_a4_': 75.61086559351385, '_a6_': -0.9999951265870215, '_a0_': 1.0, '_a3_': 1.0, '_a5_': 1.0, '_a7_': 1.0}};{'d0': 0.02490587473906754};-276.475421140263;39.511508565009095
41310;-98.7262020051227;((_a1_ + (x * (pow3(_a4_) * ((_a2_ ** x) + _a6_)))) * x);{'d0': {'_a1_': 1.7751330365549678, '_a2_': 1.0000078117825921, '_a4_': 75.61086559351385, '_a6_': -0.9999951265870215, '_a0_': 1.0, '_a3_': 1.0, '_a5_': 1.0, '_a7_': 1.0}};{'d0': 0.02490587473906754};-276.475421140263;39.511508565009095
41311;-98.7262020051227;((_a1_ + (x * (pow3(_a4_) * ((_a2_ ** x) + _a6_)))) * x);{'d0': {'_a1_': 1.7751330365549678, '_a2_': 1.0000078117825921, '_a4_': 75.61086559351385, '_a6_': -0.9999951265870215, '_a0_': 1.0, '_a3_': 1.0, '_a5_': 1.0, '_a7_': 1.0}};{'d0': 0.02490587473906754};-276.475421140263;39.511508565009095
41312;-98.7262020051227;((_a1_ + (x * (pow3(_a4_) * ((_a2_ ** x) + _a6_)))) * x);{'d0': {'_a1_': 1.7751330365549678, '_a2_': 1.0000078117825921, '_a4_': 75.61086559351385, '_a6_': -0.9999951265870215, '_a0_': 1.0, '_a3_': 1.0, '_a5_': 1.0, '_a7_': 1.0}};{'d0': 0.02490587473906754};-276.475421140263;39.511508565009095
41313;-98.7262020051227;((_a1_ + (x * (pow3(_a4_) * ((_a2_ ** x) + _a6_)))) * x);{'d0': {'_a1_': 1.7751330365549678, '_a2_': 1.0000078117825921, '_a4_': 75.61086559351385, '_a6_': -0.9999951265870215, '_a0_': 1.0, '_a3_': 1.0, '_a5_': 1.0, '_a7_': 1.0}};{'d0': 0.02490587473906754};-276.475421140263;39.511508565009095
41314;-98.7262020051227;((_a1_ + (x * (pow3(_a4_) * ((_a2_ ** x) + _a6_)))) * x);{'d0': {'_a1_': 1.7751330365549678, '_a2_': 1.0000078117825921, '_a4_': 75.61086559351385, '_a6_': -0.9999951265870215, '_a0_': 1.0, '_a3_': 1.0, '_a5_': 1.0, '_a7_': 1.0}};{'d0': 0.02490587473906754};-276.475421140263;39.511508565009095
41315;-92.4559014129254;(((_a6_ + _a2_) + (((x + (_a6_ * abs(-(_a6_)))) * _a1_) * x)) * x);{'d0': {'_a1_': 3.376760879362174, '_a2_': 0.9852876871048806, '_a6_': 0.789847716610357, '_a0_': 1.0, '_a3_': 1.0, '_a4_': 1.0, '_a5_': 1.0, '_a7_': 1.0}};{'d0': 0.024905832919416615};-280.569866449044;47.829031811596415
41316;-95.0462623639066;((_a1_ + (x * (pow3(_a4_) * ((_a2_ ** x) + -(_a5_))))) * x);{'d0': {'_a1_': 1.7751334867933959, '_a2_': 1.0000063261521508, '_a4_': 81.11836856182875, '_a5_': 0.999996053396741, '_a0_': 1.0, '_a3_': 1.0, '_a6_': 1.0, '_a7_': 1.0}};{'d0': 0.02490586849678923};-276.475436178352;43.191455725269485
41317;-95.7183026514865;((_a1_ + (x * ((_a7_ + _a7_) * ((_a2_ ** x) + -(_a5_))))) * x);{'d0': {'_a1_': 1.7751220751001087, '_a2_': 1.0000439976192457, '_a5_': 0.9999725529777831, '_a7_': 38376.03518949817, '_a0_': 1.0, '_a3_': 1.0, '_a4_': 1.0, '_a6_': 1.0}};{'d0': 0.024906068347095054};-276.474954726751;42.519174711889484
41318;-95.7183026514865;((_a1_ + (x * ((_a7_ + _a7_) * ((_a2_ ** x) + -(_a5_))))) * x);{'d0': {'_a1_': 1.7751220751001087, '_a2_': 1.0000439976192457, '_a5_': 0.9999725529777831, '_a7_': 38376.03518949817, '_a0_': 1.0, '_a3_': 1.0, '_a4_': 1.0, '_a6_': 1.0}};{'d0': 0.024906068347095054};-276.474954726751;42.519174711889484
41319;-95.7183026514865;((_a1_ + (x * ((_a7_ + _a7_) * ((_a2_ ** x) + -(_a5_))))) * x);{'d0': {'_a1_': 1.7751220751001087, '_a2_': 1.0000439976192457, '_a5_': 0.9999725529777831, '_a7_': 38376.03518949817, '_a0_': 1.0, '_a3_': 1.0, '_a4_': 1.0, '_a6_': 1.0}};{'d0': 0.024906068347095054};-276.474954726751;42.519174711889484
41320;-95.7183026514865;((_a1_ + (x * ((_a7_ + _a7_) * ((_a2_ ** x) + -(_a5_))))) * x);{'d0': {'_a1_': 1.7751220751001087, '_a2_': 1.0000439976192457, '_a5_': 0.9999725529777831, '_a7_': 38376.03518949817, '_a0_': 1.0, '_a3_': 1.0, '_a4_': 1.0, '_a6_': 1.0}};{'d0': 0.024906068347095054};-276.474954726751;42.519174711889484
41321;-95.7183026514865;((_a1_ + (x * ((_a7_ + _a7_) * ((_a2_ ** x) + -(_a5_))))) * x);{'d0': {'_a1_': 1.7751220751001087, '_a2_': 1.0000439976192457, '_a5_': 0.9999725529777831, '_a7_': 38376.03518949817, '_a0_': 1.0, '_a3_': 1.0, '_a4_': 1.0, '_a6_': 1.0}};{'d0': 0.024906068347095054};-276.474954726751;42.519174711889484
41322;-95.7183026514865;((_a1_ + (x * ((_a7_ + _a7_) * ((_a2_ ** x) + -(_a5_))))) * x);{'d0': {'_a1_': 1.7751220751001087, '_a2_': 1.0000439976192457, '_a5_': 0.9999725529777831, '_a7_': 38376.03518949817, '_a0_': 1.0, '_a3_': 1.0, '_a4_': 1.0, '_a6_': 1.0}};{'d0': 0.024906068347095054};-276.474954726751;42.519174711889484
41323;-96.4615335285910;((_a1_ + (x * ((_a7_ + _a7_) * ((_a2_ + x) + -(_a5_))))) * x);{'d0': {'_a1_': 1.7751354041549607, '_a2_': -84.91875839827135, '_a5_': -85.54261781612345, '_a7_': 1.688380442757113, '_a0_': 1.0, '_a3_': 1.0, '_a4_': 1.0, '_a6_': 1.0}};{'d0': 0.02490583291941703};-276.475521886821;41.77622741481949
41324;-92.5881047606726;((_a1_ + (x * ((_a7_ + _a7_) * (((_a7_ + x) + x) + -(_a5_))))) * x);{'d0': {'_a1_': 1.7751354037436398, '_a5_': -0.40352861091709585, '_a7_': 0.844190219910131, '_a0_': 1.0, '_a2_': 1.0, '_a3_': 1.0, '_a4_': 1.0, '_a6_': 1.0}};{'d0': 0.024905832919416605};-280.569866449044;47.696828463849485
41325;-92.5881047606726;((_a1_ + (x * ((_a7_ + _a7_) * (((_a7_ + x) + x) + -(_a5_))))) * x);{'d0': {'_a1_': 1.7751354037436398, '_a5_': -0.40352861091709585, '_a7_': 0.844190219910131, '_a0_': 1.0, '_a2_': 1.0, '_a3_': 1.0, '_a4_': 1.0, '_a6_': 1.0}};{'d0': 0.024905832919416605};-280.569866449044;47.696828463849485
41326;-92.5881047606726;((_a1_ + (x * ((_a7_ + _a7_) * (((_a7_ + x) + x) + -(_a5_))))) * x);{'d0': {'_a1_': 1.7751354037436398, '_a5_': -0.40352861091709585, '_a7_': 0.844190219910131, '_a0_': 1.0, '_a2_': 1.0, '_a3_': 1.0, '_a4_': 1.0, '_a6_': 1.0}};{'d0': 0.024905832919416605};-280.569866449044;47.696828463849485
41327;-92.4559014129255;(((_a2_ + _a2_) + (((x + (_a6_ * abs(-(_a6_)))) * _a1_) * x)) * x);{'d0': {'_a1_': 3.376760879280845, '_a2_': 0.8875677020992302, '_a6_': 0.7898477167094552, '_a0_': 1.0, '_a3_': 1.0, '_a4_': 1.0, '_a5_': 1.0, '_a7_': 1.0}};{'d0': 0.024905832919416594};-280.569866449044;47.829031811596415
41328;-92.4559014129255;(((_a2_ + _a2_) + (((x + (_a6_ * abs(-(_a6_)))) * _a1_) * x)) * x);{'d0': {'_a1_': 3.376760879280845, '_a2_': 0.8875677020992302, '_a6_': 0.7898477167094552, '_a0_': 1.0, '_a3_': 1.0, '_a4_': 1.0, '_a5_': 1.0, '_a7_': 1.0}};{'d0': 0.024905832919416594};-280.569866449044;47.829031811596415
41329;-92.4559014129255;(((_a2_ + _a2_) + (((x + (_a6_ * abs(-(_a6_)))) * _a1_) * x)) * x);{'d0': {'_a1_': 3.376760879280845, '_a2_': 0.8875677020992302, '_a6_': 0.7898477167094552, '_a0_': 1.0, '_a3_': 1.0, '_a4_': 1.0, '_a5_': 1.0, '_a7_': 1.0}};{'d0': 0.024905832919416594};-280.569866449044;47.829031811596415
41330;-92.4559014129255;(((_a2_ + _a2_) + (((x + (_a6_ * abs(-(_a6_)))) * _a1_) * x)) * x);{'d0': {'_a1_': 3.376760879280845, '_a2_': 0.8875677020992302, '_a6_': 0.7898477167094552, '_a0_': 1.0, '_a3_': 1.0, '_a4_': 1.0, '_a5_': 1.0, '_a7_': 1.0}};{'d0': 0.024905832919416594};-280.569866449044;47.829031811596415
41331;-92.4559014129255;(((_a2_ + _a2_) + (((x + (_a6_ * abs(-(_a6_)))) * _a1_) * x)) * x);{'d0': {'_a1_': 3.376760879280845, '_a2_': 0.8875677020992302, '_a6_': 0.7898477167094552, '_a0_': 1.0, '_a3_': 1.0, '_a4_': 1.0, '_a5_': 1.0, '_a7_': 1.0}};{'d0': 0.024905832919416594};-280.569866449044;47.829031811596415
41332;-92.4559014129255;(((_a2_ + _a2_) + (((x + (_a6_ * abs(-(_a6_)))) * _a1_) * x)) * x);{'d0': {'_a1_': 3.376760879280845, '_a2_': 0.8875677020992302, '_a6_': 0.7898477167094552, '_a0_': 1.0, '_a3_': 1.0, '_a4_': 1.0, '_a5_': 1.0, '_a7_': 1.0}};{'d0': 0.024905832919416594};-280.569866449044;47.829031811596415
41333;-92.4559014129255;(((_a2_ + _a2_) + (((x + (_a6_ * abs(-(_a6_)))) * _a1_) * x)) * x);{'d0': {'_a1_': 3.376760879280845, '_a2_': 0.8875677020992302, '_a6_': 0.7898477167094552, '_a0_': 1.0, '_a3_': 1.0, '_a4_': 1.0, '_a5_': 1.0, '_a7_': 1.0}};{'d0': 0.024905832919416594};-280.569866449044;47.829031811596415
41334;-92.4559014129255;(((_a2_ + _a2_) + (((x + (_a6_ * abs(-(_a6_)))) * _a1_) * x)) * x);{'d0': {'_a1_': 3.376760879280845, '_a2_': 0.8875677020992302, '_a6_': 0.7898477167094552, '_a0_': 1.0, '_a3_': 1.0, '_a4_': 1.0, '_a5_': 1.0, '_a7_': 1.0}};{'d0': 0.024905832919416594};-280.569866449044;47.829031811596415
41335;-92.4559014129255;(((_a2_ + _a2_) + (((x + (_a6_ * abs(-(_a6_)))) * _a1_) * x)) * x);{'d0': {'_a1_': 3.376760879280845, '_a2_': 0.8875677020992302, '_a6_': 0.7898477167094552, '_a0_': 1.0, '_a3_': 1.0, '_a4_': 1.0, '_a5_': 1.0, '_a7_': 1.0}};{'d0': 0.024905832919416594};-280.569866449044;47.829031811596415
41336;-92.4559014129255;(((_a2_ + _a2_) + (((x + (_a6_ * abs(-(_a6_)))) * _a1_) * x)) * x);{'d0': {'_a1_': 3.376760879280845, '_a2_': 0.8875677020992302, '_a6_': 0.7898477167094552, '_a0_': 1.0, '_a3_': 1.0, '_a4_': 1.0, '_a5_': 1.0, '_a7_': 1.0}};{'d0': 0.024905832919416594};-280.569866449044;47.829031811596415
41337;-92.4559014129255;(((_a2_ + _a2_) + (((x + (_a6_ * abs(-(_a6_)))) * _a1_) * x)) * x);{'d0': {'_a1_': 3.376760879280845, '_a2_': 0.8875677020992302, '_a6_': 0.7898477167094552, '_a0_': 1.0, '_a3_': 1.0, '_a4_': 1.0, '_a5_': 1.0, '_a7_': 1.0}};{'d0': 0.024905832919416594};-280.569866449044;47.829031811596415
41338;-92.4559014129255;(((_a2_ + _a2_) + (((x + (_a6_ * abs(-(_a6_)))) * _a1_) * x)) * x);{'d0': {'_a1_': 3.376760879280845, '_a2_': 0.8875677020992302, '_a6_': 0.7898477167094552, '_a0_': 1.0, '_a3_': 1.0, '_a4_': 1.0, '_a5_': 1.0, '_a7_': 1.0}};{'d0': 0.024905832919416594};-280.569866449044;47.829031811596415
41339;-92.4559014129255;(((_a2_ + _a2_) + (((x + (_a6_ * abs(-(_a6_)))) * _a1_) * x)) * x);{'d0': {'_a1_': 3.376760879280845, '_a2_': 0.8875677020992302, '_a6_': 0.7898477167094552, '_a0_': 1.0, '_a3_': 1.0, '_a4_': 1.0, '_a5_': 1.0, '_a7_': 1.0}};{'d0': 0.024905832919416594};-280.569866449044;47.829031811596415
41340;-92.4559014129255;(((_a2_ + _a2_) + (((x + (_a6_ * abs(-(_a6_)))) * _a1_) * x)) * x);{'d0': {'_a1_': 3.376760879280845, '_a2_': 0.8875677020992302, '_a6_': 0.7898477167094552, '_a0_': 1.0, '_a3_': 1.0, '_a4_': 1.0, '_a5_': 1.0, '_a7_': 1.0}};{'d0': 0.024905832919416594};-280.569866449044;47.829031811596415
41341;-92.4559014129255;(((_a2_ + _a2_) + (((x + (_a6_ * abs(-(_a6_)))) * _a1_) * x)) * x);{'d0': {'_a1_': 3.376760879280845, '_a2_': 0.8875677020992302, '_a6_': 0.7898477167094552, '_a0_': 1.0, '_a3_': 1.0, '_a4_': 1.0, '_a5_': 1.0, '_a7_': 1.0}};{'d0': 0.024905832919416594};-280.569866449044;47.829031811596415
41342;-92.4559014129255;(((_a2_ + _a2_) + (((x + (_a6_ * abs(-(_a6_)))) * _a1_) * x)) * x);{'d0': {'_a1_': 3.376760879280845, '_a2_': 0.8875677020992302, '_a6_': 0.7898477167094552, '_a0_': 1.0, '_a3_': 1.0, '_a4_': 1.0, '_a5_': 1.0, '_a7_': 1.0}};{'d0': 0.024905832919416594};-280.569866449044;47.829031811596415
41343;-92.5496052997602;(((_a7_ / _a6_) + (x * (_a6_ * ((cos(_a7_) + x) + -(_a5_))))) * x);{'d0': {'_a5_': 0.33467633733416513, '_a6_': 3.3767608741302766, '_a7_': 5.994207778760249, '_a0_': 1.0, '_a1_': 1.0, '_a2_': 1.0, '_a3_': 1.0, '_a4_': 1.0}};{'d0': 0.02490583291941663};-280.569866449044;47.73532792476189
41344;-92.5496052997602;(((_a7_ / _a6_) + (x * (_a6_ * ((cos(_a7_) + x) + -(_a5_))))) * x);{'d0': {'_a5_': 0.33467633733416513, '_a6_': 3.3767608741302766, '_a7_': 5.994207778760249, '_a0_': 1.0, '_a1_': 1.0, '_a2_': 1.0, '_a3_': 1.0, '_a4_': 1.0}};{'d0': 0.02490583291941663};-280.569866449044;47.73532792476189
41345;-92.5496052997602;(((_a7_ / _a6_) + (x * (_a6_ * ((cos(_a7_) + x) + -(_a5_))))) * x);{'d0': {'_a5_': 0.33467633733416513, '_a6_': 3.3767608741302766, '_a7_': 5.994207778760249, '_a0_': 1.0, '_a1_': 1.0, '_a2_': 1.0, '_a3_': 1.0, '_a4_': 1.0}};{'d0': 0.02490583291941663};-280.569866449044;47.73532792476189
41346;-92.5496052997602;(((_a7_ / _a6_) + (x * (_a6_ * ((cos(_a7_) + x) + -(_a5_))))) * x);{'d0': {'_a5_': 0.33467633733416513, '_a6_': 3.3767608741302766, '_a7_': 5.994207778760249, '_a0_': 1.0, '_a1_': 1.0, '_a2_': 1.0, '_a3_': 1.0, '_a4_': 1.0}};{'d0': 0.02490583291941663};-280.569866449044;47.73532792476189
41347;-92.5496052997602;(((_a7_ / _a6_) + (x * (_a6_ * ((cos(_a7_) + x) + -(_a5_))))) * x);{'d0': {'_a5_': 0.33467633733416513, '_a6_': 3.3767608741302766, '_a7_': 5.994207778760249, '_a0_': 1.0, '_a1_': 1.0, '_a2_': 1.0, '_a3_': 1.0, '_a4_': 1.0}};{'d0': 0.02490583291941663};-280.569866449044;47.73532792476189
41348;-92.5496052997602;(((_a7_ / _a6_) + (x * (_a6_ * ((cos(_a7_) + x) + -(_a5_))))) * x);{'d0': {'_a5_': 0.33467633733416513, '_a6_': 3.3767608741302766, '_a7_': 5.994207778760249, '_a0_': 1.0, '_a1_': 1.0, '_a2_': 1.0, '_a3_': 1.0, '_a4_': 1.0}};{'d0': 0.02490583291941663};-280.569866449044;47.73532792476189
41349;-92.5496052997602;(((_a7_ / _a6_) + (x * (_a6_ * ((cos(_a6_) + x) + -(_a5_))))) * x);{'d0': {'_a5_': -1.5963345729768925, '_a6_': 3.376760879204087, '_a7_': 5.994207787901092, '_a0_': 1.0, '_a1_': 1.0, '_a2_': 1.0, '_a3_': 1.0, '_a4_': 1.0}};{'d0': 0.024905832919416636};-280.569866449044;47.73532792476189
41350;-92.5496052997602;(((_a7_ / _a5_) + (x * (_a6_ * ((cos(_a6_) + x) + -(_a5_))))) * x);{'d0': {'_a5_': -1.5963345739356745, '_a6_': 3.376760875942891, '_a7_': -2.833710020753572, '_a0_': 1.0, '_a1_': 1.0, '_a2_': 1.0, '_a3_': 1.0, '_a4_': 1.0}};{'d0': 0.02490583291941664};-280.569866449044;47.73532792476189
41351;-92.4292960171326;(((_a7_ + _a5_) + (x * (_a6_ * ((cos(_a6_) + x) + -(_a5_))))) * x);{'d0': {'_a5_': -1.596334573081919, '_a6_': 3.3767608787531396, '_a7_': 3.371469977290296, '_a0_': 1.0, '_a1_': 1.0, '_a2_': 1.0, '_a3_': 1.0, '_a4_': 1.0}};{'d0': 0.024905832919416622};-280.569866449044;47.85563720738949
41352;-92.4292960171326;(((_a7_ + _a5_) + (x * (_a6_ * ((cos(_a6_) + x) + -(_a5_))))) * x);{'d0': {'_a5_': -1.596334573081919, '_a6_': 3.3767608787531396, '_a7_': 3.371469977290296, '_a0_': 1.0, '_a1_': 1.0, '_a2_': 1.0, '_a3_': 1.0, '_a4_': 1.0}};{'d0': 0.024905832919416622};-280.569866449044;47.85563720738949
41353;-92.4292960171326;(((_a7_ + _a5_) + (x * (_a6_ * ((cos(_a6_) + x) + -(_a5_))))) * x);{'d0': {'_a5_': -1.596334573081919, '_a6_': 3.3767608787531396, '_a7_': 3.371469977290296, '_a0_': 1.0, '_a1_': 1.0, '_a2_': 1.0, '_a3_': 1.0, '_a4_': 1.0}};{'d0': 0.024905832919416622};-280.569866449044;47.85563720738949
41354;-93.4005571407056;(((_a7_ * _a5_) + (x * (_a6_ * ((cos(_a6_) + x) + -(_a5_))))) * x);{'d0': {'_a5_': -1.5963345734061622, '_a6_': 3.3767608775190134, '_a7_': -1.1120071156029714, '_a0_': 1.0, '_a1_': 1.0, '_a2_': 1.0, '_a3_': 1.0, '_a4_': 1.0}};{'d0': 0.024905832919416594};-280.569866449044;46.88437608381649
41355;-93.4005571407056;(((_a7_ * _a5_) + (x * (_a6_ * ((cos(_a6_) + x) + -(_a5_))))) * x);{'d0': {'_a5_': -1.5963345734061622, '_a6_': 3.3767608775190134, '_a7_': -1.1120071156029714, '_a0_': 1.0, '_a1_': 1.0, '_a2_': 1.0, '_a3_': 1.0, '_a4_': 1.0}};{'d0': 0.024905832919416594};-280.569866449044;46.88437608381649
41356;-93.4005571407056;(((_a7_ * _a5_) + (x * (_a6_ * ((cos(_a6_) + x) + -(_a5_))))) * x);{'d0': {'_a5_': -1.5963345734061622, '_a6_': 3.3767608775190134, '_a7_': -1.1120071156029714, '_a0_': 1.0, '_a1_': 1.0, '_a2_': 1.0, '_a3_': 1.0, '_a4_': 1.0}};{'d0': 0.024905832919416594};-280.569866449044;46.88437608381649
41357;-93.4005571407056;(((_a7_ * _a5_) + (x * (_a6_ * ((cos(_a6_) + x) + -(_a5_))))) * x);{'d0': {'_a5_': -1.5963345734061622, '_a6_': 3.3767608775190134, '_a7_': -1.1120071156029714, '_a0_': 1.0, '_a1_': 1.0, '_a2_': 1.0, '_a3_': 1.0, '_a4_': 1.0}};{'d0': 0.024905832919416594};-280.569866449044;46.88437608381649
41358;-93.4005571407056;(((_a7_ * _a5_) + (x * (_a6_ * ((cos(_a6_) + x) + -(_a5_))))) * x);{'d0': {'_a5_': -1.5963345734061622, '_a6_': 3.3767608775190134, '_a7_': -1.1120071156029714, '_a0_': 1.0, '_a1_': 1.0, '_a2_': 1.0, '_a3_': 1.0, '_a4_': 1.0}};{'d0': 0.024905832919416594};-280.569866449044;46.88437608381649
41359;-93.4005571407056;(((_a7_ * _a5_) + (x * (_a6_ * ((cos(_a6_) + x) + -(_a5_))))) * x);{'d0': {'_a5_': -1.5963345734061622, '_a6_': 3.3767608775190134, '_a7_': -1.1120071156029714, '_a0_': 1.0, '_a1_': 1.0, '_a2_': 1.0, '_a3_': 1.0, '_a4_': 1.0}};{'d0': 0.024905832919416594};-280.569866449044;46.88437608381649
41360;-93.4005571407056;(((_a7_ * _a5_) + (x * (_a6_ * ((cos(_a6_) + x) + -(_a5_))))) * x);{'d0': {'_a5_': -1.5963345734061622, '_a6_': 3.3767608775190134, '_a7_': -1.1120071156029714, '_a0_': 1.0, '_a1_': 1.0, '_a2_': 1.0, '_a3_': 1.0, '_a4_': 1.0}};{'d0': 0.024905832919416594};-280.569866449044;46.88437608381649
41361;-93.4005571407056;(((_a7_ * _a5_) + (x * (_a6_ * ((cos(_a6_) + x) + -(_a5_))))) * x);{'d0': {'_a5_': -1.5963345734061622, '_a6_': 3.3767608775190134, '_a7_': -1.1120071156029714, '_a0_': 1.0, '_a1_': 1.0, '_a2_': 1.0, '_a3_': 1.0, '_a4_': 1.0}};{'d0': 0.024905832919416594};-280.569866449044;46.88437608381649
41362;-93.4005571407056;(((_a7_ * _a5_) + (x * (_a6_ * ((cos(_a6_) + x) + -(_a5_))))) * x);{'d0': {'_a5_': -1.5963345734061622, '_a6_': 3.3767608775190134, '_a7_': -1.1120071156029714, '_a0_': 1.0, '_a1_': 1.0, '_a2_': 1.0, '_a3_': 1.0, '_a4_': 1.0}};{'d0': 0.024905832919416594};-280.569866449044;46.88437608381649
41363;-96.6898473546925;((-(_a0_) + (((x + (_a6_ * (_a5_ ** _a6_))) * _a1_) * x)) * x);{'d0': {'_a0_': -1.7751354045314793, '_a1_': 3.376760879314077, '_a5_': 0.9531280551203426, '_a6_': 0.6434301482531292, '_a2_': 1.0, '_a3_': 1.0, '_a4_': 1.0, '_a7_': 1.0}};{'d0': 0.024905832919750265};-276.475521886018;41.54791358831642
41364;-96.6898473546925;((-(_a0_) + (((x + (_a6_ * (_a5_ ** _a6_))) * _a1_) * x)) * x);{'d0': {'_a0_': -1.7751354045314793, '_a1_': 3.376760879314077, '_a5_': 0.9531280551203426, '_a6_': 0.6434301482531292, '_a2_': 1.0, '_a3_': 1.0, '_a4_': 1.0, '_a7_': 1.0}};{'d0': 0.024905832919750265};-276.475521886018;41.54791358831642
41365;-96.6898473546925;((-(_a0_) + (((x + (_a6_ * (_a5_ ** _a6_))) * _a1_) * x)) * x);{'d0': {'_a0_': -1.7751354045314793, '_a1_': 3.376760879314077, '_a5_': 0.9531280551203426, '_a6_': 0.6434301482531292, '_a2_': 1.0, '_a3_': 1.0, '_a4_': 1.0, '_a7_': 1.0}};{'d0': 0.024905832919750265};-276.475521886018;41.54791358831642
41366;-96.6898473546925;((-(_a0_) + (((x + (_a6_ * (_a5_ ** _a6_))) * _a1_) * x)) * x);{'d0': {'_a0_': -1.7751354045314793, '_a1_': 3.376760879314077, '_a5_': 0.9531280551203426, '_a6_': 0.6434301482531292, '_a2_': 1.0, '_a3_': 1.0, '_a4_': 1.0, '_a7_': 1.0}};{'d0': 0.024905832919750265};-276.475521886018;41.54791358831642
41367;-96.6898473546925;((-(_a0_) + (((x + (_a6_ * (_a5_ ** _a6_))) * _a1_) * x)) * x);{'d0': {'_a0_': -1.7751354045314793, '_a1_': 3.376760879314077, '_a5_': 0.9531280551203426, '_a6_': 0.6434301482531292, '_a2_': 1.0, '_a3_': 1.0, '_a4_': 1.0, '_a7_': 1.0}};{'d0': 0.024905832919750265};-276.475521886018;41.54791358831642
41368;-96.6898473546925;((-(_a0_) + (((x + (_a6_ * (_a5_ ** _a6_))) * _a1_) * x)) * x);{'d0': {'_a0_': -1.7751354045314793, '_a1_': 3.376760879314077, '_a5_': 0.9531280551203426, '_a6_': 0.6434301482531292, '_a2_': 1.0, '_a3_': 1.0, '_a4_': 1.0, '_a7_': 1.0}};{'d0': 0.024905832919750265};-276.475521886018;41.54791358831642
41369;-96.6898473546925;((-(_a0_) + (((x + (_a6_ * (_a5_ ** _a6_))) * _a1_) * x)) * x);{'d0': {'_a0_': -1.7751354045314793, '_a1_': 3.376760879314077, '_a5_': 0.9531280551203426, '_a6_': 0.6434301482531292, '_a2_': 1.0, '_a3_': 1.0, '_a4_': 1.0, '_a7_': 1.0}};{'d0': 0.024905832919750265};-276.475521886018;41.54791358831642
41370;-96.6898473546925;((-(_a0_) + (((x + (_a6_ * (_a5_ ** _a6_))) * _a1_) * x)) * x);{'d0': {'_a0_': -1.7751354045314793, '_a1_': 3.376760879314077, '_a5_': 0.9531280551203426, '_a6_': 0.6434301482531292, '_a2_': 1.0, '_a3_': 1.0, '_a4_': 1.0, '_a7_': 1.0}};{'d0': 0.024905832919750265};-276.475521886018;41.54791358831642
41371;-96.6898473546925;((-(_a0_) + (((x + (_a6_ * (_a5_ ** _a6_))) * _a1_) * x)) * x);{'d0': {'_a0_': -1.7751354045314793, '_a1_': 3.376760879314077, '_a5_': 0.9531280551203426, '_a6_': 0.6434301482531292, '_a2_': 1.0, '_a3_': 1.0, '_a4_': 1.0, '_a7_': 1.0}};{'d0': 0.024905832919750265};-276.475521886018;41.54791358831642
41372;-96.6898473546925;((-(_a0_) + (((x + (_a6_ * (_a5_ ** _a6_))) * _a1_) * x)) * x);{'d0': {'_a0_': -1.7751354045314793, '_a1_': 3.376760879314077, '_a5_': 0.9531280551203426, '_a6_': 0.6434301482531292, '_a2_': 1.0, '_a3_': 1.0, '_a4_': 1.0, '_a7_': 1.0}};{'d0': 0.024905832919750265};-276.475521886018;41.54791358831642
41373;-96.6898473546925;((-(_a0_) + (((x + (_a6_ * (_a5_ ** _a6_))) * _a1_) * x)) * x);{'d0': {'_a0_': -1.7751354045314793, '_a1_': 3.376760879314077, '_a5_': 0.9531280551203426, '_a6_': 0.6434301482531292, '_a2_': 1.0, '_a3_': 1.0, '_a4_': 1.0, '_a7_': 1.0}};{'d0': 0.024905832919750265};-276.475521886018;41.54791358831642
41374;-96.6898473546925;((-(_a0_) + (((x + (_a6_ * (_a5_ ** _a6_))) * _a1_) * x)) * x);{'d0': {'_a0_': -1.7751354045314793, '_a1_': 3.376760879314077, '_a5_': 0.9531280551203426, '_a6_': 0.6434301482531292, '_a2_': 1.0, '_a3_': 1.0, '_a4_': 1.0, '_a7_': 1.0}};{'d0': 0.024905832919750265};-276.475521886018;41.54791358831642
41375;-98.8076859198954;((-(_a0_) + (((x + (_a6_ * pow3(_a6_))) * _a1_) * x)) * x);{'d0': {'_a0_': -1.7751354043392238, '_a1_': 3.3767608784626635, '_a6_': 0.8887337715594201, '_a2_': 1.0, '_a3_': 1.0, '_a4_': 1.0, '_a5_': 1.0, '_a7_': 1.0}};{'d0': 0.02490583291941667};-280.569866449043;41.47724730462642
41376;-98.8076859198954;((-(_a0_) + (((x + (_a6_ * pow3(_a6_))) * _a1_) * x)) * x);{'d0': {'_a0_': -1.7751354043392238, '_a1_': 3.3767608784626635, '_a6_': 0.8887337715594201, '_a2_': 1.0, '_a3_': 1.0, '_a4_': 1.0, '_a5_': 1.0, '_a7_': 1.0}};{'d0': 0.02490583291941667};-280.569866449043;41.47724730462642
41377;-98.8076859198954;((-(_a0_) + (((x + (_a6_ * pow3(_a6_))) * _a1_) * x)) * x);{'d0': {'_a0_': -1.7751354043392238, '_a1_': 3.3767608784626635, '_a6_': 0.8887337715594201, '_a2_': 1.0, '_a3_': 1.0, '_a4_': 1.0, '_a5_': 1.0, '_a7_': 1.0}};{'d0': 0.02490583291941667};-280.569866449043;41.47724730462642
41378;-98.8076859198954;((-(_a0_) + (((x + (_a6_ * pow3(_a6_))) * _a1_) * x)) * x);{'d0': {'_a0_': -1.7751354043392238, '_a1_': 3.3767608784626635, '_a6_': 0.8887337715594201, '_a2_': 1.0, '_a3_': 1.0, '_a4_': 1.0, '_a5_': 1.0, '_a7_': 1.0}};{'d0': 0.02490583291941667};-280.569866449043;41.47724730462642
41379;-98.8076859198954;((-(_a0_) + (((x + (_a6_ * pow3(_a6_))) * _a1_) * x)) * x);{'d0': {'_a0_': -1.7751354043392238, '_a1_': 3.3767608784626635, '_a6_': 0.8887337715594201, '_a2_': 1.0, '_a3_': 1.0, '_a4_': 1.0, '_a5_': 1.0, '_a7_': 1.0}};{'d0': 0.02490583291941667};-280.569866449043;41.47724730462642
41380;-98.8076859198954;((-(_a0_) + (((x + (_a6_ * pow3(_a6_))) * _a1_) * x)) * x);{'d0': {'_a0_': -1.7751354043392238, '_a1_': 3.3767608784626635, '_a6_': 0.8887337715594201, '_a2_': 1.0, '_a3_': 1.0, '_a4_': 1.0, '_a5_': 1.0, '_a7_': 1.0}};{'d0': 0.02490583291941667};-280.569866449043;41.47724730462642
41381;-98.8076859198954;((-(_a0_) + (((x + (_a6_ * pow3(_a6_))) * _a1_) * x)) * x);{'d0': {'_a0_': -1.7751354043392238, '_a1_': 3.3767608784626635, '_a6_': 0.8887337715594201, '_a2_': 1.0, '_a3_': 1.0, '_a4_': 1.0, '_a5_': 1.0, '_a7_': 1.0}};{'d0': 0.02490583291941667};-280.569866449043;41.47724730462642
41382;-98.8076859198954;((-(_a0_) + (((x + (_a6_ * pow3(_a6_))) * _a1_) * x)) * x);{'d0': {'_a0_': -1.7751354043392238, '_a1_': 3.3767608784626635, '_a6_': 0.8887337715594201, '_a2_': 1.0, '_a3_': 1.0, '_a4_': 1.0, '_a5_': 1.0, '_a7_': 1.0}};{'d0': 0.02490583291941667};-280.569866449043;41.47724730462642
41383;-98.3316984892840;((-(_a0_) + (((x + (_a6_ * (_a5_ * _a1_))) * _a1_) * x)) * x);{'d0': {'_a0_': -1.7751354044291616, '_a1_': 3.3767608779029996, '_a5_': 0.44934116898049736, '_a6_': 0.41115937065029234, '_a2_': 1.0, '_a3_': 1.0, '_a4_': 1.0, '_a7_': 1.0}};{'d0': 0.02490583291952567};-276.475521886559;39.90606245399542
41384;-98.3316984890145;((-(_a3_) + (((x + (_a6_ * (_a5_ * _a1_))) * _a1_) * x)) * x);{'d0': {'_a1_': 3.376760878319474, '_a3_': -1.7751354043259455, '_a5_': 0.8382239484711498, '_a6_': 0.22040747610927544, '_a0_': 1.0, '_a2_': 1.0, '_a4_': 1.0, '_a7_': 1.0}};{'d0': 0.024905832919749456};-276.475521886020;39.90606245399542
41385;-98.8076859198954;((-(_a3_) + (((x + (_a6_ * pow3(_a6_))) * _a1_) * x)) * x);{'d0': {'_a1_': 3.3767608787962473, '_a3_': -1.7751354042596388, '_a6_': 0.88873377155839, '_a0_': 1.0, '_a2_': 1.0, '_a4_': 1.0, '_a5_': 1.0, '_a7_': 1.0}};{'d0': 0.02490583291941664};-280.569866449044;41.47724730462642
41386;-98.8076859198954;((-(_a3_) + (((x + (_a6_ * pow3(_a6_))) * _a1_) * x)) * x);{'d0': {'_a1_': 3.3767608787962473, '_a3_': -1.7751354042596388, '_a6_': 0.88873377155839, '_a0_': 1.0, '_a2_': 1.0, '_a4_': 1.0, '_a5_': 1.0, '_a7_': 1.0}};{'d0': 0.02490583291941664};-280.569866449044;41.47724730462642
41387;-98.8076859198954;((-(_a3_) + (((x + (_a6_ * pow3(_a6_))) * _a1_) * x)) * x);{'d0': {'_a1_': 3.3767608787962473, '_a3_': -1.7751354042596388, '_a6_': 0.88873377155839, '_a0_': 1.0, '_a2_': 1.0, '_a4_': 1.0, '_a5_': 1.0, '_a7_': 1.0}};{'d0': 0.02490583291941664};-280.569866449044;41.47724730462642
41388;-102.487633080156;((_a7_ + (((x + (_a6_ * pow3(_a6_))) * _a1_) * x)) * x);{'d0': {'_a1_': 3.3767608775176123, '_a6_': 0.8887337715450646, '_a7_': 1.7751354043944017, '_a0_': 1.0, '_a2_': 1.0, '_a3_': 1.0, '_a4_': 1.0, '_a5_': 1.0}};{'d0': 0.0249058329194166};-280.569866449044;37.79730014436603
41389;-102.487633080156;((_a7_ + (((x + (_a6_ * pow3(_a6_))) * _a1_) * x)) * x);{'d0': {'_a1_': 3.3767608775176123, '_a6_': 0.8887337715450646, '_a7_': 1.7751354043944017, '_a0_': 1.0, '_a2_': 1.0, '_a3_': 1.0, '_a4_': 1.0, '_a5_': 1.0}};{'d0': 0.0249058329194166};-280.569866449044;37.79730014436603
41390;-102.487633080156;((_a7_ + (((x + (_a6_ * pow3(_a6_))) * _a1_) * x)) * x);{'d0': {'_a1_': 3.3767608775176123, '_a6_': 0.8887337715450646, '_a7_': 1.7751354043944017, '_a0_': 1.0, '_a2_': 1.0, '_a3_': 1.0, '_a4_': 1.0, '_a5_': 1.0}};{'d0': 0.0249058329194166};-280.569866449044;37.79730014436603
41391;-102.487633080156;((_a7_ + (((x + (_a6_ * pow3(_a6_))) * _a1_) * x)) * x);{'d0': {'_a1_': 3.3767608775176123, '_a6_': 0.8887337715450646, '_a7_': 1.7751354043944017, '_a0_': 1.0, '_a2_': 1.0, '_a3_': 1.0, '_a4_': 1.0, '_a5_': 1.0}};{'d0': 0.0249058329194166};-280.569866449044;37.79730014436603
41392;-102.487633080156;((_a7_ + (((x + (_a6_ * pow3(_a6_))) * _a1_) * x)) * x);{'d0': {'_a1_': 3.3767608775176123, '_a6_': 0.8887337715450646, '_a7_': 1.7751354043944017, '_a0_': 1.0, '_a2_': 1.0, '_a3_': 1.0, '_a4_': 1.0, '_a5_': 1.0}};{'d0': 0.0249058329194166};-280.569866449044;37.79730014436603
41393;-99.5822889035536;((_a6_ + ((pow2((x * (_a1_ * _a1_))) / _a1_) + x)) * (x * _a2_));{'d0': {'_a1_': 1.1703194481270258, '_a2_': 2.1066240675341685, '_a6_': 0.8426446045785219, '_a0_': 1.0, '_a3_': 1.0, '_a4_': 1.0, '_a5_': 1.0, '_a7_': 1.0}};{'d0': 0.02490583291941658};-280.569866449044;40.70264432096848
41394;-99.5822889035536;((_a6_ + ((pow2((x * (_a1_ * _a1_))) / _a1_) + x)) * (x * _a2_));{'d0': {'_a1_': 1.1703194481270258, '_a2_': 2.1066240675341685, '_a6_': 0.8426446045785219, '_a0_': 1.0, '_a3_': 1.0, '_a4_': 1.0, '_a5_': 1.0, '_a7_': 1.0}};{'d0': 0.02490583291941658};-280.569866449044;40.70264432096848
41395;-99.5822889035536;((_a6_ + ((pow2((x * (_a1_ * _a1_))) / _a1_) + x)) * (x * _a2_));{'d0': {'_a1_': 1.1703194481270258, '_a2_': 2.1066240675341685, '_a6_': 0.8426446045785219, '_a0_': 1.0, '_a3_': 1.0, '_a4_': 1.0, '_a5_': 1.0, '_a7_': 1.0}};{'d0': 0.02490583291941658};-280.569866449044;40.70264432096848
41396;-99.5822889035536;((_a6_ + ((pow2((x * (_a1_ * _a1_))) / _a2_) + x)) * (x * _a2_));{'d0': {'_a1_': 1.355579763312123, '_a2_': 2.1066240669904084, '_a6_': 0.8426446048667986, '_a0_': 1.0, '_a3_': 1.0, '_a4_': 1.0, '_a5_': 1.0, '_a7_': 1.0}};{'d0': 0.024905832919416556};-280.569866449044;40.70264432096848
41397;-99.5822889035536;((_a6_ + ((pow2((x * (_a1_ * _a1_))) / _a2_) + x)) * (x * _a2_));{'d0': {'_a1_': 1.355579763312123, '_a2_': 2.1066240669904084, '_a6_': 0.8426446048667986, '_a0_': 1.0, '_a3_': 1.0, '_a4_': 1.0, '_a5_': 1.0, '_a7_': 1.0}};{'d0': 0.024905832919416556};-280.569866449044;40.70264432096848
41398;-99.5822889035536;((_a6_ + ((pow2((x * (_a1_ * _a1_))) / _a2_) + x)) * (x * _a2_));{'d0': {'_a1_': 1.355579763312123, '_a2_': 2.1066240669904084, '_a6_': 0.8426446048667986, '_a0_': 1.0, '_a3_': 1.0, '_a4_': 1.0, '_a5_': 1.0, '_a7_': 1.0}};{'d0': 0.024905832919416556};-280.569866449044;40.70264432096848
41399;-99.5822889035536;((_a6_ + ((pow2((x * (_a1_ * _a1_))) / _a2_) + x)) * (x * _a2_));{'d0': {'_a1_': 1.355579763312123, '_a2_': 2.1066240669904084, '_a6_': 0.8426446048667986, '_a0_': 1.0, '_a3_': 1.0, '_a4_': 1.0, '_a5_': 1.0, '_a7_': 1.0}};{'d0': 0.024905832919416556};-280.569866449044;40.70264432096848
41400;-99.5822889035536;((_a6_ + ((pow2((x * (_a1_ * _a1_))) / _a2_) + x)) * (x * _a2_));{'d0': {'_a1_': 1.355579763312123, '_a2_': 2.1066240669904084, '_a6_': 0.8426446048667986, '_a0_': 1.0, '_a3_': 1.0, '_a4_': 1.0, '_a5_': 1.0, '_a7_': 1.0}};{'d0': 0.024905832919416556};-280.569866449044;40.70264432096848
41401;-99.5822889035536;((_a6_ + ((pow2((x * (_a1_ * _a1_))) / _a2_) + x)) * (x * _a2_));{'d0': {'_a1_': 1.355579763312123, '_a2_': 2.1066240669904084, '_a6_': 0.8426446048667986, '_a0_': 1.0, '_a3_': 1.0, '_a4_': 1.0, '_a5_': 1.0, '_a7_': 1.0}};{'d0': 0.024905832919416556};-280.569866449044;40.70264432096848
41402;-99.5822889035536;((_a6_ + ((pow2((x * (_a1_ * _a1_))) / _a2_) + x)) * (x * _a2_));{'d0': {'_a1_': 1.355579763312123, '_a2_': 2.1066240669904084, '_a6_': 0.8426446048667986, '_a0_': 1.0, '_a3_': 1.0, '_a4_': 1.0, '_a5_': 1.0, '_a7_': 1.0}};{'d0': 0.024905832919416556};-280.569866449044;40.70264432096848
41403;-102.487633080156;((_a7_ + (((x + (_a6_ * pow3(_a6_))) * _a1_) * x)) * x);{'d0': {'_a1_': 3.3767608775176123, '_a6_': 0.8887337715450646, '_a7_': 1.7751354043944017, '_a0_': 1.0, '_a2_': 1.0, '_a3_': 1.0, '_a4_': 1.0, '_a5_': 1.0}};{'d0': 0.0249058329194166};-280.569866449044;37.79730014436603
41404;-102.487633080156;((_a7_ + (((x + (_a6_ * pow3(_a6_))) * _a1_) * x)) * x);{'d0': {'_a1_': 3.3767608775176123, '_a6_': 0.8887337715450646, '_a7_': 1.7751354043944017, '_a0_': 1.0, '_a2_': 1.0, '_a3_': 1.0, '_a4_': 1.0, '_a5_': 1.0}};{'d0': 0.0249058329194166};-280.569866449044;37.79730014436603
41405;-102.487633080156;((_a7_ + (((x + (_a6_ * pow3(_a6_))) * _a1_) * x)) * x);{'d0': {'_a1_': 3.3767608775176123, '_a6_': 0.8887337715450646, '_a7_': 1.7751354043944017, '_a0_': 1.0, '_a2_': 1.0, '_a3_': 1.0, '_a4_': 1.0, '_a5_': 1.0}};{'d0': 0.0249058329194166};-280.569866449044;37.79730014436603
41406;-102.487633080156;((_a7_ + (((x + (_a6_ * pow3(_a6_))) * _a1_) * x)) * x);{'d0': {'_a1_': 3.3767608775176123, '_a6_': 0.8887337715450646, '_a7_': 1.7751354043944017, '_a0_': 1.0, '_a2_': 1.0, '_a3_': 1.0, '_a4_': 1.0, '_a5_': 1.0}};{'d0': 0.0249058329194166};-280.569866449044;37.79730014436603
41407;-102.487633080156;((_a7_ + (((x + (_a6_ * pow3(_a6_))) * _a1_) * x)) * x);{'d0': {'_a1_': 3.3767608775176123, '_a6_': 0.8887337715450646, '_a7_': 1.7751354043944017, '_a0_': 1.0, '_a2_': 1.0, '_a3_': 1.0, '_a4_': 1.0, '_a5_': 1.0}};{'d0': 0.0249058329194166};-280.569866449044;37.79730014436603
41408;-102.487633080156;((_a7_ + (((x + (_a6_ * pow3(_a6_))) * _a1_) * x)) * x);{'d0': {'_a1_': 3.3767608775176123, '_a6_': 0.8887337715450646, '_a7_': 1.7751354043944017, '_a0_': 1.0, '_a2_': 1.0, '_a3_': 1.0, '_a4_': 1.0, '_a5_': 1.0}};{'d0': 0.0249058329194166};-280.569866449044;37.79730014436603
41409;-102.487633080156;((_a7_ + (((x + (_a6_ * pow3(_a6_))) * _a1_) * x)) * x);{'d0': {'_a1_': 3.3767608775176123, '_a6_': 0.8887337715450646, '_a7_': 1.7751354043944017, '_a0_': 1.0, '_a2_': 1.0, '_a3_': 1.0, '_a4_': 1.0, '_a5_': 1.0}};{'d0': 0.0249058329194166};-280.569866449044;37.79730014436603
41410;-95.8843544309436;((pow2(_a4_) + ((pow2((x * (_a1_ * _a1_))) / _a2_) + x)) * (x * _a2_));{'d0': {'_a1_': 1.3555797636051294, '_a2_': 2.1066240697731113, '_a4_': 0.9179567547835216, '_a0_': 1.0, '_a3_': 1.0, '_a5_': 1.0, '_a6_': 1.0, '_a7_': 1.0}};{'d0': 0.024905832919416542};-280.569866449044;44.40057879357848
41411;-95.8843544309436;((pow2(_a4_) + ((pow2((x * (_a1_ * _a1_))) / _a2_) + x)) * (x * _a2_));{'d0': {'_a1_': 1.3555797636051294, '_a2_': 2.1066240697731113, '_a4_': 0.9179567547835216, '_a0_': 1.0, '_a3_': 1.0, '_a5_': 1.0, '_a6_': 1.0, '_a7_': 1.0}};{'d0': 0.024905832919416542};-280.569866449044;44.40057879357848
41412;-95.8843544309436;((pow2(_a4_) + ((pow2((x * (_a1_ * _a1_))) / _a2_) + x)) * (x * _a2_));{'d0': {'_a1_': 1.3555797636051294, '_a2_': 2.1066240697731113, '_a4_': 0.9179567547835216, '_a0_': 1.0, '_a3_': 1.0, '_a5_': 1.0, '_a6_': 1.0, '_a7_': 1.0}};{'d0': 0.024905832919416542};-280.569866449044;44.40057879357848
41413;-95.8843544309436;((pow2(_a4_) + ((pow2((x * (_a1_ * _a1_))) / _a2_) + x)) * (x * _a2_));{'d0': {'_a1_': 1.3555797636051294, '_a2_': 2.1066240697731113, '_a4_': 0.9179567547835216, '_a0_': 1.0, '_a3_': 1.0, '_a5_': 1.0, '_a6_': 1.0, '_a7_': 1.0}};{'d0': 0.024905832919416542};-280.569866449044;44.40057879357848
41414;-95.8843544309436;((pow2(_a4_) + ((pow2((x * (_a1_ * _a1_))) / _a2_) + x)) * (x * _a2_));{'d0': {'_a1_': 1.3555797636051294, '_a2_': 2.1066240697731113, '_a4_': 0.9179567547835216, '_a0_': 1.0, '_a3_': 1.0, '_a5_': 1.0, '_a6_': 1.0, '_a7_': 1.0}};{'d0': 0.024905832919416542};-280.569866449044;44.40057879357848
41415;-94.1701460103006;((pow2(_a4_) + ((pow2((x * (_a1_ ** _a1_))) / _a2_) + x)) * (x * _a2_));{'d0': {'_a1_': 1.5001855552981496, '_a2_': 2.1066240674962264, '_a4_': 0.917956755267701, '_a0_': 1.0, '_a3_': 1.0, '_a5_': 1.0, '_a6_': 1.0, '_a7_': 1.0}};{'d0': 0.024905832919416525};-280.569866449044;46.11478721422148
41416;-94.1701460103006;((pow2(_a4_) + ((pow2((x * (_a1_ ** _a1_))) / _a2_) + x)) * (x * _a2_));{'d0': {'_a1_': 1.5001855552981496, '_a2_': 2.1066240674962264, '_a4_': 0.917956755267701, '_a0_': 1.0, '_a3_': 1.0, '_a5_': 1.0, '_a6_': 1.0, '_a7_': 1.0}};{'d0': 0.024905832919416525};-280.569866449044;46.11478721422148
41417;-91.9474794338805;(((_a1_ + _a0_) + ((pow2((x * (_a1_ ** _a1_))) / _a2_) + x)) * (x * _a2_));{'d0': {'_a0_': -0.6575409518015081, '_a1_': 1.5001855554213237, '_a2_': 2.1066240689950626, '_a3_': 1.0, '_a4_': 1.0, '_a5_': 1.0, '_a6_': 1.0, '_a7_': 1.0}};{'d0': 0.02490583291941659};-280.569866449044;48.337453790641476
41418;-91.9474794338805;(((_a1_ + _a0_) + ((pow2((x * (_a1_ ** _a1_))) / _a2_) + x)) * (x * _a2_));{'d0': {'_a0_': -0.6575409518015081, '_a1_': 1.5001855554213237, '_a2_': 2.1066240689950626, '_a3_': 1.0, '_a4_': 1.0, '_a5_': 1.0, '_a6_': 1.0, '_a7_': 1.0}};{'d0': 0.02490583291941659};-280.569866449044;48.337453790641476
41419;-92.9187405574535;(((_a1_ * _a0_) + ((pow2((x * (_a1_ ** _a1_))) / _a2_) + x)) * (x * _a2_));{'d0': {'_a0_': 0.5616935854258396, '_a1_': 1.5001855554645676, '_a2_': 2.1066240692902816, '_a3_': 1.0, '_a4_': 1.0, '_a5_': 1.0, '_a6_': 1.0, '_a7_': 1.0}};{'d0': 0.024905832919416643};-280.569866449044;47.366192667068475
41420;-92.9187405574535;(((_a1_ * _a0_) + ((pow2((x * (_a1_ ** _a1_))) / _a2_) + x)) * (x * _a2_));{'d0': {'_a0_': 0.5616935854258396, '_a1_': 1.5001855554645676, '_a2_': 2.1066240692902816, '_a3_': 1.0, '_a4_': 1.0, '_a5_': 1.0, '_a6_': 1.0, '_a7_': 1.0}};{'d0': 0.024905832919416643};-280.569866449044;47.366192667068475
41421;-92.9187405574535;(((_a1_ * _a0_) + ((pow2((x * (_a1_ ** _a1_))) / _a2_) + x)) * (x * _a2_));{'d0': {'_a0_': 0.5616935854258396, '_a1_': 1.5001855554645676, '_a2_': 2.1066240692902816, '_a3_': 1.0, '_a4_': 1.0, '_a5_': 1.0, '_a6_': 1.0, '_a7_': 1.0}};{'d0': 0.024905832919416643};-280.569866449044;47.366192667068475
41422;-92.9187405574535;(((_a1_ * _a0_) + ((pow2((x * (_a1_ ** _a1_))) / _a2_) + x)) * (x * _a2_));{'d0': {'_a0_': 0.5616935854258396, '_a1_': 1.5001855554645676, '_a2_': 2.1066240692902816, '_a3_': 1.0, '_a4_': 1.0, '_a5_': 1.0, '_a6_': 1.0, '_a7_': 1.0}};{'d0': 0.024905832919416643};-280.569866449044;47.366192667068475
41423;-86.3258584950434;(((_a1_ * _a0_) + ((pow2((x * (_a1_ ** _a1_))) / pow3(_a1_)) + x)) * (x * _a2_));{'d0': {'_a0_': 0.44935641494670564, '_a1_': 1.8752254913799382, '_a2_': 2.1066240685528266, '_a3_': 1.0, '_a4_': 1.0, '_a5_': 1.0, '_a6_': 1.0, '_a7_': 1.0}};{'d0': 0.024905832919416695};-280.569866449043;53.95907472947847
41424;-86.3258584950434;(((_a1_ * _a0_) + ((pow2((x * (_a1_ ** _a1_))) / pow3(_a1_)) + x)) * (x * _a2_));{'d0': {'_a0_': 0.44935641494670564, '_a1_': 1.8752254913799382, '_a2_': 2.1066240685528266, '_a3_': 1.0, '_a4_': 1.0, '_a5_': 1.0, '_a6_': 1.0, '_a7_': 1.0}};{'d0': 0.024905832919416695};-280.569866449043;53.95907472947847
41425;-86.3258584950434;(((_a1_ * _a0_) + ((pow2((x * (_a1_ ** _a1_))) / pow3(_a1_)) + x)) * (x * _a2_));{'d0': {'_a0_': 0.44935641494670564, '_a1_': 1.8752254913799382, '_a2_': 2.1066240685528266, '_a3_': 1.0, '_a4_': 1.0, '_a5_': 1.0, '_a6_': 1.0, '_a7_': 1.0}};{'d0': 0.024905832919416695};-280.569866449043;53.95907472947847
41426;-86.3258584950434;(((_a1_ * _a0_) + ((pow2((x * (_a1_ ** _a1_))) / pow3(_a1_)) + x)) * (x * _a2_));{'d0': {'_a0_': 0.44935641494670564, '_a1_': 1.8752254913799382, '_a2_': 2.1066240685528266, '_a3_': 1.0, '_a4_': 1.0, '_a5_': 1.0, '_a6_': 1.0, '_a7_': 1.0}};{'d0': 0.024905832919416695};-280.569866449043;53.95907472947847
41427;-102.150153509051;((_a3_ + (x * (_a6_ * ((_a2_ + x) / cos(_a2_))))) * x);{'d0': {'_a2_': 0.6238594155273093, '_a3_': 1.775135404172758, '_a6_': 2.740680245320489, '_a0_': 1.0, '_a1_': 1.0, '_a4_': 1.0, '_a5_': 1.0, '_a7_': 1.0}};{'d0': 0.024905832919416646};-280.569866449044;38.13477971547151
41428;-102.150153509051;((_a3_ + (x * (_a6_ * ((_a2_ + x) / cos(_a2_))))) * x);{'d0': {'_a2_': 0.6238594155273093, '_a3_': 1.775135404172758, '_a6_': 2.740680245320489, '_a0_': 1.0, '_a1_': 1.0, '_a4_': 1.0, '_a5_': 1.0, '_a7_': 1.0}};{'d0': 0.024905832919416646};-280.569866449044;38.13477971547151
41429;-102.150153509051;((_a3_ + (x * (_a6_ * ((_a2_ + x) / cos(_a2_))))) * x);{'d0': {'_a2_': 0.6238594155273093, '_a3_': 1.775135404172758, '_a6_': 2.740680245320489, '_a0_': 1.0, '_a1_': 1.0, '_a4_': 1.0, '_a5_': 1.0, '_a7_': 1.0}};{'d0': 0.024905832919416646};-280.569866449044;38.13477971547151
41430;-102.150153509051;((_a3_ + (x * (_a6_ * ((_a2_ + x) / cos(_a2_))))) * x);{'d0': {'_a2_': 0.6238594155273093, '_a3_': 1.775135404172758, '_a6_': 2.740680245320489, '_a0_': 1.0, '_a1_': 1.0, '_a4_': 1.0, '_a5_': 1.0, '_a7_': 1.0}};{'d0': 0.024905832919416646};-280.569866449044;38.13477971547151
41431;-102.150153509051;((_a3_ + (x * (_a6_ * ((_a2_ + x) / cos(_a2_))))) * x);{'d0': {'_a2_': 0.6238594155273093, '_a3_': 1.775135404172758, '_a6_': 2.740680245320489, '_a0_': 1.0, '_a1_': 1.0, '_a4_': 1.0, '_a5_': 1.0, '_a7_': 1.0}};{'d0': 0.024905832919416646};-280.569866449044;38.13477971547151
41432;-102.150153509051;((_a3_ + (x * (_a6_ * ((_a2_ + x) / cos(_a2_))))) * x);{'d0': {'_a2_': 0.6238594155273093, '_a3_': 1.775135404172758, '_a6_': 2.740680245320489, '_a0_': 1.0, '_a1_': 1.0, '_a4_': 1.0, '_a5_': 1.0, '_a7_': 1.0}};{'d0': 0.024905832919416646};-280.569866449044;38.13477971547151
41433;-102.150153509051;((_a3_ + (x * (_a6_ * ((_a2_ + x) / cos(_a2_))))) * x);{'d0': {'_a2_': 0.6238594155273093, '_a3_': 1.775135404172758, '_a6_': 2.740680245320489, '_a0_': 1.0, '_a1_': 1.0, '_a4_': 1.0, '_a5_': 1.0, '_a7_': 1.0}};{'d0': 0.024905832919416646};-280.569866449044;38.13477971547151
41434;-103.001105349996;((_a3_ + (x * (_a6_ * ((_a2_ + x) * cos(_a2_))))) * x);{'d0': {'_a2_': 0.6238594155859026, '_a3_': 1.7751354043865373, '_a6_': 4.160468573351253, '_a0_': 1.0, '_a1_': 1.0, '_a4_': 1.0, '_a5_': 1.0, '_a7_': 1.0}};{'d0': 0.024905832919416615};-280.569866449044;37.28382787452611
41435;-103.001105349996;((_a3_ + (x * (_a6_ * ((_a2_ + x) * cos(_a2_))))) * x);{'d0': {'_a2_': 0.6238594155859026, '_a3_': 1.7751354043865373, '_a6_': 4.160468573351253, '_a0_': 1.0, '_a1_': 1.0, '_a4_': 1.0, '_a5_': 1.0, '_a7_': 1.0}};{'d0': 0.024905832919416615};-280.569866449044;37.28382787452611
41436;-103.001105349996;((_a3_ + (x * (_a6_ * ((_a2_ + x) * cos(_a2_))))) * x);{'d0': {'_a2_': 0.6238594155859026, '_a3_': 1.7751354043865373, '_a6_': 4.160468573351253, '_a0_': 1.0, '_a1_': 1.0, '_a4_': 1.0, '_a5_': 1.0, '_a7_': 1.0}};{'d0': 0.024905832919416615};-280.569866449044;37.28382787452611
41437;-103.001105349996;((_a3_ + (x * (_a6_ * ((_a2_ + x) * cos(_a2_))))) * x);{'d0': {'_a2_': 0.6238594155859026, '_a3_': 1.7751354043865373, '_a6_': 4.160468573351253, '_a0_': 1.0, '_a1_': 1.0, '_a4_': 1.0, '_a5_': 1.0, '_a7_': 1.0}};{'d0': 0.024905832919416615};-280.569866449044;37.28382787452611
41438;-103.001105349996;((_a3_ + (x * (_a6_ * ((_a2_ + x) * cos(_a2_))))) * x);{'d0': {'_a2_': 0.6238594155859026, '_a3_': 1.7751354043865373, '_a6_': 4.160468573351253, '_a0_': 1.0, '_a1_': 1.0, '_a4_': 1.0, '_a5_': 1.0, '_a7_': 1.0}};{'d0': 0.024905832919416615};-280.569866449044;37.28382787452611
41439;-103.001105349996;((_a3_ + (x * (_a6_ * ((_a2_ + x) * cos(_a2_))))) * x);{'d0': {'_a2_': 0.6238594155859026, '_a3_': 1.7751354043865373, '_a6_': 4.160468573351253, '_a0_': 1.0, '_a1_': 1.0, '_a4_': 1.0, '_a5_': 1.0, '_a7_': 1.0}};{'d0': 0.024905832919416615};-280.569866449044;37.28382787452611
41440;-103.001105349996;((_a3_ + (x * (_a6_ * ((_a2_ + x) * cos(_a2_))))) * x);{'d0': {'_a2_': 0.6238594155859026, '_a3_': 1.7751354043865373, '_a6_': 4.160468573351253, '_a0_': 1.0, '_a1_': 1.0, '_a4_': 1.0, '_a5_': 1.0, '_a7_': 1.0}};{'d0': 0.024905832919416615};-280.569866449044;37.28382787452611
41441;-103.001105349996;((_a3_ + (x * (_a6_ * ((_a2_ + x) * cos(_a2_))))) * x);{'d0': {'_a2_': 0.6238594155859026, '_a3_': 1.7751354043865373, '_a6_': 4.160468573351253, '_a0_': 1.0, '_a1_': 1.0, '_a4_': 1.0, '_a5_': 1.0, '_a7_': 1.0}};{'d0': 0.024905832919416615};-280.569866449044;37.28382787452611
41442;-103.001105349996;((_a3_ + (x * (_a6_ * ((_a2_ + x) * cos(_a2_))))) * x);{'d0': {'_a2_': 0.6238594155859026, '_a3_': 1.7751354043865373, '_a6_': 4.160468573351253, '_a0_': 1.0, '_a1_': 1.0, '_a4_': 1.0, '_a5_': 1.0, '_a7_': 1.0}};{'d0': 0.024905832919416615};-280.569866449044;37.28382787452611
41443;-103.001105349996;((_a3_ + (x * (_a6_ * ((_a2_ + x) * cos(_a2_))))) * x);{'d0': {'_a2_': 0.6238594155859026, '_a3_': 1.7751354043865373, '_a6_': 4.160468573351253, '_a0_': 1.0, '_a1_': 1.0, '_a4_': 1.0, '_a5_': 1.0, '_a7_': 1.0}};{'d0': 0.024905832919416615};-280.569866449044;37.28382787452611
41444;-103.001105349996;((_a3_ + (x * (_a6_ * ((_a2_ + x) * cos(_a2_))))) * x);{'d0': {'_a2_': 0.6238594155859026, '_a3_': 1.7751354043865373, '_a6_': 4.160468573351253, '_a0_': 1.0, '_a1_': 1.0, '_a4_': 1.0, '_a5_': 1.0, '_a7_': 1.0}};{'d0': 0.024905832919416615};-280.569866449044;37.28382787452611
41445;-103.001105349996;((_a3_ + (x * (_a6_ * ((_a2_ + x) * cos(_a2_))))) * x);{'d0': {'_a2_': 0.6238594155859026, '_a3_': 1.7751354043865373, '_a6_': 4.160468573351253, '_a0_': 1.0, '_a1_': 1.0, '_a4_': 1.0, '_a5_': 1.0, '_a7_': 1.0}};{'d0': 0.024905832919416615};-280.569866449044;37.28382787452611
41446;-103.001105349996;((_a3_ + (x * (_a6_ * ((_a2_ + x) * cos(_a2_))))) * x);{'d0': {'_a2_': 0.6238594155859026, '_a3_': 1.7751354043865373, '_a6_': 4.160468573351253, '_a0_': 1.0, '_a1_': 1.0, '_a4_': 1.0, '_a5_': 1.0, '_a7_': 1.0}};{'d0': 0.024905832919416615};-280.569866449044;37.28382787452611
41447;-103.001105349996;((_a3_ + (x * (_a6_ * ((_a2_ + x) * cos(_a2_))))) * x);{'d0': {'_a2_': 0.6238594155859026, '_a3_': 1.7751354043865373, '_a6_': 4.160468573351253, '_a0_': 1.0, '_a1_': 1.0, '_a4_': 1.0, '_a5_': 1.0, '_a7_': 1.0}};{'d0': 0.024905832919416615};-280.569866449044;37.28382787452611
41448;-103.001105349996;((_a3_ + (x * (_a6_ * ((_a2_ + x) * cos(_a2_))))) * x);{'d0': {'_a2_': 0.6238594155859026, '_a3_': 1.7751354043865373, '_a6_': 4.160468573351253, '_a0_': 1.0, '_a1_': 1.0, '_a4_': 1.0, '_a5_': 1.0, '_a7_': 1.0}};{'d0': 0.024905832919416615};-280.569866449044;37.28382787452611
41449;-103.001105349996;((_a3_ + (x * (_a6_ * ((_a2_ + x) * cos(_a2_))))) * x);{'d0': {'_a2_': 0.6238594155859026, '_a3_': 1.7751354043865373, '_a6_': 4.160468573351253, '_a0_': 1.0, '_a1_': 1.0, '_a4_': 1.0, '_a5_': 1.0, '_a7_': 1.0}};{'d0': 0.024905832919416615};-280.569866449044;37.28382787452611
41450;-103.001105349996;((_a3_ + (x * (_a6_ * ((_a2_ + x) * cos(_a2_))))) * x);{'d0': {'_a2_': 0.6238594155859026, '_a3_': 1.7751354043865373, '_a6_': 4.160468573351253, '_a0_': 1.0, '_a1_': 1.0, '_a4_': 1.0, '_a5_': 1.0, '_a7_': 1.0}};{'d0': 0.024905832919416615};-280.569866449044;37.28382787452611
41451;-103.001105349996;((_a3_ + (x * (_a6_ * ((_a2_ + x) * cos(_a2_))))) * x);{'d0': {'_a2_': 0.6238594155859026, '_a3_': 1.7751354043865373, '_a6_': 4.160468573351253, '_a0_': 1.0, '_a1_': 1.0, '_a4_': 1.0, '_a5_': 1.0, '_a7_': 1.0}};{'d0': 0.024905832919416615};-280.569866449044;37.28382787452611
41452;-103.001105349996;((_a3_ + (x * (_a6_ * ((_a2_ + x) * cos(_a2_))))) * x);{'d0': {'_a2_': 0.6238594155859026, '_a3_': 1.7751354043865373, '_a6_': 4.160468573351253, '_a0_': 1.0, '_a1_': 1.0, '_a4_': 1.0, '_a5_': 1.0, '_a7_': 1.0}};{'d0': 0.024905832919416615};-280.569866449044;37.28382787452611
41453;-97.9794081382169;((_a3_ + (x * (_a6_ * (((_a2_ * _a6_) + x) * cos(_a2_))))) * x);{'d0': {'_a2_': 0.18170915348428046, '_a3_': 1.775135404411518, '_a6_': 3.4332855755783713, '_a0_': 1.0, '_a1_': 1.0, '_a4_': 1.0, '_a5_': 1.0, '_a7_': 1.0}};{'d0': 0.024905832919416653};-280.569866449044;42.30552508630511
41454;-97.9794081382169;((_a3_ + (x * (_a6_ * (((_a2_ * _a6_) + x) * cos(_a2_))))) * x);{'d0': {'_a2_': 0.18170915348428046, '_a3_': 1.775135404411518, '_a6_': 3.4332855755783713, '_a0_': 1.0, '_a1_': 1.0, '_a4_': 1.0, '_a5_': 1.0, '_a7_': 1.0}};{'d0': 0.024905832919416653};-280.569866449044;42.30552508630511
41455;-97.9794081382169;((_a3_ + (x * (_a6_ * (((_a2_ * _a6_) + x) * cos(_a2_))))) * x);{'d0': {'_a2_': 0.18170915348428046, '_a3_': 1.775135404411518, '_a6_': 3.4332855755783713, '_a0_': 1.0, '_a1_': 1.0, '_a4_': 1.0, '_a5_': 1.0, '_a7_': 1.0}};{'d0': 0.024905832919416653};-280.569866449044;42.30552508630511
41456;-97.9794081382169;((_a3_ + (x * (_a6_ * (((_a2_ * _a6_) + x) * cos(_a2_))))) * x);{'d0': {'_a2_': 0.18170915348428046, '_a3_': 1.775135404411518, '_a6_': 3.4332855755783713, '_a0_': 1.0, '_a1_': 1.0, '_a4_': 1.0, '_a5_': 1.0, '_a7_': 1.0}};{'d0': 0.024905832919416653};-280.569866449044;42.30552508630511
41457;-97.9794081382169;((_a3_ + (x * (_a6_ * (((_a2_ * _a6_) + x) * cos(_a2_))))) * x);{'d0': {'_a2_': 0.18170915348428046, '_a3_': 1.775135404411518, '_a6_': 3.4332855755783713, '_a0_': 1.0, '_a1_': 1.0, '_a4_': 1.0, '_a5_': 1.0, '_a7_': 1.0}};{'d0': 0.024905832919416653};-280.569866449044;42.30552508630511
41458;-97.9794081382169;((_a3_ + (x * (_a6_ * (((_a2_ * _a6_) + x) * cos(_a2_))))) * x);{'d0': {'_a2_': 0.18170915348428046, '_a3_': 1.775135404411518, '_a6_': 3.4332855755783713, '_a0_': 1.0, '_a1_': 1.0, '_a4_': 1.0, '_a5_': 1.0, '_a7_': 1.0}};{'d0': 0.024905832919416653};-280.569866449044;42.30552508630511
41459;-97.9794081382169;((_a3_ + (x * (_a6_ * (((_a2_ * _a6_) + x) * cos(_a2_))))) * x);{'d0': {'_a2_': 0.18170915348428046, '_a3_': 1.775135404411518, '_a6_': 3.4332855755783713, '_a0_': 1.0, '_a1_': 1.0, '_a4_': 1.0, '_a5_': 1.0, '_a7_': 1.0}};{'d0': 0.024905832919416653};-280.569866449044;42.30552508630511
41460;-97.9794081382169;((_a3_ + (x * (_a6_ * (((_a2_ * _a6_) + x) * cos(_a2_))))) * x);{'d0': {'_a2_': 0.18170915348428046, '_a3_': 1.775135404411518, '_a6_': 3.4332855755783713, '_a0_': 1.0, '_a1_': 1.0, '_a4_': 1.0, '_a5_': 1.0, '_a7_': 1.0}};{'d0': 0.024905832919416653};-280.569866449044;42.30552508630511
41461;-97.9794081382169;((_a3_ + (x * (_a6_ * (((_a2_ * _a6_) + x) * cos(_a2_))))) * x);{'d0': {'_a2_': 0.18170915348428046, '_a3_': 1.775135404411518, '_a6_': 3.4332855755783713, '_a0_': 1.0, '_a1_': 1.0, '_a4_': 1.0, '_a5_': 1.0, '_a7_': 1.0}};{'d0': 0.024905832919416653};-280.569866449044;42.30552508630511
41462;-97.9794081382169;((_a3_ + (x * (_a6_ * (((_a2_ * _a6_) + x) * cos(_a2_))))) * x);{'d0': {'_a2_': 0.18170915348428046, '_a3_': 1.775135404411518, '_a6_': 3.4332855755783713, '_a0_': 1.0, '_a1_': 1.0, '_a4_': 1.0, '_a5_': 1.0, '_a7_': 1.0}};{'d0': 0.024905832919416653};-280.569866449044;42.30552508630511
41463;-97.9794081382169;((_a3_ + (x * (_a6_ * (((_a2_ * _a6_) + x) * cos(_a2_))))) * x);{'d0': {'_a2_': 0.18170915348428046, '_a3_': 1.775135404411518, '_a6_': 3.4332855755783713, '_a0_': 1.0, '_a1_': 1.0, '_a4_': 1.0, '_a5_': 1.0, '_a7_': 1.0}};{'d0': 0.024905832919416653};-280.569866449044;42.30552508630511
41464;-97.9794081382169;((_a3_ + (x * (_a6_ * (((_a2_ * _a6_) + x) * cos(_a2_))))) * x);{'d0': {'_a2_': 0.18170915348428046, '_a3_': 1.775135404411518, '_a6_': 3.4332855755783713, '_a0_': 1.0, '_a1_': 1.0, '_a4_': 1.0, '_a5_': 1.0, '_a7_': 1.0}};{'d0': 0.024905832919416653};-280.569866449044;42.30552508630511
41465;-97.9794081382169;((_a3_ + (x * (_a6_ * (((_a2_ * _a6_) + x) * cos(_a2_))))) * x);{'d0': {'_a2_': 0.18170915348428046, '_a3_': 1.775135404411518, '_a6_': 3.4332855755783713, '_a0_': 1.0, '_a1_': 1.0, '_a4_': 1.0, '_a5_': 1.0, '_a7_': 1.0}};{'d0': 0.024905832919416653};-280.569866449044;42.30552508630511
41466;-97.9794081382169;((_a3_ + (x * (_a6_ * (((_a2_ * _a6_) + x) * cos(_a2_))))) * x);{'d0': {'_a2_': 0.18170915348428046, '_a3_': 1.775135404411518, '_a6_': 3.4332855755783713, '_a0_': 1.0, '_a1_': 1.0, '_a4_': 1.0, '_a5_': 1.0, '_a7_': 1.0}};{'d0': 0.024905832919416653};-280.569866449044;42.30552508630511
41467;-97.9794081382169;((_a3_ + (x * (_a6_ * (((_a2_ * _a6_) + x) * cos(_a2_))))) * x);{'d0': {'_a2_': 0.18170915348428046, '_a3_': 1.775135404411518, '_a6_': 3.4332855755783713, '_a0_': 1.0, '_a1_': 1.0, '_a4_': 1.0, '_a5_': 1.0, '_a7_': 1.0}};{'d0': 0.024905832919416653};-280.569866449044;42.30552508630511
41468;-99.4619796209257;((pow2(x) * _a5_) + ((((x * x) + _a2_) * (_a7_ + _a5_)) * x));{'d0': {'_a2_': 0.5256917721108282, '_a5_': 2.1066240644611818, '_a7_': 1.2701368058569227, '_a0_': 1.0, '_a1_': 1.0, '_a3_': 1.0, '_a4_': 1.0, '_a6_': 1.0}};{'d0': 0.024905832919416653};-280.569866449044;40.82295360359594
41469;-99.4619796209257;((pow2(x) * _a5_) + ((((x * x) + _a2_) * (_a7_ + _a5_)) * x));{'d0': {'_a2_': 0.5256917721108282, '_a5_': 2.1066240644611818, '_a7_': 1.2701368058569227, '_a0_': 1.0, '_a1_': 1.0, '_a3_': 1.0, '_a4_': 1.0, '_a6_': 1.0}};{'d0': 0.024905832919416653};-280.569866449044;40.82295360359594
41470;-94.2994609779566;((_a3_ + (-(x) * (_a6_ * (((_a2_ * _a6_) + x) * cos(_a2_))))) * x);{'d0': {'_a2_': -0.18170915347791258, '_a3_': 1.775135404311262, '_a6_': -3.4332855754233536, '_a0_': 1.0, '_a1_': 1.0, '_a4_': 1.0, '_a5_': 1.0, '_a7_': 1.0}};{'d0': 0.024905832919416605};-280.569866449044;45.9854722465655
41471;-94.2994609779566;((_a3_ + (-(x) * (_a6_ * (((_a2_ * _a6_) + x) * cos(_a2_))))) * x);{'d0': {'_a2_': -0.18170915347791258, '_a3_': 1.775135404311262, '_a6_': -3.4332855754233536, '_a0_': 1.0, '_a1_': 1.0, '_a4_': 1.0, '_a5_': 1.0, '_a7_': 1.0}};{'d0': 0.024905832919416605};-280.569866449044;45.9854722465655
41472;-90.6015265053466;((_a3_ + (-(x) * (_a6_ * (((_a2_ * _a6_) + x) * cos(pow2(_a2_)))))) * x);{'d0': {'_a2_': -0.18464348015619214, '_a3_': 1.775135404213254, '_a6_': -3.3787243137191196, '_a0_': 1.0, '_a1_': 1.0, '_a4_': 1.0, '_a5_': 1.0, '_a7_': 1.0}};{'d0': 0.024905832919416625};-280.569866449044;49.6834067191755
41473;-90.6015265053466;((_a3_ + (-(x) * (_a6_ * (((_a2_ * _a6_) + x) * cos(pow2(_a2_)))))) * x);{'d0': {'_a2_': -0.18464348015619214, '_a3_': 1.775135404213254, '_a6_': -3.3787243137191196, '_a0_': 1.0, '_a1_': 1.0, '_a4_': 1.0, '_a5_': 1.0, '_a7_': 1.0}};{'d0': 0.024905832919416625};-280.569866449044;49.6834067191755
41474;-90.6015265053466;((_a3_ + (-(x) * (_a6_ * (((_a2_ * _a6_) + x) * cos(pow2(_a2_)))))) * x);{'d0': {'_a2_': -0.18464348015619214, '_a3_': 1.775135404213254, '_a6_': -3.3787243137191196, '_a0_': 1.0, '_a1_': 1.0, '_a4_': 1.0, '_a5_': 1.0, '_a7_': 1.0}};{'d0': 0.024905832919416625};-280.569866449044;49.6834067191755
41475;-90.6015265053466;((_a3_ + (-(x) * (_a6_ * (((_a2_ * _a6_) + x) * cos(pow2(_a2_)))))) * x);{'d0': {'_a2_': -0.18464348015619214, '_a3_': 1.775135404213254, '_a6_': -3.3787243137191196, '_a0_': 1.0, '_a1_': 1.0, '_a4_': 1.0, '_a5_': 1.0, '_a7_': 1.0}};{'d0': 0.024905832919416625};-280.569866449044;49.6834067191755
41476;-90.6015265053466;((_a3_ + (-(x) * (_a6_ * (((_a2_ * _a6_) + x) * cos(pow2(_a2_)))))) * x);{'d0': {'_a2_': -0.18464348015619214, '_a3_': 1.775135404213254, '_a6_': -3.3787243137191196, '_a0_': 1.0, '_a1_': 1.0, '_a4_': 1.0, '_a5_': 1.0, '_a7_': 1.0}};{'d0': 0.024905832919416625};-280.569866449044;49.6834067191755
41477;-90.6015265053466;((_a3_ + (-(x) * (_a6_ * (((_a2_ * _a6_) + x) * cos(pow2(_a2_)))))) * x);{'d0': {'_a2_': -0.18464348015619214, '_a3_': 1.775135404213254, '_a6_': -3.3787243137191196, '_a0_': 1.0, '_a1_': 1.0, '_a4_': 1.0, '_a5_': 1.0, '_a7_': 1.0}};{'d0': 0.024905832919416625};-280.569866449044;49.6834067191755
41478;-90.6015265053466;((_a3_ + (-(x) * (_a6_ * (((_a2_ * _a6_) + x) * cos(pow2(_a2_)))))) * x);{'d0': {'_a2_': -0.18464348015619214, '_a3_': 1.775135404213254, '_a6_': -3.3787243137191196, '_a0_': 1.0, '_a1_': 1.0, '_a4_': 1.0, '_a5_': 1.0, '_a7_': 1.0}};{'d0': 0.024905832919416625};-280.569866449044;49.6834067191755
41479;-90.6015265053466;((_a3_ + (-(x) * (_a6_ * (((_a2_ * _a6_) + x) * cos(pow2(_a2_)))))) * x);{'d0': {'_a2_': -0.18464348015619214, '_a3_': 1.775135404213254, '_a6_': -3.3787243137191196, '_a0_': 1.0, '_a1_': 1.0, '_a4_': 1.0, '_a5_': 1.0, '_a7_': 1.0}};{'d0': 0.024905832919416625};-280.569866449044;49.6834067191755
41480;-90.6015265053466;((_a3_ + (-(x) * (_a6_ * (((_a2_ * _a6_) + x) * cos(pow2(_a2_)))))) * x);{'d0': {'_a2_': -0.18464348015619214, '_a3_': 1.775135404213254, '_a6_': -3.3787243137191196, '_a0_': 1.0, '_a1_': 1.0, '_a4_': 1.0, '_a5_': 1.0, '_a7_': 1.0}};{'d0': 0.024905832919416625};-280.569866449044;49.6834067191755
41481;-90.6015265053466;((_a3_ + (-(x) * (_a6_ * (((_a2_ * _a6_) + x) * cos(pow2(_a2_)))))) * x);{'d0': {'_a2_': -0.18464348015619214, '_a3_': 1.775135404213254, '_a6_': -3.3787243137191196, '_a0_': 1.0, '_a1_': 1.0, '_a4_': 1.0, '_a5_': 1.0, '_a7_': 1.0}};{'d0': 0.024905832919416625};-280.569866449044;49.6834067191755
41482;-90.6015265053466;((_a3_ + (-(x) * (_a6_ * (((_a2_ * _a6_) + x) * cos(pow2(_a2_)))))) * x);{'d0': {'_a2_': -0.18464348015619214, '_a3_': 1.775135404213254, '_a6_': -3.3787243137191196, '_a0_': 1.0, '_a1_': 1.0, '_a4_': 1.0, '_a5_': 1.0, '_a7_': 1.0}};{'d0': 0.024905832919416625};-280.569866449044;49.6834067191755
41483;-90.6015265053466;((_a3_ + (-(x) * (_a6_ * (((_a2_ * _a6_) + x) * cos(pow2(_a2_)))))) * x);{'d0': {'_a2_': -0.18464348015619214, '_a3_': 1.775135404213254, '_a6_': -3.3787243137191196, '_a0_': 1.0, '_a1_': 1.0, '_a4_': 1.0, '_a5_': 1.0, '_a7_': 1.0}};{'d0': 0.024905832919416625};-280.569866449044;49.6834067191755
41484;-90.6015265053466;((_a3_ + (-(x) * (_a6_ * (((_a2_ * _a6_) + x) * cos(pow2(_a2_)))))) * x);{'d0': {'_a2_': -0.18464348015619214, '_a3_': 1.775135404213254, '_a6_': -3.3787243137191196, '_a0_': 1.0, '_a1_': 1.0, '_a4_': 1.0, '_a5_': 1.0, '_a7_': 1.0}};{'d0': 0.024905832919416625};-280.569866449044;49.6834067191755
41485;-90.6015265053466;((_a3_ + (-(x) * (_a6_ * (((_a2_ * _a6_) + x) * cos(pow2(_a2_)))))) * x);{'d0': {'_a2_': -0.18464348015619214, '_a3_': 1.775135404213254, '_a6_': -3.3787243137191196, '_a0_': 1.0, '_a1_': 1.0, '_a4_': 1.0, '_a5_': 1.0, '_a7_': 1.0}};{'d0': 0.024905832919416625};-280.569866449044;49.6834067191755
41486;-90.6015265053466;((_a3_ + (-(x) * (_a6_ * (((_a2_ * _a6_) + x) * cos(pow2(_a2_)))))) * x);{'d0': {'_a2_': -0.18464348015619214, '_a3_': 1.775135404213254, '_a6_': -3.3787243137191196, '_a0_': 1.0, '_a1_': 1.0, '_a4_': 1.0, '_a5_': 1.0, '_a7_': 1.0}};{'d0': 0.024905832919416625};-280.569866449044;49.6834067191755
41487;-90.6015265053466;((_a3_ + (-(x) * (_a6_ * (((_a2_ * _a6_) + x) * cos(pow2(_a2_)))))) * x);{'d0': {'_a2_': -0.18464348015619214, '_a3_': 1.775135404213254, '_a6_': -3.3787243137191196, '_a0_': 1.0, '_a1_': 1.0, '_a4_': 1.0, '_a5_': 1.0, '_a7_': 1.0}};{'d0': 0.024905832919416625};-280.569866449044;49.6834067191755
41488;-90.6015265053466;((_a3_ + (-(x) * (_a6_ * (((_a2_ * _a6_) + x) * cos(pow2(_a2_)))))) * x);{'d0': {'_a2_': -0.18464348015619214, '_a3_': 1.775135404213254, '_a6_': -3.3787243137191196, '_a0_': 1.0, '_a1_': 1.0, '_a4_': 1.0, '_a5_': 1.0, '_a7_': 1.0}};{'d0': 0.024905832919416625};-280.569866449044;49.6834067191755
41489;-90.6015265053466;((_a3_ + (-(x) * (_a6_ * (((_a2_ * _a6_) + x) * cos(pow2(_a2_)))))) * x);{'d0': {'_a2_': -0.18464348015619214, '_a3_': 1.775135404213254, '_a6_': -3.3787243137191196, '_a0_': 1.0, '_a1_': 1.0, '_a4_': 1.0, '_a5_': 1.0, '_a7_': 1.0}};{'d0': 0.024905832919416625};-280.569866449044;49.6834067191755
41490;-90.6015265053466;((_a3_ + (-(x) * (_a6_ * (((_a2_ * _a6_) + x) * cos(pow2(_a2_)))))) * x);{'d0': {'_a2_': -0.18464348015619214, '_a3_': 1.775135404213254, '_a6_': -3.3787243137191196, '_a0_': 1.0, '_a1_': 1.0, '_a4_': 1.0, '_a5_': 1.0, '_a7_': 1.0}};{'d0': 0.024905832919416625};-280.569866449044;49.6834067191755
41491;-90.6015265053466;((_a3_ + (-(x) * (_a6_ * (((_a2_ * _a6_) + x) * cos(pow2(_a2_)))))) * x);{'d0': {'_a2_': -0.18464348015619214, '_a3_': 1.775135404213254, '_a6_': -3.3787243137191196, '_a0_': 1.0, '_a1_': 1.0, '_a4_': 1.0, '_a5_': 1.0, '_a7_': 1.0}};{'d0': 0.024905832919416625};-280.569866449044;49.6834067191755
41492;-89.8229319507232;((_a3_ + (-(x) * (_a6_ * (((_a2_ * _a6_) + x) / cos(pow2(_a2_)))))) * x);{'d0': {'_a2_': -0.18485876853561217, '_a3_': 1.7751354043229683, '_a6_': -3.374789416068629, '_a0_': 1.0, '_a1_': 1.0, '_a4_': 1.0, '_a5_': 1.0, '_a7_': 1.0}};{'d0': 0.024905832919416608};-280.569866449044;50.4620012737989
41493;-89.8229319507232;((_a3_ + (-(x) * (_a6_ * (((_a2_ * _a6_) + x) / cos(pow2(_a2_)))))) * x);{'d0': {'_a2_': -0.18485876853561217, '_a3_': 1.7751354043229683, '_a6_': -3.374789416068629, '_a0_': 1.0, '_a1_': 1.0, '_a4_': 1.0, '_a5_': 1.0, '_a7_': 1.0}};{'d0': 0.024905832919416608};-280.569866449044;50.4620012737989
41494;-89.8229319507232;((_a3_ + (-(x) * (_a6_ * (((_a2_ * _a6_) + x) / cos(pow2(_a2_)))))) * x);{'d0': {'_a2_': -0.18485876853561217, '_a3_': 1.7751354043229683, '_a6_': -3.374789416068629, '_a0_': 1.0, '_a1_': 1.0, '_a4_': 1.0, '_a5_': 1.0, '_a7_': 1.0}};{'d0': 0.024905832919416608};-280.569866449044;50.4620012737989
41495;-89.8229319507232;((_a3_ + (-(x) * (_a6_ * (((_a2_ * _a6_) + x) / cos(pow2(_a2_)))))) * x);{'d0': {'_a2_': -0.18485876853561217, '_a3_': 1.7751354043229683, '_a6_': -3.374789416068629, '_a0_': 1.0, '_a1_': 1.0, '_a4_': 1.0, '_a5_': 1.0, '_a7_': 1.0}};{'d0': 0.024905832919416608};-280.569866449044;50.4620012737989
41496;-89.8229319507232;((_a3_ + (-(x) * (_a6_ * (((_a2_ * _a6_) + x) / cos(pow2(_a2_)))))) * x);{'d0': {'_a2_': -0.18485876853561217, '_a3_': 1.7751354043229683, '_a6_': -3.374789416068629, '_a0_': 1.0, '_a1_': 1.0, '_a4_': 1.0, '_a5_': 1.0, '_a7_': 1.0}};{'d0': 0.024905832919416608};-280.569866449044;50.4620012737989
41497;-89.8229319507232;((_a3_ + (-(x) * (_a6_ * (((_a2_ * _a6_) + x) / cos(pow2(_a2_)))))) * x);{'d0': {'_a2_': -0.18485876853561217, '_a3_': 1.7751354043229683, '_a6_': -3.374789416068629, '_a0_': 1.0, '_a1_': 1.0, '_a4_': 1.0, '_a5_': 1.0, '_a7_': 1.0}};{'d0': 0.024905832919416608};-280.569866449044;50.4620012737989
41498;-89.8229319507232;((_a3_ + (-(x) * (_a6_ * (((_a2_ * _a6_) + x) / cos(pow2(_a2_)))))) * x);{'d0': {'_a2_': -0.18485876853561217, '_a3_': 1.7751354043229683, '_a6_': -3.374789416068629, '_a0_': 1.0, '_a1_': 1.0, '_a4_': 1.0, '_a5_': 1.0, '_a7_': 1.0}};{'d0': 0.024905832919416608};-280.569866449044;50.4620012737989
41499;-89.8229319507232;((_a3_ + (-(x) * (_a6_ * (((_a2_ * _a6_) + x) / cos(pow2(_a2_)))))) * x);{'d0': {'_a2_': -0.18485876853561217, '_a3_': 1.7751354043229683, '_a6_': -3.374789416068629, '_a0_': 1.0, '_a1_': 1.0, '_a4_': 1.0, '_a5_': 1.0, '_a7_': 1.0}};{'d0': 0.024905832919416608};-280.569866449044;50.4620012737989
41500;-89.8229319507232;((_a3_ + (-(x) * (_a6_ * (((_a2_ * _a6_) + x) / cos(pow2(_a2_)))))) * x);{'d0': {'_a2_': -0.18485876853561217, '_a3_': 1.7751354043229683, '_a6_': -3.374789416068629, '_a0_': 1.0, '_a1_': 1.0, '_a4_': 1.0, '_a5_': 1.0, '_a7_': 1.0}};{'d0': 0.024905832919416608};-280.569866449044;50.4620012737989
41501;-89.8229319507232;((_a3_ + (-(x) * (_a6_ * (((_a2_ * _a6_) + x) / cos(pow2(_a2_)))))) * x);{'d0': {'_a2_': -0.18485876853561217, '_a3_': 1.7751354043229683, '_a6_': -3.374789416068629, '_a0_': 1.0, '_a1_': 1.0, '_a4_': 1.0, '_a5_': 1.0, '_a7_': 1.0}};{'d0': 0.024905832919416608};-280.569866449044;50.4620012737989
41502;-89.8229319507232;((_a3_ + (-(x) * (_a6_ * (((_a2_ * _a6_) + x) / cos(pow2(_a2_)))))) * x);{'d0': {'_a2_': -0.18485876853561217, '_a3_': 1.7751354043229683, '_a6_': -3.374789416068629, '_a0_': 1.0, '_a1_': 1.0, '_a4_': 1.0, '_a5_': 1.0, '_a7_': 1.0}};{'d0': 0.024905832919416608};-280.569866449044;50.4620012737989
41503;-89.8229319507232;((_a3_ + (-(x) * (_a6_ * (((_a2_ * _a6_) + x) / cos(pow2(_a2_)))))) * x);{'d0': {'_a2_': -0.18485876853561217, '_a3_': 1.7751354043229683, '_a6_': -3.374789416068629, '_a0_': 1.0, '_a1_': 1.0, '_a4_': 1.0, '_a5_': 1.0, '_a7_': 1.0}};{'d0': 0.024905832919416608};-280.569866449044;50.4620012737989
41504;-89.8229319507232;((_a3_ + (-(x) * (_a6_ * (((_a2_ * _a6_) + x) / cos(pow2(_a2_)))))) * x);{'d0': {'_a2_': -0.18485876853561217, '_a3_': 1.7751354043229683, '_a6_': -3.374789416068629, '_a0_': 1.0, '_a1_': 1.0, '_a4_': 1.0, '_a5_': 1.0, '_a7_': 1.0}};{'d0': 0.024905832919416608};-280.569866449044;50.4620012737989
41505;-89.8229319507232;((_a3_ + (-(x) * (_a6_ * (((_a2_ * _a6_) + x) / cos(pow2(_a2_)))))) * x);{'d0': {'_a2_': -0.18485876853561217, '_a3_': 1.7751354043229683, '_a6_': -3.374789416068629, '_a0_': 1.0, '_a1_': 1.0, '_a4_': 1.0, '_a5_': 1.0, '_a7_': 1.0}};{'d0': 0.024905832919416608};-280.569866449044;50.4620012737989
41506;-89.8229319507232;((_a3_ + (-(x) * (_a6_ * (((_a2_ * _a6_) + x) / cos(pow2(_a2_)))))) * x);{'d0': {'_a2_': -0.18485876853561217, '_a3_': 1.7751354043229683, '_a6_': -3.374789416068629, '_a0_': 1.0, '_a1_': 1.0, '_a4_': 1.0, '_a5_': 1.0, '_a7_': 1.0}};{'d0': 0.024905832919416608};-280.569866449044;50.4620012737989
41507;-89.8229319507232;((_a3_ + (-(x) * (_a6_ * (((_a2_ * _a6_) + x) / cos(pow2(_a2_)))))) * x);{'d0': {'_a2_': -0.18485876853561217, '_a3_': 1.7751354043229683, '_a6_': -3.374789416068629, '_a0_': 1.0, '_a1_': 1.0, '_a4_': 1.0, '_a5_': 1.0, '_a7_': 1.0}};{'d0': 0.024905832919416608};-280.569866449044;50.4620012737989
41508;-89.8229319507232;((_a3_ + (-(x) * (_a6_ * (((_a2_ * _a6_) + x) / cos(pow2(_a2_)))))) * x);{'d0': {'_a2_': -0.18485876853561217, '_a3_': 1.7751354043229683, '_a6_': -3.374789416068629, '_a0_': 1.0, '_a1_': 1.0, '_a4_': 1.0, '_a5_': 1.0, '_a7_': 1.0}};{'d0': 0.024905832919416608};-280.569866449044;50.4620012737989
41509;-89.8229319507232;((_a3_ + (-(x) * (_a6_ * (((_a2_ * _a6_) + x) / cos(pow2(_a2_)))))) * x);{'d0': {'_a2_': -0.18485876853561217, '_a3_': 1.7751354043229683, '_a6_': -3.374789416068629, '_a0_': 1.0, '_a1_': 1.0, '_a4_': 1.0, '_a5_': 1.0, '_a7_': 1.0}};{'d0': 0.024905832919416608};-280.569866449044;50.4620012737989
41510;-89.8229319507232;((_a3_ + (-(x) * (_a6_ * (((_a2_ * _a6_) + x) / cos(pow2(_a2_)))))) * x);{'d0': {'_a2_': -0.18485876853561217, '_a3_': 1.7751354043229683, '_a6_': -3.374789416068629, '_a0_': 1.0, '_a1_': 1.0, '_a4_': 1.0, '_a5_': 1.0, '_a7_': 1.0}};{'d0': 0.024905832919416608};-280.569866449044;50.4620012737989
41511;-89.8229319507232;((_a3_ + (-(x) * (_a6_ * (((_a2_ * _a6_) + x) / cos(pow2(_a2_)))))) * x);{'d0': {'_a2_': -0.18485876853561217, '_a3_': 1.7751354043229683, '_a6_': -3.374789416068629, '_a0_': 1.0, '_a1_': 1.0, '_a4_': 1.0, '_a5_': 1.0, '_a7_': 1.0}};{'d0': 0.024905832919416608};-280.569866449044;50.4620012737989
41512;-89.8229319507232;((_a3_ + (-(x) * (_a6_ * (((_a2_ * _a6_) + x) / cos(pow2(_a2_)))))) * x);{'d0': {'_a2_': -0.18485876853561217, '_a3_': 1.7751354043229683, '_a6_': -3.374789416068629, '_a0_': 1.0, '_a1_': 1.0, '_a4_': 1.0, '_a5_': 1.0, '_a7_': 1.0}};{'d0': 0.024905832919416608};-280.569866449044;50.4620012737989
41513;-98.6110277799803;((pow2(x) / _a5_) + ((((x * x) + _a2_) * (_a4_ + _a5_)) * x));{'d0': {'_a2_': 0.525691771303853, '_a4_': 2.902067730542422, '_a5_': 0.47469314349436736, '_a0_': 1.0, '_a1_': 1.0, '_a3_': 1.0, '_a6_': 1.0, '_a7_': 1.0}};{'d0': 0.02490583291941661};-280.569866449044;41.67390544454134
41514;-98.6110277799803;((pow2(x) / _a5_) + ((((x * x) + _a2_) * (_a4_ + _a5_)) * x));{'d0': {'_a2_': 0.525691771303853, '_a4_': 2.902067730542422, '_a5_': 0.47469314349436736, '_a0_': 1.0, '_a1_': 1.0, '_a3_': 1.0, '_a6_': 1.0, '_a7_': 1.0}};{'d0': 0.02490583291941661};-280.569866449044;41.67390544454134
41515;-98.6110277799803;((pow2(x) / _a5_) + ((((x * x) + _a2_) * (_a4_ + _a5_)) * x));{'d0': {'_a2_': 0.525691771303853, '_a4_': 2.902067730542422, '_a5_': 0.47469314349436736, '_a0_': 1.0, '_a1_': 1.0, '_a3_': 1.0, '_a6_': 1.0, '_a7_': 1.0}};{'d0': 0.02490583291941661};-280.569866449044;41.67390544454134
41516;-98.6110277799803;((pow2(x) / _a5_) + ((((x * x) + _a2_) * (_a4_ + _a5_)) * x));{'d0': {'_a2_': 0.525691771303853, '_a4_': 2.902067730542422, '_a5_': 0.47469314349436736, '_a0_': 1.0, '_a1_': 1.0, '_a3_': 1.0, '_a6_': 1.0, '_a7_': 1.0}};{'d0': 0.02490583291941661};-280.569866449044;41.67390544454134
41517;-98.6110277799803;((pow2(x) / _a5_) + ((((x * x) + _a2_) * (_a4_ + _a5_)) * x));{'d0': {'_a2_': 0.525691771303853, '_a4_': 2.902067730542422, '_a5_': 0.47469314349436736, '_a0_': 1.0, '_a1_': 1.0, '_a3_': 1.0, '_a6_': 1.0, '_a7_': 1.0}};{'d0': 0.02490583291941661};-280.569866449044;41.67390544454134
41518;-98.6110277799803;((pow2(x) / _a5_) + ((((x * x) + _a2_) * (_a4_ + _a5_)) * x));{'d0': {'_a2_': 0.525691771303853, '_a4_': 2.902067730542422, '_a5_': 0.47469314349436736, '_a0_': 1.0, '_a1_': 1.0, '_a3_': 1.0, '_a6_': 1.0, '_a7_': 1.0}};{'d0': 0.02490583291941661};-280.569866449044;41.67390544454134
41519;-98.6110277799803;((pow2(x) / _a5_) + ((((x * x) + _a2_) * (_a4_ + _a5_)) * x));{'d0': {'_a2_': 0.525691771303853, '_a4_': 2.902067730542422, '_a5_': 0.47469314349436736, '_a0_': 1.0, '_a1_': 1.0, '_a3_': 1.0, '_a6_': 1.0, '_a7_': 1.0}};{'d0': 0.02490583291941661};-280.569866449044;41.67390544454134
41520;-98.6110277799803;((pow2(x) / _a5_) + ((((x * x) + _a2_) * (_a4_ + _a5_)) * x));{'d0': {'_a2_': 0.525691771303853, '_a4_': 2.902067730542422, '_a5_': 0.47469314349436736, '_a0_': 1.0, '_a1_': 1.0, '_a3_': 1.0, '_a6_': 1.0, '_a7_': 1.0}};{'d0': 0.02490583291941661};-280.569866449044;41.67390544454134
41521;-98.6110277799803;((pow2(x) / _a5_) + ((((x * x) + _a2_) * (_a4_ + _a5_)) * x));{'d0': {'_a2_': 0.525691771303853, '_a4_': 2.902067730542422, '_a5_': 0.47469314349436736, '_a0_': 1.0, '_a1_': 1.0, '_a3_': 1.0, '_a6_': 1.0, '_a7_': 1.0}};{'d0': 0.02490583291941661};-280.569866449044;41.67390544454134
41522;-98.6110277799803;((pow2(x) / _a5_) + ((((x * x) + _a2_) * (_a4_ + _a5_)) * x));{'d0': {'_a2_': 0.525691771303853, '_a4_': 2.902067730542422, '_a5_': 0.47469314349436736, '_a0_': 1.0, '_a1_': 1.0, '_a3_': 1.0, '_a6_': 1.0, '_a7_': 1.0}};{'d0': 0.02490583291941661};-280.569866449044;41.67390544454134
41523;-98.6110277799803;((pow2(x) / _a5_) + ((((x * x) + _a2_) * (_a4_ + _a5_)) * x));{'d0': {'_a2_': 0.525691771303853, '_a4_': 2.902067730542422, '_a5_': 0.47469314349436736, '_a0_': 1.0, '_a1_': 1.0, '_a3_': 1.0, '_a6_': 1.0, '_a7_': 1.0}};{'d0': 0.02490583291941661};-280.569866449044;41.67390544454134
41524;-98.6110277799803;((pow2(x) / _a5_) + ((((x * x) + _a2_) * (_a4_ + _a2_)) * x));{'d0': {'_a2_': 0.5256917703273859, '_a4_': 2.8510691087421227, '_a5_': 0.4746931428021721, '_a0_': 1.0, '_a1_': 1.0, '_a3_': 1.0, '_a6_': 1.0, '_a7_': 1.0}};{'d0': 0.024905832919416664};-280.569866449044;41.67390544454134
41525;-99.5822889035534;((pow2(x) / _a5_) + ((((x * x) + _a2_) * (_a4_ * _a2_)) * x));{'d0': {'_a2_': 0.5256917700070919, '_a4_': 6.423461565405624, '_a5_': 0.47469314282731195, '_a0_': 1.0, '_a1_': 1.0, '_a3_': 1.0, '_a6_': 1.0, '_a7_': 1.0}};{'d0': 0.02490583291941657};-280.569866449044;40.70264432096834
41526;-99.5822889035534;((pow2(x) / _a5_) + ((((x * x) + _a2_) * (_a4_ * _a2_)) * x));{'d0': {'_a2_': 0.5256917700070919, '_a4_': 6.423461565405624, '_a5_': 0.47469314282731195, '_a0_': 1.0, '_a1_': 1.0, '_a3_': 1.0, '_a6_': 1.0, '_a7_': 1.0}};{'d0': 0.02490583291941657};-280.569866449044;40.70264432096834
41527;-99.5822889035534;((pow2(x) / _a5_) + ((((x * x) + _a2_) * (_a4_ * _a2_)) * x));{'d0': {'_a2_': 0.5256917700070919, '_a4_': 6.423461565405624, '_a5_': 0.47469314282731195, '_a0_': 1.0, '_a1_': 1.0, '_a3_': 1.0, '_a6_': 1.0, '_a7_': 1.0}};{'d0': 0.02490583291941657};-280.569866449044;40.70264432096834
41528;-99.5822889035534;((pow2(x) / _a5_) + ((((x * x) + _a2_) * (_a4_ * _a2_)) * x));{'d0': {'_a2_': 0.5256917700070919, '_a4_': 6.423461565405624, '_a5_': 0.47469314282731195, '_a0_': 1.0, '_a1_': 1.0, '_a3_': 1.0, '_a6_': 1.0, '_a7_': 1.0}};{'d0': 0.02490583291941657};-280.569866449044;40.70264432096834
41529;-99.5822889035534;((pow2(x) / _a5_) + ((((x * x) + _a2_) * (_a4_ * _a2_)) * x));{'d0': {'_a2_': 0.5256917700070919, '_a4_': 6.423461565405624, '_a5_': 0.47469314282731195, '_a0_': 1.0, '_a1_': 1.0, '_a3_': 1.0, '_a6_': 1.0, '_a7_': 1.0}};{'d0': 0.02490583291941657};-280.569866449044;40.70264432096834
41530;-99.5822889035534;((pow2(x) / _a5_) + ((((x * x) + _a2_) * (_a4_ * _a2_)) * x));{'d0': {'_a2_': 0.5256917700070919, '_a4_': 6.423461565405624, '_a5_': 0.47469314282731195, '_a0_': 1.0, '_a1_': 1.0, '_a3_': 1.0, '_a6_': 1.0, '_a7_': 1.0}};{'d0': 0.02490583291941657};-280.569866449044;40.70264432096834
41531;-99.5822889035534;((pow2(x) / _a5_) + ((((x * x) + _a2_) * (_a4_ * _a2_)) * x));{'d0': {'_a2_': 0.5256917700070919, '_a4_': 6.423461565405624, '_a5_': 0.47469314282731195, '_a0_': 1.0, '_a1_': 1.0, '_a3_': 1.0, '_a6_': 1.0, '_a7_': 1.0}};{'d0': 0.02490583291941657};-280.569866449044;40.70264432096834
41532;-99.5822889035534;((pow2(x) / _a5_) + ((((x * x) + _a2_) * (_a4_ * _a2_)) * x));{'d0': {'_a2_': 0.5256917700070919, '_a4_': 6.423461565405624, '_a5_': 0.47469314282731195, '_a0_': 1.0, '_a1_': 1.0, '_a3_': 1.0, '_a6_': 1.0, '_a7_': 1.0}};{'d0': 0.02490583291941657};-280.569866449044;40.70264432096834
41533;-99.5822889035534;((pow2(x) / _a5_) + ((((x * x) + _a2_) * (_a4_ * _a2_)) * x));{'d0': {'_a2_': 0.5256917700070919, '_a4_': 6.423461565405624, '_a5_': 0.47469314282731195, '_a0_': 1.0, '_a1_': 1.0, '_a3_': 1.0, '_a6_': 1.0, '_a7_': 1.0}};{'d0': 0.02490583291941657};-280.569866449044;40.70264432096834
41534;-94.7722718761801;((_a3_ + (-(x) * (_a6_ * ((_a2_ + x) / cos(pow2(_a2_)))))) * x);{'d0': {'_a2_': 0.6238594156300868, '_a3_': 1.7751354044828065, '_a6_': -3.1242220429484973, '_a0_': 1.0, '_a1_': 1.0, '_a4_': 1.0, '_a5_': 1.0, '_a7_': 1.0}};{'d0': 0.024905832919416657};-280.569866449044;45.512661348341894
41535;-94.7722718761801;((_a3_ + (-(x) * (_a6_ * ((_a2_ + x) / cos(pow2(_a2_)))))) * x);{'d0': {'_a2_': 0.6238594156300868, '_a3_': 1.7751354044828065, '_a6_': -3.1242220429484973, '_a0_': 1.0, '_a1_': 1.0, '_a4_': 1.0, '_a5_': 1.0, '_a7_': 1.0}};{'d0': 0.024905832919416657};-280.569866449044;45.512661348341894
41536;-94.7722718761801;((_a3_ + (-(x) * (_a6_ * ((_a2_ + x) / cos(pow2(_a2_)))))) * x);{'d0': {'_a2_': 0.6238594156300868, '_a3_': 1.7751354044828065, '_a6_': -3.1242220429484973, '_a0_': 1.0, '_a1_': 1.0, '_a4_': 1.0, '_a5_': 1.0, '_a7_': 1.0}};{'d0': 0.024905832919416657};-280.569866449044;45.512661348341894
41537;-94.7722718761801;((_a3_ + (-(x) * (_a6_ * ((_a2_ + x) / cos(pow2(_a2_)))))) * x);{'d0': {'_a2_': 0.6238594156300868, '_a3_': 1.7751354044828065, '_a6_': -3.1242220429484973, '_a0_': 1.0, '_a1_': 1.0, '_a4_': 1.0, '_a5_': 1.0, '_a7_': 1.0}};{'d0': 0.024905832919416657};-280.569866449044;45.512661348341894
41538;-94.7722718761801;((_a3_ + (-(x) * (_a6_ * ((_a2_ + x) / cos(pow2(_a2_)))))) * x);{'d0': {'_a2_': 0.6238594156300868, '_a3_': 1.7751354044828065, '_a6_': -3.1242220429484973, '_a0_': 1.0, '_a1_': 1.0, '_a4_': 1.0, '_a5_': 1.0, '_a7_': 1.0}};{'d0': 0.024905832919416657};-280.569866449044;45.512661348341894
41539;-94.7722718761801;((_a3_ + (-(x) * (_a6_ * ((_a2_ + x) / cos(pow2(_a2_)))))) * x);{'d0': {'_a2_': 0.6238594156300868, '_a3_': 1.7751354044828065, '_a6_': -3.1242220429484973, '_a0_': 1.0, '_a1_': 1.0, '_a4_': 1.0, '_a5_': 1.0, '_a7_': 1.0}};{'d0': 0.024905832919416657};-280.569866449044;45.512661348341894
41540;-94.7722718761801;((_a3_ + (-(x) * (_a6_ * ((_a2_ + x) / cos(pow2(_a2_)))))) * x);{'d0': {'_a2_': 0.6238594156300868, '_a3_': 1.7751354044828065, '_a6_': -3.1242220429484973, '_a0_': 1.0, '_a1_': 1.0, '_a4_': 1.0, '_a5_': 1.0, '_a7_': 1.0}};{'d0': 0.024905832919416657};-280.569866449044;45.512661348341894
41541;-94.7722718761801;((_a3_ + (-(x) * (_a6_ * ((_a2_ + x) / cos(pow2(_a2_)))))) * x);{'d0': {'_a2_': 0.6238594156300868, '_a3_': 1.7751354044828065, '_a6_': -3.1242220429484973, '_a0_': 1.0, '_a1_': 1.0, '_a4_': 1.0, '_a5_': 1.0, '_a7_': 1.0}};{'d0': 0.024905832919416657};-280.569866449044;45.512661348341894
41542;-94.7722718761801;((_a3_ + (-(x) * (_a6_ * ((_a2_ + x) / cos(pow2(_a2_)))))) * x);{'d0': {'_a2_': 0.6238594156300868, '_a3_': 1.7751354044828065, '_a6_': -3.1242220429484973, '_a0_': 1.0, '_a1_': 1.0, '_a4_': 1.0, '_a5_': 1.0, '_a7_': 1.0}};{'d0': 0.024905832919416657};-280.569866449044;45.512661348341894
41543;-94.7722718761801;((_a3_ + (-(x) * (_a6_ * ((_a2_ + x) / cos(pow2(_a2_)))))) * x);{'d0': {'_a2_': 0.6238594156300868, '_a3_': 1.7751354044828065, '_a6_': -3.1242220429484973, '_a0_': 1.0, '_a1_': 1.0, '_a4_': 1.0, '_a5_': 1.0, '_a7_': 1.0}};{'d0': 0.024905832919416657};-280.569866449044;45.512661348341894
41544;-94.7722718761801;((_a3_ + (-(x) * (_a6_ * ((_a2_ + x) / cos(pow2(_a2_)))))) * x);{'d0': {'_a2_': 0.6238594156300868, '_a3_': 1.7751354044828065, '_a6_': -3.1242220429484973, '_a0_': 1.0, '_a1_': 1.0, '_a4_': 1.0, '_a5_': 1.0, '_a7_': 1.0}};{'d0': 0.024905832919416657};-280.569866449044;45.512661348341894
41545;-94.7722718761801;((_a3_ + (-(x) * (_a6_ * ((_a2_ + x) / cos(pow2(_a2_)))))) * x);{'d0': {'_a2_': 0.6238594156300868, '_a3_': 1.7751354044828065, '_a6_': -3.1242220429484973, '_a0_': 1.0, '_a1_': 1.0, '_a4_': 1.0, '_a5_': 1.0, '_a7_': 1.0}};{'d0': 0.024905832919416657};-280.569866449044;45.512661348341894
41546;-94.7722718761801;((_a3_ + (-(x) * (_a6_ * ((_a2_ + x) / cos(pow2(_a2_)))))) * x);{'d0': {'_a2_': 0.6238594156300868, '_a3_': 1.7751354044828065, '_a6_': -3.1242220429484973, '_a0_': 1.0, '_a1_': 1.0, '_a4_': 1.0, '_a5_': 1.0, '_a7_': 1.0}};{'d0': 0.024905832919416657};-280.569866449044;45.512661348341894
41547;-94.7722718761801;((_a3_ + (-(x) * (_a6_ * ((_a2_ + x) / cos(pow2(_a2_)))))) * x);{'d0': {'_a2_': 0.6238594156300868, '_a3_': 1.7751354044828065, '_a6_': -3.1242220429484973, '_a0_': 1.0, '_a1_': 1.0, '_a4_': 1.0, '_a5_': 1.0, '_a7_': 1.0}};{'d0': 0.024905832919416657};-280.569866449044;45.512661348341894
41548;-94.7722718761801;((_a3_ + (-(x) * (_a6_ * ((_a2_ + x) / cos(pow2(_a2_)))))) * x);{'d0': {'_a2_': 0.6238594156300868, '_a3_': 1.7751354044828065, '_a6_': -3.1242220429484973, '_a0_': 1.0, '_a1_': 1.0, '_a4_': 1.0, '_a5_': 1.0, '_a7_': 1.0}};{'d0': 0.024905832919416657};-280.569866449044;45.512661348341894
41549;-94.7722718761801;((_a3_ + (-(x) * (_a6_ * ((_a2_ + x) / cos(pow2(_a2_)))))) * x);{'d0': {'_a2_': 0.6238594156300868, '_a3_': 1.7751354044828065, '_a6_': -3.1242220429484973, '_a0_': 1.0, '_a1_': 1.0, '_a4_': 1.0, '_a5_': 1.0, '_a7_': 1.0}};{'d0': 0.024905832919416657};-280.569866449044;45.512661348341894
41550;-94.7722718761801;((_a3_ + (-(x) * (_a6_ * ((_a2_ + x) / cos(pow2(_a2_)))))) * x);{'d0': {'_a2_': 0.6238594156300868, '_a3_': 1.7751354044828065, '_a6_': -3.1242220429484973, '_a0_': 1.0, '_a1_': 1.0, '_a4_': 1.0, '_a5_': 1.0, '_a7_': 1.0}};{'d0': 0.024905832919416657};-280.569866449044;45.512661348341894
41551;-94.6519625935526;((_a3_ + (-(x) * (_a6_ * ((_a2_ + x) + cos(pow2(_a2_)))))) * x);{'d0': {'_a2_': -0.36707621135489243, '_a3_': 1.7751354041441674, '_a6_': -3.376760879196328, '_a0_': 1.0, '_a1_': 1.0, '_a4_': 1.0, '_a5_': 1.0, '_a7_': 1.0}};{'d0': 0.024905832919416643};-280.569866449044;45.632970630969496
41552;-94.6519625935526;((_a3_ + (-(x) * (_a6_ * ((_a2_ + x) + cos(pow2(_a2_)))))) * x);{'d0': {'_a2_': -0.36707621135489243, '_a3_': 1.7751354041441674, '_a6_': -3.376760879196328, '_a0_': 1.0, '_a1_': 1.0, '_a4_': 1.0, '_a5_': 1.0, '_a7_': 1.0}};{'d0': 0.024905832919416643};-280.569866449044;45.632970630969496
41553;-94.6519625935526;((_a3_ + (-(x) * (_a6_ * ((_a2_ + x) + cos(pow2(_a2_)))))) * x);{'d0': {'_a2_': -0.36707621135489243, '_a3_': 1.7751354041441674, '_a6_': -3.376760879196328, '_a0_': 1.0, '_a1_': 1.0, '_a4_': 1.0, '_a5_': 1.0, '_a7_': 1.0}};{'d0': 0.024905832919416643};-280.569866449044;45.632970630969496
41554;-94.6519625935526;((_a3_ + (-(x) * (_a6_ * ((_a2_ + x) + cos(pow2(_a2_)))))) * x);{'d0': {'_a2_': -0.36707621135489243, '_a3_': 1.7751354041441674, '_a6_': -3.376760879196328, '_a0_': 1.0, '_a1_': 1.0, '_a4_': 1.0, '_a5_': 1.0, '_a7_': 1.0}};{'d0': 0.024905832919416643};-280.569866449044;45.632970630969496
41555;-73.7914163760025;(((_a4_ + ((x + (_a3_ * pow2(_a3_))) * x)) ** _a0_) * (x / (((_a5_ / _a0_) ** _a3_) ** -(_a4_))));{'d0': {'_a0_': 1.1384852755272505, '_a3_': 0.8529735942401133, '_a4_': 0.6156167457640985, '_a5_': 9.651242487081252, '_a1_': 1.0, '_a2_': 1.0, '_a6_': 1.0, '_a7_': 1.0}};{'d0': 0.024238514314552633};-278.105071556443;65.26111940221911
41556;-77.4893508486115;(((_a4_ + ((x + (_a3_ * _a4_)) * x)) ** _a0_) * (x / (((_a5_ / _a0_) ** _a3_) ** -(_a4_))));{'d0': {'_a0_': 1.1384855264228408, '_a3_': 1.00808282487959, '_a4_': 0.6156169109658042, '_a5_': 6.946345461212258, '_a1_': 1.0, '_a2_': 1.0, '_a6_': 1.0, '_a7_': 1.0}};{'d0': 0.024238514314553407};-278.105071556441;61.56318492960911
41557;-77.4893508486115;(((_a4_ + ((x + (_a3_ * _a4_)) * x)) ** _a0_) * (x / (((_a5_ / _a0_) ** _a3_) ** -(_a4_))));{'d0': {'_a0_': 1.1384855264228408, '_a3_': 1.00808282487959, '_a4_': 0.6156169109658042, '_a5_': 6.946345461212258, '_a1_': 1.0, '_a2_': 1.0, '_a6_': 1.0, '_a7_': 1.0}};{'d0': 0.024238514314553407};-278.105071556441;61.56318492960911
41558;-77.4893508486115;(((_a4_ + ((x + (_a3_ * _a4_)) * x)) ** _a0_) * (x / (((_a5_ / _a0_) ** _a3_) ** -(_a4_))));{'d0': {'_a0_': 1.1384855264228408, '_a3_': 1.00808282487959, '_a4_': 0.6156169109658042, '_a5_': 6.946345461212258, '_a1_': 1.0, '_a2_': 1.0, '_a6_': 1.0, '_a7_': 1.0}};{'d0': 0.024238514314553407};-278.105071556441;61.56318492960911
41559;-92.3379251153544;(((_a7_ + (((x + _a1_) * _a1_) * x)) * (x * (_a1_ * (_a7_ / _a0_)))) + x);{'d0': {'_a0_': 0.016505822223408594, '_a1_': 0.6238594160209915, '_a7_': 0.14320691915696282, '_a2_': 1.0, '_a3_': 1.0, '_a4_': 1.0, '_a5_': 1.0, '_a6_': 1.0}};{'d0': 0.024905832919416646};-280.569866449044;47.94700810916742
41560;-77.4893508486115;(((_a4_ + ((x + (_a3_ * _a4_)) * x)) ** _a0_) * (x / (((_a5_ / _a0_) ** _a3_) ** -(_a4_))));{'d0': {'_a0_': 1.1384855264228408, '_a3_': 1.00808282487959, '_a4_': 0.6156169109658042, '_a5_': 6.946345461212258, '_a1_': 1.0, '_a2_': 1.0, '_a6_': 1.0, '_a7_': 1.0}};{'d0': 0.024238514314553407};-278.105071556441;61.56318492960911
41561;-77.4893508486115;(((_a4_ + ((x + (_a3_ * _a4_)) * x)) ** _a0_) * (x / (((_a5_ / _a0_) ** _a3_) ** -(_a4_))));{'d0': {'_a0_': 1.1384855264228408, '_a3_': 1.00808282487959, '_a4_': 0.6156169109658042, '_a5_': 6.946345461212258, '_a1_': 1.0, '_a2_': 1.0, '_a6_': 1.0, '_a7_': 1.0}};{'d0': 0.024238514314553407};-278.105071556441;61.56318492960911
41562;-77.4893508486115;(((_a4_ + ((x + (_a3_ * _a4_)) * x)) ** _a0_) * (x / (((_a5_ / _a0_) ** _a3_) ** -(_a4_))));{'d0': {'_a0_': 1.1384855264228408, '_a3_': 1.00808282487959, '_a4_': 0.6156169109658042, '_a5_': 6.946345461212258, '_a1_': 1.0, '_a2_': 1.0, '_a6_': 1.0, '_a7_': 1.0}};{'d0': 0.024238514314553407};-278.105071556441;61.56318492960911
41563;-77.4893508486115;(((_a4_ + ((x + (_a3_ * _a4_)) * x)) ** _a0_) * (x / (((_a5_ / _a0_) ** _a3_) ** -(_a4_))));{'d0': {'_a0_': 1.1384855264228408, '_a3_': 1.00808282487959, '_a4_': 0.6156169109658042, '_a5_': 6.946345461212258, '_a1_': 1.0, '_a2_': 1.0, '_a6_': 1.0, '_a7_': 1.0}};{'d0': 0.024238514314553407};-278.105071556441;61.56318492960911
41564;-77.4893508486115;(((_a4_ + ((x + (_a3_ * _a4_)) * x)) ** _a0_) * (x / (((_a5_ / _a0_) ** _a3_) ** -(_a4_))));{'d0': {'_a0_': 1.1384855264228408, '_a3_': 1.00808282487959, '_a4_': 0.6156169109658042, '_a5_': 6.946345461212258, '_a1_': 1.0, '_a2_': 1.0, '_a6_': 1.0, '_a7_': 1.0}};{'d0': 0.024238514314553407};-278.105071556441;61.56318492960911
41565;-77.4893508486115;(((_a4_ + ((x + (_a3_ * _a4_)) * x)) ** _a0_) * (x / (((_a5_ / _a0_) ** _a3_) ** -(_a4_))));{'d0': {'_a0_': 1.1384855264228408, '_a3_': 1.00808282487959, '_a4_': 0.6156169109658042, '_a5_': 6.946345461212258, '_a1_': 1.0, '_a2_': 1.0, '_a6_': 1.0, '_a7_': 1.0}};{'d0': 0.024238514314553407};-278.105071556441;61.56318492960911
41566;-77.4893508486115;(((_a4_ + ((x + (_a3_ * _a4_)) * x)) ** _a0_) * (x / (((_a5_ / _a0_) ** _a3_) ** -(_a4_))));{'d0': {'_a0_': 1.1384855264228408, '_a3_': 1.00808282487959, '_a4_': 0.6156169109658042, '_a5_': 6.946345461212258, '_a1_': 1.0, '_a2_': 1.0, '_a6_': 1.0, '_a7_': 1.0}};{'d0': 0.024238514314553407};-278.105071556441;61.56318492960911
41567;-70.8258025025097;(((_a4_ + ((x + (_a3_ * (_a0_ ** _a0_))) * x)) ** _a0_) * (x / (((_a5_ / _a0_) ** _a3_) ** -(_a4_))));{'d0': {'_a0_': 1.1384856445009637, '_a3_': 0.5354003342670668, '_a4_': 0.6156169865712763, '_a5_': 34.2908552694089, '_a1_': 1.0, '_a2_': 1.0, '_a6_': 1.0, '_a7_': 1.0}};{'d0': 0.024238514314554895};-278.105071556438;68.22673327570911
41568;-70.8258025025097;(((_a4_ + ((x + (_a3_ * (_a0_ ** _a0_))) * x)) ** _a0_) * (x / (((_a5_ / _a0_) ** _a3_) ** -(_a4_))));{'d0': {'_a0_': 1.1384856445009637, '_a3_': 0.5354003342670668, '_a4_': 0.6156169865712763, '_a5_': 34.2908552694089, '_a1_': 1.0, '_a2_': 1.0, '_a6_': 1.0, '_a7_': 1.0}};{'d0': 0.024238514314554895};-278.105071556438;68.22673327570911
41569;-92.3931101277622;(((_a7_ + (((x + _a1_) * pow2(_a3_)) * x)) * (x * (_a1_ * _a6_))) + x);{'d0': {'_a1_': 0.623859415495716, '_a3_': 1.7147382379213045, '_a6_': 1.8408477764174072, '_a7_': 0.6749520494256731, '_a0_': 1.0, '_a2_': 1.0, '_a4_': 1.0, '_a5_': 1.0}};{'d0': 0.02490583291964376};-276.475521886274;45.84465081537502
41570;-92.3931101277622;(((_a7_ + (((x + _a1_) * pow2(_a3_)) * x)) * (x * (_a1_ * _a6_))) + x);{'d0': {'_a1_': 0.623859415495716, '_a3_': 1.7147382379213045, '_a6_': 1.8408477764174072, '_a7_': 0.6749520494256731, '_a0_': 1.0, '_a2_': 1.0, '_a4_': 1.0, '_a5_': 1.0}};{'d0': 0.02490583291964376};-276.475521886274;45.84465081537502
41571;-92.3931101277622;(((_a7_ + (((x + _a1_) * pow2(_a3_)) * x)) * (x * (_a1_ * _a6_))) + x);{'d0': {'_a1_': 0.623859415495716, '_a3_': 1.7147382379213045, '_a6_': 1.8408477764174072, '_a7_': 0.6749520494256731, '_a0_': 1.0, '_a2_': 1.0, '_a4_': 1.0, '_a5_': 1.0}};{'d0': 0.02490583291964376};-276.475521886274;45.84465081537502
41572;-92.3931101277622;(((_a7_ + (((x + _a1_) * pow2(_a3_)) * x)) * (x * (_a1_ * _a6_))) + x);{'d0': {'_a1_': 0.623859415495716, '_a3_': 1.7147382379213045, '_a6_': 1.8408477764174072, '_a7_': 0.6749520494256731, '_a0_': 1.0, '_a2_': 1.0, '_a4_': 1.0, '_a5_': 1.0}};{'d0': 0.02490583291964376};-276.475521886274;45.84465081537502
41573;-92.3931101277622;(((_a7_ + (((x + _a1_) * pow2(_a3_)) * x)) * (x * (_a1_ * _a6_))) + x);{'d0': {'_a1_': 0.623859415495716, '_a3_': 1.7147382379213045, '_a6_': 1.8408477764174072, '_a7_': 0.6749520494256731, '_a0_': 1.0, '_a2_': 1.0, '_a4_': 1.0, '_a5_': 1.0}};{'d0': 0.02490583291964376};-276.475521886274;45.84465081537502
41574;-92.3931101277622;(((_a7_ + (((x + _a1_) * pow2(_a3_)) * x)) * (x * (_a1_ * _a6_))) + x);{'d0': {'_a1_': 0.623859415495716, '_a3_': 1.7147382379213045, '_a6_': 1.8408477764174072, '_a7_': 0.6749520494256731, '_a0_': 1.0, '_a2_': 1.0, '_a4_': 1.0, '_a5_': 1.0}};{'d0': 0.02490583291964376};-276.475521886274;45.84465081537502
41575;-92.2176158327268;(((_a7_ + (((x + _a1_) * (_a6_ + _a1_)) * x)) * (x * (_a1_ * _a6_))) + x);{'d0': {'_a1_': 0.623859415573604, '_a6_': 2.035408224002419, '_a7_': 0.6104348425764559, '_a0_': 1.0, '_a2_': 1.0, '_a3_': 1.0, '_a4_': 1.0, '_a5_': 1.0}};{'d0': 0.024905832919416608};-280.569866449044;48.067317391795015
41576;-98.1382168817568;((_a7_ + (((x + _a1_) * (_a6_ + _a1_)) * x)) * (x * (_a1_ * _a6_)));{'d0': {'_a1_': 0.6238594156828736, '_a6_': 2.035408223359394, '_a7_': 1.3979551137149038, '_a0_': 1.0, '_a2_': 1.0, '_a3_': 1.0, '_a4_': 1.0, '_a5_': 1.0}};{'d0': 0.024905832919416643};-280.569866449044;42.14671634276502
41577;-98.1382168817568;((_a7_ + (((x + _a1_) * (_a6_ + _a1_)) * x)) * (x * (_a1_ * _a6_)));{'d0': {'_a1_': 0.6238594156828736, '_a6_': 2.035408223359394, '_a7_': 1.3979551137149038, '_a0_': 1.0, '_a2_': 1.0, '_a3_': 1.0, '_a4_': 1.0, '_a5_': 1.0}};{'d0': 0.024905832919416643};-280.569866449044;42.14671634276502
41578;-98.1382168817568;((_a7_ + (((x + _a1_) * (_a6_ + _a1_)) * x)) * (x * (_a1_ * _a6_)));{'d0': {'_a1_': 0.6238594156828736, '_a6_': 2.035408223359394, '_a7_': 1.3979551137149038, '_a0_': 1.0, '_a2_': 1.0, '_a3_': 1.0, '_a4_': 1.0, '_a5_': 1.0}};{'d0': 0.024905832919416643};-280.569866449044;42.14671634276502
41579;-98.1382168817568;((_a7_ + (((x + _a1_) * (_a6_ + _a1_)) * x)) * (x * (_a1_ * _a6_)));{'d0': {'_a1_': 0.6238594156828736, '_a6_': 2.035408223359394, '_a7_': 1.3979551137149038, '_a0_': 1.0, '_a2_': 1.0, '_a3_': 1.0, '_a4_': 1.0, '_a5_': 1.0}};{'d0': 0.024905832919416643};-280.569866449044;42.14671634276502
41580;-98.1382168817568;((_a7_ + (((x + _a1_) * (_a6_ + _a1_)) * x)) * (x * (_a1_ * _a6_)));{'d0': {'_a1_': 0.6238594156828736, '_a6_': 2.035408223359394, '_a7_': 1.3979551137149038, '_a0_': 1.0, '_a2_': 1.0, '_a3_': 1.0, '_a4_': 1.0, '_a5_': 1.0}};{'d0': 0.024905832919416643};-280.569866449044;42.14671634276502
41581;-98.1382168817568;((_a7_ + (((x + _a1_) * (_a6_ + _a1_)) * x)) * (x * (_a1_ * _a6_)));{'d0': {'_a1_': 0.6238594156828736, '_a6_': 2.035408223359394, '_a7_': 1.3979551137149038, '_a0_': 1.0, '_a2_': 1.0, '_a3_': 1.0, '_a4_': 1.0, '_a5_': 1.0}};{'d0': 0.024905832919416643};-280.569866449044;42.14671634276502
41582;-98.1382168817568;((_a7_ + (((x + _a1_) * (_a6_ + _a1_)) * x)) * (x * (_a1_ * _a6_)));{'d0': {'_a1_': 0.6238594156828736, '_a6_': 2.035408223359394, '_a7_': 1.3979551137149038, '_a0_': 1.0, '_a2_': 1.0, '_a3_': 1.0, '_a4_': 1.0, '_a5_': 1.0}};{'d0': 0.024905832919416643};-280.569866449044;42.14671634276502
41583;-98.1382168817568;((_a7_ + (((x + _a1_) * (_a6_ + _a1_)) * x)) * (x * (_a1_ * _a6_)));{'d0': {'_a1_': 0.6238594156828736, '_a6_': 2.035408223359394, '_a7_': 1.3979551137149038, '_a0_': 1.0, '_a2_': 1.0, '_a3_': 1.0, '_a4_': 1.0, '_a5_': 1.0}};{'d0': 0.024905832919416643};-280.569866449044;42.14671634276502
41584;-98.1382168817568;((_a7_ + (((x + _a1_) * (_a6_ + _a1_)) * x)) * (x * (_a1_ * _a6_)));{'d0': {'_a1_': 0.6238594156828736, '_a6_': 2.035408223359394, '_a7_': 1.3979551137149038, '_a0_': 1.0, '_a2_': 1.0, '_a3_': 1.0, '_a4_': 1.0, '_a5_': 1.0}};{'d0': 0.024905832919416643};-280.569866449044;42.14671634276502
41585;-98.1382168817568;((_a7_ + (((x + _a1_) * (_a6_ + _a1_)) * x)) * (x * (_a1_ * _a6_)));{'d0': {'_a1_': 0.6238594156828736, '_a6_': 2.035408223359394, '_a7_': 1.3979551137149038, '_a0_': 1.0, '_a2_': 1.0, '_a3_': 1.0, '_a4_': 1.0, '_a5_': 1.0}};{'d0': 0.024905832919416643};-280.569866449044;42.14671634276502
41586;-98.1382168817568;((_a7_ + (((x + _a1_) * (_a6_ + _a1_)) * x)) * (x * (_a1_ * _a6_)));{'d0': {'_a1_': 0.6238594156828736, '_a6_': 2.035408223359394, '_a7_': 1.3979551137149038, '_a0_': 1.0, '_a2_': 1.0, '_a3_': 1.0, '_a4_': 1.0, '_a5_': 1.0}};{'d0': 0.024905832919416643};-280.569866449044;42.14671634276502
41587;-98.1382168817568;((_a7_ + (((x + _a1_) * (_a6_ + _a1_)) * x)) * (x * (_a1_ * _a6_)));{'d0': {'_a1_': 0.6238594156828736, '_a6_': 2.035408223359394, '_a7_': 1.3979551137149038, '_a0_': 1.0, '_a2_': 1.0, '_a3_': 1.0, '_a4_': 1.0, '_a5_': 1.0}};{'d0': 0.024905832919416643};-280.569866449044;42.14671634276502
41588;-98.1382168817568;((_a7_ + (((x + _a1_) * (_a6_ + _a1_)) * x)) * (x * (_a1_ * _a6_)));{'d0': {'_a1_': 0.6238594156828736, '_a6_': 2.035408223359394, '_a7_': 1.3979551137149038, '_a0_': 1.0, '_a2_': 1.0, '_a3_': 1.0, '_a4_': 1.0, '_a5_': 1.0}};{'d0': 0.024905832919416643};-280.569866449044;42.14671634276502
41589;-98.1382168817568;((_a7_ + (((x + _a1_) * (_a6_ + _a1_)) * x)) * (x * (_a1_ * _a6_)));{'d0': {'_a1_': 0.6238594156828736, '_a6_': 2.035408223359394, '_a7_': 1.3979551137149038, '_a0_': 1.0, '_a2_': 1.0, '_a3_': 1.0, '_a4_': 1.0, '_a5_': 1.0}};{'d0': 0.024905832919416643};-280.569866449044;42.14671634276502
41590;-98.1382168817568;((_a7_ + (((x + _a1_) * (_a6_ + _a1_)) * x)) * (x * (_a1_ * _a6_)));{'d0': {'_a1_': 0.6238594156828736, '_a6_': 2.035408223359394, '_a7_': 1.3979551137149038, '_a0_': 1.0, '_a2_': 1.0, '_a3_': 1.0, '_a4_': 1.0, '_a5_': 1.0}};{'d0': 0.024905832919416643};-280.569866449044;42.14671634276502
41591;-98.1382168817568;((_a7_ + (((x + _a1_) * (_a6_ + _a1_)) * x)) * (x * (_a1_ * _a6_)));{'d0': {'_a1_': 0.6238594156828736, '_a6_': 2.035408223359394, '_a7_': 1.3979551137149038, '_a0_': 1.0, '_a2_': 1.0, '_a3_': 1.0, '_a4_': 1.0, '_a5_': 1.0}};{'d0': 0.024905832919416643};-280.569866449044;42.14671634276502
41592;-98.1382168817568;((_a7_ + (((x + _a1_) * (_a6_ + _a1_)) * x)) * (x * (_a1_ * _a6_)));{'d0': {'_a1_': 0.6238594156828736, '_a6_': 2.035408223359394, '_a7_': 1.3979551137149038, '_a0_': 1.0, '_a2_': 1.0, '_a3_': 1.0, '_a4_': 1.0, '_a5_': 1.0}};{'d0': 0.024905832919416643};-280.569866449044;42.14671634276502
41593;-98.1382168817568;((_a7_ + (((x + _a1_) * (_a6_ + _a1_)) * x)) * (x * (_a1_ * _a6_)));{'d0': {'_a1_': 0.6238594156828736, '_a6_': 2.035408223359394, '_a7_': 1.3979551137149038, '_a0_': 1.0, '_a2_': 1.0, '_a3_': 1.0, '_a4_': 1.0, '_a5_': 1.0}};{'d0': 0.024905832919416643};-280.569866449044;42.14671634276502
41594;-98.9647634326858;((_a7_ + (((x + _a1_) * (_a6_ * _a1_)) * x)) * (x * (_a1_ * _a6_)));{'d0': {'_a1_': 0.623859415555087, '_a6_': 2.945529792622364, '_a7_': 0.9660093546937405, '_a0_': 1.0, '_a2_': 1.0, '_a3_': 1.0, '_a4_': 1.0, '_a5_': 1.0}};{'d0': 0.024905832919416625};-280.569866449044;41.320169791836015
41595;-98.9647634326858;((_a7_ + (((x + _a1_) * (_a6_ * _a1_)) * x)) * (x * (_a1_ * _a6_)));{'d0': {'_a1_': 0.623859415555087, '_a6_': 2.945529792622364, '_a7_': 0.9660093546937405, '_a0_': 1.0, '_a2_': 1.0, '_a3_': 1.0, '_a4_': 1.0, '_a5_': 1.0}};{'d0': 0.024905832919416625};-280.569866449044;41.320169791836015
41596;-98.9647634326858;((_a7_ + (((x + _a1_) * (_a6_ * _a1_)) * x)) * (x * (_a1_ * _a6_)));{'d0': {'_a1_': 0.623859415555087, '_a6_': 2.945529792622364, '_a7_': 0.9660093546937405, '_a0_': 1.0, '_a2_': 1.0, '_a3_': 1.0, '_a4_': 1.0, '_a5_': 1.0}};{'d0': 0.024905832919416625};-280.569866449044;41.320169791836015
41597;-98.9647634326858;((_a7_ + (((x + _a1_) * (_a6_ * _a1_)) * x)) * (x * (_a1_ * _a6_)));{'d0': {'_a1_': 0.623859415555087, '_a6_': 2.945529792622364, '_a7_': 0.9660093546937405, '_a0_': 1.0, '_a2_': 1.0, '_a3_': 1.0, '_a4_': 1.0, '_a5_': 1.0}};{'d0': 0.024905832919416625};-280.569866449044;41.320169791836015
41598;-98.9647634326858;((_a7_ + (((x + _a1_) * (_a6_ * _a1_)) * x)) * (x * (_a1_ * _a6_)));{'d0': {'_a1_': 0.623859415555087, '_a6_': 2.945529792622364, '_a7_': 0.9660093546937405, '_a0_': 1.0, '_a2_': 1.0, '_a3_': 1.0, '_a4_': 1.0, '_a5_': 1.0}};{'d0': 0.024905832919416625};-280.569866449044;41.320169791836015
41599;-98.9647634326858;((_a7_ + (((x + _a1_) * (_a6_ * _a1_)) * x)) * (x * (_a1_ * _a6_)));{'d0': {'_a1_': 0.623859415555087, '_a6_': 2.945529792622364, '_a7_': 0.9660093546937405, '_a0_': 1.0, '_a2_': 1.0, '_a3_': 1.0, '_a4_': 1.0, '_a5_': 1.0}};{'d0': 0.024905832919416625};-280.569866449044;41.320169791836015
41600;-98.9647634326858;((_a7_ + (((x + _a1_) * (_a6_ * _a1_)) * x)) * (x * (_a1_ * _a6_)));{'d0': {'_a1_': 0.623859415555087, '_a6_': 2.945529792622364, '_a7_': 0.9660093546937405, '_a0_': 1.0, '_a2_': 1.0, '_a3_': 1.0, '_a4_': 1.0, '_a5_': 1.0}};{'d0': 0.024905832919416625};-280.569866449044;41.320169791836015
41601;-98.9647634326858;((_a7_ + (((x + _a1_) * (_a6_ * _a1_)) * x)) * (x * (_a1_ * _a6_)));{'d0': {'_a1_': 0.623859415555087, '_a6_': 2.945529792622364, '_a7_': 0.9660093546937405, '_a0_': 1.0, '_a2_': 1.0, '_a3_': 1.0, '_a4_': 1.0, '_a5_': 1.0}};{'d0': 0.024905832919416625};-280.569866449044;41.320169791836015
41602;-98.9647634326858;((_a7_ + (((x + _a1_) * (_a6_ * _a1_)) * x)) * (x * (_a1_ * _a6_)));{'d0': {'_a1_': 0.623859415555087, '_a6_': 2.945529792622364, '_a7_': 0.9660093546937405, '_a0_': 1.0, '_a2_': 1.0, '_a3_': 1.0, '_a4_': 1.0, '_a5_': 1.0}};{'d0': 0.024905832919416625};-280.569866449044;41.320169791836015
41603;-98.9647634326858;((_a7_ + (((x + _a1_) * (_a6_ * _a1_)) * x)) * (x * (_a1_ * _a6_)));{'d0': {'_a1_': 0.623859415555087, '_a6_': 2.945529792622364, '_a7_': 0.9660093546937405, '_a0_': 1.0, '_a2_': 1.0, '_a3_': 1.0, '_a4_': 1.0, '_a5_': 1.0}};{'d0': 0.024905832919416625};-280.569866449044;41.320169791836015
41604;-98.9647634326858;((_a7_ + (((x + _a1_) * (_a6_ * _a6_)) * x)) * (x * (_a1_ * _a6_)));{'d0': {'_a1_': 0.6238594154890078, '_a6_': 1.7557844209838211, '_a7_': 1.6205915145940302, '_a0_': 1.0, '_a2_': 1.0, '_a3_': 1.0, '_a4_': 1.0, '_a5_': 1.0}};{'d0': 0.02490583291941664};-280.569866449044;41.320169791836015
41605;-98.1382168817568;((_a7_ + (((x + _a1_) * (_a6_ * _a6_)) * x)) * (x * (_a1_ + _a6_)));{'d0': {'_a1_': 0.6238594154632221, '_a6_': 1.3185118369287459, '_a7_': 0.9139011925294426, '_a0_': 1.0, '_a2_': 1.0, '_a3_': 1.0, '_a4_': 1.0, '_a5_': 1.0}};{'d0': 0.02490583291941664};-280.569866449044;42.14671634276502
41606;-98.1382168817568;((_a7_ + (((x + _a1_) * (_a6_ * _a6_)) * x)) * (x * (_a1_ + _a6_)));{'d0': {'_a1_': 0.6238594154632221, '_a6_': 1.3185118369287459, '_a7_': 0.9139011925294426, '_a0_': 1.0, '_a2_': 1.0, '_a3_': 1.0, '_a4_': 1.0, '_a5_': 1.0}};{'d0': 0.02490583291941664};-280.569866449044;42.14671634276502
41607;-98.1382168817568;((_a7_ + (((x + _a1_) * (_a6_ * _a6_)) * x)) * (x * (_a1_ + _a6_)));{'d0': {'_a1_': 0.6238594154632221, '_a6_': 1.3185118369287459, '_a7_': 0.9139011925294426, '_a0_': 1.0, '_a2_': 1.0, '_a3_': 1.0, '_a4_': 1.0, '_a5_': 1.0}};{'d0': 0.02490583291941664};-280.569866449044;42.14671634276502
41608;-98.1382168817568;((_a7_ + (((x + _a1_) * (_a6_ * _a6_)) * x)) * (x * (_a1_ + _a6_)));{'d0': {'_a1_': 0.6238594154632221, '_a6_': 1.3185118369287459, '_a7_': 0.9139011925294426, '_a0_': 1.0, '_a2_': 1.0, '_a3_': 1.0, '_a4_': 1.0, '_a5_': 1.0}};{'d0': 0.02490583291941664};-280.569866449044;42.14671634276502
41609;-98.1382168817568;((_a7_ + (((x + _a1_) * (_a6_ * _a6_)) * x)) * (x * (_a1_ + _a6_)));{'d0': {'_a1_': 0.6238594154632221, '_a6_': 1.3185118369287459, '_a7_': 0.9139011925294426, '_a0_': 1.0, '_a2_': 1.0, '_a3_': 1.0, '_a4_': 1.0, '_a5_': 1.0}};{'d0': 0.02490583291941664};-280.569866449044;42.14671634276502
41610;-98.1382168817568;((_a7_ + (((x + _a1_) * (_a6_ * _a6_)) * x)) * (x * (_a1_ + _a6_)));{'d0': {'_a1_': 0.6238594154632221, '_a6_': 1.3185118369287459, '_a7_': 0.9139011925294426, '_a0_': 1.0, '_a2_': 1.0, '_a3_': 1.0, '_a4_': 1.0, '_a5_': 1.0}};{'d0': 0.02490583291941664};-280.569866449044;42.14671634276502
41611;-98.1382168817568;((_a7_ + (((x + _a1_) * (_a6_ * _a6_)) * x)) * (x * (_a1_ + _a6_)));{'d0': {'_a1_': 0.6238594154632221, '_a6_': 1.3185118369287459, '_a7_': 0.9139011925294426, '_a0_': 1.0, '_a2_': 1.0, '_a3_': 1.0, '_a4_': 1.0, '_a5_': 1.0}};{'d0': 0.02490583291941664};-280.569866449044;42.14671634276502
41612;-98.1382168817568;((_a7_ + (((x + _a1_) * (_a6_ * _a6_)) * x)) * (x * (_a1_ + _a6_)));{'d0': {'_a1_': 0.6238594154632221, '_a6_': 1.3185118369287459, '_a7_': 0.9139011925294426, '_a0_': 1.0, '_a2_': 1.0, '_a3_': 1.0, '_a4_': 1.0, '_a5_': 1.0}};{'d0': 0.02490583291941664};-280.569866449044;42.14671634276502
41613;-98.1382168817568;((_a7_ + (((x + _a1_) * (_a6_ * _a6_)) * x)) * (x * (_a1_ + _a6_)));{'d0': {'_a1_': 0.6238594154632221, '_a6_': 1.3185118369287459, '_a7_': 0.9139011925294426, '_a0_': 1.0, '_a2_': 1.0, '_a3_': 1.0, '_a4_': 1.0, '_a5_': 1.0}};{'d0': 0.02490583291941664};-280.569866449044;42.14671634276502
41614;-98.1382168817568;((_a7_ + (((x + _a1_) * (_a6_ * _a6_)) * x)) * (x * (_a1_ + _a6_)));{'d0': {'_a1_': 0.6238594154632221, '_a6_': 1.3185118369287459, '_a7_': 0.9139011925294426, '_a0_': 1.0, '_a2_': 1.0, '_a3_': 1.0, '_a4_': 1.0, '_a5_': 1.0}};{'d0': 0.02490583291941664};-280.569866449044;42.14671634276502
41615;-98.1382168817568;((_a7_ + (((x + _a1_) * (_a6_ * _a6_)) * x)) * (x * (_a1_ + _a6_)));{'d0': {'_a1_': 0.6238594154632221, '_a6_': 1.3185118369287459, '_a7_': 0.9139011925294426, '_a0_': 1.0, '_a2_': 1.0, '_a3_': 1.0, '_a4_': 1.0, '_a5_': 1.0}};{'d0': 0.02490583291941664};-280.569866449044;42.14671634276502
41616;-98.1382168817568;((_a7_ + (((x + _a1_) * (_a6_ * _a6_)) * x)) * (x * (_a1_ + _a6_)));{'d0': {'_a1_': 0.6238594154632221, '_a6_': 1.3185118369287459, '_a7_': 0.9139011925294426, '_a0_': 1.0, '_a2_': 1.0, '_a3_': 1.0, '_a4_': 1.0, '_a5_': 1.0}};{'d0': 0.02490583291941664};-280.569866449044;42.14671634276502
41617;-98.1382168817568;((_a7_ + (((x + _a1_) * (_a6_ * _a6_)) * x)) * (x * (_a1_ + _a6_)));{'d0': {'_a1_': 0.6238594154632221, '_a6_': 1.3185118369287459, '_a7_': 0.9139011925294426, '_a0_': 1.0, '_a2_': 1.0, '_a3_': 1.0, '_a4_': 1.0, '_a5_': 1.0}};{'d0': 0.02490583291941664};-280.569866449044;42.14671634276502
41618;-98.1382168817568;((_a7_ + (((x + _a1_) * (_a6_ * _a6_)) * x)) * (x * (_a1_ + _a6_)));{'d0': {'_a1_': 0.6238594154632221, '_a6_': 1.3185118369287459, '_a7_': 0.9139011925294426, '_a0_': 1.0, '_a2_': 1.0, '_a3_': 1.0, '_a4_': 1.0, '_a5_': 1.0}};{'d0': 0.02490583291941664};-280.569866449044;42.14671634276502
41619;-98.1382168817568;((_a7_ + (((x + _a1_) * (_a6_ * _a6_)) * x)) * (x * (_a1_ + _a6_)));{'d0': {'_a1_': 0.6238594154632221, '_a6_': 1.3185118369287459, '_a7_': 0.9139011925294426, '_a0_': 1.0, '_a2_': 1.0, '_a3_': 1.0, '_a4_': 1.0, '_a5_': 1.0}};{'d0': 0.02490583291941664};-280.569866449044;42.14671634276502
41620;-98.1382168817568;((_a7_ + (((x + _a1_) * (_a6_ * _a6_)) * x)) * (x * (_a1_ + _a6_)));{'d0': {'_a1_': 0.6238594154632221, '_a6_': 1.3185118369287459, '_a7_': 0.9139011925294426, '_a0_': 1.0, '_a2_': 1.0, '_a3_': 1.0, '_a4_': 1.0, '_a5_': 1.0}};{'d0': 0.02490583291941664};-280.569866449044;42.14671634276502
41621;-98.1382168817568;((_a7_ + (((x + _a1_) * (_a6_ * _a6_)) * x)) * (x * (_a1_ + _a6_)));{'d0': {'_a1_': 0.6238594154632221, '_a6_': 1.3185118369287459, '_a7_': 0.9139011925294426, '_a0_': 1.0, '_a2_': 1.0, '_a3_': 1.0, '_a4_': 1.0, '_a5_': 1.0}};{'d0': 0.02490583291941664};-280.569866449044;42.14671634276502
41622;-98.1382168817568;((_a7_ + (((x + _a1_) * (_a6_ * _a6_)) * x)) * (x * (_a1_ + _a6_)));{'d0': {'_a1_': 0.6238594154632221, '_a6_': 1.3185118369287459, '_a7_': 0.9139011925294426, '_a0_': 1.0, '_a2_': 1.0, '_a3_': 1.0, '_a4_': 1.0, '_a5_': 1.0}};{'d0': 0.02490583291941664};-280.569866449044;42.14671634276502
41623;-98.1382168817568;((_a7_ + (((x + _a1_) * (_a6_ * _a6_)) * x)) * (x * (_a1_ + _a6_)));{'d0': {'_a1_': 0.6238594154632221, '_a6_': 1.3185118369287459, '_a7_': 0.9139011925294426, '_a0_': 1.0, '_a2_': 1.0, '_a3_': 1.0, '_a4_': 1.0, '_a5_': 1.0}};{'d0': 0.02490583291941664};-280.569866449044;42.14671634276502
41624;-98.1382168817568;((_a7_ + (((x + _a1_) * (_a6_ * _a6_)) * x)) * (x * (_a1_ + _a6_)));{'d0': {'_a1_': 0.6238594154632221, '_a6_': 1.3185118369287459, '_a7_': 0.9139011925294426, '_a0_': 1.0, '_a2_': 1.0, '_a3_': 1.0, '_a4_': 1.0, '_a5_': 1.0}};{'d0': 0.02490583291941664};-280.569866449044;42.14671634276502
41625;-98.1382168817568;((_a7_ + (((x + _a1_) * (_a6_ * _a6_)) * x)) * (x * (_a1_ + _a6_)));{'d0': {'_a1_': 0.6238594154632221, '_a6_': 1.3185118369287459, '_a7_': 0.9139011925294426, '_a0_': 1.0, '_a2_': 1.0, '_a3_': 1.0, '_a4_': 1.0, '_a5_': 1.0}};{'d0': 0.02490583291941664};-280.569866449044;42.14671634276502
41626;-98.1382168817568;((_a7_ + (((x + _a1_) * (_a6_ * _a6_)) * x)) * (x * (_a1_ + _a6_)));{'d0': {'_a1_': 0.6238594154632221, '_a6_': 1.3185118369287459, '_a7_': 0.9139011925294426, '_a0_': 1.0, '_a2_': 1.0, '_a3_': 1.0, '_a4_': 1.0, '_a5_': 1.0}};{'d0': 0.02490583291941664};-280.569866449044;42.14671634276502
41627;-98.1382168817568;((_a7_ + (((x + _a1_) * (_a6_ * _a6_)) * x)) * (x * (_a1_ + _a6_)));{'d0': {'_a1_': 0.6238594154632221, '_a6_': 1.3185118369287459, '_a7_': 0.9139011925294426, '_a0_': 1.0, '_a2_': 1.0, '_a3_': 1.0, '_a4_': 1.0, '_a5_': 1.0}};{'d0': 0.02490583291941664};-280.569866449044;42.14671634276502
41628;-98.1382168817568;((_a7_ + (((x + _a1_) * (_a6_ * _a6_)) * x)) * (x * (_a1_ + _a6_)));{'d0': {'_a1_': 0.6238594154632221, '_a6_': 1.3185118369287459, '_a7_': 0.9139011925294426, '_a0_': 1.0, '_a2_': 1.0, '_a3_': 1.0, '_a4_': 1.0, '_a5_': 1.0}};{'d0': 0.02490583291941664};-280.569866449044;42.14671634276502
41629;-98.1382168817568;((_a7_ + (((x + _a1_) * (_a6_ * _a6_)) * x)) * (x * (_a1_ + _a6_)));{'d0': {'_a1_': 0.6238594154632221, '_a6_': 1.3185118369287459, '_a7_': 0.9139011925294426, '_a0_': 1.0, '_a2_': 1.0, '_a3_': 1.0, '_a4_': 1.0, '_a5_': 1.0}};{'d0': 0.02490583291941664};-280.569866449044;42.14671634276502
41630;-98.1382168817568;((_a7_ + (((x + _a1_) * (_a6_ * _a6_)) * x)) * (x * (_a1_ + _a6_)));{'d0': {'_a1_': 0.6238594154632221, '_a6_': 1.3185118369287459, '_a7_': 0.9139011925294426, '_a0_': 1.0, '_a2_': 1.0, '_a3_': 1.0, '_a4_': 1.0, '_a5_': 1.0}};{'d0': 0.02490583291941664};-280.569866449044;42.14671634276502
41631;-98.1382168817568;((_a7_ + (((x + _a1_) * (_a6_ * _a6_)) * x)) * (x * (_a1_ + _a6_)));{'d0': {'_a1_': 0.6238594154632221, '_a6_': 1.3185118369287459, '_a7_': 0.9139011925294426, '_a0_': 1.0, '_a2_': 1.0, '_a3_': 1.0, '_a4_': 1.0, '_a5_': 1.0}};{'d0': 0.02490583291941664};-280.569866449044;42.14671634276502
41632;-98.1382168817568;((_a7_ + (((x + _a1_) * (_a6_ * _a6_)) * x)) * (x * (_a1_ + _a6_)));{'d0': {'_a1_': 0.6238594154632221, '_a6_': 1.3185118369287459, '_a7_': 0.9139011925294426, '_a0_': 1.0, '_a2_': 1.0, '_a3_': 1.0, '_a4_': 1.0, '_a5_': 1.0}};{'d0': 0.02490583291941664};-280.569866449044;42.14671634276502
41633;-98.1382168817568;((_a7_ + (((x + _a1_) * (_a6_ * _a6_)) * x)) * (x * (_a1_ + _a6_)));{'d0': {'_a1_': 0.6238594154632221, '_a6_': 1.3185118369287459, '_a7_': 0.9139011925294426, '_a0_': 1.0, '_a2_': 1.0, '_a3_': 1.0, '_a4_': 1.0, '_a5_': 1.0}};{'d0': 0.02490583291941664};-280.569866449044;42.14671634276502
41634;-98.1382168817568;((_a7_ + (((x + _a1_) * (_a6_ * _a6_)) * x)) * (x * (_a1_ + _a6_)));{'d0': {'_a1_': 0.6238594154632221, '_a6_': 1.3185118369287459, '_a7_': 0.9139011925294426, '_a0_': 1.0, '_a2_': 1.0, '_a3_': 1.0, '_a4_': 1.0, '_a5_': 1.0}};{'d0': 0.02490583291941664};-280.569866449044;42.14671634276502
41635;-98.1382168817568;((_a7_ + (((x + _a1_) * (_a6_ * _a6_)) * x)) * (x * (_a1_ + _a6_)));{'d0': {'_a1_': 0.6238594154632221, '_a6_': 1.3185118369287459, '_a7_': 0.9139011925294426, '_a0_': 1.0, '_a2_': 1.0, '_a3_': 1.0, '_a4_': 1.0, '_a5_': 1.0}};{'d0': 0.02490583291941664};-280.569866449044;42.14671634276502
41636;-98.1382168817568;((_a7_ + (((x + _a1_) * (_a6_ * _a6_)) * x)) * (x * (_a1_ + _a6_)));{'d0': {'_a1_': 0.6238594154632221, '_a6_': 1.3185118369287459, '_a7_': 0.9139011925294426, '_a0_': 1.0, '_a2_': 1.0, '_a3_': 1.0, '_a4_': 1.0, '_a5_': 1.0}};{'d0': 0.02490583291941664};-280.569866449044;42.14671634276502
41637;-98.1382168817568;((_a7_ + (((x + _a1_) * (_a6_ * _a6_)) * x)) * (x * (_a1_ + _a6_)));{'d0': {'_a1_': 0.6238594154632221, '_a6_': 1.3185118369287459, '_a7_': 0.9139011925294426, '_a0_': 1.0, '_a2_': 1.0, '_a3_': 1.0, '_a4_': 1.0, '_a5_': 1.0}};{'d0': 0.02490583291941664};-280.569866449044;42.14671634276502
41638;-98.1382168817568;((_a7_ + (((x + _a1_) * (_a6_ * _a6_)) * x)) * (x * (_a1_ + _a6_)));{'d0': {'_a1_': 0.6238594154632221, '_a6_': 1.3185118369287459, '_a7_': 0.9139011925294426, '_a0_': 1.0, '_a2_': 1.0, '_a3_': 1.0, '_a4_': 1.0, '_a5_': 1.0}};{'d0': 0.02490583291941664};-280.569866449044;42.14671634276502
41639;-98.1382168817568;((_a7_ + (((x + _a1_) * (_a6_ * _a6_)) * x)) * (x * (_a1_ + _a6_)));{'d0': {'_a1_': 0.6238594154632221, '_a6_': 1.3185118369287459, '_a7_': 0.9139011925294426, '_a0_': 1.0, '_a2_': 1.0, '_a3_': 1.0, '_a4_': 1.0, '_a5_': 1.0}};{'d0': 0.02490583291941664};-280.569866449044;42.14671634276502
41640;-98.1382168817568;((_a7_ + (((x + _a1_) * (_a6_ * _a6_)) * x)) * (x * (_a1_ + _a6_)));{'d0': {'_a1_': 0.6238594154632221, '_a6_': 1.3185118369287459, '_a7_': 0.9139011925294426, '_a0_': 1.0, '_a2_': 1.0, '_a3_': 1.0, '_a4_': 1.0, '_a5_': 1.0}};{'d0': 0.02490583291941664};-280.569866449044;42.14671634276502
41641;-98.1382168817568;((_a7_ + (((x + _a1_) * (_a6_ * _a6_)) * x)) * (x * (_a1_ + _a6_)));{'d0': {'_a1_': 0.6238594154632221, '_a6_': 1.3185118369287459, '_a7_': 0.9139011925294426, '_a0_': 1.0, '_a2_': 1.0, '_a3_': 1.0, '_a4_': 1.0, '_a5_': 1.0}};{'d0': 0.02490583291941664};-280.569866449044;42.14671634276502
41642;-98.1382168817568;((_a7_ + (((x + _a1_) * (_a6_ * _a6_)) * x)) * (x * (_a1_ + _a6_)));{'d0': {'_a1_': 0.6238594154632221, '_a6_': 1.3185118369287459, '_a7_': 0.9139011925294426, '_a0_': 1.0, '_a2_': 1.0, '_a3_': 1.0, '_a4_': 1.0, '_a5_': 1.0}};{'d0': 0.02490583291941664};-280.569866449044;42.14671634276502
41643;-98.1382168817568;((_a7_ + (((x + _a1_) * (_a6_ * _a6_)) * x)) * (x * (_a1_ + _a6_)));{'d0': {'_a1_': 0.6238594154632221, '_a6_': 1.3185118369287459, '_a7_': 0.9139011925294426, '_a0_': 1.0, '_a2_': 1.0, '_a3_': 1.0, '_a4_': 1.0, '_a5_': 1.0}};{'d0': 0.02490583291941664};-280.569866449044;42.14671634276502
41644;-98.1382168817568;((_a7_ + (((x + _a1_) * (_a6_ * _a7_)) * x)) * (x * (_a1_ + _a6_)));{'d0': {'_a1_': 0.6238594150918862, '_a6_': 1.9022553849103405, '_a7_': 0.7027136708197481, '_a0_': 1.0, '_a2_': 1.0, '_a3_': 1.0, '_a4_': 1.0, '_a5_': 1.0}};{'d0': 0.024905832919416664};-280.569866449044;42.14671634276502
41645;-98.1382168817568;((_a7_ + (((x + _a1_) * (_a6_ * _a7_)) * x)) * (x * (_a1_ + _a6_)));{'d0': {'_a1_': 0.6238594150918862, '_a6_': 1.9022553849103405, '_a7_': 0.7027136708197481, '_a0_': 1.0, '_a2_': 1.0, '_a3_': 1.0, '_a4_': 1.0, '_a5_': 1.0}};{'d0': 0.024905832919416664};-280.569866449044;42.14671634276502
41646;-98.1382168817568;((_a7_ + (((x + _a1_) * (_a6_ * _a7_)) * x)) * (x * (_a1_ + _a6_)));{'d0': {'_a1_': 0.6238594150918862, '_a6_': 1.9022553849103405, '_a7_': 0.7027136708197481, '_a0_': 1.0, '_a2_': 1.0, '_a3_': 1.0, '_a4_': 1.0, '_a5_': 1.0}};{'d0': 0.024905832919416664};-280.569866449044;42.14671634276502
41647;-98.1382168817568;((_a7_ + (((x + _a1_) * (_a6_ * _a7_)) * x)) * (x * (_a1_ + _a6_)));{'d0': {'_a1_': 0.6238594150918862, '_a6_': 1.9022553849103405, '_a7_': 0.7027136708197481, '_a0_': 1.0, '_a2_': 1.0, '_a3_': 1.0, '_a4_': 1.0, '_a5_': 1.0}};{'d0': 0.024905832919416664};-280.569866449044;42.14671634276502
41648;-98.1382168817568;((_a7_ + (((x + _a1_) * (_a6_ * _a7_)) * x)) * (x * (_a1_ + _a6_)));{'d0': {'_a1_': 0.6238594150918862, '_a6_': 1.9022553849103405, '_a7_': 0.7027136708197481, '_a0_': 1.0, '_a2_': 1.0, '_a3_': 1.0, '_a4_': 1.0, '_a5_': 1.0}};{'d0': 0.024905832919416664};-280.569866449044;42.14671634276502
41649;-98.1382168817568;((_a7_ + (((x + _a1_) * (_a6_ * _a7_)) * x)) * (x * (_a1_ + _a6_)));{'d0': {'_a1_': 0.6238594150918862, '_a6_': 1.9022553849103405, '_a7_': 0.7027136708197481, '_a0_': 1.0, '_a2_': 1.0, '_a3_': 1.0, '_a4_': 1.0, '_a5_': 1.0}};{'d0': 0.024905832919416664};-280.569866449044;42.14671634276502
41650;-98.1382168817568;((_a7_ + (((x + _a1_) * (_a6_ * _a7_)) * x)) * (x * (_a1_ + _a6_)));{'d0': {'_a1_': 0.6238594150918862, '_a6_': 1.9022553849103405, '_a7_': 0.7027136708197481, '_a0_': 1.0, '_a2_': 1.0, '_a3_': 1.0, '_a4_': 1.0, '_a5_': 1.0}};{'d0': 0.024905832919416664};-280.569866449044;42.14671634276502
41651;-98.1382168817568;((_a7_ + (((x + _a1_) * (_a6_ * _a7_)) * x)) * (x * (_a1_ + _a6_)));{'d0': {'_a1_': 0.6238594150918862, '_a6_': 1.9022553849103405, '_a7_': 0.7027136708197481, '_a0_': 1.0, '_a2_': 1.0, '_a3_': 1.0, '_a4_': 1.0, '_a5_': 1.0}};{'d0': 0.024905832919416664};-280.569866449044;42.14671634276502
41652;-98.1382168817568;((_a7_ + (((x + _a1_) * (_a6_ * _a7_)) * x)) * (x * (_a1_ + _a6_)));{'d0': {'_a1_': 0.6238594150918862, '_a6_': 1.9022553849103405, '_a7_': 0.7027136708197481, '_a0_': 1.0, '_a2_': 1.0, '_a3_': 1.0, '_a4_': 1.0, '_a5_': 1.0}};{'d0': 0.024905832919416664};-280.569866449044;42.14671634276502
41653;-98.1382168817568;((_a7_ + (((x + _a1_) * (_a6_ * _a7_)) * x)) * (x * (_a1_ + _a6_)));{'d0': {'_a1_': 0.6238594150918862, '_a6_': 1.9022553849103405, '_a7_': 0.7027136708197481, '_a0_': 1.0, '_a2_': 1.0, '_a3_': 1.0, '_a4_': 1.0, '_a5_': 1.0}};{'d0': 0.024905832919416664};-280.569866449044;42.14671634276502
41654;-98.1382168817568;((_a7_ + (((x + _a1_) * (_a6_ * _a7_)) * x)) * (x * (_a1_ + _a6_)));{'d0': {'_a1_': 0.6238594150918862, '_a6_': 1.9022553849103405, '_a7_': 0.7027136708197481, '_a0_': 1.0, '_a2_': 1.0, '_a3_': 1.0, '_a4_': 1.0, '_a5_': 1.0}};{'d0': 0.024905832919416664};-280.569866449044;42.14671634276502
41655;-98.1382168817568;((_a7_ + (((x + _a1_) * (_a6_ * _a7_)) * x)) * (x * (_a1_ + _a6_)));{'d0': {'_a1_': 0.6238594150918862, '_a6_': 1.9022553849103405, '_a7_': 0.7027136708197481, '_a0_': 1.0, '_a2_': 1.0, '_a3_': 1.0, '_a4_': 1.0, '_a5_': 1.0}};{'d0': 0.024905832919416664};-280.569866449044;42.14671634276502
41656;-98.1382168817568;((_a7_ + (((x + _a1_) * (_a6_ * _a7_)) * x)) * (x * (_a1_ + _a6_)));{'d0': {'_a1_': 0.6238594150918862, '_a6_': 1.9022553849103405, '_a7_': 0.7027136708197481, '_a0_': 1.0, '_a2_': 1.0, '_a3_': 1.0, '_a4_': 1.0, '_a5_': 1.0}};{'d0': 0.024905832919416664};-280.569866449044;42.14671634276502
41657;-98.1382168817568;((_a7_ + (((x + _a1_) * (_a6_ * _a7_)) * x)) * (x * (_a1_ + _a6_)));{'d0': {'_a1_': 0.6238594150918862, '_a6_': 1.9022553849103405, '_a7_': 0.7027136708197481, '_a0_': 1.0, '_a2_': 1.0, '_a3_': 1.0, '_a4_': 1.0, '_a5_': 1.0}};{'d0': 0.024905832919416664};-280.569866449044;42.14671634276502
41658;-101.702633509695;((pow2(x) * _a3_) + ((((x * x) + _a2_) * -(_a5_)) * x));{'d0': {'_a2_': 0.5256917699579301, '_a3_': 2.106624068505068, '_a5_': -3.3767608798471347, '_a0_': 1.0, '_a1_': 1.0, '_a4_': 1.0, '_a6_': 1.0, '_a7_': 1.0}};{'d0': 0.024905832919416636};-280.569866449044;38.582299714826334
41659;-101.702633509695;((pow2(x) * _a3_) + ((((x * x) + _a2_) * -(_a5_)) * x));{'d0': {'_a2_': 0.5256917699579301, '_a3_': 2.106624068505068, '_a5_': -3.3767608798471347, '_a0_': 1.0, '_a1_': 1.0, '_a4_': 1.0, '_a6_': 1.0, '_a7_': 1.0}};{'d0': 0.024905832919416636};-280.569866449044;38.582299714826334
41660;-101.702633509695;((pow2(x) * _a3_) + ((((x * x) + _a2_) * -(_a5_)) * x));{'d0': {'_a2_': 0.5256917699579301, '_a3_': 2.106624068505068, '_a5_': -3.3767608798471347, '_a0_': 1.0, '_a1_': 1.0, '_a4_': 1.0, '_a6_': 1.0, '_a7_': 1.0}};{'d0': 0.024905832919416636};-280.569866449044;38.582299714826334
41661;-101.702633509695;((pow2(x) * _a3_) + ((((x * x) + _a2_) * -(_a5_)) * x));{'d0': {'_a2_': 0.5256917699579301, '_a3_': 2.106624068505068, '_a5_': -3.3767608798471347, '_a0_': 1.0, '_a1_': 1.0, '_a4_': 1.0, '_a6_': 1.0, '_a7_': 1.0}};{'d0': 0.024905832919416636};-280.569866449044;38.582299714826334
41662;-101.702633509695;((pow2(x) * _a3_) + ((((x * x) + _a2_) * -(_a5_)) * x));{'d0': {'_a2_': 0.5256917699579301, '_a3_': 2.106624068505068, '_a5_': -3.3767608798471347, '_a0_': 1.0, '_a1_': 1.0, '_a4_': 1.0, '_a6_': 1.0, '_a7_': 1.0}};{'d0': 0.024905832919416636};-280.569866449044;38.582299714826334
41663;-101.702633509695;((pow2(x) * _a3_) + ((((x * x) + _a2_) * -(_a5_)) * x));{'d0': {'_a2_': 0.5256917699579301, '_a3_': 2.106624068505068, '_a5_': -3.3767608798471347, '_a0_': 1.0, '_a1_': 1.0, '_a4_': 1.0, '_a6_': 1.0, '_a7_': 1.0}};{'d0': 0.024905832919416636};-280.569866449044;38.582299714826334
41664;-101.702633509695;((pow2(x) * _a3_) + ((((x * x) + _a2_) * -(_a5_)) * x));{'d0': {'_a2_': 0.5256917699579301, '_a3_': 2.106624068505068, '_a5_': -3.3767608798471347, '_a0_': 1.0, '_a1_': 1.0, '_a4_': 1.0, '_a6_': 1.0, '_a7_': 1.0}};{'d0': 0.024905832919416636};-280.569866449044;38.582299714826334
41665;-101.702633509695;((pow2(x) * _a3_) + ((((x * x) + _a2_) * -(_a5_)) * x));{'d0': {'_a2_': 0.5256917699579301, '_a3_': 2.106624068505068, '_a5_': -3.3767608798471347, '_a0_': 1.0, '_a1_': 1.0, '_a4_': 1.0, '_a6_': 1.0, '_a7_': 1.0}};{'d0': 0.024905832919416636};-280.569866449044;38.582299714826334
41666;-101.702633509695;((pow2(x) * _a3_) + ((((x * x) + _a2_) * -(_a5_)) * x));{'d0': {'_a2_': 0.5256917699579301, '_a3_': 2.106624068505068, '_a5_': -3.3767608798471347, '_a0_': 1.0, '_a1_': 1.0, '_a4_': 1.0, '_a6_': 1.0, '_a7_': 1.0}};{'d0': 0.024905832919416636};-280.569866449044;38.582299714826334
41667;-101.702633509695;((pow2(x) * _a3_) + ((((x * x) + _a2_) * -(_a5_)) * x));{'d0': {'_a2_': 0.5256917699579301, '_a3_': 2.106624068505068, '_a5_': -3.3767608798471347, '_a0_': 1.0, '_a1_': 1.0, '_a4_': 1.0, '_a6_': 1.0, '_a7_': 1.0}};{'d0': 0.024905832919416636};-280.569866449044;38.582299714826334
41668;-101.702633509695;((pow2(x) * _a3_) + ((((x * x) + _a2_) * -(_a5_)) * x));{'d0': {'_a2_': 0.5256917699579301, '_a3_': 2.106624068505068, '_a5_': -3.3767608798471347, '_a0_': 1.0, '_a1_': 1.0, '_a4_': 1.0, '_a6_': 1.0, '_a7_': 1.0}};{'d0': 0.024905832919416636};-280.569866449044;38.582299714826334
41669;-101.702633509695;((pow2(x) * _a3_) + ((((x * x) + _a2_) * -(_a5_)) * x));{'d0': {'_a2_': 0.5256917699579301, '_a3_': 2.106624068505068, '_a5_': -3.3767608798471347, '_a0_': 1.0, '_a1_': 1.0, '_a4_': 1.0, '_a6_': 1.0, '_a7_': 1.0}};{'d0': 0.024905832919416636};-280.569866449044;38.582299714826334
41670;-101.702633509695;((pow2(x) * _a3_) + ((((x * x) + _a2_) * -(_a5_)) * x));{'d0': {'_a2_': 0.5256917699579301, '_a3_': 2.106624068505068, '_a5_': -3.3767608798471347, '_a0_': 1.0, '_a1_': 1.0, '_a4_': 1.0, '_a6_': 1.0, '_a7_': 1.0}};{'d0': 0.024905832919416636};-280.569866449044;38.582299714826334
41671;-101.702633509695;((pow2(x) * _a3_) + ((((x * x) + _a2_) * -(_a5_)) * x));{'d0': {'_a2_': 0.5256917699579301, '_a3_': 2.106624068505068, '_a5_': -3.3767608798471347, '_a0_': 1.0, '_a1_': 1.0, '_a4_': 1.0, '_a6_': 1.0, '_a7_': 1.0}};{'d0': 0.024905832919416636};-280.569866449044;38.582299714826334
41672;-101.702633509695;((pow2(x) * _a3_) + ((((x * x) + _a2_) * -(_a5_)) * x));{'d0': {'_a2_': 0.5256917699579301, '_a3_': 2.106624068505068, '_a5_': -3.3767608798471347, '_a0_': 1.0, '_a1_': 1.0, '_a4_': 1.0, '_a6_': 1.0, '_a7_': 1.0}};{'d0': 0.024905832919416636};-280.569866449044;38.582299714826334
41673;-101.702633509695;((pow2(x) * _a3_) + ((((x * x) + _a2_) * -(_a5_)) * x));{'d0': {'_a2_': 0.5256917699579301, '_a3_': 2.106624068505068, '_a5_': -3.3767608798471347, '_a0_': 1.0, '_a1_': 1.0, '_a4_': 1.0, '_a6_': 1.0, '_a7_': 1.0}};{'d0': 0.024905832919416636};-280.569866449044;38.582299714826334
41674;-101.702633509695;((pow2(x) * _a3_) + ((((x * x) + _a2_) * -(_a5_)) * x));{'d0': {'_a2_': 0.5256917699579301, '_a3_': 2.106624068505068, '_a5_': -3.3767608798471347, '_a0_': 1.0, '_a1_': 1.0, '_a4_': 1.0, '_a6_': 1.0, '_a7_': 1.0}};{'d0': 0.024905832919416636};-280.569866449044;38.582299714826334
41675;-101.702633509695;((pow2(x) * _a3_) + ((((x * x) + _a2_) * -(_a5_)) * x));{'d0': {'_a2_': 0.5256917699579301, '_a3_': 2.106624068505068, '_a5_': -3.3767608798471347, '_a0_': 1.0, '_a1_': 1.0, '_a4_': 1.0, '_a6_': 1.0, '_a7_': 1.0}};{'d0': 0.024905832919416636};-280.569866449044;38.582299714826334
41676;-101.702633509695;((pow2(x) * _a3_) + ((((x * x) + _a2_) * -(_a5_)) * x));{'d0': {'_a2_': 0.5256917699579301, '_a3_': 2.106624068505068, '_a5_': -3.3767608798471347, '_a0_': 1.0, '_a1_': 1.0, '_a4_': 1.0, '_a6_': 1.0, '_a7_': 1.0}};{'d0': 0.024905832919416636};-280.569866449044;38.582299714826334
41677;-101.702633509695;((pow2(x) * _a3_) + ((((x * x) + _a2_) * -(_a5_)) * x));{'d0': {'_a2_': 0.5256917699579301, '_a3_': 2.106624068505068, '_a5_': -3.3767608798471347, '_a0_': 1.0, '_a1_': 1.0, '_a4_': 1.0, '_a6_': 1.0, '_a7_': 1.0}};{'d0': 0.024905832919416636};-280.569866449044;38.582299714826334
41678;-101.702633509695;((pow2(x) * _a3_) + ((((x * x) + _a2_) * -(_a5_)) * x));{'d0': {'_a2_': 0.5256917699579301, '_a3_': 2.106624068505068, '_a5_': -3.3767608798471347, '_a0_': 1.0, '_a1_': 1.0, '_a4_': 1.0, '_a6_': 1.0, '_a7_': 1.0}};{'d0': 0.024905832919416636};-280.569866449044;38.582299714826334
41679;-101.702633509695;((pow2(x) * _a3_) + ((((x * x) + _a2_) * -(_a5_)) * x));{'d0': {'_a2_': 0.5256917699579301, '_a3_': 2.106624068505068, '_a5_': -3.3767608798471347, '_a0_': 1.0, '_a1_': 1.0, '_a4_': 1.0, '_a6_': 1.0, '_a7_': 1.0}};{'d0': 0.024905832919416636};-280.569866449044;38.582299714826334
41680;-101.702633509695;((pow2(x) * _a3_) + ((((x * x) + _a2_) * -(_a5_)) * x));{'d0': {'_a2_': 0.5256917699579301, '_a3_': 2.106624068505068, '_a5_': -3.3767608798471347, '_a0_': 1.0, '_a1_': 1.0, '_a4_': 1.0, '_a6_': 1.0, '_a7_': 1.0}};{'d0': 0.024905832919416636};-280.569866449044;38.582299714826334
41681;-101.702633509695;((pow2(x) * _a3_) + ((((x * x) + _a2_) * -(_a5_)) * x));{'d0': {'_a2_': 0.5256917699579301, '_a3_': 2.106624068505068, '_a5_': -3.3767608798471347, '_a0_': 1.0, '_a1_': 1.0, '_a4_': 1.0, '_a6_': 1.0, '_a7_': 1.0}};{'d0': 0.024905832919416636};-280.569866449044;38.582299714826334
41682;-101.702633509695;((pow2(x) * _a3_) + ((((x * x) + _a2_) * -(_a5_)) * x));{'d0': {'_a2_': 0.5256917699579301, '_a3_': 2.106624068505068, '_a5_': -3.3767608798471347, '_a0_': 1.0, '_a1_': 1.0, '_a4_': 1.0, '_a6_': 1.0, '_a7_': 1.0}};{'d0': 0.024905832919416636};-280.569866449044;38.582299714826334
41683;-101.702633509695;((pow2(x) * _a3_) + ((((x * x) + _a2_) * -(_a5_)) * x));{'d0': {'_a2_': 0.5256917699579301, '_a3_': 2.106624068505068, '_a5_': -3.3767608798471347, '_a0_': 1.0, '_a1_': 1.0, '_a4_': 1.0, '_a6_': 1.0, '_a7_': 1.0}};{'d0': 0.024905832919416636};-280.569866449044;38.582299714826334
41684;-101.702633509695;((pow2(x) * _a3_) + ((((x * x) + _a2_) * -(_a5_)) * x));{'d0': {'_a2_': 0.5256917699579301, '_a3_': 2.106624068505068, '_a5_': -3.3767608798471347, '_a0_': 1.0, '_a1_': 1.0, '_a4_': 1.0, '_a6_': 1.0, '_a7_': 1.0}};{'d0': 0.024905832919416636};-280.569866449044;38.582299714826334
41685;-101.702633509695;((pow2(x) * _a3_) + ((((x * x) + _a2_) * -(_a5_)) * x));{'d0': {'_a2_': 0.5256917699579301, '_a3_': 2.106624068505068, '_a5_': -3.3767608798471347, '_a0_': 1.0, '_a1_': 1.0, '_a4_': 1.0, '_a6_': 1.0, '_a7_': 1.0}};{'d0': 0.024905832919416636};-280.569866449044;38.582299714826334
41686;-98.9647634326858;((_a7_ + (((x + _a1_) * (_a6_ * _a7_)) * x)) * (x * (_a1_ * _a6_)));{'d0': {'_a1_': 0.623859415478251, '_a6_': 1.9022553843432906, '_a7_': 1.4958082690767378, '_a0_': 1.0, '_a2_': 1.0, '_a3_': 1.0, '_a4_': 1.0, '_a5_': 1.0}};{'d0': 0.024905832919416657};-280.569866449044;41.320169791836015
41687;-98.9647634326858;((_a7_ + (((x + _a1_) * (_a6_ * _a7_)) * x)) * (x * (_a1_ * _a6_)));{'d0': {'_a1_': 0.623859415478251, '_a6_': 1.9022553843432906, '_a7_': 1.4958082690767378, '_a0_': 1.0, '_a2_': 1.0, '_a3_': 1.0, '_a4_': 1.0, '_a5_': 1.0}};{'d0': 0.024905832919416657};-280.569866449044;41.320169791836015
41688;-98.9647634326858;((_a7_ + (((x + _a1_) * (_a6_ * _a7_)) * x)) * (x * (_a1_ * _a6_)));{'d0': {'_a1_': 0.623859415478251, '_a6_': 1.9022553843432906, '_a7_': 1.4958082690767378, '_a0_': 1.0, '_a2_': 1.0, '_a3_': 1.0, '_a4_': 1.0, '_a5_': 1.0}};{'d0': 0.024905832919416657};-280.569866449044;41.320169791836015
41689;-98.9647634326858;((_a7_ + (((x + _a1_) * (_a6_ * _a7_)) * x)) * (x * (_a1_ * _a6_)));{'d0': {'_a1_': 0.623859415478251, '_a6_': 1.9022553843432906, '_a7_': 1.4958082690767378, '_a0_': 1.0, '_a2_': 1.0, '_a3_': 1.0, '_a4_': 1.0, '_a5_': 1.0}};{'d0': 0.024905832919416657};-280.569866449044;41.320169791836015
41690;-98.9647634326858;((_a7_ + (((x + _a1_) * (_a6_ * _a7_)) * x)) * (x * (_a1_ * _a6_)));{'d0': {'_a1_': 0.623859415478251, '_a6_': 1.9022553843432906, '_a7_': 1.4958082690767378, '_a0_': 1.0, '_a2_': 1.0, '_a3_': 1.0, '_a4_': 1.0, '_a5_': 1.0}};{'d0': 0.024905832919416657};-280.569866449044;41.320169791836015
41691;-98.9647634326858;((_a7_ + (((x + _a1_) * (_a6_ * _a7_)) * x)) * (x * (_a1_ * _a6_)));{'d0': {'_a1_': 0.623859415478251, '_a6_': 1.9022553843432906, '_a7_': 1.4958082690767378, '_a0_': 1.0, '_a2_': 1.0, '_a3_': 1.0, '_a4_': 1.0, '_a5_': 1.0}};{'d0': 0.024905832919416657};-280.569866449044;41.320169791836015
41692;-98.9647634326858;((_a7_ + (((x + _a1_) * (_a6_ * _a7_)) * x)) * (x * (_a1_ * _a6_)));{'d0': {'_a1_': 0.623859415478251, '_a6_': 1.9022553843432906, '_a7_': 1.4958082690767378, '_a0_': 1.0, '_a2_': 1.0, '_a3_': 1.0, '_a4_': 1.0, '_a5_': 1.0}};{'d0': 0.024905832919416657};-280.569866449044;41.320169791836015
41693;-98.9647634326858;((_a7_ + (((x + _a1_) * (_a6_ * _a7_)) * x)) * (x * (_a1_ * _a6_)));{'d0': {'_a1_': 0.623859415478251, '_a6_': 1.9022553843432906, '_a7_': 1.4958082690767378, '_a0_': 1.0, '_a2_': 1.0, '_a3_': 1.0, '_a4_': 1.0, '_a5_': 1.0}};{'d0': 0.024905832919416657};-280.569866449044;41.320169791836015
41694;-98.9647634326858;((_a7_ + (((x + _a1_) * (_a6_ * _a7_)) * x)) * (x * (_a1_ * _a6_)));{'d0': {'_a1_': 0.623859415478251, '_a6_': 1.9022553843432906, '_a7_': 1.4958082690767378, '_a0_': 1.0, '_a2_': 1.0, '_a3_': 1.0, '_a4_': 1.0, '_a5_': 1.0}};{'d0': 0.024905832919416657};-280.569866449044;41.320169791836015
41695;-98.9647634326858;((_a7_ + (((x + _a1_) * (_a6_ * _a7_)) * x)) * (x * (_a1_ * _a6_)));{'d0': {'_a1_': 0.623859415478251, '_a6_': 1.9022553843432906, '_a7_': 1.4958082690767378, '_a0_': 1.0, '_a2_': 1.0, '_a3_': 1.0, '_a4_': 1.0, '_a5_': 1.0}};{'d0': 0.024905832919416657};-280.569866449044;41.320169791836015
41696;-98.9647634326858;((_a7_ + (((x + _a1_) * (_a6_ * _a7_)) * x)) * (x * (_a1_ * _a6_)));{'d0': {'_a1_': 0.623859415478251, '_a6_': 1.9022553843432906, '_a7_': 1.4958082690767378, '_a0_': 1.0, '_a2_': 1.0, '_a3_': 1.0, '_a4_': 1.0, '_a5_': 1.0}};{'d0': 0.024905832919416657};-280.569866449044;41.320169791836015
41697;-98.9647634326858;((_a7_ + (((x + _a1_) * (_a6_ * _a7_)) * x)) * (x * (_a1_ * _a6_)));{'d0': {'_a1_': 0.623859415478251, '_a6_': 1.9022553843432906, '_a7_': 1.4958082690767378, '_a0_': 1.0, '_a2_': 1.0, '_a3_': 1.0, '_a4_': 1.0, '_a5_': 1.0}};{'d0': 0.024905832919416657};-280.569866449044;41.320169791836015
41698;-98.9647634326858;((_a7_ + (((x + _a1_) * (_a6_ * _a7_)) * x)) * (x * (_a1_ * _a6_)));{'d0': {'_a1_': 0.623859415478251, '_a6_': 1.9022553843432906, '_a7_': 1.4958082690767378, '_a0_': 1.0, '_a2_': 1.0, '_a3_': 1.0, '_a4_': 1.0, '_a5_': 1.0}};{'d0': 0.024905832919416657};-280.569866449044;41.320169791836015
41699;-98.9647634326858;((_a7_ + (((x + _a1_) * (_a6_ * _a7_)) * x)) * (x * (_a1_ * _a6_)));{'d0': {'_a1_': 0.623859415478251, '_a6_': 1.9022553843432906, '_a7_': 1.4958082690767378, '_a0_': 1.0, '_a2_': 1.0, '_a3_': 1.0, '_a4_': 1.0, '_a5_': 1.0}};{'d0': 0.024905832919416657};-280.569866449044;41.320169791836015
41700;-98.9647634326858;((_a7_ + (((x + _a1_) * (_a6_ * _a7_)) * x)) * (x * (_a1_ * _a6_)));{'d0': {'_a1_': 0.623859415478251, '_a6_': 1.9022553843432906, '_a7_': 1.4958082690767378, '_a0_': 1.0, '_a2_': 1.0, '_a3_': 1.0, '_a4_': 1.0, '_a5_': 1.0}};{'d0': 0.024905832919416657};-280.569866449044;41.320169791836015
41701;-98.9647634326858;((_a7_ + (((x + _a1_) * (_a6_ * _a7_)) * x)) * (x * (_a1_ * _a6_)));{'d0': {'_a1_': 0.623859415478251, '_a6_': 1.9022553843432906, '_a7_': 1.4958082690767378, '_a0_': 1.0, '_a2_': 1.0, '_a3_': 1.0, '_a4_': 1.0, '_a5_': 1.0}};{'d0': 0.024905832919416657};-280.569866449044;41.320169791836015
41702;-98.9647634326858;((_a7_ + (((x + _a1_) * (_a6_ * _a7_)) * x)) * (x * (_a1_ * _a6_)));{'d0': {'_a1_': 0.623859415478251, '_a6_': 1.9022553843432906, '_a7_': 1.4958082690767378, '_a0_': 1.0, '_a2_': 1.0, '_a3_': 1.0, '_a4_': 1.0, '_a5_': 1.0}};{'d0': 0.024905832919416657};-280.569866449044;41.320169791836015
41703;-98.9647634326858;((_a7_ + (((x + _a1_) * (_a6_ * _a7_)) * x)) * (x * (_a1_ * _a6_)));{'d0': {'_a1_': 0.623859415478251, '_a6_': 1.9022553843432906, '_a7_': 1.4958082690767378, '_a0_': 1.0, '_a2_': 1.0, '_a3_': 1.0, '_a4_': 1.0, '_a5_': 1.0}};{'d0': 0.024905832919416657};-280.569866449044;41.320169791836015
41704;-98.9647634326858;((_a7_ + (((x + _a1_) * (_a6_ * _a7_)) * x)) * (x * (_a1_ * _a6_)));{'d0': {'_a1_': 0.623859415478251, '_a6_': 1.9022553843432906, '_a7_': 1.4958082690767378, '_a0_': 1.0, '_a2_': 1.0, '_a3_': 1.0, '_a4_': 1.0, '_a5_': 1.0}};{'d0': 0.024905832919416657};-280.569866449044;41.320169791836015
41705;-98.9647634326858;((_a7_ + (((x + _a1_) * (_a6_ * _a7_)) * x)) * (x * (_a1_ * _a6_)));{'d0': {'_a1_': 0.623859415478251, '_a6_': 1.9022553843432906, '_a7_': 1.4958082690767378, '_a0_': 1.0, '_a2_': 1.0, '_a3_': 1.0, '_a4_': 1.0, '_a5_': 1.0}};{'d0': 0.024905832919416657};-280.569866449044;41.320169791836015
41706;-98.9647634326858;((_a7_ + (((x + _a1_) * (_a6_ * _a7_)) * x)) * (x * (_a1_ * _a6_)));{'d0': {'_a1_': 0.623859415478251, '_a6_': 1.9022553843432906, '_a7_': 1.4958082690767378, '_a0_': 1.0, '_a2_': 1.0, '_a3_': 1.0, '_a4_': 1.0, '_a5_': 1.0}};{'d0': 0.024905832919416657};-280.569866449044;41.320169791836015
41707;-98.9647634326858;((_a7_ + (((x + _a1_) * (_a6_ * _a7_)) * x)) * (x * (_a1_ * _a6_)));{'d0': {'_a1_': 0.623859415478251, '_a6_': 1.9022553843432906, '_a7_': 1.4958082690767378, '_a0_': 1.0, '_a2_': 1.0, '_a3_': 1.0, '_a4_': 1.0, '_a5_': 1.0}};{'d0': 0.024905832919416657};-280.569866449044;41.320169791836015
41708;-98.9647634326858;((_a7_ + (((x + _a1_) * (_a6_ * _a7_)) * x)) * (x * (_a1_ * _a6_)));{'d0': {'_a1_': 0.623859415478251, '_a6_': 1.9022553843432906, '_a7_': 1.4958082690767378, '_a0_': 1.0, '_a2_': 1.0, '_a3_': 1.0, '_a4_': 1.0, '_a5_': 1.0}};{'d0': 0.024905832919416657};-280.569866449044;41.320169791836015
41709;-101.702633509695;((pow2(x) * _a3_) + ((((x * x) + _a2_) * -(_a5_)) * x));{'d0': {'_a2_': 0.5256917699579301, '_a3_': 2.106624068505068, '_a5_': -3.3767608798471347, '_a0_': 1.0, '_a1_': 1.0, '_a4_': 1.0, '_a6_': 1.0, '_a7_': 1.0}};{'d0': 0.024905832919416636};-280.569866449044;38.582299714826334
41710;-101.702633509695;((pow2(x) * _a3_) + ((((x * x) + _a2_) * -(_a5_)) * x));{'d0': {'_a2_': 0.5256917699579301, '_a3_': 2.106624068505068, '_a5_': -3.3767608798471347, '_a0_': 1.0, '_a1_': 1.0, '_a4_': 1.0, '_a6_': 1.0, '_a7_': 1.0}};{'d0': 0.024905832919416636};-280.569866449044;38.582299714826334
41711;-101.702633509695;((pow2(x) * _a3_) + ((((x * x) + _a2_) * -(_a5_)) * x));{'d0': {'_a2_': 0.5256917699579301, '_a3_': 2.106624068505068, '_a5_': -3.3767608798471347, '_a0_': 1.0, '_a1_': 1.0, '_a4_': 1.0, '_a6_': 1.0, '_a7_': 1.0}};{'d0': 0.024905832919416636};-280.569866449044;38.582299714826334
41712;-101.702633509695;((pow2(x) * _a3_) + ((((x * x) + _a2_) * -(_a5_)) * x));{'d0': {'_a2_': 0.5256917699579301, '_a3_': 2.106624068505068, '_a5_': -3.3767608798471347, '_a0_': 1.0, '_a1_': 1.0, '_a4_': 1.0, '_a6_': 1.0, '_a7_': 1.0}};{'d0': 0.024905832919416636};-280.569866449044;38.582299714826334
41713;-101.702633509695;((pow2(x) * _a3_) + ((((x * x) + _a2_) * -(_a5_)) * x));{'d0': {'_a2_': 0.5256917699579301, '_a3_': 2.106624068505068, '_a5_': -3.3767608798471347, '_a0_': 1.0, '_a1_': 1.0, '_a4_': 1.0, '_a6_': 1.0, '_a7_': 1.0}};{'d0': 0.024905832919416636};-280.569866449044;38.582299714826334
41714;-101.702633509695;((pow2(x) * _a3_) + ((((x * x) + _a2_) * -(_a5_)) * x));{'d0': {'_a2_': 0.5256917699579301, '_a3_': 2.106624068505068, '_a5_': -3.3767608798471347, '_a0_': 1.0, '_a1_': 1.0, '_a4_': 1.0, '_a6_': 1.0, '_a7_': 1.0}};{'d0': 0.024905832919416636};-280.569866449044;38.582299714826334
41715;-101.702633509695;((pow2(x) * _a3_) + ((((x * x) + _a2_) * -(_a5_)) * x));{'d0': {'_a2_': 0.5256917699579301, '_a3_': 2.106624068505068, '_a5_': -3.3767608798471347, '_a0_': 1.0, '_a1_': 1.0, '_a4_': 1.0, '_a6_': 1.0, '_a7_': 1.0}};{'d0': 0.024905832919416636};-280.569866449044;38.582299714826334
41716;-101.702633509695;((pow2(x) * _a3_) + ((((x * x) + _a2_) * -(_a5_)) * x));{'d0': {'_a2_': 0.5256917699579301, '_a3_': 2.106624068505068, '_a5_': -3.3767608798471347, '_a0_': 1.0, '_a1_': 1.0, '_a4_': 1.0, '_a6_': 1.0, '_a7_': 1.0}};{'d0': 0.024905832919416636};-280.569866449044;38.582299714826334
41717;-101.702633509695;((pow2(x) * _a3_) + ((((x * x) + _a2_) * -(_a5_)) * x));{'d0': {'_a2_': 0.5256917699579301, '_a3_': 2.106624068505068, '_a5_': -3.3767608798471347, '_a0_': 1.0, '_a1_': 1.0, '_a4_': 1.0, '_a6_': 1.0, '_a7_': 1.0}};{'d0': 0.024905832919416636};-280.569866449044;38.582299714826334
41718;-101.702633509695;((pow2(x) * _a3_) + ((((x * x) + _a2_) * -(_a5_)) * x));{'d0': {'_a2_': 0.5256917699579301, '_a3_': 2.106624068505068, '_a5_': -3.3767608798471347, '_a0_': 1.0, '_a1_': 1.0, '_a4_': 1.0, '_a6_': 1.0, '_a7_': 1.0}};{'d0': 0.024905832919416636};-280.569866449044;38.582299714826334
41719;-101.702633509695;((pow2(x) * _a3_) + ((((x * x) + _a2_) * -(_a5_)) * x));{'d0': {'_a2_': 0.5256917699579301, '_a3_': 2.106624068505068, '_a5_': -3.3767608798471347, '_a0_': 1.0, '_a1_': 1.0, '_a4_': 1.0, '_a6_': 1.0, '_a7_': 1.0}};{'d0': 0.024905832919416636};-280.569866449044;38.582299714826334
41720;-101.702633509695;((pow2(x) * _a3_) + ((((x * x) + _a2_) * -(_a5_)) * x));{'d0': {'_a2_': 0.5256917699579301, '_a3_': 2.106624068505068, '_a5_': -3.3767608798471347, '_a0_': 1.0, '_a1_': 1.0, '_a4_': 1.0, '_a6_': 1.0, '_a7_': 1.0}};{'d0': 0.024905832919416636};-280.569866449044;38.582299714826334
41721;-101.702633509695;((pow2(x) * _a3_) + ((((x * x) + _a2_) * -(_a5_)) * x));{'d0': {'_a2_': 0.5256917699579301, '_a3_': 2.106624068505068, '_a5_': -3.3767608798471347, '_a0_': 1.0, '_a1_': 1.0, '_a4_': 1.0, '_a6_': 1.0, '_a7_': 1.0}};{'d0': 0.024905832919416636};-280.569866449044;38.582299714826334
41722;-101.702633509695;((pow2(x) * _a3_) + ((((x * x) + _a2_) * -(_a5_)) * x));{'d0': {'_a2_': 0.5256917699579301, '_a3_': 2.106624068505068, '_a5_': -3.3767608798471347, '_a0_': 1.0, '_a1_': 1.0, '_a4_': 1.0, '_a6_': 1.0, '_a7_': 1.0}};{'d0': 0.024905832919416636};-280.569866449044;38.582299714826334
41723;-101.702633509695;((pow2(x) * _a3_) + ((((x * x) + _a2_) * -(_a5_)) * x));{'d0': {'_a2_': 0.5256917699579301, '_a3_': 2.106624068505068, '_a5_': -3.3767608798471347, '_a0_': 1.0, '_a1_': 1.0, '_a4_': 1.0, '_a6_': 1.0, '_a7_': 1.0}};{'d0': 0.024905832919416636};-280.569866449044;38.582299714826334
41724;-101.702633509695;((pow2(x) * _a3_) + ((((x * x) + _a2_) * -(_a5_)) * x));{'d0': {'_a2_': 0.5256917699579301, '_a3_': 2.106624068505068, '_a5_': -3.3767608798471347, '_a0_': 1.0, '_a1_': 1.0, '_a4_': 1.0, '_a6_': 1.0, '_a7_': 1.0}};{'d0': 0.024905832919416636};-280.569866449044;38.582299714826334
41725;-101.702633509695;((pow2(x) * _a3_) + ((((x * x) + _a2_) * -(_a5_)) * x));{'d0': {'_a2_': 0.5256917699579301, '_a3_': 2.106624068505068, '_a5_': -3.3767608798471347, '_a0_': 1.0, '_a1_': 1.0, '_a4_': 1.0, '_a6_': 1.0, '_a7_': 1.0}};{'d0': 0.024905832919416636};-280.569866449044;38.582299714826334
41726;-101.702633509695;((pow2(x) * _a3_) + ((((x * x) + _a2_) * -(_a5_)) * x));{'d0': {'_a2_': 0.5256917699579301, '_a3_': 2.106624068505068, '_a5_': -3.3767608798471347, '_a0_': 1.0, '_a1_': 1.0, '_a4_': 1.0, '_a6_': 1.0, '_a7_': 1.0}};{'d0': 0.024905832919416636};-280.569866449044;38.582299714826334
41727;-101.702633509695;((pow2(x) * _a3_) + ((((x * x) + _a2_) * -(_a5_)) * x));{'d0': {'_a2_': 0.5256917699579301, '_a3_': 2.106624068505068, '_a5_': -3.3767608798471347, '_a0_': 1.0, '_a1_': 1.0, '_a4_': 1.0, '_a6_': 1.0, '_a7_': 1.0}};{'d0': 0.024905832919416636};-280.569866449044;38.582299714826334
41728;-101.702633509695;((pow2(x) * _a3_) + ((((x * x) + _a2_) * -(_a5_)) * x));{'d0': {'_a2_': 0.5256917699579301, '_a3_': 2.106624068505068, '_a5_': -3.3767608798471347, '_a0_': 1.0, '_a1_': 1.0, '_a4_': 1.0, '_a6_': 1.0, '_a7_': 1.0}};{'d0': 0.024905832919416636};-280.569866449044;38.582299714826334
41729;-101.702633509695;((pow2(x) * _a3_) + ((((x * x) + _a2_) * -(_a5_)) * x));{'d0': {'_a2_': 0.5256917699579301, '_a3_': 2.106624068505068, '_a5_': -3.3767608798471347, '_a0_': 1.0, '_a1_': 1.0, '_a4_': 1.0, '_a6_': 1.0, '_a7_': 1.0}};{'d0': 0.024905832919416636};-280.569866449044;38.582299714826334
41730;-101.702633509695;((pow2(x) * _a3_) + ((((x * x) + _a2_) * -(_a5_)) * x));{'d0': {'_a2_': 0.5256917699579301, '_a3_': 2.106624068505068, '_a5_': -3.3767608798471347, '_a0_': 1.0, '_a1_': 1.0, '_a4_': 1.0, '_a6_': 1.0, '_a7_': 1.0}};{'d0': 0.024905832919416636};-280.569866449044;38.582299714826334
41731;-101.702633509695;((pow2(x) * _a3_) + ((((x * x) + _a2_) * -(_a5_)) * x));{'d0': {'_a2_': 0.5256917699579301, '_a3_': 2.106624068505068, '_a5_': -3.3767608798471347, '_a0_': 1.0, '_a1_': 1.0, '_a4_': 1.0, '_a6_': 1.0, '_a7_': 1.0}};{'d0': 0.024905832919416636};-280.569866449044;38.582299714826334
41732;-98.9647634326858;((_a6_ + (((x + _a1_) * (_a6_ * _a7_)) * x)) * (x * (_a6_ * _a6_)));{'d0': {'_a1_': 0.6238594155383487, '_a6_': 1.2108132419558368, '_a7_': 1.9022553842573955, '_a0_': 1.0, '_a2_': 1.0, '_a3_': 1.0, '_a4_': 1.0, '_a5_': 1.0}};{'d0': 0.024905832919416632};-280.569866449044;41.320169791836015
41733;-98.9647634326858;((_a6_ + (((x + _a1_) * (_a6_ * _a4_)) * x)) * (x * (_a6_ * _a6_)));{'d0': {'_a1_': 0.6238594155686616, '_a4_': 1.9022553838979441, '_a6_': 1.210813241987995, '_a0_': 1.0, '_a2_': 1.0, '_a3_': 1.0, '_a5_': 1.0, '_a7_': 1.0}};{'d0': 0.02490583291941662};-280.569866449044;41.320169791836015
41734;-98.9647634326858;((_a6_ + (((x + _a1_) * (_a6_ * _a4_)) * x)) * (x * (_a6_ * _a6_)));{'d0': {'_a1_': 0.6238594155686616, '_a4_': 1.9022553838979441, '_a6_': 1.210813241987995, '_a0_': 1.0, '_a2_': 1.0, '_a3_': 1.0, '_a5_': 1.0, '_a7_': 1.0}};{'d0': 0.02490583291941662};-280.569866449044;41.320169791836015
41735;-98.9647634326858;((_a6_ + (((x + _a1_) * (_a6_ * _a4_)) * x)) * (x * (_a6_ * _a6_)));{'d0': {'_a1_': 0.6238594155686616, '_a4_': 1.9022553838979441, '_a6_': 1.210813241987995, '_a0_': 1.0, '_a2_': 1.0, '_a3_': 1.0, '_a5_': 1.0, '_a7_': 1.0}};{'d0': 0.02490583291941662};-280.569866449044;41.320169791836015
41736;-98.9647634326858;((_a6_ + (((x + _a1_) * (_a6_ * _a4_)) * x)) * (x * (_a6_ * _a6_)));{'d0': {'_a1_': 0.6238594155686616, '_a4_': 1.9022553838979441, '_a6_': 1.210813241987995, '_a0_': 1.0, '_a2_': 1.0, '_a3_': 1.0, '_a5_': 1.0, '_a7_': 1.0}};{'d0': 0.02490583291941662};-280.569866449044;41.320169791836015
41737;-98.9647634326858;((_a6_ + (((x + _a1_) * (_a6_ * _a4_)) * x)) * (x * (_a6_ * _a6_)));{'d0': {'_a1_': 0.6238594155686616, '_a4_': 1.9022553838979441, '_a6_': 1.210813241987995, '_a0_': 1.0, '_a2_': 1.0, '_a3_': 1.0, '_a5_': 1.0, '_a7_': 1.0}};{'d0': 0.02490583291941662};-280.569866449044;41.320169791836015
41738;-98.3137111769993;((_a6_ + (((x + _a1_) * (_a6_ * _a4_)) * x)) * (x * pow2(_a0_)));{'d0': {'_a0_': 1.1567430364129834, '_a1_': 0.6238594156321668, '_a4_': 1.9022553831507911, '_a6_': 1.3266540512551477, '_a2_': 1.0, '_a3_': 1.0, '_a5_': 1.0, '_a7_': 1.0}};{'d0': 0.024905832919471765};-276.475521886689;39.924049766345014
41739;-98.3137111769993;((_a6_ + (((x + _a1_) * (_a6_ * _a4_)) * x)) * (x * pow2(_a0_)));{'d0': {'_a0_': 1.1567430364129834, '_a1_': 0.6238594156321668, '_a4_': 1.9022553831507911, '_a6_': 1.3266540512551477, '_a2_': 1.0, '_a3_': 1.0, '_a5_': 1.0, '_a7_': 1.0}};{'d0': 0.024905832919471765};-276.475521886689;39.924049766345014
41740;-98.3137111769993;((_a6_ + (((x + _a1_) * (_a6_ * _a4_)) * x)) * (x * pow2(_a0_)));{'d0': {'_a0_': 1.1567430364129834, '_a1_': 0.6238594156321668, '_a4_': 1.9022553831507911, '_a6_': 1.3266540512551477, '_a2_': 1.0, '_a3_': 1.0, '_a5_': 1.0, '_a7_': 1.0}};{'d0': 0.024905832919471765};-276.475521886689;39.924049766345014
41741;-98.3137111769993;((_a6_ + (((x + _a1_) * (_a6_ * _a4_)) * x)) * (x * pow2(_a0_)));{'d0': {'_a0_': 1.1567430364129834, '_a1_': 0.6238594156321668, '_a4_': 1.9022553831507911, '_a6_': 1.3266540512551477, '_a2_': 1.0, '_a3_': 1.0, '_a5_': 1.0, '_a7_': 1.0}};{'d0': 0.024905832919471765};-276.475521886689;39.924049766345014
41742;-98.3137111769993;((_a6_ + (((x + _a1_) * (_a6_ * _a4_)) * x)) * (x * pow2(_a0_)));{'d0': {'_a0_': 1.1567430364129834, '_a1_': 0.6238594156321668, '_a4_': 1.9022553831507911, '_a6_': 1.3266540512551477, '_a2_': 1.0, '_a3_': 1.0, '_a5_': 1.0, '_a7_': 1.0}};{'d0': 0.024905832919471765};-276.475521886689;39.924049766345014
41743;-98.3137111769993;((_a6_ + (((x + _a1_) * (_a6_ * _a4_)) * x)) * (x * pow2(_a0_)));{'d0': {'_a0_': 1.1567430364129834, '_a1_': 0.6238594156321668, '_a4_': 1.9022553831507911, '_a6_': 1.3266540512551477, '_a2_': 1.0, '_a3_': 1.0, '_a5_': 1.0, '_a7_': 1.0}};{'d0': 0.024905832919471765};-276.475521886689;39.924049766345014
41744;-98.3137111769993;((_a6_ + (((x + _a1_) * (_a6_ * _a4_)) * x)) * (x * pow2(_a0_)));{'d0': {'_a0_': 1.1567430364129834, '_a1_': 0.6238594156321668, '_a4_': 1.9022553831507911, '_a6_': 1.3266540512551477, '_a2_': 1.0, '_a3_': 1.0, '_a5_': 1.0, '_a7_': 1.0}};{'d0': 0.024905832919471765};-276.475521886689;39.924049766345014
41745;-98.3137111769993;((_a6_ + (((x + _a1_) * (_a6_ * _a4_)) * x)) * (x * pow2(_a0_)));{'d0': {'_a0_': 1.1567430364129834, '_a1_': 0.6238594156321668, '_a4_': 1.9022553831507911, '_a6_': 1.3266540512551477, '_a2_': 1.0, '_a3_': 1.0, '_a5_': 1.0, '_a7_': 1.0}};{'d0': 0.024905832919471765};-276.475521886689;39.924049766345014
41746;-98.3137111769993;((_a6_ + (((x + _a1_) * (_a6_ * _a4_)) * x)) * (x * pow2(_a0_)));{'d0': {'_a0_': 1.1567430364129834, '_a1_': 0.6238594156321668, '_a4_': 1.9022553831507911, '_a6_': 1.3266540512551477, '_a2_': 1.0, '_a3_': 1.0, '_a5_': 1.0, '_a7_': 1.0}};{'d0': 0.024905832919471765};-276.475521886689;39.924049766345014
41747;-101.702633509695;((pow2(x) * _a3_) + ((((x * x) + _a2_) * -(_a5_)) * x));{'d0': {'_a2_': 0.5256917699579301, '_a3_': 2.106624068505068, '_a5_': -3.3767608798471347, '_a0_': 1.0, '_a1_': 1.0, '_a4_': 1.0, '_a6_': 1.0, '_a7_': 1.0}};{'d0': 0.024905832919416636};-280.569866449044;38.582299714826334
41748;-101.702633509695;((pow2(x) * _a3_) + ((((x * x) + _a2_) * -(_a5_)) * x));{'d0': {'_a2_': 0.5256917699579301, '_a3_': 2.106624068505068, '_a5_': -3.3767608798471347, '_a0_': 1.0, '_a1_': 1.0, '_a4_': 1.0, '_a6_': 1.0, '_a7_': 1.0}};{'d0': 0.024905832919416636};-280.569866449044;38.582299714826334
41749;-101.702633509695;((pow2(x) * _a3_) + ((((x * x) + _a2_) * -(_a5_)) * x));{'d0': {'_a2_': 0.5256917699579301, '_a3_': 2.106624068505068, '_a5_': -3.3767608798471347, '_a0_': 1.0, '_a1_': 1.0, '_a4_': 1.0, '_a6_': 1.0, '_a7_': 1.0}};{'d0': 0.024905832919416636};-280.569866449044;38.582299714826334
41750;-101.702633509695;((pow2(x) * _a3_) + ((((x * x) + _a2_) * -(_a5_)) * x));{'d0': {'_a2_': 0.5256917699579301, '_a3_': 2.106624068505068, '_a5_': -3.3767608798471347, '_a0_': 1.0, '_a1_': 1.0, '_a4_': 1.0, '_a6_': 1.0, '_a7_': 1.0}};{'d0': 0.024905832919416636};-280.569866449044;38.582299714826334
41751;-101.702633509695;((pow2(x) * _a3_) + ((((x * x) + _a2_) * -(_a5_)) * x));{'d0': {'_a2_': 0.5256917699579301, '_a3_': 2.106624068505068, '_a5_': -3.3767608798471347, '_a0_': 1.0, '_a1_': 1.0, '_a4_': 1.0, '_a6_': 1.0, '_a7_': 1.0}};{'d0': 0.024905832919416636};-280.569866449044;38.582299714826334
41752;-101.702633509695;((pow2(x) * _a3_) + ((((x * x) + _a2_) * -(_a5_)) * x));{'d0': {'_a2_': 0.5256917699579301, '_a3_': 2.106624068505068, '_a5_': -3.3767608798471347, '_a0_': 1.0, '_a1_': 1.0, '_a4_': 1.0, '_a6_': 1.0, '_a7_': 1.0}};{'d0': 0.024905832919416636};-280.569866449044;38.582299714826334
41753;-101.702633509695;((pow2(x) * _a3_) + ((((x * x) + _a2_) * -(_a5_)) * x));{'d0': {'_a2_': 0.5256917699579301, '_a3_': 2.106624068505068, '_a5_': -3.3767608798471347, '_a0_': 1.0, '_a1_': 1.0, '_a4_': 1.0, '_a6_': 1.0, '_a7_': 1.0}};{'d0': 0.024905832919416636};-280.569866449044;38.582299714826334
41754;-101.702633509695;((pow2(x) * _a3_) + ((((x * x) + _a2_) * -(_a5_)) * x));{'d0': {'_a2_': 0.5256917699579301, '_a3_': 2.106624068505068, '_a5_': -3.3767608798471347, '_a0_': 1.0, '_a1_': 1.0, '_a4_': 1.0, '_a6_': 1.0, '_a7_': 1.0}};{'d0': 0.024905832919416636};-280.569866449044;38.582299714826334
41755;-101.702633509695;((pow2(x) * _a3_) + ((((x * x) + _a2_) * -(_a5_)) * x));{'d0': {'_a2_': 0.5256917699579301, '_a3_': 2.106624068505068, '_a5_': -3.3767608798471347, '_a0_': 1.0, '_a1_': 1.0, '_a4_': 1.0, '_a6_': 1.0, '_a7_': 1.0}};{'d0': 0.024905832919416636};-280.569866449044;38.582299714826334
41756;-101.702633509695;((pow2(x) * _a3_) + ((((x * x) + _a2_) * -(_a5_)) * x));{'d0': {'_a2_': 0.5256917699579301, '_a3_': 2.106624068505068, '_a5_': -3.3767608798471347, '_a0_': 1.0, '_a1_': 1.0, '_a4_': 1.0, '_a6_': 1.0, '_a7_': 1.0}};{'d0': 0.024905832919416636};-280.569866449044;38.582299714826334
41757;-101.702633509695;((pow2(x) * _a3_) + ((((x * x) + _a2_) * -(_a5_)) * x));{'d0': {'_a2_': 0.5256917699579301, '_a3_': 2.106624068505068, '_a5_': -3.3767608798471347, '_a0_': 1.0, '_a1_': 1.0, '_a4_': 1.0, '_a6_': 1.0, '_a7_': 1.0}};{'d0': 0.024905832919416636};-280.569866449044;38.582299714826334
41758;-101.702633509695;((pow2(x) * _a3_) + ((((x * x) + _a2_) * -(_a5_)) * x));{'d0': {'_a2_': 0.5256917699579301, '_a3_': 2.106624068505068, '_a5_': -3.3767608798471347, '_a0_': 1.0, '_a1_': 1.0, '_a4_': 1.0, '_a6_': 1.0, '_a7_': 1.0}};{'d0': 0.024905832919416636};-280.569866449044;38.582299714826334
41759;-101.702633509695;((pow2(x) * _a3_) + ((((x * x) + _a2_) * -(_a5_)) * x));{'d0': {'_a2_': 0.5256917699579301, '_a3_': 2.106624068505068, '_a5_': -3.3767608798471347, '_a0_': 1.0, '_a1_': 1.0, '_a4_': 1.0, '_a6_': 1.0, '_a7_': 1.0}};{'d0': 0.024905832919416636};-280.569866449044;38.582299714826334
41760;-101.702633509695;((pow2(x) * _a3_) + ((((x * x) + _a2_) * -(_a5_)) * x));{'d0': {'_a2_': 0.5256917699579301, '_a3_': 2.106624068505068, '_a5_': -3.3767608798471347, '_a0_': 1.0, '_a1_': 1.0, '_a4_': 1.0, '_a6_': 1.0, '_a7_': 1.0}};{'d0': 0.024905832919416636};-280.569866449044;38.582299714826334
41761;-101.702633509695;((pow2(x) * _a3_) + ((((x * x) + _a2_) * -(_a5_)) * x));{'d0': {'_a2_': 0.5256917699579301, '_a3_': 2.106624068505068, '_a5_': -3.3767608798471347, '_a0_': 1.0, '_a1_': 1.0, '_a4_': 1.0, '_a6_': 1.0, '_a7_': 1.0}};{'d0': 0.024905832919416636};-280.569866449044;38.582299714826334
41762;-101.702633509695;((pow2(x) * _a3_) + ((((x * x) + _a2_) * -(_a5_)) * x));{'d0': {'_a2_': 0.5256917699579301, '_a3_': 2.106624068505068, '_a5_': -3.3767608798471347, '_a0_': 1.0, '_a1_': 1.0, '_a4_': 1.0, '_a6_': 1.0, '_a7_': 1.0}};{'d0': 0.024905832919416636};-280.569866449044;38.582299714826334
41763;-101.702633509695;((pow2(x) * _a3_) + ((((x * x) + _a2_) * -(_a5_)) * x));{'d0': {'_a2_': 0.5256917699579301, '_a3_': 2.106624068505068, '_a5_': -3.3767608798471347, '_a0_': 1.0, '_a1_': 1.0, '_a4_': 1.0, '_a6_': 1.0, '_a7_': 1.0}};{'d0': 0.024905832919416636};-280.569866449044;38.582299714826334
41764;-101.702633509695;((pow2(x) * _a3_) + ((((x * x) + _a2_) * -(_a5_)) * x));{'d0': {'_a2_': 0.5256917699579301, '_a3_': 2.106624068505068, '_a5_': -3.3767608798471347, '_a0_': 1.0, '_a1_': 1.0, '_a4_': 1.0, '_a6_': 1.0, '_a7_': 1.0}};{'d0': 0.024905832919416636};-280.569866449044;38.582299714826334
41765;-101.702633509695;((pow2(x) * _a3_) + ((((x * x) + _a2_) * -(_a5_)) * x));{'d0': {'_a2_': 0.5256917699579301, '_a3_': 2.106624068505068, '_a5_': -3.3767608798471347, '_a0_': 1.0, '_a1_': 1.0, '_a4_': 1.0, '_a6_': 1.0, '_a7_': 1.0}};{'d0': 0.024905832919416636};-280.569866449044;38.582299714826334
41766;-101.702633509695;((pow2(x) * _a3_) + ((((x * x) + _a2_) * -(_a5_)) * x));{'d0': {'_a2_': 0.5256917699579301, '_a3_': 2.106624068505068, '_a5_': -3.3767608798471347, '_a0_': 1.0, '_a1_': 1.0, '_a4_': 1.0, '_a6_': 1.0, '_a7_': 1.0}};{'d0': 0.024905832919416636};-280.569866449044;38.582299714826334
41767;-100.851681668750;((pow2(x) * _a3_) + ((((x * x) + _a2_) / -(_a5_)) * x));{'d0': {'_a2_': 0.525691770220079, '_a3_': 2.106624069265598, '_a5_': -0.29614178665980406, '_a0_': 1.0, '_a1_': 1.0, '_a4_': 1.0, '_a6_': 1.0, '_a7_': 1.0}};{'d0': 0.0249058329194167};-280.569866449043;39.43325155577173
41768;-100.851681668750;((pow2(x) * _a3_) + ((((x * x) + _a2_) / -(_a5_)) * x));{'d0': {'_a2_': 0.525691770220079, '_a3_': 2.106624069265598, '_a5_': -0.29614178665980406, '_a0_': 1.0, '_a1_': 1.0, '_a4_': 1.0, '_a6_': 1.0, '_a7_': 1.0}};{'d0': 0.0249058329194167};-280.569866449043;39.43325155577173
41769;-100.851681668750;((pow2(x) * _a3_) + ((((x * x) + _a2_) / -(_a5_)) * x));{'d0': {'_a2_': 0.525691770220079, '_a3_': 2.106624069265598, '_a5_': -0.29614178665980406, '_a0_': 1.0, '_a1_': 1.0, '_a4_': 1.0, '_a6_': 1.0, '_a7_': 1.0}};{'d0': 0.0249058329194167};-280.569866449043;39.43325155577173
41770;-100.851681668750;((pow2(x) * _a3_) + ((((x * x) + _a2_) / -(_a5_)) * x));{'d0': {'_a2_': 0.525691770220079, '_a3_': 2.106624069265598, '_a5_': -0.29614178665980406, '_a0_': 1.0, '_a1_': 1.0, '_a4_': 1.0, '_a6_': 1.0, '_a7_': 1.0}};{'d0': 0.0249058329194167};-280.569866449043;39.43325155577173
41771;-100.345168212147;(((_a3_ + ((x + (_a5_ / _a3_)) * x)) * _a0_) * (x / _a1_));{'d0': {'_a0_': 4.824637186898594, '_a1_': 1.4287767437028525, '_a3_': 0.5256917719947584, '_a5_': 0.3279577619624809, '_a2_': 1.0, '_a4_': 1.0, '_a6_': 1.0, '_a7_': 1.0}};{'d0': 0.024905832919594875};-276.475521886392;37.89259273104872
41772;-94.4245671552045;(((_a3_ + ((x + ((_a1_ + _a5_) / _a3_)) * x)) * _a0_) * (x / _a1_));{'d0': {'_a0_': 1599.8811573291002, '_a1_': 473.7916642213198, '_a3_': 0.5256917704613071, '_a5_': -473.4637065971769, '_a2_': 1.0, '_a4_': 1.0, '_a6_': 1.0, '_a7_': 1.0}};{'d0': 0.024905832926163968};-276.475521870567;43.81319378007872
41773;-94.4245671552045;(((_a3_ + ((x + ((_a1_ + _a5_) / _a3_)) * x)) * _a0_) * (x / _a1_));{'d0': {'_a0_': 1599.8811573291002, '_a1_': 473.7916642213198, '_a3_': 0.5256917704613071, '_a5_': -473.4637065971769, '_a2_': 1.0, '_a4_': 1.0, '_a6_': 1.0, '_a7_': 1.0}};{'d0': 0.024905832926163968};-276.475521870567;43.81319378007872
41774;-94.4245671552045;(((_a3_ + ((x + ((_a1_ + _a5_) / _a3_)) * x)) * _a0_) * (x / _a1_));{'d0': {'_a0_': 1599.8811573291002, '_a1_': 473.7916642213198, '_a3_': 0.5256917704613071, '_a5_': -473.4637065971769, '_a2_': 1.0, '_a4_': 1.0, '_a6_': 1.0, '_a7_': 1.0}};{'d0': 0.024905832926163968};-276.475521870567;43.81319378007872
41775;-94.4245671552045;(((_a3_ + ((x + ((_a1_ + _a5_) / _a3_)) * x)) * _a0_) * (x / _a1_));{'d0': {'_a0_': 1599.8811573291002, '_a1_': 473.7916642213198, '_a3_': 0.5256917704613071, '_a5_': -473.4637065971769, '_a2_': 1.0, '_a4_': 1.0, '_a6_': 1.0, '_a7_': 1.0}};{'d0': 0.024905832926163968};-276.475521870567;43.81319378007872
41776;-94.4245671552045;(((_a3_ + ((x + ((_a1_ + _a5_) / _a3_)) * x)) * _a0_) * (x / _a1_));{'d0': {'_a0_': 1599.8811573291002, '_a1_': 473.7916642213198, '_a3_': 0.5256917704613071, '_a5_': -473.4637065971769, '_a2_': 1.0, '_a4_': 1.0, '_a6_': 1.0, '_a7_': 1.0}};{'d0': 0.024905832926163968};-276.475521870567;43.81319378007872
41777;-94.4245671552045;(((_a3_ + ((x + ((_a1_ + _a5_) / _a3_)) * x)) * _a0_) * (x / _a1_));{'d0': {'_a0_': 1599.8811573291002, '_a1_': 473.7916642213198, '_a3_': 0.5256917704613071, '_a5_': -473.4637065971769, '_a2_': 1.0, '_a4_': 1.0, '_a6_': 1.0, '_a7_': 1.0}};{'d0': 0.024905832926163968};-276.475521870567;43.81319378007872
41778;-94.4245671552045;(((_a3_ + ((x + ((_a1_ + _a5_) / _a3_)) * x)) * _a0_) * (x / _a1_));{'d0': {'_a0_': 1599.8811573291002, '_a1_': 473.7916642213198, '_a3_': 0.5256917704613071, '_a5_': -473.4637065971769, '_a2_': 1.0, '_a4_': 1.0, '_a6_': 1.0, '_a7_': 1.0}};{'d0': 0.024905832926163968};-276.475521870567;43.81319378007872
41779;-94.4245670367144;(((_a3_ + ((x + ((_a1_ + _a5_) / _a3_)) * x)) * _a0_) * (x / _a5_));{'d0': {'_a0_': -5743.808350001406, '_a1_': 1701.309625992357, '_a3_': 0.525691770594923, '_a5_': -1700.9816676912083, '_a2_': 1.0, '_a4_': 1.0, '_a6_': 1.0, '_a7_': 1.0}};{'d0': 0.024905833024533797};-276.475521633586;43.81319378007872
41780;-94.4245670367144;(((_a3_ + ((x + ((_a1_ + _a5_) / _a3_)) * x)) * _a0_) * (x / _a5_));{'d0': {'_a0_': -5743.808350001406, '_a1_': 1701.309625992357, '_a3_': 0.525691770594923, '_a5_': -1700.9816676912083, '_a2_': 1.0, '_a4_': 1.0, '_a6_': 1.0, '_a7_': 1.0}};{'d0': 0.024905833024533797};-276.475521633586;43.81319378007872
41781;-94.4245670367144;(((_a3_ + ((x + ((_a1_ + _a5_) / _a3_)) * x)) * _a0_) * (x / _a5_));{'d0': {'_a0_': -5743.808350001406, '_a1_': 1701.309625992357, '_a3_': 0.525691770594923, '_a5_': -1700.9816676912083, '_a2_': 1.0, '_a4_': 1.0, '_a6_': 1.0, '_a7_': 1.0}};{'d0': 0.024905833024533797};-276.475521633586;43.81319378007872
41782;-94.4245670367144;(((_a3_ + ((x + ((_a1_ + _a5_) / _a3_)) * x)) * _a0_) * (x / _a5_));{'d0': {'_a0_': -5743.808350001406, '_a1_': 1701.309625992357, '_a3_': 0.525691770594923, '_a5_': -1700.9816676912083, '_a2_': 1.0, '_a4_': 1.0, '_a6_': 1.0, '_a7_': 1.0}};{'d0': 0.024905833024533797};-276.475521633586;43.81319378007872
41783;-94.4245670367144;(((_a3_ + ((x + ((_a1_ + _a5_) / _a3_)) * x)) * _a0_) * (x / _a5_));{'d0': {'_a0_': -5743.808350001406, '_a1_': 1701.309625992357, '_a3_': 0.525691770594923, '_a5_': -1700.9816676912083, '_a2_': 1.0, '_a4_': 1.0, '_a6_': 1.0, '_a7_': 1.0}};{'d0': 0.024905833024533797};-276.475521633586;43.81319378007872
41784;-94.4245670367144;(((_a3_ + ((x + ((_a1_ + _a5_) / _a3_)) * x)) * _a0_) * (x / _a5_));{'d0': {'_a0_': -5743.808350001406, '_a1_': 1701.309625992357, '_a3_': 0.525691770594923, '_a5_': -1700.9816676912083, '_a2_': 1.0, '_a4_': 1.0, '_a6_': 1.0, '_a7_': 1.0}};{'d0': 0.024905833024533797};-276.475521633586;43.81319378007872
41785;-94.4245671633216;(((_a5_ + ((x + ((_a1_ + _a5_) / _a3_)) * x)) * _a0_) * (x / _a5_));{'d0': {'_a0_': 1.775135403524303, '_a1_': 40.05631763328929, '_a3_': 65.04992791048983, '_a5_': 0.525691769544585, '_a2_': 1.0, '_a4_': 1.0, '_a6_': 1.0, '_a7_': 1.0}};{'d0': 0.02490583291942525};-276.475521886801;43.81319378007872
41786;-97.0226019836424;(_a3_ + (x * (_a1_ * ((pow2((_a7_ * x)) + x) + exp(_a6_)))));{'d0': {'_a1_': 2.1125562185419047, '_a3_': -0.0010242790489121958, '_a6_': -0.17429337113285776, '_a7_': 1.2653654299346417, '_a0_': 1.0, '_a2_': 1.0, '_a4_': 1.0, '_a5_': 1.0}};{'d0': 0.024885482502044948};-276.524567592883;41.239681812799084
41787;-97.0226019836424;(_a3_ + (x * (_a1_ * ((pow2((_a7_ * x)) + x) + exp(_a6_)))));{'d0': {'_a1_': 2.1125562185419047, '_a3_': -0.0010242790489121958, '_a6_': -0.17429337113285776, '_a7_': 1.2653654299346417, '_a0_': 1.0, '_a2_': 1.0, '_a4_': 1.0, '_a5_': 1.0}};{'d0': 0.024885482502044948};-276.524567592883;41.239681812799084
41788;-97.0226019836424;(_a3_ + (x * (_a1_ * ((pow2((_a7_ * x)) + x) + exp(_a6_)))));{'d0': {'_a1_': 2.1125562185419047, '_a3_': -0.0010242790489121958, '_a6_': -0.17429337113285776, '_a7_': 1.2653654299346417, '_a0_': 1.0, '_a2_': 1.0, '_a4_': 1.0, '_a5_': 1.0}};{'d0': 0.024885482502044948};-276.524567592883;41.239681812799084
41789;-94.4245671633216;(((_a5_ + ((x + ((_a1_ + _a5_) / _a3_)) * x)) * _a0_) * (x / _a5_));{'d0': {'_a0_': 1.775135403524303, '_a1_': 40.05631763328929, '_a3_': 65.04992791048983, '_a5_': 0.525691769544585, '_a2_': 1.0, '_a4_': 1.0, '_a6_': 1.0, '_a7_': 1.0}};{'d0': 0.02490583291942525};-276.475521886801;43.81319378007872
41790;-94.4245671633216;(((_a5_ + ((x + ((_a1_ + _a5_) / _a3_)) * x)) * _a0_) * (x / _a5_));{'d0': {'_a0_': 1.775135403524303, '_a1_': 40.05631763328929, '_a3_': 65.04992791048983, '_a5_': 0.525691769544585, '_a2_': 1.0, '_a4_': 1.0, '_a6_': 1.0, '_a7_': 1.0}};{'d0': 0.02490583291942525};-276.475521886801;43.81319378007872
41791;-94.4245671633216;(((_a5_ + ((x + ((_a1_ + _a5_) / _a3_)) * x)) * _a0_) * (x / _a5_));{'d0': {'_a0_': 1.775135403524303, '_a1_': 40.05631763328929, '_a3_': 65.04992791048983, '_a5_': 0.525691769544585, '_a2_': 1.0, '_a4_': 1.0, '_a6_': 1.0, '_a7_': 1.0}};{'d0': 0.02490583291942525};-276.475521886801;43.81319378007872
41792;-88.5504133096966;((((_a5_ + ((x + ((_a1_ + _a5_) / _a3_)) * x)) * _a0_) * (x / _a5_)) / _a3_);{'d0': {'_a0_': 15.839839048935076, '_a1_': 5.041113700090614, '_a3_': 8.923174870004493, '_a5_': 0.5256917709245702, '_a2_': 1.0, '_a4_': 1.0, '_a6_': 1.0, '_a7_': 1.0}};{'d0': 0.02490583292252438};-276.475521879335;49.687347629970716
41793;-88.5504133096966;((((_a5_ + ((x + ((_a1_ + _a5_) / _a3_)) * x)) * _a0_) * (x / _a5_)) / _a3_);{'d0': {'_a0_': 15.839839048935076, '_a1_': 5.041113700090614, '_a3_': 8.923174870004493, '_a5_': 0.5256917709245702, '_a2_': 1.0, '_a4_': 1.0, '_a6_': 1.0, '_a7_': 1.0}};{'d0': 0.02490583292252438};-276.475521879335;49.687347629970716
41794;-88.5504133096966;((((_a5_ + ((x + ((_a1_ + _a5_) / _a3_)) * x)) * _a0_) * (x / _a5_)) / _a3_);{'d0': {'_a0_': 15.839839048935076, '_a1_': 5.041113700090614, '_a3_': 8.923174870004493, '_a5_': 0.5256917709245702, '_a2_': 1.0, '_a4_': 1.0, '_a6_': 1.0, '_a7_': 1.0}};{'d0': 0.02490583292252438};-276.475521879335;49.687347629970716
41795;-88.5504133096966;((((_a5_ + ((x + ((_a1_ + _a5_) / _a3_)) * x)) * _a0_) * (x / _a5_)) / _a3_);{'d0': {'_a0_': 15.839839048935076, '_a1_': 5.041113700090614, '_a3_': 8.923174870004493, '_a5_': 0.5256917709245702, '_a2_': 1.0, '_a4_': 1.0, '_a6_': 1.0, '_a7_': 1.0}};{'d0': 0.02490583292252438};-276.475521879335;49.687347629970716
41796;-88.5504133096966;((((_a5_ + ((x + ((_a1_ + _a5_) / _a3_)) * x)) * _a0_) * (x / _a5_)) / _a3_);{'d0': {'_a0_': 15.839839048935076, '_a1_': 5.041113700090614, '_a3_': 8.923174870004493, '_a5_': 0.5256917709245702, '_a2_': 1.0, '_a4_': 1.0, '_a6_': 1.0, '_a7_': 1.0}};{'d0': 0.02490583292252438};-276.475521879335;49.687347629970716
41797;-88.5504133019026;((((_a3_ + ((x + ((_a1_ + _a5_) / _a3_)) * x)) * _a0_) * (x / _a5_)) / _a3_);{'d0': {'_a0_': 2.27095734115891, '_a1_': -0.9513576413286523, '_a3_': 0.5256917712887701, '_a5_': 1.2793154069206802, '_a2_': 1.0, '_a4_': 1.0, '_a6_': 1.0, '_a7_': 1.0}};{'d0': 0.024905832928994898};-276.475521863747;49.687347629970716
41798;-88.5504133044979;((((_a3_ + ((x + ((_a1_ + _a5_) / _a1_)) * x)) * _a0_) * (x / _a5_)) / _a3_);{'d0': {'_a0_': 2.5918699306310753, '_a1_': -3.8817882073262995, '_a3_': 0.525691773342051, '_a5_': 1.4600970299083214, '_a2_': 1.0, '_a4_': 1.0, '_a6_': 1.0, '_a7_': 1.0}};{'d0': 0.02490583292684026};-276.475521868937;49.687347629970716
41799;-88.5504133044979;((((_a3_ + ((x + ((_a1_ + _a5_) / _a1_)) * x)) * _a0_) * (x / _a5_)) / _a3_);{'d0': {'_a0_': 2.5918699306310753, '_a1_': -3.8817882073262995, '_a3_': 0.525691773342051, '_a5_': 1.4600970299083214, '_a2_': 1.0, '_a4_': 1.0, '_a6_': 1.0, '_a7_': 1.0}};{'d0': 0.02490583292684026};-276.475521868937;49.687347629970716
41800;-88.5504133044979;((((_a3_ + ((x + ((_a1_ + _a5_) / _a1_)) * x)) * _a0_) * (x / _a5_)) / _a3_);{'d0': {'_a0_': 2.5918699306310753, '_a1_': -3.8817882073262995, '_a3_': 0.525691773342051, '_a5_': 1.4600970299083214, '_a2_': 1.0, '_a4_': 1.0, '_a6_': 1.0, '_a7_': 1.0}};{'d0': 0.02490583292684026};-276.475521868937;49.687347629970716
41801;-88.5504133044979;((((_a3_ + ((x + ((_a1_ + _a5_) / _a1_)) * x)) * _a0_) * (x / _a5_)) / _a3_);{'d0': {'_a0_': 2.5918699306310753, '_a1_': -3.8817882073262995, '_a3_': 0.525691773342051, '_a5_': 1.4600970299083214, '_a2_': 1.0, '_a4_': 1.0, '_a6_': 1.0, '_a7_': 1.0}};{'d0': 0.02490583292684026};-276.475521868937;49.687347629970716
41802;-88.5504133044979;((((_a3_ + ((x + ((_a1_ + _a5_) / _a1_)) * x)) * _a0_) * (x / _a5_)) / _a3_);{'d0': {'_a0_': 2.5918699306310753, '_a1_': -3.8817882073262995, '_a3_': 0.525691773342051, '_a5_': 1.4600970299083214, '_a2_': 1.0, '_a4_': 1.0, '_a6_': 1.0, '_a7_': 1.0}};{'d0': 0.02490583292684026};-276.475521868937;49.687347629970716
41803;-88.5504133044979;((((_a3_ + ((x + ((_a1_ + _a5_) / _a1_)) * x)) * _a0_) * (x / _a5_)) / _a3_);{'d0': {'_a0_': 2.5918699306310753, '_a1_': -3.8817882073262995, '_a3_': 0.525691773342051, '_a5_': 1.4600970299083214, '_a2_': 1.0, '_a4_': 1.0, '_a6_': 1.0, '_a7_': 1.0}};{'d0': 0.02490583292684026};-276.475521868937;49.687347629970716
41804;-88.5504133044979;((((_a3_ + ((x + ((_a1_ + _a5_) / _a1_)) * x)) * _a0_) * (x / _a5_)) / _a3_);{'d0': {'_a0_': 2.5918699306310753, '_a1_': -3.8817882073262995, '_a3_': 0.525691773342051, '_a5_': 1.4600970299083214, '_a2_': 1.0, '_a4_': 1.0, '_a6_': 1.0, '_a7_': 1.0}};{'d0': 0.02490583292684026};-276.475521868937;49.687347629970716
41805;-88.5504133044979;((((_a3_ + ((x + ((_a1_ + _a5_) / _a1_)) * x)) * _a0_) * (x / _a5_)) / _a3_);{'d0': {'_a0_': 2.5918699306310753, '_a1_': -3.8817882073262995, '_a3_': 0.525691773342051, '_a5_': 1.4600970299083214, '_a2_': 1.0, '_a4_': 1.0, '_a6_': 1.0, '_a7_': 1.0}};{'d0': 0.02490583292684026};-276.475521868937;49.687347629970716
41806;-88.5504133044979;((((_a3_ + ((x + ((_a1_ + _a5_) / _a1_)) * x)) * _a0_) * (x / _a5_)) / _a3_);{'d0': {'_a0_': 2.5918699306310753, '_a1_': -3.8817882073262995, '_a3_': 0.525691773342051, '_a5_': 1.4600970299083214, '_a2_': 1.0, '_a4_': 1.0, '_a6_': 1.0, '_a7_': 1.0}};{'d0': 0.02490583292684026};-276.475521868937;49.687347629970716
41807;-84.6769845455210;((((_a3_ + ((x + ((_a1_ + _a5_) / _a1_)) * x)) * (_a3_ + _a1_)) * (x / _a5_)) / _a3_);{'d0': {'_a1_': -0.31521953765201516, '_a3_': 0.52569177062776, '_a5_': 0.1185668611214064, '_a0_': 1.0, '_a2_': 1.0, '_a4_': 1.0, '_a6_': 1.0, '_a7_': 1.0}};{'d0': 0.024905832919416646};-280.569866449044;55.607948679000714
41808;-84.6769845455210;((((_a3_ + ((x + ((_a1_ + _a5_) / _a1_)) * x)) * (_a3_ + _a1_)) * (x / _a5_)) / _a3_);{'d0': {'_a1_': -0.31521953765201516, '_a3_': 0.52569177062776, '_a5_': 0.1185668611214064, '_a0_': 1.0, '_a2_': 1.0, '_a4_': 1.0, '_a6_': 1.0, '_a7_': 1.0}};{'d0': 0.024905832919416646};-280.569866449044;55.607948679000714
41809;-84.6769845455210;((((_a3_ + ((x + ((_a1_ + _a5_) / _a1_)) * x)) * (_a3_ + _a1_)) * (x / _a5_)) / _a3_);{'d0': {'_a1_': -0.31521953765201516, '_a3_': 0.52569177062776, '_a5_': 0.1185668611214064, '_a0_': 1.0, '_a2_': 1.0, '_a4_': 1.0, '_a6_': 1.0, '_a7_': 1.0}};{'d0': 0.024905832919416646};-280.569866449044;55.607948679000714
41810;-84.6769845455210;((((_a3_ + ((x + ((_a1_ + _a5_) / _a1_)) * x)) * (_a3_ + _a1_)) * (x / _a5_)) / _a3_);{'d0': {'_a1_': -0.31521953765201516, '_a3_': 0.52569177062776, '_a5_': 0.1185668611214064, '_a0_': 1.0, '_a2_': 1.0, '_a4_': 1.0, '_a6_': 1.0, '_a7_': 1.0}};{'d0': 0.024905832919416646};-280.569866449044;55.607948679000714
41811;-85.6017984699559;((((_a3_ + ((x + ((_a1_ + _a5_) * _a1_)) * x)) * (_a3_ + _a1_)) * (x / _a5_)) / _a3_);{'d0': {'_a1_': -0.7334845588775968, '_a3_': 0.5256917704345758, '_a5_': -0.1170574300609878, '_a0_': 1.0, '_a2_': 1.0, '_a4_': 1.0, '_a6_': 1.0, '_a7_': 1.0}};{'d0': 0.024905832919416695};-280.569866449043;54.683134754565714
41812;-85.6017984699559;((((_a3_ + ((x + ((_a1_ + _a5_) * _a1_)) * x)) * (_a3_ + _a1_)) * (x / _a5_)) / _a3_);{'d0': {'_a1_': -0.7334845588775968, '_a3_': 0.5256917704345758, '_a5_': -0.1170574300609878, '_a0_': 1.0, '_a2_': 1.0, '_a4_': 1.0, '_a6_': 1.0, '_a7_': 1.0}};{'d0': 0.024905832919416695};-280.569866449043;54.683134754565714
41813;-85.6017984699559;((((_a3_ + ((x + ((_a1_ + _a5_) * _a1_)) * x)) * (_a3_ + _a1_)) * (x / _a5_)) / _a3_);{'d0': {'_a1_': -0.7334845588775968, '_a3_': 0.5256917704345758, '_a5_': -0.1170574300609878, '_a0_': 1.0, '_a2_': 1.0, '_a4_': 1.0, '_a6_': 1.0, '_a7_': 1.0}};{'d0': 0.024905832919416695};-280.569866449043;54.683134754565714
41814;-85.6017984699559;((((_a3_ + ((x + ((_a1_ + _a5_) * _a1_)) * x)) * (_a3_ + _a1_)) * (x / _a5_)) / _a3_);{'d0': {'_a1_': -0.7334845588775968, '_a3_': 0.5256917704345758, '_a5_': -0.1170574300609878, '_a0_': 1.0, '_a2_': 1.0, '_a4_': 1.0, '_a6_': 1.0, '_a7_': 1.0}};{'d0': 0.024905832919416695};-280.569866449043;54.683134754565714
41815;-85.6017984699559;((((_a3_ + ((x + ((_a1_ + _a5_) * _a1_)) * x)) * (_a3_ + _a1_)) * (x / _a5_)) / _a3_);{'d0': {'_a1_': -0.7334845588775968, '_a3_': 0.5256917704345758, '_a5_': -0.1170574300609878, '_a0_': 1.0, '_a2_': 1.0, '_a4_': 1.0, '_a6_': 1.0, '_a7_': 1.0}};{'d0': 0.024905832919416695};-280.569866449043;54.683134754565714
41816;-85.6017984699559;((((_a3_ + ((x + ((_a1_ + _a5_) * _a1_)) * x)) * (_a3_ + _a1_)) * (x / _a5_)) / _a3_);{'d0': {'_a1_': -0.7334845588775968, '_a3_': 0.5256917704345758, '_a5_': -0.1170574300609878, '_a0_': 1.0, '_a2_': 1.0, '_a4_': 1.0, '_a6_': 1.0, '_a7_': 1.0}};{'d0': 0.024905832919416695};-280.569866449043;54.683134754565714
41817;-85.6017984699560;((((_a3_ + ((x + ((_a1_ + _a5_) * _a1_)) * x)) * (_a1_ + _a1_)) * (x / _a5_)) / _a3_);{'d0': {'_a1_': -0.5416176934337918, '_a3_': 0.5256917704078057, '_a5_': -0.6102269067676503, '_a0_': 1.0, '_a2_': 1.0, '_a4_': 1.0, '_a6_': 1.0, '_a7_': 1.0}};{'d0': 0.02490583291941661};-280.569866449044;54.683134754565714
41818;-91.4390212781032;((((_a3_ + ((x + ((_a1_ + _a5_) * _a1_)) * x)) * (_a1_ + _a1_)) * x) / _a3_);{'d0': {'_a1_': 0.8875677012738664, '_a3_': 0.5256917691580761, '_a5_': -0.1846811333788854, '_a0_': 1.0, '_a2_': 1.0, '_a4_': 1.0, '_a6_': 1.0, '_a7_': 1.0}};{'d0': 0.02490583291941665};-280.569866449044;48.84591194641851
41819;-91.4390212781032;((((_a3_ + ((x + ((_a1_ + _a5_) * _a1_)) * x)) * (_a1_ + _a1_)) * x) / _a3_);{'d0': {'_a1_': 0.8875677012738664, '_a3_': 0.5256917691580761, '_a5_': -0.1846811333788854, '_a0_': 1.0, '_a2_': 1.0, '_a4_': 1.0, '_a6_': 1.0, '_a7_': 1.0}};{'d0': 0.02490583291941665};-280.569866449044;48.84591194641851
41820;-91.4390212781032;((((_a3_ + ((x + ((_a1_ + _a5_) * _a1_)) * x)) * (_a1_ + _a1_)) * x) / _a3_);{'d0': {'_a1_': 0.8875677012738664, '_a3_': 0.5256917691580761, '_a5_': -0.1846811333788854, '_a0_': 1.0, '_a2_': 1.0, '_a4_': 1.0, '_a6_': 1.0, '_a7_': 1.0}};{'d0': 0.02490583291941665};-280.569866449044;48.84591194641851
41821;-91.4390212781032;((((_a3_ + ((x + ((_a1_ + _a5_) * _a1_)) * x)) * (_a1_ + _a1_)) * x) / _a3_);{'d0': {'_a1_': 0.8875677012738664, '_a3_': 0.5256917691580761, '_a5_': -0.1846811333788854, '_a0_': 1.0, '_a2_': 1.0, '_a4_': 1.0, '_a6_': 1.0, '_a7_': 1.0}};{'d0': 0.02490583291941665};-280.569866449044;48.84591194641851
41822;-91.4390212781032;((((_a3_ + ((x + ((_a1_ + _a5_) * _a1_)) * x)) * (_a1_ + _a5_)) * x) / _a3_);{'d0': {'_a1_': 0.35144328381075907, '_a3_': 0.5256917694411408, '_a5_': 1.4236921194305403, '_a0_': 1.0, '_a2_': 1.0, '_a4_': 1.0, '_a6_': 1.0, '_a7_': 1.0}};{'d0': 0.024905832919416636};-280.569866449044;48.84591194641851
41823;-91.4390212781032;((((_a3_ + ((x + ((_a1_ + _a5_) * _a1_)) * x)) * (_a1_ + _a5_)) * x) / _a3_);{'d0': {'_a1_': 0.35144328381075907, '_a3_': 0.5256917694411408, '_a5_': 1.4236921194305403, '_a0_': 1.0, '_a2_': 1.0, '_a4_': 1.0, '_a6_': 1.0, '_a7_': 1.0}};{'d0': 0.024905832919416636};-280.569866449044;48.84591194641851
41824;-91.4390212781032;((((_a3_ + ((x + ((_a1_ + _a5_) * _a1_)) * x)) * (_a1_ + _a5_)) * x) / _a3_);{'d0': {'_a1_': 0.35144328381075907, '_a3_': 0.5256917694411408, '_a5_': 1.4236921194305403, '_a0_': 1.0, '_a2_': 1.0, '_a4_': 1.0, '_a6_': 1.0, '_a7_': 1.0}};{'d0': 0.024905832919416636};-280.569866449044;48.84591194641851
41825;-91.4390212781032;((((_a3_ + ((x + ((_a1_ + _a5_) * _a1_)) * x)) * (_a1_ + _a5_)) * x) / _a3_);{'d0': {'_a1_': 0.35144328381075907, '_a3_': 0.5256917694411408, '_a5_': 1.4236921194305403, '_a0_': 1.0, '_a2_': 1.0, '_a4_': 1.0, '_a6_': 1.0, '_a7_': 1.0}};{'d0': 0.024905832919416636};-280.569866449044;48.84591194641851
41826;-91.4390212781032;((((_a3_ + ((x + ((_a1_ + _a5_) * _a1_)) * x)) * (_a1_ + _a5_)) * x) / _a3_);{'d0': {'_a1_': 0.35144328381075907, '_a3_': 0.5256917694411408, '_a5_': 1.4236921194305403, '_a0_': 1.0, '_a2_': 1.0, '_a4_': 1.0, '_a6_': 1.0, '_a7_': 1.0}};{'d0': 0.024905832919416636};-280.569866449044;48.84591194641851
41827;-91.4390212781032;((((_a3_ + ((x + ((_a1_ + _a5_) * _a1_)) * x)) * (_a1_ + _a5_)) * x) / _a3_);{'d0': {'_a1_': 0.35144328381075907, '_a3_': 0.5256917694411408, '_a5_': 1.4236921194305403, '_a0_': 1.0, '_a2_': 1.0, '_a4_': 1.0, '_a6_': 1.0, '_a7_': 1.0}};{'d0': 0.024905832919416636};-280.569866449044;48.84591194641851
41828;-91.4390212781032;((((_a3_ + ((x + ((_a1_ + _a5_) * _a1_)) * x)) * (_a1_ + _a5_)) * x) / _a3_);{'d0': {'_a1_': 0.35144328381075907, '_a3_': 0.5256917694411408, '_a5_': 1.4236921194305403, '_a0_': 1.0, '_a2_': 1.0, '_a4_': 1.0, '_a6_': 1.0, '_a7_': 1.0}};{'d0': 0.024905832919416636};-280.569866449044;48.84591194641851
41829;-91.4390212781032;((((_a3_ + ((x + ((_a1_ + _a5_) * _a1_)) * x)) * (_a1_ + _a5_)) * x) / _a3_);{'d0': {'_a1_': 0.35144328381075907, '_a3_': 0.5256917694411408, '_a5_': 1.4236921194305403, '_a0_': 1.0, '_a2_': 1.0, '_a4_': 1.0, '_a6_': 1.0, '_a7_': 1.0}};{'d0': 0.024905832919416636};-280.569866449044;48.84591194641851
41830;-91.4390212781032;((((_a3_ + ((x + ((_a1_ + _a5_) * _a1_)) * x)) * (_a1_ + _a5_)) * x) / _a3_);{'d0': {'_a1_': 0.35144328381075907, '_a3_': 0.5256917694411408, '_a5_': 1.4236921194305403, '_a0_': 1.0, '_a2_': 1.0, '_a4_': 1.0, '_a6_': 1.0, '_a7_': 1.0}};{'d0': 0.024905832919416636};-280.569866449044;48.84591194641851
41831;-91.4390212781032;((((_a3_ + ((x + ((_a1_ + _a5_) * _a1_)) * x)) * (_a1_ + _a5_)) * x) / _a3_);{'d0': {'_a1_': 0.35144328381075907, '_a3_': 0.5256917694411408, '_a5_': 1.4236921194305403, '_a0_': 1.0, '_a2_': 1.0, '_a4_': 1.0, '_a6_': 1.0, '_a7_': 1.0}};{'d0': 0.024905832919416636};-280.569866449044;48.84591194641851
41832;-83.4712479222233;((((_a3_ + ((x + ((_a1_ + _a5_) * _a1_)) * x)) * (_a1_ + _a5_)) * x) / (_a1_ + _a6_));{'d0': {'_a1_': 0.15592900624864287, '_a3_': 0.5256917702857993, '_a5_': 3.844987610795458, '_a6_': 1.028909589303284, '_a0_': 1.0, '_a2_': 1.0, '_a4_': 1.0, '_a7_': 1.0}};{'d0': 0.024905832940784887};-276.475521835344;54.76651299544851
41833;-83.5546261881173;((((_a3_ + ((x + ((_a1_ + _a5_) * _a1_)) * x)) * (_a1_ + _a5_)) * x) / (_a1_ / _a6_));{'d0': {'_a1_': 0.4609901644958814, '_a3_': 0.5256917698210374, '_a5_': 0.8923128536121936, '_a6_': 1.1502622547371923, '_a0_': 1.0, '_a2_': 1.0, '_a4_': 1.0, '_a7_': 1.0}};{'d0': 0.02490583292002069};-276.475521885366;54.68313475456571
41834;-81.5074539068553;((((_a3_ + ((x + ((_a1_ + _a5_) * _a7_)) * x)) * (_a1_ + _a5_)) * x) / (_a1_ / _a6_));{'d0': {'_a1_': 9.714191440544074, '_a3_': 0.525691769611151, '_a5_': -8.287068003918886, '_a6_': 22.985045616407913, '_a7_': 0.43714456887832726, '_a0_': 1.0, '_a2_': 1.0, '_a4_': 1.0}};{'d0': 0.02490583292014603};-272.381177322842;54.68313475456571
41835;-81.5074539068553;((((_a3_ + ((x + ((_a1_ + _a5_) * _a7_)) * x)) * (_a1_ + _a5_)) * x) / (_a1_ / _a6_));{'d0': {'_a1_': 9.714191440544074, '_a3_': 0.525691769611151, '_a5_': -8.287068003918886, '_a6_': 22.985045616407913, '_a7_': 0.43714456887832726, '_a0_': 1.0, '_a2_': 1.0, '_a4_': 1.0}};{'d0': 0.02490583292014603};-272.381177322842;54.68313475456571
41836;-101.702633509695;((pow2(x) * _a3_) + ((((x * x) + _a2_) * -(_a5_)) * x));{'d0': {'_a2_': 0.5256917699579301, '_a3_': 2.106624068505068, '_a5_': -3.3767608798471347, '_a0_': 1.0, '_a1_': 1.0, '_a4_': 1.0, '_a6_': 1.0, '_a7_': 1.0}};{'d0': 0.024905832919416636};-280.569866449044;38.582299714826334
41837;-101.702633509695;((pow2(x) * _a3_) + ((((x * x) + _a2_) * -(_a5_)) * x));{'d0': {'_a2_': 0.5256917699579301, '_a3_': 2.106624068505068, '_a5_': -3.3767608798471347, '_a0_': 1.0, '_a1_': 1.0, '_a4_': 1.0, '_a6_': 1.0, '_a7_': 1.0}};{'d0': 0.024905832919416636};-280.569866449044;38.582299714826334
41838;-101.702633509695;((pow2(x) * _a3_) + ((((x * x) + _a2_) * -(_a5_)) * x));{'d0': {'_a2_': 0.5256917699579301, '_a3_': 2.106624068505068, '_a5_': -3.3767608798471347, '_a0_': 1.0, '_a1_': 1.0, '_a4_': 1.0, '_a6_': 1.0, '_a7_': 1.0}};{'d0': 0.024905832919416636};-280.569866449044;38.582299714826334
41839;-101.702633509695;((pow2(x) * _a3_) + ((((x * x) + _a2_) * -(_a5_)) * x));{'d0': {'_a2_': 0.5256917699579301, '_a3_': 2.106624068505068, '_a5_': -3.3767608798471347, '_a0_': 1.0, '_a1_': 1.0, '_a4_': 1.0, '_a6_': 1.0, '_a7_': 1.0}};{'d0': 0.024905832919416636};-280.569866449044;38.582299714826334
41840;-101.702633509695;((pow2(x) * _a3_) + ((((x * x) + _a2_) * -(_a5_)) * x));{'d0': {'_a2_': 0.5256917699579301, '_a3_': 2.106624068505068, '_a5_': -3.3767608798471347, '_a0_': 1.0, '_a1_': 1.0, '_a4_': 1.0, '_a6_': 1.0, '_a7_': 1.0}};{'d0': 0.024905832919416636};-280.569866449044;38.582299714826334
41841;-101.702633509695;((pow2(x) * _a3_) + ((((x * x) + _a2_) * -(_a5_)) * x));{'d0': {'_a2_': 0.5256917699579301, '_a3_': 2.106624068505068, '_a5_': -3.3767608798471347, '_a0_': 1.0, '_a1_': 1.0, '_a4_': 1.0, '_a6_': 1.0, '_a7_': 1.0}};{'d0': 0.024905832919416636};-280.569866449044;38.582299714826334
41842;-101.702633509695;((pow2(x) * _a3_) + ((((x * x) + _a2_) * -(_a5_)) * x));{'d0': {'_a2_': 0.5256917699579301, '_a3_': 2.106624068505068, '_a5_': -3.3767608798471347, '_a0_': 1.0, '_a1_': 1.0, '_a4_': 1.0, '_a6_': 1.0, '_a7_': 1.0}};{'d0': 0.024905832919416636};-280.569866449044;38.582299714826334
41843;-101.702633509695;((pow2(x) * _a3_) + ((((x * x) + _a2_) * -(_a5_)) * x));{'d0': {'_a2_': 0.5256917699579301, '_a3_': 2.106624068505068, '_a5_': -3.3767608798471347, '_a0_': 1.0, '_a1_': 1.0, '_a4_': 1.0, '_a6_': 1.0, '_a7_': 1.0}};{'d0': 0.024905832919416636};-280.569866449044;38.582299714826334
41844;-101.702633509695;((pow2(x) * _a3_) + ((((x * x) + _a2_) * -(_a5_)) * x));{'d0': {'_a2_': 0.5256917699579301, '_a3_': 2.106624068505068, '_a5_': -3.3767608798471347, '_a0_': 1.0, '_a1_': 1.0, '_a4_': 1.0, '_a6_': 1.0, '_a7_': 1.0}};{'d0': 0.024905832919416636};-280.569866449044;38.582299714826334
41845;-101.702633509695;((pow2(x) * _a3_) + ((((x * x) + _a2_) * -(_a5_)) * x));{'d0': {'_a2_': 0.5256917699579301, '_a3_': 2.106624068505068, '_a5_': -3.3767608798471347, '_a0_': 1.0, '_a1_': 1.0, '_a4_': 1.0, '_a6_': 1.0, '_a7_': 1.0}};{'d0': 0.024905832919416636};-280.569866449044;38.582299714826334
41846;-101.702633509695;((pow2(x) * _a3_) + ((((x * x) + _a2_) * -(_a5_)) * x));{'d0': {'_a2_': 0.5256917699579301, '_a3_': 2.106624068505068, '_a5_': -3.3767608798471347, '_a0_': 1.0, '_a1_': 1.0, '_a4_': 1.0, '_a6_': 1.0, '_a7_': 1.0}};{'d0': 0.024905832919416636};-280.569866449044;38.582299714826334
41847;-101.702633509695;((pow2(x) * _a3_) + ((((x * x) + _a2_) * -(_a5_)) * x));{'d0': {'_a2_': 0.5256917699579301, '_a3_': 2.106624068505068, '_a5_': -3.3767608798471347, '_a0_': 1.0, '_a1_': 1.0, '_a4_': 1.0, '_a6_': 1.0, '_a7_': 1.0}};{'d0': 0.024905832919416636};-280.569866449044;38.582299714826334
41848;-101.702633509695;((pow2(x) * _a3_) + ((((x * x) + _a2_) * -(_a5_)) * x));{'d0': {'_a2_': 0.5256917699579301, '_a3_': 2.106624068505068, '_a5_': -3.3767608798471347, '_a0_': 1.0, '_a1_': 1.0, '_a4_': 1.0, '_a6_': 1.0, '_a7_': 1.0}};{'d0': 0.024905832919416636};-280.569866449044;38.582299714826334
41849;-101.702633509695;((pow2(x) * _a3_) + ((((x * x) + _a2_) * -(_a5_)) * x));{'d0': {'_a2_': 0.5256917699579301, '_a3_': 2.106624068505068, '_a5_': -3.3767608798471347, '_a0_': 1.0, '_a1_': 1.0, '_a4_': 1.0, '_a6_': 1.0, '_a7_': 1.0}};{'d0': 0.024905832919416636};-280.569866449044;38.582299714826334
41850;-101.702633509695;((pow2(x) * _a3_) + ((((x * x) + _a2_) * -(_a5_)) * x));{'d0': {'_a2_': 0.5256917699579301, '_a3_': 2.106624068505068, '_a5_': -3.3767608798471347, '_a0_': 1.0, '_a1_': 1.0, '_a4_': 1.0, '_a6_': 1.0, '_a7_': 1.0}};{'d0': 0.024905832919416636};-280.569866449044;38.582299714826334
41851;-101.702633509695;((pow2(x) * _a3_) + ((((x * x) + _a2_) * -(_a5_)) * x));{'d0': {'_a2_': 0.5256917699579301, '_a3_': 2.106624068505068, '_a5_': -3.3767608798471347, '_a0_': 1.0, '_a1_': 1.0, '_a4_': 1.0, '_a6_': 1.0, '_a7_': 1.0}};{'d0': 0.024905832919416636};-280.569866449044;38.582299714826334
41852;-101.702633509695;((pow2(x) * _a3_) + ((((x * x) + _a2_) * -(_a5_)) * x));{'d0': {'_a2_': 0.5256917699579301, '_a3_': 2.106624068505068, '_a5_': -3.3767608798471347, '_a0_': 1.0, '_a1_': 1.0, '_a4_': 1.0, '_a6_': 1.0, '_a7_': 1.0}};{'d0': 0.024905832919416636};-280.569866449044;38.582299714826334
41853;-101.702633509695;((pow2(x) * _a3_) + ((((x * x) + _a2_) * -(_a5_)) * x));{'d0': {'_a2_': 0.5256917699579301, '_a3_': 2.106624068505068, '_a5_': -3.3767608798471347, '_a0_': 1.0, '_a1_': 1.0, '_a4_': 1.0, '_a6_': 1.0, '_a7_': 1.0}};{'d0': 0.024905832919416636};-280.569866449044;38.582299714826334
41854;-101.702633509695;((pow2(x) * _a3_) + ((((x * x) + _a2_) * -(_a5_)) * x));{'d0': {'_a2_': 0.5256917699579301, '_a3_': 2.106624068505068, '_a5_': -3.3767608798471347, '_a0_': 1.0, '_a1_': 1.0, '_a4_': 1.0, '_a6_': 1.0, '_a7_': 1.0}};{'d0': 0.024905832919416636};-280.569866449044;38.582299714826334
41855;-101.702633509695;((pow2(x) * _a3_) + ((((x * x) + _a2_) * -(_a5_)) * x));{'d0': {'_a2_': 0.5256917699579301, '_a3_': 2.106624068505068, '_a5_': -3.3767608798471347, '_a0_': 1.0, '_a1_': 1.0, '_a4_': 1.0, '_a6_': 1.0, '_a7_': 1.0}};{'d0': 0.024905832919416636};-280.569866449044;38.582299714826334
41856;-101.702633509695;((pow2(x) * _a3_) + ((((x * x) + _a2_) * -(_a5_)) * x));{'d0': {'_a2_': 0.5256917699579301, '_a3_': 2.106624068505068, '_a5_': -3.3767608798471347, '_a0_': 1.0, '_a1_': 1.0, '_a4_': 1.0, '_a6_': 1.0, '_a7_': 1.0}};{'d0': 0.024905832919416636};-280.569866449044;38.582299714826334
41857;-101.702633509695;((pow2(x) * _a3_) + ((((x * x) + _a2_) * -(_a5_)) * x));{'d0': {'_a2_': 0.5256917699579301, '_a3_': 2.106624068505068, '_a5_': -3.3767608798471347, '_a0_': 1.0, '_a1_': 1.0, '_a4_': 1.0, '_a6_': 1.0, '_a7_': 1.0}};{'d0': 0.024905832919416636};-280.569866449044;38.582299714826334
41858;-101.702633509695;((pow2(x) * _a3_) + ((((x * x) + _a2_) * -(_a5_)) * x));{'d0': {'_a2_': 0.5256917699579301, '_a3_': 2.106624068505068, '_a5_': -3.3767608798471347, '_a0_': 1.0, '_a1_': 1.0, '_a4_': 1.0, '_a6_': 1.0, '_a7_': 1.0}};{'d0': 0.024905832919416636};-280.569866449044;38.582299714826334
41859;-101.702633509695;((pow2(x) * _a3_) + ((((x * x) + _a2_) * -(_a5_)) * x));{'d0': {'_a2_': 0.5256917699579301, '_a3_': 2.106624068505068, '_a5_': -3.3767608798471347, '_a0_': 1.0, '_a1_': 1.0, '_a4_': 1.0, '_a6_': 1.0, '_a7_': 1.0}};{'d0': 0.024905832919416636};-280.569866449044;38.582299714826334
41860;-101.702633509695;((pow2(x) * _a3_) + ((((x * x) + _a2_) * -(_a5_)) * x));{'d0': {'_a2_': 0.5256917699579301, '_a3_': 2.106624068505068, '_a5_': -3.3767608798471347, '_a0_': 1.0, '_a1_': 1.0, '_a4_': 1.0, '_a6_': 1.0, '_a7_': 1.0}};{'d0': 0.024905832919416636};-280.569866449044;38.582299714826334
41861;-101.702633509695;((pow2(x) * _a3_) + ((((x * x) + _a2_) * -(_a5_)) * x));{'d0': {'_a2_': 0.5256917699579301, '_a3_': 2.106624068505068, '_a5_': -3.3767608798471347, '_a0_': 1.0, '_a1_': 1.0, '_a4_': 1.0, '_a6_': 1.0, '_a7_': 1.0}};{'d0': 0.024905832919416636};-280.569866449044;38.582299714826334
41862;-100.360883458177;((pow2(x) * _a3_) + ((((x * x) + _a2_) * (_a3_ * _a1_)) * x));{'d0': {'_a1_': 1.6029252337991038, '_a2_': 0.5256917716223726, '_a3_': 2.1066240662579245, '_a0_': 1.0, '_a4_': 1.0, '_a5_': 1.0, '_a6_': 1.0, '_a7_': 1.0}};{'d0': 0.02490583291941659};-280.569866449044;39.92404976634494
41863;-100.360883458177;((pow2(x) * _a3_) + ((((x * x) + _a2_) * (_a3_ * _a1_)) * x));{'d0': {'_a1_': 1.6029252337991038, '_a2_': 0.5256917716223726, '_a3_': 2.1066240662579245, '_a0_': 1.0, '_a4_': 1.0, '_a5_': 1.0, '_a6_': 1.0, '_a7_': 1.0}};{'d0': 0.02490583291941659};-280.569866449044;39.92404976634494
41864;-100.360883458177;((pow2(x) * _a3_) + ((((x * x) + _a2_) * (_a3_ * _a1_)) * x));{'d0': {'_a1_': 1.6029252337991038, '_a2_': 0.5256917716223726, '_a3_': 2.1066240662579245, '_a0_': 1.0, '_a4_': 1.0, '_a5_': 1.0, '_a6_': 1.0, '_a7_': 1.0}};{'d0': 0.02490583291941659};-280.569866449044;39.92404976634494
41865;-100.360883458177;((pow2(x) * _a3_) + ((((x * x) + _a2_) * (_a3_ * _a1_)) * x));{'d0': {'_a1_': 1.6029252337991038, '_a2_': 0.5256917716223726, '_a3_': 2.1066240662579245, '_a0_': 1.0, '_a4_': 1.0, '_a5_': 1.0, '_a6_': 1.0, '_a7_': 1.0}};{'d0': 0.02490583291941659};-280.569866449044;39.92404976634494
41866;-100.360883458177;((pow2(x) * _a3_) + ((((x * x) + _a2_) * (_a3_ * _a1_)) * x));{'d0': {'_a1_': 1.6029252337991038, '_a2_': 0.5256917716223726, '_a3_': 2.1066240662579245, '_a0_': 1.0, '_a4_': 1.0, '_a5_': 1.0, '_a6_': 1.0, '_a7_': 1.0}};{'d0': 0.02490583291941659};-280.569866449044;39.92404976634494
41867;-100.360883458177;((pow2(x) * _a3_) + ((((x * x) + _a2_) * (_a3_ * _a1_)) * x));{'d0': {'_a1_': 1.6029252337991038, '_a2_': 0.5256917716223726, '_a3_': 2.1066240662579245, '_a0_': 1.0, '_a4_': 1.0, '_a5_': 1.0, '_a6_': 1.0, '_a7_': 1.0}};{'d0': 0.02490583291941659};-280.569866449044;39.92404976634494
41868;-100.360883458177;((pow2(x) * _a3_) + ((((x * x) + _a2_) * (_a3_ * _a1_)) * x));{'d0': {'_a1_': 1.6029252337991038, '_a2_': 0.5256917716223726, '_a3_': 2.1066240662579245, '_a0_': 1.0, '_a4_': 1.0, '_a5_': 1.0, '_a6_': 1.0, '_a7_': 1.0}};{'d0': 0.02490583291941659};-280.569866449044;39.92404976634494
41869;-100.360883458177;((pow2(x) * _a3_) + ((((x * x) + _a2_) * (_a3_ * _a1_)) * x));{'d0': {'_a1_': 1.6029252337991038, '_a2_': 0.5256917716223726, '_a3_': 2.1066240662579245, '_a0_': 1.0, '_a4_': 1.0, '_a5_': 1.0, '_a6_': 1.0, '_a7_': 1.0}};{'d0': 0.02490583291941659};-280.569866449044;39.92404976634494
41870;-100.360883458177;((pow2(x) * _a3_) + ((((x * x) + _a2_) * (_a3_ * _a7_)) * x));{'d0': {'_a2_': 0.5256917704346586, '_a3_': 2.1066240662650317, '_a7_': 1.6029252352852286, '_a0_': 1.0, '_a1_': 1.0, '_a4_': 1.0, '_a5_': 1.0, '_a6_': 1.0}};{'d0': 0.02490583291941653};-280.569866449044;39.92404976634494
41871;-100.360883458177;((pow2(x) * _a3_) + ((((x * x) + _a2_) * (_a3_ * _a7_)) * x));{'d0': {'_a2_': 0.5256917704346586, '_a3_': 2.1066240662650317, '_a7_': 1.6029252352852286, '_a0_': 1.0, '_a1_': 1.0, '_a4_': 1.0, '_a5_': 1.0, '_a6_': 1.0}};{'d0': 0.02490583291941653};-280.569866449044;39.92404976634494
41872;-100.360883458177;((pow2(x) * _a3_) + ((((x * x) + _a2_) * (_a3_ * _a7_)) * x));{'d0': {'_a2_': 0.5256917704346586, '_a3_': 2.1066240662650317, '_a7_': 1.6029252352852286, '_a0_': 1.0, '_a1_': 1.0, '_a4_': 1.0, '_a5_': 1.0, '_a6_': 1.0}};{'d0': 0.02490583291941653};-280.569866449044;39.92404976634494
41873;-100.360883458177;((pow2(x) * _a3_) + ((((x * x) + _a2_) * (_a3_ * _a7_)) * x));{'d0': {'_a2_': 0.5256917704346586, '_a3_': 2.1066240662650317, '_a7_': 1.6029252352852286, '_a0_': 1.0, '_a1_': 1.0, '_a4_': 1.0, '_a5_': 1.0, '_a6_': 1.0}};{'d0': 0.02490583291941653};-280.569866449044;39.92404976634494
41874;-100.360883458177;((pow2(x) * _a3_) + ((((x * x) + _a2_) * (_a3_ * _a7_)) * x));{'d0': {'_a2_': 0.5256917704346586, '_a3_': 2.1066240662650317, '_a7_': 1.6029252352852286, '_a0_': 1.0, '_a1_': 1.0, '_a4_': 1.0, '_a5_': 1.0, '_a6_': 1.0}};{'d0': 0.02490583291941653};-280.569866449044;39.92404976634494
41875;-100.360883458177;((pow2(x) * _a3_) + ((((x * x) + _a2_) * (_a3_ * _a7_)) * x));{'d0': {'_a2_': 0.5256917704346586, '_a3_': 2.1066240662650317, '_a7_': 1.6029252352852286, '_a0_': 1.0, '_a1_': 1.0, '_a4_': 1.0, '_a5_': 1.0, '_a6_': 1.0}};{'d0': 0.02490583291941653};-280.569866449044;39.92404976634494
41876;-100.360883458177;((pow2(x) * _a3_) + ((((x * x) + _a2_) * (_a3_ * _a7_)) * x));{'d0': {'_a2_': 0.5256917704346586, '_a3_': 2.1066240662650317, '_a7_': 1.6029252352852286, '_a0_': 1.0, '_a1_': 1.0, '_a4_': 1.0, '_a5_': 1.0, '_a6_': 1.0}};{'d0': 0.02490583291941653};-280.569866449044;39.92404976634494
41877;-100.360883458177;((pow2(x) * _a3_) + ((((x * x) + _a2_) * (_a3_ * _a7_)) * x));{'d0': {'_a2_': 0.5256917704346586, '_a3_': 2.1066240662650317, '_a7_': 1.6029252352852286, '_a0_': 1.0, '_a1_': 1.0, '_a4_': 1.0, '_a5_': 1.0, '_a6_': 1.0}};{'d0': 0.02490583291941653};-280.569866449044;39.92404976634494
41878;-100.360883458177;((pow2(x) * _a3_) + ((((x * x) + _a2_) * (_a3_ * _a7_)) * x));{'d0': {'_a2_': 0.5256917704346586, '_a3_': 2.1066240662650317, '_a7_': 1.6029252352852286, '_a0_': 1.0, '_a1_': 1.0, '_a4_': 1.0, '_a5_': 1.0, '_a6_': 1.0}};{'d0': 0.02490583291941653};-280.569866449044;39.92404976634494
41879;-100.360883458177;((pow2(x) * _a3_) + ((((x * x) + _a2_) * (_a3_ * _a7_)) * x));{'d0': {'_a2_': 0.5256917704346586, '_a3_': 2.1066240662650317, '_a7_': 1.6029252352852286, '_a0_': 1.0, '_a1_': 1.0, '_a4_': 1.0, '_a5_': 1.0, '_a6_': 1.0}};{'d0': 0.02490583291941653};-280.569866449044;39.92404976634494
41880;-100.360883458177;((pow2(x) * _a3_) + ((((x * x) + _a2_) * (_a3_ * _a7_)) * x));{'d0': {'_a2_': 0.5256917704346586, '_a3_': 2.1066240662650317, '_a7_': 1.6029252352852286, '_a0_': 1.0, '_a1_': 1.0, '_a4_': 1.0, '_a5_': 1.0, '_a6_': 1.0}};{'d0': 0.02490583291941653};-280.569866449044;39.92404976634494
41881;-100.360883458177;((pow2(x) * _a3_) + ((((x * x) + _a2_) * (_a3_ * _a7_)) * x));{'d0': {'_a2_': 0.5256917704346586, '_a3_': 2.1066240662650317, '_a7_': 1.6029252352852286, '_a0_': 1.0, '_a1_': 1.0, '_a4_': 1.0, '_a5_': 1.0, '_a6_': 1.0}};{'d0': 0.02490583291941653};-280.569866449044;39.92404976634494
41882;-100.360883458177;((pow2(x) * _a3_) + ((((x * x) + _a2_) * (_a3_ * _a7_)) * x));{'d0': {'_a2_': 0.5256917704346586, '_a3_': 2.1066240662650317, '_a7_': 1.6029252352852286, '_a0_': 1.0, '_a1_': 1.0, '_a4_': 1.0, '_a5_': 1.0, '_a6_': 1.0}};{'d0': 0.02490583291941653};-280.569866449044;39.92404976634494
41883;-100.360883458177;((pow2(x) * _a3_) + ((((x * x) + _a2_) * (_a3_ * _a7_)) * x));{'d0': {'_a2_': 0.5256917704346586, '_a3_': 2.1066240662650317, '_a7_': 1.6029252352852286, '_a0_': 1.0, '_a1_': 1.0, '_a4_': 1.0, '_a5_': 1.0, '_a6_': 1.0}};{'d0': 0.02490583291941653};-280.569866449044;39.92404976634494
41884;-100.360883458177;((pow2(x) * _a3_) + ((((x * x) + _a2_) * (_a3_ * _a7_)) * x));{'d0': {'_a2_': 0.5256917704346586, '_a3_': 2.1066240662650317, '_a7_': 1.6029252352852286, '_a0_': 1.0, '_a1_': 1.0, '_a4_': 1.0, '_a5_': 1.0, '_a6_': 1.0}};{'d0': 0.02490583291941653};-280.569866449044;39.92404976634494
41885;-100.360883458177;((pow2(x) * _a3_) + ((((x * x) + _a2_) * (_a3_ * _a7_)) * x));{'d0': {'_a2_': 0.5256917704346586, '_a3_': 2.1066240662650317, '_a7_': 1.6029252352852286, '_a0_': 1.0, '_a1_': 1.0, '_a4_': 1.0, '_a5_': 1.0, '_a6_': 1.0}};{'d0': 0.02490583291941653};-280.569866449044;39.92404976634494
41886;-100.360883458177;((pow2(x) * _a3_) + ((((x * x) + _a2_) * (_a3_ * _a7_)) * x));{'d0': {'_a2_': 0.5256917704346586, '_a3_': 2.1066240662650317, '_a7_': 1.6029252352852286, '_a0_': 1.0, '_a1_': 1.0, '_a4_': 1.0, '_a5_': 1.0, '_a6_': 1.0}};{'d0': 0.02490583291941653};-280.569866449044;39.92404976634494
41887;-100.360883458177;((pow2(x) * _a3_) + ((((x * x) + _a2_) * (_a3_ * _a7_)) * x));{'d0': {'_a2_': 0.5256917704346586, '_a3_': 2.1066240662650317, '_a7_': 1.6029252352852286, '_a0_': 1.0, '_a1_': 1.0, '_a4_': 1.0, '_a5_': 1.0, '_a6_': 1.0}};{'d0': 0.02490583291941653};-280.569866449044;39.92404976634494
41888;-100.360883458177;((pow2(x) * _a3_) + ((((x * x) + _a2_) * (_a3_ * _a7_)) * x));{'d0': {'_a2_': 0.5256917704346586, '_a3_': 2.1066240662650317, '_a7_': 1.6029252352852286, '_a0_': 1.0, '_a1_': 1.0, '_a4_': 1.0, '_a5_': 1.0, '_a6_': 1.0}};{'d0': 0.02490583291941653};-280.569866449044;39.92404976634494
41889;-100.360883458177;((pow2(x) * _a3_) + ((((x * x) + _a2_) * (_a3_ * _a1_)) * x));{'d0': {'_a1_': 1.6029252337991038, '_a2_': 0.5256917716223726, '_a3_': 2.1066240662579245, '_a0_': 1.0, '_a4_': 1.0, '_a5_': 1.0, '_a6_': 1.0, '_a7_': 1.0}};{'d0': 0.02490583291941659};-280.569866449044;39.92404976634494
41890;-100.360883458177;((pow2(x) * _a3_) + ((((x * x) + _a2_) * (_a3_ * _a1_)) * x));{'d0': {'_a1_': 1.6029252337991038, '_a2_': 0.5256917716223726, '_a3_': 2.1066240662579245, '_a0_': 1.0, '_a4_': 1.0, '_a5_': 1.0, '_a6_': 1.0, '_a7_': 1.0}};{'d0': 0.02490583291941659};-280.569866449044;39.92404976634494
41891;-100.360883458177;((pow2(x) * _a3_) + ((((x * x) + _a2_) * (_a3_ * _a1_)) * x));{'d0': {'_a1_': 1.6029252337991038, '_a2_': 0.5256917716223726, '_a3_': 2.1066240662579245, '_a0_': 1.0, '_a4_': 1.0, '_a5_': 1.0, '_a6_': 1.0, '_a7_': 1.0}};{'d0': 0.02490583291941659};-280.569866449044;39.92404976634494
41892;-100.360883458177;((pow2(x) * _a3_) + ((((x * x) + _a2_) * (_a3_ * _a1_)) * x));{'d0': {'_a1_': 1.6029252337991038, '_a2_': 0.5256917716223726, '_a3_': 2.1066240662579245, '_a0_': 1.0, '_a4_': 1.0, '_a5_': 1.0, '_a6_': 1.0, '_a7_': 1.0}};{'d0': 0.02490583291941659};-280.569866449044;39.92404976634494
41893;-100.360883458177;((pow2(x) * _a3_) + ((((x * x) + _a2_) * (_a3_ * _a1_)) * x));{'d0': {'_a1_': 1.6029252337991038, '_a2_': 0.5256917716223726, '_a3_': 2.1066240662579245, '_a0_': 1.0, '_a4_': 1.0, '_a5_': 1.0, '_a6_': 1.0, '_a7_': 1.0}};{'d0': 0.02490583291941659};-280.569866449044;39.92404976634494
41894;-100.360883458177;((pow2(x) * _a3_) + ((((x * x) + _a2_) * (_a3_ * _a1_)) * x));{'d0': {'_a1_': 1.6029252337991038, '_a2_': 0.5256917716223726, '_a3_': 2.1066240662579245, '_a0_': 1.0, '_a4_': 1.0, '_a5_': 1.0, '_a6_': 1.0, '_a7_': 1.0}};{'d0': 0.02490583291941659};-280.569866449044;39.92404976634494
41895;-100.360883458177;((pow2(x) * _a3_) + ((((x * x) + _a2_) * (_a3_ * _a1_)) * x));{'d0': {'_a1_': 1.6029252337991038, '_a2_': 0.5256917716223726, '_a3_': 2.1066240662579245, '_a0_': 1.0, '_a4_': 1.0, '_a5_': 1.0, '_a6_': 1.0, '_a7_': 1.0}};{'d0': 0.02490583291941659};-280.569866449044;39.92404976634494
41896;-100.360883458177;((pow2(x) * _a3_) + ((((x * x) + _a2_) * (_a3_ * _a1_)) * x));{'d0': {'_a1_': 1.6029252337991038, '_a2_': 0.5256917716223726, '_a3_': 2.1066240662579245, '_a0_': 1.0, '_a4_': 1.0, '_a5_': 1.0, '_a6_': 1.0, '_a7_': 1.0}};{'d0': 0.02490583291941659};-280.569866449044;39.92404976634494
41897;-100.360883458177;((pow2(x) * _a3_) + ((((x * x) + _a2_) * (_a3_ * _a1_)) * x));{'d0': {'_a1_': 1.6029252337991038, '_a2_': 0.5256917716223726, '_a3_': 2.1066240662579245, '_a0_': 1.0, '_a4_': 1.0, '_a5_': 1.0, '_a6_': 1.0, '_a7_': 1.0}};{'d0': 0.02490583291941659};-280.569866449044;39.92404976634494
41898;-100.360883458177;((pow2(x) * _a3_) + ((((x * x) + _a2_) * (_a3_ * _a1_)) * x));{'d0': {'_a1_': 1.6029252337991038, '_a2_': 0.5256917716223726, '_a3_': 2.1066240662579245, '_a0_': 1.0, '_a4_': 1.0, '_a5_': 1.0, '_a6_': 1.0, '_a7_': 1.0}};{'d0': 0.02490583291941659};-280.569866449044;39.92404976634494
41899;-100.360883458177;((pow2(x) * _a3_) + ((((x * x) + _a2_) * (_a3_ * _a1_)) * x));{'d0': {'_a1_': 1.6029252337991038, '_a2_': 0.5256917716223726, '_a3_': 2.1066240662579245, '_a0_': 1.0, '_a4_': 1.0, '_a5_': 1.0, '_a6_': 1.0, '_a7_': 1.0}};{'d0': 0.02490583291941659};-280.569866449044;39.92404976634494
41900;-100.360883458177;((pow2(x) * _a3_) + ((((x * x) + _a2_) * (_a3_ * _a1_)) * x));{'d0': {'_a1_': 1.6029252337991038, '_a2_': 0.5256917716223726, '_a3_': 2.1066240662579245, '_a0_': 1.0, '_a4_': 1.0, '_a5_': 1.0, '_a6_': 1.0, '_a7_': 1.0}};{'d0': 0.02490583291941659};-280.569866449044;39.92404976634494
41901;-100.360883458177;((pow2(x) * _a3_) + ((((x * x) + _a2_) * (_a3_ * _a1_)) * x));{'d0': {'_a1_': 1.6029252337991038, '_a2_': 0.5256917716223726, '_a3_': 2.1066240662579245, '_a0_': 1.0, '_a4_': 1.0, '_a5_': 1.0, '_a6_': 1.0, '_a7_': 1.0}};{'d0': 0.02490583291941659};-280.569866449044;39.92404976634494
41902;-97.0226019836424;(_a3_ + (x * (_a1_ * ((pow2((_a7_ * x)) + x) + exp(_a6_)))));{'d0': {'_a1_': 2.1125562185419047, '_a3_': -0.0010242790489121958, '_a6_': -0.17429337113285776, '_a7_': 1.2653654299346417, '_a0_': 1.0, '_a2_': 1.0, '_a4_': 1.0, '_a5_': 1.0}};{'d0': 0.024885482502044948};-276.524567592883;41.239681812799084
41903;-97.0226019836424;(_a3_ + (x * (_a1_ * ((pow2((_a7_ * x)) + x) + exp(_a6_)))));{'d0': {'_a1_': 2.1125562185419047, '_a3_': -0.0010242790489121958, '_a6_': -0.17429337113285776, '_a7_': 1.2653654299346417, '_a0_': 1.0, '_a2_': 1.0, '_a4_': 1.0, '_a5_': 1.0}};{'d0': 0.024885482502044948};-276.524567592883;41.239681812799084
41904;-97.0226019836424;(_a3_ + (x * (_a1_ * ((pow2((_a7_ * x)) + x) + exp(_a6_)))));{'d0': {'_a1_': 2.1125562185419047, '_a3_': -0.0010242790489121958, '_a6_': -0.17429337113285776, '_a7_': 1.2653654299346417, '_a0_': 1.0, '_a2_': 1.0, '_a4_': 1.0, '_a5_': 1.0}};{'d0': 0.024885482502044948};-276.524567592883;41.239681812799084
41905;-90.0260897772324;(_a3_ + (x * (_a1_ * ((pow2((_a7_ * (x * _a2_))) + x) + exp(_a6_)))));{'d0': {'_a1_': 2.112555788128642, '_a2_': 0.9998924998968955, '_a3_': -0.0010242043061067852, '_a6_': -0.17429314766735146, '_a7_': 1.2655015077054506, '_a0_': 1.0, '_a4_': 1.0, '_a5_': 1.0}};{'d0': 0.024885482501913827};-272.430223030977;46.18902173825609
41906;-90.0260897772324;(_a3_ + (x * (_a1_ * ((pow2((_a7_ * (x * _a2_))) + x) + exp(_a6_)))));{'d0': {'_a1_': 2.112555788128642, '_a2_': 0.9998924998968955, '_a3_': -0.0010242043061067852, '_a6_': -0.17429314766735146, '_a7_': 1.2655015077054506, '_a0_': 1.0, '_a4_': 1.0, '_a5_': 1.0}};{'d0': 0.024885482501913827};-272.430223030977;46.18902173825609
41907;-89.0548286524927;(_a3_ + (x * (_a1_ * ((pow2((_a7_ + (x * _a2_))) + x) + exp(_a6_)))));{'d0': {'_a1_': 0.3258668244173732, '_a2_': 3.2218103647946092, '_a3_': -0.0010242062831562562, '_a6_': 1.5522146039432718, '_a7_': 0.8509004937778849, '_a0_': 1.0, '_a4_': 1.0, '_a5_': 1.0}};{'d0': 0.024885482502881653};-272.430223028644;47.16028286182909
41908;-89.0548286524927;(_a3_ + (x * (_a1_ * ((pow2((_a7_ + (x * _a2_))) + x) + exp(_a6_)))));{'d0': {'_a1_': 0.3258668244173732, '_a2_': 3.2218103647946092, '_a3_': -0.0010242062831562562, '_a6_': 1.5522146039432718, '_a7_': 0.8509004937778849, '_a0_': 1.0, '_a4_': 1.0, '_a5_': 1.0}};{'d0': 0.024885482502881653};-272.430223028644;47.16028286182909
41909;-89.0548286524927;(_a3_ + (x * (_a1_ * ((pow2((_a7_ + (x * _a2_))) + x) + exp(_a6_)))));{'d0': {'_a1_': 0.3258668244173732, '_a2_': 3.2218103647946092, '_a3_': -0.0010242062831562562, '_a6_': 1.5522146039432718, '_a7_': 0.8509004937778849, '_a0_': 1.0, '_a4_': 1.0, '_a5_': 1.0}};{'d0': 0.024885482502881653};-272.430223028644;47.16028286182909
41910;-89.0548286524927;(_a3_ + (x * (_a1_ * ((pow2((_a7_ + (x * _a2_))) + x) + exp(_a6_)))));{'d0': {'_a1_': 0.3258668244173732, '_a2_': 3.2218103647946092, '_a3_': -0.0010242062831562562, '_a6_': 1.5522146039432718, '_a7_': 0.8509004937778849, '_a0_': 1.0, '_a4_': 1.0, '_a5_': 1.0}};{'d0': 0.024885482502881653};-272.430223028644;47.16028286182909
41911;-89.0548286524927;(_a3_ + (x * (_a1_ * ((pow2((_a7_ + (x * _a2_))) + x) + exp(_a6_)))));{'d0': {'_a1_': 0.3258668244173732, '_a2_': 3.2218103647946092, '_a3_': -0.0010242062831562562, '_a6_': 1.5522146039432718, '_a7_': 0.8509004937778849, '_a0_': 1.0, '_a4_': 1.0, '_a5_': 1.0}};{'d0': 0.024885482502881653};-272.430223028644;47.16028286182909
41912;-89.0548286524927;(_a3_ + (x * (_a1_ * ((pow2((_a7_ + (x * _a2_))) + x) + exp(_a6_)))));{'d0': {'_a1_': 0.3258668244173732, '_a2_': 3.2218103647946092, '_a3_': -0.0010242062831562562, '_a6_': 1.5522146039432718, '_a7_': 0.8509004937778849, '_a0_': 1.0, '_a4_': 1.0, '_a5_': 1.0}};{'d0': 0.024885482502881653};-272.430223028644;47.16028286182909
41913;-89.0548286524927;(_a3_ + (x * (_a1_ * ((pow2((_a7_ + (x * _a2_))) + x) + exp(_a6_)))));{'d0': {'_a1_': 0.3258668244173732, '_a2_': 3.2218103647946092, '_a3_': -0.0010242062831562562, '_a6_': 1.5522146039432718, '_a7_': 0.8509004937778849, '_a0_': 1.0, '_a4_': 1.0, '_a5_': 1.0}};{'d0': 0.024885482502881653};-272.430223028644;47.16028286182909
41914;-94.4208967872055;(_a3_ + (x * (_a1_ * ((pow2((_a7_ + (x * _a2_))) + x) + _a5_))));{'d0': {'_a1_': 0.3553423597354607, '_a2_': 3.0852941426325726, '_a3_': -0.0010242278706450389, '_a5_': 4.351961010584631, '_a7_': 0.8014029780288646, '_a0_': 1.0, '_a4_': 1.0, '_a6_': 1.0}};{'d0': 0.0248854825028379};-272.430223028749;41.79421472716909
41915;-94.4208967872055;(_a3_ + (x * (_a1_ * ((pow2((_a7_ + (x * _a2_))) + x) + _a5_))));{'d0': {'_a1_': 0.3553423597354607, '_a2_': 3.0852941426325726, '_a3_': -0.0010242278706450389, '_a5_': 4.351961010584631, '_a7_': 0.8014029780288646, '_a0_': 1.0, '_a4_': 1.0, '_a6_': 1.0}};{'d0': 0.0248854825028379};-272.430223028749;41.79421472716909
41916;-94.4208967872055;(_a3_ + (x * (_a1_ * ((pow2((_a7_ + (x * _a2_))) + x) + _a5_))));{'d0': {'_a1_': 0.3553423597354607, '_a2_': 3.0852941426325726, '_a3_': -0.0010242278706450389, '_a5_': 4.351961010584631, '_a7_': 0.8014029780288646, '_a0_': 1.0, '_a4_': 1.0, '_a6_': 1.0}};{'d0': 0.0248854825028379};-272.430223028749;41.79421472716909
41917;-94.4208967872055;(_a3_ + (x * (_a1_ * ((pow2((_a7_ + (x * _a2_))) + x) + _a5_))));{'d0': {'_a1_': 0.3553423597354607, '_a2_': 3.0852941426325726, '_a3_': -0.0010242278706450389, '_a5_': 4.351961010584631, '_a7_': 0.8014029780288646, '_a0_': 1.0, '_a4_': 1.0, '_a6_': 1.0}};{'d0': 0.0248854825028379};-272.430223028749;41.79421472716909
41918;-97.6651045483601;(_a3_ + (x * (_a1_ * ((pow2((_a7_ + -(x))) + x) + _a5_))));{'d0': {'_a1_': 3.3825181997287275, '_a3_': -0.0010241916555246537, '_a5_': 0.4894141560236243, '_a7_': 0.1877244130924726, '_a0_': 1.0, '_a2_': 1.0, '_a4_': 1.0, '_a6_': 1.0}};{'d0': 0.024885482501868193};-276.524567593309;40.59717924829448
41919;-92.1757845614898;((((_a6_ + ((x + (log(pow2(_a2_)) * _a1_)) * x)) * _a7_) * x) / _a2_);{'d0': {'_a1_': 0.032924107594688334, '_a2_': 13019.406122286578, '_a6_': 0.5256917704187343, '_a7_': 43963.421723716085, '_a0_': 1.0, '_a3_': 1.0, '_a4_': 1.0, '_a5_': 1.0}};{'d0': 0.024905832945021807};-276.475521825137;46.06197635107851
41920;-92.1757845614898;((((_a6_ + ((x + (log(pow2(_a2_)) * _a1_)) * x)) * _a7_) * x) / _a2_);{'d0': {'_a1_': 0.032924107594688334, '_a2_': 13019.406122286578, '_a6_': 0.5256917704187343, '_a7_': 43963.421723716085, '_a0_': 1.0, '_a3_': 1.0, '_a4_': 1.0, '_a5_': 1.0}};{'d0': 0.024905832945021807};-276.475521825137;46.06197635107851
41921;-97.6651045483156;(_a3_ + (x * (_a1_ * ((pow2((_a7_ + -(x))) + _a5_) + _a5_))));{'d0': {'_a1_': 3.3825184017046026, '_a3_': -0.0010242276608935735, '_a5_': 0.2135692624912497, '_a7_': -0.31227559869566723, '_a0_': 1.0, '_a2_': 1.0, '_a4_': 1.0, '_a6_': 1.0}};{'d0': 0.02488548250190514};-276.524567593220;40.59717924829448
41922;-97.6651045483156;(_a3_ + (x * (_a1_ * ((pow2((_a7_ + -(x))) + _a5_) + _a5_))));{'d0': {'_a1_': 3.3825184017046026, '_a3_': -0.0010242276608935735, '_a5_': 0.2135692624912497, '_a7_': -0.31227559869566723, '_a0_': 1.0, '_a2_': 1.0, '_a4_': 1.0, '_a6_': 1.0}};{'d0': 0.02488548250190514};-276.524567593220;40.59717924829448
41923;-97.6651045483156;(_a3_ + (x * (_a1_ * ((pow2((_a7_ + -(x))) + _a5_) + _a5_))));{'d0': {'_a1_': 3.3825184017046026, '_a3_': -0.0010242276608935735, '_a5_': 0.2135692624912497, '_a7_': -0.31227559869566723, '_a0_': 1.0, '_a2_': 1.0, '_a4_': 1.0, '_a6_': 1.0}};{'d0': 0.02488548250190514};-276.524567593220;40.59717924829448
41924;-97.6651045483156;(_a3_ + (x * (_a1_ * ((pow2((_a7_ + -(x))) + _a5_) + _a5_))));{'d0': {'_a1_': 3.3825184017046026, '_a3_': -0.0010242276608935735, '_a5_': 0.2135692624912497, '_a7_': -0.31227559869566723, '_a0_': 1.0, '_a2_': 1.0, '_a4_': 1.0, '_a6_': 1.0}};{'d0': 0.02488548250190514};-276.524567593220;40.59717924829448
41925;-90.7409496280695;(_a3_ + (x * (_a1_ * ((pow2(((_a7_ * _a2_) + -(x))) + _a5_) + _a5_))));{'d0': {'_a1_': 3.3825184017046026, '_a2_': 1.0, '_a3_': -0.0010242276608935735, '_a5_': 0.2135692624912497, '_a7_': -0.31227559869566723, '_a0_': 1.0, '_a4_': 1.0, '_a6_': 1.0}};{'d0': 0.02488548250190514};-272.430223030998;45.47416188742948
41926;-90.7409496280695;(_a3_ + (x * (_a1_ * ((pow2(((_a7_ * _a2_) + -(x))) + _a5_) + _a5_))));{'d0': {'_a1_': 3.3825184017046026, '_a2_': 1.0, '_a3_': -0.0010242276608935735, '_a5_': 0.2135692624912497, '_a7_': -0.31227559869566723, '_a0_': 1.0, '_a4_': 1.0, '_a6_': 1.0}};{'d0': 0.02488548250190514};-272.430223030998;45.47416188742948
41927;-90.7409496280695;(_a3_ + (x * (_a1_ * ((pow2(((_a7_ * _a2_) + -(x))) + _a5_) + _a5_))));{'d0': {'_a1_': 3.3825184017046026, '_a2_': 1.0, '_a3_': -0.0010242276608935735, '_a5_': 0.2135692624912497, '_a7_': -0.31227559869566723, '_a0_': 1.0, '_a4_': 1.0, '_a6_': 1.0}};{'d0': 0.02488548250190514};-272.430223030998;45.47416188742948
41928;-90.7409496280695;(_a3_ + (x * (_a1_ * ((pow2(((_a7_ * _a2_) + -(x))) + _a5_) + _a5_))));{'d0': {'_a1_': 3.3825184017046026, '_a2_': 1.0, '_a3_': -0.0010242276608935735, '_a5_': 0.2135692624912497, '_a7_': -0.31227559869566723, '_a0_': 1.0, '_a4_': 1.0, '_a6_': 1.0}};{'d0': 0.02488548250190514};-272.430223030998;45.47416188742948
41929;-90.7409496202306;(_a3_ + (x * (_a1_ * ((pow2(((_a7_ * _a2_) + -(x))) + _a5_) + x))));{'d0': {'_a1_': 3.3825181335325647, '_a2_': 1.0610683069249316, '_a3_': -0.001024179781539196, '_a5_': 0.48941416553061096, '_a7_': 0.17692010167735417, '_a0_': 1.0, '_a4_': 1.0, '_a6_': 1.0}};{'d0': 0.02488548250840769};-272.430223015320;45.47416188742948
41930;-85.7916096953380;(_a3_ + (x * (_a1_ * ((pow2(((_a7_ * _a2_) + -(x))) + (x * _a5_)) + x))));{'d0': {'_a1_': 3.382517334783604, '_a2_': 2.07447916709485, '_a3_': -0.0010240377669560859, '_a5_': 1.073212197682079, '_a7_': 0.34916258150627355, '_a0_': 1.0, '_a4_': 1.0, '_a6_': 1.0}};{'d0': 0.024885482507939434};-272.430223016449;50.423501812886485
41931;-85.7916096953380;(_a3_ + (x * (_a1_ * ((pow2(((_a7_ * _a2_) + -(x))) + (x * _a5_)) + x))));{'d0': {'_a1_': 3.382517334783604, '_a2_': 2.07447916709485, '_a3_': -0.0010240377669560859, '_a5_': 1.073212197682079, '_a7_': 0.34916258150627355, '_a0_': 1.0, '_a4_': 1.0, '_a6_': 1.0}};{'d0': 0.024885482507939434};-272.430223016449;50.423501812886485
41932;-85.7916096953380;(_a3_ + (x * (_a1_ * ((pow2(((_a7_ * _a2_) + -(x))) + (x * _a5_)) + x))));{'d0': {'_a1_': 3.382517334783604, '_a2_': 2.07447916709485, '_a3_': -0.0010240377669560859, '_a5_': 1.073212197682079, '_a7_': 0.34916258150627355, '_a0_': 1.0, '_a4_': 1.0, '_a6_': 1.0}};{'d0': 0.024885482507939434};-272.430223016449;50.423501812886485
41933;-85.7916096953380;(_a3_ + (x * (_a1_ * ((pow2(((_a7_ * _a2_) + -(x))) + (x * _a5_)) + x))));{'d0': {'_a1_': 3.382517334783604, '_a2_': 2.07447916709485, '_a3_': -0.0010240377669560859, '_a5_': 1.073212197682079, '_a7_': 0.34916258150627355, '_a0_': 1.0, '_a4_': 1.0, '_a6_': 1.0}};{'d0': 0.024885482507939434};-272.430223016449;50.423501812886485
41934;-87.8387803710002;(_a3_ + (x * (_a1_ * ((pow2(((_a7_ * _a3_) + -(x))) + (x * _a5_)) + x))));{'d0': {'_a1_': 3.3825642926187003, '_a3_': -0.001032376593513845, '_a5_': 1.0732061504653754, '_a7_': -701.6088687312807, '_a0_': 1.0, '_a2_': 1.0, '_a4_': 1.0, '_a6_': 1.0}};{'d0': 0.02488548383968513};-276.524564367773;50.423501812886485
41935;-87.8387803710002;(_a3_ + (x * (_a1_ * ((pow2(((_a7_ * _a3_) + -(x))) + (x * _a5_)) + x))));{'d0': {'_a1_': 3.3825642926187003, '_a3_': -0.001032376593513845, '_a5_': 1.0732061504653754, '_a7_': -701.6088687312807, '_a0_': 1.0, '_a2_': 1.0, '_a4_': 1.0, '_a6_': 1.0}};{'d0': 0.02488548383968513};-276.524564367773;50.423501812886485
41936;-87.8387803710002;(_a3_ + (x * (_a1_ * ((pow2(((_a7_ * _a3_) + -(x))) + (x * _a5_)) + x))));{'d0': {'_a1_': 3.3825642926187003, '_a3_': -0.001032376593513845, '_a5_': 1.0732061504653754, '_a7_': -701.6088687312807, '_a0_': 1.0, '_a2_': 1.0, '_a4_': 1.0, '_a6_': 1.0}};{'d0': 0.02488548383968513};-276.524564367773;50.423501812886485
41937;-87.8387803710002;(_a3_ + (x * (_a1_ * ((pow2(((_a7_ * _a3_) + -(x))) + (x * _a5_)) + x))));{'d0': {'_a1_': 3.3825642926187003, '_a3_': -0.001032376593513845, '_a5_': 1.0732061504653754, '_a7_': -701.6088687312807, '_a0_': 1.0, '_a2_': 1.0, '_a4_': 1.0, '_a6_': 1.0}};{'d0': 0.02488548383968513};-276.524564367773;50.423501812886485
41938;-87.8387803710002;(_a3_ + (x * (_a1_ * ((pow2(((_a7_ * _a3_) + -(x))) + (x * _a5_)) + x))));{'d0': {'_a1_': 3.3825642926187003, '_a3_': -0.001032376593513845, '_a5_': 1.0732061504653754, '_a7_': -701.6088687312807, '_a0_': 1.0, '_a2_': 1.0, '_a4_': 1.0, '_a6_': 1.0}};{'d0': 0.02488548383968513};-276.524564367773;50.423501812886485
41939;-92.1757845614898;((((_a6_ + ((x + (log(pow2(_a2_)) * _a1_)) * x)) * _a7_) * x) / _a2_);{'d0': {'_a1_': 0.032924107594688334, '_a2_': 13019.406122286578, '_a6_': 0.5256917704187343, '_a7_': 43963.421723716085, '_a0_': 1.0, '_a3_': 1.0, '_a4_': 1.0, '_a5_': 1.0}};{'d0': 0.024905832945021807};-276.475521825137;46.06197635107851
41940;-92.1757845614898;((((_a6_ + ((x + (log(pow2(_a2_)) * _a1_)) * x)) * _a7_) * x) / _a2_);{'d0': {'_a1_': 0.032924107594688334, '_a2_': 13019.406122286578, '_a6_': 0.5256917704187343, '_a7_': 43963.421723716085, '_a0_': 1.0, '_a3_': 1.0, '_a4_': 1.0, '_a5_': 1.0}};{'d0': 0.024905832945021807};-276.475521825137;46.06197635107851
41941;-92.1757845614898;((((_a6_ + ((x + (log(pow2(_a2_)) * _a1_)) * x)) * _a7_) * x) / _a2_);{'d0': {'_a1_': 0.032924107594688334, '_a2_': 13019.406122286578, '_a6_': 0.5256917704187343, '_a7_': 43963.421723716085, '_a0_': 1.0, '_a3_': 1.0, '_a4_': 1.0, '_a5_': 1.0}};{'d0': 0.024905832945021807};-276.475521825137;46.06197635107851
41942;-92.1757845614898;((((_a6_ + ((x + (log(pow2(_a2_)) * _a1_)) * x)) * _a7_) * x) / _a2_);{'d0': {'_a1_': 0.032924107594688334, '_a2_': 13019.406122286578, '_a6_': 0.5256917704187343, '_a7_': 43963.421723716085, '_a0_': 1.0, '_a3_': 1.0, '_a4_': 1.0, '_a5_': 1.0}};{'d0': 0.024905832945021807};-276.475521825137;46.06197635107851
41943;-92.1757845614898;((((_a6_ + ((x + (log(pow2(_a2_)) * _a1_)) * x)) * _a7_) * x) / _a2_);{'d0': {'_a1_': 0.032924107594688334, '_a2_': 13019.406122286578, '_a6_': 0.5256917704187343, '_a7_': 43963.421723716085, '_a0_': 1.0, '_a3_': 1.0, '_a4_': 1.0, '_a5_': 1.0}};{'d0': 0.024905832945021807};-276.475521825137;46.06197635107851
41944;-92.1757845614898;((((_a6_ + ((x + (log(pow2(_a2_)) * _a1_)) * x)) * _a7_) * x) / _a2_);{'d0': {'_a1_': 0.032924107594688334, '_a2_': 13019.406122286578, '_a6_': 0.5256917704187343, '_a7_': 43963.421723716085, '_a0_': 1.0, '_a3_': 1.0, '_a4_': 1.0, '_a5_': 1.0}};{'d0': 0.024905832945021807};-276.475521825137;46.06197635107851
41945;-86.2551835247689;(((((_a4_ + x) + ((x + (log(pow2(_a2_)) * _a1_)) * x)) * _a7_) * x) / _a2_);{'d0': {'_a1_': -0.01471903363706644, '_a2_': 354101.85752637655, '_a4_': 0.5256917708486577, '_a7_': 1195717.298869551, '_a0_': 1.0, '_a3_': 1.0, '_a5_': 1.0, '_a6_': 1.0}};{'d0': 0.024905832934802856};-276.475521849755;51.98257740010851
41946;-86.2551835247689;(((((_a4_ + x) + ((x + (log(pow2(_a2_)) * _a1_)) * x)) * _a7_) * x) / _a2_);{'d0': {'_a1_': -0.01471903363706644, '_a2_': 354101.85752637655, '_a4_': 0.5256917708486577, '_a7_': 1195717.298869551, '_a0_': 1.0, '_a3_': 1.0, '_a5_': 1.0, '_a6_': 1.0}};{'d0': 0.024905832934802856};-276.475521849755;51.98257740010851
41947;-86.2551835247689;(((((_a4_ + x) + ((x + (log(pow2(_a2_)) * _a1_)) * x)) * _a7_) * x) / _a2_);{'d0': {'_a1_': -0.01471903363706644, '_a2_': 354101.85752637655, '_a4_': 0.5256917708486577, '_a7_': 1195717.298869551, '_a0_': 1.0, '_a3_': 1.0, '_a5_': 1.0, '_a6_': 1.0}};{'d0': 0.024905832934802856};-276.475521849755;51.98257740010851
41948;-86.2551835247689;(((((_a4_ + x) + ((x + (log(pow2(_a2_)) * _a1_)) * x)) * _a7_) * x) / _a2_);{'d0': {'_a1_': -0.01471903363706644, '_a2_': 354101.85752637655, '_a4_': 0.5256917708486577, '_a7_': 1195717.298869551, '_a0_': 1.0, '_a3_': 1.0, '_a5_': 1.0, '_a6_': 1.0}};{'d0': 0.024905832934802856};-276.475521849755;51.98257740010851
41949;-86.2551835247689;(((((_a4_ + x) + ((x + (log(pow2(_a2_)) * _a1_)) * x)) * _a7_) * x) / _a2_);{'d0': {'_a1_': -0.01471903363706644, '_a2_': 354101.85752637655, '_a4_': 0.5256917708486577, '_a7_': 1195717.298869551, '_a0_': 1.0, '_a3_': 1.0, '_a5_': 1.0, '_a6_': 1.0}};{'d0': 0.024905832934802856};-276.475521849755;51.98257740010851
41950;-89.9531180158422;(((((_a4_ + x) + ((x + (log(_a4_) * _a1_)) * x)) * _a7_) * x) / _a2_);{'d0': {'_a1_': 0.5849409883272165, '_a2_': 134382667.65471533, '_a4_': 0.525691779231086, '_a7_': 453778121.5564805, '_a0_': 1.0, '_a3_': 1.0, '_a5_': 1.0, '_a6_': 1.0}};{'d0': 0.024905832919474742};-276.475521886681;48.28464292749851
41951;-89.9531180158422;(((((_a4_ + x) + ((x + (log(_a4_) * _a1_)) * x)) * _a7_) * x) / _a2_);{'d0': {'_a1_': 0.5849409883272165, '_a2_': 134382667.65471533, '_a4_': 0.525691779231086, '_a7_': 453778121.5564805, '_a0_': 1.0, '_a3_': 1.0, '_a5_': 1.0, '_a6_': 1.0}};{'d0': 0.024905832919474742};-276.475521886681;48.28464292749851
41952;-89.9531180158422;(((((_a4_ + x) + ((x + (log(_a4_) * _a1_)) * x)) * _a7_) * x) / _a2_);{'d0': {'_a1_': 0.5849409883272165, '_a2_': 134382667.65471533, '_a4_': 0.525691779231086, '_a7_': 453778121.5564805, '_a0_': 1.0, '_a3_': 1.0, '_a5_': 1.0, '_a6_': 1.0}};{'d0': 0.024905832919474742};-276.475521886681;48.28464292749851
41953;-89.9531180158422;(((((_a4_ + x) + ((x + (log(_a4_) * _a1_)) * x)) * _a7_) * x) / _a2_);{'d0': {'_a1_': 0.5849409883272165, '_a2_': 134382667.65471533, '_a4_': 0.525691779231086, '_a7_': 453778121.5564805, '_a0_': 1.0, '_a3_': 1.0, '_a5_': 1.0, '_a6_': 1.0}};{'d0': 0.024905832919474742};-276.475521886681;48.28464292749851
41954;-89.9531180158422;(((((_a4_ + x) + ((x + (log(_a4_) * _a1_)) * x)) * _a7_) * x) / _a2_);{'d0': {'_a1_': 0.5849409883272165, '_a2_': 134382667.65471533, '_a4_': 0.525691779231086, '_a7_': 453778121.5564805, '_a0_': 1.0, '_a3_': 1.0, '_a5_': 1.0, '_a6_': 1.0}};{'d0': 0.024905832919474742};-276.475521886681;48.28464292749851
41955;-89.9531180158422;(((((_a4_ + x) + ((x + (log(_a4_) * _a1_)) * x)) * _a7_) * x) / _a2_);{'d0': {'_a1_': 0.5849409883272165, '_a2_': 134382667.65471533, '_a4_': 0.525691779231086, '_a7_': 453778121.5564805, '_a0_': 1.0, '_a3_': 1.0, '_a5_': 1.0, '_a6_': 1.0}};{'d0': 0.024905832919474742};-276.475521886681;48.28464292749851
41956;-89.7943092723684;((((cos(_a1_) + ((x + (log(_a4_) * _a1_)) * x)) * _a7_) * x) / _a2_);{'d0': {'_a1_': 1.0172682151326693, '_a2_': -479172446856.12915, '_a4_': 1.8464582581013413, '_a7_': -1618050761724.5718, '_a0_': 1.0, '_a3_': 1.0, '_a5_': 1.0, '_a6_': 1.0}};{'d0': 0.024905832919419786};-276.475521886814;48.44345167103851
41957;-89.7943092723684;((((cos(_a1_) + ((x + (log(_a4_) * _a1_)) * x)) * _a7_) * x) / _a2_);{'d0': {'_a1_': 1.0172682151326693, '_a2_': -479172446856.12915, '_a4_': 1.8464582581013413, '_a7_': -1618050761724.5718, '_a0_': 1.0, '_a3_': 1.0, '_a5_': 1.0, '_a6_': 1.0}};{'d0': 0.024905832919419786};-276.475521886814;48.44345167103851
41958;-89.7943092723684;((((cos(_a1_) + ((x + (log(_a4_) * _a1_)) * x)) * _a7_) * x) / _a2_);{'d0': {'_a1_': 1.0172682151326693, '_a2_': -479172446856.12915, '_a4_': 1.8464582581013413, '_a7_': -1618050761724.5718, '_a0_': 1.0, '_a3_': 1.0, '_a5_': 1.0, '_a6_': 1.0}};{'d0': 0.024905832919419786};-276.475521886814;48.44345167103851
41959;-89.7943092723684;((((cos(_a1_) + ((x + (log(_a4_) * _a1_)) * x)) * _a7_) * x) / _a2_);{'d0': {'_a1_': 1.0172682151326693, '_a2_': -479172446856.12915, '_a4_': 1.8464582581013413, '_a7_': -1618050761724.5718, '_a0_': 1.0, '_a3_': 1.0, '_a5_': 1.0, '_a6_': 1.0}};{'d0': 0.024905832919419786};-276.475521886814;48.44345167103851
41960;-83.1307609261304;((((cos(_a1_) + ((x + (log(_a4_) * _a1_)) * x)) * _a7_) * x) / (_a5_ ** _a1_));{'d0': {'_a1_': 1.0172682149097114, '_a4_': 1.8464582577281237, '_a5_': 267.14193410568447, '_a7_': 993.4542239878768, '_a0_': 1.0, '_a2_': 1.0, '_a3_': 1.0, '_a6_': 1.0}};{'d0': 0.0249058329195343};-276.475521886538;55.10700001713851
41961;-83.1307609261304;((((cos(_a1_) + ((x + (log(_a4_) * _a1_)) * x)) * _a7_) * x) / (_a5_ ** _a1_));{'d0': {'_a1_': 1.0172682149097114, '_a4_': 1.8464582577281237, '_a5_': 267.14193410568447, '_a7_': 993.4542239878768, '_a0_': 1.0, '_a2_': 1.0, '_a3_': 1.0, '_a6_': 1.0}};{'d0': 0.0249058329195343};-276.475521886538;55.10700001713851
41962;-83.1307609261304;((((cos(_a1_) + ((x + (log(_a4_) * _a1_)) * x)) * _a7_) * x) / (_a5_ ** _a1_));{'d0': {'_a1_': 1.0172682149097114, '_a4_': 1.8464582577281237, '_a5_': 267.14193410568447, '_a7_': 993.4542239878768, '_a0_': 1.0, '_a2_': 1.0, '_a3_': 1.0, '_a6_': 1.0}};{'d0': 0.0249058329195343};-276.475521886538;55.10700001713851
41963;-83.1307609261304;((((cos(_a1_) + ((x + (log(_a4_) * _a1_)) * x)) * _a7_) * x) / (_a5_ ** _a1_));{'d0': {'_a1_': 1.0172682149097114, '_a4_': 1.8464582577281237, '_a5_': 267.14193410568447, '_a7_': 993.4542239878768, '_a0_': 1.0, '_a2_': 1.0, '_a3_': 1.0, '_a6_': 1.0}};{'d0': 0.0249058329195343};-276.475521886538;55.10700001713851
41964;-83.1307609261304;((((cos(_a1_) + ((x + (log(_a4_) * _a1_)) * x)) * _a7_) * x) / (_a5_ ** _a1_));{'d0': {'_a1_': 1.0172682149097114, '_a4_': 1.8464582577281237, '_a5_': 267.14193410568447, '_a7_': 993.4542239878768, '_a0_': 1.0, '_a2_': 1.0, '_a3_': 1.0, '_a6_': 1.0}};{'d0': 0.0249058329195343};-276.475521886538;55.10700001713851
41965;-83.1307609261304;((((cos(_a1_) + ((x + (log(_a4_) * _a1_)) * x)) * _a7_) * x) / (_a5_ ** _a1_));{'d0': {'_a1_': 1.0172682149097114, '_a4_': 1.8464582577281237, '_a5_': 267.14193410568447, '_a7_': 993.4542239878768, '_a0_': 1.0, '_a2_': 1.0, '_a3_': 1.0, '_a6_': 1.0}};{'d0': 0.0249058329195343};-276.475521886538;55.10700001713851
41966;-83.1307609261304;((((cos(_a1_) + ((x + (log(_a4_) * _a1_)) * x)) * _a7_) * x) / (_a5_ ** _a1_));{'d0': {'_a1_': 1.0172682149097114, '_a4_': 1.8464582577281237, '_a5_': 267.14193410568447, '_a7_': 993.4542239878768, '_a0_': 1.0, '_a2_': 1.0, '_a3_': 1.0, '_a6_': 1.0}};{'d0': 0.0249058329195343};-276.475521886538;55.10700001713851
41967;-83.1307609261304;((((cos(_a1_) + ((x + (log(_a4_) * _a1_)) * x)) * _a7_) * x) / (_a5_ ** _a1_));{'d0': {'_a1_': 1.0172682149097114, '_a4_': 1.8464582577281237, '_a5_': 267.14193410568447, '_a7_': 993.4542239878768, '_a0_': 1.0, '_a2_': 1.0, '_a3_': 1.0, '_a6_': 1.0}};{'d0': 0.0249058329195343};-276.475521886538;55.10700001713851
41968;-83.1307609261304;((((cos(_a1_) + ((x + (log(_a4_) * _a1_)) * x)) * _a7_) * x) / (_a5_ ** _a1_));{'d0': {'_a1_': 1.0172682149097114, '_a4_': 1.8464582577281237, '_a5_': 267.14193410568447, '_a7_': 993.4542239878768, '_a0_': 1.0, '_a2_': 1.0, '_a3_': 1.0, '_a6_': 1.0}};{'d0': 0.0249058329195343};-276.475521886538;55.10700001713851
41969;-83.1307609261304;((((cos(_a1_) + ((x + (log(_a4_) * _a1_)) * x)) * _a7_) * x) / (_a5_ ** _a1_));{'d0': {'_a1_': 1.0172682149097114, '_a4_': 1.8464582577281237, '_a5_': 267.14193410568447, '_a7_': 993.4542239878768, '_a0_': 1.0, '_a2_': 1.0, '_a3_': 1.0, '_a6_': 1.0}};{'d0': 0.0249058329195343};-276.475521886538;55.10700001713851
41970;-83.1307609261304;((((cos(_a1_) + ((x + (log(_a4_) * _a1_)) * x)) * _a7_) * x) / (_a5_ ** _a1_));{'d0': {'_a1_': 1.0172682149097114, '_a4_': 1.8464582577281237, '_a5_': 267.14193410568447, '_a7_': 993.4542239878768, '_a0_': 1.0, '_a2_': 1.0, '_a3_': 1.0, '_a6_': 1.0}};{'d0': 0.0249058329195343};-276.475521886538;55.10700001713851
41971;-83.1307609261304;((((cos(_a1_) + ((x + (log(_a4_) * _a1_)) * x)) * _a7_) * x) / (_a5_ ** _a1_));{'d0': {'_a1_': 1.0172682149097114, '_a4_': 1.8464582577281237, '_a5_': 267.14193410568447, '_a7_': 993.4542239878768, '_a0_': 1.0, '_a2_': 1.0, '_a3_': 1.0, '_a6_': 1.0}};{'d0': 0.0249058329195343};-276.475521886538;55.10700001713851
41972;-83.1307609261304;((((cos(_a1_) + ((x + (log(_a4_) * _a1_)) * x)) * _a7_) * x) / (_a5_ ** _a1_));{'d0': {'_a1_': 1.0172682149097114, '_a4_': 1.8464582577281237, '_a5_': 267.14193410568447, '_a7_': 993.4542239878768, '_a0_': 1.0, '_a2_': 1.0, '_a3_': 1.0, '_a6_': 1.0}};{'d0': 0.0249058329195343};-276.475521886538;55.10700001713851
41973;-83.1307609261304;((((cos(_a1_) + ((x + (log(_a4_) * _a1_)) * x)) * _a7_) * x) / (_a5_ ** _a1_));{'d0': {'_a1_': 1.0172682149097114, '_a4_': 1.8464582577281237, '_a5_': 267.14193410568447, '_a7_': 993.4542239878768, '_a0_': 1.0, '_a2_': 1.0, '_a3_': 1.0, '_a6_': 1.0}};{'d0': 0.0249058329195343};-276.475521886538;55.10700001713851
41974;-83.1307609261304;((((cos(_a1_) + ((x + (log(_a4_) * _a1_)) * x)) * _a7_) * x) / (_a5_ ** _a1_));{'d0': {'_a1_': 1.0172682149097114, '_a4_': 1.8464582577281237, '_a5_': 267.14193410568447, '_a7_': 993.4542239878768, '_a0_': 1.0, '_a2_': 1.0, '_a3_': 1.0, '_a6_': 1.0}};{'d0': 0.0249058329195343};-276.475521886538;55.10700001713851
41975;-83.1307609261304;((((cos(_a1_) + ((x + (log(_a4_) * _a1_)) * x)) * _a7_) * x) / (_a5_ ** _a1_));{'d0': {'_a1_': 1.0172682149097114, '_a4_': 1.8464582577281237, '_a5_': 267.14193410568447, '_a7_': 993.4542239878768, '_a0_': 1.0, '_a2_': 1.0, '_a3_': 1.0, '_a6_': 1.0}};{'d0': 0.0249058329195343};-276.475521886538;55.10700001713851
41976;-83.1307609261304;((((cos(_a1_) + ((x + (log(_a4_) * _a1_)) * x)) * _a7_) * x) / (_a5_ ** _a1_));{'d0': {'_a1_': 1.0172682149097114, '_a4_': 1.8464582577281237, '_a5_': 267.14193410568447, '_a7_': 993.4542239878768, '_a0_': 1.0, '_a2_': 1.0, '_a3_': 1.0, '_a6_': 1.0}};{'d0': 0.0249058329195343};-276.475521886538;55.10700001713851
41977;-83.1307609261304;((((cos(_a1_) + ((x + (log(_a4_) * _a1_)) * x)) * _a7_) * x) / (_a5_ ** _a1_));{'d0': {'_a1_': 1.0172682149097114, '_a4_': 1.8464582577281237, '_a5_': 267.14193410568447, '_a7_': 993.4542239878768, '_a0_': 1.0, '_a2_': 1.0, '_a3_': 1.0, '_a6_': 1.0}};{'d0': 0.0249058329195343};-276.475521886538;55.10700001713851
41978;-83.1307609261304;((((cos(_a1_) + ((x + (log(_a4_) * _a1_)) * x)) * _a7_) * x) / (_a5_ ** _a1_));{'d0': {'_a1_': 1.0172682149097114, '_a4_': 1.8464582577281237, '_a5_': 267.14193410568447, '_a7_': 993.4542239878768, '_a0_': 1.0, '_a2_': 1.0, '_a3_': 1.0, '_a6_': 1.0}};{'d0': 0.0249058329195343};-276.475521886538;55.10700001713851
41979;-100.833694356401;((_a0_ + ((pow2(x) * _a3_) + x)) * (x * (pow2(_a2_) / _a0_)));{'d0': {'_a0_': 0.8426446045317557, '_a2_': 1.3323420748489199, '_a3_': 1.602925234530009, '_a1_': 1.0, '_a4_': 1.0, '_a5_': 1.0, '_a6_': 1.0, '_a7_': 1.0}};{'d0': 0.024905832919416598};-280.569866449044;39.45123886812149
41980;-100.833694356401;((_a0_ + ((pow2(x) * _a3_) + x)) * (x * (pow2(_a2_) / _a0_)));{'d0': {'_a0_': 0.8426446045317557, '_a2_': 1.3323420748489199, '_a3_': 1.602925234530009, '_a1_': 1.0, '_a4_': 1.0, '_a5_': 1.0, '_a6_': 1.0, '_a7_': 1.0}};{'d0': 0.024905832919416598};-280.569866449044;39.45123886812149
41981;-100.833694356401;((_a0_ + ((pow2(x) * _a3_) + x)) * (x * (pow2(_a2_) / _a0_)));{'d0': {'_a0_': 0.8426446045317557, '_a2_': 1.3323420748489199, '_a3_': 1.602925234530009, '_a1_': 1.0, '_a4_': 1.0, '_a5_': 1.0, '_a6_': 1.0, '_a7_': 1.0}};{'d0': 0.024905832919416598};-280.569866449044;39.45123886812149
41982;-100.833694356401;((_a0_ + ((pow2(x) * _a3_) + x)) * (x * (pow2(_a2_) / _a0_)));{'d0': {'_a0_': 0.8426446045317557, '_a2_': 1.3323420748489199, '_a3_': 1.602925234530009, '_a1_': 1.0, '_a4_': 1.0, '_a5_': 1.0, '_a6_': 1.0, '_a7_': 1.0}};{'d0': 0.024905832919416598};-280.569866449044;39.45123886812149
41983;-100.833694356401;((_a0_ + ((pow2(x) * _a3_) + x)) * (x * (pow2(_a2_) / _a0_)));{'d0': {'_a0_': 0.8426446045317557, '_a2_': 1.3323420748489199, '_a3_': 1.602925234530009, '_a1_': 1.0, '_a4_': 1.0, '_a5_': 1.0, '_a6_': 1.0, '_a7_': 1.0}};{'d0': 0.024905832919416598};-280.569866449044;39.45123886812149
41984;-100.833694356401;((_a0_ + ((pow2(x) * _a3_) + x)) * (x * (pow2(_a2_) / _a0_)));{'d0': {'_a0_': 0.8426446045317557, '_a2_': 1.3323420748489199, '_a3_': 1.602925234530009, '_a1_': 1.0, '_a4_': 1.0, '_a5_': 1.0, '_a6_': 1.0, '_a7_': 1.0}};{'d0': 0.024905832919416598};-280.569866449044;39.45123886812149
41985;-100.833694356401;((_a0_ + ((pow2(x) * _a3_) + x)) * (x * (pow2(_a2_) / _a0_)));{'d0': {'_a0_': 0.8426446045317557, '_a2_': 1.3323420748489199, '_a3_': 1.602925234530009, '_a1_': 1.0, '_a4_': 1.0, '_a5_': 1.0, '_a6_': 1.0, '_a7_': 1.0}};{'d0': 0.024905832919416598};-280.569866449044;39.45123886812149
41986;-100.833694356401;((_a0_ + ((pow2(x) * _a3_) + x)) * (x * (pow2(_a2_) / _a0_)));{'d0': {'_a0_': 0.8426446045317557, '_a2_': 1.3323420748489199, '_a3_': 1.602925234530009, '_a1_': 1.0, '_a4_': 1.0, '_a5_': 1.0, '_a6_': 1.0, '_a7_': 1.0}};{'d0': 0.024905832919416598};-280.569866449044;39.45123886812149
41987;-100.833694356401;((_a0_ + ((pow2(x) * _a3_) + x)) * (x * (pow2(_a2_) / _a0_)));{'d0': {'_a0_': 0.8426446045317557, '_a2_': 1.3323420748489199, '_a3_': 1.602925234530009, '_a1_': 1.0, '_a4_': 1.0, '_a5_': 1.0, '_a6_': 1.0, '_a7_': 1.0}};{'d0': 0.024905832919416598};-280.569866449044;39.45123886812149
41988;-100.833694356401;((_a0_ + ((pow2(x) * _a3_) + x)) * (x * (pow2(_a2_) / _a0_)));{'d0': {'_a0_': 0.8426446045317557, '_a2_': 1.3323420748489199, '_a3_': 1.602925234530009, '_a1_': 1.0, '_a4_': 1.0, '_a5_': 1.0, '_a6_': 1.0, '_a7_': 1.0}};{'d0': 0.024905832919416598};-280.569866449044;39.45123886812149
41989;-100.833694356401;((_a0_ + ((pow2(x) * _a3_) + x)) * (x * (pow2(_a2_) / _a0_)));{'d0': {'_a0_': 0.8426446045317557, '_a2_': 1.3323420748489199, '_a3_': 1.602925234530009, '_a1_': 1.0, '_a4_': 1.0, '_a5_': 1.0, '_a6_': 1.0, '_a7_': 1.0}};{'d0': 0.024905832919416598};-280.569866449044;39.45123886812149
41990;-100.833694356401;((_a0_ + ((pow2(x) * _a3_) + x)) * (x * (pow2(_a2_) / _a0_)));{'d0': {'_a0_': 0.8426446045317557, '_a2_': 1.3323420748489199, '_a3_': 1.602925234530009, '_a1_': 1.0, '_a4_': 1.0, '_a5_': 1.0, '_a6_': 1.0, '_a7_': 1.0}};{'d0': 0.024905832919416598};-280.569866449044;39.45123886812149
41991;-100.833694356400;((_a2_ + ((pow2(x) * _a3_) + x)) * (x * (pow2(_a2_) / _a0_)));{'d0': {'_a0_': 0.33705583363698055, '_a2_': 0.8426446052234453, '_a3_': 1.6029252349395755, '_a1_': 1.0, '_a4_': 1.0, '_a5_': 1.0, '_a6_': 1.0, '_a7_': 1.0}};{'d0': 0.02490583291941662};-280.569866449044;39.45123886812149
41992;-100.833694356400;((_a2_ + ((pow2(x) * _a3_) + x)) * (x * (pow2(_a2_) / _a0_)));{'d0': {'_a0_': 0.33705583363698055, '_a2_': 0.8426446052234453, '_a3_': 1.6029252349395755, '_a1_': 1.0, '_a4_': 1.0, '_a5_': 1.0, '_a6_': 1.0, '_a7_': 1.0}};{'d0': 0.02490583291941662};-280.569866449044;39.45123886812149
41993;-100.833694356400;((_a2_ + ((pow2(x) * _a3_) + x)) * (x * (pow2(_a2_) / _a0_)));{'d0': {'_a0_': 0.33705583363698055, '_a2_': 0.8426446052234453, '_a3_': 1.6029252349395755, '_a1_': 1.0, '_a4_': 1.0, '_a5_': 1.0, '_a6_': 1.0, '_a7_': 1.0}};{'d0': 0.02490583291941662};-280.569866449044;39.45123886812149
41994;-100.833694356400;((_a2_ + ((pow2(x) * _a3_) + x)) * (x * (pow2(_a2_) / _a0_)));{'d0': {'_a0_': 0.33705583363698055, '_a2_': 0.8426446052234453, '_a3_': 1.6029252349395755, '_a1_': 1.0, '_a4_': 1.0, '_a5_': 1.0, '_a6_': 1.0, '_a7_': 1.0}};{'d0': 0.02490583291941662};-280.569866449044;39.45123886812149
41995;-100.833694356401;((_a0_ + ((pow2(x) * _a3_) + x)) * (x * (pow2(_a2_) / _a0_)));{'d0': {'_a0_': 0.8426446045317557, '_a2_': 1.3323420748489199, '_a3_': 1.602925234530009, '_a1_': 1.0, '_a4_': 1.0, '_a5_': 1.0, '_a6_': 1.0, '_a7_': 1.0}};{'d0': 0.024905832919416598};-280.569866449044;39.45123886812149
41996;-100.833694356401;((_a0_ + ((pow2(x) * _a3_) + x)) * (x * (pow2(_a2_) / _a0_)));{'d0': {'_a0_': 0.8426446045317557, '_a2_': 1.3323420748489199, '_a3_': 1.602925234530009, '_a1_': 1.0, '_a4_': 1.0, '_a5_': 1.0, '_a6_': 1.0, '_a7_': 1.0}};{'d0': 0.024905832919416598};-280.569866449044;39.45123886812149
41997;-100.833694356401;((_a0_ + ((pow2(x) * _a3_) + x)) * (x * (pow2(_a2_) / _a0_)));{'d0': {'_a0_': 0.8426446045317557, '_a2_': 1.3323420748489199, '_a3_': 1.602925234530009, '_a1_': 1.0, '_a4_': 1.0, '_a5_': 1.0, '_a6_': 1.0, '_a7_': 1.0}};{'d0': 0.024905832919416598};-280.569866449044;39.45123886812149
41998;-100.833694356401;((_a0_ + ((pow2(x) * _a3_) + x)) * (x * (pow2(_a2_) / _a0_)));{'d0': {'_a0_': 0.8426446045317557, '_a2_': 1.3323420748489199, '_a3_': 1.602925234530009, '_a1_': 1.0, '_a4_': 1.0, '_a5_': 1.0, '_a6_': 1.0, '_a7_': 1.0}};{'d0': 0.024905832919416598};-280.569866449044;39.45123886812149
41999;-100.833694356401;((_a0_ + ((pow2(x) * _a3_) + x)) * (x * (pow2(_a2_) / _a0_)));{'d0': {'_a0_': 0.8426446045317557, '_a2_': 1.3323420748489199, '_a3_': 1.602925234530009, '_a1_': 1.0, '_a4_': 1.0, '_a5_': 1.0, '_a6_': 1.0, '_a7_': 1.0}};{'d0': 0.024905832919416598};-280.569866449044;39.45123886812149
42000;-100.833694356401;((_a0_ + ((pow2(x) * _a3_) + x)) * (x * (pow2(_a2_) / _a0_)));{'d0': {'_a0_': 0.8426446045317557, '_a2_': 1.3323420748489199, '_a3_': 1.602925234530009, '_a1_': 1.0, '_a4_': 1.0, '_a5_': 1.0, '_a6_': 1.0, '_a7_': 1.0}};{'d0': 0.024905832919416598};-280.569866449044;39.45123886812149
42001;-100.833694356401;((_a0_ + ((pow2(x) * _a3_) + x)) * (x * (pow2(_a2_) / _a0_)));{'d0': {'_a0_': 0.8426446045317557, '_a2_': 1.3323420748489199, '_a3_': 1.602925234530009, '_a1_': 1.0, '_a4_': 1.0, '_a5_': 1.0, '_a6_': 1.0, '_a7_': 1.0}};{'d0': 0.024905832919416598};-280.569866449044;39.45123886812149
42002;-100.833694356401;((_a0_ + ((pow2(x) * _a3_) + x)) * (x * (pow2(_a2_) / _a0_)));{'d0': {'_a0_': 0.8426446045317557, '_a2_': 1.3323420748489199, '_a3_': 1.602925234530009, '_a1_': 1.0, '_a4_': 1.0, '_a5_': 1.0, '_a6_': 1.0, '_a7_': 1.0}};{'d0': 0.024905832919416598};-280.569866449044;39.45123886812149
42003;-100.833694356401;((_a0_ + ((pow2(x) * _a3_) + x)) * (x * (pow2(_a2_) / _a0_)));{'d0': {'_a0_': 0.8426446045317557, '_a2_': 1.3323420748489199, '_a3_': 1.602925234530009, '_a1_': 1.0, '_a4_': 1.0, '_a5_': 1.0, '_a6_': 1.0, '_a7_': 1.0}};{'d0': 0.024905832919416598};-280.569866449044;39.45123886812149
42004;-100.833694356401;((_a0_ + ((pow2(x) * _a3_) + x)) * (x * (pow2(_a2_) / _a0_)));{'d0': {'_a0_': 0.8426446045317557, '_a2_': 1.3323420748489199, '_a3_': 1.602925234530009, '_a1_': 1.0, '_a4_': 1.0, '_a5_': 1.0, '_a6_': 1.0, '_a7_': 1.0}};{'d0': 0.024905832919416598};-280.569866449044;39.45123886812149
42005;-100.833694356401;((_a0_ + ((pow2(x) * _a3_) + x)) * (x * (pow2(_a2_) / _a0_)));{'d0': {'_a0_': 0.8426446045317557, '_a2_': 1.3323420748489199, '_a3_': 1.602925234530009, '_a1_': 1.0, '_a4_': 1.0, '_a5_': 1.0, '_a6_': 1.0, '_a7_': 1.0}};{'d0': 0.024905832919416598};-280.569866449044;39.45123886812149
42006;-100.833694356401;((_a0_ + ((pow2(x) * _a3_) + x)) * (x * (pow2(_a2_) / _a0_)));{'d0': {'_a0_': 0.8426446045317557, '_a2_': 1.3323420748489199, '_a3_': 1.602925234530009, '_a1_': 1.0, '_a4_': 1.0, '_a5_': 1.0, '_a6_': 1.0, '_a7_': 1.0}};{'d0': 0.024905832919416598};-280.569866449044;39.45123886812149
42007;-100.833694356401;((_a0_ + ((pow2(x) * _a3_) + x)) * (x * (pow2(_a2_) / _a0_)));{'d0': {'_a0_': 0.8426446045317557, '_a2_': 1.3323420748489199, '_a3_': 1.602925234530009, '_a1_': 1.0, '_a4_': 1.0, '_a5_': 1.0, '_a6_': 1.0, '_a7_': 1.0}};{'d0': 0.024905832919416598};-280.569866449044;39.45123886812149
42008;-100.833694356401;((_a0_ + ((pow2(x) * _a3_) + x)) * (x * (pow2(_a2_) / _a0_)));{'d0': {'_a0_': 0.8426446045317557, '_a2_': 1.3323420748489199, '_a3_': 1.602925234530009, '_a1_': 1.0, '_a4_': 1.0, '_a5_': 1.0, '_a6_': 1.0, '_a7_': 1.0}};{'d0': 0.024905832919416598};-280.569866449044;39.45123886812149
42009;-89.7026226680953;(((cos(-(_a4_)) + ((x + (pow2(_a4_) * _a1_)) * (_a4_ + x))) * _a7_) * x);{'d0': {'_a1_': -0.289772699517944, '_a4_': 0.8175310175855226, '_a7_': 3.376760878130931, '_a0_': 1.0, '_a2_': 1.0, '_a3_': 1.0, '_a5_': 1.0, '_a6_': 1.0}};{'d0': 0.024905832919416608};-280.569866449044;50.58231055642649
42010;-89.7026226680953;(((cos(-(_a4_)) + ((x + (pow2(_a4_) * _a1_)) * (_a4_ + x))) * _a7_) * x);{'d0': {'_a1_': -0.289772699517944, '_a4_': 0.8175310175855226, '_a7_': 3.376760878130931, '_a0_': 1.0, '_a2_': 1.0, '_a3_': 1.0, '_a5_': 1.0, '_a6_': 1.0}};{'d0': 0.024905832919416608};-280.569866449044;50.58231055642649
42011;-89.6846353557457;(((cos(pow2(_a4_)) + ((x + (pow2(_a4_) * _a1_)) * (_a4_ + x))) * _a7_) * x);{'d0': {'_a1_': -0.32192497858479113, '_a4_': 0.8643947911238905, '_a7_': 3.376760877971385, '_a0_': 1.0, '_a2_': 1.0, '_a3_': 1.0, '_a5_': 1.0, '_a6_': 1.0}};{'d0': 0.024905832919416587};-280.569866449044;50.6002978687761
42012;-89.6846353557457;(((cos(pow2(_a4_)) + ((x + (pow2(_a4_) * _a1_)) * (_a4_ + x))) * _a7_) * x);{'d0': {'_a1_': -0.32192497858479113, '_a4_': 0.8643947911238905, '_a7_': 3.376760877971385, '_a0_': 1.0, '_a2_': 1.0, '_a3_': 1.0, '_a5_': 1.0, '_a6_': 1.0}};{'d0': 0.024905832919416587};-280.569866449044;50.6002978687761
42013;-89.6846353557457;(((cos(pow2(_a4_)) + ((x + (pow2(_a4_) * _a1_)) * (_a4_ + x))) * _a7_) * x);{'d0': {'_a1_': -0.32192497858479113, '_a4_': 0.8643947911238905, '_a7_': 3.376760877971385, '_a0_': 1.0, '_a2_': 1.0, '_a3_': 1.0, '_a5_': 1.0, '_a6_': 1.0}};{'d0': 0.024905832919416587};-280.569866449044;50.6002978687761
42014;-89.6846353557457;(((cos(pow2(_a4_)) + ((x + (pow2(_a4_) * _a1_)) * (_a4_ + x))) * _a7_) * x);{'d0': {'_a1_': -0.32192497858479113, '_a4_': 0.8643947911238905, '_a7_': 3.376760877971385, '_a0_': 1.0, '_a2_': 1.0, '_a3_': 1.0, '_a5_': 1.0, '_a6_': 1.0}};{'d0': 0.024905832919416587};-280.569866449044;50.6002978687761
42015;-95.6052364047757;(((cos(pow2(_a4_)) + ((x + (pow2(_a4_) * _a1_)) * x)) * _a7_) * x);{'d0': {'_a1_': 0.6132693476539197, '_a4_': 1.0085971527810187, '_a7_': 3.3767608794997304, '_a0_': 1.0, '_a2_': 1.0, '_a3_': 1.0, '_a5_': 1.0, '_a6_': 1.0}};{'d0': 0.0249058329194166};-280.569866449044;44.679696819746106
42016;-95.6052364047757;(((cos(pow2(_a4_)) + ((x + (pow2(_a4_) * _a1_)) * x)) * _a7_) * x);{'d0': {'_a1_': 0.6132693476539197, '_a4_': 1.0085971527810187, '_a7_': 3.3767608794997304, '_a0_': 1.0, '_a2_': 1.0, '_a3_': 1.0, '_a5_': 1.0, '_a6_': 1.0}};{'d0': 0.0249058329194166};-280.569866449044;44.679696819746106
42017;-95.6052364047757;(((cos(pow2(_a4_)) + ((x + (pow2(_a4_) * _a1_)) * x)) * _a7_) * x);{'d0': {'_a1_': 0.6132693476539197, '_a4_': 1.0085971527810187, '_a7_': 3.3767608794997304, '_a0_': 1.0, '_a2_': 1.0, '_a3_': 1.0, '_a5_': 1.0, '_a6_': 1.0}};{'d0': 0.0249058329194166};-280.569866449044;44.679696819746106
42018;-95.3941035944069;(((cos(pow2(_a7_)) + ((x + (pow2(_a4_) * _a1_)) * x)) * _a7_) * x);{'d0': {'_a1_': 0.48628738334005883, '_a4_': 1.1326467891917231, '_a7_': 3.397661962434468, '_a0_': 1.0, '_a2_': 1.0, '_a3_': 1.0, '_a5_': 1.0, '_a6_': 1.0}};{'d0': 0.025081732446042573};-280.147600828306;44.679696819746106
42019;-94.0703408564654;(((cos(pow2(_a7_)) + ((x + ((_a7_ * _a4_) * _a1_)) * x)) * _a7_) * x);{'d0': {'_a1_': 0.48688094873325616, '_a4_': 0.37711958843173715, '_a7_': 3.397661962442204, '_a0_': 1.0, '_a2_': 1.0, '_a3_': 1.0, '_a5_': 1.0, '_a6_': 1.0}};{'d0': 0.02508173244501636};-280.147600830761;46.003459558915104
42020;-94.0703408564654;(((cos(pow2(_a7_)) + ((x + ((_a7_ * _a4_) * _a1_)) * x)) * _a7_) * x);{'d0': {'_a1_': 0.48688094873325616, '_a4_': 0.37711958843173715, '_a7_': 3.397661962442204, '_a0_': 1.0, '_a2_': 1.0, '_a3_': 1.0, '_a5_': 1.0, '_a6_': 1.0}};{'d0': 0.02508173244501636};-280.147600830761;46.003459558915104
42021;-94.0703408564654;(((cos(pow2(_a7_)) + ((x + ((_a7_ * _a4_) * _a1_)) * x)) * _a7_) * x);{'d0': {'_a1_': 0.48688094873325616, '_a4_': 0.37711958843173715, '_a7_': 3.397661962442204, '_a0_': 1.0, '_a2_': 1.0, '_a3_': 1.0, '_a5_': 1.0, '_a6_': 1.0}};{'d0': 0.02508173244501636};-280.147600830761;46.003459558915104
42022;-94.0703408564654;(((cos(pow2(_a7_)) + ((x + ((_a7_ * _a4_) * _a1_)) * x)) * _a7_) * x);{'d0': {'_a1_': 0.48688094873325616, '_a4_': 0.37711958843173715, '_a7_': 3.397661962442204, '_a0_': 1.0, '_a2_': 1.0, '_a3_': 1.0, '_a5_': 1.0, '_a6_': 1.0}};{'d0': 0.02508173244501636};-280.147600830761;46.003459558915104
42023;-99.0920380656953;(((cos(pow2(_a7_)) + ((x + (_a2_ * _a1_)) * x)) * _a7_) * x);{'d0': {'_a1_': 0.3731359444408033, '_a2_': 1.671917652203437, '_a7_': 3.3976619624370734, '_a0_': 1.0, '_a3_': 1.0, '_a4_': 1.0, '_a5_': 1.0, '_a6_': 1.0}};{'d0': 0.02508173244714749};-280.147600825663;40.981762347136105
42024;-99.0920380656953;(((cos(pow2(_a7_)) + ((x + (_a2_ * _a1_)) * x)) * _a7_) * x);{'d0': {'_a1_': 0.3731359444408033, '_a2_': 1.671917652203437, '_a7_': 3.3976619624370734, '_a0_': 1.0, '_a3_': 1.0, '_a4_': 1.0, '_a5_': 1.0, '_a6_': 1.0}};{'d0': 0.02508173244714749};-280.147600825663;40.981762347136105
42025;-99.0920380656953;(((cos(pow2(_a7_)) + ((x + (_a2_ * _a1_)) * x)) * _a7_) * x);{'d0': {'_a1_': 0.3731359444408033, '_a2_': 1.671917652203437, '_a7_': 3.3976619624370734, '_a0_': 1.0, '_a3_': 1.0, '_a4_': 1.0, '_a5_': 1.0, '_a6_': 1.0}};{'d0': 0.02508173244714749};-280.147600825663;40.981762347136105
42026;-99.0920380656953;(((cos(pow2(_a7_)) + ((x + (_a2_ * _a1_)) * x)) * _a7_) * x);{'d0': {'_a1_': 0.3731359444408033, '_a2_': 1.671917652203437, '_a7_': 3.3976619624370734, '_a0_': 1.0, '_a3_': 1.0, '_a4_': 1.0, '_a5_': 1.0, '_a6_': 1.0}};{'d0': 0.02508173244714749};-280.147600825663;40.981762347136105
42027;-99.0920380656953;(((cos(pow2(_a7_)) + ((x + (_a2_ * _a1_)) * x)) * _a7_) * x);{'d0': {'_a1_': 0.3731359444408033, '_a2_': 1.671917652203437, '_a7_': 3.3976619624370734, '_a0_': 1.0, '_a3_': 1.0, '_a4_': 1.0, '_a5_': 1.0, '_a6_': 1.0}};{'d0': 0.02508173244714749};-280.147600825663;40.981762347136105
42028;-99.0920380656953;(((cos(pow2(_a7_)) + ((x + (_a2_ * _a1_)) * x)) * _a7_) * x);{'d0': {'_a1_': 0.3731359444408033, '_a2_': 1.671917652203437, '_a7_': 3.3976619624370734, '_a0_': 1.0, '_a3_': 1.0, '_a4_': 1.0, '_a5_': 1.0, '_a6_': 1.0}};{'d0': 0.02508173244714749};-280.147600825663;40.981762347136105
42029;-99.0920380656953;(((cos(pow2(_a7_)) + ((x + (_a2_ * _a1_)) * x)) * _a7_) * x);{'d0': {'_a1_': 0.3731359444408033, '_a2_': 1.671917652203437, '_a7_': 3.3976619624370734, '_a0_': 1.0, '_a3_': 1.0, '_a4_': 1.0, '_a5_': 1.0, '_a6_': 1.0}};{'d0': 0.02508173244714749};-280.147600825663;40.981762347136105
42030;-101.139210349701;(((cos(pow2(_a7_)) + ((x + (_a2_ * _a7_)) * x)) * _a7_) * x);{'d0': {'_a2_': 0.1836123587493583, '_a7_': 3.397661962436727, '_a0_': 1.0, '_a1_': 1.0, '_a3_': 1.0, '_a4_': 1.0, '_a5_': 1.0, '_a6_': 1.0}};{'d0': 0.025081732444727542};-284.241945393674;40.981762347136105
42031;-101.139210349701;(((cos(pow2(_a7_)) + ((x + (_a2_ * _a7_)) * x)) * _a7_) * x);{'d0': {'_a2_': 0.1836123587493583, '_a7_': 3.397661962436727, '_a0_': 1.0, '_a1_': 1.0, '_a3_': 1.0, '_a4_': 1.0, '_a5_': 1.0, '_a6_': 1.0}};{'d0': 0.025081732444727542};-284.241945393674;40.981762347136105
42032;-101.139210349701;(((cos(pow2(_a7_)) + ((x + (_a2_ * _a7_)) * x)) * _a7_) * x);{'d0': {'_a2_': 0.1836123587493583, '_a7_': 3.397661962436727, '_a0_': 1.0, '_a1_': 1.0, '_a3_': 1.0, '_a4_': 1.0, '_a5_': 1.0, '_a6_': 1.0}};{'d0': 0.025081732444727542};-284.241945393674;40.981762347136105
42033;-101.139210349701;(((cos(pow2(_a7_)) + ((x + (_a2_ * _a7_)) * x)) * _a7_) * x);{'d0': {'_a2_': 0.1836123587493583, '_a7_': 3.397661962436727, '_a0_': 1.0, '_a1_': 1.0, '_a3_': 1.0, '_a4_': 1.0, '_a5_': 1.0, '_a6_': 1.0}};{'d0': 0.025081732444727542};-284.241945393674;40.981762347136105
42034;-101.139210349701;(((cos(pow2(_a7_)) + ((x + (_a2_ * _a7_)) * x)) * _a7_) * x);{'d0': {'_a2_': 0.1836123587493583, '_a7_': 3.397661962436727, '_a0_': 1.0, '_a1_': 1.0, '_a3_': 1.0, '_a4_': 1.0, '_a5_': 1.0, '_a6_': 1.0}};{'d0': 0.025081732444727542};-284.241945393674;40.981762347136105
42035;-101.139210349701;(((cos(pow2(_a7_)) + ((x + (_a2_ * _a7_)) * x)) * _a7_) * x);{'d0': {'_a2_': 0.1836123587493583, '_a7_': 3.397661962436727, '_a0_': 1.0, '_a1_': 1.0, '_a3_': 1.0, '_a4_': 1.0, '_a5_': 1.0, '_a6_': 1.0}};{'d0': 0.025081732444727542};-284.241945393674;40.981762347136105
42036;-103.001105349996;(((cos(_a5_) + ((x + (_a2_ * _a7_)) * x)) * _a7_) * x);{'d0': {'_a2_': 0.18475084206760523, '_a5_': 1.017268216075973, '_a7_': 3.3767608777561775, '_a0_': 1.0, '_a1_': 1.0, '_a3_': 1.0, '_a4_': 1.0, '_a6_': 1.0}};{'d0': 0.024905832919416615};-280.569866449044;37.283827874526104
42037;-96.6629489855667;((pow2(x) * _a3_) + ((((x * x) + _a7_) * (_a2_ * pow2(_a2_))) * x));{'d0': {'_a2_': 1.5002608249045974, '_a3_': 2.1066240663960967, '_a7_': 0.5256917714355996, '_a0_': 1.0, '_a1_': 1.0, '_a4_': 1.0, '_a5_': 1.0, '_a6_': 1.0}};{'d0': 0.024905832919416625};-280.569866449044;43.621984238954944
42038;-96.6629489855667;((pow2(x) * _a3_) + ((((x * x) + _a7_) * (_a2_ * pow2(_a2_))) * x));{'d0': {'_a2_': 1.5002608249045974, '_a3_': 2.1066240663960967, '_a7_': 0.5256917714355996, '_a0_': 1.0, '_a1_': 1.0, '_a4_': 1.0, '_a5_': 1.0, '_a6_': 1.0}};{'d0': 0.024905832919416625};-280.569866449044;43.621984238954944
42039;-96.6629489855667;((pow2(x) * _a3_) + ((((x * x) + _a7_) * (_a2_ * pow2(_a2_))) * x));{'d0': {'_a2_': 1.5002608249045974, '_a3_': 2.1066240663960967, '_a7_': 0.5256917714355996, '_a0_': 1.0, '_a1_': 1.0, '_a4_': 1.0, '_a5_': 1.0, '_a6_': 1.0}};{'d0': 0.024905832919416625};-280.569866449044;43.621984238954944
42040;-96.6629489855667;((pow2(x) * _a3_) + ((((x * x) + _a7_) * (_a2_ * pow2(_a2_))) * x));{'d0': {'_a2_': 1.5002608249045974, '_a3_': 2.1066240663960967, '_a7_': 0.5256917714355996, '_a0_': 1.0, '_a1_': 1.0, '_a4_': 1.0, '_a5_': 1.0, '_a6_': 1.0}};{'d0': 0.024905832919416625};-280.569866449044;43.621984238954944
42041;-96.6629489855667;((pow2(x) * _a3_) + ((((x * x) + _a7_) * (_a2_ * pow2(_a2_))) * x));{'d0': {'_a2_': 1.5002608249045974, '_a3_': 2.1066240663960967, '_a7_': 0.5256917714355996, '_a0_': 1.0, '_a1_': 1.0, '_a4_': 1.0, '_a5_': 1.0, '_a6_': 1.0}};{'d0': 0.024905832919416625};-280.569866449044;43.621984238954944
42042;-96.6629489855667;((pow2(x) * _a3_) + ((((x * x) + _a7_) * (_a2_ * pow2(_a2_))) * x));{'d0': {'_a2_': 1.5002608249045974, '_a3_': 2.1066240663960967, '_a7_': 0.5256917714355996, '_a0_': 1.0, '_a1_': 1.0, '_a4_': 1.0, '_a5_': 1.0, '_a6_': 1.0}};{'d0': 0.024905832919416625};-280.569866449044;43.621984238954944
42043;-96.6629489855667;((pow2(x) * _a3_) + ((((x * x) + _a7_) * (_a2_ * pow2(_a2_))) * x));{'d0': {'_a2_': 1.5002608249045974, '_a3_': 2.1066240663960967, '_a7_': 0.5256917714355996, '_a0_': 1.0, '_a1_': 1.0, '_a4_': 1.0, '_a5_': 1.0, '_a6_': 1.0}};{'d0': 0.024905832919416625};-280.569866449044;43.621984238954944
42044;-96.6629489855667;((pow2(x) * _a3_) + ((((x * x) + _a7_) * (_a2_ * pow2(_a2_))) * x));{'d0': {'_a2_': 1.5002608249045974, '_a3_': 2.1066240663960967, '_a7_': 0.5256917714355996, '_a0_': 1.0, '_a1_': 1.0, '_a4_': 1.0, '_a5_': 1.0, '_a6_': 1.0}};{'d0': 0.024905832919416625};-280.569866449044;43.621984238954944
42045;-96.6629489855667;((pow2(x) * _a3_) + ((((x * x) + _a7_) * (_a2_ * pow2(_a2_))) * x));{'d0': {'_a2_': 1.5002608249045974, '_a3_': 2.1066240663960967, '_a7_': 0.5256917714355996, '_a0_': 1.0, '_a1_': 1.0, '_a4_': 1.0, '_a5_': 1.0, '_a6_': 1.0}};{'d0': 0.024905832919416625};-280.569866449044;43.621984238954944
42046;-96.6629489855667;((pow2(x) * _a3_) + ((((x * x) + _a7_) * (_a2_ * pow2(_a2_))) * x));{'d0': {'_a2_': 1.5002608249045974, '_a3_': 2.1066240663960967, '_a7_': 0.5256917714355996, '_a0_': 1.0, '_a1_': 1.0, '_a4_': 1.0, '_a5_': 1.0, '_a6_': 1.0}};{'d0': 0.024905832919416625};-280.569866449044;43.621984238954944
42047;-96.6629489855667;((pow2(x) * _a3_) + ((((x * x) + _a7_) * (_a2_ * pow2(_a2_))) * x));{'d0': {'_a2_': 1.5002608249045974, '_a3_': 2.1066240663960967, '_a7_': 0.5256917714355996, '_a0_': 1.0, '_a1_': 1.0, '_a4_': 1.0, '_a5_': 1.0, '_a6_': 1.0}};{'d0': 0.024905832919416625};-280.569866449044;43.621984238954944
42048;-103.001105349996;(((cos(_a5_) + ((x + (_a2_ * _a7_)) * x)) * _a7_) * x);{'d0': {'_a2_': 0.18475084206760523, '_a5_': 1.017268216075973, '_a7_': 3.3767608777561775, '_a0_': 1.0, '_a1_': 1.0, '_a3_': 1.0, '_a4_': 1.0, '_a6_': 1.0}};{'d0': 0.024905832919416615};-280.569866449044;37.283827874526104
42049;-96.6629489855667;((pow2(x) * _a3_) + ((((x * x) + _a7_) * (_a2_ * pow2(_a2_))) * x));{'d0': {'_a2_': 1.5002608249045974, '_a3_': 2.1066240663960967, '_a7_': 0.5256917714355996, '_a0_': 1.0, '_a1_': 1.0, '_a4_': 1.0, '_a5_': 1.0, '_a6_': 1.0}};{'d0': 0.024905832919416625};-280.569866449044;43.621984238954944
42050;-96.6629489855667;((pow2(x) * _a3_) + ((((x * x) + _a7_) * (_a2_ * pow2(_a2_))) * x));{'d0': {'_a2_': 1.5002608249045974, '_a3_': 2.1066240663960967, '_a7_': 0.5256917714355996, '_a0_': 1.0, '_a1_': 1.0, '_a4_': 1.0, '_a5_': 1.0, '_a6_': 1.0}};{'d0': 0.024905832919416625};-280.569866449044;43.621984238954944
42051;-96.6629489855667;((pow2(x) * _a3_) + ((((x * x) + _a7_) * (_a2_ * pow2(_a2_))) * x));{'d0': {'_a2_': 1.5002608249045974, '_a3_': 2.1066240663960967, '_a7_': 0.5256917714355996, '_a0_': 1.0, '_a1_': 1.0, '_a4_': 1.0, '_a5_': 1.0, '_a6_': 1.0}};{'d0': 0.024905832919416625};-280.569866449044;43.621984238954944
42052;-96.6629489855667;((pow2(x) * _a3_) + ((((x * x) + _a7_) * (_a2_ * pow2(_a2_))) * x));{'d0': {'_a2_': 1.5002608249045974, '_a3_': 2.1066240663960967, '_a7_': 0.5256917714355996, '_a0_': 1.0, '_a1_': 1.0, '_a4_': 1.0, '_a5_': 1.0, '_a6_': 1.0}};{'d0': 0.024905832919416625};-280.569866449044;43.621984238954944
42053;-96.6629489855667;((pow2(x) * _a3_) + ((((x * x) + _a7_) * (_a2_ * pow2(_a2_))) * x));{'d0': {'_a2_': 1.5002608249045974, '_a3_': 2.1066240663960967, '_a7_': 0.5256917714355996, '_a0_': 1.0, '_a1_': 1.0, '_a4_': 1.0, '_a5_': 1.0, '_a6_': 1.0}};{'d0': 0.024905832919416625};-280.569866449044;43.621984238954944
42054;-96.6629489855667;((pow2(x) * _a3_) + ((((x * x) + _a7_) * (_a2_ * pow2(_a2_))) * x));{'d0': {'_a2_': 1.5002608249045974, '_a3_': 2.1066240663960967, '_a7_': 0.5256917714355996, '_a0_': 1.0, '_a1_': 1.0, '_a4_': 1.0, '_a5_': 1.0, '_a6_': 1.0}};{'d0': 0.024905832919416625};-280.569866449044;43.621984238954944
42055;-96.6629489855667;((pow2(x) * _a3_) + ((((x * x) + _a7_) * (_a2_ * pow2(_a2_))) * x));{'d0': {'_a2_': 1.5002608249045974, '_a3_': 2.1066240663960967, '_a7_': 0.5256917714355996, '_a0_': 1.0, '_a1_': 1.0, '_a4_': 1.0, '_a5_': 1.0, '_a6_': 1.0}};{'d0': 0.024905832919416625};-280.569866449044;43.621984238954944
42056;-96.6629489855667;((pow2(x) * _a3_) + ((((x * x) + _a7_) * (_a2_ * pow2(_a2_))) * x));{'d0': {'_a2_': 1.5002608249045974, '_a3_': 2.1066240663960967, '_a7_': 0.5256917714355996, '_a0_': 1.0, '_a1_': 1.0, '_a4_': 1.0, '_a5_': 1.0, '_a6_': 1.0}};{'d0': 0.024905832919416625};-280.569866449044;43.621984238954944
42057;-96.6629489855667;((pow2(x) * _a3_) + ((((x * x) + _a7_) * (_a2_ * pow2(_a2_))) * x));{'d0': {'_a2_': 1.5002608249045974, '_a3_': 2.1066240663960967, '_a7_': 0.5256917714355996, '_a0_': 1.0, '_a1_': 1.0, '_a4_': 1.0, '_a5_': 1.0, '_a6_': 1.0}};{'d0': 0.024905832919416625};-280.569866449044;43.621984238954944
42058;-103.001105349996;(((cos(_a5_) + ((x + (_a2_ * _a7_)) * x)) * _a7_) * x);{'d0': {'_a2_': 0.18475084206760523, '_a5_': 1.017268216075973, '_a7_': 3.3767608777561775, '_a0_': 1.0, '_a1_': 1.0, '_a3_': 1.0, '_a4_': 1.0, '_a6_': 1.0}};{'d0': 0.024905832919416615};-280.569866449044;37.283827874526104
42059;-103.001105349996;(((cos(_a5_) + ((x + (_a2_ * _a7_)) * x)) * _a7_) * x);{'d0': {'_a2_': 0.18475084206760523, '_a5_': 1.017268216075973, '_a7_': 3.3767608777561775, '_a0_': 1.0, '_a1_': 1.0, '_a3_': 1.0, '_a4_': 1.0, '_a6_': 1.0}};{'d0': 0.024905832919416615};-280.569866449044;37.283827874526104
42060;-102.487633080156;(((pow3(_a5_) + ((x + (_a2_ * _a7_)) * x)) * _a7_) * x);{'d0': {'_a2_': 0.18475084206342776, '_a5_': 0.8070684920651188, '_a7_': 3.376760877833708, '_a0_': 1.0, '_a1_': 1.0, '_a3_': 1.0, '_a4_': 1.0, '_a6_': 1.0}};{'d0': 0.024905832919416657};-280.569866449044;37.797300144366105
42061;-102.487633080156;(((pow3(_a5_) + ((x + (_a2_ * _a7_)) * x)) * _a7_) * x);{'d0': {'_a2_': 0.18475084206342776, '_a5_': 0.8070684920651188, '_a7_': 3.376760877833708, '_a0_': 1.0, '_a1_': 1.0, '_a3_': 1.0, '_a4_': 1.0, '_a6_': 1.0}};{'d0': 0.024905832919416657};-280.569866449044;37.797300144366105
42062;-102.487633080156;(((pow3(_a5_) + ((x + (_a2_ * _a7_)) * x)) * _a7_) * x);{'d0': {'_a2_': 0.18475084206342776, '_a5_': 0.8070684920651188, '_a7_': 3.376760877833708, '_a0_': 1.0, '_a1_': 1.0, '_a3_': 1.0, '_a4_': 1.0, '_a6_': 1.0}};{'d0': 0.024905832919416657};-280.569866449044;37.797300144366105
42063;-102.487633080156;(((pow3(_a5_) + ((x + (_a2_ * _a7_)) * x)) * _a7_) * x);{'d0': {'_a2_': 0.18475084206342776, '_a5_': 0.8070684920651188, '_a7_': 3.376760877833708, '_a0_': 1.0, '_a1_': 1.0, '_a3_': 1.0, '_a4_': 1.0, '_a6_': 1.0}};{'d0': 0.024905832919416657};-280.569866449044;37.797300144366105
42064;-102.487633080156;(((pow3(_a5_) + ((x + (_a2_ * _a7_)) * x)) * _a7_) * x);{'d0': {'_a2_': 0.18475084206342776, '_a5_': 0.8070684920651188, '_a7_': 3.376760877833708, '_a0_': 1.0, '_a1_': 1.0, '_a3_': 1.0, '_a4_': 1.0, '_a6_': 1.0}};{'d0': 0.024905832919416657};-280.569866449044;37.797300144366105
42065;-102.487633080156;(((pow3(_a5_) + ((x + (_a2_ * _a7_)) * x)) * _a7_) * x);{'d0': {'_a2_': 0.18475084206342776, '_a5_': 0.8070684920651188, '_a7_': 3.376760877833708, '_a0_': 1.0, '_a1_': 1.0, '_a3_': 1.0, '_a4_': 1.0, '_a6_': 1.0}};{'d0': 0.024905832919416657};-280.569866449044;37.797300144366105
42066;-102.487633080156;(((pow3(_a5_) + ((x + (_a2_ * _a7_)) * x)) * _a7_) * x);{'d0': {'_a2_': 0.18475084206342776, '_a5_': 0.8070684920651188, '_a7_': 3.376760877833708, '_a0_': 1.0, '_a1_': 1.0, '_a3_': 1.0, '_a4_': 1.0, '_a6_': 1.0}};{'d0': 0.024905832919416657};-280.569866449044;37.797300144366105
42067;-102.487633080156;(((pow3(_a5_) + ((x + (_a2_ * _a7_)) * x)) * _a7_) * x);{'d0': {'_a2_': 0.18475084206342776, '_a5_': 0.8070684920651188, '_a7_': 3.376760877833708, '_a0_': 1.0, '_a1_': 1.0, '_a3_': 1.0, '_a4_': 1.0, '_a6_': 1.0}};{'d0': 0.024905832919416657};-280.569866449044;37.797300144366105
42068;-102.487633080156;(((pow3(_a5_) + ((x + (_a2_ * _a7_)) * x)) * _a7_) * x);{'d0': {'_a2_': 0.18475084206342776, '_a5_': 0.8070684920651188, '_a7_': 3.376760877833708, '_a0_': 1.0, '_a1_': 1.0, '_a3_': 1.0, '_a4_': 1.0, '_a6_': 1.0}};{'d0': 0.024905832919416657};-280.569866449044;37.797300144366105
42069;-102.487633080156;(((pow3(_a5_) + ((x + (_a2_ * _a7_)) * x)) * _a7_) * x);{'d0': {'_a2_': 0.18475084206342776, '_a5_': 0.8070684920651188, '_a7_': 3.376760877833708, '_a0_': 1.0, '_a1_': 1.0, '_a3_': 1.0, '_a4_': 1.0, '_a6_': 1.0}};{'d0': 0.024905832919416657};-280.569866449044;37.797300144366105
42070;-102.487633080156;(((pow3(_a5_) + ((x + (_a2_ * _a7_)) * x)) * _a7_) * x);{'d0': {'_a2_': 0.18475084206342776, '_a5_': 0.8070684920651188, '_a7_': 3.376760877833708, '_a0_': 1.0, '_a1_': 1.0, '_a3_': 1.0, '_a4_': 1.0, '_a6_': 1.0}};{'d0': 0.024905832919416657};-280.569866449044;37.797300144366105
42071;-102.487633080156;(((pow3(_a5_) + ((x + (_a2_ * _a7_)) * x)) * _a7_) * x);{'d0': {'_a2_': 0.18475084206342776, '_a5_': 0.8070684920651188, '_a7_': 3.376760877833708, '_a0_': 1.0, '_a1_': 1.0, '_a3_': 1.0, '_a4_': 1.0, '_a6_': 1.0}};{'d0': 0.024905832919416657};-280.569866449044;37.797300144366105
42072;-102.487633080156;(((pow3(_a5_) + ((x + (_a2_ * _a7_)) * x)) * _a7_) * x);{'d0': {'_a2_': 0.18475084206342776, '_a5_': 0.8070684920651188, '_a7_': 3.376760877833708, '_a0_': 1.0, '_a1_': 1.0, '_a3_': 1.0, '_a4_': 1.0, '_a6_': 1.0}};{'d0': 0.024905832919416657};-280.569866449044;37.797300144366105
42073;-102.487633080156;(((pow3(_a5_) + ((x + (_a2_ * _a7_)) * x)) * _a7_) * x);{'d0': {'_a2_': 0.18475084206342776, '_a5_': 0.8070684920651188, '_a7_': 3.376760877833708, '_a0_': 1.0, '_a1_': 1.0, '_a3_': 1.0, '_a4_': 1.0, '_a6_': 1.0}};{'d0': 0.024905832919416657};-280.569866449044;37.797300144366105
42074;-102.487633080156;(((pow3(_a5_) + ((x + (_a2_ * _a7_)) * x)) * _a7_) * x);{'d0': {'_a2_': 0.18475084206342776, '_a5_': 0.8070684920651188, '_a7_': 3.376760877833708, '_a0_': 1.0, '_a1_': 1.0, '_a3_': 1.0, '_a4_': 1.0, '_a6_': 1.0}};{'d0': 0.024905832919416657};-280.569866449044;37.797300144366105
42075;-102.487633080156;(((pow3(_a5_) + ((x + (_a2_ * _a7_)) * x)) * _a7_) * x);{'d0': {'_a2_': 0.18475084206342776, '_a5_': 0.8070684920651188, '_a7_': 3.376760877833708, '_a0_': 1.0, '_a1_': 1.0, '_a3_': 1.0, '_a4_': 1.0, '_a6_': 1.0}};{'d0': 0.024905832919416657};-280.569866449044;37.797300144366105
42076;-102.487633080156;(((pow3(_a5_) + ((x + (_a2_ * _a7_)) * x)) * _a7_) * x);{'d0': {'_a2_': 0.18475084206342776, '_a5_': 0.8070684920651188, '_a7_': 3.376760877833708, '_a0_': 1.0, '_a1_': 1.0, '_a3_': 1.0, '_a4_': 1.0, '_a6_': 1.0}};{'d0': 0.024905832919416657};-280.569866449044;37.797300144366105
42077;-102.487633080156;(((pow3(_a5_) + ((x + (_a2_ * _a7_)) * x)) * _a7_) * x);{'d0': {'_a2_': 0.18475084206342776, '_a5_': 0.8070684920651188, '_a7_': 3.376760877833708, '_a0_': 1.0, '_a1_': 1.0, '_a3_': 1.0, '_a4_': 1.0, '_a6_': 1.0}};{'d0': 0.024905832919416657};-280.569866449044;37.797300144366105
42078;-102.487633080156;(((pow3(_a5_) + ((x + (_a2_ * _a7_)) * x)) * _a7_) * x);{'d0': {'_a2_': 0.18475084206342776, '_a5_': 0.8070684920651188, '_a7_': 3.376760877833708, '_a0_': 1.0, '_a1_': 1.0, '_a3_': 1.0, '_a4_': 1.0, '_a6_': 1.0}};{'d0': 0.024905832919416657};-280.569866449044;37.797300144366105
42079;-102.487633080156;(((pow3(_a5_) + ((x + (_a2_ * _a7_)) * x)) * _a7_) * x);{'d0': {'_a2_': 0.18475084206342776, '_a5_': 0.8070684920651188, '_a7_': 3.376760877833708, '_a0_': 1.0, '_a1_': 1.0, '_a3_': 1.0, '_a4_': 1.0, '_a6_': 1.0}};{'d0': 0.024905832919416657};-280.569866449044;37.797300144366105
42080;-102.487633080156;(((pow3(_a5_) + ((x + (_a2_ * _a7_)) * x)) * _a7_) * x);{'d0': {'_a2_': 0.18475084206342776, '_a5_': 0.8070684920651188, '_a7_': 3.376760877833708, '_a0_': 1.0, '_a1_': 1.0, '_a3_': 1.0, '_a4_': 1.0, '_a6_': 1.0}};{'d0': 0.024905832919416657};-280.569866449044;37.797300144366105
42081;-103.757025845352;(((pow3(_a5_) + ((x + -(_a2_)) * x)) * _a7_) * x);{'d0': {'_a2_': -0.6238594155561145, '_a5_': 0.8070684920390829, '_a7_': 3.376760877857062, '_a0_': 1.0, '_a1_': 1.0, '_a3_': 1.0, '_a4_': 1.0, '_a6_': 1.0}};{'d0': 0.02490583291941665};-280.569866449044;36.52790737916949
42082;-103.757025845352;(((pow3(_a5_) + ((x + -(_a2_)) * x)) * _a7_) * x);{'d0': {'_a2_': -0.6238594155561145, '_a5_': 0.8070684920390829, '_a7_': 3.376760877857062, '_a0_': 1.0, '_a1_': 1.0, '_a3_': 1.0, '_a4_': 1.0, '_a6_': 1.0}};{'d0': 0.02490583291941665};-280.569866449044;36.52790737916949
42083;-103.757025845352;(((pow3(_a5_) + ((x + -(_a2_)) * x)) * _a7_) * x);{'d0': {'_a2_': -0.6238594155561145, '_a5_': 0.8070684920390829, '_a7_': 3.376760877857062, '_a0_': 1.0, '_a1_': 1.0, '_a3_': 1.0, '_a4_': 1.0, '_a6_': 1.0}};{'d0': 0.02490583291941665};-280.569866449044;36.52790737916949
42084;-103.757025845352;(((pow3(_a5_) + ((x + -(_a2_)) * x)) * _a7_) * x);{'d0': {'_a2_': -0.6238594155561145, '_a5_': 0.8070684920390829, '_a7_': 3.376760877857062, '_a0_': 1.0, '_a1_': 1.0, '_a3_': 1.0, '_a4_': 1.0, '_a6_': 1.0}};{'d0': 0.02490583291941665};-280.569866449044;36.52790737916949
42085;-103.757025845352;(((pow3(_a5_) + ((x + -(_a2_)) * x)) * _a7_) * x);{'d0': {'_a2_': -0.6238594155561145, '_a5_': 0.8070684920390829, '_a7_': 3.376760877857062, '_a0_': 1.0, '_a1_': 1.0, '_a3_': 1.0, '_a4_': 1.0, '_a6_': 1.0}};{'d0': 0.02490583291941665};-280.569866449044;36.52790737916949
42086;-103.757025845352;(((pow3(_a5_) + ((x + -(_a2_)) * x)) * _a7_) * x);{'d0': {'_a2_': -0.6238594155561145, '_a5_': 0.8070684920390829, '_a7_': 3.376760877857062, '_a0_': 1.0, '_a1_': 1.0, '_a3_': 1.0, '_a4_': 1.0, '_a6_': 1.0}};{'d0': 0.02490583291941665};-280.569866449044;36.52790737916949
42087;-103.757025845352;(((pow3(_a5_) + ((x + -(_a2_)) * x)) * _a7_) * x);{'d0': {'_a2_': -0.6238594155561145, '_a5_': 0.8070684920390829, '_a7_': 3.376760877857062, '_a0_': 1.0, '_a1_': 1.0, '_a3_': 1.0, '_a4_': 1.0, '_a6_': 1.0}};{'d0': 0.02490583291941665};-280.569866449044;36.52790737916949
42088;-103.757025845352;(((pow3(_a5_) + ((x + -(_a2_)) * x)) * _a7_) * x);{'d0': {'_a2_': -0.6238594155561145, '_a5_': 0.8070684920390829, '_a7_': 3.376760877857062, '_a0_': 1.0, '_a1_': 1.0, '_a3_': 1.0, '_a4_': 1.0, '_a6_': 1.0}};{'d0': 0.02490583291941665};-280.569866449044;36.52790737916949
42089;-103.757025845352;(((pow3(_a5_) + ((x + -(_a2_)) * x)) * _a7_) * x);{'d0': {'_a2_': -0.6238594155561145, '_a5_': 0.8070684920390829, '_a7_': 3.376760877857062, '_a0_': 1.0, '_a1_': 1.0, '_a3_': 1.0, '_a4_': 1.0, '_a6_': 1.0}};{'d0': 0.02490583291941665};-280.569866449044;36.52790737916949
42090;-103.757025845352;(((pow3(_a5_) + ((x + -(_a2_)) * x)) * _a7_) * x);{'d0': {'_a2_': -0.6238594155561145, '_a5_': 0.8070684920390829, '_a7_': 3.376760877857062, '_a0_': 1.0, '_a1_': 1.0, '_a3_': 1.0, '_a4_': 1.0, '_a6_': 1.0}};{'d0': 0.02490583291941665};-280.569866449044;36.52790737916949
42091;-103.757025845352;(((pow3(_a5_) + ((x + -(_a2_)) * x)) * _a7_) * x);{'d0': {'_a2_': -0.6238594155561145, '_a5_': 0.8070684920390829, '_a7_': 3.376760877857062, '_a0_': 1.0, '_a1_': 1.0, '_a3_': 1.0, '_a4_': 1.0, '_a6_': 1.0}};{'d0': 0.02490583291941665};-280.569866449044;36.52790737916949
42092;-103.686359561662;((((_a3_ ** _a7_) + ((x + -(_a2_)) * x)) * _a7_) * x);{'d0': {'_a2_': -0.6238594156271773, '_a3_': 0.8266027241241757, '_a7_': 3.3767608769307413, '_a0_': 1.0, '_a1_': 1.0, '_a4_': 1.0, '_a5_': 1.0, '_a6_': 1.0}};{'d0': 0.02490583291941663};-280.569866449044;36.59857366285949
42093;-103.686359561662;((((_a3_ ** _a7_) + ((x + -(_a2_)) * x)) * _a7_) * x);{'d0': {'_a2_': -0.6238594156271773, '_a3_': 0.8266027241241757, '_a7_': 3.3767608769307413, '_a0_': 1.0, '_a1_': 1.0, '_a4_': 1.0, '_a5_': 1.0, '_a6_': 1.0}};{'d0': 0.02490583291941663};-280.569866449044;36.59857366285949
42094;-103.686359561662;((((_a3_ ** _a7_) + ((x + -(_a2_)) * x)) * _a7_) * x);{'d0': {'_a2_': -0.6238594156271773, '_a3_': 0.8266027241241757, '_a7_': 3.3767608769307413, '_a0_': 1.0, '_a1_': 1.0, '_a4_': 1.0, '_a5_': 1.0, '_a6_': 1.0}};{'d0': 0.02490583291941663};-280.569866449044;36.59857366285949
42095;-101.286896929353;((((_a3_ ** _a7_) + ((x + cos(_a2_)) * x)) * _a7_) * x);{'d0': {'_a2_': -0.897125058177885, '_a3_': 0.8266027240596691, '_a7_': 3.37676087761553, '_a0_': 1.0, '_a1_': 1.0, '_a4_': 1.0, '_a5_': 1.0, '_a6_': 1.0}};{'d0': 0.024905832919416705};-280.569866449043;38.9980362951691
42096;-101.286896929353;((((_a3_ ** _a7_) + ((x + cos(_a2_)) * x)) * _a7_) * x);{'d0': {'_a2_': -0.897125058177885, '_a3_': 0.8266027240596691, '_a7_': 3.37676087761553, '_a0_': 1.0, '_a1_': 1.0, '_a4_': 1.0, '_a5_': 1.0, '_a6_': 1.0}};{'d0': 0.024905832919416705};-280.569866449043;38.9980362951691
42097;-101.286896929353;((((_a3_ ** _a7_) + ((x + cos(_a2_)) * x)) * _a7_) * x);{'d0': {'_a2_': -0.897125058177885, '_a3_': 0.8266027240596691, '_a7_': 3.37676087761553, '_a0_': 1.0, '_a1_': 1.0, '_a4_': 1.0, '_a5_': 1.0, '_a6_': 1.0}};{'d0': 0.024905832919416705};-280.569866449043;38.9980362951691
42098;-101.286896929353;((((_a3_ ** _a7_) + ((x + cos(_a2_)) * x)) * _a7_) * x);{'d0': {'_a2_': -0.897125058177885, '_a3_': 0.8266027240596691, '_a7_': 3.37676087761553, '_a0_': 1.0, '_a1_': 1.0, '_a4_': 1.0, '_a5_': 1.0, '_a6_': 1.0}};{'d0': 0.024905832919416705};-280.569866449043;38.9980362951691
42099;-101.286896929353;((((_a3_ ** _a7_) + ((x + cos(_a2_)) * x)) * _a7_) * x);{'d0': {'_a2_': -0.897125058177885, '_a3_': 0.8266027240596691, '_a7_': 3.37676087761553, '_a0_': 1.0, '_a1_': 1.0, '_a4_': 1.0, '_a5_': 1.0, '_a6_': 1.0}};{'d0': 0.024905832919416705};-280.569866449043;38.9980362951691
42100;-101.286896929353;((((_a3_ ** _a7_) + ((x + cos(_a2_)) * x)) * _a7_) * x);{'d0': {'_a2_': -0.897125058177885, '_a3_': 0.8266027240596691, '_a7_': 3.37676087761553, '_a0_': 1.0, '_a1_': 1.0, '_a4_': 1.0, '_a5_': 1.0, '_a6_': 1.0}};{'d0': 0.024905832919416705};-280.569866449043;38.9980362951691
42101;-101.286896929353;((((_a3_ ** _a7_) + ((x + cos(_a2_)) * x)) * _a7_) * x);{'d0': {'_a2_': -0.897125058177885, '_a3_': 0.8266027240596691, '_a7_': 3.37676087761553, '_a0_': 1.0, '_a1_': 1.0, '_a4_': 1.0, '_a5_': 1.0, '_a6_': 1.0}};{'d0': 0.024905832919416705};-280.569866449043;38.9980362951691
42102;-101.286896929353;((((_a3_ ** _a7_) + ((x + cos(_a2_)) * x)) * _a7_) * x);{'d0': {'_a2_': -0.897125058177885, '_a3_': 0.8266027240596691, '_a7_': 3.37676087761553, '_a0_': 1.0, '_a1_': 1.0, '_a4_': 1.0, '_a5_': 1.0, '_a6_': 1.0}};{'d0': 0.024905832919416705};-280.569866449043;38.9980362951691
42103;-101.286896929353;((((_a3_ ** _a7_) + ((x + cos(_a2_)) * x)) * _a7_) * x);{'d0': {'_a2_': -0.897125058177885, '_a3_': 0.8266027240596691, '_a7_': 3.37676087761553, '_a0_': 1.0, '_a1_': 1.0, '_a4_': 1.0, '_a5_': 1.0, '_a6_': 1.0}};{'d0': 0.024905832919416705};-280.569866449043;38.9980362951691
42104;-101.286896929353;((((_a3_ ** _a7_) + ((x + cos(_a2_)) * x)) * _a7_) * x);{'d0': {'_a2_': -0.897125058177885, '_a3_': 0.8266027240596691, '_a7_': 3.37676087761553, '_a0_': 1.0, '_a1_': 1.0, '_a4_': 1.0, '_a5_': 1.0, '_a6_': 1.0}};{'d0': 0.024905832919416705};-280.569866449043;38.9980362951691
42105;-101.286896929353;((((_a3_ ** _a7_) + ((x + cos(_a2_)) * x)) * _a7_) * x);{'d0': {'_a2_': -0.897125058177885, '_a3_': 0.8266027240596691, '_a7_': 3.37676087761553, '_a0_': 1.0, '_a1_': 1.0, '_a4_': 1.0, '_a5_': 1.0, '_a6_': 1.0}};{'d0': 0.024905832919416705};-280.569866449043;38.9980362951691
42106;-101.286896929353;((((_a3_ ** _a7_) + ((x + cos(_a2_)) * x)) * _a7_) * x);{'d0': {'_a2_': -0.897125058177885, '_a3_': 0.8266027240596691, '_a7_': 3.37676087761553, '_a0_': 1.0, '_a1_': 1.0, '_a4_': 1.0, '_a5_': 1.0, '_a6_': 1.0}};{'d0': 0.024905832919416705};-280.569866449043;38.9980362951691
42107;-101.286896929353;((((_a3_ ** _a7_) + ((x + cos(_a2_)) * x)) * _a7_) * x);{'d0': {'_a2_': -0.897125058177885, '_a3_': 0.8266027240596691, '_a7_': 3.37676087761553, '_a0_': 1.0, '_a1_': 1.0, '_a4_': 1.0, '_a5_': 1.0, '_a6_': 1.0}};{'d0': 0.024905832919416705};-280.569866449043;38.9980362951691
42108;-101.286896929353;((((_a3_ ** _a7_) + ((x + cos(_a2_)) * x)) * _a7_) * x);{'d0': {'_a2_': -0.897125058177885, '_a3_': 0.8266027240596691, '_a7_': 3.37676087761553, '_a0_': 1.0, '_a1_': 1.0, '_a4_': 1.0, '_a5_': 1.0, '_a6_': 1.0}};{'d0': 0.024905832919416705};-280.569866449043;38.9980362951691
42109;-101.286896929353;((((_a3_ ** _a7_) + ((x + cos(_a2_)) * x)) * _a7_) * x);{'d0': {'_a2_': -0.897125058177885, '_a3_': 0.8266027240596691, '_a7_': 3.37676087761553, '_a0_': 1.0, '_a1_': 1.0, '_a4_': 1.0, '_a5_': 1.0, '_a6_': 1.0}};{'d0': 0.024905832919416705};-280.569866449043;38.9980362951691
42110;-101.286896929353;((((_a3_ ** _a7_) + ((x + cos(_a2_)) * x)) * _a7_) * x);{'d0': {'_a2_': -0.897125058177885, '_a3_': 0.8266027240596691, '_a7_': 3.37676087761553, '_a0_': 1.0, '_a1_': 1.0, '_a4_': 1.0, '_a5_': 1.0, '_a6_': 1.0}};{'d0': 0.024905832919416705};-280.569866449043;38.9980362951691
42111;-104.270498115192;(((-(_a1_) + ((x + cos(_a2_)) * x)) * _a7_) * x);{'d0': {'_a1_': -0.5256917702644462, '_a2_': -0.8971250580781104, '_a7_': 3.3767608791850985, '_a0_': 1.0, '_a3_': 1.0, '_a4_': 1.0, '_a5_': 1.0, '_a6_': 1.0}};{'d0': 0.02490583291941657};-280.569866449044;36.01443510932949
42112;-66.8098673148753;((_a3_ + (-(((_a4_ * x) + _a6_)) / (((_a6_ + _a7_) ** x) / (_a3_ * ((_a4_ * pow2(_a5_)) ** _a7_))))) * x);{'d0': {'_a3_': 11826.54223786423, '_a4_': 5.137328222641738e-06, '_a5_': -27149.318652787755, '_a6_': 0.00021676135306278874, '_a7_': 1.0239494986712243, '_a0_': 1.0, '_a1_': 1.0, '_a2_': 1.0}};{'d0': 0.024833883902860933};-272.554758690962;69.46751203060589
42113;-66.8098673148753;((_a3_ + (-(((_a4_ * x) + _a6_)) / (((_a6_ + _a7_) ** x) / (_a3_ * ((_a4_ * pow2(_a5_)) ** _a7_))))) * x);{'d0': {'_a3_': 11826.54223786423, '_a4_': 5.137328222641738e-06, '_a5_': -27149.318652787755, '_a6_': 0.00021676135306278874, '_a7_': 1.0239494986712243, '_a0_': 1.0, '_a1_': 1.0, '_a2_': 1.0}};{'d0': 0.024833883902860933};-272.554758690962;69.46751203060589
42114;-61.7900515440205;(((_a3_ + (-(((_a4_ * x) + _a6_)) / (((_a6_ + _a7_) ** x) / (_a3_ * ((_a4_ * pow2(_a5_)) ** _a7_))))) * x) * _a3_);{'d0': {'_a3_': 119.49915723455979, '_a4_': 4.525931861797623e-06, '_a5_': -29659.634046966887, '_a6_': 0.00020968527506422363, '_a7_': 1.0217603778481117, '_a0_': 1.0, '_a1_': 1.0, '_a2_': 1.0}};{'d0': 0.02483232650218135};-272.558521572811;74.48920924238489
42115;-61.7900515440205;(((_a3_ + (-(((_a4_ * x) + _a6_)) / (((_a6_ + _a7_) ** x) / (_a3_ * ((_a4_ * pow2(_a5_)) ** _a7_))))) * x) * _a3_);{'d0': {'_a3_': 119.49915723455979, '_a4_': 4.525931861797623e-06, '_a5_': -29659.634046966887, '_a6_': 0.00020968527506422363, '_a7_': 1.0217603778481117, '_a0_': 1.0, '_a1_': 1.0, '_a2_': 1.0}};{'d0': 0.02483232650218135};-272.558521572811;74.48920924238489
42116;-61.7900515440205;(((_a3_ + (-(((_a4_ * x) + _a6_)) / (((_a6_ + _a7_) ** x) / (_a3_ * ((_a4_ * pow2(_a5_)) ** _a7_))))) * x) * _a3_);{'d0': {'_a3_': 119.49915723455979, '_a4_': 4.525931861797623e-06, '_a5_': -29659.634046966887, '_a6_': 0.00020968527506422363, '_a7_': 1.0217603778481117, '_a0_': 1.0, '_a1_': 1.0, '_a2_': 1.0}};{'d0': 0.02483232650218135};-272.558521572811;74.48920924238489
42117;-61.7900515440205;(((_a3_ + (-(((_a4_ * x) + _a6_)) / (((_a6_ + _a7_) ** x) / (_a3_ * ((_a4_ * pow2(_a5_)) ** _a7_))))) * x) * _a3_);{'d0': {'_a3_': 119.49915723455979, '_a4_': 4.525931861797623e-06, '_a5_': -29659.634046966887, '_a6_': 0.00020968527506422363, '_a7_': 1.0217603778481117, '_a0_': 1.0, '_a1_': 1.0, '_a2_': 1.0}};{'d0': 0.02483232650218135};-272.558521572811;74.48920924238489
42118;-61.7900515440205;(((_a3_ + (-(((_a4_ * x) + _a6_)) / (((_a6_ + _a7_) ** x) / (_a3_ * ((_a4_ * pow2(_a5_)) ** _a7_))))) * x) * _a3_);{'d0': {'_a3_': 119.49915723455979, '_a4_': 4.525931861797623e-06, '_a5_': -29659.634046966887, '_a6_': 0.00020968527506422363, '_a7_': 1.0217603778481117, '_a0_': 1.0, '_a1_': 1.0, '_a2_': 1.0}};{'d0': 0.02483232650218135};-272.558521572811;74.48920924238489
42119;-61.7900515440205;(((_a3_ + (-(((_a4_ * x) + _a6_)) / (((_a6_ + _a7_) ** x) / (_a3_ * ((_a4_ * pow2(_a5_)) ** _a7_))))) * x) * _a3_);{'d0': {'_a3_': 119.49915723455979, '_a4_': 4.525931861797623e-06, '_a5_': -29659.634046966887, '_a6_': 0.00020968527506422363, '_a7_': 1.0217603778481117, '_a0_': 1.0, '_a1_': 1.0, '_a2_': 1.0}};{'d0': 0.02483232650218135};-272.558521572811;74.48920924238489
42120;-61.7900515440205;(((_a3_ + (-(((_a4_ * x) + _a6_)) / (((_a6_ + _a7_) ** x) / (_a3_ * ((_a4_ * pow2(_a5_)) ** _a7_))))) * x) * _a3_);{'d0': {'_a3_': 119.49915723455979, '_a4_': 4.525931861797623e-06, '_a5_': -29659.634046966887, '_a6_': 0.00020968527506422363, '_a7_': 1.0217603778481117, '_a0_': 1.0, '_a1_': 1.0, '_a2_': 1.0}};{'d0': 0.02483232650218135};-272.558521572811;74.48920924238489
42121;-61.7900515440205;(((_a3_ + (-(((_a4_ * x) + _a6_)) / (((_a6_ + _a7_) ** x) / (_a3_ * ((_a4_ * pow2(_a5_)) ** _a7_))))) * x) * _a3_);{'d0': {'_a3_': 119.49915723455979, '_a4_': 4.525931861797623e-06, '_a5_': -29659.634046966887, '_a6_': 0.00020968527506422363, '_a7_': 1.0217603778481117, '_a0_': 1.0, '_a1_': 1.0, '_a2_': 1.0}};{'d0': 0.02483232650218135};-272.558521572811;74.48920924238489
42122;-61.7900515440205;(((_a3_ + (-(((_a4_ * x) + _a6_)) / (((_a6_ + _a7_) ** x) / (_a3_ * ((_a4_ * pow2(_a5_)) ** _a7_))))) * x) * _a3_);{'d0': {'_a3_': 119.49915723455979, '_a4_': 4.525931861797623e-06, '_a5_': -29659.634046966887, '_a6_': 0.00020968527506422363, '_a7_': 1.0217603778481117, '_a0_': 1.0, '_a1_': 1.0, '_a2_': 1.0}};{'d0': 0.02483232650218135};-272.558521572811;74.48920924238489
42123;-61.7900515440205;(((_a3_ + (-(((_a4_ * x) + _a6_)) / (((_a6_ + _a7_) ** x) / (_a3_ * ((_a4_ * pow2(_a5_)) ** _a7_))))) * x) * _a3_);{'d0': {'_a3_': 119.49915723455979, '_a4_': 4.525931861797623e-06, '_a5_': -29659.634046966887, '_a6_': 0.00020968527506422363, '_a7_': 1.0217603778481117, '_a0_': 1.0, '_a1_': 1.0, '_a2_': 1.0}};{'d0': 0.02483232650218135};-272.558521572811;74.48920924238489
42124;-61.7900515440205;(((_a3_ + (-(((_a4_ * x) + _a6_)) / (((_a6_ + _a7_) ** x) / (_a3_ * ((_a4_ * pow2(_a5_)) ** _a7_))))) * x) * _a3_);{'d0': {'_a3_': 119.49915723455979, '_a4_': 4.525931861797623e-06, '_a5_': -29659.634046966887, '_a6_': 0.00020968527506422363, '_a7_': 1.0217603778481117, '_a0_': 1.0, '_a1_': 1.0, '_a2_': 1.0}};{'d0': 0.02483232650218135};-272.558521572811;74.48920924238489
42125;-61.7900515440205;(((_a3_ + (-(((_a4_ * x) + _a6_)) / (((_a6_ + _a7_) ** x) / (_a3_ * ((_a4_ * pow2(_a5_)) ** _a7_))))) * x) * _a3_);{'d0': {'_a3_': 119.49915723455979, '_a4_': 4.525931861797623e-06, '_a5_': -29659.634046966887, '_a6_': 0.00020968527506422363, '_a7_': 1.0217603778481117, '_a0_': 1.0, '_a1_': 1.0, '_a2_': 1.0}};{'d0': 0.02483232650218135};-272.558521572811;74.48920924238489
42126;-104.270498115192;(((-(_a1_) + ((x + cos(_a2_)) * x)) * _a7_) * x);{'d0': {'_a1_': -0.5256917702644462, '_a2_': -0.8971250580781104, '_a7_': 3.3767608791850985, '_a0_': 1.0, '_a3_': 1.0, '_a4_': 1.0, '_a5_': 1.0, '_a6_': 1.0}};{'d0': 0.02490583291941657};-280.569866449044;36.01443510932949
42127;-104.270498115192;(((-(_a1_) + ((x + cos(_a2_)) * x)) * _a7_) * x);{'d0': {'_a1_': -0.5256917702644462, '_a2_': -0.8971250580781104, '_a7_': 3.3767608791850985, '_a0_': 1.0, '_a3_': 1.0, '_a4_': 1.0, '_a5_': 1.0, '_a6_': 1.0}};{'d0': 0.02490583291941657};-280.569866449044;36.01443510932949
42128;-104.270498115192;(((-(_a1_) + ((x + cos(_a2_)) * x)) * _a7_) * x);{'d0': {'_a1_': -0.5256917702644462, '_a2_': -0.8971250580781104, '_a7_': 3.3767608791850985, '_a0_': 1.0, '_a3_': 1.0, '_a4_': 1.0, '_a5_': 1.0, '_a6_': 1.0}};{'d0': 0.02490583291941657};-280.569866449044;36.01443510932949
42129;-61.7900515440205;(((_a3_ + (-(((_a4_ * x) + _a6_)) / (((_a6_ + _a7_) ** x) / (_a3_ * ((_a4_ * pow2(_a5_)) ** _a7_))))) * x) * _a3_);{'d0': {'_a3_': 119.49915723455979, '_a4_': 4.525931861797623e-06, '_a5_': -29659.634046966887, '_a6_': 0.00020968527506422363, '_a7_': 1.0217603778481117, '_a0_': 1.0, '_a1_': 1.0, '_a2_': 1.0}};{'d0': 0.02483232650218135};-272.558521572811;74.48920924238489
42130;-61.7900515440205;(((_a3_ + (-(((_a4_ * x) + _a6_)) / (((_a6_ + _a7_) ** x) / (_a3_ * ((_a4_ * pow2(_a5_)) ** _a7_))))) * x) * _a3_);{'d0': {'_a3_': 119.49915723455979, '_a4_': 4.525931861797623e-06, '_a5_': -29659.634046966887, '_a6_': 0.00020968527506422363, '_a7_': 1.0217603778481117, '_a0_': 1.0, '_a1_': 1.0, '_a2_': 1.0}};{'d0': 0.02483232650218135};-272.558521572811;74.48920924238489
42131;-61.7900515440205;(((_a3_ + (-(((_a4_ * x) + _a6_)) / (((_a6_ + _a7_) ** x) / (_a3_ * ((_a4_ * pow2(_a5_)) ** _a7_))))) * x) * _a3_);{'d0': {'_a3_': 119.49915723455979, '_a4_': 4.525931861797623e-06, '_a5_': -29659.634046966887, '_a6_': 0.00020968527506422363, '_a7_': 1.0217603778481117, '_a0_': 1.0, '_a1_': 1.0, '_a2_': 1.0}};{'d0': 0.02483232650218135};-272.558521572811;74.48920924238489
42132;-61.7900515440205;(((_a3_ + (-(((_a4_ * x) + _a6_)) / (((_a6_ + _a7_) ** x) / (_a3_ * ((_a4_ * pow2(_a5_)) ** _a7_))))) * x) * _a3_);{'d0': {'_a3_': 119.49915723455979, '_a4_': 4.525931861797623e-06, '_a5_': -29659.634046966887, '_a6_': 0.00020968527506422363, '_a7_': 1.0217603778481117, '_a0_': 1.0, '_a1_': 1.0, '_a2_': 1.0}};{'d0': 0.02483232650218135};-272.558521572811;74.48920924238489
42133;-61.7900515440205;(((_a3_ + (-(((_a4_ * x) + _a6_)) / (((_a6_ + _a7_) ** x) / (_a3_ * ((_a4_ * pow2(_a5_)) ** _a7_))))) * x) * _a3_);{'d0': {'_a3_': 119.49915723455979, '_a4_': 4.525931861797623e-06, '_a5_': -29659.634046966887, '_a6_': 0.00020968527506422363, '_a7_': 1.0217603778481117, '_a0_': 1.0, '_a1_': 1.0, '_a2_': 1.0}};{'d0': 0.02483232650218135};-272.558521572811;74.48920924238489
42134;-61.7900515440205;(((_a3_ + (-(((_a4_ * x) + _a6_)) / (((_a6_ + _a7_) ** x) / (_a3_ * ((_a4_ * pow2(_a5_)) ** _a7_))))) * x) * _a3_);{'d0': {'_a3_': 119.49915723455979, '_a4_': 4.525931861797623e-06, '_a5_': -29659.634046966887, '_a6_': 0.00020968527506422363, '_a7_': 1.0217603778481117, '_a0_': 1.0, '_a1_': 1.0, '_a2_': 1.0}};{'d0': 0.02483232650218135};-272.558521572811;74.48920924238489
42135;-61.7900515440205;(((_a3_ + (-(((_a4_ * x) + _a6_)) / (((_a6_ + _a7_) ** x) / (_a3_ * ((_a4_ * pow2(_a5_)) ** _a7_))))) * x) * _a3_);{'d0': {'_a3_': 119.49915723455979, '_a4_': 4.525931861797623e-06, '_a5_': -29659.634046966887, '_a6_': 0.00020968527506422363, '_a7_': 1.0217603778481117, '_a0_': 1.0, '_a1_': 1.0, '_a2_': 1.0}};{'d0': 0.02483232650218135};-272.558521572811;74.48920924238489
42136;-61.7900515440205;(((_a3_ + (-(((_a4_ * x) + _a6_)) / (((_a6_ + _a7_) ** x) / (_a3_ * ((_a4_ * pow2(_a5_)) ** _a7_))))) * x) * _a3_);{'d0': {'_a3_': 119.49915723455979, '_a4_': 4.525931861797623e-06, '_a5_': -29659.634046966887, '_a6_': 0.00020968527506422363, '_a7_': 1.0217603778481117, '_a0_': 1.0, '_a1_': 1.0, '_a2_': 1.0}};{'d0': 0.02483232650218135};-272.558521572811;74.48920924238489
42137;-61.7900515440205;(((_a3_ + (-(((_a4_ * x) + _a6_)) / (((_a6_ + _a7_) ** x) / (_a3_ * ((_a4_ * pow2(_a5_)) ** _a7_))))) * x) * _a3_);{'d0': {'_a3_': 119.49915723455979, '_a4_': 4.525931861797623e-06, '_a5_': -29659.634046966887, '_a6_': 0.00020968527506422363, '_a7_': 1.0217603778481117, '_a0_': 1.0, '_a1_': 1.0, '_a2_': 1.0}};{'d0': 0.02483232650218135};-272.558521572811;74.48920924238489
42138;-61.7900515440205;(((_a3_ + (-(((_a4_ * x) + _a6_)) / (((_a6_ + _a7_) ** x) / (_a3_ * ((_a4_ * pow2(_a5_)) ** _a7_))))) * x) * _a3_);{'d0': {'_a3_': 119.49915723455979, '_a4_': 4.525931861797623e-06, '_a5_': -29659.634046966887, '_a6_': 0.00020968527506422363, '_a7_': 1.0217603778481117, '_a0_': 1.0, '_a1_': 1.0, '_a2_': 1.0}};{'d0': 0.02483232650218135};-272.558521572811;74.48920924238489
42139;-61.7900515440205;(((_a3_ + (-(((_a4_ * x) + _a6_)) / (((_a6_ + _a7_) ** x) / (_a3_ * ((_a4_ * pow2(_a5_)) ** _a7_))))) * x) * _a3_);{'d0': {'_a3_': 119.49915723455979, '_a4_': 4.525931861797623e-06, '_a5_': -29659.634046966887, '_a6_': 0.00020968527506422363, '_a7_': 1.0217603778481117, '_a0_': 1.0, '_a1_': 1.0, '_a2_': 1.0}};{'d0': 0.02483232650218135};-272.558521572811;74.48920924238489
42140;-61.7900515440205;(((_a3_ + (-(((_a4_ * x) + _a6_)) / (((_a6_ + _a7_) ** x) / (_a3_ * ((_a4_ * pow2(_a5_)) ** _a7_))))) * x) * _a3_);{'d0': {'_a3_': 119.49915723455979, '_a4_': 4.525931861797623e-06, '_a5_': -29659.634046966887, '_a6_': 0.00020968527506422363, '_a7_': 1.0217603778481117, '_a0_': 1.0, '_a1_': 1.0, '_a2_': 1.0}};{'d0': 0.02483232650218135};-272.558521572811;74.48920924238489
42141;-61.7900515440205;(((_a3_ + (-(((_a4_ * x) + _a6_)) / (((_a6_ + _a7_) ** x) / (_a3_ * ((_a4_ * pow2(_a5_)) ** _a7_))))) * x) * _a3_);{'d0': {'_a3_': 119.49915723455979, '_a4_': 4.525931861797623e-06, '_a5_': -29659.634046966887, '_a6_': 0.00020968527506422363, '_a7_': 1.0217603778481117, '_a0_': 1.0, '_a1_': 1.0, '_a2_': 1.0}};{'d0': 0.02483232650218135};-272.558521572811;74.48920924238489
42142;-61.7900515440205;(((_a3_ + (-(((_a4_ * x) + _a6_)) / (((_a6_ + _a7_) ** x) / (_a3_ * ((_a4_ * pow2(_a5_)) ** _a7_))))) * x) * _a3_);{'d0': {'_a3_': 119.49915723455979, '_a4_': 4.525931861797623e-06, '_a5_': -29659.634046966887, '_a6_': 0.00020968527506422363, '_a7_': 1.0217603778481117, '_a0_': 1.0, '_a1_': 1.0, '_a2_': 1.0}};{'d0': 0.02483232650218135};-272.558521572811;74.48920924238489
42143;-104.270498115192;(((-(_a1_) + ((x + cos(_a2_)) * x)) * _a7_) * x);{'d0': {'_a1_': -0.5256917702644462, '_a2_': -0.8971250580781104, '_a7_': 3.3767608791850985, '_a0_': 1.0, '_a3_': 1.0, '_a4_': 1.0, '_a5_': 1.0, '_a6_': 1.0}};{'d0': 0.02490583291941657};-280.569866449044;36.01443510932949
42144;-104.270498115192;(((-(_a1_) + ((x + cos(_a2_)) * x)) * _a7_) * x);{'d0': {'_a1_': -0.5256917702644462, '_a2_': -0.8971250580781104, '_a7_': 3.3767608791850985, '_a0_': 1.0, '_a3_': 1.0, '_a4_': 1.0, '_a5_': 1.0, '_a6_': 1.0}};{'d0': 0.02490583291941657};-280.569866449044;36.01443510932949
42145;-104.270498115192;(((-(_a1_) + ((x + cos(_a2_)) * x)) * _a7_) * x);{'d0': {'_a1_': -0.5256917702644462, '_a2_': -0.8971250580781104, '_a7_': 3.3767608791850985, '_a0_': 1.0, '_a3_': 1.0, '_a4_': 1.0, '_a5_': 1.0, '_a6_': 1.0}};{'d0': 0.02490583291941657};-280.569866449044;36.01443510932949
42146;-104.270498115192;(((-(_a1_) + ((x + cos(_a2_)) * x)) * _a7_) * x);{'d0': {'_a1_': -0.5256917702644462, '_a2_': -0.8971250580781104, '_a7_': 3.3767608791850985, '_a0_': 1.0, '_a3_': 1.0, '_a4_': 1.0, '_a5_': 1.0, '_a6_': 1.0}};{'d0': 0.02490583291941657};-280.569866449044;36.01443510932949
42147;-104.270498115192;(((-(_a1_) + ((x + cos(_a2_)) * x)) * _a7_) * x);{'d0': {'_a1_': -0.5256917702644462, '_a2_': -0.8971250580781104, '_a7_': 3.3767608791850985, '_a0_': 1.0, '_a3_': 1.0, '_a4_': 1.0, '_a5_': 1.0, '_a6_': 1.0}};{'d0': 0.02490583291941657};-280.569866449044;36.01443510932949
42148;-104.270498115192;(((-(_a1_) + ((x + cos(_a2_)) * x)) * _a7_) * x);{'d0': {'_a1_': -0.5256917702644462, '_a2_': -0.8971250580781104, '_a7_': 3.3767608791850985, '_a0_': 1.0, '_a3_': 1.0, '_a4_': 1.0, '_a5_': 1.0, '_a6_': 1.0}};{'d0': 0.02490583291941657};-280.569866449044;36.01443510932949
42149;-104.270498115192;(((-(_a1_) + ((x + cos(_a2_)) * x)) * _a7_) * x);{'d0': {'_a1_': -0.5256917702644462, '_a2_': -0.8971250580781104, '_a7_': 3.3767608791850985, '_a0_': 1.0, '_a3_': 1.0, '_a4_': 1.0, '_a5_': 1.0, '_a6_': 1.0}};{'d0': 0.02490583291941657};-280.569866449044;36.01443510932949
42150;-104.270498115192;(((-(_a1_) + ((x + cos(_a2_)) * x)) * _a7_) * x);{'d0': {'_a1_': -0.5256917702644462, '_a2_': -0.8971250580781104, '_a7_': 3.3767608791850985, '_a0_': 1.0, '_a3_': 1.0, '_a4_': 1.0, '_a5_': 1.0, '_a6_': 1.0}};{'d0': 0.02490583291941657};-280.569866449044;36.01443510932949
42151;-104.270498115192;(((-(_a1_) + ((x + cos(_a2_)) * x)) * _a7_) * x);{'d0': {'_a1_': -0.5256917702644462, '_a2_': -0.8971250580781104, '_a7_': 3.3767608791850985, '_a0_': 1.0, '_a3_': 1.0, '_a4_': 1.0, '_a5_': 1.0, '_a6_': 1.0}};{'d0': 0.02490583291941657};-280.569866449044;36.01443510932949
42152;-104.270498115192;(((-(_a1_) + ((x + cos(_a2_)) * x)) * _a7_) * x);{'d0': {'_a1_': -0.5256917702644462, '_a2_': -0.8971250580781104, '_a7_': 3.3767608791850985, '_a0_': 1.0, '_a3_': 1.0, '_a4_': 1.0, '_a5_': 1.0, '_a6_': 1.0}};{'d0': 0.02490583291941657};-280.569866449044;36.01443510932949
42153;-104.270498115192;(((-(_a1_) + ((x + cos(_a2_)) * x)) * _a7_) * x);{'d0': {'_a1_': -0.5256917702644462, '_a2_': -0.8971250580781104, '_a7_': 3.3767608791850985, '_a0_': 1.0, '_a3_': 1.0, '_a4_': 1.0, '_a5_': 1.0, '_a6_': 1.0}};{'d0': 0.02490583291941657};-280.569866449044;36.01443510932949
42154;-79.8812145691068;(_a1_ + (x * (_a2_ * ((pow2((_a4_ * ((_a0_ + _a1_) + (_a0_ * x)))) + _a4_) / (_a4_ / _a0_)))));{'d0': {'_a0_': 0.0014890536144167416, '_a1_': -0.0010240585903554457, '_a2_': 970.2835364621421, '_a4_': 1055869.805373549, '_a3_': 1.0, '_a5_': 1.0, '_a6_': 1.0, '_a7_': 1.0}};{'d0': 0.024885482502176898};-276.524567592565;58.3810692271757
42155;-79.8812145691068;(_a1_ + (x * (_a2_ * ((pow2((_a4_ * ((_a0_ + _a1_) + (_a0_ * x)))) + _a4_) / (_a4_ / _a0_)))));{'d0': {'_a0_': 0.0014890536144167416, '_a1_': -0.0010240585903554457, '_a2_': 970.2835364621421, '_a4_': 1055869.805373549, '_a3_': 1.0, '_a5_': 1.0, '_a6_': 1.0, '_a7_': 1.0}};{'d0': 0.024885482502176898};-276.524567592565;58.3810692271757
42156;-79.8812144413091;(_a1_ + (x * (_a2_ * ((pow2((_a4_ * ((_a0_ + _a1_) + (_a0_ * x)))) + _a4_) / (_a4_ / _a1_)))));{'d0': {'_a0_': 0.0014922521494107304, '_a1_': -0.001026257193742726, '_a2_': -1407.8343163052327, '_a4_': 1051354.196321415, '_a3_': 1.0, '_a5_': 1.0, '_a6_': 1.0, '_a7_': 1.0}};{'d0': 0.02488548260818713};-276.524567336970;58.3810692271757
42157;-79.8812144413091;(_a1_ + (x * (_a2_ * ((pow2((_a4_ * ((_a0_ + _a1_) + (_a0_ * x)))) + _a4_) / (_a4_ / _a1_)))));{'d0': {'_a0_': 0.0014922521494107304, '_a1_': -0.001026257193742726, '_a2_': -1407.8343163052327, '_a4_': 1051354.196321415, '_a3_': 1.0, '_a5_': 1.0, '_a6_': 1.0, '_a7_': 1.0}};{'d0': 0.02488548260818713};-276.524567336970;58.3810692271757
42158;-79.8812144413091;(_a1_ + (x * (_a2_ * ((pow2((_a4_ * ((_a0_ + _a1_) + (_a0_ * x)))) + _a4_) / (_a4_ / _a1_)))));{'d0': {'_a0_': 0.0014922521494107304, '_a1_': -0.001026257193742726, '_a2_': -1407.8343163052327, '_a4_': 1051354.196321415, '_a3_': 1.0, '_a5_': 1.0, '_a6_': 1.0, '_a7_': 1.0}};{'d0': 0.02488548260818713};-276.524567336970;58.3810692271757
42159;-79.8812144413091;(_a1_ + (x * (_a2_ * ((pow2((_a4_ * ((_a0_ + _a1_) + (_a0_ * x)))) + _a4_) / (_a4_ / _a1_)))));{'d0': {'_a0_': 0.0014922521494107304, '_a1_': -0.001026257193742726, '_a2_': -1407.8343163052327, '_a4_': 1051354.196321415, '_a3_': 1.0, '_a5_': 1.0, '_a6_': 1.0, '_a7_': 1.0}};{'d0': 0.02488548260818713};-276.524567336970;58.3810692271757
42160;-79.8812144413091;(_a1_ + (x * (_a2_ * ((pow2((_a4_ * ((_a0_ + _a1_) + (_a0_ * x)))) + _a4_) / (_a4_ / _a1_)))));{'d0': {'_a0_': 0.0014922521494107304, '_a1_': -0.001026257193742726, '_a2_': -1407.8343163052327, '_a4_': 1051354.196321415, '_a3_': 1.0, '_a5_': 1.0, '_a6_': 1.0, '_a7_': 1.0}};{'d0': 0.02488548260818713};-276.524567336970;58.3810692271757
42161;-79.8812144413091;(_a1_ + (x * (_a2_ * ((pow2((_a4_ * ((_a0_ + _a1_) + (_a0_ * x)))) + _a4_) / (_a4_ / _a1_)))));{'d0': {'_a0_': 0.0014922521494107304, '_a1_': -0.001026257193742726, '_a2_': -1407.8343163052327, '_a4_': 1051354.196321415, '_a3_': 1.0, '_a5_': 1.0, '_a6_': 1.0, '_a7_': 1.0}};{'d0': 0.02488548260818713};-276.524567336970;58.3810692271757
42162;-79.8812144413091;(_a1_ + (x * (_a2_ * ((pow2((_a4_ * ((_a0_ + _a1_) + (_a0_ * x)))) + _a4_) / (_a4_ / _a1_)))));{'d0': {'_a0_': 0.0014922521494107304, '_a1_': -0.001026257193742726, '_a2_': -1407.8343163052327, '_a4_': 1051354.196321415, '_a3_': 1.0, '_a5_': 1.0, '_a6_': 1.0, '_a7_': 1.0}};{'d0': 0.02488548260818713};-276.524567336970;58.3810692271757
42163;-79.8812144413091;(_a1_ + (x * (_a2_ * ((pow2((_a4_ * ((_a0_ + _a1_) + (_a0_ * x)))) + _a4_) / (_a4_ / _a1_)))));{'d0': {'_a0_': 0.0014922521494107304, '_a1_': -0.001026257193742726, '_a2_': -1407.8343163052327, '_a4_': 1051354.196321415, '_a3_': 1.0, '_a5_': 1.0, '_a6_': 1.0, '_a7_': 1.0}};{'d0': 0.02488548260818713};-276.524567336970;58.3810692271757
42164;-79.8812144413091;(_a1_ + (x * (_a2_ * ((pow2((_a4_ * ((_a0_ + _a1_) + (_a0_ * x)))) + _a4_) / (_a4_ / _a1_)))));{'d0': {'_a0_': 0.0014922521494107304, '_a1_': -0.001026257193742726, '_a2_': -1407.8343163052327, '_a4_': 1051354.196321415, '_a3_': 1.0, '_a5_': 1.0, '_a6_': 1.0, '_a7_': 1.0}};{'d0': 0.02488548260818713};-276.524567336970;58.3810692271757
42165;-79.8812144413091;(_a1_ + (x * (_a2_ * ((pow2((_a4_ * ((_a0_ + _a1_) + (_a0_ * x)))) + _a4_) / (_a4_ / _a1_)))));{'d0': {'_a0_': 0.0014922521494107304, '_a1_': -0.001026257193742726, '_a2_': -1407.8343163052327, '_a4_': 1051354.196321415, '_a3_': 1.0, '_a5_': 1.0, '_a6_': 1.0, '_a7_': 1.0}};{'d0': 0.02488548260818713};-276.524567336970;58.3810692271757
42166;-78.9099534458979;(_a1_ + (x * (_a2_ * ((pow2((_a4_ * ((_a0_ + _a1_) + (_a0_ + x)))) + _a4_) / (_a4_ / _a1_)))));{'d0': {'_a0_': 0.15664987149151063, '_a1_': -0.001024165313381707, '_a2_': -1410.7136836282034, '_a4_': 2.341160452780505, '_a3_': 1.0, '_a5_': 1.0, '_a6_': 1.0, '_a7_': 1.0}};{'d0': 0.024885482501874827};-276.524567593293;59.3523303507487
42167;-78.9099534458979;(_a1_ + (x * (_a2_ * ((pow2((_a4_ * ((_a0_ + _a1_) + (_a0_ + x)))) + _a4_) / (_a4_ / _a1_)))));{'d0': {'_a0_': 0.15664987149151063, '_a1_': -0.001024165313381707, '_a2_': -1410.7136836282034, '_a4_': 2.341160452780505, '_a3_': 1.0, '_a5_': 1.0, '_a6_': 1.0, '_a7_': 1.0}};{'d0': 0.024885482501874827};-276.524567593293;59.3523303507487
42168;-78.9099534458979;(_a1_ + (x * (_a2_ * ((pow2((_a4_ * ((_a0_ + _a1_) + (_a0_ + x)))) + _a4_) / (_a4_ / _a1_)))));{'d0': {'_a0_': 0.15664987149151063, '_a1_': -0.001024165313381707, '_a2_': -1410.7136836282034, '_a4_': 2.341160452780505, '_a3_': 1.0, '_a5_': 1.0, '_a6_': 1.0, '_a7_': 1.0}};{'d0': 0.024885482501874827};-276.524567593293;59.3523303507487
42169;-78.9099534458979;(_a1_ + (x * (_a2_ * ((pow2((_a4_ * ((_a0_ + _a1_) + (_a0_ + x)))) + _a4_) / (_a4_ / _a1_)))));{'d0': {'_a0_': 0.15664987149151063, '_a1_': -0.001024165313381707, '_a2_': -1410.7136836282034, '_a4_': 2.341160452780505, '_a3_': 1.0, '_a5_': 1.0, '_a6_': 1.0, '_a7_': 1.0}};{'d0': 0.024885482501874827};-276.524567593293;59.3523303507487
42170;-76.8627810115031;(_a1_ + (x * (_a2_ * ((pow2((_a4_ * ((_a0_ + _a1_) + (_a0_ + x)))) + _a4_) / (_a7_ / _a1_)))));{'d0': {'_a0_': 0.1566500426739312, '_a1_': -0.0010244213287265286, '_a2_': -296337.39105512237, '_a4_': 2.3411621623014165, '_a7_': 491.9117888997753, '_a3_': 1.0, '_a5_': 1.0, '_a6_': 1.0}};{'d0': 0.024885482629026165};-272.430222724504;59.3523303507487
42171;-76.8627810115031;(_a1_ + (x * (_a2_ * ((pow2((_a4_ * ((_a0_ + _a1_) + (_a0_ + x)))) + _a4_) / (_a7_ / _a1_)))));{'d0': {'_a0_': 0.1566500426739312, '_a1_': -0.0010244213287265286, '_a2_': -296337.39105512237, '_a4_': 2.3411621623014165, '_a7_': 491.9117888997753, '_a3_': 1.0, '_a5_': 1.0, '_a6_': 1.0}};{'d0': 0.024885482629026165};-272.430222724504;59.3523303507487
42172;-76.8627810115031;(_a1_ + (x * (_a2_ * ((pow2((_a4_ * ((_a0_ + _a1_) + (_a0_ + x)))) + _a4_) / (_a7_ / _a1_)))));{'d0': {'_a0_': 0.1566500426739312, '_a1_': -0.0010244213287265286, '_a2_': -296337.39105512237, '_a4_': 2.3411621623014165, '_a7_': 491.9117888997753, '_a3_': 1.0, '_a5_': 1.0, '_a6_': 1.0}};{'d0': 0.024885482629026165};-272.430222724504;59.3523303507487
42173;-102.809489597881;(((-(_a1_) + ((x + sin(_a2_)) * x)) / _a7_) * x);{'d0': {'_a1_': -0.5256917704325753, '_a2_': 0.6736712687236445, '_a7_': 0.2961417867671636, '_a0_': 1.0, '_a3_': 1.0, '_a4_': 1.0, '_a5_': 1.0, '_a6_': 1.0}};{'d0': 0.024905832919416587};-280.569866449044;37.475443626640406
42174;-102.809489597881;(((-(_a1_) + ((x + sin(_a2_)) * x)) / _a7_) * x);{'d0': {'_a1_': -0.5256917704325753, '_a2_': 0.6736712687236445, '_a7_': 0.2961417867671636, '_a0_': 1.0, '_a3_': 1.0, '_a4_': 1.0, '_a5_': 1.0, '_a6_': 1.0}};{'d0': 0.024905832919416587};-280.569866449044;37.475443626640406
42175;-102.809489597881;(((-(_a1_) + ((x + sin(_a2_)) * x)) / _a7_) * x);{'d0': {'_a1_': -0.5256917704325753, '_a2_': 0.6736712687236445, '_a7_': 0.2961417867671636, '_a0_': 1.0, '_a3_': 1.0, '_a4_': 1.0, '_a5_': 1.0, '_a6_': 1.0}};{'d0': 0.024905832919416587};-280.569866449044;37.475443626640406
42176;-102.809489597881;(((-(_a1_) + ((x + sin(_a2_)) * x)) / _a7_) * x);{'d0': {'_a1_': -0.5256917704325753, '_a2_': 0.6736712687236445, '_a7_': 0.2961417867671636, '_a0_': 1.0, '_a3_': 1.0, '_a4_': 1.0, '_a5_': 1.0, '_a6_': 1.0}};{'d0': 0.024905832919416587};-280.569866449044;37.475443626640406
42177;-97.9325069587464;(((-(_a1_) + ((x + sin(_a2_)) * x)) / (_a5_ * _a2_)) * x);{'d0': {'_a1_': -0.5256917706893038, '_a2_': 0.6736712686135504, '_a5_': 0.4395939097763852, '_a0_': 1.0, '_a3_': 1.0, '_a4_': 1.0, '_a6_': 1.0, '_a7_': 1.0}};{'d0': 0.024905832919416598};-280.569866449044;42.35242626577541
42178;-97.9325069587464;(((-(_a1_) + ((x + sin(_a2_)) * x)) / (_a5_ * _a2_)) * x);{'d0': {'_a1_': -0.5256917706893038, '_a2_': 0.6736712686135504, '_a5_': 0.4395939097763852, '_a0_': 1.0, '_a3_': 1.0, '_a4_': 1.0, '_a6_': 1.0, '_a7_': 1.0}};{'d0': 0.024905832919416598};-280.569866449044;42.35242626577541
42179;-97.9325069587464;(((-(_a1_) + ((x + sin(_a2_)) * x)) / (_a5_ * _a2_)) * x);{'d0': {'_a1_': -0.5256917706893038, '_a2_': 0.6736712686135504, '_a5_': 0.4395939097763852, '_a0_': 1.0, '_a3_': 1.0, '_a4_': 1.0, '_a6_': 1.0, '_a7_': 1.0}};{'d0': 0.024905832919416598};-280.569866449044;42.35242626577541
42180;-92.0119059097164;(((-((_a2_ + _a7_)) + ((x + sin(_a2_)) * x)) / (_a5_ * _a2_)) * x);{'d0': {'_a2_': 0.6736712684930835, '_a5_': 0.43959390971855117, '_a7_': -1.1993630388456982, '_a0_': 1.0, '_a1_': 1.0, '_a3_': 1.0, '_a4_': 1.0, '_a6_': 1.0}};{'d0': 0.02490583291941662};-280.569866449044;48.273027314805404
42181;-96.8888885488514;(((-((_a2_ + _a7_)) + ((x + sin(_a2_)) * x)) / _a5_) * x);{'d0': {'_a2_': 0.6736712685378464, '_a5_': 0.29614178677774367, '_a7_': -1.199363038906209, '_a0_': 1.0, '_a1_': 1.0, '_a3_': 1.0, '_a4_': 1.0, '_a6_': 1.0}};{'d0': 0.024905832919416542};-280.569866449044;43.3960446756704
42182;-96.8888885488514;(((-((_a2_ + _a7_)) + ((x + sin(_a2_)) * x)) / _a5_) * x);{'d0': {'_a2_': 0.6736712685378464, '_a5_': 0.29614178677774367, '_a7_': -1.199363038906209, '_a0_': 1.0, '_a1_': 1.0, '_a3_': 1.0, '_a4_': 1.0, '_a6_': 1.0}};{'d0': 0.024905832919416542};-280.569866449044;43.3960446756704
42183;-96.8888885488514;(((-((_a2_ + _a7_)) + ((x + sin(_a2_)) * x)) / _a5_) * x);{'d0': {'_a2_': 0.6736712685378464, '_a5_': 0.29614178677774367, '_a7_': -1.199363038906209, '_a0_': 1.0, '_a1_': 1.0, '_a3_': 1.0, '_a4_': 1.0, '_a6_': 1.0}};{'d0': 0.024905832919416542};-280.569866449044;43.3960446756704
42184;-96.8888885488514;(((-((_a2_ + _a7_)) + ((x + sin(_a2_)) * x)) / _a5_) * x);{'d0': {'_a2_': 0.6736712685378464, '_a5_': 0.29614178677774367, '_a7_': -1.199363038906209, '_a0_': 1.0, '_a1_': 1.0, '_a3_': 1.0, '_a4_': 1.0, '_a6_': 1.0}};{'d0': 0.024905832919416542};-280.569866449044;43.3960446756704
42185;-96.8888885488514;(((-((_a2_ + _a7_)) + ((x + sin(_a2_)) * x)) / _a5_) * x);{'d0': {'_a2_': 0.6736712685378464, '_a5_': 0.29614178677774367, '_a7_': -1.199363038906209, '_a0_': 1.0, '_a1_': 1.0, '_a3_': 1.0, '_a4_': 1.0, '_a6_': 1.0}};{'d0': 0.024905832919416542};-280.569866449044;43.3960446756704
42186;-96.8888885488514;(((-((_a2_ + _a7_)) + ((x + sin(_a2_)) * x)) / _a5_) * x);{'d0': {'_a2_': 0.6736712685378464, '_a5_': 0.29614178677774367, '_a7_': -1.199363038906209, '_a0_': 1.0, '_a1_': 1.0, '_a3_': 1.0, '_a4_': 1.0, '_a6_': 1.0}};{'d0': 0.024905832919416542};-280.569866449044;43.3960446756704
42187;-93.1909540762414;(((-((_a2_ + _a7_)) + ((x + sin(pow2(_a7_))) * x)) / _a5_) * x);{'d0': {'_a2_': 0.2950830270525331, '_a5_': 0.29614178689199977, '_a7_': -0.8207747977384207, '_a0_': 1.0, '_a1_': 1.0, '_a3_': 1.0, '_a4_': 1.0, '_a6_': 1.0}};{'d0': 0.02490583291941658};-280.569866449044;47.093979148280404
42188;-93.1909540762414;(((-((_a2_ + _a7_)) + ((x + sin(pow2(_a7_))) * x)) / _a5_) * x);{'d0': {'_a2_': 0.2950830270525331, '_a5_': 0.29614178689199977, '_a7_': -0.8207747977384207, '_a0_': 1.0, '_a1_': 1.0, '_a3_': 1.0, '_a4_': 1.0, '_a6_': 1.0}};{'d0': 0.02490583291941658};-280.569866449044;47.093979148280404
42189;-93.1909540762414;(((-((_a2_ + _a7_)) + ((x + sin(pow2(_a7_))) * x)) / _a5_) * x);{'d0': {'_a2_': 0.2950830270525331, '_a5_': 0.29614178689199977, '_a7_': -0.8207747977384207, '_a0_': 1.0, '_a1_': 1.0, '_a3_': 1.0, '_a4_': 1.0, '_a6_': 1.0}};{'d0': 0.02490583291941658};-280.569866449044;47.093979148280404
42190;-93.1909540762414;(((-((_a2_ + _a7_)) + ((x + sin(pow2(_a7_))) * x)) / _a5_) * x);{'d0': {'_a2_': 0.2950830270525331, '_a5_': 0.29614178689199977, '_a7_': -0.8207747977384207, '_a0_': 1.0, '_a1_': 1.0, '_a3_': 1.0, '_a4_': 1.0, '_a6_': 1.0}};{'d0': 0.02490583291941658};-280.569866449044;47.093979148280404
42191;-93.1909540762414;(((-((_a2_ + _a7_)) + ((x + sin(pow2(_a7_))) * x)) / _a5_) * x);{'d0': {'_a2_': 0.2950830270525331, '_a5_': 0.29614178689199977, '_a7_': -0.8207747977384207, '_a0_': 1.0, '_a1_': 1.0, '_a3_': 1.0, '_a4_': 1.0, '_a6_': 1.0}};{'d0': 0.02490583291941658};-280.569866449044;47.093979148280404
42192;-93.1909540762414;(((-((_a2_ + _a7_)) + ((x + sin(pow2(_a7_))) * x)) / _a5_) * x);{'d0': {'_a2_': 0.2950830270525331, '_a5_': 0.29614178689199977, '_a7_': -0.8207747977384207, '_a0_': 1.0, '_a1_': 1.0, '_a3_': 1.0, '_a4_': 1.0, '_a6_': 1.0}};{'d0': 0.02490583291941658};-280.569866449044;47.093979148280404
42193;-93.1909540762414;(((-((_a2_ + _a7_)) + ((x + sin(pow2(_a7_))) * x)) / _a5_) * x);{'d0': {'_a2_': 0.2950830270525331, '_a5_': 0.29614178689199977, '_a7_': -0.8207747977384207, '_a0_': 1.0, '_a1_': 1.0, '_a3_': 1.0, '_a4_': 1.0, '_a6_': 1.0}};{'d0': 0.02490583291941658};-280.569866449044;47.093979148280404
42194;-93.1909540762414;(((-((_a2_ + _a7_)) + ((x + sin(pow2(_a7_))) * x)) / _a5_) * x);{'d0': {'_a2_': 0.2950830270525331, '_a5_': 0.29614178689199977, '_a7_': -0.8207747977384207, '_a0_': 1.0, '_a1_': 1.0, '_a3_': 1.0, '_a4_': 1.0, '_a6_': 1.0}};{'d0': 0.02490583291941658};-280.569866449044;47.093979148280404
42195;-93.1909540762414;(((-((_a2_ + _a7_)) + ((x + sin(pow2(_a7_))) * x)) / _a5_) * x);{'d0': {'_a2_': 0.2950830270525331, '_a5_': 0.29614178689199977, '_a7_': -0.8207747977384207, '_a0_': 1.0, '_a1_': 1.0, '_a3_': 1.0, '_a4_': 1.0, '_a6_': 1.0}};{'d0': 0.02490583291941658};-280.569866449044;47.093979148280404
42196;-93.1909540762414;(((-((_a2_ + _a7_)) + ((x + sin(pow2(_a7_))) * x)) / _a5_) * x);{'d0': {'_a2_': 0.2950830270525331, '_a5_': 0.29614178689199977, '_a7_': -0.8207747977384207, '_a0_': 1.0, '_a1_': 1.0, '_a3_': 1.0, '_a4_': 1.0, '_a6_': 1.0}};{'d0': 0.02490583291941658};-280.569866449044;47.093979148280404
42197;-93.1909540762414;(((-((_a2_ + _a7_)) + ((x + sin(pow2(_a7_))) * x)) / _a5_) * x);{'d0': {'_a2_': 0.2950830270525331, '_a5_': 0.29614178689199977, '_a7_': -0.8207747977384207, '_a0_': 1.0, '_a1_': 1.0, '_a3_': 1.0, '_a4_': 1.0, '_a6_': 1.0}};{'d0': 0.02490583291941658};-280.569866449044;47.093979148280404
42198;-99.1115551252714;(((-(_a0_) + ((x + sin(pow2(_a7_))) * x)) / _a5_) * x);{'d0': {'_a0_': -0.5256917701881658, '_a5_': 0.29614178668740077, '_a7_': -0.820774797736771, '_a1_': 1.0, '_a2_': 1.0, '_a3_': 1.0, '_a4_': 1.0, '_a6_': 1.0}};{'d0': 0.024905832919416605};-280.569866449044;41.17337809925041
42199;-99.1115551252714;(((-(_a0_) + ((x + sin(pow2(_a7_))) * x)) / _a5_) * x);{'d0': {'_a0_': -0.5256917701881658, '_a5_': 0.29614178668740077, '_a7_': -0.820774797736771, '_a1_': 1.0, '_a2_': 1.0, '_a3_': 1.0, '_a4_': 1.0, '_a6_': 1.0}};{'d0': 0.024905832919416605};-280.569866449044;41.17337809925041
42200;-99.1115551252714;(((-(_a0_) + ((x + sin(pow2(_a7_))) * x)) / _a5_) * x);{'d0': {'_a0_': -0.5256917701881658, '_a5_': 0.29614178668740077, '_a7_': -0.820774797736771, '_a1_': 1.0, '_a2_': 1.0, '_a3_': 1.0, '_a4_': 1.0, '_a6_': 1.0}};{'d0': 0.024905832919416605};-280.569866449044;41.17337809925041
42201;-73.0889112122706;(pow2(_a1_) + (x * (_a2_ * ((pow2((_a4_ * ((_a0_ / _a7_) + (_a0_ + x)))) + _a4_) / (_a7_ + _a1_)))));{'d0': {'_a0_': 0.3122756961923484, '_a1_': -0.001024217392834508, '_a2_': -1859249.952599818, '_a4_': 2.341160802423102, '_a7_': -3012729.3155023786, '_a3_': 1.0, '_a5_': 1.0, '_a6_': 1.0}};{'d0': 0.024948551990282043};-272.278352071259;63.0502648233587
42202;-73.1403204093320;(pow2(_a1_) + (x * (_a2_ * ((pow2((_a4_ * ((_a0_ / _a1_) + (_a0_ + x)))) + _a4_) / (_a7_ + _a1_)))));{'d0': {'_a0_': -8.351060749528904e-05, '_a1_': -0.00026765091972522027, '_a2_': -3462611.2809709758, '_a4_': 2.334312180413518, '_a7_': -5587549.148993422, '_a3_': 1.0, '_a5_': 1.0, '_a6_': 1.0}};{'d0': 0.02490583576665907};-272.381170465381;63.0502648233587
42203;-73.1403204093320;(pow2(_a1_) + (x * (_a2_ * ((pow2((_a4_ * ((_a0_ / _a1_) + (_a0_ + x)))) + _a4_) / (_a7_ + _a1_)))));{'d0': {'_a0_': -8.351060749528904e-05, '_a1_': -0.00026765091972522027, '_a2_': -3462611.2809709758, '_a4_': 2.334312180413518, '_a7_': -5587549.148993422, '_a3_': 1.0, '_a5_': 1.0, '_a6_': 1.0}};{'d0': 0.02490583576665907};-272.381170465381;63.0502648233587
42204;-73.1403204093320;(pow2(_a1_) + (x * (_a2_ * ((pow2((_a4_ * ((_a0_ / _a1_) + (_a0_ + x)))) + _a4_) / (_a7_ + _a1_)))));{'d0': {'_a0_': -8.351060749528904e-05, '_a1_': -0.00026765091972522027, '_a2_': -3462611.2809709758, '_a4_': 2.334312180413518, '_a7_': -5587549.148993422, '_a3_': 1.0, '_a5_': 1.0, '_a6_': 1.0}};{'d0': 0.02490583576665907};-272.381170465381;63.0502648233587
42205;-73.1403204093320;(pow2(_a1_) + (x * (_a2_ * ((pow2((_a4_ * ((_a0_ / _a1_) + (_a0_ + x)))) + _a4_) / (_a7_ + _a1_)))));{'d0': {'_a0_': -8.351060749528904e-05, '_a1_': -0.00026765091972522027, '_a2_': -3462611.2809709758, '_a4_': 2.334312180413518, '_a7_': -5587549.148993422, '_a3_': 1.0, '_a5_': 1.0, '_a6_': 1.0}};{'d0': 0.02490583576665907};-272.381170465381;63.0502648233587
42206;-69.4603810021133;(pow2(-(_a1_)) + (x * (_a2_ * ((pow2((_a4_ * ((_a0_ / _a1_) + (_a0_ + x)))) + _a4_) / (_a7_ + _a1_)))));{'d0': {'_a0_': -9.396272440849678e-05, '_a1_': -0.0003011399718797298, '_a2_': -3491140.2426397447, '_a4_': 2.3343132641397104, '_a7_': -5633589.489621157, '_a3_': 1.0, '_a5_': 1.0, '_a6_': 1.0}};{'d0': 0.02490582933012715};-272.381185971465;66.73021198361909
42207;-69.4603810021133;(pow2(-(_a1_)) + (x * (_a2_ * ((pow2((_a4_ * ((_a0_ / _a1_) + (_a0_ + x)))) + _a4_) / (_a7_ + _a1_)))));{'d0': {'_a0_': -9.396272440849678e-05, '_a1_': -0.0003011399718797298, '_a2_': -3491140.2426397447, '_a4_': 2.3343132641397104, '_a7_': -5633589.489621157, '_a3_': 1.0, '_a5_': 1.0, '_a6_': 1.0}};{'d0': 0.02490582933012715};-272.381185971465;66.73021198361909
42208;-69.4603810021133;(pow2(-(_a1_)) + (x * (_a2_ * ((pow2((_a4_ * ((_a0_ / _a1_) + (_a0_ + x)))) + _a4_) / (_a7_ + _a1_)))));{'d0': {'_a0_': -9.396272440849678e-05, '_a1_': -0.0003011399718797298, '_a2_': -3491140.2426397447, '_a4_': 2.3343132641397104, '_a7_': -5633589.489621157, '_a3_': 1.0, '_a5_': 1.0, '_a6_': 1.0}};{'d0': 0.02490582933012715};-272.381185971465;66.73021198361909
42209;-64.5355595960577;(pow2(-(_a1_)) + (x * (_a2_ * ((pow2((_a4_ * ((_a0_ / _a1_) + (_a0_ + x)))) + _a4_) / ((_a4_ * _a3_) + _a1_)))));{'d0': {'_a0_': -0.010323919381664694, '_a1_': -0.032002280590825494, '_a2_': 24.170325075271588, '_a3_': 16.742801207517658, '_a4_': 2.3411603306503896, '_a5_': 1.0, '_a6_': 1.0, '_a7_': 1.0}};{'d0': 0.0248854825105033};-272.430223010268;71.67955190907608
42210;-64.5355595960577;(pow2(-(_a1_)) + (x * (_a2_ * ((pow2((_a4_ * ((_a0_ / _a1_) + (_a0_ + x)))) + _a4_) / ((_a4_ * _a3_) + _a1_)))));{'d0': {'_a0_': -0.010323919381664694, '_a1_': -0.032002280590825494, '_a2_': 24.170325075271588, '_a3_': 16.742801207517658, '_a4_': 2.3411603306503896, '_a5_': 1.0, '_a6_': 1.0, '_a7_': 1.0}};{'d0': 0.0248854825105033};-272.430223010268;71.67955190907608
42211;-64.5355595960577;(pow2(-(_a1_)) + (x * (_a2_ * ((pow2((_a4_ * ((_a0_ / _a1_) + (_a0_ + x)))) + _a4_) / ((_a4_ * _a3_) + _a1_)))));{'d0': {'_a0_': -0.010323919381664694, '_a1_': -0.032002280590825494, '_a2_': 24.170325075271588, '_a3_': 16.742801207517658, '_a4_': 2.3411603306503896, '_a5_': 1.0, '_a6_': 1.0, '_a7_': 1.0}};{'d0': 0.0248854825105033};-272.430223010268;71.67955190907608
42212;-70.3727824146043;(pow2(-(_a1_)) + (x * (_a2_ * ((pow2((_a4_ * (x + (_a0_ + x)))) + _a4_) / ((_a4_ * _a3_) + _a1_)))));{'d0': {'_a0_': 0.6245511827590077, '_a1_': -0.03200321660515788, '_a2_': -2816.805919464732, '_a3_': -1949.5564781796613, '_a4_': 0.5852901802048706, '_a5_': 1.0, '_a6_': 1.0, '_a7_': 1.0}};{'d0': 0.02488548250187682};-272.430223031066;65.84232910092888
42213;-70.3727824146043;(pow2(-(_a1_)) + (x * (_a2_ * ((pow2((_a4_ * (x + (_a0_ + x)))) + _a4_) / ((_a4_ * _a3_) + _a1_)))));{'d0': {'_a0_': 0.6245511827590077, '_a1_': -0.03200321660515788, '_a2_': -2816.805919464732, '_a3_': -1949.5564781796613, '_a4_': 0.5852901802048706, '_a5_': 1.0, '_a6_': 1.0, '_a7_': 1.0}};{'d0': 0.02488548250187682};-272.430223031066;65.84232910092888
42214;-70.3727824146043;(pow2(-(_a1_)) + (x * (_a2_ * ((pow2((_a4_ * (x + (_a0_ + x)))) + _a4_) / ((_a4_ * _a3_) + _a1_)))));{'d0': {'_a0_': 0.6245511827590077, '_a1_': -0.03200321660515788, '_a2_': -2816.805919464732, '_a3_': -1949.5564781796613, '_a4_': 0.5852901802048706, '_a5_': 1.0, '_a6_': 1.0, '_a7_': 1.0}};{'d0': 0.02488548250187682};-272.430223031066;65.84232910092888
42215;-70.3727824146043;(pow2(-(_a1_)) + (x * (_a2_ * ((pow2((_a4_ * (x + (_a0_ + x)))) + _a4_) / ((_a4_ * _a3_) + _a1_)))));{'d0': {'_a0_': 0.6245511827590077, '_a1_': -0.03200321660515788, '_a2_': -2816.805919464732, '_a3_': -1949.5564781796613, '_a4_': 0.5852901802048706, '_a5_': 1.0, '_a6_': 1.0, '_a7_': 1.0}};{'d0': 0.02488548250187682};-272.430223031066;65.84232910092888
42216;-70.3727824146043;(pow2(-(_a1_)) + (x * (_a2_ * ((pow2((_a4_ * (x + (_a0_ + x)))) + _a4_) / ((_a4_ * _a3_) + _a1_)))));{'d0': {'_a0_': 0.6245511827590077, '_a1_': -0.03200321660515788, '_a2_': -2816.805919464732, '_a3_': -1949.5564781796613, '_a4_': 0.5852901802048706, '_a5_': 1.0, '_a6_': 1.0, '_a7_': 1.0}};{'d0': 0.02488548250187682};-272.430223031066;65.84232910092888
42217;-70.3727824146043;(pow2(-(_a1_)) + (x * (_a2_ * ((pow2((_a4_ * (x + (_a0_ + x)))) + _a4_) / ((_a4_ * _a3_) + _a1_)))));{'d0': {'_a0_': 0.6245511827590077, '_a1_': -0.03200321660515788, '_a2_': -2816.805919464732, '_a3_': -1949.5564781796613, '_a4_': 0.5852901802048706, '_a5_': 1.0, '_a6_': 1.0, '_a7_': 1.0}};{'d0': 0.02488548250187682};-272.430223031066;65.84232910092888
42218;-66.6748479419995;(pow2(-(_a1_)) + (x * (_a2_ * ((pow2((_a4_ * (x + (pow2(_a6_) + x)))) + _a4_) / ((_a4_ * _a3_) + _a1_)))));{'d0': {'_a1_': -0.032002595380706364, '_a2_': -6043914.087826404, '_a3_': -4183206.782715825, '_a4_': 0.5852901134358084, '_a6_': 0.7902854902269405, '_a0_': 1.0, '_a5_': 1.0, '_a7_': 1.0}};{'d0': 0.02488548250187248};-272.430223031077;69.54026357353888
42219;-66.6748479419995;(pow2(-(_a1_)) + (x * (_a2_ * ((pow2((_a4_ * (x + (pow2(_a6_) + x)))) + _a4_) / ((_a4_ * _a3_) + _a1_)))));{'d0': {'_a1_': -0.032002595380706364, '_a2_': -6043914.087826404, '_a3_': -4183206.782715825, '_a4_': 0.5852901134358084, '_a6_': 0.7902854902269405, '_a0_': 1.0, '_a5_': 1.0, '_a7_': 1.0}};{'d0': 0.02488548250187248};-272.430223031077;69.54026357353888
42220;-66.6748479419995;(pow2(-(_a1_)) + (x * (_a2_ * ((pow2((_a4_ * (x + (pow2(_a6_) + x)))) + _a4_) / ((_a4_ * _a3_) + _a1_)))));{'d0': {'_a1_': -0.032002595380706364, '_a2_': -6043914.087826404, '_a3_': -4183206.782715825, '_a4_': 0.5852901134358084, '_a6_': 0.7902854902269405, '_a0_': 1.0, '_a5_': 1.0, '_a7_': 1.0}};{'d0': 0.02488548250187248};-272.430223031077;69.54026357353888
42221;-66.6748479419995;(pow2(-(_a1_)) + (x * (_a2_ * ((pow2((_a4_ * (x + (pow2(_a6_) + x)))) + _a4_) / ((_a4_ * _a3_) + _a1_)))));{'d0': {'_a1_': -0.032002595380706364, '_a2_': -6043914.087826404, '_a3_': -4183206.782715825, '_a4_': 0.5852901134358084, '_a6_': 0.7902854902269405, '_a0_': 1.0, '_a5_': 1.0, '_a7_': 1.0}};{'d0': 0.02488548250187248};-272.430223031077;69.54026357353888
42222;-63.2467213656937;(pow2((_a5_ * _a4_)) + (x * (_a2_ * ((pow2((_a4_ * (x + (pow2(_a6_) + x)))) + _a4_) / ((_a4_ * _a3_) + _a1_)))));{'d0': {'_a1_': -3177631975.032789, '_a2_': -4808259513.377006, '_a3_': 2102268740.2617905, '_a4_': 0.5851746074650296, '_a5_': 8.633942656723152e-05, '_a6_': 0.7897456289581294, '_a0_': 1.0, '_a7_': 1.0}};{'d0': 0.024918024310858287};-268.257469981502;70.8820136250575
42223;-63.2467213656937;(pow2((_a5_ * _a4_)) + (x * (_a2_ * ((pow2((_a4_ * (x + (pow2(_a6_) + x)))) + _a4_) / ((_a4_ * _a3_) + _a1_)))));{'d0': {'_a1_': -3177631975.032789, '_a2_': -4808259513.377006, '_a3_': 2102268740.2617905, '_a4_': 0.5851746074650296, '_a5_': 8.633942656723152e-05, '_a6_': 0.7897456289581294, '_a0_': 1.0, '_a7_': 1.0}};{'d0': 0.024918024310858287};-268.257469981502;70.8820136250575
42224;-91.2271600360131;(((-(_a1_) + ((x + sin(pow2(_a7_))) * x)) / (_a3_ / _a4_)) * x);{'d0': {'_a1_': -0.5256917710725106, '_a3_': -71.32401657037592, '_a4_': -240.84414873729986, '_a7_': -0.8207747978781927, '_a0_': 1.0, '_a2_': 1.0, '_a5_': 1.0, '_a6_': 1.0}};{'d0': 0.024905832919416605};-276.475521886822;47.01060090739761
42225;-91.2271600360131;(((-(_a1_) + ((x + sin(pow2(_a7_))) * x)) / (_a3_ / _a4_)) * x);{'d0': {'_a1_': -0.5256917710725106, '_a3_': -71.32401657037592, '_a4_': -240.84414873729986, '_a7_': -0.8207747978781927, '_a0_': 1.0, '_a2_': 1.0, '_a5_': 1.0, '_a6_': 1.0}};{'d0': 0.024905832919416605};-276.475521886822;47.01060090739761
42226;-91.2271600360131;(((-(_a1_) + ((x + sin(pow2(_a7_))) * x)) / (_a3_ / _a4_)) * x);{'d0': {'_a1_': -0.5256917710725106, '_a3_': -71.32401657037592, '_a4_': -240.84414873729986, '_a7_': -0.8207747978781927, '_a0_': 1.0, '_a2_': 1.0, '_a5_': 1.0, '_a6_': 1.0}};{'d0': 0.024905832919416605};-276.475521886822;47.01060090739761
42227;-91.2271600360131;(((-(_a1_) + ((x + sin(pow2(_a7_))) * x)) / (_a3_ / _a4_)) * x);{'d0': {'_a1_': -0.5256917710725106, '_a3_': -71.32401657037592, '_a4_': -240.84414873729986, '_a7_': -0.8207747978781927, '_a0_': 1.0, '_a2_': 1.0, '_a5_': 1.0, '_a6_': 1.0}};{'d0': 0.024905832919416605};-276.475521886822;47.01060090739761
42228;-70.3998072334648;(pow2((_a5_ * _a4_)) + (x * (_a2_ * ((pow2((_a4_ * (x + (pow2(_a6_) + x)))) + _a4_) / (_a6_ / _a1_)))));{'d0': {'_a1_': -247538.08956563214, '_a2_': -7.93452933750394e-06, '_a4_': 0.5823983831488084, '_a5_': -0.012984659930729524, '_a6_': 0.7900584679699466, '_a0_': 1.0, '_a3_': 1.0, '_a7_': 1.0}};{'d0': 0.024917328165804536};-272.353490811721;65.7769381723957
42229;-70.3998072334648;(pow2((_a5_ * _a4_)) + (x * (_a2_ * ((pow2((_a4_ * (x + (pow2(_a6_) + x)))) + _a4_) / (_a6_ / _a1_)))));{'d0': {'_a1_': -247538.08956563214, '_a2_': -7.93452933750394e-06, '_a4_': 0.5823983831488084, '_a5_': -0.012984659930729524, '_a6_': 0.7900584679699466, '_a0_': 1.0, '_a3_': 1.0, '_a7_': 1.0}};{'d0': 0.024917328165804536};-272.353490811721;65.7769381723957
42230;-70.3998072334648;(pow2((_a5_ * _a4_)) + (x * (_a2_ * ((pow2((_a4_ * (x + (pow2(_a6_) + x)))) + _a4_) / (_a6_ / _a1_)))));{'d0': {'_a1_': -247538.08956563214, '_a2_': -7.93452933750394e-06, '_a4_': 0.5823983831488084, '_a5_': -0.012984659930729524, '_a6_': 0.7900584679699466, '_a0_': 1.0, '_a3_': 1.0, '_a7_': 1.0}};{'d0': 0.024917328165804536};-272.353490811721;65.7769381723957
42231;-70.3998072334648;(pow2((_a5_ * _a4_)) + (x * (_a2_ * ((pow2((_a4_ * (x + (pow2(_a6_) + x)))) + _a4_) / (_a6_ / _a1_)))));{'d0': {'_a1_': -247538.08956563214, '_a2_': -7.93452933750394e-06, '_a4_': 0.5823983831488084, '_a5_': -0.012984659930729524, '_a6_': 0.7900584679699466, '_a0_': 1.0, '_a3_': 1.0, '_a7_': 1.0}};{'d0': 0.024917328165804536};-272.353490811721;65.7769381723957
42232;-70.3998072334648;(pow2((_a5_ * _a4_)) + (x * (_a2_ * ((pow2((_a4_ * (x + (pow2(_a6_) + x)))) + _a4_) / (_a6_ / _a1_)))));{'d0': {'_a1_': -247538.08956563214, '_a2_': -7.93452933750394e-06, '_a4_': 0.5823983831488084, '_a5_': -0.012984659930729524, '_a6_': 0.7900584679699466, '_a0_': 1.0, '_a3_': 1.0, '_a7_': 1.0}};{'d0': 0.024917328165804536};-272.353490811721;65.7769381723957
42233;-70.3998072334648;(pow2((_a5_ * _a4_)) + (x * (_a2_ * ((pow2((_a4_ * (x + (pow2(_a6_) + x)))) + _a4_) / (_a6_ / _a1_)))));{'d0': {'_a1_': -247538.08956563214, '_a2_': -7.93452933750394e-06, '_a4_': 0.5823983831488084, '_a5_': -0.012984659930729524, '_a6_': 0.7900584679699466, '_a0_': 1.0, '_a3_': 1.0, '_a7_': 1.0}};{'d0': 0.024917328165804536};-272.353490811721;65.7769381723957
42234;-70.3998072334648;(pow2((_a5_ * _a4_)) + (x * (_a2_ * ((pow2((_a4_ * (x + (pow2(_a6_) + x)))) + _a4_) / (_a6_ / _a1_)))));{'d0': {'_a1_': -247538.08956563214, '_a2_': -7.93452933750394e-06, '_a4_': 0.5823983831488084, '_a5_': -0.012984659930729524, '_a6_': 0.7900584679699466, '_a0_': 1.0, '_a3_': 1.0, '_a7_': 1.0}};{'d0': 0.024917328165804536};-272.353490811721;65.7769381723957
42235;-70.3998072334648;(pow2((_a5_ * _a4_)) + (x * (_a2_ * ((pow2((_a4_ * (x + (pow2(_a6_) + x)))) + _a4_) / (_a6_ / _a1_)))));{'d0': {'_a1_': -247538.08956563214, '_a2_': -7.93452933750394e-06, '_a4_': 0.5823983831488084, '_a5_': -0.012984659930729524, '_a6_': 0.7900584679699466, '_a0_': 1.0, '_a3_': 1.0, '_a7_': 1.0}};{'d0': 0.024917328165804536};-272.353490811721;65.7769381723957
42236;-75.3629903036463;(pow2(_a0_) + (x * (_a2_ * ((pow2((_a4_ * (x + (pow2(_a6_) + x)))) + _a4_) / (_a6_ / _a1_)))));{'d0': {'_a0_': -4.75549607725797e-05, '_a1_': -300934.2210354863, '_a2_': -6.5059869226802655e-06, '_a4_': 0.5835789375807549, '_a6_': 0.7898476718345387, '_a3_': 1.0, '_a5_': 1.0, '_a7_': 1.0}};{'d0': 0.02490583301216156};-272.381177101170;60.827598246938706
42237;-75.3629903036463;(pow2(_a0_) + (x * (_a2_ * ((pow2((_a4_ * (x + (pow2(_a6_) + x)))) + _a4_) / (_a6_ / _a1_)))));{'d0': {'_a0_': -4.75549607725797e-05, '_a1_': -300934.2210354863, '_a2_': -6.5059869226802655e-06, '_a4_': 0.5835789375807549, '_a6_': 0.7898476718345387, '_a3_': 1.0, '_a5_': 1.0, '_a7_': 1.0}};{'d0': 0.02490583301216156};-272.381177101170;60.827598246938706
42238;-75.3629898430285;(pow2(_a0_) + (x * (_a2_ * ((pow2((_a4_ * (x + (pow2(_a6_) + x)))) + _a4_) / (_a4_ / _a1_)))));{'d0': {'_a0_': -0.00010911586769941734, '_a1_': -350472.4272274349, '_a2_': -4.12750130851113e-06, '_a4_': 0.5835787875211069, '_a6_': 0.789847684748201, '_a3_': 1.0, '_a5_': 1.0, '_a7_': 1.0}};{'d0': 0.024905833394563846};-272.381176179934;60.827598246938706
42239;-79.0609246502344;(pow2(_a0_) + (x * (_a2_ * ((pow2((_a4_ * (x + (_a6_ + x)))) + _a4_) / (_a4_ / _a1_)))));{'d0': {'_a0_': -6.661309381409874e-05, '_a1_': -340259.6940614214, '_a2_': -4.251381377136721e-06, '_a4_': 0.5835802322047919, '_a6_': 0.6238591472887389, '_a3_': 1.0, '_a5_': 1.0, '_a7_': 1.0}};{'d0': 0.024905833116784216};-272.381176849126;57.129663774328705
42240;-79.0609246502344;(pow2(_a0_) + (x * (_a2_ * ((pow2((_a4_ * (x + (_a6_ + x)))) + _a4_) / (_a4_ / _a1_)))));{'d0': {'_a0_': -6.661309381409874e-05, '_a1_': -340259.6940614214, '_a2_': -4.251381377136721e-06, '_a4_': 0.5835802322047919, '_a6_': 0.6238591472887389, '_a3_': 1.0, '_a5_': 1.0, '_a7_': 1.0}};{'d0': 0.024905833116784216};-272.381176849126;57.129663774328705
42241;-79.0609246502344;(pow2(_a0_) + (x * (_a2_ * ((pow2((_a4_ * (x + (_a6_ + x)))) + _a4_) / (_a4_ / _a1_)))));{'d0': {'_a0_': -6.661309381409874e-05, '_a1_': -340259.6940614214, '_a2_': -4.251381377136721e-06, '_a4_': 0.5835802322047919, '_a6_': 0.6238591472887389, '_a3_': 1.0, '_a5_': 1.0, '_a7_': 1.0}};{'d0': 0.024905833116784216};-272.381176849126;57.129663774328705
42242;-77.0137517057164;(pow2(_a0_) + (x * (_a2_ * ((pow2((_a4_ * (x + (_a6_ + x)))) + _a3_) / (_a4_ / _a1_)))));{'d0': {'_a0_': 0.00013720259544630831, '_a1_': -331676.9404937274, '_a2_': -4.144143995614513e-06, '_a3_': 0.6463702741675603, '_a4_': 0.6141722972270467, '_a6_': 0.6238594050794745, '_a5_': 1.0, '_a7_': 1.0}};{'d0': 0.02490583366754098};-268.286830960090;57.129663774328705
42243;-77.0137517057164;(pow2(_a0_) + (x * (_a2_ * ((pow2((_a4_ * (x + (_a6_ + x)))) + _a3_) / (_a4_ / _a1_)))));{'d0': {'_a0_': 0.00013720259544630831, '_a1_': -331676.9404937274, '_a2_': -4.144143995614513e-06, '_a3_': 0.6463702741675603, '_a4_': 0.6141722972270467, '_a6_': 0.6238594050794745, '_a5_': 1.0, '_a7_': 1.0}};{'d0': 0.02490583366754098};-268.286830960090;57.129663774328705
42244;-79.0606503174995;(pow2(_a4_) + (x * (_a2_ * ((pow2((_a4_ * (x + (_a6_ + x)))) + _a3_) / (_a4_ / _a1_)))));{'d0': {'_a1_': -5315033.492277614, '_a2_': -6.64120445676381e-05, '_a3_': 9.801089579812557e-06, '_a4_': 0.002391570550125752, '_a6_': 0.6238555457427464, '_a0_': 1.0, '_a5_': 1.0, '_a7_': 1.0}};{'d0': 0.024906060867336013};-272.380628183656;57.129663774328705
42245;-79.0606503174995;(pow2(_a4_) + (x * (_a2_ * ((pow2((_a4_ * (x + (_a6_ + x)))) + _a3_) / (_a4_ / _a1_)))));{'d0': {'_a1_': -5315033.492277614, '_a2_': -6.64120445676381e-05, '_a3_': 9.801089579812557e-06, '_a4_': 0.002391570550125752, '_a6_': 0.6238555457427464, '_a0_': 1.0, '_a5_': 1.0, '_a7_': 1.0}};{'d0': 0.024906060867336013};-272.380628183656;57.129663774328705
42246;-79.0606503174995;(pow2(_a4_) + (x * (_a2_ * ((pow2((_a4_ * (x + (_a6_ + x)))) + _a3_) / (_a4_ / _a1_)))));{'d0': {'_a1_': -5315033.492277614, '_a2_': -6.64120445676381e-05, '_a3_': 9.801089579812557e-06, '_a4_': 0.002391570550125752, '_a6_': 0.6238555457427464, '_a0_': 1.0, '_a5_': 1.0, '_a7_': 1.0}};{'d0': 0.024906060867336013};-272.380628183656;57.129663774328705
42247;-79.0606503174995;(pow2(_a4_) + (x * (_a2_ * ((pow2((_a4_ * (x + (_a6_ + x)))) + _a3_) / (_a4_ / _a1_)))));{'d0': {'_a1_': -5315033.492277614, '_a2_': -6.64120445676381e-05, '_a3_': 9.801089579812557e-06, '_a4_': 0.002391570550125752, '_a6_': 0.6238555457427464, '_a0_': 1.0, '_a5_': 1.0, '_a7_': 1.0}};{'d0': 0.024906060867336013};-272.380628183656;57.129663774328705
42248;-79.0606503174995;(pow2(_a4_) + (x * (_a2_ * ((pow2((_a4_ * (x + (_a6_ + x)))) + _a3_) / (_a4_ / _a1_)))));{'d0': {'_a1_': -5315033.492277614, '_a2_': -6.64120445676381e-05, '_a3_': 9.801089579812557e-06, '_a4_': 0.002391570550125752, '_a6_': 0.6238555457427464, '_a0_': 1.0, '_a5_': 1.0, '_a7_': 1.0}};{'d0': 0.024906060867336013};-272.380628183656;57.129663774328705
42249;-79.0606503174995;(pow2(_a4_) + (x * (_a2_ * ((pow2((_a4_ * (x + (_a6_ + x)))) + _a3_) / (_a4_ / _a1_)))));{'d0': {'_a1_': -5315033.492277614, '_a2_': -6.64120445676381e-05, '_a3_': 9.801089579812557e-06, '_a4_': 0.002391570550125752, '_a6_': 0.6238555457427464, '_a0_': 1.0, '_a5_': 1.0, '_a7_': 1.0}};{'d0': 0.024906060867336013};-272.380628183656;57.129663774328705
42250;-79.0606503174995;(pow2(_a4_) + (x * (_a2_ * ((pow2((_a4_ * (x + (_a6_ + x)))) + _a3_) / (_a4_ / _a1_)))));{'d0': {'_a1_': -5315033.492277614, '_a2_': -6.64120445676381e-05, '_a3_': 9.801089579812557e-06, '_a4_': 0.002391570550125752, '_a6_': 0.6238555457427464, '_a0_': 1.0, '_a5_': 1.0, '_a7_': 1.0}};{'d0': 0.024906060867336013};-272.380628183656;57.129663774328705
42251;-92.4849371885127;(((-(_a1_) + ((x + log(pow2(_a7_))) * x)) / (_a3_ / _a4_)) * x);{'d0': {'_a1_': -0.5256917695448143, '_a3_': 31859.97990021683, '_a4_': 107583.53447440047, '_a7_': -1.366058666259469, '_a0_': 1.0, '_a2_': 1.0, '_a5_': 1.0, '_a6_': 1.0}};{'d0': 0.02490583291941989};-276.475521886814;45.75282375489409
42252;-100.369332277775;(((-(_a1_) + ((x + log(pow2(_a7_))) * x)) / _a0_) * x);{'d0': {'_a0_': 0.2961417867359322, '_a1_': -0.5256917703247431, '_a7_': -1.3660586663803633, '_a2_': 1.0, '_a3_': 1.0, '_a4_': 1.0, '_a5_': 1.0, '_a6_': 1.0}};{'d0': 0.024905832919416653};-280.569866449044;39.91560094674689
42253;-100.369332277775;(((-(_a1_) + ((x + log(pow2(_a7_))) * x)) / _a0_) * x);{'d0': {'_a0_': 0.2961417867359322, '_a1_': -0.5256917703247431, '_a7_': -1.3660586663803633, '_a2_': 1.0, '_a3_': 1.0, '_a4_': 1.0, '_a5_': 1.0, '_a6_': 1.0}};{'d0': 0.024905832919416653};-280.569866449044;39.91560094674689
42254;-100.369332277775;(((-(_a1_) + ((x + log(pow2(_a7_))) * x)) / _a0_) * x);{'d0': {'_a0_': 0.2961417867359322, '_a1_': -0.5256917703247431, '_a7_': -1.3660586663803633, '_a2_': 1.0, '_a3_': 1.0, '_a4_': 1.0, '_a5_': 1.0, '_a6_': 1.0}};{'d0': 0.024905832919416653};-280.569866449044;39.91560094674689
42255;-100.369332277775;(((-(_a1_) + ((x + log(pow2(_a7_))) * x)) / _a0_) * x);{'d0': {'_a0_': 0.2961417867359322, '_a1_': -0.5256917703247431, '_a7_': -1.3660586663803633, '_a2_': 1.0, '_a3_': 1.0, '_a4_': 1.0, '_a5_': 1.0, '_a6_': 1.0}};{'d0': 0.024905832919416653};-280.569866449044;39.91560094674689
42256;-100.369332277775;(((-(_a1_) + ((x + log(pow2(_a7_))) * x)) / _a0_) * x);{'d0': {'_a0_': 0.2961417867359322, '_a1_': -0.5256917703247431, '_a7_': -1.3660586663803633, '_a2_': 1.0, '_a3_': 1.0, '_a4_': 1.0, '_a5_': 1.0, '_a6_': 1.0}};{'d0': 0.024905832919416653};-280.569866449044;39.91560094674689
42257;-100.369332277775;(((-(_a1_) + ((x + log(pow2(_a7_))) * x)) / _a0_) * x);{'d0': {'_a0_': 0.2961417867359322, '_a1_': -0.5256917703247431, '_a7_': -1.3660586663803633, '_a2_': 1.0, '_a3_': 1.0, '_a4_': 1.0, '_a5_': 1.0, '_a6_': 1.0}};{'d0': 0.024905832919416653};-280.569866449044;39.91560094674689
42258;-100.369332277775;(((-(_a1_) + ((x + log(pow2(_a7_))) * x)) / _a0_) * x);{'d0': {'_a0_': 0.2961417867359322, '_a1_': -0.5256917703247431, '_a7_': -1.3660586663803633, '_a2_': 1.0, '_a3_': 1.0, '_a4_': 1.0, '_a5_': 1.0, '_a6_': 1.0}};{'d0': 0.024905832919416653};-280.569866449044;39.91560094674689
42259;-100.369332277775;(((-(_a1_) + ((x + log(pow2(_a7_))) * x)) / _a0_) * x);{'d0': {'_a0_': 0.2961417867359322, '_a1_': -0.5256917703247431, '_a7_': -1.3660586663803633, '_a2_': 1.0, '_a3_': 1.0, '_a4_': 1.0, '_a5_': 1.0, '_a6_': 1.0}};{'d0': 0.024905832919416653};-280.569866449044;39.91560094674689
42260;-100.369332277775;(((-(_a1_) + ((x + log(pow2(_a7_))) * x)) / _a0_) * x);{'d0': {'_a0_': 0.2961417867359322, '_a1_': -0.5256917703247431, '_a7_': -1.3660586663803633, '_a2_': 1.0, '_a3_': 1.0, '_a4_': 1.0, '_a5_': 1.0, '_a6_': 1.0}};{'d0': 0.024905832919416653};-280.569866449044;39.91560094674689
42261;-100.369332277775;(((-(_a1_) + ((x + log(pow2(_a7_))) * x)) / _a0_) * x);{'d0': {'_a0_': 0.2961417867359322, '_a1_': -0.5256917703247431, '_a7_': -1.3660586663803633, '_a2_': 1.0, '_a3_': 1.0, '_a4_': 1.0, '_a5_': 1.0, '_a6_': 1.0}};{'d0': 0.024905832919416653};-280.569866449044;39.91560094674689
42262;-100.369332277775;(((-(_a1_) + ((x + log(pow2(_a7_))) * x)) / _a0_) * x);{'d0': {'_a0_': 0.2961417867359322, '_a1_': -0.5256917703247431, '_a7_': -1.3660586663803633, '_a2_': 1.0, '_a3_': 1.0, '_a4_': 1.0, '_a5_': 1.0, '_a6_': 1.0}};{'d0': 0.024905832919416653};-280.569866449044;39.91560094674689
42263;-98.1286783890053;((((_a1_ + _a7_) + ((x + log(pow2(_a7_))) * x)) / _a0_) * x);{'d0': {'_a0_': 0.29614178681386316, '_a1_': 1.8917504368190718, '_a7_': -1.366058666346618, '_a2_': 1.0, '_a3_': 1.0, '_a4_': 1.0, '_a5_': 1.0, '_a6_': 1.0}};{'d0': 0.024905832919416584};-280.569866449044;42.1562548355165
42264;-98.1286783890053;((((_a1_ + _a7_) + ((x + log(pow2(_a7_))) * x)) / _a0_) * x);{'d0': {'_a0_': 0.29614178681386316, '_a1_': 1.8917504368190718, '_a7_': -1.366058666346618, '_a2_': 1.0, '_a3_': 1.0, '_a4_': 1.0, '_a5_': 1.0, '_a6_': 1.0}};{'d0': 0.024905832919416584};-280.569866449044;42.1562548355165
42265;-98.1286783890053;((((_a1_ + _a7_) + ((x + log(pow2(_a7_))) * x)) / _a0_) * x);{'d0': {'_a0_': 0.29614178681386316, '_a1_': 1.8917504368190718, '_a7_': -1.366058666346618, '_a2_': 1.0, '_a3_': 1.0, '_a4_': 1.0, '_a5_': 1.0, '_a6_': 1.0}};{'d0': 0.024905832919416584};-280.569866449044;42.1562548355165
42266;-98.1286783890053;((((_a1_ + _a7_) + ((x + log(pow2(_a7_))) * x)) / _a0_) * x);{'d0': {'_a0_': 0.29614178681386316, '_a1_': 1.8917504368190718, '_a7_': -1.366058666346618, '_a2_': 1.0, '_a3_': 1.0, '_a4_': 1.0, '_a5_': 1.0, '_a6_': 1.0}};{'d0': 0.024905832919416584};-280.569866449044;42.1562548355165
42267;-98.1286783890053;((((_a1_ + _a7_) + ((x + log(pow2(_a7_))) * x)) / _a0_) * x);{'d0': {'_a0_': 0.29614178681386316, '_a1_': 1.8917504368190718, '_a7_': -1.366058666346618, '_a2_': 1.0, '_a3_': 1.0, '_a4_': 1.0, '_a5_': 1.0, '_a6_': 1.0}};{'d0': 0.024905832919416584};-280.569866449044;42.1562548355165
42268;-98.1286783890053;((((_a1_ + _a7_) + ((x + log(pow2(_a7_))) * x)) / _a0_) * x);{'d0': {'_a0_': 0.29614178681386316, '_a1_': 1.8917504368190718, '_a7_': -1.366058666346618, '_a2_': 1.0, '_a3_': 1.0, '_a4_': 1.0, '_a5_': 1.0, '_a6_': 1.0}};{'d0': 0.024905832919416584};-280.569866449044;42.1562548355165
42269;-98.1286783890053;((((_a1_ + _a7_) + ((x + log(pow2(_a7_))) * x)) / _a0_) * x);{'d0': {'_a0_': 0.29614178681386316, '_a1_': 1.8917504368190718, '_a7_': -1.366058666346618, '_a2_': 1.0, '_a3_': 1.0, '_a4_': 1.0, '_a5_': 1.0, '_a6_': 1.0}};{'d0': 0.024905832919416584};-280.569866449044;42.1562548355165
42270;-98.1286783890053;((((_a1_ + _a7_) + ((x + log(pow2(_a7_))) * x)) / _a0_) * x);{'d0': {'_a0_': 0.29614178681386316, '_a1_': 1.8917504368190718, '_a7_': -1.366058666346618, '_a2_': 1.0, '_a3_': 1.0, '_a4_': 1.0, '_a5_': 1.0, '_a6_': 1.0}};{'d0': 0.024905832919416584};-280.569866449044;42.1562548355165
42271;-98.1286783890053;((((_a1_ + _a7_) + ((x + log(pow2(_a7_))) * x)) / _a0_) * x);{'d0': {'_a0_': 0.29614178681386316, '_a1_': 1.8917504368190718, '_a7_': -1.366058666346618, '_a2_': 1.0, '_a3_': 1.0, '_a4_': 1.0, '_a5_': 1.0, '_a6_': 1.0}};{'d0': 0.024905832919416584};-280.569866449044;42.1562548355165
42272;-98.1286783890053;((((_a1_ + _a7_) + ((x + log(pow2(_a7_))) * x)) / _a0_) * x);{'d0': {'_a0_': 0.29614178681386316, '_a1_': 1.8917504368190718, '_a7_': -1.366058666346618, '_a2_': 1.0, '_a3_': 1.0, '_a4_': 1.0, '_a5_': 1.0, '_a6_': 1.0}};{'d0': 0.024905832919416584};-280.569866449044;42.1562548355165
42273;-98.1286783890053;((((_a1_ + _a7_) + ((x + log(pow2(_a7_))) * x)) / _a0_) * x);{'d0': {'_a0_': 0.29614178681386316, '_a1_': 1.8917504368190718, '_a7_': -1.366058666346618, '_a2_': 1.0, '_a3_': 1.0, '_a4_': 1.0, '_a5_': 1.0, '_a6_': 1.0}};{'d0': 0.024905832919416584};-280.569866449044;42.1562548355165
42274;-98.1286783890053;((((_a1_ + _a7_) + ((x + log(pow2(_a7_))) * x)) / _a0_) * x);{'d0': {'_a0_': 0.29614178681386316, '_a1_': 1.8917504368190718, '_a7_': -1.366058666346618, '_a2_': 1.0, '_a3_': 1.0, '_a4_': 1.0, '_a5_': 1.0, '_a6_': 1.0}};{'d0': 0.024905832919416584};-280.569866449044;42.1562548355165
42275;-98.1286783890053;((((_a1_ + _a7_) + ((x + log(pow2(_a7_))) * x)) / _a0_) * x);{'d0': {'_a0_': 0.29614178681386316, '_a1_': 1.8917504368190718, '_a7_': -1.366058666346618, '_a2_': 1.0, '_a3_': 1.0, '_a4_': 1.0, '_a5_': 1.0, '_a6_': 1.0}};{'d0': 0.024905832919416584};-280.569866449044;42.1562548355165
42276;-98.1286783890053;((((_a1_ + _a7_) + ((x + log(pow2(_a7_))) * x)) / _a0_) * x);{'d0': {'_a0_': 0.29614178681386316, '_a1_': 1.8917504368190718, '_a7_': -1.366058666346618, '_a2_': 1.0, '_a3_': 1.0, '_a4_': 1.0, '_a5_': 1.0, '_a6_': 1.0}};{'d0': 0.024905832919416584};-280.569866449044;42.1562548355165
42277;-98.1286783890053;((((_a1_ + _a7_) + ((x + log(pow2(_a7_))) * x)) / _a0_) * x);{'d0': {'_a0_': 0.29614178681386316, '_a1_': 1.8917504368190718, '_a7_': -1.366058666346618, '_a2_': 1.0, '_a3_': 1.0, '_a4_': 1.0, '_a5_': 1.0, '_a6_': 1.0}};{'d0': 0.024905832919416584};-280.569866449044;42.1562548355165
42278;-98.1286783890053;((((_a1_ + _a7_) + ((x + log(pow2(_a7_))) * x)) / _a0_) * x);{'d0': {'_a0_': 0.29614178681386316, '_a1_': 1.8917504368190718, '_a7_': -1.366058666346618, '_a2_': 1.0, '_a3_': 1.0, '_a4_': 1.0, '_a5_': 1.0, '_a6_': 1.0}};{'d0': 0.024905832919416584};-280.569866449044;42.1562548355165
42279;-104.049279438035;(((_a2_ + ((x + log(pow2(_a7_))) * x)) / _a0_) * x);{'d0': {'_a0_': 0.2961417865753949, '_a2_': 0.5256917698598137, '_a7_': -1.3660586663058454, '_a1_': 1.0, '_a3_': 1.0, '_a4_': 1.0, '_a5_': 1.0, '_a6_': 1.0}};{'d0': 0.024905832919416632};-280.569866449044;36.2356537864865
42280;-104.049279438035;(((_a2_ + ((x + log(pow2(_a7_))) * x)) / _a0_) * x);{'d0': {'_a0_': 0.2961417865753949, '_a2_': 0.5256917698598137, '_a7_': -1.3660586663058454, '_a1_': 1.0, '_a3_': 1.0, '_a4_': 1.0, '_a5_': 1.0, '_a6_': 1.0}};{'d0': 0.024905832919416632};-280.569866449044;36.2356537864865
42281;-104.049279438035;(((_a2_ + ((x + log(pow2(_a7_))) * x)) / _a0_) * x);{'d0': {'_a0_': 0.2961417865753949, '_a2_': 0.5256917698598137, '_a7_': -1.3660586663058454, '_a1_': 1.0, '_a3_': 1.0, '_a4_': 1.0, '_a5_': 1.0, '_a6_': 1.0}};{'d0': 0.024905832919416632};-280.569866449044;36.2356537864865
42282;-104.049279438035;(((_a2_ + ((x + log(pow2(_a7_))) * x)) / _a0_) * x);{'d0': {'_a0_': 0.2961417865753949, '_a2_': 0.5256917698598137, '_a7_': -1.3660586663058454, '_a1_': 1.0, '_a3_': 1.0, '_a4_': 1.0, '_a5_': 1.0, '_a6_': 1.0}};{'d0': 0.024905832919416632};-280.569866449044;36.2356537864865
42283;-104.049279438035;(((_a2_ + ((x + log(pow2(_a7_))) * x)) / _a0_) * x);{'d0': {'_a0_': 0.2961417865753949, '_a2_': 0.5256917698598137, '_a7_': -1.3660586663058454, '_a1_': 1.0, '_a3_': 1.0, '_a4_': 1.0, '_a5_': 1.0, '_a6_': 1.0}};{'d0': 0.024905832919416632};-280.569866449044;36.2356537864865
42284;-89.8792565648225;((((_a5_ * x) * (_a3_ * (x + sin(_a7_)))) + (_a7_ + (_a3_ ** _a3_))) * x);{'d0': {'_a3_': 1.0924892781383495, '_a5_': 3.0908869719061767, '_a7_': 0.6736712687052846, '_a0_': 1.0, '_a1_': 1.0, '_a2_': 1.0, '_a4_': 1.0, '_a6_': 1.0}};{'d0': 0.02490583291941661};-280.569866449044;50.40567665969956
42285;-89.8792565648225;((((_a5_ * x) * (_a3_ * (x + sin(_a7_)))) + (_a7_ + (_a3_ ** _a3_))) * x);{'d0': {'_a3_': 1.0924892781383495, '_a5_': 3.0908869719061767, '_a7_': 0.6736712687052846, '_a0_': 1.0, '_a1_': 1.0, '_a2_': 1.0, '_a4_': 1.0, '_a6_': 1.0}};{'d0': 0.02490583291941661};-280.569866449044;50.40567665969956
42286;-89.4723002270861;((((_a5_ * x) * (_a3_ * (x + abs(_a7_)))) + (_a7_ + (_a3_ ** _a3_))) * x);{'d0': {'_a3_': 1.132461446643483, '_a5_': 2.981788817994899, '_a7_': 0.623859415618839, '_a0_': 1.0, '_a1_': 1.0, '_a2_': 1.0, '_a4_': 1.0, '_a6_': 1.0}};{'d0': 0.024905832919416594};-280.569866449044;50.81263299743604
42287;-89.4723002270860;((((_a5_ * x) * (_a7_ * (x + abs(_a7_)))) + (_a7_ + (_a3_ ** _a3_))) * x);{'d0': {'_a3_': 1.1324614464683633, '_a5_': 5.412695223890071, '_a7_': 0.6238594154681513, '_a0_': 1.0, '_a1_': 1.0, '_a2_': 1.0, '_a4_': 1.0, '_a6_': 1.0}};{'d0': 0.02490583291941661};-280.569866449044;50.81263299743604
42288;-89.4723002270860;((((_a5_ * x) * (_a7_ * (x + abs(_a7_)))) + (_a7_ + (_a3_ ** _a3_))) * x);{'d0': {'_a3_': 1.1324614464683633, '_a5_': 5.412695223890071, '_a7_': 0.6238594154681513, '_a0_': 1.0, '_a1_': 1.0, '_a2_': 1.0, '_a4_': 1.0, '_a6_': 1.0}};{'d0': 0.02490583291941661};-280.569866449044;50.81263299743604
42289;-89.4723002270860;((((_a5_ * x) * (_a7_ * (x + abs(_a7_)))) + (_a7_ + (_a3_ ** _a3_))) * x);{'d0': {'_a3_': 1.1324614464683633, '_a5_': 5.412695223890071, '_a7_': 0.6238594154681513, '_a0_': 1.0, '_a1_': 1.0, '_a2_': 1.0, '_a4_': 1.0, '_a6_': 1.0}};{'d0': 0.02490583291941661};-280.569866449044;50.81263299743604
42290;-96.1358485731860;((((_a5_ * x) * (_a7_ * (x + abs(_a7_)))) + (_a7_ + _a0_)) * x);{'d0': {'_a0_': 1.151275988552007, '_a5_': 5.412695224254467, '_a7_': 0.6238594155469287, '_a1_': 1.0, '_a2_': 1.0, '_a3_': 1.0, '_a4_': 1.0, '_a6_': 1.0}};{'d0': 0.024905832919416636};-280.569866449044;44.14908465133604
42291;-96.1358485731860;((((_a5_ * x) * (_a7_ * (x + abs(_a7_)))) + (_a7_ + _a0_)) * x);{'d0': {'_a0_': 1.151275988552007, '_a5_': 5.412695224254467, '_a7_': 0.6238594155469287, '_a1_': 1.0, '_a2_': 1.0, '_a3_': 1.0, '_a4_': 1.0, '_a6_': 1.0}};{'d0': 0.024905832919416636};-280.569866449044;44.14908465133604
42292;-96.1358485731860;((((_a5_ * x) * (_a7_ * (x + abs(_a7_)))) + (_a7_ + _a0_)) * x);{'d0': {'_a0_': 1.151275988552007, '_a5_': 5.412695224254467, '_a7_': 0.6238594155469287, '_a1_': 1.0, '_a2_': 1.0, '_a3_': 1.0, '_a4_': 1.0, '_a6_': 1.0}};{'d0': 0.024905832919416636};-280.569866449044;44.14908465133604
42293;-96.1358485731860;((((_a5_ * x) * (_a7_ * (x + abs(_a7_)))) + (_a7_ + _a0_)) * x);{'d0': {'_a0_': 1.151275988552007, '_a5_': 5.412695224254467, '_a7_': 0.6238594155469287, '_a1_': 1.0, '_a2_': 1.0, '_a3_': 1.0, '_a4_': 1.0, '_a6_': 1.0}};{'d0': 0.024905832919416636};-280.569866449044;44.14908465133604
42294;-96.1358485731860;((((_a5_ * x) * (_a7_ * (x + abs(_a7_)))) + (_a7_ + _a0_)) * x);{'d0': {'_a0_': 1.151275988552007, '_a5_': 5.412695224254467, '_a7_': 0.6238594155469287, '_a1_': 1.0, '_a2_': 1.0, '_a3_': 1.0, '_a4_': 1.0, '_a6_': 1.0}};{'d0': 0.024905832919416636};-280.569866449044;44.14908465133604
42295;-96.1358485731860;((((_a5_ * x) * (_a7_ * (x + abs(_a7_)))) + (_a7_ + _a0_)) * x);{'d0': {'_a0_': 1.151275988552007, '_a5_': 5.412695224254467, '_a7_': 0.6238594155469287, '_a1_': 1.0, '_a2_': 1.0, '_a3_': 1.0, '_a4_': 1.0, '_a6_': 1.0}};{'d0': 0.024905832919416636};-280.569866449044;44.14908465133604
42296;-96.1358485731860;((((_a5_ * x) * (_a7_ * (x + abs(_a7_)))) + (_a7_ + _a0_)) * x);{'d0': {'_a0_': 1.151275988552007, '_a5_': 5.412695224254467, '_a7_': 0.6238594155469287, '_a1_': 1.0, '_a2_': 1.0, '_a3_': 1.0, '_a4_': 1.0, '_a6_': 1.0}};{'d0': 0.024905832919416636};-280.569866449044;44.14908465133604
42297;-96.1358485731860;((((_a5_ * x) * (_a7_ * (x + abs(_a7_)))) + (_a7_ + _a0_)) * x);{'d0': {'_a0_': 1.151275988552007, '_a5_': 5.412695224254467, '_a7_': 0.6238594155469287, '_a1_': 1.0, '_a2_': 1.0, '_a3_': 1.0, '_a4_': 1.0, '_a6_': 1.0}};{'d0': 0.024905832919416636};-280.569866449044;44.14908465133604
42298;-95.1921407623247;((((_a5_ * x) * (_a7_ * (x + (_a0_ + _a3_)))) + (_a7_ + _a0_)) * x);{'d0': {'_a0_': 1.4322078960535183, '_a3_': -0.808348480505041, '_a5_': 9.84686198126846, '_a7_': 0.3429275076493678, '_a1_': 1.0, '_a2_': 1.0, '_a4_': 1.0, '_a6_': 1.0}};{'d0': 0.024905832920305113};-276.475521884681;43.04562018001604
42299;-95.1921407623247;((((_a5_ * x) * (_a7_ * (x + (_a0_ + _a3_)))) + (_a7_ + _a0_)) * x);{'d0': {'_a0_': 1.4322078960535183, '_a3_': -0.808348480505041, '_a5_': 9.84686198126846, '_a7_': 0.3429275076493678, '_a1_': 1.0, '_a2_': 1.0, '_a4_': 1.0, '_a6_': 1.0}};{'d0': 0.024905832920305113};-276.475521884681;43.04562018001604
42300;-95.1921407623247;((((_a5_ * x) * (_a7_ * (x + (_a0_ + _a3_)))) + (_a7_ + _a0_)) * x);{'d0': {'_a0_': 1.4322078960535183, '_a3_': -0.808348480505041, '_a5_': 9.84686198126846, '_a7_': 0.3429275076493678, '_a1_': 1.0, '_a2_': 1.0, '_a4_': 1.0, '_a6_': 1.0}};{'d0': 0.024905832920305113};-276.475521884681;43.04562018001604
42301;-95.1921407623247;((((_a5_ * x) * (_a7_ * (x + (_a0_ + _a3_)))) + (_a7_ + _a0_)) * x);{'d0': {'_a0_': 1.4322078960535183, '_a3_': -0.808348480505041, '_a5_': 9.84686198126846, '_a7_': 0.3429275076493678, '_a1_': 1.0, '_a2_': 1.0, '_a4_': 1.0, '_a6_': 1.0}};{'d0': 0.024905832920305113};-276.475521884681;43.04562018001604
42302;-95.1921407623247;((((_a5_ * x) * (_a7_ * (x + (_a0_ + _a3_)))) + (_a7_ + _a0_)) * x);{'d0': {'_a0_': 1.4322078960535183, '_a3_': -0.808348480505041, '_a5_': 9.84686198126846, '_a7_': 0.3429275076493678, '_a1_': 1.0, '_a2_': 1.0, '_a4_': 1.0, '_a6_': 1.0}};{'d0': 0.024905832920305113};-276.475521884681;43.04562018001604
42303;-95.1921407623247;((((_a5_ * x) * (_a7_ * (x + (_a0_ + _a3_)))) + (_a7_ + _a0_)) * x);{'d0': {'_a0_': 1.4322078960535183, '_a3_': -0.808348480505041, '_a5_': 9.84686198126846, '_a7_': 0.3429275076493678, '_a1_': 1.0, '_a2_': 1.0, '_a4_': 1.0, '_a6_': 1.0}};{'d0': 0.024905832920305113};-276.475521884681;43.04562018001604
42304;-101.274654092693;(((_a2_ + ((x + log(pow2(_a7_))) * x)) * pow2(_a1_)) * x);{'d0': {'_a1_': 1.8375964949734325, '_a2_': 0.5256917704012741, '_a7_': -1.3660586663770564, '_a0_': 1.0, '_a3_': 1.0, '_a4_': 1.0, '_a5_': 1.0, '_a6_': 1.0}};{'d0': 0.024905832919416646};-280.569866449044;39.0102791318291
42305;-101.274654092693;(((_a2_ + ((x + log(pow2(_a7_))) * x)) * pow2(_a1_)) * x);{'d0': {'_a1_': 1.8375964949734325, '_a2_': 0.5256917704012741, '_a7_': -1.3660586663770564, '_a0_': 1.0, '_a3_': 1.0, '_a4_': 1.0, '_a5_': 1.0, '_a6_': 1.0}};{'d0': 0.024905832919416646};-280.569866449044;39.0102791318291
42306;-101.274654092693;(((_a2_ + ((x + log(pow2(_a7_))) * x)) * pow2(_a1_)) * x);{'d0': {'_a1_': 1.8375964949734325, '_a2_': 0.5256917704012741, '_a7_': -1.3660586663770564, '_a0_': 1.0, '_a3_': 1.0, '_a4_': 1.0, '_a5_': 1.0, '_a6_': 1.0}};{'d0': 0.024905832919416646};-280.569866449044;39.0102791318291
42307;-101.274654092693;(((_a2_ + ((x + log(pow2(_a7_))) * x)) * pow2(_a1_)) * x);{'d0': {'_a1_': 1.8375964949734325, '_a2_': 0.5256917704012741, '_a7_': -1.3660586663770564, '_a0_': 1.0, '_a3_': 1.0, '_a4_': 1.0, '_a5_': 1.0, '_a6_': 1.0}};{'d0': 0.024905832919416646};-280.569866449044;39.0102791318291
42308;-101.274654092693;(((_a2_ + ((x + log(pow2(_a7_))) * x)) * pow2(_a1_)) * x);{'d0': {'_a1_': 1.8375964949734325, '_a2_': 0.5256917704012741, '_a7_': -1.3660586663770564, '_a0_': 1.0, '_a3_': 1.0, '_a4_': 1.0, '_a5_': 1.0, '_a6_': 1.0}};{'d0': 0.024905832919416646};-280.569866449044;39.0102791318291
42309;-101.274654092693;(((_a2_ + ((x + log(pow2(_a7_))) * x)) * pow2(_a1_)) * x);{'d0': {'_a1_': 1.8375964949734325, '_a2_': 0.5256917704012741, '_a7_': -1.3660586663770564, '_a0_': 1.0, '_a3_': 1.0, '_a4_': 1.0, '_a5_': 1.0, '_a6_': 1.0}};{'d0': 0.024905832919416646};-280.569866449044;39.0102791318291
42310;-99.6065204306426;(((_a2_ + ((x + log(exp(_a7_))) * x)) * pow2(_a1_)) * x);{'d0': {'_a1_': 1.8375964948021664, '_a2_': 0.5256917706199882, '_a7_': 0.6238594157160077, '_a0_': 1.0, '_a3_': 1.0, '_a4_': 1.0, '_a5_': 1.0, '_a6_': 1.0}};{'d0': 0.02490583291941665};-280.569866449044;40.678412793879104
42311;-99.6065204306426;(((_a2_ + ((x + log(exp(_a7_))) * x)) * pow2(_a1_)) * x);{'d0': {'_a1_': 1.8375964948021664, '_a2_': 0.5256917706199882, '_a7_': 0.6238594157160077, '_a0_': 1.0, '_a3_': 1.0, '_a4_': 1.0, '_a5_': 1.0, '_a6_': 1.0}};{'d0': 0.02490583291941665};-280.569866449044;40.678412793879104
42312;-99.6065204306426;(((_a2_ + ((x + log(exp(_a7_))) * x)) * pow2(_a1_)) * x);{'d0': {'_a1_': 1.8375964948021664, '_a2_': 0.5256917706199882, '_a7_': 0.6238594157160077, '_a0_': 1.0, '_a3_': 1.0, '_a4_': 1.0, '_a5_': 1.0, '_a6_': 1.0}};{'d0': 0.02490583291941665};-280.569866449044;40.678412793879104
42313;-99.6065204306426;(((_a2_ + ((x + log(exp(_a7_))) * x)) * pow2(_a1_)) * x);{'d0': {'_a1_': 1.8375964948021664, '_a2_': 0.5256917706199882, '_a7_': 0.6238594157160077, '_a0_': 1.0, '_a3_': 1.0, '_a4_': 1.0, '_a5_': 1.0, '_a6_': 1.0}};{'d0': 0.02490583291941665};-280.569866449044;40.678412793879104
42314;-99.6065204306426;(((_a2_ + ((x + log(exp(_a7_))) * x)) * pow2(_a1_)) * x);{'d0': {'_a1_': 1.8375964948021664, '_a2_': 0.5256917706199882, '_a7_': 0.6238594157160077, '_a0_': 1.0, '_a3_': 1.0, '_a4_': 1.0, '_a5_': 1.0, '_a6_': 1.0}};{'d0': 0.02490583291941665};-280.569866449044;40.678412793879104
42315;-99.6065204306426;(((_a2_ + ((x + log(exp(_a7_))) * x)) * pow2(_a1_)) * x);{'d0': {'_a1_': 1.8375964948021664, '_a2_': 0.5256917706199882, '_a7_': 0.6238594157160077, '_a0_': 1.0, '_a3_': 1.0, '_a4_': 1.0, '_a5_': 1.0, '_a6_': 1.0}};{'d0': 0.02490583291941665};-280.569866449044;40.678412793879104
42316;-99.6065204306426;(((_a2_ + ((x + log(exp(_a7_))) * x)) * pow2(_a1_)) * x);{'d0': {'_a1_': 1.8375964948021664, '_a2_': 0.5256917706199882, '_a7_': 0.6238594157160077, '_a0_': 1.0, '_a3_': 1.0, '_a4_': 1.0, '_a5_': 1.0, '_a6_': 1.0}};{'d0': 0.02490583291941665};-280.569866449044;40.678412793879104
42317;-94.2666574201226;(((sqrt(_a5_) + ((x + log(exp(_a7_))) * x)) * pow2(_a1_)) * x);{'d0': {'_a1_': 1.8375964948725805, '_a5_': 0.2763518375043828, '_a7_': 0.6238594155214428, '_a0_': 1.0, '_a2_': 1.0, '_a3_': 1.0, '_a4_': 1.0, '_a6_': 1.0}};{'d0': 0.024905832919416653};-280.569866449044;46.0182758043991
42318;-97.9645918927326;(((sqrt(_a5_) + ((x + log(exp(_a7_))) * x)) * _a0_) * x);{'d0': {'_a0_': 3.3767608769118125, '_a5_': 0.2763518377666177, '_a7_': 0.6238594155824134, '_a1_': 1.0, '_a2_': 1.0, '_a3_': 1.0, '_a4_': 1.0, '_a6_': 1.0}};{'d0': 0.024905832919416608};-280.569866449044;42.3203413317891
42319;-97.9645918927326;(((sqrt(_a5_) + ((x + log(exp(_a7_))) * x)) * _a0_) * x);{'d0': {'_a0_': 3.3767608769118125, '_a5_': 0.2763518377666177, '_a7_': 0.6238594155824134, '_a1_': 1.0, '_a2_': 1.0, '_a3_': 1.0, '_a4_': 1.0, '_a6_': 1.0}};{'d0': 0.024905832919416608};-280.569866449044;42.3203413317891
42320;-95.4569908243497;((((_a6_ / _a4_) + ((x + log(exp(_a7_))) * x)) * _a0_) * x);{'d0': {'_a0_': 3.3767608956540824, '_a4_': 4.549196857194935, '_a6_': 2.3914735821341466, '_a7_': 0.6238594162825891, '_a1_': 1.0, '_a2_': 1.0, '_a3_': 1.0, '_a5_': 1.0}};{'d0': 0.024905832945475943};-276.475521824043;42.7807700876715
42321;-95.4569908243497;((((_a6_ / _a4_) + ((x + log(exp(_a7_))) * x)) * _a0_) * x);{'d0': {'_a0_': 3.3767608956540824, '_a4_': 4.549196857194935, '_a6_': 2.3914735821341466, '_a7_': 0.6238594162825891, '_a1_': 1.0, '_a2_': 1.0, '_a3_': 1.0, '_a5_': 1.0}};{'d0': 0.024905832945475943};-276.475521824043;42.7807700876715
42322;-95.4569908243497;((((_a6_ / _a4_) + ((x + log(exp(_a7_))) * x)) * _a0_) * x);{'d0': {'_a0_': 3.3767608956540824, '_a4_': 4.549196857194935, '_a6_': 2.3914735821341466, '_a7_': 0.6238594162825891, '_a1_': 1.0, '_a2_': 1.0, '_a3_': 1.0, '_a5_': 1.0}};{'d0': 0.024905832945475943};-276.475521824043;42.7807700876715
42323;-95.4569908243497;((((_a6_ / _a4_) + ((x + log(exp(_a7_))) * x)) * _a0_) * x);{'d0': {'_a0_': 3.3767608956540824, '_a4_': 4.549196857194935, '_a6_': 2.3914735821341466, '_a7_': 0.6238594162825891, '_a1_': 1.0, '_a2_': 1.0, '_a3_': 1.0, '_a5_': 1.0}};{'d0': 0.024905832945475943};-276.475521824043;42.7807700876715
42324;-100.823058990394;((((_a6_ / _a4_) + ((x + log(_a1_)) * x)) * _a0_) * x);{'d0': {'_a0_': 3.376760886416211, '_a1_': 1.8661162779103173, '_a4_': -36969.24349149587, '_a6_': -19434.426790114467, '_a2_': 1.0, '_a3_': 1.0, '_a5_': 1.0, '_a7_': 1.0}};{'d0': 0.02490583291942102};-276.475521886811;37.4147019530115
42325;-100.823058990394;((((_a6_ / _a4_) + ((x + log(_a1_)) * x)) * _a0_) * x);{'d0': {'_a0_': 3.376760886416211, '_a1_': 1.8661162779103173, '_a4_': -36969.24349149587, '_a6_': -19434.426790114467, '_a2_': 1.0, '_a3_': 1.0, '_a5_': 1.0, '_a7_': 1.0}};{'d0': 0.02490583291942102};-276.475521886811;37.4147019530115
42326;-104.990575877652;(((-(_a7_) + ((x + log(_a1_)) * x)) * _a0_) * x);{'d0': {'_a0_': 3.3767608791593604, '_a1_': 1.866116279770114, '_a7_': -0.5256917701398313, '_a2_': 1.0, '_a3_': 1.0, '_a4_': 1.0, '_a5_': 1.0, '_a6_': 1.0}};{'d0': 0.02490583291941659};-280.569866449044;35.29435734686949
42327;-104.990575877652;(((-(_a7_) + ((x + log(_a1_)) * x)) * _a0_) * x);{'d0': {'_a0_': 3.3767608791593604, '_a1_': 1.866116279770114, '_a7_': -0.5256917701398313, '_a2_': 1.0, '_a3_': 1.0, '_a4_': 1.0, '_a5_': 1.0, '_a6_': 1.0}};{'d0': 0.02490583291941659};-280.569866449044;35.29435734686949
42328;-104.990575877652;(((-(_a7_) + ((x + log(_a1_)) * x)) * _a0_) * x);{'d0': {'_a0_': 3.3767608791593604, '_a1_': 1.866116279770114, '_a7_': -0.5256917701398313, '_a2_': 1.0, '_a3_': 1.0, '_a4_': 1.0, '_a5_': 1.0, '_a6_': 1.0}};{'d0': 0.02490583291941659};-280.569866449044;35.29435734686949
42329;-104.990575877652;(((-(_a7_) + ((x + log(_a1_)) * x)) * _a0_) * x);{'d0': {'_a0_': 3.3767608791593604, '_a1_': 1.866116279770114, '_a7_': -0.5256917701398313, '_a2_': 1.0, '_a3_': 1.0, '_a4_': 1.0, '_a5_': 1.0, '_a6_': 1.0}};{'d0': 0.02490583291941659};-280.569866449044;35.29435734686949
42330;-104.990575877652;(((-(_a7_) + ((x + log(_a1_)) * x)) * _a0_) * x);{'d0': {'_a0_': 3.3767608791593604, '_a1_': 1.866116279770114, '_a7_': -0.5256917701398313, '_a2_': 1.0, '_a3_': 1.0, '_a4_': 1.0, '_a5_': 1.0, '_a6_': 1.0}};{'d0': 0.02490583291941659};-280.569866449044;35.29435734686949
42331;-96.5428049109225;((((_a7_ * x) * (_a7_ * (x + _a1_))) + (sin(_a1_) + _a0_)) * x);{'d0': {'_a0_': 1.1909634840712764, '_a1_': 0.6238594156790289, '_a7_': 1.8375964947951282, '_a2_': 1.0, '_a3_': 1.0, '_a4_': 1.0, '_a5_': 1.0, '_a6_': 1.0}};{'d0': 0.024905832919416657};-280.569866449044;43.74212831359956
42332;-96.5428049109225;((((_a7_ * x) * (_a7_ * (x + _a1_))) + (sin(_a1_) + _a0_)) * x);{'d0': {'_a0_': 1.1909634840712764, '_a1_': 0.6238594156790289, '_a7_': 1.8375964947951282, '_a2_': 1.0, '_a3_': 1.0, '_a4_': 1.0, '_a5_': 1.0, '_a6_': 1.0}};{'d0': 0.024905832919416657};-280.569866449044;43.74212831359956
42333;-96.5428049109225;((((_a7_ * x) * (_a7_ * (x + _a1_))) + (sin(_a1_) + _a0_)) * x);{'d0': {'_a0_': 1.1909634840712764, '_a1_': 0.6238594156790289, '_a7_': 1.8375964947951282, '_a2_': 1.0, '_a3_': 1.0, '_a4_': 1.0, '_a5_': 1.0, '_a6_': 1.0}};{'d0': 0.024905832919416657};-280.569866449044;43.74212831359956
42334;-104.990575877652;(((-(_a7_) + ((x + log(_a1_)) * x)) * _a0_) * x);{'d0': {'_a0_': 3.3767608791593604, '_a1_': 1.866116279770114, '_a7_': -0.5256917701398313, '_a2_': 1.0, '_a3_': 1.0, '_a4_': 1.0, '_a5_': 1.0, '_a6_': 1.0}};{'d0': 0.02490583291941659};-280.569866449044;35.29435734686949
42335;-104.990575877652;(((-(_a7_) + ((x + log(_a1_)) * x)) * _a0_) * x);{'d0': {'_a0_': 3.3767608791593604, '_a1_': 1.866116279770114, '_a7_': -0.5256917701398313, '_a2_': 1.0, '_a3_': 1.0, '_a4_': 1.0, '_a5_': 1.0, '_a6_': 1.0}};{'d0': 0.02490583291941659};-280.569866449044;35.29435734686949
42336;-104.990575877652;(((-(_a7_) + ((x + log(_a1_)) * x)) * _a0_) * x);{'d0': {'_a0_': 3.3767608791593604, '_a1_': 1.866116279770114, '_a7_': -0.5256917701398313, '_a2_': 1.0, '_a3_': 1.0, '_a4_': 1.0, '_a5_': 1.0, '_a6_': 1.0}};{'d0': 0.02490583291941659};-280.569866449044;35.29435734686949
42337;-104.990575877652;(((-(_a7_) + ((x + log(_a1_)) * x)) * _a0_) * x);{'d0': {'_a0_': 3.3767608791593604, '_a1_': 1.866116279770114, '_a7_': -0.5256917701398313, '_a2_': 1.0, '_a3_': 1.0, '_a4_': 1.0, '_a5_': 1.0, '_a6_': 1.0}};{'d0': 0.02490583291941659};-280.569866449044;35.29435734686949
42338;-104.990575877652;(((-(_a7_) + ((x + log(_a1_)) * x)) * _a0_) * x);{'d0': {'_a0_': 3.3767608791593604, '_a1_': 1.866116279770114, '_a7_': -0.5256917701398313, '_a2_': 1.0, '_a3_': 1.0, '_a4_': 1.0, '_a5_': 1.0, '_a6_': 1.0}};{'d0': 0.02490583291941659};-280.569866449044;35.29435734686949
42339;-104.990575877652;(((-(_a7_) + ((x + log(_a1_)) * x)) * _a0_) * x);{'d0': {'_a0_': 3.3767608791593604, '_a1_': 1.866116279770114, '_a7_': -0.5256917701398313, '_a2_': 1.0, '_a3_': 1.0, '_a4_': 1.0, '_a5_': 1.0, '_a6_': 1.0}};{'d0': 0.02490583291941659};-280.569866449044;35.29435734686949
42340;-104.990575877652;(((-(_a7_) + ((x + log(_a1_)) * x)) * _a0_) * x);{'d0': {'_a0_': 3.3767608791593604, '_a1_': 1.866116279770114, '_a7_': -0.5256917701398313, '_a2_': 1.0, '_a3_': 1.0, '_a4_': 1.0, '_a5_': 1.0, '_a6_': 1.0}};{'d0': 0.02490583291941659};-280.569866449044;35.29435734686949
42341;-104.990575877652;(((-(_a7_) + ((x + log(_a1_)) * x)) * _a0_) * x);{'d0': {'_a0_': 3.3767608791593604, '_a1_': 1.866116279770114, '_a7_': -0.5256917701398313, '_a2_': 1.0, '_a3_': 1.0, '_a4_': 1.0, '_a5_': 1.0, '_a6_': 1.0}};{'d0': 0.02490583291941659};-280.569866449044;35.29435734686949
42342;-104.990575877652;(((-(_a7_) + ((x + log(_a1_)) * x)) * _a0_) * x);{'d0': {'_a0_': 3.3767608791593604, '_a1_': 1.866116279770114, '_a7_': -0.5256917701398313, '_a2_': 1.0, '_a3_': 1.0, '_a4_': 1.0, '_a5_': 1.0, '_a6_': 1.0}};{'d0': 0.02490583291941659};-280.569866449044;35.29435734686949
42343;-104.990575877652;(((-(_a7_) + ((x + log(_a1_)) * x)) * _a0_) * x);{'d0': {'_a0_': 3.3767608791593604, '_a1_': 1.866116279770114, '_a7_': -0.5256917701398313, '_a2_': 1.0, '_a3_': 1.0, '_a4_': 1.0, '_a5_': 1.0, '_a6_': 1.0}};{'d0': 0.02490583291941659};-280.569866449044;35.29435734686949
42344;-104.990575877652;(((-(_a7_) + ((x + log(_a1_)) * x)) * _a0_) * x);{'d0': {'_a0_': 3.3767608791593604, '_a1_': 1.866116279770114, '_a7_': -0.5256917701398313, '_a2_': 1.0, '_a3_': 1.0, '_a4_': 1.0, '_a5_': 1.0, '_a6_': 1.0}};{'d0': 0.02490583291941659};-280.569866449044;35.29435734686949
42345;-104.990575877652;(((-(_a7_) + ((x + log(_a1_)) * x)) * _a0_) * x);{'d0': {'_a0_': 3.3767608791593604, '_a1_': 1.866116279770114, '_a7_': -0.5256917701398313, '_a2_': 1.0, '_a3_': 1.0, '_a4_': 1.0, '_a5_': 1.0, '_a6_': 1.0}};{'d0': 0.02490583291941659};-280.569866449044;35.29435734686949
42346;-104.990575877652;(((-(_a7_) + ((x + log(_a1_)) * x)) * _a0_) * x);{'d0': {'_a0_': 3.3767608791593604, '_a1_': 1.866116279770114, '_a7_': -0.5256917701398313, '_a2_': 1.0, '_a3_': 1.0, '_a4_': 1.0, '_a5_': 1.0, '_a6_': 1.0}};{'d0': 0.02490583291941659};-280.569866449044;35.29435734686949
42347;-103.280223376164;((((_a1_ * x) * (_a7_ * (x + _a1_))) + (_a1_ / _a0_)) * x);{'d0': {'_a0_': 0.35144328374120476, '_a1_': 0.6238594156102281, '_a7_': 5.412695222187445, '_a2_': 1.0, '_a3_': 1.0, '_a4_': 1.0, '_a5_': 1.0, '_a6_': 1.0}};{'d0': 0.024905832919416625};-280.569866449044;37.00470984835844
42348;-103.280223376164;((((_a1_ * x) * (_a7_ * (x + _a1_))) + (_a1_ / _a0_)) * x);{'d0': {'_a0_': 0.35144328374120476, '_a1_': 0.6238594156102281, '_a7_': 5.412695222187445, '_a2_': 1.0, '_a3_': 1.0, '_a4_': 1.0, '_a5_': 1.0, '_a6_': 1.0}};{'d0': 0.024905832919416625};-280.569866449044;37.00470984835844
42349;-103.280223376164;((((_a1_ * x) * (_a7_ * (x + _a1_))) + (_a1_ / _a0_)) * x);{'d0': {'_a0_': 0.35144328374120476, '_a1_': 0.6238594156102281, '_a7_': 5.412695222187445, '_a2_': 1.0, '_a3_': 1.0, '_a4_': 1.0, '_a5_': 1.0, '_a6_': 1.0}};{'d0': 0.024905832919416625};-280.569866449044;37.00470984835844
42350;-98.2585261643846;((((_a1_ * x) * ((_a5_ * _a5_) * (x + _a1_))) + (_a1_ / _a0_)) * x);{'d0': {'_a0_': 0.35144328376907163, '_a1_': 0.6238594156390095, '_a5_': 2.3265199811312445, '_a2_': 1.0, '_a3_': 1.0, '_a4_': 1.0, '_a6_': 1.0, '_a7_': 1.0}};{'d0': 0.024905832919416608};-280.569866449044;42.02640706013744
42351;-98.2585261643846;((((_a1_ * x) * ((_a5_ * _a5_) * (x + _a1_))) + (_a1_ / _a0_)) * x);{'d0': {'_a0_': 0.35144328376907163, '_a1_': 0.6238594156390095, '_a5_': 2.3265199811312445, '_a2_': 1.0, '_a3_': 1.0, '_a4_': 1.0, '_a6_': 1.0, '_a7_': 1.0}};{'d0': 0.024905832919416608};-280.569866449044;42.02640706013744
42352;-98.2585261643846;((((_a1_ * x) * ((_a5_ * _a5_) * (x + _a1_))) + (_a1_ / _a0_)) * x);{'d0': {'_a0_': 0.35144328376907163, '_a1_': 0.6238594156390095, '_a5_': 2.3265199811312445, '_a2_': 1.0, '_a3_': 1.0, '_a4_': 1.0, '_a6_': 1.0, '_a7_': 1.0}};{'d0': 0.024905832919416608};-280.569866449044;42.02640706013744
42353;-98.2585261643846;((((_a1_ * x) * ((_a5_ * _a5_) * (x + _a1_))) + (_a1_ / _a0_)) * x);{'d0': {'_a0_': 0.35144328376907163, '_a1_': 0.6238594156390095, '_a5_': 2.3265199811312445, '_a2_': 1.0, '_a3_': 1.0, '_a4_': 1.0, '_a6_': 1.0, '_a7_': 1.0}};{'d0': 0.024905832919416608};-280.569866449044;42.02640706013744
42354;-98.2585261643846;((((_a1_ * x) * ((_a5_ * _a5_) * (x + _a1_))) + (_a1_ / _a0_)) * x);{'d0': {'_a0_': 0.35144328376907163, '_a1_': 0.6238594156390095, '_a5_': 2.3265199811312445, '_a2_': 1.0, '_a3_': 1.0, '_a4_': 1.0, '_a6_': 1.0, '_a7_': 1.0}};{'d0': 0.024905832919416608};-280.569866449044;42.02640706013744
42355;-98.2585261643846;((((_a1_ * x) * ((_a5_ * _a5_) * (x + _a1_))) + (_a1_ / _a0_)) * x);{'d0': {'_a0_': 0.35144328376907163, '_a1_': 0.6238594156390095, '_a5_': 2.3265199811312445, '_a2_': 1.0, '_a3_': 1.0, '_a4_': 1.0, '_a6_': 1.0, '_a7_': 1.0}};{'d0': 0.024905832919416608};-280.569866449044;42.02640706013744
42356;-98.2585261643846;((((_a1_ * x) * ((_a5_ * _a5_) * (x + _a1_))) + (_a1_ / _a0_)) * x);{'d0': {'_a0_': 0.35144328376907163, '_a1_': 0.6238594156390095, '_a5_': 2.3265199811312445, '_a2_': 1.0, '_a3_': 1.0, '_a4_': 1.0, '_a6_': 1.0, '_a7_': 1.0}};{'d0': 0.024905832919416608};-280.569866449044;42.02640706013744
42357;-98.2585261643846;((((_a1_ * x) * ((_a5_ * _a5_) * (x + _a1_))) + (_a1_ / _a0_)) * x);{'d0': {'_a0_': 0.35144328376907163, '_a1_': 0.6238594156390095, '_a5_': 2.3265199811312445, '_a2_': 1.0, '_a3_': 1.0, '_a4_': 1.0, '_a6_': 1.0, '_a7_': 1.0}};{'d0': 0.024905832919416608};-280.569866449044;42.02640706013744
42358;-98.2585261643846;((((_a1_ * x) * ((_a5_ * _a5_) * (x + _a1_))) + (_a1_ / _a0_)) * x);{'d0': {'_a0_': 0.35144328376907163, '_a1_': 0.6238594156390095, '_a5_': 2.3265199811312445, '_a2_': 1.0, '_a3_': 1.0, '_a4_': 1.0, '_a6_': 1.0, '_a7_': 1.0}};{'d0': 0.024905832919416608};-280.569866449044;42.02640706013744
42359;-98.2585261643846;((((_a1_ * x) * ((_a5_ * _a5_) * (x + _a1_))) + (_a1_ / _a0_)) * x);{'d0': {'_a0_': 0.35144328376907163, '_a1_': 0.6238594156390095, '_a5_': 2.3265199811312445, '_a2_': 1.0, '_a3_': 1.0, '_a4_': 1.0, '_a6_': 1.0, '_a7_': 1.0}};{'d0': 0.024905832919416608};-280.569866449044;42.02640706013744
42360;-98.2585261643846;((((_a1_ * x) * ((_a5_ * _a5_) * (x + _a1_))) + (_a1_ / _a0_)) * x);{'d0': {'_a0_': 0.35144328376907163, '_a1_': 0.6238594156390095, '_a5_': 2.3265199811312445, '_a2_': 1.0, '_a3_': 1.0, '_a4_': 1.0, '_a6_': 1.0, '_a7_': 1.0}};{'d0': 0.024905832919416608};-280.569866449044;42.02640706013744
42361;-98.2585261643846;((((_a1_ * x) * ((_a5_ * _a5_) * (x + _a1_))) + (_a1_ / _a0_)) * x);{'d0': {'_a0_': 0.35144328376907163, '_a1_': 0.6238594156390095, '_a5_': 2.3265199811312445, '_a2_': 1.0, '_a3_': 1.0, '_a4_': 1.0, '_a6_': 1.0, '_a7_': 1.0}};{'d0': 0.024905832919416608};-280.569866449044;42.02640706013744
42362;-98.2585261643846;((((_a1_ * x) * ((_a5_ * _a5_) * (x + _a1_))) + (_a1_ / _a0_)) * x);{'d0': {'_a0_': 0.35144328376907163, '_a1_': 0.6238594156390095, '_a5_': 2.3265199811312445, '_a2_': 1.0, '_a3_': 1.0, '_a4_': 1.0, '_a6_': 1.0, '_a7_': 1.0}};{'d0': 0.024905832919416608};-280.569866449044;42.02640706013744
42363;-98.2585261643846;((((_a0_ * x) * ((_a5_ * _a5_) * (x + _a1_))) + (_a1_ / _a0_)) * x);{'d0': {'_a0_': 0.35144328376518535, '_a1_': 0.6238594155459147, '_a5_': 3.09972045902112, '_a2_': 1.0, '_a3_': 1.0, '_a4_': 1.0, '_a6_': 1.0, '_a7_': 1.0}};{'d0': 0.024905832919416605};-280.569866449044;42.02640706013744
42364;-103.280223376164;((((_a0_ * x) * (_a2_ * (x + _a1_))) + (_a1_ / _a0_)) * x);{'d0': {'_a0_': 0.3514432837077749, '_a1_': 0.623859415539863, '_a2_': 9.6082669205466, '_a3_': 1.0, '_a4_': 1.0, '_a5_': 1.0, '_a6_': 1.0, '_a7_': 1.0}};{'d0': 0.024905832919416625};-280.569866449044;37.00470984835844
42365;-103.280223376164;((((_a0_ * x) * (_a2_ * (x + _a1_))) + (_a1_ / _a0_)) * x);{'d0': {'_a0_': 0.3514432837077749, '_a1_': 0.623859415539863, '_a2_': 9.6082669205466, '_a3_': 1.0, '_a4_': 1.0, '_a5_': 1.0, '_a6_': 1.0, '_a7_': 1.0}};{'d0': 0.024905832919416625};-280.569866449044;37.00470984835844
42366;-104.429306858732;(((-(_a7_) + ((x + (x + _a5_)) * x)) * _a0_) * x);{'d0': {'_a0_': 1.6883804398777436, '_a5_': 1.247718831269547, '_a7_': -1.051383540250659, '_a1_': 1.0, '_a2_': 1.0, '_a3_': 1.0, '_a4_': 1.0, '_a6_': 1.0}};{'d0': 0.024905832919416667};-280.569866449044;35.85562636578949
42367;-104.429306858732;(((-(_a7_) + ((x + (x + _a5_)) * x)) * _a0_) * x);{'d0': {'_a0_': 1.6883804398777436, '_a5_': 1.247718831269547, '_a7_': -1.051383540250659, '_a1_': 1.0, '_a2_': 1.0, '_a3_': 1.0, '_a4_': 1.0, '_a6_': 1.0}};{'d0': 0.024905832919416667};-280.569866449044;35.85562636578949
42368;-101.588817650122;(((-(_a7_) + ((x + sinh(_a6_)) * x)) * _a0_) * x);{'d0': {'_a0_': 3.376760876258042, '_a6_': 0.5891762243026646, '_a7_': -0.5256917708717009, '_a1_': 1.0, '_a2_': 1.0, '_a3_': 1.0, '_a4_': 1.0, '_a5_': 1.0}};{'d0': 0.02490583291941665};-280.569866449044;38.69611557439949
42369;-101.588817650122;(((-(_a7_) + ((x + sinh(_a6_)) * x)) * _a0_) * x);{'d0': {'_a0_': 3.376760876258042, '_a6_': 0.5891762243026646, '_a7_': -0.5256917708717009, '_a1_': 1.0, '_a2_': 1.0, '_a3_': 1.0, '_a4_': 1.0, '_a5_': 1.0}};{'d0': 0.02490583291941665};-280.569866449044;38.69611557439949
42370;-101.588817650122;(((-(_a7_) + ((x + sinh(_a6_)) * x)) * _a0_) * x);{'d0': {'_a0_': 3.376760876258042, '_a6_': 0.5891762243026646, '_a7_': -0.5256917708717009, '_a1_': 1.0, '_a2_': 1.0, '_a3_': 1.0, '_a4_': 1.0, '_a5_': 1.0}};{'d0': 0.02490583291941665};-280.569866449044;38.69611557439949
42371;-101.588817650122;(((-(_a7_) + ((x + sinh(_a6_)) * x)) * _a0_) * x);{'d0': {'_a0_': 3.376760876258042, '_a6_': 0.5891762243026646, '_a7_': -0.5256917708717009, '_a1_': 1.0, '_a2_': 1.0, '_a3_': 1.0, '_a4_': 1.0, '_a5_': 1.0}};{'d0': 0.02490583291941665};-280.569866449044;38.69611557439949
42372;-101.588817650122;(((-(_a7_) + ((x + sinh(_a6_)) * x)) * _a0_) * x);{'d0': {'_a0_': 3.376760876258042, '_a6_': 0.5891762243026646, '_a7_': -0.5256917708717009, '_a1_': 1.0, '_a2_': 1.0, '_a3_': 1.0, '_a4_': 1.0, '_a5_': 1.0}};{'d0': 0.02490583291941665};-280.569866449044;38.69611557439949
42373;-101.588817650122;(((-(_a7_) + ((x + sinh(_a6_)) * x)) * _a0_) * x);{'d0': {'_a0_': 3.376760876258042, '_a6_': 0.5891762243026646, '_a7_': -0.5256917708717009, '_a1_': 1.0, '_a2_': 1.0, '_a3_': 1.0, '_a4_': 1.0, '_a5_': 1.0}};{'d0': 0.02490583291941665};-280.569866449044;38.69611557439949
42374;-103.714447007906;((((_a0_ * x) * (_a2_ * (x + _a1_))) + exp(_a2_)) * x);{'d0': {'_a0_': 5.884122581694616, '_a1_': 0.6238594157821297, '_a2_': 0.5738767046222856, '_a3_': 1.0, '_a4_': 1.0, '_a5_': 1.0, '_a6_': 1.0, '_a7_': 1.0}};{'d0': 0.02490583291941664};-280.569866449044;36.57048621661604
42375;-103.714447007906;((((_a0_ * x) * (_a2_ * (x + _a1_))) + exp(_a2_)) * x);{'d0': {'_a0_': 5.884122581694616, '_a1_': 0.6238594157821297, '_a2_': 0.5738767046222856, '_a3_': 1.0, '_a4_': 1.0, '_a5_': 1.0, '_a6_': 1.0, '_a7_': 1.0}};{'d0': 0.02490583291941664};-280.569866449044;36.57048621661604
42376;-103.714447007906;((((_a0_ * x) * (_a2_ * (x + _a1_))) + exp(_a2_)) * x);{'d0': {'_a0_': 5.884122581694616, '_a1_': 0.6238594157821297, '_a2_': 0.5738767046222856, '_a3_': 1.0, '_a4_': 1.0, '_a5_': 1.0, '_a6_': 1.0, '_a7_': 1.0}};{'d0': 0.02490583291941664};-280.569866449044;36.57048621661604
42377;-103.714447007906;((((_a0_ * x) * (_a2_ * (x + _a1_))) + exp(_a2_)) * x);{'d0': {'_a0_': 5.884122581694616, '_a1_': 0.6238594157821297, '_a2_': 0.5738767046222856, '_a3_': 1.0, '_a4_': 1.0, '_a5_': 1.0, '_a6_': 1.0, '_a7_': 1.0}};{'d0': 0.02490583291941664};-280.569866449044;36.57048621661604
42378;-103.714447007906;((((_a0_ * x) * (_a2_ * (x + _a1_))) + exp(_a2_)) * x);{'d0': {'_a0_': 5.884122581694616, '_a1_': 0.6238594157821297, '_a2_': 0.5738767046222856, '_a3_': 1.0, '_a4_': 1.0, '_a5_': 1.0, '_a6_': 1.0, '_a7_': 1.0}};{'d0': 0.02490583291941664};-280.569866449044;36.57048621661604
42379;-103.714447007906;((((_a4_ * x) * (_a2_ * (x + _a1_))) + exp(_a2_)) * x);{'d0': {'_a1_': 0.6238594155870714, '_a2_': 0.5738767039843057, '_a4_': 5.8841225934981995, '_a0_': 1.0, '_a3_': 1.0, '_a5_': 1.0, '_a6_': 1.0, '_a7_': 1.0}};{'d0': 0.024905832919416653};-280.569866449044;36.57048621661604
42380;-103.714447007906;((((_a4_ * x) * (_a2_ * (x + _a1_))) + exp(_a2_)) * x);{'d0': {'_a1_': 0.6238594155870714, '_a2_': 0.5738767039843057, '_a4_': 5.8841225934981995, '_a0_': 1.0, '_a3_': 1.0, '_a5_': 1.0, '_a6_': 1.0, '_a7_': 1.0}};{'d0': 0.024905832919416653};-280.569866449044;36.57048621661604
42381;-103.714447007906;((((_a4_ * x) * (_a2_ * (x + _a1_))) + exp(_a2_)) * x);{'d0': {'_a1_': 0.6238594155870714, '_a2_': 0.5738767039843057, '_a4_': 5.8841225934981995, '_a0_': 1.0, '_a3_': 1.0, '_a5_': 1.0, '_a6_': 1.0, '_a7_': 1.0}};{'d0': 0.024905832919416653};-280.569866449044;36.57048621661604
42382;-103.714447007906;((((_a4_ * x) * (_a2_ * (x + _a1_))) + exp(_a2_)) * x);{'d0': {'_a1_': 0.6238594155870714, '_a2_': 0.5738767039843057, '_a4_': 5.8841225934981995, '_a0_': 1.0, '_a3_': 1.0, '_a5_': 1.0, '_a6_': 1.0, '_a7_': 1.0}};{'d0': 0.024905832919416653};-280.569866449044;36.57048621661604
42383;-103.714447007906;((((_a4_ * x) * (_a2_ * (x + _a1_))) + exp(_a2_)) * x);{'d0': {'_a1_': 0.6238594155870714, '_a2_': 0.5738767039843057, '_a4_': 5.8841225934981995, '_a0_': 1.0, '_a3_': 1.0, '_a5_': 1.0, '_a6_': 1.0, '_a7_': 1.0}};{'d0': 0.024905832919416653};-280.569866449044;36.57048621661604
42384;-103.714447007906;((((_a4_ * x) * (_a2_ * (x + _a1_))) + exp(_a2_)) * x);{'d0': {'_a1_': 0.6238594155870714, '_a2_': 0.5738767039843057, '_a4_': 5.8841225934981995, '_a0_': 1.0, '_a3_': 1.0, '_a5_': 1.0, '_a6_': 1.0, '_a7_': 1.0}};{'d0': 0.024905832919416653};-280.569866449044;36.57048621661604
42385;-103.714447007906;((((_a4_ * x) * (_a2_ * (x + _a1_))) + exp(_a2_)) * x);{'d0': {'_a1_': 0.6238594155870714, '_a2_': 0.5738767039843057, '_a4_': 5.8841225934981995, '_a0_': 1.0, '_a3_': 1.0, '_a5_': 1.0, '_a6_': 1.0, '_a7_': 1.0}};{'d0': 0.024905832919416653};-280.569866449044;36.57048621661604
42386;-103.714447007906;((((_a4_ * x) * (_a2_ * (x + _a1_))) + exp(_a2_)) * x);{'d0': {'_a1_': 0.6238594155870714, '_a2_': 0.5738767039843057, '_a4_': 5.8841225934981995, '_a0_': 1.0, '_a3_': 1.0, '_a5_': 1.0, '_a6_': 1.0, '_a7_': 1.0}};{'d0': 0.024905832919416653};-280.569866449044;36.57048621661604
42387;-103.714447007906;((((_a4_ * x) * (_a2_ * (x + _a1_))) + exp(_a2_)) * x);{'d0': {'_a1_': 0.6238594155870714, '_a2_': 0.5738767039843057, '_a4_': 5.8841225934981995, '_a0_': 1.0, '_a3_': 1.0, '_a5_': 1.0, '_a6_': 1.0, '_a7_': 1.0}};{'d0': 0.024905832919416653};-280.569866449044;36.57048621661604
42388;-103.714447007906;((((_a4_ * x) * (_a2_ * (x + _a1_))) + exp(_a2_)) * x);{'d0': {'_a1_': 0.6238594155870714, '_a2_': 0.5738767039843057, '_a4_': 5.8841225934981995, '_a0_': 1.0, '_a3_': 1.0, '_a5_': 1.0, '_a6_': 1.0, '_a7_': 1.0}};{'d0': 0.024905832919416653};-280.569866449044;36.57048621661604
42389;-103.714447007906;((((_a4_ * x) * (_a2_ * (x + _a1_))) + exp(_a2_)) * x);{'d0': {'_a1_': 0.6238594155870714, '_a2_': 0.5738767039843057, '_a4_': 5.8841225934981995, '_a0_': 1.0, '_a3_': 1.0, '_a5_': 1.0, '_a6_': 1.0, '_a7_': 1.0}};{'d0': 0.024905832919416653};-280.569866449044;36.57048621661604
42390;-103.714447007906;((((_a4_ * x) * (_a2_ * (x + _a1_))) + exp(_a2_)) * x);{'d0': {'_a1_': 0.6238594155870714, '_a2_': 0.5738767039843057, '_a4_': 5.8841225934981995, '_a0_': 1.0, '_a3_': 1.0, '_a5_': 1.0, '_a6_': 1.0, '_a7_': 1.0}};{'d0': 0.024905832919416653};-280.569866449044;36.57048621661604
42391;-103.714447007906;((((_a4_ * x) * (_a2_ * (x + _a1_))) + exp(_a2_)) * x);{'d0': {'_a1_': 0.6238594155870714, '_a2_': 0.5738767039843057, '_a4_': 5.8841225934981995, '_a0_': 1.0, '_a3_': 1.0, '_a5_': 1.0, '_a6_': 1.0, '_a7_': 1.0}};{'d0': 0.024905832919416653};-280.569866449044;36.57048621661604
42392;-103.714447007906;((((_a4_ * x) * (_a2_ * (x + _a1_))) + exp(_a2_)) * x);{'d0': {'_a1_': 0.6238594155870714, '_a2_': 0.5738767039843057, '_a4_': 5.8841225934981995, '_a0_': 1.0, '_a3_': 1.0, '_a5_': 1.0, '_a6_': 1.0, '_a7_': 1.0}};{'d0': 0.024905832919416653};-280.569866449044;36.57048621661604
42393;-103.714447007906;((((_a4_ * x) * (_a2_ * (x + _a1_))) + exp(_a2_)) * x);{'d0': {'_a1_': 0.6238594155870714, '_a2_': 0.5738767039843057, '_a4_': 5.8841225934981995, '_a0_': 1.0, '_a3_': 1.0, '_a5_': 1.0, '_a6_': 1.0, '_a7_': 1.0}};{'d0': 0.024905832919416653};-280.569866449044;36.57048621661604
42394;-103.714447007906;((((_a4_ * x) * (_a2_ * (x + _a1_))) + exp(_a2_)) * x);{'d0': {'_a1_': 0.6238594155870714, '_a2_': 0.5738767039843057, '_a4_': 5.8841225934981995, '_a0_': 1.0, '_a3_': 1.0, '_a5_': 1.0, '_a6_': 1.0, '_a7_': 1.0}};{'d0': 0.024905832919416653};-280.569866449044;36.57048621661604
42395;-103.714447007906;((((_a4_ * x) * (_a2_ * (x + _a1_))) + exp(_a2_)) * x);{'d0': {'_a1_': 0.6238594155870714, '_a2_': 0.5738767039843057, '_a4_': 5.8841225934981995, '_a0_': 1.0, '_a3_': 1.0, '_a5_': 1.0, '_a6_': 1.0, '_a7_': 1.0}};{'d0': 0.024905832919416653};-280.569866449044;36.57048621661604
42396;-103.714447007906;((((_a4_ * x) * (_a2_ * (x + _a1_))) + exp(_a2_)) * x);{'d0': {'_a1_': 0.6238594155870714, '_a2_': 0.5738767039843057, '_a4_': 5.8841225934981995, '_a0_': 1.0, '_a3_': 1.0, '_a5_': 1.0, '_a6_': 1.0, '_a7_': 1.0}};{'d0': 0.024905832919416653};-280.569866449044;36.57048621661604
42397;-103.714447007906;((((_a4_ * x) * (_a2_ * (x + _a1_))) + exp(_a2_)) * x);{'d0': {'_a1_': 0.6238594155870714, '_a2_': 0.5738767039843057, '_a4_': 5.8841225934981995, '_a0_': 1.0, '_a3_': 1.0, '_a5_': 1.0, '_a6_': 1.0, '_a7_': 1.0}};{'d0': 0.024905832919416653};-280.569866449044;36.57048621661604
42398;-103.714447007906;((((_a4_ * x) * (_a2_ * (x + _a1_))) + exp(_a2_)) * x);{'d0': {'_a1_': 0.6238594155870714, '_a2_': 0.5738767039843057, '_a4_': 5.8841225934981995, '_a0_': 1.0, '_a3_': 1.0, '_a5_': 1.0, '_a6_': 1.0, '_a7_': 1.0}};{'d0': 0.024905832919416653};-280.569866449044;36.57048621661604
42399;-92.8839083386071;(x + (x * (_a0_ * ((pow2((-(_a4_) * (x + _a4_))) + _a6_) / _a1_))));{'d0': {'_a0_': -0.2871944293694038, '_a1_': -0.008275403614034366, '_a4_': 0.31192970799265746, '_a6_': 0.01286792846061165, '_a2_': 1.0, '_a3_': 1.0, '_a5_': 1.0, '_a7_': 1.0}};{'d0': 0.024905832919418086};-276.475521886818;45.353852604801894
42400;-92.8839083386071;(x + (x * (_a0_ * ((pow2((-(_a4_) * (x + _a4_))) + _a6_) / _a1_))));{'d0': {'_a0_': -0.2871944293694038, '_a1_': -0.008275403614034366, '_a4_': 0.31192970799265746, '_a6_': 0.01286792846061165, '_a2_': 1.0, '_a3_': 1.0, '_a5_': 1.0, '_a7_': 1.0}};{'d0': 0.024905832919418086};-276.475521886818;45.353852604801894
42401;-92.8839083386071;(x + (x * (_a0_ * ((pow2((-(_a4_) * (x + _a4_))) + _a6_) / _a1_))));{'d0': {'_a0_': -0.2871944293694038, '_a1_': -0.008275403614034366, '_a4_': 0.31192970799265746, '_a6_': 0.01286792846061165, '_a2_': 1.0, '_a3_': 1.0, '_a5_': 1.0, '_a7_': 1.0}};{'d0': 0.024905832919418086};-276.475521886818;45.353852604801894
42402;-92.8839083386071;(x + (x * (_a0_ * ((pow2((-(_a4_) * (x + _a4_))) + _a6_) / _a1_))));{'d0': {'_a0_': -0.2871944293694038, '_a1_': -0.008275403614034366, '_a4_': 0.31192970799265746, '_a6_': 0.01286792846061165, '_a2_': 1.0, '_a3_': 1.0, '_a5_': 1.0, '_a7_': 1.0}};{'d0': 0.024905832919418086};-276.475521886818;45.353852604801894
42403;-92.8839083386071;(x + (x * (_a0_ * ((pow2((-(_a4_) * (x + _a4_))) + _a6_) / _a1_))));{'d0': {'_a0_': -0.2871944293694038, '_a1_': -0.008275403614034366, '_a4_': 0.31192970799265746, '_a6_': 0.01286792846061165, '_a2_': 1.0, '_a3_': 1.0, '_a5_': 1.0, '_a7_': 1.0}};{'d0': 0.024905832919418086};-276.475521886818;45.353852604801894
42404;-92.8839083386071;(x + (x * (_a0_ * ((pow2((-(_a4_) * (x + _a4_))) + _a6_) / _a1_))));{'d0': {'_a0_': -0.2871944293694038, '_a1_': -0.008275403614034366, '_a4_': 0.31192970799265746, '_a6_': 0.01286792846061165, '_a2_': 1.0, '_a3_': 1.0, '_a5_': 1.0, '_a7_': 1.0}};{'d0': 0.024905832919418086};-276.475521886818;45.353852604801894
42405;-101.112741812423;(((((_a4_ + _a5_) * x) * (_a2_ * (x + _a1_))) + _a2_) * x);{'d0': {'_a1_': 0.6238594155765425, '_a2_': 1.775135404281681, '_a4_': 1826.409372480834, '_a5_': -1824.5071170748354, '_a0_': 1.0, '_a3_': 1.0, '_a6_': 1.0, '_a7_': 1.0}};{'d0': 0.024905832919417958};-276.475521886818;37.12501913098604
42406;-93.7348601794790;(x + (x * (_a0_ * ((pow2((-(_a4_) * (x + _a4_))) + _a6_) * _a1_))));{'d0': {'_a0_': -35.26468322700753, '_a1_': -0.9841172090756511, '_a4_': 0.3119297074035487, '_a6_': 0.01286792826572783, '_a2_': 1.0, '_a3_': 1.0, '_a5_': 1.0, '_a7_': 1.0}};{'d0': 0.024905832919479114};-276.475521886671;44.502900763856495
42407;-93.7348601794790;(x + (x * (_a0_ * ((pow2((-(_a4_) * (x + _a4_))) + _a6_) * _a1_))));{'d0': {'_a0_': -35.26468322700753, '_a1_': -0.9841172090756511, '_a4_': 0.3119297074035487, '_a6_': 0.01286792826572783, '_a2_': 1.0, '_a3_': 1.0, '_a5_': 1.0, '_a7_': 1.0}};{'d0': 0.024905832919479114};-276.475521886671;44.502900763856495
42408;-93.7348601794790;(x + (x * (_a0_ * ((pow2((-(_a4_) * (x + _a4_))) + _a6_) * _a1_))));{'d0': {'_a0_': -35.26468322700753, '_a1_': -0.9841172090756511, '_a4_': 0.3119297074035487, '_a6_': 0.01286792826572783, '_a2_': 1.0, '_a3_': 1.0, '_a5_': 1.0, '_a7_': 1.0}};{'d0': 0.024905832919479114};-276.475521886671;44.502900763856495
42409;-93.7348601794304;(x + (x * (_a0_ * ((pow2((-(_a0_) * (x + _a4_))) + _a6_) * _a1_))));{'d0': {'_a0_': 3.5663271810711787, '_a1_': 0.07444520553392742, '_a4_': 0.31192970779467316, '_a6_': 1.682044657215762, '_a2_': 1.0, '_a3_': 1.0, '_a5_': 1.0, '_a7_': 1.0}};{'d0': 0.024905832919519443};-276.475521886574;44.502900763856495
42410;-93.7348601794304;(x + (x * (_a0_ * ((pow2((-(_a0_) * (x + _a4_))) + _a6_) * _a1_))));{'d0': {'_a0_': 3.5663271810711787, '_a1_': 0.07444520553392742, '_a4_': 0.31192970779467316, '_a6_': 1.682044657215762, '_a2_': 1.0, '_a3_': 1.0, '_a5_': 1.0, '_a7_': 1.0}};{'d0': 0.024905832919519443};-276.475521886574;44.502900763856495
42411;-93.7348601794304;(x + (x * (_a0_ * ((pow2((-(_a0_) * (x + _a4_))) + _a6_) * _a1_))));{'d0': {'_a0_': 3.5663271810711787, '_a1_': 0.07444520553392742, '_a4_': 0.31192970779467316, '_a6_': 1.682044657215762, '_a2_': 1.0, '_a3_': 1.0, '_a5_': 1.0, '_a7_': 1.0}};{'d0': 0.024905832919519443};-276.475521886574;44.502900763856495
42412;-95.7820324606652;(x + (x * (_a0_ * ((pow2((-(_a0_) * (x + _a4_))) + _a0_) * _a1_))));{'d0': {'_a0_': 7.561445827802745, '_a1_': 0.007810624750265461, '_a4_': 0.3119297076410476, '_a2_': 1.0, '_a3_': 1.0, '_a5_': 1.0, '_a6_': 1.0, '_a7_': 1.0}};{'d0': 0.024905832919416702};-280.569866449043;44.502900763856495
42413;-95.7820324606652;(x + (x * (_a0_ * ((pow2((-(_a0_) * (x + _a4_))) + _a0_) * _a1_))));{'d0': {'_a0_': 7.561445827802745, '_a1_': 0.007810624750265461, '_a4_': 0.3119297076410476, '_a2_': 1.0, '_a3_': 1.0, '_a5_': 1.0, '_a6_': 1.0, '_a7_': 1.0}};{'d0': 0.024905832919416702};-280.569866449043;44.502900763856495
42414;-95.7820324606652;(x + (x * (_a0_ * ((pow2((-(_a0_) * (x + _a4_))) + _a0_) * _a1_))));{'d0': {'_a0_': 7.561445827802745, '_a1_': 0.007810624750265461, '_a4_': 0.3119297076410476, '_a2_': 1.0, '_a3_': 1.0, '_a5_': 1.0, '_a6_': 1.0, '_a7_': 1.0}};{'d0': 0.024905832919416702};-280.569866449043;44.502900763856495
42415;-95.7820324606652;(x + (x * (_a0_ * ((pow2((-(_a0_) * (x + _a4_))) + _a0_) * _a1_))));{'d0': {'_a0_': 7.561445827802745, '_a1_': 0.007810624750265461, '_a4_': 0.3119297076410476, '_a2_': 1.0, '_a3_': 1.0, '_a5_': 1.0, '_a6_': 1.0, '_a7_': 1.0}};{'d0': 0.024905832919416702};-280.569866449043;44.502900763856495
42416;-95.7820324606652;(x + (x * (_a0_ * ((pow2((-(_a0_) * (x + _a4_))) + _a0_) * _a1_))));{'d0': {'_a0_': 7.561445827802745, '_a1_': 0.007810624750265461, '_a4_': 0.3119297076410476, '_a2_': 1.0, '_a3_': 1.0, '_a5_': 1.0, '_a6_': 1.0, '_a7_': 1.0}};{'d0': 0.024905832919416702};-280.569866449043;44.502900763856495
42417;-95.7820324606652;(x + (x * (_a0_ * ((pow2((-(_a0_) * (x + _a4_))) + _a0_) * _a1_))));{'d0': {'_a0_': 7.561445827802745, '_a1_': 0.007810624750265461, '_a4_': 0.3119297076410476, '_a2_': 1.0, '_a3_': 1.0, '_a5_': 1.0, '_a6_': 1.0, '_a7_': 1.0}};{'d0': 0.024905832919416702};-280.569866449043;44.502900763856495
42418;-95.7820324606652;(x + (x * (_a0_ * ((pow2((-(_a0_) * (x + _a4_))) + _a0_) * _a1_))));{'d0': {'_a0_': 7.561445827802745, '_a1_': 0.007810624750265461, '_a4_': 0.3119297076410476, '_a2_': 1.0, '_a3_': 1.0, '_a5_': 1.0, '_a6_': 1.0, '_a7_': 1.0}};{'d0': 0.024905832919416702};-280.569866449043;44.502900763856495
42419;-95.7820324606652;(x + (x * (_a0_ * ((pow2((-(_a0_) * (x + _a4_))) + _a0_) * _a1_))));{'d0': {'_a0_': 7.561445827802745, '_a1_': 0.007810624750265461, '_a4_': 0.3119297076410476, '_a2_': 1.0, '_a3_': 1.0, '_a5_': 1.0, '_a6_': 1.0, '_a7_': 1.0}};{'d0': 0.024905832919416702};-280.569866449043;44.502900763856495
42420;-99.4619796209257;(x + (x * (_a0_ * ((pow2((_a4_ * (x + _a4_))) + _a0_) * _a1_))));{'d0': {'_a0_': 0.012867928380402172, '_a1_': 2696.9829185498897, '_a4_': 0.31192970783230806, '_a2_': 1.0, '_a3_': 1.0, '_a5_': 1.0, '_a6_': 1.0, '_a7_': 1.0}};{'d0': 0.024905832919416594};-280.569866449044;40.822953603596105
42421;-99.4619796209257;(x + (x * (_a0_ * ((pow2((_a4_ * (x + _a4_))) + _a0_) * _a1_))));{'d0': {'_a0_': 0.012867928380402172, '_a1_': 2696.9829185498897, '_a4_': 0.31192970783230806, '_a2_': 1.0, '_a3_': 1.0, '_a5_': 1.0, '_a6_': 1.0, '_a7_': 1.0}};{'d0': 0.024905832919416594};-280.569866449044;40.822953603596105
42422;-99.4619796209257;(x + (x * (_a0_ * ((pow2((_a4_ * (x + _a4_))) + _a0_) * _a1_))));{'d0': {'_a0_': 0.012867928380402172, '_a1_': 2696.9829185498897, '_a4_': 0.31192970783230806, '_a2_': 1.0, '_a3_': 1.0, '_a5_': 1.0, '_a6_': 1.0, '_a7_': 1.0}};{'d0': 0.024905832919416594};-280.569866449044;40.822953603596105
42423;-99.4619796209257;(x + (x * (_a0_ * ((pow2((_a4_ * (x + _a4_))) + _a0_) * _a1_))));{'d0': {'_a0_': 0.012867928380402172, '_a1_': 2696.9829185498897, '_a4_': 0.31192970783230806, '_a2_': 1.0, '_a3_': 1.0, '_a5_': 1.0, '_a6_': 1.0, '_a7_': 1.0}};{'d0': 0.024905832919416594};-280.569866449044;40.822953603596105
42424;-99.4619796209257;(x + (x * (_a0_ * ((pow2((_a4_ * (x + _a4_))) + _a0_) * _a1_))));{'d0': {'_a0_': 0.012867928380402172, '_a1_': 2696.9829185498897, '_a4_': 0.31192970783230806, '_a2_': 1.0, '_a3_': 1.0, '_a5_': 1.0, '_a6_': 1.0, '_a7_': 1.0}};{'d0': 0.024905832919416594};-280.569866449044;40.822953603596105
42425;-99.4619796209257;(x + (x * (_a0_ * ((pow2((_a4_ * (x + _a4_))) + _a0_) * _a1_))));{'d0': {'_a0_': 0.012867928380402172, '_a1_': 2696.9829185498897, '_a4_': 0.31192970783230806, '_a2_': 1.0, '_a3_': 1.0, '_a5_': 1.0, '_a6_': 1.0, '_a7_': 1.0}};{'d0': 0.024905832919416594};-280.569866449044;40.822953603596105
42426;-93.6616878545233;(x + (x * (_a0_ * ((pow2((_a4_ * (x + _a4_))) + _a0_) * (_a4_ / _a6_)))));{'d0': {'_a0_': 0.01286792849390105, '_a4_': 0.31192970809736564, '_a6_': 0.00011565876437595265, '_a1_': 1.0, '_a2_': 1.0, '_a3_': 1.0, '_a5_': 1.0, '_a7_': 1.0}};{'d0': 0.02490583291941662};-280.569866449044;46.62324536999851
42427;-93.6616878545233;(x + (x * (_a0_ * ((pow2((_a4_ * (x + _a4_))) + _a0_) * (_a4_ / _a6_)))));{'d0': {'_a0_': 0.01286792849390105, '_a4_': 0.31192970809736564, '_a6_': 0.00011565876437595265, '_a1_': 1.0, '_a2_': 1.0, '_a3_': 1.0, '_a5_': 1.0, '_a7_': 1.0}};{'d0': 0.02490583291941662};-280.569866449044;46.62324536999851
42428;-93.6616878545233;(x + (x * (_a0_ * ((pow2((_a4_ * (x + _a4_))) + _a0_) * (_a4_ / _a6_)))));{'d0': {'_a0_': 0.01286792849390105, '_a4_': 0.31192970809736564, '_a6_': 0.00011565876437595265, '_a1_': 1.0, '_a2_': 1.0, '_a3_': 1.0, '_a5_': 1.0, '_a7_': 1.0}};{'d0': 0.02490583291941662};-280.569866449044;46.62324536999851
42429;-93.6616878545233;(x + (x * (_a0_ * ((pow2((_a4_ * (x + _a4_))) + _a0_) * (_a4_ / _a6_)))));{'d0': {'_a0_': 0.01286792849390105, '_a4_': 0.31192970809736564, '_a6_': 0.00011565876437595265, '_a1_': 1.0, '_a2_': 1.0, '_a3_': 1.0, '_a5_': 1.0, '_a7_': 1.0}};{'d0': 0.02490583291941662};-280.569866449044;46.62324536999851
42430;-93.6616878545233;(x + (x * (_a0_ * ((pow2((_a4_ * (x + _a4_))) + _a0_) * (_a4_ / _a6_)))));{'d0': {'_a0_': 0.01286792849390105, '_a4_': 0.31192970809736564, '_a6_': 0.00011565876437595265, '_a1_': 1.0, '_a2_': 1.0, '_a3_': 1.0, '_a5_': 1.0, '_a7_': 1.0}};{'d0': 0.02490583291941662};-280.569866449044;46.62324536999851
42431;-93.6616878545233;(x + (x * (_a0_ * ((pow2((_a4_ * (x + _a4_))) + _a0_) * (_a4_ / _a6_)))));{'d0': {'_a0_': 0.01286792849390105, '_a4_': 0.31192970809736564, '_a6_': 0.00011565876437595265, '_a1_': 1.0, '_a2_': 1.0, '_a3_': 1.0, '_a5_': 1.0, '_a7_': 1.0}};{'d0': 0.02490583291941662};-280.569866449044;46.62324536999851
42432;-93.6616878545233;(x + (x * (_a0_ * ((pow2((_a4_ * (x + _a4_))) + _a0_) * (_a4_ / _a6_)))));{'d0': {'_a0_': 0.01286792849390105, '_a4_': 0.31192970809736564, '_a6_': 0.00011565876437595265, '_a1_': 1.0, '_a2_': 1.0, '_a3_': 1.0, '_a5_': 1.0, '_a7_': 1.0}};{'d0': 0.02490583291941662};-280.569866449044;46.62324536999851
42433;-99.4619796209257;(x + (x * (_a0_ * ((pow2((_a4_ * (x + _a4_))) + _a0_) * _a1_))));{'d0': {'_a0_': 0.012867928380402172, '_a1_': 2696.9829185498897, '_a4_': 0.31192970783230806, '_a2_': 1.0, '_a3_': 1.0, '_a5_': 1.0, '_a6_': 1.0, '_a7_': 1.0}};{'d0': 0.024905832919416594};-280.569866449044;40.822953603596105
42434;-99.4619796209257;(x + (x * (_a0_ * ((pow2((_a4_ * (x + _a4_))) + _a0_) * _a1_))));{'d0': {'_a0_': 0.012867928380402172, '_a1_': 2696.9829185498897, '_a4_': 0.31192970783230806, '_a2_': 1.0, '_a3_': 1.0, '_a5_': 1.0, '_a6_': 1.0, '_a7_': 1.0}};{'d0': 0.024905832919416594};-280.569866449044;40.822953603596105
42435;-99.4619796209257;(x + (x * (_a0_ * ((pow2((_a4_ * (x + _a4_))) + _a0_) * _a1_))));{'d0': {'_a0_': 0.012867928380402172, '_a1_': 2696.9829185498897, '_a4_': 0.31192970783230806, '_a2_': 1.0, '_a3_': 1.0, '_a5_': 1.0, '_a6_': 1.0, '_a7_': 1.0}};{'d0': 0.024905832919416594};-280.569866449044;40.822953603596105
42436;-99.4619796209257;(x + (x * (_a0_ * ((pow2((_a4_ * (x + _a4_))) + _a0_) * _a1_))));{'d0': {'_a0_': 0.012867928380402172, '_a1_': 2696.9829185498897, '_a4_': 0.31192970783230806, '_a2_': 1.0, '_a3_': 1.0, '_a5_': 1.0, '_a6_': 1.0, '_a7_': 1.0}};{'d0': 0.024905832919416594};-280.569866449044;40.822953603596105
42437;-99.4619796209257;(x + (x * (_a0_ * ((pow2((_a4_ * (x + _a4_))) + _a0_) * _a1_))));{'d0': {'_a0_': 0.012867928380402172, '_a1_': 2696.9829185498897, '_a4_': 0.31192970783230806, '_a2_': 1.0, '_a3_': 1.0, '_a5_': 1.0, '_a6_': 1.0, '_a7_': 1.0}};{'d0': 0.024905832919416594};-280.569866449044;40.822953603596105
42438;-99.4619796209257;(x + (x * (_a0_ * ((pow2((_a4_ * (x + _a4_))) + _a0_) * _a1_))));{'d0': {'_a0_': 0.012867928380402172, '_a1_': 2696.9829185498897, '_a4_': 0.31192970783230806, '_a2_': 1.0, '_a3_': 1.0, '_a5_': 1.0, '_a6_': 1.0, '_a7_': 1.0}};{'d0': 0.024905832919416594};-280.569866449044;40.822953603596105
42439;-99.4619796209257;(x + (x * (_a0_ * ((pow2((_a4_ * (x + _a4_))) + _a0_) * _a1_))));{'d0': {'_a0_': 0.012867928380402172, '_a1_': 2696.9829185498897, '_a4_': 0.31192970783230806, '_a2_': 1.0, '_a3_': 1.0, '_a5_': 1.0, '_a6_': 1.0, '_a7_': 1.0}};{'d0': 0.024905832919416594};-280.569866449044;40.822953603596105
42440;-99.4619796209257;(x + (x * (_a0_ * ((pow2((_a4_ * (x + _a4_))) + _a0_) * _a1_))));{'d0': {'_a0_': 0.012867928380402172, '_a1_': 2696.9829185498897, '_a4_': 0.31192970783230806, '_a2_': 1.0, '_a3_': 1.0, '_a5_': 1.0, '_a6_': 1.0, '_a7_': 1.0}};{'d0': 0.024905832919416594};-280.569866449044;40.822953603596105
42441;-99.4619796209257;(x + (x * (_a0_ * ((pow2((_a4_ * (x + _a4_))) + _a0_) * _a1_))));{'d0': {'_a0_': 0.012867928380402172, '_a1_': 2696.9829185498897, '_a4_': 0.31192970783230806, '_a2_': 1.0, '_a3_': 1.0, '_a5_': 1.0, '_a6_': 1.0, '_a7_': 1.0}};{'d0': 0.024905832919416594};-280.569866449044;40.822953603596105
42442;-99.4619796209256;(x + (x * (_a0_ * ((pow2((_a1_ * (x + _a4_))) + _a0_) * _a1_))));{'d0': {'_a0_': 0.4833227278916926, '_a1_': 1.9117056773377483, '_a4_': 0.31192970773077383, '_a2_': 1.0, '_a3_': 1.0, '_a5_': 1.0, '_a6_': 1.0, '_a7_': 1.0}};{'d0': 0.024905832919416677};-280.569866449043;40.822953603596105
42443;-99.4619796209256;(x + (x * (_a0_ * ((pow2((_a1_ * (x + _a4_))) + _a0_) * _a1_))));{'d0': {'_a0_': 0.4833227278916926, '_a1_': 1.9117056773377483, '_a4_': 0.31192970773077383, '_a2_': 1.0, '_a3_': 1.0, '_a5_': 1.0, '_a6_': 1.0, '_a7_': 1.0}};{'d0': 0.024905832919416677};-280.569866449043;40.822953603596105
42444;-99.4619796209256;(x + (x * (_a0_ * ((pow2((_a1_ * (x + _a4_))) + _a0_) * _a1_))));{'d0': {'_a0_': 0.4833227278916926, '_a1_': 1.9117056773377483, '_a4_': 0.31192970773077383, '_a2_': 1.0, '_a3_': 1.0, '_a5_': 1.0, '_a6_': 1.0, '_a7_': 1.0}};{'d0': 0.024905832919416677};-280.569866449043;40.822953603596105
42445;-99.4619796209256;(x + (x * (_a0_ * ((pow2((_a1_ * (x + _a4_))) + _a0_) * _a1_))));{'d0': {'_a0_': 0.4833227278916926, '_a1_': 1.9117056773377483, '_a4_': 0.31192970773077383, '_a2_': 1.0, '_a3_': 1.0, '_a5_': 1.0, '_a6_': 1.0, '_a7_': 1.0}};{'d0': 0.024905832919416677};-280.569866449043;40.822953603596105
42446;-99.4619796209256;(x + (x * (_a0_ * ((pow2((_a1_ * (x + _a4_))) + _a0_) * _a1_))));{'d0': {'_a0_': 0.4833227278916926, '_a1_': 1.9117056773377483, '_a4_': 0.31192970773077383, '_a2_': 1.0, '_a3_': 1.0, '_a5_': 1.0, '_a6_': 1.0, '_a7_': 1.0}};{'d0': 0.024905832919416677};-280.569866449043;40.822953603596105
42447;-99.4619796209256;(x + (x * (_a0_ * ((pow2((_a1_ * (x + _a4_))) + _a0_) * _a1_))));{'d0': {'_a0_': 0.4833227278916926, '_a1_': 1.9117056773377483, '_a4_': 0.31192970773077383, '_a2_': 1.0, '_a3_': 1.0, '_a5_': 1.0, '_a6_': 1.0, '_a7_': 1.0}};{'d0': 0.024905832919416677};-280.569866449043;40.822953603596105
42448;-99.4619796209256;(x + (x * (_a0_ * ((pow2((_a1_ * (x + _a4_))) + _a0_) * _a1_))));{'d0': {'_a0_': 0.4833227278916926, '_a1_': 1.9117056773377483, '_a4_': 0.31192970773077383, '_a2_': 1.0, '_a3_': 1.0, '_a5_': 1.0, '_a6_': 1.0, '_a7_': 1.0}};{'d0': 0.024905832919416677};-280.569866449043;40.822953603596105
42449;-99.4619796209256;(x + (x * (_a0_ * ((pow2((_a1_ * (x + _a4_))) + _a0_) * _a1_))));{'d0': {'_a0_': 0.4833227278916926, '_a1_': 1.9117056773377483, '_a4_': 0.31192970773077383, '_a2_': 1.0, '_a3_': 1.0, '_a5_': 1.0, '_a6_': 1.0, '_a7_': 1.0}};{'d0': 0.024905832919416677};-280.569866449043;40.822953603596105
42450;-99.4619796209256;(x + (x * (_a0_ * ((pow2((_a1_ * (x + _a4_))) + _a0_) * _a1_))));{'d0': {'_a0_': 0.4833227278916926, '_a1_': 1.9117056773377483, '_a4_': 0.31192970773077383, '_a2_': 1.0, '_a3_': 1.0, '_a5_': 1.0, '_a6_': 1.0, '_a7_': 1.0}};{'d0': 0.024905832919416677};-280.569866449043;40.822953603596105
42451;-99.4619796209256;(x + (x * (_a0_ * ((pow2((_a1_ * (x + _a4_))) + _a0_) * _a1_))));{'d0': {'_a0_': 0.4833227278916926, '_a1_': 1.9117056773377483, '_a4_': 0.31192970773077383, '_a2_': 1.0, '_a3_': 1.0, '_a5_': 1.0, '_a6_': 1.0, '_a7_': 1.0}};{'d0': 0.024905832919416677};-280.569866449043;40.822953603596105
42452;-99.4619796209256;(x + (x * (_a0_ * ((pow2((_a1_ * (x + _a4_))) + _a0_) * _a1_))));{'d0': {'_a0_': 0.4833227278916926, '_a1_': 1.9117056773377483, '_a4_': 0.31192970773077383, '_a2_': 1.0, '_a3_': 1.0, '_a5_': 1.0, '_a6_': 1.0, '_a7_': 1.0}};{'d0': 0.024905832919416677};-280.569866449043;40.822953603596105
42453;-99.4619796209256;(x + (x * (_a0_ * ((pow2((_a1_ * (x + _a4_))) + _a0_) * _a1_))));{'d0': {'_a0_': 0.4833227278916926, '_a1_': 1.9117056773377483, '_a4_': 0.31192970773077383, '_a2_': 1.0, '_a3_': 1.0, '_a5_': 1.0, '_a6_': 1.0, '_a7_': 1.0}};{'d0': 0.024905832919416677};-280.569866449043;40.822953603596105
42454;-78.5318461612193;(((_a0_ * _a1_) + (-(((_a4_ * x) + _a6_)) / (_a5_ ** (_a1_ * ((x * x) + x))))) * x);{'d0': {'_a0_': -1.0039842560759045, '_a1_': 18.696466366495613, '_a4_': 1.2843404284392808, '_a5_': 0.9913816901266548, '_a6_': -20.540414673840935, '_a2_': 1.0, '_a3_': 1.0, '_a7_': 1.0}};{'d0': 0.024386832280981645};-273.644699553494;58.29050361552768
42455;-78.5318461612193;(((_a0_ * _a1_) + (-(((_a4_ * x) + _a6_)) / (_a5_ ** (_a1_ * ((x * x) + x))))) * x);{'d0': {'_a0_': -1.0039842560759045, '_a1_': 18.696466366495613, '_a4_': 1.2843404284392808, '_a5_': 0.9913816901266548, '_a6_': -20.540414673840935, '_a2_': 1.0, '_a3_': 1.0, '_a7_': 1.0}};{'d0': 0.024386832280981645};-273.644699553494;58.29050361552768
42456;-78.5318461612193;(((_a0_ * _a1_) + (-(((_a4_ * x) + _a6_)) / (_a5_ ** (_a1_ * ((x * x) + x))))) * x);{'d0': {'_a0_': -1.0039842560759045, '_a1_': 18.696466366495613, '_a4_': 1.2843404284392808, '_a5_': 0.9913816901266548, '_a6_': -20.540414673840935, '_a2_': 1.0, '_a3_': 1.0, '_a7_': 1.0}};{'d0': 0.024386832280981645};-273.644699553494;58.29050361552768
42457;-78.5318461612193;(((_a0_ * _a1_) + (-(((_a4_ * x) + _a6_)) / (_a5_ ** (_a1_ * ((x * x) + x))))) * x);{'d0': {'_a0_': -1.0039842560759045, '_a1_': 18.696466366495613, '_a4_': 1.2843404284392808, '_a5_': 0.9913816901266548, '_a6_': -20.540414673840935, '_a2_': 1.0, '_a3_': 1.0, '_a7_': 1.0}};{'d0': 0.024386832280981645};-273.644699553494;58.29050361552768
42458;-78.5318461612193;(((_a0_ * _a1_) + (-(((_a4_ * x) + _a6_)) / (_a5_ ** (_a1_ * ((x * x) + x))))) * x);{'d0': {'_a0_': -1.0039842560759045, '_a1_': 18.696466366495613, '_a4_': 1.2843404284392808, '_a5_': 0.9913816901266548, '_a6_': -20.540414673840935, '_a2_': 1.0, '_a3_': 1.0, '_a7_': 1.0}};{'d0': 0.024386832280981645};-273.644699553494;58.29050361552768
42459;-78.5318461612193;(((_a0_ * _a1_) + (-(((_a4_ * x) + _a6_)) / (_a5_ ** (_a1_ * ((x * x) + x))))) * x);{'d0': {'_a0_': -1.0039842560759045, '_a1_': 18.696466366495613, '_a4_': 1.2843404284392808, '_a5_': 0.9913816901266548, '_a6_': -20.540414673840935, '_a2_': 1.0, '_a3_': 1.0, '_a7_': 1.0}};{'d0': 0.024386832280981645};-273.644699553494;58.29050361552768
42460;-78.5318461612193;(((_a0_ * _a1_) + (-(((_a4_ * x) + _a6_)) / (_a5_ ** (_a1_ * ((x * x) + x))))) * x);{'d0': {'_a0_': -1.0039842560759045, '_a1_': 18.696466366495613, '_a4_': 1.2843404284392808, '_a5_': 0.9913816901266548, '_a6_': -20.540414673840935, '_a2_': 1.0, '_a3_': 1.0, '_a7_': 1.0}};{'d0': 0.024386832280981645};-273.644699553494;58.29050361552768
42461;-78.5318461612193;(((_a0_ * _a1_) + (-(((_a4_ * x) + _a6_)) / (_a5_ ** (_a1_ * ((x * x) + x))))) * x);{'d0': {'_a0_': -1.0039842560759045, '_a1_': 18.696466366495613, '_a4_': 1.2843404284392808, '_a5_': 0.9913816901266548, '_a6_': -20.540414673840935, '_a2_': 1.0, '_a3_': 1.0, '_a7_': 1.0}};{'d0': 0.024386832280981645};-273.644699553494;58.29050361552768
42462;-78.5318461612193;(((_a0_ * _a1_) + (-(((_a4_ * x) + _a6_)) / (_a5_ ** (_a1_ * ((x * x) + x))))) * x);{'d0': {'_a0_': -1.0039842560759045, '_a1_': 18.696466366495613, '_a4_': 1.2843404284392808, '_a5_': 0.9913816901266548, '_a6_': -20.540414673840935, '_a2_': 1.0, '_a3_': 1.0, '_a7_': 1.0}};{'d0': 0.024386832280981645};-273.644699553494;58.29050361552768
42463;-78.5318461612193;(((_a0_ * _a1_) + (-(((_a4_ * x) + _a6_)) / (_a5_ ** (_a1_ * ((x * x) + x))))) * x);{'d0': {'_a0_': -1.0039842560759045, '_a1_': 18.696466366495613, '_a4_': 1.2843404284392808, '_a5_': 0.9913816901266548, '_a6_': -20.540414673840935, '_a2_': 1.0, '_a3_': 1.0, '_a7_': 1.0}};{'d0': 0.024386832280981645};-273.644699553494;58.29050361552768
42464;-78.5318461612193;(((_a0_ * _a1_) + (-(((_a4_ * x) + _a6_)) / (_a5_ ** (_a1_ * ((x * x) + x))))) * x);{'d0': {'_a0_': -1.0039842560759045, '_a1_': 18.696466366495613, '_a4_': 1.2843404284392808, '_a5_': 0.9913816901266548, '_a6_': -20.540414673840935, '_a2_': 1.0, '_a3_': 1.0, '_a7_': 1.0}};{'d0': 0.024386832280981645};-273.644699553494;58.29050361552768
42465;-78.5318461612193;(((_a0_ * _a1_) + (-(((_a4_ * x) + _a6_)) / (_a5_ ** (_a1_ * ((x * x) + x))))) * x);{'d0': {'_a0_': -1.0039842560759045, '_a1_': 18.696466366495613, '_a4_': 1.2843404284392808, '_a5_': 0.9913816901266548, '_a6_': -20.540414673840935, '_a2_': 1.0, '_a3_': 1.0, '_a7_': 1.0}};{'d0': 0.024386832280981645};-273.644699553494;58.29050361552768
42466;-78.5318461612193;(((_a0_ * _a1_) + (-(((_a4_ * x) + _a6_)) / (_a5_ ** (_a1_ * ((x * x) + x))))) * x);{'d0': {'_a0_': -1.0039842560759045, '_a1_': 18.696466366495613, '_a4_': 1.2843404284392808, '_a5_': 0.9913816901266548, '_a6_': -20.540414673840935, '_a2_': 1.0, '_a3_': 1.0, '_a7_': 1.0}};{'d0': 0.024386832280981645};-273.644699553494;58.29050361552768
42467;-78.5318461612193;(((_a0_ * _a1_) + (-(((_a4_ * x) + _a6_)) / (_a5_ ** (_a1_ * ((x * x) + x))))) * x);{'d0': {'_a0_': -1.0039842560759045, '_a1_': 18.696466366495613, '_a4_': 1.2843404284392808, '_a5_': 0.9913816901266548, '_a6_': -20.540414673840935, '_a2_': 1.0, '_a3_': 1.0, '_a7_': 1.0}};{'d0': 0.024386832280981645};-273.644699553494;58.29050361552768
42468;-78.5318461612193;(((_a0_ * _a1_) + (-(((_a4_ * x) + _a6_)) / (_a5_ ** (_a1_ * ((x * x) + x))))) * x);{'d0': {'_a0_': -1.0039842560759045, '_a1_': 18.696466366495613, '_a4_': 1.2843404284392808, '_a5_': 0.9913816901266548, '_a6_': -20.540414673840935, '_a2_': 1.0, '_a3_': 1.0, '_a7_': 1.0}};{'d0': 0.024386832280981645};-273.644699553494;58.29050361552768
42469;-78.5318461612193;(((_a0_ * _a1_) + (-(((_a4_ * x) + _a6_)) / (_a5_ ** (_a1_ * ((x * x) + x))))) * x);{'d0': {'_a0_': -1.0039842560759045, '_a1_': 18.696466366495613, '_a4_': 1.2843404284392808, '_a5_': 0.9913816901266548, '_a6_': -20.540414673840935, '_a2_': 1.0, '_a3_': 1.0, '_a7_': 1.0}};{'d0': 0.024386832280981645};-273.644699553494;58.29050361552768
42470;-78.5318461612193;(((_a0_ * _a1_) + (-(((_a4_ * x) + _a6_)) / (_a5_ ** (_a1_ * ((x * x) + x))))) * x);{'d0': {'_a0_': -1.0039842560759045, '_a1_': 18.696466366495613, '_a4_': 1.2843404284392808, '_a5_': 0.9913816901266548, '_a6_': -20.540414673840935, '_a2_': 1.0, '_a3_': 1.0, '_a7_': 1.0}};{'d0': 0.024386832280981645};-273.644699553494;58.29050361552768
42471;-78.5318461612193;(((_a0_ * _a1_) + (-(((_a4_ * x) + _a6_)) / (_a5_ ** (_a1_ * ((x * x) + x))))) * x);{'d0': {'_a0_': -1.0039842560759045, '_a1_': 18.696466366495613, '_a4_': 1.2843404284392808, '_a5_': 0.9913816901266548, '_a6_': -20.540414673840935, '_a2_': 1.0, '_a3_': 1.0, '_a7_': 1.0}};{'d0': 0.024386832280981645};-273.644699553494;58.29050361552768
42472;-78.5318461612193;(((_a0_ * _a1_) + (-(((_a4_ * x) + _a6_)) / (_a5_ ** (_a1_ * ((x * x) + x))))) * x);{'d0': {'_a0_': -1.0039842560759045, '_a1_': 18.696466366495613, '_a4_': 1.2843404284392808, '_a5_': 0.9913816901266548, '_a6_': -20.540414673840935, '_a2_': 1.0, '_a3_': 1.0, '_a7_': 1.0}};{'d0': 0.024386832280981645};-273.644699553494;58.29050361552768
42473;-78.5318461619241;(((_a0_ * _a1_) + (-(((_a4_ * x) + _a6_)) / (_a5_ ** (_a6_ * ((x * x) + x))))) * x);{'d0': {'_a0_': -1.0039700549425967, '_a1_': 18.69634806394929, '_a4_': 1.284340679219279, '_a5_': 1.007910041671881, '_a6_': -20.540029950913013, '_a2_': 1.0, '_a3_': 1.0, '_a7_': 1.0}};{'d0': 0.024386832280408697};-273.644699554904;58.29050361552768
42474;-78.5318461619241;(((_a0_ * _a1_) + (-(((_a4_ * x) + _a6_)) / (_a5_ ** (_a6_ * ((x * x) + x))))) * x);{'d0': {'_a0_': -1.0039700549425967, '_a1_': 18.69634806394929, '_a4_': 1.284340679219279, '_a5_': 1.007910041671881, '_a6_': -20.540029950913013, '_a2_': 1.0, '_a3_': 1.0, '_a7_': 1.0}};{'d0': 0.024386832280408697};-273.644699554904;58.29050361552768
42475;-78.5318461619241;(((_a0_ * _a1_) + (-(((_a4_ * x) + _a6_)) / (_a5_ ** (_a6_ * ((x * x) + x))))) * x);{'d0': {'_a0_': -1.0039700549425967, '_a1_': 18.69634806394929, '_a4_': 1.284340679219279, '_a5_': 1.007910041671881, '_a6_': -20.540029950913013, '_a2_': 1.0, '_a3_': 1.0, '_a7_': 1.0}};{'d0': 0.024386832280408697};-273.644699554904;58.29050361552768
42476;-78.5318461619241;(((_a0_ * _a1_) + (-(((_a4_ * x) + _a6_)) / (_a5_ ** (_a6_ * ((x * x) + x))))) * x);{'d0': {'_a0_': -1.0039700549425967, '_a1_': 18.69634806394929, '_a4_': 1.284340679219279, '_a5_': 1.007910041671881, '_a6_': -20.540029950913013, '_a2_': 1.0, '_a3_': 1.0, '_a7_': 1.0}};{'d0': 0.024386832280408697};-273.644699554904;58.29050361552768
42477;-78.5318461619241;(((_a0_ * _a1_) + (-(((_a4_ * x) + _a6_)) / (_a5_ ** (_a6_ * ((x * x) + x))))) * x);{'d0': {'_a0_': -1.0039700549425967, '_a1_': 18.69634806394929, '_a4_': 1.284340679219279, '_a5_': 1.007910041671881, '_a6_': -20.540029950913013, '_a2_': 1.0, '_a3_': 1.0, '_a7_': 1.0}};{'d0': 0.024386832280408697};-273.644699554904;58.29050361552768
42478;-78.5318461619241;(((_a0_ * _a1_) + (-(((_a4_ * x) + _a6_)) / (_a5_ ** (_a6_ * ((x * x) + x))))) * x);{'d0': {'_a0_': -1.0039700549425967, '_a1_': 18.69634806394929, '_a4_': 1.284340679219279, '_a5_': 1.007910041671881, '_a6_': -20.540029950913013, '_a2_': 1.0, '_a3_': 1.0, '_a7_': 1.0}};{'d0': 0.024386832280408697};-273.644699554904;58.29050361552768
42479;-78.5318461619241;(((_a0_ * _a1_) + (-(((_a4_ * x) + _a6_)) / (_a5_ ** (_a6_ * ((x * x) + x))))) * x);{'d0': {'_a0_': -1.0039700549425967, '_a1_': 18.69634806394929, '_a4_': 1.284340679219279, '_a5_': 1.007910041671881, '_a6_': -20.540029950913013, '_a2_': 1.0, '_a3_': 1.0, '_a7_': 1.0}};{'d0': 0.024386832280408697};-273.644699554904;58.29050361552768
42480;-78.5318461619241;(((_a0_ * _a1_) + (-(((_a4_ * x) + _a6_)) / (_a5_ ** (_a6_ * ((x * x) + x))))) * x);{'d0': {'_a0_': -1.0039700549425967, '_a1_': 18.69634806394929, '_a4_': 1.284340679219279, '_a5_': 1.007910041671881, '_a6_': -20.540029950913013, '_a2_': 1.0, '_a3_': 1.0, '_a7_': 1.0}};{'d0': 0.024386832280408697};-273.644699554904;58.29050361552768
42481;-78.5318461619241;(((_a0_ * _a1_) + (-(((_a4_ * x) + _a6_)) / (_a5_ ** (_a6_ * ((x * x) + x))))) * x);{'d0': {'_a0_': -1.0039700549425967, '_a1_': 18.69634806394929, '_a4_': 1.284340679219279, '_a5_': 1.007910041671881, '_a6_': -20.540029950913013, '_a2_': 1.0, '_a3_': 1.0, '_a7_': 1.0}};{'d0': 0.024386832280408697};-273.644699554904;58.29050361552768
42482;-78.5318461619241;(((_a0_ * _a1_) + (-(((_a4_ * x) + _a6_)) / (_a5_ ** (_a6_ * ((x * x) + x))))) * x);{'d0': {'_a0_': -1.0039700549425967, '_a1_': 18.69634806394929, '_a4_': 1.284340679219279, '_a5_': 1.007910041671881, '_a6_': -20.540029950913013, '_a2_': 1.0, '_a3_': 1.0, '_a7_': 1.0}};{'d0': 0.024386832280408697};-273.644699554904;58.29050361552768
42483;-78.5318461619241;(((_a0_ * _a1_) + (-(((_a4_ * x) + _a6_)) / (_a5_ ** (_a6_ * ((x * x) + x))))) * x);{'d0': {'_a0_': -1.0039700549425967, '_a1_': 18.69634806394929, '_a4_': 1.284340679219279, '_a5_': 1.007910041671881, '_a6_': -20.540029950913013, '_a2_': 1.0, '_a3_': 1.0, '_a7_': 1.0}};{'d0': 0.024386832280408697};-273.644699554904;58.29050361552768
42484;-78.5318461619241;(((_a0_ * _a1_) + (-(((_a4_ * x) + _a6_)) / (_a5_ ** (_a6_ * ((x * x) + x))))) * x);{'d0': {'_a0_': -1.0039700549425967, '_a1_': 18.69634806394929, '_a4_': 1.284340679219279, '_a5_': 1.007910041671881, '_a6_': -20.540029950913013, '_a2_': 1.0, '_a3_': 1.0, '_a7_': 1.0}};{'d0': 0.024386832280408697};-273.644699554904;58.29050361552768
42485;-78.5318461619241;(((_a0_ * _a1_) + (-(((_a4_ * x) + _a6_)) / (_a5_ ** (_a6_ * ((x * x) + x))))) * x);{'d0': {'_a0_': -1.0039700549425967, '_a1_': 18.69634806394929, '_a4_': 1.284340679219279, '_a5_': 1.007910041671881, '_a6_': -20.540029950913013, '_a2_': 1.0, '_a3_': 1.0, '_a7_': 1.0}};{'d0': 0.024386832280408697};-273.644699554904;58.29050361552768
42486;-78.5318461619241;(((_a0_ * _a1_) + (-(((_a4_ * x) + _a6_)) / (_a5_ ** (_a6_ * ((x * x) + x))))) * x);{'d0': {'_a0_': -1.0039700549425967, '_a1_': 18.69634806394929, '_a4_': 1.284340679219279, '_a5_': 1.007910041671881, '_a6_': -20.540029950913013, '_a2_': 1.0, '_a3_': 1.0, '_a7_': 1.0}};{'d0': 0.024386832280408697};-273.644699554904;58.29050361552768
42487;-78.5318461619241;(((_a0_ * _a1_) + (-(((_a4_ * x) + _a6_)) / (_a5_ ** (_a6_ * ((x * x) + x))))) * x);{'d0': {'_a0_': -1.0039700549425967, '_a1_': 18.69634806394929, '_a4_': 1.284340679219279, '_a5_': 1.007910041671881, '_a6_': -20.540029950913013, '_a2_': 1.0, '_a3_': 1.0, '_a7_': 1.0}};{'d0': 0.024386832280408697};-273.644699554904;58.29050361552768
42488;-103.280223376163;((_a6_ + (((x + _a6_) * _a4_) * x)) * (x / (_a4_ * _a0_)));{'d0': {'_a0_': 0.2961417866799074, '_a4_': 1.1867399319325322, '_a6_': 0.6238594155177541, '_a1_': 1.0, '_a2_': 1.0, '_a3_': 1.0, '_a5_': 1.0, '_a7_': 1.0}};{'d0': 0.02490583291941664};-280.569866449044;37.00470984835841
42489;-103.280223376163;((_a6_ + (((x + _a6_) * _a4_) * x)) * (x / (_a4_ * _a0_)));{'d0': {'_a0_': 0.2961417866799074, '_a4_': 1.1867399319325322, '_a6_': 0.6238594155177541, '_a1_': 1.0, '_a2_': 1.0, '_a3_': 1.0, '_a5_': 1.0, '_a7_': 1.0}};{'d0': 0.02490583291941664};-280.569866449044;37.00470984835841
42490;-103.280223376163;((_a6_ + (((x + _a6_) * _a4_) * x)) * (x / (_a4_ * _a0_)));{'d0': {'_a0_': 0.2961417866799074, '_a4_': 1.1867399319325322, '_a6_': 0.6238594155177541, '_a1_': 1.0, '_a2_': 1.0, '_a3_': 1.0, '_a5_': 1.0, '_a7_': 1.0}};{'d0': 0.02490583291941664};-280.569866449044;37.00470984835841
42491;-103.280223376163;((_a6_ + (((x + _a6_) * _a4_) * x)) * (x / (_a4_ * _a0_)));{'d0': {'_a0_': 0.2961417866799074, '_a4_': 1.1867399319325322, '_a6_': 0.6238594155177541, '_a1_': 1.0, '_a2_': 1.0, '_a3_': 1.0, '_a5_': 1.0, '_a7_': 1.0}};{'d0': 0.02490583291941664};-280.569866449044;37.00470984835841
42492;-103.280223376163;((_a6_ + (((x + _a6_) * _a4_) * x)) * (x / (_a4_ * _a0_)));{'d0': {'_a0_': 0.2961417866799074, '_a4_': 1.1867399319325322, '_a6_': 0.6238594155177541, '_a1_': 1.0, '_a2_': 1.0, '_a3_': 1.0, '_a5_': 1.0, '_a7_': 1.0}};{'d0': 0.02490583291941664};-280.569866449044;37.00470984835841
42493;-103.280223376163;((_a6_ + (((x + _a6_) * _a4_) * x)) * (x / (_a4_ * _a0_)));{'d0': {'_a0_': 0.2961417866799074, '_a4_': 1.1867399319325322, '_a6_': 0.6238594155177541, '_a1_': 1.0, '_a2_': 1.0, '_a3_': 1.0, '_a5_': 1.0, '_a7_': 1.0}};{'d0': 0.02490583291941664};-280.569866449044;37.00470984835841
42494;-103.280223376163;((_a6_ + (((x + _a6_) * _a4_) * x)) * (x / (_a4_ * _a0_)));{'d0': {'_a0_': 0.2961417866799074, '_a4_': 1.1867399319325322, '_a6_': 0.6238594155177541, '_a1_': 1.0, '_a2_': 1.0, '_a3_': 1.0, '_a5_': 1.0, '_a7_': 1.0}};{'d0': 0.02490583291941664};-280.569866449044;37.00470984835841
42495;-103.280223376163;((_a6_ + (((x + _a6_) * _a4_) * x)) * (x / (_a4_ * _a0_)));{'d0': {'_a0_': 0.2961417866799074, '_a4_': 1.1867399319325322, '_a6_': 0.6238594155177541, '_a1_': 1.0, '_a2_': 1.0, '_a3_': 1.0, '_a5_': 1.0, '_a7_': 1.0}};{'d0': 0.02490583291941664};-280.569866449044;37.00470984835841
42496;-103.280223376163;((_a6_ + (((x + _a6_) * _a4_) * x)) * (x / (_a4_ * _a0_)));{'d0': {'_a0_': 0.2961417866799074, '_a4_': 1.1867399319325322, '_a6_': 0.6238594155177541, '_a1_': 1.0, '_a2_': 1.0, '_a3_': 1.0, '_a5_': 1.0, '_a7_': 1.0}};{'d0': 0.02490583291941664};-280.569866449044;37.00470984835841
42497;-102.308962252590;((_a6_ + (((x + _a6_) * _a4_) * x)) * (x / (_a4_ + _a0_)));{'d0': {'_a0_': -0.8352966476013491, '_a4_': 1.1867399313161753, '_a6_': 0.6238594154621723, '_a1_': 1.0, '_a2_': 1.0, '_a3_': 1.0, '_a5_': 1.0, '_a7_': 1.0}};{'d0': 0.024905832919416643};-280.569866449044;37.97597097193141
42498;-102.308962252590;((_a6_ + (((x + _a6_) * _a4_) * x)) * (x / (_a4_ + _a0_)));{'d0': {'_a0_': -0.8352966476013491, '_a4_': 1.1867399313161753, '_a6_': 0.6238594154621723, '_a1_': 1.0, '_a2_': 1.0, '_a3_': 1.0, '_a5_': 1.0, '_a7_': 1.0}};{'d0': 0.024905832919416643};-280.569866449044;37.97597097193141
42499;-104.531628829010;((_a6_ + (((x + _a6_) * _a4_) * x)) * (x / pow2(_a7_)));{'d0': {'_a4_': 1.1867399317023044, '_a6_': 0.6238594156059954, '_a7_': 0.5928265207991552, '_a0_': 1.0, '_a1_': 1.0, '_a2_': 1.0, '_a3_': 1.0, '_a5_': 1.0}};{'d0': 0.02490583291941662};-280.569866449044;35.75330439551141
42500;-104.531628829010;((_a6_ + (((x + _a6_) * _a4_) * x)) * (x / pow2(_a7_)));{'d0': {'_a4_': 1.1867399317023044, '_a6_': 0.6238594156059954, '_a7_': 0.5928265207991552, '_a0_': 1.0, '_a1_': 1.0, '_a2_': 1.0, '_a3_': 1.0, '_a5_': 1.0}};{'d0': 0.02490583291941662};-280.569866449044;35.75330439551141
42501;-104.531628829010;((_a6_ + (((x + _a6_) * _a4_) * x)) * (x / pow2(_a7_)));{'d0': {'_a4_': 1.1867399317023044, '_a6_': 0.6238594156059954, '_a7_': 0.5928265207991552, '_a0_': 1.0, '_a1_': 1.0, '_a2_': 1.0, '_a3_': 1.0, '_a5_': 1.0}};{'d0': 0.02490583291941662};-280.569866449044;35.75330439551141
42502;-104.531628829010;((_a6_ + (((x + _a6_) * _a4_) * x)) * (x / pow2(_a7_)));{'d0': {'_a4_': 1.1867399317023044, '_a6_': 0.6238594156059954, '_a7_': 0.5928265207991552, '_a0_': 1.0, '_a1_': 1.0, '_a2_': 1.0, '_a3_': 1.0, '_a5_': 1.0}};{'d0': 0.02490583291941662};-280.569866449044;35.75330439551141
42503;-104.531628829010;((_a6_ + (((x + _a6_) * _a4_) * x)) * (x / pow2(_a7_)));{'d0': {'_a4_': 1.1867399317023044, '_a6_': 0.6238594156059954, '_a7_': 0.5928265207991552, '_a0_': 1.0, '_a1_': 1.0, '_a2_': 1.0, '_a3_': 1.0, '_a5_': 1.0}};{'d0': 0.02490583291941662};-280.569866449044;35.75330439551141
42504;-104.531628829010;((_a6_ + (((x + _a6_) * _a4_) * x)) * (x / pow2(_a7_)));{'d0': {'_a4_': 1.1867399317023044, '_a6_': 0.6238594156059954, '_a7_': 0.5928265207991552, '_a0_': 1.0, '_a1_': 1.0, '_a2_': 1.0, '_a3_': 1.0, '_a5_': 1.0}};{'d0': 0.02490583291941662};-280.569866449044;35.75330439551141
42505;-104.531628829010;((_a6_ + (((x + _a6_) * _a4_) * x)) * (x / pow2(_a7_)));{'d0': {'_a4_': 1.1867399317023044, '_a6_': 0.6238594156059954, '_a7_': 0.5928265207991552, '_a0_': 1.0, '_a1_': 1.0, '_a2_': 1.0, '_a3_': 1.0, '_a5_': 1.0}};{'d0': 0.02490583291941662};-280.569866449044;35.75330439551141
42506;-104.531628829010;((_a6_ + (((x + _a6_) * _a4_) * x)) * (x / pow2(_a7_)));{'d0': {'_a4_': 1.1867399317023044, '_a6_': 0.6238594156059954, '_a7_': 0.5928265207991552, '_a0_': 1.0, '_a1_': 1.0, '_a2_': 1.0, '_a3_': 1.0, '_a5_': 1.0}};{'d0': 0.02490583291941662};-280.569866449044;35.75330439551141
42507;-104.531628829010;((_a6_ + (((x + _a6_) * _a4_) * x)) * (x / pow2(_a7_)));{'d0': {'_a4_': 1.1867399317023044, '_a6_': 0.6238594156059954, '_a7_': 0.5928265207991552, '_a0_': 1.0, '_a1_': 1.0, '_a2_': 1.0, '_a3_': 1.0, '_a5_': 1.0}};{'d0': 0.02490583291941662};-280.569866449044;35.75330439551141
42508;-104.531628829010;((_a6_ + (((x + _a6_) * _a4_) * x)) * (x / pow2(_a7_)));{'d0': {'_a4_': 1.1867399317023044, '_a6_': 0.6238594156059954, '_a7_': 0.5928265207991552, '_a0_': 1.0, '_a1_': 1.0, '_a2_': 1.0, '_a3_': 1.0, '_a5_': 1.0}};{'d0': 0.02490583291941662};-280.569866449044;35.75330439551141
42509;-104.531628829010;((_a6_ + (((x + _a6_) * _a4_) * x)) * (x / pow2(_a7_)));{'d0': {'_a4_': 1.1867399317023044, '_a6_': 0.6238594156059954, '_a7_': 0.5928265207991552, '_a0_': 1.0, '_a1_': 1.0, '_a2_': 1.0, '_a3_': 1.0, '_a5_': 1.0}};{'d0': 0.02490583291941662};-280.569866449044;35.75330439551141
42510;-104.531628829010;((_a6_ + (((x + _a6_) * _a4_) * x)) * (x / pow2(_a7_)));{'d0': {'_a4_': 1.1867399317023044, '_a6_': 0.6238594156059954, '_a7_': 0.5928265207991552, '_a0_': 1.0, '_a1_': 1.0, '_a2_': 1.0, '_a3_': 1.0, '_a5_': 1.0}};{'d0': 0.02490583291941662};-280.569866449044;35.75330439551141
42511;-104.531628829010;((_a6_ + (((x + _a6_) * _a4_) * x)) * (x / pow2(_a7_)));{'d0': {'_a4_': 1.1867399317023044, '_a6_': 0.6238594156059954, '_a7_': 0.5928265207991552, '_a0_': 1.0, '_a1_': 1.0, '_a2_': 1.0, '_a3_': 1.0, '_a5_': 1.0}};{'d0': 0.02490583291941662};-280.569866449044;35.75330439551141
42512;-104.531628829010;((_a6_ + (((x + _a6_) * _a4_) * x)) * (x / pow2(_a7_)));{'d0': {'_a4_': 1.1867399317023044, '_a6_': 0.6238594156059954, '_a7_': 0.5928265207991552, '_a0_': 1.0, '_a1_': 1.0, '_a2_': 1.0, '_a3_': 1.0, '_a5_': 1.0}};{'d0': 0.02490583291941662};-280.569866449044;35.75330439551141
42513;-104.531628829010;((_a6_ + (((x + _a6_) * _a4_) * x)) * (x / pow2(_a7_)));{'d0': {'_a4_': 1.1867399317023044, '_a6_': 0.6238594156059954, '_a7_': 0.5928265207991552, '_a0_': 1.0, '_a1_': 1.0, '_a2_': 1.0, '_a3_': 1.0, '_a5_': 1.0}};{'d0': 0.02490583291941662};-280.569866449044;35.75330439551141
42514;-104.531628829010;((_a6_ + (((x + _a6_) * _a4_) * x)) * (x / pow2(_a7_)));{'d0': {'_a4_': 1.1867399317023044, '_a6_': 0.6238594156059954, '_a7_': 0.5928265207991552, '_a0_': 1.0, '_a1_': 1.0, '_a2_': 1.0, '_a3_': 1.0, '_a5_': 1.0}};{'d0': 0.02490583291941662};-280.569866449044;35.75330439551141
42515;-104.531628829010;((_a6_ + (((x + _a6_) * _a4_) * x)) * (x / pow2(_a7_)));{'d0': {'_a4_': 1.1867399317023044, '_a6_': 0.6238594156059954, '_a7_': 0.5928265207991552, '_a0_': 1.0, '_a1_': 1.0, '_a2_': 1.0, '_a3_': 1.0, '_a5_': 1.0}};{'d0': 0.02490583291941662};-280.569866449044;35.75330439551141
42516;-104.531628829010;((_a6_ + (((x + _a6_) * _a4_) * x)) * (x / pow2(_a7_)));{'d0': {'_a4_': 1.1867399317023044, '_a6_': 0.6238594156059954, '_a7_': 0.5928265207991552, '_a0_': 1.0, '_a1_': 1.0, '_a2_': 1.0, '_a3_': 1.0, '_a5_': 1.0}};{'d0': 0.02490583291941662};-280.569866449044;35.75330439551141
42517;-104.531628829010;((_a6_ + (((x + _a6_) * _a4_) * x)) * (x / pow2(_a7_)));{'d0': {'_a4_': 1.1867399317023044, '_a6_': 0.6238594156059954, '_a7_': 0.5928265207991552, '_a0_': 1.0, '_a1_': 1.0, '_a2_': 1.0, '_a3_': 1.0, '_a5_': 1.0}};{'d0': 0.02490583291941662};-280.569866449044;35.75330439551141
42518;-104.531628829010;((_a6_ + (((x + _a6_) * _a4_) * x)) * (x / pow2(_a7_)));{'d0': {'_a4_': 1.1867399317023044, '_a6_': 0.6238594156059954, '_a7_': 0.5928265207991552, '_a0_': 1.0, '_a1_': 1.0, '_a2_': 1.0, '_a3_': 1.0, '_a5_': 1.0}};{'d0': 0.02490583291941662};-280.569866449044;35.75330439551141
42519;-104.531628829010;((_a6_ + (((x + _a6_) * _a4_) * x)) * (x / pow2(_a7_)));{'d0': {'_a4_': 1.1867399317023044, '_a6_': 0.6238594156059954, '_a7_': 0.5928265207991552, '_a0_': 1.0, '_a1_': 1.0, '_a2_': 1.0, '_a3_': 1.0, '_a5_': 1.0}};{'d0': 0.02490583291941662};-280.569866449044;35.75330439551141
42520;-104.531628829010;((_a6_ + (((x + _a6_) * _a4_) * x)) * (x / pow2(_a7_)));{'d0': {'_a4_': 1.1867399317023044, '_a6_': 0.6238594156059954, '_a7_': 0.5928265207991552, '_a0_': 1.0, '_a1_': 1.0, '_a2_': 1.0, '_a3_': 1.0, '_a5_': 1.0}};{'d0': 0.02490583291941662};-280.569866449044;35.75330439551141
42521;-104.531628829010;((_a6_ + (((x + _a6_) * _a4_) * x)) * (x / pow2(_a7_)));{'d0': {'_a4_': 1.1867399317023044, '_a6_': 0.6238594156059954, '_a7_': 0.5928265207991552, '_a0_': 1.0, '_a1_': 1.0, '_a2_': 1.0, '_a3_': 1.0, '_a5_': 1.0}};{'d0': 0.02490583291941662};-280.569866449044;35.75330439551141
42522;-104.531628829010;((_a6_ + (((x + _a6_) * _a4_) * x)) * (x / pow2(_a7_)));{'d0': {'_a4_': 1.1867399317023044, '_a6_': 0.6238594156059954, '_a7_': 0.5928265207991552, '_a0_': 1.0, '_a1_': 1.0, '_a2_': 1.0, '_a3_': 1.0, '_a5_': 1.0}};{'d0': 0.02490583291941662};-280.569866449044;35.75330439551141
42523;-104.531628829010;((_a6_ + (((x + _a6_) * _a4_) * x)) * (x / pow2(_a7_)));{'d0': {'_a4_': 1.1867399317023044, '_a6_': 0.6238594156059954, '_a7_': 0.5928265207991552, '_a0_': 1.0, '_a1_': 1.0, '_a2_': 1.0, '_a3_': 1.0, '_a5_': 1.0}};{'d0': 0.02490583291941662};-280.569866449044;35.75330439551141
42524;-104.531628829010;((_a6_ + (((x + _a6_) * _a4_) * x)) * (x / pow2(_a7_)));{'d0': {'_a4_': 1.1867399317023044, '_a6_': 0.6238594156059954, '_a7_': 0.5928265207991552, '_a0_': 1.0, '_a1_': 1.0, '_a2_': 1.0, '_a3_': 1.0, '_a5_': 1.0}};{'d0': 0.02490583291941662};-280.569866449044;35.75330439551141
42525;-104.531628829010;((_a6_ + (((x + _a6_) * _a4_) * x)) * (x / pow2(_a7_)));{'d0': {'_a4_': 1.1867399317023044, '_a6_': 0.6238594156059954, '_a7_': 0.5928265207991552, '_a0_': 1.0, '_a1_': 1.0, '_a2_': 1.0, '_a3_': 1.0, '_a5_': 1.0}};{'d0': 0.02490583291941662};-280.569866449044;35.75330439551141
42526;-104.531628829010;((_a6_ + (((x + _a6_) * _a4_) * x)) * (x / pow2(_a7_)));{'d0': {'_a4_': 1.1867399317023044, '_a6_': 0.6238594156059954, '_a7_': 0.5928265207991552, '_a0_': 1.0, '_a1_': 1.0, '_a2_': 1.0, '_a3_': 1.0, '_a5_': 1.0}};{'d0': 0.02490583291941662};-280.569866449044;35.75330439551141
42527;-104.531628829010;((_a6_ + (((x + _a6_) * _a4_) * x)) * (x / pow2(_a7_)));{'d0': {'_a4_': 1.1867399317023044, '_a6_': 0.6238594156059954, '_a7_': 0.5928265207991552, '_a0_': 1.0, '_a1_': 1.0, '_a2_': 1.0, '_a3_': 1.0, '_a5_': 1.0}};{'d0': 0.02490583291941662};-280.569866449044;35.75330439551141
42528;-104.531628829010;((_a6_ + (((x + _a6_) * _a4_) * x)) * (x / pow2(_a7_)));{'d0': {'_a4_': 1.1867399317023044, '_a6_': 0.6238594156059954, '_a7_': 0.5928265207991552, '_a0_': 1.0, '_a1_': 1.0, '_a2_': 1.0, '_a3_': 1.0, '_a5_': 1.0}};{'d0': 0.02490583291941662};-280.569866449044;35.75330439551141
42529;-104.531628829010;((_a6_ + (((x + _a6_) * _a4_) * x)) * (x / pow2(_a7_)));{'d0': {'_a4_': 1.1867399317023044, '_a6_': 0.6238594156059954, '_a7_': 0.5928265207991552, '_a0_': 1.0, '_a1_': 1.0, '_a2_': 1.0, '_a3_': 1.0, '_a5_': 1.0}};{'d0': 0.02490583291941662};-280.569866449044;35.75330439551141
42530;-104.531628829010;((_a6_ + (((x + _a6_) * _a4_) * x)) * (x / pow2(_a7_)));{'d0': {'_a4_': 1.1867399317023044, '_a6_': 0.6238594156059954, '_a7_': 0.5928265207991552, '_a0_': 1.0, '_a1_': 1.0, '_a2_': 1.0, '_a3_': 1.0, '_a5_': 1.0}};{'d0': 0.02490583291941662};-280.569866449044;35.75330439551141
42531;-104.531628829010;((_a6_ + (((x + _a6_) * _a4_) * x)) * (x / pow2(_a7_)));{'d0': {'_a4_': 1.1867399317023044, '_a6_': 0.6238594156059954, '_a7_': 0.5928265207991552, '_a0_': 1.0, '_a1_': 1.0, '_a2_': 1.0, '_a3_': 1.0, '_a5_': 1.0}};{'d0': 0.02490583291941662};-280.569866449044;35.75330439551141
42532;-104.531628829010;((_a6_ + (((x + _a6_) * _a4_) * x)) * (x / pow2(_a7_)));{'d0': {'_a4_': 1.1867399317023044, '_a6_': 0.6238594156059954, '_a7_': 0.5928265207991552, '_a0_': 1.0, '_a1_': 1.0, '_a2_': 1.0, '_a3_': 1.0, '_a5_': 1.0}};{'d0': 0.02490583291941662};-280.569866449044;35.75330439551141
42533;-104.531628829010;((_a6_ + (((x + _a6_) * _a4_) * x)) * (x / pow2(_a7_)));{'d0': {'_a4_': 1.1867399317023044, '_a6_': 0.6238594156059954, '_a7_': 0.5928265207991552, '_a0_': 1.0, '_a1_': 1.0, '_a2_': 1.0, '_a3_': 1.0, '_a5_': 1.0}};{'d0': 0.02490583291941662};-280.569866449044;35.75330439551141
42534;-104.531628829010;((_a6_ + (((x + _a6_) * _a4_) * x)) * (x / pow2(_a7_)));{'d0': {'_a4_': 1.1867399317023044, '_a6_': 0.6238594156059954, '_a7_': 0.5928265207991552, '_a0_': 1.0, '_a1_': 1.0, '_a2_': 1.0, '_a3_': 1.0, '_a5_': 1.0}};{'d0': 0.02490583291941662};-280.569866449044;35.75330439551141
42535;-104.531628829010;((_a6_ + (((x + _a6_) * _a4_) * x)) * (x / pow2(_a7_)));{'d0': {'_a4_': 1.1867399317023044, '_a6_': 0.6238594156059954, '_a7_': 0.5928265207991552, '_a0_': 1.0, '_a1_': 1.0, '_a2_': 1.0, '_a3_': 1.0, '_a5_': 1.0}};{'d0': 0.02490583291941662};-280.569866449044;35.75330439551141
42536;-104.531628829010;((_a6_ + (((x + _a6_) * _a4_) * x)) * (x / pow2(_a7_)));{'d0': {'_a4_': 1.1867399317023044, '_a6_': 0.6238594156059954, '_a7_': 0.5928265207991552, '_a0_': 1.0, '_a1_': 1.0, '_a2_': 1.0, '_a3_': 1.0, '_a5_': 1.0}};{'d0': 0.02490583291941662};-280.569866449044;35.75330439551141
42537;-104.531628829010;((_a6_ + (((x + _a6_) * _a4_) * x)) * (x / pow2(_a7_)));{'d0': {'_a4_': 1.1867399317023044, '_a6_': 0.6238594156059954, '_a7_': 0.5928265207991552, '_a0_': 1.0, '_a1_': 1.0, '_a2_': 1.0, '_a3_': 1.0, '_a5_': 1.0}};{'d0': 0.02490583291941662};-280.569866449044;35.75330439551141
42538;-104.531628829010;((_a6_ + (((x + _a6_) * _a4_) * x)) * (x / pow2(_a7_)));{'d0': {'_a4_': 1.1867399317023044, '_a6_': 0.6238594156059954, '_a7_': 0.5928265207991552, '_a0_': 1.0, '_a1_': 1.0, '_a2_': 1.0, '_a3_': 1.0, '_a5_': 1.0}};{'d0': 0.02490583291941662};-280.569866449044;35.75330439551141
42539;-104.531628829010;((_a6_ + (((x + _a6_) * _a4_) * x)) * (x / pow2(_a7_)));{'d0': {'_a4_': 1.1867399317023044, '_a6_': 0.6238594156059954, '_a7_': 0.5928265207991552, '_a0_': 1.0, '_a1_': 1.0, '_a2_': 1.0, '_a3_': 1.0, '_a5_': 1.0}};{'d0': 0.02490583291941662};-280.569866449044;35.75330439551141
42540;-104.531628829010;((_a6_ + (((x + _a6_) * _a4_) * x)) * (x / pow2(_a7_)));{'d0': {'_a4_': 1.1867399317023044, '_a6_': 0.6238594156059954, '_a7_': 0.5928265207991552, '_a0_': 1.0, '_a1_': 1.0, '_a2_': 1.0, '_a3_': 1.0, '_a5_': 1.0}};{'d0': 0.02490583291941662};-280.569866449044;35.75330439551141
42541;-104.531628829010;((_a6_ + (((x + _a6_) * _a4_) * x)) * (x / pow2(_a7_)));{'d0': {'_a4_': 1.1867399317023044, '_a6_': 0.6238594156059954, '_a7_': 0.5928265207991552, '_a0_': 1.0, '_a1_': 1.0, '_a2_': 1.0, '_a3_': 1.0, '_a5_': 1.0}};{'d0': 0.02490583291941662};-280.569866449044;35.75330439551141
42542;-104.531628829010;((_a6_ + (((x + _a6_) * _a4_) * x)) * (x / pow2(_a7_)));{'d0': {'_a4_': 1.1867399317023044, '_a6_': 0.6238594156059954, '_a7_': 0.5928265207991552, '_a0_': 1.0, '_a1_': 1.0, '_a2_': 1.0, '_a3_': 1.0, '_a5_': 1.0}};{'d0': 0.02490583291941662};-280.569866449044;35.75330439551141
42543;-104.531628829010;((_a6_ + (((x + _a6_) * _a4_) * x)) * (x / pow2(_a7_)));{'d0': {'_a4_': 1.1867399317023044, '_a6_': 0.6238594156059954, '_a7_': 0.5928265207991552, '_a0_': 1.0, '_a1_': 1.0, '_a2_': 1.0, '_a3_': 1.0, '_a5_': 1.0}};{'d0': 0.02490583291941662};-280.569866449044;35.75330439551141
42544;-104.531628829010;((_a6_ + (((x + _a6_) * _a4_) * x)) * (x / pow2(_a7_)));{'d0': {'_a4_': 1.1867399317023044, '_a6_': 0.6238594156059954, '_a7_': 0.5928265207991552, '_a0_': 1.0, '_a1_': 1.0, '_a2_': 1.0, '_a3_': 1.0, '_a5_': 1.0}};{'d0': 0.02490583291941662};-280.569866449044;35.75330439551141
42545;-96.3433014795855;-((((_a6_ * _a0_) + ((pow2(x) * log(_a5_)) + x)) * (x * _a0_)));{'d0': {'_a0_': -2.10662406684302, '_a5_': 4.967542416091574, '_a6_': -0.39999761633108677, '_a1_': 1.0, '_a2_': 1.0, '_a3_': 1.0, '_a4_': 1.0, '_a7_': 1.0}};{'d0': 0.02490583291941662};-280.569866449044;43.941631744936494
42546;-96.3433014795855;-((((_a6_ * _a0_) + ((pow2(x) * log(_a5_)) + x)) * (x * _a0_)));{'d0': {'_a0_': -2.10662406684302, '_a5_': 4.967542416091574, '_a6_': -0.39999761633108677, '_a1_': 1.0, '_a2_': 1.0, '_a3_': 1.0, '_a4_': 1.0, '_a7_': 1.0}};{'d0': 0.02490583291941662};-280.569866449044;43.941631744936494
42547;-96.3433014795855;-((((_a6_ * _a0_) + ((pow2(x) * log(_a5_)) + x)) * (x * _a0_)));{'d0': {'_a0_': -2.10662406684302, '_a5_': 4.967542416091574, '_a6_': -0.39999761633108677, '_a1_': 1.0, '_a2_': 1.0, '_a3_': 1.0, '_a4_': 1.0, '_a7_': 1.0}};{'d0': 0.02490583291941662};-280.569866449044;43.941631744936494
42548;-96.3433014795855;-((((_a6_ * _a0_) + ((pow2(x) * log(_a5_)) + x)) * (x * _a0_)));{'d0': {'_a0_': -2.10662406684302, '_a5_': 4.967542416091574, '_a6_': -0.39999761633108677, '_a1_': 1.0, '_a2_': 1.0, '_a3_': 1.0, '_a4_': 1.0, '_a7_': 1.0}};{'d0': 0.02490583291941662};-280.569866449044;43.941631744936494
42549;-96.3433014795855;-((((_a6_ * _a0_) + ((pow2(x) * log(_a5_)) + x)) * (x * _a0_)));{'d0': {'_a0_': -2.10662406684302, '_a5_': 4.967542416091574, '_a6_': -0.39999761633108677, '_a1_': 1.0, '_a2_': 1.0, '_a3_': 1.0, '_a4_': 1.0, '_a7_': 1.0}};{'d0': 0.02490583291941662};-280.569866449044;43.941631744936494
42550;-96.3433014795855;-((((_a6_ * _a0_) + ((pow2(x) * log(_a5_)) + x)) * (x * _a0_)));{'d0': {'_a0_': -2.10662406684302, '_a5_': 4.967542416091574, '_a6_': -0.39999761633108677, '_a1_': 1.0, '_a2_': 1.0, '_a3_': 1.0, '_a4_': 1.0, '_a7_': 1.0}};{'d0': 0.02490583291941662};-280.569866449044;43.941631744936494
42551;-96.3433014795855;-((((_a6_ * _a0_) + ((pow2(x) * log(_a5_)) + x)) * (x * _a0_)));{'d0': {'_a0_': -2.10662406684302, '_a5_': 4.967542416091574, '_a6_': -0.39999761633108677, '_a1_': 1.0, '_a2_': 1.0, '_a3_': 1.0, '_a4_': 1.0, '_a7_': 1.0}};{'d0': 0.02490583291941662};-280.569866449044;43.941631744936494
42552;-96.3433014795855;-((((_a6_ * _a0_) + ((pow2(x) * log(_a5_)) + x)) * (x * _a0_)));{'d0': {'_a0_': -2.10662406684302, '_a5_': 4.967542416091574, '_a6_': -0.39999761633108677, '_a1_': 1.0, '_a2_': 1.0, '_a3_': 1.0, '_a4_': 1.0, '_a7_': 1.0}};{'d0': 0.02490583291941662};-280.569866449044;43.941631744936494
42553;-96.3433014795855;-((((_a6_ * _a0_) + ((pow2(x) * log(_a5_)) + x)) * (x * _a0_)));{'d0': {'_a0_': -2.10662406684302, '_a5_': 4.967542416091574, '_a6_': -0.39999761633108677, '_a1_': 1.0, '_a2_': 1.0, '_a3_': 1.0, '_a4_': 1.0, '_a7_': 1.0}};{'d0': 0.02490583291941662};-280.569866449044;43.941631744936494
42554;-96.3433014795855;-((((_a6_ * _a0_) + ((pow2(x) * log(_a5_)) + x)) * (x * _a0_)));{'d0': {'_a0_': -2.10662406684302, '_a5_': 4.967542416091574, '_a6_': -0.39999761633108677, '_a1_': 1.0, '_a2_': 1.0, '_a3_': 1.0, '_a4_': 1.0, '_a7_': 1.0}};{'d0': 0.02490583291941662};-280.569866449044;43.941631744936494
42555;-96.3433014795855;-((((_a6_ * _a0_) + ((pow2(x) * log(_a5_)) + x)) * (x * _a0_)));{'d0': {'_a0_': -2.10662406684302, '_a5_': 4.967542416091574, '_a6_': -0.39999761633108677, '_a1_': 1.0, '_a2_': 1.0, '_a3_': 1.0, '_a4_': 1.0, '_a7_': 1.0}};{'d0': 0.02490583291941662};-280.569866449044;43.941631744936494
42556;-96.3433014795855;-((((_a6_ * _a0_) + ((pow2(x) * log(_a5_)) + x)) * (x * _a0_)));{'d0': {'_a0_': -2.10662406684302, '_a5_': 4.967542416091574, '_a6_': -0.39999761633108677, '_a1_': 1.0, '_a2_': 1.0, '_a3_': 1.0, '_a4_': 1.0, '_a7_': 1.0}};{'d0': 0.02490583291941662};-280.569866449044;43.941631744936494
42557;-96.3433014795855;-((((_a6_ * _a0_) + ((pow2(x) * log(_a5_)) + x)) * (x * _a0_)));{'d0': {'_a0_': -2.10662406684302, '_a5_': 4.967542416091574, '_a6_': -0.39999761633108677, '_a1_': 1.0, '_a2_': 1.0, '_a3_': 1.0, '_a4_': 1.0, '_a7_': 1.0}};{'d0': 0.02490583291941662};-280.569866449044;43.941631744936494
42558;-96.3433014795855;-((((_a6_ * _a0_) + ((pow2(x) * log(_a5_)) + x)) * (x * _a0_)));{'d0': {'_a0_': -2.10662406684302, '_a5_': 4.967542416091574, '_a6_': -0.39999761633108677, '_a1_': 1.0, '_a2_': 1.0, '_a3_': 1.0, '_a4_': 1.0, '_a7_': 1.0}};{'d0': 0.02490583291941662};-280.569866449044;43.941631744936494
42559;-96.3433014795855;-((((_a6_ * _a0_) + ((pow2(x) * log(_a5_)) + x)) * (x * _a0_)));{'d0': {'_a0_': -2.10662406684302, '_a5_': 4.967542416091574, '_a6_': -0.39999761633108677, '_a1_': 1.0, '_a2_': 1.0, '_a3_': 1.0, '_a4_': 1.0, '_a7_': 1.0}};{'d0': 0.02490583291941662};-280.569866449044;43.941631744936494
42560;-96.3433014795855;-((((_a6_ * _a0_) + ((pow2(x) * log(_a5_)) + x)) * (x * _a0_)));{'d0': {'_a0_': -2.10662406684302, '_a5_': 4.967542416091574, '_a6_': -0.39999761633108677, '_a1_': 1.0, '_a2_': 1.0, '_a3_': 1.0, '_a4_': 1.0, '_a7_': 1.0}};{'d0': 0.02490583291941662};-280.569866449044;43.941631744936494
42561;-96.3433014795855;-((((_a6_ * _a0_) + ((pow2(x) * log(_a5_)) + x)) * (x * _a0_)));{'d0': {'_a0_': -2.10662406684302, '_a5_': 4.967542416091574, '_a6_': -0.39999761633108677, '_a1_': 1.0, '_a2_': 1.0, '_a3_': 1.0, '_a4_': 1.0, '_a7_': 1.0}};{'d0': 0.02490583291941662};-280.569866449044;43.941631744936494
42562;-96.3433014795855;-((((_a6_ * _a0_) + ((pow2(x) * log(_a5_)) + x)) * (x * _a0_)));{'d0': {'_a0_': -2.10662406684302, '_a5_': 4.967542416091574, '_a6_': -0.39999761633108677, '_a1_': 1.0, '_a2_': 1.0, '_a3_': 1.0, '_a4_': 1.0, '_a7_': 1.0}};{'d0': 0.02490583291941662};-280.569866449044;43.941631744936494
42563;-96.3433014795855;-((((_a6_ * _a0_) + ((pow2(x) * log(_a5_)) + x)) * (x * _a0_)));{'d0': {'_a0_': -2.10662406684302, '_a5_': 4.967542416091574, '_a6_': -0.39999761633108677, '_a1_': 1.0, '_a2_': 1.0, '_a3_': 1.0, '_a4_': 1.0, '_a7_': 1.0}};{'d0': 0.02490583291941662};-280.569866449044;43.941631744936494
42564;-96.3433014795855;-((((_a6_ * _a0_) + ((pow2(x) * log(_a5_)) + x)) * (x * _a0_)));{'d0': {'_a0_': -2.10662406684302, '_a5_': 4.967542416091574, '_a6_': -0.39999761633108677, '_a1_': 1.0, '_a2_': 1.0, '_a3_': 1.0, '_a4_': 1.0, '_a7_': 1.0}};{'d0': 0.02490583291941662};-280.569866449044;43.941631744936494
42565;-96.3433014795855;-((((_a6_ * _a0_) + ((pow2(x) * log(_a5_)) + x)) * (x * _a0_)));{'d0': {'_a0_': -2.10662406684302, '_a5_': 4.967542416091574, '_a6_': -0.39999761633108677, '_a1_': 1.0, '_a2_': 1.0, '_a3_': 1.0, '_a4_': 1.0, '_a7_': 1.0}};{'d0': 0.02490583291941662};-280.569866449044;43.941631744936494
42566;-96.3433014795855;-((((_a6_ * _a0_) + ((pow2(x) * log(_a5_)) + x)) * (x * _a0_)));{'d0': {'_a0_': -2.10662406684302, '_a5_': 4.967542416091574, '_a6_': -0.39999761633108677, '_a1_': 1.0, '_a2_': 1.0, '_a3_': 1.0, '_a4_': 1.0, '_a7_': 1.0}};{'d0': 0.02490583291941662};-280.569866449044;43.941631744936494
42567;-96.3433014795855;-((((_a6_ * _a0_) + ((pow2(x) * log(_a5_)) + x)) * (x * _a0_)));{'d0': {'_a0_': -2.10662406684302, '_a5_': 4.967542416091574, '_a6_': -0.39999761633108677, '_a1_': 1.0, '_a2_': 1.0, '_a3_': 1.0, '_a4_': 1.0, '_a7_': 1.0}};{'d0': 0.02490583291941662};-280.569866449044;43.941631744936494
42568;-96.3433014795855;-((((_a6_ * _a0_) + ((pow2(x) * log(_a5_)) + x)) * (x * _a0_)));{'d0': {'_a0_': -2.10662406684302, '_a5_': 4.967542416091574, '_a6_': -0.39999761633108677, '_a1_': 1.0, '_a2_': 1.0, '_a3_': 1.0, '_a4_': 1.0, '_a7_': 1.0}};{'d0': 0.02490583291941662};-280.569866449044;43.941631744936494
42569;-96.3433014795855;-((((_a6_ * _a0_) + ((pow2(x) * log(_a5_)) + x)) * (x * _a0_)));{'d0': {'_a0_': -2.10662406684302, '_a5_': 4.967542416091574, '_a6_': -0.39999761633108677, '_a1_': 1.0, '_a2_': 1.0, '_a3_': 1.0, '_a4_': 1.0, '_a7_': 1.0}};{'d0': 0.02490583291941662};-280.569866449044;43.941631744936494
42570;-96.3433014795855;-((((_a6_ * _a0_) + ((pow2(x) * log(_a5_)) + x)) * (x * _a0_)));{'d0': {'_a0_': -2.10662406684302, '_a5_': 4.967542416091574, '_a6_': -0.39999761633108677, '_a1_': 1.0, '_a2_': 1.0, '_a3_': 1.0, '_a4_': 1.0, '_a7_': 1.0}};{'d0': 0.02490583291941662};-280.569866449044;43.941631744936494
42571;-96.3433014795855;-((((_a6_ * _a0_) + ((pow2(x) * log(_a5_)) + x)) * (x * _a0_)));{'d0': {'_a0_': -2.10662406684302, '_a5_': 4.967542416091574, '_a6_': -0.39999761633108677, '_a1_': 1.0, '_a2_': 1.0, '_a3_': 1.0, '_a4_': 1.0, '_a7_': 1.0}};{'d0': 0.02490583291941662};-280.569866449044;43.941631744936494
42572;-96.3433014795855;-((((_a6_ * _a0_) + ((pow2(x) * log(_a5_)) + x)) * (x * _a0_)));{'d0': {'_a0_': -2.10662406684302, '_a5_': 4.967542416091574, '_a6_': -0.39999761633108677, '_a1_': 1.0, '_a2_': 1.0, '_a3_': 1.0, '_a4_': 1.0, '_a7_': 1.0}};{'d0': 0.02490583291941662};-280.569866449044;43.941631744936494
42573;-96.3433014795855;-((((_a6_ * _a0_) + ((pow2(x) * log(_a5_)) + x)) * (x * _a0_)));{'d0': {'_a0_': -2.10662406684302, '_a5_': 4.967542416091574, '_a6_': -0.39999761633108677, '_a1_': 1.0, '_a2_': 1.0, '_a3_': 1.0, '_a4_': 1.0, '_a7_': 1.0}};{'d0': 0.02490583291941662};-280.569866449044;43.941631744936494
42574;-96.3433014795855;-((((_a6_ * _a0_) + ((pow2(x) * log(_a5_)) + x)) * (x * _a0_)));{'d0': {'_a0_': -2.10662406684302, '_a5_': 4.967542416091574, '_a6_': -0.39999761633108677, '_a1_': 1.0, '_a2_': 1.0, '_a3_': 1.0, '_a4_': 1.0, '_a7_': 1.0}};{'d0': 0.02490583291941662};-280.569866449044;43.941631744936494
42575;-96.3433014795855;-((((_a6_ * _a0_) + ((pow2(x) * log(_a5_)) + x)) * (x * _a0_)));{'d0': {'_a0_': -2.10662406684302, '_a5_': 4.967542416091574, '_a6_': -0.39999761633108677, '_a1_': 1.0, '_a2_': 1.0, '_a3_': 1.0, '_a4_': 1.0, '_a7_': 1.0}};{'d0': 0.02490583291941662};-280.569866449044;43.941631744936494
42576;-96.3433014795855;-((((_a6_ * _a0_) + ((pow2(x) * log(_a5_)) + x)) * (x * _a0_)));{'d0': {'_a0_': -2.10662406684302, '_a5_': 4.967542416091574, '_a6_': -0.39999761633108677, '_a1_': 1.0, '_a2_': 1.0, '_a3_': 1.0, '_a4_': 1.0, '_a7_': 1.0}};{'d0': 0.02490583291941662};-280.569866449044;43.941631744936494
42577;-96.3433014795855;-((((_a6_ * _a0_) + ((pow2(x) * log(_a5_)) + x)) * (x * _a0_)));{'d0': {'_a0_': -2.10662406684302, '_a5_': 4.967542416091574, '_a6_': -0.39999761633108677, '_a1_': 1.0, '_a2_': 1.0, '_a3_': 1.0, '_a4_': 1.0, '_a7_': 1.0}};{'d0': 0.02490583291941662};-280.569866449044;43.941631744936494
42578;-96.3433014795855;-((((_a6_ * _a0_) + ((pow2(x) * log(_a5_)) + x)) * (x * _a0_)));{'d0': {'_a0_': -2.10662406684302, '_a5_': 4.967542416091574, '_a6_': -0.39999761633108677, '_a1_': 1.0, '_a2_': 1.0, '_a3_': 1.0, '_a4_': 1.0, '_a7_': 1.0}};{'d0': 0.02490583291941662};-280.569866449044;43.941631744936494
42579;-96.3433014795855;-((((_a6_ * _a0_) + ((pow2(x) * log(_a5_)) + x)) * (x * _a0_)));{'d0': {'_a0_': -2.10662406684302, '_a5_': 4.967542416091574, '_a6_': -0.39999761633108677, '_a1_': 1.0, '_a2_': 1.0, '_a3_': 1.0, '_a4_': 1.0, '_a7_': 1.0}};{'d0': 0.02490583291941662};-280.569866449044;43.941631744936494
42580;-96.3433014795855;-((((_a6_ * _a0_) + ((pow2(x) * log(_a5_)) + x)) * (x * _a0_)));{'d0': {'_a0_': -2.10662406684302, '_a5_': 4.967542416091574, '_a6_': -0.39999761633108677, '_a1_': 1.0, '_a2_': 1.0, '_a3_': 1.0, '_a4_': 1.0, '_a7_': 1.0}};{'d0': 0.02490583291941662};-280.569866449044;43.941631744936494
42581;-96.3433014795855;-((((_a6_ * _a0_) + ((pow2(x) * log(_a5_)) + x)) * (x * _a0_)));{'d0': {'_a0_': -2.10662406684302, '_a5_': 4.967542416091574, '_a6_': -0.39999761633108677, '_a1_': 1.0, '_a2_': 1.0, '_a3_': 1.0, '_a4_': 1.0, '_a7_': 1.0}};{'d0': 0.02490583291941662};-280.569866449044;43.941631744936494
42582;-96.3433014795855;-((((_a6_ * _a0_) + ((pow2(x) * log(_a5_)) + x)) * (x * _a0_)));{'d0': {'_a0_': -2.10662406684302, '_a5_': 4.967542416091574, '_a6_': -0.39999761633108677, '_a1_': 1.0, '_a2_': 1.0, '_a3_': 1.0, '_a4_': 1.0, '_a7_': 1.0}};{'d0': 0.02490583291941662};-280.569866449044;43.941631744936494
42583;-96.3433014795855;-((((_a6_ * _a0_) + ((pow2(x) * log(_a5_)) + x)) * (x * _a0_)));{'d0': {'_a0_': -2.10662406684302, '_a5_': 4.967542416091574, '_a6_': -0.39999761633108677, '_a1_': 1.0, '_a2_': 1.0, '_a3_': 1.0, '_a4_': 1.0, '_a7_': 1.0}};{'d0': 0.02490583291941662};-280.569866449044;43.941631744936494
42584;-96.3433014795855;-((((_a6_ * _a0_) + ((pow2(x) * log(_a5_)) + x)) * (x * _a0_)));{'d0': {'_a0_': -2.10662406684302, '_a5_': 4.967542416091574, '_a6_': -0.39999761633108677, '_a1_': 1.0, '_a2_': 1.0, '_a3_': 1.0, '_a4_': 1.0, '_a7_': 1.0}};{'d0': 0.02490583291941662};-280.569866449044;43.941631744936494
42585;-96.3433014795855;-((((_a6_ * _a0_) + ((pow2(x) * log(_a5_)) + x)) * (x * _a0_)));{'d0': {'_a0_': -2.10662406684302, '_a5_': 4.967542416091574, '_a6_': -0.39999761633108677, '_a1_': 1.0, '_a2_': 1.0, '_a3_': 1.0, '_a4_': 1.0, '_a7_': 1.0}};{'d0': 0.02490583291941662};-280.569866449044;43.941631744936494
42586;-96.3433014795855;-((((_a6_ * _a0_) + ((pow2(x) * log(_a5_)) + x)) * (x * _a0_)));{'d0': {'_a0_': -2.10662406684302, '_a5_': 4.967542416091574, '_a6_': -0.39999761633108677, '_a1_': 1.0, '_a2_': 1.0, '_a3_': 1.0, '_a4_': 1.0, '_a7_': 1.0}};{'d0': 0.02490583291941662};-280.569866449044;43.941631744936494
42587;-96.3433014795855;-((((_a6_ * _a0_) + ((pow2(x) * log(_a5_)) + x)) * (x * _a0_)));{'d0': {'_a0_': -2.10662406684302, '_a5_': 4.967542416091574, '_a6_': -0.39999761633108677, '_a1_': 1.0, '_a2_': 1.0, '_a3_': 1.0, '_a4_': 1.0, '_a7_': 1.0}};{'d0': 0.02490583291941662};-280.569866449044;43.941631744936494
42588;-96.3433014795855;-((((_a6_ * _a0_) + ((pow2(x) * log(_a5_)) + x)) * (x * _a0_)));{'d0': {'_a0_': -2.10662406684302, '_a5_': 4.967542416091574, '_a6_': -0.39999761633108677, '_a1_': 1.0, '_a2_': 1.0, '_a3_': 1.0, '_a4_': 1.0, '_a7_': 1.0}};{'d0': 0.02490583291941662};-280.569866449044;43.941631744936494
42589;-96.3433014795855;-((((_a6_ * _a0_) + ((pow2(x) * log(_a5_)) + x)) * (x * _a0_)));{'d0': {'_a0_': -2.10662406684302, '_a5_': 4.967542416091574, '_a6_': -0.39999761633108677, '_a1_': 1.0, '_a2_': 1.0, '_a3_': 1.0, '_a4_': 1.0, '_a7_': 1.0}};{'d0': 0.02490583291941662};-280.569866449044;43.941631744936494
42590;-96.3433014795855;-((((_a6_ * _a0_) + ((pow2(x) * log(_a5_)) + x)) * (x * _a0_)));{'d0': {'_a0_': -2.10662406684302, '_a5_': 4.967542416091574, '_a6_': -0.39999761633108677, '_a1_': 1.0, '_a2_': 1.0, '_a3_': 1.0, '_a4_': 1.0, '_a7_': 1.0}};{'d0': 0.02490583291941662};-280.569866449044;43.941631744936494
42591;-96.3433014795855;-((((_a6_ * _a0_) + ((pow2(x) * log(_a5_)) + x)) * (x * _a0_)));{'d0': {'_a0_': -2.10662406684302, '_a5_': 4.967542416091574, '_a6_': -0.39999761633108677, '_a1_': 1.0, '_a2_': 1.0, '_a3_': 1.0, '_a4_': 1.0, '_a7_': 1.0}};{'d0': 0.02490583291941662};-280.569866449044;43.941631744936494
42592;-96.3433014795855;-((((_a6_ * _a0_) + ((pow2(x) * log(_a5_)) + x)) * (x * _a0_)));{'d0': {'_a0_': -2.10662406684302, '_a5_': 4.967542416091574, '_a6_': -0.39999761633108677, '_a1_': 1.0, '_a2_': 1.0, '_a3_': 1.0, '_a4_': 1.0, '_a7_': 1.0}};{'d0': 0.02490583291941662};-280.569866449044;43.941631744936494
42593;-96.3433014795855;-((((_a6_ * _a0_) + ((pow2(x) * log(_a5_)) + x)) * (x * _a0_)));{'d0': {'_a0_': -2.10662406684302, '_a5_': 4.967542416091574, '_a6_': -0.39999761633108677, '_a1_': 1.0, '_a2_': 1.0, '_a3_': 1.0, '_a4_': 1.0, '_a7_': 1.0}};{'d0': 0.02490583291941662};-280.569866449044;43.941631744936494
42594;-96.3433014795855;-((((_a6_ * _a0_) + ((pow2(x) * log(_a5_)) + x)) * (x * _a0_)));{'d0': {'_a0_': -2.10662406684302, '_a5_': 4.967542416091574, '_a6_': -0.39999761633108677, '_a1_': 1.0, '_a2_': 1.0, '_a3_': 1.0, '_a4_': 1.0, '_a7_': 1.0}};{'d0': 0.02490583291941662};-280.569866449044;43.941631744936494
42595;-96.3433014795855;-((((_a6_ * _a0_) + ((pow2(x) * log(_a5_)) + x)) * (x * _a0_)));{'d0': {'_a0_': -2.10662406684302, '_a5_': 4.967542416091574, '_a6_': -0.39999761633108677, '_a1_': 1.0, '_a2_': 1.0, '_a3_': 1.0, '_a4_': 1.0, '_a7_': 1.0}};{'d0': 0.02490583291941662};-280.569866449044;43.941631744936494
42596;-96.3433014795855;-((((_a6_ * _a0_) + ((pow2(x) * log(_a5_)) + x)) * (x * _a0_)));{'d0': {'_a0_': -2.10662406684302, '_a5_': 4.967542416091574, '_a6_': -0.39999761633108677, '_a1_': 1.0, '_a2_': 1.0, '_a3_': 1.0, '_a4_': 1.0, '_a7_': 1.0}};{'d0': 0.02490583291941662};-280.569866449044;43.941631744936494
42597;-96.3433014795855;-((((_a6_ * _a0_) + ((pow2(x) * log(_a5_)) + x)) * (x * _a0_)));{'d0': {'_a0_': -2.10662406684302, '_a5_': 4.967542416091574, '_a6_': -0.39999761633108677, '_a1_': 1.0, '_a2_': 1.0, '_a3_': 1.0, '_a4_': 1.0, '_a7_': 1.0}};{'d0': 0.02490583291941662};-280.569866449044;43.941631744936494
42598;-96.3433014795855;-((((_a6_ * _a0_) + ((pow2(x) * log(_a5_)) + x)) * (x * _a0_)));{'d0': {'_a0_': -2.10662406684302, '_a5_': 4.967542416091574, '_a6_': -0.39999761633108677, '_a1_': 1.0, '_a2_': 1.0, '_a3_': 1.0, '_a4_': 1.0, '_a7_': 1.0}};{'d0': 0.02490583291941662};-280.569866449044;43.941631744936494
42599;-96.3433014795855;-((((_a6_ * _a0_) + ((pow2(x) * log(_a5_)) + x)) * (x * _a0_)));{'d0': {'_a0_': -2.10662406684302, '_a5_': 4.967542416091574, '_a6_': -0.39999761633108677, '_a1_': 1.0, '_a2_': 1.0, '_a3_': 1.0, '_a4_': 1.0, '_a7_': 1.0}};{'d0': 0.02490583291941662};-280.569866449044;43.941631744936494
42600;-96.3433014795855;-((((_a6_ * _a0_) + ((pow2(x) * log(_a5_)) + x)) * (x * _a0_)));{'d0': {'_a0_': -2.10662406684302, '_a5_': 4.967542416091574, '_a6_': -0.39999761633108677, '_a1_': 1.0, '_a2_': 1.0, '_a3_': 1.0, '_a4_': 1.0, '_a7_': 1.0}};{'d0': 0.02490583291941662};-280.569866449044;43.941631744936494
42601;-96.3433014795855;-((((_a6_ * _a0_) + ((pow2(x) * log(_a5_)) + x)) * (x * _a0_)));{'d0': {'_a0_': -2.10662406684302, '_a5_': 4.967542416091574, '_a6_': -0.39999761633108677, '_a1_': 1.0, '_a2_': 1.0, '_a3_': 1.0, '_a4_': 1.0, '_a7_': 1.0}};{'d0': 0.02490583291941662};-280.569866449044;43.941631744936494
42602;-96.3433014795855;-((((_a6_ * _a0_) + ((pow2(x) * log(_a5_)) + x)) * (x * _a0_)));{'d0': {'_a0_': -2.10662406684302, '_a5_': 4.967542416091574, '_a6_': -0.39999761633108677, '_a1_': 1.0, '_a2_': 1.0, '_a3_': 1.0, '_a4_': 1.0, '_a7_': 1.0}};{'d0': 0.02490583291941662};-280.569866449044;43.941631744936494
42603;-101.702633509696;-((((_a6_ * _a0_) + ((pow2(x) * _a3_) + x)) * (x * _a0_)));{'d0': {'_a0_': -2.106624067390584, '_a3_': 1.6029252356500425, '_a6_': -0.39999761557720914, '_a1_': 1.0, '_a2_': 1.0, '_a4_': 1.0, '_a5_': 1.0, '_a7_': 1.0}};{'d0': 0.024905832919416587};-280.569866449044;38.58229971482649
42604;-101.702633509696;-((((_a6_ * _a0_) + ((pow2(x) * _a3_) + x)) * (x * _a0_)));{'d0': {'_a0_': -2.106624067390584, '_a3_': 1.6029252356500425, '_a6_': -0.39999761557720914, '_a1_': 1.0, '_a2_': 1.0, '_a4_': 1.0, '_a5_': 1.0, '_a7_': 1.0}};{'d0': 0.024905832919416587};-280.569866449044;38.58229971482649
42605;-101.702633509696;-((((_a6_ * _a0_) + ((pow2(x) * _a3_) + x)) * (x * _a0_)));{'d0': {'_a0_': -2.106624067390584, '_a3_': 1.6029252356500425, '_a6_': -0.39999761557720914, '_a1_': 1.0, '_a2_': 1.0, '_a4_': 1.0, '_a5_': 1.0, '_a7_': 1.0}};{'d0': 0.024905832919416587};-280.569866449044;38.58229971482649
42606;-101.702633509696;-((((_a6_ * _a0_) + ((pow2(x) * _a3_) + x)) * (x * _a0_)));{'d0': {'_a0_': -2.106624067390584, '_a3_': 1.6029252356500425, '_a6_': -0.39999761557720914, '_a1_': 1.0, '_a2_': 1.0, '_a4_': 1.0, '_a5_': 1.0, '_a7_': 1.0}};{'d0': 0.024905832919416587};-280.569866449044;38.58229971482649
42607;-101.702633509696;-((((_a6_ * _a0_) + ((pow2(x) * _a3_) + x)) * (x * _a0_)));{'d0': {'_a0_': -2.106624067390584, '_a3_': 1.6029252356500425, '_a6_': -0.39999761557720914, '_a1_': 1.0, '_a2_': 1.0, '_a4_': 1.0, '_a5_': 1.0, '_a7_': 1.0}};{'d0': 0.024905832919416587};-280.569866449044;38.58229971482649
42608;-101.702633509696;-((((_a6_ * _a0_) + ((pow2(x) * _a3_) + x)) * (x * _a0_)));{'d0': {'_a0_': -2.106624067390584, '_a3_': 1.6029252356500425, '_a6_': -0.39999761557720914, '_a1_': 1.0, '_a2_': 1.0, '_a4_': 1.0, '_a5_': 1.0, '_a7_': 1.0}};{'d0': 0.024905832919416587};-280.569866449044;38.58229971482649
42609;-101.702633509696;-((((_a6_ * _a0_) + ((pow2(x) * _a3_) + x)) * (x * _a0_)));{'d0': {'_a0_': -2.106624067390584, '_a3_': 1.6029252356500425, '_a6_': -0.39999761557720914, '_a1_': 1.0, '_a2_': 1.0, '_a4_': 1.0, '_a5_': 1.0, '_a7_': 1.0}};{'d0': 0.024905832919416587};-280.569866449044;38.58229971482649
42610;-101.702633509696;-((((_a6_ * _a0_) + ((pow2(x) * _a3_) + x)) * (x * _a0_)));{'d0': {'_a0_': -2.106624067390584, '_a3_': 1.6029252356500425, '_a6_': -0.39999761557720914, '_a1_': 1.0, '_a2_': 1.0, '_a4_': 1.0, '_a5_': 1.0, '_a7_': 1.0}};{'d0': 0.024905832919416587};-280.569866449044;38.58229971482649
42611;-101.702633509696;-((((_a6_ * _a0_) + ((pow2(x) * _a3_) + x)) * (x * _a0_)));{'d0': {'_a0_': -2.106624067390584, '_a3_': 1.6029252356500425, '_a6_': -0.39999761557720914, '_a1_': 1.0, '_a2_': 1.0, '_a4_': 1.0, '_a5_': 1.0, '_a7_': 1.0}};{'d0': 0.024905832919416587};-280.569866449044;38.58229971482649
42612;-101.702633509696;-((((_a6_ * _a0_) + ((pow2(x) * _a3_) + x)) * (x * _a0_)));{'d0': {'_a0_': -2.106624067390584, '_a3_': 1.6029252356500425, '_a6_': -0.39999761557720914, '_a1_': 1.0, '_a2_': 1.0, '_a4_': 1.0, '_a5_': 1.0, '_a7_': 1.0}};{'d0': 0.024905832919416587};-280.569866449044;38.58229971482649
42613;-101.702633509696;-((((_a6_ * _a0_) + ((pow2(x) * _a3_) + x)) * (x * _a0_)));{'d0': {'_a0_': -2.106624067390584, '_a3_': 1.6029252356500425, '_a6_': -0.39999761557720914, '_a1_': 1.0, '_a2_': 1.0, '_a4_': 1.0, '_a5_': 1.0, '_a7_': 1.0}};{'d0': 0.024905832919416587};-280.569866449044;38.58229971482649
42614;-101.702633509696;-((((_a6_ * _a0_) + ((pow2(x) * _a3_) + x)) * (x * _a0_)));{'d0': {'_a0_': -2.106624067390584, '_a3_': 1.6029252356500425, '_a6_': -0.39999761557720914, '_a1_': 1.0, '_a2_': 1.0, '_a4_': 1.0, '_a5_': 1.0, '_a7_': 1.0}};{'d0': 0.024905832919416587};-280.569866449044;38.58229971482649
42615;-101.702633509696;-((((_a6_ * _a0_) + ((pow2(x) * _a3_) + x)) * (x * _a0_)));{'d0': {'_a0_': -2.106624067390584, '_a3_': 1.6029252356500425, '_a6_': -0.39999761557720914, '_a1_': 1.0, '_a2_': 1.0, '_a4_': 1.0, '_a5_': 1.0, '_a7_': 1.0}};{'d0': 0.024905832919416587};-280.569866449044;38.58229971482649
42616;-101.702633509696;-((((_a6_ * _a0_) + ((pow2(x) * _a3_) + x)) * (x * _a0_)));{'d0': {'_a0_': -2.106624067390584, '_a3_': 1.6029252356500425, '_a6_': -0.39999761557720914, '_a1_': 1.0, '_a2_': 1.0, '_a4_': 1.0, '_a5_': 1.0, '_a7_': 1.0}};{'d0': 0.024905832919416587};-280.569866449044;38.58229971482649
42617;-101.702633509696;-((((_a6_ * _a0_) + ((pow2(x) * _a3_) + x)) * (x * _a0_)));{'d0': {'_a0_': -2.106624067390584, '_a3_': 1.6029252356500425, '_a6_': -0.39999761557720914, '_a1_': 1.0, '_a2_': 1.0, '_a4_': 1.0, '_a5_': 1.0, '_a7_': 1.0}};{'d0': 0.024905832919416587};-280.569866449044;38.58229971482649
42618;-101.702633509696;-((((_a6_ * _a0_) + ((pow2(x) * _a3_) + x)) * (x * _a0_)));{'d0': {'_a0_': -2.106624067390584, '_a3_': 1.6029252356500425, '_a6_': -0.39999761557720914, '_a1_': 1.0, '_a2_': 1.0, '_a4_': 1.0, '_a5_': 1.0, '_a7_': 1.0}};{'d0': 0.024905832919416587};-280.569866449044;38.58229971482649
42619;-101.702633509696;-((((_a6_ * _a0_) + ((pow2(x) * _a3_) + x)) * (x * _a0_)));{'d0': {'_a0_': -2.106624067390584, '_a3_': 1.6029252356500425, '_a6_': -0.39999761557720914, '_a1_': 1.0, '_a2_': 1.0, '_a4_': 1.0, '_a5_': 1.0, '_a7_': 1.0}};{'d0': 0.024905832919416587};-280.569866449044;38.58229971482649
42620;-95.6232237171255;-((((_a6_ * cos(_a0_)) + ((pow2(x) * _a3_) + x)) * (x * _a0_)));{'d0': {'_a0_': -2.1066240704626913, '_a3_': 1.602925233767744, '_a6_': -1.6504548825042342, '_a1_': 1.0, '_a2_': 1.0, '_a4_': 1.0, '_a5_': 1.0, '_a7_': 1.0}};{'d0': 0.02490583291941662};-280.569866449044;44.66170950739649
42621;-95.6232237171255;-((((_a6_ * cos(_a0_)) + ((pow2(x) * _a3_) + x)) * (x * _a0_)));{'d0': {'_a0_': -2.1066240704626913, '_a3_': 1.602925233767744, '_a6_': -1.6504548825042342, '_a1_': 1.0, '_a2_': 1.0, '_a4_': 1.0, '_a5_': 1.0, '_a7_': 1.0}};{'d0': 0.02490583291941662};-280.569866449044;44.66170950739649
42622;-95.6232237171255;-((((_a6_ * cos(_a0_)) + ((pow2(x) * _a3_) + x)) * (x * _a0_)));{'d0': {'_a0_': -2.1066240704626913, '_a3_': 1.602925233767744, '_a6_': -1.6504548825042342, '_a1_': 1.0, '_a2_': 1.0, '_a4_': 1.0, '_a5_': 1.0, '_a7_': 1.0}};{'d0': 0.02490583291941662};-280.569866449044;44.66170950739649
42623;-95.6232237171255;-((((_a6_ * cos(_a0_)) + ((pow2(x) * _a3_) + x)) * (x * _a0_)));{'d0': {'_a0_': -2.1066240704626913, '_a3_': 1.602925233767744, '_a6_': -1.6504548825042342, '_a1_': 1.0, '_a2_': 1.0, '_a4_': 1.0, '_a5_': 1.0, '_a7_': 1.0}};{'d0': 0.02490583291941662};-280.569866449044;44.66170950739649
42624;-95.6232237171255;-((((_a6_ * cos(_a0_)) + ((pow2(x) * _a3_) + x)) * (x * _a0_)));{'d0': {'_a0_': -2.1066240704626913, '_a3_': 1.602925233767744, '_a6_': -1.6504548825042342, '_a1_': 1.0, '_a2_': 1.0, '_a4_': 1.0, '_a5_': 1.0, '_a7_': 1.0}};{'d0': 0.02490583291941662};-280.569866449044;44.66170950739649
42625;-95.6232237171255;-((((_a6_ * cos(_a0_)) + ((pow2(x) * _a3_) + x)) * (x * _a0_)));{'d0': {'_a0_': -2.1066240704626913, '_a3_': 1.602925233767744, '_a6_': -1.6504548825042342, '_a1_': 1.0, '_a2_': 1.0, '_a4_': 1.0, '_a5_': 1.0, '_a7_': 1.0}};{'d0': 0.02490583291941662};-280.569866449044;44.66170950739649
42626;-95.6232237171255;-((((_a6_ * cos(_a0_)) + ((pow2(x) * _a3_) + x)) * (x * _a0_)));{'d0': {'_a0_': -2.1066240704626913, '_a3_': 1.602925233767744, '_a6_': -1.6504548825042342, '_a1_': 1.0, '_a2_': 1.0, '_a4_': 1.0, '_a5_': 1.0, '_a7_': 1.0}};{'d0': 0.02490583291941662};-280.569866449044;44.66170950739649
42627;-95.6232237171255;-((((_a6_ * cos(_a0_)) + ((pow2(x) * _a3_) + x)) * (x * _a0_)));{'d0': {'_a0_': -2.1066240704626913, '_a3_': 1.602925233767744, '_a6_': -1.6504548825042342, '_a1_': 1.0, '_a2_': 1.0, '_a4_': 1.0, '_a5_': 1.0, '_a7_': 1.0}};{'d0': 0.02490583291941662};-280.569866449044;44.66170950739649
42628;-95.6232237171255;-((((_a6_ * cos(_a0_)) + ((pow2(x) * _a3_) + x)) * (x * _a0_)));{'d0': {'_a0_': -2.1066240704626913, '_a3_': 1.602925233767744, '_a6_': -1.6504548825042342, '_a1_': 1.0, '_a2_': 1.0, '_a4_': 1.0, '_a5_': 1.0, '_a7_': 1.0}};{'d0': 0.02490583291941662};-280.569866449044;44.66170950739649
42629;-80.3642508372287;(((_a1_ * _a1_) + (pow2(((_a2_ * x) + _a6_)) / (_a5_ ** (_a6_ * ((x * x) + _a1_))))) * x);{'d0': {'_a1_': -1.2070297017485296, '_a2_': -1.8551368744642656, '_a5_': 1.0648902639469358, '_a6_': -0.586607979674163, '_a0_': 1.0, '_a3_': 1.0, '_a4_': 1.0, '_a7_': 1.0}};{'d0': 0.024547319651281655};-277.345483530212;58.308490927877294
42630;-80.3642508372287;(((_a1_ * _a1_) + (pow2(((_a2_ * x) + _a6_)) / (_a5_ ** (_a6_ * ((x * x) + _a1_))))) * x);{'d0': {'_a1_': -1.2070297017485296, '_a2_': -1.8551368744642656, '_a5_': 1.0648902639469358, '_a6_': -0.586607979674163, '_a0_': 1.0, '_a3_': 1.0, '_a4_': 1.0, '_a7_': 1.0}};{'d0': 0.024547319651281655};-277.345483530212;58.308490927877294
42631;-81.2530327543746;(((_a1_ * _a1_) + (pow2(((_a2_ * x) + _a6_)) / (_a5_ ** (_a6_ * (pow2(_a5_) + _a1_))))) * x);{'d0': {'_a1_': -1.2027369158388725, '_a2_': -1.840173393915125, '_a5_': 1.0457471116215118, '_a6_': -0.5740047492215896, '_a0_': 1.0, '_a3_': 1.0, '_a4_': 1.0, '_a7_': 1.0}};{'d0': 0.02490583291968886};-276.475521886166;56.984728188708296
42632;-81.2530327543746;(((_a1_ * _a1_) + (pow2(((_a2_ * x) + _a6_)) / (_a5_ ** (_a6_ * (pow2(_a5_) + _a1_))))) * x);{'d0': {'_a1_': -1.2027369158388725, '_a2_': -1.840173393915125, '_a5_': 1.0457471116215118, '_a6_': -0.5740047492215896, '_a0_': 1.0, '_a3_': 1.0, '_a4_': 1.0, '_a7_': 1.0}};{'d0': 0.02490583291968886};-276.475521886166;56.984728188708296
42633;-81.2530327543746;(((_a1_ * _a1_) + (pow2(((_a2_ * x) + _a6_)) / (_a5_ ** (_a6_ * (pow2(_a5_) + _a1_))))) * x);{'d0': {'_a1_': -1.2027369158388725, '_a2_': -1.840173393915125, '_a5_': 1.0457471116215118, '_a6_': -0.5740047492215896, '_a0_': 1.0, '_a3_': 1.0, '_a4_': 1.0, '_a7_': 1.0}};{'d0': 0.02490583291968886};-276.475521886166;56.984728188708296
42634;-81.2530327543746;(((_a1_ * _a1_) + (pow2(((_a2_ * x) + _a6_)) / (_a5_ ** (_a6_ * (pow2(_a5_) + _a1_))))) * x);{'d0': {'_a1_': -1.2027369158388725, '_a2_': -1.840173393915125, '_a5_': 1.0457471116215118, '_a6_': -0.5740047492215896, '_a0_': 1.0, '_a3_': 1.0, '_a4_': 1.0, '_a7_': 1.0}};{'d0': 0.02490583291968886};-276.475521886166;56.984728188708296
42635;-81.2530327543746;(((_a1_ * _a1_) + (pow2(((_a2_ * x) + _a6_)) / (_a5_ ** (_a6_ * (pow2(_a5_) + _a1_))))) * x);{'d0': {'_a1_': -1.2027369158388725, '_a2_': -1.840173393915125, '_a5_': 1.0457471116215118, '_a6_': -0.5740047492215896, '_a0_': 1.0, '_a3_': 1.0, '_a4_': 1.0, '_a7_': 1.0}};{'d0': 0.02490583291968886};-276.475521886166;56.984728188708296
42636;-81.2530327543746;(((_a1_ * _a1_) + (pow2(((_a2_ * x) + _a6_)) / (_a5_ ** (_a6_ * (pow2(_a5_) + _a1_))))) * x);{'d0': {'_a1_': -1.2027369158388725, '_a2_': -1.840173393915125, '_a5_': 1.0457471116215118, '_a6_': -0.5740047492215896, '_a0_': 1.0, '_a3_': 1.0, '_a4_': 1.0, '_a7_': 1.0}};{'d0': 0.02490583291968886};-276.475521886166;56.984728188708296
42637;-81.2530327543746;(((_a1_ * _a1_) + (pow2(((_a2_ * x) + _a6_)) / (_a5_ ** (_a6_ * (pow2(_a5_) + _a1_))))) * x);{'d0': {'_a1_': -1.2027369158388725, '_a2_': -1.840173393915125, '_a5_': 1.0457471116215118, '_a6_': -0.5740047492215896, '_a0_': 1.0, '_a3_': 1.0, '_a4_': 1.0, '_a7_': 1.0}};{'d0': 0.02490583291968886};-276.475521886166;56.984728188708296
42638;-81.2530327543746;(((_a1_ * _a1_) + (pow2(((_a2_ * x) + _a6_)) / (_a5_ ** (_a6_ * (pow2(_a5_) + _a1_))))) * x);{'d0': {'_a1_': -1.2027369158388725, '_a2_': -1.840173393915125, '_a5_': 1.0457471116215118, '_a6_': -0.5740047492215896, '_a0_': 1.0, '_a3_': 1.0, '_a4_': 1.0, '_a7_': 1.0}};{'d0': 0.02490583291968886};-276.475521886166;56.984728188708296
42639;-81.2530327543746;(((_a1_ * _a1_) + (pow2(((_a2_ * x) + _a6_)) / (_a5_ ** (_a6_ * (pow2(_a5_) + _a1_))))) * x);{'d0': {'_a1_': -1.2027369158388725, '_a2_': -1.840173393915125, '_a5_': 1.0457471116215118, '_a6_': -0.5740047492215896, '_a0_': 1.0, '_a3_': 1.0, '_a4_': 1.0, '_a7_': 1.0}};{'d0': 0.02490583291968886};-276.475521886166;56.984728188708296
42640;-81.2530327543746;(((_a1_ * _a1_) + (pow2(((_a2_ * x) + _a6_)) / (_a5_ ** (_a6_ * (pow2(_a5_) + _a1_))))) * x);{'d0': {'_a1_': -1.2027369158388725, '_a2_': -1.840173393915125, '_a5_': 1.0457471116215118, '_a6_': -0.5740047492215896, '_a0_': 1.0, '_a3_': 1.0, '_a4_': 1.0, '_a7_': 1.0}};{'d0': 0.02490583291968886};-276.475521886166;56.984728188708296
42641;-81.9959800449071;(((_a1_ * _a1_) + (pow2(((_a2_ * x) + _a6_)) / (_a5_ + (_a6_ * (pow2(_a5_) + _a1_))))) * x);{'d0': {'_a1_': -1.202736916163708, '_a2_': -1.8075529900243492, '_a5_': 1.4093574117130265, '_a6_': -0.5638294760116694, '_a0_': 1.0, '_a3_': 1.0, '_a4_': 1.0, '_a7_': 1.0}};{'d0': 0.024905832925116216};-276.475521873091;56.2417808916383
42642;-81.9959800449071;(((_a1_ * _a1_) + (pow2(((_a2_ * x) + _a6_)) / (_a5_ + (_a6_ * (pow2(_a5_) + _a1_))))) * x);{'d0': {'_a1_': -1.202736916163708, '_a2_': -1.8075529900243492, '_a5_': 1.4093574117130265, '_a6_': -0.5638294760116694, '_a0_': 1.0, '_a3_': 1.0, '_a4_': 1.0, '_a7_': 1.0}};{'d0': 0.024905832925116216};-276.475521873091;56.2417808916383
42643;-81.9959800449071;(((_a1_ * _a1_) + (pow2(((_a2_ * x) + _a6_)) / (_a5_ + (_a6_ * (pow2(_a5_) + _a1_))))) * x);{'d0': {'_a1_': -1.202736916163708, '_a2_': -1.8075529900243492, '_a5_': 1.4093574117130265, '_a6_': -0.5638294760116694, '_a0_': 1.0, '_a3_': 1.0, '_a4_': 1.0, '_a7_': 1.0}};{'d0': 0.024905832925116216};-276.475521873091;56.2417808916383
42644;-81.9959800449071;(((_a1_ * _a1_) + (pow2(((_a2_ * x) + _a6_)) / (_a5_ + (_a6_ * (pow2(_a5_) + _a1_))))) * x);{'d0': {'_a1_': -1.202736916163708, '_a2_': -1.8075529900243492, '_a5_': 1.4093574117130265, '_a6_': -0.5638294760116694, '_a0_': 1.0, '_a3_': 1.0, '_a4_': 1.0, '_a7_': 1.0}};{'d0': 0.024905832925116216};-276.475521873091;56.2417808916383
42645;-103.159914093536;(((((_a4_ + _a3_) * x) * (_a2_ * (x + _a4_))) + _a3_) * x);{'d0': {'_a2_': 1.4075732266202647, '_a3_': 1.7751354040116352, '_a4_': 0.6238594154676879, '_a0_': 1.0, '_a1_': 1.0, '_a5_': 1.0, '_a6_': 1.0, '_a7_': 1.0}};{'d0': 0.024905832919416598};-280.569866449044;37.12501913098604
42646;-103.159914093536;(((((_a4_ + _a3_) * x) * (_a2_ * (x + _a4_))) + _a3_) * x);{'d0': {'_a2_': 1.4075732266202647, '_a3_': 1.7751354040116352, '_a4_': 0.6238594154676879, '_a0_': 1.0, '_a1_': 1.0, '_a5_': 1.0, '_a6_': 1.0, '_a7_': 1.0}};{'d0': 0.024905832919416598};-280.569866449044;37.12501913098604
42647;-103.159914093536;(((((_a4_ + _a3_) * x) * (_a2_ * (x + _a4_))) + _a3_) * x);{'d0': {'_a2_': 1.4075732266202647, '_a3_': 1.7751354040116352, '_a4_': 0.6238594154676879, '_a0_': 1.0, '_a1_': 1.0, '_a5_': 1.0, '_a6_': 1.0, '_a7_': 1.0}};{'d0': 0.024905832919416598};-280.569866449044;37.12501913098604
42648;-103.159914093536;(((((_a4_ + _a3_) * x) * (_a2_ * (x + _a4_))) + _a3_) * x);{'d0': {'_a2_': 1.4075732266202647, '_a3_': 1.7751354040116352, '_a4_': 0.6238594154676879, '_a0_': 1.0, '_a1_': 1.0, '_a5_': 1.0, '_a6_': 1.0, '_a7_': 1.0}};{'d0': 0.024905832919416598};-280.569866449044;37.12501913098604
42649;-103.159914093536;(((((_a4_ + _a3_) * x) * (_a2_ * (x + _a4_))) + _a3_) * x);{'d0': {'_a2_': 1.4075732266202647, '_a3_': 1.7751354040116352, '_a4_': 0.6238594154676879, '_a0_': 1.0, '_a1_': 1.0, '_a5_': 1.0, '_a6_': 1.0, '_a7_': 1.0}};{'d0': 0.024905832919416598};-280.569866449044;37.12501913098604
42650;-103.159914093536;(((((_a4_ + _a3_) * x) * (_a2_ * (x + _a4_))) + _a3_) * x);{'d0': {'_a2_': 1.4075732266202647, '_a3_': 1.7751354040116352, '_a4_': 0.6238594154676879, '_a0_': 1.0, '_a1_': 1.0, '_a5_': 1.0, '_a6_': 1.0, '_a7_': 1.0}};{'d0': 0.024905832919416598};-280.569866449044;37.12501913098604
42651;-103.159914093536;(((((_a4_ + _a3_) * x) * (_a2_ * (x + _a4_))) + _a3_) * x);{'d0': {'_a2_': 1.4075732266202647, '_a3_': 1.7751354040116352, '_a4_': 0.6238594154676879, '_a0_': 1.0, '_a1_': 1.0, '_a5_': 1.0, '_a6_': 1.0, '_a7_': 1.0}};{'d0': 0.024905832919416598};-280.569866449044;37.12501913098604
42652;-81.9959800449071;(((_a1_ * _a1_) + (pow2(((_a2_ * x) + _a6_)) / (_a5_ + (_a6_ * (pow2(_a5_) + _a1_))))) * x);{'d0': {'_a1_': -1.202736916163708, '_a2_': -1.8075529900243492, '_a5_': 1.4093574117130265, '_a6_': -0.5638294760116694, '_a0_': 1.0, '_a3_': 1.0, '_a4_': 1.0, '_a7_': 1.0}};{'d0': 0.024905832925116216};-276.475521873091;56.2417808916383
42653;-82.0793582837517;(((_a1_ * _a1_) + (pow2(((_a2_ * x) + _a6_)) / (_a5_ + (_a6_ * (pow2(_a5_) / _a1_))))) * x);{'d0': {'_a1_': -1.202736916116712, '_a2_': -2.3026977039786978, '_a5_': 0.9876837811300045, '_a6_': -0.7182798234142462, '_a0_': 1.0, '_a3_': 1.0, '_a4_': 1.0, '_a7_': 1.0}};{'d0': 0.024905832926808306};-276.475521869014;56.1584026507555
42654;-103.159914093536;(((((_a4_ + _a3_) * x) * (_a2_ * (x + _a4_))) + _a3_) * x);{'d0': {'_a2_': 1.4075732266202647, '_a3_': 1.7751354040116352, '_a4_': 0.6238594154676879, '_a0_': 1.0, '_a1_': 1.0, '_a5_': 1.0, '_a6_': 1.0, '_a7_': 1.0}};{'d0': 0.024905832919416598};-280.569866449044;37.12501913098604
42655;-103.159914093536;(((((_a4_ + _a3_) * x) * (_a2_ * (x + _a4_))) + _a3_) * x);{'d0': {'_a2_': 1.4075732266202647, '_a3_': 1.7751354040116352, '_a4_': 0.6238594154676879, '_a0_': 1.0, '_a1_': 1.0, '_a5_': 1.0, '_a6_': 1.0, '_a7_': 1.0}};{'d0': 0.024905832919416598};-280.569866449044;37.12501913098604
42656;-103.159914093536;(((((_a4_ + _a3_) * x) * (_a2_ * (x + _a4_))) + _a3_) * x);{'d0': {'_a2_': 1.4075732266202647, '_a3_': 1.7751354040116352, '_a4_': 0.6238594154676879, '_a0_': 1.0, '_a1_': 1.0, '_a5_': 1.0, '_a6_': 1.0, '_a7_': 1.0}};{'d0': 0.024905832919416598};-280.569866449044;37.12501913098604
42657;-82.0793582837517;(((_a1_ * _a1_) + (pow2(((_a2_ * x) + _a6_)) / (_a5_ + (_a6_ * (pow2(_a5_) / _a1_))))) * x);{'d0': {'_a1_': -1.202736916116712, '_a2_': -2.3026977039786978, '_a5_': 0.9876837811300045, '_a6_': -0.7182798234142462, '_a0_': 1.0, '_a3_': 1.0, '_a4_': 1.0, '_a7_': 1.0}};{'d0': 0.024905832926808306};-276.475521869014;56.1584026507555
42658;-103.159914093536;(((((_a4_ + _a3_) * x) * (_a2_ * (x + _a4_))) + _a3_) * x);{'d0': {'_a2_': 1.4075732266202647, '_a3_': 1.7751354040116352, '_a4_': 0.6238594154676879, '_a0_': 1.0, '_a1_': 1.0, '_a5_': 1.0, '_a6_': 1.0, '_a7_': 1.0}};{'d0': 0.024905832919416598};-280.569866449044;37.12501913098604
42659;-103.159914093536;(((((_a4_ + _a3_) * x) * (_a2_ * (x + _a4_))) + _a3_) * x);{'d0': {'_a2_': 1.4075732266202647, '_a3_': 1.7751354040116352, '_a4_': 0.6238594154676879, '_a0_': 1.0, '_a1_': 1.0, '_a5_': 1.0, '_a6_': 1.0, '_a7_': 1.0}};{'d0': 0.024905832919416598};-280.569866449044;37.12501913098604
42660;-103.159914093536;(((((_a4_ + _a3_) * x) * (_a2_ * (x + _a4_))) + _a3_) * x);{'d0': {'_a2_': 1.4075732266202647, '_a3_': 1.7751354040116352, '_a4_': 0.6238594154676879, '_a0_': 1.0, '_a1_': 1.0, '_a5_': 1.0, '_a6_': 1.0, '_a7_': 1.0}};{'d0': 0.024905832919416598};-280.569866449044;37.12501913098604
42661;-103.159914093536;(((((_a4_ + _a3_) * x) * (_a2_ * (x + _a4_))) + _a3_) * x);{'d0': {'_a2_': 1.4075732266202647, '_a3_': 1.7751354040116352, '_a4_': 0.6238594154676879, '_a0_': 1.0, '_a1_': 1.0, '_a5_': 1.0, '_a6_': 1.0, '_a7_': 1.0}};{'d0': 0.024905832919416598};-280.569866449044;37.12501913098604
42662;-103.159914093536;(((((_a4_ + _a3_) * x) * (_a2_ * (x + _a4_))) + _a3_) * x);{'d0': {'_a2_': 1.4075732266202647, '_a3_': 1.7751354040116352, '_a4_': 0.6238594154676879, '_a0_': 1.0, '_a1_': 1.0, '_a5_': 1.0, '_a6_': 1.0, '_a7_': 1.0}};{'d0': 0.024905832919416598};-280.569866449044;37.12501913098604
42663;-103.159914093536;(((((_a4_ + _a3_) * x) * (_a2_ * (x + _a4_))) + _a3_) * x);{'d0': {'_a2_': 1.4075732266202647, '_a3_': 1.7751354040116352, '_a4_': 0.6238594154676879, '_a0_': 1.0, '_a1_': 1.0, '_a5_': 1.0, '_a6_': 1.0, '_a7_': 1.0}};{'d0': 0.024905832919416598};-280.569866449044;37.12501913098604
42664;-103.159914093536;(((((_a4_ + _a3_) * x) * (_a2_ * (x + _a4_))) + _a3_) * x);{'d0': {'_a2_': 1.4075732266202647, '_a3_': 1.7751354040116352, '_a4_': 0.6238594154676879, '_a0_': 1.0, '_a1_': 1.0, '_a5_': 1.0, '_a6_': 1.0, '_a7_': 1.0}};{'d0': 0.024905832919416598};-280.569866449044;37.12501913098604
42665;-103.159914093536;(((((_a4_ + _a3_) * x) * (_a2_ * (x + _a4_))) + _a3_) * x);{'d0': {'_a2_': 1.4075732266202647, '_a3_': 1.7751354040116352, '_a4_': 0.6238594154676879, '_a0_': 1.0, '_a1_': 1.0, '_a5_': 1.0, '_a6_': 1.0, '_a7_': 1.0}};{'d0': 0.024905832919416598};-280.569866449044;37.12501913098604
42666;-103.159914093536;(((((_a4_ + _a3_) * x) * (_a2_ * (x + _a4_))) + _a3_) * x);{'d0': {'_a2_': 1.4075732266202647, '_a3_': 1.7751354040116352, '_a4_': 0.6238594154676879, '_a0_': 1.0, '_a1_': 1.0, '_a5_': 1.0, '_a6_': 1.0, '_a7_': 1.0}};{'d0': 0.024905832919416598};-280.569866449044;37.12501913098604
42667;-103.159914093536;(((((_a4_ + _a3_) * x) * (_a2_ * (x + _a4_))) + _a3_) * x);{'d0': {'_a2_': 1.4075732266202647, '_a3_': 1.7751354040116352, '_a4_': 0.6238594154676879, '_a0_': 1.0, '_a1_': 1.0, '_a5_': 1.0, '_a6_': 1.0, '_a7_': 1.0}};{'d0': 0.024905832919416598};-280.569866449044;37.12501913098604
42668;-103.159914093536;(((((_a4_ + _a3_) * x) * (_a2_ * (x + _a4_))) + _a3_) * x);{'d0': {'_a2_': 1.4075732266202647, '_a3_': 1.7751354040116352, '_a4_': 0.6238594154676879, '_a0_': 1.0, '_a1_': 1.0, '_a5_': 1.0, '_a6_': 1.0, '_a7_': 1.0}};{'d0': 0.024905832919416598};-280.569866449044;37.12501913098604
42669;-103.159914093536;(((((_a4_ + _a3_) * x) * (_a2_ * (x + _a4_))) + _a3_) * x);{'d0': {'_a2_': 1.4075732266202647, '_a3_': 1.7751354040116352, '_a4_': 0.6238594154676879, '_a0_': 1.0, '_a1_': 1.0, '_a5_': 1.0, '_a6_': 1.0, '_a7_': 1.0}};{'d0': 0.024905832919416598};-280.569866449044;37.12501913098604
42670;-103.159914093536;(((((_a4_ + _a3_) * x) * (_a2_ * (x + _a4_))) + _a3_) * x);{'d0': {'_a2_': 1.4075732266202647, '_a3_': 1.7751354040116352, '_a4_': 0.6238594154676879, '_a0_': 1.0, '_a1_': 1.0, '_a5_': 1.0, '_a6_': 1.0, '_a7_': 1.0}};{'d0': 0.024905832919416598};-280.569866449044;37.12501913098604
42671;-103.159914093536;(((((_a4_ + _a3_) * x) * (_a2_ * (x + _a4_))) + _a3_) * x);{'d0': {'_a2_': 1.4075732266202647, '_a3_': 1.7751354040116352, '_a4_': 0.6238594154676879, '_a0_': 1.0, '_a1_': 1.0, '_a5_': 1.0, '_a6_': 1.0, '_a7_': 1.0}};{'d0': 0.024905832919416598};-280.569866449044;37.12501913098604
42672;-103.159914093536;(((((_a4_ + _a3_) * x) * (_a2_ * (x + _a4_))) + _a3_) * x);{'d0': {'_a2_': 1.4075732266202647, '_a3_': 1.7751354040116352, '_a4_': 0.6238594154676879, '_a0_': 1.0, '_a1_': 1.0, '_a5_': 1.0, '_a6_': 1.0, '_a7_': 1.0}};{'d0': 0.024905832919416598};-280.569866449044;37.12501913098604
42673;-103.159914093536;(((((_a4_ + _a3_) * x) * (_a2_ * (x + _a4_))) + _a3_) * x);{'d0': {'_a2_': 1.4075732266202647, '_a3_': 1.7751354040116352, '_a4_': 0.6238594154676879, '_a0_': 1.0, '_a1_': 1.0, '_a5_': 1.0, '_a6_': 1.0, '_a7_': 1.0}};{'d0': 0.024905832919416598};-280.569866449044;37.12501913098604
42674;-103.159914093536;(((((_a4_ + _a3_) * x) * (_a2_ * (x + _a4_))) + _a3_) * x);{'d0': {'_a2_': 1.4075732266202647, '_a3_': 1.7751354040116352, '_a4_': 0.6238594154676879, '_a0_': 1.0, '_a1_': 1.0, '_a5_': 1.0, '_a6_': 1.0, '_a7_': 1.0}};{'d0': 0.024905832919416598};-280.569866449044;37.12501913098604
42675;-103.159914093536;(((((_a4_ + _a3_) * x) * (_a2_ * (x + _a4_))) + _a3_) * x);{'d0': {'_a2_': 1.4075732266202647, '_a3_': 1.7751354040116352, '_a4_': 0.6238594154676879, '_a0_': 1.0, '_a1_': 1.0, '_a5_': 1.0, '_a6_': 1.0, '_a7_': 1.0}};{'d0': 0.024905832919416598};-280.569866449044;37.12501913098604
42676;-103.159914093536;(((((_a4_ + _a3_) * x) * (_a2_ * (x + _a4_))) + _a3_) * x);{'d0': {'_a2_': 1.4075732266202647, '_a3_': 1.7751354040116352, '_a4_': 0.6238594154676879, '_a0_': 1.0, '_a1_': 1.0, '_a5_': 1.0, '_a6_': 1.0, '_a7_': 1.0}};{'d0': 0.024905832919416598};-280.569866449044;37.12501913098604
42677;-103.159914093536;(((((_a4_ + _a3_) * x) * (_a2_ * (x + _a4_))) + _a3_) * x);{'d0': {'_a2_': 1.4075732266202647, '_a3_': 1.7751354040116352, '_a4_': 0.6238594154676879, '_a0_': 1.0, '_a1_': 1.0, '_a5_': 1.0, '_a6_': 1.0, '_a7_': 1.0}};{'d0': 0.024905832919416598};-280.569866449044;37.12501913098604
42678;-103.159914093536;(((((_a4_ + _a3_) * x) * (_a2_ * (x + _a4_))) + _a3_) * x);{'d0': {'_a2_': 1.4075732266202647, '_a3_': 1.7751354040116352, '_a4_': 0.6238594154676879, '_a0_': 1.0, '_a1_': 1.0, '_a5_': 1.0, '_a6_': 1.0, '_a7_': 1.0}};{'d0': 0.024905832919416598};-280.569866449044;37.12501913098604
42679;-103.159914093536;(((((_a4_ + _a3_) * x) * (_a2_ * (x + _a4_))) + _a3_) * x);{'d0': {'_a2_': 1.4075732266202647, '_a3_': 1.7751354040116352, '_a4_': 0.6238594154676879, '_a0_': 1.0, '_a1_': 1.0, '_a5_': 1.0, '_a6_': 1.0, '_a7_': 1.0}};{'d0': 0.024905832919416598};-280.569866449044;37.12501913098604
42680;-103.159914093536;(((((_a4_ + _a3_) * x) * (_a2_ * (x + _a4_))) + _a3_) * x);{'d0': {'_a2_': 1.4075732266202647, '_a3_': 1.7751354040116352, '_a4_': 0.6238594154676879, '_a0_': 1.0, '_a1_': 1.0, '_a5_': 1.0, '_a6_': 1.0, '_a7_': 1.0}};{'d0': 0.024905832919416598};-280.569866449044;37.12501913098604
42681;-99.4619796209260;(((((pow2(_a4_) + _a3_) * x) * (_a2_ * (x + _a4_))) + _a3_) * x);{'d0': {'_a2_': 1.5601833164686756, '_a3_': 1.775135404803361, '_a4_': 0.6238594159435681, '_a0_': 1.0, '_a1_': 1.0, '_a5_': 1.0, '_a6_': 1.0, '_a7_': 1.0}};{'d0': 0.02490583291941664};-280.569866449044;40.82295360359604
42682;-99.4619796209260;(((((pow2(_a4_) + _a3_) * x) * (_a2_ * (x + _a4_))) + _a3_) * x);{'d0': {'_a2_': 1.5601833164686756, '_a3_': 1.775135404803361, '_a4_': 0.6238594159435681, '_a0_': 1.0, '_a1_': 1.0, '_a5_': 1.0, '_a6_': 1.0, '_a7_': 1.0}};{'d0': 0.02490583291941664};-280.569866449044;40.82295360359604
42683;-99.4619796209260;(((((pow2(_a4_) + _a3_) * x) * (_a2_ * (x + _a4_))) + _a3_) * x);{'d0': {'_a2_': 1.5601833164686756, '_a3_': 1.775135404803361, '_a4_': 0.6238594159435681, '_a0_': 1.0, '_a1_': 1.0, '_a5_': 1.0, '_a6_': 1.0, '_a7_': 1.0}};{'d0': 0.02490583291941664};-280.569866449044;40.82295360359604
42684;-99.4619796209260;(((((pow2(_a4_) + _a3_) * x) * (_a2_ * (x + _a4_))) + _a3_) * x);{'d0': {'_a2_': 1.5601833164686756, '_a3_': 1.775135404803361, '_a4_': 0.6238594159435681, '_a0_': 1.0, '_a1_': 1.0, '_a5_': 1.0, '_a6_': 1.0, '_a7_': 1.0}};{'d0': 0.02490583291941664};-280.569866449044;40.82295360359604
42685;-99.4619796209260;(((((pow2(_a4_) + _a3_) * x) * (_a2_ * (x + _a4_))) + _a3_) * x);{'d0': {'_a2_': 1.5601833164686756, '_a3_': 1.775135404803361, '_a4_': 0.6238594159435681, '_a0_': 1.0, '_a1_': 1.0, '_a5_': 1.0, '_a6_': 1.0, '_a7_': 1.0}};{'d0': 0.02490583291941664};-280.569866449044;40.82295360359604
42686;-99.4619796209260;(((((pow2(_a4_) + _a3_) * x) * (_a2_ * (x + _a4_))) + _a3_) * x);{'d0': {'_a2_': 1.5601833164686756, '_a3_': 1.775135404803361, '_a4_': 0.6238594159435681, '_a0_': 1.0, '_a1_': 1.0, '_a5_': 1.0, '_a6_': 1.0, '_a7_': 1.0}};{'d0': 0.02490583291941664};-280.569866449044;40.82295360359604
42687;-99.4619796209260;(((((pow2(_a4_) + _a3_) * x) * (_a2_ * (x + _a4_))) + _a3_) * x);{'d0': {'_a2_': 1.5601833164686756, '_a3_': 1.775135404803361, '_a4_': 0.6238594159435681, '_a0_': 1.0, '_a1_': 1.0, '_a5_': 1.0, '_a6_': 1.0, '_a7_': 1.0}};{'d0': 0.02490583291941664};-280.569866449044;40.82295360359604
42688;-99.4619796209260;(((((pow2(_a4_) + _a3_) * x) * (_a2_ * (x + _a4_))) + _a3_) * x);{'d0': {'_a2_': 1.5601833164686756, '_a3_': 1.775135404803361, '_a4_': 0.6238594159435681, '_a0_': 1.0, '_a1_': 1.0, '_a5_': 1.0, '_a6_': 1.0, '_a7_': 1.0}};{'d0': 0.02490583291941664};-280.569866449044;40.82295360359604
42689;-99.4619796209260;(((((pow2(_a4_) + _a3_) * x) * (_a2_ * (x + _a4_))) + _a3_) * x);{'d0': {'_a2_': 1.5601833164686756, '_a3_': 1.775135404803361, '_a4_': 0.6238594159435681, '_a0_': 1.0, '_a1_': 1.0, '_a5_': 1.0, '_a6_': 1.0, '_a7_': 1.0}};{'d0': 0.02490583291941664};-280.569866449044;40.82295360359604
42690;-99.4619796209260;(((((pow2(_a4_) + _a3_) * x) * (_a2_ * (x + _a4_))) + _a3_) * x);{'d0': {'_a2_': 1.5601833164686756, '_a3_': 1.775135404803361, '_a4_': 0.6238594159435681, '_a0_': 1.0, '_a1_': 1.0, '_a5_': 1.0, '_a6_': 1.0, '_a7_': 1.0}};{'d0': 0.02490583291941664};-280.569866449044;40.82295360359604
42691;-99.4619796209260;(((((pow2(_a4_) + _a3_) * x) * (_a2_ * (x + _a4_))) + _a3_) * x);{'d0': {'_a2_': 1.5601833164686756, '_a3_': 1.775135404803361, '_a4_': 0.6238594159435681, '_a0_': 1.0, '_a1_': 1.0, '_a5_': 1.0, '_a6_': 1.0, '_a7_': 1.0}};{'d0': 0.02490583291941664};-280.569866449044;40.82295360359604
42692;-99.4619796209260;(((((pow2(_a4_) + _a3_) * x) * (_a2_ * (x + _a4_))) + _a3_) * x);{'d0': {'_a2_': 1.5601833164686756, '_a3_': 1.775135404803361, '_a4_': 0.6238594159435681, '_a0_': 1.0, '_a1_': 1.0, '_a5_': 1.0, '_a6_': 1.0, '_a7_': 1.0}};{'d0': 0.02490583291941664};-280.569866449044;40.82295360359604
42693;-95.1921407630954;((((((_a5_ + _a2_) + _a3_) * x) * (_a2_ * (x + _a4_))) + _a3_) * x);{'d0': {'_a2_': 0.9295010808526964, '_a3_': 1.7751354043540692, '_a4_': 0.6238594154975717, '_a5_': 0.9282375325023359, '_a0_': 1.0, '_a1_': 1.0, '_a6_': 1.0, '_a7_': 1.0}};{'d0': 0.02490583291966533};-276.475521886222;43.045620180016044
42694;-95.1921407630954;((((((_a5_ + _a2_) + _a3_) * x) * (_a2_ * (x + _a4_))) + _a3_) * x);{'d0': {'_a2_': 0.9295010808526964, '_a3_': 1.7751354043540692, '_a4_': 0.6238594154975717, '_a5_': 0.9282375325023359, '_a0_': 1.0, '_a1_': 1.0, '_a6_': 1.0, '_a7_': 1.0}};{'d0': 0.02490583291966533};-276.475521886222;43.045620180016044
42695;-103.159914093536;(((((_a4_ + _a3_) * x) * (_a2_ * (x + _a4_))) + _a3_) * x);{'d0': {'_a2_': 1.4075732266202647, '_a3_': 1.7751354040116352, '_a4_': 0.6238594154676879, '_a0_': 1.0, '_a1_': 1.0, '_a5_': 1.0, '_a6_': 1.0, '_a7_': 1.0}};{'d0': 0.024905832919416598};-280.569866449044;37.12501913098605
42696;-103.159914093536;(((((_a4_ + _a3_) * x) * (_a2_ * (x + _a4_))) + _a3_) * x);{'d0': {'_a2_': 1.4075732266202647, '_a3_': 1.7751354040116352, '_a4_': 0.6238594154676879, '_a0_': 1.0, '_a1_': 1.0, '_a5_': 1.0, '_a6_': 1.0, '_a7_': 1.0}};{'d0': 0.024905832919416598};-280.569866449044;37.12501913098605
42697;-103.159914093536;(((((_a4_ + _a3_) * x) * (_a2_ * (x + _a4_))) + _a3_) * x);{'d0': {'_a2_': 1.4075732266202647, '_a3_': 1.7751354040116352, '_a4_': 0.6238594154676879, '_a0_': 1.0, '_a1_': 1.0, '_a5_': 1.0, '_a6_': 1.0, '_a7_': 1.0}};{'d0': 0.024905832919416598};-280.569866449044;37.12501913098605
42698;-83.3002050358135;((_a6_ + (pow2((((_a6_ * _a1_) * x) + _a6_)) + (_a5_ / (_a6_ * (pow2(_a5_) ** _a5_))))) * x);{'d0': {'_a1_': 3.2058504699780577, '_a5_': -1.0484319274392184, '_a6_': -0.5732009375096394, '_a0_': 1.0, '_a2_': 1.0, '_a3_': 1.0, '_a4_': 1.0, '_a7_': 1.0}};{'d0': 0.024905832919416636};-280.569866449044;56.98472818870829
42699;-83.3002050358135;((_a6_ + (pow2((((_a6_ * _a1_) * x) + _a6_)) + (_a5_ / (_a6_ * (pow2(_a5_) ** _a5_))))) * x);{'d0': {'_a1_': 3.2058504699780577, '_a5_': -1.0484319274392184, '_a6_': -0.5732009375096394, '_a0_': 1.0, '_a2_': 1.0, '_a3_': 1.0, '_a4_': 1.0, '_a7_': 1.0}};{'d0': 0.024905832919416636};-280.569866449044;56.98472818870829
42700;-83.3002050358135;((_a6_ + (pow2((((_a6_ * _a1_) * x) + _a6_)) + (_a5_ / (_a6_ * (pow2(_a5_) ** _a5_))))) * x);{'d0': {'_a1_': 3.2058504699780577, '_a5_': -1.0484319274392184, '_a6_': -0.5732009375096394, '_a0_': 1.0, '_a2_': 1.0, '_a3_': 1.0, '_a4_': 1.0, '_a7_': 1.0}};{'d0': 0.024905832919416636};-280.569866449044;56.98472818870829
42701;-88.2495449612706;((_a6_ + (pow2(((_a7_ * x) + _a6_)) + (_a5_ / (_a6_ * (pow2(_a5_) ** _a5_))))) * x);{'d0': {'_a5_': 0.25025959771105016, '_a6_': 0.5732009375525422, '_a7_': 1.8375964947499714, '_a0_': 1.0, '_a1_': 1.0, '_a2_': 1.0, '_a3_': 1.0, '_a4_': 1.0}};{'d0': 0.024905832919416525};-280.569866449044;52.03538826325129
42702;-88.2495449612706;((_a6_ + (pow2(((_a7_ * x) + _a6_)) + (_a5_ / (_a6_ * (pow2(_a5_) ** _a5_))))) * x);{'d0': {'_a5_': 0.25025959771105016, '_a6_': 0.5732009375525422, '_a7_': 1.8375964947499714, '_a0_': 1.0, '_a1_': 1.0, '_a2_': 1.0, '_a3_': 1.0, '_a4_': 1.0}};{'d0': 0.024905832919416525};-280.569866449044;52.03538826325129
42703;-88.2495449612706;((_a6_ + (pow2(((_a7_ * x) + _a6_)) + (_a5_ / (_a6_ * (pow2(_a5_) ** _a5_))))) * x);{'d0': {'_a5_': 0.25025959771105016, '_a6_': 0.5732009375525422, '_a7_': 1.8375964947499714, '_a0_': 1.0, '_a1_': 1.0, '_a2_': 1.0, '_a3_': 1.0, '_a4_': 1.0}};{'d0': 0.024905832919416525};-280.569866449044;52.03538826325129
42704;-88.2495449612706;((_a6_ + (pow2(((_a7_ * x) + _a6_)) + (_a5_ / (_a6_ * (pow2(_a5_) ** _a5_))))) * x);{'d0': {'_a5_': 0.25025959771105016, '_a6_': 0.5732009375525422, '_a7_': 1.8375964947499714, '_a0_': 1.0, '_a1_': 1.0, '_a2_': 1.0, '_a3_': 1.0, '_a4_': 1.0}};{'d0': 0.024905832919416525};-280.569866449044;52.03538826325129
42705;-88.2495449612706;((_a6_ + (pow2(((_a7_ * x) + _a6_)) + (_a5_ / (_a6_ * (pow2(_a5_) ** _a5_))))) * x);{'d0': {'_a5_': 0.25025959771105016, '_a6_': 0.5732009375525422, '_a7_': 1.8375964947499714, '_a0_': 1.0, '_a1_': 1.0, '_a2_': 1.0, '_a3_': 1.0, '_a4_': 1.0}};{'d0': 0.024905832919416525};-280.569866449044;52.03538826325129
42706;-103.740652132046;((((sqrt(_a3_) * x) * (_a2_ * (x + _a4_))) + _a3_) * x);{'d0': {'_a2_': 2.534454883048143, '_a3_': 1.7751354047175776, '_a4_': 0.6238594156863995, '_a0_': 1.0, '_a1_': 1.0, '_a5_': 1.0, '_a6_': 1.0, '_a7_': 1.0}};{'d0': 0.024905832919416643};-280.569866449044;36.54428109247605
42707;-103.740652132046;((((sqrt(_a3_) * x) * (_a2_ * (x + _a4_))) + _a3_) * x);{'d0': {'_a2_': 2.534454883048143, '_a3_': 1.7751354047175776, '_a4_': 0.6238594156863995, '_a0_': 1.0, '_a1_': 1.0, '_a5_': 1.0, '_a6_': 1.0, '_a7_': 1.0}};{'d0': 0.024905832919416643};-280.569866449044;36.54428109247605
42708;-103.740652132046;((((sqrt(_a3_) * x) * (_a2_ * (x + _a4_))) + _a3_) * x);{'d0': {'_a2_': 2.534454883048143, '_a3_': 1.7751354047175776, '_a4_': 0.6238594156863995, '_a0_': 1.0, '_a1_': 1.0, '_a5_': 1.0, '_a6_': 1.0, '_a7_': 1.0}};{'d0': 0.024905832919416643};-280.569866449044;36.54428109247605
42709;-103.740652132046;((((sqrt(_a3_) * x) * (_a2_ * (x + _a4_))) + _a3_) * x);{'d0': {'_a2_': 2.534454883048143, '_a3_': 1.7751354047175776, '_a4_': 0.6238594156863995, '_a0_': 1.0, '_a1_': 1.0, '_a5_': 1.0, '_a6_': 1.0, '_a7_': 1.0}};{'d0': 0.024905832919416643};-280.569866449044;36.54428109247605
42710;-103.740652132046;((((sqrt(_a3_) * x) * (_a2_ * (x + _a4_))) + _a3_) * x);{'d0': {'_a2_': 2.534454883048143, '_a3_': 1.7751354047175776, '_a4_': 0.6238594156863995, '_a0_': 1.0, '_a1_': 1.0, '_a5_': 1.0, '_a6_': 1.0, '_a7_': 1.0}};{'d0': 0.024905832919416643};-280.569866449044;36.54428109247605
42711;-103.740652132046;((((sqrt(_a3_) * x) * (_a2_ * (x + _a4_))) + _a3_) * x);{'d0': {'_a2_': 2.534454883048143, '_a3_': 1.7751354047175776, '_a4_': 0.6238594156863995, '_a0_': 1.0, '_a1_': 1.0, '_a5_': 1.0, '_a6_': 1.0, '_a7_': 1.0}};{'d0': 0.024905832919416643};-280.569866449044;36.54428109247605
42712;-103.740652132046;((((sqrt(_a3_) * x) * (_a2_ * (x + _a4_))) + _a3_) * x);{'d0': {'_a2_': 2.534454883048143, '_a3_': 1.7751354047175776, '_a4_': 0.6238594156863995, '_a0_': 1.0, '_a1_': 1.0, '_a5_': 1.0, '_a6_': 1.0, '_a7_': 1.0}};{'d0': 0.024905832919416643};-280.569866449044;36.54428109247605
42713;-103.740652132046;((((sqrt(_a3_) * x) * (_a2_ * (x + _a4_))) + _a3_) * x);{'d0': {'_a2_': 2.534454883048143, '_a3_': 1.7751354047175776, '_a4_': 0.6238594156863995, '_a0_': 1.0, '_a1_': 1.0, '_a5_': 1.0, '_a6_': 1.0, '_a7_': 1.0}};{'d0': 0.024905832919416643};-280.569866449044;36.54428109247605
42714;-103.740652132046;((((sqrt(_a3_) * x) * (_a2_ * (x + _a4_))) + _a3_) * x);{'d0': {'_a2_': 2.534454883048143, '_a3_': 1.7751354047175776, '_a4_': 0.6238594156863995, '_a0_': 1.0, '_a1_': 1.0, '_a5_': 1.0, '_a6_': 1.0, '_a7_': 1.0}};{'d0': 0.024905832919416643};-280.569866449044;36.54428109247605
42715;-103.740652132046;((((sqrt(_a3_) * x) * (_a2_ * (x + _a4_))) + _a3_) * x);{'d0': {'_a2_': 2.534454883048143, '_a3_': 1.7751354047175776, '_a4_': 0.6238594156863995, '_a0_': 1.0, '_a1_': 1.0, '_a5_': 1.0, '_a6_': 1.0, '_a7_': 1.0}};{'d0': 0.024905832919416643};-280.569866449044;36.54428109247605
42716;-103.740652132046;((((sqrt(_a3_) * x) * (_a2_ * (x + _a4_))) + _a3_) * x);{'d0': {'_a2_': 2.534454883048143, '_a3_': 1.7751354047175776, '_a4_': 0.6238594156863995, '_a0_': 1.0, '_a1_': 1.0, '_a5_': 1.0, '_a6_': 1.0, '_a7_': 1.0}};{'d0': 0.024905832919416643};-280.569866449044;36.54428109247605
42717;-103.740652132046;((((sqrt(_a3_) * x) * (_a2_ * (x + _a4_))) + _a3_) * x);{'d0': {'_a2_': 2.534454883048143, '_a3_': 1.7751354047175776, '_a4_': 0.6238594156863995, '_a0_': 1.0, '_a1_': 1.0, '_a5_': 1.0, '_a6_': 1.0, '_a7_': 1.0}};{'d0': 0.024905832919416643};-280.569866449044;36.54428109247605
42718;-103.740652132046;((((sqrt(_a3_) * x) * (_a2_ * (x + _a4_))) + _a3_) * x);{'d0': {'_a2_': 2.534454883048143, '_a3_': 1.7751354047175776, '_a4_': 0.6238594156863995, '_a0_': 1.0, '_a1_': 1.0, '_a5_': 1.0, '_a6_': 1.0, '_a7_': 1.0}};{'d0': 0.024905832919416643};-280.569866449044;36.54428109247605
42719;-103.740652132046;((((sqrt(_a3_) * x) * (_a2_ * (x + _a4_))) + _a3_) * x);{'d0': {'_a2_': 2.534454883048143, '_a3_': 1.7751354047175776, '_a4_': 0.6238594156863995, '_a0_': 1.0, '_a1_': 1.0, '_a5_': 1.0, '_a6_': 1.0, '_a7_': 1.0}};{'d0': 0.024905832919416643};-280.569866449044;36.54428109247605
42720;-103.740652132046;((((sqrt(_a3_) * x) * (_a2_ * (x + _a4_))) + _a3_) * x);{'d0': {'_a2_': 2.534454883048143, '_a3_': 1.7751354047175776, '_a4_': 0.6238594156863995, '_a0_': 1.0, '_a1_': 1.0, '_a5_': 1.0, '_a6_': 1.0, '_a7_': 1.0}};{'d0': 0.024905832919416643};-280.569866449044;36.54428109247605
42721;-103.740652132046;((((sqrt(_a3_) * x) * (_a2_ * (x + _a4_))) + _a3_) * x);{'d0': {'_a2_': 2.534454883048143, '_a3_': 1.7751354047175776, '_a4_': 0.6238594156863995, '_a0_': 1.0, '_a1_': 1.0, '_a5_': 1.0, '_a6_': 1.0, '_a7_': 1.0}};{'d0': 0.024905832919416643};-280.569866449044;36.54428109247605
42722;-103.740652132046;((((sqrt(_a3_) * x) * (_a2_ * (x + _a4_))) + _a3_) * x);{'d0': {'_a2_': 2.534454883048143, '_a3_': 1.7751354047175776, '_a4_': 0.6238594156863995, '_a0_': 1.0, '_a1_': 1.0, '_a5_': 1.0, '_a6_': 1.0, '_a7_': 1.0}};{'d0': 0.024905832919416643};-280.569866449044;36.54428109247605
42723;-103.740652132046;((((sqrt(_a3_) * x) * (_a2_ * (x + _a4_))) + _a3_) * x);{'d0': {'_a2_': 2.534454883048143, '_a3_': 1.7751354047175776, '_a4_': 0.6238594156863995, '_a0_': 1.0, '_a1_': 1.0, '_a5_': 1.0, '_a6_': 1.0, '_a7_': 1.0}};{'d0': 0.024905832919416643};-280.569866449044;36.54428109247605
42724;-103.740652132046;((((sqrt(_a3_) * x) * (_a2_ * (x + _a4_))) + _a3_) * x);{'d0': {'_a2_': 2.534454883048143, '_a3_': 1.7751354047175776, '_a4_': 0.6238594156863995, '_a0_': 1.0, '_a1_': 1.0, '_a5_': 1.0, '_a6_': 1.0, '_a7_': 1.0}};{'d0': 0.024905832919416643};-280.569866449044;36.54428109247605
42725;-103.740652132046;((((sqrt(_a3_) * x) * (_a2_ * (x + _a4_))) + _a3_) * x);{'d0': {'_a2_': 2.534454883048143, '_a3_': 1.7751354047175776, '_a4_': 0.6238594156863995, '_a0_': 1.0, '_a1_': 1.0, '_a5_': 1.0, '_a6_': 1.0, '_a7_': 1.0}};{'d0': 0.024905832919416643};-280.569866449044;36.54428109247605
42726;-103.740652132046;((((sqrt(_a3_) * x) * (_a2_ * (x + _a4_))) + _a3_) * x);{'d0': {'_a2_': 2.534454883048143, '_a3_': 1.7751354047175776, '_a4_': 0.6238594156863995, '_a0_': 1.0, '_a1_': 1.0, '_a5_': 1.0, '_a6_': 1.0, '_a7_': 1.0}};{'d0': 0.024905832919416643};-280.569866449044;36.54428109247605
42727;-103.740652132046;((((sqrt(_a3_) * x) * (_a2_ * (x + _a4_))) + _a3_) * x);{'d0': {'_a2_': 2.534454883048143, '_a3_': 1.7751354047175776, '_a4_': 0.6238594156863995, '_a0_': 1.0, '_a1_': 1.0, '_a5_': 1.0, '_a6_': 1.0, '_a7_': 1.0}};{'d0': 0.024905832919416643};-280.569866449044;36.54428109247605
42728;-103.740652132046;((((sqrt(_a3_) * x) * (_a2_ * (x + _a4_))) + _a3_) * x);{'d0': {'_a2_': 2.534454883048143, '_a3_': 1.7751354047175776, '_a4_': 0.6238594156863995, '_a0_': 1.0, '_a1_': 1.0, '_a5_': 1.0, '_a6_': 1.0, '_a7_': 1.0}};{'d0': 0.024905832919416643};-280.569866449044;36.54428109247605
42729;-103.740652132046;((((sqrt(_a3_) * x) * (_a2_ * (x + _a4_))) + _a3_) * x);{'d0': {'_a2_': 2.534454883048143, '_a3_': 1.7751354047175776, '_a4_': 0.6238594156863995, '_a0_': 1.0, '_a1_': 1.0, '_a5_': 1.0, '_a6_': 1.0, '_a7_': 1.0}};{'d0': 0.024905832919416643};-280.569866449044;36.54428109247605
42730;-103.740652132046;((((sqrt(_a3_) * x) * (_a2_ * (x + _a4_))) + _a3_) * x);{'d0': {'_a2_': 2.534454883048143, '_a3_': 1.7751354047175776, '_a4_': 0.6238594156863995, '_a0_': 1.0, '_a1_': 1.0, '_a5_': 1.0, '_a6_': 1.0, '_a7_': 1.0}};{'d0': 0.024905832919416643};-280.569866449044;36.54428109247605
42731;-103.740652132046;((((sqrt(_a3_) * x) * (_a2_ * (x + _a4_))) + _a3_) * x);{'d0': {'_a2_': 2.534454883048143, '_a3_': 1.7751354047175776, '_a4_': 0.6238594156863995, '_a0_': 1.0, '_a1_': 1.0, '_a5_': 1.0, '_a6_': 1.0, '_a7_': 1.0}};{'d0': 0.024905832919416643};-280.569866449044;36.54428109247605
42732;-103.740652132046;((((sqrt(_a3_) * x) * (_a2_ * (x + _a4_))) + _a3_) * x);{'d0': {'_a2_': 2.534454883048143, '_a3_': 1.7751354047175776, '_a4_': 0.6238594156863995, '_a0_': 1.0, '_a1_': 1.0, '_a5_': 1.0, '_a6_': 1.0, '_a7_': 1.0}};{'d0': 0.024905832919416643};-280.569866449044;36.54428109247605
42733;-103.740652132046;((((sqrt(_a3_) * x) * (_a2_ * (x + _a4_))) + _a3_) * x);{'d0': {'_a2_': 2.534454883048143, '_a3_': 1.7751354047175776, '_a4_': 0.6238594156863995, '_a0_': 1.0, '_a1_': 1.0, '_a5_': 1.0, '_a6_': 1.0, '_a7_': 1.0}};{'d0': 0.024905832919416643};-280.569866449044;36.54428109247605
42734;-103.740652132046;((((sqrt(_a3_) * x) * (_a2_ * (x + _a4_))) + _a3_) * x);{'d0': {'_a2_': 2.534454883048143, '_a3_': 1.7751354047175776, '_a4_': 0.6238594156863995, '_a0_': 1.0, '_a1_': 1.0, '_a5_': 1.0, '_a6_': 1.0, '_a7_': 1.0}};{'d0': 0.024905832919416643};-280.569866449044;36.54428109247605
42735;-103.740652132046;((((sqrt(_a3_) * x) * (_a2_ * (x + _a4_))) + _a3_) * x);{'d0': {'_a2_': 2.534454883048143, '_a3_': 1.7751354047175776, '_a4_': 0.6238594156863995, '_a0_': 1.0, '_a1_': 1.0, '_a5_': 1.0, '_a6_': 1.0, '_a7_': 1.0}};{'d0': 0.024905832919416643};-280.569866449044;36.54428109247605
42736;-103.740652132046;((((sqrt(_a3_) * x) * (_a2_ * (x + _a4_))) + _a3_) * x);{'d0': {'_a2_': 2.534454883048143, '_a3_': 1.7751354047175776, '_a4_': 0.6238594156863995, '_a0_': 1.0, '_a1_': 1.0, '_a5_': 1.0, '_a6_': 1.0, '_a7_': 1.0}};{'d0': 0.024905832919416643};-280.569866449044;36.54428109247605
42737;-103.740652132046;((((sqrt(_a3_) * x) * (_a2_ * (x + _a4_))) + _a3_) * x);{'d0': {'_a2_': 2.534454883048143, '_a3_': 1.7751354047175776, '_a4_': 0.6238594156863995, '_a0_': 1.0, '_a1_': 1.0, '_a5_': 1.0, '_a6_': 1.0, '_a7_': 1.0}};{'d0': 0.024905832919416643};-280.569866449044;36.54428109247605
42738;-103.740652132046;((((sqrt(_a3_) * x) * (_a2_ * (x + _a4_))) + _a3_) * x);{'d0': {'_a2_': 2.534454883048143, '_a3_': 1.7751354047175776, '_a4_': 0.6238594156863995, '_a0_': 1.0, '_a1_': 1.0, '_a5_': 1.0, '_a6_': 1.0, '_a7_': 1.0}};{'d0': 0.024905832919416643};-280.569866449044;36.54428109247605
42739;-103.740652132046;((((sqrt(_a3_) * x) * (_a2_ * (x + _a4_))) + _a3_) * x);{'d0': {'_a2_': 2.534454883048143, '_a3_': 1.7751354047175776, '_a4_': 0.6238594156863995, '_a0_': 1.0, '_a1_': 1.0, '_a5_': 1.0, '_a6_': 1.0, '_a7_': 1.0}};{'d0': 0.024905832919416643};-280.569866449044;36.54428109247605
42740;-103.740652132046;((((sqrt(_a3_) * x) * (_a2_ * (x + _a4_))) + _a3_) * x);{'d0': {'_a2_': 2.534454883048143, '_a3_': 1.7751354047175776, '_a4_': 0.6238594156863995, '_a0_': 1.0, '_a1_': 1.0, '_a5_': 1.0, '_a6_': 1.0, '_a7_': 1.0}};{'d0': 0.024905832919416643};-280.569866449044;36.54428109247605
42741;-103.740652132046;((((sqrt(_a3_) * x) * (_a2_ * (x + _a4_))) + _a3_) * x);{'d0': {'_a2_': 2.534454883048143, '_a3_': 1.7751354047175776, '_a4_': 0.6238594156863995, '_a0_': 1.0, '_a1_': 1.0, '_a5_': 1.0, '_a6_': 1.0, '_a7_': 1.0}};{'d0': 0.024905832919416643};-280.569866449044;36.54428109247605
42742;-103.740652132046;((((sqrt(_a3_) * x) * (_a2_ * (x + _a4_))) + _a3_) * x);{'d0': {'_a2_': 2.534454883048143, '_a3_': 1.7751354047175776, '_a4_': 0.6238594156863995, '_a0_': 1.0, '_a1_': 1.0, '_a5_': 1.0, '_a6_': 1.0, '_a7_': 1.0}};{'d0': 0.024905832919416643};-280.569866449044;36.54428109247605
42743;-103.740652132046;((((sqrt(_a3_) * x) * (_a2_ * (x + _a4_))) + _a3_) * x);{'d0': {'_a2_': 2.534454883048143, '_a3_': 1.7751354047175776, '_a4_': 0.6238594156863995, '_a0_': 1.0, '_a1_': 1.0, '_a5_': 1.0, '_a6_': 1.0, '_a7_': 1.0}};{'d0': 0.024905832919416643};-280.569866449044;36.54428109247605
42744;-103.740652132046;((((sqrt(_a3_) * x) * (_a2_ * (x + _a4_))) + _a3_) * x);{'d0': {'_a2_': 2.534454883048143, '_a3_': 1.7751354047175776, '_a4_': 0.6238594156863995, '_a0_': 1.0, '_a1_': 1.0, '_a5_': 1.0, '_a6_': 1.0, '_a7_': 1.0}};{'d0': 0.024905832919416643};-280.569866449044;36.54428109247605
42745;-103.740652132046;((((sqrt(_a3_) * x) * (_a2_ * (x + _a4_))) + _a3_) * x);{'d0': {'_a2_': 2.534454883048143, '_a3_': 1.7751354047175776, '_a4_': 0.6238594156863995, '_a0_': 1.0, '_a1_': 1.0, '_a5_': 1.0, '_a6_': 1.0, '_a7_': 1.0}};{'d0': 0.024905832919416643};-280.569866449044;36.54428109247605
42746;-103.740652132046;((((sqrt(_a3_) * x) * (_a2_ * (x + _a4_))) + _a3_) * x);{'d0': {'_a2_': 2.534454883048143, '_a3_': 1.7751354047175776, '_a4_': 0.6238594156863995, '_a0_': 1.0, '_a1_': 1.0, '_a5_': 1.0, '_a6_': 1.0, '_a7_': 1.0}};{'d0': 0.024905832919416643};-280.569866449044;36.54428109247605
42747;-103.740652132046;((((sqrt(_a3_) * x) * (_a2_ * (x + _a4_))) + _a3_) * x);{'d0': {'_a2_': 2.534454883048143, '_a3_': 1.7751354047175776, '_a4_': 0.6238594156863995, '_a0_': 1.0, '_a1_': 1.0, '_a5_': 1.0, '_a6_': 1.0, '_a7_': 1.0}};{'d0': 0.024905832919416643};-280.569866449044;36.54428109247605
42748;-103.740652132046;((((sqrt(_a3_) * x) * (_a2_ * (x + _a4_))) + _a3_) * x);{'d0': {'_a2_': 2.534454883048143, '_a3_': 1.7751354047175776, '_a4_': 0.6238594156863995, '_a0_': 1.0, '_a1_': 1.0, '_a5_': 1.0, '_a6_': 1.0, '_a7_': 1.0}};{'d0': 0.024905832919416643};-280.569866449044;36.54428109247605
42749;-103.740652132046;((((sqrt(_a3_) * x) * (_a2_ * (x + _a4_))) + _a3_) * x);{'d0': {'_a2_': 2.534454883048143, '_a3_': 1.7751354047175776, '_a4_': 0.6238594156863995, '_a0_': 1.0, '_a1_': 1.0, '_a5_': 1.0, '_a6_': 1.0, '_a7_': 1.0}};{'d0': 0.024905832919416643};-280.569866449044;36.54428109247605
42750;-103.740652132046;((((sqrt(_a3_) * x) * (_a2_ * (x + _a4_))) + _a3_) * x);{'d0': {'_a2_': 2.534454883048143, '_a3_': 1.7751354047175776, '_a4_': 0.6238594156863995, '_a0_': 1.0, '_a1_': 1.0, '_a5_': 1.0, '_a6_': 1.0, '_a7_': 1.0}};{'d0': 0.024905832919416643};-280.569866449044;36.54428109247605
42751;-103.740652132046;((((sqrt(_a3_) * x) * (_a2_ * (x + _a4_))) + _a3_) * x);{'d0': {'_a2_': 2.534454883048143, '_a3_': 1.7751354047175776, '_a4_': 0.6238594156863995, '_a0_': 1.0, '_a1_': 1.0, '_a5_': 1.0, '_a6_': 1.0, '_a7_': 1.0}};{'d0': 0.024905832919416643};-280.569866449044;36.54428109247605
42752;-103.740652132046;((((sqrt(_a3_) * x) * (_a2_ * (x + _a4_))) + _a3_) * x);{'d0': {'_a2_': 2.534454883048143, '_a3_': 1.7751354047175776, '_a4_': 0.6238594156863995, '_a0_': 1.0, '_a1_': 1.0, '_a5_': 1.0, '_a6_': 1.0, '_a7_': 1.0}};{'d0': 0.024905832919416643};-280.569866449044;36.54428109247605
42753;-103.721183112456;((((log(_a3_) * x) * (_a2_ * (x + _a4_))) + _a3_) * x);{'d0': {'_a2_': 5.8841225842608935, '_a3_': 1.7751354048225747, '_a4_': 0.6238594156928983, '_a0_': 1.0, '_a1_': 1.0, '_a5_': 1.0, '_a6_': 1.0, '_a7_': 1.0}};{'d0': 0.02490583291941665};-280.569866449044;36.563750112066046
42754;-103.721183112456;((((log(_a3_) * x) * (_a2_ * (x + _a4_))) + _a3_) * x);{'d0': {'_a2_': 5.8841225842608935, '_a3_': 1.7751354048225747, '_a4_': 0.6238594156928983, '_a0_': 1.0, '_a1_': 1.0, '_a5_': 1.0, '_a6_': 1.0, '_a7_': 1.0}};{'d0': 0.02490583291941665};-280.569866449044;36.563750112066046
42755;-95.7534097823120;((((log(_a3_) * x) * (_a2_ * (x + (_a5_ + _a7_)))) + _a3_) * x);{'d0': {'_a2_': 5.884122705124836, '_a3_': 1.775135381462142, '_a5_': -173.99107584600642, '_a7_': 174.61493525304124, '_a0_': 1.0, '_a1_': 1.0, '_a4_': 1.0, '_a6_': 1.0}};{'d0': 0.02490583291941911};-276.475521886815;42.48435116109604
42756;-95.7534097823120;((((log(_a3_) * x) * (_a2_ * (x + (_a5_ + _a7_)))) + _a3_) * x);{'d0': {'_a2_': 5.884122705124836, '_a3_': 1.775135381462142, '_a5_': -173.99107584600642, '_a7_': 174.61493525304124, '_a0_': 1.0, '_a1_': 1.0, '_a4_': 1.0, '_a6_': 1.0}};{'d0': 0.02490583291941911};-276.475521886815;42.48435116109604
42757;-95.7534097823120;((((log(_a3_) * x) * (_a2_ * (x + (_a5_ + _a7_)))) + _a3_) * x);{'d0': {'_a2_': 5.884122705124836, '_a3_': 1.775135381462142, '_a5_': -173.99107584600642, '_a7_': 174.61493525304124, '_a0_': 1.0, '_a1_': 1.0, '_a4_': 1.0, '_a6_': 1.0}};{'d0': 0.02490583291941911};-276.475521886815;42.48435116109604
42758;-95.7534097823120;((((log(_a3_) * x) * (_a2_ * (x + (_a5_ + _a7_)))) + _a3_) * x);{'d0': {'_a2_': 5.884122705124836, '_a3_': 1.775135381462142, '_a5_': -173.99107584600642, '_a7_': 174.61493525304124, '_a0_': 1.0, '_a1_': 1.0, '_a4_': 1.0, '_a6_': 1.0}};{'d0': 0.02490583291941911};-276.475521886815;42.48435116109604
42759;-95.7534097823120;((((log(_a3_) * x) * (_a2_ * (x + (_a5_ + _a7_)))) + _a3_) * x);{'d0': {'_a2_': 5.884122705124836, '_a3_': 1.775135381462142, '_a5_': -173.99107584600642, '_a7_': 174.61493525304124, '_a0_': 1.0, '_a1_': 1.0, '_a4_': 1.0, '_a6_': 1.0}};{'d0': 0.02490583291941911};-276.475521886815;42.48435116109604
42760;-95.7534097823120;((((log(_a3_) * x) * (_a2_ * (x + (_a5_ + _a7_)))) + _a3_) * x);{'d0': {'_a2_': 5.884122705124836, '_a3_': 1.775135381462142, '_a5_': -173.99107584600642, '_a7_': 174.61493525304124, '_a0_': 1.0, '_a1_': 1.0, '_a4_': 1.0, '_a6_': 1.0}};{'d0': 0.02490583291941911};-276.475521886815;42.48435116109604
42761;-95.7534097823120;((((log(_a3_) * x) * (_a2_ * (x + (_a5_ + _a7_)))) + _a3_) * x);{'d0': {'_a2_': 5.884122705124836, '_a3_': 1.775135381462142, '_a5_': -173.99107584600642, '_a7_': 174.61493525304124, '_a0_': 1.0, '_a1_': 1.0, '_a4_': 1.0, '_a6_': 1.0}};{'d0': 0.02490583291941911};-276.475521886815;42.48435116109604
42762;-95.7534097823120;((((log(_a3_) * x) * (_a2_ * (x + (_a5_ + _a7_)))) + _a3_) * x);{'d0': {'_a2_': 5.884122705124836, '_a3_': 1.775135381462142, '_a5_': -173.99107584600642, '_a7_': 174.61493525304124, '_a0_': 1.0, '_a1_': 1.0, '_a4_': 1.0, '_a6_': 1.0}};{'d0': 0.02490583291941911};-276.475521886815;42.48435116109604
42763;-95.7534097823120;((((log(_a3_) * x) * (_a2_ * (x + (_a5_ + _a7_)))) + _a3_) * x);{'d0': {'_a2_': 5.884122705124836, '_a3_': 1.775135381462142, '_a5_': -173.99107584600642, '_a7_': 174.61493525304124, '_a0_': 1.0, '_a1_': 1.0, '_a4_': 1.0, '_a6_': 1.0}};{'d0': 0.02490583291941911};-276.475521886815;42.48435116109604
42764;-95.7534097823120;((((log(_a3_) * x) * (_a2_ * (x + (_a5_ + _a7_)))) + _a3_) * x);{'d0': {'_a2_': 5.884122705124836, '_a3_': 1.775135381462142, '_a5_': -173.99107584600642, '_a7_': 174.61493525304124, '_a0_': 1.0, '_a1_': 1.0, '_a4_': 1.0, '_a6_': 1.0}};{'d0': 0.02490583291941911};-276.475521886815;42.48435116109604
42765;-95.7534097823120;((((log(_a3_) * x) * (_a2_ * (x + (_a5_ + _a7_)))) + _a3_) * x);{'d0': {'_a2_': 5.884122705124836, '_a3_': 1.775135381462142, '_a5_': -173.99107584600642, '_a7_': 174.61493525304124, '_a0_': 1.0, '_a1_': 1.0, '_a4_': 1.0, '_a6_': 1.0}};{'d0': 0.02490583291941911};-276.475521886815;42.48435116109604
42766;-103.721183112456;((((log(_a3_) * x) * (_a2_ * (x + _a4_))) + _a3_) * x);{'d0': {'_a2_': 5.8841225842608935, '_a3_': 1.7751354048225747, '_a4_': 0.6238594156928983, '_a0_': 1.0, '_a1_': 1.0, '_a5_': 1.0, '_a6_': 1.0, '_a7_': 1.0}};{'d0': 0.02490583291941665};-280.569866449044;36.563750112066046
42767;-103.721183112456;((((log(_a3_) * x) * (_a2_ * (x + _a4_))) + _a3_) * x);{'d0': {'_a2_': 5.8841225842608935, '_a3_': 1.7751354048225747, '_a4_': 0.6238594156928983, '_a0_': 1.0, '_a1_': 1.0, '_a5_': 1.0, '_a6_': 1.0, '_a7_': 1.0}};{'d0': 0.02490583291941665};-280.569866449044;36.563750112066046
42768;-103.721183112456;((((log(_a3_) * x) * (_a2_ * (x + _a4_))) + _a3_) * x);{'d0': {'_a2_': 5.8841225842608935, '_a3_': 1.7751354048225747, '_a4_': 0.6238594156928983, '_a0_': 1.0, '_a1_': 1.0, '_a5_': 1.0, '_a6_': 1.0, '_a7_': 1.0}};{'d0': 0.02490583291941665};-280.569866449044;36.563750112066046
42769;-103.721183112456;((((log(_a3_) * x) * (_a2_ * (x + _a4_))) + _a3_) * x);{'d0': {'_a2_': 5.8841225842608935, '_a3_': 1.7751354048225747, '_a4_': 0.6238594156928983, '_a0_': 1.0, '_a1_': 1.0, '_a5_': 1.0, '_a6_': 1.0, '_a7_': 1.0}};{'d0': 0.02490583291941665};-280.569866449044;36.563750112066046
42770;-103.721183112456;((((log(_a3_) * x) * (_a2_ * (x + _a4_))) + _a3_) * x);{'d0': {'_a2_': 5.8841225842608935, '_a3_': 1.7751354048225747, '_a4_': 0.6238594156928983, '_a0_': 1.0, '_a1_': 1.0, '_a5_': 1.0, '_a6_': 1.0, '_a7_': 1.0}};{'d0': 0.02490583291941665};-280.569866449044;36.563750112066046
42771;-103.721183112456;((((log(_a3_) * x) * (_a2_ * (x + _a4_))) + _a3_) * x);{'d0': {'_a2_': 5.8841225842608935, '_a3_': 1.7751354048225747, '_a4_': 0.6238594156928983, '_a0_': 1.0, '_a1_': 1.0, '_a5_': 1.0, '_a6_': 1.0, '_a7_': 1.0}};{'d0': 0.02490583291941665};-280.569866449044;36.563750112066046
42772;-103.721183112456;((((log(_a3_) * x) * (_a2_ * (x + _a4_))) + _a3_) * x);{'d0': {'_a2_': 5.8841225842608935, '_a3_': 1.7751354048225747, '_a4_': 0.6238594156928983, '_a0_': 1.0, '_a1_': 1.0, '_a5_': 1.0, '_a6_': 1.0, '_a7_': 1.0}};{'d0': 0.02490583291941665};-280.569866449044;36.563750112066046
42773;-103.721183112456;((((log(_a3_) * x) * (_a2_ * (x + _a4_))) + _a3_) * x);{'d0': {'_a2_': 5.8841225842608935, '_a3_': 1.7751354048225747, '_a4_': 0.6238594156928983, '_a0_': 1.0, '_a1_': 1.0, '_a5_': 1.0, '_a6_': 1.0, '_a7_': 1.0}};{'d0': 0.02490583291941665};-280.569866449044;36.563750112066046
42774;-103.721183112456;((((log(_a3_) * x) * (_a2_ * (x + _a4_))) + _a3_) * x);{'d0': {'_a2_': 5.8841225842608935, '_a3_': 1.7751354048225747, '_a4_': 0.6238594156928983, '_a0_': 1.0, '_a1_': 1.0, '_a5_': 1.0, '_a6_': 1.0, '_a7_': 1.0}};{'d0': 0.02490583291941665};-280.569866449044;36.563750112066046
42775;-103.721183112456;((((log(_a3_) * x) * (_a2_ * (x + _a4_))) + _a3_) * x);{'d0': {'_a2_': 5.8841225842608935, '_a3_': 1.7751354048225747, '_a4_': 0.6238594156928983, '_a0_': 1.0, '_a1_': 1.0, '_a5_': 1.0, '_a6_': 1.0, '_a7_': 1.0}};{'d0': 0.02490583291941665};-280.569866449044;36.563750112066046
42776;-103.721183112456;((((log(_a3_) * x) * (_a2_ * (x + _a4_))) + _a3_) * x);{'d0': {'_a2_': 5.8841225842608935, '_a3_': 1.7751354048225747, '_a4_': 0.6238594156928983, '_a0_': 1.0, '_a1_': 1.0, '_a5_': 1.0, '_a6_': 1.0, '_a7_': 1.0}};{'d0': 0.02490583291941665};-280.569866449044;36.563750112066046
42777;-103.721183112456;((((log(_a3_) * x) * (_a2_ * (x + _a4_))) + _a3_) * x);{'d0': {'_a2_': 5.8841225842608935, '_a3_': 1.7751354048225747, '_a4_': 0.6238594156928983, '_a0_': 1.0, '_a1_': 1.0, '_a5_': 1.0, '_a6_': 1.0, '_a7_': 1.0}};{'d0': 0.02490583291941665};-280.569866449044;36.563750112066046
42778;-103.721183112456;((((log(_a3_) * x) * (_a2_ * (x + _a4_))) + _a3_) * x);{'d0': {'_a2_': 5.8841225842608935, '_a3_': 1.7751354048225747, '_a4_': 0.6238594156928983, '_a0_': 1.0, '_a1_': 1.0, '_a5_': 1.0, '_a6_': 1.0, '_a7_': 1.0}};{'d0': 0.02490583291941665};-280.569866449044;36.563750112066046
42779;-103.721183112456;((((log(_a3_) * x) * (_a2_ * (x + _a4_))) + _a3_) * x);{'d0': {'_a2_': 5.8841225842608935, '_a3_': 1.7751354048225747, '_a4_': 0.6238594156928983, '_a0_': 1.0, '_a1_': 1.0, '_a5_': 1.0, '_a6_': 1.0, '_a7_': 1.0}};{'d0': 0.02490583291941665};-280.569866449044;36.563750112066046
42780;-103.159914093536;(((((_a4_ + _a4_) * x) * (_a2_ * (x + _a4_))) + _a3_) * x);{'d0': {'_a2_': 2.7063476122839205, '_a3_': 1.775135404063681, '_a4_': 0.6238594155327487, '_a0_': 1.0, '_a1_': 1.0, '_a5_': 1.0, '_a6_': 1.0, '_a7_': 1.0}};{'d0': 0.024905832919416664};-280.569866449044;37.12501913098605
42781;-103.159914093536;(((((_a4_ + _a4_) * x) * (_a2_ * (x + _a4_))) + _a3_) * x);{'d0': {'_a2_': 2.7063476122839205, '_a3_': 1.775135404063681, '_a4_': 0.6238594155327487, '_a0_': 1.0, '_a1_': 1.0, '_a5_': 1.0, '_a6_': 1.0, '_a7_': 1.0}};{'d0': 0.024905832919416664};-280.569866449044;37.12501913098605
42782;-103.159914093536;(((((_a4_ + _a4_) * x) * (_a2_ * (x + _a4_))) + _a3_) * x);{'d0': {'_a2_': 2.7063476122839205, '_a3_': 1.775135404063681, '_a4_': 0.6238594155327487, '_a0_': 1.0, '_a1_': 1.0, '_a5_': 1.0, '_a6_': 1.0, '_a7_': 1.0}};{'d0': 0.024905832919416664};-280.569866449044;37.12501913098605
42783;-103.159914093536;(((((_a4_ + _a4_) * x) * (_a2_ * (x + _a4_))) + _a3_) * x);{'d0': {'_a2_': 2.7063476122839205, '_a3_': 1.775135404063681, '_a4_': 0.6238594155327487, '_a0_': 1.0, '_a1_': 1.0, '_a5_': 1.0, '_a6_': 1.0, '_a7_': 1.0}};{'d0': 0.024905832919416664};-280.569866449044;37.12501913098605
42784;-103.159914093536;(((((_a4_ + _a4_) * x) * (_a2_ * (x + _a4_))) + _a3_) * x);{'d0': {'_a2_': 2.7063476122839205, '_a3_': 1.775135404063681, '_a4_': 0.6238594155327487, '_a0_': 1.0, '_a1_': 1.0, '_a5_': 1.0, '_a6_': 1.0, '_a7_': 1.0}};{'d0': 0.024905832919416664};-280.569866449044;37.12501913098605
42785;-103.159914093536;(((((_a4_ + _a4_) * x) * (_a2_ * (x + _a4_))) + _a3_) * x);{'d0': {'_a2_': 2.7063476122839205, '_a3_': 1.775135404063681, '_a4_': 0.6238594155327487, '_a0_': 1.0, '_a1_': 1.0, '_a5_': 1.0, '_a6_': 1.0, '_a7_': 1.0}};{'d0': 0.024905832919416664};-280.569866449044;37.12501913098605
42786;-103.159914093536;(((((_a4_ + _a4_) * x) * (_a2_ * (x + _a4_))) + _a3_) * x);{'d0': {'_a2_': 2.7063476122839205, '_a3_': 1.775135404063681, '_a4_': 0.6238594155327487, '_a0_': 1.0, '_a1_': 1.0, '_a5_': 1.0, '_a6_': 1.0, '_a7_': 1.0}};{'d0': 0.024905832919416664};-280.569866449044;37.12501913098605
42787;-103.159914093536;(((((_a4_ + _a4_) * x) * (_a2_ * (x + _a4_))) + _a3_) * x);{'d0': {'_a2_': 2.7063476122839205, '_a3_': 1.775135404063681, '_a4_': 0.6238594155327487, '_a0_': 1.0, '_a1_': 1.0, '_a5_': 1.0, '_a6_': 1.0, '_a7_': 1.0}};{'d0': 0.024905832919416664};-280.569866449044;37.12501913098605
42788;-103.159914093536;(((((_a4_ + _a4_) * x) * (_a2_ * (x + _a4_))) + _a3_) * x);{'d0': {'_a2_': 2.7063476122839205, '_a3_': 1.775135404063681, '_a4_': 0.6238594155327487, '_a0_': 1.0, '_a1_': 1.0, '_a5_': 1.0, '_a6_': 1.0, '_a7_': 1.0}};{'d0': 0.024905832919416664};-280.569866449044;37.12501913098605
42789;-103.159914093536;(((((_a4_ + _a4_) * x) * (_a2_ * (x + _a4_))) + _a3_) * x);{'d0': {'_a2_': 2.7063476122839205, '_a3_': 1.775135404063681, '_a4_': 0.6238594155327487, '_a0_': 1.0, '_a1_': 1.0, '_a5_': 1.0, '_a6_': 1.0, '_a7_': 1.0}};{'d0': 0.024905832919416664};-280.569866449044;37.12501913098605
42790;-103.159914093536;(((((_a4_ + _a4_) * x) * (_a2_ * (x + _a4_))) + _a3_) * x);{'d0': {'_a2_': 2.7063476122839205, '_a3_': 1.775135404063681, '_a4_': 0.6238594155327487, '_a0_': 1.0, '_a1_': 1.0, '_a5_': 1.0, '_a6_': 1.0, '_a7_': 1.0}};{'d0': 0.024905832919416664};-280.569866449044;37.12501913098605
42791;-103.159914093536;(((((_a4_ + _a4_) * x) * (_a2_ * (x + _a4_))) + _a3_) * x);{'d0': {'_a2_': 2.7063476122839205, '_a3_': 1.775135404063681, '_a4_': 0.6238594155327487, '_a0_': 1.0, '_a1_': 1.0, '_a5_': 1.0, '_a6_': 1.0, '_a7_': 1.0}};{'d0': 0.024905832919416664};-280.569866449044;37.12501913098605
42792;-103.159914093536;(((((_a4_ + _a4_) * x) * (_a2_ * (x + _a4_))) + _a3_) * x);{'d0': {'_a2_': 2.7063476122839205, '_a3_': 1.775135404063681, '_a4_': 0.6238594155327487, '_a0_': 1.0, '_a1_': 1.0, '_a5_': 1.0, '_a6_': 1.0, '_a7_': 1.0}};{'d0': 0.024905832919416664};-280.569866449044;37.12501913098605
42793;-103.159914093536;(((((_a4_ + _a4_) * x) * (_a2_ * (x + _a4_))) + _a3_) * x);{'d0': {'_a2_': 2.7063476122839205, '_a3_': 1.775135404063681, '_a4_': 0.6238594155327487, '_a0_': 1.0, '_a1_': 1.0, '_a5_': 1.0, '_a6_': 1.0, '_a7_': 1.0}};{'d0': 0.024905832919416664};-280.569866449044;37.12501913098605
42794;-103.159914093536;(((((_a4_ + _a4_) * x) * (_a2_ * (x + _a4_))) + _a3_) * x);{'d0': {'_a2_': 2.7063476122839205, '_a3_': 1.775135404063681, '_a4_': 0.6238594155327487, '_a0_': 1.0, '_a1_': 1.0, '_a5_': 1.0, '_a6_': 1.0, '_a7_': 1.0}};{'d0': 0.024905832919416664};-280.569866449044;37.12501913098605
42795;-103.159914093536;(((((_a4_ + _a4_) * x) * (_a2_ * (x + _a4_))) + _a3_) * x);{'d0': {'_a2_': 2.7063476122839205, '_a3_': 1.775135404063681, '_a4_': 0.6238594155327487, '_a0_': 1.0, '_a1_': 1.0, '_a5_': 1.0, '_a6_': 1.0, '_a7_': 1.0}};{'d0': 0.024905832919416664};-280.569866449044;37.12501913098605
42796;-103.159914093536;(((((_a4_ + _a4_) * x) * (_a2_ * (x + _a4_))) + _a3_) * x);{'d0': {'_a2_': 2.7063476122839205, '_a3_': 1.775135404063681, '_a4_': 0.6238594155327487, '_a0_': 1.0, '_a1_': 1.0, '_a5_': 1.0, '_a6_': 1.0, '_a7_': 1.0}};{'d0': 0.024905832919416664};-280.569866449044;37.12501913098605
42797;-103.159914093536;(((((_a4_ + _a4_) * x) * (_a2_ * (x + _a4_))) + _a3_) * x);{'d0': {'_a2_': 2.7063476122839205, '_a3_': 1.775135404063681, '_a4_': 0.6238594155327487, '_a0_': 1.0, '_a1_': 1.0, '_a5_': 1.0, '_a6_': 1.0, '_a7_': 1.0}};{'d0': 0.024905832919416664};-280.569866449044;37.12501913098605
42798;-95.8209082017354;((((_a5_ ** _a7_) + ((x + pow2((_a2_ / _a0_))) * x)) * _a0_) * x);{'d0': {'_a0_': 3.376760878786972, '_a2_': 2.667126869775639, '_a5_': 1.9504484761444998, '_a7_': -0.9625495228627333, '_a1_': 1.0, '_a3_': 1.0, '_a4_': 1.0, '_a6_': 1.0}};{'d0': 0.024905832919469573};-276.475521886694;42.41685274161151
42799;-95.8209082017354;((((_a5_ ** _a7_) + ((x + pow2((_a2_ / _a0_))) * x)) * _a0_) * x);{'d0': {'_a0_': 3.376760878786972, '_a2_': 2.667126869775639, '_a5_': 1.9504484761444998, '_a7_': -0.9625495228627333, '_a1_': 1.0, '_a3_': 1.0, '_a4_': 1.0, '_a6_': 1.0}};{'d0': 0.024905832919469573};-276.475521886694;42.41685274161151
42800;-95.8209082017354;((((_a5_ ** _a7_) + ((x + pow2((_a2_ / _a0_))) * x)) * _a0_) * x);{'d0': {'_a0_': 3.376760878786972, '_a2_': 2.667126869775639, '_a5_': 1.9504484761444998, '_a7_': -0.9625495228627333, '_a1_': 1.0, '_a3_': 1.0, '_a4_': 1.0, '_a6_': 1.0}};{'d0': 0.024905832919469573};-276.475521886694;42.41685274161151
42801;-95.8209082017354;((((_a5_ ** _a7_) + ((x + pow2((_a2_ / _a0_))) * x)) * _a0_) * x);{'d0': {'_a0_': 3.376760878786972, '_a2_': 2.667126869775639, '_a5_': 1.9504484761444998, '_a7_': -0.9625495228627333, '_a1_': 1.0, '_a3_': 1.0, '_a4_': 1.0, '_a6_': 1.0}};{'d0': 0.024905832919469573};-276.475521886694;42.41685274161151
42802;-97.5351166147008;((((_a5_ * _a7_) + ((x + pow2((_a2_ / _a0_))) * x)) * _a0_) * x);{'d0': {'_a0_': 3.376760881800495, '_a2_': 2.6671268724264747, '_a5_': -0.705733994833612, '_a7_': -0.744886291620533, '_a1_': 1.0, '_a3_': 1.0, '_a4_': 1.0, '_a6_': 1.0}};{'d0': 0.024905832925843512};-276.475521871339;40.70264432096851
42803;-97.5351166147008;((((_a5_ * _a7_) + ((x + pow2((_a2_ / _a0_))) * x)) * _a0_) * x);{'d0': {'_a0_': 3.376760881800495, '_a2_': 2.6671268724264747, '_a5_': -0.705733994833612, '_a7_': -0.744886291620533, '_a1_': 1.0, '_a3_': 1.0, '_a4_': 1.0, '_a6_': 1.0}};{'d0': 0.024905832925843512};-276.475521871339;40.70264432096851
42804;-97.5351166147008;((((_a5_ * _a7_) + ((x + pow2((_a2_ / _a0_))) * x)) * _a0_) * x);{'d0': {'_a0_': 3.376760881800495, '_a2_': 2.6671268724264747, '_a5_': -0.705733994833612, '_a7_': -0.744886291620533, '_a1_': 1.0, '_a3_': 1.0, '_a4_': 1.0, '_a6_': 1.0}};{'d0': 0.024905832925843512};-276.475521871339;40.70264432096851
42805;-103.335408385549;((((_a5_ * _a7_) + ((x + pow2(_a2_)) * x)) * _a0_) * x);{'d0': {'_a0_': 3.376760877560684, '_a2_': 0.7898477166736046, '_a5_': -0.7119103098721102, '_a7_': -0.738423981679696, '_a1_': 1.0, '_a3_': 1.0, '_a4_': 1.0, '_a6_': 1.0}};{'d0': 0.02490583292215284};-276.475521880230;34.90235255456611
42806;-103.335408385549;((((_a5_ * _a7_) + ((x + pow2(_a2_)) * x)) * _a0_) * x);{'d0': {'_a0_': 3.376760877560684, '_a2_': 0.7898477166736046, '_a5_': -0.7119103098721102, '_a7_': -0.738423981679696, '_a1_': 1.0, '_a3_': 1.0, '_a4_': 1.0, '_a6_': 1.0}};{'d0': 0.02490583292215284};-276.475521880230;34.90235255456611
42807;-103.335408385549;((((_a5_ * _a7_) + ((x + pow2(_a2_)) * x)) * _a0_) * x);{'d0': {'_a0_': 3.376760877560684, '_a2_': 0.7898477166736046, '_a5_': -0.7119103098721102, '_a7_': -0.738423981679696, '_a1_': 1.0, '_a3_': 1.0, '_a4_': 1.0, '_a6_': 1.0}};{'d0': 0.02490583292215284};-276.475521880230;34.90235255456611
42808;-103.335408385549;((((_a5_ * _a7_) + ((x + pow2(_a2_)) * x)) * _a0_) * x);{'d0': {'_a0_': 3.376760877560684, '_a2_': 0.7898477166736046, '_a5_': -0.7119103098721102, '_a7_': -0.738423981679696, '_a1_': 1.0, '_a3_': 1.0, '_a4_': 1.0, '_a6_': 1.0}};{'d0': 0.02490583292215284};-276.475521880230;34.90235255456611
42809;-104.252510802843;(((cos(_a4_) + ((x + pow2(_a2_)) * x)) * _a0_) * x);{'d0': {'_a0_': 3.3767608789203085, '_a2_': 0.7898477167215051, '_a4_': 1.0172682163262212, '_a1_': 1.0, '_a3_': 1.0, '_a5_': 1.0, '_a6_': 1.0, '_a7_': 1.0}};{'d0': 0.024905832919416632};-280.569866449044;36.03242242167911
42810;-98.7190323238560;(((((_a4_ ** _a4_) * x) * (pow2(_a6_) * (x + _a4_))) + _a3_) * x);{'d0': {'_a3_': 1.7751354043733498, '_a4_': 0.6238594156296057, '_a6_': 2.128965819981552, '_a0_': 1.0, '_a1_': 1.0, '_a2_': 1.0, '_a5_': 1.0, '_a7_': 1.0}};{'d0': 0.024905832919416646};-280.569866449044;41.56590090066605
42811;-98.7190323238560;(((((_a4_ ** _a4_) * x) * (pow2(_a6_) * (x + _a4_))) + _a3_) * x);{'d0': {'_a3_': 1.7751354043733498, '_a4_': 0.6238594156296057, '_a6_': 2.128965819981552, '_a0_': 1.0, '_a1_': 1.0, '_a2_': 1.0, '_a5_': 1.0, '_a7_': 1.0}};{'d0': 0.024905832919416646};-280.569866449044;41.56590090066605
42812;-98.7190323238560;(((((_a4_ ** _a4_) * x) * (pow2(_a6_) * (x + _a4_))) + _a3_) * x);{'d0': {'_a3_': 1.7751354043733498, '_a4_': 0.6238594156296057, '_a6_': 2.128965819981552, '_a0_': 1.0, '_a1_': 1.0, '_a2_': 1.0, '_a5_': 1.0, '_a7_': 1.0}};{'d0': 0.024905832919416646};-280.569866449044;41.56590090066605
42813;-98.7190323238560;(((((_a4_ ** _a4_) * x) * (pow2(_a6_) * (x + _a4_))) + _a3_) * x);{'d0': {'_a3_': 1.7751354043733498, '_a4_': 0.6238594156296057, '_a6_': 2.128965819981552, '_a0_': 1.0, '_a1_': 1.0, '_a2_': 1.0, '_a5_': 1.0, '_a7_': 1.0}};{'d0': 0.024905832919416646};-280.569866449044;41.56590090066605
42814;-98.7190323238560;(((((_a4_ ** _a4_) * x) * (pow2(_a6_) * (x + _a4_))) + _a3_) * x);{'d0': {'_a3_': 1.7751354043733498, '_a4_': 0.6238594156296057, '_a6_': 2.128965819981552, '_a0_': 1.0, '_a1_': 1.0, '_a2_': 1.0, '_a5_': 1.0, '_a7_': 1.0}};{'d0': 0.024905832919416646};-280.569866449044;41.56590090066605
42815;-98.7190323238560;(((((_a4_ ** _a4_) * x) * (pow2(_a6_) * (x + _a4_))) + _a3_) * x);{'d0': {'_a3_': 1.7751354043733498, '_a4_': 0.6238594156296057, '_a6_': 2.128965819981552, '_a0_': 1.0, '_a1_': 1.0, '_a2_': 1.0, '_a5_': 1.0, '_a7_': 1.0}};{'d0': 0.024905832919416646};-280.569866449044;41.56590090066605
42816;-99.3382165296812;(((pow2((_a0_ + x)) + sqrt(pow2(_a4_))) / (_a2_ / _a0_)) * x);{'d0': {'_a0_': 0.3119297077449255, '_a2_': 0.09237542101081057, '_a4_': 0.4283916278672725, '_a1_': 1.0, '_a3_': 1.0, '_a5_': 1.0, '_a6_': 1.0, '_a7_': 1.0}};{'d0': 0.024905832919416605};-280.569866449044;40.946716694840504
42817;-99.3382165296812;(((pow2((_a0_ + x)) + sqrt(pow2(_a4_))) / (_a2_ / _a0_)) * x);{'d0': {'_a0_': 0.3119297077449255, '_a2_': 0.09237542101081057, '_a4_': 0.4283916278672725, '_a1_': 1.0, '_a3_': 1.0, '_a5_': 1.0, '_a6_': 1.0, '_a7_': 1.0}};{'d0': 0.024905832919416605};-280.569866449044;40.946716694840504
42818;-99.3382165296812;(((pow2((_a0_ + x)) + sqrt(pow2(_a4_))) / (_a2_ / _a0_)) * x);{'d0': {'_a0_': 0.3119297077449255, '_a2_': 0.09237542101081057, '_a4_': 0.4283916278672725, '_a1_': 1.0, '_a3_': 1.0, '_a5_': 1.0, '_a6_': 1.0, '_a7_': 1.0}};{'d0': 0.024905832919416605};-280.569866449044;40.946716694840504
42819;-99.3382165296812;(((pow2((_a0_ + x)) + sqrt(pow2(_a4_))) / (_a2_ / _a0_)) * x);{'d0': {'_a0_': 0.3119297077449255, '_a2_': 0.09237542101081057, '_a4_': 0.4283916278672725, '_a1_': 1.0, '_a3_': 1.0, '_a5_': 1.0, '_a6_': 1.0, '_a7_': 1.0}};{'d0': 0.024905832919416605};-280.569866449044;40.946716694840504
42820;-98.7190323238560;(((((_a4_ ** _a4_) * x) * (pow2(_a6_) * (x + _a4_))) + _a3_) * x);{'d0': {'_a3_': 1.7751354043733498, '_a4_': 0.6238594156296057, '_a6_': 2.128965819981552, '_a0_': 1.0, '_a1_': 1.0, '_a2_': 1.0, '_a5_': 1.0, '_a7_': 1.0}};{'d0': 0.024905832919416646};-280.569866449044;41.56590090066605
42821;-98.7190323238560;(((((_a4_ ** _a4_) * x) * (pow2(_a6_) * (x + _a4_))) + _a3_) * x);{'d0': {'_a3_': 1.7751354043733498, '_a4_': 0.6238594156296057, '_a6_': 2.128965819981552, '_a0_': 1.0, '_a1_': 1.0, '_a2_': 1.0, '_a5_': 1.0, '_a7_': 1.0}};{'d0': 0.024905832919416646};-280.569866449044;41.56590090066605
42822;-98.7190323238560;(((((_a4_ ** _a4_) * x) * (pow2(_a6_) * (x + _a4_))) + _a3_) * x);{'d0': {'_a3_': 1.7751354043733498, '_a4_': 0.6238594156296057, '_a6_': 2.128965819981552, '_a0_': 1.0, '_a1_': 1.0, '_a2_': 1.0, '_a5_': 1.0, '_a7_': 1.0}};{'d0': 0.024905832919416646};-280.569866449044;41.56590090066605
42823;-98.7190323238560;(((((_a4_ ** _a4_) * x) * (pow2(_a6_) * (x + _a4_))) + _a3_) * x);{'d0': {'_a3_': 1.7751354043733498, '_a4_': 0.6238594156296057, '_a6_': 2.128965819981552, '_a0_': 1.0, '_a1_': 1.0, '_a2_': 1.0, '_a5_': 1.0, '_a7_': 1.0}};{'d0': 0.024905832919416646};-280.569866449044;41.56590090066605
42824;-98.7190323238560;(((((_a4_ ** _a4_) * x) * (pow2(_a6_) * (x + _a4_))) + _a3_) * x);{'d0': {'_a3_': 1.7751354043733498, '_a4_': 0.6238594156296057, '_a6_': 2.128965819981552, '_a0_': 1.0, '_a1_': 1.0, '_a2_': 1.0, '_a5_': 1.0, '_a7_': 1.0}};{'d0': 0.024905832919416646};-280.569866449044;41.56590090066605
42825;-97.0576347663559;(((((_a4_ ** _a4_) * x) * (log(_a6_) * (x + _a4_))) + _a3_) * x);{'d0': {'_a3_': 1.775135405005953, '_a4_': 0.6238594155946013, '_a6_': 92.9903251345233, '_a0_': 1.0, '_a1_': 1.0, '_a2_': 1.0, '_a5_': 1.0, '_a7_': 1.0}};{'d0': 0.024905832919416674};-280.569866449043;43.227298458166054
42826;-97.0576347663559;(((((_a4_ ** _a4_) * x) * (log(_a6_) * (x + _a4_))) + _a3_) * x);{'d0': {'_a3_': 1.775135405005953, '_a4_': 0.6238594155946013, '_a6_': 92.9903251345233, '_a0_': 1.0, '_a1_': 1.0, '_a2_': 1.0, '_a5_': 1.0, '_a7_': 1.0}};{'d0': 0.024905832919416674};-280.569866449043;43.227298458166054
42827;-102.416966796466;(((((_a4_ ** _a4_) * x) * (_a2_ * (x + _a4_))) + _a3_) * x);{'d0': {'_a2_': 4.532495460316621, '_a3_': 1.775135404781745, '_a4_': 0.6238594157035028, '_a0_': 1.0, '_a1_': 1.0, '_a5_': 1.0, '_a6_': 1.0, '_a7_': 1.0}};{'d0': 0.024905832919416677};-280.569866449043;37.86796642805605
42828;-102.416966796466;(((((_a4_ ** _a4_) * x) * (_a2_ * (x + _a4_))) + _a3_) * x);{'d0': {'_a2_': 4.532495460316621, '_a3_': 1.775135404781745, '_a4_': 0.6238594157035028, '_a0_': 1.0, '_a1_': 1.0, '_a5_': 1.0, '_a6_': 1.0, '_a7_': 1.0}};{'d0': 0.024905832919416677};-280.569866449043;37.86796642805605
42829;-102.416966796466;(((((_a4_ ** _a4_) * x) * (_a2_ * (x + _a4_))) + _a3_) * x);{'d0': {'_a2_': 4.532495460316621, '_a3_': 1.775135404781745, '_a4_': 0.6238594157035028, '_a0_': 1.0, '_a1_': 1.0, '_a5_': 1.0, '_a6_': 1.0, '_a7_': 1.0}};{'d0': 0.024905832919416677};-280.569866449043;37.86796642805605
42830;-102.416966796466;(((((_a4_ ** _a4_) * x) * (_a2_ * (x + _a4_))) + _a3_) * x);{'d0': {'_a2_': 4.532495460316621, '_a3_': 1.775135404781745, '_a4_': 0.6238594157035028, '_a0_': 1.0, '_a1_': 1.0, '_a5_': 1.0, '_a6_': 1.0, '_a7_': 1.0}};{'d0': 0.024905832919416677};-280.569866449043;37.86796642805605
42831;-99.3382165296812;(((pow2((_a0_ + x)) + sqrt(pow2(_a4_))) / (_a2_ / _a0_)) * x);{'d0': {'_a0_': 0.3119297077449255, '_a2_': 0.09237542101081057, '_a4_': 0.4283916278672725, '_a1_': 1.0, '_a3_': 1.0, '_a5_': 1.0, '_a6_': 1.0, '_a7_': 1.0}};{'d0': 0.024905832919416605};-280.569866449044;40.946716694840504
42832;-99.3382165296812;(((pow2((_a0_ + x)) + sqrt(pow2(_a4_))) / (_a2_ / _a0_)) * x);{'d0': {'_a0_': 0.3119297077449255, '_a2_': 0.09237542101081057, '_a4_': 0.4283916278672725, '_a1_': 1.0, '_a3_': 1.0, '_a5_': 1.0, '_a6_': 1.0, '_a7_': 1.0}};{'d0': 0.024905832919416605};-280.569866449044;40.946716694840504
42833;-99.3382165296812;(((pow2((_a0_ + x)) + sqrt(pow2(_a4_))) / (_a2_ / _a0_)) * x);{'d0': {'_a0_': 0.3119297077449255, '_a2_': 0.09237542101081057, '_a4_': 0.4283916278672725, '_a1_': 1.0, '_a3_': 1.0, '_a5_': 1.0, '_a6_': 1.0, '_a7_': 1.0}};{'d0': 0.024905832919416605};-280.569866449044;40.946716694840504
42834;-99.3382165296812;(((pow2((_a0_ + x)) + sqrt(pow2(_a4_))) / (_a2_ / _a0_)) * x);{'d0': {'_a0_': 0.3119297077449255, '_a2_': 0.09237542101081057, '_a4_': 0.4283916278672725, '_a1_': 1.0, '_a3_': 1.0, '_a5_': 1.0, '_a6_': 1.0, '_a7_': 1.0}};{'d0': 0.024905832919416605};-280.569866449044;40.946716694840504
42835;-99.3382165296812;(((pow2((_a0_ + x)) + sqrt(pow2(_a4_))) / (_a2_ / _a0_)) * x);{'d0': {'_a0_': 0.3119297077449255, '_a2_': 0.09237542101081057, '_a4_': 0.4283916278672725, '_a1_': 1.0, '_a3_': 1.0, '_a5_': 1.0, '_a6_': 1.0, '_a7_': 1.0}};{'d0': 0.024905832919416605};-280.569866449044;40.946716694840504
42836;-99.3382165296812;(((pow2((_a0_ + x)) + sqrt(pow2(_a4_))) / (_a2_ / _a0_)) * x);{'d0': {'_a0_': 0.3119297077449255, '_a2_': 0.09237542101081057, '_a4_': 0.4283916278672725, '_a1_': 1.0, '_a3_': 1.0, '_a5_': 1.0, '_a6_': 1.0, '_a7_': 1.0}};{'d0': 0.024905832919416605};-280.569866449044;40.946716694840504
42837;-99.3382165296812;(((pow2((_a0_ + x)) + sqrt(pow2(_a4_))) / (_a2_ / _a0_)) * x);{'d0': {'_a0_': 0.3119297077449255, '_a2_': 0.09237542101081057, '_a4_': 0.4283916278672725, '_a1_': 1.0, '_a3_': 1.0, '_a5_': 1.0, '_a6_': 1.0, '_a7_': 1.0}};{'d0': 0.024905832919416605};-280.569866449044;40.946716694840504
42838;-99.3382165296812;(((pow2((_a0_ + x)) + sqrt(pow2(_a4_))) / (_a2_ / _a0_)) * x);{'d0': {'_a0_': 0.3119297077449255, '_a2_': 0.09237542101081057, '_a4_': 0.4283916278672725, '_a1_': 1.0, '_a3_': 1.0, '_a5_': 1.0, '_a6_': 1.0, '_a7_': 1.0}};{'d0': 0.024905832919416605};-280.569866449044;40.946716694840504
42839;-99.3382165296812;(((pow2((_a0_ + x)) + sqrt(pow2(_a4_))) / (_a2_ / _a0_)) * x);{'d0': {'_a0_': 0.3119297077449255, '_a2_': 0.09237542101081057, '_a4_': 0.4283916278672725, '_a1_': 1.0, '_a3_': 1.0, '_a5_': 1.0, '_a6_': 1.0, '_a7_': 1.0}};{'d0': 0.024905832919416605};-280.569866449044;40.946716694840504
42840;-99.3382165296812;(((pow2((_a0_ + x)) + sqrt(pow2(_a4_))) / (_a2_ / _a0_)) * x);{'d0': {'_a0_': 0.3119297077449255, '_a2_': 0.09237542101081057, '_a4_': 0.4283916278672725, '_a1_': 1.0, '_a3_': 1.0, '_a5_': 1.0, '_a6_': 1.0, '_a7_': 1.0}};{'d0': 0.024905832919416605};-280.569866449044;40.946716694840504
42841;-99.3382165296812;(((pow2((_a0_ + x)) + sqrt(pow2(_a4_))) / (_a2_ / _a0_)) * x);{'d0': {'_a0_': 0.3119297077449255, '_a2_': 0.09237542101081057, '_a4_': 0.4283916278672725, '_a1_': 1.0, '_a3_': 1.0, '_a5_': 1.0, '_a6_': 1.0, '_a7_': 1.0}};{'d0': 0.024905832919416605};-280.569866449044;40.946716694840504
42842;-99.3382165296812;(((pow2((_a0_ + x)) + sqrt(pow2(_a4_))) / (_a2_ / _a0_)) * x);{'d0': {'_a0_': 0.3119297077449255, '_a2_': 0.09237542101081057, '_a4_': 0.4283916278672725, '_a1_': 1.0, '_a3_': 1.0, '_a5_': 1.0, '_a6_': 1.0, '_a7_': 1.0}};{'d0': 0.024905832919416605};-280.569866449044;40.946716694840504
42843;-99.3382165296812;(((pow2((_a0_ + x)) + sqrt(pow2(_a4_))) / (_a2_ / _a0_)) * x);{'d0': {'_a0_': 0.3119297077449255, '_a2_': 0.09237542101081057, '_a4_': 0.4283916278672725, '_a1_': 1.0, '_a3_': 1.0, '_a5_': 1.0, '_a6_': 1.0, '_a7_': 1.0}};{'d0': 0.024905832919416605};-280.569866449044;40.946716694840504
42844;-102.416966796466;(((((_a4_ ** _a4_) * x) * (_a6_ * (x + _a4_))) + _a3_) * x);{'d0': {'_a3_': 1.7751354046635779, '_a4_': 0.6238594157160038, '_a6_': 4.532495462077563, '_a0_': 1.0, '_a1_': 1.0, '_a2_': 1.0, '_a5_': 1.0, '_a7_': 1.0}};{'d0': 0.02490583291941665};-280.569866449044;37.86796642805605
42845;-102.416966796466;(((((_a4_ ** _a4_) * x) * (_a6_ * (x + _a4_))) + _a3_) * x);{'d0': {'_a3_': 1.7751354046635779, '_a4_': 0.6238594157160038, '_a6_': 4.532495462077563, '_a0_': 1.0, '_a1_': 1.0, '_a2_': 1.0, '_a5_': 1.0, '_a7_': 1.0}};{'d0': 0.02490583291941665};-280.569866449044;37.86796642805605
42846;-102.416966796466;(((((_a4_ ** _a4_) * x) * (_a6_ * (x + _a4_))) + _a3_) * x);{'d0': {'_a3_': 1.7751354046635779, '_a4_': 0.6238594157160038, '_a6_': 4.532495462077563, '_a0_': 1.0, '_a1_': 1.0, '_a2_': 1.0, '_a5_': 1.0, '_a7_': 1.0}};{'d0': 0.02490583291941665};-280.569866449044;37.86796642805605
42847;-102.416966796466;(((((_a4_ ** _a4_) * x) * (_a6_ * (x + _a4_))) + _a3_) * x);{'d0': {'_a3_': 1.7751354046635779, '_a4_': 0.6238594157160038, '_a6_': 4.532495462077563, '_a0_': 1.0, '_a1_': 1.0, '_a2_': 1.0, '_a5_': 1.0, '_a7_': 1.0}};{'d0': 0.02490583291941665};-280.569866449044;37.86796642805605
42848;-102.416966796466;(((((_a4_ ** _a4_) * x) * (_a6_ * (x + _a4_))) + _a3_) * x);{'d0': {'_a3_': 1.7751354046635779, '_a4_': 0.6238594157160038, '_a6_': 4.532495462077563, '_a0_': 1.0, '_a1_': 1.0, '_a2_': 1.0, '_a5_': 1.0, '_a7_': 1.0}};{'d0': 0.02490583291941665};-280.569866449044;37.86796642805605
42849;-102.416966796466;(((((_a4_ ** _a4_) * x) * (_a6_ * (x + _a4_))) + _a3_) * x);{'d0': {'_a3_': 1.7751354046635779, '_a4_': 0.6238594157160038, '_a6_': 4.532495462077563, '_a0_': 1.0, '_a1_': 1.0, '_a2_': 1.0, '_a5_': 1.0, '_a7_': 1.0}};{'d0': 0.02490583291941665};-280.569866449044;37.86796642805605
42850;-102.416966796466;(((((_a4_ ** _a4_) * x) * (_a6_ * (x + _a4_))) + _a3_) * x);{'d0': {'_a3_': 1.7751354046635779, '_a4_': 0.6238594157160038, '_a6_': 4.532495462077563, '_a0_': 1.0, '_a1_': 1.0, '_a2_': 1.0, '_a5_': 1.0, '_a7_': 1.0}};{'d0': 0.02490583291941665};-280.569866449044;37.86796642805605
42851;-102.416966796466;(((((_a4_ ** _a4_) * x) * (_a6_ * (x + _a4_))) + _a3_) * x);{'d0': {'_a3_': 1.7751354046635779, '_a4_': 0.6238594157160038, '_a6_': 4.532495462077563, '_a0_': 1.0, '_a1_': 1.0, '_a2_': 1.0, '_a5_': 1.0, '_a7_': 1.0}};{'d0': 0.02490583291941665};-280.569866449044;37.86796642805605
42852;-102.416966796466;(((((_a4_ ** _a4_) * x) * (_a6_ * (x + _a4_))) + _a3_) * x);{'d0': {'_a3_': 1.7751354046635779, '_a4_': 0.6238594157160038, '_a6_': 4.532495462077563, '_a0_': 1.0, '_a1_': 1.0, '_a2_': 1.0, '_a5_': 1.0, '_a7_': 1.0}};{'d0': 0.02490583291941665};-280.569866449044;37.86796642805605
42853;-102.416966796466;(((((_a4_ ** _a4_) * x) * (_a6_ * (x + _a4_))) + _a3_) * x);{'d0': {'_a3_': 1.7751354046635779, '_a4_': 0.6238594157160038, '_a6_': 4.532495462077563, '_a0_': 1.0, '_a1_': 1.0, '_a2_': 1.0, '_a5_': 1.0, '_a7_': 1.0}};{'d0': 0.02490583291941665};-280.569866449044;37.86796642805605
42854;-102.416966796466;(((((_a4_ ** _a4_) * x) * (_a6_ * (x + _a4_))) + _a3_) * x);{'d0': {'_a3_': 1.7751354046635779, '_a4_': 0.6238594157160038, '_a6_': 4.532495462077563, '_a0_': 1.0, '_a1_': 1.0, '_a2_': 1.0, '_a5_': 1.0, '_a7_': 1.0}};{'d0': 0.02490583291941665};-280.569866449044;37.86796642805605
42855;-102.416966796466;(((((_a4_ ** _a4_) * x) * (_a6_ * (x + _a4_))) + _a3_) * x);{'d0': {'_a3_': 1.7751354046635779, '_a4_': 0.6238594157160038, '_a6_': 4.532495462077563, '_a0_': 1.0, '_a1_': 1.0, '_a2_': 1.0, '_a5_': 1.0, '_a7_': 1.0}};{'d0': 0.02490583291941665};-280.569866449044;37.86796642805605
42856;-102.416966796466;(((((_a4_ ** _a4_) * x) * (_a6_ * (x + _a4_))) + _a3_) * x);{'d0': {'_a3_': 1.7751354046635779, '_a4_': 0.6238594157160038, '_a6_': 4.532495462077563, '_a0_': 1.0, '_a1_': 1.0, '_a2_': 1.0, '_a5_': 1.0, '_a7_': 1.0}};{'d0': 0.02490583291941665};-280.569866449044;37.86796642805605
42857;-102.416966796466;(((((_a4_ ** _a4_) * x) * (_a6_ * (x + _a4_))) + _a3_) * x);{'d0': {'_a3_': 1.7751354046635779, '_a4_': 0.6238594157160038, '_a6_': 4.532495462077563, '_a0_': 1.0, '_a1_': 1.0, '_a2_': 1.0, '_a5_': 1.0, '_a7_': 1.0}};{'d0': 0.02490583291941665};-280.569866449044;37.86796642805605
42858;-102.416966796466;(((((_a4_ ** _a4_) * x) * (_a6_ * (x + _a4_))) + _a3_) * x);{'d0': {'_a3_': 1.7751354046635779, '_a4_': 0.6238594157160038, '_a6_': 4.532495462077563, '_a0_': 1.0, '_a1_': 1.0, '_a2_': 1.0, '_a5_': 1.0, '_a7_': 1.0}};{'d0': 0.02490583291941665};-280.569866449044;37.86796642805605
42859;-103.571388659998;((((_a3_ / _a4_) + ((x + pow2(_a4_)) * x)) / _a0_) * x);{'d0': {'_a0_': 0.29614178695204696, '_a3_': 0.41521644517355405, '_a4_': 0.7898477168228862, '_a1_': 1.0, '_a2_': 1.0, '_a5_': 1.0, '_a6_': 1.0, '_a7_': 1.0}};{'d0': 0.024905832919416632};-280.569866449044;36.71354456452371
42860;-103.571388659998;((((_a3_ / _a4_) + ((x + pow2(_a4_)) * x)) / _a0_) * x);{'d0': {'_a0_': 0.29614178695204696, '_a3_': 0.41521644517355405, '_a4_': 0.7898477168228862, '_a1_': 1.0, '_a2_': 1.0, '_a5_': 1.0, '_a6_': 1.0, '_a7_': 1.0}};{'d0': 0.024905832919416632};-280.569866449044;36.71354456452371
42861;-103.571388659998;((((_a3_ / _a4_) + ((x + pow2(_a4_)) * x)) / _a0_) * x);{'d0': {'_a0_': 0.29614178695204696, '_a3_': 0.41521644517355405, '_a4_': 0.7898477168228862, '_a1_': 1.0, '_a2_': 1.0, '_a5_': 1.0, '_a6_': 1.0, '_a7_': 1.0}};{'d0': 0.024905832919416632};-280.569866449044;36.71354456452371
42862;-103.571388659998;((((_a3_ / _a4_) + ((x + pow2(_a4_)) * x)) / _a0_) * x);{'d0': {'_a0_': 0.29614178695204696, '_a3_': 0.41521644517355405, '_a4_': 0.7898477168228862, '_a1_': 1.0, '_a2_': 1.0, '_a5_': 1.0, '_a6_': 1.0, '_a7_': 1.0}};{'d0': 0.024905832919416632};-280.569866449044;36.71354456452371
42863;-103.571388659998;((((_a3_ / _a4_) + ((x + pow2(_a4_)) * x)) / _a0_) * x);{'d0': {'_a0_': 0.29614178695204696, '_a3_': 0.41521644517355405, '_a4_': 0.7898477168228862, '_a1_': 1.0, '_a2_': 1.0, '_a5_': 1.0, '_a6_': 1.0, '_a7_': 1.0}};{'d0': 0.024905832919416632};-280.569866449044;36.71354456452371
42864;-103.571388659998;((((_a3_ / _a4_) + ((x + pow2(_a4_)) * x)) / _a0_) * x);{'d0': {'_a0_': 0.29614178695204696, '_a3_': 0.41521644517355405, '_a4_': 0.7898477168228862, '_a1_': 1.0, '_a2_': 1.0, '_a5_': 1.0, '_a6_': 1.0, '_a7_': 1.0}};{'d0': 0.024905832919416632};-280.569866449044;36.71354456452371
42865;-103.571388659998;((((_a3_ / _a4_) + ((x + pow2(_a4_)) * x)) / _a0_) * x);{'d0': {'_a0_': 0.29614178695204696, '_a3_': 0.41521644517355405, '_a4_': 0.7898477168228862, '_a1_': 1.0, '_a2_': 1.0, '_a5_': 1.0, '_a6_': 1.0, '_a7_': 1.0}};{'d0': 0.024905832919416632};-280.569866449044;36.71354456452371
42866;-103.571388659998;((((_a3_ / _a4_) + ((x + pow2(_a4_)) * x)) / _a0_) * x);{'d0': {'_a0_': 0.29614178695204696, '_a3_': 0.41521644517355405, '_a4_': 0.7898477168228862, '_a1_': 1.0, '_a2_': 1.0, '_a5_': 1.0, '_a6_': 1.0, '_a7_': 1.0}};{'d0': 0.024905832919416632};-280.569866449044;36.71354456452371
42867;-103.571388659998;((((_a3_ / _a4_) + ((x + pow2(_a4_)) * x)) / _a0_) * x);{'d0': {'_a0_': 0.29614178695204696, '_a3_': 0.41521644517355405, '_a4_': 0.7898477168228862, '_a1_': 1.0, '_a2_': 1.0, '_a5_': 1.0, '_a6_': 1.0, '_a7_': 1.0}};{'d0': 0.024905832919416632};-280.569866449044;36.71354456452371
42868;-103.571388659998;((((_a3_ / _a4_) + ((x + pow2(_a4_)) * x)) / _a0_) * x);{'d0': {'_a0_': 0.29614178695204696, '_a3_': 0.41521644517355405, '_a4_': 0.7898477168228862, '_a1_': 1.0, '_a2_': 1.0, '_a5_': 1.0, '_a6_': 1.0, '_a7_': 1.0}};{'d0': 0.024905832919416632};-280.569866449044;36.71354456452371
42869;-103.571388659998;((((_a3_ / _a4_) + ((x + pow2(_a4_)) * x)) / _a0_) * x);{'d0': {'_a0_': 0.29614178695204696, '_a3_': 0.41521644517355405, '_a4_': 0.7898477168228862, '_a1_': 1.0, '_a2_': 1.0, '_a5_': 1.0, '_a6_': 1.0, '_a7_': 1.0}};{'d0': 0.024905832919416632};-280.569866449044;36.71354456452371
42870;-103.571388659998;((((_a3_ / _a4_) + ((x + pow2(_a4_)) * x)) / _a0_) * x);{'d0': {'_a0_': 0.29614178695204696, '_a3_': 0.41521644517355405, '_a4_': 0.7898477168228862, '_a1_': 1.0, '_a2_': 1.0, '_a5_': 1.0, '_a6_': 1.0, '_a7_': 1.0}};{'d0': 0.024905832919416632};-280.569866449044;36.71354456452371
42871;-103.571388659998;((((_a3_ / _a4_) + ((x + pow2(_a4_)) * x)) / _a0_) * x);{'d0': {'_a0_': 0.29614178695204696, '_a3_': 0.41521644517355405, '_a4_': 0.7898477168228862, '_a1_': 1.0, '_a2_': 1.0, '_a5_': 1.0, '_a6_': 1.0, '_a7_': 1.0}};{'d0': 0.024905832919416632};-280.569866449044;36.71354456452371
42872;-103.571388659998;((((_a3_ / _a4_) + ((x + pow2(_a4_)) * x)) / _a0_) * x);{'d0': {'_a0_': 0.29614178695204696, '_a3_': 0.41521644517355405, '_a4_': 0.7898477168228862, '_a1_': 1.0, '_a2_': 1.0, '_a5_': 1.0, '_a6_': 1.0, '_a7_': 1.0}};{'d0': 0.024905832919416632};-280.569866449044;36.71354456452371
42873;-103.571388659998;((((_a3_ / _a4_) + ((x + pow2(_a4_)) * x)) / _a0_) * x);{'d0': {'_a0_': 0.29614178695204696, '_a3_': 0.41521644517355405, '_a4_': 0.7898477168228862, '_a1_': 1.0, '_a2_': 1.0, '_a5_': 1.0, '_a6_': 1.0, '_a7_': 1.0}};{'d0': 0.024905832919416632};-280.569866449044;36.71354456452371
42874;-103.571388659998;((((_a3_ / _a4_) + ((x + pow2(_a4_)) * x)) / _a0_) * x);{'d0': {'_a0_': 0.29614178695204696, '_a3_': 0.41521644517355405, '_a4_': 0.7898477168228862, '_a1_': 1.0, '_a2_': 1.0, '_a5_': 1.0, '_a6_': 1.0, '_a7_': 1.0}};{'d0': 0.024905832919416632};-280.569866449044;36.71354456452371
42875;-103.571388659998;((((_a3_ / _a4_) + ((x + pow2(_a4_)) * x)) / _a0_) * x);{'d0': {'_a0_': 0.29614178695204696, '_a3_': 0.41521644517355405, '_a4_': 0.7898477168228862, '_a1_': 1.0, '_a2_': 1.0, '_a5_': 1.0, '_a6_': 1.0, '_a7_': 1.0}};{'d0': 0.024905832919416632};-280.569866449044;36.71354456452371
42876;-103.571388659998;((((_a3_ / _a4_) + ((x + pow2(_a4_)) * x)) / _a0_) * x);{'d0': {'_a0_': 0.29614178695204696, '_a3_': 0.41521644517355405, '_a4_': 0.7898477168228862, '_a1_': 1.0, '_a2_': 1.0, '_a5_': 1.0, '_a6_': 1.0, '_a7_': 1.0}};{'d0': 0.024905832919416632};-280.569866449044;36.71354456452371
42877;-103.571388659998;((((_a3_ / _a4_) + ((x + pow2(_a4_)) * x)) / _a0_) * x);{'d0': {'_a0_': 0.29614178695204696, '_a3_': 0.41521644517355405, '_a4_': 0.7898477168228862, '_a1_': 1.0, '_a2_': 1.0, '_a5_': 1.0, '_a6_': 1.0, '_a7_': 1.0}};{'d0': 0.024905832919416632};-280.569866449044;36.71354456452371
42878;-103.571388659998;((((_a3_ / _a4_) + ((x + pow2(_a4_)) * x)) / _a0_) * x);{'d0': {'_a0_': 0.29614178695204696, '_a3_': 0.41521644517355405, '_a4_': 0.7898477168228862, '_a1_': 1.0, '_a2_': 1.0, '_a5_': 1.0, '_a6_': 1.0, '_a7_': 1.0}};{'d0': 0.024905832919416632};-280.569866449044;36.71354456452371
42879;-103.571388659998;((((_a3_ / _a4_) + ((x + pow2(_a4_)) * x)) / _a0_) * x);{'d0': {'_a0_': 0.29614178695204696, '_a3_': 0.41521644517355405, '_a4_': 0.7898477168228862, '_a1_': 1.0, '_a2_': 1.0, '_a5_': 1.0, '_a6_': 1.0, '_a7_': 1.0}};{'d0': 0.024905832919416632};-280.569866449044;36.71354456452371
42880;-103.571388659998;((((_a3_ / _a4_) + ((x + pow2(_a4_)) * x)) / _a0_) * x);{'d0': {'_a0_': 0.29614178695204696, '_a3_': 0.41521644517355405, '_a4_': 0.7898477168228862, '_a1_': 1.0, '_a2_': 1.0, '_a5_': 1.0, '_a6_': 1.0, '_a7_': 1.0}};{'d0': 0.024905832919416632};-280.569866449044;36.71354456452371
42881;-103.571388659998;((((_a3_ / _a4_) + ((x + pow2(_a4_)) * x)) / _a0_) * x);{'d0': {'_a0_': 0.29614178695204696, '_a3_': 0.41521644517355405, '_a4_': 0.7898477168228862, '_a1_': 1.0, '_a2_': 1.0, '_a5_': 1.0, '_a6_': 1.0, '_a7_': 1.0}};{'d0': 0.024905832919416632};-280.569866449044;36.71354456452371
42882;-103.571388659998;((((_a3_ / _a4_) + ((x + pow2(_a4_)) * x)) / _a0_) * x);{'d0': {'_a0_': 0.29614178695204696, '_a3_': 0.41521644517355405, '_a4_': 0.7898477168228862, '_a1_': 1.0, '_a2_': 1.0, '_a5_': 1.0, '_a6_': 1.0, '_a7_': 1.0}};{'d0': 0.024905832919416632};-280.569866449044;36.71354456452371
42883;-103.571388659998;((((_a3_ / _a4_) + ((x + pow2(_a4_)) * x)) / _a0_) * x);{'d0': {'_a0_': 0.29614178695204696, '_a3_': 0.41521644517355405, '_a4_': 0.7898477168228862, '_a1_': 1.0, '_a2_': 1.0, '_a5_': 1.0, '_a6_': 1.0, '_a7_': 1.0}};{'d0': 0.024905832919416632};-280.569866449044;36.71354456452371
42884;-103.488010419115;((((_a3_ + _a4_) + ((x + pow2(_a4_)) * x)) / _a0_) * x);{'d0': {'_a0_': 0.29614178678162995, '_a3_': -0.2641559462812366, '_a4_': 0.7898477167126468, '_a1_': 1.0, '_a2_': 1.0, '_a5_': 1.0, '_a6_': 1.0, '_a7_': 1.0}};{'d0': 0.024905832919416625};-280.569866449044;36.79692280540651
42885;-103.488010419115;((((_a3_ + _a4_) + ((x + pow2(_a4_)) * x)) / _a0_) * x);{'d0': {'_a0_': 0.29614178678162995, '_a3_': -0.2641559462812366, '_a4_': 0.7898477167126468, '_a1_': 1.0, '_a2_': 1.0, '_a5_': 1.0, '_a6_': 1.0, '_a7_': 1.0}};{'d0': 0.024905832919416625};-280.569866449044;36.79692280540651
42886;-103.488010419115;((((_a3_ + _a4_) + ((x + pow2(_a4_)) * x)) / _a0_) * x);{'d0': {'_a0_': 0.29614178678162995, '_a3_': -0.2641559462812366, '_a4_': 0.7898477167126468, '_a1_': 1.0, '_a2_': 1.0, '_a5_': 1.0, '_a6_': 1.0, '_a7_': 1.0}};{'d0': 0.024905832919416625};-280.569866449044;36.79692280540651
42887;-103.488010419115;((((_a3_ + _a4_) + ((x + pow2(_a4_)) * x)) / _a0_) * x);{'d0': {'_a0_': 0.29614178678162995, '_a3_': -0.2641559462812366, '_a4_': 0.7898477167126468, '_a1_': 1.0, '_a2_': 1.0, '_a5_': 1.0, '_a6_': 1.0, '_a7_': 1.0}};{'d0': 0.024905832919416625};-280.569866449044;36.79692280540651
42888;-105.175439337828;(((pow2((_a0_ + x)) + sqrt(pow2(_a4_))) / _a3_) * x);{'d0': {'_a0_': 0.31192970783360247, '_a3_': 0.2961417868287679, '_a4_': 0.4283916279591554, '_a1_': 1.0, '_a2_': 1.0, '_a5_': 1.0, '_a6_': 1.0, '_a7_': 1.0}};{'d0': 0.024905832919416643};-280.569866449044;35.10949388669331
42889;-105.175439337828;(((pow2((_a0_ + x)) + sqrt(pow2(_a4_))) / _a3_) * x);{'d0': {'_a0_': 0.31192970783360247, '_a3_': 0.2961417868287679, '_a4_': 0.4283916279591554, '_a1_': 1.0, '_a2_': 1.0, '_a5_': 1.0, '_a6_': 1.0, '_a7_': 1.0}};{'d0': 0.024905832919416643};-280.569866449044;35.10949388669331
42890;-105.175439337828;(((pow2((_a0_ + x)) + sqrt(pow2(_a4_))) / _a3_) * x);{'d0': {'_a0_': 0.31192970783360247, '_a3_': 0.2961417868287679, '_a4_': 0.4283916279591554, '_a1_': 1.0, '_a2_': 1.0, '_a5_': 1.0, '_a6_': 1.0, '_a7_': 1.0}};{'d0': 0.024905832919416643};-280.569866449044;35.10949388669331
42891;-105.175439337828;(((pow2((_a0_ + x)) + sqrt(pow2(_a4_))) / _a3_) * x);{'d0': {'_a0_': 0.31192970783360247, '_a3_': 0.2961417868287679, '_a4_': 0.4283916279591554, '_a1_': 1.0, '_a2_': 1.0, '_a5_': 1.0, '_a6_': 1.0, '_a7_': 1.0}};{'d0': 0.024905832919416643};-280.569866449044;35.10949388669331
42892;-105.175439337828;(((pow2((_a0_ + x)) + sqrt(pow2(_a4_))) / _a3_) * x);{'d0': {'_a0_': 0.31192970783360247, '_a3_': 0.2961417868287679, '_a4_': 0.4283916279591554, '_a1_': 1.0, '_a2_': 1.0, '_a5_': 1.0, '_a6_': 1.0, '_a7_': 1.0}};{'d0': 0.024905832919416643};-280.569866449044;35.10949388669331
42893;-105.175439337828;(((pow2((_a0_ + x)) + sqrt(pow2(_a4_))) / _a3_) * x);{'d0': {'_a0_': 0.31192970783360247, '_a3_': 0.2961417868287679, '_a4_': 0.4283916279591554, '_a1_': 1.0, '_a2_': 1.0, '_a5_': 1.0, '_a6_': 1.0, '_a7_': 1.0}};{'d0': 0.024905832919416643};-280.569866449044;35.10949388669331
42894;-98.5118909917284;(((pow2((_a0_ + x)) + sqrt(pow2(_a4_))) / (_a4_ ** _a5_)) * x);{'d0': {'_a0_': 0.3119297077659079, '_a4_': 0.42839162801307534, '_a5_': 1.4355218029689707, '_a1_': 1.0, '_a2_': 1.0, '_a3_': 1.0, '_a6_': 1.0, '_a7_': 1.0}};{'d0': 0.024905832919416605};-280.569866449044;41.77304223279331
42895;-98.5118909917284;(((pow2((_a0_ + x)) + sqrt(pow2(_a4_))) / (_a4_ ** _a5_)) * x);{'d0': {'_a0_': 0.3119297077659079, '_a4_': 0.42839162801307534, '_a5_': 1.4355218029689707, '_a1_': 1.0, '_a2_': 1.0, '_a3_': 1.0, '_a6_': 1.0, '_a7_': 1.0}};{'d0': 0.024905832919416605};-280.569866449044;41.77304223279331
42896;-98.5118909917284;(((pow2((_a0_ + x)) + sqrt(pow2(_a4_))) / (_a4_ ** _a5_)) * x);{'d0': {'_a0_': 0.3119297077659079, '_a4_': 0.42839162801307534, '_a5_': 1.4355218029689707, '_a1_': 1.0, '_a2_': 1.0, '_a3_': 1.0, '_a6_': 1.0, '_a7_': 1.0}};{'d0': 0.024905832919416605};-280.569866449044;41.77304223279331
42897;-98.5118909917284;(((pow2((_a0_ + x)) + sqrt(pow2(_a4_))) / (_a4_ ** _a5_)) * x);{'d0': {'_a0_': 0.3119297077659079, '_a4_': 0.42839162801307534, '_a5_': 1.4355218029689707, '_a1_': 1.0, '_a2_': 1.0, '_a3_': 1.0, '_a6_': 1.0, '_a7_': 1.0}};{'d0': 0.024905832919416605};-280.569866449044;41.77304223279331
42898;-102.209825464338;(((pow2((_a0_ + x)) + sqrt(_a4_)) / (_a4_ ** _a5_)) * x);{'d0': {'_a0_': 0.31192970777720724, '_a4_': 0.18351938675177304, '_a5_': 0.7177609012118331, '_a1_': 1.0, '_a2_': 1.0, '_a3_': 1.0, '_a6_': 1.0, '_a7_': 1.0}};{'d0': 0.024905832919416556};-280.569866449044;38.07510776018331
42899;-102.209825464338;(((pow2((_a0_ + x)) + sqrt(_a4_)) / (_a4_ ** _a5_)) * x);{'d0': {'_a0_': 0.31192970777720724, '_a4_': 0.18351938675177304, '_a5_': 0.7177609012118331, '_a1_': 1.0, '_a2_': 1.0, '_a3_': 1.0, '_a6_': 1.0, '_a7_': 1.0}};{'d0': 0.024905832919416556};-280.569866449044;38.07510776018331
42900;-104.068748457625;(((pow2((_a0_ + x)) + sqrt(_a4_)) / (_a4_ * _a5_)) * x);{'d0': {'_a0_': 0.3119297078507493, '_a4_': 0.1835193873014894, '_a5_': 1.6136812102680165, '_a1_': 1.0, '_a2_': 1.0, '_a3_': 1.0, '_a6_': 1.0, '_a7_': 1.0}};{'d0': 0.02490583291941661};-280.569866449044;36.216184766896305
42901;-104.068748457625;(((pow2((_a0_ + x)) + sqrt(_a4_)) / (_a4_ * _a5_)) * x);{'d0': {'_a0_': 0.3119297078507493, '_a4_': 0.1835193873014894, '_a5_': 1.6136812102680165, '_a1_': 1.0, '_a2_': 1.0, '_a3_': 1.0, '_a6_': 1.0, '_a7_': 1.0}};{'d0': 0.02490583291941661};-280.569866449044;36.216184766896305
42902;-104.068748457625;(((pow2((_a0_ + x)) + sqrt(_a4_)) / (_a4_ * _a5_)) * x);{'d0': {'_a0_': 0.3119297078507493, '_a4_': 0.1835193873014894, '_a5_': 1.6136812102680165, '_a1_': 1.0, '_a2_': 1.0, '_a3_': 1.0, '_a6_': 1.0, '_a7_': 1.0}};{'d0': 0.02490583291941661};-280.569866449044;36.216184766896305
42903;-104.068748457625;(((pow2((_a0_ + x)) + sqrt(_a4_)) / (_a4_ * _a5_)) * x);{'d0': {'_a0_': 0.3119297078507493, '_a4_': 0.1835193873014894, '_a5_': 1.6136812102680165, '_a1_': 1.0, '_a2_': 1.0, '_a3_': 1.0, '_a6_': 1.0, '_a7_': 1.0}};{'d0': 0.02490583291941661};-280.569866449044;36.216184766896305
42904;-104.068748457625;(((pow2((_a0_ + x)) + sqrt(_a4_)) / (_a4_ * _a5_)) * x);{'d0': {'_a0_': 0.3119297078507493, '_a4_': 0.1835193873014894, '_a5_': 1.6136812102680165, '_a1_': 1.0, '_a2_': 1.0, '_a3_': 1.0, '_a6_': 1.0, '_a7_': 1.0}};{'d0': 0.02490583291941661};-280.569866449044;36.216184766896305
42905;-104.068748457625;(((pow2((_a0_ + x)) + sqrt(_a4_)) / (_a4_ * _a5_)) * x);{'d0': {'_a0_': 0.3119297078507493, '_a4_': 0.1835193873014894, '_a5_': 1.6136812102680165, '_a1_': 1.0, '_a2_': 1.0, '_a3_': 1.0, '_a6_': 1.0, '_a7_': 1.0}};{'d0': 0.02490583291941661};-280.569866449044;36.216184766896305
42906;-104.068748457625;(((pow2((_a0_ + x)) + sqrt(_a4_)) / (_a4_ * _a5_)) * x);{'d0': {'_a0_': 0.3119297078507493, '_a4_': 0.1835193873014894, '_a5_': 1.6136812102680165, '_a1_': 1.0, '_a2_': 1.0, '_a3_': 1.0, '_a6_': 1.0, '_a7_': 1.0}};{'d0': 0.02490583291941661};-280.569866449044;36.216184766896305
42907;-104.068748457625;(((pow2((_a0_ + x)) + sqrt(_a4_)) / (_a4_ * _a5_)) * x);{'d0': {'_a0_': 0.3119297078507493, '_a4_': 0.1835193873014894, '_a5_': 1.6136812102680165, '_a1_': 1.0, '_a2_': 1.0, '_a3_': 1.0, '_a6_': 1.0, '_a7_': 1.0}};{'d0': 0.02490583291941661};-280.569866449044;36.216184766896305
42908;-104.068748457625;(((pow2((_a0_ + x)) + sqrt(_a4_)) / (_a4_ * _a5_)) * x);{'d0': {'_a0_': 0.3119297078507493, '_a4_': 0.1835193873014894, '_a5_': 1.6136812102680165, '_a1_': 1.0, '_a2_': 1.0, '_a3_': 1.0, '_a6_': 1.0, '_a7_': 1.0}};{'d0': 0.02490583291941661};-280.569866449044;36.216184766896305
42909;-104.068748457625;(((pow2((_a0_ + x)) + sqrt(_a4_)) / (_a4_ * _a5_)) * x);{'d0': {'_a0_': 0.3119297078507493, '_a4_': 0.1835193873014894, '_a5_': 1.6136812102680165, '_a1_': 1.0, '_a2_': 1.0, '_a3_': 1.0, '_a6_': 1.0, '_a7_': 1.0}};{'d0': 0.02490583291941661};-280.569866449044;36.216184766896305
42910;-104.068748457625;(((pow2((_a0_ + x)) + sqrt(_a4_)) / (_a4_ * _a5_)) * x);{'d0': {'_a0_': 0.3119297078507493, '_a4_': 0.1835193873014894, '_a5_': 1.6136812102680165, '_a1_': 1.0, '_a2_': 1.0, '_a3_': 1.0, '_a6_': 1.0, '_a7_': 1.0}};{'d0': 0.02490583291941661};-280.569866449044;36.216184766896305
42911;-95.7820324606656;((((pow2(_a0_) * x) * (_a4_ * (x + _a4_))) + -((_a3_ + _a0_))) * x);{'d0': {'_a0_': 2.3265199811239796, '_a3_': -4.101655385479078, '_a4_': 0.6238594155970715, '_a1_': 1.0, '_a2_': 1.0, '_a5_': 1.0, '_a6_': 1.0, '_a7_': 1.0}};{'d0': 0.024905832919416657};-280.569866449044;44.50290076385643
42912;-95.7820324606656;((((pow2(_a0_) * x) * (_a4_ * (x + _a4_))) + -((_a3_ + _a0_))) * x);{'d0': {'_a0_': 2.3265199811239796, '_a3_': -4.101655385479078, '_a4_': 0.6238594155970715, '_a1_': 1.0, '_a2_': 1.0, '_a5_': 1.0, '_a6_': 1.0, '_a7_': 1.0}};{'d0': 0.024905832919416657};-280.569866449044;44.50290076385643
42913;-95.7820324606656;((((pow2(_a0_) * x) * (_a4_ * (x + _a4_))) + -((_a3_ + _a0_))) * x);{'d0': {'_a0_': 2.3265199811239796, '_a3_': -4.101655385479078, '_a4_': 0.6238594155970715, '_a1_': 1.0, '_a2_': 1.0, '_a5_': 1.0, '_a6_': 1.0, '_a7_': 1.0}};{'d0': 0.024905832919416657};-280.569866449044;44.50290076385643
42914;-95.7820324606656;((((pow2(_a0_) * x) * (_a4_ * (x + _a4_))) + -((_a3_ + _a0_))) * x);{'d0': {'_a0_': 2.3265199811239796, '_a3_': -4.101655385479078, '_a4_': 0.6238594155970715, '_a1_': 1.0, '_a2_': 1.0, '_a5_': 1.0, '_a6_': 1.0, '_a7_': 1.0}};{'d0': 0.024905832919416657};-280.569866449044;44.50290076385643
42915;-95.7820324606656;((((pow2(_a0_) * x) * (_a4_ * (x + _a4_))) + -((_a3_ + _a0_))) * x);{'d0': {'_a0_': 2.3265199811239796, '_a3_': -4.101655385479078, '_a4_': 0.6238594155970715, '_a1_': 1.0, '_a2_': 1.0, '_a5_': 1.0, '_a6_': 1.0, '_a7_': 1.0}};{'d0': 0.024905832919416657};-280.569866449044;44.50290076385643
42916;-95.7820324606656;((((pow2(_a0_) * x) * (_a4_ * (x + _a4_))) + -((_a3_ + _a0_))) * x);{'d0': {'_a0_': 2.3265199811239796, '_a3_': -4.101655385479078, '_a4_': 0.6238594155970715, '_a1_': 1.0, '_a2_': 1.0, '_a5_': 1.0, '_a6_': 1.0, '_a7_': 1.0}};{'d0': 0.024905832919416657};-280.569866449044;44.50290076385643
42917;-95.7820324606656;((((pow2(_a0_) * x) * (_a4_ * (x + _a4_))) + -((_a3_ + _a0_))) * x);{'d0': {'_a0_': 2.3265199811239796, '_a3_': -4.101655385479078, '_a4_': 0.6238594155970715, '_a1_': 1.0, '_a2_': 1.0, '_a5_': 1.0, '_a6_': 1.0, '_a7_': 1.0}};{'d0': 0.024905832919416657};-280.569866449044;44.50290076385643
42918;-95.7820324606656;((((pow2(_a0_) * x) * (_a4_ * (x + _a4_))) + -((_a3_ + _a0_))) * x);{'d0': {'_a0_': 2.3265199811239796, '_a3_': -4.101655385479078, '_a4_': 0.6238594155970715, '_a1_': 1.0, '_a2_': 1.0, '_a5_': 1.0, '_a6_': 1.0, '_a7_': 1.0}};{'d0': 0.024905832919416657};-280.569866449044;44.50290076385643
42919;-95.7820324606656;((((pow2(_a0_) * x) * (_a4_ * (x + _a4_))) + -((_a3_ + _a0_))) * x);{'d0': {'_a0_': 2.3265199811239796, '_a3_': -4.101655385479078, '_a4_': 0.6238594155970715, '_a1_': 1.0, '_a2_': 1.0, '_a5_': 1.0, '_a6_': 1.0, '_a7_': 1.0}};{'d0': 0.024905832919416657};-280.569866449044;44.50290076385643
42920;-95.7820324606656;((((pow2(_a0_) * x) * (_a4_ * (x + _a4_))) + -((_a3_ + _a0_))) * x);{'d0': {'_a0_': 2.3265199811239796, '_a3_': -4.101655385479078, '_a4_': 0.6238594155970715, '_a1_': 1.0, '_a2_': 1.0, '_a5_': 1.0, '_a6_': 1.0, '_a7_': 1.0}};{'d0': 0.024905832919416657};-280.569866449044;44.50290076385643
42921;-95.7820324606656;((((pow2(_a0_) * x) * (_a4_ * (x + _a4_))) + -((_a3_ + _a0_))) * x);{'d0': {'_a0_': 2.3265199811239796, '_a3_': -4.101655385479078, '_a4_': 0.6238594155970715, '_a1_': 1.0, '_a2_': 1.0, '_a5_': 1.0, '_a6_': 1.0, '_a7_': 1.0}};{'d0': 0.024905832919416657};-280.569866449044;44.50290076385643
42922;-95.7820324606656;((((pow2(_a0_) * x) * (_a4_ * (x + _a4_))) + -((_a3_ + _a0_))) * x);{'d0': {'_a0_': 2.3265199811239796, '_a3_': -4.101655385479078, '_a4_': 0.6238594155970715, '_a1_': 1.0, '_a2_': 1.0, '_a5_': 1.0, '_a6_': 1.0, '_a7_': 1.0}};{'d0': 0.024905832919416657};-280.569866449044;44.50290076385643
42923;-95.7820324606656;((((pow2(_a0_) * x) * (_a4_ * (x + _a4_))) + -((_a3_ + _a0_))) * x);{'d0': {'_a0_': 2.3265199811239796, '_a3_': -4.101655385479078, '_a4_': 0.6238594155970715, '_a1_': 1.0, '_a2_': 1.0, '_a5_': 1.0, '_a6_': 1.0, '_a7_': 1.0}};{'d0': 0.024905832919416657};-280.569866449044;44.50290076385643
42924;-95.7820324606656;((((pow2(_a0_) * x) * (_a4_ * (x + _a4_))) + -((_a3_ + _a0_))) * x);{'d0': {'_a0_': 2.3265199811239796, '_a3_': -4.101655385479078, '_a4_': 0.6238594155970715, '_a1_': 1.0, '_a2_': 1.0, '_a5_': 1.0, '_a6_': 1.0, '_a7_': 1.0}};{'d0': 0.024905832919416657};-280.569866449044;44.50290076385643
42925;-95.7820324606656;((((pow2(_a0_) * x) * (_a4_ * (x + _a4_))) + -((_a3_ + _a0_))) * x);{'d0': {'_a0_': 2.3265199811239796, '_a3_': -4.101655385479078, '_a4_': 0.6238594155970715, '_a1_': 1.0, '_a2_': 1.0, '_a5_': 1.0, '_a6_': 1.0, '_a7_': 1.0}};{'d0': 0.024905832919416657};-280.569866449044;44.50290076385643
42926;-95.7820324606656;((((pow2(_a0_) * x) * (_a4_ * (x + _a4_))) + -((_a3_ + _a0_))) * x);{'d0': {'_a0_': 2.3265199811239796, '_a3_': -4.101655385479078, '_a4_': 0.6238594155970715, '_a1_': 1.0, '_a2_': 1.0, '_a5_': 1.0, '_a6_': 1.0, '_a7_': 1.0}};{'d0': 0.024905832919416657};-280.569866449044;44.50290076385643
42927;-95.7820324606656;((((pow2(_a0_) * x) * (_a4_ * (x + _a4_))) + -((_a3_ + _a0_))) * x);{'d0': {'_a0_': 2.3265199811239796, '_a3_': -4.101655385479078, '_a4_': 0.6238594155970715, '_a1_': 1.0, '_a2_': 1.0, '_a5_': 1.0, '_a6_': 1.0, '_a7_': 1.0}};{'d0': 0.024905832919416657};-280.569866449044;44.50290076385643
42928;-95.7820324606656;((((pow2(_a0_) * x) * (_a4_ * (x + _a4_))) + -((_a3_ + _a0_))) * x);{'d0': {'_a0_': 2.3265199811239796, '_a3_': -4.101655385479078, '_a4_': 0.6238594155970715, '_a1_': 1.0, '_a2_': 1.0, '_a5_': 1.0, '_a6_': 1.0, '_a7_': 1.0}};{'d0': 0.024905832919416657};-280.569866449044;44.50290076385643
42929;-95.7820324606656;((((pow2(_a0_) * x) * (_a4_ * (x + _a4_))) + -((_a3_ + _a0_))) * x);{'d0': {'_a0_': 2.3265199811239796, '_a3_': -4.101655385479078, '_a4_': 0.6238594155970715, '_a1_': 1.0, '_a2_': 1.0, '_a5_': 1.0, '_a6_': 1.0, '_a7_': 1.0}};{'d0': 0.024905832919416657};-280.569866449044;44.50290076385643
42930;-95.7820324606656;((((pow2(_a0_) * x) * (_a4_ * (x + _a4_))) + -((_a3_ + _a0_))) * x);{'d0': {'_a0_': 2.3265199811239796, '_a3_': -4.101655385479078, '_a4_': 0.6238594155970715, '_a1_': 1.0, '_a2_': 1.0, '_a5_': 1.0, '_a6_': 1.0, '_a7_': 1.0}};{'d0': 0.024905832919416657};-280.569866449044;44.50290076385643
42931;-95.7820324606656;((((pow2(_a0_) * x) * (_a4_ * (x + _a4_))) + -((_a3_ + _a0_))) * x);{'d0': {'_a0_': 2.3265199811239796, '_a3_': -4.101655385479078, '_a4_': 0.6238594155970715, '_a1_': 1.0, '_a2_': 1.0, '_a5_': 1.0, '_a6_': 1.0, '_a7_': 1.0}};{'d0': 0.024905832919416657};-280.569866449044;44.50290076385643
42932;-95.7820324606656;((((pow2(_a0_) * x) * (_a4_ * (x + _a4_))) + -((_a3_ + _a0_))) * x);{'d0': {'_a0_': 2.3265199811239796, '_a3_': -4.101655385479078, '_a4_': 0.6238594155970715, '_a1_': 1.0, '_a2_': 1.0, '_a5_': 1.0, '_a6_': 1.0, '_a7_': 1.0}};{'d0': 0.024905832919416657};-280.569866449044;44.50290076385643
42933;-99.4799669332757;((((_a0_ * x) * (_a4_ * (x + _a4_))) + -((_a3_ + _a0_))) * x);{'d0': {'_a0_': 5.412695222346575, '_a3_': -7.187830626717026, '_a4_': 0.6238594156050268, '_a1_': 1.0, '_a2_': 1.0, '_a5_': 1.0, '_a6_': 1.0, '_a7_': 1.0}};{'d0': 0.024905832919416594};-280.569866449044;40.80496629124643
42934;-99.4799669332757;((((_a0_ * x) * (_a4_ * (x + _a4_))) + -((_a3_ + _a0_))) * x);{'d0': {'_a0_': 5.412695222346575, '_a3_': -7.187830626717026, '_a4_': 0.6238594156050268, '_a1_': 1.0, '_a2_': 1.0, '_a5_': 1.0, '_a6_': 1.0, '_a7_': 1.0}};{'d0': 0.024905832919416594};-280.569866449044;40.80496629124643
42935;-99.4799669332757;((((_a0_ * x) * (_a4_ * (x + _a4_))) + -((_a3_ + _a0_))) * x);{'d0': {'_a0_': 5.412695222346575, '_a3_': -7.187830626717026, '_a4_': 0.6238594156050268, '_a1_': 1.0, '_a2_': 1.0, '_a5_': 1.0, '_a6_': 1.0, '_a7_': 1.0}};{'d0': 0.024905832919416594};-280.569866449044;40.80496629124643
42936;-99.4799669332757;((((_a0_ * x) * (_a4_ * (x + _a4_))) + -((_a3_ + _a0_))) * x);{'d0': {'_a0_': 5.412695222346575, '_a3_': -7.187830626717026, '_a4_': 0.6238594156050268, '_a1_': 1.0, '_a2_': 1.0, '_a5_': 1.0, '_a6_': 1.0, '_a7_': 1.0}};{'d0': 0.024905832919416594};-280.569866449044;40.80496629124643
42937;-99.4799669332757;((((_a0_ * x) * (_a4_ * (x + _a4_))) + -((_a3_ + _a0_))) * x);{'d0': {'_a0_': 5.412695222346575, '_a3_': -7.187830626717026, '_a4_': 0.6238594156050268, '_a1_': 1.0, '_a2_': 1.0, '_a5_': 1.0, '_a6_': 1.0, '_a7_': 1.0}};{'d0': 0.024905832919416594};-280.569866449044;40.80496629124643
42938;-99.4799669332757;((((_a0_ * x) * (_a4_ * (x + _a4_))) + -((_a3_ + _a0_))) * x);{'d0': {'_a0_': 5.412695222346575, '_a3_': -7.187830626717026, '_a4_': 0.6238594156050268, '_a1_': 1.0, '_a2_': 1.0, '_a5_': 1.0, '_a6_': 1.0, '_a7_': 1.0}};{'d0': 0.024905832919416594};-280.569866449044;40.80496629124643
42939;-99.4799669332757;((((_a0_ * x) * (_a4_ * (x + _a4_))) + -((_a3_ + _a0_))) * x);{'d0': {'_a0_': 5.412695222346575, '_a3_': -7.187830626717026, '_a4_': 0.6238594156050268, '_a1_': 1.0, '_a2_': 1.0, '_a5_': 1.0, '_a6_': 1.0, '_a7_': 1.0}};{'d0': 0.024905832919416594};-280.569866449044;40.80496629124643
42940;-99.4799669332757;((((_a0_ * x) * (_a4_ * (x + _a4_))) + -((_a3_ + _a0_))) * x);{'d0': {'_a0_': 5.412695222346575, '_a3_': -7.187830626717026, '_a4_': 0.6238594156050268, '_a1_': 1.0, '_a2_': 1.0, '_a5_': 1.0, '_a6_': 1.0, '_a7_': 1.0}};{'d0': 0.024905832919416594};-280.569866449044;40.80496629124643
42941;-99.4799669332757;((((_a0_ * x) * (_a4_ * (x + _a4_))) + -((_a3_ + _a0_))) * x);{'d0': {'_a0_': 5.412695222346575, '_a3_': -7.187830626717026, '_a4_': 0.6238594156050268, '_a1_': 1.0, '_a2_': 1.0, '_a5_': 1.0, '_a6_': 1.0, '_a7_': 1.0}};{'d0': 0.024905832919416594};-280.569866449044;40.80496629124643
42942;-99.4799669332757;((((_a0_ * x) * (_a4_ * (x + _a4_))) + -((_a3_ + _a0_))) * x);{'d0': {'_a0_': 5.412695222346575, '_a3_': -7.187830626717026, '_a4_': 0.6238594156050268, '_a1_': 1.0, '_a2_': 1.0, '_a5_': 1.0, '_a6_': 1.0, '_a7_': 1.0}};{'d0': 0.024905832919416594};-280.569866449044;40.80496629124643
42943;-99.4799669332757;((((_a0_ * x) * (_a4_ * (x + _a4_))) + -((_a3_ + _a0_))) * x);{'d0': {'_a0_': 5.412695222346575, '_a3_': -7.187830626717026, '_a4_': 0.6238594156050268, '_a1_': 1.0, '_a2_': 1.0, '_a5_': 1.0, '_a6_': 1.0, '_a7_': 1.0}};{'d0': 0.024905832919416594};-280.569866449044;40.80496629124643
42944;-99.4799669332757;((((_a0_ * x) * (_a4_ * (x + _a4_))) + -((_a3_ + _a0_))) * x);{'d0': {'_a0_': 5.412695222346575, '_a3_': -7.187830626717026, '_a4_': 0.6238594156050268, '_a1_': 1.0, '_a2_': 1.0, '_a5_': 1.0, '_a6_': 1.0, '_a7_': 1.0}};{'d0': 0.024905832919416594};-280.569866449044;40.80496629124643
42945;-99.4799669332757;((((_a0_ * x) * (_a4_ * (x + _a4_))) + -((_a3_ + _a0_))) * x);{'d0': {'_a0_': 5.412695222346575, '_a3_': -7.187830626717026, '_a4_': 0.6238594156050268, '_a1_': 1.0, '_a2_': 1.0, '_a5_': 1.0, '_a6_': 1.0, '_a7_': 1.0}};{'d0': 0.024905832919416594};-280.569866449044;40.80496629124643
42946;-99.4799669332757;((((_a0_ * x) * (_a4_ * (x + _a4_))) + -((_a3_ + _a0_))) * x);{'d0': {'_a0_': 5.412695222346575, '_a3_': -7.187830626717026, '_a4_': 0.6238594156050268, '_a1_': 1.0, '_a2_': 1.0, '_a5_': 1.0, '_a6_': 1.0, '_a7_': 1.0}};{'d0': 0.024905832919416594};-280.569866449044;40.80496629124643
42947;-99.4799669332757;((((_a0_ * x) * (_a4_ * (x + _a4_))) + -((_a3_ + _a0_))) * x);{'d0': {'_a0_': 5.412695222346575, '_a3_': -7.187830626717026, '_a4_': 0.6238594156050268, '_a1_': 1.0, '_a2_': 1.0, '_a5_': 1.0, '_a6_': 1.0, '_a7_': 1.0}};{'d0': 0.024905832919416594};-280.569866449044;40.80496629124643
42948;-99.4799669332757;((((_a0_ * x) * (_a4_ * (x + _a4_))) + -((_a3_ + _a0_))) * x);{'d0': {'_a0_': 5.412695222346575, '_a3_': -7.187830626717026, '_a4_': 0.6238594156050268, '_a1_': 1.0, '_a2_': 1.0, '_a5_': 1.0, '_a6_': 1.0, '_a7_': 1.0}};{'d0': 0.024905832919416594};-280.569866449044;40.80496629124643
42949;-99.4799669332757;((((_a0_ * x) * (_a4_ * (x + _a4_))) + -((_a3_ + _a0_))) * x);{'d0': {'_a0_': 5.412695222346575, '_a3_': -7.187830626717026, '_a4_': 0.6238594156050268, '_a1_': 1.0, '_a2_': 1.0, '_a5_': 1.0, '_a6_': 1.0, '_a7_': 1.0}};{'d0': 0.024905832919416594};-280.569866449044;40.80496629124643
42950;-99.4799669332757;((((_a0_ * x) * (_a4_ * (x + _a4_))) + -((_a3_ + _a0_))) * x);{'d0': {'_a0_': 5.412695222346575, '_a3_': -7.187830626717026, '_a4_': 0.6238594156050268, '_a1_': 1.0, '_a2_': 1.0, '_a5_': 1.0, '_a6_': 1.0, '_a7_': 1.0}};{'d0': 0.024905832919416594};-280.569866449044;40.80496629124643
42951;-99.4799669332757;((((_a0_ * x) * (_a4_ * (x + _a4_))) + -((_a3_ + _a0_))) * x);{'d0': {'_a0_': 5.412695222346575, '_a3_': -7.187830626717026, '_a4_': 0.6238594156050268, '_a1_': 1.0, '_a2_': 1.0, '_a5_': 1.0, '_a6_': 1.0, '_a7_': 1.0}};{'d0': 0.024905832919416594};-280.569866449044;40.80496629124643
42952;-99.4799669332757;((((_a0_ * x) * (_a4_ * (x + _a4_))) + -((_a3_ + _a0_))) * x);{'d0': {'_a0_': 5.412695222346575, '_a3_': -7.187830626717026, '_a4_': 0.6238594156050268, '_a1_': 1.0, '_a2_': 1.0, '_a5_': 1.0, '_a6_': 1.0, '_a7_': 1.0}};{'d0': 0.024905832919416594};-280.569866449044;40.80496629124643
42953;-99.4799669332757;((((_a0_ * x) * (_a4_ * (x + _a4_))) + -((_a3_ + _a0_))) * x);{'d0': {'_a0_': 5.412695222346575, '_a3_': -7.187830626717026, '_a4_': 0.6238594156050268, '_a1_': 1.0, '_a2_': 1.0, '_a5_': 1.0, '_a6_': 1.0, '_a7_': 1.0}};{'d0': 0.024905832919416594};-280.569866449044;40.80496629124643
42954;-99.4799669332757;((((_a0_ * x) * (_a4_ * (x + _a4_))) + -((_a3_ + _a0_))) * x);{'d0': {'_a0_': 5.412695222346575, '_a3_': -7.187830626717026, '_a4_': 0.6238594156050268, '_a1_': 1.0, '_a2_': 1.0, '_a5_': 1.0, '_a6_': 1.0, '_a7_': 1.0}};{'d0': 0.024905832919416594};-280.569866449044;40.80496629124643
42955;-92.8870848708656;((((_a0_ * x) * (_a4_ * (x + _a4_))) + -((_a3_ + pow3(_a3_)))) * x);{'d0': {'_a0_': 5.412695223818572, '_a3_': -0.9412454880426865, '_a4_': 0.6238594155598939, '_a1_': 1.0, '_a2_': 1.0, '_a5_': 1.0, '_a6_': 1.0, '_a7_': 1.0}};{'d0': 0.024905832919416646};-280.569866449044;47.39784835365643
42956;-92.8870848708656;((((_a0_ * x) * (_a4_ * (x + _a4_))) + -((_a3_ + pow3(_a3_)))) * x);{'d0': {'_a0_': 5.412695223818572, '_a3_': -0.9412454880426865, '_a4_': 0.6238594155598939, '_a1_': 1.0, '_a2_': 1.0, '_a5_': 1.0, '_a6_': 1.0, '_a7_': 1.0}};{'d0': 0.024905832919416646};-280.569866449044;47.39784835365643
42957;-92.8870848708656;((((_a0_ * x) * (_a4_ * (x + _a4_))) + -((_a3_ + pow3(_a3_)))) * x);{'d0': {'_a0_': 5.412695223818572, '_a3_': -0.9412454880426865, '_a4_': 0.6238594155598939, '_a1_': 1.0, '_a2_': 1.0, '_a5_': 1.0, '_a6_': 1.0, '_a7_': 1.0}};{'d0': 0.024905832919416646};-280.569866449044;47.39784835365643
42958;-89.1891503982555;((((pow2(_a6_) * x) * (_a4_ * (x + _a4_))) + -((_a3_ + pow3(_a3_)))) * x);{'d0': {'_a3_': -0.9412454880627296, '_a4_': 0.6238594155350379, '_a6_': 2.326519981172976, '_a0_': 1.0, '_a1_': 1.0, '_a2_': 1.0, '_a5_': 1.0, '_a7_': 1.0}};{'d0': 0.0249058329194167};-280.569866449043;51.09578282626643
42959;-89.1891503982555;((((pow2(_a6_) * x) * (_a4_ * (x + _a4_))) + -((_a3_ + pow3(_a3_)))) * x);{'d0': {'_a3_': -0.9412454880627296, '_a4_': 0.6238594155350379, '_a6_': 2.326519981172976, '_a0_': 1.0, '_a1_': 1.0, '_a2_': 1.0, '_a5_': 1.0, '_a7_': 1.0}};{'d0': 0.0249058329194167};-280.569866449043;51.09578282626643
42960;-92.8870848708656;((((_a0_ * x) * (_a4_ * (x + _a4_))) + -((_a3_ + pow3(_a3_)))) * x);{'d0': {'_a0_': 5.412695223818572, '_a3_': -0.9412454880426865, '_a4_': 0.6238594155598939, '_a1_': 1.0, '_a2_': 1.0, '_a5_': 1.0, '_a6_': 1.0, '_a7_': 1.0}};{'d0': 0.024905832919416646};-280.569866449044;47.39784835365643
42961;-93.4005571407057;((((_a0_ * x) * (_a4_ * (x + _a4_))) + -((_a3_ + cos(_a3_)))) * x);{'d0': {'_a0_': 5.412695221690649, '_a3_': -1.6730549273251956, '_a4_': 0.6238594155440231, '_a1_': 1.0, '_a2_': 1.0, '_a5_': 1.0, '_a6_': 1.0, '_a7_': 1.0}};{'d0': 0.024905832919416577};-280.569866449044;46.88437608381643
42962;-93.4005571407057;((((_a0_ * x) * (_a4_ * (x + _a4_))) + -((_a3_ + cos(_a3_)))) * x);{'d0': {'_a0_': 5.412695221690649, '_a3_': -1.6730549273251956, '_a4_': 0.6238594155440231, '_a1_': 1.0, '_a2_': 1.0, '_a5_': 1.0, '_a6_': 1.0, '_a7_': 1.0}};{'d0': 0.024905832919416577};-280.569866449044;46.88437608381643
42963;-93.4005571407057;((((_a0_ * x) * (_a4_ * (x + _a4_))) + -((_a3_ + cos(_a3_)))) * x);{'d0': {'_a0_': 5.412695221690649, '_a3_': -1.6730549273251956, '_a4_': 0.6238594155440231, '_a1_': 1.0, '_a2_': 1.0, '_a5_': 1.0, '_a6_': 1.0, '_a7_': 1.0}};{'d0': 0.024905832919416577};-280.569866449044;46.88437608381643
42964;-93.4005571407057;((((_a0_ * x) * (_a4_ * (x + _a4_))) + -((_a3_ + cos(_a3_)))) * x);{'d0': {'_a0_': 5.412695221690649, '_a3_': -1.6730549273251956, '_a4_': 0.6238594155440231, '_a1_': 1.0, '_a2_': 1.0, '_a5_': 1.0, '_a6_': 1.0, '_a7_': 1.0}};{'d0': 0.024905832919416577};-280.569866449044;46.88437608381643
42965;-92.9109562493264;((((_a0_ * x) * (_a4_ * (x + _a4_))) + -((_a3_ + cos(x)))) * x);{'d0': {'_a0_': 4.055137377824548, '_a3_': -2.7670920996554367, '_a4_': 0.7218034390973415, '_a1_': 1.0, '_a2_': 1.0, '_a5_': 1.0, '_a6_': 1.0, '_a7_': 1.0}};{'d0': 0.02531563172143303};-279.590664666285;46.88437608381643
42966;-99.4799669332756;((((_a0_ * x) * (_a4_ * (x + _a4_))) + -((_a3_ + _a3_))) * x);{'d0': {'_a0_': 5.412695221801489, '_a3_': -0.8875677022465727, '_a4_': 0.6238594156338223, '_a1_': 1.0, '_a2_': 1.0, '_a5_': 1.0, '_a6_': 1.0, '_a7_': 1.0}};{'d0': 0.024905832919416677};-280.569866449043;40.80496629124643
42967;-99.4799669332756;((((_a0_ * x) * (_a4_ * (x + _a4_))) + -((_a3_ + _a3_))) * x);{'d0': {'_a0_': 5.412695221801489, '_a3_': -0.8875677022465727, '_a4_': 0.6238594156338223, '_a1_': 1.0, '_a2_': 1.0, '_a5_': 1.0, '_a6_': 1.0, '_a7_': 1.0}};{'d0': 0.024905832919416677};-280.569866449043;40.80496629124643
42968;-95.7995146950145;((((-(_a5_) * x) * (_a4_ * (x + _a4_))) + -((_a3_ + _a3_))) * x);{'d0': {'_a3_': -0.8875677020256278, '_a4_': 0.6238594154817841, '_a5_': -5.412695224766044, '_a0_': 1.0, '_a1_': 1.0, '_a2_': 1.0, '_a6_': 1.0, '_a7_': 1.0}};{'d0': 0.024905832919416605};-280.569866449044;44.4854185295076
42969;-95.7995146950145;((((-(_a5_) * x) * (_a4_ * (x + _a4_))) + -((_a3_ + _a3_))) * x);{'d0': {'_a3_': -0.8875677020256278, '_a4_': 0.6238594154817841, '_a5_': -5.412695224766044, '_a0_': 1.0, '_a1_': 1.0, '_a2_': 1.0, '_a6_': 1.0, '_a7_': 1.0}};{'d0': 0.024905832919416605};-280.569866449044;44.4854185295076
42970;-95.7995146950145;((((-(_a5_) * x) * (_a4_ * (x + _a4_))) + -((_a3_ + _a3_))) * x);{'d0': {'_a3_': -0.8875677020256278, '_a4_': 0.6238594154817841, '_a5_': -5.412695224766044, '_a0_': 1.0, '_a1_': 1.0, '_a2_': 1.0, '_a6_': 1.0, '_a7_': 1.0}};{'d0': 0.024905832919416605};-280.569866449044;44.4854185295076
42971;-104.068748457625;(((pow2((_a0_ + x)) + sqrt(_a4_)) / (_a4_ * _a1_)) * x);{'d0': {'_a0_': 0.311929707807991, '_a1_': 1.6136812155523592, '_a4_': 0.18351938646205312, '_a2_': 1.0, '_a3_': 1.0, '_a5_': 1.0, '_a6_': 1.0, '_a7_': 1.0}};{'d0': 0.024905832919416653};-280.569866449044;36.216184766896305
42972;-104.068748457625;(((pow2((_a0_ + x)) + sqrt(_a4_)) / (_a4_ * _a1_)) * x);{'d0': {'_a0_': 0.311929707807991, '_a1_': 1.6136812155523592, '_a4_': 0.18351938646205312, '_a2_': 1.0, '_a3_': 1.0, '_a5_': 1.0, '_a6_': 1.0, '_a7_': 1.0}};{'d0': 0.024905832919416653};-280.569866449044;36.216184766896305
42973;-104.068748457625;(((pow2((_a0_ + x)) + sqrt(_a4_)) / (_a4_ * _a1_)) * x);{'d0': {'_a0_': 0.311929707807991, '_a1_': 1.6136812155523592, '_a4_': 0.18351938646205312, '_a2_': 1.0, '_a3_': 1.0, '_a5_': 1.0, '_a6_': 1.0, '_a7_': 1.0}};{'d0': 0.024905832919416653};-280.569866449044;36.216184766896305
42974;-104.068748457625;(((pow2((_a0_ + x)) + sqrt(_a4_)) / (_a4_ * _a1_)) * x);{'d0': {'_a0_': 0.311929707807991, '_a1_': 1.6136812155523592, '_a4_': 0.18351938646205312, '_a2_': 1.0, '_a3_': 1.0, '_a5_': 1.0, '_a6_': 1.0, '_a7_': 1.0}};{'d0': 0.024905832919416653};-280.569866449044;36.216184766896305
42975;-104.068748457625;(((pow2((_a0_ + x)) + sqrt(_a4_)) / (_a4_ * _a1_)) * x);{'d0': {'_a0_': 0.311929707807991, '_a1_': 1.6136812155523592, '_a4_': 0.18351938646205312, '_a2_': 1.0, '_a3_': 1.0, '_a5_': 1.0, '_a6_': 1.0, '_a7_': 1.0}};{'d0': 0.024905832919416653};-280.569866449044;36.216184766896305
42976;-104.068748457625;(((pow2((_a0_ + x)) + sqrt(_a4_)) / (_a4_ * _a1_)) * x);{'d0': {'_a0_': 0.311929707807991, '_a1_': 1.6136812155523592, '_a4_': 0.18351938646205312, '_a2_': 1.0, '_a3_': 1.0, '_a5_': 1.0, '_a6_': 1.0, '_a7_': 1.0}};{'d0': 0.024905832919416653};-280.569866449044;36.216184766896305
42977;-104.068748457625;(((pow2((_a0_ + x)) + sqrt(_a4_)) / (_a4_ * _a1_)) * x);{'d0': {'_a0_': 0.311929707807991, '_a1_': 1.6136812155523592, '_a4_': 0.18351938646205312, '_a2_': 1.0, '_a3_': 1.0, '_a5_': 1.0, '_a6_': 1.0, '_a7_': 1.0}};{'d0': 0.024905832919416653};-280.569866449044;36.216184766896305
42978;-104.068748457625;(((pow2((_a0_ + x)) + sqrt(_a4_)) / (_a4_ * _a1_)) * x);{'d0': {'_a0_': 0.311929707807991, '_a1_': 1.6136812155523592, '_a4_': 0.18351938646205312, '_a2_': 1.0, '_a3_': 1.0, '_a5_': 1.0, '_a6_': 1.0, '_a7_': 1.0}};{'d0': 0.024905832919416653};-280.569866449044;36.216184766896305
42979;-104.068748457625;(((pow2((_a0_ + x)) + sqrt(_a4_)) / (_a4_ * _a1_)) * x);{'d0': {'_a0_': 0.311929707807991, '_a1_': 1.6136812155523592, '_a4_': 0.18351938646205312, '_a2_': 1.0, '_a3_': 1.0, '_a5_': 1.0, '_a6_': 1.0, '_a7_': 1.0}};{'d0': 0.024905832919416653};-280.569866449044;36.216184766896305
42980;-104.068748457625;(((pow2((_a0_ + x)) + sqrt(_a4_)) / (_a4_ * _a1_)) * x);{'d0': {'_a0_': 0.311929707807991, '_a1_': 1.6136812155523592, '_a4_': 0.18351938646205312, '_a2_': 1.0, '_a3_': 1.0, '_a5_': 1.0, '_a6_': 1.0, '_a7_': 1.0}};{'d0': 0.024905832919416653};-280.569866449044;36.216184766896305
42981;-104.068748457625;(((pow2((_a0_ + x)) + sqrt(_a4_)) / (_a4_ * _a1_)) * x);{'d0': {'_a0_': 0.311929707807991, '_a1_': 1.6136812155523592, '_a4_': 0.18351938646205312, '_a2_': 1.0, '_a3_': 1.0, '_a5_': 1.0, '_a6_': 1.0, '_a7_': 1.0}};{'d0': 0.024905832919416653};-280.569866449044;36.216184766896305
42982;-104.068748457625;(((pow2((_a0_ + x)) + sqrt(_a4_)) / (_a4_ * _a1_)) * x);{'d0': {'_a0_': 0.311929707807991, '_a1_': 1.6136812155523592, '_a4_': 0.18351938646205312, '_a2_': 1.0, '_a3_': 1.0, '_a5_': 1.0, '_a6_': 1.0, '_a7_': 1.0}};{'d0': 0.024905832919416653};-280.569866449044;36.216184766896305
42983;-104.068748457625;(((pow2((_a0_ + x)) + sqrt(_a4_)) / (_a4_ * _a1_)) * x);{'d0': {'_a0_': 0.311929707807991, '_a1_': 1.6136812155523592, '_a4_': 0.18351938646205312, '_a2_': 1.0, '_a3_': 1.0, '_a5_': 1.0, '_a6_': 1.0, '_a7_': 1.0}};{'d0': 0.024905832919416653};-280.569866449044;36.216184766896305
42984;-104.068748457625;(((pow2((_a0_ + x)) + sqrt(_a4_)) / (_a4_ * _a1_)) * x);{'d0': {'_a0_': 0.311929707807991, '_a1_': 1.6136812155523592, '_a4_': 0.18351938646205312, '_a2_': 1.0, '_a3_': 1.0, '_a5_': 1.0, '_a6_': 1.0, '_a7_': 1.0}};{'d0': 0.024905832919416653};-280.569866449044;36.216184766896305
42985;-104.068748457625;(((pow2((_a0_ + x)) + sqrt(_a4_)) / (_a4_ * _a1_)) * x);{'d0': {'_a0_': 0.311929707807991, '_a1_': 1.6136812155523592, '_a4_': 0.18351938646205312, '_a2_': 1.0, '_a3_': 1.0, '_a5_': 1.0, '_a6_': 1.0, '_a7_': 1.0}};{'d0': 0.024905832919416653};-280.569866449044;36.216184766896305
42986;-104.068748457625;(((pow2((_a0_ + x)) + sqrt(_a4_)) / (_a4_ * _a1_)) * x);{'d0': {'_a0_': 0.311929707807991, '_a1_': 1.6136812155523592, '_a4_': 0.18351938646205312, '_a2_': 1.0, '_a3_': 1.0, '_a5_': 1.0, '_a6_': 1.0, '_a7_': 1.0}};{'d0': 0.024905832919416653};-280.569866449044;36.216184766896305
42987;-104.068748457625;(((pow2((_a0_ + x)) + sqrt(_a4_)) / (_a4_ * _a1_)) * x);{'d0': {'_a0_': 0.311929707807991, '_a1_': 1.6136812155523592, '_a4_': 0.18351938646205312, '_a2_': 1.0, '_a3_': 1.0, '_a5_': 1.0, '_a6_': 1.0, '_a7_': 1.0}};{'d0': 0.024905832919416653};-280.569866449044;36.216184766896305
42988;-104.068748457625;(((pow2((_a0_ + x)) + sqrt(_a4_)) / (_a4_ * _a1_)) * x);{'d0': {'_a0_': 0.311929707807991, '_a1_': 1.6136812155523592, '_a4_': 0.18351938646205312, '_a2_': 1.0, '_a3_': 1.0, '_a5_': 1.0, '_a6_': 1.0, '_a7_': 1.0}};{'d0': 0.024905832919416653};-280.569866449044;36.216184766896305
42989;-104.068748457625;(((pow2((_a0_ + x)) + sqrt(_a4_)) / (_a4_ * _a1_)) * x);{'d0': {'_a0_': 0.311929707807991, '_a1_': 1.6136812155523592, '_a4_': 0.18351938646205312, '_a2_': 1.0, '_a3_': 1.0, '_a5_': 1.0, '_a6_': 1.0, '_a7_': 1.0}};{'d0': 0.024905832919416653};-280.569866449044;36.216184766896305
42990;-104.068748457625;(((pow2((_a0_ + x)) + sqrt(_a4_)) / (_a4_ * _a1_)) * x);{'d0': {'_a0_': 0.311929707807991, '_a1_': 1.6136812155523592, '_a4_': 0.18351938646205312, '_a2_': 1.0, '_a3_': 1.0, '_a5_': 1.0, '_a6_': 1.0, '_a7_': 1.0}};{'d0': 0.024905832919416653};-280.569866449044;36.216184766896305
42991;-104.068748457625;(((pow2((_a0_ + x)) + sqrt(_a4_)) / (_a4_ * _a1_)) * x);{'d0': {'_a0_': 0.311929707807991, '_a1_': 1.6136812155523592, '_a4_': 0.18351938646205312, '_a2_': 1.0, '_a3_': 1.0, '_a5_': 1.0, '_a6_': 1.0, '_a7_': 1.0}};{'d0': 0.024905832919416653};-280.569866449044;36.216184766896305
42992;-104.068748457625;(((pow2((_a0_ + x)) + sqrt(_a4_)) / (_a4_ * _a1_)) * x);{'d0': {'_a0_': 0.311929707807991, '_a1_': 1.6136812155523592, '_a4_': 0.18351938646205312, '_a2_': 1.0, '_a3_': 1.0, '_a5_': 1.0, '_a6_': 1.0, '_a7_': 1.0}};{'d0': 0.024905832919416653};-280.569866449044;36.216184766896305
42993;-104.068748457625;(((pow2((_a0_ + x)) + sqrt(_a4_)) / (_a4_ * _a1_)) * x);{'d0': {'_a0_': 0.311929707807991, '_a1_': 1.6136812155523592, '_a4_': 0.18351938646205312, '_a2_': 1.0, '_a3_': 1.0, '_a5_': 1.0, '_a6_': 1.0, '_a7_': 1.0}};{'d0': 0.024905832919416653};-280.569866449044;36.216184766896305
42994;-104.068748457625;(((pow2((_a0_ + x)) + sqrt(_a4_)) / (_a4_ * _a1_)) * x);{'d0': {'_a0_': 0.311929707807991, '_a1_': 1.6136812155523592, '_a4_': 0.18351938646205312, '_a2_': 1.0, '_a3_': 1.0, '_a5_': 1.0, '_a6_': 1.0, '_a7_': 1.0}};{'d0': 0.024905832919416653};-280.569866449044;36.216184766896305
42995;-104.068748457625;(((pow2((_a0_ + x)) + sqrt(_a4_)) / (_a4_ * _a1_)) * x);{'d0': {'_a0_': 0.311929707807991, '_a1_': 1.6136812155523592, '_a4_': 0.18351938646205312, '_a2_': 1.0, '_a3_': 1.0, '_a5_': 1.0, '_a6_': 1.0, '_a7_': 1.0}};{'d0': 0.024905832919416653};-280.569866449044;36.216184766896305
42996;-104.068748457625;(((pow2((_a0_ + x)) + sqrt(_a4_)) / (_a4_ * _a1_)) * x);{'d0': {'_a0_': 0.311929707807991, '_a1_': 1.6136812155523592, '_a4_': 0.18351938646205312, '_a2_': 1.0, '_a3_': 1.0, '_a5_': 1.0, '_a6_': 1.0, '_a7_': 1.0}};{'d0': 0.024905832919416653};-280.569866449044;36.216184766896305
42997;-104.068748457625;(((pow2((_a0_ + x)) + sqrt(_a4_)) / (_a4_ * _a1_)) * x);{'d0': {'_a0_': 0.311929707807991, '_a1_': 1.6136812155523592, '_a4_': 0.18351938646205312, '_a2_': 1.0, '_a3_': 1.0, '_a5_': 1.0, '_a6_': 1.0, '_a7_': 1.0}};{'d0': 0.024905832919416653};-280.569866449044;36.216184766896305
42998;-104.068748457625;(((pow2((_a0_ + x)) + sqrt(_a4_)) / (_a4_ * _a1_)) * x);{'d0': {'_a0_': 0.311929707807991, '_a1_': 1.6136812155523592, '_a4_': 0.18351938646205312, '_a2_': 1.0, '_a3_': 1.0, '_a5_': 1.0, '_a6_': 1.0, '_a7_': 1.0}};{'d0': 0.024905832919416653};-280.569866449044;36.216184766896305
42999;-104.068748457625;(((pow2((_a0_ + x)) + sqrt(_a4_)) / (_a4_ * _a1_)) * x);{'d0': {'_a0_': 0.311929707807991, '_a1_': 1.6136812155523592, '_a4_': 0.18351938646205312, '_a2_': 1.0, '_a3_': 1.0, '_a5_': 1.0, '_a6_': 1.0, '_a7_': 1.0}};{'d0': 0.024905832919416653};-280.569866449044;36.216184766896305
43000;-104.068748457625;(((pow2((_a0_ + x)) + sqrt(_a4_)) / (_a4_ * _a1_)) * x);{'d0': {'_a0_': 0.311929707807991, '_a1_': 1.6136812155523592, '_a4_': 0.18351938646205312, '_a2_': 1.0, '_a3_': 1.0, '_a5_': 1.0, '_a6_': 1.0, '_a7_': 1.0}};{'d0': 0.024905832919416653};-280.569866449044;36.216184766896305
43001;-104.068748457625;(((pow2((_a0_ + x)) + sqrt(_a4_)) / (_a4_ * _a1_)) * x);{'d0': {'_a0_': 0.311929707807991, '_a1_': 1.6136812155523592, '_a4_': 0.18351938646205312, '_a2_': 1.0, '_a3_': 1.0, '_a5_': 1.0, '_a6_': 1.0, '_a7_': 1.0}};{'d0': 0.024905832919416653};-280.569866449044;36.216184766896305
43002;-104.068748457625;(((pow2((_a0_ + x)) + sqrt(_a4_)) / (_a4_ * _a1_)) * x);{'d0': {'_a0_': 0.311929707807991, '_a1_': 1.6136812155523592, '_a4_': 0.18351938646205312, '_a2_': 1.0, '_a3_': 1.0, '_a5_': 1.0, '_a6_': 1.0, '_a7_': 1.0}};{'d0': 0.024905832919416653};-280.569866449044;36.216184766896305
43003;-104.068748457625;(((pow2((_a0_ + x)) + sqrt(_a4_)) / (_a4_ * _a1_)) * x);{'d0': {'_a0_': 0.311929707807991, '_a1_': 1.6136812155523592, '_a4_': 0.18351938646205312, '_a2_': 1.0, '_a3_': 1.0, '_a5_': 1.0, '_a6_': 1.0, '_a7_': 1.0}};{'d0': 0.024905832919416653};-280.569866449044;36.216184766896305
43004;-104.068748457625;(((pow2((_a0_ + x)) + sqrt(_a4_)) / (_a4_ * _a1_)) * x);{'d0': {'_a0_': 0.311929707807991, '_a1_': 1.6136812155523592, '_a4_': 0.18351938646205312, '_a2_': 1.0, '_a3_': 1.0, '_a5_': 1.0, '_a6_': 1.0, '_a7_': 1.0}};{'d0': 0.024905832919416653};-280.569866449044;36.216184766896305
43005;-104.068748457625;(((pow2((_a0_ + x)) + sqrt(_a4_)) / (_a4_ * _a1_)) * x);{'d0': {'_a0_': 0.311929707807991, '_a1_': 1.6136812155523592, '_a4_': 0.18351938646205312, '_a2_': 1.0, '_a3_': 1.0, '_a5_': 1.0, '_a6_': 1.0, '_a7_': 1.0}};{'d0': 0.024905832919416653};-280.569866449044;36.216184766896305
43006;-104.068748457625;(((pow2((_a0_ + x)) + sqrt(_a4_)) / (_a4_ * _a1_)) * x);{'d0': {'_a0_': 0.311929707807991, '_a1_': 1.6136812155523592, '_a4_': 0.18351938646205312, '_a2_': 1.0, '_a3_': 1.0, '_a5_': 1.0, '_a6_': 1.0, '_a7_': 1.0}};{'d0': 0.024905832919416653};-280.569866449044;36.216184766896305
43007;-104.068748457625;(((pow2((_a0_ + x)) + sqrt(_a4_)) / (_a4_ * _a1_)) * x);{'d0': {'_a0_': 0.311929707807991, '_a1_': 1.6136812155523592, '_a4_': 0.18351938646205312, '_a2_': 1.0, '_a3_': 1.0, '_a5_': 1.0, '_a6_': 1.0, '_a7_': 1.0}};{'d0': 0.024905832919416653};-280.569866449044;36.216184766896305
43008;-104.068748457625;(((pow2((_a0_ + x)) + sqrt(_a4_)) / (_a4_ * _a1_)) * x);{'d0': {'_a0_': 0.311929707807991, '_a1_': 1.6136812155523592, '_a4_': 0.18351938646205312, '_a2_': 1.0, '_a3_': 1.0, '_a5_': 1.0, '_a6_': 1.0, '_a7_': 1.0}};{'d0': 0.024905832919416653};-280.569866449044;36.216184766896305
43009;-97.0446829372753;(((pow2((_a0_ + x)) + sqrt(_a4_)) / (_a4_ * abs(_a2_))) * x);{'d0': {'_a0_': 0.3119297077561074, '_a2_': 1.6136812156130267, '_a4_': 0.18351938646094434, '_a1_': 1.0, '_a3_': 1.0, '_a5_': 1.0, '_a6_': 1.0, '_a7_': 1.0}};{'d0': 0.024905832919416657};-280.569866449044;43.240250287246305
43010;-97.0446829372753;(((pow2((_a0_ + x)) + sqrt(_a4_)) / (_a4_ * abs(_a2_))) * x);{'d0': {'_a0_': 0.3119297077561074, '_a2_': 1.6136812156130267, '_a4_': 0.18351938646094434, '_a1_': 1.0, '_a3_': 1.0, '_a5_': 1.0, '_a6_': 1.0, '_a7_': 1.0}};{'d0': 0.024905832919416657};-280.569866449044;43.240250287246305
43011;-97.0446829372753;(((pow2((_a0_ + x)) + sqrt(_a4_)) / (_a4_ * abs(_a2_))) * x);{'d0': {'_a0_': 0.3119297077561074, '_a2_': 1.6136812156130267, '_a4_': 0.18351938646094434, '_a1_': 1.0, '_a3_': 1.0, '_a5_': 1.0, '_a6_': 1.0, '_a7_': 1.0}};{'d0': 0.024905832919416657};-280.569866449044;43.240250287246305
43012;-97.0446829372753;(((pow2((_a0_ + x)) + sqrt(_a4_)) / (_a4_ * abs(_a2_))) * x);{'d0': {'_a0_': 0.3119297077561074, '_a2_': 1.6136812156130267, '_a4_': 0.18351938646094434, '_a1_': 1.0, '_a3_': 1.0, '_a5_': 1.0, '_a6_': 1.0, '_a7_': 1.0}};{'d0': 0.024905832919416657};-280.569866449044;43.240250287246305
43013;-100.360883458177;((x * _a0_) + (((x * pow2((_a4_ + (_a2_ * x)))) * _a2_) * _a0_));{'d0': {'_a0_': 1.4465760889160377, '_a2_': 1.326537938669617, '_a4_': 0.4137865916032153, '_a1_': 1.0, '_a3_': 1.0, '_a5_': 1.0, '_a6_': 1.0, '_a7_': 1.0}};{'d0': 0.02490583291941664};-280.569866449044;39.924049766344915
43014;-100.360883458177;((x * _a0_) + (((x * pow2((_a4_ + (_a2_ * x)))) * _a2_) * _a0_));{'d0': {'_a0_': 1.4465760889160377, '_a2_': 1.326537938669617, '_a4_': 0.4137865916032153, '_a1_': 1.0, '_a3_': 1.0, '_a5_': 1.0, '_a6_': 1.0, '_a7_': 1.0}};{'d0': 0.02490583291941664};-280.569866449044;39.924049766344915
43015;-100.360883458177;((x * _a0_) + (((x * pow2((_a4_ + (_a2_ * x)))) * _a2_) * _a0_));{'d0': {'_a0_': 1.4465760889160377, '_a2_': 1.326537938669617, '_a4_': 0.4137865916032153, '_a1_': 1.0, '_a3_': 1.0, '_a5_': 1.0, '_a6_': 1.0, '_a7_': 1.0}};{'d0': 0.02490583291941664};-280.569866449044;39.924049766344915
43016;-100.360883458177;((x * _a0_) + (((x * pow2((_a4_ + (_a2_ * x)))) * _a2_) * _a0_));{'d0': {'_a0_': 1.4465760889160377, '_a2_': 1.326537938669617, '_a4_': 0.4137865916032153, '_a1_': 1.0, '_a3_': 1.0, '_a5_': 1.0, '_a6_': 1.0, '_a7_': 1.0}};{'d0': 0.02490583291941664};-280.569866449044;39.924049766344915
43017;-100.360883458177;((x * _a0_) + (((x * pow2((_a4_ + (_a2_ * x)))) * _a2_) * _a0_));{'d0': {'_a0_': 1.4465760889160377, '_a2_': 1.326537938669617, '_a4_': 0.4137865916032153, '_a1_': 1.0, '_a3_': 1.0, '_a5_': 1.0, '_a6_': 1.0, '_a7_': 1.0}};{'d0': 0.02490583291941664};-280.569866449044;39.924049766344915
43018;-100.360883458177;((x * _a0_) + (((x * pow2((_a4_ + (_a2_ * x)))) * _a2_) * _a0_));{'d0': {'_a0_': 1.4465760889160377, '_a2_': 1.326537938669617, '_a4_': 0.4137865916032153, '_a1_': 1.0, '_a3_': 1.0, '_a5_': 1.0, '_a6_': 1.0, '_a7_': 1.0}};{'d0': 0.02490583291941664};-280.569866449044;39.924049766344915
43019;-100.360883458177;((x * _a0_) + (((x * pow2((_a4_ + (_a2_ * x)))) * _a2_) * _a0_));{'d0': {'_a0_': 1.4465760889160377, '_a2_': 1.326537938669617, '_a4_': 0.4137865916032153, '_a1_': 1.0, '_a3_': 1.0, '_a5_': 1.0, '_a6_': 1.0, '_a7_': 1.0}};{'d0': 0.02490583291941664};-280.569866449044;39.924049766344915
43020;-100.360883458177;((x * _a0_) + (((x * pow2((_a4_ + (_a2_ * x)))) * _a2_) * _a0_));{'d0': {'_a0_': 1.4465760889160377, '_a2_': 1.326537938669617, '_a4_': 0.4137865916032153, '_a1_': 1.0, '_a3_': 1.0, '_a5_': 1.0, '_a6_': 1.0, '_a7_': 1.0}};{'d0': 0.02490583291941664};-280.569866449044;39.924049766344915
43021;-100.360883458177;((x * _a0_) + (((x * pow2((_a4_ + (_a2_ * x)))) * _a2_) * _a0_));{'d0': {'_a0_': 1.4465760889160377, '_a2_': 1.326537938669617, '_a4_': 0.4137865916032153, '_a1_': 1.0, '_a3_': 1.0, '_a5_': 1.0, '_a6_': 1.0, '_a7_': 1.0}};{'d0': 0.02490583291941664};-280.569866449044;39.924049766344915
43022;-100.360883458177;((x * _a0_) + (((x * pow2((_a4_ + (_a2_ * x)))) * _a2_) * _a0_));{'d0': {'_a0_': 1.4465760889160377, '_a2_': 1.326537938669617, '_a4_': 0.4137865916032153, '_a1_': 1.0, '_a3_': 1.0, '_a5_': 1.0, '_a6_': 1.0, '_a7_': 1.0}};{'d0': 0.02490583291941664};-280.569866449044;39.924049766344915
43023;-100.360883458177;((x * _a0_) + (((x * pow2((_a4_ + (_a2_ * x)))) * _a2_) * _a0_));{'d0': {'_a0_': 1.4465760889160377, '_a2_': 1.326537938669617, '_a4_': 0.4137865916032153, '_a1_': 1.0, '_a3_': 1.0, '_a5_': 1.0, '_a6_': 1.0, '_a7_': 1.0}};{'d0': 0.02490583291941664};-280.569866449044;39.924049766344915
43024;-100.360883458177;((x * _a0_) + (((x * pow2((_a4_ + (_a2_ * x)))) * _a2_) * _a0_));{'d0': {'_a0_': 1.4465760889160377, '_a2_': 1.326537938669617, '_a4_': 0.4137865916032153, '_a1_': 1.0, '_a3_': 1.0, '_a5_': 1.0, '_a6_': 1.0, '_a7_': 1.0}};{'d0': 0.02490583291941664};-280.569866449044;39.924049766344915
43025;-100.360883458177;((x * _a0_) + (((x * pow2((_a4_ + (_a2_ * x)))) * _a2_) * _a0_));{'d0': {'_a0_': 1.4465760889160377, '_a2_': 1.326537938669617, '_a4_': 0.4137865916032153, '_a1_': 1.0, '_a3_': 1.0, '_a5_': 1.0, '_a6_': 1.0, '_a7_': 1.0}};{'d0': 0.02490583291941664};-280.569866449044;39.924049766344915
43026;-100.360883458177;((x * _a0_) + (((x * pow2((_a4_ + (_a2_ * x)))) * _a2_) * _a0_));{'d0': {'_a0_': 1.4465760889160377, '_a2_': 1.326537938669617, '_a4_': 0.4137865916032153, '_a1_': 1.0, '_a3_': 1.0, '_a5_': 1.0, '_a6_': 1.0, '_a7_': 1.0}};{'d0': 0.02490583291941664};-280.569866449044;39.924049766344915
43027;-100.360883458177;((x * _a0_) + (((x * pow2((_a4_ + (_a2_ * x)))) * _a2_) * _a0_));{'d0': {'_a0_': 1.4465760889160377, '_a2_': 1.326537938669617, '_a4_': 0.4137865916032153, '_a1_': 1.0, '_a3_': 1.0, '_a5_': 1.0, '_a6_': 1.0, '_a7_': 1.0}};{'d0': 0.02490583291941664};-280.569866449044;39.924049766344915
43028;-100.360883458177;((x * _a0_) + (((x * pow2((_a4_ + (_a2_ * x)))) * _a2_) * _a0_));{'d0': {'_a0_': 1.4465760889160377, '_a2_': 1.326537938669617, '_a4_': 0.4137865916032153, '_a1_': 1.0, '_a3_': 1.0, '_a5_': 1.0, '_a6_': 1.0, '_a7_': 1.0}};{'d0': 0.02490583291941664};-280.569866449044;39.924049766344915
43029;-100.360883458177;((x * _a0_) + (((x * pow2((_a4_ + (_a2_ * x)))) * _a2_) * _a0_));{'d0': {'_a0_': 1.4465760889160377, '_a2_': 1.326537938669617, '_a4_': 0.4137865916032153, '_a1_': 1.0, '_a3_': 1.0, '_a5_': 1.0, '_a6_': 1.0, '_a7_': 1.0}};{'d0': 0.02490583291941664};-280.569866449044;39.924049766344915
43030;-100.360883458177;((x * _a0_) + (((x * pow2((_a4_ + (_a2_ * x)))) * _a2_) * _a0_));{'d0': {'_a0_': 1.4465760889160377, '_a2_': 1.326537938669617, '_a4_': 0.4137865916032153, '_a1_': 1.0, '_a3_': 1.0, '_a5_': 1.0, '_a6_': 1.0, '_a7_': 1.0}};{'d0': 0.02490583291941664};-280.569866449044;39.924049766344915
43031;-100.360883458177;((x * _a2_) + (((x * pow2((_a4_ + (_a2_ * x)))) * _a2_) * _a0_));{'d0': {'_a0_': 1.1155176882633706, '_a2_': 1.4465760889853554, '_a4_': 0.4512300566959072, '_a1_': 1.0, '_a3_': 1.0, '_a5_': 1.0, '_a6_': 1.0, '_a7_': 1.0}};{'d0': 0.024905832919416688};-280.569866449043;39.924049766344915
43032;-100.360883458177;((x * _a2_) + (((x * pow2((_a4_ + (_a2_ * x)))) * _a2_) * _a0_));{'d0': {'_a0_': 1.1155176882633706, '_a2_': 1.4465760889853554, '_a4_': 0.4512300566959072, '_a1_': 1.0, '_a3_': 1.0, '_a5_': 1.0, '_a6_': 1.0, '_a7_': 1.0}};{'d0': 0.024905832919416688};-280.569866449043;39.924049766344915
43033;-100.360883458177;((x * _a2_) + (((x * pow2((_a4_ + (_a2_ * x)))) * _a2_) * _a0_));{'d0': {'_a0_': 1.1155176882633706, '_a2_': 1.4465760889853554, '_a4_': 0.4512300566959072, '_a1_': 1.0, '_a3_': 1.0, '_a5_': 1.0, '_a6_': 1.0, '_a7_': 1.0}};{'d0': 0.024905832919416688};-280.569866449043;39.924049766344915
43034;-100.360883458177;((x * _a2_) + (((x * pow2((_a4_ + (_a2_ * x)))) * _a2_) * _a0_));{'d0': {'_a0_': 1.1155176882633706, '_a2_': 1.4465760889853554, '_a4_': 0.4512300566959072, '_a1_': 1.0, '_a3_': 1.0, '_a5_': 1.0, '_a6_': 1.0, '_a7_': 1.0}};{'d0': 0.024905832919416688};-280.569866449043;39.924049766344915
43035;-100.360883458177;((x * _a2_) + (((x * pow2((_a4_ + (_a2_ * x)))) * _a2_) * _a0_));{'d0': {'_a0_': 1.1155176882633706, '_a2_': 1.4465760889853554, '_a4_': 0.4512300566959072, '_a1_': 1.0, '_a3_': 1.0, '_a5_': 1.0, '_a6_': 1.0, '_a7_': 1.0}};{'d0': 0.024905832919416688};-280.569866449043;39.924049766344915
43036;-100.360883458177;((x * _a2_) + (((x * pow2((_a4_ + (_a2_ * x)))) * _a2_) * _a0_));{'d0': {'_a0_': 1.1155176882633706, '_a2_': 1.4465760889853554, '_a4_': 0.4512300566959072, '_a1_': 1.0, '_a3_': 1.0, '_a5_': 1.0, '_a6_': 1.0, '_a7_': 1.0}};{'d0': 0.024905832919416688};-280.569866449043;39.924049766344915
43037;-100.360883458177;((x * _a2_) + (((x * pow2((_a4_ + (_a2_ * x)))) * _a2_) * _a0_));{'d0': {'_a0_': 1.1155176882633706, '_a2_': 1.4465760889853554, '_a4_': 0.4512300566959072, '_a1_': 1.0, '_a3_': 1.0, '_a5_': 1.0, '_a6_': 1.0, '_a7_': 1.0}};{'d0': 0.024905832919416688};-280.569866449043;39.924049766344915
43038;-100.360883458177;((x * _a2_) + (((x * pow2((_a4_ + (_a2_ * x)))) * _a2_) * _a0_));{'d0': {'_a0_': 1.1155176882633706, '_a2_': 1.4465760889853554, '_a4_': 0.4512300566959072, '_a1_': 1.0, '_a3_': 1.0, '_a5_': 1.0, '_a6_': 1.0, '_a7_': 1.0}};{'d0': 0.024905832919416688};-280.569866449043;39.924049766344915
43039;-100.360883458177;((x * _a2_) + (((x * pow2((_a4_ + (_a2_ * x)))) * _a0_) * _a0_));{'d0': {'_a0_': 1.2703075281235736, '_a2_': 1.4465760891897836, '_a4_': 0.4512300567076609, '_a1_': 1.0, '_a3_': 1.0, '_a5_': 1.0, '_a6_': 1.0, '_a7_': 1.0}};{'d0': 0.024905832919416608};-280.569866449044;39.924049766344915
43040;-100.360883458177;((x * _a2_) + (((x * pow2((_a4_ + (_a2_ * x)))) * _a0_) * _a0_));{'d0': {'_a0_': 1.2703075281235736, '_a2_': 1.4465760891897836, '_a4_': 0.4512300567076609, '_a1_': 1.0, '_a3_': 1.0, '_a5_': 1.0, '_a6_': 1.0, '_a7_': 1.0}};{'d0': 0.024905832919416608};-280.569866449044;39.924049766344915
43041;-100.360883458177;((x * _a2_) + (((x * pow2((_a4_ + (_a2_ * x)))) * _a0_) * _a0_));{'d0': {'_a0_': 1.2703075281235736, '_a2_': 1.4465760891897836, '_a4_': 0.4512300567076609, '_a1_': 1.0, '_a3_': 1.0, '_a5_': 1.0, '_a6_': 1.0, '_a7_': 1.0}};{'d0': 0.024905832919416608};-280.569866449044;39.924049766344915
43042;-100.360883458177;((x * _a2_) + (((x * pow2((_a4_ + (_a2_ * x)))) * _a0_) * _a0_));{'d0': {'_a0_': 1.2703075281235736, '_a2_': 1.4465760891897836, '_a4_': 0.4512300567076609, '_a1_': 1.0, '_a3_': 1.0, '_a5_': 1.0, '_a6_': 1.0, '_a7_': 1.0}};{'d0': 0.024905832919416608};-280.569866449044;39.924049766344915
43043;-100.360883458177;((x * _a2_) + (((x * pow2((_a4_ + (_a2_ * x)))) * _a0_) * _a0_));{'d0': {'_a0_': 1.2703075281235736, '_a2_': 1.4465760891897836, '_a4_': 0.4512300567076609, '_a1_': 1.0, '_a3_': 1.0, '_a5_': 1.0, '_a6_': 1.0, '_a7_': 1.0}};{'d0': 0.024905832919416608};-280.569866449044;39.924049766344915
43044;-100.360883458177;((x * _a2_) + (((x * pow2((_a4_ + (_a2_ * x)))) * _a0_) * _a0_));{'d0': {'_a0_': 1.2703075281235736, '_a2_': 1.4465760891897836, '_a4_': 0.4512300567076609, '_a1_': 1.0, '_a3_': 1.0, '_a5_': 1.0, '_a6_': 1.0, '_a7_': 1.0}};{'d0': 0.024905832919416608};-280.569866449044;39.924049766344915
43045;-100.360883458177;((x * _a2_) + (((x * pow2((_a4_ + (_a2_ * x)))) * _a0_) * _a0_));{'d0': {'_a0_': 1.2703075281235736, '_a2_': 1.4465760891897836, '_a4_': 0.4512300567076609, '_a1_': 1.0, '_a3_': 1.0, '_a5_': 1.0, '_a6_': 1.0, '_a7_': 1.0}};{'d0': 0.024905832919416608};-280.569866449044;39.924049766344915
43046;-100.360883458177;((x * _a2_) + (((x * pow2((_a4_ + (_a2_ * x)))) * _a0_) * _a0_));{'d0': {'_a0_': 1.2703075281235736, '_a2_': 1.4465760891897836, '_a4_': 0.4512300567076609, '_a1_': 1.0, '_a3_': 1.0, '_a5_': 1.0, '_a6_': 1.0, '_a7_': 1.0}};{'d0': 0.024905832919416608};-280.569866449044;39.924049766344915
43047;-100.360883458177;((x * _a2_) + (((x * pow2((_a4_ + (_a2_ * x)))) * _a0_) * _a0_));{'d0': {'_a0_': 1.2703075281235736, '_a2_': 1.4465760891897836, '_a4_': 0.4512300567076609, '_a1_': 1.0, '_a3_': 1.0, '_a5_': 1.0, '_a6_': 1.0, '_a7_': 1.0}};{'d0': 0.024905832919416608};-280.569866449044;39.924049766344915
43048;-92.1015802224041;(((_a6_ * _a7_) * -(((-(pow2((_a7_ + (x * _a6_)))) + _a2_) + _a2_))) * x);{'d0': {'_a2_': -0.7047462339369432, '_a6_': 1.8138897734483155, '_a7_': 0.5658061069630108, '_a0_': 1.0, '_a1_': 1.0, '_a3_': 1.0, '_a4_': 1.0, '_a5_': 1.0}};{'d0': 0.024905832919416632};-280.569866449044;48.18335300211761
43049;-92.1015802224041;(((_a6_ * _a7_) * -(((-(pow2((_a7_ + (x * _a6_)))) + _a2_) + _a2_))) * x);{'d0': {'_a2_': -0.7047462339369432, '_a6_': 1.8138897734483155, '_a7_': 0.5658061069630108, '_a0_': 1.0, '_a1_': 1.0, '_a3_': 1.0, '_a4_': 1.0, '_a5_': 1.0}};{'d0': 0.024905832919416632};-280.569866449044;48.18335300211761
43050;-92.1015802224040;(((_a7_ * _a7_) * -(((-(pow2((_a7_ + (x * _a6_)))) + _a2_) + _a2_))) * x);{'d0': {'_a2_': -1.2618403029336982, '_a6_': 2.4271505074465987, '_a7_': 0.7571003484027451, '_a0_': 1.0, '_a1_': 1.0, '_a3_': 1.0, '_a4_': 1.0, '_a5_': 1.0}};{'d0': 0.024905832919416726};-280.569866449043;48.18335300211761
43051;-92.1015802224040;(((_a7_ * _a7_) * -(((-(pow2((_a7_ + (x * _a6_)))) + _a2_) + _a2_))) * x);{'d0': {'_a2_': -1.2618403029336982, '_a6_': 2.4271505074465987, '_a7_': 0.7571003484027451, '_a0_': 1.0, '_a1_': 1.0, '_a3_': 1.0, '_a4_': 1.0, '_a5_': 1.0}};{'d0': 0.024905832919416726};-280.569866449043;48.18335300211761
43052;-92.1015802224040;(((_a7_ * _a7_) * -(((-(pow2((_a7_ + (x * _a6_)))) + _a2_) + _a2_))) * x);{'d0': {'_a2_': -1.2618403029336982, '_a6_': 2.4271505074465987, '_a7_': 0.7571003484027451, '_a0_': 1.0, '_a1_': 1.0, '_a3_': 1.0, '_a4_': 1.0, '_a5_': 1.0}};{'d0': 0.024905832919416726};-280.569866449043;48.18335300211761
43053;-92.1015802224040;(((_a7_ * _a7_) * -(((-(pow2((_a7_ + (x * _a6_)))) + _a2_) + _a2_))) * x);{'d0': {'_a2_': -1.2618403029336982, '_a6_': 2.4271505074465987, '_a7_': 0.7571003484027451, '_a0_': 1.0, '_a1_': 1.0, '_a3_': 1.0, '_a4_': 1.0, '_a5_': 1.0}};{'d0': 0.024905832919416726};-280.569866449043;48.18335300211761
43054;-92.1015802224040;(((_a7_ * _a7_) * -(((-(pow2((_a7_ + (x * _a6_)))) + _a2_) + _a2_))) * x);{'d0': {'_a2_': -1.2618403029336982, '_a6_': 2.4271505074465987, '_a7_': 0.7571003484027451, '_a0_': 1.0, '_a1_': 1.0, '_a3_': 1.0, '_a4_': 1.0, '_a5_': 1.0}};{'d0': 0.024905832919416726};-280.569866449043;48.18335300211761
43055;-92.1015802224040;(((_a7_ * _a7_) * -(((-(pow2((_a7_ + (x * _a6_)))) + _a2_) + _a2_))) * x);{'d0': {'_a2_': -1.2618403029336982, '_a6_': 2.4271505074465987, '_a7_': 0.7571003484027451, '_a0_': 1.0, '_a1_': 1.0, '_a3_': 1.0, '_a4_': 1.0, '_a5_': 1.0}};{'d0': 0.024905832919416726};-280.569866449043;48.18335300211761
43056;-92.1015802224040;(((_a7_ * _a7_) * -(((-(pow2((_a7_ + (x * _a6_)))) + _a2_) + _a2_))) * x);{'d0': {'_a2_': -1.2618403029336982, '_a6_': 2.4271505074465987, '_a7_': 0.7571003484027451, '_a0_': 1.0, '_a1_': 1.0, '_a3_': 1.0, '_a4_': 1.0, '_a5_': 1.0}};{'d0': 0.024905832919416726};-280.569866449043;48.18335300211761
43057;-92.1015802224040;(((_a7_ * _a7_) * -(((-(pow2((_a7_ + (x * _a6_)))) + _a2_) + _a2_))) * x);{'d0': {'_a2_': -1.2618403029336982, '_a6_': 2.4271505074465987, '_a7_': 0.7571003484027451, '_a0_': 1.0, '_a1_': 1.0, '_a3_': 1.0, '_a4_': 1.0, '_a5_': 1.0}};{'d0': 0.024905832919416726};-280.569866449043;48.18335300211761
43058;-92.1015802224040;(((_a7_ * _a7_) * -(((-(pow2((_a7_ + (x * _a6_)))) + _a2_) + _a2_))) * x);{'d0': {'_a2_': -1.2618403029336982, '_a6_': 2.4271505074465987, '_a7_': 0.7571003484027451, '_a0_': 1.0, '_a1_': 1.0, '_a3_': 1.0, '_a4_': 1.0, '_a5_': 1.0}};{'d0': 0.024905832919416726};-280.569866449043;48.18335300211761
43059;-92.1015802224040;(((_a7_ * _a7_) * -(((-(pow2((_a7_ + (x * _a6_)))) + _a2_) + _a2_))) * x);{'d0': {'_a2_': -1.2618403029336982, '_a6_': 2.4271505074465987, '_a7_': 0.7571003484027451, '_a0_': 1.0, '_a1_': 1.0, '_a3_': 1.0, '_a4_': 1.0, '_a5_': 1.0}};{'d0': 0.024905832919416726};-280.569866449043;48.18335300211761
43060;-92.1015802224040;(((_a7_ * _a7_) * -(((-(pow2((_a7_ + (x * _a6_)))) + _a2_) + _a2_))) * x);{'d0': {'_a2_': -1.2618403029336982, '_a6_': 2.4271505074465987, '_a7_': 0.7571003484027451, '_a0_': 1.0, '_a1_': 1.0, '_a3_': 1.0, '_a4_': 1.0, '_a5_': 1.0}};{'d0': 0.024905832919416726};-280.569866449043;48.18335300211761
43061;-92.1015802224040;(((_a7_ * _a7_) * -(((-(pow2((_a7_ + (x * _a6_)))) + _a2_) + _a2_))) * x);{'d0': {'_a2_': -1.2618403029336982, '_a6_': 2.4271505074465987, '_a7_': 0.7571003484027451, '_a0_': 1.0, '_a1_': 1.0, '_a3_': 1.0, '_a4_': 1.0, '_a5_': 1.0}};{'d0': 0.024905832919416726};-280.569866449043;48.18335300211761
43062;-92.1015802224041;(((_a7_ * _a7_) * -(((-(pow2((_a7_ + (x * _a6_)))) + _a2_) + x))) * x);{'d0': {'_a2_': -1.4667707345485526, '_a6_': 2.0707810970635574, '_a7_': 0.8873929252003722, '_a0_': 1.0, '_a1_': 1.0, '_a3_': 1.0, '_a4_': 1.0, '_a5_': 1.0}};{'d0': 0.02490583291941663};-280.569866449044;48.18335300211761
43063;-92.1015802224041;(((_a7_ * _a7_) * -(((-(pow2((_a7_ + (x * _a6_)))) + _a2_) + x))) * x);{'d0': {'_a2_': -1.4667707345485526, '_a6_': 2.0707810970635574, '_a7_': 0.8873929252003722, '_a0_': 1.0, '_a1_': 1.0, '_a3_': 1.0, '_a4_': 1.0, '_a5_': 1.0}};{'d0': 0.02490583291941663};-280.569866449044;48.18335300211761
43064;-92.1015802224041;(((_a7_ * _a7_) * -(((-(pow2((_a7_ + (x * _a6_)))) + _a2_) + x))) * x);{'d0': {'_a2_': -1.4667707345485526, '_a6_': 2.0707810970635574, '_a7_': 0.8873929252003722, '_a0_': 1.0, '_a1_': 1.0, '_a3_': 1.0, '_a4_': 1.0, '_a5_': 1.0}};{'d0': 0.02490583291941663};-280.569866449044;48.18335300211761
43065;-92.1015802224041;(((_a7_ * _a7_) * -(((-(pow2((_a7_ + (x * _a6_)))) + _a2_) + x))) * x);{'d0': {'_a2_': -1.4667707345485526, '_a6_': 2.0707810970635574, '_a7_': 0.8873929252003722, '_a0_': 1.0, '_a1_': 1.0, '_a3_': 1.0, '_a4_': 1.0, '_a5_': 1.0}};{'d0': 0.02490583291941663};-280.569866449044;48.18335300211761
43066;-92.1015802224041;(((_a7_ * _a7_) * -(((-(pow2((_a7_ + (x * _a6_)))) + _a2_) + x))) * x);{'d0': {'_a2_': -1.4667707345485526, '_a6_': 2.0707810970635574, '_a7_': 0.8873929252003722, '_a0_': 1.0, '_a1_': 1.0, '_a3_': 1.0, '_a4_': 1.0, '_a5_': 1.0}};{'d0': 0.02490583291941663};-280.569866449044;48.18335300211761
43067;-92.1015802224041;(((_a7_ * _a7_) * -(((-(pow2((_a7_ + (x * _a6_)))) + _a2_) + x))) * x);{'d0': {'_a2_': -1.4667707345485526, '_a6_': 2.0707810970635574, '_a7_': 0.8873929252003722, '_a0_': 1.0, '_a1_': 1.0, '_a3_': 1.0, '_a4_': 1.0, '_a5_': 1.0}};{'d0': 0.02490583291941663};-280.569866449044;48.18335300211761
43068;-92.1015802224041;(((_a7_ * _a7_) * -(((-(pow2((_a7_ + (x * _a6_)))) + _a2_) + x))) * x);{'d0': {'_a2_': -1.4667707345485526, '_a6_': 2.0707810970635574, '_a7_': 0.8873929252003722, '_a0_': 1.0, '_a1_': 1.0, '_a3_': 1.0, '_a4_': 1.0, '_a5_': 1.0}};{'d0': 0.02490583291941663};-280.569866449044;48.18335300211761
43069;-92.1015802224041;(((_a7_ * _a7_) * -(((-(pow2((_a7_ + (x * _a6_)))) + _a2_) + x))) * x);{'d0': {'_a2_': -1.4667707345485526, '_a6_': 2.0707810970635574, '_a7_': 0.8873929252003722, '_a0_': 1.0, '_a1_': 1.0, '_a3_': 1.0, '_a4_': 1.0, '_a5_': 1.0}};{'d0': 0.02490583291941663};-280.569866449044;48.18335300211761
43070;-92.1015802224041;(((_a7_ * _a7_) * -(((-(pow2((_a7_ + (x * _a6_)))) + _a2_) + x))) * x);{'d0': {'_a2_': -1.4667707345485526, '_a6_': 2.0707810970635574, '_a7_': 0.8873929252003722, '_a0_': 1.0, '_a1_': 1.0, '_a3_': 1.0, '_a4_': 1.0, '_a5_': 1.0}};{'d0': 0.02490583291941663};-280.569866449044;48.18335300211761
43071;-92.1015802224041;(((_a7_ * _a7_) * -(((-(pow2((_a7_ + (x * _a6_)))) + _a2_) + x))) * x);{'d0': {'_a2_': -1.4667707345485526, '_a6_': 2.0707810970635574, '_a7_': 0.8873929252003722, '_a0_': 1.0, '_a1_': 1.0, '_a3_': 1.0, '_a4_': 1.0, '_a5_': 1.0}};{'d0': 0.02490583291941663};-280.569866449044;48.18335300211761
43072;-92.1015802224041;(((_a7_ * _a7_) * -(((-(pow2((_a7_ + (x * _a6_)))) + _a2_) + x))) * x);{'d0': {'_a2_': -1.4667707345485526, '_a6_': 2.0707810970635574, '_a7_': 0.8873929252003722, '_a0_': 1.0, '_a1_': 1.0, '_a3_': 1.0, '_a4_': 1.0, '_a5_': 1.0}};{'d0': 0.02490583291941663};-280.569866449044;48.18335300211761
43073;-92.1015802224041;(((_a7_ * _a7_) * -(((-(pow2((_a7_ + (x * _a6_)))) + _a2_) + x))) * x);{'d0': {'_a2_': -1.4667707345485526, '_a6_': 2.0707810970635574, '_a7_': 0.8873929252003722, '_a0_': 1.0, '_a1_': 1.0, '_a3_': 1.0, '_a4_': 1.0, '_a5_': 1.0}};{'d0': 0.02490583291941663};-280.569866449044;48.18335300211761
43074;-92.1015802224041;(((_a7_ * _a7_) * -(((-(pow2((_a7_ + (x * _a6_)))) + _a2_) + x))) * x);{'d0': {'_a2_': -1.4667707345485526, '_a6_': 2.0707810970635574, '_a7_': 0.8873929252003722, '_a0_': 1.0, '_a1_': 1.0, '_a3_': 1.0, '_a4_': 1.0, '_a5_': 1.0}};{'d0': 0.02490583291941663};-280.569866449044;48.18335300211761
43075;-92.1015802224041;(((_a7_ * _a7_) * -(((-(pow2((_a7_ + (x * _a6_)))) + _a2_) + x))) * x);{'d0': {'_a2_': -1.4667707345485526, '_a6_': 2.0707810970635574, '_a7_': 0.8873929252003722, '_a0_': 1.0, '_a1_': 1.0, '_a3_': 1.0, '_a4_': 1.0, '_a5_': 1.0}};{'d0': 0.02490583291941663};-280.569866449044;48.18335300211761
43076;-92.1015802224041;(((_a7_ * _a7_) * -(((-(pow2((_a7_ + (x * _a6_)))) + _a2_) + x))) * x);{'d0': {'_a2_': -1.4667707345485526, '_a6_': 2.0707810970635574, '_a7_': 0.8873929252003722, '_a0_': 1.0, '_a1_': 1.0, '_a3_': 1.0, '_a4_': 1.0, '_a5_': 1.0}};{'d0': 0.02490583291941663};-280.569866449044;48.18335300211761
43077;-95.0037478665345;((_a0_ * -(((-(pow2((_a7_ + (x * _a6_)))) + _a2_) + x))) * x);{'d0': {'_a0_': 0.974188144943031, '_a2_': -1.1008499815315345, '_a6_': 1.8617815626447554, '_a7_': 0.8493049449329173, '_a1_': 1.0, '_a3_': 1.0, '_a4_': 1.0, '_a5_': 1.0}};{'d0': 0.024905832919595583};-276.475521886390;43.23401307666062
43078;-95.0037478665345;((_a0_ * -(((-(pow2((_a7_ + (x * _a6_)))) + _a2_) + x))) * x);{'d0': {'_a0_': 0.974188144943031, '_a2_': -1.1008499815315345, '_a6_': 1.8617815626447554, '_a7_': 0.8493049449329173, '_a1_': 1.0, '_a3_': 1.0, '_a4_': 1.0, '_a5_': 1.0}};{'d0': 0.024905832919595583};-276.475521886390;43.23401307666062
43079;-95.0037478665345;((_a0_ * -(((-(pow2((_a7_ + (x * _a6_)))) + _a2_) + x))) * x);{'d0': {'_a0_': 0.974188144943031, '_a2_': -1.1008499815315345, '_a6_': 1.8617815626447554, '_a7_': 0.8493049449329173, '_a1_': 1.0, '_a3_': 1.0, '_a4_': 1.0, '_a5_': 1.0}};{'d0': 0.024905832919595583};-276.475521886390;43.23401307666062
43080;-97.0509201478612;((_a7_ * -(((-(pow2((_a7_ + (x * _a6_)))) + _a2_) + x))) * x);{'d0': {'_a2_': -1.2891419313573462, '_a6_': 1.971678898992266, '_a7_': 0.8686162107607769, '_a0_': 1.0, '_a1_': 1.0, '_a3_': 1.0, '_a4_': 1.0, '_a5_': 1.0}};{'d0': 0.024905832919416584};-280.569866449044;43.23401307666062
43081;-97.0509201478612;((_a7_ * -(((-(pow2((_a7_ + (x * _a6_)))) + _a2_) + x))) * x);{'d0': {'_a2_': -1.2891419313573462, '_a6_': 1.971678898992266, '_a7_': 0.8686162107607769, '_a0_': 1.0, '_a1_': 1.0, '_a3_': 1.0, '_a4_': 1.0, '_a5_': 1.0}};{'d0': 0.024905832919416584};-280.569866449044;43.23401307666062
43082;-97.0509201478612;((_a7_ * -(((-(pow2((_a7_ + (x * _a6_)))) + _a2_) + x))) * x);{'d0': {'_a2_': -1.2891419313573462, '_a6_': 1.971678898992266, '_a7_': 0.8686162107607769, '_a0_': 1.0, '_a1_': 1.0, '_a3_': 1.0, '_a4_': 1.0, '_a5_': 1.0}};{'d0': 0.024905832919416584};-280.569866449044;43.23401307666062
43083;-98.0221812714341;((_a7_ * -(((-(pow2((_a7_ + (x * _a6_)))) * _a2_) + x))) * x);{'d0': {'_a2_': 0.08173789691846624, '_a6_': 3.8480179247804873, '_a7_': 2.7899901854384783, '_a0_': 1.0, '_a1_': 1.0, '_a3_': 1.0, '_a4_': 1.0, '_a5_': 1.0}};{'d0': 0.024905832919416636};-280.569866449044;42.262751953087616
43084;-98.0221812714341;((_a7_ * -(((-(pow2((_a7_ + (x * _a6_)))) * _a2_) + x))) * x);{'d0': {'_a2_': 0.08173789691846624, '_a6_': 3.8480179247804873, '_a7_': 2.7899901854384783, '_a0_': 1.0, '_a1_': 1.0, '_a3_': 1.0, '_a4_': 1.0, '_a5_': 1.0}};{'d0': 0.024905832919416636};-280.569866449044;42.262751953087616
43085;-98.0221812714341;((_a7_ * -(((-(pow2((_a7_ + (x * _a6_)))) * _a2_) + x))) * x);{'d0': {'_a2_': 0.08173789691846624, '_a6_': 3.8480179247804873, '_a7_': 2.7899901854384783, '_a0_': 1.0, '_a1_': 1.0, '_a3_': 1.0, '_a4_': 1.0, '_a5_': 1.0}};{'d0': 0.024905832919416636};-280.569866449044;42.262751953087616
43086;-98.0221812714341;((_a7_ * -(((-(pow2((_a7_ + (x * _a6_)))) * _a2_) + x))) * x);{'d0': {'_a2_': 0.08173789691846624, '_a6_': 3.8480179247804873, '_a7_': 2.7899901854384783, '_a0_': 1.0, '_a1_': 1.0, '_a3_': 1.0, '_a4_': 1.0, '_a5_': 1.0}};{'d0': 0.024905832919416636};-280.569866449044;42.262751953087616
43087;-98.0221812714341;((_a7_ * -(((-(pow2((_a7_ + (x * _a6_)))) * _a2_) + x))) * x);{'d0': {'_a2_': 0.08173789691846624, '_a6_': 3.8480179247804873, '_a7_': 2.7899901854384783, '_a0_': 1.0, '_a1_': 1.0, '_a3_': 1.0, '_a4_': 1.0, '_a5_': 1.0}};{'d0': 0.024905832919416636};-280.569866449044;42.262751953087616
43088;-98.0221812714341;((_a7_ * -(((-(pow2((_a7_ + (x * _a6_)))) * _a2_) + x))) * x);{'d0': {'_a2_': 0.08173789691846624, '_a6_': 3.8480179247804873, '_a7_': 2.7899901854384783, '_a0_': 1.0, '_a1_': 1.0, '_a3_': 1.0, '_a4_': 1.0, '_a5_': 1.0}};{'d0': 0.024905832919416636};-280.569866449044;42.262751953087616
43089;-98.0221812714341;((_a7_ * -(((-(pow2((_a7_ + (x * _a6_)))) * _a2_) + x))) * x);{'d0': {'_a2_': 0.08173789691846624, '_a6_': 3.8480179247804873, '_a7_': 2.7899901854384783, '_a0_': 1.0, '_a1_': 1.0, '_a3_': 1.0, '_a4_': 1.0, '_a5_': 1.0}};{'d0': 0.024905832919416636};-280.569866449044;42.262751953087616
43090;-98.0221812714341;((_a7_ * -(((-(pow2((_a7_ + (x * _a6_)))) * _a2_) + x))) * x);{'d0': {'_a2_': 0.08173789691846624, '_a6_': 3.8480179247804873, '_a7_': 2.7899901854384783, '_a0_': 1.0, '_a1_': 1.0, '_a3_': 1.0, '_a4_': 1.0, '_a5_': 1.0}};{'d0': 0.024905832919416636};-280.569866449044;42.262751953087616
43091;-98.0221812714341;((_a7_ * -(((-(pow2((_a7_ + (x * _a6_)))) * _a2_) + x))) * x);{'d0': {'_a2_': 0.08173789691846624, '_a6_': 3.8480179247804873, '_a7_': 2.7899901854384783, '_a0_': 1.0, '_a1_': 1.0, '_a3_': 1.0, '_a4_': 1.0, '_a5_': 1.0}};{'d0': 0.024905832919416636};-280.569866449044;42.262751953087616
43092;-98.0221812714341;((_a7_ * -(((-(pow2((_a7_ + (x * _a6_)))) * _a2_) + x))) * x);{'d0': {'_a2_': 0.08173789691846624, '_a6_': 3.8480179247804873, '_a7_': 2.7899901854384783, '_a0_': 1.0, '_a1_': 1.0, '_a3_': 1.0, '_a4_': 1.0, '_a5_': 1.0}};{'d0': 0.024905832919416636};-280.569866449044;42.262751953087616
43093;-98.0221812714341;((_a7_ * -(((-(pow2((_a7_ + (x * _a6_)))) * _a2_) + x))) * x);{'d0': {'_a2_': 0.08173789691846624, '_a6_': 3.8480179247804873, '_a7_': 2.7899901854384783, '_a0_': 1.0, '_a1_': 1.0, '_a3_': 1.0, '_a4_': 1.0, '_a5_': 1.0}};{'d0': 0.024905832919416636};-280.569866449044;42.262751953087616
43094;-98.0221812714341;((_a7_ * -(((-(pow2((_a7_ + (x * _a6_)))) * _a2_) + x))) * x);{'d0': {'_a2_': 0.08173789691846624, '_a6_': 3.8480179247804873, '_a7_': 2.7899901854384783, '_a0_': 1.0, '_a1_': 1.0, '_a3_': 1.0, '_a4_': 1.0, '_a5_': 1.0}};{'d0': 0.024905832919416636};-280.569866449044;42.262751953087616
43095;-98.0221812714341;((_a7_ * -(((-(pow2((_a2_ + (x * _a6_)))) * _a2_) + x))) * x);{'d0': {'_a2_': 0.8600880958196977, '_a6_': 1.1862530651898533, '_a7_': 2.7899901855234246, '_a0_': 1.0, '_a1_': 1.0, '_a3_': 1.0, '_a4_': 1.0, '_a5_': 1.0}};{'d0': 0.024905832919416653};-280.569866449044;42.262751953087616
43096;-98.0221812714341;((_a7_ * -(((-(pow2((_a2_ + (x * _a6_)))) * _a2_) + x))) * x);{'d0': {'_a2_': 0.8600880958196977, '_a6_': 1.1862530651898533, '_a7_': 2.7899901855234246, '_a0_': 1.0, '_a1_': 1.0, '_a3_': 1.0, '_a4_': 1.0, '_a5_': 1.0}};{'d0': 0.024905832919416653};-280.569866449044;42.262751953087616
43097;-98.0221812714341;((_a7_ * -(((-(pow2((_a2_ + (x * _a6_)))) * _a2_) + x))) * x);{'d0': {'_a2_': 0.8600880958196977, '_a6_': 1.1862530651898533, '_a7_': 2.7899901855234246, '_a0_': 1.0, '_a1_': 1.0, '_a3_': 1.0, '_a4_': 1.0, '_a5_': 1.0}};{'d0': 0.024905832919416653};-280.569866449044;42.262751953087616
43098;-105.728664307885;(((pow2((_a0_ + x)) + -(_a1_)) / (_a4_ * _a1_)) * x);{'d0': {'_a0_': 0.3119297078821967, '_a1_': -0.4283916278648146, '_a4_': -0.6912875217691917, '_a2_': 1.0, '_a3_': 1.0, '_a5_': 1.0, '_a6_': 1.0, '_a7_': 1.0}};{'d0': 0.024905832919416705};-280.569866449043;34.5562689166367
43099;-105.728664307885;(((pow2((_a0_ + x)) + -(_a1_)) / (_a4_ * _a1_)) * x);{'d0': {'_a0_': 0.3119297078821967, '_a1_': -0.4283916278648146, '_a4_': -0.6912875217691917, '_a2_': 1.0, '_a3_': 1.0, '_a5_': 1.0, '_a6_': 1.0, '_a7_': 1.0}};{'d0': 0.024905832919416705};-280.569866449043;34.5562689166367
43100;-105.728664307885;(((pow2((_a0_ + x)) + -(_a1_)) / (_a4_ * _a1_)) * x);{'d0': {'_a0_': 0.3119297078821967, '_a1_': -0.4283916278648146, '_a4_': -0.6912875217691917, '_a2_': 1.0, '_a3_': 1.0, '_a5_': 1.0, '_a6_': 1.0, '_a7_': 1.0}};{'d0': 0.024905832919416705};-280.569866449043;34.5562689166367
43101;-105.728664307885;(((pow2((_a0_ + x)) + -(_a1_)) / (_a4_ * _a1_)) * x);{'d0': {'_a0_': 0.3119297078821967, '_a1_': -0.4283916278648146, '_a4_': -0.6912875217691917, '_a2_': 1.0, '_a3_': 1.0, '_a5_': 1.0, '_a6_': 1.0, '_a7_': 1.0}};{'d0': 0.024905832919416705};-280.569866449043;34.5562689166367
43102;-105.728664307885;(((pow2((_a0_ + x)) + -(_a1_)) / (_a4_ * _a1_)) * x);{'d0': {'_a0_': 0.3119297078821967, '_a1_': -0.4283916278648146, '_a4_': -0.6912875217691917, '_a2_': 1.0, '_a3_': 1.0, '_a5_': 1.0, '_a6_': 1.0, '_a7_': 1.0}};{'d0': 0.024905832919416705};-280.569866449043;34.5562689166367
43103;-105.728664307885;(((pow2((_a0_ + x)) + -(_a1_)) / (_a4_ * _a1_)) * x);{'d0': {'_a0_': 0.3119297078821967, '_a1_': -0.4283916278648146, '_a4_': -0.6912875217691917, '_a2_': 1.0, '_a3_': 1.0, '_a5_': 1.0, '_a6_': 1.0, '_a7_': 1.0}};{'d0': 0.024905832919416705};-280.569866449043;34.5562689166367
43104;-105.728664307885;(((pow2((_a0_ + x)) + -(_a1_)) / (_a4_ * _a1_)) * x);{'d0': {'_a0_': 0.3119297078821967, '_a1_': -0.4283916278648146, '_a4_': -0.6912875217691917, '_a2_': 1.0, '_a3_': 1.0, '_a5_': 1.0, '_a6_': 1.0, '_a7_': 1.0}};{'d0': 0.024905832919416705};-280.569866449043;34.5562689166367
43105;-105.728664307885;(((pow2((_a0_ + x)) + -(_a1_)) / (_a4_ * _a1_)) * x);{'d0': {'_a0_': 0.3119297078821967, '_a1_': -0.4283916278648146, '_a4_': -0.6912875217691917, '_a2_': 1.0, '_a3_': 1.0, '_a5_': 1.0, '_a6_': 1.0, '_a7_': 1.0}};{'d0': 0.024905832919416705};-280.569866449043;34.5562689166367
43106;-105.728664307885;(((pow2((_a0_ + x)) + -(_a1_)) / (_a4_ * _a1_)) * x);{'d0': {'_a0_': 0.3119297078821967, '_a1_': -0.4283916278648146, '_a4_': -0.6912875217691917, '_a2_': 1.0, '_a3_': 1.0, '_a5_': 1.0, '_a6_': 1.0, '_a7_': 1.0}};{'d0': 0.024905832919416705};-280.569866449043;34.5562689166367
43107;-105.728664307885;(((pow2((_a0_ + x)) + -(_a1_)) / (_a4_ * _a1_)) * x);{'d0': {'_a0_': 0.3119297078821967, '_a1_': -0.4283916278648146, '_a4_': -0.6912875217691917, '_a2_': 1.0, '_a3_': 1.0, '_a5_': 1.0, '_a6_': 1.0, '_a7_': 1.0}};{'d0': 0.024905832919416705};-280.569866449043;34.5562689166367
43108;-105.728664307885;(((pow2((_a0_ + x)) + -(_a1_)) / (_a4_ * _a1_)) * x);{'d0': {'_a0_': 0.3119297078821967, '_a1_': -0.4283916278648146, '_a4_': -0.6912875217691917, '_a2_': 1.0, '_a3_': 1.0, '_a5_': 1.0, '_a6_': 1.0, '_a7_': 1.0}};{'d0': 0.024905832919416705};-280.569866449043;34.5562689166367
43109;-105.728664307885;(((pow2((_a0_ + x)) + -(_a1_)) / (_a4_ * _a1_)) * x);{'d0': {'_a0_': 0.3119297078821967, '_a1_': -0.4283916278648146, '_a4_': -0.6912875217691917, '_a2_': 1.0, '_a3_': 1.0, '_a5_': 1.0, '_a6_': 1.0, '_a7_': 1.0}};{'d0': 0.024905832919416705};-280.569866449043;34.5562689166367
43110;-105.728664307885;(((pow2((_a0_ + x)) + -(_a1_)) / (_a4_ * _a1_)) * x);{'d0': {'_a0_': 0.3119297078821967, '_a1_': -0.4283916278648146, '_a4_': -0.6912875217691917, '_a2_': 1.0, '_a3_': 1.0, '_a5_': 1.0, '_a6_': 1.0, '_a7_': 1.0}};{'d0': 0.024905832919416705};-280.569866449043;34.5562689166367
43111;-105.728664307885;(((pow2((_a0_ + x)) + -(_a1_)) / (_a4_ * _a1_)) * x);{'d0': {'_a0_': 0.3119297078821967, '_a1_': -0.4283916278648146, '_a4_': -0.6912875217691917, '_a2_': 1.0, '_a3_': 1.0, '_a5_': 1.0, '_a6_': 1.0, '_a7_': 1.0}};{'d0': 0.024905832919416705};-280.569866449043;34.5562689166367
43112;-105.728664307885;(((pow2((_a0_ + x)) + -(_a1_)) / (_a4_ * _a1_)) * x);{'d0': {'_a0_': 0.3119297078821967, '_a1_': -0.4283916278648146, '_a4_': -0.6912875217691917, '_a2_': 1.0, '_a3_': 1.0, '_a5_': 1.0, '_a6_': 1.0, '_a7_': 1.0}};{'d0': 0.024905832919416705};-280.569866449043;34.5562689166367
43113;-105.728664307885;(((pow2((_a0_ + x)) + -(_a1_)) / (_a4_ * _a1_)) * x);{'d0': {'_a0_': 0.3119297078821967, '_a1_': -0.4283916278648146, '_a4_': -0.6912875217691917, '_a2_': 1.0, '_a3_': 1.0, '_a5_': 1.0, '_a6_': 1.0, '_a7_': 1.0}};{'d0': 0.024905832919416705};-280.569866449043;34.5562689166367
43114;-97.8442692186266;((((pow2((_a0_ + x)) + -(_a1_)) / (_a4_ * _a1_)) * x) / _a5_);{'d0': {'_a0_': 0.3119297078821967, '_a1_': -0.4283916278648146, '_a4_': -0.6912875217691917, '_a5_': 1.0, '_a2_': 1.0, '_a3_': 1.0, '_a6_': 1.0, '_a7_': 1.0}};{'d0': 0.024905832919416705};-276.475521886821;40.3934917247839
43115;-104.696066852551;((((pow2((_a0_ + x)) + -(_a1_)) / _a0_) * x) / _a5_);{'d0': {'_a0_': 0.3119297077350809, '_a1_': -0.4283916276860224, '_a5_': 0.9493862860574463, '_a2_': 1.0, '_a3_': 1.0, '_a4_': 1.0, '_a6_': 1.0, '_a7_': 1.0}};{'d0': 0.02490583291941661};-280.569866449044;35.5888663719709
43116;-104.696066852551;((((pow2((_a0_ + x)) + -(_a1_)) / _a0_) * x) / _a5_);{'d0': {'_a0_': 0.3119297077350809, '_a1_': -0.4283916276860224, '_a5_': 0.9493862860574463, '_a2_': 1.0, '_a3_': 1.0, '_a4_': 1.0, '_a6_': 1.0, '_a7_': 1.0}};{'d0': 0.02490583291941661};-280.569866449044;35.5888663719709
43117;-104.696066852551;((((pow2((_a0_ + x)) + -(_a1_)) / _a0_) * x) / _a5_);{'d0': {'_a0_': 0.3119297077350809, '_a1_': -0.4283916276860224, '_a5_': 0.9493862860574463, '_a2_': 1.0, '_a3_': 1.0, '_a4_': 1.0, '_a6_': 1.0, '_a7_': 1.0}};{'d0': 0.02490583291941661};-280.569866449044;35.5888663719709
43118;-104.696066852551;((((pow2((_a0_ + x)) + -(_a1_)) / _a0_) * x) / _a5_);{'d0': {'_a0_': 0.3119297077350809, '_a1_': -0.4283916276860224, '_a5_': 0.9493862860574463, '_a2_': 1.0, '_a3_': 1.0, '_a4_': 1.0, '_a6_': 1.0, '_a7_': 1.0}};{'d0': 0.02490583291941661};-280.569866449044;35.5888663719709
43119;-104.696066852551;((((pow2((_a0_ + x)) + -(_a1_)) / _a0_) * x) / _a5_);{'d0': {'_a0_': 0.3119297077350809, '_a1_': -0.4283916276860224, '_a5_': 0.9493862860574463, '_a2_': 1.0, '_a3_': 1.0, '_a4_': 1.0, '_a6_': 1.0, '_a7_': 1.0}};{'d0': 0.02490583291941661};-280.569866449044;35.5888663719709
43120;-104.696066852551;((((pow2((_a0_ + x)) + -(_a1_)) / _a0_) * x) / _a5_);{'d0': {'_a0_': 0.3119297077350809, '_a1_': -0.4283916276860224, '_a5_': 0.9493862860574463, '_a2_': 1.0, '_a3_': 1.0, '_a4_': 1.0, '_a6_': 1.0, '_a7_': 1.0}};{'d0': 0.02490583291941661};-280.569866449044;35.5888663719709
43121;-104.696066852551;((((pow2((_a0_ + x)) + -(_a1_)) / _a0_) * x) / _a5_);{'d0': {'_a0_': 0.3119297077350809, '_a1_': -0.4283916276860224, '_a5_': 0.9493862860574463, '_a2_': 1.0, '_a3_': 1.0, '_a4_': 1.0, '_a6_': 1.0, '_a7_': 1.0}};{'d0': 0.02490583291941661};-280.569866449044;35.5888663719709
43122;-104.696066852551;((((pow2((_a0_ + x)) + -(_a1_)) / _a0_) * x) / _a5_);{'d0': {'_a0_': 0.3119297077350809, '_a1_': -0.4283916276860224, '_a5_': 0.9493862860574463, '_a2_': 1.0, '_a3_': 1.0, '_a4_': 1.0, '_a6_': 1.0, '_a7_': 1.0}};{'d0': 0.02490583291941661};-280.569866449044;35.5888663719709
43123;-104.696066852551;((((pow2((_a0_ + x)) + -(_a1_)) / _a0_) * x) / _a5_);{'d0': {'_a0_': 0.3119297077350809, '_a1_': -0.4283916276860224, '_a5_': 0.9493862860574463, '_a2_': 1.0, '_a3_': 1.0, '_a4_': 1.0, '_a6_': 1.0, '_a7_': 1.0}};{'d0': 0.02490583291941661};-280.569866449044;35.5888663719709
43124;-104.696066852551;((((pow2((_a0_ + x)) + -(_a1_)) / _a0_) * x) / _a5_);{'d0': {'_a0_': 0.3119297077350809, '_a1_': -0.4283916276860224, '_a5_': 0.9493862860574463, '_a2_': 1.0, '_a3_': 1.0, '_a4_': 1.0, '_a6_': 1.0, '_a7_': 1.0}};{'d0': 0.02490583291941661};-280.569866449044;35.5888663719709
43125;-104.696066852551;((((pow2((_a0_ + x)) + -(_a1_)) / _a0_) * x) / _a5_);{'d0': {'_a0_': 0.3119297077350809, '_a1_': -0.4283916276860224, '_a5_': 0.9493862860574463, '_a2_': 1.0, '_a3_': 1.0, '_a4_': 1.0, '_a6_': 1.0, '_a7_': 1.0}};{'d0': 0.02490583291941661};-280.569866449044;35.5888663719709
43126;-104.696066852551;((((pow2((_a0_ + x)) + -(_a1_)) / _a0_) * x) / _a5_);{'d0': {'_a0_': 0.3119297077350809, '_a1_': -0.4283916276860224, '_a5_': 0.9493862860574463, '_a2_': 1.0, '_a3_': 1.0, '_a4_': 1.0, '_a6_': 1.0, '_a7_': 1.0}};{'d0': 0.02490583291941661};-280.569866449044;35.5888663719709
43127;-104.696066852551;((((pow2((_a0_ + x)) + -(_a1_)) / _a0_) * x) / _a5_);{'d0': {'_a0_': 0.3119297077350809, '_a1_': -0.4283916276860224, '_a5_': 0.9493862860574463, '_a2_': 1.0, '_a3_': 1.0, '_a4_': 1.0, '_a6_': 1.0, '_a7_': 1.0}};{'d0': 0.02490583291941661};-280.569866449044;35.5888663719709
43128;-104.696066852551;((((pow2((_a0_ + x)) + -(_a1_)) / _a0_) * x) / _a5_);{'d0': {'_a0_': 0.3119297077350809, '_a1_': -0.4283916276860224, '_a5_': 0.9493862860574463, '_a2_': 1.0, '_a3_': 1.0, '_a4_': 1.0, '_a6_': 1.0, '_a7_': 1.0}};{'d0': 0.02490583291941661};-280.569866449044;35.5888663719709
43129;-104.696066852551;((((pow2((_a0_ + x)) + -(_a1_)) / _a0_) * x) / _a5_);{'d0': {'_a0_': 0.3119297077350809, '_a1_': -0.4283916276860224, '_a5_': 0.9493862860574463, '_a2_': 1.0, '_a3_': 1.0, '_a4_': 1.0, '_a6_': 1.0, '_a7_': 1.0}};{'d0': 0.02490583291941661};-280.569866449044;35.5888663719709
43130;-104.696066852551;((((pow2((_a0_ + x)) + -(_a1_)) / _a0_) * x) / _a5_);{'d0': {'_a0_': 0.3119297077350809, '_a1_': -0.4283916276860224, '_a5_': 0.9493862860574463, '_a2_': 1.0, '_a3_': 1.0, '_a4_': 1.0, '_a6_': 1.0, '_a7_': 1.0}};{'d0': 0.02490583291941661};-280.569866449044;35.5888663719709
43131;-104.696066852551;((((pow2((_a0_ + x)) + -(_a1_)) / _a0_) * x) / _a5_);{'d0': {'_a0_': 0.3119297077350809, '_a1_': -0.4283916276860224, '_a5_': 0.9493862860574463, '_a2_': 1.0, '_a3_': 1.0, '_a4_': 1.0, '_a6_': 1.0, '_a7_': 1.0}};{'d0': 0.02490583291941661};-280.569866449044;35.5888663719709
43132;-104.696066852551;((((pow2((_a0_ + x)) + -(_a1_)) / _a0_) * x) / _a5_);{'d0': {'_a0_': 0.3119297077350809, '_a1_': -0.4283916276860224, '_a5_': 0.9493862860574463, '_a2_': 1.0, '_a3_': 1.0, '_a4_': 1.0, '_a6_': 1.0, '_a7_': 1.0}};{'d0': 0.02490583291941661};-280.569866449044;35.5888663719709
43133;-104.696066852551;((((pow2((_a0_ + x)) + -(_a1_)) / _a0_) * x) / _a5_);{'d0': {'_a0_': 0.3119297077350809, '_a1_': -0.4283916276860224, '_a5_': 0.9493862860574463, '_a2_': 1.0, '_a3_': 1.0, '_a4_': 1.0, '_a6_': 1.0, '_a7_': 1.0}};{'d0': 0.02490583291941661};-280.569866449044;35.5888663719709
43134;-104.696066852551;((((pow2((_a0_ + x)) + -(_a1_)) / _a0_) * x) / _a5_);{'d0': {'_a0_': 0.3119297077350809, '_a1_': -0.4283916276860224, '_a5_': 0.9493862860574463, '_a2_': 1.0, '_a3_': 1.0, '_a4_': 1.0, '_a6_': 1.0, '_a7_': 1.0}};{'d0': 0.02490583291941661};-280.569866449044;35.5888663719709
43135;-104.696066852551;((((pow2((_a0_ + x)) + -(_a1_)) / _a0_) * x) / _a5_);{'d0': {'_a0_': 0.3119297077350809, '_a1_': -0.4283916276860224, '_a5_': 0.9493862860574463, '_a2_': 1.0, '_a3_': 1.0, '_a4_': 1.0, '_a6_': 1.0, '_a7_': 1.0}};{'d0': 0.02490583291941661};-280.569866449044;35.5888663719709
43136;-104.696066852551;((((pow2((_a0_ + x)) + -(_a1_)) / _a0_) * x) / _a5_);{'d0': {'_a0_': 0.3119297077350809, '_a1_': -0.4283916276860224, '_a5_': 0.9493862860574463, '_a2_': 1.0, '_a3_': 1.0, '_a4_': 1.0, '_a6_': 1.0, '_a7_': 1.0}};{'d0': 0.02490583291941661};-280.569866449044;35.5888663719709
43137;-104.696066852551;((((pow2((_a0_ + x)) + -(_a1_)) / _a0_) * x) / _a5_);{'d0': {'_a0_': 0.3119297077350809, '_a1_': -0.4283916276860224, '_a5_': 0.9493862860574463, '_a2_': 1.0, '_a3_': 1.0, '_a4_': 1.0, '_a6_': 1.0, '_a7_': 1.0}};{'d0': 0.02490583291941661};-280.569866449044;35.5888663719709
43138;-104.696066852551;((((pow2((_a0_ + x)) + -(_a1_)) / _a0_) * x) / _a5_);{'d0': {'_a0_': 0.3119297077350809, '_a1_': -0.4283916276860224, '_a5_': 0.9493862860574463, '_a2_': 1.0, '_a3_': 1.0, '_a4_': 1.0, '_a6_': 1.0, '_a7_': 1.0}};{'d0': 0.02490583291941661};-280.569866449044;35.5888663719709
43139;-104.696066852551;((((pow2((_a5_ + x)) + -(_a1_)) / _a0_) * x) / _a5_);{'d0': {'_a0_': 0.9493862862414769, '_a1_': -0.4283916282888979, '_a5_': 0.31192970787631374, '_a2_': 1.0, '_a3_': 1.0, '_a4_': 1.0, '_a6_': 1.0, '_a7_': 1.0}};{'d0': 0.024905832919416615};-280.569866449044;35.5888663719709
43140;-104.696066852551;((((pow2((_a5_ + x)) + -(_a1_)) / _a0_) * x) / _a5_);{'d0': {'_a0_': 0.9493862862414769, '_a1_': -0.4283916282888979, '_a5_': 0.31192970787631374, '_a2_': 1.0, '_a3_': 1.0, '_a4_': 1.0, '_a6_': 1.0, '_a7_': 1.0}};{'d0': 0.024905832919416615};-280.569866449044;35.5888663719709
43141;-104.696066852551;((((pow2((_a5_ + x)) + -(_a1_)) / _a0_) * x) / _a5_);{'d0': {'_a0_': 0.9493862862414769, '_a1_': -0.4283916282888979, '_a5_': 0.31192970787631374, '_a2_': 1.0, '_a3_': 1.0, '_a4_': 1.0, '_a6_': 1.0, '_a7_': 1.0}};{'d0': 0.024905832919416615};-280.569866449044;35.5888663719709
43142;-104.696066852551;((((pow2((_a5_ + x)) + -(_a1_)) / _a0_) * x) / _a5_);{'d0': {'_a0_': 0.9493862862414769, '_a1_': -0.4283916282888979, '_a5_': 0.31192970787631374, '_a2_': 1.0, '_a3_': 1.0, '_a4_': 1.0, '_a6_': 1.0, '_a7_': 1.0}};{'d0': 0.024905832919416615};-280.569866449044;35.5888663719709
43143;-104.696066852551;((((pow2((_a5_ + x)) + -(_a1_)) / _a0_) * x) / _a5_);{'d0': {'_a0_': 0.9493862862414769, '_a1_': -0.4283916282888979, '_a5_': 0.31192970787631374, '_a2_': 1.0, '_a3_': 1.0, '_a4_': 1.0, '_a6_': 1.0, '_a7_': 1.0}};{'d0': 0.024905832919416615};-280.569866449044;35.5888663719709
43144;-104.696066852551;((((pow2((_a5_ + x)) + -(_a1_)) / _a0_) * x) / _a5_);{'d0': {'_a0_': 0.9493862862414769, '_a1_': -0.4283916282888979, '_a5_': 0.31192970787631374, '_a2_': 1.0, '_a3_': 1.0, '_a4_': 1.0, '_a6_': 1.0, '_a7_': 1.0}};{'d0': 0.024905832919416615};-280.569866449044;35.5888663719709
43145;-104.696066852551;((((pow2((_a0_ + x)) + -(_a1_)) / _a0_) * x) / _a5_);{'d0': {'_a0_': 0.3119297077350809, '_a1_': -0.4283916276860224, '_a5_': 0.9493862860574463, '_a2_': 1.0, '_a3_': 1.0, '_a4_': 1.0, '_a6_': 1.0, '_a7_': 1.0}};{'d0': 0.02490583291941661};-280.569866449044;35.5888663719709
43146;-104.696066852551;((((pow2((_a0_ + x)) + -(_a1_)) / _a0_) * x) / _a5_);{'d0': {'_a0_': 0.3119297077350809, '_a1_': -0.4283916276860224, '_a5_': 0.9493862860574463, '_a2_': 1.0, '_a3_': 1.0, '_a4_': 1.0, '_a6_': 1.0, '_a7_': 1.0}};{'d0': 0.02490583291941661};-280.569866449044;35.5888663719709
43147;-104.696066852551;((((pow2((_a0_ + x)) + -(_a1_)) / _a0_) * x) / _a5_);{'d0': {'_a0_': 0.3119297077350809, '_a1_': -0.4283916276860224, '_a5_': 0.9493862860574463, '_a2_': 1.0, '_a3_': 1.0, '_a4_': 1.0, '_a6_': 1.0, '_a7_': 1.0}};{'d0': 0.02490583291941661};-280.569866449044;35.5888663719709
43148;-104.696066852551;((((pow2((_a0_ + x)) + -(_a1_)) / _a0_) * x) / _a5_);{'d0': {'_a0_': 0.3119297077350809, '_a1_': -0.4283916276860224, '_a5_': 0.9493862860574463, '_a2_': 1.0, '_a3_': 1.0, '_a4_': 1.0, '_a6_': 1.0, '_a7_': 1.0}};{'d0': 0.02490583291941661};-280.569866449044;35.5888663719709
43149;-99.4619796209261;(((x * (pow2((_a0_ * _a3_)) * (x + _a3_))) + (_a2_ + x)) * x);{'d0': {'_a0_': -5.607255561860875, '_a2_': 1.7751354038687845, '_a3_': 0.3277176284137027, '_a1_': 1.0, '_a4_': 1.0, '_a5_': 1.0, '_a6_': 1.0, '_a7_': 1.0}};{'d0': 0.0249058329194166};-280.569866449044;40.82295360359603
43150;-99.4619796209261;(((x * (pow2((_a0_ * _a3_)) * (x + _a3_))) + (_a2_ + x)) * x);{'d0': {'_a0_': -5.607255561860875, '_a2_': 1.7751354038687845, '_a3_': 0.3277176284137027, '_a1_': 1.0, '_a4_': 1.0, '_a5_': 1.0, '_a6_': 1.0, '_a7_': 1.0}};{'d0': 0.0249058329194166};-280.569866449044;40.82295360359603
43151;-99.4619796209261;(((x * (pow2((_a0_ * _a3_)) * (x + _a3_))) + (_a2_ + x)) * x);{'d0': {'_a0_': -5.607255561860875, '_a2_': 1.7751354038687845, '_a3_': 0.3277176284137027, '_a1_': 1.0, '_a4_': 1.0, '_a5_': 1.0, '_a6_': 1.0, '_a7_': 1.0}};{'d0': 0.0249058329194166};-280.569866449044;40.82295360359603
43152;-99.4619796209261;(((x * (pow2((_a0_ * _a3_)) * (x + _a3_))) + (_a2_ + x)) * x);{'d0': {'_a0_': -5.607255561860875, '_a2_': 1.7751354038687845, '_a3_': 0.3277176284137027, '_a1_': 1.0, '_a4_': 1.0, '_a5_': 1.0, '_a6_': 1.0, '_a7_': 1.0}};{'d0': 0.0249058329194166};-280.569866449044;40.82295360359603
43153;-99.4619796209261;(((x * (pow2((_a0_ * _a3_)) * (x + _a3_))) + (_a2_ + x)) * x);{'d0': {'_a0_': -5.607255561860875, '_a2_': 1.7751354038687845, '_a3_': 0.3277176284137027, '_a1_': 1.0, '_a4_': 1.0, '_a5_': 1.0, '_a6_': 1.0, '_a7_': 1.0}};{'d0': 0.0249058329194166};-280.569866449044;40.82295360359603
43154;-99.4619796209261;(((x * (pow2((_a0_ * _a3_)) * (x + _a3_))) + (_a2_ + x)) * x);{'d0': {'_a0_': -5.607255561860875, '_a2_': 1.7751354038687845, '_a3_': 0.3277176284137027, '_a1_': 1.0, '_a4_': 1.0, '_a5_': 1.0, '_a6_': 1.0, '_a7_': 1.0}};{'d0': 0.0249058329194166};-280.569866449044;40.82295360359603
43155;-98.6110277799807;(((x * (pow2((_a0_ / _a3_)) * (x + _a3_))) + (_a2_ + x)) * x);{'d0': {'_a0_': -0.6022127657271601, '_a2_': 1.7751354044444547, '_a3_': 0.327717628690061, '_a1_': 1.0, '_a4_': 1.0, '_a5_': 1.0, '_a6_': 1.0, '_a7_': 1.0}};{'d0': 0.02490583291941659};-280.569866449044;41.673905444541425
43156;-98.6110277799807;(((x * (pow2((_a0_ / _a3_)) * (x + _a3_))) + (_a2_ + x)) * x);{'d0': {'_a0_': -0.6022127657271601, '_a2_': 1.7751354044444547, '_a3_': 0.327717628690061, '_a1_': 1.0, '_a4_': 1.0, '_a5_': 1.0, '_a6_': 1.0, '_a7_': 1.0}};{'d0': 0.02490583291941659};-280.569866449044;41.673905444541425
43157;-92.6823182609140;((_a7_ * -(((-(pow2((sqrt(_a2_) + (x * _a6_)))) * _a2_) + x))) * x);{'d0': {'_a2_': 0.7976537388220847, '_a6_': 1.231804009747777, '_a7_': 2.7899901854437026, '_a0_': 1.0, '_a1_': 1.0, '_a3_': 1.0, '_a4_': 1.0, '_a5_': 1.0}};{'d0': 0.024905832919416674};-280.569866449043;47.602614963607614
43158;-92.6823182609140;((_a7_ * -(((-(pow2((sqrt(_a2_) + (x * _a0_)))) * _a2_) + x))) * x);{'d0': {'_a0_': 1.2318040098814622, '_a2_': 0.7976537387685481, '_a7_': 2.789990185400142, '_a1_': 1.0, '_a3_': 1.0, '_a4_': 1.0, '_a5_': 1.0, '_a6_': 1.0}};{'d0': 0.024905832919416684};-280.569866449043;47.602614963607614
43159;-92.6823182609140;((_a7_ * -(((-(pow2((sqrt(_a2_) + (x * _a0_)))) * _a2_) + x))) * x);{'d0': {'_a0_': 1.2318040098814622, '_a2_': 0.7976537387685481, '_a7_': 2.789990185400142, '_a1_': 1.0, '_a3_': 1.0, '_a4_': 1.0, '_a5_': 1.0, '_a6_': 1.0}};{'d0': 0.024905832919416684};-280.569866449043;47.602614963607614
43160;-92.6823182609140;((_a7_ * -(((-(pow2((sqrt(_a2_) + (x * _a0_)))) * _a2_) + x))) * x);{'d0': {'_a0_': 1.2318040098814622, '_a2_': 0.7976537387685481, '_a7_': 2.789990185400142, '_a1_': 1.0, '_a3_': 1.0, '_a4_': 1.0, '_a5_': 1.0, '_a6_': 1.0}};{'d0': 0.024905832919416684};-280.569866449043;47.602614963607614
43161;-92.6823182609140;((_a7_ * -(((-(pow2((sqrt(_a2_) + (x * _a0_)))) * _a2_) + x))) * x);{'d0': {'_a0_': 1.2318040098814622, '_a2_': 0.7976537387685481, '_a7_': 2.789990185400142, '_a1_': 1.0, '_a3_': 1.0, '_a4_': 1.0, '_a5_': 1.0, '_a6_': 1.0}};{'d0': 0.024905832919416684};-280.569866449043;47.602614963607614
43162;-92.6823182609140;((_a7_ * -(((-(pow2((sqrt(_a2_) + (x * _a0_)))) * _a2_) + x))) * x);{'d0': {'_a0_': 1.2318040098814622, '_a2_': 0.7976537387685481, '_a7_': 2.789990185400142, '_a1_': 1.0, '_a3_': 1.0, '_a4_': 1.0, '_a5_': 1.0, '_a6_': 1.0}};{'d0': 0.024905832919416684};-280.569866449043;47.602614963607614
43163;-92.6823182609140;((_a7_ * -(((-(pow2((sqrt(_a2_) + (x * _a0_)))) * _a2_) + x))) * x);{'d0': {'_a0_': 1.2318040098814622, '_a2_': 0.7976537387685481, '_a7_': 2.789990185400142, '_a1_': 1.0, '_a3_': 1.0, '_a4_': 1.0, '_a5_': 1.0, '_a6_': 1.0}};{'d0': 0.024905832919416684};-280.569866449043;47.602614963607614
43164;-92.6823182609140;((_a7_ * -(((-(pow2((sqrt(_a2_) + (x * _a0_)))) * _a2_) + x))) * x);{'d0': {'_a0_': 1.2318040098814622, '_a2_': 0.7976537387685481, '_a7_': 2.789990185400142, '_a1_': 1.0, '_a3_': 1.0, '_a4_': 1.0, '_a5_': 1.0, '_a6_': 1.0}};{'d0': 0.024905832919416684};-280.569866449043;47.602614963607614
43165;-92.6823182609140;((_a7_ * -(((-(pow2((sqrt(_a2_) + (x * _a0_)))) * _a2_) + x))) * x);{'d0': {'_a0_': 1.2318040098814622, '_a2_': 0.7976537387685481, '_a7_': 2.789990185400142, '_a1_': 1.0, '_a3_': 1.0, '_a4_': 1.0, '_a5_': 1.0, '_a6_': 1.0}};{'d0': 0.024905832919416684};-280.569866449043;47.602614963607614
43166;-92.6823182609140;((_a7_ * -(((-(pow2((sqrt(_a2_) + (x * _a0_)))) * _a2_) + x))) * x);{'d0': {'_a0_': 1.2318040098814622, '_a2_': 0.7976537387685481, '_a7_': 2.789990185400142, '_a1_': 1.0, '_a3_': 1.0, '_a4_': 1.0, '_a5_': 1.0, '_a6_': 1.0}};{'d0': 0.024905832919416684};-280.569866449043;47.602614963607614
43167;-96.6809362979165;((_a1_ * (pow2((((_a0_ * _a3_) * (_a1_ * x)) + _a3_)) + -(x))) * x);{'d0': {'_a0_': 0.4943468092208518, '_a1_': 2.7899901854384743, '_a3_': -0.797653738822883, '_a2_': 1.0, '_a4_': 1.0, '_a5_': 1.0, '_a6_': 1.0, '_a7_': 1.0}};{'d0': 0.024905832919416636};-280.569866449044;43.603996926605284
43168;-96.6809362979165;((_a1_ * (pow2((((_a0_ * _a3_) * (_a1_ * x)) + _a3_)) + -(x))) * x);{'d0': {'_a0_': 0.4943468092208518, '_a1_': 2.7899901854384743, '_a3_': -0.797653738822883, '_a2_': 1.0, '_a4_': 1.0, '_a5_': 1.0, '_a6_': 1.0, '_a7_': 1.0}};{'d0': 0.024905832919416636};-280.569866449044;43.603996926605284
43169;-96.6809362979165;((_a1_ * (pow2((((_a0_ * _a3_) * (_a1_ * x)) + _a3_)) + -(x))) * x);{'d0': {'_a0_': 0.4943468092208518, '_a1_': 2.7899901854384743, '_a3_': -0.797653738822883, '_a2_': 1.0, '_a4_': 1.0, '_a5_': 1.0, '_a6_': 1.0, '_a7_': 1.0}};{'d0': 0.024905832919416636};-280.569866449044;43.603996926605284
43170;-96.6809362979165;((_a1_ * (pow2((((_a0_ * _a3_) * (_a1_ * x)) + _a3_)) + -(x))) * x);{'d0': {'_a0_': 0.4943468092208518, '_a1_': 2.7899901854384743, '_a3_': -0.797653738822883, '_a2_': 1.0, '_a4_': 1.0, '_a5_': 1.0, '_a6_': 1.0, '_a7_': 1.0}};{'d0': 0.024905832919416636};-280.569866449044;43.603996926605284
43171;-96.6809362979165;((_a1_ * (pow2((((_a0_ * _a3_) * (_a1_ * x)) + _a3_)) + -(x))) * x);{'d0': {'_a0_': 0.4943468092208518, '_a1_': 2.7899901854384743, '_a3_': -0.797653738822883, '_a2_': 1.0, '_a4_': 1.0, '_a5_': 1.0, '_a6_': 1.0, '_a7_': 1.0}};{'d0': 0.024905832919416636};-280.569866449044;43.603996926605284
43172;-96.6809362979165;((_a1_ * (pow2((((_a0_ * _a3_) * (_a1_ * x)) + _a3_)) + -(x))) * x);{'d0': {'_a0_': 0.4943468092208518, '_a1_': 2.7899901854384743, '_a3_': -0.797653738822883, '_a2_': 1.0, '_a4_': 1.0, '_a5_': 1.0, '_a6_': 1.0, '_a7_': 1.0}};{'d0': 0.024905832919416636};-280.569866449044;43.603996926605284
43173;-96.6809362979165;((_a1_ * (pow2((((_a0_ * _a3_) * (_a1_ * x)) + _a3_)) + -(x))) * x);{'d0': {'_a0_': 0.4943468092208518, '_a1_': 2.7899901854384743, '_a3_': -0.797653738822883, '_a2_': 1.0, '_a4_': 1.0, '_a5_': 1.0, '_a6_': 1.0, '_a7_': 1.0}};{'d0': 0.024905832919416636};-280.569866449044;43.603996926605284
43174;-96.6809362979165;((_a1_ * (pow2((((_a0_ * _a3_) * (_a1_ * x)) + _a3_)) + -(x))) * x);{'d0': {'_a0_': 0.4943468092208518, '_a1_': 2.7899901854384743, '_a3_': -0.797653738822883, '_a2_': 1.0, '_a4_': 1.0, '_a5_': 1.0, '_a6_': 1.0, '_a7_': 1.0}};{'d0': 0.024905832919416636};-280.569866449044;43.603996926605284
43175;-96.6809362979165;((_a1_ * (pow2((((_a0_ * _a3_) * (_a1_ * x)) + _a3_)) + -(x))) * x);{'d0': {'_a0_': 0.4943468092208518, '_a1_': 2.7899901854384743, '_a3_': -0.797653738822883, '_a2_': 1.0, '_a4_': 1.0, '_a5_': 1.0, '_a6_': 1.0, '_a7_': 1.0}};{'d0': 0.024905832919416636};-280.569866449044;43.603996926605284
43176;-96.6809362979165;((_a1_ * (pow2((((_a0_ * _a3_) * (_a1_ * x)) + _a3_)) + -(x))) * x);{'d0': {'_a0_': 0.4943468092208518, '_a1_': 2.7899901854384743, '_a3_': -0.797653738822883, '_a2_': 1.0, '_a4_': 1.0, '_a5_': 1.0, '_a6_': 1.0, '_a7_': 1.0}};{'d0': 0.024905832919416636};-280.569866449044;43.603996926605284
43177;-90.6351459798030;((_a7_ * -(((-(pow2((_a3_ + (x * sqrt(_a0_))))) * _a2_) + x))) * x);{'d0': {'_a0_': 1.9022553841874155, '_a2_': 0.6362514869486104, '_a3_': 1.0, '_a7_': 2.7899901852934144, '_a1_': 1.0, '_a4_': 1.0, '_a5_': 1.0, '_a6_': 1.0}};{'d0': 0.02490583291941663};-276.475521886821;47.60261496360761
43178;-90.6351459798030;((_a7_ * -(((-(pow2((_a3_ + (x * sqrt(_a0_))))) * _a2_) + x))) * x);{'d0': {'_a0_': 1.9022553841874155, '_a2_': 0.6362514869486104, '_a3_': 1.0, '_a7_': 2.7899901852934144, '_a1_': 1.0, '_a4_': 1.0, '_a5_': 1.0, '_a6_': 1.0}};{'d0': 0.02490583291941663};-276.475521886821;47.60261496360761
43179;-90.6351459798030;((_a7_ * -(((-(pow2((_a3_ + (x * sqrt(_a0_))))) * _a2_) + x))) * x);{'d0': {'_a0_': 1.9022553841874155, '_a2_': 0.6362514869486104, '_a3_': 1.0, '_a7_': 2.7899901852934144, '_a1_': 1.0, '_a4_': 1.0, '_a5_': 1.0, '_a6_': 1.0}};{'d0': 0.02490583291941663};-276.475521886821;47.60261496360761
43180;-90.6351459798030;((_a7_ * -(((-(pow2((_a3_ + (x * sqrt(_a0_))))) * _a2_) + x))) * x);{'d0': {'_a0_': 1.9022553841874155, '_a2_': 0.6362514869486104, '_a3_': 1.0, '_a7_': 2.7899901852934144, '_a1_': 1.0, '_a4_': 1.0, '_a5_': 1.0, '_a6_': 1.0}};{'d0': 0.02490583291941663};-276.475521886821;47.60261496360761
43181;-90.6351459798030;((_a7_ * -(((-(pow2((_a3_ + (x * sqrt(_a0_))))) * _a2_) + x))) * x);{'d0': {'_a0_': 1.9022553841874155, '_a2_': 0.6362514869486104, '_a3_': 1.0, '_a7_': 2.7899901852934144, '_a1_': 1.0, '_a4_': 1.0, '_a5_': 1.0, '_a6_': 1.0}};{'d0': 0.02490583291941663};-276.475521886821;47.60261496360761
43182;-98.0221812714341;((_a7_ * -(((-(pow2((_a3_ + (x * _a2_)))) * _a2_) + x))) * x);{'d0': {'_a2_': 1.0656940573622733, '_a3_': 0.7726772637071595, '_a7_': 2.7899901854726474, '_a0_': 1.0, '_a1_': 1.0, '_a4_': 1.0, '_a5_': 1.0, '_a6_': 1.0}};{'d0': 0.024905832919416667};-280.569866449044;42.26275195308761
43183;-98.0221812714341;((_a7_ * -(((-(pow2((_a3_ + (x * _a2_)))) * _a2_) + x))) * x);{'d0': {'_a2_': 1.0656940573622733, '_a3_': 0.7726772637071595, '_a7_': 2.7899901854726474, '_a0_': 1.0, '_a1_': 1.0, '_a4_': 1.0, '_a5_': 1.0, '_a6_': 1.0}};{'d0': 0.024905832919416667};-280.569866449044;42.26275195308761
43184;-98.0221812714341;((_a7_ * -(((-(pow2((_a3_ + (x * _a2_)))) * _a2_) + x))) * x);{'d0': {'_a2_': 1.0656940573622733, '_a3_': 0.7726772637071595, '_a7_': 2.7899901854726474, '_a0_': 1.0, '_a1_': 1.0, '_a4_': 1.0, '_a5_': 1.0, '_a6_': 1.0}};{'d0': 0.024905832919416667};-280.569866449044;42.26275195308761
43185;-98.0221812714341;((_a7_ * -(((-(pow2((_a3_ + (x * _a2_)))) * _a2_) + x))) * x);{'d0': {'_a2_': 1.0656940573622733, '_a3_': 0.7726772637071595, '_a7_': 2.7899901854726474, '_a0_': 1.0, '_a1_': 1.0, '_a4_': 1.0, '_a5_': 1.0, '_a6_': 1.0}};{'d0': 0.024905832919416667};-280.569866449044;42.26275195308761
43186;-98.0221812714341;((_a7_ * -(((-(pow2((_a3_ + (x * _a2_)))) * _a2_) + x))) * x);{'d0': {'_a2_': 1.0656940573622733, '_a3_': 0.7726772637071595, '_a7_': 2.7899901854726474, '_a0_': 1.0, '_a1_': 1.0, '_a4_': 1.0, '_a5_': 1.0, '_a6_': 1.0}};{'d0': 0.024905832919416667};-280.569866449044;42.26275195308761
43187;-98.0221812714341;((_a7_ * -(((-(pow2((_a3_ + (x * _a2_)))) * _a2_) + x))) * x);{'d0': {'_a2_': 1.0656940573622733, '_a3_': 0.7726772637071595, '_a7_': 2.7899901854726474, '_a0_': 1.0, '_a1_': 1.0, '_a4_': 1.0, '_a5_': 1.0, '_a6_': 1.0}};{'d0': 0.024905832919416667};-280.569866449044;42.26275195308761
43188;-93.0004840596550;((_a7_ * -(((-(pow2((_a3_ + (x * (_a7_ * _a7_))))) * _a2_) + x))) * x);{'d0': {'_a2_': 0.019975006554058938, '_a3_': 5.643791224643977, '_a7_': 2.789990185053972, '_a0_': 1.0, '_a1_': 1.0, '_a4_': 1.0, '_a5_': 1.0, '_a6_': 1.0}};{'d0': 0.024905832919416733};-280.569866449043;47.28444916486661
43189;-93.0004840596550;((_a7_ * -(((-(pow2((_a3_ + (x * (_a7_ * _a7_))))) * _a2_) + x))) * x);{'d0': {'_a2_': 0.019975006554058938, '_a3_': 5.643791224643977, '_a7_': 2.789990185053972, '_a0_': 1.0, '_a1_': 1.0, '_a4_': 1.0, '_a5_': 1.0, '_a6_': 1.0}};{'d0': 0.024905832919416733};-280.569866449043;47.28444916486661
43190;-87.9064295615541;((_a7_ * -(((-(pow2((_a3_ + (x * ((_a7_ * _a7_) * _a7_))))) * _a2_) + x))) * x);{'d0': {'_a2_': 0.002566147277712109, '_a3_': 15.746122151986622, '_a7_': 2.789990186073322, '_a0_': 1.0, '_a1_': 1.0, '_a4_': 1.0, '_a5_': 1.0, '_a6_': 1.0}};{'d0': 0.024905832919416594};-280.569866449044;52.37850366296761
43191;-87.9064295615541;((_a7_ * -(((-(pow2((_a3_ + (x * ((_a7_ * _a7_) * _a7_))))) * _a2_) + x))) * x);{'d0': {'_a2_': 0.002566147277712109, '_a3_': 15.746122151986622, '_a7_': 2.789990186073322, '_a0_': 1.0, '_a1_': 1.0, '_a4_': 1.0, '_a5_': 1.0, '_a6_': 1.0}};{'d0': 0.024905832919416594};-280.569866449044;52.37850366296761
43192;-87.9064295615541;((_a7_ * -(((-(pow2((_a3_ + (x * ((_a7_ * _a7_) * _a7_))))) * _a2_) + x))) * x);{'d0': {'_a2_': 0.002566147277712109, '_a3_': 15.746122151986622, '_a7_': 2.789990186073322, '_a0_': 1.0, '_a1_': 1.0, '_a4_': 1.0, '_a5_': 1.0, '_a6_': 1.0}};{'d0': 0.024905832919416594};-280.569866449044;52.37850366296761
43193;-87.9064295615541;((_a7_ * -(((-(pow2((_a3_ + (x * ((_a7_ * _a7_) * _a7_))))) * _a2_) + x))) * x);{'d0': {'_a2_': 0.002566147277712109, '_a3_': 15.746122151986622, '_a7_': 2.789990186073322, '_a0_': 1.0, '_a1_': 1.0, '_a4_': 1.0, '_a5_': 1.0, '_a6_': 1.0}};{'d0': 0.024905832919416594};-280.569866449044;52.37850366296761
43194;-87.9064295615541;((_a7_ * -(((-(pow2((_a3_ + (x * ((_a7_ * _a7_) * _a7_))))) * _a2_) + x))) * x);{'d0': {'_a2_': 0.002566147277712109, '_a3_': 15.746122151986622, '_a7_': 2.789990186073322, '_a0_': 1.0, '_a1_': 1.0, '_a4_': 1.0, '_a5_': 1.0, '_a6_': 1.0}};{'d0': 0.024905832919416594};-280.569866449044;52.37850366296761
43195;-87.9064295615541;((_a7_ * -(((-(pow2((_a3_ + (x * ((_a7_ * _a7_) * _a7_))))) * _a2_) + x))) * x);{'d0': {'_a2_': 0.002566147277712109, '_a3_': 15.746122151986622, '_a7_': 2.789990186073322, '_a0_': 1.0, '_a1_': 1.0, '_a4_': 1.0, '_a5_': 1.0, '_a6_': 1.0}};{'d0': 0.024905832919416594};-280.569866449044;52.37850366296761
43196;-87.9064295615541;((_a7_ * -(((-(pow2((_a3_ + (x * ((_a7_ * _a7_) * _a7_))))) * _a2_) + x))) * x);{'d0': {'_a2_': 0.002566147277712109, '_a3_': 15.746122151986622, '_a7_': 2.789990186073322, '_a0_': 1.0, '_a1_': 1.0, '_a4_': 1.0, '_a5_': 1.0, '_a6_': 1.0}};{'d0': 0.024905832919416594};-280.569866449044;52.37850366296761
43197;-87.9064295615541;((_a7_ * -(((-(pow2((_a3_ + (x * ((_a7_ * _a7_) * _a7_))))) * _a2_) + x))) * x);{'d0': {'_a2_': 0.002566147277712109, '_a3_': 15.746122151986622, '_a7_': 2.789990186073322, '_a0_': 1.0, '_a1_': 1.0, '_a4_': 1.0, '_a5_': 1.0, '_a6_': 1.0}};{'d0': 0.024905832919416594};-280.569866449044;52.37850366296761
43198;-87.9064295615541;((_a7_ * -(((-(pow2((_a3_ + (x * ((_a7_ * _a7_) * _a7_))))) * _a2_) + x))) * x);{'d0': {'_a2_': 0.002566147277712109, '_a3_': 15.746122151986622, '_a7_': 2.789990186073322, '_a0_': 1.0, '_a1_': 1.0, '_a4_': 1.0, '_a5_': 1.0, '_a6_': 1.0}};{'d0': 0.024905832919416594};-280.569866449044;52.37850366296761
43199;-87.9064295615541;((_a7_ * -(((-(pow2((_a3_ + (x * ((_a7_ * _a7_) * _a7_))))) * _a2_) + x))) * x);{'d0': {'_a2_': 0.002566147277712109, '_a3_': 15.746122151986622, '_a7_': 2.789990186073322, '_a0_': 1.0, '_a1_': 1.0, '_a4_': 1.0, '_a5_': 1.0, '_a6_': 1.0}};{'d0': 0.024905832919416594};-280.569866449044;52.37850366296761
43200;-87.9064295615541;((_a7_ * -(((-(pow2((_a3_ + (x * ((_a7_ * _a7_) * _a7_))))) * _a2_) + x))) * x);{'d0': {'_a2_': 0.002566147277712109, '_a3_': 15.746122151986622, '_a7_': 2.789990186073322, '_a0_': 1.0, '_a1_': 1.0, '_a4_': 1.0, '_a5_': 1.0, '_a6_': 1.0}};{'d0': 0.024905832919416594};-280.569866449044;52.37850366296761
43201;-87.9064295615541;((_a7_ * -(((-(pow2((_a3_ + (x * ((_a7_ * _a7_) * _a7_))))) * _a2_) + x))) * x);{'d0': {'_a2_': 0.002566147277712109, '_a3_': 15.746122151986622, '_a7_': 2.789990186073322, '_a0_': 1.0, '_a1_': 1.0, '_a4_': 1.0, '_a5_': 1.0, '_a6_': 1.0}};{'d0': 0.024905832919416594};-280.569866449044;52.37850366296761
43202;-87.9064295615541;((_a7_ * -(((-(pow2((_a3_ + (x * ((_a7_ * _a7_) * _a7_))))) * _a2_) + x))) * x);{'d0': {'_a2_': 0.002566147277712109, '_a3_': 15.746122151986622, '_a7_': 2.789990186073322, '_a0_': 1.0, '_a1_': 1.0, '_a4_': 1.0, '_a5_': 1.0, '_a6_': 1.0}};{'d0': 0.024905832919416594};-280.569866449044;52.37850366296761
43203;-87.9064295615541;((_a7_ * -(((-(pow2((_a3_ + (x * ((_a7_ * _a7_) * _a7_))))) * _a2_) + x))) * x);{'d0': {'_a2_': 0.002566147277712109, '_a3_': 15.746122151986622, '_a7_': 2.789990186073322, '_a0_': 1.0, '_a1_': 1.0, '_a4_': 1.0, '_a5_': 1.0, '_a6_': 1.0}};{'d0': 0.024905832919416594};-280.569866449044;52.37850366296761
43204;-87.9064295615541;((_a7_ * -(((-(pow2((_a3_ + (x * ((_a7_ * _a7_) * _a7_))))) * _a2_) + x))) * x);{'d0': {'_a2_': 0.002566147277712109, '_a3_': 15.746122151986622, '_a7_': 2.789990186073322, '_a0_': 1.0, '_a1_': 1.0, '_a4_': 1.0, '_a5_': 1.0, '_a6_': 1.0}};{'d0': 0.024905832919416594};-280.569866449044;52.37850366296761
43205;-87.9064295615541;((_a7_ * -(((-(pow2((_a3_ + (x * ((_a7_ * _a7_) * _a7_))))) * _a2_) + x))) * x);{'d0': {'_a2_': 0.002566147277712109, '_a3_': 15.746122151986622, '_a7_': 2.789990186073322, '_a0_': 1.0, '_a1_': 1.0, '_a4_': 1.0, '_a5_': 1.0, '_a6_': 1.0}};{'d0': 0.024905832919416594};-280.569866449044;52.37850366296761
43206;-87.9064295615541;((_a7_ * -(((-(pow2((_a3_ + (x * ((_a7_ * _a7_) * _a7_))))) * _a2_) + x))) * x);{'d0': {'_a2_': 0.002566147277712109, '_a3_': 15.746122151986622, '_a7_': 2.789990186073322, '_a0_': 1.0, '_a1_': 1.0, '_a4_': 1.0, '_a5_': 1.0, '_a6_': 1.0}};{'d0': 0.024905832919416594};-280.569866449044;52.37850366296761
43207;-87.9064295615541;((_a7_ * -(((-(pow2((_a3_ + (x * ((_a7_ * _a7_) * _a7_))))) * _a2_) + x))) * x);{'d0': {'_a2_': 0.002566147277712109, '_a3_': 15.746122151986622, '_a7_': 2.789990186073322, '_a0_': 1.0, '_a1_': 1.0, '_a4_': 1.0, '_a5_': 1.0, '_a6_': 1.0}};{'d0': 0.024905832919416594};-280.569866449044;52.37850366296761
43208;-87.9064295615541;((_a7_ * -(((-(pow2((_a3_ + (x * ((_a7_ * _a7_) * _a7_))))) * _a2_) + x))) * x);{'d0': {'_a2_': 0.002566147277712109, '_a3_': 15.746122151986622, '_a7_': 2.789990186073322, '_a0_': 1.0, '_a1_': 1.0, '_a4_': 1.0, '_a5_': 1.0, '_a6_': 1.0}};{'d0': 0.024905832919416594};-280.569866449044;52.37850366296761
43209;-87.9064295615541;((_a7_ * -(((-(pow2((_a3_ + (x * ((_a7_ * _a7_) * _a7_))))) * _a2_) + x))) * x);{'d0': {'_a2_': 0.002566147277712109, '_a3_': 15.746122151986622, '_a7_': 2.789990186073322, '_a0_': 1.0, '_a1_': 1.0, '_a4_': 1.0, '_a5_': 1.0, '_a6_': 1.0}};{'d0': 0.024905832919416594};-280.569866449044;52.37850366296761
43210;-87.9064295615541;((_a7_ * -(((-(pow2((_a3_ + (x * ((_a7_ * _a7_) * _a7_))))) * _a2_) + x))) * x);{'d0': {'_a2_': 0.002566147277712109, '_a3_': 15.746122151986622, '_a7_': 2.789990186073322, '_a0_': 1.0, '_a1_': 1.0, '_a4_': 1.0, '_a5_': 1.0, '_a6_': 1.0}};{'d0': 0.024905832919416594};-280.569866449044;52.37850366296761
43211;-87.9064295615541;((_a7_ * -(((-(pow2((_a3_ + (x * ((_a7_ * _a7_) * _a7_))))) * _a2_) + x))) * x);{'d0': {'_a2_': 0.002566147277712109, '_a3_': 15.746122151986622, '_a7_': 2.789990186073322, '_a0_': 1.0, '_a1_': 1.0, '_a4_': 1.0, '_a5_': 1.0, '_a6_': 1.0}};{'d0': 0.024905832919416594};-280.569866449044;52.37850366296761
43212;-87.9064295615541;((_a7_ * -(((-(pow2((_a3_ + (x * ((_a7_ * _a7_) * _a7_))))) * _a2_) + x))) * x);{'d0': {'_a2_': 0.002566147277712109, '_a3_': 15.746122151986622, '_a7_': 2.789990186073322, '_a0_': 1.0, '_a1_': 1.0, '_a4_': 1.0, '_a5_': 1.0, '_a6_': 1.0}};{'d0': 0.024905832919416594};-280.569866449044;52.37850366296761
43213;-87.9064295615541;((_a7_ * -(((-(pow2((_a3_ + (x * ((_a7_ * _a7_) * _a7_))))) * _a2_) + x))) * x);{'d0': {'_a2_': 0.002566147277712109, '_a3_': 15.746122151986622, '_a7_': 2.789990186073322, '_a0_': 1.0, '_a1_': 1.0, '_a4_': 1.0, '_a5_': 1.0, '_a6_': 1.0}};{'d0': 0.024905832919416594};-280.569866449044;52.37850366296761
43214;-87.9064295615541;((_a7_ * -(((-(pow2((_a3_ + (x * ((_a7_ * _a7_) * _a7_))))) * _a2_) + x))) * x);{'d0': {'_a2_': 0.002566147277712109, '_a3_': 15.746122151986622, '_a7_': 2.789990186073322, '_a0_': 1.0, '_a1_': 1.0, '_a4_': 1.0, '_a5_': 1.0, '_a6_': 1.0}};{'d0': 0.024905832919416594};-280.569866449044;52.37850366296761
43215;-87.9064295615541;((_a7_ * -(((-(pow2((_a3_ + (x * ((_a7_ * _a7_) * _a7_))))) * _a2_) + x))) * x);{'d0': {'_a2_': 0.002566147277712109, '_a3_': 15.746122151986622, '_a7_': 2.789990186073322, '_a0_': 1.0, '_a1_': 1.0, '_a4_': 1.0, '_a5_': 1.0, '_a6_': 1.0}};{'d0': 0.024905832919416594};-280.569866449044;52.37850366296761
43216;-87.9064295615541;((_a7_ * -(((-(pow2((_a3_ + (x * ((_a7_ * _a7_) * _a7_))))) * _a2_) + x))) * x);{'d0': {'_a2_': 0.002566147277712109, '_a3_': 15.746122151986622, '_a7_': 2.789990186073322, '_a0_': 1.0, '_a1_': 1.0, '_a4_': 1.0, '_a5_': 1.0, '_a6_': 1.0}};{'d0': 0.024905832919416594};-280.569866449044;52.37850366296761
43217;-87.9064295615541;((_a7_ * -(((-(pow2((_a3_ + (x * ((_a7_ * _a7_) * _a7_))))) * _a2_) + x))) * x);{'d0': {'_a2_': 0.002566147277712109, '_a3_': 15.746122151986622, '_a7_': 2.789990186073322, '_a0_': 1.0, '_a1_': 1.0, '_a4_': 1.0, '_a5_': 1.0, '_a6_': 1.0}};{'d0': 0.024905832919416594};-280.569866449044;52.37850366296761
43218;-87.9064295615541;((_a7_ * -(((-(pow2((_a3_ + (x * ((_a7_ * _a7_) * _a7_))))) * _a2_) + x))) * x);{'d0': {'_a2_': 0.002566147277712109, '_a3_': 15.746122151986622, '_a7_': 2.789990186073322, '_a0_': 1.0, '_a1_': 1.0, '_a4_': 1.0, '_a5_': 1.0, '_a6_': 1.0}};{'d0': 0.024905832919416594};-280.569866449044;52.37850366296761
43219;-87.9064295615541;((_a7_ * -(((-(pow2((_a3_ + (x * ((_a7_ * _a7_) * _a7_))))) * _a2_) + x))) * x);{'d0': {'_a2_': 0.002566147277712109, '_a3_': 15.746122151986622, '_a7_': 2.789990186073322, '_a0_': 1.0, '_a1_': 1.0, '_a4_': 1.0, '_a5_': 1.0, '_a6_': 1.0}};{'d0': 0.024905832919416594};-280.569866449044;52.37850366296761
43220;-87.9064295615541;((_a7_ * -(((-(pow2((_a3_ + (x * ((_a7_ * _a7_) * _a7_))))) * _a2_) + x))) * x);{'d0': {'_a2_': 0.002566147277712109, '_a3_': 15.746122151986622, '_a7_': 2.789990186073322, '_a0_': 1.0, '_a1_': 1.0, '_a4_': 1.0, '_a5_': 1.0, '_a6_': 1.0}};{'d0': 0.024905832919416594};-280.569866449044;52.37850366296761
43221;-87.9064295615541;((_a7_ * -(((-(pow2((_a3_ + (x * ((_a7_ * _a7_) * _a7_))))) * _a2_) + x))) * x);{'d0': {'_a2_': 0.002566147277712109, '_a3_': 15.746122151986622, '_a7_': 2.789990186073322, '_a0_': 1.0, '_a1_': 1.0, '_a4_': 1.0, '_a5_': 1.0, '_a6_': 1.0}};{'d0': 0.024905832919416594};-280.569866449044;52.37850366296761
43222;-87.9064295615541;((_a7_ * -(((-(pow2((_a3_ + (x * ((_a7_ * _a7_) * _a7_))))) * _a2_) + x))) * x);{'d0': {'_a2_': 0.002566147277712109, '_a3_': 15.746122151986622, '_a7_': 2.789990186073322, '_a0_': 1.0, '_a1_': 1.0, '_a4_': 1.0, '_a5_': 1.0, '_a6_': 1.0}};{'d0': 0.024905832919416594};-280.569866449044;52.37850366296761
43223;-87.9064295615541;((_a7_ * -(((-(pow2((_a3_ + (x * ((_a7_ * _a7_) * _a7_))))) * _a2_) + x))) * x);{'d0': {'_a2_': 0.002566147277712109, '_a3_': 15.746122151986622, '_a7_': 2.789990186073322, '_a0_': 1.0, '_a1_': 1.0, '_a4_': 1.0, '_a5_': 1.0, '_a6_': 1.0}};{'d0': 0.024905832919416594};-280.569866449044;52.37850366296761
43224;-87.9064295615541;((_a7_ * -(((-(pow2((_a3_ + (x * ((_a7_ * _a7_) * _a7_))))) * _a2_) + x))) * x);{'d0': {'_a2_': 0.002566147277712109, '_a3_': 15.746122151986622, '_a7_': 2.789990186073322, '_a0_': 1.0, '_a1_': 1.0, '_a4_': 1.0, '_a5_': 1.0, '_a6_': 1.0}};{'d0': 0.024905832919416594};-280.569866449044;52.37850366296761
43225;-86.3369357135551;((_a7_ * -(((-(pow2((_a3_ + (x * ((_a7_ * _a7_) ** _a7_))))) * _a2_) + x))) * x);{'d0': {'_a2_': 1.2882177361054626e-05, '_a3_': 222.2387409962582, '_a7_': 2.7899901835766934, '_a0_': 1.0, '_a1_': 1.0, '_a4_': 1.0, '_a5_': 1.0, '_a6_': 1.0}};{'d0': 0.024905832919416653};-280.569866449044;53.94799751096661
43226;-86.3369357135551;((_a7_ * -(((-(pow2((_a3_ + (x * ((_a7_ * _a7_) ** _a7_))))) * _a2_) + x))) * x);{'d0': {'_a2_': 1.2882177361054626e-05, '_a3_': 222.2387409962582, '_a7_': 2.7899901835766934, '_a0_': 1.0, '_a1_': 1.0, '_a4_': 1.0, '_a5_': 1.0, '_a6_': 1.0}};{'d0': 0.024905832919416653};-280.569866449044;53.94799751096661
43227;-86.3369357135551;((_a7_ * -(((-(pow2((_a3_ + (x * ((_a7_ * _a7_) ** _a7_))))) * _a2_) + x))) * x);{'d0': {'_a2_': 1.2882177361054626e-05, '_a3_': 222.2387409962582, '_a7_': 2.7899901835766934, '_a0_': 1.0, '_a1_': 1.0, '_a4_': 1.0, '_a5_': 1.0, '_a6_': 1.0}};{'d0': 0.024905832919416653};-280.569866449044;53.94799751096661
43228;-86.3369357135551;((_a7_ * -(((-(pow2((_a3_ + (x * ((_a7_ * _a7_) ** _a7_))))) * _a2_) + x))) * x);{'d0': {'_a2_': 1.2882177361054626e-05, '_a3_': 222.2387409962582, '_a7_': 2.7899901835766934, '_a0_': 1.0, '_a1_': 1.0, '_a4_': 1.0, '_a5_': 1.0, '_a6_': 1.0}};{'d0': 0.024905832919416653};-280.569866449044;53.94799751096661
43229;-86.3369357135551;((_a7_ * -(((-(pow2((_a3_ + (x * ((_a7_ * _a7_) ** _a7_))))) * _a2_) + x))) * x);{'d0': {'_a2_': 1.2882177361054626e-05, '_a3_': 222.2387409962582, '_a7_': 2.7899901835766934, '_a0_': 1.0, '_a1_': 1.0, '_a4_': 1.0, '_a5_': 1.0, '_a6_': 1.0}};{'d0': 0.024905832919416653};-280.569866449044;53.94799751096661
43230;-86.3369357135551;((_a7_ * -(((-(pow2((_a3_ + (x * ((_a7_ * _a7_) ** _a7_))))) * _a2_) + x))) * x);{'d0': {'_a2_': 1.2882177361054626e-05, '_a3_': 222.2387409962582, '_a7_': 2.7899901835766934, '_a0_': 1.0, '_a1_': 1.0, '_a4_': 1.0, '_a5_': 1.0, '_a6_': 1.0}};{'d0': 0.024905832919416653};-280.569866449044;53.94799751096661
43231;-86.3369357135551;((_a7_ * -(((-(pow2((_a3_ + (x * ((_a7_ * _a7_) ** _a7_))))) * _a2_) + x))) * x);{'d0': {'_a2_': 1.2882177361054626e-05, '_a3_': 222.2387409962582, '_a7_': 2.7899901835766934, '_a0_': 1.0, '_a1_': 1.0, '_a4_': 1.0, '_a5_': 1.0, '_a6_': 1.0}};{'d0': 0.024905832919416653};-280.569866449044;53.94799751096661
43232;-86.3369357135551;((_a7_ * -(((-(pow2((_a3_ + (x * ((_a7_ * _a7_) ** _a7_))))) * _a2_) + x))) * x);{'d0': {'_a2_': 1.2882177361054626e-05, '_a3_': 222.2387409962582, '_a7_': 2.7899901835766934, '_a0_': 1.0, '_a1_': 1.0, '_a4_': 1.0, '_a5_': 1.0, '_a6_': 1.0}};{'d0': 0.024905832919416653};-280.569866449044;53.94799751096661
43233;-86.3369357135551;((_a7_ * -(((-(pow2((_a3_ + (x * ((_a7_ * _a7_) ** _a7_))))) * _a2_) + x))) * x);{'d0': {'_a2_': 1.2882177361054626e-05, '_a3_': 222.2387409962582, '_a7_': 2.7899901835766934, '_a0_': 1.0, '_a1_': 1.0, '_a4_': 1.0, '_a5_': 1.0, '_a6_': 1.0}};{'d0': 0.024905832919416653};-280.569866449044;53.94799751096661
43234;-86.3369357135551;((_a7_ * -(((-(pow2((_a3_ + (x * ((_a7_ * _a7_) ** _a7_))))) * _a2_) + x))) * x);{'d0': {'_a2_': 1.2882177361054626e-05, '_a3_': 222.2387409962582, '_a7_': 2.7899901835766934, '_a0_': 1.0, '_a1_': 1.0, '_a4_': 1.0, '_a5_': 1.0, '_a6_': 1.0}};{'d0': 0.024905832919416653};-280.569866449044;53.94799751096661
43235;-99.5822889035535;((x * _a7_) + (((x * pow2((_a7_ + (_a2_ * x)))) * _a4_) / _a2_));{'d0': {'_a2_': 4.637506635713895, '_a4_': 0.7281414652793567, '_a7_': 1.4465760897288917, '_a0_': 1.0, '_a1_': 1.0, '_a3_': 1.0, '_a5_': 1.0, '_a6_': 1.0}};{'d0': 0.0249058329194166};-280.569866449044;40.70264432096831
43236;-99.5822889035535;((x * _a7_) + (((x * pow2((_a7_ + (_a2_ * x)))) * _a4_) / _a2_));{'d0': {'_a2_': 4.637506635713895, '_a4_': 0.7281414652793567, '_a7_': 1.4465760897288917, '_a0_': 1.0, '_a1_': 1.0, '_a3_': 1.0, '_a5_': 1.0, '_a6_': 1.0}};{'d0': 0.0249058329194166};-280.569866449044;40.70264432096831
43237;-99.5822889035535;((x * _a7_) + (((x * pow2((_a7_ + (_a2_ * x)))) * _a4_) / _a2_));{'d0': {'_a2_': 4.637506635713895, '_a4_': 0.7281414652793567, '_a7_': 1.4465760897288917, '_a0_': 1.0, '_a1_': 1.0, '_a3_': 1.0, '_a5_': 1.0, '_a6_': 1.0}};{'d0': 0.0249058329194166};-280.569866449044;40.70264432096831
43238;-99.5822889035535;((x * _a7_) + (((x * pow2((_a7_ + (_a2_ * x)))) * _a4_) / _a2_));{'d0': {'_a2_': 4.637506635713895, '_a4_': 0.7281414652793567, '_a7_': 1.4465760897288917, '_a0_': 1.0, '_a1_': 1.0, '_a3_': 1.0, '_a5_': 1.0, '_a6_': 1.0}};{'d0': 0.0249058329194166};-280.569866449044;40.70264432096831
43239;-86.3369357135551;((_a7_ * -(((-(pow2((_a3_ + (x * ((_a7_ * _a7_) ** _a7_))))) * _a2_) + x))) * x);{'d0': {'_a2_': 1.2882177361054626e-05, '_a3_': 222.2387409962582, '_a7_': 2.7899901835766934, '_a0_': 1.0, '_a1_': 1.0, '_a4_': 1.0, '_a5_': 1.0, '_a6_': 1.0}};{'d0': 0.024905832919416653};-280.569866449044;53.94799751096661
43240;-86.3369357135551;((_a7_ * -(((-(pow2((_a3_ + (x * ((_a7_ * _a7_) ** _a7_))))) * _a2_) + x))) * x);{'d0': {'_a2_': 1.2882177361054626e-05, '_a3_': 222.2387409962582, '_a7_': 2.7899901835766934, '_a0_': 1.0, '_a1_': 1.0, '_a4_': 1.0, '_a5_': 1.0, '_a6_': 1.0}};{'d0': 0.024905832919416653};-280.569866449044;53.94799751096661
43241;-86.3369357135551;((_a7_ * -(((-(pow2((_a3_ + (x * ((_a7_ * _a7_) ** _a7_))))) * _a2_) + x))) * x);{'d0': {'_a2_': 1.2882177361054626e-05, '_a3_': 222.2387409962582, '_a7_': 2.7899901835766934, '_a0_': 1.0, '_a1_': 1.0, '_a4_': 1.0, '_a5_': 1.0, '_a6_': 1.0}};{'d0': 0.024905832919416653};-280.569866449044;53.94799751096661
43242;-86.3369357135551;((_a7_ * -(((-(pow2((_a3_ + (x * ((_a7_ * _a7_) ** _a7_))))) * _a2_) + x))) * x);{'d0': {'_a2_': 1.2882177361054626e-05, '_a3_': 222.2387409962582, '_a7_': 2.7899901835766934, '_a0_': 1.0, '_a1_': 1.0, '_a4_': 1.0, '_a5_': 1.0, '_a6_': 1.0}};{'d0': 0.024905832919416653};-280.569866449044;53.94799751096661
43243;-86.3369357135551;((_a7_ * -(((-(pow2((_a3_ + (x * ((_a7_ * _a7_) ** _a7_))))) * _a2_) + x))) * x);{'d0': {'_a2_': 1.2882177361054626e-05, '_a3_': 222.2387409962582, '_a7_': 2.7899901835766934, '_a0_': 1.0, '_a1_': 1.0, '_a4_': 1.0, '_a5_': 1.0, '_a6_': 1.0}};{'d0': 0.024905832919416653};-280.569866449044;53.94799751096661
43244;-99.5822889035535;((x * _a7_) + (((x * pow2((_a7_ + (_a4_ * x)))) * _a4_) / _a2_));{'d0': {'_a2_': 29.5361120003994, '_a4_': 4.6375066397604785, '_a7_': 1.446576090543495, '_a0_': 1.0, '_a1_': 1.0, '_a3_': 1.0, '_a5_': 1.0, '_a6_': 1.0}};{'d0': 0.024905832919416636};-280.569866449044;40.70264432096831
43245;-86.3369357135551;((_a7_ * -(((-(pow2((_a3_ + (x * ((_a7_ * _a7_) ** _a7_))))) * _a2_) + x))) * x);{'d0': {'_a2_': 1.2882177361054626e-05, '_a3_': 222.2387409962582, '_a7_': 2.7899901835766934, '_a0_': 1.0, '_a1_': 1.0, '_a4_': 1.0, '_a5_': 1.0, '_a6_': 1.0}};{'d0': 0.024905832919416653};-280.569866449044;53.94799751096661
43246;-86.3369357135551;((_a7_ * -(((-(pow2((_a3_ + (x * ((_a7_ * _a7_) ** _a7_))))) * _a2_) + x))) * x);{'d0': {'_a2_': 1.2882177361054626e-05, '_a3_': 222.2387409962582, '_a7_': 2.7899901835766934, '_a0_': 1.0, '_a1_': 1.0, '_a4_': 1.0, '_a5_': 1.0, '_a6_': 1.0}};{'d0': 0.024905832919416653};-280.569866449044;53.94799751096661
43247;-86.3369357135551;((_a7_ * -(((-(pow2((_a3_ + (x * ((_a7_ * _a7_) ** _a7_))))) * _a2_) + x))) * x);{'d0': {'_a2_': 1.2882177361054626e-05, '_a3_': 222.2387409962582, '_a7_': 2.7899901835766934, '_a0_': 1.0, '_a1_': 1.0, '_a4_': 1.0, '_a5_': 1.0, '_a6_': 1.0}};{'d0': 0.024905832919416653};-280.569866449044;53.94799751096661
43248;-86.3369357135551;((_a7_ * -(((-(pow2((_a3_ + (x * ((_a7_ * _a7_) ** _a7_))))) * _a2_) + x))) * x);{'d0': {'_a2_': 1.2882177361054626e-05, '_a3_': 222.2387409962582, '_a7_': 2.7899901835766934, '_a0_': 1.0, '_a1_': 1.0, '_a4_': 1.0, '_a5_': 1.0, '_a6_': 1.0}};{'d0': 0.024905832919416653};-280.569866449044;53.94799751096661
43249;-99.5822889035535;((x * _a7_) + (((x * pow2((_a7_ + (_a4_ * x)))) * _a4_) / _a2_));{'d0': {'_a2_': 29.5361120003994, '_a4_': 4.6375066397604785, '_a7_': 1.446576090543495, '_a0_': 1.0, '_a1_': 1.0, '_a3_': 1.0, '_a5_': 1.0, '_a6_': 1.0}};{'d0': 0.024905832919416636};-280.569866449044;40.70264432096831
43250;-99.5822889035535;((x * _a7_) + (((x * pow2((_a7_ + (_a4_ * x)))) * _a4_) / _a2_));{'d0': {'_a2_': 29.5361120003994, '_a4_': 4.6375066397604785, '_a7_': 1.446576090543495, '_a0_': 1.0, '_a1_': 1.0, '_a3_': 1.0, '_a5_': 1.0, '_a6_': 1.0}};{'d0': 0.024905832919416636};-280.569866449044;40.70264432096831
43251;-99.5822889035535;((x * _a7_) + (((x * pow2((_a7_ + (_a4_ * x)))) * _a4_) / _a2_));{'d0': {'_a2_': 29.5361120003994, '_a4_': 4.6375066397604785, '_a7_': 1.446576090543495, '_a0_': 1.0, '_a1_': 1.0, '_a3_': 1.0, '_a5_': 1.0, '_a6_': 1.0}};{'d0': 0.024905832919416636};-280.569866449044;40.70264432096831
43252;-99.5822889035535;((x * _a7_) + (((x * pow2((_a7_ + (_a4_ * x)))) * _a4_) / _a2_));{'d0': {'_a2_': 29.5361120003994, '_a4_': 4.6375066397604785, '_a7_': 1.446576090543495, '_a0_': 1.0, '_a1_': 1.0, '_a3_': 1.0, '_a5_': 1.0, '_a6_': 1.0}};{'d0': 0.024905832919416636};-280.569866449044;40.70264432096831
43253;-99.5822889035535;((x * _a7_) + (((x * pow2((_a7_ + (_a4_ * x)))) * _a4_) / _a2_));{'d0': {'_a2_': 29.5361120003994, '_a4_': 4.6375066397604785, '_a7_': 1.446576090543495, '_a0_': 1.0, '_a1_': 1.0, '_a3_': 1.0, '_a5_': 1.0, '_a6_': 1.0}};{'d0': 0.024905832919416636};-280.569866449044;40.70264432096831
43254;-99.5822889035535;((x * _a7_) + (((x * pow2((_a7_ + (_a4_ * x)))) * _a4_) / _a2_));{'d0': {'_a2_': 29.5361120003994, '_a4_': 4.6375066397604785, '_a7_': 1.446576090543495, '_a0_': 1.0, '_a1_': 1.0, '_a3_': 1.0, '_a5_': 1.0, '_a6_': 1.0}};{'d0': 0.024905832919416636};-280.569866449044;40.70264432096831
43255;-99.5822889035535;((x * _a7_) + (((x * pow2((_a7_ + (_a4_ * x)))) * _a4_) / _a2_));{'d0': {'_a2_': 29.5361120003994, '_a4_': 4.6375066397604785, '_a7_': 1.446576090543495, '_a0_': 1.0, '_a1_': 1.0, '_a3_': 1.0, '_a5_': 1.0, '_a6_': 1.0}};{'d0': 0.024905832919416636};-280.569866449044;40.70264432096831
43256;-99.5822889035535;((x * _a7_) + (((x * pow2((_a7_ + (_a4_ * x)))) * _a4_) / _a2_));{'d0': {'_a2_': 29.5361120003994, '_a4_': 4.6375066397604785, '_a7_': 1.446576090543495, '_a0_': 1.0, '_a1_': 1.0, '_a3_': 1.0, '_a5_': 1.0, '_a6_': 1.0}};{'d0': 0.024905832919416636};-280.569866449044;40.70264432096831
43257;-99.5822889035535;((x * _a7_) + (((x * pow2((_a7_ + (_a4_ * x)))) * _a4_) / _a2_));{'d0': {'_a2_': 29.5361120003994, '_a4_': 4.6375066397604785, '_a7_': 1.446576090543495, '_a0_': 1.0, '_a1_': 1.0, '_a3_': 1.0, '_a5_': 1.0, '_a6_': 1.0}};{'d0': 0.024905832919416636};-280.569866449044;40.70264432096831
43258;-99.5822889035535;((x * _a7_) + (((x * pow2((_a7_ + (_a4_ * x)))) * _a4_) / _a2_));{'d0': {'_a2_': 29.5361120003994, '_a4_': 4.6375066397604785, '_a7_': 1.446576090543495, '_a0_': 1.0, '_a1_': 1.0, '_a3_': 1.0, '_a5_': 1.0, '_a6_': 1.0}};{'d0': 0.024905832919416636};-280.569866449044;40.70264432096831
43259;-99.5822889035535;((x * _a7_) + (((x * pow2((_a7_ + (_a4_ * x)))) * _a4_) / _a2_));{'d0': {'_a2_': 29.5361120003994, '_a4_': 4.6375066397604785, '_a7_': 1.446576090543495, '_a0_': 1.0, '_a1_': 1.0, '_a3_': 1.0, '_a5_': 1.0, '_a6_': 1.0}};{'d0': 0.024905832919416636};-280.569866449044;40.70264432096831
43260;-99.5822889035535;((x * _a7_) + (((x * pow2((_a7_ + (_a4_ * x)))) * _a4_) / _a2_));{'d0': {'_a2_': 29.5361120003994, '_a4_': 4.6375066397604785, '_a7_': 1.446576090543495, '_a0_': 1.0, '_a1_': 1.0, '_a3_': 1.0, '_a5_': 1.0, '_a6_': 1.0}};{'d0': 0.024905832919416636};-280.569866449044;40.70264432096831
43261;-99.5822889035535;((x * _a7_) + (((x * pow2((_a7_ + (_a4_ * x)))) * _a4_) / _a2_));{'d0': {'_a2_': 29.5361120003994, '_a4_': 4.6375066397604785, '_a7_': 1.446576090543495, '_a0_': 1.0, '_a1_': 1.0, '_a3_': 1.0, '_a5_': 1.0, '_a6_': 1.0}};{'d0': 0.024905832919416636};-280.569866449044;40.70264432096831
43262;-99.5822889035535;((x * _a7_) + (((x * pow2((_a7_ + (_a4_ * x)))) * _a4_) / _a2_));{'d0': {'_a2_': 29.5361120003994, '_a4_': 4.6375066397604785, '_a7_': 1.446576090543495, '_a0_': 1.0, '_a1_': 1.0, '_a3_': 1.0, '_a5_': 1.0, '_a6_': 1.0}};{'d0': 0.024905832919416636};-280.569866449044;40.70264432096831
43263;-98.6110277799805;((x * _a7_) + (((x * pow2((_a7_ + (_a4_ + x)))) * _a4_) / _a2_));{'d0': {'_a2_': -0.33601620691985123, '_a4_': -1.13464638174328, '_a7_': 1.4465760895158815, '_a0_': 1.0, '_a1_': 1.0, '_a3_': 1.0, '_a5_': 1.0, '_a6_': 1.0}};{'d0': 0.024905832919416625};-280.569866449044;41.67390544454131
43264;-98.6110277799805;((x * _a7_) + (((x * pow2((_a7_ + (_a4_ + x)))) * _a4_) / _a2_));{'d0': {'_a2_': -0.33601620691985123, '_a4_': -1.13464638174328, '_a7_': 1.4465760895158815, '_a0_': 1.0, '_a1_': 1.0, '_a3_': 1.0, '_a5_': 1.0, '_a6_': 1.0}};{'d0': 0.024905832919416625};-280.569866449044;41.67390544454131
43265;-98.6110277799805;((x * _a7_) + (((x * pow2((_a7_ + (_a4_ + x)))) * _a4_) / _a2_));{'d0': {'_a2_': -0.33601620691985123, '_a4_': -1.13464638174328, '_a7_': 1.4465760895158815, '_a0_': 1.0, '_a1_': 1.0, '_a3_': 1.0, '_a5_': 1.0, '_a6_': 1.0}};{'d0': 0.024905832919416625};-280.569866449044;41.67390544454131
43266;-98.6110277799805;((x * _a7_) + (((x * pow2((_a7_ + (_a4_ + x)))) * _a4_) / _a2_));{'d0': {'_a2_': -0.33601620691985123, '_a4_': -1.13464638174328, '_a7_': 1.4465760895158815, '_a0_': 1.0, '_a1_': 1.0, '_a3_': 1.0, '_a5_': 1.0, '_a6_': 1.0}};{'d0': 0.024905832919416625};-280.569866449044;41.67390544454131
43267;-98.6110277799805;((x * _a7_) + (((x * pow2((_a7_ + (_a4_ + x)))) * _a4_) / _a2_));{'d0': {'_a2_': -0.33601620691985123, '_a4_': -1.13464638174328, '_a7_': 1.4465760895158815, '_a0_': 1.0, '_a1_': 1.0, '_a3_': 1.0, '_a5_': 1.0, '_a6_': 1.0}};{'d0': 0.024905832919416625};-280.569866449044;41.67390544454131
43268;-98.6110277799805;((x * _a7_) + (((x * pow2((_a7_ + (_a4_ + x)))) * _a4_) / _a2_));{'d0': {'_a2_': -0.33601620691985123, '_a4_': -1.13464638174328, '_a7_': 1.4465760895158815, '_a0_': 1.0, '_a1_': 1.0, '_a3_': 1.0, '_a5_': 1.0, '_a6_': 1.0}};{'d0': 0.024905832919416625};-280.569866449044;41.67390544454131
43269;-98.6110277799805;((x * _a7_) + (((x * pow2((_a7_ + (_a4_ + x)))) * _a4_) / _a2_));{'d0': {'_a2_': -0.33601620691985123, '_a4_': -1.13464638174328, '_a7_': 1.4465760895158815, '_a0_': 1.0, '_a1_': 1.0, '_a3_': 1.0, '_a5_': 1.0, '_a6_': 1.0}};{'d0': 0.024905832919416625};-280.569866449044;41.67390544454131
43270;-98.6110277799805;((x * _a7_) + (((x * pow2((_a7_ + (_a4_ + x)))) * _a4_) / _a2_));{'d0': {'_a2_': -0.33601620691985123, '_a4_': -1.13464638174328, '_a7_': 1.4465760895158815, '_a0_': 1.0, '_a1_': 1.0, '_a3_': 1.0, '_a5_': 1.0, '_a6_': 1.0}};{'d0': 0.024905832919416625};-280.569866449044;41.67390544454131
43271;-98.6110277799805;((x * _a7_) + (((x * pow2((_a7_ + (_a4_ + x)))) * _a4_) / _a2_));{'d0': {'_a2_': -0.33601620691985123, '_a4_': -1.13464638174328, '_a7_': 1.4465760895158815, '_a0_': 1.0, '_a1_': 1.0, '_a3_': 1.0, '_a5_': 1.0, '_a6_': 1.0}};{'d0': 0.024905832919416625};-280.569866449044;41.67390544454131
43272;-98.6110277799805;((x * _a7_) + (((x * pow2((_a7_ + (_a4_ + x)))) * _a4_) / _a2_));{'d0': {'_a2_': -0.33601620691985123, '_a4_': -1.13464638174328, '_a7_': 1.4465760895158815, '_a0_': 1.0, '_a1_': 1.0, '_a3_': 1.0, '_a5_': 1.0, '_a6_': 1.0}};{'d0': 0.024905832919416625};-280.569866449044;41.67390544454131
43273;-98.6110277799805;((x * _a7_) + (((x * pow2((_a7_ + (_a4_ + x)))) * _a4_) / _a2_));{'d0': {'_a2_': -0.33601620691985123, '_a4_': -1.13464638174328, '_a7_': 1.4465760895158815, '_a0_': 1.0, '_a1_': 1.0, '_a3_': 1.0, '_a5_': 1.0, '_a6_': 1.0}};{'d0': 0.024905832919416625};-280.569866449044;41.67390544454131
43274;-98.6110277799805;((x * _a7_) + (((x * pow2((_a7_ + (_a4_ + x)))) * _a4_) / _a2_));{'d0': {'_a2_': -0.33601620691985123, '_a4_': -1.13464638174328, '_a7_': 1.4465760895158815, '_a0_': 1.0, '_a1_': 1.0, '_a3_': 1.0, '_a5_': 1.0, '_a6_': 1.0}};{'d0': 0.024905832919416625};-280.569866449044;41.67390544454131
43275;-98.6110277799805;((x * _a7_) + (((x * pow2((_a7_ + (_a4_ + x)))) * _a4_) / _a2_));{'d0': {'_a2_': -0.33601620691985123, '_a4_': -1.13464638174328, '_a7_': 1.4465760895158815, '_a0_': 1.0, '_a1_': 1.0, '_a3_': 1.0, '_a5_': 1.0, '_a6_': 1.0}};{'d0': 0.024905832919416625};-280.569866449044;41.67390544454131
43276;-98.6110277799805;((x * _a7_) + (((x * pow2((_a7_ + (_a4_ + x)))) * _a4_) / _a2_));{'d0': {'_a2_': -0.33601620691985123, '_a4_': -1.13464638174328, '_a7_': 1.4465760895158815, '_a0_': 1.0, '_a1_': 1.0, '_a3_': 1.0, '_a5_': 1.0, '_a6_': 1.0}};{'d0': 0.024905832919416625};-280.569866449044;41.67390544454131
43277;-98.6110277799805;((x * _a7_) + (((x * pow2((_a7_ + (_a4_ + x)))) * _a4_) / _a2_));{'d0': {'_a2_': -0.33601620691985123, '_a4_': -1.13464638174328, '_a7_': 1.4465760895158815, '_a0_': 1.0, '_a1_': 1.0, '_a3_': 1.0, '_a5_': 1.0, '_a6_': 1.0}};{'d0': 0.024905832919416625};-280.569866449044;41.67390544454131
43278;-98.6110277799805;((x * _a7_) + (((x * pow2((_a7_ + (_a4_ + x)))) * _a4_) / _a2_));{'d0': {'_a2_': -0.33601620691985123, '_a4_': -1.13464638174328, '_a7_': 1.4465760895158815, '_a0_': 1.0, '_a1_': 1.0, '_a3_': 1.0, '_a5_': 1.0, '_a6_': 1.0}};{'d0': 0.024905832919416625};-280.569866449044;41.67390544454131
43279;-98.6110277799805;((x * _a7_) + (((x * pow2((_a7_ + (_a4_ + x)))) * _a4_) / _a2_));{'d0': {'_a2_': -0.33601620691985123, '_a4_': -1.13464638174328, '_a7_': 1.4465760895158815, '_a0_': 1.0, '_a1_': 1.0, '_a3_': 1.0, '_a5_': 1.0, '_a6_': 1.0}};{'d0': 0.024905832919416625};-280.569866449044;41.67390544454131
43280;-98.6110277799805;((x * _a7_) + (((x * pow2((_a7_ + (_a4_ + x)))) * _a4_) / _a2_));{'d0': {'_a2_': -0.33601620691985123, '_a4_': -1.13464638174328, '_a7_': 1.4465760895158815, '_a0_': 1.0, '_a1_': 1.0, '_a3_': 1.0, '_a5_': 1.0, '_a6_': 1.0}};{'d0': 0.024905832919416625};-280.569866449044;41.67390544454131
43281;-98.6110277799805;((x * _a7_) + (((x * pow2((_a7_ + (_a4_ + x)))) * _a4_) / _a2_));{'d0': {'_a2_': -0.33601620691985123, '_a4_': -1.13464638174328, '_a7_': 1.4465760895158815, '_a0_': 1.0, '_a1_': 1.0, '_a3_': 1.0, '_a5_': 1.0, '_a6_': 1.0}};{'d0': 0.024905832919416625};-280.569866449044;41.67390544454131
43282;-98.6110277799805;((x * _a7_) + (((x * pow2((_a7_ + (_a4_ + x)))) * _a4_) / _a2_));{'d0': {'_a2_': -0.33601620691985123, '_a4_': -1.13464638174328, '_a7_': 1.4465760895158815, '_a0_': 1.0, '_a1_': 1.0, '_a3_': 1.0, '_a5_': 1.0, '_a6_': 1.0}};{'d0': 0.024905832919416625};-280.569866449044;41.67390544454131
43283;-99.4619796209259;((x * _a7_) + (((x * pow2((_a7_ + (_a4_ + x)))) * _a4_) * _a2_));{'d0': {'_a2_': -2.9760469287770905, '_a4_': -1.1346463814268404, '_a7_': 1.4465760892094186, '_a0_': 1.0, '_a1_': 1.0, '_a3_': 1.0, '_a5_': 1.0, '_a6_': 1.0}};{'d0': 0.024905832919416605};-280.569866449044;40.82295360359591
43284;-99.4619796209259;((x * _a7_) + (((x * pow2((_a7_ + (_a4_ + x)))) * _a4_) * _a2_));{'d0': {'_a2_': -2.9760469287770905, '_a4_': -1.1346463814268404, '_a7_': 1.4465760892094186, '_a0_': 1.0, '_a1_': 1.0, '_a3_': 1.0, '_a5_': 1.0, '_a6_': 1.0}};{'d0': 0.024905832919416605};-280.569866449044;40.82295360359591
43285;-99.4619796209259;((x * _a7_) + (((x * pow2((_a7_ + (_a4_ + x)))) * _a4_) * _a2_));{'d0': {'_a2_': -2.9760469287770905, '_a4_': -1.1346463814268404, '_a7_': 1.4465760892094186, '_a0_': 1.0, '_a1_': 1.0, '_a3_': 1.0, '_a5_': 1.0, '_a6_': 1.0}};{'d0': 0.024905832919416605};-280.569866449044;40.82295360359591
43286;-99.4619796209259;((x * _a7_) + (((x * pow2((_a7_ + (_a4_ + x)))) * _a4_) * _a2_));{'d0': {'_a2_': -2.9760469287770905, '_a4_': -1.1346463814268404, '_a7_': 1.4465760892094186, '_a0_': 1.0, '_a1_': 1.0, '_a3_': 1.0, '_a5_': 1.0, '_a6_': 1.0}};{'d0': 0.024905832919416605};-280.569866449044;40.82295360359591
43287;-99.4619796209259;((x * _a7_) + (((x * pow2((_a7_ + (_a4_ + x)))) * _a4_) * _a2_));{'d0': {'_a2_': -2.9760469287770905, '_a4_': -1.1346463814268404, '_a7_': 1.4465760892094186, '_a0_': 1.0, '_a1_': 1.0, '_a3_': 1.0, '_a5_': 1.0, '_a6_': 1.0}};{'d0': 0.024905832919416605};-280.569866449044;40.82295360359591
43288;-99.4619796209259;((x * _a7_) + (((x * pow2((_a7_ + (_a4_ + x)))) * _a4_) * _a2_));{'d0': {'_a2_': -2.9760469287770905, '_a4_': -1.1346463814268404, '_a7_': 1.4465760892094186, '_a0_': 1.0, '_a1_': 1.0, '_a3_': 1.0, '_a5_': 1.0, '_a6_': 1.0}};{'d0': 0.024905832919416605};-280.569866449044;40.82295360359591
43289;-93.5413785718959;((x * _a7_) + (((x * pow2((_a7_ + (_a4_ + x)))) * _a4_) * (_a7_ + _a1_)));{'d0': {'_a1_': -4.422623017699337, '_a4_': -1.1346463814466996, '_a7_': 1.4465760892245856, '_a0_': 1.0, '_a2_': 1.0, '_a3_': 1.0, '_a5_': 1.0, '_a6_': 1.0}};{'d0': 0.024905832919416608};-280.569866449044;46.74355465262591
43290;-93.5413785718959;((x * _a7_) + (((x * pow2((_a7_ + (_a4_ + x)))) * _a4_) * (_a7_ + _a1_)));{'d0': {'_a1_': -4.422623017699337, '_a4_': -1.1346463814466996, '_a7_': 1.4465760892245856, '_a0_': 1.0, '_a2_': 1.0, '_a3_': 1.0, '_a5_': 1.0, '_a6_': 1.0}};{'d0': 0.024905832919416608};-280.569866449044;46.74355465262591
43291;-93.5413785718959;((x * _a7_) + (((x * pow2((_a7_ + (_a4_ + x)))) * _a4_) * (_a7_ + _a1_)));{'d0': {'_a1_': -4.422623017699337, '_a4_': -1.1346463814466996, '_a7_': 1.4465760892245856, '_a0_': 1.0, '_a2_': 1.0, '_a3_': 1.0, '_a5_': 1.0, '_a6_': 1.0}};{'d0': 0.024905832919416608};-280.569866449044;46.74355465262591
43292;-93.5413785718959;((x * _a7_) + (((x * pow2((_a7_ + (_a4_ + x)))) * _a4_) * (_a7_ + _a1_)));{'d0': {'_a1_': -4.422623017699337, '_a4_': -1.1346463814466996, '_a7_': 1.4465760892245856, '_a0_': 1.0, '_a2_': 1.0, '_a3_': 1.0, '_a5_': 1.0, '_a6_': 1.0}};{'d0': 0.024905832919416608};-280.569866449044;46.74355465262591
43293;-93.5413785718959;((x * _a7_) + (((x * pow2((_a7_ + (_a4_ + x)))) * _a4_) * (_a7_ + _a1_)));{'d0': {'_a1_': -4.422623017699337, '_a4_': -1.1346463814466996, '_a7_': 1.4465760892245856, '_a0_': 1.0, '_a2_': 1.0, '_a3_': 1.0, '_a5_': 1.0, '_a6_': 1.0}};{'d0': 0.024905832919416608};-280.569866449044;46.74355465262591
43294;-93.5413785718959;((x * _a7_) + (((x * pow2((_a7_ + (_a4_ + x)))) * _a4_) * (_a7_ + _a1_)));{'d0': {'_a1_': -4.422623017699337, '_a4_': -1.1346463814466996, '_a7_': 1.4465760892245856, '_a0_': 1.0, '_a2_': 1.0, '_a3_': 1.0, '_a5_': 1.0, '_a6_': 1.0}};{'d0': 0.024905832919416608};-280.569866449044;46.74355465262591
43295;-93.5413785718959;((x * _a7_) + (((x * pow2((_a7_ + (_a4_ + x)))) * _a4_) * (_a7_ + _a1_)));{'d0': {'_a1_': -4.422623017699337, '_a4_': -1.1346463814466996, '_a7_': 1.4465760892245856, '_a0_': 1.0, '_a2_': 1.0, '_a3_': 1.0, '_a5_': 1.0, '_a6_': 1.0}};{'d0': 0.024905832919416608};-280.569866449044;46.74355465262591
43296;-93.5413785718959;((x * _a7_) + (((x * pow2((_a7_ + (_a4_ + x)))) * _a4_) * (_a7_ + _a1_)));{'d0': {'_a1_': -4.422623017699337, '_a4_': -1.1346463814466996, '_a7_': 1.4465760892245856, '_a0_': 1.0, '_a2_': 1.0, '_a3_': 1.0, '_a5_': 1.0, '_a6_': 1.0}};{'d0': 0.024905832919416608};-280.569866449044;46.74355465262591
43297;-93.5413785718959;((x * _a7_) + (((x * pow2((_a7_ + (_a4_ + x)))) * _a4_) * (_a7_ + _a1_)));{'d0': {'_a1_': -4.422623017699337, '_a4_': -1.1346463814466996, '_a7_': 1.4465760892245856, '_a0_': 1.0, '_a2_': 1.0, '_a3_': 1.0, '_a5_': 1.0, '_a6_': 1.0}};{'d0': 0.024905832919416608};-280.569866449044;46.74355465262591
43298;-93.5413785718959;((x * _a7_) + (((x * pow2((_a7_ + (_a4_ + x)))) * _a4_) * (_a7_ + _a1_)));{'d0': {'_a1_': -4.422623017699337, '_a4_': -1.1346463814466996, '_a7_': 1.4465760892245856, '_a0_': 1.0, '_a2_': 1.0, '_a3_': 1.0, '_a5_': 1.0, '_a6_': 1.0}};{'d0': 0.024905832919416608};-280.569866449044;46.74355465262591
43299;-93.5413785718959;((x * _a7_) + (((x * pow2((_a7_ + (_a4_ + x)))) * _a4_) * (_a7_ + _a1_)));{'d0': {'_a1_': -4.422623017699337, '_a4_': -1.1346463814466996, '_a7_': 1.4465760892245856, '_a0_': 1.0, '_a2_': 1.0, '_a3_': 1.0, '_a5_': 1.0, '_a6_': 1.0}};{'d0': 0.024905832919416608};-280.569866449044;46.74355465262591
43300;-93.5413785718959;((x * _a7_) + (((x * pow2((_a7_ + (_a4_ + x)))) * _a4_) * (_a7_ + _a1_)));{'d0': {'_a1_': -4.422623017699337, '_a4_': -1.1346463814466996, '_a7_': 1.4465760892245856, '_a0_': 1.0, '_a2_': 1.0, '_a3_': 1.0, '_a5_': 1.0, '_a6_': 1.0}};{'d0': 0.024905832919416608};-280.569866449044;46.74355465262591
43301;-79.1957089342917;((_a7_ * -(((-(pow2((_a3_ + ((_a2_ * x) * ((_a7_ * _a1_) ** _a7_))))) * _a2_) + x))) * x);{'d0': {'_a1_': 373.2755048725195, '_a2_': 2.599300248821603e-06, '_a3_': 494.7504254846212, '_a7_': 2.789990185409274, '_a0_': 1.0, '_a4_': 1.0, '_a5_': 1.0, '_a6_': 1.0}};{'d0': 0.024905832919459303};-276.475521886719;59.04205200906761
43302;-79.1957089342917;((_a7_ * -(((-(pow2((_a3_ + ((_a2_ * x) * ((_a7_ * _a1_) ** _a7_))))) * _a2_) + x))) * x);{'d0': {'_a1_': 373.2755048725195, '_a2_': 2.599300248821603e-06, '_a3_': 494.7504254846212, '_a7_': 2.789990185409274, '_a0_': 1.0, '_a4_': 1.0, '_a5_': 1.0, '_a6_': 1.0}};{'d0': 0.024905832919459303};-276.475521886719;59.04205200906761
43303;-79.1957089342917;((_a7_ * -(((-(pow2((_a3_ + ((_a2_ * x) * ((_a7_ * _a1_) ** _a7_))))) * _a2_) + x))) * x);{'d0': {'_a1_': 373.2755048725195, '_a2_': 2.599300248821603e-06, '_a3_': 494.7504254846212, '_a7_': 2.789990185409274, '_a0_': 1.0, '_a4_': 1.0, '_a5_': 1.0, '_a6_': 1.0}};{'d0': 0.024905832919459303};-276.475521886719;59.04205200906761
43304;-79.1957089342917;((_a7_ * -(((-(pow2((_a3_ + ((_a2_ * x) * ((_a7_ * _a1_) ** _a7_))))) * _a2_) + x))) * x);{'d0': {'_a1_': 373.2755048725195, '_a2_': 2.599300248821603e-06, '_a3_': 494.7504254846212, '_a7_': 2.789990185409274, '_a0_': 1.0, '_a4_': 1.0, '_a5_': 1.0, '_a6_': 1.0}};{'d0': 0.024905832919459303};-276.475521886719;59.04205200906761
43305;-79.1957089342917;((_a7_ * -(((-(pow2((_a3_ + ((_a2_ * x) * ((_a7_ * _a1_) ** _a7_))))) * _a2_) + x))) * x);{'d0': {'_a1_': 373.2755048725195, '_a2_': 2.599300248821603e-06, '_a3_': 494.7504254846212, '_a7_': 2.789990185409274, '_a0_': 1.0, '_a4_': 1.0, '_a5_': 1.0, '_a6_': 1.0}};{'d0': 0.024905832919459303};-276.475521886719;59.04205200906761
43306;-79.1957089342016;((_a7_ * -(((-(pow2((_a3_ + ((_a3_ * x) * ((_a7_ * _a1_) ** _a7_))))) * _a2_) + x))) * x);{'d0': {'_a1_': 0.4022033434511677, '_a2_': 3.2412377332585195e-06, '_a3_': 443.05633195796827, '_a7_': 2.7899901853333704, '_a0_': 1.0, '_a4_': 1.0, '_a5_': 1.0, '_a6_': 1.0}};{'d0': 0.024905832919534056};-276.475521886539;59.04205200906761
43307;-79.1957089342016;((_a7_ * -(((-(pow2((_a3_ + ((_a3_ * x) * ((_a7_ * _a1_) ** _a7_))))) * _a2_) + x))) * x);{'d0': {'_a1_': 0.4022033434511677, '_a2_': 3.2412377332585195e-06, '_a3_': 443.05633195796827, '_a7_': 2.7899901853333704, '_a0_': 1.0, '_a4_': 1.0, '_a5_': 1.0, '_a6_': 1.0}};{'d0': 0.024905832919534056};-276.475521886539;59.04205200906761
43308;-79.1957089342016;((_a7_ * -(((-(pow2((_a3_ + ((_a3_ * x) * ((_a7_ * _a1_) ** _a7_))))) * _a2_) + x))) * x);{'d0': {'_a1_': 0.4022033434511677, '_a2_': 3.2412377332585195e-06, '_a3_': 443.05633195796827, '_a7_': 2.7899901853333704, '_a0_': 1.0, '_a4_': 1.0, '_a5_': 1.0, '_a6_': 1.0}};{'d0': 0.024905832919534056};-276.475521886539;59.04205200906761
43309;-79.1957089342016;((_a7_ * -(((-(pow2((_a3_ + ((_a3_ * x) * ((_a7_ * _a1_) ** _a7_))))) * _a2_) + x))) * x);{'d0': {'_a1_': 0.4022033434511677, '_a2_': 3.2412377332585195e-06, '_a3_': 443.05633195796827, '_a7_': 2.7899901853333704, '_a0_': 1.0, '_a4_': 1.0, '_a5_': 1.0, '_a6_': 1.0}};{'d0': 0.024905832919534056};-276.475521886539;59.04205200906761
43310;-79.1957089342016;((_a7_ * -(((-(pow2((_a3_ + ((_a3_ * x) * ((_a7_ * _a1_) ** _a7_))))) * _a2_) + x))) * x);{'d0': {'_a1_': 0.4022033434511677, '_a2_': 3.2412377332585195e-06, '_a3_': 443.05633195796827, '_a7_': 2.7899901853333704, '_a0_': 1.0, '_a4_': 1.0, '_a5_': 1.0, '_a6_': 1.0}};{'d0': 0.024905832919534056};-276.475521886539;59.04205200906761
43311;-79.9386562267897;((_a7_ * -(((-(pow2((_a3_ + ((_a3_ * x) * ((_a7_ * _a1_) + _a7_))))) * _a2_) + x))) * x);{'d0': {'_a1_': -0.5056531907190815, '_a2_': 3.5841010812083935e-06, '_a3_': 421.33176043465465, '_a7_': 2.7899901853462232, '_a0_': 1.0, '_a4_': 1.0, '_a5_': 1.0, '_a6_': 1.0}};{'d0': 0.02490583292325495};-276.475521877575;58.299104711997614
43312;-79.9386562267897;((_a7_ * -(((-(pow2((_a3_ + ((_a3_ * x) * ((_a7_ * _a1_) + _a7_))))) * _a2_) + x))) * x);{'d0': {'_a1_': -0.5056531907190815, '_a2_': 3.5841010812083935e-06, '_a3_': 421.33176043465465, '_a7_': 2.7899901853462232, '_a0_': 1.0, '_a4_': 1.0, '_a5_': 1.0, '_a6_': 1.0}};{'d0': 0.02490583292325495};-276.475521877575;58.299104711997614
43313;-92.6904267309505;((x / _a7_) + (((x * pow2((_a7_ + (_a4_ + x)))) * _a4_) * (_a7_ + _a1_)));{'d0': {'_a1_': -9.5925431897391, '_a4_': -0.37935781180558686, '_a7_': 0.691287520050863, '_a0_': 1.0, '_a2_': 1.0, '_a3_': 1.0, '_a5_': 1.0, '_a6_': 1.0}};{'d0': 0.024905832919416667};-280.569866449044;47.59450649357131
43314;-92.6904267309505;((x / _a7_) + (((x * pow2((_a7_ + (_a4_ + x)))) * _a4_) * (_a7_ + _a1_)));{'d0': {'_a1_': -9.5925431897391, '_a4_': -0.37935781180558686, '_a7_': 0.691287520050863, '_a0_': 1.0, '_a2_': 1.0, '_a3_': 1.0, '_a5_': 1.0, '_a6_': 1.0}};{'d0': 0.024905832919416667};-280.569866449044;47.59450649357131
43315;-92.6904267309505;((x / _a7_) + (((x * pow2((_a7_ + (_a4_ + x)))) * _a4_) * (_a7_ + _a1_)));{'d0': {'_a1_': -9.5925431897391, '_a4_': -0.37935781180558686, '_a7_': 0.691287520050863, '_a0_': 1.0, '_a2_': 1.0, '_a3_': 1.0, '_a5_': 1.0, '_a6_': 1.0}};{'d0': 0.024905832919416667};-280.569866449044;47.59450649357131
43316;-92.6904267309505;((x / _a7_) + (((x * pow2((_a7_ + (_a4_ + x)))) * _a4_) * (_a7_ + _a1_)));{'d0': {'_a1_': -9.5925431897391, '_a4_': -0.37935781180558686, '_a7_': 0.691287520050863, '_a0_': 1.0, '_a2_': 1.0, '_a3_': 1.0, '_a5_': 1.0, '_a6_': 1.0}};{'d0': 0.024905832919416667};-280.569866449044;47.59450649357131
43317;-92.6904267309505;((x / _a7_) + (((x * pow2((_a7_ + (_a4_ + x)))) * _a4_) * (_a7_ + _a1_)));{'d0': {'_a1_': -9.5925431897391, '_a4_': -0.37935781180558686, '_a7_': 0.691287520050863, '_a0_': 1.0, '_a2_': 1.0, '_a3_': 1.0, '_a5_': 1.0, '_a6_': 1.0}};{'d0': 0.024905832919416667};-280.569866449044;47.59450649357131
43318;-92.6904267309505;((x / _a7_) + (((x * pow2((_a7_ + (_a4_ + x)))) * _a4_) * (_a7_ + _a1_)));{'d0': {'_a1_': -9.5925431897391, '_a4_': -0.37935781180558686, '_a7_': 0.691287520050863, '_a0_': 1.0, '_a2_': 1.0, '_a3_': 1.0, '_a5_': 1.0, '_a6_': 1.0}};{'d0': 0.024905832919416667};-280.569866449044;47.59450649357131
43319;-92.6904267309505;((x / _a7_) + (((x * pow2((_a7_ + (_a4_ + x)))) * _a4_) * (_a7_ + _a1_)));{'d0': {'_a1_': -9.5925431897391, '_a4_': -0.37935781180558686, '_a7_': 0.691287520050863, '_a0_': 1.0, '_a2_': 1.0, '_a3_': 1.0, '_a5_': 1.0, '_a6_': 1.0}};{'d0': 0.024905832919416667};-280.569866449044;47.59450649357131
43320;-92.6904267309505;((x / _a7_) + (((x * pow2((_a7_ + (_a4_ + x)))) * _a4_) * (_a7_ + _a1_)));{'d0': {'_a1_': -9.5925431897391, '_a4_': -0.37935781180558686, '_a7_': 0.691287520050863, '_a0_': 1.0, '_a2_': 1.0, '_a3_': 1.0, '_a5_': 1.0, '_a6_': 1.0}};{'d0': 0.024905832919416667};-280.569866449044;47.59450649357131
43321;-92.6904267309505;((x / _a7_) + (((x * pow2((_a7_ + (_a4_ + x)))) * _a4_) * (_a7_ + _a1_)));{'d0': {'_a1_': -9.5925431897391, '_a4_': -0.37935781180558686, '_a7_': 0.691287520050863, '_a0_': 1.0, '_a2_': 1.0, '_a3_': 1.0, '_a5_': 1.0, '_a6_': 1.0}};{'d0': 0.024905832919416667};-280.569866449044;47.59450649357131
43322;-92.6904267309505;((x / _a7_) + (((x * pow2((_a7_ + (_a4_ + x)))) * _a4_) * (_a7_ + _a1_)));{'d0': {'_a1_': -9.5925431897391, '_a4_': -0.37935781180558686, '_a7_': 0.691287520050863, '_a0_': 1.0, '_a2_': 1.0, '_a3_': 1.0, '_a5_': 1.0, '_a6_': 1.0}};{'d0': 0.024905832919416667};-280.569866449044;47.59450649357131
43323;-92.6904267309505;((x / _a7_) + (((x * pow2((_a7_ + (_a4_ + x)))) * _a4_) * (_a7_ + _a1_)));{'d0': {'_a1_': -9.5925431897391, '_a4_': -0.37935781180558686, '_a7_': 0.691287520050863, '_a0_': 1.0, '_a2_': 1.0, '_a3_': 1.0, '_a5_': 1.0, '_a6_': 1.0}};{'d0': 0.024905832919416667};-280.569866449044;47.59450649357131
43324;-92.6904267309505;((x / _a7_) + (((x * pow2((_a7_ + (_a4_ + x)))) * _a4_) * (_a7_ + _a1_)));{'d0': {'_a1_': -9.5925431897391, '_a4_': -0.37935781180558686, '_a7_': 0.691287520050863, '_a0_': 1.0, '_a2_': 1.0, '_a3_': 1.0, '_a5_': 1.0, '_a6_': 1.0}};{'d0': 0.024905832919416667};-280.569866449044;47.59450649357131
43325;-101.684646197346;((((x * _a3_) * (pow2(_a2_) * (x + pow2(_a3_)))) + _a4_) * x);{'d0': {'_a2_': 2.06765687719854, '_a3_': 0.7898477167163476, '_a4_': 1.7751354044982177, '_a0_': 1.0, '_a1_': 1.0, '_a5_': 1.0, '_a6_': 1.0, '_a7_': 1.0}};{'d0': 0.02490583291941658};-280.569866449044;38.60028702717604
43326;-101.684646197346;((((x * _a3_) * (pow2(_a2_) * (x + pow2(_a3_)))) + _a4_) * x);{'d0': {'_a2_': 2.06765687719854, '_a3_': 0.7898477167163476, '_a4_': 1.7751354044982177, '_a0_': 1.0, '_a1_': 1.0, '_a5_': 1.0, '_a6_': 1.0, '_a7_': 1.0}};{'d0': 0.02490583291941658};-280.569866449044;38.60028702717604
43327;-93.7168728669785;((((x * (_a6_ + _a6_)) * (pow2(_a2_) * (x + pow2(_a3_)))) + _a4_) * x);{'d0': {'_a2_': 1.30650907722667, '_a3_': 0.7898477167207162, '_a4_': 1.7751354043903622, '_a6_': 0.9891118101811162, '_a0_': 1.0, '_a1_': 1.0, '_a5_': 1.0, '_a7_': 1.0}};{'d0': 0.0249058329196046};-276.475521886369;44.520888076206035
43328;-93.7168728562409;((((x * (_a3_ + _a6_)) * (pow2(_a2_) * (x + pow2(_a3_)))) + _a4_) * x);{'d0': {'_a2_': 1.2266418268599533, '_a3_': 0.7898477166762645, '_a4_': 1.775135404199397, '_a6_': 1.4543666564916307, '_a0_': 1.0, '_a1_': 1.0, '_a5_': 1.0, '_a7_': 1.0}};{'d0': 0.02490583292851895};-276.475521864893;44.520888076206035
43329;-93.7168728562409;((((x * (_a3_ + _a6_)) * (pow2(_a2_) * (x + pow2(_a3_)))) + _a4_) * x);{'d0': {'_a2_': 1.2266418268599533, '_a3_': 0.7898477166762645, '_a4_': 1.775135404199397, '_a6_': 1.4543666564916307, '_a0_': 1.0, '_a1_': 1.0, '_a5_': 1.0, '_a7_': 1.0}};{'d0': 0.02490583292851895};-276.475521864893;44.520888076206035
43330;-93.7168728562409;((((x * (_a3_ + _a6_)) * (pow2(_a2_) * (x + pow2(_a3_)))) + _a4_) * x);{'d0': {'_a2_': 1.2266418268599533, '_a3_': 0.7898477166762645, '_a4_': 1.775135404199397, '_a6_': 1.4543666564916307, '_a0_': 1.0, '_a1_': 1.0, '_a5_': 1.0, '_a7_': 1.0}};{'d0': 0.02490583292851895};-276.475521864893;44.520888076206035
43331;-93.7168728562409;((((x * (_a3_ + _a6_)) * (pow2(_a2_) * (x + pow2(_a3_)))) + _a4_) * x);{'d0': {'_a2_': 1.2266418268599533, '_a3_': 0.7898477166762645, '_a4_': 1.775135404199397, '_a6_': 1.4543666564916307, '_a0_': 1.0, '_a1_': 1.0, '_a5_': 1.0, '_a7_': 1.0}};{'d0': 0.02490583292851895};-276.475521864893;44.520888076206035
43332;-93.7168728562409;((((x * (_a3_ + _a6_)) * (pow2(_a2_) * (x + pow2(_a3_)))) + _a4_) * x);{'d0': {'_a2_': 1.2266418268599533, '_a3_': 0.7898477166762645, '_a4_': 1.775135404199397, '_a6_': 1.4543666564916307, '_a0_': 1.0, '_a1_': 1.0, '_a5_': 1.0, '_a7_': 1.0}};{'d0': 0.02490583292851895};-276.475521864893;44.520888076206035
43333;-93.7168728562409;((((x * (_a3_ + _a6_)) * (pow2(_a2_) * (x + pow2(_a3_)))) + _a4_) * x);{'d0': {'_a2_': 1.2266418268599533, '_a3_': 0.7898477166762645, '_a4_': 1.775135404199397, '_a6_': 1.4543666564916307, '_a0_': 1.0, '_a1_': 1.0, '_a5_': 1.0, '_a7_': 1.0}};{'d0': 0.02490583292851895};-276.475521864893;44.520888076206035
43334;-93.7168728562409;((((x * (_a3_ + _a6_)) * (pow2(_a2_) * (x + pow2(_a3_)))) + _a4_) * x);{'d0': {'_a2_': 1.2266418268599533, '_a3_': 0.7898477166762645, '_a4_': 1.775135404199397, '_a6_': 1.4543666564916307, '_a0_': 1.0, '_a1_': 1.0, '_a5_': 1.0, '_a7_': 1.0}};{'d0': 0.02490583292851895};-276.475521864893;44.520888076206035
43335;-93.7168728562409;((((x * (_a3_ + _a6_)) * (pow2(_a2_) * (x + pow2(_a3_)))) + _a4_) * x);{'d0': {'_a2_': 1.2266418268599533, '_a3_': 0.7898477166762645, '_a4_': 1.775135404199397, '_a6_': 1.4543666564916307, '_a0_': 1.0, '_a1_': 1.0, '_a5_': 1.0, '_a7_': 1.0}};{'d0': 0.02490583292851895};-276.475521864893;44.520888076206035
43336;-93.7168728562409;((((x * (_a3_ + _a6_)) * (pow2(_a2_) * (x + pow2(_a3_)))) + _a4_) * x);{'d0': {'_a2_': 1.2266418268599533, '_a3_': 0.7898477166762645, '_a4_': 1.775135404199397, '_a6_': 1.4543666564916307, '_a0_': 1.0, '_a1_': 1.0, '_a5_': 1.0, '_a7_': 1.0}};{'d0': 0.02490583292851895};-276.475521864893;44.520888076206035
43337;-95.7640451483160;((((x * (_a3_ + _a6_)) * (pow2(_a2_) * (x + pow2(_a3_)))) + _a6_) * x);{'d0': {'_a2_': 1.147381645007044, '_a3_': 0.7898477167443584, '_a6_': 1.7751354043567404, '_a0_': 1.0, '_a1_': 1.0, '_a4_': 1.0, '_a5_': 1.0, '_a7_': 1.0}};{'d0': 0.02490583291941662};-280.569866449044;44.520888076206035
43338;-95.7640451483160;((((x * (_a3_ + _a6_)) * (pow2(_a2_) * (x + pow2(_a3_)))) + _a6_) * x);{'d0': {'_a2_': 1.147381645007044, '_a3_': 0.7898477167443584, '_a6_': 1.7751354043567404, '_a0_': 1.0, '_a1_': 1.0, '_a4_': 1.0, '_a5_': 1.0, '_a7_': 1.0}};{'d0': 0.02490583291941662};-280.569866449044;44.520888076206035
43339;-95.7640451483160;((((x * (_a3_ + _a6_)) * (pow2(_a2_) * (x + pow2(_a3_)))) + _a6_) * x);{'d0': {'_a2_': 1.147381645007044, '_a3_': 0.7898477167443584, '_a6_': 1.7751354043567404, '_a0_': 1.0, '_a1_': 1.0, '_a4_': 1.0, '_a5_': 1.0, '_a7_': 1.0}};{'d0': 0.02490583291941662};-280.569866449044;44.520888076206035
43340;-95.7640451483160;((((x * (_a3_ + _a6_)) * (pow2(_a2_) * (x + pow2(_a3_)))) + _a6_) * x);{'d0': {'_a2_': 1.147381645007044, '_a3_': 0.7898477167443584, '_a6_': 1.7751354043567404, '_a0_': 1.0, '_a1_': 1.0, '_a4_': 1.0, '_a5_': 1.0, '_a7_': 1.0}};{'d0': 0.02490583291941662};-280.569866449044;44.520888076206035
43341;-92.6904267309505;((x / _a7_) + (((x * pow2((_a7_ + (_a4_ + x)))) * _a4_) * (_a7_ + _a1_)));{'d0': {'_a1_': -9.5925431897391, '_a4_': -0.37935781180558686, '_a7_': 0.691287520050863, '_a0_': 1.0, '_a2_': 1.0, '_a3_': 1.0, '_a5_': 1.0, '_a6_': 1.0}};{'d0': 0.024905832919416667};-280.569866449044;47.59450649357131
43342;-92.6904267309505;((x / _a7_) + (((x * pow2((_a7_ + (_a4_ + x)))) * _a4_) * (_a7_ + _a1_)));{'d0': {'_a1_': -9.5925431897391, '_a4_': -0.37935781180558686, '_a7_': 0.691287520050863, '_a0_': 1.0, '_a2_': 1.0, '_a3_': 1.0, '_a5_': 1.0, '_a6_': 1.0}};{'d0': 0.024905832919416667};-280.569866449044;47.59450649357131
43343;-92.6904267309505;((x / _a7_) + (((x * pow2((_a7_ + (_a4_ + x)))) * _a4_) * (_a7_ + _a1_)));{'d0': {'_a1_': -9.5925431897391, '_a4_': -0.37935781180558686, '_a7_': 0.691287520050863, '_a0_': 1.0, '_a2_': 1.0, '_a3_': 1.0, '_a5_': 1.0, '_a6_': 1.0}};{'d0': 0.024905832919416667};-280.569866449044;47.59450649357131
43344;-92.6904267309505;((x / _a7_) + (((x * pow2((_a7_ + (_a4_ + x)))) * _a4_) * (_a7_ + _a1_)));{'d0': {'_a1_': -9.5925431897391, '_a4_': -0.37935781180558686, '_a7_': 0.691287520050863, '_a0_': 1.0, '_a2_': 1.0, '_a3_': 1.0, '_a5_': 1.0, '_a6_': 1.0}};{'d0': 0.024905832919416667};-280.569866449044;47.59450649357131
43345;-92.6904267309505;((x / _a7_) + (((x * pow2((_a7_ + (_a4_ + x)))) * _a4_) * (_a7_ + _a1_)));{'d0': {'_a1_': -9.5925431897391, '_a4_': -0.37935781180558686, '_a7_': 0.691287520050863, '_a0_': 1.0, '_a2_': 1.0, '_a3_': 1.0, '_a5_': 1.0, '_a6_': 1.0}};{'d0': 0.024905832919416667};-280.569866449044;47.59450649357131
43346;-92.6904267309505;((x / _a7_) + (((x * pow2((_a7_ + (_a4_ + x)))) * _a4_) * (_a7_ + _a1_)));{'d0': {'_a1_': -9.5925431897391, '_a4_': -0.37935781180558686, '_a7_': 0.691287520050863, '_a0_': 1.0, '_a2_': 1.0, '_a3_': 1.0, '_a5_': 1.0, '_a6_': 1.0}};{'d0': 0.024905832919416667};-280.569866449044;47.59450649357131
43347;-92.6904267309505;((x / _a7_) + (((x * pow2((_a7_ + (_a4_ + x)))) * _a4_) * (_a7_ + _a1_)));{'d0': {'_a1_': -9.5925431897391, '_a4_': -0.37935781180558686, '_a7_': 0.691287520050863, '_a0_': 1.0, '_a2_': 1.0, '_a3_': 1.0, '_a5_': 1.0, '_a6_': 1.0}};{'d0': 0.024905832919416667};-280.569866449044;47.59450649357131
43348;-92.6904267309505;((x / _a7_) + (((x * pow2((_a7_ + (_a4_ + x)))) * _a4_) * (_a7_ + _a1_)));{'d0': {'_a1_': -9.5925431897391, '_a4_': -0.37935781180558686, '_a7_': 0.691287520050863, '_a0_': 1.0, '_a2_': 1.0, '_a3_': 1.0, '_a5_': 1.0, '_a6_': 1.0}};{'d0': 0.024905832919416667};-280.569866449044;47.59450649357131
43349;-92.6904267309505;((x / _a7_) + (((x * pow2((_a7_ + (_a4_ + x)))) * _a4_) * (_a7_ + _a1_)));{'d0': {'_a1_': -9.5925431897391, '_a4_': -0.37935781180558686, '_a7_': 0.691287520050863, '_a0_': 1.0, '_a2_': 1.0, '_a3_': 1.0, '_a5_': 1.0, '_a6_': 1.0}};{'d0': 0.024905832919416667};-280.569866449044;47.59450649357131
43350;-91.7301865619383;((x / _a7_) + (((x * pow2((_a7_ + (_a4_ + x)))) / _a4_) * (_a7_ + _a1_)));{'d0': {'_a1_': -1.972288142856322, '_a4_': -0.37935781328196194, '_a7_': 0.691287521221913, '_a0_': 1.0, '_a2_': 1.0, '_a3_': 1.0, '_a5_': 1.0, '_a6_': 1.0}};{'d0': 0.024905832919416632};-280.569866449044;48.55474666258351
43351;-91.7301865619383;((x / _a7_) + (((x * pow2((_a7_ + (_a4_ + x)))) / _a4_) * (_a7_ + _a1_)));{'d0': {'_a1_': -1.972288142856322, '_a4_': -0.37935781328196194, '_a7_': 0.691287521221913, '_a0_': 1.0, '_a2_': 1.0, '_a3_': 1.0, '_a5_': 1.0, '_a6_': 1.0}};{'d0': 0.024905832919416632};-280.569866449044;48.55474666258351
43352;-91.7301865619383;((x / _a7_) + (((x * pow2((_a7_ + (_a4_ + x)))) / _a4_) * (_a7_ + _a1_)));{'d0': {'_a1_': -1.972288142856322, '_a4_': -0.37935781328196194, '_a7_': 0.691287521221913, '_a0_': 1.0, '_a2_': 1.0, '_a3_': 1.0, '_a5_': 1.0, '_a6_': 1.0}};{'d0': 0.024905832919416632};-280.569866449044;48.55474666258351
43353;-91.7301865619383;((x / _a7_) + (((x * pow2((_a7_ + (_a4_ + x)))) / _a4_) * (_a7_ + _a1_)));{'d0': {'_a1_': -1.972288142856322, '_a4_': -0.37935781328196194, '_a7_': 0.691287521221913, '_a0_': 1.0, '_a2_': 1.0, '_a3_': 1.0, '_a5_': 1.0, '_a6_': 1.0}};{'d0': 0.024905832919416632};-280.569866449044;48.55474666258351
43354;-99.4799669332756;((((x * (_a3_ + _a6_)) * (_a4_ * (x + -(_a3_)))) + _a6_) * x);{'d0': {'_a3_': -0.6238594155318473, '_a4_': 2.9330594137802626, '_a6_': 1.7751354044750398, '_a0_': 1.0, '_a1_': 1.0, '_a2_': 1.0, '_a5_': 1.0, '_a7_': 1.0}};{'d0': 0.024905832919416657};-280.569866449044;40.80496629124642
43355;-99.4799669332756;((((x * (_a3_ + _a6_)) * (_a4_ * (x + -(_a3_)))) + _a6_) * x);{'d0': {'_a3_': -0.6238594155318473, '_a4_': 2.9330594137802626, '_a6_': 1.7751354044750398, '_a0_': 1.0, '_a1_': 1.0, '_a2_': 1.0, '_a5_': 1.0, '_a7_': 1.0}};{'d0': 0.024905832919416657};-280.569866449044;40.80496629124642
43356;-99.4799669332756;((((x * (_a3_ + _a6_)) * (_a4_ * (x + -(_a3_)))) + _a6_) * x);{'d0': {'_a3_': -0.6238594155318473, '_a4_': 2.9330594137802626, '_a6_': 1.7751354044750398, '_a0_': 1.0, '_a1_': 1.0, '_a2_': 1.0, '_a5_': 1.0, '_a7_': 1.0}};{'d0': 0.024905832919416657};-280.569866449044;40.80496629124642
43357;-99.4799669332756;((((x * (_a3_ + _a6_)) * (_a4_ * (x + -(_a3_)))) + _a6_) * x);{'d0': {'_a3_': -0.6238594155318473, '_a4_': 2.9330594137802626, '_a6_': 1.7751354044750398, '_a0_': 1.0, '_a1_': 1.0, '_a2_': 1.0, '_a5_': 1.0, '_a7_': 1.0}};{'d0': 0.024905832919416657};-280.569866449044;40.80496629124642
43358;-99.4799669332756;((((x * (_a3_ + _a6_)) * (_a4_ * (x + -(_a4_)))) + _a6_) * x);{'d0': {'_a3_': -7.187830625280871, '_a4_': -0.6238594157013365, '_a6_': 1.7751354047035737, '_a0_': 1.0, '_a1_': 1.0, '_a2_': 1.0, '_a5_': 1.0, '_a7_': 1.0}};{'d0': 0.024905832919416667};-280.569866449044;40.80496629124642
43359;-99.4799669332756;((((x * (_a3_ + _a6_)) * (_a4_ * (x + -(_a4_)))) + _a6_) * x);{'d0': {'_a3_': -7.187830625280871, '_a4_': -0.6238594157013365, '_a6_': 1.7751354047035737, '_a0_': 1.0, '_a1_': 1.0, '_a2_': 1.0, '_a5_': 1.0, '_a7_': 1.0}};{'d0': 0.024905832919416667};-280.569866449044;40.80496629124642
43360;-99.4799669332756;((((x * (_a3_ + _a6_)) * (_a4_ * (x + -(_a4_)))) + _a6_) * x);{'d0': {'_a3_': -7.187830625280871, '_a4_': -0.6238594157013365, '_a6_': 1.7751354047035737, '_a0_': 1.0, '_a1_': 1.0, '_a2_': 1.0, '_a5_': 1.0, '_a7_': 1.0}};{'d0': 0.024905832919416667};-280.569866449044;40.80496629124642
43361;-99.4799669332756;((((x * (_a3_ + _a6_)) * (_a4_ * (x + -(_a4_)))) + _a6_) * x);{'d0': {'_a3_': -7.187830625280871, '_a4_': -0.6238594157013365, '_a6_': 1.7751354047035737, '_a0_': 1.0, '_a1_': 1.0, '_a2_': 1.0, '_a5_': 1.0, '_a7_': 1.0}};{'d0': 0.024905832919416667};-280.569866449044;40.80496629124642
43362;-99.4799669332756;((((x * (_a3_ + _a6_)) * (_a4_ * (x + -(_a4_)))) + _a6_) * x);{'d0': {'_a3_': -7.187830625280871, '_a4_': -0.6238594157013365, '_a6_': 1.7751354047035737, '_a0_': 1.0, '_a1_': 1.0, '_a2_': 1.0, '_a5_': 1.0, '_a7_': 1.0}};{'d0': 0.024905832919416667};-280.569866449044;40.80496629124642
43363;-99.4799669332756;((((x * (_a3_ + _a6_)) * (_a4_ * (x + -(_a4_)))) + _a6_) * x);{'d0': {'_a3_': -7.187830625280871, '_a4_': -0.6238594157013365, '_a6_': 1.7751354047035737, '_a0_': 1.0, '_a1_': 1.0, '_a2_': 1.0, '_a5_': 1.0, '_a7_': 1.0}};{'d0': 0.024905832919416667};-280.569866449044;40.80496629124642
43364;-99.4799669332756;((((x * (_a3_ + _a6_)) * (_a4_ * (x + -(_a4_)))) + _a6_) * x);{'d0': {'_a3_': -7.187830625280871, '_a4_': -0.6238594157013365, '_a6_': 1.7751354047035737, '_a0_': 1.0, '_a1_': 1.0, '_a2_': 1.0, '_a5_': 1.0, '_a7_': 1.0}};{'d0': 0.024905832919416667};-280.569866449044;40.80496629124642
43365;-99.4799669332756;((((x * (_a3_ + _a6_)) * (_a4_ * (x + -(_a4_)))) + _a6_) * x);{'d0': {'_a3_': -7.187830625280871, '_a4_': -0.6238594157013365, '_a6_': 1.7751354047035737, '_a0_': 1.0, '_a1_': 1.0, '_a2_': 1.0, '_a5_': 1.0, '_a7_': 1.0}};{'d0': 0.024905832919416667};-280.569866449044;40.80496629124642
43366;-99.4799669332756;((((x * (_a3_ + _a6_)) * (_a4_ * (x + -(_a4_)))) + _a6_) * x);{'d0': {'_a3_': -7.187830625280871, '_a4_': -0.6238594157013365, '_a6_': 1.7751354047035737, '_a0_': 1.0, '_a1_': 1.0, '_a2_': 1.0, '_a5_': 1.0, '_a7_': 1.0}};{'d0': 0.024905832919416667};-280.569866449044;40.80496629124642
43367;-99.4799669332756;((((x * (_a3_ + _a6_)) * (_a4_ * (x + -(_a4_)))) + _a6_) * x);{'d0': {'_a3_': -7.187830625280871, '_a4_': -0.6238594157013365, '_a6_': 1.7751354047035737, '_a0_': 1.0, '_a1_': 1.0, '_a2_': 1.0, '_a5_': 1.0, '_a7_': 1.0}};{'d0': 0.024905832919416667};-280.569866449044;40.80496629124642
43368;-99.4799669332756;((((x * (_a3_ + _a6_)) * (_a4_ * (x + -(_a4_)))) + _a6_) * x);{'d0': {'_a3_': -7.187830625280871, '_a4_': -0.6238594157013365, '_a6_': 1.7751354047035737, '_a0_': 1.0, '_a1_': 1.0, '_a2_': 1.0, '_a5_': 1.0, '_a7_': 1.0}};{'d0': 0.024905832919416667};-280.569866449044;40.80496629124642
43369;-99.4799669332756;((((x * (_a3_ + _a6_)) * (_a4_ * (x + -(_a4_)))) + _a6_) * x);{'d0': {'_a3_': -7.187830625280871, '_a4_': -0.6238594157013365, '_a6_': 1.7751354047035737, '_a0_': 1.0, '_a1_': 1.0, '_a2_': 1.0, '_a5_': 1.0, '_a7_': 1.0}};{'d0': 0.024905832919416667};-280.569866449044;40.80496629124642
43370;-97.4327946516882;((((x * (_a3_ + _a6_)) * (_a7_ * (x + -(_a4_)))) + _a6_) * x);{'d0': {'_a3_': 2.655583275629538, '_a4_': -0.6238594156461875, '_a6_': 1.7751354045458445, '_a7_': 0.7621247084897049, '_a0_': 1.0, '_a1_': 1.0, '_a2_': 1.0, '_a5_': 1.0}};{'d0': 0.024905832919812076};-276.475521885869;40.80496629124642
43371;-97.4327946516882;((((x * (_a3_ + _a6_)) * (_a7_ * (x + -(_a4_)))) + _a6_) * x);{'d0': {'_a3_': 2.655583275629538, '_a4_': -0.6238594156461875, '_a6_': 1.7751354045458445, '_a7_': 0.7621247084897049, '_a0_': 1.0, '_a1_': 1.0, '_a2_': 1.0, '_a5_': 1.0}};{'d0': 0.024905832919812076};-276.475521885869;40.80496629124642
43372;-91.7301865619383;((x / _a7_) + (((x * pow2((_a7_ + (_a4_ + x)))) / _a4_) * (_a7_ + _a1_)));{'d0': {'_a1_': -1.972288142856322, '_a4_': -0.37935781328196194, '_a7_': 0.691287521221913, '_a0_': 1.0, '_a2_': 1.0, '_a3_': 1.0, '_a5_': 1.0, '_a6_': 1.0}};{'d0': 0.024905832919416632};-280.569866449044;48.55474666258351
43373;-91.7301865619383;((x / _a7_) + (((x * pow2((_a7_ + (_a4_ + x)))) / _a4_) * (_a7_ + _a1_)));{'d0': {'_a1_': -1.972288142856322, '_a4_': -0.37935781328196194, '_a7_': 0.691287521221913, '_a0_': 1.0, '_a2_': 1.0, '_a3_': 1.0, '_a5_': 1.0, '_a6_': 1.0}};{'d0': 0.024905832919416632};-280.569866449044;48.55474666258351
43374;-91.7301865619383;((x / _a7_) + (((x * pow2((_a7_ + (_a4_ + x)))) / _a4_) * (_a7_ + _a1_)));{'d0': {'_a1_': -1.972288142856322, '_a4_': -0.37935781328196194, '_a7_': 0.691287521221913, '_a0_': 1.0, '_a2_': 1.0, '_a3_': 1.0, '_a5_': 1.0, '_a6_': 1.0}};{'d0': 0.024905832919416632};-280.569866449044;48.55474666258351
43375;-91.7301865619383;((x / _a7_) + (((x * pow2((_a7_ + (_a4_ + x)))) / _a4_) * (_a7_ + _a1_)));{'d0': {'_a1_': -1.972288142856322, '_a4_': -0.37935781328196194, '_a7_': 0.691287521221913, '_a0_': 1.0, '_a2_': 1.0, '_a3_': 1.0, '_a5_': 1.0, '_a6_': 1.0}};{'d0': 0.024905832919416632};-280.569866449044;48.55474666258351
43376;-91.7301865619383;((x / _a7_) + (((x * pow2((_a7_ + (_a4_ + x)))) / _a4_) * (_a7_ + _a1_)));{'d0': {'_a1_': -1.972288142856322, '_a4_': -0.37935781328196194, '_a7_': 0.691287521221913, '_a0_': 1.0, '_a2_': 1.0, '_a3_': 1.0, '_a5_': 1.0, '_a6_': 1.0}};{'d0': 0.024905832919416632};-280.569866449044;48.55474666258351
43377;-91.7301865619383;((x / _a7_) + (((x * pow2((_a7_ + (_a4_ + x)))) / _a4_) * (_a7_ + _a1_)));{'d0': {'_a1_': -1.972288142856322, '_a4_': -0.37935781328196194, '_a7_': 0.691287521221913, '_a0_': 1.0, '_a2_': 1.0, '_a3_': 1.0, '_a5_': 1.0, '_a6_': 1.0}};{'d0': 0.024905832919416632};-280.569866449044;48.55474666258351
43378;-91.7766337610763;((x / _a7_) + (((x * pow2((_a7_ + (_a4_ + x)))) / _a4_) * (_a7_ / _a1_)));{'d0': {'_a1_': -0.5396465140178395, '_a4_': -0.379357814004754, '_a7_': 0.6912875218171503, '_a0_': 1.0, '_a2_': 1.0, '_a3_': 1.0, '_a5_': 1.0, '_a6_': 1.0}};{'d0': 0.024905832919416646};-280.569866449044;48.50829946344551
43379;-95.3124500333980;((((x * (_a3_ + _a6_)) * (_a7_ * (x + (_a5_ / _a3_)))) + _a6_) * x);{'d0': {'_a3_': 3.3329500223930997, '_a5_': 2.079292254454769, '_a6_': 1.7751354046095023, '_a7_': 0.6610612425000971, '_a0_': 1.0, '_a1_': 1.0, '_a2_': 1.0, '_a4_': 1.0}};{'d0': 0.02490583292989742};-276.475521861572;42.925310897388435
43380;-97.4327946511165;((((x * (_a3_ + _a6_)) * (_a7_ * (x + -(_a1_)))) + _a6_) * x);{'d0': {'_a1_': -0.6238594156443942, '_a3_': 1.28103630628364, '_a6_': 1.7751354049928219, '_a7_': 1.1048985999382963, '_a0_': 1.0, '_a2_': 1.0, '_a4_': 1.0, '_a5_': 1.0}};{'d0': 0.024905832920286725};-276.475521884725;40.80496629124642
43381;-97.4327946511165;((((x * (_a3_ + _a6_)) * (_a7_ * (x + -(_a1_)))) + _a6_) * x);{'d0': {'_a1_': -0.6238594156443942, '_a3_': 1.28103630628364, '_a6_': 1.7751354049928219, '_a7_': 1.1048985999382963, '_a0_': 1.0, '_a2_': 1.0, '_a4_': 1.0, '_a5_': 1.0}};{'d0': 0.024905832920286725};-276.475521884725;40.80496629124642
43382;-97.4327946511165;((((x * (_a3_ + _a6_)) * (_a7_ * (x + -(_a1_)))) + _a6_) * x);{'d0': {'_a1_': -0.6238594156443942, '_a3_': 1.28103630628364, '_a6_': 1.7751354049928219, '_a7_': 1.1048985999382963, '_a0_': 1.0, '_a2_': 1.0, '_a4_': 1.0, '_a5_': 1.0}};{'d0': 0.024905832920286725};-276.475521884725;40.80496629124642
43383;-91.7766337610763;((x / _a7_) + (((x * pow2((_a7_ + (_a4_ + x)))) / _a4_) * (_a7_ / _a1_)));{'d0': {'_a1_': -0.5396465140178395, '_a4_': -0.379357814004754, '_a7_': 0.6912875218171503, '_a0_': 1.0, '_a2_': 1.0, '_a3_': 1.0, '_a5_': 1.0, '_a6_': 1.0}};{'d0': 0.024905832919416646};-280.569866449044;48.50829946344551
43384;-91.7766337610763;((x / _a7_) + (((x * pow2((_a7_ + (_a4_ + x)))) / _a4_) * (_a7_ / _a1_)));{'d0': {'_a1_': -0.5396465140178395, '_a4_': -0.379357814004754, '_a7_': 0.6912875218171503, '_a0_': 1.0, '_a2_': 1.0, '_a3_': 1.0, '_a5_': 1.0, '_a6_': 1.0}};{'d0': 0.024905832919416646};-280.569866449044;48.50829946344551
43385;-93.2652777647273;((((x * (_a3_ + _a6_)) * (_a7_ * (x + (_a5_ / _a2_)))) + _a6_) * x);{'d0': {'_a2_': 1.2307324328886489, '_a3_': 0.47047185208134285, '_a5_': 0.7678040163241912, '_a6_': 1.7751354045707242, '_a7_': 1.5037181746880193, '_a0_': 1.0, '_a1_': 1.0, '_a4_': 1.0}};{'d0': 0.024905832919569555};-272.381177324231;42.92531089738843
43386;-93.2652777647273;((((x * (_a3_ + _a6_)) * (_a7_ * (x + (_a5_ / _a2_)))) + _a6_) * x);{'d0': {'_a2_': 1.2307324328886489, '_a3_': 0.47047185208134285, '_a5_': 0.7678040163241912, '_a6_': 1.7751354045707242, '_a7_': 1.5037181746880193, '_a0_': 1.0, '_a1_': 1.0, '_a4_': 1.0}};{'d0': 0.024905832919569555};-272.381177324231;42.92531089738843
43387;-95.3124500460218;((((x * (_a7_ + _a6_)) * (_a7_ * (x + (_a5_ / _a2_)))) + _a6_) * x);{'d0': {'_a2_': 891.449593504682, '_a5_': 556.1392207901092, '_a6_': 1.775135405779588, '_a7_': 1.1531520982371855, '_a0_': 1.0, '_a1_': 1.0, '_a3_': 1.0, '_a4_': 1.0}};{'d0': 0.024905832919417215};-276.475521886820;42.92531089738843
43388;-95.3124500460218;((((x * (_a7_ + _a6_)) * (_a7_ * (x + (_a5_ / _a2_)))) + _a6_) * x);{'d0': {'_a2_': 891.449593504682, '_a5_': 556.1392207901092, '_a6_': 1.775135405779588, '_a7_': 1.1531520982371855, '_a0_': 1.0, '_a1_': 1.0, '_a3_': 1.0, '_a4_': 1.0}};{'d0': 0.024905832919417215};-276.475521886820;42.92531089738843
43389;-95.3124500460105;((((x * (_a7_ + _a7_)) * (_a7_ * (x + (_a5_ / _a2_)))) + _a6_) * x);{'d0': {'_a2_': -421096.9999413433, '_a5_': -262705.331551553, '_a6_': 1.7751353920774755, '_a7_': 1.2993769695983601, '_a0_': 1.0, '_a1_': 1.0, '_a3_': 1.0, '_a4_': 1.0}};{'d0': 0.02490583291942662};-276.475521886797;42.92531089738843
43390;-89.4752272199817;((((x * (_a7_ + _a7_)) * (_a7_ * (x + (_a5_ / (_a0_ / _a5_))))) + _a6_) * x);{'d0': {'_a0_': 0.5716813566950417, '_a5_': -0.5972009861991825, '_a6_': 1.7751354041708869, '_a7_': 1.29937694264468, '_a1_': 1.0, '_a2_': 1.0, '_a3_': 1.0, '_a4_': 1.0}};{'d0': 0.02490583293427182};-276.475521851034;48.76253370553563
43391;-89.4752272343413;((((x * (_a7_ + _a7_)) * (_a5_ * (x + (_a5_ / (_a0_ / _a5_))))) + _a6_) * x);{'d0': {'_a0_': 0.5602714076052536, '_a5_': -0.5912111842691036, '_a6_': 1.7751354042711938, '_a7_': -2.8557986546897505, '_a1_': 1.0, '_a2_': 1.0, '_a3_': 1.0, '_a4_': 1.0}};{'d0': 0.024905832922350577};-276.475521879753;48.76253370553563
43392;-89.4752272343413;((((x * (_a7_ + _a7_)) * (_a5_ * (x + (_a5_ / (_a0_ / _a5_))))) + _a6_) * x);{'d0': {'_a0_': 0.5602714076052536, '_a5_': -0.5912111842691036, '_a6_': 1.7751354042711938, '_a7_': -2.8557986546897505, '_a1_': 1.0, '_a2_': 1.0, '_a3_': 1.0, '_a4_': 1.0}};{'d0': 0.024905832922350577};-276.475521879753;48.76253370553563
43393;-95.3958282852312;((((x * _a1_) * (_a5_ * (x + (_a5_ / (_a0_ / _a5_))))) + _a6_) * x);{'d0': {'_a0_': 0.8532863298956918, '_a1_': -4.628171638159191, '_a5_': -0.729610023165362, '_a6_': 1.7751354042531162, '_a2_': 1.0, '_a3_': 1.0, '_a4_': 1.0, '_a7_': 1.0}};{'d0': 0.024905832920806493};-276.475521883473;42.841932656505634
43394;-95.3958282852312;((((x * _a1_) * (_a5_ * (x + (_a5_ / (_a0_ / _a5_))))) + _a6_) * x);{'d0': {'_a0_': 0.8532863298956918, '_a1_': -4.628171638159191, '_a5_': -0.729610023165362, '_a6_': 1.7751354042531162, '_a2_': 1.0, '_a3_': 1.0, '_a4_': 1.0, '_a7_': 1.0}};{'d0': 0.024905832920806493};-276.475521883473;42.841932656505634
43395;-95.3958282852312;((((x * _a1_) * (_a5_ * (x + (_a5_ / (_a0_ / _a5_))))) + _a6_) * x);{'d0': {'_a0_': 0.8532863298956918, '_a1_': -4.628171638159191, '_a5_': -0.729610023165362, '_a6_': 1.7751354042531162, '_a2_': 1.0, '_a3_': 1.0, '_a4_': 1.0, '_a7_': 1.0}};{'d0': 0.024905832920806493};-276.475521883473;42.841932656505634
43396;-95.3958282852312;((((x * _a1_) * (_a5_ * (x + (_a5_ / (_a0_ / _a5_))))) + _a6_) * x);{'d0': {'_a0_': 0.8532863298956918, '_a1_': -4.628171638159191, '_a5_': -0.729610023165362, '_a6_': 1.7751354042531162, '_a2_': 1.0, '_a3_': 1.0, '_a4_': 1.0, '_a7_': 1.0}};{'d0': 0.024905832920806493};-276.475521883473;42.841932656505634
43397;-95.3958282852312;((((x * _a1_) * (_a5_ * (x + (_a5_ / (_a0_ / _a5_))))) + _a6_) * x);{'d0': {'_a0_': 0.8532863298956918, '_a1_': -4.628171638159191, '_a5_': -0.729610023165362, '_a6_': 1.7751354042531162, '_a2_': 1.0, '_a3_': 1.0, '_a4_': 1.0, '_a7_': 1.0}};{'d0': 0.024905832920806493};-276.475521883473;42.841932656505634
43398;-95.3958282852312;((((x * _a1_) * (_a5_ * (x + (_a5_ / (_a0_ / _a5_))))) + _a6_) * x);{'d0': {'_a0_': 0.8532863298956918, '_a1_': -4.628171638159191, '_a5_': -0.729610023165362, '_a6_': 1.7751354042531162, '_a2_': 1.0, '_a3_': 1.0, '_a4_': 1.0, '_a7_': 1.0}};{'d0': 0.024905832920806493};-276.475521883473;42.841932656505634
43399;-90.3741310620533;((((x * (_a0_ * _a2_)) * (_a5_ * (x + (_a5_ / (_a0_ / _a5_))))) + _a6_) * x);{'d0': {'_a0_': 1.0867265273138356, '_a2_': -3.7737759991737967, '_a5_': -0.8233860944927215, '_a6_': 1.775135404459999, '_a1_': 1.0, '_a3_': 1.0, '_a4_': 1.0, '_a7_': 1.0}};{'d0': 0.02490583293026977};-276.475521860675;47.86362986828463
43400;-90.3741310620533;((((x * (_a0_ * _a2_)) * (_a5_ * (x + (_a5_ / (_a0_ / _a5_))))) + _a6_) * x);{'d0': {'_a0_': 1.0867265273138356, '_a2_': -3.7737759991737967, '_a5_': -0.8233860944927215, '_a6_': 1.775135404459999, '_a1_': 1.0, '_a3_': 1.0, '_a4_': 1.0, '_a7_': 1.0}};{'d0': 0.02490583293026977};-276.475521860675;47.86362986828463
43401;-90.3741310620533;((((x * (_a0_ * _a2_)) * (_a5_ * (x + (_a5_ / (_a0_ / _a5_))))) + _a6_) * x);{'d0': {'_a0_': 1.0867265273138356, '_a2_': -3.7737759991737967, '_a5_': -0.8233860944927215, '_a6_': 1.775135404459999, '_a1_': 1.0, '_a3_': 1.0, '_a4_': 1.0, '_a7_': 1.0}};{'d0': 0.02490583293026977};-276.475521860675;47.86362986828463
43402;-90.3741310620533;((((x * (_a0_ * _a2_)) * (_a5_ * (x + (_a5_ / (_a0_ / _a5_))))) + _a6_) * x);{'d0': {'_a0_': 1.0867265273138356, '_a2_': -3.7737759991737967, '_a5_': -0.8233860944927215, '_a6_': 1.775135404459999, '_a1_': 1.0, '_a3_': 1.0, '_a4_': 1.0, '_a7_': 1.0}};{'d0': 0.02490583293026977};-276.475521860675;47.86362986828463
43403;-90.3741310620533;((((x * (_a0_ * _a2_)) * (_a5_ * (x + (_a5_ / (_a0_ / _a5_))))) + _a6_) * x);{'d0': {'_a0_': 1.0867265273138356, '_a2_': -3.7737759991737967, '_a5_': -0.8233860944927215, '_a6_': 1.775135404459999, '_a1_': 1.0, '_a3_': 1.0, '_a4_': 1.0, '_a7_': 1.0}};{'d0': 0.02490583293026977};-276.475521860675;47.86362986828463
43404;-90.3741310620533;((((x * (_a0_ * _a2_)) * (_a5_ * (x + (_a5_ / (_a0_ / _a5_))))) + _a6_) * x);{'d0': {'_a0_': 1.0867265273138356, '_a2_': -3.7737759991737967, '_a5_': -0.8233860944927215, '_a6_': 1.775135404459999, '_a1_': 1.0, '_a3_': 1.0, '_a4_': 1.0, '_a7_': 1.0}};{'d0': 0.02490583293026977};-276.475521860675;47.86362986828463
43405;-90.3741310620533;((((x * (_a0_ * _a2_)) * (_a5_ * (x + (_a5_ / (_a0_ / _a5_))))) + _a6_) * x);{'d0': {'_a0_': 1.0867265273138356, '_a2_': -3.7737759991737967, '_a5_': -0.8233860944927215, '_a6_': 1.775135404459999, '_a1_': 1.0, '_a3_': 1.0, '_a4_': 1.0, '_a7_': 1.0}};{'d0': 0.02490583293026977};-276.475521860675;47.86362986828463
43406;-90.3741310620533;((((x * (_a0_ * _a2_)) * (_a5_ * (x + (_a5_ / (_a0_ / _a5_))))) + _a6_) * x);{'d0': {'_a0_': 1.0867265273138356, '_a2_': -3.7737759991737967, '_a5_': -0.8233860944927215, '_a6_': 1.775135404459999, '_a1_': 1.0, '_a3_': 1.0, '_a4_': 1.0, '_a7_': 1.0}};{'d0': 0.02490583293026977};-276.475521860675;47.86362986828463
43407;-90.3741310620533;((((x * (_a0_ * _a2_)) * (_a5_ * (x + (_a5_ / (_a0_ / _a5_))))) + _a6_) * x);{'d0': {'_a0_': 1.0867265273138356, '_a2_': -3.7737759991737967, '_a5_': -0.8233860944927215, '_a6_': 1.775135404459999, '_a1_': 1.0, '_a3_': 1.0, '_a4_': 1.0, '_a7_': 1.0}};{'d0': 0.02490583293026977};-276.475521860675;47.86362986828463
43408;-90.3741310620533;((((x * (_a0_ * _a2_)) * (_a5_ * (x + (_a5_ / (_a0_ / _a5_))))) + _a6_) * x);{'d0': {'_a0_': 1.0867265273138356, '_a2_': -3.7737759991737967, '_a5_': -0.8233860944927215, '_a6_': 1.775135404459999, '_a1_': 1.0, '_a3_': 1.0, '_a4_': 1.0, '_a7_': 1.0}};{'d0': 0.02490583293026977};-276.475521860675;47.86362986828463
43409;-80.4056326624157;((((x * ((_a3_ / _a4_) * _a2_)) * (_a5_ * (x + (_a5_ / (_a0_ / _a5_))))) + _a6_) * x);{'d0': {'_a0_': 1.0308274134519793, '_a2_': -3.57876552857972, '_a3_': 1.3463283354916826, '_a4_': 1.1442484905287944, '_a5_': -0.8019298098939242, '_a6_': 1.7751354042485648, '_a1_': 1.0, '_a7_': 1.0}};{'d0': 0.024905832919911837};-268.286832761184;53.73778371817663
43410;-80.4056326624157;((((x * ((_a3_ / _a4_) * _a2_)) * (_a5_ * (x + (_a5_ / (_a0_ / _a5_))))) + _a6_) * x);{'d0': {'_a0_': 1.0308274134519793, '_a2_': -3.57876552857972, '_a3_': 1.3463283354916826, '_a4_': 1.1442484905287944, '_a5_': -0.8019298098939242, '_a6_': 1.7751354042485648, '_a1_': 1.0, '_a7_': 1.0}};{'d0': 0.024905832919911837};-268.286832761184;53.73778371817663
43411;-80.4056326624157;((((x * ((_a3_ / _a4_) * _a2_)) * (_a5_ * (x + (_a5_ / (_a0_ / _a5_))))) + _a6_) * x);{'d0': {'_a0_': 1.0308274134519793, '_a2_': -3.57876552857972, '_a3_': 1.3463283354916826, '_a4_': 1.1442484905287944, '_a5_': -0.8019298098939242, '_a6_': 1.7751354042485648, '_a1_': 1.0, '_a7_': 1.0}};{'d0': 0.024905832919911837};-268.286832761184;53.73778371817663
43412;-80.4056326624157;((((x * ((_a3_ / _a4_) * _a2_)) * (_a5_ * (x + (_a5_ / (_a0_ / _a5_))))) + _a6_) * x);{'d0': {'_a0_': 1.0308274134519793, '_a2_': -3.57876552857972, '_a3_': 1.3463283354916826, '_a4_': 1.1442484905287944, '_a5_': -0.8019298098939242, '_a6_': 1.7751354042485648, '_a1_': 1.0, '_a7_': 1.0}};{'d0': 0.024905832919911837};-268.286832761184;53.73778371817663
43413;-80.4056326624157;((((x * ((_a3_ / _a4_) * _a2_)) * (_a5_ * (x + (_a5_ / (_a0_ / _a5_))))) + _a6_) * x);{'d0': {'_a0_': 1.0308274134519793, '_a2_': -3.57876552857972, '_a3_': 1.3463283354916826, '_a4_': 1.1442484905287944, '_a5_': -0.8019298098939242, '_a6_': 1.7751354042485648, '_a1_': 1.0, '_a7_': 1.0}};{'d0': 0.024905832919911837};-268.286832761184;53.73778371817663
43414;-80.4056326624157;((((x * ((_a3_ / _a4_) * _a2_)) * (_a5_ * (x + (_a5_ / (_a0_ / _a5_))))) + _a6_) * x);{'d0': {'_a0_': 1.0308274134519793, '_a2_': -3.57876552857972, '_a3_': 1.3463283354916826, '_a4_': 1.1442484905287944, '_a5_': -0.8019298098939242, '_a6_': 1.7751354042485648, '_a1_': 1.0, '_a7_': 1.0}};{'d0': 0.024905832919911837};-268.286832761184;53.73778371817663
43415;-80.4056326624157;((((x * ((_a3_ / _a4_) * _a2_)) * (_a5_ * (x + (_a5_ / (_a0_ / _a5_))))) + _a6_) * x);{'d0': {'_a0_': 1.0308274134519793, '_a2_': -3.57876552857972, '_a3_': 1.3463283354916826, '_a4_': 1.1442484905287944, '_a5_': -0.8019298098939242, '_a6_': 1.7751354042485648, '_a1_': 1.0, '_a7_': 1.0}};{'d0': 0.024905832919911837};-268.286832761184;53.73778371817663
43416;-82.4528049166162;((((x * ((_a3_ / _a4_) * _a5_)) * (_a5_ * (x + (_a5_ / (_a0_ / _a5_))))) + _a6_) * x);{'d0': {'_a0_': 1.8819642532884395, '_a3_': 5.144518432533547, '_a4_': 1.7887178548484823, '_a5_': -1.083550249462586, '_a6_': 1.7751354043006822, '_a1_': 1.0, '_a2_': 1.0, '_a7_': 1.0}};{'d0': 0.024905832942252897};-272.381177269585;53.73778371817663
43417;-82.4528049166162;((((x * ((_a3_ / _a4_) * _a5_)) * (_a5_ * (x + (_a5_ / (_a0_ / _a5_))))) + _a6_) * x);{'d0': {'_a0_': 1.8819642532884395, '_a3_': 5.144518432533547, '_a4_': 1.7887178548484823, '_a5_': -1.083550249462586, '_a6_': 1.7751354043006822, '_a1_': 1.0, '_a2_': 1.0, '_a7_': 1.0}};{'d0': 0.024905832942252897};-272.381177269585;53.73778371817663
43418;-82.4528049166162;((((x * ((_a3_ / _a4_) * _a5_)) * (_a5_ * (x + (_a5_ / (_a0_ / _a5_))))) + _a6_) * x);{'d0': {'_a0_': 1.8819642532884395, '_a3_': 5.144518432533547, '_a4_': 1.7887178548484823, '_a5_': -1.083550249462586, '_a6_': 1.7751354043006822, '_a1_': 1.0, '_a2_': 1.0, '_a7_': 1.0}};{'d0': 0.024905832942252897};-272.381177269585;53.73778371817663
43419;-82.4528049166162;((((x * ((_a3_ / _a4_) * _a5_)) * (_a5_ * (x + (_a5_ / (_a0_ / _a5_))))) + _a6_) * x);{'d0': {'_a0_': 1.8819642532884395, '_a3_': 5.144518432533547, '_a4_': 1.7887178548484823, '_a5_': -1.083550249462586, '_a6_': 1.7751354043006822, '_a1_': 1.0, '_a2_': 1.0, '_a7_': 1.0}};{'d0': 0.024905832942252897};-272.381177269585;53.73778371817663
43420;-82.4528049166162;((((x * ((_a3_ / _a4_) * _a5_)) * (_a5_ * (x + (_a5_ / (_a0_ / _a5_))))) + _a6_) * x);{'d0': {'_a0_': 1.8819642532884395, '_a3_': 5.144518432533547, '_a4_': 1.7887178548484823, '_a5_': -1.083550249462586, '_a6_': 1.7751354043006822, '_a1_': 1.0, '_a2_': 1.0, '_a7_': 1.0}};{'d0': 0.024905832942252897};-272.381177269585;53.73778371817663
43421;-82.4528049166162;((((x * ((_a3_ / _a4_) * _a5_)) * (_a5_ * (x + (_a5_ / (_a0_ / _a5_))))) + _a6_) * x);{'d0': {'_a0_': 1.8819642532884395, '_a3_': 5.144518432533547, '_a4_': 1.7887178548484823, '_a5_': -1.083550249462586, '_a6_': 1.7751354043006822, '_a1_': 1.0, '_a2_': 1.0, '_a7_': 1.0}};{'d0': 0.024905832942252897};-272.381177269585;53.73778371817663
43422;-82.4528049166162;((((x * ((_a3_ / _a4_) * _a5_)) * (_a5_ * (x + (_a5_ / (_a0_ / _a5_))))) + _a6_) * x);{'d0': {'_a0_': 1.8819642532884395, '_a3_': 5.144518432533547, '_a4_': 1.7887178548484823, '_a5_': -1.083550249462586, '_a6_': 1.7751354043006822, '_a1_': 1.0, '_a2_': 1.0, '_a7_': 1.0}};{'d0': 0.024905832942252897};-272.381177269585;53.73778371817663
43423;-82.4528049166162;((((x * ((_a3_ / _a4_) * _a5_)) * (_a5_ * (x + (_a5_ / (_a0_ / _a5_))))) + _a6_) * x);{'d0': {'_a0_': 1.8819642532884395, '_a3_': 5.144518432533547, '_a4_': 1.7887178548484823, '_a5_': -1.083550249462586, '_a6_': 1.7751354043006822, '_a1_': 1.0, '_a2_': 1.0, '_a7_': 1.0}};{'d0': 0.024905832942252897};-272.381177269585;53.73778371817663
43424;-82.4528049166162;((((x * ((_a3_ / _a4_) * _a5_)) * (_a5_ * (x + (_a5_ / (_a0_ / _a5_))))) + _a6_) * x);{'d0': {'_a0_': 1.8819642532884395, '_a3_': 5.144518432533547, '_a4_': 1.7887178548484823, '_a5_': -1.083550249462586, '_a6_': 1.7751354043006822, '_a1_': 1.0, '_a2_': 1.0, '_a7_': 1.0}};{'d0': 0.024905832942252897};-272.381177269585;53.73778371817663
43425;-84.4999772213471;((((x * ((_a6_ / _a4_) * _a5_)) * (_a5_ * (x + (_a5_ / (_a0_ / _a5_))))) + _a6_) * x);{'d0': {'_a0_': 1.515156214246749, '_a4_': 0.49690723833622713, '_a5_': -0.9722370142725762, '_a6_': 1.7751354036749085, '_a1_': 1.0, '_a2_': 1.0, '_a3_': 1.0, '_a7_': 1.0}};{'d0': 0.024905832922643797};-276.475521879047;53.73778371817663
43426;-87.8387819837698;(((_a6_ + _a6_) + ((pow2(x) * (_a7_ * _a6_)) + x)) * ((x * -(_a1_)) + _a3_));{'d0': {'_a1_': -2.1145064365681865, '_a3_': -0.0012194798729896483, '_a6_': 0.41992618664365916, '_a7_': 3.809413953828472, '_a0_': 1.0, '_a2_': 1.0, '_a4_': 1.0, '_a5_': 1.0}};{'d0': 0.02488548250186697};-276.524567593312;50.42350181288651
43427;-87.8387819837698;(((_a6_ + _a6_) + ((pow2(x) * (_a7_ * _a6_)) + x)) * ((x * -(_a1_)) + _a3_));{'d0': {'_a1_': -2.1145064365681865, '_a3_': -0.0012194798729896483, '_a6_': 0.41992618664365916, '_a7_': 3.809413953828472, '_a0_': 1.0, '_a2_': 1.0, '_a4_': 1.0, '_a5_': 1.0}};{'d0': 0.02488548250186697};-276.524567593312;50.42350181288651
43428;-88.7376858210162;(((_a6_ * _a6_) + ((pow2(x) * (_a7_ * _a6_)) + x)) * ((x * -(_a1_)) + _a3_));{'d0': {'_a1_': -2.1145063188524533, '_a3_': -0.0012194629879589732, '_a6_': 0.9164346225607106, '_a7_': 1.7455393748635923, '_a0_': 1.0, '_a2_': 1.0, '_a4_': 1.0, '_a5_': 1.0}};{'d0': 0.02488548250187081};-276.524567593303;49.52459797563551
43429;-88.7376858210162;(((_a6_ * _a6_) + ((pow2(x) * (_a7_ * _a6_)) + x)) * ((x * -(_a1_)) + _a3_));{'d0': {'_a1_': -2.1145063188524533, '_a3_': -0.0012194629879589732, '_a6_': 0.9164346225607106, '_a7_': 1.7455393748635923, '_a0_': 1.0, '_a2_': 1.0, '_a4_': 1.0, '_a5_': 1.0}};{'d0': 0.02488548250187081};-276.524567593303;49.52459797563551
43430;-88.7376858210162;(((_a6_ * _a6_) + ((pow2(x) * (_a7_ * _a6_)) + x)) * ((x * -(_a1_)) + _a3_));{'d0': {'_a1_': -2.1145063188524533, '_a3_': -0.0012194629879589732, '_a6_': 0.9164346225607106, '_a7_': 1.7455393748635923, '_a0_': 1.0, '_a2_': 1.0, '_a4_': 1.0, '_a5_': 1.0}};{'d0': 0.02488548250187081};-276.524567593303;49.52459797563551
43431;-88.7376858210162;(((_a6_ * _a6_) + ((pow2(x) * (_a7_ * _a6_)) + x)) * ((x * -(_a1_)) + _a3_));{'d0': {'_a1_': -2.1145063188524533, '_a3_': -0.0012194629879589732, '_a6_': 0.9164346225607106, '_a7_': 1.7455393748635923, '_a0_': 1.0, '_a2_': 1.0, '_a4_': 1.0, '_a5_': 1.0}};{'d0': 0.02488548250187081};-276.524567593303;49.52459797563551
43432;-88.7376858210162;(((_a6_ * _a6_) + ((pow2(x) * (_a7_ * _a6_)) + x)) * ((x * -(_a1_)) + _a3_));{'d0': {'_a1_': -2.1145063188524533, '_a3_': -0.0012194629879589732, '_a6_': 0.9164346225607106, '_a7_': 1.7455393748635923, '_a0_': 1.0, '_a2_': 1.0, '_a4_': 1.0, '_a5_': 1.0}};{'d0': 0.02488548250187081};-276.524567593303;49.52459797563551
43433;-92.4213033562373;((((x * (_a0_ * _a5_)) * (_a5_ * (x + (_a5_ / (_a0_ / _a5_))))) + _a6_) * x);{'d0': {'_a0_': 2.3265199813845387, '_a5_': -1.2047495158390953, '_a6_': 1.775135404186017, '_a1_': 1.0, '_a2_': 1.0, '_a3_': 1.0, '_a4_': 1.0, '_a7_': 1.0}};{'d0': 0.024905832919416674};-280.569866449043;47.86362986828463
43434;-92.4213033562373;((((x * (_a0_ * _a5_)) * (_a5_ * (x + (_a5_ / (_a0_ / _a5_))))) + _a6_) * x);{'d0': {'_a0_': 2.3265199813845387, '_a5_': -1.2047495158390953, '_a6_': 1.775135404186017, '_a1_': 1.0, '_a2_': 1.0, '_a3_': 1.0, '_a4_': 1.0, '_a7_': 1.0}};{'d0': 0.024905832919416674};-280.569866449043;47.86362986828463
43435;-92.4213033562373;((((x * (_a0_ * _a5_)) * (_a5_ * (x + (_a5_ / (_a0_ / _a5_))))) + _a6_) * x);{'d0': {'_a0_': 2.3265199813845387, '_a5_': -1.2047495158390953, '_a6_': 1.775135404186017, '_a1_': 1.0, '_a2_': 1.0, '_a3_': 1.0, '_a4_': 1.0, '_a7_': 1.0}};{'d0': 0.024905832919416674};-280.569866449043;47.86362986828463
43436;-92.4213033562373;((((x * (_a0_ * _a5_)) * (_a5_ * (x + (_a5_ / (_a0_ / _a5_))))) + _a6_) * x);{'d0': {'_a0_': 2.3265199813845387, '_a5_': -1.2047495158390953, '_a6_': 1.775135404186017, '_a1_': 1.0, '_a2_': 1.0, '_a3_': 1.0, '_a4_': 1.0, '_a7_': 1.0}};{'d0': 0.024905832919416674};-280.569866449043;47.86362986828463
43437;-92.4213033562373;((((x * (_a0_ * _a5_)) * (_a5_ * (x + (_a5_ / (_a0_ / _a5_))))) + _a6_) * x);{'d0': {'_a0_': 2.3265199813845387, '_a5_': -1.2047495158390953, '_a6_': 1.775135404186017, '_a1_': 1.0, '_a2_': 1.0, '_a3_': 1.0, '_a4_': 1.0, '_a7_': 1.0}};{'d0': 0.024905832919416674};-280.569866449043;47.86362986828463
43438;-92.4213033562373;((((x * (_a0_ * _a5_)) * (_a5_ * (x + (_a5_ / (_a0_ / _a5_))))) + _a6_) * x);{'d0': {'_a0_': 2.3265199813845387, '_a5_': -1.2047495158390953, '_a6_': 1.775135404186017, '_a1_': 1.0, '_a2_': 1.0, '_a3_': 1.0, '_a4_': 1.0, '_a7_': 1.0}};{'d0': 0.024905832919416674};-280.569866449043;47.86362986828463
43439;-92.4213033562373;((((x * (_a0_ * _a5_)) * (_a5_ * (x + (_a5_ / (_a0_ / _a5_))))) + _a6_) * x);{'d0': {'_a0_': 2.3265199813845387, '_a5_': -1.2047495158390953, '_a6_': 1.775135404186017, '_a1_': 1.0, '_a2_': 1.0, '_a3_': 1.0, '_a4_': 1.0, '_a7_': 1.0}};{'d0': 0.024905832919416674};-280.569866449043;47.86362986828463
43440;-92.4213033562373;((((x * (_a0_ * _a5_)) * (_a5_ * (x + (_a5_ / (_a0_ / _a5_))))) + _a6_) * x);{'d0': {'_a0_': 2.3265199813845387, '_a5_': -1.2047495158390953, '_a6_': 1.775135404186017, '_a1_': 1.0, '_a2_': 1.0, '_a3_': 1.0, '_a4_': 1.0, '_a7_': 1.0}};{'d0': 0.024905832919416674};-280.569866449043;47.86362986828463
43441;-92.4213033562373;((((x * (_a0_ * _a5_)) * (_a5_ * (x + (_a5_ / (_a0_ / _a5_))))) + _a6_) * x);{'d0': {'_a0_': 2.3265199813845387, '_a5_': -1.2047495158390953, '_a6_': 1.775135404186017, '_a1_': 1.0, '_a2_': 1.0, '_a3_': 1.0, '_a4_': 1.0, '_a7_': 1.0}};{'d0': 0.024905832919416674};-280.569866449043;47.86362986828463
43442;-92.4213033562373;((((x * (_a0_ * _a5_)) * (_a5_ * (x + (_a5_ / (_a0_ / _a5_))))) + _a6_) * x);{'d0': {'_a0_': 2.3265199813845387, '_a5_': -1.2047495158390953, '_a6_': 1.775135404186017, '_a1_': 1.0, '_a2_': 1.0, '_a3_': 1.0, '_a4_': 1.0, '_a7_': 1.0}};{'d0': 0.024905832919416674};-280.569866449043;47.86362986828463
43443;-92.4213033562373;((((x * (_a0_ * _a5_)) * (_a5_ * (x + (_a5_ / (_a0_ / _a5_))))) + _a6_) * x);{'d0': {'_a0_': 2.3265199813845387, '_a5_': -1.2047495158390953, '_a6_': 1.775135404186017, '_a1_': 1.0, '_a2_': 1.0, '_a3_': 1.0, '_a4_': 1.0, '_a7_': 1.0}};{'d0': 0.024905832919416674};-280.569866449043;47.86362986828463
43444;-92.4213033562373;((((x * (_a0_ * _a5_)) * (_a5_ * (x + (_a5_ / (_a0_ / _a5_))))) + _a6_) * x);{'d0': {'_a0_': 2.3265199813845387, '_a5_': -1.2047495158390953, '_a6_': 1.775135404186017, '_a1_': 1.0, '_a2_': 1.0, '_a3_': 1.0, '_a4_': 1.0, '_a7_': 1.0}};{'d0': 0.024905832919416674};-280.569866449043;47.86362986828463
43445;-92.4213033562373;((((x * (_a0_ * _a5_)) * (_a5_ * (x + (_a5_ / (_a0_ / _a5_))))) + _a6_) * x);{'d0': {'_a0_': 2.3265199813845387, '_a5_': -1.2047495158390953, '_a6_': 1.775135404186017, '_a1_': 1.0, '_a2_': 1.0, '_a3_': 1.0, '_a4_': 1.0, '_a7_': 1.0}};{'d0': 0.024905832919416674};-280.569866449043;47.86362986828463
43446;-92.4213033562373;((((x * (_a0_ * _a5_)) * (_a5_ * (x + (_a5_ / (_a0_ / _a5_))))) + _a6_) * x);{'d0': {'_a0_': 2.3265199813845387, '_a5_': -1.2047495158390953, '_a6_': 1.775135404186017, '_a1_': 1.0, '_a2_': 1.0, '_a3_': 1.0, '_a4_': 1.0, '_a7_': 1.0}};{'d0': 0.024905832919416674};-280.569866449043;47.86362986828463
43447;-92.4213033562373;((((x * (_a0_ * _a5_)) * (_a5_ * (x + (_a5_ / (_a0_ / _a5_))))) + _a6_) * x);{'d0': {'_a0_': 2.3265199813845387, '_a5_': -1.2047495158390953, '_a6_': 1.775135404186017, '_a1_': 1.0, '_a2_': 1.0, '_a3_': 1.0, '_a4_': 1.0, '_a7_': 1.0}};{'d0': 0.024905832919416674};-280.569866449043;47.86362986828463
43448;-92.4213033562373;((((x * (_a0_ * _a5_)) * (_a5_ * (x + (_a5_ / (_a0_ / _a5_))))) + _a6_) * x);{'d0': {'_a0_': 2.3265199813845387, '_a5_': -1.2047495158390953, '_a6_': 1.775135404186017, '_a1_': 1.0, '_a2_': 1.0, '_a3_': 1.0, '_a4_': 1.0, '_a7_': 1.0}};{'d0': 0.024905832919416674};-280.569866449043;47.86362986828463
43449;-92.4213033562373;((((x * (_a0_ * _a5_)) * (_a5_ * (x + (_a5_ / (_a0_ / _a5_))))) + _a6_) * x);{'d0': {'_a0_': 2.3265199813845387, '_a5_': -1.2047495158390953, '_a6_': 1.775135404186017, '_a1_': 1.0, '_a2_': 1.0, '_a3_': 1.0, '_a4_': 1.0, '_a7_': 1.0}};{'d0': 0.024905832919416674};-280.569866449043;47.86362986828463
43450;-92.4213033562373;((((x * (_a0_ * _a5_)) * (_a5_ * (x + (_a5_ / (_a0_ / _a5_))))) + _a6_) * x);{'d0': {'_a0_': 2.3265199813845387, '_a5_': -1.2047495158390953, '_a6_': 1.775135404186017, '_a1_': 1.0, '_a2_': 1.0, '_a3_': 1.0, '_a4_': 1.0, '_a7_': 1.0}};{'d0': 0.024905832919416674};-280.569866449043;47.86362986828463
43451;-92.4213033562373;((((x * (_a0_ * _a5_)) * (_a5_ * (x + (_a5_ / (_a0_ / _a5_))))) + _a6_) * x);{'d0': {'_a0_': 2.3265199813845387, '_a5_': -1.2047495158390953, '_a6_': 1.775135404186017, '_a1_': 1.0, '_a2_': 1.0, '_a3_': 1.0, '_a4_': 1.0, '_a7_': 1.0}};{'d0': 0.024905832919416674};-280.569866449043;47.86362986828463
43452;-92.4213033562373;((((x * (_a0_ * _a5_)) * (_a5_ * (x + (_a5_ / (_a0_ / _a5_))))) + _a6_) * x);{'d0': {'_a0_': 2.3265199813845387, '_a5_': -1.2047495158390953, '_a6_': 1.775135404186017, '_a1_': 1.0, '_a2_': 1.0, '_a3_': 1.0, '_a4_': 1.0, '_a7_': 1.0}};{'d0': 0.024905832919416674};-280.569866449043;47.86362986828463
43453;-92.4213033562373;((((x * (_a0_ * _a5_)) * (_a5_ * (x + (_a5_ / (_a0_ / _a5_))))) + _a6_) * x);{'d0': {'_a0_': 2.3265199813845387, '_a5_': -1.2047495158390953, '_a6_': 1.775135404186017, '_a1_': 1.0, '_a2_': 1.0, '_a3_': 1.0, '_a4_': 1.0, '_a7_': 1.0}};{'d0': 0.024905832919416674};-280.569866449043;47.86362986828463
43454;-92.4213033562373;((((x * (_a0_ * _a5_)) * (_a5_ * (x + (_a5_ / (_a0_ / _a5_))))) + _a6_) * x);{'d0': {'_a0_': 2.3265199813845387, '_a5_': -1.2047495158390953, '_a6_': 1.775135404186017, '_a1_': 1.0, '_a2_': 1.0, '_a3_': 1.0, '_a4_': 1.0, '_a7_': 1.0}};{'d0': 0.024905832919416674};-280.569866449043;47.86362986828463
43455;-99.0900923845592;(((_a0_ + ((_a1_ * x) * x)) * ((_a6_ * x) + _a4_)) + _a3_);{'d0': {'_a0_': 0.5246546189486888, '_a1_': 1.0, '_a3_': -1.1093862694944072, '_a4_': 2.112555662490752, '_a6_': 3.382518154391158, '_a2_': 1.0, '_a5_': 1.0, '_a7_': 1.0}};{'d0': 0.02488548250186684};-272.430223031090;37.125019130986104
43456;-99.0900923845592;(((_a0_ + ((_a1_ * x) * x)) * ((_a6_ * x) + _a4_)) + _a3_);{'d0': {'_a0_': 0.5246546189486888, '_a1_': 1.0, '_a3_': -1.1093862694944072, '_a4_': 2.112555662490752, '_a6_': 3.382518154391158, '_a2_': 1.0, '_a5_': 1.0, '_a7_': 1.0}};{'d0': 0.02488548250186684};-272.430223031090;37.125019130986104
43457;-99.0900923845592;(((_a0_ + ((_a1_ * x) * x)) * ((_a6_ * x) + _a4_)) + _a3_);{'d0': {'_a0_': 0.5246546189486888, '_a1_': 1.0, '_a3_': -1.1093862694944072, '_a4_': 2.112555662490752, '_a6_': 3.382518154391158, '_a2_': 1.0, '_a5_': 1.0, '_a7_': 1.0}};{'d0': 0.02488548250186684};-272.430223031090;37.125019130986104
43458;-99.0900923845592;(((_a0_ + ((_a1_ * x) * x)) * ((_a6_ * x) + _a4_)) + _a3_);{'d0': {'_a0_': 0.5246546189486888, '_a1_': 1.0, '_a3_': -1.1093862694944072, '_a4_': 2.112555662490752, '_a6_': 3.382518154391158, '_a2_': 1.0, '_a5_': 1.0, '_a7_': 1.0}};{'d0': 0.02488548250186684};-272.430223031090;37.125019130986104
43459;-99.0900923845592;(((_a0_ + ((_a1_ * x) * x)) * ((_a6_ * x) + _a4_)) + _a3_);{'d0': {'_a0_': 0.5246546189486888, '_a1_': 1.0, '_a3_': -1.1093862694944072, '_a4_': 2.112555662490752, '_a6_': 3.382518154391158, '_a2_': 1.0, '_a5_': 1.0, '_a7_': 1.0}};{'d0': 0.02488548250186684};-272.430223031090;37.125019130986104
43460;-94.0683951709654;((((_a2_ * _a6_) + ((_a1_ * x) * x)) * ((_a6_ * x) + _a4_)) + _a3_);{'d0': {'_a1_': 3.019429608815328, '_a2_': 1.4141098999778832, '_a3_': -1.1093862692222982, '_a4_': 0.6996538524447717, '_a6_': 1.1202506519804922, '_a0_': 1.0, '_a5_': 1.0, '_a7_': 1.0}};{'d0': 0.02488548250337225};-272.430223027461;42.1467163427651
43461;-94.0683951709654;((((_a2_ * _a6_) + ((_a1_ * x) * x)) * ((_a6_ * x) + _a4_)) + _a3_);{'d0': {'_a1_': 3.019429608815328, '_a2_': 1.4141098999778832, '_a3_': -1.1093862692222982, '_a4_': 0.6996538524447717, '_a6_': 1.1202506519804922, '_a0_': 1.0, '_a5_': 1.0, '_a7_': 1.0}};{'d0': 0.02488548250337225};-272.430223027461;42.1467163427651
43462;-94.0683951709654;((((_a2_ * _a6_) + ((_a1_ * x) * x)) * ((_a6_ * x) + _a4_)) + _a3_);{'d0': {'_a1_': 3.019429608815328, '_a2_': 1.4141098999778832, '_a3_': -1.1093862692222982, '_a4_': 0.6996538524447717, '_a6_': 1.1202506519804922, '_a0_': 1.0, '_a5_': 1.0, '_a7_': 1.0}};{'d0': 0.02488548250337225};-272.430223027461;42.1467163427651
43463;-94.0683951709654;((((_a2_ * _a6_) + ((_a1_ * x) * x)) * ((_a6_ * x) + _a4_)) + _a3_);{'d0': {'_a1_': 3.019429608815328, '_a2_': 1.4141098999778832, '_a3_': -1.1093862692222982, '_a4_': 0.6996538524447717, '_a6_': 1.1202506519804922, '_a0_': 1.0, '_a5_': 1.0, '_a7_': 1.0}};{'d0': 0.02488548250337225};-272.430223027461;42.1467163427651
43464;-96.1155674538913;((((_a2_ * _a6_) + ((_a1_ * x) * x)) * ((_a6_ * x) + _a2_)) + _a3_);{'d0': {'_a1_': 2.3881316552997855, '_a2_': 0.884606029910317, '_a3_': -1.109386270003912, '_a6_': 1.4163868001986528, '_a0_': 1.0, '_a4_': 1.0, '_a5_': 1.0, '_a7_': 1.0}};{'d0': 0.024885482501866767};-276.524567593313;42.1467163427651
43465;-96.1155674538913;((((_a2_ * _a6_) + ((_a1_ * x) * x)) * ((_a6_ * x) + _a2_)) + _a3_);{'d0': {'_a1_': 2.3881316552997855, '_a2_': 0.884606029910317, '_a3_': -1.109386270003912, '_a6_': 1.4163868001986528, '_a0_': 1.0, '_a4_': 1.0, '_a5_': 1.0, '_a7_': 1.0}};{'d0': 0.024885482501866767};-276.524567593313;42.1467163427651
43466;-96.1155674538913;((((_a2_ * _a6_) + ((_a1_ * x) * x)) * ((_a6_ * x) + _a2_)) + _a3_);{'d0': {'_a1_': 2.3881316552997855, '_a2_': 0.884606029910317, '_a3_': -1.109386270003912, '_a6_': 1.4163868001986528, '_a0_': 1.0, '_a4_': 1.0, '_a5_': 1.0, '_a7_': 1.0}};{'d0': 0.024885482501866767};-276.524567593313;42.1467163427651
43467;-96.1155674538913;((((_a2_ * _a6_) + ((_a1_ * x) * x)) * ((_a6_ * x) + _a2_)) + _a3_);{'d0': {'_a1_': 2.3881316552997855, '_a2_': 0.884606029910317, '_a3_': -1.109386270003912, '_a6_': 1.4163868001986528, '_a0_': 1.0, '_a4_': 1.0, '_a5_': 1.0, '_a7_': 1.0}};{'d0': 0.024885482501866767};-276.524567593313;42.1467163427651
43468;-96.1155674538913;((((_a2_ * _a6_) + ((_a1_ * x) * x)) * ((_a6_ * x) + _a2_)) + _a3_);{'d0': {'_a1_': 2.3881316552997855, '_a2_': 0.884606029910317, '_a3_': -1.109386270003912, '_a6_': 1.4163868001986528, '_a0_': 1.0, '_a4_': 1.0, '_a5_': 1.0, '_a7_': 1.0}};{'d0': 0.024885482501866767};-276.524567593313;42.1467163427651
43469;-101.137264665670;(((_a6_ + ((_a1_ * x) * x)) * ((_a6_ * x) + _a2_)) + _a3_);{'d0': {'_a1_': 2.5391205304801625, '_a2_': 0.8320029056973304, '_a3_': -1.109386269655032, '_a6_': 1.3321613169090918, '_a0_': 1.0, '_a4_': 1.0, '_a5_': 1.0, '_a7_': 1.0}};{'d0': 0.024885482501866805};-276.524567593313;37.125019130986104
43470;-101.137264665670;(((_a6_ + ((_a1_ * x) * x)) * ((_a6_ * x) + _a2_)) + _a3_);{'d0': {'_a1_': 2.5391205304801625, '_a2_': 0.8320029056973304, '_a3_': -1.109386269655032, '_a6_': 1.3321613169090918, '_a0_': 1.0, '_a4_': 1.0, '_a5_': 1.0, '_a7_': 1.0}};{'d0': 0.024885482501866805};-276.524567593313;37.125019130986104
43471;-101.137264665670;(((_a6_ + ((_a1_ * x) * x)) * ((_a6_ * x) + _a2_)) + _a3_);{'d0': {'_a1_': 2.5391205304801625, '_a2_': 0.8320029056973304, '_a3_': -1.109386269655032, '_a6_': 1.3321613169090918, '_a0_': 1.0, '_a4_': 1.0, '_a5_': 1.0, '_a7_': 1.0}};{'d0': 0.024885482501866805};-276.524567593313;37.125019130986104
43472;-101.137264665670;(((_a6_ + ((_a7_ * x) * x)) * ((_a6_ * x) + _a2_)) + _a3_);{'d0': {'_a2_': 0.832002905802887, '_a3_': -1.1093862699015544, '_a6_': 1.3321613168098814, '_a7_': 2.5391205323070003, '_a0_': 1.0, '_a1_': 1.0, '_a4_': 1.0, '_a5_': 1.0}};{'d0': 0.024885482501866847};-276.524567593312;37.125019130986104
43473;-101.137264665670;(((_a6_ + ((_a7_ * x) * x)) * ((_a6_ * x) + _a2_)) + _a3_);{'d0': {'_a2_': 0.832002905802887, '_a3_': -1.1093862699015544, '_a6_': 1.3321613168098814, '_a7_': 2.5391205323070003, '_a0_': 1.0, '_a1_': 1.0, '_a4_': 1.0, '_a5_': 1.0}};{'d0': 0.024885482501866847};-276.524567593312;37.125019130986104
43474;-101.137264665670;(((_a6_ + ((_a7_ * x) * x)) * ((_a6_ * x) + _a2_)) + _a3_);{'d0': {'_a2_': 0.832002905802887, '_a3_': -1.1093862699015544, '_a6_': 1.3321613168098814, '_a7_': 2.5391205323070003, '_a0_': 1.0, '_a1_': 1.0, '_a4_': 1.0, '_a5_': 1.0}};{'d0': 0.024885482501866847};-276.524567593312;37.125019130986104
43475;-101.137264665670;(((_a6_ + ((_a7_ * x) * x)) * ((_a6_ * x) + _a2_)) + _a3_);{'d0': {'_a2_': 0.832002905802887, '_a3_': -1.1093862699015544, '_a6_': 1.3321613168098814, '_a7_': 2.5391205323070003, '_a0_': 1.0, '_a1_': 1.0, '_a4_': 1.0, '_a5_': 1.0}};{'d0': 0.024885482501866847};-276.524567593312;37.125019130986104
43476;-101.137264665670;(((_a6_ + ((_a7_ * x) * x)) * ((_a6_ * x) + _a2_)) + _a3_);{'d0': {'_a2_': 0.832002905802887, '_a3_': -1.1093862699015544, '_a6_': 1.3321613168098814, '_a7_': 2.5391205323070003, '_a0_': 1.0, '_a1_': 1.0, '_a4_': 1.0, '_a5_': 1.0}};{'d0': 0.024885482501866847};-276.524567593312;37.125019130986104
43477;-101.137264665670;(((_a6_ + ((_a7_ * x) * x)) * ((_a6_ * x) + _a2_)) + _a3_);{'d0': {'_a2_': 0.832002905802887, '_a3_': -1.1093862699015544, '_a6_': 1.3321613168098814, '_a7_': 2.5391205323070003, '_a0_': 1.0, '_a1_': 1.0, '_a4_': 1.0, '_a5_': 1.0}};{'d0': 0.024885482501866847};-276.524567593312;37.125019130986104
43478;-101.137264665670;(((_a6_ + ((_a7_ * x) * x)) * ((_a6_ * x) + _a2_)) + _a3_);{'d0': {'_a2_': 0.832002905802887, '_a3_': -1.1093862699015544, '_a6_': 1.3321613168098814, '_a7_': 2.5391205323070003, '_a0_': 1.0, '_a1_': 1.0, '_a4_': 1.0, '_a5_': 1.0}};{'d0': 0.024885482501866847};-276.524567593312;37.125019130986104
43479;-101.137264665670;(((_a6_ + ((_a7_ * x) * x)) * ((_a6_ * x) + _a2_)) + _a3_);{'d0': {'_a2_': 0.832002905802887, '_a3_': -1.1093862699015544, '_a6_': 1.3321613168098814, '_a7_': 2.5391205323070003, '_a0_': 1.0, '_a1_': 1.0, '_a4_': 1.0, '_a5_': 1.0}};{'d0': 0.024885482501866847};-276.524567593312;37.125019130986104
43480;-101.137264665670;(((_a6_ + ((_a7_ * x) * x)) * ((_a6_ * x) + _a2_)) + _a3_);{'d0': {'_a2_': 0.832002905802887, '_a3_': -1.1093862699015544, '_a6_': 1.3321613168098814, '_a7_': 2.5391205323070003, '_a0_': 1.0, '_a1_': 1.0, '_a4_': 1.0, '_a5_': 1.0}};{'d0': 0.024885482501866847};-276.524567593312;37.125019130986104
43481;-101.137264665670;(((_a6_ + ((_a7_ * x) * x)) * ((_a6_ * x) + _a2_)) + _a3_);{'d0': {'_a2_': 0.832002905802887, '_a3_': -1.1093862699015544, '_a6_': 1.3321613168098814, '_a7_': 2.5391205323070003, '_a0_': 1.0, '_a1_': 1.0, '_a4_': 1.0, '_a5_': 1.0}};{'d0': 0.024885482501866847};-276.524567593312;37.125019130986104
43482;-98.4907184973529;((_a6_ + ((pow2(x) * _a2_) + x)) * ((x * (_a2_ + _a4_)) + x));{'d0': {'_a2_': 1.6029252343397171, '_a4_': -0.49630116738899954, '_a6_': 0.8426446050385819, '_a0_': 1.0, '_a1_': 1.0, '_a3_': 1.0, '_a5_': 1.0, '_a7_': 1.0}};{'d0': 0.02490583291941659};-280.569866449044;41.79421472716911
43483;-98.4907184973529;((_a6_ + ((pow2(x) * _a2_) + x)) * ((x * (_a2_ + _a4_)) + x));{'d0': {'_a2_': 1.6029252343397171, '_a4_': -0.49630116738899954, '_a6_': 0.8426446050385819, '_a0_': 1.0, '_a1_': 1.0, '_a3_': 1.0, '_a5_': 1.0, '_a7_': 1.0}};{'d0': 0.02490583291941659};-280.569866449044;41.79421472716911
43484;-98.4907184973529;((_a6_ + ((pow2(x) * _a2_) + x)) * ((x * (_a2_ + _a4_)) + x));{'d0': {'_a2_': 1.6029252343397171, '_a4_': -0.49630116738899954, '_a6_': 0.8426446050385819, '_a0_': 1.0, '_a1_': 1.0, '_a3_': 1.0, '_a5_': 1.0, '_a7_': 1.0}};{'d0': 0.02490583291941659};-280.569866449044;41.79421472716911
43485;-98.4907184973529;((_a6_ + ((pow2(x) * _a2_) + x)) * ((x * (_a2_ + _a4_)) + x));{'d0': {'_a2_': 1.6029252343397171, '_a4_': -0.49630116738899954, '_a6_': 0.8426446050385819, '_a0_': 1.0, '_a1_': 1.0, '_a3_': 1.0, '_a5_': 1.0, '_a7_': 1.0}};{'d0': 0.02490583291941659};-280.569866449044;41.79421472716911
43486;-98.4907184973529;((_a6_ + ((pow2(x) * _a2_) + x)) * ((x * (_a2_ + _a4_)) + x));{'d0': {'_a2_': 1.6029252343397171, '_a4_': -0.49630116738899954, '_a6_': 0.8426446050385819, '_a0_': 1.0, '_a1_': 1.0, '_a3_': 1.0, '_a5_': 1.0, '_a7_': 1.0}};{'d0': 0.02490583291941659};-280.569866449044;41.79421472716911
43487;-98.4907184973529;((_a6_ + ((pow2(x) * _a2_) + x)) * ((x * (_a2_ + _a4_)) + x));{'d0': {'_a2_': 1.6029252343397171, '_a4_': -0.49630116738899954, '_a6_': 0.8426446050385819, '_a0_': 1.0, '_a1_': 1.0, '_a3_': 1.0, '_a5_': 1.0, '_a7_': 1.0}};{'d0': 0.02490583291941659};-280.569866449044;41.79421472716911
43488;-98.4907184973529;((_a6_ + ((pow2(x) * _a2_) + x)) * ((x * (_a2_ + _a4_)) + x));{'d0': {'_a2_': 1.6029252343397171, '_a4_': -0.49630116738899954, '_a6_': 0.8426446050385819, '_a0_': 1.0, '_a1_': 1.0, '_a3_': 1.0, '_a5_': 1.0, '_a7_': 1.0}};{'d0': 0.02490583291941659};-280.569866449044;41.79421472716911
43489;-98.4907184973529;((_a6_ + ((pow2(x) * _a2_) + x)) * ((x * (_a2_ + _a4_)) + x));{'d0': {'_a2_': 1.6029252343397171, '_a4_': -0.49630116738899954, '_a6_': 0.8426446050385819, '_a0_': 1.0, '_a1_': 1.0, '_a3_': 1.0, '_a5_': 1.0, '_a7_': 1.0}};{'d0': 0.02490583291941659};-280.569866449044;41.79421472716911
43490;-98.4907184973529;((_a6_ + ((pow2(x) * _a2_) + x)) * ((x * (_a2_ + _a4_)) + x));{'d0': {'_a2_': 1.6029252343397171, '_a4_': -0.49630116738899954, '_a6_': 0.8426446050385819, '_a0_': 1.0, '_a1_': 1.0, '_a3_': 1.0, '_a5_': 1.0, '_a7_': 1.0}};{'d0': 0.02490583291941659};-280.569866449044;41.79421472716911
43491;-101.137264665670;(((_a6_ + ((_a7_ * x) * x)) * ((_a6_ * x) + _a2_)) + _a3_);{'d0': {'_a2_': 0.832002905802887, '_a3_': -1.1093862699015544, '_a6_': 1.3321613168098814, '_a7_': 2.5391205323070003, '_a0_': 1.0, '_a1_': 1.0, '_a4_': 1.0, '_a5_': 1.0}};{'d0': 0.024885482501866847};-276.524567593312;37.125019130986104
43492;-101.137264665670;(((_a6_ + ((_a7_ * x) * x)) * ((_a6_ * x) + _a2_)) + _a3_);{'d0': {'_a2_': 0.832002905802887, '_a3_': -1.1093862699015544, '_a6_': 1.3321613168098814, '_a7_': 2.5391205323070003, '_a0_': 1.0, '_a1_': 1.0, '_a4_': 1.0, '_a5_': 1.0}};{'d0': 0.024885482501866847};-276.524567593312;37.125019130986104
43493;-101.137264665670;(((_a6_ + ((_a7_ * x) * x)) * ((_a6_ * x) + _a2_)) + _a3_);{'d0': {'_a2_': 0.832002905802887, '_a3_': -1.1093862699015544, '_a6_': 1.3321613168098814, '_a7_': 2.5391205323070003, '_a0_': 1.0, '_a1_': 1.0, '_a4_': 1.0, '_a5_': 1.0}};{'d0': 0.024885482501866847};-276.524567593312;37.125019130986104
43494;-101.137264665670;(((_a6_ + ((_a7_ * x) * x)) * ((_a6_ * x) + _a2_)) + _a3_);{'d0': {'_a2_': 0.832002905802887, '_a3_': -1.1093862699015544, '_a6_': 1.3321613168098814, '_a7_': 2.5391205323070003, '_a0_': 1.0, '_a1_': 1.0, '_a4_': 1.0, '_a5_': 1.0}};{'d0': 0.024885482501866847};-276.524567593312;37.125019130986104
43495;-101.137264665670;(((_a6_ + ((_a7_ * x) * x)) * ((_a6_ * x) + _a2_)) + _a3_);{'d0': {'_a2_': 0.832002905802887, '_a3_': -1.1093862699015544, '_a6_': 1.3321613168098814, '_a7_': 2.5391205323070003, '_a0_': 1.0, '_a1_': 1.0, '_a4_': 1.0, '_a5_': 1.0}};{'d0': 0.024885482501866847};-276.524567593312;37.125019130986104
43496;-101.137264665670;(((_a6_ + ((_a7_ * x) * x)) * ((_a6_ * x) + _a2_)) + _a3_);{'d0': {'_a2_': 0.832002905802887, '_a3_': -1.1093862699015544, '_a6_': 1.3321613168098814, '_a7_': 2.5391205323070003, '_a0_': 1.0, '_a1_': 1.0, '_a4_': 1.0, '_a5_': 1.0}};{'d0': 0.024885482501866847};-276.524567593312;37.125019130986104
43497;-101.137264665670;(((_a6_ + ((_a7_ * x) * x)) * ((_a6_ * x) + _a2_)) + _a3_);{'d0': {'_a2_': 0.832002905802887, '_a3_': -1.1093862699015544, '_a6_': 1.3321613168098814, '_a7_': 2.5391205323070003, '_a0_': 1.0, '_a1_': 1.0, '_a4_': 1.0, '_a5_': 1.0}};{'d0': 0.024885482501866847};-276.524567593312;37.125019130986104
43498;-98.4907184973529;((_a6_ + ((pow2(x) * _a2_) + x)) * ((x * (_a2_ + _a4_)) + x));{'d0': {'_a2_': 1.6029252343397171, '_a4_': -0.49630116738899954, '_a6_': 0.8426446050385819, '_a0_': 1.0, '_a1_': 1.0, '_a3_': 1.0, '_a5_': 1.0, '_a7_': 1.0}};{'d0': 0.02490583291941659};-280.569866449044;41.79421472716911
43499;-98.4907184973529;((_a6_ + ((pow2(x) * _a2_) + x)) * ((x * (_a2_ + _a4_)) + x));{'d0': {'_a2_': 1.6029252343397171, '_a4_': -0.49630116738899954, '_a6_': 0.8426446050385819, '_a0_': 1.0, '_a1_': 1.0, '_a3_': 1.0, '_a5_': 1.0, '_a7_': 1.0}};{'d0': 0.02490583291941659};-280.569866449044;41.79421472716911
43500;-98.4907184973529;((_a6_ + ((pow2(x) * _a2_) + x)) * ((x * (_a2_ + _a4_)) + x));{'d0': {'_a2_': 1.6029252343397171, '_a4_': -0.49630116738899954, '_a6_': 0.8426446050385819, '_a0_': 1.0, '_a1_': 1.0, '_a3_': 1.0, '_a5_': 1.0, '_a7_': 1.0}};{'d0': 0.02490583291941659};-280.569866449044;41.79421472716911
43501;-98.4907184973529;((_a6_ + ((pow2(x) * _a2_) + x)) * ((x * (_a2_ + _a4_)) + x));{'d0': {'_a2_': 1.6029252343397171, '_a4_': -0.49630116738899954, '_a6_': 0.8426446050385819, '_a0_': 1.0, '_a1_': 1.0, '_a3_': 1.0, '_a5_': 1.0, '_a7_': 1.0}};{'d0': 0.02490583291941659};-280.569866449044;41.79421472716911
43502;-98.4907184973529;((_a6_ + ((pow2(x) * _a2_) + x)) * ((x * (_a2_ + _a4_)) + x));{'d0': {'_a2_': 1.6029252343397171, '_a4_': -0.49630116738899954, '_a6_': 0.8426446050385819, '_a0_': 1.0, '_a1_': 1.0, '_a3_': 1.0, '_a5_': 1.0, '_a7_': 1.0}};{'d0': 0.02490583291941659};-280.569866449044;41.79421472716911
43503;-98.4907184973529;((_a6_ + ((pow2(x) * _a2_) + x)) * ((x * (_a2_ + _a4_)) + x));{'d0': {'_a2_': 1.6029252343397171, '_a4_': -0.49630116738899954, '_a6_': 0.8426446050385819, '_a0_': 1.0, '_a1_': 1.0, '_a3_': 1.0, '_a5_': 1.0, '_a7_': 1.0}};{'d0': 0.02490583291941659};-280.569866449044;41.79421472716911
43504;-98.4907184973529;((_a6_ + ((pow2(x) * _a2_) + x)) * ((x * (_a2_ + _a4_)) + x));{'d0': {'_a2_': 1.6029252343397171, '_a4_': -0.49630116738899954, '_a6_': 0.8426446050385819, '_a0_': 1.0, '_a1_': 1.0, '_a3_': 1.0, '_a5_': 1.0, '_a7_': 1.0}};{'d0': 0.02490583291941659};-280.569866449044;41.79421472716911
43505;-98.4907184973529;((_a6_ + ((pow2(x) * _a2_) + x)) * ((x * (_a2_ + _a1_)) + x));{'d0': {'_a1_': -0.49630116694808313, '_a2_': 1.6029252344218006, '_a6_': 0.842644604741227, '_a0_': 1.0, '_a3_': 1.0, '_a4_': 1.0, '_a5_': 1.0, '_a7_': 1.0}};{'d0': 0.02490583291941664};-280.569866449044;41.79421472716911
43506;-98.4907184973529;((_a6_ + ((pow2(x) * _a2_) + x)) * ((x * (_a2_ + _a1_)) + x));{'d0': {'_a1_': -0.49630116694808313, '_a2_': 1.6029252344218006, '_a6_': 0.842644604741227, '_a0_': 1.0, '_a3_': 1.0, '_a4_': 1.0, '_a5_': 1.0, '_a7_': 1.0}};{'d0': 0.02490583291941664};-280.569866449044;41.79421472716911
43507;-96.4435462162381;((_a6_ + ((pow2(x) * _a2_) + x)) * ((x * (_a4_ + _a1_)) + x));{'d0': {'_a1_': 33.845327803788905, '_a2_': 1.6029252385945467, '_a4_': -32.73870372522053, '_a6_': 0.842644602871871, '_a0_': 1.0, '_a3_': 1.0, '_a5_': 1.0, '_a7_': 1.0}};{'d0': 0.024905832919419762};-276.475521886814;41.79421472716911
43508;-96.4435462162381;((_a6_ + ((pow2(x) * _a2_) + x)) * ((x * (_a4_ + _a1_)) + x));{'d0': {'_a1_': 33.845327803788905, '_a2_': 1.6029252385945467, '_a4_': -32.73870372522053, '_a6_': 0.842644602871871, '_a0_': 1.0, '_a3_': 1.0, '_a5_': 1.0, '_a7_': 1.0}};{'d0': 0.024905832919419762};-276.475521886814;41.79421472716911
43509;-96.4435462162381;((_a6_ + ((pow2(x) * _a2_) + x)) * ((x * (_a4_ + _a1_)) + x));{'d0': {'_a1_': 33.845327803788905, '_a2_': 1.6029252385945467, '_a4_': -32.73870372522053, '_a6_': 0.842644602871871, '_a0_': 1.0, '_a3_': 1.0, '_a5_': 1.0, '_a7_': 1.0}};{'d0': 0.024905832919419762};-276.475521886814;41.79421472716911
43510;-96.4435462162381;((_a6_ + ((pow2(x) * _a2_) + x)) * ((x * (_a4_ + _a1_)) + x));{'d0': {'_a1_': 33.845327803788905, '_a2_': 1.6029252385945467, '_a4_': -32.73870372522053, '_a6_': 0.842644602871871, '_a0_': 1.0, '_a3_': 1.0, '_a5_': 1.0, '_a7_': 1.0}};{'d0': 0.024905832919419762};-276.475521886814;41.79421472716911
43511;-96.4435462162381;((_a6_ + ((pow2(x) * _a2_) + x)) * ((x * (_a4_ + _a1_)) + x));{'d0': {'_a1_': 33.845327803788905, '_a2_': 1.6029252385945467, '_a4_': -32.73870372522053, '_a6_': 0.842644602871871, '_a0_': 1.0, '_a3_': 1.0, '_a5_': 1.0, '_a7_': 1.0}};{'d0': 0.024905832919419762};-276.475521886814;41.79421472716911
43512;-96.4435462162381;((_a6_ + ((pow2(x) * _a2_) + x)) * ((x * (_a4_ + _a1_)) + x));{'d0': {'_a1_': 33.845327803788905, '_a2_': 1.6029252385945467, '_a4_': -32.73870372522053, '_a6_': 0.842644602871871, '_a0_': 1.0, '_a3_': 1.0, '_a5_': 1.0, '_a7_': 1.0}};{'d0': 0.024905832919419762};-276.475521886814;41.79421472716911
43513;-96.4680690694677;((_a6_ + ((pow2(x) * _a2_) + x)) * ((x * (_a4_ + _a1_)) + _a4_));{'d0': {'_a1_': 2.115726166895005, '_a2_': 1.5996725807570815, '_a4_': -0.0012195147286674381, '_a6_': 0.8398522999567781, '_a0_': 1.0, '_a3_': 1.0, '_a5_': 1.0, '_a7_': 1.0}};{'d0': 0.024885482501883154};-276.524567593273;41.79421472716911
43514;-96.4680690694677;((_a6_ + ((pow2(x) * _a2_) + x)) * ((x * (_a4_ + _a1_)) + _a4_));{'d0': {'_a1_': 2.115726166895005, '_a2_': 1.5996725807570815, '_a4_': -0.0012195147286674381, '_a6_': 0.8398522999567781, '_a0_': 1.0, '_a3_': 1.0, '_a5_': 1.0, '_a7_': 1.0}};{'d0': 0.024885482501883154};-276.524567593273;41.79421472716911
43515;-96.4680690694677;((_a6_ + ((pow2(x) * _a2_) + x)) * ((x * (_a4_ + _a1_)) + _a4_));{'d0': {'_a1_': 2.115726166895005, '_a2_': 1.5996725807570815, '_a4_': -0.0012195147286674381, '_a6_': 0.8398522999567781, '_a0_': 1.0, '_a3_': 1.0, '_a5_': 1.0, '_a7_': 1.0}};{'d0': 0.024885482501883154};-276.524567593273;41.79421472716911
43516;-96.4680690694677;((_a6_ + ((pow2(x) * _a2_) + x)) * ((x * (_a4_ + _a1_)) + _a4_));{'d0': {'_a1_': 2.115726166895005, '_a2_': 1.5996725807570815, '_a4_': -0.0012195147286674381, '_a6_': 0.8398522999567781, '_a0_': 1.0, '_a3_': 1.0, '_a5_': 1.0, '_a7_': 1.0}};{'d0': 0.024885482501883154};-276.524567593273;41.79421472716911
43517;-96.4680690694677;((_a6_ + ((pow2(x) * _a2_) + x)) * ((x * (_a4_ + _a1_)) + _a4_));{'d0': {'_a1_': 2.115726166895005, '_a2_': 1.5996725807570815, '_a4_': -0.0012195147286674381, '_a6_': 0.8398522999567781, '_a0_': 1.0, '_a3_': 1.0, '_a5_': 1.0, '_a7_': 1.0}};{'d0': 0.024885482501883154};-276.524567593273;41.79421472716911
43518;-96.4680690694677;((_a6_ + ((pow2(x) * _a2_) + x)) * ((x * (_a4_ + _a1_)) + _a4_));{'d0': {'_a1_': 2.115726166895005, '_a2_': 1.5996725807570815, '_a4_': -0.0012195147286674381, '_a6_': 0.8398522999567781, '_a0_': 1.0, '_a3_': 1.0, '_a5_': 1.0, '_a7_': 1.0}};{'d0': 0.024885482501883154};-276.524567593273;41.79421472716911
43519;-96.4680690694677;((_a6_ + ((pow2(x) * _a2_) + x)) * ((x * (_a4_ + _a1_)) + _a4_));{'d0': {'_a1_': 2.115726166895005, '_a2_': 1.5996725807570815, '_a4_': -0.0012195147286674381, '_a6_': 0.8398522999567781, '_a0_': 1.0, '_a3_': 1.0, '_a5_': 1.0, '_a7_': 1.0}};{'d0': 0.024885482501883154};-276.524567593273;41.79421472716911
43520;-96.4680690694677;((_a6_ + ((pow2(x) * _a2_) + x)) * ((x * (_a4_ + _a1_)) + _a4_));{'d0': {'_a1_': 2.115726166895005, '_a2_': 1.5996725807570815, '_a4_': -0.0012195147286674381, '_a6_': 0.8398522999567781, '_a0_': 1.0, '_a3_': 1.0, '_a5_': 1.0, '_a7_': 1.0}};{'d0': 0.024885482501883154};-276.524567593273;41.79421472716911
43521;-96.4680690694677;((_a6_ + ((pow2(x) * _a2_) + x)) * ((x * (_a4_ + _a1_)) + _a4_));{'d0': {'_a1_': 2.115726166895005, '_a2_': 1.5996725807570815, '_a4_': -0.0012195147286674381, '_a6_': 0.8398522999567781, '_a0_': 1.0, '_a3_': 1.0, '_a5_': 1.0, '_a7_': 1.0}};{'d0': 0.024885482501883154};-276.524567593273;41.79421472716911
43522;-96.4680690694677;((_a6_ + ((pow2(x) * _a2_) + x)) * ((x * (_a4_ + _a1_)) + _a4_));{'d0': {'_a1_': 2.115726166895005, '_a2_': 1.5996725807570815, '_a4_': -0.0012195147286674381, '_a6_': 0.8398522999567781, '_a0_': 1.0, '_a3_': 1.0, '_a5_': 1.0, '_a7_': 1.0}};{'d0': 0.024885482501883154};-276.524567593273;41.79421472716911
43523;-96.4680690694677;((_a6_ + ((pow2(x) * _a2_) + x)) * ((x * (_a4_ + _a1_)) + _a4_));{'d0': {'_a1_': 2.115726166895005, '_a2_': 1.5996725807570815, '_a4_': -0.0012195147286674381, '_a6_': 0.8398522999567781, '_a0_': 1.0, '_a3_': 1.0, '_a5_': 1.0, '_a7_': 1.0}};{'d0': 0.024885482501883154};-276.524567593273;41.79421472716911
43524;-102.388670118512;((_a6_ + ((pow2(x) * _a2_) + x)) * ((x * _a1_) + _a4_));{'d0': {'_a1_': 2.1145063125836794, '_a2_': 1.5996727212527735, '_a4_': -0.001219461690524892, '_a6_': 0.8398524194490098, '_a0_': 1.0, '_a3_': 1.0, '_a5_': 1.0, '_a7_': 1.0}};{'d0': 0.024885482501871385};-276.524567593302;35.873613678139115
43525;-102.388670118512;((_a6_ + ((pow2(x) * _a2_) + x)) * ((x * _a1_) + _a4_));{'d0': {'_a1_': 2.1145063125836794, '_a2_': 1.5996727212527735, '_a4_': -0.001219461690524892, '_a6_': 0.8398524194490098, '_a0_': 1.0, '_a3_': 1.0, '_a5_': 1.0, '_a7_': 1.0}};{'d0': 0.024885482501871385};-276.524567593302;35.873613678139115
43526;-102.388670118512;((_a6_ + ((pow2(x) * _a2_) + x)) * ((x * _a1_) + _a4_));{'d0': {'_a1_': 2.1145063125836794, '_a2_': 1.5996727212527735, '_a4_': -0.001219461690524892, '_a6_': 0.8398524194490098, '_a0_': 1.0, '_a3_': 1.0, '_a5_': 1.0, '_a7_': 1.0}};{'d0': 0.024885482501871385};-276.524567593302;35.873613678139115
43527;-102.388670118512;((_a6_ + ((pow2(x) * _a2_) + x)) * ((x * _a1_) + _a4_));{'d0': {'_a1_': 2.1145063125836794, '_a2_': 1.5996727212527735, '_a4_': -0.001219461690524892, '_a6_': 0.8398524194490098, '_a0_': 1.0, '_a3_': 1.0, '_a5_': 1.0, '_a7_': 1.0}};{'d0': 0.024885482501871385};-276.524567593302;35.873613678139115
43528;-102.388670118512;((_a6_ + ((pow2(x) * _a2_) + x)) * ((x * _a1_) + _a4_));{'d0': {'_a1_': 2.1145063125836794, '_a2_': 1.5996727212527735, '_a4_': -0.001219461690524892, '_a6_': 0.8398524194490098, '_a0_': 1.0, '_a3_': 1.0, '_a5_': 1.0, '_a7_': 1.0}};{'d0': 0.024885482501871385};-276.524567593302;35.873613678139115
43529;-102.388670118512;((_a6_ + ((pow2(x) * _a2_) + x)) * ((x * _a1_) + _a4_));{'d0': {'_a1_': 2.1145063125836794, '_a2_': 1.5996727212527735, '_a4_': -0.001219461690524892, '_a6_': 0.8398524194490098, '_a0_': 1.0, '_a3_': 1.0, '_a5_': 1.0, '_a7_': 1.0}};{'d0': 0.024885482501871385};-276.524567593302;35.873613678139115
43530;-102.388670118512;((_a6_ + ((pow2(x) * _a2_) + x)) * ((x * _a1_) + _a4_));{'d0': {'_a1_': 2.1145063125836794, '_a2_': 1.5996727212527735, '_a4_': -0.001219461690524892, '_a6_': 0.8398524194490098, '_a0_': 1.0, '_a3_': 1.0, '_a5_': 1.0, '_a7_': 1.0}};{'d0': 0.024885482501871385};-276.524567593302;35.873613678139115
43531;-102.388670118512;((_a6_ + ((pow2(x) * _a2_) + x)) * ((x * _a1_) + _a4_));{'d0': {'_a1_': 2.1145063125836794, '_a2_': 1.5996727212527735, '_a4_': -0.001219461690524892, '_a6_': 0.8398524194490098, '_a0_': 1.0, '_a3_': 1.0, '_a5_': 1.0, '_a7_': 1.0}};{'d0': 0.024885482501871385};-276.524567593302;35.873613678139115
43532;-102.388670118512;((_a6_ + ((pow2(x) * _a2_) + x)) * ((x * _a1_) + _a4_));{'d0': {'_a1_': 2.1145063125836794, '_a2_': 1.5996727212527735, '_a4_': -0.001219461690524892, '_a6_': 0.8398524194490098, '_a0_': 1.0, '_a3_': 1.0, '_a5_': 1.0, '_a7_': 1.0}};{'d0': 0.024885482501871385};-276.524567593302;35.873613678139115
43533;-102.388670118512;((_a6_ + ((pow2(x) * _a2_) + x)) * ((x * _a1_) + _a4_));{'d0': {'_a1_': 2.1145063125836794, '_a2_': 1.5996727212527735, '_a4_': -0.001219461690524892, '_a6_': 0.8398524194490098, '_a0_': 1.0, '_a3_': 1.0, '_a5_': 1.0, '_a7_': 1.0}};{'d0': 0.024885482501871385};-276.524567593302;35.873613678139115
43534;-102.388670118502;((_a6_ + ((pow2(x) * _a2_) + x)) * ((x * _a1_) + _a0_));{'d0': {'_a0_': -0.0012195104606901371, '_a1_': 2.1145066258535854, '_a2_': 1.599672591941134, '_a6_': 0.8398523091883444, '_a3_': 1.0, '_a4_': 1.0, '_a5_': 1.0, '_a7_': 1.0}};{'d0': 0.024885482501879403};-276.524567593282;35.873613678139115
43535;-102.388670118502;((_a6_ + ((pow2(x) * _a2_) + x)) * ((x * _a1_) + _a0_));{'d0': {'_a0_': -0.0012195104606901371, '_a1_': 2.1145066258535854, '_a2_': 1.599672591941134, '_a6_': 0.8398523091883444, '_a3_': 1.0, '_a4_': 1.0, '_a5_': 1.0, '_a7_': 1.0}};{'d0': 0.024885482501879403};-276.524567593282;35.873613678139115
43536;-102.388670118502;((_a6_ + ((pow2(x) * _a2_) + x)) * ((x * _a1_) + _a0_));{'d0': {'_a0_': -0.0012195104606901371, '_a1_': 2.1145066258535854, '_a2_': 1.599672591941134, '_a6_': 0.8398523091883444, '_a3_': 1.0, '_a4_': 1.0, '_a5_': 1.0, '_a7_': 1.0}};{'d0': 0.024885482501879403};-276.524567593282;35.873613678139115
43537;-102.388670118502;((_a6_ + ((pow2(x) * _a2_) + x)) * ((x * _a1_) + _a0_));{'d0': {'_a0_': -0.0012195104606901371, '_a1_': 2.1145066258535854, '_a2_': 1.599672591941134, '_a6_': 0.8398523091883444, '_a3_': 1.0, '_a4_': 1.0, '_a5_': 1.0, '_a7_': 1.0}};{'d0': 0.024885482501879403};-276.524567593282;35.873613678139115
43538;-102.388670118502;((_a6_ + ((pow2(x) * _a2_) + x)) * ((x * _a1_) + _a0_));{'d0': {'_a0_': -0.0012195104606901371, '_a1_': 2.1145066258535854, '_a2_': 1.599672591941134, '_a6_': 0.8398523091883444, '_a3_': 1.0, '_a4_': 1.0, '_a5_': 1.0, '_a7_': 1.0}};{'d0': 0.024885482501879403};-276.524567593282;35.873613678139115
43539;-102.388670118502;((_a6_ + ((pow2(x) * _a2_) + x)) * ((x * _a1_) + _a0_));{'d0': {'_a0_': -0.0012195104606901371, '_a1_': 2.1145066258535854, '_a2_': 1.599672591941134, '_a6_': 0.8398523091883444, '_a3_': 1.0, '_a4_': 1.0, '_a5_': 1.0, '_a7_': 1.0}};{'d0': 0.024885482501879403};-276.524567593282;35.873613678139115
43540;-102.388670118502;((_a6_ + ((pow2(x) * _a2_) + x)) * ((x * _a1_) + _a0_));{'d0': {'_a0_': -0.0012195104606901371, '_a1_': 2.1145066258535854, '_a2_': 1.599672591941134, '_a6_': 0.8398523091883444, '_a3_': 1.0, '_a4_': 1.0, '_a5_': 1.0, '_a7_': 1.0}};{'d0': 0.024885482501879403};-276.524567593282;35.873613678139115
43541;-102.388670118502;((_a6_ + ((pow2(x) * _a2_) + x)) * ((x * _a1_) + _a0_));{'d0': {'_a0_': -0.0012195104606901371, '_a1_': 2.1145066258535854, '_a2_': 1.599672591941134, '_a6_': 0.8398523091883444, '_a3_': 1.0, '_a4_': 1.0, '_a5_': 1.0, '_a7_': 1.0}};{'d0': 0.024885482501879403};-276.524567593282;35.873613678139115
43542;-102.388670118502;((_a6_ + ((pow2(x) * _a2_) + x)) * ((x * _a1_) + _a0_));{'d0': {'_a0_': -0.0012195104606901371, '_a1_': 2.1145066258535854, '_a2_': 1.599672591941134, '_a6_': 0.8398523091883444, '_a3_': 1.0, '_a4_': 1.0, '_a5_': 1.0, '_a7_': 1.0}};{'d0': 0.024885482501879403};-276.524567593282;35.873613678139115
43543;-102.388670118502;((_a6_ + ((pow2(x) * _a2_) + x)) * ((x * _a1_) + _a0_));{'d0': {'_a0_': -0.0012195104606901371, '_a1_': 2.1145066258535854, '_a2_': 1.599672591941134, '_a6_': 0.8398523091883444, '_a3_': 1.0, '_a4_': 1.0, '_a5_': 1.0, '_a7_': 1.0}};{'d0': 0.024885482501879403};-276.524567593282;35.873613678139115
43544;-102.388670118502;((_a6_ + ((pow2(x) * _a2_) + x)) * ((x * _a1_) + _a0_));{'d0': {'_a0_': -0.0012195104606901371, '_a1_': 2.1145066258535854, '_a2_': 1.599672591941134, '_a6_': 0.8398523091883444, '_a3_': 1.0, '_a4_': 1.0, '_a5_': 1.0, '_a7_': 1.0}};{'d0': 0.024885482501879403};-276.524567593282;35.873613678139115
43545;-102.388670118502;((_a6_ + ((pow2(x) * _a2_) + x)) * ((x * _a1_) + _a0_));{'d0': {'_a0_': -0.0012195104606901371, '_a1_': 2.1145066258535854, '_a2_': 1.599672591941134, '_a6_': 0.8398523091883444, '_a3_': 1.0, '_a4_': 1.0, '_a5_': 1.0, '_a7_': 1.0}};{'d0': 0.024885482501879403};-276.524567593282;35.873613678139115
43546;-102.388670118502;((_a6_ + ((pow2(x) * _a2_) + x)) * ((x * _a1_) + _a0_));{'d0': {'_a0_': -0.0012195104606901371, '_a1_': 2.1145066258535854, '_a2_': 1.599672591941134, '_a6_': 0.8398523091883444, '_a3_': 1.0, '_a4_': 1.0, '_a5_': 1.0, '_a7_': 1.0}};{'d0': 0.024885482501879403};-276.524567593282;35.873613678139115
43547;-102.388670118502;((_a6_ + ((pow2(x) * _a2_) + x)) * ((x * _a1_) + _a0_));{'d0': {'_a0_': -0.0012195104606901371, '_a1_': 2.1145066258535854, '_a2_': 1.599672591941134, '_a6_': 0.8398523091883444, '_a3_': 1.0, '_a4_': 1.0, '_a5_': 1.0, '_a7_': 1.0}};{'d0': 0.024885482501879403};-276.524567593282;35.873613678139115
43548;-102.388670118502;((_a6_ + ((pow2(x) * _a2_) + x)) * ((x * _a1_) + _a0_));{'d0': {'_a0_': -0.0012195104606901371, '_a1_': 2.1145066258535854, '_a2_': 1.599672591941134, '_a6_': 0.8398523091883444, '_a3_': 1.0, '_a4_': 1.0, '_a5_': 1.0, '_a7_': 1.0}};{'d0': 0.024885482501879403};-276.524567593282;35.873613678139115
43549;-102.388670118502;((_a6_ + ((pow2(x) * _a2_) + x)) * ((x * _a1_) + _a0_));{'d0': {'_a0_': -0.0012195104606901371, '_a1_': 2.1145066258535854, '_a2_': 1.599672591941134, '_a6_': 0.8398523091883444, '_a3_': 1.0, '_a4_': 1.0, '_a5_': 1.0, '_a7_': 1.0}};{'d0': 0.024885482501879403};-276.524567593282;35.873613678139115
43550;-102.388670118502;((_a6_ + ((pow2(x) * _a2_) + x)) * ((x * _a1_) + _a0_));{'d0': {'_a0_': -0.0012195104606901371, '_a1_': 2.1145066258535854, '_a2_': 1.599672591941134, '_a6_': 0.8398523091883444, '_a3_': 1.0, '_a4_': 1.0, '_a5_': 1.0, '_a7_': 1.0}};{'d0': 0.024885482501879403};-276.524567593282;35.873613678139115
43551;-102.388670118502;((_a6_ + ((pow2(x) * _a2_) + x)) * ((x * _a1_) + _a0_));{'d0': {'_a0_': -0.0012195104606901371, '_a1_': 2.1145066258535854, '_a2_': 1.599672591941134, '_a6_': 0.8398523091883444, '_a3_': 1.0, '_a4_': 1.0, '_a5_': 1.0, '_a7_': 1.0}};{'d0': 0.024885482501879403};-276.524567593282;35.873613678139115
43552;-102.388670118502;((_a6_ + ((pow2(x) * _a2_) + x)) * ((x * _a1_) + _a0_));{'d0': {'_a0_': -0.0012195104606901371, '_a1_': 2.1145066258535854, '_a2_': 1.599672591941134, '_a6_': 0.8398523091883444, '_a3_': 1.0, '_a4_': 1.0, '_a5_': 1.0, '_a7_': 1.0}};{'d0': 0.024885482501879403};-276.524567593282;35.873613678139115
43553;-102.388670118502;((_a6_ + ((pow2(x) * _a2_) + x)) * ((x * _a1_) + _a0_));{'d0': {'_a0_': -0.0012195104606901371, '_a1_': 2.1145066258535854, '_a2_': 1.599672591941134, '_a6_': 0.8398523091883444, '_a3_': 1.0, '_a4_': 1.0, '_a5_': 1.0, '_a7_': 1.0}};{'d0': 0.024885482501879403};-276.524567593282;35.873613678139115
43554;-102.388670118502;((_a6_ + ((pow2(x) * _a2_) + x)) * ((x * _a1_) + _a0_));{'d0': {'_a0_': -0.0012195104606901371, '_a1_': 2.1145066258535854, '_a2_': 1.599672591941134, '_a6_': 0.8398523091883444, '_a3_': 1.0, '_a4_': 1.0, '_a5_': 1.0, '_a7_': 1.0}};{'d0': 0.024885482501879403};-276.524567593282;35.873613678139115
43555;-102.388670118502;((_a6_ + ((pow2(x) * _a2_) + x)) * ((x * _a1_) + _a0_));{'d0': {'_a0_': -0.0012195104606901371, '_a1_': 2.1145066258535854, '_a2_': 1.599672591941134, '_a6_': 0.8398523091883444, '_a3_': 1.0, '_a4_': 1.0, '_a5_': 1.0, '_a7_': 1.0}};{'d0': 0.024885482501879403};-276.524567593282;35.873613678139115
43556;-102.388670118502;((_a6_ + ((pow2(x) * _a2_) + x)) * ((x * _a1_) + _a0_));{'d0': {'_a0_': -0.0012195104606901371, '_a1_': 2.1145066258535854, '_a2_': 1.599672591941134, '_a6_': 0.8398523091883444, '_a3_': 1.0, '_a4_': 1.0, '_a5_': 1.0, '_a7_': 1.0}};{'d0': 0.024885482501879403};-276.524567593282;35.873613678139115
43557;-102.388670118502;((_a6_ + ((pow2(x) * _a2_) + x)) * ((x * _a1_) + _a0_));{'d0': {'_a0_': -0.0012195104606901371, '_a1_': 2.1145066258535854, '_a2_': 1.599672591941134, '_a6_': 0.8398523091883444, '_a3_': 1.0, '_a4_': 1.0, '_a5_': 1.0, '_a7_': 1.0}};{'d0': 0.024885482501879403};-276.524567593282;35.873613678139115
43558;-102.388670118502;((_a6_ + ((pow2(x) * _a2_) + x)) * ((x * _a1_) + _a0_));{'d0': {'_a0_': -0.0012195104606901371, '_a1_': 2.1145066258535854, '_a2_': 1.599672591941134, '_a6_': 0.8398523091883444, '_a3_': 1.0, '_a4_': 1.0, '_a5_': 1.0, '_a7_': 1.0}};{'d0': 0.024885482501879403};-276.524567593282;35.873613678139115
43559;-102.388670118502;((_a6_ + ((pow2(x) * _a2_) + x)) * ((x * _a1_) + _a0_));{'d0': {'_a0_': -0.0012195104606901371, '_a1_': 2.1145066258535854, '_a2_': 1.599672591941134, '_a6_': 0.8398523091883444, '_a3_': 1.0, '_a4_': 1.0, '_a5_': 1.0, '_a7_': 1.0}};{'d0': 0.024885482501879403};-276.524567593282;35.873613678139115
43560;-102.388670118502;((_a6_ + ((pow2(x) * _a2_) + x)) * ((x * _a1_) + _a0_));{'d0': {'_a0_': -0.0012195104606901371, '_a1_': 2.1145066258535854, '_a2_': 1.599672591941134, '_a6_': 0.8398523091883444, '_a3_': 1.0, '_a4_': 1.0, '_a5_': 1.0, '_a7_': 1.0}};{'d0': 0.024885482501879403};-276.524567593282;35.873613678139115
43561;-102.388670118502;((_a6_ + ((pow2(x) * _a2_) + x)) * ((x * _a1_) + _a0_));{'d0': {'_a0_': -0.0012195104606901371, '_a1_': 2.1145066258535854, '_a2_': 1.599672591941134, '_a6_': 0.8398523091883444, '_a3_': 1.0, '_a4_': 1.0, '_a5_': 1.0, '_a7_': 1.0}};{'d0': 0.024885482501879403};-276.524567593282;35.873613678139115
43562;-102.388670118502;((_a6_ + ((pow2(x) * _a2_) + x)) * ((x * _a1_) + _a0_));{'d0': {'_a0_': -0.0012195104606901371, '_a1_': 2.1145066258535854, '_a2_': 1.599672591941134, '_a6_': 0.8398523091883444, '_a3_': 1.0, '_a4_': 1.0, '_a5_': 1.0, '_a7_': 1.0}};{'d0': 0.024885482501879403};-276.524567593282;35.873613678139115
43563;-102.388670118502;((_a6_ + ((pow2(x) * _a2_) + x)) * ((x * _a1_) + _a0_));{'d0': {'_a0_': -0.0012195104606901371, '_a1_': 2.1145066258535854, '_a2_': 1.599672591941134, '_a6_': 0.8398523091883444, '_a3_': 1.0, '_a4_': 1.0, '_a5_': 1.0, '_a7_': 1.0}};{'d0': 0.024885482501879403};-276.524567593282;35.873613678139115
43564;-102.388670118502;((_a6_ + ((pow2(x) * _a2_) + x)) * ((x * _a1_) + _a0_));{'d0': {'_a0_': -0.0012195104606901371, '_a1_': 2.1145066258535854, '_a2_': 1.599672591941134, '_a6_': 0.8398523091883444, '_a3_': 1.0, '_a4_': 1.0, '_a5_': 1.0, '_a7_': 1.0}};{'d0': 0.024885482501879403};-276.524567593282;35.873613678139115
43565;-102.388670118502;((_a6_ + ((pow2(x) * _a2_) + x)) * ((x * _a1_) + _a0_));{'d0': {'_a0_': -0.0012195104606901371, '_a1_': 2.1145066258535854, '_a2_': 1.599672591941134, '_a6_': 0.8398523091883444, '_a3_': 1.0, '_a4_': 1.0, '_a5_': 1.0, '_a7_': 1.0}};{'d0': 0.024885482501879403};-276.524567593282;35.873613678139115
43566;-102.388670118502;((_a6_ + ((pow2(x) * _a2_) + x)) * ((x * _a1_) + _a0_));{'d0': {'_a0_': -0.0012195104606901371, '_a1_': 2.1145066258535854, '_a2_': 1.599672591941134, '_a6_': 0.8398523091883444, '_a3_': 1.0, '_a4_': 1.0, '_a5_': 1.0, '_a7_': 1.0}};{'d0': 0.024885482501879403};-276.524567593282;35.873613678139115
43567;-102.388670118502;((_a6_ + ((pow2(x) * _a2_) + x)) * ((x * _a1_) + _a0_));{'d0': {'_a0_': -0.0012195104606901371, '_a1_': 2.1145066258535854, '_a2_': 1.599672591941134, '_a6_': 0.8398523091883444, '_a3_': 1.0, '_a4_': 1.0, '_a5_': 1.0, '_a7_': 1.0}};{'d0': 0.024885482501879403};-276.524567593282;35.873613678139115
43568;-102.388670118502;((_a6_ + ((pow2(x) * _a2_) + x)) * ((x * _a1_) + _a0_));{'d0': {'_a0_': -0.0012195104606901371, '_a1_': 2.1145066258535854, '_a2_': 1.599672591941134, '_a6_': 0.8398523091883444, '_a3_': 1.0, '_a4_': 1.0, '_a5_': 1.0, '_a7_': 1.0}};{'d0': 0.024885482501879403};-276.524567593282;35.873613678139115
43569;-102.388670118502;((_a6_ + ((pow2(x) * _a2_) + x)) * ((x * _a1_) + _a0_));{'d0': {'_a0_': -0.0012195104606901371, '_a1_': 2.1145066258535854, '_a2_': 1.599672591941134, '_a6_': 0.8398523091883444, '_a3_': 1.0, '_a4_': 1.0, '_a5_': 1.0, '_a7_': 1.0}};{'d0': 0.024885482501879403};-276.524567593282;35.873613678139115
43570;-102.388670118502;((_a6_ + ((pow2(x) * _a2_) + x)) * ((x * _a1_) + _a0_));{'d0': {'_a0_': -0.0012195104606901371, '_a1_': 2.1145066258535854, '_a2_': 1.599672591941134, '_a6_': 0.8398523091883444, '_a3_': 1.0, '_a4_': 1.0, '_a5_': 1.0, '_a7_': 1.0}};{'d0': 0.024885482501879403};-276.524567593282;35.873613678139115
43571;-97.4573175054099;(((-(_a3_) + ((_a7_ * x) * x)) * ((_a6_ * x) + _a2_)) + _a3_);{'d0': {'_a2_': 0.9990768020223584, '_a3_': -1.1093862689365646, '_a6_': 1.5996716591141302, '_a7_': 2.114507769783558, '_a0_': 1.0, '_a1_': 1.0, '_a4_': 1.0, '_a5_': 1.0}};{'d0': 0.024885482501866816};-276.524567593313;40.804966291246494
43572;-97.4573175054099;(((-(_a3_) + ((_a7_ * x) * x)) * ((_a6_ * x) + _a2_)) + _a3_);{'d0': {'_a2_': 0.9990768020223584, '_a3_': -1.1093862689365646, '_a6_': 1.5996716591141302, '_a7_': 2.114507769783558, '_a0_': 1.0, '_a1_': 1.0, '_a4_': 1.0, '_a5_': 1.0}};{'d0': 0.024885482501866816};-276.524567593313;40.804966291246494
43573;-97.4573175054099;(((-(_a3_) + ((_a7_ * x) * x)) * ((_a6_ * x) + _a2_)) + _a3_);{'d0': {'_a2_': 0.9990768020223584, '_a3_': -1.1093862689365646, '_a6_': 1.5996716591141302, '_a7_': 2.114507769783558, '_a0_': 1.0, '_a1_': 1.0, '_a4_': 1.0, '_a5_': 1.0}};{'d0': 0.024885482501866816};-276.524567593313;40.804966291246494
43574;-97.4573175054099;(((-(_a3_) + ((_a7_ * x) * x)) * ((_a6_ * x) + _a2_)) + _a3_);{'d0': {'_a2_': 0.9990768020223584, '_a3_': -1.1093862689365646, '_a6_': 1.5996716591141302, '_a7_': 2.114507769783558, '_a0_': 1.0, '_a1_': 1.0, '_a4_': 1.0, '_a5_': 1.0}};{'d0': 0.024885482501866816};-276.524567593313;40.804966291246494
43575;-97.4573175054099;(((-(_a3_) + ((_a7_ * x) * x)) * ((_a6_ * x) + _a2_)) + _a3_);{'d0': {'_a2_': 0.9990768020223584, '_a3_': -1.1093862689365646, '_a6_': 1.5996716591141302, '_a7_': 2.114507769783558, '_a0_': 1.0, '_a1_': 1.0, '_a4_': 1.0, '_a5_': 1.0}};{'d0': 0.024885482501866816};-276.524567593313;40.804966291246494
43576;-102.388670118502;((_a6_ + ((pow2(x) * _a2_) + x)) * ((x * _a1_) + _a0_));{'d0': {'_a0_': -0.0012195104606901371, '_a1_': 2.1145066258535854, '_a2_': 1.599672591941134, '_a6_': 0.8398523091883444, '_a3_': 1.0, '_a4_': 1.0, '_a5_': 1.0, '_a7_': 1.0}};{'d0': 0.024885482501879403};-276.524567593282;35.873613678139115
43577;-102.388670118502;((_a6_ + ((pow2(x) * _a2_) + x)) * ((x * _a1_) + _a0_));{'d0': {'_a0_': -0.0012195104606901371, '_a1_': 2.1145066258535854, '_a2_': 1.599672591941134, '_a6_': 0.8398523091883444, '_a3_': 1.0, '_a4_': 1.0, '_a5_': 1.0, '_a7_': 1.0}};{'d0': 0.024885482501879403};-276.524567593282;35.873613678139115
43578;-102.388670118502;((_a6_ + ((pow2(x) * _a2_) + x)) * ((x * _a1_) + _a0_));{'d0': {'_a0_': -0.0012195104606901371, '_a1_': 2.1145066258535854, '_a2_': 1.599672591941134, '_a6_': 0.8398523091883444, '_a3_': 1.0, '_a4_': 1.0, '_a5_': 1.0, '_a7_': 1.0}};{'d0': 0.024885482501879403};-276.524567593282;35.873613678139115
43579;-102.388670118502;((_a6_ + ((pow2(x) * _a2_) + x)) * ((x * _a1_) + _a0_));{'d0': {'_a0_': -0.0012195104606901371, '_a1_': 2.1145066258535854, '_a2_': 1.599672591941134, '_a6_': 0.8398523091883444, '_a3_': 1.0, '_a4_': 1.0, '_a5_': 1.0, '_a7_': 1.0}};{'d0': 0.024885482501879403};-276.524567593282;35.873613678139115
43580;-102.388670118502;((_a6_ + ((pow2(x) * _a2_) + x)) * ((x * _a1_) + _a0_));{'d0': {'_a0_': -0.0012195104606901371, '_a1_': 2.1145066258535854, '_a2_': 1.599672591941134, '_a6_': 0.8398523091883444, '_a3_': 1.0, '_a4_': 1.0, '_a5_': 1.0, '_a7_': 1.0}};{'d0': 0.024885482501879403};-276.524567593282;35.873613678139115
43581;-102.388670118502;((_a6_ + ((pow2(x) * _a2_) + x)) * ((x * _a1_) + _a0_));{'d0': {'_a0_': -0.0012195104606901371, '_a1_': 2.1145066258535854, '_a2_': 1.599672591941134, '_a6_': 0.8398523091883444, '_a3_': 1.0, '_a4_': 1.0, '_a5_': 1.0, '_a7_': 1.0}};{'d0': 0.024885482501879403};-276.524567593282;35.873613678139115
43582;-102.388670118502;((_a6_ + ((pow2(x) * _a2_) + x)) * ((x * _a1_) + _a0_));{'d0': {'_a0_': -0.0012195104606901371, '_a1_': 2.1145066258535854, '_a2_': 1.599672591941134, '_a6_': 0.8398523091883444, '_a3_': 1.0, '_a4_': 1.0, '_a5_': 1.0, '_a7_': 1.0}};{'d0': 0.024885482501879403};-276.524567593282;35.873613678139115
43583;-102.388670118502;((_a6_ + ((pow2(x) * _a2_) + x)) * ((x * _a1_) + _a0_));{'d0': {'_a0_': -0.0012195104606901371, '_a1_': 2.1145066258535854, '_a2_': 1.599672591941134, '_a6_': 0.8398523091883444, '_a3_': 1.0, '_a4_': 1.0, '_a5_': 1.0, '_a7_': 1.0}};{'d0': 0.024885482501879403};-276.524567593282;35.873613678139115
43584;-102.388670118502;((_a6_ + ((pow2(x) * _a2_) + x)) * ((x * _a1_) + _a0_));{'d0': {'_a0_': -0.0012195104606901371, '_a1_': 2.1145066258535854, '_a2_': 1.599672591941134, '_a6_': 0.8398523091883444, '_a3_': 1.0, '_a4_': 1.0, '_a5_': 1.0, '_a7_': 1.0}};{'d0': 0.024885482501879403};-276.524567593282;35.873613678139115
43585;-102.388670118502;((_a6_ + ((pow2(x) * _a2_) + x)) * ((x * _a1_) + _a0_));{'d0': {'_a0_': -0.0012195104606901371, '_a1_': 2.1145066258535854, '_a2_': 1.599672591941134, '_a6_': 0.8398523091883444, '_a3_': 1.0, '_a4_': 1.0, '_a5_': 1.0, '_a7_': 1.0}};{'d0': 0.024885482501879403};-276.524567593282;35.873613678139115
43586;-102.388670118502;((_a6_ + ((pow2(x) * _a2_) + x)) * ((x * _a1_) + _a0_));{'d0': {'_a0_': -0.0012195104606901371, '_a1_': 2.1145066258535854, '_a2_': 1.599672591941134, '_a6_': 0.8398523091883444, '_a3_': 1.0, '_a4_': 1.0, '_a5_': 1.0, '_a7_': 1.0}};{'d0': 0.024885482501879403};-276.524567593282;35.873613678139115
43587;-102.388670118502;((_a6_ + ((pow2(x) * _a2_) + x)) * ((x * _a1_) + _a0_));{'d0': {'_a0_': -0.0012195104606901371, '_a1_': 2.1145066258535854, '_a2_': 1.599672591941134, '_a6_': 0.8398523091883444, '_a3_': 1.0, '_a4_': 1.0, '_a5_': 1.0, '_a7_': 1.0}};{'d0': 0.024885482501879403};-276.524567593282;35.873613678139115
43588;-101.137264665670;(((_a6_ + ((_a7_ * x) * x)) * ((_a6_ * x) + _a2_)) + _a3_);{'d0': {'_a2_': 0.832002905802887, '_a3_': -1.1093862699015544, '_a6_': 1.3321613168098814, '_a7_': 2.5391205323070003, '_a0_': 1.0, '_a1_': 1.0, '_a4_': 1.0, '_a5_': 1.0}};{'d0': 0.024885482501866847};-276.524567593312;37.125019130986104
43589;-101.137264665670;(((_a6_ + ((_a7_ * x) * x)) * ((_a6_ * x) + _a2_)) + _a3_);{'d0': {'_a2_': 0.832002905802887, '_a3_': -1.1093862699015544, '_a6_': 1.3321613168098814, '_a7_': 2.5391205323070003, '_a0_': 1.0, '_a1_': 1.0, '_a4_': 1.0, '_a5_': 1.0}};{'d0': 0.024885482501866847};-276.524567593312;37.125019130986104
43590;-102.388670118502;((_a6_ + ((pow2(x) * _a2_) + x)) * ((x * _a1_) + _a0_));{'d0': {'_a0_': -0.0012195104606901371, '_a1_': 2.1145066258535854, '_a2_': 1.599672591941134, '_a6_': 0.8398523091883444, '_a3_': 1.0, '_a4_': 1.0, '_a5_': 1.0, '_a7_': 1.0}};{'d0': 0.024885482501879403};-276.524567593282;35.873613678139115
43591;-102.388670118502;((_a6_ + ((pow2(x) * _a2_) + x)) * ((x * _a1_) + _a0_));{'d0': {'_a0_': -0.0012195104606901371, '_a1_': 2.1145066258535854, '_a2_': 1.599672591941134, '_a6_': 0.8398523091883444, '_a3_': 1.0, '_a4_': 1.0, '_a5_': 1.0, '_a7_': 1.0}};{'d0': 0.024885482501879403};-276.524567593282;35.873613678139115
43592;-102.388670118502;((_a6_ + ((pow2(x) * _a2_) + x)) * ((x * _a1_) + _a0_));{'d0': {'_a0_': -0.0012195104606901371, '_a1_': 2.1145066258535854, '_a2_': 1.599672591941134, '_a6_': 0.8398523091883444, '_a3_': 1.0, '_a4_': 1.0, '_a5_': 1.0, '_a7_': 1.0}};{'d0': 0.024885482501879403};-276.524567593282;35.873613678139115
43593;-102.388670118502;((_a6_ + ((pow2(x) * _a2_) + x)) * ((x * _a1_) + _a0_));{'d0': {'_a0_': -0.0012195104606901371, '_a1_': 2.1145066258535854, '_a2_': 1.599672591941134, '_a6_': 0.8398523091883444, '_a3_': 1.0, '_a4_': 1.0, '_a5_': 1.0, '_a7_': 1.0}};{'d0': 0.024885482501879403};-276.524567593282;35.873613678139115
43594;-102.388670118502;((_a6_ + ((pow2(x) * _a2_) + x)) * ((x * _a1_) + _a0_));{'d0': {'_a0_': -0.0012195104606901371, '_a1_': 2.1145066258535854, '_a2_': 1.599672591941134, '_a6_': 0.8398523091883444, '_a3_': 1.0, '_a4_': 1.0, '_a5_': 1.0, '_a7_': 1.0}};{'d0': 0.024885482501879403};-276.524567593282;35.873613678139115
43595;-102.388670118502;((_a6_ + ((pow2(x) * _a2_) + x)) * ((x * _a1_) + _a0_));{'d0': {'_a0_': -0.0012195104606901371, '_a1_': 2.1145066258535854, '_a2_': 1.599672591941134, '_a6_': 0.8398523091883444, '_a3_': 1.0, '_a4_': 1.0, '_a5_': 1.0, '_a7_': 1.0}};{'d0': 0.024885482501879403};-276.524567593282;35.873613678139115
43596;-102.388670118502;((_a6_ + ((pow2(x) * _a2_) + x)) * ((x * _a1_) + _a0_));{'d0': {'_a0_': -0.0012195104606901371, '_a1_': 2.1145066258535854, '_a2_': 1.599672591941134, '_a6_': 0.8398523091883444, '_a3_': 1.0, '_a4_': 1.0, '_a5_': 1.0, '_a7_': 1.0}};{'d0': 0.024885482501879403};-276.524567593282;35.873613678139115
43597;-102.388670118502;((_a6_ + ((pow2(x) * _a2_) + x)) * ((x * _a1_) + _a0_));{'d0': {'_a0_': -0.0012195104606901371, '_a1_': 2.1145066258535854, '_a2_': 1.599672591941134, '_a6_': 0.8398523091883444, '_a3_': 1.0, '_a4_': 1.0, '_a5_': 1.0, '_a7_': 1.0}};{'d0': 0.024885482501879403};-276.524567593282;35.873613678139115
43598;-102.388670118502;((_a6_ + ((pow2(x) * _a2_) + x)) * ((x * _a1_) + _a0_));{'d0': {'_a0_': -0.0012195104606901371, '_a1_': 2.1145066258535854, '_a2_': 1.599672591941134, '_a6_': 0.8398523091883444, '_a3_': 1.0, '_a4_': 1.0, '_a5_': 1.0, '_a7_': 1.0}};{'d0': 0.024885482501879403};-276.524567593282;35.873613678139115
43599;-102.388670118502;((_a6_ + ((pow2(x) * _a2_) + x)) * ((x * _a1_) + _a0_));{'d0': {'_a0_': -0.0012195104606901371, '_a1_': 2.1145066258535854, '_a2_': 1.599672591941134, '_a6_': 0.8398523091883444, '_a3_': 1.0, '_a4_': 1.0, '_a5_': 1.0, '_a7_': 1.0}};{'d0': 0.024885482501879403};-276.524567593282;35.873613678139115
43600;-102.388670118502;((_a6_ + ((pow2(x) * _a2_) + x)) * ((x * _a1_) + _a0_));{'d0': {'_a0_': -0.0012195104606901371, '_a1_': 2.1145066258535854, '_a2_': 1.599672591941134, '_a6_': 0.8398523091883444, '_a3_': 1.0, '_a4_': 1.0, '_a5_': 1.0, '_a7_': 1.0}};{'d0': 0.024885482501879403};-276.524567593282;35.873613678139115
43601;-102.388670118502;((_a6_ + ((pow2(x) * _a2_) + x)) * ((x * _a1_) + _a0_));{'d0': {'_a0_': -0.0012195104606901371, '_a1_': 2.1145066258535854, '_a2_': 1.599672591941134, '_a6_': 0.8398523091883444, '_a3_': 1.0, '_a4_': 1.0, '_a5_': 1.0, '_a7_': 1.0}};{'d0': 0.024885482501879403};-276.524567593282;35.873613678139115
43602;-102.388670118502;((_a6_ + ((pow2(x) * _a2_) + x)) * ((x * _a1_) + _a0_));{'d0': {'_a0_': -0.0012195104606901371, '_a1_': 2.1145066258535854, '_a2_': 1.599672591941134, '_a6_': 0.8398523091883444, '_a3_': 1.0, '_a4_': 1.0, '_a5_': 1.0, '_a7_': 1.0}};{'d0': 0.024885482501879403};-276.524567593282;35.873613678139115
43603;-102.388670118502;((_a6_ + ((pow2(x) * _a2_) + x)) * ((x * _a1_) + _a0_));{'d0': {'_a0_': -0.0012195104606901371, '_a1_': 2.1145066258535854, '_a2_': 1.599672591941134, '_a6_': 0.8398523091883444, '_a3_': 1.0, '_a4_': 1.0, '_a5_': 1.0, '_a7_': 1.0}};{'d0': 0.024885482501879403};-276.524567593282;35.873613678139115
43604;-102.388670118502;((_a6_ + ((pow2(x) * _a2_) + x)) * ((x * _a1_) + _a0_));{'d0': {'_a0_': -0.0012195104606901371, '_a1_': 2.1145066258535854, '_a2_': 1.599672591941134, '_a6_': 0.8398523091883444, '_a3_': 1.0, '_a4_': 1.0, '_a5_': 1.0, '_a7_': 1.0}};{'d0': 0.024885482501879403};-276.524567593282;35.873613678139115
43605;-101.137264665670;(((_a2_ + ((_a7_ * x) * x)) * ((_a6_ * x) + _a2_)) + _a3_);{'d0': {'_a2_': 1.0527877691310397, '_a3_': -1.1093862702512558, '_a6_': 1.6856709642936387, '_a7_': 2.0066301340561816, '_a0_': 1.0, '_a1_': 1.0, '_a4_': 1.0, '_a5_': 1.0}};{'d0': 0.024885482501866844};-276.524567593312;37.125019130986104
43606;-101.137264665670;(((_a2_ + ((_a7_ * x) * x)) * ((_a6_ * x) + _a2_)) + _a3_);{'d0': {'_a2_': 1.0527877691310397, '_a3_': -1.1093862702512558, '_a6_': 1.6856709642936387, '_a7_': 2.0066301340561816, '_a0_': 1.0, '_a1_': 1.0, '_a4_': 1.0, '_a5_': 1.0}};{'d0': 0.024885482501866844};-276.524567593312;37.125019130986104
43607;-101.137264665670;(((_a2_ + ((_a7_ * x) * x)) * ((_a6_ * x) + _a2_)) + _a3_);{'d0': {'_a2_': 1.0527877691310397, '_a3_': -1.1093862702512558, '_a6_': 1.6856709642936387, '_a7_': 2.0066301340561816, '_a0_': 1.0, '_a1_': 1.0, '_a4_': 1.0, '_a5_': 1.0}};{'d0': 0.024885482501866844};-276.524567593312;37.125019130986104
43608;-102.388670118502;((_a6_ + ((pow2(x) * _a2_) + x)) * ((x * _a1_) + _a0_));{'d0': {'_a0_': -0.0012195104606901371, '_a1_': 2.1145066258535854, '_a2_': 1.599672591941134, '_a6_': 0.8398523091883444, '_a3_': 1.0, '_a4_': 1.0, '_a5_': 1.0, '_a7_': 1.0}};{'d0': 0.024885482501879403};-276.524567593282;35.873613678139115
43609;-102.388670118502;((_a6_ + ((pow2(x) * _a2_) + x)) * ((x * _a1_) + _a0_));{'d0': {'_a0_': -0.0012195104606901371, '_a1_': 2.1145066258535854, '_a2_': 1.599672591941134, '_a6_': 0.8398523091883444, '_a3_': 1.0, '_a4_': 1.0, '_a5_': 1.0, '_a7_': 1.0}};{'d0': 0.024885482501879403};-276.524567593282;35.873613678139115
43610;-102.388670118502;((_a6_ + ((pow2(x) * _a2_) + x)) * ((x * _a1_) + _a0_));{'d0': {'_a0_': -0.0012195104606901371, '_a1_': 2.1145066258535854, '_a2_': 1.599672591941134, '_a6_': 0.8398523091883444, '_a3_': 1.0, '_a4_': 1.0, '_a5_': 1.0, '_a7_': 1.0}};{'d0': 0.024885482501879403};-276.524567593282;35.873613678139115
43611;-102.388670118502;((_a6_ + ((pow2(x) * _a2_) + x)) * ((x * _a1_) + _a0_));{'d0': {'_a0_': -0.0012195104606901371, '_a1_': 2.1145066258535854, '_a2_': 1.599672591941134, '_a6_': 0.8398523091883444, '_a3_': 1.0, '_a4_': 1.0, '_a5_': 1.0, '_a7_': 1.0}};{'d0': 0.024885482501879403};-276.524567593282;35.873613678139115
43612;-102.388670118502;((_a6_ + ((pow2(x) * _a2_) + x)) * ((x * _a1_) + _a0_));{'d0': {'_a0_': -0.0012195104606901371, '_a1_': 2.1145066258535854, '_a2_': 1.599672591941134, '_a6_': 0.8398523091883444, '_a3_': 1.0, '_a4_': 1.0, '_a5_': 1.0, '_a7_': 1.0}};{'d0': 0.024885482501879403};-276.524567593282;35.873613678139115
43613;-102.388670118502;((_a6_ + ((pow2(x) * _a2_) + x)) * ((x * _a1_) + _a0_));{'d0': {'_a0_': -0.0012195104606901371, '_a1_': 2.1145066258535854, '_a2_': 1.599672591941134, '_a6_': 0.8398523091883444, '_a3_': 1.0, '_a4_': 1.0, '_a5_': 1.0, '_a7_': 1.0}};{'d0': 0.024885482501879403};-276.524567593282;35.873613678139115
43614;-102.388670118502;((_a6_ + ((pow2(x) * _a2_) + x)) * ((x * _a1_) + _a0_));{'d0': {'_a0_': -0.0012195104606901371, '_a1_': 2.1145066258535854, '_a2_': 1.599672591941134, '_a6_': 0.8398523091883444, '_a3_': 1.0, '_a4_': 1.0, '_a5_': 1.0, '_a7_': 1.0}};{'d0': 0.024885482501879403};-276.524567593282;35.873613678139115
43615;-102.388670118502;((_a6_ + ((pow2(x) * _a2_) + x)) * ((x * _a1_) + _a0_));{'d0': {'_a0_': -0.0012195104606901371, '_a1_': 2.1145066258535854, '_a2_': 1.599672591941134, '_a6_': 0.8398523091883444, '_a3_': 1.0, '_a4_': 1.0, '_a5_': 1.0, '_a7_': 1.0}};{'d0': 0.024885482501879403};-276.524567593282;35.873613678139115
43616;-101.137264665670;(((_a2_ + ((_a7_ * x) * x)) * ((_a6_ * x) + _a2_)) + _a3_);{'d0': {'_a2_': 1.0527877691310397, '_a3_': -1.1093862702512558, '_a6_': 1.6856709642936387, '_a7_': 2.0066301340561816, '_a0_': 1.0, '_a1_': 1.0, '_a4_': 1.0, '_a5_': 1.0}};{'d0': 0.024885482501866844};-276.524567593312;37.125019130986104
43617;-101.137264665670;(((_a2_ + ((_a7_ * x) * x)) * ((_a6_ * x) + _a2_)) + _a3_);{'d0': {'_a2_': 1.0527877691310397, '_a3_': -1.1093862702512558, '_a6_': 1.6856709642936387, '_a7_': 2.0066301340561816, '_a0_': 1.0, '_a1_': 1.0, '_a4_': 1.0, '_a5_': 1.0}};{'d0': 0.024885482501866844};-276.524567593312;37.125019130986104
43618;-101.137264665670;(((_a2_ + ((_a7_ * x) * x)) * ((_a0_ * x) + _a2_)) + _a3_);{'d0': {'_a0_': 1.6856709645850856, '_a2_': 1.052787768951416, '_a3_': -1.1093862696994772, '_a7_': 2.006630132611539, '_a1_': 1.0, '_a4_': 1.0, '_a5_': 1.0, '_a6_': 1.0}};{'d0': 0.02488548250186686};-276.524567593312;37.125019130986104
43619;-101.137264665670;(((_a2_ + ((_a7_ * x) * x)) * ((_a0_ * x) + _a2_)) + _a3_);{'d0': {'_a0_': 1.6856709645850856, '_a2_': 1.052787768951416, '_a3_': -1.1093862696994772, '_a7_': 2.006630132611539, '_a1_': 1.0, '_a4_': 1.0, '_a5_': 1.0, '_a6_': 1.0}};{'d0': 0.02488548250186686};-276.524567593312;37.125019130986104
43620;-100.166003542097;(((_a2_ + ((_a7_ + x) * x)) * ((_a0_ * x) + _a2_)) + _a3_);{'d0': {'_a0_': 3.3825181531934985, '_a2_': 0.4583827944954287, '_a3_': -0.2111389696832865, '_a7_': 0.4890359172596646, '_a1_': 1.0, '_a4_': 1.0, '_a5_': 1.0, '_a6_': 1.0}};{'d0': 0.024885482501866864};-276.524567593312;38.096280254559105
43621;-100.166003542097;(((_a2_ + ((_a7_ + x) * x)) * ((_a0_ * x) + _a2_)) + _a3_);{'d0': {'_a0_': 3.3825181531934985, '_a2_': 0.4583827944954287, '_a3_': -0.2111389696832865, '_a7_': 0.4890359172596646, '_a1_': 1.0, '_a4_': 1.0, '_a5_': 1.0, '_a6_': 1.0}};{'d0': 0.024885482501866864};-276.524567593312;38.096280254559105
43622;-100.166003542097;(((_a2_ + ((_a7_ + x) * x)) * ((_a0_ * x) + _a2_)) + _a3_);{'d0': {'_a0_': 3.3825181531934985, '_a2_': 0.4583827944954287, '_a3_': -0.2111389696832865, '_a7_': 0.4890359172596646, '_a1_': 1.0, '_a4_': 1.0, '_a5_': 1.0, '_a6_': 1.0}};{'d0': 0.024885482501866864};-276.524567593312;38.096280254559105
43623;-94.2454024930672;(((_a2_ + (((_a5_ + _a5_) + x) * x)) * ((_a0_ * x) + _a2_)) + _a3_);{'d0': {'_a0_': 3.382518156322204, '_a2_': 0.4583827939238476, '_a3_': -0.21113896920726696, '_a5_': 0.24451795876996069, '_a1_': 1.0, '_a4_': 1.0, '_a6_': 1.0, '_a7_': 1.0}};{'d0': 0.024885482501866854};-276.524567593312;44.0168813035891
43624;-94.2454024930672;(((_a2_ + (((_a5_ + _a5_) + x) * x)) * ((_a0_ * x) + _a2_)) + _a3_);{'d0': {'_a0_': 3.382518156322204, '_a2_': 0.4583827939238476, '_a3_': -0.21113896920726696, '_a5_': 0.24451795876996069, '_a1_': 1.0, '_a4_': 1.0, '_a6_': 1.0, '_a7_': 1.0}};{'d0': 0.024885482501866854};-276.524567593312;44.0168813035891
43625;-94.2454024930672;(((_a2_ + (((_a5_ + _a5_) + x) * x)) * ((_a0_ * x) + _a2_)) + _a3_);{'d0': {'_a0_': 3.382518156322204, '_a2_': 0.4583827939238476, '_a3_': -0.21113896920726696, '_a5_': 0.24451795876996069, '_a1_': 1.0, '_a4_': 1.0, '_a6_': 1.0, '_a7_': 1.0}};{'d0': 0.024885482501866854};-276.524567593312;44.0168813035891
43626;-94.2454024930672;(((_a2_ + (((_a5_ + _a5_) + x) * x)) * ((_a0_ * x) + _a2_)) + _a3_);{'d0': {'_a0_': 3.382518156322204, '_a2_': 0.4583827939238476, '_a3_': -0.21113896920726696, '_a5_': 0.24451795876996069, '_a1_': 1.0, '_a4_': 1.0, '_a6_': 1.0, '_a7_': 1.0}};{'d0': 0.024885482501866854};-276.524567593312;44.0168813035891
43627;-94.2454024930672;(((_a2_ + (((_a5_ + _a5_) + x) * x)) * ((_a0_ * x) + _a2_)) + _a3_);{'d0': {'_a0_': 3.382518156322204, '_a2_': 0.4583827939238476, '_a3_': -0.21113896920726696, '_a5_': 0.24451795876996069, '_a1_': 1.0, '_a4_': 1.0, '_a6_': 1.0, '_a7_': 1.0}};{'d0': 0.024885482501866854};-276.524567593312;44.0168813035891
43628;-94.2454024930672;(((_a2_ + (((_a5_ + _a5_) + x) * x)) * ((_a0_ * x) + _a2_)) + _a3_);{'d0': {'_a0_': 3.382518156322204, '_a2_': 0.4583827939238476, '_a3_': -0.21113896920726696, '_a5_': 0.24451795876996069, '_a1_': 1.0, '_a4_': 1.0, '_a6_': 1.0, '_a7_': 1.0}};{'d0': 0.024885482501866854};-276.524567593312;44.0168813035891
43629;-94.2454024930672;(((_a2_ + (((_a5_ + _a5_) + x) * x)) * ((_a0_ * x) + _a2_)) + _a3_);{'d0': {'_a0_': 3.382518156322204, '_a2_': 0.4583827939238476, '_a3_': -0.21113896920726696, '_a5_': 0.24451795876996069, '_a1_': 1.0, '_a4_': 1.0, '_a6_': 1.0, '_a7_': 1.0}};{'d0': 0.024885482501866854};-276.524567593312;44.0168813035891
43630;-94.2454024930672;(((_a2_ + (((_a5_ + _a5_) + x) * x)) * ((_a0_ * x) + _a2_)) + _a3_);{'d0': {'_a0_': 3.382518156322204, '_a2_': 0.4583827939238476, '_a3_': -0.21113896920726696, '_a5_': 0.24451795876996069, '_a1_': 1.0, '_a4_': 1.0, '_a6_': 1.0, '_a7_': 1.0}};{'d0': 0.024885482501866854};-276.524567593312;44.0168813035891
43631;-94.2454024930672;(((_a2_ + (((_a5_ + _a5_) + x) * x)) * ((_a0_ * x) + _a2_)) + _a3_);{'d0': {'_a0_': 3.382518156322204, '_a2_': 0.4583827939238476, '_a3_': -0.21113896920726696, '_a5_': 0.24451795876996069, '_a1_': 1.0, '_a4_': 1.0, '_a6_': 1.0, '_a7_': 1.0}};{'d0': 0.024885482501866854};-276.524567593312;44.0168813035891
43632;-94.2454024930672;(((_a2_ + (((_a5_ + _a5_) + x) * x)) * ((_a0_ * x) + _a2_)) + _a3_);{'d0': {'_a0_': 3.382518156322204, '_a2_': 0.4583827939238476, '_a3_': -0.21113896920726696, '_a5_': 0.24451795876996069, '_a1_': 1.0, '_a4_': 1.0, '_a6_': 1.0, '_a7_': 1.0}};{'d0': 0.024885482501866854};-276.524567593312;44.0168813035891
43633;-94.8066715119872;(((_a2_ + ((log(_a6_) + x) * x)) * ((_a0_ * x) + _a2_)) + _a3_);{'d0': {'_a0_': 3.3825181486279963, '_a2_': 0.45838279541423355, '_a3_': -0.21113897048384667, '_a6_': 1.63074328983529, '_a1_': 1.0, '_a4_': 1.0, '_a5_': 1.0, '_a7_': 1.0}};{'d0': 0.02488548250186688};-276.524567593312;43.4556122846691
43634;-94.8066715119872;(((_a2_ + ((log(_a6_) + x) * x)) * ((_a0_ * x) + _a2_)) + _a3_);{'d0': {'_a0_': 3.3825181486279963, '_a2_': 0.45838279541423355, '_a3_': -0.21113897048384667, '_a6_': 1.63074328983529, '_a1_': 1.0, '_a4_': 1.0, '_a5_': 1.0, '_a7_': 1.0}};{'d0': 0.02488548250186688};-276.524567593312;43.4556122846691
43635;-94.8066715119872;(((_a2_ + ((log(_a6_) + x) * x)) * ((_a0_ * x) + _a2_)) + _a3_);{'d0': {'_a0_': 3.3825181486279963, '_a2_': 0.45838279541423355, '_a3_': -0.21113897048384667, '_a6_': 1.63074328983529, '_a1_': 1.0, '_a4_': 1.0, '_a5_': 1.0, '_a7_': 1.0}};{'d0': 0.02488548250186688};-276.524567593312;43.4556122846691
43636;-94.8066715119872;(((_a2_ + ((log(_a6_) + x) * x)) * ((_a0_ * x) + _a2_)) + _a3_);{'d0': {'_a0_': 3.3825181486279963, '_a2_': 0.45838279541423355, '_a3_': -0.21113897048384667, '_a6_': 1.63074328983529, '_a1_': 1.0, '_a4_': 1.0, '_a5_': 1.0, '_a7_': 1.0}};{'d0': 0.02488548250186688};-276.524567593312;43.4556122846691
43637;-94.8066715119872;(((_a2_ + ((log(_a6_) + x) * x)) * ((_a0_ * x) + _a2_)) + _a3_);{'d0': {'_a0_': 3.3825181486279963, '_a2_': 0.45838279541423355, '_a3_': -0.21113897048384667, '_a6_': 1.63074328983529, '_a1_': 1.0, '_a4_': 1.0, '_a5_': 1.0, '_a7_': 1.0}};{'d0': 0.02488548250186688};-276.524567593312;43.4556122846691
43638;-94.8066715119872;(((_a2_ + ((log(_a6_) + x) * x)) * ((_a0_ * x) + _a2_)) + _a3_);{'d0': {'_a0_': 3.3825181486279963, '_a2_': 0.45838279541423355, '_a3_': -0.21113897048384667, '_a6_': 1.63074328983529, '_a1_': 1.0, '_a4_': 1.0, '_a5_': 1.0, '_a7_': 1.0}};{'d0': 0.02488548250186688};-276.524567593312;43.4556122846691
43639;-94.8066715119872;(((_a2_ + ((log(_a6_) + x) * x)) * ((_a0_ * x) + _a2_)) + _a3_);{'d0': {'_a0_': 3.3825181486279963, '_a2_': 0.45838279541423355, '_a3_': -0.21113897048384667, '_a6_': 1.63074328983529, '_a1_': 1.0, '_a4_': 1.0, '_a5_': 1.0, '_a7_': 1.0}};{'d0': 0.02488548250186688};-276.524567593312;43.4556122846691
43640;-94.8066715119872;(((_a2_ + ((log(_a6_) + x) * x)) * ((_a0_ * x) + _a2_)) + _a3_);{'d0': {'_a0_': 3.3825181486279963, '_a2_': 0.45838279541423355, '_a3_': -0.21113897048384667, '_a6_': 1.63074328983529, '_a1_': 1.0, '_a4_': 1.0, '_a5_': 1.0, '_a7_': 1.0}};{'d0': 0.02488548250186688};-276.524567593312;43.4556122846691
43641;-94.8066715119872;(((_a2_ + ((log(_a6_) + x) * x)) * ((_a0_ * x) + _a2_)) + _a3_);{'d0': {'_a0_': 3.3825181486279963, '_a2_': 0.45838279541423355, '_a3_': -0.21113897048384667, '_a6_': 1.63074328983529, '_a1_': 1.0, '_a4_': 1.0, '_a5_': 1.0, '_a7_': 1.0}};{'d0': 0.02488548250186688};-276.524567593312;43.4556122846691
43642;-94.8066715119872;(((_a2_ + ((log(_a6_) + x) * x)) * ((_a0_ * x) + _a2_)) + _a3_);{'d0': {'_a0_': 3.3825181486279963, '_a2_': 0.45838279541423355, '_a3_': -0.21113897048384667, '_a6_': 1.63074328983529, '_a1_': 1.0, '_a4_': 1.0, '_a5_': 1.0, '_a7_': 1.0}};{'d0': 0.02488548250186688};-276.524567593312;43.4556122846691
43643;-94.8066715119872;(((_a2_ + ((log(_a6_) + x) * x)) * ((_a0_ * x) + _a2_)) + _a3_);{'d0': {'_a0_': 3.3825181486279963, '_a2_': 0.45838279541423355, '_a3_': -0.21113897048384667, '_a6_': 1.63074328983529, '_a1_': 1.0, '_a4_': 1.0, '_a5_': 1.0, '_a7_': 1.0}};{'d0': 0.02488548250186688};-276.524567593312;43.4556122846691
43644;-94.8066715119872;(((_a2_ + ((log(_a6_) + x) * x)) * ((_a0_ * x) + _a2_)) + _a3_);{'d0': {'_a0_': 3.3825181486279963, '_a2_': 0.45838279541423355, '_a3_': -0.21113897048384667, '_a6_': 1.63074328983529, '_a1_': 1.0, '_a4_': 1.0, '_a5_': 1.0, '_a7_': 1.0}};{'d0': 0.02488548250186688};-276.524567593312;43.4556122846691
43645;-94.8066715119872;(((_a2_ + ((log(_a6_) + x) * x)) * ((_a0_ * x) + _a2_)) + _a3_);{'d0': {'_a0_': 3.3825181486279963, '_a2_': 0.45838279541423355, '_a3_': -0.21113897048384667, '_a6_': 1.63074328983529, '_a1_': 1.0, '_a4_': 1.0, '_a5_': 1.0, '_a7_': 1.0}};{'d0': 0.02488548250186688};-276.524567593312;43.4556122846691
43646;-94.3657117756948;(((_a2_ + (((_a0_ / _a1_) + x) * x)) * ((_a0_ * x) + _a2_)) + _a3_);{'d0': {'_a0_': 3.382518150725447, '_a1_': 6.916707002584598, '_a2_': 0.45838279489527417, '_a3_': -0.21113896988736283, '_a4_': 1.0, '_a5_': 1.0, '_a6_': 1.0, '_a7_': 1.0}};{'d0': 0.024885482501866896};-276.524567593312;43.8965720209615
43647;-94.3657117756948;(((_a2_ + (((_a0_ / _a1_) + x) * x)) * ((_a0_ * x) + _a2_)) + _a3_);{'d0': {'_a0_': 3.382518150725447, '_a1_': 6.916707002584598, '_a2_': 0.45838279489527417, '_a3_': -0.21113896988736283, '_a4_': 1.0, '_a5_': 1.0, '_a6_': 1.0, '_a7_': 1.0}};{'d0': 0.024885482501866896};-276.524567593312;43.8965720209615
43648;-94.3657117756948;(((_a2_ + (((_a0_ / _a1_) + x) * x)) * ((_a0_ * x) + _a2_)) + _a3_);{'d0': {'_a0_': 3.382518150725447, '_a1_': 6.916707002584598, '_a2_': 0.45838279489527417, '_a3_': -0.21113896988736283, '_a4_': 1.0, '_a5_': 1.0, '_a6_': 1.0, '_a7_': 1.0}};{'d0': 0.024885482501866896};-276.524567593312;43.8965720209615
43649;-96.4860563818368;(((_a2_ + ((-(_a5_) + x) * x)) * ((_a0_ * x) + _a2_)) + _a3_);{'d0': {'_a0_': 3.38251815518826, '_a2_': 0.4583827940178894, '_a3_': -0.2111389689829897, '_a5_': -0.4890359171103854, '_a1_': 1.0, '_a4_': 1.0, '_a6_': 1.0, '_a7_': 1.0}};{'d0': 0.024885482501866858};-276.524567593312;41.77622741481949
43650;-96.4860563818368;(((_a2_ + ((-(_a5_) + x) * x)) * ((_a0_ * x) + _a2_)) + _a3_);{'d0': {'_a0_': 3.38251815518826, '_a2_': 0.4583827940178894, '_a3_': -0.2111389689829897, '_a5_': -0.4890359171103854, '_a1_': 1.0, '_a4_': 1.0, '_a6_': 1.0, '_a7_': 1.0}};{'d0': 0.024885482501866858};-276.524567593312;41.77622741481949
43651;-96.4860563818368;(((_a2_ + ((-(_a5_) + x) * x)) * ((_a0_ * x) + _a2_)) + _a3_);{'d0': {'_a0_': 3.38251815518826, '_a2_': 0.4583827940178894, '_a3_': -0.2111389689829897, '_a5_': -0.4890359171103854, '_a1_': 1.0, '_a4_': 1.0, '_a6_': 1.0, '_a7_': 1.0}};{'d0': 0.024885482501866858};-276.524567593312;41.77622741481949
43652;-102.416966796466;((((x * (_a0_ ** _a7_)) * (_a2_ * (x + _a2_))) + _a7_) * x);{'d0': {'_a0_': 2.5891620226200964, '_a2_': 0.6238594155674341, '_a7_': 1.7751354042425191, '_a1_': 1.0, '_a3_': 1.0, '_a4_': 1.0, '_a5_': 1.0, '_a6_': 1.0}};{'d0': 0.024905832919416632};-280.569866449044;37.86796642805603
43653;-102.416966796466;((((x * (_a0_ ** _a7_)) * (_a2_ * (x + _a2_))) + _a7_) * x);{'d0': {'_a0_': 2.5891620226200964, '_a2_': 0.6238594155674341, '_a7_': 1.7751354042425191, '_a1_': 1.0, '_a3_': 1.0, '_a4_': 1.0, '_a5_': 1.0, '_a6_': 1.0}};{'d0': 0.024905832919416632};-280.569866449044;37.86796642805603
43654;-102.416966796466;((((x * (_a0_ ** _a7_)) * (_a2_ * (x + _a2_))) + _a7_) * x);{'d0': {'_a0_': 2.5891620226200964, '_a2_': 0.6238594155674341, '_a7_': 1.7751354042425191, '_a1_': 1.0, '_a3_': 1.0, '_a4_': 1.0, '_a5_': 1.0, '_a6_': 1.0}};{'d0': 0.024905832919416632};-280.569866449044;37.86796642805603
43655;-102.416966796466;((((x * (_a0_ ** _a7_)) * (_a2_ * (x + _a2_))) + _a7_) * x);{'d0': {'_a0_': 2.5891620226200964, '_a2_': 0.6238594155674341, '_a7_': 1.7751354042425191, '_a1_': 1.0, '_a3_': 1.0, '_a4_': 1.0, '_a5_': 1.0, '_a6_': 1.0}};{'d0': 0.024905832919416632};-280.569866449044;37.86796642805603
43656;-102.416966796466;((((x * (_a0_ ** _a7_)) * (_a2_ * (x + _a2_))) + _a7_) * x);{'d0': {'_a0_': 2.5891620226200964, '_a2_': 0.6238594155674341, '_a7_': 1.7751354042425191, '_a1_': 1.0, '_a3_': 1.0, '_a4_': 1.0, '_a5_': 1.0, '_a6_': 1.0}};{'d0': 0.024905832919416632};-280.569866449044;37.86796642805603
43657;-102.416966796466;((((x * (_a0_ ** _a0_)) * (_a2_ * (x + _a2_))) + _a7_) * x);{'d0': {'_a0_': 2.174273897482637, '_a2_': 0.6238594155608237, '_a7_': 1.7751354042424643, '_a1_': 1.0, '_a3_': 1.0, '_a4_': 1.0, '_a5_': 1.0, '_a6_': 1.0}};{'d0': 0.024905832919416646};-280.569866449044;37.86796642805603
43658;-102.416966796466;((((x * (_a0_ ** _a0_)) * (_a2_ * (x + _a2_))) + _a7_) * x);{'d0': {'_a0_': 2.174273897482637, '_a2_': 0.6238594155608237, '_a7_': 1.7751354042424643, '_a1_': 1.0, '_a3_': 1.0, '_a4_': 1.0, '_a5_': 1.0, '_a6_': 1.0}};{'d0': 0.024905832919416646};-280.569866449044;37.86796642805603
43659;-102.416966796466;((((x * (_a0_ ** _a0_)) * (_a2_ * (x + _a2_))) + _a7_) * x);{'d0': {'_a0_': 2.174273897482637, '_a2_': 0.6238594155608237, '_a7_': 1.7751354042424643, '_a1_': 1.0, '_a3_': 1.0, '_a4_': 1.0, '_a5_': 1.0, '_a6_': 1.0}};{'d0': 0.024905832919416646};-280.569866449044;37.86796642805603
43660;-102.416966796466;((((x * (_a0_ ** _a0_)) * (_a2_ * (x + _a2_))) + _a7_) * x);{'d0': {'_a0_': 2.174273897482637, '_a2_': 0.6238594155608237, '_a7_': 1.7751354042424643, '_a1_': 1.0, '_a3_': 1.0, '_a4_': 1.0, '_a5_': 1.0, '_a6_': 1.0}};{'d0': 0.024905832919416646};-280.569866449044;37.86796642805603
43661;-102.416966796466;((((x * (_a0_ ** _a0_)) * (_a2_ * (x + _a2_))) + _a7_) * x);{'d0': {'_a0_': 2.174273897482637, '_a2_': 0.6238594155608237, '_a7_': 1.7751354042424643, '_a1_': 1.0, '_a3_': 1.0, '_a4_': 1.0, '_a5_': 1.0, '_a6_': 1.0}};{'d0': 0.024905832919416646};-280.569866449044;37.86796642805603
43662;-102.416966796466;((((x * (_a0_ ** _a0_)) * (_a2_ * (x + _a2_))) + _a7_) * x);{'d0': {'_a0_': 2.174273897482637, '_a2_': 0.6238594155608237, '_a7_': 1.7751354042424643, '_a1_': 1.0, '_a3_': 1.0, '_a4_': 1.0, '_a5_': 1.0, '_a6_': 1.0}};{'d0': 0.024905832919416646};-280.569866449044;37.86796642805603
43663;-102.416966796466;((((x * (_a0_ ** _a0_)) * (_a2_ * (x + _a2_))) + _a7_) * x);{'d0': {'_a0_': 2.174273897482637, '_a2_': 0.6238594155608237, '_a7_': 1.7751354042424643, '_a1_': 1.0, '_a3_': 1.0, '_a4_': 1.0, '_a5_': 1.0, '_a6_': 1.0}};{'d0': 0.024905832919416646};-280.569866449044;37.86796642805603
43664;-102.416966796466;((((x * (_a0_ ** _a0_)) * (_a2_ * (x + _a2_))) + _a7_) * x);{'d0': {'_a0_': 2.174273897482637, '_a2_': 0.6238594155608237, '_a7_': 1.7751354042424643, '_a1_': 1.0, '_a3_': 1.0, '_a4_': 1.0, '_a5_': 1.0, '_a6_': 1.0}};{'d0': 0.024905832919416646};-280.569866449044;37.86796642805603
43665;-102.416966796466;((((x * (_a0_ ** _a0_)) * (_a2_ * (x + _a2_))) + _a7_) * x);{'d0': {'_a0_': 2.174273897482637, '_a2_': 0.6238594155608237, '_a7_': 1.7751354042424643, '_a1_': 1.0, '_a3_': 1.0, '_a4_': 1.0, '_a5_': 1.0, '_a6_': 1.0}};{'d0': 0.024905832919416646};-280.569866449044;37.86796642805603
43666;-102.416966796466;((((x * (_a0_ ** _a0_)) * (_a2_ * (x + _a2_))) + _a7_) * x);{'d0': {'_a0_': 2.174273897482637, '_a2_': 0.6238594155608237, '_a7_': 1.7751354042424643, '_a1_': 1.0, '_a3_': 1.0, '_a4_': 1.0, '_a5_': 1.0, '_a6_': 1.0}};{'d0': 0.024905832919416646};-280.569866449044;37.86796642805603
43667;-102.416966796466;((((x * (_a0_ ** _a7_)) * (_a2_ * (x + _a2_))) + _a7_) * x);{'d0': {'_a0_': 2.5891620226200964, '_a2_': 0.6238594155674341, '_a7_': 1.7751354042425191, '_a1_': 1.0, '_a3_': 1.0, '_a4_': 1.0, '_a5_': 1.0, '_a6_': 1.0}};{'d0': 0.024905832919416632};-280.569866449044;37.86796642805603
43668;-102.416966796466;((((x * (_a0_ ** _a7_)) * (_a2_ * (x + _a2_))) + _a7_) * x);{'d0': {'_a0_': 2.5891620226200964, '_a2_': 0.6238594155674341, '_a7_': 1.7751354042425191, '_a1_': 1.0, '_a3_': 1.0, '_a4_': 1.0, '_a5_': 1.0, '_a6_': 1.0}};{'d0': 0.024905832919416632};-280.569866449044;37.86796642805603
43669;-102.416966796466;((((x * (_a0_ ** _a7_)) * (_a2_ * (x + _a2_))) + _a7_) * x);{'d0': {'_a0_': 2.5891620226200964, '_a2_': 0.6238594155674341, '_a7_': 1.7751354042425191, '_a1_': 1.0, '_a3_': 1.0, '_a4_': 1.0, '_a5_': 1.0, '_a6_': 1.0}};{'d0': 0.024905832919416632};-280.569866449044;37.86796642805603
43670;-102.416966796466;((((x * (_a0_ ** _a7_)) * (_a2_ * (x + _a2_))) + _a7_) * x);{'d0': {'_a0_': 2.5891620226200964, '_a2_': 0.6238594155674341, '_a7_': 1.7751354042425191, '_a1_': 1.0, '_a3_': 1.0, '_a4_': 1.0, '_a5_': 1.0, '_a6_': 1.0}};{'d0': 0.024905832919416632};-280.569866449044;37.86796642805603
43671;-102.416966796466;((((x * (_a0_ ** _a7_)) * (_a2_ * (x + _a2_))) + _a7_) * x);{'d0': {'_a0_': 2.5891620226200964, '_a2_': 0.6238594155674341, '_a7_': 1.7751354042425191, '_a1_': 1.0, '_a3_': 1.0, '_a4_': 1.0, '_a5_': 1.0, '_a6_': 1.0}};{'d0': 0.024905832919416632};-280.569866449044;37.86796642805603
43672;-102.416966796466;((((x * (_a0_ ** _a7_)) * (_a2_ * (x + _a2_))) + _a7_) * x);{'d0': {'_a0_': 2.5891620226200964, '_a2_': 0.6238594155674341, '_a7_': 1.7751354042425191, '_a1_': 1.0, '_a3_': 1.0, '_a4_': 1.0, '_a5_': 1.0, '_a6_': 1.0}};{'d0': 0.024905832919416632};-280.569866449044;37.86796642805603
43673;-102.416966796466;((((x * (_a0_ ** _a7_)) * (_a2_ * (x + _a2_))) + _a7_) * x);{'d0': {'_a0_': 2.5891620226200964, '_a2_': 0.6238594155674341, '_a7_': 1.7751354042425191, '_a1_': 1.0, '_a3_': 1.0, '_a4_': 1.0, '_a5_': 1.0, '_a6_': 1.0}};{'d0': 0.024905832919416632};-280.569866449044;37.86796642805603
43674;-102.416966796466;((((x * (_a0_ ** _a7_)) * (_a2_ * (x + _a2_))) + _a7_) * x);{'d0': {'_a0_': 2.5891620226200964, '_a2_': 0.6238594155674341, '_a7_': 1.7751354042425191, '_a1_': 1.0, '_a3_': 1.0, '_a4_': 1.0, '_a5_': 1.0, '_a6_': 1.0}};{'d0': 0.024905832919416632};-280.569866449044;37.86796642805603
43675;-102.416966796466;((((x * (_a0_ ** _a7_)) * (_a2_ * (x + _a2_))) + _a7_) * x);{'d0': {'_a0_': 2.5891620226200964, '_a2_': 0.6238594155674341, '_a7_': 1.7751354042425191, '_a1_': 1.0, '_a3_': 1.0, '_a4_': 1.0, '_a5_': 1.0, '_a6_': 1.0}};{'d0': 0.024905832919416632};-280.569866449044;37.86796642805603
43676;-98.7190323238560;((((x * (pow2(_a3_) ** _a7_)) * (_a2_ * (x + _a2_))) + _a7_) * x);{'d0': {'_a2_': 0.6238594156350978, '_a3_': 1.6090873259177862, '_a7_': 1.7751354043562249, '_a0_': 1.0, '_a1_': 1.0, '_a4_': 1.0, '_a5_': 1.0, '_a6_': 1.0}};{'d0': 0.02490583291941661};-280.569866449044;41.56590090066603
43677;-98.7190323238560;((((x * (pow2(_a3_) ** _a7_)) * (_a2_ * (x + _a2_))) + _a7_) * x);{'d0': {'_a2_': 0.6238594156350978, '_a3_': 1.6090873259177862, '_a7_': 1.7751354043562249, '_a0_': 1.0, '_a1_': 1.0, '_a4_': 1.0, '_a5_': 1.0, '_a6_': 1.0}};{'d0': 0.02490583291941661};-280.569866449044;41.56590090066603
43678;-98.7190323238560;((((x * (pow2(_a3_) ** _a7_)) * (_a2_ * (x + _a2_))) + _a7_) * x);{'d0': {'_a2_': 0.6238594156350978, '_a3_': 1.6090873259177862, '_a7_': 1.7751354043562249, '_a0_': 1.0, '_a1_': 1.0, '_a4_': 1.0, '_a5_': 1.0, '_a6_': 1.0}};{'d0': 0.02490583291941661};-280.569866449044;41.56590090066603
43679;-98.7190323238559;((((x * (pow2(_a3_) ** _a2_)) * (_a2_ * (x + _a2_))) + _a7_) * x);{'d0': {'_a2_': 0.6238594156145975, '_a3_': 3.870825221029793, '_a7_': 1.7751354044507535, '_a0_': 1.0, '_a1_': 1.0, '_a4_': 1.0, '_a5_': 1.0, '_a6_': 1.0}};{'d0': 0.02490583291941665};-280.569866449044;41.56590090066603
43680;-98.7190323238559;((((x * (pow2(_a3_) ** _a2_)) * (_a2_ * (x + _a2_))) + _a7_) * x);{'d0': {'_a2_': 0.6238594156145975, '_a3_': 3.870825221029793, '_a7_': 1.7751354044507535, '_a0_': 1.0, '_a1_': 1.0, '_a4_': 1.0, '_a5_': 1.0, '_a6_': 1.0}};{'d0': 0.02490583291941665};-280.569866449044;41.56590090066603
43681;-98.7190323238559;((((x * (pow2(_a3_) ** _a2_)) * (_a2_ * (x + _a2_))) + _a7_) * x);{'d0': {'_a2_': 0.6238594156145975, '_a3_': 3.870825221029793, '_a7_': 1.7751354044507535, '_a0_': 1.0, '_a1_': 1.0, '_a4_': 1.0, '_a5_': 1.0, '_a6_': 1.0}};{'d0': 0.02490583291941665};-280.569866449044;41.56590090066603
43682;-98.7190323238559;((((x * (pow2(_a3_) ** _a2_)) * (_a2_ * (x + _a2_))) + _a7_) * x);{'d0': {'_a2_': 0.6238594156145975, '_a3_': 3.870825221029793, '_a7_': 1.7751354044507535, '_a0_': 1.0, '_a1_': 1.0, '_a4_': 1.0, '_a5_': 1.0, '_a6_': 1.0}};{'d0': 0.02490583291941665};-280.569866449044;41.56590090066603
43683;-98.7190323238559;((((x * (pow2(_a3_) ** _a2_)) * (_a2_ * (x + _a2_))) + _a7_) * x);{'d0': {'_a2_': 0.6238594156145975, '_a3_': 3.870825221029793, '_a7_': 1.7751354044507535, '_a0_': 1.0, '_a1_': 1.0, '_a4_': 1.0, '_a5_': 1.0, '_a6_': 1.0}};{'d0': 0.02490583291941665};-280.569866449044;41.56590090066603
43684;-98.7190323238559;((((x * (pow2(_a3_) ** _a2_)) * (_a2_ * (x + _a2_))) + _a7_) * x);{'d0': {'_a2_': 0.6238594156145975, '_a3_': 3.870825221029793, '_a7_': 1.7751354044507535, '_a0_': 1.0, '_a1_': 1.0, '_a4_': 1.0, '_a5_': 1.0, '_a6_': 1.0}};{'d0': 0.02490583291941665};-280.569866449044;41.56590090066603
43685;-98.7190323238559;((((x * (pow2(_a3_) ** _a2_)) * (_a2_ * (x + _a2_))) + _a7_) * x);{'d0': {'_a2_': 0.6238594156145975, '_a3_': 3.870825221029793, '_a7_': 1.7751354044507535, '_a0_': 1.0, '_a1_': 1.0, '_a4_': 1.0, '_a5_': 1.0, '_a6_': 1.0}};{'d0': 0.02490583291941665};-280.569866449044;41.56590090066603
43686;-99.4619796209260;((_a6_ + ((pow2(x) * _a2_) + x)) * ((x * _a1_) + (_a6_ * x)));{'d0': {'_a1_': 1.2639794638991566, '_a2_': 1.6029252344380165, '_a6_': 0.8426446042969709, '_a0_': 1.0, '_a3_': 1.0, '_a4_': 1.0, '_a5_': 1.0, '_a7_': 1.0}};{'d0': 0.024905832919416566};-280.569866449044;40.82295360359612
43687;-99.4619796209260;((_a6_ + ((pow2(x) * _a2_) + x)) * ((x * _a1_) + (_a6_ * x)));{'d0': {'_a1_': 1.2639794638991566, '_a2_': 1.6029252344380165, '_a6_': 0.8426446042969709, '_a0_': 1.0, '_a3_': 1.0, '_a4_': 1.0, '_a5_': 1.0, '_a7_': 1.0}};{'d0': 0.024905832919416566};-280.569866449044;40.82295360359612
43688;-99.4619796209260;((_a6_ + ((pow2(x) * _a2_) + x)) * ((x * _a1_) + (_a6_ * x)));{'d0': {'_a1_': 1.2639794638991566, '_a2_': 1.6029252344380165, '_a6_': 0.8426446042969709, '_a0_': 1.0, '_a3_': 1.0, '_a4_': 1.0, '_a5_': 1.0, '_a7_': 1.0}};{'d0': 0.024905832919416566};-280.569866449044;40.82295360359612
43689;-99.4619796209260;((_a6_ + ((pow2(x) * _a2_) + x)) * ((x * _a1_) + (_a6_ * x)));{'d0': {'_a1_': 1.2639794638991566, '_a2_': 1.6029252344380165, '_a6_': 0.8426446042969709, '_a0_': 1.0, '_a3_': 1.0, '_a4_': 1.0, '_a5_': 1.0, '_a7_': 1.0}};{'d0': 0.024905832919416566};-280.569866449044;40.82295360359612
43690;-99.4619796209260;((_a6_ + ((pow2(x) * _a2_) + x)) * ((x * _a1_) + (_a6_ * x)));{'d0': {'_a1_': 1.2639794638991566, '_a2_': 1.6029252344380165, '_a6_': 0.8426446042969709, '_a0_': 1.0, '_a3_': 1.0, '_a4_': 1.0, '_a5_': 1.0, '_a7_': 1.0}};{'d0': 0.024905832919416566};-280.569866449044;40.82295360359612
43691;-99.4619796209260;((_a6_ + ((pow2(x) * _a2_) + x)) * ((x * _a1_) + (_a6_ * x)));{'d0': {'_a1_': 1.2639794638991566, '_a2_': 1.6029252344380165, '_a6_': 0.8426446042969709, '_a0_': 1.0, '_a3_': 1.0, '_a4_': 1.0, '_a5_': 1.0, '_a7_': 1.0}};{'d0': 0.024905832919416566};-280.569866449044;40.82295360359612
43692;-99.4619796209260;((_a6_ + ((pow2(x) * _a2_) + x)) * ((x * _a1_) + (_a6_ * x)));{'d0': {'_a1_': 1.2639794638991566, '_a2_': 1.6029252344380165, '_a6_': 0.8426446042969709, '_a0_': 1.0, '_a3_': 1.0, '_a4_': 1.0, '_a5_': 1.0, '_a7_': 1.0}};{'d0': 0.024905832919416566};-280.569866449044;40.82295360359612
43693;-99.4619796209260;((_a6_ + ((pow2(x) * _a2_) + x)) * ((x * _a1_) + (_a6_ * x)));{'d0': {'_a1_': 1.2639794638991566, '_a2_': 1.6029252344380165, '_a6_': 0.8426446042969709, '_a0_': 1.0, '_a3_': 1.0, '_a4_': 1.0, '_a5_': 1.0, '_a7_': 1.0}};{'d0': 0.024905832919416566};-280.569866449044;40.82295360359612
43694;-99.4619796209260;((_a6_ + ((pow2(x) * _a2_) + x)) * ((x * _a1_) + (_a6_ * x)));{'d0': {'_a1_': 1.2639794638991566, '_a2_': 1.6029252344380165, '_a6_': 0.8426446042969709, '_a0_': 1.0, '_a3_': 1.0, '_a4_': 1.0, '_a5_': 1.0, '_a7_': 1.0}};{'d0': 0.024905832919416566};-280.569866449044;40.82295360359612
43695;-99.4619796209260;((_a6_ + ((pow2(x) * _a2_) + x)) * ((x * _a1_) + (_a6_ * x)));{'d0': {'_a1_': 1.2639794638991566, '_a2_': 1.6029252344380165, '_a6_': 0.8426446042969709, '_a0_': 1.0, '_a3_': 1.0, '_a4_': 1.0, '_a5_': 1.0, '_a7_': 1.0}};{'d0': 0.024905832919416566};-280.569866449044;40.82295360359612
43696;-99.4619796209260;((_a6_ + ((pow2(x) * _a2_) + x)) * ((x * _a1_) + (_a6_ * x)));{'d0': {'_a1_': 1.2639794638991566, '_a2_': 1.6029252344380165, '_a6_': 0.8426446042969709, '_a0_': 1.0, '_a3_': 1.0, '_a4_': 1.0, '_a5_': 1.0, '_a7_': 1.0}};{'d0': 0.024905832919416566};-280.569866449044;40.82295360359612
43697;-99.4619796209260;((_a6_ + ((pow2(x) * _a2_) + x)) * ((x * _a1_) + (_a6_ * x)));{'d0': {'_a1_': 1.2639794638991566, '_a2_': 1.6029252344380165, '_a6_': 0.8426446042969709, '_a0_': 1.0, '_a3_': 1.0, '_a4_': 1.0, '_a5_': 1.0, '_a7_': 1.0}};{'d0': 0.024905832919416566};-280.569866449044;40.82295360359612
43698;-106.086604591024;((_a7_ + ((_a1_ + x) * x)) * ((_a0_ * x) + _a2_));{'d0': {'_a0_': 3.382518527007411, '_a1_': 0.6251279706278112, '_a2_': -0.0019508956833519209, '_a7_': 0.5250150997397179, '_a3_': 1.0, '_a4_': 1.0, '_a5_': 1.0, '_a6_': 1.0}};{'d0': 0.02488548250195252};-276.524567593106;32.1756792055291
43699;-106.086604591024;((_a7_ + ((_a1_ + x) * x)) * ((_a0_ * x) + _a2_));{'d0': {'_a0_': 3.382518527007411, '_a1_': 0.6251279706278112, '_a2_': -0.0019508956833519209, '_a7_': 0.5250150997397179, '_a3_': 1.0, '_a4_': 1.0, '_a5_': 1.0, '_a6_': 1.0}};{'d0': 0.02488548250195252};-276.524567593106;32.1756792055291
43700;-106.086604591024;((_a7_ + ((_a1_ + x) * x)) * ((_a0_ * x) + _a2_));{'d0': {'_a0_': 3.382518527007411, '_a1_': 0.6251279706278112, '_a2_': -0.0019508956833519209, '_a7_': 0.5250150997397179, '_a3_': 1.0, '_a4_': 1.0, '_a5_': 1.0, '_a6_': 1.0}};{'d0': 0.02488548250195252};-276.524567593106;32.1756792055291
43701;-98.7190323238559;((((x * (pow2(_a3_) ** _a2_)) * (_a7_ * (x + _a3_))) + _a7_) * x);{'d0': {'_a2_': -0.6814317763085774, '_a3_': 0.6238594155980866, '_a7_': 1.7751354045081191, '_a0_': 1.0, '_a1_': 1.0, '_a4_': 1.0, '_a5_': 1.0, '_a6_': 1.0}};{'d0': 0.024905832919416653};-280.569866449044;41.56590090066603
43702;-98.7190323238559;((((x * (pow2(_a3_) ** _a2_)) * (_a7_ * (x + _a3_))) + _a7_) * x);{'d0': {'_a2_': -0.6814317763085774, '_a3_': 0.6238594155980866, '_a7_': 1.7751354045081191, '_a0_': 1.0, '_a1_': 1.0, '_a4_': 1.0, '_a5_': 1.0, '_a6_': 1.0}};{'d0': 0.024905832919416653};-280.569866449044;41.56590090066603
43703;-98.7190323238559;((((x * (pow2(_a3_) ** _a2_)) * (_a7_ * (x + _a3_))) + _a7_) * x);{'d0': {'_a2_': -0.6814317763085774, '_a3_': 0.6238594155980866, '_a7_': 1.7751354045081191, '_a0_': 1.0, '_a1_': 1.0, '_a4_': 1.0, '_a5_': 1.0, '_a6_': 1.0}};{'d0': 0.024905832919416653};-280.569866449044;41.56590090066603
43704;-96.6718600420486;((((x * (pow2(_a3_) ** _a2_)) * (_a4_ * (x + _a3_))) + _a7_) * x);{'d0': {'_a2_': -2.1434656473548706, '_a3_': 0.6238594154743712, '_a4_': 0.44673615982269577, '_a7_': 1.775135404035138, '_a0_': 1.0, '_a1_': 1.0, '_a5_': 1.0, '_a6_': 1.0}};{'d0': 0.024905832919994687};-276.475521885429;41.56590090066603
43705;-106.086604591024;((_a7_ + ((_a1_ + x) * x)) * ((_a0_ * x) + _a2_));{'d0': {'_a0_': 3.382518527007411, '_a1_': 0.6251279706278112, '_a2_': -0.0019508956833519209, '_a7_': 0.5250150997397179, '_a3_': 1.0, '_a4_': 1.0, '_a5_': 1.0, '_a6_': 1.0}};{'d0': 0.02488548250195252};-276.524567593106;32.1756792055291
43706;-106.086604591024;((_a7_ + ((_a1_ + x) * x)) * ((_a0_ * x) + _a2_));{'d0': {'_a0_': 3.382518527007411, '_a1_': 0.6251279706278112, '_a2_': -0.0019508956833519209, '_a7_': 0.5250150997397179, '_a3_': 1.0, '_a4_': 1.0, '_a5_': 1.0, '_a6_': 1.0}};{'d0': 0.02488548250195252};-276.524567593106;32.1756792055291
43707;-106.086604591024;((_a7_ + ((_a1_ + x) * x)) * ((_a0_ * x) + _a2_));{'d0': {'_a0_': 3.382518527007411, '_a1_': 0.6251279706278112, '_a2_': -0.0019508956833519209, '_a7_': 0.5250150997397179, '_a3_': 1.0, '_a4_': 1.0, '_a5_': 1.0, '_a6_': 1.0}};{'d0': 0.02488548250195252};-276.524567593106;32.1756792055291
43708;-106.086604591024;((_a7_ + ((_a1_ + x) * x)) * ((_a0_ * x) + _a2_));{'d0': {'_a0_': 3.382518527007411, '_a1_': 0.6251279706278112, '_a2_': -0.0019508956833519209, '_a7_': 0.5250150997397179, '_a3_': 1.0, '_a4_': 1.0, '_a5_': 1.0, '_a6_': 1.0}};{'d0': 0.02488548250195252};-276.524567593106;32.1756792055291
43709;-106.086604591024;((_a7_ + ((_a1_ + x) * x)) * ((_a0_ * x) + _a2_));{'d0': {'_a0_': 3.382518527007411, '_a1_': 0.6251279706278112, '_a2_': -0.0019508956833519209, '_a7_': 0.5250150997397179, '_a3_': 1.0, '_a4_': 1.0, '_a5_': 1.0, '_a6_': 1.0}};{'d0': 0.02488548250195252};-276.524567593106;32.1756792055291
43710;-106.086604591024;((_a7_ + ((_a1_ + x) * x)) * ((_a0_ * x) + _a2_));{'d0': {'_a0_': 3.382518527007411, '_a1_': 0.6251279706278112, '_a2_': -0.0019508956833519209, '_a7_': 0.5250150997397179, '_a3_': 1.0, '_a4_': 1.0, '_a5_': 1.0, '_a6_': 1.0}};{'d0': 0.02488548250195252};-276.524567593106;32.1756792055291
43711;-106.086604591024;((_a7_ + ((_a1_ + x) * x)) * ((_a0_ * x) + _a2_));{'d0': {'_a0_': 3.382518527007411, '_a1_': 0.6251279706278112, '_a2_': -0.0019508956833519209, '_a7_': 0.5250150997397179, '_a3_': 1.0, '_a4_': 1.0, '_a5_': 1.0, '_a6_': 1.0}};{'d0': 0.02488548250195252};-276.524567593106;32.1756792055291
43712;-106.086604591024;((_a7_ + ((_a1_ + x) * x)) * ((_a0_ * x) + _a2_));{'d0': {'_a0_': 3.382518527007411, '_a1_': 0.6251279706278112, '_a2_': -0.0019508956833519209, '_a7_': 0.5250150997397179, '_a3_': 1.0, '_a4_': 1.0, '_a5_': 1.0, '_a6_': 1.0}};{'d0': 0.02488548250195252};-276.524567593106;32.1756792055291
43713;-106.086604591024;((_a7_ + ((_a1_ + x) * x)) * ((_a0_ * x) + _a2_));{'d0': {'_a0_': 3.382518527007411, '_a1_': 0.6251279706278112, '_a2_': -0.0019508956833519209, '_a7_': 0.5250150997397179, '_a3_': 1.0, '_a4_': 1.0, '_a5_': 1.0, '_a6_': 1.0}};{'d0': 0.02488548250195252};-276.524567593106;32.1756792055291
43714;-106.086604591024;((_a7_ + ((_a1_ + x) * x)) * ((_a0_ * x) + _a2_));{'d0': {'_a0_': 3.382518527007411, '_a1_': 0.6251279706278112, '_a2_': -0.0019508956833519209, '_a7_': 0.5250150997397179, '_a3_': 1.0, '_a4_': 1.0, '_a5_': 1.0, '_a6_': 1.0}};{'d0': 0.02488548250195252};-276.524567593106;32.1756792055291
43715;-106.086604591015;((_a7_ + ((_a1_ + x) * x)) * ((_a4_ * x) + _a2_));{'d0': {'_a1_': 0.6251279740509178, '_a2_': -0.0019509011649343087, '_a4_': 3.3825185416893735, '_a7_': 0.5250150980652709, '_a0_': 1.0, '_a3_': 1.0, '_a5_': 1.0, '_a6_': 1.0}};{'d0': 0.02488548250196009};-276.524567593088;32.1756792055291
43716;-106.086604591015;((_a7_ + ((_a1_ + x) * x)) * ((_a4_ * x) + _a2_));{'d0': {'_a1_': 0.6251279740509178, '_a2_': -0.0019509011649343087, '_a4_': 3.3825185416893735, '_a7_': 0.5250150980652709, '_a0_': 1.0, '_a3_': 1.0, '_a5_': 1.0, '_a6_': 1.0}};{'d0': 0.02488548250196009};-276.524567593088;32.1756792055291
43717;-106.086604591015;((_a7_ + ((_a1_ + x) * x)) * ((_a4_ * x) + _a2_));{'d0': {'_a1_': 0.6251279740509178, '_a2_': -0.0019509011649343087, '_a4_': 3.3825185416893735, '_a7_': 0.5250150980652709, '_a0_': 1.0, '_a3_': 1.0, '_a5_': 1.0, '_a6_': 1.0}};{'d0': 0.02488548250196009};-276.524567593088;32.1756792055291
43718;-106.086604591015;((_a7_ + ((_a1_ + x) * x)) * ((_a4_ * x) + _a2_));{'d0': {'_a1_': 0.6251279740509178, '_a2_': -0.0019509011649343087, '_a4_': 3.3825185416893735, '_a7_': 0.5250150980652709, '_a0_': 1.0, '_a3_': 1.0, '_a5_': 1.0, '_a6_': 1.0}};{'d0': 0.02488548250196009};-276.524567593088;32.1756792055291
43719;-106.086604591015;((_a7_ + ((_a1_ + x) * x)) * ((_a4_ * x) + _a2_));{'d0': {'_a1_': 0.6251279740509178, '_a2_': -0.0019509011649343087, '_a4_': 3.3825185416893735, '_a7_': 0.5250150980652709, '_a0_': 1.0, '_a3_': 1.0, '_a5_': 1.0, '_a6_': 1.0}};{'d0': 0.02488548250196009};-276.524567593088;32.1756792055291
43720;-106.086604591015;((_a7_ + ((_a1_ + x) * x)) * ((_a4_ * x) + _a2_));{'d0': {'_a1_': 0.6251279740509178, '_a2_': -0.0019509011649343087, '_a4_': 3.3825185416893735, '_a7_': 0.5250150980652709, '_a0_': 1.0, '_a3_': 1.0, '_a5_': 1.0, '_a6_': 1.0}};{'d0': 0.02488548250196009};-276.524567593088;32.1756792055291
43721;-106.086604591015;((_a7_ + ((_a1_ + x) * x)) * ((_a4_ * x) + _a2_));{'d0': {'_a1_': 0.6251279740509178, '_a2_': -0.0019509011649343087, '_a4_': 3.3825185416893735, '_a7_': 0.5250150980652709, '_a0_': 1.0, '_a3_': 1.0, '_a5_': 1.0, '_a6_': 1.0}};{'d0': 0.02488548250196009};-276.524567593088;32.1756792055291
43722;-106.086604591015;((_a7_ + ((_a1_ + x) * x)) * ((_a4_ * x) + _a2_));{'d0': {'_a1_': 0.6251279740509178, '_a2_': -0.0019509011649343087, '_a4_': 3.3825185416893735, '_a7_': 0.5250150980652709, '_a0_': 1.0, '_a3_': 1.0, '_a5_': 1.0, '_a6_': 1.0}};{'d0': 0.02488548250196009};-276.524567593088;32.1756792055291
43723;-106.086604591015;((_a7_ + ((_a1_ + x) * x)) * ((_a4_ * x) + _a2_));{'d0': {'_a1_': 0.6251279740509178, '_a2_': -0.0019509011649343087, '_a4_': 3.3825185416893735, '_a7_': 0.5250150980652709, '_a0_': 1.0, '_a3_': 1.0, '_a5_': 1.0, '_a6_': 1.0}};{'d0': 0.02488548250196009};-276.524567593088;32.1756792055291
43724;-106.086604591015;((_a7_ + ((_a1_ + x) * x)) * ((_a4_ * x) + _a2_));{'d0': {'_a1_': 0.6251279740509178, '_a2_': -0.0019509011649343087, '_a4_': 3.3825185416893735, '_a7_': 0.5250150980652709, '_a0_': 1.0, '_a3_': 1.0, '_a5_': 1.0, '_a6_': 1.0}};{'d0': 0.02488548250196009};-276.524567593088;32.1756792055291
43725;-106.086604591015;((_a7_ + ((_a1_ + x) * x)) * ((_a4_ * x) + _a2_));{'d0': {'_a1_': 0.6251279740509178, '_a2_': -0.0019509011649343087, '_a4_': 3.3825185416893735, '_a7_': 0.5250150980652709, '_a0_': 1.0, '_a3_': 1.0, '_a5_': 1.0, '_a6_': 1.0}};{'d0': 0.02488548250196009};-276.524567593088;32.1756792055291
43726;-106.086604591015;((_a7_ + ((_a1_ + x) * x)) * ((_a4_ * x) + _a2_));{'d0': {'_a1_': 0.6251279740509178, '_a2_': -0.0019509011649343087, '_a4_': 3.3825185416893735, '_a7_': 0.5250150980652709, '_a0_': 1.0, '_a3_': 1.0, '_a5_': 1.0, '_a6_': 1.0}};{'d0': 0.02488548250196009};-276.524567593088;32.1756792055291
43727;-106.086604591015;((_a7_ + ((_a1_ + x) * x)) * ((_a4_ * x) + _a2_));{'d0': {'_a1_': 0.6251279740509178, '_a2_': -0.0019509011649343087, '_a4_': 3.3825185416893735, '_a7_': 0.5250150980652709, '_a0_': 1.0, '_a3_': 1.0, '_a5_': 1.0, '_a6_': 1.0}};{'d0': 0.02488548250196009};-276.524567593088;32.1756792055291
43728;-106.086604591015;((_a7_ + ((_a1_ + x) * x)) * ((_a4_ * x) + _a2_));{'d0': {'_a1_': 0.6251279740509178, '_a2_': -0.0019509011649343087, '_a4_': 3.3825185416893735, '_a7_': 0.5250150980652709, '_a0_': 1.0, '_a3_': 1.0, '_a5_': 1.0, '_a6_': 1.0}};{'d0': 0.02488548250196009};-276.524567593088;32.1756792055291
43729;-99.5822889035536;((((x * (pow2(_a3_) / _a7_)) * (_a4_ * (x + _a3_))) + _a7_) * x);{'d0': {'_a3_': 0.6238594155695607, '_a4_': 15.401333510656611, '_a7_': 1.7751354043068246, '_a0_': 1.0, '_a1_': 1.0, '_a2_': 1.0, '_a5_': 1.0, '_a6_': 1.0}};{'d0': 0.024905832919416632};-280.569866449044;40.70264432096843
43730;-99.5822889035536;((((x * (pow2(_a3_) / _a7_)) * (_a4_ * (x + _a3_))) + _a7_) * x);{'d0': {'_a3_': 0.6238594155695607, '_a4_': 15.401333510656611, '_a7_': 1.7751354043068246, '_a0_': 1.0, '_a1_': 1.0, '_a2_': 1.0, '_a5_': 1.0, '_a6_': 1.0}};{'d0': 0.024905832919416632};-280.569866449044;40.70264432096843
43731;-99.5822889035536;((((x * (pow2(_a3_) / _a7_)) * (_a4_ * (x + _a3_))) + _a7_) * x);{'d0': {'_a3_': 0.6238594155695607, '_a4_': 15.401333510656611, '_a7_': 1.7751354043068246, '_a0_': 1.0, '_a1_': 1.0, '_a2_': 1.0, '_a5_': 1.0, '_a6_': 1.0}};{'d0': 0.024905832919416632};-280.569866449044;40.70264432096843
43732;-99.5822889035536;((((x * (pow2(_a3_) / _a7_)) * (_a4_ * (x + _a3_))) + _a7_) * x);{'d0': {'_a3_': 0.6238594155695607, '_a4_': 15.401333510656611, '_a7_': 1.7751354043068246, '_a0_': 1.0, '_a1_': 1.0, '_a2_': 1.0, '_a5_': 1.0, '_a6_': 1.0}};{'d0': 0.024905832919416632};-280.569866449044;40.70264432096843
43733;-106.086604591015;((_a7_ + ((_a1_ + x) * x)) * ((_a4_ * x) + _a2_));{'d0': {'_a1_': 0.6251279740509178, '_a2_': -0.0019509011649343087, '_a4_': 3.3825185416893735, '_a7_': 0.5250150980652709, '_a0_': 1.0, '_a3_': 1.0, '_a5_': 1.0, '_a6_': 1.0}};{'d0': 0.02488548250196009};-276.524567593088;32.1756792055291
43734;-106.086604591015;((_a7_ + ((_a1_ + x) * x)) * ((_a4_ * x) + _a2_));{'d0': {'_a1_': 0.6251279740509178, '_a2_': -0.0019509011649343087, '_a4_': 3.3825185416893735, '_a7_': 0.5250150980652709, '_a0_': 1.0, '_a3_': 1.0, '_a5_': 1.0, '_a6_': 1.0}};{'d0': 0.02488548250196009};-276.524567593088;32.1756792055291
43735;-106.086604591015;((_a7_ + ((_a1_ + x) * x)) * ((_a4_ * x) + _a2_));{'d0': {'_a1_': 0.6251279740509178, '_a2_': -0.0019509011649343087, '_a4_': 3.3825185416893735, '_a7_': 0.5250150980652709, '_a0_': 1.0, '_a3_': 1.0, '_a5_': 1.0, '_a6_': 1.0}};{'d0': 0.02488548250196009};-276.524567593088;32.1756792055291
43736;-106.086604591015;((_a7_ + ((_a1_ + x) * x)) * ((_a4_ * x) + _a2_));{'d0': {'_a1_': 0.6251279740509178, '_a2_': -0.0019509011649343087, '_a4_': 3.3825185416893735, '_a7_': 0.5250150980652709, '_a0_': 1.0, '_a3_': 1.0, '_a5_': 1.0, '_a6_': 1.0}};{'d0': 0.02488548250196009};-276.524567593088;32.1756792055291
43737;-106.086604591015;((_a7_ + ((_a1_ + x) * x)) * ((_a4_ * x) + _a2_));{'d0': {'_a1_': 0.6251279740509178, '_a2_': -0.0019509011649343087, '_a4_': 3.3825185416893735, '_a7_': 0.5250150980652709, '_a0_': 1.0, '_a3_': 1.0, '_a5_': 1.0, '_a6_': 1.0}};{'d0': 0.02488548250196009};-276.524567593088;32.1756792055291
43738;-106.086604591015;((_a7_ + ((_a1_ + x) * x)) * ((_a4_ * x) + _a2_));{'d0': {'_a1_': 0.6251279740509178, '_a2_': -0.0019509011649343087, '_a4_': 3.3825185416893735, '_a7_': 0.5250150980652709, '_a0_': 1.0, '_a3_': 1.0, '_a5_': 1.0, '_a6_': 1.0}};{'d0': 0.02488548250196009};-276.524567593088;32.1756792055291
43739;-106.086604591015;((_a7_ + ((_a1_ + x) * x)) * ((_a4_ * x) + _a2_));{'d0': {'_a1_': 0.6251279740509178, '_a2_': -0.0019509011649343087, '_a4_': 3.3825185416893735, '_a7_': 0.5250150980652709, '_a0_': 1.0, '_a3_': 1.0, '_a5_': 1.0, '_a6_': 1.0}};{'d0': 0.02488548250196009};-276.524567593088;32.1756792055291
43740;-100.261789971330;((((x + (_a5_ / _a7_)) * (_a4_ * (x + _a3_))) + _a7_) * x);{'d0': {'_a3_': 0.25329280104758284, '_a4_': 3.3767608790793173, '_a5_': 0.5403551340576734, '_a7_': 1.4581862613915493, '_a0_': 1.0, '_a1_': 1.0, '_a2_': 1.0, '_a6_': 1.0}};{'d0': 0.024905832919540596};-276.475521886523;37.97597097193143
43741;-100.261789971330;((((x + (_a5_ / _a7_)) * (_a4_ * (x + _a3_))) + _a7_) * x);{'d0': {'_a3_': 0.25329280104758284, '_a4_': 3.3767608790793173, '_a5_': 0.5403551340576734, '_a7_': 1.4581862613915493, '_a0_': 1.0, '_a1_': 1.0, '_a2_': 1.0, '_a6_': 1.0}};{'d0': 0.024905832919540596};-276.475521886523;37.97597097193143
43742;-100.261789971330;((((x + (_a5_ / _a7_)) * (_a4_ * (x + _a3_))) + _a7_) * x);{'d0': {'_a3_': 0.25329280104758284, '_a4_': 3.3767608790793173, '_a5_': 0.5403551340576734, '_a7_': 1.4581862613915493, '_a0_': 1.0, '_a1_': 1.0, '_a2_': 1.0, '_a6_': 1.0}};{'d0': 0.024905832919540596};-276.475521886523;37.97597097193143
43743;-100.261789971330;((((x + (_a5_ / _a7_)) * (_a4_ * (x + _a3_))) + _a7_) * x);{'d0': {'_a3_': 0.25329280104758284, '_a4_': 3.3767608790793173, '_a5_': 0.5403551340576734, '_a7_': 1.4581862613915493, '_a0_': 1.0, '_a1_': 1.0, '_a2_': 1.0, '_a6_': 1.0}};{'d0': 0.024905832919540596};-276.475521886523;37.97597097193143
43744;-100.261789971330;((((x + (_a5_ / _a7_)) * (_a4_ * (x + _a3_))) + _a7_) * x);{'d0': {'_a3_': 0.25329280104758284, '_a4_': 3.3767608790793173, '_a5_': 0.5403551340576734, '_a7_': 1.4581862613915493, '_a0_': 1.0, '_a1_': 1.0, '_a2_': 1.0, '_a6_': 1.0}};{'d0': 0.024905832919540596};-276.475521886523;37.97597097193143
43745;-100.261789971330;((((x + (_a5_ / _a7_)) * (_a4_ * (x + _a3_))) + _a7_) * x);{'d0': {'_a3_': 0.25329280104758284, '_a4_': 3.3767608790793173, '_a5_': 0.5403551340576734, '_a7_': 1.4581862613915493, '_a0_': 1.0, '_a1_': 1.0, '_a2_': 1.0, '_a6_': 1.0}};{'d0': 0.024905832919540596};-276.475521886523;37.97597097193143
43746;-100.261789971330;((((x + (_a5_ / _a7_)) * (_a4_ * (x + _a3_))) + _a7_) * x);{'d0': {'_a3_': 0.25329280104758284, '_a4_': 3.3767608790793173, '_a5_': 0.5403551340576734, '_a7_': 1.4581862613915493, '_a0_': 1.0, '_a1_': 1.0, '_a2_': 1.0, '_a6_': 1.0}};{'d0': 0.024905832919540596};-276.475521886523;37.97597097193143
43747;-100.261789971330;((((x + (_a5_ / _a7_)) * (_a4_ * (x + _a3_))) + _a7_) * x);{'d0': {'_a3_': 0.25329280104758284, '_a4_': 3.3767608790793173, '_a5_': 0.5403551340576734, '_a7_': 1.4581862613915493, '_a0_': 1.0, '_a1_': 1.0, '_a2_': 1.0, '_a6_': 1.0}};{'d0': 0.024905832919540596};-276.475521886523;37.97597097193143
43748;-100.261789971330;((((x + (_a5_ / _a7_)) * (_a4_ * (x + _a3_))) + _a7_) * x);{'d0': {'_a3_': 0.25329280104758284, '_a4_': 3.3767608790793173, '_a5_': 0.5403551340576734, '_a7_': 1.4581862613915493, '_a0_': 1.0, '_a1_': 1.0, '_a2_': 1.0, '_a6_': 1.0}};{'d0': 0.024905832919540596};-276.475521886523;37.97597097193143
43749;-100.261789971330;((((x + (_a5_ / _a7_)) * (_a4_ * (x + _a3_))) + _a7_) * x);{'d0': {'_a3_': 0.25329280104758284, '_a4_': 3.3767608790793173, '_a5_': 0.5403551340576734, '_a7_': 1.4581862613915493, '_a0_': 1.0, '_a1_': 1.0, '_a2_': 1.0, '_a6_': 1.0}};{'d0': 0.024905832919540596};-276.475521886523;37.97597097193143
43750;-104.411319546383;(((_a3_ + _a0_) * (pow2(((_a3_ + x) * _a3_)) + _a6_)) * x);{'d0': {'_a0_': 34.392653310423185, '_a3_': 0.3119297078549873, '_a6_': 0.04168256650117903, '_a1_': 1.0, '_a2_': 1.0, '_a4_': 1.0, '_a5_': 1.0, '_a7_': 1.0}};{'d0': 0.0249058329194166};-280.569866449044;35.87361367813891
43751;-104.411319546383;(((_a3_ + _a0_) * (pow2(((_a3_ + x) * _a3_)) + _a6_)) * x);{'d0': {'_a0_': 34.392653310423185, '_a3_': 0.3119297078549873, '_a6_': 0.04168256650117903, '_a1_': 1.0, '_a2_': 1.0, '_a4_': 1.0, '_a5_': 1.0, '_a7_': 1.0}};{'d0': 0.0249058329194166};-280.569866449044;35.87361367813891
43752;-104.411319546383;(((_a3_ + _a0_) * (pow2(((_a3_ + x) * _a3_)) + _a6_)) * x);{'d0': {'_a0_': 34.392653310423185, '_a3_': 0.3119297078549873, '_a6_': 0.04168256650117903, '_a1_': 1.0, '_a2_': 1.0, '_a4_': 1.0, '_a5_': 1.0, '_a7_': 1.0}};{'d0': 0.0249058329194166};-280.569866449044;35.87361367813891
43753;-104.411319546383;(((_a3_ + _a0_) * (pow2(((_a3_ + x) * _a3_)) + _a6_)) * x);{'d0': {'_a0_': 34.392653310423185, '_a3_': 0.3119297078549873, '_a6_': 0.04168256650117903, '_a1_': 1.0, '_a2_': 1.0, '_a4_': 1.0, '_a5_': 1.0, '_a7_': 1.0}};{'d0': 0.0249058329194166};-280.569866449044;35.87361367813891
43754;-104.411319546383;(((_a3_ + _a0_) * (pow2(((_a3_ + x) * _a3_)) + _a6_)) * x);{'d0': {'_a0_': 34.392653310423185, '_a3_': 0.3119297078549873, '_a6_': 0.04168256650117903, '_a1_': 1.0, '_a2_': 1.0, '_a4_': 1.0, '_a5_': 1.0, '_a7_': 1.0}};{'d0': 0.0249058329194166};-280.569866449044;35.87361367813891
43755;-104.411319546383;(((_a3_ + _a0_) * (pow2(((_a3_ + x) * _a3_)) + _a6_)) * x);{'d0': {'_a0_': 34.392653310423185, '_a3_': 0.3119297078549873, '_a6_': 0.04168256650117903, '_a1_': 1.0, '_a2_': 1.0, '_a4_': 1.0, '_a5_': 1.0, '_a7_': 1.0}};{'d0': 0.0249058329194166};-280.569866449044;35.87361367813891
43756;-104.411319546383;(((_a3_ + _a0_) * (pow2(((_a3_ + x) * _a3_)) + _a6_)) * x);{'d0': {'_a0_': 34.392653310423185, '_a3_': 0.3119297078549873, '_a6_': 0.04168256650117903, '_a1_': 1.0, '_a2_': 1.0, '_a4_': 1.0, '_a5_': 1.0, '_a7_': 1.0}};{'d0': 0.0249058329194166};-280.569866449044;35.87361367813891
43757;-104.411319546383;(((_a3_ + _a0_) * (pow2(((_a3_ + x) * _a3_)) + _a6_)) * x);{'d0': {'_a0_': 34.392653310423185, '_a3_': 0.3119297078549873, '_a6_': 0.04168256650117903, '_a1_': 1.0, '_a2_': 1.0, '_a4_': 1.0, '_a5_': 1.0, '_a7_': 1.0}};{'d0': 0.0249058329194166};-280.569866449044;35.87361367813891
43758;-104.411319546383;(((_a3_ + _a0_) * (pow2(((_a3_ + x) * _a3_)) + _a6_)) * x);{'d0': {'_a0_': 34.392653310423185, '_a3_': 0.3119297078549873, '_a6_': 0.04168256650117903, '_a1_': 1.0, '_a2_': 1.0, '_a4_': 1.0, '_a5_': 1.0, '_a7_': 1.0}};{'d0': 0.0249058329194166};-280.569866449044;35.87361367813891
43759;-104.411319546383;(((_a3_ + _a0_) * (pow2(((_a3_ + x) * _a3_)) + _a6_)) * x);{'d0': {'_a0_': 34.392653310423185, '_a3_': 0.3119297078549873, '_a6_': 0.04168256650117903, '_a1_': 1.0, '_a2_': 1.0, '_a4_': 1.0, '_a5_': 1.0, '_a7_': 1.0}};{'d0': 0.0249058329194166};-280.569866449044;35.87361367813891
43760;-104.411319546383;(((_a3_ + _a0_) * (pow2(((_a3_ + x) * _a3_)) + _a6_)) * x);{'d0': {'_a0_': 34.392653310423185, '_a3_': 0.3119297078549873, '_a6_': 0.04168256650117903, '_a1_': 1.0, '_a2_': 1.0, '_a4_': 1.0, '_a5_': 1.0, '_a7_': 1.0}};{'d0': 0.0249058329194166};-280.569866449044;35.87361367813891
43761;-100.261789971330;((((x + (_a5_ / _a7_)) * (_a4_ * (x + _a3_))) + _a7_) * x);{'d0': {'_a3_': 0.25329280104758284, '_a4_': 3.3767608790793173, '_a5_': 0.5403551340576734, '_a7_': 1.4581862613915493, '_a0_': 1.0, '_a1_': 1.0, '_a2_': 1.0, '_a6_': 1.0}};{'d0': 0.024905832919540596};-276.475521886523;37.97597097193143
43762;-100.261789971330;((((x + (_a5_ / _a7_)) * (_a4_ * (x + _a3_))) + _a7_) * x);{'d0': {'_a3_': 0.25329280104758284, '_a4_': 3.3767608790793173, '_a5_': 0.5403551340576734, '_a7_': 1.4581862613915493, '_a0_': 1.0, '_a1_': 1.0, '_a2_': 1.0, '_a6_': 1.0}};{'d0': 0.024905832919540596};-276.475521886523;37.97597097193143
43763;-100.261789971330;((((x + (_a5_ / _a7_)) * (_a4_ * (x + _a3_))) + _a7_) * x);{'d0': {'_a3_': 0.25329280104758284, '_a4_': 3.3767608790793173, '_a5_': 0.5403551340576734, '_a7_': 1.4581862613915493, '_a0_': 1.0, '_a1_': 1.0, '_a2_': 1.0, '_a6_': 1.0}};{'d0': 0.024905832919540596};-276.475521886523;37.97597097193143
43764;-100.261789971330;((((x + (_a5_ / _a7_)) * (_a4_ * (x + _a3_))) + _a7_) * x);{'d0': {'_a3_': 0.25329280104758284, '_a4_': 3.3767608790793173, '_a5_': 0.5403551340576734, '_a7_': 1.4581862613915493, '_a0_': 1.0, '_a1_': 1.0, '_a2_': 1.0, '_a6_': 1.0}};{'d0': 0.024905832919540596};-276.475521886523;37.97597097193143
43765;-100.261789971330;((((x + (_a5_ / _a7_)) * (_a4_ * (x + _a3_))) + _a7_) * x);{'d0': {'_a3_': 0.25329280104758284, '_a4_': 3.3767608790793173, '_a5_': 0.5403551340576734, '_a7_': 1.4581862613915493, '_a0_': 1.0, '_a1_': 1.0, '_a2_': 1.0, '_a6_': 1.0}};{'d0': 0.024905832919540596};-276.475521886523;37.97597097193143
43766;-104.531628829011;(((_a3_ / _a0_) * (pow2(((_a3_ + x) * _a3_)) + _a6_)) * x);{'d0': {'_a0_': 0.008988141634384054, '_a3_': 0.31192970776698936, '_a6_': 0.04168256645961994, '_a1_': 1.0, '_a2_': 1.0, '_a4_': 1.0, '_a5_': 1.0, '_a7_': 1.0}};{'d0': 0.024905832919416566};-280.569866449044;35.75330439551131
43767;-104.531628829011;(((_a3_ / _a0_) * (pow2(((_a3_ + x) * _a3_)) + _a6_)) * x);{'d0': {'_a0_': 0.008988141634384054, '_a3_': 0.31192970776698936, '_a6_': 0.04168256645961994, '_a1_': 1.0, '_a2_': 1.0, '_a4_': 1.0, '_a5_': 1.0, '_a7_': 1.0}};{'d0': 0.024905832919416566};-280.569866449044;35.75330439551131
43768;-104.531628829011;(((_a3_ / _a0_) * (pow2(((_a3_ + x) * _a3_)) + _a6_)) * x);{'d0': {'_a0_': 0.008988141634384054, '_a3_': 0.31192970776698936, '_a6_': 0.04168256645961994, '_a1_': 1.0, '_a2_': 1.0, '_a4_': 1.0, '_a5_': 1.0, '_a7_': 1.0}};{'d0': 0.024905832919416566};-280.569866449044;35.75330439551131
43769;-104.531628829011;(((_a3_ / _a0_) * (pow2(((_a3_ + x) * _a3_)) + _a6_)) * x);{'d0': {'_a0_': 0.008988141634384054, '_a3_': 0.31192970776698936, '_a6_': 0.04168256645961994, '_a1_': 1.0, '_a2_': 1.0, '_a4_': 1.0, '_a5_': 1.0, '_a7_': 1.0}};{'d0': 0.024905832919416566};-280.569866449044;35.75330439551131
43770;-104.531628829011;(((_a3_ / _a0_) * (pow2(((_a3_ + x) * _a3_)) + _a6_)) * x);{'d0': {'_a0_': 0.008988141634384054, '_a3_': 0.31192970776698936, '_a6_': 0.04168256645961994, '_a1_': 1.0, '_a2_': 1.0, '_a4_': 1.0, '_a5_': 1.0, '_a7_': 1.0}};{'d0': 0.024905832919416566};-280.569866449044;35.75330439551131
43771;-104.531628829011;(((_a3_ / _a0_) * (pow2(((_a3_ + x) * _a3_)) + _a6_)) * x);{'d0': {'_a0_': 0.008988141634384054, '_a3_': 0.31192970776698936, '_a6_': 0.04168256645961994, '_a1_': 1.0, '_a2_': 1.0, '_a4_': 1.0, '_a5_': 1.0, '_a7_': 1.0}};{'d0': 0.024905832919416566};-280.569866449044;35.75330439551131
43772;-104.531628829011;(((_a3_ / _a0_) * (pow2(((_a3_ + x) * _a3_)) + _a6_)) * x);{'d0': {'_a0_': 0.008988141634384054, '_a3_': 0.31192970776698936, '_a6_': 0.04168256645961994, '_a1_': 1.0, '_a2_': 1.0, '_a4_': 1.0, '_a5_': 1.0, '_a7_': 1.0}};{'d0': 0.024905832919416566};-280.569866449044;35.75330439551131
43773;-104.531628829011;(((_a3_ / _a0_) * (pow2(((_a3_ + x) * _a3_)) + _a6_)) * x);{'d0': {'_a0_': 0.008988141634384054, '_a3_': 0.31192970776698936, '_a6_': 0.04168256645961994, '_a1_': 1.0, '_a2_': 1.0, '_a4_': 1.0, '_a5_': 1.0, '_a7_': 1.0}};{'d0': 0.024905832919416566};-280.569866449044;35.75330439551131
43774;-104.531628829011;(((_a3_ / _a0_) * (pow2(((_a3_ + x) * _a3_)) + _a6_)) * x);{'d0': {'_a0_': 0.008988141634384054, '_a3_': 0.31192970776698936, '_a6_': 0.04168256645961994, '_a1_': 1.0, '_a2_': 1.0, '_a4_': 1.0, '_a5_': 1.0, '_a7_': 1.0}};{'d0': 0.024905832919416566};-280.569866449044;35.75330439551131
43775;-104.531628829011;(((_a3_ / _a0_) * (pow2(((_a3_ + x) * _a3_)) + _a6_)) * x);{'d0': {'_a0_': 0.008988141634384054, '_a3_': 0.31192970776698936, '_a6_': 0.04168256645961994, '_a1_': 1.0, '_a2_': 1.0, '_a4_': 1.0, '_a5_': 1.0, '_a7_': 1.0}};{'d0': 0.024905832919416566};-280.569866449044;35.75330439551131
43776;-104.531628829011;(((_a3_ / _a0_) * (pow2(((_a3_ + x) * _a3_)) + _a6_)) * x);{'d0': {'_a0_': 0.008988141634384054, '_a3_': 0.31192970776698936, '_a6_': 0.04168256645961994, '_a1_': 1.0, '_a2_': 1.0, '_a4_': 1.0, '_a5_': 1.0, '_a7_': 1.0}};{'d0': 0.024905832919416566};-280.569866449044;35.75330439551131
43777;-104.531628829011;(((_a3_ / _a0_) * (pow2(((_a3_ + x) * _a3_)) + _a6_)) * x);{'d0': {'_a0_': 0.008988141634384054, '_a3_': 0.31192970776698936, '_a6_': 0.04168256645961994, '_a1_': 1.0, '_a2_': 1.0, '_a4_': 1.0, '_a5_': 1.0, '_a7_': 1.0}};{'d0': 0.024905832919416566};-280.569866449044;35.75330439551131
43778;-104.531628829011;(((_a3_ / _a0_) * (pow2(((_a3_ + x) * _a3_)) + _a6_)) * x);{'d0': {'_a0_': 0.008988141634384054, '_a3_': 0.31192970776698936, '_a6_': 0.04168256645961994, '_a1_': 1.0, '_a2_': 1.0, '_a4_': 1.0, '_a5_': 1.0, '_a7_': 1.0}};{'d0': 0.024905832919416566};-280.569866449044;35.75330439551131
43779;-104.531628829011;(((_a3_ / _a0_) * (pow2(((_a3_ + x) * _a3_)) + _a6_)) * x);{'d0': {'_a0_': 0.008988141634384054, '_a3_': 0.31192970776698936, '_a6_': 0.04168256645961994, '_a1_': 1.0, '_a2_': 1.0, '_a4_': 1.0, '_a5_': 1.0, '_a7_': 1.0}};{'d0': 0.024905832919416566};-280.569866449044;35.75330439551131
43780;-104.531628829011;(((_a3_ / _a0_) * (pow2(((_a3_ + x) * _a3_)) + _a6_)) * x);{'d0': {'_a0_': 0.008988141634384054, '_a3_': 0.31192970776698936, '_a6_': 0.04168256645961994, '_a1_': 1.0, '_a2_': 1.0, '_a4_': 1.0, '_a5_': 1.0, '_a7_': 1.0}};{'d0': 0.024905832919416566};-280.569866449044;35.75330439551131
43781;-104.531628829011;(((_a3_ / _a0_) * (pow2(((_a3_ + x) * _a3_)) + _a6_)) * x);{'d0': {'_a0_': 0.008988141634384054, '_a3_': 0.31192970776698936, '_a6_': 0.04168256645961994, '_a1_': 1.0, '_a2_': 1.0, '_a4_': 1.0, '_a5_': 1.0, '_a7_': 1.0}};{'d0': 0.024905832919416566};-280.569866449044;35.75330439551131
43782;-97.5351166223521;(((_a3_ / _a0_) * (pow2(((_a3_ + x) * (_a6_ * _a2_))) + _a6_)) * x);{'d0': {'_a0_': 0.011997663670927229, '_a2_': 6.477223523971813, '_a3_': 0.31192970768934414, '_a6_': 0.05563924488003322, '_a1_': 1.0, '_a4_': 1.0, '_a5_': 1.0, '_a7_': 1.0}};{'d0': 0.02490583291949164};-276.475521886641;40.702644320968304
43783;-97.5351166223521;(((_a3_ / _a0_) * (pow2(((_a3_ + x) * (_a6_ * _a2_))) + _a6_)) * x);{'d0': {'_a0_': 0.011997663670927229, '_a2_': 6.477223523971813, '_a3_': 0.31192970768934414, '_a6_': 0.05563924488003322, '_a1_': 1.0, '_a4_': 1.0, '_a5_': 1.0, '_a7_': 1.0}};{'d0': 0.02490583291949164};-276.475521886641;40.702644320968304
43784;-97.5351166223521;(((_a3_ / _a0_) * (pow2(((_a3_ + x) * (_a6_ * _a2_))) + _a6_)) * x);{'d0': {'_a0_': 0.011997663670927229, '_a2_': 6.477223523971813, '_a3_': 0.31192970768934414, '_a6_': 0.05563924488003322, '_a1_': 1.0, '_a4_': 1.0, '_a5_': 1.0, '_a7_': 1.0}};{'d0': 0.02490583291949164};-276.475521886641;40.702644320968304
43785;-97.5351166223521;(((_a3_ / _a0_) * (pow2(((_a3_ + x) * (_a6_ * _a2_))) + _a6_)) * x);{'d0': {'_a0_': 0.011997663670927229, '_a2_': 6.477223523971813, '_a3_': 0.31192970768934414, '_a6_': 0.05563924488003322, '_a1_': 1.0, '_a4_': 1.0, '_a5_': 1.0, '_a7_': 1.0}};{'d0': 0.02490583291949164};-276.475521886641;40.702644320968304
43786;-97.5351166223521;(((_a3_ / _a0_) * (pow2(((_a3_ + x) * (_a6_ * _a2_))) + _a6_)) * x);{'d0': {'_a0_': 0.011997663670927229, '_a2_': 6.477223523971813, '_a3_': 0.31192970768934414, '_a6_': 0.05563924488003322, '_a1_': 1.0, '_a4_': 1.0, '_a5_': 1.0, '_a7_': 1.0}};{'d0': 0.02490583291949164};-276.475521886641;40.702644320968304
43787;-97.5351166223521;(((_a3_ / _a0_) * (pow2(((_a3_ + x) * (_a6_ * _a2_))) + _a6_)) * x);{'d0': {'_a0_': 0.011997663670927229, '_a2_': 6.477223523971813, '_a3_': 0.31192970768934414, '_a6_': 0.05563924488003322, '_a1_': 1.0, '_a4_': 1.0, '_a5_': 1.0, '_a7_': 1.0}};{'d0': 0.02490583291949164};-276.475521886641;40.702644320968304
43788;-97.5351166223521;(((_a3_ / _a0_) * (pow2(((_a3_ + x) * (_a6_ * _a2_))) + _a6_)) * x);{'d0': {'_a0_': 0.011997663670927229, '_a2_': 6.477223523971813, '_a3_': 0.31192970768934414, '_a6_': 0.05563924488003322, '_a1_': 1.0, '_a4_': 1.0, '_a5_': 1.0, '_a7_': 1.0}};{'d0': 0.02490583291949164};-276.475521886641;40.702644320968304
43789;-97.5351166223521;(((_a3_ / _a0_) * (pow2(((_a3_ + x) * (_a6_ * _a2_))) + _a6_)) * x);{'d0': {'_a0_': 0.011997663670927229, '_a2_': 6.477223523971813, '_a3_': 0.31192970768934414, '_a6_': 0.05563924488003322, '_a1_': 1.0, '_a4_': 1.0, '_a5_': 1.0, '_a7_': 1.0}};{'d0': 0.02490583291949164};-276.475521886641;40.702644320968304
43790;-97.5351166223521;(((_a3_ / _a0_) * (pow2(((_a3_ + x) * (_a6_ * _a2_))) + _a6_)) * x);{'d0': {'_a0_': 0.011997663670927229, '_a2_': 6.477223523971813, '_a3_': 0.31192970768934414, '_a6_': 0.05563924488003322, '_a1_': 1.0, '_a4_': 1.0, '_a5_': 1.0, '_a7_': 1.0}};{'d0': 0.02490583291949164};-276.475521886641;40.702644320968304
43791;-97.5351166223521;(((_a3_ / _a0_) * (pow2(((_a3_ + x) * (_a6_ * _a2_))) + _a6_)) * x);{'d0': {'_a0_': 0.011997663670927229, '_a2_': 6.477223523971813, '_a3_': 0.31192970768934414, '_a6_': 0.05563924488003322, '_a1_': 1.0, '_a4_': 1.0, '_a5_': 1.0, '_a7_': 1.0}};{'d0': 0.02490583291949164};-276.475521886641;40.702644320968304
43792;-97.5351166223521;(((_a3_ / _a0_) * (pow2(((_a3_ + x) * (_a6_ * _a2_))) + _a6_)) * x);{'d0': {'_a0_': 0.011997663670927229, '_a2_': 6.477223523971813, '_a3_': 0.31192970768934414, '_a6_': 0.05563924488003322, '_a1_': 1.0, '_a4_': 1.0, '_a5_': 1.0, '_a7_': 1.0}};{'d0': 0.02490583291949164};-276.475521886641;40.702644320968304
43793;-97.5351166223521;(((_a3_ / _a0_) * (pow2(((_a3_ + x) * (_a6_ * _a2_))) + _a6_)) * x);{'d0': {'_a0_': 0.011997663670927229, '_a2_': 6.477223523971813, '_a3_': 0.31192970768934414, '_a6_': 0.05563924488003322, '_a1_': 1.0, '_a4_': 1.0, '_a5_': 1.0, '_a7_': 1.0}};{'d0': 0.02490583291949164};-276.475521886641;40.702644320968304
43794;-97.5351166223521;(((_a3_ / _a0_) * (pow2(((_a3_ + x) * (_a6_ * _a2_))) + _a6_)) * x);{'d0': {'_a0_': 0.011997663670927229, '_a2_': 6.477223523971813, '_a3_': 0.31192970768934414, '_a6_': 0.05563924488003322, '_a1_': 1.0, '_a4_': 1.0, '_a5_': 1.0, '_a7_': 1.0}};{'d0': 0.02490583291949164};-276.475521886641;40.702644320968304
43795;-97.5351166223521;(((_a3_ / _a0_) * (pow2(((_a3_ + x) * (_a6_ * _a2_))) + _a6_)) * x);{'d0': {'_a0_': 0.011997663670927229, '_a2_': 6.477223523971813, '_a3_': 0.31192970768934414, '_a6_': 0.05563924488003322, '_a1_': 1.0, '_a4_': 1.0, '_a5_': 1.0, '_a7_': 1.0}};{'d0': 0.02490583291949164};-276.475521886641;40.702644320968304
43796;-97.5351166223521;(((_a3_ / _a0_) * (pow2(((_a3_ + x) * (_a6_ * _a2_))) + _a6_)) * x);{'d0': {'_a0_': 0.011997663670927229, '_a2_': 6.477223523971813, '_a3_': 0.31192970768934414, '_a6_': 0.05563924488003322, '_a1_': 1.0, '_a4_': 1.0, '_a5_': 1.0, '_a7_': 1.0}};{'d0': 0.02490583291949164};-276.475521886641;40.702644320968304
43797;-97.5351166223521;(((_a3_ / _a0_) * (pow2(((_a3_ + x) * (_a6_ * _a2_))) + _a6_)) * x);{'d0': {'_a0_': 0.011997663670927229, '_a2_': 6.477223523971813, '_a3_': 0.31192970768934414, '_a6_': 0.05563924488003322, '_a1_': 1.0, '_a4_': 1.0, '_a5_': 1.0, '_a7_': 1.0}};{'d0': 0.02490583291949164};-276.475521886641;40.702644320968304
43798;-97.5351166223521;(((_a3_ / _a0_) * (pow2(((_a3_ + x) * (_a6_ * _a2_))) + _a6_)) * x);{'d0': {'_a0_': 0.011997663670927229, '_a2_': 6.477223523971813, '_a3_': 0.31192970768934414, '_a6_': 0.05563924488003322, '_a1_': 1.0, '_a4_': 1.0, '_a5_': 1.0, '_a7_': 1.0}};{'d0': 0.02490583291949164};-276.475521886641;40.702644320968304
43799;-97.5351166223521;(((_a3_ / _a0_) * (pow2(((_a3_ + x) * (_a6_ * _a2_))) + _a6_)) * x);{'d0': {'_a0_': 0.011997663670927229, '_a2_': 6.477223523971813, '_a3_': 0.31192970768934414, '_a6_': 0.05563924488003322, '_a1_': 1.0, '_a4_': 1.0, '_a5_': 1.0, '_a7_': 1.0}};{'d0': 0.02490583291949164};-276.475521886641;40.702644320968304
43800;-97.5351166223521;(((_a3_ / _a0_) * (pow2(((_a3_ + x) * (_a6_ * _a2_))) + _a6_)) * x);{'d0': {'_a0_': 0.011997663670927229, '_a2_': 6.477223523971813, '_a3_': 0.31192970768934414, '_a6_': 0.05563924488003322, '_a1_': 1.0, '_a4_': 1.0, '_a5_': 1.0, '_a7_': 1.0}};{'d0': 0.02490583291949164};-276.475521886641;40.702644320968304
43801;-75.8246489114109;((-(_a3_) + -(((-(x) + _a5_) * (_a1_ * (-(_a5_) + (_a5_ + (pow2(x) + _a0_))))))) * _a3_);{'d0': {'_a0_': 0.5246546192699176, '_a1_': 3.211432090365474, '_a3_': 1.0532740713828974, '_a5_': -0.6245511674649555, '_a2_': 1.0, '_a4_': 1.0, '_a6_': 1.0, '_a7_': 1.0}};{'d0': 0.024885482501866847};-276.524567593312;62.437634885245146
43802;-80.7016315505459;(-(_a3_) + -(((-(x) + _a5_) * (_a1_ * (-(_a5_) + (_a5_ + (pow2(x) + _a0_)))))));{'d0': {'_a0_': 0.5246546197573783, '_a1_': 3.382518150654583, '_a3_': 1.1093862697276813, '_a5_': -0.6245511674878296, '_a2_': 1.0, '_a4_': 1.0, '_a6_': 1.0, '_a7_': 1.0}};{'d0': 0.024885482501866816};-276.524567593313;57.560652246110145
43803;-80.7016315505459;(-(_a3_) + -(((-(x) + _a5_) * (_a1_ * (-(_a5_) + (_a5_ + (pow2(x) + _a0_)))))));{'d0': {'_a0_': 0.5246546197573783, '_a1_': 3.382518150654583, '_a3_': 1.1093862697276813, '_a5_': -0.6245511674878296, '_a2_': 1.0, '_a4_': 1.0, '_a6_': 1.0, '_a7_': 1.0}};{'d0': 0.024885482501866816};-276.524567593313;57.560652246110145
43804;-84.3830939448087;(_a4_ + -(((-(x) + _a5_) * (_a1_ * (-(_a5_) + (_a5_ + (pow2(x) + _a0_)))))));{'d0': {'_a0_': 0.5246546200675788, '_a1_': 3.382518148980944, '_a4_': -1.109386269511114, '_a5_': -0.6245511673788464, '_a2_': 1.0, '_a3_': 1.0, '_a6_': 1.0, '_a7_': 1.0}};{'d0': 0.02488548250186683};-276.524567593313;53.879189851847414
43805;-84.3830939448087;(_a4_ + -(((-(x) + _a5_) * (_a1_ * (-(_a5_) + (_a5_ + (pow2(x) + _a0_)))))));{'d0': {'_a0_': 0.5246546200675788, '_a1_': 3.382518148980944, '_a4_': -1.109386269511114, '_a5_': -0.6245511673788464, '_a2_': 1.0, '_a3_': 1.0, '_a6_': 1.0, '_a7_': 1.0}};{'d0': 0.02488548250186683};-276.524567593313;53.879189851847414
43806;-84.3830939448087;(_a4_ + -(((-(x) + _a5_) * (_a1_ * (-(_a5_) + (_a5_ + (pow2(x) + _a0_)))))));{'d0': {'_a0_': 0.5246546200675788, '_a1_': 3.382518148980944, '_a4_': -1.109386269511114, '_a5_': -0.6245511673788464, '_a2_': 1.0, '_a3_': 1.0, '_a6_': 1.0, '_a7_': 1.0}};{'d0': 0.02488548250186683};-276.524567593313;53.879189851847414
43807;-84.3830939448087;(_a4_ + -(((-(x) + _a5_) * (_a1_ * (-(_a5_) + (_a5_ + (pow2(x) + _a0_)))))));{'d0': {'_a0_': 0.5246546200675788, '_a1_': 3.382518148980944, '_a4_': -1.109386269511114, '_a5_': -0.6245511673788464, '_a2_': 1.0, '_a3_': 1.0, '_a6_': 1.0, '_a7_': 1.0}};{'d0': 0.02488548250186683};-276.524567593313;53.879189851847414
43808;-84.3830939448087;(_a4_ + -(((-(x) + _a5_) * (_a1_ * (-(_a5_) + (_a5_ + (pow2(x) + _a0_)))))));{'d0': {'_a0_': 0.5246546200675788, '_a1_': 3.382518148980944, '_a4_': -1.109386269511114, '_a5_': -0.6245511673788464, '_a2_': 1.0, '_a3_': 1.0, '_a6_': 1.0, '_a7_': 1.0}};{'d0': 0.02488548250186683};-276.524567593313;53.879189851847414
43809;-84.3830939448087;(_a4_ + -(((-(x) + _a5_) * (_a1_ * (-(_a5_) + (_a5_ + (pow2(x) + _a0_)))))));{'d0': {'_a0_': 0.5246546200675788, '_a1_': 3.382518148980944, '_a4_': -1.109386269511114, '_a5_': -0.6245511673788464, '_a2_': 1.0, '_a3_': 1.0, '_a6_': 1.0, '_a7_': 1.0}};{'d0': 0.02488548250186683};-276.524567593313;53.879189851847414
43810;-84.3830939448087;(_a4_ + -(((-(x) + _a5_) * (_a1_ * (-(_a5_) + (_a5_ + (pow2(x) + _a0_)))))));{'d0': {'_a0_': 0.5246546200675788, '_a1_': 3.382518148980944, '_a4_': -1.109386269511114, '_a5_': -0.6245511673788464, '_a2_': 1.0, '_a3_': 1.0, '_a6_': 1.0, '_a7_': 1.0}};{'d0': 0.02488548250186683};-276.524567593313;53.879189851847414
43811;-84.3830939448087;(_a4_ + -(((-(x) + _a5_) * (_a1_ * (-(_a5_) + (_a5_ + (pow2(x) + _a0_)))))));{'d0': {'_a0_': 0.5246546200675788, '_a1_': 3.382518148980944, '_a4_': -1.109386269511114, '_a5_': -0.6245511673788464, '_a2_': 1.0, '_a3_': 1.0, '_a6_': 1.0, '_a7_': 1.0}};{'d0': 0.02488548250186683};-276.524567593313;53.879189851847414
43812;-84.3830939448087;(_a4_ + -(((-(x) + _a5_) * (_a1_ * (-(_a5_) + (_a5_ + (pow2(x) + _a0_)))))));{'d0': {'_a0_': 0.5246546200675788, '_a1_': 3.382518148980944, '_a4_': -1.109386269511114, '_a5_': -0.6245511673788464, '_a2_': 1.0, '_a3_': 1.0, '_a6_': 1.0, '_a7_': 1.0}};{'d0': 0.02488548250186683};-276.524567593313;53.879189851847414
43813;-84.3830939448087;(_a4_ + -(((-(x) + _a5_) * (_a1_ * (-(_a5_) + (_a5_ + (pow2(x) + _a0_)))))));{'d0': {'_a0_': 0.5246546200675788, '_a1_': 3.382518148980944, '_a4_': -1.109386269511114, '_a5_': -0.6245511673788464, '_a2_': 1.0, '_a3_': 1.0, '_a6_': 1.0, '_a7_': 1.0}};{'d0': 0.02488548250186683};-276.524567593313;53.879189851847414
43814;-84.3830939448087;(_a4_ + -(((-(x) + _a5_) * (_a1_ * (-(_a5_) + (_a5_ + (pow2(x) + _a0_)))))));{'d0': {'_a0_': 0.5246546200675788, '_a1_': 3.382518148980944, '_a4_': -1.109386269511114, '_a5_': -0.6245511673788464, '_a2_': 1.0, '_a3_': 1.0, '_a6_': 1.0, '_a7_': 1.0}};{'d0': 0.02488548250186683};-276.524567593313;53.879189851847414
43815;-84.3830939448087;(_a4_ + -(((-(x) + _a5_) * (_a1_ * (-(_a5_) + (_a5_ + (pow2(x) + _a0_)))))));{'d0': {'_a0_': 0.5246546200675788, '_a1_': 3.382518148980944, '_a4_': -1.109386269511114, '_a5_': -0.6245511673788464, '_a2_': 1.0, '_a3_': 1.0, '_a6_': 1.0, '_a7_': 1.0}};{'d0': 0.02488548250186683};-276.524567593313;53.879189851847414
43816;-84.3830939448087;(_a4_ + -(((-(x) + _a5_) * (_a1_ * (-(_a5_) + (_a5_ + (pow2(x) + _a0_)))))));{'d0': {'_a0_': 0.5246546200675788, '_a1_': 3.382518148980944, '_a4_': -1.109386269511114, '_a5_': -0.6245511673788464, '_a2_': 1.0, '_a3_': 1.0, '_a6_': 1.0, '_a7_': 1.0}};{'d0': 0.02488548250186683};-276.524567593313;53.879189851847414
43817;-100.261789951489;((((x + (_a3_ / _a7_)) * (_a4_ * (x + _a3_))) + _a0_) * x);{'d0': {'_a0_': 1.4905437809971827, '_a3_': 0.42603821515692303, '_a4_': 3.3767608778747644, '_a7_': 2.1536466191777377, '_a1_': 1.0, '_a2_': 1.0, '_a5_': 1.0, '_a6_': 1.0}};{'d0': 0.02490583293601307};-276.475521846839;37.97597097193143
43818;-100.261789951489;((((x + (_a3_ / _a7_)) * (_a4_ * (x + _a3_))) + _a0_) * x);{'d0': {'_a0_': 1.4905437809971827, '_a3_': 0.42603821515692303, '_a4_': 3.3767608778747644, '_a7_': 2.1536466191777377, '_a1_': 1.0, '_a2_': 1.0, '_a5_': 1.0, '_a6_': 1.0}};{'d0': 0.02490583293601307};-276.475521846839;37.97597097193143
43819;-100.261789951489;((((x + (_a3_ / _a7_)) * (_a4_ * (x + _a3_))) + _a0_) * x);{'d0': {'_a0_': 1.4905437809971827, '_a3_': 0.42603821515692303, '_a4_': 3.3767608778747644, '_a7_': 2.1536466191777377, '_a1_': 1.0, '_a2_': 1.0, '_a5_': 1.0, '_a6_': 1.0}};{'d0': 0.02490583293601307};-276.475521846839;37.97597097193143
43820;-100.261789951489;((((x + (_a3_ / _a7_)) * (_a4_ * (x + _a3_))) + _a0_) * x);{'d0': {'_a0_': 1.4905437809971827, '_a3_': 0.42603821515692303, '_a4_': 3.3767608778747644, '_a7_': 2.1536466191777377, '_a1_': 1.0, '_a2_': 1.0, '_a5_': 1.0, '_a6_': 1.0}};{'d0': 0.02490583293601307};-276.475521846839;37.97597097193143
43821;-100.261789951489;((((x + (_a3_ / _a7_)) * (_a4_ * (x + _a3_))) + _a0_) * x);{'d0': {'_a0_': 1.4905437809971827, '_a3_': 0.42603821515692303, '_a4_': 3.3767608778747644, '_a7_': 2.1536466191777377, '_a1_': 1.0, '_a2_': 1.0, '_a5_': 1.0, '_a6_': 1.0}};{'d0': 0.02490583293601307};-276.475521846839;37.97597097193143
43822;-100.261789951489;((((x + (_a3_ / _a7_)) * (_a4_ * (x + _a3_))) + _a0_) * x);{'d0': {'_a0_': 1.4905437809971827, '_a3_': 0.42603821515692303, '_a4_': 3.3767608778747644, '_a7_': 2.1536466191777377, '_a1_': 1.0, '_a2_': 1.0, '_a5_': 1.0, '_a6_': 1.0}};{'d0': 0.02490583293601307};-276.475521846839;37.97597097193143
43823;-95.3124500450798;((((x + (_a3_ / _a7_)) * (_a4_ * (x + _a3_))) + _a0_) * (x * _a7_));{'d0': {'_a0_': 0.9278386209207448, '_a3_': 0.38175558550242544, '_a4_': 2.1414924736731473, '_a7_': 1.5768257975988003, '_a1_': 1.0, '_a2_': 1.0, '_a5_': 1.0, '_a6_': 1.0}};{'d0': 0.024905832920199288};-276.475521884936;42.92531089738843
43824;-95.3124500450798;((((x + (_a3_ / _a7_)) * (_a4_ * (x + _a3_))) + _a0_) * (x * _a7_));{'d0': {'_a0_': 0.9278386209207448, '_a3_': 0.38175558550242544, '_a4_': 2.1414924736731473, '_a7_': 1.5768257975988003, '_a1_': 1.0, '_a2_': 1.0, '_a5_': 1.0, '_a6_': 1.0}};{'d0': 0.024905832920199288};-276.475521884936;42.92531089738843
43825;-95.3124500450798;((((x + (_a3_ / _a7_)) * (_a4_ * (x + _a3_))) + _a0_) * (x * _a7_));{'d0': {'_a0_': 0.9278386209207448, '_a3_': 0.38175558550242544, '_a4_': 2.1414924736731473, '_a7_': 1.5768257975988003, '_a1_': 1.0, '_a2_': 1.0, '_a5_': 1.0, '_a6_': 1.0}};{'d0': 0.024905832920199288};-276.475521884936;42.92531089738843
43826;-95.3124500458890;((((x + (_a3_ / _a7_)) * (_a4_ * (x + _a4_))) + _a0_) * (x * _a7_));{'d0': {'_a0_': 0.36687779240816626, '_a3_': -0.20469931562895158, '_a4_': 0.6641182700964224, '_a7_': 5.084577509971324, '_a1_': 1.0, '_a2_': 1.0, '_a5_': 1.0, '_a6_': 1.0}};{'d0': 0.02490583291952753};-276.475521886554;42.92531089738843
43827;-103.571388659998;(x * (pow2((_a3_ + (x * (_a0_ / _a3_)))) + (x / _a2_)));{'d0': {'_a0_': 2.4483071267386864, '_a2_': -0.3584241999199953, '_a3_': -1.3323420747897055, '_a1_': 1.0, '_a4_': 1.0, '_a5_': 1.0, '_a6_': 1.0, '_a7_': 1.0}};{'d0': 0.024905832919416587};-280.569866449044;36.713544564523566
43828;-103.571388659998;(x * (pow2((_a3_ + (x * (_a0_ / _a3_)))) + (x / _a2_)));{'d0': {'_a0_': 2.4483071267386864, '_a2_': -0.3584241999199953, '_a3_': -1.3323420747897055, '_a1_': 1.0, '_a4_': 1.0, '_a5_': 1.0, '_a6_': 1.0, '_a7_': 1.0}};{'d0': 0.024905832919416587};-280.569866449044;36.713544564523566
43829;-103.571388659998;(x * (pow2((_a3_ + (x * (_a0_ / _a3_)))) + (x / _a2_)));{'d0': {'_a0_': 2.4483071267386864, '_a2_': -0.3584241999199953, '_a3_': -1.3323420747897055, '_a1_': 1.0, '_a4_': 1.0, '_a5_': 1.0, '_a6_': 1.0, '_a7_': 1.0}};{'d0': 0.024905832919416587};-280.569866449044;36.713544564523566
43830;-103.571388659998;(x * (pow2((_a3_ + (x * (_a0_ / _a3_)))) + (x / _a2_)));{'d0': {'_a0_': 2.4483071267386864, '_a2_': -0.3584241999199953, '_a3_': -1.3323420747897055, '_a1_': 1.0, '_a4_': 1.0, '_a5_': 1.0, '_a6_': 1.0, '_a7_': 1.0}};{'d0': 0.024905832919416587};-280.569866449044;36.713544564523566
43831;-103.571388659998;(x * (pow2((_a3_ + (x * (_a0_ / _a3_)))) + (x / _a2_)));{'d0': {'_a0_': 2.4483071267386864, '_a2_': -0.3584241999199953, '_a3_': -1.3323420747897055, '_a1_': 1.0, '_a4_': 1.0, '_a5_': 1.0, '_a6_': 1.0, '_a7_': 1.0}};{'d0': 0.024905832919416587};-280.569866449044;36.713544564523566
43832;-103.571388659998;(x * (pow2((_a3_ + (x * (_a0_ / _a3_)))) + (x / _a2_)));{'d0': {'_a0_': 2.4483071267386864, '_a2_': -0.3584241999199953, '_a3_': -1.3323420747897055, '_a1_': 1.0, '_a4_': 1.0, '_a5_': 1.0, '_a6_': 1.0, '_a7_': 1.0}};{'d0': 0.024905832919416587};-280.569866449044;36.713544564523566
43833;-103.571388659998;(x * (pow2((_a3_ + (x * (_a0_ / _a3_)))) + (x / _a2_)));{'d0': {'_a0_': 2.4483071267386864, '_a2_': -0.3584241999199953, '_a3_': -1.3323420747897055, '_a1_': 1.0, '_a4_': 1.0, '_a5_': 1.0, '_a6_': 1.0, '_a7_': 1.0}};{'d0': 0.024905832919416587};-280.569866449044;36.713544564523566
43834;-103.571388659998;(x * (pow2((_a3_ + (x * (_a0_ / _a3_)))) + (x / _a2_)));{'d0': {'_a0_': 2.4483071267386864, '_a2_': -0.3584241999199953, '_a3_': -1.3323420747897055, '_a1_': 1.0, '_a4_': 1.0, '_a5_': 1.0, '_a6_': 1.0, '_a7_': 1.0}};{'d0': 0.024905832919416587};-280.569866449044;36.713544564523566
43835;-103.571388659998;(x * (pow2((_a3_ + (x * (_a0_ / _a3_)))) + (x / _a2_)));{'d0': {'_a0_': 2.4483071267386864, '_a2_': -0.3584241999199953, '_a3_': -1.3323420747897055, '_a1_': 1.0, '_a4_': 1.0, '_a5_': 1.0, '_a6_': 1.0, '_a7_': 1.0}};{'d0': 0.024905832919416587};-280.569866449044;36.713544564523566
43836;-103.571388659998;(x * (pow2((_a3_ + (x * (_a0_ / _a3_)))) + (x / _a2_)));{'d0': {'_a0_': 2.4483071267386864, '_a2_': -0.3584241999199953, '_a3_': -1.3323420747897055, '_a1_': 1.0, '_a4_': 1.0, '_a5_': 1.0, '_a6_': 1.0, '_a7_': 1.0}};{'d0': 0.024905832919416587};-280.569866449044;36.713544564523566
43837;-103.571388659998;(x * (pow2((_a3_ + (x * (_a0_ / _a3_)))) + (x / _a2_)));{'d0': {'_a0_': 2.4483071267386864, '_a2_': -0.3584241999199953, '_a3_': -1.3323420747897055, '_a1_': 1.0, '_a4_': 1.0, '_a5_': 1.0, '_a6_': 1.0, '_a7_': 1.0}};{'d0': 0.024905832919416587};-280.569866449044;36.713544564523566
43838;-103.571388659998;(x * (pow2((_a3_ + (x * (_a0_ / _a3_)))) + (x / _a2_)));{'d0': {'_a0_': 2.4483071267386864, '_a2_': -0.3584241999199953, '_a3_': -1.3323420747897055, '_a1_': 1.0, '_a4_': 1.0, '_a5_': 1.0, '_a6_': 1.0, '_a7_': 1.0}};{'d0': 0.024905832919416587};-280.569866449044;36.713544564523566
43839;-103.571388659998;(x * (pow2((_a3_ + (x * (_a0_ / _a3_)))) + (x / _a2_)));{'d0': {'_a0_': 2.4483071267386864, '_a2_': -0.3584241999199953, '_a3_': -1.3323420747897055, '_a1_': 1.0, '_a4_': 1.0, '_a5_': 1.0, '_a6_': 1.0, '_a7_': 1.0}};{'d0': 0.024905832919416587};-280.569866449044;36.713544564523566
43840;-103.571388659998;(x * (pow2((_a3_ + (x * (_a0_ / _a3_)))) + (x / _a2_)));{'d0': {'_a0_': 2.4483071267386864, '_a2_': -0.3584241999199953, '_a3_': -1.3323420747897055, '_a1_': 1.0, '_a4_': 1.0, '_a5_': 1.0, '_a6_': 1.0, '_a7_': 1.0}};{'d0': 0.024905832919416587};-280.569866449044;36.713544564523566
43841;-103.571388659998;(x * (pow2((_a3_ + (x * (_a0_ / _a3_)))) + (x / _a2_)));{'d0': {'_a0_': 2.4483071267386864, '_a2_': -0.3584241999199953, '_a3_': -1.3323420747897055, '_a1_': 1.0, '_a4_': 1.0, '_a5_': 1.0, '_a6_': 1.0, '_a7_': 1.0}};{'d0': 0.024905832919416587};-280.569866449044;36.713544564523566
43842;-103.571388659998;(x * (pow2((_a3_ + (x * (_a0_ / _a3_)))) + (x / _a2_)));{'d0': {'_a0_': 2.4483071267386864, '_a2_': -0.3584241999199953, '_a3_': -1.3323420747897055, '_a1_': 1.0, '_a4_': 1.0, '_a5_': 1.0, '_a6_': 1.0, '_a7_': 1.0}};{'d0': 0.024905832919416587};-280.569866449044;36.713544564523566
43843;-103.571388659998;(x * (pow2((_a3_ + (x * (_a0_ / _a3_)))) + (x / _a2_)));{'d0': {'_a0_': 2.4483071267386864, '_a2_': -0.3584241999199953, '_a3_': -1.3323420747897055, '_a1_': 1.0, '_a4_': 1.0, '_a5_': 1.0, '_a6_': 1.0, '_a7_': 1.0}};{'d0': 0.024905832919416587};-280.569866449044;36.713544564523566
43844;-104.049279438035;(x * (pow2((_a3_ + (x * log(_a7_)))) + (x / _a2_)));{'d0': {'_a2_': -0.35842419992961266, '_a3_': -1.332342074826581, '_a7_': 0.1591996036661425, '_a0_': 1.0, '_a1_': 1.0, '_a4_': 1.0, '_a5_': 1.0, '_a6_': 1.0}};{'d0': 0.02490583291941666};-280.569866449044;36.23565378648637
43845;-104.049279438035;(x * (pow2((_a3_ + (x * log(_a7_)))) + (x / _a2_)));{'d0': {'_a2_': -0.35842419992961266, '_a3_': -1.332342074826581, '_a7_': 0.1591996036661425, '_a0_': 1.0, '_a1_': 1.0, '_a4_': 1.0, '_a5_': 1.0, '_a6_': 1.0}};{'d0': 0.02490583291941666};-280.569866449044;36.23565378648637
43846;-104.049279438035;(x * (pow2((_a3_ + (x * log(_a7_)))) + (x / _a2_)));{'d0': {'_a2_': -0.35842419992961266, '_a3_': -1.332342074826581, '_a7_': 0.1591996036661425, '_a0_': 1.0, '_a1_': 1.0, '_a4_': 1.0, '_a5_': 1.0, '_a6_': 1.0}};{'d0': 0.02490583291941666};-280.569866449044;36.23565378648637
43847;-103.016681982701;(x * (pow2((_a3_ + (x / log(_a7_)))) + (x / _a2_)));{'d0': {'_a2_': -0.3584241999095273, '_a3_': -1.3323420748650612, '_a7_': 0.5803121622781968, '_a0_': 1.0, '_a1_': 1.0, '_a4_': 1.0, '_a5_': 1.0, '_a6_': 1.0}};{'d0': 0.024905832919416667};-280.569866449044;37.268251241820565
43848;-103.016681982701;(x * (pow2((_a3_ + (x / log(_a7_)))) + (x / _a2_)));{'d0': {'_a2_': -0.3584241999095273, '_a3_': -1.3323420748650612, '_a7_': 0.5803121622781968, '_a0_': 1.0, '_a1_': 1.0, '_a4_': 1.0, '_a5_': 1.0, '_a6_': 1.0}};{'d0': 0.024905832919416667};-280.569866449044;37.268251241820565
43849;-103.016681982701;(x * (pow2((_a3_ + (x / log(_a7_)))) + (x / _a2_)));{'d0': {'_a2_': -0.3584241999095273, '_a3_': -1.3323420748650612, '_a7_': 0.5803121622781968, '_a0_': 1.0, '_a1_': 1.0, '_a4_': 1.0, '_a5_': 1.0, '_a6_': 1.0}};{'d0': 0.024905832919416667};-280.569866449044;37.268251241820565
43850;-103.016681982701;(x * (pow2((_a3_ + (x / log(_a7_)))) + (x / _a2_)));{'d0': {'_a2_': -0.3584241999095273, '_a3_': -1.3323420748650612, '_a7_': 0.5803121622781968, '_a0_': 1.0, '_a1_': 1.0, '_a4_': 1.0, '_a5_': 1.0, '_a6_': 1.0}};{'d0': 0.024905832919416667};-280.569866449044;37.268251241820565
43851;-103.016681982701;(x * (pow2((_a3_ + (x / log(_a7_)))) + (x / _a2_)));{'d0': {'_a2_': -0.3584241999095273, '_a3_': -1.3323420748650612, '_a7_': 0.5803121622781968, '_a0_': 1.0, '_a1_': 1.0, '_a4_': 1.0, '_a5_': 1.0, '_a6_': 1.0}};{'d0': 0.024905832919416667};-280.569866449044;37.268251241820565
43852;-103.016681982701;(x * (pow2((_a3_ + (x / log(_a7_)))) + (x / _a2_)));{'d0': {'_a2_': -0.3584241999095273, '_a3_': -1.3323420748650612, '_a7_': 0.5803121622781968, '_a0_': 1.0, '_a1_': 1.0, '_a4_': 1.0, '_a5_': 1.0, '_a6_': 1.0}};{'d0': 0.024905832919416667};-280.569866449044;37.268251241820565
43853;-103.016681982701;(x * (pow2((_a3_ + (x / log(_a7_)))) + (x / _a2_)));{'d0': {'_a2_': -0.3584241999095273, '_a3_': -1.3323420748650612, '_a7_': 0.5803121622781968, '_a0_': 1.0, '_a1_': 1.0, '_a4_': 1.0, '_a5_': 1.0, '_a6_': 1.0}};{'d0': 0.024905832919416667};-280.569866449044;37.268251241820565
43854;-104.049279438035;(x * (pow2((_a3_ + (x * log(_a7_)))) + (x / _a2_)));{'d0': {'_a2_': -0.35842419992961266, '_a3_': -1.332342074826581, '_a7_': 0.1591996036661425, '_a0_': 1.0, '_a1_': 1.0, '_a4_': 1.0, '_a5_': 1.0, '_a6_': 1.0}};{'d0': 0.02490583291941666};-280.569866449044;36.23565378648637
43855;-104.049279438035;(x * (pow2((_a3_ + (x * log(_a7_)))) + (x / _a2_)));{'d0': {'_a2_': -0.35842419992961266, '_a3_': -1.332342074826581, '_a7_': 0.1591996036661425, '_a0_': 1.0, '_a1_': 1.0, '_a4_': 1.0, '_a5_': 1.0, '_a6_': 1.0}};{'d0': 0.02490583291941666};-280.569866449044;36.23565378648637
43856;-104.049279438035;(x * (pow2((_a3_ + (x * log(_a7_)))) + (x / _a2_)));{'d0': {'_a2_': -0.35842419992961266, '_a3_': -1.332342074826581, '_a7_': 0.1591996036661425, '_a0_': 1.0, '_a1_': 1.0, '_a4_': 1.0, '_a5_': 1.0, '_a6_': 1.0}};{'d0': 0.02490583291941666};-280.569866449044;36.23565378648637
43857;-104.049279438035;(x * (pow2((_a3_ + (x * log(_a7_)))) + (x / _a2_)));{'d0': {'_a2_': -0.35842419992961266, '_a3_': -1.332342074826581, '_a7_': 0.1591996036661425, '_a0_': 1.0, '_a1_': 1.0, '_a4_': 1.0, '_a5_': 1.0, '_a6_': 1.0}};{'d0': 0.02490583291941666};-280.569866449044;36.23565378648637
43858;-104.049279438035;(x * (pow2((_a3_ + (x * log(_a7_)))) + (x / _a2_)));{'d0': {'_a2_': -0.35842419992961266, '_a3_': -1.332342074826581, '_a7_': 0.1591996036661425, '_a0_': 1.0, '_a1_': 1.0, '_a4_': 1.0, '_a5_': 1.0, '_a6_': 1.0}};{'d0': 0.02490583291941666};-280.569866449044;36.23565378648637
43859;-104.049279438035;(x * (pow2((_a3_ + (x * log(_a7_)))) + (x / _a2_)));{'d0': {'_a2_': -0.35842419992961266, '_a3_': -1.332342074826581, '_a7_': 0.1591996036661425, '_a0_': 1.0, '_a1_': 1.0, '_a4_': 1.0, '_a5_': 1.0, '_a6_': 1.0}};{'d0': 0.02490583291941666};-280.569866449044;36.23565378648637
43860;-104.049279438035;(x * (pow2((_a3_ + (x * log(_a7_)))) + (x / _a2_)));{'d0': {'_a2_': -0.35842419992961266, '_a3_': -1.332342074826581, '_a7_': 0.1591996036661425, '_a0_': 1.0, '_a1_': 1.0, '_a4_': 1.0, '_a5_': 1.0, '_a6_': 1.0}};{'d0': 0.02490583291941666};-280.569866449044;36.23565378648637
43861;-104.049279438035;(x * (pow2((_a3_ + (x * log(_a7_)))) + (x / _a2_)));{'d0': {'_a2_': -0.35842419992961266, '_a3_': -1.332342074826581, '_a7_': 0.1591996036661425, '_a0_': 1.0, '_a1_': 1.0, '_a4_': 1.0, '_a5_': 1.0, '_a6_': 1.0}};{'d0': 0.02490583291941666};-280.569866449044;36.23565378648637
43862;-104.049279438035;(x * (pow2((_a3_ + (x * log(_a7_)))) + (x / _a2_)));{'d0': {'_a2_': -0.35842419992961266, '_a3_': -1.332342074826581, '_a7_': 0.1591996036661425, '_a0_': 1.0, '_a1_': 1.0, '_a4_': 1.0, '_a5_': 1.0, '_a6_': 1.0}};{'d0': 0.02490583291941666};-280.569866449044;36.23565378648637
43863;-104.049279438035;(x * (pow2((_a3_ + (x * log(_a7_)))) + (x / _a2_)));{'d0': {'_a2_': -0.35842419992961266, '_a3_': -1.332342074826581, '_a7_': 0.1591996036661425, '_a0_': 1.0, '_a1_': 1.0, '_a4_': 1.0, '_a5_': 1.0, '_a6_': 1.0}};{'d0': 0.02490583291941666};-280.569866449044;36.23565378648637
43864;-104.049279438035;(x * (pow2((_a3_ + (x * log(_a7_)))) + (x / _a2_)));{'d0': {'_a2_': -0.35842419992961266, '_a3_': -1.332342074826581, '_a7_': 0.1591996036661425, '_a0_': 1.0, '_a1_': 1.0, '_a4_': 1.0, '_a5_': 1.0, '_a6_': 1.0}};{'d0': 0.02490583291941666};-280.569866449044;36.23565378648637
43865;-104.049279438035;(x * (pow2((_a3_ + (x * log(_a7_)))) + (x / _a2_)));{'d0': {'_a2_': -0.35842419992961266, '_a3_': -1.332342074826581, '_a7_': 0.1591996036661425, '_a0_': 1.0, '_a1_': 1.0, '_a4_': 1.0, '_a5_': 1.0, '_a6_': 1.0}};{'d0': 0.02490583291941666};-280.569866449044;36.23565378648637
43866;-104.049279438035;(x * (pow2((_a3_ + (x * log(_a7_)))) + (x / _a2_)));{'d0': {'_a2_': -0.35842419992961266, '_a3_': -1.332342074826581, '_a7_': 0.1591996036661425, '_a0_': 1.0, '_a1_': 1.0, '_a4_': 1.0, '_a5_': 1.0, '_a6_': 1.0}};{'d0': 0.02490583291941666};-280.569866449044;36.23565378648637
43867;-104.049279438035;(x * (pow2((_a3_ + (x * log(_a7_)))) + (x / _a2_)));{'d0': {'_a2_': -0.35842419992961266, '_a3_': -1.332342074826581, '_a7_': 0.1591996036661425, '_a0_': 1.0, '_a1_': 1.0, '_a4_': 1.0, '_a5_': 1.0, '_a6_': 1.0}};{'d0': 0.02490583291941666};-280.569866449044;36.23565378648637
43868;-104.049279438035;(x * (pow2((_a3_ + (x * log(_a7_)))) + (x / _a2_)));{'d0': {'_a2_': -0.35842419992961266, '_a3_': -1.332342074826581, '_a7_': 0.1591996036661425, '_a0_': 1.0, '_a1_': 1.0, '_a4_': 1.0, '_a5_': 1.0, '_a6_': 1.0}};{'d0': 0.02490583291941666};-280.569866449044;36.23565378648637
43869;-83.3907561454460;(_a4_ + -(((-(x) + _a5_) * (_a7_ * ((_a0_ / _a4_) + (_a5_ * (pow2(x) / _a0_)))))));{'d0': {'_a0_': 0.6029234227348647, '_a4_': -1.109386269220598, '_a5_': -0.6245511673768587, '_a7_': -3.265384051825039, '_a1_': 1.0, '_a2_': 1.0, '_a3_': 1.0, '_a6_': 1.0}};{'d0': 0.02488548250186682};-276.524567593313;54.871527651210066
43870;-83.3907561454460;(_a4_ + -(((-(x) + _a5_) * (_a7_ * ((_a0_ / _a4_) + (_a5_ * (pow2(x) / _a0_)))))));{'d0': {'_a0_': 0.6029234227348647, '_a4_': -1.109386269220598, '_a5_': -0.6245511673768587, '_a7_': -3.265384051825039, '_a1_': 1.0, '_a2_': 1.0, '_a3_': 1.0, '_a6_': 1.0}};{'d0': 0.02488548250186682};-276.524567593313;54.871527651210066
43871;-83.3907561454460;(_a4_ + -(((-(x) + _a5_) * (_a7_ * ((_a0_ / _a4_) + (_a5_ * (pow2(x) / _a0_)))))));{'d0': {'_a0_': 0.6029234227348647, '_a4_': -1.109386269220598, '_a5_': -0.6245511673768587, '_a7_': -3.265384051825039, '_a1_': 1.0, '_a2_': 1.0, '_a3_': 1.0, '_a6_': 1.0}};{'d0': 0.02488548250186682};-276.524567593313;54.871527651210066
43872;-83.3907561454460;(_a4_ + -(((-(x) + _a5_) * (_a7_ * ((_a0_ / _a4_) + (_a5_ * (pow2(x) / _a0_)))))));{'d0': {'_a0_': 0.6029234227348647, '_a4_': -1.109386269220598, '_a5_': -0.6245511673768587, '_a7_': -3.265384051825039, '_a1_': 1.0, '_a2_': 1.0, '_a3_': 1.0, '_a6_': 1.0}};{'d0': 0.02488548250186682};-276.524567593313;54.871527651210066
43873;-104.049279438035;(x * (pow2((_a3_ + (x * log(_a7_)))) + (x / _a2_)));{'d0': {'_a2_': -0.35842419992961266, '_a3_': -1.332342074826581, '_a7_': 0.1591996036661425, '_a0_': 1.0, '_a1_': 1.0, '_a4_': 1.0, '_a5_': 1.0, '_a6_': 1.0}};{'d0': 0.02490583291941666};-280.569866449044;36.23565378648637
43874;-104.049279438035;(x * (pow2((_a3_ + (x * log(_a7_)))) + (x / _a2_)));{'d0': {'_a2_': -0.35842419992961266, '_a3_': -1.332342074826581, '_a7_': 0.1591996036661425, '_a0_': 1.0, '_a1_': 1.0, '_a4_': 1.0, '_a5_': 1.0, '_a6_': 1.0}};{'d0': 0.02490583291941666};-280.569866449044;36.23565378648637
43875;-104.049279438035;(x * (pow2((_a3_ + (x * log(_a7_)))) + (x / _a2_)));{'d0': {'_a2_': -0.35842419992961266, '_a3_': -1.332342074826581, '_a7_': 0.1591996036661425, '_a0_': 1.0, '_a1_': 1.0, '_a4_': 1.0, '_a5_': 1.0, '_a6_': 1.0}};{'d0': 0.02490583291941666};-280.569866449044;36.23565378648637
43876;-104.049279438035;(x * (pow2((_a3_ + (x * log(_a7_)))) + (x / _a2_)));{'d0': {'_a2_': -0.35842419992961266, '_a3_': -1.332342074826581, '_a7_': 0.1591996036661425, '_a0_': 1.0, '_a1_': 1.0, '_a4_': 1.0, '_a5_': 1.0, '_a6_': 1.0}};{'d0': 0.02490583291941666};-280.569866449044;36.23565378648637
43877;-104.049279438035;(x * (pow2((_a3_ + (x * log(_a7_)))) + (x / _a2_)));{'d0': {'_a2_': -0.35842419992961266, '_a3_': -1.332342074826581, '_a7_': 0.1591996036661425, '_a0_': 1.0, '_a1_': 1.0, '_a4_': 1.0, '_a5_': 1.0, '_a6_': 1.0}};{'d0': 0.02490583291941666};-280.569866449044;36.23565378648637
43878;-104.049279438035;(x * (pow2((_a3_ + (x * log(_a7_)))) + (x / _a2_)));{'d0': {'_a2_': -0.35842419992961266, '_a3_': -1.332342074826581, '_a7_': 0.1591996036661425, '_a0_': 1.0, '_a1_': 1.0, '_a4_': 1.0, '_a5_': 1.0, '_a6_': 1.0}};{'d0': 0.02490583291941666};-280.569866449044;36.23565378648637
43879;-104.049279438035;(x * (pow2((_a3_ + (x * log(_a7_)))) + (x / _a2_)));{'d0': {'_a2_': -0.35842419992961266, '_a3_': -1.332342074826581, '_a7_': 0.1591996036661425, '_a0_': 1.0, '_a1_': 1.0, '_a4_': 1.0, '_a5_': 1.0, '_a6_': 1.0}};{'d0': 0.02490583291941666};-280.569866449044;36.23565378648637
43880;-104.049279438035;(x * (pow2((_a3_ + (x * log(_a7_)))) + (x / _a2_)));{'d0': {'_a2_': -0.35842419992961266, '_a3_': -1.332342074826581, '_a7_': 0.1591996036661425, '_a0_': 1.0, '_a1_': 1.0, '_a4_': 1.0, '_a5_': 1.0, '_a6_': 1.0}};{'d0': 0.02490583291941666};-280.569866449044;36.23565378648637
43881;-104.049279438035;(x * (pow2((_a3_ + (x * log(_a7_)))) + (x / _a2_)));{'d0': {'_a2_': -0.35842419992961266, '_a3_': -1.332342074826581, '_a7_': 0.1591996036661425, '_a0_': 1.0, '_a1_': 1.0, '_a4_': 1.0, '_a5_': 1.0, '_a6_': 1.0}};{'d0': 0.02490583291941666};-280.569866449044;36.23565378648637
43882;-104.531628829010;(x * (pow2((_a3_ + (x * (_a0_ * _a2_)))) + (x / _a2_)));{'d0': {'_a0_': 5.1268761852849005, '_a2_': -0.35842419992644053, '_a3_': -1.3323420748101087, '_a1_': 1.0, '_a4_': 1.0, '_a5_': 1.0, '_a6_': 1.0, '_a7_': 1.0}};{'d0': 0.024905832919416577};-280.569866449044;35.753304395511364
43883;-104.531628829010;(x * (pow2((_a3_ + (x * (_a0_ * _a2_)))) + (x / _a2_)));{'d0': {'_a0_': 5.1268761852849005, '_a2_': -0.35842419992644053, '_a3_': -1.3323420748101087, '_a1_': 1.0, '_a4_': 1.0, '_a5_': 1.0, '_a6_': 1.0, '_a7_': 1.0}};{'d0': 0.024905832919416577};-280.569866449044;35.753304395511364
43884;-104.531628829010;(x * (pow2((_a3_ + (x * (_a0_ * _a2_)))) + (x / _a2_)));{'d0': {'_a0_': 5.1268761852849005, '_a2_': -0.35842419992644053, '_a3_': -1.3323420748101087, '_a1_': 1.0, '_a4_': 1.0, '_a5_': 1.0, '_a6_': 1.0, '_a7_': 1.0}};{'d0': 0.024905832919416577};-280.569866449044;35.753304395511364
43885;-104.531628829010;(x * (pow2((_a3_ + (x * (_a0_ * _a2_)))) + (x / _a2_)));{'d0': {'_a0_': 5.1268761852849005, '_a2_': -0.35842419992644053, '_a3_': -1.3323420748101087, '_a1_': 1.0, '_a4_': 1.0, '_a5_': 1.0, '_a6_': 1.0, '_a7_': 1.0}};{'d0': 0.024905832919416577};-280.569866449044;35.753304395511364
43886;-104.531628829010;(x * (pow2((_a3_ + (x * (_a0_ * _a2_)))) + (x / _a2_)));{'d0': {'_a0_': 5.1268761852849005, '_a2_': -0.35842419992644053, '_a3_': -1.3323420748101087, '_a1_': 1.0, '_a4_': 1.0, '_a5_': 1.0, '_a6_': 1.0, '_a7_': 1.0}};{'d0': 0.024905832919416577};-280.569866449044;35.753304395511364
43887;-104.531628829010;(x * (pow2((_a3_ + (x * (_a0_ * _a2_)))) + (x / _a2_)));{'d0': {'_a0_': 5.1268761852849005, '_a2_': -0.35842419992644053, '_a3_': -1.3323420748101087, '_a1_': 1.0, '_a4_': 1.0, '_a5_': 1.0, '_a6_': 1.0, '_a7_': 1.0}};{'d0': 0.024905832919416577};-280.569866449044;35.753304395511364
43888;-104.531628829010;(x * (pow2((_a3_ + (x * (_a0_ * _a2_)))) + (x / _a2_)));{'d0': {'_a0_': 5.1268761852849005, '_a2_': -0.35842419992644053, '_a3_': -1.3323420748101087, '_a1_': 1.0, '_a4_': 1.0, '_a5_': 1.0, '_a6_': 1.0, '_a7_': 1.0}};{'d0': 0.024905832919416577};-280.569866449044;35.753304395511364
43889;-104.531628829010;(x * (pow2((_a3_ + (x * (_a0_ * _a2_)))) + (x / _a2_)));{'d0': {'_a0_': 5.1268761852849005, '_a2_': -0.35842419992644053, '_a3_': -1.3323420748101087, '_a1_': 1.0, '_a4_': 1.0, '_a5_': 1.0, '_a6_': 1.0, '_a7_': 1.0}};{'d0': 0.024905832919416577};-280.569866449044;35.753304395511364
43890;-104.531628829010;(x * (pow2((_a3_ + (x * (_a0_ * _a2_)))) + (x / _a2_)));{'d0': {'_a0_': 5.1268761852849005, '_a2_': -0.35842419992644053, '_a3_': -1.3323420748101087, '_a1_': 1.0, '_a4_': 1.0, '_a5_': 1.0, '_a6_': 1.0, '_a7_': 1.0}};{'d0': 0.024905832919416577};-280.569866449044;35.753304395511364
43891;-104.531628829010;(x * (pow2((_a3_ + (x * (_a0_ * _a2_)))) + (x / _a2_)));{'d0': {'_a0_': 5.1268761852849005, '_a2_': -0.35842419992644053, '_a3_': -1.3323420748101087, '_a1_': 1.0, '_a4_': 1.0, '_a5_': 1.0, '_a6_': 1.0, '_a7_': 1.0}};{'d0': 0.024905832919416577};-280.569866449044;35.753304395511364
43892;-104.531628829010;(x * (pow2((_a3_ + (x * (_a0_ * _a2_)))) + (x / _a2_)));{'d0': {'_a0_': 5.1268761852849005, '_a2_': -0.35842419992644053, '_a3_': -1.3323420748101087, '_a1_': 1.0, '_a4_': 1.0, '_a5_': 1.0, '_a6_': 1.0, '_a7_': 1.0}};{'d0': 0.024905832919416577};-280.569866449044;35.753304395511364
43893;-104.531628829010;(x * (pow2((_a3_ + (x * (_a0_ * _a2_)))) + (x / _a2_)));{'d0': {'_a0_': 5.1268761852849005, '_a2_': -0.35842419992644053, '_a3_': -1.3323420748101087, '_a1_': 1.0, '_a4_': 1.0, '_a5_': 1.0, '_a6_': 1.0, '_a7_': 1.0}};{'d0': 0.024905832919416577};-280.569866449044;35.753304395511364
43894;-104.531628829010;(x * (pow2((_a3_ + (x * (_a0_ * _a2_)))) + (x / _a2_)));{'d0': {'_a0_': 5.1268761852849005, '_a2_': -0.35842419992644053, '_a3_': -1.3323420748101087, '_a1_': 1.0, '_a4_': 1.0, '_a5_': 1.0, '_a6_': 1.0, '_a7_': 1.0}};{'d0': 0.024905832919416577};-280.569866449044;35.753304395511364
43895;-104.531628829010;(x * (pow2((_a3_ + (x * (_a0_ * _a2_)))) + (x / _a2_)));{'d0': {'_a0_': 5.1268761852849005, '_a2_': -0.35842419992644053, '_a3_': -1.3323420748101087, '_a1_': 1.0, '_a4_': 1.0, '_a5_': 1.0, '_a6_': 1.0, '_a7_': 1.0}};{'d0': 0.024905832919416577};-280.569866449044;35.753304395511364
43896;-104.531628829010;(x * (pow2((_a3_ + (x * (_a0_ * _a2_)))) + (x / _a2_)));{'d0': {'_a0_': 5.1268761852849005, '_a2_': -0.35842419992644053, '_a3_': -1.3323420748101087, '_a1_': 1.0, '_a4_': 1.0, '_a5_': 1.0, '_a6_': 1.0, '_a7_': 1.0}};{'d0': 0.024905832919416577};-280.569866449044;35.753304395511364
43897;-104.531628829010;(x * (pow2((_a3_ + (x * (_a0_ * _a2_)))) + (x / _a2_)));{'d0': {'_a0_': 5.1268761852849005, '_a2_': -0.35842419992644053, '_a3_': -1.3323420748101087, '_a1_': 1.0, '_a4_': 1.0, '_a5_': 1.0, '_a6_': 1.0, '_a7_': 1.0}};{'d0': 0.024905832919416577};-280.569866449044;35.753304395511364
43898;-84.2786390281363;(_a4_ + -(((-(x) + _a5_) * (_a7_ * ((_a0_ * _a4_) + (_a5_ * (pow2(x) / _a0_)))))));{'d0': {'_a0_': 0.5434747474347301, '_a4_': -1.1093862702414161, '_a5_': -0.6245511677155784, '_a7_': -2.943414878469087, '_a1_': 1.0, '_a2_': 1.0, '_a3_': 1.0, '_a6_': 1.0}};{'d0': 0.024885482501866736};-276.524567593313;53.983644768519866
43899;-84.2786390281363;(_a4_ + -(((-(x) + _a5_) * (_a7_ * ((_a0_ * _a4_) + (_a5_ * (pow2(x) / _a0_)))))));{'d0': {'_a0_': 0.5434747474347301, '_a4_': -1.1093862702414161, '_a5_': -0.6245511677155784, '_a7_': -2.943414878469087, '_a1_': 1.0, '_a2_': 1.0, '_a3_': 1.0, '_a6_': 1.0}};{'d0': 0.024885482501866736};-276.524567593313;53.983644768519866
43900;-84.2786390281363;(_a4_ + -(((-(x) + _a5_) * (_a7_ * ((_a0_ * _a4_) + (_a5_ * (pow2(x) / _a0_)))))));{'d0': {'_a0_': 0.5434747474347301, '_a4_': -1.1093862702414161, '_a5_': -0.6245511677155784, '_a7_': -2.943414878469087, '_a1_': 1.0, '_a2_': 1.0, '_a3_': 1.0, '_a6_': 1.0}};{'d0': 0.024885482501866736};-276.524567593313;53.983644768519866
43901;-84.2786390281363;(_a4_ + -(((-(x) + _a5_) * (_a7_ * ((_a0_ * _a4_) + (_a5_ * (pow2(x) / _a0_)))))));{'d0': {'_a0_': 0.5434747474347301, '_a4_': -1.1093862702414161, '_a5_': -0.6245511677155784, '_a7_': -2.943414878469087, '_a1_': 1.0, '_a2_': 1.0, '_a3_': 1.0, '_a6_': 1.0}};{'d0': 0.024885482501866736};-276.524567593313;53.983644768519866
43902;-84.2786390281363;(_a4_ + -(((-(x) + _a5_) * (_a7_ * ((_a0_ * _a4_) + (_a5_ * (pow2(x) / _a0_)))))));{'d0': {'_a0_': 0.5434747474347301, '_a4_': -1.1093862702414161, '_a5_': -0.6245511677155784, '_a7_': -2.943414878469087, '_a1_': 1.0, '_a2_': 1.0, '_a3_': 1.0, '_a6_': 1.0}};{'d0': 0.024885482501866736};-276.524567593313;53.983644768519866
43903;-84.2786390281363;(_a4_ + -(((-(x) + _a5_) * (_a7_ * ((_a0_ * _a4_) + (_a5_ * (pow2(x) / _a0_)))))));{'d0': {'_a0_': 0.5434747474347301, '_a4_': -1.1093862702414161, '_a5_': -0.6245511677155784, '_a7_': -2.943414878469087, '_a1_': 1.0, '_a2_': 1.0, '_a3_': 1.0, '_a6_': 1.0}};{'d0': 0.024885482501866736};-276.524567593313;53.983644768519866
43904;-84.2786390281363;(_a4_ + -(((-(x) + _a5_) * (_a7_ * ((_a0_ * _a4_) + (_a5_ * (pow2(x) / _a0_)))))));{'d0': {'_a0_': 0.5434747474347301, '_a4_': -1.1093862702414161, '_a5_': -0.6245511677155784, '_a7_': -2.943414878469087, '_a1_': 1.0, '_a2_': 1.0, '_a3_': 1.0, '_a6_': 1.0}};{'d0': 0.024885482501866736};-276.524567593313;53.983644768519866
43905;-104.531628829010;(x * (pow2((_a3_ + (x * (_a0_ * _a2_)))) + (x / _a2_)));{'d0': {'_a0_': 5.1268761852849005, '_a2_': -0.35842419992644053, '_a3_': -1.3323420748101087, '_a1_': 1.0, '_a4_': 1.0, '_a5_': 1.0, '_a6_': 1.0, '_a7_': 1.0}};{'d0': 0.024905832919416577};-280.569866449044;35.753304395511364
43906;-104.531628829010;(x * (pow2((_a3_ + (x * (_a0_ * _a2_)))) + (x / _a2_)));{'d0': {'_a0_': 5.1268761852849005, '_a2_': -0.35842419992644053, '_a3_': -1.3323420748101087, '_a1_': 1.0, '_a4_': 1.0, '_a5_': 1.0, '_a6_': 1.0, '_a7_': 1.0}};{'d0': 0.024905832919416577};-280.569866449044;35.753304395511364
43907;-104.531628829010;(x * (pow2((_a3_ + (x * (_a5_ * _a2_)))) + (x / _a2_)));{'d0': {'_a2_': -0.3584241999225547, '_a3_': -1.3323420747808155, '_a5_': 5.126876186014363, '_a0_': 1.0, '_a1_': 1.0, '_a4_': 1.0, '_a6_': 1.0, '_a7_': 1.0}};{'d0': 0.024905832919416587};-280.569866449044;35.753304395511364
43908;-104.531628829010;(x * (pow2((_a3_ + (x * (_a5_ * _a2_)))) + (x / _a2_)));{'d0': {'_a2_': -0.3584241999225547, '_a3_': -1.3323420747808155, '_a5_': 5.126876186014363, '_a0_': 1.0, '_a1_': 1.0, '_a4_': 1.0, '_a6_': 1.0, '_a7_': 1.0}};{'d0': 0.024905832919416587};-280.569866449044;35.753304395511364
43909;-104.531628829010;(x * (pow2((_a3_ + (x * (_a5_ * _a2_)))) + (x / _a2_)));{'d0': {'_a2_': -0.3584241999225547, '_a3_': -1.3323420747808155, '_a5_': 5.126876186014363, '_a0_': 1.0, '_a1_': 1.0, '_a4_': 1.0, '_a6_': 1.0, '_a7_': 1.0}};{'d0': 0.024905832919416587};-280.569866449044;35.753304395511364
43910;-104.531628829010;(x * (pow2((_a3_ + (x * (_a5_ * _a2_)))) + (x / _a2_)));{'d0': {'_a2_': -0.3584241999225547, '_a3_': -1.3323420747808155, '_a5_': 5.126876186014363, '_a0_': 1.0, '_a1_': 1.0, '_a4_': 1.0, '_a6_': 1.0, '_a7_': 1.0}};{'d0': 0.024905832919416587};-280.569866449044;35.753304395511364
43911;-104.604801153755;(x * (pow2((_a3_ + (x * (_a5_ * _a2_)))) + -(_a1_)));{'d0': {'_a1_': -1.4465760889718073, '_a2_': -0.33342475256391185, '_a3_': -0.5732009375375332, '_a5_': 5.51127773199576, '_a0_': 1.0, '_a4_': 1.0, '_a6_': 1.0, '_a7_': 1.0}};{'d0': 0.024905832919654623};-276.475521886248;33.63295978936935
43912;-104.604801153755;(x * (pow2((_a3_ + (x * (_a5_ * _a2_)))) + -(_a1_)));{'d0': {'_a1_': -1.4465760889718073, '_a2_': -0.33342475256391185, '_a3_': -0.5732009375375332, '_a5_': 5.51127773199576, '_a0_': 1.0, '_a4_': 1.0, '_a6_': 1.0, '_a7_': 1.0}};{'d0': 0.024905832919654623};-276.475521886248;33.63295978936935
43913;-84.2786390281363;(_a4_ + -(((-(x) + _a5_) * (_a7_ * ((_a0_ * _a4_) + (_a5_ * (pow2(x) / _a0_)))))));{'d0': {'_a0_': 0.5434747474347301, '_a4_': -1.1093862702414161, '_a5_': -0.6245511677155784, '_a7_': -2.943414878469087, '_a1_': 1.0, '_a2_': 1.0, '_a3_': 1.0, '_a6_': 1.0}};{'d0': 0.024885482501866736};-276.524567593313;53.983644768519866
43914;-84.2786390281363;(_a4_ + -(((-(x) + _a5_) * (_a7_ * ((_a0_ * _a4_) + (_a5_ * (pow2(x) / _a0_)))))));{'d0': {'_a0_': 0.5434747474347301, '_a4_': -1.1093862702414161, '_a5_': -0.6245511677155784, '_a7_': -2.943414878469087, '_a1_': 1.0, '_a2_': 1.0, '_a3_': 1.0, '_a6_': 1.0}};{'d0': 0.024885482501866736};-276.524567593313;53.983644768519866
43915;-84.2786390281363;(_a4_ + -(((-(x) + _a5_) * (_a7_ * ((_a0_ * _a4_) + (_a5_ * (pow2(x) / _a0_)))))));{'d0': {'_a0_': 0.5434747474347301, '_a4_': -1.1093862702414161, '_a5_': -0.6245511677155784, '_a7_': -2.943414878469087, '_a1_': 1.0, '_a2_': 1.0, '_a3_': 1.0, '_a6_': 1.0}};{'d0': 0.024885482501866736};-276.524567593313;53.983644768519866
43916;-84.2786390281363;(_a4_ + -(((-(x) + _a5_) * (_a7_ * ((_a0_ * _a4_) + (_a5_ * (pow2(x) / _a0_)))))));{'d0': {'_a0_': 0.5434747474347301, '_a4_': -1.1093862702414161, '_a5_': -0.6245511677155784, '_a7_': -2.943414878469087, '_a1_': 1.0, '_a2_': 1.0, '_a3_': 1.0, '_a6_': 1.0}};{'d0': 0.024885482501866736};-276.524567593313;53.983644768519866
43917;-84.2786390281363;(_a4_ + -(((-(x) + _a5_) * (_a7_ * ((_a0_ * _a4_) + (_a5_ * (pow2(x) / _a0_)))))));{'d0': {'_a0_': 0.5434747474347301, '_a4_': -1.1093862702414161, '_a5_': -0.6245511677155784, '_a7_': -2.943414878469087, '_a1_': 1.0, '_a2_': 1.0, '_a3_': 1.0, '_a6_': 1.0}};{'d0': 0.024885482501866736};-276.524567593313;53.983644768519866
43918;-84.2786390281363;(_a4_ + -(((-(x) + _a5_) * (_a7_ * ((_a0_ * _a4_) + (_a5_ * (pow2(x) / _a0_)))))));{'d0': {'_a0_': 0.5434747474347301, '_a4_': -1.1093862702414161, '_a5_': -0.6245511677155784, '_a7_': -2.943414878469087, '_a1_': 1.0, '_a2_': 1.0, '_a3_': 1.0, '_a6_': 1.0}};{'d0': 0.024885482501866736};-276.524567593313;53.983644768519866
43919;-84.2786390281363;(_a4_ + -(((-(x) + _a5_) * (_a7_ * ((_a0_ * _a4_) + (_a5_ * (pow2(x) / _a0_)))))));{'d0': {'_a0_': 0.5434747474347301, '_a4_': -1.1093862702414161, '_a5_': -0.6245511677155784, '_a7_': -2.943414878469087, '_a1_': 1.0, '_a2_': 1.0, '_a3_': 1.0, '_a6_': 1.0}};{'d0': 0.024885482501866736};-276.524567593313;53.983644768519866
43920;-84.2786390281363;(_a4_ + -(((-(x) + _a5_) * (_a7_ * ((_a0_ * _a4_) + (_a5_ * (pow2(x) / _a0_)))))));{'d0': {'_a0_': 0.5434747474347301, '_a4_': -1.1093862702414161, '_a5_': -0.6245511677155784, '_a7_': -2.943414878469087, '_a1_': 1.0, '_a2_': 1.0, '_a3_': 1.0, '_a6_': 1.0}};{'d0': 0.024885482501866736};-276.524567593313;53.983644768519866
43921;-84.2786390281363;(_a4_ + -(((-(x) + _a5_) * (_a7_ * ((_a0_ * _a4_) + (_a5_ * (pow2(x) / _a0_)))))));{'d0': {'_a0_': 0.5434747474347301, '_a4_': -1.1093862702414161, '_a5_': -0.6245511677155784, '_a7_': -2.943414878469087, '_a1_': 1.0, '_a2_': 1.0, '_a3_': 1.0, '_a6_': 1.0}};{'d0': 0.024885482501866736};-276.524567593313;53.983644768519866
43922;-84.2786390281363;(_a4_ + -(((-(x) + _a5_) * (_a7_ * ((_a0_ * _a4_) + (_a5_ * (pow2(x) / _a0_)))))));{'d0': {'_a0_': 0.5434747474347301, '_a4_': -1.1093862702414161, '_a5_': -0.6245511677155784, '_a7_': -2.943414878469087, '_a1_': 1.0, '_a2_': 1.0, '_a3_': 1.0, '_a6_': 1.0}};{'d0': 0.024885482501866736};-276.524567593313;53.983644768519866
43923;-84.2786390281363;(_a4_ + -(((-(x) + _a5_) * (_a7_ * ((_a0_ * _a4_) + (_a5_ * (pow2(x) / _a0_)))))));{'d0': {'_a0_': 0.5434747474347301, '_a4_': -1.1093862702414161, '_a5_': -0.6245511677155784, '_a7_': -2.943414878469087, '_a1_': 1.0, '_a2_': 1.0, '_a3_': 1.0, '_a6_': 1.0}};{'d0': 0.024885482501866736};-276.524567593313;53.983644768519866
43924;-84.2786390281363;(_a4_ + -(((-(x) + _a5_) * (_a7_ * ((_a0_ * _a4_) + (_a5_ * (pow2(x) / _a0_)))))));{'d0': {'_a0_': 0.5434747474347301, '_a4_': -1.1093862702414161, '_a5_': -0.6245511677155784, '_a7_': -2.943414878469087, '_a1_': 1.0, '_a2_': 1.0, '_a3_': 1.0, '_a6_': 1.0}};{'d0': 0.024885482501866736};-276.524567593313;53.983644768519866
43925;-84.2786390281363;(_a4_ + -(((-(x) + _a5_) * (_a7_ * ((_a0_ * _a4_) + (_a5_ * (pow2(x) / _a0_)))))));{'d0': {'_a0_': 0.5434747474347301, '_a4_': -1.1093862702414161, '_a5_': -0.6245511677155784, '_a7_': -2.943414878469087, '_a1_': 1.0, '_a2_': 1.0, '_a3_': 1.0, '_a6_': 1.0}};{'d0': 0.024885482501866736};-276.524567593313;53.983644768519866
43926;-84.2786390281363;(_a4_ + -(((-(x) + _a5_) * (_a7_ * ((_a0_ * _a4_) + (_a5_ * (pow2(x) / _a0_)))))));{'d0': {'_a0_': 0.5434747474347301, '_a4_': -1.1093862702414161, '_a5_': -0.6245511677155784, '_a7_': -2.943414878469087, '_a1_': 1.0, '_a2_': 1.0, '_a3_': 1.0, '_a6_': 1.0}};{'d0': 0.024885482501866736};-276.524567593313;53.983644768519866
43927;-84.2786390281363;(_a4_ + -(((-(x) + _a5_) * (_a7_ * ((_a0_ * _a4_) + (_a5_ * (pow2(x) / _a0_)))))));{'d0': {'_a0_': 0.5434747474347301, '_a4_': -1.1093862702414161, '_a5_': -0.6245511677155784, '_a7_': -2.943414878469087, '_a1_': 1.0, '_a2_': 1.0, '_a3_': 1.0, '_a6_': 1.0}};{'d0': 0.024885482501866736};-276.524567593313;53.983644768519866
43928;-84.2786390281363;(_a4_ + -(((-(x) + _a5_) * (_a7_ * ((_a0_ * _a4_) + (_a5_ * (pow2(x) / _a0_)))))));{'d0': {'_a0_': 0.5434747474347301, '_a4_': -1.1093862702414161, '_a5_': -0.6245511677155784, '_a7_': -2.943414878469087, '_a1_': 1.0, '_a2_': 1.0, '_a3_': 1.0, '_a6_': 1.0}};{'d0': 0.024885482501866736};-276.524567593313;53.983644768519866
43929;-84.2786390281362;(_a4_ + -(((-(x) + _a5_) * (_a7_ * ((_a0_ * _a4_) + (_a4_ * (pow2(x) / _a0_)))))));{'d0': {'_a0_': 0.724330462929062, '_a4_': -1.1093862693547192, '_a5_': -0.624551167397651, '_a7_': -2.2084832003125987, '_a1_': 1.0, '_a2_': 1.0, '_a3_': 1.0, '_a6_': 1.0}};{'d0': 0.02488548250186685};-276.524567593312;53.983644768519866
43930;-84.2786390281362;(_a4_ + -(((-(x) + _a5_) * (_a7_ * ((_a0_ * _a4_) + (_a4_ * (pow2(x) / _a0_)))))));{'d0': {'_a0_': 0.724330462929062, '_a4_': -1.1093862693547192, '_a5_': -0.624551167397651, '_a7_': -2.2084832003125987, '_a1_': 1.0, '_a2_': 1.0, '_a3_': 1.0, '_a6_': 1.0}};{'d0': 0.02488548250186685};-276.524567593312;53.983644768519866
43931;-84.2786390281362;(_a4_ + -(((-(x) + _a5_) * (_a7_ * ((_a0_ * _a4_) + (_a4_ * (pow2(x) / _a0_)))))));{'d0': {'_a0_': 0.724330462929062, '_a4_': -1.1093862693547192, '_a5_': -0.624551167397651, '_a7_': -2.2084832003125987, '_a1_': 1.0, '_a2_': 1.0, '_a3_': 1.0, '_a6_': 1.0}};{'d0': 0.02488548250186685};-276.524567593312;53.983644768519866
43932;-84.2786390281362;(_a4_ + -(((-(x) + _a5_) * (_a7_ * ((_a0_ * _a4_) + (_a4_ * (pow2(x) / _a0_)))))));{'d0': {'_a0_': 0.724330462929062, '_a4_': -1.1093862693547192, '_a5_': -0.624551167397651, '_a7_': -2.2084832003125987, '_a1_': 1.0, '_a2_': 1.0, '_a3_': 1.0, '_a6_': 1.0}};{'d0': 0.02488548250186685};-276.524567593312;53.983644768519866
43933;-84.2786390281362;(_a4_ + -(((-(x) + _a5_) * (_a7_ * ((_a0_ * _a4_) + (_a4_ * (pow2(x) / _a0_)))))));{'d0': {'_a0_': 0.724330462929062, '_a4_': -1.1093862693547192, '_a5_': -0.624551167397651, '_a7_': -2.2084832003125987, '_a1_': 1.0, '_a2_': 1.0, '_a3_': 1.0, '_a6_': 1.0}};{'d0': 0.02488548250186685};-276.524567593312;53.983644768519866
43934;-84.2786390281362;(_a4_ + -(((-(x) + _a5_) * (_a7_ * ((_a0_ * _a4_) + (_a4_ * (pow2(x) / _a0_)))))));{'d0': {'_a0_': 0.724330462929062, '_a4_': -1.1093862693547192, '_a5_': -0.624551167397651, '_a7_': -2.2084832003125987, '_a1_': 1.0, '_a2_': 1.0, '_a3_': 1.0, '_a6_': 1.0}};{'d0': 0.02488548250186685};-276.524567593312;53.983644768519866
43935;-84.2786390281362;(_a4_ + -(((-(x) + _a5_) * (_a7_ * ((_a0_ * _a5_) + (_a4_ * (pow2(x) / _a0_)))))));{'d0': {'_a0_': 0.9653707402160799, '_a4_': -1.10938626844082, '_a5_': -0.6245511671003956, '_a7_': -2.9434148803668405, '_a1_': 1.0, '_a2_': 1.0, '_a3_': 1.0, '_a6_': 1.0}};{'d0': 0.024885482501866805};-276.524567593313;53.983644768519866
43936;-84.2786390281362;(_a4_ + -(((-(x) + _a5_) * (_a7_ * ((_a0_ * _a5_) + (_a4_ * (pow2(x) / _a0_)))))));{'d0': {'_a0_': 0.9653707402160799, '_a4_': -1.10938626844082, '_a5_': -0.6245511671003956, '_a7_': -2.9434148803668405, '_a1_': 1.0, '_a2_': 1.0, '_a3_': 1.0, '_a6_': 1.0}};{'d0': 0.024885482501866805};-276.524567593313;53.983644768519866
43937;-84.2786390281362;(_a4_ + -(((-(x) + _a5_) * (_a7_ * ((_a0_ * _a5_) + (_a4_ * (pow2(x) / _a0_)))))));{'d0': {'_a0_': 0.9653707402160799, '_a4_': -1.10938626844082, '_a5_': -0.6245511671003956, '_a7_': -2.9434148803668405, '_a1_': 1.0, '_a2_': 1.0, '_a3_': 1.0, '_a6_': 1.0}};{'d0': 0.024885482501866805};-276.524567593313;53.983644768519866
43938;-84.2786390281362;(_a4_ + -(((-(x) + _a5_) * (_a7_ * ((_a0_ * _a5_) + (_a4_ * (pow2(x) / _a0_)))))));{'d0': {'_a0_': 0.9653707402160799, '_a4_': -1.10938626844082, '_a5_': -0.6245511671003956, '_a7_': -2.9434148803668405, '_a1_': 1.0, '_a2_': 1.0, '_a3_': 1.0, '_a6_': 1.0}};{'d0': 0.024885482501866805};-276.524567593313;53.983644768519866
43939;-84.2786390281362;(_a4_ + -(((-(x) + _a5_) * (_a7_ * ((_a0_ * _a5_) + (_a4_ * (pow2(x) / _a0_)))))));{'d0': {'_a0_': 0.9653707402160799, '_a4_': -1.10938626844082, '_a5_': -0.6245511671003956, '_a7_': -2.9434148803668405, '_a1_': 1.0, '_a2_': 1.0, '_a3_': 1.0, '_a6_': 1.0}};{'d0': 0.024885482501866805};-276.524567593313;53.983644768519866
43940;-84.2786390281362;(_a4_ + -(((-(x) + _a5_) * (_a7_ * ((_a0_ * _a5_) + (_a4_ * (pow2(x) / _a0_)))))));{'d0': {'_a0_': 0.9653707402160799, '_a4_': -1.10938626844082, '_a5_': -0.6245511671003956, '_a7_': -2.9434148803668405, '_a1_': 1.0, '_a2_': 1.0, '_a3_': 1.0, '_a6_': 1.0}};{'d0': 0.024885482501866805};-276.524567593313;53.983644768519866
43941;-106.651973435152;(x * (pow2((_a3_ + (x * (_a5_ * _a2_)))) + -(_a5_)));{'d0': {'_a2_': -1.2703075269858841, '_a3_': 0.5732009377545995, '_a5_': -1.4465760895266109, '_a0_': 1.0, '_a1_': 1.0, '_a4_': 1.0, '_a6_': 1.0, '_a7_': 1.0}};{'d0': 0.024905832919416622};-280.569866449044;33.63295978936935
43942;-106.651973435152;(x * (pow2((_a3_ + (x * (_a5_ * _a2_)))) + -(_a5_)));{'d0': {'_a2_': -1.2703075269858841, '_a3_': 0.5732009377545995, '_a5_': -1.4465760895266109, '_a0_': 1.0, '_a1_': 1.0, '_a4_': 1.0, '_a6_': 1.0, '_a7_': 1.0}};{'d0': 0.024905832919416622};-280.569866449044;33.63295978936935
43943;-106.651973435152;(x * (pow2((_a3_ + (x * (_a5_ * _a2_)))) + -(_a5_)));{'d0': {'_a2_': -1.2703075269858841, '_a3_': 0.5732009377545995, '_a5_': -1.4465760895266109, '_a0_': 1.0, '_a1_': 1.0, '_a4_': 1.0, '_a6_': 1.0, '_a7_': 1.0}};{'d0': 0.024905832919416622};-280.569866449044;33.63295978936935
43944;-106.651973435152;(x * (pow2((_a3_ + (x * (_a5_ * _a2_)))) + -(_a5_)));{'d0': {'_a2_': -1.2703075269858841, '_a3_': 0.5732009377545995, '_a5_': -1.4465760895266109, '_a0_': 1.0, '_a1_': 1.0, '_a4_': 1.0, '_a6_': 1.0, '_a7_': 1.0}};{'d0': 0.024905832919416622};-280.569866449044;33.63295978936935
43945;-106.651973435152;(x * (pow2((_a3_ + (x * (_a5_ * _a2_)))) + -(_a5_)));{'d0': {'_a2_': -1.2703075269858841, '_a3_': 0.5732009377545995, '_a5_': -1.4465760895266109, '_a0_': 1.0, '_a1_': 1.0, '_a4_': 1.0, '_a6_': 1.0, '_a7_': 1.0}};{'d0': 0.024905832919416622};-280.569866449044;33.63295978936935
43946;-106.651973435152;(x * (pow2((_a3_ + (x * (_a5_ * _a2_)))) + -(_a5_)));{'d0': {'_a2_': -1.2703075269858841, '_a3_': 0.5732009377545995, '_a5_': -1.4465760895266109, '_a0_': 1.0, '_a1_': 1.0, '_a4_': 1.0, '_a6_': 1.0, '_a7_': 1.0}};{'d0': 0.024905832919416622};-280.569866449044;33.63295978936935
43947;-106.651973435152;(x * (pow2((_a3_ + (x * (_a5_ * _a2_)))) + -(_a5_)));{'d0': {'_a2_': -1.2703075269858841, '_a3_': 0.5732009377545995, '_a5_': -1.4465760895266109, '_a0_': 1.0, '_a1_': 1.0, '_a4_': 1.0, '_a6_': 1.0, '_a7_': 1.0}};{'d0': 0.024905832919416622};-280.569866449044;33.63295978936935
43948;-106.651973435152;(x * (pow2((_a3_ + (x * (_a5_ * _a2_)))) + -(_a5_)));{'d0': {'_a2_': -1.2703075269858841, '_a3_': 0.5732009377545995, '_a5_': -1.4465760895266109, '_a0_': 1.0, '_a1_': 1.0, '_a4_': 1.0, '_a6_': 1.0, '_a7_': 1.0}};{'d0': 0.024905832919416622};-280.569866449044;33.63295978936935
43949;-106.651973435152;(x * (pow2((_a3_ + (x * (_a5_ * _a2_)))) + -(_a5_)));{'d0': {'_a2_': -1.2703075269858841, '_a3_': 0.5732009377545995, '_a5_': -1.4465760895266109, '_a0_': 1.0, '_a1_': 1.0, '_a4_': 1.0, '_a6_': 1.0, '_a7_': 1.0}};{'d0': 0.024905832919416622};-280.569866449044;33.63295978936935
43950;-106.651973435152;(x * (pow2((_a3_ + (x * (_a5_ * _a2_)))) + -(_a5_)));{'d0': {'_a2_': -1.2703075269858841, '_a3_': 0.5732009377545995, '_a5_': -1.4465760895266109, '_a0_': 1.0, '_a1_': 1.0, '_a4_': 1.0, '_a6_': 1.0, '_a7_': 1.0}};{'d0': 0.024905832919416622};-280.569866449044;33.63295978936935
43951;-106.651973435152;(x * (pow2((_a3_ + (x * (_a5_ * _a2_)))) + -(_a5_)));{'d0': {'_a2_': -1.2703075269858841, '_a3_': 0.5732009377545995, '_a5_': -1.4465760895266109, '_a0_': 1.0, '_a1_': 1.0, '_a4_': 1.0, '_a6_': 1.0, '_a7_': 1.0}};{'d0': 0.024905832919416622};-280.569866449044;33.63295978936935
43952;-106.651973435152;(x * (pow2((_a3_ + (x * (_a5_ * _a2_)))) + -(_a5_)));{'d0': {'_a2_': -1.2703075269858841, '_a3_': 0.5732009377545995, '_a5_': -1.4465760895266109, '_a0_': 1.0, '_a1_': 1.0, '_a4_': 1.0, '_a6_': 1.0, '_a7_': 1.0}};{'d0': 0.024905832919416622};-280.569866449044;33.63295978936935
43953;-106.651973435152;(x * (pow2((_a3_ + (x * (_a5_ * _a2_)))) + -(_a5_)));{'d0': {'_a2_': -1.2703075269858841, '_a3_': 0.5732009377545995, '_a5_': -1.4465760895266109, '_a0_': 1.0, '_a1_': 1.0, '_a4_': 1.0, '_a6_': 1.0, '_a7_': 1.0}};{'d0': 0.024905832919416622};-280.569866449044;33.63295978936935
43954;-106.651973435152;(x * (pow2((_a3_ + (x * (_a5_ * _a2_)))) + -(_a5_)));{'d0': {'_a2_': -1.2703075269858841, '_a3_': 0.5732009377545995, '_a5_': -1.4465760895266109, '_a0_': 1.0, '_a1_': 1.0, '_a4_': 1.0, '_a6_': 1.0, '_a7_': 1.0}};{'d0': 0.024905832919416622};-280.569866449044;33.63295978936935
43955;-106.651973435152;(x * (pow2((_a3_ + (x * (_a5_ * _a2_)))) + -(_a5_)));{'d0': {'_a2_': -1.2703075269858841, '_a3_': 0.5732009377545995, '_a5_': -1.4465760895266109, '_a0_': 1.0, '_a1_': 1.0, '_a4_': 1.0, '_a6_': 1.0, '_a7_': 1.0}};{'d0': 0.024905832919416622};-280.569866449044;33.63295978936935
43956;-106.651973435152;(x * (pow2((_a3_ + (x * (_a5_ * _a2_)))) + -(_a5_)));{'d0': {'_a2_': -1.2703075269858841, '_a3_': 0.5732009377545995, '_a5_': -1.4465760895266109, '_a0_': 1.0, '_a1_': 1.0, '_a4_': 1.0, '_a6_': 1.0, '_a7_': 1.0}};{'d0': 0.024905832919416622};-280.569866449044;33.63295978936935
43957;-106.651973435152;(x * (pow2((_a3_ + (x * (_a5_ * _a2_)))) + -(_a5_)));{'d0': {'_a2_': -1.2703075269858841, '_a3_': 0.5732009377545995, '_a5_': -1.4465760895266109, '_a0_': 1.0, '_a1_': 1.0, '_a4_': 1.0, '_a6_': 1.0, '_a7_': 1.0}};{'d0': 0.024905832919416622};-280.569866449044;33.63295978936935
43958;-106.651973435152;(x * (pow2((_a3_ + (x * (_a5_ * _a2_)))) + -(_a5_)));{'d0': {'_a2_': -1.2703075269858841, '_a3_': 0.5732009377545995, '_a5_': -1.4465760895266109, '_a0_': 1.0, '_a1_': 1.0, '_a4_': 1.0, '_a6_': 1.0, '_a7_': 1.0}};{'d0': 0.024905832919416622};-280.569866449044;33.63295978936935
43959;-106.651973435152;(x * (pow2((_a3_ + (x * (_a5_ * _a2_)))) + -(_a5_)));{'d0': {'_a2_': -1.2703075269858841, '_a3_': 0.5732009377545995, '_a5_': -1.4465760895266109, '_a0_': 1.0, '_a1_': 1.0, '_a4_': 1.0, '_a6_': 1.0, '_a7_': 1.0}};{'d0': 0.024905832919416622};-280.569866449044;33.63295978936935
43960;-106.651973435152;(x * (pow2((_a3_ + (x * (_a5_ * _a2_)))) + -(_a5_)));{'d0': {'_a2_': -1.2703075269858841, '_a3_': 0.5732009377545995, '_a5_': -1.4465760895266109, '_a0_': 1.0, '_a1_': 1.0, '_a4_': 1.0, '_a6_': 1.0, '_a7_': 1.0}};{'d0': 0.024905832919416622};-280.569866449044;33.63295978936935
43961;-106.651973435152;(x * (pow2((_a3_ + (x * (_a5_ * _a2_)))) + -(_a5_)));{'d0': {'_a2_': -1.2703075269858841, '_a3_': 0.5732009377545995, '_a5_': -1.4465760895266109, '_a0_': 1.0, '_a1_': 1.0, '_a4_': 1.0, '_a6_': 1.0, '_a7_': 1.0}};{'d0': 0.024905832919416622};-280.569866449044;33.63295978936935
43962;-106.651973435152;(x * (pow2((_a3_ + (x * (_a5_ * _a2_)))) + -(_a5_)));{'d0': {'_a2_': -1.2703075269858841, '_a3_': 0.5732009377545995, '_a5_': -1.4465760895266109, '_a0_': 1.0, '_a1_': 1.0, '_a4_': 1.0, '_a6_': 1.0, '_a7_': 1.0}};{'d0': 0.024905832919416622};-280.569866449044;33.63295978936935
43963;-106.651973435152;(x * (pow2((_a3_ + (x * (_a5_ * _a2_)))) + -(_a5_)));{'d0': {'_a2_': -1.2703075269858841, '_a3_': 0.5732009377545995, '_a5_': -1.4465760895266109, '_a0_': 1.0, '_a1_': 1.0, '_a4_': 1.0, '_a6_': 1.0, '_a7_': 1.0}};{'d0': 0.024905832919416622};-280.569866449044;33.63295978936935
43964;-106.651973435152;(x * (pow2((_a3_ + (x * (_a5_ * _a2_)))) + -(_a5_)));{'d0': {'_a2_': -1.2703075269858841, '_a3_': 0.5732009377545995, '_a5_': -1.4465760895266109, '_a0_': 1.0, '_a1_': 1.0, '_a4_': 1.0, '_a6_': 1.0, '_a7_': 1.0}};{'d0': 0.024905832919416622};-280.569866449044;33.63295978936935
43965;-106.651973435152;(x * (pow2((_a3_ + (x * (_a5_ * _a2_)))) + -(_a5_)));{'d0': {'_a2_': -1.2703075269858841, '_a3_': 0.5732009377545995, '_a5_': -1.4465760895266109, '_a0_': 1.0, '_a1_': 1.0, '_a4_': 1.0, '_a6_': 1.0, '_a7_': 1.0}};{'d0': 0.024905832919416622};-280.569866449044;33.63295978936935
43966;-106.651973435152;(x * (pow2((_a3_ + (x * (_a5_ * _a2_)))) + -(_a5_)));{'d0': {'_a2_': -1.2703075269858841, '_a3_': 0.5732009377545995, '_a5_': -1.4465760895266109, '_a0_': 1.0, '_a1_': 1.0, '_a4_': 1.0, '_a6_': 1.0, '_a7_': 1.0}};{'d0': 0.024905832919416622};-280.569866449044;33.63295978936935
43967;-106.651973435152;(x * (pow2((_a3_ + (x * (_a5_ * _a2_)))) + -(_a5_)));{'d0': {'_a2_': -1.2703075269858841, '_a3_': 0.5732009377545995, '_a5_': -1.4465760895266109, '_a0_': 1.0, '_a1_': 1.0, '_a4_': 1.0, '_a6_': 1.0, '_a7_': 1.0}};{'d0': 0.024905832919416622};-280.569866449044;33.63295978936935
43968;-106.651973435152;(x * (pow2((_a3_ + (x * (_a5_ * _a2_)))) + -(_a5_)));{'d0': {'_a2_': -1.2703075269858841, '_a3_': 0.5732009377545995, '_a5_': -1.4465760895266109, '_a0_': 1.0, '_a1_': 1.0, '_a4_': 1.0, '_a6_': 1.0, '_a7_': 1.0}};{'d0': 0.024905832919416622};-280.569866449044;33.63295978936935
43969;-106.651973435152;(x * (pow2((_a3_ + (x * (_a5_ * _a2_)))) + -(_a5_)));{'d0': {'_a2_': -1.2703075269858841, '_a3_': 0.5732009377545995, '_a5_': -1.4465760895266109, '_a0_': 1.0, '_a1_': 1.0, '_a4_': 1.0, '_a6_': 1.0, '_a7_': 1.0}};{'d0': 0.024905832919416622};-280.569866449044;33.63295978936935
43970;-106.651973435152;(x * (pow2((_a1_ + (x * (_a5_ * _a2_)))) + -(_a5_)));{'d0': {'_a1_': 0.5732009376413143, '_a2_': -1.2703075268886321, '_a5_': -1.4465760895418935, '_a0_': 1.0, '_a3_': 1.0, '_a4_': 1.0, '_a6_': 1.0, '_a7_': 1.0}};{'d0': 0.02490583291941661};-280.569866449044;33.63295978936935
43971;-106.651973435152;(x * (pow2((_a1_ + (x * (_a5_ * _a2_)))) + -(_a5_)));{'d0': {'_a1_': 0.5732009376413143, '_a2_': -1.2703075268886321, '_a5_': -1.4465760895418935, '_a0_': 1.0, '_a3_': 1.0, '_a4_': 1.0, '_a6_': 1.0, '_a7_': 1.0}};{'d0': 0.02490583291941661};-280.569866449044;33.63295978936935
43972;-106.651973435152;(x * (pow2((_a1_ + (x * (_a5_ * _a2_)))) + -(_a5_)));{'d0': {'_a1_': 0.5732009376413143, '_a2_': -1.2703075268886321, '_a5_': -1.4465760895418935, '_a0_': 1.0, '_a3_': 1.0, '_a4_': 1.0, '_a6_': 1.0, '_a7_': 1.0}};{'d0': 0.02490583291941661};-280.569866449044;33.63295978936935
43973;-100.261789724850;(((_a3_ / _a5_) + ((_a0_ + x) * x)) * ((_a6_ * x) + _a3_));{'d0': {'_a0_': 0.623859410599256, '_a3_': 9.772884360523706e-09, '_a5_': 1.859051966881226e-08, '_a6_': 3.37676084702294, '_a1_': 1.0, '_a2_': 1.0, '_a4_': 1.0, '_a7_': 1.0}};{'d0': 0.024905833124166853};-276.475521393563;37.9759709719315
43974;-100.261789724850;(((_a3_ / _a5_) + ((_a0_ + x) * x)) * ((_a6_ * x) + _a3_));{'d0': {'_a0_': 0.623859410599256, '_a3_': 9.772884360523706e-09, '_a5_': 1.859051966881226e-08, '_a6_': 3.37676084702294, '_a1_': 1.0, '_a2_': 1.0, '_a4_': 1.0, '_a7_': 1.0}};{'d0': 0.024905833124166853};-276.475521393563;37.9759709719315
43975;-100.261789724850;(((_a3_ / _a5_) + ((_a0_ + x) * x)) * ((_a6_ * x) + _a3_));{'d0': {'_a0_': 0.623859410599256, '_a3_': 9.772884360523706e-09, '_a5_': 1.859051966881226e-08, '_a6_': 3.37676084702294, '_a1_': 1.0, '_a2_': 1.0, '_a4_': 1.0, '_a7_': 1.0}};{'d0': 0.024905833124166853};-276.475521393563;37.9759709719315
43976;-100.261789724850;(((_a3_ / _a5_) + ((_a0_ + x) * x)) * ((_a6_ * x) + _a3_));{'d0': {'_a0_': 0.623859410599256, '_a3_': 9.772884360523706e-09, '_a5_': 1.859051966881226e-08, '_a6_': 3.37676084702294, '_a1_': 1.0, '_a2_': 1.0, '_a4_': 1.0, '_a7_': 1.0}};{'d0': 0.024905833124166853};-276.475521393563;37.9759709719315
43977;-100.261789724850;(((_a3_ / _a5_) + ((_a0_ + x) * x)) * ((_a6_ * x) + _a3_));{'d0': {'_a0_': 0.623859410599256, '_a3_': 9.772884360523706e-09, '_a5_': 1.859051966881226e-08, '_a6_': 3.37676084702294, '_a1_': 1.0, '_a2_': 1.0, '_a4_': 1.0, '_a7_': 1.0}};{'d0': 0.024905833124166853};-276.475521393563;37.9759709719315
43978;-100.261789724850;(((_a3_ / _a5_) + ((_a0_ + x) * x)) * ((_a6_ * x) + _a3_));{'d0': {'_a0_': 0.623859410599256, '_a3_': 9.772884360523706e-09, '_a5_': 1.859051966881226e-08, '_a6_': 3.37676084702294, '_a1_': 1.0, '_a2_': 1.0, '_a4_': 1.0, '_a7_': 1.0}};{'d0': 0.024905833124166853};-276.475521393563;37.9759709719315
43979;-100.261789724850;(((_a3_ / _a5_) + ((_a0_ + x) * x)) * ((_a6_ * x) + _a3_));{'d0': {'_a0_': 0.623859410599256, '_a3_': 9.772884360523706e-09, '_a5_': 1.859051966881226e-08, '_a6_': 3.37676084702294, '_a1_': 1.0, '_a2_': 1.0, '_a4_': 1.0, '_a7_': 1.0}};{'d0': 0.024905833124166853};-276.475521393563;37.9759709719315
43980;-100.261789724850;(((_a3_ / _a5_) + ((_a0_ + x) * x)) * ((_a6_ * x) + _a3_));{'d0': {'_a0_': 0.623859410599256, '_a3_': 9.772884360523706e-09, '_a5_': 1.859051966881226e-08, '_a6_': 3.37676084702294, '_a1_': 1.0, '_a2_': 1.0, '_a4_': 1.0, '_a7_': 1.0}};{'d0': 0.024905833124166853};-276.475521393563;37.9759709719315
43981;-100.261789724850;(((_a3_ / _a5_) + ((_a0_ + x) * x)) * ((_a6_ * x) + _a3_));{'d0': {'_a0_': 0.623859410599256, '_a3_': 9.772884360523706e-09, '_a5_': 1.859051966881226e-08, '_a6_': 3.37676084702294, '_a1_': 1.0, '_a2_': 1.0, '_a4_': 1.0, '_a7_': 1.0}};{'d0': 0.024905833124166853};-276.475521393563;37.9759709719315
43982;-100.261789724850;(((_a3_ / _a5_) + ((_a0_ + x) * x)) * ((_a6_ * x) + _a3_));{'d0': {'_a0_': 0.623859410599256, '_a3_': 9.772884360523706e-09, '_a5_': 1.859051966881226e-08, '_a6_': 3.37676084702294, '_a1_': 1.0, '_a2_': 1.0, '_a4_': 1.0, '_a7_': 1.0}};{'d0': 0.024905833124166853};-276.475521393563;37.9759709719315
43983;-100.261789724850;(((_a3_ / _a5_) + ((_a0_ + x) * x)) * ((_a6_ * x) + _a3_));{'d0': {'_a0_': 0.623859410599256, '_a3_': 9.772884360523706e-09, '_a5_': 1.859051966881226e-08, '_a6_': 3.37676084702294, '_a1_': 1.0, '_a2_': 1.0, '_a4_': 1.0, '_a7_': 1.0}};{'d0': 0.024905833124166853};-276.475521393563;37.9759709719315
43984;-100.261789724850;(((_a3_ / _a5_) + ((_a0_ + x) * x)) * ((_a6_ * x) + _a3_));{'d0': {'_a0_': 0.623859410599256, '_a3_': 9.772884360523706e-09, '_a5_': 1.859051966881226e-08, '_a6_': 3.37676084702294, '_a1_': 1.0, '_a2_': 1.0, '_a4_': 1.0, '_a7_': 1.0}};{'d0': 0.024905833124166853};-276.475521393563;37.9759709719315
43985;-100.261789724850;(((_a3_ / _a5_) + ((_a0_ + x) * x)) * ((_a6_ * x) + _a3_));{'d0': {'_a0_': 0.623859410599256, '_a3_': 9.772884360523706e-09, '_a5_': 1.859051966881226e-08, '_a6_': 3.37676084702294, '_a1_': 1.0, '_a2_': 1.0, '_a4_': 1.0, '_a7_': 1.0}};{'d0': 0.024905833124166853};-276.475521393563;37.9759709719315
43986;-100.261789724850;(((_a3_ / _a5_) + ((_a0_ + x) * x)) * ((_a6_ * x) + _a3_));{'d0': {'_a0_': 0.623859410599256, '_a3_': 9.772884360523706e-09, '_a5_': 1.859051966881226e-08, '_a6_': 3.37676084702294, '_a1_': 1.0, '_a2_': 1.0, '_a4_': 1.0, '_a7_': 1.0}};{'d0': 0.024905833124166853};-276.475521393563;37.9759709719315
43987;-100.261789724850;(((_a3_ / _a5_) + ((_a0_ + x) * x)) * ((_a6_ * x) + _a3_));{'d0': {'_a0_': 0.623859410599256, '_a3_': 9.772884360523706e-09, '_a5_': 1.859051966881226e-08, '_a6_': 3.37676084702294, '_a1_': 1.0, '_a2_': 1.0, '_a4_': 1.0, '_a7_': 1.0}};{'d0': 0.024905833124166853};-276.475521393563;37.9759709719315
43988;-100.261789724850;(((_a3_ / _a5_) + ((_a0_ + x) * x)) * ((_a6_ * x) + _a3_));{'d0': {'_a0_': 0.623859410599256, '_a3_': 9.772884360523706e-09, '_a5_': 1.859051966881226e-08, '_a6_': 3.37676084702294, '_a1_': 1.0, '_a2_': 1.0, '_a4_': 1.0, '_a7_': 1.0}};{'d0': 0.024905833124166853};-276.475521393563;37.9759709719315
43989;-100.261789724850;(((_a3_ / _a5_) + ((_a0_ + x) * x)) * ((_a6_ * x) + _a3_));{'d0': {'_a0_': 0.623859410599256, '_a3_': 9.772884360523706e-09, '_a5_': 1.859051966881226e-08, '_a6_': 3.37676084702294, '_a1_': 1.0, '_a2_': 1.0, '_a4_': 1.0, '_a7_': 1.0}};{'d0': 0.024905833124166853};-276.475521393563;37.9759709719315
43990;-100.261789724850;(((_a3_ / _a5_) + ((_a0_ + x) * x)) * ((_a6_ * x) + _a3_));{'d0': {'_a0_': 0.623859410599256, '_a3_': 9.772884360523706e-09, '_a5_': 1.859051966881226e-08, '_a6_': 3.37676084702294, '_a1_': 1.0, '_a2_': 1.0, '_a4_': 1.0, '_a7_': 1.0}};{'d0': 0.024905833124166853};-276.475521393563;37.9759709719315
43991;-100.261789724850;(((_a3_ / _a5_) + ((_a0_ + x) * x)) * ((_a6_ * x) + _a3_));{'d0': {'_a0_': 0.623859410599256, '_a3_': 9.772884360523706e-09, '_a5_': 1.859051966881226e-08, '_a6_': 3.37676084702294, '_a1_': 1.0, '_a2_': 1.0, '_a4_': 1.0, '_a7_': 1.0}};{'d0': 0.024905833124166853};-276.475521393563;37.9759709719315
43992;-106.651973435152;(x * (pow2((_a1_ + (x * (_a5_ * _a2_)))) + -(_a5_)));{'d0': {'_a1_': 0.5732009376413143, '_a2_': -1.2703075268886321, '_a5_': -1.4465760895418935, '_a0_': 1.0, '_a3_': 1.0, '_a4_': 1.0, '_a6_': 1.0, '_a7_': 1.0}};{'d0': 0.02490583291941661};-280.569866449044;33.63295978936935
43993;-106.651973435152;(x * (pow2((_a1_ + (x * (_a5_ * _a2_)))) + -(_a5_)));{'d0': {'_a1_': 0.5732009376413143, '_a2_': -1.2703075268886321, '_a5_': -1.4465760895418935, '_a0_': 1.0, '_a3_': 1.0, '_a4_': 1.0, '_a6_': 1.0, '_a7_': 1.0}};{'d0': 0.02490583291941661};-280.569866449044;33.63295978936935
43994;-106.651973435152;(x * (pow2((_a1_ + (x * (_a5_ * _a2_)))) + -(_a5_)));{'d0': {'_a1_': 0.5732009376413143, '_a2_': -1.2703075268886321, '_a5_': -1.4465760895418935, '_a0_': 1.0, '_a3_': 1.0, '_a4_': 1.0, '_a6_': 1.0, '_a7_': 1.0}};{'d0': 0.02490583291941661};-280.569866449044;33.63295978936935
43995;-100.261789724850;(((_a3_ / _a5_) + ((_a0_ + x) * x)) * ((_a6_ * x) + _a3_));{'d0': {'_a0_': 0.623859410599256, '_a3_': 9.772884360523706e-09, '_a5_': 1.859051966881226e-08, '_a6_': 3.37676084702294, '_a1_': 1.0, '_a2_': 1.0, '_a4_': 1.0, '_a7_': 1.0}};{'d0': 0.024905833124166853};-276.475521393563;37.9759709719315
43996;-98.2391405435175;(((_a1_ / _a5_) + ((_a0_ + x) * x)) * ((_a6_ * x) + _a3_));{'d0': {'_a0_': 0.6251279581992278, '_a1_': 1.926425119342498e-06, '_a3_': -0.001950876983868612, '_a5_': 3.6692755277558884e-06, '_a6_': 3.3825184685744167, '_a2_': 1.0, '_a4_': 1.0, '_a7_': 1.0}};{'d0': 0.024885482501946707};-272.430223030898;37.9759709719315
43997;-98.2391405435175;(((_a1_ / _a5_) + ((_a0_ + x) * x)) * ((_a6_ * x) + _a3_));{'d0': {'_a0_': 0.6251279581992278, '_a1_': 1.926425119342498e-06, '_a3_': -0.001950876983868612, '_a5_': 3.6692755277558884e-06, '_a6_': 3.3825184685744167, '_a2_': 1.0, '_a4_': 1.0, '_a7_': 1.0}};{'d0': 0.024885482501946707};-272.430223030898;37.9759709719315
43998;-98.2391405435175;(((_a1_ / _a5_) + ((_a0_ + x) * x)) * ((_a6_ * x) + _a3_));{'d0': {'_a0_': 0.6251279581992278, '_a1_': 1.926425119342498e-06, '_a3_': -0.001950876983868612, '_a5_': 3.6692755277558884e-06, '_a6_': 3.3825184685744167, '_a2_': 1.0, '_a4_': 1.0, '_a7_': 1.0}};{'d0': 0.024885482501946707};-272.430223030898;37.9759709719315
43999;-98.2391405435175;(((_a1_ / _a5_) + ((_a0_ + x) * x)) * ((_a6_ * x) + _a3_));{'d0': {'_a0_': 0.6251279581992278, '_a1_': 1.926425119342498e-06, '_a3_': -0.001950876983868612, '_a5_': 3.6692755277558884e-06, '_a6_': 3.3825184685744167, '_a2_': 1.0, '_a4_': 1.0, '_a7_': 1.0}};{'d0': 0.024885482501946707};-272.430223030898;37.9759709719315
44000;-98.2391405435175;(((_a1_ / _a5_) + ((_a0_ + x) * x)) * ((_a6_ * x) + _a3_));{'d0': {'_a0_': 0.6251279581992278, '_a1_': 1.926425119342498e-06, '_a3_': -0.001950876983868612, '_a5_': 3.6692755277558884e-06, '_a6_': 3.3825184685744167, '_a2_': 1.0, '_a4_': 1.0, '_a7_': 1.0}};{'d0': 0.024885482501946707};-272.430223030898;37.9759709719315
44001;-98.2391405435175;(((_a1_ / _a5_) + ((_a0_ + x) * x)) * ((_a6_ * x) + _a3_));{'d0': {'_a0_': 0.6251279581992278, '_a1_': 1.926425119342498e-06, '_a3_': -0.001950876983868612, '_a5_': 3.6692755277558884e-06, '_a6_': 3.3825184685744167, '_a2_': 1.0, '_a4_': 1.0, '_a7_': 1.0}};{'d0': 0.024885482501946707};-272.430223030898;37.9759709719315
44002;-98.2391405435175;(((_a1_ / _a5_) + ((_a0_ + x) * x)) * ((_a6_ * x) + _a3_));{'d0': {'_a0_': 0.6251279581992278, '_a1_': 1.926425119342498e-06, '_a3_': -0.001950876983868612, '_a5_': 3.6692755277558884e-06, '_a6_': 3.3825184685744167, '_a2_': 1.0, '_a4_': 1.0, '_a7_': 1.0}};{'d0': 0.024885482501946707};-272.430223030898;37.9759709719315
44003;-98.2391405435175;(((_a1_ / _a5_) + ((_a0_ + x) * x)) * ((_a6_ * x) + _a3_));{'d0': {'_a0_': 0.6251279581992278, '_a1_': 1.926425119342498e-06, '_a3_': -0.001950876983868612, '_a5_': 3.6692755277558884e-06, '_a6_': 3.3825184685744167, '_a2_': 1.0, '_a4_': 1.0, '_a7_': 1.0}};{'d0': 0.024885482501946707};-272.430223030898;37.9759709719315
44004;-98.2391405435175;(((_a1_ / _a5_) + ((_a0_ + x) * x)) * ((_a6_ * x) + _a3_));{'d0': {'_a0_': 0.6251279581992278, '_a1_': 1.926425119342498e-06, '_a3_': -0.001950876983868612, '_a5_': 3.6692755277558884e-06, '_a6_': 3.3825184685744167, '_a2_': 1.0, '_a4_': 1.0, '_a7_': 1.0}};{'d0': 0.024885482501946707};-272.430223030898;37.9759709719315
44005;-98.2391405435175;(((_a1_ / _a5_) + ((_a0_ + x) * x)) * ((_a6_ * x) + _a3_));{'d0': {'_a0_': 0.6251279581992278, '_a1_': 1.926425119342498e-06, '_a3_': -0.001950876983868612, '_a5_': 3.6692755277558884e-06, '_a6_': 3.3825184685744167, '_a2_': 1.0, '_a4_': 1.0, '_a7_': 1.0}};{'d0': 0.024885482501946707};-272.430223030898;37.9759709719315
44006;-98.2391405435175;(((_a1_ / _a5_) + ((_a0_ + x) * x)) * ((_a6_ * x) + _a3_));{'d0': {'_a0_': 0.6251279581992278, '_a1_': 1.926425119342498e-06, '_a3_': -0.001950876983868612, '_a5_': 3.6692755277558884e-06, '_a6_': 3.3825184685744167, '_a2_': 1.0, '_a4_': 1.0, '_a7_': 1.0}};{'d0': 0.024885482501946707};-272.430223030898;37.9759709719315
44007;-86.1371882622879;(_a4_ + -(((-(x) + _a5_) * (x + (_a7_ + (_a6_ * (pow2(x) / _a0_)))))));{'d0': {'_a0_': -34.079129423736944, '_a4_': -0.4765476025581417, '_a5_': -0.3289134334871159, '_a6_': -115.27328440957854, '_a7_': 1.445740340636163, '_a1_': 1.0, '_a2_': 1.0, '_a3_': 1.0}};{'d0': 0.024885482502115114};-272.430223030492;50.077923252957866
44008;-86.1371882622879;(_a4_ + -(((-(x) + _a5_) * (x + (_a7_ + (_a6_ * (pow2(x) / _a0_)))))));{'d0': {'_a0_': -34.079129423736944, '_a4_': -0.4765476025581417, '_a5_': -0.3289134334871159, '_a6_': -115.27328440957854, '_a7_': 1.445740340636163, '_a1_': 1.0, '_a2_': 1.0, '_a3_': 1.0}};{'d0': 0.024885482502115114};-272.430223030492;50.077923252957866
44009;-86.1371881913745;(_a4_ + -(((-(x) + _a5_) * (_a4_ + (_a7_ + (_a6_ * (pow2(x) / _a0_)))))));{'d0': {'_a0_': -1294.3723702015668, '_a4_': -1.1093862636456386, '_a5_': -0.6245511654512644, '_a6_': -4378.227009426881, '_a7_': 2.8840400352460844, '_a1_': 1.0, '_a2_': 1.0, '_a3_': 1.0}};{'d0': 0.02488548256093886};-272.430222888665;50.077923252957866
44010;-86.1371881913745;(_a4_ + -(((-(x) + _a5_) * (_a4_ + (_a7_ + (_a6_ * (pow2(x) / _a0_)))))));{'d0': {'_a0_': -1294.3723702015668, '_a4_': -1.1093862636456386, '_a5_': -0.6245511654512644, '_a6_': -4378.227009426881, '_a7_': 2.8840400352460844, '_a1_': 1.0, '_a2_': 1.0, '_a3_': 1.0}};{'d0': 0.02488548256093886};-272.430222888665;50.077923252957866
44011;-86.1371881913745;(_a4_ + -(((-(x) + _a5_) * (_a4_ + (_a7_ + (_a6_ * (pow2(x) / _a0_)))))));{'d0': {'_a0_': -1294.3723702015668, '_a4_': -1.1093862636456386, '_a5_': -0.6245511654512644, '_a6_': -4378.227009426881, '_a7_': 2.8840400352460844, '_a1_': 1.0, '_a2_': 1.0, '_a3_': 1.0}};{'d0': 0.02488548256093886};-272.430222888665;50.077923252957866
44012;-86.1371881913745;(_a4_ + -(((-(x) + _a5_) * (_a4_ + (_a7_ + (_a6_ * (pow2(x) / _a0_)))))));{'d0': {'_a0_': -1294.3723702015668, '_a4_': -1.1093862636456386, '_a5_': -0.6245511654512644, '_a6_': -4378.227009426881, '_a7_': 2.8840400352460844, '_a1_': 1.0, '_a2_': 1.0, '_a3_': 1.0}};{'d0': 0.02488548256093886};-272.430222888665;50.077923252957866
44013;-86.1371881913745;(_a4_ + -(((-(x) + _a5_) * (_a4_ + (_a7_ + (_a6_ * (pow2(x) / _a0_)))))));{'d0': {'_a0_': -1294.3723702015668, '_a4_': -1.1093862636456386, '_a5_': -0.6245511654512644, '_a6_': -4378.227009426881, '_a7_': 2.8840400352460844, '_a1_': 1.0, '_a2_': 1.0, '_a3_': 1.0}};{'d0': 0.02488548256093886};-272.430222888665;50.077923252957866
44014;-86.1371881913745;(_a4_ + -(((-(x) + _a5_) * (_a4_ + (_a7_ + (_a6_ * (pow2(x) / _a0_)))))));{'d0': {'_a0_': -1294.3723702015668, '_a4_': -1.1093862636456386, '_a5_': -0.6245511654512644, '_a6_': -4378.227009426881, '_a7_': 2.8840400352460844, '_a1_': 1.0, '_a2_': 1.0, '_a3_': 1.0}};{'d0': 0.02488548256093886};-272.430222888665;50.077923252957866
44015;-86.1371881913745;(_a4_ + -(((-(x) + _a5_) * (_a4_ + (_a7_ + (_a6_ * (pow2(x) / _a0_)))))));{'d0': {'_a0_': -1294.3723702015668, '_a4_': -1.1093862636456386, '_a5_': -0.6245511654512644, '_a6_': -4378.227009426881, '_a7_': 2.8840400352460844, '_a1_': 1.0, '_a2_': 1.0, '_a3_': 1.0}};{'d0': 0.02488548256093886};-272.430222888665;50.077923252957866
44016;-86.1371881913745;(_a4_ + -(((-(x) + _a5_) * (_a4_ + (_a7_ + (_a6_ * (pow2(x) / _a0_)))))));{'d0': {'_a0_': -1294.3723702015668, '_a4_': -1.1093862636456386, '_a5_': -0.6245511654512644, '_a6_': -4378.227009426881, '_a7_': 2.8840400352460844, '_a1_': 1.0, '_a2_': 1.0, '_a3_': 1.0}};{'d0': 0.02488548256093886};-272.430222888665;50.077923252957866
44017;-86.1371881913745;(_a4_ + -(((-(x) + _a5_) * (_a4_ + (_a7_ + (_a6_ * (pow2(x) / _a0_)))))));{'d0': {'_a0_': -1294.3723702015668, '_a4_': -1.1093862636456386, '_a5_': -0.6245511654512644, '_a6_': -4378.227009426881, '_a7_': 2.8840400352460844, '_a1_': 1.0, '_a2_': 1.0, '_a3_': 1.0}};{'d0': 0.02488548256093886};-272.430222888665;50.077923252957866
44018;-86.1371881913745;(_a4_ + -(((-(x) + _a5_) * (_a4_ + (_a7_ + (_a6_ * (pow2(x) / _a0_)))))));{'d0': {'_a0_': -1294.3723702015668, '_a4_': -1.1093862636456386, '_a5_': -0.6245511654512644, '_a6_': -4378.227009426881, '_a7_': 2.8840400352460844, '_a1_': 1.0, '_a2_': 1.0, '_a3_': 1.0}};{'d0': 0.02488548256093886};-272.430222888665;50.077923252957866
44019;-86.1371881913745;(_a4_ + -(((-(x) + _a5_) * (_a4_ + (_a7_ + (_a6_ * (pow2(x) / _a0_)))))));{'d0': {'_a0_': -1294.3723702015668, '_a4_': -1.1093862636456386, '_a5_': -0.6245511654512644, '_a6_': -4378.227009426881, '_a7_': 2.8840400352460844, '_a1_': 1.0, '_a2_': 1.0, '_a3_': 1.0}};{'d0': 0.02488548256093886};-272.430222888665;50.077923252957866
44020;-86.1371881913745;(_a4_ + -(((-(x) + _a5_) * (_a4_ + (_a7_ + (_a6_ * (pow2(x) / _a0_)))))));{'d0': {'_a0_': -1294.3723702015668, '_a4_': -1.1093862636456386, '_a5_': -0.6245511654512644, '_a6_': -4378.227009426881, '_a7_': 2.8840400352460844, '_a1_': 1.0, '_a2_': 1.0, '_a3_': 1.0}};{'d0': 0.02488548256093886};-272.430222888665;50.077923252957866
44021;-86.1371881913745;(_a4_ + -(((-(x) + _a5_) * (_a4_ + (_a7_ + (_a6_ * (pow2(x) / _a0_)))))));{'d0': {'_a0_': -1294.3723702015668, '_a4_': -1.1093862636456386, '_a5_': -0.6245511654512644, '_a6_': -4378.227009426881, '_a7_': 2.8840400352460844, '_a1_': 1.0, '_a2_': 1.0, '_a3_': 1.0}};{'d0': 0.02488548256093886};-272.430222888665;50.077923252957866
44022;-81.2602056215910;(_a4_ + -(((-(x) + _a5_) * (_a4_ + ((_a1_ * _a5_) + (_a6_ * (pow2(x) / _a0_)))))));{'d0': {'_a0_': -1910590.1420364864, '_a1_': -4.617780242457844, '_a4_': -1.1093862707709203, '_a5_': -0.6245511679953223, '_a6_': -6462603.216368801, '_a2_': 1.0, '_a3_': 1.0, '_a7_': 1.0}};{'d0': 0.02488548250341066};-272.430223027368;54.95490589209287
44023;-81.2602056215910;(_a4_ + -(((-(x) + _a5_) * (_a4_ + ((_a1_ * _a5_) + (_a6_ * (pow2(x) / _a0_)))))));{'d0': {'_a0_': -1910590.1420364864, '_a1_': -4.617780242457844, '_a4_': -1.1093862707709203, '_a5_': -0.6245511679953223, '_a6_': -6462603.216368801, '_a2_': 1.0, '_a3_': 1.0, '_a7_': 1.0}};{'d0': 0.02488548250341066};-272.430223027368;54.95490589209287
44024;-81.2602056215910;(_a4_ + -(((-(x) + _a5_) * (_a4_ + ((_a1_ * _a5_) + (_a6_ * (pow2(x) / _a0_)))))));{'d0': {'_a0_': -1910590.1420364864, '_a1_': -4.617780242457844, '_a4_': -1.1093862707709203, '_a5_': -0.6245511679953223, '_a6_': -6462603.216368801, '_a2_': 1.0, '_a3_': 1.0, '_a7_': 1.0}};{'d0': 0.02488548250341066};-272.430223027368;54.95490589209287
44025;-81.2602056215910;(_a4_ + -(((-(x) + _a5_) * (_a4_ + ((_a1_ * _a5_) + (_a6_ * (pow2(x) / _a0_)))))));{'d0': {'_a0_': -1910590.1420364864, '_a1_': -4.617780242457844, '_a4_': -1.1093862707709203, '_a5_': -0.6245511679953223, '_a6_': -6462603.216368801, '_a2_': 1.0, '_a3_': 1.0, '_a7_': 1.0}};{'d0': 0.02488548250341066};-272.430223027368;54.95490589209287
44026;-81.2602056215910;(_a4_ + -(((-(x) + _a5_) * (_a4_ + ((_a1_ * _a5_) + (_a6_ * (pow2(x) / _a0_)))))));{'d0': {'_a0_': -1910590.1420364864, '_a1_': -4.617780242457844, '_a4_': -1.1093862707709203, '_a5_': -0.6245511679953223, '_a6_': -6462603.216368801, '_a2_': 1.0, '_a3_': 1.0, '_a7_': 1.0}};{'d0': 0.02488548250341066};-272.430223027368;54.95490589209287
44027;-81.2602056215910;(_a4_ + -(((-(x) + _a5_) * (_a4_ + ((_a1_ * _a5_) + (_a6_ * (pow2(x) / _a0_)))))));{'d0': {'_a0_': -1910590.1420364864, '_a1_': -4.617780242457844, '_a4_': -1.1093862707709203, '_a5_': -0.6245511679953223, '_a6_': -6462603.216368801, '_a2_': 1.0, '_a3_': 1.0, '_a7_': 1.0}};{'d0': 0.02488548250341066};-272.430223027368;54.95490589209287
44028;-81.2602056215910;(_a4_ + -(((-(x) + _a5_) * (_a4_ + ((_a1_ * _a5_) + (_a6_ * (pow2(x) / _a0_)))))));{'d0': {'_a0_': -1910590.1420364864, '_a1_': -4.617780242457844, '_a4_': -1.1093862707709203, '_a5_': -0.6245511679953223, '_a6_': -6462603.216368801, '_a2_': 1.0, '_a3_': 1.0, '_a7_': 1.0}};{'d0': 0.02488548250341066};-272.430223027368;54.95490589209287
44029;-81.2602056215910;(_a4_ + -(((-(x) + _a5_) * (_a4_ + ((_a1_ * _a5_) + (_a6_ * (pow2(x) / _a0_)))))));{'d0': {'_a0_': -1910590.1420364864, '_a1_': -4.617780242457844, '_a4_': -1.1093862707709203, '_a5_': -0.6245511679953223, '_a6_': -6462603.216368801, '_a2_': 1.0, '_a3_': 1.0, '_a7_': 1.0}};{'d0': 0.02488548250341066};-272.430223027368;54.95490589209287
44030;-81.2602056215910;(_a4_ + -(((-(x) + _a5_) * (_a4_ + ((_a1_ * _a5_) + (_a6_ * (pow2(x) / _a0_)))))));{'d0': {'_a0_': -1910590.1420364864, '_a1_': -4.617780242457844, '_a4_': -1.1093862707709203, '_a5_': -0.6245511679953223, '_a6_': -6462603.216368801, '_a2_': 1.0, '_a3_': 1.0, '_a7_': 1.0}};{'d0': 0.02488548250341066};-272.430223027368;54.95490589209287
44031;-94.9202446900569;(((_a1_ / exp(_a0_)) + ((_a1_ + x) * x)) * ((_a6_ * x) + _a3_));{'d0': {'_a0_': 0.17452919848991963, '_a1_': 0.6251279109987036, '_a3_': -0.0019508039326142795, '_a6_': 3.3825182463025065, '_a2_': 1.0, '_a4_': 1.0, '_a5_': 1.0, '_a7_': 1.0}};{'d0': 0.02488548250187342};-276.524567593297;43.3420391065915
44032;-94.9202446900569;(((_a1_ / exp(_a0_)) + ((_a1_ + x) * x)) * ((_a6_ * x) + _a3_));{'d0': {'_a0_': 0.17452919848991963, '_a1_': 0.6251279109987036, '_a3_': -0.0019508039326142795, '_a6_': 3.3825182463025065, '_a2_': 1.0, '_a4_': 1.0, '_a5_': 1.0, '_a7_': 1.0}};{'d0': 0.02488548250187342};-276.524567593297;43.3420391065915
44033;-94.9202446900569;(((_a1_ / exp(_a0_)) + ((_a1_ + x) * x)) * ((_a6_ * x) + _a3_));{'d0': {'_a0_': 0.17452919848991963, '_a1_': 0.6251279109987036, '_a3_': -0.0019508039326142795, '_a6_': 3.3825182463025065, '_a2_': 1.0, '_a4_': 1.0, '_a5_': 1.0, '_a7_': 1.0}};{'d0': 0.02488548250187342};-276.524567593297;43.3420391065915
44034;-94.9202446900569;(((_a1_ / exp(_a0_)) + ((_a1_ + x) * x)) * ((_a6_ * x) + _a3_));{'d0': {'_a0_': 0.17452919848991963, '_a1_': 0.6251279109987036, '_a3_': -0.0019508039326142795, '_a6_': 3.3825182463025065, '_a2_': 1.0, '_a4_': 1.0, '_a5_': 1.0, '_a7_': 1.0}};{'d0': 0.02488548250187342};-276.524567593297;43.3420391065915
44035;-94.9202446900569;(((_a1_ / exp(_a0_)) + ((_a1_ + x) * x)) * ((_a6_ * x) + _a3_));{'d0': {'_a0_': 0.17452919848991963, '_a1_': 0.6251279109987036, '_a3_': -0.0019508039326142795, '_a6_': 3.3825182463025065, '_a2_': 1.0, '_a4_': 1.0, '_a5_': 1.0, '_a7_': 1.0}};{'d0': 0.02488548250187342};-276.524567593297;43.3420391065915
44036;-94.9202446900569;(((_a1_ / exp(_a0_)) + ((_a1_ + x) * x)) * ((_a6_ * x) + _a3_));{'d0': {'_a0_': 0.17452919848991963, '_a1_': 0.6251279109987036, '_a3_': -0.0019508039326142795, '_a6_': 3.3825182463025065, '_a2_': 1.0, '_a4_': 1.0, '_a5_': 1.0, '_a7_': 1.0}};{'d0': 0.02488548250187342};-276.524567593297;43.3420391065915
44037;-94.9202446900569;(((_a1_ / exp(_a0_)) + ((_a1_ + x) * x)) * ((_a6_ * x) + _a3_));{'d0': {'_a0_': 0.17452919848991963, '_a1_': 0.6251279109987036, '_a3_': -0.0019508039326142795, '_a6_': 3.3825182463025065, '_a2_': 1.0, '_a4_': 1.0, '_a5_': 1.0, '_a7_': 1.0}};{'d0': 0.02488548250187342};-276.524567593297;43.3420391065915
44038;-94.9202446900569;(((_a1_ / exp(_a0_)) + ((_a1_ + x) * x)) * ((_a6_ * x) + _a3_));{'d0': {'_a0_': 0.17452919848991963, '_a1_': 0.6251279109987036, '_a3_': -0.0019508039326142795, '_a6_': 3.3825182463025065, '_a2_': 1.0, '_a4_': 1.0, '_a5_': 1.0, '_a7_': 1.0}};{'d0': 0.02488548250187342};-276.524567593297;43.3420391065915
44039;-94.9202446900569;(((_a1_ / exp(_a0_)) + ((_a1_ + x) * x)) * ((_a6_ * x) + _a3_));{'d0': {'_a0_': 0.17452919848991963, '_a1_': 0.6251279109987036, '_a3_': -0.0019508039326142795, '_a6_': 3.3825182463025065, '_a2_': 1.0, '_a4_': 1.0, '_a5_': 1.0, '_a7_': 1.0}};{'d0': 0.02488548250187342};-276.524567593297;43.3420391065915
44040;-94.9202446900569;(((_a1_ / exp(_a0_)) + ((_a1_ + x) * x)) * ((_a6_ * x) + _a3_));{'d0': {'_a0_': 0.17452919848991963, '_a1_': 0.6251279109987036, '_a3_': -0.0019508039326142795, '_a6_': 3.3825182463025065, '_a2_': 1.0, '_a4_': 1.0, '_a5_': 1.0, '_a7_': 1.0}};{'d0': 0.02488548250187342};-276.524567593297;43.3420391065915
44041;-94.9202446900569;(((_a1_ / exp(_a0_)) + ((_a1_ + x) * x)) * ((_a6_ * x) + _a3_));{'d0': {'_a0_': 0.17452919848991963, '_a1_': 0.6251279109987036, '_a3_': -0.0019508039326142795, '_a6_': 3.3825182463025065, '_a2_': 1.0, '_a4_': 1.0, '_a5_': 1.0, '_a7_': 1.0}};{'d0': 0.02488548250187342};-276.524567593297;43.3420391065915
44042;-96.5883783520875;(((_a1_ / pow2(_a0_)) + ((_a1_ + x) * x)) * ((_a6_ * x) + _a3_));{'d0': {'_a0_': 1.0911852768683854, '_a1_': 0.6251278460569465, '_a3_': -0.0019507037648236118, '_a6_': 3.382517956323227, '_a2_': 1.0, '_a4_': 1.0, '_a5_': 1.0, '_a7_': 1.0}};{'d0': 0.024885482501889503};-276.524567593258;41.673905444541504
44043;-96.5883783520875;(((_a1_ / pow2(_a0_)) + ((_a1_ + x) * x)) * ((_a6_ * x) + _a3_));{'d0': {'_a0_': 1.0911852768683854, '_a1_': 0.6251278460569465, '_a3_': -0.0019507037648236118, '_a6_': 3.382517956323227, '_a2_': 1.0, '_a4_': 1.0, '_a5_': 1.0, '_a7_': 1.0}};{'d0': 0.024885482501889503};-276.524567593258;41.673905444541504
44044;-96.5637529193792;(((_a3_ / pow2(_a0_)) + ((_a1_ + x) * x)) * ((_a6_ * x) + _a3_));{'d0': {'_a0_': 0.002782532154112032, '_a1_': 0.623856759677186, '_a3_': 4.070167796242948e-06, '_a6_': 3.3767489124538956, '_a2_': 1.0, '_a4_': 1.0, '_a5_': 1.0, '_a7_': 1.0}};{'d0': 0.024905918080483612};-276.475316727841;41.673905444541504
44045;-77.9831142705775;(((_a2_ * ((((_a6_ + x) * ((x * _a0_) + x)) * _a4_) * x)) / (_a7_ * _a2_)) + (x * _a0_));{'d0': {'_a0_': 1.7751354042941385, '_a4_': -2021948232745416.2, '_a6_': 0.6238594157679521, '_a7_': -1661704994857771.0, '_a1_': 1.0, '_a2_': 1.0, '_a3_': 1.0, '_a5_': 1.0}};{'d0': 0.02490583291944224};-272.381177324538;58.2074743916914
44046;-77.9831142705775;(((_a2_ * ((((_a6_ + x) * ((x * _a0_) + x)) * _a4_) * x)) / (_a7_ * _a2_)) + (x * _a0_));{'d0': {'_a0_': 1.7751354042941385, '_a4_': -2021948232745416.2, '_a6_': 0.6238594157679521, '_a7_': -1661704994857771.0, '_a1_': 1.0, '_a2_': 1.0, '_a3_': 1.0, '_a5_': 1.0}};{'d0': 0.02490583291944224};-272.381177324538;58.2074743916914
44047;-77.9831142705775;(((_a2_ * ((((_a6_ + x) * ((x * _a0_) + x)) * _a4_) * x)) / (_a7_ * _a2_)) + (x * _a0_));{'d0': {'_a0_': 1.7751354042941385, '_a4_': -2021948232745416.2, '_a6_': 0.6238594157679521, '_a7_': -1661704994857771.0, '_a1_': 1.0, '_a2_': 1.0, '_a3_': 1.0, '_a5_': 1.0}};{'d0': 0.02490583291944224};-272.381177324538;58.2074743916914
44048;-77.9831142705775;(((_a2_ * ((((_a6_ + x) * ((x * _a0_) + x)) * _a4_) * x)) / (_a7_ * _a2_)) + (x * _a0_));{'d0': {'_a0_': 1.7751354042941385, '_a4_': -2021948232745416.2, '_a6_': 0.6238594157679521, '_a7_': -1661704994857771.0, '_a1_': 1.0, '_a2_': 1.0, '_a3_': 1.0, '_a5_': 1.0}};{'d0': 0.02490583291944224};-272.381177324538;58.2074743916914
44049;-77.9831142705775;(((_a2_ * ((((_a6_ + x) * ((x * _a0_) + x)) * _a4_) * x)) / (_a7_ * _a2_)) + (x * _a0_));{'d0': {'_a0_': 1.7751354042941385, '_a4_': -2021948232745416.2, '_a6_': 0.6238594157679521, '_a7_': -1661704994857771.0, '_a1_': 1.0, '_a2_': 1.0, '_a3_': 1.0, '_a5_': 1.0}};{'d0': 0.02490583291944224};-272.381177324538;58.2074743916914
44050;-77.9831142705775;(((_a2_ * ((((_a6_ + x) * ((x * _a0_) + x)) * _a4_) * x)) / (_a7_ * _a2_)) + (x * _a0_));{'d0': {'_a0_': 1.7751354042941385, '_a4_': -2021948232745416.2, '_a6_': 0.6238594157679521, '_a7_': -1661704994857771.0, '_a1_': 1.0, '_a2_': 1.0, '_a3_': 1.0, '_a5_': 1.0}};{'d0': 0.02490583291944224};-272.381177324538;58.2074743916914
44051;-96.5637529193792;(((_a3_ / pow2(_a0_)) + ((_a1_ + x) * x)) * ((_a6_ * x) + _a3_));{'d0': {'_a0_': 0.002782532154112032, '_a1_': 0.623856759677186, '_a3_': 4.070167796242948e-06, '_a6_': 3.3767489124538956, '_a2_': 1.0, '_a4_': 1.0, '_a5_': 1.0, '_a7_': 1.0}};{'d0': 0.024905918080483612};-276.475316727841;41.673905444541504
44052;-96.5637529193792;(((_a3_ / pow2(_a0_)) + ((_a1_ + x) * x)) * ((_a6_ * x) + _a3_));{'d0': {'_a0_': 0.002782532154112032, '_a1_': 0.623856759677186, '_a3_': 4.070167796242948e-06, '_a6_': 3.3767489124538956, '_a2_': 1.0, '_a4_': 1.0, '_a5_': 1.0, '_a7_': 1.0}};{'d0': 0.024905918080483612};-276.475316727841;41.673905444541504
44053;-96.5637529193792;(((_a3_ / pow2(_a0_)) + ((_a1_ + x) * x)) * ((_a6_ * x) + _a3_));{'d0': {'_a0_': 0.002782532154112032, '_a1_': 0.623856759677186, '_a3_': 4.070167796242948e-06, '_a6_': 3.3767489124538956, '_a2_': 1.0, '_a4_': 1.0, '_a5_': 1.0, '_a7_': 1.0}};{'d0': 0.024905918080483612};-276.475316727841;41.673905444541504
44054;-91.6143395799873;(((_a3_ / pow2((_a1_ * _a0_))) + ((_a1_ + x) * x)) * ((_a6_ * x) + _a3_));{'d0': {'_a0_': -0.005841163285670817, '_a1_': 0.6238548549915196, '_a3_': 6.980696216980544e-06, '_a6_': 3.3767403612661067, '_a2_': 1.0, '_a4_': 1.0, '_a5_': 1.0, '_a7_': 1.0}};{'d0': 0.024905979028606504};-276.475169899971;46.6232453699985
44055;-91.6143395799873;(((_a3_ / pow2((_a1_ * _a0_))) + ((_a1_ + x) * x)) * ((_a6_ * x) + _a3_));{'d0': {'_a0_': -0.005841163285670817, '_a1_': 0.6238548549915196, '_a3_': 6.980696216980544e-06, '_a6_': 3.3767403612661067, '_a2_': 1.0, '_a4_': 1.0, '_a5_': 1.0, '_a7_': 1.0}};{'d0': 0.024905979028606504};-276.475169899971;46.6232453699985
44056;-91.6143395799873;(((_a3_ / pow2((_a1_ * _a0_))) + ((_a1_ + x) * x)) * ((_a6_ * x) + _a3_));{'d0': {'_a0_': -0.005841163285670817, '_a1_': 0.6238548549915196, '_a3_': 6.980696216980544e-06, '_a6_': 3.3767403612661067, '_a2_': 1.0, '_a4_': 1.0, '_a5_': 1.0, '_a7_': 1.0}};{'d0': 0.024905979028606504};-276.475169899971;46.6232453699985
44057;-72.7443451998633;(((_a2_ * ((((_a6_ + x) * ((x * _a0_) + x)) * (_a7_ * _a5_)) * x)) / (_a7_ * _a2_)) + (x * _a0_));{'d0': {'_a0_': 1.775135405285487, '_a5_': 1.216791394374582, '_a6_': 0.6238594159102924, '_a1_': 1.0, '_a2_': 1.0, '_a3_': 1.0, '_a4_': 1.0, '_a7_': 1.0}};{'d0': 0.024905832919416643};-272.381177324599;63.4462434624364
44058;-71.3195659238340;(((_a2_ * ((((_a6_ + x) * ((x * _a0_) + x)) * (_a7_ ** _a5_)) * x)) / (_a7_ * _a2_)) + (x * _a0_));{'d0': {'_a0_': 1.7751354043547007, '_a5_': 1.258344288020301, '_a6_': 0.6238594155903162, '_a7_': 2.1372458823935894, '_a1_': 1.0, '_a2_': 1.0, '_a3_': 1.0, '_a4_': 1.0}};{'d0': 0.024905832919976483};-272.381177323251;64.87102273779139
44059;-71.3195659238340;(((_a2_ * ((((_a6_ + x) * ((x * _a0_) + x)) * (_a7_ ** _a5_)) * x)) / (_a7_ * _a2_)) + (x * _a0_));{'d0': {'_a0_': 1.7751354043547007, '_a5_': 1.258344288020301, '_a6_': 0.6238594155903162, '_a7_': 2.1372458823935894, '_a1_': 1.0, '_a2_': 1.0, '_a3_': 1.0, '_a4_': 1.0}};{'d0': 0.024905832919976483};-272.381177323251;64.87102273779139
44060;-71.0545742087303;(((_a2_ * ((((_a6_ + x) * ((x * _a0_) + x)) * cosh(_a6_)) * x)) / (_a7_ * _a2_)) + (x * _a0_));{'d0': {'_a0_': 1.7751354047735164, '_a6_': 0.6238594156946156, '_a7_': 0.9870174048850721, '_a1_': 1.0, '_a2_': 1.0, '_a3_': 1.0, '_a4_': 1.0, '_a5_': 1.0}};{'d0': 0.024905832919416664};-276.475521886821;67.18318673468039
44061;-77.9831142705775;(((_a2_ * ((((_a6_ + x) * ((x * _a0_) + x)) * _a4_) * x)) / (_a7_ * _a2_)) + (x * _a0_));{'d0': {'_a0_': 1.7751354042941385, '_a4_': -2021948232745416.2, '_a6_': 0.6238594157679521, '_a7_': -1661704994857771.0, '_a1_': 1.0, '_a2_': 1.0, '_a3_': 1.0, '_a5_': 1.0}};{'d0': 0.02490583291944224};-272.381177324538;58.20747439169139
44062;-77.9831142705775;(((_a2_ * ((((_a6_ + x) * ((x * _a0_) + x)) * _a4_) * x)) / (_a7_ * _a2_)) + (x * _a0_));{'d0': {'_a0_': 1.7751354042941385, '_a4_': -2021948232745416.2, '_a6_': 0.6238594157679521, '_a7_': -1661704994857771.0, '_a1_': 1.0, '_a2_': 1.0, '_a3_': 1.0, '_a5_': 1.0}};{'d0': 0.02490583291944224};-272.381177324538;58.20747439169139
44063;-77.9831142705775;(((_a2_ * ((((_a6_ + x) * ((x * _a0_) + x)) * _a4_) * x)) / (_a7_ * _a2_)) + (x * _a0_));{'d0': {'_a0_': 1.7751354042941385, '_a4_': -2021948232745416.2, '_a6_': 0.6238594157679521, '_a7_': -1661704994857771.0, '_a1_': 1.0, '_a2_': 1.0, '_a3_': 1.0, '_a5_': 1.0}};{'d0': 0.02490583291944224};-272.381177324538;58.20747439169139
44064;-77.9831142705775;(((_a2_ * ((((_a6_ + x) * ((x * _a0_) + x)) * _a4_) * x)) / (_a7_ * _a2_)) + (x * _a0_));{'d0': {'_a0_': 1.7751354042941385, '_a4_': -2021948232745416.2, '_a6_': 0.6238594157679521, '_a7_': -1661704994857771.0, '_a1_': 1.0, '_a2_': 1.0, '_a3_': 1.0, '_a5_': 1.0}};{'d0': 0.02490583291944224};-272.381177324538;58.20747439169139
44065;-83.1495260545055;(((_a2_ * ((((_a6_ + x) * (_a2_ + x)) * _a4_) * x)) / (_a7_ * _a2_)) + (x * _a0_));{'d0': {'_a0_': 1.9198555574829392, '_a2_': 0.68630635940413, '_a4_': 1887647425342761.2, '_a6_': -0.06244694388962865, '_a7_': 559011281142040.94, '_a1_': 1.0, '_a3_': 1.0, '_a5_': 1.0}};{'d0': 0.024905832919853193};-272.381177323548;53.041062607268394
44066;-83.1495260545055;(((_a2_ * ((((_a6_ + x) * (_a2_ + x)) * _a4_) * x)) / (_a7_ * _a2_)) + (x * _a0_));{'d0': {'_a0_': 1.9198555574829392, '_a2_': 0.68630635940413, '_a4_': 1887647425342761.2, '_a6_': -0.06244694388962865, '_a7_': 559011281142040.94, '_a1_': 1.0, '_a3_': 1.0, '_a5_': 1.0}};{'d0': 0.024905832919853193};-272.381177323548;53.041062607268394
44067;-83.1495260545055;(((_a2_ * ((((_a6_ + x) * (_a2_ + x)) * _a4_) * x)) / (_a7_ * _a2_)) + (x * _a0_));{'d0': {'_a0_': 1.9198555574829392, '_a2_': 0.68630635940413, '_a4_': 1887647425342761.2, '_a6_': -0.06244694388962865, '_a7_': 559011281142040.94, '_a1_': 1.0, '_a3_': 1.0, '_a5_': 1.0}};{'d0': 0.024905832919853193};-272.381177323548;53.041062607268394
44068;-83.1495260545055;(((_a2_ * ((((_a6_ + x) * (_a2_ + x)) * _a4_) * x)) / (_a7_ * _a2_)) + (x * _a0_));{'d0': {'_a0_': 1.9198555574829392, '_a2_': 0.68630635940413, '_a4_': 1887647425342761.2, '_a6_': -0.06244694388962865, '_a7_': 559011281142040.94, '_a1_': 1.0, '_a3_': 1.0, '_a5_': 1.0}};{'d0': 0.024905832919853193};-272.381177323548;53.041062607268394
44069;-83.1495260545055;(((_a2_ * ((((_a6_ + x) * (_a2_ + x)) * _a4_) * x)) / (_a7_ * _a2_)) + (x * _a0_));{'d0': {'_a0_': 1.9198555574829392, '_a2_': 0.68630635940413, '_a4_': 1887647425342761.2, '_a6_': -0.06244694388962865, '_a7_': 559011281142040.94, '_a1_': 1.0, '_a3_': 1.0, '_a5_': 1.0}};{'d0': 0.024905832919853193};-272.381177323548;53.041062607268394
44070;-83.1495260545055;(((_a2_ * ((((_a6_ + x) * (_a2_ + x)) * _a4_) * x)) / (_a7_ * _a2_)) + (x * _a0_));{'d0': {'_a0_': 1.9198555574829392, '_a2_': 0.68630635940413, '_a4_': 1887647425342761.2, '_a6_': -0.06244694388962865, '_a7_': 559011281142040.94, '_a1_': 1.0, '_a3_': 1.0, '_a5_': 1.0}};{'d0': 0.024905832919853193};-272.381177323548;53.041062607268394
44071;-91.6143395799873;(((_a3_ / pow2((_a1_ * _a0_))) + ((_a1_ + x) * x)) * ((_a6_ * x) + _a3_));{'d0': {'_a0_': -0.005841163285670817, '_a1_': 0.6238548549915196, '_a3_': 6.980696216980544e-06, '_a6_': 3.3767403612661067, '_a2_': 1.0, '_a4_': 1.0, '_a5_': 1.0, '_a7_': 1.0}};{'d0': 0.024905979028606504};-276.475169899971;46.6232453699985
44072;-91.6143395799873;(((_a3_ / pow2((_a1_ * _a0_))) + ((_a1_ + x) * x)) * ((_a6_ * x) + _a3_));{'d0': {'_a0_': -0.005841163285670817, '_a1_': 0.6238548549915196, '_a3_': 6.980696216980544e-06, '_a6_': 3.3767403612661067, '_a2_': 1.0, '_a4_': 1.0, '_a5_': 1.0, '_a7_': 1.0}};{'d0': 0.024905979028606504};-276.475169899971;46.6232453699985
44073;-91.6143395799873;(((_a3_ / pow2((_a1_ * _a0_))) + ((_a1_ + x) * x)) * ((_a6_ * x) + _a3_));{'d0': {'_a0_': -0.005841163285670817, '_a1_': 0.6238548549915196, '_a3_': 6.980696216980544e-06, '_a6_': 3.3767403612661067, '_a2_': 1.0, '_a4_': 1.0, '_a5_': 1.0, '_a7_': 1.0}};{'d0': 0.024905979028606504};-276.475169899971;46.6232453699985
44074;-91.6143395799873;(((_a3_ / pow2((_a1_ * _a0_))) + ((_a1_ + x) * x)) * ((_a6_ * x) + _a3_));{'d0': {'_a0_': -0.005841163285670817, '_a1_': 0.6238548549915196, '_a3_': 6.980696216980544e-06, '_a6_': 3.3767403612661067, '_a2_': 1.0, '_a4_': 1.0, '_a5_': 1.0, '_a7_': 1.0}};{'d0': 0.024905979028606504};-276.475169899971;46.6232453699985
44075;-86.5928183616334;(((_a2_ * ((((_a6_ + x) * (_a2_ + x)) * _a4_) * x)) / pow2(_a2_)) + (x * _a0_));{'d0': {'_a0_': 1.9198543959651464, '_a2_': 0.686305833394146, '_a4_': 2.317490689248795, '_a6_': -0.06244641746207779, '_a1_': 1.0, '_a3_': 1.0, '_a5_': 1.0, '_a7_': 1.0}};{'d0': 0.024905832919416615};-276.475521886822;51.64494258177739
44076;-86.5928183616334;(((_a2_ * ((((_a6_ + x) * (_a2_ + x)) * _a4_) * x)) / pow2(_a2_)) + (x * _a0_));{'d0': {'_a0_': 1.9198543959651464, '_a2_': 0.686305833394146, '_a4_': 2.317490689248795, '_a6_': -0.06244641746207779, '_a1_': 1.0, '_a3_': 1.0, '_a5_': 1.0, '_a7_': 1.0}};{'d0': 0.024905832919416615};-276.475521886822;51.64494258177739
44077;-86.5928183616334;(((_a2_ * ((((_a6_ + x) * (_a2_ + x)) * _a4_) * x)) / pow2(_a2_)) + (x * _a0_));{'d0': {'_a0_': 1.9198543959651464, '_a2_': 0.686305833394146, '_a4_': 2.317490689248795, '_a6_': -0.06244641746207779, '_a1_': 1.0, '_a3_': 1.0, '_a5_': 1.0, '_a7_': 1.0}};{'d0': 0.024905832919416615};-276.475521886822;51.64494258177739
44078;-86.5928183616334;(((_a2_ * ((((_a6_ + x) * (_a2_ + x)) * _a4_) * x)) / pow2(_a2_)) + (x * _a0_));{'d0': {'_a0_': 1.9198543959651464, '_a2_': 0.686305833394146, '_a4_': 2.317490689248795, '_a6_': -0.06244641746207779, '_a1_': 1.0, '_a3_': 1.0, '_a5_': 1.0, '_a7_': 1.0}};{'d0': 0.024905832919416615};-276.475521886822;51.64494258177739
44079;-86.5928183616334;(((_a2_ * ((((_a6_ + x) * (_a2_ + x)) * _a4_) * x)) / pow2(_a2_)) + (x * _a0_));{'d0': {'_a0_': 1.9198543959651464, '_a2_': 0.686305833394146, '_a4_': 2.317490689248795, '_a6_': -0.06244641746207779, '_a1_': 1.0, '_a3_': 1.0, '_a5_': 1.0, '_a7_': 1.0}};{'d0': 0.024905832919416615};-276.475521886822;51.64494258177739
44080;-91.6143395799873;(((_a3_ / pow2((_a1_ * _a0_))) + ((_a1_ + x) * x)) * ((_a6_ * x) + _a3_));{'d0': {'_a0_': -0.005841163285670817, '_a1_': 0.6238548549915196, '_a3_': 6.980696216980544e-06, '_a6_': 3.3767403612661067, '_a2_': 1.0, '_a4_': 1.0, '_a5_': 1.0, '_a7_': 1.0}};{'d0': 0.024905979028606504};-276.475169899971;46.6232453699985
44081;-91.6143395799873;(((_a3_ / pow2((_a1_ * _a0_))) + ((_a1_ + x) * x)) * ((_a6_ * x) + _a3_));{'d0': {'_a0_': -0.005841163285670817, '_a1_': 0.6238548549915196, '_a3_': 6.980696216980544e-06, '_a6_': 3.3767403612661067, '_a2_': 1.0, '_a4_': 1.0, '_a5_': 1.0, '_a7_': 1.0}};{'d0': 0.024905979028606504};-276.475169899971;46.6232453699985
44082;-91.6143395799873;(((_a3_ / pow2((_a1_ * _a0_))) + ((_a1_ + x) * x)) * ((_a6_ * x) + _a3_));{'d0': {'_a0_': -0.005841163285670817, '_a1_': 0.6238548549915196, '_a3_': 6.980696216980544e-06, '_a6_': 3.3767403612661067, '_a2_': 1.0, '_a4_': 1.0, '_a5_': 1.0, '_a7_': 1.0}};{'d0': 0.024905979028606504};-276.475169899971;46.6232453699985
44083;-91.6143395799873;(((_a3_ / pow2((_a1_ * _a0_))) + ((_a1_ + x) * x)) * ((_a6_ * x) + _a3_));{'d0': {'_a0_': -0.005841163285670817, '_a1_': 0.6238548549915196, '_a3_': 6.980696216980544e-06, '_a6_': 3.3767403612661067, '_a2_': 1.0, '_a4_': 1.0, '_a5_': 1.0, '_a7_': 1.0}};{'d0': 0.024905979028606504};-276.475169899971;46.6232453699985
44084;-91.6143395799873;(((_a3_ / pow2((_a1_ * _a0_))) + ((_a1_ + x) * x)) * ((_a6_ * x) + _a3_));{'d0': {'_a0_': -0.005841163285670817, '_a1_': 0.6238548549915196, '_a3_': 6.980696216980544e-06, '_a6_': 3.3767403612661067, '_a2_': 1.0, '_a4_': 1.0, '_a5_': 1.0, '_a7_': 1.0}};{'d0': 0.024905979028606504};-276.475169899971;46.6232453699985
44085;-91.6143395799873;(((_a3_ / pow2((_a1_ * _a0_))) + ((_a1_ + x) * x)) * ((_a6_ * x) + _a3_));{'d0': {'_a0_': -0.005841163285670817, '_a1_': 0.6238548549915196, '_a3_': 6.980696216980544e-06, '_a6_': 3.3767403612661067, '_a2_': 1.0, '_a4_': 1.0, '_a5_': 1.0, '_a7_': 1.0}};{'d0': 0.024905979028606504};-276.475169899971;46.6232453699985
44086;-91.6143395799873;(((_a3_ / pow2((_a1_ * _a0_))) + ((_a1_ + x) * x)) * ((_a6_ * x) + _a3_));{'d0': {'_a0_': -0.005841163285670817, '_a1_': 0.6238548549915196, '_a3_': 6.980696216980544e-06, '_a6_': 3.3767403612661067, '_a2_': 1.0, '_a4_': 1.0, '_a5_': 1.0, '_a7_': 1.0}};{'d0': 0.024905979028606504};-276.475169899971;46.6232453699985
44087;-91.6143395799873;(((_a3_ / pow2((_a1_ * _a0_))) + ((_a1_ + x) * x)) * ((_a6_ * x) + _a3_));{'d0': {'_a0_': -0.005841163285670817, '_a1_': 0.6238548549915196, '_a3_': 6.980696216980544e-06, '_a6_': 3.3767403612661067, '_a2_': 1.0, '_a4_': 1.0, '_a5_': 1.0, '_a7_': 1.0}};{'d0': 0.024905979028606504};-276.475169899971;46.6232453699985
44088;-91.6143395799873;(((_a3_ / pow2((_a1_ * _a0_))) + ((_a1_ + x) * x)) * ((_a6_ * x) + _a3_));{'d0': {'_a0_': -0.005841163285670817, '_a1_': 0.6238548549915196, '_a3_': 6.980696216980544e-06, '_a6_': 3.3767403612661067, '_a2_': 1.0, '_a4_': 1.0, '_a5_': 1.0, '_a7_': 1.0}};{'d0': 0.024905979028606504};-276.475169899971;46.6232453699985
44089;-91.6143395799873;(((_a3_ / pow2((_a1_ * _a0_))) + ((_a1_ + x) * x)) * ((_a6_ * x) + _a3_));{'d0': {'_a0_': -0.005841163285670817, '_a1_': 0.6238548549915196, '_a3_': 6.980696216980544e-06, '_a6_': 3.3767403612661067, '_a2_': 1.0, '_a4_': 1.0, '_a5_': 1.0, '_a7_': 1.0}};{'d0': 0.024905979028606504};-276.475169899971;46.6232453699985
44090;-91.6143395799873;(((_a3_ / pow2((_a1_ * _a0_))) + ((_a1_ + x) * x)) * ((_a6_ * x) + _a3_));{'d0': {'_a0_': -0.005841163285670817, '_a1_': 0.6238548549915196, '_a3_': 6.980696216980544e-06, '_a6_': 3.3767403612661067, '_a2_': 1.0, '_a4_': 1.0, '_a5_': 1.0, '_a7_': 1.0}};{'d0': 0.024905979028606504};-276.475169899971;46.6232453699985
44091;-91.6143395799873;(((_a3_ / pow2((_a1_ * _a0_))) + ((_a1_ + x) * x)) * ((_a6_ * x) + _a3_));{'d0': {'_a0_': -0.005841163285670817, '_a1_': 0.6238548549915196, '_a3_': 6.980696216980544e-06, '_a6_': 3.3767403612661067, '_a2_': 1.0, '_a4_': 1.0, '_a5_': 1.0, '_a7_': 1.0}};{'d0': 0.024905979028606504};-276.475169899971;46.6232453699985
44092;-91.6143395799873;(((_a3_ / pow2((_a1_ * _a0_))) + ((_a1_ + x) * x)) * ((_a6_ * x) + _a3_));{'d0': {'_a0_': -0.005841163285670817, '_a1_': 0.6238548549915196, '_a3_': 6.980696216980544e-06, '_a6_': 3.3767403612661067, '_a2_': 1.0, '_a4_': 1.0, '_a5_': 1.0, '_a7_': 1.0}};{'d0': 0.024905979028606504};-276.475169899971;46.6232453699985
44093;-91.6143395799873;(((_a3_ / pow2((_a1_ * _a0_))) + ((_a1_ + x) * x)) * ((_a6_ * x) + _a3_));{'d0': {'_a0_': -0.005841163285670817, '_a1_': 0.6238548549915196, '_a3_': 6.980696216980544e-06, '_a6_': 3.3767403612661067, '_a2_': 1.0, '_a4_': 1.0, '_a5_': 1.0, '_a7_': 1.0}};{'d0': 0.024905979028606504};-276.475169899971;46.6232453699985
44094;-91.6143395799873;(((_a3_ / pow2((_a1_ * _a0_))) + ((_a1_ + x) * x)) * ((_a6_ * x) + _a3_));{'d0': {'_a0_': -0.005841163285670817, '_a1_': 0.6238548549915196, '_a3_': 6.980696216980544e-06, '_a6_': 3.3767403612661067, '_a2_': 1.0, '_a4_': 1.0, '_a5_': 1.0, '_a7_': 1.0}};{'d0': 0.024905979028606504};-276.475169899971;46.6232453699985
44095;-91.6143395799873;(((_a3_ / pow2((_a1_ * _a0_))) + ((_a1_ + x) * x)) * ((_a6_ * x) + _a3_));{'d0': {'_a0_': -0.005841163285670817, '_a1_': 0.6238548549915196, '_a3_': 6.980696216980544e-06, '_a6_': 3.3767403612661067, '_a2_': 1.0, '_a4_': 1.0, '_a5_': 1.0, '_a7_': 1.0}};{'d0': 0.024905979028606504};-276.475169899971;46.6232453699985
44096;-91.6143395799873;(((_a3_ / pow2((_a1_ * _a0_))) + ((_a1_ + x) * x)) * ((_a6_ * x) + _a3_));{'d0': {'_a0_': -0.005841163285670817, '_a1_': 0.6238548549915196, '_a3_': 6.980696216980544e-06, '_a6_': 3.3767403612661067, '_a2_': 1.0, '_a4_': 1.0, '_a5_': 1.0, '_a7_': 1.0}};{'d0': 0.024905979028606504};-276.475169899971;46.6232453699985
44097;-91.6143395799873;(((_a3_ / pow2((_a1_ * _a0_))) + ((_a1_ + x) * x)) * ((_a6_ * x) + _a3_));{'d0': {'_a0_': -0.005841163285670817, '_a1_': 0.6238548549915196, '_a3_': 6.980696216980544e-06, '_a6_': 3.3767403612661067, '_a2_': 1.0, '_a4_': 1.0, '_a5_': 1.0, '_a7_': 1.0}};{'d0': 0.024905979028606504};-276.475169899971;46.6232453699985
44098;-91.6143395799873;(((_a3_ / pow2((_a1_ * _a0_))) + ((_a1_ + x) * x)) * ((_a6_ * x) + _a3_));{'d0': {'_a0_': -0.005841163285670817, '_a1_': 0.6238548549915196, '_a3_': 6.980696216980544e-06, '_a6_': 3.3767403612661067, '_a2_': 1.0, '_a4_': 1.0, '_a5_': 1.0, '_a7_': 1.0}};{'d0': 0.024905979028606504};-276.475169899971;46.6232453699985
44099;-91.6143395799873;(((_a3_ / pow2((_a1_ * _a0_))) + ((_a1_ + x) * x)) * ((_a6_ * x) + _a3_));{'d0': {'_a0_': -0.005841163285670817, '_a1_': 0.6238548549915196, '_a3_': 6.980696216980544e-06, '_a6_': 3.3767403612661067, '_a2_': 1.0, '_a4_': 1.0, '_a5_': 1.0, '_a7_': 1.0}};{'d0': 0.024905979028606504};-276.475169899971;46.6232453699985
44100;-91.6143395799873;(((_a3_ / pow2((_a1_ * _a0_))) + ((_a1_ + x) * x)) * ((_a6_ * x) + _a3_));{'d0': {'_a0_': -0.005841163285670817, '_a1_': 0.6238548549915196, '_a3_': 6.980696216980544e-06, '_a6_': 3.3767403612661067, '_a2_': 1.0, '_a4_': 1.0, '_a5_': 1.0, '_a7_': 1.0}};{'d0': 0.024905979028606504};-276.475169899971;46.6232453699985
44101;-91.6143395799873;(((_a3_ / pow2((_a1_ * _a0_))) + ((_a1_ + x) * x)) * ((_a6_ * x) + _a3_));{'d0': {'_a0_': -0.005841163285670817, '_a1_': 0.6238548549915196, '_a3_': 6.980696216980544e-06, '_a6_': 3.3767403612661067, '_a2_': 1.0, '_a4_': 1.0, '_a5_': 1.0, '_a7_': 1.0}};{'d0': 0.024905979028606504};-276.475169899971;46.6232453699985
44102;-91.6143395799873;(((_a3_ / pow2((_a1_ * _a0_))) + ((_a1_ + x) * x)) * ((_a6_ * x) + _a3_));{'d0': {'_a0_': -0.005841163285670817, '_a1_': 0.6238548549915196, '_a3_': 6.980696216980544e-06, '_a6_': 3.3767403612661067, '_a2_': 1.0, '_a4_': 1.0, '_a5_': 1.0, '_a7_': 1.0}};{'d0': 0.024905979028606504};-276.475169899971;46.6232453699985
44103;-79.2569418163571;((_a4_ + -(((-(x) + _a5_) * (_a0_ * ((_a0_ / _a5_) * (_a6_ * (pow2(x) + _a0_))))))) * _a5_);{'d0': {'_a0_': 0.5246546166522343, '_a4_': 1.7762936437402175, '_a5_': -0.624551167870485, '_a6_': 12.288337763602202, '_a1_': 1.0, '_a2_': 1.0, '_a3_': 1.0, '_a7_': 1.0}};{'d0': 0.024885482501866882};-276.524567593312;59.00534198029887
44104;-79.2569418163571;((_a4_ + -(((-(x) + _a5_) * (_a0_ * ((_a0_ / _a5_) * (_a6_ * (pow2(x) + _a0_))))))) * _a5_);{'d0': {'_a0_': 0.5246546166522343, '_a4_': 1.7762936437402175, '_a5_': -0.624551167870485, '_a6_': 12.288337763602202, '_a1_': 1.0, '_a2_': 1.0, '_a3_': 1.0, '_a7_': 1.0}};{'d0': 0.024885482501866882};-276.524567593312;59.00534198029887
44105;-79.2569418163571;((_a4_ + -(((-(x) + _a5_) * (_a0_ * ((_a0_ / _a5_) * (_a6_ * (pow2(x) + _a0_))))))) * _a5_);{'d0': {'_a0_': 0.5246546166522343, '_a4_': 1.7762936437402175, '_a5_': -0.624551167870485, '_a6_': 12.288337763602202, '_a1_': 1.0, '_a2_': 1.0, '_a3_': 1.0, '_a7_': 1.0}};{'d0': 0.024885482501866882};-276.524567593312;59.00534198029887
44106;-79.2569418163571;((_a4_ + -(((-(x) + _a5_) * (_a0_ * ((_a0_ / _a5_) * (_a6_ * (pow2(x) + _a0_))))))) * _a5_);{'d0': {'_a0_': 0.5246546166522343, '_a4_': 1.7762936437402175, '_a5_': -0.624551167870485, '_a6_': 12.288337763602202, '_a1_': 1.0, '_a2_': 1.0, '_a3_': 1.0, '_a7_': 1.0}};{'d0': 0.024885482501866882};-276.524567593312;59.00534198029887
44107;-91.6145155517747;(((_a3_ / pow2((_a1_ * _a0_))) + ((_a1_ + x) * x)) * ((_a6_ * x) + x));{'d0': {'_a0_': -0.011523703139522362, '_a1_': 0.623859415512503, '_a3_': 2.71699291346058e-05, '_a6_': 2.3767608787423504, '_a2_': 1.0, '_a4_': 1.0, '_a5_': 1.0, '_a7_': 1.0}};{'d0': 0.024905832937380037};-276.475521843546;46.6232453699985
44108;-91.6145155517747;(((_a3_ / pow2((_a1_ * _a0_))) + ((_a1_ + x) * x)) * ((_a6_ * x) + x));{'d0': {'_a0_': -0.011523703139522362, '_a1_': 0.623859415512503, '_a3_': 2.71699291346058e-05, '_a6_': 2.3767608787423504, '_a2_': 1.0, '_a4_': 1.0, '_a5_': 1.0, '_a7_': 1.0}};{'d0': 0.024905832937380037};-276.475521843546;46.6232453699985
44109;-91.6145155517747;(((_a3_ / pow2((_a1_ * _a0_))) + ((_a1_ + x) * x)) * ((_a6_ * x) + x));{'d0': {'_a0_': -0.011523703139522362, '_a1_': 0.623859415512503, '_a3_': 2.71699291346058e-05, '_a6_': 2.3767608787423504, '_a2_': 1.0, '_a4_': 1.0, '_a5_': 1.0, '_a7_': 1.0}};{'d0': 0.024905832937380037};-276.475521843546;46.6232453699985
44110;-79.3121268288161;((_a4_ + -(((-(x) + _a5_) * (_a0_ * (pow2(_a7_) * (_a6_ * (pow2(x) + _a0_))))))) * _a5_);{'d0': {'_a0_': 0.5246546199705997, '_a4_': 1.77629364501471, '_a5_': -0.6245511674652073, '_a6_': -23.64886935495258, '_a7_': 0.6606844788961933, '_a1_': 1.0, '_a2_': 1.0, '_a3_': 1.0}};{'d0': 0.024885482502051384};-272.430223030645;56.90298468650647
44111;-79.3121268288161;((_a4_ + -(((-(x) + _a5_) * (_a0_ * (pow2(_a7_) * (_a6_ * (pow2(x) + _a0_))))))) * _a5_);{'d0': {'_a0_': 0.5246546199705997, '_a4_': 1.77629364501471, '_a5_': -0.6245511674652073, '_a6_': -23.64886935495258, '_a7_': 0.6606844788961933, '_a1_': 1.0, '_a2_': 1.0, '_a3_': 1.0}};{'d0': 0.024885482502051384};-272.430223030645;56.90298468650647
44112;-79.3121268288161;((_a4_ + -(((-(x) + _a5_) * (_a0_ * (pow2(_a7_) * (_a6_ * (pow2(x) + _a0_))))))) * _a5_);{'d0': {'_a0_': 0.5246546199705997, '_a4_': 1.77629364501471, '_a5_': -0.6245511674652073, '_a6_': -23.64886935495258, '_a7_': 0.6606844788961933, '_a1_': 1.0, '_a2_': 1.0, '_a3_': 1.0}};{'d0': 0.024885482502051384};-272.430223030645;56.90298468650647
44113;-79.3121268288161;((_a4_ + -(((-(x) + _a5_) * (_a0_ * (pow2(_a7_) * (_a6_ * (pow2(x) + _a0_))))))) * _a5_);{'d0': {'_a0_': 0.5246546199705997, '_a4_': 1.77629364501471, '_a5_': -0.6245511674652073, '_a6_': -23.64886935495258, '_a7_': 0.6606844788961933, '_a1_': 1.0, '_a2_': 1.0, '_a3_': 1.0}};{'d0': 0.024885482502051384};-272.430223030645;56.90298468650647
44114;-79.3121268288161;((_a4_ + -(((-(x) + _a5_) * (_a0_ * (pow2(_a7_) * (_a6_ * (pow2(x) + _a0_))))))) * _a5_);{'d0': {'_a0_': 0.5246546199705997, '_a4_': 1.77629364501471, '_a5_': -0.6245511674652073, '_a6_': -23.64886935495258, '_a7_': 0.6606844788961933, '_a1_': 1.0, '_a2_': 1.0, '_a3_': 1.0}};{'d0': 0.024885482502051384};-272.430223030645;56.90298468650647
44115;-79.3121268288161;((_a4_ + -(((-(x) + _a5_) * (_a0_ * (pow2(_a7_) * (_a6_ * (pow2(x) + _a0_))))))) * _a5_);{'d0': {'_a0_': 0.5246546199705997, '_a4_': 1.77629364501471, '_a5_': -0.6245511674652073, '_a6_': -23.64886935495258, '_a7_': 0.6606844788961933, '_a1_': 1.0, '_a2_': 1.0, '_a3_': 1.0}};{'d0': 0.024885482502051384};-272.430223030645;56.90298468650647
44116;-79.3121268288161;((_a4_ + -(((-(x) + _a5_) * (_a0_ * (pow2(_a7_) * (_a6_ * (pow2(x) + _a0_))))))) * _a5_);{'d0': {'_a0_': 0.5246546199705997, '_a4_': 1.77629364501471, '_a5_': -0.6245511674652073, '_a6_': -23.64886935495258, '_a7_': 0.6606844788961933, '_a1_': 1.0, '_a2_': 1.0, '_a3_': 1.0}};{'d0': 0.024885482502051384};-272.430223030645;56.90298468650647
44117;-79.3121268288161;((_a4_ + -(((-(x) + _a5_) * (_a0_ * (pow2(_a7_) * (_a6_ * (pow2(x) + _a0_))))))) * _a5_);{'d0': {'_a0_': 0.5246546199705997, '_a4_': 1.77629364501471, '_a5_': -0.6245511674652073, '_a6_': -23.64886935495258, '_a7_': 0.6606844788961933, '_a1_': 1.0, '_a2_': 1.0, '_a3_': 1.0}};{'d0': 0.024885482502051384};-272.430223030645;56.90298468650647
44118;-79.3121268288161;((_a4_ + -(((-(x) + _a5_) * (_a0_ * (pow2(_a7_) * (_a6_ * (pow2(x) + _a0_))))))) * _a5_);{'d0': {'_a0_': 0.5246546199705997, '_a4_': 1.77629364501471, '_a5_': -0.6245511674652073, '_a6_': -23.64886935495258, '_a7_': 0.6606844788961933, '_a1_': 1.0, '_a2_': 1.0, '_a3_': 1.0}};{'d0': 0.024885482502051384};-272.430223030645;56.90298468650647
44119;-79.3121268288161;((_a4_ + -(((-(x) + _a5_) * (_a0_ * (pow2(_a7_) * (_a6_ * (pow2(x) + _a0_))))))) * _a5_);{'d0': {'_a0_': 0.5246546199705997, '_a4_': 1.77629364501471, '_a5_': -0.6245511674652073, '_a6_': -23.64886935495258, '_a7_': 0.6606844788961933, '_a1_': 1.0, '_a2_': 1.0, '_a3_': 1.0}};{'d0': 0.024885482502051384};-272.430223030645;56.90298468650647
44120;-81.3592991101496;((_a4_ + -(((-(x) + _a5_) * (_a0_ * (pow2(_a5_) * (_a6_ * (pow2(x) + _a0_))))))) * _a5_);{'d0': {'_a0_': 0.5246546184989771, '_a4_': 1.7762936438333157, '_a5_': -0.6245511673656419, '_a6_': -26.464431116456417, '_a1_': 1.0, '_a2_': 1.0, '_a3_': 1.0, '_a7_': 1.0}};{'d0': 0.02488548250186685};-276.524567593312;56.90298468650647
44121;-81.3592991101496;((_a4_ + -(((-(x) + _a5_) * (_a0_ * (pow2(_a5_) * (_a6_ * (pow2(x) + _a0_))))))) * _a5_);{'d0': {'_a0_': 0.5246546184989771, '_a4_': 1.7762936438333157, '_a5_': -0.6245511673656419, '_a6_': -26.464431116456417, '_a1_': 1.0, '_a2_': 1.0, '_a3_': 1.0, '_a7_': 1.0}};{'d0': 0.02488548250186685};-276.524567593312;56.90298468650647
44122;-75.5590073437472;((_a4_ + -(((-(x) + _a5_) * (_a0_ * (pow2(_a5_) * ((_a5_ / _a7_) * (pow2(x) + _a0_))))))) * _a5_);{'d0': {'_a0_': 0.5246546186598476, '_a4_': 1.7762936440588657, '_a5_': -0.6245511674501719, '_a7_': 0.023599644566382524, '_a1_': 1.0, '_a2_': 1.0, '_a3_': 1.0, '_a6_': 1.0}};{'d0': 0.024885482501866816};-276.524567593313;62.703276452908874
44123;-75.5590073437472;((_a4_ + -(((-(x) + _a5_) * (_a0_ * (pow2(_a5_) * ((_a5_ / _a7_) * (pow2(x) + _a0_))))))) * _a5_);{'d0': {'_a0_': 0.5246546186598476, '_a4_': 1.7762936440588657, '_a5_': -0.6245511674501719, '_a7_': 0.023599644566382524, '_a1_': 1.0, '_a2_': 1.0, '_a3_': 1.0, '_a6_': 1.0}};{'d0': 0.024885482501866816};-276.524567593313;62.703276452908874
44124;-75.5590073437472;((_a4_ + -(((-(x) + _a5_) * (_a0_ * (pow2(_a5_) * ((_a5_ / _a7_) * (pow2(x) + _a0_))))))) * _a5_);{'d0': {'_a0_': 0.5246546186598476, '_a4_': 1.7762936440588657, '_a5_': -0.6245511674501719, '_a7_': 0.023599644566382524, '_a1_': 1.0, '_a2_': 1.0, '_a3_': 1.0, '_a6_': 1.0}};{'d0': 0.024885482501866816};-276.524567593313;62.703276452908874
44125;-75.5590073437472;((_a4_ + -(((-(x) + _a5_) * (_a0_ * (pow2(_a5_) * ((_a5_ / _a7_) * (pow2(x) + _a0_))))))) * _a5_);{'d0': {'_a0_': 0.5246546186598476, '_a4_': 1.7762936440588657, '_a5_': -0.6245511674501719, '_a7_': 0.023599644566382524, '_a1_': 1.0, '_a2_': 1.0, '_a3_': 1.0, '_a6_': 1.0}};{'d0': 0.024885482501866816};-276.524567593313;62.703276452908874
44126;-75.5590073437472;((_a4_ + -(((-(x) + _a5_) * (_a0_ * (pow2(_a5_) * ((_a5_ / _a7_) * (pow2(x) + _a0_))))))) * _a5_);{'d0': {'_a0_': 0.5246546186598476, '_a4_': 1.7762936440588657, '_a5_': -0.6245511674501719, '_a7_': 0.023599644566382524, '_a1_': 1.0, '_a2_': 1.0, '_a3_': 1.0, '_a6_': 1.0}};{'d0': 0.024885482501866816};-276.524567593313;62.703276452908874
44127;-75.5590073437472;((_a4_ + -(((-(x) + _a5_) * (_a0_ * (pow2(_a5_) * ((_a5_ / _a7_) * (pow2(x) + _a0_))))))) * _a5_);{'d0': {'_a0_': 0.5246546186598476, '_a4_': 1.7762936440588657, '_a5_': -0.6245511674501719, '_a7_': 0.023599644566382524, '_a1_': 1.0, '_a2_': 1.0, '_a3_': 1.0, '_a6_': 1.0}};{'d0': 0.024885482501866816};-276.524567593313;62.703276452908874
44128;-76.8752243837009;-((((_a1_ * ((pow2(((-(x) + -(_a7_)) * pow2(_a7_))) + (_a7_ + _a5_)) * x)) / _a7_) * _a3_));{'d0': {'_a1_': 6062993143.13605, '_a3_': -1.835029068292694e-08, '_a5_': -0.3078739887932021, '_a7_': 0.3119297084969534, '_a0_': 1.0, '_a2_': 1.0, '_a4_': 1.0, '_a6_': 1.0}};{'d0': 0.02490583292134107};-276.475521882185;61.362536557392005
44129;-76.8752243837009;-((((_a1_ * ((pow2(((-(x) + -(_a7_)) * pow2(_a7_))) + (_a7_ + _a5_)) * x)) / _a7_) * _a3_));{'d0': {'_a1_': 6062993143.13605, '_a3_': -1.835029068292694e-08, '_a5_': -0.3078739887932021, '_a7_': 0.3119297084969534, '_a0_': 1.0, '_a2_': 1.0, '_a4_': 1.0, '_a6_': 1.0}};{'d0': 0.02490583292134107};-276.475521882185;61.362536557392005
44130;-76.8752243837009;-((((_a1_ * ((pow2(((-(x) + -(_a7_)) * pow2(_a7_))) + (_a7_ + _a5_)) * x)) / _a7_) * _a3_));{'d0': {'_a1_': 6062993143.13605, '_a3_': -1.835029068292694e-08, '_a5_': -0.3078739887932021, '_a7_': 0.3119297084969534, '_a0_': 1.0, '_a2_': 1.0, '_a4_': 1.0, '_a6_': 1.0}};{'d0': 0.02490583292134107};-276.475521882185;61.362536557392005
44131;-76.8752243837009;-((((_a1_ * ((pow2(((-(x) + -(_a7_)) * pow2(_a7_))) + (_a7_ + _a5_)) * x)) / _a7_) * _a3_));{'d0': {'_a1_': 6062993143.13605, '_a3_': -1.835029068292694e-08, '_a5_': -0.3078739887932021, '_a7_': 0.3119297084969534, '_a0_': 1.0, '_a2_': 1.0, '_a4_': 1.0, '_a6_': 1.0}};{'d0': 0.02490583292134107};-276.475521882185;61.362536557392005
44132;-76.8752243837009;-((((_a1_ * ((pow2(((-(x) + -(_a7_)) * pow2(_a7_))) + (_a7_ + _a5_)) * x)) / _a7_) * _a3_));{'d0': {'_a1_': 6062993143.13605, '_a3_': -1.835029068292694e-08, '_a5_': -0.3078739887932021, '_a7_': 0.3119297084969534, '_a0_': 1.0, '_a2_': 1.0, '_a4_': 1.0, '_a6_': 1.0}};{'d0': 0.02490583292134107};-276.475521882185;61.362536557392005
44133;-76.8752243837009;-((((_a1_ * ((pow2(((-(x) + -(_a7_)) * pow2(_a7_))) + (_a7_ + _a5_)) * x)) / _a7_) * _a3_));{'d0': {'_a1_': 6062993143.13605, '_a3_': -1.835029068292694e-08, '_a5_': -0.3078739887932021, '_a7_': 0.3119297084969534, '_a0_': 1.0, '_a2_': 1.0, '_a4_': 1.0, '_a6_': 1.0}};{'d0': 0.02490583292134107};-276.475521882185;61.362536557392005
44134;-82.7958254276785;-((((_a1_ * ((pow2(((-(x) + -(_a7_)) * pow2(_a7_))) + _a2_) * x)) / _a7_) * _a3_));{'d0': {'_a1_': 995954524.7931842, '_a2_': 0.004055719652431215, '_a3_': -1.1170959303063643e-07, '_a7_': 0.31192970767213646, '_a0_': 1.0, '_a4_': 1.0, '_a5_': 1.0, '_a6_': 1.0}};{'d0': 0.02490583292553547};-276.475521872081;55.44193550836201
44135;-82.7958254276785;-((((_a1_ * ((pow2(((-(x) + -(_a7_)) * pow2(_a7_))) + _a2_) * x)) / _a7_) * _a3_));{'d0': {'_a1_': 995954524.7931842, '_a2_': 0.004055719652431215, '_a3_': -1.1170959303063643e-07, '_a7_': 0.31192970767213646, '_a0_': 1.0, '_a4_': 1.0, '_a5_': 1.0, '_a6_': 1.0}};{'d0': 0.02490583292553547};-276.475521872081;55.44193550836201
44136;-80.5731588520657;-((((_a1_ * ((pow2(((-(x) + -(_a7_)) * (_a7_ + _a7_))) + _a2_) * x)) / _a7_) * _a3_));{'d0': {'_a1_': 179837170.48557952, '_a2_': 0.16673026625558632, '_a3_': -1.5048874089044217e-08, '_a7_': 0.311929707904531, '_a0_': 1.0, '_a4_': 1.0, '_a5_': 1.0, '_a6_': 1.0}};{'d0': 0.024905832924865402};-276.475521873695;57.664602084782004
44137;-80.5731588520657;-((((_a1_ * ((pow2(((-(x) + -(_a7_)) * (_a7_ + _a7_))) + _a2_) * x)) / _a7_) * _a3_));{'d0': {'_a1_': 179837170.48557952, '_a2_': 0.16673026625558632, '_a3_': -1.5048874089044217e-08, '_a7_': 0.311929707904531, '_a0_': 1.0, '_a4_': 1.0, '_a5_': 1.0, '_a6_': 1.0}};{'d0': 0.024905832924865402};-276.475521873695;57.664602084782004
44138;-80.5731588585675;-((((_a1_ * ((pow2(((-(x) + -(_a7_)) * (_a7_ + _a1_))) + _a2_) * x)) / _a7_) * _a3_));{'d0': {'_a1_': 1483.1945118983126, '_a2_': 942800.5899861363, '_a3_': -3.226859482454744e-10, '_a7_': 0.3119297077510933, '_a0_': 1.0, '_a4_': 1.0, '_a5_': 1.0, '_a6_': 1.0}};{'d0': 0.024905832919467647};-276.475521886699;57.664602084782004
44139;-80.5731588585675;-((((_a1_ * ((pow2(((-(x) + -(_a7_)) * (_a7_ + _a1_))) + _a2_) * x)) / _a7_) * _a3_));{'d0': {'_a1_': 1483.1945118983126, '_a2_': 942800.5899861363, '_a3_': -3.226859482454744e-10, '_a7_': 0.3119297077510933, '_a0_': 1.0, '_a4_': 1.0, '_a5_': 1.0, '_a6_': 1.0}};{'d0': 0.024905832919467647};-276.475521886699;57.664602084782004
44140;-86.4937599075466;-((((_a1_ * ((pow2(((-(x) + -(_a7_)) * _a1_)) + _a2_) * x)) / _a7_) * _a3_));{'d0': {'_a1_': 1480.1287724531383, '_a2_': 938512.311999622, '_a3_': -3.248317935362046e-10, '_a7_': 0.31192970770616824, '_a0_': 1.0, '_a4_': 1.0, '_a5_': 1.0, '_a6_': 1.0}};{'d0': 0.024905832919509915};-276.475521886597;51.74400103575201
44141;-86.4937599075466;-((((_a1_ * ((pow2(((-(x) + -(_a7_)) * _a1_)) + _a2_) * x)) / _a7_) * _a3_));{'d0': {'_a1_': 1480.1287724531383, '_a2_': 938512.311999622, '_a3_': -3.248317935362046e-10, '_a7_': 0.31192970770616824, '_a0_': 1.0, '_a4_': 1.0, '_a5_': 1.0, '_a6_': 1.0}};{'d0': 0.024905832919509915};-276.475521886597;51.74400103575201
44142;-86.4937599075466;-((((_a1_ * ((pow2(((-(x) + -(_a7_)) * _a1_)) + _a2_) * x)) / _a7_) * _a3_));{'d0': {'_a1_': 1480.1287724531383, '_a2_': 938512.311999622, '_a3_': -3.248317935362046e-10, '_a7_': 0.31192970770616824, '_a0_': 1.0, '_a4_': 1.0, '_a5_': 1.0, '_a6_': 1.0}};{'d0': 0.024905832919509915};-276.475521886597;51.74400103575201
44143;-86.4937599075466;-((((_a1_ * ((pow2(((-(x) + -(_a7_)) * _a1_)) + _a2_) * x)) / _a7_) * _a3_));{'d0': {'_a1_': 1480.1287724531383, '_a2_': 938512.311999622, '_a3_': -3.248317935362046e-10, '_a7_': 0.31192970770616824, '_a0_': 1.0, '_a4_': 1.0, '_a5_': 1.0, '_a6_': 1.0}};{'d0': 0.024905832919509915};-276.475521886597;51.74400103575201
44144;-86.4937599075466;-((((_a1_ * ((pow2(((-(x) + -(_a7_)) * _a1_)) + _a2_) * x)) / _a7_) * _a3_));{'d0': {'_a1_': 1480.1287724531383, '_a2_': 938512.311999622, '_a3_': -3.248317935362046e-10, '_a7_': 0.31192970770616824, '_a0_': 1.0, '_a4_': 1.0, '_a5_': 1.0, '_a6_': 1.0}};{'d0': 0.024905832919509915};-276.475521886597;51.74400103575201
44145;-90.1747172233303;(((_a1_ * ((pow2(((-(x) + -(_a7_)) * _a1_)) + _a2_) * x)) / _a7_) * _a3_);{'d0': {'_a1_': 2108.2499385358406, '_a2_': 1904079.8716585094, '_a3_': 1.1240631932467937e-10, '_a7_': 0.3119297075810642, '_a0_': 1.0, '_a4_': 1.0, '_a5_': 1.0, '_a6_': 1.0}};{'d0': 0.024905832919906872};-276.475521885640;48.063043719490054
44146;-90.1747172233303;(((_a1_ * ((pow2(((-(x) + -(_a7_)) * _a1_)) + _a2_) * x)) / _a7_) * _a3_);{'d0': {'_a1_': 2108.2499385358406, '_a2_': 1904079.8716585094, '_a3_': 1.1240631932467937e-10, '_a7_': 0.3119297075810642, '_a0_': 1.0, '_a4_': 1.0, '_a5_': 1.0, '_a6_': 1.0}};{'d0': 0.024905832919906872};-276.475521885640;48.063043719490054
44147;-90.1747172233303;(((_a1_ * ((pow2(((-(x) + -(_a7_)) * _a1_)) + _a2_) * x)) / _a7_) * _a3_);{'d0': {'_a1_': 2108.2499385358406, '_a2_': 1904079.8716585094, '_a3_': 1.1240631932467937e-10, '_a7_': 0.3119297075810642, '_a0_': 1.0, '_a4_': 1.0, '_a5_': 1.0, '_a6_': 1.0}};{'d0': 0.024905832919906872};-276.475521885640;48.063043719490054
44148;-90.1747172233303;(((_a1_ * ((pow2(((-(x) + -(_a7_)) * _a1_)) + _a2_) * x)) / _a7_) * _a3_);{'d0': {'_a1_': 2108.2499385358406, '_a2_': 1904079.8716585094, '_a3_': 1.1240631932467937e-10, '_a7_': 0.3119297075810642, '_a0_': 1.0, '_a4_': 1.0, '_a5_': 1.0, '_a6_': 1.0}};{'d0': 0.024905832919906872};-276.475521885640;48.063043719490054
44149;-90.1747172233303;(((_a1_ * ((pow2(((-(x) + -(_a7_)) * _a1_)) + _a2_) * x)) / _a7_) * _a3_);{'d0': {'_a1_': 2108.2499385358406, '_a2_': 1904079.8716585094, '_a3_': 1.1240631932467937e-10, '_a7_': 0.3119297075810642, '_a0_': 1.0, '_a4_': 1.0, '_a5_': 1.0, '_a6_': 1.0}};{'d0': 0.024905832919906872};-276.475521885640;48.063043719490054
44150;-90.1747172233303;(((_a1_ * ((pow2(((-(x) + -(_a7_)) * _a1_)) + _a2_) * x)) / _a7_) * _a3_);{'d0': {'_a1_': 2108.2499385358406, '_a2_': 1904079.8716585094, '_a3_': 1.1240631932467937e-10, '_a7_': 0.3119297075810642, '_a0_': 1.0, '_a4_': 1.0, '_a5_': 1.0, '_a6_': 1.0}};{'d0': 0.024905832919906872};-276.475521885640;48.063043719490054
44151;-90.1747172233303;(((_a1_ * ((pow2(((-(x) + -(_a7_)) * _a1_)) + _a2_) * x)) / _a7_) * _a3_);{'d0': {'_a1_': 2108.2499385358406, '_a2_': 1904079.8716585094, '_a3_': 1.1240631932467937e-10, '_a7_': 0.3119297075810642, '_a0_': 1.0, '_a4_': 1.0, '_a5_': 1.0, '_a6_': 1.0}};{'d0': 0.024905832919906872};-276.475521885640;48.063043719490054
44152;-90.1747172233303;(((_a1_ * ((pow2(((-(x) + -(_a7_)) * _a1_)) + _a2_) * x)) / _a7_) * _a3_);{'d0': {'_a1_': 2108.2499385358406, '_a2_': 1904079.8716585094, '_a3_': 1.1240631932467937e-10, '_a7_': 0.3119297075810642, '_a0_': 1.0, '_a4_': 1.0, '_a5_': 1.0, '_a6_': 1.0}};{'d0': 0.024905832919906872};-276.475521885640;48.063043719490054
44153;-90.1747172233303;(((_a1_ * ((pow2(((-(x) + -(_a7_)) * _a1_)) + _a2_) * x)) / _a7_) * _a3_);{'d0': {'_a1_': 2108.2499385358406, '_a2_': 1904079.8716585094, '_a3_': 1.1240631932467937e-10, '_a7_': 0.3119297075810642, '_a0_': 1.0, '_a4_': 1.0, '_a5_': 1.0, '_a6_': 1.0}};{'d0': 0.024905832919906872};-276.475521885640;48.063043719490054
44154;-90.1747172233303;(((_a1_ * ((pow2(((-(x) + -(_a7_)) * _a1_)) + _a2_) * x)) / _a7_) * _a3_);{'d0': {'_a1_': 2108.2499385358406, '_a2_': 1904079.8716585094, '_a3_': 1.1240631932467937e-10, '_a7_': 0.3119297075810642, '_a0_': 1.0, '_a4_': 1.0, '_a5_': 1.0, '_a6_': 1.0}};{'d0': 0.024905832919906872};-276.475521885640;48.063043719490054
44155;-90.1747172233303;(((_a1_ * ((pow2(((-(x) + -(_a7_)) * _a1_)) + _a2_) * x)) / _a7_) * _a3_);{'d0': {'_a1_': 2108.2499385358406, '_a2_': 1904079.8716585094, '_a3_': 1.1240631932467937e-10, '_a7_': 0.3119297075810642, '_a0_': 1.0, '_a4_': 1.0, '_a5_': 1.0, '_a6_': 1.0}};{'d0': 0.024905832919906872};-276.475521885640;48.063043719490054
44156;-90.1747172233303;(((_a1_ * ((pow2(((-(x) + -(_a7_)) * _a1_)) + _a2_) * x)) / _a7_) * _a3_);{'d0': {'_a1_': 2108.2499385358406, '_a2_': 1904079.8716585094, '_a3_': 1.1240631932467937e-10, '_a7_': 0.3119297075810642, '_a0_': 1.0, '_a4_': 1.0, '_a5_': 1.0, '_a6_': 1.0}};{'d0': 0.024905832919906872};-276.475521885640;48.063043719490054
44157;-90.1747172233303;(((_a1_ * ((pow2(((-(x) + -(_a7_)) * _a1_)) + _a2_) * x)) / _a7_) * _a3_);{'d0': {'_a1_': 2108.2499385358406, '_a2_': 1904079.8716585094, '_a3_': 1.1240631932467937e-10, '_a7_': 0.3119297075810642, '_a0_': 1.0, '_a4_': 1.0, '_a5_': 1.0, '_a6_': 1.0}};{'d0': 0.024905832919906872};-276.475521885640;48.063043719490054
44158;-90.1747172233303;(((_a1_ * ((pow2(((-(x) + -(_a7_)) * _a1_)) + _a2_) * x)) / _a7_) * _a3_);{'d0': {'_a1_': 2108.2499385358406, '_a2_': 1904079.8716585094, '_a3_': 1.1240631932467937e-10, '_a7_': 0.3119297075810642, '_a0_': 1.0, '_a4_': 1.0, '_a5_': 1.0, '_a6_': 1.0}};{'d0': 0.024905832919906872};-276.475521885640;48.063043719490054
44159;-90.1747172233303;(((_a1_ * ((pow2(((-(x) + -(_a7_)) * _a1_)) + _a2_) * x)) / _a7_) * _a3_);{'d0': {'_a1_': 2108.2499385358406, '_a2_': 1904079.8716585094, '_a3_': 1.1240631932467937e-10, '_a7_': 0.3119297075810642, '_a0_': 1.0, '_a4_': 1.0, '_a5_': 1.0, '_a6_': 1.0}};{'d0': 0.024905832919906872};-276.475521885640;48.063043719490054
44160;-90.1747172233303;(((_a1_ * ((pow2(((-(x) + -(_a7_)) * _a1_)) + _a2_) * x)) / _a7_) * _a3_);{'d0': {'_a1_': 2108.2499385358406, '_a2_': 1904079.8716585094, '_a3_': 1.1240631932467937e-10, '_a7_': 0.3119297075810642, '_a0_': 1.0, '_a4_': 1.0, '_a5_': 1.0, '_a6_': 1.0}};{'d0': 0.024905832919906872};-276.475521885640;48.063043719490054
44161;-99.4619796209258;(((_a6_ * pow2(_a4_)) + ((_a1_ + x) * x)) * ((_a6_ * x) + x));{'d0': {'_a1_': 0.62385941553671, '_a4_': 0.47029768832907043, '_a6_': 2.3767608778219826, '_a0_': 1.0, '_a2_': 1.0, '_a3_': 1.0, '_a5_': 1.0, '_a7_': 1.0}};{'d0': 0.02490583291941664};-280.569866449044;40.8229536035961
44162;-90.1747172233303;(((_a1_ * ((pow2(((-(x) + -(_a7_)) * _a1_)) + _a2_) * x)) / _a7_) * _a3_);{'d0': {'_a1_': 2108.2499385358406, '_a2_': 1904079.8716585094, '_a3_': 1.1240631932467937e-10, '_a7_': 0.3119297075810642, '_a0_': 1.0, '_a4_': 1.0, '_a5_': 1.0, '_a6_': 1.0}};{'d0': 0.024905832919906872};-276.475521885640;48.063043719490054
44163;-90.1747172233303;(((_a1_ * ((pow2(((-(x) + -(_a7_)) * _a1_)) + _a2_) * x)) / _a7_) * _a3_);{'d0': {'_a1_': 2108.2499385358406, '_a2_': 1904079.8716585094, '_a3_': 1.1240631932467937e-10, '_a7_': 0.3119297075810642, '_a0_': 1.0, '_a4_': 1.0, '_a5_': 1.0, '_a6_': 1.0}};{'d0': 0.024905832919906872};-276.475521885640;48.063043719490054
44164;-90.1747172233303;(((_a1_ * ((pow2(((-(x) + -(_a7_)) * _a1_)) + _a2_) * x)) / _a7_) * _a3_);{'d0': {'_a1_': 2108.2499385358406, '_a2_': 1904079.8716585094, '_a3_': 1.1240631932467937e-10, '_a7_': 0.3119297075810642, '_a0_': 1.0, '_a4_': 1.0, '_a5_': 1.0, '_a6_': 1.0}};{'d0': 0.024905832919906872};-276.475521885640;48.063043719490054
44165;-90.1747172233303;(((_a1_ * ((pow2(((-(x) + -(_a7_)) * _a1_)) + _a2_) * x)) / _a7_) * _a3_);{'d0': {'_a1_': 2108.2499385358406, '_a2_': 1904079.8716585094, '_a3_': 1.1240631932467937e-10, '_a7_': 0.3119297075810642, '_a0_': 1.0, '_a4_': 1.0, '_a5_': 1.0, '_a6_': 1.0}};{'d0': 0.024905832919906872};-276.475521885640;48.063043719490054
44166;-90.1747172233303;(((_a1_ * ((pow2(((-(x) + -(_a7_)) * _a1_)) + _a2_) * x)) / _a7_) * _a3_);{'d0': {'_a1_': 2108.2499385358406, '_a2_': 1904079.8716585094, '_a3_': 1.1240631932467937e-10, '_a7_': 0.3119297075810642, '_a0_': 1.0, '_a4_': 1.0, '_a5_': 1.0, '_a6_': 1.0}};{'d0': 0.024905832919906872};-276.475521885640;48.063043719490054
44167;-90.1747172233303;(((_a1_ * ((pow2(((-(x) + -(_a7_)) * _a1_)) + _a2_) * x)) / _a7_) * _a3_);{'d0': {'_a1_': 2108.2499385358406, '_a2_': 1904079.8716585094, '_a3_': 1.1240631932467937e-10, '_a7_': 0.3119297075810642, '_a0_': 1.0, '_a4_': 1.0, '_a5_': 1.0, '_a6_': 1.0}};{'d0': 0.024905832919906872};-276.475521885640;48.063043719490054
44168;-90.1747172233303;(((_a1_ * ((pow2(((-(x) + -(_a7_)) * _a1_)) + _a2_) * x)) / _a7_) * _a3_);{'d0': {'_a1_': 2108.2499385358406, '_a2_': 1904079.8716585094, '_a3_': 1.1240631932467937e-10, '_a7_': 0.3119297075810642, '_a0_': 1.0, '_a4_': 1.0, '_a5_': 1.0, '_a6_': 1.0}};{'d0': 0.024905832919906872};-276.475521885640;48.063043719490054
44169;-90.1747172233303;(((_a1_ * ((pow2(((-(x) + -(_a7_)) * _a1_)) + _a2_) * x)) / _a7_) * _a3_);{'d0': {'_a1_': 2108.2499385358406, '_a2_': 1904079.8716585094, '_a3_': 1.1240631932467937e-10, '_a7_': 0.3119297075810642, '_a0_': 1.0, '_a4_': 1.0, '_a5_': 1.0, '_a6_': 1.0}};{'d0': 0.024905832919906872};-276.475521885640;48.063043719490054
44170;-90.1747172233303;(((_a1_ * ((pow2(((-(x) + -(_a7_)) * _a1_)) + _a2_) * x)) / _a7_) * _a3_);{'d0': {'_a1_': 2108.2499385358406, '_a2_': 1904079.8716585094, '_a3_': 1.1240631932467937e-10, '_a7_': 0.3119297075810642, '_a0_': 1.0, '_a4_': 1.0, '_a5_': 1.0, '_a6_': 1.0}};{'d0': 0.024905832919906872};-276.475521885640;48.063043719490054
44171;-90.1747172233303;(((_a1_ * ((pow2(((-(x) + -(_a7_)) * _a1_)) + _a2_) * x)) / _a7_) * _a3_);{'d0': {'_a1_': 2108.2499385358406, '_a2_': 1904079.8716585094, '_a3_': 1.1240631932467937e-10, '_a7_': 0.3119297075810642, '_a0_': 1.0, '_a4_': 1.0, '_a5_': 1.0, '_a6_': 1.0}};{'d0': 0.024905832919906872};-276.475521885640;48.063043719490054
44172;-90.1747172233303;(((_a1_ * ((pow2(((-(x) + -(_a7_)) * _a1_)) + _a2_) * x)) / _a7_) * _a3_);{'d0': {'_a1_': 2108.2499385358406, '_a2_': 1904079.8716585094, '_a3_': 1.1240631932467937e-10, '_a7_': 0.3119297075810642, '_a0_': 1.0, '_a4_': 1.0, '_a5_': 1.0, '_a6_': 1.0}};{'d0': 0.024905832919906872};-276.475521885640;48.063043719490054
44173;-90.1747172233303;(((_a1_ * ((pow2(((-(x) + -(_a7_)) * _a1_)) + _a2_) * x)) / _a7_) * _a3_);{'d0': {'_a1_': 2108.2499385358406, '_a2_': 1904079.8716585094, '_a3_': 1.1240631932467937e-10, '_a7_': 0.3119297075810642, '_a0_': 1.0, '_a4_': 1.0, '_a5_': 1.0, '_a6_': 1.0}};{'d0': 0.024905832919906872};-276.475521885640;48.063043719490054
44174;-90.1747172233303;(((_a1_ * ((pow2(((-(x) + -(_a7_)) * _a1_)) + _a2_) * x)) / _a7_) * _a3_);{'d0': {'_a1_': 2108.2499385358406, '_a2_': 1904079.8716585094, '_a3_': 1.1240631932467937e-10, '_a7_': 0.3119297075810642, '_a0_': 1.0, '_a4_': 1.0, '_a5_': 1.0, '_a6_': 1.0}};{'d0': 0.024905832919906872};-276.475521885640;48.063043719490054
44175;-90.1747172233303;(((_a1_ * ((pow2(((-(x) + -(_a7_)) * _a1_)) + _a2_) * x)) / _a7_) * _a3_);{'d0': {'_a1_': 2108.2499385358406, '_a2_': 1904079.8716585094, '_a3_': 1.1240631932467937e-10, '_a7_': 0.3119297075810642, '_a0_': 1.0, '_a4_': 1.0, '_a5_': 1.0, '_a6_': 1.0}};{'d0': 0.024905832919906872};-276.475521885640;48.063043719490054
44176;-90.1747172233303;(((_a1_ * ((pow2(((-(x) + -(_a7_)) * _a1_)) + _a2_) * x)) / _a7_) * _a3_);{'d0': {'_a1_': 2108.2499385358406, '_a2_': 1904079.8716585094, '_a3_': 1.1240631932467937e-10, '_a7_': 0.3119297075810642, '_a0_': 1.0, '_a4_': 1.0, '_a5_': 1.0, '_a6_': 1.0}};{'d0': 0.024905832919906872};-276.475521885640;48.063043719490054
44177;-90.1747172233303;(((_a1_ * ((pow2(((-(x) + -(_a7_)) * _a1_)) + _a2_) * x)) / _a7_) * _a3_);{'d0': {'_a1_': 2108.2499385358406, '_a2_': 1904079.8716585094, '_a3_': 1.1240631932467937e-10, '_a7_': 0.3119297075810642, '_a0_': 1.0, '_a4_': 1.0, '_a5_': 1.0, '_a6_': 1.0}};{'d0': 0.024905832919906872};-276.475521885640;48.063043719490054
44178;-90.1747172233303;(((_a1_ * ((pow2(((-(x) + -(_a7_)) * _a1_)) + _a2_) * x)) / _a7_) * _a3_);{'d0': {'_a1_': 2108.2499385358406, '_a2_': 1904079.8716585094, '_a3_': 1.1240631932467937e-10, '_a7_': 0.3119297075810642, '_a0_': 1.0, '_a4_': 1.0, '_a5_': 1.0, '_a6_': 1.0}};{'d0': 0.024905832919906872};-276.475521885640;48.063043719490054
44179;-90.1747172233303;(((_a1_ * ((pow2(((-(x) + -(_a7_)) * _a1_)) + _a2_) * x)) / _a7_) * _a3_);{'d0': {'_a1_': 2108.2499385358406, '_a2_': 1904079.8716585094, '_a3_': 1.1240631932467937e-10, '_a7_': 0.3119297075810642, '_a0_': 1.0, '_a4_': 1.0, '_a5_': 1.0, '_a6_': 1.0}};{'d0': 0.024905832919906872};-276.475521885640;48.063043719490054
44180;-90.1747172233303;(((_a1_ * ((pow2(((-(x) + -(_a7_)) * _a1_)) + _a2_) * x)) / _a7_) * _a3_);{'d0': {'_a1_': 2108.2499385358406, '_a2_': 1904079.8716585094, '_a3_': 1.1240631932467937e-10, '_a7_': 0.3119297075810642, '_a0_': 1.0, '_a4_': 1.0, '_a5_': 1.0, '_a6_': 1.0}};{'d0': 0.024905832919906872};-276.475521885640;48.063043719490054
44181;-90.1747172233303;(((_a1_ * ((pow2(((-(x) + -(_a7_)) * _a1_)) + _a2_) * x)) / _a7_) * _a3_);{'d0': {'_a1_': 2108.2499385358406, '_a2_': 1904079.8716585094, '_a3_': 1.1240631932467937e-10, '_a7_': 0.3119297075810642, '_a0_': 1.0, '_a4_': 1.0, '_a5_': 1.0, '_a6_': 1.0}};{'d0': 0.024905832919906872};-276.475521885640;48.063043719490054
44182;-90.1747172233303;(((_a1_ * ((pow2(((-(x) + -(_a7_)) * _a1_)) + _a2_) * x)) / _a7_) * _a3_);{'d0': {'_a1_': 2108.2499385358406, '_a2_': 1904079.8716585094, '_a3_': 1.1240631932467937e-10, '_a7_': 0.3119297075810642, '_a0_': 1.0, '_a4_': 1.0, '_a5_': 1.0, '_a6_': 1.0}};{'d0': 0.024905832919906872};-276.475521885640;48.063043719490054
44183;-90.1747172233303;(((_a1_ * ((pow2(((-(x) + -(_a7_)) * _a1_)) + _a2_) * x)) / _a7_) * _a3_);{'d0': {'_a1_': 2108.2499385358406, '_a2_': 1904079.8716585094, '_a3_': 1.1240631932467937e-10, '_a7_': 0.3119297075810642, '_a0_': 1.0, '_a4_': 1.0, '_a5_': 1.0, '_a6_': 1.0}};{'d0': 0.024905832919906872};-276.475521885640;48.063043719490054
44184;-90.1747172233303;(((_a1_ * ((pow2(((-(x) + -(_a7_)) * _a1_)) + _a2_) * x)) / _a7_) * _a3_);{'d0': {'_a1_': 2108.2499385358406, '_a2_': 1904079.8716585094, '_a3_': 1.1240631932467937e-10, '_a7_': 0.3119297075810642, '_a0_': 1.0, '_a4_': 1.0, '_a5_': 1.0, '_a6_': 1.0}};{'d0': 0.024905832919906872};-276.475521885640;48.063043719490054
44185;-90.1747172233303;(((_a1_ * ((pow2(((-(x) + -(_a7_)) * _a1_)) + _a2_) * x)) / _a7_) * _a3_);{'d0': {'_a1_': 2108.2499385358406, '_a2_': 1904079.8716585094, '_a3_': 1.1240631932467937e-10, '_a7_': 0.3119297075810642, '_a0_': 1.0, '_a4_': 1.0, '_a5_': 1.0, '_a6_': 1.0}};{'d0': 0.024905832919906872};-276.475521885640;48.063043719490054
44186;-97.1712294304889;((_a1_ * ((pow2(((-(x) + -(_a7_)) * _a1_)) + _a2_) * x)) / _a7_);{'d0': {'_a1_': 1.0174639144091069, '_a2_': 0.44348507167471274, '_a7_': 0.3119297078791208, '_a0_': 1.0, '_a3_': 1.0, '_a4_': 1.0, '_a5_': 1.0, '_a6_': 1.0}};{'d0': 0.024905832919416664};-280.569866449044;43.11370379403306
44187;-97.1712294304889;((_a1_ * ((pow2(((-(x) + -(_a7_)) * _a1_)) + _a2_) * x)) / _a7_);{'d0': {'_a1_': 1.0174639144091069, '_a2_': 0.44348507167471274, '_a7_': 0.3119297078791208, '_a0_': 1.0, '_a3_': 1.0, '_a4_': 1.0, '_a5_': 1.0, '_a6_': 1.0}};{'d0': 0.024905832919416664};-280.569866449044;43.11370379403306
44188;-97.1712294304889;((_a1_ * ((pow2(((-(x) + -(_a7_)) * _a1_)) + _a2_) * x)) / _a7_);{'d0': {'_a1_': 1.0174639144091069, '_a2_': 0.44348507167471274, '_a7_': 0.3119297078791208, '_a0_': 1.0, '_a3_': 1.0, '_a4_': 1.0, '_a5_': 1.0, '_a6_': 1.0}};{'d0': 0.024905832919416664};-280.569866449044;43.11370379403306
44189;-97.1712294304889;((_a1_ * ((pow2(((-(x) + -(_a7_)) * _a1_)) + _a2_) * x)) / _a7_);{'d0': {'_a1_': 1.0174639144091069, '_a2_': 0.44348507167471274, '_a7_': 0.3119297078791208, '_a0_': 1.0, '_a3_': 1.0, '_a4_': 1.0, '_a5_': 1.0, '_a6_': 1.0}};{'d0': 0.024905832919416664};-280.569866449044;43.11370379403306
44190;-97.1712294304889;((_a1_ * ((pow2(((-(x) + -(_a7_)) * _a1_)) + _a2_) * x)) / _a7_);{'d0': {'_a1_': 1.0174639144091069, '_a2_': 0.44348507167471274, '_a7_': 0.3119297078791208, '_a0_': 1.0, '_a3_': 1.0, '_a4_': 1.0, '_a5_': 1.0, '_a6_': 1.0}};{'d0': 0.024905832919416664};-280.569866449044;43.11370379403306
44191;-97.1712294304889;((_a1_ * ((pow2(((-(x) + -(_a7_)) * _a1_)) + _a2_) * x)) / _a7_);{'d0': {'_a1_': 1.0174639144091069, '_a2_': 0.44348507167471274, '_a7_': 0.3119297078791208, '_a0_': 1.0, '_a3_': 1.0, '_a4_': 1.0, '_a5_': 1.0, '_a6_': 1.0}};{'d0': 0.024905832919416664};-280.569866449044;43.11370379403306
44192;-97.1712294304889;((_a1_ * ((pow2(((-(x) + -(_a7_)) * _a1_)) + _a2_) * x)) / _a7_);{'d0': {'_a1_': 1.0174639144091069, '_a2_': 0.44348507167471274, '_a7_': 0.3119297078791208, '_a0_': 1.0, '_a3_': 1.0, '_a4_': 1.0, '_a5_': 1.0, '_a6_': 1.0}};{'d0': 0.024905832919416664};-280.569866449044;43.11370379403306
44193;-97.1712294304889;((_a1_ * ((pow2(((-(x) + -(_a7_)) * _a1_)) + _a2_) * x)) / _a7_);{'d0': {'_a1_': 1.0174639144091069, '_a2_': 0.44348507167471274, '_a7_': 0.3119297078791208, '_a0_': 1.0, '_a3_': 1.0, '_a4_': 1.0, '_a5_': 1.0, '_a6_': 1.0}};{'d0': 0.024905832919416664};-280.569866449044;43.11370379403306
44194;-97.1712294304889;((_a1_ * ((pow2(((-(x) + -(_a7_)) * _a1_)) + _a2_) * x)) / _a7_);{'d0': {'_a1_': 1.0174639144091069, '_a2_': 0.44348507167471274, '_a7_': 0.3119297078791208, '_a0_': 1.0, '_a3_': 1.0, '_a4_': 1.0, '_a5_': 1.0, '_a6_': 1.0}};{'d0': 0.024905832919416664};-280.569866449044;43.11370379403306
44195;-89.8088097199642;(x * (pow2((_a3_ + (x * (_a0_ / -(_a2_))))) + -((-(_a2_) * -(x)))));{'d0': {'_a0_': -5.126876186019843, '_a2_': 2.7899901853933082, '_a3_': 1.3323420747585815, '_a1_': 1.0, '_a4_': 1.0, '_a5_': 1.0, '_a6_': 1.0, '_a7_': 1.0}};{'d0': 0.02490583291941659};-280.569866449044;50.476123504557606
44196;-97.1712294304889;((_a1_ * ((pow2(((-(x) + -(_a7_)) * _a1_)) + _a2_) * x)) / _a7_);{'d0': {'_a1_': 1.0174639144091069, '_a2_': 0.44348507167471274, '_a7_': 0.3119297078791208, '_a0_': 1.0, '_a3_': 1.0, '_a4_': 1.0, '_a5_': 1.0, '_a6_': 1.0}};{'d0': 0.024905832919416664};-280.569866449044;43.11370379403306
44197;-97.1712294304889;((_a1_ * ((pow2(((-(x) + -(_a7_)) * _a1_)) + _a2_) * x)) / _a7_);{'d0': {'_a1_': 1.0174639144091069, '_a2_': 0.44348507167471274, '_a7_': 0.3119297078791208, '_a0_': 1.0, '_a3_': 1.0, '_a4_': 1.0, '_a5_': 1.0, '_a6_': 1.0}};{'d0': 0.024905832919416664};-280.569866449044;43.11370379403306
44198;-97.1712294304889;((_a1_ * ((pow2(((-(x) + -(_a7_)) * _a1_)) + _a2_) * x)) / _a7_);{'d0': {'_a1_': 1.0174639144091069, '_a2_': 0.44348507167471274, '_a7_': 0.3119297078791208, '_a0_': 1.0, '_a3_': 1.0, '_a4_': 1.0, '_a5_': 1.0, '_a6_': 1.0}};{'d0': 0.024905832919416664};-280.569866449044;43.11370379403306
44199;-97.1712294304889;((_a1_ * ((pow2(((-(x) + -(_a7_)) * _a1_)) + _a2_) * x)) / _a7_);{'d0': {'_a1_': 1.0174639144091069, '_a2_': 0.44348507167471274, '_a7_': 0.3119297078791208, '_a0_': 1.0, '_a3_': 1.0, '_a4_': 1.0, '_a5_': 1.0, '_a6_': 1.0}};{'d0': 0.024905832919416664};-280.569866449044;43.11370379403306
44200;-97.1712294304889;((_a1_ * ((pow2(((-(x) + -(_a7_)) * _a1_)) + _a2_) * x)) / _a7_);{'d0': {'_a1_': 1.0174639144091069, '_a2_': 0.44348507167471274, '_a7_': 0.3119297078791208, '_a0_': 1.0, '_a3_': 1.0, '_a4_': 1.0, '_a5_': 1.0, '_a6_': 1.0}};{'d0': 0.024905832919416664};-280.569866449044;43.11370379403306
44201;-97.1712294304889;((_a1_ * ((pow2(((-(x) + -(_a7_)) * _a1_)) + _a2_) * x)) / _a7_);{'d0': {'_a1_': 1.0174639144091069, '_a2_': 0.44348507167471274, '_a7_': 0.3119297078791208, '_a0_': 1.0, '_a3_': 1.0, '_a4_': 1.0, '_a5_': 1.0, '_a6_': 1.0}};{'d0': 0.024905832919416664};-280.569866449044;43.11370379403306
44202;-102.971521196891;(_a1_ * ((pow2(((-(x) + -(_a7_)) * _a1_)) + _a2_) * x));{'d0': {'_a1_': 1.500260825362985, '_a2_': 0.9642163982972007, '_a7_': 0.31192970774814055, '_a0_': 1.0, '_a3_': 1.0, '_a4_': 1.0, '_a5_': 1.0, '_a6_': 1.0}};{'d0': 0.024905832919416653};-280.569866449044;37.313412027630655
44203;-102.971521196891;(_a1_ * ((pow2(((-(x) + -(_a7_)) * _a1_)) + _a2_) * x));{'d0': {'_a1_': 1.500260825362985, '_a2_': 0.9642163982972007, '_a7_': 0.31192970774814055, '_a0_': 1.0, '_a3_': 1.0, '_a4_': 1.0, '_a5_': 1.0, '_a6_': 1.0}};{'d0': 0.024905832919416653};-280.569866449044;37.313412027630655
44204;-102.971521196891;(_a1_ * ((pow2(((-(x) + -(_a7_)) * _a1_)) + _a2_) * x));{'d0': {'_a1_': 1.500260825362985, '_a2_': 0.9642163982972007, '_a7_': 0.31192970774814055, '_a0_': 1.0, '_a3_': 1.0, '_a4_': 1.0, '_a5_': 1.0, '_a6_': 1.0}};{'d0': 0.024905832919416653};-280.569866449044;37.313412027630655
44205;-102.971521196891;(_a1_ * ((pow2(((-(x) + -(_a7_)) * _a1_)) + _a2_) * x));{'d0': {'_a1_': 1.500260825362985, '_a2_': 0.9642163982972007, '_a7_': 0.31192970774814055, '_a0_': 1.0, '_a3_': 1.0, '_a4_': 1.0, '_a5_': 1.0, '_a6_': 1.0}};{'d0': 0.024905832919416653};-280.569866449044;37.313412027630655
44206;-102.971521196891;(_a1_ * ((pow2(((-(x) + -(_a7_)) * _a1_)) + _a2_) * x));{'d0': {'_a1_': 1.500260825362985, '_a2_': 0.9642163982972007, '_a7_': 0.31192970774814055, '_a0_': 1.0, '_a3_': 1.0, '_a4_': 1.0, '_a5_': 1.0, '_a6_': 1.0}};{'d0': 0.024905832919416653};-280.569866449044;37.313412027630655
44207;-102.971521196891;(_a1_ * ((pow2(((-(x) + -(_a7_)) * _a1_)) + _a2_) * x));{'d0': {'_a1_': 1.500260825362985, '_a2_': 0.9642163982972007, '_a7_': 0.31192970774814055, '_a0_': 1.0, '_a3_': 1.0, '_a4_': 1.0, '_a5_': 1.0, '_a6_': 1.0}};{'d0': 0.024905832919416653};-280.569866449044;37.313412027630655
44208;-102.971521196891;(_a1_ * ((pow2(((-(x) + -(_a7_)) * _a1_)) + _a2_) * x));{'d0': {'_a1_': 1.500260825362985, '_a2_': 0.9642163982972007, '_a7_': 0.31192970774814055, '_a0_': 1.0, '_a3_': 1.0, '_a4_': 1.0, '_a5_': 1.0, '_a6_': 1.0}};{'d0': 0.024905832919416653};-280.569866449044;37.313412027630655
44209;-106.651973435152;(_a1_ * ((pow2(((-(x) + _a0_) * _a1_)) + _a2_) * x));{'d0': {'_a0_': -0.311929707798163, '_a1_': 1.5002608254484968, '_a2_': 0.9642163982113525, '_a3_': 1.0, '_a4_': 1.0, '_a5_': 1.0, '_a6_': 1.0, '_a7_': 1.0}};{'d0': 0.02490583291941666};-280.569866449044;33.63295978936949
44210;-106.651973435152;(_a1_ * ((pow2(((-(x) + _a0_) * _a1_)) + _a2_) * x));{'d0': {'_a0_': -0.311929707798163, '_a1_': 1.5002608254484968, '_a2_': 0.9642163982113525, '_a3_': 1.0, '_a4_': 1.0, '_a5_': 1.0, '_a6_': 1.0, '_a7_': 1.0}};{'d0': 0.02490583291941666};-280.569866449044;33.63295978936949
44211;-106.651973435152;(_a1_ * ((pow2(((-(x) + _a0_) * _a1_)) + _a2_) * x));{'d0': {'_a0_': -0.311929707798163, '_a1_': 1.5002608254484968, '_a2_': 0.9642163982113525, '_a3_': 1.0, '_a4_': 1.0, '_a5_': 1.0, '_a6_': 1.0, '_a7_': 1.0}};{'d0': 0.02490583291941666};-280.569866449044;33.63295978936949
44212;-106.651973435152;(_a1_ * ((pow2(((-(x) + _a0_) * _a1_)) + _a2_) * x));{'d0': {'_a0_': -0.311929707798163, '_a1_': 1.5002608254484968, '_a2_': 0.9642163982113525, '_a3_': 1.0, '_a4_': 1.0, '_a5_': 1.0, '_a6_': 1.0, '_a7_': 1.0}};{'d0': 0.02490583291941666};-280.569866449044;33.63295978936949
44213;-106.651973435152;(_a1_ * ((pow2(((-(x) + _a0_) * _a1_)) + _a2_) * x));{'d0': {'_a0_': -0.311929707798163, '_a1_': 1.5002608254484968, '_a2_': 0.9642163982113525, '_a3_': 1.0, '_a4_': 1.0, '_a5_': 1.0, '_a6_': 1.0, '_a7_': 1.0}};{'d0': 0.02490583291941666};-280.569866449044;33.63295978936949
44214;-106.651973435152;(_a1_ * ((pow2(((-(x) + _a0_) * _a1_)) + _a2_) * x));{'d0': {'_a0_': -0.311929707798163, '_a1_': 1.5002608254484968, '_a2_': 0.9642163982113525, '_a3_': 1.0, '_a4_': 1.0, '_a5_': 1.0, '_a6_': 1.0, '_a7_': 1.0}};{'d0': 0.02490583291941666};-280.569866449044;33.63295978936949
44215;-106.651973435152;(_a1_ * ((pow2(((-(x) + _a0_) * _a1_)) + _a2_) * x));{'d0': {'_a0_': -0.311929707798163, '_a1_': 1.5002608254484968, '_a2_': 0.9642163982113525, '_a3_': 1.0, '_a4_': 1.0, '_a5_': 1.0, '_a6_': 1.0, '_a7_': 1.0}};{'d0': 0.02490583291941666};-280.569866449044;33.63295978936949
44216;-106.651973435152;(_a1_ * ((pow2(((-(x) + _a0_) * _a1_)) + _a2_) * x));{'d0': {'_a0_': -0.311929707798163, '_a1_': 1.5002608254484968, '_a2_': 0.9642163982113525, '_a3_': 1.0, '_a4_': 1.0, '_a5_': 1.0, '_a6_': 1.0, '_a7_': 1.0}};{'d0': 0.02490583291941666};-280.569866449044;33.63295978936949
44217;-106.651973435152;(_a1_ * ((pow2(((-(x) + _a0_) * _a1_)) + _a2_) * x));{'d0': {'_a0_': -0.311929707798163, '_a1_': 1.5002608254484968, '_a2_': 0.9642163982113525, '_a3_': 1.0, '_a4_': 1.0, '_a5_': 1.0, '_a6_': 1.0, '_a7_': 1.0}};{'d0': 0.02490583291941666};-280.569866449044;33.63295978936949
44218;-106.651973435152;(_a1_ * ((pow2(((-(x) + _a0_) * _a1_)) + _a2_) * x));{'d0': {'_a0_': -0.311929707798163, '_a1_': 1.5002608254484968, '_a2_': 0.9642163982113525, '_a3_': 1.0, '_a4_': 1.0, '_a5_': 1.0, '_a6_': 1.0, '_a7_': 1.0}};{'d0': 0.02490583291941666};-280.569866449044;33.63295978936949
44219;-106.651973435152;(_a1_ * ((pow2(((-(x) + _a0_) * _a1_)) + _a2_) * x));{'d0': {'_a0_': -0.311929707798163, '_a1_': 1.5002608254484968, '_a2_': 0.9642163982113525, '_a3_': 1.0, '_a4_': 1.0, '_a5_': 1.0, '_a6_': 1.0, '_a7_': 1.0}};{'d0': 0.02490583291941666};-280.569866449044;33.63295978936949
44220;-106.651973435152;(_a1_ * ((pow2(((-(x) + _a0_) * _a1_)) + _a2_) * x));{'d0': {'_a0_': -0.311929707798163, '_a1_': 1.5002608254484968, '_a2_': 0.9642163982113525, '_a3_': 1.0, '_a4_': 1.0, '_a5_': 1.0, '_a6_': 1.0, '_a7_': 1.0}};{'d0': 0.02490583291941666};-280.569866449044;33.63295978936949
44221;-106.651973435152;(_a1_ * ((pow2(((-(x) + _a0_) * _a1_)) + _a2_) * x));{'d0': {'_a0_': -0.311929707798163, '_a1_': 1.5002608254484968, '_a2_': 0.9642163982113525, '_a3_': 1.0, '_a4_': 1.0, '_a5_': 1.0, '_a6_': 1.0, '_a7_': 1.0}};{'d0': 0.02490583291941666};-280.569866449044;33.63295978936949
44222;-106.651973435152;(_a1_ * ((pow2(((-(x) + _a0_) * _a1_)) + _a2_) * x));{'d0': {'_a0_': -0.311929707798163, '_a1_': 1.5002608254484968, '_a2_': 0.9642163982113525, '_a3_': 1.0, '_a4_': 1.0, '_a5_': 1.0, '_a6_': 1.0, '_a7_': 1.0}};{'d0': 0.02490583291941666};-280.569866449044;33.63295978936949
44223;-106.651973435152;(_a1_ * ((pow2(((-(x) + _a0_) * _a1_)) + _a2_) * x));{'d0': {'_a0_': -0.311929707798163, '_a1_': 1.5002608254484968, '_a2_': 0.9642163982113525, '_a3_': 1.0, '_a4_': 1.0, '_a5_': 1.0, '_a6_': 1.0, '_a7_': 1.0}};{'d0': 0.02490583291941666};-280.569866449044;33.63295978936949
44224;-106.651973435152;(_a1_ * ((pow2(((-(x) + _a0_) * _a1_)) + _a2_) * x));{'d0': {'_a0_': -0.311929707798163, '_a1_': 1.5002608254484968, '_a2_': 0.9642163982113525, '_a3_': 1.0, '_a4_': 1.0, '_a5_': 1.0, '_a6_': 1.0, '_a7_': 1.0}};{'d0': 0.02490583291941666};-280.569866449044;33.63295978936949
44225;-106.651973435152;(_a1_ * ((pow2(((-(x) + _a0_) * _a1_)) + _a2_) * x));{'d0': {'_a0_': -0.311929707798163, '_a1_': 1.5002608254484968, '_a2_': 0.9642163982113525, '_a3_': 1.0, '_a4_': 1.0, '_a5_': 1.0, '_a6_': 1.0, '_a7_': 1.0}};{'d0': 0.02490583291941666};-280.569866449044;33.63295978936949
44226;-106.651973435152;(_a1_ * ((pow2(((-(x) + _a0_) * _a1_)) + _a2_) * x));{'d0': {'_a0_': -0.311929707798163, '_a1_': 1.5002608254484968, '_a2_': 0.9642163982113525, '_a3_': 1.0, '_a4_': 1.0, '_a5_': 1.0, '_a6_': 1.0, '_a7_': 1.0}};{'d0': 0.02490583291941666};-280.569866449044;33.63295978936949
44227;-106.651973435152;(_a1_ * ((pow2(((-(x) + _a0_) * _a1_)) + _a2_) * x));{'d0': {'_a0_': -0.311929707798163, '_a1_': 1.5002608254484968, '_a2_': 0.9642163982113525, '_a3_': 1.0, '_a4_': 1.0, '_a5_': 1.0, '_a6_': 1.0, '_a7_': 1.0}};{'d0': 0.02490583291941666};-280.569866449044;33.63295978936949
44228;-106.651973435152;(_a1_ * ((pow2(((-(x) + _a0_) * _a1_)) + _a2_) * x));{'d0': {'_a0_': -0.311929707798163, '_a1_': 1.5002608254484968, '_a2_': 0.9642163982113525, '_a3_': 1.0, '_a4_': 1.0, '_a5_': 1.0, '_a6_': 1.0, '_a7_': 1.0}};{'d0': 0.02490583291941666};-280.569866449044;33.63295978936949
44229;-106.651973435152;(_a1_ * ((pow2(((-(x) + _a0_) * _a1_)) + _a2_) * x));{'d0': {'_a0_': -0.311929707798163, '_a1_': 1.5002608254484968, '_a2_': 0.9642163982113525, '_a3_': 1.0, '_a4_': 1.0, '_a5_': 1.0, '_a6_': 1.0, '_a7_': 1.0}};{'d0': 0.02490583291941666};-280.569866449044;33.63295978936949
44230;-106.651973435152;(_a1_ * ((pow2(((-(x) + _a0_) * _a1_)) + _a2_) * x));{'d0': {'_a0_': -0.311929707798163, '_a1_': 1.5002608254484968, '_a2_': 0.9642163982113525, '_a3_': 1.0, '_a4_': 1.0, '_a5_': 1.0, '_a6_': 1.0, '_a7_': 1.0}};{'d0': 0.02490583291941666};-280.569866449044;33.63295978936949
44231;-106.651973435152;(_a1_ * ((pow2(((-(x) + _a0_) * _a1_)) + _a2_) * x));{'d0': {'_a0_': -0.311929707798163, '_a1_': 1.5002608254484968, '_a2_': 0.9642163982113525, '_a3_': 1.0, '_a4_': 1.0, '_a5_': 1.0, '_a6_': 1.0, '_a7_': 1.0}};{'d0': 0.02490583291941666};-280.569866449044;33.63295978936949
44232;-106.651973435152;(_a1_ * ((pow2(((-(x) + _a0_) * _a1_)) + _a2_) * x));{'d0': {'_a0_': -0.311929707798163, '_a1_': 1.5002608254484968, '_a2_': 0.9642163982113525, '_a3_': 1.0, '_a4_': 1.0, '_a5_': 1.0, '_a6_': 1.0, '_a7_': 1.0}};{'d0': 0.02490583291941666};-280.569866449044;33.63295978936949
44233;-106.651973435152;(_a1_ * ((pow2(((-(x) + _a0_) * _a1_)) + _a2_) * x));{'d0': {'_a0_': -0.311929707798163, '_a1_': 1.5002608254484968, '_a2_': 0.9642163982113525, '_a3_': 1.0, '_a4_': 1.0, '_a5_': 1.0, '_a6_': 1.0, '_a7_': 1.0}};{'d0': 0.02490583291941666};-280.569866449044;33.63295978936949
44234;-106.651973435152;(_a1_ * ((pow2(((-(x) + _a0_) * _a1_)) + _a2_) * x));{'d0': {'_a0_': -0.311929707798163, '_a1_': 1.5002608254484968, '_a2_': 0.9642163982113525, '_a3_': 1.0, '_a4_': 1.0, '_a5_': 1.0, '_a6_': 1.0, '_a7_': 1.0}};{'d0': 0.02490583291941666};-280.569866449044;33.63295978936949
44235;-106.651973435152;(_a1_ * ((pow2(((-(x) + _a0_) * _a1_)) + _a2_) * x));{'d0': {'_a0_': -0.311929707798163, '_a1_': 1.5002608254484968, '_a2_': 0.9642163982113525, '_a3_': 1.0, '_a4_': 1.0, '_a5_': 1.0, '_a6_': 1.0, '_a7_': 1.0}};{'d0': 0.02490583291941666};-280.569866449044;33.63295978936949
44236;-106.651973435152;(_a1_ * ((pow2(((-(x) + _a0_) * _a1_)) + _a2_) * x));{'d0': {'_a0_': -0.311929707798163, '_a1_': 1.5002608254484968, '_a2_': 0.9642163982113525, '_a3_': 1.0, '_a4_': 1.0, '_a5_': 1.0, '_a6_': 1.0, '_a7_': 1.0}};{'d0': 0.02490583291941666};-280.569866449044;33.63295978936949
44237;-106.651973435152;(_a1_ * ((pow2(((-(x) + _a0_) * _a1_)) + _a2_) * x));{'d0': {'_a0_': -0.311929707798163, '_a1_': 1.5002608254484968, '_a2_': 0.9642163982113525, '_a3_': 1.0, '_a4_': 1.0, '_a5_': 1.0, '_a6_': 1.0, '_a7_': 1.0}};{'d0': 0.02490583291941666};-280.569866449044;33.63295978936949
44238;-106.651973435152;(_a1_ * ((pow2(((-(x) + _a0_) * _a1_)) + _a2_) * x));{'d0': {'_a0_': -0.311929707798163, '_a1_': 1.5002608254484968, '_a2_': 0.9642163982113525, '_a3_': 1.0, '_a4_': 1.0, '_a5_': 1.0, '_a6_': 1.0, '_a7_': 1.0}};{'d0': 0.02490583291941666};-280.569866449044;33.63295978936949
44239;-106.651973435152;(_a1_ * ((pow2(((-(x) + _a0_) * _a1_)) + _a2_) * x));{'d0': {'_a0_': -0.311929707798163, '_a1_': 1.5002608254484968, '_a2_': 0.9642163982113525, '_a3_': 1.0, '_a4_': 1.0, '_a5_': 1.0, '_a6_': 1.0, '_a7_': 1.0}};{'d0': 0.02490583291941666};-280.569866449044;33.63295978936949
44240;-106.651973435152;(_a1_ * ((pow2(((-(x) + _a0_) * _a1_)) + _a2_) * x));{'d0': {'_a0_': -0.311929707798163, '_a1_': 1.5002608254484968, '_a2_': 0.9642163982113525, '_a3_': 1.0, '_a4_': 1.0, '_a5_': 1.0, '_a6_': 1.0, '_a7_': 1.0}};{'d0': 0.02490583291941666};-280.569866449044;33.63295978936949
44241;-106.651973435152;(_a1_ * ((pow2(((-(x) + _a0_) * _a1_)) + _a2_) * x));{'d0': {'_a0_': -0.311929707798163, '_a1_': 1.5002608254484968, '_a2_': 0.9642163982113525, '_a3_': 1.0, '_a4_': 1.0, '_a5_': 1.0, '_a6_': 1.0, '_a7_': 1.0}};{'d0': 0.02490583291941666};-280.569866449044;33.63295978936949
44242;-106.651973435152;(_a1_ * ((pow2(((-(x) + _a0_) * _a1_)) + _a2_) * x));{'d0': {'_a0_': -0.311929707798163, '_a1_': 1.5002608254484968, '_a2_': 0.9642163982113525, '_a3_': 1.0, '_a4_': 1.0, '_a5_': 1.0, '_a6_': 1.0, '_a7_': 1.0}};{'d0': 0.02490583291941666};-280.569866449044;33.63295978936949
44243;-106.651973435152;(_a1_ * ((pow2(((-(x) + _a0_) * _a1_)) + _a2_) * x));{'d0': {'_a0_': -0.311929707798163, '_a1_': 1.5002608254484968, '_a2_': 0.9642163982113525, '_a3_': 1.0, '_a4_': 1.0, '_a5_': 1.0, '_a6_': 1.0, '_a7_': 1.0}};{'d0': 0.02490583291941666};-280.569866449044;33.63295978936949
44244;-106.651973435152;(_a1_ * ((pow2(((-(x) + _a0_) * _a1_)) + _a2_) * x));{'d0': {'_a0_': -0.311929707798163, '_a1_': 1.5002608254484968, '_a2_': 0.9642163982113525, '_a3_': 1.0, '_a4_': 1.0, '_a5_': 1.0, '_a6_': 1.0, '_a7_': 1.0}};{'d0': 0.02490583291941666};-280.569866449044;33.63295978936949
44245;-106.651973435152;(_a1_ * ((pow2(((-(x) + _a0_) * _a1_)) + _a2_) * x));{'d0': {'_a0_': -0.311929707798163, '_a1_': 1.5002608254484968, '_a2_': 0.9642163982113525, '_a3_': 1.0, '_a4_': 1.0, '_a5_': 1.0, '_a6_': 1.0, '_a7_': 1.0}};{'d0': 0.02490583291941666};-280.569866449044;33.63295978936949
44246;-106.651973435152;(_a1_ * ((pow2(((-(x) + _a0_) * _a1_)) + _a2_) * x));{'d0': {'_a0_': -0.311929707798163, '_a1_': 1.5002608254484968, '_a2_': 0.9642163982113525, '_a3_': 1.0, '_a4_': 1.0, '_a5_': 1.0, '_a6_': 1.0, '_a7_': 1.0}};{'d0': 0.02490583291941666};-280.569866449044;33.63295978936949
44247;-106.651973435152;(_a1_ * ((pow2(((-(x) + _a0_) * _a1_)) + _a2_) * x));{'d0': {'_a0_': -0.311929707798163, '_a1_': 1.5002608254484968, '_a2_': 0.9642163982113525, '_a3_': 1.0, '_a4_': 1.0, '_a5_': 1.0, '_a6_': 1.0, '_a7_': 1.0}};{'d0': 0.02490583291941666};-280.569866449044;33.63295978936949
44248;-106.651973435152;(_a1_ * ((pow2(((-(x) + _a0_) * _a1_)) + _a2_) * x));{'d0': {'_a0_': -0.311929707798163, '_a1_': 1.5002608254484968, '_a2_': 0.9642163982113525, '_a3_': 1.0, '_a4_': 1.0, '_a5_': 1.0, '_a6_': 1.0, '_a7_': 1.0}};{'d0': 0.02490583291941666};-280.569866449044;33.63295978936949
44249;-106.651973435152;(_a1_ * ((pow2(((-(x) + _a0_) * _a1_)) + _a2_) * x));{'d0': {'_a0_': -0.311929707798163, '_a1_': 1.5002608254484968, '_a2_': 0.9642163982113525, '_a3_': 1.0, '_a4_': 1.0, '_a5_': 1.0, '_a6_': 1.0, '_a7_': 1.0}};{'d0': 0.02490583291941666};-280.569866449044;33.63295978936949
44250;-106.651973435152;(_a1_ * ((pow2(((-(x) + _a0_) * _a1_)) + _a2_) * x));{'d0': {'_a0_': -0.311929707798163, '_a1_': 1.5002608254484968, '_a2_': 0.9642163982113525, '_a3_': 1.0, '_a4_': 1.0, '_a5_': 1.0, '_a6_': 1.0, '_a7_': 1.0}};{'d0': 0.02490583291941666};-280.569866449044;33.63295978936949
44251;-106.651973435152;(_a1_ * ((pow2(((-(x) + _a0_) * _a1_)) + _a2_) * x));{'d0': {'_a0_': -0.311929707798163, '_a1_': 1.5002608254484968, '_a2_': 0.9642163982113525, '_a3_': 1.0, '_a4_': 1.0, '_a5_': 1.0, '_a6_': 1.0, '_a7_': 1.0}};{'d0': 0.02490583291941666};-280.569866449044;33.63295978936949
44252;-106.651973435152;(_a1_ * ((pow2(((-(x) + _a0_) * _a1_)) + _a2_) * x));{'d0': {'_a0_': -0.311929707798163, '_a1_': 1.5002608254484968, '_a2_': 0.9642163982113525, '_a3_': 1.0, '_a4_': 1.0, '_a5_': 1.0, '_a6_': 1.0, '_a7_': 1.0}};{'d0': 0.02490583291941666};-280.569866449044;33.63295978936949
44253;-106.651973435152;(_a1_ * ((pow2(((-(x) + _a0_) * _a1_)) + _a2_) * x));{'d0': {'_a0_': -0.311929707798163, '_a1_': 1.5002608254484968, '_a2_': 0.9642163982113525, '_a3_': 1.0, '_a4_': 1.0, '_a5_': 1.0, '_a6_': 1.0, '_a7_': 1.0}};{'d0': 0.02490583291941666};-280.569866449044;33.63295978936949
44254;-106.651973435152;(_a1_ * ((pow2(((-(x) + _a0_) * _a1_)) + _a2_) * x));{'d0': {'_a0_': -0.311929707798163, '_a1_': 1.5002608254484968, '_a2_': 0.9642163982113525, '_a3_': 1.0, '_a4_': 1.0, '_a5_': 1.0, '_a6_': 1.0, '_a7_': 1.0}};{'d0': 0.02490583291941666};-280.569866449044;33.63295978936949
44255;-106.651973435152;(_a1_ * ((pow2(((-(x) + _a0_) * _a1_)) + _a2_) * x));{'d0': {'_a0_': -0.311929707798163, '_a1_': 1.5002608254484968, '_a2_': 0.9642163982113525, '_a3_': 1.0, '_a4_': 1.0, '_a5_': 1.0, '_a6_': 1.0, '_a7_': 1.0}};{'d0': 0.02490583291941666};-280.569866449044;33.63295978936949
44256;-106.651973435152;(_a1_ * ((pow2(((-(x) + _a0_) * _a1_)) + _a2_) * x));{'d0': {'_a0_': -0.311929707798163, '_a1_': 1.5002608254484968, '_a2_': 0.9642163982113525, '_a3_': 1.0, '_a4_': 1.0, '_a5_': 1.0, '_a6_': 1.0, '_a7_': 1.0}};{'d0': 0.02490583291941666};-280.569866449044;33.63295978936949
44257;-106.651973435152;(_a1_ * ((pow2(((-(x) + _a0_) * _a1_)) + _a2_) * x));{'d0': {'_a0_': -0.311929707798163, '_a1_': 1.5002608254484968, '_a2_': 0.9642163982113525, '_a3_': 1.0, '_a4_': 1.0, '_a5_': 1.0, '_a6_': 1.0, '_a7_': 1.0}};{'d0': 0.02490583291941666};-280.569866449044;33.63295978936949
44258;-106.651973435152;(_a1_ * ((pow2(((-(x) + _a0_) * _a1_)) + _a2_) * x));{'d0': {'_a0_': -0.311929707798163, '_a1_': 1.5002608254484968, '_a2_': 0.9642163982113525, '_a3_': 1.0, '_a4_': 1.0, '_a5_': 1.0, '_a6_': 1.0, '_a7_': 1.0}};{'d0': 0.02490583291941666};-280.569866449044;33.63295978936949
44259;-106.651973435152;(_a1_ * ((pow2(((-(x) + _a0_) * _a1_)) + _a2_) * x));{'d0': {'_a0_': -0.311929707798163, '_a1_': 1.5002608254484968, '_a2_': 0.9642163982113525, '_a3_': 1.0, '_a4_': 1.0, '_a5_': 1.0, '_a6_': 1.0, '_a7_': 1.0}};{'d0': 0.02490583291941666};-280.569866449044;33.63295978936949
44260;-106.651973435152;(_a1_ * ((pow2(((-(x) + _a0_) * _a1_)) + _a2_) * x));{'d0': {'_a0_': -0.311929707798163, '_a1_': 1.5002608254484968, '_a2_': 0.9642163982113525, '_a3_': 1.0, '_a4_': 1.0, '_a5_': 1.0, '_a6_': 1.0, '_a7_': 1.0}};{'d0': 0.02490583291941666};-280.569866449044;33.63295978936949
44261;-106.651973435152;(_a1_ * ((pow2(((-(x) + _a0_) * _a1_)) + _a2_) * x));{'d0': {'_a0_': -0.311929707798163, '_a1_': 1.5002608254484968, '_a2_': 0.9642163982113525, '_a3_': 1.0, '_a4_': 1.0, '_a5_': 1.0, '_a6_': 1.0, '_a7_': 1.0}};{'d0': 0.02490583291941666};-280.569866449044;33.63295978936949
44262;-106.651973435152;(_a1_ * ((pow2(((-(x) + _a0_) * _a1_)) + _a2_) * x));{'d0': {'_a0_': -0.311929707798163, '_a1_': 1.5002608254484968, '_a2_': 0.9642163982113525, '_a3_': 1.0, '_a4_': 1.0, '_a5_': 1.0, '_a6_': 1.0, '_a7_': 1.0}};{'d0': 0.02490583291941666};-280.569866449044;33.63295978936949
44263;-82.6203311397399;(x * (pow2((_a3_ + ((x * (_a2_ + _a3_)) * (_a0_ / _a3_)))) + -((-(_a2_) * -(x)))));{'d0': {'_a0_': 0.5939130987610415, '_a2_': 2.789990185311336, '_a3_': 1.3323420747216297, '_a1_': 1.0, '_a4_': 1.0, '_a5_': 1.0, '_a6_': 1.0, '_a7_': 1.0}};{'d0': 0.024905832919416643};-280.569866449044;57.664602084781876
44264;-82.6203311397399;(x * (pow2((_a3_ + ((x * (_a2_ + _a3_)) * (_a0_ / _a3_)))) + -((-(_a2_) * -(x)))));{'d0': {'_a0_': 0.5939130987610415, '_a2_': 2.789990185311336, '_a3_': 1.3323420747216297, '_a1_': 1.0, '_a4_': 1.0, '_a5_': 1.0, '_a6_': 1.0, '_a7_': 1.0}};{'d0': 0.024905832919416643};-280.569866449044;57.664602084781876
44265;-82.6203311397399;(x * (pow2((_a3_ + ((x * (_a2_ + _a3_)) * (_a0_ / _a3_)))) + -((-(_a2_) * -(x)))));{'d0': {'_a0_': 0.5939130987610415, '_a2_': 2.789990185311336, '_a3_': 1.3323420747216297, '_a1_': 1.0, '_a4_': 1.0, '_a5_': 1.0, '_a6_': 1.0, '_a7_': 1.0}};{'d0': 0.024905832919416643};-280.569866449044;57.664602084781876
44266;-82.6203311397399;(x * (pow2((_a3_ + ((x * (_a2_ + _a3_)) * (_a0_ / _a3_)))) + -((-(_a2_) * -(x)))));{'d0': {'_a0_': 0.5939130987610415, '_a2_': 2.789990185311336, '_a3_': 1.3323420747216297, '_a1_': 1.0, '_a4_': 1.0, '_a5_': 1.0, '_a6_': 1.0, '_a7_': 1.0}};{'d0': 0.024905832919416643};-280.569866449044;57.664602084781876
44267;-86.4937599046472;(x * (pow2((_a3_ + ((x * _a7_) * (_a0_ / _a3_)))) + -((-(_a2_) * -(x)))));{'d0': {'_a0_': 0.7918192976952274, '_a2_': 2.789990185573149, '_a3_': 1.3323420748268282, '_a7_': 3.0920013915079996, '_a1_': 1.0, '_a4_': 1.0, '_a5_': 1.0, '_a6_': 1.0}};{'d0': 0.024905832921916848};-276.475521880798;51.74400103575188
44268;-86.4937599046472;(x * (pow2((_a3_ + ((x * _a7_) * (_a0_ / _a3_)))) + -((-(_a2_) * -(x)))));{'d0': {'_a0_': 0.7918192976952274, '_a2_': 2.789990185573149, '_a3_': 1.3323420748268282, '_a7_': 3.0920013915079996, '_a1_': 1.0, '_a4_': 1.0, '_a5_': 1.0, '_a6_': 1.0}};{'d0': 0.024905832921916848};-276.475521880798;51.74400103575188
44269;-86.4937599046472;(x * (pow2((_a3_ + ((x * _a7_) * (_a0_ / _a3_)))) + -((-(_a2_) * -(x)))));{'d0': {'_a0_': 0.7918192976952274, '_a2_': 2.789990185573149, '_a3_': 1.3323420748268282, '_a7_': 3.0920013915079996, '_a1_': 1.0, '_a4_': 1.0, '_a5_': 1.0, '_a6_': 1.0}};{'d0': 0.024905832921916848};-276.475521880798;51.74400103575188
44270;-86.4937599046472;(x * (pow2((_a3_ + ((x * _a7_) * (_a0_ / _a3_)))) + -((-(_a2_) * -(x)))));{'d0': {'_a0_': 0.7918192976952274, '_a2_': 2.789990185573149, '_a3_': 1.3323420748268282, '_a7_': 3.0920013915079996, '_a1_': 1.0, '_a4_': 1.0, '_a5_': 1.0, '_a6_': 1.0}};{'d0': 0.024905832921916848};-276.475521880798;51.74400103575188
44271;-86.4937599046472;(x * (pow2((_a3_ + ((x * _a7_) * (_a0_ / _a3_)))) + -((-(_a2_) * -(x)))));{'d0': {'_a0_': 0.7918192976952274, '_a2_': 2.789990185573149, '_a3_': 1.3323420748268282, '_a7_': 3.0920013915079996, '_a1_': 1.0, '_a4_': 1.0, '_a5_': 1.0, '_a6_': 1.0}};{'d0': 0.024905832921916848};-276.475521880798;51.74400103575188
44272;-86.4937599046472;(x * (pow2((_a3_ + ((x * _a7_) * (_a0_ / _a3_)))) + -((-(_a2_) * -(x)))));{'d0': {'_a0_': 0.7918192976952274, '_a2_': 2.789990185573149, '_a3_': 1.3323420748268282, '_a7_': 3.0920013915079996, '_a1_': 1.0, '_a4_': 1.0, '_a5_': 1.0, '_a6_': 1.0}};{'d0': 0.024905832921916848};-276.475521880798;51.74400103575188
44273;-86.4937599046472;(x * (pow2((_a3_ + ((x * _a7_) * (_a0_ / _a3_)))) + -((-(_a2_) * -(x)))));{'d0': {'_a0_': 0.7918192976952274, '_a2_': 2.789990185573149, '_a3_': 1.3323420748268282, '_a7_': 3.0920013915079996, '_a1_': 1.0, '_a4_': 1.0, '_a5_': 1.0, '_a6_': 1.0}};{'d0': 0.024905832921916848};-276.475521880798;51.74400103575188
44274;-86.4937599046472;(x * (pow2((_a3_ + ((x * _a7_) * (_a0_ / _a3_)))) + -((-(_a2_) * -(x)))));{'d0': {'_a0_': 0.7918192976952274, '_a2_': 2.789990185573149, '_a3_': 1.3323420748268282, '_a7_': 3.0920013915079996, '_a1_': 1.0, '_a4_': 1.0, '_a5_': 1.0, '_a6_': 1.0}};{'d0': 0.024905832921916848};-276.475521880798;51.74400103575188
44275;-83.5192349769909;(x * (pow2((_a3_ + ((x * (_a0_ * _a3_)) * (_a0_ / _a3_)))) + -((-(_a2_) * -(x)))));{'d0': {'_a0_': 1.3555797635521536, '_a2_': 2.7899901861335685, '_a3_': 1.3323420748525814, '_a1_': 1.0, '_a4_': 1.0, '_a5_': 1.0, '_a6_': 1.0, '_a7_': 1.0}};{'d0': 0.024905832919416632};-280.569866449044;56.76569824753088
44276;-83.5192349769909;(x * (pow2((_a3_ + ((x * (_a0_ * _a3_)) * (_a0_ / _a3_)))) + -((-(_a2_) * -(x)))));{'d0': {'_a0_': 1.3555797635521536, '_a2_': 2.7899901861335685, '_a3_': 1.3323420748525814, '_a1_': 1.0, '_a4_': 1.0, '_a5_': 1.0, '_a6_': 1.0, '_a7_': 1.0}};{'d0': 0.024905832919416632};-280.569866449044;56.76569824753088
44277;-83.5192349769909;(x * (pow2((_a3_ + ((x * (_a0_ * _a3_)) * (_a0_ / _a3_)))) + -((-(_a2_) * -(x)))));{'d0': {'_a0_': 1.3555797635521536, '_a2_': 2.7899901861335685, '_a3_': 1.3323420748525814, '_a1_': 1.0, '_a4_': 1.0, '_a5_': 1.0, '_a6_': 1.0, '_a7_': 1.0}};{'d0': 0.024905832919416632};-280.569866449044;56.76569824753088
44278;-83.5192349769909;(x * (pow2((_a3_ + ((x * (_a0_ * _a3_)) * (_a0_ / _a3_)))) + -((-(_a2_) * -(x)))));{'d0': {'_a0_': 1.3555797635521536, '_a2_': 2.7899901861335685, '_a3_': 1.3323420748525814, '_a1_': 1.0, '_a4_': 1.0, '_a5_': 1.0, '_a6_': 1.0, '_a7_': 1.0}};{'d0': 0.024905832919416632};-280.569866449044;56.76569824753088
44279;-83.5192349769909;(x * (pow2((_a3_ + ((x * (_a0_ * _a3_)) * (_a0_ / _a3_)))) + -((-(_a2_) * -(x)))));{'d0': {'_a0_': 1.3555797635521536, '_a2_': 2.7899901861335685, '_a3_': 1.3323420748525814, '_a1_': 1.0, '_a4_': 1.0, '_a5_': 1.0, '_a6_': 1.0, '_a7_': 1.0}};{'d0': 0.024905832919416632};-280.569866449044;56.76569824753088
44280;-83.5192349769909;(x * (pow2((_a3_ + ((x * (_a0_ * _a3_)) * (_a0_ / _a3_)))) + -((-(_a2_) * -(x)))));{'d0': {'_a0_': 1.3555797635521536, '_a2_': 2.7899901861335685, '_a3_': 1.3323420748525814, '_a1_': 1.0, '_a4_': 1.0, '_a5_': 1.0, '_a6_': 1.0, '_a7_': 1.0}};{'d0': 0.024905832919416632};-280.569866449044;56.76569824753088
44281;-83.5192349769909;(x * (pow2((_a3_ + ((x * (_a0_ * _a3_)) * (_a0_ / _a3_)))) + -((-(_a2_) * -(x)))));{'d0': {'_a0_': 1.3555797635521536, '_a2_': 2.7899901861335685, '_a3_': 1.3323420748525814, '_a1_': 1.0, '_a4_': 1.0, '_a5_': 1.0, '_a6_': 1.0, '_a7_': 1.0}};{'d0': 0.024905832919416632};-280.569866449044;56.76569824753088
44282;-83.5192349769909;(x * (pow2((_a3_ + ((x * (_a0_ * _a3_)) * (_a0_ / _a3_)))) + -((-(_a2_) * -(x)))));{'d0': {'_a0_': 1.3555797635521536, '_a2_': 2.7899901861335685, '_a3_': 1.3323420748525814, '_a1_': 1.0, '_a4_': 1.0, '_a5_': 1.0, '_a6_': 1.0, '_a7_': 1.0}};{'d0': 0.024905832919416632};-280.569866449044;56.76569824753088
44283;-83.5192349769909;(x * (pow2((_a3_ + ((x * (_a0_ * _a3_)) * (_a0_ / _a3_)))) + -((-(_a2_) * -(x)))));{'d0': {'_a0_': 1.3555797635521536, '_a2_': 2.7899901861335685, '_a3_': 1.3323420748525814, '_a1_': 1.0, '_a4_': 1.0, '_a5_': 1.0, '_a6_': 1.0, '_a7_': 1.0}};{'d0': 0.024905832919416632};-280.569866449044;56.76569824753088
44284;-75.4386980611196;((_a4_ + -(((-(x) + _a5_) * (_a0_ * (pow2(_a0_) * ((_a0_ * x) + (pow2(x) + _a0_))))))) * _a3_);{'d0': {'_a0_': 1.1798854410602135, '_a3_': 2.0593046982923435, '_a4_': 1.0757543451003815, '_a5_': 0.5553342729688843, '_a1_': 1.0, '_a2_': 1.0, '_a6_': 1.0, '_a7_': 1.0}};{'d0': 0.02488548250186684};-276.524567593312;62.82358573553647
44285;-75.4386980611196;((_a4_ + -(((-(x) + _a5_) * (_a0_ * (pow2(_a0_) * ((_a0_ * x) + (pow2(x) + _a0_))))))) * _a3_);{'d0': {'_a0_': 1.1798854410602135, '_a3_': 2.0593046982923435, '_a4_': 1.0757543451003815, '_a5_': 0.5553342729688843, '_a1_': 1.0, '_a2_': 1.0, '_a6_': 1.0, '_a7_': 1.0}};{'d0': 0.02488548250186684};-276.524567593312;62.82358573553647
44286;-75.4386980611196;((_a4_ + -(((-(x) + _a5_) * (_a0_ * (pow2(_a0_) * ((_a0_ * x) + (pow2(x) + _a0_))))))) * _a3_);{'d0': {'_a0_': 1.1798854410602135, '_a3_': 2.0593046982923435, '_a4_': 1.0757543451003815, '_a5_': 0.5553342729688843, '_a1_': 1.0, '_a2_': 1.0, '_a6_': 1.0, '_a7_': 1.0}};{'d0': 0.02488548250186684};-276.524567593312;62.82358573553647
44287;-75.4386980611196;((_a4_ + -(((-(x) + _a5_) * (_a0_ * (pow2(_a0_) * ((_a0_ * x) + (pow2(x) + _a0_))))))) * _a3_);{'d0': {'_a0_': 1.1798854410602135, '_a3_': 2.0593046982923435, '_a4_': 1.0757543451003815, '_a5_': 0.5553342729688843, '_a1_': 1.0, '_a2_': 1.0, '_a6_': 1.0, '_a7_': 1.0}};{'d0': 0.02488548250186684};-276.524567593312;62.82358573553647
44288;-75.4386980611196;((_a4_ + -(((-(x) + _a5_) * (_a0_ * (pow2(_a0_) * ((_a0_ * x) + (pow2(x) + _a0_))))))) * _a3_);{'d0': {'_a0_': 1.1798854410602135, '_a3_': 2.0593046982923435, '_a4_': 1.0757543451003815, '_a5_': 0.5553342729688843, '_a1_': 1.0, '_a2_': 1.0, '_a6_': 1.0, '_a7_': 1.0}};{'d0': 0.02488548250186684};-276.524567593312;62.82358573553647
44289;-83.5192349769909;(x * (pow2((_a3_ + ((x * (_a2_ * _a3_)) * (_a0_ / _a3_)))) + -((-(_a2_) * -(x)))));{'d0': {'_a0_': 0.6586390537136572, '_a2_': 2.7899901851075812, '_a3_': 1.332342074693307, '_a1_': 1.0, '_a4_': 1.0, '_a5_': 1.0, '_a6_': 1.0, '_a7_': 1.0}};{'d0': 0.024905832919416625};-280.569866449044;56.76569824753088
44290;-83.5192349769909;(x * (pow2((_a3_ + ((x * (_a2_ * _a3_)) * (_a0_ / _a3_)))) + -((-(_a2_) * -(x)))));{'d0': {'_a0_': 0.6586390537136572, '_a2_': 2.7899901851075812, '_a3_': 1.332342074693307, '_a1_': 1.0, '_a4_': 1.0, '_a5_': 1.0, '_a6_': 1.0, '_a7_': 1.0}};{'d0': 0.024905832919416625};-280.569866449044;56.76569824753088
44291;-75.4386980611196;((_a4_ + -(((-(x) + _a5_) * (_a0_ * (pow2(_a0_) * ((_a0_ * x) + (pow2(x) + _a0_))))))) * _a3_);{'d0': {'_a0_': 1.1798854410602135, '_a3_': 2.0593046982923435, '_a4_': 1.0757543451003815, '_a5_': 0.5553342729688843, '_a1_': 1.0, '_a2_': 1.0, '_a6_': 1.0, '_a7_': 1.0}};{'d0': 0.02488548250186684};-276.524567593312;62.82358573553647
44292;-75.4386980611196;((_a4_ + -(((-(x) + _a5_) * (_a0_ * (pow2(_a0_) * ((_a0_ * x) + (pow2(x) + _a0_))))))) * _a3_);{'d0': {'_a0_': 1.1798854410602135, '_a3_': 2.0593046982923435, '_a4_': 1.0757543451003815, '_a5_': 0.5553342729688843, '_a1_': 1.0, '_a2_': 1.0, '_a6_': 1.0, '_a7_': 1.0}};{'d0': 0.02488548250186684};-276.524567593312;62.82358573553647
44293;-75.4386980611196;((_a4_ + -(((-(x) + _a5_) * (_a0_ * (pow2(_a0_) * ((_a0_ * x) + (pow2(x) + _a0_))))))) * _a3_);{'d0': {'_a0_': 1.1798854410602135, '_a3_': 2.0593046982923435, '_a4_': 1.0757543451003815, '_a5_': 0.5553342729688843, '_a1_': 1.0, '_a2_': 1.0, '_a6_': 1.0, '_a7_': 1.0}};{'d0': 0.02488548250186684};-276.524567593312;62.82358573553647
44294;-75.4386980611196;((_a4_ + -(((-(x) + _a5_) * (_a0_ * (pow2(_a0_) * ((_a0_ * x) + (pow2(x) + _a0_))))))) * _a3_);{'d0': {'_a0_': 1.1798854410602135, '_a3_': 2.0593046982923435, '_a4_': 1.0757543451003815, '_a5_': 0.5553342729688843, '_a1_': 1.0, '_a2_': 1.0, '_a6_': 1.0, '_a7_': 1.0}};{'d0': 0.02488548250186684};-276.524567593312;62.82358573553647
44295;-83.5022578206429;(x * (pow2((_a3_ + ((x * (_a2_ * _a3_)) * (_a0_ / _a3_)))) + -((-(_a2_) * pow2(x)))));{'d0': {'_a0_': 0.28729707150350725, '_a2_': 2.7517571531766842, '_a3_': 1.3323420748156807, '_a1_': 1.0, '_a4_': 1.0, '_a5_': 1.0, '_a6_': 1.0, '_a7_': 1.0}};{'d0': 0.024905832919416608};-280.569866449044;56.782675403878926
44296;-83.5022578206429;(x * (pow2((_a3_ + ((x * (_a2_ * _a3_)) * (_a0_ / _a3_)))) + -((-(_a2_) * pow2(x)))));{'d0': {'_a0_': 0.28729707150350725, '_a2_': 2.7517571531766842, '_a3_': 1.3323420748156807, '_a1_': 1.0, '_a4_': 1.0, '_a5_': 1.0, '_a6_': 1.0, '_a7_': 1.0}};{'d0': 0.024905832919416608};-280.569866449044;56.782675403878926
44297;-86.4767827501125;(x * (pow2((_a3_ + ((x * _a4_) * (_a0_ / _a3_)))) + -((-(_a2_) * pow2(x)))));{'d0': {'_a0_': 0.5789844645868142, '_a2_': 2.7517571529769107, '_a3_': 1.3323420747941703, '_a4_': 1.8192400393328712, '_a1_': 1.0, '_a5_': 1.0, '_a6_': 1.0, '_a7_': 1.0}};{'d0': 0.024905832920411472};-276.475521884425;51.76097819209993
44298;-88.5239550324219;(x * (pow2((_a3_ + ((x * _a2_) * (_a0_ / _a3_)))) + -((-(_a2_) * pow2(x)))));{'d0': {'_a0_': 0.382777976076956, '_a2_': 2.7517571524040694, '_a3_': 1.3323420747317425, '_a1_': 1.0, '_a4_': 1.0, '_a5_': 1.0, '_a6_': 1.0, '_a7_': 1.0}};{'d0': 0.02490583291941661};-280.569866449044;51.76097819209993
44299;-88.5239550324219;(x * (pow2((_a3_ + ((x * _a2_) * (_a0_ / _a3_)))) + -((-(_a2_) * pow2(x)))));{'d0': {'_a0_': 0.382777976076956, '_a2_': 2.7517571524040694, '_a3_': 1.3323420747317425, '_a1_': 1.0, '_a4_': 1.0, '_a5_': 1.0, '_a6_': 1.0, '_a7_': 1.0}};{'d0': 0.02490583291941661};-280.569866449044;51.76097819209993
44300;-88.5239550324219;(x * (pow2((_a3_ + ((x * _a2_) * (_a0_ / _a3_)))) + -((-(_a2_) * pow2(x)))));{'d0': {'_a0_': 0.382777976076956, '_a2_': 2.7517571524040694, '_a3_': 1.3323420747317425, '_a1_': 1.0, '_a4_': 1.0, '_a5_': 1.0, '_a6_': 1.0, '_a7_': 1.0}};{'d0': 0.02490583291941661};-280.569866449044;51.76097819209993
44301;-88.5239550324219;(x * (pow2((_a3_ + ((x * _a2_) * (_a0_ / _a3_)))) + -((-(_a2_) * pow2(x)))));{'d0': {'_a0_': 0.382777976076956, '_a2_': 2.7517571524040694, '_a3_': 1.3323420747317425, '_a1_': 1.0, '_a4_': 1.0, '_a5_': 1.0, '_a6_': 1.0, '_a7_': 1.0}};{'d0': 0.02490583291941661};-280.569866449044;51.76097819209993
44302;-88.5239550324219;(x * (pow2((_a3_ + ((x * _a2_) * (_a0_ / _a3_)))) + -((-(_a2_) * pow2(x)))));{'d0': {'_a0_': 0.382777976076956, '_a2_': 2.7517571524040694, '_a3_': 1.3323420747317425, '_a1_': 1.0, '_a4_': 1.0, '_a5_': 1.0, '_a6_': 1.0, '_a7_': 1.0}};{'d0': 0.02490583291941661};-280.569866449044;51.76097819209993
44303;-88.5239550324219;(x * (pow2((_a3_ + ((x * _a2_) * (_a0_ / _a3_)))) + -((-(_a2_) * pow2(x)))));{'d0': {'_a0_': 0.382777976076956, '_a2_': 2.7517571524040694, '_a3_': 1.3323420747317425, '_a1_': 1.0, '_a4_': 1.0, '_a5_': 1.0, '_a6_': 1.0, '_a7_': 1.0}};{'d0': 0.02490583291941661};-280.569866449044;51.76097819209993
44304;-88.5239550324219;(x * (pow2((_a3_ + ((x * _a2_) * (_a7_ / _a3_)))) + -((-(_a2_) * pow2(x)))));{'d0': {'_a2_': 2.751757152337089, '_a3_': 1.3323420748513193, '_a7_': 0.38277797620689463, '_a0_': 1.0, '_a1_': 1.0, '_a4_': 1.0, '_a5_': 1.0, '_a6_': 1.0}};{'d0': 0.02490583291941658};-280.569866449044;51.76097819209993
44305;-88.5239550324219;(x * (pow2((_a3_ + ((x * _a2_) * (_a7_ / _a3_)))) + -((-(_a2_) * pow2(x)))));{'d0': {'_a2_': 2.751757152337089, '_a3_': 1.3323420748513193, '_a7_': 0.38277797620689463, '_a0_': 1.0, '_a1_': 1.0, '_a4_': 1.0, '_a5_': 1.0, '_a6_': 1.0}};{'d0': 0.02490583291941658};-280.569866449044;51.76097819209993
44306;-90.1572349894816;(x * (pow2((_a3_ + ((x * _a2_) * (_a7_ / _a3_)))) + -((_a0_ * pow2(x)))));{'d0': {'_a0_': -2.751757153302528, '_a2_': 2.824047059380244, '_a3_': 1.332342074681096, '_a7_': 0.37297960187287665, '_a1_': 1.0, '_a4_': 1.0, '_a5_': 1.0, '_a6_': 1.0}};{'d0': 0.024905832919491694};-276.475521886641;48.08052595383876
44307;-90.1572349894816;(x * (pow2((_a3_ + ((x * _a2_) * (_a7_ / _a3_)))) + -((_a0_ * pow2(x)))));{'d0': {'_a0_': -2.751757153302528, '_a2_': 2.824047059380244, '_a3_': 1.332342074681096, '_a7_': 0.37297960187287665, '_a1_': 1.0, '_a4_': 1.0, '_a5_': 1.0, '_a6_': 1.0}};{'d0': 0.024905832919491694};-276.475521886641;48.08052595383876
44308;-90.1572349894816;(x * (pow2((_a3_ + ((x * _a2_) * (_a7_ / _a3_)))) + -((_a0_ * pow2(x)))));{'d0': {'_a0_': -2.751757153302528, '_a2_': 2.824047059380244, '_a3_': 1.332342074681096, '_a7_': 0.37297960187287665, '_a1_': 1.0, '_a4_': 1.0, '_a5_': 1.0, '_a6_': 1.0}};{'d0': 0.024905832919491694};-276.475521886641;48.08052595383876
44309;-80.4603952728986;((_a4_ + -(((-(x) + _a5_) * (_a0_ * (pow2(_a0_) * (_a5_ + (pow2(x) + _a0_))))))) * _a3_);{'d0': {'_a0_': 1.149205788841395, '_a3_': 2.2286748920536805, '_a4_': -0.4977784224794601, '_a5_': -0.6245511680781235, '_a1_': 1.0, '_a2_': 1.0, '_a6_': 1.0, '_a7_': 1.0}};{'d0': 0.02488548250186688};-276.524567593312;57.80188852375747
44310;-80.4603952728986;((_a4_ + -(((-(x) + _a5_) * (_a0_ * (pow2(_a0_) * (_a5_ + (pow2(x) + _a0_))))))) * _a3_);{'d0': {'_a0_': 1.149205788841395, '_a3_': 2.2286748920536805, '_a4_': -0.4977784224794601, '_a5_': -0.6245511680781235, '_a1_': 1.0, '_a2_': 1.0, '_a6_': 1.0, '_a7_': 1.0}};{'d0': 0.02488548250186688};-276.524567593312;57.80188852375747
44311;-79.1191502993807;((_a4_ + -((((x * _a0_) + _a5_) * (_a0_ * (pow2(_a0_) * (_a5_ + (pow2(x) + _a0_))))))) * _a3_);{'d0': {'_a0_': 0.3229535839538655, '_a3_': -310.94222410010445, '_a4_': 0.003567821233208835, '_a5_': 0.2017010377852364, '_a1_': 1.0, '_a2_': 1.0, '_a6_': 1.0, '_a7_': 1.0}};{'d0': 0.024885482501866864};-276.524567593312;59.1431334972753
44312;-79.1191502993807;((_a4_ + -((((x * _a0_) + _a5_) * (_a0_ * (pow2(_a0_) * (_a5_ + (pow2(x) + _a0_))))))) * _a3_);{'d0': {'_a0_': 0.3229535839538655, '_a3_': -310.94222410010445, '_a4_': 0.003567821233208835, '_a5_': 0.2017010377852364, '_a1_': 1.0, '_a2_': 1.0, '_a6_': 1.0, '_a7_': 1.0}};{'d0': 0.024885482501866864};-276.524567593312;59.1431334972753
44313;-79.1191502993807;((_a4_ + -((((x * _a0_) + _a5_) * (_a0_ * (pow2(_a0_) * (_a5_ + (pow2(x) + _a0_))))))) * _a3_);{'d0': {'_a0_': 0.3229535839538655, '_a3_': -310.94222410010445, '_a4_': 0.003567821233208835, '_a5_': 0.2017010377852364, '_a1_': 1.0, '_a2_': 1.0, '_a6_': 1.0, '_a7_': 1.0}};{'d0': 0.024885482501866864};-276.524567593312;59.1431334972753
44314;-79.1191502993807;((_a4_ + -((((x * _a0_) + _a5_) * (_a0_ * (pow2(_a0_) * (_a5_ + (pow2(x) + _a0_))))))) * _a3_);{'d0': {'_a0_': 0.3229535839538655, '_a3_': -310.94222410010445, '_a4_': 0.003567821233208835, '_a5_': 0.2017010377852364, '_a1_': 1.0, '_a2_': 1.0, '_a6_': 1.0, '_a7_': 1.0}};{'d0': 0.024885482501866864};-276.524567593312;59.1431334972753
44315;-79.1191502993807;((_a4_ + -((((x * _a0_) + _a5_) * (_a0_ * (pow2(_a0_) * (_a5_ + (pow2(x) + _a0_))))))) * _a3_);{'d0': {'_a0_': 0.3229535839538655, '_a3_': -310.94222410010445, '_a4_': 0.003567821233208835, '_a5_': 0.2017010377852364, '_a1_': 1.0, '_a2_': 1.0, '_a6_': 1.0, '_a7_': 1.0}};{'d0': 0.024885482501866864};-276.524567593312;59.1431334972753
44316;-79.1191502993807;((_a4_ + -((((x * _a0_) + _a5_) * (_a0_ * (pow2(_a0_) * (_a5_ + (pow2(x) + _a0_))))))) * _a3_);{'d0': {'_a0_': 0.3229535839538655, '_a3_': -310.94222410010445, '_a4_': 0.003567821233208835, '_a5_': 0.2017010377852364, '_a1_': 1.0, '_a2_': 1.0, '_a6_': 1.0, '_a7_': 1.0}};{'d0': 0.024885482501866864};-276.524567593312;59.1431334972753
44317;-79.1191502993807;((_a4_ + -((((x * _a0_) + _a5_) * (_a0_ * (pow2(_a0_) * (_a5_ + (pow2(x) + _a0_))))))) * _a3_);{'d0': {'_a0_': 0.3229535839538655, '_a3_': -310.94222410010445, '_a4_': 0.003567821233208835, '_a5_': 0.2017010377852364, '_a1_': 1.0, '_a2_': 1.0, '_a6_': 1.0, '_a7_': 1.0}};{'d0': 0.024885482501866864};-276.524567593312;59.1431334972753
44318;-79.1191502993807;((_a4_ + -((((x * _a0_) + _a5_) * (_a0_ * (pow2(_a0_) * (_a5_ + (pow2(x) + _a0_))))))) * _a3_);{'d0': {'_a0_': 0.3229535839538655, '_a3_': -310.94222410010445, '_a4_': 0.003567821233208835, '_a5_': 0.2017010377852364, '_a1_': 1.0, '_a2_': 1.0, '_a6_': 1.0, '_a7_': 1.0}};{'d0': 0.024885482501866864};-276.524567593312;59.1431334972753
44319;-90.1572349894816;(x * (pow2((_a3_ + ((x * _a2_) * (_a7_ / _a3_)))) + -((_a0_ * pow2(x)))));{'d0': {'_a0_': -2.751757153302528, '_a2_': 2.824047059380244, '_a3_': 1.332342074681096, '_a7_': 0.37297960187287665, '_a1_': 1.0, '_a4_': 1.0, '_a5_': 1.0, '_a6_': 1.0}};{'d0': 0.024905832919491694};-276.475521886641;48.08052595383876
44320;-90.1572349894816;(x * (pow2((_a3_ + ((x * _a2_) * (_a7_ / _a3_)))) + -((_a0_ * pow2(x)))));{'d0': {'_a0_': -2.751757153302528, '_a2_': 2.824047059380244, '_a3_': 1.332342074681096, '_a7_': 0.37297960187287665, '_a1_': 1.0, '_a4_': 1.0, '_a5_': 1.0, '_a6_': 1.0}};{'d0': 0.024905832919491694};-276.475521886641;48.08052595383876
44321;-90.1572349894816;(x * (pow2((_a3_ + ((x * _a2_) * (_a7_ / _a3_)))) + -((_a0_ * pow2(x)))));{'d0': {'_a0_': -2.751757153302528, '_a2_': 2.824047059380244, '_a3_': 1.332342074681096, '_a7_': 0.37297960187287665, '_a1_': 1.0, '_a4_': 1.0, '_a5_': 1.0, '_a6_': 1.0}};{'d0': 0.024905832919491694};-276.475521886641;48.08052595383876
44322;-82.1894613548697;(x * (pow2((_a3_ + ((x * _a2_) * (_a7_ / (_a7_ + _a4_))))) + -((_a0_ * pow2(x)))));{'d0': {'_a0_': -2.7517571525327678, '_a2_': 2.685109028777207, '_a3_': 1.3323420748725738, '_a4_': 1.5913081932054558, '_a7_': 0.6640327908189012, '_a1_': 1.0, '_a5_': 1.0, '_a6_': 1.0}};{'d0': 0.024905833172261693};-272.381176715477;54.001127002868756
44323;-82.1894613548697;(x * (pow2((_a3_ + ((x * _a2_) * (_a7_ / (_a7_ + _a4_))))) + -((_a0_ * pow2(x)))));{'d0': {'_a0_': -2.7517571525327678, '_a2_': 2.685109028777207, '_a3_': 1.3323420748725738, '_a4_': 1.5913081932054558, '_a7_': 0.6640327908189012, '_a1_': 1.0, '_a5_': 1.0, '_a6_': 1.0}};{'d0': 0.024905833172261693};-272.381176715477;54.001127002868756
44324;-82.1894616563675;(x * (pow2((_a1_ + ((x * _a2_) * (_a7_ / (_a7_ + _a4_))))) + -((_a0_ * pow2(x)))));{'d0': {'_a0_': -2.7517571526743483, '_a1_': 1.3323420749116466, '_a2_': 2.68897268807686, '_a4_': 2.8317570910690186, '_a7_': 1.1792586529797955, '_a3_': 1.0, '_a5_': 1.0, '_a6_': 1.0}};{'d0': 0.02490583292195989};-272.381177318473;54.001127002868756
44325;-82.1894616563675;(x * (pow2((_a1_ + ((x * _a2_) * (_a7_ / (_a7_ + _a4_))))) + -((_a0_ * pow2(x)))));{'d0': {'_a0_': -2.7517571526743483, '_a1_': 1.3323420749116466, '_a2_': 2.68897268807686, '_a4_': 2.8317570910690186, '_a7_': 1.1792586529797955, '_a3_': 1.0, '_a5_': 1.0, '_a6_': 1.0}};{'d0': 0.02490583292195989};-272.381177318473;54.001127002868756
44326;-83.0883654954540;(x * (pow2((_a1_ + ((x * _a2_) * (_a7_ / (_a7_ * _a4_))))) + -((_a0_ * pow2(x)))));{'d0': {'_a0_': -2.751757149804823, '_a1_': 1.3323420745813077, '_a2_': 1445.5256245545704, '_a4_': 1828.4564619792254, '_a3_': 1.0, '_a5_': 1.0, '_a6_': 1.0, '_a7_': 1.0}};{'d0': 0.024905832920436088};-272.381177322143;53.10222316561776
44327;-83.0883654954540;(x * (pow2((_a1_ + ((x * _a2_) * (_a7_ / (_a7_ * _a4_))))) + -((_a0_ * pow2(x)))));{'d0': {'_a0_': -2.751757149804823, '_a1_': 1.3323420745813077, '_a2_': 1445.5256245545704, '_a4_': 1828.4564619792254, '_a3_': 1.0, '_a5_': 1.0, '_a6_': 1.0, '_a7_': 1.0}};{'d0': 0.024905832920436088};-272.381177322143;53.10222316561776
44328;-83.0883654954540;(x * (pow2((_a1_ + ((x * _a2_) * (_a7_ / (_a7_ * _a4_))))) + -((_a0_ * pow2(x)))));{'d0': {'_a0_': -2.751757149804823, '_a1_': 1.3323420745813077, '_a2_': 1445.5256245545704, '_a4_': 1828.4564619792254, '_a3_': 1.0, '_a5_': 1.0, '_a6_': 1.0, '_a7_': 1.0}};{'d0': 0.024905832920436088};-272.381177322143;53.10222316561776
44329;-83.0883654954540;(x * (pow2((_a1_ + ((x * _a2_) * (_a7_ / (_a7_ * _a4_))))) + -((_a0_ * pow2(x)))));{'d0': {'_a0_': -2.751757149804823, '_a1_': 1.3323420745813077, '_a2_': 1445.5256245545704, '_a4_': 1828.4564619792254, '_a3_': 1.0, '_a5_': 1.0, '_a6_': 1.0, '_a7_': 1.0}};{'d0': 0.024905832920436088};-272.381177322143;53.10222316561776
44330;-83.0883654954540;(x * (pow2((_a1_ + ((x * _a2_) * (_a7_ / (_a7_ * _a4_))))) + -((_a0_ * pow2(x)))));{'d0': {'_a0_': -2.751757149804823, '_a1_': 1.3323420745813077, '_a2_': 1445.5256245545704, '_a4_': 1828.4564619792254, '_a3_': 1.0, '_a5_': 1.0, '_a6_': 1.0, '_a7_': 1.0}};{'d0': 0.024905832920436088};-272.381177322143;53.10222316561776
44331;-83.0883654954540;(x * (pow2((_a1_ + ((x * _a2_) * (_a7_ / (_a7_ * _a4_))))) + -((_a0_ * pow2(x)))));{'d0': {'_a0_': -2.751757149804823, '_a1_': 1.3323420745813077, '_a2_': 1445.5256245545704, '_a4_': 1828.4564619792254, '_a3_': 1.0, '_a5_': 1.0, '_a6_': 1.0, '_a7_': 1.0}};{'d0': 0.024905832920436088};-272.381177322143;53.10222316561776
44332;-83.0883654962523;(x * (pow2((_a1_ + ((x * _a2_) * (_a7_ / (_a1_ * _a4_))))) + -((_a0_ * pow2(x)))));{'d0': {'_a0_': -2.7517571527402844, '_a1_': 1.332342074816936, '_a2_': 946.0194480645508, '_a4_': 588.6408074591367, '_a7_': 0.6554014911305405, '_a3_': 1.0, '_a5_': 1.0, '_a6_': 1.0}};{'d0': 0.024905832919773288};-272.381177323740;53.10222316561776
44333;-83.0883654962523;(x * (pow2((_a1_ + ((x * _a2_) * (_a7_ / (_a1_ * _a4_))))) + -((_a0_ * pow2(x)))));{'d0': {'_a0_': -2.7517571527402844, '_a1_': 1.332342074816936, '_a2_': 946.0194480645508, '_a4_': 588.6408074591367, '_a7_': 0.6554014911305405, '_a3_': 1.0, '_a5_': 1.0, '_a6_': 1.0}};{'d0': 0.024905832919773288};-272.381177323740;53.10222316561776
44334;-83.0883654962523;(x * (pow2((_a1_ + ((x * _a2_) * (_a7_ / (_a1_ * _a4_))))) + -((_a0_ * pow2(x)))));{'d0': {'_a0_': -2.7517571527402844, '_a1_': 1.332342074816936, '_a2_': 946.0194480645508, '_a4_': 588.6408074591367, '_a7_': 0.6554014911305405, '_a3_': 1.0, '_a5_': 1.0, '_a6_': 1.0}};{'d0': 0.024905832919773288};-272.381177323740;53.10222316561776
44335;-83.0883654962523;(x * (pow2((_a1_ + ((x * _a2_) * (_a7_ / (_a1_ * _a4_))))) + -((_a0_ * pow2(x)))));{'d0': {'_a0_': -2.7517571527402844, '_a1_': 1.332342074816936, '_a2_': 946.0194480645508, '_a4_': 588.6408074591367, '_a7_': 0.6554014911305405, '_a3_': 1.0, '_a5_': 1.0, '_a6_': 1.0}};{'d0': 0.024905832919773288};-272.381177323740;53.10222316561776
44336;-83.0883654962523;(x * (pow2((_a1_ + ((x * _a2_) * (_a7_ / (_a1_ * _a4_))))) + -((_a0_ * pow2(x)))));{'d0': {'_a0_': -2.7517571527402844, '_a1_': 1.332342074816936, '_a2_': 946.0194480645508, '_a4_': 588.6408074591367, '_a7_': 0.6554014911305405, '_a3_': 1.0, '_a5_': 1.0, '_a6_': 1.0}};{'d0': 0.024905832919773288};-272.381177323740;53.10222316561776
44337;-83.0883654962523;(x * (pow2((_a1_ + ((x * _a2_) * (_a7_ / (_a1_ * _a4_))))) + -((_a0_ * pow2(x)))));{'d0': {'_a0_': -2.7517571527402844, '_a1_': 1.332342074816936, '_a2_': 946.0194480645508, '_a4_': 588.6408074591367, '_a7_': 0.6554014911305405, '_a3_': 1.0, '_a5_': 1.0, '_a6_': 1.0}};{'d0': 0.024905832919773288};-272.381177323740;53.10222316561776
44338;-83.0883654962523;(x * (pow2((_a1_ + ((x * _a2_) * (_a7_ / (_a1_ * _a4_))))) + -((_a0_ * pow2(x)))));{'d0': {'_a0_': -2.7517571527402844, '_a1_': 1.332342074816936, '_a2_': 946.0194480645508, '_a4_': 588.6408074591367, '_a7_': 0.6554014911305405, '_a3_': 1.0, '_a5_': 1.0, '_a6_': 1.0}};{'d0': 0.024905832919773288};-272.381177323740;53.10222316561776
44339;-83.0883654962523;(x * (pow2((_a1_ + ((x * _a2_) * (_a7_ / (_a1_ * _a4_))))) + -((_a0_ * pow2(x)))));{'d0': {'_a0_': -2.7517571527402844, '_a1_': 1.332342074816936, '_a2_': 946.0194480645508, '_a4_': 588.6408074591367, '_a7_': 0.6554014911305405, '_a3_': 1.0, '_a5_': 1.0, '_a6_': 1.0}};{'d0': 0.024905832919773288};-272.381177323740;53.10222316561776
44340;-83.0883654962523;(x * (pow2((_a1_ + ((x * _a2_) * (_a7_ / (_a1_ * _a4_))))) + -((_a0_ * pow2(x)))));{'d0': {'_a0_': -2.7517571527402844, '_a1_': 1.332342074816936, '_a2_': 946.0194480645508, '_a4_': 588.6408074591367, '_a7_': 0.6554014911305405, '_a3_': 1.0, '_a5_': 1.0, '_a6_': 1.0}};{'d0': 0.024905832919773288};-272.381177323740;53.10222316561776
44341;-83.0883654962523;(x * (pow2((_a1_ + ((x * _a2_) * (_a7_ / (_a1_ * _a4_))))) + -((_a0_ * pow2(x)))));{'d0': {'_a0_': -2.7517571527402844, '_a1_': 1.332342074816936, '_a2_': 946.0194480645508, '_a4_': 588.6408074591367, '_a7_': 0.6554014911305405, '_a3_': 1.0, '_a5_': 1.0, '_a6_': 1.0}};{'d0': 0.024905832919773288};-272.381177323740;53.10222316561776
44342;-83.0883654962523;(x * (pow2((_a1_ + ((x * _a2_) * (_a7_ / (_a1_ * _a4_))))) + -((_a0_ * pow2(x)))));{'d0': {'_a0_': -2.7517571527402844, '_a1_': 1.332342074816936, '_a2_': 946.0194480645508, '_a4_': 588.6408074591367, '_a7_': 0.6554014911305405, '_a3_': 1.0, '_a5_': 1.0, '_a6_': 1.0}};{'d0': 0.024905832919773288};-272.381177323740;53.10222316561776
44343;-83.0883654962523;(x * (pow2((_a1_ + ((x * _a2_) * (_a7_ / (_a1_ * _a4_))))) + -((_a0_ * pow2(x)))));{'d0': {'_a0_': -2.7517571527402844, '_a1_': 1.332342074816936, '_a2_': 946.0194480645508, '_a4_': 588.6408074591367, '_a7_': 0.6554014911305405, '_a3_': 1.0, '_a5_': 1.0, '_a6_': 1.0}};{'d0': 0.024905832919773288};-272.381177323740;53.10222316561776
44344;-95.3958282869007;(((_a4_ * (((x * (_a2_ + x)) * _a5_) * x)) / _a1_) + (x / _a5_));{'d0': {'_a1_': -0.3473875772355266, '_a2_': 0.6238594151212755, '_a4_': -2.0823133608065203, '_a5_': 0.5633373082279, '_a0_': 1.0, '_a3_': 1.0, '_a6_': 1.0, '_a7_': 1.0}};{'d0': 0.02490583291942037};-276.475521886812;42.8419326565056
44345;-95.3958282869007;(((_a4_ * (((x * (_a2_ + x)) * _a5_) * x)) / _a1_) + (x / _a5_));{'d0': {'_a1_': -0.3473875772355266, '_a2_': 0.6238594151212755, '_a4_': -2.0823133608065203, '_a5_': 0.5633373082279, '_a0_': 1.0, '_a3_': 1.0, '_a6_': 1.0, '_a7_': 1.0}};{'d0': 0.02490583291942037};-276.475521886812;42.8419326565056
44346;-95.3958282869007;(((_a4_ * (((x * (_a2_ + x)) * _a5_) * x)) / _a1_) + (x / _a5_));{'d0': {'_a1_': -0.3473875772355266, '_a2_': 0.6238594151212755, '_a4_': -2.0823133608065203, '_a5_': 0.5633373082279, '_a0_': 1.0, '_a3_': 1.0, '_a6_': 1.0, '_a7_': 1.0}};{'d0': 0.02490583291942037};-276.475521886812;42.8419326565056
44347;-95.3958282869007;(((_a4_ * (((x * (_a2_ + x)) * _a5_) * x)) / _a1_) + (x / _a5_));{'d0': {'_a1_': -0.3473875772355266, '_a2_': 0.6238594151212755, '_a4_': -2.0823133608065203, '_a5_': 0.5633373082279, '_a0_': 1.0, '_a3_': 1.0, '_a6_': 1.0, '_a7_': 1.0}};{'d0': 0.02490583291942037};-276.475521886812;42.8419326565056
44348;-95.3958282869007;(((_a4_ * (((x * (_a2_ + x)) * _a5_) * x)) / _a1_) + (x / _a5_));{'d0': {'_a1_': -0.3473875772355266, '_a2_': 0.6238594151212755, '_a4_': -2.0823133608065203, '_a5_': 0.5633373082279, '_a0_': 1.0, '_a3_': 1.0, '_a6_': 1.0, '_a7_': 1.0}};{'d0': 0.02490583291942037};-276.475521886812;42.8419326565056
44349;-83.0883654954540;(x * (pow2((_a1_ + ((x * _a2_) * (_a7_ / (_a7_ * _a4_))))) + -((_a0_ * pow2(x)))));{'d0': {'_a0_': -2.751757149804823, '_a1_': 1.3323420745813077, '_a2_': 1445.5256245545704, '_a4_': 1828.4564619792254, '_a3_': 1.0, '_a5_': 1.0, '_a6_': 1.0, '_a7_': 1.0}};{'d0': 0.024905832920436088};-272.381177322143;53.10222316561776
44350;-83.0883654954540;(x * (pow2((_a1_ + ((x * _a2_) * (_a7_ / (_a7_ * _a4_))))) + -((_a0_ * pow2(x)))));{'d0': {'_a0_': -2.751757149804823, '_a1_': 1.3323420745813077, '_a2_': 1445.5256245545704, '_a4_': 1828.4564619792254, '_a3_': 1.0, '_a5_': 1.0, '_a6_': 1.0, '_a7_': 1.0}};{'d0': 0.024905832920436088};-272.381177322143;53.10222316561776
44351;-83.0883654954540;(x * (pow2((_a1_ + ((x * _a2_) * (_a7_ / (_a7_ * _a4_))))) + -((_a0_ * pow2(x)))));{'d0': {'_a0_': -2.751757149804823, '_a1_': 1.3323420745813077, '_a2_': 1445.5256245545704, '_a4_': 1828.4564619792254, '_a3_': 1.0, '_a5_': 1.0, '_a6_': 1.0, '_a7_': 1.0}};{'d0': 0.024905832920436088};-272.381177322143;53.10222316561776
44352;-83.0883654954540;(x * (pow2((_a1_ + ((x * _a2_) * (_a7_ / (_a7_ * _a4_))))) + -((_a0_ * pow2(x)))));{'d0': {'_a0_': -2.751757149804823, '_a1_': 1.3323420745813077, '_a2_': 1445.5256245545704, '_a4_': 1828.4564619792254, '_a3_': 1.0, '_a5_': 1.0, '_a6_': 1.0, '_a7_': 1.0}};{'d0': 0.024905832920436088};-272.381177322143;53.10222316561776
44353;-83.0883654954540;(x * (pow2((_a1_ + ((x * _a2_) * (_a7_ / (_a7_ * _a4_))))) + -((_a0_ * pow2(x)))));{'d0': {'_a0_': -2.751757149804823, '_a1_': 1.3323420745813077, '_a2_': 1445.5256245545704, '_a4_': 1828.4564619792254, '_a3_': 1.0, '_a5_': 1.0, '_a6_': 1.0, '_a7_': 1.0}};{'d0': 0.024905832920436088};-272.381177322143;53.10222316561776
44354;-83.0883654954540;(x * (pow2((_a1_ + ((x * _a2_) * (_a7_ / (_a7_ * _a4_))))) + -((_a0_ * pow2(x)))));{'d0': {'_a0_': -2.751757149804823, '_a1_': 1.3323420745813077, '_a2_': 1445.5256245545704, '_a4_': 1828.4564619792254, '_a3_': 1.0, '_a5_': 1.0, '_a6_': 1.0, '_a7_': 1.0}};{'d0': 0.024905832920436088};-272.381177322143;53.10222316561776
44355;-83.0883654954540;(x * (pow2((_a1_ + ((x * _a2_) * (_a7_ / (_a7_ * _a4_))))) + -((_a0_ * pow2(x)))));{'d0': {'_a0_': -2.751757149804823, '_a1_': 1.3323420745813077, '_a2_': 1445.5256245545704, '_a4_': 1828.4564619792254, '_a3_': 1.0, '_a5_': 1.0, '_a6_': 1.0, '_a7_': 1.0}};{'d0': 0.024905832920436088};-272.381177322143;53.10222316561776
44356;-83.0883654954540;(x * (pow2((_a1_ + ((x * _a2_) * (_a7_ / (_a7_ * _a4_))))) + -((_a0_ * pow2(x)))));{'d0': {'_a0_': -2.751757149804823, '_a1_': 1.3323420745813077, '_a2_': 1445.5256245545704, '_a4_': 1828.4564619792254, '_a3_': 1.0, '_a5_': 1.0, '_a6_': 1.0, '_a7_': 1.0}};{'d0': 0.024905832920436088};-272.381177322143;53.10222316561776
44357;-83.0883654954540;(x * (pow2((_a1_ + ((x * _a2_) * (_a7_ / (_a7_ * _a4_))))) + -((_a0_ * pow2(x)))));{'d0': {'_a0_': -2.751757149804823, '_a1_': 1.3323420745813077, '_a2_': 1445.5256245545704, '_a4_': 1828.4564619792254, '_a3_': 1.0, '_a5_': 1.0, '_a6_': 1.0, '_a7_': 1.0}};{'d0': 0.024905832920436088};-272.381177322143;53.10222316561776
44358;-86.7862999692834;(x * (pow2((_a1_ + ((x * _a2_) * (_a7_ / (_a7_ * _a4_))))) + -((_a0_ * _a1_))));{'d0': {'_a0_': -2.523680598271762, '_a1_': 0.5732009384053545, '_a2_': 1651.1857862422507, '_a4_': 898.5573147123216, '_a3_': 1.0, '_a5_': 1.0, '_a6_': 1.0, '_a7_': 1.0}};{'d0': 0.02490583291942372};-272.381177324582;49.40428869300776
44359;-86.7862999692834;(x * (pow2((_a1_ + ((x * _a2_) * (_a7_ / (_a7_ * _a4_))))) + -((_a0_ * _a1_))));{'d0': {'_a0_': -2.523680598271762, '_a1_': 0.5732009384053545, '_a2_': 1651.1857862422507, '_a4_': 898.5573147123216, '_a3_': 1.0, '_a5_': 1.0, '_a6_': 1.0, '_a7_': 1.0}};{'d0': 0.02490583291942372};-272.381177324582;49.40428869300776
44360;-86.7862999692834;(x * (pow2((_a1_ + ((x * _a2_) * (_a7_ / (_a7_ * _a4_))))) + -((_a0_ * _a1_))));{'d0': {'_a0_': -2.523680598271762, '_a1_': 0.5732009384053545, '_a2_': 1651.1857862422507, '_a4_': 898.5573147123216, '_a3_': 1.0, '_a5_': 1.0, '_a6_': 1.0, '_a7_': 1.0}};{'d0': 0.02490583291942372};-272.381177324582;49.40428869300776
44361;-86.7862999692834;(x * (pow2((_a1_ + ((x * _a2_) * (_a7_ / (_a7_ * _a4_))))) + -((_a0_ * _a1_))));{'d0': {'_a0_': -2.523680598271762, '_a1_': 0.5732009384053545, '_a2_': 1651.1857862422507, '_a4_': 898.5573147123216, '_a3_': 1.0, '_a5_': 1.0, '_a6_': 1.0, '_a7_': 1.0}};{'d0': 0.02490583291942372};-272.381177324582;49.40428869300776
44362;-86.7862999692834;(x * (pow2((_a1_ + ((x * _a2_) * (_a7_ / (_a7_ * _a4_))))) + -((_a0_ * _a1_))));{'d0': {'_a0_': -2.523680598271762, '_a1_': 0.5732009384053545, '_a2_': 1651.1857862422507, '_a4_': 898.5573147123216, '_a3_': 1.0, '_a5_': 1.0, '_a6_': 1.0, '_a7_': 1.0}};{'d0': 0.02490583291942372};-272.381177324582;49.40428869300776
44363;-86.7862999692834;(x * (pow2((_a1_ + ((x * _a2_) * (_a7_ / (_a7_ * _a4_))))) + -((_a0_ * _a1_))));{'d0': {'_a0_': -2.523680598271762, '_a1_': 0.5732009384053545, '_a2_': 1651.1857862422507, '_a4_': 898.5573147123216, '_a3_': 1.0, '_a5_': 1.0, '_a6_': 1.0, '_a7_': 1.0}};{'d0': 0.02490583291942372};-272.381177324582;49.40428869300776
44364;-86.7862999692834;(x * (pow2((_a1_ + ((x * _a2_) * (_a7_ / (_a7_ * _a4_))))) + -((_a0_ * _a1_))));{'d0': {'_a0_': -2.523680598271762, '_a1_': 0.5732009384053545, '_a2_': 1651.1857862422507, '_a4_': 898.5573147123216, '_a3_': 1.0, '_a5_': 1.0, '_a6_': 1.0, '_a7_': 1.0}};{'d0': 0.02490583291942372};-272.381177324582;49.40428869300776
44365;-86.7862999692834;(x * (pow2((_a1_ + ((x * _a2_) * (_a7_ / (_a7_ * _a4_))))) + -((_a0_ * _a1_))));{'d0': {'_a0_': -2.523680598271762, '_a1_': 0.5732009384053545, '_a2_': 1651.1857862422507, '_a4_': 898.5573147123216, '_a3_': 1.0, '_a5_': 1.0, '_a6_': 1.0, '_a7_': 1.0}};{'d0': 0.02490583291942372};-272.381177324582;49.40428869300776
44366;-86.7862999692834;(x * (pow2((_a1_ + ((x * _a2_) * (_a7_ / (_a7_ * _a4_))))) + -((_a0_ * _a1_))));{'d0': {'_a0_': -2.523680598271762, '_a1_': 0.5732009384053545, '_a2_': 1651.1857862422507, '_a4_': 898.5573147123216, '_a3_': 1.0, '_a5_': 1.0, '_a6_': 1.0, '_a7_': 1.0}};{'d0': 0.02490583291942372};-272.381177324582;49.40428869300776
44367;-86.7862999692834;(x * (pow2((_a1_ + ((x * _a2_) * (_a7_ / (_a7_ * _a4_))))) + -((_a0_ * _a1_))));{'d0': {'_a0_': -2.523680598271762, '_a1_': 0.5732009384053545, '_a2_': 1651.1857862422507, '_a4_': 898.5573147123216, '_a3_': 1.0, '_a5_': 1.0, '_a6_': 1.0, '_a7_': 1.0}};{'d0': 0.02490583291942372};-272.381177324582;49.40428869300776
44368;-86.7862999692834;(x * (pow2((_a1_ + ((x * _a2_) * (_a7_ / (_a7_ * _a4_))))) + -((_a0_ * _a1_))));{'d0': {'_a0_': -2.523680598271762, '_a1_': 0.5732009384053545, '_a2_': 1651.1857862422507, '_a4_': 898.5573147123216, '_a3_': 1.0, '_a5_': 1.0, '_a6_': 1.0, '_a7_': 1.0}};{'d0': 0.02490583291942372};-272.381177324582;49.40428869300776
44369;-86.7862999692834;(x * (pow2((_a1_ + ((x * _a2_) * (_a7_ / (_a7_ * _a4_))))) + -((_a0_ * _a1_))));{'d0': {'_a0_': -2.523680598271762, '_a1_': 0.5732009384053545, '_a2_': 1651.1857862422507, '_a4_': 898.5573147123216, '_a3_': 1.0, '_a5_': 1.0, '_a6_': 1.0, '_a7_': 1.0}};{'d0': 0.02490583291942372};-272.381177324582;49.40428869300776
44370;-86.7862999692834;(x * (pow2((_a1_ + ((x * _a2_) * (_a7_ / (_a7_ * _a4_))))) + -((_a0_ * _a1_))));{'d0': {'_a0_': -2.523680598271762, '_a1_': 0.5732009384053545, '_a2_': 1651.1857862422507, '_a4_': 898.5573147123216, '_a3_': 1.0, '_a5_': 1.0, '_a6_': 1.0, '_a7_': 1.0}};{'d0': 0.02490583291942372};-272.381177324582;49.40428869300776
44371;-86.7862999692834;(x * (pow2((_a1_ + ((x * _a2_) * (_a7_ / (_a7_ * _a4_))))) + -((_a0_ * _a1_))));{'d0': {'_a0_': -2.523680598271762, '_a1_': 0.5732009384053545, '_a2_': 1651.1857862422507, '_a4_': 898.5573147123216, '_a3_': 1.0, '_a5_': 1.0, '_a6_': 1.0, '_a7_': 1.0}};{'d0': 0.02490583291942372};-272.381177324582;49.40428869300776
44372;-86.7862999692834;(x * (pow2((_a1_ + ((x * _a2_) * (_a7_ / (_a7_ * _a4_))))) + -((_a0_ * _a1_))));{'d0': {'_a0_': -2.523680598271762, '_a1_': 0.5732009384053545, '_a2_': 1651.1857862422507, '_a4_': 898.5573147123216, '_a3_': 1.0, '_a5_': 1.0, '_a6_': 1.0, '_a7_': 1.0}};{'d0': 0.02490583291942372};-272.381177324582;49.40428869300776
44373;-86.7862999692834;(x * (pow2((_a1_ + ((x * _a2_) * (_a7_ / (_a7_ * _a4_))))) + -((_a0_ * _a1_))));{'d0': {'_a0_': -2.523680598271762, '_a1_': 0.5732009384053545, '_a2_': 1651.1857862422507, '_a4_': 898.5573147123216, '_a3_': 1.0, '_a5_': 1.0, '_a6_': 1.0, '_a7_': 1.0}};{'d0': 0.02490583291942372};-272.381177324582;49.40428869300776
44374;-86.7862999692834;(x * (pow2((_a1_ + ((x * _a2_) * (_a7_ / (_a7_ * _a4_))))) + -((_a0_ * _a1_))));{'d0': {'_a0_': -2.523680598271762, '_a1_': 0.5732009384053545, '_a2_': 1651.1857862422507, '_a4_': 898.5573147123216, '_a3_': 1.0, '_a5_': 1.0, '_a6_': 1.0, '_a7_': 1.0}};{'d0': 0.02490583291942372};-272.381177324582;49.40428869300776
44375;-86.7862999692834;(x * (pow2((_a1_ + ((x * _a2_) * (_a7_ / (_a7_ * _a4_))))) + -((_a0_ * _a1_))));{'d0': {'_a0_': -2.523680598271762, '_a1_': 0.5732009384053545, '_a2_': 1651.1857862422507, '_a4_': 898.5573147123216, '_a3_': 1.0, '_a5_': 1.0, '_a6_': 1.0, '_a7_': 1.0}};{'d0': 0.02490583291942372};-272.381177324582;49.40428869300776
44376;-86.7862999692834;(x * (pow2((_a1_ + ((x * _a2_) * (_a7_ / (_a7_ * _a4_))))) + -((_a0_ * _a1_))));{'d0': {'_a0_': -2.523680598271762, '_a1_': 0.5732009384053545, '_a2_': 1651.1857862422507, '_a4_': 898.5573147123216, '_a3_': 1.0, '_a5_': 1.0, '_a6_': 1.0, '_a7_': 1.0}};{'d0': 0.02490583291942372};-272.381177324582;49.40428869300776
44377;-86.7862999692834;(x * (pow2((_a1_ + ((x * _a2_) * (_a7_ / (_a7_ * _a4_))))) + -((_a0_ * _a1_))));{'d0': {'_a0_': -2.523680598271762, '_a1_': 0.5732009384053545, '_a2_': 1651.1857862422507, '_a4_': 898.5573147123216, '_a3_': 1.0, '_a5_': 1.0, '_a6_': 1.0, '_a7_': 1.0}};{'d0': 0.02490583291942372};-272.381177324582;49.40428869300776
44378;-86.7862999692834;(x * (pow2((_a1_ + ((x * _a2_) * (_a7_ / (_a7_ * _a4_))))) + -((_a0_ * _a1_))));{'d0': {'_a0_': -2.523680598271762, '_a1_': 0.5732009384053545, '_a2_': 1651.1857862422507, '_a4_': 898.5573147123216, '_a3_': 1.0, '_a5_': 1.0, '_a6_': 1.0, '_a7_': 1.0}};{'d0': 0.02490583291942372};-272.381177324582;49.40428869300776
44379;-86.7862999692834;(x * (pow2((_a1_ + ((x * _a2_) * (_a7_ / (_a7_ * _a4_))))) + -((_a0_ * _a1_))));{'d0': {'_a0_': -2.523680598271762, '_a1_': 0.5732009384053545, '_a2_': 1651.1857862422507, '_a4_': 898.5573147123216, '_a3_': 1.0, '_a5_': 1.0, '_a6_': 1.0, '_a7_': 1.0}};{'d0': 0.02490583291942372};-272.381177324582;49.40428869300776
44380;-86.7862999692834;(x * (pow2((_a1_ + ((x * _a2_) * (_a7_ / (_a7_ * _a4_))))) + -((_a0_ * _a1_))));{'d0': {'_a0_': -2.523680598271762, '_a1_': 0.5732009384053545, '_a2_': 1651.1857862422507, '_a4_': 898.5573147123216, '_a3_': 1.0, '_a5_': 1.0, '_a6_': 1.0, '_a7_': 1.0}};{'d0': 0.02490583291942372};-272.381177324582;49.40428869300776
44381;-86.7862999692834;(x * (pow2((_a1_ + ((x * _a2_) * (_a7_ / (_a7_ * _a4_))))) + -((_a0_ * _a1_))));{'d0': {'_a0_': -2.523680598271762, '_a1_': 0.5732009384053545, '_a2_': 1651.1857862422507, '_a4_': 898.5573147123216, '_a3_': 1.0, '_a5_': 1.0, '_a6_': 1.0, '_a7_': 1.0}};{'d0': 0.02490583291942372};-272.381177324582;49.40428869300776
44382;-81.6054569664673;(((((_a0_ * (x + x)) + ((_a6_ * pow2(x)) + sqrt(pow2(_a1_)))) / _a5_) + _a5_) * x);{'d0': {'_a0_': 1.2213892754817008, '_a1_': 0.7137911845590869, '_a5_': 1.1595702279307665, '_a6_': 3.91559138146173, '_a2_': 1.0, '_a3_': 1.0, '_a4_': 1.0, '_a7_': 1.0}};{'d0': 0.02490583291961786};-276.475521886337;56.63230397670145
44383;-81.6054569565765;(((((_a0_ * (x + x)) + ((_a6_ * pow2(x)) + sqrt(pow2(_a1_)))) / _a5_) + _a0_) * x);{'d0': {'_a0_': 1.0753856586482153, '_a1_': 0.7144147358291225, '_a5_': 1.0209563974599063, '_a6_': 3.4475256167310397, '_a2_': 1.0, '_a3_': 1.0, '_a4_': 1.0, '_a7_': 1.0}};{'d0': 0.024905832927829125};-276.475521866555;56.63230397670145
44384;-81.6054569565765;(((((_a0_ * (x + x)) + ((_a6_ * pow2(x)) + sqrt(pow2(_a1_)))) / _a5_) + _a0_) * x);{'d0': {'_a0_': 1.0753856586482153, '_a1_': 0.7144147358291225, '_a5_': 1.0209563974599063, '_a6_': 3.4475256167310397, '_a2_': 1.0, '_a3_': 1.0, '_a4_': 1.0, '_a7_': 1.0}};{'d0': 0.024905832927829125};-276.475521866555;56.63230397670145
44385;-81.6054569565765;(((((_a0_ * (x + x)) + ((_a6_ * pow2(x)) + sqrt(pow2(_a1_)))) / _a5_) + _a0_) * x);{'d0': {'_a0_': 1.0753856586482153, '_a1_': 0.7144147358291225, '_a5_': 1.0209563974599063, '_a6_': 3.4475256167310397, '_a2_': 1.0, '_a3_': 1.0, '_a4_': 1.0, '_a7_': 1.0}};{'d0': 0.024905832927829125};-276.475521866555;56.63230397670145
44386;-81.6054569565765;(((((_a0_ * (x + x)) + ((_a6_ * pow2(x)) + sqrt(pow2(_a1_)))) / _a5_) + _a0_) * x);{'d0': {'_a0_': 1.0753856586482153, '_a1_': 0.7144147358291225, '_a5_': 1.0209563974599063, '_a6_': 3.4475256167310397, '_a2_': 1.0, '_a3_': 1.0, '_a4_': 1.0, '_a7_': 1.0}};{'d0': 0.024905832927829125};-276.475521866555;56.63230397670145
44387;-81.6054569565765;(((((_a0_ * (x + x)) + ((_a6_ * pow2(x)) + sqrt(pow2(_a1_)))) / _a5_) + _a0_) * x);{'d0': {'_a0_': 1.0753856586482153, '_a1_': 0.7144147358291225, '_a5_': 1.0209563974599063, '_a6_': 3.4475256167310397, '_a2_': 1.0, '_a3_': 1.0, '_a4_': 1.0, '_a7_': 1.0}};{'d0': 0.024905832927829125};-276.475521866555;56.63230397670145
44388;-81.4851476840822;(((((_a0_ * (x + x)) + ((_a6_ * pow2(x)) + sqrt(pow2(_a1_)))) + _a5_) + _a0_) * x);{'d0': {'_a0_': 1.0533120331990302, '_a1_': -0.05216677621324706, '_a5_': 0.6696565929093483, '_a6_': 3.3767608795053845, '_a2_': 1.0, '_a3_': 1.0, '_a4_': 1.0, '_a7_': 1.0}};{'d0': 0.024905832919416514};-276.475521886822;56.75261325932905
44389;-81.4851476840822;(((((_a0_ * (x + x)) + ((_a6_ * pow2(x)) + sqrt(pow2(_a1_)))) + _a5_) + _a0_) * x);{'d0': {'_a0_': 1.0533120331990302, '_a1_': -0.05216677621324706, '_a5_': 0.6696565929093483, '_a6_': 3.3767608795053845, '_a2_': 1.0, '_a3_': 1.0, '_a4_': 1.0, '_a7_': 1.0}};{'d0': 0.024905832919416514};-276.475521886822;56.75261325932905
44390;-81.4851476840822;(((((_a0_ * (x + x)) + ((_a6_ * pow2(x)) + sqrt(pow2(_a1_)))) + _a5_) + _a0_) * x);{'d0': {'_a0_': 1.0533120331990302, '_a1_': -0.05216677621324706, '_a5_': 0.6696565929093483, '_a6_': 3.3767608795053845, '_a2_': 1.0, '_a3_': 1.0, '_a4_': 1.0, '_a7_': 1.0}};{'d0': 0.024905832919416514};-276.475521886822;56.75261325932905
44391;-81.4851476840822;(((((_a0_ * (x + x)) + ((_a6_ * pow2(x)) + sqrt(pow2(_a1_)))) + _a5_) + _a0_) * x);{'d0': {'_a0_': 1.0533120331990302, '_a1_': -0.05216677621324706, '_a5_': 0.6696565929093483, '_a6_': 3.3767608795053845, '_a2_': 1.0, '_a3_': 1.0, '_a4_': 1.0, '_a7_': 1.0}};{'d0': 0.024905832919416514};-276.475521886822;56.75261325932905
44392;-81.4851476840822;(((((_a0_ * (x + x)) + ((_a6_ * pow2(x)) + sqrt(pow2(_a1_)))) + _a5_) + _a0_) * x);{'d0': {'_a0_': 1.0533120331990302, '_a1_': -0.05216677621324706, '_a5_': 0.6696565929093483, '_a6_': 3.3767608795053845, '_a2_': 1.0, '_a3_': 1.0, '_a4_': 1.0, '_a7_': 1.0}};{'d0': 0.024905832919416514};-276.475521886822;56.75261325932905
44393;-81.4851476840822;(((((_a0_ * (x + x)) + ((_a6_ * pow2(x)) + sqrt(pow2(_a1_)))) + _a5_) + _a0_) * x);{'d0': {'_a0_': 1.0533120331990302, '_a1_': -0.05216677621324706, '_a5_': 0.6696565929093483, '_a6_': 3.3767608795053845, '_a2_': 1.0, '_a3_': 1.0, '_a4_': 1.0, '_a7_': 1.0}};{'d0': 0.024905832919416514};-276.475521886822;56.75261325932905
44394;-81.4851476840796;(((((_a0_ * (x + x)) + ((_a6_ * pow2(x)) + sqrt(pow2(_a1_)))) + _a5_) + _a5_) * x);{'d0': {'_a0_': 1.05331202556926, '_a1_': -0.11469854850966954, '_a5_': 0.8302184249674749, '_a6_': 3.376760850924504, '_a2_': 1.0, '_a3_': 1.0, '_a4_': 1.0, '_a7_': 1.0}};{'d0': 0.024905832919418613};-276.475521886817;56.75261325932905
44395;-81.4851476840796;(((((_a0_ * (x + x)) + ((_a6_ * pow2(x)) + sqrt(pow2(_a1_)))) + _a5_) + _a5_) * x);{'d0': {'_a0_': 1.05331202556926, '_a1_': -0.11469854850966954, '_a5_': 0.8302184249674749, '_a6_': 3.376760850924504, '_a2_': 1.0, '_a3_': 1.0, '_a4_': 1.0, '_a7_': 1.0}};{'d0': 0.024905832919418613};-276.475521886817;56.75261325932905
44396;-81.4851476840822;(((((_a0_ * (x + x)) + ((_a6_ * pow2(x)) + sqrt(pow2(_a1_)))) + _a5_) + _a0_) * x);{'d0': {'_a0_': 1.0533120331990302, '_a1_': -0.05216677621324706, '_a5_': 0.6696565929093483, '_a6_': 3.3767608795053845, '_a2_': 1.0, '_a3_': 1.0, '_a4_': 1.0, '_a7_': 1.0}};{'d0': 0.024905832919416514};-276.475521886822;56.75261325932905
44397;-87.4057487321091;(((((_a0_ * x) + ((_a6_ * pow2(x)) + sqrt(pow2(_a1_)))) + _a5_) + _a0_) * x);{'d0': {'_a0_': 2.1066240670875356, '_a1_': -163.83589058915118, '_a5_': -164.1673790290016, '_a6_': 3.376760893652791, '_a2_': 1.0, '_a3_': 1.0, '_a4_': 1.0, '_a7_': 1.0}};{'d0': 0.024905832920249248};-276.475521884816;50.832012210299055
44398;-87.4057487321091;(((((_a0_ * x) + ((_a6_ * pow2(x)) + sqrt(pow2(_a1_)))) + _a5_) + _a0_) * x);{'d0': {'_a0_': 2.1066240670875356, '_a1_': -163.83589058915118, '_a5_': -164.1673790290016, '_a6_': 3.376760893652791, '_a2_': 1.0, '_a3_': 1.0, '_a4_': 1.0, '_a7_': 1.0}};{'d0': 0.024905832920249248};-276.475521884816;50.832012210299055
44399;-87.4057487321091;(((((_a0_ * x) + ((_a6_ * pow2(x)) + sqrt(pow2(_a1_)))) + _a5_) + _a0_) * x);{'d0': {'_a0_': 2.1066240670875356, '_a1_': -163.83589058915118, '_a5_': -164.1673790290016, '_a6_': 3.376760893652791, '_a2_': 1.0, '_a3_': 1.0, '_a4_': 1.0, '_a7_': 1.0}};{'d0': 0.024905832920249248};-276.475521884816;50.832012210299055
44400;-87.4057487321091;(((((_a0_ * x) + ((_a6_ * pow2(x)) + sqrt(pow2(_a1_)))) + _a5_) + _a0_) * x);{'d0': {'_a0_': 2.1066240670875356, '_a1_': -163.83589058915118, '_a5_': -164.1673790290016, '_a6_': 3.376760893652791, '_a2_': 1.0, '_a3_': 1.0, '_a4_': 1.0, '_a7_': 1.0}};{'d0': 0.024905832920249248};-276.475521884816;50.832012210299055
44401;-87.4057487321091;(((((_a0_ * x) + ((_a6_ * pow2(x)) + sqrt(pow2(_a1_)))) + _a5_) + _a0_) * x);{'d0': {'_a0_': 2.1066240670875356, '_a1_': -163.83589058915118, '_a5_': -164.1673790290016, '_a6_': 3.376760893652791, '_a2_': 1.0, '_a3_': 1.0, '_a4_': 1.0, '_a7_': 1.0}};{'d0': 0.024905832920249248};-276.475521884816;50.832012210299055
44402;-87.4057487321091;(((((_a0_ * x) + ((_a6_ * pow2(x)) + sqrt(pow2(_a1_)))) + _a5_) + _a0_) * x);{'d0': {'_a0_': 2.1066240670875356, '_a1_': -163.83589058915118, '_a5_': -164.1673790290016, '_a6_': 3.376760893652791, '_a2_': 1.0, '_a3_': 1.0, '_a4_': 1.0, '_a7_': 1.0}};{'d0': 0.024905832920249248};-276.475521884816;50.832012210299055
44403;-109.408611468146;((_a1_ + (pow2(((_a5_ + x) * _a0_)) / _a1_)) * x);{'d0': {'_a0_': 2.21014514144874, '_a1_': 1.4465760895625694, '_a5_': 0.31192970784082774, '_a2_': 1.0, '_a3_': 1.0, '_a4_': 1.0, '_a6_': 1.0, '_a7_': 1.0}};{'d0': 0.024905832919416643};-280.569866449044;30.876321756376292
44404;-87.4057487321091;(((((_a0_ * x) + ((_a6_ * pow2(x)) + sqrt(pow2(_a1_)))) + _a5_) + _a0_) * x);{'d0': {'_a0_': 2.1066240670875356, '_a1_': -163.83589058915118, '_a5_': -164.1673790290016, '_a6_': 3.376760893652791, '_a2_': 1.0, '_a3_': 1.0, '_a4_': 1.0, '_a7_': 1.0}};{'d0': 0.024905832920249248};-276.475521884816;50.832012210299055
44405;-87.4057487321091;(((((_a0_ * x) + ((_a6_ * pow2(x)) + sqrt(pow2(_a1_)))) + _a5_) + _a0_) * x);{'d0': {'_a0_': 2.1066240670875356, '_a1_': -163.83589058915118, '_a5_': -164.1673790290016, '_a6_': 3.376760893652791, '_a2_': 1.0, '_a3_': 1.0, '_a4_': 1.0, '_a7_': 1.0}};{'d0': 0.024905832920249248};-276.475521884816;50.832012210299055
44406;-87.4057487321091;(((((_a0_ * x) + ((_a6_ * pow2(x)) + sqrt(pow2(_a1_)))) + _a5_) + _a0_) * x);{'d0': {'_a0_': 2.1066240670875356, '_a1_': -163.83589058915118, '_a5_': -164.1673790290016, '_a6_': 3.376760893652791, '_a2_': 1.0, '_a3_': 1.0, '_a4_': 1.0, '_a7_': 1.0}};{'d0': 0.024905832920249248};-276.475521884816;50.832012210299055
44407;-87.4057487321091;(((((_a0_ * x) + ((_a6_ * pow2(x)) + sqrt(pow2(_a1_)))) + _a5_) + _a0_) * x);{'d0': {'_a0_': 2.1066240670875356, '_a1_': -163.83589058915118, '_a5_': -164.1673790290016, '_a6_': 3.376760893652791, '_a2_': 1.0, '_a3_': 1.0, '_a4_': 1.0, '_a7_': 1.0}};{'d0': 0.024905832920249248};-276.475521884816;50.832012210299055
44408;-87.4057487321091;(((((_a0_ * x) + ((_a6_ * pow2(x)) + sqrt(pow2(_a1_)))) + _a5_) + _a0_) * x);{'d0': {'_a0_': 2.1066240670875356, '_a1_': -163.83589058915118, '_a5_': -164.1673790290016, '_a6_': 3.376760893652791, '_a2_': 1.0, '_a3_': 1.0, '_a4_': 1.0, '_a7_': 1.0}};{'d0': 0.024905832920249248};-276.475521884816;50.832012210299055
44409;-87.4057487321091;(((((_a0_ * x) + ((_a6_ * pow2(x)) + sqrt(pow2(_a1_)))) + _a5_) + _a0_) * x);{'d0': {'_a0_': 2.1066240670875356, '_a1_': -163.83589058915118, '_a5_': -164.1673790290016, '_a6_': 3.376760893652791, '_a2_': 1.0, '_a3_': 1.0, '_a4_': 1.0, '_a7_': 1.0}};{'d0': 0.024905832920249248};-276.475521884816;50.832012210299055
44410;-87.4057487321091;(((((_a0_ * x) + ((_a6_ * pow2(x)) + sqrt(pow2(_a1_)))) + _a5_) + _a0_) * x);{'d0': {'_a0_': 2.1066240670875356, '_a1_': -163.83589058915118, '_a5_': -164.1673790290016, '_a6_': 3.376760893652791, '_a2_': 1.0, '_a3_': 1.0, '_a4_': 1.0, '_a7_': 1.0}};{'d0': 0.024905832920249248};-276.475521884816;50.832012210299055
44411;-87.4057487321091;(((((_a0_ * x) + ((_a6_ * pow2(x)) + sqrt(pow2(_a1_)))) + _a5_) + _a0_) * x);{'d0': {'_a0_': 2.1066240670875356, '_a1_': -163.83589058915118, '_a5_': -164.1673790290016, '_a6_': 3.376760893652791, '_a2_': 1.0, '_a3_': 1.0, '_a4_': 1.0, '_a7_': 1.0}};{'d0': 0.024905832920249248};-276.475521884816;50.832012210299055
44412;-93.2898006179316;(((_a7_ * (((x * (_a2_ + x)) * _a5_) * x)) + _a1_) + (x / _a4_));{'d0': {'_a1_': -0.0010241922883728685, '_a2_': 0.62455117367817, '_a4_': 0.5634901956388183, '_a5_': 2.9752879781822394, '_a7_': 1.1368706996700528, '_a0_': 1.0, '_a3_': 1.0, '_a6_': 1.0}};{'d0': 0.024885482502053677};-272.430223030640;42.9253108973884
44413;-93.2898006179316;(((_a7_ * (((x * (_a2_ + x)) * _a5_) * x)) + _a1_) + (x / _a4_));{'d0': {'_a1_': -0.0010241922883728685, '_a2_': 0.62455117367817, '_a4_': 0.5634901956388183, '_a5_': 2.9752879781822394, '_a7_': 1.1368706996700528, '_a0_': 1.0, '_a3_': 1.0, '_a6_': 1.0}};{'d0': 0.024885482502053677};-272.430223030640;42.9253108973884
44414;-93.2898006179316;(((_a7_ * (((x * (_a2_ + x)) * _a5_) * x)) + _a1_) + (x / _a4_));{'d0': {'_a1_': -0.0010241922883728685, '_a2_': 0.62455117367817, '_a4_': 0.5634901956388183, '_a5_': 2.9752879781822394, '_a7_': 1.1368706996700528, '_a0_': 1.0, '_a3_': 1.0, '_a6_': 1.0}};{'d0': 0.024885482502053677};-272.430223030640;42.9253108973884
44415;-93.2898006179316;(((_a7_ * (((x * (_a2_ + x)) * _a5_) * x)) + _a1_) + (x / _a4_));{'d0': {'_a1_': -0.0010241922883728685, '_a2_': 0.62455117367817, '_a4_': 0.5634901956388183, '_a5_': 2.9752879781822394, '_a7_': 1.1368706996700528, '_a0_': 1.0, '_a3_': 1.0, '_a6_': 1.0}};{'d0': 0.024885482502053677};-272.430223030640;42.9253108973884
44416;-87.3862797076092;(((((_a0_ * x) + ((_a6_ * pow2(x)) + log(pow2(_a1_)))) + _a5_) + _a0_) * x);{'d0': {'_a0_': 2.1066240697130874, '_a1_': -5351.129035069621, '_a5_': -17.501614935165236, '_a6_': 3.3767608808905183, '_a2_': 1.0, '_a3_': 1.0, '_a4_': 1.0, '_a7_': 1.0}};{'d0': 0.024905832924325407};-276.475521874996;50.85148122988905
44417;-87.3862797076092;(((((_a0_ * x) + ((_a6_ * pow2(x)) + log(pow2(_a1_)))) + _a5_) + _a0_) * x);{'d0': {'_a0_': 2.1066240697130874, '_a1_': -5351.129035069621, '_a5_': -17.501614935165236, '_a6_': 3.3767608808905183, '_a2_': 1.0, '_a3_': 1.0, '_a4_': 1.0, '_a7_': 1.0}};{'d0': 0.024905832924325407};-276.475521874996;50.85148122988905
44418;-87.3862797076092;(((((_a0_ * x) + ((_a6_ * pow2(x)) + log(pow2(_a1_)))) + _a5_) + _a0_) * x);{'d0': {'_a0_': 2.1066240697130874, '_a1_': -5351.129035069621, '_a5_': -17.501614935165236, '_a6_': 3.3767608808905183, '_a2_': 1.0, '_a3_': 1.0, '_a4_': 1.0, '_a7_': 1.0}};{'d0': 0.024905832924325407};-276.475521874996;50.85148122988905
44419;-87.3862797076092;(((((_a0_ * x) + ((_a6_ * pow2(x)) + log(pow2(_a1_)))) + _a5_) + _a0_) * x);{'d0': {'_a0_': 2.1066240697130874, '_a1_': -5351.129035069621, '_a5_': -17.501614935165236, '_a6_': 3.3767608808905183, '_a2_': 1.0, '_a3_': 1.0, '_a4_': 1.0, '_a7_': 1.0}};{'d0': 0.024905832924325407};-276.475521874996;50.85148122988905
44420;-87.3862797076092;(((((_a0_ * x) + ((_a6_ * pow2(x)) + log(pow2(_a1_)))) + _a5_) + _a0_) * x);{'d0': {'_a0_': 2.1066240697130874, '_a1_': -5351.129035069621, '_a5_': -17.501614935165236, '_a6_': 3.3767608808905183, '_a2_': 1.0, '_a3_': 1.0, '_a4_': 1.0, '_a7_': 1.0}};{'d0': 0.024905832924325407};-276.475521874996;50.85148122988905
44421;-87.3862797076092;(((((_a0_ * x) + ((_a6_ * pow2(x)) + log(pow2(_a1_)))) + _a5_) + _a0_) * x);{'d0': {'_a0_': 2.1066240697130874, '_a1_': -5351.129035069621, '_a5_': -17.501614935165236, '_a6_': 3.3767608808905183, '_a2_': 1.0, '_a3_': 1.0, '_a4_': 1.0, '_a7_': 1.0}};{'d0': 0.024905832924325407};-276.475521874996;50.85148122988905
44422;-109.408611468146;((_a1_ + (pow2(((_a5_ + x) * _a0_)) / _a1_)) * x);{'d0': {'_a0_': 2.21014514144874, '_a1_': 1.4465760895625694, '_a5_': 0.31192970784082774, '_a2_': 1.0, '_a3_': 1.0, '_a4_': 1.0, '_a6_': 1.0, '_a7_': 1.0}};{'d0': 0.024905832919416643};-280.569866449044;30.876321756376292
44423;-109.408611468146;((_a1_ + (pow2(((_a5_ + x) * _a0_)) / _a1_)) * x);{'d0': {'_a0_': 2.21014514144874, '_a1_': 1.4465760895625694, '_a5_': 0.31192970784082774, '_a2_': 1.0, '_a3_': 1.0, '_a4_': 1.0, '_a6_': 1.0, '_a7_': 1.0}};{'d0': 0.024905832919416643};-280.569866449044;30.876321756376292
44424;-109.408611468146;((_a1_ + (pow2(((_a5_ + x) * _a0_)) / _a1_)) * x);{'d0': {'_a0_': 2.21014514144874, '_a1_': 1.4465760895625694, '_a5_': 0.31192970784082774, '_a2_': 1.0, '_a3_': 1.0, '_a4_': 1.0, '_a6_': 1.0, '_a7_': 1.0}};{'d0': 0.024905832919416643};-280.569866449044;30.876321756376292
44425;-87.3862797076092;(((((_a0_ * x) + ((_a6_ * pow2(x)) + log(pow2(_a1_)))) + _a5_) + _a0_) * x);{'d0': {'_a0_': 2.1066240697130874, '_a1_': -5351.129035069621, '_a5_': -17.501614935165236, '_a6_': 3.3767608808905183, '_a2_': 1.0, '_a3_': 1.0, '_a4_': 1.0, '_a7_': 1.0}};{'d0': 0.024905832924325407};-276.475521874996;50.85148122988905
44426;-87.3862797076092;(((((_a0_ * x) + ((_a6_ * pow2(x)) + log(pow2(_a1_)))) + _a5_) + _a0_) * x);{'d0': {'_a0_': 2.1066240697130874, '_a1_': -5351.129035069621, '_a5_': -17.501614935165236, '_a6_': 3.3767608808905183, '_a2_': 1.0, '_a3_': 1.0, '_a4_': 1.0, '_a7_': 1.0}};{'d0': 0.024905832924325407};-276.475521874996;50.85148122988905
44427;-87.3862797076092;(((((_a0_ * x) + ((_a6_ * pow2(x)) + log(pow2(_a1_)))) + _a5_) + _a0_) * x);{'d0': {'_a0_': 2.1066240697130874, '_a1_': -5351.129035069621, '_a5_': -17.501614935165236, '_a6_': 3.3767608808905183, '_a2_': 1.0, '_a3_': 1.0, '_a4_': 1.0, '_a7_': 1.0}};{'d0': 0.024905832924325407};-276.475521874996;50.85148122988905
44428;-87.3862797076092;(((((_a0_ * x) + ((_a6_ * pow2(x)) + log(pow2(_a1_)))) + _a5_) + _a0_) * x);{'d0': {'_a0_': 2.1066240697130874, '_a1_': -5351.129035069621, '_a5_': -17.501614935165236, '_a6_': 3.3767608808905183, '_a2_': 1.0, '_a3_': 1.0, '_a4_': 1.0, '_a7_': 1.0}};{'d0': 0.024905832924325407};-276.475521874996;50.85148122988905
44429;-87.3862797076092;(((((_a0_ * x) + ((_a6_ * pow2(x)) + log(pow2(_a1_)))) + _a5_) + _a0_) * x);{'d0': {'_a0_': 2.1066240697130874, '_a1_': -5351.129035069621, '_a5_': -17.501614935165236, '_a6_': 3.3767608808905183, '_a2_': 1.0, '_a3_': 1.0, '_a4_': 1.0, '_a7_': 1.0}};{'d0': 0.024905832924325407};-276.475521874996;50.85148122988905
44430;-87.3862797076092;(((((_a0_ * x) + ((_a6_ * pow2(x)) + log(pow2(_a1_)))) + _a5_) + _a0_) * x);{'d0': {'_a0_': 2.1066240697130874, '_a1_': -5351.129035069621, '_a5_': -17.501614935165236, '_a6_': 3.3767608808905183, '_a2_': 1.0, '_a3_': 1.0, '_a4_': 1.0, '_a7_': 1.0}};{'d0': 0.024905832924325407};-276.475521874996;50.85148122988905
44431;-87.3862797076092;(((((_a0_ * x) + ((_a6_ * pow2(x)) + log(pow2(_a1_)))) + _a5_) + _a0_) * x);{'d0': {'_a0_': 2.1066240697130874, '_a1_': -5351.129035069621, '_a5_': -17.501614935165236, '_a6_': 3.3767608808905183, '_a2_': 1.0, '_a3_': 1.0, '_a4_': 1.0, '_a7_': 1.0}};{'d0': 0.024905832924325407};-276.475521874996;50.85148122988905
44432;-87.3862797076092;(((((_a0_ * x) + ((_a6_ * pow2(x)) + log(pow2(_a1_)))) + _a5_) + _a0_) * x);{'d0': {'_a0_': 2.1066240697130874, '_a1_': -5351.129035069621, '_a5_': -17.501614935165236, '_a6_': 3.3767608808905183, '_a2_': 1.0, '_a3_': 1.0, '_a4_': 1.0, '_a7_': 1.0}};{'d0': 0.024905832924325407};-276.475521874996;50.85148122988905
44433;-87.3862797076092;(((((_a0_ * x) + ((_a6_ * pow2(x)) + log(pow2(_a1_)))) + _a5_) + _a0_) * x);{'d0': {'_a0_': 2.1066240697130874, '_a1_': -5351.129035069621, '_a5_': -17.501614935165236, '_a6_': 3.3767608808905183, '_a2_': 1.0, '_a3_': 1.0, '_a4_': 1.0, '_a7_': 1.0}};{'d0': 0.024905832924325407};-276.475521874996;50.85148122988905
44434;-87.3862797076092;(((((_a0_ * x) + ((_a6_ * pow2(x)) + log(pow2(_a1_)))) + _a5_) + _a0_) * x);{'d0': {'_a0_': 2.1066240697130874, '_a1_': -5351.129035069621, '_a5_': -17.501614935165236, '_a6_': 3.3767608808905183, '_a2_': 1.0, '_a3_': 1.0, '_a4_': 1.0, '_a7_': 1.0}};{'d0': 0.024905832924325407};-276.475521874996;50.85148122988905
44435;-87.3862797076092;(((((_a0_ * x) + ((_a6_ * pow2(x)) + log(pow2(_a1_)))) + _a5_) + _a0_) * x);{'d0': {'_a0_': 2.1066240697130874, '_a1_': -5351.129035069621, '_a5_': -17.501614935165236, '_a6_': 3.3767608808905183, '_a2_': 1.0, '_a3_': 1.0, '_a4_': 1.0, '_a7_': 1.0}};{'d0': 0.024905832924325407};-276.475521874996;50.85148122988905
44436;-81.4656786363787;(((((_a0_ * x) + ((_a6_ * pow2(x)) + log(pow2(_a1_)))) + (x + _a5_)) + _a0_) * x);{'d0': {'_a0_': 1.106624080703116, '_a1_': -15908.8137848527, '_a5_': -18.680747028972057, '_a6_': 3.3767608914973075, '_a2_': 1.0, '_a3_': 1.0, '_a4_': 1.0, '_a7_': 1.0}};{'d0': 0.024905832942756143};-276.475521830595;56.77208227891905
44437;-81.4656786363787;(((((_a0_ * x) + ((_a6_ * pow2(x)) + log(pow2(_a1_)))) + (x + _a5_)) + _a0_) * x);{'d0': {'_a0_': 1.106624080703116, '_a1_': -15908.8137848527, '_a5_': -18.680747028972057, '_a6_': 3.3767608914973075, '_a2_': 1.0, '_a3_': 1.0, '_a4_': 1.0, '_a7_': 1.0}};{'d0': 0.024905832942756143};-276.475521830595;56.77208227891905
44438;-81.4656786363787;(((((_a0_ * x) + ((_a6_ * pow2(x)) + log(pow2(_a1_)))) + (x + _a5_)) + _a0_) * x);{'d0': {'_a0_': 1.106624080703116, '_a1_': -15908.8137848527, '_a5_': -18.680747028972057, '_a6_': 3.3767608914973075, '_a2_': 1.0, '_a3_': 1.0, '_a4_': 1.0, '_a7_': 1.0}};{'d0': 0.024905832942756143};-276.475521830595;56.77208227891905
44439;-85.7355175220233;(((((_a0_ * x) + ((_a6_ * pow2(x)) + log(pow2(_a1_)))) + pow2(_a0_)) + _a0_) * x);{'d0': {'_a0_': 2.106624065906593, '_a1_': 0.09211874675426905, '_a6_': 3.3767608763687176, '_a2_': 1.0, '_a3_': 1.0, '_a4_': 1.0, '_a5_': 1.0, '_a7_': 1.0}};{'d0': 0.02490583291941645};-280.569866449044;54.54941570249905
44440;-85.7355175220233;(((((_a0_ * x) + ((_a6_ * pow2(x)) + log(pow2(_a1_)))) + pow2(_a0_)) + _a0_) * x);{'d0': {'_a0_': 2.106624065906593, '_a1_': 0.09211874675426905, '_a6_': 3.3767608763687176, '_a2_': 1.0, '_a3_': 1.0, '_a4_': 1.0, '_a5_': 1.0, '_a7_': 1.0}};{'d0': 0.02490583291941645};-280.569866449044;54.54941570249905
44441;-85.7355175220233;(((((_a0_ * x) + ((_a6_ * pow2(x)) + log(pow2(_a1_)))) + pow2(_a0_)) + _a0_) * x);{'d0': {'_a0_': 2.106624065906593, '_a1_': 0.09211874675426905, '_a6_': 3.3767608763687176, '_a2_': 1.0, '_a3_': 1.0, '_a4_': 1.0, '_a5_': 1.0, '_a7_': 1.0}};{'d0': 0.02490583291941645};-280.569866449044;54.54941570249905
44442;-85.7355175220233;(((((_a0_ * x) + ((_a6_ * pow2(x)) + log(pow2(_a1_)))) + pow2(_a0_)) + _a0_) * x);{'d0': {'_a0_': 2.106624065906593, '_a1_': 0.09211874675426905, '_a6_': 3.3767608763687176, '_a2_': 1.0, '_a3_': 1.0, '_a4_': 1.0, '_a5_': 1.0, '_a7_': 1.0}};{'d0': 0.02490583291941645};-280.569866449044;54.54941570249905
44443;-85.7355175220233;(((((_a0_ * x) + ((_a6_ * pow2(x)) + log(pow2(_a1_)))) + pow2(_a0_)) + _a0_) * x);{'d0': {'_a0_': 2.106624065906593, '_a1_': 0.09211874675426905, '_a6_': 3.3767608763687176, '_a2_': 1.0, '_a3_': 1.0, '_a4_': 1.0, '_a5_': 1.0, '_a7_': 1.0}};{'d0': 0.02490583291941645};-280.569866449044;54.54941570249905
44444;-85.7355175220233;(((((_a0_ * x) + ((_a6_ * pow2(x)) + log(pow2(_a1_)))) + pow2(_a0_)) + _a0_) * x);{'d0': {'_a0_': 2.106624065906593, '_a1_': 0.09211874675426905, '_a6_': 3.3767608763687176, '_a2_': 1.0, '_a3_': 1.0, '_a4_': 1.0, '_a5_': 1.0, '_a7_': 1.0}};{'d0': 0.02490583291941645};-280.569866449044;54.54941570249905
44445;-85.7355175220233;(((((_a0_ * x) + ((_a6_ * pow2(x)) + log(pow2(_a1_)))) + pow2(_a0_)) + _a0_) * x);{'d0': {'_a0_': 2.106624065906593, '_a1_': 0.09211874675426905, '_a6_': 3.3767608763687176, '_a2_': 1.0, '_a3_': 1.0, '_a4_': 1.0, '_a5_': 1.0, '_a7_': 1.0}};{'d0': 0.02490583291941645};-280.569866449044;54.54941570249905
44446;-85.7355175220233;(((((_a0_ * x) + ((_a6_ * pow2(x)) + log(pow2(_a1_)))) + pow2(_a0_)) + _a0_) * x);{'d0': {'_a0_': 2.106624065906593, '_a1_': 0.09211874675426905, '_a6_': 3.3767608763687176, '_a2_': 1.0, '_a3_': 1.0, '_a4_': 1.0, '_a5_': 1.0, '_a7_': 1.0}};{'d0': 0.02490583291941645};-280.569866449044;54.54941570249905
44447;-85.7355175220233;(((((_a0_ * x) + ((_a6_ * pow2(x)) + log(pow2(_a1_)))) + pow2(_a0_)) + _a0_) * x);{'d0': {'_a0_': 2.106624065906593, '_a1_': 0.09211874675426905, '_a6_': 3.3767608763687176, '_a2_': 1.0, '_a3_': 1.0, '_a4_': 1.0, '_a5_': 1.0, '_a7_': 1.0}};{'d0': 0.02490583291941645};-280.569866449044;54.54941570249905
44448;-85.7355175220233;(((((_a0_ * x) + ((_a6_ * pow2(x)) + log(pow2(_a1_)))) + pow2(_a0_)) + _a0_) * x);{'d0': {'_a0_': 2.106624065906593, '_a1_': 0.09211874675426905, '_a6_': 3.3767608763687176, '_a2_': 1.0, '_a3_': 1.0, '_a4_': 1.0, '_a5_': 1.0, '_a7_': 1.0}};{'d0': 0.02490583291941645};-280.569866449044;54.54941570249905
44449;-85.7355175220233;(((((_a0_ * x) + ((_a6_ * pow2(x)) + log(pow2(_a1_)))) + pow2(_a0_)) + _a0_) * x);{'d0': {'_a0_': 2.106624065906593, '_a1_': 0.09211874675426905, '_a6_': 3.3767608763687176, '_a2_': 1.0, '_a3_': 1.0, '_a4_': 1.0, '_a5_': 1.0, '_a7_': 1.0}};{'d0': 0.02490583291941645};-280.569866449044;54.54941570249905
44450;-85.7355175220233;(((((_a0_ * x) + ((_a6_ * pow2(x)) + log(pow2(_a1_)))) + pow2(_a0_)) + _a0_) * x);{'d0': {'_a0_': 2.106624065906593, '_a1_': 0.09211874675426905, '_a6_': 3.3767608763687176, '_a2_': 1.0, '_a3_': 1.0, '_a4_': 1.0, '_a5_': 1.0, '_a7_': 1.0}};{'d0': 0.02490583291941645};-280.569866449044;54.54941570249905
44451;-85.7355175220231;(((((_a0_ * x) + ((_a6_ * pow2(x)) + log(pow2(_a1_)))) + pow2(_a0_)) + _a1_) * x);{'d0': {'_a0_': 2.106624069863791, '_a1_': 0.23485388456821216, '_a6_': 3.376760880362015, '_a2_': 1.0, '_a3_': 1.0, '_a4_': 1.0, '_a5_': 1.0, '_a7_': 1.0}};{'d0': 0.024905832919416625};-280.569866449044;54.54941570249905
44452;-85.7355175220231;(((((_a0_ * x) + ((_a6_ * pow2(x)) + log(pow2(_a1_)))) + pow2(_a0_)) + _a1_) * x);{'d0': {'_a0_': 2.106624069863791, '_a1_': 0.23485388456821216, '_a6_': 3.376760880362015, '_a2_': 1.0, '_a3_': 1.0, '_a4_': 1.0, '_a5_': 1.0, '_a7_': 1.0}};{'d0': 0.024905832919416625};-280.569866449044;54.54941570249905
44453;-85.7355175220231;(((((_a0_ * x) + ((_a6_ * pow2(x)) + log(pow2(_a1_)))) + pow2(_a0_)) + _a1_) * x);{'d0': {'_a0_': 2.106624069863791, '_a1_': 0.23485388456821216, '_a6_': 3.376760880362015, '_a2_': 1.0, '_a3_': 1.0, '_a4_': 1.0, '_a5_': 1.0, '_a7_': 1.0}};{'d0': 0.024905832919416625};-280.569866449044;54.54941570249905
44454;-85.7355175220231;(((((_a0_ * x) + ((_a6_ * pow2(x)) + log(pow2(_a1_)))) + pow2(_a0_)) + _a1_) * x);{'d0': {'_a0_': 2.106624069863791, '_a1_': 0.23485388456821216, '_a6_': 3.376760880362015, '_a2_': 1.0, '_a3_': 1.0, '_a4_': 1.0, '_a5_': 1.0, '_a7_': 1.0}};{'d0': 0.024905832919416625};-280.569866449044;54.54941570249905
44455;-85.7355175220231;(((((_a0_ * x) + ((_a6_ * pow2(x)) + log(pow2(_a1_)))) + pow2(_a0_)) + _a1_) * x);{'d0': {'_a0_': 2.106624069863791, '_a1_': 0.23485388456821216, '_a6_': 3.376760880362015, '_a2_': 1.0, '_a3_': 1.0, '_a4_': 1.0, '_a5_': 1.0, '_a7_': 1.0}};{'d0': 0.024905832919416625};-280.569866449044;54.54941570249905
44456;-85.7355175220231;(((((_a0_ * x) + ((_a6_ * pow2(x)) + log(pow2(_a1_)))) + pow2(_a0_)) + _a1_) * x);{'d0': {'_a0_': 2.106624069863791, '_a1_': 0.23485388456821216, '_a6_': 3.376760880362015, '_a2_': 1.0, '_a3_': 1.0, '_a4_': 1.0, '_a5_': 1.0, '_a7_': 1.0}};{'d0': 0.024905832919416625};-280.569866449044;54.54941570249905
44457;-93.7983516482627;(((((_a3_ * _a7_) * _a7_) * _a2_) + ((_a3_ + x) * x)) * ((_a7_ * x) * _a2_));{'d0': {'_a2_': 13.53181874405643, '_a3_': 0.6238594155416218, '_a7_': 0.24954227839846577, '_a0_': 1.0, '_a1_': 1.0, '_a4_': 1.0, '_a5_': 1.0, '_a6_': 1.0}};{'d0': 0.024905832919416657};-280.569866449044;46.4865815762591
44458;-93.7983516482628;(((((_a3_ * _a7_) * _a7_) * _a2_) + ((_a3_ + x) * x)) * ((_a3_ * x) * _a2_));{'d0': {'_a2_': 5.412695219933239, '_a3_': 0.6238594157529677, '_a7_': 0.3945621627680691, '_a0_': 1.0, '_a1_': 1.0, '_a4_': 1.0, '_a5_': 1.0, '_a6_': 1.0}};{'d0': 0.02490583291941661};-280.569866449044;46.4865815762591
44459;-93.7983516482628;(((((_a3_ * _a7_) * _a7_) * _a2_) + ((_a3_ + x) * x)) * ((_a3_ * x) * _a2_));{'d0': {'_a2_': 5.412695219933239, '_a3_': 0.6238594157529677, '_a7_': 0.3945621627680691, '_a0_': 1.0, '_a1_': 1.0, '_a4_': 1.0, '_a5_': 1.0, '_a6_': 1.0}};{'d0': 0.02490583291941661};-280.569866449044;46.4865815762591
44460;-93.7983516482628;(((((_a3_ * _a7_) * _a7_) * _a2_) + ((_a3_ + x) * x)) * ((_a3_ * x) * _a2_));{'d0': {'_a2_': 5.412695219933239, '_a3_': 0.6238594157529677, '_a7_': 0.3945621627680691, '_a0_': 1.0, '_a1_': 1.0, '_a4_': 1.0, '_a5_': 1.0, '_a6_': 1.0}};{'d0': 0.02490583291941661};-280.569866449044;46.4865815762591
44461;-93.7983516482628;(((((_a3_ * _a7_) * _a7_) * _a2_) + ((_a3_ + x) * x)) * ((_a3_ * x) * _a2_));{'d0': {'_a2_': 5.412695219933239, '_a3_': 0.6238594157529677, '_a7_': 0.3945621627680691, '_a0_': 1.0, '_a1_': 1.0, '_a4_': 1.0, '_a5_': 1.0, '_a6_': 1.0}};{'d0': 0.02490583291941661};-280.569866449044;46.4865815762591
44462;-93.7983516482628;(((((_a3_ * _a7_) * _a7_) * _a2_) + ((_a3_ + x) * x)) * ((_a3_ * x) * _a2_));{'d0': {'_a2_': 5.412695219933239, '_a3_': 0.6238594157529677, '_a7_': 0.3945621627680691, '_a0_': 1.0, '_a1_': 1.0, '_a4_': 1.0, '_a5_': 1.0, '_a6_': 1.0}};{'d0': 0.02490583291941661};-280.569866449044;46.4865815762591
44463;-93.7983516482628;(((((_a3_ * _a7_) * _a7_) * _a2_) + ((_a3_ + x) * x)) * ((_a3_ * x) * _a2_));{'d0': {'_a2_': 5.412695219933239, '_a3_': 0.6238594157529677, '_a7_': 0.3945621627680691, '_a0_': 1.0, '_a1_': 1.0, '_a4_': 1.0, '_a5_': 1.0, '_a6_': 1.0}};{'d0': 0.02490583291941661};-280.569866449044;46.4865815762591
44464;-93.7983516482628;(((((_a3_ * _a7_) * _a7_) * _a2_) + ((_a3_ + x) * x)) * ((_a3_ * x) * _a2_));{'d0': {'_a2_': 5.412695219933239, '_a3_': 0.6238594157529677, '_a7_': 0.3945621627680691, '_a0_': 1.0, '_a1_': 1.0, '_a4_': 1.0, '_a5_': 1.0, '_a6_': 1.0}};{'d0': 0.02490583291941661};-280.569866449044;46.4865815762591
44465;-93.7983516482628;(((((_a3_ * _a7_) * _a7_) * _a2_) + ((_a3_ + x) * x)) * ((_a3_ * x) * _a2_));{'d0': {'_a2_': 5.412695219933239, '_a3_': 0.6238594157529677, '_a7_': 0.3945621627680691, '_a0_': 1.0, '_a1_': 1.0, '_a4_': 1.0, '_a5_': 1.0, '_a6_': 1.0}};{'d0': 0.02490583291941661};-280.569866449044;46.4865815762591
44466;-93.7983516482628;(((((_a3_ * _a7_) * _a7_) * _a2_) + ((_a3_ + x) * x)) * ((_a3_ * x) * _a2_));{'d0': {'_a2_': 5.412695219933239, '_a3_': 0.6238594157529677, '_a7_': 0.3945621627680691, '_a0_': 1.0, '_a1_': 1.0, '_a4_': 1.0, '_a5_': 1.0, '_a6_': 1.0}};{'d0': 0.02490583291941661};-280.569866449044;46.4865815762591
44467;-93.7983516482628;(((((_a3_ * _a7_) * _a7_) * _a2_) + ((_a3_ + x) * x)) * ((_a3_ * x) * _a2_));{'d0': {'_a2_': 5.412695219933239, '_a3_': 0.6238594157529677, '_a7_': 0.3945621627680691, '_a0_': 1.0, '_a1_': 1.0, '_a4_': 1.0, '_a5_': 1.0, '_a6_': 1.0}};{'d0': 0.02490583291941661};-280.569866449044;46.4865815762591
44468;-93.7983516482628;(((((_a3_ * _a7_) * _a7_) * _a2_) + ((_a3_ + x) * x)) * ((_a3_ * x) * _a2_));{'d0': {'_a2_': 5.412695219933239, '_a3_': 0.6238594157529677, '_a7_': 0.3945621627680691, '_a0_': 1.0, '_a1_': 1.0, '_a4_': 1.0, '_a5_': 1.0, '_a6_': 1.0}};{'d0': 0.02490583291941661};-280.569866449044;46.4865815762591
44469;-93.7983516482628;(((((_a3_ * _a7_) * _a7_) * _a2_) + ((_a3_ + x) * x)) * ((_a3_ * x) * _a2_));{'d0': {'_a2_': 5.412695219933239, '_a3_': 0.6238594157529677, '_a7_': 0.3945621627680691, '_a0_': 1.0, '_a1_': 1.0, '_a4_': 1.0, '_a5_': 1.0, '_a6_': 1.0}};{'d0': 0.02490583291941661};-280.569866449044;46.4865815762591
44470;-93.7983516482628;(((((_a3_ * _a7_) * _a7_) * _a2_) + ((_a3_ + x) * x)) * ((_a3_ * x) * _a2_));{'d0': {'_a2_': 5.412695219933239, '_a3_': 0.6238594157529677, '_a7_': 0.3945621627680691, '_a0_': 1.0, '_a1_': 1.0, '_a4_': 1.0, '_a5_': 1.0, '_a6_': 1.0}};{'d0': 0.02490583291941661};-280.569866449044;46.4865815762591
44471;-93.7983516482628;(((((_a3_ * _a7_) * _a7_) * _a2_) + ((_a3_ + x) * x)) * ((_a3_ * x) * _a2_));{'d0': {'_a2_': 5.412695219933239, '_a3_': 0.6238594157529677, '_a7_': 0.3945621627680691, '_a0_': 1.0, '_a1_': 1.0, '_a4_': 1.0, '_a5_': 1.0, '_a6_': 1.0}};{'d0': 0.02490583291941661};-280.569866449044;46.4865815762591
44472;-93.7983516482628;(((((_a3_ * _a7_) * _a7_) * _a2_) + ((_a3_ + x) * x)) * ((_a3_ * x) * _a2_));{'d0': {'_a2_': 5.412695219933239, '_a3_': 0.6238594157529677, '_a7_': 0.3945621627680691, '_a0_': 1.0, '_a1_': 1.0, '_a4_': 1.0, '_a5_': 1.0, '_a6_': 1.0}};{'d0': 0.02490583291941661};-280.569866449044;46.4865815762591
44473;-93.7983516482628;(((((_a3_ * _a7_) * _a7_) * _a2_) + ((_a3_ + x) * x)) * ((_a3_ * x) * _a2_));{'d0': {'_a2_': 5.412695219933239, '_a3_': 0.6238594157529677, '_a7_': 0.3945621627680691, '_a0_': 1.0, '_a1_': 1.0, '_a4_': 1.0, '_a5_': 1.0, '_a6_': 1.0}};{'d0': 0.02490583291941661};-280.569866449044;46.4865815762591
44474;-93.7983516482628;(((((_a3_ * _a7_) * _a7_) * _a2_) + ((_a3_ + x) * x)) * ((_a3_ * x) * _a2_));{'d0': {'_a2_': 5.412695219933239, '_a3_': 0.6238594157529677, '_a7_': 0.3945621627680691, '_a0_': 1.0, '_a1_': 1.0, '_a4_': 1.0, '_a5_': 1.0, '_a6_': 1.0}};{'d0': 0.02490583291941661};-280.569866449044;46.4865815762591
44475;-93.7983516482628;(((((_a3_ * _a7_) * _a7_) * _a2_) + ((_a3_ + x) * x)) * ((_a3_ * x) * _a2_));{'d0': {'_a2_': 5.412695219933239, '_a3_': 0.6238594157529677, '_a7_': 0.3945621627680691, '_a0_': 1.0, '_a1_': 1.0, '_a4_': 1.0, '_a5_': 1.0, '_a6_': 1.0}};{'d0': 0.02490583291941661};-280.569866449044;46.4865815762591
44476;-93.7983516482628;(((((_a3_ * _a7_) * _a7_) * _a2_) + ((_a3_ + x) * x)) * ((_a3_ * x) * _a2_));{'d0': {'_a2_': 5.412695219933239, '_a3_': 0.6238594157529677, '_a7_': 0.3945621627680691, '_a0_': 1.0, '_a1_': 1.0, '_a4_': 1.0, '_a5_': 1.0, '_a6_': 1.0}};{'d0': 0.02490583291941661};-280.569866449044;46.4865815762591
44477;-93.7983516482628;(((((_a3_ * _a7_) * _a7_) * _a2_) + ((_a3_ + x) * x)) * ((_a3_ * x) * _a2_));{'d0': {'_a2_': 5.412695219933239, '_a3_': 0.6238594157529677, '_a7_': 0.3945621627680691, '_a0_': 1.0, '_a1_': 1.0, '_a4_': 1.0, '_a5_': 1.0, '_a6_': 1.0}};{'d0': 0.02490583291941661};-280.569866449044;46.4865815762591
44478;-93.7983516482628;(((((_a3_ * _a7_) * _a7_) * _a2_) + ((_a3_ + x) * x)) * ((_a3_ * x) * _a2_));{'d0': {'_a2_': 5.412695219933239, '_a3_': 0.6238594157529677, '_a7_': 0.3945621627680691, '_a0_': 1.0, '_a1_': 1.0, '_a4_': 1.0, '_a5_': 1.0, '_a6_': 1.0}};{'d0': 0.02490583291941661};-280.569866449044;46.4865815762591
44479;-93.7983516482628;(((((_a3_ * _a7_) * _a7_) * _a2_) + ((_a3_ + x) * x)) * ((_a3_ * x) * _a2_));{'d0': {'_a2_': 5.412695219933239, '_a3_': 0.6238594157529677, '_a7_': 0.3945621627680691, '_a0_': 1.0, '_a1_': 1.0, '_a4_': 1.0, '_a5_': 1.0, '_a6_': 1.0}};{'d0': 0.02490583291941661};-280.569866449044;46.4865815762591
44480;-93.7983516482628;(((((_a3_ * _a7_) * _a7_) * _a2_) + ((_a3_ + x) * x)) * ((_a3_ * x) * _a2_));{'d0': {'_a2_': 5.412695219933239, '_a3_': 0.6238594157529677, '_a7_': 0.3945621627680691, '_a0_': 1.0, '_a1_': 1.0, '_a4_': 1.0, '_a5_': 1.0, '_a6_': 1.0}};{'d0': 0.02490583291941661};-280.569866449044;46.4865815762591
44481;-109.408611468146;((_a1_ + (pow2(((_a5_ + x) * _a0_)) / _a1_)) * x);{'d0': {'_a0_': 2.21014514144874, '_a1_': 1.4465760895625694, '_a5_': 0.31192970784082774, '_a2_': 1.0, '_a3_': 1.0, '_a4_': 1.0, '_a6_': 1.0, '_a7_': 1.0}};{'d0': 0.024905832919416643};-280.569866449044;30.876321756376292
44482;-109.408611468146;((_a1_ + (pow2(((_a5_ + x) * _a0_)) / _a1_)) * x);{'d0': {'_a0_': 2.21014514144874, '_a1_': 1.4465760895625694, '_a5_': 0.31192970784082774, '_a2_': 1.0, '_a3_': 1.0, '_a4_': 1.0, '_a6_': 1.0, '_a7_': 1.0}};{'d0': 0.024905832919416643};-280.569866449044;30.876321756376292
44483;-109.408611468146;((_a1_ + (pow2(((_a5_ + x) * _a0_)) / _a1_)) * x);{'d0': {'_a0_': 2.21014514144874, '_a1_': 1.4465760895625694, '_a5_': 0.31192970784082774, '_a2_': 1.0, '_a3_': 1.0, '_a4_': 1.0, '_a6_': 1.0, '_a7_': 1.0}};{'d0': 0.024905832919416643};-280.569866449044;30.876321756376292
44484;-109.408611468146;((_a1_ + (pow2(((_a5_ + x) * _a0_)) / _a1_)) * x);{'d0': {'_a0_': 2.21014514144874, '_a1_': 1.4465760895625694, '_a5_': 0.31192970784082774, '_a2_': 1.0, '_a3_': 1.0, '_a4_': 1.0, '_a6_': 1.0, '_a7_': 1.0}};{'d0': 0.024905832919416643};-280.569866449044;30.876321756376292
44485;-109.408611468146;((_a1_ + (pow2(((_a5_ + x) * _a0_)) / _a1_)) * x);{'d0': {'_a0_': 2.21014514144874, '_a1_': 1.4465760895625694, '_a5_': 0.31192970784082774, '_a2_': 1.0, '_a3_': 1.0, '_a4_': 1.0, '_a6_': 1.0, '_a7_': 1.0}};{'d0': 0.024905832919416643};-280.569866449044;30.876321756376292
44486;-102.815729405735;((_a1_ + (pow2(((_a5_ + x) * pow3(_a7_))) / _a1_)) * x);{'d0': {'_a1_': 1.44657608937852, '_a5_': 0.3119297077680284, '_a7_': 1.3025875762014976, '_a0_': 1.0, '_a2_': 1.0, '_a3_': 1.0, '_a4_': 1.0, '_a6_': 1.0}};{'d0': 0.024905832919416657};-280.569866449044;37.46920381878629
44487;-102.815729405735;((_a1_ + (pow2(((_a5_ + x) * pow3(_a7_))) / _a1_)) * x);{'d0': {'_a1_': 1.44657608937852, '_a5_': 0.3119297077680284, '_a7_': 1.3025875762014976, '_a0_': 1.0, '_a2_': 1.0, '_a3_': 1.0, '_a4_': 1.0, '_a6_': 1.0}};{'d0': 0.024905832919416657};-280.569866449044;37.46920381878629
44488;-102.815729405735;((_a1_ + (pow2(((_a5_ + x) * pow3(_a7_))) / _a1_)) * x);{'d0': {'_a1_': 1.44657608937852, '_a5_': 0.3119297077680284, '_a7_': 1.3025875762014976, '_a0_': 1.0, '_a2_': 1.0, '_a3_': 1.0, '_a4_': 1.0, '_a6_': 1.0}};{'d0': 0.024905832919416657};-280.569866449044;37.46920381878629
44489;-102.815729405735;((_a1_ + (pow2(((_a5_ + x) * pow3(_a7_))) / _a1_)) * x);{'d0': {'_a1_': 1.44657608937852, '_a5_': 0.3119297077680284, '_a7_': 1.3025875762014976, '_a0_': 1.0, '_a2_': 1.0, '_a3_': 1.0, '_a4_': 1.0, '_a6_': 1.0}};{'d0': 0.024905832919416657};-280.569866449044;37.46920381878629
44490;-102.815729405735;((_a1_ + (pow2(((_a5_ + x) * pow3(_a7_))) / _a1_)) * x);{'d0': {'_a1_': 1.44657608937852, '_a5_': 0.3119297077680284, '_a7_': 1.3025875762014976, '_a0_': 1.0, '_a2_': 1.0, '_a3_': 1.0, '_a4_': 1.0, '_a6_': 1.0}};{'d0': 0.024905832919416657};-280.569866449044;37.46920381878629
44491;-102.815729405735;((_a1_ + (pow2(((_a5_ + x) * pow3(_a7_))) / _a1_)) * x);{'d0': {'_a1_': 1.44657608937852, '_a5_': 0.3119297077680284, '_a7_': 1.3025875762014976, '_a0_': 1.0, '_a2_': 1.0, '_a3_': 1.0, '_a4_': 1.0, '_a6_': 1.0}};{'d0': 0.024905832919416657};-280.569866449044;37.46920381878629
44492;-102.815729405735;((_a1_ + (pow2(((_a5_ + x) * pow3(_a7_))) / _a1_)) * x);{'d0': {'_a1_': 1.44657608937852, '_a5_': 0.3119297077680284, '_a7_': 1.3025875762014976, '_a0_': 1.0, '_a2_': 1.0, '_a3_': 1.0, '_a4_': 1.0, '_a6_': 1.0}};{'d0': 0.024905832919416657};-280.569866449044;37.46920381878629
44493;-102.815729405735;((_a1_ + (pow2(((_a5_ + x) * pow3(_a7_))) / _a1_)) * x);{'d0': {'_a1_': 1.44657608937852, '_a5_': 0.3119297077680284, '_a7_': 1.3025875762014976, '_a0_': 1.0, '_a2_': 1.0, '_a3_': 1.0, '_a4_': 1.0, '_a6_': 1.0}};{'d0': 0.024905832919416657};-280.569866449044;37.46920381878629
44494;-102.815729405735;((_a1_ + (pow2(((_a5_ + x) * pow3(_a7_))) / _a1_)) * x);{'d0': {'_a1_': 1.44657608937852, '_a5_': 0.3119297077680284, '_a7_': 1.3025875762014976, '_a0_': 1.0, '_a2_': 1.0, '_a3_': 1.0, '_a4_': 1.0, '_a6_': 1.0}};{'d0': 0.024905832919416657};-280.569866449044;37.46920381878629
44495;-102.815729405735;((_a1_ + (pow2(((_a5_ + x) * pow3(_a7_))) / _a1_)) * x);{'d0': {'_a1_': 1.44657608937852, '_a5_': 0.3119297077680284, '_a7_': 1.3025875762014976, '_a0_': 1.0, '_a2_': 1.0, '_a3_': 1.0, '_a4_': 1.0, '_a6_': 1.0}};{'d0': 0.024905832919416657};-280.569866449044;37.46920381878629
44496;-102.815729405735;((_a1_ + (pow2(((_a5_ + x) * pow3(_a7_))) / _a1_)) * x);{'d0': {'_a1_': 1.44657608937852, '_a5_': 0.3119297077680284, '_a7_': 1.3025875762014976, '_a0_': 1.0, '_a2_': 1.0, '_a3_': 1.0, '_a4_': 1.0, '_a6_': 1.0}};{'d0': 0.024905832919416657};-280.569866449044;37.46920381878629
44497;-102.815729405735;((_a1_ + (pow2(((_a5_ + x) * pow3(_a7_))) / _a1_)) * x);{'d0': {'_a1_': 1.44657608937852, '_a5_': 0.3119297077680284, '_a7_': 1.3025875762014976, '_a0_': 1.0, '_a2_': 1.0, '_a3_': 1.0, '_a4_': 1.0, '_a6_': 1.0}};{'d0': 0.024905832919416657};-280.569866449044;37.46920381878629
44498;-102.815729405735;((_a1_ + (pow2(((_a5_ + x) * pow3(_a7_))) / _a1_)) * x);{'d0': {'_a1_': 1.44657608937852, '_a5_': 0.3119297077680284, '_a7_': 1.3025875762014976, '_a0_': 1.0, '_a2_': 1.0, '_a3_': 1.0, '_a4_': 1.0, '_a6_': 1.0}};{'d0': 0.024905832919416657};-280.569866449044;37.46920381878629
44499;-102.815729405735;((_a1_ + (pow2(((_a5_ + x) * pow3(_a7_))) / _a1_)) * x);{'d0': {'_a1_': 1.44657608937852, '_a5_': 0.3119297077680284, '_a7_': 1.3025875762014976, '_a0_': 1.0, '_a2_': 1.0, '_a3_': 1.0, '_a4_': 1.0, '_a6_': 1.0}};{'d0': 0.024905832919416657};-280.569866449044;37.46920381878629
44500;-102.815729405735;((_a1_ + (pow2(((_a5_ + x) * pow3(_a7_))) / _a1_)) * x);{'d0': {'_a1_': 1.44657608937852, '_a5_': 0.3119297077680284, '_a7_': 1.3025875762014976, '_a0_': 1.0, '_a2_': 1.0, '_a3_': 1.0, '_a4_': 1.0, '_a6_': 1.0}};{'d0': 0.024905832919416657};-280.569866449044;37.46920381878629
44501;-102.815729405735;((_a1_ + (pow2(((_a5_ + x) * pow3(_a7_))) / _a1_)) * x);{'d0': {'_a1_': 1.44657608937852, '_a5_': 0.3119297077680284, '_a7_': 1.3025875762014976, '_a0_': 1.0, '_a2_': 1.0, '_a3_': 1.0, '_a4_': 1.0, '_a6_': 1.0}};{'d0': 0.024905832919416657};-280.569866449044;37.46920381878629
44502;-102.815729405735;((_a1_ + (pow2(((_a5_ + x) * pow3(_a7_))) / _a1_)) * x);{'d0': {'_a1_': 1.44657608937852, '_a5_': 0.3119297077680284, '_a7_': 1.3025875762014976, '_a0_': 1.0, '_a2_': 1.0, '_a3_': 1.0, '_a4_': 1.0, '_a6_': 1.0}};{'d0': 0.024905832919416657};-280.569866449044;37.46920381878629
44503;-102.815729405735;((_a1_ + (pow2(((_a5_ + x) * pow3(_a7_))) / _a1_)) * x);{'d0': {'_a1_': 1.44657608937852, '_a5_': 0.3119297077680284, '_a7_': 1.3025875762014976, '_a0_': 1.0, '_a2_': 1.0, '_a3_': 1.0, '_a4_': 1.0, '_a6_': 1.0}};{'d0': 0.024905832919416657};-280.569866449044;37.46920381878629
44504;-102.815729405735;((_a1_ + (pow2(((_a5_ + x) * pow3(_a7_))) / _a1_)) * x);{'d0': {'_a1_': 1.44657608937852, '_a5_': 0.3119297077680284, '_a7_': 1.3025875762014976, '_a0_': 1.0, '_a2_': 1.0, '_a3_': 1.0, '_a4_': 1.0, '_a6_': 1.0}};{'d0': 0.024905832919416657};-280.569866449044;37.46920381878629
44505;-82.1326438360114;((((_a4_ * pow2(((_a4_ + _a3_) + x))) * _a3_) + (x * (_a4_ * (_a0_ * _a0_)))) * (_a1_ * x));{'d0': {'_a0_': 0.24886391779018519, '_a1_': -56.31008451779488, '_a3_': -0.07495859953401827, '_a4_': 0.8000046464626548, '_a2_': 1.0, '_a5_': 1.0, '_a6_': 1.0, '_a7_': 1.0}};{'d0': 0.024905832927303893};-276.475521867820;56.1051170978991
44506;-82.1326438360114;((((_a4_ * pow2(((_a4_ + _a3_) + x))) * _a3_) + (x * (_a4_ * (_a0_ * _a0_)))) * (_a1_ * x));{'d0': {'_a0_': 0.24886391779018519, '_a1_': -56.31008451779488, '_a3_': -0.07495859953401827, '_a4_': 0.8000046464626548, '_a2_': 1.0, '_a5_': 1.0, '_a6_': 1.0, '_a7_': 1.0}};{'d0': 0.024905832927303893};-276.475521867820;56.1051170978991
44507;-82.1326438360114;((((_a4_ * pow2(((_a4_ + _a3_) + x))) * _a3_) + (x * (_a4_ * (_a0_ * _a0_)))) * (_a1_ * x));{'d0': {'_a0_': 0.24886391779018519, '_a1_': -56.31008451779488, '_a3_': -0.07495859953401827, '_a4_': 0.8000046464626548, '_a2_': 1.0, '_a5_': 1.0, '_a6_': 1.0, '_a7_': 1.0}};{'d0': 0.024905832927303893};-276.475521867820;56.1051170978991
44508;-82.1326438360114;((((_a4_ * pow2(((_a4_ + _a3_) + x))) * _a3_) + (x * (_a4_ * (_a0_ * _a0_)))) * (_a1_ * x));{'d0': {'_a0_': 0.24886391779018519, '_a1_': -56.31008451779488, '_a3_': -0.07495859953401827, '_a4_': 0.8000046464626548, '_a2_': 1.0, '_a5_': 1.0, '_a6_': 1.0, '_a7_': 1.0}};{'d0': 0.024905832927303893};-276.475521867820;56.1051170978991
44509;-82.1326438360114;((((_a4_ * pow2(((_a4_ + _a3_) + x))) * _a3_) + (x * (_a4_ * (_a0_ * _a0_)))) * (_a1_ * x));{'d0': {'_a0_': 0.24886391779018519, '_a1_': -56.31008451779488, '_a3_': -0.07495859953401827, '_a4_': 0.8000046464626548, '_a2_': 1.0, '_a5_': 1.0, '_a6_': 1.0, '_a7_': 1.0}};{'d0': 0.024905832927303893};-276.475521867820;56.1051170978991
44510;-82.1326438360114;((((_a4_ * pow2(((_a4_ + _a3_) + x))) * _a3_) + (x * (_a4_ * (_a0_ * _a0_)))) * (_a1_ * x));{'d0': {'_a0_': 0.24886391779018519, '_a1_': -56.31008451779488, '_a3_': -0.07495859953401827, '_a4_': 0.8000046464626548, '_a2_': 1.0, '_a5_': 1.0, '_a6_': 1.0, '_a7_': 1.0}};{'d0': 0.024905832927303893};-276.475521867820;56.1051170978991
44511;-82.1326438360114;((((_a4_ * pow2(((_a4_ + _a3_) + x))) * _a3_) + (x * (_a4_ * (_a0_ * _a0_)))) * (_a1_ * x));{'d0': {'_a0_': 0.24886391779018519, '_a1_': -56.31008451779488, '_a3_': -0.07495859953401827, '_a4_': 0.8000046464626548, '_a2_': 1.0, '_a5_': 1.0, '_a6_': 1.0, '_a7_': 1.0}};{'d0': 0.024905832927303893};-276.475521867820;56.1051170978991
44512;-82.1326438360114;((((_a4_ * pow2(((_a4_ + _a3_) + x))) * _a3_) + (x * (_a4_ * (_a0_ * _a0_)))) * (_a1_ * x));{'d0': {'_a0_': 0.24886391779018519, '_a1_': -56.31008451779488, '_a3_': -0.07495859953401827, '_a4_': 0.8000046464626548, '_a2_': 1.0, '_a5_': 1.0, '_a6_': 1.0, '_a7_': 1.0}};{'d0': 0.024905832927303893};-276.475521867820;56.1051170978991
44513;-82.1326438360114;((((_a4_ * pow2(((_a4_ + _a3_) + x))) * _a3_) + (x * (_a4_ * (_a0_ * _a0_)))) * (_a1_ * x));{'d0': {'_a0_': 0.24886391779018519, '_a1_': -56.31008451779488, '_a3_': -0.07495859953401827, '_a4_': 0.8000046464626548, '_a2_': 1.0, '_a5_': 1.0, '_a6_': 1.0, '_a7_': 1.0}};{'d0': 0.024905832927303893};-276.475521867820;56.1051170978991
44514;-82.1326438360114;((((_a4_ * pow2(((_a4_ + _a3_) + x))) * _a3_) + (x * (_a4_ * (_a0_ * _a0_)))) * (_a1_ * x));{'d0': {'_a0_': 0.24886391779018519, '_a1_': -56.31008451779488, '_a3_': -0.07495859953401827, '_a4_': 0.8000046464626548, '_a2_': 1.0, '_a5_': 1.0, '_a6_': 1.0, '_a7_': 1.0}};{'d0': 0.024905832927303893};-276.475521867820;56.1051170978991
44515;-82.1326438360114;((((_a4_ * pow2(((_a4_ + _a3_) + x))) * _a3_) + (x * (_a4_ * (_a0_ * _a0_)))) * (_a1_ * x));{'d0': {'_a0_': 0.24886391779018519, '_a1_': -56.31008451779488, '_a3_': -0.07495859953401827, '_a4_': 0.8000046464626548, '_a2_': 1.0, '_a5_': 1.0, '_a6_': 1.0, '_a7_': 1.0}};{'d0': 0.024905832927303893};-276.475521867820;56.1051170978991
44516;-79.9266628207974;((((_a4_ * pow2((cos(_a5_) + x))) * _a3_) + (x * (_a4_ * (_a0_ * _a0_)))) * (_a1_ * x));{'d0': {'_a0_': 0.23817913539678742, '_a1_': -60.459171881506386, '_a3_': -0.06866019940288595, '_a4_': 0.813454080356674, '_a5_': 0.7596950742213233, '_a2_': 1.0, '_a6_': 1.0, '_a7_': 1.0}};{'d0': 0.0249058329194693};-272.381177324473;56.2639258414391
44517;-79.9266628207801;((((_a4_ * pow2((cos(_a5_) + x))) * _a3_) + (x * (_a1_ * (_a0_ * _a0_)))) * (_a1_ * x));{'d0': {'_a0_': 0.10397003976377296, '_a1_': -25.453132764892555, '_a3_': -0.10242008711499234, '_a4_': 1.2953106017648481, '_a5_': 2.3818975794139488, '_a2_': 1.0, '_a6_': 1.0, '_a7_': 1.0}};{'d0': 0.024905832919483614};-272.381177324438;56.2639258414391
44518;-83.4423124106422;((((_a4_ * pow2((cos(_a5_) + x))) * _a3_) + (x * (_a1_ * pow2(_a3_)))) * (_a1_ * x));{'d0': {'_a1_': -26.963201330682868, '_a3_': -0.09814720753487341, '_a4_': 1.27600053074301, '_a5_': 2.3818975789404186, '_a0_': 1.0, '_a2_': 1.0, '_a6_': 1.0, '_a7_': 1.0}};{'d0': 0.024905832922025674};-276.475521880536;54.7954485296261
44519;-83.4423124106422;((((_a4_ * pow2((cos(_a5_) + x))) * _a3_) + (x * (_a1_ * pow2(_a3_)))) * (_a1_ * x));{'d0': {'_a1_': -26.963201330682868, '_a3_': -0.09814720753487341, '_a4_': 1.27600053074301, '_a5_': 2.3818975789404186, '_a0_': 1.0, '_a2_': 1.0, '_a6_': 1.0, '_a7_': 1.0}};{'d0': 0.024905832922025674};-276.475521880536;54.7954485296261
44520;-83.4423124106422;((((_a4_ * pow2((cos(_a5_) + x))) * _a3_) + (x * (_a1_ * pow2(_a3_)))) * (_a1_ * x));{'d0': {'_a1_': -26.963201330682868, '_a3_': -0.09814720753487341, '_a4_': 1.27600053074301, '_a5_': 2.3818975789404186, '_a0_': 1.0, '_a2_': 1.0, '_a6_': 1.0, '_a7_': 1.0}};{'d0': 0.024905832922025674};-276.475521880536;54.7954485296261
44521;-91.5688944874661;((((_a4_ * pow2((_a3_ + x))) * _a3_) + (x * (_a1_ * pow2(_a3_)))) * (_a1_ * x));{'d0': {'_a1_': -3.649924355679328, '_a3_': -0.7250460469408818, '_a4_': 1.276000530235508, '_a0_': 1.0, '_a2_': 1.0, '_a5_': 1.0, '_a6_': 1.0, '_a7_': 1.0}};{'d0': 0.024905832919416476};-280.569866449044;48.7160387370561
44522;-91.5688944874661;((((_a4_ * pow2((_a3_ + x))) * _a3_) + (x * (_a1_ * pow2(_a3_)))) * (_a1_ * x));{'d0': {'_a1_': -3.649924355679328, '_a3_': -0.7250460469408818, '_a4_': 1.276000530235508, '_a0_': 1.0, '_a2_': 1.0, '_a5_': 1.0, '_a6_': 1.0, '_a7_': 1.0}};{'d0': 0.024905832919416476};-280.569866449044;48.7160387370561
44523;-91.5688944874661;((((_a4_ * pow2((_a3_ + x))) * _a3_) + (x * (_a1_ * pow2(_a3_)))) * (_a1_ * x));{'d0': {'_a1_': -3.649924355679328, '_a3_': -0.7250460469408818, '_a4_': 1.276000530235508, '_a0_': 1.0, '_a2_': 1.0, '_a5_': 1.0, '_a6_': 1.0, '_a7_': 1.0}};{'d0': 0.024905832919416476};-280.569866449044;48.7160387370561
44524;-91.5688944874661;((((_a4_ * pow2((_a3_ + x))) * _a3_) + (x * (_a1_ * pow2(_a3_)))) * (_a1_ * x));{'d0': {'_a1_': -3.649924355679328, '_a3_': -0.7250460469408818, '_a4_': 1.276000530235508, '_a0_': 1.0, '_a2_': 1.0, '_a5_': 1.0, '_a6_': 1.0, '_a7_': 1.0}};{'d0': 0.024905832919416476};-280.569866449044;48.7160387370561
44525;-91.5688944874661;((((_a4_ * pow2((_a3_ + x))) * _a3_) + (x * (_a1_ * pow2(_a3_)))) * (_a1_ * x));{'d0': {'_a1_': -3.649924355679328, '_a3_': -0.7250460469408818, '_a4_': 1.276000530235508, '_a0_': 1.0, '_a2_': 1.0, '_a5_': 1.0, '_a6_': 1.0, '_a7_': 1.0}};{'d0': 0.024905832919416476};-280.569866449044;48.7160387370561
44526;-91.5688944874661;((((_a4_ * pow2((_a3_ + x))) * _a3_) + (x * (_a1_ * pow2(_a3_)))) * (_a1_ * x));{'d0': {'_a1_': -3.649924355679328, '_a3_': -0.7250460469408818, '_a4_': 1.276000530235508, '_a0_': 1.0, '_a2_': 1.0, '_a5_': 1.0, '_a6_': 1.0, '_a7_': 1.0}};{'d0': 0.024905832919416476};-280.569866449044;48.7160387370561
44527;-91.5688944874661;((((_a4_ * pow2((_a3_ + x))) * _a3_) + (x * (_a1_ * pow2(_a3_)))) * (_a1_ * x));{'d0': {'_a1_': -3.649924355679328, '_a3_': -0.7250460469408818, '_a4_': 1.276000530235508, '_a0_': 1.0, '_a2_': 1.0, '_a5_': 1.0, '_a6_': 1.0, '_a7_': 1.0}};{'d0': 0.024905832919416476};-280.569866449044;48.7160387370561
44528;-91.5688944874661;((((_a4_ * pow2((_a3_ + x))) * _a3_) + (x * (_a1_ * pow2(_a3_)))) * (_a1_ * x));{'d0': {'_a1_': -3.649924355679328, '_a3_': -0.7250460469408818, '_a4_': 1.276000530235508, '_a0_': 1.0, '_a2_': 1.0, '_a5_': 1.0, '_a6_': 1.0, '_a7_': 1.0}};{'d0': 0.024905832919416476};-280.569866449044;48.7160387370561
44529;-91.5688944874661;((((_a4_ * pow2((_a3_ + x))) * _a3_) + (x * (_a1_ * pow2(_a3_)))) * (_a1_ * x));{'d0': {'_a1_': -3.649924355679328, '_a3_': -0.7250460469408818, '_a4_': 1.276000530235508, '_a0_': 1.0, '_a2_': 1.0, '_a5_': 1.0, '_a6_': 1.0, '_a7_': 1.0}};{'d0': 0.024905832919416476};-280.569866449044;48.7160387370561
44530;-91.5688944874661;((((_a4_ * pow2((_a3_ + x))) * _a3_) + (x * (_a1_ * pow2(_a3_)))) * (_a1_ * x));{'d0': {'_a1_': -3.649924355679328, '_a3_': -0.7250460469408818, '_a4_': 1.276000530235508, '_a0_': 1.0, '_a2_': 1.0, '_a5_': 1.0, '_a6_': 1.0, '_a7_': 1.0}};{'d0': 0.024905832919416476};-280.569866449044;48.7160387370561
44531;-91.5688944874661;((((_a4_ * pow2((_a3_ + x))) * _a3_) + (x * (_a1_ * pow2(_a3_)))) * (_a1_ * x));{'d0': {'_a1_': -3.649924355679328, '_a3_': -0.7250460469408818, '_a4_': 1.276000530235508, '_a0_': 1.0, '_a2_': 1.0, '_a5_': 1.0, '_a6_': 1.0, '_a7_': 1.0}};{'d0': 0.024905832919416476};-280.569866449044;48.7160387370561
44532;-90.7423479365368;((((_a4_ + pow2((_a3_ + x))) * _a3_) + (x * (_a1_ * pow2(_a3_)))) * (_a1_ * x));{'d0': {'_a1_': -2.453237736919266, '_a3_': -1.3764507336345837, '_a4_': -1.3689248526947262, '_a0_': 1.0, '_a2_': 1.0, '_a5_': 1.0, '_a6_': 1.0, '_a7_': 1.0}};{'d0': 0.024905832919416757};-280.569866449043;49.542585287985105
44533;-90.7423479365368;((((_a4_ + pow2((_a3_ + x))) * _a3_) + (x * (_a1_ * pow2(_a3_)))) * (_a1_ * x));{'d0': {'_a1_': -2.453237736919266, '_a3_': -1.3764507336345837, '_a4_': -1.3689248526947262, '_a0_': 1.0, '_a2_': 1.0, '_a5_': 1.0, '_a6_': 1.0, '_a7_': 1.0}};{'d0': 0.024905832919416757};-280.569866449043;49.542585287985105
44534;-90.7423479365368;((((_a4_ + pow2((_a3_ + x))) * _a3_) + (x * (_a1_ * pow2(_a3_)))) * (_a1_ * x));{'d0': {'_a1_': -2.453237736919266, '_a3_': -1.3764507336345837, '_a4_': -1.3689248526947262, '_a0_': 1.0, '_a2_': 1.0, '_a5_': 1.0, '_a6_': 1.0, '_a7_': 1.0}};{'d0': 0.024905832919416757};-280.569866449043;49.542585287985105
44535;-90.7423479365368;((((_a4_ + pow2((_a3_ + x))) * _a3_) + (x * (_a1_ * pow2(_a3_)))) * (_a1_ * x));{'d0': {'_a1_': -2.453237736919266, '_a3_': -1.3764507336345837, '_a4_': -1.3689248526947262, '_a0_': 1.0, '_a2_': 1.0, '_a5_': 1.0, '_a6_': 1.0, '_a7_': 1.0}};{'d0': 0.024905832919416757};-280.569866449043;49.542585287985105
44536;-91.7511793670329;(((((_a6_ * _a7_) * _a7_) * _a2_) + ((_a3_ + x) * x)) * ((_a7_ * x) * _a2_));{'d0': {'_a2_': 0.3559251833110648, '_a3_': 0.6238594157372398, '_a6_': 0.01640927073955381, '_a7_': 9.487277075771342, '_a0_': 1.0, '_a1_': 1.0, '_a4_': 1.0, '_a5_': 1.0}};{'d0': 0.024905832919515272};-276.475521886584;46.4865815762591
44537;-91.7511793670329;(((((_a6_ * _a7_) * _a7_) * _a2_) + ((_a3_ + x) * x)) * ((_a7_ * x) * _a2_));{'d0': {'_a2_': 0.3559251833110648, '_a3_': 0.6238594157372398, '_a6_': 0.01640927073955381, '_a7_': 9.487277075771342, '_a0_': 1.0, '_a1_': 1.0, '_a4_': 1.0, '_a5_': 1.0}};{'d0': 0.024905832919515272};-276.475521886584;46.4865815762591
44538;-91.7511793670329;(((((_a6_ * _a7_) * _a7_) * _a2_) + ((_a3_ + x) * x)) * ((_a7_ * x) * _a2_));{'d0': {'_a2_': 0.3559251833110648, '_a3_': 0.6238594157372398, '_a6_': 0.01640927073955381, '_a7_': 9.487277075771342, '_a0_': 1.0, '_a1_': 1.0, '_a4_': 1.0, '_a5_': 1.0}};{'d0': 0.024905832919515272};-276.475521886584;46.4865815762591
44539;-91.7511793670329;(((((_a6_ * _a7_) * _a7_) * _a2_) + ((_a3_ + x) * x)) * ((_a7_ * x) * _a2_));{'d0': {'_a2_': 0.3559251833110648, '_a3_': 0.6238594157372398, '_a6_': 0.01640927073955381, '_a7_': 9.487277075771342, '_a0_': 1.0, '_a1_': 1.0, '_a4_': 1.0, '_a5_': 1.0}};{'d0': 0.024905832919515272};-276.475521886584;46.4865815762591
44540;-91.7511793670329;(((((_a6_ * _a7_) * _a7_) * _a2_) + ((_a3_ + x) * x)) * ((_a7_ * x) * _a2_));{'d0': {'_a2_': 0.3559251833110648, '_a3_': 0.6238594157372398, '_a6_': 0.01640927073955381, '_a7_': 9.487277075771342, '_a0_': 1.0, '_a1_': 1.0, '_a4_': 1.0, '_a5_': 1.0}};{'d0': 0.024905832919515272};-276.475521886584;46.4865815762591
44541;-91.7511793670329;(((((_a6_ * _a7_) * _a7_) * _a2_) + ((_a3_ + x) * x)) * ((_a7_ * x) * _a2_));{'d0': {'_a2_': 0.3559251833110648, '_a3_': 0.6238594157372398, '_a6_': 0.01640927073955381, '_a7_': 9.487277075771342, '_a0_': 1.0, '_a1_': 1.0, '_a4_': 1.0, '_a5_': 1.0}};{'d0': 0.024905832919515272};-276.475521886584;46.4865815762591
44542;-91.7511793662399;(((((_a6_ * _a2_) * _a7_) * _a2_) + ((_a3_ + x) * x)) * ((_a7_ * x) * _a2_));{'d0': {'_a2_': 0.4417563612129844, '_a3_': 0.6238594155522064, '_a6_': 0.35240985338024916, '_a7_': 7.643943690310462, '_a0_': 1.0, '_a1_': 1.0, '_a4_': 1.0, '_a5_': 1.0}};{'d0': 0.024905832920173576};-276.475521884998;46.4865815762591
44543;-91.7511793662399;(((((_a6_ * _a2_) * _a7_) * _a2_) + ((_a3_ + x) * x)) * ((_a7_ * x) * _a2_));{'d0': {'_a2_': 0.4417563612129844, '_a3_': 0.6238594155522064, '_a6_': 0.35240985338024916, '_a7_': 7.643943690310462, '_a0_': 1.0, '_a1_': 1.0, '_a4_': 1.0, '_a5_': 1.0}};{'d0': 0.024905832920173576};-276.475521884998;46.4865815762591
44544;-91.7511793662399;(((((_a6_ * _a2_) * _a7_) * _a2_) + ((_a3_ + x) * x)) * ((_a7_ * x) * _a2_));{'d0': {'_a2_': 0.4417563612129844, '_a3_': 0.6238594155522064, '_a6_': 0.35240985338024916, '_a7_': 7.643943690310462, '_a0_': 1.0, '_a1_': 1.0, '_a4_': 1.0, '_a5_': 1.0}};{'d0': 0.024905832920173576};-276.475521884998;46.4865815762591
44545;-91.7511793662399;(((((_a6_ * _a2_) * _a7_) * _a2_) + ((_a3_ + x) * x)) * ((_a7_ * x) * _a2_));{'d0': {'_a2_': 0.4417563612129844, '_a3_': 0.6238594155522064, '_a6_': 0.35240985338024916, '_a7_': 7.643943690310462, '_a0_': 1.0, '_a1_': 1.0, '_a4_': 1.0, '_a5_': 1.0}};{'d0': 0.024905832920173576};-276.475521884998;46.4865815762591
44546;-91.7511793662399;(((((_a6_ * _a2_) * _a7_) * _a2_) + ((_a3_ + x) * x)) * ((_a7_ * x) * _a2_));{'d0': {'_a2_': 0.4417563612129844, '_a3_': 0.6238594155522064, '_a6_': 0.35240985338024916, '_a7_': 7.643943690310462, '_a0_': 1.0, '_a1_': 1.0, '_a4_': 1.0, '_a5_': 1.0}};{'d0': 0.024905832920173576};-276.475521884998;46.4865815762591
44547;-91.7511793662399;(((((_a6_ * _a2_) * _a7_) * _a2_) + ((_a3_ + x) * x)) * ((_a7_ * x) * _a2_));{'d0': {'_a2_': 0.4417563612129844, '_a3_': 0.6238594155522064, '_a6_': 0.35240985338024916, '_a7_': 7.643943690310462, '_a0_': 1.0, '_a1_': 1.0, '_a4_': 1.0, '_a5_': 1.0}};{'d0': 0.024905832920173576};-276.475521884998;46.4865815762591
44548;-91.7511793662399;(((((_a6_ * _a2_) * _a7_) * _a2_) + ((_a3_ + x) * x)) * ((_a7_ * x) * _a2_));{'d0': {'_a2_': 0.4417563612129844, '_a3_': 0.6238594155522064, '_a6_': 0.35240985338024916, '_a7_': 7.643943690310462, '_a0_': 1.0, '_a1_': 1.0, '_a4_': 1.0, '_a5_': 1.0}};{'d0': 0.024905832920173576};-276.475521884998;46.4865815762591
44549;-91.7511793662399;(((((_a6_ * _a2_) * _a7_) * _a2_) + ((_a3_ + x) * x)) * ((_a7_ * x) * _a2_));{'d0': {'_a2_': 0.4417563612129844, '_a3_': 0.6238594155522064, '_a6_': 0.35240985338024916, '_a7_': 7.643943690310462, '_a0_': 1.0, '_a1_': 1.0, '_a4_': 1.0, '_a5_': 1.0}};{'d0': 0.024905832920173576};-276.475521884998;46.4865815762591
44550;-91.7511793662399;(((((_a6_ * _a2_) * _a7_) * _a2_) + ((_a3_ + x) * x)) * ((_a7_ * x) * _a2_));{'d0': {'_a2_': 0.4417563612129844, '_a3_': 0.6238594155522064, '_a6_': 0.35240985338024916, '_a7_': 7.643943690310462, '_a0_': 1.0, '_a1_': 1.0, '_a4_': 1.0, '_a5_': 1.0}};{'d0': 0.024905832920173576};-276.475521884998;46.4865815762591
44551;-91.7511793662399;(((((_a6_ * _a2_) * _a7_) * _a2_) + ((_a3_ + x) * x)) * ((_a7_ * x) * _a2_));{'d0': {'_a2_': 0.4417563612129844, '_a3_': 0.6238594155522064, '_a6_': 0.35240985338024916, '_a7_': 7.643943690310462, '_a0_': 1.0, '_a1_': 1.0, '_a4_': 1.0, '_a5_': 1.0}};{'d0': 0.024905832920173576};-276.475521884998;46.4865815762591
44552;-91.7511793662399;(((((_a6_ * _a2_) * _a7_) * _a2_) + ((_a3_ + x) * x)) * ((_a7_ * x) * _a2_));{'d0': {'_a2_': 0.4417563612129844, '_a3_': 0.6238594155522064, '_a6_': 0.35240985338024916, '_a7_': 7.643943690310462, '_a0_': 1.0, '_a1_': 1.0, '_a4_': 1.0, '_a5_': 1.0}};{'d0': 0.024905832920173576};-276.475521884998;46.4865815762591
44553;-91.7511793662399;(((((_a6_ * _a2_) * _a7_) * _a2_) + ((_a3_ + x) * x)) * ((_a7_ * x) * _a2_));{'d0': {'_a2_': 0.4417563612129844, '_a3_': 0.6238594155522064, '_a6_': 0.35240985338024916, '_a7_': 7.643943690310462, '_a0_': 1.0, '_a1_': 1.0, '_a4_': 1.0, '_a5_': 1.0}};{'d0': 0.024905832920173576};-276.475521884998;46.4865815762591
44554;-86.4725090780342;((((_a4_ + pow2((_a3_ + x))) * _a3_) + (_a3_ * (_a1_ * (_a2_ + _a3_)))) * (_a1_ * x));{'d0': {'_a1_': 10.825390327239027, '_a2_': 45.51831506704491, '_a3_': 0.3119297118071556, '_a4_': -495.70189682688726, '_a0_': 1.0, '_a5_': 1.0, '_a6_': 1.0, '_a7_': 1.0}};{'d0': 0.024905832920223286};-276.475521884878;51.7652518644051
44555;-86.4725090780342;((((_a4_ + pow2((_a3_ + x))) * _a3_) + (_a3_ * (_a1_ * (_a2_ + _a3_)))) * (_a1_ * x));{'d0': {'_a1_': 10.825390327239027, '_a2_': 45.51831506704491, '_a3_': 0.3119297118071556, '_a4_': -495.70189682688726, '_a0_': 1.0, '_a5_': 1.0, '_a6_': 1.0, '_a7_': 1.0}};{'d0': 0.024905832920223286};-276.475521884878;51.7652518644051
44556;-86.4725090780342;((((_a4_ + pow2((_a3_ + x))) * _a3_) + (_a3_ * (_a1_ * (_a2_ + _a3_)))) * (_a1_ * x));{'d0': {'_a1_': 10.825390327239027, '_a2_': 45.51831506704491, '_a3_': 0.3119297118071556, '_a4_': -495.70189682688726, '_a0_': 1.0, '_a5_': 1.0, '_a6_': 1.0, '_a7_': 1.0}};{'d0': 0.024905832920223286};-276.475521884878;51.7652518644051
44557;-86.4725090780342;((((_a4_ + pow2((_a3_ + x))) * _a3_) + (_a3_ * (_a1_ * (_a2_ + _a3_)))) * (_a1_ * x));{'d0': {'_a1_': 10.825390327239027, '_a2_': 45.51831506704491, '_a3_': 0.3119297118071556, '_a4_': -495.70189682688726, '_a0_': 1.0, '_a5_': 1.0, '_a6_': 1.0, '_a7_': 1.0}};{'d0': 0.024905832920223286};-276.475521884878;51.7652518644051
44558;-86.4725090780342;((((_a4_ + pow2((_a3_ + x))) * _a3_) + (_a3_ * (_a1_ * (_a2_ + _a3_)))) * (_a1_ * x));{'d0': {'_a1_': 10.825390327239027, '_a2_': 45.51831506704491, '_a3_': 0.3119297118071556, '_a4_': -495.70189682688726, '_a0_': 1.0, '_a5_': 1.0, '_a6_': 1.0, '_a7_': 1.0}};{'d0': 0.024905832920223286};-276.475521884878;51.7652518644051
44559;-86.4725090780342;((((_a4_ + pow2((_a3_ + x))) * _a3_) + (_a3_ * (_a1_ * (_a2_ + _a3_)))) * (_a1_ * x));{'d0': {'_a1_': 10.825390327239027, '_a2_': 45.51831506704491, '_a3_': 0.3119297118071556, '_a4_': -495.70189682688726, '_a0_': 1.0, '_a5_': 1.0, '_a6_': 1.0, '_a7_': 1.0}};{'d0': 0.024905832920223286};-276.475521884878;51.7652518644051
44560;-80.3930992864313;((((_a4_ + pow2((_a3_ + x))) * cos(_a1_)) + (_a3_ * (_a1_ * (_a2_ + _a3_)))) * (_a1_ * x));{'d0': {'_a1_': 11.299064916963722, '_a2_': 7.55542186769279, '_a3_': 0.3119297109906054, '_a4_': -92.35494865493675, '_a0_': 1.0, '_a5_': 1.0, '_a6_': 1.0, '_a7_': 1.0}};{'d0': 0.024905832919420494};-276.475521886812;57.8446616569751
44561;-81.1131770459391;((((_a4_ + pow2((_a3_ + x))) * log(_a1_)) + (_a3_ * (_a1_ * (_a2_ + _a3_)))) * (_a1_ * x));{'d0': {'_a1_': 3.0384443843193174, '_a2_': -2234.871116435727, '_a3_': 0.3119296555504336, '_a4_': 1906.1113839597667, '_a0_': 1.0, '_a5_': 1.0, '_a6_': 1.0, '_a7_': 1.0}};{'d0': 0.02490583292187137};-276.475521880908;57.1245838945151
44562;-81.1131770459391;((((_a4_ + pow2((_a3_ + x))) * log(_a1_)) + (_a3_ * (_a1_ * (_a2_ + _a3_)))) * (_a1_ * x));{'d0': {'_a1_': 3.0384443843193174, '_a2_': -2234.871116435727, '_a3_': 0.3119296555504336, '_a4_': 1906.1113839597667, '_a0_': 1.0, '_a5_': 1.0, '_a6_': 1.0, '_a7_': 1.0}};{'d0': 0.02490583292187137};-276.475521880908;57.1245838945151
44563;-81.1131770459391;((((_a4_ + pow2((_a3_ + x))) * log(_a1_)) + (_a3_ * (_a1_ * (_a2_ + _a3_)))) * (_a1_ * x));{'d0': {'_a1_': 3.0384443843193174, '_a2_': -2234.871116435727, '_a3_': 0.3119296555504336, '_a4_': 1906.1113839597667, '_a0_': 1.0, '_a5_': 1.0, '_a6_': 1.0, '_a7_': 1.0}};{'d0': 0.02490583292187137};-276.475521880908;57.1245838945151
44564;-81.1131770459391;((((_a4_ + pow2((_a3_ + x))) * log(_a1_)) + (_a3_ * (_a1_ * (_a2_ + _a3_)))) * (_a1_ * x));{'d0': {'_a1_': 3.0384443843193174, '_a2_': -2234.871116435727, '_a3_': 0.3119296555504336, '_a4_': 1906.1113839597667, '_a0_': 1.0, '_a5_': 1.0, '_a6_': 1.0, '_a7_': 1.0}};{'d0': 0.02490583292187137};-276.475521880908;57.1245838945151
44565;-81.1131770459391;((((_a4_ + pow2((_a3_ + x))) * log(_a1_)) + (_a3_ * (_a1_ * (_a2_ + _a3_)))) * (_a1_ * x));{'d0': {'_a1_': 3.0384443843193174, '_a2_': -2234.871116435727, '_a3_': 0.3119296555504336, '_a4_': 1906.1113839597667, '_a0_': 1.0, '_a5_': 1.0, '_a6_': 1.0, '_a7_': 1.0}};{'d0': 0.02490583292187137};-276.475521880908;57.1245838945151
44566;-81.1131770459391;((((_a4_ + pow2((_a3_ + x))) * log(_a1_)) + (_a3_ * (_a1_ * (_a2_ + _a3_)))) * (_a1_ * x));{'d0': {'_a1_': 3.0384443843193174, '_a2_': -2234.871116435727, '_a3_': 0.3119296555504336, '_a4_': 1906.1113839597667, '_a0_': 1.0, '_a5_': 1.0, '_a6_': 1.0, '_a7_': 1.0}};{'d0': 0.02490583292187137};-276.475521880908;57.1245838945151
44567;-91.7511793662399;(((((_a6_ * _a2_) * _a7_) * _a2_) + ((_a3_ + x) * x)) * ((_a7_ * x) * _a2_));{'d0': {'_a2_': 0.4417563612129844, '_a3_': 0.6238594155522064, '_a6_': 0.35240985338024916, '_a7_': 7.643943690310462, '_a0_': 1.0, '_a1_': 1.0, '_a4_': 1.0, '_a5_': 1.0}};{'d0': 0.024905832920173576};-276.475521884998;46.4865815762591
44568;-91.7511793662399;(((((_a6_ * _a2_) * _a7_) * _a2_) + ((_a3_ + x) * x)) * ((_a7_ * x) * _a2_));{'d0': {'_a2_': 0.4417563612129844, '_a3_': 0.6238594155522064, '_a6_': 0.35240985338024916, '_a7_': 7.643943690310462, '_a0_': 1.0, '_a1_': 1.0, '_a4_': 1.0, '_a5_': 1.0}};{'d0': 0.024905832920173576};-276.475521884998;46.4865815762591
44569;-91.7511793662399;(((((_a6_ * _a2_) * _a7_) * _a2_) + ((_a3_ + x) * x)) * ((_a7_ * x) * _a2_));{'d0': {'_a2_': 0.4417563612129844, '_a3_': 0.6238594155522064, '_a6_': 0.35240985338024916, '_a7_': 7.643943690310462, '_a0_': 1.0, '_a1_': 1.0, '_a4_': 1.0, '_a5_': 1.0}};{'d0': 0.024905832920173576};-276.475521884998;46.4865815762591
44570;-91.7511793662399;(((((_a6_ * _a2_) * _a7_) * _a2_) + ((_a3_ + x) * x)) * ((_a7_ * x) * _a2_));{'d0': {'_a2_': 0.4417563612129844, '_a3_': 0.6238594155522064, '_a6_': 0.35240985338024916, '_a7_': 7.643943690310462, '_a0_': 1.0, '_a1_': 1.0, '_a4_': 1.0, '_a5_': 1.0}};{'d0': 0.024905832920173576};-276.475521884998;46.4865815762591
44571;-91.7511793662399;(((((_a6_ * _a2_) * _a7_) * _a2_) + ((_a3_ + x) * x)) * ((_a7_ * x) * _a2_));{'d0': {'_a2_': 0.4417563612129844, '_a3_': 0.6238594155522064, '_a6_': 0.35240985338024916, '_a7_': 7.643943690310462, '_a0_': 1.0, '_a1_': 1.0, '_a4_': 1.0, '_a5_': 1.0}};{'d0': 0.024905832920173576};-276.475521884998;46.4865815762591
44572;-91.7511793662399;(((((_a6_ * _a2_) * _a7_) * _a2_) + ((_a3_ + x) * x)) * ((_a7_ * x) * _a2_));{'d0': {'_a2_': 0.4417563612129844, '_a3_': 0.6238594155522064, '_a6_': 0.35240985338024916, '_a7_': 7.643943690310462, '_a0_': 1.0, '_a1_': 1.0, '_a4_': 1.0, '_a5_': 1.0}};{'d0': 0.024905832920173576};-276.475521884998;46.4865815762591
44573;-91.7511793662399;(((((_a6_ * _a2_) * _a7_) * _a2_) + ((_a3_ + x) * x)) * ((_a7_ * x) * _a2_));{'d0': {'_a2_': 0.4417563612129844, '_a3_': 0.6238594155522064, '_a6_': 0.35240985338024916, '_a7_': 7.643943690310462, '_a0_': 1.0, '_a1_': 1.0, '_a4_': 1.0, '_a5_': 1.0}};{'d0': 0.024905832920173576};-276.475521884998;46.4865815762591
44574;-91.7511793662399;(((((_a6_ * _a2_) * _a7_) * _a2_) + ((_a3_ + x) * x)) * ((_a7_ * x) * _a2_));{'d0': {'_a2_': 0.4417563612129844, '_a3_': 0.6238594155522064, '_a6_': 0.35240985338024916, '_a7_': 7.643943690310462, '_a0_': 1.0, '_a1_': 1.0, '_a4_': 1.0, '_a5_': 1.0}};{'d0': 0.024905832920173576};-276.475521884998;46.4865815762591
44575;-91.7511793622326;(((((_a1_ * _a2_) * _a7_) * _a2_) + ((_a3_ + x) * x)) * ((_a7_ * x) * _a2_));{'d0': {'_a1_': 0.7905980203255599, '_a2_': 0.19691332722149021, '_a3_': 0.6238594155827379, '_a7_': 17.14846135873174, '_a0_': 1.0, '_a4_': 1.0, '_a5_': 1.0, '_a6_': 1.0}};{'d0': 0.024905832923500463};-276.475521876983;46.4865815762591
44576;-91.7511793622326;(((((_a1_ * _a2_) * _a7_) * _a2_) + ((_a3_ + x) * x)) * ((_a7_ * x) * _a2_));{'d0': {'_a1_': 0.7905980203255599, '_a2_': 0.19691332722149021, '_a3_': 0.6238594155827379, '_a7_': 17.14846135873174, '_a0_': 1.0, '_a4_': 1.0, '_a5_': 1.0, '_a6_': 1.0}};{'d0': 0.024905832923500463};-276.475521876983;46.4865815762591
44577;-91.7511793622326;(((((_a1_ * _a2_) * _a7_) * _a2_) + ((_a3_ + x) * x)) * ((_a7_ * x) * _a2_));{'d0': {'_a1_': 0.7905980203255599, '_a2_': 0.19691332722149021, '_a3_': 0.6238594155827379, '_a7_': 17.14846135873174, '_a0_': 1.0, '_a4_': 1.0, '_a5_': 1.0, '_a6_': 1.0}};{'d0': 0.024905832923500463};-276.475521876983;46.4865815762591
44578;-91.7511793622326;(((((_a1_ * _a2_) * _a7_) * _a2_) + ((_a3_ + x) * x)) * ((_a7_ * x) * _a2_));{'d0': {'_a1_': 0.7905980203255599, '_a2_': 0.19691332722149021, '_a3_': 0.6238594155827379, '_a7_': 17.14846135873174, '_a0_': 1.0, '_a4_': 1.0, '_a5_': 1.0, '_a6_': 1.0}};{'d0': 0.024905832923500463};-276.475521876983;46.4865815762591
44579;-91.7511793622326;(((((_a1_ * _a2_) * _a7_) * _a2_) + ((_a3_ + x) * x)) * ((_a7_ * x) * _a2_));{'d0': {'_a1_': 0.7905980203255599, '_a2_': 0.19691332722149021, '_a3_': 0.6238594155827379, '_a7_': 17.14846135873174, '_a0_': 1.0, '_a4_': 1.0, '_a5_': 1.0, '_a6_': 1.0}};{'d0': 0.024905832923500463};-276.475521876983;46.4865815762591
44580;-91.7511793622326;(((((_a1_ * _a2_) * _a7_) * _a2_) + ((_a3_ + x) * x)) * ((_a7_ * x) * _a2_));{'d0': {'_a1_': 0.7905980203255599, '_a2_': 0.19691332722149021, '_a3_': 0.6238594155827379, '_a7_': 17.14846135873174, '_a0_': 1.0, '_a4_': 1.0, '_a5_': 1.0, '_a6_': 1.0}};{'d0': 0.024905832923500463};-276.475521876983;46.4865815762591
44581;-91.7511793622326;(((((_a1_ * _a2_) * _a7_) * _a2_) + ((_a3_ + x) * x)) * ((_a7_ * x) * _a2_));{'d0': {'_a1_': 0.7905980203255599, '_a2_': 0.19691332722149021, '_a3_': 0.6238594155827379, '_a7_': 17.14846135873174, '_a0_': 1.0, '_a4_': 1.0, '_a5_': 1.0, '_a6_': 1.0}};{'d0': 0.024905832923500463};-276.475521876983;46.4865815762591
44582;-91.7511793622326;(((((_a1_ * _a2_) * _a7_) * _a2_) + ((_a3_ + x) * x)) * ((_a7_ * x) * _a2_));{'d0': {'_a1_': 0.7905980203255599, '_a2_': 0.19691332722149021, '_a3_': 0.6238594155827379, '_a7_': 17.14846135873174, '_a0_': 1.0, '_a4_': 1.0, '_a5_': 1.0, '_a6_': 1.0}};{'d0': 0.024905832923500463};-276.475521876983;46.4865815762591
44583;-91.7511793622326;(((((_a1_ * _a2_) * _a7_) * _a2_) + ((_a3_ + x) * x)) * ((_a7_ * x) * _a2_));{'d0': {'_a1_': 0.7905980203255599, '_a2_': 0.19691332722149021, '_a3_': 0.6238594155827379, '_a7_': 17.14846135873174, '_a0_': 1.0, '_a4_': 1.0, '_a5_': 1.0, '_a6_': 1.0}};{'d0': 0.024905832923500463};-276.475521876983;46.4865815762591
44584;-91.7511793622326;(((((_a1_ * _a2_) * _a7_) * _a2_) + ((_a3_ + x) * x)) * ((_a7_ * x) * _a2_));{'d0': {'_a1_': 0.7905980203255599, '_a2_': 0.19691332722149021, '_a3_': 0.6238594155827379, '_a7_': 17.14846135873174, '_a0_': 1.0, '_a4_': 1.0, '_a5_': 1.0, '_a6_': 1.0}};{'d0': 0.024905832923500463};-276.475521876983;46.4865815762591
44585;-91.7511793622326;(((((_a1_ * _a2_) * _a7_) * _a2_) + ((_a3_ + x) * x)) * ((_a7_ * x) * _a2_));{'d0': {'_a1_': 0.7905980203255599, '_a2_': 0.19691332722149021, '_a3_': 0.6238594155827379, '_a7_': 17.14846135873174, '_a0_': 1.0, '_a4_': 1.0, '_a5_': 1.0, '_a6_': 1.0}};{'d0': 0.024905832923500463};-276.475521876983;46.4865815762591
44586;-91.7511793622326;(((((_a1_ * _a2_) * _a7_) * _a2_) + ((_a3_ + x) * x)) * ((_a7_ * x) * _a2_));{'d0': {'_a1_': 0.7905980203255599, '_a2_': 0.19691332722149021, '_a3_': 0.6238594155827379, '_a7_': 17.14846135873174, '_a0_': 1.0, '_a4_': 1.0, '_a5_': 1.0, '_a6_': 1.0}};{'d0': 0.024905832923500463};-276.475521876983;46.4865815762591
44587;-93.7983516482628;(((((_a1_ * _a2_) * _a7_) * _a2_) + ((_a2_ + x) * x)) * ((_a7_ * x) * _a2_));{'d0': {'_a1_': 0.24954227879939878, '_a2_': 0.6238594155375606, '_a7_': 5.412695222513932, '_a0_': 1.0, '_a3_': 1.0, '_a4_': 1.0, '_a5_': 1.0, '_a6_': 1.0}};{'d0': 0.024905832919416632};-280.569866449044;46.4865815762591
44588;-85.8551011713672;((((((_a1_ * _a2_) * _a7_) * _a2_) + ((_a2_ + x) * x)) * ((_a7_ * x) * _a2_)) + _a4_);{'d0': {'_a1_': 0.24835067118463677, '_a2_': 0.6245511685104399, '_a4_': -0.0010241845650176976, '_a7_': 5.41591839008151, '_a0_': 1.0, '_a3_': 1.0, '_a5_': 1.0, '_a6_': 1.0}};{'d0': 0.024885482501866868};-276.524567593312;52.407182625289096
44589;-85.8551011713672;((((((_a1_ * _a2_) * _a7_) * _a2_) + ((_a2_ + x) * x)) * ((_a7_ * x) * _a2_)) + _a4_);{'d0': {'_a1_': 0.24835067118463677, '_a2_': 0.6245511685104399, '_a4_': -0.0010241845650176976, '_a7_': 5.41591839008151, '_a0_': 1.0, '_a3_': 1.0, '_a5_': 1.0, '_a6_': 1.0}};{'d0': 0.024885482501866868};-276.524567593312;52.407182625289096
44590;-85.8551011713672;((((((_a1_ * _a2_) * _a7_) * _a2_) + ((_a2_ + x) * x)) * ((_a7_ * x) * _a2_)) + _a4_);{'d0': {'_a1_': 0.24835067118463677, '_a2_': 0.6245511685104399, '_a4_': -0.0010241845650176976, '_a7_': 5.41591839008151, '_a0_': 1.0, '_a3_': 1.0, '_a5_': 1.0, '_a6_': 1.0}};{'d0': 0.024885482501866868};-276.524567593312;52.407182625289096
44591;-85.8551011713672;((((((_a1_ * _a2_) * _a7_) * _a2_) + ((_a2_ + x) * x)) * ((_a7_ * x) * _a2_)) + _a4_);{'d0': {'_a1_': 0.24835067118463677, '_a2_': 0.6245511685104399, '_a4_': -0.0010241845650176976, '_a7_': 5.41591839008151, '_a0_': 1.0, '_a3_': 1.0, '_a5_': 1.0, '_a6_': 1.0}};{'d0': 0.024885482501866868};-276.524567593312;52.407182625289096
44592;-85.8551011713672;((((((_a1_ * _a2_) * _a7_) * _a2_) + ((_a2_ + x) * x)) * ((_a7_ * x) * _a2_)) + _a4_);{'d0': {'_a1_': 0.24835067118463677, '_a2_': 0.6245511685104399, '_a4_': -0.0010241845650176976, '_a7_': 5.41591839008151, '_a0_': 1.0, '_a3_': 1.0, '_a5_': 1.0, '_a6_': 1.0}};{'d0': 0.024885482501866868};-276.524567593312;52.407182625289096
44593;-85.8551011713672;((((((_a1_ * _a2_) * _a7_) * _a2_) + ((_a2_ + x) * x)) * ((_a7_ * x) * _a2_)) + _a4_);{'d0': {'_a1_': 0.24835067118463677, '_a2_': 0.6245511685104399, '_a4_': -0.0010241845650176976, '_a7_': 5.41591839008151, '_a0_': 1.0, '_a3_': 1.0, '_a5_': 1.0, '_a6_': 1.0}};{'d0': 0.024885482501866868};-276.524567593312;52.407182625289096
44594;-85.8551011713672;((((((_a1_ * _a2_) * _a7_) * _a2_) + ((_a2_ + x) * x)) * ((_a7_ * x) * _a2_)) + _a4_);{'d0': {'_a1_': 0.24835067118463677, '_a2_': 0.6245511685104399, '_a4_': -0.0010241845650176976, '_a7_': 5.41591839008151, '_a0_': 1.0, '_a3_': 1.0, '_a5_': 1.0, '_a6_': 1.0}};{'d0': 0.024885482501866868};-276.524567593312;52.407182625289096
44595;-85.8551011713672;((((((_a1_ * _a2_) * _a7_) * _a2_) + ((_a2_ + x) * x)) * ((_a7_ * x) * _a2_)) + _a4_);{'d0': {'_a1_': 0.24835067118463677, '_a2_': 0.6245511685104399, '_a4_': -0.0010241845650176976, '_a7_': 5.41591839008151, '_a0_': 1.0, '_a3_': 1.0, '_a5_': 1.0, '_a6_': 1.0}};{'d0': 0.024885482501866868};-276.524567593312;52.407182625289096
44596;-85.8551011713672;((((((_a1_ * _a2_) * _a7_) * _a2_) + ((_a2_ + x) * x)) * ((_a7_ * x) * _a2_)) + _a4_);{'d0': {'_a1_': 0.24835067118463677, '_a2_': 0.6245511685104399, '_a4_': -0.0010241845650176976, '_a7_': 5.41591839008151, '_a0_': 1.0, '_a3_': 1.0, '_a5_': 1.0, '_a6_': 1.0}};{'d0': 0.024885482501866868};-276.524567593312;52.407182625289096
44597;-85.8551011713672;((((((_a1_ * _a2_) * _a7_) * _a2_) + ((_a2_ + x) * x)) * ((_a7_ * x) * _a2_)) + _a4_);{'d0': {'_a1_': 0.24835067118463677, '_a2_': 0.6245511685104399, '_a4_': -0.0010241845650176976, '_a7_': 5.41591839008151, '_a0_': 1.0, '_a3_': 1.0, '_a5_': 1.0, '_a6_': 1.0}};{'d0': 0.024885482501866868};-276.524567593312;52.407182625289096
44598;-85.8551011713672;((((((_a1_ * _a2_) * _a7_) * _a2_) + ((_a2_ + x) * x)) * ((_a7_ * x) * _a2_)) + _a4_);{'d0': {'_a1_': 0.24835067118463677, '_a2_': 0.6245511685104399, '_a4_': -0.0010241845650176976, '_a7_': 5.41591839008151, '_a0_': 1.0, '_a3_': 1.0, '_a5_': 1.0, '_a6_': 1.0}};{'d0': 0.024885482501866868};-276.524567593312;52.407182625289096
44599;-85.8551011713672;((((((_a1_ * _a2_) * _a7_) * _a2_) + ((_a2_ + x) * x)) * ((_a7_ * x) * _a2_)) + _a4_);{'d0': {'_a1_': 0.24835067118463677, '_a2_': 0.6245511685104399, '_a4_': -0.0010241845650176976, '_a7_': 5.41591839008151, '_a0_': 1.0, '_a3_': 1.0, '_a5_': 1.0, '_a6_': 1.0}};{'d0': 0.024885482501866868};-276.524567593312;52.407182625289096
44600;-85.8551011713672;((((((_a1_ * _a2_) * _a7_) * _a2_) + ((_a2_ + x) * x)) * ((_a7_ * x) * _a2_)) + _a4_);{'d0': {'_a1_': 0.24835067118463677, '_a2_': 0.6245511685104399, '_a4_': -0.0010241845650176976, '_a7_': 5.41591839008151, '_a0_': 1.0, '_a3_': 1.0, '_a5_': 1.0, '_a6_': 1.0}};{'d0': 0.024885482501866868};-276.524567593312;52.407182625289096
44601;-85.8551011713672;((((((_a1_ * _a2_) * _a7_) * _a2_) + ((_a2_ + x) * x)) * ((_a7_ * x) * _a2_)) + _a4_);{'d0': {'_a1_': 0.24835067118463677, '_a2_': 0.6245511685104399, '_a4_': -0.0010241845650176976, '_a7_': 5.41591839008151, '_a0_': 1.0, '_a3_': 1.0, '_a5_': 1.0, '_a6_': 1.0}};{'d0': 0.024885482501866868};-276.524567593312;52.407182625289096
44602;-85.8551011713672;((((((_a1_ * _a2_) * _a7_) * _a2_) + ((_a2_ + x) * x)) * ((_a7_ * x) * _a2_)) + _a4_);{'d0': {'_a1_': 0.24835067118463677, '_a2_': 0.6245511685104399, '_a4_': -0.0010241845650176976, '_a7_': 5.41591839008151, '_a0_': 1.0, '_a3_': 1.0, '_a5_': 1.0, '_a6_': 1.0}};{'d0': 0.024885482501866868};-276.524567593312;52.407182625289096
44603;-83.8079288869476;((((((_a1_ * _a3_) * _a7_) * _a2_) + ((_a2_ + x) * x)) * ((_a7_ * x) * _a2_)) + _a4_);{'d0': {'_a1_': 0.1755270050381066, '_a2_': 0.6245511920206054, '_a3_': 0.8836682736962708, '_a4_': -0.0010242197268653538, '_a7_': 5.415918502886789, '_a0_': 1.0, '_a5_': 1.0, '_a6_': 1.0}};{'d0': 0.024885482504611367};-272.430223024473;52.407182625289096
44604;-83.8079288869476;((((((_a1_ * _a3_) * _a7_) * _a2_) + ((_a2_ + x) * x)) * ((_a7_ * x) * _a2_)) + _a4_);{'d0': {'_a1_': 0.1755270050381066, '_a2_': 0.6245511920206054, '_a3_': 0.8836682736962708, '_a4_': -0.0010242197268653538, '_a7_': 5.415918502886789, '_a0_': 1.0, '_a5_': 1.0, '_a6_': 1.0}};{'d0': 0.024885482504611367};-272.430223024473;52.407182625289096
44605;-83.8079288869476;((((((_a1_ * _a3_) * _a7_) * _a2_) + ((_a2_ + x) * x)) * ((_a7_ * x) * _a2_)) + _a4_);{'d0': {'_a1_': 0.1755270050381066, '_a2_': 0.6245511920206054, '_a3_': 0.8836682736962708, '_a4_': -0.0010242197268653538, '_a7_': 5.415918502886789, '_a0_': 1.0, '_a5_': 1.0, '_a6_': 1.0}};{'d0': 0.024885482504611367};-272.430223024473;52.407182625289096
44606;-83.8079288869476;((((((_a1_ * _a3_) * _a7_) * _a2_) + ((_a2_ + x) * x)) * ((_a7_ * x) * _a2_)) + _a4_);{'d0': {'_a1_': 0.1755270050381066, '_a2_': 0.6245511920206054, '_a3_': 0.8836682736962708, '_a4_': -0.0010242197268653538, '_a7_': 5.415918502886789, '_a0_': 1.0, '_a5_': 1.0, '_a6_': 1.0}};{'d0': 0.024885482504611367};-272.430223024473;52.407182625289096
44607;-83.8079288901122;((((((_a1_ * _a3_) * _a7_) * _a2_) + ((_a2_ + x) * x)) * ((_a1_ * x) * _a2_)) + _a4_);{'d0': {'_a1_': 5.4159182250687525, '_a2_': 0.6245511325240094, '_a3_': 0.15836431990496824, '_a4_': -0.0010241314273997494, '_a7_': 0.9794360603232416, '_a0_': 1.0, '_a5_': 1.0, '_a6_': 1.0}};{'d0': 0.024885482501986265};-272.430223030802;52.407182625289096
44608;-83.8079288901122;((((((_a1_ * _a3_) * _a7_) * _a2_) + ((_a2_ + x) * x)) * ((_a1_ * x) * _a2_)) + _a4_);{'d0': {'_a1_': 5.4159182250687525, '_a2_': 0.6245511325240094, '_a3_': 0.15836431990496824, '_a4_': -0.0010241314273997494, '_a7_': 0.9794360603232416, '_a0_': 1.0, '_a5_': 1.0, '_a6_': 1.0}};{'d0': 0.024885482501986265};-272.430223030802;52.407182625289096
44609;-83.8079288901122;((((((_a1_ * _a3_) * _a7_) * _a2_) + ((_a2_ + x) * x)) * ((_a1_ * x) * _a2_)) + _a4_);{'d0': {'_a1_': 5.4159182250687525, '_a2_': 0.6245511325240094, '_a3_': 0.15836431990496824, '_a4_': -0.0010241314273997494, '_a7_': 0.9794360603232416, '_a0_': 1.0, '_a5_': 1.0, '_a6_': 1.0}};{'d0': 0.024885482501986265};-272.430223030802;52.407182625289096
44610;-83.8079288901122;((((((_a1_ * _a3_) * _a7_) * _a2_) + ((_a2_ + x) * x)) * ((_a1_ * x) * _a2_)) + _a4_);{'d0': {'_a1_': 5.4159182250687525, '_a2_': 0.6245511325240094, '_a3_': 0.15836431990496824, '_a4_': -0.0010241314273997494, '_a7_': 0.9794360603232416, '_a0_': 1.0, '_a5_': 1.0, '_a6_': 1.0}};{'d0': 0.024885482501986265};-272.430223030802;52.407182625289096
44611;-86.5928183531427;((((_a3_ + pow2((_a3_ + x))) * (_a3_ / _a5_)) + (_a2_ * (_a1_ * _a3_))) * (_a1_ * x));{'d0': {'_a1_': -0.9056329312834086, '_a2_': 1.5371716066512333, '_a3_': 0.31192970769842726, '_a5_': -0.08365822324255917, '_a0_': 1.0, '_a4_': 1.0, '_a6_': 1.0, '_a7_': 1.0}};{'d0': 0.024905832926465647};-276.475521869840;51.6449425817775
44612;-86.5928183531427;((((_a3_ + pow2((_a3_ + x))) * (_a3_ / _a5_)) + (_a2_ * (_a1_ * _a3_))) * (_a1_ * x));{'d0': {'_a1_': -0.9056329312834086, '_a2_': 1.5371716066512333, '_a3_': 0.31192970769842726, '_a5_': -0.08365822324255917, '_a0_': 1.0, '_a4_': 1.0, '_a6_': 1.0, '_a7_': 1.0}};{'d0': 0.024905832926465647};-276.475521869840;51.6449425817775
44613;-96.7605826568953;((_a1_ + (pow2(((_a5_ + x) * (_a5_ * _a7_))) * (_a4_ ** x))) * x);{'d0': {'_a1_': 1.4505025443869182, '_a4_': 0.9863249887563431, '_a5_': 0.3149188937214233, '_a7_': 5.818456228660779, '_a0_': 1.0, '_a2_': 1.0, '_a3_': 1.0, '_a6_': 1.0}};{'d0': 0.02483228470937392};-276.652967115122;41.56590090066589
44614;-96.7605826568953;((_a1_ + (pow2(((_a5_ + x) * (_a5_ * _a7_))) * (_a4_ ** x))) * x);{'d0': {'_a1_': 1.4505025443869182, '_a4_': 0.9863249887563431, '_a5_': 0.3149188937214233, '_a7_': 5.818456228660779, '_a0_': 1.0, '_a2_': 1.0, '_a3_': 1.0, '_a6_': 1.0}};{'d0': 0.02483228470937392};-276.652967115122;41.56590090066589
44615;-86.5928183531427;((((_a3_ + pow2((_a3_ + x))) * (_a3_ / _a5_)) + (_a2_ * (_a1_ * _a3_))) * (_a1_ * x));{'d0': {'_a1_': -0.9056329312834086, '_a2_': 1.5371716066512333, '_a3_': 0.31192970769842726, '_a5_': -0.08365822324255917, '_a0_': 1.0, '_a4_': 1.0, '_a6_': 1.0, '_a7_': 1.0}};{'d0': 0.024905832926465647};-276.475521869840;51.6449425817775
44616;-91.6145155696225;((((_a3_ + pow2((_a3_ + x))) * (_a3_ / _a5_)) + (_a2_ * x)) * (_a1_ * x));{'d0': {'_a1_': -1.6109593868525278, '_a2_': 0.288442005314413, '_a3_': 0.3807336554730696, '_a5_': -0.18163751581542129, '_a0_': 1.0, '_a4_': 1.0, '_a6_': 1.0, '_a7_': 1.0}};{'d0': 0.02490583292256302};-276.475521879242;46.6232453699985
44617;-90.7266326905188;((((_a3_ + pow2((_a3_ + x))) / (_a3_ / _a5_)) + (_a2_ * x)) * (_a1_ * x));{'d0': {'_a1_': -2.1399162264075957, '_a2_': 0.21714351621909647, '_a3_': 0.380733654966466, '_a5_': -0.6007928898274368, '_a0_': 1.0, '_a4_': 1.0, '_a6_': 1.0, '_a7_': 1.0}};{'d0': 0.024905832919585532};-276.475521886415;47.5111282526887
44618;-92.7738049718333;((((_a3_ + pow2((_a3_ + x))) / (_a3_ / _a1_)) + (_a2_ * x)) * (_a1_ * x));{'d0': {'_a1_': -1.133863532284973, '_a2_': 0.40981030006562774, '_a3_': 0.380733654955421, '_a0_': 1.0, '_a4_': 1.0, '_a5_': 1.0, '_a6_': 1.0, '_a7_': 1.0}};{'d0': 0.024905832919416664};-280.569866449044;47.5111282526887
44619;-92.7738049718333;((((_a3_ + pow2((_a3_ + x))) / (_a3_ / _a1_)) + (_a2_ * x)) * (_a1_ * x));{'d0': {'_a1_': -1.133863532284973, '_a2_': 0.40981030006562774, '_a3_': 0.380733654955421, '_a0_': 1.0, '_a4_': 1.0, '_a5_': 1.0, '_a6_': 1.0, '_a7_': 1.0}};{'d0': 0.024905832919416664};-280.569866449044;47.5111282526887
44620;-92.7738049718333;((((_a3_ + pow2((_a3_ + x))) / (_a3_ / _a1_)) + (_a2_ * x)) * (_a1_ * x));{'d0': {'_a1_': -1.133863532284973, '_a2_': 0.40981030006562774, '_a3_': 0.380733654955421, '_a0_': 1.0, '_a4_': 1.0, '_a5_': 1.0, '_a6_': 1.0, '_a7_': 1.0}};{'d0': 0.024905832919416664};-280.569866449044;47.5111282526887
44621;-92.7738049718333;((((_a3_ + pow2((_a3_ + x))) / (_a3_ / _a1_)) + (_a2_ * x)) * (_a1_ * x));{'d0': {'_a1_': -1.133863532284973, '_a2_': 0.40981030006562774, '_a3_': 0.380733654955421, '_a0_': 1.0, '_a4_': 1.0, '_a5_': 1.0, '_a6_': 1.0, '_a7_': 1.0}};{'d0': 0.024905832919416664};-280.569866449044;47.5111282526887
44622;-92.7738049718333;((((_a3_ + pow2((_a3_ + x))) / (_a3_ / _a1_)) + (_a2_ * x)) * (_a1_ * x));{'d0': {'_a1_': -1.133863532284973, '_a2_': 0.40981030006562774, '_a3_': 0.380733654955421, '_a0_': 1.0, '_a4_': 1.0, '_a5_': 1.0, '_a6_': 1.0, '_a7_': 1.0}};{'d0': 0.024905832919416664};-280.569866449044;47.5111282526887
44623;-92.7738049718333;((((_a3_ + pow2((_a3_ + x))) / (_a3_ / _a1_)) + (_a2_ * x)) * (_a1_ * x));{'d0': {'_a1_': -1.133863532284973, '_a2_': 0.40981030006562774, '_a3_': 0.380733654955421, '_a0_': 1.0, '_a4_': 1.0, '_a5_': 1.0, '_a6_': 1.0, '_a7_': 1.0}};{'d0': 0.024905832919416664};-280.569866449044;47.5111282526887
44624;-92.7738049718333;((((_a3_ + pow2((_a3_ + x))) / (_a3_ / _a1_)) + (_a2_ * x)) * (_a1_ * x));{'d0': {'_a1_': -1.133863532284973, '_a2_': 0.40981030006562774, '_a3_': 0.380733654955421, '_a0_': 1.0, '_a4_': 1.0, '_a5_': 1.0, '_a6_': 1.0, '_a7_': 1.0}};{'d0': 0.024905832919416664};-280.569866449044;47.5111282526887
44625;-92.7738049718333;((((_a3_ + pow2((_a3_ + x))) / (_a3_ / _a1_)) + (_a2_ * x)) * (_a1_ * x));{'d0': {'_a1_': -1.133863532284973, '_a2_': 0.40981030006562774, '_a3_': 0.380733654955421, '_a0_': 1.0, '_a4_': 1.0, '_a5_': 1.0, '_a6_': 1.0, '_a7_': 1.0}};{'d0': 0.024905832919416664};-280.569866449044;47.5111282526887
44626;-92.7738049718333;((((_a3_ + pow2((_a3_ + x))) / (_a3_ / _a1_)) + (_a2_ * x)) * (_a1_ * x));{'d0': {'_a1_': -1.133863532284973, '_a2_': 0.40981030006562774, '_a3_': 0.380733654955421, '_a0_': 1.0, '_a4_': 1.0, '_a5_': 1.0, '_a6_': 1.0, '_a7_': 1.0}};{'d0': 0.024905832919416664};-280.569866449044;47.5111282526887
44627;-92.7738049718333;((((_a3_ + pow2((_a3_ + x))) / (_a3_ / _a1_)) + (_a2_ * x)) * (_a1_ * x));{'d0': {'_a1_': -1.133863532284973, '_a2_': 0.40981030006562774, '_a3_': 0.380733654955421, '_a0_': 1.0, '_a4_': 1.0, '_a5_': 1.0, '_a6_': 1.0, '_a7_': 1.0}};{'d0': 0.024905832919416664};-280.569866449044;47.5111282526887
44628;-92.7738049718333;((((_a3_ + pow2((_a3_ + x))) / (_a3_ / _a1_)) + (_a2_ * x)) * (_a1_ * x));{'d0': {'_a1_': -1.133863532284973, '_a2_': 0.40981030006562774, '_a3_': 0.380733654955421, '_a0_': 1.0, '_a4_': 1.0, '_a5_': 1.0, '_a6_': 1.0, '_a7_': 1.0}};{'d0': 0.024905832919416664};-280.569866449044;47.5111282526887
44629;-92.7738049718334;((((_a2_ + pow2((_a3_ + x))) / (_a3_ / _a1_)) + (_a2_ * x)) * (_a1_ * x));{'d0': {'_a1_': -1.1268662339109132, '_a2_': 0.38427892914765477, '_a3_': 0.3760489872765039, '_a0_': 1.0, '_a4_': 1.0, '_a5_': 1.0, '_a6_': 1.0, '_a7_': 1.0}};{'d0': 0.02490583291941657};-280.569866449044;47.5111282526887
44630;-92.7738049718334;((((_a2_ + pow2((_a3_ + x))) / (_a3_ / _a1_)) + (_a2_ * x)) * (_a1_ * x));{'d0': {'_a1_': -1.1268662339109132, '_a2_': 0.38427892914765477, '_a3_': 0.3760489872765039, '_a0_': 1.0, '_a4_': 1.0, '_a5_': 1.0, '_a6_': 1.0, '_a7_': 1.0}};{'d0': 0.02490583291941657};-280.569866449044;47.5111282526887
44631;-98.6110277799806;((((_a2_ + pow2((_a3_ + x))) / _a2_) + (_a2_ * x)) * (_a1_ * x));{'d0': {'_a1_': 1.6499294389176766, '_a2_': 0.48861305219020174, '_a3_': 0.19255835034326269, '_a0_': 1.0, '_a4_': 1.0, '_a5_': 1.0, '_a6_': 1.0, '_a7_': 1.0}};{'d0': 0.02490583291941654};-280.569866449044;41.673905444541504
44632;-98.6110277799806;((((_a2_ + pow2((_a3_ + x))) / _a2_) + (_a2_ * x)) * (_a1_ * x));{'d0': {'_a1_': 1.6499294389176766, '_a2_': 0.48861305219020174, '_a3_': 0.19255835034326269, '_a0_': 1.0, '_a4_': 1.0, '_a5_': 1.0, '_a6_': 1.0, '_a7_': 1.0}};{'d0': 0.02490583291941654};-280.569866449044;41.673905444541504
44633;-98.6110277799806;((((_a2_ + pow2((_a3_ + x))) / _a2_) + (_a2_ * x)) * (_a1_ * x));{'d0': {'_a1_': 1.6499294389176766, '_a2_': 0.48861305219020174, '_a3_': 0.19255835034326269, '_a0_': 1.0, '_a4_': 1.0, '_a5_': 1.0, '_a6_': 1.0, '_a7_': 1.0}};{'d0': 0.02490583291941654};-280.569866449044;41.673905444541504
44634;-98.6110277799806;((((_a2_ + pow2((_a3_ + x))) / _a2_) + (_a2_ * x)) * (_a1_ * x));{'d0': {'_a1_': 1.6499294389176766, '_a2_': 0.48861305219020174, '_a3_': 0.19255835034326269, '_a0_': 1.0, '_a4_': 1.0, '_a5_': 1.0, '_a6_': 1.0, '_a7_': 1.0}};{'d0': 0.02490583291941654};-280.569866449044;41.673905444541504
44635;-98.6110277799806;((((_a2_ + pow2((_a3_ + x))) / _a2_) + (_a2_ * x)) * (_a1_ * x));{'d0': {'_a1_': 1.6499294389176766, '_a2_': 0.48861305219020174, '_a3_': 0.19255835034326269, '_a0_': 1.0, '_a4_': 1.0, '_a5_': 1.0, '_a6_': 1.0, '_a7_': 1.0}};{'d0': 0.02490583291941654};-280.569866449044;41.673905444541504
44636;-98.6110277799806;((((_a2_ + pow2((_a3_ + x))) / _a2_) + (_a2_ * x)) * (_a1_ * x));{'d0': {'_a1_': 1.6499294389176766, '_a2_': 0.48861305219020174, '_a3_': 0.19255835034326269, '_a0_': 1.0, '_a4_': 1.0, '_a5_': 1.0, '_a6_': 1.0, '_a7_': 1.0}};{'d0': 0.02490583291941654};-280.569866449044;41.673905444541504
44637;-98.6110277799806;((((_a2_ + pow2((_a3_ + x))) / _a2_) + (_a2_ * x)) * (_a1_ * x));{'d0': {'_a1_': 1.6499294389176766, '_a2_': 0.48861305219020174, '_a3_': 0.19255835034326269, '_a0_': 1.0, '_a4_': 1.0, '_a5_': 1.0, '_a6_': 1.0, '_a7_': 1.0}};{'d0': 0.02490583291941654};-280.569866449044;41.673905444541504
44638;-98.6110277799806;((((_a2_ + pow2((_a3_ + x))) / _a2_) + (_a2_ * x)) * (_a1_ * x));{'d0': {'_a1_': 1.6499294389176766, '_a2_': 0.48861305219020174, '_a3_': 0.19255835034326269, '_a0_': 1.0, '_a4_': 1.0, '_a5_': 1.0, '_a6_': 1.0, '_a7_': 1.0}};{'d0': 0.02490583291941654};-280.569866449044;41.673905444541504
44639;-98.6110277799806;((((_a2_ + pow2((_a3_ + x))) / _a2_) + (_a2_ * x)) * (_a1_ * x));{'d0': {'_a1_': 1.6499294389176766, '_a2_': 0.48861305219020174, '_a3_': 0.19255835034326269, '_a0_': 1.0, '_a4_': 1.0, '_a5_': 1.0, '_a6_': 1.0, '_a7_': 1.0}};{'d0': 0.02490583291941654};-280.569866449044;41.673905444541504
44640;-98.6110277799806;((((_a2_ + pow2((_a3_ + x))) / _a2_) + (x * x)) * (_a1_ * x));{'d0': {'_a1_': 1.2527825132042165, '_a2_': 0.5898282841163768, '_a3_': 0.4959146721595115, '_a0_': 1.0, '_a4_': 1.0, '_a5_': 1.0, '_a6_': 1.0, '_a7_': 1.0}};{'d0': 0.024905832919416605};-280.569866449044;41.673905444541504
44641;-98.6110277799806;((((_a2_ + pow2((_a3_ + x))) / _a2_) + (x * x)) * (_a1_ * x));{'d0': {'_a1_': 1.2527825132042165, '_a2_': 0.5898282841163768, '_a3_': 0.4959146721595115, '_a0_': 1.0, '_a4_': 1.0, '_a5_': 1.0, '_a6_': 1.0, '_a7_': 1.0}};{'d0': 0.024905832919416605};-280.569866449044;41.673905444541504
44642;-98.6110277799806;((((_a2_ + pow2((_a3_ + x))) / _a1_) + (x * x)) * (_a1_ * x));{'d0': {'_a1_': 2.3767608818371824, '_a2_': 0.6656691602183951, '_a3_': 1.0533120352076017, '_a0_': 1.0, '_a4_': 1.0, '_a5_': 1.0, '_a6_': 1.0, '_a7_': 1.0}};{'d0': 0.02490583291941661};-280.569866449044;41.673905444541504
44643;-98.6110277799806;((((_a2_ + pow2((_a3_ + x))) / _a1_) + (x * x)) * (_a1_ * x));{'d0': {'_a1_': 2.3767608818371824, '_a2_': 0.6656691602183951, '_a3_': 1.0533120352076017, '_a0_': 1.0, '_a4_': 1.0, '_a5_': 1.0, '_a6_': 1.0, '_a7_': 1.0}};{'d0': 0.02490583291941661};-280.569866449044;41.673905444541504
44644;-98.6110277799806;((((_a2_ + pow2((_a3_ + x))) / _a1_) + (x * x)) * (_a1_ * x));{'d0': {'_a1_': 2.3767608818371824, '_a2_': 0.6656691602183951, '_a3_': 1.0533120352076017, '_a0_': 1.0, '_a4_': 1.0, '_a5_': 1.0, '_a6_': 1.0, '_a7_': 1.0}};{'d0': 0.02490583291941661};-280.569866449044;41.673905444541504
44645;-98.6110277799806;((((_a2_ + pow2((_a3_ + x))) / _a1_) + (x * x)) * (_a1_ * x));{'d0': {'_a1_': 2.3767608818371824, '_a2_': 0.6656691602183951, '_a3_': 1.0533120352076017, '_a0_': 1.0, '_a4_': 1.0, '_a5_': 1.0, '_a6_': 1.0, '_a7_': 1.0}};{'d0': 0.02490583291941661};-280.569866449044;41.673905444541504
44646;-98.6110277799806;((((_a2_ + pow2((_a3_ + x))) / _a1_) + (x * x)) * (_a1_ * x));{'d0': {'_a1_': 2.3767608818371824, '_a2_': 0.6656691602183951, '_a3_': 1.0533120352076017, '_a0_': 1.0, '_a4_': 1.0, '_a5_': 1.0, '_a6_': 1.0, '_a7_': 1.0}};{'d0': 0.02490583291941661};-280.569866449044;41.673905444541504
44647;-98.6110277799806;((((_a2_ + pow2((_a3_ + x))) / _a1_) + (x * x)) * (_a1_ * x));{'d0': {'_a1_': 2.3767608818371824, '_a2_': 0.6656691602183951, '_a3_': 1.0533120352076017, '_a0_': 1.0, '_a4_': 1.0, '_a5_': 1.0, '_a6_': 1.0, '_a7_': 1.0}};{'d0': 0.02490583291941661};-280.569866449044;41.673905444541504
44648;-98.6110277799806;((((_a2_ + pow2((_a3_ + x))) / _a1_) + (x * x)) * (_a1_ * x));{'d0': {'_a1_': 2.3767608818371824, '_a2_': 0.6656691602183951, '_a3_': 1.0533120352076017, '_a0_': 1.0, '_a4_': 1.0, '_a5_': 1.0, '_a6_': 1.0, '_a7_': 1.0}};{'d0': 0.02490583291941661};-280.569866449044;41.673905444541504
44649;-98.6110277799806;((((_a2_ + pow2((_a3_ + x))) / _a1_) + (x * x)) * (_a1_ * x));{'d0': {'_a1_': 2.3767608818371824, '_a2_': 0.6656691602183951, '_a3_': 1.0533120352076017, '_a0_': 1.0, '_a4_': 1.0, '_a5_': 1.0, '_a6_': 1.0, '_a7_': 1.0}};{'d0': 0.02490583291941661};-280.569866449044;41.673905444541504
44650;-94.3596960157092;((_a1_ + (pow2(((_a5_ + x) * (cosh(_a5_) * _a7_))) * _a2_)) * x);{'d0': {'_a1_': 1.4465760888861698, '_a2_': 4.409022091641056, '_a5_': 0.3119297076034557, '_a7_': -0.8342270928563082, '_a0_': 1.0, '_a3_': 1.0, '_a4_': 1.0, '_a6_': 1.0}};{'d0': 0.02490583294444425};-276.475521826528;43.878064897554886
44651;-98.6110277799806;((((_a2_ + pow2((_a3_ + x))) / _a1_) + (x * x)) * (_a1_ * x));{'d0': {'_a1_': 2.3767608818371824, '_a2_': 0.6656691602183951, '_a3_': 1.0533120352076017, '_a0_': 1.0, '_a4_': 1.0, '_a5_': 1.0, '_a6_': 1.0, '_a7_': 1.0}};{'d0': 0.02490583291941661};-280.569866449044;41.673905444541504
44652;-98.6110277799806;((((_a2_ + pow2((_a3_ + x))) / _a1_) + (x * x)) * (_a1_ * x));{'d0': {'_a1_': 2.3767608818371824, '_a2_': 0.6656691602183951, '_a3_': 1.0533120352076017, '_a0_': 1.0, '_a4_': 1.0, '_a5_': 1.0, '_a6_': 1.0, '_a7_': 1.0}};{'d0': 0.02490583291941661};-280.569866449044;41.673905444541504
44653;-98.6110277799806;((((_a2_ + pow2((_a3_ + x))) / _a1_) + (x * x)) * (_a1_ * x));{'d0': {'_a1_': 2.3767608818371824, '_a2_': 0.6656691602183951, '_a3_': 1.0533120352076017, '_a0_': 1.0, '_a4_': 1.0, '_a5_': 1.0, '_a6_': 1.0, '_a7_': 1.0}};{'d0': 0.02490583291941661};-280.569866449044;41.673905444541504
44654;-98.6110277799806;((((_a2_ + pow2((_a3_ + x))) / _a1_) + (x * x)) * (_a1_ * x));{'d0': {'_a1_': 2.3767608818371824, '_a2_': 0.6656691602183951, '_a3_': 1.0533120352076017, '_a0_': 1.0, '_a4_': 1.0, '_a5_': 1.0, '_a6_': 1.0, '_a7_': 1.0}};{'d0': 0.02490583291941661};-280.569866449044;41.673905444541504
44655;-98.6110277799806;((((_a2_ + pow2((_a3_ + x))) / _a1_) + (x * x)) * (_a1_ * x));{'d0': {'_a1_': 2.3767608818371824, '_a2_': 0.6656691602183951, '_a3_': 1.0533120352076017, '_a0_': 1.0, '_a4_': 1.0, '_a5_': 1.0, '_a6_': 1.0, '_a7_': 1.0}};{'d0': 0.02490583291941661};-280.569866449044;41.673905444541504
44656;-98.6110277799806;((((_a2_ + pow2((_a3_ + x))) / _a1_) + (x * x)) * (_a1_ * x));{'d0': {'_a1_': 2.3767608818371824, '_a2_': 0.6656691602183951, '_a3_': 1.0533120352076017, '_a0_': 1.0, '_a4_': 1.0, '_a5_': 1.0, '_a6_': 1.0, '_a7_': 1.0}};{'d0': 0.02490583291941661};-280.569866449044;41.673905444541504
44657;-98.6110277799806;((((_a2_ + pow2((_a3_ + x))) / _a1_) + (x * x)) * (_a1_ * x));{'d0': {'_a1_': 2.3767608818371824, '_a2_': 0.6656691602183951, '_a3_': 1.0533120352076017, '_a0_': 1.0, '_a4_': 1.0, '_a5_': 1.0, '_a6_': 1.0, '_a7_': 1.0}};{'d0': 0.02490583291941661};-280.569866449044;41.673905444541504
44658;-98.6110277799806;((((_a2_ + pow2((_a3_ + x))) / _a1_) + (x * x)) * (_a1_ * x));{'d0': {'_a1_': 2.3767608818371824, '_a2_': 0.6656691602183951, '_a3_': 1.0533120352076017, '_a0_': 1.0, '_a4_': 1.0, '_a5_': 1.0, '_a6_': 1.0, '_a7_': 1.0}};{'d0': 0.02490583291941661};-280.569866449044;41.673905444541504
44659;-98.6110277799806;((((_a2_ + pow2((_a3_ + x))) / _a1_) + (x * x)) * (_a1_ * x));{'d0': {'_a1_': 2.3767608818371824, '_a2_': 0.6656691602183951, '_a3_': 1.0533120352076017, '_a0_': 1.0, '_a4_': 1.0, '_a5_': 1.0, '_a6_': 1.0, '_a7_': 1.0}};{'d0': 0.02490583291941661};-280.569866449044;41.673905444541504
44660;-95.9942911958786;((((_a2_ + pow2((_a3_ + x))) ** _a1_) + (x * x)) * (_a1_ * x));{'d0': {'_a1_': 1.36096708784218, '_a2_': 0.9290336738931697, '_a3_': 0.5124204156803929, '_a0_': 1.0, '_a4_': 1.0, '_a5_': 1.0, '_a6_': 1.0, '_a7_': 1.0}};{'d0': 0.026404946586715848};-277.062906440235;42.5371620242391
44661;-95.9942911958786;((((_a2_ + pow2((_a3_ + x))) ** _a1_) + (x * x)) * (_a1_ * x));{'d0': {'_a1_': 1.36096708784218, '_a2_': 0.9290336738931697, '_a3_': 0.5124204156803929, '_a0_': 1.0, '_a4_': 1.0, '_a5_': 1.0, '_a6_': 1.0, '_a7_': 1.0}};{'d0': 0.026404946586715848};-277.062906440235;42.5371620242391
44662;-95.9942911958786;((((_a2_ + pow2((_a3_ + x))) ** _a1_) + (x * x)) * (_a1_ * x));{'d0': {'_a1_': 1.36096708784218, '_a2_': 0.9290336738931697, '_a3_': 0.5124204156803929, '_a0_': 1.0, '_a4_': 1.0, '_a5_': 1.0, '_a6_': 1.0, '_a7_': 1.0}};{'d0': 0.026404946586715848};-277.062906440235;42.5371620242391
44663;-95.9942911958786;((((_a2_ + pow2((_a3_ + x))) ** _a1_) + (x * x)) * (_a1_ * x));{'d0': {'_a1_': 1.36096708784218, '_a2_': 0.9290336738931697, '_a3_': 0.5124204156803929, '_a0_': 1.0, '_a4_': 1.0, '_a5_': 1.0, '_a6_': 1.0, '_a7_': 1.0}};{'d0': 0.026404946586715848};-277.062906440235;42.5371620242391
44664;-95.9942911958786;((((_a2_ + pow2((_a3_ + x))) ** _a1_) + (x * x)) * (_a1_ * x));{'d0': {'_a1_': 1.36096708784218, '_a2_': 0.9290336738931697, '_a3_': 0.5124204156803929, '_a0_': 1.0, '_a4_': 1.0, '_a5_': 1.0, '_a6_': 1.0, '_a7_': 1.0}};{'d0': 0.026404946586715848};-277.062906440235;42.5371620242391
44665;-95.9942911958786;((((_a2_ + pow2((_a3_ + x))) ** _a1_) + (x * x)) * (_a1_ * x));{'d0': {'_a1_': 1.36096708784218, '_a2_': 0.9290336738931697, '_a3_': 0.5124204156803929, '_a0_': 1.0, '_a4_': 1.0, '_a5_': 1.0, '_a6_': 1.0, '_a7_': 1.0}};{'d0': 0.026404946586715848};-277.062906440235;42.5371620242391
44666;-95.9942911958786;((((_a2_ + pow2((_a3_ + x))) ** _a1_) + (x * x)) * (_a1_ * x));{'d0': {'_a1_': 1.36096708784218, '_a2_': 0.9290336738931697, '_a3_': 0.5124204156803929, '_a0_': 1.0, '_a4_': 1.0, '_a5_': 1.0, '_a6_': 1.0, '_a7_': 1.0}};{'d0': 0.026404946586715848};-277.062906440235;42.5371620242391
44667;-95.9942911958786;((((_a2_ + pow2((_a3_ + x))) ** _a1_) + (x * x)) * (_a1_ * x));{'d0': {'_a1_': 1.36096708784218, '_a2_': 0.9290336738931697, '_a3_': 0.5124204156803929, '_a0_': 1.0, '_a4_': 1.0, '_a5_': 1.0, '_a6_': 1.0, '_a7_': 1.0}};{'d0': 0.026404946586715848};-277.062906440235;42.5371620242391
44668;-95.9942911958786;((((_a2_ + pow2((_a3_ + x))) ** _a1_) + (x * x)) * (_a1_ * x));{'d0': {'_a1_': 1.36096708784218, '_a2_': 0.9290336738931697, '_a3_': 0.5124204156803929, '_a0_': 1.0, '_a4_': 1.0, '_a5_': 1.0, '_a6_': 1.0, '_a7_': 1.0}};{'d0': 0.026404946586715848};-277.062906440235;42.5371620242391
44669;-100.731372386123;((_a1_ + (pow2(((_a5_ + x) * (_a2_ + -(_a1_)))) * _a2_)) * x);{'d0': {'_a1_': 1.4465760893745911, '_a2_': 2.5886915288884818, '_a5_': 0.31192970775009865, '_a0_': 1.0, '_a3_': 1.0, '_a4_': 1.0, '_a6_': 1.0, '_a7_': 1.0}};{'d0': 0.024905832919416643};-280.569866449044;39.55356083839928
44670;-100.731372386123;((_a1_ + (pow2(((_a5_ + x) * (_a2_ + -(_a1_)))) * _a2_)) * x);{'d0': {'_a1_': 1.4465760893745911, '_a2_': 2.5886915288884818, '_a5_': 0.31192970775009865, '_a0_': 1.0, '_a3_': 1.0, '_a4_': 1.0, '_a6_': 1.0, '_a7_': 1.0}};{'d0': 0.024905832919416643};-280.569866449044;39.55356083839928
44671;-100.731372386123;((_a1_ + (pow2(((_a5_ + x) * (_a2_ + -(_a1_)))) * _a2_)) * x);{'d0': {'_a1_': 1.4465760893745911, '_a2_': 2.5886915288884818, '_a5_': 0.31192970775009865, '_a0_': 1.0, '_a3_': 1.0, '_a4_': 1.0, '_a6_': 1.0, '_a7_': 1.0}};{'d0': 0.024905832919416643};-280.569866449044;39.55356083839928
44672;-100.731372386123;((_a1_ + (pow2(((_a5_ + x) * (_a2_ + -(_a1_)))) * _a2_)) * x);{'d0': {'_a1_': 1.4465760893745911, '_a2_': 2.5886915288884818, '_a5_': 0.31192970775009865, '_a0_': 1.0, '_a3_': 1.0, '_a4_': 1.0, '_a6_': 1.0, '_a7_': 1.0}};{'d0': 0.024905832919416643};-280.569866449044;39.55356083839928
44673;-100.731372386123;((_a1_ + (pow2(((_a5_ + x) * (_a2_ + -(_a1_)))) * _a2_)) * x);{'d0': {'_a1_': 1.4465760893745911, '_a2_': 2.5886915288884818, '_a5_': 0.31192970775009865, '_a0_': 1.0, '_a3_': 1.0, '_a4_': 1.0, '_a6_': 1.0, '_a7_': 1.0}};{'d0': 0.024905832919416643};-280.569866449044;39.55356083839928
44674;-100.731372386123;((_a1_ + (pow2(((_a5_ + x) * (_a2_ + -(_a1_)))) * _a2_)) * x);{'d0': {'_a1_': 1.4465760893745911, '_a2_': 2.5886915288884818, '_a5_': 0.31192970775009865, '_a0_': 1.0, '_a3_': 1.0, '_a4_': 1.0, '_a6_': 1.0, '_a7_': 1.0}};{'d0': 0.024905832919416643};-280.569866449044;39.55356083839928
44675;-100.731372386123;((_a1_ + (pow2(((_a5_ + x) * (_a2_ + -(_a1_)))) * _a2_)) * x);{'d0': {'_a1_': 1.4465760893745911, '_a2_': 2.5886915288884818, '_a5_': 0.31192970775009865, '_a0_': 1.0, '_a3_': 1.0, '_a4_': 1.0, '_a6_': 1.0, '_a7_': 1.0}};{'d0': 0.024905832919416643};-280.569866449044;39.55356083839928
44676;-100.731372386123;((_a1_ + (pow2(((_a5_ + x) * (_a2_ + -(_a1_)))) * _a2_)) * x);{'d0': {'_a1_': 1.4465760893745911, '_a2_': 2.5886915288884818, '_a5_': 0.31192970775009865, '_a0_': 1.0, '_a3_': 1.0, '_a4_': 1.0, '_a6_': 1.0, '_a7_': 1.0}};{'d0': 0.024905832919416643};-280.569866449044;39.55356083839928
44677;-100.731372386123;((_a1_ + (pow2(((_a5_ + x) * (_a2_ + -(_a1_)))) * _a2_)) * x);{'d0': {'_a1_': 1.4465760893745911, '_a2_': 2.5886915288884818, '_a5_': 0.31192970775009865, '_a0_': 1.0, '_a3_': 1.0, '_a4_': 1.0, '_a6_': 1.0, '_a7_': 1.0}};{'d0': 0.024905832919416643};-280.569866449044;39.55356083839928
44678;-100.731372386123;((_a1_ + (pow2(((_a5_ + x) * (_a2_ + -(_a1_)))) * _a2_)) * x);{'d0': {'_a1_': 1.4465760893745911, '_a2_': 2.5886915288884818, '_a5_': 0.31192970775009865, '_a0_': 1.0, '_a3_': 1.0, '_a4_': 1.0, '_a6_': 1.0, '_a7_': 1.0}};{'d0': 0.024905832919416643};-280.569866449044;39.55356083839928
44679;-100.731372386123;((_a1_ + (pow2(((_a5_ + x) * (_a2_ + -(_a1_)))) * _a2_)) * x);{'d0': {'_a1_': 1.4465760893745911, '_a2_': 2.5886915288884818, '_a5_': 0.31192970775009865, '_a0_': 1.0, '_a3_': 1.0, '_a4_': 1.0, '_a6_': 1.0, '_a7_': 1.0}};{'d0': 0.024905832919416643};-280.569866449044;39.55356083839928
44680;-100.731372386123;((_a1_ + (pow2(((_a5_ + x) * (_a2_ + -(_a1_)))) * _a2_)) * x);{'d0': {'_a1_': 1.4465760893745911, '_a2_': 2.5886915288884818, '_a5_': 0.31192970775009865, '_a0_': 1.0, '_a3_': 1.0, '_a4_': 1.0, '_a6_': 1.0, '_a7_': 1.0}};{'d0': 0.024905832919416643};-280.569866449044;39.55356083839928
44681;-100.731372386123;((_a1_ + (pow2(((_a5_ + x) * (_a2_ + -(_a1_)))) * _a2_)) * x);{'d0': {'_a1_': 1.4465760893745911, '_a2_': 2.5886915288884818, '_a5_': 0.31192970775009865, '_a0_': 1.0, '_a3_': 1.0, '_a4_': 1.0, '_a6_': 1.0, '_a7_': 1.0}};{'d0': 0.024905832919416643};-280.569866449044;39.55356083839928
44682;-100.731372386123;((_a1_ + (pow2(((_a5_ + x) * (_a2_ + -(_a1_)))) * _a2_)) * x);{'d0': {'_a1_': 1.4465760893745911, '_a2_': 2.5886915288884818, '_a5_': 0.31192970775009865, '_a0_': 1.0, '_a3_': 1.0, '_a4_': 1.0, '_a6_': 1.0, '_a7_': 1.0}};{'d0': 0.024905832919416643};-280.569866449044;39.55356083839928
44683;-100.731372386123;((_a1_ + (pow2(((_a5_ + x) * (_a2_ + -(_a1_)))) * _a2_)) * x);{'d0': {'_a1_': 1.4465760893745911, '_a2_': 2.5886915288884818, '_a5_': 0.31192970775009865, '_a0_': 1.0, '_a3_': 1.0, '_a4_': 1.0, '_a6_': 1.0, '_a7_': 1.0}};{'d0': 0.024905832919416643};-280.569866449044;39.55356083839928
44684;-100.731372386123;((_a1_ + (pow2(((_a5_ + x) * (_a2_ + -(_a1_)))) * _a2_)) * x);{'d0': {'_a1_': 1.4465760893745911, '_a2_': 2.5886915288884818, '_a5_': 0.31192970775009865, '_a0_': 1.0, '_a3_': 1.0, '_a4_': 1.0, '_a6_': 1.0, '_a7_': 1.0}};{'d0': 0.024905832919416643};-280.569866449044;39.55356083839928
44685;-100.731372386123;((_a1_ + (pow2(((_a5_ + x) * (_a2_ + -(_a1_)))) * _a2_)) * x);{'d0': {'_a1_': 1.4465760893745911, '_a2_': 2.5886915288884818, '_a5_': 0.31192970775009865, '_a0_': 1.0, '_a3_': 1.0, '_a4_': 1.0, '_a6_': 1.0, '_a7_': 1.0}};{'d0': 0.024905832919416643};-280.569866449044;39.55356083839928
44686;-100.731372386123;((_a1_ + (pow2(((_a5_ + x) * (_a2_ + -(_a1_)))) * _a2_)) * x);{'d0': {'_a1_': 1.4465760893745911, '_a2_': 2.5886915288884818, '_a5_': 0.31192970775009865, '_a0_': 1.0, '_a3_': 1.0, '_a4_': 1.0, '_a6_': 1.0, '_a7_': 1.0}};{'d0': 0.024905832919416643};-280.569866449044;39.55356083839928
44687;-100.731372386123;((_a1_ + (pow2(((_a5_ + x) * (_a2_ + -(_a1_)))) * _a2_)) * x);{'d0': {'_a1_': 1.4465760893745911, '_a2_': 2.5886915288884818, '_a5_': 0.31192970775009865, '_a0_': 1.0, '_a3_': 1.0, '_a4_': 1.0, '_a6_': 1.0, '_a7_': 1.0}};{'d0': 0.024905832919416643};-280.569866449044;39.55356083839928
44688;-100.731372386123;((_a1_ + (pow2(((_a5_ + x) * (_a2_ + -(_a1_)))) * _a2_)) * x);{'d0': {'_a1_': 1.4465760893745911, '_a2_': 2.5886915288884818, '_a5_': 0.31192970775009865, '_a0_': 1.0, '_a3_': 1.0, '_a4_': 1.0, '_a6_': 1.0, '_a7_': 1.0}};{'d0': 0.024905832919416643};-280.569866449044;39.55356083839928
44689;-100.731372386123;((_a1_ + (pow2(((_a5_ + x) * (_a2_ + -(_a1_)))) * _a2_)) * x);{'d0': {'_a1_': 1.4465760893745911, '_a2_': 2.5886915288884818, '_a5_': 0.31192970775009865, '_a0_': 1.0, '_a3_': 1.0, '_a4_': 1.0, '_a6_': 1.0, '_a7_': 1.0}};{'d0': 0.024905832919416643};-280.569866449044;39.55356083839928
44690;-100.731372386123;((_a1_ + (pow2(((_a5_ + x) * (_a2_ + -(_a1_)))) * _a2_)) * x);{'d0': {'_a1_': 1.4465760893745911, '_a2_': 2.5886915288884818, '_a5_': 0.31192970775009865, '_a0_': 1.0, '_a3_': 1.0, '_a4_': 1.0, '_a6_': 1.0, '_a7_': 1.0}};{'d0': 0.024905832919416643};-280.569866449044;39.55356083839928
44691;-100.731372386123;((_a1_ + (pow2(((_a5_ + x) * (_a2_ + -(_a1_)))) * _a2_)) * x);{'d0': {'_a1_': 1.4465760893745911, '_a2_': 2.5886915288884818, '_a5_': 0.31192970775009865, '_a0_': 1.0, '_a3_': 1.0, '_a4_': 1.0, '_a6_': 1.0, '_a7_': 1.0}};{'d0': 0.024905832919416643};-280.569866449044;39.55356083839928
44692;-100.851681668750;((_a1_ + (pow2(((_a5_ + x) * (_a2_ / -(_a1_)))) * _a2_)) * x);{'d0': {'_a1_': 1.4465760892592876, '_a2_': 1.9189380632306987, '_a5_': 0.3119297078297277, '_a0_': 1.0, '_a3_': 1.0, '_a4_': 1.0, '_a6_': 1.0, '_a7_': 1.0}};{'d0': 0.02490583291941657};-280.569866449044;39.433251555771676
44693;-100.851681668750;((_a1_ + (pow2(((_a5_ + x) * (_a2_ / -(_a1_)))) * _a2_)) * x);{'d0': {'_a1_': 1.4465760892592876, '_a2_': 1.9189380632306987, '_a5_': 0.3119297078297277, '_a0_': 1.0, '_a3_': 1.0, '_a4_': 1.0, '_a6_': 1.0, '_a7_': 1.0}};{'d0': 0.02490583291941657};-280.569866449044;39.433251555771676
44694;-100.851681668750;((_a1_ + (pow2(((_a5_ + x) * (_a2_ / -(_a1_)))) * _a2_)) * x);{'d0': {'_a1_': 1.4465760892592876, '_a2_': 1.9189380632306987, '_a5_': 0.3119297078297277, '_a0_': 1.0, '_a3_': 1.0, '_a4_': 1.0, '_a6_': 1.0, '_a7_': 1.0}};{'d0': 0.02490583291941657};-280.569866449044;39.433251555771676
44695;-100.851681668750;((_a1_ + (pow2(((_a5_ + x) * (_a2_ / -(_a1_)))) * _a2_)) * x);{'d0': {'_a1_': 1.4465760892592876, '_a2_': 1.9189380632306987, '_a5_': 0.3119297078297277, '_a0_': 1.0, '_a3_': 1.0, '_a4_': 1.0, '_a6_': 1.0, '_a7_': 1.0}};{'d0': 0.02490583291941657};-280.569866449044;39.433251555771676
44696;-100.851681668750;((_a1_ + (pow2(((_a5_ + x) * (_a2_ / -(_a1_)))) * _a2_)) * x);{'d0': {'_a1_': 1.4465760892592876, '_a2_': 1.9189380632306987, '_a5_': 0.3119297078297277, '_a0_': 1.0, '_a3_': 1.0, '_a4_': 1.0, '_a6_': 1.0, '_a7_': 1.0}};{'d0': 0.02490583291941657};-280.569866449044;39.433251555771676
44697;-100.851681668750;((_a1_ + (pow2(((_a5_ + x) * (_a2_ / -(_a1_)))) * _a2_)) * x);{'d0': {'_a1_': 1.4465760892592876, '_a2_': 1.9189380632306987, '_a5_': 0.3119297078297277, '_a0_': 1.0, '_a3_': 1.0, '_a4_': 1.0, '_a6_': 1.0, '_a7_': 1.0}};{'d0': 0.02490583291941657};-280.569866449044;39.433251555771676
44698;-100.851681668750;((_a1_ + (pow2(((_a5_ + x) * (_a2_ / -(_a1_)))) * _a2_)) * x);{'d0': {'_a1_': 1.4465760892592876, '_a2_': 1.9189380632306987, '_a5_': 0.3119297078297277, '_a0_': 1.0, '_a3_': 1.0, '_a4_': 1.0, '_a6_': 1.0, '_a7_': 1.0}};{'d0': 0.02490583291941657};-280.569866449044;39.433251555771676
44699;-100.851681668750;((_a1_ + (pow2(((_a5_ + x) * (_a2_ / -(_a1_)))) * _a2_)) * x);{'d0': {'_a1_': 1.4465760892592876, '_a2_': 1.9189380632306987, '_a5_': 0.3119297078297277, '_a0_': 1.0, '_a3_': 1.0, '_a4_': 1.0, '_a6_': 1.0, '_a7_': 1.0}};{'d0': 0.02490583291941657};-280.569866449044;39.433251555771676
44700;-100.851681668750;((_a1_ + (pow2(((_a5_ + x) * (_a2_ / -(_a1_)))) * _a2_)) * x);{'d0': {'_a1_': 1.4465760892592876, '_a2_': 1.9189380632306987, '_a5_': 0.3119297078297277, '_a0_': 1.0, '_a3_': 1.0, '_a4_': 1.0, '_a6_': 1.0, '_a7_': 1.0}};{'d0': 0.02490583291941657};-280.569866449044;39.433251555771676
44701;-89.4845245060230;-((((((_a3_ * _a2_) * _a7_) * _a7_) + ((_a2_ + x) * x)) * ((_a7_ * x) / _a2_)));{'d0': {'_a2_': 0.6238594156723231, '_a3_': 0.18987612451482005, '_a7_': -2.106624071035808, '_a0_': 1.0, '_a1_': 1.0, '_a4_': 1.0, '_a5_': 1.0, '_a6_': 1.0}};{'d0': 0.024905832919416646};-280.569866449044;50.800408718498886
44702;-89.4845245060230;-((((((_a3_ * _a2_) * _a7_) * _a7_) + ((_a2_ + x) * x)) * ((_a7_ * x) / _a2_)));{'d0': {'_a2_': 0.6238594156723231, '_a3_': 0.18987612451482005, '_a7_': -2.106624071035808, '_a0_': 1.0, '_a1_': 1.0, '_a4_': 1.0, '_a5_': 1.0, '_a6_': 1.0}};{'d0': 0.024905832919416646};-280.569866449044;50.800408718498886
44703;-89.4845245060230;-((((((_a3_ * _a2_) * _a7_) * _a7_) + ((_a2_ + x) * x)) * ((_a7_ * x) / _a2_)));{'d0': {'_a2_': 0.6238594156723231, '_a3_': 0.18987612451482005, '_a7_': -2.106624071035808, '_a0_': 1.0, '_a1_': 1.0, '_a4_': 1.0, '_a5_': 1.0, '_a6_': 1.0}};{'d0': 0.024905832919416646};-280.569866449044;50.800408718498886
44704;-89.4845245060230;-((((((_a3_ * _a2_) * _a7_) * _a7_) + ((_a2_ + x) * x)) * ((_a7_ * x) / _a2_)));{'d0': {'_a2_': 0.6238594156723231, '_a3_': 0.18987612451482005, '_a7_': -2.106624071035808, '_a0_': 1.0, '_a1_': 1.0, '_a4_': 1.0, '_a5_': 1.0, '_a6_': 1.0}};{'d0': 0.024905832919416646};-280.569866449044;50.800408718498886
44705;-89.4845245060230;-((((((_a3_ * _a2_) * _a2_) * _a7_) + ((_a2_ + x) * x)) * ((_a7_ * x) / _a2_)));{'d0': {'_a2_': 0.6238594155863958, '_a3_': -0.6411662723271364, '_a7_': -2.106624067461876, '_a0_': 1.0, '_a1_': 1.0, '_a4_': 1.0, '_a5_': 1.0, '_a6_': 1.0}};{'d0': 0.024905832919416646};-280.569866449044;50.800408718498886
44706;-89.4845245060230;-((((((_a3_ * _a2_) * _a2_) * _a7_) + ((_a2_ + x) * x)) * ((_a7_ * x) / _a2_)));{'d0': {'_a2_': 0.6238594155863958, '_a3_': -0.6411662723271364, '_a7_': -2.106624067461876, '_a0_': 1.0, '_a1_': 1.0, '_a4_': 1.0, '_a5_': 1.0, '_a6_': 1.0}};{'d0': 0.024905832919416646};-280.569866449044;50.800408718498886
44707;-89.4845245060230;-((((((_a3_ * _a2_) * _a2_) * _a7_) + ((_a2_ + x) * x)) * ((_a7_ * x) / _a2_)));{'d0': {'_a2_': 0.6238594155863958, '_a3_': -0.6411662723271364, '_a7_': -2.106624067461876, '_a0_': 1.0, '_a1_': 1.0, '_a4_': 1.0, '_a5_': 1.0, '_a6_': 1.0}};{'d0': 0.024905832919416646};-280.569866449044;50.800408718498886
44708;-89.4845245060230;-((((((_a3_ * _a2_) * _a2_) * _a7_) + ((_a2_ + x) * x)) * ((_a7_ * x) / _a2_)));{'d0': {'_a2_': 0.6238594155863958, '_a3_': -0.6411662723271364, '_a7_': -2.106624067461876, '_a0_': 1.0, '_a1_': 1.0, '_a4_': 1.0, '_a5_': 1.0, '_a6_': 1.0}};{'d0': 0.024905832919416646};-280.569866449044;50.800408718498886
44709;-83.6473016978758;-(((((((_a7_ / _a5_) * _a2_) * _a2_) * _a7_) + ((_a2_ + x) * x)) * ((_a7_ * x) / _a2_)));{'d0': {'_a2_': 0.6238594159644154, '_a5_': 3.285612753249758, '_a7_': -2.106624071639793, '_a0_': 1.0, '_a1_': 1.0, '_a3_': 1.0, '_a4_': 1.0, '_a6_': 1.0}};{'d0': 0.02490583291941664};-280.569866449044;56.63763152664609
44710;-83.6473016978758;-(((((((_a7_ / _a5_) * _a2_) * _a2_) * _a7_) + ((_a2_ + x) * x)) * ((_a7_ * x) / _a2_)));{'d0': {'_a2_': 0.6238594159644154, '_a5_': 3.285612753249758, '_a7_': -2.106624071639793, '_a0_': 1.0, '_a1_': 1.0, '_a3_': 1.0, '_a4_': 1.0, '_a6_': 1.0}};{'d0': 0.02490583291941664};-280.569866449044;56.63763152664609
44711;-83.6473016978758;-(((((((_a7_ / _a5_) * _a2_) * _a2_) * _a7_) + ((_a2_ + x) * x)) * ((_a7_ * x) / _a2_)));{'d0': {'_a2_': 0.6238594159644154, '_a5_': 3.285612753249758, '_a7_': -2.106624071639793, '_a0_': 1.0, '_a1_': 1.0, '_a3_': 1.0, '_a4_': 1.0, '_a6_': 1.0}};{'d0': 0.02490583291941664};-280.569866449044;56.63763152664609
44712;-82.8672023460848;-(((((((_a7_ / _a5_) / _a2_) * _a2_) * _a7_) + ((_a2_ + x) * x)) * ((_a7_ * x) / _a2_)));{'d0': {'_a2_': 0.6238594155837848, '_a5_': 8.441952508121066, '_a7_': -2.106624067441921, '_a0_': 1.0, '_a1_': 1.0, '_a3_': 1.0, '_a4_': 1.0, '_a6_': 1.0}};{'d0': 0.024905832919416622};-280.569866449044;57.41773087843709
44713;-82.8672023460848;-(((((((_a7_ / _a5_) / _a2_) * _a2_) * _a7_) + ((_a2_ + x) * x)) * ((_a7_ * x) / _a2_)));{'d0': {'_a2_': 0.6238594155837848, '_a5_': 8.441952508121066, '_a7_': -2.106624067441921, '_a0_': 1.0, '_a1_': 1.0, '_a3_': 1.0, '_a4_': 1.0, '_a6_': 1.0}};{'d0': 0.024905832919416622};-280.569866449044;57.41773087843709
44714;-82.8672023460848;-(((((((_a7_ / _a5_) / _a2_) * _a2_) * _a7_) + ((_a2_ + x) * x)) * ((_a7_ * x) / _a2_)));{'d0': {'_a2_': 0.6238594155837848, '_a5_': 8.441952508121066, '_a7_': -2.106624067441921, '_a0_': 1.0, '_a1_': 1.0, '_a3_': 1.0, '_a4_': 1.0, '_a6_': 1.0}};{'d0': 0.024905832919416622};-280.569866449044;57.41773087843709
44715;-82.8672023460848;-(((((((_a7_ / _a5_) / _a2_) * _a2_) * _a7_) + ((_a2_ + x) * x)) * ((_a7_ * x) / _a2_)));{'d0': {'_a2_': 0.6238594155837848, '_a5_': 8.441952508121066, '_a7_': -2.106624067441921, '_a0_': 1.0, '_a1_': 1.0, '_a3_': 1.0, '_a4_': 1.0, '_a6_': 1.0}};{'d0': 0.024905832919416622};-280.569866449044;57.41773087843709
44716;-82.8672023460848;-(((((((_a7_ / _a5_) / _a2_) * _a2_) * _a7_) + ((_a2_ + x) * x)) * ((_a7_ * x) / _a2_)));{'d0': {'_a2_': 0.6238594155837848, '_a5_': 8.441952508121066, '_a7_': -2.106624067441921, '_a0_': 1.0, '_a1_': 1.0, '_a3_': 1.0, '_a4_': 1.0, '_a6_': 1.0}};{'d0': 0.024905832919416622};-280.569866449044;57.41773087843709
44717;-82.8672023460848;-(((((((_a7_ / _a5_) / _a2_) * _a2_) * _a7_) + ((_a2_ + x) * x)) * ((_a7_ * x) / _a2_)));{'d0': {'_a2_': 0.6238594155837848, '_a5_': 8.441952508121066, '_a7_': -2.106624067441921, '_a0_': 1.0, '_a1_': 1.0, '_a3_': 1.0, '_a4_': 1.0, '_a6_': 1.0}};{'d0': 0.024905832919416622};-280.569866449044;57.41773087843709
44718;-83.6473016978758;-(((((((_a7_ / _a5_) * _a2_) * _a2_) * _a7_) + ((_a2_ + x) * x)) * ((_a7_ * x) / _a2_)));{'d0': {'_a2_': 0.6238594159644154, '_a5_': 3.285612753249758, '_a7_': -2.106624071639793, '_a0_': 1.0, '_a1_': 1.0, '_a3_': 1.0, '_a4_': 1.0, '_a6_': 1.0}};{'d0': 0.02490583291941664};-280.569866449044;56.63763152664609
44719;-83.6473016978758;-(((((((_a7_ / _a5_) * _a2_) * _a2_) * _a7_) + ((_a2_ + x) * x)) * ((_a7_ * x) / _a2_)));{'d0': {'_a2_': 0.6238594159644154, '_a5_': 3.285612753249758, '_a7_': -2.106624071639793, '_a0_': 1.0, '_a1_': 1.0, '_a3_': 1.0, '_a4_': 1.0, '_a6_': 1.0}};{'d0': 0.02490583291941664};-280.569866449044;56.63763152664609
44720;-83.6473016978758;-(((((((_a7_ / _a5_) * _a2_) * _a2_) * _a7_) + ((_a2_ + x) * x)) * ((_a7_ * x) / _a2_)));{'d0': {'_a2_': 0.6238594159644154, '_a5_': 3.285612753249758, '_a7_': -2.106624071639793, '_a0_': 1.0, '_a1_': 1.0, '_a3_': 1.0, '_a4_': 1.0, '_a6_': 1.0}};{'d0': 0.02490583291941664};-280.569866449044;56.63763152664609
44721;-89.4845245060230;-((((((_a3_ * _a2_) * _a2_) * _a7_) + ((_a2_ + x) * x)) * ((_a7_ * x) / _a2_)));{'d0': {'_a2_': 0.6238594155863958, '_a3_': -0.6411662723271364, '_a7_': -2.106624067461876, '_a0_': 1.0, '_a1_': 1.0, '_a4_': 1.0, '_a5_': 1.0, '_a6_': 1.0}};{'d0': 0.024905832919416646};-280.569866449044;50.800408718498886
44722;-89.4845245060230;-((((((_a1_ * _a2_) * _a2_) * _a7_) + ((_a2_ + x) * x)) * ((_a7_ * x) / _a2_)));{'d0': {'_a1_': -0.6411662701486629, '_a2_': 0.6238594158408121, '_a7_': -2.106624070530542, '_a0_': 1.0, '_a3_': 1.0, '_a4_': 1.0, '_a5_': 1.0, '_a6_': 1.0}};{'d0': 0.024905832919416636};-280.569866449044;50.800408718498886
44723;-89.4845245060230;-((((((_a1_ * _a2_) * _a2_) * _a7_) + ((_a2_ + x) * x)) * ((_a7_ * x) / _a2_)));{'d0': {'_a1_': -0.6411662701486629, '_a2_': 0.6238594158408121, '_a7_': -2.106624070530542, '_a0_': 1.0, '_a3_': 1.0, '_a4_': 1.0, '_a5_': 1.0, '_a6_': 1.0}};{'d0': 0.024905832919416636};-280.569866449044;50.800408718498886
44724;-89.4845245060230;-((((((_a1_ * _a2_) * _a2_) * _a7_) + ((_a2_ + x) * x)) * ((_a7_ * x) / _a2_)));{'d0': {'_a1_': -0.6411662701486629, '_a2_': 0.6238594158408121, '_a7_': -2.106624070530542, '_a0_': 1.0, '_a3_': 1.0, '_a4_': 1.0, '_a5_': 1.0, '_a6_': 1.0}};{'d0': 0.024905832919416636};-280.569866449044;50.800408718498886
44725;-89.4845245060230;-((((((_a1_ * _a2_) * _a2_) * _a7_) + ((_a2_ + x) * x)) * ((_a7_ * x) / _a2_)));{'d0': {'_a1_': -0.6411662701486629, '_a2_': 0.6238594158408121, '_a7_': -2.106624070530542, '_a0_': 1.0, '_a3_': 1.0, '_a4_': 1.0, '_a5_': 1.0, '_a6_': 1.0}};{'d0': 0.024905832919416636};-280.569866449044;50.800408718498886
44726;-89.4845245060230;-((((((_a1_ * _a2_) * _a2_) * _a7_) + ((_a2_ + x) * x)) * ((_a7_ * x) / _a2_)));{'d0': {'_a1_': -0.6411662701486629, '_a2_': 0.6238594158408121, '_a7_': -2.106624070530542, '_a0_': 1.0, '_a3_': 1.0, '_a4_': 1.0, '_a5_': 1.0, '_a6_': 1.0}};{'d0': 0.024905832919416636};-280.569866449044;50.800408718498886
44727;-89.4845245060230;-((((((_a1_ * _a2_) * _a2_) * _a7_) + ((_a2_ + x) * x)) * ((_a7_ * x) / _a2_)));{'d0': {'_a1_': -0.6411662701486629, '_a2_': 0.6238594158408121, '_a7_': -2.106624070530542, '_a0_': 1.0, '_a3_': 1.0, '_a4_': 1.0, '_a5_': 1.0, '_a6_': 1.0}};{'d0': 0.024905832919416636};-280.569866449044;50.800408718498886
44728;-89.4845245060230;-((((((_a1_ * _a2_) * _a2_) * _a7_) + ((_a2_ + x) * x)) * ((_a7_ * x) / _a2_)));{'d0': {'_a1_': -0.6411662701486629, '_a2_': 0.6238594158408121, '_a7_': -2.106624070530542, '_a0_': 1.0, '_a3_': 1.0, '_a4_': 1.0, '_a5_': 1.0, '_a6_': 1.0}};{'d0': 0.024905832919416636};-280.569866449044;50.800408718498886
44729;-89.4845245060230;-((((((_a1_ * _a2_) * _a2_) * _a7_) + ((_a2_ + x) * x)) * ((_a7_ * x) / _a2_)));{'d0': {'_a1_': -0.6411662701486629, '_a2_': 0.6238594158408121, '_a7_': -2.106624070530542, '_a0_': 1.0, '_a3_': 1.0, '_a4_': 1.0, '_a5_': 1.0, '_a6_': 1.0}};{'d0': 0.024905832919416636};-280.569866449044;50.800408718498886
44730;-94.5785790041239;-(((((_a1_ * _a2_) * _a7_) + ((_a2_ + x) * x)) * ((_a7_ * x) / _a2_)));{'d0': {'_a1_': -0.39999761555799934, '_a2_': 0.6238594155739934, '_a7_': -2.1066240683099644, '_a0_': 1.0, '_a3_': 1.0, '_a4_': 1.0, '_a5_': 1.0, '_a6_': 1.0}};{'d0': 0.024905832919416674};-280.569866449043;45.706354220397884
44731;-94.5785790041239;-(((((_a1_ * _a2_) * _a7_) + ((_a2_ + x) * x)) * ((_a7_ * x) / _a2_)));{'d0': {'_a1_': -0.39999761555799934, '_a2_': 0.6238594155739934, '_a7_': -2.1066240683099644, '_a0_': 1.0, '_a3_': 1.0, '_a4_': 1.0, '_a5_': 1.0, '_a6_': 1.0}};{'d0': 0.024905832919416674};-280.569866449043;45.706354220397884
44732;-94.5785790041239;-(((((_a1_ * _a2_) * _a7_) + ((_a2_ + x) * x)) * ((_a7_ * x) / _a2_)));{'d0': {'_a1_': -0.39999761555799934, '_a2_': 0.6238594155739934, '_a7_': -2.1066240683099644, '_a0_': 1.0, '_a3_': 1.0, '_a4_': 1.0, '_a5_': 1.0, '_a6_': 1.0}};{'d0': 0.024905832919416674};-280.569866449043;45.706354220397884
44733;-94.5785790041239;-(((((_a1_ * _a2_) * _a7_) + ((_a2_ + x) * x)) * ((_a7_ * x) / _a2_)));{'d0': {'_a1_': -0.39999761555799934, '_a2_': 0.6238594155739934, '_a7_': -2.1066240683099644, '_a0_': 1.0, '_a3_': 1.0, '_a4_': 1.0, '_a5_': 1.0, '_a6_': 1.0}};{'d0': 0.024905832919416674};-280.569866449043;45.706354220397884
44734;-94.5785790041239;-(((((_a1_ * _a2_) * _a7_) + ((_a2_ + x) * x)) * ((_a7_ * x) / _a2_)));{'d0': {'_a1_': -0.39999761555799934, '_a2_': 0.6238594155739934, '_a7_': -2.1066240683099644, '_a0_': 1.0, '_a3_': 1.0, '_a4_': 1.0, '_a5_': 1.0, '_a6_': 1.0}};{'d0': 0.024905832919416674};-280.569866449043;45.706354220397884
44735;-94.5785790041239;-(((((_a1_ * _a2_) * _a7_) + ((_a2_ + x) * x)) * ((_a7_ * x) / _a2_)));{'d0': {'_a1_': -0.39999761555799934, '_a2_': 0.6238594155739934, '_a7_': -2.1066240683099644, '_a0_': 1.0, '_a3_': 1.0, '_a4_': 1.0, '_a5_': 1.0, '_a6_': 1.0}};{'d0': 0.024905832919416674};-280.569866449043;45.706354220397884
44736;-94.5785790041239;-(((((_a1_ * _a2_) * _a7_) + ((_a2_ + x) * x)) * ((_a7_ * x) / _a2_)));{'d0': {'_a1_': -0.39999761555799934, '_a2_': 0.6238594155739934, '_a7_': -2.1066240683099644, '_a0_': 1.0, '_a3_': 1.0, '_a4_': 1.0, '_a5_': 1.0, '_a6_': 1.0}};{'d0': 0.024905832919416674};-280.569866449043;45.706354220397884
44737;-94.5785790041239;-(((((_a1_ * _a2_) * _a7_) + ((_a2_ + x) * x)) * ((_a7_ * x) / _a2_)));{'d0': {'_a1_': -0.39999761555799934, '_a2_': 0.6238594155739934, '_a7_': -2.1066240683099644, '_a0_': 1.0, '_a3_': 1.0, '_a4_': 1.0, '_a5_': 1.0, '_a6_': 1.0}};{'d0': 0.024905832919416674};-280.569866449043;45.706354220397884
44738;-94.5785790041239;-(((((_a1_ * _a2_) * _a7_) + ((_a2_ + x) * x)) * ((_a7_ * x) / _a2_)));{'d0': {'_a1_': -0.39999761555799934, '_a2_': 0.6238594155739934, '_a7_': -2.1066240683099644, '_a0_': 1.0, '_a3_': 1.0, '_a4_': 1.0, '_a5_': 1.0, '_a6_': 1.0}};{'d0': 0.024905832919416674};-280.569866449043;45.706354220397884
44739;-94.5785790041239;-(((((_a1_ * _a2_) * _a7_) + ((_a2_ + x) * x)) * ((_a7_ * x) / _a2_)));{'d0': {'_a1_': -0.39999761555799934, '_a2_': 0.6238594155739934, '_a7_': -2.1066240683099644, '_a0_': 1.0, '_a3_': 1.0, '_a4_': 1.0, '_a5_': 1.0, '_a6_': 1.0}};{'d0': 0.024905832919416674};-280.569866449043;45.706354220397884
44740;-94.5785790041239;-(((((_a1_ * _a2_) * _a7_) + ((_a2_ + x) * x)) * ((_a7_ * x) / _a2_)));{'d0': {'_a1_': -0.39999761555799934, '_a2_': 0.6238594155739934, '_a7_': -2.1066240683099644, '_a0_': 1.0, '_a3_': 1.0, '_a4_': 1.0, '_a5_': 1.0, '_a6_': 1.0}};{'d0': 0.024905832919416674};-280.569866449043;45.706354220397884
44741;-82.7588593592209;((_a2_ / _a5_) + (((x * _a5_) / _a3_) * (x + ((pow2((_a6_ + x)) * _a3_) + _a0_))));{'d0': {'_a0_': -0.10793361001143037, '_a2_': 2.3909042173517326e-17, '_a3_': -1.3976381192368101, '_a5_': 3.3767608845832777, '_a6_': 0.6696760077062264, '_a1_': 1.0, '_a4_': 1.0, '_a7_': 1.0}};{'d0': 0.024905832920545826};-272.381177321879;53.43172930171873
44742;-82.7588593592209;((_a2_ / _a5_) + (((x * _a5_) / _a3_) * (x + ((pow2((_a6_ + x)) * _a3_) + _a0_))));{'d0': {'_a0_': -0.10793361001143037, '_a2_': 2.3909042173517326e-17, '_a3_': -1.3976381192368101, '_a5_': 3.3767608845832777, '_a6_': 0.6696760077062264, '_a1_': 1.0, '_a4_': 1.0, '_a7_': 1.0}};{'d0': 0.024905832920545826};-272.381177321879;53.43172930171873
44743;-82.7588593592209;((_a2_ / _a5_) + (((x * _a5_) / _a3_) * (x + ((pow2((_a6_ + x)) * _a3_) + _a0_))));{'d0': {'_a0_': -0.10793361001143037, '_a2_': 2.3909042173517326e-17, '_a3_': -1.3976381192368101, '_a5_': 3.3767608845832777, '_a6_': 0.6696760077062264, '_a1_': 1.0, '_a4_': 1.0, '_a7_': 1.0}};{'d0': 0.024905832920545826};-272.381177321879;53.43172930171873
44744;-82.7588593592209;((_a2_ / _a5_) + (((x * _a5_) / _a3_) * (x + ((pow2((_a6_ + x)) * _a3_) + _a0_))));{'d0': {'_a0_': -0.10793361001143037, '_a2_': 2.3909042173517326e-17, '_a3_': -1.3976381192368101, '_a5_': 3.3767608845832777, '_a6_': 0.6696760077062264, '_a1_': 1.0, '_a4_': 1.0, '_a7_': 1.0}};{'d0': 0.024905832920545826};-272.381177321879;53.43172930171873
44745;-82.7588593592209;((_a2_ / _a5_) + (((x * _a5_) / _a3_) * (x + ((pow2((_a6_ + x)) * _a3_) + _a0_))));{'d0': {'_a0_': -0.10793361001143037, '_a2_': 2.3909042173517326e-17, '_a3_': -1.3976381192368101, '_a5_': 3.3767608845832777, '_a6_': 0.6696760077062264, '_a1_': 1.0, '_a4_': 1.0, '_a7_': 1.0}};{'d0': 0.024905832920545826};-272.381177321879;53.43172930171873
44746;-82.7588593592209;((_a2_ / _a5_) + (((x * _a5_) / _a3_) * (x + ((pow2((_a6_ + x)) * _a3_) + _a0_))));{'d0': {'_a0_': -0.10793361001143037, '_a2_': 2.3909042173517326e-17, '_a3_': -1.3976381192368101, '_a5_': 3.3767608845832777, '_a6_': 0.6696760077062264, '_a1_': 1.0, '_a4_': 1.0, '_a7_': 1.0}};{'d0': 0.024905832920545826};-272.381177321879;53.43172930171873
44747;-82.7588593592209;((_a2_ / _a5_) + (((x * _a5_) / _a3_) * (x + ((pow2((_a6_ + x)) * _a3_) + _a0_))));{'d0': {'_a0_': -0.10793361001143037, '_a2_': 2.3909042173517326e-17, '_a3_': -1.3976381192368101, '_a5_': 3.3767608845832777, '_a6_': 0.6696760077062264, '_a1_': 1.0, '_a4_': 1.0, '_a7_': 1.0}};{'d0': 0.024905832920545826};-272.381177321879;53.43172930171873
44748;-82.7588593592209;((_a2_ / _a5_) + (((x * _a5_) / _a3_) * (x + ((pow2((_a6_ + x)) * _a3_) + _a0_))));{'d0': {'_a0_': -0.10793361001143037, '_a2_': 2.3909042173517326e-17, '_a3_': -1.3976381192368101, '_a5_': 3.3767608845832777, '_a6_': 0.6696760077062264, '_a1_': 1.0, '_a4_': 1.0, '_a7_': 1.0}};{'d0': 0.024905832920545826};-272.381177321879;53.43172930171873
44749;-82.7588593592209;((_a2_ / _a5_) + (((x * _a5_) / _a3_) * (x + ((pow2((_a6_ + x)) * _a3_) + _a0_))));{'d0': {'_a0_': -0.10793361001143037, '_a2_': 2.3909042173517326e-17, '_a3_': -1.3976381192368101, '_a5_': 3.3767608845832777, '_a6_': 0.6696760077062264, '_a1_': 1.0, '_a4_': 1.0, '_a7_': 1.0}};{'d0': 0.024905832920545826};-272.381177321879;53.43172930171873
44750;-82.7588593592209;((_a2_ / _a5_) + (((x * _a5_) / _a3_) * (x + ((pow2((_a6_ + x)) * _a3_) + _a0_))));{'d0': {'_a0_': -0.10793361001143037, '_a2_': 2.3909042173517326e-17, '_a3_': -1.3976381192368101, '_a5_': 3.3767608845832777, '_a6_': 0.6696760077062264, '_a1_': 1.0, '_a4_': 1.0, '_a7_': 1.0}};{'d0': 0.024905832920545826};-272.381177321879;53.43172930171873
44751;-82.7588593592209;((_a2_ / _a5_) + (((x * _a5_) / _a3_) * (x + ((pow2((_a6_ + x)) * _a3_) + _a0_))));{'d0': {'_a0_': -0.10793361001143037, '_a2_': 2.3909042173517326e-17, '_a3_': -1.3976381192368101, '_a5_': 3.3767608845832777, '_a6_': 0.6696760077062264, '_a1_': 1.0, '_a4_': 1.0, '_a7_': 1.0}};{'d0': 0.024905832920545826};-272.381177321879;53.43172930171873
44752;-82.7588593592209;((_a2_ / _a5_) + (((x * _a5_) / _a3_) * (x + ((pow2((_a6_ + x)) * _a3_) + _a0_))));{'d0': {'_a0_': -0.10793361001143037, '_a2_': 2.3909042173517326e-17, '_a3_': -1.3976381192368101, '_a5_': 3.3767608845832777, '_a6_': 0.6696760077062264, '_a1_': 1.0, '_a4_': 1.0, '_a7_': 1.0}};{'d0': 0.024905832920545826};-272.381177321879;53.43172930171873
44753;-82.7588593592209;((_a2_ / _a5_) + (((x * _a5_) / _a3_) * (x + ((pow2((_a6_ + x)) * _a3_) + _a0_))));{'d0': {'_a0_': -0.10793361001143037, '_a2_': 2.3909042173517326e-17, '_a3_': -1.3976381192368101, '_a5_': 3.3767608845832777, '_a6_': 0.6696760077062264, '_a1_': 1.0, '_a4_': 1.0, '_a7_': 1.0}};{'d0': 0.024905832920545826};-272.381177321879;53.43172930171873
44754;-82.7588593592209;((_a2_ / _a5_) + (((x * _a5_) / _a3_) * (x + ((pow2((_a6_ + x)) * _a3_) + _a0_))));{'d0': {'_a0_': -0.10793361001143037, '_a2_': 2.3909042173517326e-17, '_a3_': -1.3976381192368101, '_a5_': 3.3767608845832777, '_a6_': 0.6696760077062264, '_a1_': 1.0, '_a4_': 1.0, '_a7_': 1.0}};{'d0': 0.024905832920545826};-272.381177321879;53.43172930171873
44755;-95.2848162724254;-(((((_a1_ * _a2_) * _a7_) + ((_a2_ + x) * x)) * ((_a7_ * x) * _a2_)));{'d0': {'_a1_': -0.1556793002179936, '_a2_': 0.6238594158571211, '_a7_': -5.412695220342869, '_a0_': 1.0, '_a3_': 1.0, '_a4_': 1.0, '_a5_': 1.0, '_a6_': 1.0}};{'d0': 0.024905832919416615};-280.569866449044;45.000116952096484
44756;-95.2848162724254;-(((((_a1_ * _a2_) * _a7_) + ((_a2_ + x) * x)) * ((_a7_ * x) * _a2_)));{'d0': {'_a1_': -0.1556793002179936, '_a2_': 0.6238594158571211, '_a7_': -5.412695220342869, '_a0_': 1.0, '_a3_': 1.0, '_a4_': 1.0, '_a5_': 1.0, '_a6_': 1.0}};{'d0': 0.024905832919416615};-280.569866449044;45.000116952096484
44757;-94.4582697214963;-(((((_a1_ + _a2_) * _a7_) + ((_a2_ + x) * x)) * ((_a7_ * x) * _a2_)));{'d0': {'_a1_': -0.7209814126752695, '_a2_': 0.6238594154638464, '_a7_': -5.412695223219107, '_a0_': 1.0, '_a3_': 1.0, '_a4_': 1.0, '_a5_': 1.0, '_a6_': 1.0}};{'d0': 0.02490583291941665};-280.569866449044;45.826663503025486
44758;-94.4582697214963;-(((((_a1_ + _a2_) * _a7_) + ((_a2_ + x) * x)) * ((_a7_ * x) * _a2_)));{'d0': {'_a1_': -0.7209814126752695, '_a2_': 0.6238594154638464, '_a7_': -5.412695223219107, '_a0_': 1.0, '_a3_': 1.0, '_a4_': 1.0, '_a5_': 1.0, '_a6_': 1.0}};{'d0': 0.02490583291941665};-280.569866449044;45.826663503025486
44759;-94.4582697214963;-(((((_a1_ + _a2_) * _a7_) + ((_a2_ + x) * x)) * ((_a7_ * x) * _a2_)));{'d0': {'_a1_': -0.7209814126752695, '_a2_': 0.6238594154638464, '_a7_': -5.412695223219107, '_a0_': 1.0, '_a3_': 1.0, '_a4_': 1.0, '_a5_': 1.0, '_a6_': 1.0}};{'d0': 0.02490583291941665};-280.569866449044;45.826663503025486
44760;-94.4582697214963;-(((((_a1_ + _a2_) * _a7_) + ((_a2_ + x) * x)) * ((_a7_ * x) * _a2_)));{'d0': {'_a1_': -0.7209814126752695, '_a2_': 0.6238594154638464, '_a7_': -5.412695223219107, '_a0_': 1.0, '_a3_': 1.0, '_a4_': 1.0, '_a5_': 1.0, '_a6_': 1.0}};{'d0': 0.02490583291941665};-280.569866449044;45.826663503025486
44761;-94.4582697214966;-(((((_a1_ + x) * _a7_) + ((_a2_ + x) * x)) * ((_a7_ * x) * _a2_)));{'d0': {'_a1_': -0.3387290493275014, '_a2_': 2.1758130249223853, '_a7_': -1.5519536092901027, '_a0_': 1.0, '_a3_': 1.0, '_a4_': 1.0, '_a5_': 1.0, '_a6_': 1.0}};{'d0': 0.024905832919416473};-280.569866449044;45.826663503025486
44762;-100.378870770526;-((((_a6_ * _a7_) + ((_a2_ + x) * x)) * ((_a7_ * x) * _a2_)));{'d0': {'_a2_': 0.623859415603041, '_a6_': -0.0971219971965675, '_a7_': -5.412695223208281, '_a0_': 1.0, '_a1_': 1.0, '_a3_': 1.0, '_a4_': 1.0, '_a5_': 1.0}};{'d0': 0.02490583291941662};-280.569866449044;39.90606245399549
44763;-100.378870770526;-((((_a6_ * _a7_) + ((_a2_ + x) * x)) * ((_a7_ * x) * _a2_)));{'d0': {'_a2_': 0.623859415603041, '_a6_': -0.0971219971965675, '_a7_': -5.412695223208281, '_a0_': 1.0, '_a1_': 1.0, '_a3_': 1.0, '_a4_': 1.0, '_a5_': 1.0}};{'d0': 0.02490583291941662};-280.569866449044;39.90606245399549
44764;-100.378870770526;-((((_a6_ * _a7_) + ((_a2_ + x) * x)) * ((_a7_ * x) * _a2_)));{'d0': {'_a2_': 0.623859415603041, '_a6_': -0.0971219971965675, '_a7_': -5.412695223208281, '_a0_': 1.0, '_a1_': 1.0, '_a3_': 1.0, '_a4_': 1.0, '_a5_': 1.0}};{'d0': 0.02490583291941662};-280.569866449044;39.90606245399549
44765;-100.378870770526;-((((_a6_ * _a7_) + ((_a2_ + x) * x)) * ((_a7_ * x) * _a2_)));{'d0': {'_a2_': 0.623859415603041, '_a6_': -0.0971219971965675, '_a7_': -5.412695223208281, '_a0_': 1.0, '_a1_': 1.0, '_a3_': 1.0, '_a4_': 1.0, '_a5_': 1.0}};{'d0': 0.02490583291941662};-280.569866449044;39.90606245399549
44766;-100.378870770526;-((((_a6_ * _a7_) + ((_a2_ + x) * x)) * ((_a7_ * x) * _a2_)));{'d0': {'_a2_': 0.623859415603041, '_a6_': -0.0971219971965675, '_a7_': -5.412695223208281, '_a0_': 1.0, '_a1_': 1.0, '_a3_': 1.0, '_a4_': 1.0, '_a5_': 1.0}};{'d0': 0.02490583291941662};-280.569866449044;39.90606245399549
44767;-100.378870770526;-((((_a6_ * _a7_) + ((_a2_ + x) * x)) * ((_a7_ * x) * _a2_)));{'d0': {'_a2_': 0.623859415603041, '_a6_': -0.0971219971965675, '_a7_': -5.412695223208281, '_a0_': 1.0, '_a1_': 1.0, '_a3_': 1.0, '_a4_': 1.0, '_a5_': 1.0}};{'d0': 0.02490583291941662};-280.569866449044;39.90606245399549
44768;-100.378870770526;-((((_a6_ * _a7_) + ((_a2_ + x) * x)) * ((_a7_ * x) * _a2_)));{'d0': {'_a2_': 0.623859415603041, '_a6_': -0.0971219971965675, '_a7_': -5.412695223208281, '_a0_': 1.0, '_a1_': 1.0, '_a3_': 1.0, '_a4_': 1.0, '_a5_': 1.0}};{'d0': 0.02490583291941662};-280.569866449044;39.90606245399549
44769;-100.378870770526;-((((_a6_ * _a7_) + ((_a2_ + x) * x)) * ((_a7_ * x) * _a2_)));{'d0': {'_a2_': 0.623859415603041, '_a6_': -0.0971219971965675, '_a7_': -5.412695223208281, '_a0_': 1.0, '_a1_': 1.0, '_a3_': 1.0, '_a4_': 1.0, '_a5_': 1.0}};{'d0': 0.02490583291941662};-280.569866449044;39.90606245399549
44770;-100.378870770526;-((((_a6_ * _a7_) + ((_a2_ + x) * x)) * ((_a7_ * x) * _a2_)));{'d0': {'_a2_': 0.623859415603041, '_a6_': -0.0971219971965675, '_a7_': -5.412695223208281, '_a0_': 1.0, '_a1_': 1.0, '_a3_': 1.0, '_a4_': 1.0, '_a5_': 1.0}};{'d0': 0.02490583291941662};-280.569866449044;39.90606245399549
44771;-100.378870770526;-((((_a6_ * _a7_) + ((_a2_ + x) * x)) * ((_a7_ * x) * _a2_)));{'d0': {'_a2_': 0.623859415603041, '_a6_': -0.0971219971965675, '_a7_': -5.412695223208281, '_a0_': 1.0, '_a1_': 1.0, '_a3_': 1.0, '_a4_': 1.0, '_a5_': 1.0}};{'d0': 0.02490583291941662};-280.569866449044;39.90606245399549
44772;-100.378870770526;-((((_a6_ * _a7_) + ((_a2_ + x) * x)) * ((_a7_ * x) * _a2_)));{'d0': {'_a2_': 0.623859415603041, '_a6_': -0.0971219971965675, '_a7_': -5.412695223208281, '_a0_': 1.0, '_a1_': 1.0, '_a3_': 1.0, '_a4_': 1.0, '_a5_': 1.0}};{'d0': 0.02490583291941662};-280.569866449044;39.90606245399549
44773;-100.378870770526;-((((_a6_ * _a7_) + ((_a2_ + x) * x)) * ((_a7_ * x) * _a2_)));{'d0': {'_a2_': 0.623859415603041, '_a6_': -0.0971219971965675, '_a7_': -5.412695223208281, '_a0_': 1.0, '_a1_': 1.0, '_a3_': 1.0, '_a4_': 1.0, '_a5_': 1.0}};{'d0': 0.02490583291941662};-280.569866449044;39.90606245399549
44774;-100.378870770526;-((((_a6_ * _a7_) + ((_a2_ + x) * x)) * ((_a7_ * x) * _a2_)));{'d0': {'_a2_': 0.623859415603041, '_a6_': -0.0971219971965675, '_a7_': -5.412695223208281, '_a0_': 1.0, '_a1_': 1.0, '_a3_': 1.0, '_a4_': 1.0, '_a5_': 1.0}};{'d0': 0.02490583291941662};-280.569866449044;39.90606245399549
44775;-100.378870770526;-((((_a6_ * _a7_) + ((_a2_ + x) * x)) * ((_a7_ * x) * _a2_)));{'d0': {'_a2_': 0.623859415603041, '_a6_': -0.0971219971965675, '_a7_': -5.412695223208281, '_a0_': 1.0, '_a1_': 1.0, '_a3_': 1.0, '_a4_': 1.0, '_a5_': 1.0}};{'d0': 0.02490583291941662};-280.569866449044;39.90606245399549
44776;-100.378870770526;-((((_a6_ * _a7_) + ((_a2_ + x) * x)) * ((_a7_ * x) * _a2_)));{'d0': {'_a2_': 0.623859415603041, '_a6_': -0.0971219971965675, '_a7_': -5.412695223208281, '_a0_': 1.0, '_a1_': 1.0, '_a3_': 1.0, '_a4_': 1.0, '_a5_': 1.0}};{'d0': 0.02490583291941662};-280.569866449044;39.90606245399549
44777;-100.378870770526;-((((_a6_ * _a7_) + ((_a2_ + x) * x)) * ((_a7_ * x) * _a2_)));{'d0': {'_a2_': 0.623859415603041, '_a6_': -0.0971219971965675, '_a7_': -5.412695223208281, '_a0_': 1.0, '_a1_': 1.0, '_a3_': 1.0, '_a4_': 1.0, '_a5_': 1.0}};{'d0': 0.02490583291941662};-280.569866449044;39.90606245399549
44778;-100.378870770526;-((((_a6_ * _a7_) + ((_a2_ + x) * x)) * ((_a7_ * x) * _a2_)));{'d0': {'_a2_': 0.623859415603041, '_a6_': -0.0971219971965675, '_a7_': -5.412695223208281, '_a0_': 1.0, '_a1_': 1.0, '_a3_': 1.0, '_a4_': 1.0, '_a5_': 1.0}};{'d0': 0.02490583291941662};-280.569866449044;39.90606245399549
44779;-100.378870770526;-((((_a6_ * _a7_) + ((_a2_ + x) * x)) * ((_a7_ * x) * _a2_)));{'d0': {'_a2_': 0.623859415603041, '_a6_': -0.0971219971965675, '_a7_': -5.412695223208281, '_a0_': 1.0, '_a1_': 1.0, '_a3_': 1.0, '_a4_': 1.0, '_a5_': 1.0}};{'d0': 0.02490583291941662};-280.569866449044;39.90606245399549
44780;-100.378870770526;-((((_a6_ * _a7_) + ((_a2_ + x) * x)) * ((_a7_ * x) * _a2_)));{'d0': {'_a2_': 0.623859415603041, '_a6_': -0.0971219971965675, '_a7_': -5.412695223208281, '_a0_': 1.0, '_a1_': 1.0, '_a3_': 1.0, '_a4_': 1.0, '_a5_': 1.0}};{'d0': 0.02490583291941662};-280.569866449044;39.90606245399549
44781;-100.378870770526;-((((_a6_ * _a7_) + ((_a2_ + x) * x)) * ((_a7_ * x) * _a2_)));{'d0': {'_a2_': 0.623859415603041, '_a6_': -0.0971219971965675, '_a7_': -5.412695223208281, '_a0_': 1.0, '_a1_': 1.0, '_a3_': 1.0, '_a4_': 1.0, '_a5_': 1.0}};{'d0': 0.02490583291941662};-280.569866449044;39.90606245399549
44782;-100.378870770526;-((((_a6_ * _a7_) + ((_a2_ + x) * x)) * ((_a7_ * x) * _a2_)));{'d0': {'_a2_': 0.623859415603041, '_a6_': -0.0971219971965675, '_a7_': -5.412695223208281, '_a0_': 1.0, '_a1_': 1.0, '_a3_': 1.0, '_a4_': 1.0, '_a5_': 1.0}};{'d0': 0.02490583291941662};-280.569866449044;39.90606245399549
44783;-100.378870770526;-((((_a6_ * _a7_) + ((_a2_ + x) * x)) * ((_a7_ * x) * _a2_)));{'d0': {'_a2_': 0.623859415603041, '_a6_': -0.0971219971965675, '_a7_': -5.412695223208281, '_a0_': 1.0, '_a1_': 1.0, '_a3_': 1.0, '_a4_': 1.0, '_a5_': 1.0}};{'d0': 0.02490583291941662};-280.569866449044;39.90606245399549
44784;-103.367701136488;(x * (pow2((_a7_ + ((x + _a2_) * (_a4_ + _a2_)))) + _a2_));{'d0': {'_a2_': 1.4465760881454066, '_a4_': 0.39102040769968666, '_a7_': -2.0850222126667513, '_a0_': 1.0, '_a1_': 1.0, '_a3_': 1.0, '_a5_': 1.0, '_a6_': 1.0}};{'d0': 0.02490583291941668};-280.569866449043;36.917232088033984
44785;-103.367701136488;(x * (pow2((_a7_ + ((x + _a2_) * (_a4_ + _a2_)))) + _a2_));{'d0': {'_a2_': 1.4465760881454066, '_a4_': 0.39102040769968666, '_a7_': -2.0850222126667513, '_a0_': 1.0, '_a1_': 1.0, '_a3_': 1.0, '_a5_': 1.0, '_a6_': 1.0}};{'d0': 0.02490583291941668};-280.569866449043;36.917232088033984
44786;-103.367701136488;(x * (pow2((_a7_ + ((x + _a2_) * (_a4_ + _a2_)))) + _a2_));{'d0': {'_a2_': 1.4465760881454066, '_a4_': 0.39102040769968666, '_a7_': -2.0850222126667513, '_a0_': 1.0, '_a1_': 1.0, '_a3_': 1.0, '_a5_': 1.0, '_a6_': 1.0}};{'d0': 0.02490583291941668};-280.569866449043;36.917232088033984
44787;-103.488010419115;(x * (pow2((_a7_ + ((x / _a2_) * (_a4_ + _a2_)))) + _a2_));{'d0': {'_a2_': 1.4465760892469368, '_a4_': 1.2116470619587045, '_a7_': 0.5732009376168786, '_a0_': 1.0, '_a1_': 1.0, '_a3_': 1.0, '_a5_': 1.0, '_a6_': 1.0}};{'d0': 0.02490583291941663};-280.569866449044;36.79692280540638
44788;-103.488010419115;(x * (pow2((_a7_ + ((x / _a2_) * (_a4_ + _a2_)))) + _a2_));{'d0': {'_a2_': 1.4465760892469368, '_a4_': 1.2116470619587045, '_a7_': 0.5732009376168786, '_a0_': 1.0, '_a1_': 1.0, '_a3_': 1.0, '_a5_': 1.0, '_a6_': 1.0}};{'d0': 0.02490583291941663};-280.569866449044;36.79692280540638
44789;-103.488010419115;(x * (pow2((_a7_ + ((x / _a2_) * (_a4_ + _a2_)))) + _a2_));{'d0': {'_a2_': 1.4465760892469368, '_a4_': 1.2116470619587045, '_a7_': 0.5732009376168786, '_a0_': 1.0, '_a1_': 1.0, '_a3_': 1.0, '_a5_': 1.0, '_a6_': 1.0}};{'d0': 0.02490583291941663};-280.569866449044;36.79692280540638
44790;-104.531628829011;((_a2_ + (pow2(((_a5_ + x) * (_a2_ / _a4_))) * _a5_)) * x);{'d0': {'_a2_': 1.446576089301936, '_a4_': 0.4396625735021556, '_a5_': 0.31192970777030876, '_a0_': 1.0, '_a1_': 1.0, '_a3_': 1.0, '_a6_': 1.0, '_a7_': 1.0}};{'d0': 0.024905832919416577};-280.569866449044;35.75330439551129
44791;-103.488010419115;(x * (pow2((_a7_ + ((x / _a2_) * (_a4_ + _a2_)))) + _a2_));{'d0': {'_a2_': 1.4465760892469368, '_a4_': 1.2116470619587045, '_a7_': 0.5732009376168786, '_a0_': 1.0, '_a1_': 1.0, '_a3_': 1.0, '_a5_': 1.0, '_a6_': 1.0}};{'d0': 0.02490583291941663};-280.569866449044;36.79692280540638
44792;-103.488010419115;(x * (pow2((_a7_ + ((x / _a2_) * (_a4_ + _a2_)))) + _a2_));{'d0': {'_a2_': 1.4465760892469368, '_a4_': 1.2116470619587045, '_a7_': 0.5732009376168786, '_a0_': 1.0, '_a1_': 1.0, '_a3_': 1.0, '_a5_': 1.0, '_a6_': 1.0}};{'d0': 0.02490583291941663};-280.569866449044;36.79692280540638
44793;-103.488010419115;(x * (pow2((_a7_ + ((x / _a2_) * (_a4_ + _a2_)))) + _a2_));{'d0': {'_a2_': 1.4465760892469368, '_a4_': 1.2116470619587045, '_a7_': 0.5732009376168786, '_a0_': 1.0, '_a1_': 1.0, '_a3_': 1.0, '_a5_': 1.0, '_a6_': 1.0}};{'d0': 0.02490583291941663};-280.569866449044;36.79692280540638
44794;-103.488010419115;(x * (pow2((_a7_ + ((x / _a2_) * (_a4_ + _a2_)))) + _a2_));{'d0': {'_a2_': 1.4465760892469368, '_a4_': 1.2116470619587045, '_a7_': 0.5732009376168786, '_a0_': 1.0, '_a1_': 1.0, '_a3_': 1.0, '_a5_': 1.0, '_a6_': 1.0}};{'d0': 0.02490583291941663};-280.569866449044;36.79692280540638
44795;-103.488010419115;(x * (pow2((_a7_ + ((x / _a2_) * (_a4_ + _a2_)))) + _a2_));{'d0': {'_a2_': 1.4465760892469368, '_a4_': 1.2116470619587045, '_a7_': 0.5732009376168786, '_a0_': 1.0, '_a1_': 1.0, '_a3_': 1.0, '_a5_': 1.0, '_a6_': 1.0}};{'d0': 0.02490583291941663};-280.569866449044;36.79692280540638
44796;-103.488010419115;(x * (pow2((_a7_ + ((x / _a2_) * (_a4_ + _a2_)))) + _a2_));{'d0': {'_a2_': 1.4465760892469368, '_a4_': 1.2116470619587045, '_a7_': 0.5732009376168786, '_a0_': 1.0, '_a1_': 1.0, '_a3_': 1.0, '_a5_': 1.0, '_a6_': 1.0}};{'d0': 0.02490583291941663};-280.569866449044;36.79692280540638
44797;-103.488010419115;(x * (pow2((_a7_ + ((x / _a2_) * (_a4_ + _a2_)))) + _a2_));{'d0': {'_a2_': 1.4465760892469368, '_a4_': 1.2116470619587045, '_a7_': 0.5732009376168786, '_a0_': 1.0, '_a1_': 1.0, '_a3_': 1.0, '_a5_': 1.0, '_a6_': 1.0}};{'d0': 0.02490583291941663};-280.569866449044;36.79692280540638
44798;-103.488010419115;(x * (pow2((_a7_ + ((x / _a2_) * (_a4_ + _a2_)))) + _a2_));{'d0': {'_a2_': 1.4465760892469368, '_a4_': 1.2116470619587045, '_a7_': 0.5732009376168786, '_a0_': 1.0, '_a1_': 1.0, '_a3_': 1.0, '_a5_': 1.0, '_a6_': 1.0}};{'d0': 0.02490583291941663};-280.569866449044;36.79692280540638
44799;-103.488010419115;(x * (pow2((_a7_ + ((x / _a2_) * (_a4_ + _a2_)))) + _a2_));{'d0': {'_a2_': 1.4465760892469368, '_a4_': 1.2116470619587045, '_a7_': 0.5732009376168786, '_a0_': 1.0, '_a1_': 1.0, '_a3_': 1.0, '_a5_': 1.0, '_a6_': 1.0}};{'d0': 0.02490583291941663};-280.569866449044;36.79692280540638
44800;-103.488010419115;(x * (pow2((_a7_ + ((x / _a2_) * (_a4_ + _a2_)))) + _a2_));{'d0': {'_a2_': 1.4465760892469368, '_a4_': 1.2116470619587045, '_a7_': 0.5732009376168786, '_a0_': 1.0, '_a1_': 1.0, '_a3_': 1.0, '_a5_': 1.0, '_a6_': 1.0}};{'d0': 0.02490583291941663};-280.569866449044;36.79692280540638
44801;-103.488010419115;(x * (pow2((_a7_ + ((x / _a2_) * (_a4_ + _a2_)))) + _a2_));{'d0': {'_a2_': 1.4465760892469368, '_a4_': 1.2116470619587045, '_a7_': 0.5732009376168786, '_a0_': 1.0, '_a1_': 1.0, '_a3_': 1.0, '_a5_': 1.0, '_a6_': 1.0}};{'d0': 0.02490583291941663};-280.569866449044;36.79692280540638
44802;-103.488010419115;(x * (pow2((_a7_ + ((x / _a2_) * (_a4_ + _a2_)))) + _a2_));{'d0': {'_a2_': 1.4465760892469368, '_a4_': 1.2116470619587045, '_a7_': 0.5732009376168786, '_a0_': 1.0, '_a1_': 1.0, '_a3_': 1.0, '_a5_': 1.0, '_a6_': 1.0}};{'d0': 0.02490583291941663};-280.569866449044;36.79692280540638
44803;-103.488010419115;(x * (pow2((_a7_ + ((x / _a2_) * (_a4_ + _a2_)))) + _a2_));{'d0': {'_a2_': 1.4465760892469368, '_a4_': 1.2116470619587045, '_a7_': 0.5732009376168786, '_a0_': 1.0, '_a1_': 1.0, '_a3_': 1.0, '_a5_': 1.0, '_a6_': 1.0}};{'d0': 0.02490583291941663};-280.569866449044;36.79692280540638
44804;-103.488010419115;(x * (pow2((_a7_ + ((x / _a2_) * (_a4_ + _a2_)))) + _a2_));{'d0': {'_a2_': 1.4465760892469368, '_a4_': 1.2116470619587045, '_a7_': 0.5732009376168786, '_a0_': 1.0, '_a1_': 1.0, '_a3_': 1.0, '_a5_': 1.0, '_a6_': 1.0}};{'d0': 0.02490583291941663};-280.569866449044;36.79692280540638
44805;-102.264236665168;((_a2_ + (pow2(((_a5_ + x) * abs(_a4_))) + _a5_)) * x);{'d0': {'_a2_': 1.1346463814318282, '_a4_': 1.8375964950508845, '_a5_': 0.3119297077668565, '_a0_': 1.0, '_a1_': 1.0, '_a3_': 1.0, '_a6_': 1.0, '_a7_': 1.0}};{'d0': 0.024905832919416723};-280.569866449043;38.02069655935389
44806;-102.264236665168;((_a2_ + (pow2(((_a5_ + x) * abs(_a4_))) + _a5_)) * x);{'d0': {'_a2_': 1.1346463814318282, '_a4_': 1.8375964950508845, '_a5_': 0.3119297077668565, '_a0_': 1.0, '_a1_': 1.0, '_a3_': 1.0, '_a6_': 1.0, '_a7_': 1.0}};{'d0': 0.024905832919416723};-280.569866449043;38.02069655935389
44807;-102.264236665168;((_a2_ + (pow2(((_a5_ + x) * abs(_a4_))) + _a5_)) * x);{'d0': {'_a2_': 1.1346463814318282, '_a4_': 1.8375964950508845, '_a5_': 0.3119297077668565, '_a0_': 1.0, '_a1_': 1.0, '_a3_': 1.0, '_a6_': 1.0, '_a7_': 1.0}};{'d0': 0.024905832919416723};-280.569866449043;38.02069655935389
44808;-102.264236665168;((_a2_ + (pow2(((_a5_ + x) * abs(_a4_))) + _a5_)) * x);{'d0': {'_a2_': 1.1346463814318282, '_a4_': 1.8375964950508845, '_a5_': 0.3119297077668565, '_a0_': 1.0, '_a1_': 1.0, '_a3_': 1.0, '_a6_': 1.0, '_a7_': 1.0}};{'d0': 0.024905832919416723};-280.569866449043;38.02069655935389
44809;-102.264236665168;((_a2_ + (pow2(((_a5_ + x) * abs(_a4_))) + _a5_)) * x);{'d0': {'_a2_': 1.1346463814318282, '_a4_': 1.8375964950508845, '_a5_': 0.3119297077668565, '_a0_': 1.0, '_a1_': 1.0, '_a3_': 1.0, '_a6_': 1.0, '_a7_': 1.0}};{'d0': 0.024905832919416723};-280.569866449043;38.02069655935389
44810;-102.264236665168;((_a2_ + (pow2(((_a5_ + x) * abs(_a4_))) + _a5_)) * x);{'d0': {'_a2_': 1.1346463814318282, '_a4_': 1.8375964950508845, '_a5_': 0.3119297077668565, '_a0_': 1.0, '_a1_': 1.0, '_a3_': 1.0, '_a6_': 1.0, '_a7_': 1.0}};{'d0': 0.024905832919416723};-280.569866449043;38.02069655935389
44811;-102.264236665168;((_a2_ + (pow2(((_a5_ + x) * abs(_a4_))) + _a5_)) * x);{'d0': {'_a2_': 1.1346463814318282, '_a4_': 1.8375964950508845, '_a5_': 0.3119297077668565, '_a0_': 1.0, '_a1_': 1.0, '_a3_': 1.0, '_a6_': 1.0, '_a7_': 1.0}};{'d0': 0.024905832919416723};-280.569866449043;38.02069655935389
44812;-102.264236665168;((_a2_ + (pow2(((_a5_ + x) * abs(_a4_))) + _a5_)) * x);{'d0': {'_a2_': 1.1346463814318282, '_a4_': 1.8375964950508845, '_a5_': 0.3119297077668565, '_a0_': 1.0, '_a1_': 1.0, '_a3_': 1.0, '_a6_': 1.0, '_a7_': 1.0}};{'d0': 0.024905832919416723};-280.569866449043;38.02069655935389
44813;-102.264236665168;((_a2_ + (pow2(((_a5_ + x) * abs(_a4_))) + _a5_)) * x);{'d0': {'_a2_': 1.1346463814318282, '_a4_': 1.8375964950508845, '_a5_': 0.3119297077668565, '_a0_': 1.0, '_a1_': 1.0, '_a3_': 1.0, '_a6_': 1.0, '_a7_': 1.0}};{'d0': 0.024905832919416723};-280.569866449043;38.02069655935389
44814;-102.264236665168;((_a2_ + (pow2(((_a5_ + x) * abs(_a4_))) + _a5_)) * x);{'d0': {'_a2_': 1.1346463814318282, '_a4_': 1.8375964950508845, '_a5_': 0.3119297077668565, '_a0_': 1.0, '_a1_': 1.0, '_a3_': 1.0, '_a6_': 1.0, '_a7_': 1.0}};{'d0': 0.024905832919416723};-280.569866449043;38.02069655935389
44815;-102.264236665168;((_a2_ + (pow2(((_a5_ + x) * abs(_a4_))) + _a5_)) * x);{'d0': {'_a2_': 1.1346463814318282, '_a4_': 1.8375964950508845, '_a5_': 0.3119297077668565, '_a0_': 1.0, '_a1_': 1.0, '_a3_': 1.0, '_a6_': 1.0, '_a7_': 1.0}};{'d0': 0.024905832919416723};-280.569866449043;38.02069655935389
44816;-104.411319546383;((_a2_ + (pow2(((_a5_ + x) * (_a2_ * _a0_))) + _a5_)) * x);{'d0': {'_a0_': 1.6195323271169084, '_a2_': 1.1346463817639487, '_a5_': 0.3119297077685053, '_a1_': 1.0, '_a3_': 1.0, '_a4_': 1.0, '_a6_': 1.0, '_a7_': 1.0}};{'d0': 0.0249058329194166};-280.569866449044;35.87361367813889
44817;-104.411319546383;((_a2_ + (pow2(((_a5_ + x) * (_a2_ * _a0_))) + _a5_)) * x);{'d0': {'_a0_': 1.6195323271169084, '_a2_': 1.1346463817639487, '_a5_': 0.3119297077685053, '_a1_': 1.0, '_a3_': 1.0, '_a4_': 1.0, '_a6_': 1.0, '_a7_': 1.0}};{'d0': 0.0249058329194166};-280.569866449044;35.87361367813889
44818;-104.411319546383;((_a2_ + (pow2(((_a5_ + x) * (_a2_ * _a0_))) + _a5_)) * x);{'d0': {'_a0_': 1.6195323271169084, '_a2_': 1.1346463817639487, '_a5_': 0.3119297077685053, '_a1_': 1.0, '_a3_': 1.0, '_a4_': 1.0, '_a6_': 1.0, '_a7_': 1.0}};{'d0': 0.0249058329194166};-280.569866449044;35.87361367813889
44819;-104.411319546383;((_a2_ + (pow2(((_a5_ + x) * (_a2_ * _a0_))) + _a5_)) * x);{'d0': {'_a0_': 1.6195323271169084, '_a2_': 1.1346463817639487, '_a5_': 0.3119297077685053, '_a1_': 1.0, '_a3_': 1.0, '_a4_': 1.0, '_a6_': 1.0, '_a7_': 1.0}};{'d0': 0.0249058329194166};-280.569866449044;35.87361367813889
44820;-104.411319546383;((_a2_ + (pow2(((_a5_ + x) * (_a2_ * _a0_))) + _a5_)) * x);{'d0': {'_a0_': 1.6195323271169084, '_a2_': 1.1346463817639487, '_a5_': 0.3119297077685053, '_a1_': 1.0, '_a3_': 1.0, '_a4_': 1.0, '_a6_': 1.0, '_a7_': 1.0}};{'d0': 0.0249058329194166};-280.569866449044;35.87361367813889
44821;-104.411319546383;((_a2_ + (pow2(((_a5_ + x) * (_a2_ * _a0_))) + _a5_)) * x);{'d0': {'_a0_': 1.6195323271169084, '_a2_': 1.1346463817639487, '_a5_': 0.3119297077685053, '_a1_': 1.0, '_a3_': 1.0, '_a4_': 1.0, '_a6_': 1.0, '_a7_': 1.0}};{'d0': 0.0249058329194166};-280.569866449044;35.87361367813889
44822;-105.382580669956;((_a2_ + (pow2(((_a5_ + x) * (_a2_ * _a0_))) * _a5_)) * x);{'d0': {'_a0_': 2.2744715162178295, '_a2_': 1.446576089119724, '_a5_': 0.31192970779338103, '_a1_': 1.0, '_a3_': 1.0, '_a4_': 1.0, '_a6_': 1.0, '_a7_': 1.0}};{'d0': 0.024905832919416684};-280.569866449043;34.90235255456589
44823;-105.382580669956;((_a2_ + (pow2(((_a5_ + x) * (_a2_ * _a0_))) * _a5_)) * x);{'d0': {'_a0_': 2.2744715162178295, '_a2_': 1.446576089119724, '_a5_': 0.31192970779338103, '_a1_': 1.0, '_a3_': 1.0, '_a4_': 1.0, '_a6_': 1.0, '_a7_': 1.0}};{'d0': 0.024905832919416684};-280.569866449043;34.90235255456589
44824;-105.382580669956;((_a2_ + (pow2(((_a5_ + x) * (_a2_ * _a0_))) * _a5_)) * x);{'d0': {'_a0_': 2.2744715162178295, '_a2_': 1.446576089119724, '_a5_': 0.31192970779338103, '_a1_': 1.0, '_a3_': 1.0, '_a4_': 1.0, '_a6_': 1.0, '_a7_': 1.0}};{'d0': 0.024905832919416684};-280.569866449043;34.90235255456589
44825;-105.382580669956;((_a2_ + (pow2(((_a5_ + x) * (_a2_ * _a0_))) * _a5_)) * x);{'d0': {'_a0_': 2.2744715162178295, '_a2_': 1.446576089119724, '_a5_': 0.31192970779338103, '_a1_': 1.0, '_a3_': 1.0, '_a4_': 1.0, '_a6_': 1.0, '_a7_': 1.0}};{'d0': 0.024905832919416684};-280.569866449043;34.90235255456589
44826;-105.382580669956;((_a2_ + (pow2(((_a5_ + x) * (_a2_ * _a0_))) * _a5_)) * x);{'d0': {'_a0_': 2.2744715162178295, '_a2_': 1.446576089119724, '_a5_': 0.31192970779338103, '_a1_': 1.0, '_a3_': 1.0, '_a4_': 1.0, '_a6_': 1.0, '_a7_': 1.0}};{'d0': 0.024905832919416684};-280.569866449043;34.90235255456589
44827;-105.382580669956;((_a2_ + (pow2(((_a5_ + x) * (_a2_ * _a0_))) * _a5_)) * x);{'d0': {'_a0_': 2.2744715162178295, '_a2_': 1.446576089119724, '_a5_': 0.31192970779338103, '_a1_': 1.0, '_a3_': 1.0, '_a4_': 1.0, '_a6_': 1.0, '_a7_': 1.0}};{'d0': 0.024905832919416684};-280.569866449043;34.90235255456589
44828;-105.382580669956;((_a2_ + (pow2(((_a5_ + x) * (_a2_ * _a0_))) * _a5_)) * x);{'d0': {'_a0_': 2.2744715162178295, '_a2_': 1.446576089119724, '_a5_': 0.31192970779338103, '_a1_': 1.0, '_a3_': 1.0, '_a4_': 1.0, '_a6_': 1.0, '_a7_': 1.0}};{'d0': 0.024905832919416684};-280.569866449043;34.90235255456589
44829;-105.382580669956;((_a2_ + (pow2(((_a5_ + x) * (_a2_ * _a0_))) * _a5_)) * x);{'d0': {'_a0_': 2.2744715162178295, '_a2_': 1.446576089119724, '_a5_': 0.31192970779338103, '_a1_': 1.0, '_a3_': 1.0, '_a4_': 1.0, '_a6_': 1.0, '_a7_': 1.0}};{'d0': 0.024905832919416684};-280.569866449043;34.90235255456589
44830;-105.382580669956;((_a2_ + (pow2(((_a5_ + x) * (_a2_ * _a0_))) * _a5_)) * x);{'d0': {'_a0_': 2.2744715162178295, '_a2_': 1.446576089119724, '_a5_': 0.31192970779338103, '_a1_': 1.0, '_a3_': 1.0, '_a4_': 1.0, '_a6_': 1.0, '_a7_': 1.0}};{'d0': 0.024905832919416684};-280.569866449043;34.90235255456589
44831;-105.382580669956;((_a2_ + (pow2(((_a5_ + x) * (_a2_ * _a0_))) * _a5_)) * x);{'d0': {'_a0_': 2.2744715162178295, '_a2_': 1.446576089119724, '_a5_': 0.31192970779338103, '_a1_': 1.0, '_a3_': 1.0, '_a4_': 1.0, '_a6_': 1.0, '_a7_': 1.0}};{'d0': 0.024905832919416684};-280.569866449043;34.90235255456589
44832;-105.382580669956;((_a2_ + (pow2(((_a5_ + x) * (_a2_ * _a0_))) * _a5_)) * x);{'d0': {'_a0_': 2.2744715162178295, '_a2_': 1.446576089119724, '_a5_': 0.31192970779338103, '_a1_': 1.0, '_a3_': 1.0, '_a4_': 1.0, '_a6_': 1.0, '_a7_': 1.0}};{'d0': 0.024905832919416684};-280.569866449043;34.90235255456589
44833;-105.382580669956;((_a2_ + (pow2(((_a5_ + x) * (_a2_ * _a0_))) * _a5_)) * x);{'d0': {'_a0_': 2.2744715162178295, '_a2_': 1.446576089119724, '_a5_': 0.31192970779338103, '_a1_': 1.0, '_a3_': 1.0, '_a4_': 1.0, '_a6_': 1.0, '_a7_': 1.0}};{'d0': 0.024905832919416684};-280.569866449043;34.90235255456589
44834;-104.411319546383;((_a2_ + (pow2(((_a5_ + x) * (_a2_ * _a0_))) + _a5_)) * x);{'d0': {'_a0_': 1.6195323271169084, '_a2_': 1.1346463817639487, '_a5_': 0.3119297077685053, '_a1_': 1.0, '_a3_': 1.0, '_a4_': 1.0, '_a6_': 1.0, '_a7_': 1.0}};{'d0': 0.0249058329194166};-280.569866449044;35.87361367813889
44835;-104.411319546383;((_a2_ + (pow2(((_a5_ + x) * (_a2_ * _a0_))) + _a5_)) * x);{'d0': {'_a0_': 1.6195323271169084, '_a2_': 1.1346463817639487, '_a5_': 0.3119297077685053, '_a1_': 1.0, '_a3_': 1.0, '_a4_': 1.0, '_a6_': 1.0, '_a7_': 1.0}};{'d0': 0.0249058329194166};-280.569866449044;35.87361367813889
44836;-104.411319546383;((_a2_ + (pow2(((_a5_ + x) * (_a2_ * _a0_))) + _a5_)) * x);{'d0': {'_a0_': 1.6195323271169084, '_a2_': 1.1346463817639487, '_a5_': 0.3119297077685053, '_a1_': 1.0, '_a3_': 1.0, '_a4_': 1.0, '_a6_': 1.0, '_a7_': 1.0}};{'d0': 0.0249058329194166};-280.569866449044;35.87361367813889
44837;-104.411319546383;((_a2_ + (pow2(((_a5_ + x) * (_a2_ * _a0_))) + _a5_)) * x);{'d0': {'_a0_': 1.6195323271169084, '_a2_': 1.1346463817639487, '_a5_': 0.3119297077685053, '_a1_': 1.0, '_a3_': 1.0, '_a4_': 1.0, '_a6_': 1.0, '_a7_': 1.0}};{'d0': 0.0249058329194166};-280.569866449044;35.87361367813889
44838;-104.411319546383;((_a2_ + (pow2(((_a5_ + x) * (_a2_ * _a0_))) + _a5_)) * x);{'d0': {'_a0_': 1.6195323271169084, '_a2_': 1.1346463817639487, '_a5_': 0.3119297077685053, '_a1_': 1.0, '_a3_': 1.0, '_a4_': 1.0, '_a6_': 1.0, '_a7_': 1.0}};{'d0': 0.0249058329194166};-280.569866449044;35.87361367813889
44839;-104.411319546383;((_a2_ + (pow2(((_a5_ + x) * (_a2_ * _a0_))) + _a5_)) * x);{'d0': {'_a0_': 1.6195323271169084, '_a2_': 1.1346463817639487, '_a5_': 0.3119297077685053, '_a1_': 1.0, '_a3_': 1.0, '_a4_': 1.0, '_a6_': 1.0, '_a7_': 1.0}};{'d0': 0.0249058329194166};-280.569866449044;35.87361367813889
44840;-104.411319546383;((_a2_ + (pow2(((_a5_ + x) * (_a2_ * _a0_))) + _a5_)) * x);{'d0': {'_a0_': 1.6195323271169084, '_a2_': 1.1346463817639487, '_a5_': 0.3119297077685053, '_a1_': 1.0, '_a3_': 1.0, '_a4_': 1.0, '_a6_': 1.0, '_a7_': 1.0}};{'d0': 0.0249058329194166};-280.569866449044;35.87361367813889
44841;-104.411319546383;((_a2_ + (pow2(((_a5_ + x) * (_a2_ * _a0_))) + _a5_)) * x);{'d0': {'_a0_': 1.6195323271169084, '_a2_': 1.1346463817639487, '_a5_': 0.3119297077685053, '_a1_': 1.0, '_a3_': 1.0, '_a4_': 1.0, '_a6_': 1.0, '_a7_': 1.0}};{'d0': 0.0249058329194166};-280.569866449044;35.87361367813889
44842;-104.411319546383;((_a2_ + (pow2(((_a5_ + x) * (_a2_ * _a0_))) + _a5_)) * x);{'d0': {'_a0_': 1.6195323271169084, '_a2_': 1.1346463817639487, '_a5_': 0.3119297077685053, '_a1_': 1.0, '_a3_': 1.0, '_a4_': 1.0, '_a6_': 1.0, '_a7_': 1.0}};{'d0': 0.0249058329194166};-280.569866449044;35.87361367813889
44843;-104.411319546383;((_a2_ + (pow2(((_a5_ + x) * (_a2_ * _a0_))) + _a5_)) * x);{'d0': {'_a0_': 1.6195323271169084, '_a2_': 1.1346463817639487, '_a5_': 0.3119297077685053, '_a1_': 1.0, '_a3_': 1.0, '_a4_': 1.0, '_a6_': 1.0, '_a7_': 1.0}};{'d0': 0.0249058329194166};-280.569866449044;35.87361367813889
44844;-104.411319546383;((_a2_ + (pow2(((_a5_ + x) * (_a2_ * _a0_))) + _a5_)) * x);{'d0': {'_a0_': 1.6195323271169084, '_a2_': 1.1346463817639487, '_a5_': 0.3119297077685053, '_a1_': 1.0, '_a3_': 1.0, '_a4_': 1.0, '_a6_': 1.0, '_a7_': 1.0}};{'d0': 0.0249058329194166};-280.569866449044;35.87361367813889
44845;-88.4206229061421;((_a4_ + -(((-(pow2((-((_a0_ * (x + x))) + _a3_))) * _a4_) * _a0_))) * x);{'d0': {'_a0_': 0.835666535914323, '_a3_': -0.5213384366622837, '_a4_': 1.4465760894631552, '_a1_': 1.0, '_a2_': 1.0, '_a5_': 1.0, '_a6_': 1.0, '_a7_': 1.0}};{'d0': 0.024905832919416636};-280.569866449044;51.86431031837961
44846;-88.4206229061421;((_a4_ + -(((-(pow2((-((_a0_ * (x + x))) + _a3_))) * _a4_) * _a0_))) * x);{'d0': {'_a0_': 0.835666535914323, '_a3_': -0.5213384366622837, '_a4_': 1.4465760894631552, '_a1_': 1.0, '_a2_': 1.0, '_a5_': 1.0, '_a6_': 1.0, '_a7_': 1.0}};{'d0': 0.024905832919416636};-280.569866449044;51.86431031837961
44847;-88.4206229061421;((_a4_ + -(((-(pow2((-((_a0_ * (x + x))) + _a3_))) * _a4_) * _a0_))) * x);{'d0': {'_a0_': 0.835666535914323, '_a3_': -0.5213384366622837, '_a4_': 1.4465760894631552, '_a1_': 1.0, '_a2_': 1.0, '_a5_': 1.0, '_a6_': 1.0, '_a7_': 1.0}};{'d0': 0.024905832919416636};-280.569866449044;51.86431031837961
44848;-88.4206229061421;((_a4_ + -(((-(pow2((-((_a0_ * (x + x))) + _a3_))) * _a4_) * _a0_))) * x);{'d0': {'_a0_': 0.835666535914323, '_a3_': -0.5213384366622837, '_a4_': 1.4465760894631552, '_a1_': 1.0, '_a2_': 1.0, '_a5_': 1.0, '_a6_': 1.0, '_a7_': 1.0}};{'d0': 0.024905832919416636};-280.569866449044;51.86431031837961
44849;-88.4206229061421;((_a4_ + -(((-(pow2((-((_a0_ * (x + x))) + _a3_))) * _a4_) * _a0_))) * x);{'d0': {'_a0_': 0.835666535914323, '_a3_': -0.5213384366622837, '_a4_': 1.4465760894631552, '_a1_': 1.0, '_a2_': 1.0, '_a5_': 1.0, '_a6_': 1.0, '_a7_': 1.0}};{'d0': 0.024905832919416636};-280.569866449044;51.86431031837961
44850;-88.4206229061421;((_a4_ + -(((-(pow2((-((_a0_ * (x + x))) + _a3_))) * _a4_) * _a0_))) * x);{'d0': {'_a0_': 0.835666535914323, '_a3_': -0.5213384366622837, '_a4_': 1.4465760894631552, '_a1_': 1.0, '_a2_': 1.0, '_a5_': 1.0, '_a6_': 1.0, '_a7_': 1.0}};{'d0': 0.024905832919416636};-280.569866449044;51.86431031837961
44851;-88.4206229061421;((_a4_ + -(((-(pow2((-((_a0_ * (x + x))) + _a3_))) * _a4_) * _a0_))) * x);{'d0': {'_a0_': 0.835666535914323, '_a3_': -0.5213384366622837, '_a4_': 1.4465760894631552, '_a1_': 1.0, '_a2_': 1.0, '_a5_': 1.0, '_a6_': 1.0, '_a7_': 1.0}};{'d0': 0.024905832919416636};-280.569866449044;51.86431031837961
44852;-88.4206229061421;((_a4_ + -(((-(pow2((-((_a0_ * (x + x))) + _a3_))) * _a4_) * _a0_))) * x);{'d0': {'_a0_': 0.835666535914323, '_a3_': -0.5213384366622837, '_a4_': 1.4465760894631552, '_a1_': 1.0, '_a2_': 1.0, '_a5_': 1.0, '_a6_': 1.0, '_a7_': 1.0}};{'d0': 0.024905832919416636};-280.569866449044;51.86431031837961
44853;-88.4206229061421;((_a4_ + -(((-(pow2((-((_a0_ * (x + x))) + _a3_))) * _a4_) * _a0_))) * x);{'d0': {'_a0_': 0.835666535914323, '_a3_': -0.5213384366622837, '_a4_': 1.4465760894631552, '_a1_': 1.0, '_a2_': 1.0, '_a5_': 1.0, '_a6_': 1.0, '_a7_': 1.0}};{'d0': 0.024905832919416636};-280.569866449044;51.86431031837961
44854;-88.4206229061421;((_a4_ + -(((-(pow2((-((_a0_ * (x + x))) + _a3_))) * _a4_) * _a0_))) * x);{'d0': {'_a0_': 0.835666535914323, '_a3_': -0.5213384366622837, '_a4_': 1.4465760894631552, '_a1_': 1.0, '_a2_': 1.0, '_a5_': 1.0, '_a6_': 1.0, '_a7_': 1.0}};{'d0': 0.024905832919416636};-280.569866449044;51.86431031837961
44855;-88.4206229061421;((_a4_ + -(((-(pow2((-((_a0_ * (x + x))) + _a3_))) * _a4_) * _a0_))) * x);{'d0': {'_a0_': 0.835666535914323, '_a3_': -0.5213384366622837, '_a4_': 1.4465760894631552, '_a1_': 1.0, '_a2_': 1.0, '_a5_': 1.0, '_a6_': 1.0, '_a7_': 1.0}};{'d0': 0.024905832919416636};-280.569866449044;51.86431031837961
44856;-88.4206229061421;((_a4_ + -(((-(pow2((-((_a0_ * (x + x))) + _a3_))) * _a4_) * _a0_))) * x);{'d0': {'_a0_': 0.835666535914323, '_a3_': -0.5213384366622837, '_a4_': 1.4465760894631552, '_a1_': 1.0, '_a2_': 1.0, '_a5_': 1.0, '_a6_': 1.0, '_a7_': 1.0}};{'d0': 0.024905832919416636};-280.569866449044;51.86431031837961
44857;-88.4206229061421;((_a4_ + -(((-(pow2((-((_a0_ * (x + x))) + _a3_))) * _a4_) * _a0_))) * x);{'d0': {'_a0_': 0.835666535914323, '_a3_': -0.5213384366622837, '_a4_': 1.4465760894631552, '_a1_': 1.0, '_a2_': 1.0, '_a5_': 1.0, '_a6_': 1.0, '_a7_': 1.0}};{'d0': 0.024905832919416636};-280.569866449044;51.86431031837961
44858;-88.4206229061421;((_a4_ + -(((-(pow2((-((_a0_ * (x + x))) + _a3_))) * _a4_) * _a0_))) * x);{'d0': {'_a0_': 0.835666535914323, '_a3_': -0.5213384366622837, '_a4_': 1.4465760894631552, '_a1_': 1.0, '_a2_': 1.0, '_a5_': 1.0, '_a6_': 1.0, '_a7_': 1.0}};{'d0': 0.024905832919416636};-280.569866449044;51.86431031837961
44859;-88.4206229061421;((_a4_ + -(((-(pow2((-((_a0_ * (x + x))) + _a3_))) * _a4_) * _a0_))) * x);{'d0': {'_a0_': 0.835666535914323, '_a3_': -0.5213384366622837, '_a4_': 1.4465760894631552, '_a1_': 1.0, '_a2_': 1.0, '_a5_': 1.0, '_a6_': 1.0, '_a7_': 1.0}};{'d0': 0.024905832919416636};-280.569866449044;51.86431031837961
44860;-88.4206229061421;((_a4_ + -(((-(pow2((-((_a0_ * (x + x))) + _a3_))) * _a4_) * _a0_))) * x);{'d0': {'_a0_': 0.835666535914323, '_a3_': -0.5213384366622837, '_a4_': 1.4465760894631552, '_a1_': 1.0, '_a2_': 1.0, '_a5_': 1.0, '_a6_': 1.0, '_a7_': 1.0}};{'d0': 0.024905832919416636};-280.569866449044;51.86431031837961
44861;-81.3517534132129;((_a4_ + -(((-(pow2((-((_a0_ * (x + (_a4_ * _a5_)))) + _a3_))) * _a4_) * _a0_))) * x);{'d0': {'_a0_': 1.3265379324466886, '_a3_': 0.8905991864016007, '_a4_': 1.4465761104535664, '_a5_': 0.6797435570361119, '_a1_': 1.0, '_a2_': 1.0, '_a6_': 1.0, '_a7_': 1.0}};{'d0': 0.02490583291944914};-276.475521886743;56.88600753015861
44862;-81.3517534132129;((_a4_ + -(((-(pow2((-((_a0_ * (x + (_a4_ * _a5_)))) + _a3_))) * _a4_) * _a0_))) * x);{'d0': {'_a0_': 1.3265379324466886, '_a3_': 0.8905991864016007, '_a4_': 1.4465761104535664, '_a5_': 0.6797435570361119, '_a1_': 1.0, '_a2_': 1.0, '_a6_': 1.0, '_a7_': 1.0}};{'d0': 0.02490583291944914};-276.475521886743;56.88600753015861
44863;-86.3734506248650;((_a4_ + -(((-(pow2((-((_a0_ * (x + _a1_))) + _a3_))) * _a4_) * _a0_))) * x);{'d0': {'_a0_': 1.3265379550141407, '_a1_': 1.6460609904210857, '_a3_': 1.7697757563213745, '_a4_': 1.4465760487803165, '_a2_': 1.0, '_a5_': 1.0, '_a6_': 1.0, '_a7_': 1.0}};{'d0': 0.0249058329195545};-276.475521886489;51.86431031837961
44864;-88.4206229061421;((_a4_ + -(((-(pow2((-((_a0_ * (x + _a1_))) + _a4_))) * _a4_) * _a0_))) * x);{'d0': {'_a0_': 1.3265379383117326, '_a1_': 1.4024195065171192, '_a4_': 1.446576089362541, '_a2_': 1.0, '_a3_': 1.0, '_a5_': 1.0, '_a6_': 1.0, '_a7_': 1.0}};{'d0': 0.02490583291941663};-280.569866449044;51.86431031837961
44865;-88.4206229061421;((_a4_ + -(((-(pow2((-((_a0_ * (x + _a1_))) + _a4_))) * _a4_) * _a0_))) * x);{'d0': {'_a0_': 1.3265379383117326, '_a1_': 1.4024195065171192, '_a4_': 1.446576089362541, '_a2_': 1.0, '_a3_': 1.0, '_a5_': 1.0, '_a6_': 1.0, '_a7_': 1.0}};{'d0': 0.02490583291941663};-280.569866449044;51.86431031837961
44866;-88.4206229061421;((_a4_ + -(((-(pow2((-((_a0_ * (x + _a1_))) + _a4_))) * _a4_) * _a0_))) * x);{'d0': {'_a0_': 1.3265379383117326, '_a1_': 1.4024195065171192, '_a4_': 1.446576089362541, '_a2_': 1.0, '_a3_': 1.0, '_a5_': 1.0, '_a6_': 1.0, '_a7_': 1.0}};{'d0': 0.02490583291941663};-280.569866449044;51.86431031837961
44867;-88.4206229061421;((_a4_ + -(((-(pow2((-((_a0_ * (x + _a1_))) + _a4_))) * _a4_) * _a0_))) * x);{'d0': {'_a0_': 1.3265379383117326, '_a1_': 1.4024195065171192, '_a4_': 1.446576089362541, '_a2_': 1.0, '_a3_': 1.0, '_a5_': 1.0, '_a6_': 1.0, '_a7_': 1.0}};{'d0': 0.02490583291941663};-280.569866449044;51.86431031837961
44868;-88.4206229061421;((_a4_ + -(((-(pow2((-((_a0_ * (x + _a1_))) + _a4_))) * _a4_) * _a0_))) * x);{'d0': {'_a0_': 1.3265379383117326, '_a1_': 1.4024195065171192, '_a4_': 1.446576089362541, '_a2_': 1.0, '_a3_': 1.0, '_a5_': 1.0, '_a6_': 1.0, '_a7_': 1.0}};{'d0': 0.02490583291941663};-280.569866449044;51.86431031837961
44869;-88.4206229061421;((_a4_ + -(((-(pow2((-((_a0_ * (x + _a1_))) + _a4_))) * _a4_) * _a0_))) * x);{'d0': {'_a0_': 1.3265379383117326, '_a1_': 1.4024195065171192, '_a4_': 1.446576089362541, '_a2_': 1.0, '_a3_': 1.0, '_a5_': 1.0, '_a6_': 1.0, '_a7_': 1.0}};{'d0': 0.02490583291941663};-280.569866449044;51.86431031837961
44870;-88.4206229061421;((_a4_ + -(((-(pow2((-((_a0_ * (x + _a1_))) + _a4_))) * _a4_) * _a0_))) * x);{'d0': {'_a0_': 1.3265379383117326, '_a1_': 1.4024195065171192, '_a4_': 1.446576089362541, '_a2_': 1.0, '_a3_': 1.0, '_a5_': 1.0, '_a6_': 1.0, '_a7_': 1.0}};{'d0': 0.02490583291941663};-280.569866449044;51.86431031837961
44871;-88.4206229061421;((_a4_ + -(((-(pow2((-((_a0_ * (x + _a1_))) + _a4_))) * _a4_) * _a0_))) * x);{'d0': {'_a0_': 1.3265379383117326, '_a1_': 1.4024195065171192, '_a4_': 1.446576089362541, '_a2_': 1.0, '_a3_': 1.0, '_a5_': 1.0, '_a6_': 1.0, '_a7_': 1.0}};{'d0': 0.02490583291941663};-280.569866449044;51.86431031837961
44872;-88.4206229061421;((_a4_ + -(((-(pow2((-((_a0_ * (x + _a1_))) + _a4_))) * _a4_) * _a0_))) * x);{'d0': {'_a0_': 1.3265379383117326, '_a1_': 1.4024195065171192, '_a4_': 1.446576089362541, '_a2_': 1.0, '_a3_': 1.0, '_a5_': 1.0, '_a6_': 1.0, '_a7_': 1.0}};{'d0': 0.02490583291941663};-280.569866449044;51.86431031837961
44873;-88.4206229061421;((_a4_ + -(((-(pow2((-((_a0_ * (x + _a1_))) + _a4_))) * _a4_) * _a0_))) * x);{'d0': {'_a0_': 1.3265379383117326, '_a1_': 1.4024195065171192, '_a4_': 1.446576089362541, '_a2_': 1.0, '_a3_': 1.0, '_a5_': 1.0, '_a6_': 1.0, '_a7_': 1.0}};{'d0': 0.02490583291941663};-280.569866449044;51.86431031837961
44874;-88.4206229061421;((_a4_ + -(((-(pow2((-((_a0_ * (x + _a1_))) + _a4_))) * _a4_) * _a0_))) * x);{'d0': {'_a0_': 1.3265379383117326, '_a1_': 1.4024195065171192, '_a4_': 1.446576089362541, '_a2_': 1.0, '_a3_': 1.0, '_a5_': 1.0, '_a6_': 1.0, '_a7_': 1.0}};{'d0': 0.02490583291941663};-280.569866449044;51.86431031837961
44875;-90.6432544252910;(_a0_ + (((x * _a5_) / _a3_) * (_a0_ + ((pow2((_a6_ + x)) * _a3_) + _a0_))));{'d0': {'_a0_': 5.125559174135107e-10, '_a3_': 2.3929315710778892e-09, '_a5_': 3.376760872368897, '_a6_': 0.3119297075184332, '_a1_': 1.0, '_a2_': 1.0, '_a4_': 1.0, '_a7_': 1.0}};{'d0': 0.024905832939796473};-276.475521837725;47.59450649357154
44876;-90.6432544252910;(_a0_ + (((x * _a5_) / _a3_) * (_a0_ + ((pow2((_a6_ + x)) * _a3_) + _a0_))));{'d0': {'_a0_': 5.125559174135107e-10, '_a3_': 2.3929315710778892e-09, '_a5_': 3.376760872368897, '_a6_': 0.3119297075184332, '_a1_': 1.0, '_a2_': 1.0, '_a4_': 1.0, '_a7_': 1.0}};{'d0': 0.024905832939796473};-276.475521837725;47.59450649357154
44877;-90.6432544252910;(_a0_ + (((x * _a5_) / _a3_) * (_a0_ + ((pow2((_a6_ + x)) * _a3_) + _a0_))));{'d0': {'_a0_': 5.125559174135107e-10, '_a3_': 2.3929315710778892e-09, '_a5_': 3.376760872368897, '_a6_': 0.3119297075184332, '_a1_': 1.0, '_a2_': 1.0, '_a4_': 1.0, '_a7_': 1.0}};{'d0': 0.024905832939796473};-276.475521837725;47.59450649357154
44878;-90.6432544252910;(_a0_ + (((x * _a5_) / _a3_) * (_a0_ + ((pow2((_a6_ + x)) * _a3_) + _a0_))));{'d0': {'_a0_': 5.125559174135107e-10, '_a3_': 2.3929315710778892e-09, '_a5_': 3.376760872368897, '_a6_': 0.3119297075184332, '_a1_': 1.0, '_a2_': 1.0, '_a4_': 1.0, '_a7_': 1.0}};{'d0': 0.024905832939796473};-276.475521837725;47.59450649357154
44879;-90.6432544252910;(_a0_ + (((x * _a5_) / _a3_) * (_a0_ + ((pow2((_a6_ + x)) * _a3_) + _a0_))));{'d0': {'_a0_': 5.125559174135107e-10, '_a3_': 2.3929315710778892e-09, '_a5_': 3.376760872368897, '_a6_': 0.3119297075184332, '_a1_': 1.0, '_a2_': 1.0, '_a4_': 1.0, '_a7_': 1.0}};{'d0': 0.024905832939796473};-276.475521837725;47.59450649357154
44880;-90.6432544252910;(_a0_ + (((x * _a5_) / _a3_) * (_a0_ + ((pow2((_a6_ + x)) * _a3_) + _a0_))));{'d0': {'_a0_': 5.125559174135107e-10, '_a3_': 2.3929315710778892e-09, '_a5_': 3.376760872368897, '_a6_': 0.3119297075184332, '_a1_': 1.0, '_a2_': 1.0, '_a4_': 1.0, '_a7_': 1.0}};{'d0': 0.024905832939796473};-276.475521837725;47.59450649357154
44881;-90.6432544252910;(_a0_ + (((x * _a5_) / _a3_) * (_a0_ + ((pow2((_a6_ + x)) * _a3_) + _a0_))));{'d0': {'_a0_': 5.125559174135107e-10, '_a3_': 2.3929315710778892e-09, '_a5_': 3.376760872368897, '_a6_': 0.3119297075184332, '_a1_': 1.0, '_a2_': 1.0, '_a4_': 1.0, '_a7_': 1.0}};{'d0': 0.024905832939796473};-276.475521837725;47.59450649357154
44882;-90.6432544252910;(_a0_ + (((x * _a5_) / _a3_) * (_a0_ + ((pow2((_a6_ + x)) * _a3_) + _a0_))));{'d0': {'_a0_': 5.125559174135107e-10, '_a3_': 2.3929315710778892e-09, '_a5_': 3.376760872368897, '_a6_': 0.3119297075184332, '_a1_': 1.0, '_a2_': 1.0, '_a4_': 1.0, '_a7_': 1.0}};{'d0': 0.024905832939796473};-276.475521837725;47.59450649357154
44883;-88.6206050153180;(_a0_ + (((x * _a5_) / _a3_) * (_a0_ + ((pow2((_a6_ + x)) * _a3_) + _a1_))));{'d0': {'_a0_': -0.0010241028162410156, '_a1_': 0.0010241327607178226, '_a3_': 7.010484105436581e-08, '_a5_': 3.382517699344535, '_a6_': 0.3122755561976892, '_a2_': 1.0, '_a4_': 1.0, '_a7_': 1.0}};{'d0': 0.02488548250738788};-272.430223017779;47.59450649357154
44884;-88.6206050153180;(_a0_ + (((x * _a5_) / _a3_) * (_a0_ + ((pow2((_a6_ + x)) * _a3_) + _a1_))));{'d0': {'_a0_': -0.0010241028162410156, '_a1_': 0.0010241327607178226, '_a3_': 7.010484105436581e-08, '_a5_': 3.382517699344535, '_a6_': 0.3122755561976892, '_a2_': 1.0, '_a4_': 1.0, '_a7_': 1.0}};{'d0': 0.02488548250738788};-272.430223017779;47.59450649357154
44885;-88.6206050153180;(_a0_ + (((x * _a5_) / _a3_) * (_a0_ + ((pow2((_a6_ + x)) * _a3_) + _a1_))));{'d0': {'_a0_': -0.0010241028162410156, '_a1_': 0.0010241327607178226, '_a3_': 7.010484105436581e-08, '_a5_': 3.382517699344535, '_a6_': 0.3122755561976892, '_a2_': 1.0, '_a4_': 1.0, '_a7_': 1.0}};{'d0': 0.02488548250738788};-272.430223017779;47.59450649357154
44886;-88.6206050153180;(_a0_ + (((x * _a5_) / _a3_) * (_a0_ + ((pow2((_a6_ + x)) * _a3_) + _a1_))));{'d0': {'_a0_': -0.0010241028162410156, '_a1_': 0.0010241327607178226, '_a3_': 7.010484105436581e-08, '_a5_': 3.382517699344535, '_a6_': 0.3122755561976892, '_a2_': 1.0, '_a4_': 1.0, '_a7_': 1.0}};{'d0': 0.02488548250738788};-272.430223017779;47.59450649357154
44887;-88.6206050153180;(_a0_ + (((x * _a5_) / _a3_) * (_a0_ + ((pow2((_a6_ + x)) * _a3_) + _a1_))));{'d0': {'_a0_': -0.0010241028162410156, '_a1_': 0.0010241327607178226, '_a3_': 7.010484105436581e-08, '_a5_': 3.382517699344535, '_a6_': 0.3122755561976892, '_a2_': 1.0, '_a4_': 1.0, '_a7_': 1.0}};{'d0': 0.02488548250738788};-272.430223017779;47.59450649357154
44888;-88.6206050153180;(_a0_ + (((x * _a5_) / _a3_) * (_a0_ + ((pow2((_a6_ + x)) * _a3_) + _a1_))));{'d0': {'_a0_': -0.0010241028162410156, '_a1_': 0.0010241327607178226, '_a3_': 7.010484105436581e-08, '_a5_': 3.382517699344535, '_a6_': 0.3122755561976892, '_a2_': 1.0, '_a4_': 1.0, '_a7_': 1.0}};{'d0': 0.02488548250738788};-272.430223017779;47.59450649357154
44889;-88.6206050153180;(_a0_ + (((x * _a5_) / _a3_) * (_a0_ + ((pow2((_a6_ + x)) * _a3_) + _a1_))));{'d0': {'_a0_': -0.0010241028162410156, '_a1_': 0.0010241327607178226, '_a3_': 7.010484105436581e-08, '_a5_': 3.382517699344535, '_a6_': 0.3122755561976892, '_a2_': 1.0, '_a4_': 1.0, '_a7_': 1.0}};{'d0': 0.02488548250738788};-272.430223017779;47.59450649357154
44890;-88.6206050153180;(_a0_ + (((x * _a5_) / _a3_) * (_a0_ + ((pow2((_a6_ + x)) * _a3_) + _a1_))));{'d0': {'_a0_': -0.0010241028162410156, '_a1_': 0.0010241327607178226, '_a3_': 7.010484105436581e-08, '_a5_': 3.382517699344535, '_a6_': 0.3122755561976892, '_a2_': 1.0, '_a4_': 1.0, '_a7_': 1.0}};{'d0': 0.02488548250738788};-272.430223017779;47.59450649357154
44891;-88.6206050153180;(_a0_ + (((x * _a5_) / _a3_) * (_a0_ + ((pow2((_a6_ + x)) * _a3_) + _a1_))));{'d0': {'_a0_': -0.0010241028162410156, '_a1_': 0.0010241327607178226, '_a3_': 7.010484105436581e-08, '_a5_': 3.382517699344535, '_a6_': 0.3122755561976892, '_a2_': 1.0, '_a4_': 1.0, '_a7_': 1.0}};{'d0': 0.02488548250738788};-272.430223017779;47.59450649357154
44892;-88.6206050153180;(_a0_ + (((x * _a5_) / _a3_) * (_a0_ + ((pow2((_a6_ + x)) * _a3_) + _a1_))));{'d0': {'_a0_': -0.0010241028162410156, '_a1_': 0.0010241327607178226, '_a3_': 7.010484105436581e-08, '_a5_': 3.382517699344535, '_a6_': 0.3122755561976892, '_a2_': 1.0, '_a4_': 1.0, '_a7_': 1.0}};{'d0': 0.02488548250738788};-272.430223017779;47.59450649357154
44893;-88.6206050153180;(_a0_ + (((x * _a5_) / _a3_) * (_a0_ + ((pow2((_a6_ + x)) * _a3_) + _a1_))));{'d0': {'_a0_': -0.0010241028162410156, '_a1_': 0.0010241327607178226, '_a3_': 7.010484105436581e-08, '_a5_': 3.382517699344535, '_a6_': 0.3122755561976892, '_a2_': 1.0, '_a4_': 1.0, '_a7_': 1.0}};{'d0': 0.02488548250738788};-272.430223017779;47.59450649357154
44894;-88.6206050153180;(_a0_ + (((x * _a5_) / _a3_) * (_a0_ + ((pow2((_a6_ + x)) * _a3_) + _a1_))));{'d0': {'_a0_': -0.0010241028162410156, '_a1_': 0.0010241327607178226, '_a3_': 7.010484105436581e-08, '_a5_': 3.382517699344535, '_a6_': 0.3122755561976892, '_a2_': 1.0, '_a4_': 1.0, '_a7_': 1.0}};{'d0': 0.02488548250738788};-272.430223017779;47.59450649357154
44895;-88.6206050153180;(_a0_ + (((x * _a5_) / _a3_) * (_a0_ + ((pow2((_a6_ + x)) * _a3_) + _a1_))));{'d0': {'_a0_': -0.0010241028162410156, '_a1_': 0.0010241327607178226, '_a3_': 7.010484105436581e-08, '_a5_': 3.382517699344535, '_a6_': 0.3122755561976892, '_a2_': 1.0, '_a4_': 1.0, '_a7_': 1.0}};{'d0': 0.02488548250738788};-272.430223017779;47.59450649357154
44896;-88.6206050153180;(_a0_ + (((x * _a5_) / _a3_) * (_a0_ + ((pow2((_a6_ + x)) * _a3_) + _a1_))));{'d0': {'_a0_': -0.0010241028162410156, '_a1_': 0.0010241327607178226, '_a3_': 7.010484105436581e-08, '_a5_': 3.382517699344535, '_a6_': 0.3122755561976892, '_a2_': 1.0, '_a4_': 1.0, '_a7_': 1.0}};{'d0': 0.02488548250738788};-272.430223017779;47.59450649357154
44897;-88.6206050153180;(_a0_ + (((x * _a5_) / _a3_) * (_a0_ + ((pow2((_a6_ + x)) * _a3_) + _a1_))));{'d0': {'_a0_': -0.0010241028162410156, '_a1_': 0.0010241327607178226, '_a3_': 7.010484105436581e-08, '_a5_': 3.382517699344535, '_a6_': 0.3122755561976892, '_a2_': 1.0, '_a4_': 1.0, '_a7_': 1.0}};{'d0': 0.02488548250738788};-272.430223017779;47.59450649357154
44898;-88.6206050153180;(_a0_ + (((x * _a5_) / _a3_) * (_a0_ + ((pow2((_a6_ + x)) * _a3_) + _a1_))));{'d0': {'_a0_': -0.0010241028162410156, '_a1_': 0.0010241327607178226, '_a3_': 7.010484105436581e-08, '_a5_': 3.382517699344535, '_a6_': 0.3122755561976892, '_a2_': 1.0, '_a4_': 1.0, '_a7_': 1.0}};{'d0': 0.02488548250738788};-272.430223017779;47.59450649357154
44899;-88.6206050153180;(_a0_ + (((x * _a5_) / _a3_) * (_a0_ + ((pow2((_a6_ + x)) * _a3_) + _a1_))));{'d0': {'_a0_': -0.0010241028162410156, '_a1_': 0.0010241327607178226, '_a3_': 7.010484105436581e-08, '_a5_': 3.382517699344535, '_a6_': 0.3122755561976892, '_a2_': 1.0, '_a4_': 1.0, '_a7_': 1.0}};{'d0': 0.02488548250738788};-272.430223017779;47.59450649357154
44900;-88.6206050153180;(_a0_ + (((x * _a5_) / _a3_) * (_a0_ + ((pow2((_a6_ + x)) * _a3_) + _a1_))));{'d0': {'_a0_': -0.0010241028162410156, '_a1_': 0.0010241327607178226, '_a3_': 7.010484105436581e-08, '_a5_': 3.382517699344535, '_a6_': 0.3122755561976892, '_a2_': 1.0, '_a4_': 1.0, '_a7_': 1.0}};{'d0': 0.02488548250738788};-272.430223017779;47.59450649357154
44901;-88.6206050153180;(_a0_ + (((x * _a5_) / _a3_) * (_a0_ + ((pow2((_a6_ + x)) * _a3_) + _a1_))));{'d0': {'_a0_': -0.0010241028162410156, '_a1_': 0.0010241327607178226, '_a3_': 7.010484105436581e-08, '_a5_': 3.382517699344535, '_a6_': 0.3122755561976892, '_a2_': 1.0, '_a4_': 1.0, '_a7_': 1.0}};{'d0': 0.02488548250738788};-272.430223017779;47.59450649357154
44902;-88.6206050153180;(_a0_ + (((x * _a5_) / _a3_) * (_a0_ + ((pow2((_a6_ + x)) * _a3_) + _a1_))));{'d0': {'_a0_': -0.0010241028162410156, '_a1_': 0.0010241327607178226, '_a3_': 7.010484105436581e-08, '_a5_': 3.382517699344535, '_a6_': 0.3122755561976892, '_a2_': 1.0, '_a4_': 1.0, '_a7_': 1.0}};{'d0': 0.02488548250738788};-272.430223017779;47.59450649357154
44903;-88.6206050153180;(_a0_ + (((x * _a5_) / _a3_) * (_a0_ + ((pow2((_a6_ + x)) * _a3_) + _a1_))));{'d0': {'_a0_': -0.0010241028162410156, '_a1_': 0.0010241327607178226, '_a3_': 7.010484105436581e-08, '_a5_': 3.382517699344535, '_a6_': 0.3122755561976892, '_a2_': 1.0, '_a4_': 1.0, '_a7_': 1.0}};{'d0': 0.02488548250738788};-272.430223017779;47.59450649357154
44904;-88.6206050153180;(_a0_ + (((x * _a5_) / _a3_) * (_a0_ + ((pow2((_a6_ + x)) * _a3_) + _a1_))));{'d0': {'_a0_': -0.0010241028162410156, '_a1_': 0.0010241327607178226, '_a3_': 7.010484105436581e-08, '_a5_': 3.382517699344535, '_a6_': 0.3122755561976892, '_a2_': 1.0, '_a4_': 1.0, '_a7_': 1.0}};{'d0': 0.02488548250738788};-272.430223017779;47.59450649357154
44905;-88.6206050153180;(_a0_ + (((x * _a5_) / _a3_) * (_a0_ + ((pow2((_a6_ + x)) * _a3_) + _a1_))));{'d0': {'_a0_': -0.0010241028162410156, '_a1_': 0.0010241327607178226, '_a3_': 7.010484105436581e-08, '_a5_': 3.382517699344535, '_a6_': 0.3122755561976892, '_a2_': 1.0, '_a4_': 1.0, '_a7_': 1.0}};{'d0': 0.02488548250738788};-272.430223017779;47.59450649357154
44906;-88.6206050153180;(_a0_ + (((x * _a5_) / _a3_) * (_a0_ + ((pow2((_a6_ + x)) * _a3_) + _a1_))));{'d0': {'_a0_': -0.0010241028162410156, '_a1_': 0.0010241327607178226, '_a3_': 7.010484105436581e-08, '_a5_': 3.382517699344535, '_a6_': 0.3122755561976892, '_a2_': 1.0, '_a4_': 1.0, '_a7_': 1.0}};{'d0': 0.02488548250738788};-272.430223017779;47.59450649357154
44907;-88.6206050153180;(_a0_ + (((x * _a5_) / _a3_) * (_a0_ + ((pow2((_a6_ + x)) * _a3_) + _a1_))));{'d0': {'_a0_': -0.0010241028162410156, '_a1_': 0.0010241327607178226, '_a3_': 7.010484105436581e-08, '_a5_': 3.382517699344535, '_a6_': 0.3122755561976892, '_a2_': 1.0, '_a4_': 1.0, '_a7_': 1.0}};{'d0': 0.02488548250738788};-272.430223017779;47.59450649357154
44908;-88.6206050153180;(_a0_ + (((x * _a5_) / _a3_) * (_a0_ + ((pow2((_a6_ + x)) * _a3_) + _a1_))));{'d0': {'_a0_': -0.0010241028162410156, '_a1_': 0.0010241327607178226, '_a3_': 7.010484105436581e-08, '_a5_': 3.382517699344535, '_a6_': 0.3122755561976892, '_a2_': 1.0, '_a4_': 1.0, '_a7_': 1.0}};{'d0': 0.02488548250738788};-272.430223017779;47.59450649357154
44909;-88.6206050153180;(_a0_ + (((x * _a5_) / _a3_) * (_a0_ + ((pow2((_a6_ + x)) * _a3_) + _a1_))));{'d0': {'_a0_': -0.0010241028162410156, '_a1_': 0.0010241327607178226, '_a3_': 7.010484105436581e-08, '_a5_': 3.382517699344535, '_a6_': 0.3122755561976892, '_a2_': 1.0, '_a4_': 1.0, '_a7_': 1.0}};{'d0': 0.02488548250738788};-272.430223017779;47.59450649357154
44910;-88.6206050153180;(_a0_ + (((x * _a5_) / _a3_) * (_a0_ + ((pow2((_a6_ + x)) * _a3_) + _a1_))));{'d0': {'_a0_': -0.0010241028162410156, '_a1_': 0.0010241327607178226, '_a3_': 7.010484105436581e-08, '_a5_': 3.382517699344535, '_a6_': 0.3122755561976892, '_a2_': 1.0, '_a4_': 1.0, '_a7_': 1.0}};{'d0': 0.02488548250738788};-272.430223017779;47.59450649357154
44911;-88.6206050153180;(_a0_ + (((x * _a5_) / _a3_) * (_a0_ + ((pow2((_a6_ + x)) * _a3_) + _a1_))));{'d0': {'_a0_': -0.0010241028162410156, '_a1_': 0.0010241327607178226, '_a3_': 7.010484105436581e-08, '_a5_': 3.382517699344535, '_a6_': 0.3122755561976892, '_a2_': 1.0, '_a4_': 1.0, '_a7_': 1.0}};{'d0': 0.02488548250738788};-272.430223017779;47.59450649357154
44912;-88.6206050153180;(_a0_ + (((x * _a5_) / _a3_) * (_a0_ + ((pow2((_a6_ + x)) * _a3_) + _a1_))));{'d0': {'_a0_': -0.0010241028162410156, '_a1_': 0.0010241327607178226, '_a3_': 7.010484105436581e-08, '_a5_': 3.382517699344535, '_a6_': 0.3122755561976892, '_a2_': 1.0, '_a4_': 1.0, '_a7_': 1.0}};{'d0': 0.02488548250738788};-272.430223017779;47.59450649357154
44913;-88.6206050153180;(_a0_ + (((x * _a5_) / _a3_) * (_a0_ + ((pow2((_a6_ + x)) * _a3_) + _a1_))));{'d0': {'_a0_': -0.0010241028162410156, '_a1_': 0.0010241327607178226, '_a3_': 7.010484105436581e-08, '_a5_': 3.382517699344535, '_a6_': 0.3122755561976892, '_a2_': 1.0, '_a4_': 1.0, '_a7_': 1.0}};{'d0': 0.02488548250738788};-272.430223017779;47.59450649357154
44914;-81.4720626757845;(((_a0_ / _a2_) + -(((-(pow2((-((_a0_ * (x + _a5_))) * _a4_))) * _a4_) * _a0_))) * x);{'d0': {'_a0_': 1.7864771636752599, '_a2_': 1.2349693714027814, '_a4_': 0.8397870145648378, '_a5_': 0.31192970770838807, '_a1_': 1.0, '_a3_': 1.0, '_a6_': 1.0, '_a7_': 1.0}};{'d0': 0.024905832936099548};-276.475521846631;56.76569824753101
44915;-81.4720626757845;(((_a0_ / _a2_) + -(((-(pow2((-((_a0_ * (x + _a5_))) * _a4_))) * _a4_) * _a0_))) * x);{'d0': {'_a0_': 1.7864771636752599, '_a2_': 1.2349693714027814, '_a4_': 0.8397870145648378, '_a5_': 0.31192970770838807, '_a1_': 1.0, '_a3_': 1.0, '_a6_': 1.0, '_a7_': 1.0}};{'d0': 0.024905832936099548};-276.475521846631;56.76569824753101
44916;-81.4720626757845;(((_a0_ / _a2_) + -(((-(pow2((-((_a0_ * (x + _a5_))) * _a4_))) * _a4_) * _a0_))) * x);{'d0': {'_a0_': 1.7864771636752599, '_a2_': 1.2349693714027814, '_a4_': 0.8397870145648378, '_a5_': 0.31192970770838807, '_a1_': 1.0, '_a3_': 1.0, '_a6_': 1.0, '_a7_': 1.0}};{'d0': 0.024905832936099548};-276.475521846631;56.76569824753101
44917;-81.4720626757845;(((_a0_ / _a2_) + -(((-(pow2((-((_a0_ * (x + _a5_))) * _a4_))) * _a4_) * _a0_))) * x);{'d0': {'_a0_': 1.7864771636752599, '_a2_': 1.2349693714027814, '_a4_': 0.8397870145648378, '_a5_': 0.31192970770838807, '_a1_': 1.0, '_a3_': 1.0, '_a6_': 1.0, '_a7_': 1.0}};{'d0': 0.024905832936099548};-276.475521846631;56.76569824753101
44918;-81.4720626757845;(((_a0_ / _a2_) + -(((-(pow2((-((_a0_ * (x + _a5_))) * _a4_))) * _a4_) * _a0_))) * x);{'d0': {'_a0_': 1.7864771636752599, '_a2_': 1.2349693714027814, '_a4_': 0.8397870145648378, '_a5_': 0.31192970770838807, '_a1_': 1.0, '_a3_': 1.0, '_a6_': 1.0, '_a7_': 1.0}};{'d0': 0.024905832936099548};-276.475521846631;56.76569824753101
44919;-81.4720626757845;(((_a0_ / _a2_) + -(((-(pow2((-((_a0_ * (x + _a5_))) * _a4_))) * _a4_) * _a0_))) * x);{'d0': {'_a0_': 1.7864771636752599, '_a2_': 1.2349693714027814, '_a4_': 0.8397870145648378, '_a5_': 0.31192970770838807, '_a1_': 1.0, '_a3_': 1.0, '_a6_': 1.0, '_a7_': 1.0}};{'d0': 0.024905832936099548};-276.475521846631;56.76569824753101
44920;-81.4720626757845;(((_a0_ / _a2_) + -(((-(pow2((-((_a0_ * (x + _a5_))) * _a4_))) * _a4_) * _a0_))) * x);{'d0': {'_a0_': 1.7864771636752599, '_a2_': 1.2349693714027814, '_a4_': 0.8397870145648378, '_a5_': 0.31192970770838807, '_a1_': 1.0, '_a3_': 1.0, '_a6_': 1.0, '_a7_': 1.0}};{'d0': 0.024905832936099548};-276.475521846631;56.76569824753101
44921;-81.4720626757845;(((_a0_ / _a2_) + -(((-(pow2((-((_a0_ * (x + _a5_))) * _a4_))) * _a4_) * _a0_))) * x);{'d0': {'_a0_': 1.7864771636752599, '_a2_': 1.2349693714027814, '_a4_': 0.8397870145648378, '_a5_': 0.31192970770838807, '_a1_': 1.0, '_a3_': 1.0, '_a6_': 1.0, '_a7_': 1.0}};{'d0': 0.024905832936099548};-276.475521846631;56.76569824753101
44922;-81.4720626757845;(((_a0_ / _a2_) + -(((-(pow2((-((_a0_ * (x + _a5_))) * _a4_))) * _a4_) * _a0_))) * x);{'d0': {'_a0_': 1.7864771636752599, '_a2_': 1.2349693714027814, '_a4_': 0.8397870145648378, '_a5_': 0.31192970770838807, '_a1_': 1.0, '_a3_': 1.0, '_a6_': 1.0, '_a7_': 1.0}};{'d0': 0.024905832936099548};-276.475521846631;56.76569824753101
44923;-81.4720626757845;(((_a0_ / _a2_) + -(((-(pow2((-((_a0_ * (x + _a5_))) * _a4_))) * _a4_) * _a0_))) * x);{'d0': {'_a0_': 1.7864771636752599, '_a2_': 1.2349693714027814, '_a4_': 0.8397870145648378, '_a5_': 0.31192970770838807, '_a1_': 1.0, '_a3_': 1.0, '_a6_': 1.0, '_a7_': 1.0}};{'d0': 0.024905832936099548};-276.475521846631;56.76569824753101
44924;-81.4720626757845;(((_a0_ / _a2_) + -(((-(pow2((-((_a0_ * (x + _a5_))) * _a4_))) * _a4_) * _a0_))) * x);{'d0': {'_a0_': 1.7864771636752599, '_a2_': 1.2349693714027814, '_a4_': 0.8397870145648378, '_a5_': 0.31192970770838807, '_a1_': 1.0, '_a3_': 1.0, '_a6_': 1.0, '_a7_': 1.0}};{'d0': 0.024905832936099548};-276.475521846631;56.76569824753101
44925;-81.4720626757845;(((_a0_ / _a2_) + -(((-(pow2((-((_a0_ * (x + _a5_))) * _a4_))) * _a4_) * _a0_))) * x);{'d0': {'_a0_': 1.7864771636752599, '_a2_': 1.2349693714027814, '_a4_': 0.8397870145648378, '_a5_': 0.31192970770838807, '_a1_': 1.0, '_a3_': 1.0, '_a6_': 1.0, '_a7_': 1.0}};{'d0': 0.024905832936099548};-276.475521846631;56.76569824753101
44926;-81.4720626757845;(((_a0_ / _a2_) + -(((-(pow2((-((_a0_ * (x + _a5_))) * _a4_))) * _a4_) * _a0_))) * x);{'d0': {'_a0_': 1.7864771636752599, '_a2_': 1.2349693714027814, '_a4_': 0.8397870145648378, '_a5_': 0.31192970770838807, '_a1_': 1.0, '_a3_': 1.0, '_a6_': 1.0, '_a7_': 1.0}};{'d0': 0.024905832936099548};-276.475521846631;56.76569824753101
44927;-81.4720626757845;(((_a0_ / _a2_) + -(((-(pow2((-((_a0_ * (x + _a5_))) * _a4_))) * _a4_) * _a0_))) * x);{'d0': {'_a0_': 1.7864771636752599, '_a2_': 1.2349693714027814, '_a4_': 0.8397870145648378, '_a5_': 0.31192970770838807, '_a1_': 1.0, '_a3_': 1.0, '_a6_': 1.0, '_a7_': 1.0}};{'d0': 0.024905832936099548};-276.475521846631;56.76569824753101
44928;-81.4720626757845;(((_a0_ / _a2_) + -(((-(pow2((-((_a0_ * (x + _a5_))) * _a4_))) * _a4_) * _a0_))) * x);{'d0': {'_a0_': 1.7864771636752599, '_a2_': 1.2349693714027814, '_a4_': 0.8397870145648378, '_a5_': 0.31192970770838807, '_a1_': 1.0, '_a3_': 1.0, '_a6_': 1.0, '_a7_': 1.0}};{'d0': 0.024905832936099548};-276.475521846631;56.76569824753101
44929;-81.4720626757845;(((_a0_ / _a2_) + -(((-(pow2((-((_a0_ * (x + _a5_))) * _a4_))) * _a4_) * _a0_))) * x);{'d0': {'_a0_': 1.7864771636752599, '_a2_': 1.2349693714027814, '_a4_': 0.8397870145648378, '_a5_': 0.31192970770838807, '_a1_': 1.0, '_a3_': 1.0, '_a6_': 1.0, '_a7_': 1.0}};{'d0': 0.024905832936099548};-276.475521846631;56.76569824753101
44930;-82.7266446809831;((pow3(_a0_) + -(((-(pow2((-((_a0_ * (x + _a5_))) * _a4_))) * _a4_) * _a0_))) * x);{'d0': {'_a0_': 1.130959607060595, '_a4_': 1.3265379382908364, '_a5_': 0.3119297077223355, '_a1_': 1.0, '_a2_': 1.0, '_a3_': 1.0, '_a6_': 1.0, '_a7_': 1.0}};{'d0': 0.02490583291941664};-280.569866449044;57.558288543538616
44931;-82.6559783972931;(((_a0_ ** _a5_) + -(((-(pow2((-((_a0_ * (x + _a5_))) * _a4_))) * _a4_) * _a0_))) * x);{'d0': {'_a0_': 3.2661052400626547, '_a4_': 0.45934246311925986, '_a5_': 0.31192970775804707, '_a1_': 1.0, '_a2_': 1.0, '_a3_': 1.0, '_a6_': 1.0, '_a7_': 1.0}};{'d0': 0.02490583291941665};-280.569866449044;57.62895482722862
44932;-82.6559783972931;(((_a0_ ** _a5_) + -(((-(pow2((-((_a0_ * (x + _a5_))) * _a4_))) * _a4_) * _a0_))) * x);{'d0': {'_a0_': 3.2661052400626547, '_a4_': 0.45934246311925986, '_a5_': 0.31192970775804707, '_a1_': 1.0, '_a2_': 1.0, '_a3_': 1.0, '_a6_': 1.0, '_a7_': 1.0}};{'d0': 0.02490583291941665};-280.569866449044;57.62895482722862
44933;-82.6559783972931;(((_a0_ ** _a5_) + -(((-(pow2((-((_a0_ * (x + _a5_))) * _a4_))) * _a4_) * _a0_))) * x);{'d0': {'_a0_': 3.2661052400626547, '_a4_': 0.45934246311925986, '_a5_': 0.31192970775804707, '_a1_': 1.0, '_a2_': 1.0, '_a3_': 1.0, '_a6_': 1.0, '_a7_': 1.0}};{'d0': 0.02490583291941665};-280.569866449044;57.62895482722862
44934;-82.6559783972931;(((_a0_ ** _a5_) + -(((-(pow2((-((_a0_ * (x + _a5_))) * _a4_))) * _a4_) * _a0_))) * x);{'d0': {'_a0_': 3.2661052400626547, '_a4_': 0.45934246311925986, '_a5_': 0.31192970775804707, '_a1_': 1.0, '_a2_': 1.0, '_a3_': 1.0, '_a6_': 1.0, '_a7_': 1.0}};{'d0': 0.02490583291941665};-280.569866449044;57.62895482722862
44935;-82.6559783972931;(((_a0_ ** _a5_) + -(((-(pow2((-((_a0_ * (x + _a5_))) * _a4_))) * _a4_) * _a0_))) * x);{'d0': {'_a0_': 3.2661052400626547, '_a4_': 0.45934246311925986, '_a5_': 0.31192970775804707, '_a1_': 1.0, '_a2_': 1.0, '_a3_': 1.0, '_a6_': 1.0, '_a7_': 1.0}};{'d0': 0.02490583291941665};-280.569866449044;57.62895482722862
44936;-82.6559783972931;(((_a0_ ** _a5_) + -(((-(pow2((-((_a0_ * (x + _a5_))) * _a4_))) * _a4_) * _a0_))) * x);{'d0': {'_a0_': 3.2661052400626547, '_a4_': 0.45934246311925986, '_a5_': 0.31192970775804707, '_a1_': 1.0, '_a2_': 1.0, '_a3_': 1.0, '_a6_': 1.0, '_a7_': 1.0}};{'d0': 0.02490583291941665};-280.569866449044;57.62895482722862
44937;-82.6559783972931;(((_a0_ ** _a5_) + -(((-(pow2((-((_a0_ * (x + _a5_))) * _a4_))) * _a4_) * _a0_))) * x);{'d0': {'_a0_': 3.2661052400626547, '_a4_': 0.45934246311925986, '_a5_': 0.31192970775804707, '_a1_': 1.0, '_a2_': 1.0, '_a3_': 1.0, '_a6_': 1.0, '_a7_': 1.0}};{'d0': 0.02490583291941665};-280.569866449044;57.62895482722862
44938;-99.4619796209259;((((_a2_ * pow2(((_a2_ * _a1_) + x))) + _a5_) + (_a5_ * _a5_)) * x);{'d0': {'_a1_': 0.09237542099435649, '_a2_': 3.376760878487175, '_a5_': 0.8025268096840116, '_a0_': 1.0, '_a3_': 1.0, '_a4_': 1.0, '_a6_': 1.0, '_a7_': 1.0}};{'d0': 0.024905832919416646};-280.569866449044;40.822953603596105
44939;-99.4619796209259;((((_a2_ * pow2(((_a2_ * _a1_) + x))) + _a5_) + (_a5_ * _a5_)) * x);{'d0': {'_a1_': 0.09237542099435649, '_a2_': 3.376760878487175, '_a5_': 0.8025268096840116, '_a0_': 1.0, '_a3_': 1.0, '_a4_': 1.0, '_a6_': 1.0, '_a7_': 1.0}};{'d0': 0.024905832919416646};-280.569866449044;40.822953603596105
44940;-99.4619796209259;((((_a2_ * pow2(((_a2_ * _a1_) + x))) + _a5_) + (_a5_ * _a5_)) * x);{'d0': {'_a1_': 0.09237542099435649, '_a2_': 3.376760878487175, '_a5_': 0.8025268096840116, '_a0_': 1.0, '_a3_': 1.0, '_a4_': 1.0, '_a6_': 1.0, '_a7_': 1.0}};{'d0': 0.024905832919416646};-280.569866449044;40.822953603596105
44941;-99.4619796209259;((((_a2_ * pow2(((_a2_ * _a1_) + x))) + _a5_) + (_a5_ * _a5_)) * x);{'d0': {'_a1_': 0.09237542099435649, '_a2_': 3.376760878487175, '_a5_': 0.8025268096840116, '_a0_': 1.0, '_a3_': 1.0, '_a4_': 1.0, '_a6_': 1.0, '_a7_': 1.0}};{'d0': 0.024905832919416646};-280.569866449044;40.822953603596105
44942;-99.4619796209259;((((_a2_ * pow2(((_a2_ * _a1_) + x))) + _a5_) + (_a5_ * _a5_)) * x);{'d0': {'_a1_': 0.09237542099435649, '_a2_': 3.376760878487175, '_a5_': 0.8025268096840116, '_a0_': 1.0, '_a3_': 1.0, '_a4_': 1.0, '_a6_': 1.0, '_a7_': 1.0}};{'d0': 0.024905832919416646};-280.569866449044;40.822953603596105
44943;-99.4619796209259;((((_a2_ * pow2(((_a2_ * _a1_) + x))) + _a5_) + (_a5_ * _a5_)) * x);{'d0': {'_a1_': 0.09237542099435649, '_a2_': 3.376760878487175, '_a5_': 0.8025268096840116, '_a0_': 1.0, '_a3_': 1.0, '_a4_': 1.0, '_a6_': 1.0, '_a7_': 1.0}};{'d0': 0.024905832919416646};-280.569866449044;40.822953603596105
44944;-99.4619796209259;((((_a2_ * pow2(((_a2_ * _a1_) + x))) + _a5_) + (_a5_ * _a5_)) * x);{'d0': {'_a1_': 0.09237542099435649, '_a2_': 3.376760878487175, '_a5_': 0.8025268096840116, '_a0_': 1.0, '_a3_': 1.0, '_a4_': 1.0, '_a6_': 1.0, '_a7_': 1.0}};{'d0': 0.024905832919416646};-280.569866449044;40.822953603596105
44945;-99.4619796209259;((((_a2_ * pow2(((_a2_ * _a1_) + x))) + _a5_) + (_a5_ * _a5_)) * x);{'d0': {'_a1_': 0.09237542099435649, '_a2_': 3.376760878487175, '_a5_': 0.8025268096840116, '_a0_': 1.0, '_a3_': 1.0, '_a4_': 1.0, '_a6_': 1.0, '_a7_': 1.0}};{'d0': 0.024905832919416646};-280.569866449044;40.822953603596105
44946;-99.4619796209259;((((_a2_ * pow2(((_a2_ * _a1_) + x))) + _a5_) + (_a5_ * _a5_)) * x);{'d0': {'_a1_': 0.09237542099435649, '_a2_': 3.376760878487175, '_a5_': 0.8025268096840116, '_a0_': 1.0, '_a3_': 1.0, '_a4_': 1.0, '_a6_': 1.0, '_a7_': 1.0}};{'d0': 0.024905832919416646};-280.569866449044;40.822953603596105
44947;-99.4619796209259;((((_a2_ * pow2(((_a2_ * _a1_) + x))) + _a5_) + (_a5_ * _a5_)) * x);{'d0': {'_a1_': 0.09237542099435649, '_a2_': 3.376760878487175, '_a5_': 0.8025268096840116, '_a0_': 1.0, '_a3_': 1.0, '_a4_': 1.0, '_a6_': 1.0, '_a7_': 1.0}};{'d0': 0.024905832919416646};-280.569866449044;40.822953603596105
44948;-99.4619796209259;((((_a2_ * pow2(((_a2_ * _a1_) + x))) + _a5_) + (_a5_ * _a5_)) * x);{'d0': {'_a1_': 0.09237542099435649, '_a2_': 3.376760878487175, '_a5_': 0.8025268096840116, '_a0_': 1.0, '_a3_': 1.0, '_a4_': 1.0, '_a6_': 1.0, '_a7_': 1.0}};{'d0': 0.024905832919416646};-280.569866449044;40.822953603596105
44949;-99.4619796209259;((((_a2_ * pow2(((_a2_ * _a1_) + x))) + _a5_) + (_a5_ * _a5_)) * x);{'d0': {'_a1_': 0.09237542099435649, '_a2_': 3.376760878487175, '_a5_': 0.8025268096840116, '_a0_': 1.0, '_a3_': 1.0, '_a4_': 1.0, '_a6_': 1.0, '_a7_': 1.0}};{'d0': 0.024905832919416646};-280.569866449044;40.822953603596105
44950;-99.4619796209259;((((_a2_ * pow2(((_a2_ * _a1_) + x))) + _a5_) + (_a5_ * _a5_)) * x);{'d0': {'_a1_': 0.09237542099435649, '_a2_': 3.376760878487175, '_a5_': 0.8025268096840116, '_a0_': 1.0, '_a3_': 1.0, '_a4_': 1.0, '_a6_': 1.0, '_a7_': 1.0}};{'d0': 0.024905832919416646};-280.569866449044;40.822953603596105
44951;-99.4619796209259;((((_a2_ * pow2(((_a2_ * _a1_) + x))) + _a5_) + (_a5_ * _a5_)) * x);{'d0': {'_a1_': 0.09237542099435649, '_a2_': 3.376760878487175, '_a5_': 0.8025268096840116, '_a0_': 1.0, '_a3_': 1.0, '_a4_': 1.0, '_a6_': 1.0, '_a7_': 1.0}};{'d0': 0.024905832919416646};-280.569866449044;40.822953603596105
44952;-99.4619796209259;((((_a2_ * pow2(((_a2_ * _a1_) + x))) + _a5_) + (_a5_ * _a5_)) * x);{'d0': {'_a1_': 0.09237542099435649, '_a2_': 3.376760878487175, '_a5_': 0.8025268096840116, '_a0_': 1.0, '_a3_': 1.0, '_a4_': 1.0, '_a6_': 1.0, '_a7_': 1.0}};{'d0': 0.024905832919416646};-280.569866449044;40.822953603596105
44953;-99.4619796209259;((((_a2_ * pow2(((_a2_ * _a1_) + x))) + _a5_) + (_a5_ * _a5_)) * x);{'d0': {'_a1_': 0.09237542099435649, '_a2_': 3.376760878487175, '_a5_': 0.8025268096840116, '_a0_': 1.0, '_a3_': 1.0, '_a4_': 1.0, '_a6_': 1.0, '_a7_': 1.0}};{'d0': 0.024905832919416646};-280.569866449044;40.822953603596105
44954;-99.4619796209259;((((_a2_ * pow2(((_a2_ * _a1_) + x))) + _a5_) + (_a5_ * _a5_)) * x);{'d0': {'_a1_': 0.09237542099435649, '_a2_': 3.376760878487175, '_a5_': 0.8025268096840116, '_a0_': 1.0, '_a3_': 1.0, '_a4_': 1.0, '_a6_': 1.0, '_a7_': 1.0}};{'d0': 0.024905832919416646};-280.569866449044;40.822953603596105
44955;-98.7189549202667;((_a4_ + ((sqrt(_a0_) + x) * x)) * ((_a2_ * (x * _a4_)) * _a0_));{'d0': {'_a0_': 0.38920057062677077, '_a2_': 16.504244943127745, '_a4_': 0.525691770857609, '_a1_': 1.0, '_a3_': 1.0, '_a5_': 1.0, '_a6_': 1.0, '_a7_': 1.0}};{'d0': 0.02490583291941664};-280.569866449044;41.565978304255104
44956;-98.7189549202667;((_a4_ + ((sqrt(_a0_) + x) * x)) * ((_a2_ * (x * _a4_)) * _a0_));{'d0': {'_a0_': 0.38920057062677077, '_a2_': 16.504244943127745, '_a4_': 0.525691770857609, '_a1_': 1.0, '_a3_': 1.0, '_a5_': 1.0, '_a6_': 1.0, '_a7_': 1.0}};{'d0': 0.02490583291941664};-280.569866449044;41.565978304255104
44957;-98.7189549202667;((_a4_ + ((sqrt(_a0_) + x) * x)) * ((_a2_ * (x * _a4_)) * _a0_));{'d0': {'_a0_': 0.38920057062677077, '_a2_': 16.504244943127745, '_a4_': 0.525691770857609, '_a1_': 1.0, '_a3_': 1.0, '_a5_': 1.0, '_a6_': 1.0, '_a7_': 1.0}};{'d0': 0.02490583291941664};-280.569866449044;41.565978304255104
44958;-98.7189549202667;((_a4_ + ((sqrt(_a0_) + x) * x)) * ((_a2_ * (x * _a4_)) * _a0_));{'d0': {'_a0_': 0.38920057062677077, '_a2_': 16.504244943127745, '_a4_': 0.525691770857609, '_a1_': 1.0, '_a3_': 1.0, '_a5_': 1.0, '_a6_': 1.0, '_a7_': 1.0}};{'d0': 0.02490583291941664};-280.569866449044;41.565978304255104
44959;-98.7189549202667;((_a4_ + ((sqrt(_a0_) + x) * x)) * ((_a2_ * (x * _a4_)) * _a0_));{'d0': {'_a0_': 0.38920057062677077, '_a2_': 16.504244943127745, '_a4_': 0.525691770857609, '_a1_': 1.0, '_a3_': 1.0, '_a5_': 1.0, '_a6_': 1.0, '_a7_': 1.0}};{'d0': 0.02490583291941664};-280.569866449044;41.565978304255104
44960;-98.7189549202667;((_a4_ + ((sqrt(_a0_) + x) * x)) * ((_a2_ * (x * _a4_)) * _a0_));{'d0': {'_a0_': 0.38920057062677077, '_a2_': 16.504244943127745, '_a4_': 0.525691770857609, '_a1_': 1.0, '_a3_': 1.0, '_a5_': 1.0, '_a6_': 1.0, '_a7_': 1.0}};{'d0': 0.02490583291941664};-280.569866449044;41.565978304255104
44961;-98.7189549202667;((_a4_ + ((sqrt(_a0_) + x) * x)) * ((_a2_ * (x * _a4_)) * _a0_));{'d0': {'_a0_': 0.38920057062677077, '_a2_': 16.504244943127745, '_a4_': 0.525691770857609, '_a1_': 1.0, '_a3_': 1.0, '_a5_': 1.0, '_a6_': 1.0, '_a7_': 1.0}};{'d0': 0.02490583291941664};-280.569866449044;41.565978304255104
44962;-98.7189549202667;((_a4_ + ((sqrt(_a0_) + x) * x)) * ((_a2_ * (x * _a4_)) * _a0_));{'d0': {'_a0_': 0.38920057062677077, '_a2_': 16.504244943127745, '_a4_': 0.525691770857609, '_a1_': 1.0, '_a3_': 1.0, '_a5_': 1.0, '_a6_': 1.0, '_a7_': 1.0}};{'d0': 0.02490583291941664};-280.569866449044;41.565978304255104
44963;-96.6717826237069;((_a4_ + ((sqrt(_a0_) + x) * x)) * ((_a2_ * (x * _a1_)) * _a0_));{'d0': {'_a0_': 0.38920057049791923, '_a1_': 0.8996950481635244, '_a2_': 9.643425804964663, '_a4_': 0.5256917705962894, '_a3_': 1.0, '_a5_': 1.0, '_a6_': 1.0, '_a7_': 1.0}};{'d0': 0.024905832932242158};-276.475521855924;41.565978304255104
44964;-96.6717826237069;((_a4_ + ((sqrt(_a0_) + x) * x)) * ((_a2_ * (x * _a1_)) * _a0_));{'d0': {'_a0_': 0.38920057049791923, '_a1_': 0.8996950481635244, '_a2_': 9.643425804964663, '_a4_': 0.5256917705962894, '_a3_': 1.0, '_a5_': 1.0, '_a6_': 1.0, '_a7_': 1.0}};{'d0': 0.024905832932242158};-276.475521855924;41.565978304255104
44965;-96.6717826237069;((_a4_ + ((sqrt(_a0_) + x) * x)) * ((_a2_ * (x * _a1_)) * _a0_));{'d0': {'_a0_': 0.38920057049791923, '_a1_': 0.8996950481635244, '_a2_': 9.643425804964663, '_a4_': 0.5256917705962894, '_a3_': 1.0, '_a5_': 1.0, '_a6_': 1.0, '_a7_': 1.0}};{'d0': 0.024905832932242158};-276.475521855924;41.565978304255104
44966;-96.6717826237069;((_a4_ + ((sqrt(_a0_) + x) * x)) * ((_a2_ * (x * _a1_)) * _a0_));{'d0': {'_a0_': 0.38920057049791923, '_a1_': 0.8996950481635244, '_a2_': 9.643425804964663, '_a4_': 0.5256917705962894, '_a3_': 1.0, '_a5_': 1.0, '_a6_': 1.0, '_a7_': 1.0}};{'d0': 0.024905832932242158};-276.475521855924;41.565978304255104
44967;-96.6717826237069;((_a4_ + ((sqrt(_a0_) + x) * x)) * ((_a2_ * (x * _a1_)) * _a0_));{'d0': {'_a0_': 0.38920057049791923, '_a1_': 0.8996950481635244, '_a2_': 9.643425804964663, '_a4_': 0.5256917705962894, '_a3_': 1.0, '_a5_': 1.0, '_a6_': 1.0, '_a7_': 1.0}};{'d0': 0.024905832932242158};-276.475521855924;41.565978304255104
44968;-96.6717826237069;((_a4_ + ((sqrt(_a0_) + x) * x)) * ((_a2_ * (x * _a1_)) * _a0_));{'d0': {'_a0_': 0.38920057049791923, '_a1_': 0.8996950481635244, '_a2_': 9.643425804964663, '_a4_': 0.5256917705962894, '_a3_': 1.0, '_a5_': 1.0, '_a6_': 1.0, '_a7_': 1.0}};{'d0': 0.024905832932242158};-276.475521855924;41.565978304255104
44969;-96.6717826237069;((_a4_ + ((sqrt(_a0_) + x) * x)) * ((_a2_ * (x * _a1_)) * _a0_));{'d0': {'_a0_': 0.38920057049791923, '_a1_': 0.8996950481635244, '_a2_': 9.643425804964663, '_a4_': 0.5256917705962894, '_a3_': 1.0, '_a5_': 1.0, '_a6_': 1.0, '_a7_': 1.0}};{'d0': 0.024905832932242158};-276.475521855924;41.565978304255104
44970;-96.6717826237069;((_a4_ + ((sqrt(_a0_) + x) * x)) * ((_a2_ * (x * _a1_)) * _a0_));{'d0': {'_a0_': 0.38920057049791923, '_a1_': 0.8996950481635244, '_a2_': 9.643425804964663, '_a4_': 0.5256917705962894, '_a3_': 1.0, '_a5_': 1.0, '_a6_': 1.0, '_a7_': 1.0}};{'d0': 0.024905832932242158};-276.475521855924;41.565978304255104
44971;-96.6717826237069;((_a4_ + ((sqrt(_a0_) + x) * x)) * ((_a2_ * (x * _a1_)) * _a0_));{'d0': {'_a0_': 0.38920057049791923, '_a1_': 0.8996950481635244, '_a2_': 9.643425804964663, '_a4_': 0.5256917705962894, '_a3_': 1.0, '_a5_': 1.0, '_a6_': 1.0, '_a7_': 1.0}};{'d0': 0.024905832932242158};-276.475521855924;41.565978304255104
44972;-94.6246103543801;((_a4_ + ((sqrt(_a6_) + x) * x)) * ((_a2_ * (x * _a1_)) * _a0_));{'d0': {'_a0_': 0.3584949222971222, '_a1_': 0.842710705048652, '_a2_': 11.177346319454125, '_a4_': 0.5256917704622757, '_a6_': 0.38920057055080964, '_a3_': 1.0, '_a5_': 1.0, '_a7_': 1.0}};{'d0': 0.024905832922458914};-272.381177317270;41.565978304255104
44973;-99.4619796209259;((((_a2_ * pow2(((_a2_ * _a1_) + x))) + _a1_) + (_a5_ * _a5_)) * x);{'d0': {'_a1_': 0.0923754210542534, '_a2_': 3.376760877454515, '_a5_': 1.1637012798189432, '_a0_': 1.0, '_a3_': 1.0, '_a4_': 1.0, '_a6_': 1.0, '_a7_': 1.0}};{'d0': 0.02490583291941663};-280.569866449044;40.822953603596105
44974;-99.4619796209259;((((_a2_ * pow2(((_a2_ * _a1_) + x))) + _a1_) + (_a5_ * _a5_)) * x);{'d0': {'_a1_': 0.0923754210542534, '_a2_': 3.376760877454515, '_a5_': 1.1637012798189432, '_a0_': 1.0, '_a3_': 1.0, '_a4_': 1.0, '_a6_': 1.0, '_a7_': 1.0}};{'d0': 0.02490583291941663};-280.569866449044;40.822953603596105
44975;-99.4619796209259;((((_a2_ * pow2(((_a2_ * _a1_) + x))) + _a1_) + (_a5_ * _a5_)) * x);{'d0': {'_a1_': 0.0923754210542534, '_a2_': 3.376760877454515, '_a5_': 1.1637012798189432, '_a0_': 1.0, '_a3_': 1.0, '_a4_': 1.0, '_a6_': 1.0, '_a7_': 1.0}};{'d0': 0.02490583291941663};-280.569866449044;40.822953603596105
44976;-99.4619796209259;((((_a2_ * pow2(((_a2_ * _a1_) + x))) + _a1_) + (_a5_ * _a5_)) * x);{'d0': {'_a1_': 0.0923754210542534, '_a2_': 3.376760877454515, '_a5_': 1.1637012798189432, '_a0_': 1.0, '_a3_': 1.0, '_a4_': 1.0, '_a6_': 1.0, '_a7_': 1.0}};{'d0': 0.02490583291941663};-280.569866449044;40.822953603596105
44977;-99.4619796209259;((((_a2_ * pow2(((_a2_ * _a1_) + x))) + _a1_) + (_a5_ * _a5_)) * x);{'d0': {'_a1_': 0.0923754210542534, '_a2_': 3.376760877454515, '_a5_': 1.1637012798189432, '_a0_': 1.0, '_a3_': 1.0, '_a4_': 1.0, '_a6_': 1.0, '_a7_': 1.0}};{'d0': 0.02490583291941663};-280.569866449044;40.822953603596105
44978;-99.4619796209260;((((_a2_ * pow2(((_a2_ * _a1_) + x))) + _a1_) + (_a1_ * _a5_)) * x);{'d0': {'_a1_': 0.09237542104216198, '_a2_': 3.376760877773879, '_a5_': 14.659750973503785, '_a0_': 1.0, '_a3_': 1.0, '_a4_': 1.0, '_a6_': 1.0, '_a7_': 1.0}};{'d0': 0.02490583291941662};-280.569866449044;40.822953603596105
44979;-99.4619796209260;((((_a2_ * pow2(((_a2_ * _a1_) + x))) + _a1_) + (_a1_ * _a5_)) * x);{'d0': {'_a1_': 0.09237542104216198, '_a2_': 3.376760877773879, '_a5_': 14.659750973503785, '_a0_': 1.0, '_a3_': 1.0, '_a4_': 1.0, '_a6_': 1.0, '_a7_': 1.0}};{'d0': 0.02490583291941662};-280.569866449044;40.822953603596105
44980;-99.4619796209260;((((_a2_ * pow2(((_a2_ * _a1_) + x))) + _a1_) + (_a1_ * _a5_)) * x);{'d0': {'_a1_': 0.09237542104216198, '_a2_': 3.376760877773879, '_a5_': 14.659750973503785, '_a0_': 1.0, '_a3_': 1.0, '_a4_': 1.0, '_a6_': 1.0, '_a7_': 1.0}};{'d0': 0.02490583291941662};-280.569866449044;40.822953603596105
44981;-99.4619796209260;((((_a2_ * pow2(((_a2_ * _a1_) + x))) + _a1_) + (_a1_ * _a5_)) * x);{'d0': {'_a1_': 0.09237542104216198, '_a2_': 3.376760877773879, '_a5_': 14.659750973503785, '_a0_': 1.0, '_a3_': 1.0, '_a4_': 1.0, '_a6_': 1.0, '_a7_': 1.0}};{'d0': 0.02490583291941662};-280.569866449044;40.822953603596105
44982;-99.4619796209260;((((_a2_ * pow2(((_a2_ * _a1_) + x))) + _a1_) + (_a1_ * _a5_)) * x);{'d0': {'_a1_': 0.09237542104216198, '_a2_': 3.376760877773879, '_a5_': 14.659750973503785, '_a0_': 1.0, '_a3_': 1.0, '_a4_': 1.0, '_a6_': 1.0, '_a7_': 1.0}};{'d0': 0.02490583291941662};-280.569866449044;40.822953603596105
44983;-99.4619796209260;((((_a2_ * pow2(((_a2_ * _a1_) + x))) + _a1_) + (_a1_ * _a5_)) * x);{'d0': {'_a1_': 0.09237542104216198, '_a2_': 3.376760877773879, '_a5_': 14.659750973503785, '_a0_': 1.0, '_a3_': 1.0, '_a4_': 1.0, '_a6_': 1.0, '_a7_': 1.0}};{'d0': 0.02490583291941662};-280.569866449044;40.822953603596105
44984;-99.4619796209260;((((_a2_ * pow2(((_a2_ * _a1_) + x))) + _a1_) + (_a1_ * _a5_)) * x);{'d0': {'_a1_': 0.09237542104216198, '_a2_': 3.376760877773879, '_a5_': 14.659750973503785, '_a0_': 1.0, '_a3_': 1.0, '_a4_': 1.0, '_a6_': 1.0, '_a7_': 1.0}};{'d0': 0.02490583291941662};-280.569866449044;40.822953603596105
44985;-99.4619796209260;((((_a2_ * pow2(((_a2_ * _a1_) + x))) + _a1_) + (_a1_ * _a5_)) * x);{'d0': {'_a1_': 0.09237542104216198, '_a2_': 3.376760877773879, '_a5_': 14.659750973503785, '_a0_': 1.0, '_a3_': 1.0, '_a4_': 1.0, '_a6_': 1.0, '_a7_': 1.0}};{'d0': 0.02490583291941662};-280.569866449044;40.822953603596105
44986;-99.4619796209260;((((_a2_ * pow2(((_a2_ * _a1_) + x))) + _a1_) + (_a1_ * _a5_)) * x);{'d0': {'_a1_': 0.09237542104216198, '_a2_': 3.376760877773879, '_a5_': 14.659750973503785, '_a0_': 1.0, '_a3_': 1.0, '_a4_': 1.0, '_a6_': 1.0, '_a7_': 1.0}};{'d0': 0.02490583291941662};-280.569866449044;40.822953603596105
44987;-99.4619796209260;((((_a2_ * pow2(((_a2_ * _a1_) + x))) + _a1_) + (_a1_ * _a5_)) * x);{'d0': {'_a1_': 0.09237542104216198, '_a2_': 3.376760877773879, '_a5_': 14.659750973503785, '_a0_': 1.0, '_a3_': 1.0, '_a4_': 1.0, '_a6_': 1.0, '_a7_': 1.0}};{'d0': 0.02490583291941662};-280.569866449044;40.822953603596105
44988;-99.4619796209259;((((_a2_ * pow2(((_a5_ * _a1_) + x))) + _a1_) + (_a1_ * _a5_)) * x);{'d0': {'_a1_': 1.1346463809677874, '_a2_': 3.376760879953535, '_a5_': 0.2749135881231501, '_a0_': 1.0, '_a3_': 1.0, '_a4_': 1.0, '_a6_': 1.0, '_a7_': 1.0}};{'d0': 0.02490583291941667};-280.569866449043;40.822953603596105
44989;-99.4619796209259;((((_a2_ * pow2(((_a5_ * _a1_) + x))) + _a1_) + (_a1_ * _a5_)) * x);{'d0': {'_a1_': 1.1346463809677874, '_a2_': 3.376760879953535, '_a5_': 0.2749135881231501, '_a0_': 1.0, '_a3_': 1.0, '_a4_': 1.0, '_a6_': 1.0, '_a7_': 1.0}};{'d0': 0.02490583291941667};-280.569866449043;40.822953603596105
44990;-99.4619796209259;((((_a2_ * pow2(((_a5_ * _a1_) + x))) + _a1_) + (_a1_ * _a5_)) * x);{'d0': {'_a1_': 1.1346463809677874, '_a2_': 3.376760879953535, '_a5_': 0.2749135881231501, '_a0_': 1.0, '_a3_': 1.0, '_a4_': 1.0, '_a6_': 1.0, '_a7_': 1.0}};{'d0': 0.02490583291941667};-280.569866449043;40.822953603596105
44991;-99.4619796209259;((((_a2_ * pow2(((_a5_ * _a1_) + x))) + _a1_) + (_a1_ * _a5_)) * x);{'d0': {'_a1_': 1.1346463809677874, '_a2_': 3.376760879953535, '_a5_': 0.2749135881231501, '_a0_': 1.0, '_a3_': 1.0, '_a4_': 1.0, '_a6_': 1.0, '_a7_': 1.0}};{'d0': 0.02490583291941667};-280.569866449043;40.822953603596105
44992;-99.4619796209259;((((_a2_ * pow2(((_a5_ * _a1_) + x))) + _a1_) + (_a1_ * _a5_)) * x);{'d0': {'_a1_': 1.1346463809677874, '_a2_': 3.376760879953535, '_a5_': 0.2749135881231501, '_a0_': 1.0, '_a3_': 1.0, '_a4_': 1.0, '_a6_': 1.0, '_a7_': 1.0}};{'d0': 0.02490583291941667};-280.569866449043;40.822953603596105
44993;-99.4619796209259;((((_a2_ * pow2(((_a5_ * _a1_) + x))) + _a1_) + (_a1_ * _a5_)) * x);{'d0': {'_a1_': 1.1346463809677874, '_a2_': 3.376760879953535, '_a5_': 0.2749135881231501, '_a0_': 1.0, '_a3_': 1.0, '_a4_': 1.0, '_a6_': 1.0, '_a7_': 1.0}};{'d0': 0.02490583291941667};-280.569866449043;40.822953603596105
44994;-99.4619796209259;((((_a2_ * pow2(((_a5_ * _a1_) + x))) + _a1_) + (_a1_ * _a5_)) * x);{'d0': {'_a1_': 1.1346463809677874, '_a2_': 3.376760879953535, '_a5_': 0.2749135881231501, '_a0_': 1.0, '_a3_': 1.0, '_a4_': 1.0, '_a6_': 1.0, '_a7_': 1.0}};{'d0': 0.02490583291941667};-280.569866449043;40.822953603596105
44995;-99.4619796209259;((((_a2_ * pow2(((_a5_ * _a1_) + x))) + _a1_) + (_a1_ * _a5_)) * x);{'d0': {'_a1_': 1.1346463809677874, '_a2_': 3.376760879953535, '_a5_': 0.2749135881231501, '_a0_': 1.0, '_a3_': 1.0, '_a4_': 1.0, '_a6_': 1.0, '_a7_': 1.0}};{'d0': 0.02490583291941667};-280.569866449043;40.822953603596105
44996;-99.4619796209259;((((_a2_ * pow2(((_a5_ * _a1_) + x))) + _a1_) + (_a1_ * _a5_)) * x);{'d0': {'_a1_': 1.1346463809677874, '_a2_': 3.376760879953535, '_a5_': 0.2749135881231501, '_a0_': 1.0, '_a3_': 1.0, '_a4_': 1.0, '_a6_': 1.0, '_a7_': 1.0}};{'d0': 0.02490583291941667};-280.569866449043;40.822953603596105
44997;-99.4619796209259;((((_a2_ * pow2(((_a5_ * _a1_) + x))) + _a1_) + (_a1_ * _a5_)) * x);{'d0': {'_a1_': 1.1346463809677874, '_a2_': 3.376760879953535, '_a5_': 0.2749135881231501, '_a0_': 1.0, '_a3_': 1.0, '_a4_': 1.0, '_a6_': 1.0, '_a7_': 1.0}};{'d0': 0.02490583291941667};-280.569866449043;40.822953603596105
44998;-99.4619796209259;((((_a2_ * pow2(((_a5_ * _a1_) + x))) + _a1_) + (_a1_ * _a5_)) * x);{'d0': {'_a1_': 1.1346463809677874, '_a2_': 3.376760879953535, '_a5_': 0.2749135881231501, '_a0_': 1.0, '_a3_': 1.0, '_a4_': 1.0, '_a6_': 1.0, '_a7_': 1.0}};{'d0': 0.02490583291941667};-280.569866449043;40.822953603596105
44999;-99.4619796209259;((((_a2_ * pow2(((_a5_ * _a1_) + x))) + _a1_) + (_a1_ * _a5_)) * x);{'d0': {'_a1_': 1.1346463809677874, '_a2_': 3.376760879953535, '_a5_': 0.2749135881231501, '_a0_': 1.0, '_a3_': 1.0, '_a4_': 1.0, '_a6_': 1.0, '_a7_': 1.0}};{'d0': 0.02490583291941667};-280.569866449043;40.822953603596105
45000;-99.4619796209259;((((_a2_ * pow2(((_a5_ * _a1_) + x))) + _a1_) + (_a1_ * _a5_)) * x);{'d0': {'_a1_': 1.1346463809677874, '_a2_': 3.376760879953535, '_a5_': 0.2749135881231501, '_a0_': 1.0, '_a3_': 1.0, '_a4_': 1.0, '_a6_': 1.0, '_a7_': 1.0}};{'d0': 0.02490583291941667};-280.569866449043;40.822953603596105
45001;-104.411319546383;((((_a2_ * pow2(((_a5_ * _a1_) + x))) + _a1_) + x) * x);{'d0': {'_a1_': 1.684470350852066, '_a2_': 3.376760874291371, '_a5_': 0.09727616396084618, '_a0_': 1.0, '_a3_': 1.0, '_a4_': 1.0, '_a6_': 1.0, '_a7_': 1.0}};{'d0': 0.024905832919416695};-280.569866449043;35.87361367813911
45002;-104.411319546383;((((_a2_ * pow2(((_a5_ * _a1_) + x))) + _a1_) + x) * x);{'d0': {'_a1_': 1.684470350852066, '_a2_': 3.376760874291371, '_a5_': 0.09727616396084618, '_a0_': 1.0, '_a3_': 1.0, '_a4_': 1.0, '_a6_': 1.0, '_a7_': 1.0}};{'d0': 0.024905832919416695};-280.569866449043;35.87361367813911
45003;-104.411319546383;((((_a2_ * pow2(((_a5_ * _a1_) + x))) + _a1_) + x) * x);{'d0': {'_a1_': 1.684470350852066, '_a2_': 3.376760874291371, '_a5_': 0.09727616396084618, '_a0_': 1.0, '_a3_': 1.0, '_a4_': 1.0, '_a6_': 1.0, '_a7_': 1.0}};{'d0': 0.024905832919416695};-280.569866449043;35.87361367813911
45004;-104.411319546383;((((_a2_ * pow2(((_a5_ * _a1_) + x))) + _a1_) + x) * x);{'d0': {'_a1_': 1.684470350852066, '_a2_': 3.376760874291371, '_a5_': 0.09727616396084618, '_a0_': 1.0, '_a3_': 1.0, '_a4_': 1.0, '_a6_': 1.0, '_a7_': 1.0}};{'d0': 0.024905832919416695};-280.569866449043;35.87361367813911
45005;-104.411319546383;((((_a2_ * pow2(((_a5_ * _a1_) + x))) + _a1_) + x) * x);{'d0': {'_a1_': 1.684470350852066, '_a2_': 3.376760874291371, '_a5_': 0.09727616396084618, '_a0_': 1.0, '_a3_': 1.0, '_a4_': 1.0, '_a6_': 1.0, '_a7_': 1.0}};{'d0': 0.024905832919416695};-280.569866449043;35.87361367813911
45006;-104.411319546383;((((_a2_ * pow2(((_a5_ * _a1_) + x))) + _a1_) + x) * x);{'d0': {'_a1_': 1.684470350852066, '_a2_': 3.376760874291371, '_a5_': 0.09727616396084618, '_a0_': 1.0, '_a3_': 1.0, '_a4_': 1.0, '_a6_': 1.0, '_a7_': 1.0}};{'d0': 0.024905832919416695};-280.569866449043;35.87361367813911
45007;-104.411319546383;((((_a2_ * pow2(((_a5_ * _a1_) + x))) + _a1_) + x) * x);{'d0': {'_a1_': 1.684470350852066, '_a2_': 3.376760874291371, '_a5_': 0.09727616396084618, '_a0_': 1.0, '_a3_': 1.0, '_a4_': 1.0, '_a6_': 1.0, '_a7_': 1.0}};{'d0': 0.024905832919416695};-280.569866449043;35.87361367813911
45008;-104.411319546383;((((_a2_ * pow2(((_a5_ * _a1_) + x))) + _a1_) + x) * x);{'d0': {'_a1_': 1.684470350852066, '_a2_': 3.376760874291371, '_a5_': 0.09727616396084618, '_a0_': 1.0, '_a3_': 1.0, '_a4_': 1.0, '_a6_': 1.0, '_a7_': 1.0}};{'d0': 0.024905832919416695};-280.569866449043;35.87361367813911
45009;-104.411319546383;((((_a2_ * pow2(((_a5_ * _a1_) + x))) + _a1_) + x) * x);{'d0': {'_a1_': 1.684470350852066, '_a2_': 3.376760874291371, '_a5_': 0.09727616396084618, '_a0_': 1.0, '_a3_': 1.0, '_a4_': 1.0, '_a6_': 1.0, '_a7_': 1.0}};{'d0': 0.024905832919416695};-280.569866449043;35.87361367813911
45010;-104.411319546383;((((_a2_ * pow2(((_a5_ * _a1_) + x))) + _a1_) + x) * x);{'d0': {'_a1_': 1.684470350852066, '_a2_': 3.376760874291371, '_a5_': 0.09727616396084618, '_a0_': 1.0, '_a3_': 1.0, '_a4_': 1.0, '_a6_': 1.0, '_a7_': 1.0}};{'d0': 0.024905832919416695};-280.569866449043;35.87361367813911
45011;-104.411319546383;((((_a2_ * pow2(((_a5_ * _a1_) + x))) + _a1_) + x) * x);{'d0': {'_a1_': 1.684470350852066, '_a2_': 3.376760874291371, '_a5_': 0.09727616396084618, '_a0_': 1.0, '_a3_': 1.0, '_a4_': 1.0, '_a6_': 1.0, '_a7_': 1.0}};{'d0': 0.024905832919416695};-280.569866449043;35.87361367813911
45012;-104.411319546383;((((_a2_ * pow2(((_a5_ * _a1_) + x))) + _a1_) + x) * x);{'d0': {'_a1_': 1.684470350852066, '_a2_': 3.376760874291371, '_a5_': 0.09727616396084618, '_a0_': 1.0, '_a3_': 1.0, '_a4_': 1.0, '_a6_': 1.0, '_a7_': 1.0}};{'d0': 0.024905832919416695};-280.569866449043;35.87361367813911
45013;-98.4907184973524;((((_a2_ * pow2(((_a5_ * _a1_) + x))) + _a1_) + (x + x)) * x);{'d0': {'_a1_': 1.77429371793492, '_a2_': 3.3767609046862725, '_a5_': 0.008898145900479434, '_a0_': 1.0, '_a3_': 1.0, '_a4_': 1.0, '_a6_': 1.0, '_a7_': 1.0}};{'d0': 0.024905832919417035};-280.569866449043;41.794214727169106
45014;-98.4907184973524;((((_a2_ * pow2(((_a5_ * _a1_) + x))) + _a1_) + (x + x)) * x);{'d0': {'_a1_': 1.77429371793492, '_a2_': 3.3767609046862725, '_a5_': 0.008898145900479434, '_a0_': 1.0, '_a3_': 1.0, '_a4_': 1.0, '_a6_': 1.0, '_a7_': 1.0}};{'d0': 0.024905832919417035};-280.569866449043;41.794214727169106
45015;-98.4907184973524;((((_a2_ * pow2(((_a5_ * _a1_) + x))) + _a1_) + (x + x)) * x);{'d0': {'_a1_': 1.77429371793492, '_a2_': 3.3767609046862725, '_a5_': 0.008898145900479434, '_a0_': 1.0, '_a3_': 1.0, '_a4_': 1.0, '_a6_': 1.0, '_a7_': 1.0}};{'d0': 0.024905832919417035};-280.569866449043;41.794214727169106
45016;-98.4907184973524;((((_a2_ * pow2(((_a5_ * _a1_) + x))) + _a1_) + (x + x)) * x);{'d0': {'_a1_': 1.77429371793492, '_a2_': 3.3767609046862725, '_a5_': 0.008898145900479434, '_a0_': 1.0, '_a3_': 1.0, '_a4_': 1.0, '_a6_': 1.0, '_a7_': 1.0}};{'d0': 0.024905832919417035};-280.569866449043;41.794214727169106
45017;-98.4907184973524;((((_a2_ * pow2(((_a5_ * _a1_) + x))) + _a1_) + (x + x)) * x);{'d0': {'_a1_': 1.77429371793492, '_a2_': 3.3767609046862725, '_a5_': 0.008898145900479434, '_a0_': 1.0, '_a3_': 1.0, '_a4_': 1.0, '_a6_': 1.0, '_a7_': 1.0}};{'d0': 0.024905832919417035};-280.569866449043;41.794214727169106
45018;-98.4907184973524;((((_a2_ * pow2(((_a5_ * _a1_) + x))) + _a1_) + (x + x)) * x);{'d0': {'_a1_': 1.77429371793492, '_a2_': 3.3767609046862725, '_a5_': 0.008898145900479434, '_a0_': 1.0, '_a3_': 1.0, '_a4_': 1.0, '_a6_': 1.0, '_a7_': 1.0}};{'d0': 0.024905832919417035};-280.569866449043;41.794214727169106
45019;-98.4907184973524;((((_a2_ * pow2(((_a5_ * _a1_) + x))) + _a1_) + (x + x)) * x);{'d0': {'_a1_': 1.77429371793492, '_a2_': 3.3767609046862725, '_a5_': 0.008898145900479434, '_a0_': 1.0, '_a3_': 1.0, '_a4_': 1.0, '_a6_': 1.0, '_a7_': 1.0}};{'d0': 0.024905832919417035};-280.569866449043;41.794214727169106
45020;-98.4907184973524;((((_a2_ * pow2(((_a5_ * _a1_) + x))) + _a1_) + (x + x)) * x);{'d0': {'_a1_': 1.77429371793492, '_a2_': 3.3767609046862725, '_a5_': 0.008898145900479434, '_a0_': 1.0, '_a3_': 1.0, '_a4_': 1.0, '_a6_': 1.0, '_a7_': 1.0}};{'d0': 0.024905832919417035};-280.569866449043;41.794214727169106
45021;-98.4907184973524;((((_a2_ * pow2(((_a5_ * _a1_) + x))) + _a1_) + (x + x)) * x);{'d0': {'_a1_': 1.77429371793492, '_a2_': 3.3767609046862725, '_a5_': 0.008898145900479434, '_a0_': 1.0, '_a3_': 1.0, '_a4_': 1.0, '_a6_': 1.0, '_a7_': 1.0}};{'d0': 0.024905832919417035};-280.569866449043;41.794214727169106
45022;-98.4907184973524;((((_a2_ * pow2(((_a5_ * _a1_) + x))) + _a1_) + (x + x)) * x);{'d0': {'_a1_': 1.77429371793492, '_a2_': 3.3767609046862725, '_a5_': 0.008898145900479434, '_a0_': 1.0, '_a3_': 1.0, '_a4_': 1.0, '_a6_': 1.0, '_a7_': 1.0}};{'d0': 0.024905832919417035};-280.569866449043;41.794214727169106
45023;-98.4907184973524;((((_a2_ * pow2(((_a5_ * _a1_) + x))) + _a1_) + (x + x)) * x);{'d0': {'_a1_': 1.77429371793492, '_a2_': 3.3767609046862725, '_a5_': 0.008898145900479434, '_a0_': 1.0, '_a3_': 1.0, '_a4_': 1.0, '_a6_': 1.0, '_a7_': 1.0}};{'d0': 0.024905832919417035};-280.569866449043;41.794214727169106
45024;-98.4907184973524;((((_a2_ * pow2(((_a5_ * _a1_) + x))) + _a1_) + (x + x)) * x);{'d0': {'_a1_': 1.77429371793492, '_a2_': 3.3767609046862725, '_a5_': 0.008898145900479434, '_a0_': 1.0, '_a3_': 1.0, '_a4_': 1.0, '_a6_': 1.0, '_a7_': 1.0}};{'d0': 0.024905832919417035};-280.569866449043;41.794214727169106
45025;-98.4907184973524;((((_a2_ * pow2(((_a5_ * _a1_) + x))) + _a1_) + (x + x)) * x);{'d0': {'_a1_': 1.77429371793492, '_a2_': 3.3767609046862725, '_a5_': 0.008898145900479434, '_a0_': 1.0, '_a3_': 1.0, '_a4_': 1.0, '_a6_': 1.0, '_a7_': 1.0}};{'d0': 0.024905832919417035};-280.569866449043;41.794214727169106
45026;-98.4907184973524;((((_a2_ * pow2(((_a5_ * _a1_) + x))) + _a1_) + (x + x)) * x);{'d0': {'_a1_': 1.77429371793492, '_a2_': 3.3767609046862725, '_a5_': 0.008898145900479434, '_a0_': 1.0, '_a3_': 1.0, '_a4_': 1.0, '_a6_': 1.0, '_a7_': 1.0}};{'d0': 0.024905832919417035};-280.569866449043;41.794214727169106
45027;-98.4907184973524;((((_a2_ * pow2(((_a5_ * _a1_) + x))) + _a1_) + (x + x)) * x);{'d0': {'_a1_': 1.77429371793492, '_a2_': 3.3767609046862725, '_a5_': 0.008898145900479434, '_a0_': 1.0, '_a3_': 1.0, '_a4_': 1.0, '_a6_': 1.0, '_a7_': 1.0}};{'d0': 0.024905832919417035};-280.569866449043;41.794214727169106
45028;-98.4907184973530;((((_a2_ * pow2(((_a5_ * _a1_) + x))) + _a1_) + (x + _a1_)) * x);{'d0': {'_a1_': 0.8422351752262098, '_a2_': 3.376760881720854, '_a5_': 0.1945523288756886, '_a0_': 1.0, '_a3_': 1.0, '_a4_': 1.0, '_a6_': 1.0, '_a7_': 1.0}};{'d0': 0.024905832919416573};-280.569866449044;41.794214727169106
45029;-98.4907184973530;((((_a2_ * pow2(((_a5_ * _a1_) + x))) + _a1_) + (x + _a1_)) * x);{'d0': {'_a1_': 0.8422351752262098, '_a2_': 3.376760881720854, '_a5_': 0.1945523288756886, '_a0_': 1.0, '_a3_': 1.0, '_a4_': 1.0, '_a6_': 1.0, '_a7_': 1.0}};{'d0': 0.024905832919416573};-280.569866449044;41.794214727169106
45030;-98.4907184973530;((((_a2_ * pow2(((_a5_ * _a1_) + x))) + _a1_) + (x + _a1_)) * x);{'d0': {'_a1_': 0.8422351752262098, '_a2_': 3.376760881720854, '_a5_': 0.1945523288756886, '_a0_': 1.0, '_a3_': 1.0, '_a4_': 1.0, '_a6_': 1.0, '_a7_': 1.0}};{'d0': 0.024905832919416573};-280.569866449044;41.794214727169106
45031;-98.4907184973530;((((_a2_ * pow2(((_a5_ * _a1_) + x))) + _a1_) + (x + _a1_)) * x);{'d0': {'_a1_': 0.8422351752262098, '_a2_': 3.376760881720854, '_a5_': 0.1945523288756886, '_a0_': 1.0, '_a3_': 1.0, '_a4_': 1.0, '_a6_': 1.0, '_a7_': 1.0}};{'d0': 0.024905832919416573};-280.569866449044;41.794214727169106
45032;-98.4907184973530;((((_a2_ * pow2(((_a5_ * _a1_) + x))) + _a1_) + (x + _a1_)) * x);{'d0': {'_a1_': 0.8422351752262098, '_a2_': 3.376760881720854, '_a5_': 0.1945523288756886, '_a0_': 1.0, '_a3_': 1.0, '_a4_': 1.0, '_a6_': 1.0, '_a7_': 1.0}};{'d0': 0.024905832919416573};-280.569866449044;41.794214727169106
45033;-98.4907184973530;((((_a2_ * pow2(((_a5_ * _a1_) + x))) + _a1_) + (x + _a1_)) * x);{'d0': {'_a1_': 0.8422351752262098, '_a2_': 3.376760881720854, '_a5_': 0.1945523288756886, '_a0_': 1.0, '_a3_': 1.0, '_a4_': 1.0, '_a6_': 1.0, '_a7_': 1.0}};{'d0': 0.024905832919416573};-280.569866449044;41.794214727169106
45034;-98.4907184973530;((((_a2_ * pow2(((_a5_ * _a1_) + x))) + _a1_) + (x + _a1_)) * x);{'d0': {'_a1_': 0.8422351752262098, '_a2_': 3.376760881720854, '_a5_': 0.1945523288756886, '_a0_': 1.0, '_a3_': 1.0, '_a4_': 1.0, '_a6_': 1.0, '_a7_': 1.0}};{'d0': 0.024905832919416573};-280.569866449044;41.794214727169106
45035;-98.4907184973530;((((_a2_ * pow2(((_a5_ * _a1_) + x))) + _a1_) + (x + _a1_)) * x);{'d0': {'_a1_': 0.8422351752262098, '_a2_': 3.376760881720854, '_a5_': 0.1945523288756886, '_a0_': 1.0, '_a3_': 1.0, '_a4_': 1.0, '_a6_': 1.0, '_a7_': 1.0}};{'d0': 0.024905832919416573};-280.569866449044;41.794214727169106
45036;-91.4942062836028;((((_a2_ * pow2(((_a5_ * _a1_) + x))) + _a1_) + ((_a1_ * _a7_) + _a1_)) * x);{'d0': {'_a1_': 0.9737768261210485, '_a2_': 3.376760878385373, '_a5_': 0.32032958997024036, '_a7_': -0.5144694006252888, '_a0_': 1.0, '_a3_': 1.0, '_a4_': 1.0, '_a6_': 1.0}};{'d0': 0.024905832925379186};-276.475521872457;46.7435546526261
45037;-91.1036831990099;((((_a2_ * pow2((sqrt(_a5_) + x))) + _a1_) + ((_a1_ * _a7_) + _a1_)) * x);{'d0': {'_a1_': 0.9846329214419528, '_a2_': 3.376760877048078, '_a5_': 0.09730014255276097, '_a7_': -0.530847937248338, '_a0_': 1.0, '_a3_': 1.0, '_a4_': 1.0, '_a6_': 1.0}};{'d0': 0.024905832924988946};-276.475521873397;47.134077737689104
45038;-91.7416755073530;((((_a2_ * pow2((sqrt(_a5_) + x))) ** _a1_) + ((_a1_ * _a7_) + _a1_)) * x);{'d0': {'_a1_': 1.0470399081726396, '_a2_': 3.2714374944689406, '_a5_': 0.09615657118513878, '_a7_': 0.4008785235906694, '_a0_': 1.0, '_a3_': 1.0, '_a4_': 1.0, '_a6_': 1.0}};{'d0': 0.02378537057291109};-279.237401084224;47.8770250347591
45039;-91.7416755073530;((((_a2_ * pow2((sqrt(_a5_) + x))) ** _a1_) + ((_a1_ * _a7_) + _a1_)) * x);{'d0': {'_a1_': 1.0470399081726396, '_a2_': 3.2714374944689406, '_a5_': 0.09615657118513878, '_a7_': 0.4008785235906694, '_a0_': 1.0, '_a3_': 1.0, '_a4_': 1.0, '_a6_': 1.0}};{'d0': 0.02378537057291109};-279.237401084224;47.8770250347591
45040;-91.7416755073530;((((_a2_ * pow2((sqrt(_a5_) + x))) ** _a1_) + ((_a1_ * _a7_) + _a1_)) * x);{'d0': {'_a1_': 1.0470399081726396, '_a2_': 3.2714374944689406, '_a5_': 0.09615657118513878, '_a7_': 0.4008785235906694, '_a0_': 1.0, '_a3_': 1.0, '_a4_': 1.0, '_a6_': 1.0}};{'d0': 0.02378537057291109};-279.237401084224;47.8770250347591
45041;-91.7416755073530;((((_a2_ * pow2((sqrt(_a5_) + x))) ** _a1_) + ((_a1_ * _a7_) + _a1_)) * x);{'d0': {'_a1_': 1.0470399081726396, '_a2_': 3.2714374944689406, '_a5_': 0.09615657118513878, '_a7_': 0.4008785235906694, '_a0_': 1.0, '_a3_': 1.0, '_a4_': 1.0, '_a6_': 1.0}};{'d0': 0.02378537057291109};-279.237401084224;47.8770250347591
45042;-91.7416755073530;((((_a2_ * pow2((sqrt(_a5_) + x))) ** _a1_) + ((_a1_ * _a7_) + _a1_)) * x);{'d0': {'_a1_': 1.0470399081726396, '_a2_': 3.2714374944689406, '_a5_': 0.09615657118513878, '_a7_': 0.4008785235906694, '_a0_': 1.0, '_a3_': 1.0, '_a4_': 1.0, '_a6_': 1.0}};{'d0': 0.02378537057291109};-279.237401084224;47.8770250347591
45043;-91.7416755073530;((((_a2_ * pow2((sqrt(_a5_) + x))) ** _a1_) + ((_a1_ * _a7_) + _a1_)) * x);{'d0': {'_a1_': 1.0470399081726396, '_a2_': 3.2714374944689406, '_a5_': 0.09615657118513878, '_a7_': 0.4008785235906694, '_a0_': 1.0, '_a3_': 1.0, '_a4_': 1.0, '_a6_': 1.0}};{'d0': 0.02378537057291109};-279.237401084224;47.8770250347591
45044;-91.7416755073530;((((_a2_ * pow2((sqrt(_a5_) + x))) ** _a1_) + ((_a1_ * _a7_) + _a1_)) * x);{'d0': {'_a1_': 1.0470399081726396, '_a2_': 3.2714374944689406, '_a5_': 0.09615657118513878, '_a7_': 0.4008785235906694, '_a0_': 1.0, '_a3_': 1.0, '_a4_': 1.0, '_a6_': 1.0}};{'d0': 0.02378537057291109};-279.237401084224;47.8770250347591
45045;-91.7416755073530;((((_a2_ * pow2((sqrt(_a5_) + x))) ** _a1_) + ((_a1_ * _a7_) + _a1_)) * x);{'d0': {'_a1_': 1.0470399081726396, '_a2_': 3.2714374944689406, '_a5_': 0.09615657118513878, '_a7_': 0.4008785235906694, '_a0_': 1.0, '_a3_': 1.0, '_a4_': 1.0, '_a6_': 1.0}};{'d0': 0.02378537057291109};-279.237401084224;47.8770250347591
45046;-91.7416755073530;((((_a2_ * pow2((sqrt(_a5_) + x))) ** _a1_) + ((_a1_ * _a7_) + _a1_)) * x);{'d0': {'_a1_': 1.0470399081726396, '_a2_': 3.2714374944689406, '_a5_': 0.09615657118513878, '_a7_': 0.4008785235906694, '_a0_': 1.0, '_a3_': 1.0, '_a4_': 1.0, '_a6_': 1.0}};{'d0': 0.02378537057291109};-279.237401084224;47.8770250347591
45047;-91.7416755073530;((((_a2_ * pow2((sqrt(_a5_) + x))) ** _a1_) + ((_a1_ * _a7_) + _a1_)) * x);{'d0': {'_a1_': 1.0470399081726396, '_a2_': 3.2714374944689406, '_a5_': 0.09615657118513878, '_a7_': 0.4008785235906694, '_a0_': 1.0, '_a3_': 1.0, '_a4_': 1.0, '_a6_': 1.0}};{'d0': 0.02378537057291109};-279.237401084224;47.8770250347591
45048;-91.7416755073530;((((_a2_ * pow2((sqrt(_a5_) + x))) ** _a1_) + ((_a1_ * _a7_) + _a1_)) * x);{'d0': {'_a1_': 1.0470399081726396, '_a2_': 3.2714374944689406, '_a5_': 0.09615657118513878, '_a7_': 0.4008785235906694, '_a0_': 1.0, '_a3_': 1.0, '_a4_': 1.0, '_a6_': 1.0}};{'d0': 0.02378537057291109};-279.237401084224;47.8770250347591
45049;-91.7416755073530;((((_a2_ * pow2((sqrt(_a5_) + x))) ** _a1_) + ((_a1_ * _a7_) + _a1_)) * x);{'d0': {'_a1_': 1.0470399081726396, '_a2_': 3.2714374944689406, '_a5_': 0.09615657118513878, '_a7_': 0.4008785235906694, '_a0_': 1.0, '_a3_': 1.0, '_a4_': 1.0, '_a6_': 1.0}};{'d0': 0.02378537057291109};-279.237401084224;47.8770250347591
45050;-91.7416755073530;((((_a2_ * pow2((sqrt(_a5_) + x))) ** _a1_) + ((_a1_ * _a7_) + _a1_)) * x);{'d0': {'_a1_': 1.0470399081726396, '_a2_': 3.2714374944689406, '_a5_': 0.09615657118513878, '_a7_': 0.4008785235906694, '_a0_': 1.0, '_a3_': 1.0, '_a4_': 1.0, '_a6_': 1.0}};{'d0': 0.02378537057291109};-279.237401084224;47.8770250347591
45051;-91.7416755073569;((((_a2_ * pow2((sqrt(_a5_) + x))) ** _a1_) + ((_a1_ * _a0_) + _a1_)) * x);{'d0': {'_a0_': 0.4008784478008221, '_a1_': 1.0470399879054413, '_a2_': 3.2714373270434334, '_a5_': 0.09615656903423052, '_a3_': 1.0, '_a4_': 1.0, '_a6_': 1.0, '_a7_': 1.0}};{'d0': 0.02378537057290797};-279.237401084232;47.8770250347591
45052;-91.7416755073569;((((_a2_ * pow2((sqrt(_a5_) + x))) ** _a1_) + ((_a1_ * _a0_) + _a1_)) * x);{'d0': {'_a0_': 0.4008784478008221, '_a1_': 1.0470399879054413, '_a2_': 3.2714373270434334, '_a5_': 0.09615656903423052, '_a3_': 1.0, '_a4_': 1.0, '_a6_': 1.0, '_a7_': 1.0}};{'d0': 0.02378537057290797};-279.237401084232;47.8770250347591
45053;-91.7416755073569;((((_a2_ * pow2((sqrt(_a5_) + x))) ** _a1_) + ((_a1_ * _a0_) + _a1_)) * x);{'d0': {'_a0_': 0.4008784478008221, '_a1_': 1.0470399879054413, '_a2_': 3.2714373270434334, '_a5_': 0.09615656903423052, '_a3_': 1.0, '_a4_': 1.0, '_a6_': 1.0, '_a7_': 1.0}};{'d0': 0.02378537057290797};-279.237401084232;47.8770250347591
45054;-91.7416755073569;((((_a2_ * pow2((sqrt(_a5_) + x))) ** _a1_) + ((_a1_ * _a0_) + _a1_)) * x);{'d0': {'_a0_': 0.4008784478008221, '_a1_': 1.0470399879054413, '_a2_': 3.2714373270434334, '_a5_': 0.09615656903423052, '_a3_': 1.0, '_a4_': 1.0, '_a6_': 1.0, '_a7_': 1.0}};{'d0': 0.02378537057290797};-279.237401084232;47.8770250347591
45055;-91.7416755073569;((((_a2_ * pow2((sqrt(_a5_) + x))) ** _a1_) + ((_a1_ * _a0_) + _a1_)) * x);{'d0': {'_a0_': 0.4008784478008221, '_a1_': 1.0470399879054413, '_a2_': 3.2714373270434334, '_a5_': 0.09615656903423052, '_a3_': 1.0, '_a4_': 1.0, '_a6_': 1.0, '_a7_': 1.0}};{'d0': 0.02378537057290797};-279.237401084232;47.8770250347591
45056;-92.9387109862316;((((_a2_ * pow2((sqrt(_a5_) + x))) ** _a1_) + (-(_a6_) + _a1_)) * x);{'d0': {'_a1_': 1.0470399928239777, '_a2_': 3.2714373176718263, '_a5_': 0.09615656891306817, '_a6_': -0.41973576181678773, '_a0_': 1.0, '_a3_': 1.0, '_a4_': 1.0, '_a7_': 1.0}};{'d0': 0.023785370572907954};-279.237401084232;46.67998955588449
45057;-92.4782822302422;((((_a2_ * pow2(((_a5_ / _a1_) + x))) ** _a1_) + (-(_a6_) + _a1_)) * x);{'d0': {'_a1_': 1.0470404025019657, '_a2_': 3.271436459547764, '_a5_': 0.32467802461341627, '_a6_': -0.41973551834662826, '_a0_': 1.0, '_a3_': 1.0, '_a4_': 1.0, '_a7_': 1.0}};{'d0': 0.023785370572992744};-279.237401084018;47.14041831176689
45058;-98.2785739967418;((((_a2_ * pow2((_a7_ + x))) ** _a1_) + (-(_a6_) + _a1_)) * x);{'d0': {'_a1_': 1.047040112839862, '_a2_': 3.2714370654441893, '_a6_': -0.41973569076096734, '_a7_': 0.31009122162346925, '_a0_': 1.0, '_a3_': 1.0, '_a4_': 1.0, '_a5_': 1.0}};{'d0': 0.023785370572915698};-279.237401084212;41.340126545364484
45059;-96.4435462162417;((_a1_ * _a7_) + (x * (_a6_ + ((pow2((_a0_ + x)) * _a7_) + _a1_))));{'d0': {'_a0_': 0.3119297078408628, '_a1_': 2.1235495294218283e-32, '_a6_': 1.446576089377065, '_a7_': 3.3767608785775716, '_a2_': 1.0, '_a3_': 1.0, '_a4_': 1.0, '_a5_': 1.0}};{'d0': 0.024905832919416608};-276.475521886822;41.79421472716914
45060;-96.4435462162417;((_a1_ * _a7_) + (x * (_a6_ + ((pow2((_a0_ + x)) * _a7_) + _a1_))));{'d0': {'_a0_': 0.3119297078408628, '_a1_': 2.1235495294218283e-32, '_a6_': 1.446576089377065, '_a7_': 3.3767608785775716, '_a2_': 1.0, '_a3_': 1.0, '_a4_': 1.0, '_a5_': 1.0}};{'d0': 0.024905832919416608};-276.475521886822;41.79421472716914
45061;-96.4435462162417;((_a1_ * _a7_) + (x * (_a6_ + ((pow2((_a0_ + x)) * _a7_) + _a1_))));{'d0': {'_a0_': 0.3119297078408628, '_a1_': 2.1235495294218283e-32, '_a6_': 1.446576089377065, '_a7_': 3.3767608785775716, '_a2_': 1.0, '_a3_': 1.0, '_a4_': 1.0, '_a5_': 1.0}};{'d0': 0.024905832919416608};-276.475521886822;41.79421472716914
45062;-96.4435462162417;((_a1_ * _a7_) + (x * (_a6_ + ((pow2((_a0_ + x)) * _a7_) + _a1_))));{'d0': {'_a0_': 0.3119297078408628, '_a1_': 2.1235495294218283e-32, '_a6_': 1.446576089377065, '_a7_': 3.3767608785775716, '_a2_': 1.0, '_a3_': 1.0, '_a4_': 1.0, '_a5_': 1.0}};{'d0': 0.024905832919416608};-276.475521886822;41.79421472716914
45063;-96.4435462162417;((_a1_ * _a7_) + (x * (_a6_ + ((pow2((_a0_ + x)) * _a7_) + _a1_))));{'d0': {'_a0_': 0.3119297078408628, '_a1_': 2.1235495294218283e-32, '_a6_': 1.446576089377065, '_a7_': 3.3767608785775716, '_a2_': 1.0, '_a3_': 1.0, '_a4_': 1.0, '_a5_': 1.0}};{'d0': 0.024905832919416608};-276.475521886822;41.79421472716914
45064;-96.4435462162417;((_a1_ * _a7_) + (x * (_a6_ + ((pow2((_a0_ + x)) * _a7_) + _a1_))));{'d0': {'_a0_': 0.3119297078408628, '_a1_': 2.1235495294218283e-32, '_a6_': 1.446576089377065, '_a7_': 3.3767608785775716, '_a2_': 1.0, '_a3_': 1.0, '_a4_': 1.0, '_a5_': 1.0}};{'d0': 0.024905832919416608};-276.475521886822;41.79421472716914
45065;-96.4435462162417;((_a1_ * _a7_) + (x * (_a6_ + ((pow2((_a0_ + x)) * _a7_) + _a1_))));{'d0': {'_a0_': 0.3119297078408628, '_a1_': 2.1235495294218283e-32, '_a6_': 1.446576089377065, '_a7_': 3.3767608785775716, '_a2_': 1.0, '_a3_': 1.0, '_a4_': 1.0, '_a5_': 1.0}};{'d0': 0.024905832919416608};-276.475521886822;41.79421472716914
45066;-96.4435462162417;((_a1_ * _a7_) + (x * (_a6_ + ((pow2((_a0_ + x)) * _a7_) + _a1_))));{'d0': {'_a0_': 0.3119297078408628, '_a1_': 2.1235495294218283e-32, '_a6_': 1.446576089377065, '_a7_': 3.3767608785775716, '_a2_': 1.0, '_a3_': 1.0, '_a4_': 1.0, '_a5_': 1.0}};{'d0': 0.024905832919416608};-276.475521886822;41.79421472716914
45067;-96.4435462162417;((_a1_ * _a7_) + (x * (_a6_ + ((pow2((_a0_ + x)) * _a7_) + _a1_))));{'d0': {'_a0_': 0.3119297078408628, '_a1_': 2.1235495294218283e-32, '_a6_': 1.446576089377065, '_a7_': 3.3767608785775716, '_a2_': 1.0, '_a3_': 1.0, '_a4_': 1.0, '_a5_': 1.0}};{'d0': 0.024905832919416608};-276.475521886822;41.79421472716914
45068;-96.4435462162417;((_a1_ * _a7_) + (x * (_a6_ + ((pow2((_a0_ + x)) * _a7_) + _a1_))));{'d0': {'_a0_': 0.3119297078408628, '_a1_': 2.1235495294218283e-32, '_a6_': 1.446576089377065, '_a7_': 3.3767608785775716, '_a2_': 1.0, '_a3_': 1.0, '_a4_': 1.0, '_a5_': 1.0}};{'d0': 0.024905832919416608};-276.475521886822;41.79421472716914
45069;-96.4435462162417;((_a1_ * _a7_) + (x * (_a6_ + ((pow2((_a0_ + x)) * _a7_) + _a1_))));{'d0': {'_a0_': 0.3119297078408628, '_a1_': 2.1235495294218283e-32, '_a6_': 1.446576089377065, '_a7_': 3.3767608785775716, '_a2_': 1.0, '_a3_': 1.0, '_a4_': 1.0, '_a5_': 1.0}};{'d0': 0.024905832919416608};-276.475521886822;41.79421472716914
45070;-96.4435462162417;((_a1_ * _a7_) + (x * (_a6_ + ((pow2((_a0_ + x)) * _a7_) + _a1_))));{'d0': {'_a0_': 0.3119297078408628, '_a1_': 2.1235495294218283e-32, '_a6_': 1.446576089377065, '_a7_': 3.3767608785775716, '_a2_': 1.0, '_a3_': 1.0, '_a4_': 1.0, '_a5_': 1.0}};{'d0': 0.024905832919416608};-276.475521886822;41.79421472716914
45071;-96.4435462162417;((_a1_ * _a7_) + (x * (_a6_ + ((pow2((_a0_ + x)) * _a7_) + _a1_))));{'d0': {'_a0_': 0.3119297078408628, '_a1_': 2.1235495294218283e-32, '_a6_': 1.446576089377065, '_a7_': 3.3767608785775716, '_a2_': 1.0, '_a3_': 1.0, '_a4_': 1.0, '_a5_': 1.0}};{'d0': 0.024905832919416608};-276.475521886822;41.79421472716914
45072;-98.2785739967515;((((_a2_ * pow2((_a7_ + x))) ** _a1_) + (_a7_ + -(_a6_))) * x);{'d0': {'_a1_': 1.047039985884713, '_a2_': 3.2714373307297198, '_a6_': -1.1566845254025728, '_a7_': 0.3100912270862891, '_a0_': 1.0, '_a3_': 1.0, '_a4_': 1.0, '_a5_': 1.0}};{'d0': 0.023785370572908};-279.237401084232;41.340126545364484
45073;-98.2785739967515;((((_a2_ * pow2((_a7_ + x))) ** _a1_) + (_a7_ + -(_a6_))) * x);{'d0': {'_a1_': 1.047039985884713, '_a2_': 3.2714373307297198, '_a6_': -1.1566845254025728, '_a7_': 0.3100912270862891, '_a0_': 1.0, '_a3_': 1.0, '_a4_': 1.0, '_a5_': 1.0}};{'d0': 0.023785370572908};-279.237401084232;41.340126545364484
45074;-98.2785739967515;((((_a2_ * pow2((_a7_ + x))) ** _a1_) + (_a7_ + -(_a6_))) * x);{'d0': {'_a1_': 1.047039985884713, '_a2_': 3.2714373307297198, '_a6_': -1.1566845254025728, '_a7_': 0.3100912270862891, '_a0_': 1.0, '_a3_': 1.0, '_a4_': 1.0, '_a5_': 1.0}};{'d0': 0.023785370572908};-279.237401084232;41.340126545364484
45075;-98.2785739967515;((((_a2_ * pow2((_a7_ + x))) ** _a1_) + (_a7_ + -(_a6_))) * x);{'d0': {'_a1_': 1.047039985884713, '_a2_': 3.2714373307297198, '_a6_': -1.1566845254025728, '_a7_': 0.3100912270862891, '_a0_': 1.0, '_a3_': 1.0, '_a4_': 1.0, '_a5_': 1.0}};{'d0': 0.023785370572908};-279.237401084232;41.340126545364484
45076;-97.6405816941120;((((_a2_ * pow2((_a7_ + x))) + _a1_) + (_a7_ + -(_a6_))) * x);{'d0': {'_a1_': -724.7259227632942, '_a2_': 3.3767608785591987, '_a6_': -725.8605693626852, '_a7_': 0.31192969725841424, '_a0_': 1.0, '_a3_': 1.0, '_a4_': 1.0, '_a5_': 1.0}};{'d0': 0.02490583292025055};-276.475521884813;40.59717924829448
45077;-97.6405816941120;((((_a2_ * pow2((_a7_ + x))) + _a1_) + (_a7_ + -(_a6_))) * x);{'d0': {'_a1_': -724.7259227632942, '_a2_': 3.3767608785591987, '_a6_': -725.8605693626852, '_a7_': 0.31192969725841424, '_a0_': 1.0, '_a3_': 1.0, '_a4_': 1.0, '_a5_': 1.0}};{'d0': 0.02490583292025055};-276.475521884813;40.59717924829448
45078;-97.6405786755542;((((_a2_ * pow2((_a7_ + x))) + _a1_) + (x + -(_a6_))) * x);{'d0': {'_a1_': 173633.60121904206, '_a2_': 3.37674594205468, '_a6_': 173631.91675596975, '_a7_': 0.16385865421687795, '_a0_': 1.0, '_a3_': 1.0, '_a4_': 1.0, '_a5_': 1.0}};{'d0': 0.02490583542624058};-276.475515847697;40.59717924829448
45079;-97.6405786755542;((((_a2_ * pow2((_a7_ + x))) + _a1_) + (x + -(_a6_))) * x);{'d0': {'_a1_': 173633.60121904206, '_a2_': 3.37674594205468, '_a6_': 173631.91675596975, '_a7_': 0.16385865421687795, '_a0_': 1.0, '_a3_': 1.0, '_a4_': 1.0, '_a5_': 1.0}};{'d0': 0.02490583542624058};-276.475515847697;40.59717924829448
45080;-97.6405786755542;((((_a2_ * pow2((_a7_ + x))) + _a1_) + (x + -(_a6_))) * x);{'d0': {'_a1_': 173633.60121904206, '_a2_': 3.37674594205468, '_a6_': 173631.91675596975, '_a7_': 0.16385865421687795, '_a0_': 1.0, '_a3_': 1.0, '_a4_': 1.0, '_a5_': 1.0}};{'d0': 0.02490583542624058};-276.475515847697;40.59717924829448
45081;-97.6405786755542;((((_a2_ * pow2((_a7_ + x))) + _a1_) + (x + -(_a6_))) * x);{'d0': {'_a1_': 173633.60121904206, '_a2_': 3.37674594205468, '_a6_': 173631.91675596975, '_a7_': 0.16385865421687795, '_a0_': 1.0, '_a3_': 1.0, '_a4_': 1.0, '_a5_': 1.0}};{'d0': 0.02490583542624058};-276.475515847697;40.59717924829448
45082;-97.6405786755542;((((_a2_ * pow2((_a7_ + x))) + _a1_) + (x + -(_a6_))) * x);{'d0': {'_a1_': 173633.60121904206, '_a2_': 3.37674594205468, '_a6_': 173631.91675596975, '_a7_': 0.16385865421687795, '_a0_': 1.0, '_a3_': 1.0, '_a4_': 1.0, '_a5_': 1.0}};{'d0': 0.02490583542624058};-276.475515847697;40.59717924829448
45083;-97.6405786755542;((((_a2_ * pow2((_a7_ + x))) + _a1_) + (x + -(_a6_))) * x);{'d0': {'_a1_': 173633.60121904206, '_a2_': 3.37674594205468, '_a6_': 173631.91675596975, '_a7_': 0.16385865421687795, '_a0_': 1.0, '_a3_': 1.0, '_a4_': 1.0, '_a5_': 1.0}};{'d0': 0.02490583542624058};-276.475515847697;40.59717924829448
45084;-97.6405786755542;((((_a2_ * pow2((_a7_ + x))) + _a1_) + (x + -(_a6_))) * x);{'d0': {'_a1_': 173633.60121904206, '_a2_': 3.37674594205468, '_a6_': 173631.91675596975, '_a7_': 0.16385865421687795, '_a0_': 1.0, '_a3_': 1.0, '_a4_': 1.0, '_a5_': 1.0}};{'d0': 0.02490583542624058};-276.475515847697;40.59717924829448
45085;-97.6405786755542;((((_a2_ * pow2((_a7_ + x))) + _a1_) + (x + -(_a6_))) * x);{'d0': {'_a1_': 173633.60121904206, '_a2_': 3.37674594205468, '_a6_': 173631.91675596975, '_a7_': 0.16385865421687795, '_a0_': 1.0, '_a3_': 1.0, '_a4_': 1.0, '_a5_': 1.0}};{'d0': 0.02490583542624058};-276.475515847697;40.59717924829448
45086;-97.6405786755542;((((_a2_ * pow2((_a7_ + x))) + _a1_) + (x + -(_a6_))) * x);{'d0': {'_a1_': 173633.60121904206, '_a2_': 3.37674594205468, '_a6_': 173631.91675596975, '_a7_': 0.16385865421687795, '_a0_': 1.0, '_a3_': 1.0, '_a4_': 1.0, '_a5_': 1.0}};{'d0': 0.02490583542624058};-276.475515847697;40.59717924829448
45087;-97.6405786755542;((((_a2_ * pow2((_a7_ + x))) + _a1_) + (x + -(_a6_))) * x);{'d0': {'_a1_': 173633.60121904206, '_a2_': 3.37674594205468, '_a6_': 173631.91675596975, '_a7_': 0.16385865421687795, '_a0_': 1.0, '_a3_': 1.0, '_a4_': 1.0, '_a5_': 1.0}};{'d0': 0.02490583542624058};-276.475515847697;40.59717924829448
45088;-97.6405786755542;((((_a2_ * pow2((_a7_ + x))) + _a1_) + (x + -(_a6_))) * x);{'d0': {'_a1_': 173633.60121904206, '_a2_': 3.37674594205468, '_a6_': 173631.91675596975, '_a7_': 0.16385865421687795, '_a0_': 1.0, '_a3_': 1.0, '_a4_': 1.0, '_a5_': 1.0}};{'d0': 0.02490583542624058};-276.475515847697;40.59717924829448
45089;-97.6405786755542;((((_a2_ * pow2((_a7_ + x))) + _a1_) + (x + -(_a6_))) * x);{'d0': {'_a1_': 173633.60121904206, '_a2_': 3.37674594205468, '_a6_': 173631.91675596975, '_a7_': 0.16385865421687795, '_a0_': 1.0, '_a3_': 1.0, '_a4_': 1.0, '_a5_': 1.0}};{'d0': 0.02490583542624058};-276.475515847697;40.59717924829448
45090;-96.4435462162417;((_a1_ * _a7_) + (x * (_a6_ + ((pow2((_a0_ + x)) * _a7_) + _a1_))));{'d0': {'_a0_': 0.3119297078408628, '_a1_': 2.1235495294218283e-32, '_a6_': 1.446576089377065, '_a7_': 3.3767608785775716, '_a2_': 1.0, '_a3_': 1.0, '_a4_': 1.0, '_a5_': 1.0}};{'d0': 0.024905832919416608};-276.475521886822;41.79421472716914
45091;-96.4435462162417;((_a1_ * _a7_) + (x * (_a6_ + ((pow2((_a0_ + x)) * _a7_) + _a1_))));{'d0': {'_a0_': 0.3119297078408628, '_a1_': 2.1235495294218283e-32, '_a6_': 1.446576089377065, '_a7_': 3.3767608785775716, '_a2_': 1.0, '_a3_': 1.0, '_a4_': 1.0, '_a5_': 1.0}};{'d0': 0.024905832919416608};-276.475521886822;41.79421472716914
45092;-96.4435462162417;((_a1_ * _a7_) + (x * (_a6_ + ((pow2((_a0_ + x)) * _a7_) + _a1_))));{'d0': {'_a0_': 0.3119297078408628, '_a1_': 2.1235495294218283e-32, '_a6_': 1.446576089377065, '_a7_': 3.3767608785775716, '_a2_': 1.0, '_a3_': 1.0, '_a4_': 1.0, '_a5_': 1.0}};{'d0': 0.024905832919416608};-276.475521886822;41.79421472716914
45093;-96.4435462162417;((_a1_ * _a7_) + (x * (_a6_ + ((pow2((_a0_ + x)) * _a7_) + _a1_))));{'d0': {'_a0_': 0.3119297078408628, '_a1_': 2.1235495294218283e-32, '_a6_': 1.446576089377065, '_a7_': 3.3767608785775716, '_a2_': 1.0, '_a3_': 1.0, '_a4_': 1.0, '_a5_': 1.0}};{'d0': 0.024905832919416608};-276.475521886822;41.79421472716914
45094;-96.4435462162417;((_a1_ * _a7_) + (x * (_a6_ + ((pow2((_a0_ + x)) * _a7_) + _a1_))));{'d0': {'_a0_': 0.3119297078408628, '_a1_': 2.1235495294218283e-32, '_a6_': 1.446576089377065, '_a7_': 3.3767608785775716, '_a2_': 1.0, '_a3_': 1.0, '_a4_': 1.0, '_a5_': 1.0}};{'d0': 0.024905832919416608};-276.475521886822;41.79421472716914
45095;-96.4435462162417;((_a1_ * _a7_) + (x * (_a6_ + ((pow2((_a0_ + x)) * _a7_) + _a1_))));{'d0': {'_a0_': 0.3119297078408628, '_a1_': 2.1235495294218283e-32, '_a6_': 1.446576089377065, '_a7_': 3.3767608785775716, '_a2_': 1.0, '_a3_': 1.0, '_a4_': 1.0, '_a5_': 1.0}};{'d0': 0.024905832919416608};-276.475521886822;41.79421472716914
45096;-96.4435462162417;((_a1_ * _a7_) + (x * (_a6_ + ((pow2((_a0_ + x)) * _a7_) + _a1_))));{'d0': {'_a0_': 0.3119297078408628, '_a1_': 2.1235495294218283e-32, '_a6_': 1.446576089377065, '_a7_': 3.3767608785775716, '_a2_': 1.0, '_a3_': 1.0, '_a4_': 1.0, '_a5_': 1.0}};{'d0': 0.024905832919416608};-276.475521886822;41.79421472716914
45097;-96.4435462162417;((_a1_ * _a7_) + (x * (_a6_ + ((pow2((_a0_ + x)) * _a7_) + _a1_))));{'d0': {'_a0_': 0.3119297078408628, '_a1_': 2.1235495294218283e-32, '_a6_': 1.446576089377065, '_a7_': 3.3767608785775716, '_a2_': 1.0, '_a3_': 1.0, '_a4_': 1.0, '_a5_': 1.0}};{'d0': 0.024905832919416608};-276.475521886822;41.79421472716914
45098;-96.4435462162417;((_a1_ * _a7_) + (x * (_a6_ + ((pow2((_a0_ + x)) * _a7_) + _a1_))));{'d0': {'_a0_': 0.3119297078408628, '_a1_': 2.1235495294218283e-32, '_a6_': 1.446576089377065, '_a7_': 3.3767608785775716, '_a2_': 1.0, '_a3_': 1.0, '_a4_': 1.0, '_a5_': 1.0}};{'d0': 0.024905832919416608};-276.475521886822;41.79421472716914
45099;-96.4435462162417;((_a1_ * _a7_) + (x * (_a6_ + ((pow2((_a0_ + x)) * _a7_) + _a1_))));{'d0': {'_a0_': 0.3119297078408628, '_a1_': 2.1235495294218283e-32, '_a6_': 1.446576089377065, '_a7_': 3.3767608785775716, '_a2_': 1.0, '_a3_': 1.0, '_a4_': 1.0, '_a5_': 1.0}};{'d0': 0.024905832919416608};-276.475521886822;41.79421472716914
45100;-96.4435462162417;((_a1_ * _a7_) + (x * (_a6_ + ((pow2((_a0_ + x)) * _a7_) + _a1_))));{'d0': {'_a0_': 0.3119297078408628, '_a1_': 2.1235495294218283e-32, '_a6_': 1.446576089377065, '_a7_': 3.3767608785775716, '_a2_': 1.0, '_a3_': 1.0, '_a4_': 1.0, '_a5_': 1.0}};{'d0': 0.024905832919416608};-276.475521886822;41.79421472716914
45101;-91.4942062907847;((_a1_ * (_a6_ * _a0_)) + (x * (_a6_ + ((pow2((_a0_ + x)) * _a7_) + _a1_))));{'d0': {'_a0_': 0.3119297078408628, '_a1_': 2.1235495294218283e-32, '_a6_': 1.446576089377065, '_a7_': 3.3767608785775716, '_a2_': 1.0, '_a3_': 1.0, '_a4_': 1.0, '_a5_': 1.0}};{'d0': 0.024905832919416608};-276.475521886822;46.743554652626145
45102;-91.4942062907847;((_a1_ * (_a6_ * _a0_)) + (x * (_a6_ + ((pow2((_a0_ + x)) * _a7_) + _a1_))));{'d0': {'_a0_': 0.3119297078408628, '_a1_': 2.1235495294218283e-32, '_a6_': 1.446576089377065, '_a7_': 3.3767608785775716, '_a2_': 1.0, '_a3_': 1.0, '_a4_': 1.0, '_a5_': 1.0}};{'d0': 0.024905832919416608};-276.475521886822;46.743554652626145
45103;-91.4942062907847;((_a1_ * (_a6_ * _a0_)) + (x * (_a6_ + ((pow2((_a0_ + x)) * _a7_) + _a1_))));{'d0': {'_a0_': 0.3119297078408628, '_a1_': 2.1235495294218283e-32, '_a6_': 1.446576089377065, '_a7_': 3.3767608785775716, '_a2_': 1.0, '_a3_': 1.0, '_a4_': 1.0, '_a5_': 1.0}};{'d0': 0.024905832919416608};-276.475521886822;46.743554652626145
45104;-91.4942062907847;((_a1_ * (_a6_ * _a0_)) + (x * (_a6_ + ((pow2((_a0_ + x)) * _a7_) + _a1_))));{'d0': {'_a0_': 0.3119297078408628, '_a1_': 2.1235495294218283e-32, '_a6_': 1.446576089377065, '_a7_': 3.3767608785775716, '_a2_': 1.0, '_a3_': 1.0, '_a4_': 1.0, '_a5_': 1.0}};{'d0': 0.024905832919416608};-276.475521886822;46.743554652626145
45105;-91.4942062907847;((_a1_ * (_a6_ * _a0_)) + (x * (_a6_ + ((pow2((_a0_ + x)) * _a7_) + _a1_))));{'d0': {'_a0_': 0.3119297078408628, '_a1_': 2.1235495294218283e-32, '_a6_': 1.446576089377065, '_a7_': 3.3767608785775716, '_a2_': 1.0, '_a3_': 1.0, '_a4_': 1.0, '_a5_': 1.0}};{'d0': 0.024905832919416608};-276.475521886822;46.743554652626145
45106;-91.4942062907847;((_a1_ * (_a6_ * _a0_)) + (x * (_a6_ + ((pow2((_a0_ + x)) * _a7_) + _a1_))));{'d0': {'_a0_': 0.3119297078408628, '_a1_': 2.1235495294218283e-32, '_a6_': 1.446576089377065, '_a7_': 3.3767608785775716, '_a2_': 1.0, '_a3_': 1.0, '_a4_': 1.0, '_a5_': 1.0}};{'d0': 0.024905832919416608};-276.475521886822;46.743554652626145
45107;-91.4942062907847;((_a1_ * (_a6_ * _a0_)) + (x * (_a6_ + ((pow2((_a0_ + x)) * _a7_) + _a1_))));{'d0': {'_a0_': 0.3119297078408628, '_a1_': 2.1235495294218283e-32, '_a6_': 1.446576089377065, '_a7_': 3.3767608785775716, '_a2_': 1.0, '_a3_': 1.0, '_a4_': 1.0, '_a5_': 1.0}};{'d0': 0.024905832919416608};-276.475521886822;46.743554652626145
45108;-91.4942062907847;((_a1_ * (_a6_ * _a0_)) + (x * (_a6_ + ((pow2((_a0_ + x)) * _a7_) + _a1_))));{'d0': {'_a0_': 0.3119297078408628, '_a1_': 2.1235495294218283e-32, '_a6_': 1.446576089377065, '_a7_': 3.3767608785775716, '_a2_': 1.0, '_a3_': 1.0, '_a4_': 1.0, '_a5_': 1.0}};{'d0': 0.024905832919416608};-276.475521886822;46.743554652626145
45109;-96.4435462162417;((_a1_ * _a1_) + (x * (_a6_ + ((pow2((_a0_ + x)) * _a7_) + _a1_))));{'d0': {'_a0_': 0.3119297078408628, '_a1_': 2.1235495294218283e-32, '_a6_': 1.446576089377065, '_a7_': 3.3767608785775716, '_a2_': 1.0, '_a3_': 1.0, '_a4_': 1.0, '_a5_': 1.0}};{'d0': 0.024905832919416608};-276.475521886822;41.79421472716915
45110;-96.4435462162417;((_a1_ * _a1_) + (x * (_a6_ + ((pow2((_a0_ + x)) * _a7_) + _a1_))));{'d0': {'_a0_': 0.3119297078408628, '_a1_': 2.1235495294218283e-32, '_a6_': 1.446576089377065, '_a7_': 3.3767608785775716, '_a2_': 1.0, '_a3_': 1.0, '_a4_': 1.0, '_a5_': 1.0}};{'d0': 0.024905832919416608};-276.475521886822;41.79421472716915
45111;-96.4435462162417;((_a1_ * _a1_) + (x * (_a6_ + ((pow2((_a0_ + x)) * _a7_) + _a1_))));{'d0': {'_a0_': 0.3119297078408628, '_a1_': 2.1235495294218283e-32, '_a6_': 1.446576089377065, '_a7_': 3.3767608785775716, '_a2_': 1.0, '_a3_': 1.0, '_a4_': 1.0, '_a5_': 1.0}};{'d0': 0.024905832919416608};-276.475521886822;41.79421472716915
45112;-96.4435462162417;((_a1_ * _a1_) + (x * (_a6_ + ((pow2((_a0_ + x)) * _a7_) + _a1_))));{'d0': {'_a0_': 0.3119297078408628, '_a1_': 2.1235495294218283e-32, '_a6_': 1.446576089377065, '_a7_': 3.3767608785775716, '_a2_': 1.0, '_a3_': 1.0, '_a4_': 1.0, '_a5_': 1.0}};{'d0': 0.024905832919416608};-276.475521886822;41.79421472716915
45113;-96.4435462162417;((_a1_ * _a1_) + (x * (_a6_ + ((pow2((_a0_ + x)) * _a7_) + _a1_))));{'d0': {'_a0_': 0.3119297078408628, '_a1_': 2.1235495294218283e-32, '_a6_': 1.446576089377065, '_a7_': 3.3767608785775716, '_a2_': 1.0, '_a3_': 1.0, '_a4_': 1.0, '_a5_': 1.0}};{'d0': 0.024905832919416608};-276.475521886822;41.79421472716915
45114;-96.4435462162417;((_a1_ * _a1_) + (x * (_a6_ + ((pow2((_a0_ + x)) * _a7_) + _a1_))));{'d0': {'_a0_': 0.3119297078408628, '_a1_': 2.1235495294218283e-32, '_a6_': 1.446576089377065, '_a7_': 3.3767608785775716, '_a2_': 1.0, '_a3_': 1.0, '_a4_': 1.0, '_a5_': 1.0}};{'d0': 0.024905832919416608};-276.475521886822;41.79421472716915
45115;-96.4435462162417;((_a1_ * _a1_) + (x * (_a6_ + ((pow2((_a0_ + x)) * _a7_) + _a1_))));{'d0': {'_a0_': 0.3119297078408628, '_a1_': 2.1235495294218283e-32, '_a6_': 1.446576089377065, '_a7_': 3.3767608785775716, '_a2_': 1.0, '_a3_': 1.0, '_a4_': 1.0, '_a5_': 1.0}};{'d0': 0.024905832919416608};-276.475521886822;41.79421472716915
45116;-96.4435462162417;((_a1_ * _a1_) + (x * (_a6_ + ((pow2((_a0_ + x)) * _a7_) + _a1_))));{'d0': {'_a0_': 0.3119297078408628, '_a1_': 2.1235495294218283e-32, '_a6_': 1.446576089377065, '_a7_': 3.3767608785775716, '_a2_': 1.0, '_a3_': 1.0, '_a4_': 1.0, '_a5_': 1.0}};{'d0': 0.024905832919416608};-276.475521886822;41.79421472716915
45117;-96.4435462162417;((_a1_ * _a1_) + (x * (_a6_ + ((pow2((_a0_ + x)) * _a7_) + _a1_))));{'d0': {'_a0_': 0.3119297078408628, '_a1_': 2.1235495294218283e-32, '_a6_': 1.446576089377065, '_a7_': 3.3767608785775716, '_a2_': 1.0, '_a3_': 1.0, '_a4_': 1.0, '_a5_': 1.0}};{'d0': 0.024905832919416608};-276.475521886822;41.79421472716915
45118;-96.4435462162417;((_a1_ * _a1_) + (x * (_a6_ + ((pow2((_a0_ + x)) * _a7_) + _a1_))));{'d0': {'_a0_': 0.3119297078408628, '_a1_': 2.1235495294218283e-32, '_a6_': 1.446576089377065, '_a7_': 3.3767608785775716, '_a2_': 1.0, '_a3_': 1.0, '_a4_': 1.0, '_a5_': 1.0}};{'d0': 0.024905832919416608};-276.475521886822;41.79421472716915
45119;-91.0842141861317;((_a1_ * log(_a6_)) + (x * (_a6_ + ((pow2((_a0_ + x)) * _a7_) + _a1_))));{'d0': {'_a0_': 0.3119297078408628, '_a1_': 2.1235495294218283e-32, '_a6_': 1.446576089377065, '_a7_': 3.3767608785775716, '_a2_': 1.0, '_a3_': 1.0, '_a4_': 1.0, '_a5_': 1.0}};{'d0': 0.024905832919416608};-276.475521886822;47.153546757279145
45120;-91.0842141861317;((_a1_ * log(_a6_)) + (x * (_a6_ + ((pow2((_a0_ + x)) * _a7_) + _a1_))));{'d0': {'_a0_': 0.3119297078408628, '_a1_': 2.1235495294218283e-32, '_a6_': 1.446576089377065, '_a7_': 3.3767608785775716, '_a2_': 1.0, '_a3_': 1.0, '_a4_': 1.0, '_a5_': 1.0}};{'d0': 0.024905832919416608};-276.475521886822;47.153546757279145
45121;-91.0842141861317;((_a1_ * log(_a6_)) + (x * (_a6_ + ((pow2((_a0_ + x)) * _a7_) + _a1_))));{'d0': {'_a0_': 0.3119297078408628, '_a1_': 2.1235495294218283e-32, '_a6_': 1.446576089377065, '_a7_': 3.3767608785775716, '_a2_': 1.0, '_a3_': 1.0, '_a4_': 1.0, '_a5_': 1.0}};{'d0': 0.024905832919416608};-276.475521886822;47.153546757279145
45122;-91.0842141861317;((_a1_ * log(_a6_)) + (x * (_a6_ + ((pow2((_a0_ + x)) * _a7_) + _a1_))));{'d0': {'_a0_': 0.3119297078408628, '_a1_': 2.1235495294218283e-32, '_a6_': 1.446576089377065, '_a7_': 3.3767608785775716, '_a2_': 1.0, '_a3_': 1.0, '_a4_': 1.0, '_a5_': 1.0}};{'d0': 0.024905832919416608};-276.475521886822;47.153546757279145
45123;-96.4435462162417;((_a1_ * _a0_) + (x * (_a6_ + ((pow2((_a0_ + x)) * _a7_) + _a1_))));{'d0': {'_a0_': 0.3119297078408628, '_a1_': 2.1235495294218283e-32, '_a6_': 1.446576089377065, '_a7_': 3.3767608785775716, '_a2_': 1.0, '_a3_': 1.0, '_a4_': 1.0, '_a5_': 1.0}};{'d0': 0.024905832919416608};-276.475521886822;41.79421472716915
45124;-91.0774780815817;((_a1_ * exp(_a1_)) + (x * (_a6_ + ((pow2((_a0_ + x)) * _a7_) + _a1_))));{'d0': {'_a0_': 0.3119297078408628, '_a1_': 2.1235495294218283e-32, '_a6_': 1.446576089377065, '_a7_': 3.3767608785775716, '_a2_': 1.0, '_a3_': 1.0, '_a4_': 1.0, '_a5_': 1.0}};{'d0': 0.024905832919416608};-276.475521886822;47.160282861829145
45125;-91.0774780815817;((_a1_ * exp(_a1_)) + (x * (_a6_ + ((pow2((_a0_ + x)) * _a7_) + _a1_))));{'d0': {'_a0_': 0.3119297078408628, '_a1_': 2.1235495294218283e-32, '_a6_': 1.446576089377065, '_a7_': 3.3767608785775716, '_a2_': 1.0, '_a3_': 1.0, '_a4_': 1.0, '_a5_': 1.0}};{'d0': 0.024905832919416608};-276.475521886822;47.160282861829145
45126;-91.0774780815817;((_a1_ * exp(_a1_)) + (x * (_a6_ + ((pow2((_a0_ + x)) * _a7_) + _a1_))));{'d0': {'_a0_': 0.3119297078408628, '_a1_': 2.1235495294218283e-32, '_a6_': 1.446576089377065, '_a7_': 3.3767608785775716, '_a2_': 1.0, '_a3_': 1.0, '_a4_': 1.0, '_a5_': 1.0}};{'d0': 0.024905832919416608};-276.475521886822;47.160282861829145
45127;-91.0774780815817;((_a1_ * exp(_a1_)) + (x * (_a6_ + ((pow2((_a0_ + x)) * _a7_) + _a1_))));{'d0': {'_a0_': 0.3119297078408628, '_a1_': 2.1235495294218283e-32, '_a6_': 1.446576089377065, '_a7_': 3.3767608785775716, '_a2_': 1.0, '_a3_': 1.0, '_a4_': 1.0, '_a5_': 1.0}};{'d0': 0.024905832919416608};-276.475521886822;47.160282861829145
45128;-91.0774780815817;((_a1_ * exp(_a1_)) + (x * (_a6_ + ((pow2((_a0_ + x)) * _a7_) + _a1_))));{'d0': {'_a0_': 0.3119297078408628, '_a1_': 2.1235495294218283e-32, '_a6_': 1.446576089377065, '_a7_': 3.3767608785775716, '_a2_': 1.0, '_a3_': 1.0, '_a4_': 1.0, '_a5_': 1.0}};{'d0': 0.024905832919416608};-276.475521886822;47.160282861829145
45129;-91.0774780815817;((_a1_ * exp(_a1_)) + (x * (_a6_ + ((pow2((_a0_ + x)) * _a7_) + _a1_))));{'d0': {'_a0_': 0.3119297078408628, '_a1_': 2.1235495294218283e-32, '_a6_': 1.446576089377065, '_a7_': 3.3767608785775716, '_a2_': 1.0, '_a3_': 1.0, '_a4_': 1.0, '_a5_': 1.0}};{'d0': 0.024905832919416608};-276.475521886822;47.160282861829145
45130;-91.0774780815817;((_a1_ * exp(_a1_)) + (x * (_a6_ + ((pow2((_a0_ + x)) * _a7_) + _a1_))));{'d0': {'_a0_': 0.3119297078408628, '_a1_': 2.1235495294218283e-32, '_a6_': 1.446576089377065, '_a7_': 3.3767608785775716, '_a2_': 1.0, '_a3_': 1.0, '_a4_': 1.0, '_a5_': 1.0}};{'d0': 0.024905832919416608};-276.475521886822;47.160282861829145
45131;-91.0774780815817;((_a1_ * exp(_a1_)) + (x * (_a6_ + ((pow2((_a0_ + x)) * _a7_) + _a1_))));{'d0': {'_a0_': 0.3119297078408628, '_a1_': 2.1235495294218283e-32, '_a6_': 1.446576089377065, '_a7_': 3.3767608785775716, '_a2_': 1.0, '_a3_': 1.0, '_a4_': 1.0, '_a5_': 1.0}};{'d0': 0.024905832919416608};-276.475521886822;47.160282861829145
45132;-91.0774780815817;((_a1_ * exp(_a1_)) + (x * (_a6_ + ((pow2((_a0_ + x)) * _a7_) + _a1_))));{'d0': {'_a0_': 0.3119297078408628, '_a1_': 2.1235495294218283e-32, '_a6_': 1.446576089377065, '_a7_': 3.3767608785775716, '_a2_': 1.0, '_a3_': 1.0, '_a4_': 1.0, '_a5_': 1.0}};{'d0': 0.024905832919416608};-276.475521886822;47.160282861829145
45133;-91.0774780815817;((_a1_ * exp(_a1_)) + (x * (_a6_ + ((pow2((_a0_ + x)) * _a7_) + _a1_))));{'d0': {'_a0_': 0.3119297078408628, '_a1_': 2.1235495294218283e-32, '_a6_': 1.446576089377065, '_a7_': 3.3767608785775716, '_a2_': 1.0, '_a3_': 1.0, '_a4_': 1.0, '_a5_': 1.0}};{'d0': 0.024905832919416608};-276.475521886822;47.160282861829145
45134;-91.0774780815817;((_a1_ * exp(_a1_)) + (x * (_a6_ + ((pow2((_a0_ + x)) * _a7_) + _a1_))));{'d0': {'_a0_': 0.3119297078408628, '_a1_': 2.1235495294218283e-32, '_a6_': 1.446576089377065, '_a7_': 3.3767608785775716, '_a2_': 1.0, '_a3_': 1.0, '_a4_': 1.0, '_a5_': 1.0}};{'d0': 0.024905832919416608};-276.475521886822;47.160282861829145
45135;-91.0774780815817;((_a1_ * exp(_a1_)) + (x * (_a6_ + ((pow2((_a0_ + x)) * _a7_) + _a1_))));{'d0': {'_a0_': 0.3119297078408628, '_a1_': 2.1235495294218283e-32, '_a6_': 1.446576089377065, '_a7_': 3.3767608785775716, '_a2_': 1.0, '_a3_': 1.0, '_a4_': 1.0, '_a5_': 1.0}};{'d0': 0.024905832919416608};-276.475521886822;47.160282861829145
45136;-91.0774780815817;((_a1_ * exp(_a1_)) + (x * (_a6_ + ((pow2((_a0_ + x)) * _a7_) + _a1_))));{'d0': {'_a0_': 0.3119297078408628, '_a1_': 2.1235495294218283e-32, '_a6_': 1.446576089377065, '_a7_': 3.3767608785775716, '_a2_': 1.0, '_a3_': 1.0, '_a4_': 1.0, '_a5_': 1.0}};{'d0': 0.024905832919416608};-276.475521886822;47.160282861829145
45137;-91.0774780815817;((_a1_ * exp(_a1_)) + (x * (_a6_ + ((pow2((_a0_ + x)) * _a7_) + _a1_))));{'d0': {'_a0_': 0.3119297078408628, '_a1_': 2.1235495294218283e-32, '_a6_': 1.446576089377065, '_a7_': 3.3767608785775716, '_a2_': 1.0, '_a3_': 1.0, '_a4_': 1.0, '_a5_': 1.0}};{'d0': 0.024905832919416608};-276.475521886822;47.160282861829145
45138;-91.0774780815817;((_a1_ * exp(_a1_)) + (x * (_a6_ + ((pow2((_a0_ + x)) * _a7_) + _a1_))));{'d0': {'_a0_': 0.3119297078408628, '_a1_': 2.1235495294218283e-32, '_a6_': 1.446576089377065, '_a7_': 3.3767608785775716, '_a2_': 1.0, '_a3_': 1.0, '_a4_': 1.0, '_a5_': 1.0}};{'d0': 0.024905832919416608};-276.475521886822;47.160282861829145
45139;-91.0774780815817;((_a1_ * exp(_a1_)) + (x * (_a6_ + ((pow2((_a0_ + x)) * _a7_) + _a1_))));{'d0': {'_a0_': 0.3119297078408628, '_a1_': 2.1235495294218283e-32, '_a6_': 1.446576089377065, '_a7_': 3.3767608785775716, '_a2_': 1.0, '_a3_': 1.0, '_a4_': 1.0, '_a5_': 1.0}};{'d0': 0.024905832919416608};-276.475521886822;47.160282861829145
45140;-91.0774780815817;((_a1_ * exp(_a1_)) + (x * (_a6_ + ((pow2((_a0_ + x)) * _a7_) + _a1_))));{'d0': {'_a0_': 0.3119297078408628, '_a1_': 2.1235495294218283e-32, '_a6_': 1.446576089377065, '_a7_': 3.3767608785775716, '_a2_': 1.0, '_a3_': 1.0, '_a4_': 1.0, '_a5_': 1.0}};{'d0': 0.024905832919416608};-276.475521886822;47.160282861829145
45141;-91.0774780815817;((_a1_ * exp(_a1_)) + (x * (_a6_ + ((pow2((_a0_ + x)) * _a7_) + _a1_))));{'d0': {'_a0_': 0.3119297078408628, '_a1_': 2.1235495294218283e-32, '_a6_': 1.446576089377065, '_a7_': 3.3767608785775716, '_a2_': 1.0, '_a3_': 1.0, '_a4_': 1.0, '_a5_': 1.0}};{'d0': 0.024905832919416608};-276.475521886822;47.160282861829145
45142;-91.0774780815817;((_a1_ * exp(_a1_)) + (x * (_a6_ + ((pow2((_a0_ + x)) * _a7_) + _a1_))));{'d0': {'_a0_': 0.3119297078408628, '_a1_': 2.1235495294218283e-32, '_a6_': 1.446576089377065, '_a7_': 3.3767608785775716, '_a2_': 1.0, '_a3_': 1.0, '_a4_': 1.0, '_a5_': 1.0}};{'d0': 0.024905832919416608};-276.475521886822;47.160282861829145
45143;-91.0774780815817;((_a1_ * exp(_a1_)) + (x * (_a6_ + ((pow2((_a0_ + x)) * _a7_) + _a1_))));{'d0': {'_a0_': 0.3119297078408628, '_a1_': 2.1235495294218283e-32, '_a6_': 1.446576089377065, '_a7_': 3.3767608785775716, '_a2_': 1.0, '_a3_': 1.0, '_a4_': 1.0, '_a5_': 1.0}};{'d0': 0.024905832919416608};-276.475521886822;47.160282861829145
45144;-91.0774780815817;((_a1_ * exp(_a1_)) + (x * (_a6_ + ((pow2((_a0_ + x)) * _a7_) + _a1_))));{'d0': {'_a0_': 0.3119297078408628, '_a1_': 2.1235495294218283e-32, '_a6_': 1.446576089377065, '_a7_': 3.3767608785775716, '_a2_': 1.0, '_a3_': 1.0, '_a4_': 1.0, '_a5_': 1.0}};{'d0': 0.024905832919416608};-276.475521886822;47.160282861829145
45145;-89.8088097199639;-(((_a4_ + -(((-(pow2((-((_a6_ + x)) * _a4_))) * _a6_) / _a0_))) * x));{'d0': {'_a0_': -0.19330317847667094, '_a4_': -1.4465760891759436, '_a6_': 0.31192970771582446, '_a1_': 1.0, '_a2_': 1.0, '_a3_': 1.0, '_a5_': 1.0, '_a7_': 1.0}};{'d0': 0.02490583291941669};-280.569866449043;50.476123504557755
45146;-89.8088097199639;-(((_a4_ + -(((-(pow2((-((_a6_ + x)) * _a4_))) * _a6_) / _a0_))) * x));{'d0': {'_a0_': -0.19330317847667094, '_a4_': -1.4465760891759436, '_a6_': 0.31192970771582446, '_a1_': 1.0, '_a2_': 1.0, '_a3_': 1.0, '_a5_': 1.0, '_a7_': 1.0}};{'d0': 0.02490583291941669};-280.569866449043;50.476123504557755
45147;-89.8088097199639;-(((_a4_ + -(((-(pow2((-((_a6_ + x)) * _a4_))) * _a6_) / _a0_))) * x));{'d0': {'_a0_': -0.19330317847667094, '_a4_': -1.4465760891759436, '_a6_': 0.31192970771582446, '_a1_': 1.0, '_a2_': 1.0, '_a3_': 1.0, '_a5_': 1.0, '_a7_': 1.0}};{'d0': 0.02490583291941669};-280.569866449043;50.476123504557755
45148;-89.8088097199639;-(((_a4_ + -(((-(pow2((-((_a6_ + x)) * _a4_))) * _a6_) / _a0_))) * x));{'d0': {'_a0_': -0.19330317847667094, '_a4_': -1.4465760891759436, '_a6_': 0.31192970771582446, '_a1_': 1.0, '_a2_': 1.0, '_a3_': 1.0, '_a5_': 1.0, '_a7_': 1.0}};{'d0': 0.02490583291941669};-280.569866449043;50.476123504557755
45149;-93.4902721142268;((_a4_ + -(((-(pow2((-((_a6_ + x)) * _a4_))) * _a6_) / _a0_))) * x);{'d0': {'_a0_': 0.1933031782842107, '_a4_': 1.4465760887478758, '_a6_': 0.3119297077078909, '_a1_': 1.0, '_a2_': 1.0, '_a3_': 1.0, '_a5_': 1.0, '_a7_': 1.0}};{'d0': 0.02490583291941658};-280.569866449044;46.794661110295024
45150;-93.4902721142268;((_a4_ + -(((-(pow2((-((_a6_ + x)) * _a4_))) * _a6_) / _a0_))) * x);{'d0': {'_a0_': 0.1933031782842107, '_a4_': 1.4465760887478758, '_a6_': 0.3119297077078909, '_a1_': 1.0, '_a2_': 1.0, '_a3_': 1.0, '_a5_': 1.0, '_a7_': 1.0}};{'d0': 0.02490583291941658};-280.569866449044;46.794661110295024
45151;-93.4902721142268;((_a4_ + -(((-(pow2((-((_a6_ + x)) * _a4_))) * _a6_) / _a0_))) * x);{'d0': {'_a0_': 0.1933031782842107, '_a4_': 1.4465760887478758, '_a6_': 0.3119297077078909, '_a1_': 1.0, '_a2_': 1.0, '_a3_': 1.0, '_a5_': 1.0, '_a7_': 1.0}};{'d0': 0.02490583291941658};-280.569866449044;46.794661110295024
45152;-93.4902721142268;((_a4_ + -(((-(pow2((-((_a6_ + x)) * _a4_))) * _a6_) / _a0_))) * x);{'d0': {'_a0_': 0.1933031782842107, '_a4_': 1.4465760887478758, '_a6_': 0.3119297077078909, '_a1_': 1.0, '_a2_': 1.0, '_a3_': 1.0, '_a5_': 1.0, '_a7_': 1.0}};{'d0': 0.02490583291941658};-280.569866449044;46.794661110295024
45153;-93.4902721142268;((_a4_ + -(((-(pow2((-((_a6_ + x)) * _a4_))) * _a6_) / _a0_))) * x);{'d0': {'_a0_': 0.1933031782842107, '_a4_': 1.4465760887478758, '_a6_': 0.3119297077078909, '_a1_': 1.0, '_a2_': 1.0, '_a3_': 1.0, '_a5_': 1.0, '_a7_': 1.0}};{'d0': 0.02490583291941658};-280.569866449044;46.794661110295024
45154;-93.4902721142268;((_a4_ + -(((-(pow2((-((_a6_ + x)) * _a4_))) * _a6_) / _a0_))) * x);{'d0': {'_a0_': 0.1933031782842107, '_a4_': 1.4465760887478758, '_a6_': 0.3119297077078909, '_a1_': 1.0, '_a2_': 1.0, '_a3_': 1.0, '_a5_': 1.0, '_a7_': 1.0}};{'d0': 0.02490583291941658};-280.569866449044;46.794661110295024
45155;-93.4902721142268;((_a4_ + -(((-(pow2((-((_a6_ + x)) * _a4_))) * _a6_) / _a0_))) * x);{'d0': {'_a0_': 0.1933031782842107, '_a4_': 1.4465760887478758, '_a6_': 0.3119297077078909, '_a1_': 1.0, '_a2_': 1.0, '_a3_': 1.0, '_a5_': 1.0, '_a7_': 1.0}};{'d0': 0.02490583291941658};-280.569866449044;46.794661110295024
45156;-93.4902721142268;((_a4_ + -(((-(pow2((-((_a6_ + x)) * _a4_))) * _a6_) / _a0_))) * x);{'d0': {'_a0_': 0.1933031782842107, '_a4_': 1.4465760887478758, '_a6_': 0.3119297077078909, '_a1_': 1.0, '_a2_': 1.0, '_a3_': 1.0, '_a5_': 1.0, '_a7_': 1.0}};{'d0': 0.02490583291941658};-280.569866449044;46.794661110295024
45157;-93.4902721142268;((_a4_ + -(((-(pow2((-((_a6_ + x)) * _a4_))) * _a6_) / _a0_))) * x);{'d0': {'_a0_': 0.1933031782842107, '_a4_': 1.4465760887478758, '_a6_': 0.3119297077078909, '_a1_': 1.0, '_a2_': 1.0, '_a3_': 1.0, '_a5_': 1.0, '_a7_': 1.0}};{'d0': 0.02490583291941658};-280.569866449044;46.794661110295024
45158;-93.4902721142268;((_a4_ + -(((-(pow2((-((_a6_ + x)) * _a4_))) * _a6_) / _a0_))) * x);{'d0': {'_a0_': 0.1933031782842107, '_a4_': 1.4465760887478758, '_a6_': 0.3119297077078909, '_a1_': 1.0, '_a2_': 1.0, '_a3_': 1.0, '_a5_': 1.0, '_a7_': 1.0}};{'d0': 0.02490583291941658};-280.569866449044;46.794661110295024
45159;-93.4902721142268;((_a4_ + -(((-(pow2((-((_a6_ + x)) * _a4_))) * _a6_) / _a0_))) * x);{'d0': {'_a0_': 0.1933031782842107, '_a4_': 1.4465760887478758, '_a6_': 0.3119297077078909, '_a1_': 1.0, '_a2_': 1.0, '_a3_': 1.0, '_a5_': 1.0, '_a7_': 1.0}};{'d0': 0.02490583291941658};-280.569866449044;46.794661110295024
45160;-93.4902721142268;((_a4_ + -(((-(pow2((-((_a6_ + x)) * _a4_))) * _a6_) / _a0_))) * x);{'d0': {'_a0_': 0.1933031782842107, '_a4_': 1.4465760887478758, '_a6_': 0.3119297077078909, '_a1_': 1.0, '_a2_': 1.0, '_a3_': 1.0, '_a5_': 1.0, '_a7_': 1.0}};{'d0': 0.02490583291941658};-280.569866449044;46.794661110295024
45161;-93.4902721142268;((_a4_ + -(((-(pow2((-((_a6_ + x)) * _a4_))) * _a6_) / _a0_))) * x);{'d0': {'_a0_': 0.1933031782842107, '_a4_': 1.4465760887478758, '_a6_': 0.3119297077078909, '_a1_': 1.0, '_a2_': 1.0, '_a3_': 1.0, '_a5_': 1.0, '_a7_': 1.0}};{'d0': 0.02490583291941658};-280.569866449044;46.794661110295024
45162;-94.3412239551721;((_a4_ + -(((-(pow2((-((_a6_ + x)) * _a4_))) * _a6_) * _a0_))) * x);{'d0': {'_a0_': 5.173220670933968, '_a4_': 1.4465760897059088, '_a6_': 0.31192970781465384, '_a1_': 1.0, '_a2_': 1.0, '_a3_': 1.0, '_a5_': 1.0, '_a7_': 1.0}};{'d0': 0.024905832919416646};-280.569866449044;45.943709269349625
45163;-94.3412239551721;((_a4_ + -(((-(pow2((-((_a6_ + x)) * _a4_))) * _a6_) * _a0_))) * x);{'d0': {'_a0_': 5.173220670933968, '_a4_': 1.4465760897059088, '_a6_': 0.31192970781465384, '_a1_': 1.0, '_a2_': 1.0, '_a3_': 1.0, '_a5_': 1.0, '_a7_': 1.0}};{'d0': 0.024905832919416646};-280.569866449044;45.943709269349625
45164;-94.3412239551721;((_a4_ + -(((-(pow2((-((_a6_ + x)) * _a4_))) * _a6_) * _a0_))) * x);{'d0': {'_a0_': 5.173220670933968, '_a4_': 1.4465760897059088, '_a6_': 0.31192970781465384, '_a1_': 1.0, '_a2_': 1.0, '_a3_': 1.0, '_a5_': 1.0, '_a7_': 1.0}};{'d0': 0.024905832919416646};-280.569866449044;45.943709269349625
45165;-94.3412239551721;((_a4_ + -(((-(pow2((-((_a6_ + x)) * _a4_))) * _a6_) * _a0_))) * x);{'d0': {'_a0_': 5.173220670933968, '_a4_': 1.4465760897059088, '_a6_': 0.31192970781465384, '_a1_': 1.0, '_a2_': 1.0, '_a3_': 1.0, '_a5_': 1.0, '_a7_': 1.0}};{'d0': 0.024905832919416646};-280.569866449044;45.943709269349625
45166;-94.3412239551721;((_a4_ + -(((-(pow2((-((_a6_ + x)) * _a4_))) * _a6_) * _a0_))) * x);{'d0': {'_a0_': 5.173220670933968, '_a4_': 1.4465760897059088, '_a6_': 0.31192970781465384, '_a1_': 1.0, '_a2_': 1.0, '_a3_': 1.0, '_a5_': 1.0, '_a7_': 1.0}};{'d0': 0.024905832919416646};-280.569866449044;45.943709269349625
45167;-94.3412239551721;((_a4_ + -(((-(pow2((-((_a6_ + x)) * _a4_))) * _a6_) * _a0_))) * x);{'d0': {'_a0_': 5.173220670933968, '_a4_': 1.4465760897059088, '_a6_': 0.31192970781465384, '_a1_': 1.0, '_a2_': 1.0, '_a3_': 1.0, '_a5_': 1.0, '_a7_': 1.0}};{'d0': 0.024905832919416646};-280.569866449044;45.943709269349625
45168;-94.3412239551721;((_a4_ + -(((-(pow2((-((_a6_ + x)) * _a4_))) * _a6_) * _a0_))) * x);{'d0': {'_a0_': 5.173220670933968, '_a4_': 1.4465760897059088, '_a6_': 0.31192970781465384, '_a1_': 1.0, '_a2_': 1.0, '_a3_': 1.0, '_a5_': 1.0, '_a7_': 1.0}};{'d0': 0.024905832919416646};-280.569866449044;45.943709269349625
45169;-94.3412239551721;((_a4_ + -(((-(pow2((-((_a6_ + x)) * _a4_))) * _a6_) * _a0_))) * x);{'d0': {'_a0_': 5.173220670933968, '_a4_': 1.4465760897059088, '_a6_': 0.31192970781465384, '_a1_': 1.0, '_a2_': 1.0, '_a3_': 1.0, '_a5_': 1.0, '_a7_': 1.0}};{'d0': 0.024905832919416646};-280.569866449044;45.943709269349625
45170;-94.3412239551721;((_a4_ + -(((-(pow2((-((_a6_ + x)) * _a4_))) * _a6_) * _a0_))) * x);{'d0': {'_a0_': 5.173220670933968, '_a4_': 1.4465760897059088, '_a6_': 0.31192970781465384, '_a1_': 1.0, '_a2_': 1.0, '_a3_': 1.0, '_a5_': 1.0, '_a7_': 1.0}};{'d0': 0.024905832919416646};-280.569866449044;45.943709269349625
45171;-94.3412239551721;((_a4_ + -(((-(pow2((-((_a6_ + x)) * _a4_))) * _a6_) * _a0_))) * x);{'d0': {'_a0_': 5.173220670933968, '_a4_': 1.4465760897059088, '_a6_': 0.31192970781465384, '_a1_': 1.0, '_a2_': 1.0, '_a3_': 1.0, '_a5_': 1.0, '_a7_': 1.0}};{'d0': 0.024905832919416646};-280.569866449044;45.943709269349625
45172;-94.3412239551721;((_a4_ + -(((-(pow2((-((_a6_ + x)) * _a4_))) * _a6_) * _a0_))) * x);{'d0': {'_a0_': 5.173220670933968, '_a4_': 1.4465760897059088, '_a6_': 0.31192970781465384, '_a1_': 1.0, '_a2_': 1.0, '_a3_': 1.0, '_a5_': 1.0, '_a7_': 1.0}};{'d0': 0.024905832919416646};-280.569866449044;45.943709269349625
45173;-94.3412239551720;((_a4_ + -(((-(pow2((-((_a6_ + x)) * _a4_))) * _a4_) * _a0_))) * x);{'d0': {'_a0_': 1.1155176888217413, '_a4_': 1.4465760888988428, '_a6_': 0.311929707818745, '_a1_': 1.0, '_a2_': 1.0, '_a3_': 1.0, '_a5_': 1.0, '_a7_': 1.0}};{'d0': 0.02490583291941671};-280.569866449043;45.943709269349625
45174;-94.3412239551720;((_a4_ + -(((-(pow2((-((_a6_ + x)) * _a4_))) * _a4_) * _a0_))) * x);{'d0': {'_a0_': 1.1155176888217413, '_a4_': 1.4465760888988428, '_a6_': 0.311929707818745, '_a1_': 1.0, '_a2_': 1.0, '_a3_': 1.0, '_a5_': 1.0, '_a7_': 1.0}};{'d0': 0.02490583291941671};-280.569866449043;45.943709269349625
45175;-91.5995502302053;(((_a6_ + x) + ((-(_a5_) + x) * x)) * (((x + _a0_) * x) * _a2_));{'d0': {'_a0_': -73.42040115491372, '_a2_': -0.04573882996782766, '_a5_': 0.3644151216599688, '_a6_': 0.531052191354297, '_a1_': 1.0, '_a3_': 1.0, '_a4_': 1.0, '_a7_': 1.0}};{'d0': 0.0248334154211183};-276.650235140963;46.72556734027649
45176;-91.5995502302053;(((_a6_ + x) + ((-(_a5_) + x) * x)) * (((x + _a0_) * x) * _a2_));{'d0': {'_a0_': -73.42040115491372, '_a2_': -0.04573882996782766, '_a5_': 0.3644151216599688, '_a6_': 0.531052191354297, '_a1_': 1.0, '_a3_': 1.0, '_a4_': 1.0, '_a7_': 1.0}};{'d0': 0.0248334154211183};-276.650235140963;46.72556734027649
45177;-91.5995502302053;(((_a6_ + x) + ((-(_a5_) + x) * x)) * (((x + _a0_) * x) * _a2_));{'d0': {'_a0_': -73.42040115491372, '_a2_': -0.04573882996782766, '_a5_': 0.3644151216599688, '_a6_': 0.531052191354297, '_a1_': 1.0, '_a3_': 1.0, '_a4_': 1.0, '_a7_': 1.0}};{'d0': 0.0248334154211183};-276.650235140963;46.72556734027649
45178;-91.5995502302053;(((_a6_ + x) + ((-(_a5_) + x) * x)) * (((x + _a0_) * x) * _a2_));{'d0': {'_a0_': -73.42040115491372, '_a2_': -0.04573882996782766, '_a5_': 0.3644151216599688, '_a6_': 0.531052191354297, '_a1_': 1.0, '_a3_': 1.0, '_a4_': 1.0, '_a7_': 1.0}};{'d0': 0.0248334154211183};-276.650235140963;46.72556734027649
45179;-91.5995502302053;(((_a6_ + x) + ((-(_a5_) + x) * x)) * (((x + _a0_) * x) * _a2_));{'d0': {'_a0_': -73.42040115491372, '_a2_': -0.04573882996782766, '_a5_': 0.3644151216599688, '_a6_': 0.531052191354297, '_a1_': 1.0, '_a3_': 1.0, '_a4_': 1.0, '_a7_': 1.0}};{'d0': 0.0248334154211183};-276.650235140963;46.72556734027649
45180;-91.5995502302053;(((_a6_ + x) + ((-(_a5_) + x) * x)) * (((x + _a0_) * x) * _a2_));{'d0': {'_a0_': -73.42040115491372, '_a2_': -0.04573882996782766, '_a5_': 0.3644151216599688, '_a6_': 0.531052191354297, '_a1_': 1.0, '_a3_': 1.0, '_a4_': 1.0, '_a7_': 1.0}};{'d0': 0.0248334154211183};-276.650235140963;46.72556734027649
45181;-91.5995502302053;(((_a6_ + x) + ((-(_a5_) + x) * x)) * (((x + _a0_) * x) * _a2_));{'d0': {'_a0_': -73.42040115491372, '_a2_': -0.04573882996782766, '_a5_': 0.3644151216599688, '_a6_': 0.531052191354297, '_a1_': 1.0, '_a3_': 1.0, '_a4_': 1.0, '_a7_': 1.0}};{'d0': 0.0248334154211183};-276.650235140963;46.72556734027649
45182;-91.5995502302053;(((_a6_ + x) + ((-(_a5_) + x) * x)) * (((x + _a0_) * x) * _a2_));{'d0': {'_a0_': -73.42040115491372, '_a2_': -0.04573882996782766, '_a5_': 0.3644151216599688, '_a6_': 0.531052191354297, '_a1_': 1.0, '_a3_': 1.0, '_a4_': 1.0, '_a7_': 1.0}};{'d0': 0.0248334154211183};-276.650235140963;46.72556734027649
45183;-83.9260448470764;(((_a6_ + x) + ((-(_a5_) + x) * x)) * (((x + _a0_) * x) * (_a1_ ** x)));{'d0': {'_a0_': 3.489458082024402, '_a1_': 0.709455126384191, '_a5_': 0.3540612309840662, '_a6_': 0.5131518481485903, '_a2_': 1.0, '_a3_': 1.0, '_a4_': 1.0, '_a7_': 1.0}};{'d0': 0.02568366988300238};-274.630321066906;53.38911568637649
45184;-83.9260448470764;(((_a6_ + x) + ((-(_a5_) + x) * x)) * (((x + _a0_) * x) * (_a1_ ** x)));{'d0': {'_a0_': 3.489458082024402, '_a1_': 0.709455126384191, '_a5_': 0.3540612309840662, '_a6_': 0.5131518481485903, '_a2_': 1.0, '_a3_': 1.0, '_a4_': 1.0, '_a7_': 1.0}};{'d0': 0.02568366988300238};-274.630321066906;53.38911568637649
45185;-83.9260448470764;(((_a6_ + x) + ((-(_a5_) + x) * x)) * (((x + _a0_) * x) * (_a1_ ** x)));{'d0': {'_a0_': 3.489458082024402, '_a1_': 0.709455126384191, '_a5_': 0.3540612309840662, '_a6_': 0.5131518481485903, '_a2_': 1.0, '_a3_': 1.0, '_a4_': 1.0, '_a7_': 1.0}};{'d0': 0.02568366988300238};-274.630321066906;53.38911568637649
45186;-83.9260448470764;(((_a6_ + x) + ((-(_a5_) + x) * x)) * (((x + _a0_) * x) * (_a1_ ** x)));{'d0': {'_a0_': 3.489458082024402, '_a1_': 0.709455126384191, '_a5_': 0.3540612309840662, '_a6_': 0.5131518481485903, '_a2_': 1.0, '_a3_': 1.0, '_a4_': 1.0, '_a7_': 1.0}};{'d0': 0.02568366988300238};-274.630321066906;53.38911568637649
45187;-83.9260448470764;(((_a6_ + x) + ((-(_a5_) + x) * x)) * (((x + _a0_) * x) * (_a1_ ** x)));{'d0': {'_a0_': 3.489458082024402, '_a1_': 0.709455126384191, '_a5_': 0.3540612309840662, '_a6_': 0.5131518481485903, '_a2_': 1.0, '_a3_': 1.0, '_a4_': 1.0, '_a7_': 1.0}};{'d0': 0.02568366988300238};-274.630321066906;53.38911568637649
45188;-83.9260448470764;(((_a6_ + x) + ((-(_a5_) + x) * x)) * (((x + _a0_) * x) * (_a1_ ** x)));{'d0': {'_a0_': 3.489458082024402, '_a1_': 0.709455126384191, '_a5_': 0.3540612309840662, '_a6_': 0.5131518481485903, '_a2_': 1.0, '_a3_': 1.0, '_a4_': 1.0, '_a7_': 1.0}};{'d0': 0.02568366988300238};-274.630321066906;53.38911568637649
45189;-83.9260448470764;(((_a6_ + x) + ((-(_a5_) + x) * x)) * (((x + _a0_) * x) * (_a1_ ** x)));{'d0': {'_a0_': 3.489458082024402, '_a1_': 0.709455126384191, '_a5_': 0.3540612309840662, '_a6_': 0.5131518481485903, '_a2_': 1.0, '_a3_': 1.0, '_a4_': 1.0, '_a7_': 1.0}};{'d0': 0.02568366988300238};-274.630321066906;53.38911568637649
45190;-83.9260448470764;(((_a6_ + x) + ((-(_a5_) + x) * x)) * (((x + _a0_) * x) * (_a1_ ** x)));{'d0': {'_a0_': 3.489458082024402, '_a1_': 0.709455126384191, '_a5_': 0.3540612309840662, '_a6_': 0.5131518481485903, '_a2_': 1.0, '_a3_': 1.0, '_a4_': 1.0, '_a7_': 1.0}};{'d0': 0.02568366988300238};-274.630321066906;53.38911568637649
45191;-83.9260448470764;(((_a6_ + x) + ((-(_a5_) + x) * x)) * (((x + _a0_) * x) * (_a1_ ** x)));{'d0': {'_a0_': 3.489458082024402, '_a1_': 0.709455126384191, '_a5_': 0.3540612309840662, '_a6_': 0.5131518481485903, '_a2_': 1.0, '_a3_': 1.0, '_a4_': 1.0, '_a7_': 1.0}};{'d0': 0.02568366988300238};-274.630321066906;53.38911568637649
45192;-83.9260448470764;(((_a6_ + x) + ((-(_a5_) + x) * x)) * (((x + _a0_) * x) * (_a1_ ** x)));{'d0': {'_a0_': 3.489458082024402, '_a1_': 0.709455126384191, '_a5_': 0.3540612309840662, '_a6_': 0.5131518481485903, '_a2_': 1.0, '_a3_': 1.0, '_a4_': 1.0, '_a7_': 1.0}};{'d0': 0.02568366988300238};-274.630321066906;53.38911568637649
45193;-83.9260448470764;(((_a6_ + x) + ((-(_a5_) + x) * x)) * (((x + _a0_) * x) * (_a1_ ** x)));{'d0': {'_a0_': 3.489458082024402, '_a1_': 0.709455126384191, '_a5_': 0.3540612309840662, '_a6_': 0.5131518481485903, '_a2_': 1.0, '_a3_': 1.0, '_a4_': 1.0, '_a7_': 1.0}};{'d0': 0.02568366988300238};-274.630321066906;53.38911568637649
45194;-83.9260448470764;(((_a6_ + x) + ((-(_a5_) + x) * x)) * (((x + _a0_) * x) * (_a1_ ** x)));{'d0': {'_a0_': 3.489458082024402, '_a1_': 0.709455126384191, '_a5_': 0.3540612309840662, '_a6_': 0.5131518481485903, '_a2_': 1.0, '_a3_': 1.0, '_a4_': 1.0, '_a7_': 1.0}};{'d0': 0.02568366988300238};-274.630321066906;53.38911568637649
45195;-83.9260448470764;(((_a6_ + x) + ((-(_a5_) + x) * x)) * (((x + _a0_) * x) * (_a1_ ** x)));{'d0': {'_a0_': 3.489458082024402, '_a1_': 0.709455126384191, '_a5_': 0.3540612309840662, '_a6_': 0.5131518481485903, '_a2_': 1.0, '_a3_': 1.0, '_a4_': 1.0, '_a7_': 1.0}};{'d0': 0.02568366988300238};-274.630321066906;53.38911568637649
45196;-83.9260448470764;(((_a6_ + x) + ((-(_a5_) + x) * x)) * (((x + _a0_) * x) * (_a1_ ** x)));{'d0': {'_a0_': 3.489458082024402, '_a1_': 0.709455126384191, '_a5_': 0.3540612309840662, '_a6_': 0.5131518481485903, '_a2_': 1.0, '_a3_': 1.0, '_a4_': 1.0, '_a7_': 1.0}};{'d0': 0.02568366988300238};-274.630321066906;53.38911568637649
45197;-83.9260448470764;(((_a6_ + x) + ((-(_a5_) + x) * x)) * (((x + _a0_) * x) * (_a1_ ** x)));{'d0': {'_a0_': 3.489458082024402, '_a1_': 0.709455126384191, '_a5_': 0.3540612309840662, '_a6_': 0.5131518481485903, '_a2_': 1.0, '_a3_': 1.0, '_a4_': 1.0, '_a7_': 1.0}};{'d0': 0.02568366988300238};-274.630321066906;53.38911568637649
45198;-84.9373678617658;(((_a6_ + x) + ((-(_a5_) + x) * x)) * (((_a1_ + _a0_) * x) * (_a1_ ** x)));{'d0': {'_a0_': 2.371288304590887, '_a1_': 0.9863249307703225, '_a5_': 0.364239391841956, '_a6_': 0.5311739728965426, '_a2_': 1.0, '_a3_': 1.0, '_a4_': 1.0, '_a7_': 1.0}};{'d0': 0.02483228471717045};-276.652967096284;53.38911568637649
45199;-84.9373678617658;(((_a6_ + x) + ((-(_a5_) + x) * x)) * (((_a1_ + _a0_) * x) * (_a1_ ** x)));{'d0': {'_a0_': 2.371288304590887, '_a1_': 0.9863249307703225, '_a5_': 0.364239391841956, '_a6_': 0.5311739728965426, '_a2_': 1.0, '_a3_': 1.0, '_a4_': 1.0, '_a7_': 1.0}};{'d0': 0.02483228471717045};-276.652967096284;53.38911568637649
45200;-90.8579689108058;((_a4_ + ((-(_a5_) + x) * x)) * (((_a1_ + _a0_) * x) * (_a1_ ** x)));{'d0': {'_a0_': 2.371288358042813, '_a1_': 0.9863250736652706, '_a4_': 0.5311739156024813, '_a5_': -0.6357604823358537, '_a2_': 1.0, '_a3_': 1.0, '_a6_': 1.0, '_a7_': 1.0}};{'d0': 0.024832284717162142};-276.652967096304;47.468514637346495
45201;-90.8579689108058;((_a4_ + ((-(_a5_) + x) * x)) * (((_a1_ + _a0_) * x) * (_a1_ ** x)));{'d0': {'_a0_': 2.371288358042813, '_a1_': 0.9863250736652706, '_a4_': 0.5311739156024813, '_a5_': -0.6357604823358537, '_a2_': 1.0, '_a3_': 1.0, '_a6_': 1.0, '_a7_': 1.0}};{'d0': 0.024832284717162142};-276.652967096304;47.468514637346495
45202;-90.8579689108058;((_a4_ + ((-(_a5_) + x) * x)) * (((_a1_ + _a0_) * x) * (_a1_ ** x)));{'d0': {'_a0_': 2.371288358042813, '_a1_': 0.9863250736652706, '_a4_': 0.5311739156024813, '_a5_': -0.6357604823358537, '_a2_': 1.0, '_a3_': 1.0, '_a6_': 1.0, '_a7_': 1.0}};{'d0': 0.024832284717162142};-276.652967096304;47.468514637346495
45203;-90.8579689108058;((_a4_ + ((-(_a5_) + x) * x)) * (((_a1_ + _a0_) * x) * (_a1_ ** x)));{'d0': {'_a0_': 2.371288358042813, '_a1_': 0.9863250736652706, '_a4_': 0.5311739156024813, '_a5_': -0.6357604823358537, '_a2_': 1.0, '_a3_': 1.0, '_a6_': 1.0, '_a7_': 1.0}};{'d0': 0.024832284717162142};-276.652967096304;47.468514637346495
45204;-95.3856223417577;((_a4_ + ((-(_a5_) + x) * x)) * (((_a1_ + _a0_) * x) * _a3_));{'d0': {'_a0_': 2.3514911146332476, '_a1_': 0.8685376412369127, '_a3_': 1.048673586884069, '_a4_': 0.5256917700376118, '_a5_': -0.6238594155342557, '_a2_': 1.0, '_a6_': 1.0, '_a7_': 1.0}};{'d0': 0.024905832943737646};-272.381177266008;40.804966291246494
45205;-95.3856223417577;((_a4_ + ((-(_a5_) + x) * x)) * (((_a1_ + _a0_) * x) * _a3_));{'d0': {'_a0_': 2.3514911146332476, '_a1_': 0.8685376412369127, '_a3_': 1.048673586884069, '_a4_': 0.5256917700376118, '_a5_': -0.6238594155342557, '_a2_': 1.0, '_a6_': 1.0, '_a7_': 1.0}};{'d0': 0.024905832943737646};-272.381177266008;40.804966291246494
45206;-95.3856223417577;((_a4_ + ((-(_a5_) + x) * x)) * (((_a1_ + _a0_) * x) * _a3_));{'d0': {'_a0_': 2.3514911146332476, '_a1_': 0.8685376412369127, '_a3_': 1.048673586884069, '_a4_': 0.5256917700376118, '_a5_': -0.6238594155342557, '_a2_': 1.0, '_a6_': 1.0, '_a7_': 1.0}};{'d0': 0.024905832943737646};-272.381177266008;40.804966291246494
45207;-95.3856223417577;((_a4_ + ((-(_a5_) + x) * x)) * (((_a1_ + _a0_) * x) * _a3_));{'d0': {'_a0_': 2.3514911146332476, '_a1_': 0.8685376412369127, '_a3_': 1.048673586884069, '_a4_': 0.5256917700376118, '_a5_': -0.6238594155342557, '_a2_': 1.0, '_a6_': 1.0, '_a7_': 1.0}};{'d0': 0.024905832943737646};-272.381177266008;40.804966291246494
45208;-95.5059316532335;((_a4_ + ((-(_a5_) + x) * x)) * (((_a1_ / _a0_) * x) * _a3_));{'d0': {'_a0_': 1.2134242304280791, '_a1_': 1.790634833989611, '_a3_': 2.2882631656454624, '_a4_': 0.5256917708505106, '_a5_': -0.6238594156072074, '_a2_': 1.0, '_a6_': 1.0, '_a7_': 1.0}};{'d0': 0.02490583291978802};-272.381177323705;40.68465700861889
45209;-95.5059316532335;((_a4_ + ((-(_a5_) + x) * x)) * (((_a1_ / _a0_) * x) * _a3_));{'d0': {'_a0_': 1.2134242304280791, '_a1_': 1.790634833989611, '_a3_': 2.2882631656454624, '_a4_': 0.5256917708505106, '_a5_': -0.6238594156072074, '_a2_': 1.0, '_a6_': 1.0, '_a7_': 1.0}};{'d0': 0.02490583291978802};-272.381177323705;40.68465700861889
45210;-95.5059316532335;((_a4_ + ((-(_a5_) + x) * x)) * (((_a1_ / _a0_) * x) * _a3_));{'d0': {'_a0_': 1.2134242304280791, '_a1_': 1.790634833989611, '_a3_': 2.2882631656454624, '_a4_': 0.5256917708505106, '_a5_': -0.6238594156072074, '_a2_': 1.0, '_a6_': 1.0, '_a7_': 1.0}};{'d0': 0.02490583291978802};-272.381177323705;40.68465700861889
45211;-95.5059316532335;((_a4_ + ((-(_a5_) + x) * x)) * (((_a1_ / _a0_) * x) * _a3_));{'d0': {'_a0_': 1.2134242304280791, '_a1_': 1.790634833989611, '_a3_': 2.2882631656454624, '_a4_': 0.5256917708505106, '_a5_': -0.6238594156072074, '_a2_': 1.0, '_a6_': 1.0, '_a7_': 1.0}};{'d0': 0.02490583291978802};-272.381177323705;40.68465700861889
45212;-95.5059316532335;((_a4_ + ((-(_a5_) + x) * x)) * (((_a1_ / _a0_) * x) * _a3_));{'d0': {'_a0_': 1.2134242304280791, '_a1_': 1.790634833989611, '_a3_': 2.2882631656454624, '_a4_': 0.5256917708505106, '_a5_': -0.6238594156072074, '_a2_': 1.0, '_a6_': 1.0, '_a7_': 1.0}};{'d0': 0.02490583291978802};-272.381177323705;40.68465700861889
45213;-95.5059316532335;((_a4_ + ((-(_a5_) + x) * x)) * (((_a1_ / _a0_) * x) * _a3_));{'d0': {'_a0_': 1.2134242304280791, '_a1_': 1.790634833989611, '_a3_': 2.2882631656454624, '_a4_': 0.5256917708505106, '_a5_': -0.6238594156072074, '_a2_': 1.0, '_a6_': 1.0, '_a7_': 1.0}};{'d0': 0.02490583291978802};-272.381177323705;40.68465700861889
45214;-95.5059316532335;((_a4_ + ((-(_a5_) + x) * x)) * (((_a1_ / _a0_) * x) * _a3_));{'d0': {'_a0_': 1.2134242304280791, '_a1_': 1.790634833989611, '_a3_': 2.2882631656454624, '_a4_': 0.5256917708505106, '_a5_': -0.6238594156072074, '_a2_': 1.0, '_a6_': 1.0, '_a7_': 1.0}};{'d0': 0.02490583291978802};-272.381177323705;40.68465700861889
45215;-95.5059316532335;((_a4_ + ((-(_a5_) + x) * x)) * (((_a1_ / _a0_) * x) * _a3_));{'d0': {'_a0_': 1.2134242304280791, '_a1_': 1.790634833989611, '_a3_': 2.2882631656454624, '_a4_': 0.5256917708505106, '_a5_': -0.6238594156072074, '_a2_': 1.0, '_a6_': 1.0, '_a7_': 1.0}};{'d0': 0.02490583291978802};-272.381177323705;40.68465700861889
45216;-87.7483418927621;((_a4_ + -(((-(pow2((-((_a6_ + x)) * _a4_))) * pow3(_a4_)) * _a0_))) * x);{'d0': {'_a0_': 0.533081852291587, '_a4_': 1.4465760882539769, '_a6_': 0.31192970773236883, '_a1_': 1.0, '_a2_': 1.0, '_a3_': 1.0, '_a5_': 1.0, '_a7_': 1.0}};{'d0': 0.024905832919416677};-280.569866449043;52.536591331759624
45217;-94.3412239551720;((_a4_ + -(((-(pow2((-((_a6_ + x)) * _a4_))) * _a4_) * _a0_))) * x);{'d0': {'_a0_': 1.1155176888217413, '_a4_': 1.4465760888988428, '_a6_': 0.311929707818745, '_a1_': 1.0, '_a2_': 1.0, '_a3_': 1.0, '_a5_': 1.0, '_a7_': 1.0}};{'d0': 0.02490583291941671};-280.569866449043;45.943709269349625
45218;-95.5059316532335;((_a4_ + ((-(_a5_) + x) * x)) * (((_a1_ / _a0_) * x) * _a3_));{'d0': {'_a0_': 1.2134242304280791, '_a1_': 1.790634833989611, '_a3_': 2.2882631656454624, '_a4_': 0.5256917708505106, '_a5_': -0.6238594156072074, '_a2_': 1.0, '_a6_': 1.0, '_a7_': 1.0}};{'d0': 0.02490583291978802};-272.381177323705;40.68465700861889
45219;-95.5059316532335;((_a4_ + ((-(_a5_) + x) * x)) * (((_a1_ / _a0_) * x) * _a3_));{'d0': {'_a0_': 1.2134242304280791, '_a1_': 1.790634833989611, '_a3_': 2.2882631656454624, '_a4_': 0.5256917708505106, '_a5_': -0.6238594156072074, '_a2_': 1.0, '_a6_': 1.0, '_a7_': 1.0}};{'d0': 0.02490583291978802};-272.381177323705;40.68465700861889
45220;-95.5059316532335;((_a4_ + ((-(_a5_) + x) * x)) * (((_a1_ / _a0_) * x) * _a3_));{'d0': {'_a0_': 1.2134242304280791, '_a1_': 1.790634833989611, '_a3_': 2.2882631656454624, '_a4_': 0.5256917708505106, '_a5_': -0.6238594156072074, '_a2_': 1.0, '_a6_': 1.0, '_a7_': 1.0}};{'d0': 0.02490583291978802};-272.381177323705;40.68465700861889
45221;-95.5059316532335;((_a4_ + ((-(_a5_) + x) * x)) * (((_a1_ / _a0_) * x) * _a3_));{'d0': {'_a0_': 1.2134242304280791, '_a1_': 1.790634833989611, '_a3_': 2.2882631656454624, '_a4_': 0.5256917708505106, '_a5_': -0.6238594156072074, '_a2_': 1.0, '_a6_': 1.0, '_a7_': 1.0}};{'d0': 0.02490583291978802};-272.381177323705;40.68465700861889
45222;-95.5059316532335;((_a4_ + ((-(_a5_) + x) * x)) * (((_a1_ / _a0_) * x) * _a3_));{'d0': {'_a0_': 1.2134242304280791, '_a1_': 1.790634833989611, '_a3_': 2.2882631656454624, '_a4_': 0.5256917708505106, '_a5_': -0.6238594156072074, '_a2_': 1.0, '_a6_': 1.0, '_a7_': 1.0}};{'d0': 0.02490583291978802};-272.381177323705;40.68465700861889
45223;-95.5059316532335;((_a4_ + ((-(_a5_) + x) * x)) * (((_a1_ / _a0_) * x) * _a3_));{'d0': {'_a0_': 1.2134242304280791, '_a1_': 1.790634833989611, '_a3_': 2.2882631656454624, '_a4_': 0.5256917708505106, '_a5_': -0.6238594156072074, '_a2_': 1.0, '_a6_': 1.0, '_a7_': 1.0}};{'d0': 0.02490583291978802};-272.381177323705;40.68465700861889
45224;-95.5059316532335;((_a4_ + ((-(_a5_) + x) * x)) * (((_a1_ / _a0_) * x) * _a3_));{'d0': {'_a0_': 1.2134242304280791, '_a1_': 1.790634833989611, '_a3_': 2.2882631656454624, '_a4_': 0.5256917708505106, '_a5_': -0.6238594156072074, '_a2_': 1.0, '_a6_': 1.0, '_a7_': 1.0}};{'d0': 0.02490583291978802};-272.381177323705;40.68465700861889
45225;-95.5059316532335;((_a4_ + ((-(_a5_) + x) * x)) * (((_a1_ / _a0_) * x) * _a3_));{'d0': {'_a0_': 1.2134242304280791, '_a1_': 1.790634833989611, '_a3_': 2.2882631656454624, '_a4_': 0.5256917708505106, '_a5_': -0.6238594156072074, '_a2_': 1.0, '_a6_': 1.0, '_a7_': 1.0}};{'d0': 0.02490583291978802};-272.381177323705;40.68465700861889
45226;-95.5059316532335;((_a4_ + ((-(_a5_) + x) * x)) * (((_a1_ / _a0_) * x) * _a3_));{'d0': {'_a0_': 1.2134242304280791, '_a1_': 1.790634833989611, '_a3_': 2.2882631656454624, '_a4_': 0.5256917708505106, '_a5_': -0.6238594156072074, '_a2_': 1.0, '_a6_': 1.0, '_a7_': 1.0}};{'d0': 0.02490583291978802};-272.381177323705;40.68465700861889
45227;-95.5059316532335;((_a4_ + ((-(_a5_) + x) * x)) * (((_a1_ / _a0_) * x) * _a3_));{'d0': {'_a0_': 1.2134242304280791, '_a1_': 1.790634833989611, '_a3_': 2.2882631656454624, '_a4_': 0.5256917708505106, '_a5_': -0.6238594156072074, '_a2_': 1.0, '_a6_': 1.0, '_a7_': 1.0}};{'d0': 0.02490583291978802};-272.381177323705;40.68465700861889
45228;-95.5059316532335;((_a4_ + ((-(_a5_) + x) * x)) * (((_a1_ / _a0_) * x) * _a3_));{'d0': {'_a0_': 1.2134242304280791, '_a1_': 1.790634833989611, '_a3_': 2.2882631656454624, '_a4_': 0.5256917708505106, '_a5_': -0.6238594156072074, '_a2_': 1.0, '_a6_': 1.0, '_a7_': 1.0}};{'d0': 0.02490583291978802};-272.381177323705;40.68465700861889
45229;-95.5059316532335;((_a4_ + ((-(_a5_) + x) * x)) * (((_a1_ / _a0_) * x) * _a3_));{'d0': {'_a0_': 1.2134242304280791, '_a1_': 1.790634833989611, '_a3_': 2.2882631656454624, '_a4_': 0.5256917708505106, '_a5_': -0.6238594156072074, '_a2_': 1.0, '_a6_': 1.0, '_a7_': 1.0}};{'d0': 0.02490583291978802};-272.381177323705;40.68465700861889
45230;-95.5059316532335;((_a4_ + ((-(_a5_) + x) * x)) * (((_a1_ / _a0_) * x) * _a3_));{'d0': {'_a0_': 1.2134242304280791, '_a1_': 1.790634833989611, '_a3_': 2.2882631656454624, '_a4_': 0.5256917708505106, '_a5_': -0.6238594156072074, '_a2_': 1.0, '_a6_': 1.0, '_a7_': 1.0}};{'d0': 0.02490583291978802};-272.381177323705;40.68465700861889
45231;-95.5059316532335;((_a4_ + ((-(_a5_) + x) * x)) * (((_a1_ / _a0_) * x) * _a3_));{'d0': {'_a0_': 1.2134242304280791, '_a1_': 1.790634833989611, '_a3_': 2.2882631656454624, '_a4_': 0.5256917708505106, '_a5_': -0.6238594156072074, '_a2_': 1.0, '_a6_': 1.0, '_a7_': 1.0}};{'d0': 0.02490583291978802};-272.381177323705;40.68465700861889
45232;-95.5059316532335;((_a4_ + ((-(_a5_) + x) * x)) * (((_a1_ / _a0_) * x) * _a3_));{'d0': {'_a0_': 1.2134242304280791, '_a1_': 1.790634833989611, '_a3_': 2.2882631656454624, '_a4_': 0.5256917708505106, '_a5_': -0.6238594156072074, '_a2_': 1.0, '_a6_': 1.0, '_a7_': 1.0}};{'d0': 0.02490583291978802};-272.381177323705;40.68465700861889
45233;-95.5059316532335;((_a4_ + ((-(_a5_) + x) * x)) * (((_a1_ / _a0_) * x) * _a3_));{'d0': {'_a0_': 1.2134242304280791, '_a1_': 1.790634833989611, '_a3_': 2.2882631656454624, '_a4_': 0.5256917708505106, '_a5_': -0.6238594156072074, '_a2_': 1.0, '_a6_': 1.0, '_a7_': 1.0}};{'d0': 0.02490583291978802};-272.381177323705;40.68465700861889
45234;-95.5059316532335;((_a4_ + ((-(_a5_) + x) * x)) * (((_a1_ / _a0_) * x) * _a3_));{'d0': {'_a0_': 1.2134242304280791, '_a1_': 1.790634833989611, '_a3_': 2.2882631656454624, '_a4_': 0.5256917708505106, '_a5_': -0.6238594156072074, '_a2_': 1.0, '_a6_': 1.0, '_a7_': 1.0}};{'d0': 0.02490583291978802};-272.381177323705;40.68465700861889
45235;-97.9873275656061;((_a4_ + ((-(_a5_) + x) * x)) * ((exp(_a0_) * x) * _a3_));{'d0': {'_a0_': 0.46154075408267525, '_a3_': 2.1284118296792798, '_a4_': 0.5256917708492512, '_a5_': -0.6238594155827919, '_a1_': 1.0, '_a2_': 1.0, '_a6_': 1.0, '_a7_': 1.0}};{'d0': 0.02490583292018725};-276.475521884965;40.250433376876494
45236;-97.9873275656061;((_a4_ + ((-(_a5_) + x) * x)) * ((exp(_a0_) * x) * _a3_));{'d0': {'_a0_': 0.46154075408267525, '_a3_': 2.1284118296792798, '_a4_': 0.5256917708492512, '_a5_': -0.6238594155827919, '_a1_': 1.0, '_a2_': 1.0, '_a6_': 1.0, '_a7_': 1.0}};{'d0': 0.02490583292018725};-276.475521884965;40.250433376876494
45237;-97.9873275656061;((_a4_ + ((-(_a5_) + x) * x)) * ((exp(_a0_) * x) * _a3_));{'d0': {'_a0_': 0.46154075408267525, '_a3_': 2.1284118296792798, '_a4_': 0.5256917708492512, '_a5_': -0.6238594155827919, '_a1_': 1.0, '_a2_': 1.0, '_a6_': 1.0, '_a7_': 1.0}};{'d0': 0.02490583292018725};-276.475521884965;40.250433376876494
45238;-97.0405892961546;((_a4_ + ((-(_a5_) + x) * x)) * ((exp(_a0_) * x) + _a3_));{'d0': {'_a0_': 1.2186205261471053, '_a3_': -0.0019508589833956587, '_a4_': 0.5250151125718746, '_a5_': -0.625127946811261, '_a1_': 1.0, '_a2_': 1.0, '_a6_': 1.0, '_a7_': 1.0}};{'d0': 0.024885482501910174};-276.524567593208;41.221694500449495
45239;-97.0405892961546;((_a4_ + ((-(_a5_) + x) * x)) * ((exp(_a0_) * x) + _a3_));{'d0': {'_a0_': 1.2186205261471053, '_a3_': -0.0019508589833956587, '_a4_': 0.5250151125718746, '_a5_': -0.625127946811261, '_a1_': 1.0, '_a2_': 1.0, '_a6_': 1.0, '_a7_': 1.0}};{'d0': 0.024885482501910174};-276.524567593208;41.221694500449495
45240;-97.0405892961546;((_a4_ + ((-(_a5_) + x) * x)) * ((exp(_a0_) * x) + _a3_));{'d0': {'_a0_': 1.2186205261471053, '_a3_': -0.0019508589833956587, '_a4_': 0.5250151125718746, '_a5_': -0.625127946811261, '_a1_': 1.0, '_a2_': 1.0, '_a6_': 1.0, '_a7_': 1.0}};{'d0': 0.024885482501910174};-276.524567593208;41.221694500449495
45241;-97.0405892961546;((_a4_ + ((-(_a5_) + x) * x)) * ((exp(_a0_) * x) + _a3_));{'d0': {'_a0_': 1.2186205261471053, '_a3_': -0.0019508589833956587, '_a4_': 0.5250151125718746, '_a5_': -0.625127946811261, '_a1_': 1.0, '_a2_': 1.0, '_a6_': 1.0, '_a7_': 1.0}};{'d0': 0.024885482501910174};-276.524567593208;41.221694500449495
45242;-97.0405892961546;((_a4_ + ((-(_a5_) + x) * x)) * ((exp(_a0_) * x) + _a3_));{'d0': {'_a0_': 1.2186205261471053, '_a3_': -0.0019508589833956587, '_a4_': 0.5250151125718746, '_a5_': -0.625127946811261, '_a1_': 1.0, '_a2_': 1.0, '_a6_': 1.0, '_a7_': 1.0}};{'d0': 0.024885482501910174};-276.524567593208;41.221694500449495
45243;-97.0405892961546;((_a4_ + ((-(_a5_) + x) * x)) * ((exp(_a0_) * x) + _a3_));{'d0': {'_a0_': 1.2186205261471053, '_a3_': -0.0019508589833956587, '_a4_': 0.5250151125718746, '_a5_': -0.625127946811261, '_a1_': 1.0, '_a2_': 1.0, '_a6_': 1.0, '_a7_': 1.0}};{'d0': 0.024885482501910174};-276.524567593208;41.221694500449495
45244;-97.0405892961546;((_a4_ + ((-(_a5_) + x) * x)) * ((exp(_a0_) * x) + _a3_));{'d0': {'_a0_': 1.2186205261471053, '_a3_': -0.0019508589833956587, '_a4_': 0.5250151125718746, '_a5_': -0.625127946811261, '_a1_': 1.0, '_a2_': 1.0, '_a6_': 1.0, '_a7_': 1.0}};{'d0': 0.024885482501910174};-276.524567593208;41.221694500449495
45245;-97.0405892961546;((_a4_ + ((-(_a5_) + x) * x)) * ((exp(_a0_) * x) + _a3_));{'d0': {'_a0_': 1.2186205261471053, '_a3_': -0.0019508589833956587, '_a4_': 0.5250151125718746, '_a5_': -0.625127946811261, '_a1_': 1.0, '_a2_': 1.0, '_a6_': 1.0, '_a7_': 1.0}};{'d0': 0.024885482501910174};-276.524567593208;41.221694500449495
45246;-97.0405892961546;((_a4_ + ((-(_a5_) + x) * x)) * ((exp(_a0_) * x) + _a3_));{'d0': {'_a0_': 1.2186205261471053, '_a3_': -0.0019508589833956587, '_a4_': 0.5250151125718746, '_a5_': -0.625127946811261, '_a1_': 1.0, '_a2_': 1.0, '_a6_': 1.0, '_a7_': 1.0}};{'d0': 0.024885482501910174};-276.524567593208;41.221694500449495
45247;-97.0405892961546;((_a4_ + ((-(_a5_) + x) * x)) * ((exp(_a0_) * x) + _a3_));{'d0': {'_a0_': 1.2186205261471053, '_a3_': -0.0019508589833956587, '_a4_': 0.5250151125718746, '_a5_': -0.625127946811261, '_a1_': 1.0, '_a2_': 1.0, '_a6_': 1.0, '_a7_': 1.0}};{'d0': 0.024885482501910174};-276.524567593208;41.221694500449495
45248;-97.0405892961546;((_a4_ + ((-(_a5_) + x) * x)) * ((exp(_a0_) * x) + _a3_));{'d0': {'_a0_': 1.2186205261471053, '_a3_': -0.0019508589833956587, '_a4_': 0.5250151125718746, '_a5_': -0.625127946811261, '_a1_': 1.0, '_a2_': 1.0, '_a6_': 1.0, '_a7_': 1.0}};{'d0': 0.024885482501910174};-276.524567593208;41.221694500449495
45249;-97.0405892961546;((_a4_ + ((-(_a5_) + x) * x)) * ((exp(_a0_) * x) + _a3_));{'d0': {'_a0_': 1.2186205261471053, '_a3_': -0.0019508589833956587, '_a4_': 0.5250151125718746, '_a5_': -0.625127946811261, '_a1_': 1.0, '_a2_': 1.0, '_a6_': 1.0, '_a7_': 1.0}};{'d0': 0.024885482501910174};-276.524567593208;41.221694500449495
45250;-97.0405892961546;((_a4_ + ((-(_a5_) + x) * x)) * ((exp(_a0_) * x) + _a3_));{'d0': {'_a0_': 1.2186205261471053, '_a3_': -0.0019508589833956587, '_a4_': 0.5250151125718746, '_a5_': -0.625127946811261, '_a1_': 1.0, '_a2_': 1.0, '_a6_': 1.0, '_a7_': 1.0}};{'d0': 0.024885482501910174};-276.524567593208;41.221694500449495
45251;-97.0405892961546;((_a4_ + ((-(_a5_) + x) * x)) * ((exp(_a0_) * x) + _a3_));{'d0': {'_a0_': 1.2186205261471053, '_a3_': -0.0019508589833956587, '_a4_': 0.5250151125718746, '_a5_': -0.625127946811261, '_a1_': 1.0, '_a2_': 1.0, '_a6_': 1.0, '_a7_': 1.0}};{'d0': 0.024885482501910174};-276.524567593208;41.221694500449495
45252;-97.0405892961546;((_a4_ + ((-(_a5_) + x) * x)) * ((exp(_a0_) * x) + _a3_));{'d0': {'_a0_': 1.2186205261471053, '_a3_': -0.0019508589833956587, '_a4_': 0.5250151125718746, '_a5_': -0.625127946811261, '_a1_': 1.0, '_a2_': 1.0, '_a6_': 1.0, '_a7_': 1.0}};{'d0': 0.024885482501910174};-276.524567593208;41.221694500449495
45253;-97.0405892961546;((_a4_ + ((-(_a5_) + x) * x)) * ((exp(_a0_) * x) + _a3_));{'d0': {'_a0_': 1.2186205261471053, '_a3_': -0.0019508589833956587, '_a4_': 0.5250151125718746, '_a5_': -0.625127946811261, '_a1_': 1.0, '_a2_': 1.0, '_a6_': 1.0, '_a7_': 1.0}};{'d0': 0.024885482501910174};-276.524567593208;41.221694500449495
45254;-97.0405892961546;((_a4_ + ((-(_a5_) + x) * x)) * ((exp(_a0_) * x) + _a3_));{'d0': {'_a0_': 1.2186205261471053, '_a3_': -0.0019508589833956587, '_a4_': 0.5250151125718746, '_a5_': -0.625127946811261, '_a1_': 1.0, '_a2_': 1.0, '_a6_': 1.0, '_a7_': 1.0}};{'d0': 0.024885482501910174};-276.524567593208;41.221694500449495
45255;-97.0405892961546;((_a4_ + ((-(_a5_) + x) * x)) * ((exp(_a0_) * x) + _a3_));{'d0': {'_a0_': 1.2186205261471053, '_a3_': -0.0019508589833956587, '_a4_': 0.5250151125718746, '_a5_': -0.625127946811261, '_a1_': 1.0, '_a2_': 1.0, '_a6_': 1.0, '_a7_': 1.0}};{'d0': 0.024885482501910174};-276.524567593208;41.221694500449495
45256;-97.0405892961546;((_a4_ + ((-(_a5_) + x) * x)) * ((exp(_a0_) * x) + _a3_));{'d0': {'_a0_': 1.2186205261471053, '_a3_': -0.0019508589833956587, '_a4_': 0.5250151125718746, '_a5_': -0.625127946811261, '_a1_': 1.0, '_a2_': 1.0, '_a6_': 1.0, '_a7_': 1.0}};{'d0': 0.024885482501910174};-276.524567593208;41.221694500449495
45257;-97.0405892961546;((_a4_ + ((-(_a5_) + x) * x)) * ((exp(_a0_) * x) + _a3_));{'d0': {'_a0_': 1.2186205261471053, '_a3_': -0.0019508589833956587, '_a4_': 0.5250151125718746, '_a5_': -0.625127946811261, '_a1_': 1.0, '_a2_': 1.0, '_a6_': 1.0, '_a7_': 1.0}};{'d0': 0.024885482501910174};-276.524567593208;41.221694500449495
45258;-97.0405892961546;((_a4_ + ((-(_a5_) + x) * x)) * ((exp(_a0_) * x) + _a3_));{'d0': {'_a0_': 1.2186205261471053, '_a3_': -0.0019508589833956587, '_a4_': 0.5250151125718746, '_a5_': -0.625127946811261, '_a1_': 1.0, '_a2_': 1.0, '_a6_': 1.0, '_a7_': 1.0}};{'d0': 0.024885482501910174};-276.524567593208;41.221694500449495
45259;-97.0405892961546;((_a4_ + ((-(_a5_) + x) * x)) * ((exp(_a0_) * x) + _a3_));{'d0': {'_a0_': 1.2186205261471053, '_a3_': -0.0019508589833956587, '_a4_': 0.5250151125718746, '_a5_': -0.625127946811261, '_a1_': 1.0, '_a2_': 1.0, '_a6_': 1.0, '_a7_': 1.0}};{'d0': 0.024885482501910174};-276.524567593208;41.221694500449495
45260;-97.0405892961546;((_a4_ + ((-(_a5_) + x) * x)) * ((exp(_a0_) * x) + _a3_));{'d0': {'_a0_': 1.2186205261471053, '_a3_': -0.0019508589833956587, '_a4_': 0.5250151125718746, '_a5_': -0.625127946811261, '_a1_': 1.0, '_a2_': 1.0, '_a6_': 1.0, '_a7_': 1.0}};{'d0': 0.024885482501910174};-276.524567593208;41.221694500449495
45261;-97.0405892961546;((_a4_ + ((-(_a5_) + x) * x)) * ((exp(_a0_) * x) + _a3_));{'d0': {'_a0_': 1.2186205261471053, '_a3_': -0.0019508589833956587, '_a4_': 0.5250151125718746, '_a5_': -0.625127946811261, '_a1_': 1.0, '_a2_': 1.0, '_a6_': 1.0, '_a7_': 1.0}};{'d0': 0.024885482501910174};-276.524567593208;41.221694500449495
45262;-97.0405892961546;((_a4_ + ((-(_a5_) + x) * x)) * ((exp(_a0_) * x) + _a3_));{'d0': {'_a0_': 1.2186205261471053, '_a3_': -0.0019508589833956587, '_a4_': 0.5250151125718746, '_a5_': -0.625127946811261, '_a1_': 1.0, '_a2_': 1.0, '_a6_': 1.0, '_a7_': 1.0}};{'d0': 0.024885482501910174};-276.524567593208;41.221694500449495
45263;-97.0405892961546;((_a4_ + ((-(_a5_) + x) * x)) * ((exp(_a0_) * x) + _a3_));{'d0': {'_a0_': 1.2186205261471053, '_a3_': -0.0019508589833956587, '_a4_': 0.5250151125718746, '_a5_': -0.625127946811261, '_a1_': 1.0, '_a2_': 1.0, '_a6_': 1.0, '_a7_': 1.0}};{'d0': 0.024885482501910174};-276.524567593208;41.221694500449495
45264;-97.0405892961546;((_a4_ + ((-(_a5_) + x) * x)) * ((exp(_a0_) * x) + _a3_));{'d0': {'_a0_': 1.2186205261471053, '_a3_': -0.0019508589833956587, '_a4_': 0.5250151125718746, '_a5_': -0.625127946811261, '_a1_': 1.0, '_a2_': 1.0, '_a6_': 1.0, '_a7_': 1.0}};{'d0': 0.024885482501910174};-276.524567593208;41.221694500449495
45265;-97.0405892961546;((_a4_ + ((-(_a5_) + x) * x)) * ((exp(_a0_) * x) + _a3_));{'d0': {'_a0_': 1.2186205261471053, '_a3_': -0.0019508589833956587, '_a4_': 0.5250151125718746, '_a5_': -0.625127946811261, '_a1_': 1.0, '_a2_': 1.0, '_a6_': 1.0, '_a7_': 1.0}};{'d0': 0.024885482501910174};-276.524567593208;41.221694500449495
45266;-102.954038962542;(((pow2((_a1_ * (pow2(_a0_) + x))) + _a5_) * _a1_) * -(x));{'d0': {'_a0_': 0.5585066765860272, '_a1_': -1.5002608254879066, '_a5_': 0.9642163980994343, '_a2_': 1.0, '_a3_': 1.0, '_a4_': 1.0, '_a6_': 1.0, '_a7_': 1.0}};{'d0': 0.024905832919416674};-280.569866449043;37.330894261979275
45267;-102.954038962542;(((pow2((_a1_ * (pow2(_a0_) + x))) + _a5_) * _a1_) * -(x));{'d0': {'_a0_': 0.5585066765860272, '_a1_': -1.5002608254879066, '_a5_': 0.9642163980994343, '_a2_': 1.0, '_a3_': 1.0, '_a4_': 1.0, '_a6_': 1.0, '_a7_': 1.0}};{'d0': 0.024905832919416674};-280.569866449043;37.330894261979275
45268;-102.954038962542;(((pow2((_a1_ * (pow2(_a0_) + x))) + _a5_) * _a1_) * -(x));{'d0': {'_a0_': 0.5585066765860272, '_a1_': -1.5002608254879066, '_a5_': 0.9642163980994343, '_a2_': 1.0, '_a3_': 1.0, '_a4_': 1.0, '_a6_': 1.0, '_a7_': 1.0}};{'d0': 0.024905832919416674};-280.569866449043;37.330894261979275
45269;-102.954038962542;(((pow2((_a1_ * (pow2(_a0_) + x))) + _a5_) * _a1_) * -(x));{'d0': {'_a0_': 0.5585066765860272, '_a1_': -1.5002608254879066, '_a5_': 0.9642163980994343, '_a2_': 1.0, '_a3_': 1.0, '_a4_': 1.0, '_a6_': 1.0, '_a7_': 1.0}};{'d0': 0.024905832919416674};-280.569866449043;37.330894261979275
45270;-102.954038962542;(((pow2((_a1_ * (pow2(_a0_) + x))) + _a5_) * _a1_) * -(x));{'d0': {'_a0_': 0.5585066765860272, '_a1_': -1.5002608254879066, '_a5_': 0.9642163980994343, '_a2_': 1.0, '_a3_': 1.0, '_a4_': 1.0, '_a6_': 1.0, '_a7_': 1.0}};{'d0': 0.024905832919416674};-280.569866449043;37.330894261979275
45271;-102.954038962542;(((pow2((_a1_ * (pow2(_a0_) + x))) + _a5_) * _a1_) * -(x));{'d0': {'_a0_': 0.5585066765860272, '_a1_': -1.5002608254879066, '_a5_': 0.9642163980994343, '_a2_': 1.0, '_a3_': 1.0, '_a4_': 1.0, '_a6_': 1.0, '_a7_': 1.0}};{'d0': 0.024905832919416674};-280.569866449043;37.330894261979275
45272;-102.954038962542;(((pow2((_a1_ * (pow2(_a0_) + x))) + _a5_) * _a1_) * -(x));{'d0': {'_a0_': 0.5585066765860272, '_a1_': -1.5002608254879066, '_a5_': 0.9642163980994343, '_a2_': 1.0, '_a3_': 1.0, '_a4_': 1.0, '_a6_': 1.0, '_a7_': 1.0}};{'d0': 0.024905832919416674};-280.569866449043;37.330894261979275
45273;-102.954038962542;(((pow2((_a1_ * (pow2(_a0_) + x))) + _a5_) * _a1_) * -(x));{'d0': {'_a0_': 0.5585066765860272, '_a1_': -1.5002608254879066, '_a5_': 0.9642163980994343, '_a2_': 1.0, '_a3_': 1.0, '_a4_': 1.0, '_a6_': 1.0, '_a7_': 1.0}};{'d0': 0.024905832919416674};-280.569866449043;37.330894261979275
45274;-102.954038962542;(((pow2((_a1_ * (pow2(_a0_) + x))) + _a5_) * _a1_) * -(x));{'d0': {'_a0_': 0.5585066765860272, '_a1_': -1.5002608254879066, '_a5_': 0.9642163980994343, '_a2_': 1.0, '_a3_': 1.0, '_a4_': 1.0, '_a6_': 1.0, '_a7_': 1.0}};{'d0': 0.024905832919416674};-280.569866449043;37.330894261979275
45275;-102.954038962542;(((pow2((_a1_ * (pow2(_a0_) + x))) + _a5_) * _a1_) * -(x));{'d0': {'_a0_': 0.5585066765860272, '_a1_': -1.5002608254879066, '_a5_': 0.9642163980994343, '_a2_': 1.0, '_a3_': 1.0, '_a4_': 1.0, '_a6_': 1.0, '_a7_': 1.0}};{'d0': 0.024905832919416674};-280.569866449043;37.330894261979275
45276;-102.954038962542;(((pow2((_a1_ * (pow2(_a0_) + x))) + _a5_) * _a1_) * -(x));{'d0': {'_a0_': 0.5585066765860272, '_a1_': -1.5002608254879066, '_a5_': 0.9642163980994343, '_a2_': 1.0, '_a3_': 1.0, '_a4_': 1.0, '_a6_': 1.0, '_a7_': 1.0}};{'d0': 0.024905832919416674};-280.569866449043;37.330894261979275
45277;-102.954038962542;(((pow2((_a1_ * (pow2(_a0_) + x))) + _a5_) * _a1_) * -(x));{'d0': {'_a0_': 0.5585066765860272, '_a1_': -1.5002608254879066, '_a5_': 0.9642163980994343, '_a2_': 1.0, '_a3_': 1.0, '_a4_': 1.0, '_a6_': 1.0, '_a7_': 1.0}};{'d0': 0.024905832919416674};-280.569866449043;37.330894261979275
45278;-102.954038962542;(((pow2((_a1_ * (pow2(_a0_) + x))) + _a5_) * _a1_) * -(x));{'d0': {'_a0_': 0.5585066765860272, '_a1_': -1.5002608254879066, '_a5_': 0.9642163980994343, '_a2_': 1.0, '_a3_': 1.0, '_a4_': 1.0, '_a6_': 1.0, '_a7_': 1.0}};{'d0': 0.024905832919416674};-280.569866449043;37.330894261979275
45279;-102.954038962542;(((pow2((_a1_ * (pow2(_a0_) + x))) + _a5_) * _a1_) * -(x));{'d0': {'_a0_': 0.5585066765860272, '_a1_': -1.5002608254879066, '_a5_': 0.9642163980994343, '_a2_': 1.0, '_a3_': 1.0, '_a4_': 1.0, '_a6_': 1.0, '_a7_': 1.0}};{'d0': 0.024905832919416674};-280.569866449043;37.330894261979275
45280;-102.954038962542;(((pow2((_a1_ * (pow2(_a0_) + x))) + _a5_) * _a1_) * -(x));{'d0': {'_a0_': 0.5585066765860272, '_a1_': -1.5002608254879066, '_a5_': 0.9642163980994343, '_a2_': 1.0, '_a3_': 1.0, '_a4_': 1.0, '_a6_': 1.0, '_a7_': 1.0}};{'d0': 0.024905832919416674};-280.569866449043;37.330894261979275
45281;-102.954038962542;(((pow2((_a1_ * (pow2(_a0_) + x))) + _a5_) * _a1_) * -(x));{'d0': {'_a0_': 0.5585066765860272, '_a1_': -1.5002608254879066, '_a5_': 0.9642163980994343, '_a2_': 1.0, '_a3_': 1.0, '_a4_': 1.0, '_a6_': 1.0, '_a7_': 1.0}};{'d0': 0.024905832919416674};-280.569866449043;37.330894261979275
45282;-102.954038962542;(((pow2((_a1_ * (pow2(_a0_) + x))) + _a5_) * _a1_) * -(x));{'d0': {'_a0_': 0.5585066765860272, '_a1_': -1.5002608254879066, '_a5_': 0.9642163980994343, '_a2_': 1.0, '_a3_': 1.0, '_a4_': 1.0, '_a6_': 1.0, '_a7_': 1.0}};{'d0': 0.024905832919416674};-280.569866449043;37.330894261979275
45283;-102.954038962542;(((pow2((_a1_ * (pow2(_a0_) + x))) + _a5_) * _a1_) * -(x));{'d0': {'_a0_': 0.5585066765860272, '_a1_': -1.5002608254879066, '_a5_': 0.9642163980994343, '_a2_': 1.0, '_a3_': 1.0, '_a4_': 1.0, '_a6_': 1.0, '_a7_': 1.0}};{'d0': 0.024905832919416674};-280.569866449043;37.330894261979275
45284;-102.954038962542;(((pow2((_a1_ * (pow2(_a0_) + x))) + _a5_) * _a1_) * -(x));{'d0': {'_a0_': 0.5585066765860272, '_a1_': -1.5002608254879066, '_a5_': 0.9642163980994343, '_a2_': 1.0, '_a3_': 1.0, '_a4_': 1.0, '_a6_': 1.0, '_a7_': 1.0}};{'d0': 0.024905832919416674};-280.569866449043;37.330894261979275
45285;-102.954038962542;(((pow2((_a1_ * (pow2(_a0_) + x))) + _a5_) * _a1_) * -(x));{'d0': {'_a0_': 0.5585066765860272, '_a1_': -1.5002608254879066, '_a5_': 0.9642163980994343, '_a2_': 1.0, '_a3_': 1.0, '_a4_': 1.0, '_a6_': 1.0, '_a7_': 1.0}};{'d0': 0.024905832919416674};-280.569866449043;37.330894261979275
45286;-99.2735867242812;(((pow2((_a1_ * (pow2(_a0_) + x))) + -(_a3_)) * _a1_) * -(x));{'d0': {'_a0_': 0.5585066765813681, '_a1_': -1.5002608254036396, '_a3_': -0.964216398291566, '_a2_': 1.0, '_a4_': 1.0, '_a5_': 1.0, '_a6_': 1.0, '_a7_': 1.0}};{'d0': 0.02490583291941664};-280.569866449044;41.01134650024044
45287;-93.9142546941713;(((pow2((_a1_ * (pow2(_a0_) + x))) + -(log(_a4_))) * _a1_) * -(x));{'d0': {'_a0_': 0.5585066765569122, '_a1_': -1.5002608256037975, '_a4_': 0.3812818560103698, '_a2_': 1.0, '_a3_': 1.0, '_a5_': 1.0, '_a6_': 1.0, '_a7_': 1.0}};{'d0': 0.0249058329194166};-280.569866449044;46.370678530350446
45288;-93.9142546941713;(((pow2((_a1_ * (pow2(_a0_) + x))) + -(log(_a4_))) * _a1_) * -(x));{'d0': {'_a0_': 0.5585066765569122, '_a1_': -1.5002608256037975, '_a4_': 0.3812818560103698, '_a2_': 1.0, '_a3_': 1.0, '_a5_': 1.0, '_a6_': 1.0, '_a7_': 1.0}};{'d0': 0.0249058329194166};-280.569866449044;46.370678530350446
45289;-93.9142546941713;(((pow2((_a1_ * (pow2(_a0_) + x))) + -(log(_a4_))) * _a1_) * -(x));{'d0': {'_a0_': 0.5585066765569122, '_a1_': -1.5002608256037975, '_a4_': 0.3812818560103698, '_a2_': 1.0, '_a3_': 1.0, '_a5_': 1.0, '_a6_': 1.0, '_a7_': 1.0}};{'d0': 0.0249058329194166};-280.569866449044;46.370678530350446
45290;-93.9142546941713;(((pow2((_a1_ * (pow2(_a0_) + x))) + -(log(_a4_))) * _a1_) * -(x));{'d0': {'_a0_': 0.5585066765569122, '_a1_': -1.5002608256037975, '_a4_': 0.3812818560103698, '_a2_': 1.0, '_a3_': 1.0, '_a5_': 1.0, '_a6_': 1.0, '_a7_': 1.0}};{'d0': 0.0249058329194166};-280.569866449044;46.370678530350446
45291;-83.5264329606437;((x * (_a1_ * _a4_)) + (x * (_a6_ + ((pow2((_a0_ + (_a1_ + x))) * _a7_) + _a1_))));{'d0': {'_a0_': 0.3119297078408628, '_a1_': 2.1235495294218283e-32, '_a6_': 1.446576089377065, '_a7_': 3.3767608785775716, '_a2_': 1.0, '_a3_': 1.0, '_a4_': 1.0, '_a5_': 1.0}};{'d0': 0.024905832919416608};-272.381177324599;52.66415570165614
45292;-83.5264329606437;((x * (_a1_ * _a4_)) + (x * (_a6_ + ((pow2((_a0_ + (_a1_ + x))) * _a7_) + _a1_))));{'d0': {'_a0_': 0.3119297078408628, '_a1_': 2.1235495294218283e-32, '_a6_': 1.446576089377065, '_a7_': 3.3767608785775716, '_a2_': 1.0, '_a3_': 1.0, '_a4_': 1.0, '_a5_': 1.0}};{'d0': 0.024905832919416608};-272.381177324599;52.66415570165614
45293;-83.5264329606437;((x * (_a1_ * _a4_)) + (x * (_a6_ + ((pow2((_a0_ + (_a1_ + x))) * _a7_) + _a1_))));{'d0': {'_a0_': 0.3119297078408628, '_a1_': 2.1235495294218283e-32, '_a6_': 1.446576089377065, '_a7_': 3.3767608785775716, '_a2_': 1.0, '_a3_': 1.0, '_a4_': 1.0, '_a5_': 1.0}};{'d0': 0.024905832919416608};-272.381177324599;52.66415570165614
45294;-83.5264329606437;((x * (_a1_ * _a4_)) + (x * (_a6_ + ((pow2((_a0_ + (_a1_ + x))) * _a7_) + _a1_))));{'d0': {'_a0_': 0.3119297078408628, '_a1_': 2.1235495294218283e-32, '_a6_': 1.446576089377065, '_a7_': 3.3767608785775716, '_a2_': 1.0, '_a3_': 1.0, '_a4_': 1.0, '_a5_': 1.0}};{'d0': 0.024905832919416608};-272.381177324599;52.66415570165614
45295;-83.5264329606437;((x * (_a1_ * _a4_)) + (x * (_a6_ + ((pow2((_a0_ + (_a1_ + x))) * _a7_) + _a1_))));{'d0': {'_a0_': 0.3119297078408628, '_a1_': 2.1235495294218283e-32, '_a6_': 1.446576089377065, '_a7_': 3.3767608785775716, '_a2_': 1.0, '_a3_': 1.0, '_a4_': 1.0, '_a5_': 1.0}};{'d0': 0.024905832919416608};-272.381177324599;52.66415570165614
45296;-83.5264329606437;((x * (_a1_ * _a4_)) + (x * (_a6_ + ((pow2((_a0_ + (_a1_ + x))) * _a7_) + _a1_))));{'d0': {'_a0_': 0.3119297078408628, '_a1_': 2.1235495294218283e-32, '_a6_': 1.446576089377065, '_a7_': 3.3767608785775716, '_a2_': 1.0, '_a3_': 1.0, '_a4_': 1.0, '_a5_': 1.0}};{'d0': 0.024905832919416608};-272.381177324599;52.66415570165614
45297;-83.5264329606437;((x * (_a1_ * _a4_)) + (x * (_a6_ + ((pow2((_a0_ + (_a1_ + x))) * _a7_) + _a1_))));{'d0': {'_a0_': 0.3119297078408628, '_a1_': 2.1235495294218283e-32, '_a6_': 1.446576089377065, '_a7_': 3.3767608785775716, '_a2_': 1.0, '_a3_': 1.0, '_a4_': 1.0, '_a5_': 1.0}};{'d0': 0.024905832919416608};-272.381177324599;52.66415570165614
45298;-83.5264329606437;((x * (_a1_ * _a4_)) + (x * (_a6_ + ((pow2((_a0_ + (_a1_ + x))) * _a7_) + _a1_))));{'d0': {'_a0_': 0.3119297078408628, '_a1_': 2.1235495294218283e-32, '_a6_': 1.446576089377065, '_a7_': 3.3767608785775716, '_a2_': 1.0, '_a3_': 1.0, '_a4_': 1.0, '_a5_': 1.0}};{'d0': 0.024905832919416608};-272.381177324599;52.66415570165614
45299;-83.5264329606437;((x * (_a1_ * _a4_)) + (x * (_a6_ + ((pow2((_a0_ + (_a1_ + x))) * _a7_) + _a1_))));{'d0': {'_a0_': 0.3119297078408628, '_a1_': 2.1235495294218283e-32, '_a6_': 1.446576089377065, '_a7_': 3.3767608785775716, '_a2_': 1.0, '_a3_': 1.0, '_a4_': 1.0, '_a5_': 1.0}};{'d0': 0.024905832919416608};-272.381177324599;52.66415570165614
45300;-83.5264329606437;((x * (_a1_ * _a4_)) + (x * (_a6_ + ((pow2((_a0_ + (_a1_ + x))) * _a7_) + _a1_))));{'d0': {'_a0_': 0.3119297078408628, '_a1_': 2.1235495294218283e-32, '_a6_': 1.446576089377065, '_a7_': 3.3767608785775716, '_a2_': 1.0, '_a3_': 1.0, '_a4_': 1.0, '_a5_': 1.0}};{'d0': 0.024905832919416608};-272.381177324599;52.66415570165614
45301;-83.5264329606437;((x * (_a1_ * _a4_)) + (x * (_a6_ + ((pow2((_a0_ + (_a1_ + x))) * _a7_) + _a1_))));{'d0': {'_a0_': 0.3119297078408628, '_a1_': 2.1235495294218283e-32, '_a6_': 1.446576089377065, '_a7_': 3.3767608785775716, '_a2_': 1.0, '_a3_': 1.0, '_a4_': 1.0, '_a5_': 1.0}};{'d0': 0.024905832919416608};-272.381177324599;52.66415570165614
45302;-83.5264329606437;((x * (_a1_ * _a4_)) + (x * (_a6_ + ((pow2((_a0_ + (_a1_ + x))) * _a7_) + _a1_))));{'d0': {'_a0_': 0.3119297078408628, '_a1_': 2.1235495294218283e-32, '_a6_': 1.446576089377065, '_a7_': 3.3767608785775716, '_a2_': 1.0, '_a3_': 1.0, '_a4_': 1.0, '_a5_': 1.0}};{'d0': 0.024905832919416608};-272.381177324599;52.66415570165614
45303;-83.5264329606437;((x * (_a1_ * _a4_)) + (x * (_a6_ + ((pow2((_a0_ + (_a1_ + x))) * _a7_) + _a1_))));{'d0': {'_a0_': 0.3119297078408628, '_a1_': 2.1235495294218283e-32, '_a6_': 1.446576089377065, '_a7_': 3.3767608785775716, '_a2_': 1.0, '_a3_': 1.0, '_a4_': 1.0, '_a5_': 1.0}};{'d0': 0.024905832919416608};-272.381177324599;52.66415570165614
45304;-85.5736052417547;((x * (_a1_ * _a0_)) + (x * (_a6_ + ((pow2((_a0_ + (_a1_ + x))) * _a7_) + _a1_))));{'d0': {'_a0_': 0.3119297078408628, '_a1_': 2.1235495294218283e-32, '_a6_': 1.446576089377065, '_a7_': 3.3767608785775716, '_a2_': 1.0, '_a3_': 1.0, '_a4_': 1.0, '_a5_': 1.0}};{'d0': 0.024905832919416608};-276.475521886822;52.66415570165614
45305;-85.5736052417547;((x * (_a1_ * _a0_)) + (x * (_a6_ + ((pow2((_a0_ + (_a1_ + x))) * _a7_) + _a1_))));{'d0': {'_a0_': 0.3119297078408628, '_a1_': 2.1235495294218283e-32, '_a6_': 1.446576089377065, '_a7_': 3.3767608785775716, '_a2_': 1.0, '_a3_': 1.0, '_a4_': 1.0, '_a5_': 1.0}};{'d0': 0.024905832919416608};-276.475521886822;52.66415570165614
45306;-85.5736052417547;((x * (_a1_ * _a0_)) + (x * (_a6_ + ((pow2((_a0_ + (_a1_ + x))) * _a7_) + _a1_))));{'d0': {'_a0_': 0.3119297078408628, '_a1_': 2.1235495294218283e-32, '_a6_': 1.446576089377065, '_a7_': 3.3767608785775716, '_a2_': 1.0, '_a3_': 1.0, '_a4_': 1.0, '_a5_': 1.0}};{'d0': 0.024905832919416608};-276.475521886822;52.66415570165614
45307;-85.5736052417547;((x * (_a1_ * _a0_)) + (x * (_a6_ + ((pow2((_a0_ + (_a1_ + x))) * _a7_) + _a1_))));{'d0': {'_a0_': 0.3119297078408628, '_a1_': 2.1235495294218283e-32, '_a6_': 1.446576089377065, '_a7_': 3.3767608785775716, '_a2_': 1.0, '_a3_': 1.0, '_a4_': 1.0, '_a5_': 1.0}};{'d0': 0.024905832919416608};-276.475521886822;52.66415570165614
45308;-85.5736052417547;((x * (_a1_ * _a0_)) + (x * (_a6_ + ((pow2((_a0_ + (_a1_ + x))) * _a7_) + _a1_))));{'d0': {'_a0_': 0.3119297078408628, '_a1_': 2.1235495294218283e-32, '_a6_': 1.446576089377065, '_a7_': 3.3767608785775716, '_a2_': 1.0, '_a3_': 1.0, '_a4_': 1.0, '_a5_': 1.0}};{'d0': 0.024905832919416608};-276.475521886822;52.66415570165614
45309;-85.5736052417547;((x * (_a1_ * _a0_)) + (x * (_a6_ + ((pow2((_a0_ + (_a1_ + x))) * _a7_) + _a1_))));{'d0': {'_a0_': 0.3119297078408628, '_a1_': 2.1235495294218283e-32, '_a6_': 1.446576089377065, '_a7_': 3.3767608785775716, '_a2_': 1.0, '_a3_': 1.0, '_a4_': 1.0, '_a5_': 1.0}};{'d0': 0.024905832919416608};-276.475521886822;52.66415570165614
45310;-85.5736052417547;((x * (_a1_ * _a0_)) + (x * (_a6_ + ((pow2((_a0_ + (_a1_ + x))) * _a7_) + _a1_))));{'d0': {'_a0_': 0.3119297078408628, '_a1_': 2.1235495294218283e-32, '_a6_': 1.446576089377065, '_a7_': 3.3767608785775716, '_a2_': 1.0, '_a3_': 1.0, '_a4_': 1.0, '_a5_': 1.0}};{'d0': 0.024905832919416608};-276.475521886822;52.66415570165614
45311;-85.5736052417547;((x * (_a1_ * _a0_)) + (x * (_a6_ + ((pow2((_a0_ + (_a1_ + x))) * _a7_) + _a1_))));{'d0': {'_a0_': 0.3119297078408628, '_a1_': 2.1235495294218283e-32, '_a6_': 1.446576089377065, '_a7_': 3.3767608785775716, '_a2_': 1.0, '_a3_': 1.0, '_a4_': 1.0, '_a5_': 1.0}};{'d0': 0.024905832919416608};-276.475521886822;52.66415570165614
45312;-85.5736052417547;((x * (_a1_ * _a0_)) + (x * (_a6_ + ((pow2((_a0_ + (_a1_ + x))) * _a7_) + _a1_))));{'d0': {'_a0_': 0.3119297078408628, '_a1_': 2.1235495294218283e-32, '_a6_': 1.446576089377065, '_a7_': 3.3767608785775716, '_a2_': 1.0, '_a3_': 1.0, '_a4_': 1.0, '_a5_': 1.0}};{'d0': 0.024905832919416608};-276.475521886822;52.66415570165614
45313;-85.5736052417547;((x * (_a1_ * _a0_)) + (x * (_a6_ + ((pow2((_a0_ + (_a1_ + x))) * _a7_) + _a1_))));{'d0': {'_a0_': 0.3119297078408628, '_a1_': 2.1235495294218283e-32, '_a6_': 1.446576089377065, '_a7_': 3.3767608785775716, '_a2_': 1.0, '_a3_': 1.0, '_a4_': 1.0, '_a5_': 1.0}};{'d0': 0.024905832919416608};-276.475521886822;52.66415570165614
45314;-85.5736052417547;((x * (_a1_ * _a0_)) + (x * (_a6_ + ((pow2((_a0_ + (_a1_ + x))) * _a7_) + _a1_))));{'d0': {'_a0_': 0.3119297078408628, '_a1_': 2.1235495294218283e-32, '_a6_': 1.446576089377065, '_a7_': 3.3767608785775716, '_a2_': 1.0, '_a3_': 1.0, '_a4_': 1.0, '_a5_': 1.0}};{'d0': 0.024905832919416608};-276.475521886822;52.66415570165614
45315;-85.5736052417547;((x * (_a1_ * _a0_)) + (x * (_a6_ + ((pow2((_a0_ + (_a1_ + x))) * _a7_) + _a1_))));{'d0': {'_a0_': 0.3119297078408628, '_a1_': 2.1235495294218283e-32, '_a6_': 1.446576089377065, '_a7_': 3.3767608785775716, '_a2_': 1.0, '_a3_': 1.0, '_a4_': 1.0, '_a5_': 1.0}};{'d0': 0.024905832919416608};-276.475521886822;52.66415570165614
45316;-85.5736052417547;((x * (_a1_ * _a0_)) + (x * (_a6_ + ((pow2((_a0_ + (_a1_ + x))) * _a7_) + _a1_))));{'d0': {'_a0_': 0.3119297078408628, '_a1_': 2.1235495294218283e-32, '_a6_': 1.446576089377065, '_a7_': 3.3767608785775716, '_a2_': 1.0, '_a3_': 1.0, '_a4_': 1.0, '_a5_': 1.0}};{'d0': 0.024905832919416608};-276.475521886822;52.66415570165614
45317;-85.5736052417547;((x * (_a1_ * _a0_)) + (x * (_a6_ + ((pow2((_a0_ + (_a1_ + x))) * _a7_) + _a1_))));{'d0': {'_a0_': 0.3119297078408628, '_a1_': 2.1235495294218283e-32, '_a6_': 1.446576089377065, '_a7_': 3.3767608785775716, '_a2_': 1.0, '_a3_': 1.0, '_a4_': 1.0, '_a5_': 1.0}};{'d0': 0.024905832919416608};-276.475521886822;52.66415570165614
45318;-85.5736052417547;((x * (_a1_ * _a0_)) + (x * (_a6_ + ((pow2((_a0_ + (_a1_ + x))) * _a7_) + _a1_))));{'d0': {'_a0_': 0.3119297078408628, '_a1_': 2.1235495294218283e-32, '_a6_': 1.446576089377065, '_a7_': 3.3767608785775716, '_a2_': 1.0, '_a3_': 1.0, '_a4_': 1.0, '_a5_': 1.0}};{'d0': 0.024905832919416608};-276.475521886822;52.66415570165614
45319;-85.5736052417547;((x * (_a1_ * _a0_)) + (x * (_a6_ + ((pow2((_a0_ + (_a1_ + x))) * _a7_) + _a1_))));{'d0': {'_a0_': 0.3119297078408628, '_a1_': 2.1235495294218283e-32, '_a6_': 1.446576089377065, '_a7_': 3.3767608785775716, '_a2_': 1.0, '_a3_': 1.0, '_a4_': 1.0, '_a5_': 1.0}};{'d0': 0.024905832919416608};-276.475521886822;52.66415570165614
45320;-85.5736052417547;((x * (_a1_ * _a0_)) + (x * (_a6_ + ((pow2((_a0_ + (_a1_ + x))) * _a7_) + _a1_))));{'d0': {'_a0_': 0.3119297078408628, '_a1_': 2.1235495294218283e-32, '_a6_': 1.446576089377065, '_a7_': 3.3767608785775716, '_a2_': 1.0, '_a3_': 1.0, '_a4_': 1.0, '_a5_': 1.0}};{'d0': 0.024905832919416608};-276.475521886822;52.66415570165614
45321;-85.5736052417547;((x * (_a1_ * _a0_)) + (x * (_a6_ + ((pow2((_a0_ + (_a1_ + x))) * _a7_) + _a1_))));{'d0': {'_a0_': 0.3119297078408628, '_a1_': 2.1235495294218283e-32, '_a6_': 1.446576089377065, '_a7_': 3.3767608785775716, '_a2_': 1.0, '_a3_': 1.0, '_a4_': 1.0, '_a5_': 1.0}};{'d0': 0.024905832919416608};-276.475521886822;52.66415570165614
45322;-85.5736052417547;((x * (_a1_ * _a0_)) + (x * (_a6_ + ((pow2((_a0_ + (_a1_ + x))) * _a7_) + _a1_))));{'d0': {'_a0_': 0.3119297078408628, '_a1_': 2.1235495294218283e-32, '_a6_': 1.446576089377065, '_a7_': 3.3767608785775716, '_a2_': 1.0, '_a3_': 1.0, '_a4_': 1.0, '_a5_': 1.0}};{'d0': 0.024905832919416608};-276.475521886822;52.66415570165614
45323;-85.5736052417547;((x * (_a1_ * _a0_)) + (x * (_a6_ + ((pow2((_a0_ + (_a1_ + x))) * _a7_) + _a1_))));{'d0': {'_a0_': 0.3119297078408628, '_a1_': 2.1235495294218283e-32, '_a6_': 1.446576089377065, '_a7_': 3.3767608785775716, '_a2_': 1.0, '_a3_': 1.0, '_a4_': 1.0, '_a5_': 1.0}};{'d0': 0.024905832919416608};-276.475521886822;52.66415570165614
45324;-85.5736052417547;((x * (_a1_ * _a0_)) + (x * (_a6_ + ((pow2((_a0_ + (_a1_ + x))) * _a7_) + _a1_))));{'d0': {'_a0_': 0.3119297078408628, '_a1_': 2.1235495294218283e-32, '_a6_': 1.446576089377065, '_a7_': 3.3767608785775716, '_a2_': 1.0, '_a3_': 1.0, '_a4_': 1.0, '_a5_': 1.0}};{'d0': 0.024905832919416608};-276.475521886822;52.66415570165614
45325;-85.5736052417547;((x * (_a1_ * _a0_)) + (x * (_a6_ + ((pow2((_a0_ + (_a1_ + x))) * _a7_) + _a1_))));{'d0': {'_a0_': 0.3119297078408628, '_a1_': 2.1235495294218283e-32, '_a6_': 1.446576089377065, '_a7_': 3.3767608785775716, '_a2_': 1.0, '_a3_': 1.0, '_a4_': 1.0, '_a5_': 1.0}};{'d0': 0.024905832919416608};-276.475521886822;52.66415570165614
45326;-85.5736052417547;((x * (_a1_ * _a0_)) + (x * (_a6_ + ((pow2((_a0_ + (_a1_ + x))) * _a7_) + _a1_))));{'d0': {'_a0_': 0.3119297078408628, '_a1_': 2.1235495294218283e-32, '_a6_': 1.446576089377065, '_a7_': 3.3767608785775716, '_a2_': 1.0, '_a3_': 1.0, '_a4_': 1.0, '_a5_': 1.0}};{'d0': 0.024905832919416608};-276.475521886822;52.66415570165614
45327;-85.5736052417547;((x * (_a1_ * _a0_)) + (x * (_a6_ + ((pow2((_a0_ + (_a1_ + x))) * _a7_) + _a1_))));{'d0': {'_a0_': 0.3119297078408628, '_a1_': 2.1235495294218283e-32, '_a6_': 1.446576089377065, '_a7_': 3.3767608785775716, '_a2_': 1.0, '_a3_': 1.0, '_a4_': 1.0, '_a5_': 1.0}};{'d0': 0.024905832919416608};-276.475521886822;52.66415570165614
45328;-85.5736052417547;((x * (_a1_ * _a0_)) + (x * (_a6_ + ((pow2((_a0_ + (_a1_ + x))) * _a7_) + _a1_))));{'d0': {'_a0_': 0.3119297078408628, '_a1_': 2.1235495294218283e-32, '_a6_': 1.446576089377065, '_a7_': 3.3767608785775716, '_a2_': 1.0, '_a3_': 1.0, '_a4_': 1.0, '_a5_': 1.0}};{'d0': 0.024905832919416608};-276.475521886822;52.66415570165614
45329;-85.5736052417547;((x * (_a1_ * _a0_)) + (x * (_a6_ + ((pow2((_a0_ + (_a1_ + x))) * _a7_) + _a1_))));{'d0': {'_a0_': 0.3119297078408628, '_a1_': 2.1235495294218283e-32, '_a6_': 1.446576089377065, '_a7_': 3.3767608785775716, '_a2_': 1.0, '_a3_': 1.0, '_a4_': 1.0, '_a5_': 1.0}};{'d0': 0.024905832919416608};-276.475521886822;52.66415570165614
45330;-85.5736052417547;((x * (_a1_ * _a0_)) + (x * (_a6_ + ((pow2((_a0_ + (_a1_ + x))) * _a7_) + _a1_))));{'d0': {'_a0_': 0.3119297078408628, '_a1_': 2.1235495294218283e-32, '_a6_': 1.446576089377065, '_a7_': 3.3767608785775716, '_a2_': 1.0, '_a3_': 1.0, '_a4_': 1.0, '_a5_': 1.0}};{'d0': 0.024905832919416608};-276.475521886822;52.66415570165614
45331;-85.5736052417547;((x * (_a1_ * _a0_)) + (x * (_a6_ + ((pow2((_a0_ + (_a1_ + x))) * _a7_) + _a1_))));{'d0': {'_a0_': 0.3119297078408628, '_a1_': 2.1235495294218283e-32, '_a6_': 1.446576089377065, '_a7_': 3.3767608785775716, '_a2_': 1.0, '_a3_': 1.0, '_a4_': 1.0, '_a5_': 1.0}};{'d0': 0.024905832919416608};-276.475521886822;52.66415570165614
45332;-85.5736052417547;((x * (_a1_ * _a0_)) + (x * (_a6_ + ((pow2((_a0_ + (_a1_ + x))) * _a7_) + _a1_))));{'d0': {'_a0_': 0.3119297078408628, '_a1_': 2.1235495294218283e-32, '_a6_': 1.446576089377065, '_a7_': 3.3767608785775716, '_a2_': 1.0, '_a3_': 1.0, '_a4_': 1.0, '_a5_': 1.0}};{'d0': 0.024905832919416608};-276.475521886822;52.66415570165614
45333;-85.5736052417547;((x * (_a1_ * _a0_)) + (x * (_a6_ + ((pow2((_a0_ + (_a1_ + x))) * _a7_) + _a1_))));{'d0': {'_a0_': 0.3119297078408628, '_a1_': 2.1235495294218283e-32, '_a6_': 1.446576089377065, '_a7_': 3.3767608785775716, '_a2_': 1.0, '_a3_': 1.0, '_a4_': 1.0, '_a5_': 1.0}};{'d0': 0.024905832919416608};-276.475521886822;52.66415570165614
45334;-85.5736052417547;((x * (_a1_ * _a0_)) + (x * (_a6_ + ((pow2((_a0_ + (_a1_ + x))) * _a7_) + _a1_))));{'d0': {'_a0_': 0.3119297078408628, '_a1_': 2.1235495294218283e-32, '_a6_': 1.446576089377065, '_a7_': 3.3767608785775716, '_a2_': 1.0, '_a3_': 1.0, '_a4_': 1.0, '_a5_': 1.0}};{'d0': 0.024905832919416608};-276.475521886822;52.66415570165614
45335;-85.5736052417547;((x * (_a1_ * _a0_)) + (x * (_a6_ + ((pow2((_a0_ + (_a1_ + x))) * _a7_) + _a1_))));{'d0': {'_a0_': 0.3119297078408628, '_a1_': 2.1235495294218283e-32, '_a6_': 1.446576089377065, '_a7_': 3.3767608785775716, '_a2_': 1.0, '_a3_': 1.0, '_a4_': 1.0, '_a5_': 1.0}};{'d0': 0.024905832919416608};-276.475521886822;52.66415570165614
45336;-85.5736052417547;((x * (_a1_ * _a0_)) + (x * (_a6_ + ((pow2((_a0_ + (_a1_ + x))) * _a7_) + _a1_))));{'d0': {'_a0_': 0.3119297078408628, '_a1_': 2.1235495294218283e-32, '_a6_': 1.446576089377065, '_a7_': 3.3767608785775716, '_a2_': 1.0, '_a3_': 1.0, '_a4_': 1.0, '_a5_': 1.0}};{'d0': 0.024905832919416608};-276.475521886822;52.66415570165614
45337;-85.5736052417547;((x * (_a1_ * _a0_)) + (x * (_a6_ + ((pow2((_a0_ + (_a1_ + x))) * _a7_) + _a1_))));{'d0': {'_a0_': 0.3119297078408628, '_a1_': 2.1235495294218283e-32, '_a6_': 1.446576089377065, '_a7_': 3.3767608785775716, '_a2_': 1.0, '_a3_': 1.0, '_a4_': 1.0, '_a5_': 1.0}};{'d0': 0.024905832919416608};-276.475521886822;52.66415570165614
45338;-85.5736052417547;((x * (_a1_ * _a0_)) + (x * (_a6_ + ((pow2((_a0_ + (_a1_ + x))) * _a7_) + _a1_))));{'d0': {'_a0_': 0.3119297078408628, '_a1_': 2.1235495294218283e-32, '_a6_': 1.446576089377065, '_a7_': 3.3767608785775716, '_a2_': 1.0, '_a3_': 1.0, '_a4_': 1.0, '_a5_': 1.0}};{'d0': 0.024905832919416608};-276.475521886822;52.66415570165614
45339;-85.5736052417547;((x * (_a1_ * _a0_)) + (x * (_a6_ + ((pow2((_a0_ + (_a1_ + x))) * _a7_) + _a1_))));{'d0': {'_a0_': 0.3119297078408628, '_a1_': 2.1235495294218283e-32, '_a6_': 1.446576089377065, '_a7_': 3.3767608785775716, '_a2_': 1.0, '_a3_': 1.0, '_a4_': 1.0, '_a5_': 1.0}};{'d0': 0.024905832919416608};-276.475521886822;52.66415570165614
45340;-85.5736052417547;((x * (_a1_ * _a0_)) + (x * (_a6_ + ((pow2((_a0_ + (_a1_ + x))) * _a7_) + _a1_))));{'d0': {'_a0_': 0.3119297078408628, '_a1_': 2.1235495294218283e-32, '_a6_': 1.446576089377065, '_a7_': 3.3767608785775716, '_a2_': 1.0, '_a3_': 1.0, '_a4_': 1.0, '_a5_': 1.0}};{'d0': 0.024905832919416608};-276.475521886822;52.66415570165614
45341;-85.5736052417547;((x * (_a1_ * _a0_)) + (x * (_a6_ + ((pow2((_a0_ + (_a1_ + x))) * _a7_) + _a1_))));{'d0': {'_a0_': 0.3119297078408628, '_a1_': 2.1235495294218283e-32, '_a6_': 1.446576089377065, '_a7_': 3.3767608785775716, '_a2_': 1.0, '_a3_': 1.0, '_a4_': 1.0, '_a5_': 1.0}};{'d0': 0.024905832919416608};-276.475521886822;52.66415570165614
45342;-85.5736052417547;((x * (_a1_ * _a0_)) + (x * (_a6_ + ((pow2((_a0_ + (_a1_ + x))) * _a7_) + _a1_))));{'d0': {'_a0_': 0.3119297078408628, '_a1_': 2.1235495294218283e-32, '_a6_': 1.446576089377065, '_a7_': 3.3767608785775716, '_a2_': 1.0, '_a3_': 1.0, '_a4_': 1.0, '_a5_': 1.0}};{'d0': 0.024905832919416608};-276.475521886822;52.66415570165614
45343;-85.5736052417547;((x * (_a1_ * _a0_)) + (x * (_a6_ + ((pow2((_a0_ + (_a1_ + x))) * _a7_) + _a1_))));{'d0': {'_a0_': 0.3119297078408628, '_a1_': 2.1235495294218283e-32, '_a6_': 1.446576089377065, '_a7_': 3.3767608785775716, '_a2_': 1.0, '_a3_': 1.0, '_a4_': 1.0, '_a5_': 1.0}};{'d0': 0.024905832919416608};-276.475521886822;52.66415570165614
45344;-85.5736052417547;((x * (_a1_ * _a0_)) + (x * (_a6_ + ((pow2((_a0_ + (_a1_ + x))) * _a7_) + _a1_))));{'d0': {'_a0_': 0.3119297078408628, '_a1_': 2.1235495294218283e-32, '_a6_': 1.446576089377065, '_a7_': 3.3767608785775716, '_a2_': 1.0, '_a3_': 1.0, '_a4_': 1.0, '_a5_': 1.0}};{'d0': 0.024905832919416608};-276.475521886822;52.66415570165614
45345;-80.5519080299757;((x * ((_a1_ * _a7_) * _a0_)) + (x * (_a6_ + ((pow2((_a0_ + (_a1_ + x))) * _a7_) + _a1_))));{'d0': {'_a0_': 0.3119297078408628, '_a1_': 2.1235495294218283e-32, '_a6_': 1.446576089377065, '_a7_': 3.3767608785775716, '_a2_': 1.0, '_a3_': 1.0, '_a4_': 1.0, '_a5_': 1.0}};{'d0': 0.024905832919416608};-276.475521886822;57.68585291343514
45346;-80.5519080299757;((x * ((_a1_ * _a7_) * _a0_)) + (x * (_a6_ + ((pow2((_a0_ + (_a1_ + x))) * _a7_) + _a1_))));{'d0': {'_a0_': 0.3119297078408628, '_a1_': 2.1235495294218283e-32, '_a6_': 1.446576089377065, '_a7_': 3.3767608785775716, '_a2_': 1.0, '_a3_': 1.0, '_a4_': 1.0, '_a5_': 1.0}};{'d0': 0.024905832919416608};-276.475521886822;57.68585291343514
45347;-80.5519080299757;((x * ((_a1_ * _a7_) * _a0_)) + (x * (_a6_ + ((pow2((_a0_ + (_a1_ + x))) * _a7_) + _a1_))));{'d0': {'_a0_': 0.3119297078408628, '_a1_': 2.1235495294218283e-32, '_a6_': 1.446576089377065, '_a7_': 3.3767608785775716, '_a2_': 1.0, '_a3_': 1.0, '_a4_': 1.0, '_a5_': 1.0}};{'d0': 0.024905832919416608};-276.475521886822;57.68585291343514
45348;-80.5519080299757;((x * ((_a1_ * _a7_) * _a0_)) + (x * (_a6_ + ((pow2((_a0_ + (_a1_ + x))) * _a7_) + _a1_))));{'d0': {'_a0_': 0.3119297078408628, '_a1_': 2.1235495294218283e-32, '_a6_': 1.446576089377065, '_a7_': 3.3767608785775716, '_a2_': 1.0, '_a3_': 1.0, '_a4_': 1.0, '_a5_': 1.0}};{'d0': 0.024905832919416608};-276.475521886822;57.68585291343514
45349;-80.5519080299757;((x * ((_a1_ * _a7_) * _a0_)) + (x * (_a6_ + ((pow2((_a0_ + (_a1_ + x))) * _a7_) + _a1_))));{'d0': {'_a0_': 0.3119297078408628, '_a1_': 2.1235495294218283e-32, '_a6_': 1.446576089377065, '_a7_': 3.3767608785775716, '_a2_': 1.0, '_a3_': 1.0, '_a4_': 1.0, '_a5_': 1.0}};{'d0': 0.024905832919416608};-276.475521886822;57.68585291343514
45350;-80.5519080299757;((x * ((_a1_ * _a7_) * _a0_)) + (x * (_a6_ + ((pow2((_a0_ + (_a1_ + x))) * _a7_) + _a1_))));{'d0': {'_a0_': 0.3119297078408628, '_a1_': 2.1235495294218283e-32, '_a6_': 1.446576089377065, '_a7_': 3.3767608785775716, '_a2_': 1.0, '_a3_': 1.0, '_a4_': 1.0, '_a5_': 1.0}};{'d0': 0.024905832919416608};-276.475521886822;57.68585291343514
45351;-80.5519080299757;((x * ((_a1_ * _a7_) * _a0_)) + (x * (_a6_ + ((pow2((_a0_ + (_a1_ + x))) * _a7_) + _a1_))));{'d0': {'_a0_': 0.3119297078408628, '_a1_': 2.1235495294218283e-32, '_a6_': 1.446576089377065, '_a7_': 3.3767608785775716, '_a2_': 1.0, '_a3_': 1.0, '_a4_': 1.0, '_a5_': 1.0}};{'d0': 0.024905832919416608};-276.475521886822;57.68585291343514
45352;-74.9930826867777;((x * _a6_) + (((x * pow2((x + cos(pow2((_a1_ / (_a1_ / _a3_))))))) * _a3_) + (_a0_ / _a6_)));{'d0': {'_a0_': 0.0004536149004942198, '_a3_': 3.3634335387893404, '_a6_': 1.450140928269144, '_a1_': 1.0, '_a2_': 1.0, '_a4_': 1.0, '_a5_': 1.0, '_a7_': 1.0}};{'d0': 0.02497404518047489};-276.311418109076;63.162626367760474
45353;-80.5519080299757;((x * ((_a1_ * _a7_) * _a7_)) + (x * (_a6_ + ((pow2((_a0_ + (_a1_ + x))) * _a7_) + _a1_))));{'d0': {'_a0_': 0.3119297078408628, '_a1_': 2.1235495294218283e-32, '_a6_': 1.446576089377065, '_a7_': 3.3767608785775716, '_a2_': 1.0, '_a3_': 1.0, '_a4_': 1.0, '_a5_': 1.0}};{'d0': 0.024905832919416608};-276.475521886822;57.68585291343514
45354;-80.5519080299757;((x * ((_a1_ * _a7_) * _a7_)) + (x * (_a6_ + ((pow2((_a0_ + (_a1_ + x))) * _a7_) + _a1_))));{'d0': {'_a0_': 0.3119297078408628, '_a1_': 2.1235495294218283e-32, '_a6_': 1.446576089377065, '_a7_': 3.3767608785775716, '_a2_': 1.0, '_a3_': 1.0, '_a4_': 1.0, '_a5_': 1.0}};{'d0': 0.024905832919416608};-276.475521886822;57.68585291343514
45355;-80.5519080299757;((x * ((_a1_ * _a7_) * _a7_)) + (x * (_a6_ + ((pow2((_a0_ + (_a1_ + x))) * _a7_) + _a1_))));{'d0': {'_a0_': 0.3119297078408628, '_a1_': 2.1235495294218283e-32, '_a6_': 1.446576089377065, '_a7_': 3.3767608785775716, '_a2_': 1.0, '_a3_': 1.0, '_a4_': 1.0, '_a5_': 1.0}};{'d0': 0.024905832919416608};-276.475521886822;57.68585291343514
45356;-74.9930826867777;((x * _a6_) + (((x * pow2((x + cos(pow2((_a1_ / (_a1_ / _a3_))))))) * _a3_) + (_a0_ / _a6_)));{'d0': {'_a0_': 0.0004536149004942198, '_a3_': 3.3634335387893404, '_a6_': 1.450140928269144, '_a1_': 1.0, '_a2_': 1.0, '_a4_': 1.0, '_a5_': 1.0, '_a7_': 1.0}};{'d0': 0.02497404518047489};-276.311418109076;63.162626367760474
45357;-74.9930826867777;((x * _a6_) + (((x * pow2((x + cos(pow2((_a1_ / (_a1_ / _a3_))))))) * _a3_) + (_a0_ / _a6_)));{'d0': {'_a0_': 0.0004536149004942198, '_a3_': 3.3634335387893404, '_a6_': 1.450140928269144, '_a1_': 1.0, '_a2_': 1.0, '_a4_': 1.0, '_a5_': 1.0, '_a7_': 1.0}};{'d0': 0.02497404518047489};-276.311418109076;63.162626367760474
45358;-74.9930826867777;((x * _a6_) + (((x * pow2((x + cos(pow2((_a1_ / (_a1_ / _a3_))))))) * _a3_) + (_a0_ / _a6_)));{'d0': {'_a0_': 0.0004536149004942198, '_a3_': 3.3634335387893404, '_a6_': 1.450140928269144, '_a1_': 1.0, '_a2_': 1.0, '_a4_': 1.0, '_a5_': 1.0, '_a7_': 1.0}};{'d0': 0.02497404518047489};-276.311418109076;63.162626367760474
45359;-74.9930826867777;((x * _a6_) + (((x * pow2((x + cos(pow2((_a1_ / (_a1_ / _a3_))))))) * _a3_) + (_a0_ / _a6_)));{'d0': {'_a0_': 0.0004536149004942198, '_a3_': 3.3634335387893404, '_a6_': 1.450140928269144, '_a1_': 1.0, '_a2_': 1.0, '_a4_': 1.0, '_a5_': 1.0, '_a7_': 1.0}};{'d0': 0.02497404518047489};-276.311418109076;63.162626367760474
45360;-74.9930826867777;((x * _a6_) + (((x * pow2((x + cos(pow2((_a1_ / (_a1_ / _a3_))))))) * _a3_) + (_a0_ / _a6_)));{'d0': {'_a0_': 0.0004536149004942198, '_a3_': 3.3634335387893404, '_a6_': 1.450140928269144, '_a1_': 1.0, '_a2_': 1.0, '_a4_': 1.0, '_a5_': 1.0, '_a7_': 1.0}};{'d0': 0.02497404518047489};-276.311418109076;63.162626367760474
45361;-74.9930826867777;((x * _a6_) + (((x * pow2((x + cos(pow2((_a1_ / (_a1_ / _a3_))))))) * _a3_) + (_a0_ / _a6_)));{'d0': {'_a0_': 0.0004536149004942198, '_a3_': 3.3634335387893404, '_a6_': 1.450140928269144, '_a1_': 1.0, '_a2_': 1.0, '_a4_': 1.0, '_a5_': 1.0, '_a7_': 1.0}};{'d0': 0.02497404518047489};-276.311418109076;63.162626367760474
45362;-74.9930826867777;((x * _a6_) + (((x * pow2((x + cos(pow2((_a1_ / (_a1_ / _a3_))))))) * _a3_) + (_a0_ / _a6_)));{'d0': {'_a0_': 0.0004536149004942198, '_a3_': 3.3634335387893404, '_a6_': 1.450140928269144, '_a1_': 1.0, '_a2_': 1.0, '_a4_': 1.0, '_a5_': 1.0, '_a7_': 1.0}};{'d0': 0.02497404518047489};-276.311418109076;63.162626367760474
45363;-74.9930826867777;((x * _a6_) + (((x * pow2((x + cos(pow2((_a1_ / (_a1_ / _a3_))))))) * _a3_) + (_a0_ / _a6_)));{'d0': {'_a0_': 0.0004536149004942198, '_a3_': 3.3634335387893404, '_a6_': 1.450140928269144, '_a1_': 1.0, '_a2_': 1.0, '_a4_': 1.0, '_a5_': 1.0, '_a7_': 1.0}};{'d0': 0.02497404518047489};-276.311418109076;63.162626367760474
45364;-74.9930826867777;((x * _a6_) + (((x * pow2((x + cos(pow2((_a1_ / (_a1_ / _a3_))))))) * _a3_) + (_a0_ / _a6_)));{'d0': {'_a0_': 0.0004536149004942198, '_a3_': 3.3634335387893404, '_a6_': 1.450140928269144, '_a1_': 1.0, '_a2_': 1.0, '_a4_': 1.0, '_a5_': 1.0, '_a7_': 1.0}};{'d0': 0.02497404518047489};-276.311418109076;63.162626367760474
45365;-74.9930826867777;((x * _a6_) + (((x * pow2((x + cos(pow2((_a1_ / (_a1_ / _a3_))))))) * _a3_) + (_a0_ / _a6_)));{'d0': {'_a0_': 0.0004536149004942198, '_a3_': 3.3634335387893404, '_a6_': 1.450140928269144, '_a1_': 1.0, '_a2_': 1.0, '_a4_': 1.0, '_a5_': 1.0, '_a7_': 1.0}};{'d0': 0.02497404518047489};-276.311418109076;63.162626367760474
45366;-74.9930826867777;((x * _a6_) + (((x * pow2((x + cos(pow2((_a1_ / (_a1_ / _a3_))))))) * _a3_) + (_a0_ / _a6_)));{'d0': {'_a0_': 0.0004536149004942198, '_a3_': 3.3634335387893404, '_a6_': 1.450140928269144, '_a1_': 1.0, '_a2_': 1.0, '_a4_': 1.0, '_a5_': 1.0, '_a7_': 1.0}};{'d0': 0.02497404518047489};-276.311418109076;63.162626367760474
45367;-74.9930826867777;((x * _a6_) + (((x * pow2((x + cos(pow2((_a1_ / (_a1_ / _a3_))))))) * _a3_) + (_a0_ / _a6_)));{'d0': {'_a0_': 0.0004536149004942198, '_a3_': 3.3634335387893404, '_a6_': 1.450140928269144, '_a1_': 1.0, '_a2_': 1.0, '_a4_': 1.0, '_a5_': 1.0, '_a7_': 1.0}};{'d0': 0.02497404518047489};-276.311418109076;63.162626367760474
45368;-74.9930826867777;((x * _a6_) + (((x * pow2((x + cos(pow2((_a1_ / (_a1_ / _a3_))))))) * _a3_) + (_a0_ / _a6_)));{'d0': {'_a0_': 0.0004536149004942198, '_a3_': 3.3634335387893404, '_a6_': 1.450140928269144, '_a1_': 1.0, '_a2_': 1.0, '_a4_': 1.0, '_a5_': 1.0, '_a7_': 1.0}};{'d0': 0.02497404518047489};-276.311418109076;63.162626367760474
45369;-74.9930826867777;((x * _a6_) + (((x * pow2((x + cos(pow2((_a1_ / (_a1_ / _a3_))))))) * _a3_) + (_a0_ / _a6_)));{'d0': {'_a0_': 0.0004536149004942198, '_a3_': 3.3634335387893404, '_a6_': 1.450140928269144, '_a1_': 1.0, '_a2_': 1.0, '_a4_': 1.0, '_a5_': 1.0, '_a7_': 1.0}};{'d0': 0.02497404518047489};-276.311418109076;63.162626367760474
45370;-82.9144088184380;((x * _a6_) + (((x * pow2((x + cos(pow2((_a1_ / (_a1_ / _a3_))))))) * _a3_) + _a1_));{'d0': {'_a1_': 0.000312676460421657, '_a3_': 3.3634335457597753, '_a6_': 1.4501408925033157, '_a0_': 1.0, '_a2_': 1.0, '_a4_': 1.0, '_a5_': 1.0, '_a7_': 1.0}};{'d0': 0.02497404517992778};-280.405762672613;57.28847251786848
45371;-82.9144088184380;((x * _a6_) + (((x * pow2((x + cos(pow2((_a1_ / (_a1_ / _a3_))))))) * _a3_) + _a1_));{'d0': {'_a1_': 0.000312676460421657, '_a3_': 3.3634335457597753, '_a6_': 1.4501408925033157, '_a0_': 1.0, '_a2_': 1.0, '_a4_': 1.0, '_a5_': 1.0, '_a7_': 1.0}};{'d0': 0.02497404517992778};-280.405762672613;57.28847251786848
45372;-82.9144088184380;((x * _a6_) + (((x * pow2((x + cos(pow2((_a1_ / (_a1_ / _a3_))))))) * _a3_) + _a1_));{'d0': {'_a1_': 0.000312676460421657, '_a3_': 3.3634335457597753, '_a6_': 1.4501408925033157, '_a0_': 1.0, '_a2_': 1.0, '_a4_': 1.0, '_a5_': 1.0, '_a7_': 1.0}};{'d0': 0.02497404517992778};-280.405762672613;57.28847251786848
45373;-82.9144088184380;((x * _a6_) + (((x * pow2((x + cos(pow2((_a1_ / (_a1_ / _a3_))))))) * _a3_) + _a1_));{'d0': {'_a1_': 0.000312676460421657, '_a3_': 3.3634335457597753, '_a6_': 1.4501408925033157, '_a0_': 1.0, '_a2_': 1.0, '_a4_': 1.0, '_a5_': 1.0, '_a7_': 1.0}};{'d0': 0.02497404517992778};-280.405762672613;57.28847251786848
45374;-82.9144088184380;((x * _a6_) + (((x * pow2((x + cos(pow2((_a1_ / (_a1_ / _a3_))))))) * _a3_) + _a1_));{'d0': {'_a1_': 0.000312676460421657, '_a3_': 3.3634335457597753, '_a6_': 1.4501408925033157, '_a0_': 1.0, '_a2_': 1.0, '_a4_': 1.0, '_a5_': 1.0, '_a7_': 1.0}};{'d0': 0.02497404517992778};-280.405762672613;57.28847251786848
45375;-82.9144088184380;((x * _a6_) + (((x * pow2((x + cos(pow2((_a1_ / (_a1_ / _a3_))))))) * _a3_) + _a1_));{'d0': {'_a1_': 0.000312676460421657, '_a3_': 3.3634335457597753, '_a6_': 1.4501408925033157, '_a0_': 1.0, '_a2_': 1.0, '_a4_': 1.0, '_a5_': 1.0, '_a7_': 1.0}};{'d0': 0.02497404517992778};-280.405762672613;57.28847251786848
45376;-82.9144088184380;((x * _a6_) + (((x * pow2((x + cos(pow2((_a1_ / (_a1_ / _a3_))))))) * _a3_) + _a1_));{'d0': {'_a1_': 0.000312676460421657, '_a3_': 3.3634335457597753, '_a6_': 1.4501408925033157, '_a0_': 1.0, '_a2_': 1.0, '_a4_': 1.0, '_a5_': 1.0, '_a7_': 1.0}};{'d0': 0.02497404517992778};-280.405762672613;57.28847251786848
45377;-77.0402549685057;((x * (_a5_ / _a1_)) + (((x * pow2((x + cos(pow2((_a1_ / (_a1_ / _a3_))))))) * _a3_) + _a1_));{'d0': {'_a1_': 0.00031264662148457537, '_a3_': 3.363433547341689, '_a5_': 0.00045338165386380364, '_a0_': 1.0, '_a2_': 1.0, '_a4_': 1.0, '_a6_': 1.0, '_a7_': 1.0}};{'d0': 0.0249740451799613};-280.405762672532;63.162626367760474
45378;-77.0402549685057;((x * (_a5_ / _a1_)) + (((x * pow2((x + cos(pow2((_a1_ / (_a1_ / _a3_))))))) * _a3_) + _a1_));{'d0': {'_a1_': 0.00031264662148457537, '_a3_': 3.363433547341689, '_a5_': 0.00045338165386380364, '_a0_': 1.0, '_a2_': 1.0, '_a4_': 1.0, '_a6_': 1.0, '_a7_': 1.0}};{'d0': 0.0249740451799613};-280.405762672532;63.162626367760474
45379;-77.0402549685057;((x * (_a5_ / _a1_)) + (((x * pow2((x + cos(pow2((_a1_ / (_a1_ / _a3_))))))) * _a3_) + _a1_));{'d0': {'_a1_': 0.00031264662148457537, '_a3_': 3.363433547341689, '_a5_': 0.00045338165386380364, '_a0_': 1.0, '_a2_': 1.0, '_a4_': 1.0, '_a6_': 1.0, '_a7_': 1.0}};{'d0': 0.0249740451799613};-280.405762672532;63.162626367760474
45380;-77.0402549685057;((x * (_a5_ / _a1_)) + (((x * pow2((x + cos(pow2((_a1_ / (_a1_ / _a3_))))))) * _a3_) + _a1_));{'d0': {'_a1_': 0.00031264662148457537, '_a3_': 3.363433547341689, '_a5_': 0.00045338165386380364, '_a0_': 1.0, '_a2_': 1.0, '_a4_': 1.0, '_a6_': 1.0, '_a7_': 1.0}};{'d0': 0.0249740451799613};-280.405762672532;63.162626367760474
45381;-77.0402549685057;((x * (_a5_ / _a1_)) + (((x * pow2((x + cos(pow2((_a1_ / (_a1_ / _a3_))))))) * _a3_) + _a1_));{'d0': {'_a1_': 0.00031264662148457537, '_a3_': 3.363433547341689, '_a5_': 0.00045338165386380364, '_a0_': 1.0, '_a2_': 1.0, '_a4_': 1.0, '_a6_': 1.0, '_a7_': 1.0}};{'d0': 0.0249740451799613};-280.405762672532;63.162626367760474
45382;-77.0402549685057;((x * (_a5_ / _a1_)) + (((x * pow2((x + cos(pow2((_a1_ / (_a1_ / _a3_))))))) * _a3_) + _a1_));{'d0': {'_a1_': 0.00031264662148457537, '_a3_': 3.363433547341689, '_a5_': 0.00045338165386380364, '_a0_': 1.0, '_a2_': 1.0, '_a4_': 1.0, '_a6_': 1.0, '_a7_': 1.0}};{'d0': 0.0249740451799613};-280.405762672532;63.162626367760474
45383;-77.0402549685057;((x * (_a5_ / _a1_)) + (((x * pow2((x + cos(pow2((_a1_ / (_a1_ / _a3_))))))) * _a3_) + _a1_));{'d0': {'_a1_': 0.00031264662148457537, '_a3_': 3.363433547341689, '_a5_': 0.00045338165386380364, '_a0_': 1.0, '_a2_': 1.0, '_a4_': 1.0, '_a6_': 1.0, '_a7_': 1.0}};{'d0': 0.0249740451799613};-280.405762672532;63.162626367760474
45384;-77.0402549685057;((x * (_a5_ / _a1_)) + (((x * pow2((x + cos(pow2((_a1_ / (_a1_ / _a3_))))))) * _a3_) + _a1_));{'d0': {'_a1_': 0.00031264662148457537, '_a3_': 3.363433547341689, '_a5_': 0.00045338165386380364, '_a0_': 1.0, '_a2_': 1.0, '_a4_': 1.0, '_a6_': 1.0, '_a7_': 1.0}};{'d0': 0.0249740451799613};-280.405762672532;63.162626367760474
45385;-77.0402549685057;((x * (_a5_ / _a1_)) + (((x * pow2((x + cos(pow2((_a1_ / (_a1_ / _a3_))))))) * _a3_) + _a1_));{'d0': {'_a1_': 0.00031264662148457537, '_a3_': 3.363433547341689, '_a5_': 0.00045338165386380364, '_a0_': 1.0, '_a2_': 1.0, '_a4_': 1.0, '_a6_': 1.0, '_a7_': 1.0}};{'d0': 0.0249740451799613};-280.405762672532;63.162626367760474
45386;-77.0402549685057;((x * (_a5_ / _a1_)) + (((x * pow2((x + cos(pow2((_a1_ / (_a1_ / _a3_))))))) * _a3_) + _a1_));{'d0': {'_a1_': 0.00031264662148457537, '_a3_': 3.363433547341689, '_a5_': 0.00045338165386380364, '_a0_': 1.0, '_a2_': 1.0, '_a4_': 1.0, '_a6_': 1.0, '_a7_': 1.0}};{'d0': 0.0249740451799613};-280.405762672532;63.162626367760474
45387;-77.0402549685057;((x * (_a5_ / _a1_)) + (((x * pow2((x + cos(pow2((_a1_ / (_a1_ / _a3_))))))) * _a3_) + _a1_));{'d0': {'_a1_': 0.00031264662148457537, '_a3_': 3.363433547341689, '_a5_': 0.00045338165386380364, '_a0_': 1.0, '_a2_': 1.0, '_a4_': 1.0, '_a6_': 1.0, '_a7_': 1.0}};{'d0': 0.0249740451799613};-280.405762672532;63.162626367760474
45388;-77.0402549685057;((x * (_a5_ / _a1_)) + (((x * pow2((x + cos(pow2((_a1_ / (_a1_ / _a3_))))))) * _a3_) + _a1_));{'d0': {'_a1_': 0.00031264662148457537, '_a3_': 3.363433547341689, '_a5_': 0.00045338165386380364, '_a0_': 1.0, '_a2_': 1.0, '_a4_': 1.0, '_a6_': 1.0, '_a7_': 1.0}};{'d0': 0.0249740451799613};-280.405762672532;63.162626367760474
45389;-77.0402549685057;((x * (_a5_ / _a1_)) + (((x * pow2((x + cos(pow2((_a1_ / (_a1_ / _a3_))))))) * _a3_) + _a1_));{'d0': {'_a1_': 0.00031264662148457537, '_a3_': 3.363433547341689, '_a5_': 0.00045338165386380364, '_a0_': 1.0, '_a2_': 1.0, '_a4_': 1.0, '_a6_': 1.0, '_a7_': 1.0}};{'d0': 0.0249740451799613};-280.405762672532;63.162626367760474
45390;-77.0402549685057;((x * (_a5_ / _a1_)) + (((x * pow2((x + cos(pow2((_a1_ / (_a1_ / _a3_))))))) * _a3_) + _a1_));{'d0': {'_a1_': 0.00031264662148457537, '_a3_': 3.363433547341689, '_a5_': 0.00045338165386380364, '_a0_': 1.0, '_a2_': 1.0, '_a4_': 1.0, '_a6_': 1.0, '_a7_': 1.0}};{'d0': 0.0249740451799613};-280.405762672532;63.162626367760474
45391;-77.0402549685057;((x * (_a5_ / _a1_)) + (((x * pow2((x + cos(pow2((_a1_ / (_a1_ / _a3_))))))) * _a3_) + _a1_));{'d0': {'_a1_': 0.00031264662148457537, '_a3_': 3.363433547341689, '_a5_': 0.00045338165386380364, '_a0_': 1.0, '_a2_': 1.0, '_a4_': 1.0, '_a6_': 1.0, '_a7_': 1.0}};{'d0': 0.0249740451799613};-280.405762672532;63.162626367760474
45392;-77.0402549685057;((x * (_a5_ / _a1_)) + (((x * pow2((x + cos(pow2((_a1_ / (_a1_ / _a3_))))))) * _a3_) + _a1_));{'d0': {'_a1_': 0.00031264662148457537, '_a3_': 3.363433547341689, '_a5_': 0.00045338165386380364, '_a0_': 1.0, '_a2_': 1.0, '_a4_': 1.0, '_a6_': 1.0, '_a7_': 1.0}};{'d0': 0.0249740451799613};-280.405762672532;63.162626367760474
45393;-77.0402549685057;((x * (_a5_ / _a1_)) + (((x * pow2((x + cos(pow2((_a1_ / (_a1_ / _a3_))))))) * _a3_) + _a1_));{'d0': {'_a1_': 0.00031264662148457537, '_a3_': 3.363433547341689, '_a5_': 0.00045338165386380364, '_a0_': 1.0, '_a2_': 1.0, '_a4_': 1.0, '_a6_': 1.0, '_a7_': 1.0}};{'d0': 0.0249740451799613};-280.405762672532;63.162626367760474
45394;-77.0402549685057;((x * (_a5_ / _a1_)) + (((x * pow2((x + cos(pow2((_a1_ / (_a1_ / _a3_))))))) * _a3_) + _a1_));{'d0': {'_a1_': 0.00031264662148457537, '_a3_': 3.363433547341689, '_a5_': 0.00045338165386380364, '_a0_': 1.0, '_a2_': 1.0, '_a4_': 1.0, '_a6_': 1.0, '_a7_': 1.0}};{'d0': 0.0249740451799613};-280.405762672532;63.162626367760474
45395;-77.0402549685057;((x * (_a5_ / _a1_)) + (((x * pow2((x + cos(pow2((_a1_ / (_a1_ / _a3_))))))) * _a3_) + _a1_));{'d0': {'_a1_': 0.00031264662148457537, '_a3_': 3.363433547341689, '_a5_': 0.00045338165386380364, '_a0_': 1.0, '_a2_': 1.0, '_a4_': 1.0, '_a6_': 1.0, '_a7_': 1.0}};{'d0': 0.0249740451799613};-280.405762672532;63.162626367760474
45396;-77.0402549685057;((x * (_a5_ / _a1_)) + (((x * pow2((x + cos(pow2((_a1_ / (_a1_ / _a3_))))))) * _a3_) + _a1_));{'d0': {'_a1_': 0.00031264662148457537, '_a3_': 3.363433547341689, '_a5_': 0.00045338165386380364, '_a0_': 1.0, '_a2_': 1.0, '_a4_': 1.0, '_a6_': 1.0, '_a7_': 1.0}};{'d0': 0.0249740451799613};-280.405762672532;63.162626367760474
45397;-77.0402549685057;((x * (_a5_ / _a1_)) + (((x * pow2((x + cos(pow2((_a1_ / (_a1_ / _a3_))))))) * _a3_) + _a1_));{'d0': {'_a1_': 0.00031264662148457537, '_a3_': 3.363433547341689, '_a5_': 0.00045338165386380364, '_a0_': 1.0, '_a2_': 1.0, '_a4_': 1.0, '_a6_': 1.0, '_a7_': 1.0}};{'d0': 0.0249740451799613};-280.405762672532;63.162626367760474
45398;-77.5550767882182;((x * log(_a2_)) + (((x * pow2((x + cos(pow2((_a1_ / (_a1_ / _a3_))))))) * _a3_) + _a1_));{'d0': {'_a1_': 0.00031273000413907433, '_a2_': 4.263715260049246, '_a3_': 3.363433542915557, '_a0_': 1.0, '_a4_': 1.0, '_a5_': 1.0, '_a6_': 1.0, '_a7_': 1.0}};{'d0': 0.024974045180019173};-280.405762672393;62.647804547978474
45399;-77.5550767882182;((x * log(_a2_)) + (((x * pow2((x + cos(pow2((_a1_ / (_a1_ / _a3_))))))) * _a3_) + _a1_));{'d0': {'_a1_': 0.00031273000413907433, '_a2_': 4.263715260049246, '_a3_': 3.363433542915557, '_a0_': 1.0, '_a4_': 1.0, '_a5_': 1.0, '_a6_': 1.0, '_a7_': 1.0}};{'d0': 0.024974045180019173};-280.405762672393;62.647804547978474
45400;-77.5550767882182;((x * log(_a2_)) + (((x * pow2((x + cos(pow2((_a1_ / (_a1_ / _a3_))))))) * _a3_) + _a1_));{'d0': {'_a1_': 0.00031273000413907433, '_a2_': 4.263715260049246, '_a3_': 3.363433542915557, '_a0_': 1.0, '_a4_': 1.0, '_a5_': 1.0, '_a6_': 1.0, '_a7_': 1.0}};{'d0': 0.024974045180019173};-280.405762672393;62.647804547978474
45401;-77.5550767882182;((x * log(_a2_)) + (((x * pow2((x + cos(pow2((_a1_ / (_a1_ / _a3_))))))) * _a3_) + _a1_));{'d0': {'_a1_': 0.00031273000413907433, '_a2_': 4.263715260049246, '_a3_': 3.363433542915557, '_a0_': 1.0, '_a4_': 1.0, '_a5_': 1.0, '_a6_': 1.0, '_a7_': 1.0}};{'d0': 0.024974045180019173};-280.405762672393;62.647804547978474
45402;-81.0427062405489;((_a6_ * (-(_a1_) / _a7_)) + (x * (_a6_ + ((pow2((_a0_ + (_a1_ + x))) * _a7_) + _a1_))));{'d0': {'_a0_': 0.3119297078408628, '_a1_': 2.1235495294218283e-32, '_a6_': 1.446576089377065, '_a7_': 3.3767608785775716, '_a2_': 1.0, '_a3_': 1.0, '_a4_': 1.0, '_a5_': 1.0}};{'d0': 0.024905832919416608};-276.475521886822;57.19505470286193
45403;-84.7226534008093;((_a6_ * (_a1_ / _a7_)) + (x * (_a6_ + ((pow2((_a0_ + (_a1_ + x))) * _a7_) + _a1_))));{'d0': {'_a0_': 0.3119297078408628, '_a1_': 2.1235495294218283e-32, '_a6_': 1.446576089377065, '_a7_': 3.3767608785775716, '_a2_': 1.0, '_a3_': 1.0, '_a4_': 1.0, '_a5_': 1.0}};{'d0': 0.024905832919416608};-276.475521886822;53.51510754260154
45404;-84.7226534008093;((_a6_ * (_a1_ / _a7_)) + (x * (_a6_ + ((pow2((_a0_ + (_a1_ + x))) * _a7_) + _a1_))));{'d0': {'_a0_': 0.3119297078408628, '_a1_': 2.1235495294218283e-32, '_a6_': 1.446576089377065, '_a7_': 3.3767608785775716, '_a2_': 1.0, '_a3_': 1.0, '_a4_': 1.0, '_a5_': 1.0}};{'d0': 0.024905832919416608};-276.475521886822;53.51510754260154
45405;-84.7226534008093;((_a6_ * (_a1_ / _a7_)) + (x * (_a6_ + ((pow2((_a0_ + (_a1_ + x))) * _a7_) + _a1_))));{'d0': {'_a0_': 0.3119297078408628, '_a1_': 2.1235495294218283e-32, '_a6_': 1.446576089377065, '_a7_': 3.3767608785775716, '_a2_': 1.0, '_a3_': 1.0, '_a4_': 1.0, '_a5_': 1.0}};{'d0': 0.024905832919416608};-276.475521886822;53.51510754260154
45406;-84.7226534008093;((_a6_ * (_a1_ / _a7_)) + (x * (_a6_ + ((pow2((_a0_ + (_a1_ + x))) * _a7_) + _a1_))));{'d0': {'_a0_': 0.3119297078408628, '_a1_': 2.1235495294218283e-32, '_a6_': 1.446576089377065, '_a7_': 3.3767608785775716, '_a2_': 1.0, '_a3_': 1.0, '_a4_': 1.0, '_a5_': 1.0}};{'d0': 0.024905832919416608};-276.475521886822;53.51510754260154
45407;-84.7226534008093;((_a6_ * (_a1_ / _a7_)) + (x * (_a6_ + ((pow2((_a0_ + (_a1_ + x))) * _a7_) + _a1_))));{'d0': {'_a0_': 0.3119297078408628, '_a1_': 2.1235495294218283e-32, '_a6_': 1.446576089377065, '_a7_': 3.3767608785775716, '_a2_': 1.0, '_a3_': 1.0, '_a4_': 1.0, '_a5_': 1.0}};{'d0': 0.024905832919416608};-276.475521886822;53.51510754260154
45408;-84.7226534008093;((_a6_ * (_a1_ / _a7_)) + (x * (_a6_ + ((pow2((_a0_ + (_a1_ + x))) * _a7_) + _a1_))));{'d0': {'_a0_': 0.3119297078408628, '_a1_': 2.1235495294218283e-32, '_a6_': 1.446576089377065, '_a7_': 3.3767608785775716, '_a2_': 1.0, '_a3_': 1.0, '_a4_': 1.0, '_a5_': 1.0}};{'d0': 0.024905832919416608};-276.475521886822;53.51510754260154
45409;-84.7226534008093;((_a6_ * (_a1_ / _a7_)) + (x * (_a6_ + ((pow2((_a0_ + (_a1_ + x))) * _a7_) + _a1_))));{'d0': {'_a0_': 0.3119297078408628, '_a1_': 2.1235495294218283e-32, '_a6_': 1.446576089377065, '_a7_': 3.3767608785775716, '_a2_': 1.0, '_a3_': 1.0, '_a4_': 1.0, '_a5_': 1.0}};{'d0': 0.024905832919416608};-276.475521886822;53.51510754260154
45410;-84.7226534008093;((_a6_ * (_a1_ / _a7_)) + (x * (_a6_ + ((pow2((_a0_ + (_a1_ + x))) * _a7_) + _a1_))));{'d0': {'_a0_': 0.3119297078408628, '_a1_': 2.1235495294218283e-32, '_a6_': 1.446576089377065, '_a7_': 3.3767608785775716, '_a2_': 1.0, '_a3_': 1.0, '_a4_': 1.0, '_a5_': 1.0}};{'d0': 0.024905832919416608};-276.475521886822;53.51510754260154
45411;-84.7226534008093;((_a6_ * (_a1_ / _a7_)) + (x * (_a6_ + ((pow2((_a0_ + (_a1_ + x))) * _a7_) + _a1_))));{'d0': {'_a0_': 0.3119297078408628, '_a1_': 2.1235495294218283e-32, '_a6_': 1.446576089377065, '_a7_': 3.3767608785775716, '_a2_': 1.0, '_a3_': 1.0, '_a4_': 1.0, '_a5_': 1.0}};{'d0': 0.024905832919416608};-276.475521886822;53.51510754260154
45412;-84.7226534008093;((_a6_ * (_a1_ / _a7_)) + (x * (_a6_ + ((pow2((_a0_ + (_a1_ + x))) * _a7_) + _a1_))));{'d0': {'_a0_': 0.3119297078408628, '_a1_': 2.1235495294218283e-32, '_a6_': 1.446576089377065, '_a7_': 3.3767608785775716, '_a2_': 1.0, '_a3_': 1.0, '_a4_': 1.0, '_a5_': 1.0}};{'d0': 0.024905832919416608};-276.475521886822;53.51510754260154
45413;-98.3137111760955;(((_a7_ * (pow2((((_a2_ * _a7_) + x) * _a5_)) + _a6_)) * x) * _a7_);{'d0': {'_a2_': -0.2679871500014075, '_a5_': 1.578728269104773, '_a6_': 1.0677159434563803, '_a7_': -1.1639725820761948, '_a0_': 1.0, '_a1_': 1.0, '_a3_': 1.0, '_a4_': 1.0}};{'d0': 0.024905832920222384};-276.475521884880;39.92404976634502
45414;-98.3137111760955;(((_a7_ * (pow2((((_a2_ * _a7_) + x) * _a5_)) + _a6_)) * x) * _a7_);{'d0': {'_a2_': -0.2679871500014075, '_a5_': 1.578728269104773, '_a6_': 1.0677159434563803, '_a7_': -1.1639725820761948, '_a0_': 1.0, '_a1_': 1.0, '_a3_': 1.0, '_a4_': 1.0}};{'d0': 0.024905832920222384};-276.475521884880;39.92404976634502
45415;-98.3137111760955;(((_a7_ * (pow2((((_a2_ * _a7_) + x) * _a5_)) + _a6_)) * x) * _a7_);{'d0': {'_a2_': -0.2679871500014075, '_a5_': 1.578728269104773, '_a6_': 1.0677159434563803, '_a7_': -1.1639725820761948, '_a0_': 1.0, '_a1_': 1.0, '_a3_': 1.0, '_a4_': 1.0}};{'d0': 0.024905832920222384};-276.475521884880;39.92404976634502
45416;-98.3137111760955;(((_a7_ * (pow2((((_a2_ * _a7_) + x) * _a5_)) + _a6_)) * x) * _a7_);{'d0': {'_a2_': -0.2679871500014075, '_a5_': 1.578728269104773, '_a6_': 1.0677159434563803, '_a7_': -1.1639725820761948, '_a0_': 1.0, '_a1_': 1.0, '_a3_': 1.0, '_a4_': 1.0}};{'d0': 0.024905832920222384};-276.475521884880;39.92404976634502
45417;-98.3137111760955;(((_a7_ * (pow2((((_a2_ * _a7_) + x) * _a5_)) + _a6_)) * x) * _a7_);{'d0': {'_a2_': -0.2679871500014075, '_a5_': 1.578728269104773, '_a6_': 1.0677159434563803, '_a7_': -1.1639725820761948, '_a0_': 1.0, '_a1_': 1.0, '_a3_': 1.0, '_a4_': 1.0}};{'d0': 0.024905832920222384};-276.475521884880;39.92404976634502
45418;-98.3137111760955;(((_a7_ * (pow2((((_a2_ * _a7_) + x) * _a5_)) + _a6_)) * x) * _a7_);{'d0': {'_a2_': -0.2679871500014075, '_a5_': 1.578728269104773, '_a6_': 1.0677159434563803, '_a7_': -1.1639725820761948, '_a0_': 1.0, '_a1_': 1.0, '_a3_': 1.0, '_a4_': 1.0}};{'d0': 0.024905832920222384};-276.475521884880;39.92404976634502
45419;-98.3137111760955;(((_a7_ * (pow2((((_a2_ * _a7_) + x) * _a5_)) + _a6_)) * x) * _a7_);{'d0': {'_a2_': -0.2679871500014075, '_a5_': 1.578728269104773, '_a6_': 1.0677159434563803, '_a7_': -1.1639725820761948, '_a0_': 1.0, '_a1_': 1.0, '_a3_': 1.0, '_a4_': 1.0}};{'d0': 0.024905832920222384};-276.475521884880;39.92404976634502
45420;-98.3137111760955;(((_a7_ * (pow2((((_a2_ * _a7_) + x) * _a5_)) + _a6_)) * x) * _a7_);{'d0': {'_a2_': -0.2679871500014075, '_a5_': 1.578728269104773, '_a6_': 1.0677159434563803, '_a7_': -1.1639725820761948, '_a0_': 1.0, '_a1_': 1.0, '_a3_': 1.0, '_a4_': 1.0}};{'d0': 0.024905832920222384};-276.475521884880;39.92404976634502
45421;-98.3137111760955;(((_a7_ * (pow2((((_a2_ * _a7_) + x) * _a5_)) + _a6_)) * x) * _a7_);{'d0': {'_a2_': -0.2679871500014075, '_a5_': 1.578728269104773, '_a6_': 1.0677159434563803, '_a7_': -1.1639725820761948, '_a0_': 1.0, '_a1_': 1.0, '_a3_': 1.0, '_a4_': 1.0}};{'d0': 0.024905832920222384};-276.475521884880;39.92404976634502
45422;-98.3137111760955;(((_a7_ * (pow2((((_a2_ * _a7_) + x) * _a5_)) + _a6_)) * x) * _a7_);{'d0': {'_a2_': -0.2679871500014075, '_a5_': 1.578728269104773, '_a6_': 1.0677159434563803, '_a7_': -1.1639725820761948, '_a0_': 1.0, '_a1_': 1.0, '_a3_': 1.0, '_a4_': 1.0}};{'d0': 0.024905832920222384};-276.475521884880;39.92404976634502
45423;-98.3137111760955;(((_a7_ * (pow2((((_a2_ * _a7_) + x) * _a5_)) + _a6_)) * x) * _a7_);{'d0': {'_a2_': -0.2679871500014075, '_a5_': 1.578728269104773, '_a6_': 1.0677159434563803, '_a7_': -1.1639725820761948, '_a0_': 1.0, '_a1_': 1.0, '_a3_': 1.0, '_a4_': 1.0}};{'d0': 0.024905832920222384};-276.475521884880;39.92404976634502
45424;-98.3137111714375;(((_a7_ * (pow2((((_a2_ * _a7_) + x) * _a5_)) + _a4_)) * x) * _a7_);{'d0': {'_a2_': -0.25486358638135753, '_a4_': 0.9657024726084352, '_a5_': 1.5014165726866762, '_a7_': -1.223908371019426, '_a0_': 1.0, '_a1_': 1.0, '_a3_': 1.0, '_a6_': 1.0}};{'d0': 0.024905832924089367};-276.475521875564;39.92404976634502
45425;-98.3137111714375;(((_a7_ * (pow2((((_a2_ * _a7_) + x) * _a5_)) + _a4_)) * x) * _a7_);{'d0': {'_a2_': -0.25486358638135753, '_a4_': 0.9657024726084352, '_a5_': 1.5014165726866762, '_a7_': -1.223908371019426, '_a0_': 1.0, '_a1_': 1.0, '_a3_': 1.0, '_a6_': 1.0}};{'d0': 0.024905832924089367};-276.475521875564;39.92404976634502
45426;-98.3137111714375;(((_a7_ * (pow2((((_a2_ * _a7_) + x) * _a5_)) + _a4_)) * x) * _a7_);{'d0': {'_a2_': -0.25486358638135753, '_a4_': 0.9657024726084352, '_a5_': 1.5014165726866762, '_a7_': -1.223908371019426, '_a0_': 1.0, '_a1_': 1.0, '_a3_': 1.0, '_a6_': 1.0}};{'d0': 0.024905832924089367};-276.475521875564;39.92404976634502
45427;-102.364147263959;(x * (pow2(((_a7_ * _a7_) + ((_a3_ + x) * _a1_))) + _a4_));{'d0': {'_a1_': -1.8375964952314325, '_a3_': 1.482287944113777, '_a4_': 1.4465760889759558, '_a7_': -1.466508211678651, '_a0_': 1.0, '_a2_': 1.0, '_a5_': 1.0, '_a6_': 1.0}};{'d0': 0.024905832920506753};-276.475521884195;35.87361367813899
45428;-102.364147263959;(x * (pow2(((_a7_ * _a7_) + ((_a3_ + x) * _a1_))) + _a4_));{'d0': {'_a1_': -1.8375964952314325, '_a3_': 1.482287944113777, '_a4_': 1.4465760889759558, '_a7_': -1.466508211678651, '_a0_': 1.0, '_a2_': 1.0, '_a5_': 1.0, '_a6_': 1.0}};{'d0': 0.024905832920506753};-276.475521884195;35.87361367813899
45429;-103.922234050858;(x * (pow2((exp(_a4_) + ((_a3_ + x) * _a1_))) + _a4_));{'d0': {'_a1_': -1.8375964939723086, '_a3_': 2.623940517439544, '_a4_': 1.4465760906718967, '_a0_': 1.0, '_a2_': 1.0, '_a5_': 1.0, '_a6_': 1.0, '_a7_': 1.0}};{'d0': 0.024905832919416598};-280.569866449044;36.362699173663984
45430;-103.922234050858;(x * (pow2((exp(_a4_) + ((_a3_ + x) * _a1_))) + _a4_));{'d0': {'_a1_': -1.8375964939723086, '_a3_': 2.623940517439544, '_a4_': 1.4465760906718967, '_a0_': 1.0, '_a2_': 1.0, '_a5_': 1.0, '_a6_': 1.0, '_a7_': 1.0}};{'d0': 0.024905832919416598};-280.569866449044;36.362699173663984
45431;-103.922234050858;(x * (pow2((exp(_a4_) + ((_a3_ + x) * _a1_))) + _a4_));{'d0': {'_a1_': -1.8375964939723086, '_a3_': 2.623940517439544, '_a4_': 1.4465760906718967, '_a0_': 1.0, '_a2_': 1.0, '_a5_': 1.0, '_a6_': 1.0, '_a7_': 1.0}};{'d0': 0.024905832919416598};-280.569866449044;36.362699173663984
45432;-103.922234050858;(x * (pow2((exp(_a4_) + ((_a3_ + x) * _a1_))) + _a4_));{'d0': {'_a1_': -1.8375964939723086, '_a3_': 2.623940517439544, '_a4_': 1.4465760906718967, '_a0_': 1.0, '_a2_': 1.0, '_a5_': 1.0, '_a6_': 1.0, '_a7_': 1.0}};{'d0': 0.024905832919416598};-280.569866449044;36.362699173663984
45433;-103.922234050858;(x * (pow2((exp(_a4_) + ((_a3_ + x) * _a1_))) + _a4_));{'d0': {'_a1_': -1.8375964939723086, '_a3_': 2.623940517439544, '_a4_': 1.4465760906718967, '_a0_': 1.0, '_a2_': 1.0, '_a5_': 1.0, '_a6_': 1.0, '_a7_': 1.0}};{'d0': 0.024905832919416598};-280.569866449044;36.362699173663984
45434;-102.364147265270;(x * (pow2(((_a4_ * _a7_) + ((_a3_ + x) * _a1_))) + _a4_));{'d0': {'_a1_': -1.8375964954635062, '_a3_': 1.858816041102139, '_a4_': 1.4465761013122125, '_a7_': 1.965021335500608, '_a0_': 1.0, '_a2_': 1.0, '_a5_': 1.0, '_a6_': 1.0}};{'d0': 0.02490583291941815};-276.475521886818;35.87361367813899
45435;-102.364147265270;(x * (pow2(((_a4_ * _a7_) + ((_a3_ + x) * _a1_))) + _a4_));{'d0': {'_a1_': -1.8375964954635062, '_a3_': 1.858816041102139, '_a4_': 1.4465761013122125, '_a7_': 1.965021335500608, '_a0_': 1.0, '_a2_': 1.0, '_a5_': 1.0, '_a6_': 1.0}};{'d0': 0.02490583291941815};-276.475521886818;35.87361367813899
45436;-102.364147265270;(x * (pow2(((_a4_ * _a7_) + ((_a3_ + x) * _a1_))) + _a4_));{'d0': {'_a1_': -1.8375964954635062, '_a3_': 1.858816041102139, '_a4_': 1.4465761013122125, '_a7_': 1.965021335500608, '_a0_': 1.0, '_a2_': 1.0, '_a5_': 1.0, '_a6_': 1.0}};{'d0': 0.02490583291941815};-276.475521886818;35.87361367813899
45437;-102.364147265270;(x * (pow2(((_a4_ * _a7_) + ((_a3_ + x) * _a1_))) + _a4_));{'d0': {'_a1_': -1.8375964954635062, '_a3_': 1.858816041102139, '_a4_': 1.4465761013122125, '_a7_': 1.965021335500608, '_a0_': 1.0, '_a2_': 1.0, '_a5_': 1.0, '_a6_': 1.0}};{'d0': 0.02490583291941815};-276.475521886818;35.87361367813899
45438;-102.364147265270;(x * (pow2(((_a4_ * _a7_) + ((_a3_ + x) * _a1_))) + _a4_));{'d0': {'_a1_': -1.8375964954635062, '_a3_': 1.858816041102139, '_a4_': 1.4465761013122125, '_a7_': 1.965021335500608, '_a0_': 1.0, '_a2_': 1.0, '_a5_': 1.0, '_a6_': 1.0}};{'d0': 0.02490583291941815};-276.475521886818;35.87361367813899
45439;-102.364147265270;(x * (pow2(((_a4_ * _a7_) + ((_a3_ + x) * _a1_))) + _a4_));{'d0': {'_a1_': -1.8375964954635062, '_a3_': 1.858816041102139, '_a4_': 1.4465761013122125, '_a7_': 1.965021335500608, '_a0_': 1.0, '_a2_': 1.0, '_a5_': 1.0, '_a6_': 1.0}};{'d0': 0.02490583291941815};-276.475521886818;35.87361367813899
45440;-102.364147265270;(x * (pow2(((_a4_ * _a7_) + ((_a3_ + x) * _a1_))) + _a4_));{'d0': {'_a1_': -1.8375964954635062, '_a3_': 1.858816041102139, '_a4_': 1.4465761013122125, '_a7_': 1.965021335500608, '_a0_': 1.0, '_a2_': 1.0, '_a5_': 1.0, '_a6_': 1.0}};{'d0': 0.02490583291941815};-276.475521886818;35.87361367813899
45441;-102.364147265270;(x * (pow2(((_a4_ * _a7_) + ((_a3_ + x) * _a1_))) + _a4_));{'d0': {'_a1_': -1.8375964954635062, '_a3_': 1.858816041102139, '_a4_': 1.4465761013122125, '_a7_': 1.965021335500608, '_a0_': 1.0, '_a2_': 1.0, '_a5_': 1.0, '_a6_': 1.0}};{'d0': 0.02490583291941815};-276.475521886818;35.87361367813899
45442;-102.364147265270;(x * (pow2(((_a4_ * _a7_) + ((_a3_ + x) * _a1_))) + _a4_));{'d0': {'_a1_': -1.8375964954635062, '_a3_': 1.858816041102139, '_a4_': 1.4465761013122125, '_a7_': 1.965021335500608, '_a0_': 1.0, '_a2_': 1.0, '_a5_': 1.0, '_a6_': 1.0}};{'d0': 0.02490583291941815};-276.475521886818;35.87361367813899
45443;-102.364147265270;(x * (pow2(((_a4_ * _a7_) + ((_a3_ + x) * _a1_))) + _a4_));{'d0': {'_a1_': -1.8375964954635062, '_a3_': 1.858816041102139, '_a4_': 1.4465761013122125, '_a7_': 1.965021335500608, '_a0_': 1.0, '_a2_': 1.0, '_a5_': 1.0, '_a6_': 1.0}};{'d0': 0.02490583291941815};-276.475521886818;35.87361367813899
45444;-102.364147265270;(x * (pow2(((_a4_ * _a7_) + ((_a3_ + x) * _a1_))) + _a4_));{'d0': {'_a1_': -1.8375964954635062, '_a3_': 1.858816041102139, '_a4_': 1.4465761013122125, '_a7_': 1.965021335500608, '_a0_': 1.0, '_a2_': 1.0, '_a5_': 1.0, '_a6_': 1.0}};{'d0': 0.02490583291941815};-276.475521886818;35.87361367813899
45445;-102.364147265270;(x * (pow2(((_a4_ * _a7_) + ((_a3_ + x) * _a1_))) + _a4_));{'d0': {'_a1_': -1.8375964954635062, '_a3_': 1.858816041102139, '_a4_': 1.4465761013122125, '_a7_': 1.965021335500608, '_a0_': 1.0, '_a2_': 1.0, '_a5_': 1.0, '_a6_': 1.0}};{'d0': 0.02490583291941815};-276.475521886818;35.87361367813899
45446;-102.364147265270;(x * (pow2(((_a4_ * _a7_) + ((_a3_ + x) * _a1_))) + _a4_));{'d0': {'_a1_': -1.8375964954635062, '_a3_': 1.858816041102139, '_a4_': 1.4465761013122125, '_a7_': 1.965021335500608, '_a0_': 1.0, '_a2_': 1.0, '_a5_': 1.0, '_a6_': 1.0}};{'d0': 0.02490583291941815};-276.475521886818;35.87361367813899
45447;-102.364147265270;(x * (pow2(((_a4_ * _a7_) + ((_a3_ + x) * _a1_))) + _a4_));{'d0': {'_a1_': -1.8375964954635062, '_a3_': 1.858816041102139, '_a4_': 1.4465761013122125, '_a7_': 1.965021335500608, '_a0_': 1.0, '_a2_': 1.0, '_a5_': 1.0, '_a6_': 1.0}};{'d0': 0.02490583291941815};-276.475521886818;35.87361367813899
45448;-102.364147265270;(x * (pow2(((_a4_ * _a7_) + ((_a3_ + x) * _a1_))) + _a4_));{'d0': {'_a1_': -1.8375964954635062, '_a3_': 1.858816041102139, '_a4_': 1.4465761013122125, '_a7_': 1.965021335500608, '_a0_': 1.0, '_a2_': 1.0, '_a5_': 1.0, '_a6_': 1.0}};{'d0': 0.02490583291941815};-276.475521886818;35.87361367813899
45449;-102.364147265270;(x * (pow2(((_a4_ * _a7_) + ((_a3_ + x) * _a1_))) + _a4_));{'d0': {'_a1_': -1.8375964954635062, '_a3_': 1.858816041102139, '_a4_': 1.4465761013122125, '_a7_': 1.965021335500608, '_a0_': 1.0, '_a2_': 1.0, '_a5_': 1.0, '_a6_': 1.0}};{'d0': 0.02490583291941815};-276.475521886818;35.87361367813899
45450;-98.3137111714375;(((_a7_ * (pow2((((_a2_ * _a7_) + x) * _a5_)) + _a4_)) * x) * _a7_);{'d0': {'_a2_': -0.25486358638135753, '_a4_': 0.9657024726084352, '_a5_': 1.5014165726866762, '_a7_': -1.223908371019426, '_a0_': 1.0, '_a1_': 1.0, '_a3_': 1.0, '_a6_': 1.0}};{'d0': 0.024905832924089367};-276.475521875564;39.92404976634502
45451;-98.3137111714375;(((_a7_ * (pow2((((_a2_ * _a7_) + x) * _a5_)) + _a4_)) * x) * _a7_);{'d0': {'_a2_': -0.25486358638135753, '_a4_': 0.9657024726084352, '_a5_': 1.5014165726866762, '_a7_': -1.223908371019426, '_a0_': 1.0, '_a1_': 1.0, '_a3_': 1.0, '_a6_': 1.0}};{'d0': 0.024905832924089367};-276.475521875564;39.92404976634502
45452;-98.3137111714375;(((_a7_ * (pow2((((_a2_ * _a7_) + x) * _a5_)) + _a4_)) * x) * _a7_);{'d0': {'_a2_': -0.25486358638135753, '_a4_': 0.9657024726084352, '_a5_': 1.5014165726866762, '_a7_': -1.223908371019426, '_a0_': 1.0, '_a1_': 1.0, '_a3_': 1.0, '_a6_': 1.0}};{'d0': 0.024905832924089367};-276.475521875564;39.92404976634502
45453;-98.3137111714375;(((_a7_ * (pow2((((_a2_ * _a7_) + x) * _a5_)) + _a4_)) * x) * _a7_);{'d0': {'_a2_': -0.25486358638135753, '_a4_': 0.9657024726084352, '_a5_': 1.5014165726866762, '_a7_': -1.223908371019426, '_a0_': 1.0, '_a1_': 1.0, '_a3_': 1.0, '_a6_': 1.0}};{'d0': 0.024905832924089367};-276.475521875564;39.92404976634502
45454;-100.360883458177;(((_a7_ * (pow2((((_a2_ * _a7_) + x) * _a5_)) + _a5_)) * x) * _a7_);{'d0': {'_a2_': -0.39624665559238464, '_a5_': 2.33431265765304, '_a7_': -0.7872109541769156, '_a0_': 1.0, '_a1_': 1.0, '_a3_': 1.0, '_a4_': 1.0, '_a6_': 1.0}};{'d0': 0.02490583291941662};-280.569866449044;39.92404976634502
45455;-100.360883458177;(((_a7_ * (pow2((((_a2_ * _a7_) + x) * _a5_)) + _a5_)) * x) * _a7_);{'d0': {'_a2_': -0.39624665559238464, '_a5_': 2.33431265765304, '_a7_': -0.7872109541769156, '_a0_': 1.0, '_a1_': 1.0, '_a3_': 1.0, '_a4_': 1.0, '_a6_': 1.0}};{'d0': 0.02490583291941662};-280.569866449044;39.92404976634502
45456;-93.7437742755635;(((_a7_ * (pow2((((sin(_a2_) * _a7_) + x) * _a5_)) + _a5_)) * x) * _a7_);{'d0': {'_a2_': -0.4074252534837854, '_a5_': 2.334312659421404, '_a7_': -0.7872109537200891, '_a0_': 1.0, '_a1_': 1.0, '_a3_': 1.0, '_a4_': 1.0, '_a6_': 1.0}};{'d0': 0.024905832919416733};-280.569866449043;46.54115894895854
45457;-93.7437742755635;(((_a7_ * (pow2((((sin(_a2_) * _a7_) + x) * _a5_)) + _a5_)) * x) * _a7_);{'d0': {'_a2_': -0.4074252534837854, '_a5_': 2.334312659421404, '_a7_': -0.7872109537200891, '_a0_': 1.0, '_a1_': 1.0, '_a3_': 1.0, '_a4_': 1.0, '_a6_': 1.0}};{'d0': 0.024905832919416733};-280.569866449043;46.54115894895854
45458;-92.3931101280358;(((_a7_ * (pow2(((((_a3_ + _a2_) * _a7_) + x) * _a5_)) + _a5_)) * x) * _a7_);{'d0': {'_a2_': -3.8073034072567844, '_a3_': 3.4110567527796505, '_a5_': 2.334312653117891, '_a7_': -0.7872109558081408, '_a0_': 1.0, '_a1_': 1.0, '_a4_': 1.0, '_a6_': 1.0}};{'d0': 0.02490583291941684};-276.475521886821;45.84465081537502
45459;-92.3931101280358;(((_a7_ * (pow2(((((_a3_ + _a2_) * _a7_) + x) * _a5_)) + _a5_)) * x) * _a7_);{'d0': {'_a2_': -3.8073034072567844, '_a3_': 3.4110567527796505, '_a5_': 2.334312653117891, '_a7_': -0.7872109558081408, '_a0_': 1.0, '_a1_': 1.0, '_a4_': 1.0, '_a6_': 1.0}};{'d0': 0.02490583291941684};-276.475521886821;45.84465081537502
45460;-92.3931101280358;(((_a7_ * (pow2(((((_a3_ + _a2_) * _a7_) + x) * _a5_)) + _a5_)) * x) * _a7_);{'d0': {'_a2_': -3.8073034072567844, '_a3_': 3.4110567527796505, '_a5_': 2.334312653117891, '_a7_': -0.7872109558081408, '_a0_': 1.0, '_a1_': 1.0, '_a4_': 1.0, '_a6_': 1.0}};{'d0': 0.02490583291941684};-276.475521886821;45.84465081537502
45461;-92.3931101280358;(((_a7_ * (pow2(((((_a3_ + _a2_) * _a7_) + x) * _a5_)) + _a5_)) * x) * _a7_);{'d0': {'_a2_': -3.8073034072567844, '_a3_': 3.4110567527796505, '_a5_': 2.334312653117891, '_a7_': -0.7872109558081408, '_a0_': 1.0, '_a1_': 1.0, '_a4_': 1.0, '_a6_': 1.0}};{'d0': 0.02490583291941684};-276.475521886821;45.84465081537502
45462;-92.3931101280358;(((_a7_ * (pow2(((((_a3_ + _a2_) * _a7_) + x) * _a5_)) + _a5_)) * x) * _a7_);{'d0': {'_a2_': -3.8073034072567844, '_a3_': 3.4110567527796505, '_a5_': 2.334312653117891, '_a7_': -0.7872109558081408, '_a0_': 1.0, '_a1_': 1.0, '_a4_': 1.0, '_a6_': 1.0}};{'d0': 0.02490583291941684};-276.475521886821;45.84465081537502
45463;-92.3931101280358;(((_a7_ * (pow2(((((_a3_ + _a2_) * _a7_) + x) * _a5_)) + _a5_)) * x) * _a7_);{'d0': {'_a2_': -3.8073034072567844, '_a3_': 3.4110567527796505, '_a5_': 2.334312653117891, '_a7_': -0.7872109558081408, '_a0_': 1.0, '_a1_': 1.0, '_a4_': 1.0, '_a6_': 1.0}};{'d0': 0.02490583291941684};-276.475521886821;45.84465081537502
45464;-92.3931101280358;(((_a7_ * (pow2(((((_a3_ + _a2_) * _a7_) + x) * _a5_)) + _a5_)) * x) * _a7_);{'d0': {'_a2_': -3.8073034072567844, '_a3_': 3.4110567527796505, '_a5_': 2.334312653117891, '_a7_': -0.7872109558081408, '_a0_': 1.0, '_a1_': 1.0, '_a4_': 1.0, '_a6_': 1.0}};{'d0': 0.02490583291941684};-276.475521886821;45.84465081537502
45465;-92.3931101280358;(((_a7_ * (pow2(((((_a3_ + _a2_) * _a7_) + x) * _a5_)) + _a5_)) * x) * _a7_);{'d0': {'_a2_': -3.8073034072567844, '_a3_': 3.4110567527796505, '_a5_': 2.334312653117891, '_a7_': -0.7872109558081408, '_a0_': 1.0, '_a1_': 1.0, '_a4_': 1.0, '_a6_': 1.0}};{'d0': 0.02490583291941684};-276.475521886821;45.84465081537502
45466;-92.3931101280358;(((_a7_ * (pow2(((((_a3_ + _a2_) * _a7_) + x) * _a5_)) + _a5_)) * x) * _a7_);{'d0': {'_a2_': -3.8073034072567844, '_a3_': 3.4110567527796505, '_a5_': 2.334312653117891, '_a7_': -0.7872109558081408, '_a0_': 1.0, '_a1_': 1.0, '_a4_': 1.0, '_a6_': 1.0}};{'d0': 0.02490583291941684};-276.475521886821;45.84465081537502
45467;-92.3931101280358;(((_a7_ * (pow2(((((_a3_ + _a2_) * _a7_) + x) * _a5_)) + _a5_)) * x) * _a7_);{'d0': {'_a2_': -3.8073034072567844, '_a3_': 3.4110567527796505, '_a5_': 2.334312653117891, '_a7_': -0.7872109558081408, '_a0_': 1.0, '_a1_': 1.0, '_a4_': 1.0, '_a6_': 1.0}};{'d0': 0.02490583291941684};-276.475521886821;45.84465081537502
45468;-92.3931101280358;(((_a7_ * (pow2(((((_a3_ + _a2_) * _a7_) + x) * _a5_)) + _a5_)) * x) * _a7_);{'d0': {'_a2_': -3.8073034072567844, '_a3_': 3.4110567527796505, '_a5_': 2.334312653117891, '_a7_': -0.7872109558081408, '_a0_': 1.0, '_a1_': 1.0, '_a4_': 1.0, '_a6_': 1.0}};{'d0': 0.02490583291941684};-276.475521886821;45.84465081537502
45469;-92.3931101280358;(((_a7_ * (pow2(((((_a3_ + _a2_) * _a7_) + x) * _a5_)) + _a5_)) * x) * _a7_);{'d0': {'_a2_': -3.8073034072567844, '_a3_': 3.4110567527796505, '_a5_': 2.334312653117891, '_a7_': -0.7872109558081408, '_a0_': 1.0, '_a1_': 1.0, '_a4_': 1.0, '_a6_': 1.0}};{'d0': 0.02490583291941684};-276.475521886821;45.84465081537502
45470;-104.411319546383;(x * (pow2(((_a4_ * _a7_) + ((_a4_ + x) * _a1_))) + _a4_));{'d0': {'_a1_': -1.837596494868495, '_a4_': 1.446576089483665, '_a7_': 1.4413498391659316, '_a0_': 1.0, '_a2_': 1.0, '_a3_': 1.0, '_a5_': 1.0, '_a6_': 1.0}};{'d0': 0.024905832919416622};-280.569866449044;35.87361367813899
45471;-104.411319546383;(x * (pow2(((_a4_ * _a7_) + ((_a4_ + x) * _a1_))) + _a4_));{'d0': {'_a1_': -1.837596494868495, '_a4_': 1.446576089483665, '_a7_': 1.4413498391659316, '_a0_': 1.0, '_a2_': 1.0, '_a3_': 1.0, '_a5_': 1.0, '_a6_': 1.0}};{'d0': 0.024905832919416622};-280.569866449044;35.87361367813899
45472;-104.411319546383;(x * (pow2(((_a4_ * _a7_) + ((_a4_ + x) * _a1_))) + _a4_));{'d0': {'_a1_': -1.837596494868495, '_a4_': 1.446576089483665, '_a7_': 1.4413498391659316, '_a0_': 1.0, '_a2_': 1.0, '_a3_': 1.0, '_a5_': 1.0, '_a6_': 1.0}};{'d0': 0.024905832919416622};-280.569866449044;35.87361367813899
45473;-104.411319546383;(x * (pow2(((_a4_ * _a7_) + ((_a4_ + x) * _a1_))) + _a4_));{'d0': {'_a1_': -1.837596494868495, '_a4_': 1.446576089483665, '_a7_': 1.4413498391659316, '_a0_': 1.0, '_a2_': 1.0, '_a3_': 1.0, '_a5_': 1.0, '_a6_': 1.0}};{'d0': 0.024905832919416622};-280.569866449044;35.87361367813899
45474;-104.411319546383;(x * (pow2(((_a4_ * _a7_) + ((_a4_ + x) * _a1_))) + _a4_));{'d0': {'_a1_': -1.837596494868495, '_a4_': 1.446576089483665, '_a7_': 1.4413498391659316, '_a0_': 1.0, '_a2_': 1.0, '_a3_': 1.0, '_a5_': 1.0, '_a6_': 1.0}};{'d0': 0.024905832919416622};-280.569866449044;35.87361367813899
45475;-104.411319546383;(x * (pow2(((_a4_ * _a2_) + ((_a4_ + x) * _a1_))) + _a4_));{'d0': {'_a1_': -1.837596495217084, '_a2_': 1.4413498394848152, '_a4_': 1.4465760891109132, '_a0_': 1.0, '_a3_': 1.0, '_a5_': 1.0, '_a6_': 1.0, '_a7_': 1.0}};{'d0': 0.024905832919416615};-280.569866449044;35.87361367813899
45476;-104.411319546383;(x * (pow2(((_a4_ * _a2_) + ((_a4_ + x) * _a1_))) + _a4_));{'d0': {'_a1_': -1.837596495217084, '_a2_': 1.4413498394848152, '_a4_': 1.4465760891109132, '_a0_': 1.0, '_a3_': 1.0, '_a5_': 1.0, '_a6_': 1.0, '_a7_': 1.0}};{'d0': 0.024905832919416615};-280.569866449044;35.87361367813899
45477;-104.411319546383;(x * (pow2(((_a4_ * _a2_) + ((_a4_ + x) * _a1_))) + _a4_));{'d0': {'_a1_': -1.837596495217084, '_a2_': 1.4413498394848152, '_a4_': 1.4465760891109132, '_a0_': 1.0, '_a3_': 1.0, '_a5_': 1.0, '_a6_': 1.0, '_a7_': 1.0}};{'d0': 0.024905832919416615};-280.569866449044;35.87361367813899
45478;-89.3949525337206;((x * _a2_) + (((x * pow2((x + cos(pow2(log(_a3_)))))) * _a3_) / _a0_));{'d0': {'_a0_': 0.9072962814700825, '_a2_': 1.4465760897012119, '_a3_': 3.0637225873339067, '_a1_': 1.0, '_a4_': 1.0, '_a5_': 1.0, '_a6_': 1.0, '_a7_': 1.0}};{'d0': 0.02490583291941661};-280.569866449044;50.88998069080127
45479;-89.3949525337206;((x * _a2_) + (((x * pow2((x + cos(pow2(log(_a3_)))))) * _a3_) / _a0_));{'d0': {'_a0_': 0.9072962814700825, '_a2_': 1.4465760897012119, '_a3_': 3.0637225873339067, '_a1_': 1.0, '_a4_': 1.0, '_a5_': 1.0, '_a6_': 1.0, '_a7_': 1.0}};{'d0': 0.02490583291941661};-280.569866449044;50.88998069080127
45480;-89.3949525337206;((x * _a2_) + (((x * pow2((x + cos(pow2(log(_a3_)))))) * _a3_) / _a0_));{'d0': {'_a0_': 0.9072962814700825, '_a2_': 1.4465760897012119, '_a3_': 3.0637225873339067, '_a1_': 1.0, '_a4_': 1.0, '_a5_': 1.0, '_a6_': 1.0, '_a7_': 1.0}};{'d0': 0.02490583291941661};-280.569866449044;50.88998069080127
45481;-89.3949525337206;((x * _a2_) + (((x * pow2((x + cos(pow2(log(_a3_)))))) * _a3_) / _a0_));{'d0': {'_a0_': 0.9072962814700825, '_a2_': 1.4465760897012119, '_a3_': 3.0637225873339067, '_a1_': 1.0, '_a4_': 1.0, '_a5_': 1.0, '_a6_': 1.0, '_a7_': 1.0}};{'d0': 0.02490583291941661};-280.569866449044;50.88998069080127
45482;-89.3949525337206;((x * _a2_) + (((x * pow2((x + cos(pow2(log(_a3_)))))) * _a3_) / _a0_));{'d0': {'_a0_': 0.9072962814700825, '_a2_': 1.4465760897012119, '_a3_': 3.0637225873339067, '_a1_': 1.0, '_a4_': 1.0, '_a5_': 1.0, '_a6_': 1.0, '_a7_': 1.0}};{'d0': 0.02490583291941661};-280.569866449044;50.88998069080127
45483;-89.3949525337206;((x * _a2_) + (((x * pow2((x + cos(pow2(log(_a3_)))))) * _a3_) / _a0_));{'d0': {'_a0_': 0.9072962814700825, '_a2_': 1.4465760897012119, '_a3_': 3.0637225873339067, '_a1_': 1.0, '_a4_': 1.0, '_a5_': 1.0, '_a6_': 1.0, '_a7_': 1.0}};{'d0': 0.02490583291941661};-280.569866449044;50.88998069080127
45484;-89.3949525337206;((x * _a2_) + (((x * pow2((x + cos(pow2(log(_a3_)))))) * _a3_) / _a0_));{'d0': {'_a0_': 0.9072962814700825, '_a2_': 1.4465760897012119, '_a3_': 3.0637225873339067, '_a1_': 1.0, '_a4_': 1.0, '_a5_': 1.0, '_a6_': 1.0, '_a7_': 1.0}};{'d0': 0.02490583291941661};-280.569866449044;50.88998069080127
45485;-89.3949525337206;((x * _a2_) + (((x * pow2((x + cos(pow2(log(_a3_)))))) * _a3_) / _a0_));{'d0': {'_a0_': 0.9072962814700825, '_a2_': 1.4465760897012119, '_a3_': 3.0637225873339067, '_a1_': 1.0, '_a4_': 1.0, '_a5_': 1.0, '_a6_': 1.0, '_a7_': 1.0}};{'d0': 0.02490583291941661};-280.569866449044;50.88998069080127
45486;-89.3949525337206;((x * _a2_) + (((x * pow2((x + cos(pow2(log(_a3_)))))) * _a3_) / _a0_));{'d0': {'_a0_': 0.9072962814700825, '_a2_': 1.4465760897012119, '_a3_': 3.0637225873339067, '_a1_': 1.0, '_a4_': 1.0, '_a5_': 1.0, '_a6_': 1.0, '_a7_': 1.0}};{'d0': 0.02490583291941661};-280.569866449044;50.88998069080127
45487;-89.3949525337206;((x * _a2_) + (((x * pow2((x + cos(pow2(log(_a3_)))))) * _a3_) / _a0_));{'d0': {'_a0_': 0.9072962814700825, '_a2_': 1.4465760897012119, '_a3_': 3.0637225873339067, '_a1_': 1.0, '_a4_': 1.0, '_a5_': 1.0, '_a6_': 1.0, '_a7_': 1.0}};{'d0': 0.02490583291941661};-280.569866449044;50.88998069080127
45488;-89.3949525337206;((x * _a2_) + (((x * pow2((x + cos(pow2(log(_a3_)))))) * _a3_) / _a0_));{'d0': {'_a0_': 0.9072962814700825, '_a2_': 1.4465760897012119, '_a3_': 3.0637225873339067, '_a1_': 1.0, '_a4_': 1.0, '_a5_': 1.0, '_a6_': 1.0, '_a7_': 1.0}};{'d0': 0.02490583291941661};-280.569866449044;50.88998069080127
45489;-89.3949525337206;((x * _a2_) + (((x * pow2((x + cos(pow2(log(_a3_)))))) * _a3_) / _a0_));{'d0': {'_a0_': 0.9072962814700825, '_a2_': 1.4465760897012119, '_a3_': 3.0637225873339067, '_a1_': 1.0, '_a4_': 1.0, '_a5_': 1.0, '_a6_': 1.0, '_a7_': 1.0}};{'d0': 0.02490583291941661};-280.569866449044;50.88998069080127
45490;-89.3949525337206;((x * _a2_) + (((x * pow2((x + cos(pow2(log(_a3_)))))) * _a3_) / _a0_));{'d0': {'_a0_': 0.9072962814700825, '_a2_': 1.4465760897012119, '_a3_': 3.0637225873339067, '_a1_': 1.0, '_a4_': 1.0, '_a5_': 1.0, '_a6_': 1.0, '_a7_': 1.0}};{'d0': 0.02490583291941661};-280.569866449044;50.88998069080127
45491;-89.3949525337206;((x * _a2_) + (((x * pow2((x + cos(pow2(log(_a3_)))))) * _a3_) / _a0_));{'d0': {'_a0_': 0.9072962814700825, '_a2_': 1.4465760897012119, '_a3_': 3.0637225873339067, '_a1_': 1.0, '_a4_': 1.0, '_a5_': 1.0, '_a6_': 1.0, '_a7_': 1.0}};{'d0': 0.02490583291941661};-280.569866449044;50.88998069080127
45492;-89.3949525337206;((x * _a2_) + (((x * pow2((x + cos(pow2(log(_a3_)))))) * _a3_) / _a0_));{'d0': {'_a0_': 0.9072962814700825, '_a2_': 1.4465760897012119, '_a3_': 3.0637225873339067, '_a1_': 1.0, '_a4_': 1.0, '_a5_': 1.0, '_a6_': 1.0, '_a7_': 1.0}};{'d0': 0.02490583291941661};-280.569866449044;50.88998069080127
45493;-89.3949525337206;((x * _a2_) + (((x * pow2((x + cos(pow2(log(_a3_)))))) * _a3_) / _a0_));{'d0': {'_a0_': 0.9072962814700825, '_a2_': 1.4465760897012119, '_a3_': 3.0637225873339067, '_a1_': 1.0, '_a4_': 1.0, '_a5_': 1.0, '_a6_': 1.0, '_a7_': 1.0}};{'d0': 0.02490583291941661};-280.569866449044;50.88998069080127
45494;-84.4456126082635;((x * _a2_) + (((x * pow2((x + cos(pow2(log(_a3_)))))) * _a3_) / (_a5_ * _a3_)));{'d0': {'_a2_': 1.446576089317263, '_a3_': 3.06372258696655, '_a5_': 0.2961417861793328, '_a0_': 1.0, '_a1_': 1.0, '_a4_': 1.0, '_a6_': 1.0, '_a7_': 1.0}};{'d0': 0.024905832919416657};-280.569866449044;55.83932061625828
45495;-84.4456126082635;((x * _a2_) + (((x * pow2((x + cos(pow2(log(_a3_)))))) * _a3_) / (_a5_ * _a3_)));{'d0': {'_a2_': 1.446576089317263, '_a3_': 3.06372258696655, '_a5_': 0.2961417861793328, '_a0_': 1.0, '_a1_': 1.0, '_a4_': 1.0, '_a6_': 1.0, '_a7_': 1.0}};{'d0': 0.024905832919416657};-280.569866449044;55.83932061625828
45496;-84.4456126082635;((x * _a2_) + (((x * pow2((x + cos(pow2(log(_a3_)))))) * _a3_) / (_a5_ * _a3_)));{'d0': {'_a2_': 1.446576089317263, '_a3_': 3.06372258696655, '_a5_': 0.2961417861793328, '_a0_': 1.0, '_a1_': 1.0, '_a4_': 1.0, '_a6_': 1.0, '_a7_': 1.0}};{'d0': 0.024905832919416657};-280.569866449044;55.83932061625828
45497;-84.4456126082635;((x * _a2_) + (((x * pow2((x + cos(pow2(log(_a3_)))))) * _a3_) / (_a5_ * _a3_)));{'d0': {'_a2_': 1.446576089317263, '_a3_': 3.06372258696655, '_a5_': 0.2961417861793328, '_a0_': 1.0, '_a1_': 1.0, '_a4_': 1.0, '_a6_': 1.0, '_a7_': 1.0}};{'d0': 0.024905832919416657};-280.569866449044;55.83932061625828
45498;-84.4456126082635;((x * _a2_) + (((x * pow2((x + cos(pow2(log(_a3_)))))) * _a3_) / (_a5_ * _a3_)));{'d0': {'_a2_': 1.446576089317263, '_a3_': 3.06372258696655, '_a5_': 0.2961417861793328, '_a0_': 1.0, '_a1_': 1.0, '_a4_': 1.0, '_a6_': 1.0, '_a7_': 1.0}};{'d0': 0.024905832919416657};-280.569866449044;55.83932061625828
45499;-84.4456126082635;((x * _a2_) + (((x * pow2((x + cos(pow2(log(_a3_)))))) * _a3_) / (_a5_ * _a3_)));{'d0': {'_a2_': 1.446576089317263, '_a3_': 3.06372258696655, '_a5_': 0.2961417861793328, '_a0_': 1.0, '_a1_': 1.0, '_a4_': 1.0, '_a6_': 1.0, '_a7_': 1.0}};{'d0': 0.024905832919416657};-280.569866449044;55.83932061625828
45500;-84.4456126082635;((x * _a2_) + (((x * pow2((x + cos(pow2(log(_a3_)))))) * _a3_) / (_a5_ * _a3_)));{'d0': {'_a2_': 1.446576089317263, '_a3_': 3.06372258696655, '_a5_': 0.2961417861793328, '_a0_': 1.0, '_a1_': 1.0, '_a4_': 1.0, '_a6_': 1.0, '_a7_': 1.0}};{'d0': 0.024905832919416657};-280.569866449044;55.83932061625828
45501;-84.4456126082635;((x * _a2_) + (((x * pow2((x + cos(pow2(log(_a3_)))))) * _a3_) / (_a5_ * _a3_)));{'d0': {'_a2_': 1.446576089317263, '_a3_': 3.06372258696655, '_a5_': 0.2961417861793328, '_a0_': 1.0, '_a1_': 1.0, '_a4_': 1.0, '_a6_': 1.0, '_a7_': 1.0}};{'d0': 0.024905832919416657};-280.569866449044;55.83932061625828
45502;-84.4456126082635;((x * _a2_) + (((x * pow2((x + cos(pow2(log(_a3_)))))) * _a3_) / (_a5_ * _a3_)));{'d0': {'_a2_': 1.446576089317263, '_a3_': 3.06372258696655, '_a5_': 0.2961417861793328, '_a0_': 1.0, '_a1_': 1.0, '_a4_': 1.0, '_a6_': 1.0, '_a7_': 1.0}};{'d0': 0.024905832919416657};-280.569866449044;55.83932061625828
45503;-84.4456126082635;((x * _a2_) + (((x * pow2((x + cos(pow2(log(_a3_)))))) * _a3_) / (_a5_ * _a3_)));{'d0': {'_a2_': 1.446576089317263, '_a3_': 3.06372258696655, '_a5_': 0.2961417861793328, '_a0_': 1.0, '_a1_': 1.0, '_a4_': 1.0, '_a6_': 1.0, '_a7_': 1.0}};{'d0': 0.024905832919416657};-280.569866449044;55.83932061625828
45504;-84.4456126082635;((x * _a2_) + (((x * pow2((x + cos(pow2(log(_a3_)))))) * _a3_) / (_a5_ * _a3_)));{'d0': {'_a2_': 1.446576089317263, '_a3_': 3.06372258696655, '_a5_': 0.2961417861793328, '_a0_': 1.0, '_a1_': 1.0, '_a4_': 1.0, '_a6_': 1.0, '_a7_': 1.0}};{'d0': 0.024905832919416657};-280.569866449044;55.83932061625828
45505;-84.4456126082635;((x * _a2_) + (((x * pow2((x + cos(pow2(log(_a3_)))))) * _a3_) / (_a5_ * _a3_)));{'d0': {'_a2_': 1.446576089317263, '_a3_': 3.06372258696655, '_a5_': 0.2961417861793328, '_a0_': 1.0, '_a1_': 1.0, '_a4_': 1.0, '_a6_': 1.0, '_a7_': 1.0}};{'d0': 0.024905832919416657};-280.569866449044;55.83932061625828
45506;-82.7314041876205;((x * _a2_) + (((x * pow2((x + cos(pow2(log(_a3_)))))) * _a3_) / (_a5_ ** _a3_)));{'d0': {'_a2_': 1.4465760892312711, '_a3_': 3.063722587375789, '_a5_': 0.9687446190851128, '_a0_': 1.0, '_a1_': 1.0, '_a4_': 1.0, '_a6_': 1.0, '_a7_': 1.0}};{'d0': 0.024905832919416636};-280.569866449044;57.553529036901274
45507;-82.7314041876205;((x * _a2_) + (((x * pow2((x + cos(pow2(log(_a3_)))))) * _a3_) / (_a5_ ** _a3_)));{'d0': {'_a2_': 1.4465760892312711, '_a3_': 3.063722587375789, '_a5_': 0.9687446190851128, '_a0_': 1.0, '_a1_': 1.0, '_a4_': 1.0, '_a6_': 1.0, '_a7_': 1.0}};{'d0': 0.024905832919416636};-280.569866449044;57.553529036901274
45508;-82.7314041876205;((x * _a2_) + (((x * pow2((x + cos(pow2(log(_a3_)))))) * _a3_) / (_a5_ ** _a3_)));{'d0': {'_a2_': 1.4465760892312711, '_a3_': 3.063722587375789, '_a5_': 0.9687446190851128, '_a0_': 1.0, '_a1_': 1.0, '_a4_': 1.0, '_a6_': 1.0, '_a7_': 1.0}};{'d0': 0.024905832919416636};-280.569866449044;57.553529036901274
45509;-82.7314041876205;((x * _a2_) + (((x * pow2((x + cos(pow2(log(_a3_)))))) * _a3_) / (_a5_ ** _a3_)));{'d0': {'_a2_': 1.4465760892312711, '_a3_': 3.063722587375789, '_a5_': 0.9687446190851128, '_a0_': 1.0, '_a1_': 1.0, '_a4_': 1.0, '_a6_': 1.0, '_a7_': 1.0}};{'d0': 0.024905832919416636};-280.569866449044;57.553529036901274
45510;-82.7314041876205;((x * _a2_) + (((x * pow2((x + cos(pow2(log(_a3_)))))) * _a3_) / (_a5_ ** _a3_)));{'d0': {'_a2_': 1.4465760892312711, '_a3_': 3.063722587375789, '_a5_': 0.9687446190851128, '_a0_': 1.0, '_a1_': 1.0, '_a4_': 1.0, '_a6_': 1.0, '_a7_': 1.0}};{'d0': 0.024905832919416636};-280.569866449044;57.553529036901274
45511;-82.7314041876205;((x * _a2_) + (((x * pow2((x + cos(pow2(log(_a3_)))))) * _a3_) / (_a5_ ** _a3_)));{'d0': {'_a2_': 1.4465760892312711, '_a3_': 3.063722587375789, '_a5_': 0.9687446190851128, '_a0_': 1.0, '_a1_': 1.0, '_a4_': 1.0, '_a6_': 1.0, '_a7_': 1.0}};{'d0': 0.024905832919416636};-280.569866449044;57.553529036901274
45512;-82.7314041876205;((x * _a2_) + (((x * pow2((x + cos(pow2(log(_a3_)))))) * _a3_) / (_a5_ ** _a3_)));{'d0': {'_a2_': 1.4465760892312711, '_a3_': 3.063722587375789, '_a5_': 0.9687446190851128, '_a0_': 1.0, '_a1_': 1.0, '_a4_': 1.0, '_a6_': 1.0, '_a7_': 1.0}};{'d0': 0.024905832919416636};-280.569866449044;57.553529036901274
45513;-82.7314041876205;((x * _a2_) + (((x * pow2((x + cos(pow2(log(_a3_)))))) * _a3_) / (_a5_ ** _a3_)));{'d0': {'_a2_': 1.4465760892312711, '_a3_': 3.063722587375789, '_a5_': 0.9687446190851128, '_a0_': 1.0, '_a1_': 1.0, '_a4_': 1.0, '_a6_': 1.0, '_a7_': 1.0}};{'d0': 0.024905832919416636};-280.569866449044;57.553529036901274
45514;-104.411319546383;(x * (pow2(((x * _a0_) + ((_a4_ + _a0_) * _a1_))) + _a4_));{'d0': {'_a0_': 1.837596494523163, '_a1_': 0.1745343530810587, '_a4_': 1.4465760894382762, '_a2_': 1.0, '_a3_': 1.0, '_a5_': 1.0, '_a6_': 1.0, '_a7_': 1.0}};{'d0': 0.024905832919416594};-280.569866449044;35.873613678138994
45515;-104.411319546383;(x * (pow2(((x * _a0_) + ((_a4_ + _a0_) * _a1_))) + _a4_));{'d0': {'_a0_': 1.837596494523163, '_a1_': 0.1745343530810587, '_a4_': 1.4465760894382762, '_a2_': 1.0, '_a3_': 1.0, '_a5_': 1.0, '_a6_': 1.0, '_a7_': 1.0}};{'d0': 0.024905832919416594};-280.569866449044;35.873613678138994
45516;-104.411319546383;(x * (pow2(((x * _a0_) + ((_a4_ + _a0_) * _a1_))) + _a4_));{'d0': {'_a0_': 1.837596494523163, '_a1_': 0.1745343530810587, '_a4_': 1.4465760894382762, '_a2_': 1.0, '_a3_': 1.0, '_a5_': 1.0, '_a6_': 1.0, '_a7_': 1.0}};{'d0': 0.024905832919416594};-280.569866449044;35.873613678138994
45517;-104.411319546383;(x * (pow2(((x * _a0_) + ((_a4_ + _a0_) * _a1_))) + _a4_));{'d0': {'_a0_': 1.837596494523163, '_a1_': 0.1745343530810587, '_a4_': 1.4465760894382762, '_a2_': 1.0, '_a3_': 1.0, '_a5_': 1.0, '_a6_': 1.0, '_a7_': 1.0}};{'d0': 0.024905832919416594};-280.569866449044;35.873613678138994
45518;-104.411319546383;(x * (pow2(((x * _a0_) + ((_a4_ + _a0_) * _a1_))) + _a4_));{'d0': {'_a0_': 1.837596494523163, '_a1_': 0.1745343530810587, '_a4_': 1.4465760894382762, '_a2_': 1.0, '_a3_': 1.0, '_a5_': 1.0, '_a6_': 1.0, '_a7_': 1.0}};{'d0': 0.024905832919416594};-280.569866449044;35.873613678138994
45519;-104.411319546383;(x * (pow2(((x * _a0_) + ((_a4_ + _a0_) * _a1_))) + _a4_));{'d0': {'_a0_': 1.837596494523163, '_a1_': 0.1745343530810587, '_a4_': 1.4465760894382762, '_a2_': 1.0, '_a3_': 1.0, '_a5_': 1.0, '_a6_': 1.0, '_a7_': 1.0}};{'d0': 0.024905832919416594};-280.569866449044;35.873613678138994
45520;-104.411319546383;(x * (pow2(((x * _a0_) + ((_a4_ + _a0_) * _a1_))) + _a4_));{'d0': {'_a0_': 1.837596494523163, '_a1_': 0.1745343530810587, '_a4_': 1.4465760894382762, '_a2_': 1.0, '_a3_': 1.0, '_a5_': 1.0, '_a6_': 1.0, '_a7_': 1.0}};{'d0': 0.024905832919416594};-280.569866449044;35.873613678138994
45521;-104.411319546383;(x * (pow2(((x * _a0_) + ((_a4_ + _a0_) * _a1_))) + _a4_));{'d0': {'_a0_': 1.837596494523163, '_a1_': 0.1745343530810587, '_a4_': 1.4465760894382762, '_a2_': 1.0, '_a3_': 1.0, '_a5_': 1.0, '_a6_': 1.0, '_a7_': 1.0}};{'d0': 0.024905832919416594};-280.569866449044;35.873613678138994
45522;-104.411319546383;(x * (pow2(((x * _a0_) + ((_a4_ + _a0_) * _a1_))) + _a4_));{'d0': {'_a0_': 1.837596494523163, '_a1_': 0.1745343530810587, '_a4_': 1.4465760894382762, '_a2_': 1.0, '_a3_': 1.0, '_a5_': 1.0, '_a6_': 1.0, '_a7_': 1.0}};{'d0': 0.024905832919416594};-280.569866449044;35.873613678138994
45523;-93.4902721142268;((_a0_ + -(((-(pow2((-((_a7_ + x)) / _a7_))) * _a5_) * _a7_))) * x);{'d0': {'_a0_': 1.4465760890647363, '_a5_': 1.0533120347399272, '_a7_': 0.3119297078568074, '_a1_': 1.0, '_a2_': 1.0, '_a3_': 1.0, '_a4_': 1.0, '_a6_': 1.0}};{'d0': 0.02490583291941662};-280.569866449044;46.794661110295024
45524;-93.4902721142268;((_a0_ + -(((-(pow2((-((_a7_ + x)) / _a7_))) * _a5_) * _a7_))) * x);{'d0': {'_a0_': 1.4465760890647363, '_a5_': 1.0533120347399272, '_a7_': 0.3119297078568074, '_a1_': 1.0, '_a2_': 1.0, '_a3_': 1.0, '_a4_': 1.0, '_a6_': 1.0}};{'d0': 0.02490583291941662};-280.569866449044;46.794661110295024
45525;-93.4902721142268;((_a0_ + -(((-(pow2((-((_a7_ + x)) / _a7_))) * _a5_) * _a7_))) * x);{'d0': {'_a0_': 1.4465760890647363, '_a5_': 1.0533120347399272, '_a7_': 0.3119297078568074, '_a1_': 1.0, '_a2_': 1.0, '_a3_': 1.0, '_a4_': 1.0, '_a6_': 1.0}};{'d0': 0.02490583291941662};-280.569866449044;46.794661110295024
45526;-93.4902721142268;((_a0_ + -(((-(pow2((-((_a7_ + x)) / _a7_))) * _a5_) * _a7_))) * x);{'d0': {'_a0_': 1.4465760890647363, '_a5_': 1.0533120347399272, '_a7_': 0.3119297078568074, '_a1_': 1.0, '_a2_': 1.0, '_a3_': 1.0, '_a4_': 1.0, '_a6_': 1.0}};{'d0': 0.02490583291941662};-280.569866449044;46.794661110295024
45527;-93.4902721142268;((_a0_ + -(((-(pow2((-((_a7_ + x)) / _a7_))) * _a5_) * _a7_))) * x);{'d0': {'_a0_': 1.4465760890647363, '_a5_': 1.0533120347399272, '_a7_': 0.3119297078568074, '_a1_': 1.0, '_a2_': 1.0, '_a3_': 1.0, '_a4_': 1.0, '_a6_': 1.0}};{'d0': 0.02490583291941662};-280.569866449044;46.794661110295024
45528;-93.4902721142268;((_a0_ + -(((-(pow2((-((_a7_ + x)) / _a7_))) * _a5_) * _a7_))) * x);{'d0': {'_a0_': 1.4465760890647363, '_a5_': 1.0533120347399272, '_a7_': 0.3119297078568074, '_a1_': 1.0, '_a2_': 1.0, '_a3_': 1.0, '_a4_': 1.0, '_a6_': 1.0}};{'d0': 0.02490583291941662};-280.569866449044;46.794661110295024
45529;-93.4902721142268;((_a0_ + -(((-(pow2((-((_a7_ + x)) / _a7_))) * _a5_) * _a7_))) * x);{'d0': {'_a0_': 1.4465760890647363, '_a5_': 1.0533120347399272, '_a7_': 0.3119297078568074, '_a1_': 1.0, '_a2_': 1.0, '_a3_': 1.0, '_a4_': 1.0, '_a6_': 1.0}};{'d0': 0.02490583291941662};-280.569866449044;46.794661110295024
45530;-94.9130933073703;(((pow2((_a0_ * (pow2((_a0_ + _a0_)) + x))) + _a2_) * (_a1_ / _a0_)) * x);{'d0': {'_a0_': 0.2792533382244467, '_a1_': 12.092105692808826, '_a2_': 0.03340701875228711, '_a3_': 1.0, '_a4_': 1.0, '_a5_': 1.0, '_a6_': 1.0, '_a7_': 1.0}};{'d0': 0.02490583291941669};-280.569866449043;45.37183991715129
45531;-94.9130933073703;(((pow2((_a0_ * (pow2((_a0_ + _a0_)) + x))) + _a2_) * (_a1_ / _a0_)) * x);{'d0': {'_a0_': 0.2792533382244467, '_a1_': 12.092105692808826, '_a2_': 0.03340701875228711, '_a3_': 1.0, '_a4_': 1.0, '_a5_': 1.0, '_a6_': 1.0, '_a7_': 1.0}};{'d0': 0.02490583291941669};-280.569866449043;45.37183991715129
45532;-91.2151588347604;(((pow2((_a0_ * (pow2((_a0_ + _a0_)) + x))) + pow2(_a7_)) * (_a1_ / _a0_)) * x);{'d0': {'_a0_': 0.27925333832276356, '_a1_': 12.092105673207053, '_a7_': 0.1827758705771169, '_a2_': 1.0, '_a3_': 1.0, '_a4_': 1.0, '_a5_': 1.0, '_a6_': 1.0}};{'d0': 0.024905832919416608};-280.569866449044;49.06977438976129
45533;-91.2151588347604;(((pow2((_a0_ * (pow2((_a0_ + _a0_)) + x))) + pow2(_a7_)) * (_a1_ / _a0_)) * x);{'d0': {'_a0_': 0.27925333832276356, '_a1_': 12.092105673207053, '_a7_': 0.1827758705771169, '_a2_': 1.0, '_a3_': 1.0, '_a4_': 1.0, '_a5_': 1.0, '_a6_': 1.0}};{'d0': 0.024905832919416608};-280.569866449044;49.06977438976129
45534;-91.6561185710527;(((pow2((_a0_ * (pow2((_a0_ + _a0_)) + x))) + pow2(_a7_)) * log(_a2_)) * x);{'d0': {'_a0_': 0.2792533383418565, '_a2_': 6.391890427396838e+18, '_a7_': 0.18277587058656275, '_a1_': 1.0, '_a3_': 1.0, '_a4_': 1.0, '_a5_': 1.0, '_a6_': 1.0}};{'d0': 0.024905832919416677};-280.569866449043;48.62881465346889
45535;-91.6561185710527;(((pow2((_a0_ * (pow2((_a0_ + _a0_)) + x))) + pow2(_a7_)) * log(_a2_)) * x);{'d0': {'_a0_': 0.2792533383418565, '_a2_': 6.391890427396838e+18, '_a7_': 0.18277587058656275, '_a1_': 1.0, '_a3_': 1.0, '_a4_': 1.0, '_a5_': 1.0, '_a6_': 1.0}};{'d0': 0.024905832919416677};-280.569866449043;48.62881465346889
45536;-91.6561185710527;(((pow2((_a0_ * (pow2((_a0_ + _a0_)) + x))) + pow2(_a7_)) * log(_a2_)) * x);{'d0': {'_a0_': 0.2792533383418565, '_a2_': 6.391890427396838e+18, '_a7_': 0.18277587058656275, '_a1_': 1.0, '_a3_': 1.0, '_a4_': 1.0, '_a5_': 1.0, '_a6_': 1.0}};{'d0': 0.024905832919416677};-280.569866449043;48.62881465346889
45537;-91.6561185710527;(((pow2((_a0_ * (pow2((_a0_ + _a0_)) + x))) + pow2(_a7_)) * log(_a2_)) * x);{'d0': {'_a0_': 0.2792533383418565, '_a2_': 6.391890427396838e+18, '_a7_': 0.18277587058656275, '_a1_': 1.0, '_a3_': 1.0, '_a4_': 1.0, '_a5_': 1.0, '_a6_': 1.0}};{'d0': 0.024905832919416677};-280.569866449043;48.62881465346889
45538;-86.7067786455951;((((pow2((_a0_ * (pow2((_a0_ + _a0_)) + x))) + pow2(_a7_)) * log(_a2_)) * x) * _a0_);{'d0': {'_a0_': 0.27925333901547184, '_a2_': 2.2005934301444193e+67, '_a7_': 0.18277587226544031, '_a1_': 1.0, '_a3_': 1.0, '_a4_': 1.0, '_a5_': 1.0, '_a6_': 1.0}};{'d0': 0.024905832919417194};-280.569866449042;53.57815457892589
45539;-86.7067786455951;((((pow2((_a0_ * (pow2((_a0_ + _a0_)) + x))) + pow2(_a7_)) * log(_a2_)) * x) * _a0_);{'d0': {'_a0_': 0.27925333901547184, '_a2_': 2.2005934301444193e+67, '_a7_': 0.18277587226544031, '_a1_': 1.0, '_a3_': 1.0, '_a4_': 1.0, '_a5_': 1.0, '_a6_': 1.0}};{'d0': 0.024905832919417194};-280.569866449042;53.57815457892589
45540;-86.7067786455951;((((pow2((_a0_ * (pow2((_a0_ + _a0_)) + x))) + pow2(_a7_)) * log(_a2_)) * x) * _a0_);{'d0': {'_a0_': 0.27925333901547184, '_a2_': 2.2005934301444193e+67, '_a7_': 0.18277587226544031, '_a1_': 1.0, '_a3_': 1.0, '_a4_': 1.0, '_a5_': 1.0, '_a6_': 1.0}};{'d0': 0.024905832919417194};-280.569866449042;53.57815457892589
45541;-86.7067786455951;((((pow2((_a0_ * (pow2((_a0_ + _a0_)) + x))) + pow2(_a7_)) * log(_a2_)) * x) * _a0_);{'d0': {'_a0_': 0.27925333901547184, '_a2_': 2.2005934301444193e+67, '_a7_': 0.18277587226544031, '_a1_': 1.0, '_a3_': 1.0, '_a4_': 1.0, '_a5_': 1.0, '_a6_': 1.0}};{'d0': 0.024905832919417194};-280.569866449042;53.57815457892589
45542;-86.7067786455951;((((pow2((_a0_ * (pow2((_a0_ + _a0_)) + x))) + pow2(_a7_)) * log(_a2_)) * x) * _a0_);{'d0': {'_a0_': 0.27925333901547184, '_a2_': 2.2005934301444193e+67, '_a7_': 0.18277587226544031, '_a1_': 1.0, '_a3_': 1.0, '_a4_': 1.0, '_a5_': 1.0, '_a6_': 1.0}};{'d0': 0.024905832919417194};-280.569866449042;53.57815457892589
45543;-86.7067786455951;((((pow2((_a0_ * (pow2((_a0_ + _a0_)) + x))) + pow2(_a7_)) * log(_a2_)) * x) * _a0_);{'d0': {'_a0_': 0.27925333901547184, '_a2_': 2.2005934301444193e+67, '_a7_': 0.18277587226544031, '_a1_': 1.0, '_a3_': 1.0, '_a4_': 1.0, '_a5_': 1.0, '_a6_': 1.0}};{'d0': 0.024905832919417194};-280.569866449042;53.57815457892589
45544;-86.7067786455951;((((pow2((_a0_ * (pow2((_a0_ + _a0_)) + x))) + pow2(_a7_)) * log(_a2_)) * x) * _a0_);{'d0': {'_a0_': 0.27925333901547184, '_a2_': 2.2005934301444193e+67, '_a7_': 0.18277587226544031, '_a1_': 1.0, '_a3_': 1.0, '_a4_': 1.0, '_a5_': 1.0, '_a6_': 1.0}};{'d0': 0.024905832919417194};-280.569866449042;53.57815457892589
45545;-86.7067786455951;((((pow2((_a0_ * (pow2((_a0_ + _a0_)) + x))) + pow2(_a7_)) * log(_a2_)) * x) * _a0_);{'d0': {'_a0_': 0.27925333901547184, '_a2_': 2.2005934301444193e+67, '_a7_': 0.18277587226544031, '_a1_': 1.0, '_a3_': 1.0, '_a4_': 1.0, '_a5_': 1.0, '_a6_': 1.0}};{'d0': 0.024905832919417194};-280.569866449042;53.57815457892589
45546;-86.7067786455951;((((pow2((_a0_ * (pow2((_a0_ + _a0_)) + x))) + pow2(_a7_)) * log(_a2_)) * x) * _a0_);{'d0': {'_a0_': 0.27925333901547184, '_a2_': 2.2005934301444193e+67, '_a7_': 0.18277587226544031, '_a1_': 1.0, '_a3_': 1.0, '_a4_': 1.0, '_a5_': 1.0, '_a6_': 1.0}};{'d0': 0.024905832919417194};-280.569866449042;53.57815457892589
45547;-86.7067786455951;((((pow2((_a0_ * (pow2((_a0_ + _a0_)) + x))) + pow2(_a7_)) * log(_a2_)) * x) * _a0_);{'d0': {'_a0_': 0.27925333901547184, '_a2_': 2.2005934301444193e+67, '_a7_': 0.18277587226544031, '_a1_': 1.0, '_a3_': 1.0, '_a4_': 1.0, '_a5_': 1.0, '_a6_': 1.0}};{'d0': 0.024905832919417194};-280.569866449042;53.57815457892589
45548;-86.7067786455951;((((pow2((_a0_ * (pow2((_a0_ + _a0_)) + x))) + pow2(_a7_)) * log(_a2_)) * x) * _a0_);{'d0': {'_a0_': 0.27925333901547184, '_a2_': 2.2005934301444193e+67, '_a7_': 0.18277587226544031, '_a1_': 1.0, '_a3_': 1.0, '_a4_': 1.0, '_a5_': 1.0, '_a6_': 1.0}};{'d0': 0.024905832919417194};-280.569866449042;53.57815457892589
45549;-86.7067786455951;((((pow2((_a0_ * (pow2((_a0_ + _a0_)) + x))) + pow2(_a7_)) * log(_a2_)) * x) * _a0_);{'d0': {'_a0_': 0.27925333901547184, '_a2_': 2.2005934301444193e+67, '_a7_': 0.18277587226544031, '_a1_': 1.0, '_a3_': 1.0, '_a4_': 1.0, '_a5_': 1.0, '_a6_': 1.0}};{'d0': 0.024905832919417194};-280.569866449042;53.57815457892589
45550;-86.7067786455951;((((pow2((_a0_ * (pow2((_a0_ + _a0_)) + x))) + pow2(_a7_)) * log(_a2_)) * x) * _a0_);{'d0': {'_a0_': 0.27925333901547184, '_a2_': 2.2005934301444193e+67, '_a7_': 0.18277587226544031, '_a1_': 1.0, '_a3_': 1.0, '_a4_': 1.0, '_a5_': 1.0, '_a6_': 1.0}};{'d0': 0.024905832919417194};-280.569866449042;53.57815457892589
45551;-86.7067786455951;((((pow2((_a0_ * (pow2((_a0_ + _a0_)) + x))) + pow2(_a7_)) * log(_a2_)) * x) * _a0_);{'d0': {'_a0_': 0.27925333901547184, '_a2_': 2.2005934301444193e+67, '_a7_': 0.18277587226544031, '_a1_': 1.0, '_a3_': 1.0, '_a4_': 1.0, '_a5_': 1.0, '_a6_': 1.0}};{'d0': 0.024905832919417194};-280.569866449042;53.57815457892589
45552;-91.6561185710527;(((pow2((_a0_ * (pow2((_a0_ + _a0_)) + x))) + pow2(_a7_)) * log(_a2_)) * x);{'d0': {'_a0_': 0.2792533383418565, '_a2_': 6.391890427396838e+18, '_a7_': 0.18277587058656275, '_a1_': 1.0, '_a3_': 1.0, '_a4_': 1.0, '_a5_': 1.0, '_a6_': 1.0}};{'d0': 0.024905832919416677};-280.569866449043;48.62881465346889
45553;-92.2940516728196;((_a0_ + -(((-(pow2((-((_a7_ + x)) * _a1_))) * _a5_) * _a7_))) * x);{'d0': {'_a0_': 1.4465760892467368, '_a1_': 0.1456081724818374, '_a5_': 510.5895932323998, '_a7_': 0.31192970774676376, '_a2_': 1.0, '_a3_': 1.0, '_a4_': 1.0, '_a6_': 1.0}};{'d0': 0.024905832920447263};-276.475521884339;45.943709269349625
45554;-92.2940516728196;((_a0_ + -(((-(pow2((-((_a7_ + x)) * _a1_))) * _a5_) * _a7_))) * x);{'d0': {'_a0_': 1.4465760892467368, '_a1_': 0.1456081724818374, '_a5_': 510.5895932323998, '_a7_': 0.31192970774676376, '_a2_': 1.0, '_a3_': 1.0, '_a4_': 1.0, '_a6_': 1.0}};{'d0': 0.024905832920447263};-276.475521884339;45.943709269349625
45555;-92.2940516728196;((_a0_ + -(((-(pow2((-((_a7_ + x)) * _a1_))) * _a5_) * _a7_))) * x);{'d0': {'_a0_': 1.4465760892467368, '_a1_': 0.1456081724818374, '_a5_': 510.5895932323998, '_a7_': 0.31192970774676376, '_a2_': 1.0, '_a3_': 1.0, '_a4_': 1.0, '_a6_': 1.0}};{'d0': 0.024905832920447263};-276.475521884339;45.943709269349625
45556;-92.2940516728196;((_a0_ + -(((-(pow2((-((_a7_ + x)) * _a1_))) * _a5_) * _a7_))) * x);{'d0': {'_a0_': 1.4465760892467368, '_a1_': 0.1456081724818374, '_a5_': 510.5895932323998, '_a7_': 0.31192970774676376, '_a2_': 1.0, '_a3_': 1.0, '_a4_': 1.0, '_a6_': 1.0}};{'d0': 0.024905832920447263};-276.475521884339;45.943709269349625
45557;-92.2940516728196;((_a0_ + -(((-(pow2((-((_a7_ + x)) * _a1_))) * _a5_) * _a7_))) * x);{'d0': {'_a0_': 1.4465760892467368, '_a1_': 0.1456081724818374, '_a5_': 510.5895932323998, '_a7_': 0.31192970774676376, '_a2_': 1.0, '_a3_': 1.0, '_a4_': 1.0, '_a6_': 1.0}};{'d0': 0.024905832920447263};-276.475521884339;45.943709269349625
45558;-92.2940516728196;((_a0_ + -(((-(pow2((-((_a7_ + x)) * _a1_))) * _a5_) * _a7_))) * x);{'d0': {'_a0_': 1.4465760892467368, '_a1_': 0.1456081724818374, '_a5_': 510.5895932323998, '_a7_': 0.31192970774676376, '_a2_': 1.0, '_a3_': 1.0, '_a4_': 1.0, '_a6_': 1.0}};{'d0': 0.024905832920447263};-276.475521884339;45.943709269349625
45559;-92.2940516728196;((_a0_ + -(((-(pow2((-((_a7_ + x)) * _a1_))) * _a5_) * _a7_))) * x);{'d0': {'_a0_': 1.4465760892467368, '_a1_': 0.1456081724818374, '_a5_': 510.5895932323998, '_a7_': 0.31192970774676376, '_a2_': 1.0, '_a3_': 1.0, '_a4_': 1.0, '_a6_': 1.0}};{'d0': 0.024905832920447263};-276.475521884339;45.943709269349625
45560;-92.2940516728196;((_a0_ + -(((-(pow2((-((_a7_ + x)) * _a1_))) * _a5_) * _a7_))) * x);{'d0': {'_a0_': 1.4465760892467368, '_a1_': 0.1456081724818374, '_a5_': 510.5895932323998, '_a7_': 0.31192970774676376, '_a2_': 1.0, '_a3_': 1.0, '_a4_': 1.0, '_a6_': 1.0}};{'d0': 0.024905832920447263};-276.475521884339;45.943709269349625
45561;-92.2940516728196;((_a0_ + -(((-(pow2((-((_a7_ + x)) * _a1_))) * _a5_) * _a7_))) * x);{'d0': {'_a0_': 1.4465760892467368, '_a1_': 0.1456081724818374, '_a5_': 510.5895932323998, '_a7_': 0.31192970774676376, '_a2_': 1.0, '_a3_': 1.0, '_a4_': 1.0, '_a6_': 1.0}};{'d0': 0.024905832920447263};-276.475521884339;45.943709269349625
45562;-92.2940516728196;((_a0_ + -(((-(pow2((-((_a7_ + x)) * _a1_))) * _a5_) * _a7_))) * x);{'d0': {'_a0_': 1.4465760892467368, '_a1_': 0.1456081724818374, '_a5_': 510.5895932323998, '_a7_': 0.31192970774676376, '_a2_': 1.0, '_a3_': 1.0, '_a4_': 1.0, '_a6_': 1.0}};{'d0': 0.024905832920447263};-276.475521884339;45.943709269349625
45563;-92.2940516728196;((_a0_ + -(((-(pow2((-((_a7_ + x)) * _a1_))) * _a5_) * _a7_))) * x);{'d0': {'_a0_': 1.4465760892467368, '_a1_': 0.1456081724818374, '_a5_': 510.5895932323998, '_a7_': 0.31192970774676376, '_a2_': 1.0, '_a3_': 1.0, '_a4_': 1.0, '_a6_': 1.0}};{'d0': 0.024905832920447263};-276.475521884339;45.943709269349625
45564;-92.2940516728196;((_a0_ + -(((-(pow2((-((_a7_ + x)) * _a1_))) * _a5_) * _a7_))) * x);{'d0': {'_a0_': 1.4465760892467368, '_a1_': 0.1456081724818374, '_a5_': 510.5895932323998, '_a7_': 0.31192970774676376, '_a2_': 1.0, '_a3_': 1.0, '_a4_': 1.0, '_a6_': 1.0}};{'d0': 0.024905832920447263};-276.475521884339;45.943709269349625
45565;-92.2940516728196;((_a0_ + -(((-(pow2((-((_a7_ + x)) * _a1_))) * _a5_) * _a7_))) * x);{'d0': {'_a0_': 1.4465760892467368, '_a1_': 0.1456081724818374, '_a5_': 510.5895932323998, '_a7_': 0.31192970774676376, '_a2_': 1.0, '_a3_': 1.0, '_a4_': 1.0, '_a6_': 1.0}};{'d0': 0.024905832920447263};-276.475521884339;45.943709269349625
45566;-92.2940516728196;((_a0_ + -(((-(pow2((-((_a7_ + x)) * _a1_))) * _a5_) * _a7_))) * x);{'d0': {'_a0_': 1.4465760892467368, '_a1_': 0.1456081724818374, '_a5_': 510.5895932323998, '_a7_': 0.31192970774676376, '_a2_': 1.0, '_a3_': 1.0, '_a4_': 1.0, '_a6_': 1.0}};{'d0': 0.024905832920447263};-276.475521884339;45.943709269349625
45567;-88.5409321887697;(((_a5_ / _a1_) + -(((-(pow2((-((_a7_ + x)) * _a1_))) * _a5_) * _a7_))) * x);{'d0': {'_a1_': 1.9559935982470749, '_a5_': 2.829493569646054, '_a7_': 0.3119297076584079, '_a0_': 1.0, '_a2_': 1.0, '_a3_': 1.0, '_a4_': 1.0, '_a6_': 1.0}};{'d0': 0.02490583291941664};-280.569866449044;51.74400103575203
45568;-104.586813841632;(x * (pow2(((x * _a0_) + (pow2(_a5_) * _a1_))) + _a4_));{'d0': {'_a0_': 1.8375964951153911, '_a1_': 0.5830656935110375, '_a4_': 1.4465760891985278, '_a5_': 0.9915045011978794, '_a2_': 1.0, '_a3_': 1.0, '_a6_': 1.0, '_a7_': 1.0}};{'d0': 0.02490583291946604};-276.475521886702;33.650947101719
45569;-104.586813841632;(x * (pow2(((x * _a0_) + (pow2(_a5_) * _a1_))) + _a4_));{'d0': {'_a0_': 1.8375964951153911, '_a1_': 0.5830656935110375, '_a4_': 1.4465760891985278, '_a5_': 0.9915045011978794, '_a2_': 1.0, '_a3_': 1.0, '_a6_': 1.0, '_a7_': 1.0}};{'d0': 0.02490583291946604};-276.475521886702;33.650947101719
45570;-104.586813841632;(x * (pow2(((x * _a0_) + (pow2(_a5_) * _a1_))) + _a4_));{'d0': {'_a0_': 1.8375964951153911, '_a1_': 0.5830656935110375, '_a4_': 1.4465760891985278, '_a5_': 0.9915045011978794, '_a2_': 1.0, '_a3_': 1.0, '_a6_': 1.0, '_a7_': 1.0}};{'d0': 0.02490583291946604};-276.475521886702;33.650947101719
45571;-104.586813841632;(x * (pow2(((x * _a0_) + (pow2(_a5_) * _a1_))) + _a4_));{'d0': {'_a0_': 1.8375964951153911, '_a1_': 0.5830656935110375, '_a4_': 1.4465760891985278, '_a5_': 0.9915045011978794, '_a2_': 1.0, '_a3_': 1.0, '_a6_': 1.0, '_a7_': 1.0}};{'d0': 0.02490583291946604};-276.475521886702;33.650947101719
45572;-104.586813841632;(x * (pow2(((x * _a0_) + (pow2(_a5_) * _a1_))) + _a4_));{'d0': {'_a0_': 1.8375964951153911, '_a1_': 0.5830656935110375, '_a4_': 1.4465760891985278, '_a5_': 0.9915045011978794, '_a2_': 1.0, '_a3_': 1.0, '_a6_': 1.0, '_a7_': 1.0}};{'d0': 0.02490583291946604};-276.475521886702;33.650947101719
45573;-104.586813841632;(x * (pow2(((x * _a0_) + (pow2(_a5_) * _a1_))) + _a4_));{'d0': {'_a0_': 1.8375964951153911, '_a1_': 0.5830656935110375, '_a4_': 1.4465760891985278, '_a5_': 0.9915045011978794, '_a2_': 1.0, '_a3_': 1.0, '_a6_': 1.0, '_a7_': 1.0}};{'d0': 0.02490583291946604};-276.475521886702;33.650947101719
45574;-88.5409321887697;(((_a5_ / _a1_) + -(((-(pow2((-((_a7_ + x)) * _a1_))) * _a5_) * _a7_))) * x);{'d0': {'_a1_': 1.9559935982470749, '_a5_': 2.829493569646054, '_a7_': 0.3119297076584079, '_a0_': 1.0, '_a2_': 1.0, '_a3_': 1.0, '_a4_': 1.0, '_a6_': 1.0}};{'d0': 0.02490583291941664};-280.569866449044;51.74400103575203
45575;-88.5409321887697;(((_a5_ / _a1_) + -(((-(pow2((-((_a7_ + x)) * _a1_))) * _a5_) * _a7_))) * x);{'d0': {'_a1_': 1.9559935982470749, '_a5_': 2.829493569646054, '_a7_': 0.3119297076584079, '_a0_': 1.0, '_a2_': 1.0, '_a3_': 1.0, '_a4_': 1.0, '_a6_': 1.0}};{'d0': 0.02490583291941664};-280.569866449044;51.74400103575203
45576;-88.5409321887697;(((_a5_ / _a1_) + -(((-(pow2((-((_a7_ + x)) * _a1_))) * _a5_) * _a7_))) * x);{'d0': {'_a1_': 1.9559935982470749, '_a5_': 2.829493569646054, '_a7_': 0.3119297076584079, '_a0_': 1.0, '_a2_': 1.0, '_a3_': 1.0, '_a4_': 1.0, '_a6_': 1.0}};{'d0': 0.02490583291941664};-280.569866449044;51.74400103575203
45577;-88.5409321887697;(((_a5_ / _a1_) + -(((-(pow2((-((_a7_ + x)) * _a1_))) * _a5_) * _a7_))) * x);{'d0': {'_a1_': 1.9559935982470749, '_a5_': 2.829493569646054, '_a7_': 0.3119297076584079, '_a0_': 1.0, '_a2_': 1.0, '_a3_': 1.0, '_a4_': 1.0, '_a6_': 1.0}};{'d0': 0.02490583291941664};-280.569866449044;51.74400103575203
45578;-88.5409321887697;(((_a5_ / _a1_) + -(((-(pow2((-((_a7_ + x)) * _a1_))) * _a5_) * _a7_))) * x);{'d0': {'_a1_': 1.9559935982470749, '_a5_': 2.829493569646054, '_a7_': 0.3119297076584079, '_a0_': 1.0, '_a2_': 1.0, '_a3_': 1.0, '_a4_': 1.0, '_a6_': 1.0}};{'d0': 0.02490583291941664};-280.569866449044;51.74400103575203
45579;-88.5409321887697;(((_a5_ / _a1_) + -(((-(pow2((-((_a7_ + x)) * _a1_))) * _a5_) * _a7_))) * x);{'d0': {'_a1_': 1.9559935982470749, '_a5_': 2.829493569646054, '_a7_': 0.3119297076584079, '_a0_': 1.0, '_a2_': 1.0, '_a3_': 1.0, '_a4_': 1.0, '_a6_': 1.0}};{'d0': 0.02490583291941664};-280.569866449044;51.74400103575203
45580;-88.5409321887697;(((_a5_ / _a1_) + -(((-(pow2((-((_a7_ + x)) * _a1_))) * _a5_) * _a7_))) * x);{'d0': {'_a1_': 1.9559935982470749, '_a5_': 2.829493569646054, '_a7_': 0.3119297076584079, '_a0_': 1.0, '_a2_': 1.0, '_a3_': 1.0, '_a4_': 1.0, '_a6_': 1.0}};{'d0': 0.02490583291941664};-280.569866449044;51.74400103575203
45581;-88.5409321887697;(((_a5_ / _a1_) + -(((-(pow2((-((_a7_ + x)) * _a1_))) * _a5_) * _a7_))) * x);{'d0': {'_a1_': 1.9559935982470749, '_a5_': 2.829493569646054, '_a7_': 0.3119297076584079, '_a0_': 1.0, '_a2_': 1.0, '_a3_': 1.0, '_a4_': 1.0, '_a6_': 1.0}};{'d0': 0.02490583291941664};-280.569866449044;51.74400103575203
45582;-88.5409321887697;(((_a5_ / _a1_) + -(((-(pow2((-((_a7_ + x)) * _a1_))) * _a5_) * _a7_))) * x);{'d0': {'_a1_': 1.9559935982470749, '_a5_': 2.829493569646054, '_a7_': 0.3119297076584079, '_a0_': 1.0, '_a2_': 1.0, '_a3_': 1.0, '_a4_': 1.0, '_a6_': 1.0}};{'d0': 0.02490583291941664};-280.569866449044;51.74400103575203
45583;-88.5409321887697;(((_a5_ / _a1_) + -(((-(pow2((-((_a7_ + x)) * _a1_))) * _a5_) * _a7_))) * x);{'d0': {'_a1_': 1.9559935982470749, '_a5_': 2.829493569646054, '_a7_': 0.3119297076584079, '_a0_': 1.0, '_a2_': 1.0, '_a3_': 1.0, '_a4_': 1.0, '_a6_': 1.0}};{'d0': 0.02490583291941664};-280.569866449044;51.74400103575203
45584;-88.5409321887697;(((_a5_ / _a1_) + -(((-(pow2((-((_a7_ + x)) * _a1_))) * _a5_) * _a7_))) * x);{'d0': {'_a1_': 1.9559935982470749, '_a5_': 2.829493569646054, '_a7_': 0.3119297076584079, '_a0_': 1.0, '_a2_': 1.0, '_a3_': 1.0, '_a4_': 1.0, '_a6_': 1.0}};{'d0': 0.02490583291941664};-280.569866449044;51.74400103575203
45585;-88.5409321887697;(((_a5_ / _a1_) + -(((-(pow2((-((_a7_ + x)) * _a1_))) * _a5_) * _a7_))) * x);{'d0': {'_a1_': 1.9559935982470749, '_a5_': 2.829493569646054, '_a7_': 0.3119297076584079, '_a0_': 1.0, '_a2_': 1.0, '_a3_': 1.0, '_a4_': 1.0, '_a6_': 1.0}};{'d0': 0.02490583291941664};-280.569866449044;51.74400103575203
45586;-88.5409321887697;(((_a5_ / _a1_) + -(((-(pow2((-((_a7_ + x)) * _a1_))) * _a5_) * _a7_))) * x);{'d0': {'_a1_': 1.9559935982470749, '_a5_': 2.829493569646054, '_a7_': 0.3119297076584079, '_a0_': 1.0, '_a2_': 1.0, '_a3_': 1.0, '_a4_': 1.0, '_a6_': 1.0}};{'d0': 0.02490583291941664};-280.569866449044;51.74400103575203
45587;-88.5409321887697;(((_a5_ / _a1_) + -(((-(pow2((-((_a7_ + x)) * _a1_))) * _a5_) * _a7_))) * x);{'d0': {'_a1_': 1.9559935982470749, '_a5_': 2.829493569646054, '_a7_': 0.3119297076584079, '_a0_': 1.0, '_a2_': 1.0, '_a3_': 1.0, '_a4_': 1.0, '_a6_': 1.0}};{'d0': 0.02490583291941664};-280.569866449044;51.74400103575203
45588;-90.6432894825622;((pow2(_a5_) + -(((-(pow2((-((_a7_ + x)) * _a1_))) * _a5_) * _a7_))) * x);{'d0': {'_a1_': 3.0001050642146665, '_a5_': 1.2027369160642378, '_a7_': 0.31192970780536894, '_a0_': 1.0, '_a2_': 1.0, '_a3_': 1.0, '_a4_': 1.0, '_a6_': 1.0}};{'d0': 0.024905832919416563};-280.569866449044;49.641643741959626
45589;-89.7923376416167;((pow2(_a5_) + -(((-(pow2((-((_a7_ + x)) * _a1_))) * _a5_) / _a7_))) * x);{'d0': {'_a1_': 0.9358218960865402, '_a5_': 1.2027369160754382, '_a7_': 0.3119297078122597, '_a0_': 1.0, '_a2_': 1.0, '_a3_': 1.0, '_a4_': 1.0, '_a6_': 1.0}};{'d0': 0.024905832919416677};-280.569866449043;50.492595582905025
45590;-89.7923376416167;((pow2(_a5_) + -(((-(pow2((-((_a7_ + x)) * _a1_))) * _a5_) / _a7_))) * x);{'d0': {'_a1_': 0.9358218960865402, '_a5_': 1.2027369160754382, '_a7_': 0.3119297078122597, '_a0_': 1.0, '_a2_': 1.0, '_a3_': 1.0, '_a4_': 1.0, '_a6_': 1.0}};{'d0': 0.024905832919416677};-280.569866449043;50.492595582905025
45591;-89.7923376416167;((pow2(_a5_) + -(((-(pow2((-((_a7_ + x)) * _a1_))) * _a5_) / _a7_))) * x);{'d0': {'_a1_': 0.9358218960865402, '_a5_': 1.2027369160754382, '_a7_': 0.3119297078122597, '_a0_': 1.0, '_a2_': 1.0, '_a3_': 1.0, '_a4_': 1.0, '_a6_': 1.0}};{'d0': 0.024905832919416677};-280.569866449043;50.492595582905025
45592;-89.7923376416167;((pow2(_a5_) + -(((-(pow2((-((_a7_ + x)) * _a1_))) * _a5_) / _a7_))) * x);{'d0': {'_a1_': 0.9358218960865402, '_a5_': 1.2027369160754382, '_a7_': 0.3119297078122597, '_a0_': 1.0, '_a2_': 1.0, '_a3_': 1.0, '_a4_': 1.0, '_a6_': 1.0}};{'d0': 0.024905832919416677};-280.569866449043;50.492595582905025
45593;-89.7923376416167;((pow2(_a5_) + -(((-(pow2((-((_a7_ + x)) * _a1_))) * _a5_) / _a7_))) * x);{'d0': {'_a1_': 0.9358218960865402, '_a5_': 1.2027369160754382, '_a7_': 0.3119297078122597, '_a0_': 1.0, '_a2_': 1.0, '_a3_': 1.0, '_a4_': 1.0, '_a6_': 1.0}};{'d0': 0.024905832919416677};-280.569866449043;50.492595582905025
45594;-89.7923376416167;((pow2(_a5_) + -(((-(pow2((-((_a7_ + x)) * _a1_))) * _a5_) / _a7_))) * x);{'d0': {'_a1_': 0.9358218960865402, '_a5_': 1.2027369160754382, '_a7_': 0.3119297078122597, '_a0_': 1.0, '_a2_': 1.0, '_a3_': 1.0, '_a4_': 1.0, '_a6_': 1.0}};{'d0': 0.024905832919416677};-280.569866449043;50.492595582905025
45595;-89.7923376416167;((pow2(_a5_) + -(((-(pow2((-((_a7_ + x)) * _a1_))) * _a5_) / _a7_))) * x);{'d0': {'_a1_': 0.9358218960865402, '_a5_': 1.2027369160754382, '_a7_': 0.3119297078122597, '_a0_': 1.0, '_a2_': 1.0, '_a3_': 1.0, '_a4_': 1.0, '_a6_': 1.0}};{'d0': 0.024905832919416677};-280.569866449043;50.492595582905025
45596;-89.7923376416167;((pow2(_a5_) + -(((-(pow2((-((_a7_ + x)) * _a1_))) * _a5_) / _a7_))) * x);{'d0': {'_a1_': 0.9358218960865402, '_a5_': 1.2027369160754382, '_a7_': 0.3119297078122597, '_a0_': 1.0, '_a2_': 1.0, '_a3_': 1.0, '_a4_': 1.0, '_a6_': 1.0}};{'d0': 0.024905832919416677};-280.569866449043;50.492595582905025
45597;-89.7923376416167;((pow2(_a5_) + -(((-(pow2((-((_a7_ + x)) * _a1_))) * _a5_) / _a7_))) * x);{'d0': {'_a1_': 0.9358218960865402, '_a5_': 1.2027369160754382, '_a7_': 0.3119297078122597, '_a0_': 1.0, '_a2_': 1.0, '_a3_': 1.0, '_a4_': 1.0, '_a6_': 1.0}};{'d0': 0.024905832919416677};-280.569866449043;50.492595582905025
45598;-89.7923376416167;((pow2(_a5_) + -(((-(pow2((-((_a7_ + x)) * _a1_))) * _a5_) / _a7_))) * x);{'d0': {'_a1_': 0.9358218960865402, '_a5_': 1.2027369160754382, '_a7_': 0.3119297078122597, '_a0_': 1.0, '_a2_': 1.0, '_a3_': 1.0, '_a4_': 1.0, '_a6_': 1.0}};{'d0': 0.024905832919416677};-280.569866449043;50.492595582905025
45599;-89.7923376416167;((pow2(_a5_) + -(((-(pow2((-((_a7_ + x)) * _a1_))) * _a5_) / _a7_))) * x);{'d0': {'_a1_': 0.9358218960865402, '_a5_': 1.2027369160754382, '_a7_': 0.3119297078122597, '_a0_': 1.0, '_a2_': 1.0, '_a3_': 1.0, '_a4_': 1.0, '_a6_': 1.0}};{'d0': 0.024905832919416677};-280.569866449043;50.492595582905025
45600;-89.7923376416167;((pow2(_a5_) + -(((-(pow2((-((_a7_ + x)) * _a1_))) * _a5_) / _a7_))) * x);{'d0': {'_a1_': 0.9358218960865402, '_a5_': 1.2027369160754382, '_a7_': 0.3119297078122597, '_a0_': 1.0, '_a2_': 1.0, '_a3_': 1.0, '_a4_': 1.0, '_a6_': 1.0}};{'d0': 0.024905832919416677};-280.569866449043;50.492595582905025
45601;-89.7923376416167;((pow2(_a5_) + -(((-(pow2((-((_a7_ + x)) * _a1_))) * _a5_) / _a7_))) * x);{'d0': {'_a1_': 0.9358218960865402, '_a5_': 1.2027369160754382, '_a7_': 0.3119297078122597, '_a0_': 1.0, '_a2_': 1.0, '_a3_': 1.0, '_a4_': 1.0, '_a6_': 1.0}};{'d0': 0.024905832919416677};-280.569866449043;50.492595582905025
45602;-89.7923376416167;((pow2(_a5_) + -(((-(pow2((-((_a7_ + x)) * _a1_))) * _a5_) / _a7_))) * x);{'d0': {'_a1_': 0.9358218960865402, '_a5_': 1.2027369160754382, '_a7_': 0.3119297078122597, '_a0_': 1.0, '_a2_': 1.0, '_a3_': 1.0, '_a4_': 1.0, '_a6_': 1.0}};{'d0': 0.024905832919416677};-280.569866449043;50.492595582905025
45603;-89.7923376416167;((pow2(_a5_) + -(((-(pow2((-((_a7_ + x)) * _a1_))) * _a5_) / _a7_))) * x);{'d0': {'_a1_': 0.9358218960865402, '_a5_': 1.2027369160754382, '_a7_': 0.3119297078122597, '_a0_': 1.0, '_a2_': 1.0, '_a3_': 1.0, '_a4_': 1.0, '_a6_': 1.0}};{'d0': 0.024905832919416677};-280.569866449043;50.492595582905025
45604;-89.7923376416167;((pow2(_a5_) + -(((-(pow2((-((_a7_ + x)) * _a1_))) * _a5_) / _a7_))) * x);{'d0': {'_a1_': 0.9358218960865402, '_a5_': 1.2027369160754382, '_a7_': 0.3119297078122597, '_a0_': 1.0, '_a2_': 1.0, '_a3_': 1.0, '_a4_': 1.0, '_a6_': 1.0}};{'d0': 0.024905832919416677};-280.569866449043;50.492595582905025
45605;-89.7923376416167;((pow2(_a5_) + -(((-(pow2((-((_a7_ + x)) * _a1_))) * _a5_) / _a7_))) * x);{'d0': {'_a1_': 0.9358218960865402, '_a5_': 1.2027369160754382, '_a7_': 0.3119297078122597, '_a0_': 1.0, '_a2_': 1.0, '_a3_': 1.0, '_a4_': 1.0, '_a6_': 1.0}};{'d0': 0.024905832919416677};-280.569866449043;50.492595582905025
45606;-89.7923376416167;((pow2(_a5_) + -(((-(pow2((-((_a7_ + x)) * _a1_))) * _a5_) / _a7_))) * x);{'d0': {'_a1_': 0.9358218960865402, '_a5_': 1.2027369160754382, '_a7_': 0.3119297078122597, '_a0_': 1.0, '_a2_': 1.0, '_a3_': 1.0, '_a4_': 1.0, '_a6_': 1.0}};{'d0': 0.024905832919416677};-280.569866449043;50.492595582905025
45607;-89.7923376416167;((pow2(_a5_) + -(((-(pow2((-((_a7_ + x)) * _a1_))) * _a5_) / _a7_))) * x);{'d0': {'_a1_': 0.9358218960865402, '_a5_': 1.2027369160754382, '_a7_': 0.3119297078122597, '_a0_': 1.0, '_a2_': 1.0, '_a3_': 1.0, '_a4_': 1.0, '_a6_': 1.0}};{'d0': 0.024905832919416677};-280.569866449043;50.492595582905025
45608;-89.7923376416167;((pow2(_a5_) + -(((-(pow2((-((_a7_ + x)) * _a6_))) * _a5_) / _a7_))) * x);{'d0': {'_a5_': 1.2027369160950128, '_a6_': 0.935821895993707, '_a7_': 0.31192970778426476, '_a0_': 1.0, '_a1_': 1.0, '_a2_': 1.0, '_a3_': 1.0, '_a4_': 1.0}};{'d0': 0.024905832919416636};-280.569866449044;50.492595582905025
45609;-93.4902721142268;((_a6_ + -(((-(pow2((-((_a7_ + x)) * _a6_))) * _a5_) / _a7_))) * x);{'d0': {'_a5_': 0.5033551107498422, '_a6_': 1.4465760883665817, '_a7_': 0.311929707843929, '_a0_': 1.0, '_a1_': 1.0, '_a2_': 1.0, '_a3_': 1.0, '_a4_': 1.0}};{'d0': 0.024905832919416605};-280.569866449044;46.794661110295024
45610;-93.4902721142268;((_a6_ + -(((-(pow2((-((_a7_ + x)) * _a6_))) * _a5_) / _a7_))) * x);{'d0': {'_a5_': 0.5033551107498422, '_a6_': 1.4465760883665817, '_a7_': 0.311929707843929, '_a0_': 1.0, '_a1_': 1.0, '_a2_': 1.0, '_a3_': 1.0, '_a4_': 1.0}};{'d0': 0.024905832919416605};-280.569866449044;46.794661110295024
45611;-93.4902721142268;((_a6_ + -(((-(pow2((-((_a7_ + x)) * _a6_))) * _a5_) / _a7_))) * x);{'d0': {'_a5_': 0.5033551107498422, '_a6_': 1.4465760883665817, '_a7_': 0.311929707843929, '_a0_': 1.0, '_a1_': 1.0, '_a2_': 1.0, '_a3_': 1.0, '_a4_': 1.0}};{'d0': 0.024905832919416605};-280.569866449044;46.794661110295024
45612;-93.4902721142268;((_a6_ + -(((-(pow2((-((_a7_ + x)) * _a6_))) * _a5_) / _a7_))) * x);{'d0': {'_a5_': 0.5033551107498422, '_a6_': 1.4465760883665817, '_a7_': 0.311929707843929, '_a0_': 1.0, '_a1_': 1.0, '_a2_': 1.0, '_a3_': 1.0, '_a4_': 1.0}};{'d0': 0.024905832919416605};-280.569866449044;46.794661110295024
45613;-93.4902721142268;((_a6_ + -(((-(pow2((-((_a7_ + x)) * _a6_))) * _a5_) / _a7_))) * x);{'d0': {'_a5_': 0.5033551107498422, '_a6_': 1.4465760883665817, '_a7_': 0.311929707843929, '_a0_': 1.0, '_a1_': 1.0, '_a2_': 1.0, '_a3_': 1.0, '_a4_': 1.0}};{'d0': 0.024905832919416605};-280.569866449044;46.794661110295024
45614;-93.4902721142268;((_a6_ + -(((-(pow2((-((_a7_ + x)) * _a6_))) * _a5_) / _a7_))) * x);{'d0': {'_a5_': 0.5033551107498422, '_a6_': 1.4465760883665817, '_a7_': 0.311929707843929, '_a0_': 1.0, '_a1_': 1.0, '_a2_': 1.0, '_a3_': 1.0, '_a4_': 1.0}};{'d0': 0.024905832919416605};-280.569866449044;46.794661110295024
45615;-93.4902721142268;((_a6_ + -(((-(pow2((-((_a7_ + x)) * _a6_))) * _a5_) / _a7_))) * x);{'d0': {'_a5_': 0.5033551107498422, '_a6_': 1.4465760883665817, '_a7_': 0.311929707843929, '_a0_': 1.0, '_a1_': 1.0, '_a2_': 1.0, '_a3_': 1.0, '_a4_': 1.0}};{'d0': 0.024905832919416605};-280.569866449044;46.794661110295024
45616;-93.4902721142268;((_a6_ + -(((-(pow2((-((_a7_ + x)) * _a6_))) * _a5_) / _a7_))) * x);{'d0': {'_a5_': 0.5033551107498422, '_a6_': 1.4465760883665817, '_a7_': 0.311929707843929, '_a0_': 1.0, '_a1_': 1.0, '_a2_': 1.0, '_a3_': 1.0, '_a4_': 1.0}};{'d0': 0.024905832919416605};-280.569866449044;46.794661110295024
45617;-93.4902721142268;((_a6_ + -(((-(pow2((-((_a7_ + x)) * _a6_))) * _a5_) / _a7_))) * x);{'d0': {'_a5_': 0.5033551107498422, '_a6_': 1.4465760883665817, '_a7_': 0.311929707843929, '_a0_': 1.0, '_a1_': 1.0, '_a2_': 1.0, '_a3_': 1.0, '_a4_': 1.0}};{'d0': 0.024905832919416605};-280.569866449044;46.794661110295024
45618;-93.4902721142268;((_a6_ + -(((-(pow2((-((_a7_ + x)) * _a6_))) * _a5_) / _a7_))) * x);{'d0': {'_a5_': 0.5033551107498422, '_a6_': 1.4465760883665817, '_a7_': 0.311929707843929, '_a0_': 1.0, '_a1_': 1.0, '_a2_': 1.0, '_a3_': 1.0, '_a4_': 1.0}};{'d0': 0.024905832919416605};-280.569866449044;46.794661110295024
45619;-93.4902721142268;((_a6_ + -(((-(pow2((-((_a7_ + x)) * _a6_))) * _a5_) / _a7_))) * x);{'d0': {'_a5_': 0.5033551107498422, '_a6_': 1.4465760883665817, '_a7_': 0.311929707843929, '_a0_': 1.0, '_a1_': 1.0, '_a2_': 1.0, '_a3_': 1.0, '_a4_': 1.0}};{'d0': 0.024905832919416605};-280.569866449044;46.794661110295024
45620;-93.4902721142268;((_a6_ + -(((-(pow2((-((_a7_ + x)) * _a6_))) * _a5_) / _a7_))) * x);{'d0': {'_a5_': 0.5033551107498422, '_a6_': 1.4465760883665817, '_a7_': 0.311929707843929, '_a0_': 1.0, '_a1_': 1.0, '_a2_': 1.0, '_a3_': 1.0, '_a4_': 1.0}};{'d0': 0.024905832919416605};-280.569866449044;46.794661110295024
45621;-93.4902721142268;((_a6_ + -(((-(pow2((-((_a7_ + x)) * _a6_))) * _a5_) / _a7_))) * x);{'d0': {'_a5_': 0.5033551107498422, '_a6_': 1.4465760883665817, '_a7_': 0.311929707843929, '_a0_': 1.0, '_a1_': 1.0, '_a2_': 1.0, '_a3_': 1.0, '_a4_': 1.0}};{'d0': 0.024905832919416605};-280.569866449044;46.794661110295024
45622;-93.4902721142268;((_a6_ + -(((-(pow2((-((_a7_ + x)) * _a6_))) * _a5_) / _a7_))) * x);{'d0': {'_a5_': 0.5033551107498422, '_a6_': 1.4465760883665817, '_a7_': 0.311929707843929, '_a0_': 1.0, '_a1_': 1.0, '_a2_': 1.0, '_a3_': 1.0, '_a4_': 1.0}};{'d0': 0.024905832919416605};-280.569866449044;46.794661110295024
45623;-93.4902721142268;((_a6_ + -(((-(pow2((-((_a7_ + x)) * _a6_))) * _a5_) / _a7_))) * x);{'d0': {'_a5_': 0.5033551107498422, '_a6_': 1.4465760883665817, '_a7_': 0.311929707843929, '_a0_': 1.0, '_a1_': 1.0, '_a2_': 1.0, '_a3_': 1.0, '_a4_': 1.0}};{'d0': 0.024905832919416605};-280.569866449044;46.794661110295024
45624;-93.4902721142268;((_a6_ + -(((-(pow2((-((_a7_ + x)) * _a6_))) * _a5_) / _a7_))) * x);{'d0': {'_a5_': 0.5033551107498422, '_a6_': 1.4465760883665817, '_a7_': 0.311929707843929, '_a0_': 1.0, '_a1_': 1.0, '_a2_': 1.0, '_a3_': 1.0, '_a4_': 1.0}};{'d0': 0.024905832919416605};-280.569866449044;46.794661110295024
45625;-93.4902721142268;((_a6_ + -(((-(pow2((-((_a7_ + x)) * _a6_))) * _a5_) / _a7_))) * x);{'d0': {'_a5_': 0.5033551107498422, '_a6_': 1.4465760883665817, '_a7_': 0.311929707843929, '_a0_': 1.0, '_a1_': 1.0, '_a2_': 1.0, '_a3_': 1.0, '_a4_': 1.0}};{'d0': 0.024905832919416605};-280.569866449044;46.794661110295024
45626;-93.4902721142268;((_a6_ + -(((-(pow2((-((_a7_ + x)) * _a6_))) * _a5_) / _a7_))) * x);{'d0': {'_a5_': 0.5033551107498422, '_a6_': 1.4465760883665817, '_a7_': 0.311929707843929, '_a0_': 1.0, '_a1_': 1.0, '_a2_': 1.0, '_a3_': 1.0, '_a4_': 1.0}};{'d0': 0.024905832919416605};-280.569866449044;46.794661110295024
45627;-93.4902721142268;((_a6_ + -(((-(pow2((-((_a7_ + x)) * _a6_))) * _a5_) / _a7_))) * x);{'d0': {'_a5_': 0.5033551107498422, '_a6_': 1.4465760883665817, '_a7_': 0.311929707843929, '_a0_': 1.0, '_a1_': 1.0, '_a2_': 1.0, '_a3_': 1.0, '_a4_': 1.0}};{'d0': 0.024905832919416605};-280.569866449044;46.794661110295024
45628;-93.4902721142268;((_a6_ + -(((-(pow2((-((_a7_ + x)) * _a6_))) * _a5_) / _a7_))) * x);{'d0': {'_a5_': 0.5033551107498422, '_a6_': 1.4465760883665817, '_a7_': 0.311929707843929, '_a0_': 1.0, '_a1_': 1.0, '_a2_': 1.0, '_a3_': 1.0, '_a4_': 1.0}};{'d0': 0.024905832919416605};-280.569866449044;46.794661110295024
45629;-93.4902721142268;((_a6_ + -(((-(pow2((-((_a7_ + x)) * _a6_))) * _a5_) / _a7_))) * x);{'d0': {'_a5_': 0.5033551107498422, '_a6_': 1.4465760883665817, '_a7_': 0.311929707843929, '_a0_': 1.0, '_a1_': 1.0, '_a2_': 1.0, '_a3_': 1.0, '_a4_': 1.0}};{'d0': 0.024905832919416605};-280.569866449044;46.794661110295024
45630;-93.4902721142268;((_a6_ + -(((-(pow2((-((_a7_ + x)) * _a6_))) * _a5_) / _a7_))) * x);{'d0': {'_a5_': 0.5033551107498422, '_a6_': 1.4465760883665817, '_a7_': 0.311929707843929, '_a0_': 1.0, '_a1_': 1.0, '_a2_': 1.0, '_a3_': 1.0, '_a4_': 1.0}};{'d0': 0.024905832919416605};-280.569866449044;46.794661110295024
45631;-93.4902721142268;((_a6_ + -(((-(pow2((-((_a7_ + x)) * _a6_))) * _a5_) / _a7_))) * x);{'d0': {'_a5_': 0.5033551107498422, '_a6_': 1.4465760883665817, '_a7_': 0.311929707843929, '_a0_': 1.0, '_a1_': 1.0, '_a2_': 1.0, '_a3_': 1.0, '_a4_': 1.0}};{'d0': 0.024905832919416605};-280.569866449044;46.794661110295024
45632;-104.411319546383;(x * (pow2(((x * _a0_) + (_a7_ * _a1_))) + (_a1_ + _a1_)));{'d0': {'_a0_': 1.8375964951632675, '_a1_': 0.7232880446056995, '_a7_': 0.7924933117642691, '_a2_': 1.0, '_a3_': 1.0, '_a4_': 1.0, '_a5_': 1.0, '_a6_': 1.0}};{'d0': 0.024905832919416615};-280.569866449044;35.873613678138994
45633;-104.411319546383;(x * (pow2(((x * _a0_) + (_a7_ * _a1_))) + (_a1_ + _a1_)));{'d0': {'_a0_': 1.8375964951632675, '_a1_': 0.7232880446056995, '_a7_': 0.7924933117642691, '_a2_': 1.0, '_a3_': 1.0, '_a4_': 1.0, '_a5_': 1.0, '_a6_': 1.0}};{'d0': 0.024905832919416615};-280.569866449044;35.873613678138994
45634;-104.411319546383;(x * (pow2(((x * _a0_) + (_a7_ * _a1_))) + (_a1_ + _a1_)));{'d0': {'_a0_': 1.8375964951632675, '_a1_': 0.7232880446056995, '_a7_': 0.7924933117642691, '_a2_': 1.0, '_a3_': 1.0, '_a4_': 1.0, '_a5_': 1.0, '_a6_': 1.0}};{'d0': 0.024905832919416615};-280.569866449044;35.873613678138994
45635;-105.382580669956;(x * (pow2(((x * _a0_) + (_a7_ * _a1_))) + (_a1_ * _a1_)));{'d0': {'_a0_': 1.8375964949374732, '_a1_': 1.2027369161143806, '_a7_': 0.4765804807785913, '_a2_': 1.0, '_a3_': 1.0, '_a4_': 1.0, '_a5_': 1.0, '_a6_': 1.0}};{'d0': 0.02490583291941664};-280.569866449044;34.902352554565994
45636;-105.382580669956;(x * (pow2(((x * _a0_) + (_a7_ * _a1_))) + (_a1_ * _a1_)));{'d0': {'_a0_': 1.8375964949374732, '_a1_': 1.2027369161143806, '_a7_': 0.4765804807785913, '_a2_': 1.0, '_a3_': 1.0, '_a4_': 1.0, '_a5_': 1.0, '_a6_': 1.0}};{'d0': 0.02490583291941664};-280.569866449044;34.902352554565994
45637;-105.382580669956;(x * (pow2(((x * _a0_) + (_a7_ * _a1_))) + (_a1_ * _a1_)));{'d0': {'_a0_': 1.8375964949374732, '_a1_': 1.2027369161143806, '_a7_': 0.4765804807785913, '_a2_': 1.0, '_a3_': 1.0, '_a4_': 1.0, '_a5_': 1.0, '_a6_': 1.0}};{'d0': 0.02490583291941664};-280.569866449044;34.902352554565994
45638;-105.382580669956;(x * (pow2(((x * _a0_) + (_a7_ * _a1_))) + (_a1_ * _a1_)));{'d0': {'_a0_': 1.8375964949374732, '_a1_': 1.2027369161143806, '_a7_': 0.4765804807785913, '_a2_': 1.0, '_a3_': 1.0, '_a4_': 1.0, '_a5_': 1.0, '_a6_': 1.0}};{'d0': 0.02490583291941664};-280.569866449044;34.902352554565994
45639;-105.382580669956;(x * (pow2(((x * _a0_) + (_a7_ * _a1_))) + (_a1_ * _a1_)));{'d0': {'_a0_': 1.8375964949374732, '_a1_': 1.2027369161143806, '_a7_': 0.4765804807785913, '_a2_': 1.0, '_a3_': 1.0, '_a4_': 1.0, '_a5_': 1.0, '_a6_': 1.0}};{'d0': 0.02490583291941664};-280.569866449044;34.902352554565994
45640;-105.382580669956;(x * (pow2(((x * _a0_) + (_a7_ * _a1_))) + (_a1_ * _a1_)));{'d0': {'_a0_': 1.8375964949374732, '_a1_': 1.2027369161143806, '_a7_': 0.4765804807785913, '_a2_': 1.0, '_a3_': 1.0, '_a4_': 1.0, '_a5_': 1.0, '_a6_': 1.0}};{'d0': 0.02490583291941664};-280.569866449044;34.902352554565994
45641;-105.382580669956;(x * (pow2(((x * _a0_) + (_a7_ * _a1_))) + (_a1_ * _a1_)));{'d0': {'_a0_': 1.8375964949374732, '_a1_': 1.2027369161143806, '_a7_': 0.4765804807785913, '_a2_': 1.0, '_a3_': 1.0, '_a4_': 1.0, '_a5_': 1.0, '_a6_': 1.0}};{'d0': 0.02490583291941664};-280.569866449044;34.902352554565994
45642;-105.382580669956;(x * (pow2(((x * _a0_) + (_a7_ * _a1_))) + (_a1_ * _a1_)));{'d0': {'_a0_': 1.8375964949374732, '_a1_': 1.2027369161143806, '_a7_': 0.4765804807785913, '_a2_': 1.0, '_a3_': 1.0, '_a4_': 1.0, '_a5_': 1.0, '_a6_': 1.0}};{'d0': 0.02490583291941664};-280.569866449044;34.902352554565994
45643;-105.382580669956;(x * (pow2(((x * _a0_) + (_a7_ * _a1_))) + (_a1_ * _a1_)));{'d0': {'_a0_': 1.8375964949374732, '_a1_': 1.2027369161143806, '_a7_': 0.4765804807785913, '_a2_': 1.0, '_a3_': 1.0, '_a4_': 1.0, '_a5_': 1.0, '_a6_': 1.0}};{'d0': 0.02490583291941664};-280.569866449044;34.902352554565994
45644;-105.382580669956;(x * (pow2(((x * _a0_) + (_a7_ * _a1_))) + (_a1_ * _a1_)));{'d0': {'_a0_': 1.8375964949374732, '_a1_': 1.2027369161143806, '_a7_': 0.4765804807785913, '_a2_': 1.0, '_a3_': 1.0, '_a4_': 1.0, '_a5_': 1.0, '_a6_': 1.0}};{'d0': 0.02490583291941664};-280.569866449044;34.902352554565994
45645;-89.5673432921060;((_a7_ * x) * (((_a0_ + (_a2_ + (_a3_ * x))) * (x / pow2(_a6_))) + _a0_));{'d0': {'_a0_': 0.14940923773404116, '_a2_': 1.0824151206459278, '_a3_': 1.9745223482540226, '_a6_': 2.63577232264332, '_a7_': 11.881027978134714, '_a1_': 1.0, '_a4_': 1.0, '_a5_': 1.0}};{'d0': 0.024905832919579048};-272.381177324208;46.62324536999846
45646;-89.5673432921060;((_a7_ * x) * (((_a0_ + (_a2_ + (_a3_ * x))) * (x / pow2(_a6_))) + _a0_));{'d0': {'_a0_': 0.14940923773404116, '_a2_': 1.0824151206459278, '_a3_': 1.9745223482540226, '_a6_': 2.63577232264332, '_a7_': 11.881027978134714, '_a1_': 1.0, '_a4_': 1.0, '_a5_': 1.0}};{'d0': 0.024905832919579048};-272.381177324208;46.62324536999846
45647;-89.5673432921060;((_a7_ * x) * (((_a0_ + (_a2_ + (_a3_ * x))) * (x / pow2(_a6_))) + _a0_));{'d0': {'_a0_': 0.14940923773404116, '_a2_': 1.0824151206459278, '_a3_': 1.9745223482540226, '_a6_': 2.63577232264332, '_a7_': 11.881027978134714, '_a1_': 1.0, '_a4_': 1.0, '_a5_': 1.0}};{'d0': 0.024905832919579048};-272.381177324208;46.62324536999846
45648;-105.382580669956;(x * (pow2(((x * _a0_) + (_a7_ * _a1_))) + (_a1_ * _a1_)));{'d0': {'_a0_': 1.8375964949374732, '_a1_': 1.2027369161143806, '_a7_': 0.4765804807785913, '_a2_': 1.0, '_a3_': 1.0, '_a4_': 1.0, '_a5_': 1.0, '_a6_': 1.0}};{'d0': 0.02490583291941664};-280.569866449044;34.902352554565994
45649;-105.382580669956;(x * (pow2(((x * _a0_) + (_a7_ * _a1_))) + (_a1_ * _a1_)));{'d0': {'_a0_': 1.8375964949374732, '_a1_': 1.2027369161143806, '_a7_': 0.4765804807785913, '_a2_': 1.0, '_a3_': 1.0, '_a4_': 1.0, '_a5_': 1.0, '_a6_': 1.0}};{'d0': 0.02490583291941664};-280.569866449044;34.902352554565994
45650;-105.382580669956;(x * (pow2(((x * _a0_) + (_a7_ * _a1_))) + (_a1_ * _a1_)));{'d0': {'_a0_': 1.8375964949374732, '_a1_': 1.2027369161143806, '_a7_': 0.4765804807785913, '_a2_': 1.0, '_a3_': 1.0, '_a4_': 1.0, '_a5_': 1.0, '_a6_': 1.0}};{'d0': 0.02490583291941664};-280.569866449044;34.902352554565994
45651;-105.382580669956;(x * (pow2(((x * _a0_) + (_a7_ * _a1_))) + (_a1_ * _a1_)));{'d0': {'_a0_': 1.8375964949374732, '_a1_': 1.2027369161143806, '_a7_': 0.4765804807785913, '_a2_': 1.0, '_a3_': 1.0, '_a4_': 1.0, '_a5_': 1.0, '_a6_': 1.0}};{'d0': 0.02490583291941664};-280.569866449044;34.902352554565994
45652;-105.382580669956;(x * (pow2(((x * _a0_) + (_a7_ * _a1_))) + (_a1_ * _a1_)));{'d0': {'_a0_': 1.8375964949374732, '_a1_': 1.2027369161143806, '_a7_': 0.4765804807785913, '_a2_': 1.0, '_a3_': 1.0, '_a4_': 1.0, '_a5_': 1.0, '_a6_': 1.0}};{'d0': 0.02490583291941664};-280.569866449044;34.902352554565994
45653;-105.382580669956;(x * (pow2(((x * _a0_) + (_a7_ * _a1_))) + (_a1_ * _a1_)));{'d0': {'_a0_': 1.8375964949374732, '_a1_': 1.2027369161143806, '_a7_': 0.4765804807785913, '_a2_': 1.0, '_a3_': 1.0, '_a4_': 1.0, '_a5_': 1.0, '_a6_': 1.0}};{'d0': 0.02490583291941664};-280.569866449044;34.902352554565994
45654;-105.382580669956;(x * (pow2(((x * _a0_) + (_a7_ * _a1_))) + (_a1_ * _a1_)));{'d0': {'_a0_': 1.8375964949374732, '_a1_': 1.2027369161143806, '_a7_': 0.4765804807785913, '_a2_': 1.0, '_a3_': 1.0, '_a4_': 1.0, '_a5_': 1.0, '_a6_': 1.0}};{'d0': 0.02490583291941664};-280.569866449044;34.902352554565994
45655;-105.382580669956;(x * (pow2(((x * _a0_) + (_a7_ * _a1_))) + (_a1_ * _a1_)));{'d0': {'_a0_': 1.8375964949374732, '_a1_': 1.2027369161143806, '_a7_': 0.4765804807785913, '_a2_': 1.0, '_a3_': 1.0, '_a4_': 1.0, '_a5_': 1.0, '_a6_': 1.0}};{'d0': 0.02490583291941664};-280.569866449044;34.902352554565994
45656;-105.382580669956;(x * (pow2(((x * _a0_) + (_a7_ * _a1_))) + (_a1_ * _a1_)));{'d0': {'_a0_': 1.8375964949374732, '_a1_': 1.2027369161143806, '_a7_': 0.4765804807785913, '_a2_': 1.0, '_a3_': 1.0, '_a4_': 1.0, '_a5_': 1.0, '_a6_': 1.0}};{'d0': 0.02490583291941664};-280.569866449044;34.902352554565994
45657;-105.382580669956;(x * (pow2(((x * _a0_) + (_a7_ * _a1_))) + (_a1_ * _a1_)));{'d0': {'_a0_': 1.8375964949374732, '_a1_': 1.2027369161143806, '_a7_': 0.4765804807785913, '_a2_': 1.0, '_a3_': 1.0, '_a4_': 1.0, '_a5_': 1.0, '_a6_': 1.0}};{'d0': 0.02490583291941664};-280.569866449044;34.902352554565994
45658;-105.382580669956;(x * (pow2(((x * _a0_) + (_a7_ * _a1_))) + (_a1_ * _a1_)));{'d0': {'_a0_': 1.8375964949374732, '_a1_': 1.2027369161143806, '_a7_': 0.4765804807785913, '_a2_': 1.0, '_a3_': 1.0, '_a4_': 1.0, '_a5_': 1.0, '_a6_': 1.0}};{'d0': 0.02490583291941664};-280.569866449044;34.902352554565994
45659;-105.382580669956;(x * (pow2(((x * _a0_) + (_a7_ * _a1_))) + (_a1_ * _a1_)));{'d0': {'_a0_': 1.8375964949374732, '_a1_': 1.2027369161143806, '_a7_': 0.4765804807785913, '_a2_': 1.0, '_a3_': 1.0, '_a4_': 1.0, '_a5_': 1.0, '_a6_': 1.0}};{'d0': 0.02490583291941664};-280.569866449044;34.902352554565994
45660;-105.382580669956;(x * (pow2(((x * _a0_) + (_a7_ * _a1_))) + (_a1_ * _a1_)));{'d0': {'_a0_': 1.8375964949374732, '_a1_': 1.2027369161143806, '_a7_': 0.4765804807785913, '_a2_': 1.0, '_a3_': 1.0, '_a4_': 1.0, '_a5_': 1.0, '_a6_': 1.0}};{'d0': 0.02490583291941664};-280.569866449044;34.902352554565994
45661;-105.382580669956;(x * (pow2(((x * _a0_) + (_a7_ * _a1_))) + (_a1_ * _a1_)));{'d0': {'_a0_': 1.8375964949374732, '_a1_': 1.2027369161143806, '_a7_': 0.4765804807785913, '_a2_': 1.0, '_a3_': 1.0, '_a4_': 1.0, '_a5_': 1.0, '_a6_': 1.0}};{'d0': 0.02490583291941664};-280.569866449044;34.902352554565994
45662;-105.382580669956;(x * (pow2(((x * _a0_) + (_a7_ * _a1_))) + (_a1_ * _a1_)));{'d0': {'_a0_': 1.8375964949374732, '_a1_': 1.2027369161143806, '_a7_': 0.4765804807785913, '_a2_': 1.0, '_a3_': 1.0, '_a4_': 1.0, '_a5_': 1.0, '_a6_': 1.0}};{'d0': 0.02490583291941664};-280.569866449044;34.902352554565994
45663;-105.382580669956;(x * (pow2(((x * _a0_) + (_a7_ * _a1_))) + (_a1_ * _a1_)));{'d0': {'_a0_': 1.8375964949374732, '_a1_': 1.2027369161143806, '_a7_': 0.4765804807785913, '_a2_': 1.0, '_a3_': 1.0, '_a4_': 1.0, '_a5_': 1.0, '_a6_': 1.0}};{'d0': 0.02490583291941664};-280.569866449044;34.902352554565994
45664;-105.382580669956;(x * (pow2(((x * _a0_) + (_a7_ * _a1_))) + (_a1_ * _a1_)));{'d0': {'_a0_': 1.8375964949374732, '_a1_': 1.2027369161143806, '_a7_': 0.4765804807785913, '_a2_': 1.0, '_a3_': 1.0, '_a4_': 1.0, '_a5_': 1.0, '_a6_': 1.0}};{'d0': 0.02490583291941664};-280.569866449044;34.902352554565994
45665;-105.382580669956;(x * (pow2(((x * _a0_) + (_a7_ * _a1_))) + (_a1_ * _a1_)));{'d0': {'_a0_': 1.8375964949374732, '_a1_': 1.2027369161143806, '_a7_': 0.4765804807785913, '_a2_': 1.0, '_a3_': 1.0, '_a4_': 1.0, '_a5_': 1.0, '_a6_': 1.0}};{'d0': 0.02490583291941664};-280.569866449044;34.902352554565994
45666;-105.382580669956;(x * (pow2(((x * _a0_) + (_a7_ * _a1_))) + (_a1_ * _a1_)));{'d0': {'_a0_': 1.8375964949374732, '_a1_': 1.2027369161143806, '_a7_': 0.4765804807785913, '_a2_': 1.0, '_a3_': 1.0, '_a4_': 1.0, '_a5_': 1.0, '_a6_': 1.0}};{'d0': 0.02490583291941664};-280.569866449044;34.902352554565994
45667;-105.382580669956;(x * (pow2(((x * _a0_) + (_a7_ * _a1_))) + (_a1_ * _a1_)));{'d0': {'_a0_': 1.8375964949374732, '_a1_': 1.2027369161143806, '_a7_': 0.4765804807785913, '_a2_': 1.0, '_a3_': 1.0, '_a4_': 1.0, '_a5_': 1.0, '_a6_': 1.0}};{'d0': 0.02490583291941664};-280.569866449044;34.902352554565994
45668;-104.586813841063;(x * (pow2(((x * _a0_) + (_a7_ * _a1_))) + pow2(_a5_)));{'d0': {'_a0_': 1.8375964952232675, '_a1_': 1.2301969787511835, '_a5_': 1.2027369160041115, '_a7_': 0.4659423243969507, '_a2_': 1.0, '_a3_': 1.0, '_a4_': 1.0, '_a6_': 1.0}};{'d0': 0.024905832919938958};-276.475521885563;33.65094710171899
45669;-104.586813841063;(x * (pow2(((x * _a0_) + (_a7_ * _a1_))) + pow2(_a5_)));{'d0': {'_a0_': 1.8375964952232675, '_a1_': 1.2301969787511835, '_a5_': 1.2027369160041115, '_a7_': 0.4659423243969507, '_a2_': 1.0, '_a3_': 1.0, '_a4_': 1.0, '_a6_': 1.0}};{'d0': 0.024905832919938958};-276.475521885563;33.65094710171899
45670;-104.586813841063;(x * (pow2(((x * _a0_) + (_a7_ * _a1_))) + pow2(_a5_)));{'d0': {'_a0_': 1.8375964952232675, '_a1_': 1.2301969787511835, '_a5_': 1.2027369160041115, '_a7_': 0.4659423243969507, '_a2_': 1.0, '_a3_': 1.0, '_a4_': 1.0, '_a6_': 1.0}};{'d0': 0.024905832919938958};-276.475521885563;33.65094710171899
45671;-104.586813841063;(x * (pow2(((x * _a0_) + (_a7_ * _a1_))) + pow2(_a5_)));{'d0': {'_a0_': 1.8375964952232675, '_a1_': 1.2301969787511835, '_a5_': 1.2027369160041115, '_a7_': 0.4659423243969507, '_a2_': 1.0, '_a3_': 1.0, '_a4_': 1.0, '_a6_': 1.0}};{'d0': 0.024905832919938958};-276.475521885563;33.65094710171899
45672;-104.586813841063;(x * (pow2(((x * _a0_) + (_a7_ * _a1_))) + pow2(_a5_)));{'d0': {'_a0_': 1.8375964952232675, '_a1_': 1.2301969787511835, '_a5_': 1.2027369160041115, '_a7_': 0.4659423243969507, '_a2_': 1.0, '_a3_': 1.0, '_a4_': 1.0, '_a6_': 1.0}};{'d0': 0.024905832919938958};-276.475521885563;33.65094710171899
45673;-104.586813841063;(x * (pow2(((x * _a0_) + (_a7_ * _a1_))) + pow2(_a5_)));{'d0': {'_a0_': 1.8375964952232675, '_a1_': 1.2301969787511835, '_a5_': 1.2027369160041115, '_a7_': 0.4659423243969507, '_a2_': 1.0, '_a3_': 1.0, '_a4_': 1.0, '_a6_': 1.0}};{'d0': 0.024905832919938958};-276.475521885563;33.65094710171899
45674;-104.586813841063;(x * (pow2(((x * _a0_) + (_a7_ * _a1_))) + pow2(_a5_)));{'d0': {'_a0_': 1.8375964952232675, '_a1_': 1.2301969787511835, '_a5_': 1.2027369160041115, '_a7_': 0.4659423243969507, '_a2_': 1.0, '_a3_': 1.0, '_a4_': 1.0, '_a6_': 1.0}};{'d0': 0.024905832919938958};-276.475521885563;33.65094710171899
45675;-104.586813841063;(x * (pow2(((x * _a0_) + (_a7_ * _a1_))) + pow2(_a5_)));{'d0': {'_a0_': 1.8375964952232675, '_a1_': 1.2301969787511835, '_a5_': 1.2027369160041115, '_a7_': 0.4659423243969507, '_a2_': 1.0, '_a3_': 1.0, '_a4_': 1.0, '_a6_': 1.0}};{'d0': 0.024905832919938958};-276.475521885563;33.65094710171899
45676;-104.586813841063;(x * (pow2(((x * _a0_) + (_a7_ * _a1_))) + pow2(_a5_)));{'d0': {'_a0_': 1.8375964952232675, '_a1_': 1.2301969787511835, '_a5_': 1.2027369160041115, '_a7_': 0.4659423243969507, '_a2_': 1.0, '_a3_': 1.0, '_a4_': 1.0, '_a6_': 1.0}};{'d0': 0.024905832919938958};-276.475521885563;33.65094710171899
45677;-104.586813841063;(x * (pow2(((x * _a0_) + (_a7_ * _a1_))) + pow2(_a5_)));{'d0': {'_a0_': 1.8375964952232675, '_a1_': 1.2301969787511835, '_a5_': 1.2027369160041115, '_a7_': 0.4659423243969507, '_a2_': 1.0, '_a3_': 1.0, '_a4_': 1.0, '_a6_': 1.0}};{'d0': 0.024905832919938958};-276.475521885563;33.65094710171899
45678;-104.586813841063;(x * (pow2(((x * _a0_) + (_a7_ * _a1_))) + pow2(_a5_)));{'d0': {'_a0_': 1.8375964952232675, '_a1_': 1.2301969787511835, '_a5_': 1.2027369160041115, '_a7_': 0.4659423243969507, '_a2_': 1.0, '_a3_': 1.0, '_a4_': 1.0, '_a6_': 1.0}};{'d0': 0.024905832919938958};-276.475521885563;33.65094710171899
45679;-104.586813841063;(x * (pow2(((x * _a0_) + (_a7_ * _a1_))) + pow2(_a5_)));{'d0': {'_a0_': 1.8375964952232675, '_a1_': 1.2301969787511835, '_a5_': 1.2027369160041115, '_a7_': 0.4659423243969507, '_a2_': 1.0, '_a3_': 1.0, '_a4_': 1.0, '_a6_': 1.0}};{'d0': 0.024905832919938958};-276.475521885563;33.65094710171899
45680;-104.586813841063;(x * (pow2(((x * _a0_) + (_a7_ * _a1_))) + pow2(_a5_)));{'d0': {'_a0_': 1.8375964952232675, '_a1_': 1.2301969787511835, '_a5_': 1.2027369160041115, '_a7_': 0.4659423243969507, '_a2_': 1.0, '_a3_': 1.0, '_a4_': 1.0, '_a6_': 1.0}};{'d0': 0.024905832919938958};-276.475521885563;33.65094710171899
45681;-104.586813841063;(x * (pow2(((x * _a0_) + (_a7_ * _a1_))) + pow2(_a5_)));{'d0': {'_a0_': 1.8375964952232675, '_a1_': 1.2301969787511835, '_a5_': 1.2027369160041115, '_a7_': 0.4659423243969507, '_a2_': 1.0, '_a3_': 1.0, '_a4_': 1.0, '_a6_': 1.0}};{'d0': 0.024905832919938958};-276.475521885563;33.65094710171899
45682;-104.586813841063;(x * (pow2(((x * _a0_) + (_a7_ * _a1_))) + pow2(_a5_)));{'d0': {'_a0_': 1.8375964952232675, '_a1_': 1.2301969787511835, '_a5_': 1.2027369160041115, '_a7_': 0.4659423243969507, '_a2_': 1.0, '_a3_': 1.0, '_a4_': 1.0, '_a6_': 1.0}};{'d0': 0.024905832919938958};-276.475521885563;33.65094710171899
45683;-104.586813841063;(x * (pow2(((x * _a0_) + (_a7_ * _a1_))) + pow2(_a5_)));{'d0': {'_a0_': 1.8375964952232675, '_a1_': 1.2301969787511835, '_a5_': 1.2027369160041115, '_a7_': 0.4659423243969507, '_a2_': 1.0, '_a3_': 1.0, '_a4_': 1.0, '_a6_': 1.0}};{'d0': 0.024905832919938958};-276.475521885563;33.65094710171899
45684;-104.586813841063;(x * (pow2(((x * _a0_) + (_a7_ * _a1_))) + pow2(_a5_)));{'d0': {'_a0_': 1.8375964952232675, '_a1_': 1.2301969787511835, '_a5_': 1.2027369160041115, '_a7_': 0.4659423243969507, '_a2_': 1.0, '_a3_': 1.0, '_a4_': 1.0, '_a6_': 1.0}};{'d0': 0.024905832919938958};-276.475521885563;33.65094710171899
45685;-104.586813841063;(x * (pow2(((x * _a0_) + (_a7_ * _a1_))) + pow2(_a5_)));{'d0': {'_a0_': 1.8375964952232675, '_a1_': 1.2301969787511835, '_a5_': 1.2027369160041115, '_a7_': 0.4659423243969507, '_a2_': 1.0, '_a3_': 1.0, '_a4_': 1.0, '_a6_': 1.0}};{'d0': 0.024905832919938958};-276.475521885563;33.65094710171899
45686;-104.586813841063;(x * (pow2(((x * _a0_) + (_a7_ * _a1_))) + pow2(_a5_)));{'d0': {'_a0_': 1.8375964952232675, '_a1_': 1.2301969787511835, '_a5_': 1.2027369160041115, '_a7_': 0.4659423243969507, '_a2_': 1.0, '_a3_': 1.0, '_a4_': 1.0, '_a6_': 1.0}};{'d0': 0.024905832919938958};-276.475521885563;33.65094710171899
45687;-107.813034289328;(x * (pow2(((x * _a0_) + pow2(_a2_))) + pow2(_a5_)));{'d0': {'_a0_': 1.837596495220113, '_a2_': 0.7571003485481286, '_a5_': 1.202736915971381, '_a1_': 1.0, '_a3_': 1.0, '_a4_': 1.0, '_a6_': 1.0, '_a7_': 1.0}};{'d0': 0.024905832919416615};-280.569866449044;32.47189893519399
45688;-107.813034289328;(x * (pow2(((x * _a0_) + pow2(_a2_))) + pow2(_a5_)));{'d0': {'_a0_': 1.837596495220113, '_a2_': 0.7571003485481286, '_a5_': 1.202736915971381, '_a1_': 1.0, '_a3_': 1.0, '_a4_': 1.0, '_a6_': 1.0, '_a7_': 1.0}};{'d0': 0.024905832919416615};-280.569866449044;32.47189893519399
45689;-107.813034289328;(x * (pow2(((x * _a0_) + pow2(_a2_))) + pow2(_a5_)));{'d0': {'_a0_': 1.837596495220113, '_a2_': 0.7571003485481286, '_a5_': 1.202736915971381, '_a1_': 1.0, '_a3_': 1.0, '_a4_': 1.0, '_a6_': 1.0, '_a7_': 1.0}};{'d0': 0.024905832919416615};-280.569866449044;32.47189893519399
45690;-107.813034289328;(x * (pow2(((x * _a0_) + pow2(_a2_))) + pow2(_a5_)));{'d0': {'_a0_': 1.837596495220113, '_a2_': 0.7571003485481286, '_a5_': 1.202736915971381, '_a1_': 1.0, '_a3_': 1.0, '_a4_': 1.0, '_a6_': 1.0, '_a7_': 1.0}};{'d0': 0.024905832919416615};-280.569866449044;32.47189893519399
45691;-107.813034289328;(x * (pow2(((x * _a0_) + pow2(_a2_))) + pow2(_a5_)));{'d0': {'_a0_': 1.837596495220113, '_a2_': 0.7571003485481286, '_a5_': 1.202736915971381, '_a1_': 1.0, '_a3_': 1.0, '_a4_': 1.0, '_a6_': 1.0, '_a7_': 1.0}};{'d0': 0.024905832919416615};-280.569866449044;32.47189893519399
45692;-107.813034289328;(x * (pow2(((x * _a0_) + pow2(_a2_))) + pow2(_a5_)));{'d0': {'_a0_': 1.837596495220113, '_a2_': 0.7571003485481286, '_a5_': 1.202736915971381, '_a1_': 1.0, '_a3_': 1.0, '_a4_': 1.0, '_a6_': 1.0, '_a7_': 1.0}};{'d0': 0.024905832919416615};-280.569866449044;32.47189893519399
45693;-107.813034289328;(x * (pow2(((x * _a0_) + pow2(_a2_))) + pow2(_a5_)));{'d0': {'_a0_': 1.837596495220113, '_a2_': 0.7571003485481286, '_a5_': 1.202736915971381, '_a1_': 1.0, '_a3_': 1.0, '_a4_': 1.0, '_a6_': 1.0, '_a7_': 1.0}};{'d0': 0.024905832919416615};-280.569866449044;32.47189893519399
45694;-107.813034289328;(x * (pow2(((x * _a0_) + pow2(_a2_))) + pow2(_a5_)));{'d0': {'_a0_': 1.837596495220113, '_a2_': 0.7571003485481286, '_a5_': 1.202736915971381, '_a1_': 1.0, '_a3_': 1.0, '_a4_': 1.0, '_a6_': 1.0, '_a7_': 1.0}};{'d0': 0.024905832919416615};-280.569866449044;32.47189893519399
45695;-107.813034289328;(x * (pow2(((x * _a0_) + pow2(_a2_))) + pow2(_a5_)));{'d0': {'_a0_': 1.837596495220113, '_a2_': 0.7571003485481286, '_a5_': 1.202736915971381, '_a1_': 1.0, '_a3_': 1.0, '_a4_': 1.0, '_a6_': 1.0, '_a7_': 1.0}};{'d0': 0.024905832919416615};-280.569866449044;32.47189893519399
45696;-107.813034289328;(x * (pow2(((x * _a0_) + pow2(_a2_))) + pow2(_a5_)));{'d0': {'_a0_': 1.837596495220113, '_a2_': 0.7571003485481286, '_a5_': 1.202736915971381, '_a1_': 1.0, '_a3_': 1.0, '_a4_': 1.0, '_a6_': 1.0, '_a7_': 1.0}};{'d0': 0.024905832919416615};-280.569866449044;32.47189893519399
45697;-107.813034289328;(x * (pow2(((x * _a0_) + pow2(_a2_))) + pow2(_a5_)));{'d0': {'_a0_': 1.837596495220113, '_a2_': 0.7571003485481286, '_a5_': 1.202736915971381, '_a1_': 1.0, '_a3_': 1.0, '_a4_': 1.0, '_a6_': 1.0, '_a7_': 1.0}};{'d0': 0.024905832919416615};-280.569866449044;32.47189893519399
45698;-107.813034289328;(x * (pow2(((x * _a0_) + pow2(_a2_))) + pow2(_a5_)));{'d0': {'_a0_': 1.837596495220113, '_a2_': 0.7571003485481286, '_a5_': 1.202736915971381, '_a1_': 1.0, '_a3_': 1.0, '_a4_': 1.0, '_a6_': 1.0, '_a7_': 1.0}};{'d0': 0.024905832919416615};-280.569866449044;32.47189893519399
45699;-107.813034289328;(x * (pow2(((x * _a0_) + pow2(_a2_))) + pow2(_a5_)));{'d0': {'_a0_': 1.837596495220113, '_a2_': 0.7571003485481286, '_a5_': 1.202736915971381, '_a1_': 1.0, '_a3_': 1.0, '_a4_': 1.0, '_a6_': 1.0, '_a7_': 1.0}};{'d0': 0.024905832919416615};-280.569866449044;32.47189893519399
45700;-90.8626572191647;((_a7_ * x) * (((_a0_ + (_a0_ * (_a1_ * x))) * (x / pow2(pow2(_a1_)))) + _a1_));{'d0': {'_a0_': 12.558040635881559, '_a1_': 1.6029252334607353, '_a7_': 1.1074349373126693, '_a2_': 1.0, '_a3_': 1.0, '_a4_': 1.0, '_a5_': 1.0, '_a6_': 1.0}};{'d0': 0.024905832919416677};-280.569866449043;49.42227600535746
45701;-90.8626572191647;((_a7_ * x) * (((_a0_ + (_a0_ * (_a1_ * x))) * (x / pow2(pow2(_a1_)))) + _a1_));{'d0': {'_a0_': 12.558040635881559, '_a1_': 1.6029252334607353, '_a7_': 1.1074349373126693, '_a2_': 1.0, '_a3_': 1.0, '_a4_': 1.0, '_a5_': 1.0, '_a6_': 1.0}};{'d0': 0.024905832919416677};-280.569866449043;49.42227600535746
45702;-90.8626572191647;((_a7_ * x) * (((_a0_ + (_a1_ * (_a1_ * x))) * (x / pow2(pow2(_a1_)))) + _a1_));{'d0': {'_a0_': 0.4063567889613622, '_a1_': 0.8070684921722807, '_a7_': 2.1994854490411537, '_a2_': 1.0, '_a3_': 1.0, '_a4_': 1.0, '_a5_': 1.0, '_a6_': 1.0}};{'d0': 0.02490583291941667};-280.569866449043;49.42227600535746
45703;-90.8626572191647;((_a7_ * x) * (((_a0_ + (_a1_ * (_a1_ * x))) * (x / pow2(pow2(_a1_)))) + _a1_));{'d0': {'_a0_': 0.4063567889613622, '_a1_': 0.8070684921722807, '_a7_': 2.1994854490411537, '_a2_': 1.0, '_a3_': 1.0, '_a4_': 1.0, '_a5_': 1.0, '_a6_': 1.0}};{'d0': 0.02490583291941667};-280.569866449043;49.42227600535746
45704;-90.8626572191647;((_a7_ * x) * (((_a0_ + (_a1_ * (_a1_ * x))) * (x / pow2(pow2(_a1_)))) + _a1_));{'d0': {'_a0_': 0.4063567889613622, '_a1_': 0.8070684921722807, '_a7_': 2.1994854490411537, '_a2_': 1.0, '_a3_': 1.0, '_a4_': 1.0, '_a5_': 1.0, '_a6_': 1.0}};{'d0': 0.02490583291941667};-280.569866449043;49.42227600535746
45705;-107.813034289328;(x * (pow2(((x * _a0_) + pow2(_a2_))) + pow2(_a5_)));{'d0': {'_a0_': 1.837596495220113, '_a2_': 0.7571003485481286, '_a5_': 1.202736915971381, '_a1_': 1.0, '_a3_': 1.0, '_a4_': 1.0, '_a6_': 1.0, '_a7_': 1.0}};{'d0': 0.024905832919416615};-280.569866449044;32.47189893519399
45706;-107.813034289328;(x * (pow2(((x * _a0_) + pow2(_a2_))) + pow2(_a5_)));{'d0': {'_a0_': 1.837596495220113, '_a2_': 0.7571003485481286, '_a5_': 1.202736915971381, '_a1_': 1.0, '_a3_': 1.0, '_a4_': 1.0, '_a6_': 1.0, '_a7_': 1.0}};{'d0': 0.024905832919416615};-280.569866449044;32.47189893519399
45707;-107.813034289328;(x * (pow2(((x * _a0_) + pow2(_a2_))) + pow2(_a5_)));{'d0': {'_a0_': 1.837596495220113, '_a2_': 0.7571003485481286, '_a5_': 1.202736915971381, '_a1_': 1.0, '_a3_': 1.0, '_a4_': 1.0, '_a6_': 1.0, '_a7_': 1.0}};{'d0': 0.024905832919416615};-280.569866449044;32.47189893519399
45708;-107.813034289328;(x * (pow2(((x * _a0_) + pow2(_a2_))) + pow2(_a5_)));{'d0': {'_a0_': 1.837596495220113, '_a2_': 0.7571003485481286, '_a5_': 1.202736915971381, '_a1_': 1.0, '_a3_': 1.0, '_a4_': 1.0, '_a6_': 1.0, '_a7_': 1.0}};{'d0': 0.024905832919416615};-280.569866449044;32.47189893519399
45709;-107.813034289328;(x * (pow2(((x * _a0_) + pow2(_a2_))) + pow2(_a5_)));{'d0': {'_a0_': 1.837596495220113, '_a2_': 0.7571003485481286, '_a5_': 1.202736915971381, '_a1_': 1.0, '_a3_': 1.0, '_a4_': 1.0, '_a6_': 1.0, '_a7_': 1.0}};{'d0': 0.024905832919416615};-280.569866449044;32.47189893519399
45710;-107.831021601677;(x * (pow2(((x * _a0_) + pow2(_a2_))) + -(_a5_)));{'d0': {'_a0_': 1.837596495066196, '_a2_': 0.7571003485530489, '_a5_': -1.4465760892586212, '_a1_': 1.0, '_a3_': 1.0, '_a4_': 1.0, '_a6_': 1.0, '_a7_': 1.0}};{'d0': 0.024905832919416622};-280.569866449044;32.45391162284438
45711;-107.831021601677;(x * (pow2(((x * _a0_) + pow2(_a2_))) + -(_a5_)));{'d0': {'_a0_': 1.837596495066196, '_a2_': 0.7571003485530489, '_a5_': -1.4465760892586212, '_a1_': 1.0, '_a3_': 1.0, '_a4_': 1.0, '_a6_': 1.0, '_a7_': 1.0}};{'d0': 0.024905832919416622};-280.569866449044;32.45391162284438
45712;-107.831021601677;(x * (pow2(((x * _a0_) + pow2(_a2_))) + -(_a5_)));{'d0': {'_a0_': 1.837596495066196, '_a2_': 0.7571003485530489, '_a5_': -1.4465760892586212, '_a1_': 1.0, '_a3_': 1.0, '_a4_': 1.0, '_a6_': 1.0, '_a7_': 1.0}};{'d0': 0.024905832919416622};-280.569866449044;32.45391162284438
45713;-107.831021601677;(x * (pow2(((x * _a0_) + pow2(_a2_))) + -(_a5_)));{'d0': {'_a0_': 1.837596495066196, '_a2_': 0.7571003485530489, '_a5_': -1.4465760892586212, '_a1_': 1.0, '_a3_': 1.0, '_a4_': 1.0, '_a6_': 1.0, '_a7_': 1.0}};{'d0': 0.024905832919416622};-280.569866449044;32.45391162284438
45714;-107.831021601677;(x * (pow2(((x * _a0_) + pow2(_a2_))) + -(_a5_)));{'d0': {'_a0_': 1.837596495066196, '_a2_': 0.7571003485530489, '_a5_': -1.4465760892586212, '_a1_': 1.0, '_a3_': 1.0, '_a4_': 1.0, '_a6_': 1.0, '_a7_': 1.0}};{'d0': 0.024905832919416622};-280.569866449044;32.45391162284438
45715;-107.831021601677;(x * (pow2(((x * _a0_) + pow2(_a2_))) + -(_a5_)));{'d0': {'_a0_': 1.837596495066196, '_a2_': 0.7571003485530489, '_a5_': -1.4465760892586212, '_a1_': 1.0, '_a3_': 1.0, '_a4_': 1.0, '_a6_': 1.0, '_a7_': 1.0}};{'d0': 0.024905832919416622};-280.569866449044;32.45391162284438
45716;-107.831021601677;(x * (pow2(((x * _a0_) + pow2(_a2_))) + -(_a5_)));{'d0': {'_a0_': 1.837596495066196, '_a2_': 0.7571003485530489, '_a5_': -1.4465760892586212, '_a1_': 1.0, '_a3_': 1.0, '_a4_': 1.0, '_a6_': 1.0, '_a7_': 1.0}};{'d0': 0.024905832919416622};-280.569866449044;32.45391162284438
45717;-107.831021601677;(x * (pow2(((x * _a0_) + pow2(_a2_))) + -(_a5_)));{'d0': {'_a0_': 1.837596495066196, '_a2_': 0.7571003485530489, '_a5_': -1.4465760892586212, '_a1_': 1.0, '_a3_': 1.0, '_a4_': 1.0, '_a6_': 1.0, '_a7_': 1.0}};{'d0': 0.024905832919416622};-280.569866449044;32.45391162284438
45718;-107.831021601677;(x * (pow2(((x * _a0_) + pow2(_a2_))) + -(_a5_)));{'d0': {'_a0_': 1.837596495066196, '_a2_': 0.7571003485530489, '_a5_': -1.4465760892586212, '_a1_': 1.0, '_a3_': 1.0, '_a4_': 1.0, '_a6_': 1.0, '_a7_': 1.0}};{'d0': 0.024905832919416622};-280.569866449044;32.45391162284438
45719;-107.831021601677;(x * (pow2(((x * _a0_) + pow2(_a2_))) + -(_a5_)));{'d0': {'_a0_': 1.837596495066196, '_a2_': 0.7571003485530489, '_a5_': -1.4465760892586212, '_a1_': 1.0, '_a3_': 1.0, '_a4_': 1.0, '_a6_': 1.0, '_a7_': 1.0}};{'d0': 0.024905832919416622};-280.569866449044;32.45391162284438
45720;-107.831021601677;(x * (pow2(((x * _a0_) + pow2(_a2_))) + -(_a5_)));{'d0': {'_a0_': 1.837596495066196, '_a2_': 0.7571003485530489, '_a5_': -1.4465760892586212, '_a1_': 1.0, '_a3_': 1.0, '_a4_': 1.0, '_a6_': 1.0, '_a7_': 1.0}};{'d0': 0.024905832919416622};-280.569866449044;32.45391162284438
45721;-107.831021601677;(x * (pow2(((x * _a0_) + pow2(_a2_))) + -(_a5_)));{'d0': {'_a0_': 1.837596495066196, '_a2_': 0.7571003485530489, '_a5_': -1.4465760892586212, '_a1_': 1.0, '_a3_': 1.0, '_a4_': 1.0, '_a6_': 1.0, '_a7_': 1.0}};{'d0': 0.024905832919416622};-280.569866449044;32.45391162284438
45722;-107.831021601677;(x * (pow2(((x * _a0_) + pow2(_a2_))) + -(_a5_)));{'d0': {'_a0_': 1.837596495066196, '_a2_': 0.7571003485530489, '_a5_': -1.4465760892586212, '_a1_': 1.0, '_a3_': 1.0, '_a4_': 1.0, '_a6_': 1.0, '_a7_': 1.0}};{'d0': 0.024905832919416622};-280.569866449044;32.45391162284438
45723;-107.831021601677;(x * (pow2(((x * _a0_) + pow2(_a2_))) + -(_a5_)));{'d0': {'_a0_': 1.837596495066196, '_a2_': 0.7571003485530489, '_a5_': -1.4465760892586212, '_a1_': 1.0, '_a3_': 1.0, '_a4_': 1.0, '_a6_': 1.0, '_a7_': 1.0}};{'d0': 0.024905832919416622};-280.569866449044;32.45391162284438
45724;-107.831021601677;(x * (pow2(((x * _a0_) + pow2(_a2_))) + -(_a5_)));{'d0': {'_a0_': 1.837596495066196, '_a2_': 0.7571003485530489, '_a5_': -1.4465760892586212, '_a1_': 1.0, '_a3_': 1.0, '_a4_': 1.0, '_a6_': 1.0, '_a7_': 1.0}};{'d0': 0.024905832919416622};-280.569866449044;32.45391162284438
45725;-107.831021601677;(x * (pow2(((x * _a0_) + pow2(_a2_))) + -(_a5_)));{'d0': {'_a0_': 1.837596495066196, '_a2_': 0.7571003485530489, '_a5_': -1.4465760892586212, '_a1_': 1.0, '_a3_': 1.0, '_a4_': 1.0, '_a6_': 1.0, '_a7_': 1.0}};{'d0': 0.024905832919416622};-280.569866449044;32.45391162284438
45726;-107.831021601677;(x * (pow2(((x * _a0_) + pow2(_a2_))) + -(_a5_)));{'d0': {'_a0_': 1.837596495066196, '_a2_': 0.7571003485530489, '_a5_': -1.4465760892586212, '_a1_': 1.0, '_a3_': 1.0, '_a4_': 1.0, '_a6_': 1.0, '_a7_': 1.0}};{'d0': 0.024905832919416622};-280.569866449044;32.45391162284438
45727;-107.831021601677;(x * (pow2(((x * _a0_) + pow2(_a2_))) + -(_a5_)));{'d0': {'_a0_': 1.837596495066196, '_a2_': 0.7571003485530489, '_a5_': -1.4465760892586212, '_a1_': 1.0, '_a3_': 1.0, '_a4_': 1.0, '_a6_': 1.0, '_a7_': 1.0}};{'d0': 0.024905832919416622};-280.569866449044;32.45391162284438
45728;-90.8626572191647;((_a7_ * x) * (((_a0_ + (_a1_ * (_a1_ * x))) * (x / pow2(pow2(_a1_)))) + _a1_));{'d0': {'_a0_': 0.4063567889613622, '_a1_': 0.8070684921722807, '_a7_': 2.1994854490411537, '_a2_': 1.0, '_a3_': 1.0, '_a4_': 1.0, '_a5_': 1.0, '_a6_': 1.0}};{'d0': 0.02490583291941667};-280.569866449043;49.42227600535746
45729;-90.8626572191647;((_a7_ * x) * (((_a0_ + (_a1_ * (_a1_ * x))) * (x / pow2(pow2(_a1_)))) + _a1_));{'d0': {'_a0_': 0.4063567889613622, '_a1_': 0.8070684921722807, '_a7_': 2.1994854490411537, '_a2_': 1.0, '_a3_': 1.0, '_a4_': 1.0, '_a5_': 1.0, '_a6_': 1.0}};{'d0': 0.02490583291941667};-280.569866449043;49.42227600535746
45730;-85.4965890845048;((_a7_ * x) * (((exp(_a3_) + (_a1_ * (_a1_ * x))) * (x / pow2(pow2(_a1_)))) + _a1_));{'d0': {'_a1_': 0.8070684920329875, '_a3_': -0.900523715340162, '_a7_': 2.199485448745172, '_a0_': 1.0, '_a2_': 1.0, '_a4_': 1.0, '_a5_': 1.0, '_a6_': 1.0}};{'d0': 0.024905832919416608};-280.569866449044;54.78834414001746
45731;-85.4965890845048;((_a7_ * x) * (((exp(_a3_) + (_a1_ * (_a1_ * x))) * (x / pow2(pow2(_a1_)))) + _a1_));{'d0': {'_a1_': 0.8070684920329875, '_a3_': -0.900523715340162, '_a7_': 2.199485448745172, '_a0_': 1.0, '_a2_': 1.0, '_a4_': 1.0, '_a5_': 1.0, '_a6_': 1.0}};{'d0': 0.024905832919416608};-280.569866449044;54.78834414001746
45732;-107.831021601677;(x * (pow2(((x * _a0_) + pow2(_a2_))) + -(_a5_)));{'d0': {'_a0_': 1.837596495066196, '_a2_': 0.7571003485530489, '_a5_': -1.4465760892586212, '_a1_': 1.0, '_a3_': 1.0, '_a4_': 1.0, '_a6_': 1.0, '_a7_': 1.0}};{'d0': 0.024905832919416622};-280.569866449044;32.45391162284438
45733;-107.831021601677;(x * (pow2(((x * _a0_) + pow2(_a2_))) + -(_a5_)));{'d0': {'_a0_': 1.837596495066196, '_a2_': 0.7571003485530489, '_a5_': -1.4465760892586212, '_a1_': 1.0, '_a3_': 1.0, '_a4_': 1.0, '_a6_': 1.0, '_a7_': 1.0}};{'d0': 0.024905832919416622};-280.569866449044;32.45391162284438
45734;-107.831021601677;(x * (pow2(((x * _a0_) + pow2(_a2_))) + -(_a5_)));{'d0': {'_a0_': 1.837596495066196, '_a2_': 0.7571003485530489, '_a5_': -1.4465760892586212, '_a1_': 1.0, '_a3_': 1.0, '_a4_': 1.0, '_a6_': 1.0, '_a7_': 1.0}};{'d0': 0.024905832919416622};-280.569866449044;32.45391162284438
45735;-107.831021601677;(x * (pow2(((x * _a0_) + pow2(_a2_))) + -(_a5_)));{'d0': {'_a0_': 1.837596495066196, '_a2_': 0.7571003485530489, '_a5_': -1.4465760892586212, '_a1_': 1.0, '_a3_': 1.0, '_a4_': 1.0, '_a6_': 1.0, '_a7_': 1.0}};{'d0': 0.024905832919416622};-280.569866449044;32.45391162284438
45736;-107.831021601677;(x * (pow2(((x * _a0_) + pow2(_a2_))) + -(_a5_)));{'d0': {'_a0_': 1.837596495066196, '_a2_': 0.7571003485530489, '_a5_': -1.4465760892586212, '_a1_': 1.0, '_a3_': 1.0, '_a4_': 1.0, '_a6_': 1.0, '_a7_': 1.0}};{'d0': 0.024905832919416622};-280.569866449044;32.45391162284438
45737;-107.831021601677;(x * (pow2(((x * _a0_) + pow2(_a2_))) + -(_a5_)));{'d0': {'_a0_': 1.837596495066196, '_a2_': 0.7571003485530489, '_a5_': -1.4465760892586212, '_a1_': 1.0, '_a3_': 1.0, '_a4_': 1.0, '_a6_': 1.0, '_a7_': 1.0}};{'d0': 0.024905832919416622};-280.569866449044;32.45391162284438
45738;-107.831021601677;(x * (pow2(((x * _a0_) + pow2(_a2_))) + -(_a5_)));{'d0': {'_a0_': 1.837596495066196, '_a2_': 0.7571003485530489, '_a5_': -1.4465760892586212, '_a1_': 1.0, '_a3_': 1.0, '_a4_': 1.0, '_a6_': 1.0, '_a7_': 1.0}};{'d0': 0.024905832919416622};-280.569866449044;32.45391162284438
45739;-107.831021601677;(x * (pow2(((x * _a0_) + pow2(_a2_))) + -(_a5_)));{'d0': {'_a0_': 1.837596495066196, '_a2_': 0.7571003485530489, '_a5_': -1.4465760892586212, '_a1_': 1.0, '_a3_': 1.0, '_a4_': 1.0, '_a6_': 1.0, '_a7_': 1.0}};{'d0': 0.024905832919416622};-280.569866449044;32.45391162284438
45740;-107.831021601677;(x * (pow2(((x * _a0_) + pow2(_a2_))) + -(_a5_)));{'d0': {'_a0_': 1.837596495066196, '_a2_': 0.7571003485530489, '_a5_': -1.4465760892586212, '_a1_': 1.0, '_a3_': 1.0, '_a4_': 1.0, '_a6_': 1.0, '_a7_': 1.0}};{'d0': 0.024905832919416622};-280.569866449044;32.45391162284438
45741;-107.831021601677;(x * (pow2(((x * _a0_) + pow2(_a2_))) + -(_a5_)));{'d0': {'_a0_': 1.837596495066196, '_a2_': 0.7571003485530489, '_a5_': -1.4465760892586212, '_a1_': 1.0, '_a3_': 1.0, '_a4_': 1.0, '_a6_': 1.0, '_a7_': 1.0}};{'d0': 0.024905832919416622};-280.569866449044;32.45391162284438
45742;-107.831021601677;(x * (pow2(((x * _a0_) + pow2(_a2_))) + -(_a5_)));{'d0': {'_a0_': 1.837596495066196, '_a2_': 0.7571003485530489, '_a5_': -1.4465760892586212, '_a1_': 1.0, '_a3_': 1.0, '_a4_': 1.0, '_a6_': 1.0, '_a7_': 1.0}};{'d0': 0.024905832919416622};-280.569866449044;32.45391162284438
45743;-107.831021601677;(x * (pow2(((x * _a0_) + pow2(_a2_))) + -(_a5_)));{'d0': {'_a0_': 1.837596495066196, '_a2_': 0.7571003485530489, '_a5_': -1.4465760892586212, '_a1_': 1.0, '_a3_': 1.0, '_a4_': 1.0, '_a6_': 1.0, '_a7_': 1.0}};{'d0': 0.024905832919416622};-280.569866449044;32.45391162284438
45744;-107.831021601677;(x * (pow2(((x * _a0_) + pow2(_a2_))) + -(_a5_)));{'d0': {'_a0_': 1.837596495066196, '_a2_': 0.7571003485530489, '_a5_': -1.4465760892586212, '_a1_': 1.0, '_a3_': 1.0, '_a4_': 1.0, '_a6_': 1.0, '_a7_': 1.0}};{'d0': 0.024905832919416622};-280.569866449044;32.45391162284438
45745;-107.831021601677;(x * (pow2(((x * _a0_) + pow2(_a2_))) + -(_a5_)));{'d0': {'_a0_': 1.837596495066196, '_a2_': 0.7571003485530489, '_a5_': -1.4465760892586212, '_a1_': 1.0, '_a3_': 1.0, '_a4_': 1.0, '_a6_': 1.0, '_a7_': 1.0}};{'d0': 0.024905832919416622};-280.569866449044;32.45391162284438
45746;-107.831021601677;(x * (pow2(((x * _a0_) + pow2(_a2_))) + -(_a5_)));{'d0': {'_a0_': 1.837596495066196, '_a2_': 0.7571003485530489, '_a5_': -1.4465760892586212, '_a1_': 1.0, '_a3_': 1.0, '_a4_': 1.0, '_a6_': 1.0, '_a7_': 1.0}};{'d0': 0.024905832919416622};-280.569866449044;32.45391162284438
45747;-107.831021601677;(x * (pow2(((x * _a0_) + pow2(_a2_))) + -(_a5_)));{'d0': {'_a0_': 1.837596495066196, '_a2_': 0.7571003485530489, '_a5_': -1.4465760892586212, '_a1_': 1.0, '_a3_': 1.0, '_a4_': 1.0, '_a6_': 1.0, '_a7_': 1.0}};{'d0': 0.024905832919416622};-280.569866449044;32.45391162284438
45748;-85.4965890845048;((_a7_ * x) * (((exp(_a3_) + (_a1_ * (_a1_ * x))) * (x / pow2(pow2(_a1_)))) + _a1_));{'d0': {'_a1_': 0.8070684920329875, '_a3_': -0.900523715340162, '_a7_': 2.199485448745172, '_a0_': 1.0, '_a2_': 1.0, '_a4_': 1.0, '_a5_': 1.0, '_a6_': 1.0}};{'d0': 0.024905832919416608};-280.569866449044;54.78834414001746
45749;-85.4965890845048;((_a7_ * x) * (((exp(_a3_) + (_a1_ * (_a1_ * x))) * (x / pow2(pow2(_a1_)))) + _a1_));{'d0': {'_a1_': 0.8070684920329875, '_a3_': -0.900523715340162, '_a7_': 2.199485448745172, '_a0_': 1.0, '_a2_': 1.0, '_a4_': 1.0, '_a5_': 1.0, '_a6_': 1.0}};{'d0': 0.024905832919416608};-280.569866449044;54.78834414001746
45750;-85.4965890845048;((_a7_ * x) * (((exp(_a3_) + (_a1_ * (_a1_ * x))) * (x / pow2(pow2(_a1_)))) + _a1_));{'d0': {'_a1_': 0.8070684920329875, '_a3_': -0.900523715340162, '_a7_': 2.199485448745172, '_a0_': 1.0, '_a2_': 1.0, '_a4_': 1.0, '_a5_': 1.0, '_a6_': 1.0}};{'d0': 0.024905832919416608};-280.569866449044;54.78834414001746
45751;-85.4965890845048;((_a7_ * x) * (((exp(_a3_) + (_a1_ * (_a1_ * x))) * (x / pow2(pow2(_a1_)))) + _a1_));{'d0': {'_a1_': 0.8070684920329875, '_a3_': -0.900523715340162, '_a7_': 2.199485448745172, '_a0_': 1.0, '_a2_': 1.0, '_a4_': 1.0, '_a5_': 1.0, '_a6_': 1.0}};{'d0': 0.024905832919416608};-280.569866449044;54.78834414001746
45752;-85.4965890845048;((_a7_ * x) * (((exp(_a3_) + (_a1_ * (_a1_ * x))) * (x / pow2(pow2(_a1_)))) + _a1_));{'d0': {'_a1_': 0.8070684920329875, '_a3_': -0.900523715340162, '_a7_': 2.199485448745172, '_a0_': 1.0, '_a2_': 1.0, '_a4_': 1.0, '_a5_': 1.0, '_a6_': 1.0}};{'d0': 0.024905832919416608};-280.569866449044;54.78834414001746
45753;-85.4965890845048;((_a7_ * x) * (((exp(_a3_) + (_a1_ * (_a1_ * x))) * (x / pow2(pow2(_a1_)))) + _a1_));{'d0': {'_a1_': 0.8070684920329875, '_a3_': -0.900523715340162, '_a7_': 2.199485448745172, '_a0_': 1.0, '_a2_': 1.0, '_a4_': 1.0, '_a5_': 1.0, '_a6_': 1.0}};{'d0': 0.024905832919416608};-280.569866449044;54.78834414001746
45754;-85.4965890845048;((_a7_ * x) * (((exp(_a3_) + (_a1_ * (_a1_ * x))) * (x / pow2(pow2(_a1_)))) + _a1_));{'d0': {'_a1_': 0.8070684920329875, '_a3_': -0.900523715340162, '_a7_': 2.199485448745172, '_a0_': 1.0, '_a2_': 1.0, '_a4_': 1.0, '_a5_': 1.0, '_a6_': 1.0}};{'d0': 0.024905832919416608};-280.569866449044;54.78834414001746
45755;-85.4965890845048;((_a7_ * x) * (((exp(_a3_) + (_a1_ * (_a1_ * x))) * (x / pow2(pow2(_a1_)))) + _a1_));{'d0': {'_a1_': 0.8070684920329875, '_a3_': -0.900523715340162, '_a7_': 2.199485448745172, '_a0_': 1.0, '_a2_': 1.0, '_a4_': 1.0, '_a5_': 1.0, '_a6_': 1.0}};{'d0': 0.024905832919416608};-280.569866449044;54.78834414001746
45756;-85.4965890845048;((_a7_ * x) * (((exp(_a3_) + (_a1_ * (_a1_ * x))) * (x / pow2(pow2(_a1_)))) + _a1_));{'d0': {'_a1_': 0.8070684920329875, '_a3_': -0.900523715340162, '_a7_': 2.199485448745172, '_a0_': 1.0, '_a2_': 1.0, '_a4_': 1.0, '_a5_': 1.0, '_a6_': 1.0}};{'d0': 0.024905832919416608};-280.569866449044;54.78834414001746
45757;-85.4965890845048;((_a7_ * x) * (((exp(_a3_) + (_a1_ * (_a1_ * x))) * (x / pow2(pow2(_a1_)))) + _a1_));{'d0': {'_a1_': 0.8070684920329875, '_a3_': -0.900523715340162, '_a7_': 2.199485448745172, '_a0_': 1.0, '_a2_': 1.0, '_a4_': 1.0, '_a5_': 1.0, '_a6_': 1.0}};{'d0': 0.024905832919416608};-280.569866449044;54.78834414001746
45758;-85.4965890845048;((_a7_ * x) * (((exp(_a3_) + (_a1_ * (_a1_ * x))) * (x / pow2(pow2(_a1_)))) + _a1_));{'d0': {'_a1_': 0.8070684920329875, '_a3_': -0.900523715340162, '_a7_': 2.199485448745172, '_a0_': 1.0, '_a2_': 1.0, '_a4_': 1.0, '_a5_': 1.0, '_a6_': 1.0}};{'d0': 0.024905832919416608};-280.569866449044;54.78834414001746
45759;-85.4965890845048;((_a7_ * x) * (((exp(_a3_) + (_a1_ * (_a1_ * x))) * (x / pow2(pow2(_a1_)))) + _a1_));{'d0': {'_a1_': 0.8070684920329875, '_a3_': -0.900523715340162, '_a7_': 2.199485448745172, '_a0_': 1.0, '_a2_': 1.0, '_a4_': 1.0, '_a5_': 1.0, '_a6_': 1.0}};{'d0': 0.024905832919416608};-280.569866449044;54.78834414001746
45760;-85.4965890845048;((_a7_ * x) * (((exp(_a3_) + (_a1_ * (_a1_ * x))) * (x / pow2(pow2(_a1_)))) + _a1_));{'d0': {'_a1_': 0.8070684920329875, '_a3_': -0.900523715340162, '_a7_': 2.199485448745172, '_a0_': 1.0, '_a2_': 1.0, '_a4_': 1.0, '_a5_': 1.0, '_a6_': 1.0}};{'d0': 0.024905832919416608};-280.569866449044;54.78834414001746
45761;-85.4965890845048;((_a7_ * x) * (((exp(_a3_) + (_a1_ * (_a1_ * x))) * (x / pow2(pow2(_a1_)))) + _a1_));{'d0': {'_a1_': 0.8070684920329875, '_a3_': -0.900523715340162, '_a7_': 2.199485448745172, '_a0_': 1.0, '_a2_': 1.0, '_a4_': 1.0, '_a5_': 1.0, '_a6_': 1.0}};{'d0': 0.024905832919416608};-280.569866449044;54.78834414001746
45762;-90.8626572191647;((_a7_ * x) * (((_a0_ + (_a1_ * (_a1_ * x))) * (x / pow2(pow2(_a1_)))) + _a1_));{'d0': {'_a0_': 0.4063567889613622, '_a1_': 0.8070684921722807, '_a7_': 2.1994854490411537, '_a2_': 1.0, '_a3_': 1.0, '_a4_': 1.0, '_a5_': 1.0, '_a6_': 1.0}};{'d0': 0.02490583291941667};-280.569866449043;49.42227600535746
45763;-79.4815884515443;((_a6_ + -(((-(pow2((-(((_a1_ + _a1_) + x)) * _a6_))) * _a5_) + (_a7_ + _a5_)))) * x);{'d0': {'_a1_': 0.15596485388937123, '_a5_': 2.7882190539668947, '_a6_': -1.1004914246886388, '_a7_': -5.335286567996473, '_a0_': 1.0, '_a2_': 1.0, '_a3_': 1.0, '_a4_': 1.0}};{'d0': 0.024905832920150375};-276.475521885054;58.75617249098262
45764;-79.4815884515443;((_a6_ + -(((-(pow2((-(((_a1_ + _a1_) + x)) * _a6_))) * _a5_) + (_a7_ + _a5_)))) * x);{'d0': {'_a1_': 0.15596485388937123, '_a5_': 2.7882190539668947, '_a6_': -1.1004914246886388, '_a7_': -5.335286567996473, '_a0_': 1.0, '_a2_': 1.0, '_a3_': 1.0, '_a4_': 1.0}};{'d0': 0.024905832920150375};-276.475521885054;58.75617249098262
45765;-79.4815884515443;((_a6_ + -(((-(pow2((-(((_a1_ + _a1_) + x)) * _a6_))) * _a5_) + (_a7_ + _a5_)))) * x);{'d0': {'_a1_': 0.15596485388937123, '_a5_': 2.7882190539668947, '_a6_': -1.1004914246886388, '_a7_': -5.335286567996473, '_a0_': 1.0, '_a2_': 1.0, '_a3_': 1.0, '_a4_': 1.0}};{'d0': 0.024905832920150375};-276.475521885054;58.75617249098262
45766;-79.4815884515443;((_a6_ + -(((-(pow2((-(((_a1_ + _a1_) + x)) * _a6_))) * _a5_) + (_a7_ + _a5_)))) * x);{'d0': {'_a1_': 0.15596485388937123, '_a5_': 2.7882190539668947, '_a6_': -1.1004914246886388, '_a7_': -5.335286567996473, '_a0_': 1.0, '_a2_': 1.0, '_a3_': 1.0, '_a4_': 1.0}};{'d0': 0.024905832920150375};-276.475521885054;58.75617249098262
45767;-79.4815884515443;((_a6_ + -(((-(pow2((-(((_a1_ + _a1_) + x)) * _a6_))) * _a5_) + (_a7_ + _a5_)))) * x);{'d0': {'_a1_': 0.15596485388937123, '_a5_': 2.7882190539668947, '_a6_': -1.1004914246886388, '_a7_': -5.335286567996473, '_a0_': 1.0, '_a2_': 1.0, '_a3_': 1.0, '_a4_': 1.0}};{'d0': 0.024905832920150375};-276.475521885054;58.75617249098262
45768;-79.4815884515443;((_a6_ + -(((-(pow2((-(((_a1_ + _a1_) + x)) * _a6_))) * _a5_) + (_a7_ + _a5_)))) * x);{'d0': {'_a1_': 0.15596485388937123, '_a5_': 2.7882190539668947, '_a6_': -1.1004914246886388, '_a7_': -5.335286567996473, '_a0_': 1.0, '_a2_': 1.0, '_a3_': 1.0, '_a4_': 1.0}};{'d0': 0.024905832920150375};-276.475521885054;58.75617249098262
45769;-90.8626572191647;((_a7_ * x) * (((_a0_ + (_a1_ * (_a1_ * x))) * (x / pow2(pow2(_a1_)))) + _a1_));{'d0': {'_a0_': 0.4063567889613622, '_a1_': 0.8070684921722807, '_a7_': 2.1994854490411537, '_a2_': 1.0, '_a3_': 1.0, '_a4_': 1.0, '_a5_': 1.0, '_a6_': 1.0}};{'d0': 0.02490583291941667};-280.569866449043;49.42227600535746
45770;-90.8626572191647;((_a7_ * x) * (((_a0_ + (_a1_ * (_a1_ * x))) * (x / pow2(pow2(_a1_)))) + _a1_));{'d0': {'_a0_': 0.4063567889613622, '_a1_': 0.8070684921722807, '_a7_': 2.1994854490411537, '_a2_': 1.0, '_a3_': 1.0, '_a4_': 1.0, '_a5_': 1.0, '_a6_': 1.0}};{'d0': 0.02490583291941667};-280.569866449043;49.42227600535746
45771;-90.8626572191647;((_a7_ * x) * (((_a0_ + (_a1_ * (_a1_ * x))) * (x / pow2(pow2(_a1_)))) + _a1_));{'d0': {'_a0_': 0.4063567889613622, '_a1_': 0.8070684921722807, '_a7_': 2.1994854490411537, '_a2_': 1.0, '_a3_': 1.0, '_a4_': 1.0, '_a5_': 1.0, '_a6_': 1.0}};{'d0': 0.02490583291941667};-280.569866449043;49.42227600535746
45772;-85.4965890845047;((exp(_a2_) * x) * (((_a0_ + (_a1_ * (_a1_ * x))) * (x / pow2(pow2(_a1_)))) + _a1_));{'d0': {'_a0_': 0.4063567892949482, '_a1_': 0.8070684924055695, '_a2_': 0.7882234462828158, '_a3_': 1.0, '_a4_': 1.0, '_a5_': 1.0, '_a6_': 1.0, '_a7_': 1.0}};{'d0': 0.024905832919416657};-280.569866449044;54.78834414001746
45773;-85.4965890845047;((exp(_a2_) * x) * (((_a0_ + (_a1_ * (_a1_ * x))) * (x / pow2(pow2(_a1_)))) + _a1_));{'d0': {'_a0_': 0.4063567892949482, '_a1_': 0.8070684924055695, '_a2_': 0.7882234462828158, '_a3_': 1.0, '_a4_': 1.0, '_a5_': 1.0, '_a6_': 1.0, '_a7_': 1.0}};{'d0': 0.024905832919416657};-280.569866449044;54.78834414001746
45774;-85.4965890845048;((exp(_a2_) * x) * (((_a7_ + (_a1_ * (_a1_ * x))) * (x / pow2(pow2(_a1_)))) + _a1_));{'d0': {'_a1_': 0.8070684917674327, '_a2_': 0.7882234459966361, '_a7_': 0.4063567883388635, '_a0_': 1.0, '_a3_': 1.0, '_a4_': 1.0, '_a5_': 1.0, '_a6_': 1.0}};{'d0': 0.024905832919416625};-280.569866449044;54.78834414001746
45775;-85.4965890845048;((exp(_a2_) * x) * (((_a7_ + (_a1_ * (_a1_ * x))) * (x / pow2(pow2(_a1_)))) + _a1_));{'d0': {'_a1_': 0.8070684917674327, '_a2_': 0.7882234459966361, '_a7_': 0.4063567883388635, '_a0_': 1.0, '_a3_': 1.0, '_a4_': 1.0, '_a5_': 1.0, '_a6_': 1.0}};{'d0': 0.024905832919416625};-280.569866449044;54.78834414001746
45776;-86.3734506237171;((_a6_ + -(((-(pow2((-((_a1_ + x)) * _a6_))) * _a5_) + (_a7_ * _a5_)))) * x);{'d0': {'_a1_': 0.31192970780420276, '_a5_': 0.8136730456703042, '_a6_': -2.037160189999227, '_a7_': -4.281493735992033, '_a0_': 1.0, '_a2_': 1.0, '_a3_': 1.0, '_a4_': 1.0}};{'d0': 0.024905832920507465};-276.475521884194;51.86431031837962
45777;-86.3734506237171;((_a6_ + -(((-(pow2((-((_a1_ + x)) * _a6_))) * _a5_) + (_a7_ * _a5_)))) * x);{'d0': {'_a1_': 0.31192970780420276, '_a5_': 0.8136730456703042, '_a6_': -2.037160189999227, '_a7_': -4.281493735992033, '_a0_': 1.0, '_a2_': 1.0, '_a3_': 1.0, '_a4_': 1.0}};{'d0': 0.024905832920507465};-276.475521884194;51.86431031837962
45778;-86.3734506237171;((_a6_ + -(((-(pow2((-((_a1_ + x)) * _a6_))) * _a5_) + (_a7_ * _a5_)))) * x);{'d0': {'_a1_': 0.31192970780420276, '_a5_': 0.8136730456703042, '_a6_': -2.037160189999227, '_a7_': -4.281493735992033, '_a0_': 1.0, '_a2_': 1.0, '_a3_': 1.0, '_a4_': 1.0}};{'d0': 0.024905832920507465};-276.475521884194;51.86431031837962
45779;-86.3734506237171;((_a6_ + -(((-(pow2((-((_a1_ + x)) * _a6_))) * _a5_) + (_a7_ * _a5_)))) * x);{'d0': {'_a1_': 0.31192970780420276, '_a5_': 0.8136730456703042, '_a6_': -2.037160189999227, '_a7_': -4.281493735992033, '_a0_': 1.0, '_a2_': 1.0, '_a3_': 1.0, '_a4_': 1.0}};{'d0': 0.024905832920507465};-276.475521884194;51.86431031837962
45780;-86.3734506237171;((_a6_ + -(((-(pow2((-((_a1_ + x)) * _a6_))) * _a5_) + (_a7_ * _a5_)))) * x);{'d0': {'_a1_': 0.31192970780420276, '_a5_': 0.8136730456703042, '_a6_': -2.037160189999227, '_a7_': -4.281493735992033, '_a0_': 1.0, '_a2_': 1.0, '_a3_': 1.0, '_a4_': 1.0}};{'d0': 0.024905832920507465};-276.475521884194;51.86431031837962
45781;-86.3734506237171;((_a6_ + -(((-(pow2((-((_a1_ + x)) * _a6_))) * _a5_) + (_a7_ * _a5_)))) * x);{'d0': {'_a1_': 0.31192970780420276, '_a5_': 0.8136730456703042, '_a6_': -2.037160189999227, '_a7_': -4.281493735992033, '_a0_': 1.0, '_a2_': 1.0, '_a3_': 1.0, '_a4_': 1.0}};{'d0': 0.024905832920507465};-276.475521884194;51.86431031837962
45782;-86.3734506237171;((_a6_ + -(((-(pow2((-((_a1_ + x)) * _a6_))) * _a5_) + (_a7_ * _a5_)))) * x);{'d0': {'_a1_': 0.31192970780420276, '_a5_': 0.8136730456703042, '_a6_': -2.037160189999227, '_a7_': -4.281493735992033, '_a0_': 1.0, '_a2_': 1.0, '_a3_': 1.0, '_a4_': 1.0}};{'d0': 0.024905832920507465};-276.475521884194;51.86431031837962
45783;-86.3734506237171;((_a6_ + -(((-(pow2((-((_a1_ + x)) * _a6_))) * _a5_) + (_a7_ * _a5_)))) * x);{'d0': {'_a1_': 0.31192970780420276, '_a5_': 0.8136730456703042, '_a6_': -2.037160189999227, '_a7_': -4.281493735992033, '_a0_': 1.0, '_a2_': 1.0, '_a3_': 1.0, '_a4_': 1.0}};{'d0': 0.024905832920507465};-276.475521884194;51.86431031837962
45784;-86.3734506237171;((_a6_ + -(((-(pow2((-((_a1_ + x)) * _a6_))) * _a5_) + (_a7_ * _a5_)))) * x);{'d0': {'_a1_': 0.31192970780420276, '_a5_': 0.8136730456703042, '_a6_': -2.037160189999227, '_a7_': -4.281493735992033, '_a0_': 1.0, '_a2_': 1.0, '_a3_': 1.0, '_a4_': 1.0}};{'d0': 0.024905832920507465};-276.475521884194;51.86431031837962
45785;-86.3734506237171;((_a6_ + -(((-(pow2((-((_a1_ + x)) * _a6_))) * _a5_) + (_a7_ * _a5_)))) * x);{'d0': {'_a1_': 0.31192970780420276, '_a5_': 0.8136730456703042, '_a6_': -2.037160189999227, '_a7_': -4.281493735992033, '_a0_': 1.0, '_a2_': 1.0, '_a3_': 1.0, '_a4_': 1.0}};{'d0': 0.024905832920507465};-276.475521884194;51.86431031837962
45786;-86.3734506237171;((_a6_ + -(((-(pow2((-((_a1_ + x)) * _a6_))) * _a5_) + (_a7_ * _a5_)))) * x);{'d0': {'_a1_': 0.31192970780420276, '_a5_': 0.8136730456703042, '_a6_': -2.037160189999227, '_a7_': -4.281493735992033, '_a0_': 1.0, '_a2_': 1.0, '_a3_': 1.0, '_a4_': 1.0}};{'d0': 0.024905832920507465};-276.475521884194;51.86431031837962
45787;-86.3734506237171;((_a6_ + -(((-(pow2((-((_a1_ + x)) * _a6_))) * _a5_) + (_a7_ * _a5_)))) * x);{'d0': {'_a1_': 0.31192970780420276, '_a5_': 0.8136730456703042, '_a6_': -2.037160189999227, '_a7_': -4.281493735992033, '_a0_': 1.0, '_a2_': 1.0, '_a3_': 1.0, '_a4_': 1.0}};{'d0': 0.024905832920507465};-276.475521884194;51.86431031837962
45788;-86.3734506237171;((_a6_ + -(((-(pow2((-((_a1_ + x)) * _a6_))) * _a5_) + (_a7_ * _a5_)))) * x);{'d0': {'_a1_': 0.31192970780420276, '_a5_': 0.8136730456703042, '_a6_': -2.037160189999227, '_a7_': -4.281493735992033, '_a0_': 1.0, '_a2_': 1.0, '_a3_': 1.0, '_a4_': 1.0}};{'d0': 0.024905832920507465};-276.475521884194;51.86431031837962
45789;-86.3734506237171;((_a6_ + -(((-(pow2((-((_a1_ + x)) * _a6_))) * _a5_) + (_a7_ * _a5_)))) * x);{'d0': {'_a1_': 0.31192970780420276, '_a5_': 0.8136730456703042, '_a6_': -2.037160189999227, '_a7_': -4.281493735992033, '_a0_': 1.0, '_a2_': 1.0, '_a3_': 1.0, '_a4_': 1.0}};{'d0': 0.024905832920507465};-276.475521884194;51.86431031837962
45790;-86.3734506237171;((_a6_ + -(((-(pow2((-((_a1_ + x)) * _a6_))) * _a5_) + (_a7_ * _a5_)))) * x);{'d0': {'_a1_': 0.31192970780420276, '_a5_': 0.8136730456703042, '_a6_': -2.037160189999227, '_a7_': -4.281493735992033, '_a0_': 1.0, '_a2_': 1.0, '_a3_': 1.0, '_a4_': 1.0}};{'d0': 0.024905832920507465};-276.475521884194;51.86431031837962
45791;-85.4965890845048;((exp(_a2_) * x) * (((_a7_ + (_a1_ * (_a1_ * x))) * (x / pow2(pow2(_a1_)))) + _a1_));{'d0': {'_a1_': 0.8070684917674327, '_a2_': 0.7882234459966361, '_a7_': 0.4063567883388635, '_a0_': 1.0, '_a3_': 1.0, '_a4_': 1.0, '_a5_': 1.0, '_a6_': 1.0}};{'d0': 0.024905832919416625};-280.569866449044;54.78834414001746
45792;-85.4965890845048;((exp(_a2_) * x) * (((_a7_ + (_a1_ * (_a1_ * x))) * (x / pow2(pow2(_a1_)))) + _a1_));{'d0': {'_a1_': 0.8070684917674327, '_a2_': 0.7882234459966361, '_a7_': 0.4063567883388635, '_a0_': 1.0, '_a3_': 1.0, '_a4_': 1.0, '_a5_': 1.0, '_a6_': 1.0}};{'d0': 0.024905832919416625};-280.569866449044;54.78834414001746
45793;-85.4965890845048;((exp(_a2_) * x) * (((_a7_ + (_a1_ * (_a1_ * x))) * (x / pow2(pow2(_a1_)))) + _a1_));{'d0': {'_a1_': 0.8070684917674327, '_a2_': 0.7882234459966361, '_a7_': 0.4063567883388635, '_a0_': 1.0, '_a3_': 1.0, '_a4_': 1.0, '_a5_': 1.0, '_a6_': 1.0}};{'d0': 0.024905832919416625};-280.569866449044;54.78834414001746
45794;-85.4965890845048;((exp(_a2_) * x) * (((_a7_ + (_a1_ * (_a1_ * x))) * (x / pow2(pow2(_a1_)))) + _a1_));{'d0': {'_a1_': 0.8070684917674327, '_a2_': 0.7882234459966361, '_a7_': 0.4063567883388635, '_a0_': 1.0, '_a3_': 1.0, '_a4_': 1.0, '_a5_': 1.0, '_a6_': 1.0}};{'d0': 0.024905832919416625};-280.569866449044;54.78834414001746
45795;-85.4965890845048;((exp(_a2_) * x) * (((_a7_ + (_a1_ * (_a1_ * x))) * (x / pow2(pow2(_a1_)))) + _a1_));{'d0': {'_a1_': 0.8070684917674327, '_a2_': 0.7882234459966361, '_a7_': 0.4063567883388635, '_a0_': 1.0, '_a3_': 1.0, '_a4_': 1.0, '_a5_': 1.0, '_a6_': 1.0}};{'d0': 0.024905832919416625};-280.569866449044;54.78834414001746
45796;-86.2028263528061;((exp(_a2_) * x) * (((_a7_ + (_a1_ * (_a1_ * x))) * (x * pow2(pow2(_a1_)))) + _a1_));{'d0': {'_a1_': 1.1372442882861151, '_a2_': 0.44526865932321424, '_a7_': 0.8068527112843121, '_a0_': 1.0, '_a3_': 1.0, '_a4_': 1.0, '_a5_': 1.0, '_a6_': 1.0}};{'d0': 0.02490583291941669};-280.569866449043;54.08210687171606
45797;-86.2028263528061;((exp(_a2_) * x) * (((_a7_ + (_a1_ * (_a1_ * x))) * (x * pow2(pow2(_a1_)))) + _a1_));{'d0': {'_a1_': 1.1372442882861151, '_a2_': 0.44526865932321424, '_a7_': 0.8068527112843121, '_a0_': 1.0, '_a3_': 1.0, '_a4_': 1.0, '_a5_': 1.0, '_a6_': 1.0}};{'d0': 0.02490583291941669};-280.569866449043;54.08210687171606
45798;-86.2028263528061;((exp(_a2_) * x) * (((_a7_ + (_a1_ * (_a1_ * x))) * (x * pow2(pow2(_a1_)))) + _a1_));{'d0': {'_a1_': 1.1372442882861151, '_a2_': 0.44526865932321424, '_a7_': 0.8068527112843121, '_a0_': 1.0, '_a3_': 1.0, '_a4_': 1.0, '_a5_': 1.0, '_a6_': 1.0}};{'d0': 0.02490583291941669};-280.569866449043;54.08210687171606
45799;-86.2028263528061;((exp(_a2_) * x) * (((_a7_ + (_a1_ * (_a1_ * x))) * (x * pow2(pow2(_a1_)))) + _a1_));{'d0': {'_a1_': 1.1372442882861151, '_a2_': 0.44526865932321424, '_a7_': 0.8068527112843121, '_a0_': 1.0, '_a3_': 1.0, '_a4_': 1.0, '_a5_': 1.0, '_a6_': 1.0}};{'d0': 0.02490583291941669};-280.569866449043;54.08210687171606
45800;-86.2028263528061;((exp(_a2_) * x) * (((_a7_ + (_a1_ * (_a1_ * x))) * (x * pow2(pow2(_a1_)))) + _a1_));{'d0': {'_a1_': 1.1372442882861151, '_a2_': 0.44526865932321424, '_a7_': 0.8068527112843121, '_a0_': 1.0, '_a3_': 1.0, '_a4_': 1.0, '_a5_': 1.0, '_a6_': 1.0}};{'d0': 0.02490583291941669};-280.569866449043;54.08210687171606
45801;-86.2028263528061;((exp(_a2_) * x) * (((_a7_ + (_a1_ * (_a1_ * x))) * (x * pow2(pow2(_a1_)))) + _a1_));{'d0': {'_a1_': 1.1372442882861151, '_a2_': 0.44526865932321424, '_a7_': 0.8068527112843121, '_a0_': 1.0, '_a3_': 1.0, '_a4_': 1.0, '_a5_': 1.0, '_a6_': 1.0}};{'d0': 0.02490583291941669};-280.569866449043;54.08210687171606
45802;-86.2028263528061;((exp(_a2_) * x) * (((_a7_ + (_a1_ * (_a1_ * x))) * (x * pow2(pow2(_a1_)))) + _a1_));{'d0': {'_a1_': 1.1372442882861151, '_a2_': 0.44526865932321424, '_a7_': 0.8068527112843121, '_a0_': 1.0, '_a3_': 1.0, '_a4_': 1.0, '_a5_': 1.0, '_a6_': 1.0}};{'d0': 0.02490583291941669};-280.569866449043;54.08210687171606
45803;-86.2028263528061;((exp(_a2_) * x) * (((_a7_ + (_a1_ * (_a1_ * x))) * (x * pow2(pow2(_a1_)))) + _a1_));{'d0': {'_a1_': 1.1372442882861151, '_a2_': 0.44526865932321424, '_a7_': 0.8068527112843121, '_a0_': 1.0, '_a3_': 1.0, '_a4_': 1.0, '_a5_': 1.0, '_a6_': 1.0}};{'d0': 0.02490583291941669};-280.569866449043;54.08210687171606
45804;-86.2028263528061;((exp(_a2_) * x) * (((_a7_ + (_a1_ * (_a1_ * x))) * (x * pow2(pow2(_a1_)))) + _a1_));{'d0': {'_a1_': 1.1372442882861151, '_a2_': 0.44526865932321424, '_a7_': 0.8068527112843121, '_a0_': 1.0, '_a3_': 1.0, '_a4_': 1.0, '_a5_': 1.0, '_a6_': 1.0}};{'d0': 0.02490583291941669};-280.569866449043;54.08210687171606
45805;-86.2028263528061;((exp(_a2_) * x) * (((_a7_ + (_a1_ * (_a1_ * x))) * (x * pow2(pow2(_a1_)))) + _a1_));{'d0': {'_a1_': 1.1372442882861151, '_a2_': 0.44526865932321424, '_a7_': 0.8068527112843121, '_a0_': 1.0, '_a3_': 1.0, '_a4_': 1.0, '_a5_': 1.0, '_a6_': 1.0}};{'d0': 0.02490583291941669};-280.569866449043;54.08210687171606
45806;-86.2028263528061;((exp(_a2_) * x) * (((_a7_ + (_a1_ * (_a1_ * x))) * (x * pow2(pow2(_a1_)))) + _a1_));{'d0': {'_a1_': 1.1372442882861151, '_a2_': 0.44526865932321424, '_a7_': 0.8068527112843121, '_a0_': 1.0, '_a3_': 1.0, '_a4_': 1.0, '_a5_': 1.0, '_a6_': 1.0}};{'d0': 0.02490583291941669};-280.569866449043;54.08210687171606
45807;-91.5688944874660;((_a2_ * x) * (((_a7_ + (_a1_ * (_a1_ * x))) * (x * pow2(pow2(_a1_)))) + _a1_));{'d0': {'_a1_': 1.137244288452542, '_a2_': 1.5609094917113766, '_a7_': 0.8068527114252917, '_a0_': 1.0, '_a3_': 1.0, '_a4_': 1.0, '_a5_': 1.0, '_a6_': 1.0}};{'d0': 0.024905832919416702};-280.569866449043;48.71603873705606
45808;-87.2723544613415;((_a6_ + -(((-(pow2((-((_a1_ + x)) * _a6_))) * _a5_) * (_a7_ * _a5_)))) * x);{'d0': {'_a1_': 0.3119297077714653, '_a5_': 0.6115579572944452, '_a6_': 1.44657608907474, '_a7_': 4.314618549506072, '_a0_': 1.0, '_a2_': 1.0, '_a3_': 1.0, '_a4_': 1.0}};{'d0': 0.024905832920197542};-276.475521884940;50.965406481128625
45809;-87.2723544613415;((_a6_ + -(((-(pow2((-((_a1_ + x)) * _a6_))) * _a5_) * (_a7_ * _a5_)))) * x);{'d0': {'_a1_': 0.3119297077714653, '_a5_': 0.6115579572944452, '_a6_': 1.44657608907474, '_a7_': 4.314618549506072, '_a0_': 1.0, '_a2_': 1.0, '_a3_': 1.0, '_a4_': 1.0}};{'d0': 0.024905832920197542};-276.475521884940;50.965406481128625
45810;-87.2723544613415;((_a6_ + -(((-(pow2((-((_a1_ + x)) * _a6_))) * _a5_) * (_a7_ * _a5_)))) * x);{'d0': {'_a1_': 0.3119297077714653, '_a5_': 0.6115579572944452, '_a6_': 1.44657608907474, '_a7_': 4.314618549506072, '_a0_': 1.0, '_a2_': 1.0, '_a3_': 1.0, '_a4_': 1.0}};{'d0': 0.024905832920197542};-276.475521884940;50.965406481128625
45811;-87.2723544613415;((_a6_ + -(((-(pow2((-((_a1_ + x)) * _a6_))) * _a5_) * (_a7_ * _a5_)))) * x);{'d0': {'_a1_': 0.3119297077714653, '_a5_': 0.6115579572944452, '_a6_': 1.44657608907474, '_a7_': 4.314618549506072, '_a0_': 1.0, '_a2_': 1.0, '_a3_': 1.0, '_a4_': 1.0}};{'d0': 0.024905832920197542};-276.475521884940;50.965406481128625
45812;-87.2723544613415;((_a6_ + -(((-(pow2((-((_a1_ + x)) * _a6_))) * _a5_) * (_a7_ * _a5_)))) * x);{'d0': {'_a1_': 0.3119297077714653, '_a5_': 0.6115579572944452, '_a6_': 1.44657608907474, '_a7_': 4.314618549506072, '_a0_': 1.0, '_a2_': 1.0, '_a3_': 1.0, '_a4_': 1.0}};{'d0': 0.024905832920197542};-276.475521884940;50.965406481128625
45813;-87.2723544613415;((_a6_ + -(((-(pow2((-((_a1_ + x)) * _a6_))) * _a5_) * (_a7_ * _a5_)))) * x);{'d0': {'_a1_': 0.3119297077714653, '_a5_': 0.6115579572944452, '_a6_': 1.44657608907474, '_a7_': 4.314618549506072, '_a0_': 1.0, '_a2_': 1.0, '_a3_': 1.0, '_a4_': 1.0}};{'d0': 0.024905832920197542};-276.475521884940;50.965406481128625
45814;-83.5744199714940;((_a6_ + -(((-(pow2((-((_a1_ + x)) * _a6_))) * pow2(_a7_)) * (_a7_ * _a5_)))) * x);{'d0': {'_a1_': 0.3119297075862172, '_a5_': 0.661831864556899, '_a6_': 1.446576088755361, '_a7_': 1.3459323099105343, '_a0_': 1.0, '_a2_': 1.0, '_a3_': 1.0, '_a4_': 1.0}};{'d0': 0.024905832934508005};-276.475521850465;54.663340953738626
45815;-83.5744199714940;((_a6_ + -(((-(pow2((-((_a1_ + x)) * _a6_))) * pow2(_a7_)) * (_a7_ * _a5_)))) * x);{'d0': {'_a1_': 0.3119297075862172, '_a5_': 0.661831864556899, '_a6_': 1.446576088755361, '_a7_': 1.3459323099105343, '_a0_': 1.0, '_a2_': 1.0, '_a3_': 1.0, '_a4_': 1.0}};{'d0': 0.024905832934508005};-276.475521850465;54.663340953738626
45816;-83.5744199714940;((_a6_ + -(((-(pow2((-((_a1_ + x)) * _a6_))) * pow2(_a7_)) * (_a7_ * _a5_)))) * x);{'d0': {'_a1_': 0.3119297075862172, '_a5_': 0.661831864556899, '_a6_': 1.446576088755361, '_a7_': 1.3459323099105343, '_a0_': 1.0, '_a2_': 1.0, '_a3_': 1.0, '_a4_': 1.0}};{'d0': 0.024905832934508005};-276.475521850465;54.663340953738626
45817;-83.5744199714940;((_a6_ + -(((-(pow2((-((_a1_ + x)) * _a6_))) * pow2(_a7_)) * (_a7_ * _a5_)))) * x);{'d0': {'_a1_': 0.3119297075862172, '_a5_': 0.661831864556899, '_a6_': 1.446576088755361, '_a7_': 1.3459323099105343, '_a0_': 1.0, '_a2_': 1.0, '_a3_': 1.0, '_a4_': 1.0}};{'d0': 0.024905832934508005};-276.475521850465;54.663340953738626
45818;-83.5744199714940;((_a6_ + -(((-(pow2((-((_a1_ + x)) * _a6_))) * pow2(_a7_)) * (_a7_ * _a5_)))) * x);{'d0': {'_a1_': 0.3119297075862172, '_a5_': 0.661831864556899, '_a6_': 1.446576088755361, '_a7_': 1.3459323099105343, '_a0_': 1.0, '_a2_': 1.0, '_a3_': 1.0, '_a4_': 1.0}};{'d0': 0.024905832934508005};-276.475521850465;54.663340953738626
45819;-83.5744199714940;((_a6_ + -(((-(pow2((-((_a1_ + x)) * _a6_))) * pow2(_a7_)) * (_a7_ * _a5_)))) * x);{'d0': {'_a1_': 0.3119297075862172, '_a5_': 0.661831864556899, '_a6_': 1.446576088755361, '_a7_': 1.3459323099105343, '_a0_': 1.0, '_a2_': 1.0, '_a3_': 1.0, '_a4_': 1.0}};{'d0': 0.024905832934508005};-276.475521850465;54.663340953738626
45820;-83.5744199714940;((_a6_ + -(((-(pow2((-((_a1_ + x)) * _a6_))) * pow2(_a7_)) * (_a7_ * _a5_)))) * x);{'d0': {'_a1_': 0.3119297075862172, '_a5_': 0.661831864556899, '_a6_': 1.446576088755361, '_a7_': 1.3459323099105343, '_a0_': 1.0, '_a2_': 1.0, '_a3_': 1.0, '_a4_': 1.0}};{'d0': 0.024905832934508005};-276.475521850465;54.663340953738626
45821;-83.5744199714940;((_a6_ + -(((-(pow2((-((_a1_ + x)) * _a6_))) * pow2(_a7_)) * (_a7_ * _a5_)))) * x);{'d0': {'_a1_': 0.3119297075862172, '_a5_': 0.661831864556899, '_a6_': 1.446576088755361, '_a7_': 1.3459323099105343, '_a0_': 1.0, '_a2_': 1.0, '_a3_': 1.0, '_a4_': 1.0}};{'d0': 0.024905832934508005};-276.475521850465;54.663340953738626
45822;-83.5744199714940;((_a6_ + -(((-(pow2((-((_a1_ + x)) * _a6_))) * pow2(_a7_)) * (_a7_ * _a5_)))) * x);{'d0': {'_a1_': 0.3119297075862172, '_a5_': 0.661831864556899, '_a6_': 1.446576088755361, '_a7_': 1.3459323099105343, '_a0_': 1.0, '_a2_': 1.0, '_a3_': 1.0, '_a4_': 1.0}};{'d0': 0.024905832934508005};-276.475521850465;54.663340953738626
45823;-83.5744199714940;((_a6_ + -(((-(pow2((-((_a1_ + x)) * _a6_))) * pow2(_a7_)) * (_a7_ * _a5_)))) * x);{'d0': {'_a1_': 0.3119297075862172, '_a5_': 0.661831864556899, '_a6_': 1.446576088755361, '_a7_': 1.3459323099105343, '_a0_': 1.0, '_a2_': 1.0, '_a3_': 1.0, '_a4_': 1.0}};{'d0': 0.024905832934508005};-276.475521850465;54.663340953738626
45824;-83.5744199714940;((_a6_ + -(((-(pow2((-((_a1_ + x)) * _a6_))) * pow2(_a7_)) * (_a7_ * _a5_)))) * x);{'d0': {'_a1_': 0.3119297075862172, '_a5_': 0.661831864556899, '_a6_': 1.446576088755361, '_a7_': 1.3459323099105343, '_a0_': 1.0, '_a2_': 1.0, '_a3_': 1.0, '_a4_': 1.0}};{'d0': 0.024905832934508005};-276.475521850465;54.663340953738626
45825;-83.5744199714940;((_a6_ + -(((-(pow2((-((_a1_ + x)) * _a6_))) * pow2(_a7_)) * (_a7_ * _a5_)))) * x);{'d0': {'_a1_': 0.3119297075862172, '_a5_': 0.661831864556899, '_a6_': 1.446576088755361, '_a7_': 1.3459323099105343, '_a0_': 1.0, '_a2_': 1.0, '_a3_': 1.0, '_a4_': 1.0}};{'d0': 0.024905832934508005};-276.475521850465;54.663340953738626
45826;-83.5744199714940;((_a6_ + -(((-(pow2((-((_a1_ + x)) * _a6_))) * pow2(_a7_)) * (_a7_ * _a5_)))) * x);{'d0': {'_a1_': 0.3119297075862172, '_a5_': 0.661831864556899, '_a6_': 1.446576088755361, '_a7_': 1.3459323099105343, '_a0_': 1.0, '_a2_': 1.0, '_a3_': 1.0, '_a4_': 1.0}};{'d0': 0.024905832934508005};-276.475521850465;54.663340953738626
45827;-83.5744199714940;((_a6_ + -(((-(pow2((-((_a1_ + x)) * _a6_))) * pow2(_a7_)) * (_a7_ * _a5_)))) * x);{'d0': {'_a1_': 0.3119297075862172, '_a5_': 0.661831864556899, '_a6_': 1.446576088755361, '_a7_': 1.3459323099105343, '_a0_': 1.0, '_a2_': 1.0, '_a3_': 1.0, '_a4_': 1.0}};{'d0': 0.024905832934508005};-276.475521850465;54.663340953738626
45828;-83.5744199714940;((_a6_ + -(((-(pow2((-((_a1_ + x)) * _a6_))) * pow2(_a7_)) * (_a7_ * _a5_)))) * x);{'d0': {'_a1_': 0.3119297075862172, '_a5_': 0.661831864556899, '_a6_': 1.446576088755361, '_a7_': 1.3459323099105343, '_a0_': 1.0, '_a2_': 1.0, '_a3_': 1.0, '_a4_': 1.0}};{'d0': 0.024905832934508005};-276.475521850465;54.663340953738626
45829;-83.5744199714940;((_a6_ + -(((-(pow2((-((_a1_ + x)) * _a6_))) * pow2(_a7_)) * (_a7_ * _a5_)))) * x);{'d0': {'_a1_': 0.3119297075862172, '_a5_': 0.661831864556899, '_a6_': 1.446576088755361, '_a7_': 1.3459323099105343, '_a0_': 1.0, '_a2_': 1.0, '_a3_': 1.0, '_a4_': 1.0}};{'d0': 0.024905832934508005};-276.475521850465;54.663340953738626
45830;-83.5744199714940;((_a6_ + -(((-(pow2((-((_a1_ + x)) * _a6_))) * pow2(_a7_)) * (_a7_ * _a5_)))) * x);{'d0': {'_a1_': 0.3119297075862172, '_a5_': 0.661831864556899, '_a6_': 1.446576088755361, '_a7_': 1.3459323099105343, '_a0_': 1.0, '_a2_': 1.0, '_a3_': 1.0, '_a4_': 1.0}};{'d0': 0.024905832934508005};-276.475521850465;54.663340953738626
45831;-83.5744199714940;((_a6_ + -(((-(pow2((-((_a1_ + x)) * _a6_))) * pow2(_a7_)) * (_a7_ * _a5_)))) * x);{'d0': {'_a1_': 0.3119297075862172, '_a5_': 0.661831864556899, '_a6_': 1.446576088755361, '_a7_': 1.3459323099105343, '_a0_': 1.0, '_a2_': 1.0, '_a3_': 1.0, '_a4_': 1.0}};{'d0': 0.024905832934508005};-276.475521850465;54.663340953738626
45832;-83.5744199714940;((_a6_ + -(((-(pow2((-((_a1_ + x)) * _a6_))) * pow2(_a7_)) * (_a7_ * _a5_)))) * x);{'d0': {'_a1_': 0.3119297075862172, '_a5_': 0.661831864556899, '_a6_': 1.446576088755361, '_a7_': 1.3459323099105343, '_a0_': 1.0, '_a2_': 1.0, '_a3_': 1.0, '_a4_': 1.0}};{'d0': 0.024905832934508005};-276.475521850465;54.663340953738626
45833;-83.5744199714940;((_a6_ + -(((-(pow2((-((_a1_ + x)) * _a6_))) * pow2(_a7_)) * (_a7_ * _a5_)))) * x);{'d0': {'_a1_': 0.3119297075862172, '_a5_': 0.661831864556899, '_a6_': 1.446576088755361, '_a7_': 1.3459323099105343, '_a0_': 1.0, '_a2_': 1.0, '_a3_': 1.0, '_a4_': 1.0}};{'d0': 0.024905832934508005};-276.475521850465;54.663340953738626
45834;-83.5744199714940;((_a6_ + -(((-(pow2((-((_a1_ + x)) * _a6_))) * pow2(_a7_)) * (_a7_ * _a5_)))) * x);{'d0': {'_a1_': 0.3119297075862172, '_a5_': 0.661831864556899, '_a6_': 1.446576088755361, '_a7_': 1.3459323099105343, '_a0_': 1.0, '_a2_': 1.0, '_a3_': 1.0, '_a4_': 1.0}};{'d0': 0.024905832934508005};-276.475521850465;54.663340953738626
45835;-83.5744199714940;((_a6_ + -(((-(pow2((-((_a1_ + x)) * _a6_))) * pow2(_a7_)) * (_a7_ * _a5_)))) * x);{'d0': {'_a1_': 0.3119297075862172, '_a5_': 0.661831864556899, '_a6_': 1.446576088755361, '_a7_': 1.3459323099105343, '_a0_': 1.0, '_a2_': 1.0, '_a3_': 1.0, '_a4_': 1.0}};{'d0': 0.024905832934508005};-276.475521850465;54.663340953738626
45836;-83.5744199714940;((_a6_ + -(((-(pow2((-((_a1_ + x)) * _a6_))) * pow2(_a7_)) * (_a7_ * _a5_)))) * x);{'d0': {'_a1_': 0.3119297075862172, '_a5_': 0.661831864556899, '_a6_': 1.446576088755361, '_a7_': 1.3459323099105343, '_a0_': 1.0, '_a2_': 1.0, '_a3_': 1.0, '_a4_': 1.0}};{'d0': 0.024905832934508005};-276.475521850465;54.663340953738626
45837;-83.5744199714940;((_a6_ + -(((-(pow2((-((_a1_ + x)) * _a6_))) * pow2(_a7_)) * (_a7_ * _a5_)))) * x);{'d0': {'_a1_': 0.3119297075862172, '_a5_': 0.661831864556899, '_a6_': 1.446576088755361, '_a7_': 1.3459323099105343, '_a0_': 1.0, '_a2_': 1.0, '_a3_': 1.0, '_a4_': 1.0}};{'d0': 0.024905832934508005};-276.475521850465;54.663340953738626
45838;-90.7423479365372;((_a2_ * x) * (((_a7_ + (_a1_ * (_a1_ * x))) * (x + pow2(pow2(_a1_)))) + _a1_));{'d0': {'_a1_': 1.0143325250136126, '_a2_': 3.2820077688297076, '_a7_': -0.447265459061299, '_a0_': 1.0, '_a3_': 1.0, '_a4_': 1.0, '_a5_': 1.0, '_a6_': 1.0}};{'d0': 0.024905832919416625};-280.569866449044;49.54258528798506
45839;-90.7423479365372;((_a2_ * x) * (((_a7_ + (_a1_ * (_a1_ * x))) * (x + pow2(pow2(_a1_)))) + _a1_));{'d0': {'_a1_': 1.0143325250136126, '_a2_': 3.2820077688297076, '_a7_': -0.447265459061299, '_a0_': 1.0, '_a3_': 1.0, '_a4_': 1.0, '_a5_': 1.0, '_a6_': 1.0}};{'d0': 0.024905832919416625};-280.569866449044;49.54258528798506
45840;-90.7423479365372;((_a2_ * x) * (((_a7_ + (_a1_ * (_a1_ * x))) * (x + pow2(pow2(_a1_)))) + _a1_));{'d0': {'_a1_': 1.0143325250136126, '_a2_': 3.2820077688297076, '_a7_': -0.447265459061299, '_a0_': 1.0, '_a3_': 1.0, '_a4_': 1.0, '_a5_': 1.0, '_a6_': 1.0}};{'d0': 0.024905832919416625};-280.569866449044;49.54258528798506
45841;-90.7423479365372;((_a2_ * x) * (((_a7_ + (_a1_ * (_a1_ * x))) * (x + pow2(pow2(_a1_)))) + _a1_));{'d0': {'_a1_': 1.0143325250136126, '_a2_': 3.2820077688297076, '_a7_': -0.447265459061299, '_a0_': 1.0, '_a3_': 1.0, '_a4_': 1.0, '_a5_': 1.0, '_a6_': 1.0}};{'d0': 0.024905832919416625};-280.569866449044;49.54258528798506
45842;-90.7423479365372;((_a2_ * x) * (((_a7_ + (_a1_ * (_a1_ * x))) * (x + pow2(pow2(_a1_)))) + _a1_));{'d0': {'_a1_': 1.0143325250136126, '_a2_': 3.2820077688297076, '_a7_': -0.447265459061299, '_a0_': 1.0, '_a3_': 1.0, '_a4_': 1.0, '_a5_': 1.0, '_a6_': 1.0}};{'d0': 0.024905832919416625};-280.569866449044;49.54258528798506
45843;-83.5744199714940;((_a6_ + -(((-(pow2((-((_a1_ + x)) * _a6_))) * pow2(_a7_)) * (_a7_ * _a5_)))) * x);{'d0': {'_a1_': 0.3119297075862172, '_a5_': 0.661831864556899, '_a6_': 1.446576088755361, '_a7_': 1.3459323099105343, '_a0_': 1.0, '_a2_': 1.0, '_a3_': 1.0, '_a4_': 1.0}};{'d0': 0.024905832934508005};-276.475521850465;54.663340953738626
45844;-83.5744199714940;((_a6_ + -(((-(pow2((-((_a1_ + x)) * _a6_))) * pow2(_a7_)) * (_a7_ * _a5_)))) * x);{'d0': {'_a1_': 0.3119297075862172, '_a5_': 0.661831864556899, '_a6_': 1.446576088755361, '_a7_': 1.3459323099105343, '_a0_': 1.0, '_a2_': 1.0, '_a3_': 1.0, '_a4_': 1.0}};{'d0': 0.024905832934508005};-276.475521850465;54.663340953738626
45845;-85.2772213479022;((_a6_ + -(((-(pow2((-((_a1_ + x)) * _a6_))) * pow2(_a7_)) * exp(_a7_)))) * x);{'d0': {'_a1_': 0.3119297078011181, '_a6_': 1.4465760896403952, '_a7_': 0.8362274068368138, '_a0_': 1.0, '_a2_': 1.0, '_a3_': 1.0, '_a4_': 1.0, '_a5_': 1.0}};{'d0': 0.024905832919416556};-280.569866449044;55.007711876619624
45846;-85.2772213479022;((_a6_ + -(((-(pow2((-((_a1_ + x)) * _a6_))) * pow2(_a7_)) * exp(_a7_)))) * x);{'d0': {'_a1_': 0.3119297078011181, '_a6_': 1.4465760896403952, '_a7_': 0.8362274068368138, '_a0_': 1.0, '_a2_': 1.0, '_a3_': 1.0, '_a4_': 1.0, '_a5_': 1.0}};{'d0': 0.024905832919416556};-280.569866449044;55.007711876619624
45847;-85.2772213479022;((_a6_ + -(((-(pow2((-((_a1_ + x)) * _a6_))) * pow2(_a7_)) * exp(_a7_)))) * x);{'d0': {'_a1_': 0.3119297078011181, '_a6_': 1.4465760896403952, '_a7_': 0.8362274068368138, '_a0_': 1.0, '_a2_': 1.0, '_a3_': 1.0, '_a4_': 1.0, '_a5_': 1.0}};{'d0': 0.024905832919416556};-280.569866449044;55.007711876619624
45848;-90.6432894825621;((_a6_ + -(((-(pow2((-((_a1_ + x)) * _a6_))) * pow2(_a7_)) * _a6_))) * x);{'d0': {'_a1_': 0.311929707773831, '_a6_': 1.4465760887983588, '_a7_': 1.0561807085142072, '_a0_': 1.0, '_a2_': 1.0, '_a3_': 1.0, '_a4_': 1.0, '_a5_': 1.0}};{'d0': 0.024905832919416636};-280.569866449044;49.641643741959626
45849;-90.6432894825621;((_a6_ + -(((-(pow2((-((_a1_ + x)) * _a6_))) * pow2(_a7_)) * _a6_))) * x);{'d0': {'_a1_': 0.311929707773831, '_a6_': 1.4465760887983588, '_a7_': 1.0561807085142072, '_a0_': 1.0, '_a2_': 1.0, '_a3_': 1.0, '_a4_': 1.0, '_a5_': 1.0}};{'d0': 0.024905832919416636};-280.569866449044;49.641643741959626
45850;-90.6432894825621;((_a6_ + -(((-(pow2((-((_a1_ + x)) * _a6_))) * pow2(_a7_)) * _a6_))) * x);{'d0': {'_a1_': 0.311929707773831, '_a6_': 1.4465760887983588, '_a7_': 1.0561807085142072, '_a0_': 1.0, '_a2_': 1.0, '_a3_': 1.0, '_a4_': 1.0, '_a5_': 1.0}};{'d0': 0.024905832919416636};-280.569866449044;49.641643741959626
45851;-90.6432894825621;((_a6_ + -(((-(pow2((-((_a1_ + x)) * _a6_))) * pow2(_a7_)) * _a6_))) * x);{'d0': {'_a1_': 0.311929707773831, '_a6_': 1.4465760887983588, '_a7_': 1.0561807085142072, '_a0_': 1.0, '_a2_': 1.0, '_a3_': 1.0, '_a4_': 1.0, '_a5_': 1.0}};{'d0': 0.024905832919416636};-280.569866449044;49.641643741959626
45852;-90.6432894825621;((_a6_ + -(((-(pow2((-((_a1_ + x)) * _a6_))) * pow2(_a7_)) * _a6_))) * x);{'d0': {'_a1_': 0.311929707773831, '_a6_': 1.4465760887983588, '_a7_': 1.0561807085142072, '_a0_': 1.0, '_a2_': 1.0, '_a3_': 1.0, '_a4_': 1.0, '_a5_': 1.0}};{'d0': 0.024905832919416636};-280.569866449044;49.641643741959626
45853;-90.6432894825621;((_a6_ + -(((-(pow2((-((_a1_ + x)) * _a6_))) * pow2(_a7_)) * _a6_))) * x);{'d0': {'_a1_': 0.311929707773831, '_a6_': 1.4465760887983588, '_a7_': 1.0561807085142072, '_a0_': 1.0, '_a2_': 1.0, '_a3_': 1.0, '_a4_': 1.0, '_a5_': 1.0}};{'d0': 0.024905832919416636};-280.569866449044;49.641643741959626
45854;-90.6432894825621;((_a6_ + -(((-(pow2((-((_a1_ + x)) * _a6_))) * pow2(_a7_)) * _a6_))) * x);{'d0': {'_a1_': 0.311929707773831, '_a6_': 1.4465760887983588, '_a7_': 1.0561807085142072, '_a0_': 1.0, '_a2_': 1.0, '_a3_': 1.0, '_a4_': 1.0, '_a5_': 1.0}};{'d0': 0.024905832919416636};-280.569866449044;49.641643741959626
45855;-90.6432894825621;((_a6_ + -(((-(pow2((-((_a1_ + x)) * _a6_))) * pow2(_a7_)) * _a6_))) * x);{'d0': {'_a1_': 0.311929707773831, '_a6_': 1.4465760887983588, '_a7_': 1.0561807085142072, '_a0_': 1.0, '_a2_': 1.0, '_a3_': 1.0, '_a4_': 1.0, '_a5_': 1.0}};{'d0': 0.024905832919416636};-280.569866449044;49.641643741959626
45856;-90.6432894825621;((_a6_ + -(((-(pow2((-((_a1_ + x)) * _a6_))) * pow2(_a7_)) * _a6_))) * x);{'d0': {'_a1_': 0.311929707773831, '_a6_': 1.4465760887983588, '_a7_': 1.0561807085142072, '_a0_': 1.0, '_a2_': 1.0, '_a3_': 1.0, '_a4_': 1.0, '_a5_': 1.0}};{'d0': 0.024905832919416636};-280.569866449044;49.641643741959626
45857;-90.6432894825621;((_a6_ + -(((-(pow2((-((_a1_ + x)) * _a6_))) * pow2(_a7_)) * _a6_))) * x);{'d0': {'_a1_': 0.311929707773831, '_a6_': 1.4465760887983588, '_a7_': 1.0561807085142072, '_a0_': 1.0, '_a2_': 1.0, '_a3_': 1.0, '_a4_': 1.0, '_a5_': 1.0}};{'d0': 0.024905832919416636};-280.569866449044;49.641643741959626
45858;-90.6432894825621;((_a6_ + -(((-(pow2((-((_a1_ + x)) * _a6_))) * pow2(_a7_)) * _a6_))) * x);{'d0': {'_a1_': 0.311929707773831, '_a6_': 1.4465760887983588, '_a7_': 1.0561807085142072, '_a0_': 1.0, '_a2_': 1.0, '_a3_': 1.0, '_a4_': 1.0, '_a5_': 1.0}};{'d0': 0.024905832919416636};-280.569866449044;49.641643741959626
45859;-90.7423479365372;((_a2_ * x) * (((_a7_ + (_a1_ * (_a1_ * x))) * (x + pow2(pow2(_a1_)))) + _a1_));{'d0': {'_a1_': 1.0143325250136126, '_a2_': 3.2820077688297076, '_a7_': -0.447265459061299, '_a0_': 1.0, '_a3_': 1.0, '_a4_': 1.0, '_a5_': 1.0, '_a6_': 1.0}};{'d0': 0.024905832919416625};-280.569866449044;49.54258528798506
45860;-90.7423479365372;((_a2_ * x) * (((_a7_ + (_a1_ * (_a1_ * x))) * (x + pow2(pow2(_a1_)))) + _a1_));{'d0': {'_a1_': 1.0143325250136126, '_a2_': 3.2820077688297076, '_a7_': -0.447265459061299, '_a0_': 1.0, '_a3_': 1.0, '_a4_': 1.0, '_a5_': 1.0, '_a6_': 1.0}};{'d0': 0.024905832919416625};-280.569866449044;49.54258528798506
45861;-90.7423479365372;((_a2_ * x) * (((_a7_ + (_a1_ * (_a1_ * x))) * (x + pow2(pow2(_a1_)))) + _a1_));{'d0': {'_a1_': 1.0143325250136126, '_a2_': 3.2820077688297076, '_a7_': -0.447265459061299, '_a0_': 1.0, '_a3_': 1.0, '_a4_': 1.0, '_a5_': 1.0, '_a6_': 1.0}};{'d0': 0.024905832919416625};-280.569866449044;49.54258528798506
45862;-90.7423479365372;((_a2_ * x) * (((_a7_ + (_a1_ * (_a1_ * x))) * (x + pow2(pow2(_a1_)))) + _a1_));{'d0': {'_a1_': 1.0143325250136126, '_a2_': 3.2820077688297076, '_a7_': -0.447265459061299, '_a0_': 1.0, '_a3_': 1.0, '_a4_': 1.0, '_a5_': 1.0, '_a6_': 1.0}};{'d0': 0.024905832919416625};-280.569866449044;49.54258528798506
45863;-90.7423479365372;((_a2_ * x) * (((_a7_ + (_a1_ * (_a1_ * x))) * (x + pow2(pow2(_a1_)))) + _a1_));{'d0': {'_a1_': 1.0143325250136126, '_a2_': 3.2820077688297076, '_a7_': -0.447265459061299, '_a0_': 1.0, '_a3_': 1.0, '_a4_': 1.0, '_a5_': 1.0, '_a6_': 1.0}};{'d0': 0.024905832919416625};-280.569866449044;49.54258528798506
45864;-90.7423479365372;((_a2_ * x) * (((_a7_ + (_a1_ * (_a1_ * x))) * (x + pow2(pow2(_a1_)))) + _a1_));{'d0': {'_a1_': 1.0143325250136126, '_a2_': 3.2820077688297076, '_a7_': -0.447265459061299, '_a0_': 1.0, '_a3_': 1.0, '_a4_': 1.0, '_a5_': 1.0, '_a6_': 1.0}};{'d0': 0.024905832919416625};-280.569866449044;49.54258528798506
45865;-90.7423479365372;((_a2_ * x) * (((_a7_ + (_a1_ * (_a1_ * x))) * (x + pow2(pow2(_a1_)))) + _a1_));{'d0': {'_a1_': 1.0143325250136126, '_a2_': 3.2820077688297076, '_a7_': -0.447265459061299, '_a0_': 1.0, '_a3_': 1.0, '_a4_': 1.0, '_a5_': 1.0, '_a6_': 1.0}};{'d0': 0.024905832919416625};-280.569866449044;49.54258528798506
45866;-90.7423479365372;((_a2_ * x) * (((_a7_ + (_a1_ * (_a1_ * x))) * (x + pow2(pow2(_a1_)))) + _a1_));{'d0': {'_a1_': 1.0143325250136126, '_a2_': 3.2820077688297076, '_a7_': -0.447265459061299, '_a0_': 1.0, '_a3_': 1.0, '_a4_': 1.0, '_a5_': 1.0, '_a6_': 1.0}};{'d0': 0.024905832919416625};-280.569866449044;49.54258528798506
45867;-90.7423479365372;((_a2_ * x) * (((_a7_ + (_a1_ * (_a1_ * x))) * (x + pow2(pow2(_a1_)))) + _a1_));{'d0': {'_a1_': 1.0143325250136126, '_a2_': 3.2820077688297076, '_a7_': -0.447265459061299, '_a0_': 1.0, '_a3_': 1.0, '_a4_': 1.0, '_a5_': 1.0, '_a6_': 1.0}};{'d0': 0.024905832919416625};-280.569866449044;49.54258528798506
45868;-90.7423479365372;((_a2_ * x) * (((_a7_ + (_a1_ * (_a1_ * x))) * (x + pow2(pow2(_a1_)))) + _a1_));{'d0': {'_a1_': 1.0143325250136126, '_a2_': 3.2820077688297076, '_a7_': -0.447265459061299, '_a0_': 1.0, '_a3_': 1.0, '_a4_': 1.0, '_a5_': 1.0, '_a6_': 1.0}};{'d0': 0.024905832919416625};-280.569866449044;49.54258528798506
45869;-85.6482934384361;((_a2_ * x) * (((_a7_ + ((_a7_ * _a2_) * (_a1_ * x))) * (x + pow2(pow2(_a1_)))) + _a1_));{'d0': {'_a1_': 0.4372226862856336, '_a2_': 3.8942657025999914, '_a7_': 0.5092680843257955, '_a0_': 1.0, '_a3_': 1.0, '_a4_': 1.0, '_a5_': 1.0, '_a6_': 1.0}};{'d0': 0.02490583291941667};-280.569866449043;54.636639786086064
45870;-85.6482934384361;((_a2_ * x) * (((_a7_ + ((_a7_ * _a2_) * (_a1_ * x))) * (x + pow2(pow2(_a1_)))) + _a1_));{'d0': {'_a1_': 0.4372226862856336, '_a2_': 3.8942657025999914, '_a7_': 0.5092680843257955, '_a0_': 1.0, '_a3_': 1.0, '_a4_': 1.0, '_a5_': 1.0, '_a6_': 1.0}};{'d0': 0.02490583291941667};-280.569866449043;54.636639786086064
45871;-85.6482934384361;((_a2_ * x) * (((_a7_ + ((_a7_ * _a2_) * (_a1_ * x))) * (x + pow2(pow2(_a1_)))) + _a1_));{'d0': {'_a1_': 0.4372226862856336, '_a2_': 3.8942657025999914, '_a7_': 0.5092680843257955, '_a0_': 1.0, '_a3_': 1.0, '_a4_': 1.0, '_a5_': 1.0, '_a6_': 1.0}};{'d0': 0.02490583291941667};-280.569866449043;54.636639786086064
45872;-85.6482934384361;((_a2_ * x) * (((_a7_ + ((_a7_ * _a2_) * (_a1_ * x))) * (x + pow2(pow2(_a1_)))) + _a1_));{'d0': {'_a1_': 0.4372226862856336, '_a2_': 3.8942657025999914, '_a7_': 0.5092680843257955, '_a0_': 1.0, '_a3_': 1.0, '_a4_': 1.0, '_a5_': 1.0, '_a6_': 1.0}};{'d0': 0.02490583291941667};-280.569866449043;54.636639786086064
45873;-85.6482934384361;((_a2_ * x) * (((_a7_ + ((_a7_ * _a2_) * (_a1_ * x))) * (x + pow2(pow2(_a1_)))) + _a1_));{'d0': {'_a1_': 0.4372226862856336, '_a2_': 3.8942657025999914, '_a7_': 0.5092680843257955, '_a0_': 1.0, '_a3_': 1.0, '_a4_': 1.0, '_a5_': 1.0, '_a6_': 1.0}};{'d0': 0.02490583291941667};-280.569866449043;54.636639786086064
45874;-85.6482934384361;((_a2_ * x) * (((_a7_ + ((_a7_ * _a2_) * (_a1_ * x))) * (x + pow2(pow2(_a1_)))) + _a1_));{'d0': {'_a1_': 0.4372226862856336, '_a2_': 3.8942657025999914, '_a7_': 0.5092680843257955, '_a0_': 1.0, '_a3_': 1.0, '_a4_': 1.0, '_a5_': 1.0, '_a6_': 1.0}};{'d0': 0.02490583291941667};-280.569866449043;54.636639786086064
45875;-85.6482934384361;((_a2_ * x) * (((_a7_ + ((_a7_ * _a2_) * (_a1_ * x))) * (x + pow2(pow2(_a1_)))) + _a1_));{'d0': {'_a1_': 0.4372226862856336, '_a2_': 3.8942657025999914, '_a7_': 0.5092680843257955, '_a0_': 1.0, '_a3_': 1.0, '_a4_': 1.0, '_a5_': 1.0, '_a6_': 1.0}};{'d0': 0.02490583291941667};-280.569866449043;54.636639786086064
45876;-85.6482934384361;((_a2_ * x) * (((_a7_ + ((_a7_ * _a2_) * (_a1_ * x))) * (x + pow2(pow2(_a1_)))) + _a1_));{'d0': {'_a1_': 0.4372226862856336, '_a2_': 3.8942657025999914, '_a7_': 0.5092680843257955, '_a0_': 1.0, '_a3_': 1.0, '_a4_': 1.0, '_a5_': 1.0, '_a6_': 1.0}};{'d0': 0.02490583291941667};-280.569866449043;54.636639786086064
45877;-85.6482934384361;((_a2_ * x) * (((_a7_ + ((_a7_ * _a2_) * (_a1_ * x))) * (x + pow2(pow2(_a1_)))) + _a1_));{'d0': {'_a1_': 0.4372226862856336, '_a2_': 3.8942657025999914, '_a7_': 0.5092680843257955, '_a0_': 1.0, '_a3_': 1.0, '_a4_': 1.0, '_a5_': 1.0, '_a6_': 1.0}};{'d0': 0.02490583291941667};-280.569866449043;54.636639786086064
45878;-85.6482934384361;((_a2_ * x) * (((_a7_ + ((_a7_ * _a2_) * (_a1_ * x))) * (x + pow2(pow2(_a1_)))) + _a1_));{'d0': {'_a1_': 0.4372226862856336, '_a2_': 3.8942657025999914, '_a7_': 0.5092680843257955, '_a0_': 1.0, '_a3_': 1.0, '_a4_': 1.0, '_a5_': 1.0, '_a6_': 1.0}};{'d0': 0.02490583291941667};-280.569866449043;54.636639786086064
45879;-86.9618270882994;-(((_a6_ + -(((-(pow2((-((_a1_ + x)) * _a6_))) * pow2(_a7_)) * _a6_))) * x));{'d0': {'_a1_': 0.3119297077975993, '_a6_': -1.4465760891601744, '_a7_': 1.056180707988008, '_a0_': 1.0, '_a2_': 1.0, '_a3_': 1.0, '_a4_': 1.0, '_a5_': 1.0}};{'d0': 0.024905832919416667};-280.569866449044;53.32310613622236
45880;-86.9618270882994;-(((_a6_ + -(((-(pow2((-((_a1_ + x)) * _a6_))) * pow2(_a7_)) * _a6_))) * x));{'d0': {'_a1_': 0.3119297077975993, '_a6_': -1.4465760891601744, '_a7_': 1.056180707988008, '_a0_': 1.0, '_a2_': 1.0, '_a3_': 1.0, '_a4_': 1.0, '_a5_': 1.0}};{'d0': 0.024905832919416667};-280.569866449044;53.32310613622236
45881;-85.6482934384361;((_a2_ * x) * (((_a7_ + ((_a7_ * _a2_) * (_a1_ * x))) * (x + pow2(pow2(_a1_)))) + _a1_));{'d0': {'_a1_': 0.4372226862856336, '_a2_': 3.8942657025999914, '_a7_': 0.5092680843257955, '_a0_': 1.0, '_a3_': 1.0, '_a4_': 1.0, '_a5_': 1.0, '_a6_': 1.0}};{'d0': 0.02490583291941667};-280.569866449043;54.636639786086064
45882;-85.6482934384361;((_a2_ * x) * (((_a7_ + ((_a7_ * _a2_) * (_a1_ * x))) * (x + pow2(pow2(_a1_)))) + _a1_));{'d0': {'_a1_': 0.4372226862856336, '_a2_': 3.8942657025999914, '_a7_': 0.5092680843257955, '_a0_': 1.0, '_a3_': 1.0, '_a4_': 1.0, '_a5_': 1.0, '_a6_': 1.0}};{'d0': 0.02490583291941667};-280.569866449043;54.636639786086064
45883;-85.6482934384361;((_a2_ * x) * (((_a7_ + ((_a7_ * _a2_) * (_a1_ * x))) * (x + pow2(pow2(_a1_)))) + _a1_));{'d0': {'_a1_': 0.4372226862856336, '_a2_': 3.8942657025999914, '_a7_': 0.5092680843257955, '_a0_': 1.0, '_a3_': 1.0, '_a4_': 1.0, '_a5_': 1.0, '_a6_': 1.0}};{'d0': 0.02490583291941667};-280.569866449043;54.636639786086064
45884;-85.6482934384361;((_a2_ * x) * (((_a7_ + ((_a7_ * _a2_) * (_a1_ * x))) * (x + pow2(pow2(_a1_)))) + _a1_));{'d0': {'_a1_': 0.4372226862856336, '_a2_': 3.8942657025999914, '_a7_': 0.5092680843257955, '_a0_': 1.0, '_a3_': 1.0, '_a4_': 1.0, '_a5_': 1.0, '_a6_': 1.0}};{'d0': 0.02490583291941667};-280.569866449043;54.636639786086064
45885;-85.6482934384361;((_a2_ * x) * (((_a7_ + ((_a7_ * _a2_) * (_a1_ * x))) * (x + pow2(pow2(_a1_)))) + _a1_));{'d0': {'_a1_': 0.4372226862856336, '_a2_': 3.8942657025999914, '_a7_': 0.5092680843257955, '_a0_': 1.0, '_a3_': 1.0, '_a4_': 1.0, '_a5_': 1.0, '_a6_': 1.0}};{'d0': 0.02490583291941667};-280.569866449043;54.636639786086064
45886;-85.6482934384361;((_a2_ * x) * (((_a7_ + ((_a7_ * _a2_) * (_a1_ * x))) * (x + pow2(pow2(_a1_)))) + _a1_));{'d0': {'_a1_': 0.4372226862856336, '_a2_': 3.8942657025999914, '_a7_': 0.5092680843257955, '_a0_': 1.0, '_a3_': 1.0, '_a4_': 1.0, '_a5_': 1.0, '_a6_': 1.0}};{'d0': 0.02490583291941667};-280.569866449043;54.636639786086064
45887;-85.6482934384361;((_a2_ * x) * (((_a7_ + ((_a7_ * _a2_) * (_a1_ * x))) * (x + pow2(pow2(_a1_)))) + _a1_));{'d0': {'_a1_': 0.4372226862856336, '_a2_': 3.8942657025999914, '_a7_': 0.5092680843257955, '_a0_': 1.0, '_a3_': 1.0, '_a4_': 1.0, '_a5_': 1.0, '_a6_': 1.0}};{'d0': 0.02490583291941667};-280.569866449043;54.636639786086064
45888;-85.6482934384361;((_a2_ * x) * (((_a7_ + ((_a7_ * _a2_) * (_a1_ * x))) * (x + pow2(pow2(_a1_)))) + _a1_));{'d0': {'_a1_': 0.4372226862856336, '_a2_': 3.8942657025999914, '_a7_': 0.5092680843257955, '_a0_': 1.0, '_a3_': 1.0, '_a4_': 1.0, '_a5_': 1.0, '_a6_': 1.0}};{'d0': 0.02490583291941667};-280.569866449043;54.636639786086064
45889;-85.6482934384361;((_a2_ * x) * (((_a7_ + ((_a7_ * _a2_) * (_a1_ * x))) * (x + pow2(pow2(_a1_)))) + _a1_));{'d0': {'_a1_': 0.4372226862856336, '_a2_': 3.8942657025999914, '_a7_': 0.5092680843257955, '_a0_': 1.0, '_a3_': 1.0, '_a4_': 1.0, '_a5_': 1.0, '_a6_': 1.0}};{'d0': 0.02490583291941667};-280.569866449043;54.636639786086064
45890;-85.6482934384362;((_a2_ * x) * (((_a7_ + ((_a7_ * _a2_) * (_a2_ * x))) * (x + pow2(pow2(_a1_)))) + _a1_));{'d0': {'_a1_': 0.7662290464110654, '_a2_': 1.8926470755763691, '_a7_': 0.4980711583462537, '_a0_': 1.0, '_a3_': 1.0, '_a4_': 1.0, '_a5_': 1.0, '_a6_': 1.0}};{'d0': 0.02490583291941662};-280.569866449044;54.636639786086064
45891;-85.6482934384362;((_a2_ * x) * (((_a7_ + ((_a7_ * _a2_) * (_a2_ * x))) * (x + pow2(pow2(_a1_)))) + _a1_));{'d0': {'_a1_': 0.7662290464110654, '_a2_': 1.8926470755763691, '_a7_': 0.4980711583462537, '_a0_': 1.0, '_a3_': 1.0, '_a4_': 1.0, '_a5_': 1.0, '_a6_': 1.0}};{'d0': 0.02490583291941662};-280.569866449044;54.636639786086064
45892;-85.6482934384362;((_a2_ * x) * (((_a7_ + ((_a7_ * _a2_) * (_a2_ * x))) * (x + pow2(pow2(_a1_)))) + _a1_));{'d0': {'_a1_': 0.7662290464110654, '_a2_': 1.8926470755763691, '_a7_': 0.4980711583462537, '_a0_': 1.0, '_a3_': 1.0, '_a4_': 1.0, '_a5_': 1.0, '_a6_': 1.0}};{'d0': 0.02490583291941662};-280.569866449044;54.636639786086064
45893;-86.9618270882994;-(((_a6_ + -(((-(pow2((-((_a1_ + x)) * _a6_))) * pow2(_a7_)) * _a6_))) * x));{'d0': {'_a1_': 0.3119297077975993, '_a6_': -1.4465760891601744, '_a7_': 1.056180707988008, '_a0_': 1.0, '_a2_': 1.0, '_a3_': 1.0, '_a4_': 1.0, '_a5_': 1.0}};{'d0': 0.024905832919416667};-280.569866449044;53.32310613622236
45894;-86.9618270882994;-(((_a6_ + -(((-(pow2((-((_a1_ + x)) * _a6_))) * pow2(_a7_)) * _a6_))) * x));{'d0': {'_a1_': 0.3119297077975993, '_a6_': -1.4465760891601744, '_a7_': 1.056180707988008, '_a0_': 1.0, '_a2_': 1.0, '_a3_': 1.0, '_a4_': 1.0, '_a5_': 1.0}};{'d0': 0.024905832919416667};-280.569866449044;53.32310613622236
45895;-86.9618270882994;-(((_a6_ + -(((-(pow2((-((_a1_ + x)) * _a6_))) * pow2(_a7_)) * _a6_))) * x));{'d0': {'_a1_': 0.3119297077975993, '_a6_': -1.4465760891601744, '_a7_': 1.056180707988008, '_a0_': 1.0, '_a2_': 1.0, '_a3_': 1.0, '_a4_': 1.0, '_a5_': 1.0}};{'d0': 0.024905832919416667};-280.569866449044;53.32310613622236
45896;-86.9618270882994;-(((_a6_ + -(((-(pow2((-((_a1_ + x)) * _a6_))) * pow2(_a7_)) * _a6_))) * x));{'d0': {'_a1_': 0.3119297077975993, '_a6_': -1.4465760891601744, '_a7_': 1.056180707988008, '_a0_': 1.0, '_a2_': 1.0, '_a3_': 1.0, '_a4_': 1.0, '_a5_': 1.0}};{'d0': 0.024905832919416667};-280.569866449044;53.32310613622236
45897;-85.8283054812988;-(((_a6_ + -(((-(pow2((-((_a1_ + x)) * _a6_))) ** pow2(_a7_)) * _a6_))) * x));{'d0': {'_a1_': 0.3095418707860624, '_a6_': -1.486466085287782, '_a7_': 1.036433139022396, '_a0_': 1.0, '_a2_': 1.0, '_a3_': 1.0, '_a4_': 1.0, '_a5_': 1.0}};{'d0': 0.024428385656358166};-281.731240076328;55.037314556865354
45898;-85.8283054812988;-(((_a6_ + -(((-(pow2((-((_a1_ + x)) * _a6_))) ** pow2(_a7_)) * _a6_))) * x));{'d0': {'_a1_': 0.3095418707860624, '_a6_': -1.486466085287782, '_a7_': 1.036433139022396, '_a0_': 1.0, '_a2_': 1.0, '_a3_': 1.0, '_a4_': 1.0, '_a5_': 1.0}};{'d0': 0.024428385656358166};-281.731240076328;55.037314556865354
45899;-85.8283054812988;-(((_a6_ + -(((-(pow2((-((_a1_ + x)) * _a6_))) ** pow2(_a7_)) * _a6_))) * x));{'d0': {'_a1_': 0.3095418707860624, '_a6_': -1.486466085287782, '_a7_': 1.036433139022396, '_a0_': 1.0, '_a2_': 1.0, '_a3_': 1.0, '_a4_': 1.0, '_a5_': 1.0}};{'d0': 0.024428385656358166};-281.731240076328;55.037314556865354
45900;-85.8283054812988;-(((_a6_ + -(((-(pow2((-((_a1_ + x)) * _a6_))) ** pow2(_a7_)) * _a6_))) * x));{'d0': {'_a1_': 0.3095418707860624, '_a6_': -1.486466085287782, '_a7_': 1.036433139022396, '_a0_': 1.0, '_a2_': 1.0, '_a3_': 1.0, '_a4_': 1.0, '_a5_': 1.0}};{'d0': 0.024428385656358166};-281.731240076328;55.037314556865354
45901;-85.8283054812988;-(((_a6_ + -(((-(pow2((-((_a1_ + x)) * _a6_))) ** pow2(_a7_)) * _a6_))) * x));{'d0': {'_a1_': 0.3095418707860624, '_a6_': -1.486466085287782, '_a7_': 1.036433139022396, '_a0_': 1.0, '_a2_': 1.0, '_a3_': 1.0, '_a4_': 1.0, '_a5_': 1.0}};{'d0': 0.024428385656358166};-281.731240076328;55.037314556865354
45902;-85.8283054812988;-(((_a6_ + -(((-(pow2((-((_a1_ + x)) * _a6_))) ** pow2(_a7_)) * _a6_))) * x));{'d0': {'_a1_': 0.3095418707860624, '_a6_': -1.486466085287782, '_a7_': 1.036433139022396, '_a0_': 1.0, '_a2_': 1.0, '_a3_': 1.0, '_a4_': 1.0, '_a5_': 1.0}};{'d0': 0.024428385656358166};-281.731240076328;55.037314556865354
45903;-85.8283054812988;-(((_a6_ + -(((-(pow2((-((_a1_ + x)) * _a6_))) ** pow2(_a7_)) * _a6_))) * x));{'d0': {'_a1_': 0.3095418707860624, '_a6_': -1.486466085287782, '_a7_': 1.036433139022396, '_a0_': 1.0, '_a2_': 1.0, '_a3_': 1.0, '_a4_': 1.0, '_a5_': 1.0}};{'d0': 0.024428385656358166};-281.731240076328;55.037314556865354
45904;-85.8283054812988;-(((_a6_ + -(((-(pow2((-((_a1_ + x)) * _a6_))) ** pow2(_a7_)) * _a6_))) * x));{'d0': {'_a1_': 0.3095418707860624, '_a6_': -1.486466085287782, '_a7_': 1.036433139022396, '_a0_': 1.0, '_a2_': 1.0, '_a3_': 1.0, '_a4_': 1.0, '_a5_': 1.0}};{'d0': 0.024428385656358166};-281.731240076328;55.037314556865354
45905;-85.8283054812988;-(((_a6_ + -(((-(pow2((-((_a1_ + x)) * _a6_))) ** pow2(_a7_)) * _a6_))) * x));{'d0': {'_a1_': 0.3095418707860624, '_a6_': -1.486466085287782, '_a7_': 1.036433139022396, '_a0_': 1.0, '_a2_': 1.0, '_a3_': 1.0, '_a4_': 1.0, '_a5_': 1.0}};{'d0': 0.024428385656358166};-281.731240076328;55.037314556865354
45906;-85.8283054812988;-(((_a6_ + -(((-(pow2((-((_a1_ + x)) * _a6_))) ** pow2(_a7_)) * _a6_))) * x));{'d0': {'_a1_': 0.3095418707860624, '_a6_': -1.486466085287782, '_a7_': 1.036433139022396, '_a0_': 1.0, '_a2_': 1.0, '_a3_': 1.0, '_a4_': 1.0, '_a5_': 1.0}};{'d0': 0.024428385656358166};-281.731240076328;55.037314556865354
45907;-85.8283054812988;-(((_a6_ + -(((-(pow2((-((_a1_ + x)) * _a6_))) ** pow2(_a7_)) * _a6_))) * x));{'d0': {'_a1_': 0.3095418707860624, '_a6_': -1.486466085287782, '_a7_': 1.036433139022396, '_a0_': 1.0, '_a2_': 1.0, '_a3_': 1.0, '_a4_': 1.0, '_a5_': 1.0}};{'d0': 0.024428385656358166};-281.731240076328;55.037314556865354
45908;-85.8283054812988;-(((_a6_ + -(((-(pow2((-((_a1_ + x)) * _a6_))) ** pow2(_a7_)) * _a6_))) * x));{'d0': {'_a1_': 0.3095418707860624, '_a6_': -1.486466085287782, '_a7_': 1.036433139022396, '_a0_': 1.0, '_a2_': 1.0, '_a3_': 1.0, '_a4_': 1.0, '_a5_': 1.0}};{'d0': 0.024428385656358166};-281.731240076328;55.037314556865354
45909;-85.8283054812988;-(((_a6_ + -(((-(pow2((-((_a1_ + x)) * _a6_))) ** pow2(_a7_)) * _a6_))) * x));{'d0': {'_a1_': 0.3095418707860624, '_a6_': -1.486466085287782, '_a7_': 1.036433139022396, '_a0_': 1.0, '_a2_': 1.0, '_a3_': 1.0, '_a4_': 1.0, '_a5_': 1.0}};{'d0': 0.024428385656358166};-281.731240076328;55.037314556865354
45910;-85.8283054812988;-(((_a6_ + -(((-(pow2((-((_a1_ + x)) * _a6_))) ** pow2(_a7_)) * _a6_))) * x));{'d0': {'_a1_': 0.3095418707860624, '_a6_': -1.486466085287782, '_a7_': 1.036433139022396, '_a0_': 1.0, '_a2_': 1.0, '_a3_': 1.0, '_a4_': 1.0, '_a5_': 1.0}};{'d0': 0.024428385656358166};-281.731240076328;55.037314556865354
45911;-85.8283054812988;-(((_a6_ + -(((-(pow2((-((_a1_ + x)) * _a6_))) ** pow2(_a7_)) * _a6_))) * x));{'d0': {'_a1_': 0.3095418707860624, '_a6_': -1.486466085287782, '_a7_': 1.036433139022396, '_a0_': 1.0, '_a2_': 1.0, '_a3_': 1.0, '_a4_': 1.0, '_a5_': 1.0}};{'d0': 0.024428385656358166};-281.731240076328;55.037314556865354
45912;-85.8283054812988;-(((_a6_ + -(((-(pow2((-((_a1_ + x)) * _a6_))) ** pow2(_a7_)) * _a6_))) * x));{'d0': {'_a1_': 0.3095418707860624, '_a6_': -1.486466085287782, '_a7_': 1.036433139022396, '_a0_': 1.0, '_a2_': 1.0, '_a3_': 1.0, '_a4_': 1.0, '_a5_': 1.0}};{'d0': 0.024428385656358166};-281.731240076328;55.037314556865354
45913;-85.8283054812988;-(((_a6_ + -(((-(pow2((-((_a1_ + x)) * _a6_))) ** pow2(_a7_)) * _a6_))) * x));{'d0': {'_a1_': 0.3095418707860624, '_a6_': -1.486466085287782, '_a7_': 1.036433139022396, '_a0_': 1.0, '_a2_': 1.0, '_a3_': 1.0, '_a4_': 1.0, '_a5_': 1.0}};{'d0': 0.024428385656358166};-281.731240076328;55.037314556865354
45914;-85.8283054812988;-(((_a6_ + -(((-(pow2((-((_a1_ + x)) * _a6_))) ** pow2(_a7_)) * _a6_))) * x));{'d0': {'_a1_': 0.3095418707860624, '_a6_': -1.486466085287782, '_a7_': 1.036433139022396, '_a0_': 1.0, '_a2_': 1.0, '_a3_': 1.0, '_a4_': 1.0, '_a5_': 1.0}};{'d0': 0.024428385656358166};-281.731240076328;55.037314556865354
45915;-85.8283054812988;-(((_a6_ + -(((-(pow2((-((_a1_ + x)) * _a6_))) ** pow2(_a7_)) * _a6_))) * x));{'d0': {'_a1_': 0.3095418707860624, '_a6_': -1.486466085287782, '_a7_': 1.036433139022396, '_a0_': 1.0, '_a2_': 1.0, '_a3_': 1.0, '_a4_': 1.0, '_a5_': 1.0}};{'d0': 0.024428385656358166};-281.731240076328;55.037314556865354
45916;-85.8283054812988;-(((_a6_ + -(((-(pow2((-((_a1_ + x)) * _a6_))) ** pow2(_a7_)) * _a6_))) * x));{'d0': {'_a1_': 0.3095418707860624, '_a6_': -1.486466085287782, '_a7_': 1.036433139022396, '_a0_': 1.0, '_a2_': 1.0, '_a3_': 1.0, '_a4_': 1.0, '_a5_': 1.0}};{'d0': 0.024428385656358166};-281.731240076328;55.037314556865354
45917;-85.8283054812988;-(((_a6_ + -(((-(pow2((-((_a1_ + x)) * _a6_))) ** pow2(_a7_)) * _a6_))) * x));{'d0': {'_a1_': 0.3095418707860624, '_a6_': -1.486466085287782, '_a7_': 1.036433139022396, '_a0_': 1.0, '_a2_': 1.0, '_a3_': 1.0, '_a4_': 1.0, '_a5_': 1.0}};{'d0': 0.024428385656358166};-281.731240076328;55.037314556865354
45918;-85.8283054812988;-(((_a6_ + -(((-(pow2((-((_a1_ + x)) * _a6_))) ** pow2(_a7_)) * _a6_))) * x));{'d0': {'_a1_': 0.3095418707860624, '_a6_': -1.486466085287782, '_a7_': 1.036433139022396, '_a0_': 1.0, '_a2_': 1.0, '_a3_': 1.0, '_a4_': 1.0, '_a5_': 1.0}};{'d0': 0.024428385656358166};-281.731240076328;55.037314556865354
45919;-85.8283054812988;-(((_a6_ + -(((-(pow2((-((_a1_ + x)) * _a6_))) ** pow2(_a7_)) * _a6_))) * x));{'d0': {'_a1_': 0.3095418707860624, '_a6_': -1.486466085287782, '_a7_': 1.036433139022396, '_a0_': 1.0, '_a2_': 1.0, '_a3_': 1.0, '_a4_': 1.0, '_a5_': 1.0}};{'d0': 0.024428385656358166};-281.731240076328;55.037314556865354
45920;-85.8283054812988;-(((_a6_ + -(((-(pow2((-((_a1_ + x)) * _a6_))) ** pow2(_a7_)) * _a6_))) * x));{'d0': {'_a1_': 0.3095418707860624, '_a6_': -1.486466085287782, '_a7_': 1.036433139022396, '_a0_': 1.0, '_a2_': 1.0, '_a3_': 1.0, '_a4_': 1.0, '_a5_': 1.0}};{'d0': 0.024428385656358166};-281.731240076328;55.037314556865354
45921;-85.8283054812988;-(((_a6_ + -(((-(pow2((-((_a1_ + x)) * _a6_))) ** pow2(_a7_)) * _a6_))) * x));{'d0': {'_a1_': 0.3095418707860624, '_a6_': -1.486466085287782, '_a7_': 1.036433139022396, '_a0_': 1.0, '_a2_': 1.0, '_a3_': 1.0, '_a4_': 1.0, '_a5_': 1.0}};{'d0': 0.024428385656358166};-281.731240076328;55.037314556865354
45922;-90.6304874735072;(((pow2((_a3_ * (log(_a7_) + x))) + pow2(-(_a7_))) + _a4_) * (x + x));{'d0': {'_a3_': 1.2993769425381974, '_a4_': 2.589404324529131, '_a7_': 1.3660586663196441, '_a0_': 1.0, '_a1_': 1.0, '_a2_': 1.0, '_a5_': 1.0, '_a6_': 1.0}};{'d0': 0.02490583291941677};-280.569866449043;49.65444575101428
45923;-90.6304874735072;(((pow2((_a3_ * (log(_a7_) + x))) + pow2(-(_a7_))) + _a4_) * (x + x));{'d0': {'_a3_': 1.2993769425381974, '_a4_': 2.589404324529131, '_a7_': 1.3660586663196441, '_a0_': 1.0, '_a1_': 1.0, '_a2_': 1.0, '_a5_': 1.0, '_a6_': 1.0}};{'d0': 0.02490583291941677};-280.569866449043;49.65444575101428
45924;-85.8283054812988;-(((_a6_ + -(((-(pow2((-((_a1_ + x)) * _a6_))) ** pow2(_a7_)) * _a6_))) * x));{'d0': {'_a1_': 0.3095418707860624, '_a6_': -1.486466085287782, '_a7_': 1.036433139022396, '_a0_': 1.0, '_a2_': 1.0, '_a3_': 1.0, '_a4_': 1.0, '_a5_': 1.0}};{'d0': 0.024428385656358166};-281.731240076328;55.037314556865354
45925;-85.8283054812988;-(((_a6_ + -(((-(pow2((-((_a1_ + x)) * _a6_))) ** pow2(_a7_)) * _a6_))) * x));{'d0': {'_a1_': 0.3095418707860624, '_a6_': -1.486466085287782, '_a7_': 1.036433139022396, '_a0_': 1.0, '_a2_': 1.0, '_a3_': 1.0, '_a4_': 1.0, '_a5_': 1.0}};{'d0': 0.024428385656358166};-281.731240076328;55.037314556865354
45926;-85.8283054812988;-(((_a6_ + -(((-(pow2((-((_a1_ + x)) * _a6_))) ** pow2(_a7_)) * _a6_))) * x));{'d0': {'_a1_': 0.3095418707860624, '_a6_': -1.486466085287782, '_a7_': 1.036433139022396, '_a0_': 1.0, '_a2_': 1.0, '_a3_': 1.0, '_a4_': 1.0, '_a5_': 1.0}};{'d0': 0.024428385656358166};-281.731240076328;55.037314556865354
45927;-85.8283054812988;-(((_a6_ + -(((-(pow2((-((_a1_ + x)) * _a6_))) ** pow2(_a7_)) * _a6_))) * x));{'d0': {'_a1_': 0.3095418707860624, '_a6_': -1.486466085287782, '_a7_': 1.036433139022396, '_a0_': 1.0, '_a2_': 1.0, '_a3_': 1.0, '_a4_': 1.0, '_a5_': 1.0}};{'d0': 0.024428385656358166};-281.731240076328;55.037314556865354
45928;-85.8283054812988;-(((_a6_ + -(((-(pow2((-((_a1_ + x)) * _a6_))) ** pow2(_a7_)) * _a6_))) * x));{'d0': {'_a1_': 0.3095418707860624, '_a6_': -1.486466085287782, '_a7_': 1.036433139022396, '_a0_': 1.0, '_a2_': 1.0, '_a3_': 1.0, '_a4_': 1.0, '_a5_': 1.0}};{'d0': 0.024428385656358166};-281.731240076328;55.037314556865354
45929;-86.9618270882994;-(((_a6_ + -(((-(pow2((-((_a1_ + x)) * _a6_))) * pow2(_a7_)) * _a6_))) * x));{'d0': {'_a1_': 0.3119297077975993, '_a6_': -1.4465760891601744, '_a7_': 1.056180707988008, '_a0_': 1.0, '_a2_': 1.0, '_a3_': 1.0, '_a4_': 1.0, '_a5_': 1.0}};{'d0': 0.024905832919416667};-280.569866449044;53.32310613622236
45930;-86.9618270882994;-(((_a6_ + -(((-(pow2((-((_a1_ + x)) * _a6_))) * pow2(_a7_)) * _a6_))) * x));{'d0': {'_a1_': 0.3119297077975993, '_a6_': -1.4465760891601744, '_a7_': 1.056180707988008, '_a0_': 1.0, '_a2_': 1.0, '_a3_': 1.0, '_a4_': 1.0, '_a5_': 1.0}};{'d0': 0.024905832919416667};-280.569866449044;53.32310613622236
45931;-86.9618270882994;-(((_a6_ + -(((-(pow2((-((_a1_ + x)) * _a6_))) * pow2(_a7_)) * _a6_))) * x));{'d0': {'_a1_': 0.3119297077975993, '_a6_': -1.4465760891601744, '_a7_': 1.056180707988008, '_a0_': 1.0, '_a2_': 1.0, '_a3_': 1.0, '_a4_': 1.0, '_a5_': 1.0}};{'d0': 0.024905832919416667};-280.569866449044;53.32310613622236
45932;-86.9618270882994;-(((_a6_ + -(((-(pow2((-((_a1_ + x)) * _a6_))) * pow2(_a7_)) * _a6_))) * x));{'d0': {'_a1_': 0.3119297077975993, '_a6_': -1.4465760891601744, '_a7_': 1.056180707988008, '_a0_': 1.0, '_a2_': 1.0, '_a3_': 1.0, '_a4_': 1.0, '_a5_': 1.0}};{'d0': 0.024905832919416667};-280.569866449044;53.32310613622236
45933;-86.9618270882994;-(((_a6_ + -(((-(pow2((-((_a1_ + x)) * _a6_))) * pow2(_a7_)) * _a6_))) * x));{'d0': {'_a1_': 0.3119297077975993, '_a6_': -1.4465760891601744, '_a7_': 1.056180707988008, '_a0_': 1.0, '_a2_': 1.0, '_a3_': 1.0, '_a4_': 1.0, '_a5_': 1.0}};{'d0': 0.024905832919416667};-280.569866449044;53.32310613622236
45934;-86.9618270882994;-(((_a6_ + -(((-(pow2((-((_a1_ + x)) * _a6_))) * pow2(_a7_)) * _a6_))) * x));{'d0': {'_a1_': 0.3119297077975993, '_a6_': -1.4465760891601744, '_a7_': 1.056180707988008, '_a0_': 1.0, '_a2_': 1.0, '_a3_': 1.0, '_a4_': 1.0, '_a5_': 1.0}};{'d0': 0.024905832919416667};-280.569866449044;53.32310613622236
45935;-86.9618270882994;-(((_a6_ + -(((-(pow2((-((_a1_ + x)) * _a6_))) * pow2(_a7_)) * _a6_))) * x));{'d0': {'_a1_': 0.3119297077975993, '_a6_': -1.4465760891601744, '_a7_': 1.056180707988008, '_a0_': 1.0, '_a2_': 1.0, '_a3_': 1.0, '_a4_': 1.0, '_a5_': 1.0}};{'d0': 0.024905832919416667};-280.569866449044;53.32310613622236
45936;-90.6432894825621;((_a6_ + -(((-(pow2((-((_a1_ + x)) * _a6_))) * pow2(_a7_)) * _a6_))) * x);{'d0': {'_a1_': 0.311929707773831, '_a6_': 1.4465760887983588, '_a7_': 1.0561807085142072, '_a0_': 1.0, '_a2_': 1.0, '_a3_': 1.0, '_a4_': 1.0, '_a5_': 1.0}};{'d0': 0.024905832919416636};-280.569866449044;49.641643741959626
45937;-83.9797411364622;((_a6_ + -(((-(pow2((-((_a1_ + x)) * _a6_))) * pow2((_a6_ ** _a4_))) * _a6_))) * x);{'d0': {'_a1_': 0.3119297078192611, '_a4_': 0.14804815082283063, '_a6_': 1.4465760893757194, '_a0_': 1.0, '_a2_': 1.0, '_a3_': 1.0, '_a5_': 1.0, '_a7_': 1.0}};{'d0': 0.02490583291941661};-280.569866449044;56.30519208805963
45938;-83.9797411364622;((_a6_ + -(((-(pow2((-((_a1_ + x)) * _a6_))) * pow2((_a6_ ** _a4_))) * _a6_))) * x);{'d0': {'_a1_': 0.3119297078192611, '_a4_': 0.14804815082283063, '_a6_': 1.4465760893757194, '_a0_': 1.0, '_a2_': 1.0, '_a3_': 1.0, '_a5_': 1.0, '_a7_': 1.0}};{'d0': 0.02490583291941661};-280.569866449044;56.30519208805963
45939;-83.9797411364622;((_a6_ + -(((-(pow2((-((_a1_ + x)) * _a6_))) * pow2((_a6_ ** _a4_))) * _a6_))) * x);{'d0': {'_a1_': 0.3119297078192611, '_a4_': 0.14804815082283063, '_a6_': 1.4465760893757194, '_a0_': 1.0, '_a2_': 1.0, '_a3_': 1.0, '_a5_': 1.0, '_a7_': 1.0}};{'d0': 0.02490583291941661};-280.569866449044;56.30519208805963
45940;-83.9797411364622;((_a6_ + -(((-(pow2((-((_a1_ + x)) * _a6_))) * pow2((_a6_ ** _a4_))) * _a6_))) * x);{'d0': {'_a1_': 0.3119297078192611, '_a4_': 0.14804815082283063, '_a6_': 1.4465760893757194, '_a0_': 1.0, '_a2_': 1.0, '_a3_': 1.0, '_a5_': 1.0, '_a7_': 1.0}};{'d0': 0.02490583291941661};-280.569866449044;56.30519208805963
45941;-90.6432894825622;((_a6_ + -(((-(pow2((-((_a1_ + x)) * _a6_))) * pow2(_a5_)) * _a6_))) * x);{'d0': {'_a1_': 0.3119297078186137, '_a5_': 1.0561807072282372, '_a6_': 1.4465760896528144, '_a0_': 1.0, '_a2_': 1.0, '_a3_': 1.0, '_a4_': 1.0, '_a7_': 1.0}};{'d0': 0.024905832919416553};-280.569866449044;49.641643741959626
45942;-90.6432894825622;((_a6_ + -(((-(pow2((-((_a1_ + x)) * _a6_))) * pow2(_a5_)) * _a6_))) * x);{'d0': {'_a1_': 0.3119297078186137, '_a5_': 1.0561807072282372, '_a6_': 1.4465760896528144, '_a0_': 1.0, '_a2_': 1.0, '_a3_': 1.0, '_a4_': 1.0, '_a7_': 1.0}};{'d0': 0.024905832919416553};-280.569866449044;49.641643741959626
45943;-90.6432894825622;((_a6_ + -(((-(pow2((-((_a1_ + x)) * _a6_))) * pow2(_a5_)) * _a6_))) * x);{'d0': {'_a1_': 0.3119297078186137, '_a5_': 1.0561807072282372, '_a6_': 1.4465760896528144, '_a0_': 1.0, '_a2_': 1.0, '_a3_': 1.0, '_a4_': 1.0, '_a7_': 1.0}};{'d0': 0.024905832919416553};-280.569866449044;49.641643741959626
45944;-90.6432894825622;((_a6_ + -(((-(pow2((-((_a1_ + x)) * _a6_))) * pow2(_a5_)) * _a6_))) * x);{'d0': {'_a1_': 0.3119297078186137, '_a5_': 1.0561807072282372, '_a6_': 1.4465760896528144, '_a0_': 1.0, '_a2_': 1.0, '_a3_': 1.0, '_a4_': 1.0, '_a7_': 1.0}};{'d0': 0.024905832919416553};-280.569866449044;49.641643741959626
45945;-90.6432894825622;((_a6_ + -(((-(pow2((-((_a1_ + x)) * _a6_))) * pow2(_a5_)) * _a6_))) * x);{'d0': {'_a1_': 0.3119297078186137, '_a5_': 1.0561807072282372, '_a6_': 1.4465760896528144, '_a0_': 1.0, '_a2_': 1.0, '_a3_': 1.0, '_a4_': 1.0, '_a7_': 1.0}};{'d0': 0.024905832919416553};-280.569866449044;49.641643741959626
45946;-90.6432894825622;((_a6_ + -(((-(pow2((-((_a1_ + x)) * _a6_))) * pow2(_a5_)) * _a6_))) * x);{'d0': {'_a1_': 0.3119297078186137, '_a5_': 1.0561807072282372, '_a6_': 1.4465760896528144, '_a0_': 1.0, '_a2_': 1.0, '_a3_': 1.0, '_a4_': 1.0, '_a7_': 1.0}};{'d0': 0.024905832919416553};-280.569866449044;49.641643741959626
45947;-90.6432894825622;((_a6_ + -(((-(pow2((-((_a1_ + x)) * _a6_))) * pow2(_a5_)) * _a6_))) * x);{'d0': {'_a1_': 0.3119297078186137, '_a5_': 1.0561807072282372, '_a6_': 1.4465760896528144, '_a0_': 1.0, '_a2_': 1.0, '_a3_': 1.0, '_a4_': 1.0, '_a7_': 1.0}};{'d0': 0.024905832919416553};-280.569866449044;49.641643741959626
45948;-95.3999277730051;(((pow2((_a3_ * ((_a6_ + _a5_) + x))) + _a3_) + (_a0_ + x)) * x);{'d0': {'_a0_': -0.15312770157340852, '_a3_': 1.8375965048111205, '_a5_': 602143.1439729339, '_a6_': -602142.9801141815, '_a1_': 1.0, '_a2_': 1.0, '_a4_': 1.0, '_a7_': 1.0}};{'d0': 0.02490583294709665};-276.475521820138;42.83783313706389
45949;-94.3705005655908;(((pow2((_a3_ * (tan(_a4_) + x))) + _a3_) + (_a0_ + x)) * x);{'d0': {'_a0_': -0.15312614476093875, '_a3_': 1.8375964954035808, '_a4_': 0.16241547558613192, '_a1_': 1.0, '_a2_': 1.0, '_a5_': 1.0, '_a6_': 1.0, '_a7_': 1.0}};{'d0': 0.02490583291941662};-280.569866449044;45.91443265893089
45950;-100.291101614621;(((pow2((_a3_ * (tan(_a4_) + x))) + _a3_) + _a7_) * x);{'d0': {'_a3_': 1.837596494796533, '_a4_': 0.3023652296149306, '_a7_': -0.3910204052142615, '_a0_': 1.0, '_a1_': 1.0, '_a2_': 1.0, '_a5_': 1.0, '_a6_': 1.0}};{'d0': 0.02490583291941658};-280.569866449044;39.993831609900894
45951;-100.291101614621;(((pow2((_a3_ * (tan(_a4_) + x))) + _a3_) + _a7_) * x);{'d0': {'_a3_': 1.837596494796533, '_a4_': 0.3023652296149306, '_a7_': -0.3910204052142615, '_a0_': 1.0, '_a1_': 1.0, '_a2_': 1.0, '_a5_': 1.0, '_a6_': 1.0}};{'d0': 0.02490583291941658};-280.569866449044;39.993831609900894
45952;-100.291101614621;(((pow2((_a3_ * (tan(_a4_) + x))) + _a3_) + _a7_) * x);{'d0': {'_a3_': 1.837596494796533, '_a4_': 0.3023652296149306, '_a7_': -0.3910204052142615, '_a0_': 1.0, '_a1_': 1.0, '_a2_': 1.0, '_a5_': 1.0, '_a6_': 1.0}};{'d0': 0.02490583291941658};-280.569866449044;39.993831609900894
45953;-100.291101614621;(((pow2((_a3_ * (tan(_a4_) + x))) + _a3_) + _a7_) * x);{'d0': {'_a3_': 1.837596494796533, '_a4_': 0.3023652296149306, '_a7_': -0.3910204052142615, '_a0_': 1.0, '_a1_': 1.0, '_a2_': 1.0, '_a5_': 1.0, '_a6_': 1.0}};{'d0': 0.02490583291941658};-280.569866449044;39.993831609900894
45954;-100.291101614621;(((pow2((_a3_ * (tan(_a4_) + x))) + _a3_) + _a7_) * x);{'d0': {'_a3_': 1.837596494796533, '_a4_': 0.3023652296149306, '_a7_': -0.3910204052142615, '_a0_': 1.0, '_a1_': 1.0, '_a2_': 1.0, '_a5_': 1.0, '_a6_': 1.0}};{'d0': 0.02490583291941658};-280.569866449044;39.993831609900894
45955;-100.291101614621;(((pow2((_a3_ * (tan(_a4_) + x))) + _a3_) + _a7_) * x);{'d0': {'_a3_': 1.837596494796533, '_a4_': 0.3023652296149306, '_a7_': -0.3910204052142615, '_a0_': 1.0, '_a1_': 1.0, '_a2_': 1.0, '_a5_': 1.0, '_a6_': 1.0}};{'d0': 0.02490583291941658};-280.569866449044;39.993831609900894
45956;-100.291101614621;(((pow2((_a3_ * (tan(_a4_) + x))) + _a3_) + _a7_) * x);{'d0': {'_a3_': 1.837596494796533, '_a4_': 0.3023652296149306, '_a7_': -0.3910204052142615, '_a0_': 1.0, '_a1_': 1.0, '_a2_': 1.0, '_a5_': 1.0, '_a6_': 1.0}};{'d0': 0.02490583291941658};-280.569866449044;39.993831609900894
45957;-100.291101614621;(((pow2((_a3_ * (tan(_a4_) + x))) + _a3_) + _a7_) * x);{'d0': {'_a3_': 1.837596494796533, '_a4_': 0.3023652296149306, '_a7_': -0.3910204052142615, '_a0_': 1.0, '_a1_': 1.0, '_a2_': 1.0, '_a5_': 1.0, '_a6_': 1.0}};{'d0': 0.02490583291941658};-280.569866449044;39.993831609900894
45958;-90.6432894825621;((_a6_ + -(((-(pow2((-((_a1_ + x)) * _a6_))) * pow2(_a5_)) * _a5_))) * x);{'d0': {'_a1_': 0.3119297077623764, '_a5_': 1.1729313146310143, '_a6_': 1.4465760889532275, '_a0_': 1.0, '_a2_': 1.0, '_a3_': 1.0, '_a4_': 1.0, '_a7_': 1.0}};{'d0': 0.024905832919416653};-280.569866449044;49.641643741959626
45959;-90.6432894825621;((_a6_ + -(((-(pow2((-((_a1_ + x)) * _a6_))) * pow2(_a5_)) * _a5_))) * x);{'d0': {'_a1_': 0.3119297077623764, '_a5_': 1.1729313146310143, '_a6_': 1.4465760889532275, '_a0_': 1.0, '_a2_': 1.0, '_a3_': 1.0, '_a4_': 1.0, '_a7_': 1.0}};{'d0': 0.024905832919416653};-280.569866449044;49.641643741959626
45960;-90.6432894825621;((_a6_ + -(((-(pow2((-((_a1_ + x)) * _a6_))) * pow2(_a5_)) * _a5_))) * x);{'d0': {'_a1_': 0.3119297077623764, '_a5_': 1.1729313146310143, '_a6_': 1.4465760889532275, '_a0_': 1.0, '_a2_': 1.0, '_a3_': 1.0, '_a4_': 1.0, '_a7_': 1.0}};{'d0': 0.024905832919416653};-280.569866449044;49.641643741959626
45961;-90.6432894825621;((_a6_ + -(((-(pow2((-((_a1_ + x)) * _a6_))) * pow2(_a5_)) * _a5_))) * x);{'d0': {'_a1_': 0.3119297077623764, '_a5_': 1.1729313146310143, '_a6_': 1.4465760889532275, '_a0_': 1.0, '_a2_': 1.0, '_a3_': 1.0, '_a4_': 1.0, '_a7_': 1.0}};{'d0': 0.024905832919416653};-280.569866449044;49.641643741959626
45962;-90.6432894825621;((_a6_ + -(((-(pow2((-((_a1_ + x)) * _a6_))) * pow2(_a5_)) * _a5_))) * x);{'d0': {'_a1_': 0.3119297077623764, '_a5_': 1.1729313146310143, '_a6_': 1.4465760889532275, '_a0_': 1.0, '_a2_': 1.0, '_a3_': 1.0, '_a4_': 1.0, '_a7_': 1.0}};{'d0': 0.024905832919416653};-280.569866449044;49.641643741959626
45963;-90.6432894825621;((_a6_ + -(((-(pow2((-((_a1_ + x)) * _a6_))) * pow2(_a5_)) * _a5_))) * x);{'d0': {'_a1_': 0.3119297077623764, '_a5_': 1.1729313146310143, '_a6_': 1.4465760889532275, '_a0_': 1.0, '_a2_': 1.0, '_a3_': 1.0, '_a4_': 1.0, '_a7_': 1.0}};{'d0': 0.024905832919416653};-280.569866449044;49.641643741959626
45964;-90.6432894825621;((_a6_ + -(((-(pow2((-((_a1_ + x)) * _a6_))) * pow2(_a5_)) * _a5_))) * x);{'d0': {'_a1_': 0.3119297077623764, '_a5_': 1.1729313146310143, '_a6_': 1.4465760889532275, '_a0_': 1.0, '_a2_': 1.0, '_a3_': 1.0, '_a4_': 1.0, '_a7_': 1.0}};{'d0': 0.024905832919416653};-280.569866449044;49.641643741959626
45965;-90.6432894825621;((_a6_ + -(((-(pow2((-((_a1_ + x)) * _a6_))) * pow2(_a5_)) * _a5_))) * x);{'d0': {'_a1_': 0.3119297077623764, '_a5_': 1.1729313146310143, '_a6_': 1.4465760889532275, '_a0_': 1.0, '_a2_': 1.0, '_a3_': 1.0, '_a4_': 1.0, '_a7_': 1.0}};{'d0': 0.024905832919416653};-280.569866449044;49.641643741959626
45966;-89.7923376416167;((_a6_ + -(((-(pow2((-((_a1_ + x)) * _a6_))) / pow2(_a5_)) * _a5_))) * x);{'d0': {'_a1_': 0.3119297078642741, '_a5_': 0.6197010872307424, '_a6_': 1.4465760905258693, '_a0_': 1.0, '_a2_': 1.0, '_a3_': 1.0, '_a4_': 1.0, '_a7_': 1.0}};{'d0': 0.02490583291941666};-280.569866449044;50.492595582905025
45967;-89.7923376416167;((_a6_ + -(((-(pow2((-((_a1_ + x)) * _a6_))) / pow2(_a5_)) * _a5_))) * x);{'d0': {'_a1_': 0.3119297078642741, '_a5_': 0.6197010872307424, '_a6_': 1.4465760905258693, '_a0_': 1.0, '_a2_': 1.0, '_a3_': 1.0, '_a4_': 1.0, '_a7_': 1.0}};{'d0': 0.02490583291941666};-280.569866449044;50.492595582905025
45968;-89.7923376416167;((_a6_ + -(((-(pow2((-((_a1_ + x)) * _a6_))) / pow2(_a5_)) * _a5_))) * x);{'d0': {'_a1_': 0.3119297078642741, '_a5_': 0.6197010872307424, '_a6_': 1.4465760905258693, '_a0_': 1.0, '_a2_': 1.0, '_a3_': 1.0, '_a4_': 1.0, '_a7_': 1.0}};{'d0': 0.02490583291941666};-280.569866449044;50.492595582905025
45969;-89.7923376416167;((_a6_ + -(((-(pow2((-((_a1_ + x)) * _a6_))) / pow2(_a5_)) * _a5_))) * x);{'d0': {'_a1_': 0.3119297078642741, '_a5_': 0.6197010872307424, '_a6_': 1.4465760905258693, '_a0_': 1.0, '_a2_': 1.0, '_a3_': 1.0, '_a4_': 1.0, '_a7_': 1.0}};{'d0': 0.02490583291941666};-280.569866449044;50.492595582905025
45970;-89.7923376416167;((_a6_ + -(((-(pow2((-((_a1_ + x)) * _a6_))) / pow2(_a5_)) * _a5_))) * x);{'d0': {'_a1_': 0.3119297078642741, '_a5_': 0.6197010872307424, '_a6_': 1.4465760905258693, '_a0_': 1.0, '_a2_': 1.0, '_a3_': 1.0, '_a4_': 1.0, '_a7_': 1.0}};{'d0': 0.02490583291941666};-280.569866449044;50.492595582905025
45971;-89.7923376416167;((_a6_ + -(((-(pow2((-((_a1_ + x)) * _a6_))) / pow2(_a5_)) * _a5_))) * x);{'d0': {'_a1_': 0.3119297078642741, '_a5_': 0.6197010872307424, '_a6_': 1.4465760905258693, '_a0_': 1.0, '_a2_': 1.0, '_a3_': 1.0, '_a4_': 1.0, '_a7_': 1.0}};{'d0': 0.02490583291941666};-280.569866449044;50.492595582905025
45972;-89.7923376416167;((_a6_ + -(((-(pow2((-((_a1_ + x)) * _a6_))) / pow2(_a5_)) * _a5_))) * x);{'d0': {'_a1_': 0.3119297078642741, '_a5_': 0.6197010872307424, '_a6_': 1.4465760905258693, '_a0_': 1.0, '_a2_': 1.0, '_a3_': 1.0, '_a4_': 1.0, '_a7_': 1.0}};{'d0': 0.02490583291941666};-280.569866449044;50.492595582905025
45973;-89.7923376416167;((_a6_ + -(((-(pow2((-((_a1_ + x)) * _a6_))) / pow2(_a5_)) * _a5_))) * x);{'d0': {'_a1_': 0.3119297078642741, '_a5_': 0.6197010872307424, '_a6_': 1.4465760905258693, '_a0_': 1.0, '_a2_': 1.0, '_a3_': 1.0, '_a4_': 1.0, '_a7_': 1.0}};{'d0': 0.02490583291941666};-280.569866449044;50.492595582905025
45974;-89.7923376416167;((_a6_ + -(((-(pow2((-((_a1_ + x)) * _a6_))) / pow2(_a5_)) * _a5_))) * x);{'d0': {'_a1_': 0.3119297078642741, '_a5_': 0.6197010872307424, '_a6_': 1.4465760905258693, '_a0_': 1.0, '_a2_': 1.0, '_a3_': 1.0, '_a4_': 1.0, '_a7_': 1.0}};{'d0': 0.02490583291941666};-280.569866449044;50.492595582905025
45975;-89.7923376416167;((_a6_ + -(((-(pow2((-((_a1_ + x)) * _a6_))) / pow2(_a5_)) * _a5_))) * x);{'d0': {'_a1_': 0.3119297078642741, '_a5_': 0.6197010872307424, '_a6_': 1.4465760905258693, '_a0_': 1.0, '_a2_': 1.0, '_a3_': 1.0, '_a4_': 1.0, '_a7_': 1.0}};{'d0': 0.02490583291941666};-280.569866449044;50.492595582905025
45976;-84.8429977161598;(((_a5_ * _a1_) + -(((-(pow2((-((_a1_ + x)) * _a6_))) / pow2(_a5_)) * _a5_))) * x);{'d0': {'_a1_': 0.31192970783517293, '_a5_': 4.637506633340836, '_a6_': 3.957240323120204, '_a0_': 1.0, '_a2_': 1.0, '_a3_': 1.0, '_a4_': 1.0, '_a7_': 1.0}};{'d0': 0.024905832919416625};-280.569866449044;55.44193550836202
45977;-84.8429977161598;(((_a5_ * _a1_) + -(((-(pow2((-((_a1_ + x)) * _a6_))) / pow2(_a5_)) * _a5_))) * x);{'d0': {'_a1_': 0.31192970783517293, '_a5_': 4.637506633340836, '_a6_': 3.957240323120204, '_a0_': 1.0, '_a2_': 1.0, '_a3_': 1.0, '_a4_': 1.0, '_a7_': 1.0}};{'d0': 0.024905832919416625};-280.569866449044;55.44193550836202
45978;-84.8429977161598;(((_a5_ * _a1_) + -(((-(pow2((-((_a1_ + x)) * _a6_))) / pow2(_a5_)) * _a5_))) * x);{'d0': {'_a1_': 0.31192970783517293, '_a5_': 4.637506633340836, '_a6_': 3.957240323120204, '_a0_': 1.0, '_a2_': 1.0, '_a3_': 1.0, '_a4_': 1.0, '_a7_': 1.0}};{'d0': 0.024905832919416625};-280.569866449044;55.44193550836202
45979;-84.8429977161598;(((_a5_ * _a1_) + -(((-(pow2((-((_a1_ + x)) * _a6_))) / pow2(_a5_)) * _a5_))) * x);{'d0': {'_a1_': 0.31192970783517293, '_a5_': 4.637506633340836, '_a6_': 3.957240323120204, '_a0_': 1.0, '_a2_': 1.0, '_a3_': 1.0, '_a4_': 1.0, '_a7_': 1.0}};{'d0': 0.024905832919416625};-280.569866449044;55.44193550836202
45980;-100.291101614621;(((pow2((_a3_ * (tan(_a4_) + x))) + _a3_) + _a7_) * x);{'d0': {'_a3_': 1.837596494796533, '_a4_': 0.3023652296149306, '_a7_': -0.3910204052142615, '_a0_': 1.0, '_a1_': 1.0, '_a2_': 1.0, '_a5_': 1.0, '_a6_': 1.0}};{'d0': 0.02490583291941658};-280.569866449044;39.993831609900894
45981;-100.291101614621;(((pow2((_a3_ * (tan(_a4_) + x))) + _a3_) + _a7_) * x);{'d0': {'_a3_': 1.837596494796533, '_a4_': 0.3023652296149306, '_a7_': -0.3910204052142615, '_a0_': 1.0, '_a1_': 1.0, '_a2_': 1.0, '_a5_': 1.0, '_a6_': 1.0}};{'d0': 0.02490583291941658};-280.569866449044;39.993831609900894
45982;-100.291101614621;(((pow2((_a3_ * (tan(_a4_) + x))) + _a3_) + _a7_) * x);{'d0': {'_a3_': 1.837596494796533, '_a4_': 0.3023652296149306, '_a7_': -0.3910204052142615, '_a0_': 1.0, '_a1_': 1.0, '_a2_': 1.0, '_a5_': 1.0, '_a6_': 1.0}};{'d0': 0.02490583291941658};-280.569866449044;39.993831609900894
45983;-100.291101614621;(((pow2((_a3_ * (tan(_a4_) + x))) + _a3_) + _a7_) * x);{'d0': {'_a3_': 1.837596494796533, '_a4_': 0.3023652296149306, '_a7_': -0.3910204052142615, '_a0_': 1.0, '_a1_': 1.0, '_a2_': 1.0, '_a5_': 1.0, '_a6_': 1.0}};{'d0': 0.02490583291941658};-280.569866449044;39.993831609900894
45984;-100.291101614621;(((pow2((_a3_ * (tan(_a4_) + x))) + _a3_) + _a7_) * x);{'d0': {'_a3_': 1.837596494796533, '_a4_': 0.3023652296149306, '_a7_': -0.3910204052142615, '_a0_': 1.0, '_a1_': 1.0, '_a2_': 1.0, '_a5_': 1.0, '_a6_': 1.0}};{'d0': 0.02490583291941658};-280.569866449044;39.993831609900894
45985;-104.411319546383;(((pow2((_a3_ * ((_a3_ * _a6_) + x))) + _a3_) + _a7_) * x);{'d0': {'_a3_': 1.8375964936727327, '_a6_': 0.16974875012108095, '_a7_': -0.39102040231047375, '_a0_': 1.0, '_a1_': 1.0, '_a2_': 1.0, '_a4_': 1.0, '_a5_': 1.0}};{'d0': 0.02490583291941662};-280.569866449044;35.873613678138895
45986;-104.411319546383;(((pow2((_a3_ * ((_a3_ * _a6_) + x))) + _a3_) + _a7_) * x);{'d0': {'_a3_': 1.8375964936727327, '_a6_': 0.16974875012108095, '_a7_': -0.39102040231047375, '_a0_': 1.0, '_a1_': 1.0, '_a2_': 1.0, '_a4_': 1.0, '_a5_': 1.0}};{'d0': 0.02490583291941662};-280.569866449044;35.873613678138895
45987;-104.411319546383;(((pow2((_a3_ * ((_a3_ * _a6_) + x))) + _a3_) + _a7_) * x);{'d0': {'_a3_': 1.8375964936727327, '_a6_': 0.16974875012108095, '_a7_': -0.39102040231047375, '_a0_': 1.0, '_a1_': 1.0, '_a2_': 1.0, '_a4_': 1.0, '_a5_': 1.0}};{'d0': 0.02490583291941662};-280.569866449044;35.873613678138895
45988;-104.411319546383;(((pow2((_a3_ * ((_a3_ * _a6_) + x))) + _a3_) + _a7_) * x);{'d0': {'_a3_': 1.8375964936727327, '_a6_': 0.16974875012108095, '_a7_': -0.39102040231047375, '_a0_': 1.0, '_a1_': 1.0, '_a2_': 1.0, '_a4_': 1.0, '_a5_': 1.0}};{'d0': 0.02490583291941662};-280.569866449044;35.873613678138895
45989;-104.411319546383;(((pow2((_a3_ * ((_a3_ * _a6_) + x))) + _a3_) + _a7_) * x);{'d0': {'_a3_': 1.8375964936727327, '_a6_': 0.16974875012108095, '_a7_': -0.39102040231047375, '_a0_': 1.0, '_a1_': 1.0, '_a2_': 1.0, '_a4_': 1.0, '_a5_': 1.0}};{'d0': 0.02490583291941662};-280.569866449044;35.873613678138895
45990;-105.382580669956;(((pow2((_a3_ * ((_a3_ * _a6_) + x))) + _a3_) * _a7_) * x);{'d0': {'_a3_': 2.3343126537901155, '_a6_': 0.13362807568385282, '_a7_': 0.6197010879055251, '_a0_': 1.0, '_a1_': 1.0, '_a2_': 1.0, '_a4_': 1.0, '_a5_': 1.0}};{'d0': 0.024905832919416563};-280.569866449044;34.902352554565894
45991;-105.382580669956;(((pow2((_a7_ * ((_a3_ * _a6_) + x))) + _a3_) * _a7_) * x);{'d0': {'_a3_': 0.9642163979217193, '_a6_': 0.32350591467174283, '_a7_': 1.5002608255554684, '_a0_': 1.0, '_a1_': 1.0, '_a2_': 1.0, '_a4_': 1.0, '_a5_': 1.0}};{'d0': 0.0249058329194166};-280.569866449044;34.902352554565894
45992;-105.382580669956;(((pow2((_a7_ * ((_a3_ * _a6_) + x))) + _a3_) * _a7_) * x);{'d0': {'_a3_': 0.9642163979217193, '_a6_': 0.32350591467174283, '_a7_': 1.5002608255554684, '_a0_': 1.0, '_a1_': 1.0, '_a2_': 1.0, '_a4_': 1.0, '_a5_': 1.0}};{'d0': 0.0249058329194166};-280.569866449044;34.902352554565894
45993;-105.382580669956;(((pow2((_a7_ * ((_a3_ * _a6_) + x))) + _a3_) * _a7_) * x);{'d0': {'_a3_': 0.9642163979217193, '_a6_': 0.32350591467174283, '_a7_': 1.5002608255554684, '_a0_': 1.0, '_a1_': 1.0, '_a2_': 1.0, '_a4_': 1.0, '_a5_': 1.0}};{'d0': 0.0249058329194166};-280.569866449044;34.902352554565894
45994;-105.382580669956;(((pow2((_a7_ * ((_a3_ * _a2_) + x))) + _a3_) * _a7_) * x);{'d0': {'_a2_': 0.32350591468400086, '_a3_': 0.964216398125386, '_a7_': 1.5002608255217695, '_a0_': 1.0, '_a1_': 1.0, '_a4_': 1.0, '_a5_': 1.0, '_a6_': 1.0}};{'d0': 0.024905832919416573};-280.569866449044;34.902352554565894
45995;-105.382580669956;(((pow2((_a7_ * ((_a3_ * _a2_) + x))) + _a3_) * _a7_) * x);{'d0': {'_a2_': 0.32350591468400086, '_a3_': 0.964216398125386, '_a7_': 1.5002608255217695, '_a0_': 1.0, '_a1_': 1.0, '_a4_': 1.0, '_a5_': 1.0, '_a6_': 1.0}};{'d0': 0.024905832919416573};-280.569866449044;34.902352554565894
45996;-105.382580669956;(((pow2((_a7_ * ((_a3_ * _a2_) + x))) + _a3_) * _a7_) * x);{'d0': {'_a2_': 0.32350591468400086, '_a3_': 0.964216398125386, '_a7_': 1.5002608255217695, '_a0_': 1.0, '_a1_': 1.0, '_a4_': 1.0, '_a5_': 1.0, '_a6_': 1.0}};{'d0': 0.024905832919416573};-280.569866449044;34.902352554565894
45997;-105.382580669956;(((pow2((_a7_ * ((_a3_ * _a2_) + x))) + _a3_) * _a7_) * x);{'d0': {'_a2_': 0.32350591468400086, '_a3_': 0.964216398125386, '_a7_': 1.5002608255217695, '_a0_': 1.0, '_a1_': 1.0, '_a4_': 1.0, '_a5_': 1.0, '_a6_': 1.0}};{'d0': 0.024905832919416573};-280.569866449044;34.902352554565894
45998;-105.382580669956;(((pow2((_a7_ * ((_a3_ * _a2_) + x))) + _a3_) * _a7_) * x);{'d0': {'_a2_': 0.32350591468400086, '_a3_': 0.964216398125386, '_a7_': 1.5002608255217695, '_a0_': 1.0, '_a1_': 1.0, '_a4_': 1.0, '_a5_': 1.0, '_a6_': 1.0}};{'d0': 0.024905832919416573};-280.569866449044;34.902352554565894
45999;-105.382580669956;(((pow2((_a7_ * ((_a3_ * _a2_) + x))) + _a3_) * _a7_) * x);{'d0': {'_a2_': 0.32350591468400086, '_a3_': 0.964216398125386, '_a7_': 1.5002608255217695, '_a0_': 1.0, '_a1_': 1.0, '_a4_': 1.0, '_a5_': 1.0, '_a6_': 1.0}};{'d0': 0.024905832919416573};-280.569866449044;34.902352554565894
46000;-105.382580669956;(((pow2((_a7_ * ((_a3_ * _a2_) + x))) + _a3_) * _a7_) * x);{'d0': {'_a2_': 0.32350591468400086, '_a3_': 0.964216398125386, '_a7_': 1.5002608255217695, '_a0_': 1.0, '_a1_': 1.0, '_a4_': 1.0, '_a5_': 1.0, '_a6_': 1.0}};{'d0': 0.024905832919416573};-280.569866449044;34.902352554565894
46001;-105.382580669956;(((pow2((_a7_ * ((_a3_ * _a2_) + x))) + _a3_) * _a7_) * x);{'d0': {'_a2_': 0.32350591468400086, '_a3_': 0.964216398125386, '_a7_': 1.5002608255217695, '_a0_': 1.0, '_a1_': 1.0, '_a4_': 1.0, '_a5_': 1.0, '_a6_': 1.0}};{'d0': 0.024905832919416573};-280.569866449044;34.902352554565894
46002;-105.382580669956;(((pow2((_a7_ * ((_a3_ * _a2_) + x))) + _a3_) * _a7_) * x);{'d0': {'_a2_': 0.32350591468400086, '_a3_': 0.964216398125386, '_a7_': 1.5002608255217695, '_a0_': 1.0, '_a1_': 1.0, '_a4_': 1.0, '_a5_': 1.0, '_a6_': 1.0}};{'d0': 0.024905832919416573};-280.569866449044;34.902352554565894
46003;-105.382580669956;(((pow2((_a7_ * ((_a3_ * _a2_) + x))) + _a3_) * _a7_) * x);{'d0': {'_a2_': 0.32350591468400086, '_a3_': 0.964216398125386, '_a7_': 1.5002608255217695, '_a0_': 1.0, '_a1_': 1.0, '_a4_': 1.0, '_a5_': 1.0, '_a6_': 1.0}};{'d0': 0.024905832919416573};-280.569866449044;34.902352554565894
46004;-105.382580669956;(((pow2((_a7_ * ((_a3_ * _a2_) + x))) + _a3_) * _a7_) * x);{'d0': {'_a2_': 0.32350591468400086, '_a3_': 0.964216398125386, '_a7_': 1.5002608255217695, '_a0_': 1.0, '_a1_': 1.0, '_a4_': 1.0, '_a5_': 1.0, '_a6_': 1.0}};{'d0': 0.024905832919416573};-280.569866449044;34.902352554565894
46005;-105.382580669956;(((pow2((_a7_ * ((_a3_ * _a2_) + x))) + _a3_) * _a7_) * x);{'d0': {'_a2_': 0.32350591468400086, '_a3_': 0.964216398125386, '_a7_': 1.5002608255217695, '_a0_': 1.0, '_a1_': 1.0, '_a4_': 1.0, '_a5_': 1.0, '_a6_': 1.0}};{'d0': 0.024905832919416573};-280.569866449044;34.902352554565894
46006;-105.382580669956;(((pow2((_a7_ * ((_a3_ * _a2_) + x))) + _a3_) * _a7_) * x);{'d0': {'_a2_': 0.32350591468400086, '_a3_': 0.964216398125386, '_a7_': 1.5002608255217695, '_a0_': 1.0, '_a1_': 1.0, '_a4_': 1.0, '_a5_': 1.0, '_a6_': 1.0}};{'d0': 0.024905832919416573};-280.569866449044;34.902352554565894
46007;-105.382580669956;(((pow2((_a7_ * ((_a3_ * _a2_) + x))) + _a3_) * _a7_) * x);{'d0': {'_a2_': 0.32350591468400086, '_a3_': 0.964216398125386, '_a7_': 1.5002608255217695, '_a0_': 1.0, '_a1_': 1.0, '_a4_': 1.0, '_a5_': 1.0, '_a6_': 1.0}};{'d0': 0.024905832919416573};-280.569866449044;34.902352554565894
46008;-105.382580669956;(((pow2((_a7_ * ((_a3_ * _a2_) + x))) + _a3_) * _a7_) * x);{'d0': {'_a2_': 0.32350591468400086, '_a3_': 0.964216398125386, '_a7_': 1.5002608255217695, '_a0_': 1.0, '_a1_': 1.0, '_a4_': 1.0, '_a5_': 1.0, '_a6_': 1.0}};{'d0': 0.024905832919416573};-280.569866449044;34.902352554565894
46009;-105.382580669956;(((pow2((_a7_ * ((_a3_ * _a2_) + x))) + _a3_) * _a7_) * x);{'d0': {'_a2_': 0.32350591468400086, '_a3_': 0.964216398125386, '_a7_': 1.5002608255217695, '_a0_': 1.0, '_a1_': 1.0, '_a4_': 1.0, '_a5_': 1.0, '_a6_': 1.0}};{'d0': 0.024905832919416573};-280.569866449044;34.902352554565894
46010;-105.382580669956;(((pow2((_a7_ * ((_a3_ * _a2_) + x))) + _a3_) * _a7_) * x);{'d0': {'_a2_': 0.32350591468400086, '_a3_': 0.964216398125386, '_a7_': 1.5002608255217695, '_a0_': 1.0, '_a1_': 1.0, '_a4_': 1.0, '_a5_': 1.0, '_a6_': 1.0}};{'d0': 0.024905832919416573};-280.569866449044;34.902352554565894
46011;-105.382580669956;(((pow2((_a7_ * ((_a3_ * _a2_) + x))) + _a3_) * _a7_) * x);{'d0': {'_a2_': 0.32350591468400086, '_a3_': 0.964216398125386, '_a7_': 1.5002608255217695, '_a0_': 1.0, '_a1_': 1.0, '_a4_': 1.0, '_a5_': 1.0, '_a6_': 1.0}};{'d0': 0.024905832919416573};-280.569866449044;34.902352554565894
46012;-105.382580669956;(((pow2((_a7_ * ((_a3_ * _a2_) + x))) + _a3_) * _a7_) * x);{'d0': {'_a2_': 0.32350591468400086, '_a3_': 0.964216398125386, '_a7_': 1.5002608255217695, '_a0_': 1.0, '_a1_': 1.0, '_a4_': 1.0, '_a5_': 1.0, '_a6_': 1.0}};{'d0': 0.024905832919416573};-280.569866449044;34.902352554565894
46013;-105.382580669956;(((pow2((_a7_ * ((_a3_ * _a2_) + x))) + _a3_) * _a7_) * x);{'d0': {'_a2_': 0.32350591468400086, '_a3_': 0.964216398125386, '_a7_': 1.5002608255217695, '_a0_': 1.0, '_a1_': 1.0, '_a4_': 1.0, '_a5_': 1.0, '_a6_': 1.0}};{'d0': 0.024905832919416573};-280.569866449044;34.902352554565894
46014;-105.382580669956;(((pow2((_a7_ * ((_a3_ * _a2_) + x))) + _a3_) * _a7_) * x);{'d0': {'_a2_': 0.32350591468400086, '_a3_': 0.964216398125386, '_a7_': 1.5002608255217695, '_a0_': 1.0, '_a1_': 1.0, '_a4_': 1.0, '_a5_': 1.0, '_a6_': 1.0}};{'d0': 0.024905832919416573};-280.569866449044;34.902352554565894
46015;-105.382580669956;(((pow2((_a7_ * ((_a3_ * _a2_) + x))) + _a3_) * _a7_) * x);{'d0': {'_a2_': 0.32350591468400086, '_a3_': 0.964216398125386, '_a7_': 1.5002608255217695, '_a0_': 1.0, '_a1_': 1.0, '_a4_': 1.0, '_a5_': 1.0, '_a6_': 1.0}};{'d0': 0.024905832919416573};-280.569866449044;34.902352554565894
46016;-105.382580669956;(((pow2((_a7_ * ((_a3_ * _a2_) + x))) + _a3_) * _a7_) * x);{'d0': {'_a2_': 0.32350591468400086, '_a3_': 0.964216398125386, '_a7_': 1.5002608255217695, '_a0_': 1.0, '_a1_': 1.0, '_a4_': 1.0, '_a5_': 1.0, '_a6_': 1.0}};{'d0': 0.024905832919416573};-280.569866449044;34.902352554565894
46017;-105.382580669956;(((pow2((_a7_ * ((_a3_ * _a2_) + x))) + _a3_) * _a7_) * x);{'d0': {'_a2_': 0.32350591468400086, '_a3_': 0.964216398125386, '_a7_': 1.5002608255217695, '_a0_': 1.0, '_a1_': 1.0, '_a4_': 1.0, '_a5_': 1.0, '_a6_': 1.0}};{'d0': 0.024905832919416573};-280.569866449044;34.902352554565894
46018;-104.411319546383;(((((_a4_ + pow2((_a4_ + x))) * _a2_) + _a3_) * x) * _a2_);{'d0': {'_a2_': 1.8375964948338352, '_a3_': 0.21401001617477725, '_a4_': 0.311929707820932, '_a0_': 1.0, '_a1_': 1.0, '_a5_': 1.0, '_a6_': 1.0, '_a7_': 1.0}};{'d0': 0.024905832919416674};-280.569866449043;35.87361367813909
46019;-104.411319546383;(((((_a4_ + pow2((_a4_ + x))) * _a2_) + _a3_) * x) * _a2_);{'d0': {'_a2_': 1.8375964948338352, '_a3_': 0.21401001617477725, '_a4_': 0.311929707820932, '_a0_': 1.0, '_a1_': 1.0, '_a5_': 1.0, '_a6_': 1.0, '_a7_': 1.0}};{'d0': 0.024905832919416674};-280.569866449043;35.87361367813909
46020;-104.411319546383;(((((_a4_ + pow2((_a4_ + x))) * _a2_) + _a3_) * x) * _a2_);{'d0': {'_a2_': 1.8375964948338352, '_a3_': 0.21401001617477725, '_a4_': 0.311929707820932, '_a0_': 1.0, '_a1_': 1.0, '_a5_': 1.0, '_a6_': 1.0, '_a7_': 1.0}};{'d0': 0.024905832919416674};-280.569866449043;35.87361367813909
46021;-104.411319546383;(((((_a4_ + pow2((_a4_ + x))) * _a2_) + _a3_) * x) * _a2_);{'d0': {'_a2_': 1.8375964948338352, '_a3_': 0.21401001617477725, '_a4_': 0.311929707820932, '_a0_': 1.0, '_a1_': 1.0, '_a5_': 1.0, '_a6_': 1.0, '_a7_': 1.0}};{'d0': 0.024905832919416674};-280.569866449043;35.87361367813909
46022;-104.411319546383;(((((_a4_ + pow2((_a4_ + x))) * _a2_) + _a3_) * x) * _a2_);{'d0': {'_a2_': 1.8375964948338352, '_a3_': 0.21401001617477725, '_a4_': 0.311929707820932, '_a0_': 1.0, '_a1_': 1.0, '_a5_': 1.0, '_a6_': 1.0, '_a7_': 1.0}};{'d0': 0.024905832919416674};-280.569866449043;35.87361367813909
46023;-104.411319546383;(((((_a4_ + pow2((_a4_ + x))) * _a2_) + _a3_) * x) * _a2_);{'d0': {'_a2_': 1.8375964948338352, '_a3_': 0.21401001617477725, '_a4_': 0.311929707820932, '_a0_': 1.0, '_a1_': 1.0, '_a5_': 1.0, '_a6_': 1.0, '_a7_': 1.0}};{'d0': 0.024905832919416674};-280.569866449043;35.87361367813909
46024;-104.411319546383;(((((_a4_ + pow2((_a4_ + x))) * _a2_) + _a3_) * x) * _a2_);{'d0': {'_a2_': 1.8375964948338352, '_a3_': 0.21401001617477725, '_a4_': 0.311929707820932, '_a0_': 1.0, '_a1_': 1.0, '_a5_': 1.0, '_a6_': 1.0, '_a7_': 1.0}};{'d0': 0.024905832919416674};-280.569866449043;35.87361367813909
46025;-104.411319546383;(((((_a4_ + pow2((_a4_ + x))) * _a2_) + _a3_) * x) * _a2_);{'d0': {'_a2_': 1.8375964948338352, '_a3_': 0.21401001617477725, '_a4_': 0.311929707820932, '_a0_': 1.0, '_a1_': 1.0, '_a5_': 1.0, '_a6_': 1.0, '_a7_': 1.0}};{'d0': 0.024905832919416674};-280.569866449043;35.87361367813909
46026;-103.114978083814;(((pow2((_a7_ * ((_a3_ * _a2_) + x))) + _a3_) ** _a7_) * x);{'d0': {'_a2_': 0.23340227281750164, '_a3_': 1.3208807936898328, '_a7_': 1.3876512777179215, '_a0_': 1.0, '_a1_': 1.0, '_a4_': 1.0, '_a5_': 1.0, '_a6_': 1.0}};{'d0': 0.02536952123206257};-279.463078118046;36.61656097520889
46027;-103.114978083814;(((pow2((_a7_ * ((_a3_ * _a2_) + x))) + _a3_) ** _a7_) * x);{'d0': {'_a2_': 0.23340227281750164, '_a3_': 1.3208807936898328, '_a7_': 1.3876512777179215, '_a0_': 1.0, '_a1_': 1.0, '_a4_': 1.0, '_a5_': 1.0, '_a6_': 1.0}};{'d0': 0.02536952123206257};-279.463078118046;36.61656097520889
46028;-103.114978083814;(((pow2((_a7_ * ((_a3_ * _a6_) + x))) + _a3_) ** _a7_) * x);{'d0': {'_a3_': 1.3208807920030299, '_a6_': 0.2334022729080678, '_a7_': 1.3876512784866137, '_a0_': 1.0, '_a1_': 1.0, '_a2_': 1.0, '_a4_': 1.0, '_a5_': 1.0}};{'d0': 0.025369521232062542};-279.463078118046;36.61656097520889
46029;-103.114978083814;(((pow2((_a7_ * ((_a3_ * _a6_) + x))) + _a3_) ** _a7_) * x);{'d0': {'_a3_': 1.3208807920030299, '_a6_': 0.2334022729080678, '_a7_': 1.3876512784866137, '_a0_': 1.0, '_a1_': 1.0, '_a2_': 1.0, '_a4_': 1.0, '_a5_': 1.0}};{'d0': 0.025369521232062542};-279.463078118046;36.61656097520889
46030;-102.435974803005;(((pow2((_a5_ * ((_a3_ * _a6_) + x))) + _a3_) ** _a7_) * x);{'d0': {'_a3_': 1.3918300704325859, '_a5_': 1.6370805317081414, '_a6_': 0.22294130652205973, '_a7_': 1.13848583488928, '_a0_': 1.0, '_a1_': 1.0, '_a2_': 1.0, '_a4_': 1.0}};{'d0': 0.02423851431455885};-278.105071556428;36.61656097520889
46031;-102.435974803005;(((pow2((_a5_ * ((_a3_ * _a6_) + x))) + _a3_) ** _a7_) * x);{'d0': {'_a3_': 1.3918300704325859, '_a5_': 1.6370805317081414, '_a6_': 0.22294130652205973, '_a7_': 1.13848583488928, '_a0_': 1.0, '_a1_': 1.0, '_a2_': 1.0, '_a4_': 1.0}};{'d0': 0.02423851431455885};-278.105071556428;36.61656097520889
46032;-102.435974803005;(((pow2((_a5_ * ((_a3_ * _a6_) + x))) + _a3_) ** _a7_) * x);{'d0': {'_a3_': 1.3918300704325859, '_a5_': 1.6370805317081414, '_a6_': 0.22294130652205973, '_a7_': 1.13848583488928, '_a0_': 1.0, '_a1_': 1.0, '_a2_': 1.0, '_a4_': 1.0}};{'d0': 0.02423851431455885};-278.105071556428;36.61656097520889
46033;-102.435974803009;(((pow2((_a5_ * ((_a3_ * _a1_) + x))) + _a3_) ** _a7_) * x);{'d0': {'_a1_': 0.2229412983975779, '_a3_': 1.3918301286454862, '_a5_': 1.6370807407060757, '_a7_': 1.1384856672916952, '_a0_': 1.0, '_a2_': 1.0, '_a4_': 1.0, '_a6_': 1.0}};{'d0': 0.02423851431455536};-278.105071556437;36.61656097520889
46034;-102.435974803009;(((pow2((_a5_ * ((_a3_ * _a1_) + x))) + _a3_) ** _a7_) * x);{'d0': {'_a1_': 0.2229412983975779, '_a3_': 1.3918301286454862, '_a5_': 1.6370807407060757, '_a7_': 1.1384856672916952, '_a0_': 1.0, '_a2_': 1.0, '_a4_': 1.0, '_a6_': 1.0}};{'d0': 0.02423851431455536};-278.105071556437;36.61656097520889
46035;-102.435974803009;(((pow2((_a5_ * ((_a3_ * _a1_) + x))) + _a3_) ** _a7_) * x);{'d0': {'_a1_': 0.2229412983975779, '_a3_': 1.3918301286454862, '_a5_': 1.6370807407060757, '_a7_': 1.1384856672916952, '_a0_': 1.0, '_a2_': 1.0, '_a4_': 1.0, '_a6_': 1.0}};{'d0': 0.02423851431455536};-278.105071556437;36.61656097520889
46036;-102.435974803009;(((pow2((_a5_ * ((_a3_ * _a1_) + x))) + _a3_) ** _a7_) * x);{'d0': {'_a1_': 0.2229412983975779, '_a3_': 1.3918301286454862, '_a5_': 1.6370807407060757, '_a7_': 1.1384856672916952, '_a0_': 1.0, '_a2_': 1.0, '_a4_': 1.0, '_a6_': 1.0}};{'d0': 0.02423851431455536};-278.105071556437;36.61656097520889
46037;-102.435974803009;(((pow2((_a5_ * ((_a3_ * _a1_) + x))) + _a3_) ** _a7_) * x);{'d0': {'_a1_': 0.2229412983975779, '_a3_': 1.3918301286454862, '_a5_': 1.6370807407060757, '_a7_': 1.1384856672916952, '_a0_': 1.0, '_a2_': 1.0, '_a4_': 1.0, '_a6_': 1.0}};{'d0': 0.02423851431455536};-278.105071556437;36.61656097520889
46038;-102.435974803009;(((pow2((_a5_ * ((_a3_ * _a1_) + x))) + _a3_) ** _a7_) * x);{'d0': {'_a1_': 0.2229412983975779, '_a3_': 1.3918301286454862, '_a5_': 1.6370807407060757, '_a7_': 1.1384856672916952, '_a0_': 1.0, '_a2_': 1.0, '_a4_': 1.0, '_a6_': 1.0}};{'d0': 0.02423851431455536};-278.105071556437;36.61656097520889
46039;-102.435974803009;(((pow2((_a5_ * ((_a3_ * _a1_) + x))) + _a3_) ** _a7_) * x);{'d0': {'_a1_': 0.2229412983975779, '_a3_': 1.3918301286454862, '_a5_': 1.6370807407060757, '_a7_': 1.1384856672916952, '_a0_': 1.0, '_a2_': 1.0, '_a4_': 1.0, '_a6_': 1.0}};{'d0': 0.02423851431455536};-278.105071556437;36.61656097520889
46040;-102.435974803009;(((pow2((_a5_ * ((_a3_ * _a1_) + x))) + _a3_) ** _a7_) * x);{'d0': {'_a1_': 0.2229412983975779, '_a3_': 1.3918301286454862, '_a5_': 1.6370807407060757, '_a7_': 1.1384856672916952, '_a0_': 1.0, '_a2_': 1.0, '_a4_': 1.0, '_a6_': 1.0}};{'d0': 0.02423851431455536};-278.105071556437;36.61656097520889
46041;-102.435974803009;(((pow2((_a5_ * ((_a3_ * _a1_) + x))) + _a3_) ** _a7_) * x);{'d0': {'_a1_': 0.2229412983975779, '_a3_': 1.3918301286454862, '_a5_': 1.6370807407060757, '_a7_': 1.1384856672916952, '_a0_': 1.0, '_a2_': 1.0, '_a4_': 1.0, '_a6_': 1.0}};{'d0': 0.02423851431455536};-278.105071556437;36.61656097520889
46042;-102.435974803009;(((pow2((_a5_ * ((_a3_ * _a1_) + x))) + _a3_) ** _a7_) * x);{'d0': {'_a1_': 0.2229412983975779, '_a3_': 1.3918301286454862, '_a5_': 1.6370807407060757, '_a7_': 1.1384856672916952, '_a0_': 1.0, '_a2_': 1.0, '_a4_': 1.0, '_a6_': 1.0}};{'d0': 0.02423851431455536};-278.105071556437;36.61656097520889
46043;-102.435974803009;(((pow2((_a5_ * ((_a3_ * _a1_) + x))) + _a3_) ** _a7_) * x);{'d0': {'_a1_': 0.2229412983975779, '_a3_': 1.3918301286454862, '_a5_': 1.6370807407060757, '_a7_': 1.1384856672916952, '_a0_': 1.0, '_a2_': 1.0, '_a4_': 1.0, '_a6_': 1.0}};{'d0': 0.02423851431455536};-278.105071556437;36.61656097520889
46044;-102.435974803009;(((pow2((_a5_ * ((_a3_ * _a1_) + x))) + _a3_) ** _a7_) * x);{'d0': {'_a1_': 0.2229412983975779, '_a3_': 1.3918301286454862, '_a5_': 1.6370807407060757, '_a7_': 1.1384856672916952, '_a0_': 1.0, '_a2_': 1.0, '_a4_': 1.0, '_a6_': 1.0}};{'d0': 0.02423851431455536};-278.105071556437;36.61656097520889
46045;-102.435974803009;(((pow2((_a5_ * ((_a3_ * _a1_) + x))) + _a3_) ** _a7_) * x);{'d0': {'_a1_': 0.2229412983975779, '_a3_': 1.3918301286454862, '_a5_': 1.6370807407060757, '_a7_': 1.1384856672916952, '_a0_': 1.0, '_a2_': 1.0, '_a4_': 1.0, '_a6_': 1.0}};{'d0': 0.02423851431455536};-278.105071556437;36.61656097520889
46046;-102.435974803009;(((pow2((_a5_ * ((_a3_ * _a1_) + x))) + _a3_) ** _a7_) * x);{'d0': {'_a1_': 0.2229412983975779, '_a3_': 1.3918301286454862, '_a5_': 1.6370807407060757, '_a7_': 1.1384856672916952, '_a0_': 1.0, '_a2_': 1.0, '_a4_': 1.0, '_a6_': 1.0}};{'d0': 0.02423851431455536};-278.105071556437;36.61656097520889
46047;-102.435974803009;(((pow2((_a5_ * ((_a3_ * _a1_) + x))) + _a3_) ** _a7_) * x);{'d0': {'_a1_': 0.2229412983975779, '_a3_': 1.3918301286454862, '_a5_': 1.6370807407060757, '_a7_': 1.1384856672916952, '_a0_': 1.0, '_a2_': 1.0, '_a4_': 1.0, '_a6_': 1.0}};{'d0': 0.02423851431455536};-278.105071556437;36.61656097520889
46048;-102.435974803009;(((pow2((_a5_ * ((_a3_ * _a1_) + x))) + _a3_) ** _a7_) * x);{'d0': {'_a1_': 0.2229412983975779, '_a3_': 1.3918301286454862, '_a5_': 1.6370807407060757, '_a7_': 1.1384856672916952, '_a0_': 1.0, '_a2_': 1.0, '_a4_': 1.0, '_a6_': 1.0}};{'d0': 0.02423851431455536};-278.105071556437;36.61656097520889
46049;-102.435974803009;(((pow2((_a5_ * ((_a3_ * _a1_) + x))) + _a3_) ** _a7_) * x);{'d0': {'_a1_': 0.2229412983975779, '_a3_': 1.3918301286454862, '_a5_': 1.6370807407060757, '_a7_': 1.1384856672916952, '_a0_': 1.0, '_a2_': 1.0, '_a4_': 1.0, '_a6_': 1.0}};{'d0': 0.02423851431455536};-278.105071556437;36.61656097520889
46050;-96.3565650099709;(((pow2((_a5_ * ((_a3_ * cos(_a2_)) + x))) + _a3_) ** _a7_) * x);{'d0': {'_a2_': 1.3459654844511444, '_a3_': 1.3918289405731425, '_a5_': 1.637076448365683, '_a7_': 1.1384891028512716, '_a0_': 1.0, '_a1_': 1.0, '_a4_': 1.0, '_a6_': 1.0}};{'d0': 0.024238514314933735};-278.105071555500;42.69597076777889
46051;-96.3565650099709;(((pow2((_a5_ * ((_a3_ * cos(_a2_)) + x))) + _a3_) ** _a7_) * x);{'d0': {'_a2_': 1.3459654844511444, '_a3_': 1.3918289405731425, '_a5_': 1.637076448365683, '_a7_': 1.1384891028512716, '_a0_': 1.0, '_a1_': 1.0, '_a4_': 1.0, '_a6_': 1.0}};{'d0': 0.024238514314933735};-278.105071555500;42.69597076777889
46052;-99.9141813809743;((((_a4_ + pow2((_a4_ + x))) * _a2_) + (exp(_a4_) / _a2_)) * x);{'d0': {'_a2_': 3.3555256822884827, '_a4_': 0.31163973641079823, '_a0_': 1.0, '_a1_': 1.0, '_a3_': 1.0, '_a5_': 1.0, '_a6_': 1.0, '_a7_': 1.0}};{'d0': 0.02511837883386819};-284.154344642081;42.162990940066486
46053;-99.9141813809743;((((_a4_ + pow2((_a4_ + x))) * _a2_) + (exp(_a4_) / _a2_)) * x);{'d0': {'_a2_': 3.3555256822884827, '_a4_': 0.31163973641079823, '_a0_': 1.0, '_a1_': 1.0, '_a3_': 1.0, '_a5_': 1.0, '_a6_': 1.0, '_a7_': 1.0}};{'d0': 0.02511837883386819};-284.154344642081;42.162990940066486
46054;-99.9141813809743;((((_a4_ + pow2((_a4_ + x))) * _a2_) + (exp(_a4_) / _a2_)) * x);{'d0': {'_a2_': 3.3555256822884827, '_a4_': 0.31163973641079823, '_a0_': 1.0, '_a1_': 1.0, '_a3_': 1.0, '_a5_': 1.0, '_a6_': 1.0, '_a7_': 1.0}};{'d0': 0.02511837883386819};-284.154344642081;42.162990940066486
46055;-99.9141813809743;((((_a4_ + pow2((_a4_ + x))) * _a2_) + (exp(_a4_) / _a2_)) * x);{'d0': {'_a2_': 3.3555256822884827, '_a4_': 0.31163973641079823, '_a0_': 1.0, '_a1_': 1.0, '_a3_': 1.0, '_a5_': 1.0, '_a6_': 1.0, '_a7_': 1.0}};{'d0': 0.02511837883386819};-284.154344642081;42.162990940066486
46056;-99.9141813809743;((((_a4_ + pow2((_a4_ + x))) * _a2_) + (exp(_a4_) / _a2_)) * x);{'d0': {'_a2_': 3.3555256822884827, '_a4_': 0.31163973641079823, '_a0_': 1.0, '_a1_': 1.0, '_a3_': 1.0, '_a5_': 1.0, '_a6_': 1.0, '_a7_': 1.0}};{'d0': 0.02511837883386819};-284.154344642081;42.162990940066486
46057;-99.9141813809743;((((_a4_ + pow2((_a4_ + x))) * _a2_) + (exp(_a4_) / _a2_)) * x);{'d0': {'_a2_': 3.3555256822884827, '_a4_': 0.31163973641079823, '_a0_': 1.0, '_a1_': 1.0, '_a3_': 1.0, '_a5_': 1.0, '_a6_': 1.0, '_a7_': 1.0}};{'d0': 0.02511837883386819};-284.154344642081;42.162990940066486
46058;-99.9141813809743;((((_a4_ + pow2((_a4_ + x))) * _a2_) + (exp(_a4_) / _a2_)) * x);{'d0': {'_a2_': 3.3555256822884827, '_a4_': 0.31163973641079823, '_a0_': 1.0, '_a1_': 1.0, '_a3_': 1.0, '_a5_': 1.0, '_a6_': 1.0, '_a7_': 1.0}};{'d0': 0.02511837883386819};-284.154344642081;42.162990940066486
46059;-99.9141813809743;((((_a4_ + pow2((_a4_ + x))) * _a2_) + (exp(_a4_) / _a2_)) * x);{'d0': {'_a2_': 3.3555256822884827, '_a4_': 0.31163973641079823, '_a0_': 1.0, '_a1_': 1.0, '_a3_': 1.0, '_a5_': 1.0, '_a6_': 1.0, '_a7_': 1.0}};{'d0': 0.02511837883386819};-284.154344642081;42.162990940066486
46060;-99.9141813809743;((((_a4_ + pow2((_a4_ + x))) * _a2_) + (exp(_a4_) / _a2_)) * x);{'d0': {'_a2_': 3.3555256822884827, '_a4_': 0.31163973641079823, '_a0_': 1.0, '_a1_': 1.0, '_a3_': 1.0, '_a5_': 1.0, '_a6_': 1.0, '_a7_': 1.0}};{'d0': 0.02511837883386819};-284.154344642081;42.162990940066486
46061;-99.9141813809743;((((_a4_ + pow2((_a4_ + x))) * _a2_) + (exp(_a4_) / _a2_)) * x);{'d0': {'_a2_': 3.3555256822884827, '_a4_': 0.31163973641079823, '_a0_': 1.0, '_a1_': 1.0, '_a3_': 1.0, '_a5_': 1.0, '_a6_': 1.0, '_a7_': 1.0}};{'d0': 0.02511837883386819};-284.154344642081;42.162990940066486
46062;-99.9141813809743;((((_a4_ + pow2((_a4_ + x))) * _a2_) + (exp(_a4_) / _a2_)) * x);{'d0': {'_a2_': 3.3555256822884827, '_a4_': 0.31163973641079823, '_a0_': 1.0, '_a1_': 1.0, '_a3_': 1.0, '_a5_': 1.0, '_a6_': 1.0, '_a7_': 1.0}};{'d0': 0.02511837883386819};-284.154344642081;42.162990940066486
46063;-99.9141813809743;((((_a4_ + pow2((_a4_ + x))) * _a2_) + (exp(_a4_) / _a2_)) * x);{'d0': {'_a2_': 3.3555256822884827, '_a4_': 0.31163973641079823, '_a0_': 1.0, '_a1_': 1.0, '_a3_': 1.0, '_a5_': 1.0, '_a6_': 1.0, '_a7_': 1.0}};{'d0': 0.02511837883386819};-284.154344642081;42.162990940066486
46064;-99.9141813809743;((((_a4_ + pow2((_a4_ + x))) * _a2_) + (exp(_a4_) / _a2_)) * x);{'d0': {'_a2_': 3.3555256822884827, '_a4_': 0.31163973641079823, '_a0_': 1.0, '_a1_': 1.0, '_a3_': 1.0, '_a5_': 1.0, '_a6_': 1.0, '_a7_': 1.0}};{'d0': 0.02511837883386819};-284.154344642081;42.162990940066486
46065;-99.9141813809743;((((_a4_ + pow2((_a4_ + x))) * _a2_) + (exp(_a4_) / _a2_)) * x);{'d0': {'_a2_': 3.3555256822884827, '_a4_': 0.31163973641079823, '_a0_': 1.0, '_a1_': 1.0, '_a3_': 1.0, '_a5_': 1.0, '_a6_': 1.0, '_a7_': 1.0}};{'d0': 0.02511837883386819};-284.154344642081;42.162990940066486
46066;-99.9141813809743;((((_a4_ + pow2((_a4_ + x))) * _a2_) + (exp(_a4_) / _a2_)) * x);{'d0': {'_a2_': 3.3555256822884827, '_a4_': 0.31163973641079823, '_a0_': 1.0, '_a1_': 1.0, '_a3_': 1.0, '_a5_': 1.0, '_a6_': 1.0, '_a7_': 1.0}};{'d0': 0.02511837883386819};-284.154344642081;42.162990940066486
46067;-99.9141813809743;((((_a4_ + pow2((_a4_ + x))) * _a2_) + (exp(_a4_) / _a2_)) * x);{'d0': {'_a2_': 3.3555256822884827, '_a4_': 0.31163973641079823, '_a0_': 1.0, '_a1_': 1.0, '_a3_': 1.0, '_a5_': 1.0, '_a6_': 1.0, '_a7_': 1.0}};{'d0': 0.02511837883386819};-284.154344642081;42.162990940066486
46068;-99.9141813809743;((((_a4_ + pow2((_a4_ + x))) * _a2_) + (exp(_a4_) / _a2_)) * x);{'d0': {'_a2_': 3.3555256822884827, '_a4_': 0.31163973641079823, '_a0_': 1.0, '_a1_': 1.0, '_a3_': 1.0, '_a5_': 1.0, '_a6_': 1.0, '_a7_': 1.0}};{'d0': 0.02511837883386819};-284.154344642081;42.162990940066486
46069;-99.9141813809743;((((_a4_ + pow2((_a4_ + x))) * _a2_) + (exp(_a4_) / _a2_)) * x);{'d0': {'_a2_': 3.3555256822884827, '_a4_': 0.31163973641079823, '_a0_': 1.0, '_a1_': 1.0, '_a3_': 1.0, '_a5_': 1.0, '_a6_': 1.0, '_a7_': 1.0}};{'d0': 0.02511837883386819};-284.154344642081;42.162990940066486
46070;-99.9141813809743;((((_a4_ + pow2((_a4_ + x))) * _a2_) + (exp(_a4_) / _a2_)) * x);{'d0': {'_a2_': 3.3555256822884827, '_a4_': 0.31163973641079823, '_a0_': 1.0, '_a1_': 1.0, '_a3_': 1.0, '_a5_': 1.0, '_a6_': 1.0, '_a7_': 1.0}};{'d0': 0.02511837883386819};-284.154344642081;42.162990940066486
46071;-99.9141813809743;((((_a4_ + pow2((_a4_ + x))) * _a2_) + (exp(_a4_) / _a2_)) * x);{'d0': {'_a2_': 3.3555256822884827, '_a4_': 0.31163973641079823, '_a0_': 1.0, '_a1_': 1.0, '_a3_': 1.0, '_a5_': 1.0, '_a6_': 1.0, '_a7_': 1.0}};{'d0': 0.02511837883386819};-284.154344642081;42.162990940066486
46072;-99.9141813809743;((((_a4_ + pow2((_a4_ + x))) * _a2_) + (exp(_a4_) / _a2_)) * x);{'d0': {'_a2_': 3.3555256822884827, '_a4_': 0.31163973641079823, '_a0_': 1.0, '_a1_': 1.0, '_a3_': 1.0, '_a5_': 1.0, '_a6_': 1.0, '_a7_': 1.0}};{'d0': 0.02511837883386819};-284.154344642081;42.162990940066486
46073;-99.9141813809743;((((_a4_ + pow2((_a4_ + x))) * _a2_) + (exp(_a4_) / _a2_)) * x);{'d0': {'_a2_': 3.3555256822884827, '_a4_': 0.31163973641079823, '_a0_': 1.0, '_a1_': 1.0, '_a3_': 1.0, '_a5_': 1.0, '_a6_': 1.0, '_a7_': 1.0}};{'d0': 0.02511837883386819};-284.154344642081;42.162990940066486
46074;-99.9141813809743;((((_a4_ + pow2((_a4_ + x))) * _a2_) + (exp(_a4_) / _a2_)) * x);{'d0': {'_a2_': 3.3555256822884827, '_a4_': 0.31163973641079823, '_a0_': 1.0, '_a1_': 1.0, '_a3_': 1.0, '_a5_': 1.0, '_a6_': 1.0, '_a7_': 1.0}};{'d0': 0.02511837883386819};-284.154344642081;42.162990940066486
46075;-99.9141813809743;((((_a4_ + pow2((_a4_ + x))) * _a2_) + (exp(_a4_) / _a2_)) * x);{'d0': {'_a2_': 3.3555256822884827, '_a4_': 0.31163973641079823, '_a0_': 1.0, '_a1_': 1.0, '_a3_': 1.0, '_a5_': 1.0, '_a6_': 1.0, '_a7_': 1.0}};{'d0': 0.02511837883386819};-284.154344642081;42.162990940066486
46076;-99.9141813809743;((((_a4_ + pow2((_a4_ + x))) * _a2_) + (exp(_a4_) / _a2_)) * x);{'d0': {'_a2_': 3.3555256822884827, '_a4_': 0.31163973641079823, '_a0_': 1.0, '_a1_': 1.0, '_a3_': 1.0, '_a5_': 1.0, '_a6_': 1.0, '_a7_': 1.0}};{'d0': 0.02511837883386819};-284.154344642081;42.162990940066486
46077;-99.9141813809743;((((_a4_ + pow2((_a4_ + x))) * _a2_) + (exp(_a4_) / _a2_)) * x);{'d0': {'_a2_': 3.3555256822884827, '_a4_': 0.31163973641079823, '_a0_': 1.0, '_a1_': 1.0, '_a3_': 1.0, '_a5_': 1.0, '_a6_': 1.0, '_a7_': 1.0}};{'d0': 0.02511837883386819};-284.154344642081;42.162990940066486
46078;-99.9141813809743;((((_a4_ + pow2((_a4_ + x))) * _a2_) + (exp(_a4_) / _a2_)) * x);{'d0': {'_a2_': 3.3555256822884827, '_a4_': 0.31163973641079823, '_a0_': 1.0, '_a1_': 1.0, '_a3_': 1.0, '_a5_': 1.0, '_a6_': 1.0, '_a7_': 1.0}};{'d0': 0.02511837883386819};-284.154344642081;42.162990940066486
46079;-99.9141813809743;((((_a4_ + pow2((_a4_ + x))) * _a2_) + (exp(_a4_) / _a2_)) * x);{'d0': {'_a2_': 3.3555256822884827, '_a4_': 0.31163973641079823, '_a0_': 1.0, '_a1_': 1.0, '_a3_': 1.0, '_a5_': 1.0, '_a6_': 1.0, '_a7_': 1.0}};{'d0': 0.02511837883386819};-284.154344642081;42.162990940066486
46080;-99.9141813809743;((((_a4_ + pow2((_a4_ + x))) * _a2_) + (exp(_a4_) / _a2_)) * x);{'d0': {'_a2_': 3.3555256822884827, '_a4_': 0.31163973641079823, '_a0_': 1.0, '_a1_': 1.0, '_a3_': 1.0, '_a5_': 1.0, '_a6_': 1.0, '_a7_': 1.0}};{'d0': 0.02511837883386819};-284.154344642081;42.162990940066486
46081;-99.9141813809743;((((_a4_ + pow2((_a4_ + x))) * _a2_) + (exp(_a4_) / _a2_)) * x);{'d0': {'_a2_': 3.3555256822884827, '_a4_': 0.31163973641079823, '_a0_': 1.0, '_a1_': 1.0, '_a3_': 1.0, '_a5_': 1.0, '_a6_': 1.0, '_a7_': 1.0}};{'d0': 0.02511837883386819};-284.154344642081;42.162990940066486
46082;-99.9141813809743;((((_a4_ + pow2((_a4_ + x))) * _a2_) + (exp(_a4_) / _a2_)) * x);{'d0': {'_a2_': 3.3555256822884827, '_a4_': 0.31163973641079823, '_a0_': 1.0, '_a1_': 1.0, '_a3_': 1.0, '_a5_': 1.0, '_a6_': 1.0, '_a7_': 1.0}};{'d0': 0.02511837883386819};-284.154344642081;42.162990940066486
46083;-99.9141813809743;((((_a4_ + pow2((_a4_ + x))) * _a2_) + (exp(_a4_) / _a2_)) * x);{'d0': {'_a2_': 3.3555256822884827, '_a4_': 0.31163973641079823, '_a0_': 1.0, '_a1_': 1.0, '_a3_': 1.0, '_a5_': 1.0, '_a6_': 1.0, '_a7_': 1.0}};{'d0': 0.02511837883386819};-284.154344642081;42.162990940066486
46084;-99.9141813809743;((((_a4_ + pow2((_a4_ + x))) * _a2_) + (exp(_a4_) / _a2_)) * x);{'d0': {'_a2_': 3.3555256822884827, '_a4_': 0.31163973641079823, '_a0_': 1.0, '_a1_': 1.0, '_a3_': 1.0, '_a5_': 1.0, '_a6_': 1.0, '_a7_': 1.0}};{'d0': 0.02511837883386819};-284.154344642081;42.162990940066486
46085;-99.9141813809743;((((_a4_ + pow2((_a4_ + x))) * _a2_) + (exp(_a4_) / _a2_)) * x);{'d0': {'_a2_': 3.3555256822884827, '_a4_': 0.31163973641079823, '_a0_': 1.0, '_a1_': 1.0, '_a3_': 1.0, '_a5_': 1.0, '_a6_': 1.0, '_a7_': 1.0}};{'d0': 0.02511837883386819};-284.154344642081;42.162990940066486
46086;-103.488010419116;((((_a4_ + pow2((_a4_ + x))) * _a2_) + (_a0_ / _a2_)) * x);{'d0': {'_a0_': 1.3279586847097282, '_a2_': 3.37676087368411, '_a4_': 0.31192970782568136, '_a1_': 1.0, '_a3_': 1.0, '_a5_': 1.0, '_a6_': 1.0, '_a7_': 1.0}};{'d0': 0.024905832919416594};-280.569866449044;36.79692280540649
46087;-103.488010419116;((((_a4_ + pow2((_a4_ + x))) * _a2_) + (_a0_ / _a2_)) * x);{'d0': {'_a0_': 1.3279586847097282, '_a2_': 3.37676087368411, '_a4_': 0.31192970782568136, '_a1_': 1.0, '_a3_': 1.0, '_a5_': 1.0, '_a6_': 1.0, '_a7_': 1.0}};{'d0': 0.024905832919416594};-280.569866449044;36.79692280540649
46088;-103.488010419116;((((_a4_ + pow2((_a4_ + x))) * _a2_) + (_a0_ / _a2_)) * x);{'d0': {'_a0_': 1.3279586847097282, '_a2_': 3.37676087368411, '_a4_': 0.31192970782568136, '_a1_': 1.0, '_a3_': 1.0, '_a5_': 1.0, '_a6_': 1.0, '_a7_': 1.0}};{'d0': 0.024905832919416594};-280.569866449044;36.79692280540649
46089;-103.488010419116;((((_a4_ + pow2((_a4_ + x))) * _a2_) + (_a0_ / _a2_)) * x);{'d0': {'_a0_': 1.3279586847097282, '_a2_': 3.37676087368411, '_a4_': 0.31192970782568136, '_a1_': 1.0, '_a3_': 1.0, '_a5_': 1.0, '_a6_': 1.0, '_a7_': 1.0}};{'d0': 0.024905832919416594};-280.569866449044;36.79692280540649
46090;-104.411319546383;((((_a4_ + pow2((_a4_ + x))) * _a2_) + (_a0_ * _a2_)) * x);{'d0': {'_a0_': 0.11646191897435736, '_a2_': 3.376760883042363, '_a4_': 0.31192970783000523, '_a1_': 1.0, '_a3_': 1.0, '_a5_': 1.0, '_a6_': 1.0, '_a7_': 1.0}};{'d0': 0.02490583291941656};-280.569866449044;35.87361367813909
46091;-104.411319546383;((((_a4_ + pow2((_a4_ + x))) * _a2_) + (_a0_ * _a2_)) * x);{'d0': {'_a0_': 0.11646191897435736, '_a2_': 3.376760883042363, '_a4_': 0.31192970783000523, '_a1_': 1.0, '_a3_': 1.0, '_a5_': 1.0, '_a6_': 1.0, '_a7_': 1.0}};{'d0': 0.02490583291941656};-280.569866449044;35.87361367813909
46092;-104.411319546383;((((_a4_ + pow2((_a4_ + x))) * _a2_) + (_a0_ * _a2_)) * x);{'d0': {'_a0_': 0.11646191897435736, '_a2_': 3.376760883042363, '_a4_': 0.31192970783000523, '_a1_': 1.0, '_a3_': 1.0, '_a5_': 1.0, '_a6_': 1.0, '_a7_': 1.0}};{'d0': 0.02490583291941656};-280.569866449044;35.87361367813909
46093;-104.411319546383;((((_a4_ + pow2((_a4_ + x))) * _a2_) + (_a0_ * _a2_)) * x);{'d0': {'_a0_': 0.11646191897435736, '_a2_': 3.376760883042363, '_a4_': 0.31192970783000523, '_a1_': 1.0, '_a3_': 1.0, '_a5_': 1.0, '_a6_': 1.0, '_a7_': 1.0}};{'d0': 0.02490583291941656};-280.569866449044;35.87361367813909
46094;-104.411319546383;((((_a4_ + pow2((_a4_ + x))) * _a2_) + (_a0_ * _a2_)) * x);{'d0': {'_a0_': 0.11646191897435736, '_a2_': 3.376760883042363, '_a4_': 0.31192970783000523, '_a1_': 1.0, '_a3_': 1.0, '_a5_': 1.0, '_a6_': 1.0, '_a7_': 1.0}};{'d0': 0.02490583291941656};-280.569866449044;35.87361367813909
46095;-74.9271105559478;((_a5_ * (x * pow2(_a7_))) * ((pow2(((_a0_ * ((x + _a1_) + _a2_)) * _a2_)) + _a2_) + (_a5_ / _a7_)));{'d0': {'_a0_': -0.9466200249611333, '_a1_': -3.575347390799661, '_a2_': 3.8872770986062757, '_a5_': 0.9701359230657287, '_a7_': 0.5070054541081653, '_a3_': 1.0, '_a4_': 1.0, '_a6_': 1.0}};{'d0': 0.02490583292185283};-272.381177318730;61.2634781034175
46096;-75.7536570936178;((_a5_ * (x * pow2(_a7_))) * ((pow2(((_a0_ * ((x + _a1_) + _a2_)) * _a2_)) + _a2_) * (_a5_ / _a7_)));{'d0': {'_a0_': -0.78524058902053, '_a1_': -3.4738343571170494, '_a2_': 3.785764064891998, '_a5_': 1.1336110348809627, '_a7_': 0.29734417749800507, '_a3_': 1.0, '_a4_': 1.0, '_a6_': 1.0}};{'d0': 0.024905832932860392};-272.381177292212;60.436931552488495
46097;-75.7536570936178;((_a5_ * (x * pow2(_a7_))) * ((pow2(((_a0_ * ((x + _a1_) + _a2_)) * _a2_)) + _a2_) * (_a5_ / _a7_)));{'d0': {'_a0_': -0.78524058902053, '_a1_': -3.4738343571170494, '_a2_': 3.785764064891998, '_a5_': 1.1336110348809627, '_a7_': 0.29734417749800507, '_a3_': 1.0, '_a4_': 1.0, '_a6_': 1.0}};{'d0': 0.024905832932860392};-272.381177292212;60.436931552488495
46098;-79.4515915551206;((_a5_ * (x * _a7_)) * ((pow2(((_a0_ * ((x + _a1_) + _a2_)) * _a2_)) + _a2_) * (_a5_ / _a7_)));{'d0': {'_a0_': -2.274441456024304, '_a1_': -0.13931211423100784, '_a2_': 0.4512418221892995, '_a5_': 1.7904652292369676, '_a3_': 1.0, '_a4_': 1.0, '_a6_': 1.0, '_a7_': 1.0}};{'d0': 0.024905832942081523};-272.381177269998;56.738997079878494
46099;-79.4515915551206;((_a5_ * (x * _a7_)) * ((pow2(((_a0_ * ((x + _a1_) + _a2_)) * _a2_)) + _a2_) * (_a5_ / _a7_)));{'d0': {'_a0_': -2.274441456024304, '_a1_': -0.13931211423100784, '_a2_': 0.4512418221892995, '_a5_': 1.7904652292369676, '_a3_': 1.0, '_a4_': 1.0, '_a6_': 1.0, '_a7_': 1.0}};{'d0': 0.024905832942081523};-272.381177269998;56.738997079878494
46100;-75.7536571097394;((_a5_ * (x * _a7_)) * ((pow2(((_a0_ * ((x + _a1_) + _a2_)) * _a2_)) + _a2_) * (_a5_ / pow2(_a7_))));{'d0': {'_a0_': -2.2746322466991775, '_a1_': -0.1392365712454515, '_a2_': 0.4511662791830601, '_a5_': 1.790578602804844, '_a7_': 0.9999588724785534, '_a3_': 1.0, '_a4_': 1.0, '_a6_': 1.0}};{'d0': 0.024905832919476293};-272.381177324456;60.436931552488495
46101;-75.7536571097394;((_a5_ * (x * _a7_)) * ((pow2(((_a0_ * ((x + _a1_) + _a2_)) * _a2_)) + _a2_) * (_a5_ / pow2(_a7_))));{'d0': {'_a0_': -2.2746322466991775, '_a1_': -0.1392365712454515, '_a2_': 0.4511662791830601, '_a5_': 1.790578602804844, '_a7_': 0.9999588724785534, '_a3_': 1.0, '_a4_': 1.0, '_a6_': 1.0}};{'d0': 0.024905832919476293};-272.381177324456;60.436931552488495
46102;-75.7536571097394;((_a5_ * (x * _a7_)) * ((pow2(((_a0_ * ((x + _a1_) + _a2_)) * _a2_)) + _a2_) * (_a5_ / pow2(_a7_))));{'d0': {'_a0_': -2.2746322466991775, '_a1_': -0.1392365712454515, '_a2_': 0.4511662791830601, '_a5_': 1.790578602804844, '_a7_': 0.9999588724785534, '_a3_': 1.0, '_a4_': 1.0, '_a6_': 1.0}};{'d0': 0.024905832919476293};-272.381177324456;60.436931552488495
46103;-75.7536571097394;((_a5_ * (x * _a7_)) * ((pow2(((_a0_ * ((x + _a1_) + _a2_)) * _a2_)) + _a2_) * (_a5_ / pow2(_a7_))));{'d0': {'_a0_': -2.2746322466991775, '_a1_': -0.1392365712454515, '_a2_': 0.4511662791830601, '_a5_': 1.790578602804844, '_a7_': 0.9999588724785534, '_a3_': 1.0, '_a4_': 1.0, '_a6_': 1.0}};{'d0': 0.024905832919476293};-272.381177324456;60.436931552488495
46104;-75.7536571097394;((_a5_ * (x * _a7_)) * ((pow2(((_a0_ * ((x + _a1_) + _a2_)) * _a2_)) + _a2_) * (_a5_ / pow2(_a7_))));{'d0': {'_a0_': -2.2746322466991775, '_a1_': -0.1392365712454515, '_a2_': 0.4511662791830601, '_a5_': 1.790578602804844, '_a7_': 0.9999588724785534, '_a3_': 1.0, '_a4_': 1.0, '_a6_': 1.0}};{'d0': 0.024905832919476293};-272.381177324456;60.436931552488495
46105;-75.7536571097394;((_a5_ * (x * _a7_)) * ((pow2(((_a0_ * ((x + _a1_) + _a2_)) * _a2_)) + _a2_) * (_a5_ / pow2(_a7_))));{'d0': {'_a0_': -2.2746322466991775, '_a1_': -0.1392365712454515, '_a2_': 0.4511662791830601, '_a5_': 1.790578602804844, '_a7_': 0.9999588724785534, '_a3_': 1.0, '_a4_': 1.0, '_a6_': 1.0}};{'d0': 0.024905832919476293};-272.381177324456;60.436931552488495
46106;-75.7536571097394;((_a5_ * (x * _a7_)) * ((pow2(((_a0_ * ((x + _a1_) + _a2_)) * _a2_)) + _a2_) * (_a5_ / pow2(_a7_))));{'d0': {'_a0_': -2.2746322466991775, '_a1_': -0.1392365712454515, '_a2_': 0.4511662791830601, '_a5_': 1.790578602804844, '_a7_': 0.9999588724785534, '_a3_': 1.0, '_a4_': 1.0, '_a6_': 1.0}};{'d0': 0.024905832919476293};-272.381177324456;60.436931552488495
46107;-75.7536571097394;((_a5_ * (x * _a7_)) * ((pow2(((_a0_ * ((x + _a1_) + _a2_)) * _a2_)) + _a2_) * (_a5_ / pow2(_a7_))));{'d0': {'_a0_': -2.2746322466991775, '_a1_': -0.1392365712454515, '_a2_': 0.4511662791830601, '_a5_': 1.790578602804844, '_a7_': 0.9999588724785534, '_a3_': 1.0, '_a4_': 1.0, '_a6_': 1.0}};{'d0': 0.024905832919476293};-272.381177324456;60.436931552488495
46108;-75.7536571097394;((_a5_ * (x * _a7_)) * ((pow2(((_a0_ * ((x + _a1_) + _a2_)) * _a2_)) + _a2_) * (_a5_ / pow2(_a7_))));{'d0': {'_a0_': -2.2746322466991775, '_a1_': -0.1392365712454515, '_a2_': 0.4511662791830601, '_a5_': 1.790578602804844, '_a7_': 0.9999588724785534, '_a3_': 1.0, '_a4_': 1.0, '_a6_': 1.0}};{'d0': 0.024905832919476293};-272.381177324456;60.436931552488495
46109;-75.7536571097394;((_a5_ * (x * _a7_)) * ((pow2(((_a0_ * ((x + _a1_) + _a2_)) * _a2_)) + _a2_) * (_a5_ / pow2(_a7_))));{'d0': {'_a0_': -2.2746322466991775, '_a1_': -0.1392365712454515, '_a2_': 0.4511662791830601, '_a5_': 1.790578602804844, '_a7_': 0.9999588724785534, '_a3_': 1.0, '_a4_': 1.0, '_a6_': 1.0}};{'d0': 0.024905832919476293};-272.381177324456;60.436931552488495
46110;-100.261789969704;(((x / _a6_) + (((x * (_a3_ + x)) + _a2_) * x)) * _a0_);{'d0': {'_a0_': 3.3767608847110804, '_a2_': 0.06377874978401571, '_a3_': 0.6238594150905268, '_a6_': 2.1649093236471226, '_a1_': 1.0, '_a4_': 1.0, '_a5_': 1.0, '_a7_': 1.0}};{'d0': 0.024905832920890863};-276.475521883270;37.975970971931375
46111;-100.261789969704;(((x / _a6_) + (((x * (_a3_ + x)) + _a2_) * x)) * _a0_);{'d0': {'_a0_': 3.3767608847110804, '_a2_': 0.06377874978401571, '_a3_': 0.6238594150905268, '_a6_': 2.1649093236471226, '_a1_': 1.0, '_a4_': 1.0, '_a5_': 1.0, '_a7_': 1.0}};{'d0': 0.024905832920890863};-276.475521883270;37.975970971931375
46112;-100.261789969704;(((x / _a6_) + (((x * (_a3_ + x)) + _a2_) * x)) * _a0_);{'d0': {'_a0_': 3.3767608847110804, '_a2_': 0.06377874978401571, '_a3_': 0.6238594150905268, '_a6_': 2.1649093236471226, '_a1_': 1.0, '_a4_': 1.0, '_a5_': 1.0, '_a7_': 1.0}};{'d0': 0.024905832920890863};-276.475521883270;37.975970971931375
46113;-75.0104887833362;((_a5_ * (x * _a7_)) * ((pow2(((_a0_ * ((x + _a1_) + _a2_)) * _a2_)) + _a2_) / (_a5_ / pow2(_a7_))));{'d0': {'_a0_': 1.7561135009679305, '_a1_': -0.4449968286119447, '_a2_': 0.7569265364103788, '_a7_': 1.2409734165100272, '_a3_': 1.0, '_a4_': 1.0, '_a5_': 1.0, '_a6_': 1.0}};{'d0': 0.02490583293305583};-272.381177291742;61.180099862534696
46114;-75.0104887833362;((_a5_ * (x * _a7_)) * ((pow2(((_a0_ * ((x + _a1_) + _a2_)) * _a2_)) + _a2_) / (_a5_ / pow2(_a7_))));{'d0': {'_a0_': 1.7561135009679305, '_a1_': -0.4449968286119447, '_a2_': 0.7569265364103788, '_a7_': 1.2409734165100272, '_a3_': 1.0, '_a4_': 1.0, '_a5_': 1.0, '_a6_': 1.0}};{'d0': 0.02490583293305583};-272.381177291742;61.180099862534696
46115;-75.0104887833362;((_a5_ * (x * _a7_)) * ((pow2(((_a0_ * ((x + _a1_) + _a2_)) * _a2_)) + _a2_) / (_a5_ / pow2(_a7_))));{'d0': {'_a0_': 1.7561135009679305, '_a1_': -0.4449968286119447, '_a2_': 0.7569265364103788, '_a7_': 1.2409734165100272, '_a3_': 1.0, '_a4_': 1.0, '_a5_': 1.0, '_a6_': 1.0}};{'d0': 0.02490583293305583};-272.381177291742;61.180099862534696
46116;-75.0104887833362;((_a5_ * (x * _a7_)) * ((pow2(((_a0_ * ((x + _a1_) + _a2_)) * _a2_)) + _a2_) / (_a5_ / pow2(_a7_))));{'d0': {'_a0_': 1.7561135009679305, '_a1_': -0.4449968286119447, '_a2_': 0.7569265364103788, '_a7_': 1.2409734165100272, '_a3_': 1.0, '_a4_': 1.0, '_a5_': 1.0, '_a6_': 1.0}};{'d0': 0.02490583293305583};-272.381177291742;61.180099862534696
46117;-75.0104887996545;((_a5_ * (x * _a7_)) * ((pow2(((_a0_ * ((x + _a1_) + _a2_)) * _a2_)) + _a2_) / (_a5_ / pow2(_a1_))));{'d0': {'_a0_': 1.5401851904753936, '_a1_': -0.6721111659273596, '_a2_': 0.9840408737053142, '_a7_': 3.254212506655855, '_a3_': 1.0, '_a4_': 1.0, '_a5_': 1.0, '_a6_': 1.0}};{'d0': 0.024905832919508448};-272.381177324378;61.180099862534696
46118;-75.0104887996545;((_a5_ * (x * _a7_)) * ((pow2(((_a0_ * ((x + _a1_) + _a2_)) * _a2_)) + _a2_) / (_a5_ / pow2(_a1_))));{'d0': {'_a0_': 1.5401851904753936, '_a1_': -0.6721111659273596, '_a2_': 0.9840408737053142, '_a7_': 3.254212506655855, '_a3_': 1.0, '_a4_': 1.0, '_a5_': 1.0, '_a6_': 1.0}};{'d0': 0.024905832919508448};-272.381177324378;61.180099862534696
46119;-100.261789969704;(((x / _a6_) + (((x * (_a3_ + x)) + _a2_) * x)) * _a0_);{'d0': {'_a0_': 3.3767608847110804, '_a2_': 0.06377874978401571, '_a3_': 0.6238594150905268, '_a6_': 2.1649093236471226, '_a1_': 1.0, '_a4_': 1.0, '_a5_': 1.0, '_a7_': 1.0}};{'d0': 0.024905832920890863};-276.475521883270;37.975970971931375
46120;-75.0104887996545;((_a5_ * (x * _a7_)) * ((pow2(((_a0_ * ((x + _a1_) + _a2_)) * _a2_)) + _a2_) / (_a5_ / pow2(_a1_))));{'d0': {'_a0_': 1.5401851904753936, '_a1_': -0.6721111659273596, '_a2_': 0.9840408737053142, '_a7_': 3.254212506655855, '_a3_': 1.0, '_a4_': 1.0, '_a5_': 1.0, '_a6_': 1.0}};{'d0': 0.024905832919508448};-272.381177324378;61.180099862534696
46121;-75.0104887996545;((_a5_ * (x * _a7_)) * ((pow2(((_a0_ * ((x + _a1_) + _a2_)) * _a2_)) + _a2_) / (_a5_ / pow2(_a1_))));{'d0': {'_a0_': 1.5401851904753936, '_a1_': -0.6721111659273596, '_a2_': 0.9840408737053142, '_a7_': 3.254212506655855, '_a3_': 1.0, '_a4_': 1.0, '_a5_': 1.0, '_a6_': 1.0}};{'d0': 0.024905832919508448};-272.381177324378;61.180099862534696
46122;-75.0104887996545;((_a5_ * (x * _a7_)) * ((pow2(((_a0_ * ((x + _a1_) + _a2_)) * _a2_)) + _a2_) / (_a5_ / pow2(_a1_))));{'d0': {'_a0_': 1.5401851904753936, '_a1_': -0.6721111659273596, '_a2_': 0.9840408737053142, '_a7_': 3.254212506655855, '_a3_': 1.0, '_a4_': 1.0, '_a5_': 1.0, '_a6_': 1.0}};{'d0': 0.024905832919508448};-272.381177324378;61.180099862534696
46123;-75.0104887996545;((_a5_ * (x * _a7_)) * ((pow2(((_a0_ * ((x + _a1_) + _a2_)) * _a2_)) + _a2_) / (_a5_ / pow2(_a1_))));{'d0': {'_a0_': 1.5401851904753936, '_a1_': -0.6721111659273596, '_a2_': 0.9840408737053142, '_a7_': 3.254212506655855, '_a3_': 1.0, '_a4_': 1.0, '_a5_': 1.0, '_a6_': 1.0}};{'d0': 0.024905832919508448};-272.381177324378;61.180099862534696
46124;-77.0576610808762;((_a5_ * (x * _a7_)) * ((pow2(((_a7_ * ((x + _a1_) + _a2_)) * _a2_)) + _a2_) / (_a5_ / pow2(_a1_))));{'d0': {'_a1_': -0.9230333505852466, '_a2_': 1.2349630583630435, '_a7_': 1.3748411723238603, '_a0_': 1.0, '_a3_': 1.0, '_a4_': 1.0, '_a5_': 1.0, '_a6_': 1.0}};{'d0': 0.024905832919416608};-276.475521886822;61.180099862534696
46125;-77.0576610808760;((_a5_ * (x * _a7_)) * ((pow2(((_a7_ * ((x + x) + _a2_)) * _a2_)) + _a2_) / (_a5_ / pow2(_a1_))));{'d0': {'_a1_': -1.5483680427782145, '_a2_': 0.6238594154784808, '_a7_': 0.9671774225323921, '_a0_': 1.0, '_a3_': 1.0, '_a4_': 1.0, '_a5_': 1.0, '_a6_': 1.0}};{'d0': 0.024905832919416733};-276.475521886821;61.180099862534696
46126;-77.0576610808760;((_a5_ * (x * _a7_)) * ((pow2(((_a7_ * ((x + x) + _a2_)) * _a2_)) + _a2_) / (_a5_ / pow2(_a1_))));{'d0': {'_a1_': -1.5483680427782145, '_a2_': 0.6238594154784808, '_a7_': 0.9671774225323921, '_a0_': 1.0, '_a3_': 1.0, '_a4_': 1.0, '_a5_': 1.0, '_a6_': 1.0}};{'d0': 0.024905832919416733};-276.475521886821;61.180099862534696
46127;-77.0576610808760;((_a5_ * (x * _a7_)) * ((pow2(((_a7_ * ((x + x) + _a2_)) * _a2_)) + _a2_) / (_a5_ / pow2(_a1_))));{'d0': {'_a1_': -1.5483680427782145, '_a2_': 0.6238594154784808, '_a7_': 0.9671774225323921, '_a0_': 1.0, '_a3_': 1.0, '_a4_': 1.0, '_a5_': 1.0, '_a6_': 1.0}};{'d0': 0.024905832919416733};-276.475521886821;61.180099862534696
46128;-77.0576610808760;((_a5_ * (x * _a7_)) * ((pow2(((_a7_ * ((x + x) + _a2_)) * _a2_)) + _a2_) / (_a5_ / pow2(_a1_))));{'d0': {'_a1_': -1.5483680427782145, '_a2_': 0.6238594154784808, '_a7_': 0.9671774225323921, '_a0_': 1.0, '_a3_': 1.0, '_a4_': 1.0, '_a5_': 1.0, '_a6_': 1.0}};{'d0': 0.024905832919416733};-276.475521886821;61.180099862534696
46129;-77.0576610808760;((_a5_ * (x * _a7_)) * ((pow2(((_a7_ * ((x + x) + _a2_)) * _a2_)) + _a2_) / (_a5_ / pow2(_a1_))));{'d0': {'_a1_': -1.5483680427782145, '_a2_': 0.6238594154784808, '_a7_': 0.9671774225323921, '_a0_': 1.0, '_a3_': 1.0, '_a4_': 1.0, '_a5_': 1.0, '_a6_': 1.0}};{'d0': 0.024905832919416733};-276.475521886821;61.180099862534696
46130;-77.0576610808760;((_a5_ * (x * _a7_)) * ((pow2(((_a7_ * ((x + x) + _a2_)) * _a2_)) + _a2_) / (_a5_ / pow2(_a1_))));{'d0': {'_a1_': -1.5483680427782145, '_a2_': 0.6238594154784808, '_a7_': 0.9671774225323921, '_a0_': 1.0, '_a3_': 1.0, '_a4_': 1.0, '_a5_': 1.0, '_a6_': 1.0}};{'d0': 0.024905832919416733};-276.475521886821;61.180099862534696
46131;-77.0576610808760;((_a5_ * (x * _a7_)) * ((pow2(((_a7_ * ((x + x) + _a2_)) * _a2_)) + _a2_) / (_a5_ / pow2(_a1_))));{'d0': {'_a1_': -1.5483680427782145, '_a2_': 0.6238594154784808, '_a7_': 0.9671774225323921, '_a0_': 1.0, '_a3_': 1.0, '_a4_': 1.0, '_a5_': 1.0, '_a6_': 1.0}};{'d0': 0.024905832919416733};-276.475521886821;61.180099862534696
46132;-77.0576610808760;((_a5_ * (x * _a7_)) * ((pow2(((_a7_ * ((x + x) + _a2_)) * _a2_)) + _a2_) / (_a5_ / pow2(_a1_))));{'d0': {'_a1_': -1.5483680427782145, '_a2_': 0.6238594154784808, '_a7_': 0.9671774225323921, '_a0_': 1.0, '_a3_': 1.0, '_a4_': 1.0, '_a5_': 1.0, '_a6_': 1.0}};{'d0': 0.024905832919416733};-276.475521886821;61.180099862534696
46133;-77.0576610808760;((_a5_ * (x * _a7_)) * ((pow2(((_a7_ * ((x + x) + _a2_)) * _a2_)) + _a2_) / (_a5_ / pow2(_a1_))));{'d0': {'_a1_': -1.5483680427782145, '_a2_': 0.6238594154784808, '_a7_': 0.9671774225323921, '_a0_': 1.0, '_a3_': 1.0, '_a4_': 1.0, '_a5_': 1.0, '_a6_': 1.0}};{'d0': 0.024905832919416733};-276.475521886821;61.180099862534696
46134;-77.0576610808760;((_a5_ * (x * _a7_)) * ((pow2(((_a7_ * ((x + x) + _a2_)) * _a2_)) + _a2_) / (_a5_ / pow2(_a1_))));{'d0': {'_a1_': -1.5483680427782145, '_a2_': 0.6238594154784808, '_a7_': 0.9671774225323921, '_a0_': 1.0, '_a3_': 1.0, '_a4_': 1.0, '_a5_': 1.0, '_a6_': 1.0}};{'d0': 0.024905832919416733};-276.475521886821;61.180099862534696
46135;-77.0576610808760;((_a5_ * (x * _a7_)) * ((pow2(((_a7_ * ((x + x) + _a2_)) * _a2_)) + _a2_) / (_a5_ / pow2(_a1_))));{'d0': {'_a1_': -1.5483680427782145, '_a2_': 0.6238594154784808, '_a7_': 0.9671774225323921, '_a0_': 1.0, '_a3_': 1.0, '_a4_': 1.0, '_a5_': 1.0, '_a6_': 1.0}};{'d0': 0.024905832919416733};-276.475521886821;61.180099862534696
46136;-77.0576610808760;((_a5_ * (x * _a7_)) * ((pow2(((_a7_ * ((x + x) + _a2_)) * _a2_)) + _a2_) / (_a5_ / pow2(_a1_))));{'d0': {'_a1_': -1.5483680427782145, '_a2_': 0.6238594154784808, '_a7_': 0.9671774225323921, '_a0_': 1.0, '_a3_': 1.0, '_a4_': 1.0, '_a5_': 1.0, '_a6_': 1.0}};{'d0': 0.024905832919416733};-276.475521886821;61.180099862534696
46137;-77.0576610772652;((_a5_ * (x * _a7_)) * ((pow2(((_a7_ * ((_a5_ + x) + _a2_)) * _a2_)) + _a2_) / (_a5_ / pow2(_a1_))));{'d0': {'_a1_': -1.0150688123136618, '_a2_': 0.8443870262244948, '_a5_': -0.5324573184470772, '_a7_': 1.6626801296556064, '_a0_': 1.0, '_a3_': 1.0, '_a4_': 1.0, '_a6_': 1.0}};{'d0': 0.024905832922414398};-276.475521879600;61.180099862534696
46138;-77.0576610772652;((_a5_ * (x * _a7_)) * ((pow2(((_a7_ * ((_a5_ + x) + _a2_)) * _a2_)) + _a2_) / (_a5_ / pow2(_a1_))));{'d0': {'_a1_': -1.0150688123136618, '_a2_': 0.8443870262244948, '_a5_': -0.5324573184470772, '_a7_': 1.6626801296556064, '_a0_': 1.0, '_a3_': 1.0, '_a4_': 1.0, '_a6_': 1.0}};{'d0': 0.024905832922414398};-276.475521879600;61.180099862534696
46139;-77.0576610772652;((_a5_ * (x * _a7_)) * ((pow2(((_a7_ * ((_a5_ + x) + _a2_)) * _a2_)) + _a2_) / (_a5_ / pow2(_a1_))));{'d0': {'_a1_': -1.0150688123136618, '_a2_': 0.8443870262244948, '_a5_': -0.5324573184470772, '_a7_': 1.6626801296556064, '_a0_': 1.0, '_a3_': 1.0, '_a4_': 1.0, '_a6_': 1.0}};{'d0': 0.024905832922414398};-276.475521879600;61.180099862534696
46140;-77.0576610772652;((_a5_ * (x * _a7_)) * ((pow2(((_a7_ * ((_a5_ + x) + _a2_)) * _a2_)) + _a2_) / (_a5_ / pow2(_a1_))));{'d0': {'_a1_': -1.0150688123136618, '_a2_': 0.8443870262244948, '_a5_': -0.5324573184470772, '_a7_': 1.6626801296556064, '_a0_': 1.0, '_a3_': 1.0, '_a4_': 1.0, '_a6_': 1.0}};{'d0': 0.024905832922414398};-276.475521879600;61.180099862534696
46141;-77.0576610772652;((_a5_ * (x * _a7_)) * ((pow2(((_a7_ * ((_a5_ + x) + _a2_)) * _a2_)) + _a2_) / (_a5_ / pow2(_a1_))));{'d0': {'_a1_': -1.0150688123136618, '_a2_': 0.8443870262244948, '_a5_': -0.5324573184470772, '_a7_': 1.6626801296556064, '_a0_': 1.0, '_a3_': 1.0, '_a4_': 1.0, '_a6_': 1.0}};{'d0': 0.024905832922414398};-276.475521879600;61.180099862534696
46142;-77.0576610708578;((_a5_ * (x * _a1_)) * ((pow2(((_a7_ * ((_a5_ + x) + _a2_)) * _a2_)) + _a2_) / (_a5_ / pow2(_a1_))));{'d0': {'_a1_': 1.063813254366757, '_a2_': 1.201558722756241, '_a5_': -0.8896290149394978, '_a7_': 1.3938208644516088, '_a0_': 1.0, '_a3_': 1.0, '_a4_': 1.0, '_a6_': 1.0}};{'d0': 0.024905832927733747};-276.475521866785;61.180099862534696
46143;-77.0576610708578;((_a5_ * (x * _a1_)) * ((pow2(((_a7_ * ((_a5_ + x) + _a2_)) * _a2_)) + _a2_) / (_a5_ / pow2(_a1_))));{'d0': {'_a1_': 1.063813254366757, '_a2_': 1.201558722756241, '_a5_': -0.8896290149394978, '_a7_': 1.3938208644516088, '_a0_': 1.0, '_a3_': 1.0, '_a4_': 1.0, '_a6_': 1.0}};{'d0': 0.024905832927733747};-276.475521866785;61.180099862534696
46144;-77.0576610708578;((_a5_ * (x * _a1_)) * ((pow2(((_a7_ * ((_a5_ + x) + _a2_)) * _a2_)) + _a2_) / (_a5_ / pow2(_a1_))));{'d0': {'_a1_': 1.063813254366757, '_a2_': 1.201558722756241, '_a5_': -0.8896290149394978, '_a7_': 1.3938208644516088, '_a0_': 1.0, '_a3_': 1.0, '_a4_': 1.0, '_a6_': 1.0}};{'d0': 0.024905832927733747};-276.475521866785;61.180099862534696
46145;-77.0576610708578;((_a5_ * (x * _a1_)) * ((pow2(((_a7_ * ((_a5_ + x) + _a2_)) * _a2_)) + _a2_) / (_a5_ / pow2(_a1_))));{'d0': {'_a1_': 1.063813254366757, '_a2_': 1.201558722756241, '_a5_': -0.8896290149394978, '_a7_': 1.3938208644516088, '_a0_': 1.0, '_a3_': 1.0, '_a4_': 1.0, '_a6_': 1.0}};{'d0': 0.024905832927733747};-276.475521866785;61.180099862534696
46146;-77.0576610708578;((_a5_ * (x * _a1_)) * ((pow2(((_a7_ * ((_a5_ + x) + _a2_)) * _a2_)) + _a2_) / (_a5_ / pow2(_a1_))));{'d0': {'_a1_': 1.063813254366757, '_a2_': 1.201558722756241, '_a5_': -0.8896290149394978, '_a7_': 1.3938208644516088, '_a0_': 1.0, '_a3_': 1.0, '_a4_': 1.0, '_a6_': 1.0}};{'d0': 0.024905832927733747};-276.475521866785;61.180099862534696
46147;-77.0576610708578;((_a5_ * (x * _a1_)) * ((pow2(((_a7_ * ((_a5_ + x) + _a2_)) * _a2_)) + _a2_) / (_a5_ / pow2(_a1_))));{'d0': {'_a1_': 1.063813254366757, '_a2_': 1.201558722756241, '_a5_': -0.8896290149394978, '_a7_': 1.3938208644516088, '_a0_': 1.0, '_a3_': 1.0, '_a4_': 1.0, '_a6_': 1.0}};{'d0': 0.024905832927733747};-276.475521866785;61.180099862534696
46148;-77.0576610708578;((_a5_ * (x * _a1_)) * ((pow2(((_a7_ * ((_a5_ + x) + _a2_)) * _a2_)) + _a2_) / (_a5_ / pow2(_a1_))));{'d0': {'_a1_': 1.063813254366757, '_a2_': 1.201558722756241, '_a5_': -0.8896290149394978, '_a7_': 1.3938208644516088, '_a0_': 1.0, '_a3_': 1.0, '_a4_': 1.0, '_a6_': 1.0}};{'d0': 0.024905832927733747};-276.475521866785;61.180099862534696
46149;-77.0576610708578;((_a5_ * (x * _a1_)) * ((pow2(((_a7_ * ((_a5_ + x) + _a2_)) * _a2_)) + _a2_) / (_a5_ / pow2(_a1_))));{'d0': {'_a1_': 1.063813254366757, '_a2_': 1.201558722756241, '_a5_': -0.8896290149394978, '_a7_': 1.3938208644516088, '_a0_': 1.0, '_a3_': 1.0, '_a4_': 1.0, '_a6_': 1.0}};{'d0': 0.024905832927733747};-276.475521866785;61.180099862534696
46150;-77.0576610708578;((_a5_ * (x * _a1_)) * ((pow2(((_a7_ * ((_a5_ + x) + _a2_)) * _a2_)) + _a2_) / (_a5_ / pow2(_a1_))));{'d0': {'_a1_': 1.063813254366757, '_a2_': 1.201558722756241, '_a5_': -0.8896290149394978, '_a7_': 1.3938208644516088, '_a0_': 1.0, '_a3_': 1.0, '_a4_': 1.0, '_a6_': 1.0}};{'d0': 0.024905832927733747};-276.475521866785;61.180099862534696
46151;-82.0793582925622;((_a5_ * x) * ((pow2(((_a7_ * ((_a5_ + x) + _a2_)) * _a2_)) + _a2_) / (_a5_ / pow2(_a1_))));{'d0': {'_a1_': 1.0413061035343736, '_a2_': 1.334087900004601, '_a5_': -1.0221581922217902, '_a7_': 1.322778981861768, '_a0_': 1.0, '_a3_': 1.0, '_a4_': 1.0, '_a6_': 1.0}};{'d0': 0.024905832919493748};-276.475521886636;56.1584026507557
46152;-82.0793582925622;((_a5_ * x) * ((pow2(((_a7_ * ((_a5_ + x) + _a2_)) * _a2_)) + _a2_) / (_a5_ / pow2(_a1_))));{'d0': {'_a1_': 1.0413061035343736, '_a2_': 1.334087900004601, '_a5_': -1.0221581922217902, '_a7_': 1.322778981861768, '_a0_': 1.0, '_a3_': 1.0, '_a4_': 1.0, '_a6_': 1.0}};{'d0': 0.024905832919493748};-276.475521886636;56.1584026507557
46153;-90.7266326907219;(((pow2(x) / _a6_) + (((x * (_a3_ + x)) + (_a7_ / _a6_)) * x)) * _a0_);{'d0': {'_a0_': 3.3767608750384164, '_a3_': 0.6238594155789148, '_a6_': 64644704542.2549, '_a7_': 33983189160.030975, '_a1_': 1.0, '_a2_': 1.0, '_a4_': 1.0, '_a5_': 1.0}};{'d0': 0.024905832919416778};-276.475521886821;47.51112825268857
46154;-90.7266326907219;(((pow2(x) / _a6_) + (((x * (_a3_ + x)) + (_a7_ / _a6_)) * x)) * _a0_);{'d0': {'_a0_': 3.3767608750384164, '_a3_': 0.6238594155789148, '_a6_': 64644704542.2549, '_a7_': 33983189160.030975, '_a1_': 1.0, '_a2_': 1.0, '_a4_': 1.0, '_a5_': 1.0}};{'d0': 0.024905832919416778};-276.475521886821;47.51112825268857
46155;-90.7266326907219;(((pow2(x) / _a6_) + (((x * (_a3_ + x)) + (_a7_ / _a6_)) * x)) * _a0_);{'d0': {'_a0_': 3.3767608750384164, '_a3_': 0.6238594155789148, '_a6_': 64644704542.2549, '_a7_': 33983189160.030975, '_a1_': 1.0, '_a2_': 1.0, '_a4_': 1.0, '_a5_': 1.0}};{'d0': 0.024905832919416778};-276.475521886821;47.51112825268857
46156;-90.7266326907219;(((pow2(x) / _a6_) + (((x * (_a3_ + x)) + (_a7_ / _a6_)) * x)) * _a0_);{'d0': {'_a0_': 3.3767608750384164, '_a3_': 0.6238594155789148, '_a6_': 64644704542.2549, '_a7_': 33983189160.030975, '_a1_': 1.0, '_a2_': 1.0, '_a4_': 1.0, '_a5_': 1.0}};{'d0': 0.024905832919416778};-276.475521886821;47.51112825268857
46157;-90.7266326907219;(((pow2(x) / _a6_) + (((x * (_a3_ + x)) + (_a7_ / _a6_)) * x)) * _a0_);{'d0': {'_a0_': 3.3767608750384164, '_a3_': 0.6238594155789148, '_a6_': 64644704542.2549, '_a7_': 33983189160.030975, '_a1_': 1.0, '_a2_': 1.0, '_a4_': 1.0, '_a5_': 1.0}};{'d0': 0.024905832919416778};-276.475521886821;47.51112825268857
46158;-90.7266326907219;(((pow2(x) / _a6_) + (((x * (_a3_ + x)) + (_a7_ / _a6_)) * x)) * _a0_);{'d0': {'_a0_': 3.3767608750384164, '_a3_': 0.6238594155789148, '_a6_': 64644704542.2549, '_a7_': 33983189160.030975, '_a1_': 1.0, '_a2_': 1.0, '_a4_': 1.0, '_a5_': 1.0}};{'d0': 0.024905832919416778};-276.475521886821;47.51112825268857
46159;-90.7266326907219;(((pow2(x) / _a6_) + (((x * (_a3_ + x)) + (_a7_ / _a6_)) * x)) * _a0_);{'d0': {'_a0_': 3.3767608750384164, '_a3_': 0.6238594155789148, '_a6_': 64644704542.2549, '_a7_': 33983189160.030975, '_a1_': 1.0, '_a2_': 1.0, '_a4_': 1.0, '_a5_': 1.0}};{'d0': 0.024905832919416778};-276.475521886821;47.51112825268857
46160;-90.7266326907219;(((pow2(x) / _a6_) + (((x * (_a3_ + x)) + (_a7_ / _a6_)) * x)) * _a0_);{'d0': {'_a0_': 3.3767608750384164, '_a3_': 0.6238594155789148, '_a6_': 64644704542.2549, '_a7_': 33983189160.030975, '_a1_': 1.0, '_a2_': 1.0, '_a4_': 1.0, '_a5_': 1.0}};{'d0': 0.024905832919416778};-276.475521886821;47.51112825268857
46161;-90.7266326907219;(((pow2(x) / _a6_) + (((x * (_a3_ + x)) + (_a7_ / _a6_)) * x)) * _a0_);{'d0': {'_a0_': 3.3767608750384164, '_a3_': 0.6238594155789148, '_a6_': 64644704542.2549, '_a7_': 33983189160.030975, '_a1_': 1.0, '_a2_': 1.0, '_a4_': 1.0, '_a5_': 1.0}};{'d0': 0.024905832919416778};-276.475521886821;47.51112825268857
46162;-90.7266326907219;(((pow2(x) / _a6_) + (((x * (_a3_ + x)) + (_a7_ / _a6_)) * x)) * _a0_);{'d0': {'_a0_': 3.3767608750384164, '_a3_': 0.6238594155789148, '_a6_': 64644704542.2549, '_a7_': 33983189160.030975, '_a1_': 1.0, '_a2_': 1.0, '_a4_': 1.0, '_a5_': 1.0}};{'d0': 0.024905832919416778};-276.475521886821;47.51112825268857
46163;-90.7266326907219;(((pow2(x) / _a6_) + (((x * (_a3_ + x)) + (_a7_ / _a6_)) * x)) * _a0_);{'d0': {'_a0_': 3.3767608750384164, '_a3_': 0.6238594155789148, '_a6_': 64644704542.2549, '_a7_': 33983189160.030975, '_a1_': 1.0, '_a2_': 1.0, '_a4_': 1.0, '_a5_': 1.0}};{'d0': 0.024905832919416778};-276.475521886821;47.51112825268857
46164;-90.7266326907219;(((pow2(x) / _a6_) + (((x * (_a3_ + x)) + (_a7_ / _a6_)) * x)) * _a0_);{'d0': {'_a0_': 3.3767608750384164, '_a3_': 0.6238594155789148, '_a6_': 64644704542.2549, '_a7_': 33983189160.030975, '_a1_': 1.0, '_a2_': 1.0, '_a4_': 1.0, '_a5_': 1.0}};{'d0': 0.024905832919416778};-276.475521886821;47.51112825268857
46165;-94.4245671633320;(((x / _a6_) + (((x * (_a3_ + x)) + (_a7_ / _a6_)) * x)) * _a0_);{'d0': {'_a0_': 3.3767608750384164, '_a3_': 0.6238594155789148, '_a6_': 64644704542.2549, '_a7_': 33983189160.030975, '_a1_': 1.0, '_a2_': 1.0, '_a4_': 1.0, '_a5_': 1.0}};{'d0': 0.024905832919416764};-276.475521886821;43.81319378007857
46166;-94.4245671633320;(((x / _a6_) + (((x * (_a3_ + x)) + (_a7_ / _a6_)) * x)) * _a0_);{'d0': {'_a0_': 3.3767608750384164, '_a3_': 0.6238594155789148, '_a6_': 64644704542.2549, '_a7_': 33983189160.030975, '_a1_': 1.0, '_a2_': 1.0, '_a4_': 1.0, '_a5_': 1.0}};{'d0': 0.024905832919416764};-276.475521886821;43.81319378007857
46167;-94.4245671633320;(((x / _a6_) + (((x * (_a3_ + x)) + (_a7_ / _a6_)) * x)) * _a0_);{'d0': {'_a0_': 3.3767608750384164, '_a3_': 0.6238594155789148, '_a6_': 64644704542.2549, '_a7_': 33983189160.030975, '_a1_': 1.0, '_a2_': 1.0, '_a4_': 1.0, '_a5_': 1.0}};{'d0': 0.024905832919416764};-276.475521886821;43.81319378007857
46168;-94.4245671633320;(((x / _a6_) + (((x * (_a3_ + x)) + (_a7_ / _a6_)) * x)) * _a0_);{'d0': {'_a0_': 3.3767608750384164, '_a3_': 0.6238594155789148, '_a6_': 64644704542.2549, '_a7_': 33983189160.030975, '_a1_': 1.0, '_a2_': 1.0, '_a4_': 1.0, '_a5_': 1.0}};{'d0': 0.024905832919416764};-276.475521886821;43.81319378007857
46169;-94.4245671633320;(((x / _a6_) + (((x * (_a3_ + x)) + (_a7_ / _a6_)) * x)) * _a0_);{'d0': {'_a0_': 3.3767608750384164, '_a3_': 0.6238594155789148, '_a6_': 64644704542.2549, '_a7_': 33983189160.030975, '_a1_': 1.0, '_a2_': 1.0, '_a4_': 1.0, '_a5_': 1.0}};{'d0': 0.024905832919416764};-276.475521886821;43.81319378007857
46170;-94.4245671633320;(((x / _a6_) + (((x * (_a3_ + x)) + (_a7_ / _a6_)) * x)) * _a0_);{'d0': {'_a0_': 3.3767608750384164, '_a3_': 0.6238594155789148, '_a6_': 64644704542.2549, '_a7_': 33983189160.030975, '_a1_': 1.0, '_a2_': 1.0, '_a4_': 1.0, '_a5_': 1.0}};{'d0': 0.024905832919416764};-276.475521886821;43.81319378007857
46171;-94.4245671633320;(((x / _a6_) + (((x * (_a3_ + x)) + (_a7_ / _a6_)) * x)) * _a0_);{'d0': {'_a0_': 3.3767608750384164, '_a3_': 0.6238594155789148, '_a6_': 64644704542.2549, '_a7_': 33983189160.030975, '_a1_': 1.0, '_a2_': 1.0, '_a4_': 1.0, '_a5_': 1.0}};{'d0': 0.024905832919416764};-276.475521886821;43.81319378007857
46172;-81.9959800458555;((_a5_ * x) * ((pow2(((_a7_ * ((_a5_ + x) + _a2_)) * _a2_)) + _a2_) + (_a5_ / pow2(_a1_))));{'d0': {'_a1_': 0.5443085726815888, '_a2_': -0.4055590285816107, '_a5_': 0.7174887363038968, '_a7_': 5.349194981053823, '_a0_': 1.0, '_a3_': 1.0, '_a4_': 1.0, '_a6_': 1.0}};{'d0': 0.024905832924328755};-276.475521874988;56.2417808916385
46173;-81.9959800458555;((_a5_ * x) * ((pow2(((_a7_ * ((_a5_ + x) + _a2_)) * _a2_)) + _a2_) + (_a5_ / pow2(_a1_))));{'d0': {'_a1_': 0.5443085726815888, '_a2_': -0.4055590285816107, '_a5_': 0.7174887363038968, '_a7_': 5.349194981053823, '_a0_': 1.0, '_a3_': 1.0, '_a4_': 1.0, '_a6_': 1.0}};{'d0': 0.024905832924328755};-276.475521874988;56.2417808916385
46174;-81.9959800458555;((_a5_ * x) * ((pow2(((_a7_ * ((_a5_ + x) + _a2_)) * _a2_)) + _a2_) + (_a5_ / pow2(_a1_))));{'d0': {'_a1_': 0.5443085726815888, '_a2_': -0.4055590285816107, '_a5_': 0.7174887363038968, '_a7_': 5.349194981053823, '_a0_': 1.0, '_a3_': 1.0, '_a4_': 1.0, '_a6_': 1.0}};{'d0': 0.024905832924328755};-276.475521874988;56.2417808916385
46175;-81.9959800458555;((_a5_ * x) * ((pow2(((_a7_ * ((_a5_ + x) + _a2_)) * _a2_)) + _a2_) + (_a5_ / pow2(_a1_))));{'d0': {'_a1_': 0.5443085726815888, '_a2_': -0.4055590285816107, '_a5_': 0.7174887363038968, '_a7_': 5.349194981053823, '_a0_': 1.0, '_a3_': 1.0, '_a4_': 1.0, '_a6_': 1.0}};{'d0': 0.024905832924328755};-276.475521874988;56.2417808916385
46176;-87.9165810997241;((_a5_ * x) * ((pow2(((_a7_ * (x + _a2_)) * _a2_)) + _a2_) + (_a5_ / pow2(_a1_))));{'d0': {'_a1_': 0.4516581273708864, '_a2_': 0.3119297077981205, '_a5_': 0.5123407706698533, '_a7_': 8.230266449524779, '_a0_': 1.0, '_a3_': 1.0, '_a4_': 1.0, '_a6_': 1.0}};{'d0': 0.024905832920311746};-276.475521884665;50.3211798426085
46177;-87.9165810997241;((_a5_ * x) * ((pow2(((_a7_ * (x + _a2_)) * _a2_)) + _a2_) + (_a5_ / pow2(_a1_))));{'d0': {'_a1_': 0.4516581273708864, '_a2_': 0.3119297077981205, '_a5_': 0.5123407706698533, '_a7_': 8.230266449524779, '_a0_': 1.0, '_a3_': 1.0, '_a4_': 1.0, '_a6_': 1.0}};{'d0': 0.024905832920311746};-276.475521884665;50.3211798426085
46178;-87.9165810997241;((_a5_ * x) * ((pow2(((_a7_ * (x + _a2_)) * _a2_)) + _a2_) + (_a5_ / pow2(_a1_))));{'d0': {'_a1_': 0.4516581273708864, '_a2_': 0.3119297077981205, '_a5_': 0.5123407706698533, '_a7_': 8.230266449524779, '_a0_': 1.0, '_a3_': 1.0, '_a4_': 1.0, '_a6_': 1.0}};{'d0': 0.024905832920311746};-276.475521884665;50.3211798426085
46179;-87.9165810997241;((_a5_ * x) * ((pow2(((_a7_ * (x + _a2_)) * _a2_)) + _a2_) + (_a5_ / pow2(_a1_))));{'d0': {'_a1_': 0.4516581273708864, '_a2_': 0.3119297077981205, '_a5_': 0.5123407706698533, '_a7_': 8.230266449524779, '_a0_': 1.0, '_a3_': 1.0, '_a4_': 1.0, '_a6_': 1.0}};{'d0': 0.024905832920311746};-276.475521884665;50.3211798426085
46180;-87.9165810895107;((_a5_ * x) * ((pow2(((_a7_ * (x + _a1_)) * _a2_)) + _a2_) + (_a5_ / pow2(_a1_))));{'d0': {'_a1_': 0.31192970780241125, '_a2_': 0.32347954313508165, '_a5_': 0.3597619946471161, '_a7_': 9.470993278808443, '_a0_': 1.0, '_a3_': 1.0, '_a4_': 1.0, '_a6_': 1.0}};{'d0': 0.02490583292879086};-276.475521864238;50.3211798426085
46181;-87.9165810895107;((_a5_ * x) * ((pow2(((_a7_ * (x + _a1_)) * _a2_)) + _a2_) + (_a5_ / pow2(_a1_))));{'d0': {'_a1_': 0.31192970780241125, '_a2_': 0.32347954313508165, '_a5_': 0.3597619946471161, '_a7_': 9.470993278808443, '_a0_': 1.0, '_a3_': 1.0, '_a4_': 1.0, '_a6_': 1.0}};{'d0': 0.02490583292879086};-276.475521864238;50.3211798426085
46182;-87.9165810895107;((_a5_ * x) * ((pow2(((_a7_ * (x + _a1_)) * _a2_)) + _a2_) + (_a5_ / pow2(_a1_))));{'d0': {'_a1_': 0.31192970780241125, '_a2_': 0.32347954313508165, '_a5_': 0.3597619946471161, '_a7_': 9.470993278808443, '_a0_': 1.0, '_a3_': 1.0, '_a4_': 1.0, '_a6_': 1.0}};{'d0': 0.02490583292879086};-276.475521864238;50.3211798426085
46183;-87.9165810895107;((_a5_ * x) * ((pow2(((_a7_ * (x + _a1_)) * _a2_)) + _a2_) + (_a5_ / pow2(_a1_))));{'d0': {'_a1_': 0.31192970780241125, '_a2_': 0.32347954313508165, '_a5_': 0.3597619946471161, '_a7_': 9.470993278808443, '_a0_': 1.0, '_a3_': 1.0, '_a4_': 1.0, '_a6_': 1.0}};{'d0': 0.02490583292879086};-276.475521864238;50.3211798426085
46184;-87.9165810895107;((_a5_ * x) * ((pow2(((_a7_ * (x + _a1_)) * _a2_)) + _a2_) + (_a5_ / pow2(_a1_))));{'d0': {'_a1_': 0.31192970780241125, '_a2_': 0.32347954313508165, '_a5_': 0.3597619946471161, '_a7_': 9.470993278808443, '_a0_': 1.0, '_a3_': 1.0, '_a4_': 1.0, '_a6_': 1.0}};{'d0': 0.02490583292879086};-276.475521864238;50.3211798426085
46185;-87.9165810895107;((_a5_ * x) * ((pow2(((_a7_ * (x + _a1_)) * _a2_)) + _a2_) + (_a5_ / pow2(_a1_))));{'d0': {'_a1_': 0.31192970780241125, '_a2_': 0.32347954313508165, '_a5_': 0.3597619946471161, '_a7_': 9.470993278808443, '_a0_': 1.0, '_a3_': 1.0, '_a4_': 1.0, '_a6_': 1.0}};{'d0': 0.02490583292879086};-276.475521864238;50.3211798426085
46186;-87.9165810895107;((_a5_ * x) * ((pow2(((_a7_ * (x + _a1_)) * _a2_)) + _a2_) + (_a5_ / pow2(_a1_))));{'d0': {'_a1_': 0.31192970780241125, '_a2_': 0.32347954313508165, '_a5_': 0.3597619946471161, '_a7_': 9.470993278808443, '_a0_': 1.0, '_a3_': 1.0, '_a4_': 1.0, '_a6_': 1.0}};{'d0': 0.02490583292879086};-276.475521864238;50.3211798426085
46187;-87.9165810895107;((_a5_ * x) * ((pow2(((_a7_ * (x + _a1_)) * _a2_)) + _a2_) + (_a5_ / pow2(_a1_))));{'d0': {'_a1_': 0.31192970780241125, '_a2_': 0.32347954313508165, '_a5_': 0.3597619946471161, '_a7_': 9.470993278808443, '_a0_': 1.0, '_a3_': 1.0, '_a4_': 1.0, '_a6_': 1.0}};{'d0': 0.02490583292879086};-276.475521864238;50.3211798426085
46188;-87.9165810895107;((_a5_ * x) * ((pow2(((_a7_ * (x + _a1_)) * _a2_)) + _a2_) + (_a5_ / pow2(_a1_))));{'d0': {'_a1_': 0.31192970780241125, '_a2_': 0.32347954313508165, '_a5_': 0.3597619946471161, '_a7_': 9.470993278808443, '_a0_': 1.0, '_a3_': 1.0, '_a4_': 1.0, '_a6_': 1.0}};{'d0': 0.02490583292879086};-276.475521864238;50.3211798426085
46189;-87.9165810895107;((_a5_ * x) * ((pow2(((_a7_ * (x + _a1_)) * _a2_)) + _a2_) + (_a5_ / pow2(_a1_))));{'d0': {'_a1_': 0.31192970780241125, '_a2_': 0.32347954313508165, '_a5_': 0.3597619946471161, '_a7_': 9.470993278808443, '_a0_': 1.0, '_a3_': 1.0, '_a4_': 1.0, '_a6_': 1.0}};{'d0': 0.02490583292879086};-276.475521864238;50.3211798426085
46190;-88.5545734024337;((_a5_ * x) * ((pow2(((_a7_ * (x + _a1_)) * _a2_)) ** _a2_) + (_a5_ / pow2(_a1_))));{'d0': {'_a1_': 0.3100912303005673, '_a2_': 1.047039910401411, '_a5_': 0.37555309079737687, '_a7_': 2.7575038533525715, '_a0_': 1.0, '_a3_': 1.0, '_a4_': 1.0, '_a6_': 1.0}};{'d0': 0.023785370572910917};-279.237401084224;51.064127139678504
46191;-98.2391405434782;((_a4_ + (((x * (_a3_ + x)) + (_a7_ / _a6_)) * x)) * _a0_);{'d0': {'_a0_': 3.382518071943029, '_a3_': 0.624551157554003, '_a4_': -0.0003027828689858954, '_a6_': 28406765630238.414, '_a7_': 14903741923717.4, '_a1_': 1.0, '_a2_': 1.0, '_a5_': 1.0}};{'d0': 0.024885482501979358};-272.430223030819;37.975970971931375
46192;-98.2391405434782;((_a4_ + (((x * (_a3_ + x)) + (_a7_ / _a6_)) * x)) * _a0_);{'d0': {'_a0_': 3.382518071943029, '_a3_': 0.624551157554003, '_a4_': -0.0003027828689858954, '_a6_': 28406765630238.414, '_a7_': 14903741923717.4, '_a1_': 1.0, '_a2_': 1.0, '_a5_': 1.0}};{'d0': 0.024885482501979358};-272.430223030819;37.975970971931375
46193;-98.2391405434782;((_a4_ + (((x * (_a3_ + x)) + (_a7_ / _a6_)) * x)) * _a0_);{'d0': {'_a0_': 3.382518071943029, '_a3_': 0.624551157554003, '_a4_': -0.0003027828689858954, '_a6_': 28406765630238.414, '_a7_': 14903741923717.4, '_a1_': 1.0, '_a2_': 1.0, '_a5_': 1.0}};{'d0': 0.024885482501979358};-272.430223030819;37.975970971931375
46194;-98.2391405434782;((_a4_ + (((x * (_a3_ + x)) + (_a7_ / _a6_)) * x)) * _a0_);{'d0': {'_a0_': 3.382518071943029, '_a3_': 0.624551157554003, '_a4_': -0.0003027828689858954, '_a6_': 28406765630238.414, '_a7_': 14903741923717.4, '_a1_': 1.0, '_a2_': 1.0, '_a5_': 1.0}};{'d0': 0.024885482501979358};-272.430223030819;37.975970971931375
46195;-98.2391405434782;((_a4_ + (((x * (_a3_ + x)) + (_a7_ / _a6_)) * x)) * _a0_);{'d0': {'_a0_': 3.382518071943029, '_a3_': 0.624551157554003, '_a4_': -0.0003027828689858954, '_a6_': 28406765630238.414, '_a7_': 14903741923717.4, '_a1_': 1.0, '_a2_': 1.0, '_a5_': 1.0}};{'d0': 0.024885482501979358};-272.430223030819;37.975970971931375
46196;-94.5591933833510;((_a4_ + (((x * (-(_a3_) + x)) + (_a7_ / _a6_)) * x)) * _a0_);{'d0': {'_a0_': 3.38251820845128, '_a3_': -0.6245511742268255, '_a4_': -0.0003027901876845869, '_a6_': -8411328744422198.0, '_a7_': -4413042397869578.0, '_a1_': 1.0, '_a2_': 1.0, '_a5_': 1.0}};{'d0': 0.024885482501868787};-272.430223031086;41.655918132191765
46197;-94.5591933833510;((_a4_ + (((x * (-(_a3_) + x)) + (_a7_ / _a6_)) * x)) * _a0_);{'d0': {'_a0_': 3.38251820845128, '_a3_': -0.6245511742268255, '_a4_': -0.0003027901876845869, '_a6_': -8411328744422198.0, '_a7_': -4413042397869578.0, '_a1_': 1.0, '_a2_': 1.0, '_a5_': 1.0}};{'d0': 0.024885482501868787};-272.430223031086;41.655918132191765
46198;-87.6666905197472;((_a5_ * x) * ((pow2(((_a7_ * (x + _a1_)) / _a2_)) ** _a2_) + (_a5_ / pow2(_a1_))));{'d0': {'_a1_': 0.3100912269860662, '_a2_': 1.0470399901213794, '_a5_': 0.3755530909230495, '_a7_': 3.023031042649048, '_a0_': 1.0, '_a3_': 1.0, '_a4_': 1.0, '_a6_': 1.0}};{'d0': 0.023785370572907964};-279.237401084232;51.952010022368704
46199;-88.5545734024337;((_a5_ * x) * ((pow2(((_a7_ * (x + _a1_)) * _a2_)) ** _a2_) + (_a5_ / pow2(_a1_))));{'d0': {'_a1_': 0.3100912303005673, '_a2_': 1.047039910401411, '_a5_': 0.37555309079737687, '_a7_': 2.7575038533525715, '_a0_': 1.0, '_a3_': 1.0, '_a4_': 1.0, '_a6_': 1.0}};{'d0': 0.023785370572910917};-279.237401084224;51.064127139678504
46200;-88.5545734024337;((_a5_ * x) * ((pow2(((_a7_ * (x + _a1_)) * _a2_)) ** _a2_) + (_a5_ / pow2(_a1_))));{'d0': {'_a1_': 0.3100912303005673, '_a2_': 1.047039910401411, '_a5_': 0.37555309079737687, '_a7_': 2.7575038533525715, '_a0_': 1.0, '_a3_': 1.0, '_a4_': 1.0, '_a6_': 1.0}};{'d0': 0.023785370572910917};-279.237401084224;51.064127139678504
46201;-88.5545734024337;((_a5_ * x) * ((pow2(((_a7_ * (x + _a1_)) * _a2_)) ** _a2_) + (_a5_ / pow2(_a1_))));{'d0': {'_a1_': 0.3100912303005673, '_a2_': 1.047039910401411, '_a5_': 0.37555309079737687, '_a7_': 2.7575038533525715, '_a0_': 1.0, '_a3_': 1.0, '_a4_': 1.0, '_a6_': 1.0}};{'d0': 0.023785370572910917};-279.237401084224;51.064127139678504
46202;-88.5545734023894;((_a5_ * x) * ((pow2(((_a7_ * (x + _a1_)) * _a2_)) ** _a7_) + (_a5_ / pow2(_a1_))));{'d0': {'_a1_': 0.3100912388426152, '_a2_': 2.7575048066073546, '_a5_': 0.3755530906766845, '_a7_': 1.0470397097080117, '_a0_': 1.0, '_a3_': 1.0, '_a4_': 1.0, '_a6_': 1.0}};{'d0': 0.02378537057294601};-279.237401084136;51.064127139678504
46203;-88.5545734023894;((_a5_ * x) * ((pow2(((_a7_ * (x + _a1_)) * _a2_)) ** _a7_) + (_a5_ / pow2(_a1_))));{'d0': {'_a1_': 0.3100912388426152, '_a2_': 2.7575048066073546, '_a5_': 0.3755530906766845, '_a7_': 1.0470397097080117, '_a0_': 1.0, '_a3_': 1.0, '_a4_': 1.0, '_a6_': 1.0}};{'d0': 0.02378537057294601};-279.237401084136;51.064127139678504
46204;-88.5545734023894;((_a5_ * x) * ((pow2(((_a7_ * (x + _a1_)) * _a2_)) ** _a7_) + (_a5_ / pow2(_a1_))));{'d0': {'_a1_': 0.3100912388426152, '_a2_': 2.7575048066073546, '_a5_': 0.3755530906766845, '_a7_': 1.0470397097080117, '_a0_': 1.0, '_a3_': 1.0, '_a4_': 1.0, '_a6_': 1.0}};{'d0': 0.02378537057294601};-279.237401084136;51.064127139678504
46205;-88.5545734023894;((_a5_ * x) * ((pow2(((_a7_ * (x + _a1_)) * _a2_)) ** _a7_) + (_a5_ / pow2(_a1_))));{'d0': {'_a1_': 0.3100912388426152, '_a2_': 2.7575048066073546, '_a5_': 0.3755530906766845, '_a7_': 1.0470397097080117, '_a0_': 1.0, '_a3_': 1.0, '_a4_': 1.0, '_a6_': 1.0}};{'d0': 0.02378537057294601};-279.237401084136;51.064127139678504
46206;-88.5545734023894;((_a5_ * x) * ((pow2(((_a7_ * (x + _a1_)) * _a2_)) ** _a7_) + (_a5_ / pow2(_a1_))));{'d0': {'_a1_': 0.3100912388426152, '_a2_': 2.7575048066073546, '_a5_': 0.3755530906766845, '_a7_': 1.0470397097080117, '_a0_': 1.0, '_a3_': 1.0, '_a4_': 1.0, '_a6_': 1.0}};{'d0': 0.02378537057294601};-279.237401084136;51.064127139678504
46207;-88.5545734023894;((_a5_ * x) * ((pow2(((_a7_ * (x + _a1_)) * _a2_)) ** _a7_) + (_a5_ / pow2(_a1_))));{'d0': {'_a1_': 0.3100912388426152, '_a2_': 2.7575048066073546, '_a5_': 0.3755530906766845, '_a7_': 1.0470397097080117, '_a0_': 1.0, '_a3_': 1.0, '_a4_': 1.0, '_a6_': 1.0}};{'d0': 0.02378537057294601};-279.237401084136;51.064127139678504
46208;-88.5545734023894;((_a5_ * x) * ((pow2(((_a7_ * (x + _a1_)) * _a2_)) ** _a7_) + (_a5_ / pow2(_a1_))));{'d0': {'_a1_': 0.3100912388426152, '_a2_': 2.7575048066073546, '_a5_': 0.3755530906766845, '_a7_': 1.0470397097080117, '_a0_': 1.0, '_a3_': 1.0, '_a4_': 1.0, '_a6_': 1.0}};{'d0': 0.02378537057294601};-279.237401084136;51.064127139678504
46209;-88.5545734023894;((_a5_ * x) * ((pow2(((_a7_ * (x + _a1_)) * _a2_)) ** _a7_) + (_a5_ / pow2(_a1_))));{'d0': {'_a1_': 0.3100912388426152, '_a2_': 2.7575048066073546, '_a5_': 0.3755530906766845, '_a7_': 1.0470397097080117, '_a0_': 1.0, '_a3_': 1.0, '_a4_': 1.0, '_a6_': 1.0}};{'d0': 0.02378537057294601};-279.237401084136;51.064127139678504
46210;-88.5545734023894;((_a5_ * x) * ((pow2(((_a7_ * (x + _a1_)) * _a2_)) ** _a7_) + (_a5_ / pow2(_a1_))));{'d0': {'_a1_': 0.3100912388426152, '_a2_': 2.7575048066073546, '_a5_': 0.3755530906766845, '_a7_': 1.0470397097080117, '_a0_': 1.0, '_a3_': 1.0, '_a4_': 1.0, '_a6_': 1.0}};{'d0': 0.02378537057294601};-279.237401084136;51.064127139678504
46211;-101.420869539860;(((pow2((_a6_ * (abs(_a0_) + x))) + _a3_) ** _a3_) * x);{'d0': {'_a0_': 0.30862216589128266, '_a3_': 1.3335769103594606, '_a6_': 1.433501735149762, '_a1_': 1.0, '_a2_': 1.0, '_a4_': 1.0, '_a5_': 1.0, '_a7_': 1.0}};{'d0': 0.024989340587334853};-280.369026792568;38.76364385642389
46212;-101.420869539860;(((pow2((_a6_ * (abs(_a0_) + x))) + _a3_) ** _a3_) * x);{'d0': {'_a0_': 0.30862216589128266, '_a3_': 1.3335769103594606, '_a6_': 1.433501735149762, '_a1_': 1.0, '_a2_': 1.0, '_a4_': 1.0, '_a5_': 1.0, '_a7_': 1.0}};{'d0': 0.024989340587334853};-280.369026792568;38.76364385642389
46213;-101.420869539860;(((pow2((_a6_ * (abs(_a0_) + x))) + _a3_) ** _a3_) * x);{'d0': {'_a0_': 0.30862216589128266, '_a3_': 1.3335769103594606, '_a6_': 1.433501735149762, '_a1_': 1.0, '_a2_': 1.0, '_a4_': 1.0, '_a5_': 1.0, '_a7_': 1.0}};{'d0': 0.024989340587334853};-280.369026792568;38.76364385642389
46214;-101.420869539860;(((pow2((_a6_ * (abs(_a0_) + x))) + _a3_) ** _a3_) * x);{'d0': {'_a0_': 0.30862216589128266, '_a3_': 1.3335769103594606, '_a6_': 1.433501735149762, '_a1_': 1.0, '_a2_': 1.0, '_a4_': 1.0, '_a5_': 1.0, '_a7_': 1.0}};{'d0': 0.024989340587334853};-280.369026792568;38.76364385642389
46215;-101.420869539860;(((pow2((_a6_ * (abs(_a0_) + x))) + _a3_) ** _a3_) * x);{'d0': {'_a0_': 0.30862216589128266, '_a3_': 1.3335769103594606, '_a6_': 1.433501735149762, '_a1_': 1.0, '_a2_': 1.0, '_a4_': 1.0, '_a5_': 1.0, '_a7_': 1.0}};{'d0': 0.024989340587334853};-280.369026792568;38.76364385642389
46216;-103.567952421075;(((pow2((_a6_ * ((_a4_ * _a3_) + x))) + _a3_) ** _a3_) * x);{'d0': {'_a3_': 1.3335769101861632, '_a4_': 0.2314243472969873, '_a6_': 1.4335017357647684, '_a0_': 1.0, '_a1_': 1.0, '_a2_': 1.0, '_a5_': 1.0, '_a7_': 1.0}};{'d0': 0.02498934058733486};-280.369026792568;36.61656097520889
46217;-103.567952421075;(((pow2((_a6_ * ((_a4_ * _a3_) + x))) + _a3_) ** _a3_) * x);{'d0': {'_a3_': 1.3335769101861632, '_a4_': 0.2314243472969873, '_a6_': 1.4335017357647684, '_a0_': 1.0, '_a1_': 1.0, '_a2_': 1.0, '_a5_': 1.0, '_a7_': 1.0}};{'d0': 0.02498934058733486};-280.369026792568;36.61656097520889
46218;-103.567952421075;(((pow2((_a6_ * ((_a2_ * _a3_) + x))) + _a3_) ** _a3_) * x);{'d0': {'_a2_': 0.23142434728684744, '_a3_': 1.3335769100669628, '_a6_': 1.4335017359788798, '_a0_': 1.0, '_a1_': 1.0, '_a4_': 1.0, '_a5_': 1.0, '_a7_': 1.0}};{'d0': 0.024989340587334936};-280.369026792568;36.61656097520889
46219;-103.567952421075;(((pow2((_a6_ * ((_a2_ * _a3_) + x))) + _a3_) ** _a3_) * x);{'d0': {'_a2_': 0.23142434728684744, '_a3_': 1.3335769100669628, '_a6_': 1.4335017359788798, '_a0_': 1.0, '_a1_': 1.0, '_a4_': 1.0, '_a5_': 1.0, '_a7_': 1.0}};{'d0': 0.024989340587334936};-280.369026792568;36.61656097520889
46220;-103.567952421075;(((pow2((_a6_ * ((_a2_ * _a3_) + x))) + _a3_) ** _a3_) * x);{'d0': {'_a2_': 0.23142434728684744, '_a3_': 1.3335769100669628, '_a6_': 1.4335017359788798, '_a0_': 1.0, '_a1_': 1.0, '_a4_': 1.0, '_a5_': 1.0, '_a7_': 1.0}};{'d0': 0.024989340587334936};-280.369026792568;36.61656097520889
46221;-103.567952421075;(((pow2((_a6_ * ((_a2_ * _a3_) + x))) + _a3_) ** _a3_) * x);{'d0': {'_a2_': 0.23142434728684744, '_a3_': 1.3335769100669628, '_a6_': 1.4335017359788798, '_a0_': 1.0, '_a1_': 1.0, '_a4_': 1.0, '_a5_': 1.0, '_a7_': 1.0}};{'d0': 0.024989340587334936};-280.369026792568;36.61656097520889
46222;-94.9948153235170;((((_a7_ + pow2(x)) * _a2_) + (exp(((_a7_ * _a6_) * _a2_)) * x)) * x);{'d0': {'_a2_': 3.376760876989625, '_a6_': 0.4197351346752104, '_a7_': 0.525691770767039, '_a0_': 1.0, '_a1_': 1.0, '_a3_': 1.0, '_a4_': 1.0, '_a5_': 1.0}};{'d0': 0.024905832919416546};-280.569866449044;45.29011790100509
46223;-94.9948153235170;((((_a7_ + pow2(x)) * _a2_) + (exp(((_a7_ * _a6_) * _a2_)) * x)) * x);{'d0': {'_a2_': 3.376760876989625, '_a6_': 0.4197351346752104, '_a7_': 0.525691770767039, '_a0_': 1.0, '_a1_': 1.0, '_a3_': 1.0, '_a4_': 1.0, '_a5_': 1.0}};{'d0': 0.024905832919416546};-280.569866449044;45.29011790100509
46224;-94.9948153235170;((((_a7_ + pow2(x)) * _a2_) + (exp(((_a7_ * _a6_) * _a2_)) * x)) * x);{'d0': {'_a2_': 3.376760876989625, '_a6_': 0.4197351346752104, '_a7_': 0.525691770767039, '_a0_': 1.0, '_a1_': 1.0, '_a3_': 1.0, '_a4_': 1.0, '_a5_': 1.0}};{'d0': 0.024905832919416546};-280.569866449044;45.29011790100509
46225;-94.9948153235169;((((_a7_ + pow2(x)) * _a2_) + (exp(((_a7_ * _a0_) * _a2_)) * x)) * x);{'d0': {'_a0_': 0.419735135279042, '_a2_': 3.3767608801536113, '_a7_': 0.525691769980628, '_a1_': 1.0, '_a3_': 1.0, '_a4_': 1.0, '_a5_': 1.0, '_a6_': 1.0}};{'d0': 0.024905832919416584};-280.569866449044;45.29011790100509
46226;-94.9948153235169;((((_a7_ + pow2(x)) * _a2_) + (exp(((_a7_ * _a0_) * _a2_)) * x)) * x);{'d0': {'_a0_': 0.419735135279042, '_a2_': 3.3767608801536113, '_a7_': 0.525691769980628, '_a1_': 1.0, '_a3_': 1.0, '_a4_': 1.0, '_a5_': 1.0, '_a6_': 1.0}};{'d0': 0.024905832919416584};-280.569866449044;45.29011790100509
46227;-89.6354832934068;((((_a7_ + pow2(x)) * log(_a2_)) + (exp(((_a7_ * _a0_) * _a2_)) * x)) * x);{'d0': {'_a0_': 0.04841355974618326, '_a2_': 29.275789309883383, '_a7_': 0.5256917719805724, '_a1_': 1.0, '_a3_': 1.0, '_a4_': 1.0, '_a5_': 1.0, '_a6_': 1.0}};{'d0': 0.024905832919416733};-280.569866449043;50.649449931115086
46228;-89.6354832934068;((((_a7_ + pow2(x)) * log(_a2_)) + (exp(((_a7_ * _a0_) * _a2_)) * x)) * x);{'d0': {'_a0_': 0.04841355974618326, '_a2_': 29.275789309883383, '_a7_': 0.5256917719805724, '_a1_': 1.0, '_a3_': 1.0, '_a4_': 1.0, '_a5_': 1.0, '_a6_': 1.0}};{'d0': 0.024905832919416733};-280.569866449043;50.649449931115086
46229;-89.6354832934068;((((_a7_ + pow2(x)) * log(_a2_)) + (exp(((_a7_ * _a0_) * _a2_)) * x)) * x);{'d0': {'_a0_': 0.04841355974618326, '_a2_': 29.275789309883383, '_a7_': 0.5256917719805724, '_a1_': 1.0, '_a3_': 1.0, '_a4_': 1.0, '_a5_': 1.0, '_a6_': 1.0}};{'d0': 0.024905832919416733};-280.569866449043;50.649449931115086
46230;-89.6354832934068;((((_a7_ + pow2(x)) * log(_a2_)) + (exp(((_a7_ * _a0_) * _a2_)) * x)) * x);{'d0': {'_a0_': 0.04841355974618326, '_a2_': 29.275789309883383, '_a7_': 0.5256917719805724, '_a1_': 1.0, '_a3_': 1.0, '_a4_': 1.0, '_a5_': 1.0, '_a6_': 1.0}};{'d0': 0.024905832919416733};-280.569866449043;50.649449931115086
46231;-105.382580669956;(((pow2((_a6_ * ((_a2_ * _a3_) + x))) * _a3_) + _a3_) * x);{'d0': {'_a2_': 0.21563311475715233, '_a3_': 1.4465760893383681, '_a6_': 1.5278457575092659, '_a0_': 1.0, '_a1_': 1.0, '_a4_': 1.0, '_a5_': 1.0, '_a7_': 1.0}};{'d0': 0.0249058329194166};-280.569866449044;34.902352554565894
46232;-97.5351166224424;(((pow2((_a6_ * (((_a2_ / _a4_) * _a3_) + x))) * _a3_) + _a3_) * x);{'d0': {'_a2_': 0.21563311475715233, '_a3_': 1.4465760893383681, '_a4_': 1.0, '_a6_': 1.5278457575092659, '_a0_': 1.0, '_a1_': 1.0, '_a5_': 1.0, '_a7_': 1.0}};{'d0': 0.0249058329194166};-276.475521886822;40.7026443209683
46233;-97.5351166224424;(((pow2((_a6_ * (((_a2_ / _a4_) * _a3_) + x))) * _a3_) + _a3_) * x);{'d0': {'_a2_': 0.21563311475715233, '_a3_': 1.4465760893383681, '_a4_': 1.0, '_a6_': 1.5278457575092659, '_a0_': 1.0, '_a1_': 1.0, '_a5_': 1.0, '_a7_': 1.0}};{'d0': 0.0249058329194166};-276.475521886822;40.7026443209683
46234;-97.5351166224424;(((pow2((_a6_ * (((_a2_ / _a4_) * _a3_) + x))) * _a3_) + _a3_) * x);{'d0': {'_a2_': 0.21563311475715233, '_a3_': 1.4465760893383681, '_a4_': 1.0, '_a6_': 1.5278457575092659, '_a0_': 1.0, '_a1_': 1.0, '_a5_': 1.0, '_a7_': 1.0}};{'d0': 0.0249058329194166};-276.475521886822;40.7026443209683
46235;-100.023248639846;(((pow2((_a6_ * ((log(_a1_) * _a3_) + x))) * _a3_) + _a3_) * x);{'d0': {'_a1_': 1.240647120300022, '_a3_': 1.4465760893169888, '_a6_': 1.527845757787887, '_a0_': 1.0, '_a2_': 1.0, '_a4_': 1.0, '_a5_': 1.0, '_a7_': 1.0}};{'d0': 0.024905832919416688};-280.569866449043;40.2616845846759
46236;-100.360883458177;(((pow2((_a6_ * (((_a3_ * _a2_) * _a3_) + x))) * _a3_) + _a3_) * x);{'d0': {'_a2_': 0.14906448120690394, '_a3_': 1.4465760909643794, '_a6_': -1.5278457564388284, '_a0_': 1.0, '_a1_': 1.0, '_a4_': 1.0, '_a5_': 1.0, '_a7_': 1.0}};{'d0': 0.024905832919416587};-280.569866449044;39.9240497663449
46237;-100.360883458177;(((pow2((_a6_ * (((_a3_ * _a2_) * _a3_) + x))) * _a3_) + _a3_) * x);{'d0': {'_a2_': 0.14906448120690394, '_a3_': 1.4465760909643794, '_a6_': -1.5278457564388284, '_a0_': 1.0, '_a1_': 1.0, '_a4_': 1.0, '_a5_': 1.0, '_a7_': 1.0}};{'d0': 0.024905832919416587};-280.569866449044;39.9240497663449
46238;-100.360883458177;(((pow2((_a6_ * (((_a3_ * _a2_) * _a3_) + x))) * _a3_) + _a3_) * x);{'d0': {'_a2_': 0.14906448120690394, '_a3_': 1.4465760909643794, '_a6_': -1.5278457564388284, '_a0_': 1.0, '_a1_': 1.0, '_a4_': 1.0, '_a5_': 1.0, '_a7_': 1.0}};{'d0': 0.024905832919416587};-280.569866449044;39.9240497663449
46239;-100.360883458177;(((pow2((_a6_ * (((_a3_ * _a2_) * _a3_) + x))) * _a3_) + _a3_) * x);{'d0': {'_a2_': 0.14906448120690394, '_a3_': 1.4465760909643794, '_a6_': -1.5278457564388284, '_a0_': 1.0, '_a1_': 1.0, '_a4_': 1.0, '_a5_': 1.0, '_a7_': 1.0}};{'d0': 0.024905832919416587};-280.569866449044;39.9240497663449
46240;-92.2525078750474;((_a5_ * x) * ((pow2(((_a7_ * (x + _a1_)) * _a2_)) ** _a7_) + (_a5_ / _a5_)));{'d0': {'_a1_': 0.3100912271804841, '_a2_': -1.4386702284642947, '_a5_': 1.4667757513107085, '_a7_': 1.0470399842507503, '_a0_': 1.0, '_a3_': 1.0, '_a4_': 1.0, '_a6_': 1.0}};{'d0': 0.02378537057290799};-279.237401084232;47.3661926670685
46241;-92.2525078750474;((_a5_ * x) * ((pow2(((_a7_ * (x + _a1_)) * _a2_)) ** _a7_) + (_a5_ / _a5_)));{'d0': {'_a1_': 0.3100912271804841, '_a2_': -1.4386702284642947, '_a5_': 1.4667757513107085, '_a7_': 1.0470399842507503, '_a0_': 1.0, '_a3_': 1.0, '_a4_': 1.0, '_a6_': 1.0}};{'d0': 0.02378537057290799};-279.237401084232;47.3661926670685
46242;-92.2525078750474;((_a5_ * x) * ((pow2(((_a7_ * (x + _a1_)) * _a2_)) ** _a7_) + (_a5_ / _a5_)));{'d0': {'_a1_': 0.3100912271804841, '_a2_': -1.4386702284642947, '_a5_': 1.4667757513107085, '_a7_': 1.0470399842507503, '_a0_': 1.0, '_a3_': 1.0, '_a4_': 1.0, '_a6_': 1.0}};{'d0': 0.02378537057290799};-279.237401084232;47.3661926670685
46243;-92.2525078750474;((_a5_ * x) * ((pow2(((_a7_ * (x + _a1_)) * _a2_)) ** _a7_) + (_a5_ / _a5_)));{'d0': {'_a1_': 0.3100912271804841, '_a2_': -1.4386702284642947, '_a5_': 1.4667757513107085, '_a7_': 1.0470399842507503, '_a0_': 1.0, '_a3_': 1.0, '_a4_': 1.0, '_a6_': 1.0}};{'d0': 0.02378537057290799};-279.237401084232;47.3661926670685
46244;-92.2525078750474;((_a5_ * x) * ((pow2(((_a7_ * (x + _a1_)) * _a2_)) ** _a7_) + (_a5_ / _a5_)));{'d0': {'_a1_': 0.3100912271804841, '_a2_': -1.4386702284642947, '_a5_': 1.4667757513107085, '_a7_': 1.0470399842507503, '_a0_': 1.0, '_a3_': 1.0, '_a4_': 1.0, '_a6_': 1.0}};{'d0': 0.02378537057290799};-279.237401084232;47.3661926670685
46245;-87.2308106632684;(((_a5_ * _a2_) * x) * ((pow2(((_a7_ * (x + _a1_)) * _a2_)) ** _a7_) + (_a5_ / _a5_)));{'d0': {'_a1_': 0.31009122661670663, '_a2_': -1.4386702059803058, '_a5_': -1.0195357843453858, '_a7_': 1.04703999656172, '_a0_': 1.0, '_a3_': 1.0, '_a4_': 1.0, '_a6_': 1.0}};{'d0': 0.023785370572907975};-279.237401084232;52.3878898788475
46246;-91.3148681632564;((((_a7_ + pow2(x)) * -(_a2_)) + (exp(((_a7_ * _a4_) * _a2_)) * x)) * x);{'d0': {'_a2_': -3.3767608790377506, '_a4_': -0.41973513504313315, '_a7_': 0.5256917701612394, '_a0_': 1.0, '_a1_': 1.0, '_a3_': 1.0, '_a5_': 1.0, '_a6_': 1.0}};{'d0': 0.024905832919416688};-280.569866449043;48.97006506126547
46247;-91.3148681632564;((((_a7_ + pow2(x)) * -(_a2_)) + (exp(((_a7_ * _a4_) * _a2_)) * x)) * x);{'d0': {'_a2_': -3.3767608790377506, '_a4_': -0.41973513504313315, '_a7_': 0.5256917701612394, '_a0_': 1.0, '_a1_': 1.0, '_a3_': 1.0, '_a5_': 1.0, '_a6_': 1.0}};{'d0': 0.024905832919416688};-280.569866449043;48.97006506126547
46248;-91.3148681632564;((((_a7_ + pow2(x)) * -(_a2_)) + (exp(((_a7_ * _a4_) * _a2_)) * x)) * x);{'d0': {'_a2_': -3.3767608790377506, '_a4_': -0.41973513504313315, '_a7_': 0.5256917701612394, '_a0_': 1.0, '_a1_': 1.0, '_a3_': 1.0, '_a5_': 1.0, '_a6_': 1.0}};{'d0': 0.024905832919416688};-280.569866449043;48.97006506126547
46249;-91.3148681632564;((((_a7_ + pow2(x)) * -(_a2_)) + (exp(((_a7_ * _a4_) * _a2_)) * x)) * x);{'d0': {'_a2_': -3.3767608790377506, '_a4_': -0.41973513504313315, '_a7_': 0.5256917701612394, '_a0_': 1.0, '_a1_': 1.0, '_a3_': 1.0, '_a5_': 1.0, '_a6_': 1.0}};{'d0': 0.024905832919416688};-280.569866449043;48.97006506126547
46250;-91.3148681632564;((((_a7_ + pow2(x)) * -(_a2_)) + (exp(((_a7_ * _a4_) * _a2_)) * x)) * x);{'d0': {'_a2_': -3.3767608790377506, '_a4_': -0.41973513504313315, '_a7_': 0.5256917701612394, '_a0_': 1.0, '_a1_': 1.0, '_a3_': 1.0, '_a5_': 1.0, '_a6_': 1.0}};{'d0': 0.024905832919416688};-280.569866449043;48.97006506126547
46251;-91.3148681632564;((((_a7_ + pow2(x)) * -(_a2_)) + (exp(((_a7_ * _a4_) * _a2_)) * x)) * x);{'d0': {'_a2_': -3.3767608790377506, '_a4_': -0.41973513504313315, '_a7_': 0.5256917701612394, '_a0_': 1.0, '_a1_': 1.0, '_a3_': 1.0, '_a5_': 1.0, '_a6_': 1.0}};{'d0': 0.024905832919416688};-280.569866449043;48.97006506126547
46252;-91.3148681632564;((((_a7_ + pow2(x)) * -(_a2_)) + (exp(((_a7_ * _a4_) * _a2_)) * x)) * x);{'d0': {'_a2_': -3.3767608790377506, '_a4_': -0.41973513504313315, '_a7_': 0.5256917701612394, '_a0_': 1.0, '_a1_': 1.0, '_a3_': 1.0, '_a5_': 1.0, '_a6_': 1.0}};{'d0': 0.024905832919416688};-280.569866449043;48.97006506126547
46253;-91.3148681632564;((((_a7_ + pow2(x)) * -(_a2_)) + (exp(((_a7_ * _a4_) * _a2_)) * x)) * x);{'d0': {'_a2_': -3.3767608790377506, '_a4_': -0.41973513504313315, '_a7_': 0.5256917701612394, '_a0_': 1.0, '_a1_': 1.0, '_a3_': 1.0, '_a5_': 1.0, '_a6_': 1.0}};{'d0': 0.024905832919416688};-280.569866449043;48.97006506126547
46254;-91.3148681632564;((((_a7_ + pow2(x)) * -(_a2_)) + (exp(((_a7_ * _a4_) * _a2_)) * x)) * x);{'d0': {'_a2_': -3.3767608790377506, '_a4_': -0.41973513504313315, '_a7_': 0.5256917701612394, '_a0_': 1.0, '_a1_': 1.0, '_a3_': 1.0, '_a5_': 1.0, '_a6_': 1.0}};{'d0': 0.024905832919416688};-280.569866449043;48.97006506126547
46255;-91.3148681632564;((((_a7_ + pow2(x)) * -(_a2_)) + (exp(((_a7_ * _a4_) * _a2_)) * x)) * x);{'d0': {'_a2_': -3.3767608790377506, '_a4_': -0.41973513504313315, '_a7_': 0.5256917701612394, '_a0_': 1.0, '_a1_': 1.0, '_a3_': 1.0, '_a5_': 1.0, '_a6_': 1.0}};{'d0': 0.024905832919416688};-280.569866449043;48.97006506126547
46256;-91.3148681632564;((((_a7_ + pow2(x)) * -(_a2_)) + (exp(((_a7_ * _a4_) * _a2_)) * x)) * x);{'d0': {'_a2_': -3.3767608790377506, '_a4_': -0.41973513504313315, '_a7_': 0.5256917701612394, '_a0_': 1.0, '_a1_': 1.0, '_a3_': 1.0, '_a5_': 1.0, '_a6_': 1.0}};{'d0': 0.024905832919416688};-280.569866449043;48.97006506126547
46257;-91.3148681632564;((((_a7_ + pow2(x)) * -(_a2_)) + (exp(((_a7_ * _a4_) * _a2_)) * x)) * x);{'d0': {'_a2_': -3.3767608790377506, '_a4_': -0.41973513504313315, '_a7_': 0.5256917701612394, '_a0_': 1.0, '_a1_': 1.0, '_a3_': 1.0, '_a5_': 1.0, '_a6_': 1.0}};{'d0': 0.024905832919416688};-280.569866449043;48.97006506126547
46258;-91.3148681632564;((((_a7_ + pow2(x)) * -(_a2_)) + (exp(((_a7_ * _a4_) * _a2_)) * x)) * x);{'d0': {'_a2_': -3.3767608790377506, '_a4_': -0.41973513504313315, '_a7_': 0.5256917701612394, '_a0_': 1.0, '_a1_': 1.0, '_a3_': 1.0, '_a5_': 1.0, '_a6_': 1.0}};{'d0': 0.024905832919416688};-280.569866449043;48.97006506126547
46259;-91.3148681632564;((((_a7_ + pow2(x)) * -(_a2_)) + (exp(((_a7_ * _a4_) * _a2_)) * x)) * x);{'d0': {'_a2_': -3.3767608790377506, '_a4_': -0.41973513504313315, '_a7_': 0.5256917701612394, '_a0_': 1.0, '_a1_': 1.0, '_a3_': 1.0, '_a5_': 1.0, '_a6_': 1.0}};{'d0': 0.024905832919416688};-280.569866449043;48.97006506126547
46260;-91.3148681632564;((((_a7_ + pow2(x)) * -(_a2_)) + (exp(((_a7_ * _a4_) * _a2_)) * x)) * x);{'d0': {'_a2_': -3.3767608790377506, '_a4_': -0.41973513504313315, '_a7_': 0.5256917701612394, '_a0_': 1.0, '_a1_': 1.0, '_a3_': 1.0, '_a5_': 1.0, '_a6_': 1.0}};{'d0': 0.024905832919416688};-280.569866449043;48.97006506126547
46261;-91.3148681632564;((((_a7_ + pow2(x)) * -(_a2_)) + (exp(((_a7_ * _a4_) * _a2_)) * x)) * x);{'d0': {'_a2_': -3.3767608790377506, '_a4_': -0.41973513504313315, '_a7_': 0.5256917701612394, '_a0_': 1.0, '_a1_': 1.0, '_a3_': 1.0, '_a5_': 1.0, '_a6_': 1.0}};{'d0': 0.024905832919416688};-280.569866449043;48.97006506126547
46262;-96.3365653750356;((((_a7_ + pow2(x)) * -(_a2_)) + (exp((_a5_ * _a2_)) * x)) * x);{'d0': {'_a2_': -3.3767608769869266, '_a5_': -0.22065130616115908, '_a7_': 0.525691770701121, '_a0_': 1.0, '_a1_': 1.0, '_a3_': 1.0, '_a4_': 1.0, '_a6_': 1.0}};{'d0': 0.02490583291941658};-280.569866449044;43.94836784948647
46263;-96.3365653750356;((((_a7_ + pow2(x)) * -(_a2_)) + (exp((_a5_ * _a2_)) * x)) * x);{'d0': {'_a2_': -3.3767608769869266, '_a5_': -0.22065130616115908, '_a7_': 0.525691770701121, '_a0_': 1.0, '_a1_': 1.0, '_a3_': 1.0, '_a4_': 1.0, '_a6_': 1.0}};{'d0': 0.02490583291941658};-280.569866449044;43.94836784948647
46264;-96.3365653750356;((((_a7_ + pow2(x)) * -(_a2_)) + (exp((_a5_ * _a2_)) * x)) * x);{'d0': {'_a2_': -3.3767608769869266, '_a5_': -0.22065130616115908, '_a7_': 0.525691770701121, '_a0_': 1.0, '_a1_': 1.0, '_a3_': 1.0, '_a4_': 1.0, '_a6_': 1.0}};{'d0': 0.02490583291941658};-280.569866449044;43.94836784948647
46265;-96.3365653750356;((((_a7_ + pow2(x)) * -(_a2_)) + (exp((_a5_ * _a2_)) * x)) * x);{'d0': {'_a2_': -3.3767608769869266, '_a5_': -0.22065130616115908, '_a7_': 0.525691770701121, '_a0_': 1.0, '_a1_': 1.0, '_a3_': 1.0, '_a4_': 1.0, '_a6_': 1.0}};{'d0': 0.02490583291941658};-280.569866449044;43.94836784948647
46266;-96.3365653750356;((((_a7_ + pow2(x)) * -(_a2_)) + (exp((_a5_ * _a2_)) * x)) * x);{'d0': {'_a2_': -3.3767608769869266, '_a5_': -0.22065130616115908, '_a7_': 0.525691770701121, '_a0_': 1.0, '_a1_': 1.0, '_a3_': 1.0, '_a4_': 1.0, '_a6_': 1.0}};{'d0': 0.02490583291941658};-280.569866449044;43.94836784948647
46267;-96.3365653750356;((((_a7_ + pow2(x)) * -(_a2_)) + (exp((_a5_ * _a2_)) * x)) * x);{'d0': {'_a2_': -3.3767608769869266, '_a5_': -0.22065130616115908, '_a7_': 0.525691770701121, '_a0_': 1.0, '_a1_': 1.0, '_a3_': 1.0, '_a4_': 1.0, '_a6_': 1.0}};{'d0': 0.02490583291941658};-280.569866449044;43.94836784948647
46268;-96.3365653750356;((((_a7_ + pow2(x)) * -(_a2_)) + (exp((_a5_ * _a2_)) * x)) * x);{'d0': {'_a2_': -3.3767608769869266, '_a5_': -0.22065130616115908, '_a7_': 0.525691770701121, '_a0_': 1.0, '_a1_': 1.0, '_a3_': 1.0, '_a4_': 1.0, '_a6_': 1.0}};{'d0': 0.02490583291941658};-280.569866449044;43.94836784948647
46269;-96.3365653750356;((((_a7_ + pow2(x)) * -(_a2_)) + (exp((_a5_ * _a2_)) * x)) * x);{'d0': {'_a2_': -3.3767608769869266, '_a5_': -0.22065130616115908, '_a7_': 0.525691770701121, '_a0_': 1.0, '_a1_': 1.0, '_a3_': 1.0, '_a4_': 1.0, '_a6_': 1.0}};{'d0': 0.02490583291941658};-280.569866449044;43.94836784948647
46270;-96.3365653750356;((((_a7_ + pow2(x)) * -(_a2_)) + (exp((_a5_ * _a2_)) * x)) * x);{'d0': {'_a2_': -3.3767608769869266, '_a5_': -0.22065130616115908, '_a7_': 0.525691770701121, '_a0_': 1.0, '_a1_': 1.0, '_a3_': 1.0, '_a4_': 1.0, '_a6_': 1.0}};{'d0': 0.02490583291941658};-280.569866449044;43.94836784948647
46271;-96.3365653750356;((((_a7_ + pow2(x)) * -(_a2_)) + (exp((_a5_ * _a2_)) * x)) * x);{'d0': {'_a2_': -3.3767608769869266, '_a5_': -0.22065130616115908, '_a7_': 0.525691770701121, '_a0_': 1.0, '_a1_': 1.0, '_a3_': 1.0, '_a4_': 1.0, '_a6_': 1.0}};{'d0': 0.02490583291941658};-280.569866449044;43.94836784948647
46272;-96.3365653750356;((((_a7_ + pow2(x)) * -(_a2_)) + (exp((_a5_ * _a2_)) * x)) * x);{'d0': {'_a2_': -3.3767608769869266, '_a5_': -0.22065130616115908, '_a7_': 0.525691770701121, '_a0_': 1.0, '_a1_': 1.0, '_a3_': 1.0, '_a4_': 1.0, '_a6_': 1.0}};{'d0': 0.02490583291941658};-280.569866449044;43.94836784948647
46273;-96.3365653750356;((((_a7_ + pow2(x)) * -(_a2_)) + (exp((_a5_ * _a2_)) * x)) * x);{'d0': {'_a2_': -3.3767608769869266, '_a5_': -0.22065130616115908, '_a7_': 0.525691770701121, '_a0_': 1.0, '_a1_': 1.0, '_a3_': 1.0, '_a4_': 1.0, '_a6_': 1.0}};{'d0': 0.02490583291941658};-280.569866449044;43.94836784948647
46274;-101.285905300493;((((_a7_ + pow2(x)) * -(_a2_)) + (exp(_a0_) * x)) * x);{'d0': {'_a0_': 0.7450866986957597, '_a2_': -3.376760878365383, '_a7_': 0.5256917704755735, '_a1_': 1.0, '_a3_': 1.0, '_a4_': 1.0, '_a5_': 1.0, '_a6_': 1.0}};{'d0': 0.02490583291941658};-280.569866449044;38.99902792402948
46275;-100.731372386123;((((_a7_ + pow2(x)) * -(_a2_)) + ((_a6_ + _a6_) * x)) * x);{'d0': {'_a2_': -3.3767608788589834, '_a6_': 1.053312033978704, '_a7_': 0.525691770255335, '_a0_': 1.0, '_a1_': 1.0, '_a3_': 1.0, '_a4_': 1.0, '_a5_': 1.0}};{'d0': 0.024905832919416542};-280.569866449044;39.55356083839948
46276;-100.731372386123;((((_a7_ + pow2(x)) * -(_a2_)) + ((_a6_ + _a6_) * x)) * x);{'d0': {'_a2_': -3.3767608788589834, '_a6_': 1.053312033978704, '_a7_': 0.525691770255335, '_a0_': 1.0, '_a1_': 1.0, '_a3_': 1.0, '_a4_': 1.0, '_a5_': 1.0}};{'d0': 0.024905832919416542};-280.569866449044;39.55356083839948
46277;-88.6385923343141;((_a4_ + (((x * (-((_a5_ + _a5_)) + x)) + (_a7_ / _a6_)) * x)) * _a0_);{'d0': {'_a0_': 3.3825180592018027, '_a4_': -0.0003027824143848835, '_a5_': -0.31227557833427566, '_a6_': -1.1406091721314474e+19, '_a7_': -5.984258859013591e+18, '_a1_': 1.0, '_a2_': 1.0, '_a3_': 1.0}};{'d0': 0.02488548250187461};-272.430223031072;47.57651918122176
46278;-100.731372386123;((((_a7_ + pow2(x)) * -(_a2_)) + ((_a6_ + _a6_) * x)) * x);{'d0': {'_a2_': -3.3767608788589834, '_a6_': 1.053312033978704, '_a7_': 0.525691770255335, '_a0_': 1.0, '_a1_': 1.0, '_a3_': 1.0, '_a4_': 1.0, '_a5_': 1.0}};{'d0': 0.024905832919416542};-280.569866449044;39.55356083839948
46279;-106.651973435153;((((_a7_ + pow2(x)) * -(_a2_)) + (_a0_ * x)) * x);{'d0': {'_a0_': 2.106624069073191, '_a2_': -3.3767608799014988, '_a7_': 0.5256917700558413, '_a1_': 1.0, '_a3_': 1.0, '_a4_': 1.0, '_a5_': 1.0, '_a6_': 1.0}};{'d0': 0.02490583291941662};-280.569866449044;33.63295978936948
46280;-106.651973435153;((((_a7_ + pow2(x)) * -(_a2_)) + (_a0_ * x)) * x);{'d0': {'_a0_': 2.106624069073191, '_a2_': -3.3767608799014988, '_a7_': 0.5256917700558413, '_a1_': 1.0, '_a3_': 1.0, '_a4_': 1.0, '_a5_': 1.0, '_a6_': 1.0}};{'d0': 0.02490583291941662};-280.569866449044;33.63295978936948
46281;-106.651973435153;((((_a7_ + pow2(x)) * -(_a2_)) + (_a0_ * x)) * x);{'d0': {'_a0_': 2.106624069073191, '_a2_': -3.3767608799014988, '_a7_': 0.5256917700558413, '_a1_': 1.0, '_a3_': 1.0, '_a4_': 1.0, '_a5_': 1.0, '_a6_': 1.0}};{'d0': 0.02490583291941662};-280.569866449044;33.63295978936948
46282;-106.651973435153;((((_a7_ + pow2(x)) * -(_a2_)) + (_a0_ * x)) * x);{'d0': {'_a0_': 2.106624069073191, '_a2_': -3.3767608799014988, '_a7_': 0.5256917700558413, '_a1_': 1.0, '_a3_': 1.0, '_a4_': 1.0, '_a5_': 1.0, '_a6_': 1.0}};{'d0': 0.02490583291941662};-280.569866449044;33.63295978936948
46283;-106.651973435153;((((_a7_ + pow2(x)) * -(_a2_)) + (_a0_ * x)) * x);{'d0': {'_a0_': 2.106624069073191, '_a2_': -3.3767608799014988, '_a7_': 0.5256917700558413, '_a1_': 1.0, '_a3_': 1.0, '_a4_': 1.0, '_a5_': 1.0, '_a6_': 1.0}};{'d0': 0.02490583291941662};-280.569866449044;33.63295978936948
46284;-106.651973435153;((((_a7_ + pow2(x)) * -(_a2_)) + (_a0_ * x)) * x);{'d0': {'_a0_': 2.106624069073191, '_a2_': -3.3767608799014988, '_a7_': 0.5256917700558413, '_a1_': 1.0, '_a3_': 1.0, '_a4_': 1.0, '_a5_': 1.0, '_a6_': 1.0}};{'d0': 0.02490583291941662};-280.569866449044;33.63295978936948
46285;-106.651973435153;((((_a7_ + pow2(x)) * -(_a2_)) + (_a0_ * x)) * x);{'d0': {'_a0_': 2.106624069073191, '_a2_': -3.3767608799014988, '_a7_': 0.5256917700558413, '_a1_': 1.0, '_a3_': 1.0, '_a4_': 1.0, '_a5_': 1.0, '_a6_': 1.0}};{'d0': 0.02490583291941662};-280.569866449044;33.63295978936948
46286;-106.651973435153;((((_a7_ + pow2(x)) * -(_a2_)) + (_a0_ * x)) * x);{'d0': {'_a0_': 2.106624069073191, '_a2_': -3.3767608799014988, '_a7_': 0.5256917700558413, '_a1_': 1.0, '_a3_': 1.0, '_a4_': 1.0, '_a5_': 1.0, '_a6_': 1.0}};{'d0': 0.02490583291941662};-280.569866449044;33.63295978936948
46287;-106.651973435153;((((_a7_ + pow2(x)) * -(_a2_)) + (_a0_ * x)) * x);{'d0': {'_a0_': 2.106624069073191, '_a2_': -3.3767608799014988, '_a7_': 0.5256917700558413, '_a1_': 1.0, '_a3_': 1.0, '_a4_': 1.0, '_a5_': 1.0, '_a6_': 1.0}};{'d0': 0.02490583291941662};-280.569866449044;33.63295978936948
46288;-106.651973435153;((((_a7_ + pow2(x)) * -(_a2_)) + (_a0_ * x)) * x);{'d0': {'_a0_': 2.106624069073191, '_a2_': -3.3767608799014988, '_a7_': 0.5256917700558413, '_a1_': 1.0, '_a3_': 1.0, '_a4_': 1.0, '_a5_': 1.0, '_a6_': 1.0}};{'d0': 0.02490583291941662};-280.569866449044;33.63295978936948
46289;-106.651973435153;((((_a7_ + pow2(x)) * -(_a2_)) + (_a0_ * x)) * x);{'d0': {'_a0_': 2.106624069073191, '_a2_': -3.3767608799014988, '_a7_': 0.5256917700558413, '_a1_': 1.0, '_a3_': 1.0, '_a4_': 1.0, '_a5_': 1.0, '_a6_': 1.0}};{'d0': 0.02490583291941662};-280.569866449044;33.63295978936948
46290;-106.651973435153;((((_a7_ + pow2(x)) * -(_a2_)) + (_a0_ * x)) * x);{'d0': {'_a0_': 2.106624069073191, '_a2_': -3.3767608799014988, '_a7_': 0.5256917700558413, '_a1_': 1.0, '_a3_': 1.0, '_a4_': 1.0, '_a5_': 1.0, '_a6_': 1.0}};{'d0': 0.02490583291941662};-280.569866449044;33.63295978936948
46291;-106.651973435153;((((_a7_ + pow2(x)) * -(_a2_)) + (_a0_ * x)) * x);{'d0': {'_a0_': 2.106624069073191, '_a2_': -3.3767608799014988, '_a7_': 0.5256917700558413, '_a1_': 1.0, '_a3_': 1.0, '_a4_': 1.0, '_a5_': 1.0, '_a6_': 1.0}};{'d0': 0.02490583291941662};-280.569866449044;33.63295978936948
46292;-106.651973435153;((((_a7_ + pow2(x)) * -(_a2_)) + (_a0_ * x)) * x);{'d0': {'_a0_': 2.106624069073191, '_a2_': -3.3767608799014988, '_a7_': 0.5256917700558413, '_a1_': 1.0, '_a3_': 1.0, '_a4_': 1.0, '_a5_': 1.0, '_a6_': 1.0}};{'d0': 0.02490583291941662};-280.569866449044;33.63295978936948
46293;-88.6385923343141;((_a4_ + (((x * (-((_a5_ + _a5_)) + x)) + (_a7_ / _a6_)) * x)) * _a0_);{'d0': {'_a0_': 3.3825180592018027, '_a4_': -0.0003027824143848835, '_a5_': -0.31227557833427566, '_a6_': -1.1406091721314474e+19, '_a7_': -5.984258859013591e+18, '_a1_': 1.0, '_a2_': 1.0, '_a3_': 1.0}};{'d0': 0.02488548250187461};-272.430223031072;47.57651918122176
46294;-88.6385923343141;((_a4_ + (((x * (-((_a5_ + _a5_)) + x)) + (_a7_ / _a6_)) * x)) * _a0_);{'d0': {'_a0_': 3.3825180592018027, '_a4_': -0.0003027824143848835, '_a5_': -0.31227557833427566, '_a6_': -1.1406091721314474e+19, '_a7_': -5.984258859013591e+18, '_a1_': 1.0, '_a2_': 1.0, '_a3_': 1.0}};{'d0': 0.02488548250187461};-272.430223031072;47.57651918122176
46295;-88.6385923343141;((_a4_ + (((x * (-((_a5_ + _a5_)) + x)) + (_a7_ / _a6_)) * x)) * _a0_);{'d0': {'_a0_': 3.3825180592018027, '_a4_': -0.0003027824143848835, '_a5_': -0.31227557833427566, '_a6_': -1.1406091721314474e+19, '_a7_': -5.984258859013591e+18, '_a1_': 1.0, '_a2_': 1.0, '_a3_': 1.0}};{'d0': 0.02488548250187461};-272.430223031072;47.57651918122176
46296;-88.6385923343141;((_a4_ + (((x * (-((_a5_ + _a5_)) + x)) + (_a7_ / _a6_)) * x)) * _a0_);{'d0': {'_a0_': 3.3825180592018027, '_a4_': -0.0003027824143848835, '_a5_': -0.31227557833427566, '_a6_': -1.1406091721314474e+19, '_a7_': -5.984258859013591e+18, '_a1_': 1.0, '_a2_': 1.0, '_a3_': 1.0}};{'d0': 0.02488548250187461};-272.430223031072;47.57651918122176
46297;-88.6385923343141;((_a4_ + (((x * (-((_a5_ + _a5_)) + x)) + (_a7_ / _a6_)) * x)) * _a0_);{'d0': {'_a0_': 3.3825180592018027, '_a4_': -0.0003027824143848835, '_a5_': -0.31227557833427566, '_a6_': -1.1406091721314474e+19, '_a7_': -5.984258859013591e+18, '_a1_': 1.0, '_a2_': 1.0, '_a3_': 1.0}};{'d0': 0.02488548250187461};-272.430223031072;47.57651918122176
46298;-106.651973435153;((((_a7_ + pow2(x)) * -(_a2_)) + (_a0_ * x)) * x);{'d0': {'_a0_': 2.106624069073191, '_a2_': -3.3767608799014988, '_a7_': 0.5256917700558413, '_a1_': 1.0, '_a3_': 1.0, '_a4_': 1.0, '_a5_': 1.0, '_a6_': 1.0}};{'d0': 0.02490583291941662};-280.569866449044;33.63295978936948
46299;-106.651973435153;((((_a7_ + pow2(x)) * -(_a2_)) + (_a0_ * x)) * x);{'d0': {'_a0_': 2.106624069073191, '_a2_': -3.3767608799014988, '_a7_': 0.5256917700558413, '_a1_': 1.0, '_a3_': 1.0, '_a4_': 1.0, '_a5_': 1.0, '_a6_': 1.0}};{'d0': 0.02490583291941662};-280.569866449044;33.63295978936948
46300;-106.651973435153;((((_a7_ + pow2(x)) * -(_a2_)) + (_a0_ * x)) * x);{'d0': {'_a0_': 2.106624069073191, '_a2_': -3.3767608799014988, '_a7_': 0.5256917700558413, '_a1_': 1.0, '_a3_': 1.0, '_a4_': 1.0, '_a5_': 1.0, '_a6_': 1.0}};{'d0': 0.02490583291941662};-280.569866449044;33.63295978936948
46301;-106.651973435153;((((_a7_ + pow2(x)) * -(_a2_)) + (_a0_ * x)) * x);{'d0': {'_a0_': 2.106624069073191, '_a2_': -3.3767608799014988, '_a7_': 0.5256917700558413, '_a1_': 1.0, '_a3_': 1.0, '_a4_': 1.0, '_a5_': 1.0, '_a6_': 1.0}};{'d0': 0.02490583291941662};-280.569866449044;33.63295978936948
46302;-106.651973435153;((((_a7_ + pow2(x)) * -(_a2_)) + (_a0_ * x)) * x);{'d0': {'_a0_': 2.106624069073191, '_a2_': -3.3767608799014988, '_a7_': 0.5256917700558413, '_a1_': 1.0, '_a3_': 1.0, '_a4_': 1.0, '_a5_': 1.0, '_a6_': 1.0}};{'d0': 0.02490583291941662};-280.569866449044;33.63295978936948
46303;-106.651973435153;((((_a7_ + pow2(x)) * -(_a2_)) + (_a0_ * x)) * x);{'d0': {'_a0_': 2.106624069073191, '_a2_': -3.3767608799014988, '_a7_': 0.5256917700558413, '_a1_': 1.0, '_a3_': 1.0, '_a4_': 1.0, '_a5_': 1.0, '_a6_': 1.0}};{'d0': 0.02490583291941662};-280.569866449044;33.63295978936948
46304;-106.651973435153;((((_a7_ + pow2(x)) * -(_a2_)) + (_a0_ * x)) * x);{'d0': {'_a0_': 2.106624069073191, '_a2_': -3.3767608799014988, '_a7_': 0.5256917700558413, '_a1_': 1.0, '_a3_': 1.0, '_a4_': 1.0, '_a5_': 1.0, '_a6_': 1.0}};{'d0': 0.02490583291941662};-280.569866449044;33.63295978936948
46305;-106.651973435153;((((_a7_ + pow2(x)) * -(_a2_)) + (_a0_ * x)) * x);{'d0': {'_a0_': 2.106624069073191, '_a2_': -3.3767608799014988, '_a7_': 0.5256917700558413, '_a1_': 1.0, '_a3_': 1.0, '_a4_': 1.0, '_a5_': 1.0, '_a6_': 1.0}};{'d0': 0.02490583291941662};-280.569866449044;33.63295978936948
46306;-106.651973435153;((((_a7_ + pow2(x)) * -(_a2_)) + (_a0_ * x)) * x);{'d0': {'_a0_': 2.106624069073191, '_a2_': -3.3767608799014988, '_a7_': 0.5256917700558413, '_a1_': 1.0, '_a3_': 1.0, '_a4_': 1.0, '_a5_': 1.0, '_a6_': 1.0}};{'d0': 0.02490583291941662};-280.569866449044;33.63295978936948
46307;-106.651973435153;((((_a7_ + pow2(x)) * -(_a2_)) + (_a0_ * x)) * x);{'d0': {'_a0_': 2.106624069073191, '_a2_': -3.3767608799014988, '_a7_': 0.5256917700558413, '_a1_': 1.0, '_a3_': 1.0, '_a4_': 1.0, '_a5_': 1.0, '_a6_': 1.0}};{'d0': 0.02490583291941662};-280.569866449044;33.63295978936948
46308;-106.651973435153;((((_a7_ + pow2(x)) * -(_a2_)) + (_a0_ * x)) * x);{'d0': {'_a0_': 2.106624069073191, '_a2_': -3.3767608799014988, '_a7_': 0.5256917700558413, '_a1_': 1.0, '_a3_': 1.0, '_a4_': 1.0, '_a5_': 1.0, '_a6_': 1.0}};{'d0': 0.02490583291941662};-280.569866449044;33.63295978936948
46309;-106.651973435153;((((_a7_ + pow2(x)) * -(_a2_)) + (_a0_ * x)) * x);{'d0': {'_a0_': 2.106624069073191, '_a2_': -3.3767608799014988, '_a7_': 0.5256917700558413, '_a1_': 1.0, '_a3_': 1.0, '_a4_': 1.0, '_a5_': 1.0, '_a6_': 1.0}};{'d0': 0.02490583291941662};-280.569866449044;33.63295978936948
46310;-100.731372386123;((((_a7_ + pow2(x)) * -(_a2_)) + ((x + _a0_) * x)) * x);{'d0': {'_a0_': 2.1066240666800473, '_a2_': -2.3767608789624, '_a7_': 0.7468716857948496, '_a1_': 1.0, '_a3_': 1.0, '_a4_': 1.0, '_a5_': 1.0, '_a6_': 1.0}};{'d0': 0.024905832919416608};-280.569866449044;39.55356083839948
46311;-101.312110424633;((((_a7_ + pow2(x)) * -(_a2_)) + (sqrt(_a5_) * x)) * x);{'d0': {'_a2_': -3.3767608809056475, '_a5_': 4.437864964091349, '_a7_': 0.5256917695021879, '_a0_': 1.0, '_a1_': 1.0, '_a3_': 1.0, '_a4_': 1.0, '_a6_': 1.0}};{'d0': 0.02490583291941663};-280.569866449044;38.97282279988948
46312;-101.312110424633;((((_a7_ + pow2(x)) * -(_a2_)) + (sqrt(_a5_) * x)) * x);{'d0': {'_a2_': -3.3767608809056475, '_a5_': 4.437864964091349, '_a7_': 0.5256917695021879, '_a0_': 1.0, '_a1_': 1.0, '_a3_': 1.0, '_a4_': 1.0, '_a6_': 1.0}};{'d0': 0.02490583291941663};-280.569866449044;38.97282279988948
46313;-101.312110424633;((((_a7_ + pow2(x)) * -(_a2_)) + (sqrt(_a5_) * x)) * x);{'d0': {'_a2_': -3.3767608809056475, '_a5_': 4.437864964091349, '_a7_': 0.5256917695021879, '_a0_': 1.0, '_a1_': 1.0, '_a3_': 1.0, '_a4_': 1.0, '_a6_': 1.0}};{'d0': 0.02490583291941663};-280.569866449044;38.97282279988948
46314;-84.7650591572429;((_a4_ + (((x * (-((_a5_ + _a5_)) + x)) + (_a7_ / _a6_)) * x)) * (_a4_ + _a6_));{'d0': {'_a4_': -0.0003027833038910507, '_a5_': -0.3122755817083576, '_a6_': 3.3828216204473165, '_a7_': 1.7747374772386593, '_a0_': 1.0, '_a1_': 1.0, '_a2_': 1.0, '_a3_': 1.0}};{'d0': 0.02488556911109627};-276.524358774989;53.49712023025176
46315;-84.7650591572429;((_a4_ + (((x * (-((_a5_ + _a5_)) + x)) + (_a7_ / _a6_)) * x)) * (_a4_ + _a6_));{'d0': {'_a4_': -0.0003027833038910507, '_a5_': -0.3122755817083576, '_a6_': 3.3828216204473165, '_a7_': 1.7747374772386593, '_a0_': 1.0, '_a1_': 1.0, '_a2_': 1.0, '_a3_': 1.0}};{'d0': 0.02488556911109627};-276.524358774989;53.49712023025176
46316;-84.7650591572429;((_a4_ + (((x * (-((_a5_ + _a5_)) + x)) + (_a7_ / _a6_)) * x)) * (_a4_ + _a6_));{'d0': {'_a4_': -0.0003027833038910507, '_a5_': -0.3122755817083576, '_a6_': 3.3828216204473165, '_a7_': 1.7747374772386593, '_a0_': 1.0, '_a1_': 1.0, '_a2_': 1.0, '_a3_': 1.0}};{'d0': 0.02488556911109627};-276.524358774989;53.49712023025176
46317;-84.7650591572429;((_a4_ + (((x * (-((_a5_ + _a5_)) + x)) + (_a7_ / _a6_)) * x)) * (_a4_ + _a6_));{'d0': {'_a4_': -0.0003027833038910507, '_a5_': -0.3122755817083576, '_a6_': 3.3828216204473165, '_a7_': 1.7747374772386593, '_a0_': 1.0, '_a1_': 1.0, '_a2_': 1.0, '_a3_': 1.0}};{'d0': 0.02488556911109627};-276.524358774989;53.49712023025176
46318;-84.7651635664012;((_a6_ + (((x * (-((_a5_ + _a5_)) + x)) + (_a7_ / _a6_)) * x)) * (_a4_ + _a6_));{'d0': {'_a4_': 3.382821008919469, '_a5_': -0.3122755877372491, '_a6_': -0.00030279069819368515, '_a7_': -0.0001588605349441625, '_a0_': 1.0, '_a1_': 1.0, '_a2_': 1.0, '_a3_': 1.0}};{'d0': 0.02488548250186957};-276.524567593306;53.49712023025176
46319;-84.7651635664012;((_a6_ + (((x * (-((_a5_ + _a5_)) + x)) + (_a7_ / _a6_)) * x)) * (_a4_ + _a6_));{'d0': {'_a4_': 3.382821008919469, '_a5_': -0.3122755877372491, '_a6_': -0.00030279069819368515, '_a7_': -0.0001588605349441625, '_a0_': 1.0, '_a1_': 1.0, '_a2_': 1.0, '_a3_': 1.0}};{'d0': 0.02488548250186957};-276.524567593306;53.49712023025176
46320;-84.7651635664012;((_a6_ + (((x * (-((_a5_ + _a5_)) + x)) + (_a7_ / _a6_)) * x)) * (_a4_ + _a6_));{'d0': {'_a4_': 3.382821008919469, '_a5_': -0.3122755877372491, '_a6_': -0.00030279069819368515, '_a7_': -0.0001588605349441625, '_a0_': 1.0, '_a1_': 1.0, '_a2_': 1.0, '_a3_': 1.0}};{'d0': 0.02488548250186957};-276.524567593306;53.49712023025176
46321;-84.7651635664012;((_a6_ + (((x * (-((_a5_ + _a5_)) + x)) + (_a7_ / _a6_)) * x)) * (_a4_ + _a6_));{'d0': {'_a4_': 3.382821008919469, '_a5_': -0.3122755877372491, '_a6_': -0.00030279069819368515, '_a7_': -0.0001588605349441625, '_a0_': 1.0, '_a1_': 1.0, '_a2_': 1.0, '_a3_': 1.0}};{'d0': 0.02488548250186957};-276.524567593306;53.49712023025176
46322;-85.3300273324289;(((pow2((-(_a1_) * (((_a0_ + x) / _a3_) + _a0_))) * _a3_) + (x + _a1_)) * -(x));{'d0': {'_a0_': 0.6897890466263691, '_a1_': -1.0606109349318364, '_a3_': -0.3331285797033607, '_a2_': 1.0, '_a4_': 1.0, '_a5_': 1.0, '_a6_': 1.0, '_a7_': 1.0}};{'d0': 0.024905832919416598};-280.569866449044;54.95490589209286
46323;-85.3300273324289;(((pow2((-(_a1_) * (((_a0_ + x) / _a3_) + _a0_))) * _a3_) + (x + _a1_)) * -(x));{'d0': {'_a0_': 0.6897890466263691, '_a1_': -1.0606109349318364, '_a3_': -0.3331285797033607, '_a2_': 1.0, '_a4_': 1.0, '_a5_': 1.0, '_a6_': 1.0, '_a7_': 1.0}};{'d0': 0.024905832919416598};-280.569866449044;54.95490589209286
46324;-85.3300273324289;(((pow2((-(_a1_) * (((_a0_ + x) / _a3_) + _a0_))) * _a3_) + (x + _a1_)) * -(x));{'d0': {'_a0_': 0.6897890466263691, '_a1_': -1.0606109349318364, '_a3_': -0.3331285797033607, '_a2_': 1.0, '_a4_': 1.0, '_a5_': 1.0, '_a6_': 1.0, '_a7_': 1.0}};{'d0': 0.024905832919416598};-280.569866449044;54.95490589209286
46325;-85.3300273324289;(((pow2((-(_a1_) * (((_a0_ + x) / _a3_) + _a0_))) * _a3_) + (x + _a1_)) * -(x));{'d0': {'_a0_': 0.6897890466263691, '_a1_': -1.0606109349318364, '_a3_': -0.3331285797033607, '_a2_': 1.0, '_a4_': 1.0, '_a5_': 1.0, '_a6_': 1.0, '_a7_': 1.0}};{'d0': 0.024905832919416598};-280.569866449044;54.95490589209286
46326;-85.3300273324289;(((pow2((-(_a1_) * (((_a0_ + x) / _a3_) + _a0_))) * _a3_) + (x + _a1_)) * -(x));{'d0': {'_a0_': 0.6897890466263691, '_a1_': -1.0606109349318364, '_a3_': -0.3331285797033607, '_a2_': 1.0, '_a4_': 1.0, '_a5_': 1.0, '_a6_': 1.0, '_a7_': 1.0}};{'d0': 0.024905832919416598};-280.569866449044;54.95490589209286
46327;-85.3300273324289;(((pow2((-(_a1_) * (((_a0_ + x) / _a3_) + _a0_))) * _a3_) + (x + _a1_)) * -(x));{'d0': {'_a0_': 0.6897890466263691, '_a1_': -1.0606109349318364, '_a3_': -0.3331285797033607, '_a2_': 1.0, '_a4_': 1.0, '_a5_': 1.0, '_a6_': 1.0, '_a7_': 1.0}};{'d0': 0.024905832919416598};-280.569866449044;54.95490589209286
46328;-85.3300273324289;(((pow2((-(_a1_) * (((_a0_ + x) / _a3_) + _a0_))) * _a3_) + (x + _a1_)) * -(x));{'d0': {'_a0_': 0.6897890466263691, '_a1_': -1.0606109349318364, '_a3_': -0.3331285797033607, '_a2_': 1.0, '_a4_': 1.0, '_a5_': 1.0, '_a6_': 1.0, '_a7_': 1.0}};{'d0': 0.024905832919416598};-280.569866449044;54.95490589209286
46329;-85.3300273324289;(((pow2((-(_a1_) * (((_a0_ + x) / _a3_) + _a0_))) * _a3_) + (x + _a1_)) * -(x));{'d0': {'_a0_': 0.6897890466263691, '_a1_': -1.0606109349318364, '_a3_': -0.3331285797033607, '_a2_': 1.0, '_a4_': 1.0, '_a5_': 1.0, '_a6_': 1.0, '_a7_': 1.0}};{'d0': 0.024905832919416598};-280.569866449044;54.95490589209286
46330;-85.3300273324289;(((pow2((-(_a1_) * (((_a0_ + x) / _a3_) + _a0_))) * _a3_) + (x + _a1_)) * -(x));{'d0': {'_a0_': 0.6897890466263691, '_a1_': -1.0606109349318364, '_a3_': -0.3331285797033607, '_a2_': 1.0, '_a4_': 1.0, '_a5_': 1.0, '_a6_': 1.0, '_a7_': 1.0}};{'d0': 0.024905832919416598};-280.569866449044;54.95490589209286
46331;-89.0104795706900;(((pow2((_a0_ * (((_a0_ + x) / _a3_) + _a0_))) * _a3_) + (x + _a1_)) * -(x));{'d0': {'_a0_': 0.49617532007550424, '_a1_': -1.0606109337493514, '_a3_': -0.07290713109203704, '_a2_': 1.0, '_a4_': 1.0, '_a5_': 1.0, '_a6_': 1.0, '_a7_': 1.0}};{'d0': 0.024905832919416646};-280.569866449044;51.27445365383169
46332;-89.0104795706900;(((pow2((_a0_ * (((_a0_ + x) / _a3_) + _a0_))) * _a3_) + (x + _a1_)) * -(x));{'d0': {'_a0_': 0.49617532007550424, '_a1_': -1.0606109337493514, '_a3_': -0.07290713109203704, '_a2_': 1.0, '_a4_': 1.0, '_a5_': 1.0, '_a6_': 1.0, '_a7_': 1.0}};{'d0': 0.024905832919416646};-280.569866449044;51.27445365383169
46333;-89.0104795706900;(((pow2((_a0_ * (((_a0_ + x) / _a3_) + _a0_))) * _a3_) + (x + _a1_)) * -(x));{'d0': {'_a0_': 0.49617532007550424, '_a1_': -1.0606109337493514, '_a3_': -0.07290713109203704, '_a2_': 1.0, '_a4_': 1.0, '_a5_': 1.0, '_a6_': 1.0, '_a7_': 1.0}};{'d0': 0.024905832919416646};-280.569866449044;51.27445365383169
46334;-89.0104795706900;(((pow2((_a0_ * (((_a0_ + x) / _a3_) + _a0_))) * _a3_) + (x + _a1_)) * -(x));{'d0': {'_a0_': 0.49617532007550424, '_a1_': -1.0606109337493514, '_a3_': -0.07290713109203704, '_a2_': 1.0, '_a4_': 1.0, '_a5_': 1.0, '_a6_': 1.0, '_a7_': 1.0}};{'d0': 0.024905832919416646};-280.569866449044;51.27445365383169
46335;-89.0104795706900;(((pow2((_a0_ * (((_a0_ + x) / _a3_) + _a0_))) * _a3_) + (x + _a1_)) * -(x));{'d0': {'_a0_': 0.49617532007550424, '_a1_': -1.0606109337493514, '_a3_': -0.07290713109203704, '_a2_': 1.0, '_a4_': 1.0, '_a5_': 1.0, '_a6_': 1.0, '_a7_': 1.0}};{'d0': 0.024905832919416646};-280.569866449044;51.27445365383169
46336;-89.0104795706900;(((pow2((_a0_ * (((_a0_ + x) / _a3_) + _a0_))) * _a3_) + (x + _a1_)) * -(x));{'d0': {'_a0_': 0.49617532007550424, '_a1_': -1.0606109337493514, '_a3_': -0.07290713109203704, '_a2_': 1.0, '_a4_': 1.0, '_a5_': 1.0, '_a6_': 1.0, '_a7_': 1.0}};{'d0': 0.024905832919416646};-280.569866449044;51.27445365383169
46337;-89.0104795706900;(((pow2((_a0_ * (((_a0_ + x) / _a3_) + _a0_))) * _a3_) + (x + _a1_)) * -(x));{'d0': {'_a0_': 0.49617532007550424, '_a1_': -1.0606109337493514, '_a3_': -0.07290713109203704, '_a2_': 1.0, '_a4_': 1.0, '_a5_': 1.0, '_a6_': 1.0, '_a7_': 1.0}};{'d0': 0.024905832919416646};-280.569866449044;51.27445365383169
46338;-89.0104795706900;(((pow2((_a0_ * (((_a0_ + x) / _a3_) + _a0_))) * _a3_) + (x + _a1_)) * -(x));{'d0': {'_a0_': 0.49617532007550424, '_a1_': -1.0606109337493514, '_a3_': -0.07290713109203704, '_a2_': 1.0, '_a4_': 1.0, '_a5_': 1.0, '_a6_': 1.0, '_a7_': 1.0}};{'d0': 0.024905832919416646};-280.569866449044;51.27445365383169
46339;-89.0104795706900;(((pow2((_a0_ * (((_a0_ + x) / _a3_) + _a0_))) * _a3_) + (x + _a1_)) * -(x));{'d0': {'_a0_': 0.49617532007550424, '_a1_': -1.0606109337493514, '_a3_': -0.07290713109203704, '_a2_': 1.0, '_a4_': 1.0, '_a5_': 1.0, '_a6_': 1.0, '_a7_': 1.0}};{'d0': 0.024905832919416646};-280.569866449044;51.27445365383169
46340;-89.0104795706900;(((pow2((_a0_ * (((_a0_ + x) / _a3_) + _a0_))) * _a3_) + (x + _a1_)) * -(x));{'d0': {'_a0_': 0.49617532007550424, '_a1_': -1.0606109337493514, '_a3_': -0.07290713109203704, '_a2_': 1.0, '_a4_': 1.0, '_a5_': 1.0, '_a6_': 1.0, '_a7_': 1.0}};{'d0': 0.024905832919416646};-280.569866449044;51.27445365383169
46341;-89.0104795706900;(((pow2((_a0_ * (((_a0_ + x) / _a3_) + _a0_))) * _a3_) + (x + _a1_)) * -(x));{'d0': {'_a0_': 0.49617532007550424, '_a1_': -1.0606109337493514, '_a3_': -0.07290713109203704, '_a2_': 1.0, '_a4_': 1.0, '_a5_': 1.0, '_a6_': 1.0, '_a7_': 1.0}};{'d0': 0.024905832919416646};-280.569866449044;51.27445365383169
46342;-89.0104795706900;(((pow2((_a0_ * (((_a0_ + x) / _a3_) + _a0_))) * _a3_) + (x + _a1_)) * -(x));{'d0': {'_a0_': 0.49617532007550424, '_a1_': -1.0606109337493514, '_a3_': -0.07290713109203704, '_a2_': 1.0, '_a4_': 1.0, '_a5_': 1.0, '_a6_': 1.0, '_a7_': 1.0}};{'d0': 0.024905832919416646};-280.569866449044;51.27445365383169
46343;-89.0104795706900;(((pow2((_a0_ * (((_a0_ + x) / _a3_) + _a0_))) * _a3_) + (x + _a1_)) * -(x));{'d0': {'_a0_': 0.49617532007550424, '_a1_': -1.0606109337493514, '_a3_': -0.07290713109203704, '_a2_': 1.0, '_a4_': 1.0, '_a5_': 1.0, '_a6_': 1.0, '_a7_': 1.0}};{'d0': 0.024905832919416646};-280.569866449044;51.27445365383169
46344;-89.0104795706900;(((pow2((_a0_ * (((_a0_ + x) / _a3_) + _a0_))) * _a3_) + (x + _a1_)) * -(x));{'d0': {'_a0_': 0.49617532007550424, '_a1_': -1.0606109337493514, '_a3_': -0.07290713109203704, '_a2_': 1.0, '_a4_': 1.0, '_a5_': 1.0, '_a6_': 1.0, '_a7_': 1.0}};{'d0': 0.024905832919416646};-280.569866449044;51.27445365383169
46345;-89.0104795706900;(((pow2((_a0_ * (((_a0_ + x) / _a3_) + _a0_))) * _a3_) + (x + _a1_)) * -(x));{'d0': {'_a0_': 0.49617532007550424, '_a1_': -1.0606109337493514, '_a3_': -0.07290713109203704, '_a2_': 1.0, '_a4_': 1.0, '_a5_': 1.0, '_a6_': 1.0, '_a7_': 1.0}};{'d0': 0.024905832919416646};-280.569866449044;51.27445365383169
46346;-89.0104795706900;(((pow2((_a0_ * (((_a0_ + x) / _a3_) + _a0_))) * _a3_) + (x + _a1_)) * -(x));{'d0': {'_a0_': 0.49617532007550424, '_a1_': -1.0606109337493514, '_a3_': -0.07290713109203704, '_a2_': 1.0, '_a4_': 1.0, '_a5_': 1.0, '_a6_': 1.0, '_a7_': 1.0}};{'d0': 0.024905832919416646};-280.569866449044;51.27445365383169
46347;-89.0104795706900;(((pow2((_a0_ * (((_a0_ + x) / _a3_) + _a0_))) * _a3_) + (x + _a1_)) * -(x));{'d0': {'_a0_': 0.49617532007550424, '_a1_': -1.0606109337493514, '_a3_': -0.07290713109203704, '_a2_': 1.0, '_a4_': 1.0, '_a5_': 1.0, '_a6_': 1.0, '_a7_': 1.0}};{'d0': 0.024905832919416646};-280.569866449044;51.27445365383169
46348;-89.0104795706900;(((pow2((_a0_ * (((_a0_ + x) / _a3_) + _a0_))) * _a3_) + (x + _a1_)) * -(x));{'d0': {'_a0_': 0.49617532007550424, '_a1_': -1.0606109337493514, '_a3_': -0.07290713109203704, '_a2_': 1.0, '_a4_': 1.0, '_a5_': 1.0, '_a6_': 1.0, '_a7_': 1.0}};{'d0': 0.024905832919416646};-280.569866449044;51.27445365383169
46349;-89.0104795706900;(((pow2((_a0_ * (((_a0_ + x) / _a3_) + _a0_))) * _a3_) + (x + _a1_)) * -(x));{'d0': {'_a0_': 0.49617532007550424, '_a1_': -1.0606109337493514, '_a3_': -0.07290713109203704, '_a2_': 1.0, '_a4_': 1.0, '_a5_': 1.0, '_a6_': 1.0, '_a7_': 1.0}};{'d0': 0.024905832919416646};-280.569866449044;51.27445365383169
46350;-89.0104795706900;(((pow2((_a0_ * (((_a0_ + x) / _a3_) + _a0_))) * _a3_) + (x + _a1_)) * -(x));{'d0': {'_a0_': 0.49617532007550424, '_a1_': -1.0606109337493514, '_a3_': -0.07290713109203704, '_a2_': 1.0, '_a4_': 1.0, '_a5_': 1.0, '_a6_': 1.0, '_a7_': 1.0}};{'d0': 0.024905832919416646};-280.569866449044;51.27445365383169
46351;-89.0104795706900;(((pow2((_a0_ * (((_a0_ + x) / _a3_) + _a0_))) * _a3_) + (x + _a1_)) * -(x));{'d0': {'_a0_': 0.49617532007550424, '_a1_': -1.0606109337493514, '_a3_': -0.07290713109203704, '_a2_': 1.0, '_a4_': 1.0, '_a5_': 1.0, '_a6_': 1.0, '_a7_': 1.0}};{'d0': 0.024905832919416646};-280.569866449044;51.27445365383169
46352;-89.0104795706900;(((pow2((_a0_ * (((_a0_ + x) / _a3_) + _a0_))) * _a3_) + (x + _a1_)) * -(x));{'d0': {'_a0_': 0.49617532007550424, '_a1_': -1.0606109337493514, '_a3_': -0.07290713109203704, '_a2_': 1.0, '_a4_': 1.0, '_a5_': 1.0, '_a6_': 1.0, '_a7_': 1.0}};{'d0': 0.024905832919416646};-280.569866449044;51.27445365383169
46353;-89.9817406942630;(((pow2((_a0_ * (((_a0_ + x) / _a3_) * _a0_))) * _a3_) + (x + _a1_)) * -(x));{'d0': {'_a0_': 0.4600006011233267, '_a1_': -1.0606109345707861, '_a3_': -0.013259687507382486, '_a2_': 1.0, '_a4_': 1.0, '_a5_': 1.0, '_a6_': 1.0, '_a7_': 1.0}};{'d0': 0.024905832919416587};-280.569866449044;50.30319253025869
46354;-89.9817406942630;(((pow2((_a0_ * (((_a0_ + x) / _a3_) * _a0_))) * _a3_) + (x + _a1_)) * -(x));{'d0': {'_a0_': 0.4600006011233267, '_a1_': -1.0606109345707861, '_a3_': -0.013259687507382486, '_a2_': 1.0, '_a4_': 1.0, '_a5_': 1.0, '_a6_': 1.0, '_a7_': 1.0}};{'d0': 0.024905832919416587};-280.569866449044;50.30319253025869
46355;-89.9817406942630;(((pow2((_a0_ * (((_a0_ + x) / _a3_) * _a0_))) * _a3_) + (x + _a1_)) * -(x));{'d0': {'_a0_': 0.4600006011233267, '_a1_': -1.0606109345707861, '_a3_': -0.013259687507382486, '_a2_': 1.0, '_a4_': 1.0, '_a5_': 1.0, '_a6_': 1.0, '_a7_': 1.0}};{'d0': 0.024905832919416587};-280.569866449044;50.30319253025869
46356;-89.9817406942630;(((pow2((_a0_ * (((_a0_ + x) / _a3_) * _a0_))) * _a3_) + (x + _a1_)) * -(x));{'d0': {'_a0_': 0.4600006011233267, '_a1_': -1.0606109345707861, '_a3_': -0.013259687507382486, '_a2_': 1.0, '_a4_': 1.0, '_a5_': 1.0, '_a6_': 1.0, '_a7_': 1.0}};{'d0': 0.024905832919416587};-280.569866449044;50.30319253025869
46357;-89.9817406942630;(((pow2((_a0_ * (((_a0_ + x) / _a3_) * _a0_))) * _a3_) + (x + _a1_)) * -(x));{'d0': {'_a0_': 0.4600006011233267, '_a1_': -1.0606109345707861, '_a3_': -0.013259687507382486, '_a2_': 1.0, '_a4_': 1.0, '_a5_': 1.0, '_a6_': 1.0, '_a7_': 1.0}};{'d0': 0.024905832919416587};-280.569866449044;50.30319253025869
46358;-109.288302185518;(x * (pow2(((x * (_a4_ + _a3_)) + _a2_)) + _a3_));{'d0': {'_a2_': 0.5732009377950487, '_a3_': 1.4465760884807475, '_a4_': 0.39102040708606506, '_a0_': 1.0, '_a1_': 1.0, '_a5_': 1.0, '_a6_': 1.0, '_a7_': 1.0}};{'d0': 0.024905832919416632};-280.569866449044;30.996631039004
46359;-109.288302185518;(x * (pow2(((x * (_a4_ + _a3_)) + _a2_)) + _a3_));{'d0': {'_a2_': 0.5732009377950487, '_a3_': 1.4465760884807475, '_a4_': 0.39102040708606506, '_a0_': 1.0, '_a1_': 1.0, '_a5_': 1.0, '_a6_': 1.0, '_a7_': 1.0}};{'d0': 0.024905832919416632};-280.569866449044;30.996631039004
46360;-109.288302185518;(x * (pow2(((x * (_a4_ + _a3_)) + _a2_)) + _a3_));{'d0': {'_a2_': 0.5732009377950487, '_a3_': 1.4465760884807475, '_a4_': 0.39102040708606506, '_a0_': 1.0, '_a1_': 1.0, '_a5_': 1.0, '_a6_': 1.0, '_a7_': 1.0}};{'d0': 0.024905832919416632};-280.569866449044;30.996631039004
46361;-109.288302185518;(x * (pow2(((x * (_a4_ + _a3_)) + _a2_)) + _a3_));{'d0': {'_a2_': 0.5732009377950487, '_a3_': 1.4465760884807475, '_a4_': 0.39102040708606506, '_a0_': 1.0, '_a1_': 1.0, '_a5_': 1.0, '_a6_': 1.0, '_a7_': 1.0}};{'d0': 0.024905832919416632};-280.569866449044;30.996631039004
46362;-109.288302185518;(x * (pow2(((x * (_a4_ + _a3_)) + _a2_)) + _a3_));{'d0': {'_a2_': 0.5732009377950487, '_a3_': 1.4465760884807475, '_a4_': 0.39102040708606506, '_a0_': 1.0, '_a1_': 1.0, '_a5_': 1.0, '_a6_': 1.0, '_a7_': 1.0}};{'d0': 0.024905832919416632};-280.569866449044;30.996631039004
46363;-109.288302185518;(x * (pow2(((x * (_a4_ + _a3_)) + _a2_)) + _a3_));{'d0': {'_a2_': 0.5732009377950487, '_a3_': 1.4465760884807475, '_a4_': 0.39102040708606506, '_a0_': 1.0, '_a1_': 1.0, '_a5_': 1.0, '_a6_': 1.0, '_a7_': 1.0}};{'d0': 0.024905832919416632};-280.569866449044;30.996631039004
46364;-109.288302185518;(x * (pow2(((x * (_a4_ + _a3_)) + _a2_)) + _a3_));{'d0': {'_a2_': 0.5732009377950487, '_a3_': 1.4465760884807475, '_a4_': 0.39102040708606506, '_a0_': 1.0, '_a1_': 1.0, '_a5_': 1.0, '_a6_': 1.0, '_a7_': 1.0}};{'d0': 0.024905832919416632};-280.569866449044;30.996631039004
46365;-96.6809362979163;(((pow2((_a0_ * (((_a0_ + x) * _a3_) * _a0_))) * _a3_) + _a1_) * -(x));{'d0': {'_a0_': 0.3119297078802014, '_a1_': -1.4465760893821245, '_a3_': -7.091821313944157, '_a2_': 1.0, '_a4_': 1.0, '_a5_': 1.0, '_a6_': 1.0, '_a7_': 1.0}};{'d0': 0.024905832919416705};-280.569866449043;43.6039969266053
46366;-96.6809362979163;(((pow2((_a1_ * (((_a0_ + x) * _a3_) * _a0_))) * _a3_) + _a1_) * -(x));{'d0': {'_a0_': 0.31192970774135537, '_a1_': -1.4465760892265682, '_a3_': -2.550163871924285, '_a2_': 1.0, '_a4_': 1.0, '_a5_': 1.0, '_a6_': 1.0, '_a7_': 1.0}};{'d0': 0.024905832919416674};-280.569866449043;43.6039969266053
46367;-96.6809362979163;(((pow2((_a1_ * (((_a0_ + x) * _a3_) * _a0_))) * _a3_) + _a1_) * -(x));{'d0': {'_a0_': 0.31192970774135537, '_a1_': -1.4465760892265682, '_a3_': -2.550163871924285, '_a2_': 1.0, '_a4_': 1.0, '_a5_': 1.0, '_a6_': 1.0, '_a7_': 1.0}};{'d0': 0.024905832919416674};-280.569866449043;43.6039969266053
46368;-96.6809362979163;(((pow2((_a1_ * (((_a0_ + x) * _a3_) * _a0_))) * _a3_) + _a1_) * -(x));{'d0': {'_a0_': 0.31192970774135537, '_a1_': -1.4465760892265682, '_a3_': -2.550163871924285, '_a2_': 1.0, '_a4_': 1.0, '_a5_': 1.0, '_a6_': 1.0, '_a7_': 1.0}};{'d0': 0.024905832919416674};-280.569866449043;43.6039969266053
46369;-96.6809362979163;(((pow2((_a1_ * (((_a0_ + x) * _a3_) * _a0_))) * _a3_) + _a1_) * -(x));{'d0': {'_a0_': 0.31192970774135537, '_a1_': -1.4465760892265682, '_a3_': -2.550163871924285, '_a2_': 1.0, '_a4_': 1.0, '_a5_': 1.0, '_a6_': 1.0, '_a7_': 1.0}};{'d0': 0.024905832919416674};-280.569866449043;43.6039969266053
46370;-96.6809362979163;(((pow2((_a1_ * (((_a0_ + x) * _a3_) * _a0_))) * _a3_) + _a1_) * -(x));{'d0': {'_a0_': 0.31192970774135537, '_a1_': -1.4465760892265682, '_a3_': -2.550163871924285, '_a2_': 1.0, '_a4_': 1.0, '_a5_': 1.0, '_a6_': 1.0, '_a7_': 1.0}};{'d0': 0.024905832919416674};-280.569866449043;43.6039969266053
46371;-96.6809362979163;(((pow2((_a1_ * (((_a0_ + x) * _a3_) * _a0_))) * _a3_) + _a1_) * -(x));{'d0': {'_a0_': 0.31192970774135537, '_a1_': -1.4465760892265682, '_a3_': -2.550163871924285, '_a2_': 1.0, '_a4_': 1.0, '_a5_': 1.0, '_a6_': 1.0, '_a7_': 1.0}};{'d0': 0.024905832919416674};-280.569866449043;43.6039969266053
46372;-96.6809362979163;(((pow2((_a1_ * (((_a0_ + x) * _a3_) * _a0_))) * _a3_) + _a1_) * -(x));{'d0': {'_a0_': 0.31192970774135537, '_a1_': -1.4465760892265682, '_a3_': -2.550163871924285, '_a2_': 1.0, '_a4_': 1.0, '_a5_': 1.0, '_a6_': 1.0, '_a7_': 1.0}};{'d0': 0.024905832919416674};-280.569866449043;43.6039969266053
46373;-96.6809362979163;(((pow2((_a1_ * (((_a0_ + x) * _a3_) * _a0_))) * _a3_) + _a1_) * -(x));{'d0': {'_a0_': 0.31192970774135537, '_a1_': -1.4465760892265682, '_a3_': -2.550163871924285, '_a2_': 1.0, '_a4_': 1.0, '_a5_': 1.0, '_a6_': 1.0, '_a7_': 1.0}};{'d0': 0.024905832919416674};-280.569866449043;43.6039969266053
46374;-95.9023417432929;(((pow2((_a1_ * (((_a0_ + x) * _a3_) / _a0_))) * _a3_) + _a1_) * -(x));{'d0': {'_a0_': 0.3119297078434737, '_a1_': -1.446576089698725, '_a3_': -0.5394821420210832, '_a2_': 1.0, '_a4_': 1.0, '_a5_': 1.0, '_a6_': 1.0, '_a7_': 1.0}};{'d0': 0.024905832919416677};-280.569866449043;44.382591481228694
46375;-95.9023417432929;(((pow2((_a1_ * (((_a0_ + x) * _a3_) / _a0_))) * _a3_) + _a1_) * -(x));{'d0': {'_a0_': 0.3119297078434737, '_a1_': -1.446576089698725, '_a3_': -0.5394821420210832, '_a2_': 1.0, '_a4_': 1.0, '_a5_': 1.0, '_a6_': 1.0, '_a7_': 1.0}};{'d0': 0.024905832919416677};-280.569866449043;44.382591481228694
46376;-95.9023417432929;(((pow2((_a1_ * (((_a0_ + x) * _a3_) / _a0_))) * _a3_) + _a1_) * -(x));{'d0': {'_a0_': 0.3119297078434737, '_a1_': -1.446576089698725, '_a3_': -0.5394821420210832, '_a2_': 1.0, '_a4_': 1.0, '_a5_': 1.0, '_a6_': 1.0, '_a7_': 1.0}};{'d0': 0.024905832919416677};-280.569866449043;44.382591481228694
46377;-95.9023417432929;(((pow2((_a1_ * (((_a0_ + x) * _a3_) / _a0_))) * _a3_) + _a1_) * -(x));{'d0': {'_a0_': 0.3119297078434737, '_a1_': -1.446576089698725, '_a3_': -0.5394821420210832, '_a2_': 1.0, '_a4_': 1.0, '_a5_': 1.0, '_a6_': 1.0, '_a7_': 1.0}};{'d0': 0.024905832919416677};-280.569866449043;44.382591481228694
46378;-95.9023417432929;(((pow2((_a1_ * (((_a0_ + x) * _a3_) / _a0_))) * _a3_) + _a1_) * -(x));{'d0': {'_a0_': 0.3119297078434737, '_a1_': -1.446576089698725, '_a3_': -0.5394821420210832, '_a2_': 1.0, '_a4_': 1.0, '_a5_': 1.0, '_a6_': 1.0, '_a7_': 1.0}};{'d0': 0.024905832919416677};-280.569866449043;44.382591481228694
46379;-95.9023417432929;(((pow2((_a1_ * (((_a0_ + x) * _a3_) / _a0_))) * _a3_) + _a1_) * -(x));{'d0': {'_a0_': 0.3119297078434737, '_a1_': -1.446576089698725, '_a3_': -0.5394821420210832, '_a2_': 1.0, '_a4_': 1.0, '_a5_': 1.0, '_a6_': 1.0, '_a7_': 1.0}};{'d0': 0.024905832919416677};-280.569866449043;44.382591481228694
46380;-95.9023417432929;(((pow2((_a1_ * (((_a0_ + x) * _a3_) / _a0_))) * _a3_) + _a1_) * -(x));{'d0': {'_a0_': 0.3119297078434737, '_a1_': -1.446576089698725, '_a3_': -0.5394821420210832, '_a2_': 1.0, '_a4_': 1.0, '_a5_': 1.0, '_a6_': 1.0, '_a7_': 1.0}};{'d0': 0.024905832919416677};-280.569866449043;44.382591481228694
46381;-95.9023417432929;(((pow2((_a1_ * (((_a0_ + x) * _a3_) / _a0_))) * _a3_) + _a1_) * -(x));{'d0': {'_a0_': 0.3119297078434737, '_a1_': -1.446576089698725, '_a3_': -0.5394821420210832, '_a2_': 1.0, '_a4_': 1.0, '_a5_': 1.0, '_a6_': 1.0, '_a7_': 1.0}};{'d0': 0.024905832919416677};-280.569866449043;44.382591481228694
46382;-95.9023417432929;(((pow2((_a1_ * (((_a0_ + x) * _a3_) / _a0_))) * _a3_) + _a1_) * -(x));{'d0': {'_a0_': 0.3119297078434737, '_a1_': -1.446576089698725, '_a3_': -0.5394821420210832, '_a2_': 1.0, '_a4_': 1.0, '_a5_': 1.0, '_a6_': 1.0, '_a7_': 1.0}};{'d0': 0.024905832919416677};-280.569866449043;44.382591481228694
46383;-95.9023417432929;(((pow2((_a1_ * (((_a0_ + x) * _a3_) / _a0_))) * _a3_) + _a1_) * -(x));{'d0': {'_a0_': 0.3119297078434737, '_a1_': -1.446576089698725, '_a3_': -0.5394821420210832, '_a2_': 1.0, '_a4_': 1.0, '_a5_': 1.0, '_a6_': 1.0, '_a7_': 1.0}};{'d0': 0.024905832919416677};-280.569866449043;44.382591481228694
46384;-95.9023417432929;(((pow2((_a1_ * (((_a0_ + x) * _a3_) / _a0_))) * _a3_) + _a1_) * -(x));{'d0': {'_a0_': 0.3119297078434737, '_a1_': -1.446576089698725, '_a3_': -0.5394821420210832, '_a2_': 1.0, '_a4_': 1.0, '_a5_': 1.0, '_a6_': 1.0, '_a7_': 1.0}};{'d0': 0.024905832919416677};-280.569866449043;44.382591481228694
46385;-95.9023417432929;(((pow2((_a1_ * (((_a0_ + x) * _a3_) / _a0_))) * _a3_) + _a1_) * -(x));{'d0': {'_a0_': 0.3119297078434737, '_a1_': -1.446576089698725, '_a3_': -0.5394821420210832, '_a2_': 1.0, '_a4_': 1.0, '_a5_': 1.0, '_a6_': 1.0, '_a7_': 1.0}};{'d0': 0.024905832919416677};-280.569866449043;44.382591481228694
46386;-95.9023417432929;(((pow2((_a1_ * (((_a0_ + x) * _a3_) / _a0_))) * _a3_) + _a1_) * -(x));{'d0': {'_a0_': 0.3119297078434737, '_a1_': -1.446576089698725, '_a3_': -0.5394821420210832, '_a2_': 1.0, '_a4_': 1.0, '_a5_': 1.0, '_a6_': 1.0, '_a7_': 1.0}};{'d0': 0.024905832919416677};-280.569866449043;44.382591481228694
46387;-95.9023417432929;(((pow2((_a1_ * (((_a0_ + x) * _a3_) / _a0_))) * _a3_) + _a1_) * -(x));{'d0': {'_a0_': 0.3119297078434737, '_a1_': -1.446576089698725, '_a3_': -0.5394821420210832, '_a2_': 1.0, '_a4_': 1.0, '_a5_': 1.0, '_a6_': 1.0, '_a7_': 1.0}};{'d0': 0.024905832919416677};-280.569866449043;44.382591481228694
46388;-95.9023417432929;(((pow2((_a1_ * (((_a0_ + x) * _a3_) / _a0_))) * _a3_) + _a1_) * -(x));{'d0': {'_a0_': 0.3119297078434737, '_a1_': -1.446576089698725, '_a3_': -0.5394821420210832, '_a2_': 1.0, '_a4_': 1.0, '_a5_': 1.0, '_a6_': 1.0, '_a7_': 1.0}};{'d0': 0.024905832919416677};-280.569866449043;44.382591481228694
46389;-95.9023417432929;(((pow2((_a1_ * (((_a0_ + x) * _a3_) / _a0_))) * _a3_) + _a1_) * -(x));{'d0': {'_a0_': 0.3119297078434737, '_a1_': -1.446576089698725, '_a3_': -0.5394821420210832, '_a2_': 1.0, '_a4_': 1.0, '_a5_': 1.0, '_a6_': 1.0, '_a7_': 1.0}};{'d0': 0.024905832919416677};-280.569866449043;44.382591481228694
46390;-95.9023417432929;(((pow2((_a1_ * (((_a0_ + x) * _a3_) / _a0_))) * _a3_) + _a1_) * -(x));{'d0': {'_a0_': 0.3119297078434737, '_a1_': -1.446576089698725, '_a3_': -0.5394821420210832, '_a2_': 1.0, '_a4_': 1.0, '_a5_': 1.0, '_a6_': 1.0, '_a7_': 1.0}};{'d0': 0.024905832919416677};-280.569866449043;44.382591481228694
46391;-95.9023417432929;(((pow2((_a1_ * (((_a0_ + x) * _a3_) / _a0_))) * _a3_) + _a1_) * -(x));{'d0': {'_a0_': 0.3119297078434737, '_a1_': -1.446576089698725, '_a3_': -0.5394821420210832, '_a2_': 1.0, '_a4_': 1.0, '_a5_': 1.0, '_a6_': 1.0, '_a7_': 1.0}};{'d0': 0.024905832919416677};-280.569866449043;44.382591481228694
46392;-95.9023417432929;(((pow2((_a1_ * (((_a0_ + x) * _a3_) / _a0_))) * _a3_) + _a1_) * -(x));{'d0': {'_a0_': 0.3119297078434737, '_a1_': -1.446576089698725, '_a3_': -0.5394821420210832, '_a2_': 1.0, '_a4_': 1.0, '_a5_': 1.0, '_a6_': 1.0, '_a7_': 1.0}};{'d0': 0.024905832919416677};-280.569866449043;44.382591481228694
46393;-95.9023417432929;(((pow2((_a1_ * (((_a0_ + x) * _a3_) / _a0_))) * _a3_) + _a1_) * -(x));{'d0': {'_a0_': 0.3119297078434737, '_a1_': -1.446576089698725, '_a3_': -0.5394821420210832, '_a2_': 1.0, '_a4_': 1.0, '_a5_': 1.0, '_a6_': 1.0, '_a7_': 1.0}};{'d0': 0.024905832919416677};-280.569866449043;44.382591481228694
46394;-95.9023417432929;(((pow2((_a1_ * (((_a0_ + x) * _a3_) / _a0_))) * _a3_) + _a1_) * -(x));{'d0': {'_a0_': 0.3119297078434737, '_a1_': -1.446576089698725, '_a3_': -0.5394821420210832, '_a2_': 1.0, '_a4_': 1.0, '_a5_': 1.0, '_a6_': 1.0, '_a7_': 1.0}};{'d0': 0.024905832919416677};-280.569866449043;44.382591481228694
46395;-95.9023417432929;(((pow2((_a1_ * (((_a0_ + x) * _a3_) / _a0_))) * _a3_) + _a1_) * -(x));{'d0': {'_a0_': 0.3119297078434737, '_a1_': -1.446576089698725, '_a3_': -0.5394821420210832, '_a2_': 1.0, '_a4_': 1.0, '_a5_': 1.0, '_a6_': 1.0, '_a7_': 1.0}};{'d0': 0.024905832919416677};-280.569866449043;44.382591481228694
46396;-95.9023417432929;(((pow2((_a1_ * (((_a0_ + x) * _a3_) / _a0_))) * _a3_) + _a1_) * -(x));{'d0': {'_a0_': 0.3119297078434737, '_a1_': -1.446576089698725, '_a3_': -0.5394821420210832, '_a2_': 1.0, '_a4_': 1.0, '_a5_': 1.0, '_a6_': 1.0, '_a7_': 1.0}};{'d0': 0.024905832919416677};-280.569866449043;44.382591481228694
46397;-95.9023417432929;(((pow2((_a1_ * (((_a0_ + x) * _a3_) / _a0_))) * _a3_) + _a1_) * -(x));{'d0': {'_a0_': 0.3119297078434737, '_a1_': -1.446576089698725, '_a3_': -0.5394821420210832, '_a2_': 1.0, '_a4_': 1.0, '_a5_': 1.0, '_a6_': 1.0, '_a7_': 1.0}};{'d0': 0.024905832919416677};-280.569866449043;44.382591481228694
46398;-95.9023417432929;(((pow2((_a1_ * (((_a0_ + x) * _a3_) / _a0_))) * _a3_) + _a1_) * -(x));{'d0': {'_a0_': 0.3119297078434737, '_a1_': -1.446576089698725, '_a3_': -0.5394821420210832, '_a2_': 1.0, '_a4_': 1.0, '_a5_': 1.0, '_a6_': 1.0, '_a7_': 1.0}};{'d0': 0.024905832919416677};-280.569866449043;44.382591481228694
46399;-95.9023417432929;(((pow2((_a1_ * (((_a0_ + x) * _a3_) / _a0_))) * _a3_) + _a1_) * -(x));{'d0': {'_a0_': 0.3119297078434737, '_a1_': -1.446576089698725, '_a3_': -0.5394821420210832, '_a2_': 1.0, '_a4_': 1.0, '_a5_': 1.0, '_a6_': 1.0, '_a7_': 1.0}};{'d0': 0.024905832919416677};-280.569866449043;44.382591481228694
46400;-95.9023417432929;(((pow2((_a1_ * (((_a0_ + x) * _a3_) / _a0_))) * _a3_) + _a1_) * -(x));{'d0': {'_a0_': 0.3119297078434737, '_a1_': -1.446576089698725, '_a3_': -0.5394821420210832, '_a2_': 1.0, '_a4_': 1.0, '_a5_': 1.0, '_a6_': 1.0, '_a7_': 1.0}};{'d0': 0.024905832919416677};-280.569866449043;44.382591481228694
46401;-95.9023417432929;(((pow2((_a1_ * (((_a0_ + x) * _a3_) / _a0_))) * _a3_) + _a1_) * -(x));{'d0': {'_a0_': 0.3119297078434737, '_a1_': -1.446576089698725, '_a3_': -0.5394821420210832, '_a2_': 1.0, '_a4_': 1.0, '_a5_': 1.0, '_a6_': 1.0, '_a7_': 1.0}};{'d0': 0.024905832919416677};-280.569866449043;44.382591481228694
46402;-95.9023417432929;(((pow2((_a1_ * (((_a0_ + x) * _a3_) / _a0_))) * _a3_) + _a1_) * -(x));{'d0': {'_a0_': 0.3119297078434737, '_a1_': -1.446576089698725, '_a3_': -0.5394821420210832, '_a2_': 1.0, '_a4_': 1.0, '_a5_': 1.0, '_a6_': 1.0, '_a7_': 1.0}};{'d0': 0.024905832919416677};-280.569866449043;44.382591481228694
46403;-95.9023417432929;(((pow2((_a1_ * (((_a0_ + x) * _a3_) / _a0_))) * _a3_) + _a1_) * -(x));{'d0': {'_a0_': 0.3119297078434737, '_a1_': -1.446576089698725, '_a3_': -0.5394821420210832, '_a2_': 1.0, '_a4_': 1.0, '_a5_': 1.0, '_a6_': 1.0, '_a7_': 1.0}};{'d0': 0.024905832919416677};-280.569866449043;44.382591481228694
46404;-96.6809362979163;(((pow2((_a1_ * (((_a0_ + x) * _a3_) * _a0_))) * _a3_) + _a1_) * -(x));{'d0': {'_a0_': 0.31192970774135537, '_a1_': -1.4465760892265682, '_a3_': -2.550163871924285, '_a2_': 1.0, '_a4_': 1.0, '_a5_': 1.0, '_a6_': 1.0, '_a7_': 1.0}};{'d0': 0.024905832919416674};-280.569866449043;43.6039969266053
46405;-96.6809362979163;(((pow2((_a1_ * (((_a0_ + x) * _a3_) * _a0_))) * _a3_) + _a1_) * -(x));{'d0': {'_a0_': 0.31192970774135537, '_a1_': -1.4465760892265682, '_a3_': -2.550163871924285, '_a2_': 1.0, '_a4_': 1.0, '_a5_': 1.0, '_a6_': 1.0, '_a7_': 1.0}};{'d0': 0.024905832919416674};-280.569866449043;43.6039969266053
46406;-96.6809362979163;(((pow2((_a1_ * (((_a0_ + x) * _a3_) * _a0_))) * _a3_) + _a1_) * -(x));{'d0': {'_a0_': 0.31192970774135537, '_a1_': -1.4465760892265682, '_a3_': -2.550163871924285, '_a2_': 1.0, '_a4_': 1.0, '_a5_': 1.0, '_a6_': 1.0, '_a7_': 1.0}};{'d0': 0.024905832919416674};-280.569866449043;43.6039969266053
46407;-88.7131629654584;(((pow2((_a1_ * ((((_a4_ + x) + x) * _a3_) * _a0_))) * _a3_) + _a1_) * -(x));{'d0': {'_a0_': 0.7306037799549092, '_a1_': -1.4465760894202928, '_a3_': -0.9108871833878737, '_a4_': 0.6238594157891423, '_a2_': 1.0, '_a5_': 1.0, '_a6_': 1.0, '_a7_': 1.0}};{'d0': 0.024905832921340146};-276.475521882188;49.524597975635295
46408;-88.7131629654584;(((pow2((_a1_ * ((((_a4_ + x) + x) * _a3_) * _a0_))) * _a3_) + _a1_) * -(x));{'d0': {'_a0_': 0.7306037799549092, '_a1_': -1.4465760894202928, '_a3_': -0.9108871833878737, '_a4_': 0.6238594157891423, '_a2_': 1.0, '_a5_': 1.0, '_a6_': 1.0, '_a7_': 1.0}};{'d0': 0.024905832921340146};-276.475521882188;49.524597975635295
46409;-88.7131629654584;(((pow2((_a1_ * ((((_a4_ + x) + x) * _a3_) * _a0_))) * _a3_) + _a1_) * -(x));{'d0': {'_a0_': 0.7306037799549092, '_a1_': -1.4465760894202928, '_a3_': -0.9108871833878737, '_a4_': 0.6238594157891423, '_a2_': 1.0, '_a5_': 1.0, '_a6_': 1.0, '_a7_': 1.0}};{'d0': 0.024905832921340146};-276.475521882188;49.524597975635295
46410;-88.7131629654584;(((pow2((_a1_ * ((((_a4_ + x) + x) * _a3_) * _a0_))) * _a3_) + _a1_) * -(x));{'d0': {'_a0_': 0.7306037799549092, '_a1_': -1.4465760894202928, '_a3_': -0.9108871833878737, '_a4_': 0.6238594157891423, '_a2_': 1.0, '_a5_': 1.0, '_a6_': 1.0, '_a7_': 1.0}};{'d0': 0.024905832921340146};-276.475521882188;49.524597975635295
46411;-83.6191084696160;(((pow2((_a1_ * (((((_a6_ * _a1_) + x) + x) * _a3_) * _a0_))) * _a3_) + _a1_) * -(x));{'d0': {'_a0_': 0.856354219021922, '_a1_': -1.4465760893140402, '_a3_': -0.8193767091741609, '_a6_': -0.43126622946131454, '_a2_': 1.0, '_a4_': 1.0, '_a5_': 1.0, '_a7_': 1.0}};{'d0': 0.024905832919465097};-276.475521886705;54.6186524737363
46412;-83.6191084696160;(((pow2((_a1_ * (((((_a6_ * _a1_) + x) + x) * _a3_) * _a0_))) * _a3_) + _a1_) * -(x));{'d0': {'_a0_': 0.856354219021922, '_a1_': -1.4465760893140402, '_a3_': -0.8193767091741609, '_a6_': -0.43126622946131454, '_a2_': 1.0, '_a4_': 1.0, '_a5_': 1.0, '_a7_': 1.0}};{'d0': 0.024905832919465097};-276.475521886705;54.6186524737363
46413;-83.6191084696160;(((pow2((_a1_ * (((((_a6_ * _a1_) + x) + x) * _a3_) * _a0_))) * _a3_) + _a1_) * -(x));{'d0': {'_a0_': 0.856354219021922, '_a1_': -1.4465760893140402, '_a3_': -0.8193767091741609, '_a6_': -0.43126622946131454, '_a2_': 1.0, '_a4_': 1.0, '_a5_': 1.0, '_a7_': 1.0}};{'d0': 0.024905832919465097};-276.475521886705;54.6186524737363
46414;-83.6191084696160;(((pow2((_a1_ * (((((_a6_ * _a1_) + x) + x) * _a3_) * _a0_))) * _a3_) + _a1_) * -(x));{'d0': {'_a0_': 0.856354219021922, '_a1_': -1.4465760893140402, '_a3_': -0.8193767091741609, '_a6_': -0.43126622946131454, '_a2_': 1.0, '_a4_': 1.0, '_a5_': 1.0, '_a7_': 1.0}};{'d0': 0.024905832919465097};-276.475521886705;54.6186524737363
46415;-83.6191084696160;(((pow2((_a1_ * (((((_a6_ * _a1_) + x) + x) * _a3_) * _a0_))) * _a3_) + _a1_) * -(x));{'d0': {'_a0_': 0.856354219021922, '_a1_': -1.4465760893140402, '_a3_': -0.8193767091741609, '_a6_': -0.43126622946131454, '_a2_': 1.0, '_a4_': 1.0, '_a5_': 1.0, '_a7_': 1.0}};{'d0': 0.024905832919465097};-276.475521886705;54.6186524737363
46416;-83.6191084686159;(((pow2((_a1_ * (((((_a6_ * _a1_) + x) + x) * _a3_) * _a0_))) * _a0_) + _a1_) * -(x));{'d0': {'_a0_': -0.5737508501428003, '_a1_': -1.446576089241895, '_a3_': -1.4614831507964658, '_a6_': -0.4312662293642837, '_a2_': 1.0, '_a4_': 1.0, '_a5_': 1.0, '_a7_': 1.0}};{'d0': 0.024905832920295346};-276.475521884705;54.6186524737363
46417;-83.6191084686159;(((pow2((_a1_ * (((((_a6_ * _a1_) + x) + x) * _a3_) * _a0_))) * _a0_) + _a1_) * -(x));{'d0': {'_a0_': -0.5737508501428003, '_a1_': -1.446576089241895, '_a3_': -1.4614831507964658, '_a6_': -0.4312662293642837, '_a2_': 1.0, '_a4_': 1.0, '_a5_': 1.0, '_a7_': 1.0}};{'d0': 0.024905832920295346};-276.475521884705;54.6186524737363
46418;-83.6191084686159;(((pow2((_a1_ * (((((_a6_ * _a1_) + x) + x) * _a3_) * _a0_))) * _a0_) + _a1_) * -(x));{'d0': {'_a0_': -0.5737508501428003, '_a1_': -1.446576089241895, '_a3_': -1.4614831507964658, '_a6_': -0.4312662293642837, '_a2_': 1.0, '_a4_': 1.0, '_a5_': 1.0, '_a7_': 1.0}};{'d0': 0.024905832920295346};-276.475521884705;54.6186524737363
46419;-83.6191084686159;(((pow2((_a1_ * (((((_a6_ * _a1_) + x) + x) * _a3_) * _a0_))) * _a0_) + _a1_) * -(x));{'d0': {'_a0_': -0.5737508501428003, '_a1_': -1.446576089241895, '_a3_': -1.4614831507964658, '_a6_': -0.4312662293642837, '_a2_': 1.0, '_a4_': 1.0, '_a5_': 1.0, '_a7_': 1.0}};{'d0': 0.024905832920295346};-276.475521884705;54.6186524737363
46420;-78.4526966836834;(((pow2((_a1_ * ((((((_a5_ * _a1_) * _a1_) + x) + x) * _a3_) * _a0_))) * _a0_) + _a1_) * -(x));{'d0': {'_a0_': -0.6650979688436637, '_a1_': -1.4465760902321454, '_a3_': -1.170982439552994, '_a5_': 0.2981289626531801, '_a2_': 1.0, '_a4_': 1.0, '_a6_': 1.0, '_a7_': 1.0}};{'d0': 0.024905832920718306};-276.475521883686;59.785064258159295
46421;-78.4526966836834;(((pow2((_a1_ * ((((((_a5_ * _a1_) * _a1_) + x) + x) * _a3_) * _a0_))) * _a0_) + _a1_) * -(x));{'d0': {'_a0_': -0.6650979688436637, '_a1_': -1.4465760902321454, '_a3_': -1.170982439552994, '_a5_': 0.2981289626531801, '_a2_': 1.0, '_a4_': 1.0, '_a6_': 1.0, '_a7_': 1.0}};{'d0': 0.024905832920718306};-276.475521883686;59.785064258159295
46422;-78.4526966836834;(((pow2((_a1_ * ((((((_a5_ * _a1_) * _a1_) + x) + x) * _a3_) * _a0_))) * _a0_) + _a1_) * -(x));{'d0': {'_a0_': -0.6650979688436637, '_a1_': -1.4465760902321454, '_a3_': -1.170982439552994, '_a5_': 0.2981289626531801, '_a2_': 1.0, '_a4_': 1.0, '_a6_': 1.0, '_a7_': 1.0}};{'d0': 0.024905832920718306};-276.475521883686;59.785064258159295
46423;-78.4526966836834;(((pow2((_a1_ * ((((((_a5_ * _a1_) * _a1_) + x) + x) * _a3_) * _a0_))) * _a0_) + _a1_) * -(x));{'d0': {'_a0_': -0.6650979688436637, '_a1_': -1.4465760902321454, '_a3_': -1.170982439552994, '_a5_': 0.2981289626531801, '_a2_': 1.0, '_a4_': 1.0, '_a6_': 1.0, '_a7_': 1.0}};{'d0': 0.024905832920718306};-276.475521883686;59.785064258159295
46424;-78.4526966836834;(((pow2((_a1_ * ((((((_a5_ * _a1_) * _a1_) + x) + x) * _a3_) * _a0_))) * _a0_) + _a1_) * -(x));{'d0': {'_a0_': -0.6650979688436637, '_a1_': -1.4465760902321454, '_a3_': -1.170982439552994, '_a5_': 0.2981289626531801, '_a2_': 1.0, '_a4_': 1.0, '_a6_': 1.0, '_a7_': 1.0}};{'d0': 0.024905832920718306};-276.475521883686;59.785064258159295
46425;-78.4526966836834;(((pow2((_a1_ * ((((((_a5_ * _a1_) * _a1_) + x) + x) * _a3_) * _a0_))) * _a0_) + _a1_) * -(x));{'d0': {'_a0_': -0.6650979688436637, '_a1_': -1.4465760902321454, '_a3_': -1.170982439552994, '_a5_': 0.2981289626531801, '_a2_': 1.0, '_a4_': 1.0, '_a6_': 1.0, '_a7_': 1.0}};{'d0': 0.024905832920718306};-276.475521883686;59.785064258159295
46426;-78.4526966836834;(((pow2((_a1_ * ((((((_a5_ * _a1_) * _a1_) + x) + x) * _a3_) * _a0_))) * _a0_) + _a1_) * -(x));{'d0': {'_a0_': -0.6650979688436637, '_a1_': -1.4465760902321454, '_a3_': -1.170982439552994, '_a5_': 0.2981289626531801, '_a2_': 1.0, '_a4_': 1.0, '_a6_': 1.0, '_a7_': 1.0}};{'d0': 0.024905832920718306};-276.475521883686;59.785064258159295
46427;-78.4526966836834;(((pow2((_a1_ * ((((((_a5_ * _a1_) * _a1_) + x) + x) * _a3_) * _a0_))) * _a0_) + _a1_) * -(x));{'d0': {'_a0_': -0.6650979688436637, '_a1_': -1.4465760902321454, '_a3_': -1.170982439552994, '_a5_': 0.2981289626531801, '_a2_': 1.0, '_a4_': 1.0, '_a6_': 1.0, '_a7_': 1.0}};{'d0': 0.024905832920718306};-276.475521883686;59.785064258159295
46428;-78.4526966836834;(((pow2((_a1_ * ((((((_a5_ * _a1_) * _a1_) + x) + x) * _a3_) * _a0_))) * _a0_) + _a1_) * -(x));{'d0': {'_a0_': -0.6650979688436637, '_a1_': -1.4465760902321454, '_a3_': -1.170982439552994, '_a5_': 0.2981289626531801, '_a2_': 1.0, '_a4_': 1.0, '_a6_': 1.0, '_a7_': 1.0}};{'d0': 0.024905832920718306};-276.475521883686;59.785064258159295
46429;-78.4526966836834;(((pow2((_a1_ * ((((((_a5_ * _a1_) * _a1_) + x) + x) * _a3_) * _a0_))) * _a0_) + _a1_) * -(x));{'d0': {'_a0_': -0.6650979688436637, '_a1_': -1.4465760902321454, '_a3_': -1.170982439552994, '_a5_': 0.2981289626531801, '_a2_': 1.0, '_a4_': 1.0, '_a6_': 1.0, '_a7_': 1.0}};{'d0': 0.024905832920718306};-276.475521883686;59.785064258159295
46430;-78.4526966836834;(((pow2((_a1_ * ((((((_a5_ * _a1_) * _a1_) + x) + x) * _a3_) * _a0_))) * _a0_) + _a1_) * -(x));{'d0': {'_a0_': -0.6650979688436637, '_a1_': -1.4465760902321454, '_a3_': -1.170982439552994, '_a5_': 0.2981289626531801, '_a2_': 1.0, '_a4_': 1.0, '_a6_': 1.0, '_a7_': 1.0}};{'d0': 0.024905832920718306};-276.475521883686;59.785064258159295
46431;-78.4526966836834;(((pow2((_a1_ * ((((((_a5_ * _a1_) * _a1_) + x) + x) * _a3_) * _a0_))) * _a0_) + _a1_) * -(x));{'d0': {'_a0_': -0.6650979688436637, '_a1_': -1.4465760902321454, '_a3_': -1.170982439552994, '_a5_': 0.2981289626531801, '_a2_': 1.0, '_a4_': 1.0, '_a6_': 1.0, '_a7_': 1.0}};{'d0': 0.024905832920718306};-276.475521883686;59.785064258159295
46432;-78.4526966836834;(((pow2((_a1_ * ((((((_a5_ * _a1_) * _a1_) + x) + x) * _a3_) * _a0_))) * _a0_) + _a1_) * -(x));{'d0': {'_a0_': -0.6650979688436637, '_a1_': -1.4465760902321454, '_a3_': -1.170982439552994, '_a5_': 0.2981289626531801, '_a2_': 1.0, '_a4_': 1.0, '_a6_': 1.0, '_a7_': 1.0}};{'d0': 0.024905832920718306};-276.475521883686;59.785064258159295
46433;-78.4526966836834;(((pow2((_a1_ * ((((((_a5_ * _a1_) * _a1_) + x) + x) * _a3_) * _a0_))) * _a0_) + _a1_) * -(x));{'d0': {'_a0_': -0.6650979688436637, '_a1_': -1.4465760902321454, '_a3_': -1.170982439552994, '_a5_': 0.2981289626531801, '_a2_': 1.0, '_a4_': 1.0, '_a6_': 1.0, '_a7_': 1.0}};{'d0': 0.024905832920718306};-276.475521883686;59.785064258159295
46434;-78.4526966836834;(((pow2((_a1_ * ((((((_a5_ * _a1_) * _a1_) + x) + x) * _a3_) * _a0_))) * _a0_) + _a1_) * -(x));{'d0': {'_a0_': -0.6650979688436637, '_a1_': -1.4465760902321454, '_a3_': -1.170982439552994, '_a5_': 0.2981289626531801, '_a2_': 1.0, '_a4_': 1.0, '_a6_': 1.0, '_a7_': 1.0}};{'d0': 0.024905832920718306};-276.475521883686;59.785064258159295
46435;-78.4526966836834;(((pow2((_a1_ * ((((((_a5_ * _a1_) * _a1_) + x) + x) * _a3_) * _a0_))) * _a0_) + _a1_) * -(x));{'d0': {'_a0_': -0.6650979688436637, '_a1_': -1.4465760902321454, '_a3_': -1.170982439552994, '_a5_': 0.2981289626531801, '_a2_': 1.0, '_a4_': 1.0, '_a6_': 1.0, '_a7_': 1.0}};{'d0': 0.024905832920718306};-276.475521883686;59.785064258159295
46436;-78.4526966836834;(((pow2((_a1_ * ((((((_a5_ * _a1_) * _a1_) + x) + x) * _a3_) * _a0_))) * _a0_) + _a1_) * -(x));{'d0': {'_a0_': -0.6650979688436637, '_a1_': -1.4465760902321454, '_a3_': -1.170982439552994, '_a5_': 0.2981289626531801, '_a2_': 1.0, '_a4_': 1.0, '_a6_': 1.0, '_a7_': 1.0}};{'d0': 0.024905832920718306};-276.475521883686;59.785064258159295
46437;-77.6985074194753;(((pow2((_a1_ * ((((((_a5_ * _a1_) + _a1_) + x) + x) * _a3_) * _a0_))) * _a0_) + _a1_) * -(x));{'d0': {'_a0_': -0.6137885053773905, '_a1_': -1.4465760893095654, '_a3_': -1.3208414729858382, '_a5_': -1.4312662294208356, '_a2_': 1.0, '_a4_': 1.0, '_a6_': 1.0, '_a7_': 1.0}};{'d0': 0.024905832920387134};-276.475521884483;60.539253522766295
46438;-77.6985074194753;(((pow2((_a1_ * ((((((_a5_ * _a1_) + _a1_) + x) + x) * _a3_) * _a0_))) * _a0_) + _a1_) * -(x));{'d0': {'_a0_': -0.6137885053773905, '_a1_': -1.4465760893095654, '_a3_': -1.3208414729858382, '_a5_': -1.4312662294208356, '_a2_': 1.0, '_a4_': 1.0, '_a6_': 1.0, '_a7_': 1.0}};{'d0': 0.024905832920387134};-276.475521884483;60.539253522766295
46439;-77.6985074194753;(((pow2((_a1_ * ((((((_a5_ * _a1_) + _a1_) + x) + x) * _a3_) * _a0_))) * _a0_) + _a1_) * -(x));{'d0': {'_a0_': -0.6137885053773905, '_a1_': -1.4465760893095654, '_a3_': -1.3208414729858382, '_a5_': -1.4312662294208356, '_a2_': 1.0, '_a4_': 1.0, '_a6_': 1.0, '_a7_': 1.0}};{'d0': 0.024905832920387134};-276.475521884483;60.539253522766295
46440;-77.6985074140192;(((pow2((_a1_ * ((((((_a5_ * _a1_) + _a1_) + x) + x) * _a3_) * _a5_))) * _a0_) + _a1_) * -(x));{'d0': {'_a0_': -0.684913958448061, '_a1_': -1.446576089326343, '_a3_': -0.5362166782437634, '_a5_': -1.4312662294163532, '_a2_': 1.0, '_a4_': 1.0, '_a6_': 1.0, '_a7_': 1.0}};{'d0': 0.02490583292491673};-276.475521873571;60.539253522766295
46441;-77.6985074140192;(((pow2((_a1_ * ((((((_a5_ * _a1_) + _a1_) + x) + x) * _a3_) * _a5_))) * _a0_) + _a1_) * -(x));{'d0': {'_a0_': -0.684913958448061, '_a1_': -1.446576089326343, '_a3_': -0.5362166782437634, '_a5_': -1.4312662294163532, '_a2_': 1.0, '_a4_': 1.0, '_a6_': 1.0, '_a7_': 1.0}};{'d0': 0.02490583292491673};-276.475521873571;60.539253522766295
46442;-81.3592991101495;((_a5_ + (((x * (-(-(pow2(_a6_))) + x)) + _a7_) * (_a7_ * x))) * (_a7_ * pow2(_a1_)));{'d0': {'_a1_': 3.505472550029569, '_a5_': -0.0001588590817408247, '_a6_': 0.7902854983259673, '_a7_': 0.5246546161622029, '_a0_': 1.0, '_a2_': 1.0, '_a3_': 1.0, '_a4_': 1.0}};{'d0': 0.024885482501867014};-276.524567593312;56.902984686506535
46443;-81.3592991101495;((_a5_ + (((x * (-(-(pow2(_a6_))) + x)) + _a7_) * (_a7_ * x))) * (_a7_ * pow2(_a1_)));{'d0': {'_a1_': 3.505472550029569, '_a5_': -0.0001588590817408247, '_a6_': 0.7902854983259673, '_a7_': 0.5246546161622029, '_a0_': 1.0, '_a2_': 1.0, '_a3_': 1.0, '_a4_': 1.0}};{'d0': 0.024885482501867014};-276.524567593312;56.902984686506535
46444;-81.3592991101495;((_a5_ + (((x * (-(-(pow2(_a6_))) + x)) + _a7_) * (_a7_ * x))) * (_a7_ * pow2(_a1_)));{'d0': {'_a1_': 3.505472550029569, '_a5_': -0.0001588590817408247, '_a6_': 0.7902854983259673, '_a7_': 0.5246546161622029, '_a0_': 1.0, '_a2_': 1.0, '_a3_': 1.0, '_a4_': 1.0}};{'d0': 0.024885482501867014};-276.524567593312;56.902984686506535
46445;-81.3592991101495;((_a5_ + (((x * (-(-(pow2(_a6_))) + x)) + _a7_) * (_a7_ * x))) * (_a7_ * pow2(_a1_)));{'d0': {'_a1_': 3.505472550029569, '_a5_': -0.0001588590817408247, '_a6_': 0.7902854983259673, '_a7_': 0.5246546161622029, '_a0_': 1.0, '_a2_': 1.0, '_a3_': 1.0, '_a4_': 1.0}};{'d0': 0.024885482501867014};-276.524567593312;56.902984686506535
46446;-81.3592991101495;((_a5_ + (((x * (-(-(pow2(_a6_))) + x)) + _a7_) * (_a7_ * x))) * (_a7_ * pow2(_a1_)));{'d0': {'_a1_': 3.505472550029569, '_a5_': -0.0001588590817408247, '_a6_': 0.7902854983259673, '_a7_': 0.5246546161622029, '_a0_': 1.0, '_a2_': 1.0, '_a3_': 1.0, '_a4_': 1.0}};{'d0': 0.024885482501867014};-276.524567593312;56.902984686506535
46447;-81.3592991101495;((_a5_ + (((x * (-(-(pow2(_a6_))) + x)) + _a7_) * (_a7_ * x))) * (_a7_ * pow2(_a1_)));{'d0': {'_a1_': 3.505472550029569, '_a5_': -0.0001588590817408247, '_a6_': 0.7902854983259673, '_a7_': 0.5246546161622029, '_a0_': 1.0, '_a2_': 1.0, '_a3_': 1.0, '_a4_': 1.0}};{'d0': 0.024885482501867014};-276.524567593312;56.902984686506535
46448;-81.3592991101495;((_a5_ + (((x * (-(-(pow2(_a6_))) + x)) + _a7_) * (_a7_ * x))) * (_a7_ * pow2(_a1_)));{'d0': {'_a1_': 3.505472550029569, '_a5_': -0.0001588590817408247, '_a6_': 0.7902854983259673, '_a7_': 0.5246546161622029, '_a0_': 1.0, '_a2_': 1.0, '_a3_': 1.0, '_a4_': 1.0}};{'d0': 0.024885482501867014};-276.524567593312;56.902984686506535
46449;-77.6985074140192;(((pow2((_a1_ * ((((((_a5_ * _a1_) + _a1_) + x) + x) * _a3_) * _a5_))) * _a0_) + _a1_) * -(x));{'d0': {'_a0_': -0.684913958448061, '_a1_': -1.446576089326343, '_a3_': -0.5362166782437634, '_a5_': -1.4312662294163532, '_a2_': 1.0, '_a4_': 1.0, '_a6_': 1.0, '_a7_': 1.0}};{'d0': 0.02490583292491673};-276.475521873571;60.539253522766295
46450;-77.6985074140192;(((pow2((_a1_ * ((((((_a5_ * _a1_) + _a1_) + x) + x) * _a3_) * _a5_))) * _a0_) + _a1_) * -(x));{'d0': {'_a0_': -0.684913958448061, '_a1_': -1.446576089326343, '_a3_': -0.5362166782437634, '_a5_': -1.4312662294163532, '_a2_': 1.0, '_a4_': 1.0, '_a6_': 1.0, '_a7_': 1.0}};{'d0': 0.02490583292491673};-276.475521873571;60.539253522766295
46451;-77.6985074140192;(((pow2((_a1_ * ((((((_a5_ * _a1_) + _a1_) + x) + x) * _a3_) * _a5_))) * _a0_) + _a1_) * -(x));{'d0': {'_a0_': -0.684913958448061, '_a1_': -1.446576089326343, '_a3_': -0.5362166782437634, '_a5_': -1.4312662294163532, '_a2_': 1.0, '_a4_': 1.0, '_a6_': 1.0, '_a7_': 1.0}};{'d0': 0.02490583292491673};-276.475521873571;60.539253522766295
46452;-72.5320956355678;(((pow2((_a1_ * ((((((_a5_ * _a1_) + _a1_) + x) + x) * (_a0_ * _a3_)) * _a5_))) * _a0_) + _a1_) * -(x));{'d0': {'_a0_': -0.7073575099777235, '_a1_': -1.4465760891577344, '_a3_': -0.7459332378872805, '_a5_': -1.4312662294340273, '_a2_': 1.0, '_a4_': 1.0, '_a6_': 1.0, '_a7_': 1.0}};{'d0': 0.024905832919959153};-276.475521885514;65.70566530718929
46453;-72.5320956355678;(((pow2((_a1_ * ((((((_a5_ * _a1_) + _a1_) + x) + x) * (_a0_ * _a3_)) * _a5_))) * _a0_) + _a1_) * -(x));{'d0': {'_a0_': -0.7073575099777235, '_a1_': -1.4465760891577344, '_a3_': -0.7459332378872805, '_a5_': -1.4312662294340273, '_a2_': 1.0, '_a4_': 1.0, '_a6_': 1.0, '_a7_': 1.0}};{'d0': 0.024905832919959153};-276.475521885514;65.70566530718929
46454;-72.5320956294915;(((pow2((_a1_ * ((((((_a5_ * _a1_) + _a1_) + x) + x) * (_a5_ * _a3_)) * _a5_))) * _a0_) + _a1_) * -(x));{'d0': {'_a0_': -1.3280823782042555, '_a1_': -1.4465760890223498, '_a3_': -0.2690452904541615, '_a5_': -1.4312662294372698, '_a2_': 1.0, '_a4_': 1.0, '_a6_': 1.0, '_a7_': 1.0}};{'d0': 0.02490583292500369};-276.475521873362;65.70566530718929
46455;-72.5320956294915;(((pow2((_a1_ * ((((((_a5_ * _a1_) + _a1_) + x) + x) * (_a5_ * _a3_)) * _a5_))) * _a0_) + _a1_) * -(x));{'d0': {'_a0_': -1.3280823782042555, '_a1_': -1.4465760890223498, '_a3_': -0.2690452904541615, '_a5_': -1.4312662294372698, '_a2_': 1.0, '_a4_': 1.0, '_a6_': 1.0, '_a7_': 1.0}};{'d0': 0.02490583292500369};-276.475521873362;65.70566530718929
46456;-72.5320956294915;(((pow2((_a1_ * ((((((_a5_ * _a1_) + _a1_) + x) + x) * (_a5_ * _a3_)) * _a5_))) * _a0_) + _a1_) * -(x));{'d0': {'_a0_': -1.3280823782042555, '_a1_': -1.4465760890223498, '_a3_': -0.2690452904541615, '_a5_': -1.4312662294372698, '_a2_': 1.0, '_a4_': 1.0, '_a6_': 1.0, '_a7_': 1.0}};{'d0': 0.02490583292500369};-276.475521873362;65.70566530718929
46457;-79.7456797017554;(((pow2((_a1_ * ((((((_a5_ * _a1_) + _a1_) + x) + x) * _a5_) * _a5_))) * _a0_) + _a1_) * -(x));{'d0': {'_a0_': -0.09613378783235259, '_a1_': -1.4465760894235766, '_a5_': -1.4312662293844156, '_a2_': 1.0, '_a3_': 1.0, '_a4_': 1.0, '_a6_': 1.0, '_a7_': 1.0}};{'d0': 0.02490583291941659};-280.569866449044;60.539253522766295
46458;-79.7456797017553;(((pow2((_a1_ * ((((((_a5_ * _a1_) + _a1_) + x) + x) * _a5_) * _a5_))) * _a4_) + _a1_) * -(x));{'d0': {'_a1_': -1.4465760894818314, '_a4_': -0.09613378782930626, '_a5_': -1.4312662293523293, '_a0_': 1.0, '_a2_': 1.0, '_a3_': 1.0, '_a6_': 1.0, '_a7_': 1.0}};{'d0': 0.024905832919416653};-280.569866449044;60.539253522766295
46459;-79.7456797017553;(((pow2((_a1_ * ((((((_a5_ * _a1_) + _a1_) + x) + x) * _a5_) * _a5_))) * _a4_) + _a1_) * -(x));{'d0': {'_a1_': -1.4465760894818314, '_a4_': -0.09613378782930626, '_a5_': -1.4312662293523293, '_a0_': 1.0, '_a2_': 1.0, '_a3_': 1.0, '_a6_': 1.0, '_a7_': 1.0}};{'d0': 0.024905832919416653};-280.569866449044;60.539253522766295
46460;-79.7456797017553;(((pow2((_a1_ * ((((((_a5_ * _a1_) + _a1_) + x) + x) * _a5_) * _a5_))) * _a4_) + _a1_) * -(x));{'d0': {'_a1_': -1.4465760894818314, '_a4_': -0.09613378782930626, '_a5_': -1.4312662293523293, '_a0_': 1.0, '_a2_': 1.0, '_a3_': 1.0, '_a6_': 1.0, '_a7_': 1.0}};{'d0': 0.024905832919416653};-280.569866449044;60.539253522766295
46461;-105.590367712908;(x * (pow2(((x * _a2_) + pow2(_a3_))) + (_a2_ + _a7_)));{'d0': {'_a2_': 1.8375964947390309, '_a3_': 0.757100348490808, '_a7_': -0.3910204050998529, '_a0_': 1.0, '_a1_': 1.0, '_a4_': 1.0, '_a5_': 1.0, '_a6_': 1.0}};{'d0': 0.0249058329194166};-280.569866449044;34.694565511613995
46462;-105.590367712908;(x * (pow2(((x * _a2_) + pow2(_a3_))) + (_a2_ + _a7_)));{'d0': {'_a2_': 1.8375964947390309, '_a3_': 0.757100348490808, '_a7_': -0.3910204050998529, '_a0_': 1.0, '_a1_': 1.0, '_a4_': 1.0, '_a5_': 1.0, '_a6_': 1.0}};{'d0': 0.0249058329194166};-280.569866449044;34.694565511613995
46463;-105.590367712908;(x * (pow2(((x * _a2_) + pow2(_a3_))) + (_a2_ + _a7_)));{'d0': {'_a2_': 1.8375964947390309, '_a3_': 0.757100348490808, '_a7_': -0.3910204050998529, '_a0_': 1.0, '_a1_': 1.0, '_a4_': 1.0, '_a5_': 1.0, '_a6_': 1.0}};{'d0': 0.0249058329194166};-280.569866449044;34.694565511613995
46464;-105.590367712908;(x * (pow2(((x * _a2_) + pow2(_a3_))) + (_a2_ + _a7_)));{'d0': {'_a2_': 1.8375964947390309, '_a3_': 0.757100348490808, '_a7_': -0.3910204050998529, '_a0_': 1.0, '_a1_': 1.0, '_a4_': 1.0, '_a5_': 1.0, '_a6_': 1.0}};{'d0': 0.0249058329194166};-280.569866449044;34.694565511613995
46465;-105.590367712908;(x * (pow2(((x * _a2_) + pow2(_a3_))) + (_a2_ + _a7_)));{'d0': {'_a2_': 1.8375964947390309, '_a3_': 0.757100348490808, '_a7_': -0.3910204050998529, '_a0_': 1.0, '_a1_': 1.0, '_a4_': 1.0, '_a5_': 1.0, '_a6_': 1.0}};{'d0': 0.0249058329194166};-280.569866449044;34.694565511613995
46466;-105.590367712908;(x * (pow2(((x * _a2_) + pow2(_a3_))) + (_a2_ + _a7_)));{'d0': {'_a2_': 1.8375964947390309, '_a3_': 0.757100348490808, '_a7_': -0.3910204050998529, '_a0_': 1.0, '_a1_': 1.0, '_a4_': 1.0, '_a5_': 1.0, '_a6_': 1.0}};{'d0': 0.0249058329194166};-280.569866449044;34.694565511613995
46467;-105.590367712908;(x * (pow2(((x * _a2_) + pow2(_a3_))) + (_a2_ + _a7_)));{'d0': {'_a2_': 1.8375964947390309, '_a3_': 0.757100348490808, '_a7_': -0.3910204050998529, '_a0_': 1.0, '_a1_': 1.0, '_a4_': 1.0, '_a5_': 1.0, '_a6_': 1.0}};{'d0': 0.0249058329194166};-280.569866449044;34.694565511613995
46468;-105.590367712908;(x * (pow2(((x * _a2_) + pow2(_a3_))) + (_a2_ + _a7_)));{'d0': {'_a2_': 1.8375964947390309, '_a3_': 0.757100348490808, '_a7_': -0.3910204050998529, '_a0_': 1.0, '_a1_': 1.0, '_a4_': 1.0, '_a5_': 1.0, '_a6_': 1.0}};{'d0': 0.0249058329194166};-280.569866449044;34.694565511613995
46469;-105.590367712908;(x * (pow2(((x * _a2_) + pow2(_a3_))) + (_a2_ + _a7_)));{'d0': {'_a2_': 1.8375964947390309, '_a3_': 0.757100348490808, '_a7_': -0.3910204050998529, '_a0_': 1.0, '_a1_': 1.0, '_a4_': 1.0, '_a5_': 1.0, '_a6_': 1.0}};{'d0': 0.0249058329194166};-280.569866449044;34.694565511613995
46470;-105.590367712908;(x * (pow2(((x * _a2_) + pow2(_a3_))) + (_a2_ + _a7_)));{'d0': {'_a2_': 1.8375964947390309, '_a3_': 0.757100348490808, '_a7_': -0.3910204050998529, '_a0_': 1.0, '_a1_': 1.0, '_a4_': 1.0, '_a5_': 1.0, '_a6_': 1.0}};{'d0': 0.0249058329194166};-280.569866449044;34.694565511613995
46471;-105.590367712908;(x * (pow2(((x * _a2_) + pow2(_a3_))) + (_a2_ + _a7_)));{'d0': {'_a2_': 1.8375964947390309, '_a3_': 0.757100348490808, '_a7_': -0.3910204050998529, '_a0_': 1.0, '_a1_': 1.0, '_a4_': 1.0, '_a5_': 1.0, '_a6_': 1.0}};{'d0': 0.0249058329194166};-280.569866449044;34.694565511613995
46472;-105.590367712908;(x * (pow2(((x * _a2_) + pow2(_a3_))) + (_a2_ + _a7_)));{'d0': {'_a2_': 1.8375964947390309, '_a3_': 0.757100348490808, '_a7_': -0.3910204050998529, '_a0_': 1.0, '_a1_': 1.0, '_a4_': 1.0, '_a5_': 1.0, '_a6_': 1.0}};{'d0': 0.0249058329194166};-280.569866449044;34.694565511613995
46473;-105.590367712908;(x * (pow2(((x * _a2_) + pow2(_a3_))) + (_a2_ + _a7_)));{'d0': {'_a2_': 1.8375964947390309, '_a3_': 0.757100348490808, '_a7_': -0.3910204050998529, '_a0_': 1.0, '_a1_': 1.0, '_a4_': 1.0, '_a5_': 1.0, '_a6_': 1.0}};{'d0': 0.0249058329194166};-280.569866449044;34.694565511613995
46474;-105.590367712908;(x * (pow2(((x * _a2_) + pow2(_a3_))) + (_a2_ + _a7_)));{'d0': {'_a2_': 1.8375964947390309, '_a3_': 0.757100348490808, '_a7_': -0.3910204050998529, '_a0_': 1.0, '_a1_': 1.0, '_a4_': 1.0, '_a5_': 1.0, '_a6_': 1.0}};{'d0': 0.0249058329194166};-280.569866449044;34.694565511613995
46475;-105.590367712908;(x * (pow2(((x * _a2_) + pow2(_a3_))) + (_a2_ + _a7_)));{'d0': {'_a2_': 1.8375964947390309, '_a3_': 0.757100348490808, '_a7_': -0.3910204050998529, '_a0_': 1.0, '_a1_': 1.0, '_a4_': 1.0, '_a5_': 1.0, '_a6_': 1.0}};{'d0': 0.0249058329194166};-280.569866449044;34.694565511613995
46476;-105.590367712908;(x * (pow2(((x * _a2_) + pow2(_a3_))) + (_a2_ + _a7_)));{'d0': {'_a2_': 1.8375964947390309, '_a3_': 0.757100348490808, '_a7_': -0.3910204050998529, '_a0_': 1.0, '_a1_': 1.0, '_a4_': 1.0, '_a5_': 1.0, '_a6_': 1.0}};{'d0': 0.0249058329194166};-280.569866449044;34.694565511613995
46477;-105.590367712908;(x * (pow2(((x * _a2_) + pow2(_a3_))) + (_a2_ + _a7_)));{'d0': {'_a2_': 1.8375964947390309, '_a3_': 0.757100348490808, '_a7_': -0.3910204050998529, '_a0_': 1.0, '_a1_': 1.0, '_a4_': 1.0, '_a5_': 1.0, '_a6_': 1.0}};{'d0': 0.0249058329194166};-280.569866449044;34.694565511613995
46478;-105.590367712908;(x * (pow2(((x * _a2_) + pow2(_a3_))) + (_a2_ + _a7_)));{'d0': {'_a2_': 1.8375964947390309, '_a3_': 0.757100348490808, '_a7_': -0.3910204050998529, '_a0_': 1.0, '_a1_': 1.0, '_a4_': 1.0, '_a5_': 1.0, '_a6_': 1.0}};{'d0': 0.0249058329194166};-280.569866449044;34.694565511613995
46479;-105.590367712908;(x * (pow2(((x * _a2_) + pow2(_a3_))) + (_a2_ + _a7_)));{'d0': {'_a2_': 1.8375964947390309, '_a3_': 0.757100348490808, '_a7_': -0.3910204050998529, '_a0_': 1.0, '_a1_': 1.0, '_a4_': 1.0, '_a5_': 1.0, '_a6_': 1.0}};{'d0': 0.0249058329194166};-280.569866449044;34.694565511613995
46480;-105.590367712908;(x * (pow2(((x * _a2_) + pow2(_a3_))) + (_a2_ + _a7_)));{'d0': {'_a2_': 1.8375964947390309, '_a3_': 0.757100348490808, '_a7_': -0.3910204050998529, '_a0_': 1.0, '_a1_': 1.0, '_a4_': 1.0, '_a5_': 1.0, '_a6_': 1.0}};{'d0': 0.0249058329194166};-280.569866449044;34.694565511613995
46481;-105.590367712908;(x * (pow2(((x * _a2_) + pow2(_a3_))) + (_a2_ + _a7_)));{'d0': {'_a2_': 1.8375964947390309, '_a3_': 0.757100348490808, '_a7_': -0.3910204050998529, '_a0_': 1.0, '_a1_': 1.0, '_a4_': 1.0, '_a5_': 1.0, '_a6_': 1.0}};{'d0': 0.0249058329194166};-280.569866449044;34.694565511613995
46482;-79.9386562303982;((_a5_ + (((x * (-(-(pow2(_a6_))) + (_a1_ * _a1_))) + _a7_) * (_a7_ * x))) * (_a1_ * x));{'d0': {'_a1_': 0.0014437851678440218, '_a5_': 1229.5009304504422, '_a6_': 7.824880871895939, '_a7_': 38.198139882984215, '_a0_': 1.0, '_a2_': 1.0, '_a3_': 1.0, '_a4_': 1.0}};{'d0': 0.024905832920259253};-276.475521884792;58.299104711997536
46483;-79.9386562303982;((_a5_ + (((x * (-(-(pow2(_a6_))) + (_a1_ * _a1_))) + _a7_) * (_a7_ * x))) * (_a1_ * x));{'d0': {'_a1_': 0.0014437851678440218, '_a5_': 1229.5009304504422, '_a6_': 7.824880871895939, '_a7_': 38.198139882984215, '_a0_': 1.0, '_a2_': 1.0, '_a3_': 1.0, '_a4_': 1.0}};{'d0': 0.024905832920259253};-276.475521884792;58.299104711997536
46484;-79.9386562303982;((_a5_ + (((x * (-(-(pow2(_a6_))) + (_a1_ * _a1_))) + _a7_) * (_a7_ * x))) * (_a1_ * x));{'d0': {'_a1_': 0.0014437851678440218, '_a5_': 1229.5009304504422, '_a6_': 7.824880871895939, '_a7_': 38.198139882984215, '_a0_': 1.0, '_a2_': 1.0, '_a3_': 1.0, '_a4_': 1.0}};{'d0': 0.024905832920259253};-276.475521884792;58.299104711997536
46485;-79.9386562303982;((_a5_ + (((x * (-(-(pow2(_a6_))) + (_a1_ * _a1_))) + _a7_) * (_a7_ * x))) * (_a1_ * x));{'d0': {'_a1_': 0.0014437851678440218, '_a5_': 1229.5009304504422, '_a6_': 7.824880871895939, '_a7_': 38.198139882984215, '_a0_': 1.0, '_a2_': 1.0, '_a3_': 1.0, '_a4_': 1.0}};{'d0': 0.024905832920259253};-276.475521884792;58.299104711997536
46486;-105.590367712908;(x * (pow2(((x * _a2_) + pow2(_a3_))) + (_a2_ + _a7_)));{'d0': {'_a2_': 1.8375964947390309, '_a3_': 0.757100348490808, '_a7_': -0.3910204050998529, '_a0_': 1.0, '_a1_': 1.0, '_a4_': 1.0, '_a5_': 1.0, '_a6_': 1.0}};{'d0': 0.0249058329194166};-280.569866449044;34.694565511613995
46487;-105.590367712908;(x * (pow2(((x * _a2_) + pow2(_a3_))) + (_a2_ + _a7_)));{'d0': {'_a2_': 1.8375964947390309, '_a3_': 0.757100348490808, '_a7_': -0.3910204050998529, '_a0_': 1.0, '_a1_': 1.0, '_a4_': 1.0, '_a5_': 1.0, '_a6_': 1.0}};{'d0': 0.0249058329194166};-280.569866449044;34.694565511613995
46488;-105.590367712908;(x * (pow2(((x * _a2_) + pow2(_a3_))) + (_a2_ + _a7_)));{'d0': {'_a2_': 1.8375964947390309, '_a3_': 0.757100348490808, '_a7_': -0.3910204050998529, '_a0_': 1.0, '_a1_': 1.0, '_a4_': 1.0, '_a5_': 1.0, '_a6_': 1.0}};{'d0': 0.0249058329194166};-280.569866449044;34.694565511613995
46489;-105.590367712908;(x * (pow2(((x * _a2_) + pow2(_a3_))) + (_a2_ + _a7_)));{'d0': {'_a2_': 1.8375964947390309, '_a3_': 0.757100348490808, '_a7_': -0.3910204050998529, '_a0_': 1.0, '_a1_': 1.0, '_a4_': 1.0, '_a5_': 1.0, '_a6_': 1.0}};{'d0': 0.0249058329194166};-280.569866449044;34.694565511613995
46490;-105.590367712908;(x * (pow2(((x * _a2_) + pow2(_a3_))) + (_a2_ + _a7_)));{'d0': {'_a2_': 1.8375964947390309, '_a3_': 0.757100348490808, '_a7_': -0.3910204050998529, '_a0_': 1.0, '_a1_': 1.0, '_a4_': 1.0, '_a5_': 1.0, '_a6_': 1.0}};{'d0': 0.0249058329194166};-280.569866449044;34.694565511613995
46491;-105.590367712908;(x * (pow2(((x * _a2_) + pow2(_a3_))) + (_a2_ + _a7_)));{'d0': {'_a2_': 1.8375964947390309, '_a3_': 0.757100348490808, '_a7_': -0.3910204050998529, '_a0_': 1.0, '_a1_': 1.0, '_a4_': 1.0, '_a5_': 1.0, '_a6_': 1.0}};{'d0': 0.0249058329194166};-280.569866449044;34.694565511613995
46492;-105.590367712908;(x * (pow2(((x * _a2_) + pow2(_a3_))) + (_a2_ + _a7_)));{'d0': {'_a2_': 1.8375964947390309, '_a3_': 0.757100348490808, '_a7_': -0.3910204050998529, '_a0_': 1.0, '_a1_': 1.0, '_a4_': 1.0, '_a5_': 1.0, '_a6_': 1.0}};{'d0': 0.0249058329194166};-280.569866449044;34.694565511613995
46493;-105.590367712908;(x * (pow2(((x * _a2_) + pow2(_a3_))) + (_a2_ + _a7_)));{'d0': {'_a2_': 1.8375964947390309, '_a3_': 0.757100348490808, '_a7_': -0.3910204050998529, '_a0_': 1.0, '_a1_': 1.0, '_a4_': 1.0, '_a5_': 1.0, '_a6_': 1.0}};{'d0': 0.0249058329194166};-280.569866449044;34.694565511613995
46494;-79.2324189619298;((_a5_ + (((x * (-(-(pow2(_a6_))) + (_a1_ / _a1_))) + _a7_) * (_a7_ * x))) * (_a1_ * x));{'d0': {'_a1_': 0.0013685867728123829, '_a5_': 1297.0571001723758, '_a6_': 7.866918589513129, '_a7_': 39.233525218875805, '_a0_': 1.0, '_a2_': 1.0, '_a3_': 1.0, '_a4_': 1.0}};{'d0': 0.024905832920397882};-276.475521884458;59.00534198029894
46495;-79.2324189619298;((_a5_ + (((x * (-(-(pow2(_a6_))) + (_a1_ / _a1_))) + _a7_) * (_a7_ * x))) * (_a1_ * x));{'d0': {'_a1_': 0.0013685867728123829, '_a5_': 1297.0571001723758, '_a6_': 7.866918589513129, '_a7_': 39.233525218875805, '_a0_': 1.0, '_a2_': 1.0, '_a3_': 1.0, '_a4_': 1.0}};{'d0': 0.024905832920397882};-276.475521884458;59.00534198029894
46496;-79.2324189619298;((_a5_ + (((x * (-(-(pow2(_a6_))) + (_a1_ / _a1_))) + _a7_) * (_a7_ * x))) * (_a1_ * x));{'d0': {'_a1_': 0.0013685867728123829, '_a5_': 1297.0571001723758, '_a6_': 7.866918589513129, '_a7_': 39.233525218875805, '_a0_': 1.0, '_a2_': 1.0, '_a3_': 1.0, '_a4_': 1.0}};{'d0': 0.024905832920397882};-276.475521884458;59.00534198029894
46497;-105.590367712908;(x * (pow2(((x * _a2_) + pow2(_a3_))) + (_a2_ + _a7_)));{'d0': {'_a2_': 1.8375964947390309, '_a3_': 0.757100348490808, '_a7_': -0.3910204050998529, '_a0_': 1.0, '_a1_': 1.0, '_a4_': 1.0, '_a5_': 1.0, '_a6_': 1.0}};{'d0': 0.0249058329194166};-280.569866449044;34.694565511613995
46498;-105.590367712908;(x * (pow2(((x * _a2_) + pow2(_a3_))) + (_a2_ + _a7_)));{'d0': {'_a2_': 1.8375964947390309, '_a3_': 0.757100348490808, '_a7_': -0.3910204050998529, '_a0_': 1.0, '_a1_': 1.0, '_a4_': 1.0, '_a5_': 1.0, '_a6_': 1.0}};{'d0': 0.0249058329194166};-280.569866449044;34.694565511613995
46499;-105.590367712908;(x * (pow2(((x * _a2_) + pow2(_a3_))) + (_a2_ + _a7_)));{'d0': {'_a2_': 1.8375964947390309, '_a3_': 0.757100348490808, '_a7_': -0.3910204050998529, '_a0_': 1.0, '_a1_': 1.0, '_a4_': 1.0, '_a5_': 1.0, '_a6_': 1.0}};{'d0': 0.0249058329194166};-280.569866449044;34.694565511613995
46500;-105.590367712908;(x * (pow2(((x * _a2_) + pow2(_a3_))) + (_a2_ + _a7_)));{'d0': {'_a2_': 1.8375964947390309, '_a3_': 0.757100348490808, '_a7_': -0.3910204050998529, '_a0_': 1.0, '_a1_': 1.0, '_a4_': 1.0, '_a5_': 1.0, '_a6_': 1.0}};{'d0': 0.0249058329194166};-280.569866449044;34.694565511613995
46501;-105.590367712908;(x * (pow2(((x * _a2_) + pow2(_a3_))) + (_a2_ + _a7_)));{'d0': {'_a2_': 1.8375964947390309, '_a3_': 0.757100348490808, '_a7_': -0.3910204050998529, '_a0_': 1.0, '_a1_': 1.0, '_a4_': 1.0, '_a5_': 1.0, '_a6_': 1.0}};{'d0': 0.0249058329194166};-280.569866449044;34.694565511613995
46502;-105.590367712908;(x * (pow2(((x * _a2_) + pow2(_a3_))) + (_a2_ + _a7_)));{'d0': {'_a2_': 1.8375964947390309, '_a3_': 0.757100348490808, '_a7_': -0.3910204050998529, '_a0_': 1.0, '_a1_': 1.0, '_a4_': 1.0, '_a5_': 1.0, '_a6_': 1.0}};{'d0': 0.0249058329194166};-280.569866449044;34.694565511613995
46503;-105.590367712908;(x * (pow2(((x * _a2_) + pow2(_a3_))) + (_a2_ + _a7_)));{'d0': {'_a2_': 1.8375964947390309, '_a3_': 0.757100348490808, '_a7_': -0.3910204050998529, '_a0_': 1.0, '_a1_': 1.0, '_a4_': 1.0, '_a5_': 1.0, '_a6_': 1.0}};{'d0': 0.0249058329194166};-280.569866449044;34.694565511613995
46504;-79.2324189619298;((_a5_ + (((x * (-(-(pow2(_a6_))) + (_a1_ / _a1_))) + _a7_) * (_a7_ * x))) * (_a1_ * x));{'d0': {'_a1_': 0.0013685867728123829, '_a5_': 1297.0571001723758, '_a6_': 7.866918589513129, '_a7_': 39.233525218875805, '_a0_': 1.0, '_a2_': 1.0, '_a3_': 1.0, '_a4_': 1.0}};{'d0': 0.024905832920397882};-276.475521884458;59.00534198029894
46505;-79.2324189619298;((_a5_ + (((x * (-(-(pow2(_a6_))) + (_a1_ / _a1_))) + _a7_) * (_a7_ * x))) * (_a1_ * x));{'d0': {'_a1_': 0.0013685867728123829, '_a5_': 1297.0571001723758, '_a6_': 7.866918589513129, '_a7_': 39.233525218875805, '_a0_': 1.0, '_a2_': 1.0, '_a3_': 1.0, '_a4_': 1.0}};{'d0': 0.024905832920397882};-276.475521884458;59.00534198029894
46506;-79.2324189619298;((_a5_ + (((x * (-(-(pow2(_a6_))) + (_a1_ / _a1_))) + _a7_) * (_a7_ * x))) * (_a1_ * x));{'d0': {'_a1_': 0.0013685867728123829, '_a5_': 1297.0571001723758, '_a6_': 7.866918589513129, '_a7_': 39.233525218875805, '_a0_': 1.0, '_a2_': 1.0, '_a3_': 1.0, '_a4_': 1.0}};{'d0': 0.024905832920397882};-276.475521884458;59.00534198029894
46507;-79.2324189619298;((_a5_ + (((x * (-(-(pow2(_a6_))) + (_a1_ / _a1_))) + _a7_) * (_a7_ * x))) * (_a1_ * x));{'d0': {'_a1_': 0.0013685867728123829, '_a5_': 1297.0571001723758, '_a6_': 7.866918589513129, '_a7_': 39.233525218875805, '_a0_': 1.0, '_a2_': 1.0, '_a3_': 1.0, '_a4_': 1.0}};{'d0': 0.024905832920397882};-276.475521884458;59.00534198029894
46508;-79.2324189619298;((_a5_ + (((x * (-(-(pow2(_a6_))) + (_a1_ / _a1_))) + _a7_) * (_a7_ * x))) * (_a1_ * x));{'d0': {'_a1_': 0.0013685867728123829, '_a5_': 1297.0571001723758, '_a6_': 7.866918589513129, '_a7_': 39.233525218875805, '_a0_': 1.0, '_a2_': 1.0, '_a3_': 1.0, '_a4_': 1.0}};{'d0': 0.024905832920397882};-276.475521884458;59.00534198029894
46509;-79.2324189619298;((_a5_ + (((x * (-(-(pow2(_a6_))) + (_a1_ / _a1_))) + _a7_) * (_a7_ * x))) * (_a1_ * x));{'d0': {'_a1_': 0.0013685867728123829, '_a5_': 1297.0571001723758, '_a6_': 7.866918589513129, '_a7_': 39.233525218875805, '_a0_': 1.0, '_a2_': 1.0, '_a3_': 1.0, '_a4_': 1.0}};{'d0': 0.024905832920397882};-276.475521884458;59.00534198029894
46510;-79.2324189619298;((_a5_ + (((x * (-(-(pow2(_a6_))) + (_a1_ / _a1_))) + _a7_) * (_a7_ * x))) * (_a1_ * x));{'d0': {'_a1_': 0.0013685867728123829, '_a5_': 1297.0571001723758, '_a6_': 7.866918589513129, '_a7_': 39.233525218875805, '_a0_': 1.0, '_a2_': 1.0, '_a3_': 1.0, '_a4_': 1.0}};{'d0': 0.024905832920397882};-276.475521884458;59.00534198029894
46511;-79.2324189619298;((_a5_ + (((x * (-(-(pow2(_a6_))) + (_a1_ / _a1_))) + _a7_) * (_a7_ * x))) * (_a1_ * x));{'d0': {'_a1_': 0.0013685867728123829, '_a5_': 1297.0571001723758, '_a6_': 7.866918589513129, '_a7_': 39.233525218875805, '_a0_': 1.0, '_a2_': 1.0, '_a3_': 1.0, '_a4_': 1.0}};{'d0': 0.024905832920397882};-276.475521884458;59.00534198029894
46512;-79.2324189619298;((_a5_ + (((x * (-(-(pow2(_a6_))) + (_a1_ / _a1_))) + _a7_) * (_a7_ * x))) * (_a1_ * x));{'d0': {'_a1_': 0.0013685867728123829, '_a5_': 1297.0571001723758, '_a6_': 7.866918589513129, '_a7_': 39.233525218875805, '_a0_': 1.0, '_a2_': 1.0, '_a3_': 1.0, '_a4_': 1.0}};{'d0': 0.024905832920397882};-276.475521884458;59.00534198029894
46513;-79.2324189619298;((_a5_ + (((x * (-(-(pow2(_a6_))) + (_a1_ / _a1_))) + _a7_) * (_a7_ * x))) * (_a1_ * x));{'d0': {'_a1_': 0.0013685867728123829, '_a5_': 1297.0571001723758, '_a6_': 7.866918589513129, '_a7_': 39.233525218875805, '_a0_': 1.0, '_a2_': 1.0, '_a3_': 1.0, '_a4_': 1.0}};{'d0': 0.024905832920397882};-276.475521884458;59.00534198029894
46514;-79.2324189619298;((_a5_ + (((x * (-(-(pow2(_a6_))) + (_a1_ / _a1_))) + _a7_) * (_a7_ * x))) * (_a1_ * x));{'d0': {'_a1_': 0.0013685867728123829, '_a5_': 1297.0571001723758, '_a6_': 7.866918589513129, '_a7_': 39.233525218875805, '_a0_': 1.0, '_a2_': 1.0, '_a3_': 1.0, '_a4_': 1.0}};{'d0': 0.024905832920397882};-276.475521884458;59.00534198029894
46515;-105.590367712908;(x * (pow2(((x * _a2_) + pow2(_a3_))) + (_a2_ + _a7_)));{'d0': {'_a2_': 1.8375964947390309, '_a3_': 0.757100348490808, '_a7_': -0.3910204050998529, '_a0_': 1.0, '_a1_': 1.0, '_a4_': 1.0, '_a5_': 1.0, '_a6_': 1.0}};{'d0': 0.0249058329194166};-280.569866449044;34.694565511613995
46516;-105.590367712908;(x * (pow2(((x * _a2_) + pow2(_a3_))) + (_a2_ + _a7_)));{'d0': {'_a2_': 1.8375964947390309, '_a3_': 0.757100348490808, '_a7_': -0.3910204050998529, '_a0_': 1.0, '_a1_': 1.0, '_a4_': 1.0, '_a5_': 1.0, '_a6_': 1.0}};{'d0': 0.0249058329194166};-280.569866449044;34.694565511613995
46517;-105.590367712908;(x * (pow2(((x * _a2_) + pow2(_a3_))) + (_a2_ + _a7_)));{'d0': {'_a2_': 1.8375964947390309, '_a3_': 0.757100348490808, '_a7_': -0.3910204050998529, '_a0_': 1.0, '_a1_': 1.0, '_a4_': 1.0, '_a5_': 1.0, '_a6_': 1.0}};{'d0': 0.0249058329194166};-280.569866449044;34.694565511613995
46518;-99.6697666638779;(x * (pow2(((x * _a2_) + pow2(_a3_))) + (_a2_ + (_a4_ + x))));{'d0': {'_a2_': 1.8375964951587556, '_a3_': 0.5487316130408258, '_a4_': -0.15312614482516293, '_a0_': 1.0, '_a1_': 1.0, '_a5_': 1.0, '_a6_': 1.0, '_a7_': 1.0}};{'d0': 0.024905832919416566};-280.569866449044;40.61516656064399
46519;-99.6697666638779;(x * (pow2(((x * _a2_) + pow2(_a3_))) + (_a2_ + (_a4_ + x))));{'d0': {'_a2_': 1.8375964951587556, '_a3_': 0.5487316130408258, '_a4_': -0.15312614482516293, '_a0_': 1.0, '_a1_': 1.0, '_a5_': 1.0, '_a6_': 1.0, '_a7_': 1.0}};{'d0': 0.024905832919416566};-280.569866449044;40.61516656064399
46520;-99.6697666638779;(x * (pow2(((x * _a2_) + pow2(_a3_))) + (_a2_ + (_a4_ + x))));{'d0': {'_a2_': 1.8375964951587556, '_a3_': 0.5487316130408258, '_a4_': -0.15312614482516293, '_a0_': 1.0, '_a1_': 1.0, '_a5_': 1.0, '_a6_': 1.0, '_a7_': 1.0}};{'d0': 0.024905832919416566};-280.569866449044;40.61516656064399
46521;-99.6697666638779;(x * (pow2(((x * _a2_) + pow2(_a3_))) + (_a2_ + (_a4_ + x))));{'d0': {'_a2_': 1.8375964951587556, '_a3_': 0.5487316130408258, '_a4_': -0.15312614482516293, '_a0_': 1.0, '_a1_': 1.0, '_a5_': 1.0, '_a6_': 1.0, '_a7_': 1.0}};{'d0': 0.024905832919416566};-280.569866449044;40.61516656064399
46522;-99.6697666638779;(x * (pow2(((x * _a2_) + pow2(_a3_))) + (_a2_ + (_a4_ + x))));{'d0': {'_a2_': 1.8375964951587556, '_a3_': 0.5487316130408258, '_a4_': -0.15312614482516293, '_a0_': 1.0, '_a1_': 1.0, '_a5_': 1.0, '_a6_': 1.0, '_a7_': 1.0}};{'d0': 0.024905832919416566};-280.569866449044;40.61516656064399
46523;-99.6697666638779;(x * (pow2(((x * _a2_) + pow2(_a3_))) + (_a2_ + (_a4_ + x))));{'d0': {'_a2_': 1.8375964951587556, '_a3_': 0.5487316130408258, '_a4_': -0.15312614482516293, '_a0_': 1.0, '_a1_': 1.0, '_a5_': 1.0, '_a6_': 1.0, '_a7_': 1.0}};{'d0': 0.024905832919416566};-280.569866449044;40.61516656064399
46524;-99.6697666638779;(x * (pow2(((x * _a2_) + pow2(_a3_))) + (_a2_ + (_a4_ + x))));{'d0': {'_a2_': 1.8375964951587556, '_a3_': 0.5487316130408258, '_a4_': -0.15312614482516293, '_a0_': 1.0, '_a1_': 1.0, '_a5_': 1.0, '_a6_': 1.0, '_a7_': 1.0}};{'d0': 0.024905832919416566};-280.569866449044;40.61516656064399
46525;-99.6697666638779;(x * (pow2(((x * _a2_) + pow2(_a3_))) + (_a2_ + (_a4_ + x))));{'d0': {'_a2_': 1.8375964951587556, '_a3_': 0.5487316130408258, '_a4_': -0.15312614482516293, '_a0_': 1.0, '_a1_': 1.0, '_a5_': 1.0, '_a6_': 1.0, '_a7_': 1.0}};{'d0': 0.024905832919416566};-280.569866449044;40.61516656064399
46526;-99.6697666638779;(x * (pow2(((x * _a2_) + pow2(_a3_))) + (_a2_ + (_a4_ + x))));{'d0': {'_a2_': 1.8375964951587556, '_a3_': 0.5487316130408258, '_a4_': -0.15312614482516293, '_a0_': 1.0, '_a1_': 1.0, '_a5_': 1.0, '_a6_': 1.0, '_a7_': 1.0}};{'d0': 0.024905832919416566};-280.569866449044;40.61516656064399
46527;-99.6697666638779;(x * (pow2(((x * _a2_) + pow2(_a3_))) + (_a2_ + (_a4_ + x))));{'d0': {'_a2_': 1.8375964951587556, '_a3_': 0.5487316130408258, '_a4_': -0.15312614482516293, '_a0_': 1.0, '_a1_': 1.0, '_a5_': 1.0, '_a6_': 1.0, '_a7_': 1.0}};{'d0': 0.024905832919416566};-280.569866449044;40.61516656064399
46528;-99.6697666638779;(x * (pow2(((x * _a2_) + pow2(_a3_))) + (_a2_ + (_a4_ + x))));{'d0': {'_a2_': 1.8375964951587556, '_a3_': 0.5487316130408258, '_a4_': -0.15312614482516293, '_a0_': 1.0, '_a1_': 1.0, '_a5_': 1.0, '_a6_': 1.0, '_a7_': 1.0}};{'d0': 0.024905832919416566};-280.569866449044;40.61516656064399
46529;-99.6697666638779;(x * (pow2(((x * _a2_) + pow2(_a3_))) + (_a2_ + (_a4_ + x))));{'d0': {'_a2_': 1.8375964951587556, '_a3_': 0.5487316130408258, '_a4_': -0.15312614482516293, '_a0_': 1.0, '_a1_': 1.0, '_a5_': 1.0, '_a6_': 1.0, '_a7_': 1.0}};{'d0': 0.024905832919416566};-280.569866449044;40.61516656064399
46530;-99.6697666638779;(x * (pow2(((x * _a2_) + pow2(_a3_))) + (_a2_ + (_a4_ + x))));{'d0': {'_a2_': 1.8375964951587556, '_a3_': 0.5487316130408258, '_a4_': -0.15312614482516293, '_a0_': 1.0, '_a1_': 1.0, '_a5_': 1.0, '_a6_': 1.0, '_a7_': 1.0}};{'d0': 0.024905832919416566};-280.569866449044;40.61516656064399
46531;-99.6697666638779;(x * (pow2(((x * _a2_) + pow2(_a3_))) + (_a2_ + (_a4_ + x))));{'d0': {'_a2_': 1.8375964951587556, '_a3_': 0.5487316130408258, '_a4_': -0.15312614482516293, '_a0_': 1.0, '_a1_': 1.0, '_a5_': 1.0, '_a6_': 1.0, '_a7_': 1.0}};{'d0': 0.024905832919416566};-280.569866449044;40.61516656064399
46532;-99.6697666638779;(x * (pow2(((x * _a2_) + pow2(_a3_))) + (_a2_ + (_a4_ + x))));{'d0': {'_a2_': 1.8375964951587556, '_a3_': 0.5487316130408258, '_a4_': -0.15312614482516293, '_a0_': 1.0, '_a1_': 1.0, '_a5_': 1.0, '_a6_': 1.0, '_a7_': 1.0}};{'d0': 0.024905832919416566};-280.569866449044;40.61516656064399
46533;-99.6697666638779;(x * (pow2(((x * _a2_) + pow2(_a3_))) + (_a2_ + (_a4_ + x))));{'d0': {'_a2_': 1.8375964951587556, '_a3_': 0.5487316130408258, '_a4_': -0.15312614482516293, '_a0_': 1.0, '_a1_': 1.0, '_a5_': 1.0, '_a6_': 1.0, '_a7_': 1.0}};{'d0': 0.024905832919416566};-280.569866449044;40.61516656064399
46534;-99.6697666638779;(x * (pow2(((x * _a2_) + pow2(_a3_))) + (_a2_ + (_a4_ + x))));{'d0': {'_a2_': 1.8375964951587556, '_a3_': 0.5487316130408258, '_a4_': -0.15312614482516293, '_a0_': 1.0, '_a1_': 1.0, '_a5_': 1.0, '_a6_': 1.0, '_a7_': 1.0}};{'d0': 0.024905832919416566};-280.569866449044;40.61516656064399
46535;-95.9898195036173;(x * (pow2(((x * _a2_) + pow2(_a3_))) + (_a2_ + (-(_a0_) + x))));{'d0': {'_a0_': 0.1531261524315158, '_a2_': 1.837596498300167, '_a3_': 0.5487316138092786, '_a1_': 1.0, '_a4_': 1.0, '_a5_': 1.0, '_a6_': 1.0, '_a7_': 1.0}};{'d0': 0.024905832919416726};-280.569866449043;44.29511372090438
46536;-95.9898195036173;(x * (pow2(((x * _a2_) + pow2(_a3_))) + (_a2_ + (-(_a0_) + x))));{'d0': {'_a0_': 0.1531261524315158, '_a2_': 1.837596498300167, '_a3_': 0.5487316138092786, '_a1_': 1.0, '_a4_': 1.0, '_a5_': 1.0, '_a6_': 1.0, '_a7_': 1.0}};{'d0': 0.024905832919416726};-280.569866449043;44.29511372090438
46537;-95.9898195036173;(x * (pow2(((x * _a2_) + pow2(_a3_))) + (_a2_ + (-(_a0_) + x))));{'d0': {'_a0_': 0.1531261524315158, '_a2_': 1.837596498300167, '_a3_': 0.5487316138092786, '_a1_': 1.0, '_a4_': 1.0, '_a5_': 1.0, '_a6_': 1.0, '_a7_': 1.0}};{'d0': 0.024905832919416726};-280.569866449043;44.29511372090438
46538;-95.9898195036173;(x * (pow2(((x * _a2_) + pow2(_a3_))) + (_a2_ + (-(_a0_) + x))));{'d0': {'_a0_': 0.1531261524315158, '_a2_': 1.837596498300167, '_a3_': 0.5487316138092786, '_a1_': 1.0, '_a4_': 1.0, '_a5_': 1.0, '_a6_': 1.0, '_a7_': 1.0}};{'d0': 0.024905832919416726};-280.569866449043;44.29511372090438
46539;-95.9898195036173;(x * (pow2(((x * _a2_) + pow2(_a3_))) + (_a2_ + (-(_a0_) + x))));{'d0': {'_a0_': 0.1531261524315158, '_a2_': 1.837596498300167, '_a3_': 0.5487316138092786, '_a1_': 1.0, '_a4_': 1.0, '_a5_': 1.0, '_a6_': 1.0, '_a7_': 1.0}};{'d0': 0.024905832919416726};-280.569866449043;44.29511372090438
46540;-95.9898195036173;(x * (pow2(((x * _a2_) + pow2(_a3_))) + (_a2_ + (-(_a0_) + x))));{'d0': {'_a0_': 0.1531261524315158, '_a2_': 1.837596498300167, '_a3_': 0.5487316138092786, '_a1_': 1.0, '_a4_': 1.0, '_a5_': 1.0, '_a6_': 1.0, '_a7_': 1.0}};{'d0': 0.024905832919416726};-280.569866449043;44.29511372090438
46541;-95.9898195036173;(x * (pow2(((x * _a2_) + pow2(_a3_))) + (_a2_ + (-(_a0_) + x))));{'d0': {'_a0_': 0.1531261524315158, '_a2_': 1.837596498300167, '_a3_': 0.5487316138092786, '_a1_': 1.0, '_a4_': 1.0, '_a5_': 1.0, '_a6_': 1.0, '_a7_': 1.0}};{'d0': 0.024905832919416726};-280.569866449043;44.29511372090438
46542;-95.9898195036173;(x * (pow2(((x * _a2_) + pow2(_a3_))) + (_a2_ + (-(_a0_) + x))));{'d0': {'_a0_': 0.1531261524315158, '_a2_': 1.837596498300167, '_a3_': 0.5487316138092786, '_a1_': 1.0, '_a4_': 1.0, '_a5_': 1.0, '_a6_': 1.0, '_a7_': 1.0}};{'d0': 0.024905832919416726};-280.569866449043;44.29511372090438
46543;-95.9898195036173;(x * (pow2(((x * _a2_) + pow2(_a3_))) + (_a2_ + (-(_a0_) + x))));{'d0': {'_a0_': 0.1531261524315158, '_a2_': 1.837596498300167, '_a3_': 0.5487316138092786, '_a1_': 1.0, '_a4_': 1.0, '_a5_': 1.0, '_a6_': 1.0, '_a7_': 1.0}};{'d0': 0.024905832919416726};-280.569866449043;44.29511372090438
46544;-95.9898195036173;(x * (pow2(((x * _a2_) + pow2(_a3_))) + (_a2_ + (-(_a0_) + x))));{'d0': {'_a0_': 0.1531261524315158, '_a2_': 1.837596498300167, '_a3_': 0.5487316138092786, '_a1_': 1.0, '_a4_': 1.0, '_a5_': 1.0, '_a6_': 1.0, '_a7_': 1.0}};{'d0': 0.024905832919416726};-280.569866449043;44.29511372090438
46545;-95.9898195036173;(x * (pow2(((x * _a2_) + pow2(_a3_))) + (_a2_ + (-(_a0_) + x))));{'d0': {'_a0_': 0.1531261524315158, '_a2_': 1.837596498300167, '_a3_': 0.5487316138092786, '_a1_': 1.0, '_a4_': 1.0, '_a5_': 1.0, '_a6_': 1.0, '_a7_': 1.0}};{'d0': 0.024905832919416726};-280.569866449043;44.29511372090438
46546;-95.9898195036173;(x * (pow2(((x * _a2_) + pow2(_a3_))) + (_a2_ + (-(_a0_) + x))));{'d0': {'_a0_': 0.1531261524315158, '_a2_': 1.837596498300167, '_a3_': 0.5487316138092786, '_a1_': 1.0, '_a4_': 1.0, '_a5_': 1.0, '_a6_': 1.0, '_a7_': 1.0}};{'d0': 0.024905832919416726};-280.569866449043;44.29511372090438
46547;-95.9898195036173;(x * (pow2(((x * _a2_) + pow2(_a3_))) + (_a2_ + (-(_a0_) + x))));{'d0': {'_a0_': 0.1531261524315158, '_a2_': 1.837596498300167, '_a3_': 0.5487316138092786, '_a1_': 1.0, '_a4_': 1.0, '_a5_': 1.0, '_a6_': 1.0, '_a7_': 1.0}};{'d0': 0.024905832919416726};-280.569866449043;44.29511372090438
46548;-99.6697666638779;(x * (pow2(((x * _a2_) + pow2(_a3_))) + (_a2_ + (_a4_ + x))));{'d0': {'_a2_': 1.8375964951587556, '_a3_': 0.5487316130408258, '_a4_': -0.15312614482516293, '_a0_': 1.0, '_a1_': 1.0, '_a5_': 1.0, '_a6_': 1.0, '_a7_': 1.0}};{'d0': 0.024905832919416566};-280.569866449044;40.61516656064399
46549;-99.6697666638779;(x * (pow2(((x * _a2_) + pow2(_a3_))) + (_a2_ + (_a4_ + x))));{'d0': {'_a2_': 1.8375964951587556, '_a3_': 0.5487316130408258, '_a4_': -0.15312614482516293, '_a0_': 1.0, '_a1_': 1.0, '_a5_': 1.0, '_a6_': 1.0, '_a7_': 1.0}};{'d0': 0.024905832919416566};-280.569866449044;40.61516656064399
46550;-99.6697666638779;(x * (pow2(((x * _a2_) + pow2(_a3_))) + (_a2_ + (_a4_ + x))));{'d0': {'_a2_': 1.8375964951587556, '_a3_': 0.5487316130408258, '_a4_': -0.15312614482516293, '_a0_': 1.0, '_a1_': 1.0, '_a5_': 1.0, '_a6_': 1.0, '_a7_': 1.0}};{'d0': 0.024905832919416566};-280.569866449044;40.61516656064399
46551;-99.6697666638779;(x * (pow2(((x * _a2_) + pow2(_a3_))) + (_a2_ + (_a4_ + x))));{'d0': {'_a2_': 1.8375964951587556, '_a3_': 0.5487316130408258, '_a4_': -0.15312614482516293, '_a0_': 1.0, '_a1_': 1.0, '_a5_': 1.0, '_a6_': 1.0, '_a7_': 1.0}};{'d0': 0.024905832919416566};-280.569866449044;40.61516656064399
46552;-99.6697666638779;(x * (pow2(((x * _a2_) + pow2(_a3_))) + (_a2_ + (_a4_ + x))));{'d0': {'_a2_': 1.8375964951587556, '_a3_': 0.5487316130408258, '_a4_': -0.15312614482516293, '_a0_': 1.0, '_a1_': 1.0, '_a5_': 1.0, '_a6_': 1.0, '_a7_': 1.0}};{'d0': 0.024905832919416566};-280.569866449044;40.61516656064399
46553;-99.6697666638779;(x * (pow2(((x * _a2_) + pow2(_a3_))) + (_a2_ + (_a4_ + x))));{'d0': {'_a2_': 1.8375964951587556, '_a3_': 0.5487316130408258, '_a4_': -0.15312614482516293, '_a0_': 1.0, '_a1_': 1.0, '_a5_': 1.0, '_a6_': 1.0, '_a7_': 1.0}};{'d0': 0.024905832919416566};-280.569866449044;40.61516656064399
46554;-99.6697666638779;(x * (pow2(((x * _a2_) + pow2(_a3_))) + (_a2_ + (_a4_ + x))));{'d0': {'_a2_': 1.8375964951587556, '_a3_': 0.5487316130408258, '_a4_': -0.15312614482516293, '_a0_': 1.0, '_a1_': 1.0, '_a5_': 1.0, '_a6_': 1.0, '_a7_': 1.0}};{'d0': 0.024905832919416566};-280.569866449044;40.61516656064399
46555;-99.6697666638779;(x * (pow2(((x * _a2_) + pow2(_a3_))) + (_a2_ + (_a4_ + x))));{'d0': {'_a2_': 1.8375964951587556, '_a3_': 0.5487316130408258, '_a4_': -0.15312614482516293, '_a0_': 1.0, '_a1_': 1.0, '_a5_': 1.0, '_a6_': 1.0, '_a7_': 1.0}};{'d0': 0.024905832919416566};-280.569866449044;40.61516656064399
46556;-99.6697666638779;(x * (pow2(((x * _a2_) + pow2(_a3_))) + (_a2_ + (_a4_ + _a2_))));{'d0': {'_a2_': 1.8375964945529135, '_a3_': 0.7571003484056941, '_a4_': -2.2286168993981668, '_a0_': 1.0, '_a1_': 1.0, '_a5_': 1.0, '_a6_': 1.0, '_a7_': 1.0}};{'d0': 0.024905832919416598};-280.569866449044;40.61516656064399
46557;-99.6697666638779;(x * (pow2(((x * _a2_) + pow2(_a3_))) + (_a2_ + (_a4_ + _a2_))));{'d0': {'_a2_': 1.8375964945529135, '_a3_': 0.7571003484056941, '_a4_': -2.2286168993981668, '_a0_': 1.0, '_a1_': 1.0, '_a5_': 1.0, '_a6_': 1.0, '_a7_': 1.0}};{'d0': 0.024905832919416598};-280.569866449044;40.61516656064399
46558;-99.6697666638779;(x * (pow2(((x * _a2_) + pow2(_a3_))) + (_a2_ + (_a4_ + _a2_))));{'d0': {'_a2_': 1.8375964945529135, '_a3_': 0.7571003484056941, '_a4_': -2.2286168993981668, '_a0_': 1.0, '_a1_': 1.0, '_a5_': 1.0, '_a6_': 1.0, '_a7_': 1.0}};{'d0': 0.024905832919416598};-280.569866449044;40.61516656064399
46559;-103.367701136488;(x * (pow2(((x * _a2_) + _a3_)) + (_a2_ + (_a4_ + _a2_))));{'d0': {'_a2_': 1.8375964948658818, '_a3_': 0.5732009377003637, '_a4_': -2.2286169002549254, '_a0_': 1.0, '_a1_': 1.0, '_a5_': 1.0, '_a6_': 1.0, '_a7_': 1.0}};{'d0': 0.02490583291941664};-280.569866449044;36.91723208803399
46560;-103.367701136488;(x * (pow2(((x * _a2_) + _a3_)) + (_a2_ + (_a4_ + _a2_))));{'d0': {'_a2_': 1.8375964948658818, '_a3_': 0.5732009377003637, '_a4_': -2.2286169002549254, '_a0_': 1.0, '_a1_': 1.0, '_a5_': 1.0, '_a6_': 1.0, '_a7_': 1.0}};{'d0': 0.02490583291941664};-280.569866449044;36.91723208803399
46561;-103.367701136488;(x * (pow2(((x * _a2_) + _a3_)) + (_a2_ + (_a4_ + _a2_))));{'d0': {'_a2_': 1.8375964948658818, '_a3_': 0.5732009377003637, '_a4_': -2.2286169002549254, '_a0_': 1.0, '_a1_': 1.0, '_a5_': 1.0, '_a6_': 1.0, '_a7_': 1.0}};{'d0': 0.02490583291941664};-280.569866449044;36.91723208803399
46562;-103.367701136488;(x * (pow2(((x * _a2_) + _a3_)) + (_a2_ + (_a4_ + _a2_))));{'d0': {'_a2_': 1.8375964948658818, '_a3_': 0.5732009377003637, '_a4_': -2.2286169002549254, '_a0_': 1.0, '_a1_': 1.0, '_a5_': 1.0, '_a6_': 1.0, '_a7_': 1.0}};{'d0': 0.02490583291941664};-280.569866449044;36.91723208803399
46563;-103.367701136488;(x * (pow2(((x * _a2_) + _a3_)) + (_a2_ + (_a4_ + _a2_))));{'d0': {'_a2_': 1.8375964948658818, '_a3_': 0.5732009377003637, '_a4_': -2.2286169002549254, '_a0_': 1.0, '_a1_': 1.0, '_a5_': 1.0, '_a6_': 1.0, '_a7_': 1.0}};{'d0': 0.02490583291941664};-280.569866449044;36.91723208803399
46564;-103.367701136488;(x * (pow2(((x * _a2_) + _a3_)) + (_a2_ + (_a4_ + _a2_))));{'d0': {'_a2_': 1.8375964948658818, '_a3_': 0.5732009377003637, '_a4_': -2.2286169002549254, '_a0_': 1.0, '_a1_': 1.0, '_a5_': 1.0, '_a6_': 1.0, '_a7_': 1.0}};{'d0': 0.02490583291941664};-280.569866449044;36.91723208803399
46565;-103.367701136488;(x * (pow2(((x * _a2_) + _a3_)) + (_a2_ + (_a4_ + _a2_))));{'d0': {'_a2_': 1.8375964948658818, '_a3_': 0.5732009377003637, '_a4_': -2.2286169002549254, '_a0_': 1.0, '_a1_': 1.0, '_a5_': 1.0, '_a6_': 1.0, '_a7_': 1.0}};{'d0': 0.02490583291941664};-280.569866449044;36.91723208803399
46566;-103.367701136488;(x * (pow2(((x * _a2_) + _a3_)) + (_a2_ + (_a4_ + _a2_))));{'d0': {'_a2_': 1.8375964948658818, '_a3_': 0.5732009377003637, '_a4_': -2.2286169002549254, '_a0_': 1.0, '_a1_': 1.0, '_a5_': 1.0, '_a6_': 1.0, '_a7_': 1.0}};{'d0': 0.02490583291941664};-280.569866449044;36.91723208803399
46567;-103.367701136488;(x * (pow2(((x * _a2_) + _a3_)) + (_a2_ + (_a4_ + _a2_))));{'d0': {'_a2_': 1.8375964948658818, '_a3_': 0.5732009377003637, '_a4_': -2.2286169002549254, '_a0_': 1.0, '_a1_': 1.0, '_a5_': 1.0, '_a6_': 1.0, '_a7_': 1.0}};{'d0': 0.02490583291941664};-280.569866449044;36.91723208803399
46568;-103.367701136488;(x * (pow2(((x * _a2_) + _a3_)) + (_a2_ + (_a4_ + _a2_))));{'d0': {'_a2_': 1.8375964948658818, '_a3_': 0.5732009377003637, '_a4_': -2.2286169002549254, '_a0_': 1.0, '_a1_': 1.0, '_a5_': 1.0, '_a6_': 1.0, '_a7_': 1.0}};{'d0': 0.02490583291941664};-280.569866449044;36.91723208803399
46569;-103.367701136488;(x * (pow2(((x * _a2_) + _a3_)) + (_a2_ + (_a4_ + _a2_))));{'d0': {'_a2_': 1.8375964948658818, '_a3_': 0.5732009377003637, '_a4_': -2.2286169002549254, '_a0_': 1.0, '_a1_': 1.0, '_a5_': 1.0, '_a6_': 1.0, '_a7_': 1.0}};{'d0': 0.02490583291941664};-280.569866449044;36.91723208803399
46570;-103.367701136488;(x * (pow2(((x * _a2_) + _a3_)) + (_a2_ + (_a4_ + _a2_))));{'d0': {'_a2_': 1.8375964948658818, '_a3_': 0.5732009377003637, '_a4_': -2.2286169002549254, '_a0_': 1.0, '_a1_': 1.0, '_a5_': 1.0, '_a6_': 1.0, '_a7_': 1.0}};{'d0': 0.02490583291941664};-280.569866449044;36.91723208803399
46571;-103.367701136488;(x * (pow2(((x * _a2_) + _a3_)) + (_a2_ + (_a4_ + _a2_))));{'d0': {'_a2_': 1.8375964948658818, '_a3_': 0.5732009377003637, '_a4_': -2.2286169002549254, '_a0_': 1.0, '_a1_': 1.0, '_a5_': 1.0, '_a6_': 1.0, '_a7_': 1.0}};{'d0': 0.02490583291941664};-280.569866449044;36.91723208803399
46572;-103.367701136488;(x * (pow2(((x * _a2_) + _a3_)) + (_a2_ + (_a4_ + _a2_))));{'d0': {'_a2_': 1.8375964948658818, '_a3_': 0.5732009377003637, '_a4_': -2.2286169002549254, '_a0_': 1.0, '_a1_': 1.0, '_a5_': 1.0, '_a6_': 1.0, '_a7_': 1.0}};{'d0': 0.02490583291941664};-280.569866449044;36.91723208803399
46573;-103.367701136488;(x * (pow2(((x * _a2_) + _a3_)) + (_a2_ + (_a4_ + _a2_))));{'d0': {'_a2_': 1.8375964948658818, '_a3_': 0.5732009377003637, '_a4_': -2.2286169002549254, '_a0_': 1.0, '_a1_': 1.0, '_a5_': 1.0, '_a6_': 1.0, '_a7_': 1.0}};{'d0': 0.02490583291941664};-280.569866449044;36.91723208803399
46574;-103.367701136488;(x * (pow2(((x * _a2_) + _a3_)) + (_a2_ + (_a4_ + _a2_))));{'d0': {'_a2_': 1.8375964948658818, '_a3_': 0.5732009377003637, '_a4_': -2.2286169002549254, '_a0_': 1.0, '_a1_': 1.0, '_a5_': 1.0, '_a6_': 1.0, '_a7_': 1.0}};{'d0': 0.02490583291941664};-280.569866449044;36.91723208803399
46575;-103.367701136488;(x * (pow2(((x * _a2_) + _a3_)) + (_a2_ + (_a4_ + _a2_))));{'d0': {'_a2_': 1.8375964948658818, '_a3_': 0.5732009377003637, '_a4_': -2.2286169002549254, '_a0_': 1.0, '_a1_': 1.0, '_a5_': 1.0, '_a6_': 1.0, '_a7_': 1.0}};{'d0': 0.02490583291941664};-280.569866449044;36.91723208803399
46576;-93.3699628315992;((x + -(((-(pow2((x + _a5_))) * (-(_a2_) * _a1_)) + _a1_))) * x);{'d0': {'_a1_': -1.6844703496059235, '_a2_': 2.004642517796028, '_a5_': 0.16385881471529798, '_a0_': 1.0, '_a3_': 1.0, '_a4_': 1.0, '_a6_': 1.0, '_a7_': 1.0}};{'d0': 0.024905832919416622};-280.569866449044;46.914970392922626
46577;-92.4466537043317;((x + -(((-(pow2((x + _a5_))) / (-(_a2_) * _a1_)) + _a1_))) * x);{'d0': {'_a1_': -1.6844703502042773, '_a2_': 0.17580706408519772, '_a5_': 0.16385881429375554, '_a0_': 1.0, '_a3_': 1.0, '_a4_': 1.0, '_a6_': 1.0, '_a7_': 1.0}};{'d0': 0.0249058329194167};-280.569866449043;47.83827952019003
46578;-92.4466537043317;((x + -(((-(pow2((x + _a5_))) / (-(_a2_) * _a1_)) + _a1_))) * x);{'d0': {'_a1_': -1.6844703502042773, '_a2_': 0.17580706408519772, '_a5_': 0.16385881429375554, '_a0_': 1.0, '_a3_': 1.0, '_a4_': 1.0, '_a6_': 1.0, '_a7_': 1.0}};{'d0': 0.0249058329194167};-280.569866449043;47.83827952019003
46579;-92.4466537043317;((x + -(((-(pow2((x + _a5_))) / (-(_a2_) * _a1_)) + _a1_))) * x);{'d0': {'_a1_': -1.6844703502042773, '_a2_': 0.17580706408519772, '_a5_': 0.16385881429375554, '_a0_': 1.0, '_a3_': 1.0, '_a4_': 1.0, '_a6_': 1.0, '_a7_': 1.0}};{'d0': 0.0249058329194167};-280.569866449043;47.83827952019003
46580;-92.4466537043317;((x + -(((-(pow2((x + _a5_))) / (-(_a2_) * _a1_)) + _a1_))) * x);{'d0': {'_a1_': -1.6844703502042773, '_a2_': 0.17580706408519772, '_a5_': 0.16385881429375554, '_a0_': 1.0, '_a3_': 1.0, '_a4_': 1.0, '_a6_': 1.0, '_a7_': 1.0}};{'d0': 0.0249058329194167};-280.569866449043;47.83827952019003
46581;-92.4466537043317;((x + -(((-(pow2((x + _a5_))) / (-(_a2_) * _a1_)) + _a1_))) * x);{'d0': {'_a1_': -1.6844703502042773, '_a2_': 0.17580706408519772, '_a5_': 0.16385881429375554, '_a0_': 1.0, '_a3_': 1.0, '_a4_': 1.0, '_a6_': 1.0, '_a7_': 1.0}};{'d0': 0.0249058329194167};-280.569866449043;47.83827952019003
46582;-92.4466537043317;((x + -(((-(pow2((x + _a5_))) / (-(_a2_) * _a1_)) + _a1_))) * x);{'d0': {'_a1_': -1.6844703502042773, '_a2_': 0.17580706408519772, '_a5_': 0.16385881429375554, '_a0_': 1.0, '_a3_': 1.0, '_a4_': 1.0, '_a6_': 1.0, '_a7_': 1.0}};{'d0': 0.0249058329194167};-280.569866449043;47.83827952019003
46583;-92.4466537043317;((x + -(((-(pow2((x + _a5_))) / (-(_a2_) * _a1_)) + _a1_))) * x);{'d0': {'_a1_': -1.6844703502042773, '_a2_': 0.17580706408519772, '_a5_': 0.16385881429375554, '_a0_': 1.0, '_a3_': 1.0, '_a4_': 1.0, '_a6_': 1.0, '_a7_': 1.0}};{'d0': 0.0249058329194167};-280.569866449043;47.83827952019003
46584;-92.4466537043317;((x + -(((-(pow2((x + _a5_))) / (-(_a2_) * _a1_)) + _a1_))) * x);{'d0': {'_a1_': -1.6844703502042773, '_a2_': 0.17580706408519772, '_a5_': 0.16385881429375554, '_a0_': 1.0, '_a3_': 1.0, '_a4_': 1.0, '_a6_': 1.0, '_a7_': 1.0}};{'d0': 0.0249058329194167};-280.569866449043;47.83827952019003
46585;-92.4466537043317;((x + -(((-(pow2((x + _a5_))) / (-(_a2_) * _a1_)) + _a1_))) * x);{'d0': {'_a1_': -1.6844703502042773, '_a2_': 0.17580706408519772, '_a5_': 0.16385881429375554, '_a0_': 1.0, '_a3_': 1.0, '_a4_': 1.0, '_a6_': 1.0, '_a7_': 1.0}};{'d0': 0.0249058329194167};-280.569866449043;47.83827952019003
46586;-92.4466537043317;((x + -(((-(pow2((x + _a5_))) / (-(_a2_) * _a1_)) + _a1_))) * x);{'d0': {'_a1_': -1.6844703502042773, '_a2_': 0.17580706408519772, '_a5_': 0.16385881429375554, '_a0_': 1.0, '_a3_': 1.0, '_a4_': 1.0, '_a6_': 1.0, '_a7_': 1.0}};{'d0': 0.0249058329194167};-280.569866449043;47.83827952019003
46587;-92.4466537043317;((x + -(((-(pow2((x + _a5_))) / (-(_a2_) * _a1_)) + _a1_))) * x);{'d0': {'_a1_': -1.6844703502042773, '_a2_': 0.17580706408519772, '_a5_': 0.16385881429375554, '_a0_': 1.0, '_a3_': 1.0, '_a4_': 1.0, '_a6_': 1.0, '_a7_': 1.0}};{'d0': 0.0249058329194167};-280.569866449043;47.83827952019003
46588;-92.4466537043317;((x + -(((-(pow2((x + _a5_))) / (-(_a2_) * _a1_)) + _a1_))) * x);{'d0': {'_a1_': -1.6844703502042773, '_a2_': 0.17580706408519772, '_a5_': 0.16385881429375554, '_a0_': 1.0, '_a3_': 1.0, '_a4_': 1.0, '_a6_': 1.0, '_a7_': 1.0}};{'d0': 0.0249058329194167};-280.569866449043;47.83827952019003
46589;-92.4466537043317;((x + -(((-(pow2((x + _a5_))) / (-(_a2_) * _a1_)) + _a1_))) * x);{'d0': {'_a1_': -1.6844703502042773, '_a2_': 0.17580706408519772, '_a5_': 0.16385881429375554, '_a0_': 1.0, '_a3_': 1.0, '_a4_': 1.0, '_a6_': 1.0, '_a7_': 1.0}};{'d0': 0.0249058329194167};-280.569866449043;47.83827952019003
46590;-92.4466537043317;((x + -(((-(pow2((x + _a5_))) / (-(_a2_) * _a1_)) + _a1_))) * x);{'d0': {'_a1_': -1.6844703502042773, '_a2_': 0.17580706408519772, '_a5_': 0.16385881429375554, '_a0_': 1.0, '_a3_': 1.0, '_a4_': 1.0, '_a6_': 1.0, '_a7_': 1.0}};{'d0': 0.0249058329194167};-280.569866449043;47.83827952019003
46591;-92.4466537043317;((x + -(((-(pow2((x + _a5_))) / (-(_a2_) * _a1_)) + _a1_))) * x);{'d0': {'_a1_': -1.6844703502042773, '_a2_': 0.17580706408519772, '_a5_': 0.16385881429375554, '_a0_': 1.0, '_a3_': 1.0, '_a4_': 1.0, '_a6_': 1.0, '_a7_': 1.0}};{'d0': 0.0249058329194167};-280.569866449043;47.83827952019003
46592;-92.4466537043317;((x + -(((-(pow2((x + _a5_))) / (-(_a2_) * _a1_)) + _a1_))) * x);{'d0': {'_a1_': -1.6844703502042773, '_a2_': 0.17580706408519772, '_a5_': 0.16385881429375554, '_a0_': 1.0, '_a3_': 1.0, '_a4_': 1.0, '_a6_': 1.0, '_a7_': 1.0}};{'d0': 0.0249058329194167};-280.569866449043;47.83827952019003
46593;-92.4466537043317;((x + -(((-(pow2((x + _a5_))) / (-(_a2_) * _a1_)) + _a1_))) * x);{'d0': {'_a1_': -1.6844703502042773, '_a2_': 0.17580706408519772, '_a5_': 0.16385881429375554, '_a0_': 1.0, '_a3_': 1.0, '_a4_': 1.0, '_a6_': 1.0, '_a7_': 1.0}};{'d0': 0.0249058329194167};-280.569866449043;47.83827952019003
46594;-92.4466537043317;((x + -(((-(pow2((x + _a5_))) / (-(_a2_) * _a1_)) + _a1_))) * x);{'d0': {'_a1_': -1.6844703502042773, '_a2_': 0.17580706408519772, '_a5_': 0.16385881429375554, '_a0_': 1.0, '_a3_': 1.0, '_a4_': 1.0, '_a6_': 1.0, '_a7_': 1.0}};{'d0': 0.0249058329194167};-280.569866449043;47.83827952019003
46595;-92.4466537043317;((x + -(((-(pow2((x + _a5_))) / (-(_a2_) * _a1_)) + _a1_))) * x);{'d0': {'_a1_': -1.6844703502042773, '_a2_': 0.17580706408519772, '_a5_': 0.16385881429375554, '_a0_': 1.0, '_a3_': 1.0, '_a4_': 1.0, '_a6_': 1.0, '_a7_': 1.0}};{'d0': 0.0249058329194167};-280.569866449043;47.83827952019003
46596;-92.4466537043317;((x + -(((-(pow2((x + _a5_))) / (-(_a2_) * _a1_)) + _a1_))) * x);{'d0': {'_a1_': -1.6844703502042773, '_a2_': 0.17580706408519772, '_a5_': 0.16385881429375554, '_a0_': 1.0, '_a3_': 1.0, '_a4_': 1.0, '_a6_': 1.0, '_a7_': 1.0}};{'d0': 0.0249058329194167};-280.569866449043;47.83827952019003
46597;-92.4466537043317;((x + -(((-(pow2((x + _a5_))) / (-(_a2_) * _a1_)) + _a1_))) * x);{'d0': {'_a1_': -1.6844703502042773, '_a2_': 0.17580706408519772, '_a5_': 0.16385881429375554, '_a0_': 1.0, '_a3_': 1.0, '_a4_': 1.0, '_a6_': 1.0, '_a7_': 1.0}};{'d0': 0.0249058329194167};-280.569866449043;47.83827952019003
46598;-92.4466537043317;((x + -(((-(pow2((x + _a5_))) / (-(_a2_) * _a1_)) + _a1_))) * x);{'d0': {'_a1_': -1.6844703502042773, '_a2_': 0.17580706408519772, '_a5_': 0.16385881429375554, '_a0_': 1.0, '_a3_': 1.0, '_a4_': 1.0, '_a6_': 1.0, '_a7_': 1.0}};{'d0': 0.0249058329194167};-280.569866449043;47.83827952019003
46599;-92.4466537043317;((x + -(((-(pow2((x + _a5_))) / (-(_a2_) * _a1_)) + _a1_))) * x);{'d0': {'_a1_': -1.6844703502042773, '_a2_': 0.17580706408519772, '_a5_': 0.16385881429375554, '_a0_': 1.0, '_a3_': 1.0, '_a4_': 1.0, '_a6_': 1.0, '_a7_': 1.0}};{'d0': 0.0249058329194167};-280.569866449043;47.83827952019003
46600;-92.4466537043317;((x + -(((-(pow2((x + _a5_))) / (-(_a2_) * _a1_)) + _a1_))) * x);{'d0': {'_a1_': -1.6844703502042773, '_a2_': 0.17580706408519772, '_a5_': 0.16385881429375554, '_a0_': 1.0, '_a3_': 1.0, '_a4_': 1.0, '_a6_': 1.0, '_a7_': 1.0}};{'d0': 0.0249058329194167};-280.569866449043;47.83827952019003
46601;-92.4466537043317;((x + -(((-(pow2((x + _a5_))) / (-(_a2_) * _a1_)) + _a1_))) * x);{'d0': {'_a1_': -1.6844703502042773, '_a2_': 0.17580706408519772, '_a5_': 0.16385881429375554, '_a0_': 1.0, '_a3_': 1.0, '_a4_': 1.0, '_a6_': 1.0, '_a7_': 1.0}};{'d0': 0.0249058329194167};-280.569866449043;47.83827952019003
46602;-92.4466537043317;((x + -(((-(pow2((x + _a5_))) / (-(_a2_) * _a1_)) + _a1_))) * x);{'d0': {'_a1_': -1.6844703502042773, '_a2_': 0.17580706408519772, '_a5_': 0.16385881429375554, '_a0_': 1.0, '_a3_': 1.0, '_a4_': 1.0, '_a6_': 1.0, '_a7_': 1.0}};{'d0': 0.0249058329194167};-280.569866449043;47.83827952019003
46603;-92.4466537043317;((x + -(((-(pow2((x + _a5_))) / (-(_a2_) * _a1_)) + _a1_))) * x);{'d0': {'_a1_': -1.6844703502042773, '_a2_': 0.17580706408519772, '_a5_': 0.16385881429375554, '_a0_': 1.0, '_a3_': 1.0, '_a4_': 1.0, '_a6_': 1.0, '_a7_': 1.0}};{'d0': 0.0249058329194167};-280.569866449043;47.83827952019003
46604;-92.4466537043317;((x + -(((-(pow2((x + _a5_))) / (-(_a2_) * _a1_)) + _a1_))) * x);{'d0': {'_a1_': -1.6844703502042773, '_a2_': 0.17580706408519772, '_a5_': 0.16385881429375554, '_a0_': 1.0, '_a3_': 1.0, '_a4_': 1.0, '_a6_': 1.0, '_a7_': 1.0}};{'d0': 0.0249058329194167};-280.569866449043;47.83827952019003
46605;-92.4466537043317;((x + -(((-(pow2((x + _a5_))) / (-(_a2_) * _a1_)) + _a1_))) * x);{'d0': {'_a1_': -1.6844703502042773, '_a2_': 0.17580706408519772, '_a5_': 0.16385881429375554, '_a0_': 1.0, '_a3_': 1.0, '_a4_': 1.0, '_a6_': 1.0, '_a7_': 1.0}};{'d0': 0.0249058329194167};-280.569866449043;47.83827952019003
46606;-92.4466537043317;((x + -(((-(pow2((x + _a5_))) / (-(_a2_) * _a1_)) + _a1_))) * x);{'d0': {'_a1_': -1.6844703502042773, '_a2_': 0.17580706408519772, '_a5_': 0.16385881429375554, '_a0_': 1.0, '_a3_': 1.0, '_a4_': 1.0, '_a6_': 1.0, '_a7_': 1.0}};{'d0': 0.0249058329194167};-280.569866449043;47.83827952019003
46607;-92.4466537043317;((x + -(((-(pow2((x + _a5_))) / (-(_a2_) * _a1_)) + _a1_))) * x);{'d0': {'_a1_': -1.6844703502042773, '_a2_': 0.17580706408519772, '_a5_': 0.16385881429375554, '_a0_': 1.0, '_a3_': 1.0, '_a4_': 1.0, '_a6_': 1.0, '_a7_': 1.0}};{'d0': 0.0249058329194167};-280.569866449043;47.83827952019003
46608;-92.4466537043317;((x + -(((-(pow2((x + _a5_))) / (-(_a2_) * _a1_)) + _a1_))) * x);{'d0': {'_a1_': -1.6844703502042773, '_a2_': 0.17580706408519772, '_a5_': 0.16385881429375554, '_a0_': 1.0, '_a3_': 1.0, '_a4_': 1.0, '_a6_': 1.0, '_a7_': 1.0}};{'d0': 0.0249058329194167};-280.569866449043;47.83827952019003
46609;-92.4466537043317;((x + -(((-(pow2((x + _a5_))) / (-(_a2_) * _a1_)) + _a1_))) * x);{'d0': {'_a1_': -1.6844703502042773, '_a2_': 0.17580706408519772, '_a5_': 0.16385881429375554, '_a0_': 1.0, '_a3_': 1.0, '_a4_': 1.0, '_a6_': 1.0, '_a7_': 1.0}};{'d0': 0.0249058329194167};-280.569866449043;47.83827952019003
46610;-92.4466537043317;((x + -(((-(pow2((x + _a5_))) / (-(_a2_) * _a1_)) + _a1_))) * x);{'d0': {'_a1_': -1.6844703502042773, '_a2_': 0.17580706408519772, '_a5_': 0.16385881429375554, '_a0_': 1.0, '_a3_': 1.0, '_a4_': 1.0, '_a6_': 1.0, '_a7_': 1.0}};{'d0': 0.0249058329194167};-280.569866449043;47.83827952019003
46611;-92.4466537043317;((x + -(((-(pow2((x + _a5_))) / (-(_a2_) * _a1_)) + _a1_))) * x);{'d0': {'_a1_': -1.6844703502042773, '_a2_': 0.17580706408519772, '_a5_': 0.16385881429375554, '_a0_': 1.0, '_a3_': 1.0, '_a4_': 1.0, '_a6_': 1.0, '_a7_': 1.0}};{'d0': 0.0249058329194167};-280.569866449043;47.83827952019003
46612;-92.4466537043317;((x + -(((-(pow2((x + _a5_))) / (-(_a2_) * _a1_)) + _a1_))) * x);{'d0': {'_a1_': -1.6844703502042773, '_a2_': 0.17580706408519772, '_a5_': 0.16385881429375554, '_a0_': 1.0, '_a3_': 1.0, '_a4_': 1.0, '_a6_': 1.0, '_a7_': 1.0}};{'d0': 0.0249058329194167};-280.569866449043;47.83827952019003
46613;-92.4466537043317;((x + -(((-(pow2((x + _a5_))) / (-(_a2_) * _a1_)) + _a1_))) * x);{'d0': {'_a1_': -1.6844703502042773, '_a2_': 0.17580706408519772, '_a5_': 0.16385881429375554, '_a0_': 1.0, '_a3_': 1.0, '_a4_': 1.0, '_a6_': 1.0, '_a7_': 1.0}};{'d0': 0.0249058329194167};-280.569866449043;47.83827952019003
46614;-92.4466537043317;((x + -(((-(pow2((x + _a5_))) / (-(_a2_) * _a1_)) + _a1_))) * x);{'d0': {'_a1_': -1.6844703502042773, '_a2_': 0.17580706408519772, '_a5_': 0.16385881429375554, '_a0_': 1.0, '_a3_': 1.0, '_a4_': 1.0, '_a6_': 1.0, '_a7_': 1.0}};{'d0': 0.0249058329194167};-280.569866449043;47.83827952019003
46615;-92.4466537043317;((x + -(((-(pow2((x + _a5_))) / (-(_a2_) * _a1_)) + _a1_))) * x);{'d0': {'_a1_': -1.6844703502042773, '_a2_': 0.17580706408519772, '_a5_': 0.16385881429375554, '_a0_': 1.0, '_a3_': 1.0, '_a4_': 1.0, '_a6_': 1.0, '_a7_': 1.0}};{'d0': 0.0249058329194167};-280.569866449043;47.83827952019003
46616;-92.4466537043317;((x + -(((-(pow2((x + _a5_))) / (-(_a0_) * _a1_)) + _a1_))) * x);{'d0': {'_a0_': 0.17580706399455226, '_a1_': -1.68447035049688, '_a5_': 0.16385881451428383, '_a2_': 1.0, '_a3_': 1.0, '_a4_': 1.0, '_a6_': 1.0, '_a7_': 1.0}};{'d0': 0.024905832919416667};-280.569866449044;47.83827952019003
46617;-92.4466537043317;((x + -(((-(pow2((x + _a5_))) / (-(_a0_) * _a1_)) + _a1_))) * x);{'d0': {'_a0_': 0.17580706399455226, '_a1_': -1.68447035049688, '_a5_': 0.16385881451428383, '_a2_': 1.0, '_a3_': 1.0, '_a4_': 1.0, '_a6_': 1.0, '_a7_': 1.0}};{'d0': 0.024905832919416667};-280.569866449044;47.83827952019003
46618;-92.4466537043317;((x + -(((-(pow2((x + _a5_))) / (-(_a0_) * _a1_)) + _a1_))) * x);{'d0': {'_a0_': 0.17580706399455226, '_a1_': -1.68447035049688, '_a5_': 0.16385881451428383, '_a2_': 1.0, '_a3_': 1.0, '_a4_': 1.0, '_a6_': 1.0, '_a7_': 1.0}};{'d0': 0.024905832919416667};-280.569866449044;47.83827952019003
46619;-92.4466537043317;((x + -(((-(pow2((x + _a5_))) / (-(_a0_) * _a1_)) + _a1_))) * x);{'d0': {'_a0_': 0.17580706399455226, '_a1_': -1.68447035049688, '_a5_': 0.16385881451428383, '_a2_': 1.0, '_a3_': 1.0, '_a4_': 1.0, '_a6_': 1.0, '_a7_': 1.0}};{'d0': 0.024905832919416667};-280.569866449044;47.83827952019003
46620;-92.4466537043317;((x + -(((-(pow2((x + _a5_))) / (-(_a0_) * _a1_)) + _a1_))) * x);{'d0': {'_a0_': 0.17580706399455226, '_a1_': -1.68447035049688, '_a5_': 0.16385881451428383, '_a2_': 1.0, '_a3_': 1.0, '_a4_': 1.0, '_a6_': 1.0, '_a7_': 1.0}};{'d0': 0.024905832919416667};-280.569866449044;47.83827952019003
46621;-92.4466537043317;((x + -(((-(pow2((x + _a5_))) / (-(_a0_) * _a1_)) + _a1_))) * x);{'d0': {'_a0_': 0.17580706399455226, '_a1_': -1.68447035049688, '_a5_': 0.16385881451428383, '_a2_': 1.0, '_a3_': 1.0, '_a4_': 1.0, '_a6_': 1.0, '_a7_': 1.0}};{'d0': 0.024905832919416667};-280.569866449044;47.83827952019003
46622;-92.4466537043317;((x + -(((-(pow2((x + _a5_))) / (-(_a0_) * _a1_)) + _a1_))) * x);{'d0': {'_a0_': 0.17580706399455226, '_a1_': -1.68447035049688, '_a5_': 0.16385881451428383, '_a2_': 1.0, '_a3_': 1.0, '_a4_': 1.0, '_a6_': 1.0, '_a7_': 1.0}};{'d0': 0.024905832919416667};-280.569866449044;47.83827952019003
46623;-92.4466537043317;((x + -(((-(pow2((x + _a5_))) / (-(_a0_) * _a1_)) + _a1_))) * x);{'d0': {'_a0_': 0.17580706399455226, '_a1_': -1.68447035049688, '_a5_': 0.16385881451428383, '_a2_': 1.0, '_a3_': 1.0, '_a4_': 1.0, '_a6_': 1.0, '_a7_': 1.0}};{'d0': 0.024905832919416667};-280.569866449044;47.83827952019003
46624;-103.335408386914;((x * (pow2(((x * _a4_) + _a5_)) + (_a4_ * _a0_))) * _a1_);{'d0': {'_a0_': -0.577650552487991, '_a1_': 1.8571706506110628, '_a4_': -1.3484169984652006, '_a5_': -0.42061132016371955, '_a2_': 1.0, '_a3_': 1.0, '_a6_': 1.0, '_a7_': 1.0}};{'d0': 0.024905832921019937};-276.475521882959;34.902352554565994
46625;-103.335408386914;((x * (pow2(((x * _a4_) + _a5_)) + (_a4_ * _a0_))) * _a1_);{'d0': {'_a0_': -0.577650552487991, '_a1_': 1.8571706506110628, '_a4_': -1.3484169984652006, '_a5_': -0.42061132016371955, '_a2_': 1.0, '_a3_': 1.0, '_a6_': 1.0, '_a7_': 1.0}};{'d0': 0.024905832921019937};-276.475521882959;34.902352554565994
46626;-103.335408386914;((x * (pow2(((x * _a4_) + _a5_)) + (_a4_ * _a0_))) * _a1_);{'d0': {'_a0_': -0.577650552487991, '_a1_': 1.8571706506110628, '_a4_': -1.3484169984652006, '_a5_': -0.42061132016371955, '_a2_': 1.0, '_a3_': 1.0, '_a6_': 1.0, '_a7_': 1.0}};{'d0': 0.024905832921019937};-276.475521882959;34.902352554565994
46627;-103.335408386914;((x * (pow2(((x * _a4_) + _a5_)) + (_a4_ * _a0_))) * _a1_);{'d0': {'_a0_': -0.577650552487991, '_a1_': 1.8571706506110628, '_a4_': -1.3484169984652006, '_a5_': -0.42061132016371955, '_a2_': 1.0, '_a3_': 1.0, '_a6_': 1.0, '_a7_': 1.0}};{'d0': 0.024905832921019937};-276.475521882959;34.902352554565994
46628;-103.335408386914;((x * (pow2(((x * _a4_) + _a5_)) + (_a4_ * _a0_))) * _a1_);{'d0': {'_a0_': -0.577650552487991, '_a1_': 1.8571706506110628, '_a4_': -1.3484169984652006, '_a5_': -0.42061132016371955, '_a2_': 1.0, '_a3_': 1.0, '_a6_': 1.0, '_a7_': 1.0}};{'d0': 0.024905832921019937};-276.475521882959;34.902352554565994
46629;-103.335408386914;((x * (pow2(((x * _a4_) + _a5_)) + (_a4_ * _a0_))) * _a1_);{'d0': {'_a0_': -0.577650552487991, '_a1_': 1.8571706506110628, '_a4_': -1.3484169984652006, '_a5_': -0.42061132016371955, '_a2_': 1.0, '_a3_': 1.0, '_a6_': 1.0, '_a7_': 1.0}};{'d0': 0.024905832921019937};-276.475521882959;34.902352554565994
46630;-103.335408386914;((x * (pow2(((x * _a4_) + _a5_)) + (_a4_ * _a0_))) * _a1_);{'d0': {'_a0_': -0.577650552487991, '_a1_': 1.8571706506110628, '_a4_': -1.3484169984652006, '_a5_': -0.42061132016371955, '_a2_': 1.0, '_a3_': 1.0, '_a6_': 1.0, '_a7_': 1.0}};{'d0': 0.024905832921019937};-276.475521882959;34.902352554565994
46631;-103.335408386914;((x * (pow2(((x * _a4_) + _a5_)) + (_a4_ * _a0_))) * _a1_);{'d0': {'_a0_': -0.577650552487991, '_a1_': 1.8571706506110628, '_a4_': -1.3484169984652006, '_a5_': -0.42061132016371955, '_a2_': 1.0, '_a3_': 1.0, '_a6_': 1.0, '_a7_': 1.0}};{'d0': 0.024905832921019937};-276.475521882959;34.902352554565994
46632;-103.335408386914;((x * (pow2(((x * _a4_) + _a5_)) + (_a4_ * _a0_))) * _a1_);{'d0': {'_a0_': -0.577650552487991, '_a1_': 1.8571706506110628, '_a4_': -1.3484169984652006, '_a5_': -0.42061132016371955, '_a2_': 1.0, '_a3_': 1.0, '_a6_': 1.0, '_a7_': 1.0}};{'d0': 0.024905832921019937};-276.475521882959;34.902352554565994
46633;-103.335408386914;((x * (pow2(((x * _a4_) + _a5_)) + (_a4_ * _a0_))) * _a1_);{'d0': {'_a0_': -0.577650552487991, '_a1_': 1.8571706506110628, '_a4_': -1.3484169984652006, '_a5_': -0.42061132016371955, '_a2_': 1.0, '_a3_': 1.0, '_a6_': 1.0, '_a7_': 1.0}};{'d0': 0.024905832921019937};-276.475521882959;34.902352554565994
46634;-103.335408386914;((x * (pow2(((x * _a4_) + _a5_)) + (_a4_ * _a0_))) * _a1_);{'d0': {'_a0_': -0.577650552487991, '_a1_': 1.8571706506110628, '_a4_': -1.3484169984652006, '_a5_': -0.42061132016371955, '_a2_': 1.0, '_a3_': 1.0, '_a6_': 1.0, '_a7_': 1.0}};{'d0': 0.024905832921019937};-276.475521882959;34.902352554565994
46635;-103.335408386914;((x * (pow2(((x * _a4_) + _a5_)) + (_a4_ * _a0_))) * _a1_);{'d0': {'_a0_': -0.577650552487991, '_a1_': 1.8571706506110628, '_a4_': -1.3484169984652006, '_a5_': -0.42061132016371955, '_a2_': 1.0, '_a3_': 1.0, '_a6_': 1.0, '_a7_': 1.0}};{'d0': 0.024905832921019937};-276.475521882959;34.902352554565994
46636;-103.335408386914;((x * (pow2(((x * _a4_) + _a5_)) + (_a4_ * _a0_))) * _a1_);{'d0': {'_a0_': -0.577650552487991, '_a1_': 1.8571706506110628, '_a4_': -1.3484169984652006, '_a5_': -0.42061132016371955, '_a2_': 1.0, '_a3_': 1.0, '_a6_': 1.0, '_a7_': 1.0}};{'d0': 0.024905832921019937};-276.475521882959;34.902352554565994
46637;-103.335408386914;((x * (pow2(((x * _a4_) + _a5_)) + (_a4_ * _a0_))) * _a1_);{'d0': {'_a0_': -0.577650552487991, '_a1_': 1.8571706506110628, '_a4_': -1.3484169984652006, '_a5_': -0.42061132016371955, '_a2_': 1.0, '_a3_': 1.0, '_a6_': 1.0, '_a7_': 1.0}};{'d0': 0.024905832921019937};-276.475521882959;34.902352554565994
46638;-103.335408386914;((x * (pow2(((x * _a4_) + _a5_)) + (_a4_ * _a0_))) * _a1_);{'d0': {'_a0_': -0.577650552487991, '_a1_': 1.8571706506110628, '_a4_': -1.3484169984652006, '_a5_': -0.42061132016371955, '_a2_': 1.0, '_a3_': 1.0, '_a6_': 1.0, '_a7_': 1.0}};{'d0': 0.024905832921019937};-276.475521882959;34.902352554565994
46639;-103.335408386914;((x * (pow2(((x * _a4_) + _a5_)) + (_a4_ * _a0_))) * _a1_);{'d0': {'_a0_': -0.577650552487991, '_a1_': 1.8571706506110628, '_a4_': -1.3484169984652006, '_a5_': -0.42061132016371955, '_a2_': 1.0, '_a3_': 1.0, '_a6_': 1.0, '_a7_': 1.0}};{'d0': 0.024905832921019937};-276.475521882959;34.902352554565994
46640;-103.335408386914;((x * (pow2(((x * _a4_) + _a5_)) + (_a4_ * _a0_))) * _a1_);{'d0': {'_a0_': -0.577650552487991, '_a1_': 1.8571706506110628, '_a4_': -1.3484169984652006, '_a5_': -0.42061132016371955, '_a2_': 1.0, '_a3_': 1.0, '_a6_': 1.0, '_a7_': 1.0}};{'d0': 0.024905832921019937};-276.475521882959;34.902352554565994
46641;-103.335408386914;((x * (pow2(((x * _a4_) + _a5_)) + (_a4_ * _a0_))) * _a1_);{'d0': {'_a0_': -0.577650552487991, '_a1_': 1.8571706506110628, '_a4_': -1.3484169984652006, '_a5_': -0.42061132016371955, '_a2_': 1.0, '_a3_': 1.0, '_a6_': 1.0, '_a7_': 1.0}};{'d0': 0.024905832921019937};-276.475521882959;34.902352554565994
46642;-103.335408386914;((x * (pow2(((x * _a4_) + _a5_)) + (_a4_ * _a0_))) * _a1_);{'d0': {'_a0_': -0.577650552487991, '_a1_': 1.8571706506110628, '_a4_': -1.3484169984652006, '_a5_': -0.42061132016371955, '_a2_': 1.0, '_a3_': 1.0, '_a6_': 1.0, '_a7_': 1.0}};{'d0': 0.024905832921019937};-276.475521882959;34.902352554565994
46643;-103.335408386914;((x * (pow2(((x * _a4_) + _a5_)) + (_a4_ * _a0_))) * _a1_);{'d0': {'_a0_': -0.577650552487991, '_a1_': 1.8571706506110628, '_a4_': -1.3484169984652006, '_a5_': -0.42061132016371955, '_a2_': 1.0, '_a3_': 1.0, '_a6_': 1.0, '_a7_': 1.0}};{'d0': 0.024905832921019937};-276.475521882959;34.902352554565994
46644;-103.335408386914;((x * (pow2(((x * _a4_) + _a5_)) + (_a4_ * _a0_))) * _a1_);{'d0': {'_a0_': -0.577650552487991, '_a1_': 1.8571706506110628, '_a4_': -1.3484169984652006, '_a5_': -0.42061132016371955, '_a2_': 1.0, '_a3_': 1.0, '_a6_': 1.0, '_a7_': 1.0}};{'d0': 0.024905832921019937};-276.475521882959;34.902352554565994
46645;-103.335408386914;((x * (pow2(((x * _a4_) + _a5_)) + (_a4_ * _a0_))) * _a1_);{'d0': {'_a0_': -0.577650552487991, '_a1_': 1.8571706506110628, '_a4_': -1.3484169984652006, '_a5_': -0.42061132016371955, '_a2_': 1.0, '_a3_': 1.0, '_a6_': 1.0, '_a7_': 1.0}};{'d0': 0.024905832921019937};-276.475521882959;34.902352554565994
46646;-103.335408386914;((x * (pow2(((x * _a4_) + _a5_)) + (_a4_ * _a0_))) * _a1_);{'d0': {'_a0_': -0.577650552487991, '_a1_': 1.8571706506110628, '_a4_': -1.3484169984652006, '_a5_': -0.42061132016371955, '_a2_': 1.0, '_a3_': 1.0, '_a6_': 1.0, '_a7_': 1.0}};{'d0': 0.024905832921019937};-276.475521882959;34.902352554565994
46647;-103.335408386914;((x * (pow2(((x * _a4_) + _a5_)) + (_a4_ * _a0_))) * _a1_);{'d0': {'_a0_': -0.577650552487991, '_a1_': 1.8571706506110628, '_a4_': -1.3484169984652006, '_a5_': -0.42061132016371955, '_a2_': 1.0, '_a3_': 1.0, '_a6_': 1.0, '_a7_': 1.0}};{'d0': 0.024905832921019937};-276.475521882959;34.902352554565994
46648;-103.335408386914;((x * (pow2(((x * _a4_) + _a5_)) + (_a4_ * _a0_))) * _a1_);{'d0': {'_a0_': -0.577650552487991, '_a1_': 1.8571706506110628, '_a4_': -1.3484169984652006, '_a5_': -0.42061132016371955, '_a2_': 1.0, '_a3_': 1.0, '_a6_': 1.0, '_a7_': 1.0}};{'d0': 0.024905832921019937};-276.475521882959;34.902352554565994
46649;-103.335408386914;((x * (pow2(((x * _a4_) + _a5_)) + (_a4_ * _a0_))) * _a1_);{'d0': {'_a0_': -0.577650552487991, '_a1_': 1.8571706506110628, '_a4_': -1.3484169984652006, '_a5_': -0.42061132016371955, '_a2_': 1.0, '_a3_': 1.0, '_a6_': 1.0, '_a7_': 1.0}};{'d0': 0.024905832921019937};-276.475521882959;34.902352554565994
46650;-103.335408386914;((x * (pow2(((x * _a4_) + _a5_)) + (_a4_ * _a0_))) * _a1_);{'d0': {'_a0_': -0.577650552487991, '_a1_': 1.8571706506110628, '_a4_': -1.3484169984652006, '_a5_': -0.42061132016371955, '_a2_': 1.0, '_a3_': 1.0, '_a6_': 1.0, '_a7_': 1.0}};{'d0': 0.024905832921019937};-276.475521882959;34.902352554565994
46651;-103.335408386914;((x * (pow2(((x * _a4_) + _a5_)) + (_a4_ * _a0_))) * _a1_);{'d0': {'_a0_': -0.577650552487991, '_a1_': 1.8571706506110628, '_a4_': -1.3484169984652006, '_a5_': -0.42061132016371955, '_a2_': 1.0, '_a3_': 1.0, '_a6_': 1.0, '_a7_': 1.0}};{'d0': 0.024905832921019937};-276.475521882959;34.902352554565994
46652;-103.335408386914;((x * (pow2(((x * _a4_) + _a5_)) + (_a4_ * _a0_))) * _a1_);{'d0': {'_a0_': -0.577650552487991, '_a1_': 1.8571706506110628, '_a4_': -1.3484169984652006, '_a5_': -0.42061132016371955, '_a2_': 1.0, '_a3_': 1.0, '_a6_': 1.0, '_a7_': 1.0}};{'d0': 0.024905832921019937};-276.475521882959;34.902352554565994
46653;-103.335408386914;((x * (pow2(((x * _a4_) + _a5_)) + (_a4_ * _a0_))) * _a1_);{'d0': {'_a0_': -0.577650552487991, '_a1_': 1.8571706506110628, '_a4_': -1.3484169984652006, '_a5_': -0.42061132016371955, '_a2_': 1.0, '_a3_': 1.0, '_a6_': 1.0, '_a7_': 1.0}};{'d0': 0.024905832921019937};-276.475521882959;34.902352554565994
46654;-103.335408386914;((x * (pow2(((x * _a4_) + _a5_)) + (_a4_ * _a0_))) * _a1_);{'d0': {'_a0_': -0.577650552487991, '_a1_': 1.8571706506110628, '_a4_': -1.3484169984652006, '_a5_': -0.42061132016371955, '_a2_': 1.0, '_a3_': 1.0, '_a6_': 1.0, '_a7_': 1.0}};{'d0': 0.024905832921019937};-276.475521882959;34.902352554565994
46655;-102.388670118488;((x * (pow2(((x * _a4_) + _a5_)) + (_a4_ * _a0_))) + _a1_);{'d0': {'_a0_': -0.7855771375739974, '_a1_': -0.0010242185665754143, '_a4_': -1.8391624042983625, '_a5_': -0.5743255353709984, '_a2_': 1.0, '_a3_': 1.0, '_a6_': 1.0, '_a7_': 1.0}};{'d0': 0.024885482501891158};-276.524567593254;35.873613678138994
46656;-102.388670118488;((x * (pow2(((x * _a4_) + _a5_)) + (_a4_ * _a0_))) + _a1_);{'d0': {'_a0_': -0.7855771375739974, '_a1_': -0.0010242185665754143, '_a4_': -1.8391624042983625, '_a5_': -0.5743255353709984, '_a2_': 1.0, '_a3_': 1.0, '_a6_': 1.0, '_a7_': 1.0}};{'d0': 0.024885482501891158};-276.524567593254;35.873613678138994
46657;-102.388670118488;((x * (pow2(((x * _a4_) + _a5_)) + (_a4_ * _a0_))) + _a1_);{'d0': {'_a0_': -0.7855771375739974, '_a1_': -0.0010242185665754143, '_a4_': -1.8391624042983625, '_a5_': -0.5743255353709984, '_a2_': 1.0, '_a3_': 1.0, '_a6_': 1.0, '_a7_': 1.0}};{'d0': 0.024885482501891158};-276.524567593254;35.873613678138994
46658;-102.388670118488;((x * (pow2(((x * _a4_) + _a5_)) + (_a4_ * _a0_))) + _a1_);{'d0': {'_a0_': -0.7855771375739974, '_a1_': -0.0010242185665754143, '_a4_': -1.8391624042983625, '_a5_': -0.5743255353709984, '_a2_': 1.0, '_a3_': 1.0, '_a6_': 1.0, '_a7_': 1.0}};{'d0': 0.024885482501891158};-276.524567593254;35.873613678138994
46659;-102.388670118488;((x * (pow2(((x * _a4_) + _a5_)) + (_a4_ * _a0_))) + _a1_);{'d0': {'_a0_': -0.7855771375739974, '_a1_': -0.0010242185665754143, '_a4_': -1.8391624042983625, '_a5_': -0.5743255353709984, '_a2_': 1.0, '_a3_': 1.0, '_a6_': 1.0, '_a7_': 1.0}};{'d0': 0.024885482501891158};-276.524567593254;35.873613678138994
46660;-102.388670118488;((x * (pow2(((x * _a4_) + _a5_)) + (_a4_ * _a0_))) + _a1_);{'d0': {'_a0_': -0.7855771375739974, '_a1_': -0.0010242185665754143, '_a4_': -1.8391624042983625, '_a5_': -0.5743255353709984, '_a2_': 1.0, '_a3_': 1.0, '_a6_': 1.0, '_a7_': 1.0}};{'d0': 0.024885482501891158};-276.524567593254;35.873613678138994
46661;-102.388670118488;((x * (pow2(((x * _a4_) + _a5_)) + (_a4_ * _a0_))) + _a1_);{'d0': {'_a0_': -0.7855771375739974, '_a1_': -0.0010242185665754143, '_a4_': -1.8391624042983625, '_a5_': -0.5743255353709984, '_a2_': 1.0, '_a3_': 1.0, '_a6_': 1.0, '_a7_': 1.0}};{'d0': 0.024885482501891158};-276.524567593254;35.873613678138994
46662;-102.388670118488;((x * (pow2(((x * _a4_) + _a5_)) + (_a4_ * _a0_))) + _a1_);{'d0': {'_a0_': -0.7855771375739974, '_a1_': -0.0010242185665754143, '_a4_': -1.8391624042983625, '_a5_': -0.5743255353709984, '_a2_': 1.0, '_a3_': 1.0, '_a6_': 1.0, '_a7_': 1.0}};{'d0': 0.024885482501891158};-276.524567593254;35.873613678138994
46663;-102.388670118488;((x * (pow2(((x * _a4_) + _a5_)) + (_a4_ * _a0_))) + _a1_);{'d0': {'_a0_': -0.7855771375739974, '_a1_': -0.0010242185665754143, '_a4_': -1.8391624042983625, '_a5_': -0.5743255353709984, '_a2_': 1.0, '_a3_': 1.0, '_a6_': 1.0, '_a7_': 1.0}};{'d0': 0.024885482501891158};-276.524567593254;35.873613678138994
46664;-102.388670118488;((x * (pow2(((x * _a4_) + _a5_)) + (_a4_ * _a0_))) + _a1_);{'d0': {'_a0_': -0.7855771375739974, '_a1_': -0.0010242185665754143, '_a4_': -1.8391624042983625, '_a5_': -0.5743255353709984, '_a2_': 1.0, '_a3_': 1.0, '_a6_': 1.0, '_a7_': 1.0}};{'d0': 0.024885482501891158};-276.524567593254;35.873613678138994
46665;-102.388670118488;((x * (pow2(((x * _a4_) + _a5_)) + (_a4_ * _a0_))) + _a1_);{'d0': {'_a0_': -0.7855771375739974, '_a1_': -0.0010242185665754143, '_a4_': -1.8391624042983625, '_a5_': -0.5743255353709984, '_a2_': 1.0, '_a3_': 1.0, '_a6_': 1.0, '_a7_': 1.0}};{'d0': 0.024885482501891158};-276.524567593254;35.873613678138994
46666;-102.388670118488;((x * (pow2(((x * _a4_) + _a5_)) + (_a4_ * _a0_))) + _a1_);{'d0': {'_a0_': -0.7855771375739974, '_a1_': -0.0010242185665754143, '_a4_': -1.8391624042983625, '_a5_': -0.5743255353709984, '_a2_': 1.0, '_a3_': 1.0, '_a6_': 1.0, '_a7_': 1.0}};{'d0': 0.024885482501891158};-276.524567593254;35.873613678138994
46667;-102.388670118488;((x * (pow2(((x * _a4_) + _a5_)) + (_a4_ * _a0_))) + _a1_);{'d0': {'_a0_': -0.7855771375739974, '_a1_': -0.0010242185665754143, '_a4_': -1.8391624042983625, '_a5_': -0.5743255353709984, '_a2_': 1.0, '_a3_': 1.0, '_a6_': 1.0, '_a7_': 1.0}};{'d0': 0.024885482501891158};-276.524567593254;35.873613678138994
46668;-102.388670118488;((x * (pow2(((x * _a4_) + _a5_)) + (_a4_ * _a0_))) + _a1_);{'d0': {'_a0_': -0.7855771375739974, '_a1_': -0.0010242185665754143, '_a4_': -1.8391624042983625, '_a5_': -0.5743255353709984, '_a2_': 1.0, '_a3_': 1.0, '_a6_': 1.0, '_a7_': 1.0}};{'d0': 0.024885482501891158};-276.524567593254;35.873613678138994
46669;-102.388670118488;((x * (pow2(((x * _a4_) + _a5_)) + (_a4_ * _a0_))) + _a1_);{'d0': {'_a0_': -0.7855771375739974, '_a1_': -0.0010242185665754143, '_a4_': -1.8391624042983625, '_a5_': -0.5743255353709984, '_a2_': 1.0, '_a3_': 1.0, '_a6_': 1.0, '_a7_': 1.0}};{'d0': 0.024885482501891158};-276.524567593254;35.873613678138994
46670;-102.388670118488;((x * (pow2(((x * _a4_) + _a5_)) + (_a4_ * _a0_))) + _a1_);{'d0': {'_a0_': -0.7855771375739974, '_a1_': -0.0010242185665754143, '_a4_': -1.8391624042983625, '_a5_': -0.5743255353709984, '_a2_': 1.0, '_a3_': 1.0, '_a6_': 1.0, '_a7_': 1.0}};{'d0': 0.024885482501891158};-276.524567593254;35.873613678138994
46671;-102.388670118488;((x * (pow2(((x * _a4_) + _a5_)) + (_a4_ * _a0_))) + _a1_);{'d0': {'_a0_': -0.7855771375739974, '_a1_': -0.0010242185665754143, '_a4_': -1.8391624042983625, '_a5_': -0.5743255353709984, '_a2_': 1.0, '_a3_': 1.0, '_a6_': 1.0, '_a7_': 1.0}};{'d0': 0.024885482501891158};-276.524567593254;35.873613678138994
46672;-102.388670118517;((x * (pow2(((x * _a4_) + _a5_)) + (_a4_ * _a6_))) + _a1_);{'d0': {'_a1_': -0.0010241830657378278, '_a4_': -1.8391623500715315, '_a5_': -0.5743254963318083, '_a6_': -0.7855771940234129, '_a0_': 1.0, '_a2_': 1.0, '_a3_': 1.0, '_a7_': 1.0}};{'d0': 0.02488548250186683};-276.524567593313;35.873613678138994
46673;-102.388670118517;((x * (pow2(((x * _a4_) + _a5_)) + (_a4_ * _a6_))) + _a1_);{'d0': {'_a1_': -0.0010241830657378278, '_a4_': -1.8391623500715315, '_a5_': -0.5743254963318083, '_a6_': -0.7855771940234129, '_a0_': 1.0, '_a2_': 1.0, '_a3_': 1.0, '_a7_': 1.0}};{'d0': 0.02488548250186683};-276.524567593313;35.873613678138994
46674;-95.9023417432929;(((pow2((_a4_ * (((x + _a5_) / _a5_) * _a4_))) * _a4_) + _a1_) * -(x));{'d0': {'_a1_': -1.4465760895362547, '_a4_': -0.8004288929671536, '_a5_': 0.3119297078546397, '_a0_': 1.0, '_a2_': 1.0, '_a3_': 1.0, '_a6_': 1.0, '_a7_': 1.0}};{'d0': 0.024905832919416657};-280.569866449044;44.3825914812287
46675;-95.9023417432929;(((pow2((_a4_ * (((x + _a5_) / _a5_) * _a4_))) * _a4_) + _a1_) * -(x));{'d0': {'_a1_': -1.4465760895362547, '_a4_': -0.8004288929671536, '_a5_': 0.3119297078546397, '_a0_': 1.0, '_a2_': 1.0, '_a3_': 1.0, '_a6_': 1.0, '_a7_': 1.0}};{'d0': 0.024905832919416657};-280.569866449044;44.3825914812287
46676;-95.9023417432929;(((pow2((_a4_ * (((x + _a5_) / _a5_) * _a4_))) * _a4_) + _a1_) * -(x));{'d0': {'_a1_': -1.4465760895362547, '_a4_': -0.8004288929671536, '_a5_': 0.3119297078546397, '_a0_': 1.0, '_a2_': 1.0, '_a3_': 1.0, '_a6_': 1.0, '_a7_': 1.0}};{'d0': 0.024905832919416657};-280.569866449044;44.3825914812287
46677;-95.9023417432929;(((pow2((_a4_ * (((x + _a5_) / _a5_) * _a4_))) * _a4_) + _a1_) * -(x));{'d0': {'_a1_': -1.4465760895362547, '_a4_': -0.8004288929671536, '_a5_': 0.3119297078546397, '_a0_': 1.0, '_a2_': 1.0, '_a3_': 1.0, '_a6_': 1.0, '_a7_': 1.0}};{'d0': 0.024905832919416657};-280.569866449044;44.3825914812287
46678;-95.9023417432929;(((pow2((_a4_ * (((x + _a5_) / _a5_) * _a4_))) * _a4_) + _a1_) * -(x));{'d0': {'_a1_': -1.4465760895362547, '_a4_': -0.8004288929671536, '_a5_': 0.3119297078546397, '_a0_': 1.0, '_a2_': 1.0, '_a3_': 1.0, '_a6_': 1.0, '_a7_': 1.0}};{'d0': 0.024905832919416657};-280.569866449044;44.3825914812287
46679;-95.9023417432929;(((pow2((_a4_ * (((x + _a5_) / _a5_) * _a4_))) * _a4_) + _a1_) * -(x));{'d0': {'_a1_': -1.4465760895362547, '_a4_': -0.8004288929671536, '_a5_': 0.3119297078546397, '_a0_': 1.0, '_a2_': 1.0, '_a3_': 1.0, '_a6_': 1.0, '_a7_': 1.0}};{'d0': 0.024905832919416657};-280.569866449044;44.3825914812287
46680;-95.9023417432929;(((pow2((_a4_ * (((x + _a5_) / _a5_) * _a4_))) * _a4_) + _a1_) * -(x));{'d0': {'_a1_': -1.4465760895362547, '_a4_': -0.8004288929671536, '_a5_': 0.3119297078546397, '_a0_': 1.0, '_a2_': 1.0, '_a3_': 1.0, '_a6_': 1.0, '_a7_': 1.0}};{'d0': 0.024905832919416657};-280.569866449044;44.3825914812287
46681;-95.9023417432929;(((pow2((_a4_ * (((x + _a5_) / _a5_) * _a4_))) * _a4_) + _a1_) * -(x));{'d0': {'_a1_': -1.4465760895362547, '_a4_': -0.8004288929671536, '_a5_': 0.3119297078546397, '_a0_': 1.0, '_a2_': 1.0, '_a3_': 1.0, '_a6_': 1.0, '_a7_': 1.0}};{'d0': 0.024905832919416657};-280.569866449044;44.3825914812287
46682;-95.9023417432929;(((pow2((_a4_ * (((x + _a5_) / _a5_) * _a4_))) * _a4_) + _a1_) * -(x));{'d0': {'_a1_': -1.4465760895362547, '_a4_': -0.8004288929671536, '_a5_': 0.3119297078546397, '_a0_': 1.0, '_a2_': 1.0, '_a3_': 1.0, '_a6_': 1.0, '_a7_': 1.0}};{'d0': 0.024905832919416657};-280.569866449044;44.3825914812287
46683;-95.9023417432929;(((pow2((_a4_ * (((x + _a5_) / _a5_) * _a4_))) * _a4_) + _a1_) * -(x));{'d0': {'_a1_': -1.4465760895362547, '_a4_': -0.8004288929671536, '_a5_': 0.3119297078546397, '_a0_': 1.0, '_a2_': 1.0, '_a3_': 1.0, '_a6_': 1.0, '_a7_': 1.0}};{'d0': 0.024905832919416657};-280.569866449044;44.3825914812287
46684;-95.9023417432929;(((pow2((_a4_ * (((x + _a5_) / _a5_) * _a4_))) * _a4_) + _a1_) * -(x));{'d0': {'_a1_': -1.4465760895362547, '_a4_': -0.8004288929671536, '_a5_': 0.3119297078546397, '_a0_': 1.0, '_a2_': 1.0, '_a3_': 1.0, '_a6_': 1.0, '_a7_': 1.0}};{'d0': 0.024905832919416657};-280.569866449044;44.3825914812287
46685;-95.9023417432929;(((pow2((_a4_ * (((x + _a5_) / _a5_) * _a4_))) * _a4_) + _a1_) * -(x));{'d0': {'_a1_': -1.4465760895362547, '_a4_': -0.8004288929671536, '_a5_': 0.3119297078546397, '_a0_': 1.0, '_a2_': 1.0, '_a3_': 1.0, '_a6_': 1.0, '_a7_': 1.0}};{'d0': 0.024905832919416657};-280.569866449044;44.3825914812287
46686;-95.9023417432929;(((pow2((_a4_ * (((x + _a5_) / _a5_) * _a4_))) * _a4_) + _a1_) * -(x));{'d0': {'_a1_': -1.4465760895362547, '_a4_': -0.8004288929671536, '_a5_': 0.3119297078546397, '_a0_': 1.0, '_a2_': 1.0, '_a3_': 1.0, '_a6_': 1.0, '_a7_': 1.0}};{'d0': 0.024905832919416657};-280.569866449044;44.3825914812287
46687;-93.0441623836562;((((((_a0_ * (x * x)) * _a7_) + ((_a2_ * _a0_) + x)) + x) * _a2_) * x);{'d0': {'_a0_': 1.599990463925633, '_a2_': 1.053312033676787, '_a7_': 2.003668485132587, '_a1_': 1.0, '_a3_': 1.0, '_a4_': 1.0, '_a5_': 1.0, '_a6_': 1.0}};{'d0': 0.02490583291941654};-280.569866449044;47.24077084086601
46688;-95.9023417432929;(((pow2((_a4_ * (((x + _a5_) / _a5_) * _a4_))) * _a4_) + _a1_) * -(x));{'d0': {'_a1_': -1.4465760895362547, '_a4_': -0.8004288929671536, '_a5_': 0.3119297078546397, '_a0_': 1.0, '_a2_': 1.0, '_a3_': 1.0, '_a6_': 1.0, '_a7_': 1.0}};{'d0': 0.024905832919416657};-280.569866449044;44.3825914812287
46689;-90.8806445315139;(((pow2((_a4_ * (((x + _a5_) / _a5_) * _a4_))) * _a4_) + (_a6_ * _a4_)) * -(x));{'d0': {'_a4_': -0.8004288929431927, '_a5_': 0.3119297077886405, '_a6_': 1.8072512146915982, '_a0_': 1.0, '_a1_': 1.0, '_a2_': 1.0, '_a3_': 1.0, '_a7_': 1.0}};{'d0': 0.024905832919416664};-280.569866449044;49.4042886930077
46690;-90.8806445315139;(((pow2((_a4_ * (((x + _a5_) / _a5_) * _a4_))) * _a4_) + (_a6_ * _a4_)) * -(x));{'d0': {'_a4_': -0.8004288929431927, '_a5_': 0.3119297077886405, '_a6_': 1.8072512146915982, '_a0_': 1.0, '_a1_': 1.0, '_a2_': 1.0, '_a3_': 1.0, '_a7_': 1.0}};{'d0': 0.024905832919416664};-280.569866449044;49.4042886930077
46691;-90.8806445315139;(((pow2((_a4_ * (((x + _a5_) / _a5_) * _a4_))) * _a4_) + (_a6_ * _a4_)) * -(x));{'d0': {'_a4_': -0.8004288929431927, '_a5_': 0.3119297077886405, '_a6_': 1.8072512146915982, '_a0_': 1.0, '_a1_': 1.0, '_a2_': 1.0, '_a3_': 1.0, '_a7_': 1.0}};{'d0': 0.024905832919416664};-280.569866449044;49.4042886930077
46692;-90.8806445315139;(((pow2((_a4_ * (((x + _a5_) / _a5_) * _a4_))) * _a4_) + (_a6_ * _a4_)) * -(x));{'d0': {'_a4_': -0.8004288929431927, '_a5_': 0.3119297077886405, '_a6_': 1.8072512146915982, '_a0_': 1.0, '_a1_': 1.0, '_a2_': 1.0, '_a3_': 1.0, '_a7_': 1.0}};{'d0': 0.024905832919416664};-280.569866449044;49.4042886930077
46693;-90.8806445315139;(((pow2((_a4_ * (((x + _a5_) / _a5_) * _a4_))) * _a4_) + (_a6_ * _a4_)) * -(x));{'d0': {'_a4_': -0.8004288929431927, '_a5_': 0.3119297077886405, '_a6_': 1.8072512146915982, '_a0_': 1.0, '_a1_': 1.0, '_a2_': 1.0, '_a3_': 1.0, '_a7_': 1.0}};{'d0': 0.024905832919416664};-280.569866449044;49.4042886930077
46694;-90.8806445315139;(((pow2((_a4_ * (((x + _a5_) / _a5_) * _a4_))) * _a4_) + (_a6_ * _a4_)) * -(x));{'d0': {'_a4_': -0.8004288929431927, '_a5_': 0.3119297077886405, '_a6_': 1.8072512146915982, '_a0_': 1.0, '_a1_': 1.0, '_a2_': 1.0, '_a3_': 1.0, '_a7_': 1.0}};{'d0': 0.024905832919416664};-280.569866449044;49.4042886930077
46695;-90.8806445315139;(((pow2((_a4_ * (((x + _a5_) / _a5_) * _a4_))) * _a4_) + (_a6_ * _a4_)) * -(x));{'d0': {'_a4_': -0.8004288929431927, '_a5_': 0.3119297077886405, '_a6_': 1.8072512146915982, '_a0_': 1.0, '_a1_': 1.0, '_a2_': 1.0, '_a3_': 1.0, '_a7_': 1.0}};{'d0': 0.024905832919416664};-280.569866449044;49.4042886930077
46696;-92.2218895050318;(((pow2((_a4_ * (((x + _a5_) / _a5_) * _a4_))) * _a4_) + -(_a7_)) * -(x));{'d0': {'_a4_': -0.800428892852078, '_a5_': 0.3119297077209583, '_a7_': 1.4465760890468935, '_a0_': 1.0, '_a1_': 1.0, '_a2_': 1.0, '_a3_': 1.0, '_a6_': 1.0}};{'d0': 0.02490583291941661};-280.569866449044;48.06304371948987
46697;-92.2218895050318;(((pow2((_a4_ * (((x + _a5_) / _a5_) * _a4_))) * _a4_) + -(_a7_)) * -(x));{'d0': {'_a4_': -0.800428892852078, '_a5_': 0.3119297077209583, '_a7_': 1.4465760890468935, '_a0_': 1.0, '_a1_': 1.0, '_a2_': 1.0, '_a3_': 1.0, '_a6_': 1.0}};{'d0': 0.02490583291941661};-280.569866449044;48.06304371948987
46698;-92.2218895050318;(((pow2((_a4_ * (((x + _a5_) / _a5_) * _a4_))) * _a4_) + -(_a7_)) * -(x));{'d0': {'_a4_': -0.800428892852078, '_a5_': 0.3119297077209583, '_a7_': 1.4465760890468935, '_a0_': 1.0, '_a1_': 1.0, '_a2_': 1.0, '_a3_': 1.0, '_a6_': 1.0}};{'d0': 0.02490583291941661};-280.569866449044;48.06304371948987
46699;-92.2218895050318;(((pow2((_a4_ * (((x + _a5_) / _a5_) * _a4_))) * _a4_) + -(_a7_)) * -(x));{'d0': {'_a4_': -0.800428892852078, '_a5_': 0.3119297077209583, '_a7_': 1.4465760890468935, '_a0_': 1.0, '_a1_': 1.0, '_a2_': 1.0, '_a3_': 1.0, '_a6_': 1.0}};{'d0': 0.02490583291941661};-280.569866449044;48.06304371948987
46700;-93.0441623836562;((((((_a0_ * (x * x)) * _a7_) + ((_a2_ * _a0_) + x)) + x) * _a2_) * x);{'d0': {'_a0_': 1.599990463925633, '_a2_': 1.053312033676787, '_a7_': 2.003668485132587, '_a1_': 1.0, '_a3_': 1.0, '_a4_': 1.0, '_a5_': 1.0, '_a6_': 1.0}};{'d0': 0.02490583291941654};-280.569866449044;47.24077084086601
46701;-93.0441623836562;((((((_a0_ * (x * x)) * _a7_) + ((_a2_ * _a0_) + x)) + x) * _a2_) * x);{'d0': {'_a0_': 1.599990463925633, '_a2_': 1.053312033676787, '_a7_': 2.003668485132587, '_a1_': 1.0, '_a3_': 1.0, '_a4_': 1.0, '_a5_': 1.0, '_a6_': 1.0}};{'d0': 0.02490583291941654};-280.569866449044;47.24077084086601
46702;-93.0441623836562;((((((_a0_ * (x * x)) * _a7_) + ((_a2_ * _a0_) + x)) + x) * _a2_) * x);{'d0': {'_a0_': 1.599990463925633, '_a2_': 1.053312033676787, '_a7_': 2.003668485132587, '_a1_': 1.0, '_a3_': 1.0, '_a4_': 1.0, '_a5_': 1.0, '_a6_': 1.0}};{'d0': 0.02490583291941654};-280.569866449044;47.24077084086601
46703;-98.1382168817571;((((((_a0_ * (x * x)) * _a7_) + (_a7_ + x)) + x) * _a2_) * x);{'d0': {'_a0_': 1.9022553822910468, '_a2_': 1.0533120340892717, '_a7_': 1.685289208931607, '_a1_': 1.0, '_a3_': 1.0, '_a4_': 1.0, '_a5_': 1.0, '_a6_': 1.0}};{'d0': 0.024905832919416587};-280.569866449044;42.14671634276501
46704;-102.388670118509;((x * (pow2(((x * _a4_) + _a0_)) + (x * _a6_))) + _a1_);{'d0': {'_a0_': -1.3321613165918242, '_a1_': -0.0010241854712696337, '_a4_': -1.8391623653140543, '_a6_': -2.787566233395143, '_a2_': 1.0, '_a3_': 1.0, '_a5_': 1.0, '_a7_': 1.0}};{'d0': 0.02488548250187355};-276.524567593296;35.873613678138994
46705;-102.388670118509;((x * (pow2(((x * _a4_) + _a0_)) + (x * _a6_))) + _a1_);{'d0': {'_a0_': -1.3321613165918242, '_a1_': -0.0010241854712696337, '_a4_': -1.8391623653140543, '_a6_': -2.787566233395143, '_a2_': 1.0, '_a3_': 1.0, '_a5_': 1.0, '_a7_': 1.0}};{'d0': 0.02488548250187355};-276.524567593296;35.873613678138994
46706;-102.388670118509;((x * (pow2(((x * _a4_) + _a0_)) + (x * _a6_))) + _a1_);{'d0': {'_a0_': -1.3321613165918242, '_a1_': -0.0010241854712696337, '_a4_': -1.8391623653140543, '_a6_': -2.787566233395143, '_a2_': 1.0, '_a3_': 1.0, '_a5_': 1.0, '_a7_': 1.0}};{'d0': 0.02488548250187355};-276.524567593296;35.873613678138994
46707;-102.388670118509;((x * (pow2(((x * _a4_) + _a0_)) + (x * _a6_))) + _a1_);{'d0': {'_a0_': -1.3321613165918242, '_a1_': -0.0010241854712696337, '_a4_': -1.8391623653140543, '_a6_': -2.787566233395143, '_a2_': 1.0, '_a3_': 1.0, '_a5_': 1.0, '_a7_': 1.0}};{'d0': 0.02488548250187355};-276.524567593296;35.873613678138994
46708;-102.388670118509;((x * (pow2(((x * _a4_) + _a0_)) + (x * _a6_))) + _a1_);{'d0': {'_a0_': -1.3321613165918242, '_a1_': -0.0010241854712696337, '_a4_': -1.8391623653140543, '_a6_': -2.787566233395143, '_a2_': 1.0, '_a3_': 1.0, '_a5_': 1.0, '_a7_': 1.0}};{'d0': 0.02488548250187355};-276.524567593296;35.873613678138994
46709;-102.388670118509;((x * (pow2(((x * _a4_) + _a0_)) + (x * _a6_))) + _a1_);{'d0': {'_a0_': -1.3321613165918242, '_a1_': -0.0010241854712696337, '_a4_': -1.8391623653140543, '_a6_': -2.787566233395143, '_a2_': 1.0, '_a3_': 1.0, '_a5_': 1.0, '_a7_': 1.0}};{'d0': 0.02488548250187355};-276.524567593296;35.873613678138994
46710;-102.388670118509;((x * (pow2(((x * _a4_) + _a0_)) + (x * _a6_))) + _a1_);{'d0': {'_a0_': -1.3321613165918242, '_a1_': -0.0010241854712696337, '_a4_': -1.8391623653140543, '_a6_': -2.787566233395143, '_a2_': 1.0, '_a3_': 1.0, '_a5_': 1.0, '_a7_': 1.0}};{'d0': 0.02488548250187355};-276.524567593296;35.873613678138994
46711;-102.388670118509;((x * (pow2(((x * _a4_) + _a0_)) + (x * _a6_))) + _a1_);{'d0': {'_a0_': -1.3321613165918242, '_a1_': -0.0010241854712696337, '_a4_': -1.8391623653140543, '_a6_': -2.787566233395143, '_a2_': 1.0, '_a3_': 1.0, '_a5_': 1.0, '_a7_': 1.0}};{'d0': 0.02488548250187355};-276.524567593296;35.873613678138994
46712;-102.388670118509;((x * (pow2(((x * _a4_) + _a0_)) + (x * _a6_))) + _a1_);{'d0': {'_a0_': -1.3321613165918242, '_a1_': -0.0010241854712696337, '_a4_': -1.8391623653140543, '_a6_': -2.787566233395143, '_a2_': 1.0, '_a3_': 1.0, '_a5_': 1.0, '_a7_': 1.0}};{'d0': 0.02488548250187355};-276.524567593296;35.873613678138994
46713;-102.388670118509;((x * (pow2(((x * _a4_) + _a0_)) + (x * _a6_))) + _a1_);{'d0': {'_a0_': -1.3321613165918242, '_a1_': -0.0010241854712696337, '_a4_': -1.8391623653140543, '_a6_': -2.787566233395143, '_a2_': 1.0, '_a3_': 1.0, '_a5_': 1.0, '_a7_': 1.0}};{'d0': 0.02488548250187355};-276.524567593296;35.873613678138994
46714;-102.388670118509;((x * (pow2(((x * _a4_) + _a0_)) + (x * _a6_))) + _a1_);{'d0': {'_a0_': -1.3321613165918242, '_a1_': -0.0010241854712696337, '_a4_': -1.8391623653140543, '_a6_': -2.787566233395143, '_a2_': 1.0, '_a3_': 1.0, '_a5_': 1.0, '_a7_': 1.0}};{'d0': 0.02488548250187355};-276.524567593296;35.873613678138994
46715;-102.388670118509;((x * (pow2(((x * _a4_) + _a0_)) + (x * _a6_))) + _a1_);{'d0': {'_a0_': -1.3321613165918242, '_a1_': -0.0010241854712696337, '_a4_': -1.8391623653140543, '_a6_': -2.787566233395143, '_a2_': 1.0, '_a3_': 1.0, '_a5_': 1.0, '_a7_': 1.0}};{'d0': 0.02488548250187355};-276.524567593296;35.873613678138994
46716;-102.388670118509;((x * (pow2(((x * _a4_) + _a0_)) + (x * _a6_))) + _a1_);{'d0': {'_a0_': -1.3321613165918242, '_a1_': -0.0010241854712696337, '_a4_': -1.8391623653140543, '_a6_': -2.787566233395143, '_a2_': 1.0, '_a3_': 1.0, '_a5_': 1.0, '_a7_': 1.0}};{'d0': 0.02488548250187355};-276.524567593296;35.873613678138994
46717;-102.388670118509;((x * (pow2(((x * _a4_) + _a0_)) + (x * _a6_))) + _a1_);{'d0': {'_a0_': -1.3321613165918242, '_a1_': -0.0010241854712696337, '_a4_': -1.8391623653140543, '_a6_': -2.787566233395143, '_a2_': 1.0, '_a3_': 1.0, '_a5_': 1.0, '_a7_': 1.0}};{'d0': 0.02488548250187355};-276.524567593296;35.873613678138994
46718;-102.388670118516;((x * (pow2(((x * _a4_) + _a0_)) + (_a6_ * _a6_))) + _a1_);{'d0': {'_a0_': -0.5743254878371669, '_a1_': -0.0010241753765371036, '_a4_': -1.8391623382074704, '_a6_': -1.2020000048574406, '_a2_': 1.0, '_a3_': 1.0, '_a5_': 1.0, '_a7_': 1.0}};{'d0': 0.024885482501868082};-276.524567593309;35.873613678138994
46719;-102.388670118516;((x * (pow2(((x * _a4_) + _a0_)) + (_a6_ * _a6_))) + _a1_);{'d0': {'_a0_': -0.5743254878371669, '_a1_': -0.0010241753765371036, '_a4_': -1.8391623382074704, '_a6_': -1.2020000048574406, '_a2_': 1.0, '_a3_': 1.0, '_a5_': 1.0, '_a7_': 1.0}};{'d0': 0.024885482501868082};-276.524567593309;35.873613678138994
46720;-102.388670118516;((x * (pow2(((x * _a4_) + _a0_)) + (_a6_ * _a6_))) + _a1_);{'d0': {'_a0_': -0.5743254878371669, '_a1_': -0.0010241753765371036, '_a4_': -1.8391623382074704, '_a6_': -1.2020000048574406, '_a2_': 1.0, '_a3_': 1.0, '_a5_': 1.0, '_a7_': 1.0}};{'d0': 0.024885482501868082};-276.524567593309;35.873613678138994
46721;-102.388670118503;((x * (pow2(((x * _a4_) + _a5_)) + (_a6_ * _a6_))) + _a1_);{'d0': {'_a1_': -0.001024208145007628, '_a4_': -1.839162388204007, '_a5_': -0.5743255238575141, '_a6_': -1.201999981368478, '_a0_': 1.0, '_a2_': 1.0, '_a3_': 1.0, '_a7_': 1.0}};{'d0': 0.024885482501878876};-276.524567593284;35.873613678138994
46722;-102.388670118503;((x * (pow2(((x * _a4_) + _a5_)) + (_a6_ * _a6_))) + _a1_);{'d0': {'_a1_': -0.001024208145007628, '_a4_': -1.839162388204007, '_a5_': -0.5743255238575141, '_a6_': -1.201999981368478, '_a0_': 1.0, '_a2_': 1.0, '_a3_': 1.0, '_a7_': 1.0}};{'d0': 0.024885482501878876};-276.524567593284;35.873613678138994
46723;-102.388670118503;((x * (pow2(((x * _a4_) + _a5_)) + (_a6_ * _a6_))) + _a1_);{'d0': {'_a1_': -0.001024208145007628, '_a4_': -1.839162388204007, '_a5_': -0.5743255238575141, '_a6_': -1.201999981368478, '_a0_': 1.0, '_a2_': 1.0, '_a3_': 1.0, '_a7_': 1.0}};{'d0': 0.024885482501878876};-276.524567593284;35.873613678138994
46724;-102.388670118503;((x * (pow2(((x * _a4_) + _a5_)) + (_a6_ * _a6_))) + _a1_);{'d0': {'_a1_': -0.001024208145007628, '_a4_': -1.839162388204007, '_a5_': -0.5743255238575141, '_a6_': -1.201999981368478, '_a0_': 1.0, '_a2_': 1.0, '_a3_': 1.0, '_a7_': 1.0}};{'d0': 0.024885482501878876};-276.524567593284;35.873613678138994
46725;-97.4393301930437;(((x * (pow2(((x * _a4_) + _a5_)) + (_a6_ * _a6_))) + _a1_) * _a6_);{'d0': {'_a1_': -0.0009059814362180443, '_a4_': 1.7297576396623837, '_a5_': 0.5401610921676515, '_a6_': 1.1304975885097337, '_a0_': 1.0, '_a2_': 1.0, '_a3_': 1.0, '_a7_': 1.0}};{'d0': 0.024885482501880562};-276.524567593279;40.82295360359599
46726;-97.4393301930437;(((x * (pow2(((x * _a4_) + _a5_)) + (_a6_ * _a6_))) + _a1_) * _a6_);{'d0': {'_a1_': -0.0009059814362180443, '_a4_': 1.7297576396623837, '_a5_': 0.5401610921676515, '_a6_': 1.1304975885097337, '_a0_': 1.0, '_a2_': 1.0, '_a3_': 1.0, '_a7_': 1.0}};{'d0': 0.024885482501880562};-276.524567593279;40.82295360359599
46727;-92.3093672653561;((x + -(((-(pow2((x + _a5_))) * (pow2(_a0_) + _a1_)) + _a1_))) * x);{'d0': {'_a0_': 2.24971803312689, '_a1_': -1.6844703504798753, '_a5_': 0.16385881434901853, '_a2_': 1.0, '_a3_': 1.0, '_a4_': 1.0, '_a6_': 1.0, '_a7_': 1.0}};{'d0': 0.024905832919416622};-280.569866449044;47.97556595916567
46728;-92.3093672653561;((x + -(((-(pow2((x + _a5_))) * (pow2(_a0_) + _a0_)) + _a1_))) * x);{'d0': {'_a0_': 1.4044056497567374, '_a1_': -1.6844703503170633, '_a5_': 0.16385881442917846, '_a2_': 1.0, '_a3_': 1.0, '_a4_': 1.0, '_a6_': 1.0, '_a7_': 1.0}};{'d0': 0.02490583291941663};-280.569866449044;47.97556595916567
46729;-102.388670118503;((x * (pow2(((x * _a4_) + _a5_)) + (_a6_ * _a6_))) + _a1_);{'d0': {'_a1_': -0.001024208145007628, '_a4_': -1.839162388204007, '_a5_': -0.5743255238575141, '_a6_': -1.201999981368478, '_a0_': 1.0, '_a2_': 1.0, '_a3_': 1.0, '_a7_': 1.0}};{'d0': 0.024885482501878876};-276.524567593284;35.873613678138994
46730;-102.388670118503;((x * (pow2(((x * _a4_) + _a5_)) + (_a6_ * _a6_))) + _a1_);{'d0': {'_a1_': -0.001024208145007628, '_a4_': -1.839162388204007, '_a5_': -0.5743255238575141, '_a6_': -1.201999981368478, '_a0_': 1.0, '_a2_': 1.0, '_a3_': 1.0, '_a7_': 1.0}};{'d0': 0.024885482501878876};-276.524567593284;35.873613678138994
46731;-102.388670118503;((x * (pow2(((x * _a4_) + _a5_)) + (_a6_ * _a6_))) + _a1_);{'d0': {'_a1_': -0.001024208145007628, '_a4_': -1.839162388204007, '_a5_': -0.5743255238575141, '_a6_': -1.201999981368478, '_a0_': 1.0, '_a2_': 1.0, '_a3_': 1.0, '_a7_': 1.0}};{'d0': 0.024885482501878876};-276.524567593284;35.873613678138994
46732;-102.388670118503;((x * (pow2(((x * _a4_) + _a5_)) + (_a6_ * _a6_))) + _a1_);{'d0': {'_a1_': -0.001024208145007628, '_a4_': -1.839162388204007, '_a5_': -0.5743255238575141, '_a6_': -1.201999981368478, '_a0_': 1.0, '_a2_': 1.0, '_a3_': 1.0, '_a7_': 1.0}};{'d0': 0.024885482501878876};-276.524567593284;35.873613678138994
46733;-102.388670118503;((x * (pow2(((x * _a4_) + _a5_)) + (_a6_ * _a6_))) + _a1_);{'d0': {'_a1_': -0.001024208145007628, '_a4_': -1.839162388204007, '_a5_': -0.5743255238575141, '_a6_': -1.201999981368478, '_a0_': 1.0, '_a2_': 1.0, '_a3_': 1.0, '_a7_': 1.0}};{'d0': 0.024885482501878876};-276.524567593284;35.873613678138994
46734;-95.3921579119347;((x * (pow2((((x * _a3_) * _a4_) + _a5_)) + (_a6_ * _a6_))) + _a1_);{'d0': {'_a1_': -0.001024208145007628, '_a3_': 1.0, '_a4_': -1.839162388204007, '_a5_': -0.5743255238575141, '_a6_': -1.201999981368478, '_a0_': 1.0, '_a2_': 1.0, '_a7_': 1.0}};{'d0': 0.024885482501878876};-272.430223031061;40.82295360359599
46735;-95.3921579119347;((x * (pow2((((x * _a3_) * _a4_) + _a5_)) + (_a6_ * _a6_))) + _a1_);{'d0': {'_a1_': -0.001024208145007628, '_a3_': 1.0, '_a4_': -1.839162388204007, '_a5_': -0.5743255238575141, '_a6_': -1.201999981368478, '_a0_': 1.0, '_a2_': 1.0, '_a7_': 1.0}};{'d0': 0.024885482501878876};-272.430223031061;40.82295360359599
46736;-97.4393301930397;((x * (pow2((((x * _a4_) * _a4_) + _a5_)) + (_a6_ * _a6_))) + _a1_);{'d0': {'_a1_': -0.0010241536239615622, '_a4_': -1.356157183101375, '_a5_': 0.5743254642894832, '_a6_': -1.2020000213095743, '_a0_': 1.0, '_a2_': 1.0, '_a3_': 1.0, '_a7_': 1.0}};{'d0': 0.0248854825018839};-276.524567593271;40.82295360359599
46737;-97.4393301930397;((x * (pow2((((x * _a4_) * _a4_) + _a5_)) + (_a6_ * _a6_))) + _a1_);{'d0': {'_a1_': -0.0010241536239615622, '_a4_': -1.356157183101375, '_a5_': 0.5743254642894832, '_a6_': -1.2020000213095743, '_a0_': 1.0, '_a2_': 1.0, '_a3_': 1.0, '_a7_': 1.0}};{'d0': 0.0248854825018839};-276.524567593271;40.82295360359599
46738;-97.5351165960297;((x * (pow2((((x * _a4_) * _a4_) + _a5_)) + (_a6_ * _a6_))) / _a1_);{'d0': {'_a1_': 0.005500035495712088, '_a4_': -0.3691615948430857, '_a5_': 0.042509864671534156, '_a6_': 0.08919766208377396, '_a0_': 1.0, '_a2_': 1.0, '_a3_': 1.0, '_a7_': 1.0}};{'d0': 0.024905832941344318};-276.475521833996;40.70264432096839
46739;-98.1382168817571;((((((_a0_ * (x * x)) * _a7_) + (_a7_ + x)) + x) * _a2_) * x);{'d0': {'_a0_': 1.9022553822910468, '_a2_': 1.0533120340892717, '_a7_': 1.685289208931607, '_a1_': 1.0, '_a3_': 1.0, '_a4_': 1.0, '_a5_': 1.0, '_a6_': 1.0}};{'d0': 0.024905832919416587};-280.569866449044;42.14671634276501
46740;-98.1382168817571;((((((_a0_ * (x * x)) * _a7_) + (_a7_ + x)) + x) * _a2_) * x);{'d0': {'_a0_': 1.9022553822910468, '_a2_': 1.0533120340892717, '_a7_': 1.685289208931607, '_a1_': 1.0, '_a3_': 1.0, '_a4_': 1.0, '_a5_': 1.0, '_a6_': 1.0}};{'d0': 0.024905832919416587};-280.569866449044;42.14671634276501
46741;-98.1382168817571;((((((_a0_ * (x * x)) * _a7_) + (_a7_ + x)) + x) * _a2_) * x);{'d0': {'_a0_': 1.9022553822910468, '_a2_': 1.0533120340892717, '_a7_': 1.685289208931607, '_a1_': 1.0, '_a3_': 1.0, '_a4_': 1.0, '_a5_': 1.0, '_a6_': 1.0}};{'d0': 0.024905832919416587};-280.569866449044;42.14671634276501
46742;-98.1382168817571;((((((_a0_ * (x * x)) * _a7_) + (_a7_ + x)) + x) * _a2_) * x);{'d0': {'_a0_': 1.9022553822910468, '_a2_': 1.0533120340892717, '_a7_': 1.685289208931607, '_a1_': 1.0, '_a3_': 1.0, '_a4_': 1.0, '_a5_': 1.0, '_a6_': 1.0}};{'d0': 0.024905832919416587};-280.569866449044;42.14671634276501
46743;-98.1382168817571;((((((_a0_ * (x * x)) * _a7_) + (_a7_ + x)) + x) * _a2_) * x);{'d0': {'_a0_': 1.9022553822910468, '_a2_': 1.0533120340892717, '_a7_': 1.685289208931607, '_a1_': 1.0, '_a3_': 1.0, '_a4_': 1.0, '_a5_': 1.0, '_a6_': 1.0}};{'d0': 0.024905832919416587};-280.569866449044;42.14671634276501
46744;-94.4402824091471;((((((pow2(_a5_) * (x * x)) * _a7_) + (_a7_ + x)) + x) * _a2_) * x);{'d0': {'_a2_': 1.0533120334592725, '_a5_': 1.379222745479103, '_a7_': 1.6852892098569638, '_a0_': 1.0, '_a1_': 1.0, '_a3_': 1.0, '_a4_': 1.0, '_a6_': 1.0}};{'d0': 0.024905832919416594};-280.569866449044;45.84465081537501
46745;-94.4402824091471;((((((pow2(_a5_) * (x * x)) * _a7_) + (_a7_ + x)) + x) * _a2_) * x);{'d0': {'_a2_': 1.0533120334592725, '_a5_': 1.379222745479103, '_a7_': 1.6852892098569638, '_a0_': 1.0, '_a1_': 1.0, '_a3_': 1.0, '_a4_': 1.0, '_a6_': 1.0}};{'d0': 0.024905832919416594};-280.569866449044;45.84465081537501
46746;-97.5351165960297;((x * (pow2((((x * _a4_) * _a4_) + _a5_)) + (_a6_ * _a6_))) / _a1_);{'d0': {'_a1_': 0.005500035495712088, '_a4_': -0.3691615948430857, '_a5_': 0.042509864671534156, '_a6_': 0.08919766208377396, '_a0_': 1.0, '_a2_': 1.0, '_a3_': 1.0, '_a7_': 1.0}};{'d0': 0.024905832941344318};-276.475521833996;40.70264432096839
46747;-97.5351165960297;((x * (pow2((((x * _a4_) * _a4_) + _a5_)) + (_a6_ * _a6_))) / _a1_);{'d0': {'_a1_': 0.005500035495712088, '_a4_': -0.3691615948430857, '_a5_': 0.042509864671534156, '_a6_': 0.08919766208377396, '_a0_': 1.0, '_a2_': 1.0, '_a3_': 1.0, '_a7_': 1.0}};{'d0': 0.024905832941344318};-276.475521833996;40.70264432096839
46748;-97.5351165960297;((x * (pow2((((x * _a4_) * _a4_) + _a5_)) + (_a6_ * _a6_))) / _a1_);{'d0': {'_a1_': 0.005500035495712088, '_a4_': -0.3691615948430857, '_a5_': 0.042509864671534156, '_a6_': 0.08919766208377396, '_a0_': 1.0, '_a2_': 1.0, '_a3_': 1.0, '_a7_': 1.0}};{'d0': 0.024905832941344318};-276.475521833996;40.70264432096839
46749;-97.5351165960297;((x * (pow2((((x * _a4_) * _a4_) + _a5_)) + (_a6_ * _a6_))) / _a1_);{'d0': {'_a1_': 0.005500035495712088, '_a4_': -0.3691615948430857, '_a5_': 0.042509864671534156, '_a6_': 0.08919766208377396, '_a0_': 1.0, '_a2_': 1.0, '_a3_': 1.0, '_a7_': 1.0}};{'d0': 0.024905832941344318};-276.475521833996;40.70264432096839
46750;-97.5351165960297;((x * (pow2((((x * _a4_) * _a4_) + _a5_)) + (_a6_ * _a6_))) / _a1_);{'d0': {'_a1_': 0.005500035495712088, '_a4_': -0.3691615948430857, '_a5_': 0.042509864671534156, '_a6_': 0.08919766208377396, '_a0_': 1.0, '_a2_': 1.0, '_a3_': 1.0, '_a7_': 1.0}};{'d0': 0.024905832941344318};-276.475521833996;40.70264432096839
46751;-97.5351165960297;((x * (pow2((((x * _a4_) * _a4_) + _a5_)) + (_a6_ * _a6_))) / _a1_);{'d0': {'_a1_': 0.005500035495712088, '_a4_': -0.3691615948430857, '_a5_': 0.042509864671534156, '_a6_': 0.08919766208377396, '_a0_': 1.0, '_a2_': 1.0, '_a3_': 1.0, '_a7_': 1.0}};{'d0': 0.024905832941344318};-276.475521833996;40.70264432096839
46752;-97.5351166222684;((x * (pow2((((x * _a4_) * _a1_) + _a5_)) + (_a6_ * _a6_))) / _a1_);{'d0': {'_a1_': 0.00464520156947996, '_a4_': -26.961736110225782, '_a5_': -0.03906692062546356, '_a6_': 0.08197339633026801, '_a0_': 1.0, '_a2_': 1.0, '_a3_': 1.0, '_a7_': 1.0}};{'d0': 0.02490583291956104};-276.475521886474;40.70264432096839
46753;-97.5351166222684;((x * (pow2((((x * _a4_) * _a1_) + _a5_)) + (_a6_ * _a6_))) / _a1_);{'d0': {'_a1_': 0.00464520156947996, '_a4_': -26.961736110225782, '_a5_': -0.03906692062546356, '_a6_': 0.08197339633026801, '_a0_': 1.0, '_a2_': 1.0, '_a3_': 1.0, '_a7_': 1.0}};{'d0': 0.02490583291956104};-276.475521886474;40.70264432096839
46754;-97.5351166222684;((x * (pow2((((x * _a4_) * _a1_) + _a5_)) + (_a6_ * _a6_))) / _a1_);{'d0': {'_a1_': 0.00464520156947996, '_a4_': -26.961736110225782, '_a5_': -0.03906692062546356, '_a6_': 0.08197339633026801, '_a0_': 1.0, '_a2_': 1.0, '_a3_': 1.0, '_a7_': 1.0}};{'d0': 0.02490583291956104};-276.475521886474;40.70264432096839
46755;-96.5638554988692;((x * (pow2((((x + _a4_) * _a1_) + _a5_)) + (_a6_ * _a6_))) / _a1_);{'d0': {'_a1_': 3.376760876797616, '_a4_': 0.22357809676779833, '_a5_': 0.29834225985845564, '_a6_': 2.210145140481456, '_a0_': 1.0, '_a2_': 1.0, '_a3_': 1.0, '_a7_': 1.0}};{'d0': 0.024905832919416775};-276.475521886821;41.67390544454139
46756;-96.5638554988692;((x * (pow2((((x + _a4_) * _a1_) + _a5_)) + (_a6_ * _a6_))) / _a1_);{'d0': {'_a1_': 3.376760876797616, '_a4_': 0.22357809676779833, '_a5_': 0.29834225985845564, '_a6_': 2.210145140481456, '_a0_': 1.0, '_a2_': 1.0, '_a3_': 1.0, '_a7_': 1.0}};{'d0': 0.024905832919416775};-276.475521886821;41.67390544454139
46757;-96.5638554988692;((x * (pow2((((x + _a4_) * _a1_) + _a5_)) + (_a6_ * _a6_))) / _a1_);{'d0': {'_a1_': 3.376760876797616, '_a4_': 0.22357809676779833, '_a5_': 0.29834225985845564, '_a6_': 2.210145140481456, '_a0_': 1.0, '_a2_': 1.0, '_a3_': 1.0, '_a7_': 1.0}};{'d0': 0.024905832919416775};-276.475521886821;41.67390544454139
46758;-96.5638554988692;((x * (pow2((((x + _a4_) * _a1_) + _a5_)) + (_a6_ * _a6_))) / _a1_);{'d0': {'_a1_': 3.376760876797616, '_a4_': 0.22357809676779833, '_a5_': 0.29834225985845564, '_a6_': 2.210145140481456, '_a0_': 1.0, '_a2_': 1.0, '_a3_': 1.0, '_a7_': 1.0}};{'d0': 0.024905832919416775};-276.475521886821;41.67390544454139
46759;-96.5638554988692;((x * (pow2((((x + _a4_) * _a1_) + _a5_)) + (_a6_ * _a6_))) / _a1_);{'d0': {'_a1_': 3.376760876797616, '_a4_': 0.22357809676779833, '_a5_': 0.29834225985845564, '_a6_': 2.210145140481456, '_a0_': 1.0, '_a2_': 1.0, '_a3_': 1.0, '_a7_': 1.0}};{'d0': 0.024905832919416775};-276.475521886821;41.67390544454139
46760;-98.1382168817571;((((((_a0_ * (x * x)) * _a7_) + (_a7_ + x)) + x) * _a2_) * x);{'d0': {'_a0_': 1.9022553822910468, '_a2_': 1.0533120340892717, '_a7_': 1.685289208931607, '_a1_': 1.0, '_a3_': 1.0, '_a4_': 1.0, '_a5_': 1.0, '_a6_': 1.0}};{'d0': 0.024905832919416587};-280.569866449044;42.14671634276501
46761;-98.1382168817571;((((((_a0_ * (x * x)) * _a7_) + (_a7_ + x)) + x) * _a2_) * x);{'d0': {'_a0_': 1.9022553822910468, '_a2_': 1.0533120340892717, '_a7_': 1.685289208931607, '_a1_': 1.0, '_a3_': 1.0, '_a4_': 1.0, '_a5_': 1.0, '_a6_': 1.0}};{'d0': 0.024905832919416587};-280.569866449044;42.14671634276501
46762;-98.1382168817571;((((((_a0_ * (x * x)) * _a7_) + (_a7_ + x)) + x) * _a2_) * x);{'d0': {'_a0_': 1.9022553822910468, '_a2_': 1.0533120340892717, '_a7_': 1.685289208931607, '_a1_': 1.0, '_a3_': 1.0, '_a4_': 1.0, '_a5_': 1.0, '_a6_': 1.0}};{'d0': 0.024905832919416587};-280.569866449044;42.14671634276501
46763;-98.1382168817571;((((((_a0_ * (x * x)) * _a7_) + (_a7_ + x)) + x) * _a2_) * x);{'d0': {'_a0_': 1.9022553822910468, '_a2_': 1.0533120340892717, '_a7_': 1.685289208931607, '_a1_': 1.0, '_a3_': 1.0, '_a4_': 1.0, '_a5_': 1.0, '_a6_': 1.0}};{'d0': 0.024905832919416587};-280.569866449044;42.14671634276501
46764;-98.1382168817571;((((((_a0_ * (x * x)) * _a7_) + (_a7_ + x)) + x) * _a2_) * x);{'d0': {'_a0_': 1.9022553822910468, '_a2_': 1.0533120340892717, '_a7_': 1.685289208931607, '_a1_': 1.0, '_a3_': 1.0, '_a4_': 1.0, '_a5_': 1.0, '_a6_': 1.0}};{'d0': 0.024905832919416587};-280.569866449044;42.14671634276501
46765;-98.1382168817571;((((((_a0_ * (x * x)) * _a7_) + (_a7_ + x)) + x) * _a2_) * x);{'d0': {'_a0_': 1.9022553822910468, '_a2_': 1.0533120340892717, '_a7_': 1.685289208931607, '_a1_': 1.0, '_a3_': 1.0, '_a4_': 1.0, '_a5_': 1.0, '_a6_': 1.0}};{'d0': 0.024905832919416587};-280.569866449044;42.14671634276501
46766;-98.1382168817571;((((((_a0_ * (x * x)) * _a7_) + (_a7_ + x)) + x) * _a2_) * x);{'d0': {'_a0_': 1.9022553822910468, '_a2_': 1.0533120340892717, '_a7_': 1.685289208931607, '_a1_': 1.0, '_a3_': 1.0, '_a4_': 1.0, '_a5_': 1.0, '_a6_': 1.0}};{'d0': 0.024905832919416587};-280.569866449044;42.14671634276501
46767;-98.1382168817571;((((((_a0_ * (x * x)) * _a7_) + (_a7_ + x)) + x) * _a2_) * x);{'d0': {'_a0_': 1.9022553822910468, '_a2_': 1.0533120340892717, '_a7_': 1.685289208931607, '_a1_': 1.0, '_a3_': 1.0, '_a4_': 1.0, '_a5_': 1.0, '_a6_': 1.0}};{'d0': 0.024905832919416587};-280.569866449044;42.14671634276501
46768;-98.1382168817571;((((((_a0_ * (x * x)) * _a7_) + (_a7_ + x)) + x) * _a2_) * x);{'d0': {'_a0_': 1.9022553822910468, '_a2_': 1.0533120340892717, '_a7_': 1.685289208931607, '_a1_': 1.0, '_a3_': 1.0, '_a4_': 1.0, '_a5_': 1.0, '_a6_': 1.0}};{'d0': 0.024905832919416587};-280.569866449044;42.14671634276501
46769;-97.3885714042018;((((((_a0_ * (x * x)) * _a7_) + (_a7_ ** x)) + x) * _a2_) * x);{'d0': {'_a0_': 1.5647290846391915, '_a2_': 1.7748137183159625, '_a7_': 1.2054409331617708, '_a1_': 1.0, '_a3_': 1.0, '_a4_': 1.0, '_a5_': 1.0, '_a6_': 1.0}};{'d0': 0.02491139433238364};-280.556470088073;42.88966363983501
46770;-97.3885714042018;((((((_a0_ * (x * x)) * _a7_) + (_a7_ ** x)) + x) * _a2_) * x);{'d0': {'_a0_': 1.5647290846391915, '_a2_': 1.7748137183159625, '_a7_': 1.2054409331617708, '_a1_': 1.0, '_a3_': 1.0, '_a4_': 1.0, '_a5_': 1.0, '_a6_': 1.0}};{'d0': 0.02491139433238364};-280.556470088073;42.88966363983501
46771;-96.6099768495784;((((((_a0_ * (x * x)) * _a7_) + (_a7_ ** x)) + x) / _a2_) * x);{'d0': {'_a0_': 1.564729082544355, '_a2_': 0.563439413819256, '_a7_': 1.205440939283557, '_a1_': 1.0, '_a3_': 1.0, '_a4_': 1.0, '_a5_': 1.0, '_a6_': 1.0}};{'d0': 0.024911394332383645};-280.556470088073;43.6682581944584
46772;-96.6099768495784;((((((_a0_ * (x * x)) * _a7_) + (_a7_ ** x)) + x) / _a2_) * x);{'d0': {'_a0_': 1.564729082544355, '_a2_': 0.563439413819256, '_a7_': 1.205440939283557, '_a1_': 1.0, '_a3_': 1.0, '_a4_': 1.0, '_a5_': 1.0, '_a6_': 1.0}};{'d0': 0.024911394332383645};-280.556470088073;43.6682581944584
46773;-96.6099768495784;((((((_a0_ * (x * x)) * _a7_) + (_a7_ ** x)) + x) / _a2_) * x);{'d0': {'_a0_': 1.564729082544355, '_a2_': 0.563439413819256, '_a7_': 1.205440939283557, '_a1_': 1.0, '_a3_': 1.0, '_a4_': 1.0, '_a5_': 1.0, '_a6_': 1.0}};{'d0': 0.024911394332383645};-280.556470088073;43.6682581944584
46774;-96.6099768495784;((((((_a0_ * (x * x)) * _a7_) + (_a7_ ** x)) + x) / _a2_) * x);{'d0': {'_a0_': 1.564729082544355, '_a2_': 0.563439413819256, '_a7_': 1.205440939283557, '_a1_': 1.0, '_a3_': 1.0, '_a4_': 1.0, '_a5_': 1.0, '_a6_': 1.0}};{'d0': 0.024911394332383645};-280.556470088073;43.6682581944584
46775;-96.6099768495784;((((((_a0_ * (x * x)) * _a7_) + (_a7_ ** x)) + x) / _a2_) * x);{'d0': {'_a0_': 1.564729082544355, '_a2_': 0.563439413819256, '_a7_': 1.205440939283557, '_a1_': 1.0, '_a3_': 1.0, '_a4_': 1.0, '_a5_': 1.0, '_a6_': 1.0}};{'d0': 0.024911394332383645};-280.556470088073;43.6682581944584
46776;-96.6099768495784;((((((_a0_ * (x * x)) * _a7_) + (_a7_ ** x)) + x) / _a2_) * x);{'d0': {'_a0_': 1.564729082544355, '_a2_': 0.563439413819256, '_a7_': 1.205440939283557, '_a1_': 1.0, '_a3_': 1.0, '_a4_': 1.0, '_a5_': 1.0, '_a6_': 1.0}};{'d0': 0.024911394332383645};-280.556470088073;43.6682581944584
46777;-96.6099768495784;((((((_a0_ * (x * x)) * _a7_) + (_a7_ ** x)) + x) / _a2_) * x);{'d0': {'_a0_': 1.564729082544355, '_a2_': 0.563439413819256, '_a7_': 1.205440939283557, '_a1_': 1.0, '_a3_': 1.0, '_a4_': 1.0, '_a5_': 1.0, '_a6_': 1.0}};{'d0': 0.024911394332383645};-280.556470088073;43.6682581944584
46778;-96.6099768495784;((((((_a0_ * (x * x)) * _a7_) + (_a7_ ** x)) + x) / _a2_) * x);{'d0': {'_a0_': 1.564729082544355, '_a2_': 0.563439413819256, '_a7_': 1.205440939283557, '_a1_': 1.0, '_a3_': 1.0, '_a4_': 1.0, '_a5_': 1.0, '_a6_': 1.0}};{'d0': 0.024911394332383645};-280.556470088073;43.6682581944584
46779;-96.6099768495784;((((((_a0_ * (x * x)) * _a7_) + (_a7_ ** x)) + x) / _a2_) * x);{'d0': {'_a0_': 1.564729082544355, '_a2_': 0.563439413819256, '_a7_': 1.205440939283557, '_a1_': 1.0, '_a3_': 1.0, '_a4_': 1.0, '_a5_': 1.0, '_a6_': 1.0}};{'d0': 0.024911394332383645};-280.556470088073;43.6682581944584
46780;-96.6099768495784;((((((_a0_ * (x * x)) * _a7_) + (_a7_ ** x)) + x) / _a2_) * x);{'d0': {'_a0_': 1.564729082544355, '_a2_': 0.563439413819256, '_a7_': 1.205440939283557, '_a1_': 1.0, '_a3_': 1.0, '_a4_': 1.0, '_a5_': 1.0, '_a6_': 1.0}};{'d0': 0.024911394332383645};-280.556470088073;43.6682581944584
46781;-92.9120423769685;((((((_a0_ * (x * x)) * pow2(_a2_)) + (_a7_ ** x)) + x) / _a2_) * x);{'d0': {'_a0_': 5.94142534037706, '_a2_': 0.5634394136454374, '_a7_': 1.2054409374821293, '_a1_': 1.0, '_a3_': 1.0, '_a4_': 1.0, '_a5_': 1.0, '_a6_': 1.0}};{'d0': 0.024911394332383627};-280.556470088073;47.366192667068404
46782;-92.9120423769685;((((((_a0_ * (x * x)) * pow2(_a2_)) + (_a7_ ** x)) + x) / _a2_) * x);{'d0': {'_a0_': 5.94142534037706, '_a2_': 0.5634394136454374, '_a7_': 1.2054409374821293, '_a1_': 1.0, '_a3_': 1.0, '_a4_': 1.0, '_a5_': 1.0, '_a6_': 1.0}};{'d0': 0.024911394332383627};-280.556470088073;47.366192667068404
46783;-92.9120423769685;((((((_a0_ * (x * x)) * pow2(_a2_)) + (_a7_ ** x)) + x) / _a2_) * x);{'d0': {'_a0_': 5.94142534037706, '_a2_': 0.5634394136454374, '_a7_': 1.2054409374821293, '_a1_': 1.0, '_a3_': 1.0, '_a4_': 1.0, '_a5_': 1.0, '_a6_': 1.0}};{'d0': 0.024911394332383627};-280.556470088073;47.366192667068404
46784;-92.5582233832037;((((((_a0_ * (x * x)) * pow2(_a2_)) + abs(_a6_)) + x) / _a2_) * x);{'d0': {'_a0_': 7.113565728460721, '_a2_': 0.4746931433768868, '_a6_': 0.8426446050314579, '_a1_': 1.0, '_a3_': 1.0, '_a4_': 1.0, '_a5_': 1.0, '_a7_': 1.0}};{'d0': 0.024905832919416646};-280.569866449044;47.7267098413184
46785;-97.4148073181816;((x * (pow2((((x * _a4_) * _a1_) + _a5_)) + (_a6_ * _a6_))) + x);{'d0': {'_a1_': 0.012240736960889318, '_a4_': -150.1213365190839, '_a5_': -0.5732009379711228, '_a6_': 0.668263487691056, '_a0_': 1.0, '_a2_': 1.0, '_a3_': 1.0, '_a7_': 1.0}};{'d0': 0.024905832937376374};-276.475521843555;40.822953603595984
46786;-97.4148073181816;((x * (pow2((((x * _a4_) * _a1_) + _a5_)) + (_a6_ * _a6_))) + x);{'d0': {'_a1_': 0.012240736960889318, '_a4_': -150.1213365190839, '_a5_': -0.5732009379711228, '_a6_': 0.668263487691056, '_a0_': 1.0, '_a2_': 1.0, '_a3_': 1.0, '_a7_': 1.0}};{'d0': 0.024905832937376374};-276.475521843555;40.822953603595984
46787;-97.4148073181816;((x * (pow2((((x * _a4_) * _a1_) + _a5_)) + (_a6_ * _a6_))) + x);{'d0': {'_a1_': 0.012240736960889318, '_a4_': -150.1213365190839, '_a5_': -0.5732009379711228, '_a6_': 0.668263487691056, '_a0_': 1.0, '_a2_': 1.0, '_a3_': 1.0, '_a7_': 1.0}};{'d0': 0.024905832937376374};-276.475521843555;40.822953603595984
46788;-97.4148073181816;((x * (pow2((((x * _a4_) * _a1_) + _a5_)) + (_a6_ * _a6_))) + x);{'d0': {'_a1_': 0.012240736960889318, '_a4_': -150.1213365190839, '_a5_': -0.5732009379711228, '_a6_': 0.668263487691056, '_a0_': 1.0, '_a2_': 1.0, '_a3_': 1.0, '_a7_': 1.0}};{'d0': 0.024905832937376374};-276.475521843555;40.822953603595984
46789;-97.4148073181816;((x * (pow2((((x * _a4_) * _a1_) + _a5_)) + (_a6_ * _a6_))) + x);{'d0': {'_a1_': 0.012240736960889318, '_a4_': -150.1213365190839, '_a5_': -0.5732009379711228, '_a6_': 0.668263487691056, '_a0_': 1.0, '_a2_': 1.0, '_a3_': 1.0, '_a7_': 1.0}};{'d0': 0.024905832937376374};-276.475521843555;40.822953603595984
46790;-97.4148073181816;((x * (pow2((((x * _a4_) * _a1_) + _a5_)) + (_a6_ * _a6_))) + x);{'d0': {'_a1_': 0.012240736960889318, '_a4_': -150.1213365190839, '_a5_': -0.5732009379711228, '_a6_': 0.668263487691056, '_a0_': 1.0, '_a2_': 1.0, '_a3_': 1.0, '_a7_': 1.0}};{'d0': 0.024905832937376374};-276.475521843555;40.822953603595984
46791;-97.4148073181816;((x * (pow2((((x * _a4_) * _a1_) + _a5_)) + (_a6_ * _a6_))) + x);{'d0': {'_a1_': 0.012240736960889318, '_a4_': -150.1213365190839, '_a5_': -0.5732009379711228, '_a6_': 0.668263487691056, '_a0_': 1.0, '_a2_': 1.0, '_a3_': 1.0, '_a7_': 1.0}};{'d0': 0.024905832937376374};-276.475521843555;40.822953603595984
46792;-92.8448704383124;((x * (pow2((((x * sin(_a6_)) * _a1_) + _a5_)) + (_a6_ * _a6_))) + x);{'d0': {'_a1_': 2.9656641541960345, '_a5_': 0.5732009377521989, '_a6_': 0.6682634879239919, '_a0_': 1.0, '_a2_': 1.0, '_a3_': 1.0, '_a4_': 1.0, '_a7_': 1.0}};{'d0': 0.02490583291941659};-280.569866449044;47.4400627862095
46793;-92.8448704383124;((x * (pow2((((x * sin(_a6_)) * _a1_) + _a5_)) + (_a6_ * _a6_))) + x);{'d0': {'_a1_': 2.9656641541960345, '_a5_': 0.5732009377521989, '_a6_': 0.6682634879239919, '_a0_': 1.0, '_a2_': 1.0, '_a3_': 1.0, '_a4_': 1.0, '_a7_': 1.0}};{'d0': 0.02490583291941659};-280.569866449044;47.4400627862095
46794;-92.8448704383124;((x * (pow2((((x * sin(_a6_)) * _a1_) + _a5_)) + (_a6_ * _a6_))) + x);{'d0': {'_a1_': 2.9656641541960345, '_a5_': 0.5732009377521989, '_a6_': 0.6682634879239919, '_a0_': 1.0, '_a2_': 1.0, '_a3_': 1.0, '_a4_': 1.0, '_a7_': 1.0}};{'d0': 0.02490583291941659};-280.569866449044;47.4400627862095
46795;-92.8448704383124;((x * (pow2((((x * sin(_a6_)) * _a1_) + _a5_)) + (_a6_ * _a6_))) + x);{'d0': {'_a1_': 2.9656641541960345, '_a5_': 0.5732009377521989, '_a6_': 0.6682634879239919, '_a0_': 1.0, '_a2_': 1.0, '_a3_': 1.0, '_a4_': 1.0, '_a7_': 1.0}};{'d0': 0.02490583291941659};-280.569866449044;47.4400627862095
46796;-99.5822889035538;((((((_a5_ * (x * x)) * pow2(_a2_)) + _a7_) + x) / _a2_) * x);{'d0': {'_a2_': 0.47469314282982483, '_a5_': 7.113565744342757, '_a7_': 0.84264460378431, '_a0_': 1.0, '_a1_': 1.0, '_a3_': 1.0, '_a4_': 1.0, '_a6_': 1.0}};{'d0': 0.024905832919416542};-280.569866449044;40.7026443209684
46797;-99.5822889035538;((((((_a5_ * (x * x)) * pow2(_a2_)) + _a7_) + x) / _a2_) * x);{'d0': {'_a2_': 0.47469314282982483, '_a5_': 7.113565744342757, '_a7_': 0.84264460378431, '_a0_': 1.0, '_a1_': 1.0, '_a3_': 1.0, '_a4_': 1.0, '_a6_': 1.0}};{'d0': 0.024905832919416542};-280.569866449044;40.7026443209684
46798;-99.5822889035538;((((((_a5_ * (x * x)) * pow2(_a2_)) + _a7_) + x) / _a2_) * x);{'d0': {'_a2_': 0.47469314282982483, '_a5_': 7.113565744342757, '_a7_': 0.84264460378431, '_a0_': 1.0, '_a1_': 1.0, '_a3_': 1.0, '_a4_': 1.0, '_a6_': 1.0}};{'d0': 0.024905832919416542};-280.569866449044;40.7026443209684
46799;-99.5822889035538;((((((_a5_ * (x * x)) * pow2(_a2_)) + _a7_) + x) / _a2_) * x);{'d0': {'_a2_': 0.47469314282982483, '_a5_': 7.113565744342757, '_a7_': 0.84264460378431, '_a0_': 1.0, '_a1_': 1.0, '_a3_': 1.0, '_a4_': 1.0, '_a6_': 1.0}};{'d0': 0.024905832919416542};-280.569866449044;40.7026443209684
46800;-99.5822889035538;((((((_a5_ * (x * x)) * pow2(_a2_)) + _a7_) + x) / _a2_) * x);{'d0': {'_a2_': 0.47469314282982483, '_a5_': 7.113565744342757, '_a7_': 0.84264460378431, '_a0_': 1.0, '_a1_': 1.0, '_a3_': 1.0, '_a4_': 1.0, '_a6_': 1.0}};{'d0': 0.024905832919416542};-280.569866449044;40.7026443209684
46801;-94.5605916917747;((((((_a5_ * (x * x)) * pow2(_a2_)) + (_a2_ * _a0_)) + x) / _a2_) * x);{'d0': {'_a0_': 1.7751354043674294, '_a2_': 0.4746931432070169, '_a5_': 7.113565733105233, '_a1_': 1.0, '_a3_': 1.0, '_a4_': 1.0, '_a6_': 1.0, '_a7_': 1.0}};{'d0': 0.024905832919416622};-280.569866449044;45.7243415327474
46802;-94.5605916917747;((((((_a5_ * (x * x)) * pow2(_a2_)) + (_a2_ * _a0_)) + x) / _a2_) * x);{'d0': {'_a0_': 1.7751354043674294, '_a2_': 0.4746931432070169, '_a5_': 7.113565733105233, '_a1_': 1.0, '_a3_': 1.0, '_a4_': 1.0, '_a6_': 1.0, '_a7_': 1.0}};{'d0': 0.024905832919416622};-280.569866449044;45.7243415327474
46803;-94.5605916917747;((((((_a5_ * (x * x)) * pow2(_a2_)) + (_a2_ * _a0_)) + x) / _a2_) * x);{'d0': {'_a0_': 1.7751354043674294, '_a2_': 0.4746931432070169, '_a5_': 7.113565733105233, '_a1_': 1.0, '_a3_': 1.0, '_a4_': 1.0, '_a6_': 1.0, '_a7_': 1.0}};{'d0': 0.024905832919416622};-280.569866449044;45.7243415327474
46804;-94.5605916917747;((((((_a5_ * (x * x)) * pow2(_a2_)) + (_a2_ * _a0_)) + x) / _a2_) * x);{'d0': {'_a0_': 1.7751354043674294, '_a2_': 0.4746931432070169, '_a5_': 7.113565733105233, '_a1_': 1.0, '_a3_': 1.0, '_a4_': 1.0, '_a6_': 1.0, '_a7_': 1.0}};{'d0': 0.024905832919416622};-280.569866449044;45.7243415327474
46805;-94.5605916917747;((((((_a5_ * (x * x)) * pow2(_a2_)) + (_a2_ * _a0_)) + x) / _a2_) * x);{'d0': {'_a0_': 1.7751354043674294, '_a2_': 0.4746931432070169, '_a5_': 7.113565733105233, '_a1_': 1.0, '_a3_': 1.0, '_a4_': 1.0, '_a6_': 1.0, '_a7_': 1.0}};{'d0': 0.024905832919416622};-280.569866449044;45.7243415327474
46806;-99.5822889035538;((((((_a5_ * (x * x)) * pow2(_a2_)) + _a7_) + x) / _a2_) * x);{'d0': {'_a2_': 0.47469314282982483, '_a5_': 7.113565744342757, '_a7_': 0.84264460378431, '_a0_': 1.0, '_a1_': 1.0, '_a3_': 1.0, '_a4_': 1.0, '_a6_': 1.0}};{'d0': 0.024905832919416542};-280.569866449044;40.7026443209684
46807;-99.5822889035538;((((((_a5_ * (x * x)) * pow2(_a2_)) + _a7_) + x) / _a2_) * x);{'d0': {'_a2_': 0.47469314282982483, '_a5_': 7.113565744342757, '_a7_': 0.84264460378431, '_a0_': 1.0, '_a1_': 1.0, '_a3_': 1.0, '_a4_': 1.0, '_a6_': 1.0}};{'d0': 0.024905832919416542};-280.569866449044;40.7026443209684
46808;-99.5822889035538;((((((_a5_ * (x * x)) * pow2(_a2_)) + _a7_) + x) / _a2_) * x);{'d0': {'_a2_': 0.47469314282982483, '_a5_': 7.113565744342757, '_a7_': 0.84264460378431, '_a0_': 1.0, '_a1_': 1.0, '_a3_': 1.0, '_a4_': 1.0, '_a6_': 1.0}};{'d0': 0.024905832919416542};-280.569866449044;40.7026443209684
46809;-99.5822889035538;((((((_a5_ * (x * x)) * pow2(_a2_)) + _a7_) + x) / _a2_) * x);{'d0': {'_a2_': 0.47469314282982483, '_a5_': 7.113565744342757, '_a7_': 0.84264460378431, '_a0_': 1.0, '_a1_': 1.0, '_a3_': 1.0, '_a4_': 1.0, '_a6_': 1.0}};{'d0': 0.024905832919416542};-280.569866449044;40.7026443209684
46810;-99.5822889035538;((((((_a5_ * (x * x)) * pow2(_a2_)) + _a7_) + x) / _a2_) * x);{'d0': {'_a2_': 0.47469314282982483, '_a5_': 7.113565744342757, '_a7_': 0.84264460378431, '_a0_': 1.0, '_a1_': 1.0, '_a3_': 1.0, '_a4_': 1.0, '_a6_': 1.0}};{'d0': 0.024905832919416542};-280.569866449044;40.7026443209684
46811;-99.5822889035538;((((((_a5_ * (x * x)) * pow2(_a2_)) + _a7_) + x) / _a2_) * x);{'d0': {'_a2_': 0.47469314282982483, '_a5_': 7.113565744342757, '_a7_': 0.84264460378431, '_a0_': 1.0, '_a1_': 1.0, '_a3_': 1.0, '_a4_': 1.0, '_a6_': 1.0}};{'d0': 0.024905832919416542};-280.569866449044;40.7026443209684
46812;-99.5822889035538;((((((_a5_ * (x * x)) * pow2(_a2_)) + _a7_) + x) / _a2_) * x);{'d0': {'_a2_': 0.47469314282982483, '_a5_': 7.113565744342757, '_a7_': 0.84264460378431, '_a0_': 1.0, '_a1_': 1.0, '_a3_': 1.0, '_a4_': 1.0, '_a6_': 1.0}};{'d0': 0.024905832919416542};-280.569866449044;40.7026443209684
46813;-99.5822889035538;((((((_a5_ * (x * x)) * pow2(_a2_)) + _a7_) + x) / _a2_) * x);{'d0': {'_a2_': 0.47469314282982483, '_a5_': 7.113565744342757, '_a7_': 0.84264460378431, '_a0_': 1.0, '_a1_': 1.0, '_a3_': 1.0, '_a4_': 1.0, '_a6_': 1.0}};{'d0': 0.024905832919416542};-280.569866449044;40.7026443209684
46814;-99.5822889035538;((((((_a5_ * (x * x)) * pow2(_a2_)) + _a7_) + x) / _a2_) * x);{'d0': {'_a2_': 0.47469314282982483, '_a5_': 7.113565744342757, '_a7_': 0.84264460378431, '_a0_': 1.0, '_a1_': 1.0, '_a3_': 1.0, '_a4_': 1.0, '_a6_': 1.0}};{'d0': 0.024905832919416542};-280.569866449044;40.7026443209684
46815;-99.5822889035538;((((((_a5_ * (x * x)) * pow2(_a2_)) + _a7_) + x) / _a2_) * x);{'d0': {'_a2_': 0.47469314282982483, '_a5_': 7.113565744342757, '_a7_': 0.84264460378431, '_a0_': 1.0, '_a1_': 1.0, '_a3_': 1.0, '_a4_': 1.0, '_a6_': 1.0}};{'d0': 0.024905832919416542};-280.569866449044;40.7026443209684
46816;-99.5822889035538;((((((_a5_ * (x * x)) * pow2(_a2_)) + _a7_) + x) / _a2_) * x);{'d0': {'_a2_': 0.47469314282982483, '_a5_': 7.113565744342757, '_a7_': 0.84264460378431, '_a0_': 1.0, '_a1_': 1.0, '_a3_': 1.0, '_a4_': 1.0, '_a6_': 1.0}};{'d0': 0.024905832919416542};-280.569866449044;40.7026443209684
46817;-99.5822889035538;((((((_a5_ * (x * x)) * pow2(_a2_)) + _a7_) + x) / _a2_) * x);{'d0': {'_a2_': 0.47469314282982483, '_a5_': 7.113565744342757, '_a7_': 0.84264460378431, '_a0_': 1.0, '_a1_': 1.0, '_a3_': 1.0, '_a4_': 1.0, '_a6_': 1.0}};{'d0': 0.024905832919416542};-280.569866449044;40.7026443209684
46818;-99.5822889035538;((((((_a5_ * (x * x)) * pow2(_a2_)) + _a7_) + x) / _a2_) * x);{'d0': {'_a2_': 0.47469314282982483, '_a5_': 7.113565744342757, '_a7_': 0.84264460378431, '_a0_': 1.0, '_a1_': 1.0, '_a3_': 1.0, '_a4_': 1.0, '_a6_': 1.0}};{'d0': 0.024905832919416542};-280.569866449044;40.7026443209684
46819;-99.5822889035538;((((((_a5_ * (x * x)) * pow2(_a2_)) + _a7_) + x) / _a2_) * x);{'d0': {'_a2_': 0.47469314282982483, '_a5_': 7.113565744342757, '_a7_': 0.84264460378431, '_a0_': 1.0, '_a1_': 1.0, '_a3_': 1.0, '_a4_': 1.0, '_a6_': 1.0}};{'d0': 0.024905832919416542};-280.569866449044;40.7026443209684
46820;-99.5822889035538;((((((_a5_ * (x * x)) * pow2(_a2_)) + _a7_) + x) / _a2_) * x);{'d0': {'_a2_': 0.47469314282982483, '_a5_': 7.113565744342757, '_a7_': 0.84264460378431, '_a0_': 1.0, '_a1_': 1.0, '_a3_': 1.0, '_a4_': 1.0, '_a6_': 1.0}};{'d0': 0.024905832919416542};-280.569866449044;40.7026443209684
46821;-99.5822889035538;((((((_a5_ * (x * x)) * pow2(_a2_)) + _a7_) + x) / _a2_) * x);{'d0': {'_a2_': 0.47469314282982483, '_a5_': 7.113565744342757, '_a7_': 0.84264460378431, '_a0_': 1.0, '_a1_': 1.0, '_a3_': 1.0, '_a4_': 1.0, '_a6_': 1.0}};{'d0': 0.024905832919416542};-280.569866449044;40.7026443209684
46822;-99.5822889035538;((((((_a5_ * (x * x)) * pow2(_a2_)) + _a7_) + x) / _a2_) * x);{'d0': {'_a2_': 0.47469314282982483, '_a5_': 7.113565744342757, '_a7_': 0.84264460378431, '_a0_': 1.0, '_a1_': 1.0, '_a3_': 1.0, '_a4_': 1.0, '_a6_': 1.0}};{'d0': 0.024905832919416542};-280.569866449044;40.7026443209684
46823;-99.5822889035538;((((((_a5_ * (x * x)) * pow2(_a2_)) + _a7_) + x) / _a2_) * x);{'d0': {'_a2_': 0.47469314282982483, '_a5_': 7.113565744342757, '_a7_': 0.84264460378431, '_a0_': 1.0, '_a1_': 1.0, '_a3_': 1.0, '_a4_': 1.0, '_a6_': 1.0}};{'d0': 0.024905832919416542};-280.569866449044;40.7026443209684
46824;-99.5822889035538;((((((_a5_ * (x * x)) * pow2(_a2_)) + _a7_) + x) / _a2_) * x);{'d0': {'_a2_': 0.47469314282982483, '_a5_': 7.113565744342757, '_a7_': 0.84264460378431, '_a0_': 1.0, '_a1_': 1.0, '_a3_': 1.0, '_a4_': 1.0, '_a6_': 1.0}};{'d0': 0.024905832919416542};-280.569866449044;40.7026443209684
46825;-99.5822889035538;((((((_a5_ * (x * x)) * pow2(_a2_)) + _a7_) + x) / _a2_) * x);{'d0': {'_a2_': 0.47469314282982483, '_a5_': 7.113565744342757, '_a7_': 0.84264460378431, '_a0_': 1.0, '_a1_': 1.0, '_a3_': 1.0, '_a4_': 1.0, '_a6_': 1.0}};{'d0': 0.024905832919416542};-280.569866449044;40.7026443209684
46826;-99.5822889035538;((((((_a5_ * (x * x)) * pow2(_a2_)) + _a7_) + x) / _a2_) * x);{'d0': {'_a2_': 0.47469314282982483, '_a5_': 7.113565744342757, '_a7_': 0.84264460378431, '_a0_': 1.0, '_a1_': 1.0, '_a3_': 1.0, '_a4_': 1.0, '_a6_': 1.0}};{'d0': 0.024905832919416542};-280.569866449044;40.7026443209684
46827;-99.5822889035538;((((((_a5_ * (x * x)) * pow2(_a2_)) + _a7_) + x) / _a2_) * x);{'d0': {'_a2_': 0.47469314282982483, '_a5_': 7.113565744342757, '_a7_': 0.84264460378431, '_a0_': 1.0, '_a1_': 1.0, '_a3_': 1.0, '_a4_': 1.0, '_a6_': 1.0}};{'d0': 0.024905832919416542};-280.569866449044;40.7026443209684
46828;-99.5822889035538;((((((_a5_ * (x * x)) * pow2(_a2_)) + _a7_) + x) / _a2_) * x);{'d0': {'_a2_': 0.47469314282982483, '_a5_': 7.113565744342757, '_a7_': 0.84264460378431, '_a0_': 1.0, '_a1_': 1.0, '_a3_': 1.0, '_a4_': 1.0, '_a6_': 1.0}};{'d0': 0.024905832919416542};-280.569866449044;40.7026443209684
46829;-99.5822889035538;((((((_a5_ * (x * x)) * pow2(_a2_)) + _a7_) + x) / _a2_) * x);{'d0': {'_a2_': 0.47469314282982483, '_a5_': 7.113565744342757, '_a7_': 0.84264460378431, '_a0_': 1.0, '_a1_': 1.0, '_a3_': 1.0, '_a4_': 1.0, '_a6_': 1.0}};{'d0': 0.024905832919416542};-280.569866449044;40.7026443209684
46830;-99.5822889035538;((((((_a5_ * (x * x)) * pow2(_a2_)) + _a7_) + x) / _a2_) * x);{'d0': {'_a2_': 0.47469314282982483, '_a5_': 7.113565744342757, '_a7_': 0.84264460378431, '_a0_': 1.0, '_a1_': 1.0, '_a3_': 1.0, '_a4_': 1.0, '_a6_': 1.0}};{'d0': 0.024905832919416542};-280.569866449044;40.7026443209684
46831;-99.5822889035538;((((((_a5_ * (x * x)) * pow2(_a2_)) + _a7_) + x) / _a2_) * x);{'d0': {'_a2_': 0.47469314282982483, '_a5_': 7.113565744342757, '_a7_': 0.84264460378431, '_a0_': 1.0, '_a1_': 1.0, '_a3_': 1.0, '_a4_': 1.0, '_a6_': 1.0}};{'d0': 0.024905832919416542};-280.569866449044;40.7026443209684
46832;-99.5822889035538;((((((_a5_ * (x * x)) * pow2(_a2_)) + _a7_) + x) / _a2_) * x);{'d0': {'_a2_': 0.47469314282982483, '_a5_': 7.113565744342757, '_a7_': 0.84264460378431, '_a0_': 1.0, '_a1_': 1.0, '_a3_': 1.0, '_a4_': 1.0, '_a6_': 1.0}};{'d0': 0.024905832919416542};-280.569866449044;40.7026443209684
46833;-99.5822889035538;((((((_a5_ * (x * x)) * pow2(_a2_)) + _a7_) + x) / _a2_) * x);{'d0': {'_a2_': 0.47469314282982483, '_a5_': 7.113565744342757, '_a7_': 0.84264460378431, '_a0_': 1.0, '_a1_': 1.0, '_a3_': 1.0, '_a4_': 1.0, '_a6_': 1.0}};{'d0': 0.024905832919416542};-280.569866449044;40.7026443209684
46834;-99.5822889035538;((((((_a5_ * (x * x)) * pow2(_a2_)) + _a7_) + x) / _a2_) * x);{'d0': {'_a2_': 0.47469314282982483, '_a5_': 7.113565744342757, '_a7_': 0.84264460378431, '_a0_': 1.0, '_a1_': 1.0, '_a3_': 1.0, '_a4_': 1.0, '_a6_': 1.0}};{'d0': 0.024905832919416542};-280.569866449044;40.7026443209684
46835;-99.5822889035538;((((((_a5_ * (x * x)) * pow2(_a2_)) + _a7_) + x) / _a2_) * x);{'d0': {'_a2_': 0.47469314282982483, '_a5_': 7.113565744342757, '_a7_': 0.84264460378431, '_a0_': 1.0, '_a1_': 1.0, '_a3_': 1.0, '_a4_': 1.0, '_a6_': 1.0}};{'d0': 0.024905832919416542};-280.569866449044;40.7026443209684
46836;-99.5822889035538;((((((_a5_ * (x * x)) * pow2(_a2_)) + _a7_) + x) / _a2_) * x);{'d0': {'_a2_': 0.47469314282982483, '_a5_': 7.113565744342757, '_a7_': 0.84264460378431, '_a0_': 1.0, '_a1_': 1.0, '_a3_': 1.0, '_a4_': 1.0, '_a6_': 1.0}};{'d0': 0.024905832919416542};-280.569866449044;40.7026443209684
46837;-99.5822889035538;((((((_a5_ * (x * x)) * pow2(_a2_)) + _a7_) + x) / _a2_) * x);{'d0': {'_a2_': 0.47469314282982483, '_a5_': 7.113565744342757, '_a7_': 0.84264460378431, '_a0_': 1.0, '_a1_': 1.0, '_a3_': 1.0, '_a4_': 1.0, '_a6_': 1.0}};{'d0': 0.024905832919416542};-280.569866449044;40.7026443209684
46838;-99.5822889035538;((((((_a5_ * (x * x)) * pow2(_a2_)) + _a7_) + x) / _a2_) * x);{'d0': {'_a2_': 0.47469314282982483, '_a5_': 7.113565744342757, '_a7_': 0.84264460378431, '_a0_': 1.0, '_a1_': 1.0, '_a3_': 1.0, '_a4_': 1.0, '_a6_': 1.0}};{'d0': 0.024905832919416542};-280.569866449044;40.7026443209684
46839;-99.5822889035538;((((((_a5_ * (x * x)) * pow2(_a2_)) + _a7_) + x) / _a2_) * x);{'d0': {'_a2_': 0.47469314282982483, '_a5_': 7.113565744342757, '_a7_': 0.84264460378431, '_a0_': 1.0, '_a1_': 1.0, '_a3_': 1.0, '_a4_': 1.0, '_a6_': 1.0}};{'d0': 0.024905832919416542};-280.569866449044;40.7026443209684
46840;-99.5822889035538;((((((_a5_ * (x * x)) * pow2(_a2_)) + _a7_) + x) / _a2_) * x);{'d0': {'_a2_': 0.47469314282982483, '_a5_': 7.113565744342757, '_a7_': 0.84264460378431, '_a0_': 1.0, '_a1_': 1.0, '_a3_': 1.0, '_a4_': 1.0, '_a6_': 1.0}};{'d0': 0.024905832919416542};-280.569866449044;40.7026443209684
46841;-93.3699628315991;((-(x) + -(((-(pow2((x + _a5_))) * (_a3_ * _a5_)) + _a0_))) * x);{'d0': {'_a0_': -1.0606109353218416, '_a3_': 7.340774919837698, '_a5_': 0.4600006012638494, '_a1_': 1.0, '_a2_': 1.0, '_a4_': 1.0, '_a6_': 1.0, '_a7_': 1.0}};{'d0': 0.024905832919416657};-280.569866449044;46.91497039292261
46842;-93.3699628315991;((-(x) + -(((-(pow2((x + _a5_))) * (_a3_ * _a5_)) + _a0_))) * x);{'d0': {'_a0_': -1.0606109353218416, '_a3_': 7.340774919837698, '_a5_': 0.4600006012638494, '_a1_': 1.0, '_a2_': 1.0, '_a4_': 1.0, '_a6_': 1.0, '_a7_': 1.0}};{'d0': 0.024905832919416657};-280.569866449044;46.91497039292261
46843;-93.3699628315991;((-(x) + -(((-(pow2((x + _a5_))) * (_a3_ * _a5_)) + _a0_))) * x);{'d0': {'_a0_': -1.0606109353218416, '_a3_': 7.340774919837698, '_a5_': 0.4600006012638494, '_a1_': 1.0, '_a2_': 1.0, '_a4_': 1.0, '_a6_': 1.0, '_a7_': 1.0}};{'d0': 0.024905832919416657};-280.569866449044;46.91497039292261
46844;-99.5822889035538;((((((_a5_ * (x * x)) * pow2(_a2_)) + _a7_) + x) / _a2_) * x);{'d0': {'_a2_': 0.47469314282982483, '_a5_': 7.113565744342757, '_a7_': 0.84264460378431, '_a0_': 1.0, '_a1_': 1.0, '_a3_': 1.0, '_a4_': 1.0, '_a6_': 1.0}};{'d0': 0.024905832919416542};-280.569866449044;40.7026443209684
46845;-93.3699628315991;((-(x) + -(((-(pow2((x + _a5_))) * (_a3_ * _a5_)) + _a0_))) * x);{'d0': {'_a0_': -1.0606109353218416, '_a3_': 7.340774919837698, '_a5_': 0.4600006012638494, '_a1_': 1.0, '_a2_': 1.0, '_a4_': 1.0, '_a6_': 1.0, '_a7_': 1.0}};{'d0': 0.024905832919416657};-280.569866449044;46.91497039292261
46846;-93.3699628315991;((-(x) + -(((-(pow2((x + _a5_))) * (_a3_ * _a5_)) + _a0_))) * x);{'d0': {'_a0_': -1.0606109353218416, '_a3_': 7.340774919837698, '_a5_': 0.4600006012638494, '_a1_': 1.0, '_a2_': 1.0, '_a4_': 1.0, '_a6_': 1.0, '_a7_': 1.0}};{'d0': 0.024905832919416657};-280.569866449044;46.91497039292261
46847;-93.3699628315991;((-(x) + -(((-(pow2((x + _a5_))) * (_a3_ * _a0_)) + _a0_))) * x);{'d0': {'_a0_': -1.060610934818593, '_a3_': -3.183788482174539, '_a5_': 0.4600006011661159, '_a1_': 1.0, '_a2_': 1.0, '_a4_': 1.0, '_a6_': 1.0, '_a7_': 1.0}};{'d0': 0.02490583291941666};-280.569866449044;46.91497039292261
46848;-93.3699628315991;((-(x) + -(((-(pow2((x + _a5_))) * (_a3_ * _a0_)) + _a0_))) * x);{'d0': {'_a0_': -1.060610934818593, '_a3_': -3.183788482174539, '_a5_': 0.4600006011661159, '_a1_': 1.0, '_a2_': 1.0, '_a4_': 1.0, '_a6_': 1.0, '_a7_': 1.0}};{'d0': 0.02490583291941666};-280.569866449044;46.91497039292261
46849;-93.3699628315991;((-(x) + -(((-(pow2((x + _a5_))) * (_a3_ * _a0_)) + _a0_))) * x);{'d0': {'_a0_': -1.060610934818593, '_a3_': -3.183788482174539, '_a5_': 0.4600006011661159, '_a1_': 1.0, '_a2_': 1.0, '_a4_': 1.0, '_a6_': 1.0, '_a7_': 1.0}};{'d0': 0.02490583291941666};-280.569866449044;46.91497039292261
46850;-93.3699628315991;((-(x) + -(((-(pow2((x + _a5_))) * (_a3_ * _a0_)) + _a0_))) * x);{'d0': {'_a0_': -1.060610934818593, '_a3_': -3.183788482174539, '_a5_': 0.4600006011661159, '_a1_': 1.0, '_a2_': 1.0, '_a4_': 1.0, '_a6_': 1.0, '_a7_': 1.0}};{'d0': 0.02490583291941666};-280.569866449044;46.91497039292261
46851;-93.3699628315991;((-(x) + -(((-(pow2((x + _a5_))) * (_a3_ * _a0_)) + _a0_))) * x);{'d0': {'_a0_': -1.060610934818593, '_a3_': -3.183788482174539, '_a5_': 0.4600006011661159, '_a1_': 1.0, '_a2_': 1.0, '_a4_': 1.0, '_a6_': 1.0, '_a7_': 1.0}};{'d0': 0.02490583291941666};-280.569866449044;46.91497039292261
46852;-93.3699628315991;((-(x) + -(((-(pow2((x + _a5_))) * (_a3_ * _a0_)) + _a0_))) * x);{'d0': {'_a0_': -1.060610934818593, '_a3_': -3.183788482174539, '_a5_': 0.4600006011661159, '_a1_': 1.0, '_a2_': 1.0, '_a4_': 1.0, '_a6_': 1.0, '_a7_': 1.0}};{'d0': 0.02490583291941666};-280.569866449044;46.91497039292261
46853;-93.3699628315991;((-(x) + -(((-(pow2((x + _a5_))) * (_a3_ * _a0_)) + _a0_))) * x);{'d0': {'_a0_': -1.060610934818593, '_a3_': -3.183788482174539, '_a5_': 0.4600006011661159, '_a1_': 1.0, '_a2_': 1.0, '_a4_': 1.0, '_a6_': 1.0, '_a7_': 1.0}};{'d0': 0.02490583291941666};-280.569866449044;46.91497039292261
46854;-93.3699628315991;((-(x) + -(((-(pow2((x + _a5_))) * (_a3_ * _a0_)) + _a0_))) * x);{'d0': {'_a0_': -1.060610934818593, '_a3_': -3.183788482174539, '_a5_': 0.4600006011661159, '_a1_': 1.0, '_a2_': 1.0, '_a4_': 1.0, '_a6_': 1.0, '_a7_': 1.0}};{'d0': 0.02490583291941666};-280.569866449044;46.91497039292261
46855;-93.3699628315991;((-(x) + -(((-(pow2((x + _a5_))) * (_a3_ * _a0_)) + _a0_))) * x);{'d0': {'_a0_': -1.060610934818593, '_a3_': -3.183788482174539, '_a5_': 0.4600006011661159, '_a1_': 1.0, '_a2_': 1.0, '_a4_': 1.0, '_a6_': 1.0, '_a7_': 1.0}};{'d0': 0.02490583291941666};-280.569866449044;46.91497039292261
46856;-93.3699628315991;((-(x) + -(((-(pow2((x + _a5_))) * (_a3_ * _a0_)) + _a0_))) * x);{'d0': {'_a0_': -1.060610934818593, '_a3_': -3.183788482174539, '_a5_': 0.4600006011661159, '_a1_': 1.0, '_a2_': 1.0, '_a4_': 1.0, '_a6_': 1.0, '_a7_': 1.0}};{'d0': 0.02490583291941666};-280.569866449044;46.91497039292261
46857;-93.3699628315991;((-(x) + -(((-(pow2((x + _a5_))) * (_a3_ * _a0_)) + _a0_))) * x);{'d0': {'_a0_': -1.060610934818593, '_a3_': -3.183788482174539, '_a5_': 0.4600006011661159, '_a1_': 1.0, '_a2_': 1.0, '_a4_': 1.0, '_a6_': 1.0, '_a7_': 1.0}};{'d0': 0.02490583291941666};-280.569866449044;46.91497039292261
46858;-99.5822889035538;((((((_a5_ * (x * x)) * pow2(_a2_)) + _a7_) + x) / _a2_) * x);{'d0': {'_a2_': 0.47469314282982483, '_a5_': 7.113565744342757, '_a7_': 0.84264460378431, '_a0_': 1.0, '_a1_': 1.0, '_a3_': 1.0, '_a4_': 1.0, '_a6_': 1.0}};{'d0': 0.024905832919416542};-280.569866449044;40.7026443209684
46859;-99.5822889035538;((((((_a5_ * (x * x)) * pow2(_a2_)) + _a7_) + x) / _a2_) * x);{'d0': {'_a2_': 0.47469314282982483, '_a5_': 7.113565744342757, '_a7_': 0.84264460378431, '_a0_': 1.0, '_a1_': 1.0, '_a3_': 1.0, '_a4_': 1.0, '_a6_': 1.0}};{'d0': 0.024905832919416542};-280.569866449044;40.7026443209684
46860;-99.5822889035538;((((((_a5_ * (x * x)) * pow2(_a2_)) + _a7_) + x) / _a2_) * x);{'d0': {'_a2_': 0.47469314282982483, '_a5_': 7.113565744342757, '_a7_': 0.84264460378431, '_a0_': 1.0, '_a1_': 1.0, '_a3_': 1.0, '_a4_': 1.0, '_a6_': 1.0}};{'d0': 0.024905832919416542};-280.569866449044;40.7026443209684
46861;-93.3699628315992;((-(_a5_) + -(((-(pow2((x + _a5_))) * (_a3_ * _a0_)) + _a0_))) * x);{'d0': {'_a0_': -1.7585057970580253, '_a3_': -1.9202443822332622, '_a5_': 0.31192970772522527, '_a1_': 1.0, '_a2_': 1.0, '_a4_': 1.0, '_a6_': 1.0, '_a7_': 1.0}};{'d0': 0.02490583291941659};-280.569866449044;46.91497039292261
46862;-93.3699628315992;((-(_a5_) + -(((-(pow2((x + _a5_))) * (_a3_ * _a0_)) + _a0_))) * x);{'d0': {'_a0_': -1.7585057970580253, '_a3_': -1.9202443822332622, '_a5_': 0.31192970772522527, '_a1_': 1.0, '_a2_': 1.0, '_a4_': 1.0, '_a6_': 1.0, '_a7_': 1.0}};{'d0': 0.02490583291941659};-280.569866449044;46.91497039292261
46863;-93.3699628315992;((-(_a5_) + -(((-(pow2((x + _a5_))) * (_a3_ * _a0_)) + _a0_))) * x);{'d0': {'_a0_': -1.7585057970580253, '_a3_': -1.9202443822332622, '_a5_': 0.31192970772522527, '_a1_': 1.0, '_a2_': 1.0, '_a4_': 1.0, '_a6_': 1.0, '_a7_': 1.0}};{'d0': 0.02490583291941659};-280.569866449044;46.91497039292261
46864;-93.3699628315992;((-(_a5_) + -(((-(pow2((x + _a5_))) * (_a3_ * _a0_)) + _a0_))) * x);{'d0': {'_a0_': -1.7585057970580253, '_a3_': -1.9202443822332622, '_a5_': 0.31192970772522527, '_a1_': 1.0, '_a2_': 1.0, '_a4_': 1.0, '_a6_': 1.0, '_a7_': 1.0}};{'d0': 0.02490583291941659};-280.569866449044;46.91497039292261
46865;-93.3699628315992;((-(_a5_) + -(((-(pow2((x + _a5_))) * (_a3_ * _a0_)) + _a0_))) * x);{'d0': {'_a0_': -1.7585057970580253, '_a3_': -1.9202443822332622, '_a5_': 0.31192970772522527, '_a1_': 1.0, '_a2_': 1.0, '_a4_': 1.0, '_a6_': 1.0, '_a7_': 1.0}};{'d0': 0.02490583291941659};-280.569866449044;46.91497039292261
46866;-93.3699628315992;((-(_a5_) + -(((-(pow2((x + _a5_))) * (_a3_ * _a0_)) + _a0_))) * x);{'d0': {'_a0_': -1.7585057970580253, '_a3_': -1.9202443822332622, '_a5_': 0.31192970772522527, '_a1_': 1.0, '_a2_': 1.0, '_a4_': 1.0, '_a6_': 1.0, '_a7_': 1.0}};{'d0': 0.02490583291941659};-280.569866449044;46.91497039292261
46867;-93.3699628315992;((-(_a5_) + -(((-(pow2((x + _a5_))) * (_a3_ * _a0_)) + _a0_))) * x);{'d0': {'_a0_': -1.7585057970580253, '_a3_': -1.9202443822332622, '_a5_': 0.31192970772522527, '_a1_': 1.0, '_a2_': 1.0, '_a4_': 1.0, '_a6_': 1.0, '_a7_': 1.0}};{'d0': 0.02490583291941659};-280.569866449044;46.91497039292261
46868;-93.3699628315992;((-(_a5_) + -(((-(pow2((x + _a5_))) * (_a3_ * _a0_)) + _a0_))) * x);{'d0': {'_a0_': -1.7585057970580253, '_a3_': -1.9202443822332622, '_a5_': 0.31192970772522527, '_a1_': 1.0, '_a2_': 1.0, '_a4_': 1.0, '_a6_': 1.0, '_a7_': 1.0}};{'d0': 0.02490583291941659};-280.569866449044;46.91497039292261
46869;-93.3699628315992;((-(_a5_) + -(((-(pow2((x + _a5_))) * (_a3_ * _a0_)) + _a0_))) * x);{'d0': {'_a0_': -1.7585057970580253, '_a3_': -1.9202443822332622, '_a5_': 0.31192970772522527, '_a1_': 1.0, '_a2_': 1.0, '_a4_': 1.0, '_a6_': 1.0, '_a7_': 1.0}};{'d0': 0.02490583291941659};-280.569866449044;46.91497039292261
46870;-93.3699628315992;((-(_a5_) + -(((-(pow2((x + _a5_))) * (_a3_ * _a0_)) + _a0_))) * x);{'d0': {'_a0_': -1.7585057970580253, '_a3_': -1.9202443822332622, '_a5_': 0.31192970772522527, '_a1_': 1.0, '_a2_': 1.0, '_a4_': 1.0, '_a6_': 1.0, '_a7_': 1.0}};{'d0': 0.02490583291941659};-280.569866449044;46.91497039292261
46871;-93.3699628315992;((-(_a5_) + -(((-(pow2((x + _a5_))) * (_a3_ * _a0_)) + _a0_))) * x);{'d0': {'_a0_': -1.7585057970580253, '_a3_': -1.9202443822332622, '_a5_': 0.31192970772522527, '_a1_': 1.0, '_a2_': 1.0, '_a4_': 1.0, '_a6_': 1.0, '_a7_': 1.0}};{'d0': 0.02490583291941659};-280.569866449044;46.91497039292261
46872;-93.3699628315992;((-(_a5_) + -(((-(pow2((x + _a5_))) * (_a3_ * _a0_)) + _a0_))) * x);{'d0': {'_a0_': -1.7585057970580253, '_a3_': -1.9202443822332622, '_a5_': 0.31192970772522527, '_a1_': 1.0, '_a2_': 1.0, '_a4_': 1.0, '_a6_': 1.0, '_a7_': 1.0}};{'d0': 0.02490583291941659};-280.569866449044;46.91497039292261
46873;-93.3699628315992;((-(_a5_) + -(((-(pow2((x + _a5_))) * (_a3_ * _a0_)) + _a0_))) * x);{'d0': {'_a0_': -1.7585057970580253, '_a3_': -1.9202443822332622, '_a5_': 0.31192970772522527, '_a1_': 1.0, '_a2_': 1.0, '_a4_': 1.0, '_a6_': 1.0, '_a7_': 1.0}};{'d0': 0.02490583291941659};-280.569866449044;46.91497039292261
46874;-99.5822889035537;((((((_a0_ * (x * x)) * pow2(_a2_)) + _a7_) + x) / _a2_) * x);{'d0': {'_a0_': 7.1135657234436165, '_a2_': 0.474693143605922, '_a7_': 0.8426446053192848, '_a1_': 1.0, '_a3_': 1.0, '_a4_': 1.0, '_a5_': 1.0, '_a6_': 1.0}};{'d0': 0.02490583291941662};-280.569866449044;40.7026443209684
46875;-103.280223376164;((((((_a0_ * (x * x)) * _a7_) + _a7_) + x) / _a2_) * x);{'d0': {'_a0_': 1.9022553842747176, '_a2_': 0.4746931426737853, '_a7_': 0.842644603643357, '_a1_': 1.0, '_a3_': 1.0, '_a4_': 1.0, '_a5_': 1.0, '_a6_': 1.0}};{'d0': 0.02490583291941666};-280.569866449044;37.0047098483584
46876;-103.280223376164;((((((_a0_ * (x * x)) * _a7_) + _a7_) + x) / _a2_) * x);{'d0': {'_a0_': 1.9022553842747176, '_a2_': 0.4746931426737853, '_a7_': 0.842644603643357, '_a1_': 1.0, '_a3_': 1.0, '_a4_': 1.0, '_a5_': 1.0, '_a6_': 1.0}};{'d0': 0.02490583291941666};-280.569866449044;37.0047098483584
46877;-103.280223376164;((((((_a0_ * (x * x)) * _a7_) + _a7_) + x) / _a2_) * x);{'d0': {'_a0_': 1.9022553842747176, '_a2_': 0.4746931426737853, '_a7_': 0.842644603643357, '_a1_': 1.0, '_a3_': 1.0, '_a4_': 1.0, '_a5_': 1.0, '_a6_': 1.0}};{'d0': 0.02490583291941666};-280.569866449044;37.0047098483584
46878;-103.280223376164;((((((_a0_ * (x * x)) * _a7_) + _a7_) + x) / _a2_) * x);{'d0': {'_a0_': 1.9022553842747176, '_a2_': 0.4746931426737853, '_a7_': 0.842644603643357, '_a1_': 1.0, '_a3_': 1.0, '_a4_': 1.0, '_a5_': 1.0, '_a6_': 1.0}};{'d0': 0.02490583291941666};-280.569866449044;37.0047098483584
46879;-103.280223376164;((((((_a0_ * (x * x)) * _a7_) + _a7_) + x) / _a2_) * x);{'d0': {'_a0_': 1.9022553842747176, '_a2_': 0.4746931426737853, '_a7_': 0.842644603643357, '_a1_': 1.0, '_a3_': 1.0, '_a4_': 1.0, '_a5_': 1.0, '_a6_': 1.0}};{'d0': 0.02490583291941666};-280.569866449044;37.0047098483584
46880;-103.280223376164;((((((_a0_ * (x * x)) * _a7_) + _a7_) + x) / _a2_) * x);{'d0': {'_a0_': 1.9022553842747176, '_a2_': 0.4746931426737853, '_a7_': 0.842644603643357, '_a1_': 1.0, '_a3_': 1.0, '_a4_': 1.0, '_a5_': 1.0, '_a6_': 1.0}};{'d0': 0.02490583291941666};-280.569866449044;37.0047098483584
46881;-103.280223376164;((((((_a0_ * (x * x)) * _a7_) + _a7_) + x) / _a2_) * x);{'d0': {'_a0_': 1.9022553842747176, '_a2_': 0.4746931426737853, '_a7_': 0.842644603643357, '_a1_': 1.0, '_a3_': 1.0, '_a4_': 1.0, '_a5_': 1.0, '_a6_': 1.0}};{'d0': 0.02490583291941666};-280.569866449044;37.0047098483584
46882;-103.280223376164;((((((_a0_ * (x * x)) * _a7_) + _a7_) + x) / _a2_) * x);{'d0': {'_a0_': 1.9022553842747176, '_a2_': 0.4746931426737853, '_a7_': 0.842644603643357, '_a1_': 1.0, '_a3_': 1.0, '_a4_': 1.0, '_a5_': 1.0, '_a6_': 1.0}};{'d0': 0.02490583291941666};-280.569866449044;37.0047098483584
46883;-103.280223376164;((((((_a0_ * (x * x)) * _a7_) + _a7_) + x) / _a2_) * x);{'d0': {'_a0_': 1.9022553842747176, '_a2_': 0.4746931426737853, '_a7_': 0.842644603643357, '_a1_': 1.0, '_a3_': 1.0, '_a4_': 1.0, '_a5_': 1.0, '_a6_': 1.0}};{'d0': 0.02490583291941666};-280.569866449044;37.0047098483584
46884;-103.280223376164;((((((_a0_ * (x * x)) * _a7_) + _a7_) + x) / _a2_) * x);{'d0': {'_a0_': 1.9022553842747176, '_a2_': 0.4746931426737853, '_a7_': 0.842644603643357, '_a1_': 1.0, '_a3_': 1.0, '_a4_': 1.0, '_a5_': 1.0, '_a6_': 1.0}};{'d0': 0.02490583291941666};-280.569866449044;37.0047098483584
46885;-103.280223376164;((((((_a0_ * (x * x)) * _a7_) + _a7_) + x) / _a2_) * x);{'d0': {'_a0_': 1.9022553842747176, '_a2_': 0.4746931426737853, '_a7_': 0.842644603643357, '_a1_': 1.0, '_a3_': 1.0, '_a4_': 1.0, '_a5_': 1.0, '_a6_': 1.0}};{'d0': 0.02490583291941666};-280.569866449044;37.0047098483584
46886;-103.280223376164;((((((_a0_ * (x * x)) * _a7_) + _a7_) + x) / _a2_) * x);{'d0': {'_a0_': 1.9022553842747176, '_a2_': 0.4746931426737853, '_a7_': 0.842644603643357, '_a1_': 1.0, '_a3_': 1.0, '_a4_': 1.0, '_a5_': 1.0, '_a6_': 1.0}};{'d0': 0.02490583291941666};-280.569866449044;37.0047098483584
46887;-103.280223376164;((((((_a0_ * (x * x)) * _a7_) + _a7_) + x) / _a2_) * x);{'d0': {'_a0_': 1.9022553842747176, '_a2_': 0.4746931426737853, '_a7_': 0.842644603643357, '_a1_': 1.0, '_a3_': 1.0, '_a4_': 1.0, '_a5_': 1.0, '_a6_': 1.0}};{'d0': 0.02490583291941666};-280.569866449044;37.0047098483584
46888;-103.280223376164;((((((_a0_ * (x * x)) * _a7_) + _a7_) + x) / _a2_) * x);{'d0': {'_a0_': 1.9022553842747176, '_a2_': 0.4746931426737853, '_a7_': 0.842644603643357, '_a1_': 1.0, '_a3_': 1.0, '_a4_': 1.0, '_a5_': 1.0, '_a6_': 1.0}};{'d0': 0.02490583291941666};-280.569866449044;37.0047098483584
46889;-103.280223376164;((((((_a0_ * (x * x)) * _a7_) + _a7_) + x) / _a2_) * x);{'d0': {'_a0_': 1.9022553842747176, '_a2_': 0.4746931426737853, '_a7_': 0.842644603643357, '_a1_': 1.0, '_a3_': 1.0, '_a4_': 1.0, '_a5_': 1.0, '_a6_': 1.0}};{'d0': 0.02490583291941666};-280.569866449044;37.0047098483584
46890;-103.280223376164;((((((_a0_ * (x * x)) * _a7_) + _a7_) + x) / _a2_) * x);{'d0': {'_a0_': 1.9022553842747176, '_a2_': 0.4746931426737853, '_a7_': 0.842644603643357, '_a1_': 1.0, '_a3_': 1.0, '_a4_': 1.0, '_a5_': 1.0, '_a6_': 1.0}};{'d0': 0.02490583291941666};-280.569866449044;37.0047098483584
46891;-103.280223376164;((((((_a0_ * (x * x)) * _a7_) + _a7_) + x) / _a2_) * x);{'d0': {'_a0_': 1.9022553842747176, '_a2_': 0.4746931426737853, '_a7_': 0.842644603643357, '_a1_': 1.0, '_a3_': 1.0, '_a4_': 1.0, '_a5_': 1.0, '_a6_': 1.0}};{'d0': 0.02490583291941666};-280.569866449044;37.0047098483584
46892;-94.3412239551722;((-(_a5_) * -(((-(pow2((x + _a5_))) * (_a6_ * _a0_)) + _a0_))) * x);{'d0': {'_a0_': 4.637506634536597, '_a5_': 0.31192970785622226, '_a6_': -2.334312658519316, '_a1_': 1.0, '_a2_': 1.0, '_a3_': 1.0, '_a4_': 1.0, '_a7_': 1.0}};{'d0': 0.024905832919416573};-280.569866449044;45.94370926934961
46893;-103.280223376164;((((((_a0_ * (x * x)) * _a7_) + _a7_) + x) / _a2_) * x);{'d0': {'_a0_': 1.9022553842747176, '_a2_': 0.4746931426737853, '_a7_': 0.842644603643357, '_a1_': 1.0, '_a3_': 1.0, '_a4_': 1.0, '_a5_': 1.0, '_a6_': 1.0}};{'d0': 0.02490583291941666};-280.569866449044;37.0047098483584
46894;-103.280223376164;((((((_a0_ * (x * x)) * _a7_) + _a7_) + x) / _a2_) * x);{'d0': {'_a0_': 1.9022553842747176, '_a2_': 0.4746931426737853, '_a7_': 0.842644603643357, '_a1_': 1.0, '_a3_': 1.0, '_a4_': 1.0, '_a5_': 1.0, '_a6_': 1.0}};{'d0': 0.02490583291941666};-280.569866449044;37.0047098483584
46895;-92.2940516740076;((-(_a5_) * -(((-(pow2((x + _a4_))) * (_a6_ * _a0_)) + _a0_))) * x);{'d0': {'_a0_': 5.942749512380357, '_a4_': 0.3119297077376482, '_a5_': 0.2434186487891609, '_a6_': -2.334312660911501, '_a1_': 1.0, '_a2_': 1.0, '_a3_': 1.0, '_a7_': 1.0}};{'d0': 0.02490583291946107};-276.475521886714;45.94370926934961
46896;-92.2940516740076;((-(_a5_) * -(((-(pow2((x + _a4_))) * (_a6_ * _a0_)) + _a0_))) * x);{'d0': {'_a0_': 5.942749512380357, '_a4_': 0.3119297077376482, '_a5_': 0.2434186487891609, '_a6_': -2.334312660911501, '_a1_': 1.0, '_a2_': 1.0, '_a3_': 1.0, '_a7_': 1.0}};{'d0': 0.02490583291946107};-276.475521886714;45.94370926934961
46897;-95.9750089853693;((_a3_ * -(((-(pow2((x + _a4_))) * (_a6_ * _a0_)) + _a0_))) * x);{'d0': {'_a0_': -1.1807691458764713, '_a3_': 1.2251131234063377, '_a4_': 0.3119297076643746, '_a6_': -2.334312660455096, '_a1_': 1.0, '_a2_': 1.0, '_a5_': 1.0, '_a7_': 1.0}};{'d0': 0.0249058329235292};-276.475521876914;42.26275195308766
46898;-95.9750089853693;((_a3_ * -(((-(pow2((x + _a4_))) * (_a6_ * _a0_)) + _a0_))) * x);{'d0': {'_a0_': -1.1807691458764713, '_a3_': 1.2251131234063377, '_a4_': 0.3119297076643746, '_a6_': -2.334312660455096, '_a1_': 1.0, '_a2_': 1.0, '_a5_': 1.0, '_a7_': 1.0}};{'d0': 0.0249058329235292};-276.475521876914;42.26275195308766
46899;-95.9750089853693;((_a3_ * -(((-(pow2((x + _a4_))) * (_a6_ * _a0_)) + _a0_))) * x);{'d0': {'_a0_': -1.1807691458764713, '_a3_': 1.2251131234063377, '_a4_': 0.3119297076643746, '_a6_': -2.334312660455096, '_a1_': 1.0, '_a2_': 1.0, '_a5_': 1.0, '_a7_': 1.0}};{'d0': 0.0249058329235292};-276.475521876914;42.26275195308766
46900;-95.9750089900498;((_a3_ * -(((-(pow2((x + _a4_))) * (_a6_ * _a4_)) + _a0_))) * x);{'d0': {'_a0_': -1.028206746585422, '_a3_': 1.4068921655331041, '_a4_': 0.31192970784939733, '_a6_': 7.69454131322247, '_a1_': 1.0, '_a2_': 1.0, '_a5_': 1.0, '_a7_': 1.0}};{'d0': 0.024905832919643475};-276.475521886275;42.26275195308766
46901;-95.9750089900498;((_a3_ * -(((-(pow2((x + _a4_))) * (_a6_ * _a4_)) + _a0_))) * x);{'d0': {'_a0_': -1.028206746585422, '_a3_': 1.4068921655331041, '_a4_': 0.31192970784939733, '_a6_': 7.69454131322247, '_a1_': 1.0, '_a2_': 1.0, '_a5_': 1.0, '_a7_': 1.0}};{'d0': 0.024905832919643475};-276.475521886275;42.26275195308766
46902;-95.9750089900498;((_a3_ * -(((-(pow2((x + _a4_))) * (_a6_ * _a4_)) + _a0_))) * x);{'d0': {'_a0_': -1.028206746585422, '_a3_': 1.4068921655331041, '_a4_': 0.31192970784939733, '_a6_': 7.69454131322247, '_a1_': 1.0, '_a2_': 1.0, '_a5_': 1.0, '_a7_': 1.0}};{'d0': 0.024905832919643475};-276.475521886275;42.26275195308766
46903;-95.9750089900498;((_a3_ * -(((-(pow2((x + _a4_))) * (_a6_ * _a4_)) + _a0_))) * x);{'d0': {'_a0_': -1.028206746585422, '_a3_': 1.4068921655331041, '_a4_': 0.31192970784939733, '_a6_': 7.69454131322247, '_a1_': 1.0, '_a2_': 1.0, '_a5_': 1.0, '_a7_': 1.0}};{'d0': 0.024905832919643475};-276.475521886275;42.26275195308766
46904;-95.9750089900498;((_a3_ * -(((-(pow2((x + _a4_))) * (_a6_ * _a4_)) + _a0_))) * x);{'d0': {'_a0_': -1.028206746585422, '_a3_': 1.4068921655331041, '_a4_': 0.31192970784939733, '_a6_': 7.69454131322247, '_a1_': 1.0, '_a2_': 1.0, '_a5_': 1.0, '_a7_': 1.0}};{'d0': 0.024905832919643475};-276.475521886275;42.26275195308766
46905;-95.0037478667500;((_a3_ * -(((-(pow2((x + _a4_))) + (_a6_ * _a4_)) + _a0_))) * x);{'d0': {'_a0_': 0.09258011832810667, '_a3_': 3.3767608707038814, '_a4_': 0.31192970743583875, '_a6_': -1.6701575232383619, '_a1_': 1.0, '_a2_': 1.0, '_a5_': 1.0, '_a7_': 1.0}};{'d0': 0.024905832919416643};-276.475521886821;43.23401307666066
46906;-99.8807304590603;((_a3_ * -(((-(pow2((x + _a4_))) + _a6_) + _a0_))) * x);{'d0': {'_a0_': 405.58136541697826, '_a3_': 3.3767608765603088, '_a4_': 0.3119297078475419, '_a6_': -406.0097565743742, '_a1_': 1.0, '_a2_': 1.0, '_a5_': 1.0, '_a7_': 1.0}};{'d0': 0.024905832958290252};-276.475521793172;38.35703043752566
46907;-99.8807304590603;((_a3_ * -(((-(pow2((x + _a4_))) + _a6_) + _a0_))) * x);{'d0': {'_a0_': 405.58136541697826, '_a3_': 3.3767608765603088, '_a4_': 0.3119297078475419, '_a6_': -406.0097565743742, '_a1_': 1.0, '_a2_': 1.0, '_a5_': 1.0, '_a7_': 1.0}};{'d0': 0.024905832958290252};-276.475521793172;38.35703043752566
46908;-99.8807304590603;((_a3_ * -(((-(pow2((x + _a4_))) + _a6_) + _a0_))) * x);{'d0': {'_a0_': 405.58136541697826, '_a3_': 3.3767608765603088, '_a4_': 0.3119297078475419, '_a6_': -406.0097565743742, '_a1_': 1.0, '_a2_': 1.0, '_a5_': 1.0, '_a7_': 1.0}};{'d0': 0.024905832958290252};-276.475521793172;38.35703043752566
46909;-99.8807304590603;((_a3_ * -(((-(pow2((x + _a4_))) + _a6_) + _a0_))) * x);{'d0': {'_a0_': 405.58136541697826, '_a3_': 3.3767608765603088, '_a4_': 0.3119297078475419, '_a6_': -406.0097565743742, '_a1_': 1.0, '_a2_': 1.0, '_a5_': 1.0, '_a7_': 1.0}};{'d0': 0.024905832958290252};-276.475521793172;38.35703043752566
46910;-99.8807304590603;((_a3_ * -(((-(pow2((x + _a4_))) + _a6_) + _a0_))) * x);{'d0': {'_a0_': 405.58136541697826, '_a3_': 3.3767608765603088, '_a4_': 0.3119297078475419, '_a6_': -406.0097565743742, '_a1_': 1.0, '_a2_': 1.0, '_a5_': 1.0, '_a7_': 1.0}};{'d0': 0.024905832958290252};-276.475521793172;38.35703043752566
46911;-99.8807304590603;((_a3_ * -(((-(pow2((x + _a4_))) + _a6_) + _a0_))) * x);{'d0': {'_a0_': 405.58136541697826, '_a3_': 3.3767608765603088, '_a4_': 0.3119297078475419, '_a6_': -406.0097565743742, '_a1_': 1.0, '_a2_': 1.0, '_a5_': 1.0, '_a7_': 1.0}};{'d0': 0.024905832958290252};-276.475521793172;38.35703043752566
46912;-99.8807304590603;((_a3_ * -(((-(pow2((x + _a4_))) + _a6_) + _a0_))) * x);{'d0': {'_a0_': 405.58136541697826, '_a3_': 3.3767608765603088, '_a4_': 0.3119297078475419, '_a6_': -406.0097565743742, '_a1_': 1.0, '_a2_': 1.0, '_a5_': 1.0, '_a7_': 1.0}};{'d0': 0.024905832958290252};-276.475521793172;38.35703043752566
46913;-99.8807304590603;((_a3_ * -(((-(pow2((x + _a4_))) + _a6_) + _a0_))) * x);{'d0': {'_a0_': 405.58136541697826, '_a3_': 3.3767608765603088, '_a4_': 0.3119297078475419, '_a6_': -406.0097565743742, '_a1_': 1.0, '_a2_': 1.0, '_a5_': 1.0, '_a7_': 1.0}};{'d0': 0.024905832958290252};-276.475521793172;38.35703043752566
46914;-99.8807304590603;((_a3_ * -(((-(pow2((x + _a4_))) + _a6_) + _a0_))) * x);{'d0': {'_a0_': 405.58136541697826, '_a3_': 3.3767608765603088, '_a4_': 0.3119297078475419, '_a6_': -406.0097565743742, '_a1_': 1.0, '_a2_': 1.0, '_a5_': 1.0, '_a7_': 1.0}};{'d0': 0.024905832958290252};-276.475521793172;38.35703043752566
46915;-99.8807304590603;((_a3_ * -(((-(pow2((x + _a4_))) + _a6_) + _a0_))) * x);{'d0': {'_a0_': 405.58136541697826, '_a3_': 3.3767608765603088, '_a4_': 0.3119297078475419, '_a6_': -406.0097565743742, '_a1_': 1.0, '_a2_': 1.0, '_a5_': 1.0, '_a7_': 1.0}};{'d0': 0.024905832958290252};-276.475521793172;38.35703043752566
46916;-99.8807304590603;((_a3_ * -(((-(pow2((x + _a4_))) + _a6_) + _a0_))) * x);{'d0': {'_a0_': 405.58136541697826, '_a3_': 3.3767608765603088, '_a4_': 0.3119297078475419, '_a6_': -406.0097565743742, '_a1_': 1.0, '_a2_': 1.0, '_a5_': 1.0, '_a7_': 1.0}};{'d0': 0.024905832958290252};-276.475521793172;38.35703043752566
46917;-99.8807304590603;((_a3_ * -(((-(pow2((x + _a4_))) + _a6_) + _a0_))) * x);{'d0': {'_a0_': 405.58136541697826, '_a3_': 3.3767608765603088, '_a4_': 0.3119297078475419, '_a6_': -406.0097565743742, '_a1_': 1.0, '_a2_': 1.0, '_a5_': 1.0, '_a7_': 1.0}};{'d0': 0.024905832958290252};-276.475521793172;38.35703043752566
46918;-99.8807304590603;((_a3_ * -(((-(pow2((x + _a4_))) + _a6_) + _a0_))) * x);{'d0': {'_a0_': 405.58136541697826, '_a3_': 3.3767608765603088, '_a4_': 0.3119297078475419, '_a6_': -406.0097565743742, '_a1_': 1.0, '_a2_': 1.0, '_a5_': 1.0, '_a7_': 1.0}};{'d0': 0.024905832958290252};-276.475521793172;38.35703043752566
46919;-99.8807304590603;((_a3_ * -(((-(pow2((x + _a4_))) + _a6_) + _a0_))) * x);{'d0': {'_a0_': 405.58136541697826, '_a3_': 3.3767608765603088, '_a4_': 0.3119297078475419, '_a6_': -406.0097565743742, '_a1_': 1.0, '_a2_': 1.0, '_a5_': 1.0, '_a7_': 1.0}};{'d0': 0.024905832958290252};-276.475521793172;38.35703043752566
46920;-99.8807304590603;((_a3_ * -(((-(pow2((x + _a4_))) + _a6_) + _a0_))) * x);{'d0': {'_a0_': 405.58136541697826, '_a3_': 3.3767608765603088, '_a4_': 0.3119297078475419, '_a6_': -406.0097565743742, '_a1_': 1.0, '_a2_': 1.0, '_a5_': 1.0, '_a7_': 1.0}};{'d0': 0.024905832958290252};-276.475521793172;38.35703043752566
46921;-99.8807304590603;((_a3_ * -(((-(pow2((x + _a4_))) + _a6_) + _a0_))) * x);{'d0': {'_a0_': 405.58136541697826, '_a3_': 3.3767608765603088, '_a4_': 0.3119297078475419, '_a6_': -406.0097565743742, '_a1_': 1.0, '_a2_': 1.0, '_a5_': 1.0, '_a7_': 1.0}};{'d0': 0.024905832958290252};-276.475521793172;38.35703043752566
46922;-99.8807304590603;((_a3_ * -(((-(pow2((x + _a4_))) + _a6_) + _a0_))) * x);{'d0': {'_a0_': 405.58136541697826, '_a3_': 3.3767608765603088, '_a4_': 0.3119297078475419, '_a6_': -406.0097565743742, '_a1_': 1.0, '_a2_': 1.0, '_a5_': 1.0, '_a7_': 1.0}};{'d0': 0.024905832958290252};-276.475521793172;38.35703043752566
46923;-99.8807304590603;((_a3_ * -(((-(pow2((x + _a4_))) + _a6_) + _a0_))) * x);{'d0': {'_a0_': 405.58136541697826, '_a3_': 3.3767608765603088, '_a4_': 0.3119297078475419, '_a6_': -406.0097565743742, '_a1_': 1.0, '_a2_': 1.0, '_a5_': 1.0, '_a7_': 1.0}};{'d0': 0.024905832958290252};-276.475521793172;38.35703043752566
46924;-99.8807304590603;((_a3_ * -(((-(pow2((x + _a4_))) + _a6_) + _a0_))) * x);{'d0': {'_a0_': 405.58136541697826, '_a3_': 3.3767608765603088, '_a4_': 0.3119297078475419, '_a6_': -406.0097565743742, '_a1_': 1.0, '_a2_': 1.0, '_a5_': 1.0, '_a7_': 1.0}};{'d0': 0.024905832958290252};-276.475521793172;38.35703043752566
46925;-104.531628829010;(x * ((pow2((((x * _a3_) + _a5_) / _a7_)) * _a3_) + _a5_));{'d0': {'_a3_': 4.637506634090504, '_a5_': 1.4465760891836617, '_a7_': 5.434713594345838, '_a0_': 1.0, '_a1_': 1.0, '_a2_': 1.0, '_a4_': 1.0, '_a6_': 1.0}};{'d0': 0.024905832919416653};-280.569866449044;35.753304395511506
46926;-104.531628829010;(x * ((pow2((((x * _a3_) + _a5_) / _a7_)) * _a3_) + _a5_));{'d0': {'_a3_': 4.637506634090504, '_a5_': 1.4465760891836617, '_a7_': 5.434713594345838, '_a0_': 1.0, '_a1_': 1.0, '_a2_': 1.0, '_a4_': 1.0, '_a6_': 1.0}};{'d0': 0.024905832919416653};-280.569866449044;35.753304395511506
46927;-104.531628829010;(x * ((pow2((((x * _a3_) + _a5_) / _a7_)) * _a3_) + _a5_));{'d0': {'_a3_': 4.637506634090504, '_a5_': 1.4465760891836617, '_a7_': 5.434713594345838, '_a0_': 1.0, '_a1_': 1.0, '_a2_': 1.0, '_a4_': 1.0, '_a6_': 1.0}};{'d0': 0.024905832919416653};-280.569866449044;35.753304395511506
46928;-104.531628829010;(x * ((pow2((((x * _a3_) + _a5_) / _a7_)) * _a3_) + _a5_));{'d0': {'_a3_': 4.637506634090504, '_a5_': 1.4465760891836617, '_a7_': 5.434713594345838, '_a0_': 1.0, '_a1_': 1.0, '_a2_': 1.0, '_a4_': 1.0, '_a6_': 1.0}};{'d0': 0.024905832919416653};-280.569866449044;35.753304395511506
46929;-104.531628829010;(x * ((pow2((((x * _a3_) + _a5_) / _a7_)) * _a3_) + _a5_));{'d0': {'_a3_': 4.637506634090504, '_a5_': 1.4465760891836617, '_a7_': 5.434713594345838, '_a0_': 1.0, '_a1_': 1.0, '_a2_': 1.0, '_a4_': 1.0, '_a6_': 1.0}};{'d0': 0.024905832919416653};-280.569866449044;35.753304395511506
46930;-104.531628829010;(x * ((pow2((((x * _a3_) + _a5_) / _a7_)) * _a3_) + _a5_));{'d0': {'_a3_': 4.637506634090504, '_a5_': 1.4465760891836617, '_a7_': 5.434713594345838, '_a0_': 1.0, '_a1_': 1.0, '_a2_': 1.0, '_a4_': 1.0, '_a6_': 1.0}};{'d0': 0.024905832919416653};-280.569866449044;35.753304395511506
46931;-99.8807304590603;((_a3_ * -(((-(pow2((x + _a4_))) + _a6_) + _a0_))) * x);{'d0': {'_a0_': 405.58136541697826, '_a3_': 3.3767608765603088, '_a4_': 0.3119297078475419, '_a6_': -406.0097565743742, '_a1_': 1.0, '_a2_': 1.0, '_a5_': 1.0, '_a7_': 1.0}};{'d0': 0.024905832958290252};-276.475521793172;38.35703043752566
46932;-99.8807304590603;((_a3_ * -(((-(pow2((x + _a4_))) + _a6_) + _a0_))) * x);{'d0': {'_a0_': 405.58136541697826, '_a3_': 3.3767608765603088, '_a4_': 0.3119297078475419, '_a6_': -406.0097565743742, '_a1_': 1.0, '_a2_': 1.0, '_a5_': 1.0, '_a7_': 1.0}};{'d0': 0.024905832958290252};-276.475521793172;38.35703043752566
46933;-99.8807304590603;((_a3_ * -(((-(pow2((x + _a4_))) + _a6_) + _a0_))) * x);{'d0': {'_a0_': 405.58136541697826, '_a3_': 3.3767608765603088, '_a4_': 0.3119297078475419, '_a6_': -406.0097565743742, '_a1_': 1.0, '_a2_': 1.0, '_a5_': 1.0, '_a7_': 1.0}};{'d0': 0.024905832958290252};-276.475521793172;38.35703043752566
46934;-99.8807304590603;((_a3_ * -(((-(pow2((x + _a4_))) + _a6_) + _a0_))) * x);{'d0': {'_a0_': 405.58136541697826, '_a3_': 3.3767608765603088, '_a4_': 0.3119297078475419, '_a6_': -406.0097565743742, '_a1_': 1.0, '_a2_': 1.0, '_a5_': 1.0, '_a7_': 1.0}};{'d0': 0.024905832958290252};-276.475521793172;38.35703043752566
46935;-99.8807304590603;((_a3_ * -(((-(pow2((x + _a4_))) + _a6_) + _a0_))) * x);{'d0': {'_a0_': 405.58136541697826, '_a3_': 3.3767608765603088, '_a4_': 0.3119297078475419, '_a6_': -406.0097565743742, '_a1_': 1.0, '_a2_': 1.0, '_a5_': 1.0, '_a7_': 1.0}};{'d0': 0.024905832958290252};-276.475521793172;38.35703043752566
46936;-104.531628829010;(x * ((pow2((((x * _a3_) + _a5_) / _a7_)) * _a3_) + _a5_));{'d0': {'_a3_': 4.637506634090504, '_a5_': 1.4465760891836617, '_a7_': 5.434713594345838, '_a0_': 1.0, '_a1_': 1.0, '_a2_': 1.0, '_a4_': 1.0, '_a6_': 1.0}};{'d0': 0.024905832919416653};-280.569866449044;35.753304395511506
46937;-104.531628829010;(x * ((pow2((((x * _a3_) + _a5_) / _a7_)) * _a3_) + _a5_));{'d0': {'_a3_': 4.637506634090504, '_a5_': 1.4465760891836617, '_a7_': 5.434713594345838, '_a0_': 1.0, '_a1_': 1.0, '_a2_': 1.0, '_a4_': 1.0, '_a6_': 1.0}};{'d0': 0.024905832919416653};-280.569866449044;35.753304395511506
46938;-104.531628829010;(x * ((pow2((((x * _a3_) + _a5_) / _a7_)) * _a3_) + _a5_));{'d0': {'_a3_': 4.637506634090504, '_a5_': 1.4465760891836617, '_a7_': 5.434713594345838, '_a0_': 1.0, '_a1_': 1.0, '_a2_': 1.0, '_a4_': 1.0, '_a6_': 1.0}};{'d0': 0.024905832919416653};-280.569866449044;35.753304395511506
46939;-104.531628829010;(x * ((pow2((((x * _a3_) + _a5_) / _a7_)) * _a3_) + _a5_));{'d0': {'_a3_': 4.637506634090504, '_a5_': 1.4465760891836617, '_a7_': 5.434713594345838, '_a0_': 1.0, '_a1_': 1.0, '_a2_': 1.0, '_a4_': 1.0, '_a6_': 1.0}};{'d0': 0.024905832919416653};-280.569866449044;35.753304395511506
46940;-104.531628829010;(x * ((pow2((((x * _a3_) + _a5_) / _a7_)) * _a3_) + _a5_));{'d0': {'_a3_': 4.637506634090504, '_a5_': 1.4465760891836617, '_a7_': 5.434713594345838, '_a0_': 1.0, '_a1_': 1.0, '_a2_': 1.0, '_a4_': 1.0, '_a6_': 1.0}};{'d0': 0.024905832919416653};-280.569866449044;35.753304395511506
46941;-104.531628829010;(x * ((pow2((((x * _a3_) + _a5_) / _a7_)) * _a3_) + _a5_));{'d0': {'_a3_': 4.637506634090504, '_a5_': 1.4465760891836617, '_a7_': 5.434713594345838, '_a0_': 1.0, '_a1_': 1.0, '_a2_': 1.0, '_a4_': 1.0, '_a6_': 1.0}};{'d0': 0.024905832919416653};-280.569866449044;35.753304395511506
46942;-104.411319546383;(x * ((pow2((((x * _a3_) + _a5_) + _a7_)) * _a3_) + _a5_));{'d0': {'_a3_': 1.5002608254623557, '_a5_': 1.4465760894470576, '_a7_': -0.9786001685441357, '_a0_': 1.0, '_a1_': 1.0, '_a2_': 1.0, '_a4_': 1.0, '_a6_': 1.0}};{'d0': 0.02490583291941664};-280.569866449044;35.87361367813911
46943;-104.411319546383;(x * ((pow2((((x * _a3_) + _a5_) + _a7_)) * _a3_) + _a5_));{'d0': {'_a3_': 1.5002608254623557, '_a5_': 1.4465760894470576, '_a7_': -0.9786001685441357, '_a0_': 1.0, '_a1_': 1.0, '_a2_': 1.0, '_a4_': 1.0, '_a6_': 1.0}};{'d0': 0.02490583291941664};-280.569866449044;35.87361367813911
46944;-104.411319546383;(x * ((pow2((((x * _a3_) + _a5_) + _a7_)) * _a3_) + _a5_));{'d0': {'_a3_': 1.5002608254623557, '_a5_': 1.4465760894470576, '_a7_': -0.9786001685441357, '_a0_': 1.0, '_a1_': 1.0, '_a2_': 1.0, '_a4_': 1.0, '_a6_': 1.0}};{'d0': 0.02490583291941664};-280.569866449044;35.87361367813911
46945;-104.411319546383;(x * ((pow2((((x * _a3_) + _a5_) + _a7_)) * _a3_) + _a5_));{'d0': {'_a3_': 1.5002608254623557, '_a5_': 1.4465760894470576, '_a7_': -0.9786001685441357, '_a0_': 1.0, '_a1_': 1.0, '_a2_': 1.0, '_a4_': 1.0, '_a6_': 1.0}};{'d0': 0.02490583291941664};-280.569866449044;35.87361367813911
46946;-104.411319546383;(x * ((pow2((((x * _a3_) + _a5_) + _a7_)) * _a3_) + _a5_));{'d0': {'_a3_': 1.5002608254623557, '_a5_': 1.4465760894470576, '_a7_': -0.9786001685441357, '_a0_': 1.0, '_a1_': 1.0, '_a2_': 1.0, '_a4_': 1.0, '_a6_': 1.0}};{'d0': 0.02490583291941664};-280.569866449044;35.87361367813911
46947;-104.411319546383;(x * ((pow2((((x * _a3_) + _a5_) + _a7_)) * _a3_) + _a5_));{'d0': {'_a3_': 1.5002608254623557, '_a5_': 1.4465760894470576, '_a7_': -0.9786001685441357, '_a0_': 1.0, '_a1_': 1.0, '_a2_': 1.0, '_a4_': 1.0, '_a6_': 1.0}};{'d0': 0.02490583291941664};-280.569866449044;35.87361367813911
46948;-104.411319546383;(x * ((pow2((((x * _a3_) + _a5_) + _a7_)) * _a3_) + _a5_));{'d0': {'_a3_': 1.5002608254623557, '_a5_': 1.4465760894470576, '_a7_': -0.9786001685441357, '_a0_': 1.0, '_a1_': 1.0, '_a2_': 1.0, '_a4_': 1.0, '_a6_': 1.0}};{'d0': 0.02490583291941664};-280.569866449044;35.87361367813911
46949;-104.411319546383;(x * ((pow2((((x * _a3_) + _a5_) + _a7_)) * _a3_) + _a5_));{'d0': {'_a3_': 1.5002608254623557, '_a5_': 1.4465760894470576, '_a7_': -0.9786001685441357, '_a0_': 1.0, '_a1_': 1.0, '_a2_': 1.0, '_a4_': 1.0, '_a6_': 1.0}};{'d0': 0.02490583291941664};-280.569866449044;35.87361367813911
46950;-104.411319546383;(x * ((pow2((((x * _a3_) + _a5_) + _a7_)) * _a3_) + _a5_));{'d0': {'_a3_': 1.5002608254623557, '_a5_': 1.4465760894470576, '_a7_': -0.9786001685441357, '_a0_': 1.0, '_a1_': 1.0, '_a2_': 1.0, '_a4_': 1.0, '_a6_': 1.0}};{'d0': 0.02490583291941664};-280.569866449044;35.87361367813911
46951;-104.411319546383;(x * ((pow2((((x * _a3_) + _a5_) + _a7_)) * _a3_) + _a5_));{'d0': {'_a3_': 1.5002608254623557, '_a5_': 1.4465760894470576, '_a7_': -0.9786001685441357, '_a0_': 1.0, '_a1_': 1.0, '_a2_': 1.0, '_a4_': 1.0, '_a6_': 1.0}};{'d0': 0.02490583291941664};-280.569866449044;35.87361367813911
46952;-104.411319546383;(x * ((pow2((((x * _a3_) + _a5_) + _a7_)) * _a3_) + _a5_));{'d0': {'_a3_': 1.5002608254623557, '_a5_': 1.4465760894470576, '_a7_': -0.9786001685441357, '_a0_': 1.0, '_a1_': 1.0, '_a2_': 1.0, '_a4_': 1.0, '_a6_': 1.0}};{'d0': 0.02490583291941664};-280.569866449044;35.87361367813911
46953;-104.411319546383;(x * ((pow2((((x * _a3_) + _a5_) + _a7_)) * _a3_) + _a5_));{'d0': {'_a3_': 1.5002608254623557, '_a5_': 1.4465760894470576, '_a7_': -0.9786001685441357, '_a0_': 1.0, '_a1_': 1.0, '_a2_': 1.0, '_a4_': 1.0, '_a6_': 1.0}};{'d0': 0.02490583291941664};-280.569866449044;35.87361367813911
46954;-104.411319546383;(x * ((pow2((((x * _a3_) + _a5_) + _a7_)) * _a3_) + _a5_));{'d0': {'_a3_': 1.5002608254623557, '_a5_': 1.4465760894470576, '_a7_': -0.9786001685441357, '_a0_': 1.0, '_a1_': 1.0, '_a2_': 1.0, '_a4_': 1.0, '_a6_': 1.0}};{'d0': 0.02490583291941664};-280.569866449044;35.87361367813911
46955;-104.411319546383;(x * ((pow2((((x * _a3_) + _a5_) + _a7_)) * _a3_) + _a5_));{'d0': {'_a3_': 1.5002608254623557, '_a5_': 1.4465760894470576, '_a7_': -0.9786001685441357, '_a0_': 1.0, '_a1_': 1.0, '_a2_': 1.0, '_a4_': 1.0, '_a6_': 1.0}};{'d0': 0.02490583291941664};-280.569866449044;35.87361367813911
46956;-104.411319546383;(x * ((pow2((((x * _a3_) + _a5_) + _a7_)) * _a3_) + _a5_));{'d0': {'_a3_': 1.5002608254623557, '_a5_': 1.4465760894470576, '_a7_': -0.9786001685441357, '_a0_': 1.0, '_a1_': 1.0, '_a2_': 1.0, '_a4_': 1.0, '_a6_': 1.0}};{'d0': 0.02490583291941664};-280.569866449044;35.87361367813911
46957;-104.411319546383;(x * ((pow2((((x * _a3_) + _a5_) + _a7_)) * _a3_) + _a5_));{'d0': {'_a3_': 1.5002608254623557, '_a5_': 1.4465760894470576, '_a7_': -0.9786001685441357, '_a0_': 1.0, '_a1_': 1.0, '_a2_': 1.0, '_a4_': 1.0, '_a6_': 1.0}};{'d0': 0.02490583291941664};-280.569866449044;35.87361367813911
46958;-104.411319546383;(x * ((pow2((((x * _a3_) + _a5_) + _a7_)) * _a3_) + _a5_));{'d0': {'_a3_': 1.5002608254623557, '_a5_': 1.4465760894470576, '_a7_': -0.9786001685441357, '_a0_': 1.0, '_a1_': 1.0, '_a2_': 1.0, '_a4_': 1.0, '_a6_': 1.0}};{'d0': 0.02490583291941664};-280.569866449044;35.87361367813911
46959;-97.4430005680165;((((((_a0_ * (x * x)) * (_a0_ / _a7_)) + _a7_) + x) / _a2_) * x);{'d0': {'_a0_': 1.1621946052315586, '_a2_': 0.4746931431112912, '_a7_': 0.842644604600631, '_a1_': 1.0, '_a3_': 1.0, '_a4_': 1.0, '_a5_': 1.0, '_a6_': 1.0}};{'d0': 0.024905832919416615};-280.569866449044;42.841932656505605
46960;-97.4430005680165;((((((_a0_ * (x * x)) * (_a0_ / _a7_)) + _a7_) + x) / _a2_) * x);{'d0': {'_a0_': 1.1621946052315586, '_a2_': 0.4746931431112912, '_a7_': 0.842644604600631, '_a1_': 1.0, '_a3_': 1.0, '_a4_': 1.0, '_a5_': 1.0, '_a6_': 1.0}};{'d0': 0.024905832919416615};-280.569866449044;42.841932656505605
46961;-97.4430005680165;((((((_a0_ * (x * x)) * (_a0_ / _a7_)) + _a7_) + x) / _a2_) * x);{'d0': {'_a0_': 1.1621946052315586, '_a2_': 0.4746931431112912, '_a7_': 0.842644604600631, '_a1_': 1.0, '_a3_': 1.0, '_a4_': 1.0, '_a5_': 1.0, '_a6_': 1.0}};{'d0': 0.024905832919416615};-280.569866449044;42.841932656505605
46962;-97.4430005680165;((((((_a0_ * (x * x)) * (_a0_ / _a7_)) + _a7_) + x) / _a2_) * x);{'d0': {'_a0_': 1.1621946052315586, '_a2_': 0.4746931431112912, '_a7_': 0.842644604600631, '_a1_': 1.0, '_a3_': 1.0, '_a4_': 1.0, '_a5_': 1.0, '_a6_': 1.0}};{'d0': 0.024905832919416615};-280.569866449044;42.841932656505605
46963;-97.4430005680165;((((((_a0_ * (x * x)) * (_a0_ / _a7_)) + _a7_) + x) / _a2_) * x);{'d0': {'_a0_': 1.1621946052315586, '_a2_': 0.4746931431112912, '_a7_': 0.842644604600631, '_a1_': 1.0, '_a3_': 1.0, '_a4_': 1.0, '_a5_': 1.0, '_a6_': 1.0}};{'d0': 0.024905832919416615};-280.569866449044;42.841932656505605
46964;-97.4430005680165;((((((_a0_ * (x * x)) * (_a0_ / _a7_)) + _a7_) + x) / _a2_) * x);{'d0': {'_a0_': 1.1621946052315586, '_a2_': 0.4746931431112912, '_a7_': 0.842644604600631, '_a1_': 1.0, '_a3_': 1.0, '_a4_': 1.0, '_a5_': 1.0, '_a6_': 1.0}};{'d0': 0.024905832919416615};-280.569866449044;42.841932656505605
46965;-97.4430005680165;((((((_a0_ * (x * x)) * (_a0_ / _a7_)) + _a7_) + x) / _a2_) * x);{'d0': {'_a0_': 1.1621946052315586, '_a2_': 0.4746931431112912, '_a7_': 0.842644604600631, '_a1_': 1.0, '_a3_': 1.0, '_a4_': 1.0, '_a5_': 1.0, '_a6_': 1.0}};{'d0': 0.024905832919416615};-280.569866449044;42.841932656505605
46966;-96.6166750300638;((((((_a0_ * (x * x)) * (_a0_ ** _a7_)) + _a7_) + x) / _a2_) * x);{'d0': {'_a0_': 1.2918320962091063, '_a2_': 0.4746931432409524, '_a7_': 0.8426446048427585, '_a1_': 1.0, '_a3_': 1.0, '_a4_': 1.0, '_a5_': 1.0, '_a6_': 1.0}};{'d0': 0.024905832919416573};-280.569866449044;43.6682581944584
46967;-96.6166750300638;((((((_a0_ * (x * x)) * (_a0_ ** _a7_)) + _a7_) + x) / _a2_) * x);{'d0': {'_a0_': 1.2918320962091063, '_a2_': 0.4746931432409524, '_a7_': 0.8426446048427585, '_a1_': 1.0, '_a3_': 1.0, '_a4_': 1.0, '_a5_': 1.0, '_a6_': 1.0}};{'d0': 0.024905832919416573};-280.569866449044;43.6682581944584
46968;-104.411319546383;(x * ((pow2((((x * _a3_) + _a5_) + _a7_)) * _a3_) + _a5_));{'d0': {'_a3_': 1.5002608254623557, '_a5_': 1.4465760894470576, '_a7_': -0.9786001685441357, '_a0_': 1.0, '_a1_': 1.0, '_a2_': 1.0, '_a4_': 1.0, '_a6_': 1.0}};{'d0': 0.02490583291941664};-280.569866449044;35.87361367813911
46969;-104.411319546383;(x * ((pow2((((x * _a3_) + _a5_) + _a7_)) * _a3_) + _a5_));{'d0': {'_a3_': 1.5002608254623557, '_a5_': 1.4465760894470576, '_a7_': -0.9786001685441357, '_a0_': 1.0, '_a1_': 1.0, '_a2_': 1.0, '_a4_': 1.0, '_a6_': 1.0}};{'d0': 0.02490583291941664};-280.569866449044;35.87361367813911
46970;-104.411319546383;(x * ((pow2((((x * _a3_) + _a5_) + _a7_)) * _a3_) + _a5_));{'d0': {'_a3_': 1.5002608254623557, '_a5_': 1.4465760894470576, '_a7_': -0.9786001685441357, '_a0_': 1.0, '_a1_': 1.0, '_a2_': 1.0, '_a4_': 1.0, '_a6_': 1.0}};{'d0': 0.02490583291941664};-280.569866449044;35.87361367813911
46971;-104.411319546383;(x * ((pow2((((x * _a3_) + _a5_) + _a7_)) * _a3_) + _a5_));{'d0': {'_a3_': 1.5002608254623557, '_a5_': 1.4465760894470576, '_a7_': -0.9786001685441357, '_a0_': 1.0, '_a1_': 1.0, '_a2_': 1.0, '_a4_': 1.0, '_a6_': 1.0}};{'d0': 0.02490583291941664};-280.569866449044;35.87361367813911
46972;-104.411319546383;(x * ((pow2((((x * _a3_) + _a5_) + _a7_)) * _a3_) + _a5_));{'d0': {'_a3_': 1.5002608254623557, '_a5_': 1.4465760894470576, '_a7_': -0.9786001685441357, '_a0_': 1.0, '_a1_': 1.0, '_a2_': 1.0, '_a4_': 1.0, '_a6_': 1.0}};{'d0': 0.02490583291941664};-280.569866449044;35.87361367813911
46973;-104.411319546383;(x * ((pow2((((x * _a3_) + _a5_) + _a7_)) * _a3_) + _a5_));{'d0': {'_a3_': 1.5002608254623557, '_a5_': 1.4465760894470576, '_a7_': -0.9786001685441357, '_a0_': 1.0, '_a1_': 1.0, '_a2_': 1.0, '_a4_': 1.0, '_a6_': 1.0}};{'d0': 0.02490583291941664};-280.569866449044;35.87361367813911
46974;-104.411319546383;(x * ((pow2((((x * _a3_) + _a5_) + _a7_)) * _a3_) + _a5_));{'d0': {'_a3_': 1.5002608254623557, '_a5_': 1.4465760894470576, '_a7_': -0.9786001685441357, '_a0_': 1.0, '_a1_': 1.0, '_a2_': 1.0, '_a4_': 1.0, '_a6_': 1.0}};{'d0': 0.02490583291941664};-280.569866449044;35.87361367813911
46975;-104.411319546383;(x * ((pow2((((x * _a3_) + _a5_) + _a7_)) * _a3_) + _a5_));{'d0': {'_a3_': 1.5002608254623557, '_a5_': 1.4465760894470576, '_a7_': -0.9786001685441357, '_a0_': 1.0, '_a1_': 1.0, '_a2_': 1.0, '_a4_': 1.0, '_a6_': 1.0}};{'d0': 0.02490583291941664};-280.569866449044;35.87361367813911
46976;-104.411319546383;(x * ((pow2((((x * _a3_) + _a5_) + _a7_)) * _a3_) + _a5_));{'d0': {'_a3_': 1.5002608254623557, '_a5_': 1.4465760894470576, '_a7_': -0.9786001685441357, '_a0_': 1.0, '_a1_': 1.0, '_a2_': 1.0, '_a4_': 1.0, '_a6_': 1.0}};{'d0': 0.02490583291941664};-280.569866449044;35.87361367813911
46977;-104.411319546383;(x * ((pow2((((x * _a3_) + _a5_) + _a7_)) * _a3_) + _a5_));{'d0': {'_a3_': 1.5002608254623557, '_a5_': 1.4465760894470576, '_a7_': -0.9786001685441357, '_a0_': 1.0, '_a1_': 1.0, '_a2_': 1.0, '_a4_': 1.0, '_a6_': 1.0}};{'d0': 0.02490583291941664};-280.569866449044;35.87361367813911
46978;-104.411319546383;(x * ((pow2((((x * _a3_) + _a5_) + _a7_)) * _a3_) + _a5_));{'d0': {'_a3_': 1.5002608254623557, '_a5_': 1.4465760894470576, '_a7_': -0.9786001685441357, '_a0_': 1.0, '_a1_': 1.0, '_a2_': 1.0, '_a4_': 1.0, '_a6_': 1.0}};{'d0': 0.02490583291941664};-280.569866449044;35.87361367813911
46979;-104.411319546383;(x * ((pow2((((x * _a3_) + _a5_) + _a7_)) * _a3_) + _a5_));{'d0': {'_a3_': 1.5002608254623557, '_a5_': 1.4465760894470576, '_a7_': -0.9786001685441357, '_a0_': 1.0, '_a1_': 1.0, '_a2_': 1.0, '_a4_': 1.0, '_a6_': 1.0}};{'d0': 0.02490583291941664};-280.569866449044;35.87361367813911
46980;-103.280223376164;((((((_a0_ * (x * x)) * _a7_) + _a7_) + x) / _a2_) * x);{'d0': {'_a0_': 1.9022553842747176, '_a2_': 0.4746931426737853, '_a7_': 0.842644603643357, '_a1_': 1.0, '_a3_': 1.0, '_a4_': 1.0, '_a5_': 1.0, '_a6_': 1.0}};{'d0': 0.02490583291941666};-280.569866449044;37.0047098483584
46981;-103.280223376164;((((((_a0_ * (x * x)) * _a7_) + _a7_) + x) / _a2_) * x);{'d0': {'_a0_': 1.9022553842747176, '_a2_': 0.4746931426737853, '_a7_': 0.842644603643357, '_a1_': 1.0, '_a3_': 1.0, '_a4_': 1.0, '_a5_': 1.0, '_a6_': 1.0}};{'d0': 0.02490583291941666};-280.569866449044;37.0047098483584
46982;-103.280223376164;((((((_a0_ * (x * x)) * _a7_) + _a7_) + x) / _a2_) * x);{'d0': {'_a0_': 1.9022553842747176, '_a2_': 0.4746931426737853, '_a7_': 0.842644603643357, '_a1_': 1.0, '_a3_': 1.0, '_a4_': 1.0, '_a5_': 1.0, '_a6_': 1.0}};{'d0': 0.02490583291941666};-280.569866449044;37.0047098483584
46983;-103.280223376164;((((((_a0_ * (x * x)) * _a7_) + _a7_) + x) / _a2_) * x);{'d0': {'_a0_': 1.9022553842747176, '_a2_': 0.4746931426737853, '_a7_': 0.842644603643357, '_a1_': 1.0, '_a3_': 1.0, '_a4_': 1.0, '_a5_': 1.0, '_a6_': 1.0}};{'d0': 0.02490583291941666};-280.569866449044;37.0047098483584
46984;-103.280223376164;((((((_a0_ * (x * x)) * _a7_) + _a7_) + x) / _a2_) * x);{'d0': {'_a0_': 1.9022553842747176, '_a2_': 0.4746931426737853, '_a7_': 0.842644603643357, '_a1_': 1.0, '_a3_': 1.0, '_a4_': 1.0, '_a5_': 1.0, '_a6_': 1.0}};{'d0': 0.02490583291941666};-280.569866449044;37.0047098483584
46985;-103.280223376164;((((((_a0_ * (x * x)) * _a7_) + _a7_) + x) / _a2_) * x);{'d0': {'_a0_': 1.9022553842747176, '_a2_': 0.4746931426737853, '_a7_': 0.842644603643357, '_a1_': 1.0, '_a3_': 1.0, '_a4_': 1.0, '_a5_': 1.0, '_a6_': 1.0}};{'d0': 0.02490583291941666};-280.569866449044;37.0047098483584
46986;-103.280223376164;((((((_a0_ * (x * x)) * _a7_) + _a7_) + x) / _a2_) * x);{'d0': {'_a0_': 1.9022553842747176, '_a2_': 0.4746931426737853, '_a7_': 0.842644603643357, '_a1_': 1.0, '_a3_': 1.0, '_a4_': 1.0, '_a5_': 1.0, '_a6_': 1.0}};{'d0': 0.02490583291941666};-280.569866449044;37.0047098483584
46987;-103.280223376164;((((((_a0_ * (x * x)) * _a7_) + _a7_) + x) / _a2_) * x);{'d0': {'_a0_': 1.9022553842747176, '_a2_': 0.4746931426737853, '_a7_': 0.842644603643357, '_a1_': 1.0, '_a3_': 1.0, '_a4_': 1.0, '_a5_': 1.0, '_a6_': 1.0}};{'d0': 0.02490583291941666};-280.569866449044;37.0047098483584
46988;-103.280223376164;((((((_a0_ * (x * x)) * _a7_) + _a7_) + x) / _a2_) * x);{'d0': {'_a0_': 1.9022553842747176, '_a2_': 0.4746931426737853, '_a7_': 0.842644603643357, '_a1_': 1.0, '_a3_': 1.0, '_a4_': 1.0, '_a5_': 1.0, '_a6_': 1.0}};{'d0': 0.02490583291941666};-280.569866449044;37.0047098483584
46989;-103.280223376164;((((((_a0_ * (x * x)) * _a7_) + _a7_) + x) / _a2_) * x);{'d0': {'_a0_': 1.9022553842747176, '_a2_': 0.4746931426737853, '_a7_': 0.842644603643357, '_a1_': 1.0, '_a3_': 1.0, '_a4_': 1.0, '_a5_': 1.0, '_a6_': 1.0}};{'d0': 0.02490583291941666};-280.569866449044;37.0047098483584
46990;-103.280223376164;((((((_a0_ * (x * x)) * _a7_) + _a7_) + x) / _a2_) * x);{'d0': {'_a0_': 1.9022553842747176, '_a2_': 0.4746931426737853, '_a7_': 0.842644603643357, '_a1_': 1.0, '_a3_': 1.0, '_a4_': 1.0, '_a5_': 1.0, '_a6_': 1.0}};{'d0': 0.02490583291941666};-280.569866449044;37.0047098483584
46991;-103.280223376164;((((((_a0_ * (x * x)) * _a7_) + _a7_) + x) / _a2_) * x);{'d0': {'_a0_': 1.9022553842747176, '_a2_': 0.4746931426737853, '_a7_': 0.842644603643357, '_a1_': 1.0, '_a3_': 1.0, '_a4_': 1.0, '_a5_': 1.0, '_a6_': 1.0}};{'d0': 0.02490583291941666};-280.569866449044;37.0047098483584
46992;-99.4619796209257;((_a3_ * x) * ((pow2((((x * _a3_) + _a5_) + _a7_)) * _a3_) + _a5_));{'d0': {'_a3_': 1.3555797634813453, '_a5_': 1.0671272380989418, '_a7_': -0.6442816386243703, '_a0_': 1.0, '_a1_': 1.0, '_a2_': 1.0, '_a4_': 1.0, '_a6_': 1.0}};{'d0': 0.024905832919416653};-280.569866449044;40.822953603596105
46993;-99.4619796209257;((_a3_ * x) * ((pow2((((x * _a3_) + _a5_) + _a7_)) * _a3_) + _a5_));{'d0': {'_a3_': 1.3555797634813453, '_a5_': 1.0671272380989418, '_a7_': -0.6442816386243703, '_a0_': 1.0, '_a1_': 1.0, '_a2_': 1.0, '_a4_': 1.0, '_a6_': 1.0}};{'d0': 0.024905832919416653};-280.569866449044;40.822953603596105
46994;-99.4619796209257;((_a3_ * x) * ((pow2((((x * _a3_) + _a5_) + _a7_)) * _a3_) + _a5_));{'d0': {'_a3_': 1.3555797634813453, '_a5_': 1.0671272380989418, '_a7_': -0.6442816386243703, '_a0_': 1.0, '_a1_': 1.0, '_a2_': 1.0, '_a4_': 1.0, '_a6_': 1.0}};{'d0': 0.024905832919416653};-280.569866449044;40.822953603596105
46995;-99.4619796209257;((_a3_ * x) * ((pow2((((x * _a3_) + _a5_) + _a7_)) * _a3_) + _a5_));{'d0': {'_a3_': 1.3555797634813453, '_a5_': 1.0671272380989418, '_a7_': -0.6442816386243703, '_a0_': 1.0, '_a1_': 1.0, '_a2_': 1.0, '_a4_': 1.0, '_a6_': 1.0}};{'d0': 0.024905832919416653};-280.569866449044;40.822953603596105
46996;-99.4619796209257;((_a3_ * x) * ((pow2((((x * _a3_) + _a5_) + _a7_)) * _a3_) + _a5_));{'d0': {'_a3_': 1.3555797634813453, '_a5_': 1.0671272380989418, '_a7_': -0.6442816386243703, '_a0_': 1.0, '_a1_': 1.0, '_a2_': 1.0, '_a4_': 1.0, '_a6_': 1.0}};{'d0': 0.024905832919416653};-280.569866449044;40.822953603596105
46997;-99.4619796209257;((_a3_ * x) * ((pow2((((x * _a3_) + _a5_) + _a7_)) * _a3_) + _a5_));{'d0': {'_a3_': 1.3555797634813453, '_a5_': 1.0671272380989418, '_a7_': -0.6442816386243703, '_a0_': 1.0, '_a1_': 1.0, '_a2_': 1.0, '_a4_': 1.0, '_a6_': 1.0}};{'d0': 0.024905832919416653};-280.569866449044;40.822953603596105
46998;-99.4619796209257;((_a3_ * x) * ((pow2((((x * _a3_) + _a5_) + _a7_)) * _a3_) + _a5_));{'d0': {'_a3_': 1.3555797634813453, '_a5_': 1.0671272380989418, '_a7_': -0.6442816386243703, '_a0_': 1.0, '_a1_': 1.0, '_a2_': 1.0, '_a4_': 1.0, '_a6_': 1.0}};{'d0': 0.024905832919416653};-280.569866449044;40.822953603596105
46999;-99.4619796209257;((_a3_ * x) * ((pow2((((x * _a3_) + _a5_) + _a7_)) * _a3_) + _a5_));{'d0': {'_a3_': 1.3555797634813453, '_a5_': 1.0671272380989418, '_a7_': -0.6442816386243703, '_a0_': 1.0, '_a1_': 1.0, '_a2_': 1.0, '_a4_': 1.0, '_a6_': 1.0}};{'d0': 0.024905832919416653};-280.569866449044;40.822953603596105
47000;-99.4619796209257;((_a3_ * x) * ((pow2((((x * _a3_) + _a5_) + _a7_)) * _a3_) + _a5_));{'d0': {'_a3_': 1.3555797634813453, '_a5_': 1.0671272380989418, '_a7_': -0.6442816386243703, '_a0_': 1.0, '_a1_': 1.0, '_a2_': 1.0, '_a4_': 1.0, '_a6_': 1.0}};{'d0': 0.024905832919416653};-280.569866449044;40.822953603596105
47001;-99.4619796209257;((_a3_ * x) * ((pow2((((x * _a3_) + _a5_) + _a7_)) * _a3_) + _a5_));{'d0': {'_a3_': 1.3555797634813453, '_a5_': 1.0671272380989418, '_a7_': -0.6442816386243703, '_a0_': 1.0, '_a1_': 1.0, '_a2_': 1.0, '_a4_': 1.0, '_a6_': 1.0}};{'d0': 0.024905832919416653};-280.569866449044;40.822953603596105
47002;-99.4619796209257;((_a3_ * x) * ((pow2((((x * _a3_) + _a5_) + _a7_)) * _a3_) + _a5_));{'d0': {'_a3_': 1.3555797634813453, '_a5_': 1.0671272380989418, '_a7_': -0.6442816386243703, '_a0_': 1.0, '_a1_': 1.0, '_a2_': 1.0, '_a4_': 1.0, '_a6_': 1.0}};{'d0': 0.024905832919416653};-280.569866449044;40.822953603596105
47003;-99.4619796209257;((_a3_ * x) * ((pow2((((x * _a3_) + _a5_) + _a7_)) * _a3_) + _a5_));{'d0': {'_a3_': 1.3555797634813453, '_a5_': 1.0671272380989418, '_a7_': -0.6442816386243703, '_a0_': 1.0, '_a1_': 1.0, '_a2_': 1.0, '_a4_': 1.0, '_a6_': 1.0}};{'d0': 0.024905832919416653};-280.569866449044;40.822953603596105
47004;-93.5413785718958;((_a3_ * x) * ((pow2((((x * _a3_) + _a5_) + (_a0_ + x))) * _a3_) + _a5_));{'d0': {'_a0_': -0.9243515497810393, '_a3_': 0.9448517206072781, '_a5_': 1.5310085787024594, '_a1_': 1.0, '_a2_': 1.0, '_a4_': 1.0, '_a6_': 1.0, '_a7_': 1.0}};{'d0': 0.024905832919416605};-280.569866449044;46.7435546526261
47005;-93.5413785718958;((_a3_ * x) * ((pow2((((x * _a3_) + _a5_) + (_a0_ + x))) * _a3_) + _a5_));{'d0': {'_a0_': -0.9243515497810393, '_a3_': 0.9448517206072781, '_a5_': 1.5310085787024594, '_a1_': 1.0, '_a2_': 1.0, '_a4_': 1.0, '_a6_': 1.0, '_a7_': 1.0}};{'d0': 0.024905832919416605};-280.569866449044;46.7435546526261
47006;-93.5413785718958;((_a3_ * x) * ((pow2((((x * _a3_) + _a5_) + (_a0_ + x))) * _a3_) + _a5_));{'d0': {'_a0_': -0.9243515497810393, '_a3_': 0.9448517206072781, '_a5_': 1.5310085787024594, '_a1_': 1.0, '_a2_': 1.0, '_a4_': 1.0, '_a6_': 1.0, '_a7_': 1.0}};{'d0': 0.024905832919416605};-280.569866449044;46.7435546526261
47007;-93.5413785718958;((_a3_ * x) * ((pow2((((x * _a3_) + _a5_) + (_a0_ + x))) * _a3_) + _a5_));{'d0': {'_a0_': -0.9243515497810393, '_a3_': 0.9448517206072781, '_a5_': 1.5310085787024594, '_a1_': 1.0, '_a2_': 1.0, '_a4_': 1.0, '_a6_': 1.0, '_a7_': 1.0}};{'d0': 0.024905832919416605};-280.569866449044;46.7435546526261
47008;-93.5413785718958;((_a3_ * x) * ((pow2((((x * _a3_) + _a5_) + (_a0_ + x))) * _a3_) + _a5_));{'d0': {'_a0_': -0.9243515497810393, '_a3_': 0.9448517206072781, '_a5_': 1.5310085787024594, '_a1_': 1.0, '_a2_': 1.0, '_a4_': 1.0, '_a6_': 1.0, '_a7_': 1.0}};{'d0': 0.024905832919416605};-280.569866449044;46.7435546526261
47009;-93.5413785718958;((_a3_ * x) * ((pow2((((x * _a3_) + _a5_) + (_a0_ + x))) * _a3_) + _a5_));{'d0': {'_a0_': -0.9243515497810393, '_a3_': 0.9448517206072781, '_a5_': 1.5310085787024594, '_a1_': 1.0, '_a2_': 1.0, '_a4_': 1.0, '_a6_': 1.0, '_a7_': 1.0}};{'d0': 0.024905832919416605};-280.569866449044;46.7435546526261
47010;-93.5413785718958;((_a3_ * x) * ((pow2((((x * _a3_) + _a5_) + (_a0_ + x))) * _a3_) + _a5_));{'d0': {'_a0_': -0.9243515497810393, '_a3_': 0.9448517206072781, '_a5_': 1.5310085787024594, '_a1_': 1.0, '_a2_': 1.0, '_a4_': 1.0, '_a6_': 1.0, '_a7_': 1.0}};{'d0': 0.024905832919416605};-280.569866449044;46.7435546526261
47011;-93.5413785718958;((_a3_ * x) * ((pow2((((x * _a3_) + _a5_) + (_a0_ + x))) * _a3_) + _a5_));{'d0': {'_a0_': -0.9243515497810393, '_a3_': 0.9448517206072781, '_a5_': 1.5310085787024594, '_a1_': 1.0, '_a2_': 1.0, '_a4_': 1.0, '_a6_': 1.0, '_a7_': 1.0}};{'d0': 0.024905832919416605};-280.569866449044;46.7435546526261
47012;-93.5413785718958;((_a3_ * x) * ((pow2((((x * _a3_) + _a5_) + (_a0_ + x))) * _a3_) + _a5_));{'d0': {'_a0_': -0.9243515497810393, '_a3_': 0.9448517206072781, '_a5_': 1.5310085787024594, '_a1_': 1.0, '_a2_': 1.0, '_a4_': 1.0, '_a6_': 1.0, '_a7_': 1.0}};{'d0': 0.024905832919416605};-280.569866449044;46.7435546526261
47013;-93.5413785718958;((_a3_ * x) * ((pow2((((x * _a3_) + _a5_) + (_a0_ + x))) * _a3_) + _a5_));{'d0': {'_a0_': -0.9243515497810393, '_a3_': 0.9448517206072781, '_a5_': 1.5310085787024594, '_a1_': 1.0, '_a2_': 1.0, '_a4_': 1.0, '_a6_': 1.0, '_a7_': 1.0}};{'d0': 0.024905832919416605};-280.569866449044;46.7435546526261
47014;-93.5413785718958;((_a3_ * x) * ((pow2((((x * _a3_) + _a5_) + (_a0_ + x))) * _a3_) + _a5_));{'d0': {'_a0_': -0.9243515497810393, '_a3_': 0.9448517206072781, '_a5_': 1.5310085787024594, '_a1_': 1.0, '_a2_': 1.0, '_a4_': 1.0, '_a6_': 1.0, '_a7_': 1.0}};{'d0': 0.024905832919416605};-280.569866449044;46.7435546526261
47015;-93.5413785718958;((_a3_ * x) * ((pow2((((x * _a3_) + _a5_) + (_a0_ + x))) * _a3_) + _a5_));{'d0': {'_a0_': -0.9243515497810393, '_a3_': 0.9448517206072781, '_a5_': 1.5310085787024594, '_a1_': 1.0, '_a2_': 1.0, '_a4_': 1.0, '_a6_': 1.0, '_a7_': 1.0}};{'d0': 0.024905832919416605};-280.569866449044;46.7435546526261
47016;-93.5413785718958;((_a3_ * x) * ((pow2((((x * _a3_) + _a5_) + (_a0_ + x))) * _a3_) + _a5_));{'d0': {'_a0_': -0.9243515497810393, '_a3_': 0.9448517206072781, '_a5_': 1.5310085787024594, '_a1_': 1.0, '_a2_': 1.0, '_a4_': 1.0, '_a6_': 1.0, '_a7_': 1.0}};{'d0': 0.024905832919416605};-280.569866449044;46.7435546526261
47017;-93.5413785718958;((_a3_ * x) * ((pow2((((x * _a3_) + _a5_) + (_a0_ + x))) * _a3_) + _a5_));{'d0': {'_a0_': -0.9243515497810393, '_a3_': 0.9448517206072781, '_a5_': 1.5310085787024594, '_a1_': 1.0, '_a2_': 1.0, '_a4_': 1.0, '_a6_': 1.0, '_a7_': 1.0}};{'d0': 0.024905832919416605};-280.569866449044;46.7435546526261
47018;-93.5413785718958;((_a3_ * x) * ((pow2((((x * _a3_) + _a5_) + (_a0_ + x))) * _a3_) + _a5_));{'d0': {'_a0_': -0.9243515497810393, '_a3_': 0.9448517206072781, '_a5_': 1.5310085787024594, '_a1_': 1.0, '_a2_': 1.0, '_a4_': 1.0, '_a6_': 1.0, '_a7_': 1.0}};{'d0': 0.024905832919416605};-280.569866449044;46.7435546526261
47019;-93.5413785718958;((_a3_ * x) * ((pow2((((_a0_ * _a3_) + _a5_) + (_a0_ + x))) * _a3_) + _a5_));{'d0': {'_a0_': -0.16749430230853996, '_a3_': 1.8375964956033384, '_a5_': 0.7872109530530325, '_a1_': 1.0, '_a2_': 1.0, '_a4_': 1.0, '_a6_': 1.0, '_a7_': 1.0}};{'d0': 0.024905832919416622};-280.569866449044;46.7435546526261
47020;-93.5413785718958;((_a3_ * x) * ((pow2((((_a0_ * _a3_) + _a5_) + (_a0_ + x))) * _a3_) + _a5_));{'d0': {'_a0_': -0.16749430230853996, '_a3_': 1.8375964956033384, '_a5_': 0.7872109530530325, '_a1_': 1.0, '_a2_': 1.0, '_a4_': 1.0, '_a6_': 1.0, '_a7_': 1.0}};{'d0': 0.024905832919416622};-280.569866449044;46.7435546526261
47021;-93.5413785718958;((_a3_ * x) * ((pow2((((_a0_ * _a3_) + _a5_) + (_a0_ + x))) * _a3_) + _a5_));{'d0': {'_a0_': -0.16749430230853996, '_a3_': 1.8375964956033384, '_a5_': 0.7872109530530325, '_a1_': 1.0, '_a2_': 1.0, '_a4_': 1.0, '_a6_': 1.0, '_a7_': 1.0}};{'d0': 0.024905832919416622};-280.569866449044;46.7435546526261
47022;-93.5413785718958;((_a3_ * x) * ((pow2((((_a0_ * _a3_) + _a5_) + (_a0_ + x))) * _a3_) + _a5_));{'d0': {'_a0_': -0.16749430230853996, '_a3_': 1.8375964956033384, '_a5_': 0.7872109530530325, '_a1_': 1.0, '_a2_': 1.0, '_a4_': 1.0, '_a6_': 1.0, '_a7_': 1.0}};{'d0': 0.024905832919416622};-280.569866449044;46.7435546526261
47023;-93.5413785718958;((_a3_ * x) * ((pow2((((_a0_ * _a3_) + _a5_) + (_a0_ + x))) * _a3_) + _a5_));{'d0': {'_a0_': -0.16749430230853996, '_a3_': 1.8375964956033384, '_a5_': 0.7872109530530325, '_a1_': 1.0, '_a2_': 1.0, '_a4_': 1.0, '_a6_': 1.0, '_a7_': 1.0}};{'d0': 0.024905832919416622};-280.569866449044;46.7435546526261
47024;-93.5413785718958;((_a3_ * x) * ((pow2((((_a0_ * _a3_) + _a5_) + (_a0_ + x))) * _a3_) + _a5_));{'d0': {'_a0_': -0.16749430230853996, '_a3_': 1.8375964956033384, '_a5_': 0.7872109530530325, '_a1_': 1.0, '_a2_': 1.0, '_a4_': 1.0, '_a6_': 1.0, '_a7_': 1.0}};{'d0': 0.024905832919416622};-280.569866449044;46.7435546526261
47025;-93.5413785718958;((_a3_ * x) * ((pow2((((_a0_ * _a3_) + _a5_) + (_a0_ + x))) * _a3_) + _a5_));{'d0': {'_a0_': -0.16749430230853996, '_a3_': 1.8375964956033384, '_a5_': 0.7872109530530325, '_a1_': 1.0, '_a2_': 1.0, '_a4_': 1.0, '_a6_': 1.0, '_a7_': 1.0}};{'d0': 0.024905832919416622};-280.569866449044;46.7435546526261
47026;-95.3999278063467;(_a1_ + (x * (_a6_ + ((pow2((_a0_ + (_a1_ + x))) * _a7_) + _a1_))));{'d0': {'_a0_': 0.3119297078408628, '_a1_': 2.1235495294218283e-32, '_a6_': 1.446576089377065, '_a7_': 3.3767608785775716, '_a2_': 1.0, '_a3_': 1.0, '_a4_': 1.0, '_a5_': 1.0}};{'d0': 0.024905832919416608};-276.475521886822;42.837833137064145
47027;-95.3999278063467;(_a1_ + (x * (_a6_ + ((pow2((_a0_ + (_a1_ + x))) * _a7_) + _a1_))));{'d0': {'_a0_': 0.3119297078408628, '_a1_': 2.1235495294218283e-32, '_a6_': 1.446576089377065, '_a7_': 3.3767608785775716, '_a2_': 1.0, '_a3_': 1.0, '_a4_': 1.0, '_a5_': 1.0}};{'d0': 0.024905832919416608};-276.475521886822;42.837833137064145
47028;-95.3999278063467;(_a1_ + (x * (_a6_ + ((pow2((_a0_ + (_a1_ + x))) * _a7_) + _a1_))));{'d0': {'_a0_': 0.3119297078408628, '_a1_': 2.1235495294218283e-32, '_a6_': 1.446576089377065, '_a7_': 3.3767608785775716, '_a2_': 1.0, '_a3_': 1.0, '_a4_': 1.0, '_a5_': 1.0}};{'d0': 0.024905832919416608};-276.475521886822;42.837833137064145
47029;-95.3999278063467;(_a1_ + (x * (_a6_ + ((pow2((_a0_ + (_a1_ + x))) * _a7_) + _a1_))));{'d0': {'_a0_': 0.3119297078408628, '_a1_': 2.1235495294218283e-32, '_a6_': 1.446576089377065, '_a7_': 3.3767608785775716, '_a2_': 1.0, '_a3_': 1.0, '_a4_': 1.0, '_a5_': 1.0}};{'d0': 0.024905832919416608};-276.475521886822;42.837833137064145
47030;-95.3999278063467;(_a1_ + (x * (_a6_ + ((pow2((_a0_ + (_a1_ + x))) * _a7_) + _a1_))));{'d0': {'_a0_': 0.3119297078408628, '_a1_': 2.1235495294218283e-32, '_a6_': 1.446576089377065, '_a7_': 3.3767608785775716, '_a2_': 1.0, '_a3_': 1.0, '_a4_': 1.0, '_a5_': 1.0}};{'d0': 0.024905832919416608};-276.475521886822;42.837833137064145
47031;-95.3999278063467;(_a1_ + (x * (_a6_ + ((pow2((_a0_ + (_a1_ + x))) * _a7_) + _a1_))));{'d0': {'_a0_': 0.3119297078408628, '_a1_': 2.1235495294218283e-32, '_a6_': 1.446576089377065, '_a7_': 3.3767608785775716, '_a2_': 1.0, '_a3_': 1.0, '_a4_': 1.0, '_a5_': 1.0}};{'d0': 0.024905832919416608};-276.475521886822;42.837833137064145
47032;-95.3999278063467;(_a1_ + (x * (_a6_ + ((pow2((_a0_ + (_a1_ + x))) * _a7_) + _a1_))));{'d0': {'_a0_': 0.3119297078408628, '_a1_': 2.1235495294218283e-32, '_a6_': 1.446576089377065, '_a7_': 3.3767608785775716, '_a2_': 1.0, '_a3_': 1.0, '_a4_': 1.0, '_a5_': 1.0}};{'d0': 0.024905832919416608};-276.475521886822;42.837833137064145
47033;-95.3999278063467;(_a1_ + (x * (_a6_ + ((pow2((_a0_ + (_a1_ + x))) * _a7_) + _a1_))));{'d0': {'_a0_': 0.3119297078408628, '_a1_': 2.1235495294218283e-32, '_a6_': 1.446576089377065, '_a7_': 3.3767608785775716, '_a2_': 1.0, '_a3_': 1.0, '_a4_': 1.0, '_a5_': 1.0}};{'d0': 0.024905832919416608};-276.475521886822;42.837833137064145
47034;-93.5413785718958;((_a3_ * x) * ((pow2((((_a0_ * _a3_) + _a5_) + (_a0_ + x))) * _a3_) + _a5_));{'d0': {'_a0_': -0.16749430230853996, '_a3_': 1.8375964956033384, '_a5_': 0.7872109530530325, '_a1_': 1.0, '_a2_': 1.0, '_a4_': 1.0, '_a6_': 1.0, '_a7_': 1.0}};{'d0': 0.024905832919416622};-280.569866449044;46.7435546526261
47035;-93.5413785718958;((_a3_ * x) * ((pow2((((_a0_ * _a3_) + _a5_) + (_a0_ + x))) * _a3_) + _a5_));{'d0': {'_a0_': -0.16749430230853996, '_a3_': 1.8375964956033384, '_a5_': 0.7872109530530325, '_a1_': 1.0, '_a2_': 1.0, '_a4_': 1.0, '_a6_': 1.0, '_a7_': 1.0}};{'d0': 0.024905832919416622};-280.569866449044;46.7435546526261
47036;-93.5413785718958;((_a3_ * x) * ((pow2((((_a0_ * _a3_) + _a5_) + (_a0_ + x))) * _a3_) + _a5_));{'d0': {'_a0_': -0.16749430230853996, '_a3_': 1.8375964956033384, '_a5_': 0.7872109530530325, '_a1_': 1.0, '_a2_': 1.0, '_a4_': 1.0, '_a6_': 1.0, '_a7_': 1.0}};{'d0': 0.024905832919416622};-280.569866449044;46.7435546526261
47037;-95.3999278063467;(_a1_ + (x * (_a6_ + ((pow2((_a0_ + (_a1_ + x))) * _a7_) + _a1_))));{'d0': {'_a0_': 0.3119297078408628, '_a1_': 2.1235495294218283e-32, '_a6_': 1.446576089377065, '_a7_': 3.3767608785775716, '_a2_': 1.0, '_a3_': 1.0, '_a4_': 1.0, '_a5_': 1.0}};{'d0': 0.024905832919416608};-276.475521886822;42.837833137064145
47038;-95.3999278063467;(_a1_ + (x * (_a6_ + ((pow2((_a0_ + (_a1_ + x))) * _a7_) + _a1_))));{'d0': {'_a0_': 0.3119297078408628, '_a1_': 2.1235495294218283e-32, '_a6_': 1.446576089377065, '_a7_': 3.3767608785775716, '_a2_': 1.0, '_a3_': 1.0, '_a4_': 1.0, '_a5_': 1.0}};{'d0': 0.024905832919416608};-276.475521886822;42.837833137064145
47039;-95.3999278063467;(_a1_ + (x * (_a6_ + ((pow2((_a0_ + (_a1_ + x))) * _a7_) + _a1_))));{'d0': {'_a0_': 0.3119297078408628, '_a1_': 2.1235495294218283e-32, '_a6_': 1.446576089377065, '_a7_': 3.3767608785775716, '_a2_': 1.0, '_a3_': 1.0, '_a4_': 1.0, '_a5_': 1.0}};{'d0': 0.024905832919416608};-276.475521886822;42.837833137064145
47040;-95.3999278063467;(_a1_ + (x * (_a6_ + ((pow2((_a0_ + (_a1_ + x))) * _a7_) + _a1_))));{'d0': {'_a0_': 0.3119297078408628, '_a1_': 2.1235495294218283e-32, '_a6_': 1.446576089377065, '_a7_': 3.3767608785775716, '_a2_': 1.0, '_a3_': 1.0, '_a4_': 1.0, '_a5_': 1.0}};{'d0': 0.024905832919416608};-276.475521886822;42.837833137064145
47041;-95.3999278063467;(_a1_ + (x * (_a6_ + ((pow2((_a0_ + (_a1_ + x))) * _a7_) + _a1_))));{'d0': {'_a0_': 0.3119297078408628, '_a1_': 2.1235495294218283e-32, '_a6_': 1.446576089377065, '_a7_': 3.3767608785775716, '_a2_': 1.0, '_a3_': 1.0, '_a4_': 1.0, '_a5_': 1.0}};{'d0': 0.024905832919416608};-276.475521886822;42.837833137064145
47042;-95.3999278063467;(_a1_ + (x * (_a6_ + ((pow2((_a0_ + (_a1_ + x))) * _a7_) + _a1_))));{'d0': {'_a0_': 0.3119297078408628, '_a1_': 2.1235495294218283e-32, '_a6_': 1.446576089377065, '_a7_': 3.3767608785775716, '_a2_': 1.0, '_a3_': 1.0, '_a4_': 1.0, '_a5_': 1.0}};{'d0': 0.024905832919416608};-276.475521886822;42.837833137064145
47043;-95.3999278063467;(_a1_ + (x * (_a6_ + ((pow2((_a0_ + (_a1_ + x))) * _a7_) + _a1_))));{'d0': {'_a0_': 0.3119297078408628, '_a1_': 2.1235495294218283e-32, '_a6_': 1.446576089377065, '_a7_': 3.3767608785775716, '_a2_': 1.0, '_a3_': 1.0, '_a4_': 1.0, '_a5_': 1.0}};{'d0': 0.024905832919416608};-276.475521886822;42.837833137064145
47044;-95.3999278063467;(_a1_ + (x * (_a6_ + ((pow2((_a0_ + (_a1_ + x))) * _a7_) + _a1_))));{'d0': {'_a0_': 0.3119297078408628, '_a1_': 2.1235495294218283e-32, '_a6_': 1.446576089377065, '_a7_': 3.3767608785775716, '_a2_': 1.0, '_a3_': 1.0, '_a4_': 1.0, '_a5_': 1.0}};{'d0': 0.024905832919416608};-276.475521886822;42.837833137064145
47045;-95.3999278063467;(_a1_ + (x * (_a6_ + ((pow2((_a0_ + (_a1_ + x))) * _a7_) + _a1_))));{'d0': {'_a0_': 0.3119297078408628, '_a1_': 2.1235495294218283e-32, '_a6_': 1.446576089377065, '_a7_': 3.3767608785775716, '_a2_': 1.0, '_a3_': 1.0, '_a4_': 1.0, '_a5_': 1.0}};{'d0': 0.024905832919416608};-276.475521886822;42.837833137064145
47046;-95.3999278063467;(_a1_ + (x * (_a6_ + ((pow2((_a0_ + (_a1_ + x))) * _a7_) + _a1_))));{'d0': {'_a0_': 0.3119297078408628, '_a1_': 2.1235495294218283e-32, '_a6_': 1.446576089377065, '_a7_': 3.3767608785775716, '_a2_': 1.0, '_a3_': 1.0, '_a4_': 1.0, '_a5_': 1.0}};{'d0': 0.024905832919416608};-276.475521886822;42.837833137064145
47047;-95.3999278063467;(_a1_ + (x * (_a6_ + ((pow2((_a0_ + (_a1_ + x))) * _a7_) + _a1_))));{'d0': {'_a0_': 0.3119297078408628, '_a1_': 2.1235495294218283e-32, '_a6_': 1.446576089377065, '_a7_': 3.3767608785775716, '_a2_': 1.0, '_a3_': 1.0, '_a4_': 1.0, '_a5_': 1.0}};{'d0': 0.024905832919416608};-276.475521886822;42.837833137064145
47048;-95.3999278063467;(_a1_ + (x * (_a6_ + ((pow2((_a0_ + (_a1_ + x))) * _a7_) + _a1_))));{'d0': {'_a0_': 0.3119297078408628, '_a1_': 2.1235495294218283e-32, '_a6_': 1.446576089377065, '_a7_': 3.3767608785775716, '_a2_': 1.0, '_a3_': 1.0, '_a4_': 1.0, '_a5_': 1.0}};{'d0': 0.024905832919416608};-276.475521886822;42.837833137064145
47049;-95.3999278063467;(_a1_ + (x * (_a6_ + ((pow2((_a0_ + (_a1_ + x))) * _a7_) + _a1_))));{'d0': {'_a0_': 0.3119297078408628, '_a1_': 2.1235495294218283e-32, '_a6_': 1.446576089377065, '_a7_': 3.3767608785775716, '_a2_': 1.0, '_a3_': 1.0, '_a4_': 1.0, '_a5_': 1.0}};{'d0': 0.024905832919416608};-276.475521886822;42.837833137064145
47050;-93.5413785718958;((_a3_ * x) * ((pow2((((_a0_ * _a3_) + _a5_) + (_a0_ + x))) * _a3_) + _a5_));{'d0': {'_a0_': -0.16749430230853996, '_a3_': 1.8375964956033384, '_a5_': 0.7872109530530325, '_a1_': 1.0, '_a2_': 1.0, '_a4_': 1.0, '_a6_': 1.0, '_a7_': 1.0}};{'d0': 0.024905832919416622};-280.569866449044;46.7435546526261
47051;-93.5413785718958;((_a3_ * x) * ((pow2((((_a0_ * _a3_) + _a5_) + (_a0_ + x))) * _a3_) + _a5_));{'d0': {'_a0_': -0.16749430230853996, '_a3_': 1.8375964956033384, '_a5_': 0.7872109530530325, '_a1_': 1.0, '_a2_': 1.0, '_a4_': 1.0, '_a6_': 1.0, '_a7_': 1.0}};{'d0': 0.024905832919416622};-280.569866449044;46.7435546526261
47052;-93.5413785718958;((_a3_ * x) * ((pow2((((_a0_ * _a3_) + _a5_) + (_a0_ + x))) * _a3_) + _a5_));{'d0': {'_a0_': -0.16749430230853996, '_a3_': 1.8375964956033384, '_a5_': 0.7872109530530325, '_a1_': 1.0, '_a2_': 1.0, '_a4_': 1.0, '_a6_': 1.0, '_a7_': 1.0}};{'d0': 0.024905832919416622};-280.569866449044;46.7435546526261
47053;-93.5413785718958;((_a3_ * x) * ((pow2((((_a0_ * _a3_) + _a5_) + (_a0_ + x))) * _a3_) + _a5_));{'d0': {'_a0_': -0.16749430230853996, '_a3_': 1.8375964956033384, '_a5_': 0.7872109530530325, '_a1_': 1.0, '_a2_': 1.0, '_a4_': 1.0, '_a6_': 1.0, '_a7_': 1.0}};{'d0': 0.024905832919416622};-280.569866449044;46.7435546526261
47054;-93.5413785718958;((_a3_ * x) * ((pow2((((_a0_ * _a3_) + _a5_) + (_a0_ + x))) * _a3_) + _a5_));{'d0': {'_a0_': -0.16749430230853996, '_a3_': 1.8375964956033384, '_a5_': 0.7872109530530325, '_a1_': 1.0, '_a2_': 1.0, '_a4_': 1.0, '_a6_': 1.0, '_a7_': 1.0}};{'d0': 0.024905832919416622};-280.569866449044;46.7435546526261
47055;-93.5413785718958;((_a3_ * x) * ((pow2((((_a0_ * _a3_) + _a5_) + (_a0_ + x))) * _a3_) + _a5_));{'d0': {'_a0_': -0.16749430230853996, '_a3_': 1.8375964956033384, '_a5_': 0.7872109530530325, '_a1_': 1.0, '_a2_': 1.0, '_a4_': 1.0, '_a6_': 1.0, '_a7_': 1.0}};{'d0': 0.024905832919416622};-280.569866449044;46.7435546526261
47056;-93.5413785718958;((_a3_ * x) * ((pow2((((_a0_ * _a3_) + _a5_) + (_a0_ + x))) * _a3_) + _a5_));{'d0': {'_a0_': -0.16749430230853996, '_a3_': 1.8375964956033384, '_a5_': 0.7872109530530325, '_a1_': 1.0, '_a2_': 1.0, '_a4_': 1.0, '_a6_': 1.0, '_a7_': 1.0}};{'d0': 0.024905832919416622};-280.569866449044;46.7435546526261
47057;-93.5413785718958;((_a3_ * x) * ((pow2((((_a0_ * _a3_) + _a5_) + (_a0_ + x))) * _a3_) + _a5_));{'d0': {'_a0_': -0.16749430230853996, '_a3_': 1.8375964956033384, '_a5_': 0.7872109530530325, '_a1_': 1.0, '_a2_': 1.0, '_a4_': 1.0, '_a6_': 1.0, '_a7_': 1.0}};{'d0': 0.024905832919416622};-280.569866449044;46.7435546526261
47058;-98.4907184973527;((_a3_ * x) * ((pow2(((_a3_ + _a5_) + (_a0_ + x))) * _a3_) + _a5_));{'d0': {'_a0_': -2.3128777409165675, '_a3_': 1.8375964947113044, '_a5_': 0.7872109540098445, '_a1_': 1.0, '_a2_': 1.0, '_a4_': 1.0, '_a6_': 1.0, '_a7_': 1.0}};{'d0': 0.024905832919416664};-280.569866449044;41.794214727169106
47059;-98.4907184973527;((_a3_ * x) * ((pow2(((_a3_ + _a5_) + (_a0_ + x))) * _a3_) + _a5_));{'d0': {'_a0_': -2.3128777409165675, '_a3_': 1.8375964947113044, '_a5_': 0.7872109540098445, '_a1_': 1.0, '_a2_': 1.0, '_a4_': 1.0, '_a6_': 1.0, '_a7_': 1.0}};{'d0': 0.024905832919416664};-280.569866449044;41.794214727169106
47060;-98.4907184973527;((_a3_ * x) * ((pow2(((_a3_ + _a5_) + (_a0_ + x))) * _a3_) + _a5_));{'d0': {'_a0_': -2.3128777409165675, '_a3_': 1.8375964947113044, '_a5_': 0.7872109540098445, '_a1_': 1.0, '_a2_': 1.0, '_a4_': 1.0, '_a6_': 1.0, '_a7_': 1.0}};{'d0': 0.024905832919416664};-280.569866449044;41.794214727169106
47061;-98.4907184973528;((_a3_ * x) * ((pow2(((x + _a5_) + (_a0_ + x))) * _a3_) + _a5_));{'d0': {'_a0_': -0.9505624912557206, '_a3_': 0.9187982476217612, '_a5_': 1.5744219068233574, '_a1_': 1.0, '_a2_': 1.0, '_a4_': 1.0, '_a6_': 1.0, '_a7_': 1.0}};{'d0': 0.024905832919416587};-280.569866449044;41.794214727169106
47062;-95.3999278063467;(_a1_ + (x * (_a6_ + ((pow2((_a0_ + (_a1_ + x))) * _a7_) + _a1_))));{'d0': {'_a0_': 0.3119297078408628, '_a1_': 2.1235495294218283e-32, '_a6_': 1.446576089377065, '_a7_': 3.3767608785775716, '_a2_': 1.0, '_a3_': 1.0, '_a4_': 1.0, '_a5_': 1.0}};{'d0': 0.024905832919416608};-276.475521886822;42.837833137064145
47063;-95.3999278063467;(_a1_ + (x * (_a6_ + ((pow2((_a0_ + (_a1_ + x))) * _a7_) + _a1_))));{'d0': {'_a0_': 0.3119297078408628, '_a1_': 2.1235495294218283e-32, '_a6_': 1.446576089377065, '_a7_': 3.3767608785775716, '_a2_': 1.0, '_a3_': 1.0, '_a4_': 1.0, '_a5_': 1.0}};{'d0': 0.024905832919416608};-276.475521886822;42.837833137064145
47064;-95.3999278063467;(_a1_ + (x * (_a6_ + ((pow2((_a0_ + (_a1_ + x))) * _a7_) + _a1_))));{'d0': {'_a0_': 0.3119297078408628, '_a1_': 2.1235495294218283e-32, '_a6_': 1.446576089377065, '_a7_': 3.3767608785775716, '_a2_': 1.0, '_a3_': 1.0, '_a4_': 1.0, '_a5_': 1.0}};{'d0': 0.024905832919416608};-276.475521886822;42.837833137064145
47065;-95.3999278063467;(_a1_ + (x * (_a6_ + ((pow2((_a0_ + (_a1_ + x))) * _a7_) + _a1_))));{'d0': {'_a0_': 0.3119297078408628, '_a1_': 2.1235495294218283e-32, '_a6_': 1.446576089377065, '_a7_': 3.3767608785775716, '_a2_': 1.0, '_a3_': 1.0, '_a4_': 1.0, '_a5_': 1.0}};{'d0': 0.024905832919416608};-276.475521886822;42.837833137064145
47066;-95.3999278063467;(_a1_ + (x * (_a6_ + ((pow2((_a0_ + (_a1_ + x))) * _a7_) + _a1_))));{'d0': {'_a0_': 0.3119297078408628, '_a1_': 2.1235495294218283e-32, '_a6_': 1.446576089377065, '_a7_': 3.3767608785775716, '_a2_': 1.0, '_a3_': 1.0, '_a4_': 1.0, '_a5_': 1.0}};{'d0': 0.024905832919416608};-276.475521886822;42.837833137064145
47067;-95.3999278063467;(_a1_ + (x * (_a6_ + ((pow2((_a0_ + (_a1_ + x))) * _a7_) + _a1_))));{'d0': {'_a0_': 0.3119297078408628, '_a1_': 2.1235495294218283e-32, '_a6_': 1.446576089377065, '_a7_': 3.3767608785775716, '_a2_': 1.0, '_a3_': 1.0, '_a4_': 1.0, '_a5_': 1.0}};{'d0': 0.024905832919416608};-276.475521886822;42.837833137064145
47068;-95.3999278063467;(_a1_ + (x * (_a6_ + ((pow2((_a0_ + (_a1_ + x))) * _a7_) + _a1_))));{'d0': {'_a0_': 0.3119297078408628, '_a1_': 2.1235495294218283e-32, '_a6_': 1.446576089377065, '_a7_': 3.3767608785775716, '_a2_': 1.0, '_a3_': 1.0, '_a4_': 1.0, '_a5_': 1.0}};{'d0': 0.024905832919416608};-276.475521886822;42.837833137064145
47069;-95.3999278063467;(_a1_ + (x * (_a6_ + ((pow2((_a0_ + (_a1_ + x))) * _a7_) + _a1_))));{'d0': {'_a0_': 0.3119297078408628, '_a1_': 2.1235495294218283e-32, '_a6_': 1.446576089377065, '_a7_': 3.3767608785775716, '_a2_': 1.0, '_a3_': 1.0, '_a4_': 1.0, '_a5_': 1.0}};{'d0': 0.024905832919416608};-276.475521886822;42.837833137064145
47070;-95.3999278063467;(_a1_ + (x * (_a6_ + ((pow2((_a0_ + (_a1_ + x))) * _a7_) + _a1_))));{'d0': {'_a0_': 0.3119297078408628, '_a1_': 2.1235495294218283e-32, '_a6_': 1.446576089377065, '_a7_': 3.3767608785775716, '_a2_': 1.0, '_a3_': 1.0, '_a4_': 1.0, '_a5_': 1.0}};{'d0': 0.024905832919416608};-276.475521886822;42.837833137064145
47071;-95.3999278063467;(_a1_ + (x * (_a6_ + ((pow2((_a0_ + (_a1_ + x))) * _a7_) + _a1_))));{'d0': {'_a0_': 0.3119297078408628, '_a1_': 2.1235495294218283e-32, '_a6_': 1.446576089377065, '_a7_': 3.3767608785775716, '_a2_': 1.0, '_a3_': 1.0, '_a4_': 1.0, '_a5_': 1.0}};{'d0': 0.024905832919416608};-276.475521886822;42.837833137064145
47072;-95.3999278063467;(_a1_ + (x * (_a6_ + ((pow2((_a0_ + (_a1_ + x))) * _a7_) + _a1_))));{'d0': {'_a0_': 0.3119297078408628, '_a1_': 2.1235495294218283e-32, '_a6_': 1.446576089377065, '_a7_': 3.3767608785775716, '_a2_': 1.0, '_a3_': 1.0, '_a4_': 1.0, '_a5_': 1.0}};{'d0': 0.024905832919416608};-276.475521886822;42.837833137064145
47073;-95.3999278063467;(_a1_ + (x * (_a6_ + ((pow2((_a0_ + (_a1_ + x))) * _a7_) + _a1_))));{'d0': {'_a0_': 0.3119297078408628, '_a1_': 2.1235495294218283e-32, '_a6_': 1.446576089377065, '_a7_': 3.3767608785775716, '_a2_': 1.0, '_a3_': 1.0, '_a4_': 1.0, '_a5_': 1.0}};{'d0': 0.024905832919416608};-276.475521886822;42.837833137064145
47074;-95.3999278063467;(_a1_ + (x * (_a6_ + ((pow2((_a0_ + (_a1_ + x))) * _a7_) + _a1_))));{'d0': {'_a0_': 0.3119297078408628, '_a1_': 2.1235495294218283e-32, '_a6_': 1.446576089377065, '_a7_': 3.3767608785775716, '_a2_': 1.0, '_a3_': 1.0, '_a4_': 1.0, '_a5_': 1.0}};{'d0': 0.024905832919416608};-276.475521886822;42.837833137064145
47075;-95.3999278063467;(_a1_ + (x * (_a6_ + ((pow2((_a0_ + (_a1_ + x))) * _a7_) + _a1_))));{'d0': {'_a0_': 0.3119297078408628, '_a1_': 2.1235495294218283e-32, '_a6_': 1.446576089377065, '_a7_': 3.3767608785775716, '_a2_': 1.0, '_a3_': 1.0, '_a4_': 1.0, '_a5_': 1.0}};{'d0': 0.024905832919416608};-276.475521886822;42.837833137064145
47076;-95.3999278063467;(_a1_ + (x * (_a6_ + ((pow2((_a0_ + (_a1_ + x))) * _a7_) + _a1_))));{'d0': {'_a0_': 0.3119297078408628, '_a1_': 2.1235495294218283e-32, '_a6_': 1.446576089377065, '_a7_': 3.3767608785775716, '_a2_': 1.0, '_a3_': 1.0, '_a4_': 1.0, '_a5_': 1.0}};{'d0': 0.024905832919416608};-276.475521886822;42.837833137064145
47077;-95.3999278063467;(_a1_ + (x * (_a6_ + ((pow2((_a0_ + (_a1_ + x))) * _a7_) + _a1_))));{'d0': {'_a0_': 0.3119297078408628, '_a1_': 2.1235495294218283e-32, '_a6_': 1.446576089377065, '_a7_': 3.3767608785775716, '_a2_': 1.0, '_a3_': 1.0, '_a4_': 1.0, '_a5_': 1.0}};{'d0': 0.024905832919416608};-276.475521886822;42.837833137064145
47078;-95.3999278063467;(_a1_ + (x * (_a6_ + ((pow2((_a0_ + (_a1_ + x))) * _a7_) + _a1_))));{'d0': {'_a0_': 0.3119297078408628, '_a1_': 2.1235495294218283e-32, '_a6_': 1.446576089377065, '_a7_': 3.3767608785775716, '_a2_': 1.0, '_a3_': 1.0, '_a4_': 1.0, '_a5_': 1.0}};{'d0': 0.024905832919416608};-276.475521886822;42.837833137064145
47079;-99.4619796209258;((_a3_ * x) * ((pow2(((x * _a5_) + (_a0_ + x))) * _a3_) + _a5_));{'d0': {'_a0_': 1.4659105649442827, '_a3_': 0.3910204012601431, '_a5_': 3.699490070432146, '_a1_': 1.0, '_a2_': 1.0, '_a4_': 1.0, '_a6_': 1.0, '_a7_': 1.0}};{'d0': 0.0249058329194166};-280.569866449044;40.822953603596105
47080;-99.4619796209258;((_a3_ * x) * ((pow2(((x * _a5_) + (_a0_ + x))) * _a3_) + _a5_));{'d0': {'_a0_': 1.4659105649442827, '_a3_': 0.3910204012601431, '_a5_': 3.699490070432146, '_a1_': 1.0, '_a2_': 1.0, '_a4_': 1.0, '_a6_': 1.0, '_a7_': 1.0}};{'d0': 0.0249058329194166};-280.569866449044;40.822953603596105
47081;-99.4619796209258;((_a3_ * x) * ((pow2(((x * _a5_) + (_a0_ + x))) * _a3_) + _a5_));{'d0': {'_a0_': 1.4659105649442827, '_a3_': 0.3910204012601431, '_a5_': 3.699490070432146, '_a1_': 1.0, '_a2_': 1.0, '_a4_': 1.0, '_a6_': 1.0, '_a7_': 1.0}};{'d0': 0.0249058329194166};-280.569866449044;40.822953603596105
47082;-99.4619796209258;((_a3_ * x) * ((pow2(((x * _a5_) + (_a0_ + x))) * _a3_) + _a5_));{'d0': {'_a0_': 1.4659105649442827, '_a3_': 0.3910204012601431, '_a5_': 3.699490070432146, '_a1_': 1.0, '_a2_': 1.0, '_a4_': 1.0, '_a6_': 1.0, '_a7_': 1.0}};{'d0': 0.0249058329194166};-280.569866449044;40.822953603596105
47083;-100.851681668750;((x * (pow2(((x * _a1_) + -(_a4_))) / _a7_)) + (x * _a7_));{'d0': {'_a1_': 2.2101451411836264, '_a4_': -0.6894099279739101, '_a7_': 1.4465760894884359, '_a0_': 1.0, '_a2_': 1.0, '_a3_': 1.0, '_a5_': 1.0, '_a6_': 1.0}};{'d0': 0.024905832919416643};-280.569866449044;39.43325155577176
47084;-100.851681668750;((x * (pow2(((x * _a1_) + -(_a4_))) / _a7_)) + (x * _a7_));{'d0': {'_a1_': 2.2101451411836264, '_a4_': -0.6894099279739101, '_a7_': 1.4465760894884359, '_a0_': 1.0, '_a2_': 1.0, '_a3_': 1.0, '_a5_': 1.0, '_a6_': 1.0}};{'d0': 0.024905832919416643};-280.569866449044;39.43325155577176
47085;-100.851681668750;((x * (pow2(((x * _a1_) + -(_a4_))) / _a7_)) + (x * _a7_));{'d0': {'_a1_': 2.2101451411836264, '_a4_': -0.6894099279739101, '_a7_': 1.4465760894884359, '_a0_': 1.0, '_a2_': 1.0, '_a3_': 1.0, '_a5_': 1.0, '_a6_': 1.0}};{'d0': 0.024905832919416643};-280.569866449044;39.43325155577176
47086;-100.851681668750;((x * (pow2(((x * _a1_) + -(_a4_))) / _a7_)) + (x * _a7_));{'d0': {'_a1_': 2.2101451411836264, '_a4_': -0.6894099279739101, '_a7_': 1.4465760894884359, '_a0_': 1.0, '_a2_': 1.0, '_a3_': 1.0, '_a5_': 1.0, '_a6_': 1.0}};{'d0': 0.024905832919416643};-280.569866449044;39.43325155577176
47087;-100.851681668750;((x * (pow2(((x * _a1_) + -(_a4_))) / _a7_)) + (x * _a7_));{'d0': {'_a1_': 2.2101451411836264, '_a4_': -0.6894099279739101, '_a7_': 1.4465760894884359, '_a0_': 1.0, '_a2_': 1.0, '_a3_': 1.0, '_a5_': 1.0, '_a6_': 1.0}};{'d0': 0.024905832919416643};-280.569866449044;39.43325155577176
47088;-100.851681668750;((x * (pow2(((x * _a1_) + -(_a4_))) / _a7_)) + (x * _a7_));{'d0': {'_a1_': 2.2101451411836264, '_a4_': -0.6894099279739101, '_a7_': 1.4465760894884359, '_a0_': 1.0, '_a2_': 1.0, '_a3_': 1.0, '_a5_': 1.0, '_a6_': 1.0}};{'d0': 0.024905832919416643};-280.569866449044;39.43325155577176
47089;-100.851681668750;((x * (pow2(((x * _a1_) + -(_a4_))) / _a7_)) + (x * _a7_));{'d0': {'_a1_': 2.2101451411836264, '_a4_': -0.6894099279739101, '_a7_': 1.4465760894884359, '_a0_': 1.0, '_a2_': 1.0, '_a3_': 1.0, '_a5_': 1.0, '_a6_': 1.0}};{'d0': 0.024905832919416643};-280.569866449044;39.43325155577176
47090;-100.851681668750;((x * (pow2(((x * _a1_) + -(_a4_))) / _a7_)) + (x * _a7_));{'d0': {'_a1_': 2.2101451411836264, '_a4_': -0.6894099279739101, '_a7_': 1.4465760894884359, '_a0_': 1.0, '_a2_': 1.0, '_a3_': 1.0, '_a5_': 1.0, '_a6_': 1.0}};{'d0': 0.024905832919416643};-280.569866449044;39.43325155577176
47091;-100.851681668750;((x * (pow2(((x * _a1_) + -(_a4_))) / _a7_)) + (x * _a7_));{'d0': {'_a1_': 2.2101451411836264, '_a4_': -0.6894099279739101, '_a7_': 1.4465760894884359, '_a0_': 1.0, '_a2_': 1.0, '_a3_': 1.0, '_a5_': 1.0, '_a6_': 1.0}};{'d0': 0.024905832919416643};-280.569866449044;39.43325155577176
47092;-100.851681668750;((x * (pow2(((x * _a1_) + -(_a4_))) / _a7_)) + (x * _a7_));{'d0': {'_a1_': 2.2101451411836264, '_a4_': -0.6894099279739101, '_a7_': 1.4465760894884359, '_a0_': 1.0, '_a2_': 1.0, '_a3_': 1.0, '_a5_': 1.0, '_a6_': 1.0}};{'d0': 0.024905832919416643};-280.569866449044;39.43325155577176
47093;-100.851681668750;((x * (pow2(((x * _a1_) + -(_a4_))) / _a7_)) + (x * _a7_));{'d0': {'_a1_': 2.2101451411836264, '_a4_': -0.6894099279739101, '_a7_': 1.4465760894884359, '_a0_': 1.0, '_a2_': 1.0, '_a3_': 1.0, '_a5_': 1.0, '_a6_': 1.0}};{'d0': 0.024905832919416643};-280.569866449044;39.43325155577176
47094;-100.851681668750;((x * (pow2(((x * _a1_) + -(_a4_))) / _a7_)) + (x * _a7_));{'d0': {'_a1_': 2.2101451411836264, '_a4_': -0.6894099279739101, '_a7_': 1.4465760894884359, '_a0_': 1.0, '_a2_': 1.0, '_a3_': 1.0, '_a5_': 1.0, '_a6_': 1.0}};{'d0': 0.024905832919416643};-280.569866449044;39.43325155577176
47095;-100.851681668750;((x * (pow2(((x * _a1_) + -(_a4_))) / _a7_)) + (x * _a7_));{'d0': {'_a1_': 2.2101451411836264, '_a4_': -0.6894099279739101, '_a7_': 1.4465760894884359, '_a0_': 1.0, '_a2_': 1.0, '_a3_': 1.0, '_a5_': 1.0, '_a6_': 1.0}};{'d0': 0.024905832919416643};-280.569866449044;39.43325155577176
47096;-100.851681668750;((x * (pow2(((x * _a1_) + -(_a4_))) / _a7_)) + (x * _a7_));{'d0': {'_a1_': 2.2101451411836264, '_a4_': -0.6894099279739101, '_a7_': 1.4465760894884359, '_a0_': 1.0, '_a2_': 1.0, '_a3_': 1.0, '_a5_': 1.0, '_a6_': 1.0}};{'d0': 0.024905832919416643};-280.569866449044;39.43325155577176
47097;-104.411319546383;((_a3_ * x) * ((pow2((x + (_a0_ + x))) * _a3_) + _a5_));{'d0': {'_a0_': 0.6238594156478356, '_a3_': 0.9187982474871073, '_a5_': 1.5744219074889871, '_a1_': 1.0, '_a2_': 1.0, '_a4_': 1.0, '_a6_': 1.0, '_a7_': 1.0}};{'d0': 0.024905832919416598};-280.569866449044;35.87361367813911
47098;-104.411319546383;((_a3_ * x) * ((pow2((x + (_a0_ + x))) * _a3_) + _a5_));{'d0': {'_a0_': 0.6238594156478356, '_a3_': 0.9187982474871073, '_a5_': 1.5744219074889871, '_a1_': 1.0, '_a2_': 1.0, '_a4_': 1.0, '_a6_': 1.0, '_a7_': 1.0}};{'d0': 0.024905832919416598};-280.569866449044;35.87361367813911
47099;-104.411319546383;((_a3_ * x) * ((pow2((x + (_a0_ + x))) * _a3_) + _a5_));{'d0': {'_a0_': 0.6238594156478356, '_a3_': 0.9187982474871073, '_a5_': 1.5744219074889871, '_a1_': 1.0, '_a2_': 1.0, '_a4_': 1.0, '_a6_': 1.0, '_a7_': 1.0}};{'d0': 0.024905832919416598};-280.569866449044;35.87361367813911
47100;-104.411319546383;((_a5_ * x) * ((pow2((x + (_a0_ + x))) * _a3_) + _a5_));{'d0': {'_a0_': 0.6238594154583921, '_a3_': 0.7018910026051542, '_a5_': 1.20273691593668, '_a1_': 1.0, '_a2_': 1.0, '_a4_': 1.0, '_a6_': 1.0, '_a7_': 1.0}};{'d0': 0.024905832919416677};-280.569866449043;35.87361367813911
47101;-104.411319546383;((_a5_ * x) * ((pow2((x + (_a0_ + x))) * _a3_) + _a5_));{'d0': {'_a0_': 0.6238594154583921, '_a3_': 0.7018910026051542, '_a5_': 1.20273691593668, '_a1_': 1.0, '_a2_': 1.0, '_a4_': 1.0, '_a6_': 1.0, '_a7_': 1.0}};{'d0': 0.024905832919416677};-280.569866449043;35.87361367813911
47102;-104.411319546383;((_a5_ * x) * ((pow2((x + (_a0_ + x))) * _a3_) + _a5_));{'d0': {'_a0_': 0.6238594154583921, '_a3_': 0.7018910026051542, '_a5_': 1.20273691593668, '_a1_': 1.0, '_a2_': 1.0, '_a4_': 1.0, '_a6_': 1.0, '_a7_': 1.0}};{'d0': 0.024905832919416677};-280.569866449043;35.87361367813911
47103;-104.411319546383;((_a5_ * x) * ((pow2((x + (_a0_ + x))) * _a3_) + _a5_));{'d0': {'_a0_': 0.6238594154583921, '_a3_': 0.7018910026051542, '_a5_': 1.20273691593668, '_a1_': 1.0, '_a2_': 1.0, '_a4_': 1.0, '_a6_': 1.0, '_a7_': 1.0}};{'d0': 0.024905832919416677};-280.569866449043;35.87361367813911
47104;-104.411319546383;((_a5_ * x) * ((pow2((x + (_a0_ + x))) * _a3_) + _a5_));{'d0': {'_a0_': 0.6238594154583921, '_a3_': 0.7018910026051542, '_a5_': 1.20273691593668, '_a1_': 1.0, '_a2_': 1.0, '_a4_': 1.0, '_a6_': 1.0, '_a7_': 1.0}};{'d0': 0.024905832919416677};-280.569866449043;35.87361367813911
47105;-104.411319546383;((_a5_ * x) * ((pow2((x + (_a0_ + x))) * _a3_) + _a5_));{'d0': {'_a0_': 0.6238594154583921, '_a3_': 0.7018910026051542, '_a5_': 1.20273691593668, '_a1_': 1.0, '_a2_': 1.0, '_a4_': 1.0, '_a6_': 1.0, '_a7_': 1.0}};{'d0': 0.024905832919416677};-280.569866449043;35.87361367813911
47106;-104.411319546383;((_a5_ * x) * ((pow2((x + (_a0_ + x))) * _a3_) + _a5_));{'d0': {'_a0_': 0.6238594154583921, '_a3_': 0.7018910026051542, '_a5_': 1.20273691593668, '_a1_': 1.0, '_a2_': 1.0, '_a4_': 1.0, '_a6_': 1.0, '_a7_': 1.0}};{'d0': 0.024905832919416677};-280.569866449043;35.87361367813911
47107;-104.411319546383;((_a5_ * x) * ((pow2((x + (_a0_ + x))) * _a3_) + _a5_));{'d0': {'_a0_': 0.6238594154583921, '_a3_': 0.7018910026051542, '_a5_': 1.20273691593668, '_a1_': 1.0, '_a2_': 1.0, '_a4_': 1.0, '_a6_': 1.0, '_a7_': 1.0}};{'d0': 0.024905832919416677};-280.569866449043;35.87361367813911
47108;-104.411319546383;((_a5_ * x) * ((pow2((x + (_a0_ + x))) * _a3_) + _a5_));{'d0': {'_a0_': 0.6238594154583921, '_a3_': 0.7018910026051542, '_a5_': 1.20273691593668, '_a1_': 1.0, '_a2_': 1.0, '_a4_': 1.0, '_a6_': 1.0, '_a7_': 1.0}};{'d0': 0.024905832919416677};-280.569866449043;35.87361367813911
47109;-104.411319546383;((_a5_ * x) * ((pow2((x + (_a0_ + x))) * _a3_) + _a5_));{'d0': {'_a0_': 0.6238594154583921, '_a3_': 0.7018910026051542, '_a5_': 1.20273691593668, '_a1_': 1.0, '_a2_': 1.0, '_a4_': 1.0, '_a6_': 1.0, '_a7_': 1.0}};{'d0': 0.024905832919416677};-280.569866449043;35.87361367813911
47110;-104.411319546383;((_a5_ * x) * ((pow2((x + (_a0_ + x))) * _a3_) + _a5_));{'d0': {'_a0_': 0.6238594154583921, '_a3_': 0.7018910026051542, '_a5_': 1.20273691593668, '_a1_': 1.0, '_a2_': 1.0, '_a4_': 1.0, '_a6_': 1.0, '_a7_': 1.0}};{'d0': 0.024905832919416677};-280.569866449043;35.87361367813911
47111;-104.411319546383;((_a5_ * x) * ((pow2((x + (_a0_ + x))) * _a3_) + _a5_));{'d0': {'_a0_': 0.6238594154583921, '_a3_': 0.7018910026051542, '_a5_': 1.20273691593668, '_a1_': 1.0, '_a2_': 1.0, '_a4_': 1.0, '_a6_': 1.0, '_a7_': 1.0}};{'d0': 0.024905832919416677};-280.569866449043;35.87361367813911
47112;-104.411319546383;((_a5_ * x) * ((pow2((x + (_a0_ + x))) * _a3_) + _a5_));{'d0': {'_a0_': 0.6238594154583921, '_a3_': 0.7018910026051542, '_a5_': 1.20273691593668, '_a1_': 1.0, '_a2_': 1.0, '_a4_': 1.0, '_a6_': 1.0, '_a7_': 1.0}};{'d0': 0.024905832919416677};-280.569866449043;35.87361367813911
47113;-104.411319546383;((_a5_ * x) * ((pow2((x + (_a0_ + x))) * _a3_) + _a5_));{'d0': {'_a0_': 0.6238594154583921, '_a3_': 0.7018910026051542, '_a5_': 1.20273691593668, '_a1_': 1.0, '_a2_': 1.0, '_a4_': 1.0, '_a6_': 1.0, '_a7_': 1.0}};{'d0': 0.024905832919416677};-280.569866449043;35.87361367813911
47114;-104.411319546383;((_a5_ * x) * ((pow2((x + (_a0_ + x))) * _a3_) + _a5_));{'d0': {'_a0_': 0.6238594154583921, '_a3_': 0.7018910026051542, '_a5_': 1.20273691593668, '_a1_': 1.0, '_a2_': 1.0, '_a4_': 1.0, '_a6_': 1.0, '_a7_': 1.0}};{'d0': 0.024905832919416677};-280.569866449043;35.87361367813911
47115;-97.5531039316529;((((((_a0_ * (x * x)) * -(_a1_)) + _a7_) + x) / _a2_) * x);{'d0': {'_a0_': 2.4213511107259507, '_a1_': -0.6619960738160604, '_a2_': 0.47469314364921583, '_a7_': 0.8426446056988476, '_a3_': 1.0, '_a4_': 1.0, '_a5_': 1.0, '_a6_': 1.0}};{'d0': 0.024905832922022905};-276.475521880543;40.68465700861879
47116;-97.5531039316529;((((((_a0_ * (x * x)) * -(_a1_)) + _a7_) + x) / _a2_) * x);{'d0': {'_a0_': 2.4213511107259507, '_a1_': -0.6619960738160604, '_a2_': 0.47469314364921583, '_a7_': 0.8426446056988476, '_a3_': 1.0, '_a4_': 1.0, '_a5_': 1.0, '_a6_': 1.0}};{'d0': 0.024905832922022905};-276.475521880543;40.68465700861879
47117;-104.411319546383;((_a5_ * x) * ((pow2((x + (_a0_ + x))) * _a3_) + _a5_));{'d0': {'_a0_': 0.6238594154583921, '_a3_': 0.7018910026051542, '_a5_': 1.20273691593668, '_a1_': 1.0, '_a2_': 1.0, '_a4_': 1.0, '_a6_': 1.0, '_a7_': 1.0}};{'d0': 0.024905832919416677};-280.569866449043;35.87361367813911
47118;-104.411319546383;((_a5_ * x) * ((pow2((x + (_a0_ + x))) * _a3_) + _a5_));{'d0': {'_a0_': 0.6238594154583921, '_a3_': 0.7018910026051542, '_a5_': 1.20273691593668, '_a1_': 1.0, '_a2_': 1.0, '_a4_': 1.0, '_a6_': 1.0, '_a7_': 1.0}};{'d0': 0.024905832919416677};-280.569866449043;35.87361367813911
47119;-104.411319546383;((_a5_ * x) * ((pow2((x + (_a0_ + x))) * _a3_) + _a5_));{'d0': {'_a0_': 0.6238594154583921, '_a3_': 0.7018910026051542, '_a5_': 1.20273691593668, '_a1_': 1.0, '_a2_': 1.0, '_a4_': 1.0, '_a6_': 1.0, '_a7_': 1.0}};{'d0': 0.024905832919416677};-280.569866449043;35.87361367813911
47120;-104.411319546383;((_a5_ * x) * ((pow2((x + (_a0_ + x))) * _a3_) + _a5_));{'d0': {'_a0_': 0.6238594154583921, '_a3_': 0.7018910026051542, '_a5_': 1.20273691593668, '_a1_': 1.0, '_a2_': 1.0, '_a4_': 1.0, '_a6_': 1.0, '_a7_': 1.0}};{'d0': 0.024905832919416677};-280.569866449043;35.87361367813911
47121;-104.411319546383;((_a5_ * x) * ((pow2((x + (_a0_ + x))) * _a3_) + _a5_));{'d0': {'_a0_': 0.6238594154583921, '_a3_': 0.7018910026051542, '_a5_': 1.20273691593668, '_a1_': 1.0, '_a2_': 1.0, '_a4_': 1.0, '_a6_': 1.0, '_a7_': 1.0}};{'d0': 0.024905832919416677};-280.569866449043;35.87361367813911
47122;-98.2585261643846;((((((_a0_ * (x * x)) * (_a0_ * _a0_)) + _a7_) + x) / _a2_) * x);{'d0': {'_a0_': 1.1703194478219061, '_a2_': 0.4746931433350203, '_a7_': 0.8426446050847527, '_a1_': 1.0, '_a3_': 1.0, '_a4_': 1.0, '_a5_': 1.0, '_a6_': 1.0}};{'d0': 0.02490583291941669};-280.569866449043;42.0264070601374
47123;-98.2585261643846;((((((_a0_ * (x * x)) * (_a0_ * _a0_)) + _a7_) + x) / _a2_) * x);{'d0': {'_a0_': 1.1703194478219061, '_a2_': 0.4746931433350203, '_a7_': 0.8426446050847527, '_a1_': 1.0, '_a3_': 1.0, '_a4_': 1.0, '_a5_': 1.0, '_a6_': 1.0}};{'d0': 0.02490583291941669};-280.569866449043;42.0264070601374
47124;-98.2585261643846;((((((_a0_ * (x * x)) * (_a0_ * _a0_)) + _a7_) + x) / _a2_) * x);{'d0': {'_a0_': 1.1703194478219061, '_a2_': 0.4746931433350203, '_a7_': 0.8426446050847527, '_a1_': 1.0, '_a3_': 1.0, '_a4_': 1.0, '_a5_': 1.0, '_a6_': 1.0}};{'d0': 0.02490583291941669};-280.569866449043;42.0264070601374
47125;-98.2585261643846;((((((_a0_ * (x * x)) * (_a0_ * _a0_)) + _a7_) + x) / _a2_) * x);{'d0': {'_a0_': 1.1703194478219061, '_a2_': 0.4746931433350203, '_a7_': 0.8426446050847527, '_a1_': 1.0, '_a3_': 1.0, '_a4_': 1.0, '_a5_': 1.0, '_a6_': 1.0}};{'d0': 0.02490583291941669};-280.569866449043;42.0264070601374
47126;-98.2585261643846;((((((_a0_ * (x * x)) * (_a0_ * _a0_)) + _a7_) + x) / _a2_) * x);{'d0': {'_a0_': 1.1703194478219061, '_a2_': 0.4746931433350203, '_a7_': 0.8426446050847527, '_a1_': 1.0, '_a3_': 1.0, '_a4_': 1.0, '_a5_': 1.0, '_a6_': 1.0}};{'d0': 0.02490583291941669};-280.569866449043;42.0264070601374
47127;-98.2585261643846;((((((_a0_ * (x * x)) * (_a0_ * _a0_)) + _a7_) + x) / _a2_) * x);{'d0': {'_a0_': 1.1703194478219061, '_a2_': 0.4746931433350203, '_a7_': 0.8426446050847527, '_a1_': 1.0, '_a3_': 1.0, '_a4_': 1.0, '_a5_': 1.0, '_a6_': 1.0}};{'d0': 0.02490583291941669};-280.569866449043;42.0264070601374
47128;-98.2585261643846;((((((_a0_ * (x * x)) * (_a0_ * _a0_)) + _a7_) + x) / _a2_) * x);{'d0': {'_a0_': 1.1703194478219061, '_a2_': 0.4746931433350203, '_a7_': 0.8426446050847527, '_a1_': 1.0, '_a3_': 1.0, '_a4_': 1.0, '_a5_': 1.0, '_a6_': 1.0}};{'d0': 0.02490583291941669};-280.569866449043;42.0264070601374
47129;-98.2585261643846;((((((_a0_ * (x * x)) * (_a0_ * _a0_)) + _a7_) + x) / _a2_) * x);{'d0': {'_a0_': 1.1703194478219061, '_a2_': 0.4746931433350203, '_a7_': 0.8426446050847527, '_a1_': 1.0, '_a3_': 1.0, '_a4_': 1.0, '_a5_': 1.0, '_a6_': 1.0}};{'d0': 0.02490583291941669};-280.569866449043;42.0264070601374
47130;-98.2585261643846;((((((_a0_ * (x * x)) * (_a0_ * _a0_)) + _a7_) + x) / _a2_) * x);{'d0': {'_a0_': 1.1703194478219061, '_a2_': 0.4746931433350203, '_a7_': 0.8426446050847527, '_a1_': 1.0, '_a3_': 1.0, '_a4_': 1.0, '_a5_': 1.0, '_a6_': 1.0}};{'d0': 0.02490583291941669};-280.569866449043;42.0264070601374
47131;-98.2585261643846;((((((_a0_ * (x * x)) * (_a0_ * _a0_)) + _a7_) + x) / _a2_) * x);{'d0': {'_a0_': 1.1703194478219061, '_a2_': 0.4746931433350203, '_a7_': 0.8426446050847527, '_a1_': 1.0, '_a3_': 1.0, '_a4_': 1.0, '_a5_': 1.0, '_a6_': 1.0}};{'d0': 0.02490583291941669};-280.569866449043;42.0264070601374
47132;-98.2585261643846;((((((_a0_ * (x * x)) * (_a0_ * _a0_)) + _a7_) + x) / _a2_) * x);{'d0': {'_a0_': 1.1703194478219061, '_a2_': 0.4746931433350203, '_a7_': 0.8426446050847527, '_a1_': 1.0, '_a3_': 1.0, '_a4_': 1.0, '_a5_': 1.0, '_a6_': 1.0}};{'d0': 0.02490583291941669};-280.569866449043;42.0264070601374
47133;-98.2585261643846;((((((_a0_ * (x * x)) * (_a0_ * _a0_)) + _a7_) + x) / _a2_) * x);{'d0': {'_a0_': 1.1703194478219061, '_a2_': 0.4746931433350203, '_a7_': 0.8426446050847527, '_a1_': 1.0, '_a3_': 1.0, '_a4_': 1.0, '_a5_': 1.0, '_a6_': 1.0}};{'d0': 0.02490583291941669};-280.569866449043;42.0264070601374
47134;-98.2585261643846;((((((_a0_ * (x * x)) * (_a0_ * _a0_)) + _a7_) + x) / _a2_) * x);{'d0': {'_a0_': 1.1703194478219061, '_a2_': 0.4746931433350203, '_a7_': 0.8426446050847527, '_a1_': 1.0, '_a3_': 1.0, '_a4_': 1.0, '_a5_': 1.0, '_a6_': 1.0}};{'d0': 0.02490583291941669};-280.569866449043;42.0264070601374
47135;-98.2585261643846;((((((_a0_ * (x * x)) * (_a0_ * _a0_)) + _a7_) + x) / _a2_) * x);{'d0': {'_a0_': 1.1703194478219061, '_a2_': 0.4746931433350203, '_a7_': 0.8426446050847527, '_a1_': 1.0, '_a3_': 1.0, '_a4_': 1.0, '_a5_': 1.0, '_a6_': 1.0}};{'d0': 0.02490583291941669};-280.569866449043;42.0264070601374
47136;-98.2585261643846;((((((_a0_ * (x * x)) * (_a0_ * _a0_)) + _a7_) + x) / _a2_) * x);{'d0': {'_a0_': 1.1703194478219061, '_a2_': 0.4746931433350203, '_a7_': 0.8426446050847527, '_a1_': 1.0, '_a3_': 1.0, '_a4_': 1.0, '_a5_': 1.0, '_a6_': 1.0}};{'d0': 0.02490583291941669};-280.569866449043;42.0264070601374
47137;-98.2585261643846;((((((_a0_ * (x * x)) * (_a0_ * _a0_)) + _a7_) + x) / _a2_) * x);{'d0': {'_a0_': 1.1703194478219061, '_a2_': 0.4746931433350203, '_a7_': 0.8426446050847527, '_a1_': 1.0, '_a3_': 1.0, '_a4_': 1.0, '_a5_': 1.0, '_a6_': 1.0}};{'d0': 0.02490583291941669};-280.569866449043;42.0264070601374
47138;-98.2585261643846;((((((_a0_ * (x * x)) * (_a0_ * _a0_)) + _a7_) + x) / _a2_) * x);{'d0': {'_a0_': 1.1703194478219061, '_a2_': 0.4746931433350203, '_a7_': 0.8426446050847527, '_a1_': 1.0, '_a3_': 1.0, '_a4_': 1.0, '_a5_': 1.0, '_a6_': 1.0}};{'d0': 0.02490583291941669};-280.569866449043;42.0264070601374
47139;-98.2585261643846;((((((_a0_ * (x * x)) * (_a0_ * _a0_)) + _a7_) + x) / _a2_) * x);{'d0': {'_a0_': 1.1703194478219061, '_a2_': 0.4746931433350203, '_a7_': 0.8426446050847527, '_a1_': 1.0, '_a3_': 1.0, '_a4_': 1.0, '_a5_': 1.0, '_a6_': 1.0}};{'d0': 0.02490583291941669};-280.569866449043;42.0264070601374
47140;-98.2585261643846;((((((_a0_ * (x * x)) * (_a0_ * _a0_)) + _a7_) + x) / _a2_) * x);{'d0': {'_a0_': 1.1703194478219061, '_a2_': 0.4746931433350203, '_a7_': 0.8426446050847527, '_a1_': 1.0, '_a3_': 1.0, '_a4_': 1.0, '_a5_': 1.0, '_a6_': 1.0}};{'d0': 0.02490583291941669};-280.569866449043;42.0264070601374
47141;-98.2585261643846;((((((_a0_ * (x * x)) * (_a0_ * _a0_)) + _a7_) + x) / _a2_) * x);{'d0': {'_a0_': 1.1703194478219061, '_a2_': 0.4746931433350203, '_a7_': 0.8426446050847527, '_a1_': 1.0, '_a3_': 1.0, '_a4_': 1.0, '_a5_': 1.0, '_a6_': 1.0}};{'d0': 0.02490583291941669};-280.569866449043;42.0264070601374
47142;-98.2585261643846;((((((_a0_ * (x * x)) * (_a0_ * _a0_)) + _a7_) + x) / _a2_) * x);{'d0': {'_a0_': 1.1703194478219061, '_a2_': 0.4746931433350203, '_a7_': 0.8426446050847527, '_a1_': 1.0, '_a3_': 1.0, '_a4_': 1.0, '_a5_': 1.0, '_a6_': 1.0}};{'d0': 0.02490583291941669};-280.569866449043;42.0264070601374
47143;-98.2585261643846;((((((_a0_ * (x * x)) * (_a0_ * _a0_)) + _a7_) + x) / _a2_) * x);{'d0': {'_a0_': 1.1703194478219061, '_a2_': 0.4746931433350203, '_a7_': 0.8426446050847527, '_a1_': 1.0, '_a3_': 1.0, '_a4_': 1.0, '_a5_': 1.0, '_a6_': 1.0}};{'d0': 0.02490583291941669};-280.569866449043;42.0264070601374
47144;-98.2585261643846;((((((_a0_ * (x * x)) * (_a0_ * _a0_)) + _a7_) + x) / _a2_) * x);{'d0': {'_a0_': 1.1703194478219061, '_a2_': 0.4746931433350203, '_a7_': 0.8426446050847527, '_a1_': 1.0, '_a3_': 1.0, '_a4_': 1.0, '_a5_': 1.0, '_a6_': 1.0}};{'d0': 0.02490583291941669};-280.569866449043;42.0264070601374
47145;-98.2585261643846;((((((_a0_ * (x * x)) * (_a0_ * _a0_)) + _a7_) + x) / _a2_) * x);{'d0': {'_a0_': 1.1703194478219061, '_a2_': 0.4746931433350203, '_a7_': 0.8426446050847527, '_a1_': 1.0, '_a3_': 1.0, '_a4_': 1.0, '_a5_': 1.0, '_a6_': 1.0}};{'d0': 0.02490583291941669};-280.569866449043;42.0264070601374
47146;-98.2585261643846;((((((_a0_ * (x * x)) * (_a0_ * _a0_)) + _a7_) + x) / _a2_) * x);{'d0': {'_a0_': 1.1703194478219061, '_a2_': 0.4746931433350203, '_a7_': 0.8426446050847527, '_a1_': 1.0, '_a3_': 1.0, '_a4_': 1.0, '_a5_': 1.0, '_a6_': 1.0}};{'d0': 0.02490583291941669};-280.569866449043;42.0264070601374
47147;-98.2585261643846;((((((_a0_ * (x * x)) * (_a0_ * _a0_)) + _a7_) + x) / _a2_) * x);{'d0': {'_a0_': 1.1703194478219061, '_a2_': 0.4746931433350203, '_a7_': 0.8426446050847527, '_a1_': 1.0, '_a3_': 1.0, '_a4_': 1.0, '_a5_': 1.0, '_a6_': 1.0}};{'d0': 0.02490583291941669};-280.569866449043;42.0264070601374
47148;-98.2585261643846;((((((_a0_ * (x * x)) * (_a0_ * _a0_)) + _a7_) + x) / _a2_) * x);{'d0': {'_a0_': 1.1703194478219061, '_a2_': 0.4746931433350203, '_a7_': 0.8426446050847527, '_a1_': 1.0, '_a3_': 1.0, '_a4_': 1.0, '_a5_': 1.0, '_a6_': 1.0}};{'d0': 0.02490583291941669};-280.569866449043;42.0264070601374
47149;-98.2585261643846;((((((_a0_ * (x * x)) * (_a0_ * _a0_)) + _a7_) + x) / _a2_) * x);{'d0': {'_a0_': 1.1703194478219061, '_a2_': 0.4746931433350203, '_a7_': 0.8426446050847527, '_a1_': 1.0, '_a3_': 1.0, '_a4_': 1.0, '_a5_': 1.0, '_a6_': 1.0}};{'d0': 0.02490583291941669};-280.569866449043;42.0264070601374
47150;-98.2585261643846;((((((_a0_ * (x * x)) * (_a0_ * _a0_)) + _a7_) + x) / _a2_) * x);{'d0': {'_a0_': 1.1703194478219061, '_a2_': 0.4746931433350203, '_a7_': 0.8426446050847527, '_a1_': 1.0, '_a3_': 1.0, '_a4_': 1.0, '_a5_': 1.0, '_a6_': 1.0}};{'d0': 0.02490583291941669};-280.569866449043;42.0264070601374
47151;-98.2585261643846;((((((_a0_ * (x * x)) * (_a0_ * _a0_)) + _a7_) + x) / _a2_) * x);{'d0': {'_a0_': 1.1703194478219061, '_a2_': 0.4746931433350203, '_a7_': 0.8426446050847527, '_a1_': 1.0, '_a3_': 1.0, '_a4_': 1.0, '_a5_': 1.0, '_a6_': 1.0}};{'d0': 0.02490583291941669};-280.569866449043;42.0264070601374
47152;-98.2585261643846;((((((_a0_ * (x * x)) * (_a0_ * _a0_)) + _a7_) + x) / _a2_) * x);{'d0': {'_a0_': 1.1703194478219061, '_a2_': 0.4746931433350203, '_a7_': 0.8426446050847527, '_a1_': 1.0, '_a3_': 1.0, '_a4_': 1.0, '_a5_': 1.0, '_a6_': 1.0}};{'d0': 0.02490583291941669};-280.569866449043;42.0264070601374
47153;-98.2585261643846;((((((_a0_ * (x * x)) * (_a0_ * _a0_)) + _a7_) + x) / _a2_) * x);{'d0': {'_a0_': 1.1703194478219061, '_a2_': 0.4746931433350203, '_a7_': 0.8426446050847527, '_a1_': 1.0, '_a3_': 1.0, '_a4_': 1.0, '_a5_': 1.0, '_a6_': 1.0}};{'d0': 0.02490583291941669};-280.569866449043;42.0264070601374
47154;-98.2585261643846;((((((_a0_ * (x * x)) * (_a0_ * _a0_)) + _a7_) + x) / _a2_) * x);{'d0': {'_a0_': 1.1703194478219061, '_a2_': 0.4746931433350203, '_a7_': 0.8426446050847527, '_a1_': 1.0, '_a3_': 1.0, '_a4_': 1.0, '_a5_': 1.0, '_a6_': 1.0}};{'d0': 0.02490583291941669};-280.569866449043;42.0264070601374
47155;-98.2585261643846;((((((_a0_ * (x * x)) * (_a0_ * _a0_)) + _a7_) + x) / _a2_) * x);{'d0': {'_a0_': 1.1703194478219061, '_a2_': 0.4746931433350203, '_a7_': 0.8426446050847527, '_a1_': 1.0, '_a3_': 1.0, '_a4_': 1.0, '_a5_': 1.0, '_a6_': 1.0}};{'d0': 0.02490583291941669};-280.569866449043;42.0264070601374
47156;-98.2585261643846;((((((_a0_ * (x * x)) * (_a0_ * _a0_)) + _a7_) + x) / _a2_) * x);{'d0': {'_a0_': 1.1703194478219061, '_a2_': 0.4746931433350203, '_a7_': 0.8426446050847527, '_a1_': 1.0, '_a3_': 1.0, '_a4_': 1.0, '_a5_': 1.0, '_a6_': 1.0}};{'d0': 0.02490583291941669};-280.569866449043;42.0264070601374
47157;-98.2585261643846;((((((_a0_ * (x * x)) * (_a0_ * _a0_)) + _a7_) + x) / _a2_) * x);{'d0': {'_a0_': 1.1703194478219061, '_a2_': 0.4746931433350203, '_a7_': 0.8426446050847527, '_a1_': 1.0, '_a3_': 1.0, '_a4_': 1.0, '_a5_': 1.0, '_a6_': 1.0}};{'d0': 0.02490583291941669};-280.569866449043;42.0264070601374
47158;-98.2585261643846;((((((_a0_ * (x * x)) * (_a0_ * _a0_)) + _a7_) + x) / _a2_) * x);{'d0': {'_a0_': 1.1703194478219061, '_a2_': 0.4746931433350203, '_a7_': 0.8426446050847527, '_a1_': 1.0, '_a3_': 1.0, '_a4_': 1.0, '_a5_': 1.0, '_a6_': 1.0}};{'d0': 0.02490583291941669};-280.569866449043;42.0264070601374
47159;-98.2585261643846;((((((_a0_ * (x * x)) * (_a0_ * _a0_)) + _a7_) + x) / _a2_) * x);{'d0': {'_a0_': 1.1703194478219061, '_a2_': 0.4746931433350203, '_a7_': 0.8426446050847527, '_a1_': 1.0, '_a3_': 1.0, '_a4_': 1.0, '_a5_': 1.0, '_a6_': 1.0}};{'d0': 0.02490583291941669};-280.569866449043;42.0264070601374
47160;-98.2585261643846;((((((_a0_ * (x * x)) * (_a0_ * _a0_)) + _a7_) + x) / _a2_) * x);{'d0': {'_a0_': 1.1703194478219061, '_a2_': 0.4746931433350203, '_a7_': 0.8426446050847527, '_a1_': 1.0, '_a3_': 1.0, '_a4_': 1.0, '_a5_': 1.0, '_a6_': 1.0}};{'d0': 0.02490583291941669};-280.569866449043;42.0264070601374
47161;-98.2585261643846;((((((_a0_ * (x * x)) * (_a0_ * _a0_)) + _a7_) + x) / _a2_) * x);{'d0': {'_a0_': 1.1703194478219061, '_a2_': 0.4746931433350203, '_a7_': 0.8426446050847527, '_a1_': 1.0, '_a3_': 1.0, '_a4_': 1.0, '_a5_': 1.0, '_a6_': 1.0}};{'d0': 0.02490583291941669};-280.569866449043;42.0264070601374
47162;-98.2585261643846;((((((_a0_ * (x * x)) * (_a0_ * _a0_)) + _a7_) + x) / _a2_) * x);{'d0': {'_a0_': 1.1703194478219061, '_a2_': 0.4746931433350203, '_a7_': 0.8426446050847527, '_a1_': 1.0, '_a3_': 1.0, '_a4_': 1.0, '_a5_': 1.0, '_a6_': 1.0}};{'d0': 0.02490583291941669};-280.569866449043;42.0264070601374
47163;-98.2585261643846;((((((_a0_ * (x * x)) * (_a0_ * _a0_)) + _a7_) + x) / _a2_) * x);{'d0': {'_a0_': 1.1703194478219061, '_a2_': 0.4746931433350203, '_a7_': 0.8426446050847527, '_a1_': 1.0, '_a3_': 1.0, '_a4_': 1.0, '_a5_': 1.0, '_a6_': 1.0}};{'d0': 0.02490583291941669};-280.569866449043;42.0264070601374
47164;-104.411319546383;((_a3_ * x) * ((pow2((x + (_a0_ + _a0_))) * _a3_) + _a5_));{'d0': {'_a0_': 0.15596485391781878, '_a3_': 1.8375964951079768, '_a5_': 0.7872109536396722, '_a1_': 1.0, '_a2_': 1.0, '_a4_': 1.0, '_a6_': 1.0, '_a7_': 1.0}};{'d0': 0.024905832919416657};-280.569866449044;35.87361367813911
47165;-104.411319546383;((_a3_ * x) * ((pow2((x + (_a0_ + _a0_))) * _a3_) + _a5_));{'d0': {'_a0_': 0.15596485391781878, '_a3_': 1.8375964951079768, '_a5_': 0.7872109536396722, '_a1_': 1.0, '_a2_': 1.0, '_a4_': 1.0, '_a6_': 1.0, '_a7_': 1.0}};{'d0': 0.024905832919416657};-280.569866449044;35.87361367813911
47166;-104.411319546383;((_a3_ * x) * ((pow2((x + (_a0_ + _a0_))) * _a3_) + _a5_));{'d0': {'_a0_': 0.15596485391781878, '_a3_': 1.8375964951079768, '_a5_': 0.7872109536396722, '_a1_': 1.0, '_a2_': 1.0, '_a4_': 1.0, '_a6_': 1.0, '_a7_': 1.0}};{'d0': 0.024905832919416657};-280.569866449044;35.87361367813911
47167;-104.411319546383;((_a3_ * x) * ((pow2((x + (_a0_ + _a0_))) * _a3_) + _a5_));{'d0': {'_a0_': 0.15596485391781878, '_a3_': 1.8375964951079768, '_a5_': 0.7872109536396722, '_a1_': 1.0, '_a2_': 1.0, '_a4_': 1.0, '_a6_': 1.0, '_a7_': 1.0}};{'d0': 0.024905832919416657};-280.569866449044;35.87361367813911
47168;-104.411319546383;((_a3_ * x) * ((pow2((x + (_a0_ + _a0_))) * _a3_) + _a5_));{'d0': {'_a0_': 0.15596485391781878, '_a3_': 1.8375964951079768, '_a5_': 0.7872109536396722, '_a1_': 1.0, '_a2_': 1.0, '_a4_': 1.0, '_a6_': 1.0, '_a7_': 1.0}};{'d0': 0.024905832919416657};-280.569866449044;35.87361367813911
47169;-104.411319546383;((_a3_ * x) * ((pow2((x + (_a0_ + _a0_))) * _a3_) + _a5_));{'d0': {'_a0_': 0.15596485391781878, '_a3_': 1.8375964951079768, '_a5_': 0.7872109536396722, '_a1_': 1.0, '_a2_': 1.0, '_a4_': 1.0, '_a6_': 1.0, '_a7_': 1.0}};{'d0': 0.024905832919416657};-280.569866449044;35.87361367813911
47170;-104.411319546383;((_a3_ * x) * ((pow2((x + (_a0_ + _a0_))) * _a3_) + _a5_));{'d0': {'_a0_': 0.15596485391781878, '_a3_': 1.8375964951079768, '_a5_': 0.7872109536396722, '_a1_': 1.0, '_a2_': 1.0, '_a4_': 1.0, '_a6_': 1.0, '_a7_': 1.0}};{'d0': 0.024905832919416657};-280.569866449044;35.87361367813911
47171;-103.571388659998;((x * (pow2(((x / _a1_) + _a5_)) / _a7_)) + (x * _a7_));{'d0': {'_a1_': 0.4524589726321403, '_a5_': 0.689409928053512, '_a7_': 1.446576089349359, '_a0_': 1.0, '_a2_': 1.0, '_a3_': 1.0, '_a4_': 1.0, '_a6_': 1.0}};{'d0': 0.024905832919416636};-280.569866449044;36.71354456452357
47172;-98.6944060208633;((x * (pow2(((x / _a1_) + (_a6_ * _a7_))) / _a7_)) + (x * _a7_));{'d0': {'_a1_': 0.45245897257267137, '_a6_': 0.47658048090711896, '_a7_': 1.4465760892908157, '_a0_': 1.0, '_a2_': 1.0, '_a3_': 1.0, '_a4_': 1.0, '_a5_': 1.0}};{'d0': 0.0249058329194166};-280.569866449044;41.590527203658574
47173;-98.6944060208633;((x * (pow2(((x / _a1_) + (_a6_ * _a7_))) / _a7_)) + (x * _a7_));{'d0': {'_a1_': 0.45245897257267137, '_a6_': 0.47658048090711896, '_a7_': 1.4465760892908157, '_a0_': 1.0, '_a2_': 1.0, '_a3_': 1.0, '_a4_': 1.0, '_a5_': 1.0}};{'d0': 0.0249058329194166};-280.569866449044;41.590527203658574
47174;-94.9964715482534;((x * (pow2(((x / _a1_) + (_a6_ * pow2(_a1_)))) / _a7_)) + (x * _a7_));{'d0': {'_a1_': 0.45245897260242623, '_a6_': 3.3675893184656025, '_a7_': 1.4465760893242692, '_a0_': 1.0, '_a2_': 1.0, '_a3_': 1.0, '_a4_': 1.0, '_a5_': 1.0}};{'d0': 0.02490583291941653};-280.569866449044;45.288461676268575
47175;-94.9964715482534;((x * (pow2(((x / _a1_) + (_a6_ * pow2(_a1_)))) / _a7_)) + (x * _a7_));{'d0': {'_a1_': 0.45245897260242623, '_a6_': 3.3675893184656025, '_a7_': 1.4465760893242692, '_a0_': 1.0, '_a2_': 1.0, '_a3_': 1.0, '_a4_': 1.0, '_a5_': 1.0}};{'d0': 0.02490583291941653};-280.569866449044;45.288461676268575
47176;-94.9964715482534;((x * (pow2(((x / _a1_) + (_a6_ * pow2(_a1_)))) / _a7_)) + (x * _a7_));{'d0': {'_a1_': 0.45245897260242623, '_a6_': 3.3675893184656025, '_a7_': 1.4465760893242692, '_a0_': 1.0, '_a2_': 1.0, '_a3_': 1.0, '_a4_': 1.0, '_a5_': 1.0}};{'d0': 0.02490583291941653};-280.569866449044;45.288461676268575
47177;-104.411319546383;((_a3_ * x) * ((pow2((x + (_a0_ + _a0_))) * _a3_) + _a5_));{'d0': {'_a0_': 0.15596485391781878, '_a3_': 1.8375964951079768, '_a5_': 0.7872109536396722, '_a1_': 1.0, '_a2_': 1.0, '_a4_': 1.0, '_a6_': 1.0, '_a7_': 1.0}};{'d0': 0.024905832919416657};-280.569866449044;35.87361367813911
47178;-104.411319546383;((_a3_ * x) * ((pow2((x + (_a0_ + _a0_))) * _a3_) + _a5_));{'d0': {'_a0_': 0.15596485391781878, '_a3_': 1.8375964951079768, '_a5_': 0.7872109536396722, '_a1_': 1.0, '_a2_': 1.0, '_a4_': 1.0, '_a6_': 1.0, '_a7_': 1.0}};{'d0': 0.024905832919416657};-280.569866449044;35.87361367813911
47179;-104.411319546383;((_a3_ * x) * ((pow2((x + (_a0_ + _a0_))) * _a3_) + _a5_));{'d0': {'_a0_': 0.15596485391781878, '_a3_': 1.8375964951079768, '_a5_': 0.7872109536396722, '_a1_': 1.0, '_a2_': 1.0, '_a4_': 1.0, '_a6_': 1.0, '_a7_': 1.0}};{'d0': 0.024905832919416657};-280.569866449044;35.87361367813911
47180;-104.411319546383;((_a3_ * x) * ((pow2((x + (_a0_ + _a0_))) * _a3_) + _a5_));{'d0': {'_a0_': 0.15596485391781878, '_a3_': 1.8375964951079768, '_a5_': 0.7872109536396722, '_a1_': 1.0, '_a2_': 1.0, '_a4_': 1.0, '_a6_': 1.0, '_a7_': 1.0}};{'d0': 0.024905832919416657};-280.569866449044;35.87361367813911
47181;-104.411319546383;((_a3_ * x) * ((pow2((x + (_a0_ + _a0_))) * _a3_) + _a5_));{'d0': {'_a0_': 0.15596485391781878, '_a3_': 1.8375964951079768, '_a5_': 0.7872109536396722, '_a1_': 1.0, '_a2_': 1.0, '_a4_': 1.0, '_a6_': 1.0, '_a7_': 1.0}};{'d0': 0.024905832919416657};-280.569866449044;35.87361367813911
47182;-99.4619796209257;((_a3_ * x) * ((pow2((x + (_a0_ + _a0_))) * _a3_) + (_a6_ * x)));{'d0': {'_a0_': 0.36252302353897276, '_a3_': 1.8375964949853631, '_a6_': -1.5182822742241875, '_a1_': 1.0, '_a2_': 1.0, '_a4_': 1.0, '_a5_': 1.0, '_a7_': 1.0}};{'d0': 0.024905832919416677};-280.569866449043;40.822953603596105
47183;-99.4619796209257;((_a3_ * x) * ((pow2((x + (_a0_ + _a0_))) * _a3_) + (_a6_ * x)));{'d0': {'_a0_': 0.36252302353897276, '_a3_': 1.8375964949853631, '_a6_': -1.5182822742241875, '_a1_': 1.0, '_a2_': 1.0, '_a4_': 1.0, '_a5_': 1.0, '_a7_': 1.0}};{'d0': 0.024905832919416677};-280.569866449043;40.822953603596105
47184;-99.4619796209257;((_a3_ * x) * ((pow2((x + (_a0_ + _a0_))) * _a3_) + (_a6_ * x)));{'d0': {'_a0_': 0.36252302353897276, '_a3_': 1.8375964949853631, '_a6_': -1.5182822742241875, '_a1_': 1.0, '_a2_': 1.0, '_a4_': 1.0, '_a5_': 1.0, '_a7_': 1.0}};{'d0': 0.024905832919416677};-280.569866449043;40.822953603596105
47185;-94.9964715482534;((x * (pow2(((x / _a1_) + (_a6_ * pow2(_a1_)))) / _a7_)) + (x * _a7_));{'d0': {'_a1_': 0.45245897260242623, '_a6_': 3.3675893184656025, '_a7_': 1.4465760893242692, '_a0_': 1.0, '_a2_': 1.0, '_a3_': 1.0, '_a4_': 1.0, '_a5_': 1.0}};{'d0': 0.02490583291941653};-280.569866449044;45.288461676268575
47186;-94.9964715482534;((x * (pow2(((x / _a1_) + (_a6_ * pow2(_a1_)))) / _a7_)) + (x * _a7_));{'d0': {'_a1_': 0.45245897260242623, '_a6_': 3.3675893184656025, '_a7_': 1.4465760893242692, '_a0_': 1.0, '_a2_': 1.0, '_a3_': 1.0, '_a4_': 1.0, '_a5_': 1.0}};{'d0': 0.02490583291941653};-280.569866449044;45.288461676268575
47187;-94.9964715482534;((x * (pow2(((x / _a1_) + (_a6_ * pow2(_a1_)))) / _a7_)) + (x * _a7_));{'d0': {'_a1_': 0.45245897260242623, '_a6_': 3.3675893184656025, '_a7_': 1.4465760893242692, '_a0_': 1.0, '_a2_': 1.0, '_a3_': 1.0, '_a4_': 1.0, '_a5_': 1.0}};{'d0': 0.02490583291941653};-280.569866449044;45.288461676268575
47188;-94.9964715482534;((x * (pow2(((x / _a1_) + (_a6_ * pow2(_a1_)))) / _a7_)) + (x * _a7_));{'d0': {'_a1_': 0.45245897260242623, '_a6_': 3.3675893184656025, '_a7_': 1.4465760893242692, '_a0_': 1.0, '_a2_': 1.0, '_a3_': 1.0, '_a4_': 1.0, '_a5_': 1.0}};{'d0': 0.02490583291941653};-280.569866449044;45.288461676268575
47189;-94.9964715482534;((x * (pow2(((x / _a1_) + (_a6_ * pow2(_a1_)))) / _a7_)) + (x * _a7_));{'d0': {'_a1_': 0.45245897260242623, '_a6_': 3.3675893184656025, '_a7_': 1.4465760893242692, '_a0_': 1.0, '_a2_': 1.0, '_a3_': 1.0, '_a4_': 1.0, '_a5_': 1.0}};{'d0': 0.02490583291941653};-280.569866449044;45.288461676268575
47190;-94.9964715482534;((x * (pow2(((x / _a1_) + (_a6_ * pow2(_a1_)))) / _a7_)) + (x * _a7_));{'d0': {'_a1_': 0.45245897260242623, '_a6_': 3.3675893184656025, '_a7_': 1.4465760893242692, '_a0_': 1.0, '_a2_': 1.0, '_a3_': 1.0, '_a4_': 1.0, '_a5_': 1.0}};{'d0': 0.02490583291941653};-280.569866449044;45.288461676268575
47191;-94.9964715482534;((x * (pow2(((x / _a1_) + (_a6_ * pow2(_a1_)))) / _a7_)) + (x * _a7_));{'d0': {'_a1_': 0.45245897260242623, '_a6_': 3.3675893184656025, '_a7_': 1.4465760893242692, '_a0_': 1.0, '_a2_': 1.0, '_a3_': 1.0, '_a4_': 1.0, '_a5_': 1.0}};{'d0': 0.02490583291941653};-280.569866449044;45.288461676268575
47192;-94.9964715482534;((x * (pow2(((x / _a1_) + (_a6_ * pow2(_a1_)))) / _a7_)) + (x * _a7_));{'d0': {'_a1_': 0.45245897260242623, '_a6_': 3.3675893184656025, '_a7_': 1.4465760893242692, '_a0_': 1.0, '_a2_': 1.0, '_a3_': 1.0, '_a4_': 1.0, '_a5_': 1.0}};{'d0': 0.02490583291941653};-280.569866449044;45.288461676268575
47193;-94.9130933073704;((x * (pow2(((x / _a1_) + (_a6_ * pow2(_a1_)))) + _a7_)) + (x * _a7_));{'d0': {'_a1_': 0.5441891093294431, '_a6_': 1.9355625028548546, '_a7_': 0.72328804467313, '_a0_': 1.0, '_a2_': 1.0, '_a3_': 1.0, '_a4_': 1.0, '_a5_': 1.0}};{'d0': 0.024905832919416674};-280.569866449043;45.37183991715138
47194;-94.9130933073704;((x * (pow2(((x / _a1_) + (_a6_ * pow2(_a1_)))) + _a7_)) + (x * _a7_));{'d0': {'_a1_': 0.5441891093294431, '_a6_': 1.9355625028548546, '_a7_': 0.72328804467313, '_a0_': 1.0, '_a2_': 1.0, '_a3_': 1.0, '_a4_': 1.0, '_a5_': 1.0}};{'d0': 0.024905832919416674};-280.569866449043;45.37183991715138
47195;-94.9130933073704;((x * (pow2(((x / _a1_) + (_a6_ * pow2(_a1_)))) + _a7_)) + (x * _a7_));{'d0': {'_a1_': 0.5441891093294431, '_a6_': 1.9355625028548546, '_a7_': 0.72328804467313, '_a0_': 1.0, '_a2_': 1.0, '_a3_': 1.0, '_a4_': 1.0, '_a5_': 1.0}};{'d0': 0.024905832919416674};-280.569866449043;45.37183991715138
47196;-94.9130933073704;((x * (pow2(((x / _a1_) + (_a6_ * pow2(_a1_)))) + _a7_)) + (x * _a7_));{'d0': {'_a1_': 0.5441891093294431, '_a6_': 1.9355625028548546, '_a7_': 0.72328804467313, '_a0_': 1.0, '_a2_': 1.0, '_a3_': 1.0, '_a4_': 1.0, '_a5_': 1.0}};{'d0': 0.024905832919416674};-280.569866449043;45.37183991715138
47197;-94.9130933073704;((x * (pow2(((x / _a1_) + (_a6_ * pow2(_a1_)))) + _a7_)) + (x * _a7_));{'d0': {'_a1_': 0.5441891093294431, '_a6_': 1.9355625028548546, '_a7_': 0.72328804467313, '_a0_': 1.0, '_a2_': 1.0, '_a3_': 1.0, '_a4_': 1.0, '_a5_': 1.0}};{'d0': 0.024905832919416674};-280.569866449043;45.37183991715138
47198;-94.9130933073704;((x * (pow2(((x / _a1_) + (_a6_ * pow2(_a1_)))) + _a7_)) + (x * _a7_));{'d0': {'_a1_': 0.5441891093294431, '_a6_': 1.9355625028548546, '_a7_': 0.72328804467313, '_a0_': 1.0, '_a2_': 1.0, '_a3_': 1.0, '_a4_': 1.0, '_a5_': 1.0}};{'d0': 0.024905832919416674};-280.569866449043;45.37183991715138
47199;-94.9130933073704;((x * (pow2(((x / _a1_) + (_a6_ * pow2(_a1_)))) + _a7_)) + (x * _a7_));{'d0': {'_a1_': 0.5441891093294431, '_a6_': 1.9355625028548546, '_a7_': 0.72328804467313, '_a0_': 1.0, '_a2_': 1.0, '_a3_': 1.0, '_a4_': 1.0, '_a5_': 1.0}};{'d0': 0.024905832919416674};-280.569866449043;45.37183991715138
47200;-94.9130933073704;((x * (pow2(((x / _a1_) + (_a6_ * pow2(_a1_)))) + _a7_)) + (x * _a7_));{'d0': {'_a1_': 0.5441891093294431, '_a6_': 1.9355625028548546, '_a7_': 0.72328804467313, '_a0_': 1.0, '_a2_': 1.0, '_a3_': 1.0, '_a4_': 1.0, '_a5_': 1.0}};{'d0': 0.024905832919416674};-280.569866449043;45.37183991715138
47201;-94.9130933073704;((x * (pow2(((x / _a1_) + (_a6_ * pow2(_a1_)))) + _a7_)) + (x * _a7_));{'d0': {'_a1_': 0.5441891093294431, '_a6_': 1.9355625028548546, '_a7_': 0.72328804467313, '_a0_': 1.0, '_a2_': 1.0, '_a3_': 1.0, '_a4_': 1.0, '_a5_': 1.0}};{'d0': 0.024905832919416674};-280.569866449043;45.37183991715138
47202;-94.9130933073704;((x * (pow2(((x / _a1_) + (_a6_ * pow2(_a1_)))) + _a7_)) + (x * _a7_));{'d0': {'_a1_': 0.5441891093294431, '_a6_': 1.9355625028548546, '_a7_': 0.72328804467313, '_a0_': 1.0, '_a2_': 1.0, '_a3_': 1.0, '_a4_': 1.0, '_a5_': 1.0}};{'d0': 0.024905832919416674};-280.569866449043;45.37183991715138
47203;-99.0519875162727;((_a3_ * x) * ((pow2((x + (x + _a0_))) * _a0_) + log(_a1_)));{'d0': {'_a0_': 0.6238594154685515, '_a1_': 2.9125372294755154, '_a3_': 1.35317380626638, '_a2_': 1.0, '_a4_': 1.0, '_a5_': 1.0, '_a6_': 1.0, '_a7_': 1.0}};{'d0': 0.024905832919416705};-280.569866449043;41.232945708249105
47204;-99.0519875162727;((_a3_ * x) * ((pow2((x + (x + _a0_))) * _a0_) + log(_a1_)));{'d0': {'_a0_': 0.6238594154685515, '_a1_': 2.9125372294755154, '_a3_': 1.35317380626638, '_a2_': 1.0, '_a4_': 1.0, '_a5_': 1.0, '_a6_': 1.0, '_a7_': 1.0}};{'d0': 0.024905832919416705};-280.569866449043;41.232945708249105
47205;-102.925416279134;((_a3_ * x) * ((pow2((x + _a2_)) * _a0_) + log(_a1_)));{'d0': {'_a0_': 2.040071933240802, '_a1_': 2.3963570101797855, '_a2_': 0.31192970783088414, '_a3_': 1.655216286115095, '_a4_': 1.0, '_a5_': 1.0, '_a6_': 1.0, '_a7_': 1.0}};{'d0': 0.02490583292361551};-276.475521876706;35.31234465921911
47206;-102.925416279134;((_a3_ * x) * ((pow2((x + _a2_)) * _a0_) + log(_a1_)));{'d0': {'_a0_': 2.040071933240802, '_a1_': 2.3963570101797855, '_a2_': 0.31192970783088414, '_a3_': 1.655216286115095, '_a4_': 1.0, '_a5_': 1.0, '_a6_': 1.0, '_a7_': 1.0}};{'d0': 0.02490583292361551};-276.475521876706;35.31234465921911
47207;-102.925416279134;((_a3_ * x) * ((pow2((x + _a2_)) * _a0_) + log(_a1_)));{'d0': {'_a0_': 2.040071933240802, '_a1_': 2.3963570101797855, '_a2_': 0.31192970783088414, '_a3_': 1.655216286115095, '_a4_': 1.0, '_a5_': 1.0, '_a6_': 1.0, '_a7_': 1.0}};{'d0': 0.02490583292361551};-276.475521876706;35.31234465921911
47208;-102.925416279134;((_a3_ * x) * ((pow2((x + _a2_)) * _a0_) + log(_a1_)));{'d0': {'_a0_': 2.040071933240802, '_a1_': 2.3963570101797855, '_a2_': 0.31192970783088414, '_a3_': 1.655216286115095, '_a4_': 1.0, '_a5_': 1.0, '_a6_': 1.0, '_a7_': 1.0}};{'d0': 0.02490583292361551};-276.475521876706;35.31234465921911
47209;-102.925416279134;((_a3_ * x) * ((pow2((x + _a2_)) * _a0_) + log(_a1_)));{'d0': {'_a0_': 2.040071933240802, '_a1_': 2.3963570101797855, '_a2_': 0.31192970783088414, '_a3_': 1.655216286115095, '_a4_': 1.0, '_a5_': 1.0, '_a6_': 1.0, '_a7_': 1.0}};{'d0': 0.02490583292361551};-276.475521876706;35.31234465921911
47210;-94.9130933073704;((x * (pow2(((x / _a1_) + (_a6_ * pow2(_a1_)))) + _a7_)) + (x * _a7_));{'d0': {'_a1_': 0.5441891093294431, '_a6_': 1.9355625028548546, '_a7_': 0.72328804467313, '_a0_': 1.0, '_a2_': 1.0, '_a3_': 1.0, '_a4_': 1.0, '_a5_': 1.0}};{'d0': 0.024905832919416674};-280.569866449043;45.37183991715138
47211;-95.8843544309435;((x * (pow2(((x / _a1_) + (_a6_ * pow2(_a1_)))) * _a7_)) + (x * _a7_));{'d0': {'_a1_': 0.6545163316217377, '_a6_': 1.1124878472417223, '_a7_': 1.4465760900601874, '_a0_': 1.0, '_a2_': 1.0, '_a3_': 1.0, '_a4_': 1.0, '_a5_': 1.0}};{'d0': 0.024905832919416594};-280.569866449044;44.400578793578376
47212;-95.8843544309435;((x * (pow2(((x / _a1_) + (_a6_ * pow2(_a1_)))) * _a7_)) + (x * _a7_));{'d0': {'_a1_': 0.6545163316217377, '_a6_': 1.1124878472417223, '_a7_': 1.4465760900601874, '_a0_': 1.0, '_a2_': 1.0, '_a3_': 1.0, '_a4_': 1.0, '_a5_': 1.0}};{'d0': 0.024905832919416594};-280.569866449044;44.400578793578376
47213;-95.8843544309435;((x * (pow2(((x / _a1_) + (_a6_ * pow2(_a1_)))) * _a7_)) + (x * _a7_));{'d0': {'_a1_': 0.6545163316217377, '_a6_': 1.1124878472417223, '_a7_': 1.4465760900601874, '_a0_': 1.0, '_a2_': 1.0, '_a3_': 1.0, '_a4_': 1.0, '_a5_': 1.0}};{'d0': 0.024905832919416594};-280.569866449044;44.400578793578376
47214;-95.8843544309435;((x * (pow2(((x / _a1_) + (_a6_ * pow2(_a1_)))) * _a7_)) + (x * _a7_));{'d0': {'_a1_': 0.6545163316217377, '_a6_': 1.1124878472417223, '_a7_': 1.4465760900601874, '_a0_': 1.0, '_a2_': 1.0, '_a3_': 1.0, '_a4_': 1.0, '_a5_': 1.0}};{'d0': 0.024905832919416594};-280.569866449044;44.400578793578376
47215;-95.8843544309435;((x * (pow2(((x / _a1_) + (_a6_ * pow2(_a1_)))) * _a7_)) + (x * _a7_));{'d0': {'_a1_': 0.6545163316217377, '_a6_': 1.1124878472417223, '_a7_': 1.4465760900601874, '_a0_': 1.0, '_a2_': 1.0, '_a3_': 1.0, '_a4_': 1.0, '_a5_': 1.0}};{'d0': 0.024905832919416594};-280.569866449044;44.400578793578376
47216;-95.8843544309435;((x * (pow2(((x / _a1_) + (_a6_ * pow2(_a1_)))) * _a7_)) + (x * _a7_));{'d0': {'_a1_': 0.6545163316217377, '_a6_': 1.1124878472417223, '_a7_': 1.4465760900601874, '_a0_': 1.0, '_a2_': 1.0, '_a3_': 1.0, '_a4_': 1.0, '_a5_': 1.0}};{'d0': 0.024905832919416594};-280.569866449044;44.400578793578376
47217;-95.8843544309435;((x * (pow2(((x / _a1_) + (_a6_ * pow2(_a1_)))) * _a7_)) + (x * _a7_));{'d0': {'_a1_': 0.6545163316217377, '_a6_': 1.1124878472417223, '_a7_': 1.4465760900601874, '_a0_': 1.0, '_a2_': 1.0, '_a3_': 1.0, '_a4_': 1.0, '_a5_': 1.0}};{'d0': 0.024905832919416594};-280.569866449044;44.400578793578376
47218;-95.8843544309435;((x * (pow2(((x / _a1_) + (_a6_ * pow2(_a1_)))) * _a7_)) + (x * _a7_));{'d0': {'_a1_': 0.6545163316217377, '_a6_': 1.1124878472417223, '_a7_': 1.4465760900601874, '_a0_': 1.0, '_a2_': 1.0, '_a3_': 1.0, '_a4_': 1.0, '_a5_': 1.0}};{'d0': 0.024905832919416594};-280.569866449044;44.400578793578376
47219;-95.8843544309435;((x * (pow2(((x / _a1_) + (_a6_ * pow2(_a1_)))) * _a7_)) + (x * _a7_));{'d0': {'_a1_': 0.6545163316217377, '_a6_': 1.1124878472417223, '_a7_': 1.4465760900601874, '_a0_': 1.0, '_a2_': 1.0, '_a3_': 1.0, '_a4_': 1.0, '_a5_': 1.0}};{'d0': 0.024905832919416594};-280.569866449044;44.400578793578376
47220;-95.8843544309435;((x * (pow2(((x / _a1_) + (_a6_ * pow2(_a1_)))) * _a7_)) + (x * _a7_));{'d0': {'_a1_': 0.6545163316217377, '_a6_': 1.1124878472417223, '_a7_': 1.4465760900601874, '_a0_': 1.0, '_a2_': 1.0, '_a3_': 1.0, '_a4_': 1.0, '_a5_': 1.0}};{'d0': 0.024905832919416594};-280.569866449044;44.400578793578376
47221;-95.8843544309435;((x * (pow2(((x / _a1_) + (_a6_ * pow2(_a1_)))) * _a7_)) + (x * _a7_));{'d0': {'_a1_': 0.6545163316217377, '_a6_': 1.1124878472417223, '_a7_': 1.4465760900601874, '_a0_': 1.0, '_a2_': 1.0, '_a3_': 1.0, '_a4_': 1.0, '_a5_': 1.0}};{'d0': 0.024905832919416594};-280.569866449044;44.400578793578376
47222;-95.8843544309435;((x * (pow2(((x / _a1_) + (_a6_ * pow2(_a1_)))) * _a7_)) + (x * _a7_));{'d0': {'_a1_': 0.6545163316217377, '_a6_': 1.1124878472417223, '_a7_': 1.4465760900601874, '_a0_': 1.0, '_a2_': 1.0, '_a3_': 1.0, '_a4_': 1.0, '_a5_': 1.0}};{'d0': 0.024905832919416594};-280.569866449044;44.400578793578376
47223;-95.8843544309435;((x * (pow2(((x / _a1_) + (_a6_ * pow2(_a1_)))) * _a7_)) + (x * _a7_));{'d0': {'_a1_': 0.6545163316217377, '_a6_': 1.1124878472417223, '_a7_': 1.4465760900601874, '_a0_': 1.0, '_a2_': 1.0, '_a3_': 1.0, '_a4_': 1.0, '_a5_': 1.0}};{'d0': 0.024905832919416594};-280.569866449044;44.400578793578376
47224;-95.8843544309435;((x * (pow2(((x / _a1_) + (_a6_ * pow2(_a1_)))) * _a7_)) + (x * _a7_));{'d0': {'_a1_': 0.6545163316217377, '_a6_': 1.1124878472417223, '_a7_': 1.4465760900601874, '_a0_': 1.0, '_a2_': 1.0, '_a3_': 1.0, '_a4_': 1.0, '_a5_': 1.0}};{'d0': 0.024905832919416594};-280.569866449044;44.400578793578376
47225;-95.8843544309435;((x * (pow2(((x / _a1_) + (_a6_ * pow2(_a1_)))) * _a7_)) + (x * _a7_));{'d0': {'_a1_': 0.6545163316217377, '_a6_': 1.1124878472417223, '_a7_': 1.4465760900601874, '_a0_': 1.0, '_a2_': 1.0, '_a3_': 1.0, '_a4_': 1.0, '_a5_': 1.0}};{'d0': 0.024905832919416594};-280.569866449044;44.400578793578376
47226;-95.8843544309435;((x * (pow2(((x / _a1_) + (_a6_ * pow2(_a1_)))) * _a7_)) + (x * _a7_));{'d0': {'_a1_': 0.6545163316217377, '_a6_': 1.1124878472417223, '_a7_': 1.4465760900601874, '_a0_': 1.0, '_a2_': 1.0, '_a3_': 1.0, '_a4_': 1.0, '_a5_': 1.0}};{'d0': 0.024905832919416594};-280.569866449044;44.400578793578376
47227;-95.8843544309434;((x * (pow2(((x / _a1_) + (_a0_ * pow2(_a1_)))) * _a7_)) + (x * _a7_));{'d0': {'_a0_': 1.1124878478262852, '_a1_': 0.6545163315181589, '_a7_': 1.4465760899232054, '_a2_': 1.0, '_a3_': 1.0, '_a4_': 1.0, '_a5_': 1.0, '_a6_': 1.0}};{'d0': 0.02490583291941662};-280.569866449044;44.400578793578376
47228;-95.8843544309434;((x * (pow2(((x / _a1_) + (_a0_ * pow2(_a1_)))) * _a7_)) + (x * _a7_));{'d0': {'_a0_': 1.1124878478262852, '_a1_': 0.6545163315181589, '_a7_': 1.4465760899232054, '_a2_': 1.0, '_a3_': 1.0, '_a4_': 1.0, '_a5_': 1.0, '_a6_': 1.0}};{'d0': 0.02490583291941662};-280.569866449044;44.400578793578376
47229;-95.8843544309434;((x * (pow2(((x / _a1_) + (_a0_ * pow2(_a1_)))) * _a0_)) + (x * _a7_));{'d0': {'_a0_': 1.3023355027148833, '_a1_': 0.6210281497059655, '_a7_': 1.4465760892673007, '_a2_': 1.0, '_a3_': 1.0, '_a4_': 1.0, '_a5_': 1.0, '_a6_': 1.0}};{'d0': 0.02490583291941665};-280.569866449044;44.400578793578376
47230;-95.8843544309434;((x * (pow2(((x / _a1_) + (_a0_ * pow2(_a1_)))) * _a0_)) + (x * _a7_));{'d0': {'_a0_': 1.3023355027148833, '_a1_': 0.6210281497059655, '_a7_': 1.4465760892673007, '_a2_': 1.0, '_a3_': 1.0, '_a4_': 1.0, '_a5_': 1.0, '_a6_': 1.0}};{'d0': 0.02490583291941665};-280.569866449044;44.400578793578376
47231;-95.8843544309434;((x * (pow2(((x / _a1_) + (_a0_ * pow2(_a1_)))) * _a0_)) + (x * _a7_));{'d0': {'_a0_': 1.3023355027148833, '_a1_': 0.6210281497059655, '_a7_': 1.4465760892673007, '_a2_': 1.0, '_a3_': 1.0, '_a4_': 1.0, '_a5_': 1.0, '_a6_': 1.0}};{'d0': 0.02490583291941665};-280.569866449044;44.400578793578376
47232;-95.8843544309434;((x * (pow2(((x / _a1_) + (_a0_ * pow2(_a1_)))) * _a0_)) + (x * _a7_));{'d0': {'_a0_': 1.3023355027148833, '_a1_': 0.6210281497059655, '_a7_': 1.4465760892673007, '_a2_': 1.0, '_a3_': 1.0, '_a4_': 1.0, '_a5_': 1.0, '_a6_': 1.0}};{'d0': 0.02490583291941665};-280.569866449044;44.400578793578376
47233;-95.8843544309434;((x * (pow2(((x / _a1_) + (_a0_ * pow2(_a1_)))) * _a0_)) + (x * _a7_));{'d0': {'_a0_': 1.3023355027148833, '_a1_': 0.6210281497059655, '_a7_': 1.4465760892673007, '_a2_': 1.0, '_a3_': 1.0, '_a4_': 1.0, '_a5_': 1.0, '_a6_': 1.0}};{'d0': 0.02490583291941665};-280.569866449044;44.400578793578376
47234;-95.8843544309434;((x * (pow2(((x / _a1_) + (_a0_ * pow2(_a1_)))) * _a0_)) + (x * _a7_));{'d0': {'_a0_': 1.3023355027148833, '_a1_': 0.6210281497059655, '_a7_': 1.4465760892673007, '_a2_': 1.0, '_a3_': 1.0, '_a4_': 1.0, '_a5_': 1.0, '_a6_': 1.0}};{'d0': 0.02490583291941665};-280.569866449044;44.400578793578376
47235;-95.8843544309434;((x * (pow2(((x / _a1_) + (_a0_ * pow2(_a1_)))) * _a0_)) + (x * _a7_));{'d0': {'_a0_': 1.3023355027148833, '_a1_': 0.6210281497059655, '_a7_': 1.4465760892673007, '_a2_': 1.0, '_a3_': 1.0, '_a4_': 1.0, '_a5_': 1.0, '_a6_': 1.0}};{'d0': 0.02490583291941665};-280.569866449044;44.400578793578376
47236;-95.8843544309434;((x * (pow2(((x / _a1_) + (_a0_ * pow2(_a1_)))) * _a0_)) + (x * _a7_));{'d0': {'_a0_': 1.3023355027148833, '_a1_': 0.6210281497059655, '_a7_': 1.4465760892673007, '_a2_': 1.0, '_a3_': 1.0, '_a4_': 1.0, '_a5_': 1.0, '_a6_': 1.0}};{'d0': 0.02490583291941665};-280.569866449044;44.400578793578376
47237;-95.8843544309434;((x * (pow2(((x / _a1_) + (_a0_ * pow2(_a1_)))) * _a0_)) + (x * _a7_));{'d0': {'_a0_': 1.3023355027148833, '_a1_': 0.6210281497059655, '_a7_': 1.4465760892673007, '_a2_': 1.0, '_a3_': 1.0, '_a4_': 1.0, '_a5_': 1.0, '_a6_': 1.0}};{'d0': 0.02490583291941665};-280.569866449044;44.400578793578376
47238;-95.8843544309434;((x * (pow2(((x / _a1_) + (_a0_ * pow2(_a1_)))) * _a0_)) + (x * _a7_));{'d0': {'_a0_': 1.3023355027148833, '_a1_': 0.6210281497059655, '_a7_': 1.4465760892673007, '_a2_': 1.0, '_a3_': 1.0, '_a4_': 1.0, '_a5_': 1.0, '_a6_': 1.0}};{'d0': 0.02490583291941665};-280.569866449044;44.400578793578376
47239;-95.8843544309434;((x * (pow2(((x / _a1_) + (_a0_ * pow2(_a1_)))) * _a0_)) + (x * _a7_));{'d0': {'_a0_': 1.3023355027148833, '_a1_': 0.6210281497059655, '_a7_': 1.4465760892673007, '_a2_': 1.0, '_a3_': 1.0, '_a4_': 1.0, '_a5_': 1.0, '_a6_': 1.0}};{'d0': 0.02490583291941665};-280.569866449044;44.400578793578376
47240;-95.8843544309434;((x * (pow2(((x / _a1_) + (_a0_ * pow2(_a1_)))) * _a0_)) + (x * _a7_));{'d0': {'_a0_': 1.3023355027148833, '_a1_': 0.6210281497059655, '_a7_': 1.4465760892673007, '_a2_': 1.0, '_a3_': 1.0, '_a4_': 1.0, '_a5_': 1.0, '_a6_': 1.0}};{'d0': 0.02490583291941665};-280.569866449044;44.400578793578376
47241;-95.8843544309434;((x * (pow2(((x / _a1_) + (_a0_ * pow2(_a1_)))) * _a0_)) + (x * _a7_));{'d0': {'_a0_': 1.3023355027148833, '_a1_': 0.6210281497059655, '_a7_': 1.4465760892673007, '_a2_': 1.0, '_a3_': 1.0, '_a4_': 1.0, '_a5_': 1.0, '_a6_': 1.0}};{'d0': 0.02490583291941665};-280.569866449044;44.400578793578376
47242;-95.8843544309434;((x * (pow2(((x / _a1_) + (_a0_ * pow2(_a1_)))) * _a0_)) + (x * _a7_));{'d0': {'_a0_': 1.3023355027148833, '_a1_': 0.6210281497059655, '_a7_': 1.4465760892673007, '_a2_': 1.0, '_a3_': 1.0, '_a4_': 1.0, '_a5_': 1.0, '_a6_': 1.0}};{'d0': 0.02490583291941665};-280.569866449044;44.400578793578376
47243;-95.8843544309434;((x * (pow2(((x / _a1_) + (_a0_ * pow2(_a1_)))) * _a0_)) + (x * _a7_));{'d0': {'_a0_': 1.3023355027148833, '_a1_': 0.6210281497059655, '_a7_': 1.4465760892673007, '_a2_': 1.0, '_a3_': 1.0, '_a4_': 1.0, '_a5_': 1.0, '_a6_': 1.0}};{'d0': 0.02490583291941665};-280.569866449044;44.400578793578376
47244;-95.8843544309434;((x * (pow2(((x / _a1_) + (_a0_ * pow2(_a1_)))) * _a0_)) + (x * _a7_));{'d0': {'_a0_': 1.3023355027148833, '_a1_': 0.6210281497059655, '_a7_': 1.4465760892673007, '_a2_': 1.0, '_a3_': 1.0, '_a4_': 1.0, '_a5_': 1.0, '_a6_': 1.0}};{'d0': 0.02490583291941665};-280.569866449044;44.400578793578376
47245;-95.8843544309434;((x * (pow2(((x / _a1_) + (_a0_ * pow2(_a1_)))) * _a0_)) + (x * _a7_));{'d0': {'_a0_': 1.3023355027148833, '_a1_': 0.6210281497059655, '_a7_': 1.4465760892673007, '_a2_': 1.0, '_a3_': 1.0, '_a4_': 1.0, '_a5_': 1.0, '_a6_': 1.0}};{'d0': 0.02490583291941665};-280.569866449044;44.400578793578376
47246;-104.549616141360;-(((_a7_ + (((x + _a2_) / _a2_) * (_a4_ * x))) * x));{'d0': {'_a2_': 0.623859415580609, '_a4_': -2.1066240678965324, '_a7_': -1.7751354043644318, '_a0_': 1.0, '_a1_': 1.0, '_a3_': 1.0, '_a5_': 1.0, '_a6_': 1.0}};{'d0': 0.024905832919416646};-280.569866449044;35.735317083161775
47247;-104.549616141360;-(((_a7_ + (((x + _a2_) / _a2_) * (_a4_ * x))) * x));{'d0': {'_a2_': 0.623859415580609, '_a4_': -2.1066240678965324, '_a7_': -1.7751354043644318, '_a0_': 1.0, '_a1_': 1.0, '_a3_': 1.0, '_a5_': 1.0, '_a6_': 1.0}};{'d0': 0.024905832919416646};-280.569866449044;35.735317083161775
47248;-104.549616141360;-(((_a7_ + (((x + _a2_) / _a2_) * (_a4_ * x))) * x));{'d0': {'_a2_': 0.623859415580609, '_a4_': -2.1066240678965324, '_a7_': -1.7751354043644318, '_a0_': 1.0, '_a1_': 1.0, '_a3_': 1.0, '_a5_': 1.0, '_a6_': 1.0}};{'d0': 0.024905832919416646};-280.569866449044;35.735317083161775
47249;-104.549616141360;-(((_a7_ + (((x + _a2_) / _a2_) * (_a4_ * x))) * x));{'d0': {'_a2_': 0.623859415580609, '_a4_': -2.1066240678965324, '_a7_': -1.7751354043644318, '_a0_': 1.0, '_a1_': 1.0, '_a3_': 1.0, '_a5_': 1.0, '_a6_': 1.0}};{'d0': 0.024905832919416646};-280.569866449044;35.735317083161775
47250;-95.8843544309434;((x * (pow2(((x / _a1_) + (_a0_ * pow2(_a1_)))) * _a0_)) + (x * _a7_));{'d0': {'_a0_': 1.3023355027148833, '_a1_': 0.6210281497059655, '_a7_': 1.4465760892673007, '_a2_': 1.0, '_a3_': 1.0, '_a4_': 1.0, '_a5_': 1.0, '_a6_': 1.0}};{'d0': 0.02490583291941665};-280.569866449044;44.400578793578376
47251;-95.8843544309434;((x * (pow2(((x / _a1_) + (_a0_ * pow2(_a1_)))) * _a0_)) + (x * _a7_));{'d0': {'_a0_': 1.3023355027148833, '_a1_': 0.6210281497059655, '_a7_': 1.4465760892673007, '_a2_': 1.0, '_a3_': 1.0, '_a4_': 1.0, '_a5_': 1.0, '_a6_': 1.0}};{'d0': 0.02490583291941665};-280.569866449044;44.400578793578376
47252;-95.8843544309434;((x * (pow2(((x / _a1_) + (_a0_ * pow2(_a1_)))) * _a0_)) + (x * _a7_));{'d0': {'_a0_': 1.3023355027148833, '_a1_': 0.6210281497059655, '_a7_': 1.4465760892673007, '_a2_': 1.0, '_a3_': 1.0, '_a4_': 1.0, '_a5_': 1.0, '_a6_': 1.0}};{'d0': 0.02490583291941665};-280.569866449044;44.400578793578376
47253;-95.8843544309434;((x * (pow2(((x / _a1_) + (_a0_ * pow2(_a1_)))) * _a0_)) + (x * _a7_));{'d0': {'_a0_': 1.3023355027148833, '_a1_': 0.6210281497059655, '_a7_': 1.4465760892673007, '_a2_': 1.0, '_a3_': 1.0, '_a4_': 1.0, '_a5_': 1.0, '_a6_': 1.0}};{'d0': 0.02490583291941665};-280.569866449044;44.400578793578376
47254;-95.8843544309434;((x * (pow2(((x / _a1_) + (_a0_ * pow2(_a1_)))) * _a0_)) + (x * _a7_));{'d0': {'_a0_': 1.3023355027148833, '_a1_': 0.6210281497059655, '_a7_': 1.4465760892673007, '_a2_': 1.0, '_a3_': 1.0, '_a4_': 1.0, '_a5_': 1.0, '_a6_': 1.0}};{'d0': 0.02490583291941665};-280.569866449044;44.400578793578376
47255;-95.8843544309434;((x * (pow2(((x / _a1_) + (_a0_ * pow2(_a1_)))) * _a0_)) + (x * _a7_));{'d0': {'_a0_': 1.3023355027148833, '_a1_': 0.6210281497059655, '_a7_': 1.4465760892673007, '_a2_': 1.0, '_a3_': 1.0, '_a4_': 1.0, '_a5_': 1.0, '_a6_': 1.0}};{'d0': 0.02490583291941665};-280.569866449044;44.400578793578376
47256;-104.549616141360;-(((_a7_ + (((x + _a2_) / _a2_) * (_a4_ * x))) * x));{'d0': {'_a2_': 0.623859415580609, '_a4_': -2.1066240678965324, '_a7_': -1.7751354043644318, '_a0_': 1.0, '_a1_': 1.0, '_a3_': 1.0, '_a5_': 1.0, '_a6_': 1.0}};{'d0': 0.024905832919416646};-280.569866449044;35.735317083161775
47257;-104.549616141360;-(((_a7_ + (((x + _a2_) / _a2_) * (_a4_ * x))) * x));{'d0': {'_a2_': 0.623859415580609, '_a4_': -2.1066240678965324, '_a7_': -1.7751354043644318, '_a0_': 1.0, '_a1_': 1.0, '_a3_': 1.0, '_a5_': 1.0, '_a6_': 1.0}};{'d0': 0.024905832919416646};-280.569866449044;35.735317083161775
47258;-104.549616141360;-(((_a7_ + (((x + _a2_) / _a2_) * (_a4_ * x))) * x));{'d0': {'_a2_': 0.623859415580609, '_a4_': -2.1066240678965324, '_a7_': -1.7751354043644318, '_a0_': 1.0, '_a1_': 1.0, '_a3_': 1.0, '_a5_': 1.0, '_a6_': 1.0}};{'d0': 0.024905832919416646};-280.569866449044;35.735317083161775
47259;-104.549616141360;-(((_a7_ + (((x + _a2_) / _a2_) * (_a4_ * x))) * x));{'d0': {'_a2_': 0.623859415580609, '_a4_': -2.1066240678965324, '_a7_': -1.7751354043644318, '_a0_': 1.0, '_a1_': 1.0, '_a3_': 1.0, '_a5_': 1.0, '_a6_': 1.0}};{'d0': 0.024905832919416646};-280.569866449044;35.735317083161775
47260;-104.549616141360;-(((_a7_ + (((x + _a2_) / _a2_) * (_a4_ * x))) * x));{'d0': {'_a2_': 0.623859415580609, '_a4_': -2.1066240678965324, '_a7_': -1.7751354043644318, '_a0_': 1.0, '_a1_': 1.0, '_a3_': 1.0, '_a5_': 1.0, '_a6_': 1.0}};{'d0': 0.024905832919416646};-280.569866449044;35.735317083161775
47261;-104.549616141360;-(((_a7_ + (((x + _a2_) / _a2_) * (_a4_ * x))) * x));{'d0': {'_a2_': 0.623859415580609, '_a4_': -2.1066240678965324, '_a7_': -1.7751354043644318, '_a0_': 1.0, '_a1_': 1.0, '_a3_': 1.0, '_a5_': 1.0, '_a6_': 1.0}};{'d0': 0.024905832919416646};-280.569866449044;35.735317083161775
47262;-104.549616141360;-(((_a7_ + (((x + _a2_) / _a2_) * (_a4_ * x))) * x));{'d0': {'_a2_': 0.623859415580609, '_a4_': -2.1066240678965324, '_a7_': -1.7751354043644318, '_a0_': 1.0, '_a1_': 1.0, '_a3_': 1.0, '_a5_': 1.0, '_a6_': 1.0}};{'d0': 0.024905832919416646};-280.569866449044;35.735317083161775
47263;-104.549616141360;-(((_a7_ + (((x + _a2_) / _a2_) * (_a4_ * x))) * x));{'d0': {'_a2_': 0.623859415580609, '_a4_': -2.1066240678965324, '_a7_': -1.7751354043644318, '_a0_': 1.0, '_a1_': 1.0, '_a3_': 1.0, '_a5_': 1.0, '_a6_': 1.0}};{'d0': 0.024905832919416646};-280.569866449044;35.735317083161775
47264;-104.429306858732;-(((_a7_ + (((x + _a2_) + _a2_) * (_a4_ * x))) * x));{'d0': {'_a2_': 0.31192970775198536, '_a4_': -3.3767608791183386, '_a7_': -1.7751354040419387, '_a0_': 1.0, '_a1_': 1.0, '_a3_': 1.0, '_a5_': 1.0, '_a6_': 1.0}};{'d0': 0.02490583291941661};-280.569866449044;35.85562636578938
47265;-104.429306858732;-(((_a7_ + (((x + _a2_) + _a2_) * (_a4_ * x))) * x));{'d0': {'_a2_': 0.31192970775198536, '_a4_': -3.3767608791183386, '_a7_': -1.7751354040419387, '_a0_': 1.0, '_a1_': 1.0, '_a3_': 1.0, '_a5_': 1.0, '_a6_': 1.0}};{'d0': 0.02490583291941661};-280.569866449044;35.85562636578938
47266;-104.429306858732;-(((_a7_ + (((x + _a2_) + _a2_) * (_a4_ * x))) * x));{'d0': {'_a2_': 0.31192970775198536, '_a4_': -3.3767608791183386, '_a7_': -1.7751354040419387, '_a0_': 1.0, '_a1_': 1.0, '_a3_': 1.0, '_a5_': 1.0, '_a6_': 1.0}};{'d0': 0.02490583291941661};-280.569866449044;35.85562636578938
47267;-104.429306858732;-(((_a7_ + (((x + _a2_) + _a2_) * (_a4_ * x))) * x));{'d0': {'_a2_': 0.31192970775198536, '_a4_': -3.3767608791183386, '_a7_': -1.7751354040419387, '_a0_': 1.0, '_a1_': 1.0, '_a3_': 1.0, '_a5_': 1.0, '_a6_': 1.0}};{'d0': 0.02490583291941661};-280.569866449044;35.85562636578938
47268;-104.429306858732;-(((_a7_ + (((x + _a2_) + _a2_) * (_a4_ * x))) * x));{'d0': {'_a2_': 0.31192970775198536, '_a4_': -3.3767608791183386, '_a7_': -1.7751354040419387, '_a0_': 1.0, '_a1_': 1.0, '_a3_': 1.0, '_a5_': 1.0, '_a6_': 1.0}};{'d0': 0.02490583291941661};-280.569866449044;35.85562636578938
47269;-104.429306858732;-(((_a7_ + (((x + _a2_) + _a2_) * (_a4_ * x))) * x));{'d0': {'_a2_': 0.31192970775198536, '_a4_': -3.3767608791183386, '_a7_': -1.7751354040419387, '_a0_': 1.0, '_a1_': 1.0, '_a3_': 1.0, '_a5_': 1.0, '_a6_': 1.0}};{'d0': 0.02490583291941661};-280.569866449044;35.85562636578938
47270;-104.429306858732;-(((_a7_ + (((x + _a2_) + _a2_) * (_a4_ * x))) * x));{'d0': {'_a2_': 0.31192970775198536, '_a4_': -3.3767608791183386, '_a7_': -1.7751354040419387, '_a0_': 1.0, '_a1_': 1.0, '_a3_': 1.0, '_a5_': 1.0, '_a6_': 1.0}};{'d0': 0.02490583291941661};-280.569866449044;35.85562636578938
47271;-104.429306858732;-(((_a7_ + (((x + _a2_) + _a2_) * (_a4_ * x))) * x));{'d0': {'_a2_': 0.31192970775198536, '_a4_': -3.3767608791183386, '_a7_': -1.7751354040419387, '_a0_': 1.0, '_a1_': 1.0, '_a3_': 1.0, '_a5_': 1.0, '_a6_': 1.0}};{'d0': 0.02490583291941661};-280.569866449044;35.85562636578938
47272;-104.429306858732;-(((_a7_ + (((x + _a2_) + _a2_) * (_a4_ * x))) * x));{'d0': {'_a2_': 0.31192970775198536, '_a4_': -3.3767608791183386, '_a7_': -1.7751354040419387, '_a0_': 1.0, '_a1_': 1.0, '_a3_': 1.0, '_a5_': 1.0, '_a6_': 1.0}};{'d0': 0.02490583291941661};-280.569866449044;35.85562636578938
47273;-104.429306858732;-(((_a7_ + (((x + _a2_) + _a2_) * (_a4_ * x))) * x));{'d0': {'_a2_': 0.31192970775198536, '_a4_': -3.3767608791183386, '_a7_': -1.7751354040419387, '_a0_': 1.0, '_a1_': 1.0, '_a3_': 1.0, '_a5_': 1.0, '_a6_': 1.0}};{'d0': 0.02490583291941661};-280.569866449044;35.85562636578938
47274;-104.429306858732;-(((_a7_ + (((x + _a2_) + _a2_) * (_a4_ * x))) * x));{'d0': {'_a2_': 0.31192970775198536, '_a4_': -3.3767608791183386, '_a7_': -1.7751354040419387, '_a0_': 1.0, '_a1_': 1.0, '_a3_': 1.0, '_a5_': 1.0, '_a6_': 1.0}};{'d0': 0.02490583291941661};-280.569866449044;35.85562636578938
47275;-104.429306858732;-(((_a7_ + (((x + _a2_) + _a2_) * (_a4_ * x))) * x));{'d0': {'_a2_': 0.31192970775198536, '_a4_': -3.3767608791183386, '_a7_': -1.7751354040419387, '_a0_': 1.0, '_a1_': 1.0, '_a3_': 1.0, '_a5_': 1.0, '_a6_': 1.0}};{'d0': 0.02490583291941661};-280.569866449044;35.85562636578938
47276;-104.429306858732;-(((_a7_ + (((x + _a2_) + _a2_) * (_a4_ * x))) * x));{'d0': {'_a2_': 0.31192970775198536, '_a4_': -3.3767608791183386, '_a7_': -1.7751354040419387, '_a0_': 1.0, '_a1_': 1.0, '_a3_': 1.0, '_a5_': 1.0, '_a6_': 1.0}};{'d0': 0.02490583291941661};-280.569866449044;35.85562636578938
47277;-104.429306858732;-(((_a7_ + (((x + _a2_) + _a2_) * (_a4_ * x))) * x));{'d0': {'_a2_': 0.31192970775198536, '_a4_': -3.3767608791183386, '_a7_': -1.7751354040419387, '_a0_': 1.0, '_a1_': 1.0, '_a3_': 1.0, '_a5_': 1.0, '_a6_': 1.0}};{'d0': 0.02490583291941661};-280.569866449044;35.85562636578938
47278;-104.429306858732;-(((_a7_ + (((x + _a2_) + _a2_) * (_a4_ * x))) * x));{'d0': {'_a2_': 0.31192970775198536, '_a4_': -3.3767608791183386, '_a7_': -1.7751354040419387, '_a0_': 1.0, '_a1_': 1.0, '_a3_': 1.0, '_a5_': 1.0, '_a6_': 1.0}};{'d0': 0.02490583291941661};-280.569866449044;35.85562636578938
47279;-104.429306858732;-(((_a7_ + (((x + _a2_) + _a2_) * (_a4_ * x))) * x));{'d0': {'_a2_': 0.31192970775198536, '_a4_': -3.3767608791183386, '_a7_': -1.7751354040419387, '_a0_': 1.0, '_a1_': 1.0, '_a3_': 1.0, '_a5_': 1.0, '_a6_': 1.0}};{'d0': 0.02490583291941661};-280.569866449044;35.85562636578938
47280;-104.429306858732;-(((_a7_ + (((x + _a2_) + _a2_) * (_a4_ * x))) * x));{'d0': {'_a2_': 0.31192970775198536, '_a4_': -3.3767608791183386, '_a7_': -1.7751354040419387, '_a0_': 1.0, '_a1_': 1.0, '_a3_': 1.0, '_a5_': 1.0, '_a6_': 1.0}};{'d0': 0.02490583291941661};-280.569866449044;35.85562636578938
47281;-104.429306858732;-(((_a7_ + (((x + _a2_) + _a2_) * (_a4_ * x))) * x));{'d0': {'_a2_': 0.31192970775198536, '_a4_': -3.3767608791183386, '_a7_': -1.7751354040419387, '_a0_': 1.0, '_a1_': 1.0, '_a3_': 1.0, '_a5_': 1.0, '_a6_': 1.0}};{'d0': 0.02490583291941661};-280.569866449044;35.85562636578938
47282;-104.429306858732;-(((_a7_ + (((x + _a2_) + _a2_) * (_a4_ * x))) * x));{'d0': {'_a2_': 0.31192970775198536, '_a4_': -3.3767608791183386, '_a7_': -1.7751354040419387, '_a0_': 1.0, '_a1_': 1.0, '_a3_': 1.0, '_a5_': 1.0, '_a6_': 1.0}};{'d0': 0.02490583291941661};-280.569866449044;35.85562636578938
47283;-92.4213033562375;((((((_a7_ * (x * x)) * _a2_) + _a7_) + x) / ((_a7_ * _a7_) / _a5_)) * x);{'d0': {'_a2_': 1.902255383206102, '_a5_': 1.4958082699507727, '_a7_': 0.8426446039888278, '_a0_': 1.0, '_a1_': 1.0, '_a3_': 1.0, '_a4_': 1.0, '_a6_': 1.0}};{'d0': 0.0249058329194166};-280.569866449044;47.8636298682846
47284;-92.4213033562375;((((((_a7_ * (x * x)) * _a2_) + _a7_) + x) / ((_a7_ * _a7_) / _a5_)) * x);{'d0': {'_a2_': 1.902255383206102, '_a5_': 1.4958082699507727, '_a7_': 0.8426446039888278, '_a0_': 1.0, '_a1_': 1.0, '_a3_': 1.0, '_a4_': 1.0, '_a6_': 1.0}};{'d0': 0.0249058329194166};-280.569866449044;47.8636298682846
47285;-92.4213033562375;((((((_a7_ * (x * x)) * _a2_) + _a7_) + x) / ((_a7_ * _a7_) / _a5_)) * x);{'d0': {'_a2_': 1.902255383206102, '_a5_': 1.4958082699507727, '_a7_': 0.8426446039888278, '_a0_': 1.0, '_a1_': 1.0, '_a3_': 1.0, '_a4_': 1.0, '_a6_': 1.0}};{'d0': 0.0249058329194166};-280.569866449044;47.8636298682846
47286;-92.4213033562375;((((((_a7_ * (x * x)) * _a2_) + _a7_) + x) / ((_a7_ * _a7_) / _a5_)) * x);{'d0': {'_a2_': 1.902255383206102, '_a5_': 1.4958082699507727, '_a7_': 0.8426446039888278, '_a0_': 1.0, '_a1_': 1.0, '_a3_': 1.0, '_a4_': 1.0, '_a6_': 1.0}};{'d0': 0.0249058329194166};-280.569866449044;47.8636298682846
47287;-92.4213033562375;((((((_a7_ * (x * x)) * _a2_) + _a7_) + x) / ((_a7_ * _a7_) / _a5_)) * x);{'d0': {'_a2_': 1.902255383206102, '_a5_': 1.4958082699507727, '_a7_': 0.8426446039888278, '_a0_': 1.0, '_a1_': 1.0, '_a3_': 1.0, '_a4_': 1.0, '_a6_': 1.0}};{'d0': 0.0249058329194166};-280.569866449044;47.8636298682846
47288;-92.4213033562375;((((((_a7_ * (x * x)) * _a2_) + _a7_) + x) / ((_a7_ * _a7_) / _a5_)) * x);{'d0': {'_a2_': 1.902255383206102, '_a5_': 1.4958082699507727, '_a7_': 0.8426446039888278, '_a0_': 1.0, '_a1_': 1.0, '_a3_': 1.0, '_a4_': 1.0, '_a6_': 1.0}};{'d0': 0.0249058329194166};-280.569866449044;47.8636298682846
47289;-97.4430005680165;((((((_a7_ * (x * x)) * _a2_) + _a7_) + x) / (_a2_ / _a5_)) * x);{'d0': {'_a2_': 1.9022553823620552, '_a5_': 4.007336972796005, '_a7_': 0.8426446043723578, '_a0_': 1.0, '_a1_': 1.0, '_a3_': 1.0, '_a4_': 1.0, '_a6_': 1.0}};{'d0': 0.024905832919416608};-280.569866449044;42.8419326565056
47290;-97.4430005680165;((((((_a7_ * (x * x)) * _a2_) + _a7_) + x) / (_a2_ / _a5_)) * x);{'d0': {'_a2_': 1.9022553823620552, '_a5_': 4.007336972796005, '_a7_': 0.8426446043723578, '_a0_': 1.0, '_a1_': 1.0, '_a3_': 1.0, '_a4_': 1.0, '_a6_': 1.0}};{'d0': 0.024905832919416608};-280.569866449044;42.8419326565056
47291;-97.4430005680165;((((((_a7_ * (x * x)) * _a2_) + _a7_) + x) / (_a2_ / _a5_)) * x);{'d0': {'_a2_': 1.9022553823620552, '_a5_': 4.007336972796005, '_a7_': 0.8426446043723578, '_a0_': 1.0, '_a1_': 1.0, '_a3_': 1.0, '_a4_': 1.0, '_a6_': 1.0}};{'d0': 0.024905832919416608};-280.569866449044;42.8419326565056
47292;-97.4430005680165;((((((_a7_ * (x * x)) * _a2_) + _a7_) + x) / (_a2_ / _a5_)) * x);{'d0': {'_a2_': 1.9022553823620552, '_a5_': 4.007336972796005, '_a7_': 0.8426446043723578, '_a0_': 1.0, '_a1_': 1.0, '_a3_': 1.0, '_a4_': 1.0, '_a6_': 1.0}};{'d0': 0.024905832919416608};-280.569866449044;42.8419326565056
47293;-91.5688467181245;((((((_a7_ * (x * x)) * _a2_) + _a7_) + x) / (_a2_ / (_a3_ / _a2_))) * x);{'d0': {'_a2_': 1.9022553851977893, '_a3_': 7.622978351889571, '_a7_': 0.8426446034431841, '_a0_': 1.0, '_a1_': 1.0, '_a4_': 1.0, '_a5_': 1.0, '_a6_': 1.0}};{'d0': 0.024905832919416605};-280.569866449044;48.716086506397595
47294;-91.5688467181245;((((((_a2_ * (x * x)) * _a2_) + _a7_) + x) / (_a2_ / (_a3_ / _a2_))) * x);{'d0': {'_a2_': 1.2660668365171648, '_a3_': 3.37676087688908, '_a7_': 0.8426446048199506, '_a0_': 1.0, '_a1_': 1.0, '_a4_': 1.0, '_a5_': 1.0, '_a6_': 1.0}};{'d0': 0.024905832919416594};-280.569866449044;48.716086506397595
47295;-91.5688467181245;((((((_a2_ * (x * x)) * _a2_) + _a7_) + x) / (_a2_ / (_a3_ / _a2_))) * x);{'d0': {'_a2_': 1.2660668365171648, '_a3_': 3.37676087688908, '_a7_': 0.8426446048199506, '_a0_': 1.0, '_a1_': 1.0, '_a4_': 1.0, '_a5_': 1.0, '_a6_': 1.0}};{'d0': 0.024905832919416594};-280.569866449044;48.716086506397595
47296;-91.5688467181245;((((((_a2_ * (x * x)) * _a2_) + _a7_) + x) / (_a2_ / (_a3_ / _a2_))) * x);{'d0': {'_a2_': 1.2660668365171648, '_a3_': 3.37676087688908, '_a7_': 0.8426446048199506, '_a0_': 1.0, '_a1_': 1.0, '_a4_': 1.0, '_a5_': 1.0, '_a6_': 1.0}};{'d0': 0.024905832919416594};-280.569866449044;48.716086506397595
47297;-91.5688467181245;((((((_a2_ * (x * x)) * _a2_) + _a7_) + x) / (_a2_ / (_a3_ / _a2_))) * x);{'d0': {'_a2_': 1.2660668365171648, '_a3_': 3.37676087688908, '_a7_': 0.8426446048199506, '_a0_': 1.0, '_a1_': 1.0, '_a4_': 1.0, '_a5_': 1.0, '_a6_': 1.0}};{'d0': 0.024905832919416594};-280.569866449044;48.716086506397595
47298;-93.7450660954065;((((((_a2_ * (x * x)) * _a2_) + _a7_) + x) / (_a2_ / pow2(_a1_))) * x);{'d0': {'_a1_': 1.6331340634367444, '_a2_': 1.2660668365672596, '_a7_': 0.8426446044609841, '_a0_': 1.0, '_a3_': 1.0, '_a4_': 1.0, '_a5_': 1.0, '_a6_': 1.0}};{'d0': 0.02490583291941662};-280.569866449044;46.53986712911559
47299;-93.7450660954065;((((((_a2_ * (x * x)) * _a2_) + _a7_) + x) / (_a2_ / pow2(_a1_))) * x);{'d0': {'_a1_': 1.6331340634367444, '_a2_': 1.2660668365672596, '_a7_': 0.8426446044609841, '_a0_': 1.0, '_a3_': 1.0, '_a4_': 1.0, '_a5_': 1.0, '_a6_': 1.0}};{'d0': 0.02490583291941662};-280.569866449044;46.53986712911559
47300;-93.7450660954065;((((((_a2_ * (x * x)) * _a2_) + _a7_) + x) / (_a2_ / pow2(_a1_))) * x);{'d0': {'_a1_': 1.6331340634367444, '_a2_': 1.2660668365672596, '_a7_': 0.8426446044609841, '_a0_': 1.0, '_a3_': 1.0, '_a4_': 1.0, '_a5_': 1.0, '_a6_': 1.0}};{'d0': 0.02490583291941662};-280.569866449044;46.53986712911559
47301;-93.7450660954065;((((((_a7_ * (x * x)) * _a2_) + _a7_) + x) / (_a2_ / pow2(_a1_))) * x);{'d0': {'_a1_': 2.00183340277964, '_a2_': 1.9022553828154605, '_a7_': 0.842644604437291, '_a0_': 1.0, '_a3_': 1.0, '_a4_': 1.0, '_a5_': 1.0, '_a6_': 1.0}};{'d0': 0.024905832919416594};-280.569866449044;46.53986712911559
47302;-93.7450660954065;((((((_a7_ * (x * x)) * _a2_) + _a7_) + x) / (_a2_ / pow2(_a1_))) * x);{'d0': {'_a1_': 2.00183340277964, '_a2_': 1.9022553828154605, '_a7_': 0.842644604437291, '_a0_': 1.0, '_a3_': 1.0, '_a4_': 1.0, '_a5_': 1.0, '_a6_': 1.0}};{'d0': 0.024905832919416594};-280.569866449044;46.53986712911559
47303;-93.7450660954065;((((((_a7_ * (x * x)) * _a2_) + _a7_) + x) / (_a2_ / pow2(_a1_))) * x);{'d0': {'_a1_': 2.00183340277964, '_a2_': 1.9022553828154605, '_a7_': 0.842644604437291, '_a0_': 1.0, '_a3_': 1.0, '_a4_': 1.0, '_a5_': 1.0, '_a6_': 1.0}};{'d0': 0.024905832919416594};-280.569866449044;46.53986712911559
47304;-104.549616141360;-(((_a7_ + (((x / _a2_) + _a2_) * (_a4_ * x))) * x));{'d0': {'_a2_': 0.7898477167139952, '_a4_': -2.667126869827472, '_a7_': -1.7751354043259093, '_a0_': 1.0, '_a1_': 1.0, '_a3_': 1.0, '_a5_': 1.0, '_a6_': 1.0}};{'d0': 0.024905832919416664};-280.569866449044;35.735317083161775
47305;-104.549616141360;-(((_a7_ + (((x / _a2_) + _a2_) * (_a4_ * x))) * x));{'d0': {'_a2_': 0.7898477167139952, '_a4_': -2.667126869827472, '_a7_': -1.7751354043259093, '_a0_': 1.0, '_a1_': 1.0, '_a3_': 1.0, '_a5_': 1.0, '_a6_': 1.0}};{'d0': 0.024905832919416664};-280.569866449044;35.735317083161775
47306;-104.549616141360;-(((_a7_ + (((x / _a2_) + _a2_) * (_a4_ * x))) * x));{'d0': {'_a2_': 0.7898477167139952, '_a4_': -2.667126869827472, '_a7_': -1.7751354043259093, '_a0_': 1.0, '_a1_': 1.0, '_a3_': 1.0, '_a5_': 1.0, '_a6_': 1.0}};{'d0': 0.024905832919416664};-280.569866449044;35.735317083161775
47307;-104.549616141360;-(((_a7_ + (((x / _a2_) + _a2_) * (_a4_ * x))) * x));{'d0': {'_a2_': 0.7898477167139952, '_a4_': -2.667126869827472, '_a7_': -1.7751354043259093, '_a0_': 1.0, '_a1_': 1.0, '_a3_': 1.0, '_a5_': 1.0, '_a6_': 1.0}};{'d0': 0.024905832919416664};-280.569866449044;35.735317083161775
47308;-104.549616141360;-(((_a7_ + (((x / _a2_) + _a2_) * (_a4_ * x))) * x));{'d0': {'_a2_': 0.7898477167139952, '_a4_': -2.667126869827472, '_a7_': -1.7751354043259093, '_a0_': 1.0, '_a1_': 1.0, '_a3_': 1.0, '_a5_': 1.0, '_a6_': 1.0}};{'d0': 0.024905832919416664};-280.569866449044;35.735317083161775
47309;-104.549616141360;-(((_a7_ + (((x / _a2_) + _a2_) * (_a4_ * x))) * x));{'d0': {'_a2_': 0.7898477167139952, '_a4_': -2.667126869827472, '_a7_': -1.7751354043259093, '_a0_': 1.0, '_a1_': 1.0, '_a3_': 1.0, '_a5_': 1.0, '_a6_': 1.0}};{'d0': 0.024905832919416664};-280.569866449044;35.735317083161775
47310;-104.549616141360;-(((_a7_ + (((x / _a2_) + _a2_) * (_a4_ * x))) * x));{'d0': {'_a2_': 0.7898477167139952, '_a4_': -2.667126869827472, '_a7_': -1.7751354043259093, '_a0_': 1.0, '_a1_': 1.0, '_a3_': 1.0, '_a5_': 1.0, '_a6_': 1.0}};{'d0': 0.024905832919416664};-280.569866449044;35.735317083161775
47311;-104.549616141360;-(((_a7_ + (((x / _a2_) + _a2_) * (_a4_ * x))) * x));{'d0': {'_a2_': 0.7898477167139952, '_a4_': -2.667126869827472, '_a7_': -1.7751354043259093, '_a0_': 1.0, '_a1_': 1.0, '_a3_': 1.0, '_a5_': 1.0, '_a6_': 1.0}};{'d0': 0.024905832919416664};-280.569866449044;35.735317083161775
47312;-104.549616141360;-(((_a7_ + (((x / _a2_) + _a2_) * (_a4_ * x))) * x));{'d0': {'_a2_': 0.7898477167139952, '_a4_': -2.667126869827472, '_a7_': -1.7751354043259093, '_a0_': 1.0, '_a1_': 1.0, '_a3_': 1.0, '_a5_': 1.0, '_a6_': 1.0}};{'d0': 0.024905832919416664};-280.569866449044;35.735317083161775
47313;-104.549616141360;-(((_a7_ + (((x / _a2_) + _a2_) * (_a4_ * x))) * x));{'d0': {'_a2_': 0.7898477167139952, '_a4_': -2.667126869827472, '_a7_': -1.7751354043259093, '_a0_': 1.0, '_a1_': 1.0, '_a3_': 1.0, '_a5_': 1.0, '_a6_': 1.0}};{'d0': 0.024905832919416664};-280.569866449044;35.735317083161775
47314;-99.3221924066465;(((_a3_ * _a3_) * x) * ((pow2((x + _a2_)) ** _a0_) + -(_a6_)));{'d0': {'_a0_': 1.0470399885912196, '_a2_': 0.310091227017054, '_a3_': 1.8598415733559015, '_a6_': -0.42404487576706024, '_a1_': 1.0, '_a4_': 1.0, '_a5_': 1.0, '_a7_': 1.0}};{'d0': 0.02378537057290794};-279.237401084232;40.2965081354695
47315;-104.549616141360;-(((_a7_ + (((x / _a2_) + _a2_) * (_a4_ * x))) * x));{'d0': {'_a2_': 0.7898477167139952, '_a4_': -2.667126869827472, '_a7_': -1.7751354043259093, '_a0_': 1.0, '_a1_': 1.0, '_a3_': 1.0, '_a5_': 1.0, '_a6_': 1.0}};{'d0': 0.024905832919416664};-280.569866449044;35.735317083161775
47316;-104.549616141360;-(((_a7_ + (((x / _a2_) + _a2_) * (_a4_ * x))) * x));{'d0': {'_a2_': 0.7898477167139952, '_a4_': -2.667126869827472, '_a7_': -1.7751354043259093, '_a0_': 1.0, '_a1_': 1.0, '_a3_': 1.0, '_a5_': 1.0, '_a6_': 1.0}};{'d0': 0.024905832919416664};-280.569866449044;35.735317083161775
47317;-104.549616141360;-(((_a7_ + (((x / _a2_) + _a2_) * (_a4_ * x))) * x));{'d0': {'_a2_': 0.7898477167139952, '_a4_': -2.667126869827472, '_a7_': -1.7751354043259093, '_a0_': 1.0, '_a1_': 1.0, '_a3_': 1.0, '_a5_': 1.0, '_a6_': 1.0}};{'d0': 0.024905832919416664};-280.569866449044;35.735317083161775
47318;-104.549616141360;-(((_a7_ + (((x / _a2_) + _a2_) * (_a4_ * x))) * x));{'d0': {'_a2_': 0.7898477167139952, '_a4_': -2.667126869827472, '_a7_': -1.7751354043259093, '_a0_': 1.0, '_a1_': 1.0, '_a3_': 1.0, '_a5_': 1.0, '_a6_': 1.0}};{'d0': 0.024905832919416664};-280.569866449044;35.735317083161775
47319;-104.549616141360;-(((_a7_ + (((x / _a2_) + _a2_) * (_a4_ * x))) * x));{'d0': {'_a2_': 0.7898477167139952, '_a4_': -2.667126869827472, '_a7_': -1.7751354043259093, '_a0_': 1.0, '_a1_': 1.0, '_a3_': 1.0, '_a5_': 1.0, '_a6_': 1.0}};{'d0': 0.024905832919416664};-280.569866449044;35.735317083161775
47320;-104.549616141360;-(((_a7_ + (((x / _a2_) + _a2_) * (_a4_ * x))) * x));{'d0': {'_a2_': 0.7898477167139952, '_a4_': -2.667126869827472, '_a7_': -1.7751354043259093, '_a0_': 1.0, '_a1_': 1.0, '_a3_': 1.0, '_a5_': 1.0, '_a6_': 1.0}};{'d0': 0.024905832919416664};-280.569866449044;35.735317083161775
47321;-104.549616141360;-(((_a7_ + (((x / _a2_) + _a2_) * (_a4_ * x))) * x));{'d0': {'_a2_': 0.7898477167139952, '_a4_': -2.667126869827472, '_a7_': -1.7751354043259093, '_a0_': 1.0, '_a1_': 1.0, '_a3_': 1.0, '_a5_': 1.0, '_a6_': 1.0}};{'d0': 0.024905832919416664};-280.569866449044;35.735317083161775
47322;-93.7630534077561;((((((_a7_ * (x * x)) * _a2_) + _a2_) + x) / (_a2_ / -(_a1_))) * x);{'d0': {'_a1_': -1.7751354049899475, '_a2_': 0.842644604908388, '_a7_': 1.9022553812156753, '_a0_': 1.0, '_a3_': 1.0, '_a4_': 1.0, '_a5_': 1.0, '_a6_': 1.0}};{'d0': 0.024905832919416584};-280.569866449044;46.52187981676598
47323;-93.7630534077561;((((((_a7_ * (x * x)) * _a2_) + _a2_) + x) / (_a2_ / -(_a1_))) * x);{'d0': {'_a1_': -1.7751354049899475, '_a2_': 0.842644604908388, '_a7_': 1.9022553812156753, '_a0_': 1.0, '_a3_': 1.0, '_a4_': 1.0, '_a5_': 1.0, '_a6_': 1.0}};{'d0': 0.024905832919416584};-280.569866449044;46.52187981676598
47324;-93.7630534077561;((((((_a7_ * (x * x)) * _a2_) + _a2_) + x) / (_a2_ / -(_a1_))) * x);{'d0': {'_a1_': -1.7751354049899475, '_a2_': 0.842644604908388, '_a7_': 1.9022553812156753, '_a0_': 1.0, '_a3_': 1.0, '_a4_': 1.0, '_a5_': 1.0, '_a6_': 1.0}};{'d0': 0.024905832919416584};-280.569866449044;46.52187981676598
47325;-93.7630534077561;((((((_a7_ * (x * x)) * _a2_) + _a2_) + x) / (_a2_ / -(_a1_))) * x);{'d0': {'_a1_': -1.7751354049899475, '_a2_': 0.842644604908388, '_a7_': 1.9022553812156753, '_a0_': 1.0, '_a3_': 1.0, '_a4_': 1.0, '_a5_': 1.0, '_a6_': 1.0}};{'d0': 0.024905832919416584};-280.569866449044;46.52187981676598
47326;-93.7630534077561;((((((_a7_ * (x * x)) * _a2_) + _a2_) + x) / (_a2_ / -(_a1_))) * x);{'d0': {'_a1_': -1.7751354049899475, '_a2_': 0.842644604908388, '_a7_': 1.9022553812156753, '_a0_': 1.0, '_a3_': 1.0, '_a4_': 1.0, '_a5_': 1.0, '_a6_': 1.0}};{'d0': 0.024905832919416584};-280.569866449044;46.52187981676598
47327;-92.8382394833211;((((((_a7_ * (x * x)) / _a2_) + _a2_) + x) / (_a2_ / -(_a1_))) * x);{'d0': {'_a1_': -1.7751354039445817, '_a2_': 0.8426446032189803, '_a7_': 1.350696297948229, '_a0_': 1.0, '_a3_': 1.0, '_a4_': 1.0, '_a5_': 1.0, '_a6_': 1.0}};{'d0': 0.024905832919416608};-280.569866449044;47.44669374120098
47328;-92.7917922841831;((((((_a7_ * (x * x)) / _a2_) + _a2_) + x) / (_a2_ + -(_a1_))) * x);{'d0': {'_a1_': 0.36795146123500144, '_a2_': 0.842644604222299, '_a7_': 1.3506962998950387, '_a0_': 1.0, '_a3_': 1.0, '_a4_': 1.0, '_a5_': 1.0, '_a6_': 1.0}};{'d0': 0.024905832919416625};-280.569866449044;47.49314094033898
47329;-92.7917922841831;((((((_a7_ * (x * x)) / _a2_) + _a2_) + x) / (_a2_ + -(_a1_))) * x);{'d0': {'_a1_': 0.36795146123500144, '_a2_': 0.842644604222299, '_a7_': 1.3506962998950387, '_a0_': 1.0, '_a3_': 1.0, '_a4_': 1.0, '_a5_': 1.0, '_a6_': 1.0}};{'d0': 0.024905832919416625};-280.569866449044;47.49314094033898
47330;-92.7917922841831;((((((_a7_ * (x * x)) / _a2_) + _a2_) + x) / (_a2_ + -(_a1_))) * x);{'d0': {'_a1_': 0.36795146123500144, '_a2_': 0.842644604222299, '_a7_': 1.3506962998950387, '_a0_': 1.0, '_a3_': 1.0, '_a4_': 1.0, '_a5_': 1.0, '_a6_': 1.0}};{'d0': 0.024905832919416625};-280.569866449044;47.49314094033898
47331;-92.7917922841831;((((((_a7_ * (x * x)) / _a2_) + _a2_) + x) / (_a2_ + -(_a1_))) * x);{'d0': {'_a1_': 0.36795146123500144, '_a2_': 0.842644604222299, '_a7_': 1.3506962998950387, '_a0_': 1.0, '_a3_': 1.0, '_a4_': 1.0, '_a5_': 1.0, '_a6_': 1.0}};{'d0': 0.024905832919416625};-280.569866449044;47.49314094033898
47332;-92.7917922841831;((((((_a7_ * (x * x)) / _a2_) + _a2_) + x) / (_a2_ + -(_a1_))) * x);{'d0': {'_a1_': 0.36795146123500144, '_a2_': 0.842644604222299, '_a7_': 1.3506962998950387, '_a0_': 1.0, '_a3_': 1.0, '_a4_': 1.0, '_a5_': 1.0, '_a6_': 1.0}};{'d0': 0.024905832919416625};-280.569866449044;47.49314094033898
47333;-92.7917922841831;((((((_a7_ * (x * x)) / _a2_) + _a2_) + x) / (_a2_ + -(_a1_))) * x);{'d0': {'_a1_': 0.36795146123500144, '_a2_': 0.842644604222299, '_a7_': 1.3506962998950387, '_a0_': 1.0, '_a3_': 1.0, '_a4_': 1.0, '_a5_': 1.0, '_a6_': 1.0}};{'d0': 0.024905832919416625};-280.569866449044;47.49314094033898
47334;-92.7917922841831;((((((_a7_ * (x * x)) / _a2_) + _a2_) + x) / (_a2_ + -(_a1_))) * x);{'d0': {'_a1_': 0.36795146123500144, '_a2_': 0.842644604222299, '_a7_': 1.3506962998950387, '_a0_': 1.0, '_a3_': 1.0, '_a4_': 1.0, '_a5_': 1.0, '_a6_': 1.0}};{'d0': 0.024905832919416625};-280.569866449044;47.49314094033898
47335;-92.7917922841831;((((((_a7_ * (x * x)) / _a2_) + _a2_) + x) / (_a2_ + -(_a1_))) * x);{'d0': {'_a1_': 0.36795146123500144, '_a2_': 0.842644604222299, '_a7_': 1.3506962998950387, '_a0_': 1.0, '_a3_': 1.0, '_a4_': 1.0, '_a5_': 1.0, '_a6_': 1.0}};{'d0': 0.024905832919416625};-280.569866449044;47.49314094033898
47336;-92.7917922841831;((((((_a7_ * (x * x)) / _a2_) + _a2_) + x) / (_a2_ + -(_a1_))) * x);{'d0': {'_a1_': 0.36795146123500144, '_a2_': 0.842644604222299, '_a7_': 1.3506962998950387, '_a0_': 1.0, '_a3_': 1.0, '_a4_': 1.0, '_a5_': 1.0, '_a6_': 1.0}};{'d0': 0.024905832919416625};-280.569866449044;47.49314094033898
47337;-92.7917922841831;((((((_a7_ * (x * x)) / _a2_) + _a2_) + x) / (_a2_ + -(_a1_))) * x);{'d0': {'_a1_': 0.36795146123500144, '_a2_': 0.842644604222299, '_a7_': 1.3506962998950387, '_a0_': 1.0, '_a3_': 1.0, '_a4_': 1.0, '_a5_': 1.0, '_a6_': 1.0}};{'d0': 0.024905832919416625};-280.569866449044;47.49314094033898
47338;-92.7917922841831;((((((_a7_ * (x * x)) / _a2_) + _a2_) + x) / (_a2_ + -(_a1_))) * x);{'d0': {'_a1_': 0.36795146123500144, '_a2_': 0.842644604222299, '_a7_': 1.3506962998950387, '_a0_': 1.0, '_a3_': 1.0, '_a4_': 1.0, '_a5_': 1.0, '_a6_': 1.0}};{'d0': 0.024905832919416625};-280.569866449044;47.49314094033898
47339;-92.7917922841831;((((((_a7_ * (x * x)) / _a2_) + _a2_) + x) / (_a2_ + -(_a1_))) * x);{'d0': {'_a1_': 0.36795146123500144, '_a2_': 0.842644604222299, '_a7_': 1.3506962998950387, '_a0_': 1.0, '_a3_': 1.0, '_a4_': 1.0, '_a5_': 1.0, '_a6_': 1.0}};{'d0': 0.024905832919416625};-280.569866449044;47.49314094033898
47340;-92.7917922841831;((((((_a7_ * (x * x)) / _a2_) + _a2_) + x) / (_a2_ + -(_a1_))) * x);{'d0': {'_a1_': 0.36795146123500144, '_a2_': 0.842644604222299, '_a7_': 1.3506962998950387, '_a0_': 1.0, '_a3_': 1.0, '_a4_': 1.0, '_a5_': 1.0, '_a6_': 1.0}};{'d0': 0.024905832919416625};-280.569866449044;47.49314094033898
47341;-92.7917922841831;((((((_a7_ * (x * x)) / _a2_) + _a2_) + x) / (_a2_ + -(_a1_))) * x);{'d0': {'_a1_': 0.36795146123500144, '_a2_': 0.842644604222299, '_a7_': 1.3506962998950387, '_a0_': 1.0, '_a3_': 1.0, '_a4_': 1.0, '_a5_': 1.0, '_a6_': 1.0}};{'d0': 0.024905832919416625};-280.569866449044;47.49314094033898
47342;-92.7917922841831;((((((_a7_ * (x * x)) / _a2_) + _a2_) + x) / (_a2_ + -(_a1_))) * x);{'d0': {'_a1_': 0.36795146123500144, '_a2_': 0.842644604222299, '_a7_': 1.3506962998950387, '_a0_': 1.0, '_a3_': 1.0, '_a4_': 1.0, '_a5_': 1.0, '_a6_': 1.0}};{'d0': 0.024905832919416625};-280.569866449044;47.49314094033898
47343;-92.7917922841831;((((((_a7_ * (x * x)) / _a2_) + _a2_) + x) / (_a2_ + -(_a1_))) * x);{'d0': {'_a1_': 0.36795146123500144, '_a2_': 0.842644604222299, '_a7_': 1.3506962998950387, '_a0_': 1.0, '_a3_': 1.0, '_a4_': 1.0, '_a5_': 1.0, '_a6_': 1.0}};{'d0': 0.024905832919416625};-280.569866449044;47.49314094033898
47344;-92.7917922841831;((((((_a7_ * (x * x)) / _a2_) + _a2_) + x) / (_a2_ + -(_a1_))) * x);{'d0': {'_a1_': 0.36795146123500144, '_a2_': 0.842644604222299, '_a7_': 1.3506962998950387, '_a0_': 1.0, '_a3_': 1.0, '_a4_': 1.0, '_a5_': 1.0, '_a6_': 1.0}};{'d0': 0.024905832919416625};-280.569866449044;47.49314094033898
47345;-92.7917922841831;((((((_a7_ * (x * x)) / _a2_) + _a2_) + x) / (_a2_ + -(_a1_))) * x);{'d0': {'_a1_': 0.36795146123500144, '_a2_': 0.842644604222299, '_a7_': 1.3506962998950387, '_a0_': 1.0, '_a3_': 1.0, '_a4_': 1.0, '_a5_': 1.0, '_a6_': 1.0}};{'d0': 0.024905832919416625};-280.569866449044;47.49314094033898
47346;-92.7917922841831;((((((_a7_ * (x * x)) / _a2_) + _a2_) + x) / (_a2_ + -(_a1_))) * x);{'d0': {'_a1_': 0.36795146123500144, '_a2_': 0.842644604222299, '_a7_': 1.3506962998950387, '_a0_': 1.0, '_a3_': 1.0, '_a4_': 1.0, '_a5_': 1.0, '_a6_': 1.0}};{'d0': 0.024905832919416625};-280.569866449044;47.49314094033898
47347;-92.7917922841831;((((((_a7_ * (x * x)) / _a2_) + _a2_) + x) / (_a2_ + -(_a1_))) * x);{'d0': {'_a1_': 0.36795146123500144, '_a2_': 0.842644604222299, '_a7_': 1.3506962998950387, '_a0_': 1.0, '_a3_': 1.0, '_a4_': 1.0, '_a5_': 1.0, '_a6_': 1.0}};{'d0': 0.024905832919416625};-280.569866449044;47.49314094033898
47348;-92.7917922841831;((((((_a7_ * (x * x)) / _a2_) + _a2_) + x) / (_a2_ + -(_a1_))) * x);{'d0': {'_a1_': 0.36795146123500144, '_a2_': 0.842644604222299, '_a7_': 1.3506962998950387, '_a0_': 1.0, '_a3_': 1.0, '_a4_': 1.0, '_a5_': 1.0, '_a6_': 1.0}};{'d0': 0.024905832919416625};-280.569866449044;47.49314094033898
47349;-92.7917922841831;((((((_a7_ * (x * x)) / _a2_) + _a2_) + x) / (_a2_ + -(_a1_))) * x);{'d0': {'_a1_': 0.36795146123500144, '_a2_': 0.842644604222299, '_a7_': 1.3506962998950387, '_a0_': 1.0, '_a3_': 1.0, '_a4_': 1.0, '_a5_': 1.0, '_a6_': 1.0}};{'d0': 0.024905832919416625};-280.569866449044;47.49314094033898
47350;-92.7917922841831;((((((_a7_ * (x * x)) / _a2_) + _a2_) + x) / (_a2_ + -(_a1_))) * x);{'d0': {'_a1_': 0.36795146123500144, '_a2_': 0.842644604222299, '_a7_': 1.3506962998950387, '_a0_': 1.0, '_a3_': 1.0, '_a4_': 1.0, '_a5_': 1.0, '_a6_': 1.0}};{'d0': 0.024905832919416625};-280.569866449044;47.49314094033898
47351;-92.7917922841831;((((((_a7_ * (x * x)) / _a2_) + _a2_) + x) / (_a2_ + -(_a1_))) * x);{'d0': {'_a1_': 0.36795146123500144, '_a2_': 0.842644604222299, '_a7_': 1.3506962998950387, '_a0_': 1.0, '_a3_': 1.0, '_a4_': 1.0, '_a5_': 1.0, '_a6_': 1.0}};{'d0': 0.024905832919416625};-280.569866449044;47.49314094033898
47352;-92.7917922841831;((((((_a7_ * (x * x)) / _a2_) + _a2_) + x) / (_a2_ + -(_a1_))) * x);{'d0': {'_a1_': 0.36795146123500144, '_a2_': 0.842644604222299, '_a7_': 1.3506962998950387, '_a0_': 1.0, '_a3_': 1.0, '_a4_': 1.0, '_a5_': 1.0, '_a6_': 1.0}};{'d0': 0.024905832919416625};-280.569866449044;47.49314094033898
47353;-92.7917922841831;((((((_a7_ * (x * x)) / _a2_) + _a2_) + x) / (_a2_ + -(_a1_))) * x);{'d0': {'_a1_': 0.36795146123500144, '_a2_': 0.842644604222299, '_a7_': 1.3506962998950387, '_a0_': 1.0, '_a3_': 1.0, '_a4_': 1.0, '_a5_': 1.0, '_a6_': 1.0}};{'d0': 0.024905832919416625};-280.569866449044;47.49314094033898
47354;-92.7917922841831;((((((_a7_ * (x * x)) / _a2_) + _a2_) + x) / (_a2_ + -(_a1_))) * x);{'d0': {'_a1_': 0.36795146123500144, '_a2_': 0.842644604222299, '_a7_': 1.3506962998950387, '_a0_': 1.0, '_a3_': 1.0, '_a4_': 1.0, '_a5_': 1.0, '_a6_': 1.0}};{'d0': 0.024905832919416625};-280.569866449044;47.49314094033898
47355;-92.7917922841831;((((((_a7_ * (x * x)) / _a2_) + _a2_) + x) / (_a2_ + -(_a1_))) * x);{'d0': {'_a1_': 0.36795146123500144, '_a2_': 0.842644604222299, '_a7_': 1.3506962998950387, '_a0_': 1.0, '_a3_': 1.0, '_a4_': 1.0, '_a5_': 1.0, '_a6_': 1.0}};{'d0': 0.024905832919416625};-280.569866449044;47.49314094033898
47356;-92.7917922841831;((((((_a7_ * (x * x)) / _a2_) + _a2_) + x) / (_a2_ + -(_a1_))) * x);{'d0': {'_a1_': 0.36795146123500144, '_a2_': 0.842644604222299, '_a7_': 1.3506962998950387, '_a0_': 1.0, '_a3_': 1.0, '_a4_': 1.0, '_a5_': 1.0, '_a6_': 1.0}};{'d0': 0.024905832919416625};-280.569866449044;47.49314094033898
47357;-92.7917922841831;((((((_a7_ * (x * x)) / _a2_) + _a2_) + x) / (_a2_ + -(_a1_))) * x);{'d0': {'_a1_': 0.36795146123500144, '_a2_': 0.842644604222299, '_a7_': 1.3506962998950387, '_a0_': 1.0, '_a3_': 1.0, '_a4_': 1.0, '_a5_': 1.0, '_a6_': 1.0}};{'d0': 0.024905832919416625};-280.569866449044;47.49314094033898
47358;-91.7481738742881;((((((_a7_ + (x * x)) / _a2_) + _a2_) + x) / (_a2_ + -(_a1_))) * x);{'d0': {'_a1_': 0.14916627382670597, '_a2_': 0.6238594162844846, '_a7_': 0.13649119959546768, '_a0_': 1.0, '_a3_': 1.0, '_a4_': 1.0, '_a5_': 1.0, '_a6_': 1.0}};{'d0': 0.02490583291941659};-280.569866449044;48.53675935023398
47359;-91.7481738742881;((((((_a7_ + (x * x)) / _a2_) + _a2_) + x) / (_a2_ + -(_a1_))) * x);{'d0': {'_a1_': 0.14916627382670597, '_a2_': 0.6238594162844846, '_a7_': 0.13649119959546768, '_a0_': 1.0, '_a3_': 1.0, '_a4_': 1.0, '_a5_': 1.0, '_a6_': 1.0}};{'d0': 0.02490583291941659};-280.569866449044;48.53675935023398
47360;-91.7481738742881;((((((_a7_ + (x * x)) / _a2_) + _a2_) + x) / (_a2_ + -(_a1_))) * x);{'d0': {'_a1_': 0.14916627382670597, '_a2_': 0.6238594162844846, '_a7_': 0.13649119959546768, '_a0_': 1.0, '_a3_': 1.0, '_a4_': 1.0, '_a5_': 1.0, '_a6_': 1.0}};{'d0': 0.02490583291941659};-280.569866449044;48.53675935023398
47361;-91.7481738742881;((((((_a7_ + (x * x)) / _a2_) + _a2_) + x) / (_a2_ + -(_a1_))) * x);{'d0': {'_a1_': 0.14916627382670597, '_a2_': 0.6238594162844846, '_a7_': 0.13649119959546768, '_a0_': 1.0, '_a3_': 1.0, '_a4_': 1.0, '_a5_': 1.0, '_a6_': 1.0}};{'d0': 0.02490583291941659};-280.569866449044;48.53675935023398
47362;-91.7481738742881;((((((_a7_ + (x * x)) / _a2_) + _a2_) + x) / (_a2_ + -(_a1_))) * x);{'d0': {'_a1_': 0.14916627382670597, '_a2_': 0.6238594162844846, '_a7_': 0.13649119959546768, '_a0_': 1.0, '_a3_': 1.0, '_a4_': 1.0, '_a5_': 1.0, '_a6_': 1.0}};{'d0': 0.02490583291941659};-280.569866449044;48.53675935023398
47363;-91.7481738742881;((((((_a7_ + (x * x)) / _a2_) + _a2_) + x) / (_a2_ + -(_a1_))) * x);{'d0': {'_a1_': 0.14916627382670597, '_a2_': 0.6238594162844846, '_a7_': 0.13649119959546768, '_a0_': 1.0, '_a3_': 1.0, '_a4_': 1.0, '_a5_': 1.0, '_a6_': 1.0}};{'d0': 0.02490583291941659};-280.569866449044;48.53675935023398
47364;-91.7481738742881;((((((_a7_ + (x * x)) / _a2_) + _a2_) + x) / (_a2_ + -(_a1_))) * x);{'d0': {'_a1_': 0.14916627382670597, '_a2_': 0.6238594162844846, '_a7_': 0.13649119959546768, '_a0_': 1.0, '_a3_': 1.0, '_a4_': 1.0, '_a5_': 1.0, '_a6_': 1.0}};{'d0': 0.02490583291941659};-280.569866449044;48.53675935023398
47365;-91.7481738742881;((((((_a7_ + (x * x)) / _a2_) + _a2_) + x) / (_a2_ + -(_a1_))) * x);{'d0': {'_a1_': 0.14916627382670597, '_a2_': 0.6238594162844846, '_a7_': 0.13649119959546768, '_a0_': 1.0, '_a3_': 1.0, '_a4_': 1.0, '_a5_': 1.0, '_a6_': 1.0}};{'d0': 0.02490583291941659};-280.569866449044;48.53675935023398
47366;-91.7481738742881;((((((_a7_ + (x * x)) / _a2_) + _a2_) + x) / (_a2_ + -(_a1_))) * x);{'d0': {'_a1_': 0.14916627382670597, '_a2_': 0.6238594162844846, '_a7_': 0.13649119959546768, '_a0_': 1.0, '_a3_': 1.0, '_a4_': 1.0, '_a5_': 1.0, '_a6_': 1.0}};{'d0': 0.02490583291941659};-280.569866449044;48.53675935023398
47367;-91.7481738742881;((((((_a7_ + (x * x)) / _a2_) + _a2_) + x) / (_a2_ + -(_a1_))) * x);{'d0': {'_a1_': 0.14916627382670597, '_a2_': 0.6238594162844846, '_a7_': 0.13649119959546768, '_a0_': 1.0, '_a3_': 1.0, '_a4_': 1.0, '_a5_': 1.0, '_a6_': 1.0}};{'d0': 0.02490583291941659};-280.569866449044;48.53675935023398
47368;-91.7481738742881;((((((_a7_ + (x * x)) / _a2_) + _a2_) + x) / (_a2_ + -(_a1_))) * x);{'d0': {'_a1_': 0.14916627382670597, '_a2_': 0.6238594162844846, '_a7_': 0.13649119959546768, '_a0_': 1.0, '_a3_': 1.0, '_a4_': 1.0, '_a5_': 1.0, '_a6_': 1.0}};{'d0': 0.02490583291941659};-280.569866449044;48.53675935023398
47369;-91.7481738742881;((((((_a7_ + (x * x)) / _a2_) + _a2_) + x) / (_a2_ + -(_a1_))) * x);{'d0': {'_a1_': 0.14916627382670597, '_a2_': 0.6238594162844846, '_a7_': 0.13649119959546768, '_a0_': 1.0, '_a3_': 1.0, '_a4_': 1.0, '_a5_': 1.0, '_a6_': 1.0}};{'d0': 0.02490583291941659};-280.569866449044;48.53675935023398
47370;-91.7481738742881;((((((_a7_ + (x * x)) / _a2_) + _a2_) + x) / (_a2_ + -(_a1_))) * x);{'d0': {'_a1_': 0.14916627382670597, '_a2_': 0.6238594162844846, '_a7_': 0.13649119959546768, '_a0_': 1.0, '_a3_': 1.0, '_a4_': 1.0, '_a5_': 1.0, '_a6_': 1.0}};{'d0': 0.02490583291941659};-280.569866449044;48.53675935023398
47371;-91.7481738742881;((((((_a7_ + (x * x)) / _a2_) + _a2_) + x) / (_a2_ + -(_a1_))) * x);{'d0': {'_a1_': 0.14916627382670597, '_a2_': 0.6238594162844846, '_a7_': 0.13649119959546768, '_a0_': 1.0, '_a3_': 1.0, '_a4_': 1.0, '_a5_': 1.0, '_a6_': 1.0}};{'d0': 0.02490583291941659};-280.569866449044;48.53675935023398
47372;-91.7481738742881;((((((_a7_ + (x * x)) / _a2_) + _a2_) + x) / (_a2_ + -(_a1_))) * x);{'d0': {'_a1_': 0.14916627382670597, '_a2_': 0.6238594162844846, '_a7_': 0.13649119959546768, '_a0_': 1.0, '_a3_': 1.0, '_a4_': 1.0, '_a5_': 1.0, '_a6_': 1.0}};{'d0': 0.02490583291941659};-280.569866449044;48.53675935023398
47373;-91.7481738742881;((((((_a7_ + (x * x)) / _a2_) + _a2_) + x) / (_a2_ + -(_a1_))) * x);{'d0': {'_a1_': 0.14916627382670597, '_a2_': 0.6238594162844846, '_a7_': 0.13649119959546768, '_a0_': 1.0, '_a3_': 1.0, '_a4_': 1.0, '_a5_': 1.0, '_a6_': 1.0}};{'d0': 0.02490583291941659};-280.569866449044;48.53675935023398
47374;-89.7010015931512;((((((_a7_ + (x * x)) / _a2_) + _a2_) + x) / (_a6_ + -(_a1_))) * x);{'d0': {'_a1_': 0.431802174656046, '_a2_': 0.6238594138856154, '_a6_': 0.9064953250842992, '_a7_': 0.1364911990881336, '_a0_': 1.0, '_a3_': 1.0, '_a4_': 1.0, '_a5_': 1.0}};{'d0': 0.02490583291943808};-276.475521886770;48.53675935023398
47375;-89.7010015931512;((((((_a7_ + (x * x)) / _a2_) + _a2_) + x) / (_a6_ + -(_a1_))) * x);{'d0': {'_a1_': 0.431802174656046, '_a2_': 0.6238594138856154, '_a6_': 0.9064953250842992, '_a7_': 0.1364911990881336, '_a0_': 1.0, '_a3_': 1.0, '_a4_': 1.0, '_a5_': 1.0}};{'d0': 0.02490583291943808};-276.475521886770;48.53675935023398
47376;-89.7010015931512;((((((_a7_ + (x * x)) / _a2_) + _a2_) + x) / (_a6_ + -(_a1_))) * x);{'d0': {'_a1_': 0.431802174656046, '_a2_': 0.6238594138856154, '_a6_': 0.9064953250842992, '_a7_': 0.1364911990881336, '_a0_': 1.0, '_a3_': 1.0, '_a4_': 1.0, '_a5_': 1.0}};{'d0': 0.02490583291943808};-276.475521886770;48.53675935023398
47377;-89.7010015931512;((((((_a7_ + (x * x)) / _a2_) + _a2_) + x) / (_a6_ + -(_a1_))) * x);{'d0': {'_a1_': 0.431802174656046, '_a2_': 0.6238594138856154, '_a6_': 0.9064953250842992, '_a7_': 0.1364911990881336, '_a0_': 1.0, '_a3_': 1.0, '_a4_': 1.0, '_a5_': 1.0}};{'d0': 0.02490583291943808};-276.475521886770;48.53675935023398
47378;-89.7010015931512;((((((_a7_ + (x * x)) / _a2_) + _a2_) + x) / (_a6_ + -(_a1_))) * x);{'d0': {'_a1_': 0.431802174656046, '_a2_': 0.6238594138856154, '_a6_': 0.9064953250842992, '_a7_': 0.1364911990881336, '_a0_': 1.0, '_a3_': 1.0, '_a4_': 1.0, '_a5_': 1.0}};{'d0': 0.02490583291943808};-276.475521886770;48.53675935023398
47379;-105.382580669956;((_a2_ * x) * ((pow2((x + _a2_)) * _a0_) + (_a7_ * _a2_)));{'d0': {'_a0_': 10.825390447958275, '_a2_': 0.3119297077609624, '_a7_': 14.867152819787973, '_a1_': 1.0, '_a3_': 1.0, '_a4_': 1.0, '_a5_': 1.0, '_a6_': 1.0}};{'d0': 0.024905832919416664};-280.569866449044;34.902352554566114
47380;-105.382580669956;((_a2_ * x) * ((pow2((x + _a2_)) * _a0_) + (_a7_ * _a2_)));{'d0': {'_a0_': 10.825390447958275, '_a2_': 0.3119297077609624, '_a7_': 14.867152819787973, '_a1_': 1.0, '_a3_': 1.0, '_a4_': 1.0, '_a5_': 1.0, '_a6_': 1.0}};{'d0': 0.024905832919416664};-280.569866449044;34.902352554566114
47381;-105.382580669956;((_a2_ * x) * ((pow2((x + _a2_)) * _a0_) + (_a7_ * _a2_)));{'d0': {'_a0_': 10.825390447958275, '_a2_': 0.3119297077609624, '_a7_': 14.867152819787973, '_a1_': 1.0, '_a3_': 1.0, '_a4_': 1.0, '_a5_': 1.0, '_a6_': 1.0}};{'d0': 0.024905832919416664};-280.569866449044;34.902352554566114
47382;-106.651973435152;(-(x) * ((pow2((x + _a2_)) * _a0_) + (_a7_ * _a2_)));{'d0': {'_a0_': -3.3767608783285, '_a2_': 0.31192970773677503, '_a7_': -4.637506634907293, '_a1_': 1.0, '_a3_': 1.0, '_a4_': 1.0, '_a5_': 1.0, '_a6_': 1.0}};{'d0': 0.024905832919416705};-280.569866449043;33.6329597893695
47383;-89.7010015931512;((((((_a7_ + (x * x)) / _a2_) + _a2_) + x) / (_a6_ + -(_a1_))) * x);{'d0': {'_a1_': 0.431802174656046, '_a2_': 0.6238594138856154, '_a6_': 0.9064953250842992, '_a7_': 0.1364911990881336, '_a0_': 1.0, '_a3_': 1.0, '_a4_': 1.0, '_a5_': 1.0}};{'d0': 0.02490583291943808};-276.475521886770;48.53675935023398
47384;-106.651973435152;(-(x) * ((pow2((x + _a2_)) * _a0_) + (_a7_ * _a2_)));{'d0': {'_a0_': -3.3767608783285, '_a2_': 0.31192970773677503, '_a7_': -4.637506634907293, '_a1_': 1.0, '_a3_': 1.0, '_a4_': 1.0, '_a5_': 1.0, '_a6_': 1.0}};{'d0': 0.024905832919416705};-280.569866449043;33.6329597893695
47385;-106.651973435152;(-(x) * ((pow2((x + _a2_)) * _a0_) + (_a7_ * _a2_)));{'d0': {'_a0_': -3.3767608783285, '_a2_': 0.31192970773677503, '_a7_': -4.637506634907293, '_a1_': 1.0, '_a3_': 1.0, '_a4_': 1.0, '_a5_': 1.0, '_a6_': 1.0}};{'d0': 0.024905832919416705};-280.569866449043;33.6329597893695
47386;-106.651973435152;(-(x) * ((pow2((x + _a2_)) * _a0_) + (_a7_ * _a2_)));{'d0': {'_a0_': -3.3767608783285, '_a2_': 0.31192970773677503, '_a7_': -4.637506634907293, '_a1_': 1.0, '_a3_': 1.0, '_a4_': 1.0, '_a5_': 1.0, '_a6_': 1.0}};{'d0': 0.024905832919416705};-280.569866449043;33.6329597893695
47387;-106.651973435152;(-(x) * ((pow2((x + _a2_)) * _a0_) + (_a7_ * _a2_)));{'d0': {'_a0_': -3.3767608783285, '_a2_': 0.31192970773677503, '_a7_': -4.637506634907293, '_a1_': 1.0, '_a3_': 1.0, '_a4_': 1.0, '_a5_': 1.0, '_a6_': 1.0}};{'d0': 0.024905832919416705};-280.569866449043;33.6329597893695
47388;-106.651973435152;(-(x) * ((pow2((x + _a2_)) * _a0_) + (_a7_ * _a2_)));{'d0': {'_a0_': -3.3767608783285, '_a2_': 0.31192970773677503, '_a7_': -4.637506634907293, '_a1_': 1.0, '_a3_': 1.0, '_a4_': 1.0, '_a5_': 1.0, '_a6_': 1.0}};{'d0': 0.024905832919416705};-280.569866449043;33.6329597893695
47389;-106.651973435152;(-(x) * ((pow2((x + _a2_)) * _a0_) + (_a7_ * _a2_)));{'d0': {'_a0_': -3.3767608783285, '_a2_': 0.31192970773677503, '_a7_': -4.637506634907293, '_a1_': 1.0, '_a3_': 1.0, '_a4_': 1.0, '_a5_': 1.0, '_a6_': 1.0}};{'d0': 0.024905832919416705};-280.569866449043;33.6329597893695
47390;-106.651973435152;(-(x) * ((pow2((x + _a2_)) * _a0_) + (_a7_ * _a2_)));{'d0': {'_a0_': -3.3767608783285, '_a2_': 0.31192970773677503, '_a7_': -4.637506634907293, '_a1_': 1.0, '_a3_': 1.0, '_a4_': 1.0, '_a5_': 1.0, '_a6_': 1.0}};{'d0': 0.024905832919416705};-280.569866449043;33.6329597893695
47391;-106.651973435152;(-(x) * ((pow2((x + _a2_)) * _a0_) + (_a7_ * _a2_)));{'d0': {'_a0_': -3.3767608783285, '_a2_': 0.31192970773677503, '_a7_': -4.637506634907293, '_a1_': 1.0, '_a3_': 1.0, '_a4_': 1.0, '_a5_': 1.0, '_a6_': 1.0}};{'d0': 0.024905832919416705};-280.569866449043;33.6329597893695
47392;-106.651973435152;(-(x) * ((pow2((x + _a2_)) * _a0_) + (_a7_ * _a2_)));{'d0': {'_a0_': -3.3767608783285, '_a2_': 0.31192970773677503, '_a7_': -4.637506634907293, '_a1_': 1.0, '_a3_': 1.0, '_a4_': 1.0, '_a5_': 1.0, '_a6_': 1.0}};{'d0': 0.024905832919416705};-280.569866449043;33.6329597893695
47393;-106.651973435152;(-(x) * ((pow2((x + _a2_)) * _a0_) + (_a7_ * _a2_)));{'d0': {'_a0_': -3.3767608783285, '_a2_': 0.31192970773677503, '_a7_': -4.637506634907293, '_a1_': 1.0, '_a3_': 1.0, '_a4_': 1.0, '_a5_': 1.0, '_a6_': 1.0}};{'d0': 0.024905832919416705};-280.569866449043;33.6329597893695
47394;-106.651973435152;(-(x) * ((pow2((x + _a2_)) * _a0_) + (_a7_ * _a2_)));{'d0': {'_a0_': -3.3767608783285, '_a2_': 0.31192970773677503, '_a7_': -4.637506634907293, '_a1_': 1.0, '_a3_': 1.0, '_a4_': 1.0, '_a5_': 1.0, '_a6_': 1.0}};{'d0': 0.024905832919416705};-280.569866449043;33.6329597893695
47395;-106.651973435152;(-(x) * ((pow2((x + _a2_)) * _a0_) + (_a7_ * _a2_)));{'d0': {'_a0_': -3.3767608783285, '_a2_': 0.31192970773677503, '_a7_': -4.637506634907293, '_a1_': 1.0, '_a3_': 1.0, '_a4_': 1.0, '_a5_': 1.0, '_a6_': 1.0}};{'d0': 0.024905832919416705};-280.569866449043;33.6329597893695
47396;-106.651973435152;(-(x) * ((pow2((x + _a2_)) * _a0_) + (_a7_ * _a2_)));{'d0': {'_a0_': -3.3767608783285, '_a2_': 0.31192970773677503, '_a7_': -4.637506634907293, '_a1_': 1.0, '_a3_': 1.0, '_a4_': 1.0, '_a5_': 1.0, '_a6_': 1.0}};{'d0': 0.024905832919416705};-280.569866449043;33.6329597893695
47397;-106.651973435152;(-(x) * ((pow2((x + _a2_)) * _a0_) + (_a7_ * _a2_)));{'d0': {'_a0_': -3.3767608783285, '_a2_': 0.31192970773677503, '_a7_': -4.637506634907293, '_a1_': 1.0, '_a3_': 1.0, '_a4_': 1.0, '_a5_': 1.0, '_a6_': 1.0}};{'d0': 0.024905832919416705};-280.569866449043;33.6329597893695
47398;-104.549616141360;-(((_a7_ + (((x / _a2_) + _a2_) * (_a4_ * x))) * x));{'d0': {'_a2_': 0.7898477167139952, '_a4_': -2.667126869827472, '_a7_': -1.7751354043259093, '_a0_': 1.0, '_a1_': 1.0, '_a3_': 1.0, '_a5_': 1.0, '_a6_': 1.0}};{'d0': 0.024905832919416664};-280.569866449044;35.735317083161775
47399;-104.549616141360;-(((_a7_ + (((x / _a2_) + _a2_) * (_a4_ * x))) * x));{'d0': {'_a2_': 0.7898477167139952, '_a4_': -2.667126869827472, '_a7_': -1.7751354043259093, '_a0_': 1.0, '_a1_': 1.0, '_a3_': 1.0, '_a5_': 1.0, '_a6_': 1.0}};{'d0': 0.024905832919416664};-280.569866449044;35.735317083161775
47400;-104.549616141360;-(((_a7_ + (((x / _a2_) + _a2_) * (_a4_ * x))) * x));{'d0': {'_a2_': 0.7898477167139952, '_a4_': -2.667126869827472, '_a7_': -1.7751354043259093, '_a0_': 1.0, '_a1_': 1.0, '_a3_': 1.0, '_a5_': 1.0, '_a6_': 1.0}};{'d0': 0.024905832919416664};-280.569866449044;35.735317083161775
47401;-104.549616141360;-(((_a7_ + (((x / _a2_) + _a2_) * (_a4_ * x))) * x));{'d0': {'_a2_': 0.7898477167139952, '_a4_': -2.667126869827472, '_a7_': -1.7751354043259093, '_a0_': 1.0, '_a1_': 1.0, '_a3_': 1.0, '_a5_': 1.0, '_a6_': 1.0}};{'d0': 0.024905832919416664};-280.569866449044;35.735317083161775
47402;-104.549616141360;-(((_a7_ + (((x / _a2_) + _a2_) * (_a4_ * x))) * x));{'d0': {'_a2_': 0.7898477167139952, '_a4_': -2.667126869827472, '_a7_': -1.7751354043259093, '_a0_': 1.0, '_a1_': 1.0, '_a3_': 1.0, '_a5_': 1.0, '_a6_': 1.0}};{'d0': 0.024905832919416664};-280.569866449044;35.735317083161775
47403;-104.549616141360;-(((_a7_ + (((x / _a2_) + _a2_) * (_a4_ * x))) * x));{'d0': {'_a2_': 0.7898477167139952, '_a4_': -2.667126869827472, '_a7_': -1.7751354043259093, '_a0_': 1.0, '_a1_': 1.0, '_a3_': 1.0, '_a5_': 1.0, '_a6_': 1.0}};{'d0': 0.024905832919416664};-280.569866449044;35.735317083161775
47404;-104.549616141360;-(((_a7_ + (((x / _a2_) + _a2_) * (_a4_ * x))) * x));{'d0': {'_a2_': 0.7898477167139952, '_a4_': -2.667126869827472, '_a7_': -1.7751354043259093, '_a0_': 1.0, '_a1_': 1.0, '_a3_': 1.0, '_a5_': 1.0, '_a6_': 1.0}};{'d0': 0.024905832919416664};-280.569866449044;35.735317083161775
47405;-104.549616141360;-(((_a7_ + (((x / _a2_) + _a2_) * (_a4_ * x))) * x));{'d0': {'_a2_': 0.7898477167139952, '_a4_': -2.667126869827472, '_a7_': -1.7751354043259093, '_a0_': 1.0, '_a1_': 1.0, '_a3_': 1.0, '_a5_': 1.0, '_a6_': 1.0}};{'d0': 0.024905832919416664};-280.569866449044;35.735317083161775
47406;-83.5546261861776;((((((_a7_ + (x * x)) / _a5_) + _a2_) + x) / ((_a2_ * _a7_) + (_a4_ * _a2_))) * x);{'d0': {'_a2_': 1.2133580317154977, '_a4_': 0.6224956489484504, '_a5_': 0.623859415413273, '_a7_': -0.23127306231571446, '_a0_': 1.0, '_a1_': 1.0, '_a3_': 1.0, '_a6_': 1.0}};{'d0': 0.024905832921631482};-276.475521881486;54.683134754565586
47407;-83.5546261861776;((((((_a7_ + (x * x)) / _a5_) + _a2_) + x) / ((_a2_ * _a7_) + (_a4_ * _a2_))) * x);{'d0': {'_a2_': 1.2133580317154977, '_a4_': 0.6224956489484504, '_a5_': 0.623859415413273, '_a7_': -0.23127306231571446, '_a0_': 1.0, '_a1_': 1.0, '_a3_': 1.0, '_a6_': 1.0}};{'d0': 0.024905832921631482};-276.475521881486;54.683134754565586
47408;-81.5074539076636;((((((_a7_ + (x * x)) / _a5_) + _a2_) + x) / ((_a2_ * _a7_) + (_a4_ * _a1_))) * x);{'d0': {'_a1_': 0.8313401904423133, '_a2_': 0.7909562597990986, '_a4_': 0.5403176152384124, '_a5_': 0.6238594157408749, '_a7_': 0.03224626006255978, '_a0_': 1.0, '_a3_': 1.0, '_a6_': 1.0}};{'d0': 0.0249058329194754};-272.381177324458;54.683134754565586
47409;-81.5074539076636;((((((_a7_ + (x * x)) / _a5_) + _a2_) + x) / ((_a2_ * _a7_) + (_a4_ * _a1_))) * x);{'d0': {'_a1_': 0.8313401904423133, '_a2_': 0.7909562597990986, '_a4_': 0.5403176152384124, '_a5_': 0.6238594157408749, '_a7_': 0.03224626006255978, '_a0_': 1.0, '_a3_': 1.0, '_a6_': 1.0}};{'d0': 0.0249058329194754};-272.381177324458;54.683134754565586
47410;-88.5039661121735;((((((_a7_ + (x * x)) / _a5_) + _a2_) + x) / ((_a2_ * _a7_) + _a3_)) * x);{'d0': {'_a2_': 1.1585642013492545, '_a3_': 0.7030338167233884, '_a5_': 0.6238594155371112, '_a7_': -0.19708941531999774, '_a0_': 1.0, '_a1_': 1.0, '_a4_': 1.0, '_a6_': 1.0}};{'d0': 0.02490583292118407};-276.475521882564;49.73379482910859
47411;-88.5039661121735;((((((_a7_ + (x * x)) / _a5_) + _a2_) + x) / ((_a2_ * _a7_) + _a3_)) * x);{'d0': {'_a2_': 1.1585642013492545, '_a3_': 0.7030338167233884, '_a5_': 0.6238594155371112, '_a7_': -0.19708941531999774, '_a0_': 1.0, '_a1_': 1.0, '_a4_': 1.0, '_a6_': 1.0}};{'d0': 0.02490583292118407};-276.475521882564;49.73379482910859
47412;-88.5039661121735;((((((_a7_ + (x * x)) / _a5_) + _a2_) + x) / ((_a2_ * _a7_) + _a3_)) * x);{'d0': {'_a2_': 1.1585642013492545, '_a3_': 0.7030338167233884, '_a5_': 0.6238594155371112, '_a7_': -0.19708941531999774, '_a0_': 1.0, '_a1_': 1.0, '_a4_': 1.0, '_a6_': 1.0}};{'d0': 0.02490583292118407};-276.475521882564;49.73379482910859
47413;-88.5039661121735;((((((_a7_ + (x * x)) / _a5_) + _a2_) + x) / ((_a2_ * _a7_) + _a3_)) * x);{'d0': {'_a2_': 1.1585642013492545, '_a3_': 0.7030338167233884, '_a5_': 0.6238594155371112, '_a7_': -0.19708941531999774, '_a0_': 1.0, '_a1_': 1.0, '_a4_': 1.0, '_a6_': 1.0}};{'d0': 0.02490583292118407};-276.475521882564;49.73379482910859
47414;-88.5039661121735;((((((_a7_ + (x * x)) / _a5_) + _a2_) + x) / ((_a2_ * _a7_) + _a3_)) * x);{'d0': {'_a2_': 1.1585642013492545, '_a3_': 0.7030338167233884, '_a5_': 0.6238594155371112, '_a7_': -0.19708941531999774, '_a0_': 1.0, '_a1_': 1.0, '_a4_': 1.0, '_a6_': 1.0}};{'d0': 0.02490583292118407};-276.475521882564;49.73379482910859
47415;-88.5039661121735;((((((_a7_ + (x * x)) / _a5_) + _a2_) + x) / ((_a2_ * _a7_) + _a3_)) * x);{'d0': {'_a2_': 1.1585642013492545, '_a3_': 0.7030338167233884, '_a5_': 0.6238594155371112, '_a7_': -0.19708941531999774, '_a0_': 1.0, '_a1_': 1.0, '_a4_': 1.0, '_a6_': 1.0}};{'d0': 0.02490583292118407};-276.475521882564;49.73379482910859
47416;-88.5039661121735;((((((_a7_ + (x * x)) / _a5_) + _a2_) + x) / ((_a2_ * _a7_) + _a3_)) * x);{'d0': {'_a2_': 1.1585642013492545, '_a3_': 0.7030338167233884, '_a5_': 0.6238594155371112, '_a7_': -0.19708941531999774, '_a0_': 1.0, '_a1_': 1.0, '_a4_': 1.0, '_a6_': 1.0}};{'d0': 0.02490583292118407};-276.475521882564;49.73379482910859
47417;-90.5511383954135;((((((_a7_ + (x * x)) / _a5_) + _a2_) + x) / ((_a2_ * _a7_) + _a5_)) * x);{'d0': {'_a2_': 1.0667794000205315, '_a5_': 0.6238594161086396, '_a7_': -0.13982860398771663, '_a0_': 1.0, '_a1_': 1.0, '_a3_': 1.0, '_a4_': 1.0, '_a6_': 1.0}};{'d0': 0.024905832919416646};-280.569866449044;49.73379482910859
47418;-90.5511383954135;((((((_a7_ + (x * x)) / _a5_) + _a2_) + x) / ((_a2_ * _a7_) + _a5_)) * x);{'d0': {'_a2_': 1.0667794000205315, '_a5_': 0.6238594161086396, '_a7_': -0.13982860398771663, '_a0_': 1.0, '_a1_': 1.0, '_a3_': 1.0, '_a4_': 1.0, '_a6_': 1.0}};{'d0': 0.024905832919416646};-280.569866449044;49.73379482910859
47419;-90.5511383954135;((((((_a7_ + (x * x)) / _a5_) + _a2_) + x) / ((_a2_ * _a7_) + _a5_)) * x);{'d0': {'_a2_': 1.0667794000205315, '_a5_': 0.6238594161086396, '_a7_': -0.13982860398771663, '_a0_': 1.0, '_a1_': 1.0, '_a3_': 1.0, '_a4_': 1.0, '_a6_': 1.0}};{'d0': 0.024905832919416646};-280.569866449044;49.73379482910859
47420;-90.5511383954135;((((((_a7_ + (x * x)) / _a5_) + _a2_) + x) / ((_a2_ * _a7_) + _a5_)) * x);{'d0': {'_a2_': 1.0667794000205315, '_a5_': 0.6238594161086396, '_a7_': -0.13982860398771663, '_a0_': 1.0, '_a1_': 1.0, '_a3_': 1.0, '_a4_': 1.0, '_a6_': 1.0}};{'d0': 0.024905832919416646};-280.569866449044;49.73379482910859
47421;-90.5511383954135;((((((_a7_ + (x * x)) / _a5_) + _a2_) + x) / ((_a2_ * _a7_) + _a5_)) * x);{'d0': {'_a2_': 1.0667794000205315, '_a5_': 0.6238594161086396, '_a7_': -0.13982860398771663, '_a0_': 1.0, '_a1_': 1.0, '_a3_': 1.0, '_a4_': 1.0, '_a6_': 1.0}};{'d0': 0.024905832919416646};-280.569866449044;49.73379482910859
47422;-90.5511383954135;((((((_a7_ + (x * x)) / _a5_) + _a2_) + x) / ((_a2_ * _a7_) + _a5_)) * x);{'d0': {'_a2_': 1.0667794000205315, '_a5_': 0.6238594161086396, '_a7_': -0.13982860398771663, '_a0_': 1.0, '_a1_': 1.0, '_a3_': 1.0, '_a4_': 1.0, '_a6_': 1.0}};{'d0': 0.024905832919416646};-280.569866449044;49.73379482910859
47423;-90.5511383954135;((((((_a7_ + (x * x)) / _a5_) + _a2_) + x) / ((_a2_ * _a7_) + _a5_)) * x);{'d0': {'_a2_': 1.0667794000205315, '_a5_': 0.6238594161086396, '_a7_': -0.13982860398771663, '_a0_': 1.0, '_a1_': 1.0, '_a3_': 1.0, '_a4_': 1.0, '_a6_': 1.0}};{'d0': 0.024905832919416646};-280.569866449044;49.73379482910859
47424;-90.5511383954135;((((((_a7_ + (x * x)) / _a5_) + _a2_) + x) / ((_a2_ * _a7_) + _a5_)) * x);{'d0': {'_a2_': 1.0667794000205315, '_a5_': 0.6238594161086396, '_a7_': -0.13982860398771663, '_a0_': 1.0, '_a1_': 1.0, '_a3_': 1.0, '_a4_': 1.0, '_a6_': 1.0}};{'d0': 0.024905832919416646};-280.569866449044;49.73379482910859
47425;-90.5511383954135;((((((_a7_ + (x * x)) / _a5_) + _a2_) + x) / ((_a2_ * _a7_) + _a5_)) * x);{'d0': {'_a2_': 1.0667794000205315, '_a5_': 0.6238594161086396, '_a7_': -0.13982860398771663, '_a0_': 1.0, '_a1_': 1.0, '_a3_': 1.0, '_a4_': 1.0, '_a6_': 1.0}};{'d0': 0.024905832919416646};-280.569866449044;49.73379482910859
47426;-90.5511383954135;((((((_a7_ + (x * x)) / _a5_) + _a2_) + x) / ((_a2_ * _a7_) + _a5_)) * x);{'d0': {'_a2_': 1.0667794000205315, '_a5_': 0.6238594161086396, '_a7_': -0.13982860398771663, '_a0_': 1.0, '_a1_': 1.0, '_a3_': 1.0, '_a4_': 1.0, '_a6_': 1.0}};{'d0': 0.024905832919416646};-280.569866449044;49.73379482910859
47427;-90.5511383954135;((((((_a7_ + (x * x)) / _a5_) + _a2_) + x) / ((_a2_ * _a7_) + _a5_)) * x);{'d0': {'_a2_': 1.0667794000205315, '_a5_': 0.6238594161086396, '_a7_': -0.13982860398771663, '_a0_': 1.0, '_a1_': 1.0, '_a3_': 1.0, '_a4_': 1.0, '_a6_': 1.0}};{'d0': 0.024905832919416646};-280.569866449044;49.73379482910859
47428;-90.5511383954135;((((((_a7_ + (x * x)) / _a5_) + _a2_) + x) / ((_a2_ * _a7_) + _a5_)) * x);{'d0': {'_a2_': 1.0667794000205315, '_a5_': 0.6238594161086396, '_a7_': -0.13982860398771663, '_a0_': 1.0, '_a1_': 1.0, '_a3_': 1.0, '_a4_': 1.0, '_a6_': 1.0}};{'d0': 0.024905832919416646};-280.569866449044;49.73379482910859
47429;-90.5511383954135;((((((_a7_ + (x * x)) / _a5_) + _a2_) + x) / ((_a2_ * _a7_) + _a5_)) * x);{'d0': {'_a2_': 1.0667794000205315, '_a5_': 0.6238594161086396, '_a7_': -0.13982860398771663, '_a0_': 1.0, '_a1_': 1.0, '_a3_': 1.0, '_a4_': 1.0, '_a6_': 1.0}};{'d0': 0.024905832919416646};-280.569866449044;49.73379482910859
47430;-90.5511383954135;((((((_a7_ + (x * x)) / _a5_) + _a2_) + x) / ((_a2_ * _a7_) + _a5_)) * x);{'d0': {'_a2_': 1.0667794000205315, '_a5_': 0.6238594161086396, '_a7_': -0.13982860398771663, '_a0_': 1.0, '_a1_': 1.0, '_a3_': 1.0, '_a4_': 1.0, '_a6_': 1.0}};{'d0': 0.024905832919416646};-280.569866449044;49.73379482910859
47431;-90.5511383954135;((((((_a7_ + (x * x)) / _a5_) + _a2_) + x) / ((_a2_ * _a7_) + _a5_)) * x);{'d0': {'_a2_': 1.0667794000205315, '_a5_': 0.6238594161086396, '_a7_': -0.13982860398771663, '_a0_': 1.0, '_a1_': 1.0, '_a3_': 1.0, '_a4_': 1.0, '_a6_': 1.0}};{'d0': 0.024905832919416646};-280.569866449044;49.73379482910859
47432;-90.5511383954135;((((((_a7_ + (x * x)) / _a5_) + _a2_) + x) / ((_a2_ * _a7_) + _a5_)) * x);{'d0': {'_a2_': 1.0667794000205315, '_a5_': 0.6238594161086396, '_a7_': -0.13982860398771663, '_a0_': 1.0, '_a1_': 1.0, '_a3_': 1.0, '_a4_': 1.0, '_a6_': 1.0}};{'d0': 0.024905832919416646};-280.569866449044;49.73379482910859
47433;-90.5511383954135;((((((_a7_ + (x * x)) / _a5_) + _a2_) + x) / ((_a2_ * _a7_) + _a5_)) * x);{'d0': {'_a2_': 1.0667794000205315, '_a5_': 0.6238594161086396, '_a7_': -0.13982860398771663, '_a0_': 1.0, '_a1_': 1.0, '_a3_': 1.0, '_a4_': 1.0, '_a6_': 1.0}};{'d0': 0.024905832919416646};-280.569866449044;49.73379482910859
47434;-90.5511383954135;((((((_a7_ + (x * x)) / _a5_) + _a2_) + x) / ((_a2_ * _a7_) + _a5_)) * x);{'d0': {'_a2_': 1.0667794000205315, '_a5_': 0.6238594161086396, '_a7_': -0.13982860398771663, '_a0_': 1.0, '_a1_': 1.0, '_a3_': 1.0, '_a4_': 1.0, '_a6_': 1.0}};{'d0': 0.024905832919416646};-280.569866449044;49.73379482910859
47435;-90.5511383954135;((((((_a7_ + (x * x)) / _a5_) + _a2_) + x) / ((_a2_ * _a7_) + _a5_)) * x);{'d0': {'_a2_': 1.0667794000205315, '_a5_': 0.6238594161086396, '_a7_': -0.13982860398771663, '_a0_': 1.0, '_a1_': 1.0, '_a3_': 1.0, '_a4_': 1.0, '_a6_': 1.0}};{'d0': 0.024905832919416646};-280.569866449044;49.73379482910859
47436;-90.5511383954135;((((((_a7_ + (x * x)) / _a5_) + _a2_) + x) / ((_a2_ * _a7_) + _a5_)) * x);{'d0': {'_a2_': 1.0667794000205315, '_a5_': 0.6238594161086396, '_a7_': -0.13982860398771663, '_a0_': 1.0, '_a1_': 1.0, '_a3_': 1.0, '_a4_': 1.0, '_a6_': 1.0}};{'d0': 0.024905832919416646};-280.569866449044;49.73379482910859
47437;-90.5511383954135;((((((_a7_ + (x * x)) / _a5_) + _a2_) + x) / ((_a2_ * _a7_) + _a5_)) * x);{'d0': {'_a2_': 1.0667794000205315, '_a5_': 0.6238594161086396, '_a7_': -0.13982860398771663, '_a0_': 1.0, '_a1_': 1.0, '_a3_': 1.0, '_a4_': 1.0, '_a6_': 1.0}};{'d0': 0.024905832919416646};-280.569866449044;49.73379482910859
47438;-90.5511383954135;((((((_a7_ + (x * x)) / _a5_) + _a2_) + x) / ((_a2_ * _a7_) + _a5_)) * x);{'d0': {'_a2_': 1.0667794000205315, '_a5_': 0.6238594161086396, '_a7_': -0.13982860398771663, '_a0_': 1.0, '_a1_': 1.0, '_a3_': 1.0, '_a4_': 1.0, '_a6_': 1.0}};{'d0': 0.024905832919416646};-280.569866449044;49.73379482910859
47439;-90.5511383954135;((((((_a7_ + (x * x)) / _a5_) + _a2_) + x) / ((_a2_ * _a7_) + _a5_)) * x);{'d0': {'_a2_': 1.0667794000205315, '_a5_': 0.6238594161086396, '_a7_': -0.13982860398771663, '_a0_': 1.0, '_a1_': 1.0, '_a3_': 1.0, '_a4_': 1.0, '_a6_': 1.0}};{'d0': 0.024905832919416646};-280.569866449044;49.73379482910859
47440;-95.4281210345486;((((((_a7_ + (x * x)) / _a5_) + _a2_) + x) / (_a2_ + _a5_)) * x);{'d0': {'_a2_': -0.1491662732332445, '_a5_': 0.6238594158941618, '_a7_': 0.6187505547262174, '_a0_': 1.0, '_a1_': 1.0, '_a3_': 1.0, '_a4_': 1.0, '_a6_': 1.0}};{'d0': 0.024905832919416573};-280.569866449044;44.85681218997359
47441;-95.4281210345486;((((((_a7_ + (x * x)) / _a5_) + _a2_) + x) / (_a2_ + _a5_)) * x);{'d0': {'_a2_': -0.1491662732332445, '_a5_': 0.6238594158941618, '_a7_': 0.6187505547262174, '_a0_': 1.0, '_a1_': 1.0, '_a3_': 1.0, '_a4_': 1.0, '_a6_': 1.0}};{'d0': 0.024905832919416573};-280.569866449044;44.85681218997359
47442;-95.4281210345486;((((((_a7_ + (x * x)) / _a5_) + _a2_) + x) / (_a2_ + _a5_)) * x);{'d0': {'_a2_': -0.1491662732332445, '_a5_': 0.6238594158941618, '_a7_': 0.6187505547262174, '_a0_': 1.0, '_a1_': 1.0, '_a3_': 1.0, '_a4_': 1.0, '_a6_': 1.0}};{'d0': 0.024905832919416573};-280.569866449044;44.85681218997359
47443;-95.4281210345486;((((((_a7_ + (x * x)) / _a5_) + _a2_) + x) / (_a2_ + _a5_)) * x);{'d0': {'_a2_': -0.1491662732332445, '_a5_': 0.6238594158941618, '_a7_': 0.6187505547262174, '_a0_': 1.0, '_a1_': 1.0, '_a3_': 1.0, '_a4_': 1.0, '_a6_': 1.0}};{'d0': 0.024905832919416573};-280.569866449044;44.85681218997359
47444;-95.4281210345486;((((((_a7_ + (x * x)) / _a5_) + _a2_) + x) / (_a2_ + _a5_)) * x);{'d0': {'_a2_': -0.1491662732332445, '_a5_': 0.6238594158941618, '_a7_': 0.6187505547262174, '_a0_': 1.0, '_a1_': 1.0, '_a3_': 1.0, '_a4_': 1.0, '_a6_': 1.0}};{'d0': 0.024905832919416573};-280.569866449044;44.85681218997359
47445;-95.4281210345486;((((((_a7_ + (x * x)) / _a5_) + _a2_) + x) / (_a2_ + _a5_)) * x);{'d0': {'_a2_': -0.1491662732332445, '_a5_': 0.6238594158941618, '_a7_': 0.6187505547262174, '_a0_': 1.0, '_a1_': 1.0, '_a3_': 1.0, '_a4_': 1.0, '_a6_': 1.0}};{'d0': 0.024905832919416573};-280.569866449044;44.85681218997359
47446;-95.4281210345486;((((((_a7_ + (x * x)) / _a5_) + _a2_) + x) / (_a2_ + _a5_)) * x);{'d0': {'_a2_': -0.1491662732332445, '_a5_': 0.6238594158941618, '_a7_': 0.6187505547262174, '_a0_': 1.0, '_a1_': 1.0, '_a3_': 1.0, '_a4_': 1.0, '_a6_': 1.0}};{'d0': 0.024905832919416573};-280.569866449044;44.85681218997359
47447;-95.4281210345486;((((((_a7_ + (x * x)) / _a5_) + _a2_) + x) / (_a2_ + _a5_)) * x);{'d0': {'_a2_': -0.1491662732332445, '_a5_': 0.6238594158941618, '_a7_': 0.6187505547262174, '_a0_': 1.0, '_a1_': 1.0, '_a3_': 1.0, '_a4_': 1.0, '_a6_': 1.0}};{'d0': 0.024905832919416573};-280.569866449044;44.85681218997359
47448;-95.4281210345486;((((((_a7_ + (x * x)) / _a5_) + _a2_) + x) / (_a2_ + _a5_)) * x);{'d0': {'_a2_': -0.1491662732332445, '_a5_': 0.6238594158941618, '_a7_': 0.6187505547262174, '_a0_': 1.0, '_a1_': 1.0, '_a3_': 1.0, '_a4_': 1.0, '_a6_': 1.0}};{'d0': 0.024905832919416573};-280.569866449044;44.85681218997359
47449;-95.4281210345486;((((((_a7_ + (x * x)) / _a5_) + _a2_) + x) / (_a2_ + _a5_)) * x);{'d0': {'_a2_': -0.1491662732332445, '_a5_': 0.6238594158941618, '_a7_': 0.6187505547262174, '_a0_': 1.0, '_a1_': 1.0, '_a3_': 1.0, '_a4_': 1.0, '_a6_': 1.0}};{'d0': 0.024905832919416573};-280.569866449044;44.85681218997359
47450;-95.4281210345486;((((((_a7_ + (x * x)) / _a5_) + _a2_) + x) / (_a2_ + _a5_)) * x);{'d0': {'_a2_': -0.1491662732332445, '_a5_': 0.6238594158941618, '_a7_': 0.6187505547262174, '_a0_': 1.0, '_a1_': 1.0, '_a3_': 1.0, '_a4_': 1.0, '_a6_': 1.0}};{'d0': 0.024905832919416573};-280.569866449044;44.85681218997359
47451;-100.731372386122;(-(x) * ((pow2((x + (_a3_ * _a4_))) * _a4_) + (_a1_ + _a4_)));{'d0': {'_a1_': 1.9301847861364587, '_a3_': -0.09237542108255035, '_a4_': -3.376760876184366, '_a0_': 1.0, '_a2_': 1.0, '_a5_': 1.0, '_a6_': 1.0, '_a7_': 1.0}};{'d0': 0.02490583291941659};-280.569866449044;39.5535608383995
47452;-100.731372386122;(-(x) * ((pow2((x + (_a3_ * _a4_))) * _a4_) + (_a1_ + _a4_)));{'d0': {'_a1_': 1.9301847861364587, '_a3_': -0.09237542108255035, '_a4_': -3.376760876184366, '_a0_': 1.0, '_a2_': 1.0, '_a5_': 1.0, '_a6_': 1.0, '_a7_': 1.0}};{'d0': 0.02490583291941659};-280.569866449044;39.5535608383995
47453;-100.731372386122;(-(x) * ((pow2((x + (_a3_ * _a4_))) * _a4_) + (_a1_ + _a4_)));{'d0': {'_a1_': 1.9301847861364587, '_a3_': -0.09237542108255035, '_a4_': -3.376760876184366, '_a0_': 1.0, '_a2_': 1.0, '_a5_': 1.0, '_a6_': 1.0, '_a7_': 1.0}};{'d0': 0.02490583291941659};-280.569866449044;39.5535608383995
47454;-100.731372386122;(-(x) * ((pow2((x + (_a3_ * _a4_))) * _a4_) + (_a1_ + _a4_)));{'d0': {'_a1_': 1.9301847861364587, '_a3_': -0.09237542108255035, '_a4_': -3.376760876184366, '_a0_': 1.0, '_a2_': 1.0, '_a5_': 1.0, '_a6_': 1.0, '_a7_': 1.0}};{'d0': 0.02490583291941659};-280.569866449044;39.5535608383995
47455;-100.731372386122;(-(x) * ((pow2((x + (_a3_ * _a4_))) * _a4_) + (_a1_ + _a4_)));{'d0': {'_a1_': 1.9301847861364587, '_a3_': -0.09237542108255035, '_a4_': -3.376760876184366, '_a0_': 1.0, '_a2_': 1.0, '_a5_': 1.0, '_a6_': 1.0, '_a7_': 1.0}};{'d0': 0.02490583291941659};-280.569866449044;39.5535608383995
47456;-100.731372386122;(-(x) * ((pow2((x + (_a3_ * _a4_))) * _a4_) + (_a1_ + _a4_)));{'d0': {'_a1_': 1.9301847861364587, '_a3_': -0.09237542108255035, '_a4_': -3.376760876184366, '_a0_': 1.0, '_a2_': 1.0, '_a5_': 1.0, '_a6_': 1.0, '_a7_': 1.0}};{'d0': 0.02490583291941659};-280.569866449044;39.5535608383995
47457;-100.731372386122;(-(x) * ((pow2((x + (_a3_ * _a4_))) * _a4_) + (_a1_ + _a4_)));{'d0': {'_a1_': 1.9301847861364587, '_a3_': -0.09237542108255035, '_a4_': -3.376760876184366, '_a0_': 1.0, '_a2_': 1.0, '_a5_': 1.0, '_a6_': 1.0, '_a7_': 1.0}};{'d0': 0.02490583291941659};-280.569866449044;39.5535608383995
47458;-100.731372386122;(-(x) * ((pow2((x + (_a3_ * _a4_))) * _a4_) + (_a1_ + _a4_)));{'d0': {'_a1_': 1.9301847861364587, '_a3_': -0.09237542108255035, '_a4_': -3.376760876184366, '_a0_': 1.0, '_a2_': 1.0, '_a5_': 1.0, '_a6_': 1.0, '_a7_': 1.0}};{'d0': 0.02490583291941659};-280.569866449044;39.5535608383995
47459;-100.731372386122;(-(x) * ((pow2((x + (_a3_ * _a4_))) * _a4_) + (_a1_ + _a4_)));{'d0': {'_a1_': 1.9301847861364587, '_a3_': -0.09237542108255035, '_a4_': -3.376760876184366, '_a0_': 1.0, '_a2_': 1.0, '_a5_': 1.0, '_a6_': 1.0, '_a7_': 1.0}};{'d0': 0.02490583291941659};-280.569866449044;39.5535608383995
47460;-100.731372386122;(-(x) * ((pow2((x + (_a3_ * _a4_))) * _a4_) + (_a1_ + _a4_)));{'d0': {'_a1_': 1.9301847861364587, '_a3_': -0.09237542108255035, '_a4_': -3.376760876184366, '_a0_': 1.0, '_a2_': 1.0, '_a5_': 1.0, '_a6_': 1.0, '_a7_': 1.0}};{'d0': 0.02490583291941659};-280.569866449044;39.5535608383995
47461;-100.731372386122;(-(x) * ((pow2((x + (_a3_ * _a4_))) * _a4_) + (_a1_ + _a4_)));{'d0': {'_a1_': 1.9301847861364587, '_a3_': -0.09237542108255035, '_a4_': -3.376760876184366, '_a0_': 1.0, '_a2_': 1.0, '_a5_': 1.0, '_a6_': 1.0, '_a7_': 1.0}};{'d0': 0.02490583291941659};-280.569866449044;39.5535608383995
47462;-100.731372386122;(-(x) * ((pow2((x + (_a3_ * _a4_))) * _a4_) + (_a1_ + _a4_)));{'d0': {'_a1_': 1.9301847861364587, '_a3_': -0.09237542108255035, '_a4_': -3.376760876184366, '_a0_': 1.0, '_a2_': 1.0, '_a5_': 1.0, '_a6_': 1.0, '_a7_': 1.0}};{'d0': 0.02490583291941659};-280.569866449044;39.5535608383995
47463;-100.731372386122;(-(x) * ((pow2((x + (_a3_ * _a4_))) * _a4_) + (_a1_ + _a4_)));{'d0': {'_a1_': 1.9301847861364587, '_a3_': -0.09237542108255035, '_a4_': -3.376760876184366, '_a0_': 1.0, '_a2_': 1.0, '_a5_': 1.0, '_a6_': 1.0, '_a7_': 1.0}};{'d0': 0.02490583291941659};-280.569866449044;39.5535608383995
47464;-100.731372386122;(-(x) * ((pow2((x + (_a3_ * _a4_))) * _a4_) + (_a1_ + _a4_)));{'d0': {'_a1_': 1.9301847861364587, '_a3_': -0.09237542108255035, '_a4_': -3.376760876184366, '_a0_': 1.0, '_a2_': 1.0, '_a5_': 1.0, '_a6_': 1.0, '_a7_': 1.0}};{'d0': 0.02490583291941659};-280.569866449044;39.5535608383995
47465;-100.731372386122;(-(x) * ((pow2((x + (_a3_ * _a4_))) * _a4_) + (_a1_ + _a4_)));{'d0': {'_a1_': 1.9301847861364587, '_a3_': -0.09237542108255035, '_a4_': -3.376760876184366, '_a0_': 1.0, '_a2_': 1.0, '_a5_': 1.0, '_a6_': 1.0, '_a7_': 1.0}};{'d0': 0.02490583291941659};-280.569866449044;39.5535608383995
47466;-100.731372386122;(-(x) * ((pow2((x + (_a3_ * _a4_))) * _a4_) + (_a1_ + _a4_)));{'d0': {'_a1_': 1.9301847861364587, '_a3_': -0.09237542108255035, '_a4_': -3.376760876184366, '_a0_': 1.0, '_a2_': 1.0, '_a5_': 1.0, '_a6_': 1.0, '_a7_': 1.0}};{'d0': 0.02490583291941659};-280.569866449044;39.5535608383995
47467;-100.731372386122;(-(x) * ((pow2((x + (_a3_ * _a4_))) * _a4_) + (_a1_ + _a4_)));{'d0': {'_a1_': 1.9301847861364587, '_a3_': -0.09237542108255035, '_a4_': -3.376760876184366, '_a0_': 1.0, '_a2_': 1.0, '_a5_': 1.0, '_a6_': 1.0, '_a7_': 1.0}};{'d0': 0.02490583291941659};-280.569866449044;39.5535608383995
47468;-100.731372386122;(-(x) * ((pow2((x + (_a3_ * _a4_))) * _a4_) + (_a1_ + _a4_)));{'d0': {'_a1_': 1.9301847861364587, '_a3_': -0.09237542108255035, '_a4_': -3.376760876184366, '_a0_': 1.0, '_a2_': 1.0, '_a5_': 1.0, '_a6_': 1.0, '_a7_': 1.0}};{'d0': 0.02490583291941659};-280.569866449044;39.5535608383995
47469;-100.731372386122;(-(x) * ((pow2((x + (_a3_ * _a4_))) * _a4_) + (_a1_ + _a4_)));{'d0': {'_a1_': 1.9301847861364587, '_a3_': -0.09237542108255035, '_a4_': -3.376760876184366, '_a0_': 1.0, '_a2_': 1.0, '_a5_': 1.0, '_a6_': 1.0, '_a7_': 1.0}};{'d0': 0.02490583291941659};-280.569866449044;39.5535608383995
47470;-100.731372386122;(-(x) * ((pow2((x + (_a3_ * _a4_))) * _a4_) + (_a1_ + _a4_)));{'d0': {'_a1_': 1.9301847861364587, '_a3_': -0.09237542108255035, '_a4_': -3.376760876184366, '_a0_': 1.0, '_a2_': 1.0, '_a5_': 1.0, '_a6_': 1.0, '_a7_': 1.0}};{'d0': 0.02490583291941659};-280.569866449044;39.5535608383995
47471;-100.731372386122;(-(x) * ((pow2((x + (_a3_ * _a3_))) * _a4_) + (_a1_ + _a4_)));{'d0': {'_a1_': 1.9301847902892544, '_a3_': -0.5585066765592618, '_a4_': -3.3767608792773367, '_a0_': 1.0, '_a2_': 1.0, '_a5_': 1.0, '_a6_': 1.0, '_a7_': 1.0}};{'d0': 0.024905832919416695};-280.569866449043;39.5535608383995
47472;-100.731372386122;(-(x) * ((pow2((x + (_a3_ * _a3_))) * _a4_) + (_a1_ + _a4_)));{'d0': {'_a1_': 1.9301847902892544, '_a3_': -0.5585066765592618, '_a4_': -3.3767608792773367, '_a0_': 1.0, '_a2_': 1.0, '_a5_': 1.0, '_a6_': 1.0, '_a7_': 1.0}};{'d0': 0.024905832919416695};-280.569866449043;39.5535608383995
47473;-101.702633509695;(-(x) * ((pow2((x + (_a3_ * _a3_))) * _a4_) + (_a1_ * _a4_)));{'d0': {'_a1_': 0.42839162808223274, '_a3_': -0.5585066765402595, '_a4_': -3.37676087678628, '_a0_': 1.0, '_a2_': 1.0, '_a5_': 1.0, '_a6_': 1.0, '_a7_': 1.0}};{'d0': 0.02490583291941658};-280.569866449044;38.5822997148265
47474;-101.702633509695;(-(x) * ((pow2((x + (_a3_ * _a3_))) * _a4_) + (_a1_ * _a4_)));{'d0': {'_a1_': 0.42839162808223274, '_a3_': -0.5585066765402595, '_a4_': -3.37676087678628, '_a0_': 1.0, '_a2_': 1.0, '_a5_': 1.0, '_a6_': 1.0, '_a7_': 1.0}};{'d0': 0.02490583291941658};-280.569866449044;38.5822997148265
47475;-101.702633509695;(-(x) * ((pow2((x + (_a3_ * _a3_))) * _a4_) + (_a1_ * _a4_)));{'d0': {'_a1_': 0.42839162808223274, '_a3_': -0.5585066765402595, '_a4_': -3.37676087678628, '_a0_': 1.0, '_a2_': 1.0, '_a5_': 1.0, '_a6_': 1.0, '_a7_': 1.0}};{'d0': 0.02490583291941658};-280.569866449044;38.5822997148265
47476;-101.702633509695;(-(x) * ((pow2((x + (_a3_ * _a3_))) * _a4_) + (_a1_ * _a4_)));{'d0': {'_a1_': 0.42839162808223274, '_a3_': -0.5585066765402595, '_a4_': -3.37676087678628, '_a0_': 1.0, '_a2_': 1.0, '_a5_': 1.0, '_a6_': 1.0, '_a7_': 1.0}};{'d0': 0.02490583291941658};-280.569866449044;38.5822997148265
47477;-101.702633509695;(-(x) * ((pow2((x + (_a3_ * _a3_))) * _a4_) + (_a1_ * _a4_)));{'d0': {'_a1_': 0.42839162808223274, '_a3_': -0.5585066765402595, '_a4_': -3.37676087678628, '_a0_': 1.0, '_a2_': 1.0, '_a5_': 1.0, '_a6_': 1.0, '_a7_': 1.0}};{'d0': 0.02490583291941658};-280.569866449044;38.5822997148265
47478;-101.702633509695;(-(x) * ((pow2((x + (_a3_ * _a3_))) * _a4_) + (_a1_ * _a4_)));{'d0': {'_a1_': 0.42839162808223274, '_a3_': -0.5585066765402595, '_a4_': -3.37676087678628, '_a0_': 1.0, '_a2_': 1.0, '_a5_': 1.0, '_a6_': 1.0, '_a7_': 1.0}};{'d0': 0.02490583291941658};-280.569866449044;38.5822997148265
47479;-101.702633509695;(-(x) * ((pow2((x + (_a3_ * _a3_))) * _a4_) + (_a1_ * _a4_)));{'d0': {'_a1_': 0.42839162808223274, '_a3_': -0.5585066765402595, '_a4_': -3.37676087678628, '_a0_': 1.0, '_a2_': 1.0, '_a5_': 1.0, '_a6_': 1.0, '_a7_': 1.0}};{'d0': 0.02490583291941658};-280.569866449044;38.5822997148265
47480;-101.702633509695;(-(x) * ((pow2((x + (_a3_ * _a3_))) * _a4_) + (_a1_ * _a4_)));{'d0': {'_a1_': 0.42839162808223274, '_a3_': -0.5585066765402595, '_a4_': -3.37676087678628, '_a0_': 1.0, '_a2_': 1.0, '_a5_': 1.0, '_a6_': 1.0, '_a7_': 1.0}};{'d0': 0.02490583291941658};-280.569866449044;38.5822997148265
47481;-95.4281210345486;((((((_a7_ + (x * x)) / _a5_) + _a2_) + x) / (_a2_ + _a5_)) * x);{'d0': {'_a2_': -0.1491662732332445, '_a5_': 0.6238594158941618, '_a7_': 0.6187505547262174, '_a0_': 1.0, '_a1_': 1.0, '_a3_': 1.0, '_a4_': 1.0, '_a6_': 1.0}};{'d0': 0.024905832919416573};-280.569866449044;44.85681218997359
47482;-95.4281210345486;((((((_a7_ + (x * x)) / _a5_) + _a2_) + x) / (_a2_ + _a5_)) * x);{'d0': {'_a2_': -0.1491662732332445, '_a5_': 0.6238594158941618, '_a7_': 0.6187505547262174, '_a0_': 1.0, '_a1_': 1.0, '_a3_': 1.0, '_a4_': 1.0, '_a6_': 1.0}};{'d0': 0.024905832919416573};-280.569866449044;44.85681218997359
47483;-95.4281210345486;((((((_a7_ + (x * x)) / _a5_) + _a2_) + x) / (_a2_ + _a5_)) * x);{'d0': {'_a2_': -0.1491662732332445, '_a5_': 0.6238594158941618, '_a7_': 0.6187505547262174, '_a0_': 1.0, '_a1_': 1.0, '_a3_': 1.0, '_a4_': 1.0, '_a6_': 1.0}};{'d0': 0.024905832919416573};-280.569866449044;44.85681218997359
47484;-101.348722083578;((((((_a7_ + (x * x)) / _a5_) + _a2_) + x) / _a7_) * x);{'d0': {'_a2_': 0.08174698733744577, '_a5_': 0.6238594157876158, '_a7_': 0.47469314293877446, '_a0_': 1.0, '_a1_': 1.0, '_a3_': 1.0, '_a4_': 1.0, '_a6_': 1.0}};{'d0': 0.02490583291941669};-280.569866449043;38.93621114094359
47485;-101.348722083578;((((((_a7_ + (x * x)) / _a5_) + _a2_) + x) / _a7_) * x);{'d0': {'_a2_': 0.08174698733744577, '_a5_': 0.6238594157876158, '_a7_': 0.47469314293877446, '_a0_': 1.0, '_a1_': 1.0, '_a3_': 1.0, '_a4_': 1.0, '_a6_': 1.0}};{'d0': 0.02490583291941669};-280.569866449043;38.93621114094359
47486;-101.348722083578;((((((_a7_ + (x * x)) / _a5_) + _a2_) + x) / _a7_) * x);{'d0': {'_a2_': 0.08174698733744577, '_a5_': 0.6238594157876158, '_a7_': 0.47469314293877446, '_a0_': 1.0, '_a1_': 1.0, '_a3_': 1.0, '_a4_': 1.0, '_a6_': 1.0}};{'d0': 0.02490583291941669};-280.569866449043;38.93621114094359
47487;-101.348722083578;((((((_a7_ + (x * x)) / _a5_) + _a2_) + x) / _a7_) * x);{'d0': {'_a2_': 0.08174698733744577, '_a5_': 0.6238594157876158, '_a7_': 0.47469314293877446, '_a0_': 1.0, '_a1_': 1.0, '_a3_': 1.0, '_a4_': 1.0, '_a6_': 1.0}};{'d0': 0.02490583291941669};-280.569866449043;38.93621114094359
47488;-101.348722083578;((((((_a7_ + (x * x)) / _a5_) + _a2_) + x) / _a7_) * x);{'d0': {'_a2_': 0.08174698733744577, '_a5_': 0.6238594157876158, '_a7_': 0.47469314293877446, '_a0_': 1.0, '_a1_': 1.0, '_a3_': 1.0, '_a4_': 1.0, '_a6_': 1.0}};{'d0': 0.02490583291941669};-280.569866449043;38.93621114094359
47489;-101.348722083578;((((((_a7_ + (x * x)) / _a5_) + _a2_) + x) / _a7_) * x);{'d0': {'_a2_': 0.08174698733744577, '_a5_': 0.6238594157876158, '_a7_': 0.47469314293877446, '_a0_': 1.0, '_a1_': 1.0, '_a3_': 1.0, '_a4_': 1.0, '_a6_': 1.0}};{'d0': 0.02490583291941669};-280.569866449043;38.93621114094359
47490;-101.348722083578;((((((_a7_ + (x * x)) / _a5_) + _a2_) + x) / _a7_) * x);{'d0': {'_a2_': 0.08174698733744577, '_a5_': 0.6238594157876158, '_a7_': 0.47469314293877446, '_a0_': 1.0, '_a1_': 1.0, '_a3_': 1.0, '_a4_': 1.0, '_a6_': 1.0}};{'d0': 0.02490583291941669};-280.569866449043;38.93621114094359
47491;-101.348722083578;((((((_a7_ + (x * x)) / _a5_) + _a2_) + x) / _a7_) * x);{'d0': {'_a2_': 0.08174698733744577, '_a5_': 0.6238594157876158, '_a7_': 0.47469314293877446, '_a0_': 1.0, '_a1_': 1.0, '_a3_': 1.0, '_a4_': 1.0, '_a6_': 1.0}};{'d0': 0.02490583291941669};-280.569866449043;38.93621114094359
47492;-101.348722083578;((((((_a7_ + (x * x)) / _a5_) + _a2_) + x) / _a7_) * x);{'d0': {'_a2_': 0.08174698733744577, '_a5_': 0.6238594157876158, '_a7_': 0.47469314293877446, '_a0_': 1.0, '_a1_': 1.0, '_a3_': 1.0, '_a4_': 1.0, '_a6_': 1.0}};{'d0': 0.02490583291941669};-280.569866449043;38.93621114094359
47493;-101.348722083578;((((((_a7_ + (x * x)) / _a5_) + _a2_) + x) / _a7_) * x);{'d0': {'_a2_': 0.08174698733744577, '_a5_': 0.6238594157876158, '_a7_': 0.47469314293877446, '_a0_': 1.0, '_a1_': 1.0, '_a3_': 1.0, '_a4_': 1.0, '_a6_': 1.0}};{'d0': 0.02490583291941669};-280.569866449043;38.93621114094359
47494;-101.348722083578;((((((_a7_ + (x * x)) / _a5_) + _a2_) + x) / _a7_) * x);{'d0': {'_a2_': 0.08174698733744577, '_a5_': 0.6238594157876158, '_a7_': 0.47469314293877446, '_a0_': 1.0, '_a1_': 1.0, '_a3_': 1.0, '_a4_': 1.0, '_a6_': 1.0}};{'d0': 0.02490583291941669};-280.569866449043;38.93621114094359
47495;-101.348722083578;((((((_a7_ + (x * x)) / _a5_) + _a2_) + x) / _a7_) * x);{'d0': {'_a2_': 0.08174698733744577, '_a5_': 0.6238594157876158, '_a7_': 0.47469314293877446, '_a0_': 1.0, '_a1_': 1.0, '_a3_': 1.0, '_a4_': 1.0, '_a6_': 1.0}};{'d0': 0.02490583291941669};-280.569866449043;38.93621114094359
47496;-101.348722083578;((((((_a7_ + (x * x)) / _a5_) + _a2_) + x) / _a7_) * x);{'d0': {'_a2_': 0.08174698733744577, '_a5_': 0.6238594157876158, '_a7_': 0.47469314293877446, '_a0_': 1.0, '_a1_': 1.0, '_a3_': 1.0, '_a4_': 1.0, '_a6_': 1.0}};{'d0': 0.02490583291941669};-280.569866449043;38.93621114094359
47497;-101.348722083578;((((((_a7_ + (x * x)) / _a5_) + _a2_) + x) / _a7_) * x);{'d0': {'_a2_': 0.08174698733744577, '_a5_': 0.6238594157876158, '_a7_': 0.47469314293877446, '_a0_': 1.0, '_a1_': 1.0, '_a3_': 1.0, '_a4_': 1.0, '_a6_': 1.0}};{'d0': 0.02490583291941669};-280.569866449043;38.93621114094359
47498;-100.042717659436;(((((_a5_ * _a0_) * pow2((x + _a1_))) + _a1_) * sqrt(_a0_)) * x);{'d0': {'_a0_': 21.506467763376126, '_a1_': 0.31192970787668356, '_a5_': 0.03385685992302851, '_a2_': 1.0, '_a3_': 1.0, '_a4_': 1.0, '_a6_': 1.0, '_a7_': 1.0}};{'d0': 0.024905832919416695};-280.569866449043;40.24221556508612
47499;-100.042717659436;(((((_a5_ * _a0_) * pow2((x + _a1_))) + _a1_) * sqrt(_a0_)) * x);{'d0': {'_a0_': 21.506467763376126, '_a1_': 0.31192970787668356, '_a5_': 0.03385685992302851, '_a2_': 1.0, '_a3_': 1.0, '_a4_': 1.0, '_a6_': 1.0, '_a7_': 1.0}};{'d0': 0.024905832919416695};-280.569866449043;40.24221556508612
47500;-100.042717659436;(((((_a5_ * _a0_) * pow2((x + _a1_))) + _a1_) * sqrt(_a0_)) * x);{'d0': {'_a0_': 21.506467763376126, '_a1_': 0.31192970787668356, '_a5_': 0.03385685992302851, '_a2_': 1.0, '_a3_': 1.0, '_a4_': 1.0, '_a6_': 1.0, '_a7_': 1.0}};{'d0': 0.024905832919416695};-280.569866449043;40.24221556508612
47501;-100.042717659436;(((((_a5_ * _a0_) * pow2((x + _a1_))) + _a1_) * sqrt(_a0_)) * x);{'d0': {'_a0_': 21.506467763376126, '_a1_': 0.31192970787668356, '_a5_': 0.03385685992302851, '_a2_': 1.0, '_a3_': 1.0, '_a4_': 1.0, '_a6_': 1.0, '_a7_': 1.0}};{'d0': 0.024905832919416695};-280.569866449043;40.24221556508612
47502;-100.042717659436;(((((_a5_ * _a0_) * pow2((x + _a1_))) + _a1_) * sqrt(_a0_)) * x);{'d0': {'_a0_': 21.506467763376126, '_a1_': 0.31192970787668356, '_a5_': 0.03385685992302851, '_a2_': 1.0, '_a3_': 1.0, '_a4_': 1.0, '_a6_': 1.0, '_a7_': 1.0}};{'d0': 0.024905832919416695};-280.569866449043;40.24221556508612
47503;-100.042717659436;(((((_a5_ * _a0_) * pow2((x + _a1_))) + _a1_) * sqrt(_a0_)) * x);{'d0': {'_a0_': 21.506467763376126, '_a1_': 0.31192970787668356, '_a5_': 0.03385685992302851, '_a2_': 1.0, '_a3_': 1.0, '_a4_': 1.0, '_a6_': 1.0, '_a7_': 1.0}};{'d0': 0.024905832919416695};-280.569866449043;40.24221556508612
47504;-100.042717659436;(((((_a5_ * _a0_) * pow2((x + _a1_))) + _a1_) * sqrt(_a0_)) * x);{'d0': {'_a0_': 21.506467763376126, '_a1_': 0.31192970787668356, '_a5_': 0.03385685992302851, '_a2_': 1.0, '_a3_': 1.0, '_a4_': 1.0, '_a6_': 1.0, '_a7_': 1.0}};{'d0': 0.024905832919416695};-280.569866449043;40.24221556508612
47505;-100.042717659436;(((((_a5_ * _a0_) * pow2((x + _a1_))) + _a1_) * sqrt(_a0_)) * x);{'d0': {'_a0_': 21.506467763376126, '_a1_': 0.31192970787668356, '_a5_': 0.03385685992302851, '_a2_': 1.0, '_a3_': 1.0, '_a4_': 1.0, '_a6_': 1.0, '_a7_': 1.0}};{'d0': 0.024905832919416695};-280.569866449043;40.24221556508612
47506;-101.348722083578;((((((_a7_ + (x * x)) / _a5_) + _a2_) + x) / _a7_) * x);{'d0': {'_a2_': 0.08174698733744577, '_a5_': 0.6238594157876158, '_a7_': 0.47469314293877446, '_a0_': 1.0, '_a1_': 1.0, '_a3_': 1.0, '_a4_': 1.0, '_a6_': 1.0}};{'d0': 0.02490583291941669};-280.569866449043;38.93621114094359
47507;-101.348722083578;((((((_a7_ + (x * x)) / _a5_) + _a2_) + x) / _a7_) * x);{'d0': {'_a2_': 0.08174698733744577, '_a5_': 0.6238594157876158, '_a7_': 0.47469314293877446, '_a0_': 1.0, '_a1_': 1.0, '_a3_': 1.0, '_a4_': 1.0, '_a6_': 1.0}};{'d0': 0.02490583291941669};-280.569866449043;38.93621114094359
47508;-101.348722083578;((((((_a7_ + (x * x)) / _a5_) + _a2_) + x) / _a7_) * x);{'d0': {'_a2_': 0.08174698733744577, '_a5_': 0.6238594157876158, '_a7_': 0.47469314293877446, '_a0_': 1.0, '_a1_': 1.0, '_a3_': 1.0, '_a4_': 1.0, '_a6_': 1.0}};{'d0': 0.02490583291941669};-280.569866449043;38.93621114094359
47509;-101.348722083578;((((((_a7_ + (x * x)) / _a5_) + _a2_) + x) / _a7_) * x);{'d0': {'_a2_': 0.08174698733744577, '_a5_': 0.6238594157876158, '_a7_': 0.47469314293877446, '_a0_': 1.0, '_a1_': 1.0, '_a3_': 1.0, '_a4_': 1.0, '_a6_': 1.0}};{'d0': 0.02490583291941669};-280.569866449043;38.93621114094359
47510;-101.348722083578;((((((_a7_ + (x * x)) / _a5_) + _a2_) + x) / _a7_) * x);{'d0': {'_a2_': 0.08174698733744577, '_a5_': 0.6238594157876158, '_a7_': 0.47469314293877446, '_a0_': 1.0, '_a1_': 1.0, '_a3_': 1.0, '_a4_': 1.0, '_a6_': 1.0}};{'d0': 0.02490583291941669};-280.569866449043;38.93621114094359
47511;-101.348722083578;((((((_a7_ + (x * x)) / _a5_) + _a2_) + x) / _a7_) * x);{'d0': {'_a2_': 0.08174698733744577, '_a5_': 0.6238594157876158, '_a7_': 0.47469314293877446, '_a0_': 1.0, '_a1_': 1.0, '_a3_': 1.0, '_a4_': 1.0, '_a6_': 1.0}};{'d0': 0.02490583291941669};-280.569866449043;38.93621114094359
47512;-101.348722083578;((((((_a7_ + (x * x)) / _a5_) + _a2_) + x) / _a7_) * x);{'d0': {'_a2_': 0.08174698733744577, '_a5_': 0.6238594157876158, '_a7_': 0.47469314293877446, '_a0_': 1.0, '_a1_': 1.0, '_a3_': 1.0, '_a4_': 1.0, '_a6_': 1.0}};{'d0': 0.02490583291941669};-280.569866449043;38.93621114094359
47513;-101.348722083578;((((((_a7_ + (x * x)) / _a5_) + _a2_) + x) / _a7_) * x);{'d0': {'_a2_': 0.08174698733744577, '_a5_': 0.6238594157876158, '_a7_': 0.47469314293877446, '_a0_': 1.0, '_a1_': 1.0, '_a3_': 1.0, '_a4_': 1.0, '_a6_': 1.0}};{'d0': 0.02490583291941669};-280.569866449043;38.93621114094359
47514;-101.348722083578;((((((_a7_ + (x * x)) / _a5_) + _a2_) + x) / _a7_) * x);{'d0': {'_a2_': 0.08174698733744577, '_a5_': 0.6238594157876158, '_a7_': 0.47469314293877446, '_a0_': 1.0, '_a1_': 1.0, '_a3_': 1.0, '_a4_': 1.0, '_a6_': 1.0}};{'d0': 0.02490583291941669};-280.569866449043;38.93621114094359
47515;-101.348722083578;((((((_a7_ + (x * x)) / _a5_) + _a2_) + x) / _a7_) * x);{'d0': {'_a2_': 0.08174698733744577, '_a5_': 0.6238594157876158, '_a7_': 0.47469314293877446, '_a0_': 1.0, '_a1_': 1.0, '_a3_': 1.0, '_a4_': 1.0, '_a6_': 1.0}};{'d0': 0.02490583291941669};-280.569866449043;38.93621114094359
47516;-101.348722083578;((((((_a7_ + (x * x)) / _a5_) + _a2_) + x) / _a7_) * x);{'d0': {'_a2_': 0.08174698733744577, '_a5_': 0.6238594157876158, '_a7_': 0.47469314293877446, '_a0_': 1.0, '_a1_': 1.0, '_a3_': 1.0, '_a4_': 1.0, '_a6_': 1.0}};{'d0': 0.02490583291941669};-280.569866449043;38.93621114094359
47517;-101.348722083578;((((((_a7_ + (x * x)) / _a5_) + _a2_) + x) / _a7_) * x);{'d0': {'_a2_': 0.08174698733744577, '_a5_': 0.6238594157876158, '_a7_': 0.47469314293877446, '_a0_': 1.0, '_a1_': 1.0, '_a3_': 1.0, '_a4_': 1.0, '_a6_': 1.0}};{'d0': 0.02490583291941669};-280.569866449043;38.93621114094359
47518;-101.348722083578;((((((_a7_ + (x * x)) / _a5_) + _a2_) + x) / _a7_) * x);{'d0': {'_a2_': 0.08174698733744577, '_a5_': 0.6238594157876158, '_a7_': 0.47469314293877446, '_a0_': 1.0, '_a1_': 1.0, '_a3_': 1.0, '_a4_': 1.0, '_a6_': 1.0}};{'d0': 0.02490583291941669};-280.569866449043;38.93621114094359
47519;-101.348722083578;((((((_a7_ + (x * x)) / _a5_) + _a2_) + x) / _a7_) * x);{'d0': {'_a2_': 0.08174698733744577, '_a5_': 0.6238594157876158, '_a7_': 0.47469314293877446, '_a0_': 1.0, '_a1_': 1.0, '_a3_': 1.0, '_a4_': 1.0, '_a6_': 1.0}};{'d0': 0.02490583291941669};-280.569866449043;38.93621114094359
47520;-101.348722083578;((((((_a7_ + (x * x)) / _a5_) + _a2_) + x) / _a7_) * x);{'d0': {'_a2_': 0.08174698733744577, '_a5_': 0.6238594157876158, '_a7_': 0.47469314293877446, '_a0_': 1.0, '_a1_': 1.0, '_a3_': 1.0, '_a4_': 1.0, '_a6_': 1.0}};{'d0': 0.02490583291941669};-280.569866449043;38.93621114094359
47521;-94.1789796638893;(((_a7_ + (((x + _a2_) / sqrt(_a7_)) * (_a4_ * x))) * x) ** _a0_);{'d0': {'_a2_': 0.6238594157966902, '_a4_': 4.499000596642444, '_a7_': 1.7751354047581505, '_a0_': 1.0, '_a1_': 1.0, '_a3_': 1.0, '_a5_': 1.0, '_a6_': 1.0}};{'d0': 0.02490583291941667};-276.475521886821;44.058781279521384
47522;-94.1789796638893;(((_a7_ + (((x + _a2_) / sqrt(_a7_)) * (_a4_ * x))) * x) ** _a0_);{'d0': {'_a2_': 0.6238594157966902, '_a4_': 4.499000596642444, '_a7_': 1.7751354047581505, '_a0_': 1.0, '_a1_': 1.0, '_a3_': 1.0, '_a5_': 1.0, '_a6_': 1.0}};{'d0': 0.02490583291941667};-276.475521886821;44.058781279521384
47523;-94.1789796638893;(((_a7_ + (((x + _a2_) / sqrt(_a7_)) * (_a4_ * x))) * x) ** _a0_);{'d0': {'_a2_': 0.6238594157966902, '_a4_': 4.499000596642444, '_a7_': 1.7751354047581505, '_a0_': 1.0, '_a1_': 1.0, '_a3_': 1.0, '_a5_': 1.0, '_a6_': 1.0}};{'d0': 0.02490583291941667};-276.475521886821;44.058781279521384
47524;-94.1789796638893;(((_a7_ + (((x + _a2_) / sqrt(_a7_)) * (_a4_ * x))) * x) ** _a0_);{'d0': {'_a2_': 0.6238594157966902, '_a4_': 4.499000596642444, '_a7_': 1.7751354047581505, '_a0_': 1.0, '_a1_': 1.0, '_a3_': 1.0, '_a5_': 1.0, '_a6_': 1.0}};{'d0': 0.02490583291941667};-276.475521886821;44.058781279521384
47525;-101.348722083578;((((((_a7_ + (x * x)) / _a5_) + _a2_) + x) / _a7_) * x);{'d0': {'_a2_': 0.08174698733744577, '_a5_': 0.6238594157876158, '_a7_': 0.47469314293877446, '_a0_': 1.0, '_a1_': 1.0, '_a3_': 1.0, '_a4_': 1.0, '_a6_': 1.0}};{'d0': 0.02490583291941669};-280.569866449043;38.93621114094359
47526;-101.348722083578;((((((_a7_ + (x * x)) / _a5_) + _a2_) + x) / _a7_) * x);{'d0': {'_a2_': 0.08174698733744577, '_a5_': 0.6238594157876158, '_a7_': 0.47469314293877446, '_a0_': 1.0, '_a1_': 1.0, '_a3_': 1.0, '_a4_': 1.0, '_a6_': 1.0}};{'d0': 0.02490583291941669};-280.569866449043;38.93621114094359
47527;-101.348722083578;((((((_a7_ + (x * x)) / _a5_) + _a2_) + x) / _a7_) * x);{'d0': {'_a2_': 0.08174698733744577, '_a5_': 0.6238594157876158, '_a7_': 0.47469314293877446, '_a0_': 1.0, '_a1_': 1.0, '_a3_': 1.0, '_a4_': 1.0, '_a6_': 1.0}};{'d0': 0.02490583291941669};-280.569866449043;38.93621114094359
47528;-101.348722083578;((((((_a7_ + (x * x)) / _a5_) + _a2_) + x) / _a7_) * x);{'d0': {'_a2_': 0.08174698733744577, '_a5_': 0.6238594157876158, '_a7_': 0.47469314293877446, '_a0_': 1.0, '_a1_': 1.0, '_a3_': 1.0, '_a4_': 1.0, '_a6_': 1.0}};{'d0': 0.02490583291941669};-280.569866449043;38.93621114094359
47529;-101.348722083578;((((((_a7_ + (x * x)) / _a5_) + _a2_) + x) / _a7_) * x);{'d0': {'_a2_': 0.08174698733744577, '_a5_': 0.6238594157876158, '_a7_': 0.47469314293877446, '_a0_': 1.0, '_a1_': 1.0, '_a3_': 1.0, '_a4_': 1.0, '_a6_': 1.0}};{'d0': 0.02490583291941669};-280.569866449043;38.93621114094359
47530;-102.889700291100;((_a7_ + (((x + _a2_) / sqrt(_a7_)) * (_a4_ * x))) * x);{'d0': {'_a2_': 0.6238594157966902, '_a4_': 4.499000596642444, '_a7_': 1.7751354047581505, '_a0_': 1.0, '_a1_': 1.0, '_a3_': 1.0, '_a5_': 1.0, '_a6_': 1.0}};{'d0': 0.02490583291941667};-280.569866449043;37.39523293342138
47531;-102.889700291100;((_a7_ + (((x + _a2_) / sqrt(_a7_)) * (_a4_ * x))) * x);{'d0': {'_a2_': 0.6238594157966902, '_a4_': 4.499000596642444, '_a7_': 1.7751354047581505, '_a0_': 1.0, '_a1_': 1.0, '_a3_': 1.0, '_a5_': 1.0, '_a6_': 1.0}};{'d0': 0.02490583291941667};-280.569866449043;37.39523293342138
47532;-102.889700291100;((_a7_ + (((x + _a2_) / sqrt(_a7_)) * (_a4_ * x))) * x);{'d0': {'_a2_': 0.6238594157966902, '_a4_': 4.499000596642444, '_a7_': 1.7751354047581505, '_a0_': 1.0, '_a1_': 1.0, '_a3_': 1.0, '_a5_': 1.0, '_a6_': 1.0}};{'d0': 0.02490583291941667};-280.569866449043;37.39523293342138
47533;-102.889700291100;((_a7_ + (((x + _a2_) / sqrt(_a7_)) * (_a4_ * x))) * x);{'d0': {'_a2_': 0.6238594157966902, '_a4_': 4.499000596642444, '_a7_': 1.7751354047581505, '_a0_': 1.0, '_a1_': 1.0, '_a3_': 1.0, '_a5_': 1.0, '_a6_': 1.0}};{'d0': 0.02490583291941667};-280.569866449043;37.39523293342138
47534;-102.889700291100;((_a7_ + (((x + _a2_) / sqrt(_a7_)) * (_a4_ * x))) * x);{'d0': {'_a2_': 0.6238594157966902, '_a4_': 4.499000596642444, '_a7_': 1.7751354047581505, '_a0_': 1.0, '_a1_': 1.0, '_a3_': 1.0, '_a5_': 1.0, '_a6_': 1.0}};{'d0': 0.02490583291941667};-280.569866449043;37.39523293342138
47535;-102.889700291100;((_a7_ + (((x + _a2_) / sqrt(_a7_)) * (_a4_ * x))) * x);{'d0': {'_a2_': 0.6238594157966902, '_a4_': 4.499000596642444, '_a7_': 1.7751354047581505, '_a0_': 1.0, '_a1_': 1.0, '_a3_': 1.0, '_a5_': 1.0, '_a6_': 1.0}};{'d0': 0.02490583291941667};-280.569866449043;37.39523293342138
47536;-102.889700291100;((_a7_ + (((x + _a2_) / sqrt(_a7_)) * (_a4_ * x))) * x);{'d0': {'_a2_': 0.6238594157966902, '_a4_': 4.499000596642444, '_a7_': 1.7751354047581505, '_a0_': 1.0, '_a1_': 1.0, '_a3_': 1.0, '_a5_': 1.0, '_a6_': 1.0}};{'d0': 0.02490583291941667};-280.569866449043;37.39523293342138
47537;-102.889700291100;((_a7_ + (((x + _a2_) / sqrt(_a7_)) * (_a4_ * x))) * x);{'d0': {'_a2_': 0.6238594157966902, '_a4_': 4.499000596642444, '_a7_': 1.7751354047581505, '_a0_': 1.0, '_a1_': 1.0, '_a3_': 1.0, '_a5_': 1.0, '_a6_': 1.0}};{'d0': 0.02490583291941667};-280.569866449043;37.39523293342138
47538;-102.889700291100;((_a7_ + (((x + _a2_) / sqrt(_a7_)) * (_a4_ * x))) * x);{'d0': {'_a2_': 0.6238594157966902, '_a4_': 4.499000596642444, '_a7_': 1.7751354047581505, '_a0_': 1.0, '_a1_': 1.0, '_a3_': 1.0, '_a5_': 1.0, '_a6_': 1.0}};{'d0': 0.02490583291941667};-280.569866449043;37.39523293342138
47539;-102.889700291100;((_a7_ + (((x + _a2_) / sqrt(_a7_)) * (_a4_ * x))) * x);{'d0': {'_a2_': 0.6238594157966902, '_a4_': 4.499000596642444, '_a7_': 1.7751354047581505, '_a0_': 1.0, '_a1_': 1.0, '_a3_': 1.0, '_a5_': 1.0, '_a6_': 1.0}};{'d0': 0.02490583291941667};-280.569866449043;37.39523293342138
47540;-102.889700291100;((_a7_ + (((x + _a2_) / sqrt(_a7_)) * (_a4_ * x))) * x);{'d0': {'_a2_': 0.6238594157966902, '_a4_': 4.499000596642444, '_a7_': 1.7751354047581505, '_a0_': 1.0, '_a1_': 1.0, '_a3_': 1.0, '_a5_': 1.0, '_a6_': 1.0}};{'d0': 0.02490583291941667};-280.569866449043;37.39523293342138
47541;-102.889700291100;((_a7_ + (((x + _a2_) / sqrt(_a7_)) * (_a4_ * x))) * x);{'d0': {'_a2_': 0.6238594157966902, '_a4_': 4.499000596642444, '_a7_': 1.7751354047581505, '_a0_': 1.0, '_a1_': 1.0, '_a3_': 1.0, '_a5_': 1.0, '_a6_': 1.0}};{'d0': 0.02490583291941667};-280.569866449043;37.39523293342138
47542;-102.889700291100;((_a7_ + (((x + _a2_) / sqrt(_a7_)) * (_a4_ * x))) * x);{'d0': {'_a2_': 0.6238594157966902, '_a4_': 4.499000596642444, '_a7_': 1.7751354047581505, '_a0_': 1.0, '_a1_': 1.0, '_a3_': 1.0, '_a5_': 1.0, '_a6_': 1.0}};{'d0': 0.02490583291941667};-280.569866449043;37.39523293342138
47543;-102.889700291100;((_a7_ + (((x + _a2_) / sqrt(_a7_)) * (_a4_ * x))) * x);{'d0': {'_a2_': 0.6238594157966902, '_a4_': 4.499000596642444, '_a7_': 1.7751354047581505, '_a0_': 1.0, '_a1_': 1.0, '_a3_': 1.0, '_a5_': 1.0, '_a6_': 1.0}};{'d0': 0.02490583291941667};-280.569866449043;37.39523293342138
47544;-102.889700291100;((_a7_ + (((x + _a2_) / sqrt(_a7_)) * (_a4_ * x))) * x);{'d0': {'_a2_': 0.6238594157966902, '_a4_': 4.499000596642444, '_a7_': 1.7751354047581505, '_a0_': 1.0, '_a1_': 1.0, '_a3_': 1.0, '_a5_': 1.0, '_a6_': 1.0}};{'d0': 0.02490583291941667};-280.569866449043;37.39523293342138
47545;-102.889700291100;((_a7_ + (((x + _a2_) / sqrt(_a7_)) * (_a4_ * x))) * x);{'d0': {'_a2_': 0.6238594157966902, '_a4_': 4.499000596642444, '_a7_': 1.7751354047581505, '_a0_': 1.0, '_a1_': 1.0, '_a3_': 1.0, '_a5_': 1.0, '_a6_': 1.0}};{'d0': 0.02490583291941667};-280.569866449043;37.39523293342138
47546;-102.889700291100;((_a7_ + (((x + _a2_) / sqrt(_a7_)) * (_a4_ * x))) * x);{'d0': {'_a2_': 0.6238594157966902, '_a4_': 4.499000596642444, '_a7_': 1.7751354047581505, '_a0_': 1.0, '_a1_': 1.0, '_a3_': 1.0, '_a5_': 1.0, '_a6_': 1.0}};{'d0': 0.02490583291941667};-280.569866449043;37.39523293342138
47547;-102.889700291100;((_a7_ + (((x + _a2_) / sqrt(_a7_)) * (_a4_ * x))) * x);{'d0': {'_a2_': 0.6238594157966902, '_a4_': 4.499000596642444, '_a7_': 1.7751354047581505, '_a0_': 1.0, '_a1_': 1.0, '_a3_': 1.0, '_a5_': 1.0, '_a6_': 1.0}};{'d0': 0.02490583291941667};-280.569866449043;37.39523293342138
47548;-102.889700291100;((_a7_ + (((x + _a2_) / sqrt(_a7_)) * (_a4_ * x))) * x);{'d0': {'_a2_': 0.6238594157966902, '_a4_': 4.499000596642444, '_a7_': 1.7751354047581505, '_a0_': 1.0, '_a1_': 1.0, '_a3_': 1.0, '_a5_': 1.0, '_a6_': 1.0}};{'d0': 0.02490583291941667};-280.569866449043;37.39523293342138
47549;-102.889700291100;((_a7_ + (((x + _a2_) / sqrt(_a7_)) * (_a4_ * x))) * x);{'d0': {'_a2_': 0.6238594157966902, '_a4_': 4.499000596642444, '_a7_': 1.7751354047581505, '_a0_': 1.0, '_a1_': 1.0, '_a3_': 1.0, '_a5_': 1.0, '_a6_': 1.0}};{'d0': 0.02490583291941667};-280.569866449043;37.39523293342138
47550;-102.889700291100;((_a7_ + (((x + _a2_) / sqrt(_a7_)) * (_a4_ * x))) * x);{'d0': {'_a2_': 0.6238594157966902, '_a4_': 4.499000596642444, '_a7_': 1.7751354047581505, '_a0_': 1.0, '_a1_': 1.0, '_a3_': 1.0, '_a5_': 1.0, '_a6_': 1.0}};{'d0': 0.02490583291941667};-280.569866449043;37.39523293342138
47551;-102.889700291100;((_a7_ + (((x + _a2_) / sqrt(_a7_)) * (_a4_ * x))) * x);{'d0': {'_a2_': 0.6238594157966902, '_a4_': 4.499000596642444, '_a7_': 1.7751354047581505, '_a0_': 1.0, '_a1_': 1.0, '_a3_': 1.0, '_a5_': 1.0, '_a6_': 1.0}};{'d0': 0.02490583291941667};-280.569866449043;37.39523293342138
47552;-102.889700291100;((_a7_ + (((x + _a2_) / sqrt(_a7_)) * (_a4_ * x))) * x);{'d0': {'_a2_': 0.6238594157966902, '_a4_': 4.499000596642444, '_a7_': 1.7751354047581505, '_a0_': 1.0, '_a1_': 1.0, '_a3_': 1.0, '_a5_': 1.0, '_a6_': 1.0}};{'d0': 0.02490583291941667};-280.569866449043;37.39523293342138
47553;-102.889700291100;((_a7_ + (((x + _a2_) / sqrt(_a7_)) * (_a4_ * x))) * x);{'d0': {'_a2_': 0.6238594157966902, '_a4_': 4.499000596642444, '_a7_': 1.7751354047581505, '_a0_': 1.0, '_a1_': 1.0, '_a3_': 1.0, '_a5_': 1.0, '_a6_': 1.0}};{'d0': 0.02490583291941667};-280.569866449043;37.39523293342138
47554;-102.889700291100;((_a7_ + (((x + _a2_) / sqrt(_a7_)) * (_a4_ * x))) * x);{'d0': {'_a2_': 0.6238594157966902, '_a4_': 4.499000596642444, '_a7_': 1.7751354047581505, '_a0_': 1.0, '_a1_': 1.0, '_a3_': 1.0, '_a5_': 1.0, '_a6_': 1.0}};{'d0': 0.02490583291941667};-280.569866449043;37.39523293342138
47555;-102.889700291100;((_a7_ + (((x + _a2_) / sqrt(_a7_)) * (_a4_ * x))) * x);{'d0': {'_a2_': 0.6238594157966902, '_a4_': 4.499000596642444, '_a7_': 1.7751354047581505, '_a0_': 1.0, '_a1_': 1.0, '_a3_': 1.0, '_a5_': 1.0, '_a6_': 1.0}};{'d0': 0.02490583291941667};-280.569866449043;37.39523293342138
47556;-102.889700291100;((_a7_ + (((x + _a2_) / sqrt(_a7_)) * (_a4_ * x))) * x);{'d0': {'_a2_': 0.6238594157966902, '_a4_': 4.499000596642444, '_a7_': 1.7751354047581505, '_a0_': 1.0, '_a1_': 1.0, '_a3_': 1.0, '_a5_': 1.0, '_a6_': 1.0}};{'d0': 0.02490583291941667};-280.569866449043;37.39523293342138
47557;-102.889700291100;((_a7_ + (((x + _a2_) / sqrt(_a7_)) * (_a4_ * x))) * x);{'d0': {'_a2_': 0.6238594157966902, '_a4_': 4.499000596642444, '_a7_': 1.7751354047581505, '_a0_': 1.0, '_a1_': 1.0, '_a3_': 1.0, '_a5_': 1.0, '_a6_': 1.0}};{'d0': 0.02490583291941667};-280.569866449043;37.39523293342138
47558;-102.889700291100;((_a7_ + (((x + _a2_) / sqrt(_a7_)) * (_a4_ * x))) * x);{'d0': {'_a2_': 0.6238594157966902, '_a4_': 4.499000596642444, '_a7_': 1.7751354047581505, '_a0_': 1.0, '_a1_': 1.0, '_a3_': 1.0, '_a5_': 1.0, '_a6_': 1.0}};{'d0': 0.02490583291941667};-280.569866449043;37.39523293342138
47559;-102.889700291100;((_a7_ + (((x + _a2_) / sqrt(_a7_)) * (_a4_ * x))) * x);{'d0': {'_a2_': 0.6238594157966902, '_a4_': 4.499000596642444, '_a7_': 1.7751354047581505, '_a0_': 1.0, '_a1_': 1.0, '_a3_': 1.0, '_a5_': 1.0, '_a6_': 1.0}};{'d0': 0.02490583291941667};-280.569866449043;37.39523293342138
47560;-102.889700291100;((_a7_ + (((x + _a2_) / sqrt(_a7_)) * (_a4_ * x))) * x);{'d0': {'_a2_': 0.6238594157966902, '_a4_': 4.499000596642444, '_a7_': 1.7751354047581505, '_a0_': 1.0, '_a1_': 1.0, '_a3_': 1.0, '_a5_': 1.0, '_a6_': 1.0}};{'d0': 0.02490583291941667};-280.569866449043;37.39523293342138
47561;-104.531628829010;((_a7_ + (((x + _a2_) / pow2(_a7_)) * (_a4_ * x))) * x);{'d0': {'_a2_': 0.6238594157374858, '_a4_': 10.640530469178113, '_a7_': 1.7751354047821797, '_a0_': 1.0, '_a1_': 1.0, '_a3_': 1.0, '_a5_': 1.0, '_a6_': 1.0}};{'d0': 0.024905832919416653};-280.569866449044;35.753304395511385
47562;-104.531628829010;((_a7_ + (((x + _a2_) / pow2(_a7_)) * (_a4_ * x))) * x);{'d0': {'_a2_': 0.6238594157374858, '_a4_': 10.640530469178113, '_a7_': 1.7751354047821797, '_a0_': 1.0, '_a1_': 1.0, '_a3_': 1.0, '_a5_': 1.0, '_a6_': 1.0}};{'d0': 0.024905832919416653};-280.569866449044;35.753304395511385
47563;-94.3246565632280;((((((abs(_a7_) + (x * x)) / _a5_) + _a2_) + x) / _a7_) * x);{'d0': {'_a2_': 0.0817469781770604, '_a5_': 0.6238594123396494, '_a7_': 0.47469314390935236, '_a0_': 1.0, '_a1_': 1.0, '_a3_': 1.0, '_a4_': 1.0, '_a6_': 1.0}};{'d0': 0.024905832919417014};-280.569866449043;45.9602766612936
47564;-95.4281210345484;(((((((_a2_ + _a2_) + (x * x)) / _a5_) + _a2_) + x) / _a7_) * x);{'d0': {'_a2_': 0.20035058561473318, '_a5_': 0.6238594156141514, '_a7_': 0.47469314301885424, '_a0_': 1.0, '_a1_': 1.0, '_a3_': 1.0, '_a4_': 1.0, '_a6_': 1.0}};{'d0': 0.024905832919416688};-280.569866449043;44.856812189973596
47565;-95.4281210345484;(((((((_a2_ + _a2_) + (x * x)) / _a5_) + _a2_) + x) / _a7_) * x);{'d0': {'_a2_': 0.20035058561473318, '_a5_': 0.6238594156141514, '_a7_': 0.47469314301885424, '_a0_': 1.0, '_a1_': 1.0, '_a3_': 1.0, '_a4_': 1.0, '_a6_': 1.0}};{'d0': 0.024905832919416688};-280.569866449043;44.856812189973596
47566;-95.4281210345484;(((((((_a2_ + _a2_) + (x * x)) / _a5_) + _a2_) + x) / _a7_) * x);{'d0': {'_a2_': 0.20035058561473318, '_a5_': 0.6238594156141514, '_a7_': 0.47469314301885424, '_a0_': 1.0, '_a1_': 1.0, '_a3_': 1.0, '_a4_': 1.0, '_a6_': 1.0}};{'d0': 0.024905832919416688};-280.569866449043;44.856812189973596
47567;-95.4281210345485;(((((((_a5_ + _a2_) + (x * x)) / _a5_) + _a2_) + x) / _a7_) * x);{'d0': {'_a2_': -0.06045329140040054, '_a5_': 0.6238594157317054, '_a7_': 0.47469314208982355, '_a0_': 1.0, '_a1_': 1.0, '_a3_': 1.0, '_a4_': 1.0, '_a6_': 1.0}};{'d0': 0.024905832919416643};-280.569866449044;44.856812189973596
47568;-95.4281210345485;(((((((_a5_ + _a2_) + (x * x)) / _a5_) + _a2_) + x) / _a7_) * x);{'d0': {'_a2_': -0.06045329140040054, '_a5_': 0.6238594157317054, '_a7_': 0.47469314208982355, '_a0_': 1.0, '_a1_': 1.0, '_a3_': 1.0, '_a4_': 1.0, '_a6_': 1.0}};{'d0': 0.024905832919416643};-280.569866449044;44.856812189973596
47569;-95.4281210345485;(((((((_a5_ + _a2_) + (x * x)) / _a5_) + _a2_) + x) / _a7_) * x);{'d0': {'_a2_': -0.06045329140040054, '_a5_': 0.6238594157317054, '_a7_': 0.47469314208982355, '_a0_': 1.0, '_a1_': 1.0, '_a3_': 1.0, '_a4_': 1.0, '_a6_': 1.0}};{'d0': 0.024905832919416643};-280.569866449044;44.856812189973596
47570;-95.4281210345485;(((((((_a5_ + _a2_) + (x * x)) / _a5_) + _a2_) + x) / _a7_) * x);{'d0': {'_a2_': -0.06045329140040054, '_a5_': 0.6238594157317054, '_a7_': 0.47469314208982355, '_a0_': 1.0, '_a1_': 1.0, '_a3_': 1.0, '_a4_': 1.0, '_a6_': 1.0}};{'d0': 0.024905832919416643};-280.569866449044;44.856812189973596
47571;-95.4281210345485;(((((((_a5_ + _a2_) + (x * x)) / _a5_) + _a2_) + x) / _a7_) * x);{'d0': {'_a2_': -0.06045329140040054, '_a5_': 0.6238594157317054, '_a7_': 0.47469314208982355, '_a0_': 1.0, '_a1_': 1.0, '_a3_': 1.0, '_a4_': 1.0, '_a6_': 1.0}};{'d0': 0.024905832919416643};-280.569866449044;44.856812189973596
47572;-95.4281210345485;(((((((_a5_ + _a2_) + (x * x)) / _a5_) + _a2_) + x) / _a7_) * x);{'d0': {'_a2_': -0.06045329140040054, '_a5_': 0.6238594157317054, '_a7_': 0.47469314208982355, '_a0_': 1.0, '_a1_': 1.0, '_a3_': 1.0, '_a4_': 1.0, '_a6_': 1.0}};{'d0': 0.024905832919416643};-280.569866449044;44.856812189973596
47573;-95.4281210345485;(((((((_a5_ + _a2_) + (x * x)) / _a5_) + _a2_) + x) / _a7_) * x);{'d0': {'_a2_': -0.06045329140040054, '_a5_': 0.6238594157317054, '_a7_': 0.47469314208982355, '_a0_': 1.0, '_a1_': 1.0, '_a3_': 1.0, '_a4_': 1.0, '_a6_': 1.0}};{'d0': 0.024905832919416643};-280.569866449044;44.856812189973596
47574;-95.4281210345485;(((((((_a5_ + _a2_) + (x * x)) / _a5_) + _a2_) + x) / _a7_) * x);{'d0': {'_a2_': -0.06045329140040054, '_a5_': 0.6238594157317054, '_a7_': 0.47469314208982355, '_a0_': 1.0, '_a1_': 1.0, '_a3_': 1.0, '_a4_': 1.0, '_a6_': 1.0}};{'d0': 0.024905832919416643};-280.569866449044;44.856812189973596
47575;-104.531628829010;((_a7_ + (((x + _a2_) / pow2(_a7_)) * (_a4_ * x))) * x);{'d0': {'_a2_': 0.6238594157374858, '_a4_': 10.640530469178113, '_a7_': 1.7751354047821797, '_a0_': 1.0, '_a1_': 1.0, '_a3_': 1.0, '_a5_': 1.0, '_a6_': 1.0}};{'d0': 0.024905832919416653};-280.569866449044;35.753304395511385
47576;-104.531628829010;((_a7_ + (((x + _a2_) / pow2(_a7_)) * (_a4_ * x))) * x);{'d0': {'_a2_': 0.6238594157374858, '_a4_': 10.640530469178113, '_a7_': 1.7751354047821797, '_a0_': 1.0, '_a1_': 1.0, '_a3_': 1.0, '_a5_': 1.0, '_a6_': 1.0}};{'d0': 0.024905832919416653};-280.569866449044;35.753304395511385
47577;-104.531628829010;((_a7_ + (((x + _a2_) / pow2(_a7_)) * (_a4_ * x))) * x);{'d0': {'_a2_': 0.6238594157374858, '_a4_': 10.640530469178113, '_a7_': 1.7751354047821797, '_a0_': 1.0, '_a1_': 1.0, '_a3_': 1.0, '_a5_': 1.0, '_a6_': 1.0}};{'d0': 0.024905832919416653};-280.569866449044;35.753304395511385
47578;-104.531628829010;((_a7_ + (((x + _a2_) / pow2(_a7_)) * (_a4_ * x))) * x);{'d0': {'_a2_': 0.6238594157374858, '_a4_': 10.640530469178113, '_a7_': 1.7751354047821797, '_a0_': 1.0, '_a1_': 1.0, '_a3_': 1.0, '_a5_': 1.0, '_a6_': 1.0}};{'d0': 0.024905832919416653};-280.569866449044;35.753304395511385
47579;-104.531628829010;((_a7_ + (((x + _a2_) / pow2(_a7_)) * (_a4_ * x))) * x);{'d0': {'_a2_': 0.6238594157374858, '_a4_': 10.640530469178113, '_a7_': 1.7751354047821797, '_a0_': 1.0, '_a1_': 1.0, '_a3_': 1.0, '_a5_': 1.0, '_a6_': 1.0}};{'d0': 0.024905832919416653};-280.569866449044;35.753304395511385
47580;-104.531628829010;((_a7_ + (((x + _a2_) / pow2(_a7_)) * (_a4_ * x))) * x);{'d0': {'_a2_': 0.6238594157374858, '_a4_': 10.640530469178113, '_a7_': 1.7751354047821797, '_a0_': 1.0, '_a1_': 1.0, '_a3_': 1.0, '_a5_': 1.0, '_a6_': 1.0}};{'d0': 0.024905832919416653};-280.569866449044;35.753304395511385
47581;-104.531628829010;((_a7_ + (((x + _a2_) / pow2(_a7_)) * (_a4_ * x))) * x);{'d0': {'_a2_': 0.6238594157374858, '_a4_': 10.640530469178113, '_a7_': 1.7751354047821797, '_a0_': 1.0, '_a1_': 1.0, '_a3_': 1.0, '_a5_': 1.0, '_a6_': 1.0}};{'d0': 0.024905832919416653};-280.569866449044;35.753304395511385
47582;-104.531628829010;((_a7_ + (((x + _a2_) / pow2(_a7_)) * (_a4_ * x))) * x);{'d0': {'_a2_': 0.6238594157374858, '_a4_': 10.640530469178113, '_a7_': 1.7751354047821797, '_a0_': 1.0, '_a1_': 1.0, '_a3_': 1.0, '_a5_': 1.0, '_a6_': 1.0}};{'d0': 0.024905832919416653};-280.569866449044;35.753304395511385
47583;-104.531628829010;((_a7_ + (((x + _a2_) / pow2(_a7_)) * (_a4_ * x))) * x);{'d0': {'_a2_': 0.6238594157374858, '_a4_': 10.640530469178113, '_a7_': 1.7751354047821797, '_a0_': 1.0, '_a1_': 1.0, '_a3_': 1.0, '_a5_': 1.0, '_a6_': 1.0}};{'d0': 0.024905832919416653};-280.569866449044;35.753304395511385
47584;-104.531628829010;((_a7_ + (((x + _a2_) / pow2(_a7_)) * (_a4_ * x))) * x);{'d0': {'_a2_': 0.6238594157374858, '_a4_': 10.640530469178113, '_a7_': 1.7751354047821797, '_a0_': 1.0, '_a1_': 1.0, '_a3_': 1.0, '_a5_': 1.0, '_a6_': 1.0}};{'d0': 0.024905832919416653};-280.569866449044;35.753304395511385
47585;-104.531628829010;((_a7_ + (((x + _a2_) / pow2(_a7_)) * (_a4_ * x))) * x);{'d0': {'_a2_': 0.6238594157374858, '_a4_': 10.640530469178113, '_a7_': 1.7751354047821797, '_a0_': 1.0, '_a1_': 1.0, '_a3_': 1.0, '_a5_': 1.0, '_a6_': 1.0}};{'d0': 0.024905832919416653};-280.569866449044;35.753304395511385
47586;-104.531628829010;((_a7_ + (((x + _a2_) / pow2(_a7_)) * (_a4_ * x))) * x);{'d0': {'_a2_': 0.6238594157374858, '_a4_': 10.640530469178113, '_a7_': 1.7751354047821797, '_a0_': 1.0, '_a1_': 1.0, '_a3_': 1.0, '_a5_': 1.0, '_a6_': 1.0}};{'d0': 0.024905832919416653};-280.569866449044;35.753304395511385
47587;-104.531628829010;((_a7_ + (((x + _a2_) / pow2(_a7_)) * (_a4_ * x))) * x);{'d0': {'_a2_': 0.6238594157374858, '_a4_': 10.640530469178113, '_a7_': 1.7751354047821797, '_a0_': 1.0, '_a1_': 1.0, '_a3_': 1.0, '_a5_': 1.0, '_a6_': 1.0}};{'d0': 0.024905832919416653};-280.569866449044;35.753304395511385
47588;-104.531628829010;((_a7_ + (((x + _a2_) / pow2(_a7_)) * (_a4_ * x))) * x);{'d0': {'_a2_': 0.6238594157374858, '_a4_': 10.640530469178113, '_a7_': 1.7751354047821797, '_a0_': 1.0, '_a1_': 1.0, '_a3_': 1.0, '_a5_': 1.0, '_a6_': 1.0}};{'d0': 0.024905832919416653};-280.569866449044;35.753304395511385
47589;-104.411319546383;((_a7_ + (((x + _a2_) + pow2(_a7_)) * (_a4_ * x))) * x);{'d0': {'_a2_': -2.527246287975249, '_a4_': 3.3767608776041467, '_a7_': 1.7751354042716163, '_a0_': 1.0, '_a1_': 1.0, '_a3_': 1.0, '_a5_': 1.0, '_a6_': 1.0}};{'d0': 0.02490583291941662};-280.569866449044;35.87361367813899
47590;-104.411319546383;((_a7_ + (((x + _a2_) + pow2(_a7_)) * (_a4_ * x))) * x);{'d0': {'_a2_': -2.527246287975249, '_a4_': 3.3767608776041467, '_a7_': 1.7751354042716163, '_a0_': 1.0, '_a1_': 1.0, '_a3_': 1.0, '_a5_': 1.0, '_a6_': 1.0}};{'d0': 0.02490583291941662};-280.569866449044;35.87361367813899
47591;-104.411319546383;((_a7_ + (((x + _a2_) + pow2(_a7_)) * (_a4_ * x))) * x);{'d0': {'_a2_': -2.527246287975249, '_a4_': 3.3767608776041467, '_a7_': 1.7751354042716163, '_a0_': 1.0, '_a1_': 1.0, '_a3_': 1.0, '_a5_': 1.0, '_a6_': 1.0}};{'d0': 0.02490583291941662};-280.569866449044;35.87361367813899
47592;-104.411319546383;((_a7_ + (((x + _a2_) + pow2(_a7_)) * (_a4_ * x))) * x);{'d0': {'_a2_': -2.527246287975249, '_a4_': 3.3767608776041467, '_a7_': 1.7751354042716163, '_a0_': 1.0, '_a1_': 1.0, '_a3_': 1.0, '_a5_': 1.0, '_a6_': 1.0}};{'d0': 0.02490583291941662};-280.569866449044;35.87361367813899
47593;-104.411319546383;((_a7_ + (((x + _a2_) + pow2(_a7_)) * (_a4_ * x))) * x);{'d0': {'_a2_': -2.527246287975249, '_a4_': 3.3767608776041467, '_a7_': 1.7751354042716163, '_a0_': 1.0, '_a1_': 1.0, '_a3_': 1.0, '_a5_': 1.0, '_a6_': 1.0}};{'d0': 0.02490583291941662};-280.569866449044;35.87361367813899
47594;-104.531628829010;((_a7_ + (((x / _a2_) + pow2(_a7_)) * (_a4_ * x))) * x);{'d0': {'_a2_': 0.19798111334565402, '_a4_': 0.6685348780988545, '_a7_': 1.775135404552788, '_a0_': 1.0, '_a1_': 1.0, '_a3_': 1.0, '_a5_': 1.0, '_a6_': 1.0}};{'d0': 0.024905832919416643};-280.569866449044;35.753304395511385
47595;-104.531628829010;((_a7_ + (((x / _a2_) + pow2(_a7_)) * (_a4_ * x))) * x);{'d0': {'_a2_': 0.19798111334565402, '_a4_': 0.6685348780988545, '_a7_': 1.775135404552788, '_a0_': 1.0, '_a1_': 1.0, '_a3_': 1.0, '_a5_': 1.0, '_a6_': 1.0}};{'d0': 0.024905832919416643};-280.569866449044;35.753304395511385
47596;-104.531628829010;((_a7_ + (((x / _a2_) + pow2(_a7_)) * (_a4_ * x))) * x);{'d0': {'_a2_': 0.19798111334565402, '_a4_': 0.6685348780988545, '_a7_': 1.775135404552788, '_a0_': 1.0, '_a1_': 1.0, '_a3_': 1.0, '_a5_': 1.0, '_a6_': 1.0}};{'d0': 0.024905832919416643};-280.569866449044;35.753304395511385
47597;-104.531628829010;((_a7_ + (((x / _a2_) + pow2(_a7_)) * (_a4_ * x))) * x);{'d0': {'_a2_': 0.19798111334565402, '_a4_': 0.6685348780988545, '_a7_': 1.775135404552788, '_a0_': 1.0, '_a1_': 1.0, '_a3_': 1.0, '_a5_': 1.0, '_a6_': 1.0}};{'d0': 0.024905832919416643};-280.569866449044;35.753304395511385
47598;-104.531628829010;((_a7_ + (((x / _a2_) + pow2(_a7_)) * (_a4_ * x))) * x);{'d0': {'_a2_': 0.19798111334565402, '_a4_': 0.6685348780988545, '_a7_': 1.775135404552788, '_a0_': 1.0, '_a1_': 1.0, '_a3_': 1.0, '_a5_': 1.0, '_a6_': 1.0}};{'d0': 0.024905832919416643};-280.569866449044;35.753304395511385
47599;-104.531628829010;((_a7_ + (((x / _a2_) + pow2(_a7_)) * (_a4_ * x))) * x);{'d0': {'_a2_': 0.19798111334565402, '_a4_': 0.6685348780988545, '_a7_': 1.775135404552788, '_a0_': 1.0, '_a1_': 1.0, '_a3_': 1.0, '_a5_': 1.0, '_a6_': 1.0}};{'d0': 0.024905832919416643};-280.569866449044;35.753304395511385
47600;-104.531628829010;((_a7_ + (((x / _a2_) + pow2(_a7_)) * (_a4_ * x))) * x);{'d0': {'_a2_': 0.19798111334565402, '_a4_': 0.6685348780988545, '_a7_': 1.775135404552788, '_a0_': 1.0, '_a1_': 1.0, '_a3_': 1.0, '_a5_': 1.0, '_a6_': 1.0}};{'d0': 0.024905832919416643};-280.569866449044;35.753304395511385
47601;-104.531628829010;((_a7_ + (((x / _a2_) + pow2(_a7_)) * (_a4_ * x))) * x);{'d0': {'_a2_': 0.19798111334565402, '_a4_': 0.6685348780988545, '_a7_': 1.775135404552788, '_a0_': 1.0, '_a1_': 1.0, '_a3_': 1.0, '_a5_': 1.0, '_a6_': 1.0}};{'d0': 0.024905832919416643};-280.569866449044;35.753304395511385
47602;-104.531628829010;((_a7_ + (((x / _a2_) + pow2(_a7_)) * (_a4_ * x))) * x);{'d0': {'_a2_': 0.19798111334565402, '_a4_': 0.6685348780988545, '_a7_': 1.775135404552788, '_a0_': 1.0, '_a1_': 1.0, '_a3_': 1.0, '_a5_': 1.0, '_a6_': 1.0}};{'d0': 0.024905832919416643};-280.569866449044;35.753304395511385
47603;-104.531628829010;((_a7_ + (((x / _a2_) + pow2(_a7_)) * (_a4_ * x))) * x);{'d0': {'_a2_': 0.19798111334565402, '_a4_': 0.6685348780988545, '_a7_': 1.775135404552788, '_a0_': 1.0, '_a1_': 1.0, '_a3_': 1.0, '_a5_': 1.0, '_a6_': 1.0}};{'d0': 0.024905832919416643};-280.569866449044;35.753304395511385
47604;-98.6944060208632;((_a7_ + (((x / (_a4_ / _a1_)) + pow2(_a7_)) * (_a4_ * x))) * x);{'d0': {'_a1_': 3.3767608783475644, '_a4_': 0.6685348784170791, '_a7_': 1.7751354040638396, '_a0_': 1.0, '_a2_': 1.0, '_a3_': 1.0, '_a5_': 1.0, '_a6_': 1.0}};{'d0': 0.024905832919416625};-280.569866449044;41.59052720365858
47605;-98.6944060208632;((_a7_ + (((x / (_a4_ / _a1_)) + pow2(_a7_)) * (_a4_ * x))) * x);{'d0': {'_a1_': 3.3767608783475644, '_a4_': 0.6685348784170791, '_a7_': 1.7751354040638396, '_a0_': 1.0, '_a2_': 1.0, '_a3_': 1.0, '_a5_': 1.0, '_a6_': 1.0}};{'d0': 0.024905832919416625};-280.569866449044;41.59052720365858
47606;-98.6944060208632;((_a7_ + (((x / (_a4_ / _a1_)) + pow2(_a7_)) * (_a4_ * x))) * x);{'d0': {'_a1_': 3.3767608783475644, '_a4_': 0.6685348784170791, '_a7_': 1.7751354040638396, '_a0_': 1.0, '_a2_': 1.0, '_a3_': 1.0, '_a5_': 1.0, '_a6_': 1.0}};{'d0': 0.024905832919416625};-280.569866449044;41.59052720365858
47607;-98.6944060208632;((_a7_ + (((x / (_a4_ / _a1_)) + pow2(_a7_)) * (_a4_ * x))) * x);{'d0': {'_a1_': 3.3767608783475644, '_a4_': 0.6685348784170791, '_a7_': 1.7751354040638396, '_a0_': 1.0, '_a2_': 1.0, '_a3_': 1.0, '_a5_': 1.0, '_a6_': 1.0}};{'d0': 0.024905832919416625};-280.569866449044;41.59052720365858
47608;-98.6944060208632;((_a7_ + (((x / (_a4_ / _a1_)) + pow2(_a7_)) * (_a4_ * x))) * x);{'d0': {'_a1_': 3.3767608783475644, '_a4_': 0.6685348784170791, '_a7_': 1.7751354040638396, '_a0_': 1.0, '_a2_': 1.0, '_a3_': 1.0, '_a5_': 1.0, '_a6_': 1.0}};{'d0': 0.024905832919416625};-280.569866449044;41.59052720365858
47609;-98.6944060208632;((_a7_ + (((x / (_a4_ / _a1_)) + pow2(_a7_)) * (_a4_ * x))) * x);{'d0': {'_a1_': 3.3767608783475644, '_a4_': 0.6685348784170791, '_a7_': 1.7751354040638396, '_a0_': 1.0, '_a2_': 1.0, '_a3_': 1.0, '_a5_': 1.0, '_a6_': 1.0}};{'d0': 0.024905832919416625};-280.569866449044;41.59052720365858
47610;-94.4245671578543;(((((((_a5_ + _a5_) * (x * x)) / _a1_) + _a2_) + x) / _a7_) * x);{'d0': {'_a1_': 2.532482163659735, '_a2_': 0.8426446038672273, '_a5_': 2.0296902990822177, '_a7_': 0.47469314370516086, '_a0_': 1.0, '_a3_': 1.0, '_a4_': 1.0, '_a6_': 1.0}};{'d0': 0.02490583292396456};-276.475521875865;43.8131937800786
47611;-94.4245671578543;(((((((_a5_ + _a5_) * (x * x)) / _a1_) + _a2_) + x) / _a7_) * x);{'d0': {'_a1_': 2.532482163659735, '_a2_': 0.8426446038672273, '_a5_': 2.0296902990822177, '_a7_': 0.47469314370516086, '_a0_': 1.0, '_a3_': 1.0, '_a4_': 1.0, '_a6_': 1.0}};{'d0': 0.02490583292396456};-276.475521875865;43.8131937800786
47612;-94.4245671578543;(((((((_a5_ + _a5_) * (x * x)) / _a1_) + _a2_) + x) / _a7_) * x);{'d0': {'_a1_': 2.532482163659735, '_a2_': 0.8426446038672273, '_a5_': 2.0296902990822177, '_a7_': 0.47469314370516086, '_a0_': 1.0, '_a3_': 1.0, '_a4_': 1.0, '_a6_': 1.0}};{'d0': 0.02490583292396456};-276.475521875865;43.8131937800786
47613;-94.4245671578543;(((((((_a5_ + _a5_) * (x * x)) / _a1_) + _a2_) + x) / _a7_) * x);{'d0': {'_a1_': 2.532482163659735, '_a2_': 0.8426446038672273, '_a5_': 2.0296902990822177, '_a7_': 0.47469314370516086, '_a0_': 1.0, '_a3_': 1.0, '_a4_': 1.0, '_a6_': 1.0}};{'d0': 0.02490583292396456};-276.475521875865;43.8131937800786
47614;-94.4245671578543;(((((((_a5_ + _a5_) * (x * x)) / _a1_) + _a2_) + x) / _a7_) * x);{'d0': {'_a1_': 2.532482163659735, '_a2_': 0.8426446038672273, '_a5_': 2.0296902990822177, '_a7_': 0.47469314370516086, '_a0_': 1.0, '_a3_': 1.0, '_a4_': 1.0, '_a6_': 1.0}};{'d0': 0.02490583292396456};-276.475521875865;43.8131937800786
47615;-94.4245671578543;(((((((_a5_ + _a5_) * (x * x)) / _a1_) + _a2_) + x) / _a7_) * x);{'d0': {'_a1_': 2.532482163659735, '_a2_': 0.8426446038672273, '_a5_': 2.0296902990822177, '_a7_': 0.47469314370516086, '_a0_': 1.0, '_a3_': 1.0, '_a4_': 1.0, '_a6_': 1.0}};{'d0': 0.02490583292396456};-276.475521875865;43.8131937800786
47616;-90.7266326907221;(((((((pow2(_a7_) + _a5_) * (x * x)) / _a1_) + _a2_) + x) / _a7_) * x);{'d0': {'_a1_': 195.74244807168108, '_a2_': 0.8426446055961327, '_a5_': 313.53517666588573, '_a7_': 0.474693143701227, '_a0_': 1.0, '_a3_': 1.0, '_a4_': 1.0, '_a6_': 1.0}};{'d0': 0.02490583291941691};-276.475521886821;47.5111282526886
47617;-90.7266326907221;(((((((pow2(_a7_) + _a5_) * (x * x)) / _a1_) + _a2_) + x) / _a7_) * x);{'d0': {'_a1_': 195.74244807168108, '_a2_': 0.8426446055961327, '_a5_': 313.53517666588573, '_a7_': 0.474693143701227, '_a0_': 1.0, '_a3_': 1.0, '_a4_': 1.0, '_a6_': 1.0}};{'d0': 0.02490583291941691};-276.475521886821;47.5111282526886
47618;-90.7266326907221;(((((((pow2(_a7_) + _a5_) * (x * x)) / _a1_) + _a2_) + x) / _a7_) * x);{'d0': {'_a1_': 195.74244807168108, '_a2_': 0.8426446055961327, '_a5_': 313.53517666588573, '_a7_': 0.474693143701227, '_a0_': 1.0, '_a3_': 1.0, '_a4_': 1.0, '_a6_': 1.0}};{'d0': 0.02490583291941691};-276.475521886821;47.5111282526886
47619;-90.7266326907221;(((((((pow2(_a7_) + _a5_) * (x * x)) / _a1_) + _a2_) + x) / _a7_) * x);{'d0': {'_a1_': 195.74244807168108, '_a2_': 0.8426446055961327, '_a5_': 313.53517666588573, '_a7_': 0.474693143701227, '_a0_': 1.0, '_a3_': 1.0, '_a4_': 1.0, '_a6_': 1.0}};{'d0': 0.02490583291941691};-276.475521886821;47.5111282526886
47620;-90.7266326907221;(((((((pow2(_a7_) + _a5_) * (x * x)) / _a1_) + _a2_) + x) / _a7_) * x);{'d0': {'_a1_': 195.74244807168108, '_a2_': 0.8426446055961327, '_a5_': 313.53517666588573, '_a7_': 0.474693143701227, '_a0_': 1.0, '_a3_': 1.0, '_a4_': 1.0, '_a6_': 1.0}};{'d0': 0.02490583291941691};-276.475521886821;47.5111282526886
47621;-98.6944060208632;((_a7_ + (((x / (_a4_ / _a1_)) + pow2(_a7_)) * (_a4_ * x))) * x);{'d0': {'_a1_': 3.3767608783475644, '_a4_': 0.6685348784170791, '_a7_': 1.7751354040638396, '_a0_': 1.0, '_a2_': 1.0, '_a3_': 1.0, '_a5_': 1.0, '_a6_': 1.0}};{'d0': 0.024905832919416625};-280.569866449044;41.59052720365858
47622;-98.6944060208632;((_a7_ + (((x / (_a4_ / _a1_)) + pow2(_a7_)) * (_a4_ * x))) * x);{'d0': {'_a1_': 3.3767608783475644, '_a4_': 0.6685348784170791, '_a7_': 1.7751354040638396, '_a0_': 1.0, '_a2_': 1.0, '_a3_': 1.0, '_a5_': 1.0, '_a6_': 1.0}};{'d0': 0.024905832919416625};-280.569866449044;41.59052720365858
47623;-98.6944060208632;((_a7_ + (((x / (_a4_ / _a1_)) + pow2(_a7_)) * (_a4_ * x))) * x);{'d0': {'_a1_': 3.3767608783475644, '_a4_': 0.6685348784170791, '_a7_': 1.7751354040638396, '_a0_': 1.0, '_a2_': 1.0, '_a3_': 1.0, '_a5_': 1.0, '_a6_': 1.0}};{'d0': 0.024905832919416625};-280.569866449044;41.59052720365858
47624;-98.6944060208632;((_a7_ + (((x / (_a4_ / _a1_)) + pow2(_a7_)) * (_a4_ * x))) * x);{'d0': {'_a1_': 3.3767608783475644, '_a4_': 0.6685348784170791, '_a7_': 1.7751354040638396, '_a0_': 1.0, '_a2_': 1.0, '_a3_': 1.0, '_a5_': 1.0, '_a6_': 1.0}};{'d0': 0.024905832919416625};-280.569866449044;41.59052720365858
47625;-98.6944060208632;((_a7_ + (((x / (_a4_ / _a1_)) + pow2(_a7_)) * (_a4_ * x))) * x);{'d0': {'_a1_': 3.3767608783475644, '_a4_': 0.6685348784170791, '_a7_': 1.7751354040638396, '_a0_': 1.0, '_a2_': 1.0, '_a3_': 1.0, '_a5_': 1.0, '_a6_': 1.0}};{'d0': 0.024905832919416625};-280.569866449044;41.59052720365858
47626;-98.6944060208632;((_a7_ + (((x / (_a4_ / _a1_)) + pow2(_a7_)) * (_a4_ * x))) * x);{'d0': {'_a1_': 3.3767608783475644, '_a4_': 0.6685348784170791, '_a7_': 1.7751354040638396, '_a0_': 1.0, '_a2_': 1.0, '_a3_': 1.0, '_a5_': 1.0, '_a6_': 1.0}};{'d0': 0.024905832919416625};-280.569866449044;41.59052720365858
47627;-98.6944060208632;((_a7_ + (((x / (_a4_ / _a1_)) + pow2(_a7_)) * (_a4_ * x))) * x);{'d0': {'_a1_': 3.3767608783475644, '_a4_': 0.6685348784170791, '_a7_': 1.7751354040638396, '_a0_': 1.0, '_a2_': 1.0, '_a3_': 1.0, '_a5_': 1.0, '_a6_': 1.0}};{'d0': 0.024905832919416625};-280.569866449044;41.59052720365858
47628;-98.6944060208632;((_a7_ + (((x / (_a4_ / _a1_)) + pow2(_a7_)) * (_a4_ * x))) * x);{'d0': {'_a1_': 3.3767608783475644, '_a4_': 0.6685348784170791, '_a7_': 1.7751354040638396, '_a0_': 1.0, '_a2_': 1.0, '_a3_': 1.0, '_a5_': 1.0, '_a6_': 1.0}};{'d0': 0.024905832919416625};-280.569866449044;41.59052720365858
47629;-98.6944060208632;((_a7_ + (((x / (_a4_ / _a1_)) + pow2(_a7_)) * (_a4_ * x))) * x);{'d0': {'_a1_': 3.3767608783475644, '_a4_': 0.6685348784170791, '_a7_': 1.7751354040638396, '_a0_': 1.0, '_a2_': 1.0, '_a3_': 1.0, '_a5_': 1.0, '_a6_': 1.0}};{'d0': 0.024905832919416625};-280.569866449044;41.59052720365858
47630;-98.6944060208632;((_a7_ + (((x / (_a4_ / _a1_)) + pow2(_a7_)) * (_a4_ * x))) * x);{'d0': {'_a1_': 3.3767608783475644, '_a4_': 0.6685348784170791, '_a7_': 1.7751354040638396, '_a0_': 1.0, '_a2_': 1.0, '_a3_': 1.0, '_a5_': 1.0, '_a6_': 1.0}};{'d0': 0.024905832919416625};-280.569866449044;41.59052720365858
47631;-98.6944060208632;((_a7_ + (((x / (_a4_ / _a1_)) + pow2(_a7_)) * (_a4_ * x))) * x);{'d0': {'_a1_': 3.3767608783475644, '_a4_': 0.6685348784170791, '_a7_': 1.7751354040638396, '_a0_': 1.0, '_a2_': 1.0, '_a3_': 1.0, '_a5_': 1.0, '_a6_': 1.0}};{'d0': 0.024905832919416625};-280.569866449044;41.59052720365858
47632;-98.6944060208632;((_a7_ + (((x / (_a4_ / _a1_)) + pow2(_a7_)) * (_a4_ * x))) * x);{'d0': {'_a1_': 3.3767608783475644, '_a4_': 0.6685348784170791, '_a7_': 1.7751354040638396, '_a0_': 1.0, '_a2_': 1.0, '_a3_': 1.0, '_a5_': 1.0, '_a6_': 1.0}};{'d0': 0.024905832919416625};-280.569866449044;41.59052720365858
47633;-98.6944060208632;((_a7_ + (((x / (_a4_ / _a1_)) + pow2(_a7_)) * (_a4_ * x))) * x);{'d0': {'_a1_': 3.3767608783475644, '_a4_': 0.6685348784170791, '_a7_': 1.7751354040638396, '_a0_': 1.0, '_a2_': 1.0, '_a3_': 1.0, '_a5_': 1.0, '_a6_': 1.0}};{'d0': 0.024905832919416625};-280.569866449044;41.59052720365858
47634;-98.6944060208632;((_a7_ + (((x / (_a4_ / _a1_)) + pow2(_a7_)) * (_a4_ * x))) * x);{'d0': {'_a1_': 3.3767608783475644, '_a4_': 0.6685348784170791, '_a7_': 1.7751354040638396, '_a0_': 1.0, '_a2_': 1.0, '_a3_': 1.0, '_a5_': 1.0, '_a6_': 1.0}};{'d0': 0.024905832919416625};-280.569866449044;41.59052720365858
47635;-98.6944060208632;((_a7_ + (((x / (_a4_ / _a1_)) + pow2(_a7_)) * (_a4_ * x))) * x);{'d0': {'_a1_': 3.3767608783475644, '_a4_': 0.6685348784170791, '_a7_': 1.7751354040638396, '_a0_': 1.0, '_a2_': 1.0, '_a3_': 1.0, '_a5_': 1.0, '_a6_': 1.0}};{'d0': 0.024905832919416625};-280.569866449044;41.59052720365858
47636;-98.6944060208632;((_a7_ + (((x / (_a4_ / _a1_)) + pow2(_a7_)) * (_a4_ * x))) * x);{'d0': {'_a1_': 3.3767608783475644, '_a4_': 0.6685348784170791, '_a7_': 1.7751354040638396, '_a0_': 1.0, '_a2_': 1.0, '_a3_': 1.0, '_a5_': 1.0, '_a6_': 1.0}};{'d0': 0.024905832919416625};-280.569866449044;41.59052720365858
47637;-98.6944060208632;((_a7_ + (((x / (_a4_ / _a1_)) + pow2(_a7_)) * (_a4_ * x))) * x);{'d0': {'_a1_': 3.3767608783475644, '_a4_': 0.6685348784170791, '_a7_': 1.7751354040638396, '_a0_': 1.0, '_a2_': 1.0, '_a3_': 1.0, '_a5_': 1.0, '_a6_': 1.0}};{'d0': 0.024905832919416625};-280.569866449044;41.59052720365858
47638;-98.6944060208632;((_a7_ + (((x / (_a4_ / _a1_)) + pow2(_a7_)) * (_a4_ * x))) * x);{'d0': {'_a1_': 3.3767608783475644, '_a4_': 0.6685348784170791, '_a7_': 1.7751354040638396, '_a0_': 1.0, '_a2_': 1.0, '_a3_': 1.0, '_a5_': 1.0, '_a6_': 1.0}};{'d0': 0.024905832919416625};-280.569866449044;41.59052720365858
47639;-98.6944060208632;((_a7_ + (((x / (_a4_ / _a1_)) + pow2(_a7_)) * (_a4_ * x))) * x);{'d0': {'_a1_': 3.3767608783475644, '_a4_': 0.6685348784170791, '_a7_': 1.7751354040638396, '_a0_': 1.0, '_a2_': 1.0, '_a3_': 1.0, '_a5_': 1.0, '_a6_': 1.0}};{'d0': 0.024905832919416625};-280.569866449044;41.59052720365858
47640;-98.6944060208632;((_a7_ + (((x / (_a4_ / _a1_)) + pow2(_a7_)) * (_a4_ * x))) * x);{'d0': {'_a1_': 3.3767608783475644, '_a4_': 0.6685348784170791, '_a7_': 1.7751354040638396, '_a0_': 1.0, '_a2_': 1.0, '_a3_': 1.0, '_a5_': 1.0, '_a6_': 1.0}};{'d0': 0.024905832919416625};-280.569866449044;41.59052720365858
47641;-105.728664307885;((x * (pow2((x + _a5_)) * -(_a4_))) + (x / _a7_));{'d0': {'_a4_': -3.3767608793820116, '_a5_': 0.3119297077360061, '_a7_': 0.6912875220977996, '_a0_': 1.0, '_a1_': 1.0, '_a2_': 1.0, '_a3_': 1.0, '_a6_': 1.0}};{'d0': 0.02490583291941667};-280.569866449043;34.55626891663678
47642;-105.728664307885;((x * (pow2((x + _a5_)) * -(_a4_))) + (x / _a7_));{'d0': {'_a4_': -3.3767608793820116, '_a5_': 0.3119297077360061, '_a7_': 0.6912875220977996, '_a0_': 1.0, '_a1_': 1.0, '_a2_': 1.0, '_a3_': 1.0, '_a6_': 1.0}};{'d0': 0.02490583291941667};-280.569866449043;34.55626891663678
47643;-105.728664307885;((x * (pow2((x + _a5_)) * -(_a4_))) + (x / _a7_));{'d0': {'_a4_': -3.3767608793820116, '_a5_': 0.3119297077360061, '_a7_': 0.6912875220977996, '_a0_': 1.0, '_a1_': 1.0, '_a2_': 1.0, '_a3_': 1.0, '_a6_': 1.0}};{'d0': 0.02490583291941667};-280.569866449043;34.55626891663678
47644;-98.6944060208633;((_a7_ + (((x / (_a4_ / _a1_)) + pow2(_a4_)) * (_a4_ * x))) * x);{'d0': {'_a1_': 3.3767608795236734, '_a4_': 1.2819242032956262, '_a7_': 1.7751354042246663, '_a0_': 1.0, '_a2_': 1.0, '_a3_': 1.0, '_a5_': 1.0, '_a6_': 1.0}};{'d0': 0.02490583291941657};-280.569866449044;41.59052720365858
47645;-98.6944060208633;((_a7_ + (((x / (_a4_ / _a1_)) + pow2(_a4_)) * (_a4_ * x))) * x);{'d0': {'_a1_': 3.3767608795236734, '_a4_': 1.2819242032956262, '_a7_': 1.7751354042246663, '_a0_': 1.0, '_a2_': 1.0, '_a3_': 1.0, '_a5_': 1.0, '_a6_': 1.0}};{'d0': 0.02490583291941657};-280.569866449044;41.59052720365858
47646;-98.6944060208633;((_a7_ + (((x / (_a4_ / _a1_)) + pow2(_a4_)) * (_a4_ * x))) * x);{'d0': {'_a1_': 3.3767608795236734, '_a4_': 1.2819242032956262, '_a7_': 1.7751354042246663, '_a0_': 1.0, '_a2_': 1.0, '_a3_': 1.0, '_a5_': 1.0, '_a6_': 1.0}};{'d0': 0.02490583291941657};-280.569866449044;41.59052720365858
47647;-98.6944060208632;((_a2_ + (((x / (_a4_ / _a1_)) + pow2(_a4_)) * (_a4_ * x))) * x);{'d0': {'_a1_': 3.3767608787960324, '_a2_': 1.7751354043053136, '_a4_': 1.2819242031951348, '_a0_': 1.0, '_a3_': 1.0, '_a5_': 1.0, '_a6_': 1.0, '_a7_': 1.0}};{'d0': 0.024905832919416615};-280.569866449044;41.59052720365858
47648;-98.6944060208632;((_a2_ + (((x / (_a4_ / _a1_)) + pow2(_a4_)) * (_a4_ * x))) * x);{'d0': {'_a1_': 3.3767608787960324, '_a2_': 1.7751354043053136, '_a4_': 1.2819242031951348, '_a0_': 1.0, '_a3_': 1.0, '_a5_': 1.0, '_a6_': 1.0, '_a7_': 1.0}};{'d0': 0.024905832919416615};-280.569866449044;41.59052720365858
47649;-98.6944060208632;((_a2_ + (((x / (_a4_ / _a1_)) + pow2(_a4_)) * (_a4_ * x))) * x);{'d0': {'_a1_': 3.3767608787960324, '_a2_': 1.7751354043053136, '_a4_': 1.2819242031951348, '_a0_': 1.0, '_a3_': 1.0, '_a5_': 1.0, '_a6_': 1.0, '_a7_': 1.0}};{'d0': 0.024905832919416615};-280.569866449044;41.59052720365858
47650;-98.6944060208632;((_a2_ + (((x / (_a4_ / _a1_)) + pow2(_a4_)) * (_a4_ * x))) * x);{'d0': {'_a1_': 3.3767608787960324, '_a2_': 1.7751354043053136, '_a4_': 1.2819242031951348, '_a0_': 1.0, '_a3_': 1.0, '_a5_': 1.0, '_a6_': 1.0, '_a7_': 1.0}};{'d0': 0.024905832919416615};-280.569866449044;41.59052720365858
47651;-98.6944060208632;((_a2_ + (((x / (_a4_ / _a1_)) + pow2(_a4_)) * (_a4_ * x))) * x);{'d0': {'_a1_': 3.3767608787960324, '_a2_': 1.7751354043053136, '_a4_': 1.2819242031951348, '_a0_': 1.0, '_a3_': 1.0, '_a5_': 1.0, '_a6_': 1.0, '_a7_': 1.0}};{'d0': 0.024905832919416615};-280.569866449044;41.59052720365858
47652;-98.6944060208632;((_a2_ + (((x / (_a4_ / _a1_)) + pow2(_a4_)) * (_a4_ * x))) * x);{'d0': {'_a1_': 3.3767608787960324, '_a2_': 1.7751354043053136, '_a4_': 1.2819242031951348, '_a0_': 1.0, '_a3_': 1.0, '_a5_': 1.0, '_a6_': 1.0, '_a7_': 1.0}};{'d0': 0.024905832919416615};-280.569866449044;41.59052720365858
47653;-98.6944060208632;((_a2_ + (((x / (_a4_ / _a1_)) + pow2(_a4_)) * (_a4_ * x))) * x);{'d0': {'_a1_': 3.3767608787960324, '_a2_': 1.7751354043053136, '_a4_': 1.2819242031951348, '_a0_': 1.0, '_a3_': 1.0, '_a5_': 1.0, '_a6_': 1.0, '_a7_': 1.0}};{'d0': 0.024905832919416615};-280.569866449044;41.59052720365858
47654;-98.6944060208632;((_a2_ + (((x / (_a4_ / _a1_)) + pow2(_a4_)) * (_a4_ * x))) * x);{'d0': {'_a1_': 3.3767608787960324, '_a2_': 1.7751354043053136, '_a4_': 1.2819242031951348, '_a0_': 1.0, '_a3_': 1.0, '_a5_': 1.0, '_a6_': 1.0, '_a7_': 1.0}};{'d0': 0.024905832919416615};-280.569866449044;41.59052720365858
47655;-98.6944060208632;((_a2_ + (((x / (_a4_ / _a1_)) + pow2(_a4_)) * (_a4_ * x))) * x);{'d0': {'_a1_': 3.3767608787960324, '_a2_': 1.7751354043053136, '_a4_': 1.2819242031951348, '_a0_': 1.0, '_a3_': 1.0, '_a5_': 1.0, '_a6_': 1.0, '_a7_': 1.0}};{'d0': 0.024905832919416615};-280.569866449044;41.59052720365858
47656;-98.6944060208632;((_a2_ + (((x / (_a4_ / _a1_)) + pow2(_a4_)) * (_a4_ * x))) * x);{'d0': {'_a1_': 3.3767608787960324, '_a2_': 1.7751354043053136, '_a4_': 1.2819242031951348, '_a0_': 1.0, '_a3_': 1.0, '_a5_': 1.0, '_a6_': 1.0, '_a7_': 1.0}};{'d0': 0.024905832919416615};-280.569866449044;41.59052720365858
47657;-105.728664307885;((x * (pow2((x + _a5_)) * -(_a4_))) + (x / _a7_));{'d0': {'_a4_': -3.3767608793820116, '_a5_': 0.3119297077360061, '_a7_': 0.6912875220977996, '_a0_': 1.0, '_a1_': 1.0, '_a2_': 1.0, '_a3_': 1.0, '_a6_': 1.0}};{'d0': 0.02490583291941667};-280.569866449043;34.55626891663678
47658;-105.728664307885;((x * (pow2((x + _a5_)) * -(_a4_))) + (x / _a7_));{'d0': {'_a4_': -3.3767608793820116, '_a5_': 0.3119297077360061, '_a7_': 0.6912875220977996, '_a0_': 1.0, '_a1_': 1.0, '_a2_': 1.0, '_a3_': 1.0, '_a6_': 1.0}};{'d0': 0.02490583291941667};-280.569866449043;34.55626891663678
47659;-105.728664307885;((x * (pow2((x + _a5_)) * -(_a4_))) + (x / _a7_));{'d0': {'_a4_': -3.3767608793820116, '_a5_': 0.3119297077360061, '_a7_': 0.6912875220977996, '_a0_': 1.0, '_a1_': 1.0, '_a2_': 1.0, '_a3_': 1.0, '_a6_': 1.0}};{'d0': 0.02490583291941667};-280.569866449043;34.55626891663678
47660;-105.728664307885;((x * (pow2((x + _a5_)) * -(_a4_))) + (x / _a7_));{'d0': {'_a4_': -3.3767608793820116, '_a5_': 0.3119297077360061, '_a7_': 0.6912875220977996, '_a0_': 1.0, '_a1_': 1.0, '_a2_': 1.0, '_a3_': 1.0, '_a6_': 1.0}};{'d0': 0.02490583291941667};-280.569866449043;34.55626891663678
47661;-105.728664307885;((x * (pow2((x + _a5_)) * -(_a4_))) + (x / _a7_));{'d0': {'_a4_': -3.3767608793820116, '_a5_': 0.3119297077360061, '_a7_': 0.6912875220977996, '_a0_': 1.0, '_a1_': 1.0, '_a2_': 1.0, '_a3_': 1.0, '_a6_': 1.0}};{'d0': 0.02490583291941667};-280.569866449043;34.55626891663678
47662;-105.728664307885;((x * (pow2((x + _a5_)) * -(_a4_))) + (x / _a7_));{'d0': {'_a4_': -3.3767608793820116, '_a5_': 0.3119297077360061, '_a7_': 0.6912875220977996, '_a0_': 1.0, '_a1_': 1.0, '_a2_': 1.0, '_a3_': 1.0, '_a6_': 1.0}};{'d0': 0.02490583291941667};-280.569866449043;34.55626891663678
47663;-105.728664307885;((x * (pow2((x + _a5_)) * -(_a4_))) + (x / _a7_));{'d0': {'_a4_': -3.3767608793820116, '_a5_': 0.3119297077360061, '_a7_': 0.6912875220977996, '_a0_': 1.0, '_a1_': 1.0, '_a2_': 1.0, '_a3_': 1.0, '_a6_': 1.0}};{'d0': 0.02490583291941667};-280.569866449043;34.55626891663678
47664;-105.728664307885;((x * (pow2((x + _a5_)) * -(_a4_))) + (x / _a7_));{'d0': {'_a4_': -3.3767608793820116, '_a5_': 0.3119297077360061, '_a7_': 0.6912875220977996, '_a0_': 1.0, '_a1_': 1.0, '_a2_': 1.0, '_a3_': 1.0, '_a6_': 1.0}};{'d0': 0.02490583291941667};-280.569866449043;34.55626891663678
47665;-105.728664307885;((x * (pow2((x + _a5_)) * -(_a4_))) + (x / _a7_));{'d0': {'_a4_': -3.3767608793820116, '_a5_': 0.3119297077360061, '_a7_': 0.6912875220977996, '_a0_': 1.0, '_a1_': 1.0, '_a2_': 1.0, '_a3_': 1.0, '_a6_': 1.0}};{'d0': 0.02490583291941667};-280.569866449043;34.55626891663678
47666;-105.728664307885;((x * (pow2((x + _a5_)) * -(_a4_))) + (x / _a7_));{'d0': {'_a4_': -3.3767608793820116, '_a5_': 0.3119297077360061, '_a7_': 0.6912875220977996, '_a0_': 1.0, '_a1_': 1.0, '_a2_': 1.0, '_a3_': 1.0, '_a6_': 1.0}};{'d0': 0.02490583291941667};-280.569866449043;34.55626891663678
47667;-105.728664307885;((x * (pow2((x + _a5_)) * -(_a4_))) + (x / _a7_));{'d0': {'_a4_': -3.3767608793820116, '_a5_': 0.3119297077360061, '_a7_': 0.6912875220977996, '_a0_': 1.0, '_a1_': 1.0, '_a2_': 1.0, '_a3_': 1.0, '_a6_': 1.0}};{'d0': 0.02490583291941667};-280.569866449043;34.55626891663678
47668;-105.728664307885;((x * (pow2((x + _a5_)) * -(_a4_))) + (x / _a7_));{'d0': {'_a4_': -3.3767608793820116, '_a5_': 0.3119297077360061, '_a7_': 0.6912875220977996, '_a0_': 1.0, '_a1_': 1.0, '_a2_': 1.0, '_a3_': 1.0, '_a6_': 1.0}};{'d0': 0.02490583291941667};-280.569866449043;34.55626891663678
47669;-105.728664307885;((x * (pow2((x + _a5_)) * -(_a4_))) + (x / _a7_));{'d0': {'_a4_': -3.3767608793820116, '_a5_': 0.3119297077360061, '_a7_': 0.6912875220977996, '_a0_': 1.0, '_a1_': 1.0, '_a2_': 1.0, '_a3_': 1.0, '_a6_': 1.0}};{'d0': 0.02490583291941667};-280.569866449043;34.55626891663678
47670;-105.728664307885;((x * (pow2((x + _a5_)) * -(_a4_))) + (x / _a7_));{'d0': {'_a4_': -3.3767608793820116, '_a5_': 0.3119297077360061, '_a7_': 0.6912875220977996, '_a0_': 1.0, '_a1_': 1.0, '_a2_': 1.0, '_a3_': 1.0, '_a6_': 1.0}};{'d0': 0.02490583291941667};-280.569866449043;34.55626891663678
47671;-105.728664307885;((x * (pow2((x + _a5_)) * -(_a4_))) + (x / _a7_));{'d0': {'_a4_': -3.3767608793820116, '_a5_': 0.3119297077360061, '_a7_': 0.6912875220977996, '_a0_': 1.0, '_a1_': 1.0, '_a2_': 1.0, '_a3_': 1.0, '_a6_': 1.0}};{'d0': 0.02490583291941667};-280.569866449043;34.55626891663678
47672;-105.728664307885;((x * (pow2((x + _a5_)) * -(_a4_))) + (x / _a7_));{'d0': {'_a4_': -3.3767608793820116, '_a5_': 0.3119297077360061, '_a7_': 0.6912875220977996, '_a0_': 1.0, '_a1_': 1.0, '_a2_': 1.0, '_a3_': 1.0, '_a6_': 1.0}};{'d0': 0.02490583291941667};-280.569866449043;34.55626891663678
47673;-105.728664307885;((x * (pow2((x + _a5_)) * -(_a4_))) + (x / _a7_));{'d0': {'_a4_': -3.3767608793820116, '_a5_': 0.3119297077360061, '_a7_': 0.6912875220977996, '_a0_': 1.0, '_a1_': 1.0, '_a2_': 1.0, '_a3_': 1.0, '_a6_': 1.0}};{'d0': 0.02490583291941667};-280.569866449043;34.55626891663678
47674;-105.728664307885;((x * (pow2((x + _a5_)) * -(_a4_))) + (x / _a7_));{'d0': {'_a4_': -3.3767608793820116, '_a5_': 0.3119297077360061, '_a7_': 0.6912875220977996, '_a0_': 1.0, '_a1_': 1.0, '_a2_': 1.0, '_a3_': 1.0, '_a6_': 1.0}};{'d0': 0.02490583291941667};-280.569866449043;34.55626891663678
47675;-105.728664307885;((x * (pow2((x + _a5_)) * -(_a4_))) + (x / _a7_));{'d0': {'_a4_': -3.3767608793820116, '_a5_': 0.3119297077360061, '_a7_': 0.6912875220977996, '_a0_': 1.0, '_a1_': 1.0, '_a2_': 1.0, '_a3_': 1.0, '_a6_': 1.0}};{'d0': 0.02490583291941667};-280.569866449043;34.55626891663678
47676;-105.728664307885;((x * (pow2((x + _a5_)) * -(_a4_))) + (x / _a7_));{'d0': {'_a4_': -3.3767608793820116, '_a5_': 0.3119297077360061, '_a7_': 0.6912875220977996, '_a0_': 1.0, '_a1_': 1.0, '_a2_': 1.0, '_a3_': 1.0, '_a6_': 1.0}};{'d0': 0.02490583291941667};-280.569866449043;34.55626891663678
47677;-105.728664307885;((x * (pow2((x + _a5_)) * -(_a4_))) + (x / _a7_));{'d0': {'_a4_': -3.3767608793820116, '_a5_': 0.3119297077360061, '_a7_': 0.6912875220977996, '_a0_': 1.0, '_a1_': 1.0, '_a2_': 1.0, '_a3_': 1.0, '_a6_': 1.0}};{'d0': 0.02490583291941667};-280.569866449043;34.55626891663678
47678;-105.728664307885;((x * (pow2((x + _a5_)) * -(_a4_))) + (x / _a7_));{'d0': {'_a4_': -3.3767608793820116, '_a5_': 0.3119297077360061, '_a7_': 0.6912875220977996, '_a0_': 1.0, '_a1_': 1.0, '_a2_': 1.0, '_a3_': 1.0, '_a6_': 1.0}};{'d0': 0.02490583291941667};-280.569866449043;34.55626891663678
47679;-105.728664307885;((x * (pow2((x + _a5_)) * -(_a4_))) + (x / _a7_));{'d0': {'_a4_': -3.3767608793820116, '_a5_': 0.3119297077360061, '_a7_': 0.6912875220977996, '_a0_': 1.0, '_a1_': 1.0, '_a2_': 1.0, '_a3_': 1.0, '_a6_': 1.0}};{'d0': 0.02490583291941667};-280.569866449043;34.55626891663678
47680;-105.728664307885;((x * (pow2((x + _a5_)) * -(_a4_))) + (x / _a7_));{'d0': {'_a4_': -3.3767608793820116, '_a5_': 0.3119297077360061, '_a7_': 0.6912875220977996, '_a0_': 1.0, '_a1_': 1.0, '_a2_': 1.0, '_a3_': 1.0, '_a6_': 1.0}};{'d0': 0.02490583291941667};-280.569866449043;34.55626891663678
47681;-94.0962758911592;(((pow2(_a4_) + (_a4_ + pow2((sin(_a7_) + x)))) * _a4_) * (x * _a2_));{'d0': {'_a2_': 10.433522668012936, '_a4_': 0.32364532906189664, '_a7_': 0.31722340367450613, '_a0_': 1.0, '_a1_': 1.0, '_a3_': 1.0, '_a5_': 1.0, '_a6_': 1.0}};{'d0': 0.02490583291941663};-280.569866449044;46.18865733336245
47682;-94.0962758911592;(((pow2(_a4_) + (_a4_ + pow2((sin(_a7_) + x)))) * _a4_) * (x * _a2_));{'d0': {'_a2_': 10.433522668012936, '_a4_': 0.32364532906189664, '_a7_': 0.31722340367450613, '_a0_': 1.0, '_a1_': 1.0, '_a3_': 1.0, '_a5_': 1.0, '_a6_': 1.0}};{'d0': 0.02490583291941663};-280.569866449044;46.18865733336245
47683;-94.0962758911592;(((pow2(_a4_) + (_a4_ + pow2((sin(_a7_) + x)))) * _a4_) * (x * _a2_));{'d0': {'_a2_': 10.433522668012936, '_a4_': 0.32364532906189664, '_a7_': 0.31722340367450613, '_a0_': 1.0, '_a1_': 1.0, '_a3_': 1.0, '_a5_': 1.0, '_a6_': 1.0}};{'d0': 0.02490583291941663};-280.569866449044;46.18865733336245
47684;-94.0962758911592;(((pow2(_a4_) + (_a4_ + pow2((sin(_a7_) + x)))) * _a4_) * (x * _a2_));{'d0': {'_a2_': 10.433522668012936, '_a4_': 0.32364532906189664, '_a7_': 0.31722340367450613, '_a0_': 1.0, '_a1_': 1.0, '_a3_': 1.0, '_a5_': 1.0, '_a6_': 1.0}};{'d0': 0.02490583291941663};-280.569866449044;46.18865733336245
47685;-97.6507876109682;((_a2_ + (((x / (_a4_ / _a7_)) + pow2(_a4_)) * (_a4_ + x))) * x);{'d0': {'_a2_': 1.619320381148124, '_a4_': 0.5381084055000067, '_a7_': 1.8170634124066654, '_a0_': 1.0, '_a1_': 1.0, '_a3_': 1.0, '_a5_': 1.0, '_a6_': 1.0}};{'d0': 0.024905832919416587};-280.569866449044;42.63414561355358
47686;-97.6507876109682;((_a2_ + (((x / (_a4_ / _a7_)) + pow2(_a4_)) * (_a4_ + x))) * x);{'d0': {'_a2_': 1.619320381148124, '_a4_': 0.5381084055000067, '_a7_': 1.8170634124066654, '_a0_': 1.0, '_a1_': 1.0, '_a3_': 1.0, '_a5_': 1.0, '_a6_': 1.0}};{'d0': 0.024905832919416587};-280.569866449044;42.63414561355358
47687;-97.7942103637692;(((x + (_a4_ + pow2((sin(_a7_) + x)))) * _a4_) * (x * _a2_));{'d0': {'_a2_': 6.88683244495979, '_a4_': 0.49032133536164624, '_a7_': -0.18919700738680692, '_a0_': 1.0, '_a1_': 1.0, '_a3_': 1.0, '_a5_': 1.0, '_a6_': 1.0}};{'d0': 0.024905832919416657};-280.569866449044;42.49072286075245
47688;-97.7942103637692;(((x + (_a4_ + pow2((sin(_a7_) + x)))) * _a4_) * (x * _a2_));{'d0': {'_a2_': 6.88683244495979, '_a4_': 0.49032133536164624, '_a7_': -0.18919700738680692, '_a0_': 1.0, '_a1_': 1.0, '_a3_': 1.0, '_a5_': 1.0, '_a6_': 1.0}};{'d0': 0.024905832919416657};-280.569866449044;42.49072286075245
47689;-97.7942103637692;(((x + (_a4_ + pow2((sin(_a7_) + x)))) * _a4_) * (x * _a2_));{'d0': {'_a2_': 6.88683244495979, '_a4_': 0.49032133536164624, '_a7_': -0.18919700738680692, '_a0_': 1.0, '_a1_': 1.0, '_a3_': 1.0, '_a5_': 1.0, '_a6_': 1.0}};{'d0': 0.024905832919416657};-280.569866449044;42.49072286075245
47690;-97.7942103637692;(((x + (_a4_ + pow2((sin(_a7_) + x)))) * _a4_) * (x * _a2_));{'d0': {'_a2_': 6.88683244495979, '_a4_': 0.49032133536164624, '_a7_': -0.18919700738680692, '_a0_': 1.0, '_a1_': 1.0, '_a3_': 1.0, '_a5_': 1.0, '_a6_': 1.0}};{'d0': 0.024905832919416657};-280.569866449044;42.49072286075245
47691;-97.7942103637692;(((x + (_a4_ + pow2((sin(_a7_) + x)))) * _a4_) * (x * _a2_));{'d0': {'_a2_': 6.88683244495979, '_a4_': 0.49032133536164624, '_a7_': -0.18919700738680692, '_a0_': 1.0, '_a1_': 1.0, '_a3_': 1.0, '_a5_': 1.0, '_a6_': 1.0}};{'d0': 0.024905832919416657};-280.569866449044;42.49072286075245
47692;-97.7942103637692;(((x + (_a4_ + pow2((sin(_a7_) + x)))) * _a4_) * (x * _a2_));{'d0': {'_a2_': 6.88683244495979, '_a4_': 0.49032133536164624, '_a7_': -0.18919700738680692, '_a0_': 1.0, '_a1_': 1.0, '_a3_': 1.0, '_a5_': 1.0, '_a6_': 1.0}};{'d0': 0.024905832919416657};-280.569866449044;42.49072286075245
47693;-97.7942103637692;(((x + (_a4_ + pow2((sin(_a7_) + x)))) * _a4_) * (x * _a2_));{'d0': {'_a2_': 6.88683244495979, '_a4_': 0.49032133536164624, '_a7_': -0.18919700738680692, '_a0_': 1.0, '_a1_': 1.0, '_a3_': 1.0, '_a5_': 1.0, '_a6_': 1.0}};{'d0': 0.024905832919416657};-280.569866449044;42.49072286075245
47694;-97.7942103637692;(((x + (_a4_ + pow2((sin(_a7_) + x)))) * _a4_) * (x * _a2_));{'d0': {'_a2_': 6.88683244495979, '_a4_': 0.49032133536164624, '_a7_': -0.18919700738680692, '_a0_': 1.0, '_a1_': 1.0, '_a3_': 1.0, '_a5_': 1.0, '_a6_': 1.0}};{'d0': 0.024905832919416657};-280.569866449044;42.49072286075245
47695;-97.7942103637692;(((x + (_a4_ + pow2((sin(_a7_) + x)))) * _a4_) * (x * _a2_));{'d0': {'_a2_': 6.88683244495979, '_a4_': 0.49032133536164624, '_a7_': -0.18919700738680692, '_a0_': 1.0, '_a1_': 1.0, '_a3_': 1.0, '_a5_': 1.0, '_a6_': 1.0}};{'d0': 0.024905832919416657};-280.569866449044;42.49072286075245
47696;-97.7942103637692;(((x + (_a4_ + pow2((sin(_a7_) + x)))) * _a4_) * (x * _a2_));{'d0': {'_a2_': 6.88683244495979, '_a4_': 0.49032133536164624, '_a7_': -0.18919700738680692, '_a0_': 1.0, '_a1_': 1.0, '_a3_': 1.0, '_a5_': 1.0, '_a6_': 1.0}};{'d0': 0.024905832919416657};-280.569866449044;42.49072286075245
47697;-97.7942103637692;(((x + (_a4_ + pow2((sin(_a7_) + x)))) * _a4_) * (x * _a2_));{'d0': {'_a2_': 6.88683244495979, '_a4_': 0.49032133536164624, '_a7_': -0.18919700738680692, '_a0_': 1.0, '_a1_': 1.0, '_a3_': 1.0, '_a5_': 1.0, '_a6_': 1.0}};{'d0': 0.024905832919416657};-280.569866449044;42.49072286075245
47698;-97.7942103637692;(((x + (_a4_ + pow2((sin(_a7_) + x)))) * _a4_) * (x * _a2_));{'d0': {'_a2_': 6.88683244495979, '_a4_': 0.49032133536164624, '_a7_': -0.18919700738680692, '_a0_': 1.0, '_a1_': 1.0, '_a3_': 1.0, '_a5_': 1.0, '_a6_': 1.0}};{'d0': 0.024905832919416657};-280.569866449044;42.49072286075245
47699;-97.7942103637692;(((x + (_a4_ + pow2((sin(_a7_) + x)))) * _a4_) * (x * _a2_));{'d0': {'_a2_': 6.88683244495979, '_a4_': 0.49032133536164624, '_a7_': -0.18919700738680692, '_a0_': 1.0, '_a1_': 1.0, '_a3_': 1.0, '_a5_': 1.0, '_a6_': 1.0}};{'d0': 0.024905832919416657};-280.569866449044;42.49072286075245
47700;-97.7942103637692;(((x + (_a4_ + pow2((sin(_a7_) + x)))) * _a4_) * (x * _a2_));{'d0': {'_a2_': 6.88683244495979, '_a4_': 0.49032133536164624, '_a7_': -0.18919700738680692, '_a0_': 1.0, '_a1_': 1.0, '_a3_': 1.0, '_a5_': 1.0, '_a6_': 1.0}};{'d0': 0.024905832919416657};-280.569866449044;42.49072286075245
47701;-97.7942103637692;(((x + (_a4_ + pow2((sin(_a7_) + x)))) * _a4_) * (x * _a2_));{'d0': {'_a2_': 6.88683244495979, '_a4_': 0.49032133536164624, '_a7_': -0.18919700738680692, '_a0_': 1.0, '_a1_': 1.0, '_a3_': 1.0, '_a5_': 1.0, '_a6_': 1.0}};{'d0': 0.024905832919416657};-280.569866449044;42.49072286075245
47702;-97.7942103637692;(((x + (_a4_ + pow2((sin(_a7_) + x)))) * _a4_) * (x * _a2_));{'d0': {'_a2_': 6.88683244495979, '_a4_': 0.49032133536164624, '_a7_': -0.18919700738680692, '_a0_': 1.0, '_a1_': 1.0, '_a3_': 1.0, '_a5_': 1.0, '_a6_': 1.0}};{'d0': 0.024905832919416657};-280.569866449044;42.49072286075245
47703;-97.7942103637692;(((x + (_a4_ + pow2((sin(_a7_) + x)))) * _a4_) * (x * _a2_));{'d0': {'_a2_': 6.88683244495979, '_a4_': 0.49032133536164624, '_a7_': -0.18919700738680692, '_a0_': 1.0, '_a1_': 1.0, '_a3_': 1.0, '_a5_': 1.0, '_a6_': 1.0}};{'d0': 0.024905832919416657};-280.569866449044;42.49072286075245
47704;-97.7942103637692;(((x + (_a4_ + pow2((sin(_a7_) + x)))) * _a4_) * (x * _a2_));{'d0': {'_a2_': 6.88683244495979, '_a4_': 0.49032133536164624, '_a7_': -0.18919700738680692, '_a0_': 1.0, '_a1_': 1.0, '_a3_': 1.0, '_a5_': 1.0, '_a6_': 1.0}};{'d0': 0.024905832919416657};-280.569866449044;42.49072286075245
47705;-97.7942103637692;(((x + (_a4_ + pow2((sin(_a7_) + x)))) * _a4_) * (x * _a2_));{'d0': {'_a2_': 6.88683244495979, '_a4_': 0.49032133536164624, '_a7_': -0.18919700738680692, '_a0_': 1.0, '_a1_': 1.0, '_a3_': 1.0, '_a5_': 1.0, '_a6_': 1.0}};{'d0': 0.024905832919416657};-280.569866449044;42.49072286075245
47706;-97.7942103637692;(((x + (_a4_ + pow2((sin(_a7_) + x)))) * _a4_) * (x * _a2_));{'d0': {'_a2_': 6.88683244495979, '_a4_': 0.49032133536164624, '_a7_': -0.18919700738680692, '_a0_': 1.0, '_a1_': 1.0, '_a3_': 1.0, '_a5_': 1.0, '_a6_': 1.0}};{'d0': 0.024905832919416657};-280.569866449044;42.49072286075245
47707;-97.7942103637692;(((x + (_a4_ + pow2((sin(_a7_) + x)))) * _a4_) * (x * _a2_));{'d0': {'_a2_': 6.88683244495979, '_a4_': 0.49032133536164624, '_a7_': -0.18919700738680692, '_a0_': 1.0, '_a1_': 1.0, '_a3_': 1.0, '_a5_': 1.0, '_a6_': 1.0}};{'d0': 0.024905832919416657};-280.569866449044;42.49072286075245
47708;-97.7942103637692;(((x + (_a4_ + pow2((sin(_a7_) + x)))) * _a4_) * (x * _a2_));{'d0': {'_a2_': 6.88683244495979, '_a4_': 0.49032133536164624, '_a7_': -0.18919700738680692, '_a0_': 1.0, '_a1_': 1.0, '_a3_': 1.0, '_a5_': 1.0, '_a6_': 1.0}};{'d0': 0.024905832919416657};-280.569866449044;42.49072286075245
47709;-97.7942103637692;(((x + (_a4_ + pow2((sin(_a7_) + x)))) * _a4_) * (x * _a2_));{'d0': {'_a2_': 6.88683244495979, '_a4_': 0.49032133536164624, '_a7_': -0.18919700738680692, '_a0_': 1.0, '_a1_': 1.0, '_a3_': 1.0, '_a5_': 1.0, '_a6_': 1.0}};{'d0': 0.024905832919416657};-280.569866449044;42.49072286075245
47710;-97.7942103637692;(((x + (_a4_ + pow2((sin(_a7_) + x)))) * _a4_) * (x * _a2_));{'d0': {'_a2_': 6.88683244495979, '_a4_': 0.49032133536164624, '_a7_': -0.18919700738680692, '_a0_': 1.0, '_a1_': 1.0, '_a3_': 1.0, '_a5_': 1.0, '_a6_': 1.0}};{'d0': 0.024905832919416657};-280.569866449044;42.49072286075245
47711;-97.7942103637692;(((x + (_a4_ + pow2((sin(_a7_) + x)))) * _a4_) * (x * _a2_));{'d0': {'_a2_': 6.88683244495979, '_a4_': 0.49032133536164624, '_a7_': -0.18919700738680692, '_a0_': 1.0, '_a1_': 1.0, '_a3_': 1.0, '_a5_': 1.0, '_a6_': 1.0}};{'d0': 0.024905832919416657};-280.569866449044;42.49072286075245
47712;-97.7942103637692;(((x + (_a4_ + pow2((sin(_a7_) + x)))) * _a4_) * (x * _a2_));{'d0': {'_a2_': 6.88683244495979, '_a4_': 0.49032133536164624, '_a7_': -0.18919700738680692, '_a0_': 1.0, '_a1_': 1.0, '_a3_': 1.0, '_a5_': 1.0, '_a6_': 1.0}};{'d0': 0.024905832919416657};-280.569866449044;42.49072286075245
47713;-97.7942103637692;(((x + (_a4_ + pow2((sin(_a7_) + x)))) * _a4_) * (x * _a2_));{'d0': {'_a2_': 6.88683244495979, '_a4_': 0.49032133536164624, '_a7_': -0.18919700738680692, '_a0_': 1.0, '_a1_': 1.0, '_a3_': 1.0, '_a5_': 1.0, '_a6_': 1.0}};{'d0': 0.024905832919416657};-280.569866449044;42.49072286075245
47714;-97.7942103637692;(((x + (_a4_ + pow2((sin(_a7_) + x)))) * _a4_) * (x * _a2_));{'d0': {'_a2_': 6.88683244495979, '_a4_': 0.49032133536164624, '_a7_': -0.18919700738680692, '_a0_': 1.0, '_a1_': 1.0, '_a3_': 1.0, '_a5_': 1.0, '_a6_': 1.0}};{'d0': 0.024905832919416657};-280.569866449044;42.49072286075245
47715;-97.7942103637692;(((x + (_a4_ + pow2((sin(_a7_) + x)))) * _a4_) * (x * _a2_));{'d0': {'_a2_': 6.88683244495979, '_a4_': 0.49032133536164624, '_a7_': -0.18919700738680692, '_a0_': 1.0, '_a1_': 1.0, '_a3_': 1.0, '_a5_': 1.0, '_a6_': 1.0}};{'d0': 0.024905832919416657};-280.569866449044;42.49072286075245
47716;-97.7942103637692;(((x + (_a4_ + pow2((sin(_a7_) + x)))) * _a4_) * (x * _a2_));{'d0': {'_a2_': 6.88683244495979, '_a4_': 0.49032133536164624, '_a7_': -0.18919700738680692, '_a0_': 1.0, '_a1_': 1.0, '_a3_': 1.0, '_a5_': 1.0, '_a6_': 1.0}};{'d0': 0.024905832919416657};-280.569866449044;42.49072286075245
47717;-97.7942103637692;(((x + (_a4_ + pow2((sin(_a7_) + x)))) * _a4_) * (x * _a2_));{'d0': {'_a2_': 6.88683244495979, '_a4_': 0.49032133536164624, '_a7_': -0.18919700738680692, '_a0_': 1.0, '_a1_': 1.0, '_a3_': 1.0, '_a5_': 1.0, '_a6_': 1.0}};{'d0': 0.024905832919416657};-280.569866449044;42.49072286075245
47718;-97.7942103637692;(((x + (_a4_ + pow2((sin(_a7_) + x)))) * _a4_) * (x * _a2_));{'d0': {'_a2_': 6.88683244495979, '_a4_': 0.49032133536164624, '_a7_': -0.18919700738680692, '_a0_': 1.0, '_a1_': 1.0, '_a3_': 1.0, '_a5_': 1.0, '_a6_': 1.0}};{'d0': 0.024905832919416657};-280.569866449044;42.49072286075245
47719;-97.7942103637692;(((x + (_a4_ + pow2((sin(_a7_) + x)))) * _a4_) * (x * _a2_));{'d0': {'_a2_': 6.88683244495979, '_a4_': 0.49032133536164624, '_a7_': -0.18919700738680692, '_a0_': 1.0, '_a1_': 1.0, '_a3_': 1.0, '_a5_': 1.0, '_a6_': 1.0}};{'d0': 0.024905832919416657};-280.569866449044;42.49072286075245
47720;-97.7942103637692;(((x + (_a4_ + pow2((sin(_a7_) + x)))) * _a4_) * (x * _a2_));{'d0': {'_a2_': 6.88683244495979, '_a4_': 0.49032133536164624, '_a7_': -0.18919700738680692, '_a0_': 1.0, '_a1_': 1.0, '_a3_': 1.0, '_a5_': 1.0, '_a6_': 1.0}};{'d0': 0.024905832919416657};-280.569866449044;42.49072286075245
47721;-97.7942103637692;(((x + (_a4_ + pow2((sin(_a7_) + x)))) * _a4_) * (x * _a2_));{'d0': {'_a2_': 6.88683244495979, '_a4_': 0.49032133536164624, '_a7_': -0.18919700738680692, '_a0_': 1.0, '_a1_': 1.0, '_a3_': 1.0, '_a5_': 1.0, '_a6_': 1.0}};{'d0': 0.024905832919416657};-280.569866449044;42.49072286075245
47722;-97.7942103637692;(((x + (_a4_ + pow2((sin(_a7_) + x)))) * _a4_) * (x * _a2_));{'d0': {'_a2_': 6.88683244495979, '_a4_': 0.49032133536164624, '_a7_': -0.18919700738680692, '_a0_': 1.0, '_a1_': 1.0, '_a3_': 1.0, '_a5_': 1.0, '_a6_': 1.0}};{'d0': 0.024905832919416657};-280.569866449044;42.49072286075245
47723;-97.7942103637692;(((x + (_a4_ + pow2((sin(_a7_) + x)))) * _a4_) * (x * _a2_));{'d0': {'_a2_': 6.88683244495979, '_a4_': 0.49032133536164624, '_a7_': -0.18919700738680692, '_a0_': 1.0, '_a1_': 1.0, '_a3_': 1.0, '_a5_': 1.0, '_a6_': 1.0}};{'d0': 0.024905832919416657};-280.569866449044;42.49072286075245
47724;-97.7942103637692;(((x + (_a4_ + pow2((sin(_a7_) + x)))) * _a4_) * (x * _a2_));{'d0': {'_a2_': 6.88683244495979, '_a4_': 0.49032133536164624, '_a7_': -0.18919700738680692, '_a0_': 1.0, '_a1_': 1.0, '_a3_': 1.0, '_a5_': 1.0, '_a6_': 1.0}};{'d0': 0.024905832919416657};-280.569866449044;42.49072286075245
47725;-97.7942103637692;(((x + (_a4_ + pow2((sin(_a7_) + x)))) * _a4_) * (x * _a2_));{'d0': {'_a2_': 6.88683244495979, '_a4_': 0.49032133536164624, '_a7_': -0.18919700738680692, '_a0_': 1.0, '_a1_': 1.0, '_a3_': 1.0, '_a5_': 1.0, '_a6_': 1.0}};{'d0': 0.024905832919416657};-280.569866449044;42.49072286075245
47726;-97.7942103637692;(((x + (_a4_ + pow2((sin(_a7_) + x)))) * _a4_) * (x * _a2_));{'d0': {'_a2_': 6.88683244495979, '_a4_': 0.49032133536164624, '_a7_': -0.18919700738680692, '_a0_': 1.0, '_a1_': 1.0, '_a3_': 1.0, '_a5_': 1.0, '_a6_': 1.0}};{'d0': 0.024905832919416657};-280.569866449044;42.49072286075245
47727;-97.7942103637692;(((x + (_a4_ + pow2((sin(_a7_) + x)))) * _a4_) * (x * _a2_));{'d0': {'_a2_': 6.88683244495979, '_a4_': 0.49032133536164624, '_a7_': -0.18919700738680692, '_a0_': 1.0, '_a1_': 1.0, '_a3_': 1.0, '_a5_': 1.0, '_a6_': 1.0}};{'d0': 0.024905832919416657};-280.569866449044;42.49072286075245
47728;-97.7942103637692;(((x + (_a4_ + pow2((sin(_a7_) + x)))) * _a4_) * (x * _a2_));{'d0': {'_a2_': 6.88683244495979, '_a4_': 0.49032133536164624, '_a7_': -0.18919700738680692, '_a0_': 1.0, '_a1_': 1.0, '_a3_': 1.0, '_a5_': 1.0, '_a6_': 1.0}};{'d0': 0.024905832919416657};-280.569866449044;42.49072286075245
47729;-97.7942103637692;(((x + (_a4_ + pow2((sin(_a7_) + x)))) * _a4_) * (x * _a2_));{'d0': {'_a2_': 6.88683244495979, '_a4_': 0.49032133536164624, '_a7_': -0.18919700738680692, '_a0_': 1.0, '_a1_': 1.0, '_a3_': 1.0, '_a5_': 1.0, '_a6_': 1.0}};{'d0': 0.024905832919416657};-280.569866449044;42.49072286075245
47730;-97.7942103637692;(((x + (_a4_ + pow2((sin(_a7_) + x)))) * _a4_) * (x * _a2_));{'d0': {'_a2_': 6.88683244495979, '_a4_': 0.49032133536164624, '_a7_': -0.18919700738680692, '_a0_': 1.0, '_a1_': 1.0, '_a3_': 1.0, '_a5_': 1.0, '_a6_': 1.0}};{'d0': 0.024905832919416657};-280.569866449044;42.49072286075245
47731;-97.7942103637692;(((x + (_a4_ + pow2((sin(_a7_) + x)))) * _a4_) * (x * _a2_));{'d0': {'_a2_': 6.88683244495979, '_a4_': 0.49032133536164624, '_a7_': -0.18919700738680692, '_a0_': 1.0, '_a1_': 1.0, '_a3_': 1.0, '_a5_': 1.0, '_a6_': 1.0}};{'d0': 0.024905832919416657};-280.569866449044;42.49072286075245
47732;-97.7942103637692;(((x + (_a4_ + pow2((sin(_a7_) + x)))) * _a4_) * (x * _a2_));{'d0': {'_a2_': 6.88683244495979, '_a4_': 0.49032133536164624, '_a7_': -0.18919700738680692, '_a0_': 1.0, '_a1_': 1.0, '_a3_': 1.0, '_a5_': 1.0, '_a6_': 1.0}};{'d0': 0.024905832919416657};-280.569866449044;42.49072286075245
47733;-97.7942103637692;(((x + (_a4_ + pow2((sin(_a7_) + x)))) * _a4_) * (x * _a2_));{'d0': {'_a2_': 6.88683244495979, '_a4_': 0.49032133536164624, '_a7_': -0.18919700738680692, '_a0_': 1.0, '_a1_': 1.0, '_a3_': 1.0, '_a5_': 1.0, '_a6_': 1.0}};{'d0': 0.024905832919416657};-280.569866449044;42.49072286075245
47734;-97.7942103637692;(((x + (_a4_ + pow2((sin(_a7_) + x)))) * _a4_) * (x * _a2_));{'d0': {'_a2_': 6.88683244495979, '_a4_': 0.49032133536164624, '_a7_': -0.18919700738680692, '_a0_': 1.0, '_a1_': 1.0, '_a3_': 1.0, '_a5_': 1.0, '_a6_': 1.0}};{'d0': 0.024905832919416657};-280.569866449044;42.49072286075245
47735;-97.7942103637692;(((x + (_a4_ + pow2((sin(_a7_) + x)))) * _a4_) * (x * _a2_));{'d0': {'_a2_': 6.88683244495979, '_a4_': 0.49032133536164624, '_a7_': -0.18919700738680692, '_a0_': 1.0, '_a1_': 1.0, '_a3_': 1.0, '_a5_': 1.0, '_a6_': 1.0}};{'d0': 0.024905832919416657};-280.569866449044;42.49072286075245
47736;-97.7942103637692;(((x + (_a4_ + pow2((sin(_a7_) + x)))) * _a4_) * (x * _a2_));{'d0': {'_a2_': 6.88683244495979, '_a4_': 0.49032133536164624, '_a7_': -0.18919700738680692, '_a0_': 1.0, '_a1_': 1.0, '_a3_': 1.0, '_a5_': 1.0, '_a6_': 1.0}};{'d0': 0.024905832919416657};-280.569866449044;42.49072286075245
47737;-97.7942103637692;(((x + (_a4_ + pow2((sin(_a7_) + x)))) * _a4_) * (x * _a2_));{'d0': {'_a2_': 6.88683244495979, '_a4_': 0.49032133536164624, '_a7_': -0.18919700738680692, '_a0_': 1.0, '_a1_': 1.0, '_a3_': 1.0, '_a5_': 1.0, '_a6_': 1.0}};{'d0': 0.024905832919416657};-280.569866449044;42.49072286075245
47738;-97.7942103637692;(((x + (_a4_ + pow2((sin(_a7_) + x)))) * _a4_) * (x * _a2_));{'d0': {'_a2_': 6.88683244495979, '_a4_': 0.49032133536164624, '_a7_': -0.18919700738680692, '_a0_': 1.0, '_a1_': 1.0, '_a3_': 1.0, '_a5_': 1.0, '_a6_': 1.0}};{'d0': 0.024905832919416657};-280.569866449044;42.49072286075245
47739;-97.7942103637692;(((x + (_a4_ + pow2((sin(_a7_) + x)))) * _a4_) * (x * _a2_));{'d0': {'_a2_': 6.88683244495979, '_a4_': 0.49032133536164624, '_a7_': -0.18919700738680692, '_a0_': 1.0, '_a1_': 1.0, '_a3_': 1.0, '_a5_': 1.0, '_a6_': 1.0}};{'d0': 0.024905832919416657};-280.569866449044;42.49072286075245
47740;-97.7942103637692;(((x + (_a4_ + pow2((sin(_a7_) + x)))) * _a4_) * (x * _a2_));{'d0': {'_a2_': 6.88683244495979, '_a4_': 0.49032133536164624, '_a7_': -0.18919700738680692, '_a0_': 1.0, '_a1_': 1.0, '_a3_': 1.0, '_a5_': 1.0, '_a6_': 1.0}};{'d0': 0.024905832919416657};-280.569866449044;42.49072286075245
47741;-97.7942103637692;(((x + (_a4_ + pow2((sin(_a7_) + x)))) * _a4_) * (x * _a2_));{'d0': {'_a2_': 6.88683244495979, '_a4_': 0.49032133536164624, '_a7_': -0.18919700738680692, '_a0_': 1.0, '_a1_': 1.0, '_a3_': 1.0, '_a5_': 1.0, '_a6_': 1.0}};{'d0': 0.024905832919416657};-280.569866449044;42.49072286075245
47742;-97.7942103637692;(((x + (_a4_ + pow2((sin(_a7_) + x)))) * _a4_) * (x * _a2_));{'d0': {'_a2_': 6.88683244495979, '_a4_': 0.49032133536164624, '_a7_': -0.18919700738680692, '_a0_': 1.0, '_a1_': 1.0, '_a3_': 1.0, '_a5_': 1.0, '_a6_': 1.0}};{'d0': 0.024905832919416657};-280.569866449044;42.49072286075245
47743;-97.7942103637692;(((x + (_a4_ + pow2((sin(_a7_) + x)))) * _a4_) * (x * _a2_));{'d0': {'_a2_': 6.88683244495979, '_a4_': 0.49032133536164624, '_a7_': -0.18919700738680692, '_a0_': 1.0, '_a1_': 1.0, '_a3_': 1.0, '_a5_': 1.0, '_a6_': 1.0}};{'d0': 0.024905832919416657};-280.569866449044;42.49072286075245
47744;-107.185944891725;((_a2_ + (((x / _a6_) + x) * (_a4_ + x))) * x);{'d0': {'_a2_': 1.7751354041545848, '_a4_': 0.623859415588503, '_a6_': 0.42074068479039506, '_a0_': 1.0, '_a1_': 1.0, '_a3_': 1.0, '_a5_': 1.0, '_a7_': 1.0}};{'d0': 0.02490583291941668};-280.569866449043;33.09898833279638
47745;-107.185944891725;((_a2_ + (((x / _a6_) + x) * (_a4_ + x))) * x);{'d0': {'_a2_': 1.7751354041545848, '_a4_': 0.623859415588503, '_a6_': 0.42074068479039506, '_a0_': 1.0, '_a1_': 1.0, '_a3_': 1.0, '_a5_': 1.0, '_a7_': 1.0}};{'d0': 0.02490583291941668};-280.569866449043;33.09898833279638
47746;-107.185944891725;((_a2_ + (((x / _a6_) + x) * (_a4_ + x))) * x);{'d0': {'_a2_': 1.7751354041545848, '_a4_': 0.623859415588503, '_a6_': 0.42074068479039506, '_a0_': 1.0, '_a1_': 1.0, '_a3_': 1.0, '_a5_': 1.0, '_a7_': 1.0}};{'d0': 0.02490583291941668};-280.569866449043;33.09898833279638
47747;-107.185944891725;((_a2_ + (((x / _a6_) + x) * (_a4_ + x))) * x);{'d0': {'_a2_': 1.7751354041545848, '_a4_': 0.623859415588503, '_a6_': 0.42074068479039506, '_a0_': 1.0, '_a1_': 1.0, '_a3_': 1.0, '_a5_': 1.0, '_a7_': 1.0}};{'d0': 0.02490583291941668};-280.569866449043;33.09898833279638
47748;-107.185944891725;((_a2_ + (((x / _a6_) + x) * (_a4_ + x))) * x);{'d0': {'_a2_': 1.7751354041545848, '_a4_': 0.623859415588503, '_a6_': 0.42074068479039506, '_a0_': 1.0, '_a1_': 1.0, '_a3_': 1.0, '_a5_': 1.0, '_a7_': 1.0}};{'d0': 0.02490583291941668};-280.569866449043;33.09898833279638
47749;-107.185944891725;((_a2_ + (((x / _a6_) + x) * (_a4_ + x))) * x);{'d0': {'_a2_': 1.7751354041545848, '_a4_': 0.623859415588503, '_a6_': 0.42074068479039506, '_a0_': 1.0, '_a1_': 1.0, '_a3_': 1.0, '_a5_': 1.0, '_a7_': 1.0}};{'d0': 0.02490583291941668};-280.569866449043;33.09898833279638
47750;-107.185944891725;((_a2_ + (((x / _a6_) + x) * (_a4_ + x))) * x);{'d0': {'_a2_': 1.7751354041545848, '_a4_': 0.623859415588503, '_a6_': 0.42074068479039506, '_a0_': 1.0, '_a1_': 1.0, '_a3_': 1.0, '_a5_': 1.0, '_a7_': 1.0}};{'d0': 0.02490583291941668};-280.569866449043;33.09898833279638
47751;-107.185944891725;((_a2_ + (((x / _a6_) + x) * (_a4_ + x))) * x);{'d0': {'_a2_': 1.7751354041545848, '_a4_': 0.623859415588503, '_a6_': 0.42074068479039506, '_a0_': 1.0, '_a1_': 1.0, '_a3_': 1.0, '_a5_': 1.0, '_a7_': 1.0}};{'d0': 0.02490583291941668};-280.569866449043;33.09898833279638
47752;-107.185944891725;((_a2_ + (((x / _a6_) + x) * (_a4_ + x))) * x);{'d0': {'_a2_': 1.7751354041545848, '_a4_': 0.623859415588503, '_a6_': 0.42074068479039506, '_a0_': 1.0, '_a1_': 1.0, '_a3_': 1.0, '_a5_': 1.0, '_a7_': 1.0}};{'d0': 0.02490583291941668};-280.569866449043;33.09898833279638
47753;-107.185944891725;((_a2_ + (((x / _a6_) + x) * (_a4_ + x))) * x);{'d0': {'_a2_': 1.7751354041545848, '_a4_': 0.623859415588503, '_a6_': 0.42074068479039506, '_a0_': 1.0, '_a1_': 1.0, '_a3_': 1.0, '_a5_': 1.0, '_a7_': 1.0}};{'d0': 0.02490583291941668};-280.569866449043;33.09898833279638
47754;-107.185944891725;((_a2_ + (((x / _a6_) + x) * (_a4_ + x))) * x);{'d0': {'_a2_': 1.7751354041545848, '_a4_': 0.623859415588503, '_a6_': 0.42074068479039506, '_a0_': 1.0, '_a1_': 1.0, '_a3_': 1.0, '_a5_': 1.0, '_a7_': 1.0}};{'d0': 0.02490583291941668};-280.569866449043;33.09898833279638
47755;-107.185944891725;((_a2_ + (((x / _a6_) + x) * (_a4_ + x))) * x);{'d0': {'_a2_': 1.7751354041545848, '_a4_': 0.623859415588503, '_a6_': 0.42074068479039506, '_a0_': 1.0, '_a1_': 1.0, '_a3_': 1.0, '_a5_': 1.0, '_a7_': 1.0}};{'d0': 0.02490583291941668};-280.569866449043;33.09898833279638
47756;-107.185944891725;((_a2_ + (((x / _a6_) + x) * (_a4_ + x))) * x);{'d0': {'_a2_': 1.7751354041545848, '_a4_': 0.623859415588503, '_a6_': 0.42074068479039506, '_a0_': 1.0, '_a1_': 1.0, '_a3_': 1.0, '_a5_': 1.0, '_a7_': 1.0}};{'d0': 0.02490583291941668};-280.569866449043;33.09898833279638
47757;-107.185944891725;((_a2_ + (((x / _a6_) + _a4_) * (_a4_ + x))) * x);{'d0': {'_a2_': 1.5434661272825958, '_a4_': 0.48132034779158883, '_a6_': 0.2961417868043957, '_a0_': 1.0, '_a1_': 1.0, '_a3_': 1.0, '_a5_': 1.0, '_a7_': 1.0}};{'d0': 0.024905832919416664};-280.569866449044;33.09898833279638
47758;-107.185944891725;((_a2_ + (((x / _a6_) + _a4_) * (_a4_ + x))) * x);{'d0': {'_a2_': 1.5434661272825958, '_a4_': 0.48132034779158883, '_a6_': 0.2961417868043957, '_a0_': 1.0, '_a1_': 1.0, '_a3_': 1.0, '_a5_': 1.0, '_a7_': 1.0}};{'d0': 0.024905832919416664};-280.569866449044;33.09898833279638
47759;-107.185944891725;((_a2_ + (((x / _a6_) + _a4_) * (_a4_ + x))) * x);{'d0': {'_a2_': 1.5434661272825958, '_a4_': 0.48132034779158883, '_a6_': 0.2961417868043957, '_a0_': 1.0, '_a1_': 1.0, '_a3_': 1.0, '_a5_': 1.0, '_a7_': 1.0}};{'d0': 0.024905832919416664};-280.569866449044;33.09898833279638
47760;-107.185944891725;((_a2_ + (((x / _a6_) + _a4_) * (_a4_ + x))) * x);{'d0': {'_a2_': 1.5434661272825958, '_a4_': 0.48132034779158883, '_a6_': 0.2961417868043957, '_a0_': 1.0, '_a1_': 1.0, '_a3_': 1.0, '_a5_': 1.0, '_a7_': 1.0}};{'d0': 0.024905832919416664};-280.569866449044;33.09898833279638
47761;-107.185944891725;((_a2_ + (((x / _a6_) + _a4_) * (_a4_ + x))) * x);{'d0': {'_a2_': 1.5434661272825958, '_a4_': 0.48132034779158883, '_a6_': 0.2961417868043957, '_a0_': 1.0, '_a1_': 1.0, '_a3_': 1.0, '_a5_': 1.0, '_a7_': 1.0}};{'d0': 0.024905832919416664};-280.569866449044;33.09898833279638
47762;-107.185944891725;((_a2_ + (((x / _a6_) + _a4_) * (_a4_ + x))) * x);{'d0': {'_a2_': 1.5434661272825958, '_a4_': 0.48132034779158883, '_a6_': 0.2961417868043957, '_a0_': 1.0, '_a1_': 1.0, '_a3_': 1.0, '_a5_': 1.0, '_a7_': 1.0}};{'d0': 0.024905832919416664};-280.569866449044;33.09898833279638
47763;-107.185944891725;((_a2_ + (((x / _a6_) + _a4_) * (_a4_ + x))) * x);{'d0': {'_a2_': 1.5434661272825958, '_a4_': 0.48132034779158883, '_a6_': 0.2961417868043957, '_a0_': 1.0, '_a1_': 1.0, '_a3_': 1.0, '_a5_': 1.0, '_a7_': 1.0}};{'d0': 0.024905832919416664};-280.569866449044;33.09898833279638
47764;-107.185944891725;((_a2_ + (((x / _a6_) + _a4_) * (_a4_ + x))) * x);{'d0': {'_a2_': 1.5434661272825958, '_a4_': 0.48132034779158883, '_a6_': 0.2961417868043957, '_a0_': 1.0, '_a1_': 1.0, '_a3_': 1.0, '_a5_': 1.0, '_a7_': 1.0}};{'d0': 0.024905832919416664};-280.569866449044;33.09898833279638
47765;-107.185944891725;((_a2_ + (((x / _a6_) + _a4_) * (_a4_ + x))) * x);{'d0': {'_a2_': 1.5434661272825958, '_a4_': 0.48132034779158883, '_a6_': 0.2961417868043957, '_a0_': 1.0, '_a1_': 1.0, '_a3_': 1.0, '_a5_': 1.0, '_a7_': 1.0}};{'d0': 0.024905832919416664};-280.569866449044;33.09898833279638
47766;-107.185944891725;((_a2_ + (((x / _a6_) + _a4_) * (_a4_ + x))) * x);{'d0': {'_a2_': 1.5434661272825958, '_a4_': 0.48132034779158883, '_a6_': 0.2961417868043957, '_a0_': 1.0, '_a1_': 1.0, '_a3_': 1.0, '_a5_': 1.0, '_a7_': 1.0}};{'d0': 0.024905832919416664};-280.569866449044;33.09898833279638
47767;-107.185944891725;((_a2_ + (((x / _a6_) + _a4_) * (_a4_ + x))) * x);{'d0': {'_a2_': 1.5434661272825958, '_a4_': 0.48132034779158883, '_a6_': 0.2961417868043957, '_a0_': 1.0, '_a1_': 1.0, '_a3_': 1.0, '_a5_': 1.0, '_a7_': 1.0}};{'d0': 0.024905832919416664};-280.569866449044;33.09898833279638
47768;-94.1142632035090;-((((x + (_a4_ + pow2((sin(_a7_) + x)))) * _a7_) * (x * _a2_)));{'d0': {'_a2_': 17.847855656250793, '_a4_': 0.49032133581690646, '_a7_': -0.1891970073952017, '_a0_': 1.0, '_a1_': 1.0, '_a3_': 1.0, '_a5_': 1.0, '_a6_': 1.0}};{'d0': 0.02490583291941652};-280.569866449044;46.17067002101284
47769;-94.1142632035090;-((((x + (_a4_ + pow2((sin(_a7_) + x)))) * _a7_) * (x * _a2_)));{'d0': {'_a2_': 17.847855656250793, '_a4_': 0.49032133581690646, '_a7_': -0.1891970073952017, '_a0_': 1.0, '_a1_': 1.0, '_a3_': 1.0, '_a5_': 1.0, '_a6_': 1.0}};{'d0': 0.02490583291941652};-280.569866449044;46.17067002101284
47770;-94.1142632035090;-((((x + (_a4_ + pow2((sin(_a7_) + x)))) * _a7_) * (x * _a2_)));{'d0': {'_a2_': 17.847855656250793, '_a4_': 0.49032133581690646, '_a7_': -0.1891970073952017, '_a0_': 1.0, '_a1_': 1.0, '_a3_': 1.0, '_a5_': 1.0, '_a6_': 1.0}};{'d0': 0.02490583291941652};-280.569866449044;46.17067002101284
47771;-94.1142632035090;-((((x + (_a4_ + pow2((sin(_a7_) + x)))) * _a7_) * (x * _a2_)));{'d0': {'_a2_': 17.847855656250793, '_a4_': 0.49032133581690646, '_a7_': -0.1891970073952017, '_a0_': 1.0, '_a1_': 1.0, '_a3_': 1.0, '_a5_': 1.0, '_a6_': 1.0}};{'d0': 0.02490583291941652};-280.569866449044;46.17067002101284
47772;-94.1142632035090;-((((x + (_a4_ + pow2((sin(_a7_) + x)))) * _a7_) * (x * _a2_)));{'d0': {'_a2_': 17.847855656250793, '_a4_': 0.49032133581690646, '_a7_': -0.1891970073952017, '_a0_': 1.0, '_a1_': 1.0, '_a3_': 1.0, '_a5_': 1.0, '_a6_': 1.0}};{'d0': 0.02490583291941652};-280.569866449044;46.17067002101284
47773;-94.1142632035090;-((((x + (_a4_ + pow2((sin(_a7_) + x)))) * _a7_) * (x * _a2_)));{'d0': {'_a2_': 17.847855656250793, '_a4_': 0.49032133581690646, '_a7_': -0.1891970073952017, '_a0_': 1.0, '_a1_': 1.0, '_a3_': 1.0, '_a5_': 1.0, '_a6_': 1.0}};{'d0': 0.02490583291941652};-280.569866449044;46.17067002101284
47774;-94.1142632035090;-((((x + (_a4_ + pow2((sin(_a7_) + x)))) * _a7_) * (x * _a2_)));{'d0': {'_a2_': 17.847855656250793, '_a4_': 0.49032133581690646, '_a7_': -0.1891970073952017, '_a0_': 1.0, '_a1_': 1.0, '_a3_': 1.0, '_a5_': 1.0, '_a6_': 1.0}};{'d0': 0.02490583291941652};-280.569866449044;46.17067002101284
47775;-94.1142632035090;-((((x + (_a4_ + pow2((sin(_a7_) + x)))) * _a7_) * (x * _a2_)));{'d0': {'_a2_': 17.847855656250793, '_a4_': 0.49032133581690646, '_a7_': -0.1891970073952017, '_a0_': 1.0, '_a1_': 1.0, '_a3_': 1.0, '_a5_': 1.0, '_a6_': 1.0}};{'d0': 0.02490583291941652};-280.569866449044;46.17067002101284
47776;-94.1142632035090;-((((x + (_a4_ + pow2((sin(_a7_) + x)))) * _a7_) * (x * _a2_)));{'d0': {'_a2_': 17.847855656250793, '_a4_': 0.49032133581690646, '_a7_': -0.1891970073952017, '_a0_': 1.0, '_a1_': 1.0, '_a3_': 1.0, '_a5_': 1.0, '_a6_': 1.0}};{'d0': 0.02490583291941652};-280.569866449044;46.17067002101284
47777;-94.1142632035090;-((((x + (_a4_ + pow2((sin(_a7_) + x)))) * _a7_) * (x * _a2_)));{'d0': {'_a2_': 17.847855656250793, '_a4_': 0.49032133581690646, '_a7_': -0.1891970073952017, '_a0_': 1.0, '_a1_': 1.0, '_a3_': 1.0, '_a5_': 1.0, '_a6_': 1.0}};{'d0': 0.02490583291941652};-280.569866449044;46.17067002101284
47778;-94.1142632035090;-((((x + (_a4_ + pow2((sin(_a7_) + x)))) * _a7_) * (x * _a2_)));{'d0': {'_a2_': 17.847855656250793, '_a4_': 0.49032133581690646, '_a7_': -0.1891970073952017, '_a0_': 1.0, '_a1_': 1.0, '_a3_': 1.0, '_a5_': 1.0, '_a6_': 1.0}};{'d0': 0.02490583291941652};-280.569866449044;46.17067002101284
47779;-94.1142632035090;-((((x + (_a4_ + pow2((sin(_a7_) + x)))) * _a7_) * (x * _a2_)));{'d0': {'_a2_': 17.847855656250793, '_a4_': 0.49032133581690646, '_a7_': -0.1891970073952017, '_a0_': 1.0, '_a1_': 1.0, '_a3_': 1.0, '_a5_': 1.0, '_a6_': 1.0}};{'d0': 0.02490583291941652};-280.569866449044;46.17067002101284
47780;-94.1142632035090;-((((x + (_a4_ + pow2((sin(_a7_) + x)))) * _a7_) * (x * _a2_)));{'d0': {'_a2_': 17.847855656250793, '_a4_': 0.49032133581690646, '_a7_': -0.1891970073952017, '_a0_': 1.0, '_a1_': 1.0, '_a3_': 1.0, '_a5_': 1.0, '_a6_': 1.0}};{'d0': 0.02490583291941652};-280.569866449044;46.17067002101284
47781;-97.7942103637690;(((x + (_a4_ + pow2((sin(_a7_) + x)))) * _a7_) * (x * _a2_));{'d0': {'_a2_': -17.84785563118565, '_a4_': 0.49032133409054546, '_a7_': -0.18919700789684868, '_a0_': 1.0, '_a1_': 1.0, '_a3_': 1.0, '_a5_': 1.0, '_a6_': 1.0}};{'d0': 0.02490583291941682};-280.569866449043;42.49072286075245
47782;-97.7942103637690;(((x + (_a4_ + pow2((sin(_a7_) + x)))) * _a7_) * (x * _a2_));{'d0': {'_a2_': -17.84785563118565, '_a4_': 0.49032133409054546, '_a7_': -0.18919700789684868, '_a0_': 1.0, '_a1_': 1.0, '_a3_': 1.0, '_a5_': 1.0, '_a6_': 1.0}};{'d0': 0.02490583291941682};-280.569866449043;42.49072286075245
47783;-97.7942103637690;(((x + (_a4_ + pow2((sin(_a7_) + x)))) * _a7_) * (x * _a2_));{'d0': {'_a2_': -17.84785563118565, '_a4_': 0.49032133409054546, '_a7_': -0.18919700789684868, '_a0_': 1.0, '_a1_': 1.0, '_a3_': 1.0, '_a5_': 1.0, '_a6_': 1.0}};{'d0': 0.02490583291941682};-280.569866449043;42.49072286075245
47784;-97.7942103637690;(((x + (_a4_ + pow2((sin(_a7_) + x)))) * _a7_) * (x * _a2_));{'d0': {'_a2_': -17.84785563118565, '_a4_': 0.49032133409054546, '_a7_': -0.18919700789684868, '_a0_': 1.0, '_a1_': 1.0, '_a3_': 1.0, '_a5_': 1.0, '_a6_': 1.0}};{'d0': 0.02490583291941682};-280.569866449043;42.49072286075245
47785;-97.7942103637690;(((x + (_a4_ + pow2((sin(_a7_) + x)))) * _a7_) * (x * _a2_));{'d0': {'_a2_': -17.84785563118565, '_a4_': 0.49032133409054546, '_a7_': -0.18919700789684868, '_a0_': 1.0, '_a1_': 1.0, '_a3_': 1.0, '_a5_': 1.0, '_a6_': 1.0}};{'d0': 0.02490583291941682};-280.569866449043;42.49072286075245
47786;-97.7942103637690;(((x + (_a4_ + pow2((sin(_a7_) + x)))) * _a7_) * (x * _a2_));{'d0': {'_a2_': -17.84785563118565, '_a4_': 0.49032133409054546, '_a7_': -0.18919700789684868, '_a0_': 1.0, '_a1_': 1.0, '_a3_': 1.0, '_a5_': 1.0, '_a6_': 1.0}};{'d0': 0.02490583291941682};-280.569866449043;42.49072286075245
47787;-97.7942103637690;(((x + (_a4_ + pow2((sin(_a7_) + x)))) * _a7_) * (x * _a2_));{'d0': {'_a2_': -17.84785563118565, '_a4_': 0.49032133409054546, '_a7_': -0.18919700789684868, '_a0_': 1.0, '_a1_': 1.0, '_a3_': 1.0, '_a5_': 1.0, '_a6_': 1.0}};{'d0': 0.02490583291941682};-280.569866449043;42.49072286075245
47788;-97.7942103637690;(((x + (_a4_ + pow2((sin(_a7_) + x)))) * _a7_) * (x * _a2_));{'d0': {'_a2_': -17.84785563118565, '_a4_': 0.49032133409054546, '_a7_': -0.18919700789684868, '_a0_': 1.0, '_a1_': 1.0, '_a3_': 1.0, '_a5_': 1.0, '_a6_': 1.0}};{'d0': 0.02490583291941682};-280.569866449043;42.49072286075245
47789;-97.7942103637690;(((x + (_a4_ + pow2((sin(_a7_) + x)))) * _a7_) * (x * _a2_));{'d0': {'_a2_': -17.84785563118565, '_a4_': 0.49032133409054546, '_a7_': -0.18919700789684868, '_a0_': 1.0, '_a1_': 1.0, '_a3_': 1.0, '_a5_': 1.0, '_a6_': 1.0}};{'d0': 0.02490583291941682};-280.569866449043;42.49072286075245
47790;-97.7942103637690;(((x + (_a4_ + pow2((sin(_a7_) + x)))) * _a7_) * (x * _a2_));{'d0': {'_a2_': -17.84785563118565, '_a4_': 0.49032133409054546, '_a7_': -0.18919700789684868, '_a0_': 1.0, '_a1_': 1.0, '_a3_': 1.0, '_a5_': 1.0, '_a6_': 1.0}};{'d0': 0.02490583291941682};-280.569866449043;42.49072286075245
47791;-108.109254018993;((_a2_ + (((x * _a6_) + _a4_) * (_a4_ + x))) * x);{'d0': {'_a2_': 1.543466127182414, '_a4_': 0.4813203478762611, '_a6_': 3.376760878792633, '_a0_': 1.0, '_a1_': 1.0, '_a3_': 1.0, '_a5_': 1.0, '_a7_': 1.0}};{'d0': 0.024905832919416667};-280.569866449044;32.17567920552898
47792;-97.7942103637690;(((x + (_a4_ + pow2((sin(_a7_) + x)))) * _a7_) * (x * _a2_));{'d0': {'_a2_': -17.84785563118565, '_a4_': 0.49032133409054546, '_a7_': -0.18919700789684868, '_a0_': 1.0, '_a1_': 1.0, '_a3_': 1.0, '_a5_': 1.0, '_a6_': 1.0}};{'d0': 0.02490583291941682};-280.569866449043;42.49072286075245
47793;-97.7942103637690;(((x + (_a4_ + pow2((sin(_a7_) + x)))) * _a7_) * (x * _a2_));{'d0': {'_a2_': -17.84785563118565, '_a4_': 0.49032133409054546, '_a7_': -0.18919700789684868, '_a0_': 1.0, '_a1_': 1.0, '_a3_': 1.0, '_a5_': 1.0, '_a6_': 1.0}};{'d0': 0.02490583291941682};-280.569866449043;42.49072286075245
47794;-89.9467463161620;(((x + ((_a1_ / _a0_) + pow2((sin(_a7_) + x)))) * _a7_) * (x * _a2_));{'d0': {'_a0_': 219.84409499386976, '_a1_': 107.7942458239325, '_a2_': -17.847855623937615, '_a7_': -0.18919700752224294, '_a3_': 1.0, '_a4_': 1.0, '_a5_': 1.0, '_a6_': 1.0}};{'d0': 0.024905832919494494};-276.475521886634;48.29101462715485
47795;-89.9467463161620;(((x + ((_a1_ / _a0_) + pow2((sin(_a7_) + x)))) * _a7_) * (x * _a2_));{'d0': {'_a0_': 219.84409499386976, '_a1_': 107.7942458239325, '_a2_': -17.847855623937615, '_a7_': -0.18919700752224294, '_a3_': 1.0, '_a4_': 1.0, '_a5_': 1.0, '_a6_': 1.0}};{'d0': 0.024905832919494494};-276.475521886634;48.29101462715485
47796;-89.9467463161366;(((x + ((_a1_ / _a4_) + pow2((sin(_a7_) + x)))) * _a7_) * (x * _a2_));{'d0': {'_a1_': 564.4083020849151, '_a2_': -17.847855684079626, '_a4_': 1151.098854556061, '_a7_': -0.18919700696215613, '_a0_': 1.0, '_a3_': 1.0, '_a5_': 1.0, '_a6_': 1.0}};{'d0': 0.024905832919515605};-276.475521886583;48.29101462715485
47797;-89.9467463161366;(((x + ((_a1_ / _a4_) + pow2((sin(_a7_) + x)))) * _a7_) * (x * _a2_));{'d0': {'_a1_': 564.4083020849151, '_a2_': -17.847855684079626, '_a4_': 1151.098854556061, '_a7_': -0.18919700696215613, '_a0_': 1.0, '_a3_': 1.0, '_a5_': 1.0, '_a6_': 1.0}};{'d0': 0.024905832919515605};-276.475521886583;48.29101462715485
47798;-94.5166832177417;(((x + ((_a1_ / _a4_) + pow2((_a0_ + x)))) * _a7_) * (x * _a2_));{'d0': {'_a0_': -0.1880702924187905, '_a1_': 882.4049774667234, '_a2_': -42.612614697551784, '_a4_': 1799.646300895398, '_a7_': -0.0792432208083381, '_a3_': 1.0, '_a5_': 1.0, '_a6_': 1.0}};{'d0': 0.024905832919430375};-272.381177324566;41.67390544454133
47799;-94.5166832177417;(((x + ((_a1_ / _a4_) + pow2((_a0_ + x)))) * _a7_) * (x * _a2_));{'d0': {'_a0_': -0.1880702924187905, '_a1_': 882.4049774667234, '_a2_': -42.612614697551784, '_a4_': 1799.646300895398, '_a7_': -0.0792432208083381, '_a3_': 1.0, '_a5_': 1.0, '_a6_': 1.0}};{'d0': 0.024905832919430375};-272.381177324566;41.67390544454133
47800;-94.5166832177417;(((x + ((_a1_ / _a4_) + pow2((_a0_ + x)))) * _a7_) * (x * _a2_));{'d0': {'_a0_': -0.1880702924187905, '_a1_': 882.4049774667234, '_a2_': -42.612614697551784, '_a4_': 1799.646300895398, '_a7_': -0.0792432208083381, '_a3_': 1.0, '_a5_': 1.0, '_a6_': 1.0}};{'d0': 0.024905832919430375};-272.381177324566;41.67390544454133
47801;-94.5166832177417;(((x + ((_a1_ / _a4_) + pow2((_a0_ + x)))) * _a7_) * (x * _a2_));{'d0': {'_a0_': -0.1880702924187905, '_a1_': 882.4049774667234, '_a2_': -42.612614697551784, '_a4_': 1799.646300895398, '_a7_': -0.0792432208083381, '_a3_': 1.0, '_a5_': 1.0, '_a6_': 1.0}};{'d0': 0.024905832919430375};-272.381177324566;41.67390544454133
47802;-94.5166832177417;(((x + ((_a1_ / _a4_) + pow2((_a0_ + x)))) * _a7_) * (x * _a2_));{'d0': {'_a0_': -0.1880702924187905, '_a1_': 882.4049774667234, '_a2_': -42.612614697551784, '_a4_': 1799.646300895398, '_a7_': -0.0792432208083381, '_a3_': 1.0, '_a5_': 1.0, '_a6_': 1.0}};{'d0': 0.024905832919430375};-272.381177324566;41.67390544454133
47803;-94.5166832177417;(((x + ((_a1_ / _a4_) + pow2((_a0_ + x)))) * _a7_) * (x * _a2_));{'d0': {'_a0_': -0.1880702924187905, '_a1_': 882.4049774667234, '_a2_': -42.612614697551784, '_a4_': 1799.646300895398, '_a7_': -0.0792432208083381, '_a3_': 1.0, '_a5_': 1.0, '_a6_': 1.0}};{'d0': 0.024905832919430375};-272.381177324566;41.67390544454133
47804;-94.5166832177417;(((x + ((_a1_ / _a4_) + pow2((_a0_ + x)))) * _a7_) * (x * _a2_));{'d0': {'_a0_': -0.1880702924187905, '_a1_': 882.4049774667234, '_a2_': -42.612614697551784, '_a4_': 1799.646300895398, '_a7_': -0.0792432208083381, '_a3_': 1.0, '_a5_': 1.0, '_a6_': 1.0}};{'d0': 0.024905832919430375};-272.381177324566;41.67390544454133
47805;-94.5166832177417;(((x + ((_a1_ / _a4_) + pow2((_a0_ + x)))) * _a7_) * (x * _a2_));{'d0': {'_a0_': -0.1880702924187905, '_a1_': 882.4049774667234, '_a2_': -42.612614697551784, '_a4_': 1799.646300895398, '_a7_': -0.0792432208083381, '_a3_': 1.0, '_a5_': 1.0, '_a6_': 1.0}};{'d0': 0.024905832919430375};-272.381177324566;41.67390544454133
47806;-94.5166832177417;(((x + ((_a1_ / _a4_) + pow2((_a0_ + x)))) * _a7_) * (x * _a2_));{'d0': {'_a0_': -0.1880702924187905, '_a1_': 882.4049774667234, '_a2_': -42.612614697551784, '_a4_': 1799.646300895398, '_a7_': -0.0792432208083381, '_a3_': 1.0, '_a5_': 1.0, '_a6_': 1.0}};{'d0': 0.024905832919430375};-272.381177324566;41.67390544454133
47807;-94.5166832177417;(((x + ((_a1_ / _a4_) + pow2((_a0_ + x)))) * _a7_) * (x * _a2_));{'d0': {'_a0_': -0.1880702924187905, '_a1_': 882.4049774667234, '_a2_': -42.612614697551784, '_a4_': 1799.646300895398, '_a7_': -0.0792432208083381, '_a3_': 1.0, '_a5_': 1.0, '_a6_': 1.0}};{'d0': 0.024905832919430375};-272.381177324566;41.67390544454133
47808;-94.5166832177417;(((x + ((_a1_ / _a4_) + pow2((_a0_ + x)))) * _a7_) * (x * _a2_));{'d0': {'_a0_': -0.1880702924187905, '_a1_': 882.4049774667234, '_a2_': -42.612614697551784, '_a4_': 1799.646300895398, '_a7_': -0.0792432208083381, '_a3_': 1.0, '_a5_': 1.0, '_a6_': 1.0}};{'d0': 0.024905832919430375};-272.381177324566;41.67390544454133
47809;-94.5166832177417;(((x + ((_a1_ / _a4_) + pow2((_a0_ + x)))) * _a7_) * (x * _a2_));{'d0': {'_a0_': -0.1880702924187905, '_a1_': 882.4049774667234, '_a2_': -42.612614697551784, '_a4_': 1799.646300895398, '_a7_': -0.0792432208083381, '_a3_': 1.0, '_a5_': 1.0, '_a6_': 1.0}};{'d0': 0.024905832919430375};-272.381177324566;41.67390544454133
47810;-94.5166832177417;(((x + ((_a1_ / _a4_) + pow2((_a0_ + x)))) * _a7_) * (x * _a2_));{'d0': {'_a0_': -0.1880702924187905, '_a1_': 882.4049774667234, '_a2_': -42.612614697551784, '_a4_': 1799.646300895398, '_a7_': -0.0792432208083381, '_a3_': 1.0, '_a5_': 1.0, '_a6_': 1.0}};{'d0': 0.024905832919430375};-272.381177324566;41.67390544454133
47811;-94.5166832177417;(((x + ((_a1_ / _a4_) + pow2((_a0_ + x)))) * _a7_) * (x * _a2_));{'d0': {'_a0_': -0.1880702924187905, '_a1_': 882.4049774667234, '_a2_': -42.612614697551784, '_a4_': 1799.646300895398, '_a7_': -0.0792432208083381, '_a3_': 1.0, '_a5_': 1.0, '_a6_': 1.0}};{'d0': 0.024905832919430375};-272.381177324566;41.67390544454133
47812;-94.5166832177417;(((x + ((_a1_ / _a4_) + pow2((_a0_ + x)))) * _a7_) * (x * _a2_));{'d0': {'_a0_': -0.1880702924187905, '_a1_': 882.4049774667234, '_a2_': -42.612614697551784, '_a4_': 1799.646300895398, '_a7_': -0.0792432208083381, '_a3_': 1.0, '_a5_': 1.0, '_a6_': 1.0}};{'d0': 0.024905832919430375};-272.381177324566;41.67390544454133
47813;-94.5166832177417;(((x + ((_a1_ / _a4_) + pow2((_a0_ + x)))) * _a7_) * (x * _a2_));{'d0': {'_a0_': -0.1880702924187905, '_a1_': 882.4049774667234, '_a2_': -42.612614697551784, '_a4_': 1799.646300895398, '_a7_': -0.0792432208083381, '_a3_': 1.0, '_a5_': 1.0, '_a6_': 1.0}};{'d0': 0.024905832919430375};-272.381177324566;41.67390544454133
47814;-94.5166832177417;(((x + ((_a1_ / _a4_) + pow2((_a0_ + x)))) * _a7_) * (x * _a2_));{'d0': {'_a0_': -0.1880702924187905, '_a1_': 882.4049774667234, '_a2_': -42.612614697551784, '_a4_': 1799.646300895398, '_a7_': -0.0792432208083381, '_a3_': 1.0, '_a5_': 1.0, '_a6_': 1.0}};{'d0': 0.024905832919430375};-272.381177324566;41.67390544454133
47815;-94.5166832177417;(((x + ((_a1_ / _a4_) + pow2((_a0_ + x)))) * _a7_) * (x * _a2_));{'d0': {'_a0_': -0.1880702924187905, '_a1_': 882.4049774667234, '_a2_': -42.612614697551784, '_a4_': 1799.646300895398, '_a7_': -0.0792432208083381, '_a3_': 1.0, '_a5_': 1.0, '_a6_': 1.0}};{'d0': 0.024905832919430375};-272.381177324566;41.67390544454133
47816;-108.109254018993;((_a2_ + (((x * _a3_) + _a4_) * (_a4_ + x))) * x);{'d0': {'_a2_': 1.5434661270556416, '_a3_': 3.376760878547498, '_a4_': 0.48132034778992866, '_a0_': 1.0, '_a1_': 1.0, '_a5_': 1.0, '_a6_': 1.0, '_a7_': 1.0}};{'d0': 0.02490583291941666};-280.569866449044;32.17567920552898
47817;-108.109254018993;((_a2_ + (((x * _a3_) + _a4_) * (_a4_ + x))) * x);{'d0': {'_a2_': 1.5434661270556416, '_a3_': 3.376760878547498, '_a4_': 0.48132034778992866, '_a0_': 1.0, '_a1_': 1.0, '_a5_': 1.0, '_a6_': 1.0, '_a7_': 1.0}};{'d0': 0.02490583291941666};-280.569866449044;32.17567920552898
47818;-108.109254018993;((_a2_ + (((x * _a3_) + _a4_) * (_a4_ + x))) * x);{'d0': {'_a2_': 1.5434661270556416, '_a3_': 3.376760878547498, '_a4_': 0.48132034778992866, '_a0_': 1.0, '_a1_': 1.0, '_a5_': 1.0, '_a6_': 1.0, '_a7_': 1.0}};{'d0': 0.02490583291941666};-280.569866449044;32.17567920552898
47819;-108.109254018993;((_a2_ + (((x * _a3_) + _a4_) * (_a4_ + x))) * x);{'d0': {'_a2_': 1.5434661270556416, '_a3_': 3.376760878547498, '_a4_': 0.48132034778992866, '_a0_': 1.0, '_a1_': 1.0, '_a5_': 1.0, '_a6_': 1.0, '_a7_': 1.0}};{'d0': 0.02490583291941666};-280.569866449044;32.17567920552898
47820;-108.109254018993;((_a2_ + (((x * _a3_) + _a4_) * (_a4_ + x))) * x);{'d0': {'_a2_': 1.5434661270556416, '_a3_': 3.376760878547498, '_a4_': 0.48132034778992866, '_a0_': 1.0, '_a1_': 1.0, '_a5_': 1.0, '_a6_': 1.0, '_a7_': 1.0}};{'d0': 0.02490583291941666};-280.569866449044;32.17567920552898
47821;-108.109254018993;((_a2_ + (((x * _a3_) + _a4_) * (_a4_ + x))) * x);{'d0': {'_a2_': 1.5434661270556416, '_a3_': 3.376760878547498, '_a4_': 0.48132034778992866, '_a0_': 1.0, '_a1_': 1.0, '_a5_': 1.0, '_a6_': 1.0, '_a7_': 1.0}};{'d0': 0.02490583291941666};-280.569866449044;32.17567920552898
47822;-108.109254018993;((_a2_ + (((x * _a3_) + _a4_) * (_a4_ + x))) * x);{'d0': {'_a2_': 1.5434661270556416, '_a3_': 3.376760878547498, '_a4_': 0.48132034778992866, '_a0_': 1.0, '_a1_': 1.0, '_a5_': 1.0, '_a6_': 1.0, '_a7_': 1.0}};{'d0': 0.02490583291941666};-280.569866449044;32.17567920552898
47823;-108.109254018993;((_a2_ + (((x * _a3_) + _a4_) * (_a4_ + x))) * x);{'d0': {'_a2_': 1.5434661270556416, '_a3_': 3.376760878547498, '_a4_': 0.48132034778992866, '_a0_': 1.0, '_a1_': 1.0, '_a5_': 1.0, '_a6_': 1.0, '_a7_': 1.0}};{'d0': 0.02490583291941666};-280.569866449044;32.17567920552898
47824;-108.109254018993;((_a2_ + (((x * _a3_) + _a4_) * (_a4_ + x))) * x);{'d0': {'_a2_': 1.5434661270556416, '_a3_': 3.376760878547498, '_a4_': 0.48132034778992866, '_a0_': 1.0, '_a1_': 1.0, '_a5_': 1.0, '_a6_': 1.0, '_a7_': 1.0}};{'d0': 0.02490583291941666};-280.569866449044;32.17567920552898
47825;-108.109254018993;((_a2_ + (((x * _a3_) + _a4_) * (_a4_ + x))) * x);{'d0': {'_a2_': 1.5434661270556416, '_a3_': 3.376760878547498, '_a4_': 0.48132034778992866, '_a0_': 1.0, '_a1_': 1.0, '_a5_': 1.0, '_a6_': 1.0, '_a7_': 1.0}};{'d0': 0.02490583291941666};-280.569866449044;32.17567920552898
47826;-108.109254018993;((_a2_ + (((x * _a3_) + _a4_) * (_a4_ + x))) * x);{'d0': {'_a2_': 1.5434661270556416, '_a3_': 3.376760878547498, '_a4_': 0.48132034778992866, '_a0_': 1.0, '_a1_': 1.0, '_a5_': 1.0, '_a6_': 1.0, '_a7_': 1.0}};{'d0': 0.02490583291941666};-280.569866449044;32.17567920552898
47827;-108.109254018993;((_a2_ + (((x * _a3_) + _a4_) * (_a4_ + x))) * x);{'d0': {'_a2_': 1.5434661270556416, '_a3_': 3.376760878547498, '_a4_': 0.48132034778992866, '_a0_': 1.0, '_a1_': 1.0, '_a5_': 1.0, '_a6_': 1.0, '_a7_': 1.0}};{'d0': 0.02490583291941666};-280.569866449044;32.17567920552898
47828;-108.109254018993;((_a2_ + (((x * _a3_) + _a4_) * (_a4_ + x))) * x);{'d0': {'_a2_': 1.5434661270556416, '_a3_': 3.376760878547498, '_a4_': 0.48132034778992866, '_a0_': 1.0, '_a1_': 1.0, '_a5_': 1.0, '_a6_': 1.0, '_a7_': 1.0}};{'d0': 0.02490583291941666};-280.569866449044;32.17567920552898
47829;-108.109254018993;((_a2_ + (((x * _a3_) + _a4_) * (_a4_ + x))) * x);{'d0': {'_a2_': 1.5434661270556416, '_a3_': 3.376760878547498, '_a4_': 0.48132034778992866, '_a0_': 1.0, '_a1_': 1.0, '_a5_': 1.0, '_a6_': 1.0, '_a7_': 1.0}};{'d0': 0.02490583291941666};-280.569866449044;32.17567920552898
47830;-108.109254018993;((_a2_ + (((x * _a3_) + _a4_) * (_a4_ + x))) * x);{'d0': {'_a2_': 1.5434661270556416, '_a3_': 3.376760878547498, '_a4_': 0.48132034778992866, '_a0_': 1.0, '_a1_': 1.0, '_a5_': 1.0, '_a6_': 1.0, '_a7_': 1.0}};{'d0': 0.02490583291941666};-280.569866449044;32.17567920552898
47831;-108.109254018993;((_a2_ + (((x * _a3_) + _a4_) * (_a4_ + x))) * x);{'d0': {'_a2_': 1.5434661270556416, '_a3_': 3.376760878547498, '_a4_': 0.48132034778992866, '_a0_': 1.0, '_a1_': 1.0, '_a5_': 1.0, '_a6_': 1.0, '_a7_': 1.0}};{'d0': 0.02490583291941666};-280.569866449044;32.17567920552898
47832;-108.109254018993;((_a2_ + (((x * _a3_) + _a4_) * (_a4_ + x))) * x);{'d0': {'_a2_': 1.5434661270556416, '_a3_': 3.376760878547498, '_a4_': 0.48132034778992866, '_a0_': 1.0, '_a1_': 1.0, '_a5_': 1.0, '_a6_': 1.0, '_a7_': 1.0}};{'d0': 0.02490583291941666};-280.569866449044;32.17567920552898
47833;-108.109254018993;((_a2_ + (((x * _a3_) + _a4_) * (_a4_ + x))) * x);{'d0': {'_a2_': 1.5434661270556416, '_a3_': 3.376760878547498, '_a4_': 0.48132034778992866, '_a0_': 1.0, '_a1_': 1.0, '_a5_': 1.0, '_a6_': 1.0, '_a7_': 1.0}};{'d0': 0.02490583291941666};-280.569866449044;32.17567920552898
47834;-108.109254018993;((_a2_ + (((x * _a3_) + _a4_) * (_a4_ + x))) * x);{'d0': {'_a2_': 1.5434661270556416, '_a3_': 3.376760878547498, '_a4_': 0.48132034778992866, '_a0_': 1.0, '_a1_': 1.0, '_a5_': 1.0, '_a6_': 1.0, '_a7_': 1.0}};{'d0': 0.02490583291941666};-280.569866449044;32.17567920552898
47835;-108.109254018993;((_a2_ + (((x * _a3_) + _a4_) * (_a4_ + x))) * x);{'d0': {'_a2_': 1.5434661270556416, '_a3_': 3.376760878547498, '_a4_': 0.48132034778992866, '_a0_': 1.0, '_a1_': 1.0, '_a5_': 1.0, '_a6_': 1.0, '_a7_': 1.0}};{'d0': 0.02490583291941666};-280.569866449044;32.17567920552898
47836;-108.109254018993;((_a2_ + (((x * _a3_) + _a4_) * (_a4_ + x))) * x);{'d0': {'_a2_': 1.5434661270556416, '_a3_': 3.376760878547498, '_a4_': 0.48132034778992866, '_a0_': 1.0, '_a1_': 1.0, '_a5_': 1.0, '_a6_': 1.0, '_a7_': 1.0}};{'d0': 0.02490583291941666};-280.569866449044;32.17567920552898
47837;-108.109254018993;((_a2_ + (((x * _a3_) + _a4_) * (_a4_ + x))) * x);{'d0': {'_a2_': 1.5434661270556416, '_a3_': 3.376760878547498, '_a4_': 0.48132034778992866, '_a0_': 1.0, '_a1_': 1.0, '_a5_': 1.0, '_a6_': 1.0, '_a7_': 1.0}};{'d0': 0.02490583291941666};-280.569866449044;32.17567920552898
47838;-108.109254018993;((_a2_ + (((x * _a3_) + _a4_) * (_a4_ + x))) * x);{'d0': {'_a2_': 1.5434661270556416, '_a3_': 3.376760878547498, '_a4_': 0.48132034778992866, '_a0_': 1.0, '_a1_': 1.0, '_a5_': 1.0, '_a6_': 1.0, '_a7_': 1.0}};{'d0': 0.02490583291941666};-280.569866449044;32.17567920552898
47839;-108.109254018993;((_a2_ + (((x * _a3_) + _a4_) * (_a4_ + x))) * x);{'d0': {'_a2_': 1.5434661270556416, '_a3_': 3.376760878547498, '_a4_': 0.48132034778992866, '_a0_': 1.0, '_a1_': 1.0, '_a5_': 1.0, '_a6_': 1.0, '_a7_': 1.0}};{'d0': 0.02490583291941666};-280.569866449044;32.17567920552898
47840;-108.109254018993;((_a2_ + (((x * _a3_) + _a4_) * (_a4_ + x))) * x);{'d0': {'_a2_': 1.5434661270556416, '_a3_': 3.376760878547498, '_a4_': 0.48132034778992866, '_a0_': 1.0, '_a1_': 1.0, '_a5_': 1.0, '_a6_': 1.0, '_a7_': 1.0}};{'d0': 0.02490583291941666};-280.569866449044;32.17567920552898
47841;-108.109254018993;((_a2_ + (((x * _a3_) + _a4_) * (_a4_ + x))) * x);{'d0': {'_a2_': 1.5434661270556416, '_a3_': 3.376760878547498, '_a4_': 0.48132034778992866, '_a0_': 1.0, '_a1_': 1.0, '_a5_': 1.0, '_a6_': 1.0, '_a7_': 1.0}};{'d0': 0.02490583291941666};-280.569866449044;32.17567920552898
47842;-108.109254018993;((_a2_ + (((x * _a3_) + _a4_) * (_a4_ + x))) * x);{'d0': {'_a2_': 1.5434661270556416, '_a3_': 3.376760878547498, '_a4_': 0.48132034778992866, '_a0_': 1.0, '_a1_': 1.0, '_a5_': 1.0, '_a6_': 1.0, '_a7_': 1.0}};{'d0': 0.02490583291941666};-280.569866449044;32.17567920552898
47843;-108.109254018993;((_a2_ + (((x * _a3_) + _a4_) * (_a4_ + x))) * x);{'d0': {'_a2_': 1.5434661270556416, '_a3_': 3.376760878547498, '_a4_': 0.48132034778992866, '_a0_': 1.0, '_a1_': 1.0, '_a5_': 1.0, '_a6_': 1.0, '_a7_': 1.0}};{'d0': 0.02490583291941666};-280.569866449044;32.17567920552898
47844;-108.109254018993;((_a2_ + (((x * _a3_) + _a4_) * (_a4_ + x))) * x);{'d0': {'_a2_': 1.5434661270556416, '_a3_': 3.376760878547498, '_a4_': 0.48132034778992866, '_a0_': 1.0, '_a1_': 1.0, '_a5_': 1.0, '_a6_': 1.0, '_a7_': 1.0}};{'d0': 0.02490583291941666};-280.569866449044;32.17567920552898
47845;-108.109254018993;((_a2_ + (((x * _a3_) + _a4_) * (_a4_ + x))) * x);{'d0': {'_a2_': 1.5434661270556416, '_a3_': 3.376760878547498, '_a4_': 0.48132034778992866, '_a0_': 1.0, '_a1_': 1.0, '_a5_': 1.0, '_a6_': 1.0, '_a7_': 1.0}};{'d0': 0.02490583291941666};-280.569866449044;32.17567920552898
47846;-108.109254018993;((_a2_ + (((x * _a3_) + _a4_) * (_a4_ + x))) * x);{'d0': {'_a2_': 1.5434661270556416, '_a3_': 3.376760878547498, '_a4_': 0.48132034778992866, '_a0_': 1.0, '_a1_': 1.0, '_a5_': 1.0, '_a6_': 1.0, '_a7_': 1.0}};{'d0': 0.02490583291941666};-280.569866449044;32.17567920552898
47847;-108.109254018993;((_a2_ + (((x * _a3_) + _a4_) * (_a4_ + x))) * x);{'d0': {'_a2_': 1.5434661270556416, '_a3_': 3.376760878547498, '_a4_': 0.48132034778992866, '_a0_': 1.0, '_a1_': 1.0, '_a5_': 1.0, '_a6_': 1.0, '_a7_': 1.0}};{'d0': 0.02490583291941666};-280.569866449044;32.17567920552898
47848;-108.109254018993;((_a2_ + (((x * _a3_) + _a4_) * (_a4_ + x))) * x);{'d0': {'_a2_': 1.5434661270556416, '_a3_': 3.376760878547498, '_a4_': 0.48132034778992866, '_a0_': 1.0, '_a1_': 1.0, '_a5_': 1.0, '_a6_': 1.0, '_a7_': 1.0}};{'d0': 0.02490583291941666};-280.569866449044;32.17567920552898
47849;-108.109254018993;((_a2_ + (((x * _a3_) + _a4_) * (_a4_ + x))) * x);{'d0': {'_a2_': 1.5434661270556416, '_a3_': 3.376760878547498, '_a4_': 0.48132034778992866, '_a0_': 1.0, '_a1_': 1.0, '_a5_': 1.0, '_a6_': 1.0, '_a7_': 1.0}};{'d0': 0.02490583291941666};-280.569866449044;32.17567920552898
47850;-108.109254018993;((_a2_ + (((x * _a3_) + _a4_) * (_a4_ + x))) * x);{'d0': {'_a2_': 1.5434661270556416, '_a3_': 3.376760878547498, '_a4_': 0.48132034778992866, '_a0_': 1.0, '_a1_': 1.0, '_a5_': 1.0, '_a6_': 1.0, '_a7_': 1.0}};{'d0': 0.02490583291941666};-280.569866449044;32.17567920552898
47851;-108.109254018993;((_a2_ + (((x * _a3_) + _a4_) * (_a4_ + x))) * x);{'d0': {'_a2_': 1.5434661270556416, '_a3_': 3.376760878547498, '_a4_': 0.48132034778992866, '_a0_': 1.0, '_a1_': 1.0, '_a5_': 1.0, '_a6_': 1.0, '_a7_': 1.0}};{'d0': 0.02490583291941666};-280.569866449044;32.17567920552898
47852;-108.109254018993;((_a2_ + (((x * _a3_) + _a4_) * (_a4_ + x))) * x);{'d0': {'_a2_': 1.5434661270556416, '_a3_': 3.376760878547498, '_a4_': 0.48132034778992866, '_a0_': 1.0, '_a1_': 1.0, '_a5_': 1.0, '_a6_': 1.0, '_a7_': 1.0}};{'d0': 0.02490583291941666};-280.569866449044;32.17567920552898
47853;-108.109254018993;((_a2_ + (((x * _a3_) + _a4_) * (_a4_ + x))) * x);{'d0': {'_a2_': 1.5434661270556416, '_a3_': 3.376760878547498, '_a4_': 0.48132034778992866, '_a0_': 1.0, '_a1_': 1.0, '_a5_': 1.0, '_a6_': 1.0, '_a7_': 1.0}};{'d0': 0.02490583291941666};-280.569866449044;32.17567920552898
47854;-108.109254018993;((_a2_ + (((x * _a3_) + _a4_) * (_a4_ + x))) * x);{'d0': {'_a2_': 1.5434661270556416, '_a3_': 3.376760878547498, '_a4_': 0.48132034778992866, '_a0_': 1.0, '_a1_': 1.0, '_a5_': 1.0, '_a6_': 1.0, '_a7_': 1.0}};{'d0': 0.02490583291941666};-280.569866449044;32.17567920552898
47855;-108.109254018993;((_a2_ + (((x * _a3_) + _a4_) * (_a4_ + x))) * x);{'d0': {'_a2_': 1.5434661270556416, '_a3_': 3.376760878547498, '_a4_': 0.48132034778992866, '_a0_': 1.0, '_a1_': 1.0, '_a5_': 1.0, '_a6_': 1.0, '_a7_': 1.0}};{'d0': 0.02490583291941666};-280.569866449044;32.17567920552898
47856;-108.109254018993;((_a2_ + (((x * _a3_) + _a4_) * (_a4_ + x))) * x);{'d0': {'_a2_': 1.5434661270556416, '_a3_': 3.376760878547498, '_a4_': 0.48132034778992866, '_a0_': 1.0, '_a1_': 1.0, '_a5_': 1.0, '_a6_': 1.0, '_a7_': 1.0}};{'d0': 0.02490583291941666};-280.569866449044;32.17567920552898
47857;-108.109254018993;((_a2_ + (((x * _a3_) + _a4_) * (_a4_ + x))) * x);{'d0': {'_a2_': 1.5434661270556416, '_a3_': 3.376760878547498, '_a4_': 0.48132034778992866, '_a0_': 1.0, '_a1_': 1.0, '_a5_': 1.0, '_a6_': 1.0, '_a7_': 1.0}};{'d0': 0.02490583291941666};-280.569866449044;32.17567920552898
47858;-108.109254018993;((_a2_ + (((x * _a3_) + _a4_) * (_a4_ + x))) * x);{'d0': {'_a2_': 1.5434661270556416, '_a3_': 3.376760878547498, '_a4_': 0.48132034778992866, '_a0_': 1.0, '_a1_': 1.0, '_a5_': 1.0, '_a6_': 1.0, '_a7_': 1.0}};{'d0': 0.02490583291941666};-280.569866449044;32.17567920552898
47859;-108.109254018993;((_a2_ + (((x * _a3_) + _a4_) * (_a4_ + x))) * x);{'d0': {'_a2_': 1.5434661270556416, '_a3_': 3.376760878547498, '_a4_': 0.48132034778992866, '_a0_': 1.0, '_a1_': 1.0, '_a5_': 1.0, '_a6_': 1.0, '_a7_': 1.0}};{'d0': 0.02490583291941666};-280.569866449044;32.17567920552898
47860;-108.109254018993;((_a2_ + (((x * _a3_) + _a4_) * (_a4_ + x))) * x);{'d0': {'_a2_': 1.5434661270556416, '_a3_': 3.376760878547498, '_a4_': 0.48132034778992866, '_a0_': 1.0, '_a1_': 1.0, '_a5_': 1.0, '_a6_': 1.0, '_a7_': 1.0}};{'d0': 0.02490583291941666};-280.569866449044;32.17567920552898
47861;-108.109254018993;((_a2_ + (((x * _a3_) + _a4_) * (_a4_ + x))) * x);{'d0': {'_a2_': 1.5434661270556416, '_a3_': 3.376760878547498, '_a4_': 0.48132034778992866, '_a0_': 1.0, '_a1_': 1.0, '_a5_': 1.0, '_a6_': 1.0, '_a7_': 1.0}};{'d0': 0.02490583291941666};-280.569866449044;32.17567920552898
47862;-108.109254018993;((_a2_ + (((x * _a3_) + _a4_) * (_a4_ + x))) * x);{'d0': {'_a2_': 1.5434661270556416, '_a3_': 3.376760878547498, '_a4_': 0.48132034778992866, '_a0_': 1.0, '_a1_': 1.0, '_a5_': 1.0, '_a6_': 1.0, '_a7_': 1.0}};{'d0': 0.02490583291941666};-280.569866449044;32.17567920552898
47863;-108.109254018993;((_a2_ + (((x * _a3_) + _a4_) * (_a4_ + x))) * x);{'d0': {'_a2_': 1.5434661270556416, '_a3_': 3.376760878547498, '_a4_': 0.48132034778992866, '_a0_': 1.0, '_a1_': 1.0, '_a5_': 1.0, '_a6_': 1.0, '_a7_': 1.0}};{'d0': 0.02490583291941666};-280.569866449044;32.17567920552898
47864;-108.109254018993;((_a2_ + (((x * _a3_) + _a4_) * (_a4_ + x))) * x);{'d0': {'_a2_': 1.5434661270556416, '_a3_': 3.376760878547498, '_a4_': 0.48132034778992866, '_a0_': 1.0, '_a1_': 1.0, '_a5_': 1.0, '_a6_': 1.0, '_a7_': 1.0}};{'d0': 0.02490583291941666};-280.569866449044;32.17567920552898
47865;-108.109254018993;((_a2_ + (((x * _a3_) + _a4_) * (_a4_ + x))) * x);{'d0': {'_a2_': 1.5434661270556416, '_a3_': 3.376760878547498, '_a4_': 0.48132034778992866, '_a0_': 1.0, '_a1_': 1.0, '_a5_': 1.0, '_a6_': 1.0, '_a7_': 1.0}};{'d0': 0.02490583291941666};-280.569866449044;32.17567920552898
47866;-108.109254018993;((_a2_ + (((x * _a3_) + _a4_) * (_a4_ + x))) * x);{'d0': {'_a2_': 1.5434661270556416, '_a3_': 3.376760878547498, '_a4_': 0.48132034778992866, '_a0_': 1.0, '_a1_': 1.0, '_a5_': 1.0, '_a6_': 1.0, '_a7_': 1.0}};{'d0': 0.02490583291941666};-280.569866449044;32.17567920552898
47867;-98.0046990370854;(((x + (pow2(_a2_) + pow2((_a4_ * x)))) * -(_a3_)) * (x * _a2_));{'d0': {'_a2_': 0.9179567552450365, '_a3_': -2.2949055669495753, '_a4_': 1.2660668364805832, '_a0_': 1.0, '_a1_': 1.0, '_a5_': 1.0, '_a6_': 1.0, '_a7_': 1.0}};{'d0': 0.024905832919416625};-280.569866449044;42.28023418743632
47868;-98.0046990370854;(((x + (pow2(_a2_) + pow2((_a4_ * x)))) * -(_a3_)) * (x * _a2_));{'d0': {'_a2_': 0.9179567552450365, '_a3_': -2.2949055669495753, '_a4_': 1.2660668364805832, '_a0_': 1.0, '_a1_': 1.0, '_a5_': 1.0, '_a6_': 1.0, '_a7_': 1.0}};{'d0': 0.024905832919416625};-280.569866449044;42.28023418743632
47869;-98.0046990370854;(((x + (pow2(_a2_) + pow2((_a4_ * x)))) * -(_a3_)) * (x * _a2_));{'d0': {'_a2_': 0.9179567552450365, '_a3_': -2.2949055669495753, '_a4_': 1.2660668364805832, '_a0_': 1.0, '_a1_': 1.0, '_a5_': 1.0, '_a6_': 1.0, '_a7_': 1.0}};{'d0': 0.024905832919416625};-280.569866449044;42.28023418743632
47870;-98.0046990370854;(((x + (pow2(_a2_) + pow2((_a4_ * x)))) * -(_a3_)) * (x * _a2_));{'d0': {'_a2_': 0.9179567552450365, '_a3_': -2.2949055669495753, '_a4_': 1.2660668364805832, '_a0_': 1.0, '_a1_': 1.0, '_a5_': 1.0, '_a6_': 1.0, '_a7_': 1.0}};{'d0': 0.024905832919416625};-280.569866449044;42.28023418743632
47871;-98.0046990370854;(((x + (pow2(_a2_) + pow2((_a4_ * x)))) * -(_a3_)) * (x * _a2_));{'d0': {'_a2_': 0.9179567552450365, '_a3_': -2.2949055669495753, '_a4_': 1.2660668364805832, '_a0_': 1.0, '_a1_': 1.0, '_a5_': 1.0, '_a6_': 1.0, '_a7_': 1.0}};{'d0': 0.024905832919416625};-280.569866449044;42.28023418743632
47872;-97.1537471961401;(((x + (pow2(_a2_) + pow2((_a4_ * x)))) / -(_a3_)) * (x * _a2_));{'d0': {'_a2_': 0.9179567553868406, '_a3_': -0.4357477774959033, '_a4_': 1.2660668364989425, '_a0_': 1.0, '_a1_': 1.0, '_a5_': 1.0, '_a6_': 1.0, '_a7_': 1.0}};{'d0': 0.02490583291941658};-280.569866449044;43.13118602838172
47873;-97.1537471961401;(((x + (pow2(_a2_) + pow2((_a4_ * x)))) / -(_a3_)) * (x * _a2_));{'d0': {'_a2_': 0.9179567553868406, '_a3_': -0.4357477774959033, '_a4_': 1.2660668364989425, '_a0_': 1.0, '_a1_': 1.0, '_a5_': 1.0, '_a6_': 1.0, '_a7_': 1.0}};{'d0': 0.02490583291941658};-280.569866449044;43.13118602838172
47874;-97.1537471961401;(((x + (pow2(_a2_) + pow2((_a4_ * x)))) / -(_a3_)) * (x * _a2_));{'d0': {'_a2_': 0.9179567553868406, '_a3_': -0.4357477774959033, '_a4_': 1.2660668364989425, '_a0_': 1.0, '_a1_': 1.0, '_a5_': 1.0, '_a6_': 1.0, '_a7_': 1.0}};{'d0': 0.02490583291941658};-280.569866449044;43.13118602838172
47875;-97.1537471961401;(((x + (pow2(_a2_) + pow2((_a4_ * x)))) / -(_a3_)) * (x * _a2_));{'d0': {'_a2_': 0.9179567553868406, '_a3_': -0.4357477774959033, '_a4_': 1.2660668364989425, '_a0_': 1.0, '_a1_': 1.0, '_a5_': 1.0, '_a6_': 1.0, '_a7_': 1.0}};{'d0': 0.02490583291941658};-280.569866449044;43.13118602838172
47876;-97.1537471961401;(((x + (pow2(_a2_) + pow2((_a4_ * x)))) / -(_a3_)) * (x * _a2_));{'d0': {'_a2_': 0.9179567553868406, '_a3_': -0.4357477774959033, '_a4_': 1.2660668364989425, '_a0_': 1.0, '_a1_': 1.0, '_a5_': 1.0, '_a6_': 1.0, '_a7_': 1.0}};{'d0': 0.02490583291941658};-280.569866449044;43.13118602838172
47877;-97.1537471961401;(((x + (pow2(_a2_) + pow2((_a4_ * x)))) / -(_a3_)) * (x * _a2_));{'d0': {'_a2_': 0.9179567553868406, '_a3_': -0.4357477774959033, '_a4_': 1.2660668364989425, '_a0_': 1.0, '_a1_': 1.0, '_a5_': 1.0, '_a6_': 1.0, '_a7_': 1.0}};{'d0': 0.02490583291941658};-280.569866449044;43.13118602838172
47878;-97.1537471961401;(((x + (pow2(_a2_) + pow2((_a4_ * x)))) / -(_a3_)) * (x * _a2_));{'d0': {'_a2_': 0.9179567553868406, '_a3_': -0.4357477774959033, '_a4_': 1.2660668364989425, '_a0_': 1.0, '_a1_': 1.0, '_a5_': 1.0, '_a6_': 1.0, '_a7_': 1.0}};{'d0': 0.02490583291941658};-280.569866449044;43.13118602838172
47879;-97.1537471961401;(((x + (pow2(_a2_) + pow2((_a4_ * x)))) / -(_a3_)) * (x * _a2_));{'d0': {'_a2_': 0.9179567553868406, '_a3_': -0.4357477774959033, '_a4_': 1.2660668364989425, '_a0_': 1.0, '_a1_': 1.0, '_a5_': 1.0, '_a6_': 1.0, '_a7_': 1.0}};{'d0': 0.02490583291941658};-280.569866449044;43.13118602838172
47880;-97.1537471961401;(((x + (pow2(_a2_) + pow2((_a4_ * x)))) / -(_a3_)) * (x * _a2_));{'d0': {'_a2_': 0.9179567553868406, '_a3_': -0.4357477774959033, '_a4_': 1.2660668364989425, '_a0_': 1.0, '_a1_': 1.0, '_a5_': 1.0, '_a6_': 1.0, '_a7_': 1.0}};{'d0': 0.02490583291941658};-280.569866449044;43.13118602838172
47881;-97.1537471961401;(((x + (pow2(_a2_) + pow2((_a4_ * x)))) / -(_a3_)) * (x * _a2_));{'d0': {'_a2_': 0.9179567553868406, '_a3_': -0.4357477774959033, '_a4_': 1.2660668364989425, '_a0_': 1.0, '_a1_': 1.0, '_a5_': 1.0, '_a6_': 1.0, '_a7_': 1.0}};{'d0': 0.02490583291941658};-280.569866449044;43.13118602838172
47882;-97.1537471961401;(((x + (pow2(_a2_) + pow2((_a4_ * x)))) / -(_a3_)) * (x * _a2_));{'d0': {'_a2_': 0.9179567553868406, '_a3_': -0.4357477774959033, '_a4_': 1.2660668364989425, '_a0_': 1.0, '_a1_': 1.0, '_a5_': 1.0, '_a6_': 1.0, '_a7_': 1.0}};{'d0': 0.02490583291941658};-280.569866449044;43.13118602838172
47883;-97.1537471961401;(((x + (pow2(_a2_) + pow2((_a4_ * x)))) / -(_a3_)) * (x * _a2_));{'d0': {'_a2_': 0.9179567553868406, '_a3_': -0.4357477774959033, '_a4_': 1.2660668364989425, '_a0_': 1.0, '_a1_': 1.0, '_a5_': 1.0, '_a6_': 1.0, '_a7_': 1.0}};{'d0': 0.02490583291941658};-280.569866449044;43.13118602838172
47884;-97.1537471961401;(((x + (pow2(_a2_) + pow2((_a4_ * x)))) / -(_a3_)) * (x * _a2_));{'d0': {'_a2_': 0.9179567553868406, '_a3_': -0.4357477774959033, '_a4_': 1.2660668364989425, '_a0_': 1.0, '_a1_': 1.0, '_a5_': 1.0, '_a6_': 1.0, '_a7_': 1.0}};{'d0': 0.02490583291941658};-280.569866449044;43.13118602838172
47885;-97.1537471961401;(((x + (pow2(_a2_) + pow2((_a4_ * x)))) / -(_a3_)) * (x * _a2_));{'d0': {'_a2_': 0.9179567553868406, '_a3_': -0.4357477774959033, '_a4_': 1.2660668364989425, '_a0_': 1.0, '_a1_': 1.0, '_a5_': 1.0, '_a6_': 1.0, '_a7_': 1.0}};{'d0': 0.02490583291941658};-280.569866449044;43.13118602838172
47886;-97.1537471961401;(((x + (pow2(_a2_) + pow2((_a4_ * x)))) / -(_a3_)) * (x * _a2_));{'d0': {'_a2_': 0.9179567553868406, '_a3_': -0.4357477774959033, '_a4_': 1.2660668364989425, '_a0_': 1.0, '_a1_': 1.0, '_a5_': 1.0, '_a6_': 1.0, '_a7_': 1.0}};{'d0': 0.02490583291941658};-280.569866449044;43.13118602838172
47887;-97.1537471961401;(((x + (pow2(_a2_) + pow2((_a4_ * x)))) / -(_a3_)) * (x * _a2_));{'d0': {'_a2_': 0.9179567553868406, '_a3_': -0.4357477774959033, '_a4_': 1.2660668364989425, '_a0_': 1.0, '_a1_': 1.0, '_a5_': 1.0, '_a6_': 1.0, '_a7_': 1.0}};{'d0': 0.02490583291941658};-280.569866449044;43.13118602838172
47888;-97.1537471961401;(((x + (pow2(_a2_) + pow2((_a4_ * x)))) / -(_a3_)) * (x * _a2_));{'d0': {'_a2_': 0.9179567553868406, '_a3_': -0.4357477774959033, '_a4_': 1.2660668364989425, '_a0_': 1.0, '_a1_': 1.0, '_a5_': 1.0, '_a6_': 1.0, '_a7_': 1.0}};{'d0': 0.02490583291941658};-280.569866449044;43.13118602838172
47889;-97.1537471961401;(((x + (pow2(_a2_) + pow2((_a4_ * x)))) / -(_a3_)) * (x * _a2_));{'d0': {'_a2_': 0.9179567553868406, '_a3_': -0.4357477774959033, '_a4_': 1.2660668364989425, '_a0_': 1.0, '_a1_': 1.0, '_a5_': 1.0, '_a6_': 1.0, '_a7_': 1.0}};{'d0': 0.02490583291941658};-280.569866449044;43.13118602838172
47890;-97.1537471961401;(((x + (pow2(_a2_) + pow2((_a4_ * x)))) / -(_a3_)) * (x * _a2_));{'d0': {'_a2_': 0.9179567553868406, '_a3_': -0.4357477774959033, '_a4_': 1.2660668364989425, '_a0_': 1.0, '_a1_': 1.0, '_a5_': 1.0, '_a6_': 1.0, '_a7_': 1.0}};{'d0': 0.02490583291941658};-280.569866449044;43.13118602838172
47891;-97.1537471961401;(((x + (pow2(_a2_) + pow2((_a4_ * x)))) / -(_a3_)) * (x * _a2_));{'d0': {'_a2_': 0.9179567553868406, '_a3_': -0.4357477774959033, '_a4_': 1.2660668364989425, '_a0_': 1.0, '_a1_': 1.0, '_a5_': 1.0, '_a6_': 1.0, '_a7_': 1.0}};{'d0': 0.02490583291941658};-280.569866449044;43.13118602838172
47892;-97.1537471961401;(((x + (pow2(_a2_) + pow2((_a4_ * x)))) / -(_a3_)) * (x * _a2_));{'d0': {'_a2_': 0.9179567553868406, '_a3_': -0.4357477774959033, '_a4_': 1.2660668364989425, '_a0_': 1.0, '_a1_': 1.0, '_a5_': 1.0, '_a6_': 1.0, '_a7_': 1.0}};{'d0': 0.02490583291941658};-280.569866449044;43.13118602838172
47893;-97.1537471961401;(((x + (pow2(_a2_) + pow2((_a4_ * x)))) / -(_a3_)) * (x * _a2_));{'d0': {'_a2_': 0.9179567553868406, '_a3_': -0.4357477774959033, '_a4_': 1.2660668364989425, '_a0_': 1.0, '_a1_': 1.0, '_a5_': 1.0, '_a6_': 1.0, '_a7_': 1.0}};{'d0': 0.02490583291941658};-280.569866449044;43.13118602838172
47894;-97.1537471961401;(((x + (pow2(_a2_) + pow2((_a4_ * x)))) / -(_a3_)) * (x * _a2_));{'d0': {'_a2_': 0.9179567553868406, '_a3_': -0.4357477774959033, '_a4_': 1.2660668364989425, '_a0_': 1.0, '_a1_': 1.0, '_a5_': 1.0, '_a6_': 1.0, '_a7_': 1.0}};{'d0': 0.02490583291941658};-280.569866449044;43.13118602838172
47895;-97.1537471961401;(((x + (pow2(_a2_) + pow2((_a4_ * x)))) / -(_a3_)) * (x * _a2_));{'d0': {'_a2_': 0.9179567553868406, '_a3_': -0.4357477774959033, '_a4_': 1.2660668364989425, '_a0_': 1.0, '_a1_': 1.0, '_a5_': 1.0, '_a6_': 1.0, '_a7_': 1.0}};{'d0': 0.02490583291941658};-280.569866449044;43.13118602838172
47896;-97.1537471961401;(((x + (pow2(_a2_) + pow2((_a4_ * x)))) / -(_a3_)) * (x * _a2_));{'d0': {'_a2_': 0.9179567553868406, '_a3_': -0.4357477774959033, '_a4_': 1.2660668364989425, '_a0_': 1.0, '_a1_': 1.0, '_a5_': 1.0, '_a6_': 1.0, '_a7_': 1.0}};{'d0': 0.02490583291941658};-280.569866449044;43.13118602838172
47897;-97.1537471961401;(((x + (pow2(_a2_) + pow2((_a4_ * x)))) / -(_a3_)) * (x * _a2_));{'d0': {'_a2_': 0.9179567553868406, '_a3_': -0.4357477774959033, '_a4_': 1.2660668364989425, '_a0_': 1.0, '_a1_': 1.0, '_a5_': 1.0, '_a6_': 1.0, '_a7_': 1.0}};{'d0': 0.02490583291941658};-280.569866449044;43.13118602838172
47898;-97.1537471961401;(((x + (pow2(_a2_) + pow2((_a4_ * x)))) / -(_a3_)) * (x * _a2_));{'d0': {'_a2_': 0.9179567553868406, '_a3_': -0.4357477774959033, '_a4_': 1.2660668364989425, '_a0_': 1.0, '_a1_': 1.0, '_a5_': 1.0, '_a6_': 1.0, '_a7_': 1.0}};{'d0': 0.02490583291941658};-280.569866449044;43.13118602838172
47899;-97.1537471961401;(((x + (pow2(_a2_) + pow2((_a4_ * x)))) / -(_a3_)) * (x * _a2_));{'d0': {'_a2_': 0.9179567553868406, '_a3_': -0.4357477774959033, '_a4_': 1.2660668364989425, '_a0_': 1.0, '_a1_': 1.0, '_a5_': 1.0, '_a6_': 1.0, '_a7_': 1.0}};{'d0': 0.02490583291941658};-280.569866449044;43.13118602838172
47900;-97.1537471961401;(((x + (pow2(_a2_) + pow2((_a4_ * x)))) / -(_a3_)) * (x * _a2_));{'d0': {'_a2_': 0.9179567553868406, '_a3_': -0.4357477774959033, '_a4_': 1.2660668364989425, '_a0_': 1.0, '_a1_': 1.0, '_a5_': 1.0, '_a6_': 1.0, '_a7_': 1.0}};{'d0': 0.02490583291941658};-280.569866449044;43.13118602838172
47901;-97.1537471961401;(((x + (pow2(_a2_) + pow2((_a4_ * x)))) / -(_a3_)) * (x * _a2_));{'d0': {'_a2_': 0.9179567553868406, '_a3_': -0.4357477774959033, '_a4_': 1.2660668364989425, '_a0_': 1.0, '_a1_': 1.0, '_a5_': 1.0, '_a6_': 1.0, '_a7_': 1.0}};{'d0': 0.02490583291941658};-280.569866449044;43.13118602838172
47902;-97.1537471961401;(((x + (pow2(_a2_) + pow2((_a4_ * x)))) / -(_a3_)) * (x * _a2_));{'d0': {'_a2_': 0.9179567553868406, '_a3_': -0.4357477774959033, '_a4_': 1.2660668364989425, '_a0_': 1.0, '_a1_': 1.0, '_a5_': 1.0, '_a6_': 1.0, '_a7_': 1.0}};{'d0': 0.02490583291941658};-280.569866449044;43.13118602838172
47903;-97.1537471961401;(((x + (pow2(_a2_) + pow2((_a4_ * x)))) / -(_a3_)) * (x * _a2_));{'d0': {'_a2_': 0.9179567553868406, '_a3_': -0.4357477774959033, '_a4_': 1.2660668364989425, '_a0_': 1.0, '_a1_': 1.0, '_a5_': 1.0, '_a6_': 1.0, '_a7_': 1.0}};{'d0': 0.02490583291941658};-280.569866449044;43.13118602838172
47904;-102.030729835275;(((x + (pow2(_a2_) + pow2((_a4_ * x)))) / -(_a3_)) * x);{'d0': {'_a2_': 0.917956754985639, '_a3_': -0.4746931428712854, '_a4_': 1.2660668364873668, '_a0_': 1.0, '_a1_': 1.0, '_a5_': 1.0, '_a6_': 1.0, '_a7_': 1.0}};{'d0': 0.024905832919416542};-280.569866449044;38.25420338924672
47905;-102.030729835275;(((x + (pow2(_a2_) + pow2((_a4_ * x)))) / -(_a3_)) * x);{'d0': {'_a2_': 0.917956754985639, '_a3_': -0.4746931428712854, '_a4_': 1.2660668364873668, '_a0_': 1.0, '_a1_': 1.0, '_a5_': 1.0, '_a6_': 1.0, '_a7_': 1.0}};{'d0': 0.024905832919416542};-280.569866449044;38.25420338924672
47906;-102.030729835275;(((x + (pow2(_a2_) + pow2((_a4_ * x)))) / -(_a3_)) * x);{'d0': {'_a2_': 0.917956754985639, '_a3_': -0.4746931428712854, '_a4_': 1.2660668364873668, '_a0_': 1.0, '_a1_': 1.0, '_a5_': 1.0, '_a6_': 1.0, '_a7_': 1.0}};{'d0': 0.024905832919416542};-280.569866449044;38.25420338924672
47907;-102.030729835275;(((x + (pow2(_a2_) + pow2((_a4_ * x)))) / -(_a3_)) * x);{'d0': {'_a2_': 0.917956754985639, '_a3_': -0.4746931428712854, '_a4_': 1.2660668364873668, '_a0_': 1.0, '_a1_': 1.0, '_a5_': 1.0, '_a6_': 1.0, '_a7_': 1.0}};{'d0': 0.024905832919416542};-280.569866449044;38.25420338924672
47908;-102.030729835275;(((x + (pow2(_a2_) + pow2((_a4_ * x)))) / -(_a3_)) * x);{'d0': {'_a2_': 0.917956754985639, '_a3_': -0.4746931428712854, '_a4_': 1.2660668364873668, '_a0_': 1.0, '_a1_': 1.0, '_a5_': 1.0, '_a6_': 1.0, '_a7_': 1.0}};{'d0': 0.024905832919416542};-280.569866449044;38.25420338924672
47909;-102.030729835275;(((x + (pow2(_a2_) + pow2((_a4_ * x)))) / -(_a3_)) * x);{'d0': {'_a2_': 0.917956754985639, '_a3_': -0.4746931428712854, '_a4_': 1.2660668364873668, '_a0_': 1.0, '_a1_': 1.0, '_a5_': 1.0, '_a6_': 1.0, '_a7_': 1.0}};{'d0': 0.024905832919416542};-280.569866449044;38.25420338924672
47910;-102.030729835275;(((x + (pow2(_a2_) + pow2((_a4_ * x)))) / -(_a3_)) * x);{'d0': {'_a2_': 0.917956754985639, '_a3_': -0.4746931428712854, '_a4_': 1.2660668364873668, '_a0_': 1.0, '_a1_': 1.0, '_a5_': 1.0, '_a6_': 1.0, '_a7_': 1.0}};{'d0': 0.024905832919416542};-280.569866449044;38.25420338924672
47911;-102.030729835275;(((x + (pow2(_a2_) + pow2((_a4_ * x)))) / -(_a3_)) * x);{'d0': {'_a2_': 0.917956754985639, '_a3_': -0.4746931428712854, '_a4_': 1.2660668364873668, '_a0_': 1.0, '_a1_': 1.0, '_a5_': 1.0, '_a6_': 1.0, '_a7_': 1.0}};{'d0': 0.024905832919416542};-280.569866449044;38.25420338924672
47912;-100.851681668750;(((x + ((_a4_ * _a5_) + pow2((_a4_ * x)))) / -(_a3_)) * x);{'d0': {'_a3_': -0.47469314327777073, '_a4_': 1.2660668365412446, '_a5_': 0.6655609171806081, '_a0_': 1.0, '_a1_': 1.0, '_a2_': 1.0, '_a6_': 1.0, '_a7_': 1.0}};{'d0': 0.024905832919416646};-280.569866449044;39.43325155577172
47913;-99.8080632588549;(((x + ((_a4_ + _a5_) + pow2((_a4_ * x)))) / -(_a3_)) * x);{'d0': {'_a3_': -0.4746931427352005, '_a4_': 1.2660668364522336, '_a5_': -0.4234222326906936, '_a0_': 1.0, '_a1_': 1.0, '_a2_': 1.0, '_a6_': 1.0, '_a7_': 1.0}};{'d0': 0.024905832919416695};-280.569866449043;40.476869965666715
47914;-99.8080632588549;(((x + ((_a4_ + _a5_) + pow2((_a4_ * x)))) / -(_a3_)) * x);{'d0': {'_a3_': -0.4746931427352005, '_a4_': 1.2660668364522336, '_a5_': -0.4234222326906936, '_a0_': 1.0, '_a1_': 1.0, '_a2_': 1.0, '_a6_': 1.0, '_a7_': 1.0}};{'d0': 0.024905832919416695};-280.569866449043;40.476869965666715
47915;-99.8080632588549;(((x + ((_a4_ + _a5_) + pow2((_a4_ * x)))) / -(_a3_)) * x);{'d0': {'_a3_': -0.4746931427352005, '_a4_': 1.2660668364522336, '_a5_': -0.4234222326906936, '_a0_': 1.0, '_a1_': 1.0, '_a2_': 1.0, '_a6_': 1.0, '_a7_': 1.0}};{'d0': 0.024905832919416695};-280.569866449043;40.476869965666715
47916;-99.8080632588549;(((x + ((_a4_ + _a5_) + pow2((_a4_ * x)))) / -(_a3_)) * x);{'d0': {'_a3_': -0.4746931427352005, '_a4_': 1.2660668364522336, '_a5_': -0.4234222326906936, '_a0_': 1.0, '_a1_': 1.0, '_a2_': 1.0, '_a6_': 1.0, '_a7_': 1.0}};{'d0': 0.024905832919416695};-280.569866449043;40.476869965666715
47917;-99.8080632588549;(((x + ((_a4_ + _a5_) + pow2((_a4_ * x)))) / -(_a3_)) * x);{'d0': {'_a3_': -0.4746931427352005, '_a4_': 1.2660668364522336, '_a5_': -0.4234222326906936, '_a0_': 1.0, '_a1_': 1.0, '_a2_': 1.0, '_a6_': 1.0, '_a7_': 1.0}};{'d0': 0.024905832919416695};-280.569866449043;40.476869965666715
47918;-99.8080632588549;(((x + ((_a4_ + _a5_) + pow2((_a4_ * x)))) / -(_a3_)) * x);{'d0': {'_a3_': -0.4746931427352005, '_a4_': 1.2660668364522336, '_a5_': -0.4234222326906936, '_a0_': 1.0, '_a1_': 1.0, '_a2_': 1.0, '_a6_': 1.0, '_a7_': 1.0}};{'d0': 0.024905832919416695};-280.569866449043;40.476869965666715
47919;-102.030729835275;(((x + (pow2(_a2_) + pow2((_a4_ * x)))) / -(_a3_)) * x);{'d0': {'_a2_': 0.917956754985639, '_a3_': -0.4746931428712854, '_a4_': 1.2660668364873668, '_a0_': 1.0, '_a1_': 1.0, '_a5_': 1.0, '_a6_': 1.0, '_a7_': 1.0}};{'d0': 0.024905832919416542};-280.569866449044;38.25420338924671
47920;-102.030729835275;(((x + (pow2(_a2_) + pow2((_a4_ * x)))) / -(_a3_)) * x);{'d0': {'_a2_': 0.917956754985639, '_a3_': -0.4746931428712854, '_a4_': 1.2660668364873668, '_a0_': 1.0, '_a1_': 1.0, '_a5_': 1.0, '_a6_': 1.0, '_a7_': 1.0}};{'d0': 0.024905832919416542};-280.569866449044;38.25420338924671
47921;-102.030729835275;(((x + (pow2(_a2_) + pow2((_a4_ * x)))) / -(_a3_)) * x);{'d0': {'_a2_': 0.917956754985639, '_a3_': -0.4746931428712854, '_a4_': 1.2660668364873668, '_a0_': 1.0, '_a1_': 1.0, '_a5_': 1.0, '_a6_': 1.0, '_a7_': 1.0}};{'d0': 0.024905832919416542};-280.569866449044;38.25420338924671
47922;-102.030729835275;(((x + (pow2(_a2_) + pow2((_a4_ * x)))) / -(_a3_)) * x);{'d0': {'_a2_': 0.917956754985639, '_a3_': -0.4746931428712854, '_a4_': 1.2660668364873668, '_a0_': 1.0, '_a1_': 1.0, '_a5_': 1.0, '_a6_': 1.0, '_a7_': 1.0}};{'d0': 0.024905832919416542};-280.569866449044;38.25420338924671
47923;-102.030729835275;(((x + (pow2(_a2_) + pow2((_a4_ * x)))) / -(_a3_)) * x);{'d0': {'_a2_': 0.917956754985639, '_a3_': -0.4746931428712854, '_a4_': 1.2660668364873668, '_a0_': 1.0, '_a1_': 1.0, '_a5_': 1.0, '_a6_': 1.0, '_a7_': 1.0}};{'d0': 0.024905832919416542};-280.569866449044;38.25420338924671
47924;-102.030729835275;(((x + (pow2(_a2_) + pow2((_a4_ * x)))) / -(_a3_)) * x);{'d0': {'_a2_': 0.917956754985639, '_a3_': -0.4746931428712854, '_a4_': 1.2660668364873668, '_a0_': 1.0, '_a1_': 1.0, '_a5_': 1.0, '_a6_': 1.0, '_a7_': 1.0}};{'d0': 0.024905832919416542};-280.569866449044;38.25420338924671
47925;-102.030729835275;(((x + (pow2(_a2_) + pow2((_a4_ * x)))) / -(_a3_)) * x);{'d0': {'_a2_': 0.917956754985639, '_a3_': -0.4746931428712854, '_a4_': 1.2660668364873668, '_a0_': 1.0, '_a1_': 1.0, '_a5_': 1.0, '_a6_': 1.0, '_a7_': 1.0}};{'d0': 0.024905832919416542};-280.569866449044;38.25420338924671
47926;-102.030729835275;(((x + (pow2(_a2_) + pow2((_a4_ * x)))) / -(_a3_)) * x);{'d0': {'_a2_': 0.917956754985639, '_a3_': -0.4746931428712854, '_a4_': 1.2660668364873668, '_a0_': 1.0, '_a1_': 1.0, '_a5_': 1.0, '_a6_': 1.0, '_a7_': 1.0}};{'d0': 0.024905832919416542};-280.569866449044;38.25420338924671
47927;-99.1357822454750;(((x + (pow3(_a2_) + pow2((_a4_ * x)))) / -(_a3_)) * x);{'d0': {'_a2_': 0.9445279519528094, '_a3_': -0.4746931430680108, '_a4_': 1.2660668364986558, '_a0_': 1.0, '_a1_': 1.0, '_a5_': 1.0, '_a6_': 1.0, '_a7_': 1.0}};{'d0': 0.02490583291941657};-280.569866449044;41.14915097904671
47928;-99.1357822454750;(((x + (pow3(_a2_) + pow2((_a4_ * x)))) / -(_a3_)) * x);{'d0': {'_a2_': 0.9445279519528094, '_a3_': -0.4746931430680108, '_a4_': 1.2660668364986558, '_a0_': 1.0, '_a1_': 1.0, '_a5_': 1.0, '_a6_': 1.0, '_a7_': 1.0}};{'d0': 0.02490583291941657};-280.569866449044;41.14915097904671
47929;-99.1357822454750;(((x + (pow3(_a2_) + pow2((_a4_ * x)))) / -(_a3_)) * x);{'d0': {'_a2_': 0.9445279519528094, '_a3_': -0.4746931430680108, '_a4_': 1.2660668364986558, '_a0_': 1.0, '_a1_': 1.0, '_a5_': 1.0, '_a6_': 1.0, '_a7_': 1.0}};{'d0': 0.02490583291941657};-280.569866449044;41.14915097904671
47930;-99.1357822454750;(((x + (pow3(_a2_) + pow2((_a4_ * x)))) / -(_a3_)) * x);{'d0': {'_a2_': 0.9445279519528094, '_a3_': -0.4746931430680108, '_a4_': 1.2660668364986558, '_a0_': 1.0, '_a1_': 1.0, '_a5_': 1.0, '_a6_': 1.0, '_a7_': 1.0}};{'d0': 0.02490583291941657};-280.569866449044;41.14915097904671
47931;-99.1357822454750;(((x + (pow3(_a2_) + pow2((_a4_ * x)))) / -(_a3_)) * x);{'d0': {'_a2_': 0.9445279519528094, '_a3_': -0.4746931430680108, '_a4_': 1.2660668364986558, '_a0_': 1.0, '_a1_': 1.0, '_a5_': 1.0, '_a6_': 1.0, '_a7_': 1.0}};{'d0': 0.02490583291941657};-280.569866449044;41.14915097904671
47932;-99.1357822454750;(((x + (pow3(_a2_) + pow2((_a4_ * x)))) / -(_a3_)) * x);{'d0': {'_a2_': 0.9445279519528094, '_a3_': -0.4746931430680108, '_a4_': 1.2660668364986558, '_a0_': 1.0, '_a1_': 1.0, '_a5_': 1.0, '_a6_': 1.0, '_a7_': 1.0}};{'d0': 0.02490583291941657};-280.569866449044;41.14915097904671
47933;-99.1357822454750;(((x + (pow3(_a2_) + pow2((_a4_ * x)))) / -(_a3_)) * x);{'d0': {'_a2_': 0.9445279519528094, '_a3_': -0.4746931430680108, '_a4_': 1.2660668364986558, '_a0_': 1.0, '_a1_': 1.0, '_a5_': 1.0, '_a6_': 1.0, '_a7_': 1.0}};{'d0': 0.02490583291941657};-280.569866449044;41.14915097904671
47934;-99.1357822454750;(((x + (pow3(_a2_) + pow2((_a4_ * x)))) / -(_a3_)) * x);{'d0': {'_a2_': 0.9445279519528094, '_a3_': -0.4746931430680108, '_a4_': 1.2660668364986558, '_a0_': 1.0, '_a1_': 1.0, '_a5_': 1.0, '_a6_': 1.0, '_a7_': 1.0}};{'d0': 0.02490583291941657};-280.569866449044;41.14915097904671
47935;-99.1357822454750;(((x + (pow3(_a2_) + pow2((_a4_ * x)))) / -(_a3_)) * x);{'d0': {'_a2_': 0.9445279519528094, '_a3_': -0.4746931430680108, '_a4_': 1.2660668364986558, '_a0_': 1.0, '_a1_': 1.0, '_a5_': 1.0, '_a6_': 1.0, '_a7_': 1.0}};{'d0': 0.02490583291941657};-280.569866449044;41.14915097904671
47936;-99.1357822454750;(((x + (pow3(_a2_) + pow2((_a4_ * x)))) / -(_a3_)) * x);{'d0': {'_a2_': 0.9445279519528094, '_a3_': -0.4746931430680108, '_a4_': 1.2660668364986558, '_a0_': 1.0, '_a1_': 1.0, '_a5_': 1.0, '_a6_': 1.0, '_a7_': 1.0}};{'d0': 0.02490583291941657};-280.569866449044;41.14915097904671
47937;-99.1357822454750;(((x + (pow3(_a2_) + pow2((_a0_ * x)))) / -(_a3_)) * x);{'d0': {'_a0_': 1.2660668365815448, '_a2_': 0.9445279520536363, '_a3_': -0.4746931432319416, '_a1_': 1.0, '_a4_': 1.0, '_a5_': 1.0, '_a6_': 1.0, '_a7_': 1.0}};{'d0': 0.024905832919416636};-280.569866449044;41.14915097904671
47938;-99.1357822454750;(((x + (pow3(_a2_) + pow2((_a0_ * x)))) / -(_a3_)) * x);{'d0': {'_a0_': 1.2660668365815448, '_a2_': 0.9445279520536363, '_a3_': -0.4746931432319416, '_a1_': 1.0, '_a4_': 1.0, '_a5_': 1.0, '_a6_': 1.0, '_a7_': 1.0}};{'d0': 0.024905832919416636};-280.569866449044;41.14915097904671
47939;-99.1357822454750;(((x + (pow3(_a2_) + pow2((_a0_ * x)))) / -(_a3_)) * x);{'d0': {'_a0_': 1.2660668365815448, '_a2_': 0.9445279520536363, '_a3_': -0.4746931432319416, '_a1_': 1.0, '_a4_': 1.0, '_a5_': 1.0, '_a6_': 1.0, '_a7_': 1.0}};{'d0': 0.024905832919416636};-280.569866449044;41.14915097904671
47940;-108.109254018993;((_a2_ + (((x * _a3_) + _a4_) * (_a4_ + x))) * x);{'d0': {'_a2_': 1.5434661270556416, '_a3_': 3.376760878547498, '_a4_': 0.48132034778992866, '_a0_': 1.0, '_a1_': 1.0, '_a5_': 1.0, '_a6_': 1.0, '_a7_': 1.0}};{'d0': 0.02490583291941666};-280.569866449044;32.17567920552898
47941;-108.109254018993;((_a2_ + (((x * _a3_) + _a4_) * (_a4_ + x))) * x);{'d0': {'_a2_': 1.5434661270556416, '_a3_': 3.376760878547498, '_a4_': 0.48132034778992866, '_a0_': 1.0, '_a1_': 1.0, '_a5_': 1.0, '_a6_': 1.0, '_a7_': 1.0}};{'d0': 0.02490583291941666};-280.569866449044;32.17567920552898
47942;-99.1357822454750;(((x + (pow3(_a2_) + pow2((_a0_ * x)))) / -(_a3_)) * x);{'d0': {'_a0_': 1.2660668365815448, '_a2_': 0.9445279520536363, '_a3_': -0.4746931432319416, '_a1_': 1.0, '_a4_': 1.0, '_a5_': 1.0, '_a6_': 1.0, '_a7_': 1.0}};{'d0': 0.024905832919416636};-280.569866449044;41.14915097904671
47943;-99.1357822454750;(((x + (pow3(_a2_) + pow2((_a0_ * x)))) / -(_a3_)) * x);{'d0': {'_a0_': 1.2660668365815448, '_a2_': 0.9445279520536363, '_a3_': -0.4746931432319416, '_a1_': 1.0, '_a4_': 1.0, '_a5_': 1.0, '_a6_': 1.0, '_a7_': 1.0}};{'d0': 0.024905832919416636};-280.569866449044;41.14915097904671
47944;-99.1357822454750;(((x + (pow3(_a2_) + pow2((_a0_ * x)))) / -(_a3_)) * x);{'d0': {'_a0_': 1.2660668365815448, '_a2_': 0.9445279520536363, '_a3_': -0.4746931432319416, '_a1_': 1.0, '_a4_': 1.0, '_a5_': 1.0, '_a6_': 1.0, '_a7_': 1.0}};{'d0': 0.024905832919416636};-280.569866449044;41.14915097904671
47945;-99.1357822454750;(((x + (pow3(_a2_) + pow2((_a0_ * x)))) / -(_a3_)) * x);{'d0': {'_a0_': 1.2660668365815448, '_a2_': 0.9445279520536363, '_a3_': -0.4746931432319416, '_a1_': 1.0, '_a4_': 1.0, '_a5_': 1.0, '_a6_': 1.0, '_a7_': 1.0}};{'d0': 0.024905832919416636};-280.569866449044;41.14915097904671
47946;-108.109254018993;((_a2_ + (((x * _a3_) + _a4_) * (_a4_ + x))) * x);{'d0': {'_a2_': 1.5434661270556416, '_a3_': 3.376760878547498, '_a4_': 0.48132034778992866, '_a0_': 1.0, '_a1_': 1.0, '_a5_': 1.0, '_a6_': 1.0, '_a7_': 1.0}};{'d0': 0.02490583291941666};-280.569866449044;32.17567920552898
47947;-108.109254018993;((_a2_ + (((x * _a3_) + _a4_) * (_a4_ + x))) * x);{'d0': {'_a2_': 1.5434661270556416, '_a3_': 3.376760878547498, '_a4_': 0.48132034778992866, '_a0_': 1.0, '_a1_': 1.0, '_a5_': 1.0, '_a6_': 1.0, '_a7_': 1.0}};{'d0': 0.02490583291941666};-280.569866449044;32.17567920552898
47948;-108.109254018993;((_a2_ + (((x * _a3_) + _a4_) * (_a4_ + x))) * x);{'d0': {'_a2_': 1.5434661270556416, '_a3_': 3.376760878547498, '_a4_': 0.48132034778992866, '_a0_': 1.0, '_a1_': 1.0, '_a5_': 1.0, '_a6_': 1.0, '_a7_': 1.0}};{'d0': 0.02490583291941666};-280.569866449044;32.17567920552898
47949;-108.109254018993;((_a2_ + (((x * _a3_) + _a4_) * (_a4_ + x))) * x);{'d0': {'_a2_': 1.5434661270556416, '_a3_': 3.376760878547498, '_a4_': 0.48132034778992866, '_a0_': 1.0, '_a1_': 1.0, '_a5_': 1.0, '_a6_': 1.0, '_a7_': 1.0}};{'d0': 0.02490583291941666};-280.569866449044;32.17567920552898
47950;-108.109254018993;((_a2_ + (((x * _a3_) + _a4_) * (_a4_ + x))) * x);{'d0': {'_a2_': 1.5434661270556416, '_a3_': 3.376760878547498, '_a4_': 0.48132034778992866, '_a0_': 1.0, '_a1_': 1.0, '_a5_': 1.0, '_a6_': 1.0, '_a7_': 1.0}};{'d0': 0.02490583291941666};-280.569866449044;32.17567920552898
47951;-108.109254018993;((_a2_ + (((x * _a3_) + _a4_) * (_a4_ + x))) * x);{'d0': {'_a2_': 1.5434661270556416, '_a3_': 3.376760878547498, '_a4_': 0.48132034778992866, '_a0_': 1.0, '_a1_': 1.0, '_a5_': 1.0, '_a6_': 1.0, '_a7_': 1.0}};{'d0': 0.02490583291941666};-280.569866449044;32.17567920552898
47952;-108.109254018993;((_a2_ + (((x * _a3_) + _a4_) * (_a4_ + x))) * x);{'d0': {'_a2_': 1.5434661270556416, '_a3_': 3.376760878547498, '_a4_': 0.48132034778992866, '_a0_': 1.0, '_a1_': 1.0, '_a5_': 1.0, '_a6_': 1.0, '_a7_': 1.0}};{'d0': 0.02490583291941666};-280.569866449044;32.17567920552898
47953;-108.109254018993;((_a2_ + (((x * _a3_) + _a4_) * (_a4_ + x))) * x);{'d0': {'_a2_': 1.5434661270556416, '_a3_': 3.376760878547498, '_a4_': 0.48132034778992866, '_a0_': 1.0, '_a1_': 1.0, '_a5_': 1.0, '_a6_': 1.0, '_a7_': 1.0}};{'d0': 0.02490583291941666};-280.569866449044;32.17567920552898
47954;-108.109254018993;((_a2_ + (((x * _a3_) + _a4_) * (_a4_ + x))) * x);{'d0': {'_a2_': 1.5434661270556416, '_a3_': 3.376760878547498, '_a4_': 0.48132034778992866, '_a0_': 1.0, '_a1_': 1.0, '_a5_': 1.0, '_a6_': 1.0, '_a7_': 1.0}};{'d0': 0.02490583291941666};-280.569866449044;32.17567920552898
47955;-99.1357822454750;(((x + (pow3(_a2_) + pow2((_a0_ * x)))) / -(_a3_)) * x);{'d0': {'_a0_': 1.2660668365815448, '_a2_': 0.9445279520536363, '_a3_': -0.4746931432319416, '_a1_': 1.0, '_a4_': 1.0, '_a5_': 1.0, '_a6_': 1.0, '_a7_': 1.0}};{'d0': 0.024905832919416636};-280.569866449044;41.14915097904671
47956;-99.1357822454750;(((x + (pow3(_a2_) + pow2((_a0_ * x)))) / -(_a3_)) * x);{'d0': {'_a0_': 1.2660668365815448, '_a2_': 0.9445279520536363, '_a3_': -0.4746931432319416, '_a1_': 1.0, '_a4_': 1.0, '_a5_': 1.0, '_a6_': 1.0, '_a7_': 1.0}};{'d0': 0.024905832919416636};-280.569866449044;41.14915097904671
47957;-99.1357822454750;(((x + (pow3(_a2_) + pow2((_a0_ * x)))) / -(_a3_)) * x);{'d0': {'_a0_': 1.2660668365815448, '_a2_': 0.9445279520536363, '_a3_': -0.4746931432319416, '_a1_': 1.0, '_a4_': 1.0, '_a5_': 1.0, '_a6_': 1.0, '_a7_': 1.0}};{'d0': 0.024905832919416636};-280.569866449044;41.14915097904671
47958;-99.1357822454750;(((x + (pow3(_a2_) + pow2((_a0_ * x)))) / -(_a3_)) * x);{'d0': {'_a0_': 1.2660668365815448, '_a2_': 0.9445279520536363, '_a3_': -0.4746931432319416, '_a1_': 1.0, '_a4_': 1.0, '_a5_': 1.0, '_a6_': 1.0, '_a7_': 1.0}};{'d0': 0.024905832919416636};-280.569866449044;41.14915097904671
47959;-99.1357822454750;(((x + (pow3(_a2_) + pow2((_a0_ * x)))) / -(_a3_)) * x);{'d0': {'_a0_': 1.2660668365815448, '_a2_': 0.9445279520536363, '_a3_': -0.4746931432319416, '_a1_': 1.0, '_a4_': 1.0, '_a5_': 1.0, '_a6_': 1.0, '_a7_': 1.0}};{'d0': 0.024905832919416636};-280.569866449044;41.14915097904671
47960;-99.1357822454750;(((x + (pow3(_a2_) + pow2((_a0_ * x)))) / -(_a3_)) * x);{'d0': {'_a0_': 1.2660668365815448, '_a2_': 0.9445279520536363, '_a3_': -0.4746931432319416, '_a1_': 1.0, '_a4_': 1.0, '_a5_': 1.0, '_a6_': 1.0, '_a7_': 1.0}};{'d0': 0.024905832919416636};-280.569866449044;41.14915097904671
47961;-99.1357822454750;(((x + (pow3(_a2_) + pow2((_a0_ * x)))) / -(_a3_)) * x);{'d0': {'_a0_': 1.2660668365815448, '_a2_': 0.9445279520536363, '_a3_': -0.4746931432319416, '_a1_': 1.0, '_a4_': 1.0, '_a5_': 1.0, '_a6_': 1.0, '_a7_': 1.0}};{'d0': 0.024905832919416636};-280.569866449044;41.14915097904671
47962;-99.1357822454750;(((x + (pow3(_a2_) + pow2((_a0_ * x)))) / -(_a3_)) * x);{'d0': {'_a0_': 1.2660668365815448, '_a2_': 0.9445279520536363, '_a3_': -0.4746931432319416, '_a1_': 1.0, '_a4_': 1.0, '_a5_': 1.0, '_a6_': 1.0, '_a7_': 1.0}};{'d0': 0.024905832919416636};-280.569866449044;41.14915097904671
47963;-102.815729405735;(((x + (pow3(_a2_) + pow2((_a0_ * x)))) / _a7_) * x);{'d0': {'_a0_': 1.2660668365709717, '_a2_': 0.9445279518468078, '_a7_': 0.4746931429965462, '_a1_': 1.0, '_a3_': 1.0, '_a4_': 1.0, '_a5_': 1.0, '_a6_': 1.0}};{'d0': 0.024905832919416577};-280.569866449044;37.46920381878632
47964;-108.109254018993;((_a2_ + (((x * _a3_) + _a4_) * (_a4_ + x))) * x);{'d0': {'_a2_': 1.5434661270556416, '_a3_': 3.376760878547498, '_a4_': 0.48132034778992866, '_a0_': 1.0, '_a1_': 1.0, '_a5_': 1.0, '_a6_': 1.0, '_a7_': 1.0}};{'d0': 0.02490583291941666};-280.569866449044;32.17567920552898
47965;-108.109254018993;((_a2_ + (((x * _a3_) + _a4_) * (_a4_ + x))) * x);{'d0': {'_a2_': 1.5434661270556416, '_a3_': 3.376760878547498, '_a4_': 0.48132034778992866, '_a0_': 1.0, '_a1_': 1.0, '_a5_': 1.0, '_a6_': 1.0, '_a7_': 1.0}};{'d0': 0.02490583291941666};-280.569866449044;32.17567920552898
47966;-108.109254018993;((_a2_ + (((x * _a3_) + _a4_) * (_a4_ + x))) * x);{'d0': {'_a2_': 1.5434661270556416, '_a3_': 3.376760878547498, '_a4_': 0.48132034778992866, '_a0_': 1.0, '_a1_': 1.0, '_a5_': 1.0, '_a6_': 1.0, '_a7_': 1.0}};{'d0': 0.02490583291941666};-280.569866449044;32.17567920552898
47967;-108.109254018993;((_a2_ + (((x * _a3_) + _a4_) * (_a4_ + x))) * x);{'d0': {'_a2_': 1.5434661270556416, '_a3_': 3.376760878547498, '_a4_': 0.48132034778992866, '_a0_': 1.0, '_a1_': 1.0, '_a5_': 1.0, '_a6_': 1.0, '_a7_': 1.0}};{'d0': 0.02490583291941666};-280.569866449044;32.17567920552898
47968;-108.109254018993;((_a2_ + (((x * _a3_) + _a4_) * (_a4_ + x))) * x);{'d0': {'_a2_': 1.5434661270556416, '_a3_': 3.376760878547498, '_a4_': 0.48132034778992866, '_a0_': 1.0, '_a1_': 1.0, '_a5_': 1.0, '_a6_': 1.0, '_a7_': 1.0}};{'d0': 0.02490583291941666};-280.569866449044;32.17567920552898
47969;-108.109254018993;((_a2_ + (((x * _a3_) + _a4_) * (_a4_ + x))) * x);{'d0': {'_a2_': 1.5434661270556416, '_a3_': 3.376760878547498, '_a4_': 0.48132034778992866, '_a0_': 1.0, '_a1_': 1.0, '_a5_': 1.0, '_a6_': 1.0, '_a7_': 1.0}};{'d0': 0.02490583291941666};-280.569866449044;32.17567920552898
47970;-108.109254018993;((_a2_ + (((x * _a3_) + _a4_) * (_a4_ + x))) * x);{'d0': {'_a2_': 1.5434661270556416, '_a3_': 3.376760878547498, '_a4_': 0.48132034778992866, '_a0_': 1.0, '_a1_': 1.0, '_a5_': 1.0, '_a6_': 1.0, '_a7_': 1.0}};{'d0': 0.02490583291941666};-280.569866449044;32.17567920552898
47971;-104.531628829010;(((x + ((_a6_ * _a7_) + pow2((_a0_ * x)))) / _a7_) * x);{'d0': {'_a0_': 1.266066836528691, '_a6_': 1.7751354041562308, '_a7_': 0.4746931429422396, '_a1_': 1.0, '_a2_': 1.0, '_a3_': 1.0, '_a4_': 1.0, '_a5_': 1.0}};{'d0': 0.0249058329194166};-280.569866449044;35.75330439551132
47972;-104.531628829010;(((x + ((_a6_ * _a7_) + pow2((_a0_ * x)))) / _a7_) * x);{'d0': {'_a0_': 1.266066836528691, '_a6_': 1.7751354041562308, '_a7_': 0.4746931429422396, '_a1_': 1.0, '_a2_': 1.0, '_a3_': 1.0, '_a4_': 1.0, '_a5_': 1.0}};{'d0': 0.0249058329194166};-280.569866449044;35.75330439551132
47973;-104.531628829010;(((x + ((_a6_ * _a7_) + pow2((_a0_ * x)))) / _a7_) * x);{'d0': {'_a0_': 1.266066836528691, '_a6_': 1.7751354041562308, '_a7_': 0.4746931429422396, '_a1_': 1.0, '_a2_': 1.0, '_a3_': 1.0, '_a4_': 1.0, '_a5_': 1.0}};{'d0': 0.0249058329194166};-280.569866449044;35.75330439551132
47974;-104.531628829010;(((x + ((_a6_ * _a7_) + pow2((_a0_ * x)))) / _a7_) * x);{'d0': {'_a0_': 1.266066836528691, '_a6_': 1.7751354041562308, '_a7_': 0.4746931429422396, '_a1_': 1.0, '_a2_': 1.0, '_a3_': 1.0, '_a4_': 1.0, '_a5_': 1.0}};{'d0': 0.0249058329194166};-280.569866449044;35.75330439551132
47975;-104.531628829010;(((x + ((_a6_ * _a7_) + pow2((_a0_ * x)))) / _a7_) * x);{'d0': {'_a0_': 1.266066836528691, '_a6_': 1.7751354041562308, '_a7_': 0.4746931429422396, '_a1_': 1.0, '_a2_': 1.0, '_a3_': 1.0, '_a4_': 1.0, '_a5_': 1.0}};{'d0': 0.0249058329194166};-280.569866449044;35.75330439551132
47976;-104.531628829010;(((x + ((_a6_ * _a7_) + pow2((_a0_ * x)))) / _a7_) * x);{'d0': {'_a0_': 1.266066836528691, '_a6_': 1.7751354041562308, '_a7_': 0.4746931429422396, '_a1_': 1.0, '_a2_': 1.0, '_a3_': 1.0, '_a4_': 1.0, '_a5_': 1.0}};{'d0': 0.0249058329194166};-280.569866449044;35.75330439551132
47977;-104.531628829010;(((x + ((_a6_ * _a7_) + pow2((_a0_ * x)))) / _a7_) * x);{'d0': {'_a0_': 1.266066836528691, '_a6_': 1.7751354041562308, '_a7_': 0.4746931429422396, '_a1_': 1.0, '_a2_': 1.0, '_a3_': 1.0, '_a4_': 1.0, '_a5_': 1.0}};{'d0': 0.0249058329194166};-280.569866449044;35.75330439551132
47978;-104.531628829010;(((x + ((_a6_ * _a7_) + pow2((_a0_ * x)))) / _a7_) * x);{'d0': {'_a0_': 1.266066836528691, '_a6_': 1.7751354041562308, '_a7_': 0.4746931429422396, '_a1_': 1.0, '_a2_': 1.0, '_a3_': 1.0, '_a4_': 1.0, '_a5_': 1.0}};{'d0': 0.0249058329194166};-280.569866449044;35.75330439551132
47979;-104.531628829010;(((x + ((_a6_ * _a7_) + pow2((_a0_ * x)))) / _a7_) * x);{'d0': {'_a0_': 1.266066836528691, '_a6_': 1.7751354041562308, '_a7_': 0.4746931429422396, '_a1_': 1.0, '_a2_': 1.0, '_a3_': 1.0, '_a4_': 1.0, '_a5_': 1.0}};{'d0': 0.0249058329194166};-280.569866449044;35.75330439551132
47980;-104.531628829010;(((x + ((_a6_ * _a7_) + pow2((_a0_ * x)))) / _a7_) * x);{'d0': {'_a0_': 1.266066836528691, '_a6_': 1.7751354041562308, '_a7_': 0.4746931429422396, '_a1_': 1.0, '_a2_': 1.0, '_a3_': 1.0, '_a4_': 1.0, '_a5_': 1.0}};{'d0': 0.0249058329194166};-280.569866449044;35.75330439551132
47981;-104.531628829010;(((x + ((_a6_ * _a7_) + pow2((_a0_ * x)))) / _a7_) * x);{'d0': {'_a0_': 1.266066836528691, '_a6_': 1.7751354041562308, '_a7_': 0.4746931429422396, '_a1_': 1.0, '_a2_': 1.0, '_a3_': 1.0, '_a4_': 1.0, '_a5_': 1.0}};{'d0': 0.0249058329194166};-280.569866449044;35.75330439551132
47982;-104.531628829010;(((x + ((_a6_ * _a7_) + pow2((_a0_ * x)))) / _a7_) * x);{'d0': {'_a0_': 1.266066836528691, '_a6_': 1.7751354041562308, '_a7_': 0.4746931429422396, '_a1_': 1.0, '_a2_': 1.0, '_a3_': 1.0, '_a4_': 1.0, '_a5_': 1.0}};{'d0': 0.0249058329194166};-280.569866449044;35.75330439551132
47983;-104.058817930787;((((((_a6_ * (x * x)) * _a5_) + _a2_) + x) * _a5_) * x);{'d0': {'_a2_': 0.8426446035868754, '_a5_': 2.1066240697489746, '_a6_': 0.7608976168174408, '_a0_': 1.0, '_a1_': 1.0, '_a3_': 1.0, '_a4_': 1.0, '_a7_': 1.0}};{'d0': 0.024905832919416608};-280.569866449044;36.226115293735006
47984;-104.058817930787;((((((_a6_ * (x * x)) * _a5_) + _a2_) + x) * _a5_) * x);{'d0': {'_a2_': 0.8426446035868754, '_a5_': 2.1066240697489746, '_a6_': 0.7608976168174408, '_a0_': 1.0, '_a1_': 1.0, '_a3_': 1.0, '_a4_': 1.0, '_a7_': 1.0}};{'d0': 0.024905832919416608};-280.569866449044;36.226115293735006
47985;-104.058817930787;((((((_a6_ * (x * x)) * _a5_) + _a2_) + x) * _a5_) * x);{'d0': {'_a2_': 0.8426446035868754, '_a5_': 2.1066240697489746, '_a6_': 0.7608976168174408, '_a0_': 1.0, '_a1_': 1.0, '_a3_': 1.0, '_a4_': 1.0, '_a7_': 1.0}};{'d0': 0.024905832919416608};-280.569866449044;36.226115293735006
47986;-104.058817930787;((((((_a6_ * (x * x)) * _a5_) + _a2_) + x) * _a5_) * x);{'d0': {'_a2_': 0.8426446035868754, '_a5_': 2.1066240697489746, '_a6_': 0.7608976168174408, '_a0_': 1.0, '_a1_': 1.0, '_a3_': 1.0, '_a4_': 1.0, '_a7_': 1.0}};{'d0': 0.024905832919416608};-280.569866449044;36.226115293735006
47987;-104.058817930787;((((((_a6_ * (x * x)) * _a5_) + _a2_) + x) * _a5_) * x);{'d0': {'_a2_': 0.8426446035868754, '_a5_': 2.1066240697489746, '_a6_': 0.7608976168174408, '_a0_': 1.0, '_a1_': 1.0, '_a3_': 1.0, '_a4_': 1.0, '_a7_': 1.0}};{'d0': 0.024905832919416608};-280.569866449044;36.226115293735006
47988;-104.058817930787;((((((_a6_ * (x * x)) * _a5_) + _a2_) + x) * _a5_) * x);{'d0': {'_a2_': 0.8426446035868754, '_a5_': 2.1066240697489746, '_a6_': 0.7608976168174408, '_a0_': 1.0, '_a1_': 1.0, '_a3_': 1.0, '_a4_': 1.0, '_a7_': 1.0}};{'d0': 0.024905832919416608};-280.569866449044;36.226115293735006
47989;-104.058817930787;((((((_a6_ * (x * x)) * _a5_) + _a2_) + x) * _a5_) * x);{'d0': {'_a2_': 0.8426446035868754, '_a5_': 2.1066240697489746, '_a6_': 0.7608976168174408, '_a0_': 1.0, '_a1_': 1.0, '_a3_': 1.0, '_a4_': 1.0, '_a7_': 1.0}};{'d0': 0.024905832919416608};-280.569866449044;36.226115293735006
47990;-104.058817930787;((((((_a6_ * (x * x)) * _a5_) + _a2_) + x) * _a5_) * x);{'d0': {'_a2_': 0.8426446035868754, '_a5_': 2.1066240697489746, '_a6_': 0.7608976168174408, '_a0_': 1.0, '_a1_': 1.0, '_a3_': 1.0, '_a4_': 1.0, '_a7_': 1.0}};{'d0': 0.024905832919416608};-280.569866449044;36.226115293735006
47991;-104.058817930787;((((((_a6_ * (x * x)) * _a5_) + _a2_) + x) * _a5_) * x);{'d0': {'_a2_': 0.8426446035868754, '_a5_': 2.1066240697489746, '_a6_': 0.7608976168174408, '_a0_': 1.0, '_a1_': 1.0, '_a3_': 1.0, '_a4_': 1.0, '_a7_': 1.0}};{'d0': 0.024905832919416608};-280.569866449044;36.226115293735006
47992;-104.058817930787;((((((_a6_ * (x * x)) * _a5_) + _a2_) + x) * _a5_) * x);{'d0': {'_a2_': 0.8426446035868754, '_a5_': 2.1066240697489746, '_a6_': 0.7608976168174408, '_a0_': 1.0, '_a1_': 1.0, '_a3_': 1.0, '_a4_': 1.0, '_a7_': 1.0}};{'d0': 0.024905832919416608};-280.569866449044;36.226115293735006
47993;-94.7615620938127;(((_a3_ * (cos((sqrt(_a5_) + (x / _a6_))) * x)) + _a2_) * x);{'d0': {'_a2_': 1.7752297406510074, '_a3_': 96.12141025615394, '_a5_': 2373.3077310910553, '_a6_': 28.46284471873092, '_a0_': 1.0, '_a1_': 1.0, '_a4_': 1.0, '_a7_': 1.0}};{'d0': 0.024907124838074515};-276.472409639608;43.474642725991295
47994;-94.7615620938127;(((_a3_ * (cos((sqrt(_a5_) + (x / _a6_))) * x)) + _a2_) * x);{'d0': {'_a2_': 1.7752297406510074, '_a3_': 96.12141025615394, '_a5_': 2373.3077310910553, '_a6_': 28.46284471873092, '_a0_': 1.0, '_a1_': 1.0, '_a4_': 1.0, '_a7_': 1.0}};{'d0': 0.024907124838074515};-276.472409639608;43.474642725991295
47995;-94.7615620938127;(((_a3_ * (cos((sqrt(_a5_) + (x / _a6_))) * x)) + _a2_) * x);{'d0': {'_a2_': 1.7752297406510074, '_a3_': 96.12141025615394, '_a5_': 2373.3077310910553, '_a6_': 28.46284471873092, '_a0_': 1.0, '_a1_': 1.0, '_a4_': 1.0, '_a7_': 1.0}};{'d0': 0.024907124838074515};-276.472409639608;43.474642725991295
47996;-94.7615620938127;(((_a3_ * (cos((sqrt(_a5_) + (x / _a6_))) * x)) + _a2_) * x);{'d0': {'_a2_': 1.7752297406510074, '_a3_': 96.12141025615394, '_a5_': 2373.3077310910553, '_a6_': 28.46284471873092, '_a0_': 1.0, '_a1_': 1.0, '_a4_': 1.0, '_a7_': 1.0}};{'d0': 0.024907124838074515};-276.472409639608;43.474642725991295
47997;-95.7789848886704;(((_a3_ * (cos((sqrt(_a5_) + (x / _a6_))) * x)) + _a6_) * x);{'d0': {'_a3_': 6.227055320689293, '_a5_': 2405.766564908415, '_a6_': 1.8002608108797924, '_a0_': 1.0, '_a1_': 1.0, '_a2_': 1.0, '_a4_': 1.0, '_a7_': 1.0}};{'d0': 0.025776903646534143};-278.507255229323;43.474642725991295
47998;-104.058817930787;((((((_a6_ * (x * x)) * _a5_) + _a2_) + x) * _a5_) * x);{'d0': {'_a2_': 0.8426446035868754, '_a5_': 2.1066240697489746, '_a6_': 0.7608976168174408, '_a0_': 1.0, '_a1_': 1.0, '_a3_': 1.0, '_a4_': 1.0, '_a7_': 1.0}};{'d0': 0.024905832919416608};-280.569866449044;36.226115293735006
47999;-104.058817930787;((((((_a6_ * (x * x)) * _a5_) + _a2_) + x) * _a5_) * x);{'d0': {'_a2_': 0.8426446035868754, '_a5_': 2.1066240697489746, '_a6_': 0.7608976168174408, '_a0_': 1.0, '_a1_': 1.0, '_a3_': 1.0, '_a4_': 1.0, '_a7_': 1.0}};{'d0': 0.024905832919416608};-280.569866449044;36.226115293735006
48000;-104.058817930787;((((((_a6_ * (x * x)) * _a5_) + _a2_) + x) * _a5_) * x);{'d0': {'_a2_': 0.8426446035868754, '_a5_': 2.1066240697489746, '_a6_': 0.7608976168174408, '_a0_': 1.0, '_a1_': 1.0, '_a3_': 1.0, '_a4_': 1.0, '_a7_': 1.0}};{'d0': 0.024905832919416608};-280.569866449044;36.226115293735006
48001;-104.058817930787;((((((_a6_ * (x * x)) * _a5_) + _a2_) + x) * _a5_) * x);{'d0': {'_a2_': 0.8426446035868754, '_a5_': 2.1066240697489746, '_a6_': 0.7608976168174408, '_a0_': 1.0, '_a1_': 1.0, '_a3_': 1.0, '_a4_': 1.0, '_a7_': 1.0}};{'d0': 0.024905832919416608};-280.569866449044;36.226115293735006
48002;-103.280223376164;((((((_a6_ * (x * x)) / _a5_) + _a2_) + x) * _a5_) * x);{'d0': {'_a2_': 0.8426446034172573, '_a5_': 2.106624070240832, '_a6_': 3.376760880959664, '_a0_': 1.0, '_a1_': 1.0, '_a3_': 1.0, '_a4_': 1.0, '_a7_': 1.0}};{'d0': 0.024905832919416608};-280.569866449044;37.0047098483584
48003;-103.280223376164;((((((_a6_ * (x * x)) / _a5_) + _a2_) + x) * _a5_) * x);{'d0': {'_a2_': 0.8426446034172573, '_a5_': 2.106624070240832, '_a6_': 3.376760880959664, '_a0_': 1.0, '_a1_': 1.0, '_a3_': 1.0, '_a4_': 1.0, '_a7_': 1.0}};{'d0': 0.024905832919416608};-280.569866449044;37.0047098483584
48004;-103.280223376164;((((((_a6_ * (x * x)) / _a5_) + _a2_) + x) * _a5_) * x);{'d0': {'_a2_': 0.8426446034172573, '_a5_': 2.106624070240832, '_a6_': 3.376760880959664, '_a0_': 1.0, '_a1_': 1.0, '_a3_': 1.0, '_a4_': 1.0, '_a7_': 1.0}};{'d0': 0.024905832919416608};-280.569866449044;37.0047098483584
48005;-103.280223376164;((((((_a6_ * (x * x)) / _a5_) + _a2_) + x) * _a5_) * x);{'d0': {'_a2_': 0.8426446034172573, '_a5_': 2.106624070240832, '_a6_': 3.376760880959664, '_a0_': 1.0, '_a1_': 1.0, '_a3_': 1.0, '_a4_': 1.0, '_a7_': 1.0}};{'d0': 0.024905832919416608};-280.569866449044;37.0047098483584
48006;-103.280223376164;((((((_a6_ * (x * x)) / _a5_) + _a2_) + x) * _a5_) * x);{'d0': {'_a2_': 0.8426446034172573, '_a5_': 2.106624070240832, '_a6_': 3.376760880959664, '_a0_': 1.0, '_a1_': 1.0, '_a3_': 1.0, '_a4_': 1.0, '_a7_': 1.0}};{'d0': 0.024905832919416608};-280.569866449044;37.0047098483584
48007;-103.280223376164;((((((_a6_ * (x * x)) / _a5_) + _a2_) + x) * _a5_) * x);{'d0': {'_a2_': 0.8426446034172573, '_a5_': 2.106624070240832, '_a6_': 3.376760880959664, '_a0_': 1.0, '_a1_': 1.0, '_a3_': 1.0, '_a4_': 1.0, '_a7_': 1.0}};{'d0': 0.024905832919416608};-280.569866449044;37.0047098483584
48008;-103.280223376164;((((((_a6_ * (x * x)) / _a5_) + _a2_) + x) * _a5_) * x);{'d0': {'_a2_': 0.8426446034172573, '_a5_': 2.106624070240832, '_a6_': 3.376760880959664, '_a0_': 1.0, '_a1_': 1.0, '_a3_': 1.0, '_a4_': 1.0, '_a7_': 1.0}};{'d0': 0.024905832919416608};-280.569866449044;37.0047098483584
48009;-103.280223376164;((((((_a6_ * (x * x)) / _a5_) + _a2_) + x) * _a5_) * x);{'d0': {'_a2_': 0.8426446034172573, '_a5_': 2.106624070240832, '_a6_': 3.376760880959664, '_a0_': 1.0, '_a1_': 1.0, '_a3_': 1.0, '_a4_': 1.0, '_a7_': 1.0}};{'d0': 0.024905832919416608};-280.569866449044;37.0047098483584
48010;-103.280223376164;((((((_a6_ * (x * x)) / _a5_) + _a2_) + x) * _a5_) * x);{'d0': {'_a2_': 0.8426446034172573, '_a5_': 2.106624070240832, '_a6_': 3.376760880959664, '_a0_': 1.0, '_a1_': 1.0, '_a3_': 1.0, '_a4_': 1.0, '_a7_': 1.0}};{'d0': 0.024905832919416608};-280.569866449044;37.0047098483584
48011;-103.280223376164;((((((_a6_ * (x * x)) / _a5_) + _a2_) + x) * _a5_) * x);{'d0': {'_a2_': 0.8426446034172573, '_a5_': 2.106624070240832, '_a6_': 3.376760880959664, '_a0_': 1.0, '_a1_': 1.0, '_a3_': 1.0, '_a4_': 1.0, '_a7_': 1.0}};{'d0': 0.024905832919416608};-280.569866449044;37.0047098483584
48012;-103.280223376164;((((((_a6_ * (x * x)) / _a5_) + _a2_) + x) * _a5_) * x);{'d0': {'_a2_': 0.8426446034172573, '_a5_': 2.106624070240832, '_a6_': 3.376760880959664, '_a0_': 1.0, '_a1_': 1.0, '_a3_': 1.0, '_a4_': 1.0, '_a7_': 1.0}};{'d0': 0.024905832919416608};-280.569866449044;37.0047098483584
48013;-103.280223376164;((((((_a6_ * (x * x)) / _a5_) + _a2_) + x) * _a5_) * x);{'d0': {'_a2_': 0.8426446034172573, '_a5_': 2.106624070240832, '_a6_': 3.376760880959664, '_a0_': 1.0, '_a1_': 1.0, '_a3_': 1.0, '_a4_': 1.0, '_a7_': 1.0}};{'d0': 0.024905832919416608};-280.569866449044;37.0047098483584
48014;-103.280223376164;((((((_a6_ * (x * x)) / _a5_) + _a2_) + x) * _a5_) * x);{'d0': {'_a2_': 0.8426446034172573, '_a5_': 2.106624070240832, '_a6_': 3.376760880959664, '_a0_': 1.0, '_a1_': 1.0, '_a3_': 1.0, '_a4_': 1.0, '_a7_': 1.0}};{'d0': 0.024905832919416608};-280.569866449044;37.0047098483584
48015;-103.280223376164;((((((_a6_ * (x * x)) / _a5_) + _a2_) + x) * _a5_) * x);{'d0': {'_a2_': 0.8426446034172573, '_a5_': 2.106624070240832, '_a6_': 3.376760880959664, '_a0_': 1.0, '_a1_': 1.0, '_a3_': 1.0, '_a4_': 1.0, '_a7_': 1.0}};{'d0': 0.024905832919416608};-280.569866449044;37.0047098483584
48016;-103.280223376164;((((((_a6_ * (x * x)) / _a5_) + _a2_) + x) * _a5_) * x);{'d0': {'_a2_': 0.8426446034172573, '_a5_': 2.106624070240832, '_a6_': 3.376760880959664, '_a0_': 1.0, '_a1_': 1.0, '_a3_': 1.0, '_a4_': 1.0, '_a7_': 1.0}};{'d0': 0.024905832919416608};-280.569866449044;37.0047098483584
48017;-103.280223376164;((((((_a6_ * (x * x)) / _a5_) + _a2_) + x) * _a5_) * x);{'d0': {'_a2_': 0.8426446034172573, '_a5_': 2.106624070240832, '_a6_': 3.376760880959664, '_a0_': 1.0, '_a1_': 1.0, '_a3_': 1.0, '_a4_': 1.0, '_a7_': 1.0}};{'d0': 0.024905832919416608};-280.569866449044;37.0047098483584
48018;-103.280223376164;((((((_a6_ * (x * x)) / _a5_) + _a2_) + x) * _a5_) * x);{'d0': {'_a2_': 0.8426446034172573, '_a5_': 2.106624070240832, '_a6_': 3.376760880959664, '_a0_': 1.0, '_a1_': 1.0, '_a3_': 1.0, '_a4_': 1.0, '_a7_': 1.0}};{'d0': 0.024905832919416608};-280.569866449044;37.0047098483584
48019;-103.280223376164;((((((_a6_ * (x * x)) / _a5_) + _a2_) + x) * _a5_) * x);{'d0': {'_a2_': 0.8426446034172573, '_a5_': 2.106624070240832, '_a6_': 3.376760880959664, '_a0_': 1.0, '_a1_': 1.0, '_a3_': 1.0, '_a4_': 1.0, '_a7_': 1.0}};{'d0': 0.024905832919416608};-280.569866449044;37.0047098483584
48020;-103.280223376164;((((((_a6_ * (x * x)) / _a5_) + _a2_) + x) * _a5_) * x);{'d0': {'_a2_': 0.8426446034172573, '_a5_': 2.106624070240832, '_a6_': 3.376760880959664, '_a0_': 1.0, '_a1_': 1.0, '_a3_': 1.0, '_a4_': 1.0, '_a7_': 1.0}};{'d0': 0.024905832919416608};-280.569866449044;37.0047098483584
48021;-103.280223376164;((((((_a6_ * (x * x)) / _a5_) + _a2_) + x) * _a5_) * x);{'d0': {'_a2_': 0.8426446034172573, '_a5_': 2.106624070240832, '_a6_': 3.376760880959664, '_a0_': 1.0, '_a1_': 1.0, '_a3_': 1.0, '_a4_': 1.0, '_a7_': 1.0}};{'d0': 0.024905832919416608};-280.569866449044;37.0047098483584
48022;-103.280223376164;((((((_a6_ * (x * x)) / _a5_) + _a2_) + x) * _a5_) * x);{'d0': {'_a2_': 0.8426446034172573, '_a5_': 2.106624070240832, '_a6_': 3.376760880959664, '_a0_': 1.0, '_a1_': 1.0, '_a3_': 1.0, '_a4_': 1.0, '_a7_': 1.0}};{'d0': 0.024905832919416608};-280.569866449044;37.0047098483584
48023;-103.280223376164;((((((_a6_ * (x * x)) / _a5_) + _a2_) + x) * _a5_) * x);{'d0': {'_a2_': 0.8426446034172573, '_a5_': 2.106624070240832, '_a6_': 3.376760880959664, '_a0_': 1.0, '_a1_': 1.0, '_a3_': 1.0, '_a4_': 1.0, '_a7_': 1.0}};{'d0': 0.024905832919416608};-280.569866449044;37.0047098483584
48024;-103.280223376164;((((((_a6_ * (x * x)) / _a5_) + _a2_) + x) * _a5_) * x);{'d0': {'_a2_': 0.8426446034172573, '_a5_': 2.106624070240832, '_a6_': 3.376760880959664, '_a0_': 1.0, '_a1_': 1.0, '_a3_': 1.0, '_a4_': 1.0, '_a7_': 1.0}};{'d0': 0.024905832919416608};-280.569866449044;37.0047098483584
48025;-103.280223376164;((((((_a6_ * (x * x)) / _a5_) + _a2_) + x) * _a5_) * x);{'d0': {'_a2_': 0.8426446034172573, '_a5_': 2.106624070240832, '_a6_': 3.376760880959664, '_a0_': 1.0, '_a1_': 1.0, '_a3_': 1.0, '_a4_': 1.0, '_a7_': 1.0}};{'d0': 0.024905832919416608};-280.569866449044;37.0047098483584
48026;-103.280223376164;((((((_a6_ * (x * x)) / _a5_) + _a2_) + x) * _a5_) * x);{'d0': {'_a2_': 0.8426446034172573, '_a5_': 2.106624070240832, '_a6_': 3.376760880959664, '_a0_': 1.0, '_a1_': 1.0, '_a3_': 1.0, '_a4_': 1.0, '_a7_': 1.0}};{'d0': 0.024905832919416608};-280.569866449044;37.0047098483584
48027;-103.280223376164;((((((_a6_ * (x * x)) / _a5_) + _a2_) + x) * _a5_) * x);{'d0': {'_a2_': 0.8426446034172573, '_a5_': 2.106624070240832, '_a6_': 3.376760880959664, '_a0_': 1.0, '_a1_': 1.0, '_a3_': 1.0, '_a4_': 1.0, '_a7_': 1.0}};{'d0': 0.024905832919416608};-280.569866449044;37.0047098483584
48028;-103.280223376164;((((((_a6_ * (x * x)) / _a5_) + _a2_) + x) * _a5_) * x);{'d0': {'_a2_': 0.8426446034172573, '_a5_': 2.106624070240832, '_a6_': 3.376760880959664, '_a0_': 1.0, '_a1_': 1.0, '_a3_': 1.0, '_a4_': 1.0, '_a7_': 1.0}};{'d0': 0.024905832919416608};-280.569866449044;37.0047098483584
48029;-103.280223376164;((((((_a6_ * (x * x)) / _a5_) + _a2_) + x) * _a5_) * x);{'d0': {'_a2_': 0.8426446034172573, '_a5_': 2.106624070240832, '_a6_': 3.376760880959664, '_a0_': 1.0, '_a1_': 1.0, '_a3_': 1.0, '_a4_': 1.0, '_a7_': 1.0}};{'d0': 0.024905832919416608};-280.569866449044;37.0047098483584
48030;-103.280223376164;((((((_a6_ * (x * x)) / _a5_) + _a2_) + x) * _a5_) * x);{'d0': {'_a2_': 0.8426446034172573, '_a5_': 2.106624070240832, '_a6_': 3.376760880959664, '_a0_': 1.0, '_a1_': 1.0, '_a3_': 1.0, '_a4_': 1.0, '_a7_': 1.0}};{'d0': 0.024905832919416608};-280.569866449044;37.0047098483584
48031;-103.280223376164;((((((_a6_ * (x * x)) / _a5_) + _a2_) + x) * _a5_) * x);{'d0': {'_a2_': 0.8426446034172573, '_a5_': 2.106624070240832, '_a6_': 3.376760880959664, '_a0_': 1.0, '_a1_': 1.0, '_a3_': 1.0, '_a4_': 1.0, '_a7_': 1.0}};{'d0': 0.024905832919416608};-280.569866449044;37.0047098483584
48032;-103.280223376164;((((((_a6_ * (x * x)) / _a5_) + _a2_) + x) * _a5_) * x);{'d0': {'_a2_': 0.8426446034172573, '_a5_': 2.106624070240832, '_a6_': 3.376760880959664, '_a0_': 1.0, '_a1_': 1.0, '_a3_': 1.0, '_a4_': 1.0, '_a7_': 1.0}};{'d0': 0.024905832919416608};-280.569866449044;37.0047098483584
48033;-103.280223376164;((((((_a6_ * (x * x)) / _a5_) + _a2_) + x) * _a5_) * x);{'d0': {'_a2_': 0.8426446034172573, '_a5_': 2.106624070240832, '_a6_': 3.376760880959664, '_a0_': 1.0, '_a1_': 1.0, '_a3_': 1.0, '_a4_': 1.0, '_a7_': 1.0}};{'d0': 0.024905832919416608};-280.569866449044;37.0047098483584
48034;-103.280223376164;((((((_a6_ * (x * x)) / _a5_) + _a2_) + x) * _a5_) * x);{'d0': {'_a2_': 0.8426446034172573, '_a5_': 2.106624070240832, '_a6_': 3.376760880959664, '_a0_': 1.0, '_a1_': 1.0, '_a3_': 1.0, '_a4_': 1.0, '_a7_': 1.0}};{'d0': 0.024905832919416608};-280.569866449044;37.0047098483584
48035;-103.280223376164;((((((_a6_ * (x * x)) / _a5_) + _a2_) + x) * _a5_) * x);{'d0': {'_a2_': 0.8426446034172573, '_a5_': 2.106624070240832, '_a6_': 3.376760880959664, '_a0_': 1.0, '_a1_': 1.0, '_a3_': 1.0, '_a4_': 1.0, '_a7_': 1.0}};{'d0': 0.024905832919416608};-280.569866449044;37.0047098483584
48036;-103.280223376164;((((((_a6_ * (x * x)) / _a5_) + _a2_) + x) * _a5_) * x);{'d0': {'_a2_': 0.8426446034172573, '_a5_': 2.106624070240832, '_a6_': 3.376760880959664, '_a0_': 1.0, '_a1_': 1.0, '_a3_': 1.0, '_a4_': 1.0, '_a7_': 1.0}};{'d0': 0.024905832919416608};-280.569866449044;37.0047098483584
48037;-103.280223376164;((((((_a6_ * (x * x)) / _a5_) + _a2_) + x) * _a5_) * x);{'d0': {'_a2_': 0.8426446034172573, '_a5_': 2.106624070240832, '_a6_': 3.376760880959664, '_a0_': 1.0, '_a1_': 1.0, '_a3_': 1.0, '_a4_': 1.0, '_a7_': 1.0}};{'d0': 0.024905832919416608};-280.569866449044;37.0047098483584
48038;-103.280223376164;((((((_a6_ * (x * x)) / _a5_) + _a2_) + x) * _a5_) * x);{'d0': {'_a2_': 0.8426446034172573, '_a5_': 2.106624070240832, '_a6_': 3.376760880959664, '_a0_': 1.0, '_a1_': 1.0, '_a3_': 1.0, '_a4_': 1.0, '_a7_': 1.0}};{'d0': 0.024905832919416608};-280.569866449044;37.0047098483584
48039;-99.6002762159034;-(((((((_a6_ * (x * x)) / _a5_) + _a2_) + x) * _a5_) * x));{'d0': {'_a2_': 0.8426446051020817, '_a5_': -2.106624066474111, '_a6_': -3.3767608760321823, '_a0_': 1.0, '_a1_': 1.0, '_a3_': 1.0, '_a4_': 1.0, '_a7_': 1.0}};{'d0': 0.024905832919416504};-280.569866449044;40.68465700861879
48040;-99.6002762159034;-(((((((_a6_ * (x * x)) / _a5_) + _a2_) + x) * _a5_) * x));{'d0': {'_a2_': 0.8426446051020817, '_a5_': -2.106624066474111, '_a6_': -3.3767608760321823, '_a0_': 1.0, '_a1_': 1.0, '_a3_': 1.0, '_a4_': 1.0, '_a7_': 1.0}};{'d0': 0.024905832919416504};-280.569866449044;40.68465700861879
48041;-99.6002762159034;-(((((((_a6_ * (x * x)) / _a5_) + _a2_) + x) * _a5_) * x));{'d0': {'_a2_': 0.8426446051020817, '_a5_': -2.106624066474111, '_a6_': -3.3767608760321823, '_a0_': 1.0, '_a1_': 1.0, '_a3_': 1.0, '_a4_': 1.0, '_a7_': 1.0}};{'d0': 0.024905832919416504};-280.569866449044;40.68465700861879
48042;-103.280223376164;((((((_a6_ * (x * x)) / _a5_) + _a2_) + x) * _a5_) * x);{'d0': {'_a2_': 0.8426446034172573, '_a5_': 2.106624070240832, '_a6_': 3.376760880959664, '_a0_': 1.0, '_a1_': 1.0, '_a3_': 1.0, '_a4_': 1.0, '_a7_': 1.0}};{'d0': 0.024905832919416608};-280.569866449044;37.0047098483584
48043;-103.280223376164;((((((_a6_ * (x * x)) / _a5_) + _a2_) + x) * _a5_) * x);{'d0': {'_a2_': 0.8426446034172573, '_a5_': 2.106624070240832, '_a6_': 3.376760880959664, '_a0_': 1.0, '_a1_': 1.0, '_a3_': 1.0, '_a4_': 1.0, '_a7_': 1.0}};{'d0': 0.024905832919416608};-280.569866449044;37.0047098483584
48044;-103.280223376164;((((((_a6_ * (x * x)) / _a5_) + _a2_) + x) * _a5_) * x);{'d0': {'_a2_': 0.8426446034172573, '_a5_': 2.106624070240832, '_a6_': 3.376760880959664, '_a0_': 1.0, '_a1_': 1.0, '_a3_': 1.0, '_a4_': 1.0, '_a7_': 1.0}};{'d0': 0.024905832919416608};-280.569866449044;37.0047098483584
48045;-103.280223376164;((((((_a6_ * (x * x)) / _a5_) + _a2_) + x) * _a5_) * x);{'d0': {'_a2_': 0.8426446034172573, '_a5_': 2.106624070240832, '_a6_': 3.376760880959664, '_a0_': 1.0, '_a1_': 1.0, '_a3_': 1.0, '_a4_': 1.0, '_a7_': 1.0}};{'d0': 0.024905832919416608};-280.569866449044;37.0047098483584
48046;-103.280223376164;((((((_a6_ * (x * x)) / _a5_) + _a2_) + x) * _a5_) * x);{'d0': {'_a2_': 0.8426446034172573, '_a5_': 2.106624070240832, '_a6_': 3.376760880959664, '_a0_': 1.0, '_a1_': 1.0, '_a3_': 1.0, '_a4_': 1.0, '_a7_': 1.0}};{'d0': 0.024905832919416608};-280.569866449044;37.0047098483584
48047;-108.109254018993;((_a2_ + (((x * _a3_) + _a4_) * (_a4_ + x))) * x);{'d0': {'_a2_': 1.5434661270556416, '_a3_': 3.376760878547498, '_a4_': 0.48132034778992866, '_a0_': 1.0, '_a1_': 1.0, '_a5_': 1.0, '_a6_': 1.0, '_a7_': 1.0}};{'d0': 0.02490583291941666};-280.569866449044;32.17567920552898
48048;-108.109254018993;((_a2_ + (((x * _a3_) + _a4_) * (_a4_ + x))) * x);{'d0': {'_a2_': 1.5434661270556416, '_a3_': 3.376760878547498, '_a4_': 0.48132034778992866, '_a0_': 1.0, '_a1_': 1.0, '_a5_': 1.0, '_a6_': 1.0, '_a7_': 1.0}};{'d0': 0.02490583291941666};-280.569866449044;32.17567920552898
48049;-108.109254018993;((_a2_ + (((x * _a3_) + _a4_) * (_a4_ + x))) * x);{'d0': {'_a2_': 1.5434661270556416, '_a3_': 3.376760878547498, '_a4_': 0.48132034778992866, '_a0_': 1.0, '_a1_': 1.0, '_a5_': 1.0, '_a6_': 1.0, '_a7_': 1.0}};{'d0': 0.02490583291941666};-280.569866449044;32.17567920552898
48050;-108.109254018993;((_a2_ + (((x * _a6_) + _a4_) * (_a4_ + x))) * x);{'d0': {'_a2_': 1.543466127182414, '_a4_': 0.4813203478762611, '_a6_': 3.376760878792633, '_a0_': 1.0, '_a1_': 1.0, '_a3_': 1.0, '_a5_': 1.0, '_a7_': 1.0}};{'d0': 0.024905832919416667};-280.569866449044;32.17567920552898
48051;-108.109254018993;((_a2_ + (((x * _a6_) + _a4_) * (_a4_ + x))) * x);{'d0': {'_a2_': 1.543466127182414, '_a4_': 0.4813203478762611, '_a6_': 3.376760878792633, '_a0_': 1.0, '_a1_': 1.0, '_a3_': 1.0, '_a5_': 1.0, '_a7_': 1.0}};{'d0': 0.024905832919416667};-280.569866449044;32.17567920552898
48052;-108.109254018993;((_a2_ + (((x * _a6_) + _a4_) * (_a4_ + x))) * x);{'d0': {'_a2_': 1.543466127182414, '_a4_': 0.4813203478762611, '_a6_': 3.376760878792633, '_a0_': 1.0, '_a1_': 1.0, '_a3_': 1.0, '_a5_': 1.0, '_a7_': 1.0}};{'d0': 0.024905832919416667};-280.569866449044;32.17567920552898
48053;-108.109254018993;((_a2_ + (((x * _a6_) + _a4_) * (_a4_ + x))) * x);{'d0': {'_a2_': 1.543466127182414, '_a4_': 0.4813203478762611, '_a6_': 3.376760878792633, '_a0_': 1.0, '_a1_': 1.0, '_a3_': 1.0, '_a5_': 1.0, '_a7_': 1.0}};{'d0': 0.024905832919416667};-280.569866449044;32.17567920552898
48054;-108.109254018993;((_a2_ + (((x * _a6_) + _a4_) * (_a4_ + x))) * x);{'d0': {'_a2_': 1.543466127182414, '_a4_': 0.4813203478762611, '_a6_': 3.376760878792633, '_a0_': 1.0, '_a1_': 1.0, '_a3_': 1.0, '_a5_': 1.0, '_a7_': 1.0}};{'d0': 0.024905832919416667};-280.569866449044;32.17567920552898
48055;-108.109254018993;((_a2_ + (((x * _a6_) + _a4_) * (_a4_ + x))) * x);{'d0': {'_a2_': 1.543466127182414, '_a4_': 0.4813203478762611, '_a6_': 3.376760878792633, '_a0_': 1.0, '_a1_': 1.0, '_a3_': 1.0, '_a5_': 1.0, '_a7_': 1.0}};{'d0': 0.024905832919416667};-280.569866449044;32.17567920552898
48056;-108.109254018993;((_a2_ + (((x * _a6_) + _a4_) * (_a4_ + x))) * x);{'d0': {'_a2_': 1.543466127182414, '_a4_': 0.4813203478762611, '_a6_': 3.376760878792633, '_a0_': 1.0, '_a1_': 1.0, '_a3_': 1.0, '_a5_': 1.0, '_a7_': 1.0}};{'d0': 0.024905832919416667};-280.569866449044;32.17567920552898
48057;-108.109254018993;((_a2_ + (((x * _a6_) + _a4_) * (_a4_ + x))) * x);{'d0': {'_a2_': 1.543466127182414, '_a4_': 0.4813203478762611, '_a6_': 3.376760878792633, '_a0_': 1.0, '_a1_': 1.0, '_a3_': 1.0, '_a5_': 1.0, '_a7_': 1.0}};{'d0': 0.024905832919416667};-280.569866449044;32.17567920552898
48058;-108.109254018993;((_a2_ + (((x * _a6_) + _a4_) * (_a4_ + x))) * x);{'d0': {'_a2_': 1.543466127182414, '_a4_': 0.4813203478762611, '_a6_': 3.376760878792633, '_a0_': 1.0, '_a1_': 1.0, '_a3_': 1.0, '_a5_': 1.0, '_a7_': 1.0}};{'d0': 0.024905832919416667};-280.569866449044;32.17567920552898
48059;-108.109254018993;((_a2_ + (((x * _a6_) + _a4_) * (_a4_ + x))) * x);{'d0': {'_a2_': 1.543466127182414, '_a4_': 0.4813203478762611, '_a6_': 3.376760878792633, '_a0_': 1.0, '_a1_': 1.0, '_a3_': 1.0, '_a5_': 1.0, '_a7_': 1.0}};{'d0': 0.024905832919416667};-280.569866449044;32.17567920552898
48060;-108.109254018993;((_a2_ + (((x * _a6_) + _a4_) * (_a4_ + x))) * x);{'d0': {'_a2_': 1.543466127182414, '_a4_': 0.4813203478762611, '_a6_': 3.376760878792633, '_a0_': 1.0, '_a1_': 1.0, '_a3_': 1.0, '_a5_': 1.0, '_a7_': 1.0}};{'d0': 0.024905832919416667};-280.569866449044;32.17567920552898
48061;-108.109254018993;((_a2_ + (((x * _a6_) + _a4_) * (_a4_ + x))) * x);{'d0': {'_a2_': 1.543466127182414, '_a4_': 0.4813203478762611, '_a6_': 3.376760878792633, '_a0_': 1.0, '_a1_': 1.0, '_a3_': 1.0, '_a5_': 1.0, '_a7_': 1.0}};{'d0': 0.024905832919416667};-280.569866449044;32.17567920552898
48062;-104.429306858732;((_a2_ + (((x * -(_a6_)) + _a4_) * (_a4_ + x))) * x);{'d0': {'_a2_': 1.5434661277084485, '_a4_': 0.48132034797915485, '_a6_': -3.376760877949837, '_a0_': 1.0, '_a1_': 1.0, '_a3_': 1.0, '_a5_': 1.0, '_a7_': 1.0}};{'d0': 0.024905832919416615};-280.569866449044;35.85562636578937
48063;-104.429306858732;((_a2_ + (((x * -(_a6_)) + _a4_) * (_a4_ + x))) * x);{'d0': {'_a2_': 1.5434661277084485, '_a4_': 0.48132034797915485, '_a6_': -3.376760877949837, '_a0_': 1.0, '_a1_': 1.0, '_a3_': 1.0, '_a5_': 1.0, '_a7_': 1.0}};{'d0': 0.024905832919416615};-280.569866449044;35.85562636578937
48064;-104.429306858732;((_a2_ + (((x * -(_a6_)) + _a4_) * (_a4_ + x))) * x);{'d0': {'_a2_': 1.5434661277084485, '_a4_': 0.48132034797915485, '_a6_': -3.376760877949837, '_a0_': 1.0, '_a1_': 1.0, '_a3_': 1.0, '_a5_': 1.0, '_a7_': 1.0}};{'d0': 0.024905832919416615};-280.569866449044;35.85562636578937
48065;-104.429306858732;((_a2_ + (((x * -(_a6_)) + _a4_) * (_a4_ + x))) * x);{'d0': {'_a2_': 1.5434661277084485, '_a4_': 0.48132034797915485, '_a6_': -3.376760877949837, '_a0_': 1.0, '_a1_': 1.0, '_a3_': 1.0, '_a5_': 1.0, '_a7_': 1.0}};{'d0': 0.024905832919416615};-280.569866449044;35.85562636578937
48066;-104.429306858732;((_a2_ + (((x * -(_a6_)) + _a4_) * (_a4_ + x))) * x);{'d0': {'_a2_': 1.5434661277084485, '_a4_': 0.48132034797915485, '_a6_': -3.376760877949837, '_a0_': 1.0, '_a1_': 1.0, '_a3_': 1.0, '_a5_': 1.0, '_a7_': 1.0}};{'d0': 0.024905832919416615};-280.569866449044;35.85562636578937
48067;-104.429306858732;((_a2_ + (((x * -(_a6_)) + _a4_) * (_a4_ + x))) * x);{'d0': {'_a2_': 1.5434661277084485, '_a4_': 0.48132034797915485, '_a6_': -3.376760877949837, '_a0_': 1.0, '_a1_': 1.0, '_a3_': 1.0, '_a5_': 1.0, '_a7_': 1.0}};{'d0': 0.024905832919416615};-280.569866449044;35.85562636578937
48068;-104.429306858732;((_a2_ + (((x * -(_a6_)) + _a4_) * (_a4_ + x))) * x);{'d0': {'_a2_': 1.5434661277084485, '_a4_': 0.48132034797915485, '_a6_': -3.376760877949837, '_a0_': 1.0, '_a1_': 1.0, '_a3_': 1.0, '_a5_': 1.0, '_a7_': 1.0}};{'d0': 0.024905832919416615};-280.569866449044;35.85562636578937
48069;-104.429306858732;((_a2_ + (((x * -(_a6_)) + _a4_) * (_a4_ + x))) * x);{'d0': {'_a2_': 1.5434661277084485, '_a4_': 0.48132034797915485, '_a6_': -3.376760877949837, '_a0_': 1.0, '_a1_': 1.0, '_a3_': 1.0, '_a5_': 1.0, '_a7_': 1.0}};{'d0': 0.024905832919416615};-280.569866449044;35.85562636578937
48070;-104.429306858732;((_a2_ + (((x * -(_a6_)) + _a4_) * (_a4_ + x))) * x);{'d0': {'_a2_': 1.5434661277084485, '_a4_': 0.48132034797915485, '_a6_': -3.376760877949837, '_a0_': 1.0, '_a1_': 1.0, '_a3_': 1.0, '_a5_': 1.0, '_a7_': 1.0}};{'d0': 0.024905832919416615};-280.569866449044;35.85562636578937
48071;-104.429306858732;((_a2_ + (((x * -(_a6_)) + _a4_) * (_a4_ + x))) * x);{'d0': {'_a2_': 1.5434661277084485, '_a4_': 0.48132034797915485, '_a6_': -3.376760877949837, '_a0_': 1.0, '_a1_': 1.0, '_a3_': 1.0, '_a5_': 1.0, '_a7_': 1.0}};{'d0': 0.024905832919416615};-280.569866449044;35.85562636578937
48072;-104.429306858732;((_a2_ + (((x * -(_a6_)) + _a4_) * (_a4_ + x))) * x);{'d0': {'_a2_': 1.5434661277084485, '_a4_': 0.48132034797915485, '_a6_': -3.376760877949837, '_a0_': 1.0, '_a1_': 1.0, '_a3_': 1.0, '_a5_': 1.0, '_a7_': 1.0}};{'d0': 0.024905832919416615};-280.569866449044;35.85562636578937
48073;-104.429306858732;((_a2_ + (((x * -(_a6_)) + _a4_) * (_a4_ + x))) * x);{'d0': {'_a2_': 1.5434661277084485, '_a4_': 0.48132034797915485, '_a6_': -3.376760877949837, '_a0_': 1.0, '_a1_': 1.0, '_a3_': 1.0, '_a5_': 1.0, '_a7_': 1.0}};{'d0': 0.024905832919416615};-280.569866449044;35.85562636578937
48074;-104.429306858732;((_a2_ + (((x * -(_a6_)) + _a4_) * (_a4_ + x))) * x);{'d0': {'_a2_': 1.5434661277084485, '_a4_': 0.48132034797915485, '_a6_': -3.376760877949837, '_a0_': 1.0, '_a1_': 1.0, '_a3_': 1.0, '_a5_': 1.0, '_a7_': 1.0}};{'d0': 0.024905832919416615};-280.569866449044;35.85562636578937
48075;-104.429306858732;((_a2_ + (((x * -(_a6_)) + _a4_) * (_a4_ + x))) * x);{'d0': {'_a2_': 1.5434661277084485, '_a4_': 0.48132034797915485, '_a6_': -3.376760877949837, '_a0_': 1.0, '_a1_': 1.0, '_a3_': 1.0, '_a5_': 1.0, '_a7_': 1.0}};{'d0': 0.024905832919416615};-280.569866449044;35.85562636578937
48076;-104.429306858732;((_a2_ + (((x * -(_a6_)) + _a4_) * (_a4_ + x))) * x);{'d0': {'_a2_': 1.5434661277084485, '_a4_': 0.48132034797915485, '_a6_': -3.376760877949837, '_a0_': 1.0, '_a1_': 1.0, '_a3_': 1.0, '_a5_': 1.0, '_a7_': 1.0}};{'d0': 0.024905832919416615};-280.569866449044;35.85562636578937
48077;-104.429306858732;((_a2_ + (((x * -(_a6_)) + _a4_) * (_a4_ + x))) * x);{'d0': {'_a2_': 1.5434661277084485, '_a4_': 0.48132034797915485, '_a6_': -3.376760877949837, '_a0_': 1.0, '_a1_': 1.0, '_a3_': 1.0, '_a5_': 1.0, '_a7_': 1.0}};{'d0': 0.024905832919416615};-280.569866449044;35.85562636578937
48078;-104.429306858732;((_a2_ + (((x * -(_a6_)) + _a4_) * (_a4_ + x))) * x);{'d0': {'_a2_': 1.5434661277084485, '_a4_': 0.48132034797915485, '_a6_': -3.376760877949837, '_a0_': 1.0, '_a1_': 1.0, '_a3_': 1.0, '_a5_': 1.0, '_a7_': 1.0}};{'d0': 0.024905832919416615};-280.569866449044;35.85562636578937
48079;-104.429306858732;((_a2_ + (((x * -(_a6_)) + _a4_) * (_a4_ + x))) * x);{'d0': {'_a2_': 1.5434661277084485, '_a4_': 0.48132034797915485, '_a6_': -3.376760877949837, '_a0_': 1.0, '_a1_': 1.0, '_a3_': 1.0, '_a5_': 1.0, '_a7_': 1.0}};{'d0': 0.024905832919416615};-280.569866449044;35.85562636578937
48080;-104.429306858732;((_a2_ + (((x * -(_a6_)) + _a4_) * (_a4_ + x))) * x);{'d0': {'_a2_': 1.5434661277084485, '_a4_': 0.48132034797915485, '_a6_': -3.376760877949837, '_a0_': 1.0, '_a1_': 1.0, '_a3_': 1.0, '_a5_': 1.0, '_a7_': 1.0}};{'d0': 0.024905832919416615};-280.569866449044;35.85562636578937
48081;-104.429306858732;((_a2_ + (((x * -(_a6_)) + _a4_) * (_a4_ + x))) * x);{'d0': {'_a2_': 1.5434661277084485, '_a4_': 0.48132034797915485, '_a6_': -3.376760877949837, '_a0_': 1.0, '_a1_': 1.0, '_a3_': 1.0, '_a5_': 1.0, '_a7_': 1.0}};{'d0': 0.024905832919416615};-280.569866449044;35.85562636578937
48082;-104.429306858732;((_a2_ + (((x * -(_a6_)) + _a4_) * (_a4_ + x))) * x);{'d0': {'_a2_': 1.5434661277084485, '_a4_': 0.48132034797915485, '_a6_': -3.376760877949837, '_a0_': 1.0, '_a1_': 1.0, '_a3_': 1.0, '_a5_': 1.0, '_a7_': 1.0}};{'d0': 0.024905832919416615};-280.569866449044;35.85562636578937
48083;-104.429306858732;((_a2_ + (((x * -(_a6_)) + _a4_) * (_a4_ + x))) * x);{'d0': {'_a2_': 1.5434661277084485, '_a4_': 0.48132034797915485, '_a6_': -3.376760877949837, '_a0_': 1.0, '_a1_': 1.0, '_a3_': 1.0, '_a5_': 1.0, '_a7_': 1.0}};{'d0': 0.024905832919416615};-280.569866449044;35.85562636578937
48084;-104.429306858732;((_a2_ + (((x * -(_a6_)) + _a4_) * (_a4_ + x))) * x);{'d0': {'_a2_': 1.5434661277084485, '_a4_': 0.48132034797915485, '_a6_': -3.376760877949837, '_a0_': 1.0, '_a1_': 1.0, '_a3_': 1.0, '_a5_': 1.0, '_a7_': 1.0}};{'d0': 0.024905832919416615};-280.569866449044;35.85562636578937
48085;-104.429306858732;((_a2_ + (((x * -(_a6_)) + _a4_) * (_a4_ + x))) * x);{'d0': {'_a2_': 1.5434661277084485, '_a4_': 0.48132034797915485, '_a6_': -3.376760877949837, '_a0_': 1.0, '_a1_': 1.0, '_a3_': 1.0, '_a5_': 1.0, '_a7_': 1.0}};{'d0': 0.024905832919416615};-280.569866449044;35.85562636578937
48086;-104.429306858732;((_a2_ + (((x * -(_a6_)) + _a4_) * (_a4_ + x))) * x);{'d0': {'_a2_': 1.5434661277084485, '_a4_': 0.48132034797915485, '_a6_': -3.376760877949837, '_a0_': 1.0, '_a1_': 1.0, '_a3_': 1.0, '_a5_': 1.0, '_a7_': 1.0}};{'d0': 0.024905832919416615};-280.569866449044;35.85562636578937
48087;-104.429306858732;((_a2_ + (((x * -(_a6_)) + _a4_) * (_a4_ + x))) * x);{'d0': {'_a2_': 1.5434661277084485, '_a4_': 0.48132034797915485, '_a6_': -3.376760877949837, '_a0_': 1.0, '_a1_': 1.0, '_a3_': 1.0, '_a5_': 1.0, '_a7_': 1.0}};{'d0': 0.024905832919416615};-280.569866449044;35.85562636578937
48088;-104.429306858732;((_a2_ + (((x * -(_a6_)) + _a4_) * (_a4_ + x))) * x);{'d0': {'_a2_': 1.5434661277084485, '_a4_': 0.48132034797915485, '_a6_': -3.376760877949837, '_a0_': 1.0, '_a1_': 1.0, '_a3_': 1.0, '_a5_': 1.0, '_a7_': 1.0}};{'d0': 0.024905832919416615};-280.569866449044;35.85562636578937
48089;-97.3596223271336;((((((_a6_ * (x * x)) / _a5_) + (_a7_ + _a7_)) + x) * _a5_) * x);{'d0': {'_a5_': 2.1066240668210328, '_a6_': 3.3767608768678876, '_a7_': 0.4213223024136202, '_a0_': 1.0, '_a1_': 1.0, '_a2_': 1.0, '_a3_': 1.0, '_a4_': 1.0}};{'d0': 0.024905832919416643};-280.569866449044;42.9253108973884
48090;-97.3596223271336;((((((_a6_ * (x * x)) / _a5_) + (_a7_ + _a7_)) + x) * _a5_) * x);{'d0': {'_a5_': 2.1066240668210328, '_a6_': 3.3767608768678876, '_a7_': 0.4213223024136202, '_a0_': 1.0, '_a1_': 1.0, '_a2_': 1.0, '_a3_': 1.0, '_a4_': 1.0}};{'d0': 0.024905832919416643};-280.569866449044;42.9253108973884
48091;-97.3596223271336;((((((_a6_ * (x * x)) / _a5_) + (_a7_ + _a7_)) + x) * _a5_) * x);{'d0': {'_a5_': 2.1066240668210328, '_a6_': 3.3767608768678876, '_a7_': 0.4213223024136202, '_a0_': 1.0, '_a1_': 1.0, '_a2_': 1.0, '_a3_': 1.0, '_a4_': 1.0}};{'d0': 0.024905832919416643};-280.569866449044;42.9253108973884
48092;-97.3596223271336;((((((_a6_ * (x * x)) / _a5_) + (_a7_ + _a7_)) + x) * _a5_) * x);{'d0': {'_a5_': 2.1066240668210328, '_a6_': 3.3767608768678876, '_a7_': 0.4213223024136202, '_a0_': 1.0, '_a1_': 1.0, '_a2_': 1.0, '_a3_': 1.0, '_a4_': 1.0}};{'d0': 0.024905832919416643};-280.569866449044;42.9253108973884
48093;-97.3596223271336;((((((_a6_ * (x * x)) / _a5_) + (_a7_ + _a7_)) + x) * _a5_) * x);{'d0': {'_a5_': 2.1066240668210328, '_a6_': 3.3767608768678876, '_a7_': 0.4213223024136202, '_a0_': 1.0, '_a1_': 1.0, '_a2_': 1.0, '_a3_': 1.0, '_a4_': 1.0}};{'d0': 0.024905832919416643};-280.569866449044;42.9253108973884
48094;-97.3596223271336;((((((_a6_ * (x * x)) / _a5_) + (_a7_ + _a7_)) + x) * _a5_) * x);{'d0': {'_a5_': 2.1066240668210328, '_a6_': 3.3767608768678876, '_a7_': 0.4213223024136202, '_a0_': 1.0, '_a1_': 1.0, '_a2_': 1.0, '_a3_': 1.0, '_a4_': 1.0}};{'d0': 0.024905832919416643};-280.569866449044;42.9253108973884
48095;-97.3596223271336;((((((_a6_ * (x * x)) / _a5_) + (_a7_ + _a7_)) + x) * _a5_) * x);{'d0': {'_a5_': 2.1066240668210328, '_a6_': 3.3767608768678876, '_a7_': 0.4213223024136202, '_a0_': 1.0, '_a1_': 1.0, '_a2_': 1.0, '_a3_': 1.0, '_a4_': 1.0}};{'d0': 0.024905832919416643};-280.569866449044;42.9253108973884
48096;-97.3596223271337;((((((_a6_ * (x * x)) / _a5_) + (_a7_ + x)) + x) * _a5_) * x);{'d0': {'_a5_': 1.0533120343663431, '_a6_': 3.376760878700082, '_a7_': 1.6852892083561621, '_a0_': 1.0, '_a1_': 1.0, '_a2_': 1.0, '_a3_': 1.0, '_a4_': 1.0}};{'d0': 0.0249058329194166};-280.569866449044;42.9253108973884
48097;-97.3596223271337;((((((_a6_ * (x * x)) / _a5_) + (_a7_ + x)) + x) * _a5_) * x);{'d0': {'_a5_': 1.0533120343663431, '_a6_': 3.376760878700082, '_a7_': 1.6852892083561621, '_a0_': 1.0, '_a1_': 1.0, '_a2_': 1.0, '_a3_': 1.0, '_a4_': 1.0}};{'d0': 0.0249058329194166};-280.569866449044;42.9253108973884
48098;-97.3596223271337;((((((_a6_ * (x * x)) / _a5_) + (_a7_ + x)) + x) * _a5_) * x);{'d0': {'_a5_': 1.0533120343663431, '_a6_': 3.376760878700082, '_a7_': 1.6852892083561621, '_a0_': 1.0, '_a1_': 1.0, '_a2_': 1.0, '_a3_': 1.0, '_a4_': 1.0}};{'d0': 0.0249058329194166};-280.569866449044;42.9253108973884
48099;-97.3596223271337;((((((_a6_ * (x * x)) / _a5_) + (_a7_ + x)) + x) * _a5_) * x);{'d0': {'_a5_': 1.0533120343663431, '_a6_': 3.376760878700082, '_a7_': 1.6852892083561621, '_a0_': 1.0, '_a1_': 1.0, '_a2_': 1.0, '_a3_': 1.0, '_a4_': 1.0}};{'d0': 0.0249058329194166};-280.569866449044;42.9253108973884
48100;-97.3596223271337;((((((_a6_ * (x * x)) / _a5_) + (_a7_ + x)) + x) * _a5_) * x);{'d0': {'_a5_': 1.0533120343663431, '_a6_': 3.376760878700082, '_a7_': 1.6852892083561621, '_a0_': 1.0, '_a1_': 1.0, '_a2_': 1.0, '_a3_': 1.0, '_a4_': 1.0}};{'d0': 0.0249058329194166};-280.569866449044;42.9253108973884
48101;-97.3596223271337;((((((_a6_ * (x * x)) / _a5_) + (_a7_ + x)) + x) * _a5_) * x);{'d0': {'_a5_': 1.0533120343663431, '_a6_': 3.376760878700082, '_a7_': 1.6852892083561621, '_a0_': 1.0, '_a1_': 1.0, '_a2_': 1.0, '_a3_': 1.0, '_a4_': 1.0}};{'d0': 0.0249058329194166};-280.569866449044;42.9253108973884
48102;-97.3596223271337;((((((_a6_ * (x * x)) / _a5_) + (_a7_ + x)) + x) * _a5_) * x);{'d0': {'_a5_': 1.0533120343663431, '_a6_': 3.376760878700082, '_a7_': 1.6852892083561621, '_a0_': 1.0, '_a1_': 1.0, '_a2_': 1.0, '_a3_': 1.0, '_a4_': 1.0}};{'d0': 0.0249058329194166};-280.569866449044;42.9253108973884
48103;-97.3596223271337;((((((_a6_ * (x * x)) / _a5_) + (_a7_ + x)) + x) * _a5_) * x);{'d0': {'_a5_': 1.0533120343663431, '_a6_': 3.376760878700082, '_a7_': 1.6852892083561621, '_a0_': 1.0, '_a1_': 1.0, '_a2_': 1.0, '_a3_': 1.0, '_a4_': 1.0}};{'d0': 0.0249058329194166};-280.569866449044;42.9253108973884
48104;-97.3596223271337;((((((_a6_ * (x * x)) / _a5_) + (_a7_ + x)) + x) * _a5_) * x);{'d0': {'_a5_': 1.0533120343663431, '_a6_': 3.376760878700082, '_a7_': 1.6852892083561621, '_a0_': 1.0, '_a1_': 1.0, '_a2_': 1.0, '_a3_': 1.0, '_a4_': 1.0}};{'d0': 0.0249058329194166};-280.569866449044;42.9253108973884
48105;-97.3596223271337;((((((_a6_ * (x * x)) / _a5_) + (_a7_ + x)) + x) * _a5_) * x);{'d0': {'_a5_': 1.0533120343663431, '_a6_': 3.376760878700082, '_a7_': 1.6852892083561621, '_a0_': 1.0, '_a1_': 1.0, '_a2_': 1.0, '_a3_': 1.0, '_a4_': 1.0}};{'d0': 0.0249058329194166};-280.569866449044;42.9253108973884
48106;-97.3596223271337;((((((_a6_ * (x * x)) / _a5_) + (_a7_ + x)) + x) * _a5_) * x);{'d0': {'_a5_': 1.0533120343663431, '_a6_': 3.376760878700082, '_a7_': 1.6852892083561621, '_a0_': 1.0, '_a1_': 1.0, '_a2_': 1.0, '_a3_': 1.0, '_a4_': 1.0}};{'d0': 0.0249058329194166};-280.569866449044;42.9253108973884
48107;-97.3596223271337;((((((_a6_ * (x * x)) / _a5_) + (_a7_ + x)) + x) * _a5_) * x);{'d0': {'_a5_': 1.0533120343663431, '_a6_': 3.376760878700082, '_a7_': 1.6852892083561621, '_a0_': 1.0, '_a1_': 1.0, '_a2_': 1.0, '_a3_': 1.0, '_a4_': 1.0}};{'d0': 0.0249058329194166};-280.569866449044;42.9253108973884
48108;-97.3596223271337;((((((_a6_ * (x * x)) / _a5_) + (_a7_ + x)) + x) * _a5_) * x);{'d0': {'_a5_': 1.0533120343663431, '_a6_': 3.376760878700082, '_a7_': 1.6852892083561621, '_a0_': 1.0, '_a1_': 1.0, '_a2_': 1.0, '_a3_': 1.0, '_a4_': 1.0}};{'d0': 0.0249058329194166};-280.569866449044;42.9253108973884
48109;-97.3596223271337;((((((_a6_ * (x * x)) / _a5_) + (_a7_ + x)) + x) * _a5_) * x);{'d0': {'_a5_': 1.0533120343663431, '_a6_': 3.376760878700082, '_a7_': 1.6852892083561621, '_a0_': 1.0, '_a1_': 1.0, '_a2_': 1.0, '_a3_': 1.0, '_a4_': 1.0}};{'d0': 0.0249058329194166};-280.569866449044;42.9253108973884
48110;-97.3596223271337;((((((_a6_ * (x * x)) / _a5_) + (_a7_ + x)) + x) * _a5_) * x);{'d0': {'_a5_': 1.0533120343663431, '_a6_': 3.376760878700082, '_a7_': 1.6852892083561621, '_a0_': 1.0, '_a1_': 1.0, '_a2_': 1.0, '_a3_': 1.0, '_a4_': 1.0}};{'d0': 0.0249058329194166};-280.569866449044;42.9253108973884
48111;-97.3596223271337;((((((_a6_ * (x * x)) / _a5_) + (_a7_ + x)) + x) * _a5_) * x);{'d0': {'_a5_': 1.0533120343663431, '_a6_': 3.376760878700082, '_a7_': 1.6852892083561621, '_a0_': 1.0, '_a1_': 1.0, '_a2_': 1.0, '_a3_': 1.0, '_a4_': 1.0}};{'d0': 0.0249058329194166};-280.569866449044;42.9253108973884
48112;-97.3596223271337;((((((_a6_ * (x * x)) / _a5_) + (_a7_ + x)) + x) * _a5_) * x);{'d0': {'_a5_': 1.0533120343663431, '_a6_': 3.376760878700082, '_a7_': 1.6852892083561621, '_a0_': 1.0, '_a1_': 1.0, '_a2_': 1.0, '_a3_': 1.0, '_a4_': 1.0}};{'d0': 0.0249058329194166};-280.569866449044;42.9253108973884
48113;-97.3596223271337;((((((_a6_ * (x * x)) / _a5_) + (_a7_ + x)) + x) * _a5_) * x);{'d0': {'_a5_': 1.0533120343663431, '_a6_': 3.376760878700082, '_a7_': 1.6852892083561621, '_a0_': 1.0, '_a1_': 1.0, '_a2_': 1.0, '_a3_': 1.0, '_a4_': 1.0}};{'d0': 0.0249058329194166};-280.569866449044;42.9253108973884
48114;-97.3596223271337;((((((_a6_ * (x * x)) / _a5_) + (_a7_ + x)) + x) * _a5_) * x);{'d0': {'_a5_': 1.0533120343663431, '_a6_': 3.376760878700082, '_a7_': 1.6852892083561621, '_a0_': 1.0, '_a1_': 1.0, '_a2_': 1.0, '_a3_': 1.0, '_a4_': 1.0}};{'d0': 0.0249058329194166};-280.569866449044;42.9253108973884
48115;-97.3596223271337;((((((_a6_ * (x * x)) / _a5_) + (_a7_ + x)) + x) * _a5_) * x);{'d0': {'_a5_': 1.0533120343663431, '_a6_': 3.376760878700082, '_a7_': 1.6852892083561621, '_a0_': 1.0, '_a1_': 1.0, '_a2_': 1.0, '_a3_': 1.0, '_a4_': 1.0}};{'d0': 0.0249058329194166};-280.569866449044;42.9253108973884
48116;-97.3596223271337;((((((_a6_ * (x * x)) / _a5_) + (_a7_ + x)) + x) * _a5_) * x);{'d0': {'_a5_': 1.0533120343663431, '_a6_': 3.376760878700082, '_a7_': 1.6852892083561621, '_a0_': 1.0, '_a1_': 1.0, '_a2_': 1.0, '_a3_': 1.0, '_a4_': 1.0}};{'d0': 0.0249058329194166};-280.569866449044;42.9253108973884
48117;-104.429306858732;((_a2_ + (((x * -(_a6_)) + _a4_) * (x + x))) * x);{'d0': {'_a2_': 1.7751354042824727, '_a4_': 1.0533120337473727, '_a6_': -1.6883804388340398, '_a0_': 1.0, '_a1_': 1.0, '_a3_': 1.0, '_a5_': 1.0, '_a7_': 1.0}};{'d0': 0.024905832919416643};-280.569866449044;35.85562636578937
48118;-104.429306858732;((_a2_ + (((x * -(_a6_)) + _a4_) * (x + x))) * x);{'d0': {'_a2_': 1.7751354042824727, '_a4_': 1.0533120337473727, '_a6_': -1.6883804388340398, '_a0_': 1.0, '_a1_': 1.0, '_a3_': 1.0, '_a5_': 1.0, '_a7_': 1.0}};{'d0': 0.024905832919416643};-280.569866449044;35.85562636578937
48119;-104.429306858732;((_a2_ + (((x * -(_a6_)) + _a4_) * (x + x))) * x);{'d0': {'_a2_': 1.7751354042824727, '_a4_': 1.0533120337473727, '_a6_': -1.6883804388340398, '_a0_': 1.0, '_a1_': 1.0, '_a3_': 1.0, '_a5_': 1.0, '_a7_': 1.0}};{'d0': 0.024905832919416643};-280.569866449044;35.85562636578937
48120;-104.429306858732;((_a2_ + (((x * -(_a6_)) + _a4_) * (x + x))) * x);{'d0': {'_a2_': 1.7751354042824727, '_a4_': 1.0533120337473727, '_a6_': -1.6883804388340398, '_a0_': 1.0, '_a1_': 1.0, '_a3_': 1.0, '_a5_': 1.0, '_a7_': 1.0}};{'d0': 0.024905832919416643};-280.569866449044;35.85562636578937
48121;-104.429306858732;((_a2_ + (((x * -(_a6_)) + _a4_) * (x + x))) * x);{'d0': {'_a2_': 1.7751354042824727, '_a4_': 1.0533120337473727, '_a6_': -1.6883804388340398, '_a0_': 1.0, '_a1_': 1.0, '_a3_': 1.0, '_a5_': 1.0, '_a7_': 1.0}};{'d0': 0.024905832919416643};-280.569866449044;35.85562636578937
48122;-104.429306858732;((_a2_ + (((x * -(_a6_)) + _a4_) * (x + x))) * x);{'d0': {'_a2_': 1.7751354042824727, '_a4_': 1.0533120337473727, '_a6_': -1.6883804388340398, '_a0_': 1.0, '_a1_': 1.0, '_a3_': 1.0, '_a5_': 1.0, '_a7_': 1.0}};{'d0': 0.024905832919416643};-280.569866449044;35.85562636578937
48123;-104.429306858732;((_a2_ + (((x * -(_a6_)) + _a4_) * (x + x))) * x);{'d0': {'_a2_': 1.7751354042824727, '_a4_': 1.0533120337473727, '_a6_': -1.6883804388340398, '_a0_': 1.0, '_a1_': 1.0, '_a3_': 1.0, '_a5_': 1.0, '_a7_': 1.0}};{'d0': 0.024905832919416643};-280.569866449044;35.85562636578937
48124;-104.429306858732;((_a2_ + (((x * -(_a1_)) + _a4_) * (x + x))) * x);{'d0': {'_a1_': -1.688380438654637, '_a2_': 1.7751354046437244, '_a4_': 1.0533120338109954, '_a0_': 1.0, '_a3_': 1.0, '_a5_': 1.0, '_a6_': 1.0, '_a7_': 1.0}};{'d0': 0.02490583291941662};-280.569866449044;35.85562636578937
48125;-104.429306858732;((_a2_ + (((x * -(_a1_)) + _a4_) * (x + x))) * x);{'d0': {'_a1_': -1.688380438654637, '_a2_': 1.7751354046437244, '_a4_': 1.0533120338109954, '_a0_': 1.0, '_a3_': 1.0, '_a5_': 1.0, '_a6_': 1.0, '_a7_': 1.0}};{'d0': 0.02490583291941662};-280.569866449044;35.85562636578937
48126;-104.429306858732;((_a2_ + (((x * -(_a1_)) + _a4_) * (x + x))) * x);{'d0': {'_a1_': -1.688380438654637, '_a2_': 1.7751354046437244, '_a4_': 1.0533120338109954, '_a0_': 1.0, '_a3_': 1.0, '_a5_': 1.0, '_a6_': 1.0, '_a7_': 1.0}};{'d0': 0.02490583291941662};-280.569866449044;35.85562636578937
48127;-104.429306858732;((_a2_ + (((x * -(_a1_)) + _a4_) * (x + x))) * x);{'d0': {'_a1_': -1.688380438654637, '_a2_': 1.7751354046437244, '_a4_': 1.0533120338109954, '_a0_': 1.0, '_a3_': 1.0, '_a5_': 1.0, '_a6_': 1.0, '_a7_': 1.0}};{'d0': 0.02490583291941662};-280.569866449044;35.85562636578937
48128;-104.429306858732;((_a2_ + (((x * -(_a1_)) + _a4_) * (x + x))) * x);{'d0': {'_a1_': -1.688380438654637, '_a2_': 1.7751354046437244, '_a4_': 1.0533120338109954, '_a0_': 1.0, '_a3_': 1.0, '_a5_': 1.0, '_a6_': 1.0, '_a7_': 1.0}};{'d0': 0.02490583291941662};-280.569866449044;35.85562636578937
48129;-104.429306858732;((_a2_ + (((x * -(_a1_)) + _a4_) * (x + x))) * x);{'d0': {'_a1_': -1.688380438654637, '_a2_': 1.7751354046437244, '_a4_': 1.0533120338109954, '_a0_': 1.0, '_a3_': 1.0, '_a5_': 1.0, '_a6_': 1.0, '_a7_': 1.0}};{'d0': 0.02490583291941662};-280.569866449044;35.85562636578937
48130;-104.429306858732;((_a2_ + (((x * -(_a1_)) + _a4_) * (x + x))) * x);{'d0': {'_a1_': -1.688380438654637, '_a2_': 1.7751354046437244, '_a4_': 1.0533120338109954, '_a0_': 1.0, '_a3_': 1.0, '_a5_': 1.0, '_a6_': 1.0, '_a7_': 1.0}};{'d0': 0.02490583291941662};-280.569866449044;35.85562636578937
48131;-97.5351166224425;((((((_a6_ * (x * x)) / _a5_) + pow2(_a4_)) + x) * _a1_) * x);{'d0': {'_a1_': 2.1066240709345996, '_a4_': 0.9179567537975061, '_a5_': 501.60709674978096, '_a6_': 804.0386727817863, '_a0_': 1.0, '_a2_': 1.0, '_a3_': 1.0, '_a7_': 1.0}};{'d0': 0.024905832919416726};-276.475521886821;40.7026443209684
48132;-104.429306858732;((_a2_ + (((x * -(_a1_)) + _a4_) * (x + x))) * x);{'d0': {'_a1_': -1.688380438654637, '_a2_': 1.7751354046437244, '_a4_': 1.0533120338109954, '_a0_': 1.0, '_a3_': 1.0, '_a5_': 1.0, '_a6_': 1.0, '_a7_': 1.0}};{'d0': 0.02490583291941662};-280.569866449044;35.85562636578937
48133;-104.429306858732;((_a2_ + (((x * -(_a1_)) + _a4_) * (x + x))) * x);{'d0': {'_a1_': -1.688380438654637, '_a2_': 1.7751354046437244, '_a4_': 1.0533120338109954, '_a0_': 1.0, '_a3_': 1.0, '_a5_': 1.0, '_a6_': 1.0, '_a7_': 1.0}};{'d0': 0.02490583291941662};-280.569866449044;35.85562636578937
48134;-104.429306858732;((_a2_ + (((x * -(_a1_)) + _a4_) * (x + x))) * x);{'d0': {'_a1_': -1.688380438654637, '_a2_': 1.7751354046437244, '_a4_': 1.0533120338109954, '_a0_': 1.0, '_a3_': 1.0, '_a5_': 1.0, '_a6_': 1.0, '_a7_': 1.0}};{'d0': 0.02490583291941662};-280.569866449044;35.85562636578937
48135;-104.429306858732;((_a2_ + (((x * -(_a1_)) + _a4_) * (x + x))) * x);{'d0': {'_a1_': -1.688380438654637, '_a2_': 1.7751354046437244, '_a4_': 1.0533120338109954, '_a0_': 1.0, '_a3_': 1.0, '_a5_': 1.0, '_a6_': 1.0, '_a7_': 1.0}};{'d0': 0.02490583291941662};-280.569866449044;35.85562636578937
48136;-104.429306858732;((_a2_ + (((x * -(_a1_)) + _a4_) * (x + x))) * x);{'d0': {'_a1_': -1.688380438654637, '_a2_': 1.7751354046437244, '_a4_': 1.0533120338109954, '_a0_': 1.0, '_a3_': 1.0, '_a5_': 1.0, '_a6_': 1.0, '_a7_': 1.0}};{'d0': 0.02490583291941662};-280.569866449044;35.85562636578937
48137;-104.429306858732;((_a2_ + (((x * -(_a1_)) + _a4_) * (x + x))) * x);{'d0': {'_a1_': -1.688380438654637, '_a2_': 1.7751354046437244, '_a4_': 1.0533120338109954, '_a0_': 1.0, '_a3_': 1.0, '_a5_': 1.0, '_a6_': 1.0, '_a7_': 1.0}};{'d0': 0.02490583291941662};-280.569866449044;35.85562636578937
48138;-97.5351166224425;((((((_a6_ * (x * x)) / _a5_) + pow2(_a4_)) + x) * _a1_) * x);{'d0': {'_a1_': 2.1066240709345996, '_a4_': 0.9179567537975061, '_a5_': 501.60709674978096, '_a6_': 804.0386727817863, '_a0_': 1.0, '_a2_': 1.0, '_a3_': 1.0, '_a7_': 1.0}};{'d0': 0.024905832919416726};-276.475521886821;40.7026443209684
48139;-97.5351166224425;((((((_a6_ * (x * x)) / _a5_) + pow2(_a4_)) + x) * _a1_) * x);{'d0': {'_a1_': 2.1066240709345996, '_a4_': 0.9179567537975061, '_a5_': 501.60709674978096, '_a6_': 804.0386727817863, '_a0_': 1.0, '_a2_': 1.0, '_a3_': 1.0, '_a7_': 1.0}};{'d0': 0.024905832919416726};-276.475521886821;40.7026443209684
48140;-97.5351166224425;((((((_a6_ * (x * x)) / _a5_) + pow2(_a4_)) + x) * _a1_) * x);{'d0': {'_a1_': 2.1066240709345996, '_a4_': 0.9179567537975061, '_a5_': 501.60709674978096, '_a6_': 804.0386727817863, '_a0_': 1.0, '_a2_': 1.0, '_a3_': 1.0, '_a7_': 1.0}};{'d0': 0.024905832919416726};-276.475521886821;40.7026443209684
48141;-104.429306858732;((_a2_ + (((x * -(_a1_)) + _a4_) * (x + x))) * x);{'d0': {'_a1_': -1.688380438654637, '_a2_': 1.7751354046437244, '_a4_': 1.0533120338109954, '_a0_': 1.0, '_a3_': 1.0, '_a5_': 1.0, '_a6_': 1.0, '_a7_': 1.0}};{'d0': 0.02490583291941662};-280.569866449044;35.85562636578937
48142;-97.5351166224425;((((((_a6_ * (x * x)) / _a5_) + pow2(_a4_)) + x) * _a1_) * x);{'d0': {'_a1_': 2.1066240709345996, '_a4_': 0.9179567537975061, '_a5_': 501.60709674978096, '_a6_': 804.0386727817863, '_a0_': 1.0, '_a2_': 1.0, '_a3_': 1.0, '_a7_': 1.0}};{'d0': 0.024905832919416726};-276.475521886821;40.7026443209684
48143;-97.5351166224425;((((((_a6_ * (x * x)) / _a5_) + pow2(_a4_)) + x) * _a1_) * x);{'d0': {'_a1_': 2.1066240709345996, '_a4_': 0.9179567537975061, '_a5_': 501.60709674978096, '_a6_': 804.0386727817863, '_a0_': 1.0, '_a2_': 1.0, '_a3_': 1.0, '_a7_': 1.0}};{'d0': 0.024905832919416726};-276.475521886821;40.7026443209684
48144;-97.5351166224425;((((((_a6_ * (x * x)) / _a7_) + pow2(_a4_)) + x) * _a1_) * x);{'d0': {'_a1_': 2.106624069908967, '_a4_': 0.9179567545764098, '_a6_': 1248.1241859096358, '_a7_': 778.6540262099985, '_a0_': 1.0, '_a2_': 1.0, '_a3_': 1.0, '_a5_': 1.0}};{'d0': 0.02490583291941673};-276.475521886821;40.7026443209684
48145;-97.5351166224425;((((((_a6_ * (x * x)) / _a7_) + pow2(_a4_)) + x) * _a1_) * x);{'d0': {'_a1_': 2.106624069908967, '_a4_': 0.9179567545764098, '_a6_': 1248.1241859096358, '_a7_': 778.6540262099985, '_a0_': 1.0, '_a2_': 1.0, '_a3_': 1.0, '_a5_': 1.0}};{'d0': 0.02490583291941673};-276.475521886821;40.7026443209684
48146;-97.5351166224425;((((((_a6_ * (x * x)) / _a7_) + pow2(_a4_)) + x) * _a1_) * x);{'d0': {'_a1_': 2.106624069908967, '_a4_': 0.9179567545764098, '_a6_': 1248.1241859096358, '_a7_': 778.6540262099985, '_a0_': 1.0, '_a2_': 1.0, '_a3_': 1.0, '_a5_': 1.0}};{'d0': 0.02490583291941673};-276.475521886821;40.7026443209684
48147;-97.5351166224425;((((((_a6_ * (x * x)) / _a7_) + pow2(_a4_)) + x) * _a1_) * x);{'d0': {'_a1_': 2.106624069908967, '_a4_': 0.9179567545764098, '_a6_': 1248.1241859096358, '_a7_': 778.6540262099985, '_a0_': 1.0, '_a2_': 1.0, '_a3_': 1.0, '_a5_': 1.0}};{'d0': 0.02490583291941673};-276.475521886821;40.7026443209684
48148;-97.5351166224425;((((((_a6_ * (x * x)) / _a7_) + pow2(_a4_)) + x) * _a1_) * x);{'d0': {'_a1_': 2.106624069908967, '_a4_': 0.9179567545764098, '_a6_': 1248.1241859096358, '_a7_': 778.6540262099985, '_a0_': 1.0, '_a2_': 1.0, '_a3_': 1.0, '_a5_': 1.0}};{'d0': 0.02490583291941673};-276.475521886821;40.7026443209684
48149;-97.5351166224425;((((((_a6_ * (x * x)) / _a7_) + pow2(_a4_)) + x) * _a1_) * x);{'d0': {'_a1_': 2.106624069908967, '_a4_': 0.9179567545764098, '_a6_': 1248.1241859096358, '_a7_': 778.6540262099985, '_a0_': 1.0, '_a2_': 1.0, '_a3_': 1.0, '_a5_': 1.0}};{'d0': 0.02490583291941673};-276.475521886821;40.7026443209684
48150;-97.5351166224425;((((((_a6_ * (x * x)) / _a7_) + pow2(_a4_)) + x) * _a1_) * x);{'d0': {'_a1_': 2.106624069908967, '_a4_': 0.9179567545764098, '_a6_': 1248.1241859096358, '_a7_': 778.6540262099985, '_a0_': 1.0, '_a2_': 1.0, '_a3_': 1.0, '_a5_': 1.0}};{'d0': 0.02490583291941673};-276.475521886821;40.7026443209684
48151;-90.5850883326567;((((((_a6_ * (x * x)) / _a7_) + pow2(_a4_)) + x) * tan(_a6_)) * x);{'d0': {'_a4_': 0.9179567550993087, '_a6_': 1248.3398818631917, '_a7_': 778.7885892741216, '_a0_': 1.0, '_a1_': 1.0, '_a2_': 1.0, '_a3_': 1.0, '_a5_': 1.0}};{'d0': 0.02490583291941662};-280.569866449044;49.6998448918654
48152;-90.5850883326567;((((((_a6_ * (x * x)) / _a7_) + pow2(_a4_)) + x) * tan(_a6_)) * x);{'d0': {'_a4_': 0.9179567550993087, '_a6_': 1248.3398818631917, '_a7_': 778.7885892741216, '_a0_': 1.0, '_a1_': 1.0, '_a2_': 1.0, '_a3_': 1.0, '_a5_': 1.0}};{'d0': 0.02490583291941662};-280.569866449044;49.6998448918654
48153;-90.5850883326567;((((((_a6_ * (x * x)) / _a7_) + pow2(_a4_)) + x) * tan(_a6_)) * x);{'d0': {'_a4_': 0.9179567550993087, '_a6_': 1248.3398818631917, '_a7_': 778.7885892741216, '_a0_': 1.0, '_a1_': 1.0, '_a2_': 1.0, '_a3_': 1.0, '_a5_': 1.0}};{'d0': 0.02490583291941662};-280.569866449044;49.6998448918654
48154;-90.5850883326567;((((((_a6_ * (x * x)) / _a7_) + pow2(_a4_)) + x) * tan(_a6_)) * x);{'d0': {'_a4_': 0.9179567550993087, '_a6_': 1248.3398818631917, '_a7_': 778.7885892741216, '_a0_': 1.0, '_a1_': 1.0, '_a2_': 1.0, '_a3_': 1.0, '_a5_': 1.0}};{'d0': 0.02490583291941662};-280.569866449044;49.6998448918654
48155;-90.5850883326567;((((((_a6_ * (x * x)) / _a7_) + pow2(_a4_)) + x) * tan(_a6_)) * x);{'d0': {'_a4_': 0.9179567550993087, '_a6_': 1248.3398818631917, '_a7_': 778.7885892741216, '_a0_': 1.0, '_a1_': 1.0, '_a2_': 1.0, '_a3_': 1.0, '_a5_': 1.0}};{'d0': 0.02490583291941662};-280.569866449044;49.6998448918654
48156;-90.5850883326567;((((((_a6_ * (x * x)) / _a7_) + pow2(_a4_)) + x) * tan(_a6_)) * x);{'d0': {'_a4_': 0.9179567550993087, '_a6_': 1248.3398818631917, '_a7_': 778.7885892741216, '_a0_': 1.0, '_a1_': 1.0, '_a2_': 1.0, '_a3_': 1.0, '_a5_': 1.0}};{'d0': 0.02490583291941662};-280.569866449044;49.6998448918654
48157;-90.5850883326567;((((((_a6_ * (x * x)) / _a7_) + pow2(_a4_)) + x) * tan(_a6_)) * x);{'d0': {'_a4_': 0.9179567550993087, '_a6_': 1248.3398818631917, '_a7_': 778.7885892741216, '_a0_': 1.0, '_a1_': 1.0, '_a2_': 1.0, '_a3_': 1.0, '_a5_': 1.0}};{'d0': 0.02490583291941662};-280.569866449044;49.6998448918654
48158;-90.5850883326567;((((((_a6_ * (x * x)) / _a7_) + pow2(_a4_)) + x) * tan(_a6_)) * x);{'d0': {'_a4_': 0.9179567550993087, '_a6_': 1248.3398818631917, '_a7_': 778.7885892741216, '_a0_': 1.0, '_a1_': 1.0, '_a2_': 1.0, '_a3_': 1.0, '_a5_': 1.0}};{'d0': 0.02490583291941662};-280.569866449044;49.6998448918654
48159;-90.5850883326567;((((((_a6_ * (x * x)) / _a7_) + pow2(_a4_)) + x) * tan(_a6_)) * x);{'d0': {'_a4_': 0.9179567550993087, '_a6_': 1248.3398818631917, '_a7_': 778.7885892741216, '_a0_': 1.0, '_a1_': 1.0, '_a2_': 1.0, '_a3_': 1.0, '_a5_': 1.0}};{'d0': 0.02490583291941662};-280.569866449044;49.6998448918654
48160;-90.5850883326567;((((((_a6_ * (x * x)) / _a7_) + pow2(_a4_)) + x) * tan(_a6_)) * x);{'d0': {'_a4_': 0.9179567550993087, '_a6_': 1248.3398818631917, '_a7_': 778.7885892741216, '_a0_': 1.0, '_a1_': 1.0, '_a2_': 1.0, '_a3_': 1.0, '_a5_': 1.0}};{'d0': 0.02490583291941662};-280.569866449044;49.6998448918654
48161;-90.5850883326567;((((((_a6_ * (x * x)) / _a7_) + pow2(_a4_)) + x) * tan(_a6_)) * x);{'d0': {'_a4_': 0.9179567550993087, '_a6_': 1248.3398818631917, '_a7_': 778.7885892741216, '_a0_': 1.0, '_a1_': 1.0, '_a2_': 1.0, '_a3_': 1.0, '_a5_': 1.0}};{'d0': 0.02490583291941662};-280.569866449044;49.6998448918654
48162;-90.5850883326567;((((((_a6_ * (x * x)) / _a7_) + pow2(_a4_)) + x) * tan(_a6_)) * x);{'d0': {'_a4_': 0.9179567550993087, '_a6_': 1248.3398818631917, '_a7_': 778.7885892741216, '_a0_': 1.0, '_a1_': 1.0, '_a2_': 1.0, '_a3_': 1.0, '_a5_': 1.0}};{'d0': 0.02490583291941662};-280.569866449044;49.6998448918654
48163;-90.5850883326567;((((((_a6_ * (x * x)) / _a7_) + pow2(_a4_)) + x) * tan(_a6_)) * x);{'d0': {'_a4_': 0.9179567550993087, '_a6_': 1248.3398818631917, '_a7_': 778.7885892741216, '_a0_': 1.0, '_a1_': 1.0, '_a2_': 1.0, '_a3_': 1.0, '_a5_': 1.0}};{'d0': 0.02490583291941662};-280.569866449044;49.6998448918654
48164;-90.5850883326567;((((((_a6_ * (x * x)) / _a7_) + pow2(_a4_)) + x) * tan(_a6_)) * x);{'d0': {'_a4_': 0.9179567550993087, '_a6_': 1248.3398818631917, '_a7_': 778.7885892741216, '_a0_': 1.0, '_a1_': 1.0, '_a2_': 1.0, '_a3_': 1.0, '_a5_': 1.0}};{'d0': 0.02490583291941662};-280.569866449044;49.6998448918654
48165;-90.5850883326567;((((((_a6_ * (x * x)) / _a7_) + pow2(_a4_)) + x) * tan(_a6_)) * x);{'d0': {'_a4_': 0.9179567550993087, '_a6_': 1248.3398818631917, '_a7_': 778.7885892741216, '_a0_': 1.0, '_a1_': 1.0, '_a2_': 1.0, '_a3_': 1.0, '_a5_': 1.0}};{'d0': 0.02490583291941662};-280.569866449044;49.6998448918654
48166;-90.5850883326567;((((((_a6_ * (x * x)) / _a7_) + pow2(_a4_)) + x) * tan(_a6_)) * x);{'d0': {'_a4_': 0.9179567550993087, '_a6_': 1248.3398818631917, '_a7_': 778.7885892741216, '_a0_': 1.0, '_a1_': 1.0, '_a2_': 1.0, '_a3_': 1.0, '_a5_': 1.0}};{'d0': 0.02490583291941662};-280.569866449044;49.6998448918654
48167;-91.3636828872776;((((((_a6_ * (x * x)) * _a7_) + pow2(_a4_)) + x) * tan(_a6_)) * x);{'d0': {'_a4_': 0.917956754933223, '_a6_': 1248.3398818630583, '_a7_': 0.001284045514973306, '_a0_': 1.0, '_a1_': 1.0, '_a2_': 1.0, '_a3_': 1.0, '_a5_': 1.0}};{'d0': 0.024905832919418665};-280.569866449039;48.92125033724201
48168;-91.3636828872776;((((((_a6_ * (x * x)) * _a7_) + pow2(_a4_)) + x) * tan(_a6_)) * x);{'d0': {'_a4_': 0.917956754933223, '_a6_': 1248.3398818630583, '_a7_': 0.001284045514973306, '_a0_': 1.0, '_a1_': 1.0, '_a2_': 1.0, '_a3_': 1.0, '_a5_': 1.0}};{'d0': 0.024905832919418665};-280.569866449039;48.92125033724201
48169;-91.3636828872776;((((((_a6_ * (x * x)) * _a7_) + pow2(_a4_)) + x) * tan(_a6_)) * x);{'d0': {'_a4_': 0.917956754933223, '_a6_': 1248.3398818630583, '_a7_': 0.001284045514973306, '_a0_': 1.0, '_a1_': 1.0, '_a2_': 1.0, '_a3_': 1.0, '_a5_': 1.0}};{'d0': 0.024905832919418665};-280.569866449039;48.92125033724201
48170;-91.3636828872776;((((((_a6_ * (x * x)) * _a7_) + pow2(_a4_)) + x) * tan(_a6_)) * x);{'d0': {'_a4_': 0.917956754933223, '_a6_': 1248.3398818630583, '_a7_': 0.001284045514973306, '_a0_': 1.0, '_a1_': 1.0, '_a2_': 1.0, '_a3_': 1.0, '_a5_': 1.0}};{'d0': 0.024905832919418665};-280.569866449039;48.92125033724201
48171;-91.3636828872776;((((((_a6_ * (x * x)) * _a7_) + pow2(_a4_)) + x) * tan(_a6_)) * x);{'d0': {'_a4_': 0.917956754933223, '_a6_': 1248.3398818630583, '_a7_': 0.001284045514973306, '_a0_': 1.0, '_a1_': 1.0, '_a2_': 1.0, '_a3_': 1.0, '_a5_': 1.0}};{'d0': 0.024905832919418665};-280.569866449039;48.92125033724201
48172;-91.3636828872776;((((((_a6_ * (x * x)) * _a7_) + pow2(_a4_)) + x) * tan(_a6_)) * x);{'d0': {'_a4_': 0.917956754933223, '_a6_': 1248.3398818630583, '_a7_': 0.001284045514973306, '_a0_': 1.0, '_a1_': 1.0, '_a2_': 1.0, '_a3_': 1.0, '_a5_': 1.0}};{'d0': 0.024905832919418665};-280.569866449039;48.92125033724201
48173;-93.7680013957671;((((((_a6_ * (x * x)) * _a7_) + pow2(_a4_)) + x) * pow3(_a6_)) * x);{'d0': {'_a4_': 0.917956755209712, '_a6_': 1.2819242030027485, '_a7_': 1.2504056254206597, '_a0_': 1.0, '_a1_': 1.0, '_a2_': 1.0, '_a3_': 1.0, '_a5_': 1.0}};{'d0': 0.024905832919416556};-280.569866449044;46.516931828755006
48174;-93.7680013957671;((((((_a6_ * (x * x)) * _a7_) + pow2(_a4_)) + x) * pow3(_a6_)) * x);{'d0': {'_a4_': 0.917956755209712, '_a6_': 1.2819242030027485, '_a7_': 1.2504056254206597, '_a0_': 1.0, '_a1_': 1.0, '_a2_': 1.0, '_a3_': 1.0, '_a5_': 1.0}};{'d0': 0.024905832919416556};-280.569866449044;46.516931828755006
48175;-93.7680013957671;((((((_a6_ * (x * x)) * _a7_) + pow2(_a4_)) + x) * pow3(_a6_)) * x);{'d0': {'_a4_': 0.917956755209712, '_a6_': 1.2819242030027485, '_a7_': 1.2504056254206597, '_a0_': 1.0, '_a1_': 1.0, '_a2_': 1.0, '_a3_': 1.0, '_a5_': 1.0}};{'d0': 0.024905832919416556};-280.569866449044;46.516931828755006
48176;-93.7680013957671;((((((_a6_ * (x * x)) * _a7_) + pow2(_a4_)) + x) * pow3(_a6_)) * x);{'d0': {'_a4_': 0.917956755209712, '_a6_': 1.2819242030027485, '_a7_': 1.2504056254206597, '_a0_': 1.0, '_a1_': 1.0, '_a2_': 1.0, '_a3_': 1.0, '_a5_': 1.0}};{'d0': 0.024905832919416556};-280.569866449044;46.516931828755006
48177;-93.7680013957671;((((((_a6_ * (x * x)) * _a7_) + pow2(_a4_)) + x) * pow3(_a6_)) * x);{'d0': {'_a4_': 0.917956755209712, '_a6_': 1.2819242030027485, '_a7_': 1.2504056254206597, '_a0_': 1.0, '_a1_': 1.0, '_a2_': 1.0, '_a3_': 1.0, '_a5_': 1.0}};{'d0': 0.024905832919416556};-280.569866449044;46.516931828755006
48178;-93.7680013957671;((((((_a6_ * (x * x)) * _a7_) + pow2(_a4_)) + x) * pow3(_a6_)) * x);{'d0': {'_a4_': 0.917956755209712, '_a6_': 1.2819242030027485, '_a7_': 1.2504056254206597, '_a0_': 1.0, '_a1_': 1.0, '_a2_': 1.0, '_a3_': 1.0, '_a5_': 1.0}};{'d0': 0.024905832919416556};-280.569866449044;46.516931828755006
48179;-93.7680013957671;((((((_a6_ * (x * x)) * _a7_) + pow2(_a4_)) + x) * pow3(_a6_)) * x);{'d0': {'_a4_': 0.917956755209712, '_a6_': 1.2819242030027485, '_a7_': 1.2504056254206597, '_a0_': 1.0, '_a1_': 1.0, '_a2_': 1.0, '_a3_': 1.0, '_a5_': 1.0}};{'d0': 0.024905832919416556};-280.569866449044;46.516931828755006
48180;-93.7680013957671;((((((_a6_ * (x * x)) * _a7_) + pow2(_a4_)) + x) * pow3(_a6_)) * x);{'d0': {'_a4_': 0.917956755209712, '_a6_': 1.2819242030027485, '_a7_': 1.2504056254206597, '_a0_': 1.0, '_a1_': 1.0, '_a2_': 1.0, '_a3_': 1.0, '_a5_': 1.0}};{'d0': 0.024905832919416556};-280.569866449044;46.516931828755006
48181;-93.7680013957671;((((((_a6_ * (x * x)) * _a7_) + pow2(_a4_)) + x) * pow3(_a6_)) * x);{'d0': {'_a4_': 0.917956755209712, '_a6_': 1.2819242030027485, '_a7_': 1.2504056254206597, '_a0_': 1.0, '_a1_': 1.0, '_a2_': 1.0, '_a3_': 1.0, '_a5_': 1.0}};{'d0': 0.024905832919416556};-280.569866449044;46.516931828755006
48182;-93.7680013957671;((((((_a6_ * (x * x)) * _a7_) + pow2(_a4_)) + x) * pow3(_a6_)) * x);{'d0': {'_a4_': 0.917956755209712, '_a6_': 1.2819242030027485, '_a7_': 1.2504056254206597, '_a0_': 1.0, '_a1_': 1.0, '_a2_': 1.0, '_a3_': 1.0, '_a5_': 1.0}};{'d0': 0.024905832919416556};-280.569866449044;46.516931828755006
48183;-93.7680013957671;((((((_a6_ * (x * x)) * _a7_) + pow2(_a4_)) + x) * pow3(_a6_)) * x);{'d0': {'_a4_': 0.917956755209712, '_a6_': 1.2819242030027485, '_a7_': 1.2504056254206597, '_a0_': 1.0, '_a1_': 1.0, '_a2_': 1.0, '_a3_': 1.0, '_a5_': 1.0}};{'d0': 0.024905832919416556};-280.569866449044;46.516931828755006
48184;-93.7680013957671;((((((_a6_ * (x * x)) * _a7_) + pow2(_a4_)) + x) * pow3(_a6_)) * x);{'d0': {'_a4_': 0.917956755209712, '_a6_': 1.2819242030027485, '_a7_': 1.2504056254206597, '_a0_': 1.0, '_a1_': 1.0, '_a2_': 1.0, '_a3_': 1.0, '_a5_': 1.0}};{'d0': 0.024905832919416556};-280.569866449044;46.516931828755006
48185;-93.7680013957671;((((((_a6_ * (x * x)) * _a7_) + pow2(_a4_)) + x) * pow3(_a6_)) * x);{'d0': {'_a4_': 0.917956755209712, '_a6_': 1.2819242030027485, '_a7_': 1.2504056254206597, '_a0_': 1.0, '_a1_': 1.0, '_a2_': 1.0, '_a3_': 1.0, '_a5_': 1.0}};{'d0': 0.024905832919416556};-280.569866449044;46.516931828755006
48186;-92.9830018253065;(((_a3_ * (-((_a5_ + (x * pow2((_a3_ * _a1_))))) * x)) + pow2(_a3_)) * x);{'d0': {'_a1_': 1.1948861832350617, '_a3_': -1.3323420748477868, '_a5_': 1.581143541905704, '_a0_': 1.0, '_a2_': 1.0, '_a4_': 1.0, '_a6_': 1.0, '_a7_': 1.0}};{'d0': 0.02490583291941668};-280.569866449043;47.30193139921529
48187;-92.9830018253065;(((_a3_ * (-((_a5_ + (x * pow2((_a3_ * _a1_))))) * x)) + pow2(_a3_)) * x);{'d0': {'_a1_': 1.1948861832350617, '_a3_': -1.3323420748477868, '_a5_': 1.581143541905704, '_a0_': 1.0, '_a2_': 1.0, '_a4_': 1.0, '_a6_': 1.0, '_a7_': 1.0}};{'d0': 0.02490583291941668};-280.569866449043;47.30193139921529
48188;-92.9830018253065;(((_a3_ * (-((_a0_ + (x * pow2((_a3_ * _a1_))))) * x)) + pow2(_a3_)) * x);{'d0': {'_a0_': 1.5811435432111018, '_a1_': 1.1948861838484865, '_a3_': -1.332342074693061, '_a2_': 1.0, '_a4_': 1.0, '_a5_': 1.0, '_a6_': 1.0, '_a7_': 1.0}};{'d0': 0.024905832919416657};-280.569866449044;47.30193139921529
48189;-92.9830018253065;(((_a3_ * (-((_a0_ + (x * pow2((_a3_ * _a1_))))) * x)) + pow2(_a3_)) * x);{'d0': {'_a0_': 1.5811435432111018, '_a1_': 1.1948861838484865, '_a3_': -1.332342074693061, '_a2_': 1.0, '_a4_': 1.0, '_a5_': 1.0, '_a6_': 1.0, '_a7_': 1.0}};{'d0': 0.024905832919416657};-280.569866449044;47.30193139921529
48190;-92.9830018253065;(((_a3_ * (-((_a0_ + (x * pow2((_a3_ * _a1_))))) * x)) + pow2(_a3_)) * x);{'d0': {'_a0_': 1.5811435432111018, '_a1_': 1.1948861838484865, '_a3_': -1.332342074693061, '_a2_': 1.0, '_a4_': 1.0, '_a5_': 1.0, '_a6_': 1.0, '_a7_': 1.0}};{'d0': 0.024905832919416657};-280.569866449044;47.30193139921529
48191;-92.9830018253065;(((_a3_ * (-((_a0_ + (x * pow2((_a3_ * _a1_))))) * x)) + pow2(_a3_)) * x);{'d0': {'_a0_': 1.5811435432111018, '_a1_': 1.1948861838484865, '_a3_': -1.332342074693061, '_a2_': 1.0, '_a4_': 1.0, '_a5_': 1.0, '_a6_': 1.0, '_a7_': 1.0}};{'d0': 0.024905832919416657};-280.569866449044;47.30193139921529
48192;-92.9830018253065;(((_a3_ * (-((_a0_ + (x * pow2((_a3_ * _a1_))))) * x)) + pow2(_a3_)) * x);{'d0': {'_a0_': 1.5811435432111018, '_a1_': 1.1948861838484865, '_a3_': -1.332342074693061, '_a2_': 1.0, '_a4_': 1.0, '_a5_': 1.0, '_a6_': 1.0, '_a7_': 1.0}};{'d0': 0.024905832919416657};-280.569866449044;47.30193139921529
48193;-92.9830018253065;(((_a3_ * (-((_a0_ + (x * pow2((_a3_ * _a1_))))) * x)) + pow2(_a3_)) * x);{'d0': {'_a0_': 1.5811435432111018, '_a1_': 1.1948861838484865, '_a3_': -1.332342074693061, '_a2_': 1.0, '_a4_': 1.0, '_a5_': 1.0, '_a6_': 1.0, '_a7_': 1.0}};{'d0': 0.024905832919416657};-280.569866449044;47.30193139921529
48194;-92.9830018253065;(((_a3_ * (-((_a0_ + (x * pow2((_a3_ * _a1_))))) * x)) + pow2(_a3_)) * x);{'d0': {'_a0_': 1.5811435432111018, '_a1_': 1.1948861838484865, '_a3_': -1.332342074693061, '_a2_': 1.0, '_a4_': 1.0, '_a5_': 1.0, '_a6_': 1.0, '_a7_': 1.0}};{'d0': 0.024905832919416657};-280.569866449044;47.30193139921529
48195;-92.9830018253065;(((_a3_ * (-((_a0_ + (x * pow2((_a3_ * _a1_))))) * x)) + pow2(_a3_)) * x);{'d0': {'_a0_': 1.5811435432111018, '_a1_': 1.1948861838484865, '_a3_': -1.332342074693061, '_a2_': 1.0, '_a4_': 1.0, '_a5_': 1.0, '_a6_': 1.0, '_a7_': 1.0}};{'d0': 0.024905832919416657};-280.569866449044;47.30193139921529
48196;-92.9830018253065;(((_a3_ * (-((_a0_ + (x * pow2((_a3_ * _a1_))))) * x)) + pow2(_a3_)) * x);{'d0': {'_a0_': 1.5811435432111018, '_a1_': 1.1948861838484865, '_a3_': -1.332342074693061, '_a2_': 1.0, '_a4_': 1.0, '_a5_': 1.0, '_a6_': 1.0, '_a7_': 1.0}};{'d0': 0.024905832919416657};-280.569866449044;47.30193139921529
48197;-92.9830018253065;(((_a3_ * (-((_a0_ + (x * pow2((_a3_ * _a1_))))) * x)) + pow2(_a3_)) * x);{'d0': {'_a0_': 1.5811435432111018, '_a1_': 1.1948861838484865, '_a3_': -1.332342074693061, '_a2_': 1.0, '_a4_': 1.0, '_a5_': 1.0, '_a6_': 1.0, '_a7_': 1.0}};{'d0': 0.024905832919416657};-280.569866449044;47.30193139921529
48198;-101.702633509695;(((pow2(_a3_) * _a3_) + ((_a6_ * (-(_a1_) + x)) * x)) * x);{'d0': {'_a1_': -0.6238594155197549, '_a3_': 1.2108132419849875, '_a6_': 3.3767608791163126, '_a0_': 1.0, '_a2_': 1.0, '_a4_': 1.0, '_a5_': 1.0, '_a7_': 1.0}};{'d0': 0.024905832919416632};-280.569866449044;38.58229971482648
48199;-101.702633509695;(((pow2(_a3_) * _a3_) + ((_a6_ * (-(_a1_) + x)) * x)) * x);{'d0': {'_a1_': -0.6238594155197549, '_a3_': 1.2108132419849875, '_a6_': 3.3767608791163126, '_a0_': 1.0, '_a2_': 1.0, '_a4_': 1.0, '_a5_': 1.0, '_a7_': 1.0}};{'d0': 0.024905832919416632};-280.569866449044;38.58229971482648
48200;-101.702633509695;(((pow2(_a3_) * _a3_) + ((_a6_ * (-(_a1_) + x)) * x)) * x);{'d0': {'_a1_': -0.6238594155197549, '_a3_': 1.2108132419849875, '_a6_': 3.3767608791163126, '_a0_': 1.0, '_a2_': 1.0, '_a4_': 1.0, '_a5_': 1.0, '_a7_': 1.0}};{'d0': 0.024905832919416632};-280.569866449044;38.58229971482648
48201;-101.702633509695;(((pow2(_a3_) * _a3_) + ((_a6_ * (-(_a1_) + x)) * x)) * x);{'d0': {'_a1_': -0.6238594155197549, '_a3_': 1.2108132419849875, '_a6_': 3.3767608791163126, '_a0_': 1.0, '_a2_': 1.0, '_a4_': 1.0, '_a5_': 1.0, '_a7_': 1.0}};{'d0': 0.024905832919416632};-280.569866449044;38.58229971482648
48202;-101.702633509695;(((pow2(_a3_) * _a3_) + ((_a6_ * (-(_a1_) + x)) * x)) * x);{'d0': {'_a1_': -0.6238594155197549, '_a3_': 1.2108132419849875, '_a6_': 3.3767608791163126, '_a0_': 1.0, '_a2_': 1.0, '_a4_': 1.0, '_a5_': 1.0, '_a7_': 1.0}};{'d0': 0.024905832919416632};-280.569866449044;38.58229971482648
48203;-101.702633509695;(((pow2(_a3_) * _a3_) + ((_a6_ * (-(_a1_) + x)) * x)) * x);{'d0': {'_a1_': -0.6238594155197549, '_a3_': 1.2108132419849875, '_a6_': 3.3767608791163126, '_a0_': 1.0, '_a2_': 1.0, '_a4_': 1.0, '_a5_': 1.0, '_a7_': 1.0}};{'d0': 0.024905832919416632};-280.569866449044;38.58229971482648
48204;-101.702633509695;(((pow2(_a3_) * _a3_) + ((_a6_ * (-(_a1_) + x)) * x)) * x);{'d0': {'_a1_': -0.6238594155197549, '_a3_': 1.2108132419849875, '_a6_': 3.3767608791163126, '_a0_': 1.0, '_a2_': 1.0, '_a4_': 1.0, '_a5_': 1.0, '_a7_': 1.0}};{'d0': 0.024905832919416632};-280.569866449044;38.58229971482648
48205;-101.702633509695;(((pow2(_a3_) * _a3_) + ((_a6_ * (-(_a1_) + x)) * x)) * x);{'d0': {'_a1_': -0.6238594155197549, '_a3_': 1.2108132419849875, '_a6_': 3.3767608791163126, '_a0_': 1.0, '_a2_': 1.0, '_a4_': 1.0, '_a5_': 1.0, '_a7_': 1.0}};{'d0': 0.024905832919416632};-280.569866449044;38.58229971482648
48206;-92.9830018253065;(((_a3_ * (-((_a0_ + (x * pow2((_a3_ * _a1_))))) * x)) + pow2(_a3_)) * x);{'d0': {'_a0_': 1.5811435432111018, '_a1_': 1.1948861838484865, '_a3_': -1.332342074693061, '_a2_': 1.0, '_a4_': 1.0, '_a5_': 1.0, '_a6_': 1.0, '_a7_': 1.0}};{'d0': 0.024905832919416657};-280.569866449044;47.30193139921529
48207;-101.702633509695;(((pow2(_a3_) * _a3_) + ((_a6_ * (-(_a1_) + x)) * x)) * x);{'d0': {'_a1_': -0.6238594155197549, '_a3_': 1.2108132419849875, '_a6_': 3.3767608791163126, '_a0_': 1.0, '_a2_': 1.0, '_a4_': 1.0, '_a5_': 1.0, '_a7_': 1.0}};{'d0': 0.024905832919416632};-280.569866449044;38.58229971482648
48208;-101.702633509695;(((pow2(_a3_) * _a3_) + ((_a6_ * (-(_a1_) + x)) * x)) * x);{'d0': {'_a1_': -0.6238594155197549, '_a3_': 1.2108132419849875, '_a6_': 3.3767608791163126, '_a0_': 1.0, '_a2_': 1.0, '_a4_': 1.0, '_a5_': 1.0, '_a7_': 1.0}};{'d0': 0.024905832919416632};-280.569866449044;38.58229971482648
48209;-101.702633509695;(((pow2(_a3_) * _a3_) + ((_a2_ * (-(_a1_) + x)) * x)) * x);{'d0': {'_a1_': -0.6238594154970918, '_a2_': 3.3767608794961252, '_a3_': 1.2108132419647402, '_a0_': 1.0, '_a4_': 1.0, '_a5_': 1.0, '_a6_': 1.0, '_a7_': 1.0}};{'d0': 0.024905832919416632};-280.569866449044;38.58229971482648
48210;-101.702633509695;(((pow2(_a3_) * _a3_) + ((_a2_ * (-(_a1_) + x)) * x)) * x);{'d0': {'_a1_': -0.6238594154970918, '_a2_': 3.3767608794961252, '_a3_': 1.2108132419647402, '_a0_': 1.0, '_a4_': 1.0, '_a5_': 1.0, '_a6_': 1.0, '_a7_': 1.0}};{'d0': 0.024905832919416632};-280.569866449044;38.58229971482648
48211;-101.702633509695;(((pow2(_a3_) * _a3_) + ((_a2_ * (-(_a1_) + x)) * x)) * x);{'d0': {'_a1_': -0.6238594154970918, '_a2_': 3.3767608794961252, '_a3_': 1.2108132419647402, '_a0_': 1.0, '_a4_': 1.0, '_a5_': 1.0, '_a6_': 1.0, '_a7_': 1.0}};{'d0': 0.024905832919416632};-280.569866449044;38.58229971482648
48212;-92.9830018253064;(((_a3_ * (-((_a0_ + (x * pow2((_a3_ * _a5_))))) * x)) + pow2(_a3_)) * x);{'d0': {'_a0_': 1.5811435416476785, '_a3_': -1.3323420749152626, '_a5_': 1.1948861830487567, '_a1_': 1.0, '_a2_': 1.0, '_a4_': 1.0, '_a6_': 1.0, '_a7_': 1.0}};{'d0': 0.024905832919416726};-280.569866449043;47.30193139921529
48213;-89.3025495870454;(((-(_a5_) * (-((_a0_ + (x * pow2((_a3_ * _a5_))))) * x)) + pow2(_a3_)) * x);{'d0': {'_a0_': 1.7001899105491307, '_a3_': -1.3323420747538464, '_a5_': 1.2390522119428682, '_a1_': 1.0, '_a2_': 1.0, '_a4_': 1.0, '_a6_': 1.0, '_a7_': 1.0}};{'d0': 0.024905832919416643};-280.569866449044;50.98238363747646
48214;-89.3025495870454;(((-(_a5_) * (-((_a0_ + (x * pow2((_a3_ * _a5_))))) * x)) + pow2(_a3_)) * x);{'d0': {'_a0_': 1.7001899105491307, '_a3_': -1.3323420747538464, '_a5_': 1.2390522119428682, '_a1_': 1.0, '_a2_': 1.0, '_a4_': 1.0, '_a6_': 1.0, '_a7_': 1.0}};{'d0': 0.024905832919416643};-280.569866449044;50.98238363747646
48215;-89.3025495870454;(((-(_a5_) * (-((_a0_ + (x * pow2((_a3_ * _a5_))))) * x)) + pow2(_a3_)) * x);{'d0': {'_a0_': 1.7001899105491307, '_a3_': -1.3323420747538464, '_a5_': 1.2390522119428682, '_a1_': 1.0, '_a2_': 1.0, '_a4_': 1.0, '_a6_': 1.0, '_a7_': 1.0}};{'d0': 0.024905832919416643};-280.569866449044;50.98238363747646
48216;-89.3025495870454;(((-(_a5_) * (-((_a0_ + (x * pow2((_a3_ * _a5_))))) * x)) + pow2(_a3_)) * x);{'d0': {'_a0_': 1.7001899105491307, '_a3_': -1.3323420747538464, '_a5_': 1.2390522119428682, '_a1_': 1.0, '_a2_': 1.0, '_a4_': 1.0, '_a6_': 1.0, '_a7_': 1.0}};{'d0': 0.024905832919416643};-280.569866449044;50.98238363747646
48217;-89.3025495870454;(((-(_a5_) * (-((_a0_ + (x * pow2((_a3_ * _a5_))))) * x)) + pow2(_a3_)) * x);{'d0': {'_a0_': 1.7001899105491307, '_a3_': -1.3323420747538464, '_a5_': 1.2390522119428682, '_a1_': 1.0, '_a2_': 1.0, '_a4_': 1.0, '_a6_': 1.0, '_a7_': 1.0}};{'d0': 0.024905832919416643};-280.569866449044;50.98238363747646
48218;-85.8592572802158;(((-(_a5_) * (-((_a0_ + (x * pow2((_a3_ * _a5_))))) * x)) + (_a2_ * _a5_)) * x);{'d0': {'_a0_': 1.8331900718934677, '_a2_': 1.544727722734199, '_a3_': -1.491697747480321, '_a5_': 1.149157456111037, '_a1_': 1.0, '_a4_': 1.0, '_a6_': 1.0, '_a7_': 1.0}};{'d0': 0.02490583291960553};-276.475521886366;52.37850366296746
48219;-85.8592572802158;(((-(_a5_) * (-((_a0_ + (x * pow2((_a3_ * _a5_))))) * x)) + (_a2_ * _a5_)) * x);{'d0': {'_a0_': 1.8331900718934677, '_a2_': 1.544727722734199, '_a3_': -1.491697747480321, '_a5_': 1.149157456111037, '_a1_': 1.0, '_a4_': 1.0, '_a6_': 1.0, '_a7_': 1.0}};{'d0': 0.02490583291960553};-276.475521886366;52.37850366296746
48220;-85.8592572802158;(((-(_a5_) * (-((_a0_ + (x * pow2((_a3_ * _a5_))))) * x)) + (_a2_ * _a5_)) * x);{'d0': {'_a0_': 1.8331900718934677, '_a2_': 1.544727722734199, '_a3_': -1.491697747480321, '_a5_': 1.149157456111037, '_a1_': 1.0, '_a4_': 1.0, '_a6_': 1.0, '_a7_': 1.0}};{'d0': 0.02490583291960553};-276.475521886366;52.37850366296746
48221;-85.8592572802158;(((-(_a5_) * (-((_a0_ + (x * pow2((_a3_ * _a5_))))) * x)) + (_a2_ * _a5_)) * x);{'d0': {'_a0_': 1.8331900718934677, '_a2_': 1.544727722734199, '_a3_': -1.491697747480321, '_a5_': 1.149157456111037, '_a1_': 1.0, '_a4_': 1.0, '_a6_': 1.0, '_a7_': 1.0}};{'d0': 0.02490583291960553};-276.475521886366;52.37850366296746
48222;-85.8592572802158;(((-(_a5_) * (-((_a0_ + (x * pow2((_a3_ * _a5_))))) * x)) + (_a2_ * _a5_)) * x);{'d0': {'_a0_': 1.8331900718934677, '_a2_': 1.544727722734199, '_a3_': -1.491697747480321, '_a5_': 1.149157456111037, '_a1_': 1.0, '_a4_': 1.0, '_a6_': 1.0, '_a7_': 1.0}};{'d0': 0.02490583291960553};-276.475521886366;52.37850366296746
48223;-85.8592572802158;(((-(_a5_) * (-((_a0_ + (x * pow2((_a3_ * _a5_))))) * x)) + (_a2_ * _a5_)) * x);{'d0': {'_a0_': 1.8331900718934677, '_a2_': 1.544727722734199, '_a3_': -1.491697747480321, '_a5_': 1.149157456111037, '_a1_': 1.0, '_a4_': 1.0, '_a6_': 1.0, '_a7_': 1.0}};{'d0': 0.02490583291960553};-276.475521886366;52.37850366296746
48224;-85.8592572802158;(((-(_a5_) * (-((_a0_ + (x * pow2((_a3_ * _a5_))))) * x)) + (_a2_ * _a5_)) * x);{'d0': {'_a0_': 1.8331900718934677, '_a2_': 1.544727722734199, '_a3_': -1.491697747480321, '_a5_': 1.149157456111037, '_a1_': 1.0, '_a4_': 1.0, '_a6_': 1.0, '_a7_': 1.0}};{'d0': 0.02490583291960553};-276.475521886366;52.37850366296746
48225;-85.8592572802158;(((-(_a5_) * (-((_a0_ + (x * pow2((_a3_ * _a5_))))) * x)) + (_a2_ * _a5_)) * x);{'d0': {'_a0_': 1.8331900718934677, '_a2_': 1.544727722734199, '_a3_': -1.491697747480321, '_a5_': 1.149157456111037, '_a1_': 1.0, '_a4_': 1.0, '_a6_': 1.0, '_a7_': 1.0}};{'d0': 0.02490583291960553};-276.475521886366;52.37850366296746
48226;-85.8592572802158;(((-(_a5_) * (-((_a0_ + (x * pow2((_a3_ * _a5_))))) * x)) + (_a2_ * _a5_)) * x);{'d0': {'_a0_': 1.8331900718934677, '_a2_': 1.544727722734199, '_a3_': -1.491697747480321, '_a5_': 1.149157456111037, '_a1_': 1.0, '_a4_': 1.0, '_a6_': 1.0, '_a7_': 1.0}};{'d0': 0.02490583291960553};-276.475521886366;52.37850366296746
48227;-85.8592572802158;(((-(_a5_) * (-((_a0_ + (x * pow2((_a3_ * _a5_))))) * x)) + (_a2_ * _a5_)) * x);{'d0': {'_a0_': 1.8331900718934677, '_a2_': 1.544727722734199, '_a3_': -1.491697747480321, '_a5_': 1.149157456111037, '_a1_': 1.0, '_a4_': 1.0, '_a6_': 1.0, '_a7_': 1.0}};{'d0': 0.02490583291960553};-276.475521886366;52.37850366296746
48228;-85.8592572802158;(((-(_a5_) * (-((_a0_ + (x * pow2((_a3_ * _a5_))))) * x)) + (_a2_ * _a5_)) * x);{'d0': {'_a0_': 1.8331900718934677, '_a2_': 1.544727722734199, '_a3_': -1.491697747480321, '_a5_': 1.149157456111037, '_a1_': 1.0, '_a4_': 1.0, '_a6_': 1.0, '_a7_': 1.0}};{'d0': 0.02490583291960553};-276.475521886366;52.37850366296746
48229;-85.8592572802158;(((-(_a5_) * (-((_a0_ + (x * pow2((_a3_ * _a5_))))) * x)) + (_a2_ * _a5_)) * x);{'d0': {'_a0_': 1.8331900718934677, '_a2_': 1.544727722734199, '_a3_': -1.491697747480321, '_a5_': 1.149157456111037, '_a1_': 1.0, '_a4_': 1.0, '_a6_': 1.0, '_a7_': 1.0}};{'d0': 0.02490583291960553};-276.475521886366;52.37850366296746
48230;-85.8592572802158;(((-(_a5_) * (-((_a0_ + (x * pow2((_a3_ * _a5_))))) * x)) + (_a2_ * _a5_)) * x);{'d0': {'_a0_': 1.8331900718934677, '_a2_': 1.544727722734199, '_a3_': -1.491697747480321, '_a5_': 1.149157456111037, '_a1_': 1.0, '_a4_': 1.0, '_a6_': 1.0, '_a7_': 1.0}};{'d0': 0.02490583291960553};-276.475521886366;52.37850366296746
48231;-85.8592572802158;(((-(_a5_) * (-((_a0_ + (x * pow2((_a3_ * _a5_))))) * x)) + (_a2_ * _a5_)) * x);{'d0': {'_a0_': 1.8331900718934677, '_a2_': 1.544727722734199, '_a3_': -1.491697747480321, '_a5_': 1.149157456111037, '_a1_': 1.0, '_a4_': 1.0, '_a6_': 1.0, '_a7_': 1.0}};{'d0': 0.02490583291960553};-276.475521886366;52.37850366296746
48232;-85.8592572802158;(((-(_a5_) * (-((_a0_ + (x * pow2((_a3_ * _a5_))))) * x)) + (_a2_ * _a5_)) * x);{'d0': {'_a0_': 1.8331900718934677, '_a2_': 1.544727722734199, '_a3_': -1.491697747480321, '_a5_': 1.149157456111037, '_a1_': 1.0, '_a4_': 1.0, '_a6_': 1.0, '_a7_': 1.0}};{'d0': 0.02490583291960553};-276.475521886366;52.37850366296746
48233;-85.8592572802158;(((-(_a5_) * (-((_a0_ + (x * pow2((_a3_ * _a5_))))) * x)) + (_a2_ * _a5_)) * x);{'d0': {'_a0_': 1.8331900718934677, '_a2_': 1.544727722734199, '_a3_': -1.491697747480321, '_a5_': 1.149157456111037, '_a1_': 1.0, '_a4_': 1.0, '_a6_': 1.0, '_a7_': 1.0}};{'d0': 0.02490583291960553};-276.475521886366;52.37850366296746
48234;-85.8592572802158;(((-(_a5_) * (-((_a0_ + (x * pow2((_a3_ * _a5_))))) * x)) + (_a2_ * _a5_)) * x);{'d0': {'_a0_': 1.8331900718934677, '_a2_': 1.544727722734199, '_a3_': -1.491697747480321, '_a5_': 1.149157456111037, '_a1_': 1.0, '_a4_': 1.0, '_a6_': 1.0, '_a7_': 1.0}};{'d0': 0.02490583291960553};-276.475521886366;52.37850366296746
48235;-85.8592572802158;(((-(_a5_) * (-((_a0_ + (x * pow2((_a3_ * _a5_))))) * x)) + (_a2_ * _a5_)) * x);{'d0': {'_a0_': 1.8331900718934677, '_a2_': 1.544727722734199, '_a3_': -1.491697747480321, '_a5_': 1.149157456111037, '_a1_': 1.0, '_a4_': 1.0, '_a6_': 1.0, '_a7_': 1.0}};{'d0': 0.02490583291960553};-276.475521886366;52.37850366296746
48236;-85.8592572802158;(((-(_a5_) * (-((_a0_ + (x * pow2((_a3_ * _a5_))))) * x)) + (_a2_ * _a5_)) * x);{'d0': {'_a0_': 1.8331900718934677, '_a2_': 1.544727722734199, '_a3_': -1.491697747480321, '_a5_': 1.149157456111037, '_a1_': 1.0, '_a4_': 1.0, '_a6_': 1.0, '_a7_': 1.0}};{'d0': 0.02490583291960553};-276.475521886366;52.37850366296746
48237;-90.9533117784581;(((-(_a5_) * (-((_a0_ + (x * pow2(_a1_)))) * x)) + (_a2_ * _a5_)) * x);{'d0': {'_a0_': 2.0214036282847525, '_a1_': 1.800044142405789, '_a2_': 1.7033248616337369, '_a5_': 1.0421590036825406, '_a3_': 1.0, '_a4_': 1.0, '_a6_': 1.0, '_a7_': 1.0}};{'d0': 0.02490583291948825};-276.475521886649;47.28444916486646
48238;-93.0004840596554;(((-(_a5_) * (-((_a5_ + (x * pow2(_a1_)))) * x)) + (_a2_ * _a5_)) * x);{'d0': {'_a1_': 1.5252934082412088, '_a2_': 1.223032407691462, '_a5_': 1.45142139576146, '_a0_': 1.0, '_a3_': 1.0, '_a4_': 1.0, '_a6_': 1.0, '_a7_': 1.0}};{'d0': 0.02490583291941663};-280.569866449044;47.28444916486646
48239;-93.0004840596554;(((-(_a5_) * (-((_a5_ + (x * pow2(_a1_)))) * x)) + (_a2_ * _a5_)) * x);{'d0': {'_a1_': 1.5252934082412088, '_a2_': 1.223032407691462, '_a5_': 1.45142139576146, '_a0_': 1.0, '_a3_': 1.0, '_a4_': 1.0, '_a6_': 1.0, '_a7_': 1.0}};{'d0': 0.02490583291941663};-280.569866449044;47.28444916486646
48240;-93.0004840596554;(((-(_a5_) * (-((_a5_ + (x * pow2(_a1_)))) * x)) + (_a2_ * _a5_)) * x);{'d0': {'_a1_': 1.5252934082412088, '_a2_': 1.223032407691462, '_a5_': 1.45142139576146, '_a0_': 1.0, '_a3_': 1.0, '_a4_': 1.0, '_a6_': 1.0, '_a7_': 1.0}};{'d0': 0.02490583291941663};-280.569866449044;47.28444916486646
48241;-93.0004840596554;(((-(_a5_) * (-((_a5_ + (x * pow2(_a1_)))) * x)) + (_a2_ * _a5_)) * x);{'d0': {'_a1_': 1.5252934082412088, '_a2_': 1.223032407691462, '_a5_': 1.45142139576146, '_a0_': 1.0, '_a3_': 1.0, '_a4_': 1.0, '_a6_': 1.0, '_a7_': 1.0}};{'d0': 0.02490583291941663};-280.569866449044;47.28444916486646
48242;-94.3412239551724;(((-(_a5_) * (-((_a5_ + (x * pow2(_a1_)))) * x)) + -(_a6_)) * x);{'d0': {'_a1_': 1.5252934082512595, '_a5_': 1.4514213957604671, '_a6_': -1.7751354042094662, '_a0_': 1.0, '_a2_': 1.0, '_a3_': 1.0, '_a4_': 1.0, '_a7_': 1.0}};{'d0': 0.02490583291941663};-280.569866449044;45.943709269349405
48243;-94.3412239551724;(((-(_a5_) * (-((_a5_ + (x * pow2(_a1_)))) * x)) + -(_a6_)) * x);{'d0': {'_a1_': 1.5252934082512595, '_a5_': 1.4514213957604671, '_a6_': -1.7751354042094662, '_a0_': 1.0, '_a2_': 1.0, '_a3_': 1.0, '_a4_': 1.0, '_a7_': 1.0}};{'d0': 0.02490583291941663};-280.569866449044;45.943709269349405
48244;-98.0221812714344;(((-(_a5_) * (-((_a5_ + (x * pow2(_a1_)))) * x)) + _a3_) * x);{'d0': {'_a1_': 1.5252934081568883, '_a3_': 1.775135404318495, '_a5_': 1.4514213955282302, '_a0_': 1.0, '_a2_': 1.0, '_a4_': 1.0, '_a6_': 1.0, '_a7_': 1.0}};{'d0': 0.024905832919416605};-280.569866449044;42.26275195308745
48245;-98.0221812714344;(((-(_a5_) * (-((_a5_ + (x * pow2(_a1_)))) * x)) + _a3_) * x);{'d0': {'_a1_': 1.5252934081568883, '_a3_': 1.775135404318495, '_a5_': 1.4514213955282302, '_a0_': 1.0, '_a2_': 1.0, '_a4_': 1.0, '_a6_': 1.0, '_a7_': 1.0}};{'d0': 0.024905832919416605};-280.569866449044;42.26275195308745
48246;-98.0221812714344;(((-(_a5_) * (-((_a5_ + (x * pow2(_a1_)))) * x)) + _a3_) * x);{'d0': {'_a1_': 1.5252934081568883, '_a3_': 1.775135404318495, '_a5_': 1.4514213955282302, '_a0_': 1.0, '_a2_': 1.0, '_a4_': 1.0, '_a6_': 1.0, '_a7_': 1.0}};{'d0': 0.024905832919416605};-280.569866449044;42.26275195308745
48247;-101.720115744044;(((-(_a5_) * (-((_a5_ + (x * _a7_))) * x)) + _a3_) * x);{'d0': {'_a3_': 1.7751354041648253, '_a5_': 1.4514213962030986, '_a7_': 2.3265199816908475, '_a0_': 1.0, '_a1_': 1.0, '_a2_': 1.0, '_a4_': 1.0, '_a6_': 1.0}};{'d0': 0.024905832919416664};-280.569866449044;38.56481748047745
48248;-101.720115744044;(((-(_a5_) * (-((_a5_ + (x * _a7_))) * x)) + _a3_) * x);{'d0': {'_a3_': 1.7751354041648253, '_a5_': 1.4514213962030986, '_a7_': 2.3265199816908475, '_a0_': 1.0, '_a1_': 1.0, '_a2_': 1.0, '_a4_': 1.0, '_a6_': 1.0}};{'d0': 0.024905832919416664};-280.569866449044;38.56481748047745
48249;-101.720115744044;(((-(_a5_) * (-((_a5_ + (x * _a7_))) * x)) + _a3_) * x);{'d0': {'_a3_': 1.7751354041648253, '_a5_': 1.4514213962030986, '_a7_': 2.3265199816908475, '_a0_': 1.0, '_a1_': 1.0, '_a2_': 1.0, '_a4_': 1.0, '_a6_': 1.0}};{'d0': 0.024905832919416664};-280.569866449044;38.56481748047745
48250;-101.720115744044;(((-(_a5_) * (-((_a5_ + (x * _a7_))) * x)) + _a3_) * x);{'d0': {'_a3_': 1.7751354041648253, '_a5_': 1.4514213962030986, '_a7_': 2.3265199816908475, '_a0_': 1.0, '_a1_': 1.0, '_a2_': 1.0, '_a4_': 1.0, '_a6_': 1.0}};{'d0': 0.024905832919416664};-280.569866449044;38.56481748047745
48251;-101.720115744044;(((-(_a5_) * (-((_a5_ + (x * _a7_))) * x)) + _a3_) * x);{'d0': {'_a3_': 1.7751354041648253, '_a5_': 1.4514213962030986, '_a7_': 2.3265199816908475, '_a0_': 1.0, '_a1_': 1.0, '_a2_': 1.0, '_a4_': 1.0, '_a6_': 1.0}};{'d0': 0.024905832919416664};-280.569866449044;38.56481748047745
48252;-101.720115744044;(((-(_a5_) * (-((_a5_ + (x * _a7_))) * x)) + _a3_) * x);{'d0': {'_a3_': 1.7751354041648253, '_a5_': 1.4514213962030986, '_a7_': 2.3265199816908475, '_a0_': 1.0, '_a1_': 1.0, '_a2_': 1.0, '_a4_': 1.0, '_a6_': 1.0}};{'d0': 0.024905832919416664};-280.569866449044;38.56481748047745
48253;-98.0221812714343;(((-(pow2(_a5_)) * (-((_a5_ + (x * _a7_))) * x)) + _a3_) * x);{'d0': {'_a3_': 1.7751354042150111, '_a5_': 1.2819242031534896, '_a7_': 2.054828653987568, '_a0_': 1.0, '_a1_': 1.0, '_a2_': 1.0, '_a4_': 1.0, '_a6_': 1.0}};{'d0': 0.024905832919416702};-280.569866449043;42.26275195308745
48254;-98.0221812714343;(((-(pow2(_a5_)) * (-((_a5_ + (x * _a7_))) * x)) + _a3_) * x);{'d0': {'_a3_': 1.7751354042150111, '_a5_': 1.2819242031534896, '_a7_': 2.054828653987568, '_a0_': 1.0, '_a1_': 1.0, '_a2_': 1.0, '_a4_': 1.0, '_a6_': 1.0}};{'d0': 0.024905832919416702};-280.569866449043;42.26275195308745
48255;-98.0221812714343;(((-(pow2(_a5_)) * (-((_a5_ + (x * _a7_))) * x)) + _a3_) * x);{'d0': {'_a3_': 1.7751354042150111, '_a5_': 1.2819242031534896, '_a7_': 2.054828653987568, '_a0_': 1.0, '_a1_': 1.0, '_a2_': 1.0, '_a4_': 1.0, '_a6_': 1.0}};{'d0': 0.024905832919416702};-280.569866449043;42.26275195308745
48256;-98.0221812714344;(((-(pow2(_a5_)) * (-((_a5_ + (x * _a4_))) * x)) + _a3_) * x);{'d0': {'_a3_': 1.775135404355025, '_a4_': 2.054828653815098, '_a5_': 1.2819242030785039, '_a0_': 1.0, '_a1_': 1.0, '_a2_': 1.0, '_a6_': 1.0, '_a7_': 1.0}};{'d0': 0.024905832919416625};-280.569866449044;42.26275195308745
48257;-98.0221812714344;(((-(pow2(_a5_)) * (-((_a5_ + (x * _a4_))) * x)) + _a3_) * x);{'d0': {'_a3_': 1.775135404355025, '_a4_': 2.054828653815098, '_a5_': 1.2819242030785039, '_a0_': 1.0, '_a1_': 1.0, '_a2_': 1.0, '_a6_': 1.0, '_a7_': 1.0}};{'d0': 0.024905832919416625};-280.569866449044;42.26275195308745
48258;-98.0221812714344;(((-(pow2(_a4_)) * (-((_a5_ + (x * _a4_))) * x)) + _a3_) * x);{'d0': {'_a3_': 1.7751354044753458, '_a4_': 1.5002608256754637, '_a5_': 0.935951842158834, '_a0_': 1.0, '_a1_': 1.0, '_a2_': 1.0, '_a6_': 1.0, '_a7_': 1.0}};{'d0': 0.02490583291941664};-280.569866449044;42.26275195308745
48259;-98.0221812714344;(((-(pow2(_a4_)) * (-((_a5_ + (x * _a4_))) * x)) + _a3_) * x);{'d0': {'_a3_': 1.7751354044753458, '_a4_': 1.5002608256754637, '_a5_': 0.935951842158834, '_a0_': 1.0, '_a1_': 1.0, '_a2_': 1.0, '_a6_': 1.0, '_a7_': 1.0}};{'d0': 0.02490583291941664};-280.569866449044;42.26275195308745
48260;-98.0221812714344;(((-(pow2(_a4_)) * (-((_a5_ + (x * _a4_))) * x)) + _a3_) * x);{'d0': {'_a3_': 1.7751354044753458, '_a4_': 1.5002608256754637, '_a5_': 0.935951842158834, '_a0_': 1.0, '_a1_': 1.0, '_a2_': 1.0, '_a6_': 1.0, '_a7_': 1.0}};{'d0': 0.02490583291941664};-280.569866449044;42.26275195308745
48261;-98.0221812714344;(((-(pow2(_a4_)) * (-((_a5_ + (x * _a4_))) * x)) + _a3_) * x);{'d0': {'_a3_': 1.7751354044753458, '_a4_': 1.5002608256754637, '_a5_': 0.935951842158834, '_a0_': 1.0, '_a1_': 1.0, '_a2_': 1.0, '_a6_': 1.0, '_a7_': 1.0}};{'d0': 0.02490583291941664};-280.569866449044;42.26275195308745
48262;-98.0221812714344;(((-(pow2(_a4_)) * (-((_a5_ + (x * _a4_))) * x)) + _a3_) * x);{'d0': {'_a3_': 1.7751354044753458, '_a4_': 1.5002608256754637, '_a5_': 0.935951842158834, '_a0_': 1.0, '_a1_': 1.0, '_a2_': 1.0, '_a6_': 1.0, '_a7_': 1.0}};{'d0': 0.02490583291941664};-280.569866449044;42.26275195308745
48263;-98.0221812714344;(((-(pow2(_a4_)) * (-((_a5_ + (x * _a4_))) * x)) + _a3_) * x);{'d0': {'_a3_': 1.7751354044753458, '_a4_': 1.5002608256754637, '_a5_': 0.935951842158834, '_a0_': 1.0, '_a1_': 1.0, '_a2_': 1.0, '_a6_': 1.0, '_a7_': 1.0}};{'d0': 0.02490583291941664};-280.569866449044;42.26275195308745
48264;-98.0221812714344;(((-(pow2(_a4_)) * (-((_a5_ + (x * _a4_))) * x)) + _a3_) * x);{'d0': {'_a3_': 1.7751354044753458, '_a4_': 1.5002608256754637, '_a5_': 0.935951842158834, '_a0_': 1.0, '_a1_': 1.0, '_a2_': 1.0, '_a6_': 1.0, '_a7_': 1.0}};{'d0': 0.02490583291941664};-280.569866449044;42.26275195308745
48265;-98.0221812714344;(((-(pow2(_a4_)) * (-((_a5_ + (x * _a4_))) * x)) + _a3_) * x);{'d0': {'_a3_': 1.7751354044753458, '_a4_': 1.5002608256754637, '_a5_': 0.935951842158834, '_a0_': 1.0, '_a1_': 1.0, '_a2_': 1.0, '_a6_': 1.0, '_a7_': 1.0}};{'d0': 0.02490583291941664};-280.569866449044;42.26275195308745
48266;-98.0221812714344;(((-(pow2(_a4_)) * (-((_a5_ + (x * _a4_))) * x)) + _a3_) * x);{'d0': {'_a3_': 1.7751354044753458, '_a4_': 1.5002608256754637, '_a5_': 0.935951842158834, '_a0_': 1.0, '_a1_': 1.0, '_a2_': 1.0, '_a6_': 1.0, '_a7_': 1.0}};{'d0': 0.02490583291941664};-280.569866449044;42.26275195308745
48267;-98.0221812714344;(((-(pow2(_a4_)) * (-((_a5_ + (x * _a4_))) * x)) + _a3_) * x);{'d0': {'_a3_': 1.7751354044753458, '_a4_': 1.5002608256754637, '_a5_': 0.935951842158834, '_a0_': 1.0, '_a1_': 1.0, '_a2_': 1.0, '_a6_': 1.0, '_a7_': 1.0}};{'d0': 0.02490583291941664};-280.569866449044;42.26275195308745
48268;-98.0221812714344;(((-(pow2(_a4_)) * (-((_a5_ + (x * _a4_))) * x)) + _a3_) * x);{'d0': {'_a3_': 1.7751354044753458, '_a4_': 1.5002608256754637, '_a5_': 0.935951842158834, '_a0_': 1.0, '_a1_': 1.0, '_a2_': 1.0, '_a6_': 1.0, '_a7_': 1.0}};{'d0': 0.02490583291941664};-280.569866449044;42.26275195308745
48269;-98.0221812714344;(((-(pow2(_a4_)) * (-((_a5_ + (x * _a4_))) * x)) + _a3_) * x);{'d0': {'_a3_': 1.7751354044753458, '_a4_': 1.5002608256754637, '_a5_': 0.935951842158834, '_a0_': 1.0, '_a1_': 1.0, '_a2_': 1.0, '_a6_': 1.0, '_a7_': 1.0}};{'d0': 0.02490583291941664};-280.569866449044;42.26275195308745
48270;-98.0221812714344;(((-(pow2(_a4_)) * (-((_a5_ + (x * _a4_))) * x)) + _a3_) * x);{'d0': {'_a3_': 1.7751354044753458, '_a4_': 1.5002608256754637, '_a5_': 0.935951842158834, '_a0_': 1.0, '_a1_': 1.0, '_a2_': 1.0, '_a6_': 1.0, '_a7_': 1.0}};{'d0': 0.02490583291941664};-280.569866449044;42.26275195308745
48271;-98.3316984880740;((((_a5_ * _a2_) * _a3_) + ((_a2_ * (-(_a1_) + x)) * x)) * x);{'d0': {'_a1_': -0.6238594156389318, '_a2_': 3.3767608790225956, '_a3_': 1.5588501700595534, '_a5_': 0.33723041553490235, '_a0_': 1.0, '_a4_': 1.0, '_a6_': 1.0, '_a7_': 1.0}};{'d0': 0.0249058329205302};-276.475521884139;39.90606245399548
48272;-98.3316984880740;((((_a5_ * _a2_) * _a3_) + ((_a2_ * (-(_a1_) + x)) * x)) * x);{'d0': {'_a1_': -0.6238594156389318, '_a2_': 3.3767608790225956, '_a3_': 1.5588501700595534, '_a5_': 0.33723041553490235, '_a0_': 1.0, '_a4_': 1.0, '_a6_': 1.0, '_a7_': 1.0}};{'d0': 0.0249058329205302};-276.475521884139;39.90606245399548
48273;-98.3316984880740;((((_a5_ * _a2_) * _a3_) + ((_a2_ * (-(_a1_) + x)) * x)) * x);{'d0': {'_a1_': -0.6238594156389318, '_a2_': 3.3767608790225956, '_a3_': 1.5588501700595534, '_a5_': 0.33723041553490235, '_a0_': 1.0, '_a4_': 1.0, '_a6_': 1.0, '_a7_': 1.0}};{'d0': 0.0249058329205302};-276.475521884139;39.90606245399548
48274;-98.3316984880740;((((_a5_ * _a2_) * _a3_) + ((_a2_ * (-(_a1_) + x)) * x)) * x);{'d0': {'_a1_': -0.6238594156389318, '_a2_': 3.3767608790225956, '_a3_': 1.5588501700595534, '_a5_': 0.33723041553490235, '_a0_': 1.0, '_a4_': 1.0, '_a6_': 1.0, '_a7_': 1.0}};{'d0': 0.0249058329205302};-276.475521884139;39.90606245399548
48275;-98.3316984880740;((((_a5_ * _a2_) * _a3_) + ((_a2_ * (-(_a1_) + x)) * x)) * x);{'d0': {'_a1_': -0.6238594156389318, '_a2_': 3.3767608790225956, '_a3_': 1.5588501700595534, '_a5_': 0.33723041553490235, '_a0_': 1.0, '_a4_': 1.0, '_a6_': 1.0, '_a7_': 1.0}};{'d0': 0.0249058329205302};-276.475521884139;39.90606245399548
48276;-100.378870770526;((((_a2_ * _a2_) * _a3_) + ((_a2_ * (-(_a1_) + x)) * x)) * x);{'d0': {'_a1_': -0.6238594156245446, '_a2_': 3.3767608775719187, '_a3_': 0.15567930026365198, '_a0_': 1.0, '_a4_': 1.0, '_a5_': 1.0, '_a6_': 1.0, '_a7_': 1.0}};{'d0': 0.024905832919416608};-280.569866449044;39.90606245399548
48277;-100.378870770526;((((_a2_ * _a2_) * _a3_) + ((_a2_ * (-(_a1_) + x)) * x)) * x);{'d0': {'_a1_': -0.6238594156245446, '_a2_': 3.3767608775719187, '_a3_': 0.15567930026365198, '_a0_': 1.0, '_a4_': 1.0, '_a5_': 1.0, '_a6_': 1.0, '_a7_': 1.0}};{'d0': 0.024905832919416608};-280.569866449044;39.90606245399548
48278;-100.378870770526;((((_a2_ * _a2_) * _a3_) + ((_a2_ * (-(_a1_) + x)) * x)) * x);{'d0': {'_a1_': -0.6238594156245446, '_a2_': 3.3767608775719187, '_a3_': 0.15567930026365198, '_a0_': 1.0, '_a4_': 1.0, '_a5_': 1.0, '_a6_': 1.0, '_a7_': 1.0}};{'d0': 0.024905832919416608};-280.569866449044;39.90606245399548
48279;-100.378870770526;((((_a2_ * _a2_) * _a3_) + ((_a2_ * (-(_a1_) + x)) * x)) * x);{'d0': {'_a1_': -0.6238594156245446, '_a2_': 3.3767608775719187, '_a3_': 0.15567930026365198, '_a0_': 1.0, '_a4_': 1.0, '_a5_': 1.0, '_a6_': 1.0, '_a7_': 1.0}};{'d0': 0.024905832919416608};-280.569866449044;39.90606245399548
48280;-98.0221812714344;(((-(pow2(_a4_)) * (-((_a5_ + (x * _a4_))) * x)) + _a3_) * x);{'d0': {'_a3_': 1.7751354044753458, '_a4_': 1.5002608256754637, '_a5_': 0.935951842158834, '_a0_': 1.0, '_a1_': 1.0, '_a2_': 1.0, '_a6_': 1.0, '_a7_': 1.0}};{'d0': 0.02490583291941664};-280.569866449044;42.26275195308745
48281;-102.971521196891;(((-(pow2(_a4_)) * (-((_a5_ + x)) * x)) + _a3_) * x);{'d0': {'_a3_': 1.7751354041431058, '_a4_': 1.837596495066271, '_a5_': 0.6238594155328353, '_a0_': 1.0, '_a1_': 1.0, '_a2_': 1.0, '_a6_': 1.0, '_a7_': 1.0}};{'d0': 0.02490583291941662};-280.569866449044;37.31341202763045
48282;-101.720115744044;(((-((_a7_ * _a5_)) * (-((_a5_ + x)) * x)) + _a3_) * x);{'d0': {'_a3_': 1.775135404200991, '_a5_': 0.6238594155372226, '_a7_': 5.412695223283924, '_a0_': 1.0, '_a1_': 1.0, '_a2_': 1.0, '_a4_': 1.0, '_a6_': 1.0}};{'d0': 0.02490583291941662};-280.569866449044;38.56481748047745
48283;-101.720115744044;(((-((_a7_ * _a5_)) * (-((_a5_ + x)) * x)) + _a3_) * x);{'d0': {'_a3_': 1.775135404200991, '_a5_': 0.6238594155372226, '_a7_': 5.412695223283924, '_a0_': 1.0, '_a1_': 1.0, '_a2_': 1.0, '_a4_': 1.0, '_a6_': 1.0}};{'d0': 0.02490583291941662};-280.569866449044;38.56481748047745
48284;-101.720115744044;(((-((_a7_ * _a5_)) * (-((_a5_ + x)) * x)) + _a3_) * x);{'d0': {'_a3_': 1.775135404200991, '_a5_': 0.6238594155372226, '_a7_': 5.412695223283924, '_a0_': 1.0, '_a1_': 1.0, '_a2_': 1.0, '_a4_': 1.0, '_a6_': 1.0}};{'d0': 0.02490583291941662};-280.569866449044;38.56481748047745
48285;-101.720115744044;(((-((_a7_ * _a5_)) * (-((_a5_ + x)) * x)) + _a3_) * x);{'d0': {'_a3_': 1.775135404200991, '_a5_': 0.6238594155372226, '_a7_': 5.412695223283924, '_a0_': 1.0, '_a1_': 1.0, '_a2_': 1.0, '_a4_': 1.0, '_a6_': 1.0}};{'d0': 0.02490583291941662};-280.569866449044;38.56481748047745
48286;-101.720115744044;(((-((_a7_ * _a5_)) * (-((_a5_ + x)) * x)) + _a3_) * x);{'d0': {'_a3_': 1.775135404200991, '_a5_': 0.6238594155372226, '_a7_': 5.412695223283924, '_a0_': 1.0, '_a1_': 1.0, '_a2_': 1.0, '_a4_': 1.0, '_a6_': 1.0}};{'d0': 0.02490583291941662};-280.569866449044;38.56481748047745
48287;-101.720115744044;(((-((_a7_ * _a5_)) * (-((_a5_ + x)) * x)) + _a3_) * x);{'d0': {'_a3_': 1.775135404200991, '_a5_': 0.6238594155372226, '_a7_': 5.412695223283924, '_a0_': 1.0, '_a1_': 1.0, '_a2_': 1.0, '_a4_': 1.0, '_a6_': 1.0}};{'d0': 0.02490583291941662};-280.569866449044;38.56481748047745
48288;-101.720115744044;(((-((_a7_ * _a5_)) * (-((_a5_ + x)) * x)) + _a3_) * x);{'d0': {'_a3_': 1.775135404200991, '_a5_': 0.6238594155372226, '_a7_': 5.412695223283924, '_a0_': 1.0, '_a1_': 1.0, '_a2_': 1.0, '_a4_': 1.0, '_a6_': 1.0}};{'d0': 0.02490583291941662};-280.569866449044;38.56481748047745
48289;-101.720115744044;(((-((_a7_ * _a5_)) * (-((_a5_ + x)) * x)) + _a3_) * x);{'d0': {'_a3_': 1.775135404200991, '_a5_': 0.6238594155372226, '_a7_': 5.412695223283924, '_a0_': 1.0, '_a1_': 1.0, '_a2_': 1.0, '_a4_': 1.0, '_a6_': 1.0}};{'d0': 0.02490583291941662};-280.569866449044;38.56481748047745
48290;-101.720115744044;(((-((_a7_ * _a5_)) * (-((_a5_ + x)) * x)) + _a3_) * x);{'d0': {'_a3_': 1.775135404200991, '_a5_': 0.6238594155372226, '_a7_': 5.412695223283924, '_a0_': 1.0, '_a1_': 1.0, '_a2_': 1.0, '_a4_': 1.0, '_a6_': 1.0}};{'d0': 0.02490583291941662};-280.569866449044;38.56481748047745
48291;-101.720115744044;(((-((_a7_ * _a5_)) * (-((_a5_ + x)) * x)) + _a3_) * x);{'d0': {'_a3_': 1.775135404200991, '_a5_': 0.6238594155372226, '_a7_': 5.412695223283924, '_a0_': 1.0, '_a1_': 1.0, '_a2_': 1.0, '_a4_': 1.0, '_a6_': 1.0}};{'d0': 0.02490583291941662};-280.569866449044;38.56481748047745
48292;-101.720115744044;(((-((_a7_ * _a5_)) * (-((_a5_ + x)) * x)) + _a3_) * x);{'d0': {'_a3_': 1.775135404200991, '_a5_': 0.6238594155372226, '_a7_': 5.412695223283924, '_a0_': 1.0, '_a1_': 1.0, '_a2_': 1.0, '_a4_': 1.0, '_a6_': 1.0}};{'d0': 0.02490583291941662};-280.569866449044;38.56481748047745
48293;-101.720115744044;(((-((_a7_ * _a5_)) * (-((_a5_ + x)) * x)) + _a3_) * x);{'d0': {'_a3_': 1.775135404200991, '_a5_': 0.6238594155372226, '_a7_': 5.412695223283924, '_a0_': 1.0, '_a1_': 1.0, '_a2_': 1.0, '_a4_': 1.0, '_a6_': 1.0}};{'d0': 0.02490583291941662};-280.569866449044;38.56481748047745
48294;-101.720115744044;(((-((_a7_ * _a5_)) * (-((_a5_ + x)) * x)) + _a3_) * x);{'d0': {'_a3_': 1.775135404200991, '_a5_': 0.6238594155372226, '_a7_': 5.412695223283924, '_a0_': 1.0, '_a1_': 1.0, '_a2_': 1.0, '_a4_': 1.0, '_a6_': 1.0}};{'d0': 0.02490583291941662};-280.569866449044;38.56481748047745
48295;-101.720115744044;(((-((_a7_ * _a5_)) * (-((_a5_ + x)) * x)) + _a3_) * x);{'d0': {'_a3_': 1.775135404200991, '_a5_': 0.6238594155372226, '_a7_': 5.412695223283924, '_a0_': 1.0, '_a1_': 1.0, '_a2_': 1.0, '_a4_': 1.0, '_a6_': 1.0}};{'d0': 0.02490583291941662};-280.569866449044;38.56481748047745
48296;-101.720115744044;(((-((_a7_ * _a5_)) * (-((_a5_ + x)) * x)) + _a3_) * x);{'d0': {'_a3_': 1.775135404200991, '_a5_': 0.6238594155372226, '_a7_': 5.412695223283924, '_a0_': 1.0, '_a1_': 1.0, '_a2_': 1.0, '_a4_': 1.0, '_a6_': 1.0}};{'d0': 0.02490583291941662};-280.569866449044;38.56481748047745
48297;-101.720115744044;(((-((_a7_ * _a5_)) * (-((_a5_ + x)) * x)) + _a3_) * x);{'d0': {'_a3_': 1.775135404200991, '_a5_': 0.6238594155372226, '_a7_': 5.412695223283924, '_a0_': 1.0, '_a1_': 1.0, '_a2_': 1.0, '_a4_': 1.0, '_a6_': 1.0}};{'d0': 0.02490583291941662};-280.569866449044;38.56481748047745
48298;-101.720115744044;(((-((_a7_ * _a5_)) * (-((_a5_ + x)) * x)) + _a3_) * x);{'d0': {'_a3_': 1.775135404200991, '_a5_': 0.6238594155372226, '_a7_': 5.412695223283924, '_a0_': 1.0, '_a1_': 1.0, '_a2_': 1.0, '_a4_': 1.0, '_a6_': 1.0}};{'d0': 0.02490583291941662};-280.569866449044;38.56481748047745
48299;-101.720115744044;(((-((_a7_ * _a5_)) * (-((_a5_ + x)) * x)) + _a3_) * x);{'d0': {'_a3_': 1.775135404200991, '_a5_': 0.6238594155372226, '_a7_': 5.412695223283924, '_a0_': 1.0, '_a1_': 1.0, '_a2_': 1.0, '_a4_': 1.0, '_a6_': 1.0}};{'d0': 0.02490583291941662};-280.569866449044;38.56481748047745
48300;-101.720115744044;(((-((_a7_ * _a5_)) * (-((_a5_ + x)) * x)) + _a3_) * x);{'d0': {'_a3_': 1.775135404200991, '_a5_': 0.6238594155372226, '_a7_': 5.412695223283924, '_a0_': 1.0, '_a1_': 1.0, '_a2_': 1.0, '_a4_': 1.0, '_a6_': 1.0}};{'d0': 0.02490583291941662};-280.569866449044;38.56481748047745
48301;-101.720115744044;(((-((_a7_ * _a5_)) * (-((_a5_ + x)) * x)) + _a3_) * x);{'d0': {'_a3_': 1.775135404200991, '_a5_': 0.6238594155372226, '_a7_': 5.412695223283924, '_a0_': 1.0, '_a1_': 1.0, '_a2_': 1.0, '_a4_': 1.0, '_a6_': 1.0}};{'d0': 0.02490583291941662};-280.569866449044;38.56481748047745
48302;-101.720115744044;(((-((_a7_ * _a5_)) * (-((_a5_ + x)) * x)) + _a3_) * x);{'d0': {'_a3_': 1.775135404200991, '_a5_': 0.6238594155372226, '_a7_': 5.412695223283924, '_a0_': 1.0, '_a1_': 1.0, '_a2_': 1.0, '_a4_': 1.0, '_a6_': 1.0}};{'d0': 0.02490583291941662};-280.569866449044;38.56481748047745
48303;-101.720115744044;(((-((_a7_ * _a5_)) * (-((_a5_ + x)) * x)) + _a3_) * x);{'d0': {'_a3_': 1.775135404200991, '_a5_': 0.6238594155372226, '_a7_': 5.412695223283924, '_a0_': 1.0, '_a1_': 1.0, '_a2_': 1.0, '_a4_': 1.0, '_a6_': 1.0}};{'d0': 0.02490583291941662};-280.569866449044;38.56481748047745
48304;-101.720115744044;(((-((_a7_ * _a5_)) * (-((_a5_ + x)) * x)) + _a3_) * x);{'d0': {'_a3_': 1.775135404200991, '_a5_': 0.6238594155372226, '_a7_': 5.412695223283924, '_a0_': 1.0, '_a1_': 1.0, '_a2_': 1.0, '_a4_': 1.0, '_a6_': 1.0}};{'d0': 0.02490583291941662};-280.569866449044;38.56481748047745
48305;-101.720115744044;(((-((_a7_ * _a5_)) * (-((_a5_ + x)) * x)) + _a3_) * x);{'d0': {'_a3_': 1.775135404200991, '_a5_': 0.6238594155372226, '_a7_': 5.412695223283924, '_a0_': 1.0, '_a1_': 1.0, '_a2_': 1.0, '_a4_': 1.0, '_a6_': 1.0}};{'d0': 0.02490583291941662};-280.569866449044;38.56481748047745
48306;-101.720115744044;(((-((_a7_ * _a5_)) * (-((_a5_ + x)) * x)) + _a3_) * x);{'d0': {'_a3_': 1.775135404200991, '_a5_': 0.6238594155372226, '_a7_': 5.412695223283924, '_a0_': 1.0, '_a1_': 1.0, '_a2_': 1.0, '_a4_': 1.0, '_a6_': 1.0}};{'d0': 0.02490583291941662};-280.569866449044;38.56481748047745
48307;-101.720115744044;(((-((_a7_ * _a5_)) * (-((_a5_ + x)) * x)) + _a3_) * x);{'d0': {'_a3_': 1.775135404200991, '_a5_': 0.6238594155372226, '_a7_': 5.412695223283924, '_a0_': 1.0, '_a1_': 1.0, '_a2_': 1.0, '_a4_': 1.0, '_a6_': 1.0}};{'d0': 0.02490583291941662};-280.569866449044;38.56481748047745
48308;-101.720115744044;(((-((_a7_ * _a5_)) * (-((_a5_ + x)) * x)) + _a3_) * x);{'d0': {'_a3_': 1.775135404200991, '_a5_': 0.6238594155372226, '_a7_': 5.412695223283924, '_a0_': 1.0, '_a1_': 1.0, '_a2_': 1.0, '_a4_': 1.0, '_a6_': 1.0}};{'d0': 0.02490583291941662};-280.569866449044;38.56481748047745
48309;-101.720115744044;(((-((_a7_ * _a5_)) * (-((_a5_ + x)) * x)) + _a3_) * x);{'d0': {'_a3_': 1.775135404200991, '_a5_': 0.6238594155372226, '_a7_': 5.412695223283924, '_a0_': 1.0, '_a1_': 1.0, '_a2_': 1.0, '_a4_': 1.0, '_a6_': 1.0}};{'d0': 0.02490583291941662};-280.569866449044;38.56481748047745
48310;-100.378870770526;((((_a2_ * _a2_) * _a3_) + ((_a2_ * (-(_a1_) + x)) * x)) * x);{'d0': {'_a1_': -0.6238594156245446, '_a2_': 3.3767608775719187, '_a3_': 0.15567930026365198, '_a0_': 1.0, '_a4_': 1.0, '_a5_': 1.0, '_a6_': 1.0, '_a7_': 1.0}};{'d0': 0.024905832919416608};-280.569866449044;39.90606245399548
48311;-100.378870770526;((((_a2_ * _a2_) * _a3_) + ((_a2_ * (-(_a1_) + x)) * x)) * x);{'d0': {'_a1_': -0.6238594156245446, '_a2_': 3.3767608775719187, '_a3_': 0.15567930026365198, '_a0_': 1.0, '_a4_': 1.0, '_a5_': 1.0, '_a6_': 1.0, '_a7_': 1.0}};{'d0': 0.024905832919416608};-280.569866449044;39.90606245399548
48312;-100.378870770526;((((_a2_ * _a2_) * _a3_) + ((_a2_ * (-(_a1_) + x)) * x)) * x);{'d0': {'_a1_': -0.6238594156245446, '_a2_': 3.3767608775719187, '_a3_': 0.15567930026365198, '_a0_': 1.0, '_a4_': 1.0, '_a5_': 1.0, '_a6_': 1.0, '_a7_': 1.0}};{'d0': 0.024905832919416608};-280.569866449044;39.90606245399548
48313;-100.378870770526;((((_a3_ * _a2_) * _a3_) + ((_a2_ * (-(_a1_) + x)) * x)) * x);{'d0': {'_a1_': -0.6238594154900825, '_a2_': 3.3767608793951904, '_a3_': 0.7250460468965703, '_a0_': 1.0, '_a4_': 1.0, '_a5_': 1.0, '_a6_': 1.0, '_a7_': 1.0}};{'d0': 0.02490583291941664};-280.569866449044;39.90606245399548
48314;-100.378870770526;((((_a3_ * _a2_) * _a3_) + ((_a2_ * (-(_a1_) + x)) * x)) * x);{'d0': {'_a1_': -0.6238594154900825, '_a2_': 3.3767608793951904, '_a3_': 0.7250460468965703, '_a0_': 1.0, '_a4_': 1.0, '_a5_': 1.0, '_a6_': 1.0, '_a7_': 1.0}};{'d0': 0.02490583291941664};-280.569866449044;39.90606245399548
48315;-100.378870770526;((((_a3_ * _a2_) * _a3_) + ((_a2_ * (-(_a1_) + x)) * x)) * x);{'d0': {'_a1_': -0.6238594154900825, '_a2_': 3.3767608793951904, '_a3_': 0.7250460468965703, '_a0_': 1.0, '_a4_': 1.0, '_a5_': 1.0, '_a6_': 1.0, '_a7_': 1.0}};{'d0': 0.02490583291941664};-280.569866449044;39.90606245399548
48316;-100.378870770526;((((_a3_ * _a2_) * _a3_) + ((_a2_ * (-(_a1_) + x)) * x)) * x);{'d0': {'_a1_': -0.6238594154900825, '_a2_': 3.3767608793951904, '_a3_': 0.7250460468965703, '_a0_': 1.0, '_a4_': 1.0, '_a5_': 1.0, '_a6_': 1.0, '_a7_': 1.0}};{'d0': 0.02490583291941664};-280.569866449044;39.90606245399548
48317;-100.378870770526;((((_a3_ * _a2_) * _a3_) + ((_a2_ * (-(_a1_) + x)) * x)) * x);{'d0': {'_a1_': -0.6238594154900825, '_a2_': 3.3767608793951904, '_a3_': 0.7250460468965703, '_a0_': 1.0, '_a4_': 1.0, '_a5_': 1.0, '_a6_': 1.0, '_a7_': 1.0}};{'d0': 0.02490583291941664};-280.569866449044;39.90606245399548
48318;-100.378870770526;((((_a3_ * _a2_) * _a3_) + ((_a2_ * (-(_a1_) + x)) * x)) * x);{'d0': {'_a1_': -0.6238594154900825, '_a2_': 3.3767608793951904, '_a3_': 0.7250460468965703, '_a0_': 1.0, '_a4_': 1.0, '_a5_': 1.0, '_a6_': 1.0, '_a7_': 1.0}};{'d0': 0.02490583291941664};-280.569866449044;39.90606245399548
48319;-100.378870770526;((((_a3_ * _a2_) * _a3_) + ((_a2_ * (-(_a1_) + x)) * x)) * x);{'d0': {'_a1_': -0.6238594154900825, '_a2_': 3.3767608793951904, '_a3_': 0.7250460468965703, '_a0_': 1.0, '_a4_': 1.0, '_a5_': 1.0, '_a6_': 1.0, '_a7_': 1.0}};{'d0': 0.02490583291941664};-280.569866449044;39.90606245399548
48320;-100.378870770526;((((_a3_ * _a2_) * _a3_) + ((_a2_ * (-(_a1_) + x)) * x)) * x);{'d0': {'_a1_': -0.6238594154900825, '_a2_': 3.3767608793951904, '_a3_': 0.7250460468965703, '_a0_': 1.0, '_a4_': 1.0, '_a5_': 1.0, '_a6_': 1.0, '_a7_': 1.0}};{'d0': 0.02490583291941664};-280.569866449044;39.90606245399548
48321;-100.378870770526;((((_a3_ * _a2_) * _a3_) + ((_a2_ * (-(_a1_) + x)) * x)) * x);{'d0': {'_a1_': -0.6238594154900825, '_a2_': 3.3767608793951904, '_a3_': 0.7250460468965703, '_a0_': 1.0, '_a4_': 1.0, '_a5_': 1.0, '_a6_': 1.0, '_a7_': 1.0}};{'d0': 0.02490583291941664};-280.569866449044;39.90606245399548
48322;-100.378870770526;((((_a3_ * _a2_) * _a3_) + ((_a2_ * (-(_a1_) + x)) * x)) * x);{'d0': {'_a1_': -0.6238594154900825, '_a2_': 3.3767608793951904, '_a3_': 0.7250460468965703, '_a0_': 1.0, '_a4_': 1.0, '_a5_': 1.0, '_a6_': 1.0, '_a7_': 1.0}};{'d0': 0.02490583291941664};-280.569866449044;39.90606245399548
48323;-100.378870770526;((((_a3_ * _a2_) * _a3_) + ((_a2_ * (-(_a1_) + x)) * x)) * x);{'d0': {'_a1_': -0.6238594154900825, '_a2_': 3.3767608793951904, '_a3_': 0.7250460468965703, '_a0_': 1.0, '_a4_': 1.0, '_a5_': 1.0, '_a6_': 1.0, '_a7_': 1.0}};{'d0': 0.02490583291941664};-280.569866449044;39.90606245399548
48324;-85.5102554950866;((x * _a1_) * ((x * ((_a1_ * sqrt(_a4_)) + (x + (_a5_ / x)))) / pow3(_a5_)));{'d0': {'_a1_': 0.49056193179390956, '_a4_': 1.6172821052280957, '_a5_': 0.5256917709030418, '_a0_': 1.0, '_a2_': 1.0, '_a3_': 1.0, '_a6_': 1.0, '_a7_': 1.0}};{'d0': 0.024905832919416615};-280.569866449044;54.77467772943569
48325;-85.5102554950866;((x * _a1_) * ((x * ((_a1_ * sqrt(_a4_)) + (x + (_a5_ / x)))) / pow3(_a5_)));{'d0': {'_a1_': 0.49056193179390956, '_a4_': 1.6172821052280957, '_a5_': 0.5256917709030418, '_a0_': 1.0, '_a2_': 1.0, '_a3_': 1.0, '_a6_': 1.0, '_a7_': 1.0}};{'d0': 0.024905832919416615};-280.569866449044;54.77467772943569
48326;-85.5102554950866;((x * _a1_) * ((x * ((_a1_ * sqrt(_a4_)) + (x + (_a5_ / x)))) / pow3(_a5_)));{'d0': {'_a1_': 0.49056193179390956, '_a4_': 1.6172821052280957, '_a5_': 0.5256917709030418, '_a0_': 1.0, '_a2_': 1.0, '_a3_': 1.0, '_a6_': 1.0, '_a7_': 1.0}};{'d0': 0.024905832919416615};-280.569866449044;54.77467772943569
48327;-85.5102554950866;((x * _a1_) * ((x * ((_a1_ * sqrt(_a4_)) + (x + (_a5_ / x)))) / pow3(_a5_)));{'d0': {'_a1_': 0.49056193179390956, '_a4_': 1.6172821052280957, '_a5_': 0.5256917709030418, '_a0_': 1.0, '_a2_': 1.0, '_a3_': 1.0, '_a6_': 1.0, '_a7_': 1.0}};{'d0': 0.024905832919416615};-280.569866449044;54.77467772943569
48328;-85.5102554950866;((x * _a1_) * ((x * ((_a1_ * sqrt(_a4_)) + (x + (_a5_ / x)))) / pow3(_a5_)));{'d0': {'_a1_': 0.49056193179390956, '_a4_': 1.6172821052280957, '_a5_': 0.5256917709030418, '_a0_': 1.0, '_a2_': 1.0, '_a3_': 1.0, '_a6_': 1.0, '_a7_': 1.0}};{'d0': 0.024905832919416615};-280.569866449044;54.77467772943569
48329;-85.5102554950866;((x * _a1_) * ((x * ((_a1_ * sqrt(_a4_)) + (x + (_a5_ / x)))) / pow3(_a5_)));{'d0': {'_a1_': 0.49056193179390956, '_a4_': 1.6172821052280957, '_a5_': 0.5256917709030418, '_a0_': 1.0, '_a2_': 1.0, '_a3_': 1.0, '_a6_': 1.0, '_a7_': 1.0}};{'d0': 0.024905832919416615};-280.569866449044;54.77467772943569
48330;-85.5102554950866;((x * _a1_) * ((x * ((_a1_ * sqrt(_a4_)) + (x + (_a5_ / x)))) / pow3(_a5_)));{'d0': {'_a1_': 0.49056193179390956, '_a4_': 1.6172821052280957, '_a5_': 0.5256917709030418, '_a0_': 1.0, '_a2_': 1.0, '_a3_': 1.0, '_a6_': 1.0, '_a7_': 1.0}};{'d0': 0.024905832919416615};-280.569866449044;54.77467772943569
48331;-85.5102554950866;((x * _a1_) * ((x * ((_a1_ * sqrt(_a4_)) + (x + (_a5_ / x)))) / pow3(_a5_)));{'d0': {'_a1_': 0.49056193179390956, '_a4_': 1.6172821052280957, '_a5_': 0.5256917709030418, '_a0_': 1.0, '_a2_': 1.0, '_a3_': 1.0, '_a6_': 1.0, '_a7_': 1.0}};{'d0': 0.024905832919416615};-280.569866449044;54.77467772943569
48332;-85.5102554950866;((x * _a1_) * ((x * ((_a1_ * sqrt(_a4_)) + (x + (_a5_ / x)))) / pow3(_a5_)));{'d0': {'_a1_': 0.49056193179390956, '_a4_': 1.6172821052280957, '_a5_': 0.5256917709030418, '_a0_': 1.0, '_a2_': 1.0, '_a3_': 1.0, '_a6_': 1.0, '_a7_': 1.0}};{'d0': 0.024905832919416615};-280.569866449044;54.77467772943569
48333;-85.5102554950866;((x * _a1_) * ((x * ((_a1_ * sqrt(_a4_)) + (x + (_a5_ / x)))) / pow3(_a5_)));{'d0': {'_a1_': 0.49056193179390956, '_a4_': 1.6172821052280957, '_a5_': 0.5256917709030418, '_a0_': 1.0, '_a2_': 1.0, '_a3_': 1.0, '_a6_': 1.0, '_a7_': 1.0}};{'d0': 0.024905832919416615};-280.569866449044;54.77467772943569
48334;-85.5102554950866;((x * _a1_) * ((x * ((_a1_ * sqrt(_a4_)) + (x + (_a5_ / x)))) / pow3(_a5_)));{'d0': {'_a1_': 0.49056193179390956, '_a4_': 1.6172821052280957, '_a5_': 0.5256917709030418, '_a0_': 1.0, '_a2_': 1.0, '_a3_': 1.0, '_a6_': 1.0, '_a7_': 1.0}};{'d0': 0.024905832919416615};-280.569866449044;54.77467772943569
48335;-85.5102554950866;((x * _a1_) * ((x * ((_a1_ * sqrt(_a4_)) + (x + (_a5_ / x)))) / pow3(_a5_)));{'d0': {'_a1_': 0.49056193179390956, '_a4_': 1.6172821052280957, '_a5_': 0.5256917709030418, '_a0_': 1.0, '_a2_': 1.0, '_a3_': 1.0, '_a6_': 1.0, '_a7_': 1.0}};{'d0': 0.024905832919416615};-280.569866449044;54.77467772943569
48336;-85.5102554950866;((x * _a1_) * ((x * ((_a1_ * sqrt(_a4_)) + (x + (_a5_ / x)))) / pow3(_a5_)));{'d0': {'_a1_': 0.49056193179390956, '_a4_': 1.6172821052280957, '_a5_': 0.5256917709030418, '_a0_': 1.0, '_a2_': 1.0, '_a3_': 1.0, '_a6_': 1.0, '_a7_': 1.0}};{'d0': 0.024905832919416615};-280.569866449044;54.77467772943569
48337;-85.5102554950866;((x * _a1_) * ((x * ((_a1_ * sqrt(_a4_)) + (x + (_a5_ / x)))) / pow3(_a5_)));{'d0': {'_a1_': 0.49056193179390956, '_a4_': 1.6172821052280957, '_a5_': 0.5256917709030418, '_a0_': 1.0, '_a2_': 1.0, '_a3_': 1.0, '_a6_': 1.0, '_a7_': 1.0}};{'d0': 0.024905832919416615};-280.569866449044;54.77467772943569
48338;-81.8123210224766;((x * _a1_) * ((x * ((pow2(_a1_) * sqrt(_a4_)) + (x + (_a5_ / x)))) / pow3(_a5_)));{'d0': {'_a1_': 0.4905619298708852, '_a4_': 6.720446084020398, '_a5_': 0.525691770005625, '_a0_': 1.0, '_a2_': 1.0, '_a3_': 1.0, '_a6_': 1.0, '_a7_': 1.0}};{'d0': 0.02490583291941657};-280.569866449044;58.47261220204569
48339;-81.8123210224766;((x * _a1_) * ((x * ((pow2(_a1_) * sqrt(_a4_)) + (x + (_a5_ / x)))) / pow3(_a5_)));{'d0': {'_a1_': 0.4905619298708852, '_a4_': 6.720446084020398, '_a5_': 0.525691770005625, '_a0_': 1.0, '_a2_': 1.0, '_a3_': 1.0, '_a6_': 1.0, '_a7_': 1.0}};{'d0': 0.02490583291941657};-280.569866449044;58.47261220204569
48340;-81.8123210224766;((x * _a1_) * ((x * ((pow2(_a1_) * sqrt(_a4_)) + (x + (_a5_ / x)))) / pow3(_a5_)));{'d0': {'_a1_': 0.4905619298708852, '_a4_': 6.720446084020398, '_a5_': 0.525691770005625, '_a0_': 1.0, '_a2_': 1.0, '_a3_': 1.0, '_a6_': 1.0, '_a7_': 1.0}};{'d0': 0.02490583291941657};-280.569866449044;58.47261220204569
48341;-81.8123210224766;((x * _a1_) * ((x * ((pow2(_a1_) * sqrt(_a4_)) + (x + (_a5_ / x)))) / pow3(_a5_)));{'d0': {'_a1_': 0.4905619298708852, '_a4_': 6.720446084020398, '_a5_': 0.525691770005625, '_a0_': 1.0, '_a2_': 1.0, '_a3_': 1.0, '_a6_': 1.0, '_a7_': 1.0}};{'d0': 0.02490583291941657};-280.569866449044;58.47261220204569
48342;-81.8123210224766;((x * _a1_) * ((x * ((pow2(_a1_) * sqrt(_a4_)) + (x + (_a5_ / x)))) / pow3(_a5_)));{'d0': {'_a1_': 0.4905619298708852, '_a4_': 6.720446084020398, '_a5_': 0.525691770005625, '_a0_': 1.0, '_a2_': 1.0, '_a3_': 1.0, '_a6_': 1.0, '_a7_': 1.0}};{'d0': 0.02490583291941657};-280.569866449044;58.47261220204569
48343;-98.3316984804457;((((_a3_ * _a2_) * _a3_) + ((_a6_ * (-(_a1_) + x)) * x)) * x);{'d0': {'_a1_': -0.6238594155286621, '_a2_': 3.3037332357325786, '_a3_': 0.7330155228227949, '_a6_': 3.3767608774443394, '_a0_': 1.0, '_a4_': 1.0, '_a5_': 1.0, '_a7_': 1.0}};{'d0': 0.024905832926863207};-276.475521868882;39.90606245399548
48344;-81.8123210224766;((x * _a1_) * ((x * ((pow2(_a1_) * sqrt(_a4_)) + (x + (_a5_ / x)))) / pow3(_a5_)));{'d0': {'_a1_': 0.4905619298708852, '_a4_': 6.720446084020398, '_a5_': 0.525691770005625, '_a0_': 1.0, '_a2_': 1.0, '_a3_': 1.0, '_a6_': 1.0, '_a7_': 1.0}};{'d0': 0.02490583291941657};-280.569866449044;58.47261220204569
48345;-81.8123210224766;((x * _a1_) * ((x * ((pow2(_a1_) * sqrt(_a4_)) + (x + (_a5_ / x)))) / pow3(_a5_)));{'d0': {'_a1_': 0.4905619298708852, '_a4_': 6.720446084020398, '_a5_': 0.525691770005625, '_a0_': 1.0, '_a2_': 1.0, '_a3_': 1.0, '_a6_': 1.0, '_a7_': 1.0}};{'d0': 0.02490583291941657};-280.569866449044;58.47261220204569
48346;-81.8123210224766;((x * _a1_) * ((x * ((pow2(_a1_) * sqrt(_a4_)) + (x + (_a5_ / x)))) / pow3(_a5_)));{'d0': {'_a1_': 0.4905619298708852, '_a4_': 6.720446084020398, '_a5_': 0.525691770005625, '_a0_': 1.0, '_a2_': 1.0, '_a3_': 1.0, '_a6_': 1.0, '_a7_': 1.0}};{'d0': 0.02490583291941657};-280.569866449044;58.47261220204569
48347;-81.8123210224766;((x * _a1_) * ((x * ((pow2(_a1_) * sqrt(_a4_)) + (x + (_a5_ / x)))) / pow3(_a5_)));{'d0': {'_a1_': 0.4905619298708852, '_a4_': 6.720446084020398, '_a5_': 0.525691770005625, '_a0_': 1.0, '_a2_': 1.0, '_a3_': 1.0, '_a6_': 1.0, '_a7_': 1.0}};{'d0': 0.02490583291941657};-280.569866449044;58.47261220204569
48348;-81.8123210224766;((x * _a1_) * ((x * ((pow2(_a1_) * sqrt(_a4_)) + (x + (_a5_ / x)))) / pow3(_a5_)));{'d0': {'_a1_': 0.4905619298708852, '_a4_': 6.720446084020398, '_a5_': 0.525691770005625, '_a0_': 1.0, '_a2_': 1.0, '_a3_': 1.0, '_a6_': 1.0, '_a7_': 1.0}};{'d0': 0.02490583291941657};-280.569866449044;58.47261220204569
48349;-98.3316984804457;((((_a3_ * _a2_) * _a3_) + ((_a6_ * (-(_a1_) + x)) * x)) * x);{'d0': {'_a1_': -0.6238594155286621, '_a2_': 3.3037332357325786, '_a3_': 0.7330155228227949, '_a6_': 3.3767608774443394, '_a0_': 1.0, '_a4_': 1.0, '_a5_': 1.0, '_a7_': 1.0}};{'d0': 0.024905832926863207};-276.475521868882;39.90606245399548
48350;-98.3316984804457;((((_a3_ * _a2_) * _a3_) + ((_a6_ * (-(_a1_) + x)) * x)) * x);{'d0': {'_a1_': -0.6238594155286621, '_a2_': 3.3037332357325786, '_a3_': 0.7330155228227949, '_a6_': 3.3767608774443394, '_a0_': 1.0, '_a4_': 1.0, '_a5_': 1.0, '_a7_': 1.0}};{'d0': 0.024905832926863207};-276.475521868882;39.90606245399548
48351;-98.3316984804457;((((_a3_ * _a2_) * _a3_) + ((_a6_ * (-(_a1_) + x)) * x)) * x);{'d0': {'_a1_': -0.6238594155286621, '_a2_': 3.3037332357325786, '_a3_': 0.7330155228227949, '_a6_': 3.3767608774443394, '_a0_': 1.0, '_a4_': 1.0, '_a5_': 1.0, '_a7_': 1.0}};{'d0': 0.024905832926863207};-276.475521868882;39.90606245399548
48352;-98.3316984804457;((((_a3_ * _a2_) * _a3_) + ((_a6_ * (-(_a1_) + x)) * x)) * x);{'d0': {'_a1_': -0.6238594155286621, '_a2_': 3.3037332357325786, '_a3_': 0.7330155228227949, '_a6_': 3.3767608774443394, '_a0_': 1.0, '_a4_': 1.0, '_a5_': 1.0, '_a7_': 1.0}};{'d0': 0.024905832926863207};-276.475521868882;39.90606245399548
48353;-98.3316984804457;((((_a3_ * _a2_) * _a3_) + ((_a6_ * (-(_a1_) + x)) * x)) * x);{'d0': {'_a1_': -0.6238594155286621, '_a2_': 3.3037332357325786, '_a3_': 0.7330155228227949, '_a6_': 3.3767608774443394, '_a0_': 1.0, '_a4_': 1.0, '_a5_': 1.0, '_a7_': 1.0}};{'d0': 0.024905832926863207};-276.475521868882;39.90606245399548
48354;-98.3316984804457;((((_a3_ * _a2_) * _a3_) + ((_a6_ * (-(_a1_) + x)) * x)) * x);{'d0': {'_a1_': -0.6238594155286621, '_a2_': 3.3037332357325786, '_a3_': 0.7330155228227949, '_a6_': 3.3767608774443394, '_a0_': 1.0, '_a4_': 1.0, '_a5_': 1.0, '_a7_': 1.0}};{'d0': 0.024905832926863207};-276.475521868882;39.90606245399548
48355;-98.3316984804457;((((_a3_ * _a2_) * _a3_) + ((_a6_ * (-(_a1_) + x)) * x)) * x);{'d0': {'_a1_': -0.6238594155286621, '_a2_': 3.3037332357325786, '_a3_': 0.7330155228227949, '_a6_': 3.3767608774443394, '_a0_': 1.0, '_a4_': 1.0, '_a5_': 1.0, '_a7_': 1.0}};{'d0': 0.024905832926863207};-276.475521868882;39.90606245399548
48356;-98.3316984804457;((((_a3_ * _a2_) * _a3_) + ((_a6_ * (-(_a1_) + x)) * x)) * x);{'d0': {'_a1_': -0.6238594155286621, '_a2_': 3.3037332357325786, '_a3_': 0.7330155228227949, '_a6_': 3.3767608774443394, '_a0_': 1.0, '_a4_': 1.0, '_a5_': 1.0, '_a7_': 1.0}};{'d0': 0.024905832926863207};-276.475521868882;39.90606245399548
48357;-98.3316984804457;((((_a3_ * _a2_) * _a3_) + ((_a6_ * (-(_a1_) + x)) * x)) * x);{'d0': {'_a1_': -0.6238594155286621, '_a2_': 3.3037332357325786, '_a3_': 0.7330155228227949, '_a6_': 3.3767608774443394, '_a0_': 1.0, '_a4_': 1.0, '_a5_': 1.0, '_a7_': 1.0}};{'d0': 0.024905832926863207};-276.475521868882;39.90606245399548
48358;-81.8123210224766;((x * _a1_) * ((x * ((pow2(_a1_) * sqrt(_a4_)) + (x + (_a5_ / x)))) / pow3(_a5_)));{'d0': {'_a1_': 0.4905619298708852, '_a4_': 6.720446084020398, '_a5_': 0.525691770005625, '_a0_': 1.0, '_a2_': 1.0, '_a3_': 1.0, '_a6_': 1.0, '_a7_': 1.0}};{'d0': 0.02490583291941657};-280.569866449044;58.47261220204569
48359;-81.8123210224766;((x * _a1_) * ((x * ((pow2(_a1_) * sqrt(_a4_)) + (x + (_a5_ / x)))) / pow3(_a5_)));{'d0': {'_a1_': 0.4905619298708852, '_a4_': 6.720446084020398, '_a5_': 0.525691770005625, '_a0_': 1.0, '_a2_': 1.0, '_a3_': 1.0, '_a6_': 1.0, '_a7_': 1.0}};{'d0': 0.02490583291941657};-280.569866449044;58.47261220204569
48360;-81.8123210224766;((x * _a1_) * ((x * ((pow2(_a1_) * sqrt(_a4_)) + (x + (_a5_ / x)))) / pow3(_a5_)));{'d0': {'_a1_': 0.4905619298708852, '_a4_': 6.720446084020398, '_a5_': 0.525691770005625, '_a0_': 1.0, '_a2_': 1.0, '_a3_': 1.0, '_a6_': 1.0, '_a7_': 1.0}};{'d0': 0.02490583291941657};-280.569866449044;58.47261220204569
48361;-81.8123210224766;((x * _a1_) * ((x * ((pow2(_a1_) * sqrt(_a4_)) + (x + (_a5_ / x)))) / pow3(_a5_)));{'d0': {'_a1_': 0.4905619298708852, '_a4_': 6.720446084020398, '_a5_': 0.525691770005625, '_a0_': 1.0, '_a2_': 1.0, '_a3_': 1.0, '_a6_': 1.0, '_a7_': 1.0}};{'d0': 0.02490583291941657};-280.569866449044;58.47261220204569
48362;-81.8123210224766;((x * _a1_) * ((x * ((pow2(_a1_) * sqrt(_a4_)) + (x + (_a5_ / x)))) / pow3(_a5_)));{'d0': {'_a1_': 0.4905619298708852, '_a4_': 6.720446084020398, '_a5_': 0.525691770005625, '_a0_': 1.0, '_a2_': 1.0, '_a3_': 1.0, '_a6_': 1.0, '_a7_': 1.0}};{'d0': 0.02490583291941657};-280.569866449044;58.47261220204569
48363;-81.8123210224766;((x * _a1_) * ((x * ((pow2(_a1_) * sqrt(_a4_)) + (x + (_a5_ / x)))) / pow3(_a5_)));{'d0': {'_a1_': 0.4905619298708852, '_a4_': 6.720446084020398, '_a5_': 0.525691770005625, '_a0_': 1.0, '_a2_': 1.0, '_a3_': 1.0, '_a6_': 1.0, '_a7_': 1.0}};{'d0': 0.02490583291941657};-280.569866449044;58.47261220204569
48364;-81.8123210224766;((x * _a1_) * ((x * ((pow2(_a1_) * sqrt(_a4_)) + (x + (_a5_ / x)))) / pow3(_a5_)));{'d0': {'_a1_': 0.4905619298708852, '_a4_': 6.720446084020398, '_a5_': 0.525691770005625, '_a0_': 1.0, '_a2_': 1.0, '_a3_': 1.0, '_a6_': 1.0, '_a7_': 1.0}};{'d0': 0.02490583291941657};-280.569866449044;58.47261220204569
48365;-98.3316984804457;((((_a3_ * _a2_) * _a3_) + ((_a6_ * (-(_a1_) + x)) * x)) * x);{'d0': {'_a1_': -0.6238594155286621, '_a2_': 3.3037332357325786, '_a3_': 0.7330155228227949, '_a6_': 3.3767608774443394, '_a0_': 1.0, '_a4_': 1.0, '_a5_': 1.0, '_a7_': 1.0}};{'d0': 0.024905832926863207};-276.475521868882;39.90606245399548
48366;-98.3316984804457;((((_a3_ * _a2_) * _a3_) + ((_a6_ * (-(_a1_) + x)) * x)) * x);{'d0': {'_a1_': -0.6238594155286621, '_a2_': 3.3037332357325786, '_a3_': 0.7330155228227949, '_a6_': 3.3767608774443394, '_a0_': 1.0, '_a4_': 1.0, '_a5_': 1.0, '_a7_': 1.0}};{'d0': 0.024905832926863207};-276.475521868882;39.90606245399548
48367;-81.8123210224766;((x * _a1_) * ((x * ((pow2(_a1_) * sqrt(_a4_)) + (x + (_a5_ / x)))) / pow3(_a5_)));{'d0': {'_a1_': 0.4905619298708852, '_a4_': 6.720446084020398, '_a5_': 0.525691770005625, '_a0_': 1.0, '_a2_': 1.0, '_a3_': 1.0, '_a6_': 1.0, '_a7_': 1.0}};{'d0': 0.02490583291941657};-280.569866449044;58.47261220204569
48368;-81.8123210224766;((x * _a1_) * ((x * ((pow2(_a1_) * sqrt(_a4_)) + (x + (_a5_ / x)))) / pow3(_a5_)));{'d0': {'_a1_': 0.4905619298708852, '_a4_': 6.720446084020398, '_a5_': 0.525691770005625, '_a0_': 1.0, '_a2_': 1.0, '_a3_': 1.0, '_a6_': 1.0, '_a7_': 1.0}};{'d0': 0.02490583291941657};-280.569866449044;58.47261220204569
48369;-81.8123210224766;((x * _a1_) * ((x * ((pow2(_a1_) * sqrt(_a4_)) + (x + (_a5_ / x)))) / pow3(_a5_)));{'d0': {'_a1_': 0.4905619298708852, '_a4_': 6.720446084020398, '_a5_': 0.525691770005625, '_a0_': 1.0, '_a2_': 1.0, '_a3_': 1.0, '_a6_': 1.0, '_a7_': 1.0}};{'d0': 0.02490583291941657};-280.569866449044;58.47261220204569
48370;-87.1521840329966;((x * _a1_) * ((x * ((pow2(_a1_) * _a3_) + (x + (_a5_ / x)))) / pow3(_a5_)));{'d0': {'_a1_': 0.4905619281654135, '_a3_': 2.592382335687152, '_a5_': 0.5256917692374603, '_a0_': 1.0, '_a2_': 1.0, '_a4_': 1.0, '_a6_': 1.0, '_a7_': 1.0}};{'d0': 0.024905832919416577};-280.569866449044;53.13274919152569
48371;-87.1521840329966;((x * _a1_) * ((x * ((pow2(_a1_) * _a3_) + (x + (_a5_ / x)))) / pow3(_a5_)));{'d0': {'_a1_': 0.4905619281654135, '_a3_': 2.592382335687152, '_a5_': 0.5256917692374603, '_a0_': 1.0, '_a2_': 1.0, '_a4_': 1.0, '_a6_': 1.0, '_a7_': 1.0}};{'d0': 0.024905832919416577};-280.569866449044;53.13274919152569
48372;-87.1521840329966;((x * _a1_) * ((x * ((pow2(_a1_) * _a3_) + (x + (_a5_ / x)))) / pow3(_a5_)));{'d0': {'_a1_': 0.4905619281654135, '_a3_': 2.592382335687152, '_a5_': 0.5256917692374603, '_a0_': 1.0, '_a2_': 1.0, '_a4_': 1.0, '_a6_': 1.0, '_a7_': 1.0}};{'d0': 0.024905832919416577};-280.569866449044;53.13274919152569
48373;-87.1521840329966;((x * _a1_) * ((x * ((pow2(_a1_) * _a3_) + (x + (_a5_ / x)))) / pow3(_a5_)));{'d0': {'_a1_': 0.4905619281654135, '_a3_': 2.592382335687152, '_a5_': 0.5256917692374603, '_a0_': 1.0, '_a2_': 1.0, '_a4_': 1.0, '_a6_': 1.0, '_a7_': 1.0}};{'d0': 0.024905832919416577};-280.569866449044;53.13274919152569
48374;-87.1521840329966;((x * _a1_) * ((x * ((pow2(_a1_) * _a3_) + (x + (_a5_ / x)))) / pow3(_a5_)));{'d0': {'_a1_': 0.4905619281654135, '_a3_': 2.592382335687152, '_a5_': 0.5256917692374603, '_a0_': 1.0, '_a2_': 1.0, '_a4_': 1.0, '_a6_': 1.0, '_a7_': 1.0}};{'d0': 0.024905832919416577};-280.569866449044;53.13274919152569
48375;-87.1521840329966;((x * _a1_) * ((x * ((pow2(_a1_) * _a3_) + (x + (_a5_ / x)))) / pow3(_a5_)));{'d0': {'_a1_': 0.4905619281654135, '_a3_': 2.592382335687152, '_a5_': 0.5256917692374603, '_a0_': 1.0, '_a2_': 1.0, '_a4_': 1.0, '_a6_': 1.0, '_a7_': 1.0}};{'d0': 0.024905832919416577};-280.569866449044;53.13274919152569
48376;-87.1521840329966;((x * _a1_) * ((x * ((pow2(_a1_) * _a3_) + (x + (_a5_ / x)))) / pow3(_a5_)));{'d0': {'_a1_': 0.4905619281654135, '_a3_': 2.592382335687152, '_a5_': 0.5256917692374603, '_a0_': 1.0, '_a2_': 1.0, '_a4_': 1.0, '_a6_': 1.0, '_a7_': 1.0}};{'d0': 0.024905832919416577};-280.569866449044;53.13274919152569
48377;-87.1521840329966;((x * _a1_) * ((x * ((pow2(_a1_) * _a3_) + (x + (_a5_ / x)))) / pow3(_a5_)));{'d0': {'_a1_': 0.4905619281654135, '_a3_': 2.592382335687152, '_a5_': 0.5256917692374603, '_a0_': 1.0, '_a2_': 1.0, '_a4_': 1.0, '_a6_': 1.0, '_a7_': 1.0}};{'d0': 0.024905832919416577};-280.569866449044;53.13274919152569
48378;-87.1521840329966;((x * _a1_) * ((x * ((pow2(_a1_) * _a3_) + (x + (_a5_ / x)))) / pow3(_a5_)));{'d0': {'_a1_': 0.4905619281654135, '_a3_': 2.592382335687152, '_a5_': 0.5256917692374603, '_a0_': 1.0, '_a2_': 1.0, '_a4_': 1.0, '_a6_': 1.0, '_a7_': 1.0}};{'d0': 0.024905832919416577};-280.569866449044;53.13274919152569
48379;-85.1050117467569;((x * _a1_) * ((x * ((pow2(_a1_) * _a3_) + (x + (_a7_ / x)))) / pow3(_a5_)));{'d0': {'_a1_': 0.43232389897685364, '_a3_': 3.3378597055930306, '_a5_': 0.5040067101066898, '_a7_': 0.5256917703895405, '_a0_': 1.0, '_a2_': 1.0, '_a4_': 1.0, '_a6_': 1.0}};{'d0': 0.024905832923674355};-276.475521876564;53.13274919152569
48380;-79.2308578996662;((x * _a1_) * ((x * ((pow2((_a7_ / _a1_)) * _a3_) + (x + (_a7_ / x)))) / pow3(_a5_)));{'d0': {'_a1_': -31.041872971595325, '_a3_': 2175.3045185799365, '_a5_': -2.094832096961985, '_a7_': 0.5256917708234616, '_a0_': 1.0, '_a2_': 1.0, '_a4_': 1.0, '_a6_': 1.0}};{'d0': 0.024905832921348743};-276.475521882167;59.00690304141769
48381;-79.2308578996662;((x * _a1_) * ((x * ((pow2((_a7_ / _a1_)) * _a3_) + (x + (_a7_ / x)))) / pow3(_a5_)));{'d0': {'_a1_': -31.041872971595325, '_a3_': 2175.3045185799365, '_a5_': -2.094832096961985, '_a7_': 0.5256917708234616, '_a0_': 1.0, '_a2_': 1.0, '_a4_': 1.0, '_a6_': 1.0}};{'d0': 0.024905832921348743};-276.475521882167;59.00690304141769
48382;-79.2308578996662;((x * _a1_) * ((x * ((pow2((_a7_ / _a1_)) * _a3_) + (x + (_a7_ / x)))) / pow3(_a5_)));{'d0': {'_a1_': -31.041872971595325, '_a3_': 2175.3045185799365, '_a5_': -2.094832096961985, '_a7_': 0.5256917708234616, '_a0_': 1.0, '_a2_': 1.0, '_a4_': 1.0, '_a6_': 1.0}};{'d0': 0.024905832921348743};-276.475521882167;59.00690304141769
48383;-79.2308578996662;((x * _a1_) * ((x * ((pow2((_a7_ / _a1_)) * _a3_) + (x + (_a7_ / x)))) / pow3(_a5_)));{'d0': {'_a1_': -31.041872971595325, '_a3_': 2175.3045185799365, '_a5_': -2.094832096961985, '_a7_': 0.5256917708234616, '_a0_': 1.0, '_a2_': 1.0, '_a4_': 1.0, '_a6_': 1.0}};{'d0': 0.024905832921348743};-276.475521882167;59.00690304141769
48384;-79.2308578996662;((x * _a1_) * ((x * ((pow2((_a7_ / _a1_)) * _a3_) + (x + (_a7_ / x)))) / pow3(_a5_)));{'d0': {'_a1_': -31.041872971595325, '_a3_': 2175.3045185799365, '_a5_': -2.094832096961985, '_a7_': 0.5256917708234616, '_a0_': 1.0, '_a2_': 1.0, '_a4_': 1.0, '_a6_': 1.0}};{'d0': 0.024905832921348743};-276.475521882167;59.00690304141769
48385;-79.2308578996662;((x * _a1_) * ((x * ((pow2((_a7_ / _a1_)) * _a3_) + (x + (_a7_ / x)))) / pow3(_a5_)));{'d0': {'_a1_': -31.041872971595325, '_a3_': 2175.3045185799365, '_a5_': -2.094832096961985, '_a7_': 0.5256917708234616, '_a0_': 1.0, '_a2_': 1.0, '_a4_': 1.0, '_a6_': 1.0}};{'d0': 0.024905832921348743};-276.475521882167;59.00690304141769
48386;-79.2308578996662;((x * _a1_) * ((x * ((pow2((_a7_ / _a1_)) * _a3_) + (x + (_a7_ / x)))) / pow3(_a5_)));{'d0': {'_a1_': -31.041872971595325, '_a3_': 2175.3045185799365, '_a5_': -2.094832096961985, '_a7_': 0.5256917708234616, '_a0_': 1.0, '_a2_': 1.0, '_a4_': 1.0, '_a6_': 1.0}};{'d0': 0.024905832921348743};-276.475521882167;59.00690304141769
48387;-79.2308578996662;((x * _a1_) * ((x * ((pow2((_a7_ / _a1_)) * _a3_) + (x + (_a7_ / x)))) / pow3(_a5_)));{'d0': {'_a1_': -31.041872971595325, '_a3_': 2175.3045185799365, '_a5_': -2.094832096961985, '_a7_': 0.5256917708234616, '_a0_': 1.0, '_a2_': 1.0, '_a4_': 1.0, '_a6_': 1.0}};{'d0': 0.024905832921348743};-276.475521882167;59.00690304141769
48388;-79.2308578996662;((x * _a1_) * ((x * ((pow2((_a7_ / _a1_)) * _a3_) + (x + (_a7_ / x)))) / pow3(_a5_)));{'d0': {'_a1_': -31.041872971595325, '_a3_': 2175.3045185799365, '_a5_': -2.094832096961985, '_a7_': 0.5256917708234616, '_a0_': 1.0, '_a2_': 1.0, '_a4_': 1.0, '_a6_': 1.0}};{'d0': 0.024905832921348743};-276.475521882167;59.00690304141769
48389;-79.2308578996662;((x * _a1_) * ((x * ((pow2((_a7_ / _a1_)) * _a3_) + (x + (_a7_ / x)))) / pow3(_a5_)));{'d0': {'_a1_': -31.041872971595325, '_a3_': 2175.3045185799365, '_a5_': -2.094832096961985, '_a7_': 0.5256917708234616, '_a0_': 1.0, '_a2_': 1.0, '_a4_': 1.0, '_a6_': 1.0}};{'d0': 0.024905832921348743};-276.475521882167;59.00690304141769
48390;-79.2308578996662;((x * _a1_) * ((x * ((pow2((_a7_ / _a1_)) * _a3_) + (x + (_a7_ / x)))) / pow3(_a5_)));{'d0': {'_a1_': -31.041872971595325, '_a3_': 2175.3045185799365, '_a5_': -2.094832096961985, '_a7_': 0.5256917708234616, '_a0_': 1.0, '_a2_': 1.0, '_a4_': 1.0, '_a6_': 1.0}};{'d0': 0.024905832921348743};-276.475521882167;59.00690304141769
48391;-79.2308578996662;((x * _a1_) * ((x * ((pow2((_a7_ / _a1_)) * _a3_) + (x + (_a7_ / x)))) / pow3(_a5_)));{'d0': {'_a1_': -31.041872971595325, '_a3_': 2175.3045185799365, '_a5_': -2.094832096961985, '_a7_': 0.5256917708234616, '_a0_': 1.0, '_a2_': 1.0, '_a4_': 1.0, '_a6_': 1.0}};{'d0': 0.024905832921348743};-276.475521882167;59.00690304141769
48392;-79.2308578996662;((x * _a1_) * ((x * ((pow2((_a7_ / _a1_)) * _a3_) + (x + (_a7_ / x)))) / pow3(_a5_)));{'d0': {'_a1_': -31.041872971595325, '_a3_': 2175.3045185799365, '_a5_': -2.094832096961985, '_a7_': 0.5256917708234616, '_a0_': 1.0, '_a2_': 1.0, '_a4_': 1.0, '_a6_': 1.0}};{'d0': 0.024905832921348743};-276.475521882167;59.00690304141769
48393;-79.2308578996662;((x * _a1_) * ((x * ((pow2((_a7_ / _a1_)) * _a3_) + (x + (_a7_ / x)))) / pow3(_a5_)));{'d0': {'_a1_': -31.041872971595325, '_a3_': 2175.3045185799365, '_a5_': -2.094832096961985, '_a7_': 0.5256917708234616, '_a0_': 1.0, '_a2_': 1.0, '_a4_': 1.0, '_a6_': 1.0}};{'d0': 0.024905832921348743};-276.475521882167;59.00690304141769
48394;-78.2595967710124;((x * _a1_) * ((x * ((pow2((_a7_ / _a1_)) + _a3_) + (x + (_a7_ / x)))) / pow3(_a5_)));{'d0': {'_a1_': 4038.1933170876814, '_a3_': 0.623859398443229, '_a5_': 10.614404587149666, '_a7_': 0.5256917697852918, '_a0_': 1.0, '_a2_': 1.0, '_a4_': 1.0, '_a6_': 1.0}};{'d0': 0.024905832925566813};-276.475521872005;59.97816416499069
48395;-78.2595967710124;((x * _a1_) * ((x * ((pow2((_a7_ / _a1_)) + _a3_) + (x + (_a7_ / x)))) / pow3(_a5_)));{'d0': {'_a1_': 4038.1933170876814, '_a3_': 0.623859398443229, '_a5_': 10.614404587149666, '_a7_': 0.5256917697852918, '_a0_': 1.0, '_a2_': 1.0, '_a4_': 1.0, '_a6_': 1.0}};{'d0': 0.024905832925566813};-276.475521872005;59.97816416499069
48396;-78.2595967710124;((x * _a1_) * ((x * ((pow2((_a7_ / _a1_)) + _a3_) + (x + (_a7_ / x)))) / pow3(_a5_)));{'d0': {'_a1_': 4038.1933170876814, '_a3_': 0.623859398443229, '_a5_': 10.614404587149666, '_a7_': 0.5256917697852918, '_a0_': 1.0, '_a2_': 1.0, '_a4_': 1.0, '_a6_': 1.0}};{'d0': 0.024905832925566813};-276.475521872005;59.97816416499069
48397;-78.2595967784205;((x * _a7_) * ((x * ((pow2((_a7_ / _a1_)) + _a3_) + (x + (_a7_ / x)))) / pow3(_a5_)));{'d0': {'_a1_': 4003.0256580503737, '_a3_': 0.6238593981635054, '_a5_': 0.5379521200984879, '_a7_': 0.52569177010466, '_a0_': 1.0, '_a2_': 1.0, '_a4_': 1.0, '_a6_': 1.0}};{'d0': 0.024905832919416615};-276.475521886822;59.97816416499069
48398;-78.2595967784205;((x * _a7_) * ((x * ((pow2((_a7_ / _a1_)) + _a3_) + (x + (_a7_ / x)))) / pow3(_a5_)));{'d0': {'_a1_': 4003.0256580503737, '_a3_': 0.6238593981635054, '_a5_': 0.5379521200984879, '_a7_': 0.52569177010466, '_a0_': 1.0, '_a2_': 1.0, '_a4_': 1.0, '_a6_': 1.0}};{'d0': 0.024905832919416615};-276.475521886822;59.97816416499069
48399;-84.1337506206665;((x * _a7_) * ((x * ((pow2(_a6_) + _a3_) + (x + (_a7_ / x)))) / pow3(_a5_)));{'d0': {'_a3_': -0.04937490089238263, '_a5_': 0.5379521202826139, '_a6_': 0.8205087256628476, '_a7_': 0.525691770410024, '_a0_': 1.0, '_a1_': 1.0, '_a2_': 1.0, '_a4_': 1.0}};{'d0': 0.02490583292576433};-276.475521871529;54.10401031509869
48400;-84.1801978273142;((x * _a7_) * ((x * ((pow2(_a6_) / _a3_) + (x + (_a7_ / x)))) / pow3(_a5_)));{'d0': {'_a3_': 0.10900093091961108, '_a5_': 0.5379521199080535, '_a6_': -0.26077051352195685, '_a7_': 0.525691769788795, '_a0_': 1.0, '_a1_': 1.0, '_a2_': 1.0, '_a4_': 1.0}};{'d0': 0.024905832919529816};-276.475521886549;54.05756311596069
48401;-84.1801978273142;((x * _a7_) * ((x * ((pow2(_a6_) / _a3_) + (x + (_a7_ / x)))) / pow3(_a5_)));{'d0': {'_a3_': 0.10900093091961108, '_a5_': 0.5379521199080535, '_a6_': -0.26077051352195685, '_a7_': 0.525691769788795, '_a0_': 1.0, '_a1_': 1.0, '_a2_': 1.0, '_a4_': 1.0}};{'d0': 0.024905832919529816};-276.475521886549;54.05756311596069
48402;-84.1801978273142;((x * _a7_) * ((x * ((pow2(_a6_) / _a3_) + (x + (_a7_ / x)))) / pow3(_a5_)));{'d0': {'_a3_': 0.10900093091961108, '_a5_': 0.5379521199080535, '_a6_': -0.26077051352195685, '_a7_': 0.525691769788795, '_a0_': 1.0, '_a1_': 1.0, '_a2_': 1.0, '_a4_': 1.0}};{'d0': 0.024905832919529816};-276.475521886549;54.05756311596069
48403;-84.1801978273142;((x * _a7_) * ((x * ((pow2(_a6_) / _a3_) + (x + (_a7_ / x)))) / pow3(_a5_)));{'d0': {'_a3_': 0.10900093091961108, '_a5_': 0.5379521199080535, '_a6_': -0.26077051352195685, '_a7_': 0.525691769788795, '_a0_': 1.0, '_a1_': 1.0, '_a2_': 1.0, '_a4_': 1.0}};{'d0': 0.024905832919529816};-276.475521886549;54.05756311596069
48404;-84.1801978273142;((x * _a7_) * ((x * ((pow2(_a6_) / _a3_) + (x + (_a7_ / x)))) / pow3(_a5_)));{'d0': {'_a3_': 0.10900093091961108, '_a5_': 0.5379521199080535, '_a6_': -0.26077051352195685, '_a7_': 0.525691769788795, '_a0_': 1.0, '_a1_': 1.0, '_a2_': 1.0, '_a4_': 1.0}};{'d0': 0.024905832919529816};-276.475521886549;54.05756311596069
48405;-84.1801978273142;((x * _a7_) * ((x * ((pow2(_a6_) / _a3_) + (x + (_a7_ / x)))) / pow3(_a5_)));{'d0': {'_a3_': 0.10900093091961108, '_a5_': 0.5379521199080535, '_a6_': -0.26077051352195685, '_a7_': 0.525691769788795, '_a0_': 1.0, '_a1_': 1.0, '_a2_': 1.0, '_a4_': 1.0}};{'d0': 0.024905832919529816};-276.475521886549;54.05756311596069
48406;-84.1801978273142;((x * _a7_) * ((x * ((pow2(_a6_) / _a3_) + (x + (_a7_ / x)))) / pow3(_a5_)));{'d0': {'_a3_': 0.10900093091961108, '_a5_': 0.5379521199080535, '_a6_': -0.26077051352195685, '_a7_': 0.525691769788795, '_a0_': 1.0, '_a1_': 1.0, '_a2_': 1.0, '_a4_': 1.0}};{'d0': 0.024905832919529816};-276.475521886549;54.05756311596069
48407;-84.1801978273142;((x * _a7_) * ((x * ((pow2(_a6_) / _a3_) + (x + (_a7_ / x)))) / pow3(_a5_)));{'d0': {'_a3_': 0.10900093091961108, '_a5_': 0.5379521199080535, '_a6_': -0.26077051352195685, '_a7_': 0.525691769788795, '_a0_': 1.0, '_a1_': 1.0, '_a2_': 1.0, '_a4_': 1.0}};{'d0': 0.024905832919529816};-276.475521886549;54.05756311596069
48408;-96.6984185322654;(((-(((_a0_ * _a5_) * _a3_)) * (-((_a5_ + x)) * x)) + _a3_) * x);{'d0': {'_a0_': 3.049173157283344, '_a3_': 1.775135403995044, '_a5_': 0.6238594154876556, '_a1_': 1.0, '_a2_': 1.0, '_a4_': 1.0, '_a6_': 1.0, '_a7_': 1.0}};{'d0': 0.024905832919416622};-280.569866449044;43.58651469225645
48409;-96.6984185322654;(((-(((_a0_ * _a5_) * _a3_)) * (-((_a5_ + x)) * x)) + _a3_) * x);{'d0': {'_a0_': 3.049173157283344, '_a3_': 1.775135403995044, '_a5_': 0.6238594154876556, '_a1_': 1.0, '_a2_': 1.0, '_a4_': 1.0, '_a6_': 1.0, '_a7_': 1.0}};{'d0': 0.024905832919416622};-280.569866449044;43.58651469225645
48410;-96.6984185322654;(((-(((_a0_ * _a5_) * _a3_)) * (-((_a5_ + x)) * x)) + _a3_) * x);{'d0': {'_a0_': 3.049173157283344, '_a3_': 1.775135403995044, '_a5_': 0.6238594154876556, '_a1_': 1.0, '_a2_': 1.0, '_a4_': 1.0, '_a6_': 1.0, '_a7_': 1.0}};{'d0': 0.024905832919416622};-280.569866449044;43.58651469225645
48411;-96.6984185322654;(((-(((_a0_ * _a5_) * _a3_)) * (-((_a5_ + x)) * x)) + _a3_) * x);{'d0': {'_a0_': 3.049173157283344, '_a3_': 1.775135403995044, '_a5_': 0.6238594154876556, '_a1_': 1.0, '_a2_': 1.0, '_a4_': 1.0, '_a6_': 1.0, '_a7_': 1.0}};{'d0': 0.024905832919416622};-280.569866449044;43.58651469225645
48412;-96.6984185322654;(((-(((_a0_ * _a5_) * _a3_)) * (-((_a5_ + x)) * x)) + _a3_) * x);{'d0': {'_a0_': 3.049173157283344, '_a3_': 1.775135403995044, '_a5_': 0.6238594154876556, '_a1_': 1.0, '_a2_': 1.0, '_a4_': 1.0, '_a6_': 1.0, '_a7_': 1.0}};{'d0': 0.024905832919416622};-280.569866449044;43.58651469225645
48413;-96.6984185322654;(((-(((_a0_ * _a5_) * _a3_)) * (-((_a5_ + x)) * x)) + _a3_) * x);{'d0': {'_a0_': 3.049173157283344, '_a3_': 1.775135403995044, '_a5_': 0.6238594154876556, '_a1_': 1.0, '_a2_': 1.0, '_a4_': 1.0, '_a6_': 1.0, '_a7_': 1.0}};{'d0': 0.024905832919416622};-280.569866449044;43.58651469225645
48414;-96.3802527335244;(((-((sqrt(_a0_) * _a3_)) * (-((_a5_ + x)) * x)) + _a3_) * x);{'d0': {'_a0_': 3.6185755355440556, '_a3_': 1.775135404717918, '_a5_': 0.6238594155700632, '_a1_': 1.0, '_a2_': 1.0, '_a4_': 1.0, '_a6_': 1.0, '_a7_': 1.0}};{'d0': 0.024905832919416667};-280.569866449044;43.90468049099745
48415;-96.3802527335244;(((-((sqrt(_a0_) * _a3_)) * (-((_a5_ + x)) * x)) + _a3_) * x);{'d0': {'_a0_': 3.6185755355440556, '_a3_': 1.775135404717918, '_a5_': 0.6238594155700632, '_a1_': 1.0, '_a2_': 1.0, '_a4_': 1.0, '_a6_': 1.0, '_a7_': 1.0}};{'d0': 0.024905832919416667};-280.569866449044;43.90468049099745
48416;-96.3802527335244;(((-((sqrt(_a0_) * _a3_)) * (-((_a5_ + x)) * x)) + _a3_) * x);{'d0': {'_a0_': 3.6185755355440556, '_a3_': 1.775135404717918, '_a5_': 0.6238594155700632, '_a1_': 1.0, '_a2_': 1.0, '_a4_': 1.0, '_a6_': 1.0, '_a7_': 1.0}};{'d0': 0.024905832919416667};-280.569866449044;43.90468049099745
48417;-96.3802527335244;(((-((sqrt(_a0_) * _a3_)) * (-((_a5_ + x)) * x)) + _a3_) * x);{'d0': {'_a0_': 3.6185755355440556, '_a3_': 1.775135404717918, '_a5_': 0.6238594155700632, '_a1_': 1.0, '_a2_': 1.0, '_a4_': 1.0, '_a6_': 1.0, '_a7_': 1.0}};{'d0': 0.024905832919416667};-280.569866449044;43.90468049099745
48418;-96.3802527335244;(((-((sqrt(_a0_) * _a3_)) * (-((_a5_ + x)) * x)) + _a3_) * x);{'d0': {'_a0_': 3.6185755355440556, '_a3_': 1.775135404717918, '_a5_': 0.6238594155700632, '_a1_': 1.0, '_a2_': 1.0, '_a4_': 1.0, '_a6_': 1.0, '_a7_': 1.0}};{'d0': 0.024905832919416667};-280.569866449044;43.90468049099745
48419;-96.3802527335244;(((-((sqrt(_a0_) * _a3_)) * (-((_a5_ + x)) * x)) + _a3_) * x);{'d0': {'_a0_': 3.6185755355440556, '_a3_': 1.775135404717918, '_a5_': 0.6238594155700632, '_a1_': 1.0, '_a2_': 1.0, '_a4_': 1.0, '_a6_': 1.0, '_a7_': 1.0}};{'d0': 0.024905832919416667};-280.569866449044;43.90468049099745
48420;-96.3802527335244;(((-((sqrt(_a0_) * _a3_)) * (-((_a5_ + x)) * x)) + _a3_) * x);{'d0': {'_a0_': 3.6185755355440556, '_a3_': 1.775135404717918, '_a5_': 0.6238594155700632, '_a1_': 1.0, '_a2_': 1.0, '_a4_': 1.0, '_a6_': 1.0, '_a7_': 1.0}};{'d0': 0.024905832919416667};-280.569866449044;43.90468049099745
48421;-96.3802527335244;(((-((sqrt(_a0_) * _a3_)) * (-((_a5_ + x)) * x)) + _a3_) * x);{'d0': {'_a0_': 3.6185755355440556, '_a3_': 1.775135404717918, '_a5_': 0.6238594155700632, '_a1_': 1.0, '_a2_': 1.0, '_a4_': 1.0, '_a6_': 1.0, '_a7_': 1.0}};{'d0': 0.024905832919416667};-280.569866449044;43.90468049099745
48422;-96.3802527335244;(((-((sqrt(_a4_) * _a3_)) * (-((_a5_ + x)) * x)) + _a3_) * x);{'d0': {'_a3_': 1.7751354042657068, '_a4_': 3.6185755384647766, '_a5_': 0.6238594155166889, '_a0_': 1.0, '_a1_': 1.0, '_a2_': 1.0, '_a6_': 1.0, '_a7_': 1.0}};{'d0': 0.02490583291941664};-280.569866449044;43.90468049099745
48423;-96.3802527335244;(((-((sqrt(_a4_) * _a3_)) * (-((_a5_ + x)) * x)) + _a3_) * x);{'d0': {'_a3_': 1.7751354042657068, '_a4_': 3.6185755384647766, '_a5_': 0.6238594155166889, '_a0_': 1.0, '_a1_': 1.0, '_a2_': 1.0, '_a6_': 1.0, '_a7_': 1.0}};{'d0': 0.02490583291941664};-280.569866449044;43.90468049099745
48424;-96.3802527335244;(((-((sqrt(_a4_) * _a3_)) * (-((_a5_ + x)) * x)) + _a3_) * x);{'d0': {'_a3_': 1.7751354042657068, '_a4_': 3.6185755384647766, '_a5_': 0.6238594155166889, '_a0_': 1.0, '_a1_': 1.0, '_a2_': 1.0, '_a6_': 1.0, '_a7_': 1.0}};{'d0': 0.02490583291941664};-280.569866449044;43.90468049099745
48425;-96.3802527335244;(((-((sqrt(_a4_) * _a3_)) * (-((_a5_ + x)) * x)) + _a3_) * x);{'d0': {'_a3_': 1.7751354042657068, '_a4_': 3.6185755384647766, '_a5_': 0.6238594155166889, '_a0_': 1.0, '_a1_': 1.0, '_a2_': 1.0, '_a6_': 1.0, '_a7_': 1.0}};{'d0': 0.02490583291941664};-280.569866449044;43.90468049099745
48426;-96.3802527335244;(((-((sqrt(_a4_) * _a3_)) * (-((_a5_ + x)) * x)) + _a3_) * x);{'d0': {'_a3_': 1.7751354042657068, '_a4_': 3.6185755384647766, '_a5_': 0.6238594155166889, '_a0_': 1.0, '_a1_': 1.0, '_a2_': 1.0, '_a6_': 1.0, '_a7_': 1.0}};{'d0': 0.02490583291941664};-280.569866449044;43.90468049099745
48427;-96.3802527335244;(((-((sqrt(_a4_) * _a3_)) * (-((_a5_ + x)) * x)) + _a3_) * x);{'d0': {'_a3_': 1.7751354042657068, '_a4_': 3.6185755384647766, '_a5_': 0.6238594155166889, '_a0_': 1.0, '_a1_': 1.0, '_a2_': 1.0, '_a6_': 1.0, '_a7_': 1.0}};{'d0': 0.02490583291941664};-280.569866449044;43.90468049099745
48428;-96.3802527335244;(((-((sqrt(_a4_) * _a3_)) * (-((_a5_ + x)) * x)) + _a3_) * x);{'d0': {'_a3_': 1.7751354042657068, '_a4_': 3.6185755384647766, '_a5_': 0.6238594155166889, '_a0_': 1.0, '_a1_': 1.0, '_a2_': 1.0, '_a6_': 1.0, '_a7_': 1.0}};{'d0': 0.02490583291941664};-280.569866449044;43.90468049099745
48429;-69.7091197638968;((x * _a7_) * ((x * ((pow2((_a4_ * pow2(_a0_))) / _a3_) + (x + (_a7_ * x)))) + pow3(pow3(_a0_))));{'d0': {'_a0_': 1.0263708856805165, '_a3_': 0.8163385553753026, '_a4_': 1.0504460694029971, '_a7_': 1.4044056496555537, '_a1_': 1.0, '_a2_': 1.0, '_a5_': 1.0, '_a6_': 1.0}};{'d0': 0.024905832919671425};-276.475521886208;68.5286411792075
48430;-67.4864531877193;((x * _a7_) * ((x * ((pow2((_a4_ * (_a0_ + _a3_))) / _a3_) + (x + (_a7_ * x)))) + pow3(pow3(_a0_))));{'d0': {'_a0_': 1.0263708856244496, '_a3_': 0.8145162771837124, '_a4_': 0.6004404746401388, '_a7_': 1.4044056501148678, '_a1_': 1.0, '_a2_': 1.0, '_a5_': 1.0, '_a6_': 1.0}};{'d0': 0.024905832919470097};-276.475521886693;70.7513077556275
48431;-67.4864531877193;((x * _a7_) * ((x * ((pow2((_a4_ * (_a0_ + _a3_))) / _a3_) + (x + (_a7_ * x)))) + pow3(pow3(_a0_))));{'d0': {'_a0_': 1.0263708856244496, '_a3_': 0.8145162771837124, '_a4_': 0.6004404746401388, '_a7_': 1.4044056501148678, '_a1_': 1.0, '_a2_': 1.0, '_a5_': 1.0, '_a6_': 1.0}};{'d0': 0.024905832919470097};-276.475521886693;70.7513077556275
48432;-67.4864531876194;((x * _a7_) * ((x * ((pow2((_a2_ * (_a0_ + _a3_))) / _a3_) + (x + (_a7_ * x)))) + pow3(pow3(_a0_))));{'d0': {'_a0_': 1.0263708857076193, '_a2_': 0.6040123694429628, '_a3_': 1.1081878209177694, '_a7_': 1.4044056493989685, '_a1_': 1.0, '_a4_': 1.0, '_a5_': 1.0, '_a6_': 1.0}};{'d0': 0.02490583291955303};-276.475521886493;70.7513077556275
48433;-67.4864531876194;((x * _a7_) * ((x * ((pow2((_a2_ * (_a0_ + _a3_))) / _a3_) + (x + (_a7_ * x)))) + pow3(pow3(_a0_))));{'d0': {'_a0_': 1.0263708857076193, '_a2_': 0.6040123694429628, '_a3_': 1.1081878209177694, '_a7_': 1.4044056493989685, '_a1_': 1.0, '_a4_': 1.0, '_a5_': 1.0, '_a6_': 1.0}};{'d0': 0.02490583291955303};-276.475521886493;70.7513077556275
48434;-67.4864531876194;((x * _a7_) * ((x * ((pow2((_a2_ * (_a0_ + _a3_))) / _a3_) + (x + (_a7_ * x)))) + pow3(pow3(_a0_))));{'d0': {'_a0_': 1.0263708857076193, '_a2_': 0.6040123694429628, '_a3_': 1.1081878209177694, '_a7_': 1.4044056493989685, '_a1_': 1.0, '_a4_': 1.0, '_a5_': 1.0, '_a6_': 1.0}};{'d0': 0.02490583291955303};-276.475521886493;70.7513077556275
48435;-67.4864531876194;((x * _a7_) * ((x * ((pow2((_a2_ * (_a0_ + _a3_))) / _a3_) + (x + (_a7_ * x)))) + pow3(pow3(_a0_))));{'d0': {'_a0_': 1.0263708857076193, '_a2_': 0.6040123694429628, '_a3_': 1.1081878209177694, '_a7_': 1.4044056493989685, '_a1_': 1.0, '_a4_': 1.0, '_a5_': 1.0, '_a6_': 1.0}};{'d0': 0.02490583291955303};-276.475521886493;70.7513077556275
48436;-96.3802527335244;(((-((sqrt(_a4_) * _a3_)) * (-((_a5_ + x)) * x)) + _a3_) * x);{'d0': {'_a3_': 1.7751354042657068, '_a4_': 3.6185755384647766, '_a5_': 0.6238594155166889, '_a0_': 1.0, '_a1_': 1.0, '_a2_': 1.0, '_a6_': 1.0, '_a7_': 1.0}};{'d0': 0.02490583291941664};-280.569866449044;43.90468049099745
48437;-96.3802527335244;(((-((sqrt(_a4_) * _a3_)) * (-((_a5_ + x)) * x)) + _a3_) * x);{'d0': {'_a3_': 1.7751354042657068, '_a4_': 3.6185755384647766, '_a5_': 0.6238594155166889, '_a0_': 1.0, '_a1_': 1.0, '_a2_': 1.0, '_a6_': 1.0, '_a7_': 1.0}};{'d0': 0.02490583291941664};-280.569866449044;43.90468049099745
48438;-96.3802527335244;(((-((sqrt(_a4_) * _a3_)) * (-((_a5_ + x)) * x)) + _a3_) * x);{'d0': {'_a3_': 1.7751354042657068, '_a4_': 3.6185755384647766, '_a5_': 0.6238594155166889, '_a0_': 1.0, '_a1_': 1.0, '_a2_': 1.0, '_a6_': 1.0, '_a7_': 1.0}};{'d0': 0.02490583291941664};-280.569866449044;43.90468049099745
48439;-101.720115744044;(((-((_a0_ * _a3_)) * (-((_a5_ + x)) * x)) + _a3_) * x);{'d0': {'_a0_': 1.9022553836234506, '_a3_': 1.7751354040814726, '_a5_': 0.623859415550215, '_a1_': 1.0, '_a2_': 1.0, '_a4_': 1.0, '_a6_': 1.0, '_a7_': 1.0}};{'d0': 0.024905832919416622};-280.569866449044;38.56481748047745
48440;-101.720115744044;(((-((_a0_ * _a3_)) * (-((_a5_ + x)) * x)) + _a3_) * x);{'d0': {'_a0_': 1.9022553836234506, '_a3_': 1.7751354040814726, '_a5_': 0.623859415550215, '_a1_': 1.0, '_a2_': 1.0, '_a4_': 1.0, '_a6_': 1.0, '_a7_': 1.0}};{'d0': 0.024905832919416622};-280.569866449044;38.56481748047745
48441;-101.720115744044;(((-((_a0_ * _a3_)) * (-((_a5_ + x)) * x)) + _a3_) * x);{'d0': {'_a0_': 1.9022553836234506, '_a3_': 1.7751354040814726, '_a5_': 0.623859415550215, '_a1_': 1.0, '_a2_': 1.0, '_a4_': 1.0, '_a6_': 1.0, '_a7_': 1.0}};{'d0': 0.024905832919416622};-280.569866449044;38.56481748047745
48442;-101.720115744044;(((-((_a0_ * _a3_)) * (-((_a5_ + x)) * x)) + _a3_) * x);{'d0': {'_a0_': 1.9022553836234506, '_a3_': 1.7751354040814726, '_a5_': 0.623859415550215, '_a1_': 1.0, '_a2_': 1.0, '_a4_': 1.0, '_a6_': 1.0, '_a7_': 1.0}};{'d0': 0.024905832919416622};-280.569866449044;38.56481748047745
48443;-101.720115744044;(((-((_a0_ * _a3_)) * (-((_a5_ + x)) * x)) + _a3_) * x);{'d0': {'_a0_': 1.9022553836234506, '_a3_': 1.7751354040814726, '_a5_': 0.623859415550215, '_a1_': 1.0, '_a2_': 1.0, '_a4_': 1.0, '_a6_': 1.0, '_a7_': 1.0}};{'d0': 0.024905832919416622};-280.569866449044;38.56481748047745
48444;-99.5822889035533;((((_a3_ / _a2_) * _a1_) + ((pow2(_a2_) * (_a1_ + x)) * x)) * x);{'d0': {'_a1_': 0.6238594157287918, '_a2_': 1.8375964949233943, '_a3_': 5.228714218939422, '_a0_': 1.0, '_a4_': 1.0, '_a5_': 1.0, '_a6_': 1.0, '_a7_': 1.0}};{'d0': 0.02490583291941665};-280.569866449044;40.702644320968496
48445;-99.5822889035533;((((_a3_ / _a2_) * _a1_) + ((pow2(_a2_) * (_a1_ + x)) * x)) * x);{'d0': {'_a1_': 0.6238594157287918, '_a2_': 1.8375964949233943, '_a3_': 5.228714218939422, '_a0_': 1.0, '_a4_': 1.0, '_a5_': 1.0, '_a6_': 1.0, '_a7_': 1.0}};{'d0': 0.02490583291941665};-280.569866449044;40.702644320968496
48446;-99.5822889035533;((((_a3_ / _a2_) * _a1_) + ((pow2(_a2_) * (_a1_ + x)) * x)) * x);{'d0': {'_a1_': 0.6238594157287918, '_a2_': 1.8375964949233943, '_a3_': 5.228714218939422, '_a0_': 1.0, '_a4_': 1.0, '_a5_': 1.0, '_a6_': 1.0, '_a7_': 1.0}};{'d0': 0.02490583291941665};-280.569866449044;40.702644320968496
48447;-99.5822889035533;((((_a3_ / _a2_) * _a1_) + ((pow2(_a2_) * (_a1_ + x)) * x)) * x);{'d0': {'_a1_': 0.6238594157287918, '_a2_': 1.8375964949233943, '_a3_': 5.228714218939422, '_a0_': 1.0, '_a4_': 1.0, '_a5_': 1.0, '_a6_': 1.0, '_a7_': 1.0}};{'d0': 0.02490583291941665};-280.569866449044;40.702644320968496
48448;-99.5822889035533;((((_a3_ / _a2_) * _a1_) + ((pow2(_a2_) * (_a1_ + x)) * x)) * x);{'d0': {'_a1_': 0.6238594157287918, '_a2_': 1.8375964949233943, '_a3_': 5.228714218939422, '_a0_': 1.0, '_a4_': 1.0, '_a5_': 1.0, '_a6_': 1.0, '_a7_': 1.0}};{'d0': 0.02490583291941665};-280.569866449044;40.702644320968496
48449;-99.5822889035533;((((_a3_ / _a2_) * _a1_) + ((pow2(_a2_) * (_a1_ + x)) * x)) * x);{'d0': {'_a1_': 0.6238594157287918, '_a2_': 1.8375964949233943, '_a3_': 5.228714218939422, '_a0_': 1.0, '_a4_': 1.0, '_a5_': 1.0, '_a6_': 1.0, '_a7_': 1.0}};{'d0': 0.02490583291941665};-280.569866449044;40.702644320968496
48450;-99.5822889035533;((((_a3_ / _a2_) * _a1_) + ((pow2(_a2_) * (_a1_ + x)) * x)) * x);{'d0': {'_a1_': 0.6238594157287918, '_a2_': 1.8375964949233943, '_a3_': 5.228714218939422, '_a0_': 1.0, '_a4_': 1.0, '_a5_': 1.0, '_a6_': 1.0, '_a7_': 1.0}};{'d0': 0.02490583291941665};-280.569866449044;40.702644320968496
48451;-99.5822889035533;((((_a3_ / _a2_) * _a1_) + ((pow2(_a2_) * (_a1_ + x)) * x)) * x);{'d0': {'_a1_': 0.6238594157287918, '_a2_': 1.8375964949233943, '_a3_': 5.228714218939422, '_a0_': 1.0, '_a4_': 1.0, '_a5_': 1.0, '_a6_': 1.0, '_a7_': 1.0}};{'d0': 0.02490583291941665};-280.569866449044;40.702644320968496
48452;-99.5822889035533;((((_a3_ / _a2_) * _a1_) + ((pow2(_a2_) * (_a1_ + x)) * x)) * x);{'d0': {'_a1_': 0.6238594157287918, '_a2_': 1.8375964949233943, '_a3_': 5.228714218939422, '_a0_': 1.0, '_a4_': 1.0, '_a5_': 1.0, '_a6_': 1.0, '_a7_': 1.0}};{'d0': 0.02490583291941665};-280.569866449044;40.702644320968496
48453;-99.5822889035533;((((_a3_ / _a2_) * _a1_) + ((pow2(_a2_) * (_a1_ + x)) * x)) * x);{'d0': {'_a1_': 0.6238594157287918, '_a2_': 1.8375964949233943, '_a3_': 5.228714218939422, '_a0_': 1.0, '_a4_': 1.0, '_a5_': 1.0, '_a6_': 1.0, '_a7_': 1.0}};{'d0': 0.02490583291941665};-280.569866449044;40.702644320968496
48454;-99.5822889035533;((((_a3_ / _a2_) * _a1_) + ((pow2(_a2_) * (_a1_ + x)) * x)) * x);{'d0': {'_a1_': 0.6238594157287918, '_a2_': 1.8375964949233943, '_a3_': 5.228714218939422, '_a0_': 1.0, '_a4_': 1.0, '_a5_': 1.0, '_a6_': 1.0, '_a7_': 1.0}};{'d0': 0.02490583291941665};-280.569866449044;40.702644320968496
48455;-99.5822889035533;((((_a3_ / _a2_) * _a1_) + ((pow2(_a2_) * (_a1_ + x)) * x)) * x);{'d0': {'_a1_': 0.6238594157287918, '_a2_': 1.8375964949233943, '_a3_': 5.228714218939422, '_a0_': 1.0, '_a4_': 1.0, '_a5_': 1.0, '_a6_': 1.0, '_a7_': 1.0}};{'d0': 0.02490583291941665};-280.569866449044;40.702644320968496
48456;-99.5822889035533;((((_a3_ / _a2_) * _a1_) + ((pow2(_a2_) * (_a1_ + x)) * x)) * x);{'d0': {'_a1_': 0.6238594157287918, '_a2_': 1.8375964949233943, '_a3_': 5.228714218939422, '_a0_': 1.0, '_a4_': 1.0, '_a5_': 1.0, '_a6_': 1.0, '_a7_': 1.0}};{'d0': 0.02490583291941665};-280.569866449044;40.702644320968496
48457;-99.5822889035533;((((_a3_ / _a2_) * _a1_) + ((pow2(_a2_) * (_a1_ + x)) * x)) * x);{'d0': {'_a1_': 0.6238594157287918, '_a2_': 1.8375964949233943, '_a3_': 5.228714218939422, '_a0_': 1.0, '_a4_': 1.0, '_a5_': 1.0, '_a6_': 1.0, '_a7_': 1.0}};{'d0': 0.02490583291941665};-280.569866449044;40.702644320968496
48458;-99.5822889035533;((((_a3_ / _a2_) * _a1_) + ((pow2(_a2_) * (_a1_ + x)) * x)) * x);{'d0': {'_a1_': 0.6238594157287918, '_a2_': 1.8375964949233943, '_a3_': 5.228714218939422, '_a0_': 1.0, '_a4_': 1.0, '_a5_': 1.0, '_a6_': 1.0, '_a7_': 1.0}};{'d0': 0.02490583291941665};-280.569866449044;40.702644320968496
48459;-99.5822889035533;((((_a3_ / _a2_) * _a1_) + ((pow2(_a2_) * (_a1_ + x)) * x)) * x);{'d0': {'_a1_': 0.6238594157287918, '_a2_': 1.8375964949233943, '_a3_': 5.228714218939422, '_a0_': 1.0, '_a4_': 1.0, '_a5_': 1.0, '_a6_': 1.0, '_a7_': 1.0}};{'d0': 0.02490583291941665};-280.569866449044;40.702644320968496
48460;-99.5822889035533;((((_a3_ / _a2_) * _a1_) + ((pow2(_a2_) * (_a1_ + x)) * x)) * x);{'d0': {'_a1_': 0.6238594157287918, '_a2_': 1.8375964949233943, '_a3_': 5.228714218939422, '_a0_': 1.0, '_a4_': 1.0, '_a5_': 1.0, '_a6_': 1.0, '_a7_': 1.0}};{'d0': 0.02490583291941665};-280.569866449044;40.702644320968496
48461;-99.5822889035533;((((_a3_ / _a2_) * _a1_) + ((pow2(_a2_) * (_a1_ + x)) * x)) * x);{'d0': {'_a1_': 0.6238594157287918, '_a2_': 1.8375964949233943, '_a3_': 5.228714218939422, '_a0_': 1.0, '_a4_': 1.0, '_a5_': 1.0, '_a6_': 1.0, '_a7_': 1.0}};{'d0': 0.02490583291941665};-280.569866449044;40.702644320968496
48462;-99.5822889035533;((((_a3_ / _a2_) * _a1_) + ((pow2(_a2_) * (_a1_ + x)) * x)) * x);{'d0': {'_a1_': 0.6238594157287918, '_a2_': 1.8375964949233943, '_a3_': 5.228714218939422, '_a0_': 1.0, '_a4_': 1.0, '_a5_': 1.0, '_a6_': 1.0, '_a7_': 1.0}};{'d0': 0.02490583291941665};-280.569866449044;40.702644320968496
48463;-99.5822889035533;((((_a3_ / _a2_) * _a1_) + ((pow2(_a2_) * (_a1_ + x)) * x)) * x);{'d0': {'_a1_': 0.6238594157287918, '_a2_': 1.8375964949233943, '_a3_': 5.228714218939422, '_a0_': 1.0, '_a4_': 1.0, '_a5_': 1.0, '_a6_': 1.0, '_a7_': 1.0}};{'d0': 0.02490583291941665};-280.569866449044;40.702644320968496
48464;-99.5822889035533;((((_a3_ / _a2_) * _a1_) + ((pow2(_a2_) * (_a1_ + x)) * x)) * x);{'d0': {'_a1_': 0.6238594157287918, '_a2_': 1.8375964949233943, '_a3_': 5.228714218939422, '_a0_': 1.0, '_a4_': 1.0, '_a5_': 1.0, '_a6_': 1.0, '_a7_': 1.0}};{'d0': 0.02490583291941665};-280.569866449044;40.702644320968496
48465;-105.382580669956;(((_a7_ * _a1_) + ((pow2(_a2_) * (_a1_ + x)) * x)) * x);{'d0': {'_a1_': 0.6238594155892605, '_a2_': 1.83759649502107, '_a7_': 2.8454093341676665, '_a0_': 1.0, '_a3_': 1.0, '_a4_': 1.0, '_a5_': 1.0, '_a6_': 1.0}};{'d0': 0.024905832919416622};-280.569866449044;34.90235255456609
48466;-105.382580669956;(((_a7_ * _a1_) + ((pow2(_a2_) * (_a1_ + x)) * x)) * x);{'d0': {'_a1_': 0.6238594155892605, '_a2_': 1.83759649502107, '_a7_': 2.8454093341676665, '_a0_': 1.0, '_a3_': 1.0, '_a4_': 1.0, '_a5_': 1.0, '_a6_': 1.0}};{'d0': 0.024905832919416622};-280.569866449044;34.90235255456609
48467;-105.382580669956;(((_a7_ * _a1_) + ((pow2(_a2_) * (_a1_ + x)) * x)) * x);{'d0': {'_a1_': 0.6238594155892605, '_a2_': 1.83759649502107, '_a7_': 2.8454093341676665, '_a0_': 1.0, '_a3_': 1.0, '_a4_': 1.0, '_a5_': 1.0, '_a6_': 1.0}};{'d0': 0.024905832919416622};-280.569866449044;34.90235255456609
48468;-105.382580669956;(((_a7_ * _a1_) + ((pow2(_a2_) * (_a1_ + x)) * x)) * x);{'d0': {'_a1_': 0.6238594155892605, '_a2_': 1.83759649502107, '_a7_': 2.8454093341676665, '_a0_': 1.0, '_a3_': 1.0, '_a4_': 1.0, '_a5_': 1.0, '_a6_': 1.0}};{'d0': 0.024905832919416622};-280.569866449044;34.90235255456609
48469;-105.382580669956;(((_a7_ * _a1_) + ((pow2(_a2_) * (_a1_ + x)) * x)) * x);{'d0': {'_a1_': 0.6238594155892605, '_a2_': 1.83759649502107, '_a7_': 2.8454093341676665, '_a0_': 1.0, '_a3_': 1.0, '_a4_': 1.0, '_a5_': 1.0, '_a6_': 1.0}};{'d0': 0.024905832919416622};-280.569866449044;34.90235255456609
48470;-105.382580669956;(((_a7_ * _a1_) + ((pow2(_a2_) * (_a1_ + x)) * x)) * x);{'d0': {'_a1_': 0.6238594155892605, '_a2_': 1.83759649502107, '_a7_': 2.8454093341676665, '_a0_': 1.0, '_a3_': 1.0, '_a4_': 1.0, '_a5_': 1.0, '_a6_': 1.0}};{'d0': 0.024905832919416622};-280.569866449044;34.90235255456609
48471;-105.382580669956;(((_a7_ * _a1_) + ((pow2(_a2_) * (_a1_ + x)) * x)) * x);{'d0': {'_a1_': 0.6238594155892605, '_a2_': 1.83759649502107, '_a7_': 2.8454093341676665, '_a0_': 1.0, '_a3_': 1.0, '_a4_': 1.0, '_a5_': 1.0, '_a6_': 1.0}};{'d0': 0.024905832919416622};-280.569866449044;34.90235255456609
48472;-105.382580669956;(((_a7_ * _a1_) + ((pow2(_a2_) * (_a1_ + x)) * x)) * x);{'d0': {'_a1_': 0.6238594155892605, '_a2_': 1.83759649502107, '_a7_': 2.8454093341676665, '_a0_': 1.0, '_a3_': 1.0, '_a4_': 1.0, '_a5_': 1.0, '_a6_': 1.0}};{'d0': 0.024905832919416622};-280.569866449044;34.90235255456609
48473;-105.382580669956;(((_a7_ * _a1_) + ((pow2(_a2_) * (_a1_ + x)) * x)) * x);{'d0': {'_a1_': 0.6238594155892605, '_a2_': 1.83759649502107, '_a7_': 2.8454093341676665, '_a0_': 1.0, '_a3_': 1.0, '_a4_': 1.0, '_a5_': 1.0, '_a6_': 1.0}};{'d0': 0.024905832919416622};-280.569866449044;34.90235255456609
48474;-105.382580669956;(((_a7_ * _a1_) + ((pow2(_a2_) * (_a1_ + x)) * x)) * x);{'d0': {'_a1_': 0.6238594155892605, '_a2_': 1.83759649502107, '_a7_': 2.8454093341676665, '_a0_': 1.0, '_a3_': 1.0, '_a4_': 1.0, '_a5_': 1.0, '_a6_': 1.0}};{'d0': 0.024905832919416622};-280.569866449044;34.90235255456609
48475;-105.382580669956;(((_a7_ * _a1_) + ((pow2(_a2_) * (_a1_ + x)) * x)) * x);{'d0': {'_a1_': 0.6238594155892605, '_a2_': 1.83759649502107, '_a7_': 2.8454093341676665, '_a0_': 1.0, '_a3_': 1.0, '_a4_': 1.0, '_a5_': 1.0, '_a6_': 1.0}};{'d0': 0.024905832919416622};-280.569866449044;34.90235255456609
48476;-105.382580669956;(((_a7_ * _a1_) + ((pow2(_a2_) * (_a1_ + x)) * x)) * x);{'d0': {'_a1_': 0.6238594155892605, '_a2_': 1.83759649502107, '_a7_': 2.8454093341676665, '_a0_': 1.0, '_a3_': 1.0, '_a4_': 1.0, '_a5_': 1.0, '_a6_': 1.0}};{'d0': 0.024905832919416622};-280.569866449044;34.90235255456609
48477;-105.382580669956;(((_a7_ * _a1_) + ((pow2(_a2_) * (_a1_ + x)) * x)) * x);{'d0': {'_a1_': 0.6238594155892605, '_a2_': 1.83759649502107, '_a7_': 2.8454093341676665, '_a0_': 1.0, '_a3_': 1.0, '_a4_': 1.0, '_a5_': 1.0, '_a6_': 1.0}};{'d0': 0.024905832919416622};-280.569866449044;34.90235255456609
48478;-105.382580669956;(((_a7_ * _a1_) + ((pow2(_a2_) * (_a1_ + x)) * x)) * x);{'d0': {'_a1_': 0.6238594155892605, '_a2_': 1.83759649502107, '_a7_': 2.8454093341676665, '_a0_': 1.0, '_a3_': 1.0, '_a4_': 1.0, '_a5_': 1.0, '_a6_': 1.0}};{'d0': 0.024905832919416622};-280.569866449044;34.90235255456609
48479;-105.382580669956;(((_a7_ * _a1_) + ((pow2(_a2_) * (_a1_ + x)) * x)) * x);{'d0': {'_a1_': 0.6238594155892605, '_a2_': 1.83759649502107, '_a7_': 2.8454093341676665, '_a0_': 1.0, '_a3_': 1.0, '_a4_': 1.0, '_a5_': 1.0, '_a6_': 1.0}};{'d0': 0.024905832919416622};-280.569866449044;34.90235255456609
48480;-105.382580669956;(((_a7_ * _a1_) + ((pow2(_a2_) * (_a1_ + x)) * x)) * x);{'d0': {'_a1_': 0.6238594155892605, '_a2_': 1.83759649502107, '_a7_': 2.8454093341676665, '_a0_': 1.0, '_a3_': 1.0, '_a4_': 1.0, '_a5_': 1.0, '_a6_': 1.0}};{'d0': 0.024905832919416622};-280.569866449044;34.90235255456609
48481;-105.382580669956;(((_a7_ * _a1_) + ((pow2(_a2_) * (_a1_ + x)) * x)) * x);{'d0': {'_a1_': 0.6238594155892605, '_a2_': 1.83759649502107, '_a7_': 2.8454093341676665, '_a0_': 1.0, '_a3_': 1.0, '_a4_': 1.0, '_a5_': 1.0, '_a6_': 1.0}};{'d0': 0.024905832919416622};-280.569866449044;34.90235255456609
48482;-105.382580669956;(((_a7_ * _a1_) + ((pow2(_a2_) * (_a1_ + x)) * x)) * x);{'d0': {'_a1_': 0.6238594155892605, '_a2_': 1.83759649502107, '_a7_': 2.8454093341676665, '_a0_': 1.0, '_a3_': 1.0, '_a4_': 1.0, '_a5_': 1.0, '_a6_': 1.0}};{'d0': 0.024905832919416622};-280.569866449044;34.90235255456609
48483;-105.382580669956;(((_a7_ * _a1_) + ((pow2(_a2_) * (_a1_ + x)) * x)) * x);{'d0': {'_a1_': 0.6238594155892605, '_a2_': 1.83759649502107, '_a7_': 2.8454093341676665, '_a0_': 1.0, '_a3_': 1.0, '_a4_': 1.0, '_a5_': 1.0, '_a6_': 1.0}};{'d0': 0.024905832919416622};-280.569866449044;34.90235255456609
48484;-105.382580669956;(((_a7_ * _a1_) + ((pow2(_a2_) * (_a1_ + x)) * x)) * x);{'d0': {'_a1_': 0.6238594155892605, '_a2_': 1.83759649502107, '_a7_': 2.8454093341676665, '_a0_': 1.0, '_a3_': 1.0, '_a4_': 1.0, '_a5_': 1.0, '_a6_': 1.0}};{'d0': 0.024905832919416622};-280.569866449044;34.90235255456609
48485;-105.382580669956;(((_a7_ * _a1_) + ((pow2(_a2_) * (_a1_ + x)) * x)) * x);{'d0': {'_a1_': 0.6238594155892605, '_a2_': 1.83759649502107, '_a7_': 2.8454093341676665, '_a0_': 1.0, '_a3_': 1.0, '_a4_': 1.0, '_a5_': 1.0, '_a6_': 1.0}};{'d0': 0.024905832919416622};-280.569866449044;34.90235255456609
48486;-105.382580669956;(((_a7_ * _a1_) + ((pow2(_a2_) * (_a1_ + x)) * x)) * x);{'d0': {'_a1_': 0.6238594155892605, '_a2_': 1.83759649502107, '_a7_': 2.8454093341676665, '_a0_': 1.0, '_a3_': 1.0, '_a4_': 1.0, '_a5_': 1.0, '_a6_': 1.0}};{'d0': 0.024905832919416622};-280.569866449044;34.90235255456609
48487;-105.382580669956;(((_a7_ * _a1_) + ((pow2(_a2_) * (_a1_ + x)) * x)) * x);{'d0': {'_a1_': 0.6238594155892605, '_a2_': 1.83759649502107, '_a7_': 2.8454093341676665, '_a0_': 1.0, '_a3_': 1.0, '_a4_': 1.0, '_a5_': 1.0, '_a6_': 1.0}};{'d0': 0.024905832919416622};-280.569866449044;34.90235255456609
48488;-105.382580669956;(((_a7_ * _a1_) + ((pow2(_a2_) * (_a1_ + x)) * x)) * x);{'d0': {'_a1_': 0.6238594155892605, '_a2_': 1.83759649502107, '_a7_': 2.8454093341676665, '_a0_': 1.0, '_a3_': 1.0, '_a4_': 1.0, '_a5_': 1.0, '_a6_': 1.0}};{'d0': 0.024905832919416622};-280.569866449044;34.90235255456609
48489;-105.382580669956;(((_a7_ * _a1_) + ((pow2(_a2_) * (_a1_ + x)) * x)) * x);{'d0': {'_a1_': 0.6238594155892605, '_a2_': 1.83759649502107, '_a7_': 2.8454093341676665, '_a0_': 1.0, '_a3_': 1.0, '_a4_': 1.0, '_a5_': 1.0, '_a6_': 1.0}};{'d0': 0.024905832919416622};-280.569866449044;34.90235255456609
48490;-105.382580669956;(((_a7_ * _a1_) + ((pow2(_a2_) * (_a1_ + x)) * x)) * x);{'d0': {'_a1_': 0.6238594155892605, '_a2_': 1.83759649502107, '_a7_': 2.8454093341676665, '_a0_': 1.0, '_a3_': 1.0, '_a4_': 1.0, '_a5_': 1.0, '_a6_': 1.0}};{'d0': 0.024905832919416622};-280.569866449044;34.90235255456609
48491;-105.382580669956;(((_a7_ * _a1_) + ((pow2(_a2_) * (_a1_ + x)) * x)) * x);{'d0': {'_a1_': 0.6238594155892605, '_a2_': 1.83759649502107, '_a7_': 2.8454093341676665, '_a0_': 1.0, '_a3_': 1.0, '_a4_': 1.0, '_a5_': 1.0, '_a6_': 1.0}};{'d0': 0.024905832919416622};-280.569866449044;34.90235255456609
48492;-105.382580669956;(((_a7_ * _a1_) + ((pow2(_a2_) * (_a1_ + x)) * x)) * x);{'d0': {'_a1_': 0.6238594155892605, '_a2_': 1.83759649502107, '_a7_': 2.8454093341676665, '_a0_': 1.0, '_a3_': 1.0, '_a4_': 1.0, '_a5_': 1.0, '_a6_': 1.0}};{'d0': 0.024905832919416622};-280.569866449044;34.90235255456609
48493;-105.382580669956;(((_a7_ * _a1_) + ((pow2(_a2_) * (_a1_ + x)) * x)) * x);{'d0': {'_a1_': 0.6238594155892605, '_a2_': 1.83759649502107, '_a7_': 2.8454093341676665, '_a0_': 1.0, '_a3_': 1.0, '_a4_': 1.0, '_a5_': 1.0, '_a6_': 1.0}};{'d0': 0.024905832919416622};-280.569866449044;34.90235255456609
48494;-105.382580669956;(((_a7_ * _a1_) + ((pow2(_a2_) * (_a1_ + x)) * x)) * x);{'d0': {'_a1_': 0.6238594155892605, '_a2_': 1.83759649502107, '_a7_': 2.8454093341676665, '_a0_': 1.0, '_a3_': 1.0, '_a4_': 1.0, '_a5_': 1.0, '_a6_': 1.0}};{'d0': 0.024905832919416622};-280.569866449044;34.90235255456609
48495;-105.382580669956;(((_a7_ * _a1_) + ((pow2(_a2_) * (_a1_ + x)) * x)) * x);{'d0': {'_a1_': 0.6238594155892605, '_a2_': 1.83759649502107, '_a7_': 2.8454093341676665, '_a0_': 1.0, '_a3_': 1.0, '_a4_': 1.0, '_a5_': 1.0, '_a6_': 1.0}};{'d0': 0.024905832919416622};-280.569866449044;34.90235255456609
48496;-101.720115744044;(((-((_a0_ * _a3_)) * (-((_a5_ + x)) * x)) + _a3_) * x);{'d0': {'_a0_': 1.9022553836234506, '_a3_': 1.7751354040814726, '_a5_': 0.623859415550215, '_a1_': 1.0, '_a2_': 1.0, '_a4_': 1.0, '_a6_': 1.0, '_a7_': 1.0}};{'d0': 0.024905832919416622};-280.569866449044;38.56481748047745
48497;-98.0391584277825;(((-((_a0_ * _a3_)) * (-((-(_a7_) + x)) * x)) + _a3_) * x);{'d0': {'_a0_': 1.9022553835519664, '_a3_': 1.7751354040766867, '_a7_': -0.623859415516361, '_a1_': 1.0, '_a2_': 1.0, '_a4_': 1.0, '_a5_': 1.0, '_a6_': 1.0}};{'d0': 0.024905832919416573};-280.569866449044;42.245774796739404
48498;-105.382580669956;(((_a7_ * _a1_) + ((pow2(_a2_) * (_a1_ + x)) * x)) * x);{'d0': {'_a1_': 0.6238594155892605, '_a2_': 1.83759649502107, '_a7_': 2.8454093341676665, '_a0_': 1.0, '_a3_': 1.0, '_a4_': 1.0, '_a5_': 1.0, '_a6_': 1.0}};{'d0': 0.024905832919416622};-280.569866449044;34.90235255456609
48499;-105.382580669956;(((_a7_ * _a1_) + ((pow2(_a2_) * (_a1_ + x)) * x)) * x);{'d0': {'_a1_': 0.6238594155892605, '_a2_': 1.83759649502107, '_a7_': 2.8454093341676665, '_a0_': 1.0, '_a3_': 1.0, '_a4_': 1.0, '_a5_': 1.0, '_a6_': 1.0}};{'d0': 0.024905832919416622};-280.569866449044;34.90235255456609
48500;-105.382580669956;(((_a7_ * _a1_) + ((pow2(_a2_) * (_a1_ + x)) * x)) * x);{'d0': {'_a1_': 0.6238594155892605, '_a2_': 1.83759649502107, '_a7_': 2.8454093341676665, '_a0_': 1.0, '_a3_': 1.0, '_a4_': 1.0, '_a5_': 1.0, '_a6_': 1.0}};{'d0': 0.024905832919416622};-280.569866449044;34.90235255456609
48501;-105.382580669956;(((_a7_ * _a1_) + ((pow2(_a2_) * (_a1_ + x)) * x)) * x);{'d0': {'_a1_': 0.6238594155892605, '_a2_': 1.83759649502107, '_a7_': 2.8454093341676665, '_a0_': 1.0, '_a3_': 1.0, '_a4_': 1.0, '_a5_': 1.0, '_a6_': 1.0}};{'d0': 0.024905832919416622};-280.569866449044;34.90235255456609
48502;-105.382580669956;(((_a7_ * _a1_) + ((pow2(_a2_) * (_a1_ + x)) * x)) * x);{'d0': {'_a1_': 0.6238594155892605, '_a2_': 1.83759649502107, '_a7_': 2.8454093341676665, '_a0_': 1.0, '_a3_': 1.0, '_a4_': 1.0, '_a5_': 1.0, '_a6_': 1.0}};{'d0': 0.024905832919416622};-280.569866449044;34.90235255456609
48503;-105.382580669956;(((_a7_ * _a1_) + ((pow2(_a2_) * (_a1_ + x)) * x)) * x);{'d0': {'_a1_': 0.6238594155892605, '_a2_': 1.83759649502107, '_a7_': 2.8454093341676665, '_a0_': 1.0, '_a3_': 1.0, '_a4_': 1.0, '_a5_': 1.0, '_a6_': 1.0}};{'d0': 0.024905832919416622};-280.569866449044;34.90235255456609
48504;-105.382580669956;(((_a7_ * _a1_) + ((pow2(_a2_) * (_a1_ + x)) * x)) * x);{'d0': {'_a1_': 0.6238594155892605, '_a2_': 1.83759649502107, '_a7_': 2.8454093341676665, '_a0_': 1.0, '_a3_': 1.0, '_a4_': 1.0, '_a5_': 1.0, '_a6_': 1.0}};{'d0': 0.024905832919416622};-280.569866449044;34.90235255456609
48505;-105.382580669956;(((_a7_ * _a1_) + ((pow2(_a2_) * (_a1_ + x)) * x)) * x);{'d0': {'_a1_': 0.6238594155892605, '_a2_': 1.83759649502107, '_a7_': 2.8454093341676665, '_a0_': 1.0, '_a3_': 1.0, '_a4_': 1.0, '_a5_': 1.0, '_a6_': 1.0}};{'d0': 0.024905832919416622};-280.569866449044;34.90235255456609
48506;-105.382580669956;(((_a7_ * _a1_) + ((pow2(_a2_) * (_a1_ + x)) * x)) * x);{'d0': {'_a1_': 0.6238594155892605, '_a2_': 1.83759649502107, '_a7_': 2.8454093341676665, '_a0_': 1.0, '_a3_': 1.0, '_a4_': 1.0, '_a5_': 1.0, '_a6_': 1.0}};{'d0': 0.024905832919416622};-280.569866449044;34.90235255456609
48507;-105.382580669956;(((_a7_ * _a1_) + ((pow2(_a2_) * (_a1_ + x)) * x)) * x);{'d0': {'_a1_': 0.6238594155892605, '_a2_': 1.83759649502107, '_a7_': 2.8454093341676665, '_a0_': 1.0, '_a3_': 1.0, '_a4_': 1.0, '_a5_': 1.0, '_a6_': 1.0}};{'d0': 0.024905832919416622};-280.569866449044;34.90235255456609
48508;-105.382580669956;(((_a7_ * _a1_) + ((pow2(_a2_) * (_a1_ + x)) * x)) * x);{'d0': {'_a1_': 0.6238594155892605, '_a2_': 1.83759649502107, '_a7_': 2.8454093341676665, '_a0_': 1.0, '_a3_': 1.0, '_a4_': 1.0, '_a5_': 1.0, '_a6_': 1.0}};{'d0': 0.024905832919416622};-280.569866449044;34.90235255456609
48509;-105.382580669956;(((_a7_ * _a1_) + ((pow2(_a2_) * (_a1_ + x)) * x)) * x);{'d0': {'_a1_': 0.6238594155892605, '_a2_': 1.83759649502107, '_a7_': 2.8454093341676665, '_a0_': 1.0, '_a3_': 1.0, '_a4_': 1.0, '_a5_': 1.0, '_a6_': 1.0}};{'d0': 0.024905832919416622};-280.569866449044;34.90235255456609
48510;-105.382580669956;(((_a7_ * _a1_) + ((pow2(_a2_) * (_a1_ + x)) * x)) * x);{'d0': {'_a1_': 0.6238594155892605, '_a2_': 1.83759649502107, '_a7_': 2.8454093341676665, '_a0_': 1.0, '_a3_': 1.0, '_a4_': 1.0, '_a5_': 1.0, '_a6_': 1.0}};{'d0': 0.024905832919416622};-280.569866449044;34.90235255456609
48511;-98.0391584277824;(((-((_a6_ * _a7_)) * (-((-(_a7_) + x)) * x)) + _a3_) * x);{'d0': {'_a3_': 1.7751354044777217, '_a6_': -5.412695221554796, '_a7_': -0.6238594156234941, '_a0_': 1.0, '_a1_': 1.0, '_a2_': 1.0, '_a4_': 1.0, '_a5_': 1.0}};{'d0': 0.02490583291941669};-280.569866449043;42.245774796739404
48512;-98.0391584277824;(((-((_a6_ * _a7_)) * (-((-(_a7_) + x)) * x)) + _a3_) * x);{'d0': {'_a3_': 1.7751354044777217, '_a6_': -5.412695221554796, '_a7_': -0.6238594156234941, '_a0_': 1.0, '_a1_': 1.0, '_a2_': 1.0, '_a4_': 1.0, '_a5_': 1.0}};{'d0': 0.02490583291941669};-280.569866449043;42.245774796739404
48513;-98.0391584277824;(((-((_a6_ * _a7_)) * (-((-(_a7_) + x)) * x)) + _a3_) * x);{'d0': {'_a3_': 1.7751354044777217, '_a6_': -5.412695221554796, '_a7_': -0.6238594156234941, '_a0_': 1.0, '_a1_': 1.0, '_a2_': 1.0, '_a4_': 1.0, '_a5_': 1.0}};{'d0': 0.02490583291941669};-280.569866449043;42.245774796739404
48514;-98.0391584277824;(((-((_a6_ * _a7_)) * (-((-(_a7_) + x)) * x)) + _a3_) * x);{'d0': {'_a3_': 1.7751354044777217, '_a6_': -5.412695221554796, '_a7_': -0.6238594156234941, '_a0_': 1.0, '_a1_': 1.0, '_a2_': 1.0, '_a4_': 1.0, '_a5_': 1.0}};{'d0': 0.02490583291941669};-280.569866449043;42.245774796739404
48515;-98.0391584277824;(((-((_a6_ * _a7_)) * (-((-(_a7_) + x)) * x)) + _a3_) * x);{'d0': {'_a3_': 1.7751354044777217, '_a6_': -5.412695221554796, '_a7_': -0.6238594156234941, '_a0_': 1.0, '_a1_': 1.0, '_a2_': 1.0, '_a4_': 1.0, '_a5_': 1.0}};{'d0': 0.02490583291941669};-280.569866449043;42.245774796739404
48516;-98.0391584277824;(((-((_a6_ * _a7_)) * (-((-(_a7_) + x)) * x)) + _a3_) * x);{'d0': {'_a3_': 1.7751354044777217, '_a6_': -5.412695221554796, '_a7_': -0.6238594156234941, '_a0_': 1.0, '_a1_': 1.0, '_a2_': 1.0, '_a4_': 1.0, '_a5_': 1.0}};{'d0': 0.02490583291941669};-280.569866449043;42.245774796739404
48517;-98.0391584277824;(((-((_a6_ * _a7_)) * (-((-(_a7_) + x)) * x)) + _a3_) * x);{'d0': {'_a3_': 1.7751354044777217, '_a6_': -5.412695221554796, '_a7_': -0.6238594156234941, '_a0_': 1.0, '_a1_': 1.0, '_a2_': 1.0, '_a4_': 1.0, '_a5_': 1.0}};{'d0': 0.02490583291941669};-280.569866449043;42.245774796739404
48518;-98.0391584277824;(((-((_a6_ * _a7_)) * (-((-(_a7_) + x)) * x)) + _a3_) * x);{'d0': {'_a3_': 1.7751354044777217, '_a6_': -5.412695221554796, '_a7_': -0.6238594156234941, '_a0_': 1.0, '_a1_': 1.0, '_a2_': 1.0, '_a4_': 1.0, '_a5_': 1.0}};{'d0': 0.02490583291941669};-280.569866449043;42.245774796739404
48519;-98.0391584277824;(((-((_a6_ * _a7_)) * (-((-(_a7_) + x)) * x)) + _a3_) * x);{'d0': {'_a3_': 1.7751354044777217, '_a6_': -5.412695221554796, '_a7_': -0.6238594156234941, '_a0_': 1.0, '_a1_': 1.0, '_a2_': 1.0, '_a4_': 1.0, '_a5_': 1.0}};{'d0': 0.02490583291941669};-280.569866449043;42.245774796739404
48520;-98.0391584277824;(((-((_a6_ * _a7_)) * (-((-(_a7_) + x)) * x)) + _a3_) * x);{'d0': {'_a3_': 1.7751354044777217, '_a6_': -5.412695221554796, '_a7_': -0.6238594156234941, '_a0_': 1.0, '_a1_': 1.0, '_a2_': 1.0, '_a4_': 1.0, '_a5_': 1.0}};{'d0': 0.02490583291941669};-280.569866449043;42.245774796739404
48521;-98.0391584277824;(((-((_a6_ * _a7_)) * (-((-(_a7_) + x)) * x)) + _a3_) * x);{'d0': {'_a3_': 1.7751354044777217, '_a6_': -5.412695221554796, '_a7_': -0.6238594156234941, '_a0_': 1.0, '_a1_': 1.0, '_a2_': 1.0, '_a4_': 1.0, '_a5_': 1.0}};{'d0': 0.02490583291941669};-280.569866449043;42.245774796739404
48522;-98.0391584277824;(((-((_a6_ * _a7_)) * (-((-(_a7_) + x)) * x)) + _a3_) * x);{'d0': {'_a3_': 1.7751354044777217, '_a6_': -5.412695221554796, '_a7_': -0.6238594156234941, '_a0_': 1.0, '_a1_': 1.0, '_a2_': 1.0, '_a4_': 1.0, '_a5_': 1.0}};{'d0': 0.02490583291941669};-280.569866449043;42.245774796739404
48523;-98.0391584277824;(((-((_a6_ * _a7_)) * (-((-(_a7_) + x)) * x)) + _a3_) * x);{'d0': {'_a3_': 1.7751354044777217, '_a6_': -5.412695221554796, '_a7_': -0.6238594156234941, '_a0_': 1.0, '_a1_': 1.0, '_a2_': 1.0, '_a4_': 1.0, '_a5_': 1.0}};{'d0': 0.02490583291941669};-280.569866449043;42.245774796739404
48524;-99.3015498023684;((_a4_ + ((((x / _a7_) + _a1_) / _a5_) * (x + x))) * x);{'d0': {'_a1_': 1.1809927180472506, '_a4_': 1.7751354041488439, '_a5_': 1.121218290328401, '_a7_': 0.5282499924628588, '_a0_': 1.0, '_a2_': 1.0, '_a3_': 1.0, '_a6_': 1.0}};{'d0': 0.024905832919498605};-276.475521886624;38.93621114094358
48525;-99.3015498023684;((_a4_ + ((((x / _a7_) + _a1_) / _a5_) * (x + x))) * x);{'d0': {'_a1_': 1.1809927180472506, '_a4_': 1.7751354041488439, '_a5_': 1.121218290328401, '_a7_': 0.5282499924628588, '_a0_': 1.0, '_a2_': 1.0, '_a3_': 1.0, '_a6_': 1.0}};{'d0': 0.024905832919498605};-276.475521886624;38.93621114094358
48526;-99.3015498023684;((_a4_ + ((((x / _a7_) + _a1_) / _a5_) * (x + x))) * x);{'d0': {'_a1_': 1.1809927180472506, '_a4_': 1.7751354041488439, '_a5_': 1.121218290328401, '_a7_': 0.5282499924628588, '_a0_': 1.0, '_a2_': 1.0, '_a3_': 1.0, '_a6_': 1.0}};{'d0': 0.024905832919498605};-276.475521886624;38.93621114094358
48527;-99.3015498023684;((_a4_ + ((((x / _a7_) + _a1_) / _a5_) * (x + x))) * x);{'d0': {'_a1_': 1.1809927180472506, '_a4_': 1.7751354041488439, '_a5_': 1.121218290328401, '_a7_': 0.5282499924628588, '_a0_': 1.0, '_a2_': 1.0, '_a3_': 1.0, '_a6_': 1.0}};{'d0': 0.024905832919498605};-276.475521886624;38.93621114094358
48528;-99.3015498023684;((_a4_ + ((((x / _a7_) + _a1_) / _a5_) * (x + x))) * x);{'d0': {'_a1_': 1.1809927180472506, '_a4_': 1.7751354041488439, '_a5_': 1.121218290328401, '_a7_': 0.5282499924628588, '_a0_': 1.0, '_a2_': 1.0, '_a3_': 1.0, '_a6_': 1.0}};{'d0': 0.024905832919498605};-276.475521886624;38.93621114094358
48529;-98.0391584277824;(((-((_a6_ * _a7_)) * (-((-(_a7_) + x)) * x)) + _a3_) * x);{'d0': {'_a3_': 1.7751354044777217, '_a6_': -5.412695221554796, '_a7_': -0.6238594156234941, '_a0_': 1.0, '_a1_': 1.0, '_a2_': 1.0, '_a4_': 1.0, '_a5_': 1.0}};{'d0': 0.02490583291941669};-280.569866449043;42.245774796739404
48530;-98.0391584277824;(((-((_a6_ * _a7_)) * (-((-(_a7_) + x)) * x)) + _a3_) * x);{'d0': {'_a3_': 1.7751354044777217, '_a6_': -5.412695221554796, '_a7_': -0.6238594156234941, '_a0_': 1.0, '_a1_': 1.0, '_a2_': 1.0, '_a4_': 1.0, '_a5_': 1.0}};{'d0': 0.02490583291941669};-280.569866449043;42.245774796739404
48531;-98.0391584277824;(((-((_a6_ * _a7_)) * (-((-(_a7_) + x)) * x)) + _a3_) * x);{'d0': {'_a3_': 1.7751354044777217, '_a6_': -5.412695221554796, '_a7_': -0.6238594156234941, '_a0_': 1.0, '_a1_': 1.0, '_a2_': 1.0, '_a4_': 1.0, '_a5_': 1.0}};{'d0': 0.02490583291941669};-280.569866449043;42.245774796739404
48532;-98.0391584277824;(((-((_a6_ * _a7_)) * (-((-(_a7_) + x)) * x)) + _a3_) * x);{'d0': {'_a3_': 1.7751354044777217, '_a6_': -5.412695221554796, '_a7_': -0.6238594156234941, '_a0_': 1.0, '_a1_': 1.0, '_a2_': 1.0, '_a4_': 1.0, '_a5_': 1.0}};{'d0': 0.02490583291941669};-280.569866449043;42.245774796739404
48533;-99.3015498023684;((_a4_ + ((((x / _a7_) + _a1_) / _a5_) * (x + x))) * x);{'d0': {'_a1_': 1.1809927180472506, '_a4_': 1.7751354041488439, '_a5_': 1.121218290328401, '_a7_': 0.5282499924628588, '_a0_': 1.0, '_a2_': 1.0, '_a3_': 1.0, '_a6_': 1.0}};{'d0': 0.024905832919498605};-276.475521886624;38.93621114094358
48534;-99.3015498023684;((_a4_ + ((((x / _a7_) + _a1_) / _a5_) * (x + x))) * x);{'d0': {'_a1_': 1.1809927180472506, '_a4_': 1.7751354041488439, '_a5_': 1.121218290328401, '_a7_': 0.5282499924628588, '_a0_': 1.0, '_a2_': 1.0, '_a3_': 1.0, '_a6_': 1.0}};{'d0': 0.024905832919498605};-276.475521886624;38.93621114094358
48535;-99.3015498023684;((_a4_ + ((((x / _a7_) + _a1_) / _a5_) * (x + x))) * x);{'d0': {'_a1_': 1.1809927180472506, '_a4_': 1.7751354041488439, '_a5_': 1.121218290328401, '_a7_': 0.5282499924628588, '_a0_': 1.0, '_a2_': 1.0, '_a3_': 1.0, '_a6_': 1.0}};{'d0': 0.024905832919498605};-276.475521886624;38.93621114094358
48536;-99.2905638806294;(((-(pow2(_a6_)) * (-((-(_a7_) + x)) * x)) + _a3_) * x);{'d0': {'_a3_': 1.7751354042137049, '_a6_': -1.8375964956870658, '_a7_': -0.6238594155852495, '_a0_': 1.0, '_a1_': 1.0, '_a2_': 1.0, '_a4_': 1.0, '_a5_': 1.0}};{'d0': 0.024905832919416657};-280.569866449044;40.9943693438924
48537;-94.3412239551724;(((-(pow2((_a6_ * _a3_))) * (-((-(_a7_) + x)) * x)) + _a3_) * x);{'d0': {'_a3_': 1.7751354042186023, '_a6_': -1.035186662749831, '_a7_': -0.6238594155388002, '_a0_': 1.0, '_a1_': 1.0, '_a2_': 1.0, '_a4_': 1.0, '_a5_': 1.0}};{'d0': 0.02490583291941665};-280.569866449044;45.9437092693494
48538;-94.3412239551724;(((-(pow2((_a6_ * _a3_))) * (-((-(_a7_) + x)) * x)) + _a3_) * x);{'d0': {'_a3_': 1.7751354042186023, '_a6_': -1.035186662749831, '_a7_': -0.6238594155388002, '_a0_': 1.0, '_a1_': 1.0, '_a2_': 1.0, '_a4_': 1.0, '_a5_': 1.0}};{'d0': 0.02490583291941665};-280.569866449044;45.9437092693494
48539;-94.3412239551724;(((-(pow2((_a6_ * _a3_))) * (-((-(_a7_) + x)) * x)) + _a3_) * x);{'d0': {'_a3_': 1.7751354042186023, '_a6_': -1.035186662749831, '_a7_': -0.6238594155388002, '_a0_': 1.0, '_a1_': 1.0, '_a2_': 1.0, '_a4_': 1.0, '_a5_': 1.0}};{'d0': 0.02490583291941665};-280.569866449044;45.9437092693494
48540;-94.3412239551724;(((-(pow2((_a6_ * _a3_))) * (-((-(_a7_) + x)) * x)) + _a3_) * x);{'d0': {'_a3_': 1.7751354042186023, '_a6_': -1.035186662749831, '_a7_': -0.6238594155388002, '_a0_': 1.0, '_a1_': 1.0, '_a2_': 1.0, '_a4_': 1.0, '_a5_': 1.0}};{'d0': 0.02490583291941665};-280.569866449044;45.9437092693494
48541;-94.3412239551724;(((-(pow2((_a6_ * _a3_))) * (-((-(_a7_) + x)) * x)) + _a3_) * x);{'d0': {'_a3_': 1.7751354042186023, '_a6_': -1.035186662749831, '_a7_': -0.6238594155388002, '_a0_': 1.0, '_a1_': 1.0, '_a2_': 1.0, '_a4_': 1.0, '_a5_': 1.0}};{'d0': 0.02490583291941665};-280.569866449044;45.9437092693494
48542;-94.3412239551724;(((-(pow2((_a6_ * _a3_))) * (-((-(_a7_) + x)) * x)) + _a3_) * x);{'d0': {'_a3_': 1.7751354042186023, '_a6_': -1.035186662749831, '_a7_': -0.6238594155388002, '_a0_': 1.0, '_a1_': 1.0, '_a2_': 1.0, '_a4_': 1.0, '_a5_': 1.0}};{'d0': 0.02490583291941665};-280.569866449044;45.9437092693494
48543;-94.3412239551724;(((-(pow2((_a6_ * _a3_))) * (-((-(_a7_) + x)) * x)) + _a3_) * x);{'d0': {'_a3_': 1.7751354042186023, '_a6_': -1.035186662749831, '_a7_': -0.6238594155388002, '_a0_': 1.0, '_a1_': 1.0, '_a2_': 1.0, '_a4_': 1.0, '_a5_': 1.0}};{'d0': 0.02490583291941665};-280.569866449044;45.9437092693494
48544;-94.3412239551724;(((-(pow2((_a6_ * _a3_))) * (-((-(_a7_) + x)) * x)) + _a3_) * x);{'d0': {'_a3_': 1.7751354042186023, '_a6_': -1.035186662749831, '_a7_': -0.6238594155388002, '_a0_': 1.0, '_a1_': 1.0, '_a2_': 1.0, '_a4_': 1.0, '_a5_': 1.0}};{'d0': 0.02490583291941665};-280.569866449044;45.9437092693494
48545;-94.3412239551724;(((-(pow2((_a6_ * _a3_))) * (-((-(_a7_) + x)) * x)) + _a3_) * x);{'d0': {'_a3_': 1.7751354042186023, '_a6_': -1.035186662749831, '_a7_': -0.6238594155388002, '_a0_': 1.0, '_a1_': 1.0, '_a2_': 1.0, '_a4_': 1.0, '_a5_': 1.0}};{'d0': 0.02490583291941665};-280.569866449044;45.9437092693494
48546;-94.3412239551724;(((-(pow2((_a6_ * _a3_))) * (-((-(_a7_) + x)) * x)) + _a3_) * x);{'d0': {'_a3_': 1.7751354042186023, '_a6_': -1.035186662749831, '_a7_': -0.6238594155388002, '_a0_': 1.0, '_a1_': 1.0, '_a2_': 1.0, '_a4_': 1.0, '_a5_': 1.0}};{'d0': 0.02490583291941665};-280.569866449044;45.9437092693494
48547;-94.3412239551724;(((-(pow2((_a6_ * _a3_))) * (-((-(_a7_) + x)) * x)) + _a3_) * x);{'d0': {'_a3_': 1.7751354042186023, '_a6_': -1.035186662749831, '_a7_': -0.6238594155388002, '_a0_': 1.0, '_a1_': 1.0, '_a2_': 1.0, '_a4_': 1.0, '_a5_': 1.0}};{'d0': 0.02490583291941665};-280.569866449044;45.9437092693494
48548;-94.3412239551724;(((-(pow2((_a6_ * _a3_))) * (-((-(_a7_) + x)) * x)) + _a3_) * x);{'d0': {'_a3_': 1.7751354042186023, '_a6_': -1.035186662749831, '_a7_': -0.6238594155388002, '_a0_': 1.0, '_a1_': 1.0, '_a2_': 1.0, '_a4_': 1.0, '_a5_': 1.0}};{'d0': 0.02490583291941665};-280.569866449044;45.9437092693494
48549;-94.3242467988243;(((-(pow2((_a6_ * _a3_))) * (-((pow2(_a7_) + x)) * x)) + _a3_) * x);{'d0': {'_a3_': 1.775135404400727, '_a6_': -1.0351866625793258, '_a7_': -0.7898477167083452, '_a0_': 1.0, '_a1_': 1.0, '_a2_': 1.0, '_a4_': 1.0, '_a5_': 1.0}};{'d0': 0.024905832919416674};-280.569866449043;45.960686425697446
48550;-94.3242467988243;(((-(pow2((_a6_ * _a3_))) * (-((pow2(_a7_) + x)) * x)) + _a3_) * x);{'d0': {'_a3_': 1.775135404400727, '_a6_': -1.0351866625793258, '_a7_': -0.7898477167083452, '_a0_': 1.0, '_a1_': 1.0, '_a2_': 1.0, '_a4_': 1.0, '_a5_': 1.0}};{'d0': 0.024905832919416674};-280.569866449043;45.960686425697446
48551;-94.3242467988243;(((-(pow2((_a6_ * _a3_))) * (-((pow2(_a7_) + x)) * x)) + _a3_) * x);{'d0': {'_a3_': 1.775135404400727, '_a6_': -1.0351866625793258, '_a7_': -0.7898477167083452, '_a0_': 1.0, '_a1_': 1.0, '_a2_': 1.0, '_a4_': 1.0, '_a5_': 1.0}};{'d0': 0.024905832919416674};-280.569866449043;45.960686425697446
48552;-94.3242467988243;(((-(pow2((_a6_ * _a3_))) * (-((pow2(_a7_) + x)) * x)) + _a3_) * x);{'d0': {'_a3_': 1.775135404400727, '_a6_': -1.0351866625793258, '_a7_': -0.7898477167083452, '_a0_': 1.0, '_a1_': 1.0, '_a2_': 1.0, '_a4_': 1.0, '_a5_': 1.0}};{'d0': 0.024905832919416674};-280.569866449043;45.960686425697446
48553;-94.3242467988243;(((-(pow2((_a6_ * _a3_))) * (-((pow2(_a7_) + x)) * x)) + _a3_) * x);{'d0': {'_a3_': 1.775135404400727, '_a6_': -1.0351866625793258, '_a7_': -0.7898477167083452, '_a0_': 1.0, '_a1_': 1.0, '_a2_': 1.0, '_a4_': 1.0, '_a5_': 1.0}};{'d0': 0.024905832919416674};-280.569866449043;45.960686425697446
48554;-94.3242467988243;(((-(pow2((_a6_ * _a3_))) * (-((pow2(_a7_) + x)) * x)) + _a3_) * x);{'d0': {'_a3_': 1.775135404400727, '_a6_': -1.0351866625793258, '_a7_': -0.7898477167083452, '_a0_': 1.0, '_a1_': 1.0, '_a2_': 1.0, '_a4_': 1.0, '_a5_': 1.0}};{'d0': 0.024905832919416674};-280.569866449043;45.960686425697446
48555;-94.3242467988243;(((-(pow2((_a6_ * _a3_))) * (-((pow2(_a7_) + x)) * x)) + _a3_) * x);{'d0': {'_a3_': 1.775135404400727, '_a6_': -1.0351866625793258, '_a7_': -0.7898477167083452, '_a0_': 1.0, '_a1_': 1.0, '_a2_': 1.0, '_a4_': 1.0, '_a5_': 1.0}};{'d0': 0.024905832919416674};-280.569866449043;45.960686425697446
48556;-99.2735867242814;(((-(pow2(_a0_)) * (-((pow2(_a7_) + x)) * x)) + _a3_) * x);{'d0': {'_a0_': 1.8375964950281247, '_a3_': 1.775135404222257, '_a7_': -0.7898477166843784, '_a1_': 1.0, '_a2_': 1.0, '_a4_': 1.0, '_a5_': 1.0, '_a6_': 1.0}};{'d0': 0.02490583291941666};-280.569866449044;41.01134650024045
48557;-99.2735867242814;(((-(pow2(_a0_)) * (-((pow2(_a7_) + x)) * x)) + _a3_) * x);{'d0': {'_a0_': 1.8375964950281247, '_a3_': 1.775135404222257, '_a7_': -0.7898477166843784, '_a1_': 1.0, '_a2_': 1.0, '_a4_': 1.0, '_a5_': 1.0, '_a6_': 1.0}};{'d0': 0.02490583291941666};-280.569866449044;41.01134650024045
48558;-99.2905638806294;(((-(pow2(_a0_)) * (-((-(_a7_) + x)) * x)) + _a3_) * x);{'d0': {'_a0_': 1.8375964950641042, '_a3_': 1.7751354040091958, '_a7_': -0.623859415470885, '_a1_': 1.0, '_a2_': 1.0, '_a4_': 1.0, '_a5_': 1.0, '_a6_': 1.0}};{'d0': 0.024905832919416653};-280.569866449044;40.9943693438924
48559;-99.2905638806294;(((-(pow2(_a0_)) * (-((-(_a7_) + x)) * x)) + _a3_) * x);{'d0': {'_a0_': 1.8375964950641042, '_a3_': 1.7751354040091958, '_a7_': -0.623859415470885, '_a1_': 1.0, '_a2_': 1.0, '_a4_': 1.0, '_a5_': 1.0, '_a6_': 1.0}};{'d0': 0.024905832919416653};-280.569866449044;40.9943693438924
48560;-99.2905638806294;(((-(pow2(_a0_)) * (-((-(_a7_) + x)) * x)) + _a3_) * x);{'d0': {'_a0_': 1.8375964950641042, '_a3_': 1.7751354040091958, '_a7_': -0.623859415470885, '_a1_': 1.0, '_a2_': 1.0, '_a4_': 1.0, '_a5_': 1.0, '_a6_': 1.0}};{'d0': 0.024905832919416653};-280.569866449044;40.9943693438924
48561;-99.2905638806294;(((-(pow2(_a0_)) * (-((-(_a7_) + x)) * x)) + _a3_) * x);{'d0': {'_a0_': 1.8375964950641042, '_a3_': 1.7751354040091958, '_a7_': -0.623859415470885, '_a1_': 1.0, '_a2_': 1.0, '_a4_': 1.0, '_a5_': 1.0, '_a6_': 1.0}};{'d0': 0.024905832919416653};-280.569866449044;40.9943693438924
48562;-99.2905638806294;(((-(pow2(_a0_)) * (-((-(_a7_) + x)) * x)) + _a3_) * x);{'d0': {'_a0_': 1.8375964950641042, '_a3_': 1.7751354040091958, '_a7_': -0.623859415470885, '_a1_': 1.0, '_a2_': 1.0, '_a4_': 1.0, '_a5_': 1.0, '_a6_': 1.0}};{'d0': 0.024905832919416653};-280.569866449044;40.9943693438924
48563;-99.2905638806294;(((-(pow2(_a0_)) * (-((-(_a7_) + x)) * x)) + _a3_) * x);{'d0': {'_a0_': 1.8375964950641042, '_a3_': 1.7751354040091958, '_a7_': -0.623859415470885, '_a1_': 1.0, '_a2_': 1.0, '_a4_': 1.0, '_a5_': 1.0, '_a6_': 1.0}};{'d0': 0.024905832919416653};-280.569866449044;40.9943693438924
48564;-99.2905638806294;(((-(pow2(_a0_)) * (-((-(_a7_) + x)) * x)) + _a3_) * x);{'d0': {'_a0_': 1.8375964950641042, '_a3_': 1.7751354040091958, '_a7_': -0.623859415470885, '_a1_': 1.0, '_a2_': 1.0, '_a4_': 1.0, '_a5_': 1.0, '_a6_': 1.0}};{'d0': 0.024905832919416653};-280.569866449044;40.9943693438924
48565;-99.2905638806294;(((-(pow2(_a0_)) * (-((-(_a7_) + x)) * x)) + _a3_) * x);{'d0': {'_a0_': 1.8375964950641042, '_a3_': 1.7751354040091958, '_a7_': -0.623859415470885, '_a1_': 1.0, '_a2_': 1.0, '_a4_': 1.0, '_a5_': 1.0, '_a6_': 1.0}};{'d0': 0.024905832919416653};-280.569866449044;40.9943693438924
48566;-99.2905638806294;(((-(pow2(_a0_)) * (-((-(_a7_) + x)) * x)) + _a3_) * x);{'d0': {'_a0_': 1.8375964950641042, '_a3_': 1.7751354040091958, '_a7_': -0.623859415470885, '_a1_': 1.0, '_a2_': 1.0, '_a4_': 1.0, '_a5_': 1.0, '_a6_': 1.0}};{'d0': 0.024905832919416653};-280.569866449044;40.9943693438924
48567;-99.2905638806294;(((-(pow2(_a0_)) * (-((-(_a7_) + x)) * x)) + _a3_) * x);{'d0': {'_a0_': 1.8375964950641042, '_a3_': 1.7751354040091958, '_a7_': -0.623859415470885, '_a1_': 1.0, '_a2_': 1.0, '_a4_': 1.0, '_a5_': 1.0, '_a6_': 1.0}};{'d0': 0.024905832919416653};-280.569866449044;40.9943693438924
48568;-99.2905638806294;(((-(pow2(_a0_)) * (-((-(_a7_) + x)) * x)) + _a3_) * x);{'d0': {'_a0_': 1.8375964950641042, '_a3_': 1.7751354040091958, '_a7_': -0.623859415470885, '_a1_': 1.0, '_a2_': 1.0, '_a4_': 1.0, '_a5_': 1.0, '_a6_': 1.0}};{'d0': 0.024905832919416653};-280.569866449044;40.9943693438924
48569;-99.2905638806294;(((-(pow2(_a0_)) * (-((-(_a7_) + x)) * x)) + _a3_) * x);{'d0': {'_a0_': 1.8375964950641042, '_a3_': 1.7751354040091958, '_a7_': -0.623859415470885, '_a1_': 1.0, '_a2_': 1.0, '_a4_': 1.0, '_a5_': 1.0, '_a6_': 1.0}};{'d0': 0.024905832919416653};-280.569866449044;40.9943693438924
48570;-99.2905638806294;(((-(pow2(_a0_)) * (-((-(_a7_) + x)) * x)) + _a3_) * x);{'d0': {'_a0_': 1.8375964950641042, '_a3_': 1.7751354040091958, '_a7_': -0.623859415470885, '_a1_': 1.0, '_a2_': 1.0, '_a4_': 1.0, '_a5_': 1.0, '_a6_': 1.0}};{'d0': 0.024905832919416653};-280.569866449044;40.9943693438924
48571;-99.2905638806294;(((-(pow2(_a0_)) * (-((-(_a7_) + x)) * x)) + _a3_) * x);{'d0': {'_a0_': 1.8375964950641042, '_a3_': 1.7751354040091958, '_a7_': -0.623859415470885, '_a1_': 1.0, '_a2_': 1.0, '_a4_': 1.0, '_a5_': 1.0, '_a6_': 1.0}};{'d0': 0.024905832919416653};-280.569866449044;40.9943693438924
48572;-105.382580669956;(((_a7_ * _a1_) + ((pow2(_a2_) * (_a1_ + x)) * x)) * x);{'d0': {'_a1_': 0.6238594155892605, '_a2_': 1.83759649502107, '_a7_': 2.8454093341676665, '_a0_': 1.0, '_a3_': 1.0, '_a4_': 1.0, '_a5_': 1.0, '_a6_': 1.0}};{'d0': 0.024905832919416622};-280.569866449044;34.90235255456609
48573;-105.382580669956;(((_a7_ * _a1_) + ((pow2(_a2_) * (_a1_ + x)) * x)) * x);{'d0': {'_a1_': 0.6238594155892605, '_a2_': 1.83759649502107, '_a7_': 2.8454093341676665, '_a0_': 1.0, '_a3_': 1.0, '_a4_': 1.0, '_a5_': 1.0, '_a6_': 1.0}};{'d0': 0.024905832919416622};-280.569866449044;34.90235255456609
48574;-105.382580669956;(((_a7_ * _a1_) + ((pow2(_a2_) * (_a1_ + x)) * x)) * x);{'d0': {'_a1_': 0.6238594155892605, '_a2_': 1.83759649502107, '_a7_': 2.8454093341676665, '_a0_': 1.0, '_a3_': 1.0, '_a4_': 1.0, '_a5_': 1.0, '_a6_': 1.0}};{'d0': 0.024905832919416622};-280.569866449044;34.90235255456609
48575;-105.382580669956;(((_a7_ * _a1_) + ((pow2(_a2_) * (_a1_ + x)) * x)) * x);{'d0': {'_a1_': 0.6238594155892605, '_a2_': 1.83759649502107, '_a7_': 2.8454093341676665, '_a0_': 1.0, '_a3_': 1.0, '_a4_': 1.0, '_a5_': 1.0, '_a6_': 1.0}};{'d0': 0.024905832919416622};-280.569866449044;34.90235255456609
48576;-105.382580669956;(((_a7_ * _a1_) + ((pow2(_a2_) * (_a1_ + x)) * x)) * x);{'d0': {'_a1_': 0.6238594155892605, '_a2_': 1.83759649502107, '_a7_': 2.8454093341676665, '_a0_': 1.0, '_a3_': 1.0, '_a4_': 1.0, '_a5_': 1.0, '_a6_': 1.0}};{'d0': 0.024905832919416622};-280.569866449044;34.90235255456609
48577;-105.382580669956;(((_a7_ * _a1_) + ((pow2(_a2_) * (_a1_ + x)) * x)) * x);{'d0': {'_a1_': 0.6238594155892605, '_a2_': 1.83759649502107, '_a7_': 2.8454093341676665, '_a0_': 1.0, '_a3_': 1.0, '_a4_': 1.0, '_a5_': 1.0, '_a6_': 1.0}};{'d0': 0.024905832919416622};-280.569866449044;34.90235255456609
48578;-105.382580669956;(((_a7_ * _a1_) + ((pow2(_a2_) * (_a1_ + x)) * x)) * x);{'d0': {'_a1_': 0.6238594155892605, '_a2_': 1.83759649502107, '_a7_': 2.8454093341676665, '_a0_': 1.0, '_a3_': 1.0, '_a4_': 1.0, '_a5_': 1.0, '_a6_': 1.0}};{'d0': 0.024905832919416622};-280.569866449044;34.90235255456609
48579;-105.382580669956;(((_a7_ * _a1_) + ((pow2(_a2_) * (_a1_ + x)) * x)) * x);{'d0': {'_a1_': 0.6238594155892605, '_a2_': 1.83759649502107, '_a7_': 2.8454093341676665, '_a0_': 1.0, '_a3_': 1.0, '_a4_': 1.0, '_a5_': 1.0, '_a6_': 1.0}};{'d0': 0.024905832919416622};-280.569866449044;34.90235255456609
48580;-105.382580669956;(((_a7_ * _a1_) + ((pow2(_a2_) * (_a1_ + x)) * x)) * x);{'d0': {'_a1_': 0.6238594155892605, '_a2_': 1.83759649502107, '_a7_': 2.8454093341676665, '_a0_': 1.0, '_a3_': 1.0, '_a4_': 1.0, '_a5_': 1.0, '_a6_': 1.0}};{'d0': 0.024905832919416622};-280.569866449044;34.90235255456609
48581;-105.382580669956;(((_a7_ * _a1_) + ((pow2(_a2_) * (_a1_ + x)) * x)) * x);{'d0': {'_a1_': 0.6238594155892605, '_a2_': 1.83759649502107, '_a7_': 2.8454093341676665, '_a0_': 1.0, '_a3_': 1.0, '_a4_': 1.0, '_a5_': 1.0, '_a6_': 1.0}};{'d0': 0.024905832919416622};-280.569866449044;34.90235255456609
48582;-105.382580669956;(((_a7_ * _a1_) + ((pow2(_a2_) * (_a1_ + x)) * x)) * x);{'d0': {'_a1_': 0.6238594155892605, '_a2_': 1.83759649502107, '_a7_': 2.8454093341676665, '_a0_': 1.0, '_a3_': 1.0, '_a4_': 1.0, '_a5_': 1.0, '_a6_': 1.0}};{'d0': 0.024905832919416622};-280.569866449044;34.90235255456609
48583;-105.382580669956;(((_a7_ * _a1_) + ((pow2(_a2_) * (_a1_ + x)) * x)) * x);{'d0': {'_a1_': 0.6238594155892605, '_a2_': 1.83759649502107, '_a7_': 2.8454093341676665, '_a0_': 1.0, '_a3_': 1.0, '_a4_': 1.0, '_a5_': 1.0, '_a6_': 1.0}};{'d0': 0.024905832919416622};-280.569866449044;34.90235255456609
48584;-105.382580669956;(((_a7_ * _a1_) + ((pow2(_a2_) * (_a1_ + x)) * x)) * x);{'d0': {'_a1_': 0.6238594155892605, '_a2_': 1.83759649502107, '_a7_': 2.8454093341676665, '_a0_': 1.0, '_a3_': 1.0, '_a4_': 1.0, '_a5_': 1.0, '_a6_': 1.0}};{'d0': 0.024905832919416622};-280.569866449044;34.90235255456609
48585;-105.382580669956;(((_a7_ * _a1_) + ((pow2(_a2_) * (_a1_ + x)) * x)) * x);{'d0': {'_a1_': 0.6238594155892605, '_a2_': 1.83759649502107, '_a7_': 2.8454093341676665, '_a0_': 1.0, '_a3_': 1.0, '_a4_': 1.0, '_a5_': 1.0, '_a6_': 1.0}};{'d0': 0.024905832919416622};-280.569866449044;34.90235255456609
48586;-105.382580669956;(((_a7_ * _a1_) + ((pow2(_a2_) * (_a1_ + x)) * x)) * x);{'d0': {'_a1_': 0.6238594155892605, '_a2_': 1.83759649502107, '_a7_': 2.8454093341676665, '_a0_': 1.0, '_a3_': 1.0, '_a4_': 1.0, '_a5_': 1.0, '_a6_': 1.0}};{'d0': 0.024905832919416622};-280.569866449044;34.90235255456609
48587;-105.382580669956;(((_a7_ * _a1_) + ((pow2(_a2_) * (_a1_ + x)) * x)) * x);{'d0': {'_a1_': 0.6238594155892605, '_a2_': 1.83759649502107, '_a7_': 2.8454093341676665, '_a0_': 1.0, '_a3_': 1.0, '_a4_': 1.0, '_a5_': 1.0, '_a6_': 1.0}};{'d0': 0.024905832919416622};-280.569866449044;34.90235255456609
48588;-105.382580669956;(((_a7_ * _a1_) + ((pow2(_a2_) * (_a1_ + x)) * x)) * x);{'d0': {'_a1_': 0.6238594155892605, '_a2_': 1.83759649502107, '_a7_': 2.8454093341676665, '_a0_': 1.0, '_a3_': 1.0, '_a4_': 1.0, '_a5_': 1.0, '_a6_': 1.0}};{'d0': 0.024905832919416622};-280.569866449044;34.90235255456609
48589;-105.382580669956;(((_a7_ * _a1_) + ((pow2(_a2_) * (_a1_ + x)) * x)) * x);{'d0': {'_a1_': 0.6238594155892605, '_a2_': 1.83759649502107, '_a7_': 2.8454093341676665, '_a0_': 1.0, '_a3_': 1.0, '_a4_': 1.0, '_a5_': 1.0, '_a6_': 1.0}};{'d0': 0.024905832919416622};-280.569866449044;34.90235255456609
48590;-105.382580669956;(((_a7_ * _a1_) + ((pow2(_a2_) * (_a1_ + x)) * x)) * x);{'d0': {'_a1_': 0.6238594155892605, '_a2_': 1.83759649502107, '_a7_': 2.8454093341676665, '_a0_': 1.0, '_a3_': 1.0, '_a4_': 1.0, '_a5_': 1.0, '_a6_': 1.0}};{'d0': 0.024905832919416622};-280.569866449044;34.90235255456609
48591;-105.382580669956;(((_a7_ * _a1_) + ((pow2(_a2_) * (_a1_ + x)) * x)) * x);{'d0': {'_a1_': 0.6238594155892605, '_a2_': 1.83759649502107, '_a7_': 2.8454093341676665, '_a0_': 1.0, '_a3_': 1.0, '_a4_': 1.0, '_a5_': 1.0, '_a6_': 1.0}};{'d0': 0.024905832919416622};-280.569866449044;34.90235255456609
48592;-105.382580669956;(((_a7_ * _a1_) + ((pow2(_a2_) * (_a1_ + x)) * x)) * x);{'d0': {'_a1_': 0.6238594155892605, '_a2_': 1.83759649502107, '_a7_': 2.8454093341676665, '_a0_': 1.0, '_a3_': 1.0, '_a4_': 1.0, '_a5_': 1.0, '_a6_': 1.0}};{'d0': 0.024905832919416622};-280.569866449044;34.90235255456609
48593;-96.8921114043214;(((-(pow2(_a0_)) * (-((cos(_a7_) + x)) * x)) + _a3_) * x);{'d0': {'_a0_': 1.837596494855505, '_a3_': 1.7751354043131529, '_a7_': 0.8971250582176566, '_a1_': 1.0, '_a2_': 1.0, '_a4_': 1.0, '_a5_': 1.0, '_a6_': 1.0}};{'d0': 0.02490583291941663};-280.569866449044;43.39282182020045
48594;-96.8921114043214;(((-(pow2(_a0_)) * (-((cos(_a7_) + x)) * x)) + _a3_) * x);{'d0': {'_a0_': 1.837596494855505, '_a3_': 1.7751354043131529, '_a7_': 0.8971250582176566, '_a1_': 1.0, '_a2_': 1.0, '_a4_': 1.0, '_a5_': 1.0, '_a6_': 1.0}};{'d0': 0.02490583291941663};-280.569866449044;43.39282182020045
48595;-96.8921114043214;(((-(pow2(_a0_)) * (-((cos(_a7_) + x)) * x)) + _a3_) * x);{'d0': {'_a0_': 1.837596494855505, '_a3_': 1.7751354043131529, '_a7_': 0.8971250582176566, '_a1_': 1.0, '_a2_': 1.0, '_a4_': 1.0, '_a5_': 1.0, '_a6_': 1.0}};{'d0': 0.02490583291941663};-280.569866449044;43.39282182020045
48596;-96.8921114043214;(((-(pow2(_a0_)) * (-((cos(_a7_) + x)) * x)) + _a3_) * x);{'d0': {'_a0_': 1.837596494855505, '_a3_': 1.7751354043131529, '_a7_': 0.8971250582176566, '_a1_': 1.0, '_a2_': 1.0, '_a4_': 1.0, '_a5_': 1.0, '_a6_': 1.0}};{'d0': 0.02490583291941663};-280.569866449044;43.39282182020045
48597;-96.8921114043214;(((-(pow2(_a0_)) * (-((cos(_a7_) + x)) * x)) + _a3_) * x);{'d0': {'_a0_': 1.837596494855505, '_a3_': 1.7751354043131529, '_a7_': 0.8971250582176566, '_a1_': 1.0, '_a2_': 1.0, '_a4_': 1.0, '_a5_': 1.0, '_a6_': 1.0}};{'d0': 0.02490583291941663};-280.569866449044;43.39282182020045
48598;-96.8921114043214;(((-(pow2(_a0_)) * (-((cos(_a7_) + x)) * x)) + _a3_) * x);{'d0': {'_a0_': 1.837596494855505, '_a3_': 1.7751354043131529, '_a7_': 0.8971250582176566, '_a1_': 1.0, '_a2_': 1.0, '_a4_': 1.0, '_a5_': 1.0, '_a6_': 1.0}};{'d0': 0.02490583291941663};-280.569866449044;43.39282182020045
48599;-96.8921114043214;(((-(pow2(_a0_)) * (-((cos(_a7_) + x)) * x)) + _a3_) * x);{'d0': {'_a0_': 1.837596494855505, '_a3_': 1.7751354043131529, '_a7_': 0.8971250582176566, '_a1_': 1.0, '_a2_': 1.0, '_a4_': 1.0, '_a5_': 1.0, '_a6_': 1.0}};{'d0': 0.02490583291941663};-280.569866449044;43.39282182020045
48600;-96.8921114043214;(((-(pow2(_a0_)) * (-((cos(_a7_) + x)) * x)) + _a3_) * x);{'d0': {'_a0_': 1.837596494855505, '_a3_': 1.7751354043131529, '_a7_': 0.8971250582176566, '_a1_': 1.0, '_a2_': 1.0, '_a4_': 1.0, '_a5_': 1.0, '_a6_': 1.0}};{'d0': 0.02490583291941663};-280.569866449044;43.39282182020045
48601;-96.8921114043214;(((-(pow2(_a0_)) * (-((cos(_a7_) + x)) * x)) + _a3_) * x);{'d0': {'_a0_': 1.837596494855505, '_a3_': 1.7751354043131529, '_a7_': 0.8971250582176566, '_a1_': 1.0, '_a2_': 1.0, '_a4_': 1.0, '_a5_': 1.0, '_a6_': 1.0}};{'d0': 0.02490583291941663};-280.569866449044;43.39282182020045
48602;-96.8921114043214;(((-(pow2(_a0_)) * (-((cos(_a7_) + x)) * x)) + _a3_) * x);{'d0': {'_a0_': 1.837596494855505, '_a3_': 1.7751354043131529, '_a7_': 0.8971250582176566, '_a1_': 1.0, '_a2_': 1.0, '_a4_': 1.0, '_a5_': 1.0, '_a6_': 1.0}};{'d0': 0.02490583291941663};-280.569866449044;43.39282182020045
48603;-96.8921114043214;(((-(pow2(_a0_)) * (-((cos(_a7_) + x)) * x)) + _a3_) * x);{'d0': {'_a0_': 1.837596494855505, '_a3_': 1.7751354043131529, '_a7_': 0.8971250582176566, '_a1_': 1.0, '_a2_': 1.0, '_a4_': 1.0, '_a5_': 1.0, '_a6_': 1.0}};{'d0': 0.02490583291941663};-280.569866449044;43.39282182020045
48604;-96.8921114043214;(((-(pow2(_a0_)) * (-((cos(_a7_) + x)) * x)) + _a3_) * x);{'d0': {'_a0_': 1.837596494855505, '_a3_': 1.7751354043131529, '_a7_': 0.8971250582176566, '_a1_': 1.0, '_a2_': 1.0, '_a4_': 1.0, '_a5_': 1.0, '_a6_': 1.0}};{'d0': 0.02490583291941663};-280.569866449044;43.39282182020045
48605;-100.590045876931;(((-(_a5_) * (-((cos(_a7_) + x)) * x)) + _a3_) * x);{'d0': {'_a3_': 1.7751354045249135, '_a5_': 3.37676087689887, '_a7_': 0.897125058161636, '_a0_': 1.0, '_a1_': 1.0, '_a2_': 1.0, '_a4_': 1.0, '_a6_': 1.0}};{'d0': 0.024905832919416657};-280.569866449044;39.69488734759045
48606;-100.590045876931;(((-(_a5_) * (-((cos(_a7_) + x)) * x)) + _a3_) * x);{'d0': {'_a3_': 1.7751354045249135, '_a5_': 3.37676087689887, '_a7_': 0.897125058161636, '_a0_': 1.0, '_a1_': 1.0, '_a2_': 1.0, '_a4_': 1.0, '_a6_': 1.0}};{'d0': 0.024905832919416657};-280.569866449044;39.69488734759045
48607;-100.590045876931;(((-(_a5_) * (-((cos(_a7_) + x)) * x)) + _a3_) * x);{'d0': {'_a3_': 1.7751354045249135, '_a5_': 3.37676087689887, '_a7_': 0.897125058161636, '_a0_': 1.0, '_a1_': 1.0, '_a2_': 1.0, '_a4_': 1.0, '_a6_': 1.0}};{'d0': 0.024905832919416657};-280.569866449044;39.69488734759045
48608;-100.590045876931;(((-(_a5_) * (-((cos(_a7_) + x)) * x)) + _a3_) * x);{'d0': {'_a3_': 1.7751354045249135, '_a5_': 3.37676087689887, '_a7_': 0.897125058161636, '_a0_': 1.0, '_a1_': 1.0, '_a2_': 1.0, '_a4_': 1.0, '_a6_': 1.0}};{'d0': 0.024905832919416657};-280.569866449044;39.69488734759045
48609;-100.590045876931;(((-(_a5_) * (-((cos(_a7_) + x)) * x)) + _a3_) * x);{'d0': {'_a3_': 1.7751354045249135, '_a5_': 3.37676087689887, '_a7_': 0.897125058161636, '_a0_': 1.0, '_a1_': 1.0, '_a2_': 1.0, '_a4_': 1.0, '_a6_': 1.0}};{'d0': 0.024905832919416657};-280.569866449044;39.69488734759045
48610;-100.590045876931;(((-(_a5_) * (-((cos(_a7_) + x)) * x)) + _a3_) * x);{'d0': {'_a3_': 1.7751354045249135, '_a5_': 3.37676087689887, '_a7_': 0.897125058161636, '_a0_': 1.0, '_a1_': 1.0, '_a2_': 1.0, '_a4_': 1.0, '_a6_': 1.0}};{'d0': 0.024905832919416657};-280.569866449044;39.69488734759045
48611;-100.590045876931;(((-(_a5_) * (-((cos(_a7_) + x)) * x)) + _a3_) * x);{'d0': {'_a3_': 1.7751354045249135, '_a5_': 3.37676087689887, '_a7_': 0.897125058161636, '_a0_': 1.0, '_a1_': 1.0, '_a2_': 1.0, '_a4_': 1.0, '_a6_': 1.0}};{'d0': 0.024905832919416657};-280.569866449044;39.69488734759045
48612;-100.590045876931;(((-(_a5_) * (-((cos(_a7_) + x)) * x)) + _a3_) * x);{'d0': {'_a3_': 1.7751354045249135, '_a5_': 3.37676087689887, '_a7_': 0.897125058161636, '_a0_': 1.0, '_a1_': 1.0, '_a2_': 1.0, '_a4_': 1.0, '_a6_': 1.0}};{'d0': 0.024905832919416657};-280.569866449044;39.69488734759045
48613;-100.590045876931;(((-(_a5_) * (-((cos(_a7_) + x)) * x)) + _a3_) * x);{'d0': {'_a3_': 1.7751354045249135, '_a5_': 3.37676087689887, '_a7_': 0.897125058161636, '_a0_': 1.0, '_a1_': 1.0, '_a2_': 1.0, '_a4_': 1.0, '_a6_': 1.0}};{'d0': 0.024905832919416657};-280.569866449044;39.69488734759045
48614;-100.590045876931;(((-(_a5_) * (-((cos(_a7_) + x)) * x)) + _a3_) * x);{'d0': {'_a3_': 1.7751354045249135, '_a5_': 3.37676087689887, '_a7_': 0.897125058161636, '_a0_': 1.0, '_a1_': 1.0, '_a2_': 1.0, '_a4_': 1.0, '_a6_': 1.0}};{'d0': 0.024905832919416657};-280.569866449044;39.69488734759045
48615;-100.590045876931;(((-(_a5_) * (-((cos(_a7_) + x)) * x)) + _a3_) * x);{'d0': {'_a3_': 1.7751354045249135, '_a5_': 3.37676087689887, '_a7_': 0.897125058161636, '_a0_': 1.0, '_a1_': 1.0, '_a2_': 1.0, '_a4_': 1.0, '_a6_': 1.0}};{'d0': 0.024905832919416657};-280.569866449044;39.69488734759045
48616;-100.590045876931;(((-(_a5_) * (-((cos(_a7_) + x)) * x)) + _a3_) * x);{'d0': {'_a3_': 1.7751354045249135, '_a5_': 3.37676087689887, '_a7_': 0.897125058161636, '_a0_': 1.0, '_a1_': 1.0, '_a2_': 1.0, '_a4_': 1.0, '_a6_': 1.0}};{'d0': 0.024905832919416657};-280.569866449044;39.69488734759045
48617;-100.590045876931;(((-(_a5_) * (-((cos(_a7_) + x)) * x)) + _a3_) * x);{'d0': {'_a3_': 1.7751354045249135, '_a5_': 3.37676087689887, '_a7_': 0.897125058161636, '_a0_': 1.0, '_a1_': 1.0, '_a2_': 1.0, '_a4_': 1.0, '_a6_': 1.0}};{'d0': 0.024905832919416657};-280.569866449044;39.69488734759045
48618;-100.590045876931;(((-(_a5_) * (-((cos(_a7_) + x)) * x)) + _a3_) * x);{'d0': {'_a3_': 1.7751354045249135, '_a5_': 3.37676087689887, '_a7_': 0.897125058161636, '_a0_': 1.0, '_a1_': 1.0, '_a2_': 1.0, '_a4_': 1.0, '_a6_': 1.0}};{'d0': 0.024905832919416657};-280.569866449044;39.69488734759045
48619;-100.590045876931;(((-(_a5_) * (-((cos(_a7_) + x)) * x)) + _a3_) * x);{'d0': {'_a3_': 1.7751354045249135, '_a5_': 3.37676087689887, '_a7_': 0.897125058161636, '_a0_': 1.0, '_a1_': 1.0, '_a2_': 1.0, '_a4_': 1.0, '_a6_': 1.0}};{'d0': 0.024905832919416657};-280.569866449044;39.69488734759045
48620;-100.590045876931;(((-(_a5_) * (-((cos(_a7_) + x)) * x)) + _a3_) * x);{'d0': {'_a3_': 1.7751354045249135, '_a5_': 3.37676087689887, '_a7_': 0.897125058161636, '_a0_': 1.0, '_a1_': 1.0, '_a2_': 1.0, '_a4_': 1.0, '_a6_': 1.0}};{'d0': 0.024905832919416657};-280.569866449044;39.69488734759045
48621;-100.590045876931;(((-(_a5_) * (-((cos(_a7_) + x)) * x)) + _a3_) * x);{'d0': {'_a3_': 1.7751354045249135, '_a5_': 3.37676087689887, '_a7_': 0.897125058161636, '_a0_': 1.0, '_a1_': 1.0, '_a2_': 1.0, '_a4_': 1.0, '_a6_': 1.0}};{'d0': 0.024905832919416657};-280.569866449044;39.69488734759045
48622;-100.590045876931;(((-(_a5_) * (-((cos(_a7_) + x)) * x)) + _a3_) * x);{'d0': {'_a3_': 1.7751354045249135, '_a5_': 3.37676087689887, '_a7_': 0.897125058161636, '_a0_': 1.0, '_a1_': 1.0, '_a2_': 1.0, '_a4_': 1.0, '_a6_': 1.0}};{'d0': 0.024905832919416657};-280.569866449044;39.69488734759045
48623;-104.270498115193;(((_a6_ * (-((cos(_a7_) + x)) * x)) + _a3_) * x);{'d0': {'_a3_': 1.7751354043867433, '_a6_': -3.37676087712988, '_a7_': 0.8971250582555085, '_a0_': 1.0, '_a1_': 1.0, '_a2_': 1.0, '_a4_': 1.0, '_a5_': 1.0}};{'d0': 0.02490583291941663};-280.569866449044;36.014435109329284
48624;-104.270498115193;(((_a6_ * (-((cos(_a7_) + x)) * x)) + _a3_) * x);{'d0': {'_a3_': 1.7751354043867433, '_a6_': -3.37676087712988, '_a7_': 0.8971250582555085, '_a0_': 1.0, '_a1_': 1.0, '_a2_': 1.0, '_a4_': 1.0, '_a5_': 1.0}};{'d0': 0.02490583291941663};-280.569866449044;36.014435109329284
48625;-104.270498115193;(((_a6_ * (-((cos(_a7_) + x)) * x)) + _a3_) * x);{'d0': {'_a3_': 1.7751354043867433, '_a6_': -3.37676087712988, '_a7_': 0.8971250582555085, '_a0_': 1.0, '_a1_': 1.0, '_a2_': 1.0, '_a4_': 1.0, '_a5_': 1.0}};{'d0': 0.02490583291941663};-280.569866449044;36.014435109329284
48626;-104.270498115193;(((_a6_ * (-((cos(_a7_) + x)) * x)) + _a3_) * x);{'d0': {'_a3_': 1.7751354043867433, '_a6_': -3.37676087712988, '_a7_': 0.8971250582555085, '_a0_': 1.0, '_a1_': 1.0, '_a2_': 1.0, '_a4_': 1.0, '_a5_': 1.0}};{'d0': 0.02490583291941663};-280.569866449044;36.014435109329284
48627;-104.270498115193;(((_a6_ * (-((cos(_a7_) + x)) * x)) + _a3_) * x);{'d0': {'_a3_': 1.7751354043867433, '_a6_': -3.37676087712988, '_a7_': 0.8971250582555085, '_a0_': 1.0, '_a1_': 1.0, '_a2_': 1.0, '_a4_': 1.0, '_a5_': 1.0}};{'d0': 0.02490583291941663};-280.569866449044;36.014435109329284
48628;-104.270498115193;(((_a6_ * (-((cos(_a7_) + x)) * x)) + _a3_) * x);{'d0': {'_a3_': 1.7751354043867433, '_a6_': -3.37676087712988, '_a7_': 0.8971250582555085, '_a0_': 1.0, '_a1_': 1.0, '_a2_': 1.0, '_a4_': 1.0, '_a5_': 1.0}};{'d0': 0.02490583291941663};-280.569866449044;36.014435109329284
48629;-104.270498115193;(((_a6_ * (-((cos(_a7_) + x)) * x)) + _a3_) * x);{'d0': {'_a3_': 1.7751354043867433, '_a6_': -3.37676087712988, '_a7_': 0.8971250582555085, '_a0_': 1.0, '_a1_': 1.0, '_a2_': 1.0, '_a4_': 1.0, '_a5_': 1.0}};{'d0': 0.02490583291941663};-280.569866449044;36.014435109329284
48630;-104.270498115193;(((_a6_ * (-((cos(_a7_) + x)) * x)) + _a3_) * x);{'d0': {'_a3_': 1.7751354043867433, '_a6_': -3.37676087712988, '_a7_': 0.8971250582555085, '_a0_': 1.0, '_a1_': 1.0, '_a2_': 1.0, '_a4_': 1.0, '_a5_': 1.0}};{'d0': 0.02490583291941663};-280.569866449044;36.014435109329284
48631;-104.270498115193;(((_a6_ * (-((cos(_a7_) + x)) * x)) + _a3_) * x);{'d0': {'_a3_': 1.7751354043867433, '_a6_': -3.37676087712988, '_a7_': 0.8971250582555085, '_a0_': 1.0, '_a1_': 1.0, '_a2_': 1.0, '_a4_': 1.0, '_a5_': 1.0}};{'d0': 0.02490583291941663};-280.569866449044;36.014435109329284
48632;-104.270498115193;(((_a6_ * (-((cos(_a7_) + x)) * x)) + _a3_) * x);{'d0': {'_a3_': 1.7751354043867433, '_a6_': -3.37676087712988, '_a7_': 0.8971250582555085, '_a0_': 1.0, '_a1_': 1.0, '_a2_': 1.0, '_a4_': 1.0, '_a5_': 1.0}};{'d0': 0.02490583291941663};-280.569866449044;36.014435109329284
48633;-104.270498115193;(((_a6_ * (-((cos(_a7_) + x)) * x)) + _a3_) * x);{'d0': {'_a3_': 1.7751354043867433, '_a6_': -3.37676087712988, '_a7_': 0.8971250582555085, '_a0_': 1.0, '_a1_': 1.0, '_a2_': 1.0, '_a4_': 1.0, '_a5_': 1.0}};{'d0': 0.02490583291941663};-280.569866449044;36.014435109329284
48634;-105.400567982306;(((_a6_ * (-(((_a3_ * _a0_) + x)) * x)) + _a3_) * x);{'d0': {'_a0_': 0.35144328374061035, '_a3_': 1.7751354048735821, '_a6_': -3.3767608774966926, '_a1_': 1.0, '_a2_': 1.0, '_a4_': 1.0, '_a5_': 1.0, '_a7_': 1.0}};{'d0': 0.02490583291941665};-280.569866449044;34.88436524221628
48635;-105.400567982306;(((_a6_ * (-(((_a3_ * _a0_) + x)) * x)) + _a3_) * x);{'d0': {'_a0_': 0.35144328374061035, '_a3_': 1.7751354048735821, '_a6_': -3.3767608774966926, '_a1_': 1.0, '_a2_': 1.0, '_a4_': 1.0, '_a5_': 1.0, '_a7_': 1.0}};{'d0': 0.02490583291941665};-280.569866449044;34.88436524221628
48636;-105.400567982306;(((_a6_ * (-(((_a3_ * _a0_) + x)) * x)) + _a3_) * x);{'d0': {'_a0_': 0.35144328374061035, '_a3_': 1.7751354048735821, '_a6_': -3.3767608774966926, '_a1_': 1.0, '_a2_': 1.0, '_a4_': 1.0, '_a5_': 1.0, '_a7_': 1.0}};{'d0': 0.02490583291941665};-280.569866449044;34.88436524221628
48637;-105.400567982306;(((_a6_ * (-(((_a3_ * _a0_) + x)) * x)) + _a3_) * x);{'d0': {'_a0_': 0.35144328374061035, '_a3_': 1.7751354048735821, '_a6_': -3.3767608774966926, '_a1_': 1.0, '_a2_': 1.0, '_a4_': 1.0, '_a5_': 1.0, '_a7_': 1.0}};{'d0': 0.02490583291941665};-280.569866449044;34.88436524221628
48638;-105.400567982306;(((_a6_ * (-(((_a3_ * _a0_) + x)) * x)) + _a3_) * x);{'d0': {'_a0_': 0.35144328374061035, '_a3_': 1.7751354048735821, '_a6_': -3.3767608774966926, '_a1_': 1.0, '_a2_': 1.0, '_a4_': 1.0, '_a5_': 1.0, '_a7_': 1.0}};{'d0': 0.02490583291941665};-280.569866449044;34.88436524221628
48639;-105.400567982306;(((_a6_ * (-(((_a3_ * _a0_) + x)) * x)) + _a3_) * x);{'d0': {'_a0_': 0.35144328374061035, '_a3_': 1.7751354048735821, '_a6_': -3.3767608774966926, '_a1_': 1.0, '_a2_': 1.0, '_a4_': 1.0, '_a5_': 1.0, '_a7_': 1.0}};{'d0': 0.02490583291941665};-280.569866449044;34.88436524221628
48640;-105.400567982306;(((_a6_ * (-(((_a3_ * _a0_) + x)) * x)) + _a3_) * x);{'d0': {'_a0_': 0.35144328374061035, '_a3_': 1.7751354048735821, '_a6_': -3.3767608774966926, '_a1_': 1.0, '_a2_': 1.0, '_a4_': 1.0, '_a5_': 1.0, '_a7_': 1.0}};{'d0': 0.02490583291941665};-280.569866449044;34.88436524221628
48641;-99.6002762159032;(((_a6_ * (-(((_a3_ * (_a3_ / _a0_)) + x)) * x)) + _a3_) * x);{'d0': {'_a0_': 5.0509868454616305, '_a3_': 1.775135403553253, '_a6_': -3.3767608805604823, '_a1_': 1.0, '_a2_': 1.0, '_a4_': 1.0, '_a5_': 1.0, '_a7_': 1.0}};{'d0': 0.02490583291941664};-280.569866449044;40.684657008618686
48642;-99.6002762159032;(((_a6_ * (-(((_a3_ * (_a3_ / _a0_)) + x)) * x)) + _a3_) * x);{'d0': {'_a0_': 5.0509868454616305, '_a3_': 1.775135403553253, '_a6_': -3.3767608805604823, '_a1_': 1.0, '_a2_': 1.0, '_a4_': 1.0, '_a5_': 1.0, '_a7_': 1.0}};{'d0': 0.02490583291941664};-280.569866449044;40.684657008618686
48643;-99.6002762159032;(((_a6_ * (-(((_a3_ * (_a3_ / _a0_)) + x)) * x)) + _a3_) * x);{'d0': {'_a0_': 5.0509868454616305, '_a3_': 1.775135403553253, '_a6_': -3.3767608805604823, '_a1_': 1.0, '_a2_': 1.0, '_a4_': 1.0, '_a5_': 1.0, '_a7_': 1.0}};{'d0': 0.02490583291941664};-280.569866449044;40.684657008618686
48644;-99.6002762159032;(((_a6_ * (-(((_a3_ * (_a3_ / _a0_)) + x)) * x)) + _a3_) * x);{'d0': {'_a0_': 5.0509868454616305, '_a3_': 1.775135403553253, '_a6_': -3.3767608805604823, '_a1_': 1.0, '_a2_': 1.0, '_a4_': 1.0, '_a5_': 1.0, '_a7_': 1.0}};{'d0': 0.02490583291941664};-280.569866449044;40.684657008618686
48645;-99.6002762159032;(((_a6_ * (-(((_a3_ * (_a3_ / _a0_)) + x)) * x)) + _a3_) * x);{'d0': {'_a0_': 5.0509868454616305, '_a3_': 1.775135403553253, '_a6_': -3.3767608805604823, '_a1_': 1.0, '_a2_': 1.0, '_a4_': 1.0, '_a5_': 1.0, '_a7_': 1.0}};{'d0': 0.02490583291941664};-280.569866449044;40.684657008618686
48646;-99.6002762159032;(((_a6_ * (-(((_a3_ * (_a3_ / _a0_)) + x)) * x)) + _a3_) * x);{'d0': {'_a0_': 5.0509868454616305, '_a3_': 1.775135403553253, '_a6_': -3.3767608805604823, '_a1_': 1.0, '_a2_': 1.0, '_a4_': 1.0, '_a5_': 1.0, '_a7_': 1.0}};{'d0': 0.02490583291941664};-280.569866449044;40.684657008618686
48647;-99.6002762159032;(((_a6_ * (-(((_a3_ * (_a3_ / _a0_)) + x)) * x)) + _a3_) * x);{'d0': {'_a0_': 5.0509868454616305, '_a3_': 1.775135403553253, '_a6_': -3.3767608805604823, '_a1_': 1.0, '_a2_': 1.0, '_a4_': 1.0, '_a5_': 1.0, '_a7_': 1.0}};{'d0': 0.02490583291941664};-280.569866449044;40.684657008618686
48648;-99.6002762159032;(((_a6_ * (-(((_a3_ * (_a3_ / _a0_)) + x)) * x)) + _a3_) * x);{'d0': {'_a0_': 5.0509868454616305, '_a3_': 1.775135403553253, '_a6_': -3.3767608805604823, '_a1_': 1.0, '_a2_': 1.0, '_a4_': 1.0, '_a5_': 1.0, '_a7_': 1.0}};{'d0': 0.02490583291941664};-280.569866449044;40.684657008618686
48649;-99.6002762159032;(((_a6_ * (-(((_a3_ * (_a3_ / _a0_)) + x)) * x)) + _a3_) * x);{'d0': {'_a0_': 5.0509868454616305, '_a3_': 1.775135403553253, '_a6_': -3.3767608805604823, '_a1_': 1.0, '_a2_': 1.0, '_a4_': 1.0, '_a5_': 1.0, '_a7_': 1.0}};{'d0': 0.02490583291941664};-280.569866449044;40.684657008618686
48650;-99.6002762159032;(((_a6_ * (-(((_a3_ * (_a3_ / _a0_)) + x)) * x)) + _a3_) * x);{'d0': {'_a0_': 5.0509868454616305, '_a3_': 1.775135403553253, '_a6_': -3.3767608805604823, '_a1_': 1.0, '_a2_': 1.0, '_a4_': 1.0, '_a5_': 1.0, '_a7_': 1.0}};{'d0': 0.02490583291941664};-280.569866449044;40.684657008618686
48651;-99.6002762159032;(((_a6_ * (-(((_a3_ * (_a3_ / _a0_)) + x)) * x)) + _a3_) * x);{'d0': {'_a0_': 5.0509868454616305, '_a3_': 1.775135403553253, '_a6_': -3.3767608805604823, '_a1_': 1.0, '_a2_': 1.0, '_a4_': 1.0, '_a5_': 1.0, '_a7_': 1.0}};{'d0': 0.02490583291941664};-280.569866449044;40.684657008618686
48652;-97.5531039087534;(((_a6_ * (-(((_a3_ * (_a3_ / _a0_)) + x)) * x)) + _a4_) * x);{'d0': {'_a0_': 4.581689434588654, '_a3_': 1.690660293606927, '_a4_': 1.7751354044615746, '_a6_': -3.3767608775956965, '_a1_': 1.0, '_a2_': 1.0, '_a5_': 1.0, '_a7_': 1.0}};{'d0': 0.02490583294103383};-276.475521834744;40.684657008618686
48653;-100.060704971786;(((_a6_ * (-(((_a3_ * sqrt(_a4_)) + x)) * x)) + _a4_) * x);{'d0': {'_a3_': 0.46824267380960577, '_a4_': 1.7751354037750129, '_a6_': -3.3767608795011865, '_a0_': 1.0, '_a1_': 1.0, '_a2_': 1.0, '_a5_': 1.0, '_a7_': 1.0}};{'d0': 0.024905832919416598};-280.569866449044;40.22422825273629
48654;-100.060704971786;(((_a6_ * (-(((_a3_ * sqrt(_a4_)) + x)) * x)) + _a4_) * x);{'d0': {'_a3_': 0.46824267380960577, '_a4_': 1.7751354037750129, '_a6_': -3.3767608795011865, '_a0_': 1.0, '_a1_': 1.0, '_a2_': 1.0, '_a5_': 1.0, '_a7_': 1.0}};{'d0': 0.024905832919416598};-280.569866449044;40.22422825273629
48655;-100.060704971786;(((_a6_ * (-(((_a3_ * sqrt(_a4_)) + x)) * x)) + _a4_) * x);{'d0': {'_a3_': 0.46824267380960577, '_a4_': 1.7751354037750129, '_a6_': -3.3767608795011865, '_a0_': 1.0, '_a1_': 1.0, '_a2_': 1.0, '_a5_': 1.0, '_a7_': 1.0}};{'d0': 0.024905832919416598};-280.569866449044;40.22422825273629
48656;-100.060704971786;(((_a6_ * (-(((_a3_ * sqrt(_a4_)) + x)) * x)) + _a4_) * x);{'d0': {'_a3_': 0.46824267380960577, '_a4_': 1.7751354037750129, '_a6_': -3.3767608795011865, '_a0_': 1.0, '_a1_': 1.0, '_a2_': 1.0, '_a5_': 1.0, '_a7_': 1.0}};{'d0': 0.024905832919416598};-280.569866449044;40.22422825273629
48657;-100.060704971786;(((_a2_ * (-(((_a3_ * sqrt(_a4_)) + x)) * x)) + _a4_) * x);{'d0': {'_a2_': -3.3767608788758188, '_a3_': 0.46824267382708284, '_a4_': 1.775135404068952, '_a0_': 1.0, '_a1_': 1.0, '_a5_': 1.0, '_a6_': 1.0, '_a7_': 1.0}};{'d0': 0.02490583291941663};-280.569866449044;40.22422825273629
48658;-100.060704971786;(((_a2_ * (-(((_a3_ * sqrt(_a4_)) + x)) * x)) + _a4_) * x);{'d0': {'_a2_': -3.3767608788758188, '_a3_': 0.46824267382708284, '_a4_': 1.775135404068952, '_a0_': 1.0, '_a1_': 1.0, '_a5_': 1.0, '_a6_': 1.0, '_a7_': 1.0}};{'d0': 0.02490583291941663};-280.569866449044;40.22422825273629
48659;-100.060704971786;(((_a2_ * (-(((_a3_ * sqrt(_a4_)) + x)) * x)) + _a4_) * x);{'d0': {'_a2_': -3.3767608788758188, '_a3_': 0.46824267382708284, '_a4_': 1.775135404068952, '_a0_': 1.0, '_a1_': 1.0, '_a5_': 1.0, '_a6_': 1.0, '_a7_': 1.0}};{'d0': 0.02490583291941663};-280.569866449044;40.22422825273629
48660;-100.060704971786;(((_a2_ * (-(((_a3_ * sqrt(_a4_)) + x)) * x)) + _a4_) * x);{'d0': {'_a2_': -3.3767608788758188, '_a3_': 0.46824267382708284, '_a4_': 1.775135404068952, '_a0_': 1.0, '_a1_': 1.0, '_a5_': 1.0, '_a6_': 1.0, '_a7_': 1.0}};{'d0': 0.02490583291941663};-280.569866449044;40.22422825273629
48661;-100.060704971786;(((_a2_ * (-(((_a3_ * sqrt(_a4_)) + x)) * x)) + _a4_) * x);{'d0': {'_a2_': -3.3767608788758188, '_a3_': 0.46824267382708284, '_a4_': 1.775135404068952, '_a0_': 1.0, '_a1_': 1.0, '_a5_': 1.0, '_a6_': 1.0, '_a7_': 1.0}};{'d0': 0.02490583291941663};-280.569866449044;40.22422825273629
48662;-100.060704971786;(((_a2_ * (-(((_a3_ * sqrt(_a4_)) + x)) * x)) + _a4_) * x);{'d0': {'_a2_': -3.3767608788758188, '_a3_': 0.46824267382708284, '_a4_': 1.775135404068952, '_a0_': 1.0, '_a1_': 1.0, '_a5_': 1.0, '_a6_': 1.0, '_a7_': 1.0}};{'d0': 0.02490583291941663};-280.569866449044;40.22422825273629
48663;-100.060704971786;(((_a2_ * (-(((_a3_ * sqrt(_a4_)) + x)) * x)) + _a4_) * x);{'d0': {'_a2_': -3.3767608788758188, '_a3_': 0.46824267382708284, '_a4_': 1.775135404068952, '_a0_': 1.0, '_a1_': 1.0, '_a5_': 1.0, '_a6_': 1.0, '_a7_': 1.0}};{'d0': 0.02490583291941663};-280.569866449044;40.22422825273629
48664;-100.060704971786;(((_a2_ * (-(((_a3_ * sqrt(_a4_)) + x)) * x)) + _a4_) * x);{'d0': {'_a2_': -3.3767608788758188, '_a3_': 0.46824267382708284, '_a4_': 1.775135404068952, '_a0_': 1.0, '_a1_': 1.0, '_a5_': 1.0, '_a6_': 1.0, '_a7_': 1.0}};{'d0': 0.02490583291941663};-280.569866449044;40.22422825273629
48665;-100.060704971786;(((_a2_ * (-(((_a3_ * sqrt(_a4_)) + x)) * x)) + _a4_) * x);{'d0': {'_a2_': -3.3767608788758188, '_a3_': 0.46824267382708284, '_a4_': 1.775135404068952, '_a0_': 1.0, '_a1_': 1.0, '_a5_': 1.0, '_a6_': 1.0, '_a7_': 1.0}};{'d0': 0.02490583291941663};-280.569866449044;40.22422825273629
48666;-100.060704971786;(((_a2_ * (-(((_a3_ * sqrt(_a4_)) + x)) * x)) + _a4_) * x);{'d0': {'_a2_': -3.3767608788758188, '_a3_': 0.46824267382708284, '_a4_': 1.775135404068952, '_a0_': 1.0, '_a1_': 1.0, '_a5_': 1.0, '_a6_': 1.0, '_a7_': 1.0}};{'d0': 0.02490583291941663};-280.569866449044;40.22422825273629
48667;-100.060704971786;(((_a2_ * (-(((_a3_ * sqrt(_a4_)) + x)) * x)) + _a4_) * x);{'d0': {'_a2_': -3.3767608788758188, '_a3_': 0.46824267382708284, '_a4_': 1.775135404068952, '_a0_': 1.0, '_a1_': 1.0, '_a5_': 1.0, '_a6_': 1.0, '_a7_': 1.0}};{'d0': 0.02490583291941663};-280.569866449044;40.22422825273629
48668;-100.060704971786;(((_a2_ * (-(((_a3_ * sqrt(_a4_)) + x)) * x)) + _a4_) * x);{'d0': {'_a2_': -3.3767608788758188, '_a3_': 0.46824267382708284, '_a4_': 1.775135404068952, '_a0_': 1.0, '_a1_': 1.0, '_a5_': 1.0, '_a6_': 1.0, '_a7_': 1.0}};{'d0': 0.02490583291941663};-280.569866449044;40.22422825273629
48669;-100.060704971786;(((_a2_ * (-(((_a3_ * sqrt(_a4_)) + x)) * x)) + _a4_) * x);{'d0': {'_a2_': -3.3767608788758188, '_a3_': 0.46824267382708284, '_a4_': 1.775135404068952, '_a0_': 1.0, '_a1_': 1.0, '_a5_': 1.0, '_a6_': 1.0, '_a7_': 1.0}};{'d0': 0.02490583291941663};-280.569866449044;40.22422825273629
48670;-100.060704971786;(((_a2_ * (-(((_a3_ * sqrt(_a4_)) + x)) * x)) + _a4_) * x);{'d0': {'_a2_': -3.3767608788758188, '_a3_': 0.46824267382708284, '_a4_': 1.775135404068952, '_a0_': 1.0, '_a1_': 1.0, '_a5_': 1.0, '_a6_': 1.0, '_a7_': 1.0}};{'d0': 0.02490583291941663};-280.569866449044;40.22422825273629
48671;-100.060704971786;(((_a2_ * (-(((_a3_ * sqrt(_a4_)) + x)) * x)) + _a4_) * x);{'d0': {'_a2_': -3.3767608788758188, '_a3_': 0.46824267382708284, '_a4_': 1.775135404068952, '_a0_': 1.0, '_a1_': 1.0, '_a5_': 1.0, '_a6_': 1.0, '_a7_': 1.0}};{'d0': 0.02490583291941663};-280.569866449044;40.22422825273629
48672;-100.060704971786;(((_a2_ * (-(((_a3_ * sqrt(_a4_)) + x)) * x)) + _a4_) * x);{'d0': {'_a2_': -3.3767608788758188, '_a3_': 0.46824267382708284, '_a4_': 1.775135404068952, '_a0_': 1.0, '_a1_': 1.0, '_a5_': 1.0, '_a6_': 1.0, '_a7_': 1.0}};{'d0': 0.02490583291941663};-280.569866449044;40.22422825273629
48673;-100.060704971786;(((_a2_ * (-(((_a3_ * sqrt(_a4_)) + x)) * x)) + _a4_) * x);{'d0': {'_a2_': -3.3767608788758188, '_a3_': 0.46824267382708284, '_a4_': 1.775135404068952, '_a0_': 1.0, '_a1_': 1.0, '_a5_': 1.0, '_a6_': 1.0, '_a7_': 1.0}};{'d0': 0.02490583291941663};-280.569866449044;40.22422825273629
48674;-100.060704971786;(((_a2_ * (-(((_a3_ * sqrt(_a4_)) + x)) * x)) + _a4_) * x);{'d0': {'_a2_': -3.3767608788758188, '_a3_': 0.46824267382708284, '_a4_': 1.775135404068952, '_a0_': 1.0, '_a1_': 1.0, '_a5_': 1.0, '_a6_': 1.0, '_a7_': 1.0}};{'d0': 0.02490583291941663};-280.569866449044;40.22422825273629
48675;-104.972588565303;(((_a1_ + pow2((x + (log(_a4_) * _a4_)))) * x) * _a6_);{'d0': {'_a1_': 0.42839162819216003, '_a4_': 1.2767475680077838, '_a6_': 3.3767608764410917, '_a0_': 1.0, '_a2_': 1.0, '_a3_': 1.0, '_a5_': 1.0, '_a7_': 1.0}};{'d0': 0.024905832919416605};-280.569866449044;35.31234465921912
48676;-104.972588565303;(((_a1_ + pow2((x + (log(_a4_) * _a4_)))) * x) * _a6_);{'d0': {'_a1_': 0.42839162819216003, '_a4_': 1.2767475680077838, '_a6_': 3.3767608764410917, '_a0_': 1.0, '_a2_': 1.0, '_a3_': 1.0, '_a5_': 1.0, '_a7_': 1.0}};{'d0': 0.024905832919416605};-280.569866449044;35.31234465921912
48677;-104.972588565303;(((_a1_ + pow2((x + (log(_a4_) * _a4_)))) * x) * _a6_);{'d0': {'_a1_': 0.42839162819216003, '_a4_': 1.2767475680077838, '_a6_': 3.3767608764410917, '_a0_': 1.0, '_a2_': 1.0, '_a3_': 1.0, '_a5_': 1.0, '_a7_': 1.0}};{'d0': 0.024905832919416605};-280.569866449044;35.31234465921912
48678;-104.972588565303;(((_a1_ + pow2((x + (log(_a4_) * _a4_)))) * x) * _a6_);{'d0': {'_a1_': 0.42839162819216003, '_a4_': 1.2767475680077838, '_a6_': 3.3767608764410917, '_a0_': 1.0, '_a2_': 1.0, '_a3_': 1.0, '_a5_': 1.0, '_a7_': 1.0}};{'d0': 0.024905832919416605};-280.569866449044;35.31234465921912
48679;-104.972588565303;(((_a1_ + pow2((x + (log(_a4_) * _a4_)))) * x) * _a6_);{'d0': {'_a1_': 0.42839162819216003, '_a4_': 1.2767475680077838, '_a6_': 3.3767608764410917, '_a0_': 1.0, '_a2_': 1.0, '_a3_': 1.0, '_a5_': 1.0, '_a7_': 1.0}};{'d0': 0.024905832919416605};-280.569866449044;35.31234465921912
48680;-104.972588565303;(((_a1_ + pow2((x + (log(_a4_) * _a4_)))) * x) * _a6_);{'d0': {'_a1_': 0.42839162819216003, '_a4_': 1.2767475680077838, '_a6_': 3.3767608764410917, '_a0_': 1.0, '_a2_': 1.0, '_a3_': 1.0, '_a5_': 1.0, '_a7_': 1.0}};{'d0': 0.024905832919416605};-280.569866449044;35.31234465921912
48681;-104.972588565303;(((_a1_ + pow2((x + (log(_a4_) * _a4_)))) * x) * _a6_);{'d0': {'_a1_': 0.42839162819216003, '_a4_': 1.2767475680077838, '_a6_': 3.3767608764410917, '_a0_': 1.0, '_a2_': 1.0, '_a3_': 1.0, '_a5_': 1.0, '_a7_': 1.0}};{'d0': 0.024905832919416605};-280.569866449044;35.31234465921912
48682;-104.972588565303;(((_a1_ + pow2((x + (log(_a4_) * _a4_)))) * x) * _a6_);{'d0': {'_a1_': 0.42839162819216003, '_a4_': 1.2767475680077838, '_a6_': 3.3767608764410917, '_a0_': 1.0, '_a2_': 1.0, '_a3_': 1.0, '_a5_': 1.0, '_a7_': 1.0}};{'d0': 0.024905832919416605};-280.569866449044;35.31234465921912
48683;-104.972588565303;(((_a1_ + pow2((x + (log(_a4_) * _a4_)))) * x) * _a6_);{'d0': {'_a1_': 0.42839162819216003, '_a4_': 1.2767475680077838, '_a6_': 3.3767608764410917, '_a0_': 1.0, '_a2_': 1.0, '_a3_': 1.0, '_a5_': 1.0, '_a7_': 1.0}};{'d0': 0.024905832919416605};-280.569866449044;35.31234465921912
48684;-104.972588565303;(((_a1_ + pow2((x + (log(_a4_) * _a4_)))) * x) * _a6_);{'d0': {'_a1_': 0.42839162819216003, '_a4_': 1.2767475680077838, '_a6_': 3.3767608764410917, '_a0_': 1.0, '_a2_': 1.0, '_a3_': 1.0, '_a5_': 1.0, '_a7_': 1.0}};{'d0': 0.024905832919416605};-280.569866449044;35.31234465921912
48685;-104.972588565303;(((_a1_ + pow2((x + (log(_a4_) * _a4_)))) * x) * _a6_);{'d0': {'_a1_': 0.42839162819216003, '_a4_': 1.2767475680077838, '_a6_': 3.3767608764410917, '_a0_': 1.0, '_a2_': 1.0, '_a3_': 1.0, '_a5_': 1.0, '_a7_': 1.0}};{'d0': 0.024905832919416605};-280.569866449044;35.31234465921912
48686;-96.5638554988508;(((_a7_ * x) + ((_a1_ * pow2(x)) + (x + (_a4_ / _a0_)))) * x);{'d0': {'_a0_': 831.2329866964582, '_a1_': 3.3767608689368056, '_a4_': 1475.5511306487974, '_a7_': 1.1066240604507647, '_a2_': 1.0, '_a3_': 1.0, '_a5_': 1.0, '_a6_': 1.0}};{'d0': 0.02490583291943217};-276.475521886784;41.673905444541546
48687;-96.5638554988508;(((_a7_ * x) + ((_a1_ * pow2(x)) + (x + (_a4_ / _a0_)))) * x);{'d0': {'_a0_': 831.2329866964582, '_a1_': 3.3767608689368056, '_a4_': 1475.5511306487974, '_a7_': 1.1066240604507647, '_a2_': 1.0, '_a3_': 1.0, '_a5_': 1.0, '_a6_': 1.0}};{'d0': 0.02490583291943217};-276.475521886784;41.673905444541546
48688;-104.972588565303;(((_a1_ + pow2((x + (log(_a4_) * _a4_)))) * x) * _a6_);{'d0': {'_a1_': 0.42839162819216003, '_a4_': 1.2767475680077838, '_a6_': 3.3767608764410917, '_a0_': 1.0, '_a2_': 1.0, '_a3_': 1.0, '_a5_': 1.0, '_a7_': 1.0}};{'d0': 0.024905832919416605};-280.569866449044;35.31234465921912
48689;-104.972588565303;(((_a1_ + pow2((x + (log(_a4_) * _a4_)))) * x) * _a6_);{'d0': {'_a1_': 0.42839162819216003, '_a4_': 1.2767475680077838, '_a6_': 3.3767608764410917, '_a0_': 1.0, '_a2_': 1.0, '_a3_': 1.0, '_a5_': 1.0, '_a7_': 1.0}};{'d0': 0.024905832919416605};-280.569866449044;35.31234465921912
48690;-104.972588565303;(((_a1_ + pow2((x + (log(_a4_) * _a4_)))) * x) * _a6_);{'d0': {'_a1_': 0.42839162819216003, '_a4_': 1.2767475680077838, '_a6_': 3.3767608764410917, '_a0_': 1.0, '_a2_': 1.0, '_a3_': 1.0, '_a5_': 1.0, '_a7_': 1.0}};{'d0': 0.024905832919416605};-280.569866449044;35.31234465921912
48691;-104.972588565303;(((_a1_ + pow2((x + (log(_a4_) * _a4_)))) * x) * _a6_);{'d0': {'_a1_': 0.42839162819216003, '_a4_': 1.2767475680077838, '_a6_': 3.3767608764410917, '_a0_': 1.0, '_a2_': 1.0, '_a3_': 1.0, '_a5_': 1.0, '_a7_': 1.0}};{'d0': 0.024905832919416605};-280.569866449044;35.31234465921912
48692;-104.972588565303;(((_a1_ + pow2((x + (log(_a4_) * _a4_)))) * x) * _a6_);{'d0': {'_a1_': 0.42839162819216003, '_a4_': 1.2767475680077838, '_a6_': 3.3767608764410917, '_a0_': 1.0, '_a2_': 1.0, '_a3_': 1.0, '_a5_': 1.0, '_a7_': 1.0}};{'d0': 0.024905832919416605};-280.569866449044;35.31234465921912
48693;-104.972588565303;(((_a1_ + pow2((x + (log(_a4_) * _a4_)))) * x) * _a6_);{'d0': {'_a1_': 0.42839162819216003, '_a4_': 1.2767475680077838, '_a6_': 3.3767608764410917, '_a0_': 1.0, '_a2_': 1.0, '_a3_': 1.0, '_a5_': 1.0, '_a7_': 1.0}};{'d0': 0.024905832919416605};-280.569866449044;35.31234465921912
48694;-104.972588565303;(((_a1_ + pow2((x + (log(_a4_) * _a4_)))) * x) * _a6_);{'d0': {'_a1_': 0.42839162819216003, '_a4_': 1.2767475680077838, '_a6_': 3.3767608764410917, '_a0_': 1.0, '_a2_': 1.0, '_a3_': 1.0, '_a5_': 1.0, '_a7_': 1.0}};{'d0': 0.024905832919416605};-280.569866449044;35.31234465921912
48695;-104.972588565303;(((_a1_ + pow2((x + (log(_a4_) * _a4_)))) * x) * _a6_);{'d0': {'_a1_': 0.42839162819216003, '_a4_': 1.2767475680077838, '_a6_': 3.3767608764410917, '_a0_': 1.0, '_a2_': 1.0, '_a3_': 1.0, '_a5_': 1.0, '_a7_': 1.0}};{'d0': 0.024905832919416605};-280.569866449044;35.31234465921912
48696;-104.972588565303;(((_a1_ + pow2((x + (log(_a4_) * _a4_)))) * x) * _a6_);{'d0': {'_a1_': 0.42839162819216003, '_a4_': 1.2767475680077838, '_a6_': 3.3767608764410917, '_a0_': 1.0, '_a2_': 1.0, '_a3_': 1.0, '_a5_': 1.0, '_a7_': 1.0}};{'d0': 0.024905832919416605};-280.569866449044;35.31234465921912
48697;-104.972588565303;(((_a1_ + pow2((x + (log(_a4_) * _a4_)))) * x) * _a6_);{'d0': {'_a1_': 0.42839162819216003, '_a4_': 1.2767475680077838, '_a6_': 3.3767608764410917, '_a0_': 1.0, '_a2_': 1.0, '_a3_': 1.0, '_a5_': 1.0, '_a7_': 1.0}};{'d0': 0.024905832919416605};-280.569866449044;35.31234465921912
48698;-104.972588565303;(((_a1_ + pow2((x + (log(_a4_) * _a4_)))) * x) * _a6_);{'d0': {'_a1_': 0.42839162819216003, '_a4_': 1.2767475680077838, '_a6_': 3.3767608764410917, '_a0_': 1.0, '_a2_': 1.0, '_a3_': 1.0, '_a5_': 1.0, '_a7_': 1.0}};{'d0': 0.024905832919416605};-280.569866449044;35.31234465921912
48699;-104.972588565303;(((_a1_ + pow2((x + (log(_a4_) * _a4_)))) * x) * _a6_);{'d0': {'_a1_': 0.42839162819216003, '_a4_': 1.2767475680077838, '_a6_': 3.3767608764410917, '_a0_': 1.0, '_a2_': 1.0, '_a3_': 1.0, '_a5_': 1.0, '_a7_': 1.0}};{'d0': 0.024905832919416605};-280.569866449044;35.31234465921912
48700;-104.972588565303;(((_a1_ + pow2((x + (log(_a4_) * _a4_)))) * x) * _a6_);{'d0': {'_a1_': 0.42839162819216003, '_a4_': 1.2767475680077838, '_a6_': 3.3767608764410917, '_a0_': 1.0, '_a2_': 1.0, '_a3_': 1.0, '_a5_': 1.0, '_a7_': 1.0}};{'d0': 0.024905832919416605};-280.569866449044;35.31234465921912
48701;-104.972588565303;(((_a1_ + pow2((x + (log(_a4_) * _a4_)))) * x) * _a6_);{'d0': {'_a1_': 0.42839162819216003, '_a4_': 1.2767475680077838, '_a6_': 3.3767608764410917, '_a0_': 1.0, '_a2_': 1.0, '_a3_': 1.0, '_a5_': 1.0, '_a7_': 1.0}};{'d0': 0.024905832919416605};-280.569866449044;35.31234465921912
48702;-104.972588565303;(((_a1_ + pow2((x + (log(_a4_) * _a4_)))) * x) * _a6_);{'d0': {'_a1_': 0.42839162819216003, '_a4_': 1.2767475680077838, '_a6_': 3.3767608764410917, '_a0_': 1.0, '_a2_': 1.0, '_a3_': 1.0, '_a5_': 1.0, '_a7_': 1.0}};{'d0': 0.024905832919416605};-280.569866449044;35.31234465921912
48703;-104.972588565303;(((_a1_ + pow2((x + (log(_a4_) * _a4_)))) * x) * _a6_);{'d0': {'_a1_': 0.42839162819216003, '_a4_': 1.2767475680077838, '_a6_': 3.3767608764410917, '_a0_': 1.0, '_a2_': 1.0, '_a3_': 1.0, '_a5_': 1.0, '_a7_': 1.0}};{'d0': 0.024905832919416605};-280.569866449044;35.31234465921912
48704;-104.972588565303;(((_a1_ + pow2((x + (log(_a4_) * _a4_)))) * x) * _a6_);{'d0': {'_a1_': 0.42839162819216003, '_a4_': 1.2767475680077838, '_a6_': 3.3767608764410917, '_a0_': 1.0, '_a2_': 1.0, '_a3_': 1.0, '_a5_': 1.0, '_a7_': 1.0}};{'d0': 0.024905832919416605};-280.569866449044;35.31234465921912
48705;-104.972588565303;(((_a1_ + pow2((x + (log(_a4_) * _a4_)))) * x) * _a6_);{'d0': {'_a1_': 0.42839162819216003, '_a4_': 1.2767475680077838, '_a6_': 3.3767608764410917, '_a0_': 1.0, '_a2_': 1.0, '_a3_': 1.0, '_a5_': 1.0, '_a7_': 1.0}};{'d0': 0.024905832919416605};-280.569866449044;35.31234465921912
48706;-104.972588565303;(((_a1_ + pow2((x + (log(_a4_) * _a4_)))) * x) * _a6_);{'d0': {'_a1_': 0.42839162819216003, '_a4_': 1.2767475680077838, '_a6_': 3.3767608764410917, '_a0_': 1.0, '_a2_': 1.0, '_a3_': 1.0, '_a5_': 1.0, '_a7_': 1.0}};{'d0': 0.024905832919416605};-280.569866449044;35.31234465921912
48707;-104.972588565303;(((_a1_ + pow2((x + (log(_a4_) * _a4_)))) * x) * _a6_);{'d0': {'_a1_': 0.42839162819216003, '_a4_': 1.2767475680077838, '_a6_': 3.3767608764410917, '_a0_': 1.0, '_a2_': 1.0, '_a3_': 1.0, '_a5_': 1.0, '_a7_': 1.0}};{'d0': 0.024905832919416605};-280.569866449044;35.31234465921912
48708;-93.2711647694605;(((_a7_ * x) + ((_a1_ * pow2(x)) + (x + (_a4_ / sqrt(_a7_))))) * x);{'d0': {'_a1_': 3.3767608721790654, '_a4_': 1.8673750001973377, '_a7_': 1.1066240620150698, '_a0_': 1.0, '_a2_': 1.0, '_a3_': 1.0, '_a5_': 1.0, '_a6_': 1.0}};{'d0': 0.024905832919416643};-280.569866449044;47.013768455061545
48709;-93.1508554868330;(((_a7_ * x) + ((_a1_ * pow2(x)) + (x + (_a4_ + sqrt(_a7_))))) * x);{'d0': {'_a1_': 3.3767608755526006, '_a4_': 0.723173396667373, '_a7_': 1.1066240657382778, '_a0_': 1.0, '_a2_': 1.0, '_a3_': 1.0, '_a5_': 1.0, '_a6_': 1.0}};{'d0': 0.024905832919416615};-280.569866449044;47.13407773768915
48710;-93.1508554868330;(((_a7_ * x) + ((_a1_ * pow2(x)) + (x + (_a4_ + sqrt(_a7_))))) * x);{'d0': {'_a1_': 3.3767608755526006, '_a4_': 0.723173396667373, '_a7_': 1.1066240657382778, '_a0_': 1.0, '_a2_': 1.0, '_a3_': 1.0, '_a5_': 1.0, '_a6_': 1.0}};{'d0': 0.024905832919416615};-280.569866449044;47.13407773768915
48711;-93.1508554868330;(((_a7_ * x) + ((_a1_ * pow2(x)) + (x + (_a4_ + sqrt(_a7_))))) * x);{'d0': {'_a1_': 3.3767608755526006, '_a4_': 0.723173396667373, '_a7_': 1.1066240657382778, '_a0_': 1.0, '_a2_': 1.0, '_a3_': 1.0, '_a5_': 1.0, '_a6_': 1.0}};{'d0': 0.024905832919416615};-280.569866449044;47.13407773768915
48712;-104.972588565303;(((_a1_ + pow2((x + (log(_a4_) * _a4_)))) * x) * _a6_);{'d0': {'_a1_': 0.42839162819216003, '_a4_': 1.2767475680077838, '_a6_': 3.3767608764410917, '_a0_': 1.0, '_a2_': 1.0, '_a3_': 1.0, '_a5_': 1.0, '_a7_': 1.0}};{'d0': 0.024905832919416605};-280.569866449044;35.31234465921912
48713;-104.972588565303;(((_a1_ + pow2((x + (log(_a4_) * _a4_)))) * x) * _a6_);{'d0': {'_a1_': 0.42839162819216003, '_a4_': 1.2767475680077838, '_a6_': 3.3767608764410917, '_a0_': 1.0, '_a2_': 1.0, '_a3_': 1.0, '_a5_': 1.0, '_a7_': 1.0}};{'d0': 0.024905832919416605};-280.569866449044;35.31234465921912
48714;-104.972588565303;(((_a1_ + pow2((x + (log(_a4_) * _a4_)))) * x) * _a6_);{'d0': {'_a1_': 0.42839162819216003, '_a4_': 1.2767475680077838, '_a6_': 3.3767608764410917, '_a0_': 1.0, '_a2_': 1.0, '_a3_': 1.0, '_a5_': 1.0, '_a7_': 1.0}};{'d0': 0.024905832919416605};-280.569866449044;35.31234465921912
48715;-104.972588565303;(((_a1_ + pow2((x + (log(_a4_) * _a4_)))) * x) * _a6_);{'d0': {'_a1_': 0.42839162819216003, '_a4_': 1.2767475680077838, '_a6_': 3.3767608764410917, '_a0_': 1.0, '_a2_': 1.0, '_a3_': 1.0, '_a5_': 1.0, '_a7_': 1.0}};{'d0': 0.024905832919416605};-280.569866449044;35.31234465921912
48716;-104.972588565303;(((_a1_ + pow2((x + (log(_a4_) * _a4_)))) * x) * _a6_);{'d0': {'_a1_': 0.42839162819216003, '_a4_': 1.2767475680077838, '_a6_': 3.3767608764410917, '_a0_': 1.0, '_a2_': 1.0, '_a3_': 1.0, '_a5_': 1.0, '_a7_': 1.0}};{'d0': 0.024905832919416605};-280.569866449044;35.31234465921912
48717;-104.972588565303;(((_a1_ + pow2((x + (log(_a4_) * _a4_)))) * x) * _a6_);{'d0': {'_a1_': 0.42839162819216003, '_a4_': 1.2767475680077838, '_a6_': 3.3767608764410917, '_a0_': 1.0, '_a2_': 1.0, '_a3_': 1.0, '_a5_': 1.0, '_a7_': 1.0}};{'d0': 0.024905832919416605};-280.569866449044;35.31234465921912
48718;-104.972588565303;(((_a1_ + pow2((x + (log(_a4_) * _a4_)))) * x) * _a6_);{'d0': {'_a1_': 0.42839162819216003, '_a4_': 1.2767475680077838, '_a6_': 3.3767608764410917, '_a0_': 1.0, '_a2_': 1.0, '_a3_': 1.0, '_a5_': 1.0, '_a7_': 1.0}};{'d0': 0.024905832919416605};-280.569866449044;35.31234465921912
48719;-104.972588565303;(((_a1_ + pow2((x + (log(_a4_) * _a4_)))) * x) * _a6_);{'d0': {'_a1_': 0.42839162819216003, '_a4_': 1.2767475680077838, '_a6_': 3.3767608764410917, '_a0_': 1.0, '_a2_': 1.0, '_a3_': 1.0, '_a5_': 1.0, '_a7_': 1.0}};{'d0': 0.024905832919416605};-280.569866449044;35.31234465921912
48720;-104.972588565303;(((_a1_ + pow2((x + (log(_a4_) * _a4_)))) * x) * _a6_);{'d0': {'_a1_': 0.42839162819216003, '_a4_': 1.2767475680077838, '_a6_': 3.3767608764410917, '_a0_': 1.0, '_a2_': 1.0, '_a3_': 1.0, '_a5_': 1.0, '_a7_': 1.0}};{'d0': 0.024905832919416605};-280.569866449044;35.31234465921912
48721;-104.972588565303;(((_a1_ + pow2((x + (log(_a4_) * _a4_)))) * x) * _a6_);{'d0': {'_a1_': 0.42839162819216003, '_a4_': 1.2767475680077838, '_a6_': 3.3767608764410917, '_a0_': 1.0, '_a2_': 1.0, '_a3_': 1.0, '_a5_': 1.0, '_a7_': 1.0}};{'d0': 0.024905832919416605};-280.569866449044;35.31234465921912
48722;-104.972588565303;(((_a1_ + pow2((x + (log(_a4_) * _a4_)))) * x) * _a6_);{'d0': {'_a1_': 0.42839162819216003, '_a4_': 1.2767475680077838, '_a6_': 3.3767608764410917, '_a0_': 1.0, '_a2_': 1.0, '_a3_': 1.0, '_a5_': 1.0, '_a7_': 1.0}};{'d0': 0.024905832919416605};-280.569866449044;35.31234465921912
48723;-104.972588565303;(((_a1_ + pow2((x + (log(_a4_) * _a4_)))) * x) * _a6_);{'d0': {'_a1_': 0.42839162819216003, '_a4_': 1.2767475680077838, '_a6_': 3.3767608764410917, '_a0_': 1.0, '_a2_': 1.0, '_a3_': 1.0, '_a5_': 1.0, '_a7_': 1.0}};{'d0': 0.024905832919416605};-280.569866449044;35.31234465921912
48724;-104.972588565303;(((_a1_ + pow2((x + (log(_a4_) * _a4_)))) * x) * _a6_);{'d0': {'_a1_': 0.42839162819216003, '_a4_': 1.2767475680077838, '_a6_': 3.3767608764410917, '_a0_': 1.0, '_a2_': 1.0, '_a3_': 1.0, '_a5_': 1.0, '_a7_': 1.0}};{'d0': 0.024905832919416605};-280.569866449044;35.31234465921912
48725;-104.972588565303;(((_a1_ + pow2((x + (log(_a4_) * _a4_)))) * x) * _a6_);{'d0': {'_a1_': 0.42839162819216003, '_a4_': 1.2767475680077838, '_a6_': 3.3767608764410917, '_a0_': 1.0, '_a2_': 1.0, '_a3_': 1.0, '_a5_': 1.0, '_a7_': 1.0}};{'d0': 0.024905832919416605};-280.569866449044;35.31234465921912
48726;-104.972588565303;(((_a1_ + pow2((x + (log(_a4_) * _a4_)))) * x) * _a6_);{'d0': {'_a1_': 0.42839162819216003, '_a4_': 1.2767475680077838, '_a6_': 3.3767608764410917, '_a0_': 1.0, '_a2_': 1.0, '_a3_': 1.0, '_a5_': 1.0, '_a7_': 1.0}};{'d0': 0.024905832919416605};-280.569866449044;35.31234465921912
48727;-104.972588565303;(((_a1_ + pow2((x + (log(_a4_) * _a4_)))) * x) * _a6_);{'d0': {'_a1_': 0.42839162819216003, '_a4_': 1.2767475680077838, '_a6_': 3.3767608764410917, '_a0_': 1.0, '_a2_': 1.0, '_a3_': 1.0, '_a5_': 1.0, '_a7_': 1.0}};{'d0': 0.024905832919416605};-280.569866449044;35.31234465921912
48728;-104.972588565303;(((_a1_ + pow2((x + (log(_a4_) * _a4_)))) * x) * _a6_);{'d0': {'_a1_': 0.42839162819216003, '_a4_': 1.2767475680077838, '_a6_': 3.3767608764410917, '_a0_': 1.0, '_a2_': 1.0, '_a3_': 1.0, '_a5_': 1.0, '_a7_': 1.0}};{'d0': 0.024905832919416605};-280.569866449044;35.31234465921912
48729;-104.972588565303;(((_a1_ + pow2((x + (log(_a4_) * _a4_)))) * x) * _a6_);{'d0': {'_a1_': 0.42839162819216003, '_a4_': 1.2767475680077838, '_a6_': 3.3767608764410917, '_a0_': 1.0, '_a2_': 1.0, '_a3_': 1.0, '_a5_': 1.0, '_a7_': 1.0}};{'d0': 0.024905832919416605};-280.569866449044;35.31234465921912
48730;-105.382580669956;(((_a7_ * _a1_) + ((pow2(_a2_) * (_a7_ + x)) * x)) * x);{'d0': {'_a1_': 2.845409334484615, '_a2_': 1.8375964947772125, '_a7_': 0.6238594155538039, '_a0_': 1.0, '_a3_': 1.0, '_a4_': 1.0, '_a5_': 1.0, '_a6_': 1.0}};{'d0': 0.02490583291941665};-280.569866449044;34.90235255456609
48731;-105.382580669956;(((_a1_ * _a1_) + ((pow2(_a2_) * (_a7_ + x)) * x)) * x);{'d0': {'_a1_': 1.332342074910089, '_a2_': 1.837596494959437, '_a7_': 0.6238594156908083, '_a0_': 1.0, '_a3_': 1.0, '_a4_': 1.0, '_a5_': 1.0, '_a6_': 1.0}};{'d0': 0.024905832919416615};-280.569866449044;34.90235255456609
48732;-104.972588565303;(((_a1_ + pow2((x + (log(_a4_) * _a4_)))) * x) * _a6_);{'d0': {'_a1_': 0.42839162819216003, '_a4_': 1.2767475680077838, '_a6_': 3.3767608764410917, '_a0_': 1.0, '_a2_': 1.0, '_a3_': 1.0, '_a5_': 1.0, '_a7_': 1.0}};{'d0': 0.024905832919416605};-280.569866449044;35.31234465921912
48733;-104.972588565303;(((_a1_ + pow2((x + (log(_a4_) * _a4_)))) * x) * _a6_);{'d0': {'_a1_': 0.42839162819216003, '_a4_': 1.2767475680077838, '_a6_': 3.3767608764410917, '_a0_': 1.0, '_a2_': 1.0, '_a3_': 1.0, '_a5_': 1.0, '_a7_': 1.0}};{'d0': 0.024905832919416605};-280.569866449044;35.31234465921912
48734;-104.972588565303;(((_a1_ + pow2((x + (log(_a4_) * _a4_)))) * x) * _a6_);{'d0': {'_a1_': 0.42839162819216003, '_a4_': 1.2767475680077838, '_a6_': 3.3767608764410917, '_a0_': 1.0, '_a2_': 1.0, '_a3_': 1.0, '_a5_': 1.0, '_a7_': 1.0}};{'d0': 0.024905832919416605};-280.569866449044;35.31234465921912
48735;-104.972588565303;(((_a1_ + pow2((x + (log(_a4_) * _a4_)))) * x) * _a6_);{'d0': {'_a1_': 0.42839162819216003, '_a4_': 1.2767475680077838, '_a6_': 3.3767608764410917, '_a0_': 1.0, '_a2_': 1.0, '_a3_': 1.0, '_a5_': 1.0, '_a7_': 1.0}};{'d0': 0.024905832919416605};-280.569866449044;35.31234465921912
48736;-104.972588565303;(((_a1_ + pow2((x + (log(_a4_) * _a4_)))) * x) * _a6_);{'d0': {'_a1_': 0.42839162819216003, '_a4_': 1.2767475680077838, '_a6_': 3.3767608764410917, '_a0_': 1.0, '_a2_': 1.0, '_a3_': 1.0, '_a5_': 1.0, '_a7_': 1.0}};{'d0': 0.024905832919416605};-280.569866449044;35.31234465921912
48737;-85.7729738539469;(((_a7_ * x) + ((pow2(_a6_) * pow2(x)) + (-(x) + (_a4_ + sqrt(_a7_))))) * x);{'d0': {'_a4_': 0.012573626621947985, '_a6_': 1.8375964996613197, '_a7_': 3.1066240562467002, '_a0_': 1.0, '_a1_': 1.0, '_a2_': 1.0, '_a3_': 1.0, '_a5_': 1.0}};{'d0': 0.024905832919429594};-280.569866449012;54.51195937055954
48738;-85.7729738539469;(((_a7_ * x) + ((pow2(_a6_) * pow2(x)) + (-(x) + (_a4_ + sqrt(_a7_))))) * x);{'d0': {'_a4_': 0.012573626621947985, '_a6_': 1.8375964996613197, '_a7_': 3.1066240562467002, '_a0_': 1.0, '_a1_': 1.0, '_a2_': 1.0, '_a3_': 1.0, '_a5_': 1.0}};{'d0': 0.024905832919429594};-280.569866449012;54.51195937055954
48739;-85.7729738539469;(((_a7_ * x) + ((pow2(_a6_) * pow2(x)) + (-(x) + (_a4_ + sqrt(_a7_))))) * x);{'d0': {'_a4_': 0.012573626621947985, '_a6_': 1.8375964996613197, '_a7_': 3.1066240562467002, '_a0_': 1.0, '_a1_': 1.0, '_a2_': 1.0, '_a3_': 1.0, '_a5_': 1.0}};{'d0': 0.024905832919429594};-280.569866449012;54.51195937055954
48740;-85.7729738539469;(((_a7_ * x) + ((pow2(_a6_) * pow2(x)) + (-(x) + (_a4_ + sqrt(_a7_))))) * x);{'d0': {'_a4_': 0.012573626621947985, '_a6_': 1.8375964996613197, '_a7_': 3.1066240562467002, '_a0_': 1.0, '_a1_': 1.0, '_a2_': 1.0, '_a3_': 1.0, '_a5_': 1.0}};{'d0': 0.024905832919429594};-280.569866449012;54.51195937055954
48741;-85.7729738539510;(((_a7_ * x) + ((pow2(_a2_) * pow2(x)) + (-(x) + (_a4_ + sqrt(_a7_))))) * x);{'d0': {'_a2_': 1.8375965301282178, '_a4_': 0.012573550256897777, '_a7_': 3.1066241248475417, '_a0_': 1.0, '_a1_': 1.0, '_a3_': 1.0, '_a5_': 1.0, '_a6_': 1.0}};{'d0': 0.024905832919426222};-280.569866449020;54.51195937055954
48742;-105.382580669956;(((_a1_ * _a1_) + ((pow2(_a2_) * (_a7_ + x)) * x)) * x);{'d0': {'_a1_': 1.332342074910089, '_a2_': 1.837596494959437, '_a7_': 0.6238594156908083, '_a0_': 1.0, '_a3_': 1.0, '_a4_': 1.0, '_a5_': 1.0, '_a6_': 1.0}};{'d0': 0.024905832919416615};-280.569866449044;34.90235255456609
48743;-105.382580669956;(((_a1_ * _a1_) + ((pow2(_a2_) * (_a7_ + x)) * x)) * x);{'d0': {'_a1_': 1.332342074910089, '_a2_': 1.837596494959437, '_a7_': 0.6238594156908083, '_a0_': 1.0, '_a3_': 1.0, '_a4_': 1.0, '_a5_': 1.0, '_a6_': 1.0}};{'d0': 0.024905832919416615};-280.569866449044;34.90235255456609
48744;-105.382580669956;(((_a1_ * _a1_) + ((pow2(_a2_) * (_a7_ + x)) * x)) * x);{'d0': {'_a1_': 1.332342074910089, '_a2_': 1.837596494959437, '_a7_': 0.6238594156908083, '_a0_': 1.0, '_a3_': 1.0, '_a4_': 1.0, '_a5_': 1.0, '_a6_': 1.0}};{'d0': 0.024905832919416615};-280.569866449044;34.90235255456609
48745;-105.382580669956;(((_a1_ * _a1_) + ((pow2(_a2_) * (_a7_ + x)) * x)) * x);{'d0': {'_a1_': 1.332342074910089, '_a2_': 1.837596494959437, '_a7_': 0.6238594156908083, '_a0_': 1.0, '_a3_': 1.0, '_a4_': 1.0, '_a5_': 1.0, '_a6_': 1.0}};{'d0': 0.024905832919416615};-280.569866449044;34.90235255456609
48746;-105.382580669956;(((_a1_ * _a1_) + ((pow2(_a2_) * (_a7_ + x)) * x)) * x);{'d0': {'_a1_': 1.332342074910089, '_a2_': 1.837596494959437, '_a7_': 0.6238594156908083, '_a0_': 1.0, '_a3_': 1.0, '_a4_': 1.0, '_a5_': 1.0, '_a6_': 1.0}};{'d0': 0.024905832919416615};-280.569866449044;34.90235255456609
48747;-105.382580669956;(((_a1_ * _a1_) + ((pow2(_a2_) * (_a7_ + x)) * x)) * x);{'d0': {'_a1_': 1.332342074910089, '_a2_': 1.837596494959437, '_a7_': 0.6238594156908083, '_a0_': 1.0, '_a3_': 1.0, '_a4_': 1.0, '_a5_': 1.0, '_a6_': 1.0}};{'d0': 0.024905832919416615};-280.569866449044;34.90235255456609
48748;-105.382580669956;(((_a1_ * _a1_) + ((pow2(_a2_) * (_a7_ + x)) * x)) * x);{'d0': {'_a1_': 1.332342074910089, '_a2_': 1.837596494959437, '_a7_': 0.6238594156908083, '_a0_': 1.0, '_a3_': 1.0, '_a4_': 1.0, '_a5_': 1.0, '_a6_': 1.0}};{'d0': 0.024905832919416615};-280.569866449044;34.90235255456609
48749;-105.382580669956;(((_a1_ * _a1_) + ((pow2(_a2_) * (_a7_ + x)) * x)) * x);{'d0': {'_a1_': 1.332342074910089, '_a2_': 1.837596494959437, '_a7_': 0.6238594156908083, '_a0_': 1.0, '_a3_': 1.0, '_a4_': 1.0, '_a5_': 1.0, '_a6_': 1.0}};{'d0': 0.024905832919416615};-280.569866449044;34.90235255456609
48750;-105.382580669956;(((_a1_ * _a1_) + ((pow2(_a2_) * (_a7_ + x)) * x)) * x);{'d0': {'_a1_': 1.332342074910089, '_a2_': 1.837596494959437, '_a7_': 0.6238594156908083, '_a0_': 1.0, '_a3_': 1.0, '_a4_': 1.0, '_a5_': 1.0, '_a6_': 1.0}};{'d0': 0.024905832919416615};-280.569866449044;34.90235255456609
48751;-105.382580669956;(((_a1_ * _a1_) + ((pow2(_a2_) * (_a7_ + x)) * x)) * x);{'d0': {'_a1_': 1.332342074910089, '_a2_': 1.837596494959437, '_a7_': 0.6238594156908083, '_a0_': 1.0, '_a3_': 1.0, '_a4_': 1.0, '_a5_': 1.0, '_a6_': 1.0}};{'d0': 0.024905832919416615};-280.569866449044;34.90235255456609
48752;-105.382580669956;(((_a1_ * _a1_) + ((pow2(_a2_) * (_a7_ + x)) * x)) * x);{'d0': {'_a1_': 1.332342074910089, '_a2_': 1.837596494959437, '_a7_': 0.6238594156908083, '_a0_': 1.0, '_a3_': 1.0, '_a4_': 1.0, '_a5_': 1.0, '_a6_': 1.0}};{'d0': 0.024905832919416615};-280.569866449044;34.90235255456609
48753;-105.382580669956;(((_a1_ * _a1_) + ((pow2(_a2_) * (_a7_ + x)) * x)) * x);{'d0': {'_a1_': 1.332342074910089, '_a2_': 1.837596494959437, '_a7_': 0.6238594156908083, '_a0_': 1.0, '_a3_': 1.0, '_a4_': 1.0, '_a5_': 1.0, '_a6_': 1.0}};{'d0': 0.024905832919416615};-280.569866449044;34.90235255456609
48754;-105.382580669956;(((_a1_ * _a1_) + ((pow2(_a2_) * (_a7_ + x)) * x)) * x);{'d0': {'_a1_': 1.332342074910089, '_a2_': 1.837596494959437, '_a7_': 0.6238594156908083, '_a0_': 1.0, '_a3_': 1.0, '_a4_': 1.0, '_a5_': 1.0, '_a6_': 1.0}};{'d0': 0.024905832919416615};-280.569866449044;34.90235255456609
48755;-105.382580669956;(((_a1_ * _a1_) + ((pow2(_a2_) * (_a7_ + x)) * x)) * x);{'d0': {'_a1_': 1.332342074910089, '_a2_': 1.837596494959437, '_a7_': 0.6238594156908083, '_a0_': 1.0, '_a3_': 1.0, '_a4_': 1.0, '_a5_': 1.0, '_a6_': 1.0}};{'d0': 0.024905832919416615};-280.569866449044;34.90235255456609
48756;-105.382580669956;(((_a1_ * _a1_) + ((pow2(_a2_) * (_a7_ + x)) * x)) * x);{'d0': {'_a1_': 1.332342074910089, '_a2_': 1.837596494959437, '_a7_': 0.6238594156908083, '_a0_': 1.0, '_a3_': 1.0, '_a4_': 1.0, '_a5_': 1.0, '_a6_': 1.0}};{'d0': 0.024905832919416615};-280.569866449044;34.90235255456609
48757;-105.382580669956;(((_a1_ * _a1_) + ((pow2(_a2_) * (_a7_ + x)) * x)) * x);{'d0': {'_a1_': 1.332342074910089, '_a2_': 1.837596494959437, '_a7_': 0.6238594156908083, '_a0_': 1.0, '_a3_': 1.0, '_a4_': 1.0, '_a5_': 1.0, '_a6_': 1.0}};{'d0': 0.024905832919416615};-280.569866449044;34.90235255456609
48758;-105.382580669956;(((_a1_ * _a1_) + ((pow2(_a2_) * (_a7_ + x)) * x)) * x);{'d0': {'_a1_': 1.332342074910089, '_a2_': 1.837596494959437, '_a7_': 0.6238594156908083, '_a0_': 1.0, '_a3_': 1.0, '_a4_': 1.0, '_a5_': 1.0, '_a6_': 1.0}};{'d0': 0.024905832919416615};-280.569866449044;34.90235255456609
48759;-105.382580669956;(((_a1_ * _a1_) + ((pow2(_a2_) * (_a7_ + x)) * x)) * x);{'d0': {'_a1_': 1.332342074910089, '_a2_': 1.837596494959437, '_a7_': 0.6238594156908083, '_a0_': 1.0, '_a3_': 1.0, '_a4_': 1.0, '_a5_': 1.0, '_a6_': 1.0}};{'d0': 0.024905832919416615};-280.569866449044;34.90235255456609
48760;-105.382580669956;(((_a1_ * _a1_) + ((pow2(_a2_) * (_a7_ + x)) * x)) * x);{'d0': {'_a1_': 1.332342074910089, '_a2_': 1.837596494959437, '_a7_': 0.6238594156908083, '_a0_': 1.0, '_a3_': 1.0, '_a4_': 1.0, '_a5_': 1.0, '_a6_': 1.0}};{'d0': 0.024905832919416615};-280.569866449044;34.90235255456609
48761;-105.382580669956;(((_a1_ * _a1_) + ((pow2(_a2_) * (_a7_ + x)) * x)) * x);{'d0': {'_a1_': 1.332342074910089, '_a2_': 1.837596494959437, '_a7_': 0.6238594156908083, '_a0_': 1.0, '_a3_': 1.0, '_a4_': 1.0, '_a5_': 1.0, '_a6_': 1.0}};{'d0': 0.024905832919416615};-280.569866449044;34.90235255456609
48762;-105.382580669956;(((_a1_ * _a1_) + ((pow2(_a2_) * (_a7_ + x)) * x)) * x);{'d0': {'_a1_': 1.332342074910089, '_a2_': 1.837596494959437, '_a7_': 0.6238594156908083, '_a0_': 1.0, '_a3_': 1.0, '_a4_': 1.0, '_a5_': 1.0, '_a6_': 1.0}};{'d0': 0.024905832919416615};-280.569866449044;34.90235255456609
48763;-105.382580669956;(((_a1_ * _a1_) + ((pow2(_a2_) * (_a7_ + x)) * x)) * x);{'d0': {'_a1_': 1.332342074910089, '_a2_': 1.837596494959437, '_a7_': 0.6238594156908083, '_a0_': 1.0, '_a3_': 1.0, '_a4_': 1.0, '_a5_': 1.0, '_a6_': 1.0}};{'d0': 0.024905832919416615};-280.569866449044;34.90235255456609
48764;-105.382580669956;(((_a1_ * _a1_) + ((pow2(_a2_) * (_a7_ + x)) * x)) * x);{'d0': {'_a1_': 1.332342074910089, '_a2_': 1.837596494959437, '_a7_': 0.6238594156908083, '_a0_': 1.0, '_a3_': 1.0, '_a4_': 1.0, '_a5_': 1.0, '_a6_': 1.0}};{'d0': 0.024905832919416615};-280.569866449044;34.90235255456609
48765;-105.382580669956;(((_a1_ * _a1_) + ((pow2(_a2_) * (_a7_ + x)) * x)) * x);{'d0': {'_a1_': 1.332342074910089, '_a2_': 1.837596494959437, '_a7_': 0.6238594156908083, '_a0_': 1.0, '_a3_': 1.0, '_a4_': 1.0, '_a5_': 1.0, '_a6_': 1.0}};{'d0': 0.024905832919416615};-280.569866449044;34.90235255456609
48766;-105.382580669956;(((_a1_ * _a1_) + ((pow2(_a2_) * (_a7_ + x)) * x)) * x);{'d0': {'_a1_': 1.332342074910089, '_a2_': 1.837596494959437, '_a7_': 0.6238594156908083, '_a0_': 1.0, '_a3_': 1.0, '_a4_': 1.0, '_a5_': 1.0, '_a6_': 1.0}};{'d0': 0.024905832919416615};-280.569866449044;34.90235255456609
48767;-105.382580669956;(((_a1_ * _a1_) + ((pow2(_a2_) * (_a7_ + x)) * x)) * x);{'d0': {'_a1_': 1.332342074910089, '_a2_': 1.837596494959437, '_a7_': 0.6238594156908083, '_a0_': 1.0, '_a3_': 1.0, '_a4_': 1.0, '_a5_': 1.0, '_a6_': 1.0}};{'d0': 0.024905832919416615};-280.569866449044;34.90235255456609
48768;-105.382580669956;(((_a1_ * _a1_) + ((pow2(_a2_) * (_a7_ + x)) * x)) * x);{'d0': {'_a1_': 1.332342074910089, '_a2_': 1.837596494959437, '_a7_': 0.6238594156908083, '_a0_': 1.0, '_a3_': 1.0, '_a4_': 1.0, '_a5_': 1.0, '_a6_': 1.0}};{'d0': 0.024905832919416615};-280.569866449044;34.90235255456609
48769;-105.382580669956;(((_a1_ * _a1_) + ((pow2(_a2_) * (_a7_ + x)) * x)) * x);{'d0': {'_a1_': 1.332342074910089, '_a2_': 1.837596494959437, '_a7_': 0.6238594156908083, '_a0_': 1.0, '_a3_': 1.0, '_a4_': 1.0, '_a5_': 1.0, '_a6_': 1.0}};{'d0': 0.024905832919416615};-280.569866449044;34.90235255456609
48770;-105.382580669956;(((_a1_ * _a1_) + ((pow2(_a2_) * (_a7_ + x)) * x)) * x);{'d0': {'_a1_': 1.332342074910089, '_a2_': 1.837596494959437, '_a7_': 0.6238594156908083, '_a0_': 1.0, '_a3_': 1.0, '_a4_': 1.0, '_a5_': 1.0, '_a6_': 1.0}};{'d0': 0.024905832919416615};-280.569866449044;34.90235255456609
48771;-88.1753104372359;(((_a7_ * x) + ((_a2_ * pow2(x)) + ((x + _a7_) + (_a4_ * exp(_a7_))))) * x);{'d0': {'_a2_': 3.3767608690114295, '_a4_': 0.22105892718550565, '_a7_': 1.1066240612013412, '_a0_': 1.0, '_a1_': 1.0, '_a3_': 1.0, '_a5_': 1.0, '_a6_': 1.0}};{'d0': 0.02490583291941665};-280.569866449044;52.10962278728614
48772;-88.1753104372359;(((_a7_ * x) + ((_a2_ * pow2(x)) + ((x + _a7_) + (_a4_ * exp(_a7_))))) * x);{'d0': {'_a2_': 3.3767608690114295, '_a4_': 0.22105892718550565, '_a7_': 1.1066240612013412, '_a0_': 1.0, '_a1_': 1.0, '_a3_': 1.0, '_a5_': 1.0, '_a6_': 1.0}};{'d0': 0.02490583291941665};-280.569866449044;52.10962278728614
48773;-88.1753104372359;(((_a7_ * x) + ((_a2_ * pow2(x)) + ((x + _a7_) + (_a4_ * exp(_a7_))))) * x);{'d0': {'_a2_': 3.3767608690114295, '_a4_': 0.22105892718550565, '_a7_': 1.1066240612013412, '_a0_': 1.0, '_a1_': 1.0, '_a3_': 1.0, '_a5_': 1.0, '_a6_': 1.0}};{'d0': 0.02490583291941665};-280.569866449044;52.10962278728614
48774;-88.1753104372359;(((_a7_ * x) + ((_a2_ * pow2(x)) + ((x + _a7_) + (_a4_ * exp(_a7_))))) * x);{'d0': {'_a2_': 3.3767608690114295, '_a4_': 0.22105892718550565, '_a7_': 1.1066240612013412, '_a0_': 1.0, '_a1_': 1.0, '_a3_': 1.0, '_a5_': 1.0, '_a6_': 1.0}};{'d0': 0.02490583291941665};-280.569866449044;52.10962278728614
48775;-88.1753104372359;(((_a7_ * x) + ((_a2_ * pow2(x)) + ((x + _a7_) + (_a4_ * exp(_a7_))))) * x);{'d0': {'_a2_': 3.3767608690114295, '_a4_': 0.22105892718550565, '_a7_': 1.1066240612013412, '_a0_': 1.0, '_a1_': 1.0, '_a3_': 1.0, '_a5_': 1.0, '_a6_': 1.0}};{'d0': 0.02490583291941665};-280.569866449044;52.10962278728614
48776;-88.1753104372359;(((_a7_ * x) + ((_a2_ * pow2(x)) + ((x + _a7_) + (_a4_ * exp(_a7_))))) * x);{'d0': {'_a2_': 3.3767608690114295, '_a4_': 0.22105892718550565, '_a7_': 1.1066240612013412, '_a0_': 1.0, '_a1_': 1.0, '_a3_': 1.0, '_a5_': 1.0, '_a6_': 1.0}};{'d0': 0.02490583291941665};-280.569866449044;52.10962278728614
48777;-88.1753104372359;(((_a7_ * x) + ((_a2_ * pow2(x)) + ((x + _a7_) + (_a4_ * exp(_a7_))))) * x);{'d0': {'_a2_': 3.3767608690114295, '_a4_': 0.22105892718550565, '_a7_': 1.1066240612013412, '_a0_': 1.0, '_a1_': 1.0, '_a3_': 1.0, '_a5_': 1.0, '_a6_': 1.0}};{'d0': 0.02490583291941665};-280.569866449044;52.10962278728614
48778;-88.1753104372359;(((_a7_ * x) + ((_a2_ * pow2(x)) + ((x + _a7_) + (_a4_ * exp(_a7_))))) * x);{'d0': {'_a2_': 3.3767608690114295, '_a4_': 0.22105892718550565, '_a7_': 1.1066240612013412, '_a0_': 1.0, '_a1_': 1.0, '_a3_': 1.0, '_a5_': 1.0, '_a6_': 1.0}};{'d0': 0.02490583291941665};-280.569866449044;52.10962278728614
48779;-88.1753104372359;(((_a7_ * x) + ((_a2_ * pow2(x)) + ((x + _a7_) + (_a4_ * exp(_a7_))))) * x);{'d0': {'_a2_': 3.3767608690114295, '_a4_': 0.22105892718550565, '_a7_': 1.1066240612013412, '_a0_': 1.0, '_a1_': 1.0, '_a3_': 1.0, '_a5_': 1.0, '_a6_': 1.0}};{'d0': 0.02490583291941665};-280.569866449044;52.10962278728614
48780;-88.1753104372359;(((_a7_ * x) + ((_a2_ * pow2(x)) + ((x + _a7_) + (_a4_ * exp(_a7_))))) * x);{'d0': {'_a2_': 3.3767608690114295, '_a4_': 0.22105892718550565, '_a7_': 1.1066240612013412, '_a0_': 1.0, '_a1_': 1.0, '_a3_': 1.0, '_a5_': 1.0, '_a6_': 1.0}};{'d0': 0.02490583291941665};-280.569866449044;52.10962278728614
48781;-88.1753104372359;(((_a7_ * x) + ((_a2_ * pow2(x)) + ((x + _a7_) + (_a4_ * exp(_a7_))))) * x);{'d0': {'_a2_': 3.3767608690114295, '_a4_': 0.22105892718550565, '_a7_': 1.1066240612013412, '_a0_': 1.0, '_a1_': 1.0, '_a3_': 1.0, '_a5_': 1.0, '_a6_': 1.0}};{'d0': 0.02490583291941665};-280.569866449044;52.10962278728614
48782;-92.0487392051546;(((_a7_ * x) + ((_a2_ * pow2(x)) + (_a5_ + (_a4_ * exp(_a7_))))) * x);{'d0': {'_a2_': 3.37676087187917, '_a4_': 0.1614555845684566, '_a5_': 0.44789902182023034, '_a7_': 2.1066240614237035, '_a0_': 1.0, '_a1_': 1.0, '_a3_': 1.0, '_a6_': 1.0}};{'d0': 0.024905832919416816};-276.475521886821;46.189021738256145
48783;-92.0487392051546;(((_a7_ * x) + ((_a2_ * pow2(x)) + (_a5_ + (_a4_ * exp(_a7_))))) * x);{'d0': {'_a2_': 3.37676087187917, '_a4_': 0.1614555845684566, '_a5_': 0.44789902182023034, '_a7_': 2.1066240614237035, '_a0_': 1.0, '_a1_': 1.0, '_a3_': 1.0, '_a6_': 1.0}};{'d0': 0.024905832919416816};-276.475521886821;46.189021738256145
48784;-92.0487392051546;(((_a7_ * x) + ((_a2_ * pow2(x)) + (_a5_ + (_a4_ * exp(_a7_))))) * x);{'d0': {'_a2_': 3.37676087187917, '_a4_': 0.1614555845684566, '_a5_': 0.44789902182023034, '_a7_': 2.1066240614237035, '_a0_': 1.0, '_a1_': 1.0, '_a3_': 1.0, '_a6_': 1.0}};{'d0': 0.024905832919416816};-276.475521886821;46.189021738256145
48785;-92.0487392051546;(((_a7_ * x) + ((_a2_ * pow2(x)) + (_a5_ + (_a4_ * exp(_a7_))))) * x);{'d0': {'_a2_': 3.37676087187917, '_a4_': 0.1614555845684566, '_a5_': 0.44789902182023034, '_a7_': 2.1066240614237035, '_a0_': 1.0, '_a1_': 1.0, '_a3_': 1.0, '_a6_': 1.0}};{'d0': 0.024905832919416816};-276.475521886821;46.189021738256145
48786;-92.0487392051546;(((_a7_ * x) + ((_a2_ * pow2(x)) + (_a5_ + (_a4_ * exp(_a7_))))) * x);{'d0': {'_a2_': 3.37676087187917, '_a4_': 0.1614555845684566, '_a5_': 0.44789902182023034, '_a7_': 2.1066240614237035, '_a0_': 1.0, '_a1_': 1.0, '_a3_': 1.0, '_a6_': 1.0}};{'d0': 0.024905832919416816};-276.475521886821;46.189021738256145
48787;-99.4619796209259;((((_a6_ * _a1_) + pow2((x + ((_a6_ + _a6_) * _a4_)))) * x) * _a6_);{'d0': {'_a1_': 0.12686466209054936, '_a4_': 0.04618771051051527, '_a6_': 3.3767608784460106, '_a0_': 1.0, '_a2_': 1.0, '_a3_': 1.0, '_a5_': 1.0, '_a7_': 1.0}};{'d0': 0.024905832919416608};-280.569866449044;40.82295360359612
48788;-99.4619796209259;((((_a6_ * _a1_) + pow2((x + ((_a6_ + _a6_) * _a4_)))) * x) * _a6_);{'d0': {'_a1_': 0.12686466209054936, '_a4_': 0.04618771051051527, '_a6_': 3.3767608784460106, '_a0_': 1.0, '_a2_': 1.0, '_a3_': 1.0, '_a5_': 1.0, '_a7_': 1.0}};{'d0': 0.024905832919416608};-280.569866449044;40.82295360359612
48789;-99.4619796209259;((((_a6_ * _a1_) + pow2((x + ((_a6_ + _a6_) * _a4_)))) * x) * _a6_);{'d0': {'_a1_': 0.12686466209054936, '_a4_': 0.04618771051051527, '_a6_': 3.3767608784460106, '_a0_': 1.0, '_a2_': 1.0, '_a3_': 1.0, '_a5_': 1.0, '_a7_': 1.0}};{'d0': 0.024905832919416608};-280.569866449044;40.82295360359612
48790;-99.4619796209259;((((_a6_ * _a1_) + pow2((x + ((_a6_ + _a6_) * _a4_)))) * x) * _a6_);{'d0': {'_a1_': 0.12686466209054936, '_a4_': 0.04618771051051527, '_a6_': 3.3767608784460106, '_a0_': 1.0, '_a2_': 1.0, '_a3_': 1.0, '_a5_': 1.0, '_a7_': 1.0}};{'d0': 0.024905832919416608};-280.569866449044;40.82295360359612
48791;-99.4619796209259;((((_a6_ * _a1_) + pow2((x + ((_a6_ + _a6_) * _a4_)))) * x) * _a6_);{'d0': {'_a1_': 0.12686466209054936, '_a4_': 0.04618771051051527, '_a6_': 3.3767608784460106, '_a0_': 1.0, '_a2_': 1.0, '_a3_': 1.0, '_a5_': 1.0, '_a7_': 1.0}};{'d0': 0.024905832919416608};-280.569866449044;40.82295360359612
48792;-99.4619796209259;((((_a6_ * _a1_) + pow2((x + ((_a6_ + _a6_) * _a4_)))) * x) * _a6_);{'d0': {'_a1_': 0.12686466209054936, '_a4_': 0.04618771051051527, '_a6_': 3.3767608784460106, '_a0_': 1.0, '_a2_': 1.0, '_a3_': 1.0, '_a5_': 1.0, '_a7_': 1.0}};{'d0': 0.024905832919416608};-280.569866449044;40.82295360359612
48793;-99.4619796209259;((((_a6_ * _a1_) + pow2((x + ((_a6_ + _a6_) * _a4_)))) * x) * _a6_);{'d0': {'_a1_': 0.12686466209054936, '_a4_': 0.04618771051051527, '_a6_': 3.3767608784460106, '_a0_': 1.0, '_a2_': 1.0, '_a3_': 1.0, '_a5_': 1.0, '_a7_': 1.0}};{'d0': 0.024905832919416608};-280.569866449044;40.82295360359612
48794;-99.4619796209259;((((_a6_ * _a1_) + pow2((x + ((_a6_ + _a6_) * _a4_)))) * x) * _a6_);{'d0': {'_a1_': 0.12686466209054936, '_a4_': 0.04618771051051527, '_a6_': 3.3767608784460106, '_a0_': 1.0, '_a2_': 1.0, '_a3_': 1.0, '_a5_': 1.0, '_a7_': 1.0}};{'d0': 0.024905832919416608};-280.569866449044;40.82295360359612
48795;-99.4619796209259;((((_a6_ * _a1_) + pow2((x + ((_a6_ + _a6_) * _a4_)))) * x) * _a6_);{'d0': {'_a1_': 0.12686466209054936, '_a4_': 0.04618771051051527, '_a6_': 3.3767608784460106, '_a0_': 1.0, '_a2_': 1.0, '_a3_': 1.0, '_a5_': 1.0, '_a7_': 1.0}};{'d0': 0.024905832919416608};-280.569866449044;40.82295360359612
48796;-104.411319546383;(((_a1_ + pow2((x + ((_a6_ + _a6_) * _a4_)))) * x) * _a6_);{'d0': {'_a1_': 0.4283916271426295, '_a4_': 0.046187710456145906, '_a6_': 3.376760880608164, '_a0_': 1.0, '_a2_': 1.0, '_a3_': 1.0, '_a5_': 1.0, '_a7_': 1.0}};{'d0': 0.024905832919416608};-280.569866449044;35.87361367813912
48797;-104.411319546383;(((_a1_ + pow2((x + ((_a6_ + _a6_) * _a4_)))) * x) * _a6_);{'d0': {'_a1_': 0.4283916271426295, '_a4_': 0.046187710456145906, '_a6_': 3.376760880608164, '_a0_': 1.0, '_a2_': 1.0, '_a3_': 1.0, '_a5_': 1.0, '_a7_': 1.0}};{'d0': 0.024905832919416608};-280.569866449044;35.87361367813912
48798;-104.411319546383;(((_a1_ + pow2((x + ((_a6_ + _a6_) * _a4_)))) * x) * _a6_);{'d0': {'_a1_': 0.4283916271426295, '_a4_': 0.046187710456145906, '_a6_': 3.376760880608164, '_a0_': 1.0, '_a2_': 1.0, '_a3_': 1.0, '_a5_': 1.0, '_a7_': 1.0}};{'d0': 0.024905832919416608};-280.569866449044;35.87361367813912
48799;-104.411319546383;(((_a1_ + pow2((x + ((_a6_ + _a6_) * _a4_)))) * x) * _a6_);{'d0': {'_a1_': 0.4283916271426295, '_a4_': 0.046187710456145906, '_a6_': 3.376760880608164, '_a0_': 1.0, '_a2_': 1.0, '_a3_': 1.0, '_a5_': 1.0, '_a7_': 1.0}};{'d0': 0.024905832919416608};-280.569866449044;35.87361367813912
48800;-104.411319546383;(((_a1_ + pow2((x + ((_a6_ + _a6_) * _a4_)))) * x) * _a6_);{'d0': {'_a1_': 0.4283916271426295, '_a4_': 0.046187710456145906, '_a6_': 3.376760880608164, '_a0_': 1.0, '_a2_': 1.0, '_a3_': 1.0, '_a5_': 1.0, '_a7_': 1.0}};{'d0': 0.024905832919416608};-280.569866449044;35.87361367813912
48801;-104.411319546383;(((_a1_ + pow2((x + ((_a6_ + _a6_) * _a4_)))) * x) * _a6_);{'d0': {'_a1_': 0.4283916271426295, '_a4_': 0.046187710456145906, '_a6_': 3.376760880608164, '_a0_': 1.0, '_a2_': 1.0, '_a3_': 1.0, '_a5_': 1.0, '_a7_': 1.0}};{'d0': 0.024905832919416608};-280.569866449044;35.87361367813912
48802;-104.411319546383;(((_a1_ + pow2((x + ((_a6_ + _a6_) * _a4_)))) * x) * _a6_);{'d0': {'_a1_': 0.4283916271426295, '_a4_': 0.046187710456145906, '_a6_': 3.376760880608164, '_a0_': 1.0, '_a2_': 1.0, '_a3_': 1.0, '_a5_': 1.0, '_a7_': 1.0}};{'d0': 0.024905832919416608};-280.569866449044;35.87361367813912
48803;-104.411319546383;(((_a1_ + pow2((x + ((_a6_ + _a6_) * _a4_)))) * x) * _a6_);{'d0': {'_a1_': 0.4283916271426295, '_a4_': 0.046187710456145906, '_a6_': 3.376760880608164, '_a0_': 1.0, '_a2_': 1.0, '_a3_': 1.0, '_a5_': 1.0, '_a7_': 1.0}};{'d0': 0.024905832919416608};-280.569866449044;35.87361367813912
48804;-104.411319546383;(((_a1_ + pow2((x + ((_a6_ + _a6_) * _a4_)))) * x) * _a6_);{'d0': {'_a1_': 0.4283916271426295, '_a4_': 0.046187710456145906, '_a6_': 3.376760880608164, '_a0_': 1.0, '_a2_': 1.0, '_a3_': 1.0, '_a5_': 1.0, '_a7_': 1.0}};{'d0': 0.024905832919416608};-280.569866449044;35.87361367813912
48805;-104.411319546383;(((_a1_ + pow2((x + ((_a6_ + _a6_) * _a4_)))) * x) * _a6_);{'d0': {'_a1_': 0.4283916271426295, '_a4_': 0.046187710456145906, '_a6_': 3.376760880608164, '_a0_': 1.0, '_a2_': 1.0, '_a3_': 1.0, '_a5_': 1.0, '_a7_': 1.0}};{'d0': 0.024905832919416608};-280.569866449044;35.87361367813912
48806;-104.411319546383;(((_a1_ + pow2((x + ((_a6_ + _a6_) * _a4_)))) * x) * _a6_);{'d0': {'_a1_': 0.4283916271426295, '_a4_': 0.046187710456145906, '_a6_': 3.376760880608164, '_a0_': 1.0, '_a2_': 1.0, '_a3_': 1.0, '_a5_': 1.0, '_a7_': 1.0}};{'d0': 0.024905832919416608};-280.569866449044;35.87361367813912
48807;-104.411319546383;(((_a1_ + pow2((x + ((_a6_ + _a6_) * _a4_)))) * x) * _a6_);{'d0': {'_a1_': 0.4283916271426295, '_a4_': 0.046187710456145906, '_a6_': 3.376760880608164, '_a0_': 1.0, '_a2_': 1.0, '_a3_': 1.0, '_a5_': 1.0, '_a7_': 1.0}};{'d0': 0.024905832919416608};-280.569866449044;35.87361367813912
48808;-104.411319546383;(((_a1_ + pow2((x + ((_a6_ + _a6_) * _a4_)))) * x) * _a6_);{'d0': {'_a1_': 0.4283916271426295, '_a4_': 0.046187710456145906, '_a6_': 3.376760880608164, '_a0_': 1.0, '_a2_': 1.0, '_a3_': 1.0, '_a5_': 1.0, '_a7_': 1.0}};{'d0': 0.024905832919416608};-280.569866449044;35.87361367813912
48809;-98.4907184973528;(((_a1_ + pow2((x + ((_a6_ + _a6_) * (x + _a0_))))) * x) * _a6_);{'d0': {'_a0_': 0.5539269957132122, '_a1_': 2.2445280563463053, '_a6_': 0.6444900897810497, '_a2_': 1.0, '_a3_': 1.0, '_a4_': 1.0, '_a5_': 1.0, '_a7_': 1.0}};{'d0': 0.024905832919416657};-280.569866449044;41.79421472716912
48810;-98.4907184973528;(((_a1_ + pow2((x + ((_a6_ + _a6_) * (x + _a0_))))) * x) * _a6_);{'d0': {'_a0_': 0.5539269957132122, '_a1_': 2.2445280563463053, '_a6_': 0.6444900897810497, '_a2_': 1.0, '_a3_': 1.0, '_a4_': 1.0, '_a5_': 1.0, '_a7_': 1.0}};{'d0': 0.024905832919416657};-280.569866449044;41.79421472716912
48811;-98.4907184973528;(((_a1_ + pow2((x + ((_a6_ + _a6_) * (x + _a0_))))) * x) * _a6_);{'d0': {'_a0_': 0.5539269957132122, '_a1_': 2.2445280563463053, '_a6_': 0.6444900897810497, '_a2_': 1.0, '_a3_': 1.0, '_a4_': 1.0, '_a5_': 1.0, '_a7_': 1.0}};{'d0': 0.024905832919416657};-280.569866449044;41.79421472716912
48812;-98.4907184973528;(((_a1_ + pow2((x + ((_a6_ + _a6_) * (x + _a0_))))) * x) * _a6_);{'d0': {'_a0_': 0.5539269957132122, '_a1_': 2.2445280563463053, '_a6_': 0.6444900897810497, '_a2_': 1.0, '_a3_': 1.0, '_a4_': 1.0, '_a5_': 1.0, '_a7_': 1.0}};{'d0': 0.024905832919416657};-280.569866449044;41.79421472716912
48813;-98.4907184973528;(((_a1_ + pow2((x + ((_a6_ + _a6_) * (x + _a0_))))) * x) * _a6_);{'d0': {'_a0_': 0.5539269957132122, '_a1_': 2.2445280563463053, '_a6_': 0.6444900897810497, '_a2_': 1.0, '_a3_': 1.0, '_a4_': 1.0, '_a5_': 1.0, '_a7_': 1.0}};{'d0': 0.024905832919416657};-280.569866449044;41.79421472716912
48814;-98.4907184973528;(((_a1_ + pow2((x + ((_a6_ + _a6_) * (x + _a0_))))) * x) * _a6_);{'d0': {'_a0_': 0.5539269957132122, '_a1_': 2.2445280563463053, '_a6_': 0.6444900897810497, '_a2_': 1.0, '_a3_': 1.0, '_a4_': 1.0, '_a5_': 1.0, '_a7_': 1.0}};{'d0': 0.024905832919416657};-280.569866449044;41.79421472716912
48815;-98.4907184973528;(((_a1_ + pow2((x + ((_a6_ + _a6_) * (x + _a0_))))) * x) * _a6_);{'d0': {'_a0_': 0.5539269957132122, '_a1_': 2.2445280563463053, '_a6_': 0.6444900897810497, '_a2_': 1.0, '_a3_': 1.0, '_a4_': 1.0, '_a5_': 1.0, '_a7_': 1.0}};{'d0': 0.024905832919416657};-280.569866449044;41.79421472716912
48816;-98.4907184973528;(((_a1_ + pow2((x + ((_a6_ + _a6_) * (x + _a0_))))) * x) * _a6_);{'d0': {'_a0_': 0.5539269957132122, '_a1_': 2.2445280563463053, '_a6_': 0.6444900897810497, '_a2_': 1.0, '_a3_': 1.0, '_a4_': 1.0, '_a5_': 1.0, '_a7_': 1.0}};{'d0': 0.024905832919416657};-280.569866449044;41.79421472716912
48817;-98.4907184973528;(((_a1_ + pow2((x + ((_a6_ + _a6_) * (x + _a0_))))) * x) * _a6_);{'d0': {'_a0_': 0.5539269957132122, '_a1_': 2.2445280563463053, '_a6_': 0.6444900897810497, '_a2_': 1.0, '_a3_': 1.0, '_a4_': 1.0, '_a5_': 1.0, '_a7_': 1.0}};{'d0': 0.024905832919416657};-280.569866449044;41.79421472716912
48818;-99.0714565358629;(((_a1_ + pow2((x + (sqrt(_a6_) * (x + _a0_))))) * x) * _a6_);{'d0': {'_a0_': 0.6420658562586746, '_a1_': 1.6203691492011176, '_a6_': 0.8927447739921133, '_a2_': 1.0, '_a3_': 1.0, '_a4_': 1.0, '_a5_': 1.0, '_a7_': 1.0}};{'d0': 0.02490583291941663};-280.569866449044;41.21347668865912
48819;-99.0714565358629;(((_a1_ + pow2((x + (sqrt(_a6_) * (x + _a0_))))) * x) * _a6_);{'d0': {'_a0_': 0.6420658562586746, '_a1_': 1.6203691492011176, '_a6_': 0.8927447739921133, '_a2_': 1.0, '_a3_': 1.0, '_a4_': 1.0, '_a5_': 1.0, '_a7_': 1.0}};{'d0': 0.02490583291941663};-280.569866449044;41.21347668865912
48820;-99.0714565358629;(((_a1_ + pow2((x + (sqrt(_a6_) * (x + _a0_))))) * x) * _a6_);{'d0': {'_a0_': 0.6420658562586746, '_a1_': 1.6203691492011176, '_a6_': 0.8927447739921133, '_a2_': 1.0, '_a3_': 1.0, '_a4_': 1.0, '_a5_': 1.0, '_a7_': 1.0}};{'d0': 0.02490583291941663};-280.569866449044;41.21347668865912
48821;-99.0714565358629;(((_a1_ + pow2((x + (sqrt(_a6_) * (x + _a0_))))) * x) * _a6_);{'d0': {'_a0_': 0.6420658562586746, '_a1_': 1.6203691492011176, '_a6_': 0.8927447739921133, '_a2_': 1.0, '_a3_': 1.0, '_a4_': 1.0, '_a5_': 1.0, '_a7_': 1.0}};{'d0': 0.02490583291941663};-280.569866449044;41.21347668865912
48822;-99.0714565358629;(((_a1_ + pow2((x + (sqrt(_a6_) * (x + _a0_))))) * x) * _a6_);{'d0': {'_a0_': 0.6420658562586746, '_a1_': 1.6203691492011176, '_a6_': 0.8927447739921133, '_a2_': 1.0, '_a3_': 1.0, '_a4_': 1.0, '_a5_': 1.0, '_a7_': 1.0}};{'d0': 0.02490583291941663};-280.569866449044;41.21347668865912
48823;-99.0714565358629;(((_a1_ + pow2((x + (sqrt(_a6_) * (x + _a0_))))) * x) * _a6_);{'d0': {'_a0_': 0.6420658562586746, '_a1_': 1.6203691492011176, '_a6_': 0.8927447739921133, '_a2_': 1.0, '_a3_': 1.0, '_a4_': 1.0, '_a5_': 1.0, '_a7_': 1.0}};{'d0': 0.02490583291941663};-280.569866449044;41.21347668865912
48824;-99.0714565358629;(((_a1_ + pow2((x + (sqrt(_a6_) * (x + _a0_))))) * x) * _a6_);{'d0': {'_a0_': 0.6420658562586746, '_a1_': 1.6203691492011176, '_a6_': 0.8927447739921133, '_a2_': 1.0, '_a3_': 1.0, '_a4_': 1.0, '_a5_': 1.0, '_a7_': 1.0}};{'d0': 0.02490583291941663};-280.569866449044;41.21347668865912
48825;-99.0714565358629;(((_a1_ + pow2((_a0_ + (sqrt(_a6_) * (x + _a0_))))) * x) * _a6_);{'d0': {'_a0_': 0.1795080795171218, '_a1_': 0.7872109529577073, '_a6_': 1.837596494910725, '_a2_': 1.0, '_a3_': 1.0, '_a4_': 1.0, '_a5_': 1.0, '_a7_': 1.0}};{'d0': 0.02490583291941663};-280.569866449044;41.21347668865912
48826;-99.0714565358629;(((_a1_ + pow2((_a0_ + (sqrt(_a6_) * (x + _a0_))))) * x) * _a6_);{'d0': {'_a0_': 0.1795080795171218, '_a1_': 0.7872109529577073, '_a6_': 1.837596494910725, '_a2_': 1.0, '_a3_': 1.0, '_a4_': 1.0, '_a5_': 1.0, '_a7_': 1.0}};{'d0': 0.02490583291941663};-280.569866449044;41.21347668865912
48827;-99.0714565358629;(((_a1_ + pow2((_a0_ + (sqrt(_a6_) * (x + _a0_))))) * x) * _a6_);{'d0': {'_a0_': 0.1795080795171218, '_a1_': 0.7872109529577073, '_a6_': 1.837596494910725, '_a2_': 1.0, '_a3_': 1.0, '_a4_': 1.0, '_a5_': 1.0, '_a7_': 1.0}};{'d0': 0.02490583291941663};-280.569866449044;41.21347668865912
48828;-99.0714565358629;(((_a1_ + pow2((_a0_ + (sqrt(_a6_) * (x + _a0_))))) * x) * _a6_);{'d0': {'_a0_': 0.1795080795171218, '_a1_': 0.7872109529577073, '_a6_': 1.837596494910725, '_a2_': 1.0, '_a3_': 1.0, '_a4_': 1.0, '_a5_': 1.0, '_a7_': 1.0}};{'d0': 0.02490583291941663};-280.569866449044;41.21347668865912
48829;-103.948439174998;((_a1_ + pow2((_a0_ + (sqrt(_a6_) * (x + _a0_))))) * x);{'d0': {'_a0_': 0.20200227154152356, '_a1_': 1.4465760893701918, '_a6_': 3.37676087809023, '_a2_': 1.0, '_a3_': 1.0, '_a4_': 1.0, '_a5_': 1.0, '_a7_': 1.0}};{'d0': 0.024905832919416563};-280.569866449044;36.33649404952412
48830;-103.948439174998;((_a1_ + pow2((_a0_ + (sqrt(_a6_) * (x + _a0_))))) * x);{'d0': {'_a0_': 0.20200227154152356, '_a1_': 1.4465760893701918, '_a6_': 3.37676087809023, '_a2_': 1.0, '_a3_': 1.0, '_a4_': 1.0, '_a5_': 1.0, '_a7_': 1.0}};{'d0': 0.024905832919416563};-280.569866449044;36.33649404952412
48831;-103.948439174998;((_a1_ + pow2((_a0_ + (sqrt(_a6_) * (x + _a0_))))) * x);{'d0': {'_a0_': 0.20200227154152356, '_a1_': 1.4465760893701918, '_a6_': 3.37676087809023, '_a2_': 1.0, '_a3_': 1.0, '_a4_': 1.0, '_a5_': 1.0, '_a7_': 1.0}};{'d0': 0.024905832919416563};-280.569866449044;36.33649404952412
48832;-103.948439174998;((_a1_ + pow2((_a0_ + (sqrt(_a6_) * (x + _a0_))))) * x);{'d0': {'_a0_': 0.20200227154152356, '_a1_': 1.4465760893701918, '_a6_': 3.37676087809023, '_a2_': 1.0, '_a3_': 1.0, '_a4_': 1.0, '_a5_': 1.0, '_a7_': 1.0}};{'d0': 0.024905832919416563};-280.569866449044;36.33649404952412
48833;-99.0714565358629;(((x * _a4_) + pow2((_a0_ + (sqrt(_a6_) * (x + _a0_))))) * x);{'d0': {'_a0_': 0.46953190046259735, '_a4_': -2.7899901855432265, '_a6_': 3.376760877346966, '_a1_': 1.0, '_a2_': 1.0, '_a3_': 1.0, '_a5_': 1.0, '_a7_': 1.0}};{'d0': 0.024905832919416646};-280.569866449044;41.21347668865912
48834;-99.0714565358629;(((x * _a4_) + pow2((_a0_ + (sqrt(_a6_) * (x + _a0_))))) * x);{'d0': {'_a0_': 0.46953190046259735, '_a4_': -2.7899901855432265, '_a6_': 3.376760877346966, '_a1_': 1.0, '_a2_': 1.0, '_a3_': 1.0, '_a5_': 1.0, '_a7_': 1.0}};{'d0': 0.024905832919416646};-280.569866449044;41.21347668865912
48835;-99.0714565358629;(((x * _a4_) + pow2((_a0_ + (sqrt(_a6_) * (x + _a0_))))) * x);{'d0': {'_a0_': 0.46953190046259735, '_a4_': -2.7899901855432265, '_a6_': 3.376760877346966, '_a1_': 1.0, '_a2_': 1.0, '_a3_': 1.0, '_a5_': 1.0, '_a7_': 1.0}};{'d0': 0.024905832919416646};-280.569866449044;41.21347668865912
48836;-99.1917658184905;(((x * _a4_) + pow2((_a0_ + (sqrt(_a6_) * (x / _a0_))))) * x);{'d0': {'_a0_': 1.332342074802457, '_a4_': -2.7899901855501783, '_a6_': 5.994207785691814, '_a1_': 1.0, '_a2_': 1.0, '_a3_': 1.0, '_a5_': 1.0, '_a7_': 1.0}};{'d0': 0.024905832919416584};-280.569866449044;41.09316740603152
48837;-99.1917658184905;(((x * _a4_) + pow2((_a0_ + (sqrt(_a6_) * (x / _a0_))))) * x);{'d0': {'_a0_': 1.332342074802457, '_a4_': -2.7899901855501783, '_a6_': 5.994207785691814, '_a1_': 1.0, '_a2_': 1.0, '_a3_': 1.0, '_a5_': 1.0, '_a7_': 1.0}};{'d0': 0.024905832919416584};-280.569866449044;41.09316740603152
48838;-99.1917658184905;(((x * _a4_) + pow2((_a0_ + (sqrt(_a6_) * (x / _a0_))))) * x);{'d0': {'_a0_': 1.332342074802457, '_a4_': -2.7899901855501783, '_a6_': 5.994207785691814, '_a1_': 1.0, '_a2_': 1.0, '_a3_': 1.0, '_a5_': 1.0, '_a7_': 1.0}};{'d0': 0.024905832919416584};-280.569866449044;41.09316740603152
48839;-99.1917658184905;(((x * _a4_) + pow2((_a0_ + (sqrt(_a6_) * (x / _a0_))))) * x);{'d0': {'_a0_': 1.332342074802457, '_a4_': -2.7899901855501783, '_a6_': 5.994207785691814, '_a1_': 1.0, '_a2_': 1.0, '_a3_': 1.0, '_a5_': 1.0, '_a7_': 1.0}};{'d0': 0.024905832919416584};-280.569866449044;41.09316740603152
48840;-99.1917658184905;(((x * _a4_) + pow2((_a0_ + (sqrt(_a6_) * (x / _a0_))))) * x);{'d0': {'_a0_': 1.332342074802457, '_a4_': -2.7899901855501783, '_a6_': 5.994207785691814, '_a1_': 1.0, '_a2_': 1.0, '_a3_': 1.0, '_a5_': 1.0, '_a7_': 1.0}};{'d0': 0.024905832919416584};-280.569866449044;41.09316740603152
48841;-99.1917658184905;(((x * _a4_) + pow2((_a0_ + (sqrt(_a6_) * (x / _a0_))))) * x);{'d0': {'_a0_': 1.332342074802457, '_a4_': -2.7899901855501783, '_a6_': 5.994207785691814, '_a1_': 1.0, '_a2_': 1.0, '_a3_': 1.0, '_a5_': 1.0, '_a7_': 1.0}};{'d0': 0.024905832919416584};-280.569866449044;41.09316740603152
48842;-99.1917658184905;(((x * _a4_) + pow2((_a0_ + (sqrt(_a6_) * (x / _a0_))))) * x);{'d0': {'_a0_': 1.332342074802457, '_a4_': -2.7899901855501783, '_a6_': 5.994207785691814, '_a1_': 1.0, '_a2_': 1.0, '_a3_': 1.0, '_a5_': 1.0, '_a7_': 1.0}};{'d0': 0.024905832919416584};-280.569866449044;41.09316740603152
48843;-99.1917658184905;(((x * _a4_) + pow2((_a0_ + (sqrt(_a6_) * (x / _a0_))))) * x);{'d0': {'_a0_': 1.332342074802457, '_a4_': -2.7899901855501783, '_a6_': 5.994207785691814, '_a1_': 1.0, '_a2_': 1.0, '_a3_': 1.0, '_a5_': 1.0, '_a7_': 1.0}};{'d0': 0.024905832919416584};-280.569866449044;41.09316740603152
48844;-99.1917658184905;(((x * _a4_) + pow2((_a0_ + (sqrt(_a6_) * (x / _a0_))))) * x);{'d0': {'_a0_': 1.332342074802457, '_a4_': -2.7899901855501783, '_a6_': 5.994207785691814, '_a1_': 1.0, '_a2_': 1.0, '_a3_': 1.0, '_a5_': 1.0, '_a7_': 1.0}};{'d0': 0.024905832919416584};-280.569866449044;41.09316740603152
48845;-101.524216378767;(((pow2(((_a6_ / _a3_) + x)) + (_a2_ * _a1_)) / _a6_) * x);{'d0': {'_a1_': 0.7846848982333485, '_a2_': 0.5459409322234838, '_a3_': 0.9493862874152346, '_a6_': 0.2961417871538524, '_a0_': 1.0, '_a4_': 1.0, '_a5_': 1.0, '_a7_': 1.0}};{'d0': 0.024905832919516088};-276.475521886582;36.713544564523524
48846;-101.524216378767;(((pow2(((_a6_ / _a3_) + x)) + (_a2_ * _a1_)) / _a6_) * x);{'d0': {'_a1_': 0.7846848982333485, '_a2_': 0.5459409322234838, '_a3_': 0.9493862874152346, '_a6_': 0.2961417871538524, '_a0_': 1.0, '_a4_': 1.0, '_a5_': 1.0, '_a7_': 1.0}};{'d0': 0.024905832919516088};-276.475521886582;36.713544564523524
48847;-101.524216378767;(((pow2(((_a6_ / _a3_) + x)) + (_a2_ * _a1_)) / _a6_) * x);{'d0': {'_a1_': 0.7846848982333485, '_a2_': 0.5459409322234838, '_a3_': 0.9493862874152346, '_a6_': 0.2961417871538524, '_a0_': 1.0, '_a4_': 1.0, '_a5_': 1.0, '_a7_': 1.0}};{'d0': 0.024905832919516088};-276.475521886582;36.713544564523524
48848;-101.524216378767;(((pow2(((_a6_ / _a3_) + x)) + (_a2_ * _a1_)) / _a6_) * x);{'d0': {'_a1_': 0.7846848982333485, '_a2_': 0.5459409322234838, '_a3_': 0.9493862874152346, '_a6_': 0.2961417871538524, '_a0_': 1.0, '_a4_': 1.0, '_a5_': 1.0, '_a7_': 1.0}};{'d0': 0.024905832919516088};-276.475521886582;36.713544564523524
48849;-101.524216378767;(((pow2(((_a6_ / _a3_) + x)) + (_a2_ * _a1_)) / _a6_) * x);{'d0': {'_a1_': 0.7846848982333485, '_a2_': 0.5459409322234838, '_a3_': 0.9493862874152346, '_a6_': 0.2961417871538524, '_a0_': 1.0, '_a4_': 1.0, '_a5_': 1.0, '_a7_': 1.0}};{'d0': 0.024905832919516088};-276.475521886582;36.713544564523524
48850;-101.524216378767;(((pow2(((_a6_ / _a3_) + x)) + (_a2_ * _a1_)) / _a6_) * x);{'d0': {'_a1_': 0.7846848982333485, '_a2_': 0.5459409322234838, '_a3_': 0.9493862874152346, '_a6_': 0.2961417871538524, '_a0_': 1.0, '_a4_': 1.0, '_a5_': 1.0, '_a7_': 1.0}};{'d0': 0.024905832919516088};-276.475521886582;36.713544564523524
48851;-101.524216378767;(((pow2(((_a6_ / _a3_) + x)) + (_a2_ * _a1_)) / _a6_) * x);{'d0': {'_a1_': 0.7846848982333485, '_a2_': 0.5459409322234838, '_a3_': 0.9493862874152346, '_a6_': 0.2961417871538524, '_a0_': 1.0, '_a4_': 1.0, '_a5_': 1.0, '_a7_': 1.0}};{'d0': 0.024905832919516088};-276.475521886582;36.713544564523524
48852;-99.0714565358629;(((x * _a4_) + pow2((_a0_ + (sqrt(_a6_) * (x + _a0_))))) * x);{'d0': {'_a0_': 0.46953190046259735, '_a4_': -2.7899901855432265, '_a6_': 3.376760877346966, '_a1_': 1.0, '_a2_': 1.0, '_a3_': 1.0, '_a5_': 1.0, '_a7_': 1.0}};{'d0': 0.024905832919416646};-280.569866449044;41.21347668865912
48853;-104.411319546383;(((x * _a4_) + pow2((_a0_ + (_a3_ * (x + _a0_))))) * x);{'d0': {'_a0_': 0.4695319004349522, '_a3_': 1.8375964947845589, '_a4_': -2.7899901855438327, '_a1_': 1.0, '_a2_': 1.0, '_a5_': 1.0, '_a6_': 1.0, '_a7_': 1.0}};{'d0': 0.02490583291941665};-280.569866449044;35.87361367813912
48854;-104.411319546383;(((x * _a4_) + pow2((_a0_ + (_a3_ * (x + _a0_))))) * x);{'d0': {'_a0_': 0.4695319004349522, '_a3_': 1.8375964947845589, '_a4_': -2.7899901855438327, '_a1_': 1.0, '_a2_': 1.0, '_a5_': 1.0, '_a6_': 1.0, '_a7_': 1.0}};{'d0': 0.02490583291941665};-280.569866449044;35.87361367813912
48855;-104.411319546383;(((x * _a4_) + pow2((_a0_ + (_a3_ * (x + _a0_))))) * x);{'d0': {'_a0_': 0.4695319004349522, '_a3_': 1.8375964947845589, '_a4_': -2.7899901855438327, '_a1_': 1.0, '_a2_': 1.0, '_a5_': 1.0, '_a6_': 1.0, '_a7_': 1.0}};{'d0': 0.02490583291941665};-280.569866449044;35.87361367813912
48856;-104.411319546383;(((x * _a4_) + pow2((_a0_ + (_a3_ * (x + _a0_))))) * x);{'d0': {'_a0_': 0.4695319004349522, '_a3_': 1.8375964947845589, '_a4_': -2.7899901855438327, '_a1_': 1.0, '_a2_': 1.0, '_a5_': 1.0, '_a6_': 1.0, '_a7_': 1.0}};{'d0': 0.02490583291941665};-280.569866449044;35.87361367813912
48857;-104.411319546383;(((x * _a4_) + pow2((_a0_ + (_a3_ * (x + _a0_))))) * x);{'d0': {'_a0_': 0.4695319004349522, '_a3_': 1.8375964947845589, '_a4_': -2.7899901855438327, '_a1_': 1.0, '_a2_': 1.0, '_a5_': 1.0, '_a6_': 1.0, '_a7_': 1.0}};{'d0': 0.02490583291941665};-280.569866449044;35.87361367813912
48858;-104.411319546383;(((x * _a4_) + pow2((_a0_ + (_a3_ * (x + _a0_))))) * x);{'d0': {'_a0_': 0.4695319004349522, '_a3_': 1.8375964947845589, '_a4_': -2.7899901855438327, '_a1_': 1.0, '_a2_': 1.0, '_a5_': 1.0, '_a6_': 1.0, '_a7_': 1.0}};{'d0': 0.02490583291941665};-280.569866449044;35.87361367813912
48859;-104.411319546383;(((x * _a4_) + pow2((_a0_ + (_a3_ * (x + _a0_))))) * x);{'d0': {'_a0_': 0.4695319004349522, '_a3_': 1.8375964947845589, '_a4_': -2.7899901855438327, '_a1_': 1.0, '_a2_': 1.0, '_a5_': 1.0, '_a6_': 1.0, '_a7_': 1.0}};{'d0': 0.02490583291941665};-280.569866449044;35.87361367813912
48860;-104.411319546383;(((x * _a4_) + pow2((_a0_ + (_a3_ * (x + _a0_))))) * x);{'d0': {'_a0_': 0.4695319004349522, '_a3_': 1.8375964947845589, '_a4_': -2.7899901855438327, '_a1_': 1.0, '_a2_': 1.0, '_a5_': 1.0, '_a6_': 1.0, '_a7_': 1.0}};{'d0': 0.02490583291941665};-280.569866449044;35.87361367813912
48861;-104.411319546383;(((x * _a4_) + pow2((_a0_ + (_a3_ * (x + _a0_))))) * x);{'d0': {'_a0_': 0.4695319004349522, '_a3_': 1.8375964947845589, '_a4_': -2.7899901855438327, '_a1_': 1.0, '_a2_': 1.0, '_a5_': 1.0, '_a6_': 1.0, '_a7_': 1.0}};{'d0': 0.02490583291941665};-280.569866449044;35.87361367813912
48862;-104.411319546383;(((x * _a4_) + pow2((_a0_ + (_a3_ * (x + _a0_))))) * x);{'d0': {'_a0_': 0.4695319004349522, '_a3_': 1.8375964947845589, '_a4_': -2.7899901855438327, '_a1_': 1.0, '_a2_': 1.0, '_a5_': 1.0, '_a6_': 1.0, '_a7_': 1.0}};{'d0': 0.02490583291941665};-280.569866449044;35.87361367813912
48863;-104.411319546383;(((x * _a4_) + pow2((_a0_ + (_a3_ * (x + _a0_))))) * x);{'d0': {'_a0_': 0.4695319004349522, '_a3_': 1.8375964947845589, '_a4_': -2.7899901855438327, '_a1_': 1.0, '_a2_': 1.0, '_a5_': 1.0, '_a6_': 1.0, '_a7_': 1.0}};{'d0': 0.02490583291941665};-280.569866449044;35.87361367813912
48864;-104.411319546383;(((x * _a4_) + pow2((_a0_ + (_a3_ * (x + _a0_))))) * x);{'d0': {'_a0_': 0.4695319004349522, '_a3_': 1.8375964947845589, '_a4_': -2.7899901855438327, '_a1_': 1.0, '_a2_': 1.0, '_a5_': 1.0, '_a6_': 1.0, '_a7_': 1.0}};{'d0': 0.02490583291941665};-280.569866449044;35.87361367813912
48865;-104.411319546383;(((x * _a4_) + pow2((_a0_ + (_a3_ * (x + _a0_))))) * x);{'d0': {'_a0_': 0.4695319004349522, '_a3_': 1.8375964947845589, '_a4_': -2.7899901855438327, '_a1_': 1.0, '_a2_': 1.0, '_a5_': 1.0, '_a6_': 1.0, '_a7_': 1.0}};{'d0': 0.02490583291941665};-280.569866449044;35.87361367813912
48866;-104.411319546383;(((x * _a4_) + pow2((_a0_ + (_a3_ * (x + _a0_))))) * x);{'d0': {'_a0_': 0.4695319004349522, '_a3_': 1.8375964947845589, '_a4_': -2.7899901855438327, '_a1_': 1.0, '_a2_': 1.0, '_a5_': 1.0, '_a6_': 1.0, '_a7_': 1.0}};{'d0': 0.02490583291941665};-280.569866449044;35.87361367813912
48867;-104.411319546383;(((x * _a4_) + pow2((_a0_ + (_a3_ * (x + _a0_))))) * x);{'d0': {'_a0_': 0.4695319004349522, '_a3_': 1.8375964947845589, '_a4_': -2.7899901855438327, '_a1_': 1.0, '_a2_': 1.0, '_a5_': 1.0, '_a6_': 1.0, '_a7_': 1.0}};{'d0': 0.02490583291941665};-280.569866449044;35.87361367813912
48868;-104.411319546383;(((x * _a4_) + pow2((_a0_ + (_a3_ * (x + _a0_))))) * x);{'d0': {'_a0_': 0.4695319004349522, '_a3_': 1.8375964947845589, '_a4_': -2.7899901855438327, '_a1_': 1.0, '_a2_': 1.0, '_a5_': 1.0, '_a6_': 1.0, '_a7_': 1.0}};{'d0': 0.02490583291941665};-280.569866449044;35.87361367813912
48869;-104.411319546383;(((x * _a4_) + pow2((_a0_ + (_a3_ * (x + _a0_))))) * x);{'d0': {'_a0_': 0.4695319004349522, '_a3_': 1.8375964947845589, '_a4_': -2.7899901855438327, '_a1_': 1.0, '_a2_': 1.0, '_a5_': 1.0, '_a6_': 1.0, '_a7_': 1.0}};{'d0': 0.02490583291941665};-280.569866449044;35.87361367813912
48870;-104.411319546383;(((x * _a4_) + pow2((_a0_ + (_a3_ * (x + _a0_))))) * x);{'d0': {'_a0_': 0.4695319004349522, '_a3_': 1.8375964947845589, '_a4_': -2.7899901855438327, '_a1_': 1.0, '_a2_': 1.0, '_a5_': 1.0, '_a6_': 1.0, '_a7_': 1.0}};{'d0': 0.02490583291941665};-280.569866449044;35.87361367813912
48871;-104.411319546383;(((x * _a4_) + pow2((_a0_ + (_a3_ * (x + _a0_))))) * x);{'d0': {'_a0_': 0.4695319004349522, '_a3_': 1.8375964947845589, '_a4_': -2.7899901855438327, '_a1_': 1.0, '_a2_': 1.0, '_a5_': 1.0, '_a6_': 1.0, '_a7_': 1.0}};{'d0': 0.02490583291941665};-280.569866449044;35.87361367813912
48872;-104.411319546383;(((x * _a4_) + pow2((_a0_ + (_a3_ * (x + _a0_))))) * x);{'d0': {'_a0_': 0.4695319004349522, '_a3_': 1.8375964947845589, '_a4_': -2.7899901855438327, '_a1_': 1.0, '_a2_': 1.0, '_a5_': 1.0, '_a6_': 1.0, '_a7_': 1.0}};{'d0': 0.02490583291941665};-280.569866449044;35.87361367813912
48873;-104.411319546383;(((x * _a4_) + pow2((_a0_ + (_a3_ * (x + _a0_))))) * x);{'d0': {'_a0_': 0.4695319004349522, '_a3_': 1.8375964947845589, '_a4_': -2.7899901855438327, '_a1_': 1.0, '_a2_': 1.0, '_a5_': 1.0, '_a6_': 1.0, '_a7_': 1.0}};{'d0': 0.02490583291941665};-280.569866449044;35.87361367813912
48874;-104.411319546383;(((x * _a4_) + pow2((_a0_ + (_a3_ * (x + _a0_))))) * x);{'d0': {'_a0_': 0.4695319004349522, '_a3_': 1.8375964947845589, '_a4_': -2.7899901855438327, '_a1_': 1.0, '_a2_': 1.0, '_a5_': 1.0, '_a6_': 1.0, '_a7_': 1.0}};{'d0': 0.02490583291941665};-280.569866449044;35.87361367813912
48875;-104.411319546383;(((x * _a4_) + pow2((_a0_ + (_a3_ * (x + _a0_))))) * x);{'d0': {'_a0_': 0.4695319004349522, '_a3_': 1.8375964947845589, '_a4_': -2.7899901855438327, '_a1_': 1.0, '_a2_': 1.0, '_a5_': 1.0, '_a6_': 1.0, '_a7_': 1.0}};{'d0': 0.02490583291941665};-280.569866449044;35.87361367813912
48876;-104.411319546383;(((x * _a4_) + pow2((_a0_ + (_a3_ * (x + _a0_))))) * x);{'d0': {'_a0_': 0.4695319004349522, '_a3_': 1.8375964947845589, '_a4_': -2.7899901855438327, '_a1_': 1.0, '_a2_': 1.0, '_a5_': 1.0, '_a6_': 1.0, '_a7_': 1.0}};{'d0': 0.02490583291941665};-280.569866449044;35.87361367813912
48877;-104.411319546383;(((x * _a4_) + pow2((_a0_ + (_a3_ * (x + _a0_))))) * x);{'d0': {'_a0_': 0.4695319004349522, '_a3_': 1.8375964947845589, '_a4_': -2.7899901855438327, '_a1_': 1.0, '_a2_': 1.0, '_a5_': 1.0, '_a6_': 1.0, '_a7_': 1.0}};{'d0': 0.02490583291941665};-280.569866449044;35.87361367813912
48878;-104.411319546383;(((x * _a4_) + pow2((_a0_ + (_a3_ * (x + _a0_))))) * x);{'d0': {'_a0_': 0.4695319004349522, '_a3_': 1.8375964947845589, '_a4_': -2.7899901855438327, '_a1_': 1.0, '_a2_': 1.0, '_a5_': 1.0, '_a6_': 1.0, '_a7_': 1.0}};{'d0': 0.02490583291941665};-280.569866449044;35.87361367813912
48879;-104.411319546383;(((x * _a4_) + pow2((_a0_ + (_a3_ * (x + _a0_))))) * x);{'d0': {'_a0_': 0.4695319004349522, '_a3_': 1.8375964947845589, '_a4_': -2.7899901855438327, '_a1_': 1.0, '_a2_': 1.0, '_a5_': 1.0, '_a6_': 1.0, '_a7_': 1.0}};{'d0': 0.02490583291941665};-280.569866449044;35.87361367813912
48880;-104.411319546383;(((x * _a4_) + pow2((_a0_ + (_a3_ * (x + _a0_))))) * x);{'d0': {'_a0_': 0.4695319004349522, '_a3_': 1.8375964947845589, '_a4_': -2.7899901855438327, '_a1_': 1.0, '_a2_': 1.0, '_a5_': 1.0, '_a6_': 1.0, '_a7_': 1.0}};{'d0': 0.02490583291941665};-280.569866449044;35.87361367813912
48881;-104.411319546383;(((x * _a4_) + pow2((_a0_ + (_a3_ * (x + _a0_))))) * x);{'d0': {'_a0_': 0.4695319004349522, '_a3_': 1.8375964947845589, '_a4_': -2.7899901855438327, '_a1_': 1.0, '_a2_': 1.0, '_a5_': 1.0, '_a6_': 1.0, '_a7_': 1.0}};{'d0': 0.02490583291941665};-280.569866449044;35.87361367813912
48882;-104.411319546383;(((x * _a4_) + pow2((_a0_ + (_a3_ * (x + _a0_))))) * x);{'d0': {'_a0_': 0.4695319004349522, '_a3_': 1.8375964947845589, '_a4_': -2.7899901855438327, '_a1_': 1.0, '_a2_': 1.0, '_a5_': 1.0, '_a6_': 1.0, '_a7_': 1.0}};{'d0': 0.02490583291941665};-280.569866449044;35.87361367813912
48883;-104.411319546383;(((x * _a4_) + pow2((_a0_ + (_a3_ * (x + _a0_))))) * x);{'d0': {'_a0_': 0.4695319004349522, '_a3_': 1.8375964947845589, '_a4_': -2.7899901855438327, '_a1_': 1.0, '_a2_': 1.0, '_a5_': 1.0, '_a6_': 1.0, '_a7_': 1.0}};{'d0': 0.02490583291941665};-280.569866449044;35.87361367813912
48884;-104.411319546383;(((x * _a4_) + pow2((_a0_ + (_a3_ * (x + _a0_))))) * x);{'d0': {'_a0_': 0.4695319004349522, '_a3_': 1.8375964947845589, '_a4_': -2.7899901855438327, '_a1_': 1.0, '_a2_': 1.0, '_a5_': 1.0, '_a6_': 1.0, '_a7_': 1.0}};{'d0': 0.02490583291941665};-280.569866449044;35.87361367813912
48885;-104.411319546383;(((x * _a4_) + pow2((_a0_ + (_a3_ * (x + _a0_))))) * x);{'d0': {'_a0_': 0.4695319004349522, '_a3_': 1.8375964947845589, '_a4_': -2.7899901855438327, '_a1_': 1.0, '_a2_': 1.0, '_a5_': 1.0, '_a6_': 1.0, '_a7_': 1.0}};{'d0': 0.02490583291941665};-280.569866449044;35.87361367813912
48886;-104.411319546383;(((x * _a4_) + pow2((_a0_ + (_a3_ * (x + _a0_))))) * x);{'d0': {'_a0_': 0.4695319004349522, '_a3_': 1.8375964947845589, '_a4_': -2.7899901855438327, '_a1_': 1.0, '_a2_': 1.0, '_a5_': 1.0, '_a6_': 1.0, '_a7_': 1.0}};{'d0': 0.02490583291941665};-280.569866449044;35.87361367813912
48887;-104.411319546383;(((x * _a4_) + pow2((_a0_ + (_a3_ * (x + _a0_))))) * x);{'d0': {'_a0_': 0.4695319004349522, '_a3_': 1.8375964947845589, '_a4_': -2.7899901855438327, '_a1_': 1.0, '_a2_': 1.0, '_a5_': 1.0, '_a6_': 1.0, '_a7_': 1.0}};{'d0': 0.02490583291941665};-280.569866449044;35.87361367813912
48888;-104.411319546383;(((x * _a4_) + pow2((_a0_ + (_a3_ * (x + _a0_))))) * x);{'d0': {'_a0_': 0.4695319004349522, '_a3_': 1.8375964947845589, '_a4_': -2.7899901855438327, '_a1_': 1.0, '_a2_': 1.0, '_a5_': 1.0, '_a6_': 1.0, '_a7_': 1.0}};{'d0': 0.02490583291941665};-280.569866449044;35.87361367813912
48889;-104.411319546383;(((x * _a4_) + pow2((_a0_ + (_a3_ * (x + _a0_))))) * x);{'d0': {'_a0_': 0.4695319004349522, '_a3_': 1.8375964947845589, '_a4_': -2.7899901855438327, '_a1_': 1.0, '_a2_': 1.0, '_a5_': 1.0, '_a6_': 1.0, '_a7_': 1.0}};{'d0': 0.02490583291941665};-280.569866449044;35.87361367813912
48890;-104.411319546383;(((x * _a4_) + pow2((_a0_ + (_a3_ * (x + _a0_))))) * x);{'d0': {'_a0_': 0.4695319004349522, '_a3_': 1.8375964947845589, '_a4_': -2.7899901855438327, '_a1_': 1.0, '_a2_': 1.0, '_a5_': 1.0, '_a6_': 1.0, '_a7_': 1.0}};{'d0': 0.02490583291941665};-280.569866449044;35.87361367813912
48891;-104.411319546383;(((x * _a4_) + pow2((_a0_ + (_a3_ * (x + _a0_))))) * x);{'d0': {'_a0_': 0.4695319004349522, '_a3_': 1.8375964947845589, '_a4_': -2.7899901855438327, '_a1_': 1.0, '_a2_': 1.0, '_a5_': 1.0, '_a6_': 1.0, '_a7_': 1.0}};{'d0': 0.02490583291941665};-280.569866449044;35.87361367813912
48892;-104.411319546383;(((x * _a4_) + pow2((_a0_ + (_a3_ * (x + _a0_))))) * x);{'d0': {'_a0_': 0.4695319004349522, '_a3_': 1.8375964947845589, '_a4_': -2.7899901855438327, '_a1_': 1.0, '_a2_': 1.0, '_a5_': 1.0, '_a6_': 1.0, '_a7_': 1.0}};{'d0': 0.02490583291941665};-280.569866449044;35.87361367813912
48893;-104.411319546383;(((x * _a4_) + pow2((_a0_ + (_a3_ * (x + _a0_))))) * x);{'d0': {'_a0_': 0.4695319004349522, '_a3_': 1.8375964947845589, '_a4_': -2.7899901855438327, '_a1_': 1.0, '_a2_': 1.0, '_a5_': 1.0, '_a6_': 1.0, '_a7_': 1.0}};{'d0': 0.02490583291941665};-280.569866449044;35.87361367813912
48894;-104.411319546383;(((x * _a4_) + pow2((_a0_ + (_a3_ * (x + _a0_))))) * x);{'d0': {'_a0_': 0.4695319004349522, '_a3_': 1.8375964947845589, '_a4_': -2.7899901855438327, '_a1_': 1.0, '_a2_': 1.0, '_a5_': 1.0, '_a6_': 1.0, '_a7_': 1.0}};{'d0': 0.02490583291941665};-280.569866449044;35.87361367813912
48895;-104.411319546383;(((x * _a4_) + pow2((_a0_ + (_a3_ * (x + _a0_))))) * x);{'d0': {'_a0_': 0.4695319004349522, '_a3_': 1.8375964947845589, '_a4_': -2.7899901855438327, '_a1_': 1.0, '_a2_': 1.0, '_a5_': 1.0, '_a6_': 1.0, '_a7_': 1.0}};{'d0': 0.02490583291941665};-280.569866449044;35.87361367813912
48896;-97.5531039343543;((_a4_ + ((((-(x) * _a1_) * _a1_) / _a3_) * (_a0_ + x))) * x);{'d0': {'_a0_': 0.6238594157902494, '_a1_': -2.6308499367561873, '_a3_': -2.049706885522862, '_a4_': 1.775135404803016, '_a2_': 1.0, '_a5_': 1.0, '_a6_': 1.0, '_a7_': 1.0}};{'d0': 0.024905832919779977};-276.475521885946;40.68465700861876
48897;-97.5531039343543;((_a4_ + ((((-(x) * _a1_) * _a1_) / _a3_) * (_a0_ + x))) * x);{'d0': {'_a0_': 0.6238594157902494, '_a1_': -2.6308499367561873, '_a3_': -2.049706885522862, '_a4_': 1.775135404803016, '_a2_': 1.0, '_a5_': 1.0, '_a6_': 1.0, '_a7_': 1.0}};{'d0': 0.024905832919779977};-276.475521885946;40.68465700861876
48898;-97.5531039343543;((_a4_ + ((((-(x) * _a1_) * _a1_) / _a3_) * (_a0_ + x))) * x);{'d0': {'_a0_': 0.6238594157902494, '_a1_': -2.6308499367561873, '_a3_': -2.049706885522862, '_a4_': 1.775135404803016, '_a2_': 1.0, '_a5_': 1.0, '_a6_': 1.0, '_a7_': 1.0}};{'d0': 0.024905832919779977};-276.475521885946;40.68465700861876
48899;-97.5531039343543;((_a4_ + ((((-(x) * _a1_) * _a1_) / _a3_) * (_a0_ + x))) * x);{'d0': {'_a0_': 0.6238594157902494, '_a1_': -2.6308499367561873, '_a3_': -2.049706885522862, '_a4_': 1.775135404803016, '_a2_': 1.0, '_a5_': 1.0, '_a6_': 1.0, '_a7_': 1.0}};{'d0': 0.024905832919779977};-276.475521885946;40.68465700861876
48900;-97.5531039343543;((_a4_ + ((((-(x) * _a1_) * _a1_) / _a3_) * (_a0_ + x))) * x);{'d0': {'_a0_': 0.6238594157902494, '_a1_': -2.6308499367561873, '_a3_': -2.049706885522862, '_a4_': 1.775135404803016, '_a2_': 1.0, '_a5_': 1.0, '_a6_': 1.0, '_a7_': 1.0}};{'d0': 0.024905832919779977};-276.475521885946;40.68465700861876
48901;-97.5531039343543;((_a4_ + ((((-(x) * _a1_) * _a1_) / _a3_) * (_a0_ + x))) * x);{'d0': {'_a0_': 0.6238594157902494, '_a1_': -2.6308499367561873, '_a3_': -2.049706885522862, '_a4_': 1.775135404803016, '_a2_': 1.0, '_a5_': 1.0, '_a6_': 1.0, '_a7_': 1.0}};{'d0': 0.024905832919779977};-276.475521885946;40.68465700861876
48902;-97.5531039343543;((_a4_ + ((((-(x) * _a1_) * _a1_) / _a3_) * (_a0_ + x))) * x);{'d0': {'_a0_': 0.6238594157902494, '_a1_': -2.6308499367561873, '_a3_': -2.049706885522862, '_a4_': 1.775135404803016, '_a2_': 1.0, '_a5_': 1.0, '_a6_': 1.0, '_a7_': 1.0}};{'d0': 0.024905832919779977};-276.475521885946;40.68465700861876
48903;-97.5531039343543;((_a4_ + ((((-(x) * _a1_) * _a1_) / _a3_) * (_a0_ + x))) * x);{'d0': {'_a0_': 0.6238594157902494, '_a1_': -2.6308499367561873, '_a3_': -2.049706885522862, '_a4_': 1.775135404803016, '_a2_': 1.0, '_a5_': 1.0, '_a6_': 1.0, '_a7_': 1.0}};{'d0': 0.024905832919779977};-276.475521885946;40.68465700861876
48904;-97.5531039343543;((_a4_ + ((((-(x) * _a1_) * _a1_) / _a3_) * (_a0_ + x))) * x);{'d0': {'_a0_': 0.6238594157902494, '_a1_': -2.6308499367561873, '_a3_': -2.049706885522862, '_a4_': 1.775135404803016, '_a2_': 1.0, '_a5_': 1.0, '_a6_': 1.0, '_a7_': 1.0}};{'d0': 0.024905832919779977};-276.475521885946;40.68465700861876
48905;-97.5531039343543;((_a4_ + ((((-(x) * _a1_) * _a1_) / _a3_) * (_a0_ + x))) * x);{'d0': {'_a0_': 0.6238594157902494, '_a1_': -2.6308499367561873, '_a3_': -2.049706885522862, '_a4_': 1.775135404803016, '_a2_': 1.0, '_a5_': 1.0, '_a6_': 1.0, '_a7_': 1.0}};{'d0': 0.024905832919779977};-276.475521885946;40.68465700861876
48906;-97.5531039343543;((_a4_ + ((((-(x) * _a1_) * _a1_) / _a3_) * (_a0_ + x))) * x);{'d0': {'_a0_': 0.6238594157902494, '_a1_': -2.6308499367561873, '_a3_': -2.049706885522862, '_a4_': 1.775135404803016, '_a2_': 1.0, '_a5_': 1.0, '_a6_': 1.0, '_a7_': 1.0}};{'d0': 0.024905832919779977};-276.475521885946;40.68465700861876
48907;-97.5531039343543;((_a4_ + ((((-(x) * _a1_) * _a1_) / _a3_) * (_a0_ + x))) * x);{'d0': {'_a0_': 0.6238594157902494, '_a1_': -2.6308499367561873, '_a3_': -2.049706885522862, '_a4_': 1.775135404803016, '_a2_': 1.0, '_a5_': 1.0, '_a6_': 1.0, '_a7_': 1.0}};{'d0': 0.024905832919779977};-276.475521885946;40.68465700861876
48908;-97.5531039343543;((_a4_ + ((((-(x) * _a1_) * _a1_) / _a3_) * (_a0_ + x))) * x);{'d0': {'_a0_': 0.6238594157902494, '_a1_': -2.6308499367561873, '_a3_': -2.049706885522862, '_a4_': 1.775135404803016, '_a2_': 1.0, '_a5_': 1.0, '_a6_': 1.0, '_a7_': 1.0}};{'d0': 0.024905832919779977};-276.475521885946;40.68465700861876
48909;-97.5531039343543;((_a4_ + ((((-(x) * _a1_) * _a1_) / _a3_) * (_a0_ + x))) * x);{'d0': {'_a0_': 0.6238594157902494, '_a1_': -2.6308499367561873, '_a3_': -2.049706885522862, '_a4_': 1.775135404803016, '_a2_': 1.0, '_a5_': 1.0, '_a6_': 1.0, '_a7_': 1.0}};{'d0': 0.024905832919779977};-276.475521885946;40.68465700861876
48910;-97.5531039343543;((_a4_ + ((((-(x) * _a1_) * _a1_) / _a3_) * (_a0_ + x))) * x);{'d0': {'_a0_': 0.6238594157902494, '_a1_': -2.6308499367561873, '_a3_': -2.049706885522862, '_a4_': 1.775135404803016, '_a2_': 1.0, '_a5_': 1.0, '_a6_': 1.0, '_a7_': 1.0}};{'d0': 0.024905832919779977};-276.475521885946;40.68465700861876
48911;-97.5531039343543;((_a4_ + ((((-(x) * _a1_) * _a1_) / _a3_) * (_a0_ + x))) * x);{'d0': {'_a0_': 0.6238594157902494, '_a1_': -2.6308499367561873, '_a3_': -2.049706885522862, '_a4_': 1.775135404803016, '_a2_': 1.0, '_a5_': 1.0, '_a6_': 1.0, '_a7_': 1.0}};{'d0': 0.024905832919779977};-276.475521885946;40.68465700861876
48912;-97.5531039343543;((_a4_ + ((((-(x) * _a1_) * _a1_) / _a3_) * (_a0_ + x))) * x);{'d0': {'_a0_': 0.6238594157902494, '_a1_': -2.6308499367561873, '_a3_': -2.049706885522862, '_a4_': 1.775135404803016, '_a2_': 1.0, '_a5_': 1.0, '_a6_': 1.0, '_a7_': 1.0}};{'d0': 0.024905832919779977};-276.475521885946;40.68465700861876
48913;-97.5531039343543;((_a4_ + ((((-(x) * _a1_) * _a1_) / _a3_) * (_a0_ + x))) * x);{'d0': {'_a0_': 0.6238594157902494, '_a1_': -2.6308499367561873, '_a3_': -2.049706885522862, '_a4_': 1.775135404803016, '_a2_': 1.0, '_a5_': 1.0, '_a6_': 1.0, '_a7_': 1.0}};{'d0': 0.024905832919779977};-276.475521885946;40.68465700861876
48914;-99.1722967989006;(((_a1_ * x) + (((_a6_ / _a4_) * pow2(x)) + log(_a4_))) * x);{'d0': {'_a1_': 2.1066240665420146, '_a4_': 5.90108010928922, '_a6_': 19.926536448823068, '_a0_': 1.0, '_a2_': 1.0, '_a3_': 1.0, '_a5_': 1.0, '_a7_': 1.0}};{'d0': 0.024905832919416566};-280.569866449044;41.11263642562155
48915;-99.1722967989006;(((_a1_ * x) + (((_a6_ / _a4_) * pow2(x)) + log(_a4_))) * x);{'d0': {'_a1_': 2.1066240665420146, '_a4_': 5.90108010928922, '_a6_': 19.926536448823068, '_a0_': 1.0, '_a2_': 1.0, '_a3_': 1.0, '_a5_': 1.0, '_a7_': 1.0}};{'d0': 0.024905832919416566};-280.569866449044;41.11263642562155
48916;-99.1722967989006;(((_a1_ * x) + (((_a6_ / _a4_) * pow2(x)) + log(_a4_))) * x);{'d0': {'_a1_': 2.1066240665420146, '_a4_': 5.90108010928922, '_a6_': 19.926536448823068, '_a0_': 1.0, '_a2_': 1.0, '_a3_': 1.0, '_a5_': 1.0, '_a7_': 1.0}};{'d0': 0.024905832919416566};-280.569866449044;41.11263642562155
48917;-97.5531039343543;((_a4_ + ((((-(x) * _a1_) * _a1_) / _a3_) * (_a0_ + x))) * x);{'d0': {'_a0_': 0.6238594157902494, '_a1_': -2.6308499367561873, '_a3_': -2.049706885522862, '_a4_': 1.775135404803016, '_a2_': 1.0, '_a5_': 1.0, '_a6_': 1.0, '_a7_': 1.0}};{'d0': 0.024905832919779977};-276.475521885946;40.68465700861876
48918;-97.5531039343543;((_a4_ + ((((-(x) * _a1_) * _a1_) / _a3_) * (_a0_ + x))) * x);{'d0': {'_a0_': 0.6238594157902494, '_a1_': -2.6308499367561873, '_a3_': -2.049706885522862, '_a4_': 1.775135404803016, '_a2_': 1.0, '_a5_': 1.0, '_a6_': 1.0, '_a7_': 1.0}};{'d0': 0.024905832919779977};-276.475521885946;40.68465700861876
48919;-97.5531039343543;((_a4_ + ((((-(x) * _a1_) * _a1_) / _a3_) * (_a0_ + x))) * x);{'d0': {'_a0_': 0.6238594157902494, '_a1_': -2.6308499367561873, '_a3_': -2.049706885522862, '_a4_': 1.775135404803016, '_a2_': 1.0, '_a5_': 1.0, '_a6_': 1.0, '_a7_': 1.0}};{'d0': 0.024905832919779977};-276.475521885946;40.68465700861876
48920;-101.292641405043;(((_a1_ * x) + ((-(_a3_) * pow2(x)) + log(_a4_))) * x);{'d0': {'_a1_': 2.1066240664367393, '_a3_': -3.3767608772714937, '_a4_': 5.901080110588259, '_a0_': 1.0, '_a2_': 1.0, '_a5_': 1.0, '_a6_': 1.0, '_a7_': 1.0}};{'d0': 0.024905832919416608};-280.569866449044;38.99229181947954
48921;-101.292641405043;(((_a1_ * x) + ((-(_a3_) * pow2(x)) + log(_a4_))) * x);{'d0': {'_a1_': 2.1066240664367393, '_a3_': -3.3767608772714937, '_a4_': 5.901080110588259, '_a0_': 1.0, '_a2_': 1.0, '_a5_': 1.0, '_a6_': 1.0, '_a7_': 1.0}};{'d0': 0.024905832919416608};-280.569866449044;38.99229181947954
48922;-101.292641405043;(((_a1_ * x) + ((-(_a3_) * pow2(x)) + log(_a4_))) * x);{'d0': {'_a1_': 2.1066240664367393, '_a3_': -3.3767608772714937, '_a4_': 5.901080110588259, '_a0_': 1.0, '_a2_': 1.0, '_a5_': 1.0, '_a6_': 1.0, '_a7_': 1.0}};{'d0': 0.024905832919416608};-280.569866449044;38.99229181947954
48923;-101.292641405043;(((_a1_ * x) + ((-(_a3_) * pow2(x)) + log(_a4_))) * x);{'d0': {'_a1_': 2.1066240664367393, '_a3_': -3.3767608772714937, '_a4_': 5.901080110588259, '_a0_': 1.0, '_a2_': 1.0, '_a5_': 1.0, '_a6_': 1.0, '_a7_': 1.0}};{'d0': 0.024905832919416608};-280.569866449044;38.99229181947954
48924;-101.292641405043;(((_a1_ * x) + ((-(_a3_) * pow2(x)) + log(_a4_))) * x);{'d0': {'_a1_': 2.1066240664367393, '_a3_': -3.3767608772714937, '_a4_': 5.901080110588259, '_a0_': 1.0, '_a2_': 1.0, '_a5_': 1.0, '_a6_': 1.0, '_a7_': 1.0}};{'d0': 0.024905832919416608};-280.569866449044;38.99229181947954
48925;-101.292641405043;(((_a1_ * x) + ((-(_a3_) * pow2(x)) + log(_a4_))) * x);{'d0': {'_a1_': 2.1066240664367393, '_a3_': -3.3767608772714937, '_a4_': 5.901080110588259, '_a0_': 1.0, '_a2_': 1.0, '_a5_': 1.0, '_a6_': 1.0, '_a7_': 1.0}};{'d0': 0.024905832919416608};-280.569866449044;38.99229181947954
48926;-101.292641405043;(((_a1_ * x) + ((-(_a3_) * pow2(x)) + log(_a4_))) * x);{'d0': {'_a1_': 2.1066240664367393, '_a3_': -3.3767608772714937, '_a4_': 5.901080110588259, '_a0_': 1.0, '_a2_': 1.0, '_a5_': 1.0, '_a6_': 1.0, '_a7_': 1.0}};{'d0': 0.024905832919416608};-280.569866449044;38.99229181947954
48927;-101.292641405043;(((_a1_ * x) + ((-(_a3_) * pow2(x)) + log(_a4_))) * x);{'d0': {'_a1_': 2.1066240664367393, '_a3_': -3.3767608772714937, '_a4_': 5.901080110588259, '_a0_': 1.0, '_a2_': 1.0, '_a5_': 1.0, '_a6_': 1.0, '_a7_': 1.0}};{'d0': 0.024905832919416608};-280.569866449044;38.99229181947954
48928;-101.292641405043;(((_a1_ * x) + ((-(_a3_) * pow2(x)) + log(_a4_))) * x);{'d0': {'_a1_': 2.1066240664367393, '_a3_': -3.3767608772714937, '_a4_': 5.901080110588259, '_a0_': 1.0, '_a2_': 1.0, '_a5_': 1.0, '_a6_': 1.0, '_a7_': 1.0}};{'d0': 0.024905832919416608};-280.569866449044;38.99229181947954
48929;-101.292641405043;(((_a1_ * x) + ((-(_a3_) * pow2(x)) + log(_a4_))) * x);{'d0': {'_a1_': 2.1066240664367393, '_a3_': -3.3767608772714937, '_a4_': 5.901080110588259, '_a0_': 1.0, '_a2_': 1.0, '_a5_': 1.0, '_a6_': 1.0, '_a7_': 1.0}};{'d0': 0.024905832919416608};-280.569866449044;38.99229181947954
48930;-101.292641405043;(((_a1_ * x) + ((-(_a3_) * pow2(x)) + log(_a4_))) * x);{'d0': {'_a1_': 2.1066240664367393, '_a3_': -3.3767608772714937, '_a4_': 5.901080110588259, '_a0_': 1.0, '_a2_': 1.0, '_a5_': 1.0, '_a6_': 1.0, '_a7_': 1.0}};{'d0': 0.024905832919416608};-280.569866449044;38.99229181947954
48931;-101.292641405043;(((_a1_ * x) + ((-(_a3_) * pow2(x)) + log(_a4_))) * x);{'d0': {'_a1_': 2.1066240664367393, '_a3_': -3.3767608772714937, '_a4_': 5.901080110588259, '_a0_': 1.0, '_a2_': 1.0, '_a5_': 1.0, '_a6_': 1.0, '_a7_': 1.0}};{'d0': 0.024905832919416608};-280.569866449044;38.99229181947954
48932;-101.292641405043;(((_a1_ * x) + ((-(_a3_) * pow2(x)) + log(_a4_))) * x);{'d0': {'_a1_': 2.1066240664367393, '_a3_': -3.3767608772714937, '_a4_': 5.901080110588259, '_a0_': 1.0, '_a2_': 1.0, '_a5_': 1.0, '_a6_': 1.0, '_a7_': 1.0}};{'d0': 0.024905832919416608};-280.569866449044;38.99229181947954
48933;-101.292641405043;(((_a1_ * x) + ((-(_a3_) * pow2(x)) + log(_a4_))) * x);{'d0': {'_a1_': 2.1066240664367393, '_a3_': -3.3767608772714937, '_a4_': 5.901080110588259, '_a0_': 1.0, '_a2_': 1.0, '_a5_': 1.0, '_a6_': 1.0, '_a7_': 1.0}};{'d0': 0.024905832919416608};-280.569866449044;38.99229181947954
48934;-101.292641405043;(((_a1_ * x) + ((-(_a3_) * pow2(x)) + log(_a4_))) * x);{'d0': {'_a1_': 2.1066240664367393, '_a3_': -3.3767608772714937, '_a4_': 5.901080110588259, '_a0_': 1.0, '_a2_': 1.0, '_a5_': 1.0, '_a6_': 1.0, '_a7_': 1.0}};{'d0': 0.024905832919416608};-280.569866449044;38.99229181947954
48935;-101.292641405043;(((_a1_ * x) + ((-(_a3_) * pow2(x)) + log(_a4_))) * x);{'d0': {'_a1_': 2.1066240664367393, '_a3_': -3.3767608772714937, '_a4_': 5.901080110588259, '_a0_': 1.0, '_a2_': 1.0, '_a5_': 1.0, '_a6_': 1.0, '_a7_': 1.0}};{'d0': 0.024905832919416608};-280.569866449044;38.99229181947954
48936;-101.292641405043;(((_a1_ * x) + ((-(_a3_) * pow2(x)) + log(_a4_))) * x);{'d0': {'_a1_': 2.1066240664367393, '_a3_': -3.3767608772714937, '_a4_': 5.901080110588259, '_a0_': 1.0, '_a2_': 1.0, '_a5_': 1.0, '_a6_': 1.0, '_a7_': 1.0}};{'d0': 0.024905832919416608};-280.569866449044;38.99229181947954
48937;-101.292641405043;(((_a1_ * x) + ((-(_a3_) * pow2(x)) + log(_a4_))) * x);{'d0': {'_a1_': 2.1066240664367393, '_a3_': -3.3767608772714937, '_a4_': 5.901080110588259, '_a0_': 1.0, '_a2_': 1.0, '_a5_': 1.0, '_a6_': 1.0, '_a7_': 1.0}};{'d0': 0.024905832919416608};-280.569866449044;38.99229181947954
48938;-101.292641405043;(((_a1_ * x) + ((-(_a3_) * pow2(x)) + log(_a4_))) * x);{'d0': {'_a1_': 2.1066240664367393, '_a3_': -3.3767608772714937, '_a4_': 5.901080110588259, '_a0_': 1.0, '_a2_': 1.0, '_a5_': 1.0, '_a6_': 1.0, '_a7_': 1.0}};{'d0': 0.024905832919416608};-280.569866449044;38.99229181947954
48939;-101.292641405043;(((_a1_ * x) + ((-(_a3_) * pow2(x)) + log(_a4_))) * x);{'d0': {'_a1_': 2.1066240664367393, '_a3_': -3.3767608772714937, '_a4_': 5.901080110588259, '_a0_': 1.0, '_a2_': 1.0, '_a5_': 1.0, '_a6_': 1.0, '_a7_': 1.0}};{'d0': 0.024905832919416608};-280.569866449044;38.99229181947954
48940;-86.7088761945737;((_a1_ + ((((_a1_ + pow2(_a2_)) * exp(_a7_)) * (sqrt(_a3_) + x)) * x)) * x);{'d0': {'_a1_': 1.7751354058987194, '_a2_': 0.36732314565050816, '_a3_': 0.38920057059553576, '_a7_': 0.5697814578270619, '_a0_': 1.0, '_a4_': 1.0, '_a5_': 1.0, '_a6_': 1.0}};{'d0': 0.02490583291946732};-276.475521886699;51.52888474877608
48941;-86.7088761945737;((_a1_ + ((((_a1_ + pow2(_a2_)) * exp(_a7_)) * (sqrt(_a3_) + x)) * x)) * x);{'d0': {'_a1_': 1.7751354058987194, '_a2_': 0.36732314565050816, '_a3_': 0.38920057059553576, '_a7_': 0.5697814578270619, '_a0_': 1.0, '_a4_': 1.0, '_a5_': 1.0, '_a6_': 1.0}};{'d0': 0.02490583291946732};-276.475521886699;51.52888474877608
48942;-86.2484474304747;((_a1_ + ((((_a1_ + pow2(_a2_)) * exp(_a7_)) * ((_a0_ / _a7_) + x)) * x)) * x);{'d0': {'_a0_': 0.4010714818478123, '_a1_': 1.7751353809510617, '_a2_': 0.016508245338598203, '_a7_': 0.6428876023999117, '_a3_': 1.0, '_a4_': 1.0, '_a5_': 1.0, '_a6_': 1.0}};{'d0': 0.02490583292628868};-276.475521870266;51.989313504658476
48943;-86.2484474304747;((_a1_ + ((((_a1_ + pow2(_a2_)) * exp(_a7_)) * ((_a0_ / _a7_) + x)) * x)) * x);{'d0': {'_a0_': 0.4010714818478123, '_a1_': 1.7751353809510617, '_a2_': 0.016508245338598203, '_a7_': 0.6428876023999117, '_a3_': 1.0, '_a4_': 1.0, '_a5_': 1.0, '_a6_': 1.0}};{'d0': 0.02490583292628868};-276.475521870266;51.989313504658476
48944;-86.2484474304747;((_a1_ + ((((_a1_ + pow2(_a2_)) * exp(_a7_)) * ((_a0_ / _a7_) + x)) * x)) * x);{'d0': {'_a0_': 0.4010714818478123, '_a1_': 1.7751353809510617, '_a2_': 0.016508245338598203, '_a7_': 0.6428876023999117, '_a3_': 1.0, '_a4_': 1.0, '_a5_': 1.0, '_a6_': 1.0}};{'d0': 0.02490583292628868};-276.475521870266;51.989313504658476
48945;-86.2484474304747;((_a1_ + ((((_a1_ + pow2(_a2_)) * exp(_a7_)) * ((_a0_ / _a7_) + x)) * x)) * x);{'d0': {'_a0_': 0.4010714818478123, '_a1_': 1.7751353809510617, '_a2_': 0.016508245338598203, '_a7_': 0.6428876023999117, '_a3_': 1.0, '_a4_': 1.0, '_a5_': 1.0, '_a6_': 1.0}};{'d0': 0.02490583292628868};-276.475521870266;51.989313504658476
48946;-88.0165016936958;((_a1_ + ((((_a1_ + pow2(_a2_)) * exp(_a7_)) * (cos(_a2_) + x)) * x)) * x);{'d0': {'_a1_': 1.775135403839662, '_a2_': 0.897125058111936, '_a7_': 0.26913963524069096, '_a0_': 1.0, '_a3_': 1.0, '_a4_': 1.0, '_a5_': 1.0, '_a6_': 1.0}};{'d0': 0.024905832919416625};-280.569866449044;52.26843153082608
48947;-88.0165016936958;((_a1_ + ((((_a1_ + pow2(_a2_)) * exp(_a7_)) * (cos(_a2_) + x)) * x)) * x);{'d0': {'_a1_': 1.775135403839662, '_a2_': 0.897125058111936, '_a7_': 0.26913963524069096, '_a0_': 1.0, '_a3_': 1.0, '_a4_': 1.0, '_a5_': 1.0, '_a6_': 1.0}};{'d0': 0.024905832919416625};-280.569866449044;52.26843153082608
48948;-88.0165016936958;((_a1_ + ((((_a1_ + pow2(_a2_)) * exp(_a7_)) * (cos(_a2_) + x)) * x)) * x);{'d0': {'_a1_': 1.775135403839662, '_a2_': 0.897125058111936, '_a7_': 0.26913963524069096, '_a0_': 1.0, '_a3_': 1.0, '_a4_': 1.0, '_a5_': 1.0, '_a6_': 1.0}};{'d0': 0.024905832919416625};-280.569866449044;52.26843153082608
48949;-88.0165016936958;((_a1_ + ((((_a1_ + pow2(_a2_)) * exp(_a7_)) * (cos(_a2_) + x)) * x)) * x);{'d0': {'_a1_': 1.775135403839662, '_a2_': 0.897125058111936, '_a7_': 0.26913963524069096, '_a0_': 1.0, '_a3_': 1.0, '_a4_': 1.0, '_a5_': 1.0, '_a6_': 1.0}};{'d0': 0.024905832919416625};-280.569866449044;52.26843153082608
48950;-88.0165016936958;((_a1_ + ((((_a1_ + pow2(_a2_)) * exp(_a7_)) * (cos(_a2_) + x)) * x)) * x);{'d0': {'_a1_': 1.775135403839662, '_a2_': 0.897125058111936, '_a7_': 0.26913963524069096, '_a0_': 1.0, '_a3_': 1.0, '_a4_': 1.0, '_a5_': 1.0, '_a6_': 1.0}};{'d0': 0.024905832919416625};-280.569866449044;52.26843153082608
48951;-88.0165016936958;((_a1_ + ((((_a1_ + pow2(_a2_)) * exp(_a7_)) * (cos(_a2_) + x)) * x)) * x);{'d0': {'_a1_': 1.775135403839662, '_a2_': 0.897125058111936, '_a7_': 0.26913963524069096, '_a0_': 1.0, '_a3_': 1.0, '_a4_': 1.0, '_a5_': 1.0, '_a6_': 1.0}};{'d0': 0.024905832919416625};-280.569866449044;52.26843153082608
48952;-82.6504335590358;((_a1_ + ((((_a1_ + pow2(_a2_)) * exp(_a7_)) * (cos(exp(_a7_)) + x)) * x)) * x);{'d0': {'_a1_': 1.775135402341573, '_a2_': 1.4102640559567154, '_a7_': -0.10856000715556939, '_a0_': 1.0, '_a3_': 1.0, '_a4_': 1.0, '_a5_': 1.0, '_a6_': 1.0}};{'d0': 0.024905832919416632};-280.569866449044;57.634499665486075
48953;-82.6504335590358;((_a1_ + ((((_a1_ + pow2(_a2_)) * exp(_a7_)) * (cos(exp(_a7_)) + x)) * x)) * x);{'d0': {'_a1_': 1.775135402341573, '_a2_': 1.4102640559567154, '_a7_': -0.10856000715556939, '_a0_': 1.0, '_a3_': 1.0, '_a4_': 1.0, '_a5_': 1.0, '_a6_': 1.0}};{'d0': 0.024905832919416632};-280.569866449044;57.634499665486075
48954;-82.6504335590358;((_a1_ + ((((_a1_ + pow2(_a2_)) * exp(_a7_)) * (cos(exp(_a7_)) + x)) * x)) * x);{'d0': {'_a1_': 1.775135402341573, '_a2_': 1.4102640559567154, '_a7_': -0.10856000715556939, '_a0_': 1.0, '_a3_': 1.0, '_a4_': 1.0, '_a5_': 1.0, '_a6_': 1.0}};{'d0': 0.024905832919416632};-280.569866449044;57.634499665486075
48955;-82.6504335590358;((_a1_ + ((((_a1_ + pow2(_a2_)) * exp(_a7_)) * (cos(exp(_a7_)) + x)) * x)) * x);{'d0': {'_a1_': 1.775135402341573, '_a2_': 1.4102640559567154, '_a7_': -0.10856000715556939, '_a0_': 1.0, '_a3_': 1.0, '_a4_': 1.0, '_a5_': 1.0, '_a6_': 1.0}};{'d0': 0.024905832919416632};-280.569866449044;57.634499665486075
48956;-82.6504335590358;((_a1_ + ((((_a1_ + pow2(_a2_)) * exp(_a7_)) * (cos(exp(_a7_)) + x)) * x)) * x);{'d0': {'_a1_': 1.775135402341573, '_a2_': 1.4102640559567154, '_a7_': -0.10856000715556939, '_a0_': 1.0, '_a3_': 1.0, '_a4_': 1.0, '_a5_': 1.0, '_a6_': 1.0}};{'d0': 0.024905832919416632};-280.569866449044;57.634499665486075
48957;-76.8501417926334;((_a1_ + ((((_a1_ + pow2((_a1_ / _a4_))) * exp(_a7_)) * (cos(exp(_a7_)) + x)) * x)) * x);{'d0': {'_a1_': 1.775135402764787, '_a4_': 1.258725551951847, '_a7_': -0.10856000753721831, '_a0_': 1.0, '_a2_': 1.0, '_a3_': 1.0, '_a5_': 1.0, '_a6_': 1.0}};{'d0': 0.024905832919416643};-280.569866449044;63.43479143188848
48958;-76.8501417926334;((_a1_ + ((((_a1_ + pow2((_a1_ / _a4_))) * exp(_a7_)) * (cos(exp(_a7_)) + x)) * x)) * x);{'d0': {'_a1_': 1.775135402764787, '_a4_': 1.258725551951847, '_a7_': -0.10856000753721831, '_a0_': 1.0, '_a2_': 1.0, '_a3_': 1.0, '_a5_': 1.0, '_a6_': 1.0}};{'d0': 0.024905832919416643};-280.569866449044;63.43479143188848
48959;-76.8501417926334;((_a1_ + ((((_a1_ + pow2((_a1_ / _a4_))) * exp(_a7_)) * (cos(exp(_a7_)) + x)) * x)) * x);{'d0': {'_a1_': 1.775135402764787, '_a4_': 1.258725551951847, '_a7_': -0.10856000753721831, '_a0_': 1.0, '_a2_': 1.0, '_a3_': 1.0, '_a5_': 1.0, '_a6_': 1.0}};{'d0': 0.024905832919416643};-280.569866449044;63.43479143188848
48960;-76.8501417926334;((_a1_ + ((((_a1_ + pow2((_a1_ / _a4_))) * exp(_a7_)) * (cos(exp(_a7_)) + x)) * x)) * x);{'d0': {'_a1_': 1.775135402764787, '_a4_': 1.258725551951847, '_a7_': -0.10856000753721831, '_a0_': 1.0, '_a2_': 1.0, '_a3_': 1.0, '_a5_': 1.0, '_a6_': 1.0}};{'d0': 0.024905832919416643};-280.569866449044;63.43479143188848
48961;-80.1690376344387;((_a1_ + ((((_a1_ + pow2((_a1_ / _a4_))) * _a2_) * (cos(exp(_a7_)) + x)) * x)) * x);{'d0': {'_a1_': 1.775135403977405, '_a2_': 0.7422847972971206, '_a4_': 1.06580357645034, '_a7_': -0.10856000818426927, '_a0_': 1.0, '_a3_': 1.0, '_a5_': 1.0, '_a6_': 1.0}};{'d0': 0.024905832929166104};-276.475521863334;58.06872329722848
48962;-80.1690376344387;((_a1_ + ((((_a1_ + pow2((_a1_ / _a4_))) * _a2_) * (cos(exp(_a7_)) + x)) * x)) * x);{'d0': {'_a1_': 1.775135403977405, '_a2_': 0.7422847972971206, '_a4_': 1.06580357645034, '_a7_': -0.10856000818426927, '_a0_': 1.0, '_a3_': 1.0, '_a5_': 1.0, '_a6_': 1.0}};{'d0': 0.024905832929166104};-276.475521863334;58.06872329722848
48963;-80.9924361733458;((_a1_ + ((((_a1_ + pow2(abs(_a1_))) * _a2_) * (cos(exp(_a7_)) + x)) * x)) * x);{'d0': {'_a1_': 1.7751354035259248, '_a2_': 0.6854639889804217, '_a7_': -0.10856000769139906, '_a0_': 1.0, '_a3_': 1.0, '_a4_': 1.0, '_a5_': 1.0, '_a6_': 1.0}};{'d0': 0.02490583291941662};-280.569866449044;59.29249705117608
48964;-80.9924361733458;((_a1_ + ((((_a1_ + pow2(abs(_a1_))) * _a2_) * (cos(exp(_a7_)) + x)) * x)) * x);{'d0': {'_a1_': 1.7751354035259248, '_a2_': 0.6854639889804217, '_a7_': -0.10856000769139906, '_a0_': 1.0, '_a3_': 1.0, '_a4_': 1.0, '_a5_': 1.0, '_a6_': 1.0}};{'d0': 0.02490583291941662};-280.569866449044;59.29249705117608
48965;-80.9924361733457;((_a1_ + ((((_a1_ + pow2(abs(_a2_))) * _a2_) * (cos(exp(_a7_)) + x)) * x)) * x);{'d0': {'_a1_': 1.7751354060163516, '_a2_': 1.1170482057467126, '_a7_': -0.10856000949313496, '_a0_': 1.0, '_a3_': 1.0, '_a4_': 1.0, '_a5_': 1.0, '_a6_': 1.0}};{'d0': 0.02490583291941667};-280.569866449043;59.29249705117608
48966;-80.9924361733457;((_a1_ + ((((_a1_ + pow2(abs(_a2_))) * _a2_) * (cos(exp(_a7_)) + x)) * x)) * x);{'d0': {'_a1_': 1.7751354060163516, '_a2_': 1.1170482057467126, '_a7_': -0.10856000949313496, '_a0_': 1.0, '_a3_': 1.0, '_a4_': 1.0, '_a5_': 1.0, '_a6_': 1.0}};{'d0': 0.02490583291941667};-280.569866449043;59.29249705117608
48967;-80.9924361733457;((_a1_ + ((((_a1_ + pow2(abs(_a2_))) * _a2_) * (cos(exp(_a7_)) + x)) * x)) * x);{'d0': {'_a1_': 1.7751354060163516, '_a2_': 1.1170482057467126, '_a7_': -0.10856000949313496, '_a0_': 1.0, '_a3_': 1.0, '_a4_': 1.0, '_a5_': 1.0, '_a6_': 1.0}};{'d0': 0.02490583291941667};-280.569866449043;59.29249705117608
48968;-86.3585043080058;((_a1_ + ((((_a1_ + pow2(abs(_a2_))) * _a2_) * (cos(_a3_) + x)) * x)) * x);{'d0': {'_a1_': 1.7751354041524186, '_a2_': 1.1170482061707019, '_a3_': 0.897125058231379, '_a0_': 1.0, '_a4_': 1.0, '_a5_': 1.0, '_a6_': 1.0, '_a7_': 1.0}};{'d0': 0.024905832919416608};-280.569866449044;53.92642891651608
48969;-86.3585043080058;((_a1_ + ((((_a1_ + pow2(abs(_a2_))) * _a2_) * (cos(_a3_) + x)) * x)) * x);{'d0': {'_a1_': 1.7751354041524186, '_a2_': 1.1170482061707019, '_a3_': 0.897125058231379, '_a0_': 1.0, '_a4_': 1.0, '_a5_': 1.0, '_a6_': 1.0, '_a7_': 1.0}};{'d0': 0.024905832919416608};-280.569866449044;53.92642891651608
48970;-88.7399796279657;((_a1_ + ((((_a1_ + pow2(abs(_a2_))) * _a2_) * (pow2(_a3_) + x)) * x)) * x);{'d0': {'_a1_': 1.7751354044539618, '_a2_': 1.117048206145271, '_a3_': 0.7898477167533221, '_a0_': 1.0, '_a4_': 1.0, '_a5_': 1.0, '_a6_': 1.0, '_a7_': 1.0}};{'d0': 0.024905832919416695};-280.569866449043;51.544953596556084
48971;-88.6951756543784;((_a1_ + ((((_a1_ + pow2((_a1_ * _a5_))) * _a2_) * (pow2(_a3_) + x)) * x)) * x);{'d0': {'_a1_': 1.7751354044144247, '_a2_': 0.5603619798539609, '_a3_': 0.7898477166749996, '_a5_': 1.161472258796125, '_a0_': 1.0, '_a4_': 1.0, '_a6_': 1.0, '_a7_': 1.0}};{'d0': 0.024905832920286124};-276.475521884727;49.542585287985084
48972;-88.6951756543784;((_a1_ + ((((_a1_ + pow2((_a1_ * _a5_))) * _a2_) * (pow2(_a3_) + x)) * x)) * x);{'d0': {'_a1_': 1.7751354044144247, '_a2_': 0.5603619798539609, '_a3_': 0.7898477166749996, '_a5_': 1.161472258796125, '_a0_': 1.0, '_a4_': 1.0, '_a6_': 1.0, '_a7_': 1.0}};{'d0': 0.024905832920286124};-276.475521884727;49.542585287985084
48973;-88.6951756543784;((_a1_ + ((((_a1_ + pow2((_a1_ * _a5_))) * _a2_) * (pow2(_a3_) + x)) * x)) * x);{'d0': {'_a1_': 1.7751354044144247, '_a2_': 0.5603619798539609, '_a3_': 0.7898477166749996, '_a5_': 1.161472258796125, '_a0_': 1.0, '_a4_': 1.0, '_a6_': 1.0, '_a7_': 1.0}};{'d0': 0.024905832920286124};-276.475521884727;49.542585287985084
48974;-90.7423479365367;((_a1_ + ((((_a1_ + pow2((_a1_ * _a1_))) * _a2_) * (pow2(_a3_) + x)) * x)) * x);{'d0': {'_a1_': 1.7751354068104022, '_a2_': 0.2884985487046696, '_a3_': 0.7898477167830117, '_a0_': 1.0, '_a4_': 1.0, '_a5_': 1.0, '_a6_': 1.0, '_a7_': 1.0}};{'d0': 0.024905832919416667};-280.569866449044;49.542585287985084
48975;-90.7423479365367;((_a1_ + ((((_a1_ + pow2((_a1_ * _a1_))) * _a2_) * (pow2(_a3_) + x)) * x)) * x);{'d0': {'_a1_': 1.7751354068104022, '_a2_': 0.2884985487046696, '_a3_': 0.7898477167830117, '_a0_': 1.0, '_a4_': 1.0, '_a5_': 1.0, '_a6_': 1.0, '_a7_': 1.0}};{'d0': 0.024905832919416667};-280.569866449044;49.542585287985084
48976;-90.7423479365367;((_a1_ + ((((_a1_ + pow2((_a1_ * _a1_))) * _a2_) * (pow2(_a3_) + x)) * x)) * x);{'d0': {'_a1_': 1.7751354068104022, '_a2_': 0.2884985487046696, '_a3_': 0.7898477167830117, '_a0_': 1.0, '_a4_': 1.0, '_a5_': 1.0, '_a6_': 1.0, '_a7_': 1.0}};{'d0': 0.024905832919416667};-280.569866449044;49.542585287985084
48977;-104.972588565303;(((_a3_ * x) + ((_a2_ * pow2(x)) + log(_a4_))) * x);{'d0': {'_a2_': 3.3767608786891485, '_a3_': 2.1066240687199094, '_a4_': 5.90108011556337, '_a0_': 1.0, '_a1_': 1.0, '_a5_': 1.0, '_a6_': 1.0, '_a7_': 1.0}};{'d0': 0.024905832919416553};-280.569866449044;35.31234465921915
48978;-104.972588565303;(((_a3_ * x) + ((_a2_ * pow2(x)) + log(_a4_))) * x);{'d0': {'_a2_': 3.3767608786891485, '_a3_': 2.1066240687199094, '_a4_': 5.90108011556337, '_a0_': 1.0, '_a1_': 1.0, '_a5_': 1.0, '_a6_': 1.0, '_a7_': 1.0}};{'d0': 0.024905832919416553};-280.569866449044;35.31234465921915
48979;-104.972588565303;(((_a3_ * x) + ((_a2_ * pow2(x)) + log(_a4_))) * x);{'d0': {'_a2_': 3.3767608786891485, '_a3_': 2.1066240687199094, '_a4_': 5.90108011556337, '_a0_': 1.0, '_a1_': 1.0, '_a5_': 1.0, '_a6_': 1.0, '_a7_': 1.0}};{'d0': 0.024905832919416553};-280.569866449044;35.31234465921915
48980;-104.972588565303;(((_a3_ * x) + ((_a2_ * pow2(x)) + log(_a4_))) * x);{'d0': {'_a2_': 3.3767608786891485, '_a3_': 2.1066240687199094, '_a4_': 5.90108011556337, '_a0_': 1.0, '_a1_': 1.0, '_a5_': 1.0, '_a6_': 1.0, '_a7_': 1.0}};{'d0': 0.024905832919416553};-280.569866449044;35.31234465921915
48981;-106.633986122803;(((_a3_ * x) + ((_a2_ * pow2(x)) + pow2(_a4_))) * x);{'d0': {'_a2_': 3.37676088162646, '_a3_': 2.1066240706715718, '_a4_': 1.3323420747411356, '_a0_': 1.0, '_a1_': 1.0, '_a5_': 1.0, '_a6_': 1.0, '_a7_': 1.0}};{'d0': 0.02490583291941663};-280.569866449044;33.65094710171915
48982;-106.633986122803;(((_a3_ * x) + ((_a2_ * pow2(x)) + pow2(_a4_))) * x);{'d0': {'_a2_': 3.37676088162646, '_a3_': 2.1066240706715718, '_a4_': 1.3323420747411356, '_a0_': 1.0, '_a1_': 1.0, '_a5_': 1.0, '_a6_': 1.0, '_a7_': 1.0}};{'d0': 0.02490583291941663};-280.569866449044;33.65094710171915
48983;-106.633986122803;(((_a3_ * x) + ((_a2_ * pow2(x)) + pow2(_a4_))) * x);{'d0': {'_a2_': 3.37676088162646, '_a3_': 2.1066240706715718, '_a4_': 1.3323420747411356, '_a0_': 1.0, '_a1_': 1.0, '_a5_': 1.0, '_a6_': 1.0, '_a7_': 1.0}};{'d0': 0.02490583291941663};-280.569866449044;33.65094710171915
48984;-101.267917988143;(((exp(_a3_) * x) + ((_a2_ * pow2(x)) + pow2(_a4_))) * x);{'d0': {'_a2_': 3.3767608798694555, '_a3_': 0.7450866989610369, '_a4_': 1.3323420747433687, '_a0_': 1.0, '_a1_': 1.0, '_a5_': 1.0, '_a6_': 1.0, '_a7_': 1.0}};{'d0': 0.024905832919416657};-280.569866449044;39.017015236379144
48985;-101.267917988143;(((exp(_a3_) * x) + ((_a2_ * pow2(x)) + pow2(_a4_))) * x);{'d0': {'_a2_': 3.3767608798694555, '_a3_': 0.7450866989610369, '_a4_': 1.3323420747433687, '_a0_': 1.0, '_a1_': 1.0, '_a5_': 1.0, '_a6_': 1.0, '_a7_': 1.0}};{'d0': 0.024905832919416657};-280.569866449044;39.017015236379144
48986;-96.3185780626861;(((exp(_a3_) * x) + ((_a2_ * pow2(x)) + pow2(_a4_))) * (_a4_ * x));{'d0': {'_a2_': 2.7888370890069596, '_a3_': 0.553794463401276, '_a4_': 1.210813242083047, '_a0_': 1.0, '_a1_': 1.0, '_a5_': 1.0, '_a6_': 1.0, '_a7_': 1.0}};{'d0': 0.024905832919416532};-280.569866449044;43.96635516183615
48987;-100.833694356400;(((pow2(((_a3_ * _a4_) + x)) + _a0_) / pow2((_a0_ * _a4_))) * x);{'d0': {'_a0_': 0.42839162817656584, '_a3_': 0.24555448298383067, '_a4_': 1.2703075263620993, '_a1_': 1.0, '_a2_': 1.0, '_a5_': 1.0, '_a6_': 1.0, '_a7_': 1.0}};{'d0': 0.02490583291941664};-280.569866449044;39.45123886812133
48988;-100.833694356400;(((pow2(((_a3_ * _a4_) + x)) + _a0_) / pow2((_a0_ * _a4_))) * x);{'d0': {'_a0_': 0.42839162817656584, '_a3_': 0.24555448298383067, '_a4_': 1.2703075263620993, '_a1_': 1.0, '_a2_': 1.0, '_a5_': 1.0, '_a6_': 1.0, '_a7_': 1.0}};{'d0': 0.02490583291941664};-280.569866449044;39.45123886812133
48989;-100.833694356400;(((pow2(((_a3_ * _a4_) + x)) + _a0_) / pow2((_a0_ * _a4_))) * x);{'d0': {'_a0_': 0.42839162817656584, '_a3_': 0.24555448298383067, '_a4_': 1.2703075263620993, '_a1_': 1.0, '_a2_': 1.0, '_a5_': 1.0, '_a6_': 1.0, '_a7_': 1.0}};{'d0': 0.02490583291941664};-280.569866449044;39.45123886812133
48990;-100.833694356400;(((pow2(((_a3_ * _a4_) + x)) + _a0_) / pow2((_a0_ * _a4_))) * x);{'d0': {'_a0_': 0.42839162817656584, '_a3_': 0.24555448298383067, '_a4_': 1.2703075263620993, '_a1_': 1.0, '_a2_': 1.0, '_a5_': 1.0, '_a6_': 1.0, '_a7_': 1.0}};{'d0': 0.02490583291941664};-280.569866449044;39.45123886812133
48991;-100.351344965425;(((pow2((log(_a5_) + x)) + _a0_) / pow2((_a0_ * _a4_))) * x);{'d0': {'_a0_': 0.42839162811575726, '_a4_': 1.2703075265471315, '_a5_': 1.3660586663620529, '_a1_': 1.0, '_a2_': 1.0, '_a3_': 1.0, '_a6_': 1.0, '_a7_': 1.0}};{'d0': 0.024905832919416646};-280.569866449044;39.93358825909633
48992;-100.351344965425;(((pow2((log(_a5_) + x)) + _a0_) / pow2((_a0_ * _a4_))) * x);{'d0': {'_a0_': 0.42839162811575726, '_a4_': 1.2703075265471315, '_a5_': 1.3660586663620529, '_a1_': 1.0, '_a2_': 1.0, '_a3_': 1.0, '_a6_': 1.0, '_a7_': 1.0}};{'d0': 0.024905832919416646};-280.569866449044;39.93358825909633
48993;-96.3185780626861;(((exp(_a3_) * x) + ((_a2_ * pow2(x)) + pow2(_a4_))) * (_a4_ * x));{'d0': {'_a2_': 2.7888370890069596, '_a3_': 0.553794463401276, '_a4_': 1.210813242083047, '_a0_': 1.0, '_a1_': 1.0, '_a5_': 1.0, '_a6_': 1.0, '_a7_': 1.0}};{'d0': 0.024905832919416532};-280.569866449044;43.96635516183615
48994;-96.3185780626861;(((exp(_a3_) * x) + ((_a2_ * pow2(x)) + pow2(_a4_))) * (_a4_ * x));{'d0': {'_a2_': 2.7888370890069596, '_a3_': 0.553794463401276, '_a4_': 1.210813242083047, '_a0_': 1.0, '_a1_': 1.0, '_a5_': 1.0, '_a6_': 1.0, '_a7_': 1.0}};{'d0': 0.024905832919416532};-280.569866449044;43.96635516183615
48995;-96.3185780626861;(((exp(_a3_) * x) + ((_a2_ * pow2(x)) + pow2(_a4_))) * (_a4_ * x));{'d0': {'_a2_': 2.7888370890069596, '_a3_': 0.553794463401276, '_a4_': 1.210813242083047, '_a0_': 1.0, '_a1_': 1.0, '_a5_': 1.0, '_a6_': 1.0, '_a7_': 1.0}};{'d0': 0.024905832919416532};-280.569866449044;43.96635516183615
48996;-96.3185780626861;(((exp(_a3_) * x) + ((_a2_ * pow2(x)) + pow2(_a4_))) * (_a4_ * x));{'d0': {'_a2_': 2.7888370890069596, '_a3_': 0.553794463401276, '_a4_': 1.210813242083047, '_a0_': 1.0, '_a1_': 1.0, '_a5_': 1.0, '_a6_': 1.0, '_a7_': 1.0}};{'d0': 0.024905832919416532};-280.569866449044;43.96635516183615
48997;-96.3185780626861;(((exp(_a3_) * x) + ((_a2_ * pow2(x)) + pow2(_a4_))) * (_a4_ * x));{'d0': {'_a2_': 2.7888370890069596, '_a3_': 0.553794463401276, '_a4_': 1.210813242083047, '_a0_': 1.0, '_a1_': 1.0, '_a5_': 1.0, '_a6_': 1.0, '_a7_': 1.0}};{'d0': 0.024905832919416532};-280.569866449044;43.96635516183615
48998;-96.3185780626861;(((exp(_a3_) * x) + ((_a2_ * pow2(x)) + pow2(_a4_))) * (_a4_ * x));{'d0': {'_a2_': 2.7888370890069596, '_a3_': 0.553794463401276, '_a4_': 1.210813242083047, '_a0_': 1.0, '_a1_': 1.0, '_a5_': 1.0, '_a6_': 1.0, '_a7_': 1.0}};{'d0': 0.024905832919416532};-280.569866449044;43.96635516183615
48999;-96.3185780626861;(((exp(_a3_) * x) + ((_a2_ * pow2(x)) + pow2(_a4_))) * (_a4_ * x));{'d0': {'_a2_': 2.7888370890069596, '_a3_': 0.553794463401276, '_a4_': 1.210813242083047, '_a0_': 1.0, '_a1_': 1.0, '_a5_': 1.0, '_a6_': 1.0, '_a7_': 1.0}};{'d0': 0.024905832919416532};-280.569866449044;43.96635516183615
49000;-96.3185780626861;(((exp(_a3_) * x) + ((_a2_ * pow2(x)) + pow2(_a4_))) * (_a4_ * x));{'d0': {'_a2_': 2.7888370890069596, '_a3_': 0.553794463401276, '_a4_': 1.210813242083047, '_a0_': 1.0, '_a1_': 1.0, '_a5_': 1.0, '_a6_': 1.0, '_a7_': 1.0}};{'d0': 0.024905832919416532};-280.569866449044;43.96635516183615
49001;-97.9867117247359;(((pow2(_a3_) * x) + ((_a2_ * pow2(x)) + pow2(_a4_))) * (_a4_ * x));{'d0': {'_a2_': 2.7888370900028825, '_a3_': 1.3190308097371741, '_a4_': 1.2108132420248596, '_a0_': 1.0, '_a1_': 1.0, '_a5_': 1.0, '_a6_': 1.0, '_a7_': 1.0}};{'d0': 0.024905832919416625};-280.569866449044;42.29822149978615
49002;-97.9867117247359;(((pow2(_a3_) * x) + ((_a2_ * pow2(x)) + pow2(_a4_))) * (_a4_ * x));{'d0': {'_a2_': 2.7888370900028825, '_a3_': 1.3190308097371741, '_a4_': 1.2108132420248596, '_a0_': 1.0, '_a1_': 1.0, '_a5_': 1.0, '_a6_': 1.0, '_a7_': 1.0}};{'d0': 0.024905832919416625};-280.569866449044;42.29822149978615
49003;-97.9867117247359;(((pow2(_a3_) * x) + ((_a2_ * pow2(x)) + pow2(_a4_))) * (_a4_ * x));{'d0': {'_a2_': 2.7888370900028825, '_a3_': 1.3190308097371741, '_a4_': 1.2108132420248596, '_a0_': 1.0, '_a1_': 1.0, '_a5_': 1.0, '_a6_': 1.0, '_a7_': 1.0}};{'d0': 0.024905832919416625};-280.569866449044;42.29822149978615
49004;-97.9867117247359;(((pow2(_a3_) * x) + ((_a2_ * pow2(x)) + pow2(_a4_))) * (_a4_ * x));{'d0': {'_a2_': 2.7888370900028825, '_a3_': 1.3190308097371741, '_a4_': 1.2108132420248596, '_a0_': 1.0, '_a1_': 1.0, '_a5_': 1.0, '_a6_': 1.0, '_a7_': 1.0}};{'d0': 0.024905832919416625};-280.569866449044;42.29822149978615
49005;-97.9867117247359;(((pow2(_a3_) * x) + ((_a2_ * pow2(x)) + pow2(_a4_))) * (_a4_ * x));{'d0': {'_a2_': 2.7888370900028825, '_a3_': 1.3190308097371741, '_a4_': 1.2108132420248596, '_a0_': 1.0, '_a1_': 1.0, '_a5_': 1.0, '_a6_': 1.0, '_a7_': 1.0}};{'d0': 0.024905832919416625};-280.569866449044;42.29822149978615
49006;-97.9867117247359;(((pow2(_a3_) * x) + ((_a2_ * pow2(x)) + pow2(_a4_))) * (_a4_ * x));{'d0': {'_a2_': 2.7888370900028825, '_a3_': 1.3190308097371741, '_a4_': 1.2108132420248596, '_a0_': 1.0, '_a1_': 1.0, '_a5_': 1.0, '_a6_': 1.0, '_a7_': 1.0}};{'d0': 0.024905832919416625};-280.569866449044;42.29822149978615
49007;-97.9867117247359;(((pow2(_a3_) * x) + ((_a2_ * pow2(x)) + pow2(_a4_))) * (_a4_ * x));{'d0': {'_a2_': 2.7888370900028825, '_a3_': 1.3190308097371741, '_a4_': 1.2108132420248596, '_a0_': 1.0, '_a1_': 1.0, '_a5_': 1.0, '_a6_': 1.0, '_a7_': 1.0}};{'d0': 0.024905832919416625};-280.569866449044;42.29822149978615
49008;-97.9867117247359;(((pow2(_a3_) * x) + ((_a2_ * pow2(x)) + pow2(_a4_))) * (_a4_ * x));{'d0': {'_a2_': 2.7888370900028825, '_a3_': 1.3190308097371741, '_a4_': 1.2108132420248596, '_a0_': 1.0, '_a1_': 1.0, '_a5_': 1.0, '_a6_': 1.0, '_a7_': 1.0}};{'d0': 0.024905832919416625};-280.569866449044;42.29822149978615
49009;-97.9867117247359;(((pow2(_a3_) * x) + ((_a2_ * pow2(x)) + pow2(_a4_))) * (_a4_ * x));{'d0': {'_a2_': 2.7888370900028825, '_a3_': 1.3190308097371741, '_a4_': 1.2108132420248596, '_a0_': 1.0, '_a1_': 1.0, '_a5_': 1.0, '_a6_': 1.0, '_a7_': 1.0}};{'d0': 0.024905832919416625};-280.569866449044;42.29822149978615
49010;-97.9867117247359;(((pow2(_a0_) * x) + ((_a2_ * pow2(x)) + pow2(_a4_))) * (_a4_ * x));{'d0': {'_a0_': 1.31903080948764, '_a2_': 2.7888370888365155, '_a4_': 1.210813242091938, '_a1_': 1.0, '_a3_': 1.0, '_a5_': 1.0, '_a6_': 1.0, '_a7_': 1.0}};{'d0': 0.024905832919416643};-280.569866449044;42.29822149978615
49011;-97.9867117247359;(((pow2(_a0_) * x) + ((_a2_ * pow2(x)) + pow2(_a4_))) * (_a4_ * x));{'d0': {'_a0_': 1.31903080948764, '_a2_': 2.7888370888365155, '_a4_': 1.210813242091938, '_a1_': 1.0, '_a3_': 1.0, '_a5_': 1.0, '_a6_': 1.0, '_a7_': 1.0}};{'d0': 0.024905832919416643};-280.569866449044;42.29822149978615
49012;-97.9867117247359;(((pow2(_a0_) * x) + ((_a2_ * pow2(x)) + pow2(_a4_))) * (_a4_ * x));{'d0': {'_a0_': 1.31903080948764, '_a2_': 2.7888370888365155, '_a4_': 1.210813242091938, '_a1_': 1.0, '_a3_': 1.0, '_a5_': 1.0, '_a6_': 1.0, '_a7_': 1.0}};{'d0': 0.024905832919416643};-280.569866449044;42.29822149978615
49013;-97.9867117247359;(((pow2(_a0_) * x) + ((_a2_ * pow2(x)) + pow2(_a4_))) * (_a4_ * x));{'d0': {'_a0_': 1.31903080948764, '_a2_': 2.7888370888365155, '_a4_': 1.210813242091938, '_a1_': 1.0, '_a3_': 1.0, '_a5_': 1.0, '_a6_': 1.0, '_a7_': 1.0}};{'d0': 0.024905832919416643};-280.569866449044;42.29822149978615
49014;-97.9867117247359;(((pow2(_a0_) * x) + ((_a2_ * pow2(x)) + pow2(_a4_))) * (_a4_ * x));{'d0': {'_a0_': 1.31903080948764, '_a2_': 2.7888370888365155, '_a4_': 1.210813242091938, '_a1_': 1.0, '_a3_': 1.0, '_a5_': 1.0, '_a6_': 1.0, '_a7_': 1.0}};{'d0': 0.024905832919416643};-280.569866449044;42.29822149978615
49015;-97.9867117247359;(((pow2(_a0_) * x) + ((_a2_ * pow2(x)) + pow2(_a4_))) * (_a4_ * x));{'d0': {'_a0_': 1.31903080948764, '_a2_': 2.7888370888365155, '_a4_': 1.210813242091938, '_a1_': 1.0, '_a3_': 1.0, '_a5_': 1.0, '_a6_': 1.0, '_a7_': 1.0}};{'d0': 0.024905832919416643};-280.569866449044;42.29822149978615
49016;-97.9867117247359;(((pow2(_a0_) * x) + ((_a2_ * pow2(x)) + pow2(_a4_))) * (_a4_ * x));{'d0': {'_a0_': 1.31903080948764, '_a2_': 2.7888370888365155, '_a4_': 1.210813242091938, '_a1_': 1.0, '_a3_': 1.0, '_a5_': 1.0, '_a6_': 1.0, '_a7_': 1.0}};{'d0': 0.024905832919416643};-280.569866449044;42.29822149978615
49017;-97.9867117247359;(((pow2(_a0_) * x) + ((_a2_ * pow2(x)) + pow2(_a4_))) * (_a4_ * x));{'d0': {'_a0_': 1.31903080948764, '_a2_': 2.7888370888365155, '_a4_': 1.210813242091938, '_a1_': 1.0, '_a3_': 1.0, '_a5_': 1.0, '_a6_': 1.0, '_a7_': 1.0}};{'d0': 0.024905832919416643};-280.569866449044;42.29822149978615
49018;-97.9867117247359;(((pow2(_a0_) * x) + ((_a2_ * pow2(x)) + pow2(_a4_))) * (_a4_ * x));{'d0': {'_a0_': 1.31903080948764, '_a2_': 2.7888370888365155, '_a4_': 1.210813242091938, '_a1_': 1.0, '_a3_': 1.0, '_a5_': 1.0, '_a6_': 1.0, '_a7_': 1.0}};{'d0': 0.024905832919416643};-280.569866449044;42.29822149978615
49019;-97.9867117247359;(((pow2(_a0_) * x) + ((_a2_ * pow2(x)) + pow2(_a4_))) * (_a4_ * x));{'d0': {'_a0_': 1.31903080948764, '_a2_': 2.7888370888365155, '_a4_': 1.210813242091938, '_a1_': 1.0, '_a3_': 1.0, '_a5_': 1.0, '_a6_': 1.0, '_a7_': 1.0}};{'d0': 0.024905832919416643};-280.569866449044;42.29822149978615
49020;-97.9867117247359;(((pow2(_a0_) * x) + ((_a2_ * pow2(x)) + pow2(_a4_))) * (_a4_ * x));{'d0': {'_a0_': 1.31903080948764, '_a2_': 2.7888370888365155, '_a4_': 1.210813242091938, '_a1_': 1.0, '_a3_': 1.0, '_a5_': 1.0, '_a6_': 1.0, '_a7_': 1.0}};{'d0': 0.024905832919416643};-280.569866449044;42.29822149978615
49021;-97.9867117247359;(((pow2(_a0_) * x) + ((_a2_ * pow2(x)) + pow2(_a4_))) * (_a4_ * x));{'d0': {'_a0_': 1.31903080948764, '_a2_': 2.7888370888365155, '_a4_': 1.210813242091938, '_a1_': 1.0, '_a3_': 1.0, '_a5_': 1.0, '_a6_': 1.0, '_a7_': 1.0}};{'d0': 0.024905832919416643};-280.569866449044;42.29822149978615
49022;-97.9867117247359;(((pow2(_a0_) * x) + ((_a2_ * pow2(x)) + pow2(_a4_))) * (_a4_ * x));{'d0': {'_a0_': 1.31903080948764, '_a2_': 2.7888370888365155, '_a4_': 1.210813242091938, '_a1_': 1.0, '_a3_': 1.0, '_a5_': 1.0, '_a6_': 1.0, '_a7_': 1.0}};{'d0': 0.024905832919416643};-280.569866449044;42.29822149978615
49023;-97.9867117247359;(((pow2(_a0_) * x) + ((_a2_ * pow2(x)) + pow2(_a4_))) * (_a4_ * x));{'d0': {'_a0_': 1.31903080948764, '_a2_': 2.7888370888365155, '_a4_': 1.210813242091938, '_a1_': 1.0, '_a3_': 1.0, '_a5_': 1.0, '_a6_': 1.0, '_a7_': 1.0}};{'d0': 0.024905832919416643};-280.569866449044;42.29822149978615
49024;-97.9867117247359;(((pow2(_a0_) * x) + ((_a2_ * pow2(x)) + pow2(_a4_))) * (_a4_ * x));{'d0': {'_a0_': 1.31903080948764, '_a2_': 2.7888370888365155, '_a4_': 1.210813242091938, '_a1_': 1.0, '_a3_': 1.0, '_a5_': 1.0, '_a6_': 1.0, '_a7_': 1.0}};{'d0': 0.024905832919416643};-280.569866449044;42.29822149978615
49025;-97.9867117247359;(((pow2(_a0_) * x) + ((_a2_ * pow2(x)) + pow2(_a4_))) * (_a4_ * x));{'d0': {'_a0_': 1.31903080948764, '_a2_': 2.7888370888365155, '_a4_': 1.210813242091938, '_a1_': 1.0, '_a3_': 1.0, '_a5_': 1.0, '_a6_': 1.0, '_a7_': 1.0}};{'d0': 0.024905832919416643};-280.569866449044;42.29822149978615
49026;-97.9867117247359;(((pow2(_a0_) * x) + ((_a2_ * pow2(x)) + pow2(_a4_))) * (_a4_ * x));{'d0': {'_a0_': 1.31903080948764, '_a2_': 2.7888370888365155, '_a4_': 1.210813242091938, '_a1_': 1.0, '_a3_': 1.0, '_a5_': 1.0, '_a6_': 1.0, '_a7_': 1.0}};{'d0': 0.024905832919416643};-280.569866449044;42.29822149978615
49027;-97.9867117247359;(((pow2(_a0_) * x) + ((_a2_ * pow2(x)) + pow2(_a4_))) * (_a4_ * x));{'d0': {'_a0_': 1.31903080948764, '_a2_': 2.7888370888365155, '_a4_': 1.210813242091938, '_a1_': 1.0, '_a3_': 1.0, '_a5_': 1.0, '_a6_': 1.0, '_a7_': 1.0}};{'d0': 0.024905832919416643};-280.569866449044;42.29822149978615
49028;-97.9867117247359;(((pow2(_a0_) * x) + ((_a2_ * pow2(x)) + pow2(_a4_))) * (_a4_ * x));{'d0': {'_a0_': 1.31903080948764, '_a2_': 2.7888370888365155, '_a4_': 1.210813242091938, '_a1_': 1.0, '_a3_': 1.0, '_a5_': 1.0, '_a6_': 1.0, '_a7_': 1.0}};{'d0': 0.024905832919416643};-280.569866449044;42.29822149978615
49029;-97.9867117247359;(((pow2(_a0_) * x) + ((_a2_ * pow2(x)) + pow2(_a4_))) * (_a4_ * x));{'d0': {'_a0_': 1.31903080948764, '_a2_': 2.7888370888365155, '_a4_': 1.210813242091938, '_a1_': 1.0, '_a3_': 1.0, '_a5_': 1.0, '_a6_': 1.0, '_a7_': 1.0}};{'d0': 0.024905832919416643};-280.569866449044;42.29822149978615
49030;-101.684646197346;(((_a7_ * x) + ((_a2_ * pow2(x)) + pow2(_a4_))) * (_a4_ * x));{'d0': {'_a2_': 2.788837090014362, '_a4_': 1.2108132420015447, '_a7_': 1.739842276915427, '_a0_': 1.0, '_a1_': 1.0, '_a3_': 1.0, '_a5_': 1.0, '_a6_': 1.0}};{'d0': 0.02490583291941661};-280.569866449044;38.60028702717615
49031;-101.684646197346;(((_a7_ * x) + ((_a6_ * pow2(x)) + pow2(_a4_))) * (_a4_ * x));{'d0': {'_a4_': 1.2108132419081143, '_a6_': 2.7888370927453816, '_a7_': 1.7398422787563619, '_a0_': 1.0, '_a1_': 1.0, '_a2_': 1.0, '_a3_': 1.0, '_a5_': 1.0}};{'d0': 0.02490583291941664};-280.569866449044;38.60028702717615
49032;-96.5818428049018;((_a4_ + ((((-(x) + _a1_) * _a0_) / _a3_) * (_a0_ + x))) * x);{'d0': {'_a0_': 3.666445905835127, '_a1_': 3.042586490318867, '_a3_': -1.085787836245057, '_a4_': 39.4445193301917, '_a2_': 1.0, '_a5_': 1.0, '_a6_': 1.0, '_a7_': 1.0}};{'d0': 0.024905832924661114};-276.475521874187;41.65591813219176
49033;-90.7446200029076;(((_a6_ / _a3_) + ((((-(x) + _a1_) * _a0_) / _a3_) * (_a0_ + x))) * x);{'d0': {'_a0_': 3.261481524270539, '_a1_': 2.6376221088209033, '_a3_': -0.965860967451519, '_a6_': -29.771610633087725, '_a2_': 1.0, '_a4_': 1.0, '_a5_': 1.0, '_a7_': 1.0}};{'d0': 0.024905832919552878};-276.475521886493;47.49314094033896
49034;-90.7910671991236;(((_a6_ / _a3_) + ((((-(x) / _a1_) * _a0_) / _a3_) * (_a0_ + x))) * x);{'d0': {'_a0_': 0.6238594154741093, '_a1_': 0.42386872222858085, '_a3_': -0.43586784166362746, '_a6_': -0.7737244372082801, '_a2_': 1.0, '_a4_': 1.0, '_a5_': 1.0, '_a7_': 1.0}};{'d0': 0.02490583292197869};-276.475521880649;47.44669374120096
49035;-90.7910671991236;(((_a6_ / _a3_) + ((((-(x) / _a1_) * _a0_) / _a3_) * (_a0_ + x))) * x);{'d0': {'_a0_': 0.6238594154741093, '_a1_': 0.42386872222858085, '_a3_': -0.43586784166362746, '_a6_': -0.7737244372082801, '_a2_': 1.0, '_a4_': 1.0, '_a5_': 1.0, '_a7_': 1.0}};{'d0': 0.02490583292197869};-276.475521880649;47.44669374120096
49036;-90.7910671991236;(((_a6_ / _a3_) + ((((-(x) / _a1_) * _a0_) / _a3_) * (_a0_ + x))) * x);{'d0': {'_a0_': 0.6238594154741093, '_a1_': 0.42386872222858085, '_a3_': -0.43586784166362746, '_a6_': -0.7737244372082801, '_a2_': 1.0, '_a4_': 1.0, '_a5_': 1.0, '_a7_': 1.0}};{'d0': 0.02490583292197869};-276.475521880649;47.44669374120096
49037;-90.7910671991236;(((_a6_ / _a3_) + ((((-(x) / _a1_) * _a0_) / _a3_) * (_a0_ + x))) * x);{'d0': {'_a0_': 0.6238594154741093, '_a1_': 0.42386872222858085, '_a3_': -0.43586784166362746, '_a6_': -0.7737244372082801, '_a2_': 1.0, '_a4_': 1.0, '_a5_': 1.0, '_a7_': 1.0}};{'d0': 0.02490583292197869};-276.475521880649;47.44669374120096
49038;-90.7910671991236;(((_a6_ / _a3_) + ((((-(x) / _a1_) * _a0_) / _a3_) * (_a0_ + x))) * x);{'d0': {'_a0_': 0.6238594154741093, '_a1_': 0.42386872222858085, '_a3_': -0.43586784166362746, '_a6_': -0.7737244372082801, '_a2_': 1.0, '_a4_': 1.0, '_a5_': 1.0, '_a7_': 1.0}};{'d0': 0.02490583292197869};-276.475521880649;47.44669374120096
49039;-90.7910671991236;(((_a6_ / _a3_) + ((((-(x) / _a1_) * _a0_) / _a3_) * (_a0_ + x))) * x);{'d0': {'_a0_': 0.6238594154741093, '_a1_': 0.42386872222858085, '_a3_': -0.43586784166362746, '_a6_': -0.7737244372082801, '_a2_': 1.0, '_a4_': 1.0, '_a5_': 1.0, '_a7_': 1.0}};{'d0': 0.02490583292197869};-276.475521880649;47.44669374120096
49040;-90.7910671991236;(((_a6_ / _a3_) + ((((-(x) / _a1_) * _a0_) / _a3_) * (_a0_ + x))) * x);{'d0': {'_a0_': 0.6238594154741093, '_a1_': 0.42386872222858085, '_a3_': -0.43586784166362746, '_a6_': -0.7737244372082801, '_a2_': 1.0, '_a4_': 1.0, '_a5_': 1.0, '_a7_': 1.0}};{'d0': 0.02490583292197869};-276.475521880649;47.44669374120096
49041;-90.7910671991236;(((_a6_ / _a3_) + ((((-(x) / _a1_) * _a0_) / _a3_) * (_a0_ + x))) * x);{'d0': {'_a0_': 0.6238594154741093, '_a1_': 0.42386872222858085, '_a3_': -0.43586784166362746, '_a6_': -0.7737244372082801, '_a2_': 1.0, '_a4_': 1.0, '_a5_': 1.0, '_a7_': 1.0}};{'d0': 0.02490583292197869};-276.475521880649;47.44669374120096
49042;-90.7910671991236;(((_a6_ / _a3_) + ((((-(x) / _a1_) * _a0_) / _a3_) * (_a0_ + x))) * x);{'d0': {'_a0_': 0.6238594154741093, '_a1_': 0.42386872222858085, '_a3_': -0.43586784166362746, '_a6_': -0.7737244372082801, '_a2_': 1.0, '_a4_': 1.0, '_a5_': 1.0, '_a7_': 1.0}};{'d0': 0.02490583292197869};-276.475521880649;47.44669374120096
49043;-91.7158811266427;(((_a6_ / _a3_) + ((((-(x) * _a1_) * _a0_) / _a3_) * (_a0_ + x))) * x);{'d0': {'_a0_': 0.6238594155309126, '_a1_': 5.417720735814375, '_a3_': -1.0009284783061276, '_a6_': -1.776783576278905, '_a2_': 1.0, '_a4_': 1.0, '_a5_': 1.0, '_a7_': 1.0}};{'d0': 0.02490583291941831};-276.475521886817;46.52187981676596
49044;-91.7158811266427;(((_a6_ / _a3_) + ((((-(x) * _a1_) * _a0_) / _a3_) * (_a0_ + x))) * x);{'d0': {'_a0_': 0.6238594155309126, '_a1_': 5.417720735814375, '_a3_': -1.0009284783061276, '_a6_': -1.776783576278905, '_a2_': 1.0, '_a4_': 1.0, '_a5_': 1.0, '_a7_': 1.0}};{'d0': 0.02490583291941831};-276.475521886817;46.52187981676596
49045;-91.7158811266427;(((_a6_ / _a3_) + ((((-(x) * _a1_) * _a0_) / _a3_) * (_a0_ + x))) * x);{'d0': {'_a0_': 0.6238594155309126, '_a1_': 5.417720735814375, '_a3_': -1.0009284783061276, '_a6_': -1.776783576278905, '_a2_': 1.0, '_a4_': 1.0, '_a5_': 1.0, '_a7_': 1.0}};{'d0': 0.02490583291941831};-276.475521886817;46.52187981676596
49046;-91.7158811266427;(((_a6_ / _a3_) + ((((-(x) * _a1_) * _a0_) / _a3_) * (_a0_ + x))) * x);{'d0': {'_a0_': 0.6238594155309126, '_a1_': 5.417720735814375, '_a3_': -1.0009284783061276, '_a6_': -1.776783576278905, '_a2_': 1.0, '_a4_': 1.0, '_a5_': 1.0, '_a7_': 1.0}};{'d0': 0.02490583291941831};-276.475521886817;46.52187981676596
49047;-91.7158811266427;(((_a6_ / _a3_) + ((((-(x) * _a1_) * _a0_) / _a3_) * (_a0_ + x))) * x);{'d0': {'_a0_': 0.6238594155309126, '_a1_': 5.417720735814375, '_a3_': -1.0009284783061276, '_a6_': -1.776783576278905, '_a2_': 1.0, '_a4_': 1.0, '_a5_': 1.0, '_a7_': 1.0}};{'d0': 0.02490583291941831};-276.475521886817;46.52187981676596
49048;-91.7158811266427;(((_a6_ / _a3_) + ((((-(x) * _a1_) * _a0_) / _a3_) * (_a0_ + x))) * x);{'d0': {'_a0_': 0.6238594155309126, '_a1_': 5.417720735814375, '_a3_': -1.0009284783061276, '_a6_': -1.776783576278905, '_a2_': 1.0, '_a4_': 1.0, '_a5_': 1.0, '_a7_': 1.0}};{'d0': 0.02490583291941831};-276.475521886817;46.52187981676596
49049;-91.7158811266427;(((_a6_ / _a3_) + ((((-(x) * _a1_) * _a0_) / _a3_) * (_a0_ + x))) * x);{'d0': {'_a0_': 0.6238594155309126, '_a1_': 5.417720735814375, '_a3_': -1.0009284783061276, '_a6_': -1.776783576278905, '_a2_': 1.0, '_a4_': 1.0, '_a5_': 1.0, '_a7_': 1.0}};{'d0': 0.02490583291941831};-276.475521886817;46.52187981676596
49050;-91.7158811266427;(((_a6_ / _a3_) + ((((-(x) * _a1_) * _a0_) / _a3_) * (_a0_ + x))) * x);{'d0': {'_a0_': 0.6238594155309126, '_a1_': 5.417720735814375, '_a3_': -1.0009284783061276, '_a6_': -1.776783576278905, '_a2_': 1.0, '_a4_': 1.0, '_a5_': 1.0, '_a7_': 1.0}};{'d0': 0.02490583291941831};-276.475521886817;46.52187981676596
49051;-91.7158811266394;(((_a6_ / _a3_) + ((((-(x) * _a1_) * _a6_) / _a3_) * (_a0_ + x))) * x);{'d0': {'_a0_': 0.6238594114660565, '_a1_': -1.9022553758689682, '_a3_': 743.8004802336479, '_a6_': 1320.3465541396372, '_a2_': 1.0, '_a4_': 1.0, '_a5_': 1.0, '_a7_': 1.0}};{'d0': 0.024905832919421046};-276.475521886811;46.52187981676596
49052;-91.7158811266394;(((_a6_ / _a3_) + ((((-(x) * _a1_) * _a6_) / _a3_) * (_a0_ + x))) * x);{'d0': {'_a0_': 0.6238594114660565, '_a1_': -1.9022553758689682, '_a3_': 743.8004802336479, '_a6_': 1320.3465541396372, '_a2_': 1.0, '_a4_': 1.0, '_a5_': 1.0, '_a7_': 1.0}};{'d0': 0.024905832919421046};-276.475521886811;46.52187981676596
49053;-91.7158811266394;(((_a6_ / _a3_) + ((((-(x) * _a1_) * _a6_) / _a3_) * (_a0_ + x))) * x);{'d0': {'_a0_': 0.6238594114660565, '_a1_': -1.9022553758689682, '_a3_': 743.8004802336479, '_a6_': 1320.3465541396372, '_a2_': 1.0, '_a4_': 1.0, '_a5_': 1.0, '_a7_': 1.0}};{'d0': 0.024905832919421046};-276.475521886811;46.52187981676596
49054;-91.7158811266394;(((_a6_ / _a3_) + ((((-(x) * _a1_) * _a6_) / _a3_) * (_a0_ + x))) * x);{'d0': {'_a0_': 0.6238594114660565, '_a1_': -1.9022553758689682, '_a3_': 743.8004802336479, '_a6_': 1320.3465541396372, '_a2_': 1.0, '_a4_': 1.0, '_a5_': 1.0, '_a7_': 1.0}};{'d0': 0.024905832919421046};-276.475521886811;46.52187981676596
49055;-91.7158811266394;(((_a6_ / _a3_) + ((((-(x) * _a1_) * _a6_) / _a3_) * (_a0_ + x))) * x);{'d0': {'_a0_': 0.6238594114660565, '_a1_': -1.9022553758689682, '_a3_': 743.8004802336479, '_a6_': 1320.3465541396372, '_a2_': 1.0, '_a4_': 1.0, '_a5_': 1.0, '_a7_': 1.0}};{'d0': 0.024905832919421046};-276.475521886811;46.52187981676596
49056;-93.7630534077558;(((_a6_ / _a3_) + ((((-(x) * _a6_) * _a6_) / _a3_) * (_a0_ + x))) * x);{'d0': {'_a0_': 0.6238594156487607, '_a3_': -1.0716114263722822, '_a6_': -1.9022553827982809, '_a1_': 1.0, '_a2_': 1.0, '_a4_': 1.0, '_a5_': 1.0, '_a7_': 1.0}};{'d0': 0.024905832919416636};-280.569866449044;46.52187981676596
49057;-93.7630534077558;(((_a6_ / _a3_) + ((((-(x) * _a6_) * _a6_) / _a3_) * (_a0_ + x))) * x);{'d0': {'_a0_': 0.6238594156487607, '_a3_': -1.0716114263722822, '_a6_': -1.9022553827982809, '_a1_': 1.0, '_a2_': 1.0, '_a4_': 1.0, '_a5_': 1.0, '_a7_': 1.0}};{'d0': 0.024905832919416636};-280.569866449044;46.52187981676596
49058;-93.7630534077558;(((_a6_ / _a3_) + ((((-(x) * _a6_) * _a6_) / _a3_) * (_a0_ + x))) * x);{'d0': {'_a0_': 0.6238594156487607, '_a3_': -1.0716114263722822, '_a6_': -1.9022553827982809, '_a1_': 1.0, '_a2_': 1.0, '_a4_': 1.0, '_a5_': 1.0, '_a7_': 1.0}};{'d0': 0.024905832919416636};-280.569866449044;46.52187981676596
49059;-93.7630534077558;(((_a6_ / _a3_) + ((((-(x) * _a6_) * _a6_) / _a3_) * (_a0_ + x))) * x);{'d0': {'_a0_': 0.6238594156487607, '_a3_': -1.0716114263722822, '_a6_': -1.9022553827982809, '_a1_': 1.0, '_a2_': 1.0, '_a4_': 1.0, '_a5_': 1.0, '_a7_': 1.0}};{'d0': 0.024905832919416636};-280.569866449044;46.52187981676596
49060;-93.7630534077558;(((_a6_ / _a3_) + ((((-(x) * _a6_) * _a6_) / _a3_) * (_a0_ + x))) * x);{'d0': {'_a0_': 0.6238594156487607, '_a3_': -1.0716114263722822, '_a6_': -1.9022553827982809, '_a1_': 1.0, '_a2_': 1.0, '_a4_': 1.0, '_a5_': 1.0, '_a7_': 1.0}};{'d0': 0.024905832919416636};-280.569866449044;46.52187981676596
49061;-93.7630534077558;(((_a6_ / _a3_) + ((((-(x) * _a6_) * _a6_) / _a3_) * (_a0_ + x))) * x);{'d0': {'_a0_': 0.6238594156487607, '_a3_': -1.0716114263722822, '_a6_': -1.9022553827982809, '_a1_': 1.0, '_a2_': 1.0, '_a4_': 1.0, '_a5_': 1.0, '_a7_': 1.0}};{'d0': 0.024905832919416636};-280.569866449044;46.52187981676596
49062;-93.7630534077558;(((_a6_ / _a3_) + ((((-(x) * _a6_) * _a6_) / _a3_) * (_a0_ + x))) * x);{'d0': {'_a0_': 0.6238594156487607, '_a3_': -1.0716114263722822, '_a6_': -1.9022553827982809, '_a1_': 1.0, '_a2_': 1.0, '_a4_': 1.0, '_a5_': 1.0, '_a7_': 1.0}};{'d0': 0.024905832919416636};-280.569866449044;46.52187981676596
49063;-93.7630534077558;(((_a6_ / _a3_) + ((((-(x) * _a6_) * _a6_) / _a3_) * (_a0_ + x))) * x);{'d0': {'_a0_': 0.6238594156487607, '_a3_': -1.0716114263722822, '_a6_': -1.9022553827982809, '_a1_': 1.0, '_a2_': 1.0, '_a4_': 1.0, '_a5_': 1.0, '_a7_': 1.0}};{'d0': 0.024905832919416636};-280.569866449044;46.52187981676596
49064;-93.7630534077558;(((_a6_ / _a3_) + ((((-(x) * _a6_) * _a6_) / _a3_) * (_a0_ + x))) * x);{'d0': {'_a0_': 0.6238594156487607, '_a3_': -1.0716114263722822, '_a6_': -1.9022553827982809, '_a1_': 1.0, '_a2_': 1.0, '_a4_': 1.0, '_a5_': 1.0, '_a7_': 1.0}};{'d0': 0.024905832919416636};-280.569866449044;46.52187981676596
49065;-93.7630534077558;(((_a6_ / _a3_) + ((((-(x) * _a6_) * _a6_) / _a3_) * (_a0_ + x))) * x);{'d0': {'_a0_': 0.6238594156487607, '_a3_': -1.0716114263722822, '_a6_': -1.9022553827982809, '_a1_': 1.0, '_a2_': 1.0, '_a4_': 1.0, '_a5_': 1.0, '_a7_': 1.0}};{'d0': 0.024905832919416636};-280.569866449044;46.52187981676596
49066;-93.7630534077558;(((_a6_ / _a3_) + ((((-(x) * _a6_) * _a6_) / _a3_) * (_a0_ + x))) * x);{'d0': {'_a0_': 0.6238594156487607, '_a3_': -1.0716114263722822, '_a6_': -1.9022553827982809, '_a1_': 1.0, '_a2_': 1.0, '_a4_': 1.0, '_a5_': 1.0, '_a7_': 1.0}};{'d0': 0.024905832919416636};-280.569866449044;46.52187981676596
49067;-93.7630534077558;(((_a6_ / _a3_) + ((((-(x) * _a6_) * _a6_) / _a3_) * (_a0_ + x))) * x);{'d0': {'_a0_': 0.6238594156487607, '_a3_': -1.0716114263722822, '_a6_': -1.9022553827982809, '_a1_': 1.0, '_a2_': 1.0, '_a4_': 1.0, '_a5_': 1.0, '_a7_': 1.0}};{'d0': 0.024905832919416636};-280.569866449044;46.52187981676596
49068;-93.7630534077558;(((_a6_ / _a3_) + ((((-(x) * _a6_) * _a6_) / _a3_) * (_a0_ + x))) * x);{'d0': {'_a0_': 0.6238594156487607, '_a3_': -1.0716114263722822, '_a6_': -1.9022553827982809, '_a1_': 1.0, '_a2_': 1.0, '_a4_': 1.0, '_a5_': 1.0, '_a7_': 1.0}};{'d0': 0.024905832919416636};-280.569866449044;46.52187981676596
49069;-93.7630534077558;(((_a6_ / _a3_) + ((((-(x) * _a6_) * _a6_) / _a3_) * (_a0_ + x))) * x);{'d0': {'_a0_': 0.6238594156487607, '_a3_': -1.0716114263722822, '_a6_': -1.9022553827982809, '_a1_': 1.0, '_a2_': 1.0, '_a4_': 1.0, '_a5_': 1.0, '_a7_': 1.0}};{'d0': 0.024905832919416636};-280.569866449044;46.52187981676596
49070;-93.7630534077558;(((_a6_ / _a3_) + ((((-(x) * _a6_) * _a6_) / _a3_) * (_a0_ + x))) * x);{'d0': {'_a0_': 0.6238594156487607, '_a3_': -1.0716114263722822, '_a6_': -1.9022553827982809, '_a1_': 1.0, '_a2_': 1.0, '_a4_': 1.0, '_a5_': 1.0, '_a7_': 1.0}};{'d0': 0.024905832919416636};-280.569866449044;46.52187981676596
49071;-93.7630534077558;(((_a6_ / _a3_) + ((((-(x) * _a6_) * _a6_) / _a3_) * (_a0_ + x))) * x);{'d0': {'_a0_': 0.6238594156487607, '_a3_': -1.0716114263722822, '_a6_': -1.9022553827982809, '_a1_': 1.0, '_a2_': 1.0, '_a4_': 1.0, '_a5_': 1.0, '_a7_': 1.0}};{'d0': 0.024905832919416636};-280.569866449044;46.52187981676596
49072;-93.7630534077558;(((_a6_ / _a3_) + ((((-(x) * _a6_) * _a6_) / _a3_) * (_a0_ + x))) * x);{'d0': {'_a0_': 0.6238594156487607, '_a3_': -1.0716114263722822, '_a6_': -1.9022553827982809, '_a1_': 1.0, '_a2_': 1.0, '_a4_': 1.0, '_a5_': 1.0, '_a7_': 1.0}};{'d0': 0.024905832919416636};-280.569866449044;46.52187981676596
49073;-93.7630534077558;(((_a6_ / _a3_) + ((((-(x) * _a6_) * _a6_) / _a3_) * (_a0_ + x))) * x);{'d0': {'_a0_': 0.6238594156487607, '_a3_': -1.0716114263722822, '_a6_': -1.9022553827982809, '_a1_': 1.0, '_a2_': 1.0, '_a4_': 1.0, '_a5_': 1.0, '_a7_': 1.0}};{'d0': 0.024905832919416636};-280.569866449044;46.52187981676596
49074;-93.7630534077558;(((_a6_ / _a3_) + ((((-(x) * _a6_) * _a6_) / _a3_) * (_a0_ + x))) * x);{'d0': {'_a0_': 0.6238594156487607, '_a3_': -1.0716114263722822, '_a6_': -1.9022553827982809, '_a1_': 1.0, '_a2_': 1.0, '_a4_': 1.0, '_a5_': 1.0, '_a7_': 1.0}};{'d0': 0.024905832919416636};-280.569866449044;46.52187981676596
49075;-93.7630534077558;(((_a6_ / _a3_) + ((((-(x) * _a6_) * _a6_) / _a3_) * (_a0_ + x))) * x);{'d0': {'_a0_': 0.6238594156487607, '_a3_': -1.0716114263722822, '_a6_': -1.9022553827982809, '_a1_': 1.0, '_a2_': 1.0, '_a4_': 1.0, '_a5_': 1.0, '_a7_': 1.0}};{'d0': 0.024905832919416636};-280.569866449044;46.52187981676596
49076;-93.7630534077558;(((_a6_ / _a3_) + ((((-(x) * _a6_) * _a6_) / _a3_) * (_a0_ + x))) * x);{'d0': {'_a0_': 0.6238594156487607, '_a3_': -1.0716114263722822, '_a6_': -1.9022553827982809, '_a1_': 1.0, '_a2_': 1.0, '_a4_': 1.0, '_a5_': 1.0, '_a7_': 1.0}};{'d0': 0.024905832919416636};-280.569866449044;46.52187981676596
49077;-93.7630534077558;(((_a6_ / _a3_) + ((((-(x) * _a6_) * _a6_) / _a3_) * (_a0_ + x))) * x);{'d0': {'_a0_': 0.6238594156487607, '_a3_': -1.0716114263722822, '_a6_': -1.9022553827982809, '_a1_': 1.0, '_a2_': 1.0, '_a4_': 1.0, '_a5_': 1.0, '_a7_': 1.0}};{'d0': 0.024905832919416636};-280.569866449044;46.52187981676596
49078;-92.3931101279525;((_a1_ + ((((pow2(_a5_) + (_a0_ * _a3_)) * _a5_) * (_a0_ + x)) * x)) * x);{'d0': {'_a0_': 0.6238594153947284, '_a1_': 1.7751354039368055, '_a3_': -9.687925329072607, '_a5_': 2.700776915925735, '_a2_': 1.0, '_a4_': 1.0, '_a6_': 1.0, '_a7_': 1.0}};{'d0': 0.024905832919485775};-276.475521886655;45.844650815375076
49079;-92.3931101279525;((_a1_ + ((((pow2(_a5_) + (_a0_ * _a3_)) * _a5_) * (_a0_ + x)) * x)) * x);{'d0': {'_a0_': 0.6238594153947284, '_a1_': 1.7751354039368055, '_a3_': -9.687925329072607, '_a5_': 2.700776915925735, '_a2_': 1.0, '_a4_': 1.0, '_a6_': 1.0, '_a7_': 1.0}};{'d0': 0.024905832919485775};-276.475521886655;45.844650815375076
49080;-92.3931101279525;((_a1_ + ((((pow2(_a5_) + (_a0_ * _a3_)) * _a5_) * (_a0_ + x)) * x)) * x);{'d0': {'_a0_': 0.6238594153947284, '_a1_': 1.7751354039368055, '_a3_': -9.687925329072607, '_a5_': 2.700776915925735, '_a2_': 1.0, '_a4_': 1.0, '_a6_': 1.0, '_a7_': 1.0}};{'d0': 0.024905832919485775};-276.475521886655;45.844650815375076
49081;-94.4402824091468;((_a1_ + ((((pow2(_a5_) + (_a0_ * _a5_)) * _a5_) * (_a0_ + x)) * x)) * x);{'d0': {'_a0_': 0.6238594156176631, '_a1_': 1.7751354044342758, '_a5_': 1.3185118366580981, '_a2_': 1.0, '_a3_': 1.0, '_a4_': 1.0, '_a6_': 1.0, '_a7_': 1.0}};{'d0': 0.024905832919416608};-280.569866449044;45.844650815375076
49082;-94.4402824091468;((_a1_ + ((((pow2(_a5_) + (_a0_ * _a5_)) * _a5_) * (_a0_ + x)) * x)) * x);{'d0': {'_a0_': 0.6238594156176631, '_a1_': 1.7751354044342758, '_a5_': 1.3185118366580981, '_a2_': 1.0, '_a3_': 1.0, '_a4_': 1.0, '_a6_': 1.0, '_a7_': 1.0}};{'d0': 0.024905832919416608};-280.569866449044;45.844650815375076
49083;-94.4402824091468;((_a1_ + ((((pow2(_a5_) + (_a0_ * _a5_)) * _a5_) * (_a0_ + x)) * x)) * x);{'d0': {'_a0_': 0.6238594156176631, '_a1_': 1.7751354044342758, '_a5_': 1.3185118366580981, '_a2_': 1.0, '_a3_': 1.0, '_a4_': 1.0, '_a6_': 1.0, '_a7_': 1.0}};{'d0': 0.024905832919416608};-280.569866449044;45.844650815375076
49084;-94.4402824091468;((_a1_ + ((((pow2(_a5_) + (_a0_ * _a5_)) * _a5_) * (_a0_ + x)) * x)) * x);{'d0': {'_a0_': 0.6238594156176631, '_a1_': 1.7751354044342758, '_a5_': 1.3185118366580981, '_a2_': 1.0, '_a3_': 1.0, '_a4_': 1.0, '_a6_': 1.0, '_a7_': 1.0}};{'d0': 0.024905832919416608};-280.569866449044;45.844650815375076
49085;-94.4402824091468;((_a1_ + ((((pow2(_a5_) + (_a0_ * _a5_)) * _a5_) * (_a0_ + x)) * x)) * x);{'d0': {'_a0_': 0.6238594156176631, '_a1_': 1.7751354044342758, '_a5_': 1.3185118366580981, '_a2_': 1.0, '_a3_': 1.0, '_a4_': 1.0, '_a6_': 1.0, '_a7_': 1.0}};{'d0': 0.024905832919416608};-280.569866449044;45.844650815375076
49086;-94.4402824091468;((_a1_ + ((((pow2(_a5_) + (_a0_ * _a5_)) * _a5_) * (_a0_ + x)) * x)) * x);{'d0': {'_a0_': 0.6238594156176631, '_a1_': 1.7751354044342758, '_a5_': 1.3185118366580981, '_a2_': 1.0, '_a3_': 1.0, '_a4_': 1.0, '_a6_': 1.0, '_a7_': 1.0}};{'d0': 0.024905832919416608};-280.569866449044;45.844650815375076
49087;-94.4402824091468;((_a1_ + ((((pow2(_a5_) + (_a0_ * _a5_)) * _a5_) * (_a0_ + x)) * x)) * x);{'d0': {'_a0_': 0.6238594156176631, '_a1_': 1.7751354044342758, '_a5_': 1.3185118366580981, '_a2_': 1.0, '_a3_': 1.0, '_a4_': 1.0, '_a6_': 1.0, '_a7_': 1.0}};{'d0': 0.024905832919416608};-280.569866449044;45.844650815375076
49088;-94.4402824091468;((_a1_ + ((((pow2(_a5_) + (_a0_ * _a5_)) * _a5_) * (_a0_ + x)) * x)) * x);{'d0': {'_a0_': 0.6238594156176631, '_a1_': 1.7751354044342758, '_a5_': 1.3185118366580981, '_a2_': 1.0, '_a3_': 1.0, '_a4_': 1.0, '_a6_': 1.0, '_a7_': 1.0}};{'d0': 0.024905832919416608};-280.569866449044;45.844650815375076
49089;-94.4402824091468;((_a1_ + ((((pow2(_a5_) + (_a0_ * _a5_)) * _a5_) * (_a0_ + x)) * x)) * x);{'d0': {'_a0_': 0.6238594156176631, '_a1_': 1.7751354044342758, '_a5_': 1.3185118366580981, '_a2_': 1.0, '_a3_': 1.0, '_a4_': 1.0, '_a6_': 1.0, '_a7_': 1.0}};{'d0': 0.024905832919416608};-280.569866449044;45.844650815375076
49090;-94.4402824091468;((_a1_ + ((((pow2(_a5_) + (_a0_ * _a5_)) * _a5_) * (_a0_ + x)) * x)) * x);{'d0': {'_a0_': 0.6238594156176631, '_a1_': 1.7751354044342758, '_a5_': 1.3185118366580981, '_a2_': 1.0, '_a3_': 1.0, '_a4_': 1.0, '_a6_': 1.0, '_a7_': 1.0}};{'d0': 0.024905832919416608};-280.569866449044;45.844650815375076
49091;-94.4402824091468;((_a1_ + ((((pow2(_a5_) + (_a0_ * _a5_)) * _a5_) * (_a0_ + x)) * x)) * x);{'d0': {'_a0_': 0.6238594156176631, '_a1_': 1.7751354044342758, '_a5_': 1.3185118366580981, '_a2_': 1.0, '_a3_': 1.0, '_a4_': 1.0, '_a6_': 1.0, '_a7_': 1.0}};{'d0': 0.024905832919416608};-280.569866449044;45.844650815375076
49092;-94.4402824091468;((_a1_ + ((((pow2(_a5_) + (_a0_ * _a5_)) * _a5_) * (_a0_ + x)) * x)) * x);{'d0': {'_a0_': 0.6238594156176631, '_a1_': 1.7751354044342758, '_a5_': 1.3185118366580981, '_a2_': 1.0, '_a3_': 1.0, '_a4_': 1.0, '_a6_': 1.0, '_a7_': 1.0}};{'d0': 0.024905832919416608};-280.569866449044;45.844650815375076
49093;-94.4402824091468;((_a1_ + ((((pow2(_a5_) + (_a0_ * _a5_)) * _a5_) * (_a0_ + x)) * x)) * x);{'d0': {'_a0_': 0.6238594156176631, '_a1_': 1.7751354044342758, '_a5_': 1.3185118366580981, '_a2_': 1.0, '_a3_': 1.0, '_a4_': 1.0, '_a6_': 1.0, '_a7_': 1.0}};{'d0': 0.024905832919416608};-280.569866449044;45.844650815375076
49094;-94.4402824091468;((_a1_ + ((((pow2(_a5_) + (_a0_ * _a5_)) * _a5_) * (_a0_ + x)) * x)) * x);{'d0': {'_a0_': 0.6238594156176631, '_a1_': 1.7751354044342758, '_a5_': 1.3185118366580981, '_a2_': 1.0, '_a3_': 1.0, '_a4_': 1.0, '_a6_': 1.0, '_a7_': 1.0}};{'d0': 0.024905832919416608};-280.569866449044;45.844650815375076
49095;-94.4402824091468;((_a1_ + ((((pow2(_a5_) + (_a0_ * _a5_)) * _a5_) * (_a0_ + x)) * x)) * x);{'d0': {'_a0_': 0.6238594156176631, '_a1_': 1.7751354044342758, '_a5_': 1.3185118366580981, '_a2_': 1.0, '_a3_': 1.0, '_a4_': 1.0, '_a6_': 1.0, '_a7_': 1.0}};{'d0': 0.024905832919416608};-280.569866449044;45.844650815375076
49096;-94.4402824091468;((_a1_ + ((((pow2(_a5_) + (_a0_ * _a5_)) * _a5_) * (_a0_ + x)) * x)) * x);{'d0': {'_a0_': 0.6238594156176631, '_a1_': 1.7751354044342758, '_a5_': 1.3185118366580981, '_a2_': 1.0, '_a3_': 1.0, '_a4_': 1.0, '_a6_': 1.0, '_a7_': 1.0}};{'d0': 0.024905832919416608};-280.569866449044;45.844650815375076
49097;-94.4402824091468;((_a1_ + ((((pow2(_a5_) + (_a0_ * _a5_)) * _a5_) * (_a0_ + x)) * x)) * x);{'d0': {'_a0_': 0.6238594156176631, '_a1_': 1.7751354044342758, '_a5_': 1.3185118366580981, '_a2_': 1.0, '_a3_': 1.0, '_a4_': 1.0, '_a6_': 1.0, '_a7_': 1.0}};{'d0': 0.024905832919416608};-280.569866449044;45.844650815375076
49098;-94.4402824091468;((_a1_ + ((((pow2(_a5_) + (_a0_ * _a5_)) * _a5_) * (_a0_ + x)) * x)) * x);{'d0': {'_a0_': 0.6238594156176631, '_a1_': 1.7751354044342758, '_a5_': 1.3185118366580981, '_a2_': 1.0, '_a3_': 1.0, '_a4_': 1.0, '_a6_': 1.0, '_a7_': 1.0}};{'d0': 0.024905832919416608};-280.569866449044;45.844650815375076
49099;-94.4402824091468;((_a1_ + ((((pow2(_a5_) + (_a0_ * _a5_)) * _a5_) * (_a0_ + x)) * x)) * x);{'d0': {'_a0_': 0.6238594156176631, '_a1_': 1.7751354044342758, '_a5_': 1.3185118366580981, '_a2_': 1.0, '_a3_': 1.0, '_a4_': 1.0, '_a6_': 1.0, '_a7_': 1.0}};{'d0': 0.024905832919416608};-280.569866449044;45.844650815375076
49100;-98.1382168817568;((_a1_ + ((((_a0_ + (_a0_ * _a5_)) * _a5_) * (_a0_ + x)) * x)) * x);{'d0': {'_a0_': 0.6238594156506584, '_a1_': 1.7751354045122039, '_a5_': 1.8796418263805044, '_a2_': 1.0, '_a3_': 1.0, '_a4_': 1.0, '_a6_': 1.0, '_a7_': 1.0}};{'d0': 0.02490583291941664};-280.569866449044;42.146716342765075
49101;-98.1382168817568;((_a1_ + ((((_a0_ + (_a0_ * _a5_)) * _a5_) * (_a0_ + x)) * x)) * x);{'d0': {'_a0_': 0.6238594156506584, '_a1_': 1.7751354045122039, '_a5_': 1.8796418263805044, '_a2_': 1.0, '_a3_': 1.0, '_a4_': 1.0, '_a6_': 1.0, '_a7_': 1.0}};{'d0': 0.02490583291941664};-280.569866449044;42.146716342765075
49102;-98.1382168817568;((_a1_ + ((((_a0_ + (_a0_ * _a0_)) * _a5_) * (_a0_ + x)) * x)) * x);{'d0': {'_a0_': 0.6238594156300113, '_a1_': 1.7751354043923278, '_a5_': 3.333228954820841, '_a2_': 1.0, '_a3_': 1.0, '_a4_': 1.0, '_a6_': 1.0, '_a7_': 1.0}};{'d0': 0.02490583291941664};-280.569866449044;42.146716342765075
49103;-98.1382168817568;((_a1_ + ((((_a0_ + (_a0_ * _a0_)) * _a5_) * (_a0_ + x)) * x)) * x);{'d0': {'_a0_': 0.6238594156300113, '_a1_': 1.7751354043923278, '_a5_': 3.333228954820841, '_a2_': 1.0, '_a3_': 1.0, '_a4_': 1.0, '_a6_': 1.0, '_a7_': 1.0}};{'d0': 0.02490583291941664};-280.569866449044;42.146716342765075
49104;-98.1382168817568;((_a6_ + ((((_a0_ + (_a0_ * _a0_)) * _a5_) * (_a0_ + x)) * x)) * x);{'d0': {'_a0_': 0.6238594155935594, '_a5_': 3.3332289544977436, '_a6_': 1.7751354043961651, '_a1_': 1.0, '_a2_': 1.0, '_a3_': 1.0, '_a4_': 1.0, '_a7_': 1.0}};{'d0': 0.024905832919416636};-280.569866449044;42.146716342765075
49105;-103.571388659998;(((pow2(((_a4_ / _a2_) + x)) + _a0_) / (_a4_ * _a2_)) * x);{'d0': {'_a0_': 0.4283916271167109, '_a2_': 0.9743645545961803, '_a4_': 0.30393325075330446, '_a1_': 1.0, '_a3_': 1.0, '_a5_': 1.0, '_a6_': 1.0, '_a7_': 1.0}};{'d0': 0.024905832919416598};-280.569866449044;36.71354456452353
49106;-103.571388659998;(((pow2(((_a4_ / _a2_) + x)) + _a0_) / (_a4_ * _a2_)) * x);{'d0': {'_a0_': 0.4283916271167109, '_a2_': 0.9743645545961803, '_a4_': 0.30393325075330446, '_a1_': 1.0, '_a3_': 1.0, '_a5_': 1.0, '_a6_': 1.0, '_a7_': 1.0}};{'d0': 0.024905832919416598};-280.569866449044;36.71354456452353
49107;-103.571388659998;(((pow2(((_a4_ / _a2_) + x)) + _a0_) / (_a4_ * _a2_)) * x);{'d0': {'_a0_': 0.4283916271167109, '_a2_': 0.9743645545961803, '_a4_': 0.30393325075330446, '_a1_': 1.0, '_a3_': 1.0, '_a5_': 1.0, '_a6_': 1.0, '_a7_': 1.0}};{'d0': 0.024905832919416598};-280.569866449044;36.71354456452353
49108;-103.571388659998;(((pow2(((_a4_ / _a2_) + x)) + _a0_) / (_a4_ * _a2_)) * x);{'d0': {'_a0_': 0.4283916271167109, '_a2_': 0.9743645545961803, '_a4_': 0.30393325075330446, '_a1_': 1.0, '_a3_': 1.0, '_a5_': 1.0, '_a6_': 1.0, '_a7_': 1.0}};{'d0': 0.024905832919416598};-280.569866449044;36.71354456452353
49109;-103.571388659998;(((pow2(((_a4_ / _a2_) + x)) + _a0_) / (_a4_ * _a2_)) * x);{'d0': {'_a0_': 0.4283916271167109, '_a2_': 0.9743645545961803, '_a4_': 0.30393325075330446, '_a1_': 1.0, '_a3_': 1.0, '_a5_': 1.0, '_a6_': 1.0, '_a7_': 1.0}};{'d0': 0.024905832919416598};-280.569866449044;36.71354456452353
49110;-103.571388659998;(((pow2(((_a4_ / _a2_) + x)) + _a0_) / (_a4_ * _a2_)) * x);{'d0': {'_a0_': 0.4283916271167109, '_a2_': 0.9743645545961803, '_a4_': 0.30393325075330446, '_a1_': 1.0, '_a3_': 1.0, '_a5_': 1.0, '_a6_': 1.0, '_a7_': 1.0}};{'d0': 0.024905832919416598};-280.569866449044;36.71354456452353
49111;-103.571388659998;(((pow2(((_a4_ / _a2_) + x)) + _a0_) / (_a4_ * _a2_)) * x);{'d0': {'_a0_': 0.4283916271167109, '_a2_': 0.9743645545961803, '_a4_': 0.30393325075330446, '_a1_': 1.0, '_a3_': 1.0, '_a5_': 1.0, '_a6_': 1.0, '_a7_': 1.0}};{'d0': 0.024905832919416598};-280.569866449044;36.71354456452353
49112;-103.571388659998;(((pow2(((_a4_ / _a2_) + x)) + _a0_) / (_a4_ * _a2_)) * x);{'d0': {'_a0_': 0.4283916271167109, '_a2_': 0.9743645545961803, '_a4_': 0.30393325075330446, '_a1_': 1.0, '_a3_': 1.0, '_a5_': 1.0, '_a6_': 1.0, '_a7_': 1.0}};{'d0': 0.024905832919416598};-280.569866449044;36.71354456452353
49113;-103.571388659998;(((pow2(((_a4_ / _a2_) + x)) + _a0_) / (_a4_ * _a2_)) * x);{'d0': {'_a0_': 0.4283916271167109, '_a2_': 0.9743645545961803, '_a4_': 0.30393325075330446, '_a1_': 1.0, '_a3_': 1.0, '_a5_': 1.0, '_a6_': 1.0, '_a7_': 1.0}};{'d0': 0.024905832919416598};-280.569866449044;36.71354456452353
49114;-103.571388659998;(((pow2(((_a4_ / _a2_) + x)) + _a0_) / (_a4_ * _a2_)) * x);{'d0': {'_a0_': 0.4283916271167109, '_a2_': 0.9743645545961803, '_a4_': 0.30393325075330446, '_a1_': 1.0, '_a3_': 1.0, '_a5_': 1.0, '_a6_': 1.0, '_a7_': 1.0}};{'d0': 0.024905832919416598};-280.569866449044;36.71354456452353
49115;-103.571388659998;(((pow2(((_a4_ / _a2_) + x)) + _a0_) / (_a4_ * _a2_)) * x);{'d0': {'_a0_': 0.4283916271167109, '_a2_': 0.9743645545961803, '_a4_': 0.30393325075330446, '_a1_': 1.0, '_a3_': 1.0, '_a5_': 1.0, '_a6_': 1.0, '_a7_': 1.0}};{'d0': 0.024905832919416598};-280.569866449044;36.71354456452353
49116;-103.571388659998;(((pow2(((_a4_ / _a2_) + x)) + _a0_) / (_a4_ * _a2_)) * x);{'d0': {'_a0_': 0.4283916271167109, '_a2_': 0.9743645545961803, '_a4_': 0.30393325075330446, '_a1_': 1.0, '_a3_': 1.0, '_a5_': 1.0, '_a6_': 1.0, '_a7_': 1.0}};{'d0': 0.024905832919416598};-280.569866449044;36.71354456452353
49117;-103.571388659998;(((pow2(((_a4_ / _a2_) + x)) + _a0_) / (_a4_ * _a2_)) * x);{'d0': {'_a0_': 0.4283916271167109, '_a2_': 0.9743645545961803, '_a4_': 0.30393325075330446, '_a1_': 1.0, '_a3_': 1.0, '_a5_': 1.0, '_a6_': 1.0, '_a7_': 1.0}};{'d0': 0.024905832919416598};-280.569866449044;36.71354456452353
49118;-103.571388659998;(((pow2(((_a4_ / _a2_) + x)) + _a0_) / (_a4_ * _a2_)) * x);{'d0': {'_a0_': 0.4283916271167109, '_a2_': 0.9743645545961803, '_a4_': 0.30393325075330446, '_a1_': 1.0, '_a3_': 1.0, '_a5_': 1.0, '_a6_': 1.0, '_a7_': 1.0}};{'d0': 0.024905832919416598};-280.569866449044;36.71354456452353
49119;-103.571388659998;(((pow2(((_a4_ / _a2_) + x)) + _a0_) / (_a4_ * _a2_)) * x);{'d0': {'_a0_': 0.4283916271167109, '_a2_': 0.9743645545961803, '_a4_': 0.30393325075330446, '_a1_': 1.0, '_a3_': 1.0, '_a5_': 1.0, '_a6_': 1.0, '_a7_': 1.0}};{'d0': 0.024905832919416598};-280.569866449044;36.71354456452353
49120;-103.571388659998;(((pow2(((_a4_ / _a2_) + x)) + _a0_) / (_a4_ * _a2_)) * x);{'d0': {'_a0_': 0.4283916271167109, '_a2_': 0.9743645545961803, '_a4_': 0.30393325075330446, '_a1_': 1.0, '_a3_': 1.0, '_a5_': 1.0, '_a6_': 1.0, '_a7_': 1.0}};{'d0': 0.024905832919416598};-280.569866449044;36.71354456452353
49121;-103.571388659998;(((pow2(((_a4_ / _a2_) + x)) + _a0_) / (_a4_ * _a2_)) * x);{'d0': {'_a0_': 0.4283916271167109, '_a2_': 0.9743645545961803, '_a4_': 0.30393325075330446, '_a1_': 1.0, '_a3_': 1.0, '_a5_': 1.0, '_a6_': 1.0, '_a7_': 1.0}};{'d0': 0.024905832919416598};-280.569866449044;36.71354456452353
49122;-103.571388659998;(((pow2(((_a4_ / _a2_) + x)) + _a0_) / (_a4_ * _a2_)) * x);{'d0': {'_a0_': 0.4283916271167109, '_a2_': 0.9743645545961803, '_a4_': 0.30393325075330446, '_a1_': 1.0, '_a3_': 1.0, '_a5_': 1.0, '_a6_': 1.0, '_a7_': 1.0}};{'d0': 0.024905832919416598};-280.569866449044;36.71354456452353
49123;-103.571388659998;(((pow2(((_a4_ / _a2_) + x)) + _a0_) / (_a4_ * _a2_)) * x);{'d0': {'_a0_': 0.4283916271167109, '_a2_': 0.9743645545961803, '_a4_': 0.30393325075330446, '_a1_': 1.0, '_a3_': 1.0, '_a5_': 1.0, '_a6_': 1.0, '_a7_': 1.0}};{'d0': 0.024905832919416598};-280.569866449044;36.71354456452353
49124;-103.571388659998;(((pow2(((_a4_ / _a2_) + x)) + _a0_) / (_a4_ * _a2_)) * x);{'d0': {'_a0_': 0.4283916271167109, '_a2_': 0.9743645545961803, '_a4_': 0.30393325075330446, '_a1_': 1.0, '_a3_': 1.0, '_a5_': 1.0, '_a6_': 1.0, '_a7_': 1.0}};{'d0': 0.024905832919416598};-280.569866449044;36.71354456452353
49125;-103.571388659998;(((pow2(((_a4_ / _a2_) + x)) + _a0_) / (_a4_ * _a2_)) * x);{'d0': {'_a0_': 0.4283916271167109, '_a2_': 0.9743645545961803, '_a4_': 0.30393325075330446, '_a1_': 1.0, '_a3_': 1.0, '_a5_': 1.0, '_a6_': 1.0, '_a7_': 1.0}};{'d0': 0.024905832919416598};-280.569866449044;36.71354456452353
49126;-103.571388659998;(((pow2(((_a4_ / _a2_) + x)) + _a0_) / (_a4_ * _a2_)) * x);{'d0': {'_a0_': 0.4283916271167109, '_a2_': 0.9743645545961803, '_a4_': 0.30393325075330446, '_a1_': 1.0, '_a3_': 1.0, '_a5_': 1.0, '_a6_': 1.0, '_a7_': 1.0}};{'d0': 0.024905832919416598};-280.569866449044;36.71354456452353
49127;-103.571388659998;(((pow2(((_a4_ / _a2_) + x)) + _a0_) / (_a4_ * _a2_)) * x);{'d0': {'_a0_': 0.4283916271167109, '_a2_': 0.9743645545961803, '_a4_': 0.30393325075330446, '_a1_': 1.0, '_a3_': 1.0, '_a5_': 1.0, '_a6_': 1.0, '_a7_': 1.0}};{'d0': 0.024905832919416598};-280.569866449044;36.71354456452353
49128;-103.571388659998;(((pow2(((_a4_ / _a2_) + x)) + _a0_) / (_a4_ * _a2_)) * x);{'d0': {'_a0_': 0.4283916271167109, '_a2_': 0.9743645545961803, '_a4_': 0.30393325075330446, '_a1_': 1.0, '_a3_': 1.0, '_a5_': 1.0, '_a6_': 1.0, '_a7_': 1.0}};{'d0': 0.024905832919416598};-280.569866449044;36.71354456452353
49129;-103.571388659998;(((pow2(((_a4_ / _a2_) + x)) + _a0_) / (_a4_ * _a2_)) * x);{'d0': {'_a0_': 0.4283916271167109, '_a2_': 0.9743645545961803, '_a4_': 0.30393325075330446, '_a1_': 1.0, '_a3_': 1.0, '_a5_': 1.0, '_a6_': 1.0, '_a7_': 1.0}};{'d0': 0.024905832919416598};-280.569866449044;36.71354456452353
49130;-103.571388659998;(((pow2(((_a4_ / _a2_) + x)) + _a0_) / (_a4_ * _a2_)) * x);{'d0': {'_a0_': 0.4283916271167109, '_a2_': 0.9743645545961803, '_a4_': 0.30393325075330446, '_a1_': 1.0, '_a3_': 1.0, '_a5_': 1.0, '_a6_': 1.0, '_a7_': 1.0}};{'d0': 0.024905832919416598};-280.569866449044;36.71354456452353
49131;-103.571388659998;(((pow2(((_a4_ / _a2_) + x)) + _a0_) / (_a4_ * _a2_)) * x);{'d0': {'_a0_': 0.4283916271167109, '_a2_': 0.9743645545961803, '_a4_': 0.30393325075330446, '_a1_': 1.0, '_a3_': 1.0, '_a5_': 1.0, '_a6_': 1.0, '_a7_': 1.0}};{'d0': 0.024905832919416598};-280.569866449044;36.71354456452353
49132;-103.571388659998;(((pow2(((_a4_ / _a2_) + x)) + _a0_) / (_a4_ * _a2_)) * x);{'d0': {'_a0_': 0.4283916271167109, '_a2_': 0.9743645545961803, '_a4_': 0.30393325075330446, '_a1_': 1.0, '_a3_': 1.0, '_a5_': 1.0, '_a6_': 1.0, '_a7_': 1.0}};{'d0': 0.024905832919416598};-280.569866449044;36.71354456452353
49133;-103.571388659998;(((pow2(((_a4_ / _a2_) + x)) + _a0_) / (_a4_ * _a2_)) * x);{'d0': {'_a0_': 0.4283916271167109, '_a2_': 0.9743645545961803, '_a4_': 0.30393325075330446, '_a1_': 1.0, '_a3_': 1.0, '_a5_': 1.0, '_a6_': 1.0, '_a7_': 1.0}};{'d0': 0.024905832919416598};-280.569866449044;36.71354456452353
49134;-103.571388659998;(((pow2(((_a4_ / _a2_) + x)) + _a0_) / (_a4_ * _a2_)) * x);{'d0': {'_a0_': 0.4283916271167109, '_a2_': 0.9743645545961803, '_a4_': 0.30393325075330446, '_a1_': 1.0, '_a3_': 1.0, '_a5_': 1.0, '_a6_': 1.0, '_a7_': 1.0}};{'d0': 0.024905832919416598};-280.569866449044;36.71354456452353
49135;-103.571388659998;(((pow2(((_a4_ / _a2_) + x)) + _a0_) / (_a4_ * _a2_)) * x);{'d0': {'_a0_': 0.4283916271167109, '_a2_': 0.9743645545961803, '_a4_': 0.30393325075330446, '_a1_': 1.0, '_a3_': 1.0, '_a5_': 1.0, '_a6_': 1.0, '_a7_': 1.0}};{'d0': 0.024905832919416598};-280.569866449044;36.71354456452353
49136;-103.571388659998;(((pow2(((_a4_ / _a2_) + x)) + _a0_) / (_a4_ * _a2_)) * x);{'d0': {'_a0_': 0.4283916271167109, '_a2_': 0.9743645545961803, '_a4_': 0.30393325075330446, '_a1_': 1.0, '_a3_': 1.0, '_a5_': 1.0, '_a6_': 1.0, '_a7_': 1.0}};{'d0': 0.024905832919416598};-280.569866449044;36.71354456452353
49137;-103.571388659998;(((pow2(((_a4_ / _a2_) + x)) + _a0_) / (_a4_ * _a2_)) * x);{'d0': {'_a0_': 0.4283916271167109, '_a2_': 0.9743645545961803, '_a4_': 0.30393325075330446, '_a1_': 1.0, '_a3_': 1.0, '_a5_': 1.0, '_a6_': 1.0, '_a7_': 1.0}};{'d0': 0.024905832919416598};-280.569866449044;36.71354456452353
49138;-103.571388659998;(((pow2(((_a4_ / _a2_) + x)) + _a0_) / (_a4_ * _a2_)) * x);{'d0': {'_a0_': 0.4283916271167109, '_a2_': 0.9743645545961803, '_a4_': 0.30393325075330446, '_a1_': 1.0, '_a3_': 1.0, '_a5_': 1.0, '_a6_': 1.0, '_a7_': 1.0}};{'d0': 0.024905832919416598};-280.569866449044;36.71354456452353
49139;-103.571388659998;(((pow2(((_a4_ / _a2_) + x)) + _a0_) / (_a4_ * _a2_)) * x);{'d0': {'_a0_': 0.4283916271167109, '_a2_': 0.9743645545961803, '_a4_': 0.30393325075330446, '_a1_': 1.0, '_a3_': 1.0, '_a5_': 1.0, '_a6_': 1.0, '_a7_': 1.0}};{'d0': 0.024905832919416598};-280.569866449044;36.71354456452353
49140;-103.571388659998;(((pow2(((_a4_ / _a2_) + x)) + _a0_) / (_a4_ * _a2_)) * x);{'d0': {'_a0_': 0.4283916271167109, '_a2_': 0.9743645545961803, '_a4_': 0.30393325075330446, '_a1_': 1.0, '_a3_': 1.0, '_a5_': 1.0, '_a6_': 1.0, '_a7_': 1.0}};{'d0': 0.024905832919416598};-280.569866449044;36.71354456452353
49141;-103.571388659998;(((pow2(((_a4_ / _a2_) + x)) + _a0_) / (_a4_ * _a2_)) * x);{'d0': {'_a0_': 0.4283916271167109, '_a2_': 0.9743645545961803, '_a4_': 0.30393325075330446, '_a1_': 1.0, '_a3_': 1.0, '_a5_': 1.0, '_a6_': 1.0, '_a7_': 1.0}};{'d0': 0.024905832919416598};-280.569866449044;36.71354456452353
49142;-103.571388659998;(((pow2(((_a4_ / _a2_) + x)) + _a0_) / (_a4_ * _a2_)) * x);{'d0': {'_a0_': 0.4283916271167109, '_a2_': 0.9743645545961803, '_a4_': 0.30393325075330446, '_a1_': 1.0, '_a3_': 1.0, '_a5_': 1.0, '_a6_': 1.0, '_a7_': 1.0}};{'d0': 0.024905832919416598};-280.569866449044;36.71354456452353
49143;-103.571388659998;(((pow2(((_a4_ / _a2_) + x)) + _a0_) / (_a4_ * _a2_)) * x);{'d0': {'_a0_': 0.4283916271167109, '_a2_': 0.9743645545961803, '_a4_': 0.30393325075330446, '_a1_': 1.0, '_a3_': 1.0, '_a5_': 1.0, '_a6_': 1.0, '_a7_': 1.0}};{'d0': 0.024905832919416598};-280.569866449044;36.71354456452353
49144;-97.4430005680162;(((_a6_ / _a0_) + ((((x * _a6_) * _a6_) / _a3_) * (_a0_ + x))) * x);{'d0': {'_a0_': 0.6238594158519384, '_a3_': 0.36319188219208814, '_a6_': 1.1074349369168461, '_a1_': 1.0, '_a2_': 1.0, '_a4_': 1.0, '_a5_': 1.0, '_a7_': 1.0}};{'d0': 0.024905832919416625};-280.569866449044;42.84193265650557
49145;-103.571388659998;(((pow2(((_a4_ / _a2_) + x)) + _a0_) / (_a4_ * _a2_)) * x);{'d0': {'_a0_': 0.4283916271167109, '_a2_': 0.9743645545961803, '_a4_': 0.30393325075330446, '_a1_': 1.0, '_a3_': 1.0, '_a5_': 1.0, '_a6_': 1.0, '_a7_': 1.0}};{'d0': 0.024905832919416598};-280.569866449044;36.71354456452353
49146;-103.571388659998;(((pow2(((_a4_ / _a2_) + x)) + _a0_) / (_a4_ * _a2_)) * x);{'d0': {'_a0_': 0.4283916271167109, '_a2_': 0.9743645545961803, '_a4_': 0.30393325075330446, '_a1_': 1.0, '_a3_': 1.0, '_a5_': 1.0, '_a6_': 1.0, '_a7_': 1.0}};{'d0': 0.024905832919416598};-280.569866449044;36.71354456452353
49147;-103.571388659998;(((pow2(((_a4_ / _a2_) + x)) + _a0_) / (_a4_ * _a2_)) * x);{'d0': {'_a0_': 0.4283916271167109, '_a2_': 0.9743645545961803, '_a4_': 0.30393325075330446, '_a1_': 1.0, '_a3_': 1.0, '_a5_': 1.0, '_a6_': 1.0, '_a7_': 1.0}};{'d0': 0.024905832919416598};-280.569866449044;36.71354456452353
49148;-103.571388659998;(((pow2(((_a4_ / _a2_) + x)) + _a0_) / (_a4_ * _a2_)) * x);{'d0': {'_a0_': 0.4283916271167109, '_a2_': 0.9743645545961803, '_a4_': 0.30393325075330446, '_a1_': 1.0, '_a3_': 1.0, '_a5_': 1.0, '_a6_': 1.0, '_a7_': 1.0}};{'d0': 0.024905832919416598};-280.569866449044;36.71354456452353
49149;-103.571388659998;(((pow2(((_a4_ / _a2_) + x)) + _a0_) / (_a4_ * _a2_)) * x);{'d0': {'_a0_': 0.4283916271167109, '_a2_': 0.9743645545961803, '_a4_': 0.30393325075330446, '_a1_': 1.0, '_a3_': 1.0, '_a5_': 1.0, '_a6_': 1.0, '_a7_': 1.0}};{'d0': 0.024905832919416598};-280.569866449044;36.71354456452353
49150;-103.571388659998;(((pow2(((_a4_ / _a2_) + x)) + _a0_) / (_a4_ * _a2_)) * x);{'d0': {'_a0_': 0.4283916271167109, '_a2_': 0.9743645545961803, '_a4_': 0.30393325075330446, '_a1_': 1.0, '_a3_': 1.0, '_a5_': 1.0, '_a6_': 1.0, '_a7_': 1.0}};{'d0': 0.024905832919416598};-280.569866449044;36.71354456452353
49151;-92.8924580297244;((_a1_ + ((((_a0_ * (exp(_a1_) / _a0_)) * _a5_) * (_a0_ + x)) * x)) * x);{'d0': {'_a0_': 0.6238594156348378, '_a1_': 1.775135404145897, '_a5_': 0.5722275947984584, '_a2_': 1.0, '_a3_': 1.0, '_a4_': 1.0, '_a6_': 1.0, '_a7_': 1.0}};{'d0': 0.02490583291941665};-280.569866449044;47.39247519479747
49152;-92.8924580297244;((_a1_ + ((((_a0_ * (exp(_a1_) / _a0_)) * _a5_) * (_a0_ + x)) * x)) * x);{'d0': {'_a0_': 0.6238594156348378, '_a1_': 1.775135404145897, '_a5_': 0.5722275947984584, '_a2_': 1.0, '_a3_': 1.0, '_a4_': 1.0, '_a6_': 1.0, '_a7_': 1.0}};{'d0': 0.02490583291941665};-280.569866449044;47.39247519479747
49153;-103.571388659998;(((pow2(((_a4_ / _a2_) + x)) + _a0_) / (_a4_ * _a2_)) * x);{'d0': {'_a0_': 0.4283916271167109, '_a2_': 0.9743645545961803, '_a4_': 0.30393325075330446, '_a1_': 1.0, '_a3_': 1.0, '_a5_': 1.0, '_a6_': 1.0, '_a7_': 1.0}};{'d0': 0.024905832919416598};-280.569866449044;36.71354456452353
49154;-103.571388659998;(((pow2(((_a4_ / _a2_) + x)) + _a0_) / (_a4_ * _a2_)) * x);{'d0': {'_a0_': 0.4283916271167109, '_a2_': 0.9743645545961803, '_a4_': 0.30393325075330446, '_a1_': 1.0, '_a3_': 1.0, '_a5_': 1.0, '_a6_': 1.0, '_a7_': 1.0}};{'d0': 0.024905832919416598};-280.569866449044;36.71354456452353
49155;-103.571388659998;(((pow2(((_a4_ / _a2_) + x)) + _a0_) / (_a4_ * _a2_)) * x);{'d0': {'_a0_': 0.4283916271167109, '_a2_': 0.9743645545961803, '_a4_': 0.30393325075330446, '_a1_': 1.0, '_a3_': 1.0, '_a5_': 1.0, '_a6_': 1.0, '_a7_': 1.0}};{'d0': 0.024905832919416598};-280.569866449044;36.71354456452353
49156;-103.571388659998;(((pow2(((_a4_ / _a2_) + x)) + _a0_) / (_a4_ * _a2_)) * x);{'d0': {'_a0_': 0.4283916271167109, '_a2_': 0.9743645545961803, '_a4_': 0.30393325075330446, '_a1_': 1.0, '_a3_': 1.0, '_a5_': 1.0, '_a6_': 1.0, '_a7_': 1.0}};{'d0': 0.024905832919416598};-280.569866449044;36.71354456452353
49157;-103.571388659998;(((pow2(((_a4_ / _a2_) + x)) + _a0_) / (_a4_ * _a2_)) * x);{'d0': {'_a0_': 0.4283916271167109, '_a2_': 0.9743645545961803, '_a4_': 0.30393325075330446, '_a1_': 1.0, '_a3_': 1.0, '_a5_': 1.0, '_a6_': 1.0, '_a7_': 1.0}};{'d0': 0.024905832919416598};-280.569866449044;36.71354456452353
49158;-103.571388659998;(((pow2(((_a4_ / _a2_) + x)) + _a0_) / (_a4_ * _a2_)) * x);{'d0': {'_a0_': 0.4283916271167109, '_a2_': 0.9743645545961803, '_a4_': 0.30393325075330446, '_a1_': 1.0, '_a3_': 1.0, '_a5_': 1.0, '_a6_': 1.0, '_a7_': 1.0}};{'d0': 0.024905832919416598};-280.569866449044;36.71354456452353
49159;-103.571388659998;(((pow2(((_a4_ / _a2_) + x)) + _a0_) / (_a4_ * _a2_)) * x);{'d0': {'_a0_': 0.4283916271167109, '_a2_': 0.9743645545961803, '_a4_': 0.30393325075330446, '_a1_': 1.0, '_a3_': 1.0, '_a5_': 1.0, '_a6_': 1.0, '_a7_': 1.0}};{'d0': 0.024905832919416598};-280.569866449044;36.71354456452353
49160;-103.571388659998;(((pow2(((_a4_ / _a2_) + x)) + _a0_) / (_a4_ * _a2_)) * x);{'d0': {'_a0_': 0.4283916271167109, '_a2_': 0.9743645545961803, '_a4_': 0.30393325075330446, '_a1_': 1.0, '_a3_': 1.0, '_a5_': 1.0, '_a6_': 1.0, '_a7_': 1.0}};{'d0': 0.024905832919416598};-280.569866449044;36.71354456452353
49161;-103.571388659998;(((pow2(((_a4_ / _a2_) + x)) + _a0_) / (_a4_ * _a2_)) * x);{'d0': {'_a0_': 0.4283916271167109, '_a2_': 0.9743645545961803, '_a4_': 0.30393325075330446, '_a1_': 1.0, '_a3_': 1.0, '_a5_': 1.0, '_a6_': 1.0, '_a7_': 1.0}};{'d0': 0.024905832919416598};-280.569866449044;36.71354456452353
49162;-103.571388659998;(((pow2(((_a4_ / _a2_) + x)) + _a0_) / (_a4_ * _a2_)) * x);{'d0': {'_a0_': 0.4283916271167109, '_a2_': 0.9743645545961803, '_a4_': 0.30393325075330446, '_a1_': 1.0, '_a3_': 1.0, '_a5_': 1.0, '_a6_': 1.0, '_a7_': 1.0}};{'d0': 0.024905832919416598};-280.569866449044;36.71354456452353
49163;-98.6944060208631;(((pow2(((_a4_ / _a2_) + x)) + _a0_) / ((_a2_ * _a2_) * _a2_)) * x);{'d0': {'_a0_': 0.42839162764956634, '_a2_': 0.6665507643263109, '_a4_': 0.2079169851606329, '_a1_': 1.0, '_a3_': 1.0, '_a5_': 1.0, '_a6_': 1.0, '_a7_': 1.0}};{'d0': 0.024905832919416677};-280.569866449043;41.59052720365853
49164;-98.6944060208631;(((pow2(((_a4_ / _a2_) + x)) + _a0_) / ((_a2_ * _a2_) * _a2_)) * x);{'d0': {'_a0_': 0.42839162764956634, '_a2_': 0.6665507643263109, '_a4_': 0.2079169851606329, '_a1_': 1.0, '_a3_': 1.0, '_a5_': 1.0, '_a6_': 1.0, '_a7_': 1.0}};{'d0': 0.024905832919416677};-280.569866449043;41.59052720365853
49165;-98.6944060208631;(((pow2(((_a4_ / _a2_) + x)) + _a0_) / ((_a2_ * _a2_) * _a2_)) * x);{'d0': {'_a0_': 0.42839162764956634, '_a2_': 0.6665507643263109, '_a4_': 0.2079169851606329, '_a1_': 1.0, '_a3_': 1.0, '_a5_': 1.0, '_a6_': 1.0, '_a7_': 1.0}};{'d0': 0.024905832919416677};-280.569866449043;41.59052720365853
49166;-98.6944060208631;(((pow2(((_a4_ / _a2_) + x)) + _a0_) / ((_a2_ * _a2_) * _a2_)) * x);{'d0': {'_a0_': 0.42839162764956634, '_a2_': 0.6665507643263109, '_a4_': 0.2079169851606329, '_a1_': 1.0, '_a3_': 1.0, '_a5_': 1.0, '_a6_': 1.0, '_a7_': 1.0}};{'d0': 0.024905832919416677};-280.569866449043;41.59052720365853
49167;-98.6944060208631;(((pow2(((_a4_ / _a2_) + x)) + _a0_) / ((_a2_ * _a2_) * _a2_)) * x);{'d0': {'_a0_': 0.42839162764956634, '_a2_': 0.6665507643263109, '_a4_': 0.2079169851606329, '_a1_': 1.0, '_a3_': 1.0, '_a5_': 1.0, '_a6_': 1.0, '_a7_': 1.0}};{'d0': 0.024905832919416677};-280.569866449043;41.59052720365853
49168;-98.6944060208631;(((pow2(((_a4_ / _a2_) + x)) + _a0_) / ((_a2_ * _a2_) * _a2_)) * x);{'d0': {'_a0_': 0.42839162764956634, '_a2_': 0.6665507643263109, '_a4_': 0.2079169851606329, '_a1_': 1.0, '_a3_': 1.0, '_a5_': 1.0, '_a6_': 1.0, '_a7_': 1.0}};{'d0': 0.024905832919416677};-280.569866449043;41.59052720365853
49169;-98.6944060208631;(((pow2(((_a4_ / _a2_) + x)) + _a0_) / ((_a2_ * _a2_) * _a2_)) * x);{'d0': {'_a0_': 0.42839162764956634, '_a2_': 0.6665507643263109, '_a4_': 0.2079169851606329, '_a1_': 1.0, '_a3_': 1.0, '_a5_': 1.0, '_a6_': 1.0, '_a7_': 1.0}};{'d0': 0.024905832919416677};-280.569866449043;41.59052720365853
49170;-98.6944060208631;(((pow2(((_a4_ / _a2_) + x)) + _a0_) / ((_a2_ * _a2_) * _a2_)) * x);{'d0': {'_a0_': 0.42839162764956634, '_a2_': 0.6665507643263109, '_a4_': 0.2079169851606329, '_a1_': 1.0, '_a3_': 1.0, '_a5_': 1.0, '_a6_': 1.0, '_a7_': 1.0}};{'d0': 0.024905832919416677};-280.569866449043;41.59052720365853
49171;-98.6944060208631;(((pow2(((_a4_ / _a2_) + x)) + _a0_) / ((_a2_ * _a2_) * _a2_)) * x);{'d0': {'_a0_': 0.42839162764956634, '_a2_': 0.6665507643263109, '_a4_': 0.2079169851606329, '_a1_': 1.0, '_a3_': 1.0, '_a5_': 1.0, '_a6_': 1.0, '_a7_': 1.0}};{'d0': 0.024905832919416677};-280.569866449043;41.59052720365853
49172;-98.6944060208631;(((pow2(((_a4_ / _a2_) + x)) + _a0_) / ((_a2_ * _a2_) * _a2_)) * x);{'d0': {'_a0_': 0.42839162764956634, '_a2_': 0.6665507643263109, '_a4_': 0.2079169851606329, '_a1_': 1.0, '_a3_': 1.0, '_a5_': 1.0, '_a6_': 1.0, '_a7_': 1.0}};{'d0': 0.024905832919416677};-280.569866449043;41.59052720365853
49173;-95.8625309013717;(((pow2((x + (_a0_ + _a2_))) / pow3(_a6_)) + _a2_) * (x / _a0_));{'d0': {'_a0_': 0.12749642622259824, '_a2_': 0.18443328163265518, '_a6_': 1.324343243654214, '_a1_': 1.0, '_a3_': 1.0, '_a4_': 1.0, '_a5_': 1.0, '_a7_': 1.0}};{'d0': 0.02490583291941654};-280.569866449044;44.42240232315064
49174;-95.8625309013717;(((pow2((x + (_a0_ + _a2_))) / pow3(_a6_)) + _a2_) * (x / _a0_));{'d0': {'_a0_': 0.12749642622259824, '_a2_': 0.18443328163265518, '_a6_': 1.324343243654214, '_a1_': 1.0, '_a3_': 1.0, '_a4_': 1.0, '_a5_': 1.0, '_a7_': 1.0}};{'d0': 0.02490583291941654};-280.569866449044;44.42240232315064
49175;-95.8625309013717;(((pow2((x + (_a0_ + _a2_))) / pow3(_a6_)) + _a2_) * (x / _a0_));{'d0': {'_a0_': 0.12749642622259824, '_a2_': 0.18443328163265518, '_a6_': 1.324343243654214, '_a1_': 1.0, '_a3_': 1.0, '_a4_': 1.0, '_a5_': 1.0, '_a7_': 1.0}};{'d0': 0.02490583291941654};-280.569866449044;44.42240232315064
49176;-91.0579055485586;(((pow2((x + (_a0_ + _a2_))) / pow3((_a3_ * _a2_))) + _a2_) * (x / _a0_));{'d0': {'_a0_': 0.12749642622417254, '_a2_': 0.1844332816680442, '_a3_': 7.180608791159879, '_a1_': 1.0, '_a4_': 1.0, '_a5_': 1.0, '_a6_': 1.0, '_a7_': 1.0}};{'d0': 0.024905832919416622};-280.569866449044;49.22702767596364
49177;-91.0579055485586;(((pow2((x + (_a0_ + _a2_))) / pow3((_a3_ * _a2_))) + _a2_) * (x / _a0_));{'d0': {'_a0_': 0.12749642622417254, '_a2_': 0.1844332816680442, '_a3_': 7.180608791159879, '_a1_': 1.0, '_a4_': 1.0, '_a5_': 1.0, '_a6_': 1.0, '_a7_': 1.0}};{'d0': 0.024905832919416622};-280.569866449044;49.22702767596364
49178;-91.0579055485586;(((pow2((x + (_a0_ + _a2_))) / pow3((_a3_ * _a2_))) + _a2_) * (x / _a0_));{'d0': {'_a0_': 0.12749642622417254, '_a2_': 0.1844332816680442, '_a3_': 7.180608791159879, '_a1_': 1.0, '_a4_': 1.0, '_a5_': 1.0, '_a6_': 1.0, '_a7_': 1.0}};{'d0': 0.024905832919416622};-280.569866449044;49.22702767596364
49179;-91.0579055485586;(((pow2((x + (_a0_ + _a2_))) / pow3((_a3_ * _a2_))) + _a2_) * (x / _a0_));{'d0': {'_a0_': 0.12749642622417254, '_a2_': 0.1844332816680442, '_a3_': 7.180608791159879, '_a1_': 1.0, '_a4_': 1.0, '_a5_': 1.0, '_a6_': 1.0, '_a7_': 1.0}};{'d0': 0.024905832919416622};-280.569866449044;49.22702767596364
49180;-91.0579055485586;(((pow2((x + (_a0_ + _a2_))) / pow3((_a3_ * _a2_))) + _a2_) * (x / _a0_));{'d0': {'_a0_': 0.12749642622417254, '_a2_': 0.1844332816680442, '_a3_': 7.180608791159879, '_a1_': 1.0, '_a4_': 1.0, '_a5_': 1.0, '_a6_': 1.0, '_a7_': 1.0}};{'d0': 0.024905832919416622};-280.569866449044;49.22702767596364
49181;-91.0579055485586;(((pow2((x + (_a0_ + _a2_))) / pow3((_a3_ * _a2_))) + _a2_) * (x / _a0_));{'d0': {'_a0_': 0.12749642622417254, '_a2_': 0.1844332816680442, '_a3_': 7.180608791159879, '_a1_': 1.0, '_a4_': 1.0, '_a5_': 1.0, '_a6_': 1.0, '_a7_': 1.0}};{'d0': 0.024905832919416622};-280.569866449044;49.22702767596364
49182;-91.0579055485586;(((pow2((x + (_a0_ + _a2_))) / pow3((_a3_ * _a2_))) + _a2_) * (x / _a0_));{'d0': {'_a0_': 0.12749642622417254, '_a2_': 0.1844332816680442, '_a3_': 7.180608791159879, '_a1_': 1.0, '_a4_': 1.0, '_a5_': 1.0, '_a6_': 1.0, '_a7_': 1.0}};{'d0': 0.024905832919416622};-280.569866449044;49.22702767596364
49183;-91.0579055485586;(((pow2((x + (_a0_ + _a2_))) / pow3((_a3_ * _a2_))) + _a2_) * (x / _a0_));{'d0': {'_a0_': 0.12749642622417254, '_a2_': 0.1844332816680442, '_a3_': 7.180608791159879, '_a1_': 1.0, '_a4_': 1.0, '_a5_': 1.0, '_a6_': 1.0, '_a7_': 1.0}};{'d0': 0.024905832919416622};-280.569866449044;49.22702767596364
49184;-91.0579055485586;(((pow2((x + (_a0_ + _a2_))) / pow3((_a3_ * _a2_))) + _a2_) * (x / _a0_));{'d0': {'_a0_': 0.12749642622417254, '_a2_': 0.1844332816680442, '_a3_': 7.180608791159879, '_a1_': 1.0, '_a4_': 1.0, '_a5_': 1.0, '_a6_': 1.0, '_a7_': 1.0}};{'d0': 0.024905832919416622};-280.569866449044;49.22702767596364
49185;-91.0579055485586;(((pow2((x + (_a0_ + _a2_))) / pow3((_a3_ * _a2_))) + _a2_) * (x / _a0_));{'d0': {'_a0_': 0.12749642622417254, '_a2_': 0.1844332816680442, '_a3_': 7.180608791159879, '_a1_': 1.0, '_a4_': 1.0, '_a5_': 1.0, '_a6_': 1.0, '_a7_': 1.0}};{'d0': 0.024905832919416622};-280.569866449044;49.22702767596364
49186;-97.4430005680161;(((_a6_ / _a0_) + ((((x * _a0_) * _a6_) / _a3_) * (_a0_ + x))) * x);{'d0': {'_a0_': 0.6238594153635947, '_a3_': 0.20459953666349534, '_a6_': 1.1074349351792105, '_a1_': 1.0, '_a2_': 1.0, '_a4_': 1.0, '_a5_': 1.0, '_a7_': 1.0}};{'d0': 0.024905832919416646};-280.569866449044;42.84193265650557
49187;-97.4430005680161;(((_a6_ / _a0_) + ((((x * _a0_) * _a6_) / _a3_) * (_a0_ + x))) * x);{'d0': {'_a0_': 0.6238594153635947, '_a3_': 0.20459953666349534, '_a6_': 1.1074349351792105, '_a1_': 1.0, '_a2_': 1.0, '_a4_': 1.0, '_a5_': 1.0, '_a7_': 1.0}};{'d0': 0.024905832919416646};-280.569866449044;42.84193265650557
49188;-97.4430005680161;(((_a6_ / _a0_) + ((((x * _a0_) * _a6_) / _a3_) * (_a0_ + x))) * x);{'d0': {'_a0_': 0.6238594153635947, '_a3_': 0.20459953666349534, '_a6_': 1.1074349351792105, '_a1_': 1.0, '_a2_': 1.0, '_a4_': 1.0, '_a5_': 1.0, '_a7_': 1.0}};{'d0': 0.024905832919416646};-280.569866449044;42.84193265650557
49189;-97.4430005680161;(((_a6_ / _a0_) + ((((x * _a0_) * _a6_) / _a3_) * (_a0_ + x))) * x);{'d0': {'_a0_': 0.6238594153635947, '_a3_': 0.20459953666349534, '_a6_': 1.1074349351792105, '_a1_': 1.0, '_a2_': 1.0, '_a4_': 1.0, '_a5_': 1.0, '_a7_': 1.0}};{'d0': 0.024905832919416646};-280.569866449044;42.84193265650557
49190;-97.3596223271333;(((_a6_ / _a0_) + ((((x * _a0_) * _a6_) + _a3_) * (_a0_ + x))) * x);{'d0': {'_a0_': 1.0295651673321164, '_a3_': -1.36997131142694, '_a6_': 3.279793243410127, '_a1_': 1.0, '_a2_': 1.0, '_a4_': 1.0, '_a5_': 1.0, '_a7_': 1.0}};{'d0': 0.024905832919416657};-280.569866449044;42.92531089738837
49191;-97.3596223271333;(((_a6_ / _a0_) + ((((x * _a0_) * _a6_) + _a3_) * (_a0_ + x))) * x);{'d0': {'_a0_': 1.0295651673321164, '_a3_': -1.36997131142694, '_a6_': 3.279793243410127, '_a1_': 1.0, '_a2_': 1.0, '_a4_': 1.0, '_a5_': 1.0, '_a7_': 1.0}};{'d0': 0.024905832919416657};-280.569866449044;42.92531089738837
49192;-97.3596223271333;(((_a6_ / _a0_) + ((((x * _a0_) * _a6_) + _a3_) * (_a0_ + x))) * x);{'d0': {'_a0_': 1.0295651673321164, '_a3_': -1.36997131142694, '_a6_': 3.279793243410127, '_a1_': 1.0, '_a2_': 1.0, '_a4_': 1.0, '_a5_': 1.0, '_a7_': 1.0}};{'d0': 0.024905832919416657};-280.569866449044;42.92531089738837
49193;-97.3596223271333;(((_a6_ / _a0_) + ((((x * _a0_) * _a6_) + _a3_) * (_a0_ + x))) * x);{'d0': {'_a0_': 1.0295651673321164, '_a3_': -1.36997131142694, '_a6_': 3.279793243410127, '_a1_': 1.0, '_a2_': 1.0, '_a4_': 1.0, '_a5_': 1.0, '_a7_': 1.0}};{'d0': 0.024905832919416657};-280.569866449044;42.92531089738837
49194;-97.3596223271333;(((_a6_ / _a0_) + ((((x * _a0_) * _a6_) + _a3_) * (_a0_ + x))) * x);{'d0': {'_a0_': 1.0295651673321164, '_a3_': -1.36997131142694, '_a6_': 3.279793243410127, '_a1_': 1.0, '_a2_': 1.0, '_a4_': 1.0, '_a5_': 1.0, '_a7_': 1.0}};{'d0': 0.024905832919416657};-280.569866449044;42.92531089738837
49195;-97.3596223271333;(((_a6_ / _a0_) + ((((x * _a0_) * _a6_) + _a3_) * (_a0_ + x))) * x);{'d0': {'_a0_': 1.0295651673321164, '_a3_': -1.36997131142694, '_a6_': 3.279793243410127, '_a1_': 1.0, '_a2_': 1.0, '_a4_': 1.0, '_a5_': 1.0, '_a7_': 1.0}};{'d0': 0.024905832919416657};-280.569866449044;42.92531089738837
49196;-97.3596223271333;(((_a6_ / _a0_) + ((((x * _a0_) * _a6_) + _a3_) * (_a0_ + x))) * x);{'d0': {'_a0_': 1.0295651673321164, '_a3_': -1.36997131142694, '_a6_': 3.279793243410127, '_a1_': 1.0, '_a2_': 1.0, '_a4_': 1.0, '_a5_': 1.0, '_a7_': 1.0}};{'d0': 0.024905832919416657};-280.569866449044;42.92531089738837
49197;-97.3596223271333;(((_a6_ / _a0_) + ((((x * _a0_) * _a6_) + _a3_) * (_a0_ + x))) * x);{'d0': {'_a0_': 1.0295651673321164, '_a3_': -1.36997131142694, '_a6_': 3.279793243410127, '_a1_': 1.0, '_a2_': 1.0, '_a4_': 1.0, '_a5_': 1.0, '_a7_': 1.0}};{'d0': 0.024905832919416657};-280.569866449044;42.92531089738837
49198;-97.3596223271333;(((_a6_ / _a0_) + ((((x * _a0_) * _a6_) + _a3_) * (_a0_ + x))) * x);{'d0': {'_a0_': 1.0295651673321164, '_a3_': -1.36997131142694, '_a6_': 3.279793243410127, '_a1_': 1.0, '_a2_': 1.0, '_a4_': 1.0, '_a5_': 1.0, '_a7_': 1.0}};{'d0': 0.024905832919416657};-280.569866449044;42.92531089738837
49199;-97.3596223271333;(((_a6_ / _a0_) + ((((x * _a0_) * _a6_) + _a3_) * (_a0_ + x))) * x);{'d0': {'_a0_': 1.0295651673321164, '_a3_': -1.36997131142694, '_a6_': 3.279793243410127, '_a1_': 1.0, '_a2_': 1.0, '_a4_': 1.0, '_a5_': 1.0, '_a7_': 1.0}};{'d0': 0.024905832919416657};-280.569866449044;42.92531089738837
49200;-97.3596223271333;(((_a6_ / _a0_) + ((((x * _a0_) * _a6_) + _a3_) * (_a0_ + x))) * x);{'d0': {'_a0_': 1.0295651673321164, '_a3_': -1.36997131142694, '_a6_': 3.279793243410127, '_a1_': 1.0, '_a2_': 1.0, '_a4_': 1.0, '_a5_': 1.0, '_a7_': 1.0}};{'d0': 0.024905832919416657};-280.569866449044;42.92531089738837
49201;-97.3596223271333;(((_a6_ / _a0_) + ((((x * _a0_) * _a6_) + _a3_) * (_a0_ + x))) * x);{'d0': {'_a0_': 1.0295651673321164, '_a3_': -1.36997131142694, '_a6_': 3.279793243410127, '_a1_': 1.0, '_a2_': 1.0, '_a4_': 1.0, '_a5_': 1.0, '_a7_': 1.0}};{'d0': 0.024905832919416657};-280.569866449044;42.92531089738837
49202;-97.3596223271333;(((_a6_ / _a0_) + ((((x * _a0_) * _a6_) + _a3_) * (_a0_ + x))) * x);{'d0': {'_a0_': 1.0295651673321164, '_a3_': -1.36997131142694, '_a6_': 3.279793243410127, '_a1_': 1.0, '_a2_': 1.0, '_a4_': 1.0, '_a5_': 1.0, '_a7_': 1.0}};{'d0': 0.024905832919416657};-280.569866449044;42.92531089738837
49203;-97.3596223271333;(((_a6_ / _a0_) + ((((x * _a0_) * _a6_) + _a3_) * (_a0_ + x))) * x);{'d0': {'_a0_': 1.0295651673321164, '_a3_': -1.36997131142694, '_a6_': 3.279793243410127, '_a1_': 1.0, '_a2_': 1.0, '_a4_': 1.0, '_a5_': 1.0, '_a7_': 1.0}};{'d0': 0.024905832919416657};-280.569866449044;42.92531089738837
49204;-97.3596223271333;(((_a6_ / _a0_) + ((((x * _a0_) * _a6_) + _a3_) * (_a0_ + x))) * x);{'d0': {'_a0_': 1.0295651673321164, '_a3_': -1.36997131142694, '_a6_': 3.279793243410127, '_a1_': 1.0, '_a2_': 1.0, '_a4_': 1.0, '_a5_': 1.0, '_a7_': 1.0}};{'d0': 0.024905832919416657};-280.569866449044;42.92531089738837
49205;-97.3596223271333;(((_a6_ / _a0_) + ((((x * _a0_) * _a6_) + _a3_) * (_a0_ + x))) * x);{'d0': {'_a0_': 1.0295651673321164, '_a3_': -1.36997131142694, '_a6_': 3.279793243410127, '_a1_': 1.0, '_a2_': 1.0, '_a4_': 1.0, '_a5_': 1.0, '_a7_': 1.0}};{'d0': 0.024905832919416657};-280.569866449044;42.92531089738837
49206;-97.3596223271333;(((_a6_ / _a0_) + ((((x * _a0_) * _a6_) + _a3_) * (_a0_ + x))) * x);{'d0': {'_a0_': 1.0295651673321164, '_a3_': -1.36997131142694, '_a6_': 3.279793243410127, '_a1_': 1.0, '_a2_': 1.0, '_a4_': 1.0, '_a5_': 1.0, '_a7_': 1.0}};{'d0': 0.024905832919416657};-280.569866449044;42.92531089738837
49207;-97.3596223271333;(((_a6_ / _a0_) + ((((x * _a0_) * _a6_) + _a3_) * (_a0_ + x))) * x);{'d0': {'_a0_': 1.0295651673321164, '_a3_': -1.36997131142694, '_a6_': 3.279793243410127, '_a1_': 1.0, '_a2_': 1.0, '_a4_': 1.0, '_a5_': 1.0, '_a7_': 1.0}};{'d0': 0.024905832919416657};-280.569866449044;42.92531089738837
49208;-97.3596223271333;(((_a6_ / _a0_) + ((((x * _a0_) * _a6_) + _a3_) * (_a0_ + x))) * x);{'d0': {'_a0_': 1.0295651673321164, '_a3_': -1.36997131142694, '_a6_': 3.279793243410127, '_a1_': 1.0, '_a2_': 1.0, '_a4_': 1.0, '_a5_': 1.0, '_a7_': 1.0}};{'d0': 0.024905832919416657};-280.569866449044;42.92531089738837
49209;-97.3596223271333;(((_a6_ / _a0_) + ((((x * _a0_) * _a6_) + _a3_) * (_a0_ + x))) * x);{'d0': {'_a0_': 1.0295651673321164, '_a3_': -1.36997131142694, '_a6_': 3.279793243410127, '_a1_': 1.0, '_a2_': 1.0, '_a4_': 1.0, '_a5_': 1.0, '_a7_': 1.0}};{'d0': 0.024905832919416657};-280.569866449044;42.92531089738837
49210;-97.3596223271333;(((_a6_ / _a0_) + ((((x * _a0_) * _a6_) + _a3_) * (_a0_ + x))) * x);{'d0': {'_a0_': 1.0295651673321164, '_a3_': -1.36997131142694, '_a6_': 3.279793243410127, '_a1_': 1.0, '_a2_': 1.0, '_a4_': 1.0, '_a5_': 1.0, '_a7_': 1.0}};{'d0': 0.024905832919416657};-280.569866449044;42.92531089738837
49211;-97.3596223271333;(((_a6_ / _a0_) + ((((x * _a0_) * _a6_) + _a3_) * (_a0_ + x))) * x);{'d0': {'_a0_': 1.0295651673321164, '_a3_': -1.36997131142694, '_a6_': 3.279793243410127, '_a1_': 1.0, '_a2_': 1.0, '_a4_': 1.0, '_a5_': 1.0, '_a7_': 1.0}};{'d0': 0.024905832919416657};-280.569866449044;42.92531089738837
49212;-102.455412963782;(((pow2((x + (_a2_ + _a2_))) / _a1_) + _a2_) * (x / _a0_));{'d0': {'_a0_': 0.10781655742512115, '_a1_': 2.7467189976000452, '_a2_': 0.15596485394811382, '_a3_': 1.0, '_a4_': 1.0, '_a5_': 1.0, '_a6_': 1.0, '_a7_': 1.0}};{'d0': 0.02490583291941668};-280.569866449043;37.829520260740644
49213;-102.455412963782;(((pow2((x + (_a2_ + _a2_))) / _a1_) + _a2_) * (x / _a0_));{'d0': {'_a0_': 0.10781655742512115, '_a1_': 2.7467189976000452, '_a2_': 0.15596485394811382, '_a3_': 1.0, '_a4_': 1.0, '_a5_': 1.0, '_a6_': 1.0, '_a7_': 1.0}};{'d0': 0.02490583291941668};-280.569866449043;37.829520260740644
49214;-102.455412963782;(((pow2((x + (_a2_ + _a2_))) / _a1_) + _a2_) * (x / _a0_));{'d0': {'_a0_': 0.10781655742512115, '_a1_': 2.7467189976000452, '_a2_': 0.15596485394811382, '_a3_': 1.0, '_a4_': 1.0, '_a5_': 1.0, '_a6_': 1.0, '_a7_': 1.0}};{'d0': 0.02490583291941668};-280.569866449043;37.829520260740644
49215;-102.455412963782;(((pow2((x + (_a2_ + _a2_))) / _a1_) + _a2_) * (x / _a0_));{'d0': {'_a0_': 0.10781655742512115, '_a1_': 2.7467189976000452, '_a2_': 0.15596485394811382, '_a3_': 1.0, '_a4_': 1.0, '_a5_': 1.0, '_a6_': 1.0, '_a7_': 1.0}};{'d0': 0.02490583291941668};-280.569866449043;37.829520260740644
49216;-102.455412963782;(((pow2((x + (_a2_ + _a2_))) / _a1_) + _a2_) * (x / _a0_));{'d0': {'_a0_': 0.10781655742512115, '_a1_': 2.7467189976000452, '_a2_': 0.15596485394811382, '_a3_': 1.0, '_a4_': 1.0, '_a5_': 1.0, '_a6_': 1.0, '_a7_': 1.0}};{'d0': 0.02490583291941668};-280.569866449043;37.829520260740644
49217;-102.455412963782;(((pow2((x + (_a2_ + _a2_))) / _a1_) + _a2_) * (x / _a0_));{'d0': {'_a0_': 0.10781655742512115, '_a1_': 2.7467189976000452, '_a2_': 0.15596485394811382, '_a3_': 1.0, '_a4_': 1.0, '_a5_': 1.0, '_a6_': 1.0, '_a7_': 1.0}};{'d0': 0.02490583291941668};-280.569866449043;37.829520260740644
49218;-102.455412963782;(((pow2((x + (_a2_ + _a2_))) / _a1_) + _a2_) * (x / _a0_));{'d0': {'_a0_': 0.10781655742512115, '_a1_': 2.7467189976000452, '_a2_': 0.15596485394811382, '_a3_': 1.0, '_a4_': 1.0, '_a5_': 1.0, '_a6_': 1.0, '_a7_': 1.0}};{'d0': 0.02490583291941668};-280.569866449043;37.829520260740644
49219;-102.455412963782;(((pow2((x + (_a2_ + _a2_))) / _a1_) + _a2_) * (x / _a0_));{'d0': {'_a0_': 0.10781655742512115, '_a1_': 2.7467189976000452, '_a2_': 0.15596485394811382, '_a3_': 1.0, '_a4_': 1.0, '_a5_': 1.0, '_a6_': 1.0, '_a7_': 1.0}};{'d0': 0.02490583291941668};-280.569866449043;37.829520260740644
49220;-102.455412963782;(((pow2((x + (_a2_ + _a2_))) / _a1_) + _a2_) * (x / _a0_));{'d0': {'_a0_': 0.10781655742512115, '_a1_': 2.7467189976000452, '_a2_': 0.15596485394811382, '_a3_': 1.0, '_a4_': 1.0, '_a5_': 1.0, '_a6_': 1.0, '_a7_': 1.0}};{'d0': 0.02490583291941668};-280.569866449043;37.829520260740644
49221;-102.455412963782;(((pow2((x + (_a2_ + _a2_))) / _a1_) + _a2_) * (x / _a0_));{'d0': {'_a0_': 0.10781655742512115, '_a1_': 2.7467189976000452, '_a2_': 0.15596485394811382, '_a3_': 1.0, '_a4_': 1.0, '_a5_': 1.0, '_a6_': 1.0, '_a7_': 1.0}};{'d0': 0.02490583291941668};-280.569866449043;37.829520260740644
49222;-102.455412963782;(((pow2((x + (_a2_ + _a2_))) / _a1_) + _a2_) * (x / _a0_));{'d0': {'_a0_': 0.10781655742512115, '_a1_': 2.7467189976000452, '_a2_': 0.15596485394811382, '_a3_': 1.0, '_a4_': 1.0, '_a5_': 1.0, '_a6_': 1.0, '_a7_': 1.0}};{'d0': 0.02490583291941668};-280.569866449043;37.829520260740644
49223;-102.455412963782;(((pow2((x + (_a2_ + _a2_))) / _a1_) + _a2_) * (x / _a0_));{'d0': {'_a0_': 0.10781655742512115, '_a1_': 2.7467189976000452, '_a2_': 0.15596485394811382, '_a3_': 1.0, '_a4_': 1.0, '_a5_': 1.0, '_a6_': 1.0, '_a7_': 1.0}};{'d0': 0.02490583291941668};-280.569866449043;37.829520260740644
49224;-102.455412963782;(((pow2((x + (_a2_ + _a2_))) / _a1_) + _a2_) * (x / _a0_));{'d0': {'_a0_': 0.10781655742512115, '_a1_': 2.7467189976000452, '_a2_': 0.15596485394811382, '_a3_': 1.0, '_a4_': 1.0, '_a5_': 1.0, '_a6_': 1.0, '_a7_': 1.0}};{'d0': 0.02490583291941668};-280.569866449043;37.829520260740644
49225;-102.455412963782;(((pow2((x + (_a2_ + _a2_))) / _a1_) + _a2_) * (x / _a0_));{'d0': {'_a0_': 0.10781655742512115, '_a1_': 2.7467189976000452, '_a2_': 0.15596485394811382, '_a3_': 1.0, '_a4_': 1.0, '_a5_': 1.0, '_a6_': 1.0, '_a7_': 1.0}};{'d0': 0.02490583291941668};-280.569866449043;37.829520260740644
49226;-102.455412963782;(((pow2((x + (_a2_ + _a2_))) / _a1_) + _a2_) * (x / _a0_));{'d0': {'_a0_': 0.10781655742512115, '_a1_': 2.7467189976000452, '_a2_': 0.15596485394811382, '_a3_': 1.0, '_a4_': 1.0, '_a5_': 1.0, '_a6_': 1.0, '_a7_': 1.0}};{'d0': 0.02490583291941668};-280.569866449043;37.829520260740644
49227;-102.455412963782;(((pow2((x + (_a2_ + _a2_))) / _a1_) + _a2_) * (x / _a0_));{'d0': {'_a0_': 0.10781655742512115, '_a1_': 2.7467189976000452, '_a2_': 0.15596485394811382, '_a3_': 1.0, '_a4_': 1.0, '_a5_': 1.0, '_a6_': 1.0, '_a7_': 1.0}};{'d0': 0.02490583291941668};-280.569866449043;37.829520260740644
49228;-102.455412963782;(((pow2((x + (_a2_ + _a2_))) / _a1_) + _a2_) * (x / _a0_));{'d0': {'_a0_': 0.10781655742512115, '_a1_': 2.7467189976000452, '_a2_': 0.15596485394811382, '_a3_': 1.0, '_a4_': 1.0, '_a5_': 1.0, '_a6_': 1.0, '_a7_': 1.0}};{'d0': 0.02490583291941668};-280.569866449043;37.829520260740644
49229;-102.455412963782;(((pow2((x + (_a2_ + _a2_))) / _a1_) + _a2_) * (x / _a0_));{'d0': {'_a0_': 0.10781655742512115, '_a1_': 2.7467189976000452, '_a2_': 0.15596485394811382, '_a3_': 1.0, '_a4_': 1.0, '_a5_': 1.0, '_a6_': 1.0, '_a7_': 1.0}};{'d0': 0.02490583291941668};-280.569866449043;37.829520260740644
49230;-102.455412963782;(((pow2((x + (_a2_ + _a2_))) / _a1_) + _a2_) * (x / _a0_));{'d0': {'_a0_': 0.10781655742512115, '_a1_': 2.7467189976000452, '_a2_': 0.15596485394811382, '_a3_': 1.0, '_a4_': 1.0, '_a5_': 1.0, '_a6_': 1.0, '_a7_': 1.0}};{'d0': 0.02490583291941668};-280.569866449043;37.829520260740644
49231;-102.455412963782;(((pow2((x + (_a2_ + _a2_))) / _a1_) + _a2_) * (x / _a0_));{'d0': {'_a0_': 0.10781655742512115, '_a1_': 2.7467189976000452, '_a2_': 0.15596485394811382, '_a3_': 1.0, '_a4_': 1.0, '_a5_': 1.0, '_a6_': 1.0, '_a7_': 1.0}};{'d0': 0.02490583291941668};-280.569866449043;37.829520260740644
49232;-102.455412963782;(((pow2((x + (_a2_ + _a2_))) / _a1_) + _a2_) * (x / _a0_));{'d0': {'_a0_': 0.10781655742512115, '_a1_': 2.7467189976000452, '_a2_': 0.15596485394811382, '_a3_': 1.0, '_a4_': 1.0, '_a5_': 1.0, '_a6_': 1.0, '_a7_': 1.0}};{'d0': 0.02490583291941668};-280.569866449043;37.829520260740644
49233;-102.455412963782;(((pow2((x + (_a2_ + _a2_))) / _a1_) + _a2_) * (x / _a0_));{'d0': {'_a0_': 0.10781655742512115, '_a1_': 2.7467189976000452, '_a2_': 0.15596485394811382, '_a3_': 1.0, '_a4_': 1.0, '_a5_': 1.0, '_a6_': 1.0, '_a7_': 1.0}};{'d0': 0.02490583291941668};-280.569866449043;37.829520260740644
49234;-102.455412963782;(((pow2((x + (_a2_ + _a2_))) / _a1_) + _a2_) * (x / _a0_));{'d0': {'_a0_': 0.10781655742512115, '_a1_': 2.7467189976000452, '_a2_': 0.15596485394811382, '_a3_': 1.0, '_a4_': 1.0, '_a5_': 1.0, '_a6_': 1.0, '_a7_': 1.0}};{'d0': 0.02490583291941668};-280.569866449043;37.829520260740644
49235;-102.455412963782;(((pow2((x + (_a2_ + _a2_))) / _a1_) + _a2_) * (x / _a0_));{'d0': {'_a0_': 0.10781655742512115, '_a1_': 2.7467189976000452, '_a2_': 0.15596485394811382, '_a3_': 1.0, '_a4_': 1.0, '_a5_': 1.0, '_a6_': 1.0, '_a7_': 1.0}};{'d0': 0.02490583291941668};-280.569866449043;37.829520260740644
49236;-81.2080275098947;(((_a1_ * _a5_) + ((((_a0_ * (exp(_a0_) ** _a1_)) * _a5_) * (-(_a6_) + x)) * x)) * x);{'d0': {'_a0_': 0.706251416822563, '_a1_': 2.9204224048499774, '_a5_': 0.6078351102630006, '_a6_': -0.6238594156304583, '_a2_': 1.0, '_a3_': 1.0, '_a4_': 1.0, '_a7_': 1.0}};{'d0': 0.024905832919964285};-276.475521885502;57.02973343285646
49237;-81.2080275098947;(((_a1_ * _a5_) + ((((_a0_ * (exp(_a0_) ** _a1_)) * _a5_) * (-(_a6_) + x)) * x)) * x);{'d0': {'_a0_': 0.706251416822563, '_a1_': 2.9204224048499774, '_a5_': 0.6078351102630006, '_a6_': -0.6238594156304583, '_a2_': 1.0, '_a3_': 1.0, '_a4_': 1.0, '_a7_': 1.0}};{'d0': 0.024905832919964285};-276.475521885502;57.02973343285646
49238;-81.2080275098947;(((_a1_ * _a5_) + ((((_a0_ * (exp(_a0_) ** _a1_)) * _a5_) * (-(_a6_) + x)) * x)) * x);{'d0': {'_a0_': 0.706251416822563, '_a1_': 2.9204224048499774, '_a5_': 0.6078351102630006, '_a6_': -0.6238594156304583, '_a2_': 1.0, '_a3_': 1.0, '_a4_': 1.0, '_a7_': 1.0}};{'d0': 0.024905832919964285};-276.475521885502;57.02973343285646
49239;-81.2080275098947;(((_a1_ * _a5_) + ((((_a0_ * (exp(_a0_) ** _a1_)) * _a5_) * (-(_a6_) + x)) * x)) * x);{'d0': {'_a0_': 0.706251416822563, '_a1_': 2.9204224048499774, '_a5_': 0.6078351102630006, '_a6_': -0.6238594156304583, '_a2_': 1.0, '_a3_': 1.0, '_a4_': 1.0, '_a7_': 1.0}};{'d0': 0.024905832919964285};-276.475521885502;57.02973343285646
49240;-81.2080275098947;(((_a1_ * _a5_) + ((((_a0_ * (exp(_a0_) ** _a1_)) * _a5_) * (-(_a6_) + x)) * x)) * x);{'d0': {'_a0_': 0.706251416822563, '_a1_': 2.9204224048499774, '_a5_': 0.6078351102630006, '_a6_': -0.6238594156304583, '_a2_': 1.0, '_a3_': 1.0, '_a4_': 1.0, '_a7_': 1.0}};{'d0': 0.024905832919964285};-276.475521885502;57.02973343285646
49241;-81.2080275098947;(((_a1_ * _a5_) + ((((_a0_ * (exp(_a0_) ** _a1_)) * _a5_) * (-(_a6_) + x)) * x)) * x);{'d0': {'_a0_': 0.706251416822563, '_a1_': 2.9204224048499774, '_a5_': 0.6078351102630006, '_a6_': -0.6238594156304583, '_a2_': 1.0, '_a3_': 1.0, '_a4_': 1.0, '_a7_': 1.0}};{'d0': 0.024905832919964285};-276.475521885502;57.02973343285646
49242;-81.2080275098947;(((_a1_ * _a5_) + ((((_a0_ * (exp(_a0_) ** _a1_)) * _a5_) * (-(_a6_) + x)) * x)) * x);{'d0': {'_a0_': 0.706251416822563, '_a1_': 2.9204224048499774, '_a5_': 0.6078351102630006, '_a6_': -0.6238594156304583, '_a2_': 1.0, '_a3_': 1.0, '_a4_': 1.0, '_a7_': 1.0}};{'d0': 0.024905832919964285};-276.475521885502;57.02973343285646
49243;-81.2080275098947;(((_a1_ * _a5_) + ((((_a0_ * (exp(_a0_) ** _a1_)) * _a5_) * (-(_a6_) + x)) * x)) * x);{'d0': {'_a0_': 0.706251416822563, '_a1_': 2.9204224048499774, '_a5_': 0.6078351102630006, '_a6_': -0.6238594156304583, '_a2_': 1.0, '_a3_': 1.0, '_a4_': 1.0, '_a7_': 1.0}};{'d0': 0.024905832919964285};-276.475521885502;57.02973343285646
49244;-81.2080275098947;(((_a1_ * _a5_) + ((((_a0_ * (exp(_a0_) ** _a1_)) * _a5_) * (-(_a6_) + x)) * x)) * x);{'d0': {'_a0_': 0.706251416822563, '_a1_': 2.9204224048499774, '_a5_': 0.6078351102630006, '_a6_': -0.6238594156304583, '_a2_': 1.0, '_a3_': 1.0, '_a4_': 1.0, '_a7_': 1.0}};{'d0': 0.024905832919964285};-276.475521885502;57.02973343285646
49245;-81.9509748075442;(((_a1_ * _a5_) + ((((_a0_ * (exp(_a0_) + _a1_)) * _a5_) * (-(_a6_) + x)) * x)) * x);{'d0': {'_a0_': 1.0020486135968398, '_a1_': 3.032010450820589, '_a5_': 0.5854647867057373, '_a6_': -0.623859415533696, '_a2_': 1.0, '_a3_': 1.0, '_a4_': 1.0, '_a7_': 1.0}};{'d0': 0.024905832919483204};-276.475521886661;56.28678613578646
49246;-81.9509748075442;(((_a1_ * _a5_) + ((((_a0_ * (exp(_a0_) + _a1_)) * _a5_) * (-(_a6_) + x)) * x)) * x);{'d0': {'_a0_': 1.0020486135968398, '_a1_': 3.032010450820589, '_a5_': 0.5854647867057373, '_a6_': -0.623859415533696, '_a2_': 1.0, '_a3_': 1.0, '_a4_': 1.0, '_a7_': 1.0}};{'d0': 0.024905832919483204};-276.475521886661;56.28678613578646
49247;-81.9509748075442;(((_a1_ * _a5_) + ((((_a0_ * (exp(_a0_) + _a1_)) * _a5_) * (-(_a6_) + x)) * x)) * x);{'d0': {'_a0_': 1.0020486135968398, '_a1_': 3.032010450820589, '_a5_': 0.5854647867057373, '_a6_': -0.623859415533696, '_a2_': 1.0, '_a3_': 1.0, '_a4_': 1.0, '_a7_': 1.0}};{'d0': 0.024905832919483204};-276.475521886661;56.28678613578646
49248;-87.6780942489957;(((_a1_ * _a5_) + ((((_a0_ * (exp(_a0_) + _a1_)) * _a5_) * (_a0_ + x)) * x)) * x);{'d0': {'_a0_': 0.6238594153816577, '_a1_': 0.9106679307228346, '_a5_': 1.9492675033970381, '_a2_': 1.0, '_a3_': 1.0, '_a4_': 1.0, '_a6_': 1.0, '_a7_': 1.0}};{'d0': 0.02490583291941667};-280.569866449043;52.60683897552607
49249;-87.6780942489957;(((_a1_ * _a5_) + ((((_a0_ * (exp(_a0_) + _a1_)) * _a5_) * (_a0_ + x)) * x)) * x);{'d0': {'_a0_': 0.6238594153816577, '_a1_': 0.9106679307228346, '_a5_': 1.9492675033970381, '_a2_': 1.0, '_a3_': 1.0, '_a4_': 1.0, '_a6_': 1.0, '_a7_': 1.0}};{'d0': 0.02490583291941667};-280.569866449043;52.60683897552607
49250;-87.6780942489957;(((_a1_ * _a5_) + ((((_a0_ * (exp(_a0_) + _a1_)) * _a5_) * (_a0_ + x)) * x)) * x);{'d0': {'_a0_': 0.6238594153816577, '_a1_': 0.9106679307228346, '_a5_': 1.9492675033970381, '_a2_': 1.0, '_a3_': 1.0, '_a4_': 1.0, '_a6_': 1.0, '_a7_': 1.0}};{'d0': 0.02490583291941667};-280.569866449043;52.60683897552607
49251;-87.6780942489957;(((_a1_ * _a5_) + ((((_a0_ * (exp(_a0_) + _a1_)) * _a5_) * (_a0_ + x)) * x)) * x);{'d0': {'_a0_': 0.6238594153816577, '_a1_': 0.9106679307228346, '_a5_': 1.9492675033970381, '_a2_': 1.0, '_a3_': 1.0, '_a4_': 1.0, '_a6_': 1.0, '_a7_': 1.0}};{'d0': 0.02490583291941667};-280.569866449043;52.60683897552607
49252;-87.6780942489957;(((_a1_ * _a5_) + ((((_a0_ * (exp(_a0_) + _a1_)) * _a5_) * (_a0_ + x)) * x)) * x);{'d0': {'_a0_': 0.6238594153816577, '_a1_': 0.9106679307228346, '_a5_': 1.9492675033970381, '_a2_': 1.0, '_a3_': 1.0, '_a4_': 1.0, '_a6_': 1.0, '_a7_': 1.0}};{'d0': 0.02490583291941667};-280.569866449043;52.60683897552607
49253;-87.6780942489957;(((_a1_ * _a5_) + ((((_a0_ * (exp(_a0_) + _a1_)) * _a5_) * (_a0_ + x)) * x)) * x);{'d0': {'_a0_': 0.6238594153816577, '_a1_': 0.9106679307228346, '_a5_': 1.9492675033970381, '_a2_': 1.0, '_a3_': 1.0, '_a4_': 1.0, '_a6_': 1.0, '_a7_': 1.0}};{'d0': 0.02490583291941667};-280.569866449043;52.60683897552607
49254;-87.6780942489957;(((_a1_ * _a5_) + ((((_a0_ * (exp(_a0_) + _a1_)) * _a5_) * (_a0_ + x)) * x)) * x);{'d0': {'_a0_': 0.6238594153816577, '_a1_': 0.9106679307228346, '_a5_': 1.9492675033970381, '_a2_': 1.0, '_a3_': 1.0, '_a4_': 1.0, '_a6_': 1.0, '_a7_': 1.0}};{'d0': 0.02490583291941667};-280.569866449043;52.60683897552607
49255;-87.6780942489957;(((_a1_ * _a5_) + ((((_a0_ * (exp(_a0_) + _a1_)) * _a5_) * (_a0_ + x)) * x)) * x);{'d0': {'_a0_': 0.6238594153816577, '_a1_': 0.9106679307228346, '_a5_': 1.9492675033970381, '_a2_': 1.0, '_a3_': 1.0, '_a4_': 1.0, '_a6_': 1.0, '_a7_': 1.0}};{'d0': 0.02490583291941667};-280.569866449043;52.60683897552607
49256;-87.6780942489957;(((_a1_ * _a5_) + ((((_a0_ * (exp(_a0_) + _a1_)) * _a5_) * (_a0_ + x)) * x)) * x);{'d0': {'_a0_': 0.6238594153816577, '_a1_': 0.9106679307228346, '_a5_': 1.9492675033970381, '_a2_': 1.0, '_a3_': 1.0, '_a4_': 1.0, '_a6_': 1.0, '_a7_': 1.0}};{'d0': 0.02490583291941667};-280.569866449043;52.60683897552607
49257;-87.6780942489957;(((_a1_ * _a5_) + ((((_a0_ * (exp(_a0_) + _a1_)) * _a5_) * (_a0_ + x)) * x)) * x);{'d0': {'_a0_': 0.6238594153816577, '_a1_': 0.9106679307228346, '_a5_': 1.9492675033970381, '_a2_': 1.0, '_a3_': 1.0, '_a4_': 1.0, '_a6_': 1.0, '_a7_': 1.0}};{'d0': 0.02490583291941667};-280.569866449043;52.60683897552607
49258;-87.6780942489957;(((_a1_ * _a5_) + ((((_a0_ * (exp(_a0_) + _a1_)) * _a5_) * (_a0_ + x)) * x)) * x);{'d0': {'_a0_': 0.6238594153816577, '_a1_': 0.9106679307228346, '_a5_': 1.9492675033970381, '_a2_': 1.0, '_a3_': 1.0, '_a4_': 1.0, '_a6_': 1.0, '_a7_': 1.0}};{'d0': 0.02490583291941667};-280.569866449043;52.60683897552607
49259;-87.6780942489957;(((_a1_ * _a5_) + ((((_a0_ * (exp(_a0_) + _a1_)) * _a5_) * (_a0_ + x)) * x)) * x);{'d0': {'_a0_': 0.6238594153816577, '_a1_': 0.9106679307228346, '_a5_': 1.9492675033970381, '_a2_': 1.0, '_a3_': 1.0, '_a4_': 1.0, '_a6_': 1.0, '_a7_': 1.0}};{'d0': 0.02490583291941667};-280.569866449043;52.60683897552607
49260;-87.6780942489957;(((_a1_ * _a5_) + ((((_a0_ * (exp(_a0_) + _a1_)) * _a5_) * (_a0_ + x)) * x)) * x);{'d0': {'_a0_': 0.6238594153816577, '_a1_': 0.9106679307228346, '_a5_': 1.9492675033970381, '_a2_': 1.0, '_a3_': 1.0, '_a4_': 1.0, '_a6_': 1.0, '_a7_': 1.0}};{'d0': 0.02490583291941667};-280.569866449043;52.60683897552607
49261;-87.6780942489957;(((_a1_ * _a5_) + ((((_a0_ * (exp(_a0_) + _a1_)) * _a5_) * (_a0_ + x)) * x)) * x);{'d0': {'_a0_': 0.6238594153816577, '_a1_': 0.9106679307228346, '_a5_': 1.9492675033970381, '_a2_': 1.0, '_a3_': 1.0, '_a4_': 1.0, '_a6_': 1.0, '_a7_': 1.0}};{'d0': 0.02490583291941667};-280.569866449043;52.60683897552607
49262;-96.9980791305223;((((exp(_a7_) * (_a6_ + pow2(x))) + (_a0_ + x)) * _a3_) * x);{'d0': {'_a0_': -626.51879079616, '_a3_': 2.1066242134023114, '_a6_': 391.3853651393858, '_a7_': 0.4718301633316638, '_a1_': 1.0, '_a2_': 1.0, '_a4_': 1.0, '_a5_': 1.0}};{'d0': 0.02490583291949089};-276.475521886643;41.239681812799105
49263;-87.6780942489957;(((_a1_ * _a5_) + ((((_a0_ * (exp(_a0_) + _a1_)) * _a5_) * (_a0_ + x)) * x)) * x);{'d0': {'_a0_': 0.6238594153816577, '_a1_': 0.9106679307228346, '_a5_': 1.9492675033970381, '_a2_': 1.0, '_a3_': 1.0, '_a4_': 1.0, '_a6_': 1.0, '_a7_': 1.0}};{'d0': 0.02490583291941667};-280.569866449043;52.60683897552607
49264;-87.6780942489957;(((_a1_ * _a5_) + ((((_a0_ * (exp(_a0_) + _a1_)) * _a5_) * (_a0_ + x)) * x)) * x);{'d0': {'_a0_': 0.6238594153816577, '_a1_': 0.9106679307228346, '_a5_': 1.9492675033970381, '_a2_': 1.0, '_a3_': 1.0, '_a4_': 1.0, '_a6_': 1.0, '_a7_': 1.0}};{'d0': 0.02490583291941667};-280.569866449043;52.60683897552607
49265;-87.6780942489957;(((_a1_ * _a5_) + ((((_a0_ * (exp(_a0_) + _a1_)) * _a5_) * (_a0_ + x)) * x)) * x);{'d0': {'_a0_': 0.6238594153816577, '_a1_': 0.9106679307228346, '_a5_': 1.9492675033970381, '_a2_': 1.0, '_a3_': 1.0, '_a4_': 1.0, '_a6_': 1.0, '_a7_': 1.0}};{'d0': 0.02490583291941667};-280.569866449043;52.60683897552607
49266;-87.6780942489957;(((_a1_ * _a5_) + ((((_a0_ * (exp(_a0_) + _a1_)) * _a5_) * (_a0_ + x)) * x)) * x);{'d0': {'_a0_': 0.6238594153816577, '_a1_': 0.9106679307228346, '_a5_': 1.9492675033970381, '_a2_': 1.0, '_a3_': 1.0, '_a4_': 1.0, '_a6_': 1.0, '_a7_': 1.0}};{'d0': 0.02490583291941667};-280.569866449043;52.60683897552607
49267;-87.6780942489957;(((_a1_ * _a5_) + ((((_a0_ * (exp(_a0_) + _a1_)) * _a5_) * (_a0_ + x)) * x)) * x);{'d0': {'_a0_': 0.6238594153816577, '_a1_': 0.9106679307228346, '_a5_': 1.9492675033970381, '_a2_': 1.0, '_a3_': 1.0, '_a4_': 1.0, '_a6_': 1.0, '_a7_': 1.0}};{'d0': 0.02490583291941667};-280.569866449043;52.60683897552607
49268;-87.6780942489957;(((_a1_ * _a5_) + ((((_a0_ * (exp(_a0_) + _a1_)) * _a5_) * (_a0_ + x)) * x)) * x);{'d0': {'_a0_': 0.6238594153816577, '_a1_': 0.9106679307228346, '_a5_': 1.9492675033970381, '_a2_': 1.0, '_a3_': 1.0, '_a4_': 1.0, '_a6_': 1.0, '_a7_': 1.0}};{'d0': 0.02490583291941667};-280.569866449043;52.60683897552607
49269;-100.016512535296;((((exp(_a3_) * (_a6_ * pow2(x))) + (_a0_ + x)) * _a3_) * x);{'d0': {'_a0_': 0.8426446062914077, '_a3_': 2.1066240634681965, '_a6_': 0.1949925685119481, '_a1_': 1.0, '_a2_': 1.0, '_a4_': 1.0, '_a5_': 1.0, '_a7_': 1.0}};{'d0': 0.024905832919416594};-280.569866449044;40.268420689226105
49270;-100.016512535296;((((exp(_a3_) * (_a6_ * pow2(x))) + (_a0_ + x)) * _a3_) * x);{'d0': {'_a0_': 0.8426446062914077, '_a3_': 2.1066240634681965, '_a6_': 0.1949925685119481, '_a1_': 1.0, '_a2_': 1.0, '_a4_': 1.0, '_a5_': 1.0, '_a7_': 1.0}};{'d0': 0.024905832919416594};-280.569866449044;40.268420689226105
49271;-100.016512535296;((((exp(_a3_) * (_a6_ * pow2(x))) + (_a0_ + x)) * _a3_) * x);{'d0': {'_a0_': 0.8426446062914077, '_a3_': 2.1066240634681965, '_a6_': 0.1949925685119481, '_a1_': 1.0, '_a2_': 1.0, '_a4_': 1.0, '_a5_': 1.0, '_a7_': 1.0}};{'d0': 0.024905832919416594};-280.569866449044;40.268420689226105
49272;-100.016512535296;((((exp(_a3_) * (_a6_ * pow2(x))) + (_a0_ + x)) * _a3_) * x);{'d0': {'_a0_': 0.8426446062914077, '_a3_': 2.1066240634681965, '_a6_': 0.1949925685119481, '_a1_': 1.0, '_a2_': 1.0, '_a4_': 1.0, '_a5_': 1.0, '_a7_': 1.0}};{'d0': 0.024905832919416594};-280.569866449044;40.268420689226105
49273;-100.016512535296;((((exp(_a3_) * (_a6_ * pow2(x))) + (_a0_ + x)) * _a3_) * x);{'d0': {'_a0_': 0.8426446062914077, '_a3_': 2.1066240634681965, '_a6_': 0.1949925685119481, '_a1_': 1.0, '_a2_': 1.0, '_a4_': 1.0, '_a5_': 1.0, '_a7_': 1.0}};{'d0': 0.024905832919416594};-280.569866449044;40.268420689226105
49274;-100.016512535296;((((exp(_a3_) * (_a6_ * pow2(x))) + (_a0_ + x)) * _a3_) * x);{'d0': {'_a0_': 0.8426446062914077, '_a3_': 2.1066240634681965, '_a6_': 0.1949925685119481, '_a1_': 1.0, '_a2_': 1.0, '_a4_': 1.0, '_a5_': 1.0, '_a7_': 1.0}};{'d0': 0.024905832919416594};-280.569866449044;40.268420689226105
49275;-100.016512535296;((((exp(_a3_) * (_a6_ * pow2(x))) + (_a0_ + x)) * _a3_) * x);{'d0': {'_a0_': 0.8426446062914077, '_a3_': 2.1066240634681965, '_a6_': 0.1949925685119481, '_a1_': 1.0, '_a2_': 1.0, '_a4_': 1.0, '_a5_': 1.0, '_a7_': 1.0}};{'d0': 0.024905832919416594};-280.569866449044;40.268420689226105
49276;-100.016512535296;((((exp(_a3_) * (_a6_ * pow2(x))) + (_a0_ + x)) * _a3_) * x);{'d0': {'_a0_': 0.8426446062914077, '_a3_': 2.1066240634681965, '_a6_': 0.1949925685119481, '_a1_': 1.0, '_a2_': 1.0, '_a4_': 1.0, '_a5_': 1.0, '_a7_': 1.0}};{'d0': 0.024905832919416594};-280.569866449044;40.268420689226105
49277;-100.016512535296;((((exp(_a3_) * (_a6_ * pow2(x))) + (_a0_ + x)) * _a3_) * x);{'d0': {'_a0_': 0.8426446062914077, '_a3_': 2.1066240634681965, '_a6_': 0.1949925685119481, '_a1_': 1.0, '_a2_': 1.0, '_a4_': 1.0, '_a5_': 1.0, '_a7_': 1.0}};{'d0': 0.024905832919416594};-280.569866449044;40.268420689226105
49278;-100.016512535296;((((exp(_a3_) * (_a6_ * pow2(x))) + (_a0_ + x)) * _a3_) * x);{'d0': {'_a0_': 0.8426446062914077, '_a3_': 2.1066240634681965, '_a6_': 0.1949925685119481, '_a1_': 1.0, '_a2_': 1.0, '_a4_': 1.0, '_a5_': 1.0, '_a7_': 1.0}};{'d0': 0.024905832919416594};-280.569866449044;40.268420689226105
49279;-100.016512535296;((((exp(_a3_) * (_a6_ * pow2(x))) + (_a0_ + x)) * _a3_) * x);{'d0': {'_a0_': 0.8426446062914077, '_a3_': 2.1066240634681965, '_a6_': 0.1949925685119481, '_a1_': 1.0, '_a2_': 1.0, '_a4_': 1.0, '_a5_': 1.0, '_a7_': 1.0}};{'d0': 0.024905832919416594};-280.569866449044;40.268420689226105
49280;-100.016512535296;((((exp(_a3_) * (_a6_ * pow2(x))) + (_a0_ + x)) * _a3_) * x);{'d0': {'_a0_': 0.8426446062914077, '_a3_': 2.1066240634681965, '_a6_': 0.1949925685119481, '_a1_': 1.0, '_a2_': 1.0, '_a4_': 1.0, '_a5_': 1.0, '_a7_': 1.0}};{'d0': 0.024905832919416594};-280.569866449044;40.268420689226105
49281;-100.016512535296;((((exp(_a3_) * (_a6_ * pow2(x))) + (_a0_ + x)) * _a3_) * x);{'d0': {'_a0_': 0.8426446062914077, '_a3_': 2.1066240634681965, '_a6_': 0.1949925685119481, '_a1_': 1.0, '_a2_': 1.0, '_a4_': 1.0, '_a5_': 1.0, '_a7_': 1.0}};{'d0': 0.024905832919416594};-280.569866449044;40.268420689226105
49282;-100.016512535296;((((exp(_a3_) * (_a6_ * pow2(x))) + (_a0_ + x)) * _a3_) * x);{'d0': {'_a0_': 0.8426446062914077, '_a3_': 2.1066240634681965, '_a6_': 0.1949925685119481, '_a1_': 1.0, '_a2_': 1.0, '_a4_': 1.0, '_a5_': 1.0, '_a7_': 1.0}};{'d0': 0.024905832919416594};-280.569866449044;40.268420689226105
49283;-100.016512535296;((((exp(_a3_) * (_a6_ * pow2(x))) + (_a0_ + x)) * _a3_) * x);{'d0': {'_a0_': 0.8426446062914077, '_a3_': 2.1066240634681965, '_a6_': 0.1949925685119481, '_a1_': 1.0, '_a2_': 1.0, '_a4_': 1.0, '_a5_': 1.0, '_a7_': 1.0}};{'d0': 0.024905832919416594};-280.569866449044;40.268420689226105
49284;-84.0469618127587;(((_a1_ * _a5_) + ((((_a0_ * (tan(_a5_) + _a1_)) * _a5_) * (_a0_ + x)) * x)) * x);{'d0': {'_a0_': 0.6238594155951963, '_a1_': 0.4559726996459313, '_a5_': 3.893073874324543, '_a2_': 1.0, '_a3_': 1.0, '_a4_': 1.0, '_a6_': 1.0, '_a7_': 1.0}};{'d0': 0.024905832919416653};-280.569866449044;56.23797141176307
49285;-84.0469618127587;(((_a1_ * _a5_) + ((((_a0_ * (tan(_a5_) + _a1_)) * _a5_) * (_a0_ + x)) * x)) * x);{'d0': {'_a0_': 0.6238594155951963, '_a1_': 0.4559726996459313, '_a5_': 3.893073874324543, '_a2_': 1.0, '_a3_': 1.0, '_a4_': 1.0, '_a6_': 1.0, '_a7_': 1.0}};{'d0': 0.024905832919416653};-280.569866449044;56.23797141176307
49286;-84.0469618127587;(((_a1_ * _a5_) + ((((_a0_ * (tan(_a5_) + _a1_)) * _a5_) * (_a0_ + x)) * x)) * x);{'d0': {'_a0_': 0.6238594155951963, '_a1_': 0.4559726996459313, '_a5_': 3.893073874324543, '_a2_': 1.0, '_a3_': 1.0, '_a4_': 1.0, '_a6_': 1.0, '_a7_': 1.0}};{'d0': 0.024905832919416653};-280.569866449044;56.23797141176307
49287;-84.0469618127587;(((_a1_ * _a5_) + ((((_a0_ * (tan(_a5_) + _a1_)) * _a5_) * (_a0_ + x)) * x)) * x);{'d0': {'_a0_': 0.6238594155951963, '_a1_': 0.4559726996459313, '_a5_': 3.893073874324543, '_a2_': 1.0, '_a3_': 1.0, '_a4_': 1.0, '_a6_': 1.0, '_a7_': 1.0}};{'d0': 0.024905832919416653};-280.569866449044;56.23797141176307
49288;-84.0469618127587;(((_a1_ * _a5_) + ((((_a0_ * (tan(_a5_) + _a1_)) * _a5_) * (_a0_ + x)) * x)) * x);{'d0': {'_a0_': 0.6238594155951963, '_a1_': 0.4559726996459313, '_a5_': 3.893073874324543, '_a2_': 1.0, '_a3_': 1.0, '_a4_': 1.0, '_a6_': 1.0, '_a7_': 1.0}};{'d0': 0.024905832919416653};-280.569866449044;56.23797141176307
49289;-84.0469618127587;(((_a1_ * _a5_) + ((((_a0_ * (tan(_a5_) + _a1_)) * _a5_) * (_a0_ + x)) * x)) * x);{'d0': {'_a0_': 0.6238594155951963, '_a1_': 0.4559726996459313, '_a5_': 3.893073874324543, '_a2_': 1.0, '_a3_': 1.0, '_a4_': 1.0, '_a6_': 1.0, '_a7_': 1.0}};{'d0': 0.024905832919416653};-280.569866449044;56.23797141176307
49290;-84.0469618127587;(((_a1_ * _a5_) + ((((_a0_ * (tan(_a5_) + _a1_)) * _a5_) * (_a0_ + x)) * x)) * x);{'d0': {'_a0_': 0.6238594155951963, '_a1_': 0.4559726996459313, '_a5_': 3.893073874324543, '_a2_': 1.0, '_a3_': 1.0, '_a4_': 1.0, '_a6_': 1.0, '_a7_': 1.0}};{'d0': 0.024905832919416653};-280.569866449044;56.23797141176307
49291;-84.0469618127587;(((_a1_ * _a5_) + ((((_a0_ * (tan(_a5_) + _a1_)) * _a5_) * (_a0_ + x)) * x)) * x);{'d0': {'_a0_': 0.6238594155951963, '_a1_': 0.4559726996459313, '_a5_': 3.893073874324543, '_a2_': 1.0, '_a3_': 1.0, '_a4_': 1.0, '_a6_': 1.0, '_a7_': 1.0}};{'d0': 0.024905832919416653};-280.569866449044;56.23797141176307
49292;-84.0469618127587;(((_a1_ * _a5_) + ((((_a0_ * (tan(_a5_) + _a1_)) * _a5_) * (_a0_ + x)) * x)) * x);{'d0': {'_a0_': 0.6238594155951963, '_a1_': 0.4559726996459313, '_a5_': 3.893073874324543, '_a2_': 1.0, '_a3_': 1.0, '_a4_': 1.0, '_a6_': 1.0, '_a7_': 1.0}};{'d0': 0.024905832919416653};-280.569866449044;56.23797141176307
49293;-84.0469618127587;(((_a1_ * _a5_) + ((((_a0_ * (tan(_a5_) + _a1_)) * _a5_) * (_a0_ + x)) * x)) * x);{'d0': {'_a0_': 0.6238594155951963, '_a1_': 0.4559726996459313, '_a5_': 3.893073874324543, '_a2_': 1.0, '_a3_': 1.0, '_a4_': 1.0, '_a6_': 1.0, '_a7_': 1.0}};{'d0': 0.024905832919416653};-280.569866449044;56.23797141176307
49294;-84.0469618127587;(((_a1_ * _a5_) + ((((_a0_ * (tan(_a5_) + _a1_)) * _a5_) * (_a0_ + x)) * x)) * x);{'d0': {'_a0_': 0.6238594155951963, '_a1_': 0.4559726996459313, '_a5_': 3.893073874324543, '_a2_': 1.0, '_a3_': 1.0, '_a4_': 1.0, '_a6_': 1.0, '_a7_': 1.0}};{'d0': 0.024905832919416653};-280.569866449044;56.23797141176307
49295;-78.8805500283357;(((_a1_ * _a5_) + ((((_a0_ * (tan((_a0_ * _a1_)) + _a1_)) * _a5_) * (_a0_ + x)) * x)) * x);{'d0': {'_a0_': 0.6238594155410119, '_a1_': 2.162028212690057, '_a5_': 0.8210509899158492, '_a2_': 1.0, '_a3_': 1.0, '_a4_': 1.0, '_a6_': 1.0, '_a7_': 1.0}};{'d0': 0.024905832919416664};-280.569866449044;61.40438319618607
49296;-78.8805500283357;(((_a1_ * _a5_) + ((((_a0_ * (tan((_a0_ * _a1_)) + _a1_)) * _a5_) * (_a0_ + x)) * x)) * x);{'d0': {'_a0_': 0.6238594155410119, '_a1_': 2.162028212690057, '_a5_': 0.8210509899158492, '_a2_': 1.0, '_a3_': 1.0, '_a4_': 1.0, '_a6_': 1.0, '_a7_': 1.0}};{'d0': 0.024905832919416664};-280.569866449044;61.40438319618607
49297;-78.8805500283357;(((_a1_ * _a5_) + ((((_a0_ * (tan((_a0_ * _a1_)) + _a1_)) * _a5_) * (_a0_ + x)) * x)) * x);{'d0': {'_a0_': 0.6238594155410119, '_a1_': 2.162028212690057, '_a5_': 0.8210509899158492, '_a2_': 1.0, '_a3_': 1.0, '_a4_': 1.0, '_a6_': 1.0, '_a7_': 1.0}};{'d0': 0.024905832919416664};-280.569866449044;61.40438319618607
49298;-78.8805500283357;(((_a1_ * _a5_) + ((((_a0_ * (tan((_a0_ * _a1_)) + _a1_)) * _a5_) * (_a0_ + x)) * x)) * x);{'d0': {'_a0_': 0.6238594155410119, '_a1_': 2.162028212690057, '_a5_': 0.8210509899158492, '_a2_': 1.0, '_a3_': 1.0, '_a4_': 1.0, '_a6_': 1.0, '_a7_': 1.0}};{'d0': 0.024905832919416664};-280.569866449044;61.40438319618607
49299;-78.8805500283357;(((_a1_ * _a5_) + ((((_a0_ * (tan((_a0_ * _a1_)) + _a1_)) * _a5_) * (_a0_ + x)) * x)) * x);{'d0': {'_a0_': 0.6238594155410119, '_a1_': 2.162028212690057, '_a5_': 0.8210509899158492, '_a2_': 1.0, '_a3_': 1.0, '_a4_': 1.0, '_a6_': 1.0, '_a7_': 1.0}};{'d0': 0.024905832919416664};-280.569866449044;61.40438319618607
49300;-102.455412963782;(((pow2((x + (_a2_ + _a1_))) / _a1_) + _a1_) * (x / _a0_));{'d0': {'_a0_': 0.4524589725118338, '_a1_': 0.6545163305078426, '_a2_': -0.34258662267035894, '_a3_': 1.0, '_a4_': 1.0, '_a5_': 1.0, '_a6_': 1.0, '_a7_': 1.0}};{'d0': 0.024905832919416584};-280.569866449044;37.829520260740644
49301;-102.455412963782;(((pow2((x + (_a2_ + _a1_))) / _a1_) + _a1_) * (x / _a0_));{'d0': {'_a0_': 0.4524589725118338, '_a1_': 0.6545163305078426, '_a2_': -0.34258662267035894, '_a3_': 1.0, '_a4_': 1.0, '_a5_': 1.0, '_a6_': 1.0, '_a7_': 1.0}};{'d0': 0.024905832919416584};-280.569866449044;37.829520260740644
49302;-102.455412963782;(((pow2((x + (_a2_ + _a1_))) / _a1_) + _a1_) * (x / _a0_));{'d0': {'_a0_': 0.4524589725118338, '_a1_': 0.6545163305078426, '_a2_': -0.34258662267035894, '_a3_': 1.0, '_a4_': 1.0, '_a5_': 1.0, '_a6_': 1.0, '_a7_': 1.0}};{'d0': 0.024905832919416584};-280.569866449044;37.829520260740644
49303;-102.455412963782;(((pow2((x + (_a2_ + _a1_))) / _a1_) + _a1_) * (x / _a0_));{'d0': {'_a0_': 0.4524589725118338, '_a1_': 0.6545163305078426, '_a2_': -0.34258662267035894, '_a3_': 1.0, '_a4_': 1.0, '_a5_': 1.0, '_a6_': 1.0, '_a7_': 1.0}};{'d0': 0.024905832919416584};-280.569866449044;37.829520260740644
49304;-102.455412963782;(((pow2((x + (_a2_ + _a1_))) / _a1_) + _a1_) * (x / _a0_));{'d0': {'_a0_': 0.4524589725118338, '_a1_': 0.6545163305078426, '_a2_': -0.34258662267035894, '_a3_': 1.0, '_a4_': 1.0, '_a5_': 1.0, '_a6_': 1.0, '_a7_': 1.0}};{'d0': 0.024905832919416584};-280.569866449044;37.829520260740644
49305;-102.455412963782;(((pow2((x + (_a2_ + _a1_))) / _a1_) + _a1_) * (x / _a0_));{'d0': {'_a0_': 0.4524589725118338, '_a1_': 0.6545163305078426, '_a2_': -0.34258662267035894, '_a3_': 1.0, '_a4_': 1.0, '_a5_': 1.0, '_a6_': 1.0, '_a7_': 1.0}};{'d0': 0.024905832919416584};-280.569866449044;37.829520260740644
49306;-102.455412963782;(((pow2((x + (_a2_ + _a1_))) / _a1_) + _a1_) * (x / _a0_));{'d0': {'_a0_': 0.4524589725118338, '_a1_': 0.6545163305078426, '_a2_': -0.34258662267035894, '_a3_': 1.0, '_a4_': 1.0, '_a5_': 1.0, '_a6_': 1.0, '_a7_': 1.0}};{'d0': 0.024905832919416584};-280.569866449044;37.829520260740644
49307;-102.455412963782;(((pow2((x + (_a2_ + _a1_))) / _a1_) + _a1_) * (x / _a0_));{'d0': {'_a0_': 0.4524589725118338, '_a1_': 0.6545163305078426, '_a2_': -0.34258662267035894, '_a3_': 1.0, '_a4_': 1.0, '_a5_': 1.0, '_a6_': 1.0, '_a7_': 1.0}};{'d0': 0.024905832919416584};-280.569866449044;37.829520260740644
49308;-102.455412963782;(((pow2((x + (_a2_ + x))) / _a1_) + _a1_) * (x / _a0_));{'d0': {'_a0_': 0.9049179452373629, '_a1_': 1.3090326625148907, '_a2_': 0.6238594156230709, '_a3_': 1.0, '_a4_': 1.0, '_a5_': 1.0, '_a6_': 1.0, '_a7_': 1.0}};{'d0': 0.024905832919416684};-280.569866449043;37.829520260740644
49309;-102.455412963782;(((pow2((x + (_a2_ + x))) / _a1_) + _a1_) * (x / _a0_));{'d0': {'_a0_': 0.9049179452373629, '_a1_': 1.3090326625148907, '_a2_': 0.6238594156230709, '_a3_': 1.0, '_a4_': 1.0, '_a5_': 1.0, '_a6_': 1.0, '_a7_': 1.0}};{'d0': 0.024905832919416684};-280.569866449043;37.829520260740644
49310;-102.455412963782;(((pow2((x + (_a2_ + x))) / _a1_) + _a1_) * (x / _a0_));{'d0': {'_a0_': 0.9049179452373629, '_a1_': 1.3090326625148907, '_a2_': 0.6238594156230709, '_a3_': 1.0, '_a4_': 1.0, '_a5_': 1.0, '_a6_': 1.0, '_a7_': 1.0}};{'d0': 0.024905832919416684};-280.569866449043;37.829520260740644
49311;-102.455412963782;(((pow2((x + (_a2_ + x))) / _a1_) + _a1_) * (x / _a0_));{'d0': {'_a0_': 0.9049179452373629, '_a1_': 1.3090326625148907, '_a2_': 0.6238594156230709, '_a3_': 1.0, '_a4_': 1.0, '_a5_': 1.0, '_a6_': 1.0, '_a7_': 1.0}};{'d0': 0.024905832919416684};-280.569866449043;37.829520260740644
49312;-102.455412963782;(((pow2((x + (_a2_ + x))) / _a1_) + _a1_) * (x / _a0_));{'d0': {'_a0_': 0.9049179452373629, '_a1_': 1.3090326625148907, '_a2_': 0.6238594156230709, '_a3_': 1.0, '_a4_': 1.0, '_a5_': 1.0, '_a6_': 1.0, '_a7_': 1.0}};{'d0': 0.024905832919416684};-280.569866449043;37.829520260740644
49313;-102.455412963782;(((pow2((x + (_a2_ + x))) / _a1_) + _a1_) * (x / _a0_));{'d0': {'_a0_': 0.9049179452373629, '_a1_': 1.3090326625148907, '_a2_': 0.6238594156230709, '_a3_': 1.0, '_a4_': 1.0, '_a5_': 1.0, '_a6_': 1.0, '_a7_': 1.0}};{'d0': 0.024905832919416684};-280.569866449043;37.829520260740644
49314;-96.9175911509284;(((_a1_ * _a5_) + ((((_a3_ * _a1_) * _a5_) * (_a0_ + x)) * x)) * x);{'d0': {'_a0_': 0.6238594155285909, '_a1_': 0.316527393244553, '_a3_': 1.902255383187753, '_a5_': 5.608156840462459, '_a2_': 1.0, '_a4_': 1.0, '_a6_': 1.0, '_a7_': 1.0}};{'d0': 0.024905832919953172};-276.475521885529;41.32016979183607
49315;-96.9175911509284;(((_a1_ * _a5_) + ((((_a3_ * _a1_) * _a5_) * (_a0_ + x)) * x)) * x);{'d0': {'_a0_': 0.6238594155285909, '_a1_': 0.316527393244553, '_a3_': 1.902255383187753, '_a5_': 5.608156840462459, '_a2_': 1.0, '_a4_': 1.0, '_a6_': 1.0, '_a7_': 1.0}};{'d0': 0.024905832919953172};-276.475521885529;41.32016979183607
49316;-96.9175911509284;(((_a1_ * _a5_) + ((((_a3_ * _a1_) * _a5_) * (_a0_ + x)) * x)) * x);{'d0': {'_a0_': 0.6238594155285909, '_a1_': 0.316527393244553, '_a3_': 1.902255383187753, '_a5_': 5.608156840462459, '_a2_': 1.0, '_a4_': 1.0, '_a6_': 1.0, '_a7_': 1.0}};{'d0': 0.024905832919953172};-276.475521885529;41.32016979183607
49317;-96.9175911509284;(((_a1_ * _a5_) + ((((_a3_ * _a1_) * _a5_) * (_a0_ + x)) * x)) * x);{'d0': {'_a0_': 0.6238594155285909, '_a1_': 0.316527393244553, '_a3_': 1.902255383187753, '_a5_': 5.608156840462459, '_a2_': 1.0, '_a4_': 1.0, '_a6_': 1.0, '_a7_': 1.0}};{'d0': 0.024905832919953172};-276.475521885529;41.32016979183607
49318;-96.9175911509284;(((_a1_ * _a5_) + ((((_a3_ * _a1_) * _a5_) * (_a0_ + x)) * x)) * x);{'d0': {'_a0_': 0.6238594155285909, '_a1_': 0.316527393244553, '_a3_': 1.902255383187753, '_a5_': 5.608156840462459, '_a2_': 1.0, '_a4_': 1.0, '_a6_': 1.0, '_a7_': 1.0}};{'d0': 0.024905832919953172};-276.475521885529;41.32016979183607
49319;-96.9175911509284;(((_a1_ * _a5_) + ((((_a3_ * _a1_) * _a5_) * (_a0_ + x)) * x)) * x);{'d0': {'_a0_': 0.6238594155285909, '_a1_': 0.316527393244553, '_a3_': 1.902255383187753, '_a5_': 5.608156840462459, '_a2_': 1.0, '_a4_': 1.0, '_a6_': 1.0, '_a7_': 1.0}};{'d0': 0.024905832919953172};-276.475521885529;41.32016979183607
49320;-96.9175911509284;(((_a1_ * _a5_) + ((((_a3_ * _a1_) * _a5_) * (_a0_ + x)) * x)) * x);{'d0': {'_a0_': 0.6238594155285909, '_a1_': 0.316527393244553, '_a3_': 1.902255383187753, '_a5_': 5.608156840462459, '_a2_': 1.0, '_a4_': 1.0, '_a6_': 1.0, '_a7_': 1.0}};{'d0': 0.024905832919953172};-276.475521885529;41.32016979183607
49321;-95.3480973031257;(((_a1_ * _a5_) + ((((_a3_ ** _a1_) * _a5_) * (_a0_ + x)) * x)) * x);{'d0': {'_a0_': 0.623859415642385, '_a1_': 0.3601108620456047, '_a3_': 0.34975631658634604, '_a5_': 4.929413403143748, '_a2_': 1.0, '_a4_': 1.0, '_a6_': 1.0, '_a7_': 1.0}};{'d0': 0.024905832919790215};-276.475521885921;42.88966363983507
49322;-95.3480973031257;(((_a1_ * _a5_) + ((((_a3_ ** _a1_) * _a5_) * (_a0_ + x)) * x)) * x);{'d0': {'_a0_': 0.623859415642385, '_a1_': 0.3601108620456047, '_a3_': 0.34975631658634604, '_a5_': 4.929413403143748, '_a2_': 1.0, '_a4_': 1.0, '_a6_': 1.0, '_a7_': 1.0}};{'d0': 0.024905832919790215};-276.475521885921;42.88966363983507
49323;-95.3480973031257;(((_a1_ * _a5_) + ((((_a3_ ** _a1_) * _a5_) * (_a0_ + x)) * x)) * x);{'d0': {'_a0_': 0.623859415642385, '_a1_': 0.3601108620456047, '_a3_': 0.34975631658634604, '_a5_': 4.929413403143748, '_a2_': 1.0, '_a4_': 1.0, '_a6_': 1.0, '_a7_': 1.0}};{'d0': 0.024905832919790215};-276.475521885921;42.88966363983507
49324;-95.3480973031257;(((_a1_ * _a5_) + ((((_a3_ ** _a1_) * _a5_) * (_a0_ + x)) * x)) * x);{'d0': {'_a0_': 0.623859415642385, '_a1_': 0.3601108620456047, '_a3_': 0.34975631658634604, '_a5_': 4.929413403143748, '_a2_': 1.0, '_a4_': 1.0, '_a6_': 1.0, '_a7_': 1.0}};{'d0': 0.024905832919790215};-276.475521885921;42.88966363983507
49325;-95.3480973031257;(((_a1_ * _a5_) + ((((_a3_ ** _a1_) * _a5_) * (_a0_ + x)) * x)) * x);{'d0': {'_a0_': 0.623859415642385, '_a1_': 0.3601108620456047, '_a3_': 0.34975631658634604, '_a5_': 4.929413403143748, '_a2_': 1.0, '_a4_': 1.0, '_a6_': 1.0, '_a7_': 1.0}};{'d0': 0.024905832919790215};-276.475521885921;42.88966363983507
49326;-95.3480973031257;(((_a1_ * _a5_) + ((((_a3_ ** _a1_) * _a5_) * (_a0_ + x)) * x)) * x);{'d0': {'_a0_': 0.623859415642385, '_a1_': 0.3601108620456047, '_a3_': 0.34975631658634604, '_a5_': 4.929413403143748, '_a2_': 1.0, '_a4_': 1.0, '_a6_': 1.0, '_a7_': 1.0}};{'d0': 0.024905832919790215};-276.475521885921;42.88966363983507
49327;-108.376014012812;(((pow2((x + _a2_)) / _a1_) + _a1_) * (x / _a0_));{'d0': {'_a0_': 0.45245897258905765, '_a1_': 0.6545163312814082, '_a2_': 0.3119297078784229, '_a3_': 1.0, '_a4_': 1.0, '_a5_': 1.0, '_a6_': 1.0, '_a7_': 1.0}};{'d0': 0.02490583291941661};-280.569866449044;31.908919211710643
49328;-108.376014012812;(((pow2((x + _a2_)) / _a1_) + _a1_) * (x / _a0_));{'d0': {'_a0_': 0.45245897258905765, '_a1_': 0.6545163312814082, '_a2_': 0.3119297078784229, '_a3_': 1.0, '_a4_': 1.0, '_a5_': 1.0, '_a6_': 1.0, '_a7_': 1.0}};{'d0': 0.02490583291941661};-280.569866449044;31.908919211710643
49329;-108.376014012812;(((pow2((x + _a2_)) / _a1_) + _a1_) * (x / _a0_));{'d0': {'_a0_': 0.45245897258905765, '_a1_': 0.6545163312814082, '_a2_': 0.3119297078784229, '_a3_': 1.0, '_a4_': 1.0, '_a5_': 1.0, '_a6_': 1.0, '_a7_': 1.0}};{'d0': 0.02490583291941661};-280.569866449044;31.908919211710643
49330;-108.376014012812;(((pow2((x + _a2_)) / _a1_) + _a1_) * (x / _a0_));{'d0': {'_a0_': 0.45245897258905765, '_a1_': 0.6545163312814082, '_a2_': 0.3119297078784229, '_a3_': 1.0, '_a4_': 1.0, '_a5_': 1.0, '_a6_': 1.0, '_a7_': 1.0}};{'d0': 0.02490583291941661};-280.569866449044;31.908919211710643
49331;-108.376014012812;(((pow2((x + _a2_)) / _a1_) + _a1_) * (x / _a0_));{'d0': {'_a0_': 0.45245897258905765, '_a1_': 0.6545163312814082, '_a2_': 0.3119297078784229, '_a3_': 1.0, '_a4_': 1.0, '_a5_': 1.0, '_a6_': 1.0, '_a7_': 1.0}};{'d0': 0.02490583291941661};-280.569866449044;31.908919211710643
49332;-108.376014012812;(((pow2((x + _a2_)) / _a1_) + _a1_) * (x / _a0_));{'d0': {'_a0_': 0.45245897258905765, '_a1_': 0.6545163312814082, '_a2_': 0.3119297078784229, '_a3_': 1.0, '_a4_': 1.0, '_a5_': 1.0, '_a6_': 1.0, '_a7_': 1.0}};{'d0': 0.02490583291941661};-280.569866449044;31.908919211710643
49333;-108.376014012812;(((pow2((x + _a2_)) / _a1_) + _a1_) * (x / _a0_));{'d0': {'_a0_': 0.45245897258905765, '_a1_': 0.6545163312814082, '_a2_': 0.3119297078784229, '_a3_': 1.0, '_a4_': 1.0, '_a5_': 1.0, '_a6_': 1.0, '_a7_': 1.0}};{'d0': 0.02490583291941661};-280.569866449044;31.908919211710643
49334;-108.376014012812;(((pow2((x + _a2_)) / _a1_) + _a1_) * (x / _a0_));{'d0': {'_a0_': 0.45245897258905765, '_a1_': 0.6545163312814082, '_a2_': 0.3119297078784229, '_a3_': 1.0, '_a4_': 1.0, '_a5_': 1.0, '_a6_': 1.0, '_a7_': 1.0}};{'d0': 0.02490583291941661};-280.569866449044;31.908919211710643
49335;-108.376014012812;(((pow2((x + _a2_)) / _a1_) + _a1_) * (x / _a0_));{'d0': {'_a0_': 0.45245897258905765, '_a1_': 0.6545163312814082, '_a2_': 0.3119297078784229, '_a3_': 1.0, '_a4_': 1.0, '_a5_': 1.0, '_a6_': 1.0, '_a7_': 1.0}};{'d0': 0.02490583291941661};-280.569866449044;31.908919211710643
49336;-108.376014012812;(((pow2((x + _a2_)) / _a1_) + _a1_) * (x / _a0_));{'d0': {'_a0_': 0.45245897258905765, '_a1_': 0.6545163312814082, '_a2_': 0.3119297078784229, '_a3_': 1.0, '_a4_': 1.0, '_a5_': 1.0, '_a6_': 1.0, '_a7_': 1.0}};{'d0': 0.02490583291941661};-280.569866449044;31.908919211710643
49337;-108.376014012812;(((pow2((x + _a2_)) / _a1_) + _a1_) * (x / _a0_));{'d0': {'_a0_': 0.45245897258905765, '_a1_': 0.6545163312814082, '_a2_': 0.3119297078784229, '_a3_': 1.0, '_a4_': 1.0, '_a5_': 1.0, '_a6_': 1.0, '_a7_': 1.0}};{'d0': 0.02490583291941661};-280.569866449044;31.908919211710643
49338;-108.376014012812;(((pow2((x + _a2_)) / _a1_) + _a1_) * (x / _a0_));{'d0': {'_a0_': 0.45245897258905765, '_a1_': 0.6545163312814082, '_a2_': 0.3119297078784229, '_a3_': 1.0, '_a4_': 1.0, '_a5_': 1.0, '_a6_': 1.0, '_a7_': 1.0}};{'d0': 0.02490583291941661};-280.569866449044;31.908919211710643
49339;-108.376014012812;(((pow2((x + _a2_)) / _a1_) + _a1_) * (x / _a0_));{'d0': {'_a0_': 0.45245897258905765, '_a1_': 0.6545163312814082, '_a2_': 0.3119297078784229, '_a3_': 1.0, '_a4_': 1.0, '_a5_': 1.0, '_a6_': 1.0, '_a7_': 1.0}};{'d0': 0.02490583291941661};-280.569866449044;31.908919211710643
49340;-108.376014012812;(((pow2((x + _a2_)) / _a1_) + _a1_) * (x / _a0_));{'d0': {'_a0_': 0.45245897258905765, '_a1_': 0.6545163312814082, '_a2_': 0.3119297078784229, '_a3_': 1.0, '_a4_': 1.0, '_a5_': 1.0, '_a6_': 1.0, '_a7_': 1.0}};{'d0': 0.02490583291941661};-280.569866449044;31.908919211710643
49341;-108.376014012812;(((pow2((x + _a2_)) / _a1_) + _a1_) * (x / _a0_));{'d0': {'_a0_': 0.45245897258905765, '_a1_': 0.6545163312814082, '_a2_': 0.3119297078784229, '_a3_': 1.0, '_a4_': 1.0, '_a5_': 1.0, '_a6_': 1.0, '_a7_': 1.0}};{'d0': 0.02490583291941661};-280.569866449044;31.908919211710643
49342;-108.376014012812;(((pow2((x + _a2_)) / _a1_) + _a1_) * (x / _a0_));{'d0': {'_a0_': 0.45245897258905765, '_a1_': 0.6545163312814082, '_a2_': 0.3119297078784229, '_a3_': 1.0, '_a4_': 1.0, '_a5_': 1.0, '_a6_': 1.0, '_a7_': 1.0}};{'d0': 0.02490583291941661};-280.569866449044;31.908919211710643
49343;-108.376014012812;(((pow2((x + _a2_)) / _a1_) + _a1_) * (x / _a0_));{'d0': {'_a0_': 0.45245897258905765, '_a1_': 0.6545163312814082, '_a2_': 0.3119297078784229, '_a3_': 1.0, '_a4_': 1.0, '_a5_': 1.0, '_a6_': 1.0, '_a7_': 1.0}};{'d0': 0.02490583291941661};-280.569866449044;31.908919211710643
49344;-108.376014012812;(((pow2((x + _a2_)) / _a1_) + _a1_) * (x / _a0_));{'d0': {'_a0_': 0.45245897258905765, '_a1_': 0.6545163312814082, '_a2_': 0.3119297078784229, '_a3_': 1.0, '_a4_': 1.0, '_a5_': 1.0, '_a6_': 1.0, '_a7_': 1.0}};{'d0': 0.02490583291941661};-280.569866449044;31.908919211710643
49345;-108.376014012812;(((pow2((x + _a2_)) / _a1_) + _a1_) * (x / _a0_));{'d0': {'_a0_': 0.45245897258905765, '_a1_': 0.6545163312814082, '_a2_': 0.3119297078784229, '_a3_': 1.0, '_a4_': 1.0, '_a5_': 1.0, '_a6_': 1.0, '_a7_': 1.0}};{'d0': 0.02490583291941661};-280.569866449044;31.908919211710643
49346;-108.376014012812;(((pow2((x + _a2_)) / _a1_) + _a1_) * (x / _a0_));{'d0': {'_a0_': 0.45245897258905765, '_a1_': 0.6545163312814082, '_a2_': 0.3119297078784229, '_a3_': 1.0, '_a4_': 1.0, '_a5_': 1.0, '_a6_': 1.0, '_a7_': 1.0}};{'d0': 0.02490583291941661};-280.569866449044;31.908919211710643
49347;-108.376014012812;(((pow2((x + _a2_)) / _a1_) + _a1_) * (x / _a0_));{'d0': {'_a0_': 0.45245897258905765, '_a1_': 0.6545163312814082, '_a2_': 0.3119297078784229, '_a3_': 1.0, '_a4_': 1.0, '_a5_': 1.0, '_a6_': 1.0, '_a7_': 1.0}};{'d0': 0.02490583291941661};-280.569866449044;31.908919211710643
49348;-108.376014012812;(((pow2((x + _a2_)) / _a1_) + _a1_) * (x / _a0_));{'d0': {'_a0_': 0.45245897258905765, '_a1_': 0.6545163312814082, '_a2_': 0.3119297078784229, '_a3_': 1.0, '_a4_': 1.0, '_a5_': 1.0, '_a6_': 1.0, '_a7_': 1.0}};{'d0': 0.02490583291941661};-280.569866449044;31.908919211710643
49349;-108.376014012812;(((pow2((x + _a2_)) / _a1_) + _a1_) * (x / _a0_));{'d0': {'_a0_': 0.45245897258905765, '_a1_': 0.6545163312814082, '_a2_': 0.3119297078784229, '_a3_': 1.0, '_a4_': 1.0, '_a5_': 1.0, '_a6_': 1.0, '_a7_': 1.0}};{'d0': 0.02490583291941661};-280.569866449044;31.908919211710643
49350;-108.376014012812;(((pow2((x + _a2_)) / _a1_) + _a1_) * (x / _a0_));{'d0': {'_a0_': 0.45245897258905765, '_a1_': 0.6545163312814082, '_a2_': 0.3119297078784229, '_a3_': 1.0, '_a4_': 1.0, '_a5_': 1.0, '_a6_': 1.0, '_a7_': 1.0}};{'d0': 0.02490583291941661};-280.569866449044;31.908919211710643
49351;-108.376014012812;(((pow2((x + _a2_)) / _a1_) + _a1_) * (x / _a0_));{'d0': {'_a0_': 0.45245897258905765, '_a1_': 0.6545163312814082, '_a2_': 0.3119297078784229, '_a3_': 1.0, '_a4_': 1.0, '_a5_': 1.0, '_a6_': 1.0, '_a7_': 1.0}};{'d0': 0.02490583291941661};-280.569866449044;31.908919211710643
49352;-108.376014012812;(((pow2((x + _a2_)) / _a1_) + _a1_) * (x / _a0_));{'d0': {'_a0_': 0.45245897258905765, '_a1_': 0.6545163312814082, '_a2_': 0.3119297078784229, '_a3_': 1.0, '_a4_': 1.0, '_a5_': 1.0, '_a6_': 1.0, '_a7_': 1.0}};{'d0': 0.02490583291941661};-280.569866449044;31.908919211710643
49353;-108.376014012812;(((pow2((x + _a2_)) / _a1_) + _a1_) * (x / _a0_));{'d0': {'_a0_': 0.45245897258905765, '_a1_': 0.6545163312814082, '_a2_': 0.3119297078784229, '_a3_': 1.0, '_a4_': 1.0, '_a5_': 1.0, '_a6_': 1.0, '_a7_': 1.0}};{'d0': 0.02490583291941661};-280.569866449044;31.908919211710643
49354;-108.376014012812;(((pow2((x + _a2_)) / _a1_) + _a1_) * (x / _a0_));{'d0': {'_a0_': 0.45245897258905765, '_a1_': 0.6545163312814082, '_a2_': 0.3119297078784229, '_a3_': 1.0, '_a4_': 1.0, '_a5_': 1.0, '_a6_': 1.0, '_a7_': 1.0}};{'d0': 0.02490583291941661};-280.569866449044;31.908919211710643
49355;-108.376014012812;(((pow2((x + _a2_)) / _a1_) + _a1_) * (x / _a0_));{'d0': {'_a0_': 0.45245897258905765, '_a1_': 0.6545163312814082, '_a2_': 0.3119297078784229, '_a3_': 1.0, '_a4_': 1.0, '_a5_': 1.0, '_a6_': 1.0, '_a7_': 1.0}};{'d0': 0.02490583291941661};-280.569866449044;31.908919211710643
49356;-95.4187635869387;(((_a1_ * _a5_) + (((pow3(_a2_) * _a5_) * (_a0_ + x)) * x)) * x);{'d0': {'_a0_': 0.6238594157397105, '_a1_': 0.5058125258626391, '_a2_': 0.9872325594521442, '_a5_': 3.5094727895345676, '_a3_': 1.0, '_a4_': 1.0, '_a6_': 1.0, '_a7_': 1.0}};{'d0': 0.024905832919688096};-276.475521886167;42.818997356145076
49357;-95.4187635869387;(((_a1_ * _a5_) + (((pow3(_a2_) * _a5_) * (_a0_ + x)) * x)) * x);{'d0': {'_a0_': 0.6238594157397105, '_a1_': 0.5058125258626391, '_a2_': 0.9872325594521442, '_a5_': 3.5094727895345676, '_a3_': 1.0, '_a4_': 1.0, '_a6_': 1.0, '_a7_': 1.0}};{'d0': 0.024905832919688096};-276.475521886167;42.818997356145076
49358;-95.4187635869387;(((_a1_ * _a5_) + (((pow3(_a2_) * _a5_) * (_a0_ + x)) * x)) * x);{'d0': {'_a0_': 0.6238594157397105, '_a1_': 0.5058125258626391, '_a2_': 0.9872325594521442, '_a5_': 3.5094727895345676, '_a3_': 1.0, '_a4_': 1.0, '_a6_': 1.0, '_a7_': 1.0}};{'d0': 0.024905832919688096};-276.475521886167;42.818997356145076
49359;-97.4659358683768;(((_a1_ * _a5_) + (((pow3(_a2_) * _a5_) * (_a2_ + x)) * x)) * x);{'d0': {'_a1_': 0.12764134755823756, '_a2_': 0.6238594156289938, '_a5_': 13.907212970564997, '_a0_': 1.0, '_a3_': 1.0, '_a4_': 1.0, '_a6_': 1.0, '_a7_': 1.0}};{'d0': 0.02490583291941662};-280.569866449044;42.818997356145076
49360;-97.4659358683768;(((_a1_ * _a5_) + (((pow3(_a2_) * _a5_) * (_a2_ + x)) * x)) * x);{'d0': {'_a1_': 0.12764134755823756, '_a2_': 0.6238594156289938, '_a5_': 13.907212970564997, '_a0_': 1.0, '_a3_': 1.0, '_a4_': 1.0, '_a6_': 1.0, '_a7_': 1.0}};{'d0': 0.02490583291941662};-280.569866449044;42.818997356145076
49361;-97.4659358683768;(((_a1_ * _a5_) + (((pow3(_a2_) * _a5_) * (_a2_ + x)) * x)) * x);{'d0': {'_a1_': 0.12764134755823756, '_a2_': 0.6238594156289938, '_a5_': 13.907212970564997, '_a0_': 1.0, '_a3_': 1.0, '_a4_': 1.0, '_a6_': 1.0, '_a7_': 1.0}};{'d0': 0.02490583291941662};-280.569866449044;42.818997356145076
49362;-97.4659358683768;(((_a1_ * _a5_) + (((pow3(_a2_) * _a5_) * (_a2_ + x)) * x)) * x);{'d0': {'_a1_': 0.12764134755823756, '_a2_': 0.6238594156289938, '_a5_': 13.907212970564997, '_a0_': 1.0, '_a3_': 1.0, '_a4_': 1.0, '_a6_': 1.0, '_a7_': 1.0}};{'d0': 0.02490583291941662};-280.569866449044;42.818997356145076
49363;-97.4659358683768;(((_a4_ * _a5_) + (((pow3(_a2_) * _a5_) * (_a2_ + x)) * x)) * x);{'d0': {'_a2_': 0.6238594154253702, '_a4_': 0.12764134736786878, '_a5_': 13.907212987858435, '_a0_': 1.0, '_a1_': 1.0, '_a3_': 1.0, '_a6_': 1.0, '_a7_': 1.0}};{'d0': 0.02490583291941663};-280.569866449044;42.818997356145076
49364;-97.4659358683768;(((_a4_ * _a5_) + (((pow3(_a2_) * _a5_) * (_a2_ + x)) * x)) * x);{'d0': {'_a2_': 0.6238594154253702, '_a4_': 0.12764134736786878, '_a5_': 13.907212987858435, '_a0_': 1.0, '_a1_': 1.0, '_a3_': 1.0, '_a6_': 1.0, '_a7_': 1.0}};{'d0': 0.02490583291941663};-280.569866449044;42.818997356145076
49365;-97.4659358683768;(((_a4_ * _a5_) + (((pow3(_a2_) * _a5_) * (_a2_ + x)) * x)) * x);{'d0': {'_a2_': 0.6238594154253702, '_a4_': 0.12764134736786878, '_a5_': 13.907212987858435, '_a0_': 1.0, '_a1_': 1.0, '_a3_': 1.0, '_a6_': 1.0, '_a7_': 1.0}};{'d0': 0.02490583291941663};-280.569866449044;42.818997356145076
49366;-97.4659358683768;(((_a4_ * _a5_) + (((pow3(_a2_) * _a5_) * (_a2_ + x)) * x)) * x);{'d0': {'_a2_': 0.6238594154253702, '_a4_': 0.12764134736786878, '_a5_': 13.907212987858435, '_a0_': 1.0, '_a1_': 1.0, '_a3_': 1.0, '_a6_': 1.0, '_a7_': 1.0}};{'d0': 0.02490583291941663};-280.569866449044;42.818997356145076
49367;-97.4659358683768;(((_a4_ * _a5_) + (((pow3(_a2_) * _a5_) * (_a2_ + x)) * x)) * x);{'d0': {'_a2_': 0.6238594154253702, '_a4_': 0.12764134736786878, '_a5_': 13.907212987858435, '_a0_': 1.0, '_a1_': 1.0, '_a3_': 1.0, '_a6_': 1.0, '_a7_': 1.0}};{'d0': 0.02490583291941663};-280.569866449044;42.818997356145076
49368;-97.4659358683768;(((_a4_ * _a5_) + (((pow3(_a2_) * _a5_) * (_a2_ + x)) * x)) * x);{'d0': {'_a2_': 0.6238594154253702, '_a4_': 0.12764134736786878, '_a5_': 13.907212987858435, '_a0_': 1.0, '_a1_': 1.0, '_a3_': 1.0, '_a6_': 1.0, '_a7_': 1.0}};{'d0': 0.02490583291941663};-280.569866449044;42.818997356145076
49369;-97.4659358683768;(((_a4_ * _a5_) + (((pow3(_a2_) * _a5_) * (_a2_ + x)) * x)) * x);{'d0': {'_a2_': 0.6238594154253702, '_a4_': 0.12764134736786878, '_a5_': 13.907212987858435, '_a0_': 1.0, '_a1_': 1.0, '_a3_': 1.0, '_a6_': 1.0, '_a7_': 1.0}};{'d0': 0.02490583291941663};-280.569866449044;42.818997356145076
49370;-97.4659358683768;(((_a4_ * _a5_) + (((pow3(_a2_) * _a5_) * (_a2_ + x)) * x)) * x);{'d0': {'_a2_': 0.6238594154253702, '_a4_': 0.12764134736786878, '_a5_': 13.907212987858435, '_a0_': 1.0, '_a1_': 1.0, '_a3_': 1.0, '_a6_': 1.0, '_a7_': 1.0}};{'d0': 0.02490583291941663};-280.569866449044;42.818997356145076
49371;-97.4659358683768;(((_a4_ * _a5_) + (((pow3(_a2_) * _a5_) * (_a2_ + x)) * x)) * x);{'d0': {'_a2_': 0.6238594154253702, '_a4_': 0.12764134736786878, '_a5_': 13.907212987858435, '_a0_': 1.0, '_a1_': 1.0, '_a3_': 1.0, '_a6_': 1.0, '_a7_': 1.0}};{'d0': 0.02490583291941663};-280.569866449044;42.818997356145076
49372;-97.4659358683768;(((_a4_ * _a5_) + (((pow3(_a2_) * _a5_) * (_a2_ + x)) * x)) * x);{'d0': {'_a2_': 0.6238594154253702, '_a4_': 0.12764134736786878, '_a5_': 13.907212987858435, '_a0_': 1.0, '_a1_': 1.0, '_a3_': 1.0, '_a6_': 1.0, '_a7_': 1.0}};{'d0': 0.02490583291941663};-280.569866449044;42.818997356145076
49373;-97.4659358683768;(((_a1_ * _a5_) + (((pow3(_a2_) * _a5_) * (_a2_ + x)) * x)) * x);{'d0': {'_a1_': 0.12764134755823756, '_a2_': 0.6238594156289938, '_a5_': 13.907212970564997, '_a0_': 1.0, '_a3_': 1.0, '_a4_': 1.0, '_a6_': 1.0, '_a7_': 1.0}};{'d0': 0.02490583291941662};-280.569866449044;42.818997356145076
49374;-90.0789005766411;(((_a1_ * _a5_) + (((pow3(_a2_) * sqrt(_a6_)) * (_a2_ + x)) * x)) * x);{'d0': {'_a1_': 0.13678244643150175, '_a2_': 0.6238594157322077, '_a5_': 12.977800703959081, '_a6_': 193.41057240021033, '_a0_': 1.0, '_a3_': 1.0, '_a4_': 1.0, '_a7_': 1.0}};{'d0': 0.024905832919503473};-276.475521886612;48.158860366665074
49375;-97.1477700696357;((_a1_ + (((pow3(_a2_) * sqrt(_a6_)) * (_a2_ + x)) * x)) * x);{'d0': {'_a1_': 1.7751354024031043, '_a2_': 0.6238594148951035, '_a6_': 193.4105743299308, '_a0_': 1.0, '_a3_': 1.0, '_a4_': 1.0, '_a5_': 1.0, '_a7_': 1.0}};{'d0': 0.02490583291941667};-280.569866449043;43.137163154886075
49376;-97.1477700696357;((_a1_ + (((pow3(_a2_) * sqrt(_a6_)) * (_a2_ + x)) * x)) * x);{'d0': {'_a1_': 1.7751354024031043, '_a2_': 0.6238594148951035, '_a6_': 193.4105743299308, '_a0_': 1.0, '_a3_': 1.0, '_a4_': 1.0, '_a5_': 1.0, '_a7_': 1.0}};{'d0': 0.02490583291941667};-280.569866449043;43.137163154886075
49377;-97.1477700696357;((_a1_ + (((pow3(_a2_) * sqrt(_a6_)) * (_a2_ + x)) * x)) * x);{'d0': {'_a1_': 1.7751354024031043, '_a2_': 0.6238594148951035, '_a6_': 193.4105743299308, '_a0_': 1.0, '_a3_': 1.0, '_a4_': 1.0, '_a5_': 1.0, '_a7_': 1.0}};{'d0': 0.02490583291941667};-280.569866449043;43.137163154886075
49378;-97.1477700696357;((_a1_ + (((pow3(_a2_) * sqrt(_a6_)) * (_a2_ + x)) * x)) * x);{'d0': {'_a1_': 1.7751354024031043, '_a2_': 0.6238594148951035, '_a6_': 193.4105743299308, '_a0_': 1.0, '_a3_': 1.0, '_a4_': 1.0, '_a5_': 1.0, '_a7_': 1.0}};{'d0': 0.02490583291941667};-280.569866449043;43.137163154886075
49379;-97.1477700696357;((_a1_ + (((pow3(_a2_) * sqrt(_a6_)) * (_a2_ + x)) * x)) * x);{'d0': {'_a1_': 1.7751354024031043, '_a2_': 0.6238594148951035, '_a6_': 193.4105743299308, '_a0_': 1.0, '_a3_': 1.0, '_a4_': 1.0, '_a5_': 1.0, '_a7_': 1.0}};{'d0': 0.02490583291941667};-280.569866449043;43.137163154886075
49380;-97.1477700696357;((_a1_ + (((pow3(_a2_) * sqrt(_a6_)) * (_a2_ + x)) * x)) * x);{'d0': {'_a1_': 1.7751354024031043, '_a2_': 0.6238594148951035, '_a6_': 193.4105743299308, '_a0_': 1.0, '_a3_': 1.0, '_a4_': 1.0, '_a5_': 1.0, '_a7_': 1.0}};{'d0': 0.02490583291941667};-280.569866449043;43.137163154886075
49381;-97.1477700696357;((_a1_ + (((pow3(_a2_) * sqrt(_a6_)) * (_a2_ + x)) * x)) * x);{'d0': {'_a1_': 1.7751354024031043, '_a2_': 0.6238594148951035, '_a6_': 193.4105743299308, '_a0_': 1.0, '_a3_': 1.0, '_a4_': 1.0, '_a5_': 1.0, '_a7_': 1.0}};{'d0': 0.02490583291941667};-280.569866449043;43.137163154886075
49382;-97.1477700696357;((_a1_ + (((pow3(_a2_) * sqrt(_a6_)) * (_a2_ + x)) * x)) * x);{'d0': {'_a1_': 1.7751354024031043, '_a2_': 0.6238594148951035, '_a6_': 193.4105743299308, '_a0_': 1.0, '_a3_': 1.0, '_a4_': 1.0, '_a5_': 1.0, '_a7_': 1.0}};{'d0': 0.02490583291941667};-280.569866449043;43.137163154886075
49383;-97.1477700696357;((_a1_ + (((pow3(_a2_) * sqrt(_a6_)) * (_a2_ + x)) * x)) * x);{'d0': {'_a1_': 1.7751354024031043, '_a2_': 0.6238594148951035, '_a6_': 193.4105743299308, '_a0_': 1.0, '_a3_': 1.0, '_a4_': 1.0, '_a5_': 1.0, '_a7_': 1.0}};{'d0': 0.02490583291941667};-280.569866449043;43.137163154886075
49384;-97.1477700696357;((_a1_ + (((pow3(_a2_) * sqrt(_a6_)) * (_a2_ + x)) * x)) * x);{'d0': {'_a1_': 1.7751354024031043, '_a2_': 0.6238594148951035, '_a6_': 193.4105743299308, '_a0_': 1.0, '_a3_': 1.0, '_a4_': 1.0, '_a5_': 1.0, '_a7_': 1.0}};{'d0': 0.02490583291941667};-280.569866449043;43.137163154886075
49385;-97.1477700696357;((_a1_ + (((pow3(_a2_) * sqrt(_a6_)) * (_a2_ + x)) * x)) * x);{'d0': {'_a1_': 1.7751354024031043, '_a2_': 0.6238594148951035, '_a6_': 193.4105743299308, '_a0_': 1.0, '_a3_': 1.0, '_a4_': 1.0, '_a5_': 1.0, '_a7_': 1.0}};{'d0': 0.02490583291941667};-280.569866449043;43.137163154886075
49386;-97.1477700696357;((_a1_ + (((pow3(_a2_) * sqrt(_a6_)) * (_a2_ + x)) * x)) * x);{'d0': {'_a1_': 1.7751354024031043, '_a2_': 0.6238594148951035, '_a6_': 193.4105743299308, '_a0_': 1.0, '_a3_': 1.0, '_a4_': 1.0, '_a5_': 1.0, '_a7_': 1.0}};{'d0': 0.02490583291941667};-280.569866449043;43.137163154886075
49387;-108.376014012812;(((pow2((x + _a2_)) / _a1_) + _a1_) * (x / _a0_));{'d0': {'_a0_': 0.45245897258905765, '_a1_': 0.6545163312814082, '_a2_': 0.3119297078784229, '_a3_': 1.0, '_a4_': 1.0, '_a5_': 1.0, '_a6_': 1.0, '_a7_': 1.0}};{'d0': 0.02490583291941661};-280.569866449044;31.908919211710643
49388;-108.376014012812;(((pow2((x + _a2_)) / _a1_) + _a1_) * (x / _a0_));{'d0': {'_a0_': 0.45245897258905765, '_a1_': 0.6545163312814082, '_a2_': 0.3119297078784229, '_a3_': 1.0, '_a4_': 1.0, '_a5_': 1.0, '_a6_': 1.0, '_a7_': 1.0}};{'d0': 0.02490583291941661};-280.569866449044;31.908919211710643
49389;-108.376014012812;(((pow2((x + _a2_)) / _a1_) + _a1_) * (x / _a0_));{'d0': {'_a0_': 0.45245897258905765, '_a1_': 0.6545163312814082, '_a2_': 0.3119297078784229, '_a3_': 1.0, '_a4_': 1.0, '_a5_': 1.0, '_a6_': 1.0, '_a7_': 1.0}};{'d0': 0.02490583291941661};-280.569866449044;31.908919211710643
49390;-97.1477700696357;((_a1_ + (((pow3(_a2_) * sqrt(_a6_)) * (_a2_ + x)) * x)) * x);{'d0': {'_a1_': 1.7751354024031043, '_a2_': 0.6238594148951035, '_a6_': 193.4105743299308, '_a0_': 1.0, '_a3_': 1.0, '_a4_': 1.0, '_a5_': 1.0, '_a7_': 1.0}};{'d0': 0.02490583291941667};-280.569866449043;43.137163154886075
49391;-97.1477700696357;((_a1_ + (((pow3(_a2_) * sqrt(_a6_)) * (_a2_ + x)) * x)) * x);{'d0': {'_a1_': 1.7751354024031043, '_a2_': 0.6238594148951035, '_a6_': 193.4105743299308, '_a0_': 1.0, '_a3_': 1.0, '_a4_': 1.0, '_a5_': 1.0, '_a7_': 1.0}};{'d0': 0.02490583291941667};-280.569866449043;43.137163154886075
49392;-97.1477700696357;((_a1_ + (((pow3(_a2_) * sqrt(_a6_)) * (_a2_ + x)) * x)) * x);{'d0': {'_a1_': 1.7751354024031043, '_a2_': 0.6238594148951035, '_a6_': 193.4105743299308, '_a0_': 1.0, '_a3_': 1.0, '_a4_': 1.0, '_a5_': 1.0, '_a7_': 1.0}};{'d0': 0.02490583291941667};-280.569866449043;43.137163154886075
49393;-97.1477700696357;((_a1_ + (((pow3(_a2_) * sqrt(_a6_)) * (_a2_ + x)) * x)) * x);{'d0': {'_a1_': 1.7751354024031043, '_a2_': 0.6238594148951035, '_a6_': 193.4105743299308, '_a0_': 1.0, '_a3_': 1.0, '_a4_': 1.0, '_a5_': 1.0, '_a7_': 1.0}};{'d0': 0.02490583291941667};-280.569866449043;43.137163154886075
49394;-108.376014012812;(((pow2((x + _a2_)) / _a1_) + _a1_) * (x / _a0_));{'d0': {'_a0_': 0.45245897258905765, '_a1_': 0.6545163312814082, '_a2_': 0.3119297078784229, '_a3_': 1.0, '_a4_': 1.0, '_a5_': 1.0, '_a6_': 1.0, '_a7_': 1.0}};{'d0': 0.02490583291941661};-280.569866449044;31.908919211710643
49395;-108.376014012812;(((pow2((x + _a2_)) / _a1_) + _a1_) * (x / _a0_));{'d0': {'_a0_': 0.45245897258905765, '_a1_': 0.6545163312814082, '_a2_': 0.3119297078784229, '_a3_': 1.0, '_a4_': 1.0, '_a5_': 1.0, '_a6_': 1.0, '_a7_': 1.0}};{'d0': 0.02490583291941661};-280.569866449044;31.908919211710643
49396;-108.376014012812;(((pow2((x + _a2_)) / _a1_) + _a1_) * (x / _a0_));{'d0': {'_a0_': 0.45245897258905765, '_a1_': 0.6545163312814082, '_a2_': 0.3119297078784229, '_a3_': 1.0, '_a4_': 1.0, '_a5_': 1.0, '_a6_': 1.0, '_a7_': 1.0}};{'d0': 0.02490583291941661};-280.569866449044;31.908919211710643
49397;-108.376014012812;(((pow2((x + _a2_)) / _a1_) + _a1_) * (x / _a0_));{'d0': {'_a0_': 0.45245897258905765, '_a1_': 0.6545163312814082, '_a2_': 0.3119297078784229, '_a3_': 1.0, '_a4_': 1.0, '_a5_': 1.0, '_a6_': 1.0, '_a7_': 1.0}};{'d0': 0.02490583291941661};-280.569866449044;31.908919211710643
49398;-108.376014012812;(((pow2((x + _a2_)) / _a1_) + _a1_) * (x / _a0_));{'d0': {'_a0_': 0.45245897258905765, '_a1_': 0.6545163312814082, '_a2_': 0.3119297078784229, '_a3_': 1.0, '_a4_': 1.0, '_a5_': 1.0, '_a6_': 1.0, '_a7_': 1.0}};{'d0': 0.02490583291941661};-280.569866449044;31.908919211710643
49399;-108.376014012812;(((pow2((x + _a2_)) / _a1_) + _a1_) * (x / _a0_));{'d0': {'_a0_': 0.45245897258905765, '_a1_': 0.6545163312814082, '_a2_': 0.3119297078784229, '_a3_': 1.0, '_a4_': 1.0, '_a5_': 1.0, '_a6_': 1.0, '_a7_': 1.0}};{'d0': 0.02490583291941661};-280.569866449044;31.908919211710643
49400;-108.376014012812;(((pow2((x + _a2_)) / _a1_) + _a1_) * (x / _a0_));{'d0': {'_a0_': 0.45245897258905765, '_a1_': 0.6545163312814082, '_a2_': 0.3119297078784229, '_a3_': 1.0, '_a4_': 1.0, '_a5_': 1.0, '_a6_': 1.0, '_a7_': 1.0}};{'d0': 0.02490583291941661};-280.569866449044;31.908919211710643
49401;-100.454687881808;(((pow2((x + (_a6_ / _a3_))) / _a1_) + _a1_) * (x / _a0_));{'d0': {'_a0_': 0.4524589725433532, '_a1_': 0.654516331196549, '_a3_': 0.21546717533822032, '_a6_': 0.0672106129060927, '_a2_': 1.0, '_a4_': 1.0, '_a5_': 1.0, '_a7_': 1.0}};{'d0': 0.02490583291941678};-276.475521886821;37.78307306160264
49402;-100.454687881808;(((pow2((x + (_a6_ / _a3_))) / _a1_) + _a1_) * (x / _a0_));{'d0': {'_a0_': 0.4524589725433532, '_a1_': 0.654516331196549, '_a3_': 0.21546717533822032, '_a6_': 0.0672106129060927, '_a2_': 1.0, '_a4_': 1.0, '_a5_': 1.0, '_a7_': 1.0}};{'d0': 0.02490583291941678};-276.475521886821;37.78307306160264
49403;-100.454687881808;(((pow2((x + (_a6_ / _a3_))) / _a1_) + _a1_) * (x / _a0_));{'d0': {'_a0_': 0.4524589725433532, '_a1_': 0.654516331196549, '_a3_': 0.21546717533822032, '_a6_': 0.0672106129060927, '_a2_': 1.0, '_a4_': 1.0, '_a5_': 1.0, '_a7_': 1.0}};{'d0': 0.02490583291941678};-276.475521886821;37.78307306160264
49404;-100.454687881808;(((pow2((x + (_a6_ / _a3_))) / _a1_) + _a1_) * (x / _a0_));{'d0': {'_a0_': 0.4524589725433532, '_a1_': 0.654516331196549, '_a3_': 0.21546717533822032, '_a6_': 0.0672106129060927, '_a2_': 1.0, '_a4_': 1.0, '_a5_': 1.0, '_a7_': 1.0}};{'d0': 0.02490583291941678};-276.475521886821;37.78307306160264
49405;-100.454687881808;(((pow2((x + (_a6_ / _a3_))) / _a1_) + _a1_) * (x / _a0_));{'d0': {'_a0_': 0.4524589725433532, '_a1_': 0.654516331196549, '_a3_': 0.21546717533822032, '_a6_': 0.0672106129060927, '_a2_': 1.0, '_a4_': 1.0, '_a5_': 1.0, '_a7_': 1.0}};{'d0': 0.02490583291941678};-276.475521886821;37.78307306160264
49406;-100.454687881808;(((pow2((x + (_a6_ / _a3_))) / _a1_) + _a1_) * (x / _a0_));{'d0': {'_a0_': 0.4524589725433532, '_a1_': 0.654516331196549, '_a3_': 0.21546717533822032, '_a6_': 0.0672106129060927, '_a2_': 1.0, '_a4_': 1.0, '_a5_': 1.0, '_a7_': 1.0}};{'d0': 0.02490583291941678};-276.475521886821;37.78307306160264
49407;-100.454687881808;(((pow2((x + (_a6_ / _a3_))) / _a1_) + _a1_) * (x / _a0_));{'d0': {'_a0_': 0.4524589725433532, '_a1_': 0.654516331196549, '_a3_': 0.21546717533822032, '_a6_': 0.0672106129060927, '_a2_': 1.0, '_a4_': 1.0, '_a5_': 1.0, '_a7_': 1.0}};{'d0': 0.02490583291941678};-276.475521886821;37.78307306160264
49408;-100.454687881808;(((pow2((x + (_a6_ / _a3_))) / _a1_) + _a1_) * (x / _a0_));{'d0': {'_a0_': 0.4524589725433532, '_a1_': 0.654516331196549, '_a3_': 0.21546717533822032, '_a6_': 0.0672106129060927, '_a2_': 1.0, '_a4_': 1.0, '_a5_': 1.0, '_a7_': 1.0}};{'d0': 0.02490583291941678};-276.475521886821;37.78307306160264
49409;-100.454687881808;(((pow2((x + (_a6_ / _a3_))) / _a1_) + _a1_) * (x / _a0_));{'d0': {'_a0_': 0.4524589725433532, '_a1_': 0.654516331196549, '_a3_': 0.21546717533822032, '_a6_': 0.0672106129060927, '_a2_': 1.0, '_a4_': 1.0, '_a5_': 1.0, '_a7_': 1.0}};{'d0': 0.02490583291941678};-276.475521886821;37.78307306160264
49410;-100.454687881808;(((pow2((x + (_a6_ / _a3_))) / _a1_) + _a1_) * (x / _a0_));{'d0': {'_a0_': 0.4524589725433532, '_a1_': 0.654516331196549, '_a3_': 0.21546717533822032, '_a6_': 0.0672106129060927, '_a2_': 1.0, '_a4_': 1.0, '_a5_': 1.0, '_a7_': 1.0}};{'d0': 0.02490583291941678};-276.475521886821;37.78307306160264
49411;-100.454687881808;(((pow2((x + (_a6_ / _a3_))) / _a1_) + _a1_) * (x / _a0_));{'d0': {'_a0_': 0.4524589725433532, '_a1_': 0.654516331196549, '_a3_': 0.21546717533822032, '_a6_': 0.0672106129060927, '_a2_': 1.0, '_a4_': 1.0, '_a5_': 1.0, '_a7_': 1.0}};{'d0': 0.02490583291941678};-276.475521886821;37.78307306160264
49412;-100.454687881808;(((pow2((x + (_a6_ / _a3_))) / _a1_) + _a1_) * (x / _a0_));{'d0': {'_a0_': 0.4524589725433532, '_a1_': 0.654516331196549, '_a3_': 0.21546717533822032, '_a6_': 0.0672106129060927, '_a2_': 1.0, '_a4_': 1.0, '_a5_': 1.0, '_a7_': 1.0}};{'d0': 0.02490583291941678};-276.475521886821;37.78307306160264
49413;-100.454687881808;(((pow2((x + (_a6_ / _a3_))) / _a1_) + _a1_) * (x / _a0_));{'d0': {'_a0_': 0.4524589725433532, '_a1_': 0.654516331196549, '_a3_': 0.21546717533822032, '_a6_': 0.0672106129060927, '_a2_': 1.0, '_a4_': 1.0, '_a5_': 1.0, '_a7_': 1.0}};{'d0': 0.02490583291941678};-276.475521886821;37.78307306160264
49414;-102.487633080156;((_a1_ + (((pow3(_a2_) * _a5_) * (_a2_ + x)) * x)) * x);{'d0': {'_a1_': 1.7751354043932148, '_a2_': 0.6238594156327495, '_a5_': 13.907212970999153, '_a0_': 1.0, '_a3_': 1.0, '_a4_': 1.0, '_a6_': 1.0, '_a7_': 1.0}};{'d0': 0.024905832919416587};-280.569866449044;37.797300144366076
49415;-102.487633080156;((_a1_ + (((pow3(_a2_) * _a5_) * (_a2_ + x)) * x)) * x);{'d0': {'_a1_': 1.7751354043932148, '_a2_': 0.6238594156327495, '_a5_': 13.907212970999153, '_a0_': 1.0, '_a3_': 1.0, '_a4_': 1.0, '_a6_': 1.0, '_a7_': 1.0}};{'d0': 0.024905832919416587};-280.569866449044;37.797300144366076
49416;-102.487633080156;((_a1_ + (((pow3(_a2_) * _a5_) * (_a2_ + x)) * x)) * x);{'d0': {'_a1_': 1.7751354043932148, '_a2_': 0.6238594156327495, '_a5_': 13.907212970999153, '_a0_': 1.0, '_a3_': 1.0, '_a4_': 1.0, '_a6_': 1.0, '_a7_': 1.0}};{'d0': 0.024905832919416587};-280.569866449044;37.797300144366076
49417;-102.487633080156;((_a1_ + (((pow3(_a2_) * _a5_) * (_a2_ + x)) * x)) * x);{'d0': {'_a1_': 1.7751354043932148, '_a2_': 0.6238594156327495, '_a5_': 13.907212970999153, '_a0_': 1.0, '_a3_': 1.0, '_a4_': 1.0, '_a6_': 1.0, '_a7_': 1.0}};{'d0': 0.024905832919416587};-280.569866449044;37.797300144366076
49418;-102.487633080156;((_a1_ + (((pow3(_a2_) * _a5_) * (_a2_ + x)) * x)) * x);{'d0': {'_a1_': 1.7751354043932148, '_a2_': 0.6238594156327495, '_a5_': 13.907212970999153, '_a0_': 1.0, '_a3_': 1.0, '_a4_': 1.0, '_a6_': 1.0, '_a7_': 1.0}};{'d0': 0.024905832919416587};-280.569866449044;37.797300144366076
49419;-102.487633080156;((_a1_ + (((pow3(_a2_) * _a5_) * (_a2_ + x)) * x)) * x);{'d0': {'_a1_': 1.7751354043932148, '_a2_': 0.6238594156327495, '_a5_': 13.907212970999153, '_a0_': 1.0, '_a3_': 1.0, '_a4_': 1.0, '_a6_': 1.0, '_a7_': 1.0}};{'d0': 0.024905832919416587};-280.569866449044;37.797300144366076
49420;-102.487633080156;((_a1_ + (((pow3(_a2_) * _a5_) * (_a2_ + x)) * x)) * x);{'d0': {'_a1_': 1.7751354043932148, '_a2_': 0.6238594156327495, '_a5_': 13.907212970999153, '_a0_': 1.0, '_a3_': 1.0, '_a4_': 1.0, '_a6_': 1.0, '_a7_': 1.0}};{'d0': 0.024905832919416587};-280.569866449044;37.797300144366076
49421;-102.487633080156;((_a1_ + (((pow3(_a2_) * _a5_) * (_a2_ + x)) * x)) * x);{'d0': {'_a1_': 1.7751354043932148, '_a2_': 0.6238594156327495, '_a5_': 13.907212970999153, '_a0_': 1.0, '_a3_': 1.0, '_a4_': 1.0, '_a6_': 1.0, '_a7_': 1.0}};{'d0': 0.024905832919416587};-280.569866449044;37.797300144366076
49422;-102.487633080156;((_a1_ + (((pow3(_a2_) * _a5_) * (_a2_ + x)) * x)) * x);{'d0': {'_a1_': 1.7751354043932148, '_a2_': 0.6238594156327495, '_a5_': 13.907212970999153, '_a0_': 1.0, '_a3_': 1.0, '_a4_': 1.0, '_a6_': 1.0, '_a7_': 1.0}};{'d0': 0.024905832919416587};-280.569866449044;37.797300144366076
49423;-102.487633080156;((_a7_ + (((pow3(_a2_) * _a5_) * (_a2_ + x)) * x)) * x);{'d0': {'_a2_': 0.6238594157357669, '_a5_': 13.907212961436512, '_a7_': 1.7751354048049, '_a0_': 1.0, '_a1_': 1.0, '_a3_': 1.0, '_a4_': 1.0, '_a6_': 1.0}};{'d0': 0.024905832919416636};-280.569866449044;37.797300144366076
49424;-102.487633080156;((_a7_ + (((pow3(_a2_) * _a5_) * (_a2_ + x)) * x)) * x);{'d0': {'_a2_': 0.6238594157357669, '_a5_': 13.907212961436512, '_a7_': 1.7751354048049, '_a0_': 1.0, '_a1_': 1.0, '_a3_': 1.0, '_a4_': 1.0, '_a6_': 1.0}};{'d0': 0.024905832919416636};-280.569866449044;37.797300144366076
49425;-102.487633080156;((_a7_ + (((pow3(_a2_) * _a5_) * (_a2_ + x)) * x)) * x);{'d0': {'_a2_': 0.6238594157357669, '_a5_': 13.907212961436512, '_a7_': 1.7751354048049, '_a0_': 1.0, '_a1_': 1.0, '_a3_': 1.0, '_a4_': 1.0, '_a6_': 1.0}};{'d0': 0.024905832919416636};-280.569866449044;37.797300144366076
49426;-102.487633080156;((_a7_ + (((pow3(_a2_) * _a5_) * (_a2_ + x)) * x)) * x);{'d0': {'_a2_': 0.6238594157357669, '_a5_': 13.907212961436512, '_a7_': 1.7751354048049, '_a0_': 1.0, '_a1_': 1.0, '_a3_': 1.0, '_a4_': 1.0, '_a6_': 1.0}};{'d0': 0.024905832919416636};-280.569866449044;37.797300144366076
49427;-102.487633080156;((_a7_ + (((pow3(_a2_) * _a5_) * (_a2_ + x)) * x)) * x);{'d0': {'_a2_': 0.6238594157357669, '_a5_': 13.907212961436512, '_a7_': 1.7751354048049, '_a0_': 1.0, '_a1_': 1.0, '_a3_': 1.0, '_a4_': 1.0, '_a6_': 1.0}};{'d0': 0.024905832919416636};-280.569866449044;37.797300144366076
49428;-102.487633080156;((_a7_ + (((pow3(_a2_) * _a5_) * (_a2_ + x)) * x)) * x);{'d0': {'_a2_': 0.6238594157357669, '_a5_': 13.907212961436512, '_a7_': 1.7751354048049, '_a0_': 1.0, '_a1_': 1.0, '_a3_': 1.0, '_a4_': 1.0, '_a6_': 1.0}};{'d0': 0.024905832919416636};-280.569866449044;37.797300144366076
49429;-102.487633080156;((_a7_ + (((pow3(_a2_) * _a5_) * (_a2_ + x)) * x)) * x);{'d0': {'_a2_': 0.6238594157357669, '_a5_': 13.907212961436512, '_a7_': 1.7751354048049, '_a0_': 1.0, '_a1_': 1.0, '_a3_': 1.0, '_a4_': 1.0, '_a6_': 1.0}};{'d0': 0.024905832919416636};-280.569866449044;37.797300144366076
49430;-102.487633080156;((_a7_ + (((pow3(_a2_) * _a5_) * (_a2_ + x)) * x)) * x);{'d0': {'_a2_': 0.6238594157357669, '_a5_': 13.907212961436512, '_a7_': 1.7751354048049, '_a0_': 1.0, '_a1_': 1.0, '_a3_': 1.0, '_a4_': 1.0, '_a6_': 1.0}};{'d0': 0.024905832919416636};-280.569866449044;37.797300144366076
49431;-102.487633080156;((_a7_ + (((pow3(_a2_) * _a5_) * (_a2_ + x)) * x)) * x);{'d0': {'_a2_': 0.6238594157357669, '_a5_': 13.907212961436512, '_a7_': 1.7751354048049, '_a0_': 1.0, '_a1_': 1.0, '_a3_': 1.0, '_a4_': 1.0, '_a6_': 1.0}};{'d0': 0.024905832919416636};-280.569866449044;37.797300144366076
49432;-103.721183112456;((_a7_ + (((log(_a2_) * _a5_) * (_a2_ + x)) * x)) * x);{'d0': {'_a2_': 0.6238594154737412, '_a5_': -7.156728524852715, '_a7_': 1.7751354040974674, '_a0_': 1.0, '_a1_': 1.0, '_a3_': 1.0, '_a4_': 1.0, '_a6_': 1.0}};{'d0': 0.024905832919416622};-280.569866449044;36.563750112066074
49433;-103.721183112456;((_a7_ + (((log(_a2_) * _a5_) * (_a2_ + x)) * x)) * x);{'d0': {'_a2_': 0.6238594154737412, '_a5_': -7.156728524852715, '_a7_': 1.7751354040974674, '_a0_': 1.0, '_a1_': 1.0, '_a3_': 1.0, '_a4_': 1.0, '_a6_': 1.0}};{'d0': 0.024905832919416622};-280.569866449044;36.563750112066074
49434;-103.721183112456;((_a7_ + (((log(_a2_) * _a5_) * (_a2_ + x)) * x)) * x);{'d0': {'_a2_': 0.6238594154737412, '_a5_': -7.156728524852715, '_a7_': 1.7751354040974674, '_a0_': 1.0, '_a1_': 1.0, '_a3_': 1.0, '_a4_': 1.0, '_a6_': 1.0}};{'d0': 0.024905832919416622};-280.569866449044;36.563750112066074
49435;-103.721183112456;((_a7_ + (((log(_a2_) * _a5_) * (_a2_ + x)) * x)) * x);{'d0': {'_a2_': 0.6238594154737412, '_a5_': -7.156728524852715, '_a7_': 1.7751354040974674, '_a0_': 1.0, '_a1_': 1.0, '_a3_': 1.0, '_a4_': 1.0, '_a6_': 1.0}};{'d0': 0.024905832919416622};-280.569866449044;36.563750112066074
49436;-103.721183112456;((_a7_ + (((log(_a2_) * _a5_) * (_a2_ + x)) * x)) * x);{'d0': {'_a2_': 0.6238594154737412, '_a5_': -7.156728524852715, '_a7_': 1.7751354040974674, '_a0_': 1.0, '_a1_': 1.0, '_a3_': 1.0, '_a4_': 1.0, '_a6_': 1.0}};{'d0': 0.024905832919416622};-280.569866449044;36.563750112066074
49437;-103.721183112456;((_a7_ + (((log(_a2_) * _a5_) * (_a2_ + x)) * x)) * x);{'d0': {'_a2_': 0.6238594154737412, '_a5_': -7.156728524852715, '_a7_': 1.7751354040974674, '_a0_': 1.0, '_a1_': 1.0, '_a3_': 1.0, '_a4_': 1.0, '_a6_': 1.0}};{'d0': 0.024905832919416622};-280.569866449044;36.563750112066074
49438;-103.721183112456;((_a7_ + (((log(_a2_) * _a5_) * (_a2_ + x)) * x)) * x);{'d0': {'_a2_': 0.6238594154737412, '_a5_': -7.156728524852715, '_a7_': 1.7751354040974674, '_a0_': 1.0, '_a1_': 1.0, '_a3_': 1.0, '_a4_': 1.0, '_a6_': 1.0}};{'d0': 0.024905832919416622};-280.569866449044;36.563750112066074
49439;-103.721183112456;((_a7_ + (((log(_a2_) * _a5_) * (_a2_ + x)) * x)) * x);{'d0': {'_a2_': 0.6238594154737412, '_a5_': -7.156728524852715, '_a7_': 1.7751354040974674, '_a0_': 1.0, '_a1_': 1.0, '_a3_': 1.0, '_a4_': 1.0, '_a6_': 1.0}};{'d0': 0.024905832919416622};-280.569866449044;36.563750112066074
49440;-103.721183112456;((_a7_ + (((log(_a2_) * _a5_) * (_a2_ + x)) * x)) * x);{'d0': {'_a2_': 0.6238594154737412, '_a5_': -7.156728524852715, '_a7_': 1.7751354040974674, '_a0_': 1.0, '_a1_': 1.0, '_a3_': 1.0, '_a4_': 1.0, '_a6_': 1.0}};{'d0': 0.024905832919416622};-280.569866449044;36.563750112066074
49441;-103.721183112456;((_a7_ + (((log(_a2_) * _a5_) * (_a2_ + x)) * x)) * x);{'d0': {'_a2_': 0.6238594154737412, '_a5_': -7.156728524852715, '_a7_': 1.7751354040974674, '_a0_': 1.0, '_a1_': 1.0, '_a3_': 1.0, '_a4_': 1.0, '_a6_': 1.0}};{'d0': 0.024905832919416622};-280.569866449044;36.563750112066074
49442;-103.721183112456;((_a7_ + (((log(_a2_) * _a5_) * (_a2_ + x)) * x)) * x);{'d0': {'_a2_': 0.6238594154737412, '_a5_': -7.156728524852715, '_a7_': 1.7751354040974674, '_a0_': 1.0, '_a1_': 1.0, '_a3_': 1.0, '_a4_': 1.0, '_a6_': 1.0}};{'d0': 0.024905832919416622};-280.569866449044;36.563750112066074
49443;-103.721183112456;((_a7_ + (((log(_a2_) * _a5_) * (_a2_ + x)) * x)) * x);{'d0': {'_a2_': 0.6238594154737412, '_a5_': -7.156728524852715, '_a7_': 1.7751354040974674, '_a0_': 1.0, '_a1_': 1.0, '_a3_': 1.0, '_a4_': 1.0, '_a6_': 1.0}};{'d0': 0.024905832919416622};-280.569866449044;36.563750112066074
49444;-103.721183112456;((_a7_ + (((log(_a2_) * _a5_) * (_a2_ + x)) * x)) * x);{'d0': {'_a2_': 0.6238594154737412, '_a5_': -7.156728524852715, '_a7_': 1.7751354040974674, '_a0_': 1.0, '_a1_': 1.0, '_a3_': 1.0, '_a4_': 1.0, '_a6_': 1.0}};{'d0': 0.024905832919416622};-280.569866449044;36.563750112066074
49445;-103.721183112456;((_a7_ + (((log(_a2_) * _a5_) * (_a2_ + x)) * x)) * x);{'d0': {'_a2_': 0.6238594154737412, '_a5_': -7.156728524852715, '_a7_': 1.7751354040974674, '_a0_': 1.0, '_a1_': 1.0, '_a3_': 1.0, '_a4_': 1.0, '_a6_': 1.0}};{'d0': 0.024905832919416622};-280.569866449044;36.563750112066074
49446;-103.721183112456;((_a7_ + (((log(_a2_) * _a5_) * (_a2_ + x)) * x)) * x);{'d0': {'_a2_': 0.6238594154737412, '_a5_': -7.156728524852715, '_a7_': 1.7751354040974674, '_a0_': 1.0, '_a1_': 1.0, '_a3_': 1.0, '_a4_': 1.0, '_a6_': 1.0}};{'d0': 0.024905832919416622};-280.569866449044;36.563750112066074
49447;-102.749921988883;((_a7_ + (((log(_a2_) + _a5_) * (_a2_ + x)) * x)) * x);{'d0': {'_a2_': 0.6238594155897716, '_a5_': 3.848591110754251, '_a7_': 1.7751354041957135, '_a0_': 1.0, '_a1_': 1.0, '_a3_': 1.0, '_a4_': 1.0, '_a6_': 1.0}};{'d0': 0.0249058329194166};-280.569866449044;37.535011235639075
49448;-102.749921988883;((_a7_ + (((log(_a2_) + _a5_) * (_a2_ + x)) * x)) * x);{'d0': {'_a2_': 0.6238594155897716, '_a5_': 3.848591110754251, '_a7_': 1.7751354041957135, '_a0_': 1.0, '_a1_': 1.0, '_a3_': 1.0, '_a4_': 1.0, '_a6_': 1.0}};{'d0': 0.0249058329194166};-280.569866449044;37.535011235639075
49449;-102.749921988883;((_a7_ + (((log(_a2_) + _a5_) * (_a2_ + x)) * x)) * x);{'d0': {'_a2_': 0.6238594155897716, '_a5_': 3.848591110754251, '_a7_': 1.7751354041957135, '_a0_': 1.0, '_a1_': 1.0, '_a3_': 1.0, '_a4_': 1.0, '_a6_': 1.0}};{'d0': 0.0249058329194166};-280.569866449044;37.535011235639075
49450;-102.749921988883;((_a7_ + (((log(_a2_) + _a5_) * (_a2_ + x)) * x)) * x);{'d0': {'_a2_': 0.6238594155897716, '_a5_': 3.848591110754251, '_a7_': 1.7751354041957135, '_a0_': 1.0, '_a1_': 1.0, '_a3_': 1.0, '_a4_': 1.0, '_a6_': 1.0}};{'d0': 0.0249058329194166};-280.569866449044;37.535011235639075
49451;-102.749921988883;((_a7_ + (((log(_a2_) + _a5_) * (_a2_ + x)) * x)) * x);{'d0': {'_a2_': 0.6238594155897716, '_a5_': 3.848591110754251, '_a7_': 1.7751354041957135, '_a0_': 1.0, '_a1_': 1.0, '_a3_': 1.0, '_a4_': 1.0, '_a6_': 1.0}};{'d0': 0.0249058329194166};-280.569866449044;37.535011235639075
49452;-102.749921988883;((_a7_ + (((log(_a2_) + _a5_) * (_a2_ + x)) * x)) * x);{'d0': {'_a2_': 0.6238594155897716, '_a5_': 3.848591110754251, '_a7_': 1.7751354041957135, '_a0_': 1.0, '_a1_': 1.0, '_a3_': 1.0, '_a4_': 1.0, '_a6_': 1.0}};{'d0': 0.0249058329194166};-280.569866449044;37.535011235639075
49453;-102.749921988883;((_a7_ + (((log(_a2_) + _a5_) * (_a2_ + x)) * x)) * x);{'d0': {'_a2_': 0.6238594155897716, '_a5_': 3.848591110754251, '_a7_': 1.7751354041957135, '_a0_': 1.0, '_a1_': 1.0, '_a3_': 1.0, '_a4_': 1.0, '_a6_': 1.0}};{'d0': 0.0249058329194166};-280.569866449044;37.535011235639075
49454;-102.749921988883;((_a7_ + (((log(_a2_) + _a5_) * (_a2_ + x)) * x)) * x);{'d0': {'_a2_': 0.6238594155897716, '_a5_': 3.848591110754251, '_a7_': 1.7751354041957135, '_a0_': 1.0, '_a1_': 1.0, '_a3_': 1.0, '_a4_': 1.0, '_a6_': 1.0}};{'d0': 0.0249058329194166};-280.569866449044;37.535011235639075
49455;-102.749921988883;((_a7_ + (((log(_a5_) + _a5_) * (_a2_ + x)) * x)) * x);{'d0': {'_a2_': 0.6238594155709374, '_a5_': 2.4718101439412554, '_a7_': 1.7751354043605942, '_a0_': 1.0, '_a1_': 1.0, '_a3_': 1.0, '_a4_': 1.0, '_a6_': 1.0}};{'d0': 0.024905832919416632};-280.569866449044;37.535011235639075
49456;-102.749921988883;((_a7_ + (((log(_a5_) + _a5_) * (_a2_ + x)) * x)) * x);{'d0': {'_a2_': 0.6238594155709374, '_a5_': 2.4718101439412554, '_a7_': 1.7751354043605942, '_a0_': 1.0, '_a1_': 1.0, '_a3_': 1.0, '_a4_': 1.0, '_a6_': 1.0}};{'d0': 0.024905832919416632};-280.569866449044;37.535011235639075
49457;-102.749921988883;((_a7_ + (((log(_a5_) + _a5_) * (_a2_ + x)) * x)) * x);{'d0': {'_a2_': 0.6238594155709374, '_a5_': 2.4718101439412554, '_a7_': 1.7751354043605942, '_a0_': 1.0, '_a1_': 1.0, '_a3_': 1.0, '_a4_': 1.0, '_a6_': 1.0}};{'d0': 0.024905832919416632};-280.569866449044;37.535011235639075
49458;-102.749921988883;((_a7_ + (((log(_a5_) + _a5_) * (_a2_ + x)) * x)) * x);{'d0': {'_a2_': 0.6238594155709374, '_a5_': 2.4718101439412554, '_a7_': 1.7751354043605942, '_a0_': 1.0, '_a1_': 1.0, '_a3_': 1.0, '_a4_': 1.0, '_a6_': 1.0}};{'d0': 0.024905832919416632};-280.569866449044;37.535011235639075
49459;-102.749921988883;((_a7_ + (((log(_a5_) + _a5_) * (_a2_ + x)) * x)) * x);{'d0': {'_a2_': 0.6238594155709374, '_a5_': 2.4718101439412554, '_a7_': 1.7751354043605942, '_a0_': 1.0, '_a1_': 1.0, '_a3_': 1.0, '_a4_': 1.0, '_a6_': 1.0}};{'d0': 0.024905832919416632};-280.569866449044;37.535011235639075
49460;-102.749921988883;((_a7_ + (((log(_a5_) + _a5_) * (_a2_ + x)) * x)) * x);{'d0': {'_a2_': 0.6238594155709374, '_a5_': 2.4718101439412554, '_a7_': 1.7751354043605942, '_a0_': 1.0, '_a1_': 1.0, '_a3_': 1.0, '_a4_': 1.0, '_a6_': 1.0}};{'d0': 0.024905832919416632};-280.569866449044;37.535011235639075
49461;-93.3350739907537;(((pow2((x + (_a3_ * log(_a0_)))) / _a1_) + x) * ((_a1_ * x) / _a0_));{'d0': {'_a0_': 0.29614178838573646, '_a1_': 2.0739515156297337, '_a3_': 0.5958057080576308, '_a2_': 1.0, '_a4_': 1.0, '_a5_': 1.0, '_a6_': 1.0, '_a7_': 1.0}};{'d0': 0.024905832919416573};-280.569866449044;46.949859233768635
49462;-93.3350739907537;(((pow2((x + (_a3_ * log(_a0_)))) / _a1_) + x) * ((_a1_ * x) / _a0_));{'d0': {'_a0_': 0.29614178838573646, '_a1_': 2.0739515156297337, '_a3_': 0.5958057080576308, '_a2_': 1.0, '_a4_': 1.0, '_a5_': 1.0, '_a6_': 1.0, '_a7_': 1.0}};{'d0': 0.024905832919416573};-280.569866449044;46.949859233768635
49463;-93.3350739907537;(((pow2((x + (_a3_ * log(_a0_)))) / _a1_) + x) * ((_a1_ * x) / _a0_));{'d0': {'_a0_': 0.29614178838573646, '_a1_': 2.0739515156297337, '_a3_': 0.5958057080576308, '_a2_': 1.0, '_a4_': 1.0, '_a5_': 1.0, '_a6_': 1.0, '_a7_': 1.0}};{'d0': 0.024905832919416573};-280.569866449044;46.949859233768635
49464;-93.3350739907537;(((pow2((x + (_a3_ * log(_a0_)))) / _a1_) + x) * ((_a1_ * x) / _a0_));{'d0': {'_a0_': 0.29614178838573646, '_a1_': 2.0739515156297337, '_a3_': 0.5958057080576308, '_a2_': 1.0, '_a4_': 1.0, '_a5_': 1.0, '_a6_': 1.0, '_a7_': 1.0}};{'d0': 0.024905832919416573};-280.569866449044;46.949859233768635
49465;-93.3350739907537;(((pow2((x + (_a3_ * log(_a0_)))) / _a1_) + x) * ((_a1_ * x) / _a0_));{'d0': {'_a0_': 0.29614178838573646, '_a1_': 2.0739515156297337, '_a3_': 0.5958057080576308, '_a2_': 1.0, '_a4_': 1.0, '_a5_': 1.0, '_a6_': 1.0, '_a7_': 1.0}};{'d0': 0.024905832919416573};-280.569866449044;46.949859233768635
49466;-93.3350739907537;(((pow2((x + (_a3_ * log(_a0_)))) / _a1_) + x) * ((_a1_ * x) / _a0_));{'d0': {'_a0_': 0.29614178838573646, '_a1_': 2.0739515156297337, '_a3_': 0.5958057080576308, '_a2_': 1.0, '_a4_': 1.0, '_a5_': 1.0, '_a6_': 1.0, '_a7_': 1.0}};{'d0': 0.024905832919416573};-280.569866449044;46.949859233768635
49467;-93.3350739907537;(((pow2((x + (_a3_ * log(_a0_)))) / _a1_) + x) * ((_a1_ * x) / _a0_));{'d0': {'_a0_': 0.29614178838573646, '_a1_': 2.0739515156297337, '_a3_': 0.5958057080576308, '_a2_': 1.0, '_a4_': 1.0, '_a5_': 1.0, '_a6_': 1.0, '_a7_': 1.0}};{'d0': 0.024905832919416573};-280.569866449044;46.949859233768635
49468;-93.3350739907537;(((pow2((x + (_a3_ * log(_a0_)))) / _a1_) + x) * ((_a1_ * x) / _a0_));{'d0': {'_a0_': 0.29614178838573646, '_a1_': 2.0739515156297337, '_a3_': 0.5958057080576308, '_a2_': 1.0, '_a4_': 1.0, '_a5_': 1.0, '_a6_': 1.0, '_a7_': 1.0}};{'d0': 0.024905832919416573};-280.569866449044;46.949859233768635
49469;-93.3350739907537;(((pow2((x + (_a3_ * log(_a0_)))) / _a1_) + x) * ((_a1_ * x) / _a0_));{'d0': {'_a0_': 0.29614178838573646, '_a1_': 2.0739515156297337, '_a3_': 0.5958057080576308, '_a2_': 1.0, '_a4_': 1.0, '_a5_': 1.0, '_a6_': 1.0, '_a7_': 1.0}};{'d0': 0.024905832919416573};-280.569866449044;46.949859233768635
49470;-93.3350739907537;(((pow2((x + (_a3_ * log(_a0_)))) / _a1_) + x) * ((_a1_ * x) / _a0_));{'d0': {'_a0_': 0.29614178838573646, '_a1_': 2.0739515156297337, '_a3_': 0.5958057080576308, '_a2_': 1.0, '_a4_': 1.0, '_a5_': 1.0, '_a6_': 1.0, '_a7_': 1.0}};{'d0': 0.024905832919416573};-280.569866449044;46.949859233768635
49471;-93.3350739907537;(((pow2((x + (_a3_ * log(_a0_)))) / _a1_) + x) * ((_a1_ * x) / _a0_));{'d0': {'_a0_': 0.29614178838573646, '_a1_': 2.0739515156297337, '_a3_': 0.5958057080576308, '_a2_': 1.0, '_a4_': 1.0, '_a5_': 1.0, '_a6_': 1.0, '_a7_': 1.0}};{'d0': 0.024905832919416573};-280.569866449044;46.949859233768635
49472;-93.3350739907537;(((pow2((x + (_a3_ * log(_a0_)))) / _a1_) + x) * ((_a1_ * x) / _a0_));{'d0': {'_a0_': 0.29614178838573646, '_a1_': 2.0739515156297337, '_a3_': 0.5958057080576308, '_a2_': 1.0, '_a4_': 1.0, '_a5_': 1.0, '_a6_': 1.0, '_a7_': 1.0}};{'d0': 0.024905832919416573};-280.569866449044;46.949859233768635
49473;-93.3350739907537;(((pow2((x + (_a3_ * log(_a0_)))) / _a1_) + x) * ((_a1_ * x) / _a0_));{'d0': {'_a0_': 0.29614178838573646, '_a1_': 2.0739515156297337, '_a3_': 0.5958057080576308, '_a2_': 1.0, '_a4_': 1.0, '_a5_': 1.0, '_a6_': 1.0, '_a7_': 1.0}};{'d0': 0.024905832919416573};-280.569866449044;46.949859233768635
49474;-93.3350739907537;(((pow2((x + (_a3_ * log(_a0_)))) / _a1_) + x) * ((_a1_ * x) / _a0_));{'d0': {'_a0_': 0.29614178838573646, '_a1_': 2.0739515156297337, '_a3_': 0.5958057080576308, '_a2_': 1.0, '_a4_': 1.0, '_a5_': 1.0, '_a6_': 1.0, '_a7_': 1.0}};{'d0': 0.024905832919416573};-280.569866449044;46.949859233768635
49475;-93.3350739907537;(((pow2((x + (_a3_ * log(_a0_)))) / _a1_) + x) * ((_a1_ * x) / _a0_));{'d0': {'_a0_': 0.29614178838573646, '_a1_': 2.0739515156297337, '_a3_': 0.5958057080576308, '_a2_': 1.0, '_a4_': 1.0, '_a5_': 1.0, '_a6_': 1.0, '_a7_': 1.0}};{'d0': 0.024905832919416573};-280.569866449044;46.949859233768635
49476;-105.608355025257;(((pow2(((_a5_ + _a5_) + x)) + _a0_) * -(_a4_)) * x);{'d0': {'_a0_': 0.4283916275334574, '_a4_': -3.376760879604813, '_a5_': 0.15596485389885956, '_a1_': 1.0, '_a2_': 1.0, '_a3_': 1.0, '_a6_': 1.0, '_a7_': 1.0}};{'d0': 0.024905832919416636};-280.569866449044;34.676578199264334
49477;-105.608355025257;(((pow2(((_a5_ + _a5_) + x)) + _a0_) * -(_a4_)) * x);{'d0': {'_a0_': 0.4283916275334574, '_a4_': -3.376760879604813, '_a5_': 0.15596485389885956, '_a1_': 1.0, '_a2_': 1.0, '_a3_': 1.0, '_a6_': 1.0, '_a7_': 1.0}};{'d0': 0.024905832919416636};-280.569866449044;34.676578199264334
49478;-105.608355025257;(((pow2(((_a5_ + _a5_) + x)) + _a0_) * -(_a4_)) * x);{'d0': {'_a0_': 0.4283916275334574, '_a4_': -3.376760879604813, '_a5_': 0.15596485389885956, '_a1_': 1.0, '_a2_': 1.0, '_a3_': 1.0, '_a6_': 1.0, '_a7_': 1.0}};{'d0': 0.024905832919416636};-280.569866449044;34.676578199264334
49479;-105.608355025257;(((pow2(((_a5_ + _a5_) + x)) + _a0_) * -(_a4_)) * x);{'d0': {'_a0_': 0.4283916275334574, '_a4_': -3.376760879604813, '_a5_': 0.15596485389885956, '_a1_': 1.0, '_a2_': 1.0, '_a3_': 1.0, '_a6_': 1.0, '_a7_': 1.0}};{'d0': 0.024905832919416636};-280.569866449044;34.676578199264334
49480;-105.608355025257;(((pow2(((_a5_ + _a5_) + x)) + _a0_) * -(_a4_)) * x);{'d0': {'_a0_': 0.4283916275334574, '_a4_': -3.376760879604813, '_a5_': 0.15596485389885956, '_a1_': 1.0, '_a2_': 1.0, '_a3_': 1.0, '_a6_': 1.0, '_a7_': 1.0}};{'d0': 0.024905832919416636};-280.569866449044;34.676578199264334
49481;-105.608355025257;(((pow2(((_a5_ + _a5_) + x)) + _a0_) * -(_a4_)) * x);{'d0': {'_a0_': 0.4283916275334574, '_a4_': -3.376760879604813, '_a5_': 0.15596485389885956, '_a1_': 1.0, '_a2_': 1.0, '_a3_': 1.0, '_a6_': 1.0, '_a7_': 1.0}};{'d0': 0.024905832919416636};-280.569866449044;34.676578199264334
49482;-105.608355025257;(((pow2(((_a5_ + _a5_) + x)) + _a0_) * -(_a4_)) * x);{'d0': {'_a0_': 0.4283916275334574, '_a4_': -3.376760879604813, '_a5_': 0.15596485389885956, '_a1_': 1.0, '_a2_': 1.0, '_a3_': 1.0, '_a6_': 1.0, '_a7_': 1.0}};{'d0': 0.024905832919416636};-280.569866449044;34.676578199264334
49483;-105.608355025257;(((pow2(((_a5_ + _a5_) + x)) + _a0_) * -(_a4_)) * x);{'d0': {'_a0_': 0.4283916275334574, '_a4_': -3.376760879604813, '_a5_': 0.15596485389885956, '_a1_': 1.0, '_a2_': 1.0, '_a3_': 1.0, '_a6_': 1.0, '_a7_': 1.0}};{'d0': 0.024905832919416636};-280.569866449044;34.676578199264334
49484;-105.608355025257;(((pow2(((_a5_ + _a5_) + x)) + _a0_) * -(_a4_)) * x);{'d0': {'_a0_': 0.4283916275334574, '_a4_': -3.376760879604813, '_a5_': 0.15596485389885956, '_a1_': 1.0, '_a2_': 1.0, '_a3_': 1.0, '_a6_': 1.0, '_a7_': 1.0}};{'d0': 0.024905832919416636};-280.569866449044;34.676578199264334
49485;-105.608355025257;(((pow2(((_a5_ + _a5_) + x)) + _a0_) * -(_a4_)) * x);{'d0': {'_a0_': 0.4283916275334574, '_a4_': -3.376760879604813, '_a5_': 0.15596485389885956, '_a1_': 1.0, '_a2_': 1.0, '_a3_': 1.0, '_a6_': 1.0, '_a7_': 1.0}};{'d0': 0.024905832919416636};-280.569866449044;34.676578199264334
49486;-105.608355025257;(((pow2(((_a5_ + _a5_) + x)) + _a0_) * -(_a4_)) * x);{'d0': {'_a0_': 0.4283916275334574, '_a4_': -3.376760879604813, '_a5_': 0.15596485389885956, '_a1_': 1.0, '_a2_': 1.0, '_a3_': 1.0, '_a6_': 1.0, '_a7_': 1.0}};{'d0': 0.024905832919416636};-280.569866449044;34.676578199264334
49487;-105.608355025257;(((pow2(((_a5_ + _a5_) + x)) + _a0_) * -(_a4_)) * x);{'d0': {'_a0_': 0.4283916275334574, '_a4_': -3.376760879604813, '_a5_': 0.15596485389885956, '_a1_': 1.0, '_a2_': 1.0, '_a3_': 1.0, '_a6_': 1.0, '_a7_': 1.0}};{'d0': 0.024905832919416636};-280.569866449044;34.676578199264334
49488;-105.608355025257;(((pow2(((_a5_ + _a5_) + x)) + _a0_) * -(_a4_)) * x);{'d0': {'_a0_': 0.4283916275334574, '_a4_': -3.376760879604813, '_a5_': 0.15596485389885956, '_a1_': 1.0, '_a2_': 1.0, '_a3_': 1.0, '_a6_': 1.0, '_a7_': 1.0}};{'d0': 0.024905832919416636};-280.569866449044;34.676578199264334
49489;-105.608355025257;(((pow2(((_a5_ + _a5_) + x)) + _a0_) * -(_a4_)) * x);{'d0': {'_a0_': 0.4283916275334574, '_a4_': -3.376760879604813, '_a5_': 0.15596485389885956, '_a1_': 1.0, '_a2_': 1.0, '_a3_': 1.0, '_a6_': 1.0, '_a7_': 1.0}};{'d0': 0.024905832919416636};-280.569866449044;34.676578199264334
49490;-105.608355025257;(((pow2(((_a5_ + _a5_) + x)) + _a0_) * -(_a4_)) * x);{'d0': {'_a0_': 0.4283916275334574, '_a4_': -3.376760879604813, '_a5_': 0.15596485389885956, '_a1_': 1.0, '_a2_': 1.0, '_a3_': 1.0, '_a6_': 1.0, '_a7_': 1.0}};{'d0': 0.024905832919416636};-280.569866449044;34.676578199264334
49491;-102.308962252590;((_a7_ + ((((_a5_ / x) + _a7_) * (_a2_ + x)) * x)) * x);{'d0': {'_a2_': -0.4441181557513179, '_a5_': 3.6063048811415745, '_a7_': 3.3767608775177615, '_a0_': 1.0, '_a1_': 1.0, '_a3_': 1.0, '_a4_': 1.0, '_a6_': 1.0}};{'d0': 0.024905832919416622};-280.569866449044;37.975970971931474
49492;-102.308962252590;((_a7_ + ((((_a5_ / x) + _a7_) * (_a2_ + x)) * x)) * x);{'d0': {'_a2_': -0.4441181557513179, '_a5_': 3.6063048811415745, '_a7_': 3.3767608775177615, '_a0_': 1.0, '_a1_': 1.0, '_a3_': 1.0, '_a4_': 1.0, '_a6_': 1.0}};{'d0': 0.024905832919416622};-280.569866449044;37.975970971931474
49493;-102.308962252590;((_a7_ + ((((_a5_ / x) + _a7_) * (_a2_ + x)) * x)) * x);{'d0': {'_a2_': -0.4441181557513179, '_a5_': 3.6063048811415745, '_a7_': 3.3767608775177615, '_a0_': 1.0, '_a1_': 1.0, '_a3_': 1.0, '_a4_': 1.0, '_a6_': 1.0}};{'d0': 0.024905832919416622};-280.569866449044;37.975970971931474
49494;-102.308962252590;((_a7_ + ((((_a5_ / x) + _a7_) * (_a2_ + x)) * x)) * x);{'d0': {'_a2_': -0.4441181557513179, '_a5_': 3.6063048811415745, '_a7_': 3.3767608775177615, '_a0_': 1.0, '_a1_': 1.0, '_a3_': 1.0, '_a4_': 1.0, '_a6_': 1.0}};{'d0': 0.024905832919416622};-280.569866449044;37.975970971931474
49495;-102.308962252590;((_a7_ + ((((_a5_ / x) + _a7_) * (_a2_ + x)) * x)) * x);{'d0': {'_a2_': -0.4441181557513179, '_a5_': 3.6063048811415745, '_a7_': 3.3767608775177615, '_a0_': 1.0, '_a1_': 1.0, '_a3_': 1.0, '_a4_': 1.0, '_a6_': 1.0}};{'d0': 0.024905832919416622};-280.569866449044;37.975970971931474
49496;-102.308962252590;((_a7_ + ((((_a5_ / x) + _a7_) * (_a2_ + x)) * x)) * x);{'d0': {'_a2_': -0.4441181557513179, '_a5_': 3.6063048811415745, '_a7_': 3.3767608775177615, '_a0_': 1.0, '_a1_': 1.0, '_a3_': 1.0, '_a4_': 1.0, '_a6_': 1.0}};{'d0': 0.024905832919416622};-280.569866449044;37.975970971931474
49497;-102.308962252590;((_a7_ + ((((_a5_ / x) + _a7_) * (_a2_ + x)) * x)) * x);{'d0': {'_a2_': -0.4441181557513179, '_a5_': 3.6063048811415745, '_a7_': 3.3767608775177615, '_a0_': 1.0, '_a1_': 1.0, '_a3_': 1.0, '_a4_': 1.0, '_a6_': 1.0}};{'d0': 0.024905832919416622};-280.569866449044;37.975970971931474
49498;-102.308962252590;((_a7_ + ((((_a5_ / x) + _a7_) * (_a2_ + x)) * x)) * x);{'d0': {'_a2_': -0.4441181557513179, '_a5_': 3.6063048811415745, '_a7_': 3.3767608775177615, '_a0_': 1.0, '_a1_': 1.0, '_a3_': 1.0, '_a4_': 1.0, '_a6_': 1.0}};{'d0': 0.024905832919416622};-280.569866449044;37.975970971931474
49499;-102.308962252590;((_a7_ + ((((_a5_ / x) + _a7_) * (_a2_ + x)) * x)) * x);{'d0': {'_a2_': -0.4441181557513179, '_a5_': 3.6063048811415745, '_a7_': 3.3767608775177615, '_a0_': 1.0, '_a1_': 1.0, '_a3_': 1.0, '_a4_': 1.0, '_a6_': 1.0}};{'d0': 0.024905832919416622};-280.569866449044;37.975970971931474
49500;-102.308962252590;((_a7_ + ((((_a5_ / x) + _a7_) * (_a2_ + x)) * x)) * x);{'d0': {'_a2_': -0.4441181557513179, '_a5_': 3.6063048811415745, '_a7_': 3.3767608775177615, '_a0_': 1.0, '_a1_': 1.0, '_a3_': 1.0, '_a4_': 1.0, '_a6_': 1.0}};{'d0': 0.024905832919416622};-280.569866449044;37.975970971931474
49501;-105.608355025257;(((pow2(((_a5_ + _a5_) + x)) + _a0_) * -(_a4_)) * x);{'d0': {'_a0_': 0.4283916275334574, '_a4_': -3.376760879604813, '_a5_': 0.15596485389885956, '_a1_': 1.0, '_a2_': 1.0, '_a3_': 1.0, '_a6_': 1.0, '_a7_': 1.0}};{'d0': 0.024905832919416636};-280.569866449044;34.676578199264334
49502;-105.608355025257;(((pow2(((_a5_ + _a5_) + x)) + _a0_) * -(_a4_)) * x);{'d0': {'_a0_': 0.4283916275334574, '_a4_': -3.376760879604813, '_a5_': 0.15596485389885956, '_a1_': 1.0, '_a2_': 1.0, '_a3_': 1.0, '_a6_': 1.0, '_a7_': 1.0}};{'d0': 0.024905832919416636};-280.569866449044;34.676578199264334
49503;-105.608355025257;(((pow2(((_a5_ + _a5_) + x)) + _a0_) * -(_a4_)) * x);{'d0': {'_a0_': 0.4283916275334574, '_a4_': -3.376760879604813, '_a5_': 0.15596485389885956, '_a1_': 1.0, '_a2_': 1.0, '_a3_': 1.0, '_a6_': 1.0, '_a7_': 1.0}};{'d0': 0.024905832919416636};-280.569866449044;34.676578199264334
49504;-105.608355025257;(((pow2(((_a5_ + _a5_) + x)) + _a0_) * -(_a4_)) * x);{'d0': {'_a0_': 0.4283916275334574, '_a4_': -3.376760879604813, '_a5_': 0.15596485389885956, '_a1_': 1.0, '_a2_': 1.0, '_a3_': 1.0, '_a6_': 1.0, '_a7_': 1.0}};{'d0': 0.024905832919416636};-280.569866449044;34.676578199264334
49505;-105.608355025257;(((pow2(((_a5_ + _a5_) + x)) + _a0_) * -(_a4_)) * x);{'d0': {'_a0_': 0.4283916275334574, '_a4_': -3.376760879604813, '_a5_': 0.15596485389885956, '_a1_': 1.0, '_a2_': 1.0, '_a3_': 1.0, '_a6_': 1.0, '_a7_': 1.0}};{'d0': 0.024905832919416636};-280.569866449044;34.676578199264334
49506;-105.608355025257;(((pow2(((_a5_ + _a5_) + x)) + _a0_) * -(_a4_)) * x);{'d0': {'_a0_': 0.4283916275334574, '_a4_': -3.376760879604813, '_a5_': 0.15596485389885956, '_a1_': 1.0, '_a2_': 1.0, '_a3_': 1.0, '_a6_': 1.0, '_a7_': 1.0}};{'d0': 0.024905832919416636};-280.569866449044;34.676578199264334
49507;-105.608355025257;(((pow2(((_a5_ + _a5_) + x)) + _a0_) * -(_a4_)) * x);{'d0': {'_a0_': 0.4283916275334574, '_a4_': -3.376760879604813, '_a5_': 0.15596485389885956, '_a1_': 1.0, '_a2_': 1.0, '_a3_': 1.0, '_a6_': 1.0, '_a7_': 1.0}};{'d0': 0.024905832919416636};-280.569866449044;34.676578199264334
49508;-103.922234050858;(((pow2(((_a5_ + _a5_) + x)) + _a0_) * exp(_a4_)) * x);{'d0': {'_a0_': 0.4283916283696592, '_a4_': 1.2169169292559698, '_a5_': 0.15596485391871198, '_a1_': 1.0, '_a2_': 1.0, '_a3_': 1.0, '_a6_': 1.0, '_a7_': 1.0}};{'d0': 0.024905832919416608};-280.569866449044;36.36269917366394
49509;-103.922234050858;(((pow2(((_a5_ + _a5_) + x)) + _a0_) * exp(_a4_)) * x);{'d0': {'_a0_': 0.4283916283696592, '_a4_': 1.2169169292559698, '_a5_': 0.15596485391871198, '_a1_': 1.0, '_a2_': 1.0, '_a3_': 1.0, '_a6_': 1.0, '_a7_': 1.0}};{'d0': 0.024905832919416608};-280.569866449044;36.36269917366394
49510;-103.922234050858;(((pow2(((_a5_ + _a5_) + x)) + _a0_) * exp(_a4_)) * x);{'d0': {'_a0_': 0.4283916283696592, '_a4_': 1.2169169292559698, '_a5_': 0.15596485391871198, '_a1_': 1.0, '_a2_': 1.0, '_a3_': 1.0, '_a6_': 1.0, '_a7_': 1.0}};{'d0': 0.024905832919416608};-280.569866449044;36.36269917366394
49511;-103.922234050858;(((pow2(((_a5_ + _a5_) + x)) + _a0_) * exp(_a4_)) * x);{'d0': {'_a0_': 0.4283916283696592, '_a4_': 1.2169169292559698, '_a5_': 0.15596485391871198, '_a1_': 1.0, '_a2_': 1.0, '_a3_': 1.0, '_a6_': 1.0, '_a7_': 1.0}};{'d0': 0.024905832919416608};-280.569866449044;36.36269917366394
49512;-103.922234050858;(((pow2(((_a5_ + _a5_) + x)) + _a0_) * exp(_a4_)) * x);{'d0': {'_a0_': 0.4283916283696592, '_a4_': 1.2169169292559698, '_a5_': 0.15596485391871198, '_a1_': 1.0, '_a2_': 1.0, '_a3_': 1.0, '_a6_': 1.0, '_a7_': 1.0}};{'d0': 0.024905832919416608};-280.569866449044;36.36269917366394
49513;-103.922234050858;(((pow2(((_a5_ + _a5_) + x)) + _a0_) * exp(_a4_)) * x);{'d0': {'_a0_': 0.4283916283696592, '_a4_': 1.2169169292559698, '_a5_': 0.15596485391871198, '_a1_': 1.0, '_a2_': 1.0, '_a3_': 1.0, '_a6_': 1.0, '_a7_': 1.0}};{'d0': 0.024905832919416608};-280.569866449044;36.36269917366394
49514;-103.922234050858;(((pow2(((_a5_ + _a5_) + x)) + _a0_) * exp(_a4_)) * x);{'d0': {'_a0_': 0.4283916283696592, '_a4_': 1.2169169292559698, '_a5_': 0.15596485391871198, '_a1_': 1.0, '_a2_': 1.0, '_a3_': 1.0, '_a6_': 1.0, '_a7_': 1.0}};{'d0': 0.024905832919416608};-280.569866449044;36.36269917366394
49515;-100.360883458177;((((_a4_ * (_a7_ * pow2(x))) + (_a0_ + x)) * (_a0_ * _a4_)) * x);{'d0': {'_a0_': 0.8426446044948472, '_a4_': 2.5000149012003603, '_a7_': 0.6411662721848713, '_a1_': 1.0, '_a2_': 1.0, '_a3_': 1.0, '_a5_': 1.0, '_a6_': 1.0}};{'d0': 0.024905832919416535};-280.569866449044;39.924049766345114
49516;-100.360883458177;((((_a4_ * (_a7_ * pow2(x))) + (_a0_ + x)) * (_a0_ * _a4_)) * x);{'d0': {'_a0_': 0.8426446044948472, '_a4_': 2.5000149012003603, '_a7_': 0.6411662721848713, '_a1_': 1.0, '_a2_': 1.0, '_a3_': 1.0, '_a5_': 1.0, '_a6_': 1.0}};{'d0': 0.024905832919416535};-280.569866449044;39.924049766345114
49517;-100.360883458177;((((_a4_ * (_a7_ * pow2(x))) + (_a0_ + x)) * (_a0_ * _a4_)) * x);{'d0': {'_a0_': 0.8426446044948472, '_a4_': 2.5000149012003603, '_a7_': 0.6411662721848713, '_a1_': 1.0, '_a2_': 1.0, '_a3_': 1.0, '_a5_': 1.0, '_a6_': 1.0}};{'d0': 0.024905832919416535};-280.569866449044;39.924049766345114
49518;-100.360883458177;((((_a4_ * (_a7_ * pow2(x))) + (_a4_ + x)) * (_a0_ * _a4_)) * x);{'d0': {'_a0_': 2.500014901295977, '_a4_': 0.8426446045930316, '_a7_': 1.902255381954496, '_a1_': 1.0, '_a2_': 1.0, '_a3_': 1.0, '_a5_': 1.0, '_a6_': 1.0}};{'d0': 0.024905832919416643};-280.569866449044;39.924049766345114
49519;-100.360883458177;((((_a4_ * (_a7_ * pow2(x))) + (_a4_ + x)) * (_a0_ * _a4_)) * x);{'d0': {'_a0_': 2.500014901295977, '_a4_': 0.8426446045930316, '_a7_': 1.902255381954496, '_a1_': 1.0, '_a2_': 1.0, '_a3_': 1.0, '_a5_': 1.0, '_a6_': 1.0}};{'d0': 0.024905832919416643};-280.569866449044;39.924049766345114
49520;-100.360883458177;((((_a4_ * (_a7_ * pow2(x))) + (_a4_ + x)) * (_a0_ * _a4_)) * x);{'d0': {'_a0_': 2.500014901295977, '_a4_': 0.8426446045930316, '_a7_': 1.902255381954496, '_a1_': 1.0, '_a2_': 1.0, '_a3_': 1.0, '_a5_': 1.0, '_a6_': 1.0}};{'d0': 0.024905832919416643};-280.569866449044;39.924049766345114
49521;-100.360883458177;((((_a4_ * (_a7_ * pow2(x))) + (_a4_ + x)) * (_a0_ * _a4_)) * x);{'d0': {'_a0_': 2.500014901295977, '_a4_': 0.8426446045930316, '_a7_': 1.902255381954496, '_a1_': 1.0, '_a2_': 1.0, '_a3_': 1.0, '_a5_': 1.0, '_a6_': 1.0}};{'d0': 0.024905832919416643};-280.569866449044;39.924049766345114
49522;-100.360883458177;((((_a4_ * (_a7_ * pow2(x))) + (_a4_ + x)) * (_a0_ * _a4_)) * x);{'d0': {'_a0_': 2.500014901295977, '_a4_': 0.8426446045930316, '_a7_': 1.902255381954496, '_a1_': 1.0, '_a2_': 1.0, '_a3_': 1.0, '_a5_': 1.0, '_a6_': 1.0}};{'d0': 0.024905832919416643};-280.569866449044;39.924049766345114
49523;-103.922234050858;(((pow2(((_a5_ + _a5_) + x)) + _a0_) * exp(_a4_)) * x);{'d0': {'_a0_': 0.4283916283696592, '_a4_': 1.2169169292559698, '_a5_': 0.15596485391871198, '_a1_': 1.0, '_a2_': 1.0, '_a3_': 1.0, '_a6_': 1.0, '_a7_': 1.0}};{'d0': 0.024905832919416608};-280.569866449044;36.36269917366394
49524;-103.922234050858;(((pow2(((_a5_ + _a5_) + x)) + _a0_) * exp(_a4_)) * x);{'d0': {'_a0_': 0.4283916283696592, '_a4_': 1.2169169292559698, '_a5_': 0.15596485391871198, '_a1_': 1.0, '_a2_': 1.0, '_a3_': 1.0, '_a6_': 1.0, '_a7_': 1.0}};{'d0': 0.024905832919416608};-280.569866449044;36.36269917366394
49525;-103.922234050858;(((pow2(((_a5_ + _a5_) + x)) + _a0_) * exp(_a4_)) * x);{'d0': {'_a0_': 0.4283916283696592, '_a4_': 1.2169169292559698, '_a5_': 0.15596485391871198, '_a1_': 1.0, '_a2_': 1.0, '_a3_': 1.0, '_a6_': 1.0, '_a7_': 1.0}};{'d0': 0.024905832919416608};-280.569866449044;36.36269917366394
49526;-100.360883458177;((((_a4_ * (_a7_ * pow2(x))) + (_a4_ + x)) * (_a0_ * _a4_)) * x);{'d0': {'_a0_': 2.500014901295977, '_a4_': 0.8426446045930316, '_a7_': 1.902255381954496, '_a1_': 1.0, '_a2_': 1.0, '_a3_': 1.0, '_a5_': 1.0, '_a6_': 1.0}};{'d0': 0.024905832919416643};-280.569866449044;39.924049766345114
49527;-100.360883458177;((((_a4_ * (_a7_ * pow2(x))) + (_a4_ + x)) * (_a0_ * _a4_)) * x);{'d0': {'_a0_': 2.500014901295977, '_a4_': 0.8426446045930316, '_a7_': 1.902255381954496, '_a1_': 1.0, '_a2_': 1.0, '_a3_': 1.0, '_a5_': 1.0, '_a6_': 1.0}};{'d0': 0.024905832919416643};-280.569866449044;39.924049766345114
49528;-100.360883458177;((((_a4_ * (_a7_ * pow2(x))) + (_a4_ + x)) * (_a0_ * _a4_)) * x);{'d0': {'_a0_': 2.500014901295977, '_a4_': 0.8426446045930316, '_a7_': 1.902255381954496, '_a1_': 1.0, '_a2_': 1.0, '_a3_': 1.0, '_a5_': 1.0, '_a6_': 1.0}};{'d0': 0.024905832919416643};-280.569866449044;39.924049766345114
49529;-100.360883458177;((((_a4_ * (_a7_ * pow2(x))) + (_a4_ + x)) * (_a0_ * _a4_)) * x);{'d0': {'_a0_': 2.500014901295977, '_a4_': 0.8426446045930316, '_a7_': 1.902255381954496, '_a1_': 1.0, '_a2_': 1.0, '_a3_': 1.0, '_a5_': 1.0, '_a6_': 1.0}};{'d0': 0.024905832919416643};-280.569866449044;39.924049766345114
49530;-100.360883458177;((((_a4_ * (_a7_ * pow2(x))) + (_a4_ + x)) * (_a0_ * _a4_)) * x);{'d0': {'_a0_': 2.500014901295977, '_a4_': 0.8426446045930316, '_a7_': 1.902255381954496, '_a1_': 1.0, '_a2_': 1.0, '_a3_': 1.0, '_a5_': 1.0, '_a6_': 1.0}};{'d0': 0.024905832919416643};-280.569866449044;39.924049766345114
49531;-100.360883458177;((((_a4_ * (_a7_ * pow2(x))) + (_a4_ + x)) * (_a0_ * _a4_)) * x);{'d0': {'_a0_': 2.500014901295977, '_a4_': 0.8426446045930316, '_a7_': 1.902255381954496, '_a1_': 1.0, '_a2_': 1.0, '_a3_': 1.0, '_a5_': 1.0, '_a6_': 1.0}};{'d0': 0.024905832919416643};-280.569866449044;39.924049766345114
49532;-100.360883458177;((((_a4_ * (_a3_ * pow2(x))) + (_a4_ + x)) * (_a0_ * _a4_)) * x);{'d0': {'_a0_': 2.500014906516865, '_a3_': 1.9022553846619676, '_a4_': 0.8426446035109354, '_a1_': 1.0, '_a2_': 1.0, '_a5_': 1.0, '_a6_': 1.0, '_a7_': 1.0}};{'d0': 0.02490583291941659};-280.569866449044;39.924049766345114
49533;-100.360883458177;((((_a4_ * (_a3_ * pow2(x))) + (_a4_ + x)) * (_a5_ * _a4_)) * x);{'d0': {'_a3_': 1.9022553869725862, '_a4_': 0.8426446026653795, '_a5_': 2.500014910381411, '_a0_': 1.0, '_a1_': 1.0, '_a2_': 1.0, '_a6_': 1.0, '_a7_': 1.0}};{'d0': 0.024905832919416615};-280.569866449044;39.924049766345114
49534;-100.360883458177;((((_a4_ * (_a3_ * pow2(x))) + (_a4_ + x)) * (_a5_ * _a4_)) * x);{'d0': {'_a3_': 1.9022553869725862, '_a4_': 0.8426446026653795, '_a5_': 2.500014910381411, '_a0_': 1.0, '_a1_': 1.0, '_a2_': 1.0, '_a6_': 1.0, '_a7_': 1.0}};{'d0': 0.024905832919416615};-280.569866449044;39.924049766345114
49535;-100.360883458177;((((_a4_ * (_a3_ * pow2(x))) + (_a4_ + x)) * (_a5_ * _a4_)) * x);{'d0': {'_a3_': 1.9022553869725862, '_a4_': 0.8426446026653795, '_a5_': 2.500014910381411, '_a0_': 1.0, '_a1_': 1.0, '_a2_': 1.0, '_a6_': 1.0, '_a7_': 1.0}};{'d0': 0.024905832919416615};-280.569866449044;39.924049766345114
49536;-100.360883458177;((((_a4_ * (_a3_ * pow2(x))) + (_a4_ + x)) * (_a5_ * _a4_)) * x);{'d0': {'_a3_': 1.9022553869725862, '_a4_': 0.8426446026653795, '_a5_': 2.500014910381411, '_a0_': 1.0, '_a1_': 1.0, '_a2_': 1.0, '_a6_': 1.0, '_a7_': 1.0}};{'d0': 0.024905832919416615};-280.569866449044;39.924049766345114
49537;-98.3137111760761;((((_a7_ * (_a3_ * pow2(x))) + (_a4_ + x)) * (_a5_ * _a4_)) * x);{'d0': {'_a3_': 2.0091480060907996, '_a4_': 0.8426446045099116, '_a5_': 2.50001490085128, '_a7_': 0.7978133308263036, '_a0_': 1.0, '_a1_': 1.0, '_a2_': 1.0, '_a6_': 1.0}};{'d0': 0.024905832920238197};-276.475521884842;39.924049766345114
49538;-98.3137111760761;((((_a7_ * (_a3_ * pow2(x))) + (_a4_ + x)) * (_a5_ * _a4_)) * x);{'d0': {'_a3_': 2.0091480060907996, '_a4_': 0.8426446045099116, '_a5_': 2.50001490085128, '_a7_': 0.7978133308263036, '_a0_': 1.0, '_a1_': 1.0, '_a2_': 1.0, '_a6_': 1.0}};{'d0': 0.024905832920238197};-276.475521884842;39.924049766345114
49539;-98.3137111760761;((((_a7_ * (_a3_ * pow2(x))) + (_a4_ + x)) * (_a5_ * _a4_)) * x);{'d0': {'_a3_': 2.0091480060907996, '_a4_': 0.8426446045099116, '_a5_': 2.50001490085128, '_a7_': 0.7978133308263036, '_a0_': 1.0, '_a1_': 1.0, '_a2_': 1.0, '_a6_': 1.0}};{'d0': 0.024905832920238197};-276.475521884842;39.924049766345114
49540;-98.3137111760761;((((_a7_ * (_a3_ * pow2(x))) + (_a4_ + x)) * (_a5_ * _a4_)) * x);{'d0': {'_a3_': 2.0091480060907996, '_a4_': 0.8426446045099116, '_a5_': 2.50001490085128, '_a7_': 0.7978133308263036, '_a0_': 1.0, '_a1_': 1.0, '_a2_': 1.0, '_a6_': 1.0}};{'d0': 0.024905832920238197};-276.475521884842;39.924049766345114
49541;-98.3137111760761;((((_a7_ * (_a3_ * pow2(x))) + (_a4_ + x)) * (_a5_ * _a4_)) * x);{'d0': {'_a3_': 2.0091480060907996, '_a4_': 0.8426446045099116, '_a5_': 2.50001490085128, '_a7_': 0.7978133308263036, '_a0_': 1.0, '_a1_': 1.0, '_a2_': 1.0, '_a6_': 1.0}};{'d0': 0.024905832920238197};-276.475521884842;39.924049766345114
49542;-98.3137111760761;((((_a7_ * (_a3_ * pow2(x))) + (_a4_ + x)) * (_a5_ * _a4_)) * x);{'d0': {'_a3_': 2.0091480060907996, '_a4_': 0.8426446045099116, '_a5_': 2.50001490085128, '_a7_': 0.7978133308263036, '_a0_': 1.0, '_a1_': 1.0, '_a2_': 1.0, '_a6_': 1.0}};{'d0': 0.024905832920238197};-276.475521884842;39.924049766345114
49543;-98.3137111760761;((((_a7_ * (_a3_ * pow2(x))) + (_a4_ + x)) * (_a5_ * _a4_)) * x);{'d0': {'_a3_': 2.0091480060907996, '_a4_': 0.8426446045099116, '_a5_': 2.50001490085128, '_a7_': 0.7978133308263036, '_a0_': 1.0, '_a1_': 1.0, '_a2_': 1.0, '_a6_': 1.0}};{'d0': 0.024905832920238197};-276.475521884842;39.924049766345114
49544;-98.3137111760761;((((_a7_ * (_a3_ * pow2(x))) + (_a4_ + x)) * (_a5_ * _a4_)) * x);{'d0': {'_a3_': 2.0091480060907996, '_a4_': 0.8426446045099116, '_a5_': 2.50001490085128, '_a7_': 0.7978133308263036, '_a0_': 1.0, '_a1_': 1.0, '_a2_': 1.0, '_a6_': 1.0}};{'d0': 0.024905832920238197};-276.475521884842;39.924049766345114
49545;-98.3137111760761;((((_a7_ * (_a3_ * pow2(x))) + (_a4_ + x)) * (_a5_ * _a4_)) * x);{'d0': {'_a3_': 2.0091480060907996, '_a4_': 0.8426446045099116, '_a5_': 2.50001490085128, '_a7_': 0.7978133308263036, '_a0_': 1.0, '_a1_': 1.0, '_a2_': 1.0, '_a6_': 1.0}};{'d0': 0.024905832920238197};-276.475521884842;39.924049766345114
49546;-98.3137111760761;((((_a7_ * (_a3_ * pow2(x))) + (_a4_ + x)) * (_a5_ * _a4_)) * x);{'d0': {'_a3_': 2.0091480060907996, '_a4_': 0.8426446045099116, '_a5_': 2.50001490085128, '_a7_': 0.7978133308263036, '_a0_': 1.0, '_a1_': 1.0, '_a2_': 1.0, '_a6_': 1.0}};{'d0': 0.024905832920238197};-276.475521884842;39.924049766345114
49547;-98.3137111760761;((((_a7_ * (_a3_ * pow2(x))) + (_a4_ + x)) * (_a5_ * _a4_)) * x);{'d0': {'_a3_': 2.0091480060907996, '_a4_': 0.8426446045099116, '_a5_': 2.50001490085128, '_a7_': 0.7978133308263036, '_a0_': 1.0, '_a1_': 1.0, '_a2_': 1.0, '_a6_': 1.0}};{'d0': 0.024905832920238197};-276.475521884842;39.924049766345114
49548;-100.360883458177;((((_a4_ * (_a3_ * pow2(x))) + (_a4_ + x)) * (_a5_ * _a4_)) * x);{'d0': {'_a3_': 1.9022553869725862, '_a4_': 0.8426446026653795, '_a5_': 2.500014910381411, '_a0_': 1.0, '_a1_': 1.0, '_a2_': 1.0, '_a6_': 1.0, '_a7_': 1.0}};{'d0': 0.024905832919416615};-280.569866449044;39.924049766345114
49549;-100.360883458177;((((_a4_ * (_a3_ * pow2(x))) + (_a4_ + x)) * (_a5_ * _a4_)) * x);{'d0': {'_a3_': 1.9022553869725862, '_a4_': 0.8426446026653795, '_a5_': 2.500014910381411, '_a0_': 1.0, '_a1_': 1.0, '_a2_': 1.0, '_a6_': 1.0, '_a7_': 1.0}};{'d0': 0.024905832919416615};-280.569866449044;39.924049766345114
49550;-100.360883458177;((((_a4_ * (_a3_ * pow2(x))) + (_a4_ + x)) * (_a5_ * _a4_)) * x);{'d0': {'_a3_': 1.9022553869725862, '_a4_': 0.8426446026653795, '_a5_': 2.500014910381411, '_a0_': 1.0, '_a1_': 1.0, '_a2_': 1.0, '_a6_': 1.0, '_a7_': 1.0}};{'d0': 0.024905832919416615};-280.569866449044;39.924049766345114
49551;-100.360883458177;((((_a4_ * (_a3_ * pow2(x))) + (_a4_ + x)) * (_a5_ * _a4_)) * x);{'d0': {'_a3_': 1.9022553869725862, '_a4_': 0.8426446026653795, '_a5_': 2.500014910381411, '_a0_': 1.0, '_a1_': 1.0, '_a2_': 1.0, '_a6_': 1.0, '_a7_': 1.0}};{'d0': 0.024905832919416615};-280.569866449044;39.924049766345114
49552;-103.922234050858;(((pow2(((_a5_ + _a5_) + x)) + _a0_) * exp(_a4_)) * x);{'d0': {'_a0_': 0.4283916283696592, '_a4_': 1.2169169292559698, '_a5_': 0.15596485391871198, '_a1_': 1.0, '_a2_': 1.0, '_a3_': 1.0, '_a6_': 1.0, '_a7_': 1.0}};{'d0': 0.024905832919416608};-280.569866449044;36.36269917366394
49553;-103.922234050858;(((pow2(((_a5_ + _a5_) + x)) + _a0_) * exp(_a4_)) * x);{'d0': {'_a0_': 0.4283916283696592, '_a4_': 1.2169169292559698, '_a5_': 0.15596485391871198, '_a1_': 1.0, '_a2_': 1.0, '_a3_': 1.0, '_a6_': 1.0, '_a7_': 1.0}};{'d0': 0.024905832919416608};-280.569866449044;36.36269917366394
49554;-103.922234050858;(((pow2(((_a5_ + _a5_) + x)) + _a0_) * exp(_a4_)) * x);{'d0': {'_a0_': 0.4283916283696592, '_a4_': 1.2169169292559698, '_a5_': 0.15596485391871198, '_a1_': 1.0, '_a2_': 1.0, '_a3_': 1.0, '_a6_': 1.0, '_a7_': 1.0}};{'d0': 0.024905832919416608};-280.569866449044;36.36269917366394
49555;-103.922234050858;(((pow2(((_a5_ + _a5_) + x)) + _a0_) * exp(_a4_)) * x);{'d0': {'_a0_': 0.4283916283696592, '_a4_': 1.2169169292559698, '_a5_': 0.15596485391871198, '_a1_': 1.0, '_a2_': 1.0, '_a3_': 1.0, '_a6_': 1.0, '_a7_': 1.0}};{'d0': 0.024905832919416608};-280.569866449044;36.36269917366394
49556;-103.922234050858;(((pow2(((_a5_ + _a5_) + x)) + _a0_) * exp(_a4_)) * x);{'d0': {'_a0_': 0.4283916283696592, '_a4_': 1.2169169292559698, '_a5_': 0.15596485391871198, '_a1_': 1.0, '_a2_': 1.0, '_a3_': 1.0, '_a6_': 1.0, '_a7_': 1.0}};{'d0': 0.024905832919416608};-280.569866449044;36.36269917366394
49557;-103.922234050858;(((pow2(((_a5_ + _a5_) + x)) + _a0_) * exp(_a4_)) * x);{'d0': {'_a0_': 0.4283916283696592, '_a4_': 1.2169169292559698, '_a5_': 0.15596485391871198, '_a1_': 1.0, '_a2_': 1.0, '_a3_': 1.0, '_a6_': 1.0, '_a7_': 1.0}};{'d0': 0.024905832919416608};-280.569866449044;36.36269917366394
49558;-103.922234050858;(((pow2(((_a5_ + _a5_) + x)) + _a0_) * exp(_a4_)) * x);{'d0': {'_a0_': 0.4283916283696592, '_a4_': 1.2169169292559698, '_a5_': 0.15596485391871198, '_a1_': 1.0, '_a2_': 1.0, '_a3_': 1.0, '_a6_': 1.0, '_a7_': 1.0}};{'d0': 0.024905832919416608};-280.569866449044;36.36269917366394
49559;-103.922234050858;(((pow2(((_a5_ + _a5_) + x)) + _a0_) * exp(_a4_)) * x);{'d0': {'_a0_': 0.4283916283696592, '_a4_': 1.2169169292559698, '_a5_': 0.15596485391871198, '_a1_': 1.0, '_a2_': 1.0, '_a3_': 1.0, '_a6_': 1.0, '_a7_': 1.0}};{'d0': 0.024905832919416608};-280.569866449044;36.36269917366394
49560;-96.6809362979164;((((_a4_ * (-(_a3_) * pow2(x))) + (_a4_ + x)) * (_a5_ * _a4_)) * x);{'d0': {'_a3_': -1.9022553798471444, '_a4_': 0.8426446057279895, '_a5_': 2.50001489495267, '_a0_': 1.0, '_a1_': 1.0, '_a2_': 1.0, '_a6_': 1.0, '_a7_': 1.0}};{'d0': 0.024905832919416594};-280.569866449044;43.603996926605504
49561;-96.6809362979164;((((_a4_ * (-(_a3_) * pow2(x))) + (_a4_ + x)) * (_a5_ * _a4_)) * x);{'d0': {'_a3_': -1.9022553798471444, '_a4_': 0.8426446057279895, '_a5_': 2.50001489495267, '_a0_': 1.0, '_a1_': 1.0, '_a2_': 1.0, '_a6_': 1.0, '_a7_': 1.0}};{'d0': 0.024905832919416594};-280.569866449044;43.603996926605504
49562;-96.6809362979164;((((_a4_ * (-(_a3_) * pow2(x))) + (_a4_ + x)) * (_a5_ * _a4_)) * x);{'d0': {'_a3_': -1.9022553798471444, '_a4_': 0.8426446057279895, '_a5_': 2.50001489495267, '_a0_': 1.0, '_a1_': 1.0, '_a2_': 1.0, '_a6_': 1.0, '_a7_': 1.0}};{'d0': 0.024905832919416594};-280.569866449044;43.603996926605504
49563;-96.6809362979165;((((_a4_ * (-(_a7_) * pow2(x))) + (_a4_ + x)) * (_a5_ * _a4_)) * x);{'d0': {'_a4_': 0.8426446032468484, '_a5_': 2.500014907746801, '_a7_': -1.9022553853940167, '_a0_': 1.0, '_a1_': 1.0, '_a2_': 1.0, '_a3_': 1.0, '_a6_': 1.0}};{'d0': 0.024905832919416507};-280.569866449044;43.603996926605504
49564;-96.6809362979165;((((_a4_ * (-(_a7_) * pow2(x))) + (_a4_ + x)) * (_a5_ * _a4_)) * x);{'d0': {'_a4_': 0.8426446032468484, '_a5_': 2.500014907746801, '_a7_': -1.9022553853940167, '_a0_': 1.0, '_a1_': 1.0, '_a2_': 1.0, '_a3_': 1.0, '_a6_': 1.0}};{'d0': 0.024905832919416507};-280.569866449044;43.603996926605504
49565;-96.6809362979165;((((_a4_ * (-(_a7_) * pow2(x))) + (_a4_ + x)) * (_a5_ * _a4_)) * x);{'d0': {'_a4_': 0.8426446032468484, '_a5_': 2.500014907746801, '_a7_': -1.9022553853940167, '_a0_': 1.0, '_a1_': 1.0, '_a2_': 1.0, '_a3_': 1.0, '_a6_': 1.0}};{'d0': 0.024905832919416507};-280.569866449044;43.603996926605504
49566;-103.922234050858;(((pow2(((_a0_ + _a5_) + x)) + _a0_) * exp(_a4_)) * x);{'d0': {'_a0_': 0.42839162874961173, '_a4_': 1.2169169293739974, '_a5_': -0.1164619210421089, '_a1_': 1.0, '_a2_': 1.0, '_a3_': 1.0, '_a6_': 1.0, '_a7_': 1.0}};{'d0': 0.024905832919416664};-280.569866449044;36.36269917366394
49567;-96.6809362979165;((((_a4_ * (-(_a7_) * pow2(x))) + (_a4_ + x)) * (_a5_ * _a4_)) * x);{'d0': {'_a4_': 0.8426446032468484, '_a5_': 2.500014907746801, '_a7_': -1.9022553853940167, '_a0_': 1.0, '_a1_': 1.0, '_a2_': 1.0, '_a3_': 1.0, '_a6_': 1.0}};{'d0': 0.024905832919416507};-280.569866449044;43.603996926605504
49568;-96.6809362979165;((((_a4_ * (-(_a7_) * pow2(x))) + (_a4_ + x)) * (_a5_ * _a4_)) * x);{'d0': {'_a4_': 0.8426446032468484, '_a5_': 2.500014907746801, '_a7_': -1.9022553853940167, '_a0_': 1.0, '_a1_': 1.0, '_a2_': 1.0, '_a3_': 1.0, '_a6_': 1.0}};{'d0': 0.024905832919416507};-280.569866449044;43.603996926605504
49569;-96.6809362979165;((((_a4_ * (-(_a7_) * pow2(x))) + (_a4_ + x)) * (_a5_ * _a4_)) * x);{'d0': {'_a4_': 0.8426446032468484, '_a5_': 2.500014907746801, '_a7_': -1.9022553853940167, '_a0_': 1.0, '_a1_': 1.0, '_a2_': 1.0, '_a3_': 1.0, '_a6_': 1.0}};{'d0': 0.024905832919416507};-280.569866449044;43.603996926605504
49570;-96.6809362979165;((((_a4_ * (-(_a7_) * pow2(x))) + (_a4_ + x)) * (_a5_ * _a4_)) * x);{'d0': {'_a4_': 0.8426446032468484, '_a5_': 2.500014907746801, '_a7_': -1.9022553853940167, '_a0_': 1.0, '_a1_': 1.0, '_a2_': 1.0, '_a3_': 1.0, '_a6_': 1.0}};{'d0': 0.024905832919416507};-280.569866449044;43.603996926605504
49571;-96.6809362979165;((((_a4_ * (-(_a7_) * pow2(x))) + (_a4_ + x)) * (_a5_ * _a4_)) * x);{'d0': {'_a4_': 0.8426446032468484, '_a5_': 2.500014907746801, '_a7_': -1.9022553853940167, '_a0_': 1.0, '_a1_': 1.0, '_a2_': 1.0, '_a3_': 1.0, '_a6_': 1.0}};{'d0': 0.024905832919416507};-280.569866449044;43.603996926605504
49572;-96.6809362979164;((((_a4_ * (-(_a7_) * pow2(x))) + (_a4_ + x)) * (_a1_ * _a4_)) * x);{'d0': {'_a1_': 2.5000148976493044, '_a4_': 0.8426446053473831, '_a7_': -1.9022553800641553, '_a0_': 1.0, '_a2_': 1.0, '_a3_': 1.0, '_a5_': 1.0, '_a6_': 1.0}};{'d0': 0.024905832919416632};-280.569866449044;43.603996926605504
49573;-96.6809362979164;((((_a4_ * (-(_a7_) * pow2(x))) + (_a4_ + x)) * (_a1_ * _a4_)) * x);{'d0': {'_a1_': 2.5000148976493044, '_a4_': 0.8426446053473831, '_a7_': -1.9022553800641553, '_a0_': 1.0, '_a2_': 1.0, '_a3_': 1.0, '_a5_': 1.0, '_a6_': 1.0}};{'d0': 0.024905832919416632};-280.569866449044;43.603996926605504
49574;-96.6809362979164;((((_a4_ * (-(_a7_) * pow2(x))) + (_a4_ + x)) * (_a1_ * _a4_)) * x);{'d0': {'_a1_': 2.5000148976493044, '_a4_': 0.8426446053473831, '_a7_': -1.9022553800641553, '_a0_': 1.0, '_a2_': 1.0, '_a3_': 1.0, '_a5_': 1.0, '_a6_': 1.0}};{'d0': 0.024905832919416632};-280.569866449044;43.603996926605504
49575;-96.6809362979164;((((_a4_ * (-(_a7_) * pow2(x))) + (_a4_ + x)) * (_a1_ * _a4_)) * x);{'d0': {'_a1_': 2.5000148976493044, '_a4_': 0.8426446053473831, '_a7_': -1.9022553800641553, '_a0_': 1.0, '_a2_': 1.0, '_a3_': 1.0, '_a5_': 1.0, '_a6_': 1.0}};{'d0': 0.024905832919416632};-280.569866449044;43.603996926605504
49576;-96.6809362979164;((((_a4_ * (-(_a7_) * pow2(x))) + (_a4_ + x)) * (_a1_ * _a4_)) * x);{'d0': {'_a1_': 2.5000148976493044, '_a4_': 0.8426446053473831, '_a7_': -1.9022553800641553, '_a0_': 1.0, '_a2_': 1.0, '_a3_': 1.0, '_a5_': 1.0, '_a6_': 1.0}};{'d0': 0.024905832919416632};-280.569866449044;43.603996926605504
49577;-96.6809362979164;((((_a4_ * (-(_a7_) * pow2(x))) + (_a4_ + x)) * (_a1_ * _a4_)) * x);{'d0': {'_a1_': 2.5000148976493044, '_a4_': 0.8426446053473831, '_a7_': -1.9022553800641553, '_a0_': 1.0, '_a2_': 1.0, '_a3_': 1.0, '_a5_': 1.0, '_a6_': 1.0}};{'d0': 0.024905832919416632};-280.569866449044;43.603996926605504
49578;-96.6809362979164;((((_a4_ * (-(_a7_) * pow2(x))) + (_a4_ + x)) * (_a1_ * _a4_)) * x);{'d0': {'_a1_': 2.5000148976493044, '_a4_': 0.8426446053473831, '_a7_': -1.9022553800641553, '_a0_': 1.0, '_a2_': 1.0, '_a3_': 1.0, '_a5_': 1.0, '_a6_': 1.0}};{'d0': 0.024905832919416632};-280.569866449044;43.603996926605504
49579;-96.6809362979164;((((_a4_ * (-(_a7_) * pow2(x))) + (_a4_ + x)) * (_a1_ * _a4_)) * x);{'d0': {'_a1_': 2.5000148976493044, '_a4_': 0.8426446053473831, '_a7_': -1.9022553800641553, '_a0_': 1.0, '_a2_': 1.0, '_a3_': 1.0, '_a5_': 1.0, '_a6_': 1.0}};{'d0': 0.024905832919416632};-280.569866449044;43.603996926605504
49580;-96.6809362979164;((((_a4_ * (-(_a7_) * pow2(x))) + (_a4_ + x)) * (_a1_ * _a4_)) * x);{'d0': {'_a1_': 2.5000148976493044, '_a4_': 0.8426446053473831, '_a7_': -1.9022553800641553, '_a0_': 1.0, '_a2_': 1.0, '_a3_': 1.0, '_a5_': 1.0, '_a6_': 1.0}};{'d0': 0.024905832919416632};-280.569866449044;43.603996926605504
49581;-96.6809362979164;((((_a4_ * (-(_a7_) * pow2(x))) + (_a4_ + x)) * (_a1_ * _a4_)) * x);{'d0': {'_a1_': 2.5000148976493044, '_a4_': 0.8426446053473831, '_a7_': -1.9022553800641553, '_a0_': 1.0, '_a2_': 1.0, '_a3_': 1.0, '_a5_': 1.0, '_a6_': 1.0}};{'d0': 0.024905832919416632};-280.569866449044;43.603996926605504
49582;-96.6809362979164;((((_a4_ * (-(_a7_) * pow2(x))) + (_a4_ + x)) * (_a1_ * _a4_)) * x);{'d0': {'_a1_': 2.5000148976493044, '_a4_': 0.8426446053473831, '_a7_': -1.9022553800641553, '_a0_': 1.0, '_a2_': 1.0, '_a3_': 1.0, '_a5_': 1.0, '_a6_': 1.0}};{'d0': 0.024905832919416632};-280.569866449044;43.603996926605504
49583;-96.6809362979164;((((_a4_ * (-(_a7_) * pow2(x))) + (_a4_ + x)) * (_a1_ * _a4_)) * x);{'d0': {'_a1_': 2.5000148976493044, '_a4_': 0.8426446053473831, '_a7_': -1.9022553800641553, '_a0_': 1.0, '_a2_': 1.0, '_a3_': 1.0, '_a5_': 1.0, '_a6_': 1.0}};{'d0': 0.024905832919416632};-280.569866449044;43.603996926605504
49584;-96.6809362979164;((((_a4_ * (-(_a7_) * pow2(x))) + (_a4_ + x)) * (_a1_ * _a4_)) * x);{'d0': {'_a1_': 2.5000148976493044, '_a4_': 0.8426446053473831, '_a7_': -1.9022553800641553, '_a0_': 1.0, '_a2_': 1.0, '_a3_': 1.0, '_a5_': 1.0, '_a6_': 1.0}};{'d0': 0.024905832919416632};-280.569866449044;43.603996926605504
49585;-96.6809362979164;((((_a4_ * (-(_a7_) * pow2(x))) + (_a4_ + x)) * (_a1_ * _a4_)) * x);{'d0': {'_a1_': 2.5000148976493044, '_a4_': 0.8426446053473831, '_a7_': -1.9022553800641553, '_a0_': 1.0, '_a2_': 1.0, '_a3_': 1.0, '_a5_': 1.0, '_a6_': 1.0}};{'d0': 0.024905832919416632};-280.569866449044;43.603996926605504
49586;-96.6809362979164;((((_a4_ * (-(_a7_) * pow2(x))) + (_a4_ + x)) * (_a1_ * _a4_)) * x);{'d0': {'_a1_': 2.5000148976493044, '_a4_': 0.8426446053473831, '_a7_': -1.9022553800641553, '_a0_': 1.0, '_a2_': 1.0, '_a3_': 1.0, '_a5_': 1.0, '_a6_': 1.0}};{'d0': 0.024905832919416632};-280.569866449044;43.603996926605504
49587;-100.016512535296;(((pow2((_a5_ + x)) + _a0_) * exp((_a0_ * (_a0_ * _a1_)))) * x);{'d0': {'_a0_': 0.4283916275646736, '_a1_': 6.630999334802017, '_a5_': 0.3119297077327639, '_a2_': 1.0, '_a3_': 1.0, '_a4_': 1.0, '_a6_': 1.0, '_a7_': 1.0}};{'d0': 0.024905832919416587};-280.569866449044;40.26842068922595
49588;-100.016512535296;(((pow2((_a5_ + x)) + _a0_) * exp((_a0_ * (_a0_ * _a1_)))) * x);{'d0': {'_a0_': 0.4283916275646736, '_a1_': 6.630999334802017, '_a5_': 0.3119297077327639, '_a2_': 1.0, '_a3_': 1.0, '_a4_': 1.0, '_a6_': 1.0, '_a7_': 1.0}};{'d0': 0.024905832919416587};-280.569866449044;40.26842068922595
49589;-100.016512535296;(((pow2((_a5_ + x)) + _a0_) * exp((_a0_ * (_a0_ * _a1_)))) * x);{'d0': {'_a0_': 0.4283916275646736, '_a1_': 6.630999334802017, '_a5_': 0.3119297077327639, '_a2_': 1.0, '_a3_': 1.0, '_a4_': 1.0, '_a6_': 1.0, '_a7_': 1.0}};{'d0': 0.024905832919416587};-280.569866449044;40.26842068922595
49590;-100.016512535296;(((pow2((_a5_ + x)) + _a0_) * exp((_a0_ * (_a0_ * _a1_)))) * x);{'d0': {'_a0_': 0.4283916275646736, '_a1_': 6.630999334802017, '_a5_': 0.3119297077327639, '_a2_': 1.0, '_a3_': 1.0, '_a4_': 1.0, '_a6_': 1.0, '_a7_': 1.0}};{'d0': 0.024905832919416587};-280.569866449044;40.26842068922595
49591;-100.016512535296;(((pow2((_a5_ + x)) + _a0_) * exp((_a0_ * (_a0_ * _a1_)))) * x);{'d0': {'_a0_': 0.4283916275646736, '_a1_': 6.630999334802017, '_a5_': 0.3119297077327639, '_a2_': 1.0, '_a3_': 1.0, '_a4_': 1.0, '_a6_': 1.0, '_a7_': 1.0}};{'d0': 0.024905832919416587};-280.569866449044;40.26842068922595
49592;-100.016512535296;(((pow2((_a5_ + x)) + _a0_) * exp((_a0_ * (_a0_ * _a1_)))) * x);{'d0': {'_a0_': 0.4283916275646736, '_a1_': 6.630999334802017, '_a5_': 0.3119297077327639, '_a2_': 1.0, '_a3_': 1.0, '_a4_': 1.0, '_a6_': 1.0, '_a7_': 1.0}};{'d0': 0.024905832919416587};-280.569866449044;40.26842068922595
49593;-100.016512535296;(((pow2((_a5_ + x)) + _a0_) * exp((_a0_ * (_a0_ * _a1_)))) * x);{'d0': {'_a0_': 0.4283916275646736, '_a1_': 6.630999334802017, '_a5_': 0.3119297077327639, '_a2_': 1.0, '_a3_': 1.0, '_a4_': 1.0, '_a6_': 1.0, '_a7_': 1.0}};{'d0': 0.024905832919416587};-280.569866449044;40.26842068922595
49594;-99.1655606943503;(((pow2((_a5_ + x)) + _a0_) / exp((_a0_ * (_a0_ * _a1_)))) * x);{'d0': {'_a0_': 0.42839162729593017, '_a1_': -6.630999344619326, '_a5_': 0.3119297076209909, '_a2_': 1.0, '_a3_': 1.0, '_a4_': 1.0, '_a6_': 1.0, '_a7_': 1.0}};{'d0': 0.024905832919416636};-280.569866449044;41.11937253017135
49595;-99.1655606943503;(((pow2((_a5_ + x)) + _a0_) / exp((_a0_ * (_a0_ * _a1_)))) * x);{'d0': {'_a0_': 0.42839162729593017, '_a1_': -6.630999344619326, '_a5_': 0.3119297076209909, '_a2_': 1.0, '_a3_': 1.0, '_a4_': 1.0, '_a6_': 1.0, '_a7_': 1.0}};{'d0': 0.024905832919416636};-280.569866449044;41.11937253017135
49596;-99.1655606943503;(((pow2((_a5_ + x)) + _a0_) / exp((_a0_ * (_a0_ * _a1_)))) * x);{'d0': {'_a0_': 0.42839162729593017, '_a1_': -6.630999344619326, '_a5_': 0.3119297076209909, '_a2_': 1.0, '_a3_': 1.0, '_a4_': 1.0, '_a6_': 1.0, '_a7_': 1.0}};{'d0': 0.024905832919416636};-280.569866449044;41.11937253017135
49597;-99.1655606943503;(((pow2((_a5_ + x)) + _a0_) / exp((_a0_ * (_a0_ * _a1_)))) * x);{'d0': {'_a0_': 0.42839162729593017, '_a1_': -6.630999344619326, '_a5_': 0.3119297076209909, '_a2_': 1.0, '_a3_': 1.0, '_a4_': 1.0, '_a6_': 1.0, '_a7_': 1.0}};{'d0': 0.024905832919416636};-280.569866449044;41.11937253017135
49598;-99.1655606943503;(((pow2((_a5_ + x)) + _a0_) / exp((_a0_ * (_a0_ * _a1_)))) * x);{'d0': {'_a0_': 0.42839162729593017, '_a1_': -6.630999344619326, '_a5_': 0.3119297076209909, '_a2_': 1.0, '_a3_': 1.0, '_a4_': 1.0, '_a6_': 1.0, '_a7_': 1.0}};{'d0': 0.024905832919416636};-280.569866449044;41.11937253017135
49599;-99.1655606943503;(((pow2((_a5_ + x)) + _a0_) / exp((_a0_ * (_a0_ * _a1_)))) * x);{'d0': {'_a0_': 0.42839162729593017, '_a1_': -6.630999344619326, '_a5_': 0.3119297076209909, '_a2_': 1.0, '_a3_': 1.0, '_a4_': 1.0, '_a6_': 1.0, '_a7_': 1.0}};{'d0': 0.024905832919416636};-280.569866449044;41.11937253017135
49600;-104.042543333485;(((pow2((_a5_ + x)) + _a0_) / exp((_a0_ * _a1_))) * x);{'d0': {'_a0_': 0.4283916272907117, '_a1_': -2.840664600086695, '_a5_': 0.31192970771865497, '_a2_': 1.0, '_a3_': 1.0, '_a4_': 1.0, '_a6_': 1.0, '_a7_': 1.0}};{'d0': 0.024905832919416608};-280.569866449044;36.242389891036346
49601;-104.042543333485;(((pow2((_a5_ + x)) + _a0_) / exp((_a0_ * _a1_))) * x);{'d0': {'_a0_': 0.4283916272907117, '_a1_': -2.840664600086695, '_a5_': 0.31192970771865497, '_a2_': 1.0, '_a3_': 1.0, '_a4_': 1.0, '_a6_': 1.0, '_a7_': 1.0}};{'d0': 0.024905832919416608};-280.569866449044;36.242389891036346
49602;-104.042543333485;(((pow2((_a5_ + x)) + _a0_) / exp((_a0_ * _a1_))) * x);{'d0': {'_a0_': 0.4283916272907117, '_a1_': -2.840664600086695, '_a5_': 0.31192970771865497, '_a2_': 1.0, '_a3_': 1.0, '_a4_': 1.0, '_a6_': 1.0, '_a7_': 1.0}};{'d0': 0.024905832919416608};-280.569866449044;36.242389891036346
49603;-104.042543333485;(((pow2((_a5_ + x)) + _a0_) / exp((_a0_ * _a1_))) * x);{'d0': {'_a0_': 0.4283916272907117, '_a1_': -2.840664600086695, '_a5_': 0.31192970771865497, '_a2_': 1.0, '_a3_': 1.0, '_a4_': 1.0, '_a6_': 1.0, '_a7_': 1.0}};{'d0': 0.024905832919416608};-280.569866449044;36.242389891036346
49604;-104.042543333485;(((pow2((_a5_ + x)) + _a0_) / exp((_a0_ * _a1_))) * x);{'d0': {'_a0_': 0.4283916272907117, '_a1_': -2.840664600086695, '_a5_': 0.31192970771865497, '_a2_': 1.0, '_a3_': 1.0, '_a4_': 1.0, '_a6_': 1.0, '_a7_': 1.0}};{'d0': 0.024905832919416608};-280.569866449044;36.242389891036346
49605;-104.042543333485;(((pow2((_a5_ + x)) + _a0_) / exp((_a0_ * _a1_))) * x);{'d0': {'_a0_': 0.4283916272907117, '_a1_': -2.840664600086695, '_a5_': 0.31192970771865497, '_a2_': 1.0, '_a3_': 1.0, '_a4_': 1.0, '_a6_': 1.0, '_a7_': 1.0}};{'d0': 0.024905832919416608};-280.569866449044;36.242389891036346
49606;-104.042543333485;(((pow2((_a5_ + x)) + _a0_) / exp((_a0_ * _a1_))) * x);{'d0': {'_a0_': 0.4283916272907117, '_a1_': -2.840664600086695, '_a5_': 0.31192970771865497, '_a2_': 1.0, '_a3_': 1.0, '_a4_': 1.0, '_a6_': 1.0, '_a7_': 1.0}};{'d0': 0.024905832919416608};-280.569866449044;36.242389891036346
49607;-104.042543333485;(((pow2((_a5_ + x)) + _a0_) / exp((_a0_ * _a1_))) * x);{'d0': {'_a0_': 0.4283916272907117, '_a1_': -2.840664600086695, '_a5_': 0.31192970771865497, '_a2_': 1.0, '_a3_': 1.0, '_a4_': 1.0, '_a6_': 1.0, '_a7_': 1.0}};{'d0': 0.024905832919416608};-280.569866449044;36.242389891036346
49608;-104.042543333485;(((pow2((_a5_ + x)) + _a0_) / exp((_a0_ * _a1_))) * x);{'d0': {'_a0_': 0.4283916272907117, '_a1_': -2.840664600086695, '_a5_': 0.31192970771865497, '_a2_': 1.0, '_a3_': 1.0, '_a4_': 1.0, '_a6_': 1.0, '_a7_': 1.0}};{'d0': 0.024905832919416608};-280.569866449044;36.242389891036346
49609;-104.042543333485;(((pow2((_a5_ + x)) + _a0_) / exp((_a0_ * _a1_))) * x);{'d0': {'_a0_': 0.4283916272907117, '_a1_': -2.840664600086695, '_a5_': 0.31192970771865497, '_a2_': 1.0, '_a3_': 1.0, '_a4_': 1.0, '_a6_': 1.0, '_a7_': 1.0}};{'d0': 0.024905832919416608};-280.569866449044;36.242389891036346
49610;-104.042543333485;(((pow2((_a5_ + x)) + _a0_) / exp((_a0_ * _a1_))) * x);{'d0': {'_a0_': 0.4283916272907117, '_a1_': -2.840664600086695, '_a5_': 0.31192970771865497, '_a2_': 1.0, '_a3_': 1.0, '_a4_': 1.0, '_a6_': 1.0, '_a7_': 1.0}};{'d0': 0.024905832919416608};-280.569866449044;36.242389891036346
49611;-104.042543333485;(((pow2((_a5_ + x)) + _a0_) / exp((_a0_ * _a1_))) * x);{'d0': {'_a0_': 0.4283916272907117, '_a1_': -2.840664600086695, '_a5_': 0.31192970771865497, '_a2_': 1.0, '_a3_': 1.0, '_a4_': 1.0, '_a6_': 1.0, '_a7_': 1.0}};{'d0': 0.024905832919416608};-280.569866449044;36.242389891036346
49612;-104.042543333485;(((pow2((_a5_ + x)) + _a0_) / exp((_a0_ * _a1_))) * x);{'d0': {'_a0_': 0.4283916272907117, '_a1_': -2.840664600086695, '_a5_': 0.31192970771865497, '_a2_': 1.0, '_a3_': 1.0, '_a4_': 1.0, '_a6_': 1.0, '_a7_': 1.0}};{'d0': 0.024905832919416608};-280.569866449044;36.242389891036346
49613;-104.042543333485;(((pow2((_a5_ + x)) + _a0_) / exp((_a0_ * _a1_))) * x);{'d0': {'_a0_': 0.4283916272907117, '_a1_': -2.840664600086695, '_a5_': 0.31192970771865497, '_a2_': 1.0, '_a3_': 1.0, '_a4_': 1.0, '_a6_': 1.0, '_a7_': 1.0}};{'d0': 0.024905832919416608};-280.569866449044;36.242389891036346
49614;-104.042543333485;(((pow2((_a5_ + x)) + _a0_) / exp((_a0_ * _a1_))) * x);{'d0': {'_a0_': 0.4283916272907117, '_a1_': -2.840664600086695, '_a5_': 0.31192970771865497, '_a2_': 1.0, '_a3_': 1.0, '_a4_': 1.0, '_a6_': 1.0, '_a7_': 1.0}};{'d0': 0.024905832919416608};-280.569866449044;36.242389891036346
49615;-104.042543333485;(((pow2((_a5_ + x)) + _a0_) / exp((_a0_ * _a1_))) * x);{'d0': {'_a0_': 0.4283916272907117, '_a1_': -2.840664600086695, '_a5_': 0.31192970771865497, '_a2_': 1.0, '_a3_': 1.0, '_a4_': 1.0, '_a6_': 1.0, '_a7_': 1.0}};{'d0': 0.024905832919416608};-280.569866449044;36.242389891036346
49616;-104.042543333485;(((pow2((_a5_ + x)) + _a0_) / exp((_a0_ * _a1_))) * x);{'d0': {'_a0_': 0.4283916272907117, '_a1_': -2.840664600086695, '_a5_': 0.31192970771865497, '_a2_': 1.0, '_a3_': 1.0, '_a4_': 1.0, '_a6_': 1.0, '_a7_': 1.0}};{'d0': 0.024905832919416608};-280.569866449044;36.242389891036346
49617;-104.042543333485;(((pow2((_a5_ + x)) + _a0_) / exp((_a0_ * _a1_))) * x);{'d0': {'_a0_': 0.4283916272907117, '_a1_': -2.840664600086695, '_a5_': 0.31192970771865497, '_a2_': 1.0, '_a3_': 1.0, '_a4_': 1.0, '_a6_': 1.0, '_a7_': 1.0}};{'d0': 0.024905832919416608};-280.569866449044;36.242389891036346
49618;-104.042543333485;(((pow2((_a5_ + x)) + _a0_) / exp((_a0_ * _a1_))) * x);{'d0': {'_a0_': 0.4283916272907117, '_a1_': -2.840664600086695, '_a5_': 0.31192970771865497, '_a2_': 1.0, '_a3_': 1.0, '_a4_': 1.0, '_a6_': 1.0, '_a7_': 1.0}};{'d0': 0.024905832919416608};-280.569866449044;36.242389891036346
49619;-104.042543333485;(((pow2((_a5_ + x)) + _a0_) / exp((_a0_ * _a1_))) * x);{'d0': {'_a0_': 0.4283916272907117, '_a1_': -2.840664600086695, '_a5_': 0.31192970771865497, '_a2_': 1.0, '_a3_': 1.0, '_a4_': 1.0, '_a6_': 1.0, '_a7_': 1.0}};{'d0': 0.024905832919416608};-280.569866449044;36.242389891036346
49620;-104.042543333485;(((pow2((_a5_ + x)) + _a0_) / exp((_a0_ * _a1_))) * x);{'d0': {'_a0_': 0.4283916272907117, '_a1_': -2.840664600086695, '_a5_': 0.31192970771865497, '_a2_': 1.0, '_a3_': 1.0, '_a4_': 1.0, '_a6_': 1.0, '_a7_': 1.0}};{'d0': 0.024905832919416608};-280.569866449044;36.242389891036346
49621;-104.042543333485;(((pow2((_a5_ + x)) + _a0_) / exp((_a0_ * _a1_))) * x);{'d0': {'_a0_': 0.4283916272907117, '_a1_': -2.840664600086695, '_a5_': 0.31192970771865497, '_a2_': 1.0, '_a3_': 1.0, '_a4_': 1.0, '_a6_': 1.0, '_a7_': 1.0}};{'d0': 0.024905832919416608};-280.569866449044;36.242389891036346
49622;-104.042543333485;(((pow2((_a5_ + x)) + _a0_) / exp((_a0_ * _a1_))) * x);{'d0': {'_a0_': 0.4283916272907117, '_a1_': -2.840664600086695, '_a5_': 0.31192970771865497, '_a2_': 1.0, '_a3_': 1.0, '_a4_': 1.0, '_a6_': 1.0, '_a7_': 1.0}};{'d0': 0.024905832919416608};-280.569866449044;36.242389891036346
49623;-104.042543333485;(((pow2((_a5_ + x)) + _a0_) / exp((_a0_ * _a1_))) * x);{'d0': {'_a0_': 0.4283916272907117, '_a1_': -2.840664600086695, '_a5_': 0.31192970771865497, '_a2_': 1.0, '_a3_': 1.0, '_a4_': 1.0, '_a6_': 1.0, '_a7_': 1.0}};{'d0': 0.024905832919416608};-280.569866449044;36.242389891036346
49624;-104.042543333485;(((pow2((_a5_ + x)) + _a0_) / exp((_a0_ * _a1_))) * x);{'d0': {'_a0_': 0.4283916272907117, '_a1_': -2.840664600086695, '_a5_': 0.31192970771865497, '_a2_': 1.0, '_a3_': 1.0, '_a4_': 1.0, '_a6_': 1.0, '_a7_': 1.0}};{'d0': 0.024905832919416608};-280.569866449044;36.242389891036346
49625;-104.042543333485;(((pow2((_a5_ + x)) + _a0_) / exp((_a0_ * _a1_))) * x);{'d0': {'_a0_': 0.4283916272907117, '_a1_': -2.840664600086695, '_a5_': 0.31192970771865497, '_a2_': 1.0, '_a3_': 1.0, '_a4_': 1.0, '_a6_': 1.0, '_a7_': 1.0}};{'d0': 0.024905832919416608};-280.569866449044;36.242389891036346
49626;-104.042543333485;(((pow2((_a5_ + x)) + _a0_) / exp((_a0_ * _a1_))) * x);{'d0': {'_a0_': 0.4283916272907117, '_a1_': -2.840664600086695, '_a5_': 0.31192970771865497, '_a2_': 1.0, '_a3_': 1.0, '_a4_': 1.0, '_a6_': 1.0, '_a7_': 1.0}};{'d0': 0.024905832919416608};-280.569866449044;36.242389891036346
49627;-104.042543333485;(((pow2((_a5_ + x)) + _a0_) / exp((_a0_ * _a1_))) * x);{'d0': {'_a0_': 0.4283916272907117, '_a1_': -2.840664600086695, '_a5_': 0.31192970771865497, '_a2_': 1.0, '_a3_': 1.0, '_a4_': 1.0, '_a6_': 1.0, '_a7_': 1.0}};{'d0': 0.024905832919416608};-280.569866449044;36.242389891036346
49628;-104.042543333485;(((pow2((_a5_ + x)) + _a0_) / exp((_a0_ * _a1_))) * x);{'d0': {'_a0_': 0.4283916272907117, '_a1_': -2.840664600086695, '_a5_': 0.31192970771865497, '_a2_': 1.0, '_a3_': 1.0, '_a4_': 1.0, '_a6_': 1.0, '_a7_': 1.0}};{'d0': 0.024905832919416608};-280.569866449044;36.242389891036346
49629;-104.042543333485;(((pow2((_a5_ + x)) + _a0_) / exp((_a0_ * _a1_))) * x);{'d0': {'_a0_': 0.4283916272907117, '_a1_': -2.840664600086695, '_a5_': 0.31192970771865497, '_a2_': 1.0, '_a3_': 1.0, '_a4_': 1.0, '_a6_': 1.0, '_a7_': 1.0}};{'d0': 0.024905832919416608};-280.569866449044;36.242389891036346
49630;-104.042543333485;(((pow2((_a5_ + x)) + _a0_) / exp((_a0_ * _a1_))) * x);{'d0': {'_a0_': 0.4283916272907117, '_a1_': -2.840664600086695, '_a5_': 0.31192970771865497, '_a2_': 1.0, '_a3_': 1.0, '_a4_': 1.0, '_a6_': 1.0, '_a7_': 1.0}};{'d0': 0.024905832919416608};-280.569866449044;36.242389891036346
49631;-104.042543333485;(((pow2((_a5_ + x)) + _a0_) / exp((_a0_ * _a1_))) * x);{'d0': {'_a0_': 0.4283916272907117, '_a1_': -2.840664600086695, '_a5_': 0.31192970771865497, '_a2_': 1.0, '_a3_': 1.0, '_a4_': 1.0, '_a6_': 1.0, '_a7_': 1.0}};{'d0': 0.024905832919416608};-280.569866449044;36.242389891036346
49632;-104.042543333485;(((pow2((_a5_ + x)) + _a0_) / exp((_a0_ * _a1_))) * x);{'d0': {'_a0_': 0.4283916272907117, '_a1_': -2.840664600086695, '_a5_': 0.31192970771865497, '_a2_': 1.0, '_a3_': 1.0, '_a4_': 1.0, '_a6_': 1.0, '_a7_': 1.0}};{'d0': 0.024905832919416608};-280.569866449044;36.242389891036346
49633;-104.042543333485;(((pow2((_a5_ + x)) + _a0_) / exp((_a0_ * _a1_))) * x);{'d0': {'_a0_': 0.4283916272907117, '_a1_': -2.840664600086695, '_a5_': 0.31192970771865497, '_a2_': 1.0, '_a3_': 1.0, '_a4_': 1.0, '_a6_': 1.0, '_a7_': 1.0}};{'d0': 0.024905832919416608};-280.569866449044;36.242389891036346
49634;-104.042543333485;(((pow2((_a5_ + x)) + _a0_) / exp((_a0_ * _a1_))) * x);{'d0': {'_a0_': 0.4283916272907117, '_a1_': -2.840664600086695, '_a5_': 0.31192970771865497, '_a2_': 1.0, '_a3_': 1.0, '_a4_': 1.0, '_a6_': 1.0, '_a7_': 1.0}};{'d0': 0.024905832919416608};-280.569866449044;36.242389891036346
49635;-104.042543333485;(((pow2((_a5_ + x)) + _a0_) / exp((_a0_ * _a1_))) * x);{'d0': {'_a0_': 0.4283916272907117, '_a1_': -2.840664600086695, '_a5_': 0.31192970771865497, '_a2_': 1.0, '_a3_': 1.0, '_a4_': 1.0, '_a6_': 1.0, '_a7_': 1.0}};{'d0': 0.024905832919416608};-280.569866449044;36.242389891036346
49636;-104.042543333485;(((pow2((_a5_ + x)) + _a0_) / exp((_a0_ * _a1_))) * x);{'d0': {'_a0_': 0.4283916272907117, '_a1_': -2.840664600086695, '_a5_': 0.31192970771865497, '_a2_': 1.0, '_a3_': 1.0, '_a4_': 1.0, '_a6_': 1.0, '_a7_': 1.0}};{'d0': 0.024905832919416608};-280.569866449044;36.242389891036346
49637;-104.042543333485;(((pow2((_a5_ + x)) + _a0_) / exp((_a0_ * _a1_))) * x);{'d0': {'_a0_': 0.4283916272907117, '_a1_': -2.840664600086695, '_a5_': 0.31192970771865497, '_a2_': 1.0, '_a3_': 1.0, '_a4_': 1.0, '_a6_': 1.0, '_a7_': 1.0}};{'d0': 0.024905832919416608};-280.569866449044;36.242389891036346
49638;-104.042543333485;(((pow2((_a5_ + x)) + _a0_) / exp((_a0_ * _a1_))) * x);{'d0': {'_a0_': 0.4283916272907117, '_a1_': -2.840664600086695, '_a5_': 0.31192970771865497, '_a2_': 1.0, '_a3_': 1.0, '_a4_': 1.0, '_a6_': 1.0, '_a7_': 1.0}};{'d0': 0.024905832919416608};-280.569866449044;36.242389891036346
49639;-99.1655606943503;(((pow2((_a5_ + x)) + _a0_) / exp((_a0_ * _a1_))) * (_a0_ * x));{'d0': {'_a0_': 0.42839162799310704, '_a1_': -4.819502246616566, '_a5_': 0.3119297078049124, '_a2_': 1.0, '_a3_': 1.0, '_a4_': 1.0, '_a6_': 1.0, '_a7_': 1.0}};{'d0': 0.024905832919416632};-280.569866449044;41.11937253017135
49640;-99.1655606943503;(((pow2((_a5_ + x)) + _a0_) / exp((_a0_ * _a1_))) * (_a0_ * x));{'d0': {'_a0_': 0.42839162799310704, '_a1_': -4.819502246616566, '_a5_': 0.3119297078049124, '_a2_': 1.0, '_a3_': 1.0, '_a4_': 1.0, '_a6_': 1.0, '_a7_': 1.0}};{'d0': 0.024905832919416632};-280.569866449044;41.11937253017135
49641;-99.1655606943503;(((pow2((_a5_ + x)) + _a0_) / exp((_a0_ * _a1_))) * (_a0_ * x));{'d0': {'_a0_': 0.42839162799310704, '_a1_': -4.819502246616566, '_a5_': 0.3119297078049124, '_a2_': 1.0, '_a3_': 1.0, '_a4_': 1.0, '_a6_': 1.0, '_a7_': 1.0}};{'d0': 0.024905832919416632};-280.569866449044;41.11937253017135
49642;-99.1655606943504;(((pow2((_a5_ + x)) + _a0_) / exp((_a0_ * _a1_))) * (_a5_ * x));{'d0': {'_a0_': 0.4283916268803731, '_a1_': -5.560086131977883, '_a5_': 0.3119297076480054, '_a2_': 1.0, '_a3_': 1.0, '_a4_': 1.0, '_a6_': 1.0, '_a7_': 1.0}};{'d0': 0.024905832919416573};-280.569866449044;41.11937253017135
49643;-99.1655606943504;(((pow2((_a5_ + x)) + _a0_) / exp((_a0_ * _a1_))) * (_a5_ * x));{'d0': {'_a0_': 0.4283916268803731, '_a1_': -5.560086131977883, '_a5_': 0.3119297076480054, '_a2_': 1.0, '_a3_': 1.0, '_a4_': 1.0, '_a6_': 1.0, '_a7_': 1.0}};{'d0': 0.024905832919416573};-280.569866449044;41.11937253017135
49644;-99.1655606943504;(((pow2((_a5_ + x)) + _a0_) / exp((_a0_ * _a1_))) * (_a5_ * x));{'d0': {'_a0_': 0.4283916268803731, '_a1_': -5.560086131977883, '_a5_': 0.3119297076480054, '_a2_': 1.0, '_a3_': 1.0, '_a4_': 1.0, '_a6_': 1.0, '_a7_': 1.0}};{'d0': 0.024905832919416573};-280.569866449044;41.11937253017135
49645;-99.1655606943504;(((pow2((_a5_ + x)) + _a0_) / exp((_a0_ * _a1_))) * (_a5_ * x));{'d0': {'_a0_': 0.4283916268803731, '_a1_': -5.560086131977883, '_a5_': 0.3119297076480054, '_a2_': 1.0, '_a3_': 1.0, '_a4_': 1.0, '_a6_': 1.0, '_a7_': 1.0}};{'d0': 0.024905832919416573};-280.569866449044;41.11937253017135
49646;-99.1655606943504;(((pow2((_a5_ + x)) + _a0_) / exp((_a0_ * _a1_))) * (_a5_ * x));{'d0': {'_a0_': 0.4283916268803731, '_a1_': -5.560086131977883, '_a5_': 0.3119297076480054, '_a2_': 1.0, '_a3_': 1.0, '_a4_': 1.0, '_a6_': 1.0, '_a7_': 1.0}};{'d0': 0.024905832919416573};-280.569866449044;41.11937253017135
49647;-99.1655606943504;(((pow2((_a5_ + x)) + _a0_) / exp((_a0_ * _a1_))) * (_a5_ * x));{'d0': {'_a0_': 0.4283916268803731, '_a1_': -5.560086131977883, '_a5_': 0.3119297076480054, '_a2_': 1.0, '_a3_': 1.0, '_a4_': 1.0, '_a6_': 1.0, '_a7_': 1.0}};{'d0': 0.024905832919416573};-280.569866449044;41.11937253017135
49648;-99.1655606943504;(((pow2((_a5_ + x)) + _a0_) / exp((_a0_ * _a1_))) * (_a5_ * x));{'d0': {'_a0_': 0.4283916268803731, '_a1_': -5.560086131977883, '_a5_': 0.3119297076480054, '_a2_': 1.0, '_a3_': 1.0, '_a4_': 1.0, '_a6_': 1.0, '_a7_': 1.0}};{'d0': 0.024905832919416573};-280.569866449044;41.11937253017135
49649;-87.9702156700119;(((((_a1_ * _a3_) * (-(_a7_) * pow2(x))) + (_a4_ + x)) * (_a1_ ** _a4_)) * x);{'d0': {'_a1_': 2.4211052131725417, '_a3_': -0.8252003576702444, '_a4_': 0.8426446051319872, '_a7_': 0.802306215422308, '_a0_': 1.0, '_a2_': 1.0, '_a5_': 1.0, '_a6_': 1.0}};{'d0': 0.024905832919992328};-276.475521885435;50.267545272705505
49650;-87.9702156700119;(((((_a1_ * _a3_) * (-(_a7_) * pow2(x))) + (_a4_ + x)) * (_a1_ ** _a4_)) * x);{'d0': {'_a1_': 2.4211052131725417, '_a3_': -0.8252003576702444, '_a4_': 0.8426446051319872, '_a7_': 0.802306215422308, '_a0_': 1.0, '_a2_': 1.0, '_a5_': 1.0, '_a6_': 1.0}};{'d0': 0.024905832919992328};-276.475521885435;50.267545272705505
49651;-87.9702156700119;(((((_a1_ * _a3_) * (-(_a7_) * pow2(x))) + (_a4_ + x)) * (_a1_ ** _a4_)) * x);{'d0': {'_a1_': 2.4211052131725417, '_a3_': -0.8252003576702444, '_a4_': 0.8426446051319872, '_a7_': 0.802306215422308, '_a0_': 1.0, '_a2_': 1.0, '_a5_': 1.0, '_a6_': 1.0}};{'d0': 0.024905832919992328};-276.475521885435;50.267545272705505
49652;-87.9702156700119;(((((_a1_ * _a3_) * (-(_a7_) * pow2(x))) + (_a4_ + x)) * (_a1_ ** _a4_)) * x);{'d0': {'_a1_': 2.4211052131725417, '_a3_': -0.8252003576702444, '_a4_': 0.8426446051319872, '_a7_': 0.802306215422308, '_a0_': 1.0, '_a2_': 1.0, '_a5_': 1.0, '_a6_': 1.0}};{'d0': 0.024905832919992328};-276.475521885435;50.267545272705505
49653;-87.8970433456744;(((((_a1_ * _a3_) * ((_a4_ / _a4_) * pow2(x))) + (_a4_ + x)) * (_a1_ ** _a4_)) * x);{'d0': {'_a1_': 2.421105220832581, '_a3_': 0.6620634331299937, '_a4_': 0.8426446037099207, '_a0_': 1.0, '_a2_': 1.0, '_a5_': 1.0, '_a6_': 1.0, '_a7_': 1.0}};{'d0': 0.024905832919416605};-280.569866449044;52.38788987884752
49654;-87.8970433456744;(((((_a1_ * _a3_) * ((_a4_ / _a4_) * pow2(x))) + (_a4_ + x)) * (_a1_ ** _a4_)) * x);{'d0': {'_a1_': 2.421105220832581, '_a3_': 0.6620634331299937, '_a4_': 0.8426446037099207, '_a0_': 1.0, '_a2_': 1.0, '_a5_': 1.0, '_a6_': 1.0, '_a7_': 1.0}};{'d0': 0.024905832919416605};-280.569866449044;52.38788987884752
49655;-87.8970433456744;(((((_a1_ * _a3_) * ((_a4_ / _a4_) * pow2(x))) + (_a4_ + x)) * (_a1_ ** _a4_)) * x);{'d0': {'_a1_': 2.421105220832581, '_a3_': 0.6620634331299937, '_a4_': 0.8426446037099207, '_a0_': 1.0, '_a2_': 1.0, '_a5_': 1.0, '_a6_': 1.0, '_a7_': 1.0}};{'d0': 0.024905832919416605};-280.569866449044;52.38788987884752
49656;-87.8970433456744;(((((_a1_ * _a3_) * ((_a4_ / _a4_) * pow2(x))) + (_a4_ + x)) * (_a1_ ** _a4_)) * x);{'d0': {'_a1_': 2.421105220832581, '_a3_': 0.6620634331299937, '_a4_': 0.8426446037099207, '_a0_': 1.0, '_a2_': 1.0, '_a5_': 1.0, '_a6_': 1.0, '_a7_': 1.0}};{'d0': 0.024905832919416605};-280.569866449044;52.38788987884752
49657;-87.8970433456744;(((((_a1_ * _a3_) * ((_a4_ / _a4_) * pow2(x))) + (_a4_ + x)) * (_a1_ ** _a4_)) * x);{'d0': {'_a1_': 2.421105220832581, '_a3_': 0.6620634331299937, '_a4_': 0.8426446037099207, '_a0_': 1.0, '_a2_': 1.0, '_a5_': 1.0, '_a6_': 1.0, '_a7_': 1.0}};{'d0': 0.024905832919416605};-280.569866449044;52.38788987884752
49658;-87.8970433456744;(((((_a1_ * _a3_) * ((_a4_ / _a4_) * pow2(x))) + (_a4_ + x)) * (_a1_ ** _a4_)) * x);{'d0': {'_a1_': 2.421105220832581, '_a3_': 0.6620634331299937, '_a4_': 0.8426446037099207, '_a0_': 1.0, '_a2_': 1.0, '_a5_': 1.0, '_a6_': 1.0, '_a7_': 1.0}};{'d0': 0.024905832919416605};-280.569866449044;52.38788987884752
49659;-87.8970433456744;(((((_a1_ * _a3_) * ((_a4_ / _a4_) * pow2(x))) + (_a4_ + x)) * (_a1_ ** _a4_)) * x);{'d0': {'_a1_': 2.421105220832581, '_a3_': 0.6620634331299937, '_a4_': 0.8426446037099207, '_a0_': 1.0, '_a2_': 1.0, '_a5_': 1.0, '_a6_': 1.0, '_a7_': 1.0}};{'d0': 0.024905832919416605};-280.569866449044;52.38788987884752
49660;-87.8970433456744;(((((_a1_ * _a3_) * ((_a4_ / _a4_) * pow2(x))) + (_a4_ + x)) * (_a1_ ** _a4_)) * x);{'d0': {'_a1_': 2.421105220832581, '_a3_': 0.6620634331299937, '_a4_': 0.8426446037099207, '_a0_': 1.0, '_a2_': 1.0, '_a5_': 1.0, '_a6_': 1.0, '_a7_': 1.0}};{'d0': 0.024905832919416605};-280.569866449044;52.38788987884752
49661;-87.8970433456744;(((((_a1_ * _a3_) * ((_a4_ / _a4_) * pow2(x))) + (_a4_ + x)) * (_a1_ ** _a4_)) * x);{'d0': {'_a1_': 2.421105220832581, '_a3_': 0.6620634331299937, '_a4_': 0.8426446037099207, '_a0_': 1.0, '_a2_': 1.0, '_a5_': 1.0, '_a6_': 1.0, '_a7_': 1.0}};{'d0': 0.024905832919416605};-280.569866449044;52.38788987884752
49662;-97.1537471961399;(((pow2((_a5_ + x)) + pow2(_a1_)) / -((_a0_ * _a1_))) * (_a5_ * x));{'d0': {'_a0_': 0.1411353951361859, '_a1_': -0.654516331292261, '_a5_': 0.31192970784629337, '_a2_': 1.0, '_a3_': 1.0, '_a4_': 1.0, '_a6_': 1.0, '_a7_': 1.0}};{'d0': 0.024905832919416636};-280.569866449044;43.13118602838174
49663;-97.1537471961399;(((pow2((_a5_ + x)) + pow2(_a1_)) / -((_a0_ * _a1_))) * (_a5_ * x));{'d0': {'_a0_': 0.1411353951361859, '_a1_': -0.654516331292261, '_a5_': 0.31192970784629337, '_a2_': 1.0, '_a3_': 1.0, '_a4_': 1.0, '_a6_': 1.0, '_a7_': 1.0}};{'d0': 0.024905832919416636};-280.569866449044;43.13118602838174
49664;-97.1537471961399;(((pow2((_a5_ + x)) + pow2(_a1_)) / -((_a0_ * _a1_))) * (_a5_ * x));{'d0': {'_a0_': 0.1411353951361859, '_a1_': -0.654516331292261, '_a5_': 0.31192970784629337, '_a2_': 1.0, '_a3_': 1.0, '_a4_': 1.0, '_a6_': 1.0, '_a7_': 1.0}};{'d0': 0.024905832919416636};-280.569866449044;43.13118602838174
49665;-97.1537471961399;(((pow2((_a5_ + x)) + pow2(_a1_)) / -((_a0_ * _a1_))) * (_a5_ * x));{'d0': {'_a0_': 0.1411353951361859, '_a1_': -0.654516331292261, '_a5_': 0.31192970784629337, '_a2_': 1.0, '_a3_': 1.0, '_a4_': 1.0, '_a6_': 1.0, '_a7_': 1.0}};{'d0': 0.024905832919416636};-280.569866449044;43.13118602838174
49666;-97.1537471961399;(((pow2((_a5_ + x)) + pow2(_a1_)) / -((_a0_ * _a1_))) * (_a5_ * x));{'d0': {'_a0_': 0.1411353951361859, '_a1_': -0.654516331292261, '_a5_': 0.31192970784629337, '_a2_': 1.0, '_a3_': 1.0, '_a4_': 1.0, '_a6_': 1.0, '_a7_': 1.0}};{'d0': 0.024905832919416636};-280.569866449044;43.13118602838174
49667;-97.1537471961399;(((pow2((_a5_ + x)) + pow2(_a1_)) / -((_a0_ * _a1_))) * (_a5_ * x));{'d0': {'_a0_': 0.1411353951361859, '_a1_': -0.654516331292261, '_a5_': 0.31192970784629337, '_a2_': 1.0, '_a3_': 1.0, '_a4_': 1.0, '_a6_': 1.0, '_a7_': 1.0}};{'d0': 0.024905832919416636};-280.569866449044;43.13118602838174
49668;-97.1537471961399;(((pow2((_a5_ + x)) + pow2(_a1_)) / -((_a0_ * _a1_))) * (_a5_ * x));{'d0': {'_a0_': 0.1411353951361859, '_a1_': -0.654516331292261, '_a5_': 0.31192970784629337, '_a2_': 1.0, '_a3_': 1.0, '_a4_': 1.0, '_a6_': 1.0, '_a7_': 1.0}};{'d0': 0.024905832919416636};-280.569866449044;43.13118602838174
49669;-97.1537471961399;(((pow2((_a5_ + x)) + pow2(_a1_)) / -((_a0_ * _a1_))) * (_a5_ * x));{'d0': {'_a0_': 0.1411353951361859, '_a1_': -0.654516331292261, '_a5_': 0.31192970784629337, '_a2_': 1.0, '_a3_': 1.0, '_a4_': 1.0, '_a6_': 1.0, '_a7_': 1.0}};{'d0': 0.024905832919416636};-280.569866449044;43.13118602838174
49670;-87.8970433456744;(((((_a1_ * _a3_) * ((_a4_ / _a4_) * pow2(x))) + (_a4_ + x)) * (_a1_ ** _a4_)) * x);{'d0': {'_a1_': 2.421105220832581, '_a3_': 0.6620634331299937, '_a4_': 0.8426446037099207, '_a0_': 1.0, '_a2_': 1.0, '_a5_': 1.0, '_a6_': 1.0, '_a7_': 1.0}};{'d0': 0.024905832919416605};-280.569866449044;52.38788987884752
49671;-87.8970433456744;(((((_a1_ * _a3_) * ((_a4_ / _a4_) * pow2(x))) + (_a4_ + x)) * (_a1_ ** _a4_)) * x);{'d0': {'_a1_': 2.421105220832581, '_a3_': 0.6620634331299937, '_a4_': 0.8426446037099207, '_a0_': 1.0, '_a2_': 1.0, '_a5_': 1.0, '_a6_': 1.0, '_a7_': 1.0}};{'d0': 0.024905832919416605};-280.569866449044;52.38788987884752
49672;-87.8970433456744;(((((_a1_ * _a3_) * ((_a4_ / _a4_) * pow2(x))) + (_a4_ + x)) * (_a1_ ** _a4_)) * x);{'d0': {'_a1_': 2.421105220832581, '_a3_': 0.6620634331299937, '_a4_': 0.8426446037099207, '_a0_': 1.0, '_a2_': 1.0, '_a5_': 1.0, '_a6_': 1.0, '_a7_': 1.0}};{'d0': 0.024905832919416605};-280.569866449044;52.38788987884752
49673;-87.8970433456744;(((((_a1_ * _a3_) * ((_a4_ / _a4_) * pow2(x))) + (_a4_ + x)) * (_a1_ ** _a4_)) * x);{'d0': {'_a1_': 2.421105220832581, '_a3_': 0.6620634331299937, '_a4_': 0.8426446037099207, '_a0_': 1.0, '_a2_': 1.0, '_a5_': 1.0, '_a6_': 1.0, '_a7_': 1.0}};{'d0': 0.024905832919416605};-280.569866449044;52.38788987884752
49674;-87.8970433456744;(((((_a1_ * _a3_) * ((_a4_ / _a4_) * pow2(x))) + (_a4_ + x)) * (_a1_ ** _a4_)) * x);{'d0': {'_a1_': 2.421105220832581, '_a3_': 0.6620634331299937, '_a4_': 0.8426446037099207, '_a0_': 1.0, '_a2_': 1.0, '_a5_': 1.0, '_a6_': 1.0, '_a7_': 1.0}};{'d0': 0.024905832919416605};-280.569866449044;52.38788987884752
49675;-87.8970433456744;(((((_a1_ * _a3_) * ((_a4_ / _a4_) * pow2(x))) + (_a4_ + x)) * (_a1_ ** _a4_)) * x);{'d0': {'_a1_': 2.421105220832581, '_a3_': 0.6620634331299937, '_a4_': 0.8426446037099207, '_a0_': 1.0, '_a2_': 1.0, '_a5_': 1.0, '_a6_': 1.0, '_a7_': 1.0}};{'d0': 0.024905832919416605};-280.569866449044;52.38788987884752
49676;-87.8970433456744;(((((_a1_ * _a3_) * ((_a4_ / _a4_) * pow2(x))) + (_a4_ + x)) * (_a1_ ** _a4_)) * x);{'d0': {'_a1_': 2.421105220832581, '_a3_': 0.6620634331299937, '_a4_': 0.8426446037099207, '_a0_': 1.0, '_a2_': 1.0, '_a5_': 1.0, '_a6_': 1.0, '_a7_': 1.0}};{'d0': 0.024905832919416605};-280.569866449044;52.38788987884752
49677;-87.8970433456744;(((((_a1_ * _a3_) * ((_a4_ / _a4_) * pow2(x))) + (_a4_ + x)) * (_a1_ ** _a4_)) * x);{'d0': {'_a1_': 2.421105220832581, '_a3_': 0.6620634331299937, '_a4_': 0.8426446037099207, '_a0_': 1.0, '_a2_': 1.0, '_a5_': 1.0, '_a6_': 1.0, '_a7_': 1.0}};{'d0': 0.024905832919416605};-280.569866449044;52.38788987884752
49678;-87.8970433456744;(((((_a1_ * _a3_) * ((_a4_ / _a4_) * pow2(x))) + (_a4_ + x)) * (_a1_ ** _a4_)) * x);{'d0': {'_a1_': 2.421105220832581, '_a3_': 0.6620634331299937, '_a4_': 0.8426446037099207, '_a0_': 1.0, '_a2_': 1.0, '_a5_': 1.0, '_a6_': 1.0, '_a7_': 1.0}};{'d0': 0.024905832919416605};-280.569866449044;52.38788987884752
49679;-87.8970433456744;(((((_a1_ * _a3_) * ((_a4_ / _a4_) * pow2(x))) + (_a4_ + x)) * (_a1_ ** _a4_)) * x);{'d0': {'_a1_': 2.421105220832581, '_a3_': 0.6620634331299937, '_a4_': 0.8426446037099207, '_a0_': 1.0, '_a2_': 1.0, '_a5_': 1.0, '_a6_': 1.0, '_a7_': 1.0}};{'d0': 0.024905832919416605};-280.569866449044;52.38788987884752
49680;-87.8970433456744;(((((_a1_ * _a3_) * ((_a4_ / _a4_) * pow2(x))) + (_a4_ + x)) * (_a1_ ** _a4_)) * x);{'d0': {'_a1_': 2.421105220832581, '_a3_': 0.6620634331299937, '_a4_': 0.8426446037099207, '_a0_': 1.0, '_a2_': 1.0, '_a5_': 1.0, '_a6_': 1.0, '_a7_': 1.0}};{'d0': 0.024905832919416605};-280.569866449044;52.38788987884752
49681;-87.8970433456744;(((((_a1_ * _a3_) * ((_a4_ / _a4_) * pow2(x))) + (_a4_ + x)) * (_a1_ ** _a4_)) * x);{'d0': {'_a1_': 2.421105220832581, '_a3_': 0.6620634331299937, '_a4_': 0.8426446037099207, '_a0_': 1.0, '_a2_': 1.0, '_a5_': 1.0, '_a6_': 1.0, '_a7_': 1.0}};{'d0': 0.024905832919416605};-280.569866449044;52.38788987884752
49682;-87.8970433456744;(((((_a1_ * _a3_) * ((_a4_ / _a4_) * pow2(x))) + (_a4_ + x)) * (_a1_ ** _a4_)) * x);{'d0': {'_a1_': 2.421105220832581, '_a3_': 0.6620634331299937, '_a4_': 0.8426446037099207, '_a0_': 1.0, '_a2_': 1.0, '_a5_': 1.0, '_a6_': 1.0, '_a7_': 1.0}};{'d0': 0.024905832919416605};-280.569866449044;52.38788987884752
49683;-87.8970433456744;(((((_a1_ * _a3_) * ((_a4_ / _a4_) * pow2(x))) + (_a4_ + x)) * (_a1_ ** _a4_)) * x);{'d0': {'_a1_': 2.421105220832581, '_a3_': 0.6620634331299937, '_a4_': 0.8426446037099207, '_a0_': 1.0, '_a2_': 1.0, '_a5_': 1.0, '_a6_': 1.0, '_a7_': 1.0}};{'d0': 0.024905832919416605};-280.569866449044;52.38788987884752
49684;-87.8970433456744;(((((_a1_ * _a3_) * ((_a4_ / _a4_) * pow2(x))) + (_a4_ + x)) * (_a1_ ** _a4_)) * x);{'d0': {'_a1_': 2.421105220832581, '_a3_': 0.6620634331299937, '_a4_': 0.8426446037099207, '_a0_': 1.0, '_a2_': 1.0, '_a5_': 1.0, '_a6_': 1.0, '_a7_': 1.0}};{'d0': 0.024905832919416605};-280.569866449044;52.38788987884752
49685;-87.8970433456744;(((((_a1_ * _a3_) * ((_a4_ / _a4_) * pow2(x))) + (_a4_ + x)) * (_a1_ ** _a4_)) * x);{'d0': {'_a1_': 2.421105220832581, '_a3_': 0.6620634331299937, '_a4_': 0.8426446037099207, '_a0_': 1.0, '_a2_': 1.0, '_a5_': 1.0, '_a6_': 1.0, '_a7_': 1.0}};{'d0': 0.024905832919416605};-280.569866449044;52.38788987884752
49686;-87.8970433456744;(((((_a1_ * _a3_) * ((_a4_ / _a4_) * pow2(x))) + (_a4_ + x)) * (_a1_ ** _a4_)) * x);{'d0': {'_a1_': 2.421105220832581, '_a3_': 0.6620634331299937, '_a4_': 0.8426446037099207, '_a0_': 1.0, '_a2_': 1.0, '_a5_': 1.0, '_a6_': 1.0, '_a7_': 1.0}};{'d0': 0.024905832919416605};-280.569866449044;52.38788987884752
49687;-87.8970433456744;(((((_a1_ * _a3_) * ((_a4_ / _a4_) * pow2(x))) + (_a4_ + x)) * (_a1_ ** _a4_)) * x);{'d0': {'_a1_': 2.421105220832581, '_a3_': 0.6620634331299937, '_a4_': 0.8426446037099207, '_a0_': 1.0, '_a2_': 1.0, '_a5_': 1.0, '_a6_': 1.0, '_a7_': 1.0}};{'d0': 0.024905832919416605};-280.569866449044;52.38788987884752
49688;-87.8970433456744;(((((_a1_ * _a3_) * ((_a4_ / _a4_) * pow2(x))) + (_a4_ + x)) * (_a1_ ** _a4_)) * x);{'d0': {'_a1_': 2.421105220832581, '_a3_': 0.6620634331299937, '_a4_': 0.8426446037099207, '_a0_': 1.0, '_a2_': 1.0, '_a5_': 1.0, '_a6_': 1.0, '_a7_': 1.0}};{'d0': 0.024905832919416605};-280.569866449044;52.38788987884752
49689;-87.8970433456744;(((((_a1_ * _a3_) * ((_a4_ / _a4_) * pow2(x))) + (_a4_ + x)) * (_a1_ ** _a4_)) * x);{'d0': {'_a1_': 2.421105220832581, '_a3_': 0.6620634331299937, '_a4_': 0.8426446037099207, '_a0_': 1.0, '_a2_': 1.0, '_a5_': 1.0, '_a6_': 1.0, '_a7_': 1.0}};{'d0': 0.024905832919416605};-280.569866449044;52.38788987884752
49690;-87.8970433456744;(((((_a1_ * _a3_) * ((_a4_ / _a4_) * pow2(x))) + (_a4_ + x)) * (_a1_ ** _a4_)) * x);{'d0': {'_a1_': 2.421105220832581, '_a3_': 0.6620634331299937, '_a4_': 0.8426446037099207, '_a0_': 1.0, '_a2_': 1.0, '_a5_': 1.0, '_a6_': 1.0, '_a7_': 1.0}};{'d0': 0.024905832919416605};-280.569866449044;52.38788987884752
49691;-87.8970433456744;(((((_a1_ * _a3_) * ((_a4_ / _a4_) * pow2(x))) + (_a4_ + x)) * (_a1_ ** _a4_)) * x);{'d0': {'_a1_': 2.421105220832581, '_a3_': 0.6620634331299937, '_a4_': 0.8426446037099207, '_a0_': 1.0, '_a2_': 1.0, '_a5_': 1.0, '_a6_': 1.0, '_a7_': 1.0}};{'d0': 0.024905832919416605};-280.569866449044;52.38788987884752
49692;-87.8970433456744;(((((_a1_ * _a3_) * ((_a4_ / _a4_) * pow2(x))) + (_a4_ + x)) * (_a1_ ** _a4_)) * x);{'d0': {'_a1_': 2.421105220832581, '_a3_': 0.6620634331299937, '_a4_': 0.8426446037099207, '_a0_': 1.0, '_a2_': 1.0, '_a5_': 1.0, '_a6_': 1.0, '_a7_': 1.0}};{'d0': 0.024905832919416605};-280.569866449044;52.38788987884752
49693;-87.8970433456744;(((((_a1_ * _a3_) * ((_a4_ / _a4_) * pow2(x))) + (_a4_ + x)) * (_a1_ ** _a4_)) * x);{'d0': {'_a1_': 2.421105220832581, '_a3_': 0.6620634331299937, '_a4_': 0.8426446037099207, '_a0_': 1.0, '_a2_': 1.0, '_a5_': 1.0, '_a6_': 1.0, '_a7_': 1.0}};{'d0': 0.024905832919416605};-280.569866449044;52.38788987884752
49694;-87.8970433456744;(((((_a1_ * _a3_) * ((_a4_ / _a4_) * pow2(x))) + (_a4_ + x)) * (_a1_ ** _a4_)) * x);{'d0': {'_a1_': 2.421105220832581, '_a3_': 0.6620634331299937, '_a4_': 0.8426446037099207, '_a0_': 1.0, '_a2_': 1.0, '_a5_': 1.0, '_a6_': 1.0, '_a7_': 1.0}};{'d0': 0.024905832919416605};-280.569866449044;52.38788987884752
49695;-87.8970433456744;(((((_a1_ * _a3_) * ((_a4_ / _a4_) * pow2(x))) + (_a4_ + x)) * (_a1_ ** _a4_)) * x);{'d0': {'_a1_': 2.421105220832581, '_a3_': 0.6620634331299937, '_a4_': 0.8426446037099207, '_a0_': 1.0, '_a2_': 1.0, '_a5_': 1.0, '_a6_': 1.0, '_a7_': 1.0}};{'d0': 0.024905832919416605};-280.569866449044;52.38788987884752
49696;-87.8970433456744;(((((_a1_ * _a3_) * ((_a4_ / _a4_) * pow2(x))) + (_a4_ + x)) * (_a1_ ** _a4_)) * x);{'d0': {'_a1_': 2.421105220832581, '_a3_': 0.6620634331299937, '_a4_': 0.8426446037099207, '_a0_': 1.0, '_a2_': 1.0, '_a5_': 1.0, '_a6_': 1.0, '_a7_': 1.0}};{'d0': 0.024905832919416605};-280.569866449044;52.38788987884752
49697;-92.9187405574533;((((_a7_ * ((_a4_ / _a4_) * pow2(x))) + (_a4_ + x)) * (_a1_ ** _a4_)) * x);{'d0': {'_a1_': 2.4211052128652106, '_a4_': 0.842644605317606, '_a7_': 1.6029252344048, '_a0_': 1.0, '_a2_': 1.0, '_a3_': 1.0, '_a5_': 1.0, '_a6_': 1.0}};{'d0': 0.02490583291941667};-280.569866449043;47.36619266706852
49698;-92.9187405574533;((((_a7_ * ((_a4_ / _a4_) * pow2(x))) + (_a4_ + x)) * (_a1_ ** _a4_)) * x);{'d0': {'_a1_': 2.4211052128652106, '_a4_': 0.842644605317606, '_a7_': 1.6029252344048, '_a0_': 1.0, '_a2_': 1.0, '_a3_': 1.0, '_a5_': 1.0, '_a6_': 1.0}};{'d0': 0.02490583291941667};-280.569866449043;47.36619266706852
49699;-92.9739255701346;((((_a7_ * (pow2(_a5_) * pow2(x))) + (_a4_ + x)) * (_a1_ ** _a4_)) * x);{'d0': {'_a1_': 2.4211052128652106, '_a4_': 0.842644605317606, '_a5_': 1.0, '_a7_': 1.6029252344048, '_a0_': 1.0, '_a2_': 1.0, '_a3_': 1.0, '_a6_': 1.0}};{'d0': 0.02490583291941667};-276.475521886821;45.263835373276116
49700;-92.9739255701346;((((_a7_ * (pow2(_a5_) * pow2(x))) + (_a4_ + x)) * (_a1_ ** _a4_)) * x);{'d0': {'_a1_': 2.4211052128652106, '_a4_': 0.842644605317606, '_a5_': 1.0, '_a7_': 1.6029252344048, '_a0_': 1.0, '_a2_': 1.0, '_a3_': 1.0, '_a6_': 1.0}};{'d0': 0.02490583291941667};-276.475521886821;45.263835373276116
49701;-92.9739255701346;((((_a7_ * (pow2(_a5_) * pow2(x))) + (_a4_ + x)) * (_a1_ ** _a4_)) * x);{'d0': {'_a1_': 2.4211052128652106, '_a4_': 0.842644605317606, '_a5_': 1.0, '_a7_': 1.6029252344048, '_a0_': 1.0, '_a2_': 1.0, '_a3_': 1.0, '_a6_': 1.0}};{'d0': 0.02490583291941667};-276.475521886821;45.263835373276116
49702;-92.9739255701346;((((_a7_ * (pow2(_a5_) * pow2(x))) + (_a4_ + x)) * (_a1_ ** _a4_)) * x);{'d0': {'_a1_': 2.4211052128652106, '_a4_': 0.842644605317606, '_a5_': 1.0, '_a7_': 1.6029252344048, '_a0_': 1.0, '_a2_': 1.0, '_a3_': 1.0, '_a6_': 1.0}};{'d0': 0.02490583291941667};-276.475521886821;45.263835373276116
49703;-92.9739255701346;((((_a7_ * (pow2(_a5_) * pow2(x))) + (_a4_ + x)) * (_a1_ ** _a4_)) * x);{'d0': {'_a1_': 2.4211052128652106, '_a4_': 0.842644605317606, '_a5_': 1.0, '_a7_': 1.6029252344048, '_a0_': 1.0, '_a2_': 1.0, '_a3_': 1.0, '_a6_': 1.0}};{'d0': 0.02490583291941667};-276.475521886821;45.263835373276116
49704;-92.9739255701346;((((_a7_ * (pow2(_a5_) * pow2(x))) + (_a4_ + x)) * (_a1_ ** _a4_)) * x);{'d0': {'_a1_': 2.4211052128652106, '_a4_': 0.842644605317606, '_a5_': 1.0, '_a7_': 1.6029252344048, '_a0_': 1.0, '_a2_': 1.0, '_a3_': 1.0, '_a6_': 1.0}};{'d0': 0.02490583291941667};-276.475521886821;45.263835373276116
49705;-92.9739255701346;((((_a7_ * (pow2(_a5_) * pow2(x))) + (_a4_ + x)) * (_a1_ ** _a4_)) * x);{'d0': {'_a1_': 2.4211052128652106, '_a4_': 0.842644605317606, '_a5_': 1.0, '_a7_': 1.6029252344048, '_a0_': 1.0, '_a2_': 1.0, '_a3_': 1.0, '_a6_': 1.0}};{'d0': 0.02490583291941667};-276.475521886821;45.263835373276116
49706;-92.9739255701346;((((_a7_ * (pow2(_a5_) * pow2(x))) + (_a4_ + x)) * (_a1_ ** _a4_)) * x);{'d0': {'_a1_': 2.4211052128652106, '_a4_': 0.842644605317606, '_a5_': 1.0, '_a7_': 1.6029252344048, '_a0_': 1.0, '_a2_': 1.0, '_a3_': 1.0, '_a6_': 1.0}};{'d0': 0.02490583291941667};-276.475521886821;45.263835373276116
49707;-92.9739255701346;((((_a7_ * (pow2(_a5_) * pow2(x))) + (_a4_ + x)) * (_a1_ ** _a4_)) * x);{'d0': {'_a1_': 2.4211052128652106, '_a4_': 0.842644605317606, '_a5_': 1.0, '_a7_': 1.6029252344048, '_a0_': 1.0, '_a2_': 1.0, '_a3_': 1.0, '_a6_': 1.0}};{'d0': 0.02490583291941667};-276.475521886821;45.263835373276116
49708;-92.9739255701346;((((_a7_ * (pow2(_a5_) * pow2(x))) + (_a4_ + x)) * (_a1_ ** _a4_)) * x);{'d0': {'_a1_': 2.4211052128652106, '_a4_': 0.842644605317606, '_a5_': 1.0, '_a7_': 1.6029252344048, '_a0_': 1.0, '_a2_': 1.0, '_a3_': 1.0, '_a6_': 1.0}};{'d0': 0.02490583291941667};-276.475521886821;45.263835373276116
49709;-92.9739255701346;((((_a7_ * (pow2(_a5_) * pow2(x))) + (_a4_ + x)) * (_a1_ ** _a4_)) * x);{'d0': {'_a1_': 2.4211052128652106, '_a4_': 0.842644605317606, '_a5_': 1.0, '_a7_': 1.6029252344048, '_a0_': 1.0, '_a2_': 1.0, '_a3_': 1.0, '_a6_': 1.0}};{'d0': 0.02490583291941667};-276.475521886821;45.263835373276116
49710;-92.9739255701346;((((_a7_ * (pow2(_a5_) * pow2(x))) + (_a4_ + x)) * (_a1_ ** _a4_)) * x);{'d0': {'_a1_': 2.4211052128652106, '_a4_': 0.842644605317606, '_a5_': 1.0, '_a7_': 1.6029252344048, '_a0_': 1.0, '_a2_': 1.0, '_a3_': 1.0, '_a6_': 1.0}};{'d0': 0.02490583291941667};-276.475521886821;45.263835373276116
49711;-98.7190323238558;((((_a7_ * (_a4_ * pow2(x))) + (_a4_ + x)) * (_a1_ ** _a4_)) * x);{'d0': {'_a1_': 2.4211052217182, '_a4_': 0.8426446036307551, '_a7_': 1.9022553841140788, '_a0_': 1.0, '_a2_': 1.0, '_a3_': 1.0, '_a5_': 1.0, '_a6_': 1.0}};{'d0': 0.02490583291941655};-280.569866449044;41.565900900666115
49712;-98.7190323238558;((((_a7_ * (_a4_ * pow2(x))) + (_a4_ + x)) * (_a1_ ** _a4_)) * x);{'d0': {'_a1_': 2.4211052217182, '_a4_': 0.8426446036307551, '_a7_': 1.9022553841140788, '_a0_': 1.0, '_a2_': 1.0, '_a3_': 1.0, '_a5_': 1.0, '_a6_': 1.0}};{'d0': 0.02490583291941655};-280.569866449044;41.565900900666115
49713;-98.7190323238558;((((_a7_ * (_a4_ * pow2(x))) + (_a4_ + x)) * (_a1_ ** _a4_)) * x);{'d0': {'_a1_': 2.4211052217182, '_a4_': 0.8426446036307551, '_a7_': 1.9022553841140788, '_a0_': 1.0, '_a2_': 1.0, '_a3_': 1.0, '_a5_': 1.0, '_a6_': 1.0}};{'d0': 0.02490583291941655};-280.569866449044;41.565900900666115
49714;-99.4619796209258;((((_a7_ * (_a4_ * pow2(x))) + (_a4_ + x)) * (_a1_ + _a4_)) * x);{'d0': {'_a1_': 1.2639794618210412, '_a4_': 0.8426446052074009, '_a7_': 1.9022553803838684, '_a0_': 1.0, '_a2_': 1.0, '_a3_': 1.0, '_a5_': 1.0, '_a6_': 1.0}};{'d0': 0.024905832919416605};-280.569866449044;40.82295360359612
49715;-99.4619796209258;((((_a7_ * (_a4_ * pow2(x))) + (_a4_ + x)) * (_a1_ + _a4_)) * x);{'d0': {'_a1_': 1.2639794618210412, '_a4_': 0.8426446052074009, '_a7_': 1.9022553803838684, '_a0_': 1.0, '_a2_': 1.0, '_a3_': 1.0, '_a5_': 1.0, '_a6_': 1.0}};{'d0': 0.024905832919416605};-280.569866449044;40.82295360359612
49716;-94.1026475908158;((((_a7_ * (_a4_ * pow2(x))) + (_a4_ + x)) * (log(_a3_) + _a4_)) * x);{'d0': {'_a3_': 3.5394787199662883, '_a4_': 0.8426446049045843, '_a7_': 1.9022553817534569, '_a0_': 1.0, '_a1_': 1.0, '_a2_': 1.0, '_a5_': 1.0, '_a6_': 1.0}};{'d0': 0.024905832919416598};-280.569866449044;46.182285633706115
49717;-97.1537471961399;(((pow2((_a5_ + x)) + pow2(_a0_)) / -((_a0_ * _a1_))) * (_a5_ * x));{'d0': {'_a0_': 0.6545163309109314, '_a1_': -0.1411353950410436, '_a5_': 0.3119297075971618, '_a2_': 1.0, '_a3_': 1.0, '_a4_': 1.0, '_a6_': 1.0, '_a7_': 1.0}};{'d0': 0.02490583291941668};-280.569866449043;43.13118602838174
49718;-97.1537471961399;(((pow2((_a5_ + x)) + pow2(_a0_)) / -((_a0_ * _a1_))) * (_a5_ * x));{'d0': {'_a0_': 0.6545163309109314, '_a1_': -0.1411353950410436, '_a5_': 0.3119297075971618, '_a2_': 1.0, '_a3_': 1.0, '_a4_': 1.0, '_a6_': 1.0, '_a7_': 1.0}};{'d0': 0.02490583291941668};-280.569866449043;43.13118602838174
49719;-97.1537471961399;(((pow2((_a5_ + x)) + pow2(_a0_)) / -((_a0_ * _a1_))) * (_a5_ * x));{'d0': {'_a0_': 0.6545163309109314, '_a1_': -0.1411353950410436, '_a5_': 0.3119297075971618, '_a2_': 1.0, '_a3_': 1.0, '_a4_': 1.0, '_a6_': 1.0, '_a7_': 1.0}};{'d0': 0.02490583291941668};-280.569866449043;43.13118602838174
49720;-94.7722718761799;(((pow2((_a5_ + x)) + cos(_a0_)) / -((_a0_ * _a1_))) * (_a5_ * x));{'d0': {'_a0_': 1.1280842765338797, '_a1_': -0.08188698565438539, '_a5_': 0.3119297077073384, '_a2_': 1.0, '_a3_': 1.0, '_a4_': 1.0, '_a6_': 1.0, '_a7_': 1.0}};{'d0': 0.02490583291941669};-280.569866449043;45.51266134834174
49721;-94.7722718761799;(((pow2((_a5_ + x)) + cos(_a0_)) / -((_a0_ * _a1_))) * (_a5_ * x));{'d0': {'_a0_': 1.1280842765338797, '_a1_': -0.08188698565438539, '_a5_': 0.3119297077073384, '_a2_': 1.0, '_a3_': 1.0, '_a4_': 1.0, '_a6_': 1.0, '_a7_': 1.0}};{'d0': 0.02490583291941669};-280.569866449043;45.51266134834174
49722;-94.7722718761799;(((pow2((_a5_ + x)) + cos(_a0_)) / -((_a0_ * _a1_))) * (_a5_ * x));{'d0': {'_a0_': 1.1280842765338797, '_a1_': -0.08188698565438539, '_a5_': 0.3119297077073384, '_a2_': 1.0, '_a3_': 1.0, '_a4_': 1.0, '_a6_': 1.0, '_a7_': 1.0}};{'d0': 0.02490583291941669};-280.569866449043;45.51266134834174
49723;-94.7722718761799;(((pow2((_a5_ + x)) + cos(_a0_)) / -((_a0_ * _a1_))) * (_a5_ * x));{'d0': {'_a0_': 1.1280842765338797, '_a1_': -0.08188698565438539, '_a5_': 0.3119297077073384, '_a2_': 1.0, '_a3_': 1.0, '_a4_': 1.0, '_a6_': 1.0, '_a7_': 1.0}};{'d0': 0.02490583291941669};-280.569866449043;45.51266134834174
49724;-94.7722718761799;(((pow2((_a5_ + x)) + cos(_a0_)) / -((_a0_ * _a1_))) * (_a5_ * x));{'d0': {'_a0_': 1.1280842765338797, '_a1_': -0.08188698565438539, '_a5_': 0.3119297077073384, '_a2_': 1.0, '_a3_': 1.0, '_a4_': 1.0, '_a6_': 1.0, '_a7_': 1.0}};{'d0': 0.02490583291941669};-280.569866449043;45.51266134834174
49725;-94.7722718761799;(((pow2((_a5_ + x)) + cos(_a0_)) / -((_a0_ * _a1_))) * (_a5_ * x));{'d0': {'_a0_': 1.1280842765338797, '_a1_': -0.08188698565438539, '_a5_': 0.3119297077073384, '_a2_': 1.0, '_a3_': 1.0, '_a4_': 1.0, '_a6_': 1.0, '_a7_': 1.0}};{'d0': 0.02490583291941669};-280.569866449043;45.51266134834174
49726;-94.7722718761799;(((pow2((_a5_ + x)) + cos(_a0_)) / -((_a0_ * _a1_))) * (_a5_ * x));{'d0': {'_a0_': 1.1280842765338797, '_a1_': -0.08188698565438539, '_a5_': 0.3119297077073384, '_a2_': 1.0, '_a3_': 1.0, '_a4_': 1.0, '_a6_': 1.0, '_a7_': 1.0}};{'d0': 0.02490583291941669};-280.569866449043;45.51266134834174
49727;-94.7722718761799;(((pow2((_a5_ + x)) + cos(_a0_)) / -((_a0_ * _a1_))) * (_a5_ * x));{'d0': {'_a0_': 1.1280842765338797, '_a1_': -0.08188698565438539, '_a5_': 0.3119297077073384, '_a2_': 1.0, '_a3_': 1.0, '_a4_': 1.0, '_a6_': 1.0, '_a7_': 1.0}};{'d0': 0.02490583291941669};-280.569866449043;45.51266134834174
49728;-92.9672865789743;(((pow2((_a5_ + x)) + (_a5_ / _a6_)) / -((_a0_ * _a1_))) * (_a5_ * x));{'d0': {'_a0_': 1.0427319726423183, '_a1_': -0.08858979769705272, '_a5_': 0.31192970785048074, '_a6_': 0.7281414667872685, '_a2_': 1.0, '_a3_': 1.0, '_a4_': 1.0, '_a7_': 1.0}};{'d0': 0.024905832919846178};-276.475521885787;45.270474363918936
49729;-92.9672865789743;(((pow2((_a5_ + x)) + (_a5_ / _a6_)) / -((_a0_ * _a1_))) * (_a5_ * x));{'d0': {'_a0_': 1.0427319726423183, '_a1_': -0.08858979769705272, '_a5_': 0.31192970785048074, '_a6_': 0.7281414667872685, '_a2_': 1.0, '_a3_': 1.0, '_a4_': 1.0, '_a7_': 1.0}};{'d0': 0.024905832919846178};-276.475521885787;45.270474363918936
49730;-92.9672865789743;(((pow2((_a5_ + x)) + (_a5_ / _a6_)) / -((_a0_ * _a1_))) * (_a5_ * x));{'d0': {'_a0_': 1.0427319726423183, '_a1_': -0.08858979769705272, '_a5_': 0.31192970785048074, '_a6_': 0.7281414667872685, '_a2_': 1.0, '_a3_': 1.0, '_a4_': 1.0, '_a7_': 1.0}};{'d0': 0.024905832919846178};-276.475521885787;45.270474363918936
49731;-92.9672865789743;(((pow2((_a5_ + x)) + (_a5_ / _a6_)) / -((_a0_ * _a1_))) * (_a5_ * x));{'d0': {'_a0_': 1.0427319726423183, '_a1_': -0.08858979769705272, '_a5_': 0.31192970785048074, '_a6_': 0.7281414667872685, '_a2_': 1.0, '_a3_': 1.0, '_a4_': 1.0, '_a7_': 1.0}};{'d0': 0.024905832919846178};-276.475521885787;45.270474363918936
49732;-92.9672865789743;(((pow2((_a5_ + x)) + (_a5_ / _a6_)) / -((_a0_ * _a1_))) * (_a5_ * x));{'d0': {'_a0_': 1.0427319726423183, '_a1_': -0.08858979769705272, '_a5_': 0.31192970785048074, '_a6_': 0.7281414667872685, '_a2_': 1.0, '_a3_': 1.0, '_a4_': 1.0, '_a7_': 1.0}};{'d0': 0.024905832919846178};-276.475521885787;45.270474363918936
49733;-102.392340493474;((x * (_a3_ / _a4_)) * ((x * ((_a3_ + x) / _a2_)) + _a2_));{'d0': {'_a2_': 0.7250460471195631, '_a3_': 0.6238594156641827, '_a4_': 0.2548125636685188, '_a0_': 1.0, '_a1_': 1.0, '_a5_': 1.0, '_a6_': 1.0, '_a7_': 1.0}};{'d0': 0.024905832919416615};-280.569866449044;37.892592731048694
49734;-102.392340493474;((x * (_a3_ / _a4_)) * ((x * ((_a3_ + x) / _a2_)) + _a2_));{'d0': {'_a2_': 0.7250460471195631, '_a3_': 0.6238594156641827, '_a4_': 0.2548125636685188, '_a0_': 1.0, '_a1_': 1.0, '_a5_': 1.0, '_a6_': 1.0, '_a7_': 1.0}};{'d0': 0.024905832919416615};-280.569866449044;37.892592731048694
49735;-102.392340493474;((x * (_a3_ / _a4_)) * ((x * ((_a3_ + x) / _a2_)) + _a2_));{'d0': {'_a2_': 0.7250460471195631, '_a3_': 0.6238594156641827, '_a4_': 0.2548125636685188, '_a0_': 1.0, '_a1_': 1.0, '_a5_': 1.0, '_a6_': 1.0, '_a7_': 1.0}};{'d0': 0.024905832919416615};-280.569866449044;37.892592731048694
49736;-102.392340493474;((x * (_a3_ / _a4_)) * ((x * ((_a3_ + x) / _a2_)) + _a2_));{'d0': {'_a2_': 0.7250460471195631, '_a3_': 0.6238594156641827, '_a4_': 0.2548125636685188, '_a0_': 1.0, '_a1_': 1.0, '_a5_': 1.0, '_a6_': 1.0, '_a7_': 1.0}};{'d0': 0.024905832919416615};-280.569866449044;37.892592731048694
49737;-102.392340493474;((x * (_a3_ / _a4_)) * ((x * ((_a3_ + x) / _a2_)) + _a2_));{'d0': {'_a2_': 0.7250460471195631, '_a3_': 0.6238594156641827, '_a4_': 0.2548125636685188, '_a0_': 1.0, '_a1_': 1.0, '_a5_': 1.0, '_a6_': 1.0, '_a7_': 1.0}};{'d0': 0.024905832919416615};-280.569866449044;37.892592731048694
49738;-102.392340493474;((x * (_a3_ / _a4_)) * ((x * ((_a3_ + x) / _a2_)) + _a2_));{'d0': {'_a2_': 0.7250460471195631, '_a3_': 0.6238594156641827, '_a4_': 0.2548125636685188, '_a0_': 1.0, '_a1_': 1.0, '_a5_': 1.0, '_a6_': 1.0, '_a7_': 1.0}};{'d0': 0.024905832919416615};-280.569866449044;37.892592731048694
49739;-102.392340493474;((x * (_a3_ / _a4_)) * ((x * ((_a3_ + x) / _a2_)) + _a2_));{'d0': {'_a2_': 0.7250460471195631, '_a3_': 0.6238594156641827, '_a4_': 0.2548125636685188, '_a0_': 1.0, '_a1_': 1.0, '_a5_': 1.0, '_a6_': 1.0, '_a7_': 1.0}};{'d0': 0.024905832919416615};-280.569866449044;37.892592731048694
49740;-102.392340493474;((x * (_a3_ / _a4_)) * ((x * ((_a3_ + x) / _a2_)) + _a2_));{'d0': {'_a2_': 0.7250460471195631, '_a3_': 0.6238594156641827, '_a4_': 0.2548125636685188, '_a0_': 1.0, '_a1_': 1.0, '_a5_': 1.0, '_a6_': 1.0, '_a7_': 1.0}};{'d0': 0.024905832919416615};-280.569866449044;37.892592731048694
49741;-102.392340493474;((x * (_a3_ / _a4_)) * ((x * ((_a3_ + x) / _a2_)) + _a2_));{'d0': {'_a2_': 0.7250460471195631, '_a3_': 0.6238594156641827, '_a4_': 0.2548125636685188, '_a0_': 1.0, '_a1_': 1.0, '_a5_': 1.0, '_a6_': 1.0, '_a7_': 1.0}};{'d0': 0.024905832919416615};-280.569866449044;37.892592731048694
49742;-88.1820465417858;((((_a7_ * (_a4_ * pow2(x))) + (_a4_ + x)) * (log((_a0_ + _a7_)) + _a4_)) * x);{'d0': {'_a0_': 1.6372233441409343, '_a4_': 0.8426446041565017, '_a7_': 1.9022553834199263, '_a1_': 1.0, '_a2_': 1.0, '_a3_': 1.0, '_a5_': 1.0, '_a6_': 1.0}};{'d0': 0.02490583291941658};-280.569866449044;52.10288668273611
49743;-88.1820465417858;((((_a7_ * (_a4_ * pow2(x))) + (_a4_ + x)) * (log((_a0_ + _a7_)) + _a4_)) * x);{'d0': {'_a0_': 1.6372233441409343, '_a4_': 0.8426446041565017, '_a7_': 1.9022553834199263, '_a1_': 1.0, '_a2_': 1.0, '_a3_': 1.0, '_a5_': 1.0, '_a6_': 1.0}};{'d0': 0.02490583291941658};-280.569866449044;52.10288668273611
49744;-102.392340493474;((x * (_a3_ / _a4_)) * ((x * ((_a3_ + x) / _a2_)) + _a2_));{'d0': {'_a2_': 0.7250460471195631, '_a3_': 0.6238594156641827, '_a4_': 0.2548125636685188, '_a0_': 1.0, '_a1_': 1.0, '_a5_': 1.0, '_a6_': 1.0, '_a7_': 1.0}};{'d0': 0.024905832919416615};-280.569866449044;37.892592731048694
49745;-87.0337780800960;((((_a2_ * (_a4_ * pow2(x))) + (_a4_ + x)) * (log((_a0_ + _a7_)) * _a4_)) * x);{'d0': {'_a0_': 15954.962210187288, '_a2_': 1.902255383770156, '_a4_': 0.8426446042963068, '_a7_': -15942.779547173946, '_a1_': 1.0, '_a3_': 1.0, '_a5_': 1.0, '_a6_': 1.0}};{'d0': 0.024905832934218785};-276.475521851162;51.203982845485115
49746;-87.0337780800960;((((_a2_ * (_a4_ * pow2(x))) + (_a4_ + x)) * (log((_a0_ + _a7_)) * _a4_)) * x);{'d0': {'_a0_': 15954.962210187288, '_a2_': 1.902255383770156, '_a4_': 0.8426446042963068, '_a7_': -15942.779547173946, '_a1_': 1.0, '_a3_': 1.0, '_a5_': 1.0, '_a6_': 1.0}};{'d0': 0.024905832934218785};-276.475521851162;51.203982845485115
49747;-87.0337780800960;((((_a2_ * (_a4_ * pow2(x))) + (_a4_ + x)) * (log((_a0_ + _a7_)) * _a4_)) * x);{'d0': {'_a0_': 15954.962210187288, '_a2_': 1.902255383770156, '_a4_': 0.8426446042963068, '_a7_': -15942.779547173946, '_a1_': 1.0, '_a3_': 1.0, '_a5_': 1.0, '_a6_': 1.0}};{'d0': 0.024905832934218785};-276.475521851162;51.203982845485115
49748;-87.0337780800960;((((_a2_ * (_a4_ * pow2(x))) + (_a4_ + x)) * (log((_a0_ + _a7_)) * _a4_)) * x);{'d0': {'_a0_': 15954.962210187288, '_a2_': 1.902255383770156, '_a4_': 0.8426446042963068, '_a7_': -15942.779547173946, '_a1_': 1.0, '_a3_': 1.0, '_a5_': 1.0, '_a6_': 1.0}};{'d0': 0.024905832934218785};-276.475521851162;51.203982845485115
49749;-87.0337780800960;((((_a2_ * (_a4_ * pow2(x))) + (_a4_ + x)) * (log((_a0_ + _a7_)) * _a4_)) * x);{'d0': {'_a0_': 15954.962210187288, '_a2_': 1.902255383770156, '_a4_': 0.8426446042963068, '_a7_': -15942.779547173946, '_a1_': 1.0, '_a3_': 1.0, '_a5_': 1.0, '_a6_': 1.0}};{'d0': 0.024905832934218785};-276.475521851162;51.203982845485115
49750;-87.0337780800960;((((_a2_ * (_a4_ * pow2(x))) + (_a4_ + x)) * (log((_a0_ + _a7_)) * _a4_)) * x);{'d0': {'_a0_': 15954.962210187288, '_a2_': 1.902255383770156, '_a4_': 0.8426446042963068, '_a7_': -15942.779547173946, '_a1_': 1.0, '_a3_': 1.0, '_a5_': 1.0, '_a6_': 1.0}};{'d0': 0.024905832934218785};-276.475521851162;51.203982845485115
49751;-87.0337780800960;((((_a2_ * (_a4_ * pow2(x))) + (_a4_ + x)) * (log((_a0_ + _a7_)) * _a4_)) * x);{'d0': {'_a0_': 15954.962210187288, '_a2_': 1.902255383770156, '_a4_': 0.8426446042963068, '_a7_': -15942.779547173946, '_a1_': 1.0, '_a3_': 1.0, '_a5_': 1.0, '_a6_': 1.0}};{'d0': 0.024905832934218785};-276.475521851162;51.203982845485115
49752;-87.0337780800960;((((_a2_ * (_a4_ * pow2(x))) + (_a4_ + x)) * (log((_a0_ + _a7_)) * _a4_)) * x);{'d0': {'_a0_': 15954.962210187288, '_a2_': 1.902255383770156, '_a4_': 0.8426446042963068, '_a7_': -15942.779547173946, '_a1_': 1.0, '_a3_': 1.0, '_a5_': 1.0, '_a6_': 1.0}};{'d0': 0.024905832934218785};-276.475521851162;51.203982845485115
49753;-87.0337780800960;((((_a2_ * (_a4_ * pow2(x))) + (_a4_ + x)) * (log((_a0_ + _a7_)) * _a4_)) * x);{'d0': {'_a0_': 15954.962210187288, '_a2_': 1.902255383770156, '_a4_': 0.8426446042963068, '_a7_': -15942.779547173946, '_a1_': 1.0, '_a3_': 1.0, '_a5_': 1.0, '_a6_': 1.0}};{'d0': 0.024905832934218785};-276.475521851162;51.203982845485115
49754;-87.0337780800960;((((_a2_ * (_a4_ * pow2(x))) + (_a4_ + x)) * (log((_a0_ + _a7_)) * _a4_)) * x);{'d0': {'_a0_': 15954.962210187288, '_a2_': 1.902255383770156, '_a4_': 0.8426446042963068, '_a7_': -15942.779547173946, '_a1_': 1.0, '_a3_': 1.0, '_a5_': 1.0, '_a6_': 1.0}};{'d0': 0.024905832934218785};-276.475521851162;51.203982845485115
49755;-87.0337780800960;((((_a2_ * (_a4_ * pow2(x))) + (_a4_ + x)) * (log((_a0_ + _a7_)) * _a4_)) * x);{'d0': {'_a0_': 15954.962210187288, '_a2_': 1.902255383770156, '_a4_': 0.8426446042963068, '_a7_': -15942.779547173946, '_a1_': 1.0, '_a3_': 1.0, '_a5_': 1.0, '_a6_': 1.0}};{'d0': 0.024905832934218785};-276.475521851162;51.203982845485115
49756;-87.0337780800960;((((_a2_ * (_a4_ * pow2(x))) + (_a4_ + x)) * (log((_a0_ + _a7_)) * _a4_)) * x);{'d0': {'_a0_': 15954.962210187288, '_a2_': 1.902255383770156, '_a4_': 0.8426446042963068, '_a7_': -15942.779547173946, '_a1_': 1.0, '_a3_': 1.0, '_a5_': 1.0, '_a6_': 1.0}};{'d0': 0.024905832934218785};-276.475521851162;51.203982845485115
49757;-87.0337780800960;((((_a2_ * (_a4_ * pow2(x))) + (_a4_ + x)) * (log((_a0_ + _a7_)) * _a4_)) * x);{'d0': {'_a0_': 15954.962210187288, '_a2_': 1.902255383770156, '_a4_': 0.8426446042963068, '_a7_': -15942.779547173946, '_a1_': 1.0, '_a3_': 1.0, '_a5_': 1.0, '_a6_': 1.0}};{'d0': 0.024905832934218785};-276.475521851162;51.203982845485115
49758;-87.0337780800960;((((_a2_ * (_a4_ * pow2(x))) + (_a4_ + x)) * (log((_a0_ + _a7_)) * _a4_)) * x);{'d0': {'_a0_': 15954.962210187288, '_a2_': 1.902255383770156, '_a4_': 0.8426446042963068, '_a7_': -15942.779547173946, '_a1_': 1.0, '_a3_': 1.0, '_a5_': 1.0, '_a6_': 1.0}};{'d0': 0.024905832934218785};-276.475521851162;51.203982845485115
49759;-87.0337780800960;((((_a2_ * (_a4_ * pow2(x))) + (_a4_ + x)) * (log((_a0_ + _a7_)) * _a4_)) * x);{'d0': {'_a0_': 15954.962210187288, '_a2_': 1.902255383770156, '_a4_': 0.8426446042963068, '_a7_': -15942.779547173946, '_a1_': 1.0, '_a3_': 1.0, '_a5_': 1.0, '_a6_': 1.0}};{'d0': 0.024905832934218785};-276.475521851162;51.203982845485115
49760;-87.0337780800960;((((_a2_ * (_a4_ * pow2(x))) + (_a4_ + x)) * (log((_a0_ + _a7_)) * _a4_)) * x);{'d0': {'_a0_': 15954.962210187288, '_a2_': 1.902255383770156, '_a4_': 0.8426446042963068, '_a7_': -15942.779547173946, '_a1_': 1.0, '_a3_': 1.0, '_a5_': 1.0, '_a6_': 1.0}};{'d0': 0.024905832934218785};-276.475521851162;51.203982845485115
49761;-87.0337780800960;((((_a2_ * (_a4_ * pow2(x))) + (_a4_ + x)) * (log((_a0_ + _a7_)) * _a4_)) * x);{'d0': {'_a0_': 15954.962210187288, '_a2_': 1.902255383770156, '_a4_': 0.8426446042963068, '_a7_': -15942.779547173946, '_a1_': 1.0, '_a3_': 1.0, '_a5_': 1.0, '_a6_': 1.0}};{'d0': 0.024905832934218785};-276.475521851162;51.203982845485115
49762;-87.0337780800960;((((_a2_ * (_a4_ * pow2(x))) + (_a4_ + x)) * (log((_a0_ + _a7_)) * _a4_)) * x);{'d0': {'_a0_': 15954.962210187288, '_a2_': 1.902255383770156, '_a4_': 0.8426446042963068, '_a7_': -15942.779547173946, '_a1_': 1.0, '_a3_': 1.0, '_a5_': 1.0, '_a6_': 1.0}};{'d0': 0.024905832934218785};-276.475521851162;51.203982845485115
49763;-87.0337780800960;((((_a2_ * (_a4_ * pow2(x))) + (_a4_ + x)) * (log((_a0_ + _a7_)) * _a4_)) * x);{'d0': {'_a0_': 15954.962210187288, '_a2_': 1.902255383770156, '_a4_': 0.8426446042963068, '_a7_': -15942.779547173946, '_a1_': 1.0, '_a3_': 1.0, '_a5_': 1.0, '_a6_': 1.0}};{'d0': 0.024905832934218785};-276.475521851162;51.203982845485115
49764;-87.0337780800960;((((_a2_ * (_a4_ * pow2(x))) + (_a4_ + x)) * (log((_a0_ + _a7_)) * _a4_)) * x);{'d0': {'_a0_': 15954.962210187288, '_a2_': 1.902255383770156, '_a4_': 0.8426446042963068, '_a7_': -15942.779547173946, '_a1_': 1.0, '_a3_': 1.0, '_a5_': 1.0, '_a6_': 1.0}};{'d0': 0.024905832934218785};-276.475521851162;51.203982845485115
49765;-99.8914414997377;(((pow2((_a5_ + x)) + ((_a5_ / _a6_) / _a6_)) * -(_a7_)) * x);{'d0': {'_a5_': 0.3119297077639549, '_a6_': 0.8533120565668189, '_a7_': -3.3767608786545926, '_a0_': 1.0, '_a1_': 1.0, '_a2_': 1.0, '_a3_': 1.0, '_a4_': 1.0}};{'d0': 0.024905832919416636};-280.569866449044;40.393491724783935
49766;-99.8914414997377;(((pow2((_a5_ + x)) + ((_a5_ / _a6_) / _a6_)) * -(_a7_)) * x);{'d0': {'_a5_': 0.3119297077639549, '_a6_': 0.8533120565668189, '_a7_': -3.3767608786545926, '_a0_': 1.0, '_a1_': 1.0, '_a2_': 1.0, '_a3_': 1.0, '_a4_': 1.0}};{'d0': 0.024905832919416636};-280.569866449044;40.393491724783935
49767;-99.8914414997377;(((pow2((_a5_ + x)) + ((_a5_ / _a6_) / _a6_)) * -(_a7_)) * x);{'d0': {'_a5_': 0.3119297077639549, '_a6_': 0.8533120565668189, '_a7_': -3.3767608786545926, '_a0_': 1.0, '_a1_': 1.0, '_a2_': 1.0, '_a3_': 1.0, '_a4_': 1.0}};{'d0': 0.024905832919416636};-280.569866449044;40.393491724783935
49768;-99.8914414997377;(((pow2((_a5_ + x)) + ((_a5_ / _a6_) / _a6_)) * -(_a7_)) * x);{'d0': {'_a5_': 0.3119297077639549, '_a6_': 0.8533120565668189, '_a7_': -3.3767608786545926, '_a0_': 1.0, '_a1_': 1.0, '_a2_': 1.0, '_a3_': 1.0, '_a4_': 1.0}};{'d0': 0.024905832919416636};-280.569866449044;40.393491724783935
49769;-99.8914414997377;(((pow2((_a5_ + x)) + ((_a5_ / _a6_) / _a6_)) * -(_a7_)) * x);{'d0': {'_a5_': 0.3119297077639549, '_a6_': 0.8533120565668189, '_a7_': -3.3767608786545926, '_a0_': 1.0, '_a1_': 1.0, '_a2_': 1.0, '_a3_': 1.0, '_a4_': 1.0}};{'d0': 0.024905832919416636};-280.569866449044;40.393491724783935
49770;-99.8914414997377;(((pow2((_a5_ + x)) + ((_a5_ / _a6_) / _a6_)) * -(_a7_)) * x);{'d0': {'_a5_': 0.3119297077639549, '_a6_': 0.8533120565668189, '_a7_': -3.3767608786545926, '_a0_': 1.0, '_a1_': 1.0, '_a2_': 1.0, '_a3_': 1.0, '_a4_': 1.0}};{'d0': 0.024905832919416636};-280.569866449044;40.393491724783935
49771;-99.8914414997377;(((pow2((_a5_ + x)) + ((_a5_ / _a6_) / _a6_)) * -(_a7_)) * x);{'d0': {'_a5_': 0.3119297077639549, '_a6_': 0.8533120565668189, '_a7_': -3.3767608786545926, '_a0_': 1.0, '_a1_': 1.0, '_a2_': 1.0, '_a3_': 1.0, '_a4_': 1.0}};{'d0': 0.024905832919416636};-280.569866449044;40.393491724783935
49772;-99.8914414997377;(((pow2((_a5_ + x)) + ((_a5_ / _a6_) / _a6_)) * -(_a7_)) * x);{'d0': {'_a5_': 0.3119297077639549, '_a6_': 0.8533120565668189, '_a7_': -3.3767608786545926, '_a0_': 1.0, '_a1_': 1.0, '_a2_': 1.0, '_a3_': 1.0, '_a4_': 1.0}};{'d0': 0.024905832919416636};-280.569866449044;40.393491724783935
49773;-99.8914414997377;(((pow2((_a5_ + x)) + ((_a5_ / _a6_) / _a6_)) * -(_a7_)) * x);{'d0': {'_a5_': 0.3119297077639549, '_a6_': 0.8533120565668189, '_a7_': -3.3767608786545926, '_a0_': 1.0, '_a1_': 1.0, '_a2_': 1.0, '_a3_': 1.0, '_a4_': 1.0}};{'d0': 0.024905832919416636};-280.569866449044;40.393491724783935
49774;-99.8914414997377;(((pow2((_a5_ + x)) + ((_a5_ / _a6_) / _a6_)) * -(_a7_)) * x);{'d0': {'_a5_': 0.3119297077639549, '_a6_': 0.8533120565668189, '_a7_': -3.3767608786545926, '_a0_': 1.0, '_a1_': 1.0, '_a2_': 1.0, '_a3_': 1.0, '_a4_': 1.0}};{'d0': 0.024905832919416636};-280.569866449044;40.393491724783935
49775;-99.8914414997377;(((pow2((_a5_ + x)) + ((_a5_ / _a6_) / _a6_)) * -(_a7_)) * x);{'d0': {'_a5_': 0.3119297077639549, '_a6_': 0.8533120565668189, '_a7_': -3.3767608786545926, '_a0_': 1.0, '_a1_': 1.0, '_a2_': 1.0, '_a3_': 1.0, '_a4_': 1.0}};{'d0': 0.024905832919416636};-280.569866449044;40.393491724783935
49776;-99.8914414997377;(((pow2((_a5_ + x)) + ((_a5_ / _a6_) / _a6_)) * -(_a7_)) * x);{'d0': {'_a5_': 0.3119297077639549, '_a6_': 0.8533120565668189, '_a7_': -3.3767608786545926, '_a0_': 1.0, '_a1_': 1.0, '_a2_': 1.0, '_a3_': 1.0, '_a4_': 1.0}};{'d0': 0.024905832919416636};-280.569866449044;40.393491724783935
49777;-99.8914414997377;(((pow2((_a5_ + x)) + ((_a5_ / _a6_) / _a6_)) * -(_a7_)) * x);{'d0': {'_a5_': 0.3119297077639549, '_a6_': 0.8533120565668189, '_a7_': -3.3767608786545926, '_a0_': 1.0, '_a1_': 1.0, '_a2_': 1.0, '_a3_': 1.0, '_a4_': 1.0}};{'d0': 0.024905832919416636};-280.569866449044;40.393491724783935
49778;-99.8914414997377;(((pow2((_a5_ + x)) + ((_a5_ / _a6_) / _a6_)) * -(_a7_)) * x);{'d0': {'_a5_': 0.3119297077639549, '_a6_': 0.8533120565668189, '_a7_': -3.3767608786545926, '_a0_': 1.0, '_a1_': 1.0, '_a2_': 1.0, '_a3_': 1.0, '_a4_': 1.0}};{'d0': 0.024905832919416636};-280.569866449044;40.393491724783935
49779;-99.8914414997377;(((pow2((_a5_ + x)) + ((_a5_ / _a6_) / _a6_)) * -(_a7_)) * x);{'d0': {'_a5_': 0.3119297077639549, '_a6_': 0.8533120565668189, '_a7_': -3.3767608786545926, '_a0_': 1.0, '_a1_': 1.0, '_a2_': 1.0, '_a3_': 1.0, '_a4_': 1.0}};{'d0': 0.024905832919416636};-280.569866449044;40.393491724783935
49780;-99.8914414997377;(((pow2((_a5_ + x)) + ((_a5_ / _a6_) / _a6_)) * -(_a7_)) * x);{'d0': {'_a5_': 0.3119297077639549, '_a6_': 0.8533120565668189, '_a7_': -3.3767608786545926, '_a0_': 1.0, '_a1_': 1.0, '_a2_': 1.0, '_a3_': 1.0, '_a4_': 1.0}};{'d0': 0.024905832919416636};-280.569866449044;40.393491724783935
49781;-99.8914414997377;(((pow2((_a5_ + x)) + ((_a5_ / _a6_) / _a6_)) * -(_a7_)) * x);{'d0': {'_a5_': 0.3119297077639549, '_a6_': 0.8533120565668189, '_a7_': -3.3767608786545926, '_a0_': 1.0, '_a1_': 1.0, '_a2_': 1.0, '_a3_': 1.0, '_a4_': 1.0}};{'d0': 0.024905832919416636};-280.569866449044;40.393491724783935
49782;-99.8914414997377;(((pow2((_a5_ + x)) + ((_a5_ / _a6_) / _a6_)) * -(_a7_)) * x);{'d0': {'_a5_': 0.3119297077639549, '_a6_': 0.8533120565668189, '_a7_': -3.3767608786545926, '_a0_': 1.0, '_a1_': 1.0, '_a2_': 1.0, '_a3_': 1.0, '_a4_': 1.0}};{'d0': 0.024905832919416636};-280.569866449044;40.393491724783935
49783;-105.728664307885;(((pow2((_a5_ + x)) + (_a5_ / _a6_)) * -(_a7_)) * x);{'d0': {'_a5_': 0.3119297077082667, '_a6_': 0.7281414649305907, '_a7_': -3.37676087613477, '_a0_': 1.0, '_a1_': 1.0, '_a2_': 1.0, '_a3_': 1.0, '_a4_': 1.0}};{'d0': 0.0249058329194167};-280.569866449043;34.55626891663674
49784;-105.728664307885;(((pow2((_a5_ + x)) + (_a5_ / _a6_)) * -(_a7_)) * x);{'d0': {'_a5_': 0.3119297077082667, '_a6_': 0.7281414649305907, '_a7_': -3.37676087613477, '_a0_': 1.0, '_a1_': 1.0, '_a2_': 1.0, '_a3_': 1.0, '_a4_': 1.0}};{'d0': 0.0249058329194167};-280.569866449043;34.55626891663674
49785;-105.728664307885;(((pow2((_a5_ + x)) + (_a5_ / _a6_)) * -(_a7_)) * x);{'d0': {'_a5_': 0.3119297077082667, '_a6_': 0.7281414649305907, '_a7_': -3.37676087613477, '_a0_': 1.0, '_a1_': 1.0, '_a2_': 1.0, '_a3_': 1.0, '_a4_': 1.0}};{'d0': 0.0249058329194167};-280.569866449043;34.55626891663674
49786;-105.728664307885;(((pow2((_a5_ + x)) + (_a5_ / _a6_)) * -(_a7_)) * x);{'d0': {'_a5_': 0.3119297077082667, '_a6_': 0.7281414649305907, '_a7_': -3.37676087613477, '_a0_': 1.0, '_a1_': 1.0, '_a2_': 1.0, '_a3_': 1.0, '_a4_': 1.0}};{'d0': 0.0249058329194167};-280.569866449043;34.55626891663674
49787;-105.728664307885;(((pow2((_a5_ + x)) + (_a5_ / _a6_)) * -(_a7_)) * x);{'d0': {'_a5_': 0.3119297077082667, '_a6_': 0.7281414649305907, '_a7_': -3.37676087613477, '_a0_': 1.0, '_a1_': 1.0, '_a2_': 1.0, '_a3_': 1.0, '_a4_': 1.0}};{'d0': 0.0249058329194167};-280.569866449043;34.55626891663674
49788;-105.728664307885;(((pow2((_a5_ + x)) + (_a5_ / _a6_)) * -(_a7_)) * x);{'d0': {'_a5_': 0.3119297077082667, '_a6_': 0.7281414649305907, '_a7_': -3.37676087613477, '_a0_': 1.0, '_a1_': 1.0, '_a2_': 1.0, '_a3_': 1.0, '_a4_': 1.0}};{'d0': 0.0249058329194167};-280.569866449043;34.55626891663674
49789;-105.728664307885;(((pow2((_a5_ + x)) + (_a5_ / _a6_)) * -(_a7_)) * x);{'d0': {'_a5_': 0.3119297077082667, '_a6_': 0.7281414649305907, '_a7_': -3.37676087613477, '_a0_': 1.0, '_a1_': 1.0, '_a2_': 1.0, '_a3_': 1.0, '_a4_': 1.0}};{'d0': 0.0249058329194167};-280.569866449043;34.55626891663674
49790;-105.728664307885;(((pow2((_a5_ + x)) + (_a5_ / _a6_)) * -(_a7_)) * x);{'d0': {'_a5_': 0.3119297077082667, '_a6_': 0.7281414649305907, '_a7_': -3.37676087613477, '_a0_': 1.0, '_a1_': 1.0, '_a2_': 1.0, '_a3_': 1.0, '_a4_': 1.0}};{'d0': 0.0249058329194167};-280.569866449043;34.55626891663674
49791;-105.728664307885;(((pow2((_a5_ + x)) + (_a5_ / _a6_)) * -(_a7_)) * x);{'d0': {'_a5_': 0.3119297077082667, '_a6_': 0.7281414649305907, '_a7_': -3.37676087613477, '_a0_': 1.0, '_a1_': 1.0, '_a2_': 1.0, '_a3_': 1.0, '_a4_': 1.0}};{'d0': 0.0249058329194167};-280.569866449043;34.55626891663674
49792;-105.728664307885;(((pow2((_a5_ + x)) + (_a5_ / _a6_)) * -(_a7_)) * x);{'d0': {'_a5_': 0.3119297077082667, '_a6_': 0.7281414649305907, '_a7_': -3.37676087613477, '_a0_': 1.0, '_a1_': 1.0, '_a2_': 1.0, '_a3_': 1.0, '_a4_': 1.0}};{'d0': 0.0249058329194167};-280.569866449043;34.55626891663674
49793;-105.728664307885;(((pow2((_a5_ + x)) + (_a5_ / _a6_)) * -(_a7_)) * x);{'d0': {'_a5_': 0.3119297077082667, '_a6_': 0.7281414649305907, '_a7_': -3.37676087613477, '_a0_': 1.0, '_a1_': 1.0, '_a2_': 1.0, '_a3_': 1.0, '_a4_': 1.0}};{'d0': 0.0249058329194167};-280.569866449043;34.55626891663674
49794;-105.728664307885;(((pow2((_a5_ + x)) + (_a5_ / _a6_)) * -(_a7_)) * x);{'d0': {'_a5_': 0.3119297077082667, '_a6_': 0.7281414649305907, '_a7_': -3.37676087613477, '_a0_': 1.0, '_a1_': 1.0, '_a2_': 1.0, '_a3_': 1.0, '_a4_': 1.0}};{'d0': 0.0249058329194167};-280.569866449043;34.55626891663674
49795;-105.728664307885;(((pow2((_a5_ + x)) + (_a5_ / _a6_)) * -(_a7_)) * x);{'d0': {'_a5_': 0.3119297077082667, '_a6_': 0.7281414649305907, '_a7_': -3.37676087613477, '_a0_': 1.0, '_a1_': 1.0, '_a2_': 1.0, '_a3_': 1.0, '_a4_': 1.0}};{'d0': 0.0249058329194167};-280.569866449043;34.55626891663674
49796;-105.728664307885;(((pow2((_a5_ + x)) + (_a5_ / _a6_)) * -(_a7_)) * x);{'d0': {'_a5_': 0.3119297077082667, '_a6_': 0.7281414649305907, '_a7_': -3.37676087613477, '_a0_': 1.0, '_a1_': 1.0, '_a2_': 1.0, '_a3_': 1.0, '_a4_': 1.0}};{'d0': 0.0249058329194167};-280.569866449043;34.55626891663674
49797;-105.728664307885;(((pow2((_a5_ + x)) + (_a5_ / _a6_)) * -(_a7_)) * x);{'d0': {'_a5_': 0.3119297077082667, '_a6_': 0.7281414649305907, '_a7_': -3.37676087613477, '_a0_': 1.0, '_a1_': 1.0, '_a2_': 1.0, '_a3_': 1.0, '_a4_': 1.0}};{'d0': 0.0249058329194167};-280.569866449043;34.55626891663674
49798;-105.728664307885;(((pow2((_a5_ + x)) + (_a5_ / _a6_)) * -(_a7_)) * x);{'d0': {'_a5_': 0.3119297077082667, '_a6_': 0.7281414649305907, '_a7_': -3.37676087613477, '_a0_': 1.0, '_a1_': 1.0, '_a2_': 1.0, '_a3_': 1.0, '_a4_': 1.0}};{'d0': 0.0249058329194167};-280.569866449043;34.55626891663674
49799;-105.728664307885;(((pow2((_a5_ + x)) + (_a5_ / _a6_)) * -(_a7_)) * x);{'d0': {'_a5_': 0.3119297077082667, '_a6_': 0.7281414649305907, '_a7_': -3.37676087613477, '_a0_': 1.0, '_a1_': 1.0, '_a2_': 1.0, '_a3_': 1.0, '_a4_': 1.0}};{'d0': 0.0249058329194167};-280.569866449043;34.55626891663674
49800;-105.728664307885;(((pow2((_a5_ + x)) + (_a5_ / _a6_)) * -(_a7_)) * x);{'d0': {'_a5_': 0.3119297077082667, '_a6_': 0.7281414649305907, '_a7_': -3.37676087613477, '_a0_': 1.0, '_a1_': 1.0, '_a2_': 1.0, '_a3_': 1.0, '_a4_': 1.0}};{'d0': 0.0249058329194167};-280.569866449043;34.55626891663674
49801;-105.728664307885;(((pow2((_a5_ + x)) + (_a5_ / _a6_)) * -(_a7_)) * x);{'d0': {'_a5_': 0.3119297077082667, '_a6_': 0.7281414649305907, '_a7_': -3.37676087613477, '_a0_': 1.0, '_a1_': 1.0, '_a2_': 1.0, '_a3_': 1.0, '_a4_': 1.0}};{'d0': 0.0249058329194167};-280.569866449043;34.55626891663674
49802;-105.728664307885;(((pow2((_a5_ + x)) + (_a5_ / _a6_)) * -(_a7_)) * x);{'d0': {'_a5_': 0.3119297077082667, '_a6_': 0.7281414649305907, '_a7_': -3.37676087613477, '_a0_': 1.0, '_a1_': 1.0, '_a2_': 1.0, '_a3_': 1.0, '_a4_': 1.0}};{'d0': 0.0249058329194167};-280.569866449043;34.55626891663674
49803;-105.728664307885;(((pow2((_a5_ + x)) + (_a5_ / _a6_)) * -(_a7_)) * x);{'d0': {'_a5_': 0.3119297077082667, '_a6_': 0.7281414649305907, '_a7_': -3.37676087613477, '_a0_': 1.0, '_a1_': 1.0, '_a2_': 1.0, '_a3_': 1.0, '_a4_': 1.0}};{'d0': 0.0249058329194167};-280.569866449043;34.55626891663674
49804;-105.728664307885;(((pow2((_a5_ + x)) + (_a5_ / _a6_)) * -(_a7_)) * x);{'d0': {'_a5_': 0.3119297077082667, '_a6_': 0.7281414649305907, '_a7_': -3.37676087613477, '_a0_': 1.0, '_a1_': 1.0, '_a2_': 1.0, '_a3_': 1.0, '_a4_': 1.0}};{'d0': 0.0249058329194167};-280.569866449043;34.55626891663674
49805;-105.728664307885;(((pow2((_a5_ + x)) + (_a5_ / _a6_)) * -(_a7_)) * x);{'d0': {'_a5_': 0.3119297077082667, '_a6_': 0.7281414649305907, '_a7_': -3.37676087613477, '_a0_': 1.0, '_a1_': 1.0, '_a2_': 1.0, '_a3_': 1.0, '_a4_': 1.0}};{'d0': 0.0249058329194167};-280.569866449043;34.55626891663674
49806;-105.728664307885;(((pow2((_a5_ + x)) + (_a5_ / _a6_)) * -(_a7_)) * x);{'d0': {'_a5_': 0.3119297077082667, '_a6_': 0.7281414649305907, '_a7_': -3.37676087613477, '_a0_': 1.0, '_a1_': 1.0, '_a2_': 1.0, '_a3_': 1.0, '_a4_': 1.0}};{'d0': 0.0249058329194167};-280.569866449043;34.55626891663674
49807;-105.728664307885;(((pow2((_a5_ + x)) + (_a5_ / _a6_)) * -(_a7_)) * x);{'d0': {'_a5_': 0.3119297077082667, '_a6_': 0.7281414649305907, '_a7_': -3.37676087613477, '_a0_': 1.0, '_a1_': 1.0, '_a2_': 1.0, '_a3_': 1.0, '_a4_': 1.0}};{'d0': 0.0249058329194167};-280.569866449043;34.55626891663674
49808;-105.728664307885;(((pow2((_a5_ + x)) + (_a5_ / _a6_)) * -(_a7_)) * x);{'d0': {'_a5_': 0.3119297077082667, '_a6_': 0.7281414649305907, '_a7_': -3.37676087613477, '_a0_': 1.0, '_a1_': 1.0, '_a2_': 1.0, '_a3_': 1.0, '_a4_': 1.0}};{'d0': 0.0249058329194167};-280.569866449043;34.55626891663674
49809;-105.728664307885;(((pow2((_a5_ + x)) + (_a5_ / _a6_)) * -(_a7_)) * x);{'d0': {'_a5_': 0.3119297077082667, '_a6_': 0.7281414649305907, '_a7_': -3.37676087613477, '_a0_': 1.0, '_a1_': 1.0, '_a2_': 1.0, '_a3_': 1.0, '_a4_': 1.0}};{'d0': 0.0249058329194167};-280.569866449043;34.55626891663674
49810;-105.728664307885;(((pow2((_a5_ + x)) + (_a5_ / _a6_)) * -(_a7_)) * x);{'d0': {'_a5_': 0.3119297077082667, '_a6_': 0.7281414649305907, '_a7_': -3.37676087613477, '_a0_': 1.0, '_a1_': 1.0, '_a2_': 1.0, '_a3_': 1.0, '_a4_': 1.0}};{'d0': 0.0249058329194167};-280.569866449043;34.55626891663674
49811;-105.728664307885;(((pow2((_a5_ + x)) + (_a5_ / _a6_)) * -(_a7_)) * x);{'d0': {'_a5_': 0.3119297077082667, '_a6_': 0.7281414649305907, '_a7_': -3.37676087613477, '_a0_': 1.0, '_a1_': 1.0, '_a2_': 1.0, '_a3_': 1.0, '_a4_': 1.0}};{'d0': 0.0249058329194167};-280.569866449043;34.55626891663674
49812;-105.728664307885;(((pow2((_a5_ + x)) + (_a5_ / _a6_)) * -(_a7_)) * x);{'d0': {'_a5_': 0.3119297077082667, '_a6_': 0.7281414649305907, '_a7_': -3.37676087613477, '_a0_': 1.0, '_a1_': 1.0, '_a2_': 1.0, '_a3_': 1.0, '_a4_': 1.0}};{'d0': 0.0249058329194167};-280.569866449043;34.55626891663674
49813;-105.728664307885;(((pow2((_a5_ + x)) + (_a5_ / _a6_)) * -(_a7_)) * x);{'d0': {'_a5_': 0.3119297077082667, '_a6_': 0.7281414649305907, '_a7_': -3.37676087613477, '_a0_': 1.0, '_a1_': 1.0, '_a2_': 1.0, '_a3_': 1.0, '_a4_': 1.0}};{'d0': 0.0249058329194167};-280.569866449043;34.55626891663674
49814;-105.728664307885;(((pow2((_a5_ + x)) + (_a5_ / _a6_)) * -(_a7_)) * x);{'d0': {'_a5_': 0.3119297077082667, '_a6_': 0.7281414649305907, '_a7_': -3.37676087613477, '_a0_': 1.0, '_a1_': 1.0, '_a2_': 1.0, '_a3_': 1.0, '_a4_': 1.0}};{'d0': 0.0249058329194167};-280.569866449043;34.55626891663674
49815;-102.030729835275;(((pow2((_a5_ + x)) + (_a5_ / pow2(_a3_))) * -(_a7_)) * x);{'d0': {'_a3_': 0.8533120562827355, '_a5_': 0.31192970769383743, '_a7_': -3.376760877584098, '_a0_': 1.0, '_a1_': 1.0, '_a2_': 1.0, '_a4_': 1.0, '_a6_': 1.0}};{'d0': 0.024905832919416632};-280.569866449044;38.25420338924674
49816;-102.030729835275;(((pow2((_a5_ + x)) + (_a5_ / pow2(_a3_))) * -(_a7_)) * x);{'d0': {'_a3_': 0.8533120562827355, '_a5_': 0.31192970769383743, '_a7_': -3.376760877584098, '_a0_': 1.0, '_a1_': 1.0, '_a2_': 1.0, '_a4_': 1.0, '_a6_': 1.0}};{'d0': 0.024905832919416632};-280.569866449044;38.25420338924674
49817;-102.030729835275;(((pow2((_a5_ + x)) + (_a5_ / pow2(_a3_))) * -(_a7_)) * x);{'d0': {'_a3_': 0.8533120562827355, '_a5_': 0.31192970769383743, '_a7_': -3.376760877584098, '_a0_': 1.0, '_a1_': 1.0, '_a2_': 1.0, '_a4_': 1.0, '_a6_': 1.0}};{'d0': 0.024905832919416632};-280.569866449044;38.25420338924674
49818;-102.030729835275;(((pow2((_a5_ + x)) + (_a5_ / pow2(_a3_))) * -(_a7_)) * x);{'d0': {'_a3_': 0.8533120562827355, '_a5_': 0.31192970769383743, '_a7_': -3.376760877584098, '_a0_': 1.0, '_a1_': 1.0, '_a2_': 1.0, '_a4_': 1.0, '_a6_': 1.0}};{'d0': 0.024905832919416632};-280.569866449044;38.25420338924674
49819;-102.030729835275;(((pow2((_a5_ + x)) + (_a5_ / pow2(_a3_))) * -(_a7_)) * x);{'d0': {'_a3_': 0.8533120562827355, '_a5_': 0.31192970769383743, '_a7_': -3.376760877584098, '_a0_': 1.0, '_a1_': 1.0, '_a2_': 1.0, '_a4_': 1.0, '_a6_': 1.0}};{'d0': 0.024905832919416632};-280.569866449044;38.25420338924674
49820;-102.030729835275;(((pow2((_a5_ + x)) + (_a5_ / pow2(_a3_))) * -(_a7_)) * x);{'d0': {'_a3_': 0.8533120562827355, '_a5_': 0.31192970769383743, '_a7_': -3.376760877584098, '_a0_': 1.0, '_a1_': 1.0, '_a2_': 1.0, '_a4_': 1.0, '_a6_': 1.0}};{'d0': 0.024905832919416632};-280.569866449044;38.25420338924674
49821;-102.030729835275;(((pow2((_a5_ + x)) + (_a5_ / pow2(_a3_))) * -(_a7_)) * x);{'d0': {'_a3_': 0.8533120562827355, '_a5_': 0.31192970769383743, '_a7_': -3.376760877584098, '_a0_': 1.0, '_a1_': 1.0, '_a2_': 1.0, '_a4_': 1.0, '_a6_': 1.0}};{'d0': 0.024905832919416632};-280.569866449044;38.25420338924674
49822;-102.030729835275;(((pow2((_a5_ + x)) + (_a5_ / pow2(_a3_))) * -(_a7_)) * x);{'d0': {'_a3_': 0.8533120562827355, '_a5_': 0.31192970769383743, '_a7_': -3.376760877584098, '_a0_': 1.0, '_a1_': 1.0, '_a2_': 1.0, '_a4_': 1.0, '_a6_': 1.0}};{'d0': 0.024905832919416632};-280.569866449044;38.25420338924674
49823;-102.030729835275;(((pow2((_a5_ + x)) + (_a5_ / pow2(_a3_))) * -(_a7_)) * x);{'d0': {'_a3_': 0.8533120562827355, '_a5_': 0.31192970769383743, '_a7_': -3.376760877584098, '_a0_': 1.0, '_a1_': 1.0, '_a2_': 1.0, '_a4_': 1.0, '_a6_': 1.0}};{'d0': 0.024905832919416632};-280.569866449044;38.25420338924674
49824;-102.030729835275;(((pow2((_a5_ + x)) + (_a5_ / pow2(_a3_))) * -(_a7_)) * x);{'d0': {'_a3_': 0.8533120562827355, '_a5_': 0.31192970769383743, '_a7_': -3.376760877584098, '_a0_': 1.0, '_a1_': 1.0, '_a2_': 1.0, '_a4_': 1.0, '_a6_': 1.0}};{'d0': 0.024905832919416632};-280.569866449044;38.25420338924674
49825;-102.030729835275;(((pow2((_a5_ + x)) + (_a5_ / pow2(_a3_))) * -(_a7_)) * x);{'d0': {'_a3_': 0.8533120562827355, '_a5_': 0.31192970769383743, '_a7_': -3.376760877584098, '_a0_': 1.0, '_a1_': 1.0, '_a2_': 1.0, '_a4_': 1.0, '_a6_': 1.0}};{'d0': 0.024905832919416632};-280.569866449044;38.25420338924674
49826;-102.030729835275;(((pow2((_a5_ + x)) + (_a5_ / pow2(_a3_))) * -(_a7_)) * x);{'d0': {'_a3_': 0.8533120562827355, '_a5_': 0.31192970769383743, '_a7_': -3.376760877584098, '_a0_': 1.0, '_a1_': 1.0, '_a2_': 1.0, '_a4_': 1.0, '_a6_': 1.0}};{'d0': 0.024905832919416632};-280.569866449044;38.25420338924674
49827;-105.710676995535;(((pow2((_a5_ + x)) + (_a5_ / pow2(_a3_))) * _a0_) * x);{'d0': {'_a0_': 3.3767608790075263, '_a3_': 0.8533120566170709, '_a5_': 0.3119297077461166, '_a1_': 1.0, '_a2_': 1.0, '_a4_': 1.0, '_a6_': 1.0, '_a7_': 1.0}};{'d0': 0.02490583291941657};-280.569866449044;34.57425622898635
49828;-105.710676995535;(((pow2((_a5_ + x)) + (_a5_ / pow2(_a3_))) * _a0_) * x);{'d0': {'_a0_': 3.3767608790075263, '_a3_': 0.8533120566170709, '_a5_': 0.3119297077461166, '_a1_': 1.0, '_a2_': 1.0, '_a4_': 1.0, '_a6_': 1.0, '_a7_': 1.0}};{'d0': 0.02490583291941657};-280.569866449044;34.57425622898635
49829;-105.710676995535;(((pow2((_a5_ + x)) + (_a5_ / pow2(_a3_))) * _a0_) * x);{'d0': {'_a0_': 3.3767608790075263, '_a3_': 0.8533120566170709, '_a5_': 0.3119297077461166, '_a1_': 1.0, '_a2_': 1.0, '_a4_': 1.0, '_a6_': 1.0, '_a7_': 1.0}};{'d0': 0.02490583291941657};-280.569866449044;34.57425622898635
49830;-105.710676995535;(((pow2((_a5_ + x)) + (_a5_ / pow2(_a3_))) * _a0_) * x);{'d0': {'_a0_': 3.3767608790075263, '_a3_': 0.8533120566170709, '_a5_': 0.3119297077461166, '_a1_': 1.0, '_a2_': 1.0, '_a4_': 1.0, '_a6_': 1.0, '_a7_': 1.0}};{'d0': 0.02490583291941657};-280.569866449044;34.57425622898635
49831;-105.710676995535;(((pow2((_a5_ + x)) + (_a5_ / pow2(_a3_))) * _a0_) * x);{'d0': {'_a0_': 3.3767608790075263, '_a3_': 0.8533120566170709, '_a5_': 0.3119297077461166, '_a1_': 1.0, '_a2_': 1.0, '_a4_': 1.0, '_a6_': 1.0, '_a7_': 1.0}};{'d0': 0.02490583291941657};-280.569866449044;34.57425622898635
49832;-105.710676995535;(((pow2((_a5_ + x)) + (_a5_ / pow2(_a3_))) * _a0_) * x);{'d0': {'_a0_': 3.3767608790075263, '_a3_': 0.8533120566170709, '_a5_': 0.3119297077461166, '_a1_': 1.0, '_a2_': 1.0, '_a4_': 1.0, '_a6_': 1.0, '_a7_': 1.0}};{'d0': 0.02490583291941657};-280.569866449044;34.57425622898635
49833;-105.710676995535;(((pow2((_a5_ + x)) + (_a5_ / pow2(_a3_))) * _a0_) * x);{'d0': {'_a0_': 3.3767608790075263, '_a3_': 0.8533120566170709, '_a5_': 0.3119297077461166, '_a1_': 1.0, '_a2_': 1.0, '_a4_': 1.0, '_a6_': 1.0, '_a7_': 1.0}};{'d0': 0.02490583291941657};-280.569866449044;34.57425622898635
49834;-105.710676995535;(((pow2((_a5_ + x)) + (_a5_ / pow2(_a3_))) * _a0_) * x);{'d0': {'_a0_': 3.3767608790075263, '_a3_': 0.8533120566170709, '_a5_': 0.3119297077461166, '_a1_': 1.0, '_a2_': 1.0, '_a4_': 1.0, '_a6_': 1.0, '_a7_': 1.0}};{'d0': 0.02490583291941657};-280.569866449044;34.57425622898635
49835;-105.710676995535;(((pow2((_a5_ + x)) + (_a5_ / pow2(_a3_))) * _a0_) * x);{'d0': {'_a0_': 3.3767608790075263, '_a3_': 0.8533120566170709, '_a5_': 0.3119297077461166, '_a1_': 1.0, '_a2_': 1.0, '_a4_': 1.0, '_a6_': 1.0, '_a7_': 1.0}};{'d0': 0.02490583291941657};-280.569866449044;34.57425622898635
49836;-105.710676995535;(((pow2((_a5_ + x)) + (_a5_ / pow2(_a3_))) * _a0_) * x);{'d0': {'_a0_': 3.3767608790075263, '_a3_': 0.8533120566170709, '_a5_': 0.3119297077461166, '_a1_': 1.0, '_a2_': 1.0, '_a4_': 1.0, '_a6_': 1.0, '_a7_': 1.0}};{'d0': 0.02490583291941657};-280.569866449044;34.57425622898635
49837;-105.710676995535;(((pow2((_a5_ + x)) + (_a5_ / pow2(_a3_))) * _a0_) * x);{'d0': {'_a0_': 3.3767608790075263, '_a3_': 0.8533120566170709, '_a5_': 0.3119297077461166, '_a1_': 1.0, '_a2_': 1.0, '_a4_': 1.0, '_a6_': 1.0, '_a7_': 1.0}};{'d0': 0.02490583291941657};-280.569866449044;34.57425622898635
49838;-104.549616141360;((x * -(_a4_)) * ((x * ((_a3_ + x) / _a3_)) + _a2_));{'d0': {'_a2_': 0.8426446046727062, '_a3_': 0.6238594155165532, '_a4_': -2.106624067276313, '_a0_': 1.0, '_a1_': 1.0, '_a5_': 1.0, '_a6_': 1.0, '_a7_': 1.0}};{'d0': 0.024905832919416605};-280.569866449044;35.73531708316188
49839;-104.549616141360;((x * -(_a4_)) * ((x * ((_a3_ + x) / _a3_)) + _a2_));{'d0': {'_a2_': 0.8426446046727062, '_a3_': 0.6238594155165532, '_a4_': -2.106624067276313, '_a0_': 1.0, '_a1_': 1.0, '_a5_': 1.0, '_a6_': 1.0, '_a7_': 1.0}};{'d0': 0.024905832919416605};-280.569866449044;35.73531708316188
49840;-104.549616141360;((x * -(_a4_)) * ((x * ((_a3_ + x) / _a3_)) + _a2_));{'d0': {'_a2_': 0.8426446046727062, '_a3_': 0.6238594155165532, '_a4_': -2.106624067276313, '_a0_': 1.0, '_a1_': 1.0, '_a5_': 1.0, '_a6_': 1.0, '_a7_': 1.0}};{'d0': 0.024905832919416605};-280.569866449044;35.73531708316188
49841;-104.549616141360;((x * -(_a4_)) * ((x * ((_a3_ + x) / _a3_)) + _a2_));{'d0': {'_a2_': 0.8426446046727062, '_a3_': 0.6238594155165532, '_a4_': -2.106624067276313, '_a0_': 1.0, '_a1_': 1.0, '_a5_': 1.0, '_a6_': 1.0, '_a7_': 1.0}};{'d0': 0.024905832919416605};-280.569866449044;35.73531708316188
49842;-104.549616141360;((x * -(_a4_)) * ((x * ((_a3_ + x) / _a3_)) + _a2_));{'d0': {'_a2_': 0.8426446046727062, '_a3_': 0.6238594155165532, '_a4_': -2.106624067276313, '_a0_': 1.0, '_a1_': 1.0, '_a5_': 1.0, '_a6_': 1.0, '_a7_': 1.0}};{'d0': 0.024905832919416605};-280.569866449044;35.73531708316188
49843;-104.549616141360;((x * -(_a4_)) * ((x * ((_a3_ + x) / _a3_)) + _a2_));{'d0': {'_a2_': 0.8426446046727062, '_a3_': 0.6238594155165532, '_a4_': -2.106624067276313, '_a0_': 1.0, '_a1_': 1.0, '_a5_': 1.0, '_a6_': 1.0, '_a7_': 1.0}};{'d0': 0.024905832919416605};-280.569866449044;35.73531708316188
49844;-104.549616141360;((x * -(_a4_)) * ((x * ((_a3_ + x) / _a3_)) + _a2_));{'d0': {'_a2_': 0.8426446046727062, '_a3_': 0.6238594155165532, '_a4_': -2.106624067276313, '_a0_': 1.0, '_a1_': 1.0, '_a5_': 1.0, '_a6_': 1.0, '_a7_': 1.0}};{'d0': 0.024905832919416605};-280.569866449044;35.73531708316188
49845;-104.549616141360;((x * -(_a4_)) * ((x * ((_a3_ + x) / _a3_)) + _a2_));{'d0': {'_a2_': 0.8426446046727062, '_a3_': 0.6238594155165532, '_a4_': -2.106624067276313, '_a0_': 1.0, '_a1_': 1.0, '_a5_': 1.0, '_a6_': 1.0, '_a7_': 1.0}};{'d0': 0.024905832919416605};-280.569866449044;35.73531708316188
49846;-104.549616141360;((x * -(_a4_)) * ((x * ((_a3_ + x) / _a3_)) + _a2_));{'d0': {'_a2_': 0.8426446046727062, '_a3_': 0.6238594155165532, '_a4_': -2.106624067276313, '_a0_': 1.0, '_a1_': 1.0, '_a5_': 1.0, '_a6_': 1.0, '_a7_': 1.0}};{'d0': 0.024905832919416605};-280.569866449044;35.73531708316188
49847;-104.549616141360;((x * -(_a4_)) * ((x * ((_a3_ + x) / _a3_)) + _a2_));{'d0': {'_a2_': 0.8426446046727062, '_a3_': 0.6238594155165532, '_a4_': -2.106624067276313, '_a0_': 1.0, '_a1_': 1.0, '_a5_': 1.0, '_a6_': 1.0, '_a7_': 1.0}};{'d0': 0.024905832919416605};-280.569866449044;35.73531708316188
49848;-104.549616141360;((x * -(_a4_)) * ((x * ((_a2_ + x) / _a3_)) + _a2_));{'d0': {'_a2_': 0.6238594155718418, '_a3_': 0.8426446035999569, '_a4_': -2.8454093334967694, '_a0_': 1.0, '_a1_': 1.0, '_a5_': 1.0, '_a6_': 1.0, '_a7_': 1.0}};{'d0': 0.024905832919416622};-280.569866449044;35.73531708316188
49849;-104.549616141360;((x * -(_a4_)) * ((x * ((_a2_ + x) / _a3_)) + _a2_));{'d0': {'_a2_': 0.6238594155718418, '_a3_': 0.8426446035999569, '_a4_': -2.8454093334967694, '_a0_': 1.0, '_a1_': 1.0, '_a5_': 1.0, '_a6_': 1.0, '_a7_': 1.0}};{'d0': 0.024905832919416622};-280.569866449044;35.73531708316188
49850;-104.549616141360;((x * -(_a4_)) * ((x * ((_a2_ + x) / _a3_)) + _a2_));{'d0': {'_a2_': 0.6238594155718418, '_a3_': 0.8426446035999569, '_a4_': -2.8454093334967694, '_a0_': 1.0, '_a1_': 1.0, '_a5_': 1.0, '_a6_': 1.0, '_a7_': 1.0}};{'d0': 0.024905832919416622};-280.569866449044;35.73531708316188
49851;-104.549616141360;((x * -(_a4_)) * ((x * ((_a2_ + x) / _a3_)) + _a2_));{'d0': {'_a2_': 0.6238594155718418, '_a3_': 0.8426446035999569, '_a4_': -2.8454093334967694, '_a0_': 1.0, '_a1_': 1.0, '_a5_': 1.0, '_a6_': 1.0, '_a7_': 1.0}};{'d0': 0.024905832919416622};-280.569866449044;35.73531708316188
49852;-104.549616141360;((x * -(_a4_)) * ((x * ((_a2_ + x) / _a3_)) + _a2_));{'d0': {'_a2_': 0.6238594155718418, '_a3_': 0.8426446035999569, '_a4_': -2.8454093334967694, '_a0_': 1.0, '_a1_': 1.0, '_a5_': 1.0, '_a6_': 1.0, '_a7_': 1.0}};{'d0': 0.024905832919416622};-280.569866449044;35.73531708316188
49853;-105.710676995535;(((pow2((_a5_ + x)) + (_a5_ / pow2(_a3_))) * _a0_) * x);{'d0': {'_a0_': 3.3767608790075263, '_a3_': 0.8533120566170709, '_a5_': 0.3119297077461166, '_a1_': 1.0, '_a2_': 1.0, '_a4_': 1.0, '_a6_': 1.0, '_a7_': 1.0}};{'d0': 0.02490583291941657};-280.569866449044;34.57425622898635
49854;-105.710676995535;(((pow2((_a5_ + x)) + (_a5_ / pow2(_a3_))) * _a0_) * x);{'d0': {'_a0_': 3.3767608790075263, '_a3_': 0.8533120566170709, '_a5_': 0.3119297077461166, '_a1_': 1.0, '_a2_': 1.0, '_a4_': 1.0, '_a6_': 1.0, '_a7_': 1.0}};{'d0': 0.02490583291941657};-280.569866449044;34.57425622898635
49855;-105.710676995535;(((pow2((_a5_ + x)) + (_a5_ / pow2(_a3_))) * _a0_) * x);{'d0': {'_a0_': 3.3767608790075263, '_a3_': 0.8533120566170709, '_a5_': 0.3119297077461166, '_a1_': 1.0, '_a2_': 1.0, '_a4_': 1.0, '_a6_': 1.0, '_a7_': 1.0}};{'d0': 0.02490583291941657};-280.569866449044;34.57425622898635
49856;-105.710676995535;(((pow2((_a5_ + x)) + (_a5_ / pow2(_a3_))) * _a0_) * x);{'d0': {'_a0_': 3.3767608790075263, '_a3_': 0.8533120566170709, '_a5_': 0.3119297077461166, '_a1_': 1.0, '_a2_': 1.0, '_a4_': 1.0, '_a6_': 1.0, '_a7_': 1.0}};{'d0': 0.02490583291941657};-280.569866449044;34.57425622898635
49857;-105.710676995535;(((pow2((_a5_ + x)) + (_a5_ / pow2(_a3_))) * _a0_) * x);{'d0': {'_a0_': 3.3767608790075263, '_a3_': 0.8533120566170709, '_a5_': 0.3119297077461166, '_a1_': 1.0, '_a2_': 1.0, '_a4_': 1.0, '_a6_': 1.0, '_a7_': 1.0}};{'d0': 0.02490583291941657};-280.569866449044;34.57425622898635
49858;-105.710676995535;(((pow2((_a5_ + x)) + (_a5_ / pow2(_a3_))) * _a0_) * x);{'d0': {'_a0_': 3.3767608790075263, '_a3_': 0.8533120566170709, '_a5_': 0.3119297077461166, '_a1_': 1.0, '_a2_': 1.0, '_a4_': 1.0, '_a6_': 1.0, '_a7_': 1.0}};{'d0': 0.02490583291941657};-280.569866449044;34.57425622898635
49859;-105.710676995535;(((pow2((_a5_ + x)) + (_a5_ / pow2(_a3_))) * _a0_) * x);{'d0': {'_a0_': 3.3767608790075263, '_a3_': 0.8533120566170709, '_a5_': 0.3119297077461166, '_a1_': 1.0, '_a2_': 1.0, '_a4_': 1.0, '_a6_': 1.0, '_a7_': 1.0}};{'d0': 0.02490583291941657};-280.569866449044;34.57425622898635
49860;-105.710676995535;(((pow2((_a5_ + x)) + (_a5_ / pow2(_a3_))) * _a0_) * x);{'d0': {'_a0_': 3.3767608790075263, '_a3_': 0.8533120566170709, '_a5_': 0.3119297077461166, '_a1_': 1.0, '_a2_': 1.0, '_a4_': 1.0, '_a6_': 1.0, '_a7_': 1.0}};{'d0': 0.02490583291941657};-280.569866449044;34.57425622898635
49861;-105.710676995535;(((pow2((_a5_ + x)) + (_a5_ / pow2(_a3_))) * _a0_) * x);{'d0': {'_a0_': 3.3767608790075263, '_a3_': 0.8533120566170709, '_a5_': 0.3119297077461166, '_a1_': 1.0, '_a2_': 1.0, '_a4_': 1.0, '_a6_': 1.0, '_a7_': 1.0}};{'d0': 0.02490583291941657};-280.569866449044;34.57425622898635
49862;-105.710676995535;(((pow2((_a5_ + x)) + (_a5_ / pow2(_a3_))) * _a0_) * x);{'d0': {'_a0_': 3.3767608790075263, '_a3_': 0.8533120566170709, '_a5_': 0.3119297077461166, '_a1_': 1.0, '_a2_': 1.0, '_a4_': 1.0, '_a6_': 1.0, '_a7_': 1.0}};{'d0': 0.02490583291941657};-280.569866449044;34.57425622898635
49863;-105.710676995535;(((pow2((_a5_ + x)) + (_a5_ / pow2(_a3_))) * _a0_) * x);{'d0': {'_a0_': 3.3767608790075263, '_a3_': 0.8533120566170709, '_a5_': 0.3119297077461166, '_a1_': 1.0, '_a2_': 1.0, '_a4_': 1.0, '_a6_': 1.0, '_a7_': 1.0}};{'d0': 0.02490583291941657};-280.569866449044;34.57425622898635
49864;-105.710676995535;(((pow2((_a5_ + x)) + (_a5_ / pow2(_a3_))) * _a0_) * x);{'d0': {'_a0_': 3.3767608790075263, '_a3_': 0.8533120566170709, '_a5_': 0.3119297077461166, '_a1_': 1.0, '_a2_': 1.0, '_a4_': 1.0, '_a6_': 1.0, '_a7_': 1.0}};{'d0': 0.02490583291941657};-280.569866449044;34.57425622898635
49865;-105.710676995535;(((pow2((_a5_ + x)) + (_a5_ / pow2(_a3_))) * _a0_) * x);{'d0': {'_a0_': 3.3767608790075263, '_a3_': 0.8533120566170709, '_a5_': 0.3119297077461166, '_a1_': 1.0, '_a2_': 1.0, '_a4_': 1.0, '_a6_': 1.0, '_a7_': 1.0}};{'d0': 0.02490583291941657};-280.569866449044;34.57425622898635
49866;-105.710676995535;(((pow2((_a5_ + x)) + (_a5_ / pow2(_a3_))) * _a0_) * x);{'d0': {'_a0_': 3.3767608790075263, '_a3_': 0.8533120566170709, '_a5_': 0.3119297077461166, '_a1_': 1.0, '_a2_': 1.0, '_a4_': 1.0, '_a6_': 1.0, '_a7_': 1.0}};{'d0': 0.02490583291941657};-280.569866449044;34.57425622898635
49867;-97.4327909863775;((((_a7_ + _a4_) * (((_a5_ + x) * x) * _a1_)) + -(_a7_)) * x);{'d0': {'_a1_': -0.14317378470770167, '_a4_': -21.80992617430882, '_a5_': 0.6238486473590782, '_a7_': -1.7751120530752678, '_a0_': 1.0, '_a2_': 1.0, '_a3_': 1.0, '_a6_': 1.0}};{'d0': 0.02490583596273267};-276.475514555248;40.80496629124634
49868;-97.4327909863775;((((_a7_ + _a4_) * (((_a5_ + x) * x) * _a1_)) + -(_a7_)) * x);{'d0': {'_a1_': -0.14317378470770167, '_a4_': -21.80992617430882, '_a5_': 0.6238486473590782, '_a7_': -1.7751120530752678, '_a0_': 1.0, '_a2_': 1.0, '_a3_': 1.0, '_a6_': 1.0}};{'d0': 0.02490583596273267};-276.475514555248;40.80496629124634
49869;-97.4327909863775;((((_a7_ + _a4_) * (((_a5_ + x) * x) * _a1_)) + -(_a7_)) * x);{'d0': {'_a1_': -0.14317378470770167, '_a4_': -21.80992617430882, '_a5_': 0.6238486473590782, '_a7_': -1.7751120530752678, '_a0_': 1.0, '_a2_': 1.0, '_a3_': 1.0, '_a6_': 1.0}};{'d0': 0.02490583596273267};-276.475514555248;40.80496629124634
49870;-97.4327909863775;((((_a7_ + _a4_) * (((_a5_ + x) * x) * _a1_)) + -(_a7_)) * x);{'d0': {'_a1_': -0.14317378470770167, '_a4_': -21.80992617430882, '_a5_': 0.6238486473590782, '_a7_': -1.7751120530752678, '_a0_': 1.0, '_a2_': 1.0, '_a3_': 1.0, '_a6_': 1.0}};{'d0': 0.02490583596273267};-276.475514555248;40.80496629124634
49871;-97.4327909863775;((((_a7_ + _a4_) * (((_a5_ + x) * x) * _a1_)) + -(_a7_)) * x);{'d0': {'_a1_': -0.14317378470770167, '_a4_': -21.80992617430882, '_a5_': 0.6238486473590782, '_a7_': -1.7751120530752678, '_a0_': 1.0, '_a2_': 1.0, '_a3_': 1.0, '_a6_': 1.0}};{'d0': 0.02490583596273267};-276.475514555248;40.80496629124634
49872;-97.4327909863775;((((_a7_ + _a4_) * (((_a5_ + x) * x) * _a1_)) + -(_a7_)) * x);{'d0': {'_a1_': -0.14317378470770167, '_a4_': -21.80992617430882, '_a5_': 0.6238486473590782, '_a7_': -1.7751120530752678, '_a0_': 1.0, '_a2_': 1.0, '_a3_': 1.0, '_a6_': 1.0}};{'d0': 0.02490583596273267};-276.475514555248;40.80496629124634
49873;-97.5531039347914;((((_a7_ / _a4_) * (((_a5_ + x) * x) * _a1_)) + -(_a7_)) * x);{'d0': {'_a1_': -14243.699636690313, '_a4_': 7487.795618149064, '_a5_': 0.6238594154311518, '_a7_': -1.7751354037279836, '_a0_': 1.0, '_a2_': 1.0, '_a3_': 1.0, '_a6_': 1.0}};{'d0': 0.024905832919417167};-276.475521886820;40.684657008618736
49874;-97.5531039347914;((((_a7_ / _a4_) * (((_a5_ + x) * x) * _a1_)) + -(_a7_)) * x);{'d0': {'_a1_': -14243.699636690313, '_a4_': 7487.795618149064, '_a5_': 0.6238594154311518, '_a7_': -1.7751354037279836, '_a0_': 1.0, '_a2_': 1.0, '_a3_': 1.0, '_a6_': 1.0}};{'d0': 0.024905832919417167};-276.475521886820;40.684657008618736
49875;-97.5531039347914;((((_a7_ / _a4_) * (((_a5_ + x) * x) * _a1_)) + -(_a7_)) * x);{'d0': {'_a1_': -14243.699636690313, '_a4_': 7487.795618149064, '_a5_': 0.6238594154311518, '_a7_': -1.7751354037279836, '_a0_': 1.0, '_a2_': 1.0, '_a3_': 1.0, '_a6_': 1.0}};{'d0': 0.024905832919417167};-276.475521886820;40.684657008618736
49876;-97.5531039347914;((((_a7_ / _a4_) * (((_a5_ + x) * x) * _a1_)) + -(_a7_)) * x);{'d0': {'_a1_': -14243.699636690313, '_a4_': 7487.795618149064, '_a5_': 0.6238594154311518, '_a7_': -1.7751354037279836, '_a0_': 1.0, '_a2_': 1.0, '_a3_': 1.0, '_a6_': 1.0}};{'d0': 0.024905832919417167};-276.475521886820;40.684657008618736
49877;-97.5531039347914;((((_a7_ / _a4_) * (((_a5_ + x) * x) * _a1_)) + -(_a7_)) * x);{'d0': {'_a1_': -14243.699636690313, '_a4_': 7487.795618149064, '_a5_': 0.6238594154311518, '_a7_': -1.7751354037279836, '_a0_': 1.0, '_a2_': 1.0, '_a3_': 1.0, '_a6_': 1.0}};{'d0': 0.024905832919417167};-276.475521886820;40.684657008618736
49878;-97.5531039347914;((((_a7_ / _a4_) * (((_a5_ + x) * x) * _a1_)) + -(_a7_)) * x);{'d0': {'_a1_': -14243.699636690313, '_a4_': 7487.795618149064, '_a5_': 0.6238594154311518, '_a7_': -1.7751354037279836, '_a0_': 1.0, '_a2_': 1.0, '_a3_': 1.0, '_a6_': 1.0}};{'d0': 0.024905832919417167};-276.475521886820;40.684657008618736
49879;-97.5531039347914;((((_a7_ / _a4_) * (((_a5_ + x) * x) * _a1_)) + -(_a7_)) * x);{'d0': {'_a1_': -14243.699636690313, '_a4_': 7487.795618149064, '_a5_': 0.6238594154311518, '_a7_': -1.7751354037279836, '_a0_': 1.0, '_a2_': 1.0, '_a3_': 1.0, '_a6_': 1.0}};{'d0': 0.024905832919417167};-276.475521886820;40.684657008618736
49880;-97.5531039347914;((((_a7_ / _a4_) * (((_a5_ + x) * x) * _a1_)) + -(_a7_)) * x);{'d0': {'_a1_': -14243.699636690313, '_a4_': 7487.795618149064, '_a5_': 0.6238594154311518, '_a7_': -1.7751354037279836, '_a0_': 1.0, '_a2_': 1.0, '_a3_': 1.0, '_a6_': 1.0}};{'d0': 0.024905832919417167};-276.475521886820;40.684657008618736
49881;-97.5531039347914;((((_a7_ / _a4_) * (((_a5_ + x) * x) * _a1_)) + -(_a7_)) * x);{'d0': {'_a1_': -14243.699636690313, '_a4_': 7487.795618149064, '_a5_': 0.6238594154311518, '_a7_': -1.7751354037279836, '_a0_': 1.0, '_a2_': 1.0, '_a3_': 1.0, '_a6_': 1.0}};{'d0': 0.024905832919417167};-276.475521886820;40.684657008618736
49882;-97.5531039347914;((((_a7_ / _a4_) * (((_a5_ + x) * x) * _a1_)) + -(_a7_)) * x);{'d0': {'_a1_': -14243.699636690313, '_a4_': 7487.795618149064, '_a5_': 0.6238594154311518, '_a7_': -1.7751354037279836, '_a0_': 1.0, '_a2_': 1.0, '_a3_': 1.0, '_a6_': 1.0}};{'d0': 0.024905832919417167};-276.475521886820;40.684657008618736
49883;-97.5531039347914;((((_a7_ / _a4_) * (((_a5_ + x) * x) * _a1_)) + -(_a7_)) * x);{'d0': {'_a1_': -14243.699636690313, '_a4_': 7487.795618149064, '_a5_': 0.6238594154311518, '_a7_': -1.7751354037279836, '_a0_': 1.0, '_a2_': 1.0, '_a3_': 1.0, '_a6_': 1.0}};{'d0': 0.024905832919417167};-276.475521886820;40.684657008618736
49884;-98.3316984892945;((((_a7_ * _a4_) * (((_a5_ + x) * x) * _a1_)) + -(_a7_)) * x);{'d0': {'_a1_': 5.219431231095793, '_a4_': -0.3644564131820647, '_a5_': 0.6238594156136871, '_a7_': -1.7751354044528713, '_a0_': 1.0, '_a2_': 1.0, '_a3_': 1.0, '_a6_': 1.0}};{'d0': 0.024905832919517007};-276.475521886580;39.90606245399534
49885;-98.3316984892945;((((_a7_ * _a4_) * (((_a5_ + x) * x) * _a1_)) + -(_a7_)) * x);{'d0': {'_a1_': 5.219431231095793, '_a4_': -0.3644564131820647, '_a5_': 0.6238594156136871, '_a7_': -1.7751354044528713, '_a0_': 1.0, '_a2_': 1.0, '_a3_': 1.0, '_a6_': 1.0}};{'d0': 0.024905832919517007};-276.475521886580;39.90606245399534
49886;-98.3316984892945;((((_a7_ * _a4_) * (((_a5_ + x) * x) * _a1_)) + -(_a7_)) * x);{'d0': {'_a1_': 5.219431231095793, '_a4_': -0.3644564131820647, '_a5_': 0.6238594156136871, '_a7_': -1.7751354044528713, '_a0_': 1.0, '_a2_': 1.0, '_a3_': 1.0, '_a6_': 1.0}};{'d0': 0.024905832919517007};-276.475521886580;39.90606245399534
49887;-98.3316984892945;((((_a7_ * _a4_) * (((_a5_ + x) * x) * _a1_)) + -(_a7_)) * x);{'d0': {'_a1_': 5.219431231095793, '_a4_': -0.3644564131820647, '_a5_': 0.6238594156136871, '_a7_': -1.7751354044528713, '_a0_': 1.0, '_a2_': 1.0, '_a3_': 1.0, '_a6_': 1.0}};{'d0': 0.024905832919517007};-276.475521886580;39.90606245399534
49888;-98.3316984892945;((((_a7_ * _a4_) * (((_a5_ + x) * x) * _a1_)) + -(_a7_)) * x);{'d0': {'_a1_': 5.219431231095793, '_a4_': -0.3644564131820647, '_a5_': 0.6238594156136871, '_a7_': -1.7751354044528713, '_a0_': 1.0, '_a2_': 1.0, '_a3_': 1.0, '_a6_': 1.0}};{'d0': 0.024905832919517007};-276.475521886580;39.90606245399534
49889;-98.3316984892945;((((_a7_ * _a4_) * (((_a5_ + x) * x) * _a1_)) + -(_a7_)) * x);{'d0': {'_a1_': 5.219431231095793, '_a4_': -0.3644564131820647, '_a5_': 0.6238594156136871, '_a7_': -1.7751354044528713, '_a0_': 1.0, '_a2_': 1.0, '_a3_': 1.0, '_a6_': 1.0}};{'d0': 0.024905832919517007};-276.475521886580;39.90606245399534
49890;-94.6337640161150;((((_a7_ * _a4_) * (((_a5_ + x) * x) * pow2(_a2_))) + -(_a7_)) * x);{'d0': {'_a2_': 1.1561673312995577, '_a4_': -1.423073483767515, '_a5_': 0.6238594155196775, '_a7_': -1.775135404219683, '_a0_': 1.0, '_a1_': 1.0, '_a3_': 1.0, '_a6_': 1.0}};{'d0': 0.024905832919989823};-276.475521885441;43.60399692660534
49891;-94.6337640161150;((((_a7_ * _a4_) * (((_a5_ + x) * x) * pow2(_a2_))) + -(_a7_)) * x);{'d0': {'_a2_': 1.1561673312995577, '_a4_': -1.423073483767515, '_a5_': 0.6238594155196775, '_a7_': -1.775135404219683, '_a0_': 1.0, '_a1_': 1.0, '_a3_': 1.0, '_a6_': 1.0}};{'d0': 0.024905832919989823};-276.475521885441;43.60399692660534
49892;-94.6337640161150;((((_a7_ * _a4_) * (((_a5_ + x) * x) * pow2(_a2_))) + -(_a7_)) * x);{'d0': {'_a2_': 1.1561673312995577, '_a4_': -1.423073483767515, '_a5_': 0.6238594155196775, '_a7_': -1.775135404219683, '_a0_': 1.0, '_a1_': 1.0, '_a3_': 1.0, '_a6_': 1.0}};{'d0': 0.024905832919989823};-276.475521885441;43.60399692660534
49893;-94.6337640161150;((((_a7_ * _a4_) * (((_a5_ + x) * x) * pow2(_a2_))) + -(_a7_)) * x);{'d0': {'_a2_': 1.1561673312995577, '_a4_': -1.423073483767515, '_a5_': 0.6238594155196775, '_a7_': -1.775135404219683, '_a0_': 1.0, '_a1_': 1.0, '_a3_': 1.0, '_a6_': 1.0}};{'d0': 0.024905832919989823};-276.475521885441;43.60399692660534
49894;-94.6337640161150;((((_a7_ * _a4_) * (((_a5_ + x) * x) * pow2(_a2_))) + -(_a7_)) * x);{'d0': {'_a2_': 1.1561673312995577, '_a4_': -1.423073483767515, '_a5_': 0.6238594155196775, '_a7_': -1.775135404219683, '_a0_': 1.0, '_a1_': 1.0, '_a3_': 1.0, '_a6_': 1.0}};{'d0': 0.024905832919989823};-276.475521885441;43.60399692660534
49895;-94.6337640161150;((((_a7_ * _a4_) * (((_a5_ + x) * x) * pow2(_a2_))) + -(_a7_)) * x);{'d0': {'_a2_': 1.1561673312995577, '_a4_': -1.423073483767515, '_a5_': 0.6238594155196775, '_a7_': -1.775135404219683, '_a0_': 1.0, '_a1_': 1.0, '_a3_': 1.0, '_a6_': 1.0}};{'d0': 0.024905832919989823};-276.475521885441;43.60399692660534
49896;-94.6337640161150;((((_a7_ * _a4_) * (((_a5_ + x) * x) * pow2(_a2_))) + -(_a7_)) * x);{'d0': {'_a2_': 1.1561673312995577, '_a4_': -1.423073483767515, '_a5_': 0.6238594155196775, '_a7_': -1.775135404219683, '_a0_': 1.0, '_a1_': 1.0, '_a3_': 1.0, '_a6_': 1.0}};{'d0': 0.024905832919989823};-276.475521885441;43.60399692660534
49897;-94.6337640161150;((((_a7_ * _a4_) * (((_a5_ + x) * x) * pow2(_a2_))) + -(_a7_)) * x);{'d0': {'_a2_': 1.1561673312995577, '_a4_': -1.423073483767515, '_a5_': 0.6238594155196775, '_a7_': -1.775135404219683, '_a0_': 1.0, '_a1_': 1.0, '_a3_': 1.0, '_a6_': 1.0}};{'d0': 0.024905832919989823};-276.475521885441;43.60399692660534
49898;-94.6337640161150;((((_a7_ * _a4_) * (((_a5_ + x) * x) * pow2(_a2_))) + -(_a7_)) * x);{'d0': {'_a2_': 1.1561673312995577, '_a4_': -1.423073483767515, '_a5_': 0.6238594155196775, '_a7_': -1.775135404219683, '_a0_': 1.0, '_a1_': 1.0, '_a3_': 1.0, '_a6_': 1.0}};{'d0': 0.024905832919989823};-276.475521885441;43.60399692660534
49899;-94.6337640161150;((((_a7_ * _a4_) * (((_a5_ + x) * x) * pow2(_a2_))) + -(_a7_)) * x);{'d0': {'_a2_': 1.1561673312995577, '_a4_': -1.423073483767515, '_a5_': 0.6238594155196775, '_a7_': -1.775135404219683, '_a0_': 1.0, '_a1_': 1.0, '_a3_': 1.0, '_a6_': 1.0}};{'d0': 0.024905832919989823};-276.475521885441;43.60399692660534
49900;-94.6337640161150;((((_a7_ * _a4_) * (((_a5_ + x) * x) * pow2(_a2_))) + -(_a7_)) * x);{'d0': {'_a2_': 1.1561673312995577, '_a4_': -1.423073483767515, '_a5_': 0.6238594155196775, '_a7_': -1.775135404219683, '_a0_': 1.0, '_a1_': 1.0, '_a3_': 1.0, '_a6_': 1.0}};{'d0': 0.024905832919989823};-276.475521885441;43.60399692660534
49901;-94.6337640161150;((((_a7_ * _a4_) * (((_a5_ + x) * x) * pow2(_a2_))) + -(_a7_)) * x);{'d0': {'_a2_': 1.1561673312995577, '_a4_': -1.423073483767515, '_a5_': 0.6238594155196775, '_a7_': -1.775135404219683, '_a0_': 1.0, '_a1_': 1.0, '_a3_': 1.0, '_a6_': 1.0}};{'d0': 0.024905832919989823};-276.475521885441;43.60399692660534
49902;-94.6337640161150;((((_a7_ * _a4_) * (((_a5_ + x) * x) * pow2(_a2_))) + -(_a7_)) * x);{'d0': {'_a2_': 1.1561673312995577, '_a4_': -1.423073483767515, '_a5_': 0.6238594155196775, '_a7_': -1.775135404219683, '_a0_': 1.0, '_a1_': 1.0, '_a3_': 1.0, '_a6_': 1.0}};{'d0': 0.024905832919989823};-276.475521885441;43.60399692660534
49903;-89.5397095184612;((((_a7_ * _a4_) * (((_a5_ + x) * x) * pow2((_a0_ * _a4_)))) + -(_a7_)) * x);{'d0': {'_a0_': 0.7906852716280407, '_a4_': -1.4490626188499685, '_a5_': 0.6238594155299652, '_a7_': -1.7751354042428389, '_a1_': 1.0, '_a2_': 1.0, '_a3_': 1.0, '_a6_': 1.0}};{'d0': 0.024905832919618526};-276.475521886335;48.69805142470634
49904;-89.5397095184612;((((_a7_ * _a4_) * (((_a5_ + x) * x) * pow2((_a0_ * _a4_)))) + -(_a7_)) * x);{'d0': {'_a0_': 0.7906852716280407, '_a4_': -1.4490626188499685, '_a5_': 0.6238594155299652, '_a7_': -1.7751354042428389, '_a1_': 1.0, '_a2_': 1.0, '_a3_': 1.0, '_a6_': 1.0}};{'d0': 0.024905832919618526};-276.475521886335;48.69805142470634
49905;-89.5397095184612;((((_a7_ * _a4_) * (((_a5_ + x) * x) * pow2((_a0_ * _a4_)))) + -(_a7_)) * x);{'d0': {'_a0_': 0.7906852716280407, '_a4_': -1.4490626188499685, '_a5_': 0.6238594155299652, '_a7_': -1.7751354042428389, '_a1_': 1.0, '_a2_': 1.0, '_a3_': 1.0, '_a6_': 1.0}};{'d0': 0.024905832919618526};-276.475521886335;48.69805142470634
49906;-89.5397095184612;((((_a7_ * _a4_) * (((_a5_ + x) * x) * pow2((_a0_ * _a4_)))) + -(_a7_)) * x);{'d0': {'_a0_': 0.7906852716280407, '_a4_': -1.4490626188499685, '_a5_': 0.6238594155299652, '_a7_': -1.7751354042428389, '_a1_': 1.0, '_a2_': 1.0, '_a3_': 1.0, '_a6_': 1.0}};{'d0': 0.024905832919618526};-276.475521886335;48.69805142470634
49907;-89.5397095184612;((((_a7_ * _a4_) * (((_a5_ + x) * x) * pow2((_a0_ * _a4_)))) + -(_a7_)) * x);{'d0': {'_a0_': 0.7906852716280407, '_a4_': -1.4490626188499685, '_a5_': 0.6238594155299652, '_a7_': -1.7751354042428389, '_a1_': 1.0, '_a2_': 1.0, '_a3_': 1.0, '_a6_': 1.0}};{'d0': 0.024905832919618526};-276.475521886335;48.69805142470634
49908;-89.5397095184612;((((_a7_ * _a4_) * (((_a5_ + x) * x) * pow2((_a0_ * _a4_)))) + -(_a7_)) * x);{'d0': {'_a0_': 0.7906852716280407, '_a4_': -1.4490626188499685, '_a5_': 0.6238594155299652, '_a7_': -1.7751354042428389, '_a1_': 1.0, '_a2_': 1.0, '_a3_': 1.0, '_a6_': 1.0}};{'d0': 0.024905832919618526};-276.475521886335;48.69805142470634
49909;-89.5397095184612;((((_a7_ * _a4_) * (((_a5_ + x) * x) * pow2((_a0_ * _a4_)))) + -(_a7_)) * x);{'d0': {'_a0_': 0.7906852716280407, '_a4_': -1.4490626188499685, '_a5_': 0.6238594155299652, '_a7_': -1.7751354042428389, '_a1_': 1.0, '_a2_': 1.0, '_a3_': 1.0, '_a6_': 1.0}};{'d0': 0.024905832919618526};-276.475521886335;48.69805142470634
49910;-89.5397095184612;((((_a7_ * _a4_) * (((_a5_ + x) * x) * pow2((_a0_ * _a4_)))) + -(_a7_)) * x);{'d0': {'_a0_': 0.7906852716280407, '_a4_': -1.4490626188499685, '_a5_': 0.6238594155299652, '_a7_': -1.7751354042428389, '_a1_': 1.0, '_a2_': 1.0, '_a3_': 1.0, '_a6_': 1.0}};{'d0': 0.024905832919618526};-276.475521886335;48.69805142470634
49911;-89.5397095184612;((((_a7_ * _a4_) * (((_a5_ + x) * x) * pow2((_a0_ * _a4_)))) + -(_a7_)) * x);{'d0': {'_a0_': 0.7906852716280407, '_a4_': -1.4490626188499685, '_a5_': 0.6238594155299652, '_a7_': -1.7751354042428389, '_a1_': 1.0, '_a2_': 1.0, '_a3_': 1.0, '_a6_': 1.0}};{'d0': 0.024905832919618526};-276.475521886335;48.69805142470634
49912;-89.5397095184612;((((_a7_ * _a4_) * (((_a5_ + x) * x) * pow2((_a0_ * _a4_)))) + -(_a7_)) * x);{'d0': {'_a0_': 0.7906852716280407, '_a4_': -1.4490626188499685, '_a5_': 0.6238594155299652, '_a7_': -1.7751354042428389, '_a1_': 1.0, '_a2_': 1.0, '_a3_': 1.0, '_a6_': 1.0}};{'d0': 0.024905832919618526};-276.475521886335;48.69805142470634
49913;-89.5397095184612;((((_a7_ * _a4_) * (((_a5_ + x) * x) * pow2((_a0_ * _a4_)))) + -(_a7_)) * x);{'d0': {'_a0_': 0.7906852716280407, '_a4_': -1.4490626188499685, '_a5_': 0.6238594155299652, '_a7_': -1.7751354042428389, '_a1_': 1.0, '_a2_': 1.0, '_a3_': 1.0, '_a6_': 1.0}};{'d0': 0.024905832919618526};-276.475521886335;48.69805142470634
49914;-89.5397095184612;((((_a7_ * _a4_) * (((_a5_ + x) * x) * pow2((_a0_ * _a4_)))) + -(_a7_)) * x);{'d0': {'_a0_': 0.7906852716280407, '_a4_': -1.4490626188499685, '_a5_': 0.6238594155299652, '_a7_': -1.7751354042428389, '_a1_': 1.0, '_a2_': 1.0, '_a3_': 1.0, '_a6_': 1.0}};{'d0': 0.024905832919618526};-276.475521886335;48.69805142470634
49915;-89.5397095184612;((((_a7_ * _a4_) * (((_a5_ + x) * x) * pow2((_a0_ * _a4_)))) + -(_a7_)) * x);{'d0': {'_a0_': 0.7906852716280407, '_a4_': -1.4490626188499685, '_a5_': 0.6238594155299652, '_a7_': -1.7751354042428389, '_a1_': 1.0, '_a2_': 1.0, '_a3_': 1.0, '_a6_': 1.0}};{'d0': 0.024905832919618526};-276.475521886335;48.69805142470634
49916;-89.5397095184612;((((_a7_ * _a4_) * (((_a5_ + x) * x) * pow2((_a0_ * _a4_)))) + -(_a7_)) * x);{'d0': {'_a0_': 0.7906852716280407, '_a4_': -1.4490626188499685, '_a5_': 0.6238594155299652, '_a7_': -1.7751354042428389, '_a1_': 1.0, '_a2_': 1.0, '_a3_': 1.0, '_a6_': 1.0}};{'d0': 0.024905832919618526};-276.475521886335;48.69805142470634
49917;-94.6337640163850;(((_a0_ * (((_a5_ + x) * x) * pow2((_a0_ * _a4_)))) + -(_a7_)) * x);{'d0': {'_a0_': 1.0650654812518117, '_a4_': -1.6718051072857827, '_a5_': 0.6238594155992114, '_a7_': -1.775135404344612, '_a1_': 1.0, '_a2_': 1.0, '_a3_': 1.0, '_a6_': 1.0}};{'d0': 0.024905832919765582};-276.475521885981;43.60399692660534
49918;-100.360883458177;(((_a0_ * (((_a5_ + x) * x) * pow2((_a0_ * _a4_)))) + _a0_) * x);{'d0': {'_a0_': 1.775135405574395, '_a4_': -0.7769676277915946, '_a5_': 0.6238594157742782, '_a1_': 1.0, '_a2_': 1.0, '_a3_': 1.0, '_a6_': 1.0, '_a7_': 1.0}};{'d0': 0.024905832919416625};-280.569866449044;39.92404976634495
49919;-100.360883458177;(((_a0_ * (((_a5_ + x) * x) * pow2((_a0_ * _a4_)))) + _a0_) * x);{'d0': {'_a0_': 1.775135405574395, '_a4_': -0.7769676277915946, '_a5_': 0.6238594157742782, '_a1_': 1.0, '_a2_': 1.0, '_a3_': 1.0, '_a6_': 1.0, '_a7_': 1.0}};{'d0': 0.024905832919416625};-280.569866449044;39.92404976634495
49920;-100.360883458177;(((_a0_ * (((_a5_ + x) * x) * pow2((_a0_ * _a4_)))) + _a0_) * x);{'d0': {'_a0_': 1.775135405574395, '_a4_': -0.7769676277915946, '_a5_': 0.6238594157742782, '_a1_': 1.0, '_a2_': 1.0, '_a3_': 1.0, '_a6_': 1.0, '_a7_': 1.0}};{'d0': 0.024905832919416625};-280.569866449044;39.92404976634495
49921;-100.360883458177;(((_a0_ * (((_a5_ + x) * x) * pow2((_a0_ * _a4_)))) + _a0_) * x);{'d0': {'_a0_': 1.775135405574395, '_a4_': -0.7769676277915946, '_a5_': 0.6238594157742782, '_a1_': 1.0, '_a2_': 1.0, '_a3_': 1.0, '_a6_': 1.0, '_a7_': 1.0}};{'d0': 0.024905832919416625};-280.569866449044;39.92404976634495
49922;-100.360883458177;(((_a0_ * (((_a5_ + x) * x) * pow2((_a0_ * _a4_)))) + _a0_) * x);{'d0': {'_a0_': 1.775135405574395, '_a4_': -0.7769676277915946, '_a5_': 0.6238594157742782, '_a1_': 1.0, '_a2_': 1.0, '_a3_': 1.0, '_a6_': 1.0, '_a7_': 1.0}};{'d0': 0.024905832919416625};-280.569866449044;39.92404976634495
49923;-100.360883458177;(((_a0_ * (((_a5_ + x) * x) * pow2((_a0_ * _a4_)))) + _a0_) * x);{'d0': {'_a0_': 1.775135405574395, '_a4_': -0.7769676277915946, '_a5_': 0.6238594157742782, '_a1_': 1.0, '_a2_': 1.0, '_a3_': 1.0, '_a6_': 1.0, '_a7_': 1.0}};{'d0': 0.024905832919416625};-280.569866449044;39.92404976634495
49924;-100.360883458177;(((_a0_ * (((_a5_ + x) * x) * pow2((_a0_ * _a4_)))) + _a0_) * x);{'d0': {'_a0_': 1.775135405574395, '_a4_': -0.7769676277915946, '_a5_': 0.6238594157742782, '_a1_': 1.0, '_a2_': 1.0, '_a3_': 1.0, '_a6_': 1.0, '_a7_': 1.0}};{'d0': 0.024905832919416625};-280.569866449044;39.92404976634495
49925;-100.360883458177;(((_a0_ * (((_a5_ + x) * x) * pow2((_a0_ * _a4_)))) + _a0_) * x);{'d0': {'_a0_': 1.775135405574395, '_a4_': -0.7769676277915946, '_a5_': 0.6238594157742782, '_a1_': 1.0, '_a2_': 1.0, '_a3_': 1.0, '_a6_': 1.0, '_a7_': 1.0}};{'d0': 0.024905832919416625};-280.569866449044;39.92404976634495
49926;-100.360883458177;(((_a0_ * (((_a5_ + x) * x) * pow2((_a0_ * _a4_)))) + _a0_) * x);{'d0': {'_a0_': 1.775135405574395, '_a4_': -0.7769676277915946, '_a5_': 0.6238594157742782, '_a1_': 1.0, '_a2_': 1.0, '_a3_': 1.0, '_a6_': 1.0, '_a7_': 1.0}};{'d0': 0.024905832919416625};-280.569866449044;39.92404976634495
49927;-100.360883458177;(((_a0_ * (((_a5_ + x) * x) * pow2((_a0_ * _a4_)))) + _a0_) * x);{'d0': {'_a0_': 1.775135405574395, '_a4_': -0.7769676277915946, '_a5_': 0.6238594157742782, '_a1_': 1.0, '_a2_': 1.0, '_a3_': 1.0, '_a6_': 1.0, '_a7_': 1.0}};{'d0': 0.024905832919416625};-280.569866449044;39.92404976634495
49928;-100.360883458177;(((_a0_ * (((_a5_ + x) * x) * pow2((_a0_ * _a4_)))) + _a0_) * x);{'d0': {'_a0_': 1.775135405574395, '_a4_': -0.7769676277915946, '_a5_': 0.6238594157742782, '_a1_': 1.0, '_a2_': 1.0, '_a3_': 1.0, '_a6_': 1.0, '_a7_': 1.0}};{'d0': 0.024905832919416625};-280.569866449044;39.92404976634495
49929;-100.360883458177;(((_a0_ * (((_a5_ + x) * x) * pow2((_a0_ * _a4_)))) + _a0_) * x);{'d0': {'_a0_': 1.775135405574395, '_a4_': -0.7769676277915946, '_a5_': 0.6238594157742782, '_a1_': 1.0, '_a2_': 1.0, '_a3_': 1.0, '_a6_': 1.0, '_a7_': 1.0}};{'d0': 0.024905832919416625};-280.569866449044;39.92404976634495
49930;-100.360883458177;(((_a0_ * (((_a5_ + x) * x) * pow2((_a0_ * _a4_)))) + _a0_) * x);{'d0': {'_a0_': 1.775135405574395, '_a4_': -0.7769676277915946, '_a5_': 0.6238594157742782, '_a1_': 1.0, '_a2_': 1.0, '_a3_': 1.0, '_a6_': 1.0, '_a7_': 1.0}};{'d0': 0.024905832919416625};-280.569866449044;39.92404976634495
49931;-100.360883458177;(((_a0_ * (((_a5_ + x) * x) * pow2((_a0_ * _a4_)))) + _a0_) * x);{'d0': {'_a0_': 1.775135405574395, '_a4_': -0.7769676277915946, '_a5_': 0.6238594157742782, '_a1_': 1.0, '_a2_': 1.0, '_a3_': 1.0, '_a6_': 1.0, '_a7_': 1.0}};{'d0': 0.024905832919416625};-280.569866449044;39.92404976634495
49932;-100.360883458177;(((_a0_ * (((_a5_ + x) * x) * pow2((_a0_ * _a4_)))) + _a0_) * x);{'d0': {'_a0_': 1.775135405574395, '_a4_': -0.7769676277915946, '_a5_': 0.6238594157742782, '_a1_': 1.0, '_a2_': 1.0, '_a3_': 1.0, '_a6_': 1.0, '_a7_': 1.0}};{'d0': 0.024905832919416625};-280.569866449044;39.92404976634495
49933;-100.360883458177;(((_a0_ * (((_a5_ + x) * x) * pow2((_a0_ * _a4_)))) + _a0_) * x);{'d0': {'_a0_': 1.775135405574395, '_a4_': -0.7769676277915946, '_a5_': 0.6238594157742782, '_a1_': 1.0, '_a2_': 1.0, '_a3_': 1.0, '_a6_': 1.0, '_a7_': 1.0}};{'d0': 0.024905832919416625};-280.569866449044;39.92404976634495
49934;-100.360883458177;(((_a0_ * (((_a5_ + x) * x) * pow2((_a0_ * _a4_)))) + _a0_) * x);{'d0': {'_a0_': 1.775135405574395, '_a4_': -0.7769676277915946, '_a5_': 0.6238594157742782, '_a1_': 1.0, '_a2_': 1.0, '_a3_': 1.0, '_a6_': 1.0, '_a7_': 1.0}};{'d0': 0.024905832919416625};-280.569866449044;39.92404976634495
49935;-100.360883458177;(((_a0_ * (((_a5_ + x) * x) * pow2((_a0_ * _a4_)))) + _a0_) * x);{'d0': {'_a0_': 1.775135405574395, '_a4_': -0.7769676277915946, '_a5_': 0.6238594157742782, '_a1_': 1.0, '_a2_': 1.0, '_a3_': 1.0, '_a6_': 1.0, '_a7_': 1.0}};{'d0': 0.024905832919416625};-280.569866449044;39.92404976634495
49936;-100.360883458177;(((_a0_ * (((_a5_ + x) * x) * pow2((_a0_ * _a4_)))) + _a0_) * x);{'d0': {'_a0_': 1.775135405574395, '_a4_': -0.7769676277915946, '_a5_': 0.6238594157742782, '_a1_': 1.0, '_a2_': 1.0, '_a3_': 1.0, '_a6_': 1.0, '_a7_': 1.0}};{'d0': 0.024905832919416625};-280.569866449044;39.92404976634495
49937;-100.360883458177;(((_a0_ * (((_a5_ + x) * x) * pow2((_a0_ * _a4_)))) + _a0_) * x);{'d0': {'_a0_': 1.775135405574395, '_a4_': -0.7769676277915946, '_a5_': 0.6238594157742782, '_a1_': 1.0, '_a2_': 1.0, '_a3_': 1.0, '_a6_': 1.0, '_a7_': 1.0}};{'d0': 0.024905832919416625};-280.569866449044;39.92404976634495
49938;-100.360883458177;(((_a0_ * (((_a5_ + x) * x) * pow2((_a0_ * _a4_)))) + _a0_) * x);{'d0': {'_a0_': 1.775135405574395, '_a4_': -0.7769676277915946, '_a5_': 0.6238594157742782, '_a1_': 1.0, '_a2_': 1.0, '_a3_': 1.0, '_a6_': 1.0, '_a7_': 1.0}};{'d0': 0.024905832919416625};-280.569866449044;39.92404976634495
49939;-100.360883458177;(((_a0_ * (((_a5_ + x) * x) * pow2((_a0_ * _a4_)))) + _a0_) * x);{'d0': {'_a0_': 1.775135405574395, '_a4_': -0.7769676277915946, '_a5_': 0.6238594157742782, '_a1_': 1.0, '_a2_': 1.0, '_a3_': 1.0, '_a6_': 1.0, '_a7_': 1.0}};{'d0': 0.024905832919416625};-280.569866449044;39.92404976634495
49940;-100.360883458177;(((_a0_ * (((_a5_ + x) * x) * pow2((_a0_ * _a4_)))) + _a0_) * x);{'d0': {'_a0_': 1.775135405574395, '_a4_': -0.7769676277915946, '_a5_': 0.6238594157742782, '_a1_': 1.0, '_a2_': 1.0, '_a3_': 1.0, '_a6_': 1.0, '_a7_': 1.0}};{'d0': 0.024905832919416625};-280.569866449044;39.92404976634495
49941;-100.360883458177;(((_a0_ * (((_a5_ + x) * x) * pow2((_a0_ * _a4_)))) + _a0_) * x);{'d0': {'_a0_': 1.775135405574395, '_a4_': -0.7769676277915946, '_a5_': 0.6238594157742782, '_a1_': 1.0, '_a2_': 1.0, '_a3_': 1.0, '_a6_': 1.0, '_a7_': 1.0}};{'d0': 0.024905832919416625};-280.569866449044;39.92404976634495
49942;-100.360883458177;(((_a0_ * (((_a5_ + x) * x) * pow2((_a0_ * _a4_)))) + _a0_) * x);{'d0': {'_a0_': 1.775135405574395, '_a4_': -0.7769676277915946, '_a5_': 0.6238594157742782, '_a1_': 1.0, '_a2_': 1.0, '_a3_': 1.0, '_a6_': 1.0, '_a7_': 1.0}};{'d0': 0.024905832919416625};-280.569866449044;39.92404976634495
49943;-100.360883458177;(((_a0_ * (((_a5_ + x) * x) * pow2((_a0_ * _a4_)))) + _a0_) * x);{'d0': {'_a0_': 1.775135405574395, '_a4_': -0.7769676277915946, '_a5_': 0.6238594157742782, '_a1_': 1.0, '_a2_': 1.0, '_a3_': 1.0, '_a6_': 1.0, '_a7_': 1.0}};{'d0': 0.024905832919416625};-280.569866449044;39.92404976634495
49944;-100.360883458177;(((_a0_ * (((_a5_ + x) * x) * pow2((_a0_ * _a4_)))) + _a0_) * x);{'d0': {'_a0_': 1.775135405574395, '_a4_': -0.7769676277915946, '_a5_': 0.6238594157742782, '_a1_': 1.0, '_a2_': 1.0, '_a3_': 1.0, '_a6_': 1.0, '_a7_': 1.0}};{'d0': 0.024905832919416625};-280.569866449044;39.92404976634495
49945;-100.360883458177;(((_a0_ * (((_a5_ + x) * x) * pow2((_a0_ * _a4_)))) + _a0_) * x);{'d0': {'_a0_': 1.775135405574395, '_a4_': -0.7769676277915946, '_a5_': 0.6238594157742782, '_a1_': 1.0, '_a2_': 1.0, '_a3_': 1.0, '_a6_': 1.0, '_a7_': 1.0}};{'d0': 0.024905832919416625};-280.569866449044;39.92404976634495
49946;-105.710676995536;(((pow2((x + _a7_)) / _a5_) + _a3_) * (x * pow2(_a3_)));{'d0': {'_a3_': 1.1309596071123706, '_a5_': 0.37878596648800894, '_a7_': 0.31192970787682234, '_a0_': 1.0, '_a1_': 1.0, '_a2_': 1.0, '_a4_': 1.0, '_a6_': 1.0}};{'d0': 0.024905832919416657};-280.569866449044;34.57425622898644
49947;-105.710676995536;(((pow2((x + _a7_)) / _a5_) + _a3_) * (x * pow2(_a3_)));{'d0': {'_a3_': 1.1309596071123706, '_a5_': 0.37878596648800894, '_a7_': 0.31192970787682234, '_a0_': 1.0, '_a1_': 1.0, '_a2_': 1.0, '_a4_': 1.0, '_a6_': 1.0}};{'d0': 0.024905832919416657};-280.569866449044;34.57425622898644
49948;-105.710676995536;(((pow2((x + _a7_)) / _a5_) + _a3_) * (x * pow2(_a3_)));{'d0': {'_a3_': 1.1309596071123706, '_a5_': 0.37878596648800894, '_a7_': 0.31192970787682234, '_a0_': 1.0, '_a1_': 1.0, '_a2_': 1.0, '_a4_': 1.0, '_a6_': 1.0}};{'d0': 0.024905832919416657};-280.569866449044;34.57425622898644
49949;-105.710676995536;(((pow2((x + _a7_)) / _a5_) + _a3_) * (x * pow2(_a3_)));{'d0': {'_a3_': 1.1309596071123706, '_a5_': 0.37878596648800894, '_a7_': 0.31192970787682234, '_a0_': 1.0, '_a1_': 1.0, '_a2_': 1.0, '_a4_': 1.0, '_a6_': 1.0}};{'d0': 0.024905832919416657};-280.569866449044;34.57425622898644
49950;-105.710676995536;(((pow2((x + _a7_)) / _a5_) + _a3_) * (x * pow2(_a3_)));{'d0': {'_a3_': 1.1309596071123706, '_a5_': 0.37878596648800894, '_a7_': 0.31192970787682234, '_a0_': 1.0, '_a1_': 1.0, '_a2_': 1.0, '_a4_': 1.0, '_a6_': 1.0}};{'d0': 0.024905832919416657};-280.569866449044;34.57425622898644
49951;-105.710676995536;(((pow2((x + _a7_)) / _a5_) + _a3_) * (x * pow2(_a3_)));{'d0': {'_a3_': 1.1309596071123706, '_a5_': 0.37878596648800894, '_a7_': 0.31192970787682234, '_a0_': 1.0, '_a1_': 1.0, '_a2_': 1.0, '_a4_': 1.0, '_a6_': 1.0}};{'d0': 0.024905832919416657};-280.569866449044;34.57425622898644
49952;-105.710676995536;(((pow2((x + _a7_)) / _a5_) + _a3_) * (x * pow2(_a3_)));{'d0': {'_a3_': 1.1309596071123706, '_a5_': 0.37878596648800894, '_a7_': 0.31192970787682234, '_a0_': 1.0, '_a1_': 1.0, '_a2_': 1.0, '_a4_': 1.0, '_a6_': 1.0}};{'d0': 0.024905832919416657};-280.569866449044;34.57425622898644
49953;-104.058817930787;(((_a3_ * x) * _a5_) * ((x * ((_a2_ + x) * _a5_)) + _a2_));{'d0': {'_a2_': 0.6238594156230771, '_a3_': 2.3976688223259255, '_a5_': 1.1867399315636153, '_a0_': 1.0, '_a1_': 1.0, '_a4_': 1.0, '_a6_': 1.0, '_a7_': 1.0}};{'d0': 0.02490583291941662};-280.569866449044;36.2261152937351
49954;-104.058817930787;(((_a3_ * x) * _a5_) * ((x * ((_a2_ + x) * _a5_)) + _a2_));{'d0': {'_a2_': 0.6238594156230771, '_a3_': 2.3976688223259255, '_a5_': 1.1867399315636153, '_a0_': 1.0, '_a1_': 1.0, '_a4_': 1.0, '_a6_': 1.0, '_a7_': 1.0}};{'d0': 0.02490583291941662};-280.569866449044;36.2261152937351
49955;-104.058817930787;(((_a3_ * x) * _a5_) * ((x * ((_a2_ + x) * _a5_)) + _a2_));{'d0': {'_a2_': 0.6238594156230771, '_a3_': 2.3976688223259255, '_a5_': 1.1867399315636153, '_a0_': 1.0, '_a1_': 1.0, '_a4_': 1.0, '_a6_': 1.0, '_a7_': 1.0}};{'d0': 0.02490583291941662};-280.569866449044;36.2261152937351
49956;-104.058817930787;(((_a3_ * x) * _a5_) * ((x * ((_a2_ + x) * _a5_)) + _a2_));{'d0': {'_a2_': 0.6238594156230771, '_a3_': 2.3976688223259255, '_a5_': 1.1867399315636153, '_a0_': 1.0, '_a1_': 1.0, '_a4_': 1.0, '_a6_': 1.0, '_a7_': 1.0}};{'d0': 0.02490583291941662};-280.569866449044;36.2261152937351
49957;-104.058817930787;(((_a3_ * x) * _a5_) * ((x * ((_a2_ + x) * _a5_)) + _a2_));{'d0': {'_a2_': 0.6238594156230771, '_a3_': 2.3976688223259255, '_a5_': 1.1867399315636153, '_a0_': 1.0, '_a1_': 1.0, '_a4_': 1.0, '_a6_': 1.0, '_a7_': 1.0}};{'d0': 0.02490583291941662};-280.569866449044;36.2261152937351
49958;-104.058817930787;(((_a3_ * x) * _a5_) * ((x * ((_a2_ + x) * _a5_)) + _a2_));{'d0': {'_a2_': 0.6238594156230771, '_a3_': 2.3976688223259255, '_a5_': 1.1867399315636153, '_a0_': 1.0, '_a1_': 1.0, '_a4_': 1.0, '_a6_': 1.0, '_a7_': 1.0}};{'d0': 0.02490583291941662};-280.569866449044;36.2261152937351
49959;-105.710676995536;(((pow2((x + _a7_)) / _a5_) + _a3_) * (x * pow2(_a5_)));{'d0': {'_a3_': 0.12686466233037094, '_a5_': 3.376760876097945, '_a7_': 0.3119297078406066, '_a0_': 1.0, '_a1_': 1.0, '_a2_': 1.0, '_a4_': 1.0, '_a6_': 1.0}};{'d0': 0.02490583291941661};-280.569866449044;34.57425622898644
49960;-104.058817930787;(((_a3_ * x) * _a5_) * ((x * ((_a2_ + x) * _a5_)) + _a2_));{'d0': {'_a2_': 0.6238594156230771, '_a3_': 2.3976688223259255, '_a5_': 1.1867399315636153, '_a0_': 1.0, '_a1_': 1.0, '_a4_': 1.0, '_a6_': 1.0, '_a7_': 1.0}};{'d0': 0.02490583291941662};-280.569866449044;36.2261152937351
49961;-104.058817930787;(((_a3_ * x) * _a5_) * ((x * ((_a2_ + x) * _a5_)) + _a2_));{'d0': {'_a2_': 0.6238594156230771, '_a3_': 2.3976688223259255, '_a5_': 1.1867399315636153, '_a0_': 1.0, '_a1_': 1.0, '_a4_': 1.0, '_a6_': 1.0, '_a7_': 1.0}};{'d0': 0.02490583291941662};-280.569866449044;36.2261152937351
49962;-104.058817930787;(((_a3_ * x) * _a5_) * ((x * ((_a2_ + x) * _a5_)) + _a2_));{'d0': {'_a2_': 0.6238594156230771, '_a3_': 2.3976688223259255, '_a5_': 1.1867399315636153, '_a0_': 1.0, '_a1_': 1.0, '_a4_': 1.0, '_a6_': 1.0, '_a7_': 1.0}};{'d0': 0.02490583291941662};-280.569866449044;36.2261152937351
49963;-105.710676995536;(((pow2((x + _a7_)) / _a5_) + _a3_) * (x * pow2(_a5_)));{'d0': {'_a3_': 0.12686466233037094, '_a5_': 3.376760876097945, '_a7_': 0.3119297078406066, '_a0_': 1.0, '_a1_': 1.0, '_a2_': 1.0, '_a4_': 1.0, '_a6_': 1.0}};{'d0': 0.02490583291941661};-280.569866449044;34.57425622898644
49964;-105.710676995536;(((pow2((x + _a7_)) / _a5_) + _a3_) * (x * pow2(_a5_)));{'d0': {'_a3_': 0.12686466233037094, '_a5_': 3.376760876097945, '_a7_': 0.3119297078406066, '_a0_': 1.0, '_a1_': 1.0, '_a2_': 1.0, '_a4_': 1.0, '_a6_': 1.0}};{'d0': 0.02490583291941661};-280.569866449044;34.57425622898644
49965;-105.710676995536;(((pow2((x + _a7_)) / _a5_) + _a3_) * (x * pow2(_a5_)));{'d0': {'_a3_': 0.12686466233037094, '_a5_': 3.376760876097945, '_a7_': 0.3119297078406066, '_a0_': 1.0, '_a1_': 1.0, '_a2_': 1.0, '_a4_': 1.0, '_a6_': 1.0}};{'d0': 0.02490583291941661};-280.569866449044;34.57425622898644
49966;-105.710676995536;(((pow2((x + _a7_)) / _a5_) + _a3_) * (x * pow2(_a5_)));{'d0': {'_a3_': 0.12686466233037094, '_a5_': 3.376760876097945, '_a7_': 0.3119297078406066, '_a0_': 1.0, '_a1_': 1.0, '_a2_': 1.0, '_a4_': 1.0, '_a6_': 1.0}};{'d0': 0.02490583291941661};-280.569866449044;34.57425622898644
49967;-105.710676995536;(((pow2((x + _a7_)) / _a5_) + _a3_) * (x * pow2(_a5_)));{'d0': {'_a3_': 0.12686466233037094, '_a5_': 3.376760876097945, '_a7_': 0.3119297078406066, '_a0_': 1.0, '_a1_': 1.0, '_a2_': 1.0, '_a4_': 1.0, '_a6_': 1.0}};{'d0': 0.02490583291941661};-280.569866449044;34.57425622898644
49968;-105.710676995536;(((pow2((x + _a7_)) / _a5_) + _a3_) * (x * pow2(_a5_)));{'d0': {'_a3_': 0.12686466233037094, '_a5_': 3.376760876097945, '_a7_': 0.3119297078406066, '_a0_': 1.0, '_a1_': 1.0, '_a2_': 1.0, '_a4_': 1.0, '_a6_': 1.0}};{'d0': 0.02490583291941661};-280.569866449044;34.57425622898644
49969;-105.710676995536;(((pow2((x + _a7_)) / _a5_) + _a3_) * (x * pow2(_a5_)));{'d0': {'_a3_': 0.12686466233037094, '_a5_': 3.376760876097945, '_a7_': 0.3119297078406066, '_a0_': 1.0, '_a1_': 1.0, '_a2_': 1.0, '_a4_': 1.0, '_a6_': 1.0}};{'d0': 0.02490583291941661};-280.569866449044;34.57425622898644
49970;-105.710676995536;(((pow2((x + _a7_)) / _a5_) + _a3_) * (x * pow2(_a5_)));{'d0': {'_a3_': 0.12686466233037094, '_a5_': 3.376760876097945, '_a7_': 0.3119297078406066, '_a0_': 1.0, '_a1_': 1.0, '_a2_': 1.0, '_a4_': 1.0, '_a6_': 1.0}};{'d0': 0.02490583291941661};-280.569866449044;34.57425622898644
49971;-105.710676995536;(((pow2((x + _a7_)) / _a5_) + _a3_) * (x * pow2(_a5_)));{'d0': {'_a3_': 0.12686466233037094, '_a5_': 3.376760876097945, '_a7_': 0.3119297078406066, '_a0_': 1.0, '_a1_': 1.0, '_a2_': 1.0, '_a4_': 1.0, '_a6_': 1.0}};{'d0': 0.02490583291941661};-280.569866449044;34.57425622898644
49972;-105.710676995536;(((pow2((x + _a7_)) / _a5_) + _a3_) * (x * pow2(_a5_)));{'d0': {'_a3_': 0.12686466233037094, '_a5_': 3.376760876097945, '_a7_': 0.3119297078406066, '_a0_': 1.0, '_a1_': 1.0, '_a2_': 1.0, '_a4_': 1.0, '_a6_': 1.0}};{'d0': 0.02490583291941661};-280.569866449044;34.57425622898644
49973;-105.710676995536;(((pow2((x + _a7_)) / _a5_) + _a3_) * (x * pow2(_a5_)));{'d0': {'_a3_': 0.12686466233037094, '_a5_': 3.376760876097945, '_a7_': 0.3119297078406066, '_a0_': 1.0, '_a1_': 1.0, '_a2_': 1.0, '_a4_': 1.0, '_a6_': 1.0}};{'d0': 0.02490583291941661};-280.569866449044;34.57425622898644
49974;-99.1177949331259;(((pow2((x + pow3(_a2_))) / _a5_) + _a3_) * (x * pow2(_a5_)));{'d0': {'_a2_': 0.67819134981054, '_a3_': 0.1268646622144943, '_a5_': 3.3767608771508075, '_a0_': 1.0, '_a1_': 1.0, '_a4_': 1.0, '_a6_': 1.0, '_a7_': 1.0}};{'d0': 0.024905832919416566};-280.569866449044;41.16713829139644
49975;-99.1177949331259;(((pow2((x + pow3(_a2_))) / _a5_) + _a3_) * (x * pow2(_a5_)));{'d0': {'_a2_': 0.67819134981054, '_a3_': 0.1268646622144943, '_a5_': 3.3767608771508075, '_a0_': 1.0, '_a1_': 1.0, '_a4_': 1.0, '_a6_': 1.0, '_a7_': 1.0}};{'d0': 0.024905832919416566};-280.569866449044;41.16713829139644
49976;-103.280223376164;(((_a3_ * x) * _a5_) * ((x * ((_a2_ + x) / _a5_)) + _a2_));{'d0': {'_a2_': 0.6238594155964232, '_a3_': 3.376760878575231, '_a5_': 0.842644604237432, '_a0_': 1.0, '_a1_': 1.0, '_a4_': 1.0, '_a6_': 1.0, '_a7_': 1.0}};{'d0': 0.024905832919416587};-280.569866449044;37.004709848358495
49977;-103.280223376164;(((_a3_ * x) * _a5_) * ((x * ((_a2_ + x) / _a5_)) + _a2_));{'d0': {'_a2_': 0.6238594155964232, '_a3_': 3.376760878575231, '_a5_': 0.842644604237432, '_a0_': 1.0, '_a1_': 1.0, '_a4_': 1.0, '_a6_': 1.0, '_a7_': 1.0}};{'d0': 0.024905832919416587};-280.569866449044;37.004709848358495
49978;-103.280223376164;(((_a3_ * x) * _a5_) * ((x * ((_a2_ + x) / _a5_)) + _a2_));{'d0': {'_a2_': 0.6238594155964232, '_a3_': 3.376760878575231, '_a5_': 0.842644604237432, '_a0_': 1.0, '_a1_': 1.0, '_a4_': 1.0, '_a6_': 1.0, '_a7_': 1.0}};{'d0': 0.024905832919416587};-280.569866449044;37.004709848358495
49979;-103.280223376164;(((_a3_ * x) * _a5_) * ((x * ((_a2_ + x) / _a5_)) + _a2_));{'d0': {'_a2_': 0.6238594155964232, '_a3_': 3.376760878575231, '_a5_': 0.842644604237432, '_a0_': 1.0, '_a1_': 1.0, '_a4_': 1.0, '_a6_': 1.0, '_a7_': 1.0}};{'d0': 0.024905832919416587};-280.569866449044;37.004709848358495
49980;-103.280223376164;(((_a3_ * x) * _a5_) * ((x * ((_a2_ + x) / _a5_)) + _a2_));{'d0': {'_a2_': 0.6238594155964232, '_a3_': 3.376760878575231, '_a5_': 0.842644604237432, '_a0_': 1.0, '_a1_': 1.0, '_a4_': 1.0, '_a6_': 1.0, '_a7_': 1.0}};{'d0': 0.024905832919416587};-280.569866449044;37.004709848358495
49981;-103.280223376164;(((_a3_ * x) * _a5_) * ((x * ((_a2_ + x) / _a5_)) + _a2_));{'d0': {'_a2_': 0.6238594155964232, '_a3_': 3.376760878575231, '_a5_': 0.842644604237432, '_a0_': 1.0, '_a1_': 1.0, '_a4_': 1.0, '_a6_': 1.0, '_a7_': 1.0}};{'d0': 0.024905832919416587};-280.569866449044;37.004709848358495
49982;-100.351344965426;(((pow2((x + log(_a2_))) / _a5_) + _a3_) * (x * pow2(_a5_)));{'d0': {'_a2_': 1.3660586664214065, '_a3_': 0.12686466192432153, '_a5_': 3.3767608800683275, '_a0_': 1.0, '_a1_': 1.0, '_a4_': 1.0, '_a6_': 1.0, '_a7_': 1.0}};{'d0': 0.02490583291941658};-280.569866449044;39.93358825909644
49983;-100.351344965426;(((pow2((x + log(_a2_))) / _a5_) + _a3_) * (x * pow2(_a5_)));{'d0': {'_a2_': 1.3660586664214065, '_a3_': 0.12686466192432153, '_a5_': 3.3767608800683275, '_a0_': 1.0, '_a1_': 1.0, '_a4_': 1.0, '_a6_': 1.0, '_a7_': 1.0}};{'d0': 0.02490583291941658};-280.569866449044;39.93358825909644
49984;-100.351344965426;(((pow2((x + log(_a2_))) / _a5_) + _a3_) * (x * pow2(_a5_)));{'d0': {'_a2_': 1.3660586664214065, '_a3_': 0.12686466192432153, '_a5_': 3.3767608800683275, '_a0_': 1.0, '_a1_': 1.0, '_a4_': 1.0, '_a6_': 1.0, '_a7_': 1.0}};{'d0': 0.02490583291941658};-280.569866449044;39.93358825909644
49985;-100.351344965426;(((pow2((x + log(_a2_))) / _a5_) + _a3_) * (x * pow2(_a5_)));{'d0': {'_a2_': 1.3660586664214065, '_a3_': 0.12686466192432153, '_a5_': 3.3767608800683275, '_a0_': 1.0, '_a1_': 1.0, '_a4_': 1.0, '_a6_': 1.0, '_a7_': 1.0}};{'d0': 0.02490583291941658};-280.569866449044;39.93358825909644
49986;-100.351344965426;(((pow2((x + log(_a2_))) / _a5_) + _a3_) * (x * pow2(_a5_)));{'d0': {'_a2_': 1.3660586664214065, '_a3_': 0.12686466192432153, '_a5_': 3.3767608800683275, '_a0_': 1.0, '_a1_': 1.0, '_a4_': 1.0, '_a6_': 1.0, '_a7_': 1.0}};{'d0': 0.02490583291941658};-280.569866449044;39.93358825909644
49987;-100.351344965426;(((pow2((x + log(_a2_))) / _a5_) + _a3_) * (x * pow2(_a5_)));{'d0': {'_a2_': 1.3660586664214065, '_a3_': 0.12686466192432153, '_a5_': 3.3767608800683275, '_a0_': 1.0, '_a1_': 1.0, '_a4_': 1.0, '_a6_': 1.0, '_a7_': 1.0}};{'d0': 0.02490583291941658};-280.569866449044;39.93358825909644
49988;-100.351344965426;(((pow2((x + log(_a2_))) / _a5_) + _a3_) * (x * pow2(_a5_)));{'d0': {'_a2_': 1.3660586664214065, '_a3_': 0.12686466192432153, '_a5_': 3.3767608800683275, '_a0_': 1.0, '_a1_': 1.0, '_a4_': 1.0, '_a6_': 1.0, '_a7_': 1.0}};{'d0': 0.02490583291941658};-280.569866449044;39.93358825909644
49989;-100.351344965426;(((pow2((x + log(_a2_))) / _a5_) + _a3_) * (x * pow2(_a5_)));{'d0': {'_a2_': 1.3660586664214065, '_a3_': 0.12686466192432153, '_a5_': 3.3767608800683275, '_a0_': 1.0, '_a1_': 1.0, '_a4_': 1.0, '_a6_': 1.0, '_a7_': 1.0}};{'d0': 0.02490583291941658};-280.569866449044;39.93358825909644
49990;-100.351344965426;(((pow2((x + log(_a2_))) / _a5_) + _a3_) * (x * pow2(_a5_)));{'d0': {'_a2_': 1.3660586664214065, '_a3_': 0.12686466192432153, '_a5_': 3.3767608800683275, '_a0_': 1.0, '_a1_': 1.0, '_a4_': 1.0, '_a6_': 1.0, '_a7_': 1.0}};{'d0': 0.02490583291941658};-280.569866449044;39.93358825909644
49991;-100.351344965426;(((pow2((x + log(_a2_))) / _a5_) + _a3_) * (x * pow2(_a5_)));{'d0': {'_a2_': 1.3660586664214065, '_a3_': 0.12686466192432153, '_a5_': 3.3767608800683275, '_a0_': 1.0, '_a1_': 1.0, '_a4_': 1.0, '_a6_': 1.0, '_a7_': 1.0}};{'d0': 0.02490583291941658};-280.569866449044;39.93358825909644
49992;-100.351344965426;(((pow2((x + log(_a2_))) / _a5_) + _a3_) * (x * pow2(_a5_)));{'d0': {'_a2_': 1.3660586664214065, '_a3_': 0.12686466192432153, '_a5_': 3.3767608800683275, '_a0_': 1.0, '_a1_': 1.0, '_a4_': 1.0, '_a6_': 1.0, '_a7_': 1.0}};{'d0': 0.02490583291941658};-280.569866449044;39.93358825909644
49993;-100.351344965426;(((pow2((x + log(_a2_))) / _a5_) + _a3_) * (x * pow2(_a5_)));{'d0': {'_a2_': 1.3660586664214065, '_a3_': 0.12686466192432153, '_a5_': 3.3767608800683275, '_a0_': 1.0, '_a1_': 1.0, '_a4_': 1.0, '_a6_': 1.0, '_a7_': 1.0}};{'d0': 0.02490583291941658};-280.569866449044;39.93358825909644
49994;-100.351344965426;(((pow2((x + log(_a2_))) / _a5_) + _a3_) * (x * pow2(_a5_)));{'d0': {'_a2_': 1.3660586664214065, '_a3_': 0.12686466192432153, '_a5_': 3.3767608800683275, '_a0_': 1.0, '_a1_': 1.0, '_a4_': 1.0, '_a6_': 1.0, '_a7_': 1.0}};{'d0': 0.02490583291941658};-280.569866449044;39.93358825909644
49995;-100.351344965426;(((pow2((x + log(_a2_))) / _a5_) + _a3_) * (x * pow2(_a5_)));{'d0': {'_a2_': 1.3660586664214065, '_a3_': 0.12686466192432153, '_a5_': 3.3767608800683275, '_a0_': 1.0, '_a1_': 1.0, '_a4_': 1.0, '_a6_': 1.0, '_a7_': 1.0}};{'d0': 0.02490583291941658};-280.569866449044;39.93358825909644
49996;-100.351344965426;(((pow2((x + log(_a2_))) / _a5_) + _a3_) * (x * pow2(_a5_)));{'d0': {'_a2_': 1.3660586664214065, '_a3_': 0.12686466192432153, '_a5_': 3.3767608800683275, '_a0_': 1.0, '_a1_': 1.0, '_a4_': 1.0, '_a6_': 1.0, '_a7_': 1.0}};{'d0': 0.02490583291941658};-280.569866449044;39.93358825909644
49997;-100.351344965426;(((pow2((x + log(_a2_))) / _a5_) + _a3_) * (x * pow2(_a5_)));{'d0': {'_a2_': 1.3660586664214065, '_a3_': 0.12686466192432153, '_a5_': 3.3767608800683275, '_a0_': 1.0, '_a1_': 1.0, '_a4_': 1.0, '_a6_': 1.0, '_a7_': 1.0}};{'d0': 0.02490583291941658};-280.569866449044;39.93358825909644
49998;-100.351344965426;(((pow2((x + log(_a2_))) / _a5_) + _a3_) * (x * pow2(_a5_)));{'d0': {'_a2_': 1.3660586664214065, '_a3_': 0.12686466192432153, '_a5_': 3.3767608800683275, '_a0_': 1.0, '_a1_': 1.0, '_a4_': 1.0, '_a6_': 1.0, '_a7_': 1.0}};{'d0': 0.02490583291941658};-280.569866449044;39.93358825909644
49999;-100.351344965426;(((pow2((x + log(_a2_))) / _a5_) + _a3_) * (x * pow2(_a5_)));{'d0': {'_a2_': 1.3660586664214065, '_a3_': 0.12686466192432153, '_a5_': 3.3767608800683275, '_a0_': 1.0, '_a1_': 1.0, '_a4_': 1.0, '_a6_': 1.0, '_a7_': 1.0}};{'d0': 0.02490583291941658};-280.569866449044;39.93358825909644
